0	0.2858047380655465	0.49994970392219806	0.36096094117071154	0.6327882921473016	0.18888743656204987	0.494627401270048	0.7357100956324054	0.5067482478166087	0.6489134908871531	0.6758922437477911	0.9446602885277507	0.9210319895299527	0.03913585940207209	0.4047728744385696	0.006943933093013999	0.5465324148625503	0.3478636669032874	0.5999141211837545	0.6333804038121308	0.07999357504692495	0.5361888929078785	0.15216700742045963	0.01698117494483309	0.4606887606984976	0.543939415817539	0.966860056686013	0.27617855690705495	0.878200148314179	0.3195298357123675	0.24480983490521036	0.8842998553106242	0.11886448910622682	0.5093901180174006	0.5995511395974656	0.12170808759628227	0.9830767932473248	0.5505978369628906	0.34305346644364254	0.16958223092425506	0.5739347182936415	0.4765689120496558	0.4901967726075609	0.6409065830701598	0.9691318479132227	0.7399581304026723	0.3194225323095806	0.6439104469211256	0.8417143635199907	0.5686065870353703	0.1587400697163921	0.08340311245351817	0.3031526635137509	0.757241243136139	0.7654055807579315	0.1735222850681497	0.8923520624007312	0.25034592866016425	0.903291101104598	0.6932297084825552	0.5008424413226714	0.8724624794131874	0.8694448855963798	0.6798413390827269	0.332566120080114	0.8138020837730124	0.3781916844262615	0.4876274027335201	0.6186670354086685	0.9109266327556429	0.2139768419430429	0.4983865183658873	0.20493700378798818	0.5479612699608629	0.28345079549365415	0.34342151178904845	0.07513128501922695	0.8964239493968126	0.46354006876303533	0.6348582794869855	0.7622013416164918	0.07708167942038202	0.2570216848836032	0.8760888994560537	0.025713883363083445	0.18309419877197564	0.02425584175401707	0.3670716213759143	0.7617990320914485	0.7459785642964506	0.4069868850257752	0.3792709337460398	0.9208501725321772	0.7827919460516766	0.9763658531647976	0.09146855459595093	0.6755151909821023	0.5423874792374678	0.7398416361456492	0.14571121577163992	0.242546106715677	0.9048104776852556	0.3383088600423825	0.769610665428604	0.5753719977162441	0.6509569763191515	0.7871887954541161	0.07425908053873043	0.33817972511310856	0.8065718546413595	0.024477582561834854	0.6836286742455788	0.9456057410018347
0.2858047380655465	0	0.07324120132155454	0.34014834175330677	0.18907665430793008	0.777939826872524	0.3689777951171622	0.8051893403900092	0.4619783436099921	0.83794172173046	0.7697559045171282	0.6865454197977625	0.8898066889650309	0.6521526930900663	0.1689340914065417	0.7163896455044708	0.33930455660761993	0.9636888082723675	0.41494143012242346	0.1847016920195763	0.029986602351545044	0.6320660615189144	0.4575287551297543	0.4752104403462223	0.8714404611242551	0.842803202697012	0.6216147643819105	0.6856585075368349	0.6173121079025717	0.1975080556297505	0.6976958308325265	0.7647341628675955	0.4981818328071711	0.5497731051837967	0.8909560882915217	0.3135091658744992	0.02355831501500405	0.36939877416216604	0.586938545243965	0.3750816417751086	0.9852381820211693	0.522053026215524	0.9642868032163453	0.607554029319321	0.743382753828203	0.12449624271720738	0.704804521283576	0.14153603424290384	0.9106041781848022	0.764592315378415	0.9371299325038148	0.5795366156410727	0.6651178763375842	0.8368237889281893	0.5852112272745891	0.595012757808249	0.2550754261931788	0.3253613004231559	0.5809054088485609	0.36071592749104575	0.9345606598553113	0.9585342246866732	0.7287367211215717	0.16488959516789048	0.06612722187426878	0.39313809085870377	0.42074403027728013	0.7480975065095153	0.2715346543267122	0.12691832485267507	0.2899824660067899	0.8133027272835537	0.26977915127461183	0.2963665396768089	0.7541984511876655	0.2325601842722791	0.3573850829335208	0.10895997857947082	0.3413483955712313	0.1912147841172782	0.46432144273750253	0.4757588331773861	0.30169800797313917	0.34206598040594205	0.8284424924630701	0.6721988617908011	0.41785721482098603	0.004504884314417978	0.987103253186463	0.6781868094391592	0.9650993718150505	0.6846502253586579	0.6854642783024927	0.7531394028971561	0.5221669326241591	0.9455811382408669	0.3331470674311239	0.31770364547466434	0.5665394853185499	0.09378460778972775	0.7154490656757894	0.8079630083037536	0.9095602045535774	0.0052855638706070796	0.013101993942334467	0.8335875650205056	0.5611642727907629	0.8298655942857983	0.21515741388610432	0.6714146944787319	0.18969464642041178	0.8521479040334029	0.09524090155231557
0.49994970392219806	0.07324120132155454	0	0.35982450867342486	0.9354160445911214	0.8480717049086304	0.7621083756063344	0.36893507279285565	0.8524123021666266	0.26857780461602476	0.03703673800498852	0.5238027947742799	0.3607682432100433	0.08028882613113453	0.691535956470222	0.5884698795667728	0.9985799731763088	0.15855588293312195	0.4482188544645983	0.590947791653044	0.3340205327838419	0.06555805420901084	0.6622139768823829	0.5279121741495183	0.1313255437958737	0.1702107529082536	0.3623404577148255	0.5126249713682983	0.7720699676700783	0.5514135776421071	0.6983107380677513	0.7188142119573107	0.042136434239141596	0.1338810843120335	0.9113028435385166	0.20458681175940485	0.17929252290106712	0.07794232439934567	0.8579186712990958	0.7454226840346053	0.13621634453265918	0.0524291378100481	0.34006977165040986	0.7074833534792185	0.9418870296433782	0.6854839674490175	0.16089548607909088	0.15645095659691466	0.16957667361405082	0.2206335086328649	0.33747816572179556	0.8655332237036152	0.40352497478055027	0.9297325210476013	0.8602920052194353	0.1801009239398369	0.6459483935028257	0.8238476237269134	0.22059151734035698	0.43623501608796234	0.49498055608453917	0.21401102909317016	0.9086051934331267	0.7538715152698906	0.5304782539028603	0.8548659077432536	0.9186972530973821	0.01997543369615984	0.07730488301172234	0.8307673496001966	0.5203343837482636	0.3279350674773659	0.4583214892367681	0.7854306845041591	0.9069832821401752	0.5436427437584165	0.6189544607226339	0.3038238689993876	0.35253706067898294	0.27003997759093734	0.936074046070119	0.7078711154209884	0.3565962136649624	0.9032805775294649	0.04297283332502755	0.1962446816422866	0.39783339915535354	0.22984996463593865	0.36983746801397954	0.14020699529217295	0.6058830838449664	0.9030665495202275	0.7726254013407454	0.8210196330176154	0.18502696313636469	0.8775897445988009	0.3677892847588844	0.7145519696729693	0.18426351127876628	0.8884657269443236	0.3376449108236731	0.9085660121341411	0.37455146122237404	0.5866980142355257	0.5990504700584537	0.4235614809849425	0.38821882314490463	0.8968620581552486	0.008648236487684535	0.2009956062720326	0.5311586832906029	0.26514906615827993	0.670801995610381
0.36096094117071154	0.34014834175330677	0.35982450867342486	0	0.7426001934230526	0.9747659276927494	0.7605250088405021	0.5112674751762138	0.9421902877559865	0.37599405152517207	0.8396059594737579	0.6081870648748369	0.517542188856923	0.8042885894949369	0.3087278746415505	0.4123458615010388	0.6175419154099302	0.7367677502168848	0.4445396238671496	0.12324849944978467	0.19109412989075747	0.17081241673061065	0.14671393559954338	0.7694330634647925	0.6423888899415237	0.5940251466959597	0.8571814287017482	0.7739519998584918	0.5944292922421419	0.6781942911527207	0.5428053818487575	0.27276738766981046	0.9285427403576318	0.6217004970447069	0.7214556376767278	0.8924786196404431	0.41169870505795225	0.39707781922915364	0.03376674349258402	0.7053394469104746	0.08113128616570231	0.9845227384137637	0.5006668915012363	0.4282676875625545	0.630447811889353	0.7856851138533893	0.3286071471405382	0.8749813870957827	0.28095551195101576	0.17454039772431806	0.4952060582143849	0.9480055371872914	0.5134060932350523	0.13649715181967104	0.07677353494812267	0.16901202165150386	0.8886462714242255	0.1343940490858958	0.4324560563603853	0.11065863586590763	0.9253897600644172	0.8569502045553432	0.8115816457256558	0.82599598197048	0.10788031901392181	0.6886956232331594	0.6286488431144718	0.6835796670442842	0.04835995543493199	0.19244773013540195	0.2531375970436638	0.9908473747017003	0.12712424934403022	0.44243766345372915	0.27635414434914485	0.6966009492465804	0.6273898956725585	0.7947110705274395	0.27877531297772207	0.14553444440250896	0.4694988712045005	0.2834860506652477	0.9276556590878666	0.9298752206792251	0.015380466714478902	0.8460938373157892	0.8225401052754695	0.2603382158556481	0.4585014525664849	0.13580734727252575	0.8861339342521493	0.47753546825038584	0.4893852941094722	0.4342935985374655	0.0075505017174598565	0.5261120138016409	0.07098332554741682	0.8283825778144407	0.6260267557208982	0.42206611120552195	0.18008384670862354	0.6619640557795778	0.938420555745182	0.3676467212636857	0.9582347241664911	0.3823748276469757	0.5502861750794453	0.23711922686231712	0.44917100847061076	0.5915335669163428	0.40202732087692117	0.6252146009366224	0.37377723857014244
0.6327882921473016	0.18907665430793008	0.9354160445911214	0.7426001934230526	0	0.6425989129793148	0.7360636539154017	0.29615966614717815	0.0637581120402968	0.33765991960932484	0.3839315305591917	0.14789248935704857	0.6215996370160374	0.9144013009353881	0.151691215776812	0.012417854435004871	0.20664804678440496	0.8915674213050199	0.6969017795498283	0.9457726034923208	0.8295602406747798	0.374650404089508	0.1534185191428149	0.48004934121227616	0.34894955835634156	0.5576090383842279	0.27626990385355976	0.886080045539308	0.11841524247767032	0.33110829591462165	0.10252820045360844	0.7026736490972111	0.9558936227234642	0.6679928459978018	0.9114024255043709	0.34526276460370164	0.032023080530358405	0.9981828658907781	0.703599997984157	0.6363856983970089	0.3705493385748835	0.2658697452595389	0.4490564764341156	0.3745689188836874	0.16548300519216752	0.27184294843503987	0.5812469464868582	0.698363401410622	0.11578308447359553	0.5591511509797408	0.44257094862480706	0.6661420320912329	0.9051287014639874	0.2046050399768483	0.5671511119099664	0.23301504117562843	0.8164492346452477	0.682358695533179	0.01739794180951204	0.698432127077523	0.2606108614217625	0.43352113378841484	0.2514064127923745	0.8340910680891154	0.5504159482287213	0.2822481232853027	0.20840163701878356	0.2128309851195168	0.5710470222909403	0.3715025188332217	0.1497388416815657	0.007087236880188308	0.7511248277048768	0.08451852320999043	0.9495548460919072	0.04255726003014837	0.9205746693608506	0.8790136260271452	0.36040685119985083	0.2552264666892232	0.692709980691351	0.3202125919559097	0.928498801905958	0.19378225766896562	0.32743875787540677	0.5560661097509887	0.7047837300236626	0.49834528396120026	0.8587925559145249	0.18476018259164173	0.6967280337016808	0.5801429813366389	0.7923886897775012	0.6958059499839885	0.6101048568637231	0.03757818667291435	0.050198064408394694	0.74807214220502	0.7689775790407953	0.21731138359021196	0.8992810769140108	0.5208655808044302	0.97121755592999	0.5007441297879924	0.4796165766910393	0.4571937496820807	0.7219063174116256	0.8241394574511044	0.34056756516107745	0.015187524197237567	0.20592650205262486	0.25944292442393346	0.42808091336527576
0.18888743656204987	0.777939826872524	0.8480717049086304	0.9747659276927494	0.6425989129793148	0	0.47315468620096157	0.3532015507678756	0.8973913618772293	0.7494334833254492	0.9978697940607826	0.5385001137153925	0.5901154840558862	0.2507455686975122	0.032483376482362214	0.3525676506389449	0.1633163762324028	0.12069410691791138	0.6676591098752174	0.7601047004168434	0.24385013086647067	0.44017678990801834	0.47353965118462427	0.5073425082807347	0.6391510633809927	0.08323624616112624	0.19308730227877358	0.7310350394148957	0.835442892841662	0.5788723604584614	0.1610731255099913	0.9881959534565823	0.6671611123940143	0.9556735586619827	0.27819405111756046	0.1736062684767482	0.36241560468808875	0.08291948678536742	0.12374102734997405	0.5100402014553567	0.8910482350941671	0.6295469188120256	0.9434854550187312	0.7879524564326031	0.26530978619999535	0.8545034162152485	0.7638437715709874	0.7472915793423155	0.041744260843758485	0.31986062385546776	0.05041191628458097	0.25735671842619434	0.6220857266654601	0.10954038299287172	0.7702118894622518	0.05813205617365658	0.5234273380128707	0.6648571405452213	0.550879474281937	0.05749776360352288	0.31120665294846883	0.45498587416721203	0.41207697242798136	0.8415410063052382	0.81458573335111	0.15002023715031565	0.2597551589412255	0.7008351445974117	0.39300722607586325	0.43348845406071523	0.12094821007217793	0.017845172866874703	0.7264882734117771	0.4372007449998605	0.421283359150172	0.8173747078468024	0.4249902005972056	0.2846959553369184	0.3183126665115792	0.7173563932407112	0.0021949083246765033	0.37433444232387847	0.6620236106075609	0.011180621117839018	0.2464657747514315	0.15448938374505772	0.34224345046946514	0.6346078211101072	0.6250404042345873	0.9288037578379975	0.9344797963692477	0.7824984074158858	0.7358121997953708	0.7049839988014485	0.2675845360649036	0.11634539238686314	0.06835966319723863	0.11770396914703052	0.7901982460464487	0.8084802342352975	0.6419319255779199	0.17252675570284448	0.10980099085141237	0.04437911751168078	0.9994527099751164	0.8645674084744802	0.6169415343132415	0.6029407175698093	0.8377051701540035	0.12553480583893073	0.4665083684535438	0.01442984923653845	0.20884395683790036
0.494627401270048	0.3689777951171622	0.7621083756063344	0.7605250088405021	0.7360636539154017	0.47315468620096157	0	0.13552354320877247	0.9062187961798175	0.3542142192188844	0.37949103279352625	0.9043889512997483	0.813007473261422	0.15304216896639267	0.08447753537754488	0.016266575934199667	0.5002409197887627	0.9597950597519954	0.06380030931224678	0.3553160301964453	0.841482066694537	0.34325282924666844	0.4332282646547816	0.07847037939144541	0.6229617642479062	0.6560333016914631	0.12885591001224206	0.42109101340438215	0.17054533474607192	0.6691566357786505	0.8227687044233862	0.6380118145742671	0.14040613035198768	0.564757918175228	0.5356246181607621	0.6332022466917269	0.21026329304792024	0.6149567316460434	0.3921073620534645	0.18242862299441043	0.5279718212820681	0.7324482996978476	0.8532003949328645	0.5130108387259381	0.4569887083017111	0.4251411741790988	0.03056621520778402	0.4707619947419117	0.93732391684499	0.1744520420948037	0.23185879106854157	0.3741846649811402	0.14820618290000764	0.2845051829919478	0.5300413024622886	0.7995476815748431	0.9435413968855022	0.7071918206457952	0.7633621107286874	0.9842614971527148	0.6559153959292358	0.6896965630998315	0.010692099406048539	0.3731427695420827	0.495755325447623	0.13413144774503238	0.7956123336899039	0.4913222144779473	0.6532859343383328	0.5244993490798338	0.8020051122531465	0.9713995787308928	0.12676363138104996	0.298312921516913	0.8894020247572969	0.2765160405798779	0.46514784984185575	0.2691157723921145	0.49115146959348555	0.5065975966183691	0.7807129215678335	0.3599753902239071	0.9205323605475751	0.7615858610283874	0.6583554932148761	0.10368940014903238	0.024594180610495342	0.24261590704394476	0.05732130733196528	0.9121040887078116	0.7091727537433369	0.008438108484554396	0.39359872938484886	0.4997439222868221	0.05923481167913325	0.2766365386719897	0.014299683920568018	0.0071871518142249124	0.8605899178901728	0.538221297174278	0.08491595054166245	0.5470638209258316	0.36356804776621066	0.5371301164924268	0.9001536975941672	0.015152407523788103	0.4056016113912101	0.7437443508417417	0.22709458504678448	0.9032027211309973	0.978721766083711	0.9293145432755678	0.12803673710970465
0.7357100956324054	0.8051893403900092	0.36893507279285565	0.5112674751762138	0.29615966614717815	0.3532015507678756	0.13552354320877247	0	0.20764494894326457	0.35362504808232864	0.7371260797618556	0.35983149405894743	0.4673408812709603	0.5879322232213177	0.7398248746596495	0.8425770491408404	0.04144959885386246	0.49007364938481346	0.9068645812043226	0.8698754769019532	0.7271648673617943	0.6985683419809975	0.5629408276499829	0.1797372672400147	0.34315780042466015	0.3790571112864203	0.5200237281898443	0.004119306555665725	0.28404841504824807	0.5462736929443426	0.8979895382633862	0.10182544677842331	0.06498732976848831	0.8701239782684543	0.8391576738484412	0.9277141212936723	0.8106339834199492	0.1694751808196967	0.21610559618097158	0.3685052165537399	0.22893882584538727	0.5153190444879497	0.7152023438177892	0.7350978393618658	0.5617336257879023	0.7591152877511337	0.9581955385740726	0.6007648548763914	0.17385006517197776	0.9438775995926365	0.18224545449996055	0.3749991733660052	0.6060149087601802	0.23767215118706853	0.697330069915591	0.9825188266157876	0.8580048371398687	0.6625303081925639	0.7926152950817377	0.6240943539331117	0.9053872487130964	0.08367595347268375	0.2936148188794472	0.29479018513587085	0.9173300043360136	0.24539011582828119	0.2411429685946186	0.8203361086088707	0.11500499869817804	0.45570940315061437	0.2315134494991674	0.4292197818222353	0.694649039942401	0.43710407384757377	0.991156502735326	0.21268422647208196	0.22815474826286097	0.5345837430079342	0.04621749402702269	0.1600143461105985	0.9727021535827801	0.1425495735642578	0.26825815865374014	0.6493449178674787	0.8813876253458122	0.054408899280173895	0.9468714505262343	0.37471621996487425	0.4886292725305079	0.15908860811717118	0.6202871230451403	0.7299043172546754	0.12025527981206563	0.16102899217783195	0.5697480570221984	0.41088437165991976	0.6522101758817884	0.2435360831885396	0.8815474523829113	0.6623164787535842	0.7688696397441817	0.28996092416469643	0.003077034518545685	0.9782165025469395	0.013517669305975644	0.6916872962935383	0.8452089948392532	0.2598433556285853	0.21754595765856088	0.48738056274045993	0.17010730354795212	0.7501695723677473	0.46865889855248044
0.5067482478166087	0.4619783436099921	0.8524123021666266	0.9421902877559865	0.0637581120402968	0.8973913618772293	0.9062187961798175	0.20764494894326457	0	0.7988266482782506	0.13054551228034872	0.019310980825868018	0.011540815802466131	0.14868694617333533	0.014692124420548347	0.021711806985885818	0.9307178813533573	0.8190676961123416	0.16558012917482035	0.2167159530458821	0.03172957332807358	0.7959673000622818	0.8190023311385712	0.31446345917096274	0.6187472124889197	0.581683779278067	0.9212992716007024	0.6159025183960262	0.24161173133010305	0.3200843698753052	0.6556654132345944	0.23631225000642508	0.5158649482192655	0.9543549934357506	0.6948032321183977	0.42938691306261967	0.775079654580268	0.013639670494535294	0.01070981408971361	0.6298175153522012	0.6695054816926096	0.036177797823821356	0.9465859788178269	0.4901142556808977	0.019243809859656347	0.7809240682504585	0.12974887394277945	0.991428493888487	0.8051915311428598	0.19701435140268453	0.7522683517009311	0.2419220826641767	0.36461556295452235	0.19439154637270784	0.24201079487339472	0.037003630426351464	0.6373530214128467	0.897753917886032	0.20312916539896653	0.3587037301254683	0.30058658028483176	0.24625347149551513	0.8509455390237723	0.6244951011174829	0.8794914863939897	0.7002769618829563	0.5827377921348346	0.9227671975713548	0.03143327290630382	0.30139903406558743	0.6439810427197578	0.08464186686328223	0.32006424115010434	0.8503882483842399	0.48672878980184053	0.3570895649905038	0.7440239114051959	0.10837452080286869	0.36039870758418435	0.12189940466608007	0.628844460115862	0.17126055269316387	0.8495244428286546	0.884249159234094	0.23267756611476254	0.5255170939903248	0.20208686260718478	0.29365583298268116	0.061987192473328845	0.23253200941443974	0.732582870481939	0.1794290636223892	0.18808421106199846	0.32674051072026256	0.5671033289965206	0.7964183937502152	0.33624086357683713	0.2920692669196201	0.09358958097318149	0.7727062932922287	0.36170468589272786	0.829285583013787	0.09207956330857425	0.6613770011848392	0.7712460581296946	0.14460035947169425	0.3316481341299461	0.8387483840395532	0.1412088297776548	0.8136392747462806	0.6356802050422299	0.09663000516010212	0.9697040554863365
0.6489134908871531	0.83794172173046	0.26857780461602476	0.37599405152517207	0.33765991960932484	0.7494334833254492	0.3542142192188844	0.35362504808232864	0.7988266482782506	0	0.7748840484076346	0.08913556153667512	0.5438542757682675	0.4632664309356349	0.8875553917577248	0.48985632172548943	0.127215123129497	0.7996108328812987	0.13997202429133793	0.9486589896563556	0.0741504059111141	0.4360541573035699	0.6270824878954774	0.5076351013955651	0.2727555587296825	0.594364419980078	0.25722778050320894	0.26939896189315626	0.8260931741140511	0.3036447322130449	0.043033402150830624	0.21504242554392772	0.6589907298845363	0.3311366027245338	0.4424579028424531	0.007572330771608016	0.7907033585704744	0.1547609727266559	0.3492885963307164	0.6578087934860258	0.6088051339210038	0.38464275574605467	0.32394761436714203	0.7201978460495215	0.006628535968670302	0.7929224807301183	0.12827004668037356	0.46283774963378654	0.4817856979558046	0.030476401612218318	0.9114939738352867	0.3457912679413393	0.22190105489816503	0.1334553151699046	0.07941622791865988	0.06631719476823261	0.7360712801391456	0.4771142424090721	0.8072112117183285	0.7219753658434241	0.12131865476993786	0.13678962057763744	0.5206141308595645	0.0466174201077022	0.06978929661482558	0.09748085439383447	0.8180637206572842	0.754676613572325	0.8878081098378215	0.6240443014381538	0.00967965158555073	0.6734332241472555	0.9695439405081456	0.4935336232738956	0.179043421313011	0.9185466854671017	0.7481292131278833	0.21000573637497955	0.04432745565129759	0.6975198911375914	0.9602410509475966	0.16300472221092377	0.99861038696774	0.40179485565616446	0.15708352737920306	0.03298978215635273	0.1192819496167985	0.5243849301797806	0.928424303624352	0.17379884000778523	0.6776250395457222	0.570443124368148	0.27879926172106784	0.9888817526850974	0.44253547386336367	0.23914017780945984	0.21770603847616543	0.793414897836291	0.9339189950161524	0.17415323726954268	0.49304277340481306	0.7113126056717822	0.15080484642486802	0.8281103484078598	0.7081872719968962	0.9187923299914952	0.7182415605246343	0.534093699511201	0.11444873167537006	0.34573315336643606	0.6927315494899909	0.7006331462560041	0.36539954855799694
0.6758922437477911	0.7697559045171282	0.03703673800498852	0.8396059594737579	0.3839315305591917	0.9978697940607826	0.37949103279352625	0.7371260797618556	0.13054551228034872	0.7748840484076346	0	0.2616914340782386	0.6314493347296788	0.23412758279846224	0.6387371082037293	0.6283929677352715	0.6548998657019284	0.25090663541788494	0.11667386967983251	0.7855309571884996	0.9671934470713918	0.8850106505301657	0.6897592177018751	0.6963503628136161	0.9067921329551495	0.8387606221846171	0.7927682767559762	0.5565967485051831	0.7542026365167477	0.37152017483572997	0.7568479380610615	0.8754017522059668	0.05498880776872439	0.7865567337605724	0.010530668945245014	0.5981921182042029	0.21737693870233699	0.07371103575409654	0.6560802686921282	0.2300265117595074	0.4510691879764691	0.4394255966875419	0.6135788710246438	0.08434914152514095	0.22524548206256945	0.4818223560582632	0.2663478256371754	0.06596559680739067	0.10972939466958176	0.09396662185187155	0.05721461360301383	0.5337673201566534	0.4487108201969834	0.07009251007244188	0.14974955965725523	0.43517231464021355	0.19378298135900496	0.7486035414263593	0.6874132640637481	0.34340939768613665	0.9200327239520962	0.4331484422347486	0.3917824414107226	0.7389135867371915	0.28800366447838077	0.45774893295748365	0.9251843766175283	0.7848916793316556	0.48130660170783646	0.9811332344341278	0.5268482616887168	0.30677822618221473	0.40143251294000726	0.6394352516715952	0.8382285551822913	0.7028090214303624	0.5034364701654105	0.18047572952988233	0.810284154378221	0.7385832833267605	0.24035294339344537	0.11703616557927832	0.3292537305580041	0.5785533516589506	0.0972184250009881	0.9958129529816798	0.1653166815914967	0.4624987228990478	0.36013489345877836	0.8508503274013016	0.5969860376177266	0.6263319131695516	0.7990442409901274	0.06283840963033172	0.9947196921796574	0.6490893831574948	0.7423109533922829	0.299626721519214	0.28624411491538804	0.2404498445909139	0.2906174357671214	0.2572323331255041	0.14823227625953572	0.16333112565303454	0.5108473696829875	0.12584004834794593	0.8907829290983181	0.6262368495543276	0.7560762741047201	0.011802968538001446	0.545676447378813	0.8504894212672489	0.7272166463171214
0.9446602885277507	0.6865454197977625	0.5238027947742799	0.6081870648748369	0.14789248935704857	0.5385001137153925	0.9043889512997483	0.35983149405894743	0.019310980825868018	0.08913556153667512	0.2616914340782386	0	0.673337095450424	0.18180145519906876	0.5254172889886667	0.47680703283449344	0.7387676215446504	0.5708455053937856	0.9469687423464911	0.7000934247405725	0.6121713603779432	0.9013375527521974	0.4063867558010221	0.6213508891151235	0.6194652580494083	0.4512957670496114	0.12167039747933783	0.16039010035213008	0.16198896560749343	0.31338088668472763	0.4110894759962128	0.04351406131901381	0.2751251570802872	0.9688020295352041	0.802175785159151	0.7653645177591359	0.5842597512459917	0.5951024252049992	0.15788292563371742	0.044440613461678824	0.9927560778058683	0.372131011216988	0.4221537940051078	0.15875331716717644	0.2873855968377935	0.22120360403738715	0.3831535412028899	0.9081648899109735	0.33338656014774704	0.37359859637261195	0.10520858555662993	0.3689866936506727	0.21189691564278645	0.7742787355773524	0.32841991027143624	0.5788810607795452	0.9104253680241613	0.24193864449832125	0.6405694919477535	0.5662572072615576	0.6982486551438104	0.6618379229880074	0.2966504462001137	0.5928788823555212	0.9398433900275737	0.628641999185513	0.8504981247086493	0.7035595131515681	0.6727876528633685	0.7161212848803926	0.7370467105750961	0.9800107269349246	0.6314935087031864	0.4911500545679782	0.36318045561325074	0.1543612460643412	0.7473449323848096	0.12592724095507934	0.9175732671445888	0.8057254776048015	0.34792820703667804	0.34171127167076487	0.5756836828930982	0.6436942369615298	0.5143300969221642	0.214770904211403	0.7788333799155379	0.1524750484836388	0.6123965539288586	0.34725462336647417	0.6033545705857244	0.8652776903164278	0.22404396122843306	0.402897774436932	0.38098068886442027	0.41388359188302104	0.3652484332957423	0.037646712795870396	0.4610365021570618	0.9943154232058842	0.1225121987344685	0.5803919192924795	0.7539869459492158	0.9123198232088383	0.22285723696261373	0.7158398896187883	0.523257614397036	0.28288935297908524	0.0688836932975937	0.1157834738358402	0.45059202354422856	0.7728890723848594	0.16018490401586138
0.9210319895299527	0.8898066889650309	0.3607682432100433	0.517542188856923	0.6215996370160374	0.5901154840558862	0.813007473261422	0.4673408812709603	0.011540815802466131	0.5438542757682675	0.6314493347296788	0.673337095450424	0	0.19627774095513106	0.31983859072905096	0.10809659245302838	0.9549695355930563	0.18351993721163762	0.919144185945731	0.7215764768382187	0.74442232221284	0.6295656518686835	0.7086494690817953	0.6096621045225208	0.36673581858441096	0.40378773801145507	0.09165741290199769	0.18147781629535664	0.99591330932701	0.4706545636583165	0.9339872755548646	0.32380100694893355	0.9892045484952681	0.5950910552137336	0.1312858946706218	0.3508459788904603	0.6488640203359716	0.7481536198384418	0.5375587941809277	0.6785537820246916	0.2962640824989622	0.015153458826281163	0.36328594513833457	0.858228622756987	0.2941081348391108	0.8995219288471678	0.7122339019238118	0.6729355327705298	0.5571049939694402	0.40387401104417475	0.7196376222342387	0.7908983641364864	0.47312908532730613	0.4211115532091111	0.08633813730448126	0.538757013225034	0.40941201457325194	0.8788401328160297	0.16894545549478734	0.8932309784858959	0.25817666475858414	0.4528092693202561	0.5742041902987336	0.8216645712480465	0.41119543460221786	0.32701773398917244	0.9399308436496073	0.6179536046175845	0.8334932004537952	0.3955376268068944	0.30164917071285857	0.7839687779327027	0.742599391203906	0.4479422137781244	0.055477083991358644	0.9227868805658115	0.05180844414139307	0.7707773740069622	0.37230574929802174	0.31630568752072163	0.7416477051734791	0.7708086924150799	0.353771174508436	0.9673602498561885	0.10756806745752401	0.9469809097520165	0.7768016657075407	0.778448927950873	0.21068783069820862	0.7478655715454822	0.991864414899595	0.848274255375654	0.9125947208080497	0.7678522938683655	0.28551299354948967	0.32162046594642457	0.6860328559624741	0.6558137756879954	0.6920871689088232	0.275337006134306	0.2968409598689915	0.3457621022769305	0.8336922632025411	0.2573355503876762	0.751396921309257	0.5482661051684139	0.6151109043453593	0.06624782647678595	0.34278114361772205	0.43572413531971976	0.3969984655116403	0.6887789901277415	0.846641252130108
0.03913585940207209	0.6521526930900663	0.08028882613113453	0.8042885894949369	0.9144013009353881	0.2507455686975122	0.15304216896639267	0.5879322232213177	0.14868694617333533	0.4632664309356349	0.23412758279846224	0.18180145519906876	0.19627774095513106	0	0.32191542635266757	0.23295638534406593	0.2886730156680377	0.25675622859853875	0.9094742801800797	0.5375006772974799	0.7611957240219596	0.592286435707566	0.4669286590734737	0.44805144482550907	0.6349833336187038	0.3255357344026599	0.9615270479335053	0.3072960103158795	0.5704859011711059	0.5505566246299537	0.9774516339333686	0.9355201931576366	0.026910157231114673	0.954942430968737	0.15488249386875008	0.9603821459890752	0.5639027905062207	0.8024614611957281	0.08854749528837713	0.7139641613161408	0.5121700222706506	0.5845299995905637	0.27389939445146305	0.5080765514524404	0.5240107985421897	0.32804185189786816	0.6967058091998283	0.3751414224678137	0.3408181861120486	0.26270507460492676	0.2717842543193727	0.1831864945510837	0.4661513277841819	0.9910492214991049	0.07054103040160065	0.6595920170495153	0.025641413347399444	0.4300716283939955	0.6076249444971378	0.23098754213929684	0.9506047489257812	0.34993382781816385	0.17102893121742802	0.5521510252250007	0.4311777400920791	0.6006207813236893	0.18262604831682472	0.8650568093884511	0.2738725500151098	0.7700280912028216	0.24929906163666726	0.2280030417189035	0.4425122576661623	0.4351637990610233	0.8733873272953502	0.053853854976930515	0.507335298213569	0.5824218828912366	0.5381427770189997	0.7418809642174594	0.19079488765553043	0.3807269211736396	0.3142578215466254	0.024877200040402725	0.7782241225904677	0.10769312720229762	0.6970113018314019	0.8585376356117806	0.5493496268892533	0.07479466851586336	0.1943982725960982	0.16991443322871969	0.3802082558641878	0.9435202785745945	0.14465144373282546	0.1936978567134564	0.24311813272336968	0.8669600033023243	0.49955256496932054	0.7067271565316974	0.15516155152054023	0.7196181749874229	0.15011090201109722	0.37574062366329486	0.6012538960200973	0.1486922461305067	0.3465756116249781	0.23010620792207548	0.674618909491537	0.50513194859015	0.9339623231134055	0.8173863596365085	0.4352921163144091
0.4047728744385696	0.1689340914065417	0.691535956470222	0.3087278746415505	0.151691215776812	0.032483376482362214	0.08447753537754488	0.7398248746596495	0.014692124420548347	0.8875553917577248	0.6387371082037293	0.5254172889886667	0.31983859072905096	0.32191542635266757	0	0.2599899278823974	0.1711055387077337	0.9927275718719474	0.8613627308294629	0.9057978384963518	0.6194402523088958	0.9323227311505405	0.29181392588626587	0.028854900958691365	0.7488792945026431	0.026378271558740507	0.32970711131350927	0.9369827606846911	0.2994218110530643	0.019375442047413927	0.09039128961506782	0.13521668562913525	0.36548672352512523	0.8722782699580155	0.5922479605831577	0.36487097403727264	0.45771780517201266	0.71072018722062	0.7615971611643638	0.43221130486928183	0.5819422450410956	0.8531253144298444	0.8619970187785815	0.20495139148455455	0.5704045182367039	0.8342600772695531	0.5550561396743701	0.8442589096390285	0.6454850246926229	0.5086805512117937	0.08775598976428589	0.06485401831668292	0.8296451340400545	0.2583524937383863	0.16487295431907978	0.8060732282529709	0.8213309802523012	0.3221542069888258	0.39903748327867306	0.8057849644723014	0.9728918862319588	0.3773571079723975	0.007858383289902737	0.1556508341639895	0.9070425492918409	0.09694252040250417	0.9902450028768849	0.9014877915713863	0.6852870926265262	0.39449803821855267	0.1551228777582263	0.10534737435945041	0.5084255889863771	0.7292494242978447	0.8831896433704209	0.17591130420236356	0.3390273574801741	0.38174553111032017	0.22763014348809152	0.6030518070490741	0.49400307295519896	0.4891415354000406	0.7658755277432747	0.513364086017967	0.62911097137496	0.06764172035494775	0.13608586468885475	0.6154894373520349	0.7071097605334654	0.41374612668459665	0.12338746532372324	0.141274302936912	0.12829409410530523	0.1608033709397093	0.6885027121864461	0.38258233551494436	0.8895026168266932	0.8919980359095094	0.9084223667942426	0.01390838839562536	0.7335708561699605	0.3424739397141806	0.9522937149568016	0.4001684172974499	0.9340032377922046	0.7383237283025185	0.7258446520734669	0.4772932016557997	0.5852279837821167	0.5592515285427039	0.5496625353702487	0.36299119753412556	0.26975790260356625
0.006943933093013999	0.7163896455044708	0.5884698795667728	0.4123458615010388	0.012417854435004871	0.3525676506389449	0.016266575934199667	0.8425770491408404	0.021711806985885818	0.48985632172548943	0.6283929677352715	0.47680703283449344	0.10809659245302838	0.23295638534406593	0.2599899278823974	0	0.16887471331168769	0.22364923903769207	0.9011420805184505	0.3948004097908976	0.586536090541915	0.7634784666437376	0.7690897480676101	0.663107882199106	0.49067409150396046	0.5949667130711216	0.7085573335971358	0.24316419813203172	0.5388459488355881	0.041977941021573595	0.105731913881837	0.9463012822660303	0.9647769009688296	0.8040449919433041	0.3720052381078235	0.6955098604450095	0.9100965940964985	0.5064741836446293	0.210113198690434	0.9960313095441592	0.8601596840891703	0.4366218563494525	0.8076778779888681	0.8340330001778316	0.7121659812039216	0.3067166065838305	0.21046550472164993	0.7101220699997176	0.5219829419108795	0.7982357586543262	0.7663591206753605	0.3625236774570506	0.6963084755162534	0.2969871448770288	0.572072174717497	0.6623752599392737	0.19155051042897608	0.4483878689320431	0.2994176715138691	0.9145110714601221	0.9712143861825753	0.13722363512886315	0.7628528020587921	0.15462771383919893	0.9257200250847617	0.6080779699349528	0.27038549376345566	0.8716361002052606	0.03387667281917517	0.6256410858543837	0.1266705614130641	0.7393465877233384	0.36406374923745877	0.186985809138548	0.8275117170036156	0.49431495680831716	0.817689514283274	0.7811786618100036	0.2768426118708208	0.3971200151416501	0.20189771090445974	0.9801973312682906	0.7760132226809207	0.4880340180304993	0.26474497359053817	0.7954263927263845	0.9526843586714173	0.27000432678752506	0.34444266566476334	0.9822203175924081	0.15646016203717572	0.3822732643059208	0.9093913284968735	0.9610216285435056	0.7009723684995528	0.9654748766022789	0.6718758269526705	0.5000850532991739	0.8143308096473874	0.25503450078141976	0.5351035519993443	0.9610880969361366	0.5761365480906258	0.030774797660761744	0.8130631456672934	0.47077176519356034	0.4167732359907007	0.01735114127402737	0.5610750129223406	0.6094883482779067	0.9452881305337448	0.7292649569088457	0.23826660135156974
0.5465324148625503	0.33930455660761993	0.9985799731763088	0.6175419154099302	0.20664804678440496	0.1633163762324028	0.5002409197887627	0.04144959885386246	0.9307178813533573	0.127215123129497	0.6548998657019284	0.7387676215446504	0.9549695355930563	0.2886730156680377	0.1711055387077337	0.16887471331168769	0	0.34629722675050045	0.8655051956677282	0.055545784277841515	0.6567663557905831	0.09136636963930889	0.9495362146917381	0.5058229336985562	0.8334392111746664	0.11264638511500102	0.16873899411928373	0.9078590462833886	0.9364180451757311	0.282813273393838	0.9945830358371555	0.24320713741588185	0.6343138534257228	0.32532107918654307	0.2932140633955411	0.22900247594306622	0.42363127974789894	0.5284323435127029	0.8949671586171946	0.4840731742762808	0.7823681582461771	0.004569374819977878	0.6703681064611201	0.1734808074321047	0.25496027941439425	0.7498903842783121	0.1926513521508515	0.5542756553297624	0.5098807773650389	0.9831804095257444	0.8518003965750356	0.9066026992936966	0.08890587341839495	0.5544876208515894	0.22355473420494598	0.32632386129242663	0.13028518801438915	0.7200192804755319	0.3593560710127158	0.44146652017844645	0.3656204188052611	0.787943487355118	0.11115969270520076	0.701858714497216	0.5321401317035761	0.7901426110952107	0.8201676210541482	0.5778341793745311	0.18910631706645553	0.915209359620889	0.5122995045640257	0.3454999558558669	0.05143956072000688	0.8639648294194779	0.5164441276510513	0.7680963047744424	0.17596429582561945	0.36588664111165414	0.5963505077598619	0.6495857518206218	0.32325720715122996	0.6665190314167828	0.2996964129195614	0.2543048677810863	0.18371132624098574	0.09569697257390486	0.5391695117866391	0.5227233129580366	0.39408675741961663	0.920950692874692	0.6607287767773196	0.5226886451782828	0.635993999127908	0.046029371258011875	0.18225945395100718	0.32260016354764	0.5528786086577924	0.7857828883329735	0.5251799535639442	0.8563738925826712	0.6387492563288787	0.6324567549432488	0.29765008573350105	0.4354294906084609	0.6527611462745802	0.7169702047560501	0.03308754787606327	0.18635499054905091	0.44364266495744853	0.13632996553231913	0.6525115229353255	0.5372934801152727	0.8012665362110387
0.3478636669032874	0.9636888082723675	0.15855588293312195	0.7367677502168848	0.8915674213050199	0.12069410691791138	0.9597950597519954	0.49007364938481346	0.8190676961123416	0.7996108328812987	0.25090663541788494	0.5708455053937856	0.18351993721163762	0.25675622859853875	0.9927275718719474	0.22364923903769207	0.34629722675050045	0	0.2982341482799802	0.2636926832952602	0.006116658100577488	0.8667377615704799	0.3617255474650779	0.46907114499119673	0.1103803922862745	0.5025183578925603	0.9907895886400739	0.3400434437967129	0.6508609422390154	0.7499435536594292	0.045184625015911584	0.3857108573527984	0.8115957598960621	0.545546856543221	0.2383906401032091	0.16665414974216752	0.8447674430903415	0.5611041816804924	0.8779625920806778	0.7755334025985634	0.6760882202832889	0.2889491120162371	0.4297704989314133	0.9990451797889842	0.8062675840923729	0.5519377511225653	0.020728276238675902	0.38800274870673324	0.6223900443371261	0.05909259895419694	0.32835891800833095	0.9181596513125547	0.9087094665572002	0.8241023417114736	0.25418600849442763	0.3916675548752502	0.5714287267896296	0.5992838798262838	0.22310473151476296	0.9054264712756201	0.5816795327348462	0.5027833618564851	0.49421610977336294	0.8335281457448732	0.7831882109387663	0.8140602981360381	0.9178273907573532	0.14264416078789466	0.7473432090305211	0.16471422845496841	0.7796767913344421	0.6927906212400262	0.05158092641451817	0.08246681474950956	0.28112781880159965	0.9722666991606662	0.6607488178117386	0.42645290140556924	0.35199244740726054	0.11948607711562453	0.26313887702011807	0.5138694833674511	0.8999831791547497	0.8467505159919884	0.35209290519260716	0.5504940708204444	0.7874306902669944	0.31813497870640517	0.9374543114904037	0.5665721989590152	0.012363760131842483	0.17472999918048493	0.3858255211534215	0.7018304879832074	0.4809318507065996	0.26796130159950304	0.5921668800400715	0.6376680990874293	0.5254435289263871	0.08966806556602636	0.6391189506842786	0.23396683129490037	0.05135457626125395	0.4532942805435347	0.1595487488170998	0.7129272712921899	0.26590653549394583	0.9122516257704983	0.13125273688262384	0.13249814976770324	0.6199533155159324	0.9866630510672618	0.22897926870874952
