0	0.8109376525708205	0.7807432093079023	0.035800682790711136	0.9025075609512516	0.8990295449751952	0.5305492934359713	0.9862984247426929	0.3363235841128773	0.3519357863173638	0.7916549392632013	0.8084827104499955	0.16519661645880457	0.8509307749846712	0.6396824951099008	0.48578405461820184	0.9984745416541674	0.3847689017875001	0.9838986435844649	0.673917680738902	0.9553248591985287	0.6151886071330214	0.28650162838612536	0.4895510941621851	0.8578598614243331	0.7905376459402392	0.20749746781056955	0.44878400855175593	0.7120986237849468	0.6059888101323291	0.2281313739009765	0.7196921962234439	0.9767371349227182	0.6036548307431518	0.7344250316784541	0.32829810034648466	0.4982260092659203	0.8805008957509479	0.9753573050454867	0.5052190741637742	0.17680719344237394	0.7478228378373865	0.26781535853363325	0.7613423564975218	0.15320809673178548	0.4506469477252302	0.8737321926692992	0.482395470541914	0.6254638250252916	0.778866998455914	0.7880254998557529	0.8420615715367612	0.6612538118652063	0.7438456313933594	0.45045730751013235	0.13079791016385522	0.011820858618790342	0.6396898582541716	0.3258103363328959	0.6432941347294038	0.44040657203456535	0.5407986887463602	0.4855473657831474	0.2999151094158118	0.2446195814464608	0.8328396857015329	0.4047613381894746	0.8934464227343145	0.25186915039473656	0.03395515487418732	0.3439838183268641	0.5058947405266883	0.13692340399156044	0.02380256883711973	0.16493142355850055	0.06648011542691301	0.2796980708272758	0.9669600249063599	0.8290240360834324	0.9174071791035325	0.45984616938510614	0.815809758368525	0.22738616882954632	0.5641171625607794	0.7210350997100451	0.657582842762037	0.16273347233450874	0.13227251877157487	0.9447242493735091	0.5014531098208418	0.30114792916942523	0.30418959978952675	0.9095658799477997	0.49129859478895466	0.8408830826315392	0.07278427540311894	0.2857863778320734	0.19294127601082944	0.8360140708851009	0.7641589344999804	0.32866657358013185	0.01790002636816357	0.8070815451986731	0.0048586710897384755	0.5628346082607495	0.5923826371607666	0.9724592238366273	0.3697727774418732	0.8118873613982918	0.7743826355208604	0.7315294341866975	0.7561290115353294	0.8521139507547102
0.8109376525708205	0	0.4721404258580163	0.5254593512587211	0.2967268900857243	0.06769089790934457	0.6995076623095524	0.8943075824762601	0.25797370099558115	0.5158021478537702	0.8961707819420747	0.08126496366111513	0.9351623526332269	0.13723588728629665	0.13332497042140612	0.19274393045155835	0.6205225889110492	0.04420816927087334	0.652871758207645	0.12058529928595452	0.47330094262493827	0.5383901420845112	0.5036494338188526	0.17536495903426186	0.38694194759727996	0.2915480724270997	0.5349254298113694	0.3877170102080063	0.5497391201979348	0.5144136318244317	0.37316680762448173	0.43312950508772696	0.2983151448612321	0.03357608358822395	0.13494817638462997	0.4118691676249614	0.5353688337270714	0.8656343051702765	0.6419608758831489	0.4623916494692749	0.7300055880287915	0.3964041209146958	0.12071012037432416	0.9284967964463283	0.6406686438888737	0.3287691374865481	0.5588135820314489	0.4839139487831301	0.4830746349318439	0.8866810307280393	0.9034809300249815	0.5990431441632766	0.32492823305642426	0.9064401237951186	0.07732336653692351	0.06766298814206995	0.21347410049375348	0.05310709631548238	0.05455661746543139	0.5226685985717261	0.8051893335073542	0.45171052187638294	0.007734196896503787	0.5679319908289197	0.226494233680969	0.7772785545957243	0.7137660994886948	0.16637821852851253	0.7841958481873491	0.15401600415181116	0.5115236073101495	0.007000902788990682	0.8651658027419321	0.23606427488181336	0.6149476809669899	0.6890205517356404	0.4926697510728931	0.8325502959642537	0.5072052557303238	0.837372103407528	0.09862984747175108	0.2958224983805714	0.43465356269396427	0.3323448331085034	0.17512791221211788	0.1263051871946378	0.24488222934422677	0.9201806101307428	0.45679729337722264	0.7828889297737378	0.7907154162928004	0.8195506105132238	0.778811053013977	0.14342430737031375	0.5804856702308017	0.2124177012456483	0.920648234169371	0.670019535899084	0.876465771769563	0.5328677194952056	0.6039522829716274	0.16005621772435186	0.6290902177366322	0.32542172434077155	0.9064688430489841	0.18647791628330979	0.523691876592844	0.06969801105826612	0.8183681161466451	0.6330350460185117	0.6570235459794417	0.861971560504139	0.04889924855407635
0.7807432093079023	0.4721404258580163	0	0.4676139058578124	0.453375756044172	0.5426435409782092	0.095999332972874	0.9434070898822421	0.5284865569381126	0.8836529166521088	0.19799292780935074	0.09231544835651695	0.7458680951100851	0.44181943624157227	0.4580203557638578	0.48979898260841315	0.9628366094290254	0.17410284172548052	0.5521469515116557	0.14775339564555123	0.8793033518260106	0.010990964465675934	0.08582221697924275	0.8752211860473368	0.14550953888651275	0.12817081976198086	0.8672512674832515	0.7597335374282095	0.015982026597804344	0.39394439509068724	0.14902606549656905	0.7608770786388379	0.1884189967585096	0.7210247361016028	0.7488899739467919	0.5312514007580957	0.4914209745025452	0.6030995831073328	0.3807143952536064	0.2972551609696832	0.7207885440098812	0.39665480911456097	0.31525045148593567	0.16074051104290454	0.3750914871367864	0.2119229297949462	0.9496870529919885	0.8255231598491584	0.26575901220608866	0.14679633202238718	0.19034894246883827	0.606316834193876	0.0831964054114217	0.8886289246885942	0.13045658690164152	0.2413934485547372	0.8922877632721816	0.06553547642638669	0.31273568117442185	0.14683916522050067	0.2372942459898949	0.026814723087798753	0.7295576163166946	0.2963783248142975	0.8132074002285438	0.7344828962117641	0.2955299977779051	0.9150092173105765	0.650617152944872	0.488377653909708	0.9508630183184306	0.22249807419410728	0.981772719901753	0.42432390488373894	0.7952177151422027	0.8801720043191897	0.6469494534430138	0.8220116361120384	0.07157313054934233	0.15886828633468197	0.8966700290223484	0.24156427378508505	0.6301812989364277	0.6959556654178721	0.49887566717054	0.7733381532403967	0.45153627694201315	0.009045422763554023	0.3792399491981885	0.17535001601368705	0.12486877908406058	0.49697219232304024	0.25552802886813386	0.12413641193589142	0.2356357670828909	0.8637187649153435	0.32988163459974873	0.3049362606437749	0.6870810398709537	0.7681628737065551	0.4889393427615083	0.8036011352971952	0.11501112509495748	0.8663754668994085	0.6393943183889026	0.2182841452208094	0.3429363956530105	0.08389502365026191	0.849484700126782	0.045119126266697784	0.32761307311906074	0.6409320300256808	0.33626131152142325
0.035800682790711136	0.5254593512587211	0.4676139058578124	0	0.8796097491496803	0.75983132250688	0.006809711487753334	0.10448974725518145	0.5937605956182789	0.4311359726975127	0.8377010624575726	0.7128422507608865	0.366731345118962	0.003216466208375235	0.12004597113271209	0.1430673148824798	0.3540854555731052	0.3729225120031253	0.005923667967766222	0.3724073805691984	0.18002661700567835	0.7144942943205027	0.8409922709320334	0.8427355213006357	0.08083462043615319	0.612796160170932	0.8442969147482992	0.6497339393726652	0.651275942385148	0.020490196279171036	0.13435677565331194	0.08854210441763921	0.7586014392206262	0.8902054266617824	0.35797333889945193	0.2588523254280908	0.10151715948888596	0.3828876684071886	0.41139286644650885	0.7667427031760453	0.419097323021137	0.6493326738010347	0.03350654076116755	0.7170054061381856	0.2849012538430655	0.5178271427437977	0.07207145379021707	0.13854076233458812	0.6641687516835789	0.17335245205468408	0.8181299640683882	0.8523940659387703	0.71980001032824	0.4387045886448243	0.46960077283538304	0.06798576529017342	0.5675614011482379	0.3402694080695211	0.675678575470245	0.9792254053102207	0.10326984500384395	0.27952978446583887	0.7051028767485391	0.30356389251846516	0.867219107430259	0.05000446274294856	0.4832470497395309	0.9897342951992768	0.8718636974732562	0.5392805904544874	0.47054163166088325	0.9591288507789345	0.3912542835341116	0.9695497691259435	0.7037966219497583	0.9028520287016989	0.4527644334136194	0.9692078786288258	0.9836321427571475	0.007423527418823461	0.09924875616102069	0.5999355333298368	0.34988908616071657	0.5159409901446698	0.28554354988668085	0.2904847780179862	0.7193129311636144	0.6657866778324659	0.5821156208869825	0.6260581555565821	0.26215879489093374	0.8511027429975411	0.4027308747782842	0.1524861057520126	0.49833044925551717	0.5092619337636766	0.05123041324069266	0.42867429306365923	0.02375881715253747	0.3642383116749106	0.1762067935340882	0.005680028532940251	0.3564581058958951	0.5796216394297091	0.41321302880677035	0.1154595671048938	0.3991117866008742	0.13069892953157236	0.13317848632830087	0.9126675517620713	0.11412917460050531	0.24329550440797587	0.40138838966622337
0.9025075609512516	0.2967268900857243	0.453375756044172	0.8796097491496803	0	0.03966670807047923	0.46231101510838957	0.41384195193505136	0.29802867473927963	0.8129620049053385	0.03394032872650454	0.304479185874554	0.5357285179618011	0.7537224611066551	0.9771454504777823	0.5131672236810512	0.2393414334149888	0.8749068892911265	0.15508150754240346	0.0016109809667694819	0.010694087161046806	0.5599256368009007	0.5173877699995717	0.011272733836788285	0.21831053823497015	0.49380085597990686	0.28392674226138237	0.8481307109730056	0.3818155631231187	0.9016969547745709	0.5876573867564323	0.7241987560848017	0.36580724784885577	0.15808526974436332	0.3858549497230732	0.47872271398674826	0.13017092663926577	0.15084035099673532	0.15195680884894192	0.3560463042899844	0.8454768702145979	0.3535727450835051	0.5077982966825438	0.3490752705392284	0.28569731155979494	0.8013562532981342	0.22060763781634363	0.8666636147458245	0.3664457195814843	0.5636785913309311	0.8430488919403663	0.5185259822960823	0.6037696235375308	0.9064299471056778	0.5576360253395436	0.37344271349812674	0.024528842194312284	0.36049035486537584	0.8242725644967563	0.06530675719035028	0.19452159464125784	0.29403241647653844	0.4667392911060394	0.10240350255526309	0.08504579713080074	0.44886944861013334	0.2915145525408709	0.052900307964037885	0.7248502892533962	0.9026155063321815	0.2560827809641567	0.4324954361629433	0.34278752186297956	0.9708687636872977	0.40349685255448053	0.19057340245413867	0.21641953005371062	0.9223631855822755	0.290044479169037	0.028533798719880488	0.12730195492713647	0.46675515824898983	0.11567906523899008	0.3692097403310418	0.20954710183949643	0.9761687475197455	0.6461593642331847	0.3719850315236988	0.09068396193160544	0.22323042915697333	0.16297745322337764	0.6329058919474594	0.22658837414927047	0.26506112151352046	0.046179261798044546	0.28561378193413256	0.4386698749523208	0.9291302659939089	0.9535401236164429	0.5180818578953507	0.9567313549380284	0.35455312566718766	0.08497398038669157	0.44634289691919604	0.5556748634603977	0.7686560047540898	0.44984464041174566	0.5421599750906607	0.25311416887940597	0.4239074147061085	0.8867823512122635	0.5785095699453994	0.7866887966580907
0.8990295449751952	0.06769089790934457	0.5426435409782092	0.75983132250688	0.03966670807047923	0	0.10206545589095561	0.3429782472794831	0.021590445637547417	0.48071432686337945	0.2904243367835613	0.10778206607303431	0.49078325424248725	0.21033890049993664	0.12261325291342551	0.16215325537068415	0.7210386333239768	0.9126836950395822	0.2883699134861375	0.45167376500164114	0.41389080916778587	0.4836022966175303	0.20180087632074195	0.7285822965786363	0.746070496277493	0.7571549976444144	0.9817259302156947	0.6240614860866401	0.22971443478926878	0.35225675146624114	0.6645854060729606	0.5853945267496036	0.38929625490850495	0.11307519898451601	0.08816072801341635	0.4201023121603574	0.27293720542855726	0.18848592961089827	0.9684271625113251	0.9517810084101841	0.026680711807915092	0.6430906419191973	0.04399254662771812	0.6378648300323967	0.46017536263554903	0.6511004050046095	0.32280365469461536	0.6482902035709015	0.38131669002967117	0.5956706949928249	0.7758318981059104	0.5617787873671874	0.7758373346907235	0.8098741191408133	0.48625661622654426	0.5412703277062716	0.956078665243191	0.07140674730592667	0.382623348787971	0.3683586287999632	0.7644418133819783	0.7585470321992754	0.739418977695377	0.9008064988815221	0.7455866229843524	0.8632252483189292	0.3080479293700017	0.8968942003566506	0.6226209430044208	0.9741783937005326	0.27255463872438956	0.24855470892879883	0.5700878984019021	0.16046730662350528	0.47705549437306694	0.01768288359549175	0.9790861390287557	0.5391282746418065	0.2878750855203571	0.9210575327557359	0.514481307192197	0.039808359779290425	0.5257673499311538	0.05079074451582932	0.2867920557179561	0.8969421706925793	0.6673851433462359	0.4466522403446981	0.6228132835805621	0.17018853326276495	0.7857484923640223	0.5530980327702796	0.16088741157966335	0.5001272965317917	0.1512670105405275	0.33803257692998434	0.4030760543776717	0.060143518661910034	0.9711493671548397	0.7655960823180651	0.5012119072896598	0.7865013893786562	0.2639071061988174	0.5928700047705356	0.6670601726226665	0.7217476909323212	0.15508304044450716	0.7607186796126308	0.8769762687635851	0.12107445779584636	0.8143946677688242	0.35532167717699126	0.8846804699928421
0.5305492934359713	0.6995076623095524	0.095999332972874	0.006809711487753334	0.46231101510838957	0.10206545589095561	0	0.6766891276541968	0.5024754864031369	0.029207848356669897	0.892523113146569	0.5293469762513178	0.26726611024960845	0.5507252486937593	0.8557542650575817	0.21748041481525315	0.98226683613279	0.1717134782914953	0.23684760318520026	0.89036707682533	0.24301548361418246	0.11181013346167668	0.11813439769698497	0.8248713322678851	0.49132619331151917	0.5692128719876965	0.9061642907686522	0.701021785306477	0.5808911387863125	0.14132418594567553	0.8623141962209998	0.4012260692751052	0.7356714185143491	0.7773735165703418	0.5508050520683652	0.3601333356929294	0.5319823238773577	0.5268477728853518	0.7473533045329552	0.9257210576942542	0.3550140688411757	0.37328281032318855	0.6803552470007034	0.2862163868387778	0.7826412036356678	0.05635581775628995	0.39412264120301177	0.4254801193418263	0.6614676914055675	0.8537353215092756	0.010564490641664759	0.42405862248450155	0.6505591539881195	0.5557183312427282	0.010385509285304462	0.06332827128819118	0.6256349337000521	0.14443151450043257	0.8034716029002734	0.7720017029114844	0.9352684207372808	0.09674931027897915	0.21134437120125138	0.901921657326013	0.4392193642088086	0.7514570511166048	0.4138224552865223	0.0040332879082888295	0.44352301944957073	0.37372387813144614	0.9193988999661145	0.25868758063539654	0.6037997651222667	0.18389887192107512	0.011777050059436411	0.9679987241562009	0.3593665663530724	0.03204631217433607	0.6229645908783804	0.610591366445337	0.2707922564789891	0.3159652331443219	0.680236171302285	0.4060947847219365	0.8599689714679986	0.2136130537436256	0.14012516283922327	0.2958956747989223	0.8412077681151351	0.2891846405777314	0.9470440657783264	0.7424520640990422	0.8944271895174963	0.3791237208319248	0.6630206612238827	0.770285971605158	0.399929267026094	0.8993317183340798	0.3486924910775986	0.30777511036668104	0.2148806498508049	0.14378670682423889	0.9992160226549208	0.029986376820279603	0.10353999531917668	0.7889901624441222	0.14561891672964178	0.7911523400554085	0.6552234388954041	0.3891568693778732	0.25606025821090295	0.9771092104242716	0.42519156782889345
0.9862984247426929	0.8943075824762601	0.9434070898822421	0.10448974725518145	0.41384195193505136	0.3429782472794831	0.6766891276541968	0	0.8533877084698639	0.8809019936985945	0.39425394257036117	0.08885085726704633	0.578876386859874	0.004233148435600964	0.8702534012119114	0.7291893168293077	0.7671873035997766	0.25676251226884095	0.7204866234682478	0.2561410487622572	0.48575283657434176	0.22915344874928456	0.15637028332654135	0.8685518132150015	0.46735469502479243	0.42184106546498	0.6442374839466152	0.1914795256845817	0.09996774220906668	0.2222675186800518	0.3324836658987489	0.8386702793375009	0.3898024982546423	0.16054551281214424	0.5894451949082172	0.6066412173173623	0.04408734163389749	0.9028631098030045	0.5173360226646668	0.4287262584435856	0.9796342761918025	0.7915092078313368	0.07194302213289916	0.8927899032141409	0.45368730657403955	0.28370033993860755	0.6477336395199368	0.9235436131337251	0.11004166760792522	0.8721121015606911	0.445414161782144	0.0954377328178535	0.6776777808721012	0.8526956647595899	0.407621768115492	0.397817791720522	0.9677283401179553	0.8558771413964404	0.31523438436878526	0.1738980588253588	0.33866412305219085	0.029794198880194966	0.5378119163127582	0.08790238798472838	0.02648847743953786	0.7256164521981481	0.06615592843283391	0.23168849770217548	0.1318787732913429	0.6263772075024565	0.0404292352398008	0.013237917177296499	0.33960403329608135	0.36906160980796154	0.12153567260863152	0.7686393532809899	0.7907295137956283	0.2074771319778711	0.7605902565988286	0.5035018889944647	0.2778345338872541	0.739185983228798	0.3647589525257561	0.8479429926703147	0.5217555116877929	0.6548446710593447	0.1376061446428336	0.06883704220005904	0.6147745834005435	0.6604569892367399	0.3533367980629514	0.24768361338476552	0.7261592320760243	0.2432142503759127	0.32655476808431627	0.9661899673544427	0.06520405241428107	0.4769670095009312	0.769201182014905	0.13979561787643813	0.043764502073560974	0.0846786356603888	0.3527848974615537	0.7035807570667257	0.9891790519848612	0.2634003174902577	0.8511023327823977	0.31384921774407837	0.5942311967891167	0.8852967916574429	0.7954586334454435	0.27310518552838714	0.2686683875768511
0.3363235841128773	0.25797370099558115	0.5284865569381126	0.5937605956182789	0.29802867473927963	0.021590445637547417	0.5024754864031369	0.8533877084698639	0	0.6957944743539536	0.70233503104473	0.100936860654112	0.6535298263837498	0.5076142478439931	0.6418168112420709	0.9780719007761103	0.11002520948487482	0.33819629557696596	0.918354020716218	0.17891057994272508	0.39926793267339766	0.9529208640268174	0.8183108034533043	0.4389129735416809	0.2381586583758606	0.026827639882477605	0.16459013928035582	0.9943266122250817	0.6720478998120343	0.2712193308703148	0.3632699668802639	0.18677474818691553	0.23675911469893318	0.8077405421319267	0.354876356276303	0.4519796939519283	0.36105635181218365	0.2826884049139311	0.7689478503304633	0.7966521641306652	0.9535546645290077	0.5215920928445714	0.01714649161129367	0.44205635884932903	0.2241902481062895	0.42422973586013024	0.7191873956708451	0.8927935070864241	0.018336727103955286	0.4807506132264917	0.003224236364832933	0.0797518229416515	0.5084350029245448	0.9090019551402493	0.5592145312660634	0.4274433439035702	0.9416960879034519	0.8348046373840843	0.49511392854250025	0.6284152120216822	0.28458538892900276	0.8907539212573102	0.8853561596735059	0.5615818215937255	0.8974520685623055	0.5614833199436525	0.7555217193307863	0.7669028569980024	0.19800465469631534	0.8188808928996283	0.9577810789918775	0.33488129196240524	0.1298086543390664	0.1419791273226504	0.33164156486713847	0.9002350988812974	0.014313136145997829	0.9891220463606162	0.21167059682222744	0.3605892610675141	0.1357072465086503	0.6082710914741762	0.3951688169229072	0.5967772121776134	0.966703969156175	0.17868290941812992	0.9778425180637365	0.6843854587903399	0.2886367972849264	0.07163222457720819	0.9964453794663514	0.3756212572932158	0.5608290508460134	0.5534426978007895	0.8051854453338183	0.776981321026801	0.2935990755450951	0.6373892491043478	0.8086980534289577	0.3193601247512332	0.6404172352490879	0.9894694087758803	0.8282022707116267	0.11523518972492286	0.22167379103054807	0.9141118085281831	0.86749771158284	0.5806666331530305	0.1131530068699883	0.41240891442709027	0.5295039185133562	0.4985615780281569	0.18875042543690512
0.3519357863173638	0.5158021478537702	0.8836529166521088	0.4311359726975127	0.8129620049053385	0.48071432686337945	0.029207848356669897	0.8809019936985945	0.6957944743539536	0	0.026713403330881125	0.8924605018759775	0.23602288257483695	0.3497499158323528	0.020363076799466695	0.4563616138053045	0.9728698710438665	0.9942197015929426	0.4602809241175867	0.11950624733953186	0.057092233302249995	0.3144770362744256	0.3230591308078772	0.22869795319846442	0.8487407238134935	0.7600244927029836	0.05507770546057156	0.1923585182525852	0.07697482978244863	0.3643164421667743	0.6029284449698602	0.11960624705319156	0.31827112930218915	0.042444223597800756	0.8256828605577495	0.17896717268361317	0.472700275611341	0.6355189718226949	0.7952411002327817	0.5584965796600218	0.7559454667002822	0.7564209442069206	0.4106707707351729	0.8099234835791252	0.2629289609722629	0.6103702505642453	0.25800573755671385	0.5648394741551711	0.7502928198557425	0.09528768712878433	0.6085126366649094	0.011018184974687428	0.4529651246127716	0.9676244129078058	0.2878403406716935	0.7612721318917519	0.03960971925764001	0.26001721100358755	0.36165143224924257	0.3754392159439268	0.7395662189140877	0.09815410265842195	0.9731016488693021	0.4385432472254094	0.03373281854958032	0.01831611594037441	0.3864631238844567	0.4529031491919192	0.0637433914471065	0.36034547317873	0.9373243340218198	0.8293085294000077	0.14570233879662564	0.5682014757047341	0.2737203669640401	0.3596644291691006	0.3270344195439667	0.7304137524457902	0.5262158760928686	0.2265344016555737	0.16832971149671883	0.20476653028137415	0.3130368746948512	0.860320042676232	0.9937650972649121	0.4108609508557344	0.43827423142659405	0.426212866553459	0.7681328498450541	0.2811103789012598	0.016638957970304014	0.07424411787473117	0.668903010319085	0.5438545260306491	0.9595051234221034	0.5715942858159987	0.5638596939433549	0.6388808330956367	0.1624013341398578	0.014655582580690552	0.2469710515163075	0.2940668146879063	0.8321932785946469	0.3851296884818145	0.2412754683780307	0.8188454542068694	0.5549596480575486	0.8540884814346807	0.20723150128214096	0.3485245352227523	0.28467098597821583	0.7318245244855228	0.8580430866029871
0.7916549392632013	0.8961707819420747	0.19799292780935074	0.8377010624575726	0.03394032872650454	0.2904243367835613	0.892523113146569	0.39425394257036117	0.70233503104473	0.026713403330881125	0	0.2754567304203871	0.9906289289769835	0.6505472852449452	0.09857701581349732	0.04687232029901123	0.2514195886272862	0.06660134775877147	0.47742110381289793	0.762441172497317	0.22901964109075967	0.5050274690758682	0.9006734032918867	0.6810002319036561	0.12686078328676742	0.41862065671257864	0.9861054077698663	0.6502222806109268	0.71242462116404	0.5044660477291694	0.45262604284039987	0.6768225663538523	0.8353188391765284	0.16345681731700645	0.8643410190700541	0.9591339311772723	0.57012440769303	0.2670662774432402	0.44117897243874726	0.7557031092788113	0.08428319837387244	0.6921366581936511	0.7052979062161102	0.8056756390351216	0.8351474991925716	0.32091586305214137	0.9598593323235131	0.3141976817809158	0.9921196764606529	0.8205152722938373	0.6611912624475895	0.800173203467358	0.8395586457148263	0.7791527244143873	0.5917538539264874	0.0888583290828574	0.9447022092917629	0.03563534208168995	0.655360976106519	0.8892462792658327	0.18691131783978132	0.07132742104258294	0.7540904099037322	0.26901779904125556	0.7387611924966608	0.508618787262502	0.9159797960139949	0.9033450699186666	0.6876572708108752	0.6794690952292455	0.7256286098542722	0.9978510519768438	0.12526335110784403	0.36694284772731556	0.4805243763497574	0.22788159856698098	0.1518811190749545	0.273779353329611	0.4572775703601024	0.19138168265451483	0.6656339960925306	0.2570607278065744	0.3801571931715175	0.5434292210072711	0.4968060223198386	0.25758098074042046	0.13292256968948535	0.4083779461966045	0.8891893093077362	0.5483649696038023	0.14527820698749094	0.7545829126773339	0.38442590606763594	0.08782913495914524	0.36692919806291513	0.15416838218746398	0.029593681080856138	0.850337117121967	0.8732932180836418	0.29485415775913937	0.823631793106436	0.4206856878877906	0.5447333776775569	0.5361884013137378	0.0018806517162132108	0.5957141134867215	0.0006655430171217391	0.19535113345558297	0.5835858532925965	0.8485781022651333	0.9181208116749706	0.8905592155132078	0.7981164567728932
0.8084827104499955	0.08126496366111513	0.09231544835651695	0.7128422507608865	0.304479185874554	0.10778206607303431	0.5293469762513178	0.08885085726704633	0.100936860654112	0.8924605018759775	0.2754567304203871	0	0.7023373019769875	0.5252744742824015	0.9961171656354249	0.8392462105317434	0.02225436112792567	0.4809110028877238	0.423684203708086	0.9847475152040727	0.8654526725155183	0.8544681175604413	0.8261293869533314	0.26073892834126344	0.3646798289250156	0.21323172405152535	0.7731915808888479	0.7183759032181113	0.5046268240436858	0.10401761639858376	0.205108241872769	0.2645674500702625	0.026666464585500038	0.3135295432366043	0.7558370787759457	0.10928143349817054	0.07247767019687745	0.13846771879165376	0.1304676876118267	0.9307803764138838	0.010396783832221201	0.06871149241882335	0.4448577961593997	0.024149817754933744	0.6816842061424137	0.9291247700428433	0.9641354079608299	0.4590105341116373	0.7535593158618316	0.15337228219306343	0.48197627105613117	0.4176807914541837	0.1877361421425615	0.7685812048585434	0.6144823396219173	0.44265076521021707	0.6222272988994779	0.14664447695636562	0.879675144363704	0.8368077483443457	0.37859607147730523	0.9068178061888872	0.9295002875788311	0.7307386098302646	0.7871449072518865	0.31170935997977567	0.1871779509084176	0.3626459815140539	0.37385518727333145	0.41638880686637425	0.29438501418233876	0.04811701470750607	0.9711242145942139	0.5399435621505332	0.823937577589256	0.4434794579582877	0.8368722627267269	0.7521514420641366	0.48456797994227774	0.8172931391809131	0.10875282725475355	0.847878523118426	0.7930351602278015	0.6863165932635641	0.8729558292952477	0.7377747498117476	0.8417436927829358	0.03192434291912194	0.33113404715299466	0.06263334690232625	0.4972454219094844	0.7939147099325505	0.18611474407361017	0.9242953020016605	0.051817558249761864	0.6863156999869224	0.8344336553527871	0.6572000431205125	0.090270389663346	0.14444563171650981	0.5523621863319	0.5111535371918502	0.6125667353775104	0.5536529084854322	0.4193387565764022	0.6798470403755651	0.9597549848960456	0.05835899644129661	0.44818058196436306	0.5386869496887947	0.7789117581551462	0.815251297027405	0.26376856251210334
0.16519661645880457	0.9351623526332269	0.7458680951100851	0.366731345118962	0.5357285179618011	0.49078325424248725	0.26726611024960845	0.578876386859874	0.6535298263837498	0.23602288257483695	0.9906289289769835	0.7023373019769875	0	0.7930976182540085	0.35284589747915485	0.671130990625211	0.6427945307228004	0.4577362511674261	0.3213424996171008	0.3863427475314899	0.5257110943822624	0.938269378031702	0.5716532585231455	0.7683022017784944	0.4123809450351156	0.540702171264214	0.37146439324942626	0.3046940434850497	0.9322085972768561	0.5284704544754106	0.7718108481576197	0.2471100255834423	0.4460937419978438	0.3651093448685636	0.6795766855200048	0.6412666809749903	0.04322854596352632	0.6994564318750013	0.3313912192233486	0.9282113282048622	0.7779668479299297	0.5142836739103269	0.26777843063173246	0.5087606232852498	0.5398946040724122	0.34305729573276567	0.32770254263400633	0.9766180344701428	0.08397781577895957	0.5259206422779168	0.4478822234520621	0.7110121819831092	0.7643514296948415	0.9823922160129699	0.5943353869545613	0.2291070656878399	0.18781907022604505	0.3183536617391748	0.5818888243492929	0.07747932075741537	0.42958826042109277	0.2870067938800356	0.5409211238174835	0.09864423204723716	0.10758816304456253	0.3621224275968533	0.40432322258043474	0.8157600470485822	0.0579755447402962	0.10871323831232449	0.15201288503315957	0.17904885091180567	0.457517950804877	0.9432088045803738	0.05651399862689366	0.8212157596825999	0.9725541214736968	0.4995890280603783	0.9828428955975148	0.8199357903272346	0.9552556944555801	0.852534025241736	0.6170668252693299	0.7311595297182326	0.10777498168169763	0.08286684615699713	0.5657594628028164	0.4143371477536618	0.7765978567444636	0.6407872500165563	0.5693738558314285	0.39560352107219043	0.7510641570964959	0.6500304377267412	0.460083704338776	0.032179930599752105	0.1029888687931616	0.6756599912667558	0.8577371607092005	0.7852787127125446	0.5876478673852172	0.322731696833478	0.5554584933151937	0.7892455950734153	0.44481723649213833	0.22679659044717826	0.12280051663556002	0.49466571667921333	0.1686877869546537	0.6644584355966633	0.001814550515309321	0.9335867063077364	0.32550899077526263
0.8509307749846712	0.13723588728629665	0.44181943624157227	0.003216466208375235	0.7537224611066551	0.21033890049993664	0.5507252486937593	0.004233148435600964	0.5076142478439931	0.3497499158323528	0.6505472852449452	0.5252744742824015	0.7930976182540085	0	0.1749629732157454	0.12151356379115374	0.7656045110738138	0.0783062742188737	0.011925828396748828	0.09905355190467235	0.5309595475424004	0.38098150175235035	0.5367706036314047	0.06129784089451973	0.6327294534076887	0.5635221051467629	0.4195555868661992	0.08644134874404363	0.46839044195319457	0.18155859794648144	0.9988629091673361	0.8009362244188207	0.2812952384191455	0.739268333809371	0.8089774007762147	0.7211385225464002	0.6039857215107105	0.47659666789084265	0.4167523453868962	0.8730813057587534	0.2884442438891832	0.5251036729178924	0.8876066859447431	0.3133927609217031	0.9780289562457293	0.6397473272806113	0.7890551591874776	0.32677267230439677	0.17932442091798184	0.8391785346955326	0.41444277709282495	0.7009396570644271	0.7552898629424516	0.09233337188033064	0.544565620414731	0.9784266558841631	0.8623328745629263	0.6760760570449235	0.4281651857554952	0.6070922212016994	0.9061895238873344	0.8425526692659242	0.39371164581159157	0.28346552896783195	0.7433679004126238	0.37557224727954974	0.5126176657981268	0.34050436189158995	0.9374880605509872	0.8992415022797364	0.345659523539915	0.9555177432371493	0.04389178252341441	0.9986095962322205	0.5163429972926572	0.13266532490859984	0.6088636730581277	0.8929227857440653	0.8304695123306524	0.4604243014728865	0.5204046500827701	0.10595645264250764	0.44607853629454075	0.4064885767571035	0.47202031146837453	0.5254292656288876	0.26886894006349293	0.6525488270116867	0.8613824684748584	0.7040363137124284	0.040995477459961904	0.3860035122765776	0.28160949579943717	0.7696833653723666	0.07706773093222907	0.4689683863071866	0.6327067396868163	0.3016551750196199	0.9224767358810948	0.007114443168620532	0.7204244781947556	0.6516393418737682	0.005983157227646307	0.987269856581509	0.790322305359711	0.5960541217467024	0.3119724181074678	0.5865572259600994	0.010618258811093795	0.4673246920693519	0.3802525734605211	0.9544535612758079	0.11131270361570622
0.6396824951099008	0.13332497042140612	0.4580203557638578	0.12004597113271209	0.9771454504777823	0.12261325291342551	0.8557542650575817	0.8702534012119114	0.6418168112420709	0.020363076799466695	0.09857701581349732	0.9961171656354249	0.35284589747915485	0.1749629732157454	0	0.14956918939173847	0.4236182238997237	0.565800574180843	0.962472728030137	0.8458907294146373	0.5999241167850071	0.7628644578562123	0.09394530559114589	0.7750218547245294	0.3614278054767449	0.5264777086827309	0.4859162618477336	0.8612368902502275	0.23817487984065688	0.6387543817046212	0.8335393934857446	0.4335996356545042	0.3835678943936397	0.0343744730396327	0.9741707243468869	0.510322677559235	0.48526217464360255	0.5102521484792583	0.44576363891027193	0.6457064165599727	0.28703053341476725	0.828853312757414	0.041189471239484354	0.7213622237851159	0.5531363515425766	0.27411620623712873	0.2084063976827154	0.7878951921029128	0.8545590033953214	0.36958945597884585	0.4004609216765833	0.38122793303642843	0.8673698780693881	0.13276557626366692	0.9021082393828889	0.9235111110755597	0.13881376778544263	0.3879483070598272	0.9045748196805837	0.7838425979789849	0.5518542367649822	0.9072566939587529	0.07211231478446734	0.02019348575530433	0.22660161256528089	0.17949739892956096	0.18183694115672155	0.6168786734642556	0.8212859054328694	0.1777320239826522	0.26880486314844754	0.7860462160242635	0.1480818352598483	0.2156677994019196	0.3748028595590083	0.6682052537236699	0.5145900363864901	0.16361318149680748	0.8755150506298974	0.6458471169974191	0.4109804308650654	0.5562515456293976	0.9161765640432871	0.8516930431201136	0.5449399121906859	0.8269927680499329	0.5512522477590841	0.8131676888864429	0.04889307640499296	0.5995025833945882	0.7627436046931724	0.6007969486515775	0.944664941679188	0.44155643557371216	0.5918791848515924	0.64171921877454	0.47019318247848496	0.04284177410285539	0.9720468169773339	0.4440233841372333	0.8540446701516711	0.4953595800348597	0.7112210664848909	0.7939396332361905	0.09178046547826657	0.31915611254589027	0.3984445358812869	0.34345159458967744	0.7902491421983362	0.9642353146636329	0.8257510005861658	0.40196551463172625	0.10061715236293567
0.48578405461820184	0.19274393045155835	0.48979898260841315	0.1430673148824798	0.5131672236810512	0.16215325537068415	0.21748041481525315	0.7291893168293077	0.9780719007761103	0.4563616138053045	0.04687232029901123	0.8392462105317434	0.671130990625211	0.12151356379115374	0.14956918939173847	0	0.9136058093959002	0.6274931732803846	0.18771162465284663	0.9630455338866208	0.2813168358490996	0.7380309739255095	0.5289744939480154	0.4142988918353997	0.06671402602640775	0.48755944423718467	0.07773242884148301	0.5526828607377597	0.16835829794854884	0.32482297708198005	0.2654912992249572	0.8125998324799664	0.3421617932523199	0.0875019717924308	0.9930409877695179	0.9097137132429757	0.25079950657823824	0.9890748672377316	0.7530255488423383	0.6092100692101793	0.2534857270281473	0.9489451564739437	0.1889170109560745	0.26850376629278694	0.9093310929445616	0.01427879687353184	0.3461650175904756	0.8386693247101135	0.17910810765143625	0.5703740077860192	0.8933711999773716	0.28081375789581187	0.540204465987465	0.7227455298721445	0.04671669817354662	0.8834904068157813	0.9779023339950931	0.33192128933628506	0.510795437773944	0.9355833401975739	0.0257664320441372	0.8506307238329223	0.9142947546080143	0.2566323896622612	0.6675532698010314	0.03189077719589928	0.37855806129817726	0.3156903105801253	0.3186151880553021	0.11915347435857804	0.7328987988672487	0.3811090935359859	0.7692907483442526	0.11347579312615275	0.33291453203317545	0.9005155183398018	0.7910289140465159	0.46469819303027704	0.6457950692102891	0.5954901684938964	0.6691344892894635	0.3634698041777713	0.259430013499087	0.5065002232105872	0.08968786226915637	0.8402037487881495	0.0020948972216926487	0.3449606813635784	0.510866745849863	0.13372494305012783	0.17842690970875996	0.957661984490358	0.9584430463123728	0.8532089372507319	0.42628564941972	0.028026141729444842	0.5035869735803945	0.2930652818448546	0.6718791914979703	0.4338525852239489	0.9893912383910134	0.48561702951500907	0.07423979269159697	0.45252295704542045	0.030922386288177006	0.3547312301370271	0.49656543801405073	0.8122596894780189	0.6816314044196582	0.3622234876284225	0.3689658739845443	0.7457212840944645	0.7724341614085063
0.9984745416541674	0.6205225889110492	0.9628366094290254	0.3540854555731052	0.2393414334149888	0.7210386333239768	0.98226683613279	0.7671873035997766	0.11002520948487482	0.9728698710438665	0.2514195886272862	0.02225436112792567	0.6427945307228004	0.7656045110738138	0.4236182238997237	0.9136058093959002	0	0.6478834164160294	0.6133637773059616	0.25385196308770697	0.1417544575298223	0.5380803959324423	0.3965608484992976	0.9803035056582879	0.9985188958195136	0.7237873360164442	0.059299623533604295	0.5723646673302973	0.6303809849977086	0.35776708497675114	0.985125999948537	0.9162653390725727	0.7420264563527607	0.24186588921085983	0.3301950154683677	0.5761699513295023	0.3091661172824196	0.28610711799678223	0.30059724784617603	0.3437533513497444	0.5819637923368607	0.10809205420493495	0.8049276583729799	0.016793217388145987	0.08228653391228857	0.02545149911521627	0.17644749765030143	0.5314007093701781	0.8214886822549557	0.42641376047017876	0.8913676628082859	0.8129372363906336	0.7757559353950206	0.2367942830566674	0.2571848179459236	0.15795774940734142	0.7714809322455723	0.16131752231217233	0.4326052868276271	0.6335060834526972	0.5490488735785057	0.12851460525673797	0.5726058885840789	0.5160049618091189	0.0071457612688123895	0.022589939678270055	0.5943321947592504	0.7011372385918042	0.47427679516745913	0.5135369761636123	0.6339177332386495	0.17111428088109526	0.6939823857187588	0.5337206295152729	0.6520552590056065	0.9347885645183271	0.6839891011280361	0.2947213967200264	0.5338956831749464	0.4472531990356462	0.1362942690919906	0.8207872306374684	0.646467083415043	0.9468088385109603	0.9000292637033586	0.2151840835516906	0.7924052032416229	0.2621400392347927	0.9407718191422987	0.8597689579868338	0.8606930535576047	0.2934784794825941	0.5776769088934529	0.7380074008079303	0.41783254346367626	0.9630620060547116	0.6853936900376633	0.10830229777148115	0.70193508261068	0.36152995470921245	0.2845114984796112	0.5561779309194185	0.420910266459926	0.8510201091268583	0.7201491835304746	0.4313487276568254	0.09936720751585315	0.9347279237413092	0.7980035026134092	0.44970498309688645	0.6617798173896687	0.642541880580457	0.20786625335930042
0.3847689017875001	0.04420816927087334	0.17410284172548052	0.3729225120031253	0.8749068892911265	0.9126836950395822	0.1717134782914953	0.25676251226884095	0.33819629557696596	0.9942197015929426	0.06660134775877147	0.4809110028877238	0.4577362511674261	0.0783062742188737	0.565800574180843	0.6274931732803846	0.6478834164160294	0	0.8763473341112122	0.5955685038912901	0.4476319624626929	0.6145404511441694	0.36813134153664073	0.2731061559529515	0.41693344982055736	0.6160138498982602	0.5318537230612321	0.37686596483694335	0.18674306855225564	0.12463747372115874	0.6036409561275625	0.9701543831795002	0.5439971159948903	0.5191743008679133	0.6064376682191184	0.7501032282039086	0.35777632372154144	0.02933706682400905	0.3123438612849222	0.22917863392285676	0.25908415441458144	0.5522788384551309	0.48224025142140126	0.2487454723490956	0.3015406671300399	0.4169949406485556	0.1049646543725482	0.5959343151743496	0.1887957716519798	0.3250229278790785	0.7848135201104303	0.7507405168551731	0.3505468183703493	0.6418383915650836	0.8656589742407496	0.8676973810435344	0.7635306599891464	0.40630096037886354	0.7612237274397439	0.7448214427501004	0.6461155796442182	0.7055268377992372	0.8991268170657023	0.42351759469854	0.6732990435822162	0.2509345885166324	0.09570072957703735	0.16912468673925674	0.2829382358750764	0.489287203726654	0.26110265680268296	0.9447842035087393	0.1478152171088477	0.10570556915896401	0.05775643471481762	0.8116814510384754	0.30271063816833677	0.20988175490744987	0.3852143136258659	0.6525200271724617	0.6215485643327776	0.6728485619504233	0.06573974182179043	0.3384591837287173	0.736250543163785	0.38414345822272733	0.9125212609320956	0.8525742879727516	0.4467058730676359	0.6082971404395129	0.8281274642103008	0.6641771677428521	0.8149306216247413	0.18806510755354244	0.19305349833677177	0.5142889983247362	0.11412851161582904	0.09541821311080068	0.5333865585070322	0.9005202360303753	0.8219682502735258	0.15353793017122996	0.8628170224517516	0.07136562144357628	0.4330090053415392	0.2354045746189466	0.1945108058273035	0.9268682689302996	0.4533199592235365	0.4552249577972928	0.253890387428817	0.5889085343133106	0.7850821124655731
