0	0.9604734479826504	0.0457818016740793	0.21087264433875175	0.4218367107136154	0.6852906036543036	0.07538476335056576	0.6067873273246508	0.9728061272157569	0.6261842892388008	0.476567791209057	0.4130117195235733	0.4123200449124905	0.2986602221799173	0.2847352595876157	0.6867155817794244	0.44241550537499696	0.43296814105906734	0.13946723597558874	0.5944792121048067	0.9838286490443202	0.9155332040766782	0.6676396286867182	0.721989525945258	0.5787819811505628	0.755800577102644	0.8473726490084127	0.6141612284418206	0.63600345830864	0.8357979711843239	0.960035903590341	0.4473208547055054	0.9141362790142521	0.11310183693238285	0.9789493169021333	0.393504945977601	0.17652021656074313	0.44997614634328065	0.9314839251678377	0.911441659697634	0.472394786962145	0.521358161728884	0.4432685152756378	0.12084550077368839	0.7188520073748843	0.8967981767215544	0.4150821320942578	0.8292087274858565	0.8323882340217597	0.5819706107434804	0.3372726486842198	0.975827136741782	0.24651819266459052	0.05580028058442532	0.6807555182152526	0.9818505639611138	0.16970303670031595	0.6551352263295617	0.21726143542496945	0.3221496682081689	0.36496091617682025	0.64018373324077	0.5125655650534483	0.4756716494967578	0.103482987914157	0.6683850116239406	0.5378646955618931	0.42029291921551803	0.3374228242766284	0.059435322925631695	0.5897111923862046	0.23191503487117182	0.8216867814357465	0.6850394657082199	0.12202694688723603	0.9184666004869078	0.9468363224292414	0.6223399786438907	0.7624651237703791	0.3299545835428268	0.5473089732325523	0.949551683164097	0.15003819954241904	0.8579434110101041	0.8604991338397568	0.05223875950426693	0.5480871655965606	0.3131769268788045	0.8840192180884493	0.5072335309033165	0.4252107961830579	0.4462205283669959	0.02169455373984175	0.0021349811195733315	0.5112539147185705	0.10279904357934655	0.9116718427493651	0.05851770616245611	0.2331607096708891	0.6068551178510051	0.44495717319911	0.9584774271627254	0.1321475364925413	0.8784807697164464	0.44422317554591706	0.24431103070385884	0.050879759396806	0.0004904140307905314	0.10963032823440744	0.9598394728407244	0.4896515416239897	0.5590298897532409	0.46935403101773254
0.9604734479826504	0	0.5665671921401604	0.28216594752597746	0.0693657066121206	0.7548240351861287	0.9792027811074949	0.06716788650661354	0.8927839555282351	0.7975403431159164	0.7904400359593443	0.802954841132464	0.636951695671772	0.7093559416684436	0.6124919658908055	0.971850889471535	0.9637319509964184	0.7377040764584749	0.8766722876989934	0.03937163355938955	0.1757554456071877	0.8703723491762295	0.6029635781869149	0.8545884379268054	0.8833690386178707	0.7907567991675217	0.8234766395514831	0.8320179827174319	0.22244202205862962	0.8894910546350258	0.7455177183269835	0.01196705946723231	0.6335409465920662	0.38190212017582015	0.44453800360758455	0.22241648408208248	0.9083336164834706	0.9513865898636863	0.6243452343099957	0.8595870163538242	0.24268281341966436	0.08095119779732374	0.6643486738211196	0.48423191034504753	0.4256738191897236	0.8862079692066253	0.7947650973496629	0.3808313474830285	0.29392025127593	0.25450179748827373	0.7544236038202725	0.8313126363516752	0.545491846208324	0.32238750586341536	0.6609852224920654	0.6360404822287851	0.42521896642990453	0.5759974548196076	0.9771690719876939	0.5226306235131517	0.9805846046404892	0.9953493786348035	0.30691118339239787	0.5733154120806401	0.17512446950709304	0.24251439151062437	0.5516232408046934	0.9727554348405553	0.6080019048879692	0.8658857442365432	0.7337524549689934	0.8251271563707355	0.9867760069073592	0.9571668111887556	0.20436779305298602	0.6543339386148985	0.25991945025971586	0.24787967794739518	0.3839140666335309	0.6599424874404785	0.7523183196039864	0.7047249278273032	0.4362840099723644	0.17387838599442063	0.564483828873638	0.8337276678653268	0.7300814832004959	0.6138820263134904	0.9079468255691151	0.3839587668008392	0.9370747095000336	0.012416166881673574	0.9874858856057905	0.9990293504903692	0.6742028066488146	0.010258959835160786	0.2503522366516058	0.8786809040884579	0.8139800757509756	0.008669613476356974	0.6093379177059867	0.5343236814968003	0.12487765173239662	0.0261019825206793	0.13123253749229713	0.39328495654763374	0.49778285299038183	0.1091615515253559	0.4133889661273693	0.7344946586593645	0.3778906596034941	0.5570559078946472	0.06812112887854871
0.0457818016740793	0.5665671921401604	0	0.6390193877185136	0.6517251846619163	0.32968806924345995	0.872436552297304	0.36061415149372833	0.5636619608060214	0.7571848285002315	0.5893750371384472	0.6385534086661501	0.8041908558548364	0.9917928444398388	0.15888527667668662	0.7908869397272157	0.3147808930302497	0.33414176309628163	0.12974829849604075	0.07634643868329893	0.13804727493017832	0.6675569133448527	0.3850518551179042	0.43362304804529705	0.5974601648194947	0.6171653977345141	0.9686990939893769	0.46989253360049665	0.7404306198220064	0.02863306799489085	0.014024306154418631	0.39951168374795454	0.337927533714654	0.4381163755008234	0.8302381158031191	0.7216237588647023	0.9251103259236977	0.8594246117173182	0.04397548414400987	0.4526180623280254	0.86570818800435	0.2667448700259991	0.09887248970567286	0.7708033768458277	0.5643346774951479	0.816105134800543	0.679782293455139	0.846196548362686	0.700681152683437	0.7611049892342969	0.8829524970850092	0.25307201502469134	0.5774744489910364	0.43534092089297427	0.727290776078602	0.10200637256417011	0.2150674779139904	0.5041212235519291	0.5897404297778241	0.8938044218113878	0.3705376909166841	0.15201859926949368	0.43542162169077014	0.3034799498750749	0.5883885131218319	0.9078970025109103	0.3388846253576788	0.17212249317681028	0.22565874138110797	0.7552449897369984	0.8453328351147632	0.33657165446541815	0.5173197380849346	0.3001702035415723	0.4726796760849361	0.16550249949533313	0.4731433184100515	0.11706336471846646	0.9842379311076362	0.31064856054794	0.8670170234372547	0.16374498339399213	0.5001580879933614	0.3177481456550606	0.8999677391862941	0.2394583354645099	0.5055308730734122	0.8885247970303134	0.7734906055464416	0.34962796296555154	0.14412991868585423	0.521096885052323	0.6599277569173826	0.026308382910865236	0.4278865091024161	0.7733085700302919	0.44015916076162054	0.9545752879439584	0.7230064710941797	0.5738228953650751	0.04900090120858469	0.6411169397389507	0.12920465404460668	0.6595452606100429	0.23533541011884207	0.06831494805317317	0.5180752220825229	0.0016214956862095065	0.9135184066117668	0.83296497677074	0.54589312206329	0.9718440852384139	0.5132817951792403
0.21087264433875175	0.28216594752597746	0.6390193877185136	0	0.42189912280458175	0.6052683313462643	0.3500266977935551	0.10827196048944354	0.4901849146513403	0.3261302766931089	0.6324806801274961	0.8923221249759581	0.06391953991096455	0.8600678593705526	0.46649520680608547	0.553044999637941	0.2995157790024636	0.13508052304678675	0.9479157382134554	0.7213939934743938	0.4981655448852481	0.7127810809600867	0.6048353360796738	0.22633449899374136	0.8740236052218768	0.35590873245029353	0.5754117343858042	0.7249617352886829	0.8131424633103949	0.688859615212052	0.8733538498168544	0.33761718948668273	0.4295366656256664	0.8645064475713686	0.669417449311988	0.5346090071247289	0.706597434567867	0.5251856243944758	0.9091431503990878	0.7398268679069431	0.038908251929054005	0.682275686207638	0.4376938782149904	0.04521157346523419	0.7229238651973579	0.9480608275558158	0.09705623514860184	0.22567492164059755	0.3457860127919815	0.5470386053459286	0.9464407512453556	0.983787386950451	0.7349460432545406	0.35792983207801266	0.706175493294922	0.8231396479891638	0.7453626046675844	0.30174366880898473	0.10354959157026733	0.6097778408489385	0.281601383778184	0.4136371142470121	0.5819673835408602	0.7864051511401987	0.36209420053320984	0.6639995658214282	0.5662910447267747	0.17873346967151693	0.37931356073999334	0.17218467558613648	0.253322235935851	0.5695051054091028	0.23859435109413474	0.001717066464866579	0.003974644024030138	0.9868682622162921	0.11705200538480598	0.34425901900469935	0.8351460179577388	0.396170047326866	0.348748147963323	0.08024544799166722	0.7268079671717533	0.8763143473510362	0.8973263835705511	0.8639451246679222	0.30032615343869673	0.22143057432791224	0.7293049539373954	0.3179580298267948	0.10500124912406572	0.15158674033888464	0.062376109879145325	0.45508905835475244	0.5337644047257886	0.46004795482329397	0.509973706154947	0.7789262062275292	0.6914020528266169	0.42981816909524595	0.39637058966894645	0.5245981189486824	0.8127234867159984	0.03497051375230176	0.5399996175950714	0.21279364695088931	0.5978028889099967	0.6106293872019173	0.7278486765219737	0.2144185324633059	0.1458224549055257	0.9151306654341559	0.8536361398263381
0.4218367107136154	0.0693657066121206	0.6517251846619163	0.42189912280458175	0	0.6836834823403284	0.7870952100196443	0.49869486854257106	0.6330830261873991	0.3844802880261785	0.39432555564261296	0.9411869532587194	0.5070609087567616	0.7515979449757493	0.464753301357821	0.5371714822055965	0.6825227856042105	0.9803699533064899	0.519526918859355	0.6451083599144278	0.5780730773727532	0.043372150747881144	0.1741583378680518	0.3823188887882183	0.5499057578090495	0.22912384844752942	0.8683066287096699	0.9972144681847275	0.4276559036287918	0.4730132771772665	0.4100819357112703	0.6697981367540727	0.38284511776409347	0.4424422357932273	0.7944968644013242	0.7679292807512554	0.42637739558318	0.09094319980380106	0.7366143019559852	0.310614692744002	0.21775324059411727	0.049172211456683046	0.7995547363409944	0.8444336754790425	0.7611921897227377	0.08718266154090937	0.7746277103673858	0.24232003648947742	0.837518211812033	0.4137392985716467	0.9671192423341789	0.4941815003508807	0.22896729091473478	0.41767272299209424	0.7575471174288216	0.10047130493805345	0.08737421549725122	0.944985746068215	0.6899431566691111	0.8290992437079739	0.22751428093429826	0.3655372168620187	0.6768775055520363	0.9949485250885733	0.10065758279834902	0.08934016218283913	0.5696332171443299	0.3333328373609995	0.7890002641297876	0.5029361501346695	0.8552832321609469	0.71949454346938	0.48033709546830816	0.5305508365715	0.17575893349475147	0.6496177947417792	0.8812397462348455	0.190213623461585	0.839805141421089	0.8272573764683787	0.9799338960562997	0.25042161327785817	0.47520296364090775	0.9472016861086453	0.24846249389839858	0.9573611089878196	0.5489836493006254	0.5286828945678996	0.6431615007236807	0.8005981124750217	0.7392950176134088	0.1876864538804962	0.7383121625742619	0.8635450978623276	0.38573287430944125	0.3704965692670912	0.9930291638163046	0.6685344564368983	0.10327375736193156	0.8312489496684834	0.34635130215714693	0.575755506609751	0.9914287076679521	0.13921513282643116	0.35557448792523483	0.6358266917122231	0.9054845857253783	0.5148763123612684	0.5949712104094614	0.7998802214512597	0.11721295360219808	0.4153995240203975	0.24047598943135118
0.6852906036543036	0.7548240351861287	0.32968806924345995	0.6052683313462643	0.6836834823403284	0	0.6092518887582676	0.2923957582087081	0.15731855106032155	0.07412433782685757	0.3463367452834274	0.047453802543977686	0.1701341126405208	0.18932027273502583	0.9956092987947915	0.9990410370692165	0.29542690704193	0.9287103276426607	0.13828160453560612	0.6326574035558282	0.1477972224075803	0.14670977486851122	0.5002935684109143	0.5652253795924357	0.08239799179902652	0.7946704242511454	0.9708323815478559	0.9352614175098516	0.5829227069286199	0.41301087212473475	0.395099421490834	0.2392412904072826	0.1607252823640225	0.09837429610899961	0.33775973575497287	0.9381357011667014	0.5338601323151314	0.2026227873291041	0.019596586677301575	0.700381544842255	0.4926560669635177	0.7655241207318878	0.6241767452082302	0.14492904378594373	0.20779954114732657	0.2738151302480242	0.019477972003582145	0.8104417808998012	0.6892538646355326	0.7365711059345987	0.45813300854620886	0.8285852929487415	0.8199955764891932	0.3155194655285328	0.33481936435863824	0.6652507086154714	0.6327311175473385	0.9894461793862473	0.5341203288432521	0.9358290331702862	0.7070004918718267	0.39085701687709096	0.6242433062911231	0.8099796423336864	0.1383244610599167	0.44442701467505685	0.2968556899829544	0.3068047751686247	0.8224266159743225	0.39750474859691676	0.6538296837736683	0.20082962777581936	0.024451458076399146	0.04566326093967432	0.457639810908828	0.6858912128197154	0.44050026896525496	0.15469617900239085	0.32481005528211715	0.9398918422233079	0.6374438594651778	0.8078904103343985	0.5966123307574305	0.22622161670240515	0.22386189036071225	0.994233021874617	0.6638126080809092	0.5902668227163747	0.33345729603147156	0.6346337805928842	0.7347945498765313	0.037544551768046275	0.5152784497212265	0.03814349491294933	0.753705496271468	0.3533220602029049	0.0797698264753347	0.47537781776267807	0.47093906869560975	0.8271385009934242	0.4322267602876264	0.9228834394353436	0.30981380372574885	0.4184695039072376	0.7529608551985401	0.7203610765969345	0.3956969340955879	0.6870944308083362	0.006381044634326871	0.7438855573758346	0.13986335386773063	0.38456134701697064	0.7747526661563136
0.07538476335056576	0.9792027811074949	0.872436552297304	0.3500266977935551	0.7870952100196443	0.6092518887582676	0	0.21690764728863843	0.4461946890121854	0.9199545266291937	0.7365534696910483	0.8827975851449432	0.5834266261964515	0.9160178087941054	0.6508538273921401	0.844864789835404	0.18626247524421025	0.662554845055466	0.022521829032628116	0.9711117669080259	0.4244828992891261	0.9240385618745873	0.5142731498197155	0.00313492573643237	0.5905282599188226	0.4214592689463508	0.9115068454716335	0.8759964842374052	0.573814383297777	0.4249729932524132	0.3867834268332617	0.8114370780835519	0.733908285043304	0.20626147509285797	0.8913788380008101	0.9471145142937114	0.426987650491341	0.8815000403558938	0.577084568430404	0.874773119179499	0.7585211629859397	0.1217835702821426	0.8303722947679754	0.9381706758131151	0.2671798823950857	0.8510716540312566	0.8883605679407475	0.42997797032283425	0.4251356253366766	0.41204166676141174	0.02903103919352068	0.03208446689160205	0.9786061879256082	0.8687892848353557	0.796013985575494	0.7760334891840897	0.6726727799576343	0.5997712515142692	0.5575017144559556	0.5129218137862654	0.011902567975919709	0.6861796050181617	0.2877747317176379	0.4802614256246809	0.9690963648186981	0.7652962834256319	0.6247853956596537	0.22824665057777016	0.13322544341204678	0.524559440782702	0.40965815950598083	0.54910022101545	0.5669921062090503	0.5233371554597058	0.7570455865314061	0.6476338755436376	0.3865182765104226	0.4200366377896365	0.4262120737590164	0.45414017701945764	0.4223602096272713	0.15880355709729999	0.9514169928158166	0.7922111087634326	0.5322327168532487	0.253266364329896	0.598993397735857	0.9842077875837292	0.05587018589081427	0.9023295879137645	0.03870966791418695	0.20080851880570139	0.8282697994206809	0.7924832071609864	0.6101497751748511	0.7129775559309142	0.9855042258579391	0.22149693661706438	0.20898710144498778	0.6426065352679483	0.8122887104610607	0.49248186106198477	0.00958812777740059	0.8168522148034055	0.4927992639528689	0.03061108071654317	0.40593373813769873	0.15523964163894	0.9361188567116611	0.38498999353681573	0.6674302420374831	0.7310468695575353	0.08036749712364077
0.6067873273246508	0.06716788650661354	0.36061415149372833	0.10827196048944354	0.49869486854257106	0.2923957582087081	0.21690764728863843	0	0.019335034018446717	0.49414137948517134	0.925998117212704	0.6668965321906286	0.46159710228797746	0.15804038699835898	0.15630322804251806	0.6848487742128763	0.08308498836905576	0.5165627529499568	0.7930527148210973	0.21924990413553147	0.416310848352351	0.01379075353493231	0.3024968554488612	0.3889531602255111	0.10801054880850458	0.7197346286000353	0.8167257608633102	0.15967349279793397	0.4044469703322199	0.9244897581923935	0.6340602518516916	0.05895192521736525	0.3141731710829694	0.5463743919194554	0.016239002451910123	0.2090697524896329	0.43424330981336323	0.04734850443496397	0.26721672728182255	0.7213714443482336	0.7073319211115955	0.32404059101650484	0.258099831920487	0.3298960751605077	0.755578317706668	0.17985759995318573	0.08154900921760877	0.03307285333674592	0.40478642910041296	0.18148268678267687	0.7101844203470018	0.09337028874136655	0.879784359399814	0.5115489427815331	0.963335553687482	0.8033482625494985	0.11826828849431736	0.0644009599040688	0.9507849107318401	0.5534656046043069	0.7295195679336594	0.7226340317131017	0.501711706211565	0.07831175679726365	0.3372972321767309	0.6657819331021626	0.7471341055353021	0.003017095945765269	0.5953401145578935	0.8071491211862943	0.4522377049865055	0.3376373123068285	0.14529642139452015	0.48871127819804094	0.4273008927432047	0.8651630122433822	0.1239526568359216	0.7283783664549678	0.1011946509867202	0.0845732552024272	0.7540708260273765	0.5409795977525482	0.4496179023727519	0.20023865608887703	0.2985652342689178	0.48583477485411586	0.06781353856268668	0.09249616741327982	0.7415542374166975	0.7710313321395457	0.23441058504221968	0.02745449577879333	0.38253101751291474	0.38653038378591054	0.9055456672160439	0.8924365841196502	0.1788096862144739	0.13712624877191115	0.3567106130607388	0.6758454791046608	0.08424745549084811	0.6327044345035624	0.8336040624179849	0.12442146405585786	0.028957290553633608	0.7280162848612308	0.8954488689658402	0.5357166436743567	0.2100830381683968	0.3619646132485643	0.3029693530192612	0.262912351846352	0.6738329107292849
0.9728061272157569	0.8927839555282351	0.5636619608060214	0.4901849146513403	0.6330830261873991	0.15731855106032155	0.4461946890121854	0.019335034018446717	0	0.2809601912986447	0.5407656121606801	0.7437919674315028	0.5919787556447896	0.662136577797729	0.587151067879092	0.5585671210966031	0.6911852910489039	0.37637942155861803	0.5724689363161124	0.6624982509666096	0.24854196741203793	0.606539996608579	0.9221722555355475	0.18248554886408763	0.29447072940455565	0.25027604951741367	0.8268844693679992	0.08725657903060413	0.7492071287821396	0.8495394997561331	0.9464449574290276	0.5083507120601471	0.714580820845231	0.04101079625668225	0.6872105987165829	0.25906251173212247	0.7160332947164102	0.1271011771950814	0.5916308562300291	0.3918453656864672	0.42807518769050423	0.7315290212978188	0.8328799529055708	0.9483075367806779	0.8088010119470245	0.3190184763940277	0.9186181481986344	0.11170030245981721	0.3499370840361551	0.0813212980020449	0.8076707509632893	0.22791534847188366	0.14122846980546822	0.8818943306787096	0.5469820551459992	0.8487457630953373	0.3824203061534399	0.29078783516392726	0.03799751738975732	0.5364384265640338	0.8425055715128872	0.3817138252513401	0.7699274265806697	0.9128401858296984	0.0700850871305313	0.6778783194336211	0.32152118560776033	0.4177735326620182	0.29899225429824405	0.8439158833749709	0.6132811099427911	0.5873363226059389	0.20320807837204524	0.7835355646377293	0.6423414239273607	0.48361232722918934	0.7193046344138667	0.7608811765923761	0.4016483886114355	0.34039352364598185	0.4860366840378034	0.2653649240778978	0.023007283646293564	0.7894049649282204	0.493733556376871	0.3537812495329665	0.7196994378305898	0.5000700278445491	0.23949986154030745	0.4810329888142745	0.1365775237564697	0.4523467658075314	0.5976254707808557	0.9585717197292388	0.3468467835444734	0.7421095431356503	0.7241353113434374	0.7172547415141582	0.9278970788294901	0.6439858175386404	0.5444479288202891	0.32708879315557626	0.5881930835676482	0.7256325174776401	0.43598698675965863	0.20628330671658435	0.3837539316921643	0.25925436798099666	0.5773740468738988	0.12399519238939927	0.8048460623916804	0.7972777452841682	0.15431733228677846
0.6261842892388008	0.7975403431159164	0.7571848285002315	0.3261302766931089	0.3844802880261785	0.07412433782685757	0.9199545266291937	0.49414137948517134	0.2809601912986447	0	0.4870420922688503	0.7671959168840865	0.1405718538542131	0.5935144722552719	0.9775161260350261	0.6583195721725695	0.3303137769388086	0.05404938984929475	0.5778038683013516	0.5111017984653747	0.7251486867298603	0.9353742792666524	0.0762562744280556	0.8936380708723245	0.16404605177510845	0.11572942678010567	0.5216903924293024	0.5036006405643685	0.2427641618311418	0.5727858350733468	0.20727165864268993	0.3163514141323668	0.4368564083640988	0.6792151266860409	0.8925846284054968	0.9817649598928085	0.15293139700280778	0.6827479926567183	0.072573556268412	0.6705480580016658	0.9299782090587478	0.20401139961991732	0.4948090343455521	0.2665497057445805	0.9804409557773762	0.26583044955448	0.7460920124982565	0.08700922381855747	0.830405825727129	0.8398512721516594	0.1966432505381387	0.03007402346382837	0.20316644315860666	0.5074001267338942	0.6096313328157268	0.04287943133681693	0.25575021743567794	0.3745823162688202	0.35204918689995235	0.03637365231707501	0.30644175712615385	0.017427650560620345	0.6739099683327991	0.20574262314814984	0.55907757264638	0.7375193343776562	0.9816804380312266	0.3322985086434387	0.6933192750850002	0.7672687407233295	0.21012411614788817	0.9430780714169614	0.5068342962374759	0.03871756198752008	0.8774396730183206	0.5642924656807593	0.890405917645672	0.6618455845804898	0.6998052729270787	0.4159649969669713	0.791950589168951	0.38085517807613456	0.6893386477188216	0.5454698816784246	0.8989394108003822	0.891300751148887	0.5326576105656197	0.17922391183161346	0.1144112436360778	0.3230407048730505	0.5455488142648188	0.8280699958174332	0.07608965441883253	0.3499485348656318	0.5509688200349738	0.9944877551286215	0.7163294215803828	0.9169788339556812	0.8063220744706514	0.5443083935956734	0.19594180286618967	0.14091500016950065	0.17700538067844662	0.06639125432827497	0.9054913716202446	0.6044600978961207	0.33965099596350945	0.8695049987904717	0.9437019369350883	0.15598250824593518	0.4349021597200383	0.5686202984556409	0.5759884729455915
0.476567791209057	0.7904400359593443	0.5893750371384472	0.6324806801274961	0.39432555564261296	0.3463367452834274	0.7365534696910483	0.925998117212704	0.5407656121606801	0.4870420922688503	0	0.5069628296124346	0.2740637219579537	0.09856828427937514	0.7100382075849125	0.5842147785850866	0.5641300240351586	0.4936910329333668	0.5911743670513464	0.8782388660547175	0.7123346085456197	0.3202348563256314	0.8841224317363329	0.4627753994256607	0.37048280311924164	0.6811752526211607	0.9421671891389317	0.4323843095803036	0.2090891836561184	0.9545863576600552	0.9069684396148064	0.15261307302073757	0.6348866511914729	0.1579513591871725	0.3136838377223927	0.2515843626775449	0.40830920547579086	0.23883463087774826	0.24625253187455187	0.9817651801529556	0.9286470365552749	0.09651592090106853	0.044949133012887166	0.7708580391927929	0.8340041028551796	0.9037798385873757	0.7980046770071292	0.85106321634895	0.7245983222279756	0.9025122921140271	0.19539601955458463	0.6489850896859265	0.1517250693283726	0.8980689904948639	0.5324134603773868	0.0487409059843118	0.38812467441037213	0.4487299515001668	0.1847894409058447	0.3418500900805148	0.1418343340249748	0.7137365707944439	0.9080967856716542	0.11136738086932796	0.309996618894149	0.048825276132460904	0.2040116306862082	0.749394217040735	0.8500130419102262	0.23691108570707997	0.17661504295733677	0.24669235966114778	0.6264180634289164	0.18650171596046716	0.1790039334109984	0.21751595251745615	0.04016632285756194	0.5070361226943286	0.6942536010218805	0.49059626339130635	0.9108444331538056	0.8555175752970137	0.06993936774522713	0.1956526976595755	0.039868543452250105	0.06174226971649066	0.8683885733037372	0.2985986290780319	0.2212452565332419	0.7955510419893308	0.9598918550585098	0.36563778669517677	0.6458891769001884	0.7437347305114644	0.005583865312931535	0.9433432514049869	0.8591596628936621	0.051785290962657715	0.7414032361321283	0.8453459386276015	0.8547948016641328	0.1798010601456157	0.17000920417075083	0.4913202959066092	0.3928207359607877	0.7078171488326394	0.374487655453526	0.7394889216484929	0.40089137322258717	0.42699609532947413	0.5832133667606463	0.3315584739173769	0.34147341330041736
0.4130117195235733	0.802954841132464	0.6385534086661501	0.8923221249759581	0.9411869532587194	0.047453802543977686	0.8827975851449432	0.6668965321906286	0.7437919674315028	0.7671959168840865	0.5069628296124346	0	0.6789887401844539	0.06776189936429988	0.5769707331968235	0.8782403948180508	0.6543759840062292	0.4907953409209487	0.6078877103378867	0.6532215290898236	0.8594932350660455	0.6608766092004837	0.20992829093009036	0.11075579211248687	0.9411476775777686	0.06504740189108715	0.6185381805190816	0.11543699626994641	0.5147249959596288	0.833081169959243	0.5026361791231466	0.18231363087514263	0.2776697722992665	0.8146230564621563	0.9409065249100454	0.3974887884521763	0.645735222053308	0.35728231171125235	0.6461577966614559	0.024623465587765292	0.7018249691087801	0.03299766243616176	0.4774652779023487	0.9048677448719126	0.567902510253633	0.19354094393196464	0.6419704593162759	0.5806639097482407	0.9025801520930549	0.23222845929834568	0.5940269085796969	0.724169917522965	0.7783052446849558	0.22699754446740372	0.9223085931670414	0.9439433993430006	0.2997114563213211	0.9152618123334696	0.8213118626058494	0.04177492470492161	0.4258595487341854	0.6847809864016271	0.2865437913567441	0.228879121643349	0.8605635785893323	0.16350255456846385	0.8589537946464075	0.5388791944084654	0.4900242464925014	0.8826506954700236	0.45221275695339835	0.3320519108439415	0.9905177008010885	0.21007948141217647	0.5344192458300592	0.25056943636134865	0.805975883555001	0.030901226790735148	0.9651528972025551	0.11783934589998935	0.4498286913313242	0.3694652985543856	0.46943930373849574	0.6627025376861733	0.9366146158001031	0.15890052018316914	0.05576179841996354	0.5238333746369933	0.46500046312431387	0.4456138511282327	0.8796727306443924	0.30293992027451466	0.12096392359240393	0.5422527017408806	0.42028613546307725	0.7788529782349624	0.49569701596658966	0.43819166410536137	0.9169312755491432	0.7354174205555988	0.06734560382248078	0.9394499340784173	0.43608338065784435	0.16248535330595304	0.9324557051859929	0.7463775253172558	0.7923398715308996	0.6156853906843583	0.4060763268934461	0.16729542227104088	0.12976872399983552	0.09564402389866256	0.4620673887673834
0.4123200449124905	0.636951695671772	0.8041908558548364	0.06391953991096455	0.5070609087567616	0.1701341126405208	0.5834266261964515	0.46159710228797746	0.5919787556447896	0.1405718538542131	0.2740637219579537	0.6789887401844539	0	0.983161878417263	0.7140635552376872	0.6586286840684835	0.328539540493601	0.9364503081237227	0.8551510236512685	0.7450390584151712	0.979133407753397	0.37564472365884616	0.6613614247100608	0.9748145437583121	0.5969987153184013	0.7444092135148405	0.7762289770491891	0.9203220200275242	0.7324752767404353	0.030359255070377955	0.09158493086641106	0.6506211259380721	0.6854399043401379	0.13847963071368607	0.009860660788696185	0.48984337840231906	0.18814824052250012	0.21471074066685025	0.36879151403993315	0.21851177986122483	0.908405791145673	0.21239420874416592	0.9242147178549976	0.47853406336557114	0.9288738596350153	0.23875755458631776	0.26782916746850727	0.872360207350808	0.9111519907606785	0.841550054814242	0.7988573548428665	0.7955342404200972	0.042532778714816866	0.7025413451188293	0.2816474958264853	0.946731319073635	0.2267788399863272	0.4636650902487335	0.7104099905731754	0.1636425405228441	0.8049623691181157	0.9374271322398336	0.46165610056555206	0.994828015468208	0.035554025053486926	0.2479892766885914	0.49660343549732644	0.6312029696158865	0.22484635766291716	0.9401971287368669	0.1257035956617194	0.8654203414498604	0.7736047637335588	0.5790233519087472	0.0014422649322864967	0.17256077047785734	0.6520634203793262	0.627909025931881	0.5807073454849612	0.04065190033932431	0.07481247320924622	0.5842058320249675	0.9249038730368186	0.2095621453512836	0.1935412449235826	0.6275853215850346	0.7315160523123893	0.6263854764759944	0.12678004331434267	0.35592356719639817	0.25760297187966796	0.6845292091336208	0.3114550830260502	0.7125128324276968	0.3519854837137575	0.8419468345906116	0.46423333336534556	0.12032103789044768	0.7020807198786518	0.7139434810296026	0.14743075602408096	0.5814020857189921	0.3529884325060346	0.7708639783817414	0.5944398425026992	0.2697689621622664	0.695218093825258	0.8666221830514235	0.4747867801649174	0.15073893642019676	0.10380617552829186	0.5924816439371797	0.4362306445995282
0.2986602221799173	0.7093559416684436	0.9917928444398388	0.8600678593705526	0.7515979449757493	0.18932027273502583	0.9160178087941054	0.15804038699835898	0.662136577797729	0.5935144722552719	0.09856828427937514	0.06776189936429988	0.983161878417263	0	0.007241529356299736	0.4858648073676721	0.8766889153448009	0.33081973935720266	0.5126665278044749	0.9830724041036077	0.6233226364478517	0.6722881456261324	0.7788575731240196	0.29489909262795966	0.32261561497349767	0.7478491814088379	0.4460705979604417	0.0196297736965646	0.7124143466616331	0.4703494959214748	0.7443901545162327	0.5862486952272896	0.9010809451435132	0.9916612912574598	0.2671611206255088	0.8966364938949551	0.3644732697637164	0.8530179994765555	0.9883000350539357	0.36321740999202023	0.09391770717763515	0.6448498503387472	0.6999569644092468	0.8244269468983112	0.672281223124666	0.9530606918469283	0.9396847301099138	0.4047011201017543	0.10948320946733581	0.499781444765815	0.6975403750852113	0.5872829552894384	0.9220568390979632	0.8119670977855612	0.04656493541600493	0.11846071200680253	0.7057545770884427	0.778666570403918	0.01630199438703328	0.7790339653792796	0.8456316262655426	0.1365398684710628	0.46824479555530096	0.9432208177074035	0.6148574976401927	0.14750340940765483	0.4984093169091851	0.8421057717709166	0.4885548258561335	0.8519206532100123	0.11123699304729584	0.437581587703908	0.4158400689922237	0.9736265935879271	0.01789660917150082	0.6652152663465283	0.09301149085374294	0.5866145231487337	0.6660398681549182	0.7096549383907064	0.9423976067564768	0.9900478367782488	0.9249661871836524	0.0506476798870823	0.6878743822420438	0.8716168787444836	0.8228739184379756	0.44476432062417603	0.3987215310469808	0.7487184837726754	0.4863758704082891	0.21860447099661262	0.1564998033560796	0.6473353561797783	0.6873400994745835	0.9801982763375203	0.42281196003855326	0.0710798015445504	0.9095110590303195	0.3605973775260145	0.8541781905776794	0.19223252775540178	0.4890616398760861	0.3736438523441673	0.25149357007623374	0.5552518629320597	0.4382171655078696	0.9932094214224935	0.5913639612703672	0.4123942232772234	0.8746866899972219	0.8819016628433485	0.7817781604588564
0.2847352595876157	0.6124919658908055	0.15888527667668662	0.46649520680608547	0.464753301357821	0.9956092987947915	0.6508538273921401	0.15630322804251806	0.587151067879092	0.9775161260350261	0.7100382075849125	0.5769707331968235	0.7140635552376872	0.007241529356299736	0	0.2818642831758532	0.4477437756563558	0.39575584846661893	0.03472583938760154	0.6774281872542643	0.8987442334955305	0.9197071280182204	0.17235483080697422	0.5866310929407051	0.33755895453332674	0.329024048767497	0.4326148554413126	0.5536398240085033	0.01311057656469583	0.040239874350256	0.7517549965031096	0.5046543989371052	0.8870960188722049	0.6262218037088306	0.1168657093729567	0.9709487846137269	0.45669830569530845	0.6307068875283095	0.5468138946195643	0.6975060924026495	0.924359488225997	0.81960219474852	0.5855947701882327	0.009341530918673402	0.5478572472467205	0.6714376007675866	0.6464027391995324	0.6836420070414848	0.5888882396013286	0.27786850030262333	0.8005305828428205	0.9583215697678339	0.4681296171982118	0.3256409628332799	0.44291431107644585	0.019021020371250086	0.3982486378133534	0.34707788246686533	0.8032367018082978	0.11758413667479417	0.6997628485728806	0.13897649320364636	0.05952655795844686	0.8890296097541641	0.7125621658538527	0.16946407681610198	0.6676712888601557	0.14789654447209677	0.8275746751096382	0.9754381960910528	0.1610452616386009	0.7301463816603475	0.9346150452983202	0.04352943534222509	0.192232631503503	0.6510540988378445	0.4914999665415275	0.19241787871766058	0.7050404397238477	0.706255799143846	0.31637662178098613	0.9698682091096507	0.5597807115263977	0.5261353618152146	0.07597274606885096	0.3564210445074192	0.7033830790262475	0.14121318124434723	0.7146254289951623	0.8200383792518913	0.7958734868759302	0.4709123178484167	0.528300969813708	0.7531709998746455	0.32037690428238497	0.869772418896348	0.9949369648956433	0.674141727558198	0.7676150706164324	0.9480811257440483	0.3533416732526151	0.608695045571286	0.5336740885530888	0.7288897895719493	0.8331128713610875	0.9717607523427818	0.4438825862663237	0.593523402741921	0.519772806140749	0.02979707118601771	0.7250495051633882	0.7386011529100979	0.7649375084110523
0.6867155817794244	0.971850889471535	0.7908869397272157	0.553044999637941	0.5371714822055965	0.9990410370692165	0.844864789835404	0.6848487742128763	0.5585671210966031	0.6583195721725695	0.5842147785850866	0.8782403948180508	0.6586286840684835	0.4858648073676721	0.2818642831758532	0	0.4142903898710738	0.5683411081270706	0.26964680842301825	0.6502533465828957	0.11811593077105453	0.43063163703503815	0.987977899652417	0.6124605865203657	0.9428982377376921	0.12916779350755214	0.6843565243516987	0.9784142137713042	0.9671408190733164	0.35267732871787505	0.5809686878465204	0.8231294397757143	0.9295976261129809	0.698548675373445	0.6296312859817433	0.6516173518240396	0.9399506887021236	0.12848150810294368	0.585811198597789	0.07937932053799801	0.8021320019796302	0.9456437677959441	0.6962455243879776	0.6268828062090407	0.11458429343631937	0.5770974596881224	0.4573469607994233	0.1428814022766397	0.021529036339134278	0.11697557839234407	0.8904002587024937	0.10754576908120084	0.5379655062686813	0.39648075428174223	0.5434369125897851	0.7995137686898485	0.4439507551600831	0.2681095619697961	0.7959056708310072	0.2341841504300538	0.3161265255106459	0.02265748254728739	0.5643110128053234	0.19013682420650413	0.21093954059142372	0.9872758760049442	0.2836534900386536	0.7781220527395227	0.14037101676743735	0.23567213774304285	0.24850951737685656	0.37201622827112635	0.38370995407850617	0.9389924839545777	0.6031860082969273	0.7651991160866628	0.5607957544919017	0.1520989552245926	0.45475187956207175	0.07010152012403603	0.6046272720017661	0.5495774444604387	0.21050813375486366	0.9751552649572117	0.9515816380240449	0.05524412636367049	0.8613491859049168	0.062149025393653745	0.6490419245491941	0.31004969800031057	0.6509484599542824	0.37136560798278895	0.49643891895061676	0.10935220883202279	0.5392143296835079	0.004119962063488636	0.9164091970329148	0.04274775505457107	0.08177990993458062	0.6343030442860979	0.7849522015746974	0.8124167609180706	0.26507526276779336	0.15032044356414853	0.21144297195266304	0.05893417983496352	0.6221539798250209	0.5071434160645106	0.7927127644584793	0.3959106206714653	0.043470819840469854	0.6876151540666068	0.4623459158194273
0.44241550537499696	0.9637319509964184	0.3147808930302497	0.2995157790024636	0.6825227856042105	0.29542690704193	0.18626247524421025	0.08308498836905576	0.6911852910489039	0.3303137769388086	0.5641300240351586	0.6543759840062292	0.328539540493601	0.8766889153448009	0.4477437756563558	0.4142903898710738	0	0.6289639580021235	0.5428854100275808	0.8905045520675012	0.18985632019860832	0.9817490887488786	0.3189569485090441	0.20030904193358434	0.6105833825510568	0.5252189338374837	0.28443546714781165	0.061047465699165304	0.34391597410091	0.707545464604828	0.8036603224253855	0.22173426292345733	0.16919011431669262	0.6240952702356857	0.4581302528383068	0.8233621428898901	0.9223998449824808	0.7933211280233488	0.9897657709915513	0.9633226291590661	0.872768973306746	0.2025573643707238	0.35843984012424723	0.3931279323234813	0.49165208919632464	0.7933176309693574	0.9992796587357172	0.08180727401780707	0.5372191272362858	0.6054029633413457	0.3857488885856123	0.5836066498016322	0.9866376744101142	0.3221069441122597	0.20772582190366184	0.6946194516908696	0.9328343267792603	0.10682622463858771	0.9195396509927182	0.923164719382711	0.3719532858913214	0.37257801083071795	0.615884386655289	0.19692001979139828	0.8824665326582789	0.01175644259473807	0.39200794918684523	0.4959990729674322	0.2177342770783265	0.9393448699475585	0.2895887020244945	0.7993615530664422	0.18443614028528255	0.00398039183467136	0.22627531659437294	0.16520222216797675	0.4552163124609673	0.7627981441611473	0.05554831933123561	0.6161857709663705	0.6068125630322266	0.9227327394318403	0.9531749563859708	0.1516778545871088	0.7743704745397146	0.3672162033159594	0.16682215264516387	0.23250772757973304	0.13649526514702037	0.2986841858326328	0.6589664169073899	0.3867166437444838	0.36479618247354495	0.036405366319165355	0.3502292340370755	0.44531899829367383	0.40045287190491685	0.37609196902345243	0.242744493373918	0.4378346242572212	0.16657095486466855	0.9185942387551189	0.47353100469085885	0.08101128592140594	0.8969848534694894	0.9543080203014076	0.86322779202951	0.8191229110163849	0.42429360616565137	0.2714864029873092	0.02031665284161055	0.800686069775027	0.09492145554928799
0.43296814105906734	0.7377040764584749	0.33414176309628163	0.13508052304678675	0.9803699533064899	0.9287103276426607	0.662554845055466	0.5165627529499568	0.37637942155861803	0.05404938984929475	0.4936910329333668	0.4907953409209487	0.9364503081237227	0.33081973935720266	0.39575584846661893	0.5683411081270706	0.6289639580021235	0	0.3728354843838627	0.3622880969870219	0.3945561643064588	0.49009606613396894	0.9781145455655351	0.09500644784601942	0.44280403998525175	0.39965368840434023	0.17667902066992647	0.14763685497767365	0.8063693018774523	0.19161431740558055	0.8729934515469988	0.6552949249422527	0.3262565762049592	0.2701942629551237	0.5461743105420748	0.6224470515091024	0.21947509595650028	0.08601528408121717	0.3237050561647026	0.417102814411347	0.033851722997653155	0.05032358768082312	0.8828131333177159	0.8423254283812901	0.8466884217345246	0.3352320142353068	0.5574353647864965	0.8271944474348732	0.7501676775822089	0.41320714141342296	0.9691772632798064	0.5201895186015487	0.28030861756139147	0.16487815691230512	0.9731740666222596	0.050290253968001575	0.6587562274142625	0.9011784701445391	0.3881930444127494	0.2896415455745842	0.33959715483605046	0.6248158080135419	0.8279778782251245	0.542445971451783	0.3612068469957608	0.25518233734283124	0.32343068774285255	0.8135491188517544	0.6130144465416675	0.11126211140473441	0.06274480948371008	0.6647447235944735	0.5757891347912244	0.46899868874285733	0.6405427210022624	0.15497260723026907	0.7736034771143743	0.6224742189841516	0.07253758725093729	0.47505894822335804	0.7371966826222975	0.18381473107688007	0.5553452356631785	0.3441750493314133	0.43676094800153153	0.6144429389927705	0.5209512637093724	0.046463950395082554	0.6820986553711389	0.45547534925189126	0.9417344818123771	0.7274289174156223	0.23708596722385689	0.30534957472761326	0.4064117409619513	0.12625125729836284	0.42884199610619844	0.787552586727834	0.9500787308496438	0.24575400116434132	0.1171620261747699	0.5657073174818434	0.7353360472215755	0.3331223206959538	0.5629103037598413	0.4636134675182778	0.08791547923272713	0.6848427067675148	0.5061583067089305	0.7699552709432969	0.31966442576157117	0.8500397237261484	0.8579981518248601
