0	0.5454701510335127	0.17186531503221092	0.1802234107934909	0.5546987504607485	0.5329600134943397	0.2863302410874564	0.9534386673937157	0.9877161622137486	0.9171564649848777	0.9198771753846565	0.5837140531296624	0.49233616630251853	0.0699151673125501	0.7385850636675885	0.8491679521085685	0.5801457467929042	0.933075636727621	0.902057969483919	0.40093080911064993	0.839438553031888	0.645356700875246	0.09435302292016035	0.11992003439180032	0.4123708924902998	0.8427429624663573	0.3097847939192824	0.09205501049609743	0.5523367333282069	0.5102538392708093	0.8789139980184258	0.2417705147091893	0.538796633174383	0.6293530357817354	0.5207005622104128	0.11882132874985207	0.36887953430050124	0.7618808694787075	0.8050666046848953	0.8127232962516653	0.6976053855629392	0.9960752324395182	0.14144401107844695	0.9308731017701514	0.04854822294149452	0.6967175356844697	0.740585871777808	0.21242560297897362	0.5680812250854013	0.13003050354936518	0.8770532391036236	0.4814972351863306	0.20519316595519466	0.05341279261117149	0.5368792661240587	0.027712746445066938	0.9077003448469027	0.6905498266030297	0.08336007472659468	0.7729230368476971	0.12719898062645307	0.3094126699511478	0.06177180064168786	0.7956339083352523	0.7781220859427851	0.23794287104676248	0.07299222486950263	0.43042229073981497	0.3603130971801206	0.7442413632822761	0.11923414661965992	0.49892901616335905	0.3976451880812284	0.6229844538852587	0.3051767460622662	0.15023525409022742	0.807203395075571	0.8891281270604904	0.2393319252123881	0.5901491438285421	0.7073381537105112	0.02667753105087034	0.9626645458109279	0.9435529713437181	0.839700130526447	0.09355453681318404	0.11980396620351552	0.8739211202292373	0.6158542337194814	0.8614579099444297	0.21981696716488242	0.5105391057584375	0.5256503021930324	0.708494336089032	0.10693151278213009	0.6278982470932688	0.3403019177188479	0.3084415079758207	0.8242841300385022	0.6632657039266331	0.7021058117864156	0.3305617959410496	0.995617075343421	0.031039735112531885	0.7113111205776378	0.8310504390177649	0.9248305901837227	0.532160476615676	0.7492644707545937	0.5691118522616291	0.24125610749729187	0.9801802692260476	0.3770360002298965
0.5454701510335127	0	0.8529318094853018	0.5887000501236939	0.08202617803816459	0.8921390974896606	0.13769966369288933	0.9319422792028977	0.7565907412432131	0.04387118738031781	0.774541075445282	0.0622361509200674	0.8342774151503151	0.44676828215227904	0.0375175937813228	0.8452487116164836	0.2993726641995641	0.7597765663903487	0.1231941871230865	0.8189068558174033	0.12709316412810756	0.1718163768859643	0.16608442057604234	0.5627854949657647	0.15973273862582793	0.3555623999138986	0.025553411496130662	0.01870803151188616	0.3294529316160706	0.5751701477862244	0.8898787117574493	0.563523707381755	0.8142428591321902	0.19769976820299717	0.3947931983499573	0.9582199888025296	0.06958138029570671	0.15349767186423502	0.7694622530058111	0.4693867035414607	0.5104431598477864	0.4713213719708007	0.2759502733866508	0.13486812521103275	0.546795818988506	0.8916497321098946	0.16232116631344717	0.20515499191402642	0.6814783057331005	0.4648373172142205	0.9281631692775728	0.4213173560166742	0.36242544362808593	0.36878117137531174	0.9264608562011226	0.30776920951097286	0.7411783264986488	0.8971732958334684	0.11524585251823916	0.2931619751303608	0.2536669789276649	0.7158506245654608	0.45695712172851577	0.9987070388596544	0.601353615678061	0.5445520414582408	0.4499108872610488	0.2993660742498986	0.9186619553754358	0.3577753774756308	0.5010225895851717	0.6756998287571063	0.7826683004644078	0.9322306546890292	0.5961887940975206	0.6570473883568304	0.21714077759934558	0.5005301477800429	0.4727068583294073	0.9224210982692654	0.34455788163217493	0.988711136640325	0.22416607548539613	0.5156658469153548	0.6430102979164114	0.8905508179939254	0.5510806448383895	0.9522266015159617	0.15346171310880563	0.29544443655117414	0.10294815280491265	0.09796825400661657	0.9753614618881209	0.14675413344916288	0.291867034977621	0.9270475779828835	0.5322329337193092	0.3552188974873699	0.833986122175222	0.703231334571997	0.7475330714683115	0.4600070194462986	0.6668364620899102	0.05730816352265766	0.9067318365056433	0.163399067303166	0.4772330544504362	0.2997327234730892	0.18515839453619953	0.8554001535552802	0.5040856475347323	0.4510889407071751	0.8355049692282394
0.17186531503221092	0.8529318094853018	0	0.12077490070210317	0.9927051747471592	0.2420936256921531	0.05079360233397934	0.20739953724741955	0.5825829909017841	0.5745485989594911	0.29099454498944766	0.6259296245969935	0.7451418552936196	0.8179679985197902	0.1485626927065633	0.19588512665512292	0.41305204928605976	0.16145342236233662	0.09377032976079613	0.946453434045364	0.8116356564687778	0.965164353990986	0.13979078721845062	0.30008094250759587	0.9000784192188278	0.11288595843431681	0.9474988993180095	0.18503237716582788	0.3820405243708065	0.049141882922532965	0.9155550188822187	0.6141277938960202	0.5879650777307848	0.4059959883950237	0.6823656090555812	0.3569903146043746	0.06026726732487808	0.6002690637449689	0.41919074579947635	0.01807523783839804	0.07551436739037076	0.18548788119487514	0.26125615120235857	0.42936399281606763	0.424403302265007	0.419272051189053	0.5665242079898617	0.9091783962341586	0.9942923624701475	0.7165094556079122	0.27878922394788175	0.3768607942576374	0.07234316236922211	0.29528350170303175	0.6863342897524717	0.36867893017234843	0.3314746136129558	0.5921783372951848	0.25068526676157665	0.7114636771158208	0.31428239503009336	0.4547811069799367	0.4205412877985444	0.6654887443889184	0.2477966820746622	0.6269265448846243	0.23174156941989865	0.6017650925642002	0.3387823613412275	0.9992715714802975	0.6376805590979833	0.8576615055381178	0.011247376432129252	0.1145471220708848	0.9606625647845779	0.07021293148750551	0.39392799329034345	0.21287784860213288	0.9692669523903488	0.8166154241426734	0.28771291728814075	0.006755946359425891	0.975698351644141	0.9870604702774513	0.13433892975946315	0.12858692849781694	0.6423826959121122	0.5258002432924782	0.8064131560152814	0.8740661610253441	0.09775025224449763	0.8408559398625468	0.10153976933284392	0.41476976533184573	0.12642848414773	0.8762494840419054	0.7851722362056374	0.7170586175895403	0.569276114489937	0.9472138930736611	0.08539662156500327	0.1303100117675099	0.062039338208575656	0.7815626407874015	0.6757952280216494	0.43866517748168643	0.3490994607021818	0.03236072877886931	0.0029629980873240314	0.6113697651783764	0.6909310223170286	0.031228617958026894	0.2731861491765265
0.1802234107934909	0.5887000501236939	0.12077490070210317	0	0.25271926140483236	0.417620739071376	0.9282908716142158	0.22335698243535906	0.5660271514522862	0.1804989867583402	0.6868297753711171	0.6059266495830914	0.21047307456624997	0.15573220952347155	0.8963696695419028	0.14994559674464314	0.5189812262423494	0.2787463529828589	0.8649548278856964	0.08375843247498804	0.059145124642337565	0.7418360096628656	0.9133009955795023	0.3687578001390638	0.7314539674206417	0.16422243470270637	0.22931575725735676	0.5985286545134162	0.5678335748131931	0.22909015402673472	0.6812065321203304	0.49619243488364084	0.6960156262379643	0.232201883361139	0.922443538470434	0.1303070838148589	0.6306866230999012	0.7313766992065384	0.453586102360941	0.48556647797773567	0.03065401121623701	0.33621476203208633	0.2205104423712161	0.21489187888311678	0.6695121659928307	0.05223251369288562	0.4869919365748161	0.7428285545804184	0.06050348592954946	0.16630391641696574	0.6995124893813766	0.0171892486189138	0.8707515865135531	0.44248555203567763	0.16114709474614908	0.5271888647222838	0.6496475222520681	0.7937125032886635	0.2823117169397641	0.8230041487825762	0.12971400551804302	0.43697940453310935	0.9457406084542092	0.8477384308992849	0.19721495457051297	0.11083638939599583	0.9470202897764275	0.4239488084770424	0.6603667997888696	0.4683610025296414	0.11906358003172912	0.05983974687653448	0.10000750163258665	0.9397623659657987	0.5450140782024044	0.8481527703747497	0.6351589998967565	0.45738949387798	0.4065460874507958	0.6074788838313904	0.7582231013124209	0.9838447610299812	0.6567196567051561	0.8086978513209399	0.02141485002861032	0.3497438131244638	0.5672064053526954	0.7872145001607799	0.09984966245656635	0.964333593024653	0.3470898825941138	0.39161704366610095	0.3039797793570088	0.5333857069417441	0.8046805283249198	0.9756157183059938	0.21751615564280447	0.020467470118673114	0.4802526914226328	0.6115933710693814	0.18092006802363403	0.8816287657479891	0.7763174112917269	0.2563750111159966	0.9126536237917858	0.8317801232665044	0.49408984385669485	0.9149675412302003	0.2530981128752485	0.8468079564249038	0.45339256849711906	0.6410715240254468	0.5305939142079116
0.5546987504607485	0.08202617803816459	0.9927051747471592	0.25271926140483236	0	0.8679454838383429	0.7799501422424319	0.9975183649415177	0.37184337367793907	0.6357016644267467	0.4333213926927001	0.2768954548936159	0.7047366728852577	0.19287638432807275	0.5186802443901338	0.8871505994800232	0.2086417284363472	0.374057510214286	0.27431121584370777	0.5420528526308092	0.6963032165555351	0.3917320440715778	0.06625701096311765	0.4716207806643282	0.8401438775667817	0.6900694115602334	0.08736305371464737	0.8341775417640426	0.9800638451013852	0.5448337549435978	0.025464792702590833	0.5602068078415199	0.10322921861563039	0.9102613336287032	0.6953601530179212	0.40954543443736946	0.5891037316663572	0.0666616585765647	0.04854170160383675	0.8680170249515281	0.19724378008123888	0.1268061290560466	0.48375423308223886	0.5805002507855536	0.6778437836544156	0.6021779159867873	0.487144939997774	0.7621242556658714	0.294991591982801	0.12995916928794937	0.8516065700487457	0.8185981634205031	0.7968938224323027	0.24296180695363767	0.6158193394418375	0.9488799540121347	0.8914106103759921	0.6943717694072623	0.3266307556030982	0.35101439475787466	0.142231041846701	0.7045496137629534	0.7532985667970684	0.6280051112290487	0.032965738495643104	0.5117673408514575	0.6960650086854483	0.6562546458406029	0.3215676618980029	0.05440150234010965	0.7474931421135685	0.6976251124027159	0.28717447039587685	0.6152729513570909	0.8946436174558341	0.020029413715989097	0.5676419171850424	0.18500438946583764	0.051056619405098536	0.35514550256409794	0.28498576773867323	0.1505375241944592	0.29100819424306	0.7611078632452959	0.47343494360837113	0.8085253094514997	0.5639499453102691	0.8494188804896735	0.7289784645001343	0.2947359705871557	0.8944858405433017	0.3189541286082984	0.18191689048674853	0.2055422818638376	0.7961241211042537	0.11223879759502742	0.349589346888188	0.04020829436649809	0.7927930525696256	0.17283148275335247	0.6515180101882013	0.8413542975146733	0.4982845781782851	0.6776043096230813	0.1720501492340082	0.4451180182047798	0.5079320920594005	0.3324095862226215	0.4663979885352747	0.7122071043253262	0.6914718373362065	0.045798287883093036	0.3799468983314477
0.5329600134943397	0.8921390974896606	0.2420936256921531	0.417620739071376	0.8679454838383429	0	0.6944745088808787	0.49206330478724125	0.45296356270538163	0.8941434465131087	0.30159837297995384	0.4464339662292287	0.27174990675181665	0.63150537911926	0.5188376936278543	0.5435748862386903	0.7806004563375875	0.7372602791377836	0.8968142813861746	0.7884733512379282	0.4390990907767852	0.4489706786328105	0.7845927568965944	0.5942752586734846	0.2971926647545985	0.7888762066972124	0.46817218428470864	0.5161941594493537	0.03844687827426152	0.433419462936219	0.6014435961908069	0.05627727316501763	0.9493935506965029	0.15320944443540885	0.8689557307169852	0.9398721825889863	0.9623920764815238	0.6706442963787177	0.35472321358937176	0.005396677832372854	0.5952387993059726	0.13526491289709253	0.7403655771407416	0.08628127374246042	0.6325866879076426	0.6938498805635998	0.8885895804110328	0.43614972502832006	0.38359986317273154	0.06919290944342349	0.7340358335795055	0.36074224798735477	0.6460454126693292	0.8383395786200806	0.9110125899059438	0.682460033503501	0.25933583700433405	0.9137067750511277	0.9341037952362224	0.9959076549249133	0.5094642402137332	0.8904433375685369	0.018869780127484415	0.8219699584805205	0.5182292392324885	0.16478780253283243	0.25478967026858046	0.31117190062008726	0.14450485369250754	0.6156810451220512	0.4203380345477076	0.7632285380881549	0.3220711115608861	0.9053203765841862	0.374996045271876	0.658324193235581	0.01862056749948382	0.9892476939576825	0.6454951449327071	0.9351572930852541	0.3246830417400546	0.9183709734560684	0.08977426410864331	0.557337616757295	0.6398725802825358	0.764571078625976	0.33707069092163044	0.9194318148420371	0.6958412141044227	0.9983844431079572	0.7491914470272855	0.848820996115668	0.8132537621204576	0.9969664826239336	0.11977305281598949	0.5621052927340409	0.8731380667685175	0.5903221712484963	0.9495972781191259	0.6978161534364791	0.8095661386084004	0.8588062327920728	0.9869895213320378	0.5926357939954487	0.35116965675298417	0.3599993843687683	0.5051564807233014	0.26904550243023395	0.8871420295200506	0.8678366887853243	0.3106906647002484	0.9326967858520492	0.30048821278227467
0.2863302410874564	0.13769966369288933	0.05079360233397934	0.9282908716142158	0.7799501422424319	0.6944745088808787	0	0.22577487456743828	0.8172683059523067	0.6555599407644814	0.356472121317428	0.40660977205765336	0.7144321358859776	0.14593761232336355	0.010980810246467354	0.30221604905935073	0.12671654714243719	0.927021258714224	0.2331072830909876	0.3704796289462251	0.9966597521923035	0.5835621799222405	0.7421296012645034	0.0013599177918601768	0.517865470545011	0.3813123883010684	0.049613822390764284	0.2345928560158308	0.2924604772307067	0.08610322335747045	0.3699960077169028	0.25088209221196633	0.4698304781573458	0.1350580000090046	0.36495957855993744	0.0589625311062808	0.49400237335103314	0.4033906685159121	0.07584537120249923	0.498807579592093	0.04208793683379941	0.5486818365147225	0.5947970476362983	0.41652074976252307	0.27240968300519763	0.5806518201005965	0.9286480323219432	0.07679800938872461	0.6303522567691514	0.9560221859090483	0.7816458232101967	0.0024554993252760005	0.37086675160683447	0.7956201355859674	0.30579463622314274	0.09648527288735909	0.540764706229609	0.7267399477138113	0.07101577682935534	0.5791329324494396	0.7980434156608771	0.13522083117706274	0.5953381134304347	0.3645915366886999	0.9055847705199602	0.8382885216337608	0.2592082664877231	0.42785998420074156	0.332746051652289	0.1063393351396903	0.7329669484619759	0.28565068988915854	0.23153047047720288	0.4192320292239622	0.8836423576461777	0.5546840927233835	0.7938127483356985	0.4115225413275805	0.0802414436379636	0.9216071290566574	0.605087619586702	0.7430283704542533	0.03130757251222971	0.26576262752375324	0.5663423204241376	0.1816075765536821	0.15629460833538378	0.712646538548089	0.3167568841526448	0.3407268107508903	0.3613847042106434	0.9074304915120194	0.37162666462546734	0.45109655627069	0.8417523009726289	0.3428224069977226	0.1315849388312852	0.5212108730689125	0.616884711234548	0.4038296376589351	0.0286406323431746	0.3323473146904282	0.629340175581589	0.6822336238113996	0.5220349803917663	0.3001233631940039	0.8374241560299801	0.9854966294149449	0.3275709166128117	0.9864181990785671	0.6304921018740859	0.7666888780106045	0.2597213383592829
0.9534386673937157	0.9319422792028977	0.20739953724741955	0.22335698243535906	0.9975183649415177	0.49206330478724125	0.22577487456743828	0	0.10200652593961912	0.25422487036573593	0.25411944887931937	0.936616873986788	0.5412049507656185	0.3581451346836937	0.24200994175766932	0.5209441278001672	0.0634616423805916	0.4248372300920863	0.06438428021547937	0.6150849717867136	0.10257003895639027	0.874775477490428	0.2459309380839746	0.14695546024804573	0.19154874609570516	0.5166294565983566	0.3505914361205592	0.05308289427916191	0.17430095936115308	0.8979505658873348	0.19835247425424885	0.10296876787464804	0.5704634276650955	0.610686533472876	0.2452472892037243	0.22779845742376015	0.3804465929094344	0.21850845969323018	0.1804899118923151	0.3609547925220181	0.13676938175529574	0.24164606241320108	0.03143544687157396	0.1341109258583666	0.3092530408385652	0.8457263202581299	0.07342653957552014	0.3213273306262019	0.14054478158640793	0.7624522261574086	0.02224904535333161	0.1232724447358946	0.8770450877739344	0.5422441833067091	0.41934725281069085	0.2760718081647171	0.05484126971389003	0.7600292148316168	0.9401548400636118	0.8793946615163024	0.5105644159225493	0.7837392728147192	0.7514204323988737	0.5645679794336808	0.5863057425687241	0.9330523019972542	0.6668534795631897	0.46624667032073	0.027455504029790467	0.35089252072320654	0.034921966671627946	0.7324877823735039	0.8024772258756852	0.8163797986004492	0.4943373932232894	0.8548534252353996	0.9876798332765693	0.09660232698942262	0.2776910549732736	0.9912982081581793	0.37735108820666485	0.8957571863115058	0.3701594068349582	0.8678913014083104	0.5382521759589567	0.909857142715946	0.8232880012048654	0.28599067079088536	0.9795179212911709	0.7115524262463507	0.2773842353027941	0.058902990583560855	0.7415259408721788	0.5657497968928866	0.48491391859724875	0.890261411720207	0.7229729470471664	0.8716314478652714	0.9421536581721481	0.721482657069022	0.20902444731727132	0.8113392364778604	0.760747914879257	0.35591359845495474	0.09089337774803341	0.7715549672613676	0.41346934305265837	0.11285816210813604	0.32026064674310617	0.14519193279890552	0.3645625526123094	0.6595367794364863	0.2029071206335169
0.9877161622137486	0.7565907412432131	0.5825829909017841	0.5660271514522862	0.37184337367793907	0.45296356270538163	0.8172683059523067	0.10200652593961912	0	0.5965790193671325	0.01807721515071714	0.4224088218755424	0.8072504687626112	0.5383721581820191	0.7399461587274266	0.4824497765663529	0.010469787027697186	0.3168898833164341	0.2492982603115378	0.037688541171207124	0.7525141459945441	0.3135354964937479	0.7279418415868186	0.47472911371579396	0.370865152994312	0.27320712443295436	0.7259922271010636	0.261034134829341	0.7597457422328735	0.9550638727323173	0.1903770955549573	0.4120750862422419	0.7135787119764391	0.49438242201045446	0.39658653092769913	0.11349140534096058	0.8794677066315099	0.7576410875509921	0.5187114194361268	0.03588827437070252	0.9374095025647149	0.9426092681565255	0.1854567460421811	0.9672240085029508	0.5703201042033714	0.8920008624772515	0.9499999851496941	0.2648641252440953	0.782408803160351	0.8153089056728127	0.44283851794469387	0.6557156486369178	0.4066640144896474	0.44551458848393	0.4509181076967743	0.1983710237797226	0.27329058584998545	0.4344407499546947	0.4450116814781374	0.2294216180841	0.5462533195387208	0.9899616937401118	0.412634460365073	0.9573278529524472	0.3122981500792519	0.660918531319818	0.2749280186297246	0.8104895214126898	0.3667413957815112	0.24332405059591478	0.09150508191965168	0.8857471947516654	0.06446720134787842	0.4079495771287974	0.7440052350945608	0.576817408583813	0.9459105659942018	0.6616945838013973	0.347979707858029	0.8934177656214438	0.9867099529785881	0.001203242122791326	0.11063962577435937	0.947515713210958	0.1326115131714013	0.7029165338594614	0.13831050825874558	0.9736031974004757	0.5741459356841181	0.12737279621489705	0.33964875027018715	0.34866010666525704	0.02292194266633718	0.9429076717229435	0.9205046194381327	0.21391203354216426	0.7201985989310884	0.216257952749772	0.24751366695014088	0.6504505777274402	0.8324860846422216	0.6216309715140036	0.6330036243396959	0.11657771306884412	0.2903262731295555	0.015928202153357884	0.7243260376870728	0.4607949871604685	0.9611048327870723	0.08275768110166604	0.12265704027829272	0.048887013079002006	0.17582212319637947
0.9171564649848777	0.04387118738031781	0.5745485989594911	0.1804989867583402	0.6357016644267467	0.8941434465131087	0.6555599407644814	0.25422487036573593	0.5965790193671325	0	0.9715847857139079	0.9965790069172226	0.824607404370101	0.4187829436092654	0.669125171294045	0.7100488591042132	0.1078246933146969	0.057257613858494816	0.8335373644612802	0.45749759526503864	0.39594637670822264	0.13496512819572148	0.041353227380497404	0.5705656918953312	0.01510750954641793	0.6406625899908944	0.8670433787025119	0.44840749838350136	0.040093141386086883	0.34216755203235316	0.4507939709305919	0.04645771312033742	0.3141018337021847	0.08854260008407155	0.6882651372350792	0.028925844420075952	0.6813337264233829	0.21312944192696104	0.7354537635087465	0.3046534922070637	0.9436200529522719	0.23795372401752635	0.6399815080312657	0.35424038673703595	0.11708594629407243	0.07687121470575864	0.5162936111237503	0.727333346819139	0.9681693052050009	0.6690585839441202	0.9401324815496512	0.9772870418918491	0.9000016520172358	0.3210329967313993	0.1700744379104443	0.30316457560823207	0.7620366981299118	0.5791212737413506	0.29907784949904015	0.23371729284855014	0.6942818177875382	0.7729111597398167	0.10024256222012717	0.09763570986392456	0.6714420907288482	0.915671077451566	0.8268964068829393	0.4506658359508513	0.8418826729504562	0.7965751771059737	0.20201198402035758	0.26864201350890093	0.8855512085292384	0.5000118053284665	0.008275867645854196	0.22189568788062775	0.889477116829584	0.9588223763164695	0.4196670071483781	0.9267481355551127	0.6894656625169568	0.7723913305211311	0.7860436209787539	0.19154898995200242	0.1415820439564185	0.8166849581676096	0.45756593986381533	0.4122795987755522	0.6022381500570949	0.6162468421526894	0.019428363676056604	0.4540787277077012	0.7107709397895849	0.521450272256431	0.7233547197271878	0.684594687958212	0.4222366872359077	0.8378148986116459	0.8894255984885148	0.6924472923520929	0.925522313047549	0.5518099074175565	0.7230257963756331	0.5279622045829906	0.7197700124496708	0.20673047921658116	0.7176141310080283	0.0419246263007137	0.9381337280757559	0.6538737695880098	0.2824677042288921	0.8526333071111034	0.7219333315050849
0.9198771753846565	0.774541075445282	0.29099454498944766	0.6868297753711171	0.4333213926927001	0.30159837297995384	0.356472121317428	0.25411944887931937	0.01807721515071714	0.9715847857139079	0	0.6520348296581752	0.5203314031510416	0.6816626591611841	0.19266381706885705	0.744488959078195	0.062390222848194066	0.5299936320693241	0.23980120974001784	0.6143127497374345	0.7259752737824363	0.5069479643358069	0.6045066393242795	0.5184361018947254	0.12062185401487635	0.6114019985166059	0.6254026958687441	0.5150329032371205	0.5100036085878352	0.19396546717005192	0.6832340234264903	0.19399105254496407	0.16808547844092303	0.6415880765286857	0.23621985809251989	0.7230217114482762	0.6979246378656199	0.6468295812563154	0.10924948939689427	0.799603588304564	0.36319908449295957	0.9174391909567617	0.9042049858421964	0.7976063207304999	0.8893095618281545	0.20049043630998076	0.45084265566815473	0.6003413957295514	0.44614389228210194	0.1628059939806198	0.2905192071164324	0.801023458618522	0.9686633644808261	0.5590063238797343	0.023740064169010533	0.5524853660537276	0.3956957904065027	0.40964746597750024	0.2832341332638184	0.8454187536130338	0.9365625756764304	0.5494196921825538	0.7204127226882185	0.058351389468222714	0.8701424539891132	0.2582280880434238	0.7376755272004665	0.11429839973043199	0.5605141798360985	0.7104355892899513	0.9451970015262523	0.5515271857228582	0.4432143799349232	0.5948393650615533	0.2237594295753096	0.6581670914899956	0.8006145875208351	0.29894852443686004	0.7001496183613322	0.7201561040107289	0.7115752152170947	0.43907886743031366	0.5072202509108653	0.503279645839013	0.596207881189146	0.52252334000771	0.7280427405995826	0.5554637507116073	0.09392178650444805	0.2299847133779086	0.4489998540440381	0.7733684531998136	0.139623075156319	0.9413776862292617	0.9671187161474517	0.9749962924815038	0.43659771915755774	0.755169760401462	0.5050419715534166	0.7340024137340196	0.007963175634904562	0.48001446578175033	0.13953305514240122	0.5822503228893627	0.946792795001455	0.553904227516328	0.13420978689582563	0.22816518461346913	0.5562841889542297	0.8209798695597396	0.1376022074466604	0.7151962537564088	0.9422070266021506
0.5837140531296624	0.0622361509200674	0.6259296245969935	0.6059266495830914	0.2768954548936159	0.4464339662292287	0.40660977205765336	0.936616873986788	0.4224088218755424	0.9965790069172226	0.6520348296581752	0	0.08044747053428969	0.6748115107305566	0.2278713822011219	0.6624329597185585	0.03554598705976564	0.6007851427795288	0.326532917528946	0.3617693658087534	0.11544340259247377	0.5227109040979865	0.3564104397066783	0.8695496330421612	0.8076806551046474	0.7061321614412206	0.9728830321519847	0.23339594112507056	0.6466143827460369	0.4884478688942092	0.7998680242715069	0.3292565383056463	0.040148656158341844	0.9521828275872997	0.8616759456449575	0.8308566043310754	0.8054244948870407	0.2061131525659421	0.8890455192734433	0.2829220884632998	0.8655262425385928	0.7760730159022273	0.5045133301169312	0.4607533174131797	0.6015993076010352	0.37996814016347635	0.7548947083478407	0.19114292543927813	0.44517323872077175	0.5045850782300239	0.02923561160580823	0.18237726319384784	0.5508618060093549	0.008887636275430766	0.20276079118688017	0.8991833354119512	0.5163951096902308	0.4095919989654254	0.8054787103613184	0.6399508970847748	0.5494308408537171	0.31690067182881276	0.15111857618345403	0.7574889311810151	0.8572152639767365	0.25188502445615735	0.21562146396936277	0.2436325070806301	0.8243086449492628	0.8524591181189727	0.14060877023285812	0.7503110460202456	0.8627926491418126	0.37663497700886894	0.5799161955855315	0.2023690759013408	0.4024270475602947	0.9828890248630577	0.6093891730706693	0.2828569262658469	0.5572909867156385	0.13051189855551215	0.732843022989532	0.03592634130655892	0.7004852224557709	0.7170801009954453	0.9693427542359693	0.9844568689454205	0.428808771894544	0.5362329396127605	0.7111956446159543	0.3681515848183935	0.4311134970484798	0.9095002266737017	0.7575940838843438	0.07386209693566004	0.8527809417030795	0.7556149377175612	0.23645525062486028	0.8696168241392976	0.38166358148019286	0.07405574929427294	0.008740969723762593	0.7219902501994307	0.6244155983125094	0.9156629460759829	0.04303304600480384	0.11212144329010865	0.26410186203405883	0.9685404149219783	0.7029747829345491	0.02158835223977651	0.460862598447192
0.49233616630251853	0.8342774151503151	0.7451418552936196	0.21047307456624997	0.7047366728852577	0.27174990675181665	0.7144321358859776	0.5412049507656185	0.8072504687626112	0.824607404370101	0.5203314031510416	0.08044747053428969	0	0.8632026212803505	0.01905041363114146	0.6592106869448084	0.5391732418597857	0.8699767105402116	0.3674851999712805	0.5154700153125326	0.9370404896068099	0.3274544828562882	0.27294217684051025	0.27342784755983973	0.8238529089255006	0.7685023574636718	0.28047765833059357	0.9649168541918123	0.319073004927087	0.4071847993466755	0.004639966756179725	0.9701459757019055	0.010915512376069803	0.6568566985147666	0.7203897239936622	0.4585209767859397	0.6060577832512114	0.21228021871047908	0.24407977965173377	0.8515494228840331	0.5054239798161884	0.023408132522753755	0.49638572204008435	0.21997517521279775	0.16349047738719913	0.5159093922211077	0.729917150304397	0.3260375469747956	0.141394444000014	0.6654419672455126	0.5673216405633517	0.28090600180617653	0.8686560659581171	0.8961976830046527	0.562608145408275	0.19726908613786387	0.19803961880229548	0.6762503245335292	0.5535506456032702	0.6691222578930612	0.4048004489831907	0.4154172712633508	0.6252595496385105	0.8602330341860268	0.5883833770924175	0.19087990394867627	0.058566968001261155	0.7645296141293628	0.3597687177276597	0.4332233456889001	0.27243926951540454	0.006311570930891408	0.6086633403450059	0.1576779822647063	0.6574930976053257	0.8953523871512231	0.3231802980125773	0.46852703223873715	0.6891914069886197	0.028496430969087494	0.7599690989196152	0.003998080892111622	0.48528802887238787	0.023572419696054614	0.26063037271551337	0.2428900402489511	0.960876538829039	0.19478922529609755	0.832268737557115	0.06887203942723352	0.4348663730041059	0.8531478582841159	0.2937017979176375	0.4270503261074673	0.9045788877852081	0.7439286648256174	0.1263926240436556	0.5789807255132917	0.8941419332490911	0.5248315682517427	0.23817067265850822	0.8722864105692576	0.22535275285475753	0.23217603772482898	0.9749526993300132	0.6578497307511485	0.23961536823701468	0.40568979785478787	0.6126186758094155	0.004149537135744619	0.6445342304958035	0.6596350440282999	0.6107439777475573
0.0699151673125501	0.44676828215227904	0.8179679985197902	0.15573220952347155	0.19287638432807275	0.63150537911926	0.14593761232336355	0.3581451346836937	0.5383721581820191	0.4187829436092654	0.6816626591611841	0.6748115107305566	0.8632026212803505	0	0.39298702970381516	0.8070553621891392	0.7762177189441485	0.5564136303312226	0.33235375328507544	0.029828962252411606	0.7864315817765406	0.2467931889978966	0.1272274339047884	0.7489605356745521	0.5908342084337508	0.7268805965708405	0.5221691816176439	0.9463714274003613	0.1491321496033775	0.29487848806035144	0.8539961734406567	0.7742986705220577	0.30440031863330863	0.5191068680830381	0.19819599550857714	0.09279867499068895	0.40684723439693593	0.575990248899177	0.44373072140762804	0.8636763404701316	0.44264856530943597	0.6112950062578711	0.849742268242125	0.48124128864870663	0.9309562014741795	0.5040504493468642	0.5745278297313363	0.5790390937978146	0.7509945640910228	0.40950555483509576	0.8222774009044665	0.26760723137487274	0.24122170816047117	0.38664198611413636	0.18496165623416627	0.8789459507726789	0.07688024634779422	0.2612503070842699	0.57258534241514	0.35255324654710785	0.9445839923918762	0.6741177631683212	0.24702147992412737	0.1902295179986645	0.9248446185094124	0.15699515417160925	0.9437569161585937	0.6131825939826159	0.3522707416758565	0.07128701369681834	0.2121906274557619	0.9231337287739082	0.6718284804914767	0.49279765287328836	0.8964389228634307	0.4758443517807359	0.9519992603170356	0.44603000497975087	0.10002629260153606	0.6432791390718265	0.004057952918972263	0.9746596966183536	0.26026973179417556	0.47684319028198874	0.004522895112032854	0.3707929534080411	0.5671655227103038	0.3151102117259422	0.7014112072421328	0.47849877968442567	0.5584422921344713	0.7461773747643772	0.3696458551394559	0.4649098749095826	0.491945217169651	0.04036911674492816	0.8711957310379178	0.6243152183114662	0.1079181261799167	0.7990309852652723	0.8858719164653243	0.6665316793916286	0.13226598893803465	0.5584825376361969	0.11176341338690199	0.941789898695858	0.20811442066154606	0.6429762746854082	0.410412459571155	0.5539686402132302	0.1948357936231092	0.5463404601002978	0.7612684520810469
0.7385850636675885	0.0375175937813228	0.1485626927065633	0.8963696695419028	0.5186802443901338	0.5188376936278543	0.010980810246467354	0.24200994175766932	0.7399461587274266	0.669125171294045	0.19266381706885705	0.2278713822011219	0.01905041363114146	0.39298702970381516	0	0.010798469869917615	0.964869165070225	0.3153159952996881	0.47243712328601617	0.07396279401626482	0.9824983743957443	0.8332712017273441	0.4033993022097341	0.9377270860445427	0.6821425755349138	0.5824501522357918	0.07568374592247917	0.1968606149229407	0.3879002232255494	0.987848707154008	0.9963251785457805	0.04826929814476266	0.4466542255737658	0.22378001059044972	0.18824135227121241	0.13917780830142867	0.7794945132251379	0.2861786064112817	0.9348349636798888	0.9647913675886856	0.8699159101256918	0.6763843932380319	0.5728280762642848	0.473842237775129	0.08099094573748689	0.6998068195347993	0.9690206393061357	0.6148306636444021	0.6958801410863037	0.8930751835931153	0.6534512303527442	0.812745940838087	0.2238374162457949	0.13496287968836618	0.004693127805244113	0.5821419228740657	0.9226504258789281	0.4385500522726695	0.5017850490897204	0.12010179032682766	0.34234533448625193	0.7719067948159325	0.6206342419180603	0.870991190922048	0.9338685055421876	0.09195443368434386	0.17576638854705207	0.3958437204902683	0.15981682162518407	0.03736927937343959	0.438562338015976	0.9605742518250908	0.4492071272773198	0.9863272815609139	0.7607259262751068	0.08257857459933482	0.5026631441642025	0.24686583533740114	0.1361572234584637	0.7343049794462986	0.8740786950024075	0.6585745161091344	0.6823405072791785	0.045103412054992464	0.3007258983823158	0.28059692234926514	0.7837834851808372	0.13415585084801873	0.4870201783746081	0.38856077719727977	0.18107080316895818	0.077658606416532	0.8423828434193642	0.5745872058516428	0.43455584317048346	0.7893964843369625	0.24699933735786062	0.322151213016716	0.17045742992185942	0.26462267512890114	0.6632579839534485	0.6368225649528482	0.5128867580730161	0.2943609657462881	0.4892620445762804	0.6105051599642703	0.1274792688792067	0.9580454846576423	0.06424670068590799	0.6113456885990411	0.5919137249210216	0.9526283316110149	0.3851146851591458
0.8491679521085685	0.8452487116164836	0.19588512665512292	0.14994559674464314	0.8871505994800232	0.5435748862386903	0.30221604905935073	0.5209441278001672	0.4824497765663529	0.7100488591042132	0.744488959078195	0.6624329597185585	0.6592106869448084	0.8070553621891392	0.010798469869917615	0	0.5648122690724877	0.3007828548481888	0.9047824648851149	0.2964396086474781	0.8567206498644924	0.5660907446996681	0.14008665101547912	0.9918056633436827	0.006531041375149371	0.15091151459451768	0.29870673121526237	0.8012014063932036	0.7866695086128638	0.30243202627630794	0.4426861485149509	0.5704398098189583	0.8340398872017692	0.8201994607178182	0.6846817960315552	0.20322448805014137	0.8802471156253536	0.012489865397256716	0.2546488731909996	0.1750024792451781	0.1293827617719867	0.6346097228121137	0.7891913688238886	0.367369564485331	0.5219454105898917	0.8150884684626442	0.3893746071830452	0.09473007671686862	0.9750400982237315	0.8918448303384524	0.6739721708280246	0.1452126068296331	0.12898622548718464	0.004327590888909327	0.5673741961409773	0.957454420715054	0.6817133104250478	0.46883306899651067	0.5486472864113362	0.6798729869347528	0.4655826658169744	0.5323681011543224	0.6125049957615541	0.2368342302415989	0.2330618621600098	0.5791762631338412	0.07600236970069796	0.970172339831712	0.011077517256559588	0.23102063924107097	0.9197184583789128	0.6577431820145432	0.7324550219363457	0.22302134379459737	0.15896666566943296	0.6654783581512822	0.2964125287836672	0.971479130698178	0.6332111020389088	0.18210349619853117	0.7836784902446036	0.5293756981634833	0.8046213566245124	0.9044770317078354	0.07593297891380424	0.7265573980159737	0.6562240503190216	0.37625033561706167	0.28748633058995354	0.6331197207131567	0.6809481772046097	0.36752560765596576	0.14384040268645448	0.6154374929789955	0.40208569778891434	0.961419655819445	0.7004430528143905	0.09823052922290665	0.16321164868248095	0.7320762894651034	0.7386188356652305	0.9475099291598271	0.5661981833927461	0.385287863878083	0.006258181746350178	0.4725611441991372	0.9441739385370901	0.16241486949222994	0.2585840662124521	0.3184123529768065	0.672346846641377	0.15456262730211456	0.2762136174109914
0.5801457467929042	0.2993726641995641	0.41305204928605976	0.5189812262423494	0.2086417284363472	0.7806004563375875	0.12671654714243719	0.0634616423805916	0.010469787027697186	0.1078246933146969	0.062390222848194066	0.03554598705976564	0.5391732418597857	0.7762177189441485	0.964869165070225	0.5648122690724877	0	0.2220038894765205	0.8686514947766318	0.773958002217153	0.9653605813894072	0.09773449032359305	0.5773080794615506	0.5953270742908291	0.45983221032095567	0.6227348785154977	0.3815394550137654	0.8471350941688603	0.6306012398718012	0.1112822982711934	0.9898607022641782	0.040747062662034206	0.026283455205435624	0.9108482298254638	0.9066350007084294	0.884367507782674	0.10989665704169038	0.3566479594017158	0.29033375133186223	0.32709418220036024	0.4362502349474995	0.6395287645192163	0.6121670927221511	0.9972951029996558	0.3942593649229742	0.16340127227263068	0.31782973283624016	0.7892793853410303	0.8081121212466278	0.8599409534994163	0.7003588374135756	0.3348798244421577	0.02226934554834592	0.9718760461694117	0.33911468370567033	0.5436669832473231	0.6754304767767615	0.17106437800363483	0.4861908615778656	0.644684254290462	0.9090269644122818	0.026731987640580934	0.11210625344874925	0.5807964615072647	0.22874950859422882	0.006258589240244916	0.8820643695763003	0.1139394674894193	0.4183204811632193	0.20215248918385031	0.901850971333378	0.5673327677340773	0.9305079548708491	0.3347412341907928	0.978507108099155	0.7694862403243228	0.043229976946287496	0.7941315686161595	0.2577243394472697	0.012293610705006563	0.8132380470747277	0.6759393313609179	0.35781452231737854	0.6963584402686815	0.3652017689071455	0.042356656205544185	0.9948456440363495	0.9961829613946483	0.8755928991730663	0.08449364975111173	0.10396591487984297	0.9931184702836445	0.7002083181350323	0.31327882772450044	0.46279291867495165	0.24017706231564595	0.7844511308897775	0.3369655966683589	0.7096462529645233	0.8600255787996304	0.5162750112866941	0.7619537183349947	0.3717644352382037	0.913936153188849	0.27361201398026336	0.5598768019416626	0.7080110433520332	0.27944865417238973	0.15774609586806376	0.02855787471178839	0.26778304676795495	0.15150841379363655	0.6473627191472598
0.933075636727621	0.7597765663903487	0.16145342236233662	0.2787463529828589	0.374057510214286	0.7372602791377836	0.927021258714224	0.4248372300920863	0.3168898833164341	0.057257613858494816	0.5299936320693241	0.6007851427795288	0.8699767105402116	0.5564136303312226	0.3153159952996881	0.3007828548481888	0.2220038894765205	0	0.49409155772110824	0.1204348936151658	0.6868547893508612	0.735977104003074	0.21683336860984082	0.6290102160655587	0.7488971770084845	0.39953903225807486	0.4675561961608792	0.47672957253432824	0.4759766383586729	0.6545541628004379	0.08104403691041084	0.9015048423098346	0.29906400031612324	0.8785043871604348	0.37307723554482997	0.15986879229644102	0.384294559001369	0.6526854717970175	0.9960249668668748	0.7820907413953757	0.9932627953758238	0.8332877380679593	0.47185045774837564	0.5485229127895279	0.13827138469299605	0.9441935445073518	0.18195972223728452	0.22496431028395258	0.9343043227930604	0.6304930180906166	0.9460405042114571	0.6026530877992968	0.19164825815759612	0.9155379542545458	0.7453392683382541	0.5777536872440762	0.4829317804316683	0.8358079404337729	0.2660831376270798	0.4744492909184854	0.12712625767758357	0.7285123858210363	0.6494735083061686	0.4762881733880865	0.39824554658587186	0.4234005944180098	0.816794971795914	0.7927650090264189	0.9376351127499284	0.6360184169391302	0.22906303236544656	0.9281813976105926	0.5318215605478134	0.9584865083537212	0.03966640811709421	0.9726602094653819	0.24922864438357828	0.577901781440927	0.3706475135080367	0.045855323706108675	0.7932402185846228	0.8589181581515684	0.8947321380003803	0.777498441027868	0.7560269830724291	0.3809384779661016	0.737245794072371	0.6413325331751211	0.5728890778652002	0.3191838635869598	0.7327227966996511	0.12842909735315178	0.9215978229602635	0.2445776700236202	0.5862150302164605	0.3382116720040431	0.8819952843700565	0.45921990315587113	0.0714455924634001	0.8918121499876256	0.6418114407340927	0.3650612986568381	0.5266336853993666	0.08926472935287733	0.6080838008343934	0.17127773097871857	0.4974983000323041	0.3850137490813158	0.9728882656311928	0.6130291333354705	0.41364912455236114	0.02318247637270987	0.04916526774578711
