0	0.129685788252183	0.215666900735677	0.411449484509047	0.502115185560365	0.48647990276863	0.627172518222963	0.533689981179765	0.56181888788967	0.578249458175231	0.72348727521331	0.690189241464349	0.552851800288158	1.05765921107209	0.584473904694668	0.450640430768321	0.78003455137831	0.624871558263681	0.709738631234411	0.652983974662204	0.565317787464869	0.629709282244568	0.925741154357572	0.558899772484958	0.553889933994158	0.923297296176298	0.681627867912749	0.610100424276947	0.525203813175751	0.818113256053336	0.644330803758445	0.780099462348124	0.624865593150505	0.691120720560844	1.08468830064674	0.742395265494314	0.76985912724191	0.872390056670355	0.57956565453603	0.600129397219098	0.684284382601542	0.50366452164147	0.727917530589176	0.783901323394361	0.451997237336963	0.56502853807262	0.460364365344991	0.691179242359522	0.707782161195328	0.578744430810744	0.688956837007842	0.58049681549316	0.749661909911956	0.438868158872165	0.473208385236575	0.720654541110905	0.074640069652943	0.178469951973561	0.299526065773994	0.411837553171533	0.589025059270964	0.576054615511297	0.586674256915455	0.525357127873735	0.689360871074695	0.566175659980564	0.844184261849289	0.571453306717397	0.539663222782366	0.933135518127303	0.581647346760988	0.522048564182919	0.674721036959739	0.577442670532708	0.617466300527183	0.648352272186343	0.631477358144567	0.49377797267121	0.570505450876932	0.775501583356187	0.545496712077323	0.552494272401509	0.619957489407049	0.499069053623646	0.697072975722459	0.995923453121193	0.702576276093436	0.672867313696554	0.744846929191341	0.601871556161477	0.675187157985577	0.51125673875558	0.9928836672656	0.566365754307479	0.584940883078416	0.519890645326971	0.539158250031265	0.624880779235294	0.59165631182055	0.740531148522766	0.641536096376944	0.559154488882808	0.572217070866625	0.522610780300976	0.496801096675386	0.535711887861982	0.732257635699073	0.525711832191035	0.48847190687781	0.66527450771488	0.397182147606193	0.479239689008408	0.660301446444612
0.129685788252183	0	0.295156811492999	0.444292345074146	0.540560787694332	0.708872468354974	0.755529611556561	0.737183842146836	0.769605483147358	0.794202898085881	0.47156492517617	0.538629454935685	0.606016838419819	1.02724899141098	0.696737672797011	0.629297270970275	0.947386738750612	0.800309037252401	0.902897769823646	0.875816373876875	0.748301300505317	0.842946368684819	1.04338342346893	0.779534795023958	0.786910286976928	0.983948792303772	0.855381753425816	0.746037170554592	0.622630707400238	0.680582231256688	0.745097725152158	0.860620583347623	0.749199575469484	0.862210213749956	0.942154125898437	0.752148113951215	0.923680461299189	0.875257228379512	0.760060232958207	0.790697969417599	0.843399522346164	0.633931295504662	0.898793753217396	0.792472006334129	0.616151594389844	0.670508200971643	0.580523043695582	0.715103221266417	0.820534260297535	0.719990878657772	0.885656211679344	0.748744669645133	0.795715331573938	0.522893758730525	0.553643993088129	0.714068419353395	0.182684997284205	0.0349059842917292	0.365045424221533	0.479713033428472	0.593186393695599	0.711872567325092	0.716505764747338	0.704169793549085	0.868862025542528	0.774526719116596	0.589560596936093	0.485746304086498	0.580103085263583	0.688521794126107	0.669630840605782	0.664012927792565	0.783858916780216	0.751971129803779	0.690196642798444	0.88058722646866	0.826248517358614	0.672308593623539	0.762822684274135	0.896032189511843	0.731644261627054	0.760957423878709	0.710443922999281	0.754052562493088	0.885603918864564	0.844571089331892	0.610077381014251	0.691398967978297	0.726291607732762	0.717772888968232	0.779435967571735	0.590122883970361	1.04157985710214	0.571623940599955	0.754144926625764	0.709670982642273	0.748361910080871	0.867901278536955	0.740778024007066	0.928357642848029	0.685465928675725	0.646776757322809	0.744755602935566	0.680892083333424	0.648143596469178	0.669542383247761	0.772475490954509	0.648344042349736	0.651408596342034	0.586695340218752	0.480425631462641	0.513286044013118	0.665299304247238
0.215666900735677	0.295156811492999	0	0.105386679561565	0.152388780219551	0.368458616343815	0.518900591226505	0.400414261673246	0.418741919206163	0.460922138909281	0.785078421242194	0.491981726024322	0.529942801732157	0.924994748781973	0.479473698984356	0.436878725418468	0.798862507386739	0.537478574080955	0.66015771998136	0.564537406182181	0.427093007186897	0.561700924734984	0.932995755891263	0.515731587317905	0.551087501152739	0.934372741525306	0.595440604271722	0.611518130505957	0.485894897457334	0.894536320755415	0.728967996209977	0.724872740483277	0.660194506447655	0.690349574292856	1.22500731287475	0.876529372667641	0.858435618581211	0.675689847082274	0.624916959870629	0.618894347404311	0.743756523754693	0.343816266397182	0.656912324191223	0.712459178463176	0.470180563042081	0.461971859218995	0.398152985749217	0.558321370718977	0.558332707126441	0.503042563680048	0.717182147789317	0.508221444701567	0.693220323251991	0.192072583892403	0.488200038687408	0.566916485455341	0.315178239901313	0.320406130534733	0.0541582393185238	0.117950069697613	0.216434816633909	0.458425756048373	0.484018102611247	0.421935158420097	0.563987619631229	0.464968006952715	0.782937734734194	0.374241338167239	0.487563670319694	0.805543090542384	0.495205417140102	0.473812310661004	0.628601618958341	0.471655161802356	0.598600609475424	0.63419782509325	0.563172699683438	0.397930634630689	0.520260533191465	0.81467160791368	0.467961796858256	0.508619446423978	0.701525573468796	0.499685272706822	0.643442146824918	0.990248236498747	0.748667049700623	0.701567273665175	0.80390147450968	0.677147017795873	0.65239170560193	0.566448542173241	1.07844704793837	0.583788811508226	0.666609651139875	0.506747565529485	0.565650007206238	0.648529651708448	0.526614236506558	0.712124743414086	0.482570885674417	0.440728680456995	0.606136784090892	0.440250628463045	0.395667238551533	0.518924161778914	0.695159444542395	0.441699605891334	0.404992030335556	0.553727099419012	0.26917334551741	0.488769400696074	0.514480970529468
0.411449484509047	0.444292345074146	0.105386679561565	0	0.102257668720324	0.323049544069246	0.492858927598977	0.395568426436984	0.397640352173089	0.47049328515128	0.890816485466666	0.418106882203707	0.448361114387689	0.876619484432002	0.468181606681048	0.415727381924153	0.766538348410915	0.466098230934209	0.656338233620569	0.528855067309351	0.346323796391886	0.493141831974574	0.848910865188383	0.47696518828237	0.556622861216055	0.859090221835577	0.568438573249102	0.662237280072766	0.592259096171869	0.885266347677636	0.810254542966743	0.773163403846363	0.766095460366663	0.719131761205791	1.25320529037427	1.0203019667934	0.919298773810424	0.640376202074155	0.682492591851757	0.703090695834358	0.838609604602194	0.294408633475483	0.655893354460674	0.800411816142857	0.5308235334989	0.528415655142225	0.447564269504638	0.63008361739409	0.579662167442309	0.575018786960005	0.818111045921897	0.577855138473893	0.58903871494362	0.107700810148269	0.466228582081356	0.659572226407924	0.519907311353834	0.44519683432491	0.142418062672566	0.0611344892289443	0.143209899322183	0.387213524586567	0.467214938030655	0.423248730024831	0.513558409964616	0.496423359425068	0.870541695439374	0.280159546695171	0.399651649716151	0.856165545861591	0.436501702318001	0.385010620015815	0.609858248530998	0.428238861765006	0.750558435878799	0.616402697934771	0.545989272827721	0.385312499221147	0.463670627436601	0.762088916143815	0.498296883210314	0.490250270841711	0.853230415535147	0.544780980142439	0.615509605372184	0.958102695526193	0.771575727618429	0.78085087176986	0.795070683797075	0.727977990570413	0.54759837456311	0.648106205135169	1.13434783927595	0.682440803266965	0.762233995753578	0.599726249757166	0.61877695671028	0.68844709857746	0.467698773733541	0.746745966463375	0.52360879070689	0.51154169918506	0.648388115238209	0.473613501176085	0.386477375928022	0.593169933607942	0.756625770500534	0.526378995566489	0.476314397133094	0.463139996386183	0.264427160900616	0.411494891749672	0.603260926484047
0.502115185560365	0.540560787694332	0.152388780219551	0.102257668720324	0	0.36598725326296	0.519713974808585	0.417366970623816	0.426332807942904	0.455743564484216	0.870455379818438	0.409695048453328	0.54639931609133	0.760135263362963	0.384421188987431	0.523256482714081	0.818721057102615	0.518798644752146	0.69062621397351	0.596863356567516	0.410373664867778	0.603624182271464	0.928053524166793	0.578002415431876	0.677927416239297	0.976865266971668	0.675531245188806	0.735187176929524	0.621525342408599	0.935548986664136	0.897782875883134	0.78685693093443	0.843952837281158	0.816927562042074	1.30974067913993	1.12664240862399	1.03684208675569	0.594865992938079	0.794515635787473	0.784330209001183	0.915226048593586	0.287545210515228	0.686801106882505	0.673075995027054	0.569529714228931	0.431739338419867	0.461141038441012	0.524000356742887	0.517368431381402	0.565273738145061	0.872149695652426	0.594626280485501	0.634449193090385	0.107670868089867	0.550145879104771	0.531437286519116	0.592170093861018	0.510452797028591	0.156382399921176	0.077119242679788	0.039413039523345	0.388039864448196	0.494779004188087	0.441247457216904	0.588589615499382	0.481950583052461	0.762390901775257	0.315516324590466	0.473372493707392	0.72557755969625	0.417211069679069	0.481602579301845	0.616338285878486	0.453743867874307	0.725888141023003	0.687183697404388	0.600714354815331	0.413146840035661	0.560700112023997	0.854636111006181	0.541106886589704	0.588660623133451	0.894073309377482	0.623904771251511	0.718869395467947	0.996202491532516	0.797874792212095	0.835100522225409	0.872609448254309	0.831840658961848	0.638158034696635	0.732968556873022	1.12822579107472	0.751234665516474	0.862112215243271	0.639275298639573	0.706108157108756	0.75024447085568	0.523358101381488	0.768835482398334	0.415949482366166	0.453354553157395	0.723355070668696	0.420267137253876	0.429642763936935	0.618186885468864	0.723914089061013	0.485985180706703	0.472767484427299	0.436611027253426	0.261012641589246	0.524019059602647	0.491920704161255
0.48647990276863	0.708872468354974	0.368458616343815	0.323049544069246	0.36598725326296	0	0.43855109502462	0.122627732082385	0.113809035822174	0.158455797669758	1.26219066232929	0.85232864535131	0.560691768351767	0.837754335686947	0.347337768528365	0.309785718457997	0.480029941682805	0.239134656440446	0.226332689447774	0.18730335213481	0.153020371334983	0.205563302748023	0.628677276595418	0.279070120607429	0.336668231846451	0.724085649392027	0.354222272668065	0.481164152739537	0.494907493561823	1.04427531761447	0.77029736730567	0.609471168610884	0.677292810152909	0.482387655779678	1.5000861775426	1.1845986659174	0.689809898052095	0.655290136659139	0.49624749221017	0.51155923004888	0.63965977914283	0.324419630348355	0.470460790760856	0.79597755548592	0.354075680236639	0.45825573921771	0.353903239354176	0.618872314108804	0.478669363530955	0.504981006653117	0.573756409733957	0.466645025085234	0.556728937998615	0.304881404353699	0.45755573545456	0.703797100097547	0.560292257640235	0.754747695500947	0.35338837956575	0.275765885214634	0.43763847827216	0.093788796082323	0.405687519333081	0.158798396926021	0.235586676610881	0.182784357371507	1.23531822651064	0.678133145740192	0.557887387899118	1.21372843647818	0.390660622160969	0.26969005128691	0.504717800318208	0.234612076331431	0.734348972185186	0.367636543642769	0.196745757129632	0.116206049460347	0.176368738118087	0.629589803543562	0.388497672030283	0.364837462432039	0.732840226936886	0.339855913202667	0.434247332251675	1.17364604756387	0.771283983252742	0.682379161015275	0.931126818170364	0.729277107564795	0.396799743300678	0.687649106689088	0.983515208711722	0.74971892261015	0.593891325127148	0.403445033092662	0.428028638049985	0.464327078367553	0.433618863904138	0.566017296316356	0.40997349154745	0.434909013462273	0.463605976979744	0.330158977322037	0.284913859351957	0.455726115101782	0.715860492341663	0.504850345053153	0.3337230389315	0.63668455297809	0.363310816242184	0.42869245739113	0.648299972985492
0.627172518222963	0.755529611556561	0.518900591226505	0.492858927598977	0.519713974808585	0.43855109502462	0	0.306342045569284	0.468867873497622	0.458714881763356	1.05293035089936	0.738717260453656	0.654338486766851	0.927115659850596	0.658479819290912	0.511817675252123	0.602620271224909	0.50050521704454	0.582422522359169	0.390611416340746	0.437968510848577	0.412277457549452	0.804012580113579	0.369873590587134	0.539991292801876	0.88838800879589	0.431351898931615	0.503333615149984	0.539367097283261	0.943848933917699	0.773802686141973	0.692158207659333	0.683804501487759	0.701019366666332	1.28011212550839	0.907393535619415	0.853371547399945	0.71670101569352	0.601987267218431	0.517022342558113	0.552968074474176	0.533346753907443	0.535879235004111	0.843037913004804	0.531571335385614	0.613814930750793	0.414319246386039	0.501803891590715	0.527978986385957	0.29793937971097	0.49699409675327	0.343619505114176	0.749908589372778	0.466193919442555	0.452625103298558	0.575236596918473	0.721281616334959	0.798801394420988	0.511543375624073	0.457135875923004	0.529330393682154	0.423214589329815	0.0104288885597316	0.253500190664197	0.60146513619825	0.505080676939822	0.973359642405553	0.578445742755882	0.640381918640311	0.995017487825966	0.619631072944105	0.563898854790812	0.691334127651265	0.587391754465164	0.524513969324228	0.483059492916532	0.361091391066514	0.446364441695625	0.34029145624811	0.747994067896877	0.326635062499382	0.414438694117762	0.788099884489441	0.516307600108712	0.420525510605719	1.20022383022811	0.64610191227264	0.738750661016695	0.670886153051439	0.833661084947003	0.642695671171462	0.762841633966732	0.869907715754239	0.548486503966276	0.706669869034529	0.51181831757628	0.575310965155677	0.477941058176939	0.594359074154253	0.68276903631032	0.562160739752941	0.540604634870739	0.656982627039542	0.597931925919439	0.436808591862643	0.581147467212209	0.668280942839463	0.349058955816251	0.375568792236795	0.744981232626122	0.530790379460908	0.543847993766805	0.530148264000686
0.533689981179765	0.737183842146836	0.400414261673246	0.395568426436984	0.417366970623816	0.122627732082385	0.306342045569284	0	0.0897667453414817	0.0819659207586614	1.17972370214091	0.849375280367391	0.659921581953192	0.876256831117294	0.453765521789213	0.319157699189233	0.434704441783198	0.249661706125908	0.162419603922359	0.100187140716489	0.16668543745389	0.178210488752143	0.666243920091322	0.260884222966157	0.293778418665643	0.710860680853139	0.251731743288074	0.354010552296276	0.341907806415586	1.06328633765871	0.673459960039759	0.568812045960809	0.516790013449948	0.428580359704186	1.4245468370353	1.07258036039221	0.731127314459194	0.612393892004051	0.457193021672442	0.477106543084082	0.495898036417016	0.382114882199122	0.400994414041746	0.691113659867943	0.32316598172786	0.400048227435987	0.245819630524196	0.505225275768143	0.429919653049685	0.341397265443824	0.438556021502237	0.294273979716185	0.655830881143373	0.374805798269078	0.394255229962459	0.552712595798944	0.621066669075061	0.799003043861429	0.395847782271189	0.33517346855462	0.483651700552085	0.152532991976622	0.29076362802192	0.0411358013850341	0.183939888810726	0.122243209325454	1.17026425719967	0.683997728099114	0.630307648661301	1.16987665159309	0.510131726545935	0.357106357261032	0.563106975559917	0.265858992783558	0.613995899320339	0.345757943186982	0.114595168987335	0.129467915050855	0.164333512365257	0.643564311027942	0.383979915610955	0.355735485335821	0.616290460573734	0.288062065355752	0.3075761270376	1.19272970503086	0.650595195627206	0.491019666757637	0.851790213105413	0.709338589531889	0.545562965623233	0.566543218723465	0.813038137604655	0.655168528863933	0.552471952793639	0.383857305852654	0.402782903809512	0.375558717155412	0.512780129271314	0.499856136804753	0.411159651977108	0.393699566070597	0.451294664516837	0.347765656185503	0.222336714968884	0.426732684609706	0.677746607633298	0.362361631878959	0.20171050539647	0.685231057341768	0.358842724690529	0.480491715306337	0.538115426124513
0.56181888788967	0.769605483147358	0.418741919206163	0.397640352173089	0.426332807942904	0.113809035822174	0.468867873497622	0.0897667453414817	0	0.105734623104283	1.24058338433355	0.908383953373229	0.711213167238892	0.865847443711381	0.454740641581394	0.360758925941508	0.527095709361458	0.320018208025115	0.230114226667424	0.150676431596441	0.23559521370249	0.247716608471425	0.714899768951709	0.345616853268499	0.310328281971145	0.736275063857287	0.30044165823156	0.427227195170253	0.39956161795057	1.09529996910083	0.661415359967825	0.559115679197463	0.532127938592667	0.448910149597393	1.41309070535486	1.0970270977648	0.675814628541743	0.607347829585581	0.463452163326932	0.491985638361643	0.480401795048186	0.368473920302756	0.394418736593148	0.696722431283671	0.335250101635676	0.41522336767901	0.312939131959341	0.545612947489679	0.441463827097618	0.43823978995251	0.460985236965998	0.36550445730439	0.707083362676897	0.407923867706982	0.475614240871899	0.63317230696289	0.611246090493992	0.81250359541987	0.428965298290287	0.340376526469009	0.505139504840123	0.170502067794062	0.444028521832067	0.125390215665521	0.183589192350894	0.133225609209336	1.20070147159719	0.737119458797642	0.679747419031677	1.18970616298283	0.512700080332591	0.373941508382343	0.546035079381846	0.299135454008717	0.700510693563985	0.435225897599759	0.183253529310482	0.177546550743456	0.244968725415633	0.747408723242627	0.431531443054856	0.412239114157999	0.599246863642891	0.286614740763856	0.363918535376877	1.23359681019211	0.727572830935816	0.542880263381711	0.943539032372038	0.717690843989195	0.554265316134811	0.591110637147719	0.832357860202926	0.674604493468312	0.534149760315814	0.374713296834276	0.392511395527702	0.392000591984335	0.514125062219341	0.495368242957129	0.425002099391427	0.401322203170934	0.436616155003225	0.363975959331927	0.266896465754728	0.402284420084599	0.731238179397423	0.452861943059476	0.275383541449555	0.741451712395524	0.40925201962311	0.53094099970482	0.590540569519367
0.578249458175231	0.794202898085881	0.460922138909281	0.47049328515128	0.455743564484216	0.158455797669758	0.458714881763356	0.0819659207586614	0.105734623104283	0	1.22383631698645	0.891573899156368	0.785185304695371	0.872348652631879	0.4555771413975	0.421472721685876	0.494590307469387	0.328264703592845	0.210876316098129	0.153978284831489	0.250465440115204	0.264194693521435	0.721924288944832	0.36347242078064	0.339719755987075	0.714922088932911	0.329128446944879	0.441608662399256	0.367321405564981	1.13667423093166	0.746549619197935	0.640235142306209	0.574329411734604	0.477497714768209	1.41795286933006	1.11984009570813	0.767854085031142	0.612373437228659	0.548388613301758	0.540566827412974	0.53501799761551	0.405600599415067	0.397967309840936	0.659805550251499	0.370625129869512	0.365471224873942	0.29775765094324	0.507456198600883	0.456227908543823	0.392095128369705	0.477677980823007	0.338188854370504	0.739598479421814	0.404760811204391	0.448924364801071	0.533286001646007	0.639034497299706	0.846840367808819	0.451573406609858	0.384407691475015	0.534065254417876	0.163890406972673	0.432431329494375	0.127679369362938	0.207149016435539	0.03283984981021	1.15585467999358	0.78194509327859	0.738199053611081	1.14789943564329	0.526230805789022	0.41371750583651	0.555607672849709	0.327136155513655	0.611817176290872	0.407653564344102	0.138099057450251	0.195738970517135	0.221236690060786	0.764291078090139	0.428606220276067	0.460808267468147	0.62816491599609	0.334098699216213	0.399719036635798	1.22724996949244	0.711026371994011	0.509393904316382	0.988248991886329	0.806347611092441	0.628029873845579	0.627367403754852	0.853372023336359	0.674950506805778	0.620535086456162	0.419952167494905	0.470239225698533	0.447838630580721	0.571143890725951	0.493486067610821	0.36481754128446	0.38337718377165	0.512291119081983	0.345075099888053	0.280110286540427	0.429620190745505	0.669875983782496	0.39910965999212	0.219643405024633	0.738229200939477	0.372520808201386	0.531944820627977	0.489265051060763
0.72348727521331	0.47156492517617	0.785078421242194	0.890816485466666	0.870455379818438	1.26219066232929	1.05293035089936	1.17972370214091	1.24058338433355	1.22383631698645	0	0.408554942051367	0.745043329079551	0.630512063944699	0.853715672364579	0.931631722632726	0.940265926183338	0.951182970849772	1.15217609814303	1.21547224367085	1.15408251622282	1.15025854195699	0.982712071008692	1.08126446268172	1.14733569849499	0.913804666371181	1.18353017357882	0.943321449265697	0.893592858970669	0.471424515216996	0.854325097821147	1.05514074402248	0.872786396981211	1.02709708859297	0.760096102372085	0.820184026997446	1.17056804108165	0.938789873216636	1.08691820549037	1.09331607916454	1.10343830545617	1.01215938813415	1.18875596339115	0.97776289758827	0.997594257284047	0.989293472945499	1.00843717856729	0.858675940543814	1.09006422207926	0.989900045877601	1.16604010782705	1.0301741938201	0.881103427374605	0.965527020330129	0.883465324823059	0.587012040763735	0.756284654704499	0.4536647004235	0.806518947173306	0.939498424586296	0.837637562968899	1.18645528635882	1.05868452977741	1.15927767617042	1.2380490855362	1.20527224717287	0.196008310460299	0.507199709108172	0.754236723185781	0.387039512119782	0.902353453359446	0.975636005350567	0.893747996568818	0.968191877245572	0.649177697353382	1.05637942869673	1.171328597444	1.16253970039913	1.14896266393826	0.816569686687653	1.06357366171161	1.05602194520401	1.01069399722957	1.10414902586593	1.18224734406139	0.95799777755664	0.70015492039976	0.99040376082547	0.696545460551749	0.827659532168451	0.99395256882002	0.76946916060778	1.09772593911541	0.881844441747815	1.06888641845866	1.120417580186	1.08990017013975	1.21142776750361	1.04267505810403	1.18776081023806	0.94861898213681	0.990170517195642	1.03077555767617	1.03286339907887	1.0452356599847	1.10621448488605	0.899133947258412	0.940852493531385	1.01613617998826	0.727332398741922	0.934680381539005	0.896106815239901	0.661940573956344
0.690189241464349	0.538629454935685	0.491981726024322	0.418106882203707	0.409695048453328	0.85232864535131	0.738717260453656	0.849375280367391	0.908383953373229	0.891573899156368	0.408554942051367	0	0.651711720806582	0.80130275376061	0.766782333194177	0.711738011119952	0.876839335095659	0.606783934659081	0.942675219685136	0.906670065160239	0.67665317477612	0.824967082451919	0.769897159001873	0.79424910925073	0.921544910679503	0.798393885315388	0.922166710153706	0.891223753122449	0.887372167213695	0.498315481188885	1.03488776752039	1.07320315686053	0.917924023828865	0.936128784751327	0.937246329617261	0.970840133760778	1.22813371111165	0.697335525213113	1.05615454005045	1.09741269492437	1.09009739674143	0.628894712967511	0.982234275245422	0.999208847841713	0.924459676649746	0.852959828207615	0.865891221497241	0.800625314897446	0.986686663495662	0.893476962340874	1.18411933024076	0.927665020855154	0.56406206342744	0.435149270230974	0.56868023800017	0.541254591149501	0.733332289745968	0.467430478332449	0.500146426601031	0.485458838315443	0.368209974644015	0.778914938685031	0.741056923882363	0.84898676316503	0.937030797920387	0.948101348724185	0.533874838548006	0.177711801007578	0.674292455860794	0.488918675015786	0.769707711603298	0.77843659470639	0.937060166768617	0.732104799402584	0.634701244451387	0.887996530913011	0.875911379971842	0.799036031196162	0.820951081629112	0.63520913274703	0.831817298224169	0.828978382785005	1.10054537527368	0.919274098790763	0.948922353479259	0.878135858944484	0.637409492969346	1.0235712346954	0.702103375661091	0.898206450315738	0.661795181106347	0.774377154142022	1.23622808437929	0.899079952010912	1.09967227894442	1.08106361711514	1.0335114704432	1.10824095297507	0.756461353955632	1.05705052697622	0.814293974585298	0.883338083756802	0.933973333044521	0.819269858121042	0.805274263930742	1.06174765160684	0.819113449429653	0.855130933850861	0.873670070261314	0.353455476746024	0.537887427617986	0.497246704667929	0.563496780860405
0.552851800288158	0.606016838419819	0.529942801732157	0.448361114387689	0.54639931609133	0.560691768351767	0.654338486766851	0.659921581953192	0.711213167238892	0.785185304695371	0.745043329079551	0.651711720806582	0	0.710000244402872	0.50430167086678	0.337177089475559	0.602711493778441	0.445532275455771	0.713993328190324	0.644838459679453	0.494291945239415	0.505052507761732	0.582946735196947	0.384437256842726	0.578306720503	0.730928393995158	0.61609143474972	0.758119182592171	0.903330576806363	0.578677271652792	0.601810608007115	0.827228844046767	0.789799290351401	0.649914133374167	1.20712145758233	1.06473794873473	0.796188700313751	0.970578500854874	0.614165055204569	0.693225158797726	0.917527339738601	0.486964722891467	0.786975110601402	1.26094006537921	0.685502043706609	0.965226057358416	0.780175854471039	0.99602363129905	0.912392356923531	0.911838229669821	0.970308999889828	0.84802734388001	0.539519831884463	0.522124808593376	0.729253088136021	0.944497660239484	0.66933736181159	0.649173195996158	0.520517217000917	0.49872238466689	0.566467407971694	0.623792264902184	0.658613341943166	0.691678204666286	0.751207126215461	0.787507163685305	0.921457480411102	0.378769130443349	0.0545030471342308	1.10318193347879	0.292972663865139	0.248865167971258	0.552902187147406	0.437765984739193	0.848631064143401	0.435661174945697	0.686639747741709	0.601739748841641	0.514576960875263	0.403398667866352	0.572099536067525	0.372259931767706	1.07866785360108	0.619297204096457	0.660382521836721	1.02234404396223	1.05338499161775	0.960894506003169	0.4775834903519	0.420832485491857	0.386770385724965	0.738978520654642	1.09456780312269	0.936748081867406	0.710717117633494	0.722903466864477	0.608286517309879	0.754195554001253	0.369701312777378	0.804829135910592	0.890211715242137	0.85481447662743	0.658833790927156	0.710956593104862	0.650257462377245	0.803381130009583	1.06168901409383	0.814937116810844	0.785897604577593	0.696874736735694	0.719430772144453	0.601230316123128	0.902995443763253
1.05765921107209	1.02724899141098	0.924994748781973	0.876619484432002	0.760135263362963	0.837754335686947	0.927115659850596	0.876256831117294	0.865847443711381	0.872348652631879	0.630512063944699	0.80130275376061	0.710000244402872	0	0.373307325362894	0.910850150575245	0.529467462891748	0.618155755065838	0.818978294451708	0.840633115973321	0.914707182650081	0.845502058035414	0.878222054061383	0.901379150449843	1.07150921043339	0.908051726344841	1.06463389553204	0.941770355167522	1.01605517615863	0.831858689029517	1.05635652710662	0.962187191103386	1.12366844326173	1.01646662119815	1.18122618757279	1.31893790712208	1.18479875738904	0.897897989929208	1.11748678765642	1.12667217072597	1.12343033930273	0.928076128546726	1.10257584109656	1.03227820394388	0.986458635669686	0.955460358222292	1.06813765377984	0.826996734917901	0.953843595216088	1.00586305226012	1.14078380649661	1.01311856938767	0.893182090490622	0.838449040552998	1.06461845830755	0.62183950205156	1.08263803278311	0.997441366859197	0.880695579758684	0.831583009861428	0.731165653518241	0.831550660639183	0.925819860001009	0.890083201173557	0.86834789321944	0.845886834021373	0.483579090748495	0.737860667889555	0.645711718784591	0.599752998527724	0.462252329791538	0.713039747940071	0.457050781523841	0.508781357999679	0.834879710432934	0.738671016707324	0.849245310394209	0.878529740377855	0.857046049793636	0.845283201401459	0.85663113113651	0.927820822740168	1.2121336365406	0.992395834368733	1.03604275962647	1.19884615854177	1.07048849815847	1.16556087839929	1.02312920741494	1.02749549053075	0.826948509577947	1.18721541923615	1.25404401343298	1.06590227385779	1.19180532691919	1.00084036859509	1.03331144535022	1.0748374342476	0.925088838053804	1.13979361710773	0.735264932959425	0.912775536392112	1.02245001858137	0.946541993740263	1.00855840315409	1.07006964659939	1.04126302582951	0.961172741038044	0.95006454721043	0.904842354959949	0.96966766410411	0.993493596978907	0.665087504766472
0.584473904694668	0.696737672797011	0.479473698984356	0.468181606681048	0.384421188987431	0.347337768528365	0.658479819290912	0.453765521789213	0.454740641581394	0.4555771413975	0.853715672364579	0.766782333194177	0.50430167086678	0.373307325362894	0	0.53329760393732	0.495013757982809	0.410934388813534	0.473650489505104	0.495062134408879	0.549191222998182	0.530621481219169	0.836561655030208	0.569567470186213	0.672931214046394	0.875145360049009	0.757035432211831	0.668632339873781	0.714508550045683	0.898503601747668	0.836586482768615	0.691042134594585	0.863430157836447	0.731131060181711	1.42616067616118	1.22972201525324	0.911587810125996	0.700554696806917	0.774192364585644	0.763366415831545	0.996858560356411	0.486283528153069	0.841225420087025	0.822242298055943	0.55388885887065	0.585359920451242	0.631131801647301	0.60575127084915	0.591330829089697	0.707188703623999	0.882888528697002	0.685091521008219	0.686606052928655	0.390018728360231	0.72428269145883	0.588533340729806	0.644216004251987	0.690575263268998	0.483294810165093	0.414971739891552	0.441967937524184	0.440483799201164	0.633061242799877	0.480572433366129	0.58799151366045	0.429875941458013	0.746810729337112	0.636299648800438	0.445127045532644	0.829757774443458	0.180666857312662	0.381659310268234	0.32504369693041	0.280010329433543	0.732571603108831	0.478172614595175	0.554962532407964	0.499654420495571	0.492318103021572	0.7590288748238	0.595281301990722	0.585326157698616	0.928362126576881	0.597771581936973	0.772635980793362	1.16108215210298	0.933421578710127	0.897800512675964	1.00351436341344	0.757754934533886	0.522831182981123	0.844256568349529	1.13552227950112	0.893113286145757	0.8367643983439	0.58693061287594	0.635805767258947	0.722245351986293	0.592403451447956	0.895310558580087	0.445898193971019	0.536296601385254	0.65533393916445	0.486825799953473	0.555600590190857	0.618350150417392	0.795344223074445	0.633138169756126	0.564703996541823	0.651662655176428	0.493867279051084	0.665919670676673	0.559668973714223
0.450640430768321	0.629297270970275	0.436878725418468	0.415727381924153	0.523256482714081	0.309785718457997	0.511817675252123	0.319157699189233	0.360758925941508	0.421472721685876	0.931631722632726	0.711738011119952	0.337177089475559	0.910850150575245	0.53329760393732	0	0.452592482476207	0.292644334260753	0.369180217370642	0.344467516651788	0.291508009720651	0.217443871490018	0.606629454186461	0.202391439926807	0.25133564301716	0.721438430033377	0.227756727495888	0.44364206500495	0.557689761712572	0.867726215186641	0.405187416749167	0.614083104123941	0.346225220586427	0.38923391960549	1.37471498031907	0.940078811850621	0.688074301031509	0.780697571724475	0.376473031647416	0.482241237936551	0.579322671670915	0.39838668337187	0.494401274625162	1.01093456098783	0.425314322280538	0.664768781640236	0.442888545930386	0.735875156486369	0.688918085327799	0.58077967220904	0.611858825357004	0.501886472568757	0.628006417405685	0.477914460951998	0.475258402899258	0.772378245013821	0.556096560507702	0.699162023013165	0.478917184246685	0.410475119426711	0.579674045573499	0.344619995723448	0.517395495380471	0.385999364729674	0.403055326485779	0.466803166058583	1.1749602681528	0.495141151366234	0.360626468118844	1.27552103790973	0.448076085221745	0.138862548155637	0.527453430984797	0.335435355690689	0.620758697015179	0.334121503758633	0.388627376943367	0.299134775273489	0.240202383353385	0.389032366874527	0.348917546744725	0.206221355609645	0.693772449088227	0.27976097797582	0.287909566938211	1.1724305827589	0.769949461582446	0.616600628561792	0.623815529120428	0.287373878466978	0.386514294621509	0.289720227795761	0.891757787523692	0.786624324051105	0.447110281108073	0.475681507076666	0.351950249131051	0.400908166783273	0.338135543934379	0.530334920605882	0.674989197401701	0.620386253239165	0.357878694755748	0.459173596182983	0.353532061468906	0.57202484138071	0.849477609470412	0.535070011647929	0.436502103919396	0.724749259927252	0.537817378577267	0.479126619107577	0.768804760201177
0.78003455137831	0.947386738750612	0.798862507386739	0.766538348410915	0.818721057102615	0.480029941682805	0.602620271224909	0.434704441783198	0.527095709361458	0.494590307469387	0.940265926183338	0.876839335095659	0.602711493778441	0.529467462891748	0.495013757982809	0.452592482476207	0	0.240936418828505	0.273788163916984	0.332396141848329	0.490347410808234	0.272483388053178	0.48278496233174	0.39993665195813	0.490658697532725	0.634708111798982	0.483484478083201	0.566184839508109	0.779469998740974	0.804865613017913	0.777321747088293	0.788801403121277	0.700970702317924	0.5419683363635	1.28530171644388	1.16213963032626	0.842245664619852	0.844295616079868	0.667422607956327	0.77384051052434	0.769812977510348	0.731215640341018	0.703276881276968	1.14978226267055	0.647343824702924	0.922453493809457	0.768829078940481	0.882714744756322	0.929210656654953	0.791930708194829	0.797507125053573	0.759933497960338	0.658400389652781	0.723538727317204	0.651478698199074	0.71537080465136	0.867788617158189	1.00335877887035	0.778155306425044	0.737521382594202	0.820275152409476	0.459119989763505	0.60099298288237	0.452716998766361	0.48921405863511	0.513619144672061	1.01464458550835	0.773952092792034	0.62180441390112	1.08670707804112	0.494363413162181	0.361795569241299	0.412084567363509	0.245892145585445	0.650248997427345	0.241088815761773	0.322602473727878	0.517179782297685	0.298724851269307	0.393824816949673	0.57617964650858	0.482939584691906	0.987118407889131	0.533396407129813	0.500149177608658	1.24105097413029	0.858795503636449	0.872478213485093	0.840215197737946	0.711691468529437	0.433158381490501	0.82412527086726	0.981312425387836	1.02629843007539	0.816091020706933	0.750580059817513	0.672889305293852	0.699956954216866	0.674783325687015	0.759870892636081	0.734293163760101	0.854798647411013	0.586559848895007	0.742354213316547	0.669712921862791	0.893396616050671	0.856317949420991	0.8082356964273	0.6872159397546	0.842152795195819	0.785691381334875	0.675577970423649	0.717750418249914
0.624871558263681	0.800309037252401	0.537478574080955	0.466098230934209	0.518798644752146	0.239134656440446	0.50050521704454	0.249661706125908	0.320018208025115	0.328264703592845	0.951182970849772	0.606783934659081	0.445532275455771	0.618155755065838	0.410934388813534	0.292644334260753	0.240936418828505	0	0.202957981400117	0.224395790185758	0.16945852731632	0.166642778554735	0.295649194786625	0.219904948619171	0.354905001993793	0.493421469681834	0.390301222235949	0.524549267538119	0.610170322686505	0.724439297020415	0.779385325898905	0.786189068631258	0.663880793733031	0.426183732711403	1.32941781534676	1.12769126064966	0.791122588747696	0.667455914616125	0.584574095883016	0.659403786421414	0.709672203307778	0.488904485430653	0.626623976091078	1.03966585789829	0.509942862295801	0.731084890294007	0.58031634142694	0.777439346187095	0.735645884491088	0.68101259385722	0.741047257335509	0.610482185711545	0.413329094444015	0.433539131823496	0.451067512687784	0.610393959263605	0.707933253270967	0.829202622362727	0.526411476104357	0.459692342854412	0.544510897472371	0.275576922393316	0.497967729121208	0.298694613470264	0.367289563962217	0.37937846421801	1.08657322324256	0.507565089863824	0.488146371694256	1.12000034459191	0.420050078256114	0.278882717031846	0.507765142331948	0.122234759350089	0.601894770348838	0.241229098922646	0.23041565620987	0.261408201464684	0.201833801417136	0.258856620386975	0.456867693802071	0.326680999201544	0.918044834386049	0.37609925376697	0.445562343490748	1.16939087486969	0.754238268784766	0.782395243094629	0.725756675509565	0.651548158129632	0.317627106895642	0.689604524186859	1.1237717817167	0.935298302111043	0.702147565971619	0.648270923657321	0.536098955114857	0.591269762557993	0.494478525302813	0.726777999372604	0.661814956886558	0.698892232562696	0.516815740887351	0.554622226722436	0.464412871215005	0.735929541509002	0.813520587445092	0.696789038271746	0.500114687616467	0.569693603716201	0.5169933571197	0.451531728593074	0.632543800241755
0.709738631234411	0.902897769823646	0.66015771998136	0.656338233620569	0.69062621397351	0.226332689447774	0.582422522359169	0.162419603922359	0.230114226667424	0.210876316098129	1.15217609814303	0.942675219685136	0.713993328190324	0.818978294451708	0.473650489505104	0.369180217370642	0.273788163916984	0.202957981400117	0	0.123464911845818	0.272073778898826	0.165217806986606	0.489105975961886	0.344934940401673	0.321584370356675	0.555327332089854	0.301400120144006	0.40630919839508	0.542072885215221	0.949463565921453	0.726968450385344	0.631141112873507	0.549944889025076	0.366400514084769	1.38741507157334	1.18836429236635	0.69711760156794	0.682194556425532	0.532862978376546	0.621373957600263	0.646270354557877	0.551701890993301	0.52520868786909	0.876958096857457	0.428197434037942	0.59788900350916	0.493080950141531	0.716881049005912	0.643886743239026	0.612923479271094	0.615863904436829	0.548264736477982	0.574812206026818	0.59264835099108	0.5076249802177	0.691797575313633	0.771234413863426	0.957001628302547	0.642679527186474	0.599451575486094	0.732861455918231	0.260664346113934	0.568206751837901	0.222556072794941	0.260472030630377	0.237035390400482	1.2189203598252	0.839313394260723	0.721970373376233	1.24763314293564	0.535961261492272	0.355024332816015	0.516673867907769	0.219603920055113	0.678585652889628	0.265329945330643	0.146696470383702	0.262940845546504	0.191013959846913	0.496767635950625	0.534582667296217	0.431612659707006	0.754516015654249	0.36496310015559	0.371382318937959	1.16210661404137	0.713488239687935	0.586471769528259	0.889979477344613	0.67133249698105	0.427390178254918	0.629816268910059	0.832798783915319	0.922135433874331	0.623498258393496	0.556749363943329	0.504093561605539	0.542601213238215	0.58841194728227	0.604963792011031	0.546841290395124	0.581481037152585	0.446325514344258	0.435676879489096	0.392871499029229	0.613012395439734	0.748088844168392	0.634448244512153	0.428978639329094	0.714386579708957	0.521515583437556	0.547127583284643	0.674787018510148
0.652983974662204	0.875816373876875	0.564537406182181	0.528855067309351	0.596863356567516	0.18730335213481	0.390611416340746	0.100187140716489	0.150676431596441	0.153978284831489	1.21547224367085	0.906670065160239	0.644838459679453	0.840633115973321	0.495062134408879	0.344467516651788	0.332396141848329	0.224395790185758	0.123464911845818	0	0.221746156602025	0.140070915969101	0.556138544050464	0.252856375289285	0.30183041765778	0.632538510212314	0.231545995371373	0.387008033944325	0.502185384949521	0.995438248027189	0.690686261820359	0.651298730806981	0.59209784561385	0.442717538738036	1.36589656556828	1.10556281585725	0.732429471704285	0.707917043585235	0.527831844186126	0.572624705482904	0.55552429137108	0.445132730210291	0.410287544594925	0.856533651346449	0.416464305911041	0.55086808750565	0.408322987617215	0.637469550862437	0.572294374043873	0.493063635194719	0.557806901906044	0.438385970451911	0.669988595406817	0.498600377502986	0.476955970371344	0.645044042874496	0.717279872444585	0.932097059228242	0.551156010452574	0.497670025161636	0.627826769377772	0.209512952673303	0.378496480942803	0.125636776253914	0.178330382674879	0.196212837377204	1.21109332298344	0.752199270370793	0.634174851014261	1.21014983226543	0.490016544461801	0.320648312899943	0.529059118507375	0.246086704742745	0.644347986698221	0.272278192169068	0.0806646278287078	0.223721028403499	0.143833630144781	0.554091492609983	0.426843024629114	0.364436307749745	0.756303692324854	0.340769363834431	0.288676906201281	1.21154514293257	0.742602617561216	0.580976904695741	0.837254485895294	0.670106447597776	0.449494264585964	0.663548993036086	0.833927706915956	0.791464051936308	0.606946131840941	0.496331572194458	0.47577016235639	0.450810272240817	0.480289971903942	0.492154943126893	0.522865521853309	0.519356813956838	0.463453015367192	0.427066205159949	0.352423858607439	0.568322113215256	0.714613095853001	0.519923144325066	0.349185885288807	0.773468693903563	0.501850117637406	0.51126485613761	0.616435396055262
