0	0.169213580823423	0.209117440353838	0.300299400510488	0.331761345344645	0.263873576542165	0.291328091205236	0.330988869706498	0.336687352424581	0.309336629528843	0.40902754267204	0.33591922254027	0.417667249404138	0.997041764966065	0.43837218247365	0.313026592139445	0.55612155128684	0.462173887260866	0.528144885901411	0.347829653732819	0.30827701679271	0.372831384129375	0.677543952471156	0.252884955247937	0.447796184960468	0.661986832225098	0.448446503378064	0.868312323480516	0.682277216618983	1.03495433759356	0.536316940097126	0.504889285634203	0.417732162164448	0.495800416550849	0.3037588925811	1.38126487488965	0.591755517059239	0.532869610467602	0.328567548464255	0.299530010111725	0.435556169338229	0.247196189813261	0.27260750655524	0.393452781234205	0.356223732054469	0.222712221799276	0.288498154716492	0.574663083753844	0.442967622437055	0.245970180668262	0.275228529964031	0.283601885486244	0.652309796243604	0.27275375154047	0.398091329836059	0.454098525440295	0.103303438532781	0.186638574805578	0.205569860331199	0.238069863580302	0.310555320952273	0.284173121870398	0.315921792563655	0.373033177622085	0.535226433489603	0.315872929519355	0.59543964216582	0.415653899284862	0.43328408512605	0.6584245492681	0.545637257324238	0.34430023915663	0.637824108375002	0.494226189936632	0.364013089447438	0.681092163915733	0.402440164752553	0.314626045443725	0.367671694469342	0.706332933070031	0.693663351125178	0.280750890705761	0.367685817814062	0.429957438626339	0.467282343416186	0.734304759425294	0.735712050656917	0.460560738880291	0.863765363411686	0.571244366121711	0.504661017673356	0.373020307668529	0.305200794008076	0.507158311998602	0.363260282072692	0.210293787232724	0.247194753295967	0.444741231115406	0.271702388762129	0.317570022694324	0.372125109956283	0.329486760241962	0.445108191501555	0.174279820897074	0.289787270938406	0.327183105336676	0.638692883992235	0.24080386688236	0.226539010127632	0.456198166039967	0.234627369043663	0.439957012002785	0.454855058021356
0.169213580823423	0	0.290762194311497	0.238939081252163	0.347355902938398	0.453080930987921	0.414066095403901	0.542789258619683	0.47061301900695	0.497594222716824	0.284463263180253	0.273485407558557	0.561067480248143	1.12606475653241	0.567533337139034	0.466143672844684	0.782351090765605	0.756628972454602	0.800532108391597	0.597009971774295	0.515049561233437	0.634855917879603	1.04871597706314	0.564308961460532	0.756596864376045	0.88043304058805	0.781912112482914	0.804889657573096	0.740581241247503	1.19356617009153	0.729522991973415	0.641708813416531	0.611660667949825	0.75267725910198	0.393833327350886	1.33599453221314	0.818972845137464	0.650935964139131	0.613954986036293	0.52012138254561	0.668165406327829	0.465546884055367	0.512973281920307	0.379568195780909	0.508338502922014	0.284269959535854	0.408089337217827	0.505208344656239	0.533014517252217	0.284126918770336	0.497051195974632	0.414065137036064	0.931791244547058	0.394592391421548	0.438346164959505	0.368835153966982	0.179719765146406	0.0139677989713931	0.330467922169226	0.254205886442766	0.341804125430214	0.489340379803707	0.437850762517375	0.614866084074154	0.702168182260955	0.489809986440841	0.364466101399673	0.365559697307432	0.430380393863026	0.50241602032165	0.697460058263342	0.564803960426948	0.712330169322165	0.775511470598808	0.469234408005922	0.946929445827156	0.628977757330324	0.530759675854086	0.666662517449106	0.973496939236655	0.699147199427484	0.550305875835162	0.451904930616376	0.689921422068955	0.726849811158444	0.653019104439962	0.666451628098878	0.501385686726741	1.02628570362077	0.684141281375333	0.804640892392121	0.437587250118188	0.441151606718975	0.478143136479356	0.570296177061697	0.34727483694076	0.474375655781916	0.714951775806108	0.470555272948103	0.462969638369242	0.378054183213984	0.345211325471458	0.693227270331107	0.295724453180606	0.412211558709169	0.380385800815581	0.434918565104083	0.169693081437344	0.362395856568539	0.613659424141563	0.330871577572545	0.442854372782992	0.326542840936365
0.209117440353838	0.290762194311497	0	0.208798273839463	0.195253853451197	0.265968926639675	0.397716799901096	0.376620814797593	0.308708107812627	0.323676049765163	0.630824771201658	0.490416426607529	0.566382149250655	1.13615814569034	0.606099171910998	0.455847735911529	0.628935811355731	0.587548252448573	0.631821440885868	0.397393551689217	0.310115871184686	0.491575234754329	0.74040445768542	0.437419584731681	0.500718558033879	0.769201044639857	0.55233000850995	0.84825645827701	0.626787202169941	1.20910952243597	0.745714707883641	0.637941093005188	0.608768614036397	0.538917032027155	0.496432743668679	1.33418275751865	0.50961867810583	0.473911203261515	0.411987507683486	0.333519813700119	0.559423883868924	0.232451247159452	0.400904330577	0.41691314111414	0.355962682613101	0.248767166453004	0.26902191447812	0.596835331492869	0.477041513621553	0.300690052217419	0.309535006214472	0.320270542007939	0.604101593141504	0.176611521063537	0.465202561277311	0.54354420932626	0.167504687101485	0.296565038069369	0.100197059915848	0.173373496576109	0.244476821963302	0.338458282516372	0.420494411100396	0.409845634331735	0.531130759818013	0.334605280567758	0.769150461521468	0.517123409737691	0.576934153599685	0.772418207136139	0.743638678494447	0.469349337895065	0.929149843757898	0.633211249596973	0.45180491244396	0.814617893382612	0.452636044877945	0.418504372405112	0.481718363633493	0.910644276216509	0.651675261914643	0.426424330473291	0.363026201638457	0.482717495434917	0.599447879523101	0.701841909215503	0.775711621573837	0.533973683709276	1.10441264718803	0.68458878089626	0.608800517095023	0.569841203493968	0.406266794345273	0.542491519776817	0.440643212252693	0.284983682270985	0.345463728193122	0.547083985242621	0.317593495183601	0.348722356609013	0.378928627390932	0.388481580164518	0.452945313762034	0.181285005172403	0.238498015162842	0.335157294879611	0.722821374083869	0.324211382546121	0.273112836641872	0.493096008636049	0.204242217310291	0.484615783705569	0.547436355892474
0.300299400510488	0.238939081252163	0.208798273839463	0	0.114590752801788	0.258636032190686	0.322153770135338	0.414473478306342	0.394329595769424	0.413731731439891	0.463117434923736	0.261535144354516	0.32455261751369	0.956300112635621	0.376139934009963	0.374114499242288	0.627577748157706	0.532317930791767	0.694743258701737	0.486674688371703	0.324215853461373	0.531622312665289	0.846597214371995	0.426442079554144	0.59721421854912	0.971356038798825	0.734250400972146	0.739403208054252	0.722708170883933	1.04203818321643	0.681617797385513	0.585417263343125	0.625735344395841	0.699113180249123	0.496645338069716	1.46060594186887	0.582900311768724	0.504826205357148	0.472315381974031	0.313847920384711	0.806825982947907	0.236831708768355	0.56979478079277	0.255017862762889	0.349219979555678	0.256697074428067	0.290932886468259	0.428273430083543	0.338191290199898	0.188357193574659	0.363317369786157	0.27393422936935	0.546881745422711	0.118147505340707	0.373153819311307	0.379821654155684	0.387067691456163	0.240151194402874	0.272332325631303	0.0669030255761642	0.14019526733269	0.288101404899579	0.362025979294729	0.493383713171457	0.658085673778699	0.401726433646833	0.547543673184612	0.25363956478344	0.287409630832402	0.559180982894062	0.499616026272874	0.411634532808944	0.823980801494319	0.573787749276113	0.438852939363903	0.861086866335118	0.49154791267681	0.397615750222833	0.526495044108244	0.935419018307659	0.610785898675394	0.43030993124783	0.381379694593072	0.549702738676225	0.716639421606895	0.59138026487629	0.603839043590938	0.532754114337533	0.811745386157597	0.637911762309867	0.60511284025102	0.562592950857176	0.400383956276244	0.325161655121163	0.451919490835486	0.311618390634737	0.381414490994111	0.644698678300166	0.298101882189849	0.484478781251796	0.243526037166244	0.274922918832024	0.503617968385551	0.249822165584323	0.305744275145892	0.263693165247066	0.411105708499918	0.221614985608249	0.312611969665285	0.362878101558121	0.164177024411278	0.409406189634906	0.385084069131989
0.331761345344645	0.347355902938398	0.195253853451197	0.114590752801788	0	0.292909191021951	0.427094950830317	0.442637292616338	0.432932010739962	0.430490142808631	0.528218049202794	0.340493174486022	0.4233474645466	1.04617028317048	0.507681746887041	0.456494504731482	0.765209042293329	0.627584077764586	0.812741388642501	0.504015404490262	0.32125697987558	0.549086307399951	0.857936525213609	0.402135503832606	0.621852543221628	0.948222748873212	0.694373566832142	0.711337634774094	0.544907809950674	1.06932203316564	0.772071165745987	0.627097651600021	0.68402280249768	0.703090862921168	0.598127131792267	1.4318350327511	0.571090316908624	0.418556846154304	0.48774057103391	0.262118173904507	0.723301634743364	0.172687264938897	0.592515490774095	0.224575389456897	0.355548189949138	0.225024934564482	0.189610902755232	0.384359599545717	0.27855755266165	0.169119942698029	0.35160255272402	0.281926466540216	0.489485055702617	0.0890199741862523	0.378576233759567	0.409798267229349	0.434817415338401	0.35495397239348	0.242243989625079	0.08427753169491	0.0394651235078323	0.312246999759564	0.430020688541563	0.508150475738965	0.690206550911332	0.426068371322486	0.704762609493884	0.295477589311575	0.380138682108429	0.553440314635581	0.580235329764104	0.447801267915615	0.981498610113151	0.659245763200859	0.523255771028839	0.984758829336038	0.510991518627282	0.40845584183067	0.561246048479906	0.992408954720525	0.767793844128759	0.425373142851091	0.409106889262169	0.590593051890652	0.759620170874094	0.580061685714487	0.570575052842859	0.410934442755375	0.915029159326915	0.734692680237886	0.647674763488856	0.629739971073087	0.471465635652919	0.327465163873992	0.453543429075066	0.357539017687797	0.35620039304386	0.575915184453985	0.27179020001413	0.475054299845226	0.262410907023762	0.297732117426814	0.505486062240352	0.225393435599399	0.240116321155563	0.234802209543852	0.439554549781777	0.290298895427279	0.356586638770189	0.325023109379952	0.143957981859356	0.396996347250504	0.452031300456999
0.263873576542165	0.453080930987921	0.265968926639675	0.258636032190686	0.292909191021951	0	0.136625322582369	0.0820460036552063	0.15192535289265	0.110354605978894	0.536195944517887	0.392688259212747	0.340680986694375	0.853937417264183	0.28999156616767	0.136202681982139	0.429619472523473	0.185999355559353	0.294792637707564	0.152064094834356	0.0598232964857787	0.156472178350993	0.389943632508318	0.177369512265138	0.245068119775463	0.610203103429126	0.291793540014575	0.866861896675946	0.702839802088699	0.934993120624006	0.512360790562608	0.461240709375127	0.34499209440294	0.413933355311851	0.256790015711597	1.50558515873837	0.473193735887175	0.466941099333493	0.218499702437667	0.24254075480478	0.5353520945404	0.203088768892757	0.294930475359261	0.35815553251678	0.191726790507269	0.232074503000665	0.208358120121073	0.583735375683273	0.372150316001577	0.218605031942346	0.164417833611804	0.131504196295674	0.406184189167066	0.169753088333296	0.388955128077371	0.363628561133607	0.377666840896104	0.466714464109828	0.257840144184373	0.198081169943106	0.273834193805872	0.0351255199786382	0.159772102005607	0.10961751534092	0.350104504777245	0.103355527256725	0.748479137137679	0.427479718788864	0.415254868235709	0.660337026959874	0.409711602115224	0.160110763804938	0.668433681399644	0.215456206967111	0.279028722317318	0.542672424443929	0.162033496191934	0.0804055189123938	0.162906405296594	0.498727848071959	0.743954219360579	0.211341171165354	0.251071264753454	0.20090294120448	0.339258340048474	0.753993767575777	0.70515356159468	0.532088136195434	0.715823425041573	0.506842937810572	0.378841267708602	0.374059053916708	0.278275589788154	0.542189831041459	0.290652656269577	0.224358494297184	0.246512581786834	0.333814171263764	0.306234976440714	0.296376995476888	0.372043049562624	0.337620248662199	0.312038549184812	0.218499043130304	0.232371313745944	0.316663358804066	0.69371201506429	0.390818129930806	0.124530666485166	0.287409755512287	0.161297287407152	0.335041894802923	0.398519843081794
0.291328091205236	0.414066095403901	0.397716799901096	0.322153770135338	0.427094950830317	0.136625322582369	0	0.130238747520142	0.213428390106993	0.187460196606121	0.489834839656738	0.339443395071517	0.415947366651728	0.814955451753755	0.295471402351933	0.209121799549701	0.405563335073802	0.242007861626885	0.313989215184224	0.220528212468296	0.187442317590261	0.23491371510977	0.464082290859273	0.249445050004783	0.328581232655884	0.680715684390871	0.396396684159132	0.884281732963192	0.769067954634834	0.975551610339353	0.52180886319558	0.518884016796162	0.350440222757826	0.500057007199176	0.249254482628252	1.4376153225431	0.537478350912705	0.575587123526713	0.278371478009226	0.340530896008138	0.567447916055534	0.362947398374296	0.280054460881748	0.407265245458316	0.292856709984387	0.29837507860467	0.353179848727732	0.567868430247363	0.381454036579676	0.283781470413042	0.245322143573611	0.205921091400961	0.579918304379513	0.315454691225333	0.396254477031019	0.308125076438724	0.415453032622462	0.421208942460508	0.375352972063563	0.299562589455972	0.399947001152986	0.152960045246431	0.023686661673645	0.157412535093796	0.465662878659152	0.175772658961461	0.625857490626435	0.429242129278315	0.442118065798901	0.634679964662169	0.377910688258046	0.25290012642822	0.478023256202315	0.243963554138704	0.2580919891366	0.494768944367306	0.230314497008117	0.150521585285014	0.198807121398733	0.42411927041627	0.635771838463038	0.257537973341271	0.302809357162602	0.265783520500372	0.387439049920291	0.821335883519404	0.746631804735512	0.540528493724039	0.677783253920501	0.464263715166083	0.436688497405821	0.350277708875298	0.291798073312866	0.518984147587818	0.3067896162526	0.257335612412126	0.317326040612168	0.466038914069869	0.39933738328989	0.344024420303653	0.397329188329133	0.303486130861216	0.436741019154208	0.277531762767187	0.360295997755271	0.347234869914074	0.634357144735207	0.370670590729034	0.16759118237143	0.394295832823626	0.257515535572197	0.398435175743678	0.319454382972689
0.330988869706498	0.542789258619683	0.376620814797593	0.414473478306342	0.442637292616338	0.0820460036552063	0.130238747520142	0	0.0759239035614873	0.0511958967320607	0.618991143652353	0.513359354433244	0.413156642438613	0.816049324184253	0.349992898335791	0.158720349349786	0.401929538813458	0.154124006655783	0.158066543610305	0.0796004291327017	0.0941318831475596	0.0924582002503396	0.361731836339159	0.20505356867215	0.200885098700081	0.499747500463636	0.213670466140325	0.8871498897343	0.713113139035725	0.994974466275824	0.55616911483681	0.547979173230832	0.328096499110291	0.347555030245211	0.240620235251719	1.49141457600347	0.506919995956214	0.56426379957961	0.246275795351126	0.243199274767117	0.506965078049928	0.344236333332705	0.222230373831683	0.469219018839501	0.263370818444186	0.298525047461518	0.244426965275192	0.632220196871542	0.432113514266681	0.288769459671034	0.164174443992946	0.137271871601112	0.529283849897114	0.307548729706774	0.409294433377803	0.416048620190929	0.454309546698344	0.543945707277198	0.305680355477805	0.318797636487016	0.397930517638683	0.0946913516415928	0.145034775303304	0.022379543226031	0.243273303520469	0.054169750091146	0.829333565876301	0.545254717995856	0.496211465504378	0.789286652986857	0.455915447773524	0.144870044507131	0.594443867570222	0.146455290020056	0.344903821165213	0.394360562351255	0.0864530268154984	0.0549137999663704	0.102071474686139	0.416637315767496	0.814942590966748	0.261209079467943	0.24933000449866	0.172852974383194	0.25733187883067	0.820482725587367	0.727734391263711	0.54116179372164	0.697210183337256	0.548434065795852	0.445473475097446	0.370711444304655	0.303454267943279	0.581816848941389	0.349288176605418	0.281185871223982	0.267504598212372	0.321776264376467	0.422745404115932	0.234158614720954	0.485126093153459	0.442169481872168	0.387605606550526	0.274532730672164	0.270564430010817	0.388404010359546	0.761713997237558	0.500836265314292	0.10324213343295	0.43278152532014	0.245877431926625	0.421680592838413	0.465545582383596
0.336687352424581	0.47061301900695	0.308708107812627	0.394329595769424	0.432932010739962	0.15192535289265	0.213428390106993	0.0759239035614873	0	0.0726750917808996	0.606847216029697	0.576396690336404	0.487490621354234	0.932371867967152	0.444375599026543	0.226545137445474	0.424578113972168	0.262794776235133	0.221772038936938	0.114047718108522	0.14356405795801	0.170672168454942	0.425673897365472	0.298824371342584	0.257935453079044	0.485315227797828	0.259353116900426	0.802071437086569	0.670596819000949	1.06211188082672	0.644674389657782	0.537179095314769	0.395392932777885	0.334804151955744	0.261469985769588	1.42450245711177	0.472990043455418	0.5755034584214	0.295714643280021	0.26667962150976	0.437184496189773	0.377678503023268	0.27227402140686	0.486389683665817	0.245556352589791	0.291561375156406	0.242768282805727	0.578445991490821	0.438231392763565	0.270505271003908	0.158865068822057	0.161802838090628	0.611868896419471	0.342803592643412	0.408129161837244	0.424562340262374	0.401390291492348	0.465393112515812	0.316348516606545	0.338277896461693	0.428600145174049	0.178930504066801	0.229856851770084	0.109960065259633	0.240370150719784	0.0820589960451898	0.778865043641973	0.605767644474528	0.54334577945597	0.797135173895497	0.551067647140097	0.210399655054048	0.633281213041852	0.274746108179524	0.360528765265913	0.433194110033557	0.126659250309282	0.148299802324593	0.165313932343149	0.546067984018176	0.811269394572049	0.324928568315284	0.258407088601961	0.221962356111975	0.292332512164102	0.787803686254428	0.663026432879783	0.521832839355969	0.840336037827852	0.576903156318808	0.552977091838439	0.409624484200084	0.345428794802614	0.555715239227492	0.37836714226428	0.262220952749	0.276124392149915	0.346745300042889	0.459457784093278	0.256687703732659	0.458443458877676	0.461909403957821	0.369244587543132	0.257357427178953	0.238194558596621	0.356596132063826	0.714945515981049	0.462697058566813	0.115356422001606	0.511977796486019	0.293374856395133	0.389844727230519	0.454678689550529
0.309336629528843	0.497594222716824	0.323676049765163	0.413731731439891	0.430490142808631	0.110354605978894	0.187460196606121	0.0511958967320607	0.0726750917808996	0	0.540895740422384	0.544959634716382	0.472831037631934	0.8211322936077	0.375859593299392	0.199719818850516	0.484229625224243	0.225637941937408	0.184732198250268	0.0655324077366291	0.118660975964694	0.0863170733751082	0.389485785279769	0.21449286727605	0.217654357675415	0.473858124405122	0.185771781467733	0.750880640040901	0.621366855081223	0.946046947976791	0.523877021394765	0.512988862290886	0.301619427640093	0.235049698840918	0.247832822325316	1.39139316406164	0.472705067921469	0.510888983867638	0.29256228151629	0.226844836160758	0.407640504789007	0.352424701023344	0.227830574827399	0.468938100839487	0.238602362001472	0.297388324601509	0.235434651033225	0.516022528972725	0.431174884727415	0.275191461047356	0.137027014426818	0.108921691217435	0.61022663517347	0.344147418384199	0.368391396035944	0.375757073854383	0.403417106831036	0.497956320927411	0.283070025217127	0.316623598374194	0.404075738387194	0.118252924056134	0.189543353166018	0.0688071340570611	0.184784703265407	0.0225517192147534	0.729600459488775	0.582848876891406	0.545599098224068	0.804541845360401	0.464926112859384	0.164186540971861	0.585395745323278	0.216218567653959	0.301893117862223	0.385319045982116	0.0703652928771027	0.0871643921203187	0.113834972591503	0.503965181460631	0.799642457381437	0.265728513605845	0.184840427410158	0.170987552971289	0.218156635948869	0.807892277992284	0.604765931920657	0.48689692689689	0.750577899947005	0.550748662956262	0.496231006532927	0.351578397096492	0.306764116890511	0.519215032016743	0.338517982872899	0.23710845047872	0.217380825147271	0.253106067642987	0.436241611363765	0.242586599270673	0.447381684630976	0.473480734299659	0.334421477502366	0.266847660860617	0.246832342949056	0.345296440089411	0.711125765611036	0.509462505984972	0.0665893503921109	0.485655316204411	0.285500241573782	0.379935280133727	0.418493170075098
0.40902754267204	0.284463263180253	0.630824771201658	0.463117434923736	0.528218049202794	0.536195944517887	0.489834839656738	0.618991143652353	0.606847216029697	0.540895740422384	0	0.203695714559608	0.489303061738766	0.677999614248317	0.393410786394829	0.409046382408363	0.758810812880464	0.709970833355989	0.790201126984985	0.607849212221059	0.582071131141967	0.547003737611437	0.948631132629695	0.525667192359255	0.819605682407053	0.868282272942531	0.714969949238398	0.697668103094775	0.755909061581468	0.676887366630993	0.35799731784055	0.504138805177843	0.394696817485181	0.661225360835537	0.485550129224022	1.26296548393025	0.802869782618469	0.672444602291673	0.626512327717062	0.588958234020618	0.717604781194789	0.555940560222844	0.628834357119448	0.37426976255808	0.56301916619395	0.457700701037323	0.514620865032715	0.367614802311331	0.516151058200467	0.334793850066939	0.565595082745193	0.440258251560584	0.911331261058393	0.57977893003763	0.492122546766084	0.207023492073476	0.50226014390684	0.304531248516852	0.648176102169765	0.413320275797666	0.486896084020563	0.509487375920627	0.456181075693809	0.663254847509096	0.748098996503384	0.514362165004894	0.115349696052631	0.235299199864812	0.350344439511008	0.255347107871601	0.391898407432832	0.484729278592735	0.549462033925381	0.703173960672373	0.37346742510803	0.89563072552511	0.608299643425989	0.523416628187636	0.628718751476478	0.878432356219755	0.913885312819304	0.55379573751668	0.525420935160106	0.735162275003036	0.63129336304124	0.781368734786033	0.492967092266058	0.601986209960935	0.613966513127642	0.481988664974066	0.746144494398398	0.347329151279501	0.460571831934835	0.505901644000633	0.571238215375152	0.431145735177177	0.562100354731576	0.753206303646196	0.510467000994479	0.684094701599657	0.381057357643605	0.431960740588126	0.68885951445917	0.526014139038316	0.574035471948678	0.453475965536167	0.393644005706866	0.336464957187466	0.442245970047081	0.551287666091227	0.52414252616166	0.440637936404911	0.224765487996344
0.33591922254027	0.273485407558557	0.490416426607529	0.261535144354516	0.340493174486022	0.392688259212747	0.339443395071517	0.513359354433244	0.576396690336404	0.544959634716382	0.203695714559608	0	0.358219046225462	0.688852413341447	0.278546210661417	0.33504241683271	0.58131406727721	0.533861525274612	0.698001368823863	0.587950310251631	0.446940533825632	0.537484199889282	0.844598020325989	0.416921149928992	0.682377915334472	0.885909439775902	0.728049499437266	0.875870357625267	0.885165128569744	0.840879197318501	0.414703901804622	0.50036917518373	0.433588150202955	0.738945388671118	0.475291068027284	1.50130303873288	0.740555631074429	0.631901859633482	0.494203091584195	0.494750319521409	0.7577051769882	0.373886989766115	0.5722585833027	0.310430102371545	0.505440985399223	0.379919592892344	0.47344774808825	0.510882148829517	0.405846875552721	0.280354958782367	0.508385733939636	0.383493674613236	0.686393124871331	0.347735513376899	0.487663389139996	0.212424365361442	0.433991431524193	0.281707421564595	0.52983302803178	0.271111252200457	0.323796011255477	0.390050131977433	0.33738728255971	0.577519280304178	0.74487092698565	0.507742857636751	0.307258960564057	0.0952418218210589	0.267719338680993	0.267347539408024	0.342463373648136	0.428474837822273	0.594899172919105	0.55419812312261	0.329212721216474	0.858103110315758	0.57909103479925	0.415500512988501	0.566268063976918	0.71987833837109	0.771054538315402	0.422525366491825	0.465661754515502	0.638507813446417	0.688581495987682	0.642821241709299	0.649983297687338	0.635103022376734	0.629322882726804	0.441734349760221	0.548984402078311	0.351159273367917	0.364415212134915	0.460563834792368	0.436948811543614	0.396462602509372	0.468254264161816	0.754532721193131	0.370610133680106	0.628033274213844	0.377513314501407	0.254726441759231	0.673922492283086	0.411806979869574	0.539178235564831	0.392370837887232	0.47641749110493	0.274224867922662	0.425265738364488	0.358667706831964	0.318815981096956	0.463903655677472	0.211774764127561
0.417667249404138	0.561067480248143	0.566382149250655	0.32455261751369	0.4233474645466	0.340680986694375	0.415947366651728	0.413156642438613	0.487490621354234	0.472831037631934	0.489303061738766	0.358219046225462	0	0.57186990293277	0.221023109924105	0.255595849410874	0.461025463348123	0.305384336274518	0.466071156626095	0.398272996464774	0.326609392822667	0.356106588513528	0.49322551748154	0.288138309090455	0.433616052802255	0.735726206368838	0.497258331868226	0.819629607635697	0.927447482566647	0.543850121479662	0.298977325217448	0.444068037466448	0.42667453113167	0.574855438929389	0.459111498422964	1.3973861353408	0.500361315117421	0.530185668156203	0.402642896060739	0.339692454407925	0.808196624787652	0.28314139138918	0.652569798567086	0.494652685422238	0.387951401391829	0.496882864064197	0.480494828681712	0.625042064739887	0.400021412101892	0.387160690943182	0.419081825055166	0.376227206300217	0.361628848410593	0.298913168373152	0.433861390861627	0.59038844614585	0.612524801992361	0.565960657253434	0.568324734445803	0.317281793181265	0.400216167920576	0.319004523388	0.443080360391806	0.432406008436057	0.692434973879052	0.469619588559142	0.635161612241598	0.238606495916048	0.0721260291621633	0.664348736809476	0.238848197029255	0.263717481270392	0.664348749879925	0.373001364320778	0.519109348158767	0.584494089153165	0.422675438962506	0.348073195469084	0.371376712254356	0.603002110800213	0.674382101716962	0.335634559519789	0.53913752319176	0.467514780957186	0.489626668960648	0.849009476315599	0.700073247004922	0.768470396362842	0.428259037238877	0.415320121270403	0.355382654745131	0.574093510662146	0.425310063942069	0.533394906920159	0.401101575994318	0.374484177428717	0.383775637512626	0.524529627100188	0.203595404025094	0.575346230391877	0.361291670451925	0.410605478905333	0.420974622151897	0.441932817737511	0.448345054136392	0.470085768003988	0.675492103185542	0.452249515348371	0.432850217710841	0.288565802309608	0.359032845003582	0.503168763179874	0.613366118345704
0.997041764966065	1.12606475653241	1.13615814569034	0.956300112635621	1.04617028317048	0.853937417264183	0.814955451753755	0.816049324184253	0.932371867967152	0.8211322936077	0.677999614248317	0.688852413341447	0.57186990293277	0	0.395815800017056	0.68802520749649	0.583074828043729	0.545829881456694	0.592811832232756	0.715562883189735	0.783555830280504	0.621799717350975	0.592821790545597	0.645495082919034	0.668845371852074	0.751010069914267	0.676758429587654	0.913018474279881	1.11190002356386	0.392953386341225	0.383506718669484	0.777138070499571	0.581621746588201	0.617526246308366	0.999602840561684	1.0087554351601	0.812249532369228	0.991448768312088	0.76090846957763	0.786191540926123	0.973845508836449	0.891036710059409	0.900168384273032	0.956060422825804	0.849660162129112	1.06663074089712	0.912080832604564	0.915239423370732	0.869457373369314	0.905766717878643	0.909566175842771	0.805252987561258	0.725275821372541	0.929171126306804	0.803174199031381	0.77962786521412	1.11752488347612	1.12049241918157	1.1428719027179	0.95883012888915	1.00428494537181	0.776855279108991	0.783238941384153	0.783501970803426	0.847266853803786	0.816320713919778	0.624034513106774	0.597776239420797	0.604089180576501	0.738586464829773	0.348200197143767	0.570462429486533	0.561636738334148	0.521154112829601	0.724566584251969	0.514686241633347	0.668183971187105	0.713546119976292	0.614293717699671	0.60898284770566	0.953404205080405	0.670718865802314	0.944178260523456	0.725054983376604	0.626907600669912	1.21036337862877	0.87517335535666	1.17701262748256	0.404545087761875	0.528730490018218	0.507731823872264	0.787436067030009	0.701502754969185	0.898072074900798	0.84204970138246	0.884406769730433	0.800317816268962	0.878235303837516	0.822610439561916	1.05665954845207	0.882343115820642	0.886196065500107	0.818958976329679	1.01214398345014	0.896555904487109	1.03516081682462	1.05852082836149	1.02514340849987	0.856173917593036	0.707341834566644	0.947500715565767	0.931506804483562	0.844494935020367
0.43837218247365	0.567533337139034	0.606099171910998	0.376139934009963	0.507681746887041	0.28999156616767	0.295471402351933	0.349992898335791	0.444375599026543	0.375859593299392	0.393410786394829	0.278546210661417	0.221023109924105	0.395815800017056	0	0.204276774659892	0.310187263207838	0.203339082202682	0.355476308270532	0.357903167261695	0.287565946983015	0.284195693507188	0.440853526601957	0.222922377624113	0.354634570010506	0.677118807900776	0.422926440978176	0.831686978429046	0.943561665881868	0.573072419281992	0.239144618601275	0.478328810002663	0.339078488759048	0.44039971153341	0.447321491239454	1.46053250158866	0.488425387244115	0.646795180703268	0.3474291861348	0.357989998074706	0.713508585490917	0.369998766058617	0.498489645358437	0.477954636709615	0.400399385868964	0.522765632554343	0.478401659326045	0.636972726232957	0.435500452185325	0.3754570461086	0.379218490689477	0.322642347578299	0.474486883728391	0.377631053947418	0.480993397957855	0.409773867810635	0.584130476413086	0.566818230216713	0.607386332839571	0.390768621828721	0.491050695060627	0.224399871582552	0.285410019984602	0.381538472289485	0.550731273988331	0.356626229056518	0.482986779765743	0.257074287857637	0.254132559391441	0.525685305441329	0.108233507069157	0.189682726467726	0.444639144080579	0.232035805556043	0.36429444964224	0.484010109012241	0.346444468749854	0.243408723301615	0.277891401199087	0.488226787855338	0.695203426217103	0.229521849618251	0.415046753478752	0.313288699180092	0.389788343910328	0.831546159649473	0.696674246227859	0.772650993510507	0.425205483774973	0.354711667095478	0.2912026571896	0.415477695993009	0.31738057565533	0.554178015312736	0.336456611270677	0.345025049682512	0.313045341490384	0.504624435398624	0.38472910266061	0.621812709121689	0.467374541403257	0.390207391649189	0.420486355530925	0.475730835382345	0.475436576800276	0.49677786305735	0.711733276785529	0.498745454975338	0.358367335725429	0.297827071795159	0.401547404077681	0.537140095950139	0.436250353178407
0.313026592139445	0.466143672844684	0.455847735911529	0.374114499242288	0.456494504731482	0.136202681982139	0.209121799549701	0.158720349349786	0.226545137445474	0.199719818850516	0.409046382408363	0.33504241683271	0.255595849410874	0.68802520749649	0.204276774659892	0	0.374246298158869	0.19163832847148	0.265797758770021	0.204394630614115	0.154725673556256	0.127415438886458	0.383955877337275	0.177994050236497	0.264543110058593	0.566045278052068	0.256553999736078	0.812724605663556	0.797026554914157	0.727600001885614	0.312497225009807	0.372819215116623	0.197899721412138	0.371407673083357	0.235673605790465	1.46801852412713	0.490694895267106	0.485466913430781	0.253020029287734	0.28869569095838	0.521358091271392	0.323749769026819	0.362168601355026	0.481521251367978	0.260693094892485	0.407996138018882	0.34102970364283	0.577871931361725	0.41428892418694	0.272899205381433	0.215083826963944	0.183992260702811	0.475138848574539	0.315278098998837	0.410032046043139	0.387275100970407	0.462759906515746	0.481335917343639	0.390546377561332	0.313064277946168	0.397287571813774	0.129344046600484	0.206954891927287	0.169910835472879	0.326578309168504	0.171445752170276	0.629165300144281	0.368617706551833	0.301153411758824	0.63180756604855	0.249327462031539	0.0849356001597723	0.508951783974226	0.193346123973897	0.3004420118801	0.424097133119564	0.207251442038572	0.136084556241318	0.142412753144275	0.413756051618391	0.774735235291601	0.195564390184519	0.281172676814427	0.211394487674794	0.254974219577808	0.795301427577352	0.635150512645143	0.619098796023351	0.534524833255558	0.354919989918759	0.320173298144494	0.250229643232245	0.244707693986073	0.56362841023121	0.307220280818614	0.218741191326726	0.269533140165689	0.335935232940095	0.323841553707828	0.34021262640765	0.46330976228976	0.405569329381867	0.330693531070753	0.373082103352746	0.365409833923334	0.409066328489889	0.674855763797406	0.424931913795505	0.170460142270723	0.332199379527463	0.291343823106349	0.428833293950236	0.400758079045
0.55612155128684	0.782351090765605	0.628935811355731	0.627577748157706	0.765209042293329	0.429619472523473	0.405563335073802	0.401929538813458	0.424578113972168	0.484229625224243	0.758810812880464	0.58131406727721	0.461025463348123	0.583074828043729	0.310187263207838	0.374246298158869	0	0.223087105162314	0.293339917131434	0.432323014029891	0.393651727836512	0.411507185714053	0.374711359951153	0.464603013025113	0.387238393416174	0.493182792567095	0.448900109402209	1.22907162362613	1.14573091241153	0.687455442395219	0.414156486114656	0.704459085211218	0.390828893698983	0.512800226739837	0.532921612974489	1.43096713583095	0.547955340892339	0.893211433617569	0.298138775161913	0.604512754875434	0.610177629876825	0.619601009198009	0.515042813628932	0.806211957137196	0.533243471643495	0.715974869539811	0.667453267898763	1.06738874175401	0.774653643672858	0.602951709650222	0.46613150752419	0.53409802587406	0.577594076417897	0.545558560752526	0.825491030412801	0.702126859275828	0.603074588081129	0.74684850075288	0.68199228455142	0.614392116346091	0.762132727377101	0.42764760014906	0.410220549156356	0.440012249979558	0.546936198342932	0.435489029148047	0.796483937101203	0.551571801015903	0.535984035653827	0.825070810835351	0.390965079997694	0.345086180789889	0.381109339282378	0.284663145426982	0.486963337440058	0.384352588675126	0.444074111080972	0.384400949995621	0.321387160596427	0.419383542890445	0.76549067150014	0.406606554859727	0.55586461043741	0.356630913708574	0.421817983307206	0.865986582216604	1.10691469820873	1.03643656872121	0.574365993219142	0.341144640607409	0.385551285002564	0.443171210995593	0.427347494870249	0.883619780372738	0.50565424853817	0.534000826660584	0.503229507513177	0.665692185243706	0.612697562404468	0.688333862239025	0.763943155451215	0.672485432057667	0.518161656838692	0.661539348891215	0.652709086998094	0.806590804148105	1.11029114128349	0.616009180502338	0.520884865583613	0.603599207382103	0.575637566295051	0.71510424733925	0.70728132367344
0.462173887260866	0.756628972454602	0.587548252448573	0.532317930791767	0.627584077764586	0.185999355559353	0.242007861626885	0.154124006655783	0.262794776235133	0.225637941937408	0.709970833355989	0.533861525274612	0.305384336274518	0.545829881456694	0.203339082202682	0.19163832847148	0.223087105162314	0	0.10994586642766	0.190263236372425	0.178481526459757	0.163303851703144	0.190768226429894	0.205517213784929	0.186265922573813	0.414736105108408	0.265253571392938	1.03914502076001	1.01024162922443	0.716844451325433	0.376881182062173	0.563837650746041	0.269218179499087	0.352948051260086	0.341963932448864	1.50626596377712	0.490144522711556	0.733313414994674	0.228840402074424	0.386977821288921	0.534742449381548	0.450650946408488	0.396028787554297	0.671129176202128	0.384942404944171	0.550973878895884	0.481466338300062	0.87352890723316	0.566737501889099	0.472499546629097	0.307815233963779	0.295828248453273	0.444558502587558	0.435882761656869	0.62205623403269	0.553148805354562	0.607274086319789	0.735858457998152	0.545438231804863	0.488395810764834	0.588289483126212	0.153881709182105	0.265188218850012	0.158810498356575	0.352145237651511	0.203375021175011	0.83852181261431	0.529305436361061	0.432684078820452	0.829889378742376	0.285903309384257	0.128773363740909	0.447376195380861	0.0359537096309919	0.347327122915155	0.268396771674434	0.181710480299468	0.123582614246726	0.128447605011972	0.235274370583413	0.817314717627699	0.250337873693435	0.390510835929376	0.161969843290068	0.303835992281132	0.945498093093858	0.901167674268895	0.873159545088583	0.50188579665797	0.385282108204337	0.308331660783639	0.380920718950267	0.369545200297978	0.750622275222208	0.362703113077151	0.397361447495194	0.349804414544818	0.419974180268032	0.485967276411553	0.488382255780825	0.665537496993196	0.526508617018844	0.413711112413578	0.507010603808671	0.505726199170021	0.622393800144349	0.977378124972047	0.663605433248624	0.309759769573471	0.442845590483657	0.427362640779953	0.582056902734061	0.58698145479642
0.528144885901411	0.800532108391597	0.631821440885868	0.694743258701737	0.812741388642501	0.294792637707564	0.313989215184224	0.158066543610305	0.221772038936938	0.184732198250268	0.790201126984985	0.698001368823863	0.466071156626095	0.592811832232756	0.355476308270532	0.265797758770021	0.293339917131434	0.10994586642766	0	0.137452826483289	0.265636045912731	0.129593768808923	0.199932437585865	0.301950000027291	0.186763063545817	0.285243422155646	0.180641054959146	0.963508202407168	0.977827516341797	0.776786440551033	0.438252730446756	0.586281490215628	0.305992646228272	0.253742830311705	0.328241504394782	1.35184444817623	0.544369595841263	0.75515771506495	0.34479794273355	0.4484667110932	0.484889140008803	0.592690094257033	0.329936207427472	0.819693145078462	0.45057181037747	0.637796736570784	0.564084328399035	0.890999643296714	0.674811891686293	0.599651158104115	0.340982045739128	0.333760785476451	0.619160748675897	0.605108194626869	0.6001051202857	0.638869964752183	0.624093717950596	0.782051680299753	0.580451876917393	0.634227393844613	0.768663314179209	0.283822768286712	0.328600603351755	0.139956906829453	0.22462414049907	0.204265371448932	0.891239789438608	0.745029617922108	0.606432259204389	1.0244890665732	0.442159378233798	0.205213664554731	0.449078081021988	0.112413368904187	0.439927200536815	0.14973649927866	0.132714607022506	0.180139044679539	0.117618161396504	0.247083227467531	0.807769966658662	0.346724801615048	0.401403571444133	0.178357397920717	0.173185524489783	0.99998188539876	0.881717381174623	0.84895831248308	0.632434924218712	0.479917091385774	0.404110808077557	0.430682389641298	0.378527802883059	0.81405602909604	0.451333497260633	0.446528612835113	0.377882426256344	0.364183680997503	0.604607307025209	0.413878469988593	0.727396218701131	0.66739233959418	0.463774327120841	0.540466429173205	0.53592225157879	0.676348503911107	1.03666078738423	0.791055514821506	0.28511948679556	0.620185534831447	0.562246431442961	0.668056571185009	0.663168005798849
