0	0.314379283496627	0.566457743054341	0.649936686897878	0.757171341128409	1.00424916423306	0.6677870530462	0.957904433744637	1.09760413235884	0.69171201349081	0.661545262811059	0.663503809720768	0.454762884980928	0.880761570396491	0.939642849566095	0.832824500594119	0.815892493763639	0.952885855132008	0.795735326310911	0.952038560324538	0.854397766363798	0.797566657760137	1.16132900580335	0.703461319953441	0.766370163203265	0.87515652457304	0.691706585206181	1.01670808197609	0.543012999625951	0.866052725902911	0.745793303258907	1.12113787602984	1.00232775103144	1.00775430706505	0.757813189212445	1.01546726097366	0.578660690744123	1.00064295646455	0.832108528534808	0.779605239425152	1.08509069570083	0.313716185047788	0.398846000202677	0.741539798463165	0.901836650229342	0.65499661031979	0.699736971643764	0.668802390266359	0.536664857897311	0.787595388245106	0.706015656176135	0.562604158132478	0.916140823746004	1.03902893726856	0.84894684084361	0.841120290656623	0.0637064401675591	0.17446462880977	0.636793240687426	0.882269318301615	0.871662256886586	1.09895245492941	0.875128375137549	1.01844724624874	0.894196664751915	0.650568864800773	0.680195872026994	0.54557868481835	0.450105959319839	0.783088829716586	0.92765938581746	0.793138432835968	0.763865124762973	0.951801289880696	0.750958808162831	0.944541005713649	0.977343151929292	1.04182725554145	0.896733962070422	0.76847969326829	0.747947170195987	0.853799222308904	0.868704229556554	0.91561217850674	0.99919914098346	0.796702029445	1.00628252571346	0.880607795409891	0.755403258094848	0.769429063767653	1.21579875517214	0.991197829446577	0.846102221742933	0.635237396119796	0.57911754650728	0.704474113440103	0.577578794357259	0.986731319611388	0.477892301059358	0.607727237436094	0.724234533784127	0.721135871887235	0.717317986331974	0.619761367892795	0.622349751247205	0.54425692514703	0.983728105175427	0.782205136551768	0.730093359709464	0.821649503577999	1.20092420656188	0.976994671293678	0.999092341219168
0.314379283496627	0	0.22605615519106	0.361035546994229	0.278448640935767	0.53937598925743	0.271577786217645	0.437911531604995	0.941613381636015	0.412384274411635	0.32337183615618	0.278359312157662	0.26343265655469	0.41238696250444	0.450975312775901	0.539774620036649	0.613916692125601	0.642815834824902	0.394937975529128	0.532337451327477	0.494003949073776	0.462220426262986	0.858072918727369	0.347050040052228	0.403313363268019	0.727535769597083	0.401343315604069	0.731333082477508	0.381649989968276	0.450222980040433	0.373935430561834	0.830474973411147	0.415877617765481	0.514754672539045	0.766379586497888	0.668135905470237	0.35756060249572	0.835382603940989	0.548125202298684	0.447421004985586	0.792063832503853	0.378780700388509	0.426277067705825	0.478015758904954	0.64625336544759	0.422775794413059	0.374649521960838	0.303181473831846	0.317997812830371	0.514305481130125	0.530152045102747	0.267059610857558	0.638696446291832	0.56349439451021	0.624410202583916	0.337558712368685	0.270189200866772	0.147802406716181	0.342789122798633	0.427671673567447	0.322567891179499	0.584899026555143	0.412315957918364	0.486703042874762	0.551197355961569	0.400114158782099	0.318353344001552	0.146224140925077	0.238646498839927	0.313304340471814	0.504850573146614	0.621424263367808	0.595736414658855	0.486745871248972	0.533944387158676	0.542673270485805	0.55385927753371	0.564772947058684	0.450653327410032	0.368321523528038	0.635311309520683	0.548359772194848	0.631113346628213	0.629377747187738	0.598703304357249	0.843995676418385	0.781885633939865	0.78514069375595	0.732270931122757	0.427898516660597	0.835065204667215	0.564373981262746	1.02979804427652	0.34187270714368	0.329950993377821	0.415526965176488	0.447588184336418	0.727337056411065	0.286756568816515	0.519354100232835	0.531973283108904	0.485583933522651	0.525206984285727	0.465815101479417	0.431019203948898	0.516723575811586	0.668740422291838	0.607921345106355	0.353484130545414	0.550777856464955	0.722874600898251	0.665451969696614	0.492623141464583
0.566457743054341	0.22605615519106	0	0.319795931987928	0.24934482156283	0.522460948722274	0.3322355124389	0.364886682526045	1.04078075747649	0.334196032601887	0.399934589276633	0.333936765387793	0.41695144606448	0.438279753375047	0.475571398721784	0.568851538745891	0.550072879754316	0.552290925812347	0.346273716502996	0.345700844950545	0.390755932457177	0.382380497593477	0.686787925187181	0.283952040926686	0.242316841231335	0.732300932821382	0.261746854569916	0.630092635865238	0.411452277103059	0.348761196710683	0.347037390754254	0.597545261788678	0.305748515295231	0.40863800769952	0.810632661161391	0.649455776329297	0.313519012153587	0.732716001343521	0.675321649128088	0.399602181015844	0.630550528860566	0.420833988119722	0.528682455906263	0.612484064451969	0.738102516106506	0.556182498459372	0.359837922351104	0.289448888698029	0.406244260798349	0.624482952025133	0.597051214176253	0.23434362135546	0.610387701716645	0.447604273411273	0.509140137030165	0.294351874868693	0.480094163587441	0.367427065463945	0.207265727060452	0.302720973494215	0.289158169860497	0.555310416754301	0.443719129594923	0.387783316221118	0.407450796563341	0.411012747622941	0.446111113501444	0.28285298015605	0.533236551770124	0.388003978860512	0.499211415801639	0.634491873413577	0.676928904409559	0.37925282583516	0.69515243507495	0.440772114536299	0.397849427854853	0.435381298324243	0.260970481663663	0.207461718644369	0.702002697180727	0.45838027231229	0.564776889027861	0.366293815693041	0.312599894298841	0.86587932631967	0.69985512386853	0.754514204689591	0.700786808239429	0.434244228322662	0.730163419150607	0.433484859934982	1.04323979285335	0.441627412539629	0.468729055690426	0.397024457134094	0.430330650395051	0.578243131203169	0.321737544919654	0.464465579090416	0.614263889588551	0.689734549371531	0.657823682225831	0.570338964755008	0.477145463898222	0.707625118722198	0.613092293455319	0.741632735336111	0.301561622901378	0.602588649296565	0.572100207147768	0.545008545399828	0.38894869893461
0.649936686897878	0.361035546994229	0.319795931987928	0	0.414477488321481	0.770486230563427	0.417369535022351	0.540119741247582	1.16183235334994	0.354549405304574	0.762155168634821	0.637171592592724	0.568389012036416	0.605500665510356	0.565872298587244	0.735364808571342	0.504693377473942	0.765500358202164	0.53918463079201	0.433669235926587	0.60658452084241	0.281518290150264	1.15920890235255	0.53067387140754	0.344056822615947	1.18373972791716	0.43061428503299	0.624075550830063	0.322883292302537	0.606191267867475	0.582843511353535	1.08519339386132	0.488264202998001	0.458788533922012	0.535616544008761	0.89772531952065	0.471204821157433	1.01439795726549	0.878949397635671	0.849786381474756	0.95891584754137	0.602627276590565	0.693072819381124	0.669954304799991	0.915819957471979	0.614963613293445	0.597985372852792	0.371575961646083	0.486085758407768	0.79302861275262	0.641205998951708	0.43851560606516	0.817521692306161	0.793675104391513	0.618429721269945	0.589624804310655	0.491408772129757	0.310727767944283	0.688067250935077	0.511342161735119	0.47480936449273	0.73722506801655	0.500281809286197	0.457697830832333	0.591275773187611	0.336161377748809	0.551186768562408	0.483386422023636	0.578438338545852	0.344666700012237	0.815579951573528	0.702505282285119	0.426595239309467	0.559051718646426	0.544506318974274	0.584277670700881	0.389227522766705	0.727072533769731	0.411647854348091	0.406781799991484	0.73593480008862	0.811047491344738	1.07457037773734	0.469832258277365	0.603841878342892	0.738044870486448	0.572377487883902	0.487248811468005	0.314308632793679	0.601922070549741	0.989052438179913	0.3661638748693	0.615347406489073	0.480009943669849	0.611579177672411	0.658700973236736	0.888515040691798	0.366743758715182	0.669760434862119	0.881666776482947	0.352396817117208	0.68436493357499	0.584408343573842	0.712130631711762	0.299624806202165	0.35529354032521	0.617344956521592	0.929403298140943	0.663579085127626	0.752915803915876	0.695950622096307	0.572223713308272	0.555513456610742
0.757171341128409	0.278448640935767	0.24934482156283	0.414477488321481	0	0.321761116480351	0.24922660389455	0.289266938877425	0.937543581243136	0.427597365112326	0.370635931414297	0.188430510783287	0.340563469134594	0.256899527936609	0.215991102367528	0.460989209377242	0.702764320180936	0.462260345849992	0.310749392181617	0.429535481535098	0.435316575430456	0.415732295625596	0.583842663875663	0.203502220685911	0.416637611825988	0.803869071659567	0.4561799836641	0.649202902739362	0.525673458217153	0.335061547281989	0.253486812762283	0.60710394294968	0.322681509301346	0.338650839281433	0.859316508604538	0.648457256514316	0.366138208634142	0.620932084066029	0.628377972831604	0.378880143125852	0.652148198541334	0.513704962262228	0.751868508547352	0.579172575006093	0.633679356703521	0.670269558385227	0.459242577825938	0.456962638093703	0.621717310147377	0.626715560159186	0.627183548717861	0.45584945580558	0.666067552329459	0.53226810253449	0.646498850234861	0.343315719293156	0.676645715508218	0.56753712057755	0.338895206744604	0.328807237006678	0.0667885459431949	0.344566701532684	0.273590845353254	0.356424409195944	0.453082884517882	0.427010555083478	0.411386769573994	0.236403494149688	0.40031501841449	0.262503289984527	0.411161073928776	0.623790964073557	0.701295121639038	0.267362484086355	0.538967026491935	0.434974276266173	0.410914531769104	0.336390872886607	0.315703806746216	0.306037688802352	0.707085357974356	0.448819669681294	0.641173463149928	0.538982078372883	0.467348340816598	1.02682802309209	0.661002147848182	0.738248381755781	0.844340108854516	0.293349860157592	0.738014710636518	0.527736415299483	1.2432822113092	0.45013270461941	0.388351888099805	0.460231034687066	0.568904131770936	0.670466999757875	0.370019015227805	0.745127392518557	0.574113979832029	0.589995280363391	0.595258323314577	0.746214409312775	0.625263936998942	0.66551036328824	0.679390136413657	0.725842669724748	0.469233772913048	0.554013796663609	0.630589500941802	0.645583919451596	0.403473999502284
1.00424916423306	0.53937598925743	0.522460948722274	0.770486230563427	0.321761116480351	0	0.410776561133241	0.317794443496974	0.711801611622125	0.649589643574473	0.470861679602222	0.427204427971566	0.41801385026204	0.316455877823126	0.160968886227181	0.222231864979596	0.864047617236129	0.487206406620111	0.430176155092752	0.579075026690638	0.335285707272977	0.559042395120707	0.438266539189318	0.299377888623301	0.64838517269696	0.485012092708731	0.480423404402032	0.814494392784385	0.726701720920377	0.455923032027135	0.284899934997549	0.243734590860218	0.264463209519072	0.419845472255831	1.02132162915805	0.503505975280465	0.508025371171383	0.302327449757964	0.296431023112748	0.378931200832208	0.403211812020471	0.727709195988379	0.900847459587362	0.518489035561889	0.240909020328688	0.665267894406102	0.483268600549443	0.547388574522625	0.701332487555552	0.274389045865897	0.478072669434451	0.492508603674344	0.51225300486225	0.501940372086223	0.78528159493373	0.28457695271287	0.929538934832614	0.880435314838397	0.50604650082659	0.453387874543477	0.265650250628727	0.0404515783172493	0.277708440731813	0.360180216829561	0.597216743390599	0.78772350205798	0.62725802489265	0.485015639142215	0.471274382900244	0.473504531468326	0.106423288632374	0.373614555000151	0.85484848949507	0.304205334468763	0.560385575210709	0.456620604815767	0.655303503207708	0.145369675510267	0.293277645044022	0.479276582790711	0.497920337226085	0.324677213814072	0.459489384068418	0.616288758937845	0.425058361241605	1.12875203721993	0.908404596031707	1.05654746567884	1.30302546136604	0.388172455142073	0.306036568082563	0.528010307305545	1.50926656754494	0.570380616670709	0.371599846317685	0.249685924710533	0.484800504906981	0.809494330608899	0.456519380548466	0.683383765362459	0.729750121070785	0.510629514584696	0.488447040577972	0.6923122787004	0.830556541517458	0.957763096082299	0.690265513006665	0.314284039816632	0.412485432074687	0.555315275780599	0.584642654491887	0.837634478791333	0.356090764724344
0.6677870530462	0.271577786217645	0.3322355124389	0.417369535022351	0.24922660389455	0.410776561133241	0	0.193024317356495	1.04623609995269	0.327812249936472	0.440501497473736	0.290537673018267	0.378193923048999	0.326859003961075	0.260823435608077	0.393997255685489	0.4725916709558	0.36041529886122	0.229962150866523	0.356087131502782	0.323384469388539	0.320577126506358	0.672135697868332	0.275187466443926	0.389758592706088	0.821980791909908	0.386950795302862	0.616180696530471	0.545126765080108	0.325153685870293	0.343073941334984	0.738225871575475	0.356840666037609	0.480706783634539	0.774728868876361	0.603218535910961	0.395262764311402	0.729494668922271	0.696106532549444	0.538910582920621	0.735892305696096	0.491242523804968	0.713520215023786	0.684271295115638	0.697480157268549	0.700232726203009	0.639170241261878	0.458547938476535	0.525396238400425	0.626820967242493	0.686471927437835	0.466937601104993	0.713692866806806	0.621110593588672	0.630135957972619	0.311879134540995	0.573073021532528	0.500854118095056	0.499680838841813	0.453153712129461	0.254381021476956	0.425442800414804	0.0993426076315529	0.230229932253811	0.373152487643664	0.339933392869147	0.362310947673441	0.23846810397485	0.342964843769263	0.353649087549455	0.381806089569523	0.444881326177692	0.547602514286863	0.219159504845341	0.497495537491951	0.342449188683733	0.370563336267727	0.318843800567747	0.25505505540743	0.263721632340915	0.60089374533254	0.600332957278676	0.772281807053035	0.492852953161114	0.496983767626515	1.16000205373329	0.626893806834987	0.79481794853736	0.69569136113823	0.463918956266975	0.759801568469364	0.410222475664553	1.07928273316396	0.459208991343547	0.487972022118179	0.514277596123425	0.700865936024101	0.55264115522308	0.427384308938838	0.725593744027496	0.585642429239625	0.663015184093236	0.602912376173263	0.735629348146218	0.702268070212273	0.631067434211059	0.621322896490271	0.718598511281805	0.484280374532729	0.747490253991704	0.716434699297772	0.645761650021383	0.32878143177629
0.957904433744637	0.437911531604995	0.364886682526045	0.540119741247582	0.289266938877425	0.317794443496974	0.193024317356495	0	0.892762200265103	0.356431690106847	0.453439839580053	0.287885030934623	0.553160968598288	0.203929931807785	0.249332269590335	0.466932447844618	0.549489071923537	0.233268080477771	0.114493142928491	0.257992893411204	0.213235587378877	0.354687948188791	0.528814055709771	0.298535593238579	0.305159152826175	0.64442681309656	0.460546829250957	0.590916986436598	0.619290141922537	0.330177994110733	0.414537577887822	0.540649350282442	0.30028001403745	0.402831405878211	0.98602674698687	0.455340366435436	0.442415995117272	0.695031823605055	0.672771593316357	0.403577945777863	0.662512935125541	0.655566382947488	0.87887938610565	0.636574293459098	0.659977484660075	0.746264731606638	0.568206217178334	0.40152629171957	0.545500589667832	0.607971083918724	0.835080005873794	0.484693127309548	0.627807168927669	0.494434087423428	0.592051594412935	0.169710211139122	0.895270701150635	0.747953951559545	0.440975491372182	0.407292270781166	0.261168460946924	0.334410532472038	0.202472734641904	0.0897020007732136	0.302450519001673	0.455418108472309	0.461960638526705	0.323116623854842	0.554269806919596	0.298122476646123	0.319512554366253	0.501614576590653	0.763023284693647	0.124646889273792	0.707653344171532	0.138546539081642	0.294270346111137	0.176497005694265	0.212229992190016	0.295996000508372	0.735537307714857	0.549779842229712	0.629137185219473	0.310450745288783	0.435758663002054	1.18344012825058	0.639303141653691	0.939849120735462	0.941363376311146	0.544425381503203	0.655361783450244	0.421750813490602	1.30995580644013	0.42784782297388	0.592920734960043	0.555330100349458	0.653358634879643	0.624235852954503	0.535806931567721	0.757583443455801	0.590805806494534	0.710625026200615	0.664543220709644	0.846768745705957	0.822416599681845	0.86830091654974	0.53181402270063	0.697148464809626	0.44227367692521	0.715879531678814	0.524539356623569	0.579521544175642	0.144879095618092
1.09760413235884	0.941613381636015	1.04078075747649	1.16183235334994	0.937543581243136	0.711801611622125	1.04623609995269	0.892762200265103	0	1.02721805055411	0.660036788266471	0.777598386183628	0.89251162165379	0.978522809192888	0.86191403625806	1.06248979684924	1.24167456249958	1.10475094987181	1.02833940435623	0.966127628769113	1.01215828536801	1.30331874091276	0.896326086353161	1.07541224859531	1.12092676688876	0.853130839943957	0.994176781130838	0.872295730074766	1.10926252560995	0.944293919879452	0.922095346243552	0.716546116771347	0.928712906848526	0.956941606434405	1.27371413323808	0.762461877814803	0.940715684502895	0.791257720242195	0.730555525704015	0.78309013800201	0.637435386331006	1.10489831972913	1.04554464657906	0.685881745045725	0.747163205694656	0.720474386441935	0.726592850212526	0.96466180594629	0.963664196512148	0.8519933592888	0.9747940123016	1.02671548468257	0.66920400669156	0.666269577929346	0.827346965541134	0.901185939059731	1.08247883031003	1.08771103292477	0.708282413897385	0.767044151073958	0.805805885002383	0.69481233355502	0.870924863106983	1.00705197437006	0.83854482294992	1.06251806644433	0.701484417898163	0.869658095321072	0.928322028031761	0.966321400830963	0.729411575208177	1.097593829439	1.06220636803367	0.936743637819666	1.19327600719055	1.03377868533756	1.02147265981086	0.740266994333126	1.02438983629962	1.06827179386794	1.17713263105922	0.669020695396639	0.656764494998343	1.07781299050832	0.846910891933057	1.0147537182285	1.00107678477637	1.09169760558263	1.29488148662416	0.880030767845298	0.720118649780101	1.05148586019462	1.40793866255495	0.949626303946835	0.857519914738577	0.868521782680095	0.787473217323979	1.04907017699925	0.88444450358439	0.8507609522791	1.15810108344155	0.680093243074469	1.10362812115129	0.752964912796838	0.994568892010091	1.33959838447627	0.79546455337673	0.88760203581757	0.686419055953886	0.899970712114659	0.713027020967556	0.798974254342406	0.973585398971151
0.69171201349081	0.412384274411635	0.334196032601887	0.354549405304574	0.427597365112326	0.649589643574473	0.327812249936472	0.356431690106847	1.02721805055411	0	0.443796448986879	0.389495342322404	0.683275965095365	0.558125986622539	0.502385013051569	0.639887095039243	0.540097708438696	0.448081103412916	0.3831648313551	0.155724633696324	0.4001659170692	0.340456649316786	0.807686545742195	0.50102083840733	0.292762875328911	0.959448752484306	0.304080315364732	0.226906005982556	0.303266866202333	0.377552714979445	0.564380937968417	0.854616914188792	0.486287420035699	0.581109217865879	0.829443416365621	0.537491771139003	0.464363142424844	0.997766634466673	0.851398758676285	0.579272648193423	0.722950143519674	0.624068244526544	0.674249890521606	0.698318944116184	0.891813046953685	0.610646886880074	0.536024802723309	0.263257231326229	0.456455858517047	0.816086407197445	0.728261425741975	0.44305765591965	0.617095288926714	0.505730780483118	0.307539622284608	0.356334403353492	0.55578732527396	0.549683994274669	0.405782840848066	0.273840466877941	0.393252348339293	0.631736557798124	0.410053006948771	0.312163396756037	0.250874949928568	0.102933737389789	0.427021526924008	0.396571596680345	0.739954851293096	0.446914506199213	0.610156454975615	0.684359252647298	0.73240738973177	0.285982407955726	0.771825089545638	0.398383586638523	0.134221572781925	0.429806098874263	0.283232657945836	0.25828823169819	0.832822220031167	0.866135311313496	0.692472431877289	0.43262114092424	0.404948172824399	0.966427712942439	0.245946302098882	0.690115865903412	0.669921550079051	0.716820406552472	0.997720368529159	0.393529489612812	1.00783413468597	0.50760546361737	0.696475860896431	0.661028080489354	0.70434172029214	0.414200809470701	0.558638975116582	0.595308242302065	0.370473618236299	0.649443513903535	0.771055641940473	0.60716336100438	0.617220988469201	0.549854344004223	0.327727354199105	0.893973760893207	0.352036160434952	0.737346480502916	0.572381556831621	0.259692343890686	0.358695176991745
0.661545262811059	0.32337183615618	0.399934589276633	0.762155168634821	0.370635931414297	0.470861679602222	0.440501497473736	0.453439839580053	0.660036788266471	0.443796448986879	0	0.181936005324088	0.469210102361681	0.480695053298768	0.418386624654173	0.69721338989143	0.937595611827475	0.653858070856779	0.532814970273707	0.437104622644481	0.614676697363064	0.855307525966496	0.523787892771968	0.468699725645047	0.608910101032378	0.612681897360535	0.584506014569889	0.515653606846223	0.554545295066975	0.272409338317157	0.399773295042489	0.575113680422202	0.50603506935328	0.593593994718297	1.22242493766537	0.374050079856768	0.549394808588668	0.700517637446897	0.538712965746592	0.282299308740653	0.447010073952223	0.670785839200675	0.738525832849397	0.492256440980207	0.656976366249302	0.580566567525486	0.340973036594753	0.394542558516125	0.61584840913577	0.700174566315807	0.774480037256292	0.491145857280562	0.44819676097324	0.338180077472799	0.381362703743756	0.297431423871822	0.620473331811597	0.585206215434198	0.155523664387536	0.184488810546838	0.319216157579902	0.515767624061574	0.463327111953264	0.618282294253592	0.538388917372731	0.463854561301097	0.173123017798806	0.320860776679587	0.575578772120534	0.519568717256166	0.447268446438825	0.918299499514095	0.964370355478466	0.499647557905341	0.86853105389085	0.701050373982903	0.559312794215312	0.402381513118934	0.576636904767781	0.503198457969664	1.01696092874137	0.468053047481647	0.291688412329802	0.805241702167838	0.431817882917054	0.970521797307541	0.606198006822082	0.809035462812269	1.10816061558206	0.489231124177038	0.750281521851279	0.739167385163747	1.38845733836039	0.427790106744518	0.498308769347813	0.562928904713661	0.402962387385133	0.870037334621715	0.405892742038289	0.499546232633819	0.750871810197186	0.570364152277788	0.900597485703667	0.57360378791238	0.769084351313661	0.929971509868699	0.575896242552436	0.794426288388648	0.243496563776952	0.614837275674454	0.649260611365539	0.417388736298655	0.548292332211718
0.663503809720768	0.278359312157662	0.333936765387793	0.637171592592724	0.188430510783287	0.427204427971566	0.290537673018267	0.287885030934623	0.777598386183628	0.389495342322404	0.181936005324088	0	0.394883533144765	0.278962334940003	0.306729018103174	0.543183566207962	0.732302245212371	0.411583821482824	0.317354793873465	0.3617698577872	0.425241735318914	0.592306962937124	0.510796076645508	0.322160361999004	0.428083320936654	0.637981655142467	0.545824936014955	0.535535736366681	0.510498847798408	0.232518712033097	0.291757603031075	0.622137374651359	0.446600215031354	0.467473674295478	1.06438534829346	0.400594309549746	0.437846325607367	0.729729568837535	0.615878004601782	0.2779378824856	0.622649946749321	0.486388785677865	0.643099796277941	0.478326609772904	0.667019312748994	0.547488361851648	0.432765733151093	0.405293018545366	0.535810598209489	0.682075002238642	0.688603891788585	0.521339702663224	0.451611046670305	0.360453897907539	0.43778888761282	0.28573668315993	0.613897531674431	0.576058890217394	0.233387356884431	0.267987023833349	0.18351132202824	0.471037753556307	0.361386718291055	0.41707925302386	0.443331497671368	0.367374467961643	0.262300847499026	0.170341552237761	0.461994678025208	0.365204525859968	0.386280530332729	0.731369949637496	0.832425254299824	0.314367141488682	0.735793644294588	0.455522392647275	0.40846353355925	0.325512221231716	0.442078218798001	0.370061387619526	0.872247799052822	0.497660142913611	0.432391495635926	0.582534753999115	0.496864493451051	0.991342490300019	0.586651206439757	0.793431975838254	0.940546514964041	0.407494648764817	0.831009950930114	0.616698304350865	1.3299846252209	0.379948978182061	0.418482336085346	0.526287481682977	0.443616131464121	0.720590535144513	0.302955938206302	0.542749221485398	0.595037546395277	0.472570734176984	0.721157998800979	0.561457466515932	0.706171141528578	0.765610653824747	0.605116703591265	0.77424798800097	0.35033289706965	0.516223015267786	0.527556488180811	0.455184939066314	0.396876651761553
0.454762884980928	0.26343265655469	0.41695144606448	0.568389012036416	0.340563469134594	0.41801385026204	0.378193923048999	0.553160968598288	0.89251162165379	0.683275965095365	0.469210102361681	0.394883533144765	0	0.418819698625622	0.355779692536537	0.494989163360885	0.684364790814808	0.652165605327837	0.552130147475217	0.776908126543089	0.547955320960626	0.574834425847419	0.791970252206671	0.348341733520219	0.636016826661404	0.73762919600647	0.615258628910182	1.00172592836514	0.678109505479861	0.547475769552004	0.249206202792946	0.695310261869966	0.53154557938994	0.621874176337498	0.826204549741644	0.796112151761069	0.472413614466153	0.599612247215901	0.595355510908317	0.622835637565759	0.865403952453831	0.307649995711916	0.573179633402192	0.489003523951613	0.604671433922019	0.595057240761176	0.532631487548103	0.611045459846624	0.607278576999144	0.548332722304828	0.546691699817698	0.515137909732838	0.662241330144748	0.725545564837794	0.828933501145675	0.500851878099472	0.432520899650189	0.360605671083263	0.516161827351371	0.60225476198755	0.380022592450802	0.469629547540618	0.439264793981466	0.599649392636695	0.678859516568334	0.685182461277251	0.490743646963589	0.296920146751688	0.173012702105683	0.460591029101696	0.429250104491845	0.556641999865332	0.56222037856526	0.547121907796089	0.43788436961546	0.612001686996033	0.83699441127822	0.525492329788804	0.502894790675546	0.510505310721333	0.542479571163582	0.367709480629581	0.659166962864896	0.607478952553443	0.654865879934286	0.87767548230937	1.01163329643492	0.763482260614205	0.819843946075483	0.30245445154975	0.614346992869416	0.587987485235748	1.14096068085967	0.570104980431976	0.361960800972268	0.393669480515704	0.516520374347175	0.8415981040806	0.318551275446193	0.68243257726266	0.687865086559594	0.513379897149301	0.51002782597471	0.610318566975308	0.558103213272743	0.737357845654349	0.98619537668464	0.603023135996508	0.604231967845323	0.531942499482332	0.811581382458834	0.962030596581774	0.6230667913329
0.880761570396491	0.41238696250444	0.438279753375047	0.605500665510356	0.256899527936609	0.316455877823126	0.326859003961075	0.203929931807785	0.978522809192888	0.558125986622539	0.480695053298768	0.278962334940003	0.418819698625622	0	0.232557010715934	0.360120781078637	0.646666504578608	0.274663803331896	0.209747886798586	0.51504172185319	0.294905340245956	0.388781938450923	0.578477803062651	0.290318088650475	0.468079838899068	0.535620224019549	0.652304765122689	0.825517016340186	0.628893779438733	0.304623882824761	0.353946741562281	0.625903853347127	0.372598458027961	0.39460547689437	0.878317502925433	0.565015222018001	0.584988099334001	0.660956670570371	0.633223388283599	0.473861360104599	0.794275937346936	0.618420266596702	0.881903723111132	0.661027857155455	0.629021734918847	0.76597312597928	0.612602571215847	0.485545453190205	0.642916258290193	0.56190135055599	0.670934568341689	0.518376593207001	0.698979901557239	0.588448668514154	0.798444806311455	0.231403240488087	0.865227573968098	0.737875411832034	0.541324103464131	0.53427734093441	0.280455565245038	0.317857903034054	0.34105505330143	0.227881312731394	0.519234263250779	0.650851931525695	0.573640728084521	0.34284667439336	0.475853366153797	0.248058899996875	0.359266399896631	0.457439596598901	0.72684355455364	0.24963804534208	0.48968213943184	0.28155093552931	0.523685574126879	0.303160549073514	0.356177482386371	0.416181689887266	0.589808364301118	0.602937315479962	0.714581050734331	0.454037655411629	0.644515773823711	1.01639419001256	0.817179535540761	0.95048886902572	0.985053818308786	0.483819685195857	0.650688668676205	0.528601109982611	1.15708651282657	0.427694064358681	0.488848338334978	0.48637205089668	0.709728456820756	0.757207188494812	0.497621428747327	0.768989804025184	0.564688790914049	0.641293747675428	0.478749296782528	0.836626544578843	0.759742115103555	0.749301679391275	0.758200276708038	0.59314226321675	0.550188255155467	0.560122307149693	0.573068370684029	0.799533033548283	0.273715343396594
0.939642849566095	0.450975312775901	0.475571398721784	0.565872298587244	0.215991102367528	0.160968886227181	0.260823435608077	0.249332269590335	0.86191403625806	0.502385013051569	0.418386624654173	0.306729018103174	0.355779692536537	0.232557010715934	0	0.262926114034285	0.608307154121491	0.330730371893462	0.316869636722881	0.404071836111075	0.25193323109313	0.394454951788287	0.453256732383483	0.200161747641845	0.535096286377097	0.709875262897668	0.493715475143127	0.675994140483987	0.592805408327516	0.278372295192705	0.231106668746178	0.498253887456175	0.279152300081458	0.342806746357012	0.876759634322015	0.467010111579755	0.418856825952957	0.464614859077837	0.461444735382407	0.421848255813057	0.560326241251939	0.623949844415672	0.839861128330494	0.462780521466355	0.417733912610573	0.612535223100497	0.496585314914251	0.469278591847633	0.610468598295837	0.440656002797463	0.526622157166911	0.508948876430252	0.516600440660198	0.48559835025386	0.679813897595895	0.275518594596222	0.852056884358566	0.772141842163544	0.527839123771283	0.395589912153811	0.174075166561857	0.178108316235845	0.201017050476043	0.279089161570685	0.486562792365692	0.561183412102252	0.469084175647186	0.350433634854741	0.428003847024138	0.343483738128965	0.197591661503957	0.43094128839637	0.612010366456868	0.206590096682656	0.44561906838321	0.401816876045363	0.463352343364008	0.161829011957579	0.255207166542786	0.328001377667263	0.596725060050789	0.419327252879365	0.572495768577687	0.560932134512602	0.457673504222032	1.07978718257045	0.703392837803001	0.766029202469405	0.962033624609017	0.333775761492292	0.543640460249901	0.3995673704012	1.31535231789432	0.446684081482029	0.350362336480313	0.382562781371406	0.619743888425099	0.594775927127898	0.488634922102825	0.770331944433629	0.552313030490503	0.496016368153803	0.482910790772635	0.677419276982495	0.723776555331912	0.753849701416812	0.646276836532757	0.522399480256687	0.464853921689395	0.506359233198505	0.557071399065915	0.702218257486778	0.284042959375371
0.832824500594119	0.539774620036649	0.568851538745891	0.735364808571342	0.460989209377242	0.222231864979596	0.393997255685489	0.466932447844618	1.06248979684924	0.639887095039243	0.69721338989143	0.543183566207962	0.494989163360885	0.360120781078637	0.262926114034285	0	0.64061898566662	0.40356179889395	0.388223614403807	0.60199793674601	0.26630513088136	0.333711745099556	0.556135217360261	0.277343418949286	0.596901647528397	0.526780036193752	0.445851591144349	0.851391825062999	0.613499524600592	0.486853084379714	0.358871862233809	0.477523268143246	0.329502827694197	0.476610212619628	0.651050815235262	0.627054691021511	0.507071565753208	0.378793409782738	0.322950970400769	0.511856685284559	0.621289216460493	0.55707098345806	0.665896663132185	0.616632720262343	0.262125120075633	0.593328899238504	0.666047436894122	0.541851181994045	0.576341489716623	0.239762901393349	0.294533327123947	0.45257124934649	0.590963765375835	0.624435559437155	0.886575283918717	0.400886904447233	0.777468299547809	0.823603003290235	0.7480444931222	0.642636870664385	0.430388726870234	0.238909614496368	0.370027011421139	0.43313317080249	0.649898555379482	0.765914716723564	0.839896745026774	0.514472865048734	0.463693705300598	0.557350952469546	0.209065096436457	0.143957059432743	0.681067214340686	0.350651279186429	0.350231046050953	0.442178951766999	0.648746758717281	0.333338530403305	0.299593856695059	0.425654719297815	0.256829148224354	0.630199300964841	0.701351043854027	0.682514682879801	0.600615522113701	1.11521536479348	0.922683769002991	1.12589197673544	1.13729707055256	0.518074448136919	0.46886404133199	0.498363046793953	1.13208182193836	0.591102021708792	0.350034305608857	0.294255848513285	0.60212152907802	0.689406542060426	0.441492113150591	0.588617134329987	0.606067305964022	0.502158618219035	0.272291419894254	0.575106205996516	0.821208634152893	0.72605306793872	0.687122004685636	0.247789901316234	0.56545653817889	0.517442433703765	0.629135074947284	0.96279409070291	0.420509514687247
0.815892493763639	0.613916692125601	0.550072879754316	0.504693377473942	0.702764320180936	0.864047617236129	0.4725916709558	0.549489071923537	1.24167456249958	0.540097708438696	0.937595611827475	0.732302245212371	0.684364790814808	0.646666504578608	0.608307154121491	0.64061898566662	0	0.518827399420137	0.481353102430897	0.481753852744272	0.388644315584756	0.268264140345272	0.992537275385871	0.568603018883962	0.394529384009778	1.03465970977449	0.524709784836598	0.720427077966762	0.625877528613795	0.55995900710302	0.639123538127506	1.06137104010743	0.531616486162428	0.590427891291064	0.459955062515268	0.776951795861232	0.564865337757548	0.976498955456307	1.02652202572927	0.986041466202752	1.16134732655105	0.569980850120469	0.556288893071781	0.772956277555132	0.963915334707263	0.665477362535178	0.842744143275737	0.536940532688519	0.544038657091865	0.835496091962973	0.634453987362885	0.594668175353898	0.762693005991928	0.736118914145815	0.769117903485939	0.570193958857294	0.743910150280141	0.655645718833041	0.870686185058573	0.840999790219724	0.668530361767748	0.852599888388973	0.606315968447597	0.399990797399886	0.558283768730344	0.556288008175343	0.796981411558323	0.513834399052221	0.738246917508417	0.583924633502764	0.788588124927594	0.523873310588177	0.390271022531652	0.52694519337411	0.521980204854339	0.387951789736908	0.464065093967547	0.716522213125984	0.432300946241976	0.413998091835739	0.704411619816253	0.941332240857436	1.12148729174307	0.412065949379606	0.763207446694085	0.995766727724875	0.812565398150404	0.733697853750842	0.464364304820005	0.774546199090126	0.994021049271556	0.339722944611084	0.694373359690604	0.705852051009825	0.752643550242992	0.693128435186574	0.968172555499956	0.375811747952374	0.709601564417596	0.807342281071033	0.562389008268688	0.767577090142537	0.5796703702494	0.641986253833159	0.56742086814562	0.684478857065947	0.830292277922952	0.919783699107914	0.784180952760302	0.672599736428699	0.623926241964896	0.845859748152697	0.367530462772621
0.952885855132008	0.642815834824902	0.552290925812347	0.765500358202164	0.462260345849992	0.487206406620111	0.36041529886122	0.233268080477771	1.10475094987181	0.448081103412916	0.653858070856779	0.411583821482824	0.652165605327837	0.274663803331896	0.330730371893462	0.40356179889395	0.518827399420137	0	0.230841889458038	0.380366576369251	0.179508582592394	0.327082463164833	0.363601222686625	0.300170946043202	0.462790030402525	0.615988130006358	0.583193775049312	0.688459847787924	0.75095119280993	0.339780053737735	0.490447161021944	0.577474541288558	0.461759189848494	0.571810570906897	0.882139415137027	0.538802855427658	0.515242070969004	0.707054820953583	0.799460548074002	0.53303487301872	0.767229948677988	0.555922542003728	0.803217592851683	0.803558839151469	0.757951384369618	0.828806977043368	0.782342455612252	0.594096959966402	0.583031527704485	0.700593159956288	0.811112387956133	0.635070809736541	0.709470387871919	0.590781288224204	0.724160892255326	0.323630036944913	0.929920206665242	0.94288843702987	0.656131395519718	0.643309529451468	0.465882071430954	0.473873716910741	0.400260824456926	0.211253076863586	0.418757752122369	0.595798692832094	0.809825361452549	0.501386523413538	0.710443528883897	0.529864100115596	0.404919820500891	0.451007276455451	0.776828881892249	0.132526960993532	0.688676193491914	0.221498180992529	0.406962310287318	0.266839601308497	0.277708949542391	0.273590858577784	0.671268374949007	0.708852935650944	0.680241591662199	0.3707717918626	0.576954191476644	1.28506706119415	0.737266807986132	1.02121096928337	0.955708239266725	0.699574625703582	0.762839853014487	0.459283874658053	1.20368264684186	0.66875936300904	0.720573320281538	0.626262804542083	0.720284898774897	0.636349265401211	0.552818721412329	0.64863304741669	0.676641951717715	0.833374059560269	0.652993985163296	0.83798763228438	1.00437464755846	0.899848014713688	0.609478917327033	0.678668072078001	0.585549180130612	0.684075944769646	0.55390730846614	0.74347436076532	0.272301629602092
0.795735326310911	0.394937975529128	0.346273716502996	0.53918463079201	0.310749392181617	0.430176155092752	0.229962150866523	0.114493142928491	1.02833940435623	0.3831648313551	0.532814970273707	0.317354793873465	0.552130147475217	0.209747886798586	0.316869636722881	0.388223614403807	0.481353102430897	0.230841889458038	0	0.321567618192403	0.208873998242963	0.29010602178245	0.589214152554994	0.27216809360832	0.290074195212887	0.634969374110375	0.49360153466477	0.654759179183585	0.555220530844615	0.356411452409044	0.437055217759684	0.632356472808122	0.375168968916396	0.446605786409738	0.819121022696165	0.577813934069446	0.445977761497696	0.700684439291429	0.686875726117999	0.426280139338613	0.792148791085864	0.532104232915198	0.762761936833608	0.700595355788677	0.694063033766861	0.749416437558298	0.654089096348638	0.44831577187131	0.538912717674422	0.622153104422734	0.729268689130671	0.49058930095133	0.685173383764898	0.595269889140025	0.619625577561823	0.245668751979406	0.767528751358718	0.674604226760949	0.488607028862444	0.482558995025175	0.335684801948922	0.446275484967298	0.315098781040696	0.19913822167132	0.363531684005996	0.458745571922845	0.576884195356376	0.336757122811979	0.530877940786963	0.340969416087052	0.386377198660446	0.408450228475404	0.687791738126663	0.187330996949321	0.634415139445355	0.144939003677597	0.34712053299975	0.311033940038839	0.259807982542558	0.275255182784042	0.657264606005355	0.697124347727009	0.71011516576611	0.392599847969876	0.557693535702148	1.11805857485663	0.700800010930401	1.00738607473937	0.910640647848807	0.557727589615035	0.733174112257009	0.514285072743483	1.14027825657984	0.410533245884379	0.552066500843263	0.581831062004419	0.660001399228756	0.71675550777108	0.474948896753819	0.707080754921431	0.544146230607421	0.725417344827684	0.573530654902218	0.811850008978727	0.81942557664839	0.753607423907379	0.586291385242171	0.690796015036148	0.544334163376283	0.685924885858079	0.555598934477345	0.671772011778092	0.230871671083929
0.952038560324538	0.532337451327477	0.345700844950545	0.433669235926587	0.429535481535098	0.579075026690638	0.356087131502782	0.257992893411204	0.966127628769113	0.155724633696324	0.437104622644481	0.3617698577872	0.776908126543089	0.51504172185319	0.404071836111075	0.60199793674601	0.481753852744272	0.380366576369251	0.321567618192403	0	0.335737225170179	0.366753523243042	0.588306973636267	0.448244174705892	0.226673521575902	0.893099930064458	0.348999497519132	0.184723637390495	0.382985672185377	0.26227824108211	0.534443051458676	0.700356558933555	0.391782202337851	0.449214865837166	0.918831980047284	0.385301934633701	0.421291483031786	0.853921300702062	0.776891703202424	0.497273471344398	0.601483132663053	0.669108106442944	0.736735019455719	0.611662789853664	0.796270150058254	0.605345927704603	0.530773593149153	0.301747418120744	0.537813474016578	0.813563773325215	0.778513640441653	0.499246018625755	0.466471612837946	0.376099880699792	0.241018393869985	0.317277674915924	0.798039959274106	0.7374730370742	0.392198477278076	0.211309193238958	0.363758002832865	0.577307829195309	0.392001938696824	0.272275859057008	0.291006272897708	0.205765397893773	0.427823499581355	0.437971855731102	0.863238361364019	0.521750887672433	0.534164507308873	0.709243434476267	0.698503670671293	0.237290027163997	0.862794069298663	0.318977288086944	0.0615523436554029	0.333283131376961	0.251991931685279	0.245330666594569	0.959735194538192	0.745915141092751	0.581799013274965	0.397846007782169	0.276810394305746	1.05816775347532	0.287760602905605	0.675651417179246	0.754971521373698	0.688853506336731	0.880937342010181	0.338071150574927	1.10055683102744	0.513520962861675	0.695645523325924	0.701723977245504	0.685969004076543	0.340645931187559	0.628053317128291	0.628942988170704	0.476290231892975	0.698513479297949	0.841165895560173	0.622389211913551	0.680831051493193	0.756162463294243	0.323119289080338	0.941199177804063	0.369758700885166	0.727749471537008	0.431623812084739	0.220523183434334	0.264370221905328
