0	0.386454335509382	0.66566796453636	0.981352725560152	0.779941473910375	1.03972459119984	1.05636915419485	0.989377430053683	0.908193718394573	0.953546120799136	0.980128803920539	0.819812512542411	0.458460295890077	0.949499080710687	0.99389901097982	1.06396521692656	0.854863057998002	0.999530774614502	0.858281059716345	1.20143115495828	0.996383846823722	0.972318428466885	0.786536237482496	0.725931509244239	0.904984429611633	0.774507327174099	0.916078597540692	1.39145020902158	1.08745493328493	0.786300676776715	0.769869348240159	0.906626428222183	1.00660482165586	1.19048780976153	1.01721401811508	0.870665354066	0.724087315077419	0.812799493880078	0.738841391402397	1.06290802991367	0.972066865763741	0.463096101102185	0.574422661682677	0.717586157434513	0.850923743788936	0.68334014024136	0.642847792433039	1.04122470088403	0.730566471312832	0.856517905087394	0.860988386932594	1.04332245483199	0.644574339059364	0.877136010943841	1.04214180658023	0.992376626875669	0.168747602839124	0.282121928619175	0.706451761700348	0.952274743143587	0.837246103796488	1.07169439604415	1.134353663759	1.07766224237062	1.08966902557281	0.831366744276656	0.735281811273889	0.742858288841458	0.59555096934818	0.79692778409907	1.10177321603344	1.06064710632215	1.14917695311475	1.00610838121225	0.907508303925355	0.803209629407551	1.29797036817949	1.07743293105707	0.931002097021279	0.879367995880495	1.10391692869041	0.643125673738191	1.16736898917362	0.990354986913492	0.926797644789981	1.13177263764254	1.39883411422569	1.00038290631364	0.732671152800993	0.853933460090849	0.744252949105527	0.979985862628992	0.909747799965429	0.882041743401324	0.728968561703898	0.845836959139545	0.901877280264976	0.992126115225191	0.654983285279497	0.59189053201776	1.25677819962762	0.792043155151031	0.896468557933035	0.721850839134328	0.669917686222514	0.922477962182311	1.44394631818077	0.779972286607243	1.08136469772337	0.913393677289427	0.952689781846794	1.13259099877773	0.995947930609932
0.386454335509382	0	0.276476600926517	0.400607396593316	0.385798349536615	0.440780369062999	0.461463679521017	0.553870471923228	0.698076568406272	0.475282143918676	0.430603248858566	0.243410777808649	0.263505576702871	0.435696806016419	0.424254945365915	0.598685575629741	0.505819873329449	0.456530462634214	0.640385199554466	0.59905139281153	0.428898806709597	0.430094177610047	0.401930886002128	0.370942695851516	0.539609362235195	0.743958007366886	0.507168588621818	0.994712846544402	0.723232555648878	0.381548059500038	0.265707638378999	0.455686924326746	0.474174172418415	0.630699974647917	0.772884803849931	0.799316522395778	0.40492456900141	0.663993097540088	0.445569131990482	0.732320511234625	0.602122290736536	0.343473706955029	0.532467387021165	0.482988284993537	0.604459683080592	0.465183452409639	0.49798250965583	0.556118733897327	0.410875094995947	0.62987769693922	0.558104968112153	0.503035487617608	0.46816225134267	0.423614487644349	0.598693572309666	0.418340457174608	0.380713237162691	0.122490438846974	0.279049355235606	0.380529172580656	0.379590176179015	0.449257896793209	0.500952506156811	0.520175416630807	0.64577224410744	0.341923316075827	0.240492363833201	0.215620547789154	0.185906124404787	0.355964084579074	0.49995808281883	0.477930970912265	0.625109977271878	0.415163870865299	0.370784429240341	0.544243676729125	0.701304427884411	0.46716695979676	0.400272287120131	0.334492930557541	0.705391841774775	0.329377012417257	0.714213115981882	0.489385568764169	0.483199436829104	0.947046063049031	0.909307801742514	0.568409389891235	0.553136390766822	0.374190472474399	0.454372046409025	0.415929775583293	0.708568397471024	0.655798380058141	0.389705296139718	0.451930316852403	0.494260408102817	0.591329051325044	0.343384079949183	0.507044410052017	0.848454648074336	0.504810485409916	0.594367704697265	0.472908188389242	0.467239806558794	0.514906895606097	1.073791410299	0.574428055817075	0.510378951507817	0.534777046427341	0.481262028881591	0.600179242444089	0.467992714268751
0.66566796453636	0.276476600926517	0	0.189258081807656	0.210171010229653	0.37307114187325	0.330064712885966	0.480022221404178	0.712500326681285	0.322319647679496	0.457803775129108	0.271899578011222	0.467327880401327	0.479605503626207	0.358621832022209	0.482528905512888	0.538276235487566	0.327660106425281	0.59667951882426	0.432383866701739	0.325297984759255	0.265366386248053	0.370020245735189	0.264787339498835	0.386487920745894	0.785798335685335	0.333781208100701	0.961555730051621	0.687039111150412	0.395067558626103	0.359488189893463	0.413111906562638	0.408014320902825	0.545861074381732	0.782842456007333	0.835180133201919	0.409940080952449	0.582017976128381	0.467467917999041	0.623137779796845	0.495454493127355	0.362411695962064	0.541584129816707	0.516173035675133	0.506054303316418	0.450885839840459	0.494477475551785	0.506969911039049	0.425529444348957	0.628440495029468	0.459088622167858	0.3894172689366	0.458024215665242	0.295836292438238	0.463778864875675	0.319964168758058	0.55879477808286	0.353342979068199	0.111538042114418	0.162616978570998	0.191355341825161	0.401090898404071	0.378589717573561	0.344363801758508	0.483298179377171	0.253225559602071	0.400865530439378	0.323011666169841	0.350289228652495	0.501027395382914	0.430948378897619	0.438489577542467	0.526422331110977	0.350469228746224	0.355023183620192	0.492407503621548	0.519996944646259	0.331759819535639	0.278382994123336	0.322840728275393	0.601007815848783	0.314021405094554	0.606093775406729	0.411204542825387	0.359568439152633	0.876528218836937	0.782857553665344	0.555626293561422	0.655141849778516	0.429042102104644	0.508264579027286	0.342451219468264	0.646696824153284	0.783321581255753	0.445089403673371	0.400103577168358	0.469443118597039	0.508035141780746	0.34079865168284	0.48619654885875	0.720353197911533	0.498332226057285	0.520279942375405	0.446839357492849	0.450814145762346	0.492906268815309	0.923776220045485	0.574674903947225	0.451981763805778	0.543680841717596	0.343068783554955	0.541571274674165	0.376983757272273
0.981352725560152	0.400607396593316	0.189258081807656	0	0.240273565061526	0.269039058210772	0.266779097919476	0.259968526977006	0.632562929071392	0.218309407460463	0.319335172379647	0.217726077616326	0.651861073599687	0.445050134495164	0.215470881742441	0.429315627996121	0.43737041458697	0.237153440855574	0.47173737488174	0.322512625051658	0.180917171399566	0.231302702113836	0.416588007336697	0.30741933020271	0.290234030594515	0.87171983438357	0.306713115315218	0.851169260801377	0.638561717846789	0.525779740537765	0.344577586751637	0.431999344348676	0.26216872593556	0.438244221705352	0.871987031171538	0.79123823947167	0.474429641786686	0.669011903993007	0.566518798787584	0.659234983005543	0.544836440651161	0.533271420388148	0.679514839050962	0.520687104859247	0.539876164446995	0.514225434153795	0.475309098938707	0.430053688051847	0.403076822746336	0.582461600150927	0.511833182116267	0.293532428360479	0.522760011999809	0.304424558776446	0.41635521390702	0.173615787458425	0.886058371929047	0.503387828679043	0.171470121063911	0.0907289611619559	0.163345083907441	0.277779876764596	0.26406073725518	0.189853364063606	0.507558976735245	0.260450494279287	0.45507378299825	0.270515972508047	0.450312336778937	0.406550109930546	0.286524689778877	0.326694564720186	0.418502649371999	0.189304048151791	0.330652963176954	0.409172110742894	0.377564676174522	0.168618911197072	0.224726079661835	0.261587092704511	0.504009078901844	0.332792033344054	0.555686260651036	0.282045450481742	0.290458673977704	0.759856285037171	0.620652007132037	0.490429500604598	0.52118309631678	0.419142113772663	0.474018626129238	0.240819479213813	0.730654078955644	0.645367893803627	0.531853809687361	0.417605664847883	0.515716207000965	0.431727170248606	0.475383277426336	0.603268064581333	0.653464837179029	0.517870101506945	0.50870289507789	0.48279678520918	0.458510801467623	0.421744194954431	0.789806615937297	0.591454516842107	0.378517297971506	0.530337860552587	0.291489569249361	0.461255154276394	0.196583685601381
0.779941473910375	0.385798349536615	0.210171010229653	0.240273565061526	0	0.385605708239333	0.406039649158644	0.519353643473466	0.703912291578104	0.440573804553586	0.466348157179561	0.275356195037149	0.443800553100683	0.48600197717097	0.332878117807106	0.507173811978089	0.57898113703224	0.390041688486902	0.56691171671785	0.617673578533348	0.468457702146921	0.429235738267796	0.43932321058073	0.396069279150089	0.619605551137795	0.922064812268856	0.533443704290421	0.926008994017956	0.897415183193049	0.599934714054133	0.467663410331576	0.669778298566729	0.617863129584421	0.791719292120358	0.935930078020629	0.864279920139702	0.677693137878614	0.795997998384514	0.694897330063855	0.880890536900556	0.735640756117979	0.479362830011689	0.78858824061828	0.769258931831381	0.67719862478966	0.762098388543817	0.711241399473541	0.710264753578942	0.621878275799879	0.766778803410392	0.598139054751858	0.612488364044848	0.658722092539316	0.510055458226712	0.68544443266508	0.422432271692981	0.690834970727951	0.422260829094224	0.286252793648809	0.258621081376687	0.0876577326769998	0.444337859772422	0.46534998660724	0.4503056053328	0.683300724464036	0.522131457157634	0.488303468327022	0.311451592929059	0.4684658323346	0.409866146995773	0.547464216737737	0.54398480718932	0.571291188029086	0.399885848523198	0.41541256098808	0.587100617269257	0.633672276765502	0.395859775767329	0.4433190141062	0.424818091584614	0.633001193381989	0.43526553240869	0.713710659007068	0.54040209771264	0.512897534020635	0.863258827288198	0.763363090888264	0.756716202660804	0.665461802316879	0.634016183828467	0.682601864025095	0.497225361097081	0.722699568160492	0.863214111276261	0.66682492501016	0.670326842657999	0.730711404611244	0.682325982228819	0.560906045831796	0.754264263324909	0.79360647429268	0.722714416910673	0.729582592547189	0.713487264317112	0.645987290161738	0.630623333055907	0.934113605069421	0.699060530061728	0.614492577463212	0.722348151634915	0.589652439329044	0.612463474043933	0.446356508088988
1.03972459119984	0.440780369062999	0.37307114187325	0.269039058210772	0.385605708239333	0	0.160542250514659	0.358928913741987	0.69037438632604	0.3012298494077	0.241053294510386	0.288100480460636	0.559074836312545	0.344749298036014	0.10259269084155	0.172935154352886	0.492842005142807	0.256471865591874	0.565729911452821	0.255363318800535	0.284737924078247	0.222860026518946	0.485998204048983	0.408478242070267	0.525507093890371	0.93640454627124	0.499311284913081	0.693349931677231	0.409243293382021	0.458940233834407	0.322127825582027	0.351955783927714	0.280974792903076	0.348669640832857	0.755216249643089	0.914136977685809	0.629682645386913	0.613186337319493	0.555843493757882	0.51743426205445	0.622677723986225	0.707432063764511	0.908070345459288	0.695181614401363	0.527113406891105	0.657849686519987	0.753058825943108	0.399223419464103	0.625682809460772	0.620111698348483	0.486462449942397	0.277093563982961	0.700385183441284	0.381503046820136	0.445269998223833	0.26643339254494	0.958889802486988	0.623632199661519	0.349175808750898	0.293080579148071	0.39460056471029	0.065748323750461	0.214388512725509	0.22115190025681	0.434390435319858	0.306048352873333	0.351389019176074	0.299180864090653	0.37184993679121	0.438453831431879	0.121657517750557	0.154982214724618	0.286947522884665	0.263989551259059	0.240998934403797	0.538474929480583	0.247099548168744	0.188548451584635	0.298419382822172	0.384507460254959	0.430337904945759	0.551601195960714	0.438439045008256	0.451966591281339	0.457922647366161	0.827957833071047	0.544702170817515	0.408780184353625	0.765649201968283	0.415733256699654	0.659218266790006	0.2289934235459	0.847636313369092	0.686886021692754	0.594155271116113	0.508312581659051	0.46098923126242	0.572412726939791	0.595337761482964	0.82540426444421	0.491671591573362	0.609626256057998	0.567836437386845	0.612151339561018	0.664042190930016	0.430288513384663	0.624730474325624	0.641839068851284	0.262224374433313	0.557730989495048	0.455288000512619	0.404012663553822	0.297516696499597
1.05636915419485	0.461463679521017	0.330064712885966	0.266779097919476	0.406039649158644	0.160542250514659	0	0.30966540144972	0.721272246187063	0.283337907828015	0.315726347818102	0.303809532900759	0.611433590503848	0.416857385276894	0.206982944674053	0.338785498206402	0.471824362297596	0.258323278458128	0.475406806476983	0.259036553014845	0.262865170799577	0.249738352234124	0.41877974202914	0.344088102824392	0.447648261437578	0.873483965169847	0.460106702848388	0.813339676918602	0.544595625288924	0.42975016547949	0.342714669352597	0.306300780515126	0.286956930148216	0.356862629873731	0.850680393319327	0.867101772355293	0.546866039507158	0.621961052536105	0.5307548940199	0.502033658387102	0.589307257389364	0.655946459358625	0.78208787595462	0.608289785817689	0.570630502828129	0.581377616001103	0.602907094918002	0.436386322054272	0.530830447400308	0.644832441562995	0.552297030957344	0.28852902116067	0.576619576586012	0.317146132765996	0.49881704544094	0.248642373572409	0.980183276165387	0.653760083111585	0.321451395995011	0.241288685014947	0.377594287664296	0.174567745918722	0.0548361123207681	0.166203296968067	0.382698494201609	0.279300268188689	0.415437263462702	0.350028366797739	0.438480317734408	0.505640395224798	0.233019795933395	0.247975589411707	0.294560228641745	0.267545138205643	0.281796711792735	0.504348474899328	0.330290950040906	0.19484216697451	0.255967731258052	0.32976414149995	0.537893447187426	0.429432378665074	0.480455459675606	0.389095826878152	0.436944338409857	0.884222305105035	0.598746704779352	0.45947186630241	0.671722935192237	0.388100764685851	0.565538189474585	0.24865670092898	0.78878587407633	0.63501124565399	0.52971159435435	0.416974448565492	0.458017229029683	0.501117380064756	0.490172321326931	0.722060307145694	0.598568432879897	0.526997262898393	0.498210746210762	0.500014841768172	0.536570072672694	0.428269270556066	0.767742639271791	0.604498337700949	0.298666348913381	0.52616524309437	0.3460536688637	0.41491346981067	0.292692991763518
0.989377430053683	0.553870471923228	0.480022221404178	0.259968526977006	0.519353643473466	0.358928913741987	0.30966540144972	0	0.513883456017693	0.197428897584961	0.358937062980655	0.408421361092052	0.811960742286508	0.58714702345683	0.288308100066963	0.571595130725409	0.357150514271497	0.35421492214148	0.317652823375396	0.524428144090741	0.287990809017738	0.3705910454225	0.682345302947611	0.488833183971127	0.290183812497291	0.809174134182688	0.361441581218077	1.01343961094645	0.685555002910753	0.727541674742644	0.464628892896683	0.55599885993842	0.289163733411525	0.500203864589604	1.05921861558044	0.853216799844514	0.691968022809742	0.765009797874472	0.72774328844503	0.784610138301717	0.674226875330421	0.767053870920341	0.830575330698126	0.542237378027956	0.62314600859898	0.601690033459324	0.421300180994394	0.568011822281589	0.497987952701636	0.578525813432184	0.70414631126844	0.349218002468709	0.561467561328358	0.460581726873832	0.5943405717729	0.244820539413334	0.995322357007279	0.603748654053095	0.337246786484924	0.300497113785253	0.397781128735395	0.342627830958974	0.31196253771033	0.152647296123286	0.571607978539399	0.360576406209342	0.586060993058903	0.450222575907267	0.589256283004647	0.442497378148054	0.306425302227086	0.38833594155586	0.447421703726744	0.257904130236321	0.471781940184114	0.304124588097335	0.521540653810032	0.237263679560999	0.33152662697834	0.467376159781984	0.587101606391915	0.529584864611378	0.64032375101345	0.309821692053336	0.378669650654247	0.650239770631757	0.780532996650913	0.50198087895176	0.448547989647664	0.550717655624648	0.491222732624294	0.318355513661366	0.930896292342904	0.620784048873838	0.754216929361517	0.544216406512946	0.68502058095767	0.464729460211565	0.696299808935853	0.744721131893181	0.788031990546597	0.574078004645234	0.561491650340437	0.527149569806581	0.434638686741195	0.558172426782778	0.882123019963236	0.576775417137643	0.441125831812183	0.637497328494955	0.350219365684235	0.548302410341533	0.199433514488491
0.908193718394573	0.698076568406272	0.712500326681285	0.632562929071392	0.703912291578104	0.69037438632604	0.721272246187063	0.513883456017693	0	0.50444007743723	0.66803408741726	0.684699261375673	0.885623908521559	0.711277319295326	0.610210643089799	0.783239228673219	0.549679505868032	0.742118841829576	0.684223394867916	0.823769477557637	0.650963937959654	0.583831576767357	0.967870823169878	0.69142858553194	0.566780325979034	0.771759776033737	0.448490731826824	0.847076613984469	1.05233093152768	0.971014750064649	0.71820149950042	0.867644557244027	0.608373884398111	0.925565049780208	1.11180826300137	0.965406694831114	0.766351536851434	0.701490809393987	0.758241269444615	1.15787535755361	0.716345882653274	0.808421324771983	0.829421956803257	0.640464872349909	0.547326571379932	0.653146256087746	0.583230379933443	0.77473802224891	0.658138094920556	0.553595257893097	0.711479864294302	0.682254359751251	0.676009480589981	0.699244315774674	0.675538003533622	0.646143072388726	0.822472694907459	0.64761400735926	0.630025622705417	0.663671489969215	0.687701941282626	0.606705136720419	0.735402597112034	0.614261149155265	0.741856705109202	0.638885933001645	0.836757280434827	0.687057476236072	0.805857627395132	0.567255556661785	0.692952944815274	0.689067606037338	0.668387888804334	0.652181105031818	0.64234453510621	0.613607301836841	0.756541146713251	0.632615398555828	0.656582400274889	0.783665462219001	0.773160261085448	0.6799505935996	0.943832577288663	0.537694836872918	0.555248710728407	0.77799359758832	0.798730690921553	0.877906816429599	0.679916931608159	0.823071002991143	0.728946534439701	0.687239886086818	0.855709496444858	0.768356810762607	0.805303211480128	0.610175922478705	0.86743121846361	0.534374009697567	0.883449175097701	0.872734759359914	0.811410775085894	0.688630619247772	0.493574727908807	0.629651392803378	0.609450373440858	0.682270191960917	0.820953889109477	0.506056082089946	0.662479846744947	0.736193414447016	0.641936671884095	0.624610017506821	0.602984870080332
0.953546120799136	0.475282143918676	0.322319647679496	0.218309407460463	0.440573804553586	0.3012298494077	0.283337907828015	0.197428897584961	0.50444007743723	0	0.346842867603215	0.343205423706509	0.69079573031286	0.519996556450444	0.28939456800971	0.426061307149573	0.382643755846312	0.313997157257736	0.407046359328733	0.435495400999319	0.237239612398088	0.220193875182547	0.58388759066632	0.326258428197855	0.246677280718671	0.799171524849151	0.230701824596263	0.85783977360966	0.634553193599904	0.604296447958256	0.3521336819918	0.478888009591568	0.19163364993061	0.452793439265933	0.962064607884398	0.82306076286249	0.501759458360642	0.572243731648027	0.527005468629709	0.773236987255201	0.531403819034876	0.561154586362893	0.64660408403402	0.451078050315201	0.404074636453521	0.438974331778144	0.405497795173568	0.443761441514297	0.410016767658341	0.480472727637962	0.449853823772011	0.291566692201453	0.469665804900543	0.325226869489006	0.439097335405955	0.150609465762315	0.833887325598951	0.552041461053324	0.26737304064013	0.238673254309197	0.356775692534958	0.26543241337392	0.31051596085699	0.14563364048949	0.45724445676053	0.14809862959166	0.524094176416242	0.341001337716582	0.46587922353262	0.411092462734349	0.295561741017506	0.302372225118281	0.317628096372278	0.229188395636559	0.253788442797592	0.285140640155513	0.395977174909632	0.205297601710746	0.207559124418959	0.376100334283532	0.467197250110946	0.358496510797514	0.55898580174964	0.243208281081629	0.232428517613774	0.751030672312318	0.674612642679018	0.474303599705531	0.542594489453197	0.420351443552809	0.410260513206236	0.204512632715141	0.745632226944771	0.590760909230597	0.501797559537832	0.30905469989926	0.48011962727299	0.344716591838322	0.474975393927532	0.569212487057623	0.602176058749314	0.413619547674216	0.384981085093463	0.357997281901962	0.351405635526774	0.397058296530032	0.80423560545868	0.431113384804279	0.296814975484882	0.442971326855328	0.274067499308974	0.490514347233251	0.125205118172217
0.980128803920539	0.430603248858566	0.457803775129108	0.319335172379647	0.466348157179561	0.241053294510386	0.315726347818102	0.358937062980655	0.66803408741726	0.346842867603215	0	0.228303589244336	0.453523869095911	0.262919237878211	0.183043518970284	0.340352008723701	0.551767298983249	0.379602020241845	0.647432309240495	0.405033743658753	0.359604009005013	0.401327316035228	0.541764237772332	0.511473364504993	0.57844434669414	0.951009937857624	0.575432281531187	0.694253706831673	0.605854204900505	0.470248755939211	0.23504253587416	0.449333367407032	0.356565653915025	0.406414773847855	0.757753002653932	0.718270050770154	0.731390330020309	0.759468120163183	0.634646154152269	0.549323195802824	0.733227107887116	0.726804061871931	1.00644627772153	0.662704953629498	0.61495519287636	0.71721744067768	0.763534150838474	0.575685458631573	0.654656031672457	0.736260171280221	0.600820465625461	0.421770867235708	0.679809371377189	0.460713699010555	0.505669347047082	0.305547216913253	0.991269309771918	0.62321283304283	0.418575024754688	0.376365895586875	0.449536081239541	0.24098795074285	0.304458514605573	0.334980635657294	0.604228228324234	0.434589715506633	0.287188546239153	0.346170634158545	0.376636058531196	0.33317125156932	0.249882996409673	0.257703675535029	0.38227056211268	0.322503997938888	0.379301900474589	0.653915064862262	0.407854675192867	0.330818422619592	0.445280476986644	0.442432760587226	0.537807304202449	0.562482052190449	0.486345494303514	0.456750400019236	0.550149153179716	0.80976248203044	0.48854011639731	0.431336192530462	0.616036147924092	0.449732903087521	0.582305277894782	0.295705580707381	0.91201741563468	0.683161342733687	0.692058093249189	0.603398394710768	0.57069802111654	0.617134413740722	0.638131505196107	0.875730263938531	0.491459485615645	0.613491477809601	0.649346753278814	0.666050956007749	0.714214013499377	0.514865227987026	0.72565001772421	0.695816602435307	0.346008962448183	0.559252028554176	0.477354313798009	0.470938620384633	0.346987483701497
0.819812512542411	0.243410777808649	0.271899578011222	0.217726077616326	0.275356195037149	0.288100480460636	0.303809532900759	0.408421361092052	0.684699261375673	0.343205423706509	0.228303589244336	0	0.366829077508945	0.247682522811675	0.234769781531936	0.393941988193595	0.495035686222571	0.23362250910187	0.535745968265444	0.402575902592696	0.26393089485558	0.311386173619443	0.349975290341282	0.313589728308725	0.489858023832818	0.845270267906523	0.453369023351848	0.803802566490262	0.727305184674269	0.333260200340582	0.220512043202983	0.402200135129375	0.37769161358989	0.514421235819179	0.823285709203586	0.761194453425922	0.498244095880432	0.706872218884784	0.537017346917197	0.699674104938137	0.619056206258036	0.447768720802483	0.684699517240783	0.597749880067155	0.588791519796616	0.619881175595465	0.601416549567608	0.534154608059357	0.512218301629835	0.688533007152454	0.527939316705062	0.450639444473979	0.551805250262956	0.406058738694275	0.49265119175552	0.272592453743918	0.759780768780465	0.403154897268488	0.297042730555017	0.221574493166895	0.255071081219765	0.303889473586118	0.311916321244428	0.32546676907342	0.50303065582782	0.346963428085254	0.275217839965316	0.160865117182131	0.335210878501557	0.258553056570229	0.370065940220458	0.343134486664417	0.424294336446026	0.240131564469668	0.292900147070908	0.482818656128218	0.427997557907903	0.260768970804341	0.299130035853058	0.271129783355934	0.590953317622994	0.356593345278768	0.587907349115306	0.37777024209668	0.426412963403415	0.868370774648932	0.587094105219489	0.505613813679571	0.578257817079773	0.405886585566845	0.494972676654525	0.294543018695546	0.695401514789661	0.647386652005603	0.490983135830655	0.475276711340811	0.564235859359643	0.542445179869851	0.390553454906965	0.617789951306	0.661193005327416	0.550292114080733	0.567805178626901	0.553005393621591	0.546472554601978	0.451721885184441	0.820509492068064	0.617586926202018	0.421736126764822	0.532336346901707	0.417751969116116	0.501734919202999	0.294187621332958
0.458460295890077	0.263505576702871	0.467327880401327	0.651861073599687	0.443800553100683	0.559074836312545	0.611433590503848	0.811960742286508	0.885623908521559	0.69079573031286	0.453523869095911	0.366829077508945	0	0.445239384173164	0.505031635199571	0.644423227585101	0.747186797925827	0.617257135374196	0.767409673416245	0.792387565231312	0.711587736709711	0.684555836823366	0.565338515199183	0.536373841444917	0.808344577998049	0.948641063623043	0.807581252539903	0.892574806725652	0.929601190200905	0.506684090976497	0.282270942727271	0.588571889462696	0.713233693042218	0.810131513501705	0.856704441265123	0.846177862781018	0.69321344771195	0.732807045145361	0.601760755033318	0.89445110453057	0.872813842193687	0.41917247151881	0.810671467363152	0.735415755947206	0.683144319807913	0.78756220185915	0.807721747292377	0.811929384413893	0.727678384132097	0.834623868733896	0.602736480273134	0.811605348144995	0.635823806140759	0.612567709536427	0.718687055786035	0.593867307652055	0.470185506321199	0.336619453107243	0.510223424790783	0.626662239813577	0.545212606976141	0.628757430113057	0.695358879144792	0.801380710170202	0.880460130377519	0.637820939536258	0.315183358371046	0.345710249161411	0.229370428950794	0.444811612224763	0.684560998018223	0.601066739757327	0.689462757851258	0.657881567263256	0.492897543510292	0.786595475084184	0.879950160842306	0.671740054941406	0.672375716294995	0.609405725382124	0.824711694126628	0.515195098008247	0.845446550880578	0.728001876817084	0.747638854839121	1.00733718582249	0.805592213281444	0.81725397862431	0.710092905789348	0.530401607179447	0.628693053396338	0.653484005993486	0.815250003055576	0.887237673962948	0.571728332479668	0.664595007903447	0.704192529289076	0.85243245881631	0.461412704915756	0.766738087854144	0.798923769683629	0.686211683601485	0.779334518435138	0.783735458895124	0.713766009082041	0.679746735700171	1.0453105866387	0.712855281129525	0.708037438878687	0.59320658594128	0.696606489054095	0.700419001257462	0.689642693855801
0.949499080710687	0.435696806016419	0.479605503626207	0.445050134495164	0.48600197717097	0.344749298036014	0.416857385276894	0.58714702345683	0.711277319295326	0.519996556450444	0.262919237878211	0.247682522811675	0.445239384173164	0	0.294085357929968	0.338416262964971	0.644180208199501	0.375406409974148	0.699446744182909	0.454509274502045	0.43644566114	0.46404720579602	0.512364954358637	0.472510336676738	0.744352175823757	0.832025593950837	0.657304619577524	0.677535693178663	0.795193136755881	0.406428616729739	0.41669905706683	0.516086304206208	0.542076871326338	0.613443264731678	0.821815867332615	0.884896486425218	0.77179700816563	0.801964335776598	0.611874148787432	0.703801498317463	0.751525879476065	0.749827895262375	1.03488796718676	0.798190559522763	0.658609088098695	0.878890227462059	0.894138627288005	0.658889496834692	0.745749411897401	0.790107012330951	0.574488244999033	0.605245268810846	0.769280081118201	0.577914877552644	0.640748960203157	0.45651988103137	0.889928055382533	0.645318235833178	0.501259244611242	0.475457844819054	0.462208330073187	0.356278426824014	0.447138552324239	0.517703311556481	0.628733830279303	0.549231477213076	0.373056811737622	0.388410851747297	0.500775173725148	0.297355921431743	0.444687117308325	0.407905048199731	0.534249293486345	0.434269773995692	0.432496232851026	0.657819042220843	0.450691720655836	0.371610600111332	0.528189933570877	0.543191872608049	0.563522699077424	0.619329617867216	0.711537345148386	0.629524451111118	0.649559214943933	0.997937161368971	0.547227715723155	0.68109268740129	0.878989465586688	0.633502413443718	0.737890663599998	0.510181621430224	0.866022188458109	0.836709391426078	0.717731589048869	0.640217351770002	0.754179792514597	0.766820045207601	0.659109169855706	0.963210474746704	0.704864948958587	0.777119522699905	0.65309401046297	0.830294844152537	0.833136212589148	0.687479355647995	0.61553046364087	0.702393306493882	0.504303857593707	0.72895901691392	0.619696105255439	0.587049266804028	0.496685848674564
0.99389901097982	0.424254945365915	0.358621832022209	0.215470881742441	0.332878117807106	0.10259269084155	0.206982944674053	0.288308100066963	0.610210643089799	0.28939456800971	0.183043518970284	0.234769781531936	0.505031635199571	0.294085357929968	0	0.240907812321469	0.398041647294473	0.210196714318848	0.460691565711099	0.331434998408838	0.247524682796553	0.236389603706385	0.489770538837634	0.39196607712079	0.4657090534793	0.877467983033796	0.462110478380105	0.754938849966113	0.565648421848965	0.492850044673317	0.290515653033076	0.411236842422013	0.2824882850613	0.419013252332705	0.844822217677136	0.891700663303921	0.673640545457134	0.663218141518773	0.594870952054118	0.660112237117973	0.682996555845171	0.692533710410925	0.943778943851077	0.643072322147245	0.558542301224575	0.675168711385532	0.688998425847461	0.460648569211106	0.586685232488318	0.604233855600856	0.533378195713093	0.338117900358621	0.655738117279739	0.42370495668144	0.449802582261246	0.253004344097863	0.907031339408183	0.549611403557024	0.296927662553642	0.257294856086388	0.314864392971169	0.131438437869821	0.222938873681192	0.222129794314526	0.531015665711401	0.360778797344032	0.38091715043323	0.249846986396641	0.429535692613567	0.320269165606342	0.14823026620324	0.17059998649194	0.299774230845053	0.214053768664548	0.25746562457452	0.47509751583618	0.329327274865944	0.157448119566812	0.29566889642035	0.394017924448232	0.456296936014853	0.471928766693187	0.500043511728602	0.389696364406584	0.435127451606845	0.829989447062356	0.565840233633034	0.483287532246545	0.593279406284391	0.45420983785058	0.574441180980666	0.244012793820342	0.859932744256353	0.648354305507493	0.645293651268696	0.520246812255024	0.526071287162288	0.558700638923223	0.61681797629367	0.847954035161664	0.559456161579885	0.60598353857764	0.576714242923952	0.641130457161727	0.602793596532566	0.450414934496985	0.702233560141873	0.61637631444329	0.301395787679421	0.555059910692933	0.433037579664999	0.443586127687892	0.269927990582538
1.06396521692656	0.598685575629741	0.482528905512888	0.429315627996121	0.507173811978089	0.172935154352886	0.338785498206402	0.571595130725409	0.783239228673219	0.426061307149573	0.340352008723701	0.393941988193595	0.644423227585101	0.338416262964971	0.240907812321469	0	0.583695529254807	0.297606442350805	0.656300287516682	0.318898405210503	0.389485930981616	0.286486338472431	0.525079314812623	0.471340067231874	0.665162535455629	0.947346755915839	0.606839963168662	0.630926274216132	0.509914761687644	0.4678855583492	0.520224174716821	0.447084748436198	0.450638971885923	0.506124600808443	0.805808571249702	1.00938200044871	0.78826217067752	0.650811913833744	0.577146233786442	0.609918230428322	0.687650541066418	0.812718811688148	1.0566788221134	0.886201448751614	0.529597430344023	0.836820282803891	0.948569248067033	0.554818779937921	0.809955631702921	0.695909568027724	0.490746052180422	0.450416440460421	0.839381027055142	0.542190121031438	0.549254568137094	0.4446686749381	0.945524043941657	0.769139694788321	0.47788687142773	0.423259638474565	0.510656903379971	0.190993346211447	0.404624712933492	0.402774085534893	0.49758641440426	0.457129696025862	0.509539369822965	0.386235243903177	0.576006403849488	0.543151911042169	0.295623061996794	0.183531586188643	0.337326156665676	0.375687840050652	0.330430905948351	0.6167048045698	0.248726029705257	0.312183347560947	0.358565171366883	0.514705368999318	0.359128376875659	0.671235259333725	0.548513956541323	0.607335911998139	0.597126398354646	0.845305906968571	0.505983404246385	0.571998620277581	1.01135914143568	0.634668115490002	0.80485036878581	0.345518775711411	0.911007089348751	0.857507807820185	0.711192645440578	0.626886941866227	0.621060162317292	0.672001094827186	0.728353472267624	0.944983384874148	0.486565043819007	0.758685366358083	0.610688643355496	0.759080740781845	0.84711548736305	0.539428656952008	0.468430402950423	0.702185909543204	0.362860189668697	0.715973258570681	0.646335856786164	0.533804125867894	0.426556478075592
0.854863057998002	0.505819873329449	0.538276235487566	0.43737041458697	0.57898113703224	0.492842005142807	0.471824362297596	0.357150514271497	0.549679505868032	0.382643755846312	0.551767298983249	0.495035686222571	0.747186797925827	0.644180208199501	0.398041647294473	0.583695529254807	0	0.439925003397387	0.377261515507144	0.597640894325538	0.40380383506533	0.360617727722131	0.760617863302197	0.414233692070051	0.372218276122395	0.788069125225884	0.375077506210643	0.968516881475787	0.900618786865373	0.734172064059836	0.560647353900708	0.573555153240356	0.364149266715433	0.659292398663111	1.17216359848643	0.867517690966139	0.707594612925502	0.661944572920961	0.593547038872481	1.02954862490705	0.66276949552288	0.724958227753556	0.815350303071751	0.563930592435128	0.509376048727186	0.621309521729745	0.390812995508197	0.628452301487508	0.527805663218149	0.392454124837156	0.565503376730134	0.46499383788407	0.536728877990196	0.60368434306068	0.668505672272521	0.40616474126469	0.80531439703453	0.526184064926481	0.409310770073767	0.42118866403082	0.496311683579074	0.433731829754585	0.464886579381562	0.356517587817962	0.575766754147389	0.427549812658515	0.69251726150159	0.452244545909672	0.622737224921533	0.49532072662718	0.492457874612538	0.449974802198019	0.411846320915403	0.359218931806207	0.380155808314369	0.337066712799829	0.667537883303947	0.328511366076955	0.342269982497963	0.589628463221972	0.7125264996718	0.433554256424546	0.853880894342023	0.338661568365951	0.35458220550423	0.789441871829662	0.915293736344603	0.696977126749379	0.557402993516852	0.682394788401702	0.435817762193392	0.367878101949581	0.948973570025174	0.738181102047146	0.720217898323063	0.462232403124042	0.724188839869962	0.489879627592796	0.708924164425304	0.782343853946913	0.857813746901493	0.609300016685572	0.468581492481513	0.570580147233635	0.362756037668482	0.660337888965982	0.90322151100545	0.432194913127207	0.551073394359136	0.616797818799849	0.452554375445357	0.657071402708613	0.359613616849244
0.999530774614502	0.456530462634214	0.327660106425281	0.237153440855574	0.390041688486902	0.256471865591874	0.258323278458128	0.35421492214148	0.742118841829576	0.313997157257736	0.379602020241845	0.23362250910187	0.617257135374196	0.375406409974148	0.210196714318848	0.297606442350805	0.439925003397387	0	0.359387000035087	0.260353515453038	0.147400277579017	0.179271440855693	0.286557913503399	0.28120869441818	0.3964766989179	0.819858010172177	0.402531760512927	0.759921358634585	0.648090505725458	0.400911493741759	0.403386928484326	0.368238350877467	0.369787912040002	0.474268618598765	0.842684623534052	1.05725417271533	0.556478759583832	0.716157880246999	0.705975233623985	0.696259031125414	0.714565341606541	0.512352485872092	0.688467311008088	0.781344790729877	0.644399551407653	0.711045766701895	0.61902023557801	0.552887969273121	0.630982751486875	0.797447620196294	0.575199258657519	0.429205250383861	0.707612092685949	0.425268679599645	0.441186588386868	0.269295865196667	0.849265110782771	0.573448641414496	0.309406973770945	0.207658735138863	0.302958037574469	0.299115071773133	0.279133166664047	0.208538709902908	0.371365846904429	0.294130383702599	0.452829042241638	0.2240953867007	0.519533275212198	0.414695187801092	0.329949363119434	0.28509527590738	0.380451681425373	0.103254419013505	0.289786785875184	0.372610001199975	0.243953597010508	0.149771283126163	0.154698431178832	0.227932995508139	0.526967486809557	0.337387110073442	0.476976855748674	0.333727105713825	0.333523476128361	0.835281242970951	0.577795751633612	0.531807217410745	0.630069323438747	0.41763978028785	0.543343788971358	0.244127786545739	0.722911226411737	0.718721210045686	0.54188686421068	0.512375679587494	0.479925488844461	0.461680858525765	0.432671639155694	0.616948897373528	0.705901725282012	0.686462063928082	0.622847051284093	0.593452808207735	0.575737017858887	0.510080496726137	0.747390867291809	0.75882393411581	0.372054855164089	0.633358975333366	0.421296735113805	0.418956466126627	0.195780980822402
0.858281059716345	0.640385199554466	0.59667951882426	0.47173737488174	0.56691171671785	0.565729911452821	0.475406806476983	0.317652823375396	0.684223394867916	0.407046359328733	0.647432309240495	0.535745968265444	0.767409673416245	0.699446744182909	0.460691565711099	0.656300287516682	0.377261515507144	0.359387000035087	0	0.667891621123026	0.404685110521518	0.417726169688823	0.665941565641715	0.405981060292287	0.394623380748407	0.728305870928618	0.478201394841612	1.16639902709342	0.964341988302278	0.835473732413451	0.664299450946176	0.673280018344817	0.557657172335991	0.736664499044311	1.22436206282206	1.03414444439894	0.775100465438843	0.742861057832974	0.85416372483784	1.05921041941767	0.870700239345372	0.6981876733756	0.715158098665966	0.779576510346682	0.721114752501703	0.790998298456517	0.434142665531889	0.840557688462243	0.690680496355764	0.728151608876197	0.731631577339014	0.603301690020384	0.658366357991435	0.692445893076282	0.73941254249442	0.473892307245455	0.861815911728537	0.622157582773329	0.466683465593086	0.462479332585827	0.491234506384115	0.590013171940171	0.531660703455502	0.344297650836308	0.59042119244659	0.492531579870946	0.814113168448162	0.479496220274949	0.765420911469015	0.56738109045612	0.596399282201141	0.55175821139105	0.565557385955604	0.360043761205693	0.530118182402225	0.236102622488239	0.695822703461429	0.362727404737809	0.340981738964385	0.552313029548709	0.753385918158307	0.425117685977112	0.805104237499988	0.370850514294613	0.423924089848554	0.793162803402966	1.03042493170982	0.720741962608731	0.516161056929874	0.682321653699042	0.485099636784785	0.474734620458671	0.787290038260853	0.66524564063753	0.777722097866437	0.623745858355746	0.812618201422866	0.561520633265651	0.693439221669826	0.683407121789333	1.02193158764468	0.76306552040249	0.688211599525367	0.672289467726868	0.422091455125663	0.73701521788615	1.11259151030708	0.686499430883198	0.687129169826635	0.811055159456546	0.541209325896865	0.629232799496266	0.349616671956592
