0,1.2,5.0,5.5,3.2,5.7
1.2,0,6.2,6.7,2.0,4.5
5.0,6.2,0,0.5,8.7,10.7
5.5,6.7,0.5,0,9.2,11.2
3.2,2.0,8.7,9.2,0,2.5
5.7,4.5,10.7,11.2,2.5,0
