0	0.384863159347652	0.434423782794705	1.03915238597885	0.928978358700716	1.23210185885632	1.25368746395577	1.12826151113727	0.685660798583604	0.931713032268349	0.615217635872716	0.65014353888842	0.902150699188813	0.888227595179616	0.981198715624986	1.39395761965871	0.529474356593473	1.41874774813239	1.39443014705774	0.517072244406309	0.925690576755243	1.13106933662165	0.813833894402733	1.06610871860518	0.979330405017618	1.58895384190454	1.02108643689332	0.167938212779392	0.518950127564501	0.526776010401282	0.660644356427213	1.21862413299689	1.0795980948894	1.10252678917861	0.555450997208281	0.365539271203603	0.699013591785897	1.31770944096199	0.797137485982683	0.910244195401324	1.08131303356348	0.925364646019174	0.21679138407968	0.782846174086242	1.04902434256541	0.694826938336136	1.07175736702869	0.725577294885956	0.671669025352196	1.24241980766296	0.819087489305671	0.791375280953016	0.72700014399895	1.06795620511969	0.726557469972884	0.935332611389581	0.293024028240515	0.435737843491334	0.834938360382953	1.06401519682867	0.969517193838147	1.10865333750059	0.978188632402466	0.826155997649527	0.762631112843782	0.596472522855816	0.405286030902603	0.777202323296127	0.98596702468461	0.675764658407255	0.868722110925339	1.15370158547672	1.33438497649612	0.851320483161257	0.709179939970569	1.12851251511793	0.693827510756913	0.917264726309684	0.931271562000704	0.415918900417459	0.926859628542726	0.944791875507663	0.528154762099605	0.985935290969136	0.987748176660209	0.399905400364224	0.286217846806269	0.439542828189216	0.333097194068401	0.544570599001282	0.888706185426897	0.86012053488078	0.685770989027829	0.203750412120713	0.528396334281916	0.706547766081694	0.567782136812656	0.429215778486364	1.00455631111437	0.252024131297202	0.430839871608252	0.740595910235905	1.12958768747529	0.905423058135704	1.01206813682223	0.479944676950998	0.508727933792378	1.27501210433983	0.561766200887838	1.13946113701738	0.928201667364116	0.525410093058353	0.832047471903887
0.384863159347652	0	0.427608664550106	0.565400725374317	0.419280580186723	0.789574612501555	0.838839950692867	0.693450230328035	0.391701746868314	0.571651793769867	0.118617849413895	0.351238397230845	0.435575656955213	0.45080818189552	0.498490194063239	0.849155354120624	0.308610428144998	0.782339029357902	0.894852641649709	0.255672188058394	0.861964156909177	0.651418042795925	0.31215055086226	0.792683786778187	0.555046131223276	1.14303219985068	0.832318621709366	0.35381909550892	0.636744869493778	0.50116612560494	0.535526811225997	0.855150478440878	0.662674413688986	0.781271218032069	0.548050854686313	0.525056584461634	0.897886922404772	1.15223834440278	0.754666513102498	0.959986938458131	1.00647907360921	0.841303614424909	0.408130593948327	1.03397510169386	1.2615502442418	0.769488090804599	1.23031903184075	0.716057893322665	0.337882837393143	1.0175235518184	0.507119744788903	0.496874286269901	1.01204108568994	0.957824705341934	0.876432220973406	0.459440503187188	0.345635880303006	0.0747779870082771	0.696124024661886	0.631739139924146	0.504754446719949	0.787168343947822	0.629108650194754	0.512822693457326	0.404954780881883	0.368557248530169	0.122327438164012	0.349606404811357	0.45774673241897	0.483757070638273	0.564056238027763	0.783405236677039	0.836664764128902	0.337905188199005	0.44380232609471	0.691191447136451	0.306050637603558	0.467571819759419	0.502717072554329	0.350644902559303	0.733201739874697	0.676309865183948	0.549773579331194	0.56363584316266	0.68767564347328	0.637353116288946	0.287866512245737	0.423727580606031	0.443124993232853	0.460052926260614	1.22356967406952	0.446843297565553	0.738393407145253	0.559729380421907	0.751225767380159	0.823296537726576	0.917157562507015	0.537170112011024	1.06581542974329	0.511344461840258	0.661183667260523	1.01513120808888	1.21180596972493	1.04419896050541	1.18296859942409	0.354660113013769	0.529368346053764	1.10096749619254	0.367763522372205	1.26688241703189	0.936436014649063	0.740113587805496	0.360265829386023
0.434423782794705	0.427608664550106	0	0.571761923924872	0.446323371167739	0.809339861766073	0.8814558448611	0.71660859231909	0.497539766392669	0.759552884812086	0.574930854987305	0.692806808476765	0.813400768530314	1.03490501175081	0.748143378624967	1.14969191039166	0.720450600046893	0.957431701630269	1.00495093295441	0.537793883925192	0.589198450083027	0.784543878632818	0.849943774032516	0.775806852702664	0.766527225718004	1.12897598997544	0.559326146405205	0.515832173268064	0.560321087494733	0.647858829862549	0.739840680592656	1.09224518274506	1.1044187193359	0.97226793642212	0.593378428352072	0.659702975622746	0.675474050410354	1.06329017202441	1.0735481618419	0.853970249012547	1.07520977980961	0.383027576123282	0.445517162199414	0.636878855682769	0.846550121457571	0.484537184808847	0.700065331256217	0.784108295842611	0.546848275610261	1.04807018382096	0.849724159789657	0.813844313989183	0.765718262798567	0.576377701115224	0.602195113356992	0.805775577469383	0.441275746890015	0.50265806940739	0.275208094554299	0.750627457322809	0.486458086456774	0.770098261283581	0.695827783820888	0.544004104642137	0.658722792882351	0.551157319715329	0.589612480822485	0.776583911472071	0.691698175686911	0.914579997298191	0.699623001370792	1.02247229144042	1.21065282359676	0.651341626840926	0.938599941523156	0.724420083618	0.555922373396027	0.67246876282494	0.72920001150041	0.434891117681232	0.715480319609904	0.606251305810708	0.649367929545012	0.714653243507736	0.535603908126448	0.725699425676982	0.55859292932637	0.465102317083256	0.828849678539796	0.828689775456329	0.885406725855549	0.877826879168393	0.71142224375486	0.638215165073372	0.615996644525193	0.851108376746671	0.53078822765031	0.607151994820589	0.479246485401057	0.464441899037605	0.604315831536507	0.699474204213266	0.835739524339787	0.585032870526677	0.69236975723189	0.708648387841426	0.619141678508255	1.10272925794028	0.504208110262664	0.779757042122576	0.57552016278073	0.454153326827227	0.765213001041943
1.03915238597885	0.565400725374317	0.571761923924872	0	0.0971365483771514	0.213814091511891	0.370190395458818	0.19185223615284	0.322930480742254	0.407403522718116	0.475505982465412	0.586807430574693	0.711209742855809	0.831613283445969	0.487477332997045	0.572529338660272	0.88729912594441	0.348842314930776	0.38167460281911	0.514594206485676	0.661111739366841	0.298907006631987	0.583598032027054	0.688194022574185	0.565632983407943	0.646189254028518	0.554713893325754	0.951689066560499	0.911748695103402	0.930427265047458	0.900519561846721	0.644018681852397	0.812976303096017	0.725617560397863	0.909850277526781	0.953415029514549	1.02370721437724	0.635564173307064	1.00542927949055	1.05489941230916	0.955905497002406	0.515002223699039	0.95823391963484	0.91715255619784	0.949784721728313	0.648933680909466	0.733437066762425	0.842935187709642	0.543913577561934	0.811475585287987	0.679818824715101	0.597245328261848	1.28299282261883	0.431026565751917	0.738045402078155	0.365250551476978	0.922280468493374	0.526738210220266	0.427403942083488	0.129876642944926	0.13049162075948	0.312083996303441	0.406469079715103	0.276041548914536	0.382296151464471	0.35122399308538	0.574903791990871	0.730915088588463	0.494873235308834	1.02722442518376	0.522401954197354	0.611137056334655	0.891778604216604	0.499645591297078	0.938847240481345	0.282130350046629	0.426968717094952	0.411633496973707	0.35588163397455	0.7986172613613	0.639278358047858	0.57844326705276	0.979660542003263	0.512137828786379	0.489564615063565	1.12906481169395	0.834606491416796	0.797900330327698	1.05739899983992	1.01709139288929	1.16506897672634	0.810186210745326	0.738120701460341	1.09608435277298	0.975721151281016	0.976966083498532	1.00573545127263	1.03370830885382	0.59642769765795	0.965158260059828	0.827478578944377	0.841110585562625	0.719222064948699	0.64911810502399	0.793958289408787	0.842259924322946	0.600229999622669	0.851596307839808	0.614428439741688	0.875784724379511	0.4395030464942	0.628615752335503	0.327793379575924
0.928978358700716	0.419280580186723	0.446323371167739	0.0971365483771514	0	0.242914450250075	0.387362061013703	0.220137247378959	0.275506863162866	0.418989757973262	0.352608195329523	0.500469971246984	0.583118237642526	0.776650534753498	0.405291128460018	0.637650668443547	0.692823145442994	0.334704505169894	0.405761405175771	0.435976515254128	0.530275821265315	0.273895194262965	0.5150076691366	0.579500779555923	0.450042363262545	0.672260885574842	0.414840674484147	0.838275716370427	0.707971531206659	0.7842151131755	0.748195022355846	0.59334433453911	0.717143140307399	0.617599533986663	0.700738897215392	0.826003188524072	0.940806627901212	0.826189506261557	0.92406187676436	0.894396047424515	0.961878925829249	0.430727896564446	0.765568073245685	0.847056695626269	0.944854157396788	0.594016782544907	0.753298370464035	0.746233407846474	0.386444600218787	0.751363946455381	0.619702668462099	0.47272163641122	1.17588798527343	0.486160174239512	0.741935985365728	0.332508814039509	0.794464863466931	0.430058483008011	0.406785363648731	0.180028813200622	0.0394909037096582	0.303388023240424	0.359161290275418	0.223373782296547	0.347389743456036	0.316088469038927	0.452005530308801	0.630722152055389	0.375451334101277	0.964736505767856	0.422318459514376	0.587078856845934	0.836278398519045	0.373233650314101	0.845519167055702	0.239347015132322	0.331976883253499	0.306314094223046	0.272300392277462	0.580394416923725	0.598568372676658	0.464200372920858	0.878716022483296	0.441748214262269	0.371994917825948	0.947168730219003	0.707250521170875	0.635647365561483	0.916285590587237	0.919985075197373	1.20424191287473	0.682971032984167	0.703611797386597	1.01279529193354	0.876224603733046	0.942532227596816	0.888778108732119	0.909618622038779	0.572656966701228	0.784643146458047	0.757622132412995	0.825155001313513	0.75014408123669	0.669737989131305	0.741921874407389	0.726960098101356	0.564128803519185	0.834580788064055	0.466184280070585	0.91562952337629	0.507610902528654	0.660000839967865	0.315658108399395
1.23210185885632	0.789574612501555	0.809339861766073	0.213814091511891	0.242914450250075	0	0.265781436817192	0.157935757738349	0.422781144731498	0.488466686082045	0.643891755036181	0.678781671422089	0.762522838017909	0.907870151500087	0.364894379074438	0.362556664543525	0.796214980825404	0.302468471476532	0.239957654501261	0.587064782752438	0.648649153167497	0.180196343745263	0.648967698343849	0.663356145498007	0.529766035810033	0.567678911835225	0.500625667034893	1.07597678086969	0.937047617575069	0.987437178203583	1.02168833571173	0.354585942051825	0.766902836115364	0.775815048356382	0.968785755814219	1.19749943845631	1.14966361331417	0.593382843155023	1.07103399012438	0.935296771276577	1.06827659948651	0.60112358052039	1.08926442381238	0.953486269825199	0.899350284887315	0.74375179562598	0.744425262787805	0.930061678083101	0.600791314122417	0.735361286640437	0.599875019510943	0.63283750348859	1.36360544708852	0.51031506852729	0.786510234730974	0.453589497057223	1.0398474191424	0.730270123874622	0.587872893718056	0.235277723137237	0.197408174482539	0.118866351864394	0.390692864358774	0.281921500481705	0.389480939949922	0.43564341995327	0.672723600043319	0.820645286005904	0.48658592875847	1.18169151652755	0.348668500867192	0.359378350766763	0.748682267541637	0.484337480729224	0.877611351598829	0.202568376295566	0.45483895032168	0.257355673142147	0.245718944953013	0.821340818590008	0.538676051500804	0.601769485386936	1.08037786215841	0.524455392860631	0.408836309791133	1.14767508633198	0.891271364750308	0.787351381267772	1.15759472134912	1.08569869301139	1.16734548803057	0.834290199385493	0.930383974816548	1.25570101978238	1.00951572965531	0.999522982651659	1.02379359693813	1.1147673440744	0.593099473117451	1.05835643870677	0.975955386739708	0.84945194757965	0.686023114332031	0.685779301273562	0.751911677449222	0.960536654789196	0.677268737326033	0.833870238176378	0.648734225945918	0.921074236520983	0.505427095966814	0.720331346839707	0.418516389265374
1.25368746395577	0.838839950692867	0.8814558448611	0.370190395458818	0.387362061013703	0.265781436817192	0	0.137687427146048	0.388706723548933	0.321378900044908	0.683471354820236	0.750015862201282	0.819035808216098	0.741546860129745	0.425791005166117	0.426660387805755	0.882685892406025	0.300694886105534	0.281518819359119	0.582312897391833	0.709626401287399	0.365667966523572	0.555549621933039	0.849093859324561	0.653303987276417	0.580242926660459	0.66388959207555	1.13010544670144	1.04784225426516	0.788651503960358	0.861003250914875	0.620940235700122	0.614945753481471	0.640055438584913	0.998933203334203	0.996721600217913	1.09567699431802	0.660889696386587	0.929984016401807	0.993674494978028	0.933379291045396	0.860804953602593	1.28730050786081	1.1373002571021	0.95877427586177	0.851392305405249	0.831915998152934	0.701234319306892	0.563749543357872	0.73957614452103	0.626689446562652	0.481832767545725	1.28953111450552	0.524664927794887	0.769219457831039	0.329473122224693	1.00804645689778	0.755779973394139	0.53603730466741	0.305772010532842	0.364674664228964	0.351951186560053	0.0762289961129677	0.248381260284889	0.353907015429982	0.39548655355176	0.686268692376753	0.756819589179691	0.621147646549456	0.953090473769015	0.550082198548776	0.505841886819681	0.697597672008164	0.511544948102121	0.858667539553349	0.318267977232408	0.492075481749314	0.419313291731402	0.44018033621467	0.936514478108906	0.909012919072533	0.782265914884652	1.12849506384605	0.614094577134863	0.606475413279825	1.19425820883887	0.94238330350014	0.963543237246135	1.00762970070451	1.06791502335007	1.1978481842513	0.82526489024342	0.898298415127818	1.30344085637703	1.13034759150675	1.01971864419968	1.20843978717015	1.11321424889814	0.85257884065917	1.27004127203818	0.965135822387164	0.932301830845837	0.888050390330434	0.770316926397314	0.980209743991547	0.8389326396918	0.683218749731165	0.882953907854517	0.672807335796137	0.876155327138409	0.630011171420638	0.737907884459449	0.330200912340052
1.12826151113727	0.693450230328035	0.71660859231909	0.19185223615284	0.220137247378959	0.157935757738349	0.137687427146048	0	0.243407220657424	0.265209140015238	0.572263032474284	0.658370601659847	0.81819747598514	0.798518865983955	0.347906452506394	0.483769166713099	0.885989905596507	0.239409431626105	0.18743187922808	0.426879910295339	0.594916839050097	0.222403332797794	0.519422471570426	0.778197079329612	0.524979178605785	0.603996414685972	0.558315327908509	1.02000884063065	0.994439312928964	0.850188293496007	0.930296268715575	0.564813187341348	0.72291884191346	0.721037725366632	0.852144656023437	0.998478798475147	1.13435085657282	0.643259782745099	1.06236770706145	1.05071268612321	1.01673064550626	0.648627750456514	1.0584032437429	1.10747318115916	1.00950357910235	0.763291475834659	0.81794146478851	0.787001750610299	0.512325300002956	0.878074663479025	0.675341472579284	0.550935175229867	1.34749290504269	0.491961802572522	0.71892246220388	0.33122091421024	0.930047417152547	0.631650823513494	0.505641222473649	0.19546994911512	0.210776390783312	0.161489752599182	0.182296083812363	0.0897120877408866	0.208956059368109	0.244276098275432	0.587893296345798	0.709202318648037	0.572031550601858	0.979360256997003	0.374369879672166	0.444578838929098	0.763785314876329	0.365739234008858	0.923049517778665	0.11040987444837	0.315417537596689	0.276618793618523	0.25675183061775	0.804434630992934	0.720983865003732	0.63369376036006	1.10269335687673	0.500752226561163	0.507742405531434	1.13351477043128	0.832521301045675	0.85214764056018	0.98780893199435	1.0048446262596	1.20781601733201	0.836364745097487	0.782434711087489	1.1894201333904	1.03952971059088	1.03783382294648	1.0988087494382	1.10272222822536	0.676878554469993	1.06130716777474	0.882714126146081	0.907411920343991	0.806529177137368	0.683672680971618	0.888268466786057	0.840477955152141	0.598856628609426	0.965233599639311	0.634540754793363	0.863687255260844	0.523827444471728	0.685553144689543	0.263318275892235
0.685660798583604	0.391701746868314	0.497539766392669	0.322930480742254	0.275506863162866	0.422781144731498	0.388706723548933	0.243407220657424	0	0.163334156870889	0.403670652189063	0.564349588431837	0.781819842204395	0.788151052906708	0.405443713660856	0.739030738073074	0.558139081796244	0.561232959446624	0.489081543317399	0.213658972817427	0.53273313023723	0.33222937138032	0.445832304938888	0.763696529374975	0.573951043964215	0.906737432680277	0.552168677211185	0.601971437065267	0.780560703125045	0.550320866180793	0.675903650835722	0.769593981619574	0.70221724491932	0.740131468739997	0.585223139193416	0.680794092259047	0.88399256654176	0.848499728326403	0.842083031087211	0.893828621653265	0.871457372182703	0.675720418586752	0.669348282693176	0.927517615746472	0.908843265209013	0.604768058702808	0.848332390962021	0.537599271595088	0.353289013001596	0.877316029408861	0.502518663432375	0.415817507098497	1.07853389215798	0.522120776551281	0.503778501994942	0.292508191543981	0.541223453111911	0.352830929742623	0.474817701101379	0.290770888242294	0.309427282148056	0.357184262778424	0.309235383426119	0.158489507459465	0.150031281281771	0.125895848001779	0.322562815446901	0.552901854796768	0.599206783361788	0.736862856129331	0.388133721264573	0.585880882559499	0.846763694669788	0.387962561720752	0.642499309181355	0.327153601464737	0.22042285752327	0.291637398430469	0.288485959016281	0.528811969586783	0.746424345671425	0.655770766460416	0.914849657817553	0.595116183475121	0.539789644488129	0.766885089093299	0.500930557101402	0.656234736685321	0.633310394774279	0.783478982180793	0.96932544332551	0.724345859701535	0.616829425220613	0.808499629996995	0.835886186853955	0.797468365505158	0.854678343472884	0.761343675952116	0.764774976485716	0.731938014521301	0.642640920885525	0.797222878996848	0.849832043414583	0.680940235693886	0.922069790512176	0.601008175143039	0.415844878357019	1.03944300964761	0.404009773027983	0.886934954955257	0.507537086584267	0.570943069610385	0.260990181162731
0.931713032268349	0.571651793769867	0.759552884812086	0.407403522718116	0.418989757973262	0.488466686082045	0.321378900044908	0.265209140015238	0.163334156870889	0	0.594891207173531	0.67875981514868	0.888050901528685	0.812430720301645	0.404256581482214	0.708560421394913	0.800334622015259	0.553589705950296	0.450121914216918	0.317322380564541	0.629643291851352	0.368247056463023	0.545557641539128	0.903877254083396	0.702341677201541	0.892908417172952	0.642889074664122	0.836300625420691	1.06262666602407	0.538921994294251	0.696910602470619	0.733990739893	0.727091660464188	0.77876837748988	0.668084707249223	0.811070453077409	0.971046383804054	0.836196662425223	0.924021788255037	1.016511592839	0.949506791944302	0.779288743812586	0.961925450080875	0.971023927341058	0.866360999363719	0.641473039810396	0.940157619536707	0.460539648699223	0.413085782884928	0.90482952740325	0.608314702881902	0.483184039524391	1.11887843968343	0.4402219746608	0.495915588709839	0.230720307001567	0.682507809095057	0.507144182930334	0.536932403405751	0.314361322696494	0.456875124031002	0.414335766972759	0.278725060959948	0.233064937939986	0.187377166659526	0.182107167224909	0.488982607995394	0.553712181201413	0.682403972968014	0.654668559321264	0.434219781378978	0.527421258184257	0.786357318695999	0.533914787225295	0.682957711506288	0.424731296854429	0.342732908124569	0.395412105527044	0.417577038522917	0.807146950159385	0.96243505370049	0.837188327700488	1.18726154392493	0.771994742084095	0.716139879980983	0.878265872729122	0.69064113796313	0.955699354855595	0.70432439003646	0.917530899479694	0.904049209770198	0.837621036875871	0.697903072501534	1.04156018335255	1.02505683258311	0.910589074601069	1.09195303615199	0.906185682732561	0.823134698878422	1.03311710087042	0.731466045009177	0.882549690452727	0.834028115294785	0.672170860632944	1.11821918045816	0.6789902474329	0.569598800110417	1.08096762240876	0.685849699613452	0.71783552109865	0.508942911291076	0.737251900183318	0.278792945470106
0.615217635872716	0.118617849413895	0.574930854987305	0.475505982465412	0.352608195329523	0.643891755036181	0.683471354820236	0.572263032474284	0.403670652189063	0.594891207173531	0	0.287819538416557	0.305754698527708	0.269397769696628	0.406389249456574	0.628162369345111	0.337134421030517	0.550945181645406	0.691108323893343	0.35947965660334	0.921283365830632	0.584395601446114	0.227033353571031	0.685689785638157	0.405253694456226	0.89939774895583	0.810341435763914	0.551216299984556	0.708257334375685	0.609793360800979	0.533226755072296	0.775741126989568	0.466785496297183	0.602223025453224	0.655726730629033	0.648719783852902	0.918210930300086	0.966988059797552	0.687821788494293	0.834144086428878	0.964543590151209	0.885067497702111	0.631077672033242	1.1351979298625	1.32556057187183	0.911942487364475	1.19734862962234	0.759905041368671	0.29748378205351	0.869619934668089	0.407049382068491	0.351378302382806	1.08789414736666	0.988997707528173	0.967769897047623	0.33716245719576	0.523830726651498	0.135711858820561	0.717754481510513	0.530877900967933	0.444226732362121	0.665411138954005	0.555551418004599	0.509455125350828	0.448051454355597	0.432697784923579	0.124997472453593	0.290815559956019	0.305503317372185	0.516977924094235	0.509508193537489	0.66141592585822	0.654333648399248	0.262545046010513	0.399420304417296	0.548446611877815	0.308615581218162	0.388881347007406	0.457137733017561	0.425262455950944	0.662646085680055	0.584653992695424	0.46639304492888	0.394079611781056	0.626437744865905	0.858893062104782	0.469325594511089	0.506000169162926	0.593713016462487	0.438120619092227	1.31898048760886	0.291987915720853	0.772326275268836	0.796553656417214	0.872564216758449	0.824660351068897	0.911746513104651	0.661359119119443	1.09883899805139	0.724557679945169	0.884758532592906	1.10459246088264	1.21430247236105	1.13065913595653	1.14653396112634	0.450616465918049	0.567367832761153	0.958738990385288	0.333946399773306	1.28957747621894	1.00405658441411	0.851008427416097	0.274839057922543
0.65014353888842	0.351238397230845	0.692806808476765	0.586807430574693	0.500469971246984	0.678781671422089	0.750015862201282	0.658370601659847	0.564349588431837	0.67875981514868	0.287819538416557	0	0.296623519912408	0.464225194871116	0.291669260740425	0.745997162831743	0.435341284097646	0.608960123697086	0.675882278644268	0.459565576604818	0.924400738796779	0.608549989834187	0.434182955004497	0.699641943969194	0.559533166903748	0.952291448503323	0.833044903926408	0.637685693759568	0.670662096064062	0.687103071643434	0.411878110181361	0.59405202976366	0.405496350984085	0.542099953549859	0.802186467112463	0.80899126697601	0.802528686737014	1.08468426689687	0.654313601741716	0.783687631834939	0.949276764182883	0.858364288988901	0.755241695106331	0.950197066520372	1.14517831241258	0.918182138859295	1.28389293622319	0.852332645496216	0.204147044451888	0.896106156525646	0.499853463277941	0.39916685799086	0.827261754807949	0.974743359736169	0.850951618467353	0.440661835040716	0.661372141246116	0.380959920187311	0.784691446019789	0.621667816170177	0.546288436870457	0.678666097841067	0.618761785010671	0.573439757190173	0.55940074982456	0.560639103174196	0.288672213253501	0.211672519637208	0.290024665206521	0.478022772685147	0.373523608494038	0.553357534085036	0.615607361922341	0.408944410979529	0.62310948589258	0.603193983275684	0.475282614422561	0.55386885828342	0.538288602232013	0.453360534541641	0.665587964273638	0.662867661041031	0.686577476945881	0.564215432014309	0.790723576501898	0.715049182931997	0.60129350723425	0.521212008435736	0.614736504529513	0.353928794532993	1.02919983057389	0.354432995388219	0.906439947049929	0.864279909690635	0.816812912443715	0.775388814609256	0.918327817947068	0.734399541715952	0.994031782772388	0.824482992272787	0.964739373518576	1.08031595875332	1.16018011074379	1.13317278929547	1.18005941672404	0.684139843973851	0.675201328302703	1.14796607831871	0.503851232067227	1.17608817552134	0.974701658503169	0.851971891599608	0.477085186981669
0.902150699188813	0.435575656955213	0.813400768530314	0.711209742855809	0.583118237642526	0.762522838017909	0.819035808216098	0.81819747598514	0.781819842204395	0.888050901528685	0.305754698527708	0.296623519912408	0	0.373134895932851	0.35953565247401	0.539623451727016	0.433152331315222	0.535183582459806	0.726146746853978	0.715869903183177	1.10152182970587	0.715201092425198	0.399173026168136	0.709125575350219	0.487432182498476	0.804408366024213	0.910134253139327	0.803632065343538	0.800596351411038	0.824666617074335	0.413982669945387	0.733625161080553	0.337798980528921	0.512825323839595	0.93856385121891	0.990715023312879	0.946415971119006	1.21778757361699	0.767323948402579	0.884666872378502	1.02419831301892	1.00558357446801	0.902035436136073	1.1842574116425	1.41945080415706	1.21367407597025	1.40084867657075	1.07355772250645	0.483945183489882	0.885874620715981	0.573523327071013	0.521795150576837	1.03816197607673	1.23627507812057	1.1989429426899	0.561440188629405	0.798819542103455	0.502319151807676	0.885269981256498	0.811512551990763	0.618859527054752	0.840723367803685	0.72002839234054	0.821409593907138	0.786298925802381	0.835424176581727	0.486267329238761	0.332488364355835	0.167215630522087	0.49210783982981	0.614304532944633	0.606600813208206	0.368874714348545	0.440518314491678	0.471778456360409	0.702668437691906	0.602748051840534	0.551174535657217	0.657578894065991	0.73080386337792	0.807824654093746	0.709832175761659	0.650967249436007	0.501965137988177	0.746554736975217	0.967165127688828	0.753520460296449	0.706632631442314	0.877108632730179	0.315134949656724	1.30960747838717	0.226610187908327	1.02952291113844	1.11521696802489	1.04807168998067	1.03476733749367	1.13055728209429	0.891615503087963	1.19330674754065	1.03088572943101	1.26217326178132	1.40469368632492	1.41848344061077	1.4017020749442	1.31392210085029	0.798998131475831	0.877200292610664	1.08863793785859	0.642304465252993	1.4196721726998	1.29936551240001	1.14049646272271	0.624837509642268
0.888227595179616	0.45080818189552	1.03490501175081	0.831613283445969	0.776650534753498	0.907870151500087	0.741546860129745	0.798518865983955	0.788151052906708	0.812430720301645	0.269397769696628	0.464225194871116	0.373134895932851	0	0.498817213138699	0.475228196512689	0.543584344349372	0.540866637798449	0.678934543817004	0.683371597200271	1.21625103079229	0.800779088416345	0.302205023020555	0.832710786658674	0.52198285512026	0.765131556628973	1.10186868185914	0.912511464388223	1.01390484268432	0.806985909798438	0.624743129073394	0.814949209344134	0.385439806626203	0.603596315112616	0.874800072909995	0.841394144312541	1.04541127361594	0.916617145046865	0.722624791044388	0.950803837101275	0.965265617348411	1.27200965266198	1.00840719439752	1.52486725319119	1.51821233326611	1.32850493200995	1.45697050941558	0.930973732183382	0.560689018003062	0.846022852436034	0.535270870221141	0.470455296912393	1.20149575071439	1.36051664921951	1.26224819120485	0.550478481290471	0.867382703946667	0.47115141346471	1.06474025037783	0.798308190813971	0.862604348563766	0.87257353191295	0.680205233469146	0.816668705781968	0.747066246332362	0.787159280689983	0.384394351360577	0.320204940761755	0.434550041562183	0.428724324011327	0.701245988921024	0.636449947845178	0.445565478841304	0.353506333501341	0.412531062644166	0.758665751976521	0.613296024751647	0.687273355511911	0.672322813384445	0.699776964997783	0.859014679412681	0.75462931739382	0.562746925613549	0.46143141483115	0.925180160472531	1.09592157836819	0.805168353928502	0.864171290990461	0.699012951134155	0.425581459240431	1.43351813186276	0.255802564876739	0.978987038449283	1.07690886629626	1.0869784156794	0.879745459773492	1.17668939728417	0.841779702389093	1.42030632850553	1.12668404860718	1.24093032482701	1.35506056128422	1.48079411967463	1.44676241347683	1.44291137917571	0.577906363414203	0.937847393893455	0.927294776946696	0.641779039101275	1.44611929549791	1.44551634619789	1.20577254505452	0.438230935857947
0.981198715624986	0.498490194063239	0.748143378624967	0.487477332997045	0.405291128460018	0.364894379074438	0.425791005166117	0.347906452506394	0.405443713660856	0.404256581482214	0.406389249456574	0.291669260740425	0.35953565247401	0.498817213138699	0	0.353561588061962	0.516970998382187	0.377455688670326	0.31329301502036	0.386843794002777	0.785795355465809	0.24766757725565	0.387070670867553	0.742291511686662	0.441577655769901	0.758211078648847	0.667611670754113	0.860217233459325	0.967351747795317	0.77729566346907	0.54689892045294	0.396292748568606	0.447860671411583	0.623050455606221	0.760687537479082	1.07383509228234	1.04562398272009	0.96846077561941	0.94604478259942	0.954664139501264	1.08065386064801	0.817112306501244	0.957592198771291	1.17315395165506	1.1876459848312	0.985148070094704	1.27557123454127	0.909226453903208	0.292938142837716	0.912166302799794	0.481933009412959	0.497630588039966	1.16249526354135	0.877675865983092	0.813322421932663	0.399819339054128	0.806162311975408	0.51961649652333	0.702003504032344	0.499180737756904	0.399442298687396	0.306992589220944	0.369514200153059	0.350580266314401	0.344760826777257	0.435041168356952	0.394507121810501	0.284345824336984	0.198379663033345	0.570686721861433	0.141804388895781	0.212089014197068	0.382504446361245	0.234674388184063	0.520656405737218	0.300433716287418	0.334818369657622	0.217055746962632	0.257653313498153	0.61922671137597	0.65278663775096	0.629177421347958	0.914837696358083	0.494565496986414	0.608716046633922	0.954687298804438	0.731617626063231	0.738647671837556	0.83855408363662	0.520524984559424	1.11398042376134	0.415335523436747	0.882656016832144	1.1691227211203	1.00526452199649	0.997022233036687	1.13235714812624	0.910329769538387	0.917247763741654	1.0434806854221	1.15802761488213	1.21184223401939	1.13734853876148	1.05061720311125	1.26099760630234	0.785825352131673	0.780155134564532	1.16891816511894	0.658195075779003	1.11581040052999	0.930799779324256	0.924639966356086	0.372426634082493
1.39395761965871	0.849155354120624	1.14969191039166	0.572529338660272	0.637650668443547	0.362556664543525	0.426660387805755	0.483769166713099	0.739030738073074	0.708560421394913	0.628162369345111	0.745997162831743	0.539623451727016	0.475228196512689	0.353561588061962	0	0.77412067897135	0.358471862050904	0.317765126137012	0.763631903313282	1.02331622272616	0.366612862575325	0.524434003983389	0.808135737108944	0.517405831170929	0.475732839634703	0.837162722748598	1.2362812290167	1.29530381528322	1.08462394909868	0.899848518786346	0.499204235757137	0.544658384661277	0.728027380776873	1.14134829969935	1.30943688981175	1.32219671444819	0.688142795435856	1.04551859183777	1.14966481045194	1.05828971123727	1.15949848094219	1.37553742197508	1.46102656672782	1.29685836325781	1.26974543873081	1.17737097278928	1.18168586103048	0.813232475350806	0.791022634401705	0.597077987553335	0.673112005306613	1.56458903150491	1.04759757856888	1.1637773716231	0.621001135064134	1.25703379273699	0.818686260761446	0.968415487145735	0.572452532632236	0.63979579003329	0.464908971749689	0.546303275294405	0.68566547527365	0.641062158736167	0.772132695226296	0.725059577339906	0.623066558042814	0.436470920779378	0.867516920890498	0.537770061073648	0.299714271996294	0.333715610464314	0.475334603156189	0.572294663625163	0.491932897350988	0.617870198441477	0.386067943098991	0.424847508677036	1.05199006470216	0.749993232780301	0.796552904467176	0.964500581596926	0.532179930333589	0.682574339505282	1.3089827440734	1.06923318704322	1.09504155332348	1.16619067261099	0.822672406929458	1.30099281640824	0.548072932728684	1.14722795615035	1.46243335129035	1.28220489563273	1.1403138746278	1.41557566138178	1.18474793070915	1.15047200639808	1.40677435214752	1.40806236158491	1.35594649423006	1.19396065286338	1.2326772620991	1.29157231369339	0.960401876396939	1.00587357871442	0.948092690334852	0.879121682838897	1.29002233614908	1.13655839591992	1.10214779783344	0.541708299856223
0.529474356593473	0.308610428144998	0.720450600046893	0.88729912594441	0.692823145442994	0.796214980825404	0.882685892406025	0.885989905596507	0.558139081796244	0.800334622015259	0.337134421030517	0.435341284097646	0.433152331315222	0.543584344349372	0.516970998382187	0.77412067897135	0	0.903410276566198	0.978070091501596	0.480942279505682	1.06962757557973	0.771048235441922	0.47794799912736	0.915692897527723	0.628113812691886	1.24840734456828	0.929549127943832	0.34416295569308	0.57153939528887	0.605463693818335	0.519013148078876	0.722774705763763	0.52157516035825	0.788008057212804	0.665693781388732	0.700718440834017	0.929683484649192	1.29037395797291	0.700090265735275	0.856001252953272	1.01757327132536	1.1172349347321	0.491143624502566	1.05500930891316	1.26291780776466	0.958541986748914	1.32305263637398	0.801331156137481	0.493645590265699	0.934521819305481	0.409814823209	0.458674497533468	1.02356100272252	1.15201029592868	0.917235157403559	0.595220064510217	0.462003480327134	0.368951042294791	0.888948168621549	0.85030651895722	0.693619399049602	0.851151351742784	0.728530277125977	0.682210459446153	0.576021541733566	0.588044836339157	0.282781333036522	0.488451345972334	0.514123593249753	0.589783721148645	0.59888200389571	0.767020962026644	0.741973276335938	0.505723840657547	0.343893611617291	0.807433408288837	0.484625858618247	0.511049335653141	0.593801250067693	0.414832276969347	0.821156548146923	0.907270240793754	0.567931520800093	0.632557898729927	0.764035803737665	0.552621500351765	0.324458878267154	0.407331732868509	0.512284585116646	0.468191383767403	1.16380051903648	0.420538450863902	0.944029937846134	0.57460346218778	0.820398023213521	0.822212328805541	0.930145059306267	0.506482473159233	1.23319785847629	0.581559677742216	0.834477446436356	1.06502812355389	1.30298991861764	1.21034906335916	1.20875591361215	0.481981527437281	0.524732421297378	1.07872257026451	0.350278978335523	1.41378019036772	1.07517441773959	0.87261551612255	0.534773423998759
1.41874774813239	0.782339029357902	0.957431701630269	0.348842314930776	0.334704505169894	0.302468471476532	0.300694886105534	0.239409431626105	0.561232959446624	0.553589705950296	0.550945181645406	0.608960123697086	0.535183582459806	0.540866637798449	0.377455688670326	0.358471862050904	0.903410276566198	0	0.153470942665976	0.715508913494539	0.743704328331158	0.350044731838229	0.512292556682826	0.515088870966595	0.383911538090149	0.281830143383535	0.578500322006433	1.32586081813194	1.07154826196886	1.09381191521789	0.925211192946564	0.5253650595574	0.469766318546866	0.48733156962366	0.981813516478828	1.21989836698987	1.19235861378371	0.626338475241038	1.00620557415276	0.954433427669824	0.916985019022803	0.738044883128177	1.28344065438379	1.30792827222137	1.15117427718209	1.11570684160841	0.956757056696816	1.05980556072139	0.613041207075474	0.659578740940758	0.683499059943505	0.552963559511069	1.32862597610372	0.810478368896263	1.07742814843936	0.443664643241651	1.23959886020411	0.790550660906298	0.70829120421984	0.345966331410622	0.352283711361641	0.356983816845003	0.408932626671949	0.419610204133575	0.535072762645606	0.61326546303112	0.774238407394306	0.585735945298676	0.386347018113037	0.89719333949003	0.54164757565176	0.46042007480503	0.468019122546357	0.297483403491734	0.878511764440659	0.213999623248646	0.480333133967371	0.438466356061089	0.375743207642178	0.874432593924237	0.664861477847809	0.48281034241876	1.00857172225794	0.352072273657562	0.493463812517507	1.34482304636465	1.11757790144595	1.037293072155	1.18728203572169	0.89325834877411	1.34935492218477	0.553819682018586	1.01465756300884	1.51055321573001	1.20948378400729	1.05303046297225	1.19506939648905	1.25971452641461	0.839123166926815	1.31122774089159	1.2718481358896	1.18548717265595	0.953510879148014	1.05364144168143	0.959090459513553	1.00234262156119	0.90391631373149	0.759040232833749	0.732151721644257	1.07193320976744	0.935205824375263	1.10816728463957	0.389052834134857
1.39443014705774	0.894852641649709	1.00495093295441	0.38167460281911	0.405761405175771	0.239957654501261	0.281518819359119	0.18743187922808	0.489081543317399	0.450121914216918	0.691108323893343	0.675882278644268	0.726146746853978	0.678934543817004	0.31329301502036	0.317765126137012	0.978070091501596	0.153470942665976	0	0.606865573185548	0.702591634097505	0.185106970704199	0.574931849649721	0.593755069138468	0.421740875854534	0.364756285592248	0.556184330694069	1.29562679170917	1.21252610460973	1.04987154915006	0.97530352671956	0.434021015879084	0.58214254326948	0.575564304882899	0.955049622133944	1.19275748318719	1.19406329288643	0.581585383960869	1.04624093139637	0.933100005670396	0.91167883680234	0.782567573939281	1.26044046318672	1.25909559272694	1.07358198421859	1.05520806039475	0.933756961060599	0.959072343516045	0.607070888015375	0.756281338798845	0.723860651190759	0.600635630674123	1.32295881769059	0.76531208660085	0.882089720367998	0.490748896240387	1.25025004583794	0.85259328087122	0.813549516657135	0.416717647545794	0.433856598859133	0.21416858165729	0.415388961843798	0.358762864761046	0.424396898851658	0.543868789053528	0.773713328581708	0.649602591605458	0.555627291537519	0.837711855482338	0.395440363044177	0.282668268003079	0.451176798636815	0.34259688372161	0.924576678199855	0.133828159870636	0.447352576233145	0.398067875772806	0.258317212340036	0.87024261106791	0.627713054601777	0.50119903216639	1.09689637181213	0.431145250772451	0.505090815409451	1.26891043309694	1.0887446028141	1.0920960257088	1.10951743847217	0.946810595229879	1.20388027915962	0.655303684852364	0.827058960216912	1.43031339913429	1.09944579492656	0.993721361775004	1.163086369597	1.22655644709404	0.795453954943131	1.2779939117395	1.19452926843176	1.06453741945457	0.873658325282274	0.936309143206172	0.957058042806803	0.938602976908011	0.884605125873839	0.833078987915524	0.818715045866429	1.0085957327107	0.860557373778045	0.976113560917759	0.423269072113959
0.517072244406309	0.255672188058394	0.537793883925192	0.514594206485676	0.435976515254128	0.587064782752438	0.582312897391833	0.426879910295339	0.213658972817427	0.317322380564541	0.35947965660334	0.459565576604818	0.715869903183177	0.683371597200271	0.386843794002777	0.763631903313282	0.480942279505682	0.715508913494539	0.606865573185548	0	0.637144648523072	0.350069684399715	0.409567550236412	0.800567751212691	0.501522933504861	1.05990196795356	0.614315920870066	0.385405945940013	0.733805203606099	0.448024018336227	0.69853151681041	0.682762764630446	0.737811456091461	0.828279086575556	0.503491667482932	0.587483181375746	1.02115305819103	1.03666097060858	0.83676377270004	0.978285218052944	1.01079952291202	0.82725147761125	0.548071504002866	1.03890062804515	1.09335482618924	0.672652233720491	1.11543805400532	0.545815341291294	0.374491199704426	1.01309875836598	0.505818702478932	0.494501626336375	1.0818725065735	0.811461336578751	0.617120168327999	0.421677289241516	0.488351350510663	0.258967300420028	0.691881415871923	0.53264544139503	0.492564829383278	0.492393205428617	0.428709651611027	0.250538214749453	0.157785527579644	0.125346975960997	0.213877426601607	0.400141446442078	0.638350036143911	0.498188744604235	0.341815313585731	0.550972539577019	0.88840389787561	0.286461267917144	0.536361711037599	0.455101393924888	0.085250839623413	0.327478604848802	0.270108741248381	0.383010969263259	0.735085970047161	0.677677243574979	0.755314171945234	0.632520082076429	0.56664011412039	0.539814553359308	0.263463483992164	0.504955548753641	0.361032930385429	0.616566424582811	1.02058848364523	0.633050859605807	0.626671365022508	0.591017900957418	0.823205781097037	0.889636362546257	0.927212312641988	0.596967683656033	0.935160734316116	0.535097522301391	0.573038199843113	0.941333261845123	1.03710333218007	0.896391295985527	1.10793585188327	0.411960400135417	0.370314967449513	1.20091946842486	0.463939948849547	1.13485267461997	0.792988338321631	0.598519448481318	0.292806209112096
