0	0.169045943660239	0.55887502722144	0.798165646311337	0.555839859035527	0.5289823622064	0.481184226708975	0.458307866397859	0.294301309944307	0.339736012805941	0.409345321724383	0.586744566571028	0.591639715877234	0.790548485260881	0.40390768090679	0.484080685724462	0.728270473029676	0.41271751753665	0.615696947341057	0.833441651443592	0.372252252551193	0.631419395169083	0.58102951075861	0.663225307841473	0.768297556760098	0.794302618945876	0.892161543728662	0.222021053289364	0.825315393596992	0.135800388637265	0.546302436877579	0.54705784547356	0.690551116591333	0.967164918534182	0.81771888037566	0.443877038227715	0.469576672119178	0.511130733512892	0.753975236150324	0.80197709703031	1.01516669490298	0.463421510797654	0.411035570926402	0.564109882406255	0.695524813933148	0.47399470690518	0.600020007728615	0.678117650749798	0.454112583501866	0.89362540232943	0.654582999505188	0.751683799523383	0.778277986911952	0.330955666380519	0.818835854660793	0.587483577951476	0.168082635440172	0.186341948176566	0.760761784146504	0.817012301680764	0.764653062965157	0.450506367374392	0.479604321505301	0.472810559092027	0.577845522476031	0.511423051144655	0.418663234404212	0.46786634067638	0.468208145750174	0.57317637041078	0.471865083973603	0.5807963966175	0.687094276057949	0.362551746822892	0.841865976591828	0.395794387343392	0.384724108937295	0.412290620186205	0.584189601193963	0.454119377789439	0.393525286721663	0.714262631850149	0.852450427102526	0.583839512355578	0.685936175160591	1.32720307790766	0.47995097460483	0.778607773442474	0.274994246492589	0.578114087067998	0.658226876898221	0.794935319983707	0.904224244425569	0.949239128830408	0.466705585726942	0.633656048958523	0.493597092605849	0.769358842253904	0.438824278693376	0.516876647692851	0.371007635373495	0.57923766892353	0.772370382578309	0.376458460572114	0.677666769238046	0.506664406505109	0.558974489549665	1.0224169648903	0.696493155327518	0.471447942519286	0.503842137576111	1.27104561471413	0.724997469804531
0.169045943660239	0	0.292571149505531	0.446202435877658	0.260084425437785	0.329923568757294	0.32748086641238	0.257506253218279	0.192757895067845	0.214853424254578	0.16672068917063	0.342599134400957	0.295935367350535	0.426417024507568	0.245679795608791	0.263341707371617	0.546855051777628	0.258826326880605	0.348244340754369	0.52644254572337	0.218033257613851	0.386495181751732	0.411039076738967	0.382663887493184	0.439333139453704	0.826103117608405	0.601340950425929	0.216692300983991	0.624802343610102	0.157793630927311	0.341322226861404	0.415315203246313	0.396786958457139	0.622944618881417	0.691281167940015	0.26623392199363	0.284004037265954	0.316996976573311	0.514020664376847	0.488685941678529	0.685766039588843	0.229455982943927	0.283554170613072	0.352704450240897	0.401983325797864	0.253401822482664	0.37747253374713	0.378204408267154	0.250726081765247	0.575161333856049	0.370963004288863	0.479156510955873	0.607719283820269	0.187018791414775	0.598540961117392	0.315967781532111	0.295885795078843	0.0548426689121226	0.511828092502891	0.510908263523981	0.471300428394154	0.261089042428306	0.295730933314048	0.265180402297988	0.404630096263517	0.295211228861538	0.231371808471766	0.217045846655138	0.214555196748182	0.424015793903215	0.336051705011369	0.317516434249805	0.460151293045282	0.217296473778768	0.596768561039175	0.217934353056276	0.276669611249191	0.275904022640495	0.320806838634347	0.289490862027603	0.303245501799514	0.437273884061145	0.533694730496936	0.33158160969972	0.417216747954238	1.05081768743889	0.299910685633648	0.593945949856664	0.244856472736814	0.338191619938732	0.507174003994252	0.450841187618876	0.665387707530901	0.68772033028505	0.273985610663676	0.340207313891263	0.32337536279827	0.468611479733035	0.238764884841104	0.309836057640071	0.329453839568182	0.322728653683354	0.543152679054966	0.187489164279399	0.429573372437223	0.311585618136165	0.402012148590965	0.669811562305807	0.483348584771985	0.489874307268335	0.304436211198684	0.968111986443413	0.435742829154509
0.55887502722144	0.292571149505531	0	0.149137691679076	0.0762514284359621	0.204708146290376	0.254609657540741	0.172902324109646	0.238781102548569	0.211745788007147	0.236121249614948	0.435628782346298	0.354420586873915	0.354471676239362	0.283090153458551	0.374380232760863	0.500413144046109	0.291756907455197	0.269463872403811	0.400851661822149	0.26659441214171	0.241059289755896	0.423737819531016	0.247155840068179	0.302264616029787	0.765341646813647	0.362634362462843	0.462997051348101	0.421135048840273	0.464710457705495	0.407233444385185	0.393384637357472	0.332628362735254	0.475510877905246	0.696886468809002	0.469707163114489	0.394640515286188	0.340300300045449	0.48246006537963	0.466443847835331	0.561102144417013	0.20671644800082	0.32622405669111	0.281681056839358	0.263188026953883	0.164459269480025	0.279282747690446	0.270451672071734	0.279392945189076	0.339789666184159	0.27574840080886	0.340222510495438	0.590389770356315	0.17411747032892	0.403572795598323	0.20810937943073	0.654592366354043	0.269646855467715	0.164179993303701	0.206028053945053	0.169759787297627	0.197835183354501	0.288411696904964	0.169250757144277	0.344859386115082	0.168677509101134	0.289955805538551	0.300064179447697	0.275859166306473	0.643206542670957	0.314591632122264	0.369878722512651	0.523147830292567	0.293115840747818	0.352092818152755	0.250673265548195	0.283409622726102	0.201862190094275	0.202145426387965	0.348162024672161	0.468728146393345	0.353863532383472	0.456669549150498	0.312953584319352	0.285195508586099	0.80672304826502	0.360699977287961	0.431643179997343	0.568798360794822	0.511924045063879	0.549498802697248	0.350684923628639	0.445025870367999	0.721405617371182	0.399032142072836	0.34258159780552	0.372067293157325	0.376119175862886	0.243592742613345	0.291016908425538	0.438276357319701	0.359013120095349	0.378936042631179	0.191128603761487	0.250944120306612	0.341845005608003	0.453931536076285	0.456353962374825	0.363534519411078	0.606745329998929	0.205488638530942	0.619301746693324	0.254874338842696
0.798165646311337	0.446202435877658	0.149137691679076	0	0.120882156429608	0.242467119426958	0.337608187351618	0.214469166635796	0.378752337422043	0.349405089571117	0.285917062797038	0.412072116345101	0.317895849058051	0.29678218483878	0.32514558159105	0.401655685561908	0.551236222271742	0.373824376158099	0.321946501675043	0.328793141390829	0.374587224367215	0.330187015931119	0.438460749195472	0.247534203514834	0.280459847639456	0.772159711076771	0.313401344626498	0.593369922861005	0.365521836024844	0.625593890192469	0.415823280517276	0.436697971158471	0.326699175501044	0.415414446834346	0.790124135660766	0.546940161870714	0.469959879698675	0.340630836535346	0.433223903741411	0.430626707467217	0.509417614653536	0.257403846874932	0.424652631112224	0.3077469888813	0.213643966325306	0.219529695695736	0.357487253375293	0.285668014636189	0.342575257198213	0.283585547498748	0.24226377611062	0.365575530050743	0.609455892251365	0.255664278584895	0.314717482666468	0.20797506188904	0.844440574729605	0.376506008441425	0.139716062317597	0.0709181404522266	0.110058176124045	0.252403929024521	0.371090803210907	0.209711862996755	0.434496781808436	0.2405726803766	0.309422360250053	0.340418574042108	0.272615921430885	0.738862467379325	0.347724241792471	0.369712137220836	0.508046597705316	0.409879213804327	0.281216038491507	0.363090234073312	0.371184709103411	0.260455931781661	0.284486485140151	0.443756087125144	0.588777099383401	0.368590191452334	0.465646389798501	0.339255485471049	0.349828592658282	0.59090006302407	0.443703291886513	0.390711675481319	0.654897645123321	0.546572143816443	0.497064309425465	0.310160061837171	0.40052141988031	0.642825489251039	0.456819160430996	0.324339311574338	0.472942364939387	0.408015678657127	0.258517759554296	0.358844672422555	0.495299634716501	0.331033164935309	0.366764124942592	0.268747094626711	0.32243434158932	0.347157863618833	0.540873869471234	0.374094276301257	0.28704058362193	0.644781134565884	0.198645479306515	0.42673612150453	0.248193719515248
0.555839859035527	0.260084425437785	0.0762514284359621	0.120882156429608	0	0.182280891119301	0.2210013800093	0.145745223606263	0.239161059166199	0.214853947143322	0.151063356026511	0.323114498417232	0.267322772823669	0.249571399310157	0.236803906709109	0.314415085254795	0.451322702600851	0.230771218522275	0.225543029229013	0.33108962716611	0.257820680381675	0.217031863444164	0.364695838634021	0.190118165796752	0.274709418914121	0.739199781305383	0.346510966768996	0.449638678648198	0.414338300502048	0.427359022334109	0.325479579563288	0.349119593499322	0.272323686656522	0.440431368028214	0.713341824504411	0.384844638302119	0.338112575376255	0.265238125964912	0.409182853358065	0.393624741359032	0.510838838151888	0.153701852292812	0.30565464235191	0.232369549832453	0.245418447457766	0.134562880612877	0.309584914659991	0.219620641716594	0.213441345590799	0.279068240973181	0.191983600211065	0.288369784824122	0.537395708352083	0.148521184593927	0.373737381616305	0.129023154383967	0.667058969907723	0.245958259472173	0.191210366026693	0.176773701936829	0.10641990670062	0.174275630821337	0.246979904113543	0.136242077658875	0.342112781585755	0.1508681312037	0.210485132115068	0.246895667385271	0.222383629538847	0.633267254362264	0.279335836193456	0.291487132387417	0.486248108623873	0.260117441321699	0.305015213046807	0.224145085946423	0.304684597417076	0.191079098334104	0.180281602496044	0.32475752163724	0.415919493485867	0.29009957693329	0.396132470864707	0.278545529170755	0.26184611813351	0.777889486042437	0.322141411359543	0.420916490517198	0.519638918224909	0.4350636550607	0.491349124482822	0.28869494612935	0.450857025496382	0.630234716266377	0.344457790914453	0.281693066610589	0.344952510412256	0.350735960241589	0.183637112626328	0.262278260005538	0.419294775250964	0.294640060347493	0.367300676822979	0.157750850704568	0.278839353807732	0.281506066693907	0.40448508118729	0.359651784043121	0.30762411074556	0.561293837219752	0.177253986007828	0.627857534213848	0.177966703625855
0.5289823622064	0.329923568757294	0.204708146290376	0.242467119426958	0.182280891119301	0	0.146376824169443	0.0899811808946556	0.163361849859658	0.153321341616826	0.231151860651995	0.299141482510702	0.258799663174323	0.405473076002652	0.112254448192837	0.201869700167185	0.371958644352794	0.164604762190987	0.139766754901075	0.327717532670592	0.178418672433974	0.110219437640917	0.414241916861074	0.175459191373705	0.224127527782162	0.710748584043994	0.238165356942006	0.387654080807409	0.291160000447851	0.36214574768975	0.327781808393585	0.242820636843291	0.264007723494058	0.44389258429955	0.694515393221379	0.354518586687811	0.350474923833584	0.279687338729226	0.361319849578157	0.396037642791117	0.51356764802523	0.190330020522596	0.27437391662921	0.28592454732094	0.192957536529915	0.189354798144082	0.2542731339243	0.268305501042665	0.202760063120737	0.255808094867095	0.229927001303898	0.26947975801761	0.492280673311118	0.190099394338975	0.370025274222649	0.173632481303111	0.71372166050404	0.309919630297218	0.328777221460637	0.290378750563998	0.303510400544825	0.0533954522814558	0.207877725746991	0.126665152502462	0.375564453109813	0.112469263793874	0.301561922056842	0.253300585414554	0.244977630031202	0.606090337617642	0.16694219932753	0.197775159264544	0.421356154823457	0.179567599825136	0.270363464175483	0.146597299196799	0.195757920230188	0.0884927411974771	0.134694827112214	0.280848775767354	0.351369058100517	0.266057454295457	0.424988818918276	0.223596251123836	0.209535494049132	0.785019679191221	0.29254788090227	0.304775279315667	0.412995560116234	0.406635195344211	0.361080440635342	0.253719584943652	0.413671786131923	0.633407362382811	0.347847820228003	0.267740056072499	0.314044078308581	0.343890327326346	0.210390448346668	0.263818841646589	0.384107981487276	0.297185438439804	0.293590304679649	0.210006139514538	0.224240078508923	0.307378386496185	0.482037882709996	0.378945418440334	0.22768492926092	0.472928069094042	0.2449685317068	0.654305250175196	0.229052068419717
0.481184226708975	0.32748086641238	0.254609657540741	0.337608187351618	0.2210013800093	0.146376824169443	0	0.0889692165440307	0.151573122641647	0.113288406738181	0.269337255902818	0.467676575015709	0.44084345791544	0.486042320350308	0.230872615391578	0.287321141541698	0.302811033938759	0.179621481188612	0.195685386112627	0.447959778344933	0.225111897569858	0.171889231928469	0.496992423451693	0.26182556502199	0.312716006386106	0.601949731732536	0.337007608080952	0.320652936959594	0.42316993606979	0.32358308071831	0.436414343979218	0.367904256162162	0.337564082348766	0.568007574714547	0.721947046434559	0.383969149599787	0.386767344745274	0.319949127863062	0.443797833653549	0.458890083412418	0.579374341667835	0.28565377442057	0.319620980672406	0.288732351087604	0.325622233912493	0.221781743558752	0.296647166436117	0.299775692470486	0.225523737027098	0.307447017990186	0.273835635447034	0.250414575367865	0.606530868741973	0.196677692384984	0.402561810045645	0.182022923549494	0.708147345266396	0.341161720229691	0.45110943964351	0.402244928345167	0.376434489160134	0.165243100812745	0.0381669868614296	0.127667184399624	0.286958705662465	0.138847514582034	0.292474962275195	0.358157261547402	0.368839566671546	0.590228584443963	0.301300838827618	0.358423487322868	0.60789264158759	0.227738912787656	0.284521723937578	0.144511214174863	0.164319099760589	0.172155520633834	0.171853923824674	0.378808204238358	0.391732142384194	0.453836690979589	0.476792885536276	0.274555675020385	0.241474867491225	0.888270776517353	0.269398644252197	0.457820134772867	0.461120142602075	0.511513124552343	0.509817148464507	0.363555387497835	0.514450098800796	0.67922031064829	0.393179200760446	0.358314470505982	0.382980426696951	0.35885741218246	0.324328111045691	0.331605598967035	0.305665182336501	0.371236794484697	0.421118066942323	0.239029434190429	0.294619351048826	0.317778537744703	0.374483526998497	0.496828217843198	0.293522931025545	0.506168475428338	0.280684240057569	0.753787044174572	0.223060416767347
0.458307866397859	0.257506253218279	0.172902324109646	0.214469166635796	0.145745223606263	0.0899811808946556	0.0889692165440307	0	0.0868553077695202	0.079559064191533	0.208396514948554	0.4085164295096	0.35781755096779	0.381382096591026	0.181261497046358	0.235823775017547	0.363771731384988	0.121983682591256	0.12783784243978	0.303483927290175	0.140496535062238	0.155573379657315	0.38051761036468	0.184493522227347	0.224341158683691	0.640290521212961	0.266745391665198	0.329451982644818	0.370053724421334	0.322519830716776	0.389546069675164	0.336732547932166	0.295392599123389	0.497125505348514	0.701844429562476	0.338756873719265	0.310595635405059	0.240782660522312	0.382261229362471	0.408280467282657	0.544830636875978	0.174215910590885	0.226630523971655	0.235722780382832	0.210832614726361	0.125019572338625	0.201116869714864	0.199716273447812	0.160385131581875	0.254523692810171	0.188421097083894	0.2478943453044	0.584536219174861	0.118127163697177	0.328163806138596	0.125906433973043	0.620396965482334	0.242986068570774	0.325615978702103	0.275199080369713	0.257399713627476	0.104775508632709	0.11707053561609	0.0287690078954428	0.249326709847482	0.0519228210364007	0.232193885103423	0.277926842639277	0.303316351048904	0.594592906861289	0.238768381261193	0.269806935836399	0.472843435842785	0.147630038747073	0.268132253950225	0.0783564780741645	0.120878187135842	0.0909207027824266	0.125699653212029	0.2819060071602	0.326579182614449	0.311611117578944	0.42834131509886	0.194212103422702	0.203958124839814	0.796860840968882	0.267952846512082	0.39492056349682	0.421475005751524	0.468281032278062	0.422864358753519	0.293792360819863	0.425219862316636	0.640864163678318	0.337537591287167	0.290543819770664	0.326097970474283	0.326099661794477	0.195456430906837	0.22757612933109	0.301354201414988	0.295228746089137	0.316926685365888	0.155067793600552	0.204071184783459	0.242493936431694	0.401983812054021	0.417828222257047	0.246124805576348	0.484892810590281	0.161706309159425	0.657862853112038	0.182838210283337
0.294301309944307	0.192757895067845	0.238781102548569	0.378752337422043	0.239161059166199	0.163361849859658	0.151573122641647	0.0868553077695202	0	0.0744485073530967	0.225048267439089	0.45365246674554	0.401560000844944	0.460148189194299	0.193807786215927	0.260782195879786	0.463092994388563	0.126164217338541	0.231724472582065	0.432336130828257	0.115342866868948	0.237289316026141	0.378830635498662	0.289482488965216	0.340658431402185	0.68425083392419	0.41577181183073	0.233568038675485	0.461829164417619	0.190885462533771	0.407081698059882	0.370852877968812	0.374084744161578	0.595122455795944	0.629000220258209	0.328076710679332	0.317399153011326	0.296906269577027	0.488181288180059	0.477687932333137	0.634779919795657	0.201300437403855	0.24076761288834	0.309301596534801	0.34141103678309	0.179873934152161	0.241958953052784	0.299310344520169	0.179503344008667	0.432320441234281	0.320301708562114	0.320494957785423	0.591254771779138	0.12297850354864	0.496576711556455	0.234834853062571	0.47374154481148	0.203146589593455	0.425063830158066	0.434774773907281	0.408698966616622	0.124806093622739	0.173791491914019	0.101854917373389	0.280709650939483	0.12621106191065	0.263363769431972	0.269829891985328	0.320415472902896	0.573382004984621	0.260387152471456	0.313216464354238	0.521464306757849	0.114637562461594	0.421376757136567	0.0966603551048675	0.136423067640916	0.100696626819928	0.184541895779446	0.220360105693119	0.254910868525946	0.386130454564818	0.468449553369162	0.225678465980544	0.281179008966403	1.04454245343712	0.249207945770651	0.463233089179954	0.31996398235337	0.463214563185085	0.486315230129101	0.410255952884836	0.520301465065091	0.738776447597125	0.322360324873367	0.354360566167545	0.286271881830315	0.368864585464458	0.212218093814465	0.242329788226435	0.257798684955401	0.342118872189421	0.447354270086158	0.17399182120647	0.291065898792175	0.273466837269027	0.379977943670245	0.598925067813405	0.362012677965609	0.46803724619249	0.228242391127468	0.837088423454284	0.312212444911947
0.339736012805941	0.214853424254578	0.211745788007147	0.349405089571117	0.214853947143322	0.153321341616826	0.113288406738181	0.079559064191533	0.0744485073530967	0	0.236187425433878	0.455186678507357	0.407416862688373	0.486038256615461	0.177598973698081	0.212408482023982	0.357234451209574	0.155400824239128	0.188383736543161	0.415467557708418	0.142809472835561	0.201162962087649	0.425451830491748	0.268790377912323	0.270155983485999	0.651310722129455	0.36853601639708	0.195826963784465	0.496213948581716	0.209576661348059	0.395240015215132	0.417681385157472	0.318708413841569	0.567029087391046	0.623007649623962	0.329047987509032	0.330979450793814	0.285517975376703	0.469984341044909	0.471447020980003	0.569591607303671	0.242815452710667	0.243211036675277	0.29733400575987	0.294834086288626	0.170654262293948	0.230019524022098	0.251733843715911	0.198261206320774	0.363974322680285	0.27732319007794	0.258363211802305	0.647245010244195	0.140465268381625	0.453722131918789	0.178885444990909	0.564409783200306	0.225287310265043	0.422615266920113	0.416708772668675	0.390934482533075	0.122143939112367	0.132233245898262	0.109044747050392	0.255659163159802	0.0665223094659044	0.280930924008774	0.29388836024957	0.314426595178416	0.516814443026475	0.252125205096032	0.271008223205295	0.49136648194038	0.15408244062713	0.323702709234777	0.0962531127773439	0.0972238973663078	0.106939362487022	0.150691729542211	0.272876824632822	0.274190643353415	0.413115667126743	0.452572030928592	0.197265590264287	0.212745271907504	0.942311928373953	0.210704675609201	0.516069711793347	0.301911618612245	0.448456135839518	0.477688434008832	0.357189479085863	0.503054284608769	0.75378286602487	0.336006062182872	0.315929348539592	0.315897227929452	0.320116004426607	0.271894541601599	0.256002111450654	0.239295858908547	0.319833245648338	0.429590278532936	0.176806324647478	0.26048808489414	0.263924300624378	0.344069580831999	0.59155048449398	0.370885546623523	0.526664461199445	0.247518167791641	0.82108487652818	0.235007313996376
0.409345321724383	0.16672068917063	0.236121249614948	0.285917062797038	0.151063356026511	0.231151860651995	0.269337255902818	0.208396514948554	0.225048267439089	0.236187425433878	0	0.251722290898235	0.255385005404824	0.220700416499682	0.195806996771875	0.285572424415426	0.48789416573337	0.224286580088308	0.277874053393655	0.364806402001921	0.273265426868973	0.302314723282095	0.363071159139616	0.233162090462379	0.353896359935329	0.80539213450498	0.476946535591853	0.354328323195573	0.470925967267308	0.291657357570035	0.306458806266077	0.368867723662292	0.274900046617685	0.490555119697853	0.782650924595221	0.273309492045378	0.272493777066124	0.289465905250566	0.413951248019325	0.397679957357033	0.563282881785235	0.184640781605931	0.31108953596636	0.238140966457134	0.286945693638264	0.170804414470207	0.401263332943352	0.273538670259615	0.171056281423955	0.347887781170178	0.224221415491591	0.322523283880695	0.465092619785931	0.149822275844902	0.473092195567008	0.130226136918262	0.54445785429268	0.179540627943634	0.367082291730208	0.343484422485038	0.304399395549803	0.210913761393764	0.280379269099183	0.20421328488966	0.315530164220667	0.23339052478026	0.0805398307253925	0.175479293050237	0.20257252803138	0.601134707105685	0.241162265777181	0.27939003577853	0.42702274207411	0.209795640730355	0.375390826196606	0.222583758115381	0.29708464571415	0.240738400852095	0.273658126152694	0.283952507363786	0.367124034939535	0.342145792478948	0.464379298605333	0.299002591649758	0.380944095517824	0.910377711066695	0.259432466106334	0.437520494532601	0.400242217312455	0.35559334111772	0.441624477223292	0.309538098488468	0.548285490483182	0.602635972284029	0.254126377213304	0.252116022932526	0.341214163988541	0.371407145375338	0.181960108031287	0.302026913310529	0.376060477288413	0.250804076145992	0.371353246022066	0.155565823362602	0.36740774545494	0.24553375190723	0.344356385374687	0.406429610869518	0.311388692447624	0.460478700355972	0.216818828856208	0.766051016187173	0.231981843928163
0.586744566571028	0.342599134400957	0.435628782346298	0.412072116345101	0.323114498417232	0.299141482510702	0.467676575015709	0.4085164295096	0.45365246674554	0.455186678507357	0.251722290898235	0	0.0970755967162475	0.339583233813615	0.191148999577669	0.322915142857158	0.491072849665315	0.334669682301717	0.346601301196081	0.403036825856468	0.383690539289654	0.348895713427378	0.445672003828238	0.315987505061832	0.384475896745643	0.877281802764811	0.459258972985879	0.607529639419017	0.470746048930133	0.442947193844034	0.179509595984272	0.299556074125044	0.271543317314701	0.362302188641167	0.826552140514604	0.298919195070664	0.322001401195338	0.454967877255044	0.396979156184731	0.385852370008036	0.568722436805312	0.258755002037043	0.442218210495454	0.380001521090806	0.351022454352131	0.372925445121351	0.516563967895325	0.398412993685233	0.315147052735962	0.458203938919962	0.373084915690616	0.444692724278834	0.321846167819663	0.408051535364653	0.546709521039594	0.296230913779087	0.718598582572792	0.356393469493808	0.498549410160376	0.427815597059755	0.413560984302701	0.329569585499097	0.49145313252884	0.422026502174419	0.57984351674924	0.427652900563461	0.329639067789733	0.19261409920893	0.157346203080034	0.445345340902842	0.246115581250082	0.243655162344794	0.291686578073556	0.358806909497623	0.519811800976031	0.420639182968923	0.521798717035136	0.37209937175977	0.412092517525279	0.338418750805506	0.503835299175807	0.313947794850055	0.479061596128363	0.380215673069693	0.415897907745286	0.774840693778571	0.499822288351915	0.460479955774514	0.392375278117065	0.163975888725986	0.378851881457596	0.262208131002993	0.565431115630687	0.472790996992968	0.27234493000585	0.28561471212815	0.390251051587841	0.434085762748589	0.280168587043498	0.432781595809218	0.666749767783031	0.285529441028979	0.44016224083114	0.331560313127481	0.457659613341548	0.418388849364117	0.585372587035217	0.422543635895838	0.39556680487762	0.542999131416673	0.427441259313387	0.704382759107694	0.367656254940054
0.591639715877234	0.295935367350535	0.354420586873915	0.317895849058051	0.267322772823669	0.258799663174323	0.44084345791544	0.35781755096779	0.401560000844944	0.407416862688373	0.255385005404824	0.0970755967162475	0	0.296134264507857	0.190892907880746	0.26775493841422	0.545413163728323	0.338294685461481	0.324343075956686	0.370925911746203	0.338125117796801	0.325662496523372	0.444827292656537	0.313003138510048	0.321615126221535	0.9325423000401	0.437166541031466	0.523174727856165	0.402501351070305	0.426015908373282	0.136353457941891	0.26651747488558	0.228823394591799	0.313336763609356	0.712395271233652	0.327411003074112	0.338941739063143	0.379249116667485	0.415626552877206	0.395019509275593	0.545267023273455	0.208928520633361	0.42433642456858	0.389294511037222	0.268611682236249	0.330728888040147	0.456416202794001	0.367953954722607	0.343821922972026	0.475561229439265	0.353306703354935	0.439325159813258	0.38802019937377	0.34934882136309	0.548691167719192	0.296289396145244	0.706006206596491	0.288892128225146	0.392496588539205	0.358234990798822	0.368004735736084	0.266844841715933	0.453785012082851	0.348668922632096	0.566300926721572	0.362323687633775	0.365029357034595	0.172495992949277	0.0798524481824732	0.463191297205186	0.270872706857378	0.190458879454648	0.298081714648341	0.351817947203824	0.473540342225037	0.387414436697394	0.449960087297409	0.324383066941496	0.350563224203107	0.317298906276267	0.456176315189215	0.292120994571947	0.443000414102827	0.329601066285752	0.371028863858612	0.770184923082983	0.401654677844733	0.40156474059665	0.349233723730937	0.171206126483383	0.360901291818453	0.222194797569657	0.466613302505122	0.561717497087992	0.302956850991379	0.24888535811815	0.355616864385925	0.407397109551001	0.222594968446509	0.371214621838974	0.599416737045314	0.301508102262134	0.422070211220688	0.297232955351304	0.408505245132304	0.414857025957055	0.531203082567262	0.445851285692435	0.387667363270971	0.574477266857449	0.381281369411635	0.69147711765836	0.365591270739075
0.790548485260881	0.426417024507568	0.354471676239362	0.29678218483878	0.249571399310157	0.405473076002652	0.486042320350308	0.381382096591026	0.460148189194299	0.486038256615461	0.220700416499682	0.339583233813615	0.296134264507857	0	0.465227830545184	0.442672978638607	0.584157914408518	0.425342565872969	0.369612809391539	0.382000673201746	0.506257209133654	0.413121819500238	0.408769211125818	0.289932045636315	0.366737135986413	0.88827308089588	0.462142112342972	0.683505845224227	0.473396610828483	0.638686716234127	0.415658346603266	0.55320949863866	0.316801788360694	0.363308716238874	0.688633018197662	0.450537825278189	0.473482813859449	0.346687184907964	0.437280755718871	0.386544507319245	0.469542368513357	0.311520522215908	0.505922621388998	0.47169875733002	0.291988405700461	0.362058732418295	0.488463513703936	0.335102009822121	0.381645142967264	0.367919055105572	0.266675198998453	0.412974243666765	0.484615345913756	0.400834109287417	0.514357611309995	0.285493778909934	0.770190477661189	0.412627399355666	0.329044397438934	0.367568291773883	0.342442474642833	0.390896507947923	0.468542610750799	0.348882804025312	0.506389647576405	0.372863087660397	0.344374340056923	0.323281758642994	0.368992218634731	0.800993849572141	0.488520393428108	0.392001040575167	0.417631047118398	0.405175211602869	0.400690734350935	0.42903869754147	0.583090924720247	0.452944501139002	0.362081365783312	0.464364819065318	0.483194915857546	0.321158458018204	0.388028662011905	0.367626005997715	0.423987529561201	0.706164272917668	0.468176674547061	0.446503203327156	0.687070412625812	0.444790573836684	0.523762600693832	0.25336795748943	0.471680925281109	0.530843017466445	0.423461811445222	0.309648288897201	0.458815970517395	0.371780699092966	0.352997763034825	0.409178334721909	0.691469556125348	0.475372135775378	0.382896284249041	0.396622779884382	0.418135712570477	0.389437329449994	0.536732665626902	0.292762495302896	0.41874594524774	0.785221560559372	0.381157409247459	0.632445897920164	0.328252547059953
0.40390768090679	0.245679795608791	0.283090153458551	0.32514558159105	0.236803906709109	0.112254448192837	0.230872615391578	0.181261497046358	0.193807786215927	0.177598973698081	0.195806996771875	0.191148999577669	0.190892907880746	0.465227830545184	0	0.196825005896196	0.40766290366813	0.147275885522325	0.219619648819566	0.383541964328392	0.169576355415821	0.197893868638839	0.409789296361628	0.236817179040456	0.283091504425055	0.698452441231125	0.379501915442132	0.32475281285544	0.352807032411012	0.255928250471069	0.243532622382109	0.216289192988017	0.263237241721685	0.458811650651856	0.742689447914729	0.319222844929168	0.294372679792989	0.336893030254621	0.409742200223258	0.454656724871228	0.605005631301268	0.181948988271957	0.280155068876256	0.269945575327527	0.269886085790575	0.218802527946479	0.358015397305818	0.324749601885537	0.177036510279746	0.375703234797504	0.320927753505218	0.31973997194411	0.439195342081376	0.200803411294644	0.446290086410492	0.203743845070506	0.621232846211795	0.234256290708661	0.435514718747535	0.343212215125211	0.351512789870931	0.119063321482925	0.288042783727987	0.202965339718068	0.360716339580818	0.20358756450937	0.22679100269396	0.151860388736538	0.147051322212591	0.421297117940979	0.0684718774494134	0.165303217425486	0.328087464150563	0.146536715089348	0.36781696101188	0.178775944379985	0.197312576134586	0.12276707884419	0.232396010878022	0.208066809067319	0.362801471987137	0.335190245439167	0.483048245260901	0.258714967838687	0.294116670155897	0.890044685237823	0.261479234640668	0.369610438159232	0.283669554341425	0.285741030189428	0.355751640030871	0.303659911647599	0.482617437613663	0.683844554185609	0.280206510800581	0.288427224122704	0.323650520659227	0.400796254972677	0.188373457396048	0.27796246664588	0.357876373345066	0.242763849072194	0.391137065892858	0.18991501613549	0.336489965739948	0.335048510463892	0.442399115918467	0.516669911848962	0.276580003874276	0.393844752195274	0.274317893322359	0.741451813770076	0.280139923189888
0.484080685724462	0.263341707371617	0.374380232760863	0.401655685561908	0.314415085254795	0.201869700167185	0.287321141541698	0.235823775017547	0.260782195879786	0.212408482023982	0.285572424415426	0.322915142857158	0.26775493841422	0.442672978638607	0.196825005896196	0	0.318815807351464	0.279441052131856	0.156169901077866	0.333979169582112	0.262007312874475	0.221524639459501	0.451982852578764	0.301695345363333	0.211612905839245	0.795742200674204	0.359768236623439	0.323380260673932	0.554850073941282	0.328000174456354	0.345659319820091	0.435921885474173	0.225955721686333	0.435405866551125	0.5963286977889	0.360649120648124	0.42401543877407	0.344345403738427	0.466946170433693	0.442756380647778	0.45750635203673	0.316807247468317	0.274635865018237	0.468569655188768	0.284586064301695	0.338412224164695	0.310305814137533	0.357356987336914	0.323018468508701	0.415162773952448	0.27976636643677	0.327058348461639	0.577305844481694	0.318298336615832	0.505919438640669	0.299033628391485	0.680353375733296	0.303270333033242	0.556595988216663	0.517475155577688	0.519866681569024	0.19766365038298	0.269822062101058	0.28327116034202	0.413055030892178	0.22688560888753	0.401708597164984	0.246479143814332	0.254086486388545	0.453723227145916	0.304195362834718	0.1092800683552	0.302690462784173	0.258235431861831	0.389518095845393	0.203357048732962	0.233298454189923	0.254554904578462	0.182190922642604	0.344215518066227	0.264785225647931	0.339797259193433	0.420154600724624	0.222126646977659	0.233629607248111	0.851882263994901	0.245105235710671	0.594907006327328	0.28910546013691	0.347873389134674	0.365248455270916	0.259277911028003	0.50195517575651	0.716498890678684	0.385640711202812	0.30087907339459	0.391722125687753	0.343751438810564	0.338833340657266	0.247080913908546	0.396611847349024	0.392699146819626	0.492300714102679	0.34407085249587	0.392520334822236	0.347067273518388	0.382593292332442	0.566118501681094	0.473643417442141	0.630859804516214	0.395532362827031	0.803735969564273	0.350940988229066
0.728270473029676	0.546855051777628	0.500413144046109	0.551236222271742	0.451322702600851	0.371958644352794	0.302811033938759	0.363771731384988	0.463092994388563	0.357234451209574	0.48789416573337	0.491072849665315	0.545413163728323	0.584157914408518	0.40766290366813	0.318815807351464	0	0.363092301926273	0.248602949935131	0.43795025039834	0.479253095019769	0.28793003261206	0.560332299356401	0.362137710136234	0.338284076170583	0.672369981200808	0.42671990443513	0.607232459669641	0.610677259163075	0.62082336701824	0.514107991141105	0.603122857923778	0.310628492847302	0.463607282857338	0.807142336851217	0.490297868446266	0.530086208829485	0.513523260314175	0.417755826367052	0.499392473893229	0.523406822820288	0.578630896044437	0.485495024162903	0.537289080058167	0.462499487906021	0.528996322447259	0.491823258551471	0.453984186363422	0.442301818505909	0.336430060203329	0.377309359962258	0.307339366544147	0.648631346163669	0.54906264682166	0.470102892758042	0.382441117471684	0.939228332649516	0.586045184221694	0.688733842683423	0.630114683108829	0.564981952631061	0.405948228897868	0.338022207246978	0.432920862404588	0.448721695790927	0.364915149754843	0.538572221977438	0.497741882980235	0.550946698552592	0.645681614148418	0.444971057319474	0.442329419002508	0.475884783428055	0.434615527874858	0.32020188042906	0.373232303846755	0.438601973139168	0.433701228026277	0.328869553386614	0.589848797319418	0.586296999277615	0.526623946555204	0.521443273962195	0.402065474351174	0.341295814938138	0.671563240989263	0.489685879816629	0.662322982273028	0.593719801032061	0.521626036995419	0.529169075401074	0.335340257336291	0.61777231834976	0.567650230081113	0.51941242179289	0.432595980559018	0.611591357035674	0.418818452966161	0.593884387024365	0.545261753892298	0.611846492414456	0.520167830803941	0.503294124101373	0.547499293369449	0.476239748904182	0.554353009408759	0.593747686395798	0.519017175313449	0.492167782186054	0.758473319301167	0.572696087080936	0.648736010821378	0.36267896893671
0.41271751753665	0.258826326880605	0.291756907455197	0.373824376158099	0.230771218522275	0.164604762190987	0.179621481188612	0.121983682591256	0.126164217338541	0.155400824239128	0.224286580088308	0.334669682301717	0.338294685461481	0.425342565872969	0.147275885522325	0.279441052131856	0.363092301926273	0	0.157151997615406	0.353509288660335	0.139382922723595	0.173130001538373	0.280191458023129	0.202482615001779	0.257484467233099	0.606943053589468	0.349379616084319	0.336080071673892	0.396331981063691	0.284217143569094	0.306948934804052	0.323995664966687	0.293599746842047	0.471816253619418	0.689926207652729	0.322549642490872	0.240431778544514	0.295362422867573	0.358903662840279	0.398440150783598	0.57250306602807	0.163917204804907	0.247952122031669	0.296733192760441	0.321392017118185	0.207721582130508	0.303920472561672	0.285908106358498	0.111374292376593	0.337764581953306	0.259747569670645	0.240908105399894	0.426922028313942	0.212888686054719	0.422595502099958	0.190221689662345	0.584350851978079	0.286358297669634	0.44096623089035	0.415244271871471	0.356131679776313	0.149895951258135	0.221232285929879	0.142149723550665	0.263900130051261	0.170233453349137	0.266005457557115	0.219655375968277	0.29886698613896	0.566903860417319	0.219486279294214	0.297144658905754	0.411895394590173	0.0567897054573937	0.377130417596339	0.089900933561273	0.204777809837255	0.115514498371701	0.171636969455807	0.151332178921094	0.287522809468177	0.279549941722348	0.396281211946004	0.196014523947079	0.243552334811922	0.909850266897846	0.298478157098836	0.399367590484025	0.366537400923194	0.355747248953843	0.418561495791162	0.31294083180075	0.512872108408521	0.607971315499481	0.243658463347011	0.329751678995771	0.301825169385493	0.359548849337317	0.17532437773789	0.233746978328574	0.373052728727849	0.29266678044854	0.375112029601363	0.216096204959268	0.28316914215767	0.286791260922042	0.434556895508491	0.466702707898449	0.261509980485572	0.433729195772102	0.301574279900508	0.757751697842565	0.257978341317747
0.615696947341057	0.348244340754369	0.269463872403811	0.321946501675043	0.225543029229013	0.139766754901075	0.195685386112627	0.12783784243978	0.231724472582065	0.188383736543161	0.277874053393655	0.346601301196081	0.324343075956686	0.369612809391539	0.219619648819566	0.156169901077866	0.248602949935131	0.157151997615406	0	0.211162412534858	0.213867126930416	0.0799069511156869	0.411861625708276	0.165147970966773	0.105643030189252	0.634932291520911	0.173384377684944	0.469030238321185	0.40681441061904	0.447125228512541	0.343075030844971	0.367632171462376	0.184667712361333	0.321584119116671	0.640735812602657	0.350827926343466	0.342144097838683	0.345863493129635	0.358322570021259	0.35130513406877	0.389969848504586	0.239764749498211	0.25523920480583	0.363289034203064	0.226818925336918	0.260350171760333	0.228129607779589	0.246917428554455	0.242309132187516	0.254074424159896	0.208810666639242	0.199931713300294	0.49367586226192	0.295547868957456	0.360883745912574	0.213745697462147	0.797324937703319	0.386227264734728	0.461449332527476	0.425388257840351	0.378951404198671	0.165206363293931	0.203118481879911	0.175905142145107	0.32243513736413	0.153190613409248	0.366067745381041	0.288960828350909	0.349074799847195	0.56080597820386	0.29398826060311	0.181518114028256	0.320235132314563	0.186946728990723	0.299952145608627	0.0999611985467759	0.219927129206213	0.19023434952745	0.0880919935962716	0.302453037817237	0.321073220291967	0.209890215315362	0.309635598627086	0.169355399386102	0.128266193395807	0.678223564426809	0.310795143010107	0.442759995599193	0.462603810363699	0.386773633889788	0.386452640737042	0.178579925516133	0.400661539062028	0.552885569155741	0.356142160253114	0.278041284910764	0.338438982899341	0.247278433100227	0.293365869493714	0.232514041425495	0.500329542269578	0.367270880444207	0.324032359265916	0.318354673369333	0.220654786293681	0.358105192126478	0.434370617655977	0.367512615963843	0.330547747006246	0.602851387178063	0.34838741977	0.65745660599892	0.236713162801769
