0	0.323078952855127	0.460026934087612	0.719278472107861	0.666444320888202	0.58273993710294	0.697126292237988	0.579254646546668	0.542342265696897	0.530983212851763	0.485137504992616	0.494279300937769	0.54500059348726	0.959013766251743	0.462080545237365	0.42998062386438	0.642174781207477	0.644533655489468	0.548429916154072	0.652781169896184	0.645525839777015	0.508178373151376	0.710754586013126	0.959617001567107	0.58494191791307	0.733724559026759	0.504461581440656	0.342118901059695	0.779457875095442	0.27956480375339	0.477746914590621	0.712966238372706	0.611435481084439	0.840980538714638	0.704261935743936	0.740591374113306	0.6248231617207	0.551577629317866	0.753626313512879	0.82425314990655	1.07134978765931	0.49381942916946	0.698217569908553	0.609787425810587	0.745143262423597	0.677635855119319	0.893911629784474	0.502581078663231	0.620699146619479	1.05487866739043	0.553153507214831	0.754544179514202	0.743665700944673	0.59175579586705	0.719728296722131	0.619735865574258	0.242992090243307	0.331469403255988	0.417220375601937	0.554142479635436	0.545338081202986	0.508353184889572	0.681500306771557	0.507745580323303	0.558456366546555	0.55798009796397	0.468381059582683	0.436491447172534	0.520998766557906	0.599782218260572	0.462119071039028	0.570336359692992	0.553923568077097	0.545669191220493	0.627740206429726	0.615646041143647	0.421611812159439	0.523711505563885	0.51716546242746	0.559472291892792	0.799872271695162	0.900590743813986	0.776451816895687	0.601791172650666	0.545096969032768	0.742636593379534	0.395894104799953	0.782012501760384	0.420799160563636	0.53821138961901	0.555778538419296	0.62956091326314	0.733669011682357	0.470777250379941	0.604715101578772	0.744687101533994	0.70504873170676	0.67580712093995	0.496035922891784	0.681659560872013	0.593143582819029	0.528657483509708	1.11766238367808	0.647940680781152	0.850365971037885	0.590062938993986	0.471825074927232	1.24987506395996	0.582251996649967	0.453840252618063	0.582189201165926	0.824206372632568	0.508279105995613
0.323078952855127	0	0.299495726683508	0.325993671638583	0.248845210846283	0.352068398763366	0.490264011222733	0.319223460874653	0.324088620300764	0.322540982777346	0.125975406628569	0.235810233576315	0.321353743167508	0.44453745600469	0.379570127288093	0.33976325368561	0.507866008011434	0.559477175743297	0.417982680688506	0.443052307203199	0.625232094775758	0.391964744503001	0.73444743246029	0.960383264795885	0.63580772607592	1.00345762938058	0.606869711729186	0.278376029332461	0.590639912819871	0.225440509551593	0.595047791549032	0.468902799296823	0.52545737834933	0.814625087565467	0.908341587878954	0.453362022503783	0.769229083728824	0.692641053976355	0.735647379344619	0.966420440337001	1.11032652196955	0.490054235775515	0.540483358026138	0.7002646615032	0.814949575662221	0.494575761573506	1.02042363000368	0.446256831154017	0.462950499565152	1.04923062444041	0.528416804154387	0.78284285081803	0.865918752927788	0.344546903748674	0.603694381215917	0.390348614020652	0.228519290130063	0.0600533516656877	0.338368045806875	0.206458105317152	0.186878733511308	0.327669937659119	0.476889889627734	0.307744750145673	0.438006656944054	0.365060063908753	0.148772792402654	0.2196307826286	0.226733358981728	0.491566541864153	0.394728151281118	0.534946853605695	0.632516972617521	0.463113742426319	0.483906243616749	0.431662637891678	0.40132794328844	0.379787253081455	0.429235293474444	0.611136885525879	0.732444827134622	0.935453814736489	0.851902015112523	0.610358306335274	0.578318103714693	0.679069805011562	0.373342777981699	0.482760136099476	0.320990224433408	0.510914025130243	0.64785025693033	0.583178098628545	0.806296300724602	0.520487919920302	0.658721122357593	0.657594929924023	0.813676808031398	0.944232796902644	0.383956961407071	0.550193112002871	0.447491144862254	0.558039073572711	1.11358192960771	0.498170801889041	1.0060458434321	0.470288022693265	0.469743638387825	1.15071894162156	0.578575397556068	0.552213261431222	0.308881678584894	0.596176114563363	0.304593073460362
0.460026934087612	0.299495726683508	0	0.192464701866006	0.216513877108414	0.433811698010094	0.524866091044049	0.430514498811126	0.427083285944915	0.428721229540631	0.268237283374228	0.323755987271567	0.425482234680257	0.660647127463585	0.414207565301444	0.386028032109606	0.584284824519876	0.699805364372801	0.56112397648026	0.639826869969864	0.616433366849412	0.338462911633485	0.762462910342194	0.874778729830309	0.567080722835439	0.714046120067718	0.456969007303635	0.366330778791569	0.878276679033496	0.397361212028321	0.559155362415978	0.507402105748172	0.664313015805269	0.804147822385884	0.838948287755456	0.726900042111538	0.740446082487306	0.498618065163863	0.843810766567763	0.866727280421723	1.02779817085842	0.352753714757721	0.672203632402269	0.540443907193095	0.728203094671382	0.515057850592225	0.809411119348129	0.47056530281484	0.560929485860467	0.957307211863557	0.525711541976934	0.771143238220068	0.705202389753485	0.319174048154721	0.508016814293159	0.518331068409377	0.46783223765728	0.335636630199686	0.147602767554292	0.184924911481914	0.185155419836766	0.376877566832189	0.58031202999105	0.397497229172814	0.454541716997396	0.486102467671733	0.33301383685119	0.348505085250524	0.341746571364291	0.503154816155207	0.358773183028857	0.518764468613513	0.650041568650455	0.622800033090768	0.621664235017399	0.555729770903669	0.505877694356188	0.352400994639278	0.348100303100885	0.687934912364361	0.821052843971236	0.887811581893208	0.898428078966212	0.618917242828922	0.475248277449561	0.630874396266938	0.520301747455664	0.780385702704044	0.628846871022028	0.565649975535506	0.587583517013217	0.68228098917331	0.676149954864648	0.55383111786602	0.658454174457731	0.715893655634643	0.699252883854264	0.739291421950902	0.378604041814277	0.618257605382901	0.594074093835616	0.589597628829101	0.956733599577946	0.516174798707087	0.865837665018871	0.570691845827641	0.507178058731986	1.0593894302386	0.521297179191318	0.364546919309189	0.391417592585742	0.521881338343844	0.465170563590744
0.719278472107861	0.325993671638583	0.192464701866006	0	0.135324398753359	0.40863235366303	0.530549682506941	0.470469744633705	0.476951853390574	0.494900456786532	0.271841497107297	0.301335937976935	0.387703995531411	0.49227687763623	0.520459274542031	0.564671337003475	0.607156555008255	0.78536942964088	0.667137276245463	0.631553437947704	0.759232611823385	0.478174569351003	0.930960346481204	0.873996749248357	0.791635284209892	1.07029604950437	0.618624336824918	0.558583819172295	0.783663538378861	0.575298952322746	0.729491607846683	0.472836483874198	0.747682804189018	0.804391143662709	0.959564630979988	0.651093123938534	0.835450110027569	0.712065568040171	0.943685348512755	0.964865678260647	1.00505296533762	0.478047394218241	0.660394387792106	0.528338708595936	0.693313266130641	0.420689541456868	0.925097029345325	0.509199630386275	0.588802334809109	0.82831614024497	0.600929035230116	0.777854744525399	0.808780004617278	0.272258506129156	0.394414840769658	0.432978016287467	0.655705638401989	0.398744390574976	0.284028818398622	0.116695201886606	0.139894107637382	0.427242845347451	0.610499058977364	0.485232717724787	0.547882036319605	0.582624162755223	0.325955443757209	0.425439329834141	0.304050108967881	0.645380791208215	0.498746225143532	0.562138017804843	0.843358991134035	0.776866764149363	0.664663399350321	0.589772825839432	0.765548096031289	0.484747077265416	0.514815747309971	0.886427708255098	0.925986818672329	0.930952591120801	1.00800553854372	0.825801639677207	0.650502155328133	0.68225685058663	0.777098601006031	0.715856802520728	0.671158344504978	0.633562658639794	0.785281139329288	0.731732478286206	0.708339861356923	0.744672965944254	0.761510410555331	0.709236406555781	0.865894612780087	0.890105479153474	0.420454513881654	0.642989246843382	0.620236294585192	0.594331302933291	0.852399551394028	0.458968575948344	0.904211301309346	0.576663049672959	0.680331329633306	0.881719983596614	0.717765924774468	0.549660337134772	0.324956014808134	0.441941795253899	0.458926760254785
0.666444320888202	0.248845210846283	0.216513877108414	0.135324398753359	0	0.290050465011997	0.443699918126786	0.307161759320975	0.320611465240325	0.278067227876885	0.223791369709822	0.272678539435625	0.308001862959755	0.331315703541138	0.404659632678205	0.394712782676063	0.533986127676537	0.581932772526154	0.47191161237971	0.433430984720317	0.640971607011976	0.319780078731172	0.814252188713101	0.827405876830971	0.591847835026612	1.02417684584313	0.560990522636703	0.474065005676467	0.62420233903664	0.56720156368683	0.602497628923727	0.372627021349683	0.621122700806435	0.736412917512583	1.01715724611706	0.488946108742191	0.74953143228006	0.720006287941223	0.743624599310347	0.850798237294021	0.896604529537347	0.41835915426592	0.580697073167945	0.603177678677874	0.665459675120281	0.376600059344346	0.898878246195079	0.481897228249885	0.426000499876328	0.817210348859245	0.493844724587984	0.700131214398698	0.742260790840813	0.195158402420436	0.390716010265853	0.317311445367367	0.534644665701994	0.289739247678775	0.254131992934044	0.122070044832171	0.060941240859524	0.29133087865494	0.477129922448874	0.305306227307825	0.441276736643904	0.361946754870267	0.213215550898029	0.336743238610162	0.236385873016216	0.62000737848356	0.422138727664851	0.495959712037249	0.713704241866834	0.583792182257368	0.555958322302255	0.434692756780691	0.563278719279554	0.370354865344898	0.341309128941153	0.727146736239019	0.78037293275669	0.7600552863587	0.790296459686998	0.627979484405535	0.516328649356422	0.654902898621747	0.56256112643968	0.672896709482973	0.507127389871577	0.547161798827219	0.658519547710553	0.552385170972607	0.807175966151893	0.614032237756777	0.664692773671881	0.574025215852805	0.677872081486494	0.797965775009694	0.351593378768956	0.628048066627798	0.492775778803829	0.519754854049879	0.844056070431756	0.43628794933899	0.804994408403305	0.509803922048754	0.597738647059057	0.824369293231222	0.587273083654591	0.596467178564571	0.188227384921244	0.435098463978618	0.359354210120947
0.58273993710294	0.352068398763366	0.433811698010094	0.40863235366303	0.290050465011997	0	0.293922121136124	0.168157230604482	0.206617526938374	0.182987236857157	0.312285565466839	0.272715096379647	0.365928671657822	0.483118585564869	0.220156709390897	0.305700986417467	0.521153590689266	0.445152268211307	0.308359226473837	0.379074906204693	0.629455829180744	0.225093720955446	0.66065073319582	0.706117793894091	0.530324965652748	1.07243811127301	0.54408333336658	0.360380872627297	0.551924888118674	0.451092539398602	0.586050415644552	0.357295032062159	0.50178290258853	0.624313545083386	0.999867961131095	0.371286631172354	0.663720595347631	0.771040661630062	0.649226002940542	0.702354286807338	0.868821099833732	0.502189036363103	0.582105292759548	0.58832959687381	0.625991463560694	0.439941594406168	0.834581522436847	0.347911834716178	0.340419475385041	0.82350558115941	0.39788442990728	0.537799790874374	0.703681002093693	0.331062652524342	0.430353353462594	0.251178756881554	0.451365782220138	0.381411889685567	0.460585215680593	0.315154696612838	0.290777336876534	0.0815529811344167	0.386451176150732	0.193652048352337	0.463782567527984	0.21640306216863	0.251912438400319	0.292873856696134	0.31020182924942	0.604096568789634	0.305134731876898	0.414441116894421	0.644208789183338	0.474778839499163	0.579166933958224	0.317179373480086	0.414573836535162	0.366477187985643	0.363380446559787	0.615906661937543	0.687513685156979	0.752595924900728	0.669705268397172	0.525816861032812	0.488937076818622	0.582754664491559	0.473709140807792	0.545050514888104	0.381488900312061	0.509243647185415	0.656547254588972	0.494449418198024	0.900030290805156	0.506985963926745	0.551455505980542	0.554966619885669	0.570204248470055	0.71650196894339	0.399288639461089	0.567546644164413	0.431948508123489	0.45631493464442	0.904589501572098	0.430787632584978	0.768934327893217	0.377267977681883	0.47278187233671	0.880775433459586	0.506653873006974	0.568101742799431	0.339033296821774	0.60521773694816	0.234301353802865
0.697126292237988	0.490264011222733	0.524866091044049	0.530549682506941	0.443699918126786	0.293922121136124	0	0.211242195924074	0.272999544732825	0.265971676625491	0.329378579153614	0.361486838753987	0.455408740360359	0.623771010571432	0.433506922270492	0.40010859741527	0.451321627479004	0.58554884959594	0.438542699394608	0.397370447001522	0.722379579024562	0.374505038524067	0.716487963113053	0.643035718840555	0.485598096173361	0.969384176281163	0.577145018892847	0.458743650021492	0.561120923077927	0.496594810526137	0.583777657065429	0.487162588605607	0.475363048065977	0.630048550841036	1.05558953048241	0.487503384715764	0.706810664318245	0.697847148954192	0.646759870307631	0.721981058636958	0.869542253571934	0.578317268340653	0.724589174006293	0.629800718834892	0.656662098005416	0.570593665236626	0.707249809693396	0.453676642308209	0.522290622519571	0.842948821586968	0.464710235322619	0.546990564206393	0.708132747272344	0.545366538357237	0.599806785389728	0.345944779384959	0.56789220535745	0.469701120996519	0.628608318717127	0.434943580260703	0.452646302100464	0.366522203326132	0.0711157588289466	0.222123810935514	0.54420082550537	0.257343594833421	0.344056311476042	0.448115658060736	0.433069058633806	0.493734739516276	0.460715462022233	0.492410262415966	0.644028531196613	0.588954526522156	0.440476273336712	0.425559420442776	0.514582926867996	0.452625244834694	0.425475283159816	0.701642515281842	0.778311706750537	0.805821588349597	0.714145718088127	0.480548478768586	0.45367363564177	0.50042564498851	0.455425676915184	0.65897166936877	0.485371933637163	0.542117382782955	0.543068918013009	0.498285183748664	0.842026334054305	0.412318489685788	0.53164720217994	0.482906517041089	0.541991248005194	0.713060055045323	0.509693659418722	0.684505363770844	0.455081166536344	0.51441354615247	0.75713566693596	0.523150266259091	0.735073754062863	0.483116659646629	0.428047442628518	0.805684994311004	0.414627576107628	0.532750873766909	0.557573626702455	0.571880951865303	0.269892535177412
0.579254646546668	0.319223460874653	0.430514498811126	0.470469744633705	0.307161759320975	0.168157230604482	0.211242195924074	0	0.0918741740990969	0.14664927039132	0.315017350012136	0.354363955566618	0.453726428044208	0.492746904622804	0.288012022986973	0.367843846423267	0.604818872635605	0.240151066786587	0.148311203938959	0.215424593514313	0.470214997360304	0.148360650671111	0.549442609165289	0.678428709064742	0.427046327776135	0.949009697072481	0.453514833414135	0.338138870039244	0.59408507987594	0.398895022940762	0.660164684041576	0.428666948231894	0.499445392385397	0.735295677238265	1.02421614934895	0.411168410406822	0.773989345526472	0.774124457900808	0.723604488603833	0.903672396386857	0.957900466671472	0.426822352550503	0.490081255348814	0.801243314814689	0.777115160289739	0.523420607005171	0.904620594523719	0.488877952690989	0.282363634637679	0.989726772501781	0.498662783165529	0.67311929815542	0.713741750656531	0.36036719190913	0.580585781580937	0.358520290798944	0.363357826017682	0.309329743378406	0.45578325314255	0.343305065597305	0.272770460539409	0.156686127614319	0.242729614195939	0.0292050023261134	0.352255672701485	0.151130000110766	0.236179892696799	0.263406441970492	0.382967311612949	0.540628033909236	0.326724523005778	0.44918781565789	0.605841987010866	0.249018088401715	0.491186088340372	0.131829115691798	0.235016080486311	0.205508811614594	0.235080569919161	0.428685259618905	0.454975827406387	0.616393036646551	0.642693147681787	0.350660030329334	0.362751186407613	0.579776091280905	0.405691253085339	0.532593384727627	0.432642131268948	0.553933388831578	0.669882252519876	0.495316038766028	0.880994526566018	0.505846066101411	0.59822969527098	0.649503655471858	0.680549274901601	0.841749667495429	0.361106190373401	0.461989445747402	0.466853757475604	0.557276624423684	0.942206425950653	0.520745632587335	0.8404507625787	0.428090503007982	0.468201146225694	0.954960702194551	0.500275669773068	0.568288186130044	0.373033204194869	0.594345344562217	0.208778893742087
0.542342265696897	0.324088620300764	0.427083285944915	0.476951853390574	0.320611465240325	0.206617526938374	0.272999544732825	0.0918741740990969	0	0.129335791454563	0.31219201689593	0.363800547946407	0.430472868842844	0.512836932943665	0.331714221794143	0.383665652489235	0.570033213317814	0.281821210441714	0.19785671068096	0.252433663098056	0.487358867711378	0.143975729137697	0.476770259120744	0.628039797104538	0.347728567896331	0.819725009516965	0.413755997657639	0.321563334911502	0.536567458824579	0.412936818571979	0.579818339302993	0.481228697245591	0.42839795648149	0.655746244761804	0.99400199965421	0.386842502095725	0.638535998872279	0.713169337500369	0.608058140647752	0.758567736301827	0.819250179071162	0.427177804800054	0.51281493954821	0.710591574731903	0.662737858447314	0.48508765469781	0.825510392193349	0.399004132250559	0.291125237278107	0.839750060672917	0.417310844299853	0.565036850378434	0.732662421080182	0.38832880979105	0.547308151715153	0.29314719500545	0.339034562759752	0.331133749736978	0.399716764628868	0.343968225175325	0.288983114283442	0.204997999965342	0.299182375093525	0.0988386311636629	0.307286586314179	0.153472418879326	0.248468332696309	0.283802464465141	0.392269816458216	0.518191107299082	0.377800287335115	0.490659077595492	0.593863794427951	0.309015056109612	0.48433050657268	0.192066669302402	0.233501879417775	0.264879671990665	0.219287496685414	0.463550344656132	0.522028935338728	0.640466023587052	0.533407419187313	0.286714675449257	0.290838082789341	0.562440442844308	0.3910940002773	0.532163753994603	0.408366824439193	0.521840138672451	0.65055017855228	0.437002061727003	0.846367235161113	0.460960131305322	0.534665547341241	0.579642993124816	0.564721589450024	0.719130768411756	0.390662712942631	0.531238138219114	0.452414952447611	0.519828473425969	0.914198099572503	0.517241245086958	0.758665034527875	0.38046157990233	0.410426547574605	0.859499628816902	0.445410618534344	0.559660368195867	0.390710137819692	0.634757598582455	0.173810700728446
0.530983212851763	0.322540982777346	0.428721229540631	0.494900456786532	0.278067227876885	0.182987236857157	0.265971676625491	0.14664927039132	0.129335791454563	0	0.294860583489452	0.303830840130708	0.340295984730956	0.43312220186125	0.264445303865628	0.250507018870933	0.464914043766522	0.37265716022338	0.281638186769288	0.313101415559859	0.566408194305909	0.19077173850393	0.654467220538813	0.719411519029351	0.37655861010768	0.863255376405681	0.448382521360092	0.335977515929743	0.512467984321882	0.43739813373855	0.535192314914755	0.416224031515882	0.441867073387574	0.672076518510505	1.02889671706683	0.371764911843615	0.673667471928192	0.709347173182799	0.560039307836708	0.699752499248636	0.846172497388905	0.431486732021101	0.507345784995052	0.642506924480113	0.645289168619983	0.41735194466508	0.802720429605732	0.358607383576923	0.285735233136654	0.84170886334144	0.401328543484101	0.538675246765188	0.701219077023927	0.329659236791746	0.48091689175422	0.208283124751364	0.386778780238057	0.31695135873431	0.405135521106337	0.313494619169714	0.298490527133573	0.216753750045079	0.280149372838874	0.130997060306268	0.350671148264922	0.0941396930381051	0.21970809935696	0.287440703596902	0.305357433406254	0.527834566985493	0.345869748200884	0.448280623529393	0.589607946033852	0.388816906217416	0.470240152696464	0.293621266233057	0.314598028051061	0.296645454532386	0.270569769724169	0.548128172228784	0.653046167172429	0.725842602366517	0.573221897330289	0.370995160252475	0.347931102511329	0.529947238398814	0.319930069515109	0.575011107973988	0.288610211670219	0.49319275269955	0.561343749359468	0.430917227823827	0.79946735842429	0.401729116187199	0.517361728466247	0.515956250146106	0.507008189804868	0.706825289307265	0.369922140604954	0.556589680930477	0.305405684785826	0.408084387234674	0.894763505437791	0.460898103585683	0.71151816653255	0.386604410038516	0.374577526416864	0.874332126242179	0.406028947066642	0.559572634267186	0.299696214186404	0.506604367681733	0.177177060431406
0.485137504992616	0.125975406628569	0.268237283374228	0.271841497107297	0.223791369709822	0.312285565466839	0.329378579153614	0.315017350012136	0.31219201689593	0.294860583489452	0	0.0924545880856196	0.232498823974003	0.420320306272	0.344520171955437	0.250705692970197	0.336766148961307	0.660747078918706	0.468958227504923	0.439670555346126	0.742712877563759	0.371982605405986	0.806718501445856	0.858410734996186	0.572989572308692	0.926336384410503	0.637009924938572	0.310063178892827	0.593307495117646	0.284308304848555	0.505095810337034	0.351587313479996	0.410056064413492	0.638547269993493	0.985911887815547	0.491363948593222	0.790987572575308	0.634899545516771	0.700019738608985	0.849441297582668	1.02979379463744	0.499005487512161	0.673750330647966	0.569355664076799	0.718033631141181	0.527756337775059	0.889793490182746	0.418672037243661	0.515223815492876	0.922894422843238	0.416015008788293	0.645534621251983	0.73746945121921	0.374426700473448	0.485726748175597	0.29015342279326	0.39338938112411	0.147605552701265	0.39974073238669	0.161380226211911	0.233250861839404	0.333556546306392	0.346740900356376	0.314426313365361	0.535553843571061	0.308362233176925	0.0778338342683162	0.214413619603584	0.16354919905892	0.363895594823074	0.337352309970852	0.396586980247953	0.539547245331226	0.579099743757429	0.350771862578231	0.501682589941271	0.479310587599858	0.431205697447999	0.386740470537824	0.767237546804847	0.865856960064782	0.973969021614947	0.856128165768153	0.598862670546944	0.56855246837935	0.519370282994097	0.377108867790648	0.57564255738368	0.383908638711595	0.468022519594474	0.532078388883321	0.464537060984604	0.825855429603011	0.515008879997889	0.696507298278676	0.554253714142905	0.694371426015952	0.854965760497306	0.440790254316163	0.694135247329435	0.45828994151672	0.586332469775331	1.0168396583186	0.531981044503471	0.965410269805813	0.527956383639469	0.452762443303846	1.03732314718483	0.464050686045452	0.428101019062453	0.377321813160176	0.451297471429566	0.250719909062826
0.494279300937769	0.235810233576315	0.323755987271567	0.301335937976935	0.272678539435625	0.272715096379647	0.361486838753987	0.354363955566618	0.363800547946407	0.303830840130708	0.0924545880856196	0	0.118847140870553	0.407428837036916	0.212633113497136	0.201793324351541	0.311340067799097	0.624119226957849	0.468419299552435	0.445673717347551	0.796327306196672	0.361805716114403	0.805652860127986	0.788466037917806	0.570907492255866	0.938266326678541	0.59583619899059	0.35860881823962	0.588342994168771	0.326711405170695	0.383532261582573	0.206341085349848	0.320989595074882	0.532204040387211	1.02491137926183	0.49422393848819	0.727162669978155	0.581456628728882	0.662380000312372	0.774672012907161	0.956439737593162	0.476651132953814	0.70138530846242	0.487547567761379	0.633578894333744	0.543841925038834	0.947293450521556	0.432078309641036	0.42888490325178	0.864047015801533	0.320431522719807	0.564190073724257	0.538747052585492	0.381249714529773	0.350657433157087	0.248854196387847	0.456637756115438	0.243561761262466	0.436526421413363	0.211987549888157	0.305204383771726	0.309491101764481	0.391984326087891	0.363668062692473	0.577480965705732	0.346767259487694	0.121908991659016	0.167895036469413	0.0793551819882853	0.306647156812544	0.238301170898006	0.234696911411123	0.416260723467359	0.582622097809422	0.344494831016193	0.502566300110789	0.526110094010658	0.446685898471004	0.406937481945072	0.760314362814063	0.879334962532057	0.921651450084188	0.828206052469291	0.61759647725867	0.546002046982572	0.471772356086943	0.44323674161204	0.619901915538601	0.346195458229311	0.316892123856462	0.433357860208075	0.372036501709453	0.857101680511263	0.534046723086815	0.661491716452812	0.482221032074406	0.680395401715316	0.773878533533031	0.447818120895753	0.74145810843079	0.520003007403949	0.532724855101387	1.01873809653805	0.537357701251669	0.987775119345709	0.504871877956868	0.496900754882511	0.983725805814544	0.461358573621209	0.366209815510691	0.380865484823534	0.415434610656166	0.265778898662363
0.54500059348726	0.321353743167508	0.425482234680257	0.387703995531411	0.308001862959755	0.365928671657822	0.455408740360359	0.453726428044208	0.430472868842844	0.340295984730956	0.232498823974003	0.118847140870553	0	0.335425284847503	0.214519887490542	0.238637028612191	0.356879883933644	0.59739389760352	0.490341996796729	0.429170623062606	0.817517323258559	0.40135587016252	0.755808192385895	0.717588271460417	0.497975793931612	0.963853595005238	0.591944842381792	0.491240798103359	0.504568191237248	0.486224728824275	0.262458038570136	0.181979986148262	0.301390207687288	0.471294328928609	1.05255193899166	0.454205491301489	0.598556708174079	0.563749115360099	0.561562557464299	0.665193529786534	0.797497973941459	0.441195146520101	0.676564771548875	0.543553124786493	0.56025455348695	0.507661895791631	0.936207034449314	0.511541604628601	0.4054683649322	0.829061687388543	0.31059820538875	0.613148967078241	0.51371725760295	0.419769710417965	0.364414576027004	0.262618411152601	0.50647964613687	0.303532575895226	0.426954388001879	0.270182404068761	0.350229552809483	0.386715937793584	0.485511741917457	0.432275265550833	0.609574298272718	0.426653036653813	0.22212745706606	0.226577125269987	0.0545741972782837	0.398831993453332	0.285245155106448	0.210557260993137	0.385249226080304	0.580694949915683	0.402841360019532	0.521748432564613	0.604860467795186	0.503141038281831	0.41415463911556	0.735170838362211	0.85872595076667	0.783711544945577	0.719718610380494	0.587625235031022	0.493243600825743	0.48819588454138	0.523890843568197	0.695229685588743	0.371153961030016	0.196450765108596	0.419486573076984	0.273164785454552	0.839270594398358	0.573386810446445	0.633572804482034	0.396162066798244	0.639153003829756	0.690042657748495	0.433895509310307	0.750882561764994	0.587963177294561	0.539641589030316	0.984229134313816	0.592914619928026	0.918918333591956	0.513694681859526	0.601648754698716	0.880397899334368	0.516586605831919	0.520327020204004	0.367951619118972	0.466783374048849	0.370389373494717
0.959013766251743	0.44453745600469	0.660647127463585	0.49227687763623	0.331315703541138	0.483118585564869	0.623771010571432	0.492746904622804	0.512836932943665	0.43312220186125	0.420320306272	0.407428837036916	0.335425284847503	0	0.45791295731666	0.510877100156156	0.56874137072809	0.611599049656207	0.617820364518795	0.51930713831675	0.932389480781466	0.564749844578614	0.90605307859306	0.960642743347105	0.713552267005521	1.1939308231172	0.883994388251107	0.729902620654608	0.52303238348966	0.796813391839084	0.74711966549367	0.370039559783039	0.600446325008459	0.791260776703422	1.18490688629829	0.498099635006307	0.998691297918014	1.00135042776813	0.765880781522708	0.959985908414643	0.960114355335583	0.766814608056946	0.711251776327672	0.966148457004132	0.921947953245789	0.614042353438715	1.17451612965566	0.770168353678326	0.382693389943569	0.940369407438649	0.60233227081216	0.779118755462144	0.885304035718055	0.433492860319502	0.558087769969599	0.393739381046929	0.733311387510699	0.424501854045332	0.609132269674523	0.395828588533364	0.43397304955684	0.480273917643432	0.639198618108526	0.496583931663641	0.688917102027995	0.488344862170979	0.334789762935627	0.403030895855385	0.310602676223338	0.64101551877407	0.549340987598822	0.583213769687889	0.666833283133621	0.600320047057825	0.595898905327315	0.565327195043542	0.70972652824491	0.651303089718354	0.579780587563023	0.847821730707925	0.770642404892791	0.897083021358999	0.854861286171226	0.765209809376861	0.746892446448996	0.697060277500258	0.706421032718322	0.580193776264961	0.519087343915673	0.588057800551342	0.833359617234402	0.547000255967518	1.03416117637879	0.839896922097922	0.947927658653336	0.725494173853086	0.908392687695302	1.05744059185805	0.699129758477435	0.847449603469007	0.663109193484608	0.78908417081234	1.14817819782837	0.767760055230905	1.06572932341804	0.650019875224747	0.715558586338195	0.952942987657839	0.761368699736728	0.954433650356904	0.35118166495299	0.641697413758638	0.518054345271809
0.462080545237365	0.379570127288093	0.414207565301444	0.520459274542031	0.404659632678205	0.220156709390897	0.433506922270492	0.288012022986973	0.331714221794143	0.264445303865628	0.344520171955437	0.212633113497136	0.214519887490542	0.45791295731666	0	0.178573684790517	0.479839044274	0.338430662568345	0.283378423771098	0.370691451537412	0.594484356421589	0.250381271222456	0.631061516191317	0.715626031982653	0.419932886363607	0.830256244530945	0.517092673183334	0.328984866542332	0.63996786743679	0.381664589052424	0.37655194836982	0.198862482287256	0.394670621543908	0.602817555141965	0.912612354123815	0.527788006309795	0.676476014247391	0.60329228227058	0.66083350922685	0.727530606437081	0.940008537149385	0.361698346627862	0.612449187694623	0.664708767074666	0.706609172002079	0.572909768875312	0.930986621033405	0.505874008501826	0.23193970854904	0.990777322087493	0.352857252117592	0.620105809590787	0.465395418573338	0.420696092565352	0.449038380205395	0.355100443788749	0.388548548887637	0.350836568206403	0.425598833370242	0.372759274013101	0.374572139629382	0.206117945395299	0.492467845107369	0.256785459784685	0.492638489604506	0.301452582502303	0.240821975575965	0.152931792673685	0.186299466815895	0.446747886848685	0.0828483260904522	0.192937449311384	0.34039485720927	0.316655604150772	0.524126228508224	0.352890191446292	0.349791899838887	0.321866494857237	0.313949195253498	0.482988530978074	0.592088056324613	0.666012983315912	0.610889645123048	0.43819779380195	0.418776760329808	0.536794360514302	0.370887755841231	0.673185880264942	0.352640653538835	0.317339829408405	0.485268526713989	0.366860329964359	0.901749761327495	0.522413710930611	0.616745440147696	0.596667576787611	0.589227015153544	0.702366788934094	0.379158958458321	0.615746591181507	0.557907070128657	0.538467941052364	1.09822303421748	0.605180314005258	0.87594711296183	0.448180209591799	0.521496989887714	1.07025642589348	0.484182757681502	0.454427316160309	0.389529220574487	0.590482246736014	0.327537081620428
0.42998062386438	0.33976325368561	0.386028032109606	0.564671337003475	0.394712782676063	0.305700986417467	0.40010859741527	0.367843846423267	0.383665652489235	0.250507018870933	0.250705692970197	0.201793324351541	0.238637028612191	0.510877100156156	0.178573684790517	0	0.313578197350353	0.541598091933256	0.380623859356444	0.412469643579015	0.728892492945196	0.29502290400029	0.744118637399284	0.851663804066523	0.409215279262847	0.721150088968128	0.605979851994533	0.300874375024264	0.67832030088822	0.368759420309843	0.394217360325639	0.273813160042338	0.318332810093558	0.601318945614577	0.991908982848046	0.582371642420257	0.730674867433043	0.547707473204318	0.56014161829937	0.714370401900963	0.954080463162506	0.489469240341545	0.687996159282796	0.649897299669981	0.756347027842215	0.65542235781685	0.887531082403523	0.466667719623704	0.447057980357803	0.976114150536074	0.355694299412307	0.598189142200626	0.643082056439459	0.494194300018496	0.47644875844861	0.331574072414506	0.439781579298208	0.306566029350639	0.435340144671375	0.364582283366409	0.421817872415213	0.312727635805079	0.43028983331736	0.322327140595718	0.502462411571715	0.252969529180052	0.232438101252777	0.262286225256097	0.223713200261402	0.420396170101825	0.231157635971331	0.273118591926834	0.306002308492628	0.450819727381123	0.331852802524465	0.498392214023496	0.368826054396877	0.380587355938975	0.30265964774343	0.639030494129657	0.824382199430924	0.868520009034796	0.677158846980175	0.453031263334922	0.498932943455135	0.437056499714865	0.243056700970438	0.672254970705295	0.303800947951148	0.414167931859573	0.426629507560283	0.347216400550813	0.870909707198974	0.431833172510665	0.644618218713086	0.531462500986297	0.563282753150824	0.695758000688261	0.517883012077512	0.769348553553792	0.479777643628638	0.56705095978857	1.10996413746959	0.653843847688765	0.930239782311489	0.504247033755973	0.465542661222051	1.09060619396268	0.340626892189403	0.449379430991079	0.457082012966137	0.478231074405988	0.322009308334778
0.642174781207477	0.507866008011434	0.584284824519876	0.607156555008255	0.533986127676537	0.521153590689266	0.451321627479004	0.604818872635605	0.570033213317814	0.464914043766522	0.336766148961307	0.311340067799097	0.356879883933644	0.56874137072809	0.479839044274	0.313578197350353	0	0.860260152277612	0.707716053632347	0.630524012789692	1.09760716109164	0.588685936038133	0.902877480334425	0.767003370243059	0.654201073913498	0.928943560966173	0.688687286150879	0.585689616335418	0.600763289120283	0.638760233381536	0.517963260170605	0.37181069746231	0.443850652959531	0.583774338369617	0.889447531908979	0.662801110227471	0.75573257409243	0.622527802344848	0.554916713541754	0.660267175366718	0.86766308413819	0.80785678790651	0.89282972603697	0.53331028620443	0.653417219038935	0.640436227460271	0.817414081400617	0.451742897532005	0.72055443275663	0.669470520610856	0.351678986467181	0.448587191001708	0.815813029324091	0.655198489793323	0.600937512301457	0.370118507503823	0.734712126111687	0.522200717622936	0.65682926100979	0.495128022440908	0.621677219668336	0.621093195086147	0.46926624299525	0.598330606806135	0.76869299072486	0.480325019440882	0.38116262452127	0.541453565716586	0.37775734666444	0.554144936185518	0.513285395156297	0.464869071310448	0.472591104042639	0.819166764442458	0.29228776401097	0.807588035644326	0.746411601034371	0.770737647561528	0.58676755956529	0.989010004088138	1.10527320603274	1.09162146280474	0.828784427967283	0.709505629772733	0.641443997510245	0.428781990961537	0.5037092448325	0.715680431665344	0.491369241873009	0.5115149457902	0.588124032587036	0.459912127031386	0.776183846920595	0.619010902114474	0.742745270617037	0.480398336025511	0.656436791555659	0.691203423129837	0.787101231990401	1.0064255243907	0.56026081800573	0.636673128477088	0.960076956723805	0.683460832587141	0.89213767133482	0.585815548884469	0.561701255379009	0.846117206187074	0.445270848713821	0.646007670976718	0.630951600330269	0.488619075875935	0.441626112643613
0.644533655489468	0.559477175743297	0.699805364372801	0.78536942964088	0.581932772526154	0.445152268211307	0.58554884959594	0.240151066786587	0.281821210441714	0.37265716022338	0.660747078918706	0.624119226957849	0.59739389760352	0.611599049656207	0.338430662568345	0.541598091933256	0.860260152277612	0	0.108756259600734	0.21458875588138	0.416135140174232	0.2528206824925	0.320946105089718	0.560635519192207	0.389656980843192	0.785527407658163	0.490810311802787	0.540001573674625	0.711081355092406	0.601010955505401	0.628741814828241	0.551785454132485	0.493763899406274	0.718269769243997	0.966268979543694	0.576627313063315	0.703035158479288	0.858993664406337	0.709474006689674	0.91301765938121	0.843819849853998	0.48433364277528	0.549216276218519	0.993707466068884	0.889285253431173	0.740029223846155	1.08153324685007	0.723824002199921	0.210960133348562	0.979051506235145	0.528849876149949	0.714993506225869	0.588862708901789	0.635810914779266	0.774678496921284	0.562228187181883	0.394995087636182	0.479667200646244	0.597822512057551	0.654868604559599	0.519821810897821	0.352555347269918	0.59801866363757	0.23229470652357	0.427404028054414	0.383132893519693	0.492581436367062	0.368774557040943	0.58340485577752	0.670961260391355	0.393067563051071	0.499108570209038	0.49477250613227	0.0785860478466094	0.589220260697697	0.142339441193925	0.23031293491416	0.318778891283755	0.311934542744181	0.206098424260676	0.265793809523092	0.353240510206236	0.441372887358079	0.294759289420523	0.379918478477525	0.803292062391866	0.56317531955341	0.71307998606661	0.565503716898506	0.573185592353522	0.795672980801981	0.433687218343717	0.975845111849905	0.712285047095105	0.678435615698708	0.808946772089248	0.808001522271929	0.84169610996994	0.545334419135737	0.575630292967682	0.791837015117218	0.733152381242496	1.09996103164239	0.835079095774733	0.972104498190664	0.488831760596125	0.758479057452803	0.981091598498747	0.671261570863906	0.761329975111858	0.606117430040046	0.865564722015004	0.428480886322488
0.548429916154072	0.417982680688506	0.56112397648026	0.667137276245463	0.47191161237971	0.308359226473837	0.438542699394608	0.148311203938959	0.19785671068096	0.281638186769288	0.468958227504923	0.468419299552435	0.490341996796729	0.617820364518795	0.283378423771098	0.380623859356444	0.707716053632347	0.108756259600734	0	0.172631215024276	0.44597922110154	0.143974029369054	0.404515296568737	0.602150819279068	0.387477696270758	0.803296391641008	0.517257576082319	0.42099991236369	0.690634957638844	0.468875634274732	0.579263131778334	0.489762860236238	0.442466967317489	0.668448375135014	0.951961144354914	0.537438757127757	0.684439035046306	0.813148231825326	0.662629666216876	0.877216192772715	0.89043473425393	0.430366557088595	0.505999697437709	0.901062528993843	0.849894461929614	0.68959303540669	1.03222058125363	0.607913609201551	0.2953782408088	1.00089324167537	0.4886610416761	0.706277467567186	0.657633228412287	0.565619850371358	0.700046921769973	0.46743859253799	0.356062679217349	0.383020610931857	0.523695331607407	0.530220939163869	0.425227650089361	0.246304983464968	0.439916515391555	0.149508364877216	0.403992659093852	0.250864276268042	0.354620148489418	0.295840627267838	0.471673078909438	0.595521751890225	0.314256905228436	0.415517821379654	0.432616520054253	0.100090473700191	0.473418561853656	0.102003878654474	0.216182982039972	0.21417210765931	0.195799840565071	0.287455483376608	0.3426806264069	0.399931862452887	0.512618270159856	0.280409948606149	0.394316978385255	0.672852078902306	0.430497543808036	0.668237838070784	0.499276937266226	0.518794669982404	0.726343966660842	0.418194285153178	0.964194514656427	0.590195591547476	0.651712012480389	0.710355874750483	0.726152935034741	0.831247223534287	0.464846505966131	0.525452010674315	0.664349249920578	0.686075661782515	1.09491473713924	0.736158668146366	0.96430302870361	0.458577052716589	0.683711373729466	1.00602176887603	0.58846326672152	0.645200450178248	0.545313668903798	0.737195534181528	0.324185628295809
