0	0.392009788485603	0.298774561374554	0.315071870204105	0.422379027694822	0.660198712163612	0.655811473640346	0.552470654381772	0.550999868054386	0.492171146037441	0.605818862446829	0.434785470859838	0.518043592343749	0.610322313733364	0.661047496124248	0.621902016190389	0.607780255499131	0.58358813963834	0.521060550694461	0.481568029618765	0.611338837074448	0.538449684079155	0.546873989177636	0.480231863990537	0.476873188279602	0.662874801097415	0.503533329552552	1.07537551504887	0.585334063492494	0.607341859220801	0.516282916893104	0.597431439559996	0.541085912600484	0.574617466050874	0.75358008089621	0.637313973998974	0.506472713717578	0.588011221194543	0.553690339916223	0.552713185861991	0.564677304475827	0.450611799016631	0.523346715391704	0.775800390072499	0.500839845931165	0.584317555258445	0.618271441407595	0.633929933797048	0.658919240961555	0.62266551657874	0.542966427406343	0.650540021848231	0.429901552287126	0.635974796247146	0.588778888990408	0.492886239147151	0.266623891015265	0.425133239165198	0.269950858312418	0.30465059172357	0.418792478136393	0.639726483693136	0.660502962881624	0.518456126204868	0.491786551332038	0.485160251617809	0.546357492944674	0.562828580894016	0.614140064029731	0.632649587407547	0.686288901744128	0.690577010760777	0.557265736572403	0.589858727792492	0.528661418987934	0.492656611661449	0.570820323565422	0.494762915634676	0.513814360857134	0.533997919901481	0.659822118993421	0.595340804433361	0.614840017184202	0.428997430025036	0.455081045276624	0.671982651386972	0.649522545549329	0.483866074326869	0.593665095889221	0.556294098723532	0.613883787079913	0.49113063888104	0.797091252269085	0.573691558386968	0.527191628875589	0.514575949318629	0.596536727726909	0.544070388113715	0.465908637418504	0.547654825713672	0.612839795758611	0.603679675775692	0.472716607764056	0.588094007605744	0.573588373930881	0.413530310146438	0.652094450927069	0.52643170652876	0.729455599951675	0.709722998076475	0.598464052772212	0.470007398799575	0.419118731884899
0.392009788485603	0	0.216234644341714	0.115894214378097	0.182139602546563	0.290454470611053	0.265407999812266	0.241082083353409	0.286697076642536	0.356689215533573	0.232996887143241	0.141210816923507	0.120356258450345	0.375438244542425	0.231713428924971	0.272122424923512	0.179432056458552	0.431285674040952	0.292213540868214	0.343193718789437	0.228943379418117	0.286378975462279	0.51792089688166	0.295121253371583	0.398454215210117	0.870797164870491	0.393651782135757	0.902445491899789	0.589734608747962	0.630878574105799	0.546162619019939	0.284578286720111	0.370175819945691	0.485608455468209	0.650075865669323	0.700774295057512	0.633871099778581	0.647849078544162	0.476676698968963	0.369773447737916	0.616016825623668	0.45562922270018	0.532531475410495	0.892402766934655	0.383051114013241	0.692083190417949	0.722074749381651	0.672200911706971	0.597855665095961	0.606263395098155	0.455266409988595	0.583432189990588	0.497361557257078	0.660170974604592	0.498282627812468	0.399349755433474	0.630992653261587	0.0795206357468939	0.193520412709271	0.139730860878676	0.173429601464581	0.282108950254769	0.263268405471327	0.248489078783649	0.355663534429851	0.337508175755937	0.227226545830116	0.214783138548801	0.163003373118576	0.321240067623498	0.24251210700771	0.277739086428065	0.196841234787938	0.378467116975611	0.348619853555784	0.283807398706976	0.326422327925227	0.228482797475723	0.214012212507358	0.494574857644561	0.524649853945389	0.491841384701714	0.657355560171978	0.394454592732295	0.317059401153065	0.604954048247857	0.551523841240798	0.536982523481332	0.484575847975764	0.471316749419968	0.645438012164277	0.442479129963517	0.646125038395349	0.828615611017015	0.638181838630782	0.599023299244342	0.69696591203029	0.58265752269293	0.409341453353587	0.558348116559791	0.69796808629493	0.689466566128035	0.521100612373682	0.707605943880199	0.796287420449288	0.624279272316223	0.56031944775974	0.566620754922635	0.689501865001382	0.892493074763883	0.631965350363756	0.405590434171926	0.399764282471061
0.298774561374554	0.216234644341714	0	0.0700257308876087	0.0704288325366526	0.416036108980123	0.398065943592088	0.369610587300546	0.465223727947593	0.501040570328112	0.575050965277979	0.367613504840489	0.325053642128727	0.629070216117328	0.468660310238958	0.425439102864097	0.360923659018035	0.648197085336438	0.379892349593297	0.478385647140004	0.376410063756473	0.39516816827548	0.613031951790742	0.463001767877913	0.406499877078534	0.930890358985667	0.424803069615584	0.881759708330511	0.714352851064704	0.704511780262928	0.579475871420931	0.44127074612417	0.531835009727532	0.673516586428099	0.723899829929547	0.708661901157664	0.62401148366737	0.658635026551495	0.487327097127082	0.534544987741712	0.62163842573839	0.464225299780163	0.582872573737781	0.871544108291307	0.484566969683682	0.708438737187646	0.693534825516624	0.7193545789043	0.726618696969733	0.714954343082374	0.539397779610767	0.731261722466017	0.626750582953842	0.64058457044186	0.717866369447752	0.604584603795404	0.540792160585248	0.306833229697295	0.0173914176690746	0.0857698319749984	0.0776757983257368	0.406193290643474	0.398816002852342	0.414322933346382	0.567485697289453	0.542959421500064	0.531699926588146	0.510518617624669	0.428829783657615	0.617624880791791	0.499908853633897	0.466844198630723	0.373017152112091	0.614404822702423	0.49235127502559	0.42821371192334	0.550468917816484	0.383843638326288	0.382888396119456	0.590427828554479	0.55046951549851	0.568048799239924	0.845394628363539	0.50680066329647	0.371482677888255	0.641004437253816	0.612657146889016	0.674267778313264	0.606679429140623	0.533290369968457	0.610924246814849	0.545831223425095	0.678028570187666	0.762416326152693	0.580893707046269	0.612250081834194	0.772875523192138	0.581229104917733	0.456114699618465	0.633182330533081	0.6866533172593	0.687057008181885	0.497644467912383	0.723040230217597	0.737399167228316	0.597599921752544	0.612842717424275	0.661371135665778	0.825488397227449	0.812869126335804	0.61540574092645	0.465725711953984	0.509304740576467
0.315071870204105	0.115894214378097	0.0700257308876087	0	0.0450361801470482	0.267396559045511	0.263557523006575	0.224144311406521	0.318269124523078	0.323173960403427	0.404185657369689	0.204907806355358	0.178638621183244	0.47425686708817	0.314226786959578	0.270578516903635	0.21477779285865	0.504226761862014	0.247768017599315	0.333989364809386	0.227456813275543	0.257754350913145	0.513465781167478	0.328380776066788	0.342984558770427	0.798530357035815	0.341940101805432	0.819969047709711	0.584539796900475	0.623171177196527	0.503888225724578	0.287038327818814	0.391783168090506	0.496047691250789	0.710968245945127	0.656530196641857	0.588558653732461	0.557328398463745	0.425165624455647	0.436482767501911	0.581281653479132	0.395025173085117	0.490368995556286	0.886349872198709	0.365592381516439	0.673119405424959	0.658471816276151	0.691750284744493	0.674991379528733	0.667825901667634	0.477716092447829	0.671237871621542	0.48876519004735	0.556497466146294	0.532631031287959	0.496714796163007	0.621646308011529	0.212419528244502	0.0740314018096584	0.0303121934553388	0.0489839464588171	0.261330229294986	0.274343110813123	0.264525473706926	0.395229601703835	0.350102386665677	0.363345470596216	0.336343632849626	0.285009995223596	0.453653700555478	0.337339211593381	0.3213551380498	0.260623157602568	0.436687051216294	0.331614793123286	0.292121808740333	0.380063006839733	0.228800097020344	0.23680449815387	0.508413642997281	0.494012877424375	0.452504405202018	0.666968105963222	0.392620803691776	0.274079066645762	0.606276228425829	0.496209094380395	0.526982779883972	0.544310296983995	0.48312233811244	0.560781617063783	0.410012526916081	0.625691982735382	0.770897077088443	0.568179535067696	0.553209292558391	0.660437000859467	0.520180619832922	0.363874777930091	0.530200081883575	0.688126183423621	0.669467188520223	0.407516168269918	0.665299954285183	0.685654122359444	0.588648098642284	0.61582679374016	0.585206544501025	0.77846648740422	0.810671558768303	0.551245911280873	0.342832828037619	0.410492364088206
0.422379027694822	0.182139602546563	0.0704288325366526	0.0450361801470482	0	0.281414170334911	0.274504706189938	0.257039970835572	0.401773983359265	0.417554438965598	0.535743112577408	0.306490241687017	0.255445202054941	0.609156510979199	0.394715257674526	0.337232803826067	0.276045154555899	0.632484950781077	0.293786099740931	0.414195215983984	0.265026503774111	0.312399955675665	0.596664103854104	0.415198098007091	0.380727096305774	0.912380224040326	0.394238840600114	0.809222286106583	0.684671852892668	0.728612013602365	0.591942187523355	0.358670563352237	0.492845697465342	0.605657862881112	0.754274786136745	0.700090692009302	0.680409151133939	0.645661831941904	0.486991121964899	0.525998711433432	0.627551331014915	0.476827183929821	0.575855918550868	0.949319589279485	0.442666083261415	0.770150126794842	0.725573362763025	0.778326647222402	0.788466016809353	0.762337419991524	0.590114071606223	0.755597348202089	0.642400998256876	0.62106411918927	0.664349572014027	0.624783417007526	0.710131406542432	0.301045483683497	0.0817916611990683	0.0538544733920852	0.0124355465695374	0.276853626474916	0.281319998378926	0.317085393936486	0.497845771463129	0.467228447588323	0.496534097628881	0.461959921702239	0.376521461762164	0.576931518892961	0.40803604686135	0.371862438397563	0.369167448934195	0.55053966342027	0.438024421385413	0.362155188921768	0.465635853155037	0.308100978680743	0.316063053619684	0.59854153380141	0.506469599330126	0.524047550476716	0.804073772735449	0.487279782278674	0.335390433364491	0.634900260453503	0.56605190786836	0.661485118013897	0.625740108341398	0.560703994368619	0.616326203636148	0.523146000569304	0.666326247156615	0.802940563553381	0.616721100909611	0.639553731584682	0.781942054504023	0.602061904357886	0.44777748414235	0.634425759350114	0.762680764078568	0.742281469561869	0.48199217251594	0.755226489368557	0.783467998099063	0.660617867047006	0.689036209173975	0.687797678234568	0.851202749309829	0.850229456771145	0.619291257068306	0.440702949068004	0.50520903211256
0.660198712163612	0.290454470611053	0.416036108980123	0.267396559045511	0.281414170334911	0	0.0372654511643509	0.0612070927990973	0.213285706107586	0.33828765505359	0.328828090923161	0.258508360577901	0.164148426582683	0.53391105604875	0.205814888220345	0.141636457507769	0.182797154335741	0.567637951815681	0.169413457674592	0.317192354338518	0.0878776168783955	0.185009541733265	0.604601409354786	0.365431558645779	0.457323244631511	0.736532361913493	0.35481424244931	0.818756345584092	0.468728619311961	0.709559230661343	0.593337532418823	0.279607282930704	0.435091703485332	0.524819056102102	0.723755918034105	0.706100855222212	0.619108241710098	0.596271884946616	0.532545152944503	0.435552911569252	0.662712461787527	0.464414795907844	0.448362918785184	0.838907768050115	0.372856817801805	0.621470447991257	0.580664473864848	0.609861126274528	0.599888711734174	0.567082213731376	0.506417911583646	0.57076808919093	0.54558661022315	0.54452241203867	0.455423785591109	0.418930868606877	0.935789827463308	0.326682236212114	0.430655148492335	0.239759498529408	0.284574593997577	0.0132573278929463	0.0480859397749998	0.10230852857063	0.334660152918443	0.319152075523442	0.284479809479315	0.309026354550843	0.25456882659051	0.369081366915342	0.143031027861064	0.212499686692902	0.318856558850153	0.373150232736237	0.389327641698164	0.232666607169355	0.35127051312278	0.186282763547441	0.16748440455154	0.610449764881428	0.507301547650009	0.518150503804338	0.547570698091658	0.488987069065814	0.383745802839343	0.588451201115206	0.400797517111721	0.458919220235649	0.625065449720117	0.5737231895763	0.593169792853711	0.455250835180215	0.682456376748421	0.899895098172199	0.648331577226168	0.538163445586547	0.689822464234759	0.574051540284406	0.451412589136983	0.589586980825012	0.66615875442397	0.592262860043599	0.466573627146838	0.553842803834186	0.606846575073454	0.663423442141142	0.587199348923289	0.506759876719775	0.642556000596151	0.798129873892631	0.482363697399487	0.333780175331846	0.391819651317487
0.655811473640346	0.265407999812266	0.398065943592088	0.263557523006575	0.274504706189938	0.0372654511643509	0	0.0595308065314832	0.207662438981915	0.364147897607487	0.294599526968451	0.243016576213243	0.152998559177297	0.486143521680495	0.19178407817242	0.148129519041355	0.177777684280605	0.524837251368948	0.171795044994231	0.315038850572097	0.0988588295430283	0.19828612204624	0.569598779740283	0.340353359598515	0.462489852246485	0.784983247349514	0.399141664024912	0.804513402966237	0.509112011015442	0.665471626977035	0.564289393026002	0.263588202877079	0.393830299874316	0.501625016254903	0.697286061604389	0.71747997811256	0.62261772815633	0.604653138128105	0.511024322318689	0.389519108211448	0.643673982353365	0.475897519688314	0.500177147400141	0.86359348303505	0.38629274593065	0.666301209998752	0.67005523215183	0.646297071299637	0.590330622430995	0.608242426619707	0.479733313573854	0.58942120977876	0.558730999232024	0.584495372032616	0.50175522471662	0.429853712819384	0.894992717270217	0.284853311299562	0.409783591260377	0.25016188228971	0.279307129171731	0.0398700751915226	0.011629984245219	0.108385510820706	0.34790557464876	0.337155121200215	0.276829603058267	0.280685513583711	0.230180506479047	0.337956990080353	0.146509773556684	0.201301960773619	0.295546512857734	0.376185345454184	0.398847908808089	0.224110285174919	0.334637048016857	0.202833008036699	0.167238364812111	0.589769042270979	0.506400544871695	0.503762132631143	0.559838543082923	0.476478660639873	0.396598759745358	0.624393094206704	0.455434469273574	0.458166087035018	0.558065331849453	0.528694749550526	0.561727429731488	0.431092350362947	0.65357441329175	0.884789369324735	0.635430758164979	0.533759749837987	0.696312898646565	0.56565398566477	0.448433188551365	0.63427395134728	0.695716479663485	0.612270924444695	0.498395910887804	0.598468178176675	0.702442691461654	0.651087922004048	0.571109791748343	0.519723262473744	0.672634758360037	0.808789557400829	0.515451666960554	0.367852808596522	0.408818764945472
0.552470654381772	0.241082083353409	0.369610587300546	0.224144311406521	0.257039970835572	0.0612070927990973	0.0595308065314832	0	0.117859971452642	0.230959653537075	0.276205337686972	0.194938423244025	0.146498182950404	0.405153924728073	0.189591380431098	0.130293090285291	0.188147863792234	0.402591364973445	0.0996118561180994	0.194233686961929	0.0660060407534069	0.115901384977355	0.470596737828847	0.260704734659487	0.384514342974925	0.682350093780826	0.306342564811058	0.866564368263797	0.444675769332711	0.631897966164668	0.515085335914082	0.235538524615502	0.351721224237923	0.405643945468027	0.694971763159935	0.689956359652292	0.558315090055491	0.583817736953086	0.5161075931468	0.39052864393203	0.593810531038912	0.394308469957642	0.365637666461743	0.872589508544598	0.343888677883581	0.625448231879415	0.6161855963193	0.630853018727291	0.597918894392474	0.592931776669071	0.471030618883852	0.565389289719791	0.485679670133885	0.556810647158569	0.388726521296269	0.368338206626054	0.842215510345257	0.289244303831581	0.381571080273262	0.212691843230773	0.261507721982456	0.0704620047141569	0.078810151905869	0.0486057499794251	0.249975407487556	0.211891971881061	0.255066664548338	0.264842491127075	0.245333735872281	0.308299038391629	0.157661839088393	0.19205886483016	0.299963845257462	0.25585526079765	0.31952605110182	0.134202761809501	0.216712847235208	0.1232379108645	0.0984688092534739	0.490819222186937	0.453100567698369	0.441557489432608	0.46948156778879	0.353516520051665	0.283547420027063	0.581806739649387	0.443765634157393	0.378322730847171	0.558188180371792	0.487370570527377	0.579246295879795	0.380148520420521	0.628541103819246	0.820684848914286	0.585566766909756	0.518421117920548	0.638402751515624	0.528658554595038	0.364754866803644	0.500589244154992	0.662775673234948	0.613820795534331	0.432339087446246	0.55550586354367	0.621852409573158	0.621037240909942	0.574071152940213	0.490771506545083	0.641619136614641	0.804752794607382	0.481970905199774	0.317158743430526	0.323091828604167
0.550999868054386	0.286697076642536	0.465223727947593	0.318269124523078	0.401773983359265	0.213285706107586	0.207662438981915	0.117859971452642	0	0.229646474021011	0.286633591852494	0.233196479950208	0.231280737208823	0.314275976323539	0.285239126723321	0.244155287391117	0.315489924624295	0.306176193550568	0.168122410396525	0.185467286782093	0.167125499388574	0.17205065994671	0.414591888989997	0.309425954755405	0.473611744658117	0.641855321572532	0.403441064930292	0.975450835278011	0.457380175107086	0.645241052236586	0.533853203006658	0.328065157702591	0.368914929667368	0.377600543934655	0.754921963098358	0.768418933225516	0.565650286149103	0.634503249963705	0.611107034522093	0.437998795654946	0.672995029424625	0.376121628777733	0.338128172037515	0.84343927317613	0.405739384132051	0.567334639084816	0.633677761241839	0.651469097619931	0.57062974615062	0.569462036118982	0.495302621122347	0.558561525288437	0.408612971486256	0.613855574750621	0.366576425070221	0.346509868622492	0.813600868340957	0.316102631343803	0.473237224965198	0.336290486848923	0.396687379512033	0.207157930185195	0.223228907240372	0.120219286525986	0.211464447473632	0.187190612112789	0.266656600929351	0.257894991616405	0.310964708251764	0.297444305593139	0.264711283508414	0.295370997499018	0.323824532237717	0.202668543113302	0.312851289998425	0.148424945950045	0.19168697366819	0.14368497652935	0.133998305852919	0.472068699711604	0.512809403556212	0.509973797291426	0.399701482358384	0.348934338790735	0.287105997502534	0.645667921693911	0.536468115282048	0.376140721274598	0.624990549400002	0.541728901776214	0.658030063387592	0.422662750968963	0.615252886088755	0.850164739533729	0.64677294905445	0.596267616094289	0.642017822552117	0.596626567104426	0.383292131358649	0.461172772567824	0.640902130938147	0.652453741537207	0.497636867232569	0.568624794616368	0.642668903247024	0.673640911782263	0.57608885522901	0.470931849592148	0.628189113007928	0.847858132987638	0.555658627282057	0.350047012268048	0.335902753527882
0.492171146037441	0.356689215533573	0.501040570328112	0.323173960403427	0.417554438965598	0.33828765505359	0.364147897607487	0.230959653537075	0.229646474021011	0	0.339387105742916	0.265403044986365	0.279258411608776	0.397581687640226	0.345373912513071	0.302159301080154	0.341287418285509	0.340843883047813	0.208423091749591	0.174823695111804	0.25060838725737	0.208302467682224	0.390198556634103	0.327372699076879	0.367020262803895	0.496459562668961	0.310805247202067	1.01311046861707	0.408796820896673	0.520557915368931	0.413116554167545	0.319898993399127	0.343897139117809	0.325195184929085	0.733485953002668	0.620695794137177	0.499477667163348	0.472027034878409	0.516045225763928	0.476032678706516	0.577194687523259	0.333349285845212	0.302736253723903	0.877950178320974	0.368792390983791	0.584185551836078	0.628854778456233	0.693814799277269	0.655738784678709	0.688511814921359	0.53975191711705	0.704647599627254	0.381619913131266	0.496310194993446	0.263082284034271	0.409921552503391	0.783743197811011	0.387448454621441	0.510266897175267	0.353941108120896	0.423449283581485	0.348457417025603	0.39299745180934	0.221880379650245	0.211536138689358	0.0598500837017659	0.323144000492221	0.350613374228313	0.37996633434381	0.383190924725136	0.364385572337534	0.351669670641424	0.397870401579749	0.250418523695721	0.241617589182803	0.227184906154471	0.180294321030473	0.183093150214933	0.215093720727881	0.395213880732692	0.481384094751433	0.408402357322164	0.35601947676983	0.246830825761029	0.209128711683575	0.599761893398374	0.543769281977	0.28571164708705	0.533652832486517	0.451622920821267	0.585775814564243	0.279448900462107	0.687290774457587	0.719432148880678	0.493901402147631	0.478895126645744	0.46544275261799	0.495004849111362	0.322245964638023	0.354699267652145	0.654809291279309	0.61239976125297	0.333326467941485	0.523449992356492	0.529255815740682	0.526449686562921	0.645009806559594	0.453196283556295	0.749083368192791	0.731314132999297	0.442380197504136	0.302148257757295	0.266876545823799
0.605818862446829	0.232996887143241	0.575050965277979	0.404185657369689	0.535743112577408	0.328828090923161	0.294599526968451	0.276205337686972	0.286633591852494	0.339387105742916	0	0.159989584530253	0.112045625367609	0.23249235197952	0.105012679443642	0.217871875186513	0.227244274002558	0.274952434652656	0.334471189609568	0.377924111598394	0.259919754223644	0.317340235379628	0.469990262294451	0.272823649126228	0.507795500868318	0.698964120239801	0.460354134217764	0.9551251563467	0.443755562229815	0.423226012110175	0.441956424620155	0.249170284454738	0.22383839937482	0.303256480475804	0.610223522336983	0.643369045461971	0.567271483369898	0.530446104013312	0.462328297447166	0.304472667753579	0.590969821639183	0.510423042634948	0.57625008419442	0.831730137250087	0.392356188872847	0.665736229953699	0.73381537959387	0.615758545220196	0.473786538778971	0.546072411314223	0.378516112728482	0.518807538230852	0.377612624357758	0.688671627926091	0.354408547412006	0.316064635403092	0.782553747544411	0.173325885771789	0.559078369518791	0.433038706669545	0.527711522710009	0.330902008990251	0.308140807215044	0.269736092163646	0.390602922306145	0.282192317671398	0.069477009305138	0.107480302269215	0.0884568544782118	0.0840586909077097	0.116302297243484	0.228365963190259	0.172470152627397	0.251255409334303	0.304727559239688	0.288655359381678	0.315763934332933	0.252925202013164	0.224731803033329	0.49524883958027	0.563364578908446	0.509473661515941	0.444857083033953	0.400797384953253	0.403959546624847	0.674273449180393	0.518370494526584	0.370406890366624	0.330203572645297	0.407800558449908	0.583044041622477	0.319661386049629	0.620973027220757	0.859496745608857	0.69436839139019	0.498608305462674	0.641835508399629	0.5411606038408	0.478555412403976	0.65042567932469	0.638834007698382	0.600690890986499	0.54868759174907	0.667805596549492	0.755874206199563	0.633096317439228	0.520444553955785	0.436244855177445	0.579322740184366	0.815229688669062	0.618468073716923	0.42183566244825	0.357750260641168
0.434785470859838	0.141210816923507	0.367613504840489	0.204907806355358	0.306490241687017	0.258508360577901	0.243016576213243	0.194938423244025	0.233196479950208	0.265403044986365	0.159989584530253	0	0.0857853704024264	0.271740910293798	0.171757941524738	0.177217214535617	0.183689472078401	0.314204294911947	0.220390434810718	0.302040848791352	0.156694124282229	0.201746951000286	0.414567538028952	0.23730709663953	0.40232367816429	0.73687700337012	0.409863036329796	0.939292502041607	0.507583570979086	0.569509056563666	0.487531113495194	0.203611378418875	0.255150572772067	0.378882047324404	0.636487382335123	0.715064440709987	0.599528467126816	0.573087027173909	0.476227327273159	0.37513716414502	0.586039139642534	0.409523759349545	0.504617746665826	0.90194776854601	0.377112487005971	0.688500092184482	0.739209302521314	0.704437801263682	0.583692103464829	0.62890202542247	0.434402879057586	0.604901382048533	0.331364668584704	0.610316453254114	0.369355197374457	0.321802528384884	0.612595222295418	0.152264448561449	0.34807854013772	0.229222349027552	0.294061741777917	0.264350318697126	0.26964867159502	0.21821088245952	0.270416585740672	0.222228999945722	0.130500882171548	0.0804173739251859	0.127303162751787	0.211312049450986	0.200600901321373	0.192791352620717	0.165053928383759	0.263422955997584	0.186248136040263	0.211977958196773	0.246885898541178	0.125346989030698	0.157748538582249	0.397731935055774	0.500033635299168	0.441112237838948	0.476012668591651	0.293265295159938	0.274254752639116	0.528066936257453	0.496995970364713	0.414115612621545	0.428025131810307	0.405975309406864	0.564864504027177	0.295883806521268	0.699552920847632	0.846158004758209	0.609690943147853	0.529982972784498	0.6544272988544	0.549556291477764	0.31601139025951	0.54734609497331	0.651443577355838	0.622904117600231	0.453000847213678	0.636744395825349	0.704987694350214	0.58232127018067	0.543904770374669	0.479679968909721	0.654853253873241	0.813735104816551	0.53837366109052	0.353031548552998	0.280069368433263
0.518043592343749	0.120356258450345	0.325053642128727	0.178638621183244	0.255445202054941	0.164148426582683	0.152998559177297	0.146498182950404	0.231280737208823	0.279258411608776	0.112045625367609	0.0857853704024264	0	0.342639577115145	0.0741167028506082	0.106626782775958	0.0992286418054249	0.392879010956688	0.211329285417378	0.331489983628049	0.117173564346987	0.187805836364554	0.462154295656976	0.244785773759417	0.369693465143321	0.779537661167435	0.351410909380861	0.842152810462863	0.491805535082314	0.529193161328995	0.457563834078372	0.151465553763209	0.252314573770284	0.415984151083259	0.622951420514968	0.643729959239491	0.557289792096964	0.528324004048487	0.40388657673731	0.297567872889418	0.562588425209346	0.428928053011837	0.527523998780768	0.876399630513962	0.335628623264804	0.674577176279019	0.683052567934669	0.626080853852263	0.53500048784431	0.567296371877825	0.364273654315361	0.548128160627042	0.439501722432185	0.597885337745841	0.420640290873274	0.33206327162824	0.743816849279727	0.124476128994145	0.319999291929262	0.199831844080877	0.252051726860485	0.177924952626666	0.169664707318188	0.200318712124596	0.328496205617011	0.25542839182829	0.113190853061112	0.116677019316872	0.0408254260678423	0.193711299302115	0.0974828025763318	0.133784371871806	0.107038353609321	0.315807795359032	0.240555924399464	0.219533735862994	0.298726132055561	0.144311802843052	0.142422963119271	0.468093226986487	0.438378354066284	0.438115126812652	0.530063579539593	0.34931432155318	0.280945244395625	0.573476499219962	0.433259908454983	0.43175965369294	0.371470339513303	0.380912377902626	0.531924933636985	0.306764428595462	0.633906881158538	0.863630362350543	0.590924436964627	0.467823912617106	0.641944762681899	0.480334422896107	0.370726776754437	0.593918416758596	0.647720636818501	0.590656389922623	0.448525776967565	0.643251298279099	0.710847167232002	0.589659404910892	0.535342299477753	0.468494005166315	0.639449205985989	0.813707258117906	0.533005230185769	0.346268092974695	0.325738820725668
0.610322313733364	0.375438244542425	0.629070216117328	0.47425686708817	0.609156510979199	0.53391105604875	0.486143521680495	0.405153924728073	0.314275976323539	0.397581687640226	0.23249235197952	0.271740910293798	0.342639577115145	0	0.316344460213833	0.363167865808491	0.452631610152608	0.0777979443102441	0.375568007909545	0.321540455016689	0.374319213580381	0.34130363974557	0.303423703729513	0.272544084068665	0.662423780919717	0.597805235585145	0.616002799319851	0.907099796271993	0.556371141370826	0.519839805200338	0.555740918976884	0.354172535044986	0.247936678623943	0.21391569768116	0.665712925829461	0.920380740639787	0.707300132302797	0.655636793057992	0.683297693384092	0.556248802383334	0.728857304251241	0.528883888032937	0.576516142685798	0.994943819981746	0.589929913633055	0.773259884643084	0.901715525669075	0.836386402386432	0.670685280513256	0.747145377654192	0.618514340149378	0.689484138858372	0.304100874394476	0.788899499555261	0.43873334013304	0.449690628592911	0.850114373922677	0.378189170833108	0.615380890126043	0.508816202448715	0.621667261668535	0.511607939773403	0.518512592975956	0.359898537145116	0.376771274245314	0.304148840566218	0.272144385355661	0.18721879591078	0.337629097719568	0.135790928131416	0.322840740800432	0.374440051112612	0.354562184584299	0.12488823989602	0.280252918280591	0.282572186493499	0.265557740486306	0.249976790369023	0.258538414478676	0.403563979267946	0.586759846644556	0.433705239615622	0.352701053430465	0.313864798108581	0.424875820923584	0.685052417207147	0.612582687240227	0.380278287788162	0.523099136980746	0.515211721869677	0.636416284305061	0.32234644869986	0.717236675261323	0.961823514258084	0.794117480097081	0.692663804305621	0.625540088149348	0.626008327453313	0.415543034080976	0.634186864645703	0.780719497496766	0.844625620833434	0.606120855358602	0.781250024837869	0.809717312179326	0.824901304143613	0.679549732667009	0.606188979864875	0.69365032098268	0.972313833298257	0.690561399467418	0.517789911688706	0.493299436502502
0.661047496124248	0.231713428924971	0.468660310238958	0.314226786959578	0.394715257674526	0.205814888220345	0.19178407817242	0.189591380431098	0.285239126723321	0.345373912513071	0.105012679443642	0.171757941524738	0.0741167028506082	0.316344460213833	0	0.115248529682294	0.166435449433238	0.341259372757765	0.26348359345256	0.379639575799378	0.143276077857416	0.238357986985512	0.494817674423313	0.266621002661752	0.42710313830119	0.825614602642	0.365528147352288	0.85854827126643	0.566789111993848	0.526580948629485	0.485730591152136	0.18647137805305	0.280064559530679	0.392844988649558	0.643415010124611	0.715605080533031	0.654777406428471	0.552139063210183	0.472975077018266	0.340128219892441	0.628797734485658	0.524138070649728	0.644844309396298	0.957053133249914	0.43683658682635	0.78295442600358	0.784267193372021	0.732140680791533	0.624507468431829	0.661861392350278	0.462896542053363	0.628087353540673	0.515063934873542	0.69310389467445	0.469939942925653	0.415372301424583	0.859643127678044	0.213828131523668	0.468471337796025	0.326108556284843	0.39755273510248	0.216250465280314	0.214903519568021	0.237853557350792	0.350313954028051	0.315919652061967	0.143492014429741	0.170930873385672	0.0717319760098627	0.166939449315311	0.0459837785714549	0.116330283881011	0.158140881465661	0.301435465900289	0.300787282233062	0.265678196257159	0.339663852314925	0.198986304492878	0.183779342901444	0.478493103418559	0.456050947858687	0.40948613583092	0.522584803037864	0.378680586415677	0.336082932605858	0.597191354670548	0.464250565473094	0.455831167190153	0.380865705299851	0.380254199948456	0.550547151414464	0.305881461212958	0.659089220579341	0.883577700985727	0.626607278991791	0.488347262086503	0.629795469641797	0.502610341360313	0.433688681559621	0.670091170677078	0.721514147937705	0.646928339876696	0.510315156061851	0.706516964601667	0.774568190880356	0.650883071443073	0.59776876863996	0.515533547290647	0.702591817422553	0.860037404753929	0.610823984042425	0.444173171783989	0.39816674863812
0.621902016190389	0.272122424923512	0.425439102864097	0.270578516903635	0.337232803826067	0.141636457507769	0.148129519041355	0.130293090285291	0.244155287391117	0.302159301080154	0.217871875186513	0.177217214535617	0.106626782775958	0.363167865808491	0.115248529682294	0	0.117113395392085	0.376498134444452	0.148260225443481	0.325436389293157	0.0921113539922187	0.11089346105578	0.456805913491252	0.210675503339282	0.375386187946584	0.722733531152994	0.350820167805226	0.837866426106478	0.517366054684107	0.522395377408638	0.482647668638533	0.110290813643597	0.2565609368065	0.386110222655994	0.676820870500431	0.707350497141138	0.632415986308686	0.477074808277733	0.43738270609611	0.364504934924712	0.581594825138669	0.464298089047215	0.559668715462588	0.916708583834698	0.381698162216868	0.715896977710025	0.707568853920865	0.709741487236299	0.646287400872346	0.652712979977932	0.439392586472062	0.636749395207042	0.463111526187899	0.566090559518246	0.447272509659924	0.408806919127386	0.888075842250509	0.278873316858952	0.439988476403536	0.279342640712279	0.341383707756872	0.169137279104365	0.183328104327839	0.207916385148256	0.368563074536401	0.273864956754216	0.221414606676165	0.181954885414989	0.161780113067806	0.243251479518736	0.129325327007927	0.0648040344212729	0.192809761873705	0.283821023334053	0.273776257656388	0.178891296329692	0.286637493063272	0.131169489048284	0.117442974510067	0.481088331625846	0.397533322396938	0.358388400256327	0.461236217842928	0.343343491170884	0.253938271621409	0.549188970778552	0.410655851156546	0.394449780134607	0.417546723908339	0.368703740305202	0.468816531845928	0.252008639903323	0.604655396158658	0.860718078290995	0.590784089962375	0.44096267829475	0.604764109737499	0.481545272431695	0.362811330381993	0.595546476601694	0.712272235892792	0.615393165391239	0.407039318319877	0.620866722628696	0.689036213274236	0.64807087655313	0.614313861037591	0.50036672922327	0.711701149573996	0.760176048292327	0.466275028023722	0.380933636699837	0.387361417335402
0.607780255499131	0.179432056458552	0.360923659018035	0.21477779285865	0.276045154555899	0.182797154335741	0.177777684280605	0.188147863792234	0.315489924624295	0.341287418285509	0.227244274002558	0.183689472078401	0.0992286418054249	0.452631610152608	0.166435449433238	0.117113395392085	0	0.473540556829245	0.240799408079695	0.386387046088494	0.14799349293612	0.202379065720573	0.535111366620678	0.274665166202647	0.355311009657624	0.810138922040796	0.351785314977844	0.820126028725624	0.555864582050881	0.597202492819487	0.519675686717845	0.216859921007337	0.351602234061721	0.510641528007887	0.684952195708754	0.676206583422144	0.602378253452038	0.521076118561356	0.412269546558737	0.345933937069167	0.607025396378826	0.439427982232806	0.521965766455897	0.886697014265015	0.346457763511523	0.67076899058747	0.661221109305014	0.67778359290498	0.588486750758766	0.623922306182743	0.422416008962511	0.619871227584103	0.530673032840323	0.587397031197778	0.459954619390382	0.408212568382059	0.881566872093529	0.217242363325183	0.366128271747159	0.242899876731416	0.278080339333978	0.210488213360685	0.197703998200275	0.240661208509539	0.413299951556033	0.318825688335985	0.205435639143486	0.210912827942902	0.142637638322506	0.30674674093572	0.171985065388172	0.168494624551582	0.15460599418267	0.363053079179229	0.309229719117508	0.269914206051047	0.329932782574584	0.206441071005155	0.173776701801279	0.51782090315742	0.476019823240326	0.426801839681458	0.613235591836623	0.396552156680171	0.279502351583021	0.574369199943859	0.449276691238719	0.480133958826645	0.4544664128616	0.418853715191293	0.536001223305347	0.347791384640997	0.636578545060447	0.875932939333134	0.58373029891702	0.47598052919259	0.629107121789197	0.512766674830656	0.396525823520471	0.522780487204257	0.711611951692521	0.623069249369187	0.447019492767583	0.638215520485375	0.702903683348999	0.589332997408037	0.623406992915828	0.545696722102502	0.708117996094254	0.821659271873031	0.547201084283632	0.383241270303566	0.392569407079692
0.58358813963834	0.431285674040952	0.648197085336438	0.504226761862014	0.632484950781077	0.567637951815681	0.524837251368948	0.402591364973445	0.306176193550568	0.340843883047813	0.274952434652656	0.314204294911947	0.392879010956688	0.0777979443102441	0.341259372757765	0.376498134444452	0.473540556829245	0	0.331976520571901	0.268668779752689	0.388626023186145	0.317415192892356	0.190173601640628	0.207950853504403	0.562894115588626	0.617387048044016	0.507553356255772	0.990185240499371	0.601715526701533	0.527422651351755	0.525283257816875	0.386344623585338	0.241752661257186	0.207560689299852	0.722908888324997	0.894511032971368	0.69378981661618	0.60725094334779	0.683562335534048	0.572034977828646	0.680435593304255	0.536774769156409	0.543505271245628	1.05245865938162	0.588582411585081	0.816758520806287	0.932066287057738	0.898027553810929	0.725119021405415	0.785053237650522	0.604325741484607	0.72071555234503	0.360708646566672	0.857767249518332	0.475127091867151	0.443176789761254	0.809570333571303	0.425124673319288	0.642979133293873	0.540265512418889	0.645250927688997	0.543682910707071	0.560462401724498	0.365627806943001	0.352379325297688	0.283110388792646	0.308442700251329	0.267037525642441	0.399021067172295	0.18388530883722	0.363839442314999	0.364692796424037	0.377804349309485	0.0988439572524913	0.263190697137515	0.246437397865793	0.211796400931172	0.247297121146972	0.253433631910025	0.29006640708492	0.463236971037242	0.3483033489586	0.326382036711456	0.218698930933813	0.306935754581349	0.690254672217457	0.667654783149214	0.378094053683118	0.528458103419699	0.48625687494054	0.671907627874131	0.276231581613798	0.689011419985071	0.930634771785591	0.742290902932637	0.676968844942234	0.582101365978658	0.620483575913752	0.416862828380829	0.558661142848118	0.832065529233726	0.872498881840846	0.582922892565149	0.81026038188004	0.818989256194624	0.796519763448977	0.739034574339599	0.623089058722727	0.744573922236766	1.02961345125368	0.758990596508345	0.58184044523714	0.425924835546492
0.521060550694461	0.292213540868214	0.379892349593297	0.247768017599315	0.293786099740931	0.169413457674592	0.171795044994231	0.0996118561180994	0.168122410396525	0.208423091749591	0.334471189609568	0.220390434810718	0.211329285417378	0.375568007909545	0.26348359345256	0.148260225443481	0.240799408079695	0.331976520571901	0	0.187897342927381	0.100783529050067	0.0602589707057402	0.351606607924774	0.194816631195304	0.307538060297959	0.682381751898258	0.250230928089088	0.898549076045511	0.506837962566776	0.579943367255362	0.481018517705255	0.236991903449386	0.288669676823449	0.367107006168356	0.708852670864456	0.713144632565355	0.583830264202419	0.526604736291594	0.507694927289272	0.383591755587425	0.521206477394158	0.437787396921861	0.390339939111009	0.975768130075035	0.402917807671684	0.724768899400345	0.691793109187752	0.730955049467095	0.690922312645858	0.683898849172079	0.489181452884229	0.644106881917522	0.475187927005219	0.60601050211527	0.431151608193872	0.407261783490946	0.801719469923386	0.32944141611597	0.38752779505977	0.246406258572374	0.294338880938825	0.176604573002059	0.196647204055282	0.134406209870872	0.253926089805049	0.189094680508701	0.296594713142688	0.283994776292717	0.305587254359615	0.341864227970827	0.249039459494577	0.198721526525002	0.29798819243821	0.216866380362305	0.23743545585475	0.0748971856843434	0.158412994615702	0.0981606001823685	0.0964951774698907	0.394852018792901	0.372738704375926	0.301862504565519	0.423395888640041	0.234630626944846	0.169422345577754	0.559204515023163	0.51733398509044	0.355502285537158	0.481829919615278	0.400183621824291	0.497563018303532	0.274948222250455	0.593582009718583	0.763395260966765	0.516800478663033	0.486129418258308	0.526329013390443	0.465641445780913	0.31635623853882	0.426423406501945	0.726120670044787	0.687644843774986	0.379854887317411	0.621583342560686	0.64107996159705	0.608576482138581	0.643149966298132	0.513219422654041	0.750452306881857	0.777164301712035	0.486061561181955	0.345506065159971	0.343801265827997
