0	0.340406215002385	0.488064502778868	1.05230070146978	0.792768744477426	0.805436130718342	0.850446390186496	0.97044823532194	1.10941967268193	1.13947645140284	0.567982442931974	0.827238171333442	0.474005762223565	0.594472580016506	0.540152869464401	0.700705575618718	0.708359694874188	0.853316191234506	0.922800492787879	0.938939357815338	0.867394941077636	0.889535940526941	0.818716070346982	0.900376832165008	0.838530391147922	0.91244564783265	0.876928758186079	0.916384240094604	0.778391015742868	0.509260569765097	0.487126895587458	0.591155736346775	0.540266928084679	0.672911302167938	0.682997207143617	0.840584138707981	0.586303619072441	0.926719850918189	0.777981083627271	0.684240024550501	0.920189079009075	0.806170344929229	0.856105245751476	0.91819633792536	1.08460016006934	0.932927022931991	1.02260386899349	0.822489684828112	0.97450251977794	0.968597767912915	0.681782502523945	0.875040540055131	0.757143037069753	0.86904080600281	0.670574872555167	0.732164300823586	0.422028994835943	0.708944152627432	0.569946536466092	0.83925456955076	0.844669861918476	0.859346936061802	0.808677499969604	0.962251062687691	1.23733787685571	1.04387363105574	0.660776205771517	0.755985016784756	0.508021780936779	0.94483261100039	0.763152949156281	0.645860222697806	0.729113554208736	0.870027413511418	0.739740470920151	0.938642354249591	0.988458565921434	0.954756583632375	0.875724050886798	0.864315117819919	1.11157704463424	0.777745859187107	0.768224584613252	0.81727661199843	0.843685300996122	0.808141370744357	0.847328632377344	0.709252340685976	0.529311260121857	0.557842405589447	0.616165720818061	0.456557985387587	0.736056118147408	0.734495890501027	0.719387412534507	0.727832757664472	0.818835505137601	0.881290818268791	0.737506009690934	0.731407046425231	0.937400755566854	0.932967253552265	0.898470017105547	0.936985174355377	1.10051523767953	0.651750525814698	0.98567063062775	1.06849307118118	0.857254619550712	0.661781723339496	0.759317928588359	0.84532537386218	0.776641714224359
0.340406215002385	0	0.491494407141996	0.709691084980384	0.522337570008228	0.70226208743277	0.890216917171707	0.785610323130081	0.960897464089546	0.904315224231945	0.506646145122577	0.511694610843983	0.626198479256566	0.674078344400908	0.72411364100921	0.643227298739972	0.609955099737231	0.779810425050269	0.822903390876597	0.823948112923114	0.705653622334949	0.769014463011683	0.842999444182618	0.740629300431663	0.861535126389948	0.907184648770244	0.825017127444396	0.864363935843138	0.751616799327776	0.717931897167364	0.781646542525523	0.871945913311852	0.774108203363866	0.727176654264341	0.828978000542462	0.928046408547322	0.772860692163283	0.942432771162245	0.786947019819097	0.783792890039695	1.01877583435031	0.895401686264299	0.840102000466022	0.962345318203289	1.01148647968627	0.945821178726063	0.919601151330936	0.867325173567309	0.980676457977088	0.925346667136708	0.707171599120049	0.842963220331726	0.652394979406039	0.901619091035049	0.688670849442547	0.809294222252537	0.495107811319161	0.27348377049018	0.471177112996305	0.516465505237706	0.531708951666807	0.750048441054052	0.879672625883204	0.781728264680227	1.09146398198009	0.812079513760098	0.510809923109919	0.573397446199994	0.639789058232215	0.703610402338027	0.790498869998367	0.73014088212282	0.663353140698133	0.750754510950867	0.510670487754185	0.854344289082957	0.893094891994675	0.755650426301026	0.724040055317453	0.744865424516067	1.01408477250697	0.631223655587052	0.815991457203951	0.778850426877444	0.850469981379738	0.898541564331089	0.867886761709031	0.765095071985566	0.781958781059479	0.847328574007723	0.805529094639993	0.603670739631082	0.869356424867283	0.89120401843847	0.812542321091122	0.802712029654369	0.828356639855292	0.86141987942997	0.828603156758413	0.760643435307117	0.881728205011445	0.959661677715789	0.936267668238436	0.942265937869731	0.944287392338093	0.832189795355856	0.954725489337171	0.982676976547276	0.759992478890986	0.742565403802324	0.801324335588981	0.862926513798698	0.837945314811274
0.488064502778868	0.491494407141996	0	0.405118788107965	0.257112510499813	0.821131371161062	0.945667249848401	0.792716960242066	0.935145728152426	0.953928966816587	0.670068804578124	0.730709197683456	0.471324458901276	0.579089798211523	0.427261985662946	0.435997599774002	0.591669548651956	0.65609048184558	0.716436091094701	0.775210986239269	0.646750017558491	0.705346475311688	0.736461640396117	0.799205223319853	0.566264705134888	1.01882464649826	0.622998927740698	0.89144117685653	0.930783688432983	0.659767402521871	0.538626903371449	0.600161876882604	0.491772898806502	0.524283004951042	0.74462062163068	0.997621947432743	0.723258189433508	0.984184370323465	0.698480977269703	0.726097071446113	0.886074014342709	0.937720890023761	0.807538397491608	1.20526180467562	1.22146195841136	1.20163171085611	1.05331950067968	0.96093116749239	1.15873929628572	1.00106362972417	0.536436491204849	0.860275485877111	0.576188540334497	0.899145556782403	0.736611915676082	0.752430239030427	0.213270874879228	0.600664256000903	0.0537273922691232	0.26847499051094	0.295999746860766	0.82918225035854	0.930539042041586	0.774630892507904	1.11472559591158	0.848739728976942	0.781257335373023	0.539044934450142	0.46637706728725	0.765518539619361	0.572530660814964	0.458577367634194	0.616880392554265	0.683674867653229	0.576292954908332	0.726100421202518	0.804595094389294	0.728281131254728	0.664494569993999	0.834201612019003	0.871442214607431	0.643664974859699	0.898138276029669	0.553595495439249	0.670124032919661	0.930377029878007	0.937246616685798	0.894543184889226	0.561600102984674	0.605723153099575	0.453788524699539	0.410929897695485	0.832700516813129	0.968900949400076	0.968064555938692	0.841695415079668	0.91582715449151	0.742802792982262	0.740964949239643	0.707160486621953	1.12566409443904	1.19012130850405	1.06563320015155	1.19459086739805	1.10167342853636	0.909895700530999	1.04488612260785	1.0926748824014	0.876224494674094	0.680767519396428	0.748754309034613	0.799821540463243	0.857074791631983
1.05230070146978	0.709691084980384	0.405118788107965	0	0.242197144659557	0.804971703491685	0.932489025620335	0.704191655912819	0.767469519625684	0.746417728715935	0.810694330568232	0.601757693836699	0.763634059178904	0.805770298105279	0.765277715668172	0.600154879287859	0.649652742843779	0.736986061901654	0.766516451731423	0.790814792240443	0.717049023545427	0.74450133907394	0.696495361542689	0.727461817671149	0.637905754707005	0.964443672697341	0.623865758232936	0.91535560802525	0.971555334922805	0.904175033936858	0.86792080690505	0.875441529662649	0.762216699810116	0.670176717791722	1.00497793155363	0.957126213711802	0.891086105717936	0.881458593006798	0.663234764920106	0.823080082490616	0.915930618753067	1.01586831924581	0.884467994963322	1.07051191530545	1.02074830689585	1.0803863068394	0.911615411349679	0.886148571836054	0.978340356264524	0.80520881051949	0.586868315880476	0.754140002666393	0.648994787608993	0.891524039267078	0.759530746012496	0.675665894105799	0.647173892128829	0.552200586253445	0.330775740363987	0.156855530894174	0.249017283295997	0.7565258620398	0.95749062446302	0.708861613172821	1.00466463240257	0.692263234087578	0.802457066250555	0.564683263956653	0.757778003755296	0.697444841700006	0.72733914506032	0.641759318271195	0.686521718334238	0.741138258895211	0.59300262424246	0.817803116551755	0.818864593263815	0.69734582726124	0.681162563381161	0.827593155442625	0.745849677496381	0.711259932338881	0.898597457707295	0.665492407228901	0.674781297631826	0.986569098955867	1.02890112674901	1.00376461008707	0.882736023915227	0.93249809345876	0.7980717092739	0.714094447157293	0.896845677684628	1.0342331523908	1.009150811542	0.863397383941224	0.893737182231115	0.799008648722336	0.962986508720389	0.848190790042729	1.01801136342083	1.0428284535601	1.00072166450021	1.06177017533314	0.909186747646682	1.02770056899075	0.881530936446415	0.80566642441737	0.766153597927042	0.84859565346672	0.81081987895101	0.734236704351023	0.837686834015495
0.792768744477426	0.522337570008228	0.257112510499813	0.242197144659557	0	0.715981078592555	0.87813482666139	0.46766059815039	0.68028757940642	0.735492419580908	0.634667462563954	0.485613408413754	0.561892194985994	0.484805584426802	0.480413930713127	0.30913976195481	0.515190985397682	0.413612656846554	0.390828115840567	0.448566702994489	0.365310277938651	0.396044980522914	0.668788724695583	0.48490609324724	0.448551069508579	1.14114223484051	0.393226037563231	0.898353909032926	1.01241073990842	0.809825076279257	0.822199108011219	0.885615610190791	0.783535171528003	0.587508455579591	0.958829227623408	1.09097248617599	0.954501333292054	1.01382488686535	0.692223024334241	0.889446837039239	1.15024447332951	1.03314826284572	0.662326460484203	1.33438479922439	1.309555864869	1.24764017211296	1.02528613436715	0.969178300707796	1.14928795748155	0.997924601379373	0.515185313245456	0.813472154984959	0.379770066573971	1.04687755818661	0.849311915176224	0.748155227977227	0.519720545668948	0.430148585897003	0.201373606647411	0.186937099145234	0.0380226554673899	0.643183341167671	0.845471769514643	0.505769716474618	0.967076615086623	0.684446341093726	0.693470038553711	0.379582820257174	0.568493762381096	0.464232056354882	0.477844344340439	0.395444633205826	0.406632245070199	0.372683320766445	0.33714158171594	0.446148695237398	0.463483052241604	0.377512830401649	0.341846088646718	0.567320343879067	0.750829393629782	0.381128060227146	0.862351194959659	0.378545031688392	0.793087949992992	0.990234884407538	0.959976731627868	0.998309767254207	0.782948868424033	0.899485462834096	0.682368311798362	0.575359670049201	0.979069997859472	1.14820319230092	1.0908829543539	0.885885965721044	0.973447037421888	0.696464966855868	0.833418454056598	0.634504725721218	1.26507166212944	1.27981708109932	1.20686169192677	1.24229582266942	1.05306166592042	1.07060483143481	0.954615106557679	1.02261949085903	0.709134787797313	0.797941265229375	0.925148883871283	0.95182529888205	0.799959647178914
0.805436130718342	0.70226208743277	0.821131371161062	0.804971703491685	0.715981078592555	0	0.417751582229334	0.428503559221815	0.540252374920912	0.484085598985424	0.672154675865963	0.53113959257859	0.902600731082923	0.54271718529842	0.705545680594847	0.656930539302718	0.68035588224723	0.61394062982281	0.56670303023556	0.607505906578066	0.500827148194275	0.486152678617476	0.771153498084934	0.500253942713429	0.943839639849029	0.851185678309243	0.591446990506572	0.773729516155501	0.675875550364853	0.947048365247788	0.979985607777859	1.10843335252367	1.08022008469345	0.817844713734954	0.951557692824188	0.990800170394406	0.898245831474814	0.920727994940939	0.723325694201758	1.0049317844047	1.14601833301711	0.951852119386975	0.7302924961865	0.884947136955476	0.871841993610905	0.870175741425868	0.708285780481623	0.706880070238241	0.734316866091002	0.761734814752811	0.709017328625725	0.681020146868734	0.686245236915197	0.959350117451237	0.567939793006238	0.585779002841623	0.756267794666279	0.5019960384678	0.827323268203413	0.70566748526497	0.671564698395064	0.124527658320511	0.396884112015781	0.296063324531305	0.846347473962587	0.425040734777436	0.587409124030595	0.619959763619581	0.906253952515864	0.41490854474192	0.606275156687652	0.798960946020959	0.728423980802785	0.638778725506114	0.497699762339966	0.588548954251821	0.739705346005136	0.462467524172114	0.557740285947341	0.706313148733946	0.942208326875317	0.587213831699228	0.801296334603508	0.833725946111707	0.93231860145483	0.822757961222005	0.853427576914249	0.628224412260437	1.04554145708758	1.07376734270919	1.13385838946388	0.908228009174178	0.679230580297534	0.980156377621793	0.843825204236984	0.781896275835333	0.798583969960122	0.953467598390601	0.916143364826676	0.69183860433344	0.81571205538881	0.839371172626913	0.967516897898548	0.821811524297972	0.704799448052121	0.893166656070157	0.654327820778237	0.764589592474406	0.499041413344309	0.797578211741306	0.95416957180838	0.896545932796144	0.570730750710568
0.850446390186496	0.890216917171707	0.945667249848401	0.932489025620335	0.87813482666139	0.417751582229334	0	0.421373328208614	0.617249865281855	0.645691220601095	0.811715552069102	0.739363434634035	1.05923610462244	0.643173012336237	0.831209457767434	0.853719176317778	0.837851003813683	0.683208746895221	0.697557595361375	0.636409867513867	0.664073017253462	0.584994586549543	0.657112889830984	0.622323456179137	0.821912185390408	0.925666103291503	0.610352507785613	0.817519320279952	0.547426817470091	0.882379132504986	1.03273063284801	1.0681217851578	1.05011646246192	0.734747151059547	0.913011648761513	0.980833682309385	0.818461756315908	0.901033275395113	0.6735561992183	0.858793133439196	1.06415415576777	0.993277414992878	1.02076260568379	0.788055860787997	0.870837551984486	0.801606669606614	0.700834739822074	0.626850854204927	0.668253140466229	0.623170075240176	0.75241924560474	0.6149793551743	0.792474668963955	0.879782608562477	0.611362412540356	0.620861803179026	0.873824007774851	0.708539297041351	0.961305977961207	0.846560260601272	0.891754910957915	0.466051500172326	0.0463589115936704	0.345193131003357	1.01863298706506	0.630944168216486	0.735914658771741	0.812752495559453	1.02537283035209	0.680863527897464	0.723571257283506	0.862402881640062	0.802214968953033	0.77053317884974	0.730497195128292	0.713380225159558	0.764816985747051	0.646325070450135	0.700427878751799	0.749648463870365	0.782854929404537	0.802176277271084	0.782196832296705	0.773109658397944	0.871396774891455	0.999554165281346	0.801357174821775	0.482654444727709	1.06984278056628	1.07683735444931	1.10097156296795	0.862191559170605	0.658440761357471	0.924030949980593	0.785396331291344	0.716332844679527	0.810604571349676	0.775940633047739	1.04946508520505	0.945528848767806	0.787949746551618	0.730751560162495	0.869688212762571	0.775499357581511	0.6844150723862	0.814935439747481	0.75707237917448	0.667442818547251	0.447331611785698	0.767257545239263	0.947839517717336	0.89951829623309	0.57736947360903
0.97044823532194	0.785610323130081	0.792716960242066	0.704191655912819	0.46766059815039	0.428503559221815	0.421373328208614	0	0.338183784684302	0.403256119252647	0.662034671778768	0.460106133146112	0.918198440270484	0.453488422772127	0.589752455457541	0.441956423530743	0.561906394690652	0.272296483211328	0.219980974377174	0.199614685436453	0.304442196366612	0.214985255592195	0.655455875117325	0.295376079535349	0.59592054925091	1.1191051053857	0.354873714402228	0.742890545596419	0.890923673138219	1.0461716666083	1.14013261842871	1.27559982997675	1.16044256449512	0.712111041444786	1.11428949934865	1.20583796094325	1.08710972190027	1.08915304037483	0.78134039218007	1.08531869172985	1.3481923765616	1.21390485945448	0.760904314932946	1.28075486690845	1.24105336806746	1.23034202081542	0.951303224617303	0.893354137572763	0.986893566880233	0.922461222100103	0.663104226117804	0.750842889344783	0.466030764090358	1.19283383750228	0.839791181751672	0.75292118080987	0.90954553394612	0.525661963955176	0.769120877061815	0.610711876048252	0.438079535383847	0.389772296278288	0.410336810654467	0.0730062847097239	0.779449480870775	0.347485250529444	0.650454894992135	0.488716343898718	0.885213583249328	0.332636050025574	0.462903171279697	0.592388871969603	0.408894160191622	0.265671230090516	0.368110678766371	0.241098573414644	0.24910343968276	0.235470680658293	0.252274488908727	0.500432390835695	0.741991081324756	0.368152866962705	0.800655341490883	0.463712784995146	1.09050011380151	1.08175925328213	0.805406555556881	0.773714097767362	1.1404949358259	1.24770895804988	1.05385068109297	0.890132470737235	1.03516792195043	1.26893562069533	1.15096006409138	1.00625915561308	1.04435649435477	0.766796967746176	1.04112117744849	0.739555948596444	1.28376721901351	1.22671823873725	1.3267353148829	1.21220860093935	0.946854439467754	1.14670525684629	0.851997903373598	0.96283875302904	0.509461361348143	0.900085811145323	1.15340741995786	1.08723364236325	0.691833084563635
1.10941967268193	0.960897464089546	0.935145728152426	0.767469519625684	0.68028757940642	0.540252374920912	0.617249865281855	0.338183784684302	0	0.46433093753033	0.830853299891177	0.676454495071361	1.07453745562373	0.642134581472531	0.792683543217227	0.641768131655027	0.809253212680951	0.471880336684285	0.415938533249747	0.419317183468279	0.529107071594428	0.382846325524683	0.77431808469946	0.465322856704871	0.794750046180318	1.07057727575437	0.499794186051087	0.807833242001905	0.966806778306503	1.09834517910741	1.25049107909099	1.22910832093375	1.26009530401465	0.908169924563383	1.19785367069232	1.18777096069847	1.10462832841793	1.029756246639	0.79095367942474	1.15648911358089	1.33757054245448	1.20610740617918	0.949280685290259	1.13665743059022	1.11762978054862	1.16121230499	0.940475643713572	0.906466501313643	0.942471912612524	0.962691260322468	0.801338306432816	0.787456124899281	0.627119331431863	1.04273295791413	0.849930147389271	0.822707866830662	0.952319860258346	0.711848819193449	0.893325975363651	0.710423677441324	0.653411060138088	0.491469711515841	0.590541070701282	0.327549387608008	0.632015796436909	0.398099518483611	0.829562890360747	0.729946690619035	1.05991035786572	0.531934307105304	0.664569729629636	0.778168488103155	0.655168947720936	0.453564481194695	0.645529533248483	0.424012933677479	0.439331638613692	0.383802069501366	0.448325593932866	0.636706625445115	0.836784422902508	0.572396096664901	0.940514147548138	0.717775864209687	1.16487018078283	0.990485063956551	0.818078785134708	0.899094588051935	1.18212493279863	1.34612153715626	1.1335590061522	1.09777111158043	1.04463184274701	1.30734582022507	1.18938473346026	1.05557337212941	1.10436908660463	0.863190235857727	1.09393640413525	0.86573897361792	1.18196801457342	1.1402136826907	1.23026351236922	1.12510540451068	0.927997976166855	1.12947013889562	0.896966497934662	0.950338096905754	0.660777344050978	0.883605645536545	1.05724759289113	1.00164376640894	0.778499415418143
1.13947645140284	0.904315224231945	0.953928966816587	0.746417728715935	0.735492419580908	0.484085598985424	0.645691220601095	0.403256119252647	0.46433093753033	0	0.882664811389692	0.584205868308695	0.980617756368133	0.752049340400037	0.901127407460659	0.779236485348704	0.828667596057492	0.68994346640331	0.666226896184461	0.555897713005954	0.638582250929605	0.642751319641933	1.05332016158507	0.75149717324369	0.932868750964244	1.05975149293816	0.728989586728539	0.837922280895012	0.992267355668721	1.08178305729639	1.15438578152259	1.20959627297925	1.25253483573263	1.05168805860842	1.08633131154397	1.06614415395019	0.98946110828296	0.949645621675811	0.9391995179984	1.12368311598081	1.18430367888425	1.0012485615087	0.734656284875058	1.08152087744329	0.985813120868919	1.09037128206199	0.838379720353513	0.972301517687258	1.00903866503005	1.03693075021713	1.02372316111637	1.04477844290312	0.715059752960329	1.1090600694096	0.867403182093839	0.869971895591815	1.01495311982278	0.659402118591788	0.941652735114465	0.720306026256232	0.709938634709436	0.56636287054132	0.658610689309476	0.41739159155388	0.751416860110138	0.1426953780705	0.819116846931697	0.599829862559893	0.957268529164227	0.62609764472895	0.748969315433727	0.895571907372592	0.817802040111622	0.692647903688497	0.728935854621686	0.696023389826622	0.694755614592927	0.549754416805202	0.685702096305573	0.664194800630239	0.873202780831395	0.688967159868696	0.953963943674123	0.900374278568838	1.02123005060164	0.981175207889259	0.844958740419736	0.907816393803533	1.03597924010965	1.10637599840457	0.965672032465583	1.11312569077023	1.05302583361768	1.06024773800366	0.963768054855665	1.03472358666509	1.09583051882383	0.96222022676387	0.853156743583771	0.679466124826033	1.04846121679161	1.05339248637036	1.08324573198575	0.983566862226504	0.838578914556156	1.04776993375728	0.889051091039395	1.01841951710266	0.817588823631074	0.85732702315266	1.07185550468942	0.912754449222421	0.837321799955964
0.567982442931974	0.506646145122577	0.670068804578124	0.810694330568232	0.634667462563954	0.672154675865963	0.811715552069102	0.662034671778768	0.830853299891177	0.882664811389692	0	0.367170215999257	0.407256773794707	0.421725076941698	0.329232262258003	0.420701249899736	0.449476169899047	0.583667344433543	0.645520797418452	0.649504811007515	0.583507105413814	0.633359578999079	0.705688189073624	0.682392150734651	0.783933466245377	0.734444746834534	0.760554419784435	0.718218682991986	0.861938693072971	0.61955167014929	0.636430992397599	0.891121681661457	0.653877458068543	0.52411005799358	0.732909481094043	0.842310236565161	0.887284797600122	1.00253583722708	0.835940247148297	0.826655062993568	0.983089845921541	1.08046068731346	0.79111156847892	1.14990544222076	1.23946358362522	1.11066772171816	1.11789061569536	0.96556935758218	1.1255051444255	0.962809350202345	0.671635843756017	0.750481161537596	0.488532746481476	1.14102959203069	0.703558953897879	0.751850370265442	0.558349203085814	0.466776645908904	0.694688958237559	0.703176598403302	0.648433889574473	0.638848271845099	0.752091525871723	0.680971807991577	0.929947889822456	0.787734372295288	0.22118051984901	0.343189116920938	0.345424845985119	0.48660017180749	0.378912333680108	0.473532039015521	0.377291861680627	0.59550471069978	0.421801644027868	0.676808065873552	0.716156712358423	0.627234739220704	0.590189000200158	0.81822299826126	0.925204241797776	0.526193346751751	0.683309048106356	0.678822440099281	0.9544714848746	0.775599783113836	0.679524612010414	0.920821489160488	0.684624505069426	0.732101633933397	0.748579410325073	0.492987540683062	0.71945637844592	0.873767391218934	1.05303169755677	0.867896971628859	0.902715257929855	0.858797690932197	0.999413558266119	0.783737611695024	1.06465312970765	1.23032527595613	1.20424495357638	1.16768983623022	1.17582275282361	1.11701797637723	0.915907678405744	1.0104630569659	0.741263110870169	0.862848335231131	1.0432978058856	0.990928992711932	0.872119260238129
0.827238171333442	0.511694610843983	0.730709197683456	0.601757693836699	0.485613408413754	0.53113959257859	0.739363434634035	0.460106133146112	0.676454495071361	0.584205868308695	0.367170215999257	0	0.60594923104514	0.520458018638519	0.560520447087523	0.373265215349072	0.4321052528955	0.541986772853101	0.566990711605229	0.529765556619072	0.451245588266457	0.525535106183058	0.772595845477317	0.518188339701666	0.712205372898646	0.976031592070916	0.593660470600439	0.80360786627681	0.901536801158595	0.841639701077386	0.960314215003373	1.03777122010085	0.927123860508983	0.734620799087679	1.01969058129469	0.973815701539784	0.997961375138965	0.916732403120592	0.79673889208405	0.937468655337339	1.16859393443866	1.08763322832698	0.778407273052971	1.14244065506583	1.18387108226879	1.07077179412463	0.958564857958574	0.904657525188241	1.03218443705233	0.898849252020836	0.682718695127952	0.780018282205468	0.404803584821313	1.19385775332479	0.818302667834295	0.749255689202057	0.718334771535543	0.312796463603794	0.710143650618737	0.581394195119354	0.487338516628025	0.489810324209847	0.687598495847367	0.447023487527875	0.820764071048641	0.532480391430233	0.2926924401215	0.178476632850642	0.526312783313642	0.337104599884753	0.486676033100813	0.496459893602	0.379793263452364	0.541293813143616	0.332864295666032	0.63867084360649	0.612356755126048	0.472501697354556	0.491963449366315	0.635253292935647	0.783931457229885	0.429281134898713	0.709645283545921	0.573600780040974	0.969873721319374	0.886688825144787	0.875136166931809	0.914944140298875	0.837953846404387	0.980806420762723	0.843744307551688	0.663604150461138	0.87073395864724	0.965626158537346	0.977597304105521	0.829478813601772	0.839584007523914	0.766000561664024	1.00728221959573	0.769934953646565	1.00706669145763	1.15795993799105	1.13296419114709	1.08514532229396	0.945165694874144	1.08890084935171	0.790378587873114	0.813350449120276	0.587513170406865	0.879326225596011	1.11733034589229	1.02528891197794	0.781836820954265
0.474005762223565	0.626198479256566	0.471324458901276	0.763634059178904	0.561892194985994	0.902600731082923	1.05923610462244	0.918198440270484	1.07453745562373	0.980617756368133	0.407256773794707	0.60594923104514	0	0.571854996897261	0.301942083892422	0.475500669540306	0.504709465546725	0.839644335009784	0.85642863571789	0.886026052797147	0.777011507000767	0.905023039798722	0.943188136853386	1.00770480697336	0.597739890044275	0.88385531252267	0.862793016609	0.861438784807362	0.958502038321787	0.309328016444678	0.185617595716182	0.35239925220956	0.284269343067369	0.577791936291708	0.618192816010729	0.642694669323593	0.565956011199218	0.765325880180376	0.767655087576316	0.554483560987124	0.712324911717341	0.629565723876201	0.469850824950996	1.07046600937484	1.16802028707231	1.06900405903719	1.09392174274635	0.940089027666398	1.18886663423524	1.05815510246144	0.666832944969428	1.02486120517487	0.63689453361643	0.883374121705373	0.762815953627004	0.754677541895591	0.525416307874217	0.79094414374535	0.552124267725745	0.691799302621661	0.651780331006631	0.920528671108636	0.977448265667731	0.960968908201513	1.05352789473085	0.898759375487258	0.623800280044533	0.502532241217083	0.126923076075738	0.873011233271608	0.558953803814112	0.44633239996363	0.609730089649084	0.88396964881912	0.710170208252163	0.883580255749358	0.955643866362305	0.881471625827377	0.818981058540988	0.981575445177718	0.959659289057296	0.742133120798506	0.74446747986503	0.707581350742056	0.721279089732162	0.70789867613692	0.813768262331865	1.00067514438262	0.262253303514831	0.296200167328312	0.302184075079803	0.34059860471888	0.798607899800647	0.695231031308172	0.805342682145383	0.751730389528052	0.831886627940788	0.817053205118621	0.50819521116083	0.49286420079259	1.10764417621637	1.19639427619939	0.965624484500834	1.11316521577291	1.20607372417987	0.811816781760042	1.04879764242995	1.1247441994886	1.05046885133977	0.75302134264754	0.780279658656813	0.773008442205431	0.966020272122505
0.594472580016506	0.674078344400908	0.579089798211523	0.805770298105279	0.484805584426802	0.54271718529842	0.643173012336237	0.453488422772127	0.642134581472531	0.752049340400037	0.421725076941698	0.520458018638519	0.571854996897261	0	0.228810952013097	0.377226059297817	0.540555201244335	0.293354670805985	0.358226949243478	0.32005799411629	0.288807233196724	0.326772541458382	0.63564171020075	0.357957870268119	0.577350168649792	1.06767514967484	0.421817760069368	0.795067570803562	0.909970293049186	0.796012304463656	0.831148237352671	0.975524278201186	0.892615243378025	0.533592313569266	0.960702272047491	1.24486337422178	0.932523146102907	1.20518475153671	0.765576327091956	1.02276336975814	1.22184459007117	1.15294827938266	0.71297945159089	1.30184237727004	1.36072129007198	1.28502931506028	1.01746718501102	0.954478179828226	1.10296357574903	1.00248278515444	0.588996314161488	0.716697007485644	0.230838437834885	1.15657286823397	0.724717471024695	0.77407131226227	0.603750737539856	0.596478446437573	0.588093571808591	0.646425995630679	0.487715242358439	0.495511672831792	0.557281189692008	0.469189247516922	0.960062737854159	0.693538314278306	0.56869678800018	0.370467071811857	0.556037273585804	0.368097038820119	0.301405624243257	0.460618941073096	0.390374570740895	0.283871207596172	0.292362881078753	0.371843177573741	0.401422376053294	0.288490221744409	0.337947650098105	0.413363355794544	0.919590247772106	0.282323696933188	0.755972903911513	0.375165473193011	1.00387401471019	0.799217488681359	0.731910558766775	0.763043629926206	0.814484324886288	0.948836257334072	0.795137578009479	0.59860764795719	0.972882240198238	1.19274894243528	1.04081583097408	0.825320479021442	0.952725555502784	0.619428415654591	0.876058857618257	0.66360473981059	1.26543043947959	1.2504979222251	1.30059223201839	1.25511610051891	0.992109517824892	1.01331635361493	0.896835930599268	1.02794317593324	0.526967742500701	0.612155512962107	1.04407806460781	0.991795687243538	0.690418838810508
0.540152869464401	0.72411364100921	0.427261985662946	0.765277715668172	0.480413930713127	0.705545680594847	0.831209457767434	0.589752455457541	0.792683543217227	0.901127407460659	0.329232262258003	0.560520447087523	0.301942083892422	0.228810952013097	0	0.240695956924728	0.393536791057508	0.393022717671583	0.450186040696879	0.483716102611496	0.415154626157653	0.463150712102948	0.72882890675006	0.60493136436764	0.525504712221533	0.983860117226583	0.538359994962925	0.862046970203652	1.00505928896374	0.639658506495316	0.500154094082951	0.736690129992181	0.543527458471902	0.456948820387743	0.765521332200449	1.06649261257201	0.846686314767328	1.13972893645389	0.863995990874785	0.870210907930384	1.02189883938121	1.10007408875561	0.681008229944838	1.36410404578528	1.45764455884486	1.36090858805722	1.21673838265471	1.09533384390701	1.28294415386585	1.12873699904346	0.602955763283194	0.871596094191489	0.368109143396543	1.15013420775921	0.771248465215055	0.81413219244237	0.500332810170375	0.740380455654892	0.464950488231818	0.611576183858985	0.478568299150154	0.640458019406917	0.748003262397981	0.626700967837436	0.953182555393417	0.829419286171088	0.564620528890467	0.388334645882918	0.2793992059598	0.526361575353691	0.191832193934677	0.240029521490169	0.321773421440348	0.42044469080414	0.410983118294623	0.460959847055342	0.539271722002298	0.483987411200077	0.428192750672385	0.669096479947145	0.90288920642302	0.398341778090598	0.724756535732112	0.410763984708482	0.909093578075513	0.745605668811083	0.819112616894767	0.910176719465521	0.542496721447983	0.590031706185434	0.524728336575272	0.41512521970208	0.907679358089477	1.01732461772698	1.07317510840413	0.889987821853898	0.963742747465584	0.706291766320272	0.811870849602265	0.638915723871815	1.34126648907015	1.41080705768004	1.32355050110163	1.36256967844014	1.2331851822907	1.06455397734564	1.06401367116758	1.18436734541153	0.784939034769031	0.741337907721109	1.00835706152888	0.994028244499657	0.892677246626294
0.700705575618718	0.643227298739972	0.435997599774002	0.600154879287859	0.30913976195481	0.656930539302718	0.853719176317778	0.441956423530743	0.641768131655027	0.779236485348704	0.420701249899736	0.373265215349072	0.475500669540306	0.377226059297817	0.240695956924728	0	0.301018747064578	0.278066740996299	0.291811877322602	0.387206535163101	0.328240540040116	0.310797198934309	0.731828486455182	0.493173190265322	0.473320790696327	1.08915835282901	0.450673369119161	0.879876366007495	1.00812750301101	0.759365980445714	0.810681624295319	0.919726161679414	0.753715351290383	0.579449629210392	1.01564301090098	1.07519409630343	1.06813771492405	1.12328930471449	0.804482725258054	0.973768550997663	1.29814986248302	1.21417008218198	0.728323332909285	1.43373591670983	1.49525794051323	1.35750984586405	1.2270518387267	1.0599395497379	1.25017413582584	1.09063871966178	0.553206504084617	0.822101164471098	0.323456066452396	1.22150870387439	0.911373678388161	0.814531455628653	0.607842577460232	0.561333172006138	0.451178536239592	0.529170104313832	0.313998954702867	0.531737120578867	0.793895093585568	0.461155607167046	0.823232664562915	0.747863834912821	0.520640624410201	0.317173585169049	0.431444029729669	0.372592451170033	0.232911735407253	0.156590109149137	0.18104926651081	0.274570254719355	0.24163445798689	0.330384328527344	0.398675349085231	0.331474577541821	0.243248181532344	0.649177509383812	0.850949784857744	0.367676111876371	0.759952973616925	0.330634536988254	0.977226533957854	0.909648954872869	0.818790575053239	0.930628069580407	0.74324662117141	0.851303014384672	0.675223570357378	0.530836797567171	0.977340770830374	1.12295483402558	1.24023344133623	1.03022478256508	1.04004471424967	0.737171829392373	0.9927464798388	0.696171554757783	1.3552608645015	1.45418828900249	1.38042954416655	1.36634989361861	1.2631900895921	1.2155036433027	0.996628410628159	1.10897439818675	0.71248893631806	0.946155350992807	1.06645750002558	1.09789020448198	0.889433475266446
0.708359694874188	0.609955099737231	0.591669548651956	0.649652742843779	0.515190985397682	0.68035588224723	0.837851003813683	0.561906394690652	0.809253212680951	0.828667596057492	0.449476169899047	0.4321052528955	0.504709465546725	0.540555201244335	0.393536791057508	0.301018747064578	0	0.525136616856403	0.569206053345622	0.587991945995302	0.562755191216203	0.581643737637652	0.730559524064514	0.656004192993484	0.473088203404147	0.895517337254016	0.586057777761395	0.912178782532487	0.92246491851898	0.692292445845406	0.689035708527226	0.839515626273889	0.610237505553884	0.519900265592791	0.851439229914659	0.884265737370053	0.839920738414603	1.00034969604197	0.715426477909961	0.710553241366206	0.944570186917112	1.11558411860927	0.826712726713415	1.17145194471349	1.22074794768662	1.16839797502123	1.03955402529813	0.935278588458612	1.1124298594145	0.900586672065235	0.58586258627087	0.800034333172171	0.557419551038124	1.12356321195788	0.849109043794302	0.779436373232554	0.652287789907851	0.609527880955743	0.588030416990617	0.585875236533687	0.509668252552469	0.603387537899652	0.786750899798438	0.580965240929256	0.923405472902965	0.76232606755339	0.575187658202967	0.464652809663255	0.524405618193428	0.623178037326342	0.44799323565008	0.416793546329585	0.331036858755916	0.564541262704946	0.377541028228999	0.611014111519006	0.634576601277328	0.605074975053633	0.46708611134563	0.778085091493859	0.879432508645003	0.546753888375173	0.684619677697619	0.454340721697265	0.859953314143836	0.953937607493416	0.83143445621059	0.857148325353223	0.735979880254575	0.799610994228302	0.779497312328574	0.476479250951608	0.88817772966942	0.973918789420687	0.985950445453096	0.836880062337971	0.787458499242346	0.774609943736408	0.991361071870311	0.791524068299714	1.13619167704797	1.22419388511083	1.15288533252303	1.16839959624199	1.00756434089394	1.01472137938383	0.926534172537874	0.972359467363404	0.725669565665429	0.953150900752884	1.02427413399433	1.09959375532882	0.910941880057002
0.853316191234506	0.779810425050269	0.65609048184558	0.736986061901654	0.413612656846554	0.61394062982281	0.683208746895221	0.272296483211328	0.471880336684285	0.68994346640331	0.583667344433543	0.541986772853101	0.839644335009784	0.293354670805985	0.393022717671583	0.278066740996299	0.525136616856403	0	0.137882159550992	0.226437427332993	0.315443293273318	0.168960767629481	0.494323503876871	0.279342225112506	0.531839356911805	1.241869967216	0.356264928654109	0.909858887159919	1.05730147015879	1.03064867747797	1.09411207886028	1.25215837107302	1.07990790968586	0.639942361395035	1.16763195246099	1.35685309890379	1.14414035208601	1.37068866772637	0.828553827853291	1.13293791843684	1.41967926658488	1.44724006904875	0.806263001235154	1.5710400650893	1.56844185226011	1.50072226788007	1.26744037479074	1.05059947416865	1.15092019484333	1.068331189695	0.513157725624115	0.675581893617121	0.392017082451523	1.38689259846958	1.0307795755214	0.757551448284083	0.81868459451542	0.599377242897147	0.629094234582417	0.634432746528297	0.401850793419694	0.479195881794977	0.651383492323394	0.315395946845986	0.842609897138276	0.660709025923429	0.66472215447746	0.474218059721688	0.744861761568957	0.288706964061305	0.349564016565279	0.376521996644638	0.306425437741553	0.0968599056016684	0.248879103428382	0.154628633882592	0.229611955838664	0.212592041050633	0.140772279451991	0.430117521579925	0.788678996528162	0.254460309109157	0.743980336030096	0.313201916305735	1.16915000894261	0.99423925609435	0.814415861634303	0.880930165951119	1.00502976866606	1.1334500541983	0.986924038658704	0.779479266611066	1.16328383111393	1.31013125770374	1.28192603164403	1.00666857746273	1.06199802844101	0.763704707197851	1.1494265578983	0.734952600649496	1.46632371210917	1.46499963723261	1.53188871760978	1.46144446428097	1.19924916866791	1.26784736901151	0.952228685936842	1.09415020350145	0.543495577586426	0.999262297445084	1.29351359614025	1.25302429797432	0.735059334742223
0.922800492787879	0.822903390876597	0.716436091094701	0.766516451731423	0.390828115840567	0.56670303023556	0.697557595361375	0.219980974377174	0.415938533249747	0.666226896184461	0.645520797418452	0.566990711605229	0.85642863571789	0.358226949243478	0.450186040696879	0.291811877322602	0.569206053345622	0.137882159550992	0	0.175339820736822	0.219174180903799	0.0869668046934173	0.666372045968324	0.262378147525533	0.4991150756004	1.21041719906374	0.299960967610885	0.903307045177211	1.05538973014727	1.01163255192501	1.14112562870106	1.26122374536127	1.14563572017225	0.740255089365539	1.17192244554633	1.29130513720301	1.19078654613061	1.21488737478833	0.857780961624631	1.14589595707363	1.45261074485403	1.30102587850351	0.732149418003117	1.48211664685134	1.4412391393786	1.38341295056051	1.15333485401752	1.05699629947423	1.17548230179094	1.14668637178989	0.642533006860598	0.841922447865488	0.400283758828866	1.28565918924553	0.989236690687192	0.885699445933122	0.873976780204121	0.620162991721477	0.675441856463483	0.658909192077	0.365110803497041	0.464665859135778	0.666196718476636	0.258713448469808	0.807568382458089	0.687433044636973	0.712453487272457	0.529441476771941	0.818952615832761	0.282327787020074	0.371190662691312	0.427073854711282	0.327118565315369	0.111222343892323	0.321353226472984	0.0636646317561261	0.196798333410343	0.153957116135166	0.0853277707370985	0.441253916989883	0.810476305718753	0.293007414496784	0.829432523681573	0.312599155161001	1.14340519074194	0.976268188664118	0.892771253881264	0.944127331421733	1.04174789969581	1.19600873811232	1.01492409930655	0.888948240507053	1.13816555444481	1.32890429900837	1.24757847468644	1.03776473103145	1.13314181991864	0.754908403078088	1.06927201862805	0.703376080696906	1.44433583221959	1.40365970701727	1.41891680263292	1.37093326732749	1.16200283091526	1.20656514305806	0.995158325076794	1.12890119670585	0.627648518552376	1.00017925169683	1.23067444986332	1.22574514433368	0.794509002589434
0.938939357815338	0.823948112923114	0.775210986239269	0.790814792240443	0.448566702994489	0.607505906578066	0.636409867513867	0.199614685436453	0.419317183468279	0.555897713005954	0.649504811007515	0.529765556619072	0.886026052797147	0.32005799411629	0.483716102611496	0.387206535163101	0.587991945995302	0.226437427332993	0.175339820736822	0	0.173096518392621	0.16789163380674	0.616315586497173	0.250078556550159	0.477281890879623	1.17119158674168	0.315193338004319	0.749769517581622	0.931480052443418	1.04628677298803	1.17591300393535	1.32047879011968	1.20226502243232	0.703664889730261	1.114626050897	1.34054807192584	1.11073983892178	1.20947514527372	0.855193590089072	1.19821659806314	1.46072907968796	1.23159421132145	0.666272379352727	1.39013801373492	1.39579904636144	1.29124640889057	0.989240459087187	0.940078441087245	1.07175960133181	1.03401342990203	0.664072070439541	0.774678970339359	0.257216836506857	1.16031417440716	0.845576584274802	0.833714928125767	0.859774681409744	0.62235781884814	0.715306593785384	0.625609131553085	0.40671355678186	0.542536039593644	0.567989818540845	0.257126124933437	0.822725410713776	0.593100556649018	0.669770079962705	0.426960070994799	0.834752788189301	0.361801761942289	0.36326223270042	0.544929645228682	0.331605161642493	0.141339047053921	0.329872156453785	0.224211454607547	0.152106876744646	0.147692336863687	0.207824752680065	0.294312327061805	0.797739982652221	0.281078359372414	0.816317207165408	0.319889319136354	1.13716094435984	1.03685847688515	0.757363681426236	0.842592374305038	1.11091269022377	1.2113356002019	0.988945796623004	0.775626824518322	1.05786003796876	1.34289379910549	1.16938416705953	0.966362438883069	1.09198540173653	0.627187560322633	0.947002454872942	0.630221450000476	1.39251771773653	1.28863438980127	1.39181862637463	1.23462327370169	0.965961306698516	1.12504442182839	0.899060271749661	1.03016950350595	0.500904740344636	0.77947891610325	1.07866475208299	1.10454561315527	0.678100687383762
