0	0.241631237990421	0.375952751005879	0.427875063834383	0.44775021310904	0.523492535870139	0.671558400677353	0.546323724826522	0.609025608184437	0.530375724329129	0.359079655035132	0.346993946683082	0.360381351430207	0.468106379642305	0.480288453023895	0.522013075287134	0.415050366115372	0.519061298717242	0.665328113906399	0.646493394572052	0.554546671708532	0.543236903464129	0.816880360477261	0.648345191674549	0.852579235664956	0.786486350979817	0.610127703282542	0.580097817276483	0.502471752333878	0.531832828452854	0.597698408952486	0.457603528528781	0.494582642984434	0.654070534462121	0.843102387989085	0.581310949284495	0.834454123566177	0.758792728415354	0.804500479782606	0.829755504967391	0.846829957303177	0.588977124804498	0.893798511356955	0.637962409861369	0.63698269214818	0.467782577980045	0.677343669842476	0.516275463262481	0.495032700993241	0.546700012051857	0.569568088101884	0.54872788659168	0.533291754646294	0.491498602635912	0.417676858076925	0.509657022532859	0.163538805121508	0.243472687132192	0.332069557230711	0.485831782968135	0.399914347548507	0.585048622302519	0.709098747728403	0.552032059143671	0.477079464920945	0.580275580716127	0.429878611223214	0.327013058403435	0.335750947288857	0.596491976395565	0.433880367282348	0.414901030637843	0.557847938269406	0.533828911932733	0.890623680398598	0.660935996830603	0.672834568977822	0.502882557578416	0.632542656833054	0.952791135664271	0.775750737426948	0.58111296099408	0.602163126022255	0.737770045208038	0.675302616530047	0.984787902138393	0.464243984637008	0.638161078344593	0.445435172918129	0.523401926962513	0.504255757194358	0.448861866868819	0.70781624877721	0.446257108926713	0.870742980375461	0.573634335179898	0.565057426678867	0.715296985017572	0.554642811638832	0.873038241959261	0.609298047899311	0.564075240634464	0.59063905826037	0.589178866660044	0.672238057773631	0.607127835869709	0.60500256455442	0.683603727822152	0.639199197487634	0.639280576236114	0.486864306280532	0.333386750077663	0.564150553708174
0.241631237990421	0	0.542298227890823	0.217083379376119	0.270605570557638	0.299012129339372	0.439142109224761	0.361192113923569	0.489169256255877	0.37816204489527	0.169283086866335	0.132223432834513	0.205121379907071	0.220651615869286	0.296000310441138	0.348116855699571	0.290533679483508	0.507768290402694	0.523309794981295	0.639001495893752	0.517292340641695	0.426079969536485	0.753504161529058	0.566176725409532	0.813510318697986	0.88402837372541	0.658436634890731	0.42998843294854	0.419320841160279	0.432811625306892	0.596337094442982	0.280849395032762	0.366856640989786	0.630081202508931	0.917057992002351	0.61929342389589	0.997298067225627	0.8072747103021	0.960475506818845	0.793327310789563	0.894083055273535	0.520536479079694	0.979912140845466	0.651803949489677	0.538796764270868	0.420573225086831	0.572024074662479	0.351792401956891	0.358569269183895	0.480211001945938	0.505607623403098	0.464632353136504	0.425507155922558	0.35680732738043	0.320533861071643	0.349941148656794	0.454992043053619	0.0550716401714797	0.489442030484363	0.258807670470814	0.229460371054138	0.387654760858524	0.459591779297402	0.372489184646949	0.418279952092755	0.449524300181617	0.209655231681886	0.104351369315178	0.168430148529783	0.348675300417706	0.26406536289325	0.224020470503967	0.496488645763495	0.500158824483656	0.853496650750778	0.558314440745133	0.601150472269277	0.427020589485375	0.50404024013432	1.04674035004527	0.695807565215381	0.487609956001338	0.550591652649611	0.668804916292833	0.652257395889878	1.02156682994732	0.263509899893493	0.414045682304153	0.342584212201636	0.458734372919457	0.376005359241364	0.332260586872049	0.728268787836929	0.409491113035483	0.914937498830508	0.578911719971857	0.521851459058813	0.778727393823269	0.415668252078464	0.966022051966002	0.525966151207165	0.460854937464043	0.486931689326876	0.501451660370433	0.564425222005884	0.622955274928016	0.46745315439012	0.585345033937076	0.597167578001871	0.570033652210831	0.322678903508219	0.268784402365249	0.38911826844874
0.375952751005879	0.542298227890823	0	0.368002046713362	0.271942561291767	0.638189073003798	0.695764810103426	0.56030073736474	0.547225155699413	0.512990979519261	0.555542305999818	0.49108754349474	0.689640301500702	0.580508082740116	0.825131629531711	0.677116145003902	0.760497947809601	0.533960044570338	0.732669351222108	0.660908414843829	0.45912009993525	0.601095711059851	0.914905436471426	0.713270098736147	0.81239034699997	0.795639929016179	0.603767763867693	0.746090334229249	0.559643870684369	0.791990260821898	0.852021390173837	0.726346646378821	0.662312813570574	0.81456583690415	0.696195521397099	0.758937900447393	0.885712846410076	0.895301970609199	0.883873396603766	0.794208035176134	0.843363539608047	0.522375396414098	0.732145856908318	0.744408498729343	0.753520830796136	0.605407084671541	0.62809217491227	0.710607944214233	0.593103209474318	0.652276982662996	0.677813751974995	0.619302459318026	0.687768156541941	0.429703387637026	0.592610160593188	0.598511383729223	0.373754203367971	0.521912634015418	0.0992842136698662	0.423958592991025	0.298741827328447	0.631051175159577	0.736987507849827	0.544009681304374	0.58181429313332	0.605291406492555	0.630113687885229	0.50317567113095	0.621876637270754	0.725462083112875	0.70504840498325	0.665850752196581	0.811849091988923	0.555343743508292	0.882555789886241	0.688666073737993	0.653284613258865	0.512629572535628	0.660106246613137	0.937602160547616	0.790474416813092	0.692488734562074	0.79554605346578	0.758308949595792	0.666212799988138	0.931548196606858	0.664881693942135	0.655165189375375	0.758773205863369	0.914741596486689	0.769618480745507	0.711710782764806	0.667296845398017	0.735623533668671	0.995329294706933	0.803474302219761	0.607543850040234	0.810405286791431	0.528854635927657	0.711199028700953	0.771762986949636	0.739461997922659	0.767195944081767	0.764111430531148	0.680298458229423	0.859848971906706	0.795095304352802	0.82472177837749	0.808352029198346	0.681713354471631	0.454207488028256	0.488655999335871	0.776352988576048
0.427875063834383	0.217083379376119	0.368002046713362	0	0.075409840539522	0.224819305746174	0.288119978641642	0.180810496570613	0.290171687684292	0.197448414628866	0.235482451092444	0.213263035481092	0.354353407449964	0.233603757106792	0.364477613526289	0.284236876382044	0.42516417642494	0.346277841375188	0.40944773819184	0.458397137708534	0.314421900611473	0.291079503374428	0.732711326315992	0.49501436696912	0.637173032861681	0.81146676491609	0.540362205539223	0.40070049405539	0.353325708972064	0.491234944727319	0.702994996140971	0.381209630965289	0.304605331001021	0.690641713352303	0.825683495917699	0.625357498323386	1.00589584177662	0.760076853992046	0.952658625269661	0.650345988913705	0.823962884337566	0.368801690969433	0.90564220344032	0.563568401272312	0.432044110702954	0.326278147005669	0.397840971539771	0.30474285252928	0.263127460700509	0.421077164540008	0.409388663777233	0.34641295668566	0.441184307104085	0.122253659191285	0.258978445250307	0.207493373939611	0.664410545642958	0.251275524090453	0.332187795339337	0.0292154930945714	0.0849953070050924	0.241464700688027	0.30608535272598	0.176309474590368	0.294505253476602	0.292443046650427	0.251114390003982	0.162522919588836	0.311971897961429	0.341384694099889	0.251986271550598	0.233383903859904	0.497899470556042	0.305174221724241	0.647797457354801	0.406589448775959	0.416984416999496	0.282173668453471	0.323685209163792	1.01162090861236	0.603466571701258	0.423771470815811	0.628781214433167	0.537154201386077	0.518048494307128	0.926475845382263	0.277233695001846	0.323898541406357	0.412984205783678	0.667020141793359	0.426237332502664	0.429130515621439	0.701205946527057	0.567039838951249	0.993159049481262	0.638551017711421	0.486248947879701	0.805023048998258	0.272612038735938	0.84006155401832	0.571893088676818	0.425207493277473	0.48565989886655	0.457015517938352	0.401626783127592	0.760179106059307	0.432118640692415	0.577376845810501	0.585817123666651	0.495706509158238	0.112203663247334	0.196424276154125	0.308376710809642
0.44775021310904	0.270605570557638	0.271942561291767	0.075409840539522	0	0.282409075686978	0.328903431177596	0.253572652237344	0.34120829877056	0.241488085261358	0.264128634740372	0.225726779990265	0.39995080538806	0.240960366840696	0.476881506897783	0.350010764195418	0.506394117554844	0.418411761764685	0.478992112332173	0.520324112770098	0.336171104991441	0.340944273137687	0.775670054993329	0.513354935536909	0.703883023252625	0.879784487160256	0.535213822681315	0.491567278039949	0.385141668870932	0.589410193622869	0.750928977396573	0.443325093030778	0.39516007313672	0.749608442000772	0.849568398270994	0.65226656190941	0.996280304033149	0.745302390434037	0.955566597486224	0.649388940603277	0.81212176564784	0.327511207427318	0.873679830769903	0.609892309424621	0.478577205564317	0.361763834725467	0.390034127281933	0.360426504283692	0.310829593277216	0.418223537189748	0.446634395106138	0.405525384403778	0.477481861605257	0.174590556699168	0.367333892708737	0.26745630999445	0.610683012158287	0.292878740192964	0.284809743223349	0.100641626841447	0.0373097375142684	0.295288332637709	0.357745780462074	0.253732283631376	0.373212874776361	0.353369632035656	0.304874446042432	0.203815107567471	0.350431105291848	0.343144087840456	0.349311667697378	0.3106835645835	0.589451647770011	0.392218521346806	0.668258632451926	0.469037581909742	0.46321751919847	0.329914501291894	0.378059746841103	1.02309266410013	0.614532873466535	0.458874656876575	0.669050957547545	0.623232298029499	0.56117324318022	0.985172918433892	0.307104047487197	0.358933385019946	0.497696727186922	0.723351083391161	0.481502311740306	0.501256581722103	0.71122784733609	0.578933366555328	1.00607895335364	0.706201252835357	0.479199732579118	0.827251697856942	0.282407502032169	0.820629607598284	0.589783498341585	0.486228161441271	0.525700153739695	0.498208248206174	0.448208239783668	0.824420645829974	0.528942017182205	0.594926267444083	0.685577481981623	0.543682373494191	0.185759601983832	0.292964846589982	0.39458686012765
0.523492535870139	0.299012129339372	0.638189073003798	0.224819305746174	0.282409075686978	0	0.149424277601955	0.0927708826602981	0.239681363670113	0.11872992728707	0.229584083450757	0.342316664448704	0.408277409236647	0.232000262037207	0.255990761697755	0.130255206105236	0.285287515832878	0.288110013339182	0.256098104295617	0.500113413415854	0.384184568219124	0.147153595815334	0.611805548932135	0.483207090199811	0.596392612025053	0.944509062374731	0.628122863643133	0.2800434331666	0.315068082042314	0.575669160197122	0.781897920778163	0.32867168697627	0.297152112119293	0.675804718674237	0.938191151592956	0.661012639247016	1.01599431468434	0.754349720259366	0.961508225297716	0.680502823374199	0.775769312300744	0.581463078259744	1.15865656246439	0.605312515254524	0.352353538607055	0.384875016011244	0.482140928682614	0.277788371174436	0.267200001772822	0.396969489997113	0.362718124474149	0.30179507280888	0.534747501440856	0.23785418973216	0.351699762654959	0.171928511805257	0.809817433515154	0.305085426924795	0.567795063151226	0.229484209102903	0.300609724783474	0.0852576522023039	0.160084833996878	0.130652372507119	0.236336919160571	0.18221131526709	0.203889704714572	0.274430386469848	0.382625882572593	0.288472721316242	0.219291943929893	0.161062458725313	0.395475236535628	0.281905295436609	0.518633424493089	0.296920136959725	0.417473383544521	0.304782884791271	0.208695520040548	1.03898945137925	0.530587524567244	0.432103678668584	0.59127084774352	0.512469824499432	0.571936770370245	0.929561969008782	0.266713118743718	0.333811176094697	0.490462072662059	0.707276524974888	0.444951554910978	0.352786696469554	0.843381627420399	0.564562705514634	0.922287601167373	0.556534840152009	0.510536415033667	0.809785745758808	0.419127793262024	1.12201413378823	0.482730947124565	0.362402322683053	0.39202654886072	0.419671570597647	0.455567622087141	0.701116508625063	0.399570853090653	0.452347651180815	0.458859525090933	0.603411918580776	0.238924068729566	0.26223501856944	0.220555044575054
0.671558400677353	0.439142109224761	0.695764810103426	0.288119978641642	0.328903431177596	0.149424277601955	0	0.116274306390416	0.282902529093029	0.193172173330952	0.399597893956353	0.530778999354139	0.568792269690944	0.389202682383031	0.401971453858264	0.315115701862364	0.427252949111629	0.412433299944403	0.348974583995986	0.541657718800432	0.529311535651207	0.302796870670199	0.712301262750027	0.627327555416602	0.650001523139397	0.925418636676293	0.732325697560123	0.421219527484356	0.282310581670176	0.698713922687135	0.894985804133312	0.463029905247818	0.361900836461048	0.743132855179536	0.977552491457118	0.773186937088651	1.10395456408653	0.772283371872659	1.04500242071924	0.747567591814057	0.864005504456982	0.716462612554187	1.28945675309295	0.692388530363103	0.444049880858618	0.434543728794088	0.518916152675059	0.359239755921778	0.363972682846664	0.469493070166899	0.405460835231321	0.326751090558694	0.646547884958333	0.295411015009502	0.443371014611198	0.239432137999187	0.865634962380823	0.403388577813703	0.588544146295738	0.257414992006163	0.38120246482559	0.15560610594303	0.0136025488218507	0.140567626381719	0.34260931758645	0.278315053388764	0.354603657373831	0.444724972955169	0.535211422377331	0.398016499978562	0.332960292044165	0.32418532009653	0.557323761959167	0.392600216775208	0.532032009322097	0.412388609133511	0.49893682763248	0.459342755366827	0.304503028175714	1.16906205072533	0.616411062824798	0.550252077747434	0.646262588937216	0.556656493527377	0.661374676117895	1.00508533886312	0.38443786275611	0.328070185205185	0.62915872687582	0.828758254989403	0.53809019181487	0.465614476404584	1.01797324474617	0.708597146770878	1.08666094112045	0.684280144437777	0.57433630102801	0.942419640770731	0.550781385398255	1.21837039517671	0.594353496052125	0.455030866440663	0.519477311863014	0.466089235985388	0.488039456325696	0.820914364172008	0.436311629149165	0.531815664874333	0.52766682059358	0.678855235578945	0.299436859900949	0.372974479564728	0.264009567331425
0.546323724826522	0.361192113923569	0.56030073736474	0.180810496570613	0.253572652237344	0.0927708826602981	0.116274306390416	0	0.175437837852078	0.0570220432436723	0.238525919490981	0.41352767199307	0.498392967230517	0.277667653143661	0.343636891333555	0.225765785311647	0.343361310957797	0.186028708533677	0.207384842517338	0.364910734673739	0.303671475847248	0.14097669861759	0.626818648030605	0.460597800626221	0.47865839025961	0.859500206092102	0.533113681776611	0.283011219803897	0.271365498016723	0.621406134506813	0.80864924173736	0.451249002978863	0.22945272674025	0.642516210484986	0.869112035587653	0.670557050913856	1.00770527605297	0.809180908253852	0.961979919227557	0.635554270534262	0.730506361477689	0.536699734124015	1.06357011346386	0.616348513005214	0.373275542682477	0.321946648819115	0.389451337686279	0.255166925983198	0.201857398786891	0.367856323790164	0.339949146395052	0.224871524002833	0.601538711208545	0.18106267259211	0.355464820550286	0.123674392050942	0.773033289824497	0.32214389272138	0.489716929164107	0.179137767054138	0.289957922661157	0.109594325879348	0.132199310052306	0.0226014500912285	0.197691174714875	0.146549039161789	0.234184209347159	0.340061307961572	0.453636232856324	0.319358857094441	0.244984073076247	0.252268920566719	0.398483366495405	0.157914838756429	0.429681697661648	0.203381878990917	0.307136316623477	0.259913225047457	0.153053209259014	0.961659682770917	0.497269372266197	0.387625213376841	0.595520069035338	0.398919605141842	0.43811047113625	0.900010764179128	0.323860955520991	0.276286860089672	0.498680073910358	0.731866922688564	0.513551426681476	0.353560662486094	0.84966246735321	0.618386265534157	0.973267353891288	0.572764867808946	0.467740349819865	0.787787864539616	0.395673546306813	1.00328706266714	0.547852584540814	0.384292241678351	0.449072759759851	0.390771876862973	0.352048589078352	0.696027906660085	0.391415010981032	0.482191775610167	0.438716284817203	0.618607376016314	0.19497723722213	0.257864576529883	0.186663528657632
0.609025608184437	0.489169256255877	0.547225155699413	0.290171687684292	0.34120829877056	0.239681363670113	0.282902529093029	0.175437837852078	0	0.18060569878994	0.379044381225135	0.540114069051415	0.630535475090642	0.398532304136785	0.443460018450942	0.338261344978776	0.516297527223981	0.245433803730836	0.300685695836617	0.456878399965573	0.299721248016116	0.236914164409145	0.619324295400688	0.531122525756582	0.591888839800939	0.817293099859712	0.598851173731538	0.427636442558711	0.393871963783852	0.653975614867287	0.876648311443434	0.548449112101749	0.401266725670601	0.71979536109648	0.864144825921169	0.719970423152379	0.958652012678096	0.912516891380185	0.916846487739816	0.721299378400714	0.822970518893728	0.583189489491008	0.93484664827947	0.688098950206543	0.545320337084574	0.412643246443908	0.510739102293016	0.363863477264622	0.353767882370764	0.474405594186296	0.448305295818631	0.333290141952454	0.643127628711573	0.334217758834822	0.436659028541546	0.245282575676493	0.798382778578089	0.439707203693225	0.510718471946882	0.301194275022941	0.386494852083813	0.217626040517142	0.281797206735378	0.17133059495369	0.280898218693569	0.252241259516795	0.352912614846201	0.482814765370301	0.57200781748032	0.40781378392487	0.353955841533091	0.401358123619547	0.508654953289904	0.238068706143858	0.5316451459449	0.29779508028168	0.366464847273034	0.302539505910307	0.244377489655331	1.00988156676194	0.610214436762265	0.46688849346543	0.686458934047393	0.525857695573094	0.516562554676231	0.903369484104455	0.455930523002229	0.422011321896159	0.58976385312904	0.820020056638373	0.591311719208199	0.539389065323132	0.817104714373845	0.721502929078013	0.983531987875349	0.692412588675604	0.52540613541958	0.887738306729578	0.497238500062466	0.92406506075771	0.589537060547982	0.529661830801759	0.563271151874136	0.455477093992769	0.452362160101826	0.775880621279235	0.529783432960926	0.58862048926911	0.533768400062698	0.682414094778486	0.320138461236111	0.349176582354403	0.34627025613774
0.530375724329129	0.37816204489527	0.512990979519261	0.197448414628866	0.241488085261358	0.11872992728707	0.193172173330952	0.0570220432436723	0.18060569878994	0	0.255013682920241	0.42574472860798	0.516763207329623	0.274633851985411	0.363580282922875	0.210005898656412	0.387147186917234	0.179499039050724	0.249570674221292	0.430269085461409	0.322382540536315	0.144311256866256	0.676631572972319	0.428261825558352	0.504915521816897	0.88739032051155	0.495142546036782	0.278222480945627	0.286502278942313	0.632484543805296	0.835891741938912	0.45952549635072	0.228270145457405	0.609021141470103	0.886134006290426	0.643082648604036	0.958840906783272	0.833455660143884	0.89692874883367	0.566283441790067	0.706621134515999	0.512293706004567	1.04101957988922	0.634891894436449	0.358182957937367	0.306366562424271	0.379136141014783	0.241755965556892	0.182817038653778	0.333615477829794	0.318551821856235	0.219452297750801	0.606609474299643	0.222916483285937	0.376680543301839	0.0882274966668128	0.74869605581173	0.340713410459028	0.466121493197658	0.203647407633539	0.297335241544562	0.106876447026496	0.21479840070788	0.0625349507834752	0.158602312479208	0.0796302759816798	0.241442960968048	0.350209574061994	0.467505396934577	0.30804323082004	0.257545690820086	0.237001434244913	0.403431612974844	0.156830304350105	0.466380455957189	0.211327777399244	0.339803920406508	0.276141326192999	0.155251404238922	0.978732931952154	0.491563001465204	0.366991943558266	0.546831041161713	0.415388537313356	0.442227065109861	0.926962649603912	0.288987695744104	0.267592966782229	0.486218928032264	0.731819271428429	0.512791206075194	0.352768058467028	0.802141109766521	0.587297028970601	0.923816327960509	0.51845553836423	0.405866761564313	0.753653181140758	0.38074665719359	0.992637848024475	0.468308370696546	0.378258236501217	0.390733170204305	0.368556528960558	0.337829273694394	0.651264502606993	0.362417098336094	0.418977022689006	0.415210404218925	0.65325804869405	0.220935893500545	0.284216567643477	0.159415873740932
0.359079655035132	0.169283086866335	0.555542305999818	0.235482451092444	0.264128634740372	0.229584083450757	0.399597893956353	0.238525919490981	0.379044381225135	0.255013682920241	0	0.207120484056206	0.296460525995018	0.110810866400403	0.266528699535083	0.236903323048662	0.255368863435881	0.348707528387512	0.361773104640749	0.499497877514462	0.357272439737727	0.264699923831772	0.639048292376	0.407264357049722	0.648304468632776	0.936656958311974	0.480321715077255	0.248306541610926	0.406249301843253	0.418029282343849	0.580349576073116	0.347152000756277	0.226197993128073	0.662935794328784	0.968520355184742	0.537670318643277	0.933600043737587	0.66748195426582	0.985864680805994	0.65391242912668	0.719878754460489	0.424911833797963	0.957987312576056	0.508469765007396	0.371141221167892	0.29835623724628	0.387301230780026	0.197967967195607	0.154651904534634	0.351335154269862	0.372737476990671	0.322802786145186	0.464728072362511	0.248579118926833	0.292843622231156	0.173106574126819	0.562462412195315	0.155239397880469	0.552732330656844	0.285839430980329	0.24987409797744	0.282192366456578	0.419230300759889	0.256521543139613	0.306308210826746	0.353124577251572	0.0699038684043432	0.155682078700055	0.249250166854559	0.181073439334556	0.195663945052875	0.202178494935446	0.374860855138051	0.298482940965177	0.735994296422118	0.391228240145241	0.432220716536991	0.308782355623815	0.331295354224258	0.898833435353168	0.480279671191885	0.352416873163999	0.583944280087001	0.561428791340612	0.492529843607819	0.978068459864619	0.206165028806611	0.314127769255525	0.261697241327742	0.503531852691805	0.424302043073566	0.295722859717698	0.786042897861237	0.379648952754545	0.886122466721397	0.52944894823402	0.466324005884855	0.737063697559899	0.319159267871641	0.884882835690037	0.465722371873596	0.304565794158346	0.4161284585539	0.376498067681147	0.397993071094048	0.590431432212775	0.358437909700535	0.468263675150249	0.469105254542151	0.51276227566572	0.263690032021281	0.252378190589533	0.238674671206409
0.346993946683082	0.132223432834513	0.49108754349474	0.213263035481092	0.225726779990265	0.342316664448704	0.530778999354139	0.41352767199307	0.540114069051415	0.42574472860798	0.207120484056206	0	0.189316188158394	0.227988694669629	0.371287174665676	0.359412687961061	0.34134434108621	0.535926139611055	0.566211502269224	0.647657180758546	0.446174597933158	0.437429075498648	0.729744655246248	0.572952223087697	0.819681719238344	0.889109820232864	0.64490819811984	0.44566593480385	0.508646932431889	0.381306072856717	0.550643916239516	0.270268498349898	0.386909599752425	0.722321388486964	0.867192113977327	0.602700245815403	1.03863582577357	0.761534401893485	1.01310239480065	0.807739716080393	0.914358521753989	0.43917319989573	0.897267947516888	0.577681466981307	0.503747342789634	0.481863416706587	0.561003918835906	0.445268661105983	0.400890182738476	0.539613975275041	0.595979502409605	0.565687568084981	0.295185428057938	0.320552414773623	0.295352750952551	0.421781133913976	0.563897541401821	0.222293994364671	0.459271796981572	0.250293619425809	0.177403237572511	0.420023841043868	0.554532642782283	0.437396474249995	0.470493676089237	0.505681170550534	0.25736546455902	0.0529712764797294	0.128653207283177	0.370513189454112	0.325849488838024	0.222957764085258	0.568998048870819	0.535720410966547	0.830863155934614	0.574938178301724	0.56878399502806	0.379876159335567	0.514346108342613	0.994253302244842	0.750414591800921	0.509267348021738	0.669030112830388	0.736154992538494	0.660961796451339	0.916909438665313	0.257384079058535	0.433248425611702	0.37764443893213	0.509132299857922	0.356082742688868	0.408028789256569	0.688931496064741	0.447571522604545	0.972592211856667	0.682731234430883	0.595854145374132	0.823032825819033	0.343781457032927	0.870777414853317	0.584219429567522	0.455366090036574	0.559705272512903	0.543164592419918	0.595722754666954	0.721885385715322	0.545686311973266	0.666533274495582	0.741004327910063	0.429898651970902	0.296652575514459	0.240424606969305	0.496499385660828
0.360381351430207	0.205121379907071	0.689640301500702	0.354353407449964	0.39995080538806	0.408277409236647	0.568792269690944	0.498392967230517	0.630535475090642	0.516763207329623	0.296460525995018	0.189316188158394	0	0.388609319678749	0.213558082209028	0.32582170335903	0.224675290142266	0.531880412920643	0.521764586757111	0.651779628978378	0.504463753575723	0.422668378769886	0.650925841789397	0.499335558311654	0.829259395553525	0.847774325946791	0.591038771788217	0.389384257972028	0.513913580474891	0.273090250702982	0.385781697172132	0.197857043110256	0.423785567263618	0.553425456999086	0.891763575690704	0.481090915142467	0.930775679909867	0.701244462333928	0.924528761168718	0.829244273864595	0.882614495587028	0.524799246352619	1.01363107957041	0.578675732156222	0.553544307669683	0.486349808005024	0.661746255236325	0.422654550518295	0.502099641590868	0.547955747095103	0.620142316538402	0.536924586450446	0.300607505698557	0.456664545990083	0.346495130142625	0.460049367821496	0.592668628820781	0.303635195339673	0.626345787732958	0.375343571520427	0.3474155787969	0.484602586026769	0.618331087918868	0.533079114743524	0.482238353356868	0.532481875504202	0.325777546013466	0.187582337052817	0.0506363710304961	0.504588331627763	0.234415141806005	0.20213778390295	0.396041409392795	0.579372684576545	0.835575044263026	0.578369977133165	0.626754640986023	0.414272118126775	0.51671209108955	0.986188752989105	0.734971813665238	0.438839035663913	0.585414701676413	0.755185884514193	0.632575228835242	0.949327345261797	0.232273008899496	0.47755472167621	0.311519831918247	0.323649188236705	0.306695059689638	0.36311021691828	0.70464495368539	0.317056100621089	0.921167922429939	0.629425104714624	0.592100959924627	0.82050058116732	0.400404047322648	0.982433574927199	0.534373029496918	0.445205056472325	0.54935025634432	0.526234590044523	0.685269090662844	0.65339900956411	0.540355473299047	0.591931621519561	0.685543539880791	0.432608097495833	0.406591853170997	0.292256345723298	0.4639439380689
0.468106379642305	0.220651615869286	0.580508082740116	0.233603757106792	0.240960366840696	0.232000262037207	0.389202682383031	0.277667653143661	0.398532304136785	0.274633851985411	0.110810866400403	0.227988694669629	0.388609319678749	0	0.328072772298931	0.268065726558032	0.383519835510248	0.428618911056206	0.471024507020315	0.586586067575118	0.435304296401122	0.32329180784788	0.658391417376337	0.523016557622584	0.734338588657064	0.946264862947782	0.641655946014408	0.346801816905981	0.478778455078541	0.518172527590447	0.713210734232742	0.400793156621597	0.325531746524954	0.808654659561144	0.928333411755921	0.682280024859349	1.03064442921802	0.726225467291548	1.07737983659275	0.713397463619692	0.843948658675947	0.463034922832527	1.00912370961354	0.598756246185405	0.423192069974635	0.379824510020339	0.465120383674545	0.269666024469425	0.197320366415597	0.432217621613014	0.39927520943317	0.395763612407285	0.526478025910212	0.297435741927316	0.400061487132172	0.200340329608699	0.685972165244962	0.214669135675365	0.553205831272142	0.273443971475811	0.223925926604054	0.295528354491436	0.410573033602478	0.295688092504344	0.369309920884194	0.386440139773832	0.113586850845408	0.190179352980861	0.329189049682242	0.100332928147191	0.250026273619319	0.259503428042649	0.475260324759856	0.376292738075153	0.780152271502258	0.490402711621301	0.500678567552221	0.367072380795797	0.400285363555835	1.01187699797386	0.568209995675004	0.453686008347423	0.625555396852674	0.630304521160175	0.603225817680739	0.968485149684472	0.234023357063688	0.367255202372721	0.340695748441914	0.609883264996661	0.509132816359112	0.425946055253607	0.775243737896684	0.496907621325671	0.952359264110924	0.656997707205156	0.517972782706737	0.819826743118123	0.359077034459806	0.909634223997816	0.525209194747001	0.407315831433237	0.481676511225718	0.473029325484285	0.486468966979708	0.716888771343209	0.426964027663398	0.556095400602631	0.569291994020735	0.612489208668796	0.297193270189489	0.326484363835125	0.313805723169458
0.480288453023895	0.296000310441138	0.825131629531711	0.364477613526289	0.476881506897783	0.255990761697755	0.401971453858264	0.343636891333555	0.443460018450942	0.363580282922875	0.266528699535083	0.371287174665676	0.213558082209028	0.328072772298931	0	0.192338657462704	0.14510032248478	0.400612665776592	0.383503143288007	0.61220041163779	0.53270156323507	0.286226080187842	0.570500044907203	0.489292646544249	0.679117141631917	0.84864026314669	0.581504206680332	0.327662040699369	0.440506306786678	0.272749573305934	0.497914857516495	0.227563090557294	0.363547810553007	0.592374632062529	0.932517112492255	0.535725409226862	0.94226028932145	0.700266806943258	0.930403389189928	0.804392444973195	0.822209287550877	0.667108903006325	1.1729590820709	0.559826902401493	0.407310481429757	0.405970778169157	0.605119630732647	0.262717241727364	0.357630693336092	0.425284393592371	0.456048990997231	0.386607429518129	0.441981613553063	0.474463798245109	0.373756965198239	0.275681771925987	0.760545450988836	0.329616136052802	0.738032146883612	0.391070156558818	0.463140131576825	0.327401934870164	0.427725531264574	0.389410228499032	0.363823028706265	0.42215897913213	0.248774849429026	0.326105725824806	0.229679085721434	0.427970970375687	0.0740012816778313	0.13218849492897	0.205036896722962	0.426375229858285	0.72034642630427	0.451176320763537	0.562413187406768	0.424894406500778	0.367440892999411	1.0688843228857	0.652627943048965	0.405855030498247	0.636602427297355	0.658744597917381	0.574531208017656	1.04471596244122	0.244599561744463	0.445230834484939	0.253631265146012	0.42888119341032	0.341834054480063	0.365465526589912	0.798389732490791	0.385869638359913	0.91059526085275	0.573435728300887	0.593517088770001	0.798284760478153	0.525763986963591	1.14841990958325	0.461815631921731	0.357850413896856	0.394537886847851	0.444739652627695	0.554590273073788	0.658074217712833	0.369965638487639	0.452512890227701	0.512021976275666	0.551241582894901	0.415159206043979	0.326879837184098	0.295380078636781
0.522013075287134	0.348116855699571	0.677116145003902	0.284236876382044	0.350010764195418	0.130255206105236	0.315115701862364	0.225765785311647	0.338261344978776	0.210005898656412	0.236903323048662	0.359412687961061	0.32582170335903	0.268065726558032	0.192338657462704	0	0.222744909496415	0.257062407238408	0.217812436240654	0.477619678204384	0.330618751432202	0.111432078553469	0.472760295313381	0.283877196221681	0.540531648310675	0.912378313164726	0.454821840386045	0.296926206347371	0.392308464144107	0.446256631575206	0.61214719806121	0.229829651759137	0.312182267578069	0.581236253768144	0.926854479392843	0.531248201741132	0.957593204606658	0.64990555898613	0.895941466049414	0.638288248895661	0.665197165210418	0.511514021417525	1.07812193800131	0.49208291496276	0.281870611961324	0.376467853404873	0.436094846332763	0.285641106693036	0.283026928304521	0.402819337624266	0.457883145096839	0.371782593847157	0.441867750611947	0.288443393438822	0.359534100048336	0.203075815415233	0.797061246055438	0.375184199410894	0.650892543517696	0.298685193298487	0.368561624917777	0.211564616162798	0.336646533373666	0.27341594399032	0.299174861872417	0.256267464452379	0.238305372465888	0.301440047198401	0.342024002650448	0.279244713468513	0.190179313449803	0.118733589307321	0.243289300449384	0.276798580017449	0.606693243475412	0.251768405537406	0.354813341125944	0.255809352788151	0.191634115908363	0.897762363598557	0.480657996723868	0.245142813763701	0.578222779444227	0.496608182053288	0.419748714077313	0.949059975756461	0.242817894951345	0.367783742693961	0.37625441870466	0.570025026041111	0.358668243416928	0.328728148800997	0.765579207026822	0.481726073343408	0.869341090648738	0.528555089712433	0.482624526274963	0.772319557664128	0.390434642540945	1.06847648488216	0.478133351907142	0.304161960494985	0.328240139633583	0.386340565515041	0.427866938745565	0.659235137718622	0.425128870633866	0.390637867126372	0.497280328375012	0.483024543335302	0.268237440431466	0.289114042751841	0.241936057761922
0.415050366115372	0.290533679483508	0.760497947809601	0.42516417642494	0.506394117554844	0.285287515832878	0.427252949111629	0.343361310957797	0.516297527223981	0.387147186917234	0.255368863435881	0.34134434108621	0.224675290142266	0.383519835510248	0.14510032248478	0.222744909496415	0	0.405311976198283	0.325902984734773	0.536667915794718	0.506277275882071	0.298907827960207	0.542513605242523	0.514947024652957	0.632558520787073	0.809104451846046	0.566590323881824	0.343988911329583	0.410242969598526	0.295184546897917	0.441097562486045	0.249411820440503	0.260294167979627	0.512500941557819	0.843074363974363	0.504097380782453	0.943850245805475	0.634017708058691	0.966602947929501	0.84741567722666	0.781366248687763	0.672747887725135	1.11752443860224	0.518022519473576	0.42553254106529	0.452925773289364	0.623679783495939	0.343270655344187	0.378865550883469	0.445780112233027	0.464792866096639	0.389646397108327	0.4532684806994	0.492172231788436	0.342834216938898	0.328209247245933	0.676301792048297	0.327475083587054	0.702719608579335	0.450360543912445	0.49545191863582	0.356474640159034	0.464827266832445	0.402744601342661	0.403378207021267	0.420321186030295	0.254944315819377	0.321051772082995	0.215063487017668	0.469508637595063	0.19641882641103	0.145714945637354	0.25290951898255	0.429020605631731	0.638969900414384	0.407181113432051	0.510055573258692	0.404654396875086	0.37199389299469	0.932730250530815	0.622895226112181	0.400916473504719	0.581374678066111	0.57953986147573	0.526889288108529	0.906039342860547	0.320743154212668	0.454773739726867	0.361116524065445	0.407161522865566	0.330801212384946	0.216470572802307	0.750531153332463	0.406088154548492	0.946666527036924	0.543818758391041	0.596244224663619	0.772001120709157	0.541406404210784	1.13862605836116	0.551140618801878	0.355579762027525	0.447058657922733	0.485470309736911	0.587111583017635	0.601040917902279	0.432444755283398	0.473430731292199	0.540531617390489	0.504095623134282	0.453150335471651	0.322323871108792	0.320822773531775
0.519061298717242	0.507768290402694	0.533960044570338	0.346277841375188	0.418411761764685	0.288110013339182	0.412433299944403	0.186028708533677	0.245433803730836	0.179499039050724	0.348707528387512	0.535926139611055	0.531880412920643	0.428618911056206	0.400612665776592	0.257062407238408	0.405311976198283	0	0.215902238036755	0.284394069983245	0.224907318161854	0.144209970668437	0.476852615079421	0.388017501793373	0.497842001376528	0.706531996935873	0.414477491665004	0.341013784192598	0.424695359841405	0.578802573649434	0.742825750656832	0.510767980556754	0.371682020679418	0.541646436690712	0.8232280237147	0.634173305241514	0.928934337672105	0.91989907206244	0.874959742567337	0.675505195932021	0.713954921250578	0.572165721738943	0.950937769114405	0.62526544639911	0.475716954382653	0.463438085789034	0.481560982570802	0.407700621808785	0.313887105610242	0.433707241339728	0.499517993423886	0.332667271682541	0.5951903724837	0.308131776565008	0.468719686393163	0.249667006365511	0.724317197849802	0.490417479026461	0.494945887918763	0.356953040517299	0.44718068660568	0.278591190529847	0.439049523894927	0.201775616030161	0.249795653570315	0.218049746482931	0.36246820692924	0.466126333140223	0.512165761807861	0.461531233590464	0.296459658113242	0.357371452445805	0.284728572878889	0.0533995244054433	0.483068485743292	0.159281952043075	0.24664402732918	0.242046737155661	0.172363511398238	0.73930376852932	0.516935652202764	0.309977095305293	0.6620672571744	0.448101371082998	0.347026763755804	0.915346560644279	0.449858339147948	0.452080937654946	0.473752271706108	0.699835708753352	0.594958066151301	0.424675955576154	0.744126787659917	0.625103563709748	0.955793355384228	0.646489600820195	0.537327796472576	0.749167032572298	0.476191050715179	0.891136869905468	0.660469791322163	0.500466741431723	0.592046503676166	0.536949057485354	0.454766386032203	0.658664774120671	0.529482603598658	0.539457840587558	0.516898584836394	0.649454304399463	0.336933803840529	0.368614003953158	0.346116781706329
0.665328113906399	0.523309794981295	0.732669351222108	0.40944773819184	0.478992112332173	0.256098104295617	0.348974583995986	0.207384842517338	0.300685695836617	0.249570674221292	0.361773104640749	0.566211502269224	0.521764586757111	0.471024507020315	0.383503143288007	0.217812436240654	0.325902984734773	0.215902238036755	0	0.307998657225671	0.318177793617149	0.129520612247478	0.401566618661022	0.271330597065064	0.376648842951215	0.80433299595015	0.382920156371614	0.318922653755895	0.388094736138495	0.60591944579045	0.679317321125269	0.408037631673094	0.335889891401651	0.379114997789153	0.835252554168369	0.553626973217156	0.84803061824222	0.743248294207984	0.836819516713175	0.621782212864359	0.582358309864276	0.592286174383884	0.993306361083264	0.584519184978418	0.38658770843063	0.465690591131635	0.426013019480489	0.379176691549046	0.364777179708559	0.451520912235559	0.515902455340136	0.320079810739646	0.634033892771207	0.379012427095006	0.443192713127048	0.27034099839694	0.944951588598077	0.511601008520379	0.740537273797772	0.424711871747264	0.536455524588681	0.27935478474331	0.361359586759857	0.245039358046567	0.293491418804024	0.231250186254684	0.350733792239673	0.497947689721957	0.526555003471136	0.43144905454448	0.352285058104518	0.348736872873316	0.28858803434127	0.22653118561355	0.388111957058209	0.0771258492443112	0.244093690649641	0.2800984343028	0.10705175553721	0.706535870045192	0.449871375632468	0.213106921733988	0.577798551342388	0.363719198679889	0.278008922741459	0.881476609474139	0.469233152556383	0.40597904857828	0.584907624486784	0.653907137391153	0.511080051108998	0.308120918586615	0.718514739359924	0.609874868074534	0.846413809342492	0.552200914489288	0.472160296377133	0.712688693627338	0.478417190602304	1.00093768238093	0.593671666384723	0.419900920715417	0.46595405529558	0.473133944676978	0.415964289658942	0.628903124922991	0.52601667132556	0.462246456348547	0.532962777340571	0.578173503744569	0.375034754635245	0.394493902544456	0.25945584938964
