0	0.258729140287542	0.539351225418231	0.682115015186737	0.509679722278507	1.21370257566596	0.920658203303195	1.08988287397821	0.862500042256906	0.781334142219794	0.521018245654594	0.411593970169233	0.731975438657444	0.752159279586463	1.1574333528145	0.871203651047151	1.17205983831517	0.895188750453608	0.949616233904958	1.06257360857109	0.881861874978903	1.07316257523057	0.990692572247276	0.868999244799157	0.759956343615378	1.22976845193173	0.67350825777708	1.28353075286848	0.901286007844113	1.07517400100045	1.28854796731865	1.14990219805081	0.758263202135401	0.960480717364064	1.09883727106503	0.647019883177233	1.04744694663767	0.856257606107384	1.03891908949087	0.958831074249222	0.860404212571883	0.649632953159853	0.879852827231504	0.816914384659281	0.847456727602214	0.757475871330673	0.656983480647194	0.853479711513099	0.771568832767767	0.782756280899062	0.854200879894463	0.660214592550398	0.832135300679715	0.71715792155221	0.948236233313419	0.808026366648891	0.683003430012326	0.47845415262102	0.449775382696425	1.0769384442808	0.583957381891874	1.26129454861923	1.0550734430339	1.00285748660763	1.26744899721203	0.895758746795014	0.728987447837944	0.442482594937881	0.695432107418967	1.15680485494465	0.888838585005491	0.77006823237963	1.0394632247323	0.996608058785912	1.08884043558559	0.968474035878677	1.0383141247276	0.927351808974692	0.926899646519756	0.724720808576272	0.824683785341538	1.00866514902482	0.969726705557492	0.900959662570879	0.846598292619844	0.796546943468053	0.672622681726811	0.756197035702254	0.834130118049182	1.17132596003121	1.03163814665373	0.780909982078728	0.924238867654709	0.901147424916479	0.954818821531154	0.770785054601549	0.875106719089449	1.25764211750801	0.568967417251312	0.815028371950075	0.679019392830943	0.478238031994465	0.573830886445324	0.715661238944125	0.502469822026083	0.890555046544818	0.865244247017544	0.819899690266917	0.717464556611102	0.34274619070016	0.480288353295247	0.821185076117105	0.627110787203003
0.258729140287542	0	0.701421501845344	0.749820756371497	0.386901113845184	0.999695127297535	0.740267149108059	1.22714633068631	0.817172913837902	0.75395374381603	0.493687767107363	0.466541514780075	0.826433665218462	0.847194500412445	1.25021515374454	0.996911919499028	1.10613069787907	1.00184181639337	1.10325675501265	1.16341623957396	1.08016636265971	1.18074127036819	0.99797397866972	0.959183362565168	0.892528355341036	1.28658804990345	0.617166834621296	1.21553877713357	0.756525261990627	1.21513324059995	1.22077915887642	1.0945791773136	0.769955489689884	0.848725063987756	0.761444433760792	0.711129349519889	0.827156397438426	0.824334010911954	0.808652928001751	0.76215417690764	0.757099355295298	0.740540077801079	0.879756454323902	0.602897716818968	0.704863253688503	0.710084268474873	0.577688069692558	0.691502234197516	0.651656142321833	0.609384039120781	0.674707262379844	0.533092847474757	0.682608836862276	0.791047960744149	0.923080601121207	0.707294625398422	0.768143227410313	0.159057939332629	0.587142769847987	1.04351907557384	0.444806389839323	0.965752483430658	0.827878048908016	0.914577487024759	1.08894376667152	0.945928838808795	0.789302476695596	0.364163737939951	0.764706294052606	1.31952393548509	1.02834165112836	0.937174078339639	0.920288461897509	1.10345387824346	1.19732177410528	1.01995689792191	0.994036847603364	0.979507500842698	1.0163178189769	0.748889038537771	1.03968752756632	1.031937933435	1.03217461828111	1.00058353079119	0.867096268017591	0.838155866218484	0.866197545049186	0.764839057026393	0.936851182731531	1.16278976324208	1.01228643574258	0.88922522564079	0.781038455051772	0.894865292132627	0.786686714260264	0.724843839633993	0.847352031059845	1.11007372529489	0.712261487552461	0.767813211672211	0.708939964273089	0.439142711377471	0.643890472320579	0.665655975164803	0.514253781332907	0.842916090701515	0.644787038872129	0.684719629942972	0.628565678827948	0.448451373066358	0.668275652887071	0.870479225615743	0.524986187418497
0.539351225418231	0.701421501845344	0	0.65159074840883	0.344642360433301	1.19533389161358	0.722354920526684	0.570248062620006	0.545328465744912	0.328529590346824	0.601850654147504	0.387406132424461	0.731895473044459	0.551971247716934	0.932199753795216	0.940061654637154	1.30493172354169	0.518844797786135	0.525901803364419	1.07301874164718	0.804976041017138	1.00799719958593	0.613565829992233	0.548632596765299	0.373691700063493	1.00114726148461	0.334651981866519	1.68930667228877	1.03255309088855	1.0138010058056	1.20139199847715	1.12957209849697	0.478433277917918	0.724019355653427	1.08686840053578	0.810077889989188	0.992544177281709	0.832668521773502	1.13903393841936	0.65974913632104	0.776311929535534	0.897750697076724	1.215885680652	1.04653127603234	1.14886310352741	1.13309640411436	0.896906426166258	1.08849624841387	0.970445860470386	0.938486243036871	1.16669987342092	0.669654093525663	1.25178070404878	0.808789239889513	1.32916256784353	0.717353022348906	0.616145949911627	0.692272363684995	0.1675848867059	1.08447965215954	0.51086697947702	1.18356415161944	1.02207960960302	0.451272848650551	1.56644393220659	0.322993641116256	0.722666548673632	0.484706618436814	0.838802895527836	1.01528539634531	0.720841898024939	0.700388776604475	1.06205026766484	0.746155645820407	0.829511309370499	0.62071011727081	1.17739898129182	0.930322129970388	0.799474324739174	0.97642968348901	0.664760059016272	0.817494355652978	0.651979218837547	0.659416205948026	0.637174393547166	0.999206730825606	0.233189360713505	0.617498667760377	0.46837192031991	1.05138709074696	0.956076942203192	0.571966487566751	0.913000677765972	0.712780375297738	1.01869879601533	0.943621181958446	0.531287465913203	1.20070326397333	0.838352765829423	0.98987701622266	1.04867360849345	0.78541466512166	0.955519081421427	1.22743746694354	0.842598938881485	1.16893949439576	0.960081238784063	1.05975011325411	0.733604962959444	0.483974738053925	0.388295214363828	1.29633103999058	0.767356562448895
0.682115015186737	0.749820756371497	0.65159074840883	0	0.505715195049515	0.960587817191788	1.13078911828666	0.720258043626189	0.900223818550935	0.893339972488773	0.590635899047689	0.551737180801406	0.438627079252456	0.605400248985784	0.559833157473166	0.395543832462763	0.453255768149065	0.489105121972659	0.43995622029075	0.548513021819253	0.326702493776933	0.526588781682617	0.826645326607298	0.524140990341235	0.796599929399241	0.865369981975429	0.716872879213422	0.932706102005497	1.12032968881704	0.795671653540154	1.04433064261873	1.1878451520661	0.927330848588322	1.02758853435141	1.24219060073699	1.10739639065999	1.40039084884165	1.05522654618839	0.957867970510194	0.989206610305617	1.24418563010398	0.539227708929967	0.6534126457246	1.20008809675854	1.01337242682636	1.04977512215007	0.858030936902165	1.18991699691093	1.13399680530201	1.06704151696006	0.951533905723174	1.13968724546056	1.1078144650443	0.578643562727788	0.715946748456557	1.03864955620418	0.391146804503934	0.728502587015571	0.377849767610856	0.367416134425388	0.525598384936543	0.865784415254263	1.13722100766569	0.783991197926475	0.987058607482566	0.628322017672143	0.758709027097903	0.731290348976252	0.6393871426034	0.491630271335194	0.49672191902904	0.561917968426994	0.569623258767835	0.487412404874533	0.612673139180636	0.457653307880962	0.61293412211841	0.469944602187654	0.332525366374996	0.766767072639694	0.634504735198932	0.613583843216728	0.649983937466292	0.700045340076121	0.403138642176841	1.19828703954606	0.969775973160747	1.11993456722499	1.03289892447915	1.1629961277695	1.31709512926166	0.985761988198201	0.803531840415262	1.13996578965154	1.45374842632412	1.1283792340728	1.02109466050123	1.33831519770345	0.607600291641017	0.887836628252529	0.99137112784133	1.14056923405343	0.75358047269771	1.06103328489046	0.820431899728172	1.23447232973393	1.2244229006697	1.0200324664989	1.19797467098046	0.750207190752845	0.570091445725028	0.715622859055906	1.0345794821187
0.509679722278507	0.386901113845184	0.344642360433301	0.505715195049515	0	0.927883887322035	0.568534823306866	0.862024841177304	0.646982249545379	0.505624684444223	0.610253056177908	0.476069056308959	0.829086648825978	0.676455260683533	1.13458366167186	1.01433614289727	1.13248974313083	0.548879158912496	0.711523160403799	1.01662964869636	0.946246378221662	1.18030412796697	0.634846630293734	0.702936796370219	0.74341875781781	1.07100025361263	0.450193776690366	1.41208333510334	0.885567503929112	0.998384749252776	1.09965677450665	1.14881666677005	0.596551932311057	0.721128808805872	0.945570766461557	0.674182539433435	0.86914194566281	0.850860458612721	1.04309443131617	0.665428065008479	0.784404970118681	0.803317616550183	1.01464428036785	0.906202624815227	1.00117450659887	1.06867727794994	0.824150776122152	0.967463041094119	0.890877534758078	0.879402053271181	0.922405736528189	0.638471450344259	1.01068948397699	0.8548299734522	1.17189696417211	0.719348688677161	0.553102322966683	0.297726393279051	0.306665854526536	0.870058691962462	0.118150571538177	0.837556886235137	0.771557263483361	0.474221417135012	1.18746035628879	0.521370399351531	0.818575153463652	0.397667133891053	0.884305502604805	1.13401773373032	0.934988648898487	0.893748262988297	0.931923011386869	0.777957481173092	0.85714401615954	0.65201990479834	0.947318763242097	0.852712627269085	0.844018986262036	0.824104375216577	0.890592614506718	0.81539362828045	0.7684819011808	0.80574445068427	0.707721898454216	0.856923199360304	0.665497522055472	0.719359130156204	0.834986045221488	1.10814127809648	1.03505067678789	0.743305007134686	0.867184167772304	0.747000356650105	0.99675213674778	0.943045704702532	0.649798627572115	1.08620187173023	0.816424458625888	0.832842985159735	1.00735657159511	0.757106823866633	0.935992055062769	1.05073219289934	0.802504199303416	1.0644283003707	0.844412461980308	0.919626138176524	0.733424976499192	0.564441500043191	0.575774365138852	1.06091684095128	0.668944177026754
1.21370257566596	0.999695127297535	1.19533389161358	0.960587817191788	0.927883887322035	0	0.691964565692936	0.766258731767089	1.09360609991574	1.04422939575525	0.888239329074457	1.17902663939968	1.06441323993162	1.19276379882448	0.815060825380073	0.898513160426049	0.884523818164694	0.935814522096762	1.12655594915998	0.972915850966973	0.922793805895302	0.793153315345097	1.17329828552969	1.20514050588065	1.26374938564656	1.061424344498	1.1904738132439	0.7094094745492	0.798235125421555	0.964271561398027	0.995065516344986	0.866996205723116	1.1663342750958	0.927989753754679	1.11520354058167	1.0801731653094	0.825183854165208	0.850051112549989	0.768023178091769	1.07824101845468	1.01870628906913	1.08324971633823	0.86551003097811	0.757396204842369	0.635934453057673	0.844755130821607	0.711678976911669	0.717905461650492	0.703075687893589	0.676592732635622	0.678866388301806	0.886201222589126	0.880301510062131	0.936192578898472	0.836380598220613	0.60115422935079	1.04804971297999	0.750851891163093	1.26053936119792	0.708930091711945	0.978525860419108	0.258806465620574	0.579947448261598	0.814398061968167	0.908226713877066	0.986978451093477	0.917815145533246	1.05628056701734	1.00989263718461	1.02927278856317	1.0646882273875	1.20114004176592	0.926196178610171	1.07786013605839	1.10801813310825	1.09964809514557	0.998821257944942	0.875207729365181	0.992995277003289	0.950818680992669	1.40054197670726	1.19963432287862	1.18227042284153	1.29165158196217	1.14481253805418	0.816518804547325	1.19083869786858	1.22441053628812	1.32222763509691	1.05239765172433	0.923655938487378	1.17526932762342	0.958613081518995	1.25387331564598	0.89494538803442	0.930200365172115	1.19391763261781	1.03336931773763	1.16462125699619	0.938033923668817	0.752064961149329	0.921448929604621	0.767900971016846	0.786888116211051	0.798827955629988	0.738518635396579	0.768827391634757	0.668977590537736	1.00168501463908	1.25050153523281	1.23845495354671	0.856011857855902	0.667325398876844
0.920658203303195	0.740267149108059	0.722354920526684	1.13078911828666	0.568534823306866	0.691964565692936	0	0.738298829462032	0.632952003658647	0.477133206404925	1.06471538331731	1.04171289458228	1.42295913083173	1.00367779344934	1.19727538038841	1.50476552187918	1.43602419344331	0.820544948977755	1.03259582841586	1.12363724185639	1.18184584544097	1.24628793062611	1.07083896796768	1.11185325480458	0.938160449244082	1.04841509245394	0.862623593330415	1.23669506492428	0.491712122669676	1.15902957463793	1.12986412882637	0.987081580538029	0.843319589773809	0.691184049364198	0.786615657402187	0.789414816171074	0.660778288082215	1.00103174727003	0.979458764318004	0.687380545138312	0.721028145226085	1.22859684936335	1.22369070954702	0.661819515685407	0.787986449418131	0.849915313161025	0.717221338695531	0.672618803664513	0.749620596341063	0.656782569401952	0.915010058823889	0.460890587447232	0.987899520205302	1.11422152502682	1.24693226993482	0.596932013651614	1.13367494801433	0.687531472020119	0.840801210760009	1.320949998969	0.676596791155779	0.65809403501401	0.167412989927312	0.365320684779311	0.940057069294122	0.633529093703334	1.18177829576364	0.858105228594403	1.39819593542155	1.39945100566896	1.20534896555142	1.45323616611229	1.08266469016307	1.19322846902749	1.02951056537065	0.977302924443092	0.967933564145804	1.08543616545255	1.32112511870707	1.28779433896937	1.26704861599843	1.17936772978828	1.1537953782397	1.08930257055372	1.23418778921994	0.678928973882066	0.881897407796496	0.500145239063143	0.929106967599799	1.09692771075467	0.725521403626555	1.00159179256135	0.995416985468374	0.841382169961925	0.651808154770172	0.79192730010767	0.718543838056803	0.724080821220568	1.31236375296449	0.957688023377386	0.839099722448123	0.726671879939175	1.06723011785407	0.78175950942463	0.819306694469969	0.724218327190022	0.576069484963384	0.585129949090834	0.430479930816597	1.01501084045485	0.998385094459234	1.0941331901999	0.652711349598351
1.08988287397821	1.22714633068631	0.570248062620006	0.720258043626189	0.862024841177304	0.766258731767089	0.738298829462032	0	0.757764886510125	0.558856640971293	0.726328881048242	0.772128000808993	0.869056957185476	0.680127192565318	0.461328479551504	0.838772716640193	1.05017940923034	0.371166521507023	0.429527794927586	0.74943364512474	0.573242971102784	0.648258937034751	0.9917963042362	0.784427726289754	0.708245249529204	0.801975414290514	0.893300080627731	1.20488335945081	0.846160448886332	0.991667433445265	1.35409703206813	1.19770977135616	1.00273985747814	0.965727566680339	1.45267852098973	1.12792695214474	1.35524274630362	1.17762217519502	1.20353414545921	0.999796136975744	1.23803764399302	1.04527729507895	0.980474935938019	1.13415359989548	1.10633970305386	1.07892531214219	0.957506724111997	1.05247976563592	1.07218044441818	1.02486308729475	1.22941846662166	0.955847448549523	1.40442955287457	0.708728280383349	1.15255714668211	0.792772478086902	0.800080312859993	1.11277042410638	0.604517738077859	0.833375744344349	0.955924749578815	0.816304116448766	0.892295447114262	0.377376033482919	1.2201597716075	0.427802211781706	0.776098557666197	0.943519270453492	1.07470115920863	0.569470575015816	0.703847644132082	0.972345070025166	0.923057584257572	0.560161219617657	0.632672336033156	0.529943078179733	0.932263633779877	0.744739066943448	0.768275778471229	1.15152060561542	0.898661033824621	0.971240744489149	0.644132224582648	0.894686283233215	0.857226944577876	1.22495664297018	0.550250891734055	0.77758429870236	0.975037559565194	1.27911622087781	1.29884484978512	1.04285854866685	1.23481621135936	1.085330662411	1.35974798114451	1.27439791609107	0.952182419929908	1.40719158163385	1.11225909627563	1.15679628090937	1.02000480516422	1.1672983742347	1.06476568734405	1.18887490145684	0.913716648669072	1.08258979540434	1.02049693364949	1.01471959870792	1.05544998631409	1.02131251776549	0.707822727795355	1.13640602190954	0.950943363347293
0.862500042256906	0.817172913837902	0.545328465744912	0.900223818550935	0.646982249545379	1.09360609991574	0.632952003658647	0.757764886510125	0	0.317580410511489	0.870499414668896	0.792608856682349	1.08913355863477	0.500044608649872	0.882683485558352	1.26697699294269	1.33392645098331	0.649353616998269	0.566453795232573	0.801258474429319	0.973589895609921	1.17414076702221	0.709909911912789	0.796213473279128	0.613325007037678	1.04601988687654	0.639101974409803	1.46847545529844	0.762848857983493	1.27278684866563	1.27052916897005	1.34623045329081	0.824623617466009	0.949489057313417	0.864481451750589	1.08959842933726	1.13703710243183	1.1456695563036	1.16924491862843	0.705783410561535	1.16816548649878	1.09367859212606	1.26193649242331	1.05294207301961	1.05720596303152	1.09167068728308	0.927512934651835	1.01500472978322	1.04999716440779	0.957467262553867	1.31236687255185	0.698740290926445	1.13320774735773	1.01722727096518	1.10349440977263	0.950080828418332	0.830437433506771	0.928573824782885	0.569542456308368	1.41390295778023	0.728248869407005	1.06622951821467	0.880049404359651	0.472865204160582	1.02628162021224	0.540680598126776	0.980049428273864	0.724009338432872	1.2557897846744	1.0541402796394	0.866095736322283	1.14150443864277	0.810767282392778	0.873370250374576	0.871975840791584	0.682349451908861	0.685901664210676	0.934645632696023	1.04616121455182	1.16639396640916	0.974413809439725	0.894983292636769	0.643962660760911	0.803390493165615	0.881651830703529	1.1374035633639	0.606729760030953	0.548047051395643	0.78816007863915	1.38857101705894	1.15740376307444	0.884720303960612	1.07534501753812	0.962949905995603	1.18949541956613	1.21242105887941	0.7519565206295	1.24574907768393	1.08989674965065	1.15562506943331	0.947326472982196	0.838486727716874	1.08034479805796	1.07008183733723	0.908588476180727	1.21847097616867	0.693804499168419	1.11466393956025	0.598256665369725	0.7090306987234	0.57878448241706	1.19289771939003	0.742338437462345
0.781334142219794	0.75395374381603	0.328529590346824	0.893339972488773	0.505624684444223	1.04422939575525	0.477133206404925	0.558856640971293	0.317580410511489	0	0.864644845327068	0.729660772582554	1.08035505990181	0.590338480639507	1.04397961251824	1.25193527996159	1.5271244318759	0.613790548101631	0.510800516375866	0.954245574792929	0.972601316263054	1.15817167744939	0.647075012375373	0.801440618440296	0.474932351931022	0.964405681999225	0.480048739963416	1.65553041309564	0.79844291632445	1.19823157265078	1.24720598771486	1.16021807740426	0.78315686166792	0.727105651958934	0.97691857414432	0.833792157138735	0.891260551177441	0.995959548485231	1.11416536738082	0.536904496765458	0.889054232054483	1.12323662180039	1.32376415075663	0.949614921827596	1.09203054630889	1.08545116233008	0.852368529051658	0.902149579461559	1.01828259588245	0.909167285564794	1.18018859714051	0.570712919647682	1.26187287493198	0.988353403647769	1.20660187926276	0.681337593137682	0.66993802529764	0.750412326183544	0.363317523853866	1.39520856208962	0.670733633007878	1.02423559307153	0.808597855025521	0.329085527613937	1.29274126261486	0.243143983775818	0.954598727809954	0.693717208962101	1.20903062739789	1.15515478563371	1.02064530814322	1.06658971132239	1.06872989190929	0.965351831004751	0.812668068615697	0.531570496769908	0.904047293817907	0.998336481867139	1.08262975892625	1.07232593415099	0.854546743545966	1.00406578713558	0.60057373465635	0.687340643740638	0.871772564482175	0.911943765021923	0.431361871012974	0.464237289679731	0.649943479725646	1.22049542694894	0.920251952380251	0.882824408278405	0.959572469028585	0.729596320044456	0.94568906302	1.00974728357377	0.518440120697298	1.11371084638608	1.12723427939456	1.06514209567839	0.955271196755318	0.844984366671821	1.09436605277618	1.08892758563542	0.904592275035596	1.02451194622853	0.767390639314732	0.99329499167806	0.571456972049808	0.764626790023108	0.541321256655096	1.21005400724647	0.650688030300892
0.521018245654594	0.493687767107363	0.601850654147504	0.590635899047689	0.610253056177908	0.888239329074457	1.06471538331731	0.726328881048242	0.870499414668896	0.864644845327068	0	0.269508391629292	0.398726452231964	0.48779157015767	0.673893721263108	0.567423880367059	0.744461080827227	0.814011347859938	0.823012682583707	0.83896054557236	0.646552697884493	0.763057765518893	1.08793627126124	0.7983004773763	0.715926061947815	1.08106030196309	0.764391621441079	1.04635851848267	0.746136002693721	1.06603212470797	1.29735694669799	1.2092500075684	0.781150548862972	0.927359181783741	1.09693818938322	0.937484513962745	1.17036704968983	0.907728348605817	0.840254357657761	0.864782216228442	1.12855689373538	0.575466693035616	0.660471547549261	0.712591055830645	0.674575075777487	0.644303541784208	0.543660608428043	0.724212640000784	0.631672197241657	0.587490833375771	0.688737822268224	0.662709589862804	0.995494472441035	0.473793663716542	0.713585340057217	0.642133710802055	0.513549998181643	0.477090334926909	0.538079059523441	0.695242201551541	0.713912941340787	1.07555300762774	1.11206399449325	0.972283909216212	1.25614365247643	0.822246615286734	0.246575010086145	0.312550695438645	0.427307278371555	0.718011350093344	0.612120052989034	0.652906772654534	0.795786581383635	0.715301943567683	0.85730120570874	0.768229548297853	1.01443910503415	0.752438908595076	0.72117528321617	0.654280425624999	0.893826382829243	0.974923861617218	0.817456101006056	0.969137865543977	0.741834417511618	1.29742722374263	0.669994652559464	0.844334280405105	0.851957005676659	1.18991209772157	1.24162337165036	0.796001660479624	0.879198174993023	1.02378764931034	1.1136350447142	0.876176449596292	0.956515225751458	1.55069302253327	0.54283292576437	0.84574206555399	0.602735565569186	0.5603312317967	0.579728314033205	0.742105679440532	0.449257210254806	0.902692911508078	0.71379879121263	0.717192924543522	0.872740400031989	0.399098379807333	0.516334211753725	0.71349470387743	0.621964221961244
0.411593970169233	0.466541514780075	0.387406132424461	0.551737180801406	0.476069056308959	1.17902663939968	1.04171289458228	0.772128000808993	0.792608856682349	0.729660772582554	0.269508391629292	0	0.396575244022505	0.400541619609873	0.749780708034489	0.653863753828805	0.951412978898737	0.556915213110711	0.617744991281213	0.901551433476983	0.606893465313227	0.812191743141783	0.871822585863674	0.568724195701917	0.686597467947614	1.08789627314315	0.494811322963902	1.29334158099343	0.811083444926961	1.03193311198658	1.26990378854614	1.33479144964224	0.610339532168472	0.911819001863342	1.13405139234261	0.813623297089474	1.15963116703026	0.853540375838908	0.917298816292744	0.819901730668515	0.916878845927738	0.463026044817571	0.826037785305336	0.807897793297952	0.878495190242514	0.774728907637146	0.656309284336339	0.862087245441608	0.678355358794822	0.679827068276853	0.791932954039473	0.638739678733171	1.07494229467484	0.611252529142038	0.978973064008998	0.716617482915636	0.515532579202801	0.474220526051612	0.370925245397313	0.792992450061774	0.484133767641039	1.13810201954004	1.16694892504706	0.750742092433194	1.28233221096398	0.624010506854677	0.458395324558878	0.165103194991538	0.515711165730868	0.796151631875042	0.647308256735239	0.72094098187592	0.802010989595826	0.526072141373064	0.804414869595277	0.645321586224415	0.996319268792919	0.703050023592109	0.63480539733005	0.747987202256728	0.799924330082267	0.7902057662898	0.700220889739532	0.933105722140713	0.555381400544913	1.12636645993246	0.567568014287752	0.803497090556334	0.724750696039325	1.25589992150259	1.33346861850257	0.694196628254931	0.937922043706015	0.931524793762293	1.22810652265999	0.996718543778209	0.929162592728649	1.44361714756745	0.478696276579062	0.796016400362168	0.873364112225079	0.657617541630895	0.7491951230536	0.974872563415226	0.60537973316418	1.10651819233526	0.909560884930392	0.857504259659897	0.836042375238304	0.259163432916657	0.414897164471707	0.925898890965756	0.682765456283095
0.731975438657444	0.826433665218462	0.731895473044459	0.438627079252456	0.829086648825978	1.06441323993162	1.42295913083173	0.869056957185476	1.08913355863477	1.08035505990181	0.398726452231964	0.396575244022505	0	0.525874799843785	0.489693733516908	0.208350400961698	0.48663822832708	0.675996825382585	0.657195062044209	0.624567681403137	0.465839103661329	0.453505184845284	0.799476703751419	0.388656632656144	0.842844705303999	0.845770597263761	0.586891500837612	0.80975316785389	1.17520892544699	0.622687699073262	0.806495177579714	0.99830229777111	0.735087925615409	0.858996442294801	1.08904865600513	0.997131111187695	1.3298714630013	0.826687230886196	0.757767334746641	0.908600612012434	1.11801851511727	0.446535206812552	0.505488088684342	1.10204362028819	0.92099208153567	1.03799584247285	0.880656598952018	1.21409001351175	1.04352470828707	0.973315181314412	0.817684694080633	1.12678680428595	1.07565257948791	0.619688792790327	0.677151447134101	1.08922855042752	0.495335017870064	0.772027904467918	0.630125353810824	0.507386506637937	0.816588220227171	1.17940173977443	1.30447018427126	1.12727251222348	1.08799754296368	0.839600525463287	0.443596162298648	0.52947790369377	0.175027054944341	0.490652256786293	0.338930478504645	0.362769627133504	0.752067436782478	0.544297505640403	0.722056339734551	0.689861943241783	0.837830351288116	0.647468136225879	0.399813192237443	0.642441009212327	0.747078046181817	0.557667116255769	0.605941334413382	0.95653839106459	0.487321071417654	1.37438786740164	0.989386508600503	1.2360226784584	0.723290446060137	0.898992986388231	1.19252923676667	0.732769018677118	0.88988734027119	0.972066015649906	1.33215382192826	0.995877635706548	1.00745374453324	1.42164987279283	0.412700552375158	0.735759675687247	0.869270202579115	1.01711242663849	0.647657927903	1.10607465308974	0.875345367739117	1.34787742787747	1.21455507925306	1.09525605696586	1.31784751531257	0.589567646762449	0.636936858130283	0.733962317839665	1.12524988712644
0.752159279586463	0.847194500412445	0.551971247716934	0.605400248985784	0.676455260683533	1.19276379882448	1.00367779344934	0.680127192565318	0.500044608649872	0.590338480639507	0.48779157015767	0.400541619609873	0.525874799843785	0	0.403167676409856	0.731371543843863	0.846188802484405	0.452195572986521	0.29469100371704	0.467462492449549	0.477849156267173	0.683254303378015	0.723848305838239	0.396745428461169	0.760047485511681	0.828206530186887	0.588065309203298	1.2384446611365	0.766910201330561	1.04563011417734	1.11092228291173	1.57385638040804	0.827849326211091	0.931106030780403	0.956920293896348	1.14853728636445	1.2797773724679	1.16762339234657	0.88643918887374	0.869766217374987	1.23023680699952	0.450497145834818	0.784436644367439	1.01026500751375	0.927582621384134	0.857163355448349	0.758042898856601	1.03197539663961	0.919190578527673	0.891568827779514	0.949325017151711	0.749881181637991	1.2406294825032	0.698213857953838	0.781068267156347	1.02141183696516	0.509647244467539	0.88356258978075	0.387630138788386	0.939538684723115	0.646493325947526	1.08344881346769	1.03519462025433	0.680202785300744	0.939168113291834	0.55057915350289	0.609695135016806	0.395807428311617	0.752459913095315	0.643329191109821	0.375586820643511	0.835923900326741	0.405673086138812	0.356132035522685	0.574217392652506	0.395196207951092	0.553333686093828	0.432973053735477	0.578558036199006	0.818796080882441	0.741209564160764	0.574646018143076	0.412418690881771	0.936232700849967	0.60790124384608	1.21750745331791	0.765955041268787	0.754699565131462	0.714019966965503	1.36235716215186	1.38550995207332	0.83663129608099	0.991822988136802	0.957255038908087	1.38790037829653	1.21302327781545	0.960880340841734	1.4309804795888	0.512401106140713	0.67940153382475	0.920155159797722	0.839356902151315	0.894194980783491	0.995642533084895	0.841550371757381	1.276576849808	0.958891045910772	0.970927032312402	0.91406557293111	0.453897607350011	0.420091685319781	0.839073099911209	0.842374719229439
1.1574333528145	1.25021515374454	0.932199753795216	0.559833157473166	1.13458366167186	0.815060825380073	1.19727538038841	0.461328479551504	0.882683485558352	1.04397961251824	0.673893721263108	0.749780708034489	0.489693733516908	0.403167676409856	0	0.450507384117077	0.466803166609259	0.476424945667961	0.378366025266902	0.391983946522487	0.277958740451418	0.248013849293754	1.06749089571994	0.491935032327543	1.00941368110486	0.79739224633244	0.93715838876429	0.780586257858305	0.910852309924569	0.902297993574772	1.11725615491886	1.40343365034482	1.14263879622992	1.16836051617648	1.2111712917422	1.4825025219001	1.58483777849662	1.30896741360913	0.918485641924611	1.21966821353038	1.49481343439792	0.627043231699328	0.631172010363708	1.19181427947876	0.916875954748059	0.949015918381306	0.901992472561573	1.18791131598316	1.07399077257345	0.997609403828122	1.03668891523528	1.17954238199371	1.21715712933735	0.639099936406884	0.720931039853626	1.20211679737355	0.814967960536174	1.23381614844197	0.783675376893042	0.591735785888983	1.03343796077694	0.780899293660156	1.03850352413496	0.834683722479456	0.787181176576968	0.810766616146227	0.703257822725665	0.885765979798112	0.731624639575383	0.323328500588288	0.230418060997332	0.836680117104084	0.432486068024323	0.321790160443766	0.584433651954676	0.593712428218836	0.623193677268905	0.363974469624446	0.42673807912585	1.01236168278967	0.897459046699632	0.595069559340302	0.613339297856698	1.10677289096888	0.619075959350057	1.35621085818331	1.04472532375342	1.12000511556236	1.07322603232858	1.29678622086522	1.51662905626754	1.11410301849593	1.08853796635758	1.29841107951879	1.60514803874113	1.39313552313453	1.3323081049149	1.46872661993397	0.739364850743466	0.893366329036331	0.957185384563154	1.2081472245977	0.874043661429984	1.11681935292009	0.922819186058836	1.35714719660783	1.17214803370207	1.01936002631686	1.33096272650739	0.922328891195865	0.803302326618759	0.865993789846657	1.1652504685919
0.871203651047151	0.996911919499028	0.940061654637154	0.395543832462763	1.01433614289727	0.898513160426049	1.50476552187918	0.838772716640193	1.26697699294269	1.25193527996159	0.567423880367059	0.653863753828805	0.208350400961698	0.731371543843863	0.450507384117077	0	0.411136530250137	0.717344151101459	0.669557168157425	0.522754152149486	0.461690199851208	0.328114622784039	0.820685523922364	0.452906734830109	0.985970052524046	0.870127035338823	0.814494940386261	0.711822664611456	1.32802407063731	0.709176240203353	0.804478852063615	0.988033842054096	0.918817256870927	1.17107961862342	1.24411237723572	1.29254234425189	1.39593998980591	1.02902667293373	0.817998626230487	1.225723988585	1.36183744227016	0.461394613125389	0.46228221181526	1.30121810603636	1.05877508951067	1.14201694183597	1.08618716281522	1.34232623482434	1.18663764988891	1.18119469630903	0.918433889759334	1.41878904682612	1.07121764789592	0.664885709979541	0.659976715320369	1.16701157272952	0.645586505110179	0.974781517582554	0.795741898063231	0.392405561172615	0.939822780093588	0.943154312747695	1.32495798587562	1.1713059958869	0.913145840606589	0.976427767186095	0.743973034800372	0.838614191683712	0.381742403220786	0.549037684523424	0.480064896250378	0.392998283882414	0.710751094618276	0.530505329942642	0.665959682307451	0.65620589085389	0.819821446786077	0.538152663980213	0.252721059959275	0.557799659982069	0.661204968290449	0.529638710523143	0.816447127275537	0.993865250163416	0.481234090447594	1.31890178395447	1.10864976150339	1.45527240065541	1.03426411566996	0.932762636723857	1.26899649727231	0.914488769476307	0.913293343165335	1.04587025612129	1.36781038265107	1.07356196036831	1.09549039820974	1.34854025622985	0.489869608955499	0.829963923826981	0.94906382670768	1.16712820149323	0.664688383448699	1.13892459504541	1.01831491557787	1.29964657385434	1.36770416735666	1.13588264058385	1.50854473106352	0.890737196183873	0.793166189193672	0.736366329086678	1.13286871589662
1.17205983831517	1.10613069787907	1.30493172354169	0.453255768149065	1.13248974313083	0.884523818164694	1.43602419344331	1.05017940923034	1.33392645098331	1.5271244318759	0.744461080827227	0.951412978898737	0.48663822832708	0.846188802484405	0.466803166609259	0.411136530250137	0	0.974838133124363	0.881141948793655	0.64384335574863	0.491882209601574	0.450476801299287	1.25038506375047	0.796055784192988	1.25232376564567	0.908223004030954	1.19939307557542	0.415834782205	1.08804055700887	0.70727842433316	0.875838653891766	1.04728367670323	1.20763335335296	1.13027678794931	0.988023435315478	1.34448469572449	1.43046067017568	1.10781635950464	0.740631921641212	1.18344911558084	1.38711542709886	0.629920717139831	0.512559385202957	1.05898829268969	0.779072259024117	0.848208425970571	0.871999430831935	1.11149836502766	1.03875555975937	0.982769479528361	0.759574655746316	1.32640433978759	0.900985304412967	0.605773991629533	0.474677081390557	1.32174147633353	0.725687314656046	1.04722629250718	1.01938917582689	0.297048216483466	1.04817993123372	0.900368329011416	1.15928976201336	1.36475584704825	0.638023573861196	1.22839567870537	0.74798082833575	1.0623757884903	0.56326084174109	0.392302179449915	0.497153500610179	0.680181112454271	0.543730828435363	0.662778031041852	0.877992721116794	0.855028946809708	0.661130763691609	0.6393895776567	0.547153754967409	0.862969436794215	0.875760041219988	0.704010524394262	0.93239938017104	1.05071836111701	0.694809644239702	1.39933659776267	1.47023812746026	1.34559989447536	1.18024666637409	0.991674634315802	1.30554576734133	1.11858110416184	0.742431691312517	1.33251784616878	1.33894150447107	1.0417685045366	1.35813631953973	1.19183856073144	0.708524096643939	0.834045578216504	0.883092577887503	1.21808237207315	0.736857441606882	0.886315146460467	0.867055143719525	1.15007824686251	1.17687596609888	0.861917716963544	1.3856278763994	1.02682467340425	0.986439936737825	0.593626458707167	1.33005747783541
0.895188750453608	1.00184181639337	0.518844797786135	0.489105121972659	0.548879158912496	0.935814522096762	0.820544948977755	0.371166521507023	0.649353616998269	0.613790548101631	0.814011347859938	0.556915213110711	0.675996825382585	0.452195572986521	0.476424945667961	0.717344151101459	0.974838133124363	0	0.250332906862924	0.510282713553744	0.444463837334086	0.634496908279178	0.646171918853474	0.362010312162246	0.936719230972603	0.838086747098215	0.521382154808461	1.2763625130271	0.930484701669527	0.88413627606462	1.19881085420781	1.47024026510896	0.857327594155506	1.03009817349538	1.34387121808052	1.05378726552211	1.39002125958322	1.2329475140081	1.11609122353695	1.03559058095074	1.26613798583262	0.713672257812015	0.862997677521113	1.29640702163189	1.20672057637769	1.267879605446	1.04763129683667	1.34812176869767	1.15890652946162	1.11965048767619	1.186168317169	1.02836389739852	1.41548293339317	0.916848142882748	1.28064331682866	1.02795949846683	0.71789948957716	0.914091658307141	0.501850832693762	0.667301697475009	0.476499542618821	0.756851711199826	0.862309998187371	0.311784043032115	0.942066947354238	0.391047332735212	0.968187951235669	0.585831780877989	0.896789767368808	0.707256404734752	0.53484908277714	0.913651917408386	0.587064335604731	0.207972960118311	0.488697883242153	0.3675181047289	0.605377730239612	0.377123326779624	0.455089759518575	0.961294602648391	0.814057804278938	0.462608738816401	0.456460484768848	1.00809466646909	0.484221729687719	1.09373597774241	0.806748705882483	1.07154314223176	1.01867609412381	1.38194421558769	1.46360151280165	0.936167086456658	1.30307345801913	1.09098805935504	1.56885960659861	1.40689401494014	1.0275935598734	1.35555232313091	0.853044137373659	0.865368858451908	1.25090873549525	1.22475197281617	1.10954479956431	1.35946081406382	1.06515224886695	1.43956710860502	1.16580189716667	1.14798835984117	1.1900531192855	0.850648054448714	0.665098918001802	1.09599602113366	0.947942158378351
0.949616233904958	1.10325675501265	0.525901803364419	0.43995622029075	0.711523160403799	1.12655594915998	1.03259582841586	0.429527794927586	0.566453795232573	0.510800516375866	0.823012682583707	0.617744991281213	0.657195062044209	0.29469100371704	0.378366025266902	0.669557168157425	0.881141948793655	0.250332906862924	0	0.446846543367188	0.367942451987483	0.525912746288406	0.640342658015874	0.357134916967951	0.712368856970561	0.755410859953272	0.643149242666033	1.30917908170242	1.05077749597939	1.01775577313785	1.18641721055077	1.52244708711699	1.01158694350108	1.04793952840488	1.27319374305275	1.20608231188759	1.44975884126855	1.32878365567293	1.11459867905199	0.922339462465351	1.30719951291518	0.762168325104666	0.972152386109408	1.36430061411814	1.29094370984324	1.23456386946129	1.09144289556145	1.34700257905452	1.31364815846141	1.22501011532718	1.26985524454616	1.07872768385452	1.53519267946467	0.851103975133954	1.01427653514206	1.21957842008864	0.538388905406024	1.07425608394435	0.388527688580314	0.826560175446283	0.69079058752815	0.89749668397779	1.12608229463856	0.439685374110914	0.966723032288748	0.394771972945611	0.931928307891498	0.758150220914519	0.979911905201852	0.551464951517494	0.446908895408648	0.834555166990803	0.53566929104982	0.267237041262554	0.458712368984574	0.161986918501573	0.563311096171121	0.444067056903825	0.392959381921328	1.05260441487654	0.745325712077174	0.501474548384351	0.341598660779784	0.781215514936602	0.519933030071905	1.20857557263798	0.722780233160654	0.885715810328832	0.899674011954674	1.37697426455905	1.5057962416057	1.04476923967098	1.12962966323211	0.976555940890683	1.61381389227087	1.47497479599739	0.916069692214953	1.41140327583763	0.901197954314983	0.954630559409439	1.24503736156846	1.34365129003929	1.22485913202533	1.41933083361349	1.15377498709131	1.49738485974816	1.28019751048375	1.24713315740218	1.13998249781898	0.8965813929722	0.635747514019674	1.09693217777225	1.13044779636104
1.06257360857109	1.16341623957396	1.07301874164718	0.548513021819253	1.01662964869636	0.972915850966973	1.12363724185639	0.74943364512474	0.801258474429319	0.954245574792929	0.83896054557236	0.901551433476983	0.624567681403137	0.467462492449549	0.391983946522487	0.522754152149486	0.64384335574863	0.510282713553744	0.446846543367188	0	0.387597811838955	0.388637527152945	0.874959386672447	0.517482653155034	1.07503040005116	0.754402431644059	0.802295875098756	0.668490263433812	0.792985013499762	0.910846493329347	0.964600025076928	1.41368568849176	1.10146655977647	1.24809353932638	1.11407522306809	1.20830412865922	1.53906476416993	1.43871337618815	0.98822431842988	1.24548128396216	1.56855753718238	0.627290540864932	0.618154738545686	1.33743316217161	1.07481398611787	1.13208049249907	1.06989825014855	1.26706061474716	1.30075200417285	1.17882595151358	1.09892382113574	1.21110897927262	1.27464203220006	0.937460898344993	0.645108320680999	1.2951139985239	0.79924860833791	1.17131612326736	0.834485916811835	0.747234217636279	0.878096142677647	0.887172197556108	0.991403044744382	0.845580906332536	0.504437454294654	0.868960834805929	0.879771049092536	0.917227001130743	0.8347167185669	0.583523548221287	0.507970285846204	0.855692107020675	0.402355973190854	0.386840850922247	0.41819674171215	0.427060324250454	0.270144813285476	0.407069732901506	0.41061153310261	0.807508628397039	0.852131199727933	0.468364690044639	0.630254268545992	0.977955485804542	0.52488445203198	1.27391968282152	1.32260424948571	1.15403627176354	1.20139474913529	1.30646041436818	1.47795048796859	1.14065111423875	1.19878607112452	1.09530506439266	1.6240287403955	1.41513816071383	1.26898404484822	1.30782738690748	0.748323699880787	0.865181084808232	0.933952332886846	1.32635397326371	1.03651937885535	1.10487575308401	1.13743013111676	1.37829286176691	1.21772222876196	1.19673212021504	1.25099722369292	1.0212052354293	0.899597843322559	0.578497563500684	1.10678463601577
