0	0.259492419608374	0.387070745469175	0.397173190830385	0.417000236168918	0.36802109598502	0.456277485014102	0.403429562021236	0.508503787782621	0.334359629031934	0.434137907811543	0.369363337212574	0.38763826177883	0.529567568056362	0.438427561464961	0.476306734045206	0.684479591904696	0.460169941398892	0.393707507663497	0.50882689454662	0.431389205338226	0.42450587669238	0.487314861687417	0.639865639311727	0.61312936092658	0.747208733111895	0.508723207508435	0.535661170653286	0.528871842039195	0.258021691296672	0.453613302683716	0.605430669195501	0.40442691399168	0.64055750909623	0.932193516278245	0.62469226173185	0.554611804267161	0.860672965958028	0.691286265074323	0.581527103638034	0.565877852559378	0.399074681833778	0.524071612501212	0.450400330988247	0.534089371960949	0.598297580261167	0.666306753634252	0.596308120825114	0.607975754956898	0.873669150159068	0.696833834877372	0.54119260100131	0.638899077056502	0.568356114693677	0.429757799604053	0.418713663129703	0.459243323580982	0.236922227442819	0.47944811702284	0.322809007648644	0.420628973020931	0.494471977517589	0.523775935836828	0.393940141013763	0.794974147268453	0.39547283254037	0.214766156501898	0.342557505471232	0.467721030549769	0.461863873076177	0.501988226807263	0.553471481911279	0.661405379065835	0.445413220785747	0.698319647311371	0.565378761791194	0.608786331013486	0.331442448860775	0.484899389040984	0.554082684034556	0.77508674490091	0.657781435942442	0.511963085620458	0.647223757276007	0.647790796344424	0.952728605870574	0.548153974237118	0.625623336650422	0.617460022547175	0.540711435168632	0.60304584121779	0.513730213330628	0.925220468980214	0.58924561477057	0.542563712070638	0.60736622019763	0.742373042069824	0.533833663675613	0.464772476757299	0.695855075847398	0.55505585380722	0.62309084891677	0.608890592439154	0.607649803021744	0.701853994859991	0.650238767844916	0.575177452424068	0.856824170669676	0.740467496001174	0.392985671879342	0.424542749636732	0.370284661062355	0.465380200332013
0.259492419608374	0	0.142853367061321	0.128566141514466	0.187910540157947	0.453781304921578	0.505238552770869	0.469492141791588	0.73981587552058	0.34814113624777	0.236809464501428	0.388776877053189	0.299578591449819	0.320714707140337	0.411673005871861	0.250067961713946	0.719898611245496	0.548511414329015	0.443788572571945	0.586187026586528	0.437916746944716	0.56366192246129	0.483068403323861	0.709769169968875	0.683941393198804	0.640647655787565	0.557202441674264	0.694385941771711	0.399514606382914	0.42448883439244	0.413606497562659	0.521669605517899	0.369069948207031	0.657415252826729	0.809760039033264	0.531693566556897	0.506126357107946	0.756435629506485	0.608283832018331	0.53697362434071	0.633925459080049	0.356732093999237	0.489895838737535	0.442542271110899	0.485871852771084	0.537086521380523	0.55273985685287	0.569349421180462	0.570399737296226	0.778234579480631	0.528674928261952	0.504969514916565	0.668271233943779	0.487010377610524	0.385410582048703	0.427241151670513	0.417135859181982	0.0952438463664571	0.180287069764434	0.138126421635429	0.153104533293555	0.543262481264332	0.578871063466243	0.474227814626013	0.990523285266485	0.373980391487922	0.263990319617764	0.208530804927838	0.385507926785043	0.611378933721349	0.391744580738471	0.31544831056772	0.706814520420545	0.524322164917592	0.639700063918288	0.674175593995723	0.640211380820079	0.437483566449394	0.635822510932117	0.478658631167474	0.734493991290246	0.671005578422029	0.502074873105169	0.666185750451371	0.740847703473815	0.896034329295182	0.672488678086018	0.483708690042336	0.553815024835384	0.525443612387327	0.559119565131877	0.449303870602258	0.723595809374084	0.509917928193963	0.525772258205954	0.583549738907904	0.675694340684578	0.621492459221111	0.444877462595148	0.548666984095239	0.48945075457443	0.62588181179608	0.596913379204092	0.569320428131829	0.570723892887295	0.607133860627198	0.543339502816816	0.777158455203368	0.627770053339256	0.355933237618429	0.348737825263355	0.360824663054376	0.445983592322212
0.387070745469175	0.142853367061321	0	0.0655265579099866	0.104300723488575	0.419724782891292	0.596497828710796	0.493460094247699	0.665819321553449	0.352569418321762	0.229108544692656	0.33621084040813	0.292927651789276	0.280706429182919	0.383437330016073	0.242047242535746	0.61124500872318	0.471667448617473	0.409607308200856	0.479482534485507	0.365772446807832	0.53056159583682	0.476196198730971	0.646077921892029	0.622439215233462	0.628516736023542	0.552434418580578	0.690138250910357	0.460623482873662	0.519299504246199	0.418275248751928	0.540724734503981	0.313105925297674	0.61062137235225	0.74001629288893	0.570222345283897	0.552048146143968	0.798847391066792	0.6124396745463	0.598152496335862	0.640621820665028	0.356049495379135	0.48025091846784	0.448814915175523	0.522796824692983	0.571030165343223	0.605237438871552	0.567250821756196	0.555529284339677	0.757112907516503	0.565279252657387	0.464303492347042	0.558982781898985	0.458533863310669	0.289010727519048	0.4039748057704	0.461567287828932	0.147159803992578	0.0650448965927679	0.0910036142064008	0.0770523408302515	0.477357067043014	0.664002887180008	0.472562386422612	0.95610909249965	0.377985468138529	0.299365391155384	0.181326274073774	0.391877479199592	0.530093616958944	0.365969298463098	0.300159666418413	0.617068495350894	0.468902479916678	0.643140648614455	0.657612839313159	0.55758129707575	0.416288342863501	0.584567851518581	0.419979119156111	0.767711753468038	0.64848712080728	0.460723736933778	0.588580566446077	0.68403465092323	0.905094219464724	0.677125906089969	0.536518619715638	0.637431822561305	0.549032770759684	0.578564610897401	0.421474622687857	0.649199986918115	0.581145829423173	0.563202843680749	0.583804243813632	0.697268778807966	0.590773892872171	0.458199960232816	0.563387582813381	0.516617606530173	0.622061962697715	0.585584174031977	0.585433061235727	0.599325417831789	0.587271454231394	0.509571212450503	0.734308034945874	0.587445599971319	0.330994395323164	0.312352268455867	0.313944703671464	0.423718127333327
0.397173190830385	0.128566141514466	0.0655265579099866	0	0.0846259781268861	0.52429055559206	0.590026420880156	0.522825335995033	0.737761342076208	0.417764581112476	0.242532755800047	0.408906728340284	0.34092062803515	0.286770305316095	0.417814077862451	0.287549145039565	0.712736819750223	0.536366336460622	0.483430383143032	0.550159115767334	0.415944638977202	0.605434103751489	0.560524345605602	0.761132587657778	0.707753893986972	0.667985874691016	0.623010173667766	0.727631652737935	0.545192545592966	0.565711535608362	0.484206557581882	0.578044806669062	0.372686027263487	0.649383070414063	0.783966076798276	0.597920028504774	0.639983073072213	0.856163545329118	0.704447117348418	0.692951934222476	0.731808590233352	0.394423435168806	0.507356626301552	0.441180658058047	0.5686999283717	0.601942309781224	0.646314632327221	0.652063342690136	0.592660145012305	0.816195965604443	0.598490596336502	0.541911835394386	0.615959880600895	0.463865665995248	0.28821145253702	0.488766226145225	0.448593198879693	0.152859446128582	0.109786692197051	0.0760051933106716	0.0827176404313396	0.586099301492493	0.676131651816742	0.518769375005275	0.96239692881691	0.447340752949964	0.329718997762579	0.208707737533918	0.468493425717155	0.592634227757041	0.447896745761414	0.351756716341346	0.702012992470364	0.516691897273249	0.689476998185199	0.718781620539865	0.571687349734429	0.449517586715137	0.68071275560996	0.451275494744681	0.799287089117066	0.733686607451033	0.485290968137941	0.658789701491295	0.775326786498408	0.953877896777976	0.699305881461512	0.618362739421869	0.674105768117642	0.646098820739627	0.590287964729407	0.497852014160626	0.681854283837495	0.644774995461701	0.619758350215816	0.645815299987175	0.74371869128947	0.675394185147712	0.487909436518893	0.618080725409207	0.551832934541	0.665440483118627	0.63861577396329	0.623393166727104	0.621741900318599	0.658766421848688	0.607169987446143	0.780399164970658	0.657622575831495	0.33349196867846	0.316024581388048	0.308611634410847	0.512103728444786
0.417000236168918	0.187910540157947	0.104300723488575	0.0846259781268861	0	0.540709928420043	0.506228911129413	0.468750964526858	0.749456076734729	0.460887281784717	0.303883090784995	0.44992763318174	0.379878021732224	0.335537600332778	0.438465588341602	0.310996867633154	0.687027258860408	0.468189104026627	0.479706087979455	0.535924471890799	0.416595540619075	0.567136714757342	0.570758517984019	0.749615723551829	0.718840032606148	0.717180938529689	0.690357350681755	0.749065607429486	0.654716576186883	0.630808853060362	0.572438257729426	0.620185499987237	0.385475747277045	0.634463436630254	0.888950365135309	0.710805680327654	0.737112097686924	0.969894557268755	0.795474050909582	0.799487050569506	0.84508847040234	0.491531561578533	0.565390879107104	0.501374351475511	0.667612135083384	0.72480145632615	0.77812923203265	0.7630056752134	0.624696592801389	0.880331061441908	0.732973369818581	0.609145917420159	0.683022499551207	0.612186272574083	0.346702744776009	0.515938795216319	0.439008559615944	0.179896400855838	0.146312476967334	0.109384815057257	0.0319352951094419	0.605134127615915	0.581261504113897	0.486072249070634	0.885593817391497	0.466606512433199	0.355537189404829	0.228005638090491	0.536570849855909	0.592705226011158	0.509632521182984	0.359931095751984	0.696406664707537	0.485773325545867	0.651350533961092	0.681868402992997	0.509570690857955	0.43710920891401	0.652220755651025	0.526634022466694	0.770323059659435	0.785737870472057	0.498911660451036	0.684154292442961	0.830933754887371	0.988434095264114	0.790189387070066	0.747770749269385	0.777227895289825	0.766374387472755	0.687690702744842	0.58383910254707	0.7643256422769	0.766111837426355	0.748174664492052	0.766654795476766	0.832039148777821	0.755880250902121	0.617450352118647	0.732384985904876	0.629513689343186	0.793952344854417	0.73421534354108	0.74255941788322	0.74991465427928	0.772495807021424	0.669119307750288	0.828474342248662	0.685911608470445	0.400920102443272	0.428731461639281	0.376025235038509	0.557965304399132
0.36802109598502	0.453781304921578	0.419724782891292	0.52429055559206	0.540709928420043	0	0.394549964879282	0.254897716291497	0.365090984767503	0.163931862329565	0.417652768660102	0.258901629104315	0.349143938394333	0.408651843448001	0.37899505785014	0.332459178222958	0.398750002224532	0.271112714854634	0.135125232631287	0.253988025303857	0.21435504918636	0.143738786262684	0.268566686996601	0.243012933276242	0.27946654088319	0.545520750243728	0.228605253256996	0.499887048045647	0.425119573738492	0.485453677432034	0.40031408697572	0.510595373885601	0.273692160102006	0.393698652812568	0.875715523939815	0.469827288776729	0.425491201817294	0.626752799702796	0.393557955879395	0.414170417213086	0.440907074128404	0.289645060191914	0.339785977589564	0.458982432030442	0.385068551445138	0.547462352816704	0.460331731327334	0.441860765333767	0.443001277937314	0.54348215455021	0.462755902520858	0.295492778631693	0.469362641207186	0.483187032783419	0.509143233482792	0.215451645174204	0.48953983940735	0.39457744621136	0.467707832536997	0.466570464750256	0.503977087078096	0.136653822395314	0.44344636480972	0.202516280926026	0.72759726933946	0.186805801590228	0.379845836243461	0.368029147939895	0.427784010804575	0.441847204699805	0.318430790934642	0.323688113391538	0.335923563245273	0.260189829481704	0.372248129332043	0.234707465882867	0.345633077187868	0.274767721289949	0.198178691114503	0.419398068574977	0.580618081321515	0.343857888880016	0.307103680878152	0.299833057020163	0.310475046938382	0.703333850618639	0.578934810684359	0.524681696145509	0.658379945358035	0.370059095363447	0.541607612545255	0.353141310205247	0.818322424431607	0.528973189616331	0.472609251133281	0.401635114027465	0.437288471193437	0.359860263948094	0.433023077364809	0.395849680048649	0.48438169274766	0.580236804233508	0.394628343233899	0.549658494536412	0.415410538918043	0.526909823588953	0.498781964296154	0.556474518799051	0.464278415925589	0.496504032020018	0.507493839940999	0.495969999943623	0.262460700240275
0.456277485014102	0.505238552770869	0.596497828710796	0.590026420880156	0.506228911129413	0.394549964879282	0	0.109318683306277	0.548834061785374	0.285142464633713	0.571989131409804	0.500056968187408	0.510017225391782	0.499977210625785	0.473014213460601	0.504392399275685	0.540068010450561	0.361443414087205	0.293870615762113	0.404710970705525	0.455730910222344	0.347823909896569	0.539062129040442	0.504078840037521	0.497001206910905	0.700693018734397	0.447497105686254	0.673815560011592	0.65998506267973	0.581888977635225	0.544013067755192	0.57310699080884	0.4074687325682	0.4676401762328	0.975944738044908	0.738794396044106	0.684771244664533	0.773941429937072	0.683602509563186	0.656476531469516	0.647423118368907	0.489285388599155	0.496363073353177	0.622969620869787	0.555808606468027	0.781582346138363	0.7069413808303	0.728341610577089	0.681492079302222	0.808244450255327	0.73135732210883	0.555228310706122	0.633265587567278	0.691959189444074	0.638326764369934	0.337863255210669	0.552572160260145	0.51721415670773	0.614671110650284	0.549320261267665	0.535919242903105	0.455828632819617	0.0316641825833124	0.178964239804791	0.763598289027658	0.310587484906463	0.507476445953772	0.478654680229364	0.55570651291559	0.602815318434454	0.503684029856107	0.474708837061604	0.549983425188916	0.354578568051299	0.400590134001223	0.280793921093335	0.384876794833231	0.373484678308843	0.3431770614608	0.583883726393505	0.665985774407614	0.556112402237055	0.409235529821672	0.474475524193346	0.554889798222124	0.860808954609982	0.733967630117648	0.795154108443881	0.673137301408093	0.585219953071659	0.652667712632628	0.487421095503696	0.87720830804769	0.698482475516084	0.705245987065584	0.640413406155144	0.60897706034012	0.620332395964362	0.637412403594444	0.587385755998437	0.713233555315147	0.806268548471806	0.639348644577711	0.762468972977352	0.675053482260031	0.812734348857967	0.792088824897691	0.841670641876775	0.7174028491005	0.591871904026874	0.664723315055093	0.711629433319454	0.413581629076957
0.403429562021236	0.469492141791588	0.493460094247699	0.522825335995033	0.468750964526858	0.254897716291497	0.109318683306277	0	0.389688717391262	0.164297267555616	0.490712928556132	0.407286329806063	0.468786759719932	0.426961199809914	0.432986487820932	0.428800187675349	0.493255873588237	0.247135528737791	0.179813519756548	0.215105761586345	0.318428177217738	0.210583340915063	0.468687325861476	0.381211259020056	0.366500116664072	0.703206304451955	0.336578772143633	0.572734076108999	0.576624846166636	0.531919698350414	0.504955650882853	0.559255369131388	0.314134032042009	0.38174191336069	0.904669385837474	0.639308151721692	0.634839811146618	0.759318821585035	0.580705986249517	0.61033668330093	0.614767961745297	0.429048434016137	0.460905424724064	0.532997580967433	0.483493945864829	0.705322855968335	0.578298703162524	0.613803426430875	0.573032935077542	0.710748872283917	0.677847004149589	0.416545395251944	0.580634615227993	0.611091734250813	0.531506510816333	0.229049073402939	0.499381839055793	0.451530964157879	0.515407363241169	0.483363296973566	0.491324031867301	0.344358228671553	0.150356719513531	0.0821345157093503	0.661675714795672	0.205174474536721	0.396724969742003	0.414575239205551	0.53666902105534	0.549793678101253	0.45100247859405	0.406337947705825	0.460784945237072	0.25446598376365	0.310440874304474	0.204995640902415	0.240259799078136	0.209753506125169	0.246705971864929	0.520184638840435	0.666678740575256	0.509146064151253	0.319045718865962	0.357691710820511	0.474151623605959	0.765001910441822	0.65829311180181	0.73790257339176	0.659729398448927	0.53824120284017	0.653040640421978	0.397002827039843	0.818547070382646	0.675036791715468	0.647522574054222	0.58126630816302	0.565298175127241	0.543807911410793	0.605964635474102	0.519637597418537	0.626951790652393	0.73089603071352	0.567375889552506	0.698209534407454	0.549167435427198	0.727559701737146	0.691783892645308	0.737324675853318	0.59904028138202	0.545730412688044	0.584940703031634	0.625679408136966	0.307255110633509
0.508503787782621	0.73981587552058	0.665819321553449	0.737761342076208	0.749456076734729	0.365090984767503	0.548834061785374	0.389688717391262	0	0.397276523036403	0.644096503925142	0.527239137143733	0.622994559278824	0.684730324510266	0.578248342304771	0.603592742679854	0.577231993835955	0.510574994423129	0.437947622028959	0.448351883965395	0.482548719847057	0.38565005966309	0.592955306438544	0.500776862002845	0.49287946526283	0.788359364935696	0.419341990289255	0.523706164088622	0.753284091968528	0.637221910369706	0.705273912556216	0.774934439900966	0.56417973965363	0.577662210651442	0.821176885186361	0.773357312180583	0.735626643041615	0.94398081528476	0.642191258729179	0.764258047251594	0.666642734481485	0.610924197225156	0.618084892662203	0.678437722264282	0.657887517680607	0.725405242383511	0.639766600128817	0.624517095046649	0.641420077645905	0.714860194074878	0.757686209331898	0.544914601146433	0.687240572592408	0.642220711223244	0.641117038369533	0.452681382012243	0.806573496071368	0.716044131087326	0.770420860382876	0.722277658166144	0.759492052798297	0.470781722950525	0.593590638331603	0.359332159026712	0.536450591807341	0.522389850658001	0.597911706665459	0.649730332050981	0.686164800476035	0.556824397061427	0.604956553930814	0.627456151988839	0.58262516730293	0.527595219265476	0.604038755395511	0.465684008269564	0.483519368357246	0.35202255108825	0.383096331587405	0.710227974746646	0.769956867263528	0.641513974363904	0.533122947237498	0.478932090818258	0.479205707486039	0.69957723154417	0.654250587998242	0.754485834603567	0.89780843998332	0.639381172394089	0.734469797184308	0.633567335361128	0.882032230101345	0.830874035710747	0.714901940935409	0.661599244092563	0.7273801633375	0.541077074555341	0.688341651958828	0.736667122164224	0.620386176778288	0.704161072205611	0.574082089806845	0.716778699454723	0.67414186477744	0.75126217517693	0.574234591266795	0.784046254476095	0.639504819137476	0.725418519218727	0.720935068638302	0.674365290567549	0.527119885036602
0.334359629031934	0.34814113624777	0.352569418321762	0.417764581112476	0.460887281784717	0.163931862329565	0.285142464633713	0.164297267555616	0.397276523036403	0	0.345788169762227	0.300543910934052	0.373552415238152	0.366340225186733	0.392307595096131	0.320875060491942	0.463177204203954	0.306550929812155	0.179795713275325	0.250905932857832	0.254706562002026	0.250358023815077	0.340445458998795	0.355229877906382	0.33599475757317	0.564898946422985	0.211161271174294	0.578577012577093	0.347486470446338	0.45532800334734	0.349798133157966	0.4336060112339	0.273917146396894	0.413771934268074	0.729735294662763	0.419957531251173	0.339879715036373	0.628119444059493	0.426383804709662	0.342069024662371	0.374095332176477	0.231648823711162	0.281195257003717	0.424680676911194	0.301213136759196	0.508653186771422	0.351903253612103	0.423561061340089	0.474227326177214	0.584279807177722	0.420741213089652	0.305936573837119	0.466291740910247	0.406400829969712	0.405627053243709	0.180946635516423	0.488918051862321	0.34891154125167	0.414217773962367	0.410017138322399	0.437399352647833	0.247096726612967	0.353462816637741	0.148946132346911	0.801301537953298	0.0786348880106906	0.320115289064783	0.316902861322183	0.375048421651143	0.481327585043577	0.319564519883604	0.282890818822925	0.396378116040609	0.297202138134274	0.364750654492231	0.252177880907751	0.327340098778655	0.20289671728608	0.245547011118011	0.432352288063772	0.653145280470253	0.405198499011313	0.322897229551596	0.337236035198394	0.36680417297094	0.736074079957232	0.590956579335013	0.495613693021363	0.48756869404085	0.339599073282716	0.492134013611022	0.277307081023395	0.681840877366065	0.427317978087983	0.435829621144778	0.389594690808328	0.405265779274876	0.40561163609865	0.419409017630294	0.374418127443826	0.458822754117092	0.562999540722513	0.366810315259258	0.525629935787348	0.349763326286054	0.559995230900181	0.547930110732387	0.627332290048399	0.50216681291173	0.435749525678676	0.444120712200824	0.501640182902069	0.222885298350114
0.434137907811543	0.236809464501428	0.229108544692656	0.242532755800047	0.303883090784995	0.417652768660102	0.571989131409804	0.490712928556132	0.644096503925142	0.345788169762227	0	0.159384268780604	0.157070695518444	0.181433056399408	0.197666592874585	0.153944606301156	0.564807955592075	0.418708876686118	0.392298828331212	0.448230261840372	0.295001024212116	0.527152442473564	0.517845151131931	0.657567623758085	0.635442180702569	0.60106684082942	0.485224708052581	0.705283934797034	0.434436088416424	0.47097330586298	0.40519114438656	0.506525607282809	0.298433341608692	0.529494515720191	0.741523672063745	0.495281325199416	0.605924506441466	0.809949822991695	0.647521252714497	0.536226797842702	0.725421239564457	0.337479347084623	0.455999101642898	0.365053321944266	0.484269673135797	0.514987701821102	0.505817507045184	0.602924186489878	0.513754116057677	0.706592840262884	0.485528960388408	0.461622450550722	0.338816530803195	0.430524742500526	0.323024161429342	0.450907237048085	0.473545109464404	0.242550128179738	0.252745241477731	0.271952210275731	0.276592363194508	0.425612985942532	0.660203573586496	0.412995508473123	0.908677033849254	0.365706333461522	0.22591326527237	0.116478229322671	0.244333713210512	0.307948132719638	0.206020975604513	0.244650355043114	0.468773650980932	0.382500126671646	0.563552218852283	0.608046224723483	0.530930317899056	0.407928124762202	0.551390507932901	0.370377708538138	0.758253652709007	0.61180677260147	0.38260054504473	0.585758900973583	0.668318466515519	0.818103878856344	0.588435726101235	0.490127841684183	0.625023479625883	0.501260502723013	0.52297616632435	0.39400631069312	0.736854596534969	0.56574632385412	0.520822018834483	0.542405955123268	0.598694085395272	0.613500780678128	0.374670077050883	0.467197488584077	0.497038844822311	0.583796791095072	0.502857721663963	0.550758256129367	0.537673696006441	0.594343162555251	0.527513857605619	0.722652829882974	0.605375108186049	0.254031711783101	0.308679332131065	0.442076152515781	0.45432174322602
0.369363337212574	0.388776877053189	0.33621084040813	0.408906728340284	0.44992763318174	0.258901629104315	0.500056968187408	0.407286329806063	0.527239137143733	0.300543910934052	0.159384268780604	0	0.127124954385983	0.21270401203142	0.108652492598938	0.207843001465187	0.478838618891159	0.260209826545111	0.237686950364969	0.282140691025301	0.191749753517175	0.343145172422619	0.402452428264616	0.454465856430539	0.436987517320581	0.544795042617693	0.362835219224983	0.64416669817631	0.481195959204826	0.395563672538474	0.339504473661231	0.47772026827302	0.211504372787741	0.400975725010141	0.823386197338954	0.537611492962076	0.588567923566179	0.766667398811066	0.605685581718841	0.466201193616408	0.583456932303949	0.310329970687664	0.440423671908123	0.376212761008084	0.462021417017566	0.556546056333406	0.559504472944191	0.600186844397769	0.492268333644577	0.706108920466683	0.531822301720195	0.399947858567568	0.205974066697195	0.459540701247523	0.391606772692808	0.407520448319171	0.414581500073351	0.315133955756321	0.374973859654943	0.374727230201436	0.426733368660265	0.283193746589214	0.560736248489416	0.328348699244522	0.862367334026679	0.306577177037604	0.222921804563051	0.158945465014973	0.255916336849349	0.161140977930796	0.155852589338489	0.276907407342666	0.317761129384476	0.211013204004066	0.474769113892969	0.454687213492744	0.443046487456613	0.372811540137784	0.372377031997989	0.305608132976311	0.680623330812538	0.449224189148445	0.291069426594883	0.418307009525017	0.472533347187087	0.771981017353375	0.571075436167802	0.552988621667166	0.668021262761881	0.454353958998499	0.467767183250271	0.379922579583148	0.875994838732164	0.64347551441272	0.530524120711615	0.471624092634906	0.525988429999566	0.47872635654104	0.332476672086181	0.473154799025364	0.572632598515457	0.60258021914043	0.43427760575353	0.563386138347411	0.553825818886682	0.602995926856553	0.589687076326232	0.718602351240537	0.604018155929893	0.288652853438077	0.371237097120085	0.471673524401477	0.432863672299863
0.38763826177883	0.299578591449819	0.292927651789276	0.34092062803515	0.379878021732224	0.349143938394333	0.510017225391782	0.468786759719932	0.622994559278824	0.373552415238152	0.157070695518444	0.127124954385983	0	0.171248766676861	0.113807744436453	0.164978471936345	0.496097009158124	0.404449333065077	0.327077909736737	0.452164146009099	0.338330010520969	0.473262165592589	0.444484025200282	0.572258941402926	0.582936523654484	0.605566772354136	0.459511205689723	0.689807475496059	0.423213848831009	0.321826836219443	0.254095645748708	0.338128906958614	0.229822661994149	0.528499946154543	0.770539509082371	0.561628319435936	0.55805257086046	0.648526815610765	0.612198257476405	0.477358262113026	0.605766122174133	0.302488881364891	0.41293618835716	0.394775783461459	0.405546974613197	0.56298658043678	0.590035576880571	0.621614205976851	0.561041078560947	0.741703103844033	0.483299647598043	0.45960001743028	0.241329124223434	0.476060131505396	0.376791711850864	0.435261670564546	0.369031564916047	0.254075327372659	0.315891825104802	0.304553644667829	0.346482429744211	0.397912225812963	0.571196856583828	0.428191788210461	0.981421970751376	0.344766659820379	0.186398763452929	0.141221201625245	0.117601462906379	0.297954547294278	0.126627506102646	0.253012350601269	0.423895256116477	0.356177894887097	0.589602193711574	0.547072108124408	0.562566075764197	0.470520499932347	0.487137184367852	0.270668250513446	0.707680042609503	0.497733755217893	0.371556671845371	0.560284878297757	0.604077262521345	0.809805740075992	0.589240582222982	0.480579441822269	0.531991344251034	0.369720378655087	0.376242380585354	0.328927069872109	0.778319343833963	0.548818182279622	0.481084953297818	0.458821394625991	0.538366294637986	0.507023441355503	0.289359631304507	0.511357846920324	0.606526767396164	0.583466471399012	0.474145679653245	0.564440254330605	0.612847591988081	0.600172635456709	0.55604691939294	0.774522305016476	0.672911220360571	0.259609362356813	0.343433404519916	0.490131996354575	0.443405748266967
0.529567568056362	0.320714707140337	0.280706429182919	0.286770305316095	0.335537600332778	0.408651843448001	0.499977210625785	0.426961199809914	0.684730324510266	0.366340225186733	0.181433056399408	0.21270401203142	0.171248766676861	0	0.175105232393523	0.161265280515982	0.509194723438197	0.335290150772973	0.304304735758205	0.376485936155207	0.315002298092634	0.52163500546142	0.402373930913093	0.488633649943314	0.554878318981724	0.500255224594478	0.442742108110768	0.800565814101736	0.459982042736694	0.552099392719689	0.322110502827025	0.337212367012651	0.21000592155641	0.457977000538857	0.786667745711168	0.588174386908633	0.599043472333699	0.641380673237714	0.560218707861585	0.520947496474269	0.674414964465399	0.3445491821778	0.434042142160712	0.42915555166722	0.451480572575529	0.601266543564418	0.603577216782808	0.643653547435831	0.540540870766007	0.708828221692575	0.519944472545119	0.436115459305148	0.314985303006369	0.494463857583207	0.405917287832513	0.381239888783474	0.4409449861438	0.281092564177432	0.291966405259076	0.30418576496221	0.291721226687425	0.37675731006603	0.571438265985566	0.39538185062967	0.959030987401433	0.327066730653291	0.322264335860514	0.151803571282461	0.256690033771475	0.38918222930384	0.163566507650402	0.182444960736779	0.414735450810063	0.295578877256638	0.454998282059168	0.493220177350445	0.487894260927095	0.477245221646883	0.505802096143124	0.270864307871564	0.692498895062392	0.491082881211982	0.375871473083437	0.455126987055273	0.625572842819688	0.788897919599303	0.70400175219305	0.547559033338712	0.59678987002048	0.502162097276879	0.450051561553149	0.346464901913631	0.696898732839009	0.634309248320017	0.623132567729596	0.52386389034845	0.537162072462495	0.576376340172532	0.418540670308237	0.491801727140304	0.627674691222154	0.708839311456847	0.531205099093696	0.637058874439293	0.595093508321168	0.698640082252038	0.685267395991806	0.773609000548149	0.62485609042103	0.291373169675115	0.419198525652015	0.536340307488114	0.434009932254872
0.438427561464961	0.411673005871861	0.383437330016073	0.417814077862451	0.438465588341602	0.37899505785014	0.473014213460601	0.432986487820932	0.578248342304771	0.392307595096131	0.197666592874585	0.108652492598938	0.113807744436453	0.175105232393523	0	0.225177905577924	0.391430471153815	0.207509344120931	0.241020189984221	0.35807653224647	0.25995404603021	0.442329148616861	0.425724778949135	0.442139564781945	0.495103138912531	0.52613483941843	0.400570996455826	0.775739214879264	0.613487697488728	0.484485550577603	0.292210265144773	0.365365659926052	0.184995343557616	0.316074552397022	0.815651805576874	0.64705962982587	0.687559333493126	0.709345467134469	0.717493600591614	0.505832416932033	0.641662872734894	0.402332990605274	0.454508862131606	0.501950964772004	0.559200062602783	0.752359579961552	0.751125145173767	0.788004566889771	0.636692658117921	0.840719005592513	0.596366020559911	0.508956815424533	0.167970787336916	0.625297907179288	0.492789107165735	0.453366051536891	0.41413013053003	0.324940175921747	0.41243185807856	0.392852343435468	0.423645957990293	0.338545940252099	0.532656839010037	0.362878801209738	0.899175489191435	0.392199648669039	0.285520980135603	0.23391940652202	0.22391166408418	0.217833637360499	0.106499108442168	0.287744502563951	0.328928608594772	0.201118524205125	0.479026940983504	0.432075110394905	0.499478064695739	0.450485992159066	0.383486698755805	0.332731997794322	0.615480038856051	0.387588388416203	0.297496170478923	0.370658173135854	0.491459423482468	0.807122283284557	0.681631650315909	0.668031146935178	0.63808834554738	0.432941291359107	0.423278046746481	0.401145862320612	0.877127561694955	0.699049885103998	0.640248308587987	0.522368361483299	0.491552368165135	0.558845870676989	0.389267098210601	0.548438822096144	0.739198959792903	0.780206686259452	0.479026569611216	0.750362783528835	0.703888674491836	0.771347017939963	0.759353828923663	0.861847862492018	0.707980306815475	0.38864522442341	0.516897993520408	0.618398518741051	0.479901711223098
0.476306734045206	0.250067961713946	0.242047242535746	0.287549145039565	0.310996867633154	0.332459178222958	0.504392399275685	0.428800187675349	0.603592742679854	0.320875060491942	0.153944606301156	0.207843001465187	0.164978471936345	0.161265280515982	0.225177905577924	0	0.516935243485682	0.403584577056548	0.336339466513756	0.432153537191505	0.287710880368566	0.454835808790254	0.441387116121676	0.522564291743124	0.568940315917541	0.539604245454728	0.435488477771671	0.780135933935259	0.418664543218425	0.549280825903179	0.411333456481246	0.413503676440997	0.245973128004491	0.505155497245658	0.71486248329907	0.540476870795733	0.596392701514029	0.721002108583866	0.575552105405515	0.515419435831565	0.678610734453171	0.377147144561199	0.427644443770931	0.444723299707887	0.452225303666807	0.588990549815934	0.520959336477989	0.596442723805068	0.518271664664277	0.625944795197844	0.46978736805949	0.41304937922311	0.390310741237183	0.479803107904528	0.420419105148979	0.39612623133868	0.494193799626423	0.27446535467911	0.294713902275782	0.300535075423852	0.279073994927972	0.357985334898479	0.576237504856232	0.390758753380893	0.956235745904494	0.323262457921658	0.307406855041957	0.136472043033989	0.25727505652658	0.39248459114212	0.177665081086704	0.100565075300724	0.410303365249925	0.346702047261036	0.455523999054606	0.512643222574528	0.500481969390069	0.454181748393337	0.474084574947582	0.320160656347016	0.644659587171871	0.507772147095587	0.393182987286238	0.49811643720282	0.615870831517963	0.735467812872381	0.669215071619241	0.472003778220047	0.622998825961427	0.47124262109396	0.484402560351282	0.331900486875377	0.69936636630633	0.576628091149767	0.540675598252402	0.485083196002463	0.546601696306013	0.509447480551001	0.428084081946717	0.476548228588261	0.539027252609148	0.628012486103811	0.479790604834143	0.586340643995811	0.532395547909262	0.588564050558472	0.568317918945477	0.646625760906593	0.56688841574337	0.325818085112978	0.410245828671138	0.536578976083769	0.392868969209781
0.684479591904696	0.719898611245496	0.61124500872318	0.712736819750223	0.687027258860408	0.398750002224532	0.540068010450561	0.493255873588237	0.577231993835955	0.463177204203954	0.564807955592075	0.478838618891159	0.496097009158124	0.509194723438197	0.391430471153815	0.516935243485682	0	0.327907784805578	0.35790615151348	0.475857101644558	0.43535642514442	0.437111910980505	0.513446176624898	0.317669951482385	0.431903616635536	0.726019310360798	0.352642791105723	0.713664736681083	0.670815801709985	0.778425654883975	0.548491362840895	0.449404682239554	0.388222097524112	0.465410320518109	0.881378520518292	0.736353148907335	0.682691539282927	0.640029627906723	0.580966968696495	0.559958967128355	0.605260557276167	0.57122317204328	0.520170778019183	0.715128687739753	0.614400523086802	0.849267736401738	0.753044659174722	0.692357627742063	0.688115696895263	0.731016470355212	0.709642437916294	0.536839864405959	0.451116557034496	0.748302964734764	0.691820975033984	0.310887913143468	0.59539440021407	0.642163108492712	0.652535958602256	0.728340710558922	0.681738338685902	0.380233923234033	0.59529926161056	0.479554564608058	0.868330637718745	0.499027090162625	0.580857123408422	0.601788981146475	0.465939159959641	0.54191188679657	0.359173482598117	0.472090892595286	0.322053171734326	0.406849597387202	0.441161021145658	0.345911518700544	0.54395307589679	0.567712391311443	0.298714930505286	0.540709518427966	0.516424314668274	0.285055504795957	0.454722281530081	0.346132308790392	0.307649697510184	0.798771235035285	0.709483304391505	0.647714037649707	0.657613311064724	0.430844600648321	0.556423101831927	0.472874392860475	0.854516792425711	0.654780772558811	0.657780314625043	0.479045671583384	0.401062929893726	0.479900557799487	0.558515631769679	0.639095538048807	0.704957487962987	0.785652554452043	0.446808125158006	0.763290965247307	0.598165771314411	0.754579480054218	0.692734501925725	0.708743331391559	0.641332096463578	0.662419009428866	0.763005320936981	0.833256750469815	0.383980981553097
0.460169941398892	0.548511414329015	0.471667448617473	0.536366336460622	0.468189104026627	0.271112714854634	0.361443414087205	0.247135528737791	0.510574994423129	0.306550929812155	0.418708876686118	0.260209826545111	0.404449333065077	0.335290150772973	0.207509344120931	0.403584577056548	0.327907784805578	0	0.117500716150291	0.162575641355102	0.164631145410665	0.228640819368648	0.348270861253657	0.203268567900228	0.277610133333163	0.534030774795677	0.337903579024407	0.723248272937203	0.703767313962348	0.664620518742821	0.449214715356513	0.502723054915731	0.227431173887193	0.172002045542616	0.945940362069464	0.642514237676271	0.687173740933391	0.789509736460012	0.669400656457208	0.524395194740446	0.635848900295719	0.45262631253935	0.448097407242554	0.554898730463712	0.640053588374391	0.852216274556679	0.776637752874014	0.785587098982305	0.593632869288151	0.805653440204394	0.726406988778348	0.468037915351599	0.34451822617495	0.737832025720632	0.616204767556395	0.347896352843409	0.411682336963118	0.395501805450415	0.488957801655786	0.503754377761027	0.480439631543521	0.212599649528816	0.416124435989458	0.201536203651533	0.677862922465274	0.301355244876361	0.388560330367627	0.389956183293957	0.510231687654221	0.305167072512947	0.287246471557566	0.366402627718092	0.265715115434249	0.0577739540822234	0.266389522917846	0.215607681181643	0.277238363898503	0.320982758304914	0.188509399122066	0.438109992738146	0.571709538301826	0.315020953667344	0.214629250380289	0.189878429968436	0.388639746398744	0.836623583839465	0.758380540278582	0.841109417917532	0.791902823216863	0.56747070791144	0.579765981322499	0.46947908145974	0.946628679314704	0.823347946335497	0.782570285225355	0.61297039138898	0.486120297191322	0.566915350382835	0.573179889760831	0.53111897388182	0.77041037340591	0.908223574873958	0.536162263552105	0.851517310310111	0.667831548248159	0.856330135005407	0.86830480753257	0.800177813908555	0.645404971110328	0.549999235824292	0.653916333442769	0.665049668395586	0.398876176291176
0.393707507663497	0.443788572571945	0.409607308200856	0.483430383143032	0.479706087979455	0.135125232631287	0.293870615762113	0.179813519756548	0.437947622028959	0.179795713275325	0.392298828331212	0.237686950364969	0.327077909736737	0.304304735758205	0.241020189984221	0.336339466513756	0.35790615151348	0.117500716150291	0	0.148616298885286	0.172621712193903	0.171784502597486	0.270138147554031	0.214687212695769	0.199911606101766	0.454937705291408	0.188735859902624	0.607143921687908	0.486462115930095	0.513738429764172	0.286858105341807	0.457748065112857	0.148908684608459	0.209006411825304	0.846644632026885	0.474710608587619	0.51879427477966	0.64732959376954	0.507082253556706	0.415768554585414	0.445097491085605	0.346798468458697	0.343554297387226	0.51585703794244	0.463198838850962	0.687651351911413	0.562764229992404	0.563358539913046	0.562642260661378	0.635568793092579	0.528881385753661	0.281532395115683	0.383770906554623	0.569452069094164	0.542376559737914	0.204760263360295	0.426959559676179	0.364243541646848	0.445110329194974	0.442082454770657	0.469882526994315	0.137969731114044	0.341687719332977	0.146822848425812	0.748904509469628	0.167192071543377	0.341271834536699	0.342178235094314	0.382767430532554	0.39063314659551	0.25156442932104	0.320478428361616	0.255140733715235	0.132572505479517	0.274125252115429	0.142379754814826	0.255349853214506	0.23430289897512	0.14342408631914	0.388953769004338	0.578802434719555	0.317187199107443	0.205799752647101	0.180401116054142	0.32081994091618	0.745313068849417	0.698605064388122	0.622713855399764	0.588381800521038	0.38151411379213	0.531980637121243	0.266591941838647	0.767586012113743	0.603263462639351	0.582684172203178	0.448434969261747	0.417499131480988	0.365620523024174	0.501304317711549	0.419867141330792	0.633627301179478	0.736747714918282	0.460558773900544	0.70482485984179	0.490873740499609	0.635455365897885	0.680151462798264	0.672259412009268	0.505147410620798	0.486107758278594	0.54750065882715	0.58121945197174	0.261883192814769
