0	0.375338075744471	0.839573608412404	0.818478643784957	0.774388713817703	0.937537616034917	1.01081305402473	1.01244149515107	1.26727233954914	1.067959735055	0.659203038794945	0.82453157112255	0.808949563554229	0.906013685186755	0.985030447011909	0.675114112727308	1.07648885935775	0.794422052610832	0.877342310415564	0.787326558729214	0.870300887375572	0.924025550523637	0.749183809792669	0.732323007029317	0.89766522885196	1.0531389038144	0.823474043526955	0.914318309613609	0.912284431989787	0.865920454609039	0.848810270993748	1.01065791586768	0.793107194440998	0.992120017356403	1.0167793916842	1.01554008790941	0.935580161632623	0.962589854100922	0.8337875178891	0.931357232736052	0.983336204808294	0.922370138067798	1.00233415542182	0.982731691821211	1.06996855545027	1.05677851715471	0.885995290383287	1.00476667828769	0.895718886638146	0.965164369861874	0.806234759648994	0.848585648069644	1.0233446936977	0.996363546782095	0.989202891861445	0.640670797095244	0.921169121994901	0.843657201709264	0.971029222704263	0.84653661207229	0.798862573269259	0.976709222254997	1.05703375974345	0.906967237819342	1.11670136305903	0.762132519279387	0.817076398269766	0.853169513535713	0.78634273961774	0.910625228317787	0.773012230937302	0.890857487884846	0.7169666733798	0.741735843451401	0.62703502289213	0.730171657656909	0.646943378483989	0.985865134490244	0.861332797001667	0.684590668460642	0.872136968440816	0.780122389058004	0.724611876800561	0.764176490561417	0.6787480980963	0.797447712705547	0.883066744463758	0.821552195264418	0.800299607512143	0.82334840520015	1.00411578379752	0.657698766442308	0.840529128828059	0.961169759122152	1.02115171770635	1.02757487462413	0.858910729417104	0.870837335964451	0.93137619110413	0.821204561062023	1.01099477280573	0.96611924730736	1.10043765698721	1.05239222625876	0.846435149398509	1.03494160731693	1.18235307295212	1.02262854897678	1.01014707550586	0.771011178768739	0.939453986131459	1.08113903624729	0.654575289014107
0.375338075744471	0	0.6121617912565	0.533341038793182	0.424717124491248	0.609194794270914	0.835318256563625	0.750775537758277	1.10738612495057	0.824169936271075	0.453772526716203	0.472473303234197	0.443091632608659	0.763348849061739	0.831638383710697	0.434765881452033	0.877757177925715	0.759997195010806	0.742499768270914	0.669893813248814	0.612568897866066	0.820686547697092	0.747876154931042	0.719394706006502	0.86426062022931	0.950385752282526	0.787662728810101	0.940319125010717	0.795138525289626	0.901468479830048	0.945264389778292	1.08000364621159	0.892280800387513	0.969716556261354	0.973386448162866	0.913288721970977	1.00833400178117	1.00378245762946	0.919981167847608	1.01723887972281	1.00527495077489	0.999752268309441	1.01451173598115	1.05035460178532	1.11849828161382	1.05439916837435	0.894444897959389	1.09898494740365	1.03192364939609	0.998350075676395	0.910542396828396	0.933870082972167	1.10125937996487	0.953982776065567	0.836355358523532	0.626887937912251	0.763496253231391	0.29758084148241	0.766410008560027	0.565847172964539	0.497249742603774	0.622675984672935	0.83046168602496	0.666230498136054	1.04828507526712	0.732828896485772	0.507058338251436	0.450048475472342	0.448927341796313	0.898639038648332	0.637699376357691	0.791488935690302	0.525207301077669	0.630456871219022	0.625456283840203	0.582719772212349	0.664794871920075	0.844338953441192	0.665256797158892	0.611450742121859	0.705476959544078	0.686147880197131	0.723646358217052	0.71769031347564	0.653209195184046	0.83413908267455	0.888290451075184	0.791001722595952	0.945782010988464	0.937490644360682	1.1020127606456	0.74129365962501	0.86446529167586	0.989529046872702	1.04637033390063	0.912380427012109	0.834129864665124	0.988630587011655	0.992389199324253	0.749913708848994	1.05403926237708	0.961259196509264	1.0240617539068	1.08170239906003	0.807817776752993	0.979483452170964	1.19161043152073	0.954579192973623	0.939409304885407	0.817950072437908	0.906030240207588	1.03914607123271	0.493195888109211
0.839573608412404	0.6121617912565	0	0.368534881031939	0.442187998433569	0.658024966458539	0.81834028087635	0.671486122290271	0.80610395810868	0.494003992873118	0.634383399394697	0.549028698421066	0.598465161151265	0.759270079686395	0.841406953046864	0.611576899932872	0.810962338337972	0.820559155633057	0.72651526399292	0.784001512978922	0.711228627753261	0.686720783245316	0.85015650854004	0.723724271240202	0.540487401542881	0.899787196225442	0.689617625152579	0.918133340772898	0.791534236931448	0.83875595013733	0.954324961635044	0.896992588825772	0.911700141940395	0.820732559061839	0.980591413299537	0.878460612556002	0.98367957978459	0.727041465298321	0.754825141699925	0.800160223804299	0.910439211618941	0.840295317366357	0.986128602860959	0.928769330307689	0.910616490362156	0.950152572152484	0.740416790156158	1.02975842137257	0.971080114909582	0.853938504996622	0.80568110429545	0.858412167792444	0.936414127893481	0.909208966655164	0.774525330400665	0.812078364986337	0.660625763798562	0.555644971289188	0.303649313529404	0.566680889769409	0.488601693867675	0.768243584731193	0.800708255536565	0.749521990980745	0.955028379734565	0.647109081204446	0.625477437969777	0.594882974989715	0.685075849775055	0.890155501948873	0.763429948999742	0.712863812758607	0.681584234184841	0.736316588266175	0.759010270259788	0.674144353858085	0.794625201278289	0.632656719280479	0.694148105967395	0.788085011327378	0.617739147284081	0.812230491146289	0.943169283434948	0.733881591182822	0.648438522264649	0.891791732397485	0.93885053394728	0.83780397020192	0.96471136493165	1.01968859251801	0.996770790838219	0.8600198238628	1.0318342187555	1.01810844478548	0.920052070669728	0.720558769753012	0.77678826039057	0.912706407715826	0.843084868676677	0.901655241995122	0.862559793415023	0.796853804083063	0.707694371658757	0.952849232935321	0.728362634503508	0.935569516387487	0.931260368342369	0.862269776192649	0.891727238058622	0.781453419848525	0.689099799495852	0.854344091885343	0.674600965744618
0.818478643784957	0.533341038793182	0.368534881031939	0	0.224874319459496	0.590115253832938	0.704217218168694	0.531537099248592	1.02260121970111	0.874873824063013	0.436631703974833	0.401865313694822	0.525200939877323	0.575349447791156	0.626950044520724	0.532739922179224	0.722708557210199	0.60742256656453	0.55013869960773	0.625142030152722	0.481147585216174	0.522709771097626	0.836239054048643	0.590713404431839	0.789862615607692	1.0190315467776	0.829522711505479	0.79107499654258	0.814226961868992	0.863052108304917	1.03898522592871	1.12795314282074	0.964399838089887	0.985439779362555	1.03800847159478	1.00021735025161	1.06781005723672	0.892591627919363	0.737465415906477	0.812057957235409	0.981867425572229	0.859696594355061	0.962483019238152	0.926168257465248	0.89191219413887	0.921772800827912	0.691233210680332	0.933246301582029	0.865196081422243	0.824436594683121	0.771062983396273	0.821985185382396	1.04292268430351	0.814986002245285	0.705043292679493	0.723013144673052	0.764353924105935	0.536654961213024	0.387400924204422	0.244014572171004	0.30337774220032	0.631659319986061	0.657071986485936	0.56634285300156	0.89654133513901	0.573116830967462	0.508350394694494	0.480628048930287	0.571407406808319	0.580340182439611	0.593418347178501	0.821705017504944	0.38658533420639	0.457800949917105	0.732014455579227	0.499271625158705	0.682370192444927	0.533916691777698	0.528414167757964	0.704133340501898	0.587542717950038	0.625200636539462	0.77629982583211	0.769063699276142	0.582005149887879	0.941353288159784	0.853969736479377	0.947012473678997	0.940478934991276	1.01703206983063	1.14295741980018	0.85998857072716	0.991509936201849	0.908268927790802	0.94592014549031	0.80141293558356	0.804427897170499	1.01979294071541	0.857117109651945	0.853307327477621	0.818104728330635	0.810435440954309	0.815328948276995	1.01119144800449	0.679275157956273	0.841027943734106	0.961194094997032	0.817826721390758	0.885504079871496	0.691268372127908	0.704572712916647	0.870331221437039	0.547885619527512
0.774388713817703	0.424717124491248	0.442187998433569	0.224874319459496	0	0.430146047483722	0.597516200424971	0.467478306257968	0.987535774350317	0.857712116496279	0.497743788519333	0.475067488386292	0.437234110359914	0.79421250000534	0.755819832319655	0.483080132124908	0.746476466789249	0.551808513601054	0.512781852386999	0.639842456065713	0.471231711948597	0.568883974582731	0.725865888461162	0.617081148080004	0.812395721536551	0.953645630406121	0.736682972398354	0.895213042629343	0.805334134556613	0.757333965154083	0.893626084288188	0.929674481680013	0.89944991506982	0.898306275240281	0.985860217379102	0.957704155860024	0.969995648421227	0.878335968380181	0.829686535375199	0.886671313631268	0.953684688586738	1.01038289249707	1.12916551653349	1.08267998543704	1.07972201452221	1.1107353669994	0.857584598650946	1.06693806860399	1.06276650573463	1.02249819899811	0.912226335379363	0.92622465405333	1.10675441535118	0.995303007321624	0.942965042573102	0.725592727704089	0.712277569149757	0.410768157729969	0.4002984278622	0.282982818593449	0.171924486284289	0.431640452442957	0.585394741093267	0.419714059435154	0.789917381020818	0.564636983844326	0.586776829386034	0.512697506004668	0.501459771569465	0.72832455236694	0.579430440448535	0.718143302012333	0.499876778432979	0.539262820733884	0.668847500170931	0.521583696535506	0.791915471146494	0.702901262909277	0.484699553842636	0.745714913108676	0.644066475793917	0.611639503592257	0.826802217660598	0.762514619794885	0.626766166328548	1.08565491353805	0.945130149934881	0.860070597732933	0.858411175184229	0.886863353370944	1.06597869072425	0.831652242373185	0.904170948855785	0.945828948963761	0.942050797462839	0.878223670741672	0.791551044507418	0.94393327224946	0.963594220182063	0.947212364711711	0.989440909216356	1.03282712246175	1.00966146580442	1.16463636406103	0.942388489043001	0.954627624278266	1.04312160057933	0.940322575445895	0.943307712605296	0.906308246105109	0.847774676750241	0.962362168907803	0.569102595200595
0.937537616034917	0.609194794270914	0.658024966458539	0.590115253832938	0.430146047483722	0	0.372796151636836	0.26317973106934	0.812975579478539	0.714957779758728	0.670191716783052	0.839346257226486	0.708981904892217	0.861127863382715	0.602409089990538	0.648096744448279	0.746651722824289	0.683776386532474	0.563872994086818	0.788700868733745	0.590878279949835	0.623290721287282	0.777929553823872	0.77081861451319	0.87956960648892	0.909752541664467	0.729021475165397	0.949605890903311	0.765824735331236	0.948628243311685	0.936753108364731	0.825715561216903	0.910739332982399	0.831771822269607	0.833414157029235	0.93820068424102	0.914232805163262	0.858412814502374	0.877010684111222	0.885832098301324	0.941378640846104	1.27899959041085	1.25338556039897	0.970677268997638	0.947485069902888	1.01267965189537	0.802747143500728	1.00085091896353	1.09718395660494	0.947708168348671	0.91198244290493	0.944511889139694	0.906636803223677	0.900681932885778	0.909130943924162	0.718463661636011	0.989038352465261	0.63254220851074	0.696699825141802	0.594693528844566	0.565615329648493	0.0927795462318284	0.361779695182852	0.19087892122935	0.761655972071455	0.614620114738976	0.798337708507751	0.746370804149732	0.856944257590291	0.897928585033199	0.644145607974937	0.867237350523638	0.631610728192153	0.683140464292873	0.659794448798458	0.528623229418086	0.82112372009463	0.824212718551838	0.675014201961777	0.85583706490901	0.912479366387704	0.858785126457268	1.00822677262143	0.909462108061554	0.79620775036834	0.986316229513942	1.06046499946162	0.918032108578901	1.02791730919522	1.06059713506445	1.06096891435888	1.00475870772364	0.927748100134382	1.08060900488731	1.0305866840784	1.0092140211489	1.01513589926068	1.01608662539057	1.3101535236464	1.15607935792683	0.999040859821329	0.975751375184899	0.916217921081546	1.022016203767	0.95940979444997	1.03839885773603	1.0370733934895	1.02000581299888	0.998363012409031	1.04201910806716	0.881950019361892	1.06440507468233	0.651361129004135
1.01081305402473	0.835318256563625	0.81834028087635	0.704217218168694	0.597516200424971	0.372796151636836	0	0.396513185339188	0.882975444086862	0.939005911446988	0.831224744878502	0.9362329344386	0.893418903028632	1.00899374283172	0.768693340568929	0.818306828640043	0.777690386785904	0.80789006360756	0.645928270834804	0.853185274879228	0.705076939272497	0.806043194018636	0.90493069669946	0.909487395433147	1.06166018992618	0.99391404572968	0.854947229020943	1.17587497250518	0.9385585554213	0.973779313653406	1.00483149683001	0.9223009601295	0.979078808928888	0.958722974476275	0.849315893977253	0.89319094937514	0.998581240490831	0.890852853164021	0.92706673404053	1.04534917861292	0.969965259623027	1.17174000516772	1.12931127327486	0.950074025654756	0.908985781483811	1.00648729645684	0.825626864509075	0.979555910055299	1.04611493347406	0.949942758254531	0.908237496917158	0.991395069085931	0.881897805313931	0.901070014982839	0.986777852681137	0.888629538406271	1.07814249323972	0.876700415772561	0.646354727265077	0.701727699787341	0.574281215910927	0.418861307266134	0.0950095134804033	0.299057396712974	0.68830413537759	0.678063394105686	0.953342346202644	0.929349613705782	1.00679991520911	0.800742332666612	0.841972414151584	0.969596529292167	0.872261788376393	0.886239536261039	0.797309142935125	0.71189687092863	0.859964510428879	0.882228503428123	0.664878737533869	0.990437394517665	0.856622383498585	0.954557731557019	1.02923218534888	0.969067354575016	0.842668345780954	0.915274025600808	0.949310930075362	1.0033087357935	1.07354165224096	1.05345974052515	1.09305671994062	1.10603139100535	0.924567376807306	1.04558479727759	1.02008898183628	1.0297210280442	1.06660771154125	1.08464622226136	1.17149783314408	1.09710058730023	0.929777352989292	0.969729844098957	0.871096968672146	0.968685111548574	0.917342959003299	1.00558233230067	0.9736296337736	1.00637378918574	1.02052441937518	0.975108380445742	0.824192703145061	0.938709903668937	0.762819721955022
1.01244149515107	0.750775537758277	0.671486122290271	0.531537099248592	0.467478306257968	0.26317973106934	0.396513185339188	0	0.727994406614952	0.634670047093177	0.722526671100847	0.673959867897997	0.56942102847259	0.623221075882191	0.447392099283584	0.577327672043573	0.711426013745317	0.545441618979972	0.411257609631142	0.630941847531646	0.484963994626096	0.459241901220448	0.61814501800729	0.590363633511876	0.873373628898339	0.791963212925782	0.642418939737613	1.08469572826091	0.96522861413431	0.786420971635804	0.819936472097391	0.830954399414739	0.863571953681826	0.895239446705908	0.973077396622586	0.905848299031512	0.973300223146317	0.922158592428397	0.860095908995695	0.883607134148232	1.04164113122346	0.971412949756152	1.03805926249007	1.16068640997098	1.123941382724	1.17721016151848	0.955599517006189	1.11751142412908	1.16350666800683	1.14266217666079	0.934768955153438	1.0911387930586	1.15851785194481	1.04132904266117	1.00238412795762	0.678148561405423	0.95932795907384	0.763424775617174	0.544706717734322	0.526184929821282	0.453316986391596	0.259477320441439	0.422308909126247	0.259955954977077	0.694998164271303	0.556545022570904	0.776921277992969	0.670180881800927	0.72566814091337	0.626370302303811	0.456736619869956	0.721045811697124	0.547423120443535	0.478076875260985	0.628652252190575	0.486712461670459	0.698221683140404	0.609537676158605	0.45660995178206	0.782005753712218	0.76642754810033	0.633696296918109	0.81095700449399	0.830681310490285	0.676723972270773	0.996492642545247	0.959302381667028	0.916013541993961	0.920958805847662	0.871367337740033	0.951831750503115	0.870091815452135	1.04947102228535	1.07845375443551	1.03195766735522	1.02459759540869	0.94140516392713	1.06174520916823	0.9425339475048	0.935272886828236	1.12917913367796	1.09731653493653	1.03468460566777	1.17236191276461	1.10224114611284	1.14084132559465	1.06974070107653	1.14246901553675	1.18486974426331	1.01425916503716	0.918715308667746	1.02583033745637	0.572835360584031
1.26727233954914	1.10738612495057	0.80610395810868	1.02260121970111	0.987535774350317	0.812975579478539	0.882975444086862	0.727994406614952	0	0.450988463290056	0.970242745849554	0.932263134288516	0.953333384449028	0.790006822091045	0.815076357237461	0.993755555507325	0.903084143637687	1.06640434888799	0.798296137740005	0.905294318537717	0.994178998240693	0.760958370256015	1.03864237231605	1.14413506078754	0.908781021916075	0.807465622219027	1.04438970194657	1.23815376314606	0.946929497011323	1.03062045632744	1.19713246329858	1.05690731682091	1.24004262052447	1.00749020784874	1.07163410055116	0.843945976074589	0.944527890159049	1.07155629173914	0.890895485068418	0.962607262323978	1.06003116119669	0.850822799182046	0.979273880678517	0.90586864109905	0.889800913903368	0.927337680754759	0.915674339694656	1.02913120550905	0.923625677125964	0.904054563660536	0.908471773959608	0.98122696721629	1.04050724872051	0.971584056488504	0.904069757748519	1.0951943434128	0.906960692971774	0.860704736957045	0.710502989681904	0.940663227873303	1.01001750191059	0.761039889755375	0.878616227540144	1.00465092333593	0.553487998307935	0.958001318266267	0.967321547745338	0.894510314225814	0.963229470762866	0.812999525843925	0.997142010881347	1.08891401151887	0.98563734875931	0.978963040876325	1.01402126306482	0.952470949904875	1.07853108093203	0.645365215483924	0.83179941130031	1.02736169787211	0.957320452357378	1.09576432091797	1.02977724926919	1.09398689706598	1.19405872985958	1.01980775204156	0.99690857625525	0.86842812516285	1.165256335693	1.22617982810959	1.07213267472831	1.21483477366591	1.10718313428681	1.06122306257023	0.980238524494668	0.937538254834702	1.09894843440687	1.17669307044149	0.898147636206214	1.02927843229172	0.967938746182457	0.882043762634659	0.821293076031204	0.914516908882225	0.957241597386075	1.08815272284349	0.772013040413815	0.912246098295237	0.981255409629606	1.03015634362603	0.832154272249391	0.712483107058482	0.992161880762956
1.067959735055	0.824169936271075	0.494003992873118	0.874873824063013	0.857712116496279	0.714957779758728	0.939005911446988	0.634670047093177	0.450988463290056	0	1.02146643352671	0.855277131259421	0.799446334206334	0.820968711960561	0.926151051272918	0.825004564158955	0.957643230263518	0.910008390934267	0.787372995800546	0.87887506449329	0.922347943742869	0.800675587797145	0.843683192928823	0.873217845586532	0.58719808901005	0.731513296324212	0.79322200574566	1.04572281909213	0.844883118059267	0.85024025769984	0.868044630418461	0.81030491949563	0.932982057317575	0.763022358712649	0.979505885083019	0.700129440032747	0.858715708151153	0.780282340048086	0.742357663634	0.762624839693145	0.850974364368938	0.866727310121941	0.901635215381121	0.972755729080999	0.976942855182508	1.01941244720123	0.851016306289407	1.08975322149425	1.09674944384991	0.981650344686586	0.798503205506693	0.948610942106425	1.00609250353739	1.02680709284255	0.848903043403262	0.859716592464953	0.758885385869323	0.685762326110271	0.623621872850165	0.985659340558809	0.93286563130154	0.751442023879968	0.954360707133504	0.890036015709661	0.740931221489238	0.612961524185918	0.951934037860177	0.768462519051414	0.889259285782122	1.07262289486845	0.953731315335687	0.814122935448023	0.900192289286873	0.886479787176827	0.818615613750042	0.844434884620762	0.956789120663371	0.653829547517206	0.785049536618822	0.930234617911579	0.855812233659788	0.987721488817887	0.970514353053744	0.790532649103498	1.00087072945134	0.992748712074522	0.991729064117969	0.723168797143549	1.00302023887224	1.02952509457783	0.882327126673181	0.947905366376219	0.992270196563541	1.03906138926986	0.958518657382188	0.789882695151515	0.80901540175673	0.929902377348761	0.875222345945403	0.880098115455639	1.09441522037545	1.01407406391473	0.853345039962827	1.04293962422923	0.950082028605526	1.13226103662737	0.79299487071582	0.981775309888755	1.02065066615109	1.04162180852387	0.879922753470593	0.940172076816947	0.80851392499452
0.659203038794945	0.453772526716203	0.634383399394697	0.436631703974833	0.497743788519333	0.670191716783052	0.831224744878502	0.722526671100847	0.970242745849554	1.02146643352671	0	0.405990622310928	0.439916491017177	0.486856860468023	0.577625074626924	0.44618073373982	0.645006905999754	0.647375353348424	0.609332666995225	0.542915131042517	0.559815623267411	0.600718251020986	0.780353664962803	0.624292299828983	0.903977763800535	0.991674308755017	0.842100558310584	1.0469836782585	0.818486932266714	0.867237746452705	1.02809586123303	1.14258278912045	0.904053010346222	1.00421043215506	1.12747724237707	1.00360858268747	0.955772223538706	0.913849295441121	0.769536477032899	0.825079848499868	1.05724975126259	0.838735966566978	0.958960362335389	1.00093535126186	1.00468554128615	0.991638166726834	0.858944384815538	0.973497042368689	0.802696461538606	0.906500747712591	0.742453365891199	0.869620924645315	1.14695087925411	0.865308239193931	0.789456258044454	0.665101975687436	0.778179935000827	0.471265536706691	0.6881616577835	0.397520151822384	0.531590816477144	0.693479737441561	0.863618968555172	0.761627245102659	0.954390075800582	0.868970469903671	0.343985453851986	0.448566748682405	0.457141816456169	0.550153664345664	0.472877185449001	0.84879005783312	0.389414809387186	0.511733006298529	0.717820312178116	0.55086788043283	0.665160552307914	0.753414314825319	0.607801125545383	0.578272732065233	0.693443717068102	0.62108452412831	0.674029278405088	0.806932517144064	0.713753045204984	0.886875942321928	0.744847090613865	0.876957568423995	0.89795690720591	0.944268704272032	1.15138876956723	0.683562828852466	0.910381570624398	0.847740902735384	0.954484978614124	0.830519118651859	0.760924530225564	1.02707592463925	0.919996123423895	0.814273835233243	0.845520896682972	0.851344972883006	0.917462256896238	1.05774675371535	0.766780002883201	0.881620699738625	1.03293608889156	0.809564543585723	0.811270781406087	0.722249488867705	0.771071394718177	0.930921706222851	0.52637762488156
0.82453157112255	0.472473303234197	0.549028698421066	0.401865313694822	0.475067488386292	0.839346257226486	0.9362329344386	0.673959867897997	0.932263134288516	0.855277131259421	0.405990622310928	0	0.286475735163616	0.364665695002225	0.501827154260638	0.488400430995757	0.723495793942224	0.605196564543399	0.650096075384844	0.424717900443905	0.377150293871262	0.564579441399873	0.794734675725296	0.571916294408994	0.83418948936659	0.83401045003645	0.837077884971768	0.947643683174825	0.820547892774715	0.781359864391615	1.08485156787573	1.3048440390637	1.02795872610808	1.10851597368591	1.17951048206932	0.93458903296021	1.2383320342213	1.03279191415011	0.940506147947322	0.972237245942216	1.13271184492383	0.579688562865087	0.750218252575839	1.0811900535084	1.0261297829922	0.950767328893633	0.816092835715226	1.17347851843695	0.942768249504444	1.00624194004267	0.938946001672757	1.02791568294592	1.27062477029769	0.941496042932125	0.729819233875327	0.768516360995187	0.696736883453276	0.43701787810527	0.609553631644049	0.351232965647564	0.411897656840641	0.77977005184914	0.954571607292061	0.851076033501726	0.998834910225553	0.939572825209157	0.390043902851261	0.187223572990071	0.376942876758787	0.463186891454741	0.490290065343388	0.886235510378172	0.424005568204722	0.388174883344336	0.763353041937135	0.639788929879038	0.628801012726465	0.465362397734142	0.571699922655749	0.543476795599541	0.419432028834671	0.538983916753188	0.55916727579989	0.790113192741533	0.607701183191352	0.928828396790352	0.92151463439308	0.942100977314631	1.00431249174555	1.05016049499609	1.31254379556334	0.764957110968719	1.0958945837504	0.949554204218212	1.16489458264896	0.921212315833416	0.910026025140458	1.19045362994008	0.59440465761387	0.72339067953644	0.870173649771639	0.841042333035728	0.851723389430586	1.04198144238209	0.803838107238421	1.01440878322764	1.04423843266663	0.898617780166276	1.03267598907565	0.503497457794795	0.800944633473611	0.825745845772423	0.551689570257552
0.808949563554229	0.443091632608659	0.598465161151265	0.525200939877323	0.437234110359914	0.708981904892217	0.893418903028632	0.56942102847259	0.953333384449028	0.799446334206334	0.439916491017177	0.286475735163616	0	0.41340423457052	0.536469625683761	0.258002116488582	0.673630458197564	0.671667243354946	0.509882499644601	0.462063047086321	0.371413435102443	0.495877422391459	0.502161283897063	0.431951926766188	0.881546470039796	0.661328714806689	0.60904816834896	0.963865498291391	0.960299873006902	0.638331162681945	0.781778362662304	1.01126509236549	0.818069025742785	0.921789387687095	1.15641915944885	0.866031456826212	1.09712299966979	1.03341529277797	1.01648722852332	0.954862607134618	1.15327298228554	0.80317295567104	0.914550715254558	1.35974169077743	1.34755492529604	1.32767795643892	1.15968479757976	1.3970955149943	1.30080985461224	1.2950908074678	1.03014773778378	1.19700149763163	1.40798590557609	1.20060298485914	0.924499959688026	0.841428088416759	0.728744200605981	0.476200888509398	0.623122192248516	0.45406309082898	0.380351574868843	0.647812987626813	0.9286040945073	0.748852976476564	1.00527128239614	0.881989379091669	0.417661215804703	0.243730411934954	0.132479685315936	0.607681528939491	0.296979749812188	0.480234743588508	0.462617959305609	0.448126972089162	0.692625606706045	0.585899713332695	0.658665862977977	0.614602111495913	0.40818002753975	0.596275589272214	0.584843434475718	0.39982629605896	0.542823504442093	0.905098540738148	0.66266761715727	0.985392754499647	0.98945984633016	0.987163397052198	0.819050649202043	0.752207396704041	1.02395216515657	0.623005067773075	1.09487683235797	1.15143751157402	1.17152448704082	1.02731582291858	0.850797101398276	1.11901294155182	0.705165008955454	0.809374080734067	1.17360833146318	1.20916032417243	1.14304024264592	1.37706999298964	1.16858321169597	1.2508114976943	1.27144844041231	1.17512306544355	1.17697225469279	0.843202735899177	1.00024142383286	1.04698644834505	0.687960111606187
0.906013685186755	0.763348849061739	0.759270079686395	0.575349447791156	0.79421250000534	0.861127863382715	1.00899374283172	0.623221075882191	0.790006822091045	0.820968711960561	0.486856860468023	0.364665695002225	0.41340423457052	0	0.252737459719017	0.546777851167421	0.637531040989798	0.61268552242615	0.459104672452631	0.389001474694998	0.387865136768786	0.40072506180584	0.644571746524733	0.425811754368769	0.830029640764836	0.768395432259952	0.791722862668268	0.97388843223272	1.02208578705269	0.763268861468712	0.967561047266737	1.27939742051613	1.02458525964532	1.08371418386146	1.22649588789847	0.989979204413836	1.13597360095949	1.03605464634479	0.838768134763128	0.876392346149294	1.20088857123472	0.536666026284905	0.677179118951752	1.21398605491069	1.1580959000807	1.0961272794523	0.987123053160337	1.19740088531298	0.943530029084889	1.11922863198178	0.833611324067574	1.07759962076716	1.44682231525508	1.13029811748847	0.819707208381219	0.823576984921184	0.815216466131283	0.73844867430403	0.713171156605887	0.566443889103997	0.648261595949142	0.781235139051627	1.03697036505395	0.897335064070986	0.998794568065993	1.00826068120556	0.499166135604776	0.414043266914177	0.513866157891619	0.343323660243402	0.301643354793596	0.844507744010571	0.328535382142878	0.274156390998344	0.804029920187048	0.526181216764463	0.543252861090611	0.360021008326919	0.545991815867498	0.503319662158007	0.609069757536754	0.442717207276429	0.389139090408026	0.897833765959815	0.694884727258245	0.978609552101529	0.908528351738653	1.07426788268458	0.867702989359936	0.949768087048166	1.19686647518516	0.70339538966602	1.11509185991425	1.04413329260038	1.17263965028305	1.00840516087613	0.920727546987967	1.13750285864769	0.575569138736681	0.686646049656795	0.972618780908447	0.975094922460791	1.0233495261644	1.18563792771178	0.958774918583586	1.10840141800589	1.04406836212448	1.06587427669467	1.12666409778106	0.703160528359662	0.937186848401111	1.02311527554972	0.708523657770687
0.985030447011909	0.831638383710697	0.841406953046864	0.626950044520724	0.755819832319655	0.602409089990538	0.768693340568929	0.447392099283584	0.815076357237461	0.926151051272918	0.577625074626924	0.501827154260638	0.536469625683761	0.252737459719017	0	0.622663710638793	0.643305287546628	0.666950437986926	0.541886207295331	0.513246067765592	0.440947684533563	0.440967003396348	0.778380313836341	0.566854637886646	0.842281366191397	0.868956065417537	0.787371159560452	1.05449506327676	0.832418983568502	0.872000484051058	1.05444577012732	1.2531059594548	1.07091082084947	1.00573676745202	1.23556340443132	0.91784120492257	1.18747390192171	0.993779672870633	0.882457339393324	0.884661346599036	1.10309067460929	0.766556696226167	0.924578758033329	0.999831643967823	0.927838423138754	0.918602128669015	0.784879921231668	1.03582344554441	0.863443596244665	0.937348276087814	0.86947347064419	0.95461552607925	1.23256052512634	0.991227181716607	0.771556343210094	0.91685574481397	0.95438549845167	0.817832065978011	0.785539653428046	0.602914637176389	0.682990107489496	0.534915763293115	0.790404558814576	0.64119872907385	0.918310689925568	0.981149174407081	0.593210056208077	0.512109798251558	0.690626668299846	0.354426856446447	0.291629450786294	0.963597135026959	0.380013162448728	0.346991352267327	0.900970289928412	0.595760002653932	0.534021211942452	0.469141360622412	0.623440753459709	0.725103256377217	0.741033244432246	0.610383609566161	0.501558768926659	1.02276807504415	0.739403461188368	0.99956896242173	0.912727202057661	1.16855089086714	1.03068900660384	1.12047102795353	1.34514836046206	0.938994185228493	1.15075204729033	1.02795527580826	1.23072676260915	1.09419829449442	1.09818891966773	1.20397710121743	0.873853025604223	0.894160039690913	0.832799608570487	0.900606784523771	0.898819222740307	1.04276745035044	0.902353146281935	1.08296035716393	1.02007781621211	0.995290962835207	1.03987870747326	0.692882895038271	0.890665883388235	0.943388699870906	0.853172717552512
0.675114112727308	0.434765881452033	0.611576899932872	0.532739922179224	0.483080132124908	0.648096744448279	0.818306828640043	0.577327672043573	0.993755555507325	0.825004564158955	0.44618073373982	0.488400430995757	0.258002116488582	0.546777851167421	0.622663710638793	0	0.657913989487724	0.698057976708989	0.558887379078282	0.577331454628221	0.515545468069626	0.556620293235618	0.508470363305886	0.455824440243075	0.882743229617905	0.841874615878739	0.523943503110779	0.87587205005967	0.909084847950397	0.760067253725779	0.706923345665729	0.830989990883623	0.664450926813479	0.879874935071836	1.0323934650024	1.03068164970386	1.06127064038978	1.08930585734664	0.991546744228193	0.963547230199506	1.07477803358371	0.941992867904098	0.969376531979198	1.27197097948037	1.267832899704	1.27473759680646	1.1547090559038	1.28226950945788	1.25253820879674	1.2495534919928	0.939525506546232	1.18999210196956	1.23430309966801	1.16638175909411	0.972261456576464	0.58735281334077	0.71996967327486	0.482374827352482	0.709530613231848	0.469250220499674	0.419881272317442	0.605595581881235	0.818747312644121	0.658252984529702	1.16189368547343	0.766425802847766	0.520691273681592	0.444165741745024	0.350140060252877	0.791070659110126	0.410855335461019	0.427068589473872	0.55169326631506	0.569423796148598	0.50009147922933	0.600595413764422	0.606268459107024	0.816832430840133	0.417466702566591	0.670286427254988	0.680142742862906	0.424762713536943	0.67048080302966	0.843448708547996	0.634707629925137	0.905436868883518	1.06798792722431	0.966381489825089	0.862259853548018	0.74548500505719	0.992022772886131	0.569926188985826	0.938089681028027	1.15396776230437	1.18787874898172	1.13660779801872	0.855542051388843	1.0980844826452	0.859012828479901	0.807126161248487	1.20141143742368	1.18049158349876	1.17058928365344	1.26945816253327	1.14949247620761	1.24763157035887	1.25760283671235	1.2629849749667	1.26296840970814	0.903547155145845	1.03450971846592	1.19289137612782	0.518414269312594
1.07648885935775	0.877757177925715	0.810962338337972	0.722708557210199	0.746476466789249	0.746651722824289	0.777690386785904	0.711426013745317	0.903084143637687	0.957643230263518	0.645006905999754	0.723495793942224	0.673630458197564	0.637531040989798	0.643305287546628	0.657913989487724	0	0.984250149858851	0.723885795774296	0.753054075064943	0.709130547824187	0.674451653489218	0.928780207898833	0.767493956973126	0.882738243459218	0.802223517823531	0.783472919318556	0.99674641149643	0.979291472614162	1.05708065762189	0.993175979658683	1.0134892180076	1.03816910130175	1.12862318395641	0.972644283858251	0.926834751188421	0.979269837712587	1.05320562677809	0.863765665042628	0.896605343205711	1.16470302489223	0.797960140440447	0.892381265660843	1.0321303015343	1.01073632259336	1.00207988454252	0.946807401811071	1.05185040811328	0.959991538707219	1.0242018497398	0.906055135629833	1.10697219129668	1.13305055940443	0.93505422159696	0.919888715445114	0.944354178830479	0.932090549733267	0.698002737605313	0.844485644086486	0.727843271267834	0.704547651404075	0.655609363775967	0.783124319422202	0.735756163755776	0.957177640926594	1.03051549565368	0.59144195381153	0.660170761951829	0.66952403810365	0.748188996023433	0.591434322558918	0.80728078003509	0.597160489032428	0.721214763539591	0.915665577941563	0.823965961022053	0.798063769509268	0.839524486797296	0.689723051445519	0.803127075891121	0.852588537080684	0.791783682594331	0.838202045133765	0.973025750783047	0.905386835687022	1.02055708371004	0.964197763121878	1.0007880415194	0.999362884305298	0.977826598314669	1.04374636364322	0.978699446098826	0.993433233685479	0.970225448867321	0.950462553341636	0.910160531808	0.939657686558156	1.07389763026068	0.903633899069775	0.803167326375556	0.93078262395486	0.963069555179407	1.03924873611231	1.03666702666239	0.942994611821864	0.93964087333529	1.10419058145099	0.973542108759239	1.08447926771393	0.964061410920764	0.992837849385662	1.1378358335062	0.883012295297923
0.794422052610832	0.759997195010806	0.820559155633057	0.60742256656453	0.551808513601054	0.683776386532474	0.80789006360756	0.545441618979972	1.06640434888799	0.910008390934267	0.647375353348424	0.605196564543399	0.671667243354946	0.61268552242615	0.666950437986926	0.698057976708989	0.984250149858851	0	0.394402777076844	0.390790555345343	0.525200103995113	0.488299337874425	0.484619205254467	0.49800670955198	0.97627923478605	0.882934730381524	0.768993441619995	0.840478118651497	0.907764751888059	0.766448847126856	0.906607437543349	1.01276141673863	0.833686370744077	1.04098694411684	1.16560449217357	1.09506928297612	1.15709718510842	0.954020504515841	0.843669687771599	0.910268705180098	1.08282240850893	0.915633549658655	0.949141427962455	1.23613657409229	1.19414138201248	1.23687974689398	1.00771344022234	1.20726154401497	1.11213009740611	1.16157513327762	0.953790610819172	1.03064578475051	1.29771324041771	1.23356526545203	1.17157821432159	0.755086432951913	0.775362099030448	0.840266245686134	0.772511181372706	0.6072654156508	0.559364350849038	0.694344310251003	0.872946979864047	0.544734606051267	0.835685817935681	0.594944820595684	0.867324368224554	0.776252511123917	0.85676109822346	0.613923815703516	0.652283192983814	0.899591595883844	0.538581763704152	0.331617154218385	0.453978356403008	0.437505289625953	0.715759228154382	0.652410520816145	0.533902526560293	0.653636257614607	0.708099654106395	0.591117025123403	0.565249934058803	0.756362502521263	0.660090431317337	0.995700391036367	0.927499237600286	0.911416231499239	0.82992105856683	0.875453351044671	1.1345433036336	0.621941023846492	1.06505837343363	0.961814289020411	1.13462032361435	1.06059924682656	0.783815922974014	0.932625413321152	0.884117561136436	0.916307103881204	1.05263846740228	1.13367354821407	1.12311827295611	1.26020827697962	1.10170873880839	1.22389297861834	1.11241246853704	1.06051522589187	1.01779569096587	0.98423901386452	1.01080712361138	1.08780825509836	0.587807763589528
0.877342310415564	0.742499768270914	0.72651526399292	0.55013869960773	0.512781852386999	0.563872994086818	0.645928270834804	0.411257609631142	0.798296137740005	0.787372995800546	0.609332666995225	0.650096075384844	0.509882499644601	0.459104672452631	0.541886207295331	0.558887379078282	0.723885795774296	0.394402777076844	0	0.428594976482758	0.436344101660229	0.321398899925295	0.486870603643763	0.462964286594832	0.984873292799701	0.75309257020353	0.769893956089919	0.910611313797793	0.989465066540929	0.700331212253843	0.817791393260674	0.962037399525919	0.889947848493976	0.925222229847305	1.02515201023046	0.996717261142632	0.969866173365042	0.98884558928686	0.755703347416485	0.800179310612567	1.10836476545423	0.872776708550685	0.988804554864064	1.26466532917381	1.22806153160786	1.27749906067662	1.040500058355	1.23548399138701	1.15736931201291	1.19397281423825	0.879082962065835	1.04187005048424	1.34760498424486	1.13815641693414	1.09956145071881	0.85926844759559	0.76974687744714	0.744807226152349	0.50884568435203	0.507899976131885	0.477911648354701	0.56717462031554	0.664870340417265	0.491100054874066	0.630078898438612	0.594823449171482	0.68937839085484	0.686524694887282	0.634592287576565	0.47889107294196	0.414185705103954	0.733576371811129	0.45491060801299	0.373353472787695	0.550180285881142	0.349559089153234	0.733495128819736	0.45998674180697	0.390253498342974	0.646604224663606	0.773371642049919	0.486003952180946	0.550813032218662	0.843849369902251	0.742663825448928	1.07069302952009	0.929046027968458	0.981887049888685	0.682971014088755	0.77868592512982	1.00807911132692	0.672770097878494	0.952293749466764	1.04341923236882	0.982647679864915	0.948445726723167	0.779064171384873	0.949484605470687	0.82224687719797	0.946748012110949	1.02401931964253	1.09790924123744	1.07323544154497	1.29360124082925	1.12884493698916	1.15804099357604	1.09265465856839	1.04399794470887	1.03196787275356	0.912377673012977	0.903484312101798	0.991932472430913	0.616617826589482
0.787326558729214	0.669893813248814	0.784001512978922	0.625142030152722	0.639842456065713	0.788700868733745	0.853185274879228	0.630941847531646	0.905294318537717	0.87887506449329	0.542915131042517	0.424717900443905	0.462063047086321	0.389001474694998	0.513246067765592	0.577331454628221	0.753054075064943	0.390790555345343	0.428594976482758	0	0.495074468419206	0.42361261020486	0.530002570675745	0.520990220254613	0.894479654659331	0.791519859105474	0.771745325209076	0.928135810279624	1.02480750579771	0.75808479277372	1.0291097345583	1.1952875465162	0.972844547510398	1.15727232465741	1.32191865094776	1.07375811062945	1.34248510971905	1.05186196072895	0.99464237662502	1.05795053514275	1.22514130657971	0.794776482743849	0.945518147833789	1.28879218875472	1.21179305424437	1.25508362004105	1.05721267613674	1.38598236527649	1.1662071549724	1.21937003889913	1.05384698958422	1.18721509111186	1.29330099191769	1.13011682658706	0.943330050163779	0.869451532061333	0.893301963878739	0.76520105572836	0.708807968077728	0.580404300722424	0.48103387397974	0.739358451603261	0.927345078317094	0.763779752102	0.97863938405872	0.879660581926012	0.604244178477782	0.519983455218116	0.59491843069076	0.490633342118811	0.439340074714388	0.84044674189848	0.424455045414412	0.363182303084907	0.583292749483025	0.558440344343939	0.614562484430483	0.537456800407092	0.495921404957061	0.609005239570397	0.667307158012441	0.570944772103463	0.552944951502125	0.913485573847484	0.676527013996358	0.960077414320355	0.915995825192229	1.01856316854495	0.874884910928834	0.946707919075021	1.18032533042231	0.64016361848848	1.10284168744287	1.08697609693093	1.2615770385478	1.11950957166924	0.962284197999775	1.14216050433516	0.811305558320231	0.876606317472464	0.981259558307709	1.01003978834542	0.963175068328475	1.1860528361174	1.06927618969717	1.30585529218499	1.02209828767709	1.09963194209098	1.09366328766394	0.729452314264963	0.934668458176286	0.952693566867007	0.716095675894643
