0	0.572653017074164	0.72731547807688	1.18729402219714	1.15657304615872	1.42364808451747	1.37082857345378	1.56097449011821	1.39888235194631	1.45071398716103	1.02598719776467	1.21102074100088	0.437400717402888	1.02775899631849	1.16844188797084	1.23746236643451	1.17653414526164	1.26843564404036	1.41986663505387	1.24105288370102	1.27847464317614	1.26361308083508	0.955086662872755	0.959346128997794	1.01581777396344	0.881853359788206	1.04427654725217	1.04828725869338	0.564249666542714	0.526396398717692	0.611629988073081	0.636384786121149	0.63690962263151	0.680370850675333	0.90710998738488	0.480774293969456	0.442957004368954	0.727219810792131	0.867778331508594	0.504306307717792	0.781903176980956	0.42128491048466	0.690477368491433	0.745990603822415	0.893534864377986	0.660469943727301	0.805557753426699	0.789483951633866	0.943283464295707	0.92336362933731	0.811722221970203	0.972292977401356	1.10424831428149	0.59803818489954	0.868139565960394	0.976410558838159	0.263316402099781	0.843053264920069	0.954165556917183	1.13970412138449	1.26112255078498	1.50240796642077	1.3772411021255	1.50117040065458	1.41046882978188	1.49136966537261	1.15110005086128	1.18003477688094	0.733231197883234	1.40712979214499	1.4331452386656	1.10723647710511	1.25926239718664	1.23353811939311	1.19237963601321	1.29598965485892	1.16637598340266	1.36931773339301	1.306768301525	0.836390743431747	1.07324841150794	0.89490299704714	0.595118596483377	0.958920057049773	0.626203257466071	0.874786031044061	1.03112999544083	0.778767359743866	0.547747035190475	0.526607778162374	0.727903662991987	0.588887733375975	0.892389004710618	0.524438398311444	0.577298635765947	0.59853315424192	0.713688131828045	0.804531371970552	0.498506528005108	0.46885608210809	0.745255093748266	0.740932531963551	0.592335726383848	0.74364559770131	0.729656873970769	0.633405213821946	1.14389710734531	0.843540083837251	1.03094700299255	0.646768041656122	0.500400352953834	0.823974861926736	1.07883420929771
0.572653017074164	0	0.372459670232731	0.433773209038591	0.384504105514618	0.922252789858455	1.08442651991108	0.961536835916445	0.860403493582712	0.976338548735327	0.792267416385317	0.554410029231499	0.626123189032742	0.733849329920812	0.915033170750505	0.680768752592798	0.794287350035318	0.671360107218084	0.861766972208347	0.684443258978597	0.615902874575326	0.639446601280165	0.733550871102179	0.489767902522987	0.619364497901619	1.12246864385555	0.624045953469327	0.765716461335317	0.642460674506597	0.692716891129684	0.782015698287783	0.884217029518358	0.867478948787939	0.819925399728222	0.894559435124093	0.764009855544109	0.656703786220613	0.82753205775885	0.828450958266542	0.875660611469886	0.915896574043601	0.686367195013476	0.717777197771646	0.794422987794267	0.90755486996992	0.690157300113393	0.579424528815559	0.58172053459476	0.785504463839005	0.782948723562812	0.605365472412528	0.599272380365296	0.441507440508651	0.714508866526369	0.700995627314854	0.533156923901729	0.404940439857111	0.146062308499667	0.428562946277289	0.406711001524536	0.483345432159279	0.982229623228884	1.10065346846845	0.870024995177754	1.08407067292112	1.00860239262943	0.58643935239726	0.562835450088286	0.642447250235705	0.729077000588883	0.961832304491288	0.682523618612366	0.783897006185814	0.657672492469517	0.523893197141618	0.885714117626408	0.646340582603783	0.694896591610898	0.720664689826274	0.493409153449185	0.984764235515756	0.495326160693191	0.513112494409235	0.615485290128611	0.584413248651683	0.717025822948261	0.673984910924315	0.685641158109169	0.652547734887657	0.670208671054881	0.745330781209343	0.454774519602084	0.80911258789892	0.671861303876478	0.681784588209968	0.624940518706399	0.564746109818744	0.598331780181649	0.608774809078649	0.637457729930973	0.720838716419923	0.68057113790495	0.753086676247805	0.643996925762235	0.559257221579379	0.617463605017637	0.740930884787351	0.642847839953606	0.510542052771261	0.678570188613466	0.68761371217239	0.845446246577241	0.682635162515848
0.72731547807688	0.372459670232731	0	0.252322819173261	0.366198621643356	0.938989372893153	1.0326210919746	0.94999851537823	0.790441508927284	0.947764278816852	0.912128165284625	0.762049870178396	0.634043385703598	0.960963857301684	0.885838490820244	0.742865092597445	0.732851749013443	0.795013610518369	0.928063646992507	0.728849604689459	0.709354126220923	0.783199936952407	0.717313881706688	0.661607141227924	0.52214422296853	1.05850710227905	0.642765177826572	0.827280770113538	0.512365946002903	0.6755016886753	0.701475878979244	0.617629304112313	0.57317111261326	0.817101716578328	0.609087526936489	0.647237138460402	0.618395099209235	0.79804007821592	0.610430174661341	0.763934236836956	0.754962144106826	0.60072542080363	0.777027338312745	0.640694460879022	0.709679372628112	0.562033432743141	0.44360356789518	0.46230430445553	0.586773768630033	0.576676597742492	0.477857609219447	0.566654098485894	0.737048786286517	0.504349125990808	0.580070993003968	0.542819531153854	0.351620387733074	0.546827741917307	0.0935761300961585	0.227856193556356	0.459056934016968	1.04173555759532	1.06365882230636	0.889850539243262	1.03234566855868	0.945595696368065	0.920977168148169	0.701699417884034	0.804742921592975	1.04856408559498	1.03010936096448	0.834582769149879	0.861474546421773	0.890872441549767	0.748869442366299	0.988864362276392	0.768121232659329	0.864417050958252	0.874869140622405	0.599767174477926	0.866214686645542	0.717290754213947	0.730684566770203	0.607959645248786	0.389851899835902	0.829095279183766	0.724209072347103	0.598199514556441	0.744927706529187	0.702343855347501	0.719987630503231	0.479932816484063	0.889469491484687	0.77143659228951	0.68030839432655	0.600437011863275	0.570189408739423	0.507385890511656	0.615866520544388	0.749516441979784	0.781897606289843	0.638970205986108	0.657971240428292	0.623671088064511	0.441360145287856	0.549889523364073	0.809628391072463	0.617143814992243	0.524425413902116	0.62740428371509	0.45298077927033	0.761639401693109	0.721859731175348
1.18729402219714	0.433773209038591	0.252322819173261	0	0.145827113804967	0.697381426843455	0.842443722909197	0.602374735251589	0.54917203112297	0.642951108731832	0.8705490994733	0.515963861585881	0.81499880228252	0.818326001353381	0.68364930691609	0.437205743295149	0.50568899715977	0.547485709008457	0.599413063927547	0.443939443297615	0.414693638792386	0.497539901268518	0.764115655464426	0.570363840959019	0.56074075336416	1.10678908637503	0.572704960260219	0.821700697263527	0.722175998108023	0.928519209548868	0.82534946637895	0.961347524975765	0.818845304233968	0.875518197652351	0.683454163837116	0.872105430684186	0.864851653105949	0.935538078861181	0.764253489021039	1.01093903222701	0.939998384027577	0.910040158625988	0.762317737687117	0.854555070823239	0.879158222238822	0.793981247995337	0.595744957414429	0.547013862598029	0.675390480549659	0.740721620414399	0.564555425110325	0.646034396118097	0.470307987555898	0.714526960940196	0.650029673989198	0.543096213526963	0.802119730837282	0.369341483836948	0.179655645258353	0.109232563191421	0.173622874703229	0.77607955518831	0.857884747306635	0.555493367652545	0.799025551627927	0.623230989055857	0.633674139690549	0.451276215036133	0.8067161301897	0.613765623300719	0.690108595580526	0.594748532068436	0.584007728405397	0.550783170160909	0.424412353219306	0.671993172241286	0.51423915175252	0.469943766400144	0.513998382232625	0.59993121620059	1.00464215285715	0.618711423112832	0.821186140531521	0.538190081259638	0.654532460907469	0.909645186102151	0.668055305473527	0.686202150996227	0.925792458558632	0.858113004309796	0.879531529290175	0.577562007601354	0.936619415578479	0.93381461287143	0.909663258430351	0.847927346399809	0.622944794027987	0.602021672756392	0.84797578480486	0.917236501012231	0.895938929357636	0.771611636365365	0.915031103526045	0.717736273002881	0.667378830622968	0.76258955908291	0.689308747199072	0.69145326954328	0.485593421468371	0.804847485748729	0.733865706712191	0.959033144422978	0.600526181867109
1.15657304615872	0.384504105514618	0.366198621643356	0.145827113804967	0	0.449121454924948	0.723293334216216	0.389010448051431	0.449551846088497	0.525461896873346	0.841732576134842	0.386065999446844	0.748805434784886	0.679439681524376	0.615884330457088	0.303375989903753	0.45191951377397	0.295325015545496	0.333672813903079	0.293688716056555	0.23261159738855	0.235918435585185	0.644734015342723	0.396591127057475	0.524726400742138	1.2231119662568	0.376546128041486	0.744423379334683	0.780898410496699	1.04289142335959	0.876531098849473	1.08714494777158	0.990094666270236	0.953912087475618	0.828251616865823	1.04484935331138	0.932302489031693	0.936268457196471	0.833764891427675	1.14907789417488	1.12049568239269	0.931149076767873	0.722147773115827	1.00351685059433	1.03031668594359	0.879816110497851	0.649313291750054	0.651380461052408	0.799077884354204	0.788069028658924	0.557072274725003	0.602967244514991	0.357704148573313	0.823888720278022	0.723798571048767	0.470326033250803	0.933316515713853	0.291017047319836	0.275070068057042	0.148187180101114	0.0281957168280995	0.525477604230081	0.741787599085521	0.3376805262635	0.647617947635125	0.503071798713203	0.582620424730526	0.291440628855946	0.750457459090999	0.406056673970714	0.519200535206812	0.408261585472112	0.448586175318655	0.270273800115086	0.201351500691673	0.425765167153374	0.298362544764697	0.233773834892125	0.258904890866526	0.538539355486192	0.842762810094671	0.349287731420853	0.85161725775985	0.467107858017863	0.683680533585833	0.745221355122914	0.529952110849825	0.716815217809878	1.05362276887694	0.954004273340702	0.858392767149261	0.635632852217294	1.02362843858338	1.07330489780337	1.03891280473599	0.930070416630838	0.614864548820152	0.635645887439204	0.826932409915019	0.831661890319713	1.04777925483478	0.900239996135806	1.0821297740232	0.833410560685158	0.710166631964181	0.844067434036199	0.737111850705646	0.773694359240989	0.404494359916225	0.87926178275283	0.824500542482048	0.987541525962576	0.544431795514451
1.42364808451747	0.922252789858455	0.938989372893153	0.697381426843455	0.449121454924948	0	0.145247344279053	0.124568147534249	0.293267819886345	0.124203368429065	0.609736680092792	0.279878693484194	0.950878827591281	0.664245368078953	0.508638413734385	0.274018061453876	0.342019869810838	0.409411697444882	0.224153805485341	0.487215574933752	0.306180784006282	0.437276734381903	0.837685013619807	0.745958213186325	0.784822990386895	1.1947763487832	0.756137541058263	0.654583747988243	1.09526410888251	1.15470603828579	1.12163211704929	1.03993147134639	1.13050720943618	1.24215018792036	1.00663068023525	1.13222708700956	1.19068596859192	0.873010161789183	0.736545748386882	1.37334314361947	1.14350320499635	1.1004973213862	1.06744845106689	1.1273746485649	1.01736998974921	1.05170608864146	1.00951634226722	0.828118959901309	0.759607410734989	0.76572565676635	0.772477897473635	0.737918991080585	0.555659162404719	1.18422179405706	0.941860032856087	0.603894099866263	1.45219943521386	0.698380461270348	0.821887024059268	0.674631587839487	0.434802930856149	0.0278340272071664	0.134855695182519	0.110237148394032	0.380668301824481	0.13968989520025	0.474542783183261	0.290888719545638	0.691874456981601	0.332414527634846	0.095156702639537	0.349942988229098	0.222497669580682	0.545287715063933	0.281746308848735	0.493466572803616	0.533246158115133	0.34077525274068	0.363043467261007	0.875528133237269	0.695007413875689	0.784761555718364	1.25814594149477	0.748638445588501	0.91082546693762	0.750412527397875	0.501351321903369	1.05301639253338	1.16830077379501	1.11285557845376	0.93918796507867	0.948075976721542	0.928383993466068	1.13433982409838	1.07858395953475	0.950945311044371	0.963262944485437	0.83207479458498	1.1226144276403	1.13640102207103	1.04364830841333	0.993872924209449	1.18692036447366	0.982394946248949	1.0811897484244	1.09354359933485	0.488702456694401	0.709394536451447	0.593947932561353	1.13306676208972	1.27726878074215	0.971372598098665	0.397434140112461
1.37082857345378	1.08442651991108	1.0326210919746	0.842443722909197	0.723293334216216	0.145247344279053	0	0.336162950371983	0.483715685938859	0.193288069301492	0.659411977834048	0.369127884384451	1.01269228790992	0.893505897394629	0.660106753747261	0.473265064525356	0.429676979501904	0.719560267681203	0.507486844838515	0.773611266831545	0.617781383277533	0.814841420162784	1.01704002599148	0.977055685268832	0.968767883393795	1.10047629242886	1.06538832977337	0.766059705597533	1.03317615316945	1.04201922662994	1.16881956005238	0.890967291549702	1.07892873051383	1.34601525114626	0.91836716018642	0.882889121170552	1.07869692818932	0.795151552458956	0.592188581285343	1.24008036783741	1.10312185091667	0.917784657913764	1.18317277536674	0.870462539471043	0.782527209957911	0.810379338366152	0.977811831373422	0.735598841676575	0.617398487322475	0.691327199460829	0.872565987086212	0.885177940077401	0.809441166079469	1.09757973343356	0.930656214008014	0.702854258742221	1.46287666904508	0.862268927678307	0.970014640492902	0.87406235516995	0.717209274613029	0.157830030669029	0.0291560207076318	0.323947165775046	0.450109971529493	0.25353697996604	0.52439680205727	0.458352952575356	0.678597909306523	0.564503876238172	0.179996676463071	0.540675735843424	0.358448411155659	0.918862270671168	0.520126083669105	0.805879186664909	0.861075515159447	0.665812750521025	0.695797861908314	0.957012546249628	0.782881113219899	1.11901363002359	1.30971753205266	0.929527281075229	0.823051670344353	0.919495037633511	0.666930079834054	1.13192394799916	1.04014377687444	0.96520698891057	0.926991376222247	0.976416705321538	0.76642445983918	0.929358768674954	0.815748239894457	0.778815217514556	1.01487231325441	0.816815112986793	1.08241408183899	1.22270238945899	0.821803458312268	0.763650192409683	0.931408142673669	0.757559123664874	1.10589758804075	0.934021696125364	0.42043809420439	0.539763718329952	0.748796095417396	1.0117037032562	1.21428310989851	0.967086609706636	0.40400656389421
1.56097449011821	0.961536835916445	0.94999851537823	0.602374735251589	0.389010448051431	0.124568147534249	0.336162950371983	0	0.276366660899	0.129858051116867	0.568103750383499	0.349124461073135	1.03309893579827	0.605447346501613	0.429346515755187	0.20321778779654	0.346938182621919	0.218098893423593	0.0883500238424131	0.278501004513991	0.233182124278806	0.263172106794286	0.753852614001235	0.669960907069059	0.675112133110898	1.24460649329377	0.535619203641363	0.656122368433765	1.14546377908051	1.26108886295055	1.13400047935234	1.16483735670927	1.14640084987976	1.1851089946892	1.12734446968842	1.35545532125887	1.3628616256369	0.967056326770579	0.850747174265149	1.49080800039772	1.19729273561931	1.3317792462935	1.11989253319272	1.33781054077489	1.210081004261	1.27253158976855	1.11583573522026	1.01735092076231	0.942500325471995	0.949329101390863	0.751713578583618	0.731566871424018	0.492855049939956	1.32305718680001	1.06131089324625	0.614959831336744	1.54283227452837	0.669947901643214	0.803104124192739	0.644821905025307	0.351698965125471	0.145105779851917	0.336938098489621	0.0340625222866668	0.38197687578194	0.0994039430006413	0.490766694590892	0.2961702648392	0.79357290978694	0.211893945710218	0.153739376565254	0.308187858524164	0.223569292494929	0.35650082657635	0.26032576410968	0.288719981812661	0.33626353083097	0.17264084429897	0.209016714276898	0.847785596982436	0.784314902101767	0.652535886910146	1.10458092380994	0.631068536527353	1.0253096990668	0.764965866507422	0.472521295059054	0.934140289224908	1.29312976731248	1.25677112976266	1.00818527196187	0.956497993070476	1.02380149256314	1.36178905317046	1.32642636649081	1.1265243792003	0.85850873199141	0.776603765567163	1.27207354296969	1.24320088035855	1.25607218958502	1.2322227423967	1.42939053207713	1.20940074614512	1.12995821194582	1.22673161733211	0.668920644541727	0.907893719097286	0.61261797315126	1.27957824683934	1.39402434571234	1.19116089203077	0.483887918404595
1.39888235194631	0.860403493582712	0.790441508927284	0.54917203112297	0.449551846088497	0.293267819886345	0.483715685938859	0.276366660899	0	0.290342018504605	0.779689798251296	0.518733757934689	1.02144415015894	0.811197335067143	0.654541902982903	0.358260874048445	0.429084946998211	0.323074343320636	0.220139686460036	0.387785973986008	0.383154657886054	0.331653103946699	0.69198362737101	0.720195592635392	0.729563418667862	1.19967687788051	0.598096648887119	0.658934965846366	1.05485574473192	1.23431655625588	1.15428144713394	1.17861457677026	1.1338188617123	1.07257701336991	1.11224073530807	1.12729273511296	1.20299781860927	0.944468221095986	0.91987971292438	1.30723340485134	1.14856170301979	1.26557955237348	1.12886563254634	1.24660660422782	1.17845569194722	1.23734526798862	0.977973902240625	0.854858017867251	0.865470787249307	0.858345699830882	0.719129064712444	0.633105111669566	0.592252437646903	1.17778044592105	0.937447881562984	0.609553866583001	1.31968187683521	0.633442393959992	0.729522277335665	0.620881861889338	0.439250724026679	0.294819862146068	0.487704297239995	0.263505715553338	0.432300798184941	0.260700251573145	0.690779366892174	0.432132479780157	0.890235499257601	0.440279194160132	0.390890470753517	0.521198693140499	0.422161839995902	0.45979681247926	0.398467033018419	0.340819444151502	0.44993295695406	0.388731834921735	0.331625962269272	0.966459689525068	0.862967608807845	0.696500803066069	1.06818830730282	0.74815119708567	0.997304101356987	0.938449617021056	0.449707451651502	0.99220515440327	1.24381135386658	1.27701742974532	1.02173724638415	1.10306873713034	1.13147053770282	1.2236154531308	1.32454084829916	1.21052857697358	0.973134350862263	0.879489545068451	1.20959399703355	1.21069848389686	1.24142862338732	1.29252733488019	1.41089709930433	1.26055151769289	1.11959811093551	1.27815641538154	0.609352389085683	0.979428917848711	0.679027236300702	1.29121611553321	1.20439909812539	1.10825563423771	0.632805426319863
1.45071398716103	0.976338548735327	0.947764278816852	0.642951108731832	0.525461896873346	0.124203368429065	0.193288069301492	0.129858051116867	0.290342018504605	0	0.606454508355394	0.40922813362338	0.975112075576492	0.77178835135671	0.509195273466771	0.273755263119749	0.339911396391236	0.39132751580549	0.274151673804732	0.3718197328617	0.371855739840065	0.47886336896623	0.853628782565254	0.842116973044742	0.734339624846288	1.1471524492295	0.718749455184922	0.556034151118373	1.08915872112381	1.0655972874516	1.10032142147188	1.02625019276637	1.03832907783891	1.25773405008566	1.06763204279858	1.08160234243853	1.20578609259096	0.815289927667404	0.67207050932649	1.3889343174935	1.13356074335082	1.13550617620631	1.08421628089758	1.16157063139247	1.04118820402707	1.07334606456217	1.11372459558663	0.863306782414412	0.770846566257268	0.844852179743651	0.701115991665854	0.794368626204639	0.633852275421263	1.26929190905549	1.02808296401342	0.666767843738051	1.50023213216176	0.714026102561782	0.840903976418218	0.730507897147818	0.498060522526102	0.142850115436663	0.178687456182034	0.126148617059457	0.434826419510986	0.0483716004098078	0.508562765218874	0.392735908416821	0.733888327885769	0.350124506666911	0.173510819383335	0.420314814077896	0.249654042450012	0.599211933693354	0.3213073094043	0.537810370444066	0.515959131419608	0.339560958123471	0.376680932588602	0.856308677524336	0.853323232460495	0.886970935702119	1.1964143228754	0.652284226896839	0.851775402700163	0.804187848167771	0.509078503463693	0.983594982392331	1.13730556525833	1.09787027346121	0.992366625068716	0.908873089616089	0.891915307538474	1.14414555144346	1.10025564245537	0.961598901878871	0.8929712026314	0.683061003742447	1.20565094068297	1.18052350346244	1.03816773301774	1.08968334407803	1.19498666673326	1.04318479221418	1.15872969531707	1.06719707867054	0.52809561629836	0.752479518135233	0.63469063512263	1.21437533207471	1.36323956724134	1.157359345085	0.450132247482027
1.02598719776467	0.792267416385317	0.912128165284625	0.8705490994733	0.841732576134842	0.609736680092792	0.659411977834048	0.568103750383499	0.779689798251296	0.606454508355394	0	0.335328280360696	0.649758297942244	0.309253452541891	0.306406702096347	0.497325712750177	0.524839419492031	0.678438307434965	0.640622580514954	0.65005344951633	0.55478918464776	0.758459344806107	1.00854667180614	0.783836557787128	0.949667507220353	0.784032958324627	0.87361457705527	0.57809723180071	0.870231590075823	0.658072070093597	0.873463041741095	0.742781646595545	0.760632999861665	0.707136726656259	0.914998348619445	0.934286232621608	1.17436543486678	0.833930881872307	0.827079776155192	1.04087434907782	0.750362985449376	1.08672622369764	1.20754516771749	1.14983814823126	0.936644865434337	1.06164575873227	1.0275400491974	1.07501172863797	0.952257213388404	0.867002262549311	0.935062813960956	0.815852985140367	0.506386943589174	1.21571786040753	0.885402798685961	0.745081909917165	1.0337735010765	0.661374171331677	0.988777157170388	0.922979240390232	0.897400023103212	0.642723448397363	0.633912425472277	0.590089690564442	0.919125800702827	0.582500476946791	0.238394890152957	0.394095880012781	0.453519385051839	0.462411363186832	0.448223188637367	0.551707930446691	0.515082604091012	0.864666775403057	0.635870630153844	0.814152076361117	0.672848145701426	0.674140371125846	0.806957797528811	0.910648761569753	1.10958659695555	0.908529015516525	0.748194815816476	0.940867371308632	0.99156201922024	0.608273997790917	0.488702965145481	0.826106643256374	0.739364893206768	0.855081497422176	0.831386204205865	0.698496259060082	0.494758683908789	0.824423794451392	0.913063636726399	0.732260302320617	0.801887752400658	0.796490868045116	1.20137729679864	1.14156535362487	0.885853315566555	0.946775426416679	0.900858909562501	0.955311134068834	0.961213547246943	1.16447361593549	0.690610072668089	0.670888717531916	0.675029295843397	1.00763531397739	1.19127674561504	0.934477109755609	0.625739400627511
1.21102074100088	0.554410029231499	0.762049870178396	0.515963861585881	0.386065999446844	0.279878693484194	0.369127884384451	0.349124461073135	0.518733757934689	0.40922813362338	0.335328280360696	0	0.777230665963903	0.479298671944567	0.478782872944973	0.274893069083705	0.344756515204	0.518751555857627	0.411521694248622	0.584044058911355	0.334663041137227	0.533410986132641	0.999141723329425	0.627983807143563	0.932318550192125	1.04887734592092	0.819169115017845	0.736452179494333	0.883434880887014	0.934920842302784	1.10179805618491	1.02487183636221	1.08520431044642	1.03706684564189	0.863401133582678	0.960251034045612	1.14399458604163	0.92172298447412	0.85706600127717	1.21146528615771	1.12912645763039	1.04837101472944	1.07466220100769	0.989281247659458	0.945135656634307	0.893511982177067	0.829043607372738	0.772566456473041	0.791516254386551	0.790295955792524	0.877051606242299	0.713542825264137	0.291607700464856	1.08514733064386	0.767240165397541	0.562806950660848	1.1344352326401	0.36704406064614	0.72800842848674	0.533961659866722	0.435301585599444	0.318743373568854	0.368694227742988	0.346627636971948	0.662203136792336	0.416925107249097	0.162957094923777	0.129529999968362	0.453409166915783	0.313897946601301	0.232609526978181	0.315198644662562	0.280756438882499	0.607553719913958	0.272668812225277	0.643090652559773	0.570564133993676	0.434679984652159	0.529716834652654	0.825388636696455	0.9316001017865	0.723232514459661	0.965914678448074	0.844199247483753	0.946124349598999	0.686516194797895	0.506593122075344	0.946070950554793	0.905956358309748	0.928552630915799	0.82235076446755	0.742029807464645	0.673267893314694	0.866682798401071	0.872300103233672	0.779456177928814	0.826403620787419	0.806633385690553	1.09536079258029	1.11113625216306	0.799602797399412	0.759125493982388	0.915780043316793	0.743774542328501	0.911328924590608	1.00967315591633	0.531854916143233	0.573438678358501	0.529995512686172	0.90381571998987	1.12521495863603	0.840072786861862	0.424920535483636
0.437400717402888	0.626123189032742	0.634043385703598	0.81499880228252	0.748805434784886	0.950878827591281	1.01269228790992	1.03309893579827	1.02144415015894	0.975112075576492	0.649758297942244	0.777230665963903	0	0.602564019162862	0.515948449348128	0.713845008617194	0.657876677530575	0.877337382294188	0.929132795902495	0.717815527845143	0.729482871212358	0.870427100680563	0.977912768150725	0.857049164978938	0.748659142288248	0.739872114437055	0.740872575795895	0.781598602498717	0.626292000308554	0.36892366535835	0.238066780287264	0.448646067552036	0.381994843355059	0.545924963464538	0.593053698357645	0.549350711255021	0.543315613441774	0.88543278432452	0.841459558871245	0.648701544520668	0.595769417120019	0.450039301629384	0.546232926291317	0.973746500010027	0.95633454605649	0.852485727205074	0.869092983022879	0.845228252017155	1.03933176866158	0.956072004505756	0.792821151568302	1.00310972274353	0.742017146295077	0.662140211086469	0.607313598084764	0.900401028110205	0.640098398307547	0.772109307390447	0.737913559902317	0.824846215899012	0.84013314304485	1.05090876178741	0.995819337232774	0.988134570219136	1.12543567590536	1.00294163559194	0.787655347817071	0.635279894777518	0.338460867765303	0.972238573808658	0.88259103841323	0.60560019662862	0.773905476220343	0.901608323122035	0.746725553117181	0.988935766346955	0.701344727820437	0.879129746787072	0.860431970191813	0.758237599817169	1.08632512808101	0.780190346793634	0.699767961717819	0.633752389508431	0.539460042459768	0.623641930901057	0.703237051404948	0.715287102591352	0.503422176980225	0.358190393398664	0.501942632249134	0.376058386164106	0.617913267566805	0.596714599404714	0.704415406130367	0.706968417327872	0.6950406732287	0.624694941798521	0.419034785064923	0.427086546943369	0.908052642685216	0.844033021056573	0.713645398467408	0.806854374094136	0.810197397918571	0.725576717494193	1.01381815849936	0.840821745510821	0.78210945581403	0.475763565916144	0.536884034257368	0.628377090111465	0.827594246947988
1.02775899631849	0.733849329920812	0.960963857301684	0.818326001353381	0.679439681524376	0.664245368078953	0.893505897394629	0.605447346501613	0.811197335067143	0.77178835135671	0.309253452541891	0.479298671944567	0.602564019162862	0	0.261725516902868	0.496683754829153	0.586305503771911	0.551999386772993	0.553018215788689	0.482991414604655	0.342465877627603	0.5316556634145	0.909374170644582	0.583113993893317	0.80762378635396	0.848714007909479	0.628446063472435	0.546625286897629	0.984513540883785	0.762554194169782	0.728450237715816	0.957802926653715	0.931818702275144	0.626967788090009	0.923421663068548	1.11245023876025	1.06576379879225	0.992407852760091	1.16140459623092	1.1006679403321	0.798716598004444	1.10943094660893	0.899951358925354	1.31684841948603	1.17114806415997	1.20182479791964	0.978986991760986	1.14379974222651	1.12046951383477	1.01736514328226	0.991129382039757	0.819838133916217	0.29223274289651	1.10836610080683	0.702896910747171	0.7715439000171	1.04399087354952	0.67233133627486	0.955972011194174	0.780673649058759	0.690894156071838	0.704036066798375	0.858585765708292	0.560267102654164	0.917345623762212	0.731148203186274	0.479396894552148	0.382700368391149	0.559573183825299	0.418482796791231	0.532583208475238	0.508179146500513	0.576226494922498	0.539058950370285	0.515135954624763	0.616180641336518	0.45447712225139	0.505334854080149	0.559416088174088	0.639974390138897	1.08511433062727	0.597670158191085	0.705061575923824	0.781010203068038	1.05302347560831	0.545522819632329	0.40608900126407	0.820878306030096	0.794391738068217	0.839122771127528	0.858017312713946	0.709935416477182	0.706766716405932	0.860865834078721	1.0155530555141	0.962248203429618	0.831975608204743	0.902321228350736	0.984586619963416	0.84162815918707	0.918312286047757	1.0282702832235	1.11005449966219	1.021279592986	0.839903583119707	1.14035329313745	0.756683072955978	0.882658053874541	0.578244475248274	0.743888497386536	1.09172283420958	0.764343036773627	0.68248996094969
1.16844188797084	0.915033170750505	0.885838490820244	0.68364930691609	0.615884330457088	0.508638413734385	0.660106753747261	0.429346515755187	0.654541902982903	0.509195273466771	0.306406702096347	0.478782872944973	0.515948449348128	0.261725516902868	0	0.307179065756611	0.300251635655683	0.523883136885813	0.456807547304205	0.316914892140764	0.350568626025797	0.50714237774277	0.958590941877657	0.66360273988206	0.76228005080876	0.798238647405736	0.646242013328144	0.423999897439784	0.915938734450335	0.760370265051321	0.571710511094361	0.840800622256299	0.641496830680197	0.538487663634463	0.782408625562895	0.921819268368307	1.01609769273215	0.882435480635632	0.9048524955726	1.0136651988859	0.672053233598054	1.10361965067241	0.970865225090047	1.25392137076634	1.07083265893081	1.18928689224023	1.00624588104751	1.01327855205986	0.969517018275897	0.857925872459026	0.831995830184881	0.901248793998116	0.507787189797658	1.1518970112481	0.79759239452016	0.84251854747665	1.20741716442558	0.761136347167151	0.882920563853946	0.767862421514812	0.614416661160175	0.598556691818789	0.649408410432646	0.388476682626997	0.786529335255031	0.436000814824218	0.44618360989339	0.352815194684523	0.504567686418309	0.418531947989202	0.332658611005159	0.377346441270598	0.381952930243287	0.578205901697506	0.446293132539249	0.562656430685622	0.4100014288465	0.409426760593443	0.497983188058195	0.783921339714617	1.14302329918472	0.688584553336295	0.70269893296182	0.695777291002708	0.873435970519604	0.584947690229214	0.377773419391233	0.751951063295455	0.834520121522698	0.745787809066142	0.892559559394152	0.614449517653765	0.604601557106928	0.858097457121869	1.04841176479571	0.951457928873532	0.671686111456521	0.771171898019435	1.10077463950538	1.03441833464795	0.981254634150483	1.03464375327281	1.07261151144504	1.03697672752938	0.965648275247231	1.18083888150822	0.722020971619456	0.777677533941125	0.633110813416787	0.896857500295148	1.08824015231167	0.893266332504772	0.646885312090883
1.23746236643451	0.680768752592798	0.742865092597445	0.437205743295149	0.303375989903753	0.274018061453876	0.473265064525356	0.20321778779654	0.358260874048445	0.273755263119749	0.497325712750177	0.274893069083705	0.713845008617194	0.496683754829153	0.307179065756611	0	0.202545028313181	0.249296045383605	0.200962993174805	0.226258152281699	0.146734236789377	0.263260090680977	0.794736307100244	0.574101324779362	0.634020842512836	1.13232832020636	0.511145960994168	0.582881847761175	0.915657764498926	1.00898090910847	0.947697760401172	1.04429226294282	0.938507955651467	0.899690490643456	0.992549194663908	1.00717405473681	1.13996268039873	0.900362958424411	0.892643052935874	1.18964743791484	1.14202160759692	1.17669711561611	1.01254723057866	1.18192051662418	1.20003483137871	1.10677627645513	0.950093095800214	0.781454415406264	0.867482870498544	0.859224130048552	0.619668072748339	0.594987935377325	0.309631169196786	1.04252170607286	0.832970473992532	0.529542219524685	1.24393957514278	0.476653982533562	0.704234508169665	0.521638289676134	0.312497392334941	0.374955300178749	0.467711563211137	0.178236605243457	0.537057914655113	0.227885155731749	0.362888247658835	0.200572732245939	0.535622286160621	0.251922211912849	0.211733061416695	0.137185133596476	0.116075207517102	0.354840407391773	0.180381244804311	0.353677060692277	0.273006530192254	0.189647422301727	0.247147272584691	0.809630588211555	0.997697012098265	0.553956101557182	0.770316014368032	0.551431993090847	0.841000990951092	0.638003495031443	0.372742666321791	0.830864107685624	1.00187637643908	0.96118531627908	0.887912897153399	0.646789734324266	0.900130982695042	1.01260791178981	1.13823774150181	0.975181521165395	0.573299836019949	0.703654560367329	1.11419398255832	1.09194509252548	1.04010132714714	1.05188253355401	1.16505870285862	1.01100120627489	0.951017394021588	1.08428527225884	0.667076637026121	0.767282947661485	0.449327268207711	1.0248709562419	1.08213611123445	0.951553328332785	0.444265619413167
1.17653414526164	0.794287350035318	0.732851749013443	0.50568899715977	0.45191951377397	0.342019869810838	0.429676979501904	0.346938182621919	0.429084946998211	0.339911396391236	0.524839419492031	0.344756515204	0.657876677530575	0.586305503771911	0.300251635655683	0.202545028313181	0	0.488366756486325	0.343016801439246	0.391283564896727	0.319868673879356	0.455041562876002	0.929110359697479	0.514193951738686	0.813435515406398	0.859169812842515	0.647590997581765	0.673123786217806	0.797577222398836	0.954971793943102	0.792037174689823	0.949353525234453	0.763409513359886	0.728765206858321	0.791714333488721	0.74019158954289	0.940601230833629	0.716805775838514	0.661219141995595	0.971537418277666	0.943615513811392	0.941594972927185	0.881106980014222	0.88235459336711	0.82048498489735	0.846583670549414	0.669053009923872	0.673578917876497	0.662795645794938	0.587671086013019	0.66724500227575	0.718539071322189	0.556526227559112	0.974359949533762	0.674628347393756	0.604200076596477	1.15005558082556	0.595688006249947	0.7484014728302	0.61048919251312	0.45962661748596	0.434078477364888	0.461210504680383	0.327656200830583	0.642240750712307	0.291410957883174	0.465130268419515	0.334005939587213	0.665024701027593	0.478506899604742	0.295278074773705	0.296269906126905	0.233634471190525	0.584331873842512	0.300954894882453	0.535532103614336	0.537790383118232	0.44046552639644	0.462372064350813	0.898572569524947	0.892630594422524	0.637021063294539	0.868490163980651	0.776856885912737	0.779648783111481	0.692368498695832	0.482369933290722	0.83809220522615	1.02240756117099	0.895647074719715	0.987370831508206	0.679856677613968	0.742658414943367	0.782201063979131	0.942965688687038	0.890042294785444	0.663073333544946	0.72218028699817	1.04374645803555	0.962660261280627	0.809268708006494	0.814082062706144	0.914657823340114	0.780887579506882	0.779878799694255	1.09229276531085	0.598671804214464	0.559539094325587	0.621658373400602	0.957825053826907	1.02838799343913	0.954318679773974	0.468771166952677
1.26843564404036	0.671360107218084	0.795013610518369	0.547485709008457	0.295325015545496	0.409411697444882	0.719560267681203	0.218098893423593	0.323074343320636	0.39132751580549	0.678438307434965	0.518751555857627	0.877337382294188	0.551999386772993	0.523883136885813	0.249296045383605	0.488366756486325	0	0.147491530368695	0.159176680166589	0.217207262270529	0.085087917659521	0.472336661182808	0.444204548558795	0.503836333229412	1.31009917585193	0.247667421893101	0.563019446780762	1.10416744457318	1.19898068210723	1.06564644624962	1.26955216208858	1.19636040074098	1.02624866332694	1.26446477755639	1.34472503260767	1.2114292465698	1.05058731980569	1.01205911298726	1.39415079383423	1.24806904192672	1.32830583601318	0.946252791830156	1.46000757908895	1.41893917564477	1.35066180198877	1.09653443707234	1.0104512260845	1.07931155769593	1.01907855815365	0.574222135826191	0.547910552433326	0.387238616642247	1.25753502815667	1.12812631473739	0.542552036824394	1.29504209019516	0.487833744750864	0.739929889289289	0.590857324472121	0.284119022723487	0.440345070912157	0.737189383466389	0.206673575941701	0.502553782131756	0.337311300809025	0.578688733294406	0.373970987036367	0.791860889974184	0.209591668131706	0.440293909933106	0.373889760392568	0.361725477628403	0.120095777216848	0.214997087586378	0.213737127959506	0.114738737031027	0.129770516772247	0.110466954550805	0.6112507980026	0.836349198178743	0.333641234359144	0.751522270456746	0.46180368497855	0.954972591898618	0.721638238608594	0.366584027184715	0.847573425996904	1.17859841893563	1.21506329308849	0.977301862979278	0.889680192694163	1.13022071407928	1.26499044160845	1.36522717649581	1.15680074437918	0.634561922035562	0.677947755197477	1.14804999703341	1.00474468858679	1.35131181963127	1.37464242344257	1.50093834284413	1.3463947788049	1.06917250984517	1.19653566322764	0.790840548127939	1.03970529392276	0.462244583038883	1.2188116372935	1.27931609709635	1.26319334741244	0.572234372915472
1.41986663505387	0.861766972208347	0.928063646992507	0.599413063927547	0.333672813903079	0.224153805485341	0.507486844838515	0.0883500238424131	0.220139686460036	0.274151673804732	0.640622580514954	0.411521694248622	0.929132795902495	0.553018215788689	0.456807547304205	0.200962993174805	0.343016801439246	0.147491530368695	0	0.210925441423626	0.201367246275827	0.134269445596759	0.715133913458878	0.542585354000316	0.686764113873928	1.14122906804281	0.420893683977453	0.670199753159527	1.09477506085869	1.30085178644151	1.0682067795772	1.24881160776215	1.15765270405314	1.01631468551674	1.11465201829158	1.31697081208548	1.32938548154392	0.972641781281744	0.983818594691152	1.38800671426182	1.22355069663515	1.31056556348546	1.00281681527102	1.3574931108898	1.27744094338684	1.30340150152611	1.04537323579023	1.04096208555889	1.04289128076342	0.994121957262844	0.777173464332182	0.699603430603186	0.433097074489569	1.24032592373111	0.956450818426687	0.60170969998922	1.44344978872299	0.582919932324748	0.78918651431023	0.617378490877048	0.292128718332953	0.245960515432514	0.508857214573039	0.111873807973841	0.374427359811893	0.20621523113745	0.556255612040826	0.279871802203672	0.845962358925608	0.19599660060012	0.267691436293043	0.291347831871975	0.284694288895383	0.202450180067587	0.2407260778442	0.152737001539388	0.231281890214077	0.14486739753193	0.128857933458975	0.895513788746017	0.82523595948514	0.456907966189438	0.995845022186582	0.655448286243088	1.10087527017404	0.741539656259252	0.422723899564164	0.936599702295105	1.33278055995383	1.30181535976639	1.02644212362373	1.01115776069557	1.0977634582161	1.34272098476355	1.43841547195432	1.26635388652397	0.870446535130053	0.916202220692524	1.22676101068941	1.11519470038939	1.31950954762385	1.30126064993605	1.48874055251661	1.27554286195874	1.10815972360405	1.32643587782449	0.76955196125602	1.02479366276574	0.626082901846562	1.26539113885186	1.27588958514135	1.14020349572732	0.602415566689369
1.24105288370102	0.684443258978597	0.728849604689459	0.443939443297615	0.293688716056555	0.487215574933752	0.773611266831545	0.278501004513991	0.387785973986008	0.3718197328617	0.65005344951633	0.584044058911355	0.717815527845143	0.482991414604655	0.316914892140764	0.226258152281699	0.391283564896727	0.159176680166589	0.210925441423626	0	0.205243081111536	0.136251526923824	0.69547970089249	0.523998784298092	0.455836133857443	1.1049892564217	0.225636097336222	0.395018458638521	0.966658139814181	1.01671405654255	0.769513969775912	1.10681207073121	0.898814625287011	0.811669020980575	1.02842232807918	1.16639385973656	1.13659894136923	0.927006987281113	1.00818192552012	1.25084292047413	1.02897896027269	1.22071619583818	0.838786352106686	1.39378794117045	1.30841679570975	1.27945958808463	1.05136787692956	1.00466260411104	1.09684886298809	1.01929535250491	0.647498327945714	0.739996100380715	0.409883854781552	1.16766965238572	0.879369106556212	0.669344766328371	1.23389025352503	0.518845445147844	0.651881339525386	0.538710407783903	0.276682085894447	0.546875030044462	0.779039047154415	0.221843945698381	0.56958631624429	0.317496164705516	0.612857532100312	0.380523765441421	0.769947993337027	0.265667973415856	0.451586955624558	0.356703568134997	0.403657638579535	0.195889353057016	0.253623376104917	0.253740274080938	0.104692570971413	0.112997710937344	0.145768483763558	0.650849667121953	1.06134523579747	0.398723956978626	0.69955584277005	0.388882241380256	0.820514740387759	0.623266123286637	0.307963336609858	0.727738848895633	1.08297815051922	1.02323170274806	0.951307953439835	0.727380922768891	0.995444495722821	1.16711014412261	1.3386247240322	1.1899839802922	0.634843361305682	0.661231395422798	1.08204811316425	0.953404745971048	1.24557140268974	1.31170341340684	1.3631942593229	1.23017334118945	0.985682373541648	1.13000407357688	0.825042579110965	1.03082738530922	0.52292981882647	1.08999757112666	1.14695437513776	1.17729482642089	0.701200428486026
