0	0.137918265135859	0.250758635108076	0.369224997150539	0.397153753245896	0.335869631787372	0.404072564176991	0.387132629023296	0.438877700402245	0.376769524359198	0.40379394109208	0.411836402499252	0.447770400990591	0.797577371053066	0.513166033472608	0.454943153354253	0.703942655171087	0.579670863905655	0.54881070015676	0.43514467593174	0.440940304819257	0.502374195246457	0.751104780554645	0.572611953219912	0.715730330768548	0.645762570013821	0.553189484865825	0.577229926761012	0.409532634417232	0.548743170350917	0.588889697492946	0.549888461132346	0.547520086958511	0.755322031428788	0.756178870290269	0.878452313260267	0.870427723280174	0.914300071114013	0.53967574557139	0.830863515783114	0.697886384506321	0.367211956006576	0.924351084107692	0.627933593981911	0.558001887307897	0.505457910884159	0.464110258785503	0.449488090586032	0.59187672149058	0.527908459353151	0.762661665467274	0.543246722635266	0.479364208642275	0.249451135687272	0.388340167413726	0.475475855824065	0.148908668451139	0.134636454692779	0.334681373755601	0.365714462752035	0.455954458346682	0.347499156805993	0.409215408044376	0.39157185362108	0.533046379552124	0.354564450339099	0.462735763604109	0.443429859346109	0.4299664329323	0.635239615517066	0.458488341170905	0.455488502711034	0.55887857825884	0.511781896797467	0.566016819999948	0.577012003958065	0.410059048242824	0.438765933812486	0.452360718269141	0.612171306501227	0.473632597111171	0.536677827982645	0.631309140183957	0.699131636229348	0.562222679237713	0.634115036419043	0.427404249277856	0.452368925219897	0.493546614477835	0.534861793097546	0.393932322256535	0.430014727254582	0.641573786899273	0.529843423838195	0.617444847011297	0.527254134054023	0.723442146418407	0.674726580043589	0.421516847319511	0.66901570370992	0.420109094492532	0.477693470334115	0.548767655244591	0.413933438385567	0.579661772593091	0.52932290955598	0.576434051982935	0.510518372101801	0.478790074999854	0.428607864182933	0.274640317466468	0.360990152884214	0.470031857478194
0.137918265135859	0	0.222118592170341	0.249834257036472	0.273475678137376	0.292350488321405	0.372953802250103	0.354766925963111	0.407151686429569	0.386223287947084	0.288228171128861	0.305759691424916	0.352833779774982	0.729447273651874	0.445803484443968	0.379074705703851	0.656650284987521	0.560024205044515	0.540720178962191	0.409896576534963	0.376180158123834	0.458134651290324	0.816781723652658	0.549473940904389	0.639149667945109	0.68612537943613	0.488363067556417	0.563028066977275	0.369303629506695	0.600129303737966	0.611136949618093	0.5516378978923	0.572444958335239	0.829552465444766	0.816633582695713	0.883860731696777	0.950124174762908	0.903450367011081	0.576003942617104	0.79612930253114	0.71172397398078	0.338151221456357	0.828373828879823	0.685965609944551	0.571981147872911	0.512596343364729	0.41632458096935	0.433507522759983	0.600699322053233	0.504597352190947	0.761794210851636	0.491128570566136	0.581879798300362	0.249974039527643	0.372280042291602	0.436725394435247	0.225882271682196	0.0205997290687796	0.280549370810151	0.246920841641523	0.312747247838172	0.306103472977506	0.372376662253118	0.360416314123966	0.531414307012013	0.340105042767167	0.327986082685067	0.321006860423488	0.3020986203326	0.435628293163949	0.414599228202993	0.360871450502375	0.516458392155853	0.504466527236015	0.511484289391592	0.597855757248234	0.389166345642663	0.383631897349499	0.437531939725353	0.578464526995788	0.405125197991182	0.48126547636876	0.672467313949648	0.639210836829166	0.504232804525712	0.646542673377823	0.428511668842391	0.336428341994809	0.464880157405524	0.515789112152225	0.350818790345752	0.418884299666925	0.602329475824404	0.532208745382896	0.649203188580965	0.51286286103523	0.680327257729964	0.667537786368394	0.364472610746369	0.567289072096726	0.409287994306074	0.485879465166477	0.572666197157021	0.41810820402695	0.575373747496429	0.519697673353246	0.539684500173639	0.504407955191259	0.480660873135994	0.491821475790948	0.308654919964572	0.333196725508016	0.414073542269442
0.250758635108076	0.222118592170341	0	0.190453228642137	0.151904646486944	0.252499731938856	0.310673938051492	0.282967528170538	0.336264505908268	0.327820600022741	0.512005473662466	0.369096533685101	0.4791942662254	0.753153653691369	0.523330686238247	0.35008585828653	0.650846951831064	0.552310930204101	0.505142029292181	0.3720876479926	0.357810339095883	0.469207777959236	0.779660067965572	0.523799114192339	0.571575132459787	0.50723677542131	0.440857138796589	0.764159585292683	0.404744369628153	0.751054342621769	0.678081966566915	0.608868487536909	0.551941925488267	0.635762587699494	0.729565675163676	0.817769600166213	0.894787744278178	0.860050826617781	0.583421004922414	0.716415989957258	0.721907910501827	0.281423195164772	0.699361310674226	0.773476364240578	0.480560459508709	0.47989391440811	0.378526443745704	0.579190132567547	0.68494838452157	0.510596138964647	0.751741326582493	0.534024765824444	0.632810295519074	0.143704110801027	0.452150886315062	0.552706231748814	0.163734150658445	0.17865099310255	0.0497209749644144	0.193565122147788	0.200549139821121	0.283588204074437	0.290148690166118	0.282136639495711	0.41727167929091	0.284542307699504	0.562580941703672	0.464150512327424	0.438241572462786	0.68719891884856	0.51121706815731	0.345204505691305	0.5093840389919	0.471131229353628	0.543018470551713	0.559183536238482	0.403821677191739	0.391344304112685	0.398041850258037	0.635886518984033	0.450785209815844	0.439231058601903	0.651068684217506	0.598038586821767	0.507650096141772	0.610347455149231	0.654304170725451	0.428638860087215	0.60023111720281	0.649626971630729	0.361693591201697	0.434077660451174	0.57329342969216	0.687058157128856	0.726210168709564	0.531828514362508	0.630669524907457	0.652904792213032	0.427024938853847	0.484783117767041	0.487580867530079	0.604977371419735	0.547485671063478	0.353990829192793	0.448408801373919	0.602281772328245	0.6701054040652	0.547203981942667	0.451215850499268	0.560204369050797	0.204303076291314	0.457572076706919	0.541826457471074
0.369224997150539	0.249834257036472	0.190453228642137	0	0.144858102263454	0.175217816435024	0.213092445107365	0.204135032297085	0.269500254381842	0.27584381076116	0.294936386896054	0.227137210496082	0.29455691434254	0.485880748160685	0.309273478430672	0.286071821047294	0.545127435954806	0.39676474602104	0.425555649867422	0.30129459418011	0.233558107730815	0.361184330421094	0.78969117330151	0.451859344756688	0.523853897096173	0.562036335323981	0.435641201733719	0.540059537702961	0.33213833504307	0.651553637049596	0.591813183411964	0.501672009320539	0.552423298612958	0.765031322778335	0.775936819102076	0.856425273716081	0.868656550231648	0.979642273212629	0.54652588312149	0.677566846519451	0.801873959139215	0.239706864368214	0.746831489807874	0.616185782563625	0.42351781379986	0.394814878854641	0.290003352749967	0.406004788397378	0.519282135757075	0.430029559180517	0.727153044003926	0.417193040631042	0.539704898746296	0.117642707273045	0.334083408763473	0.434953925859533	0.400369810536289	0.249913568062776	0.197226326606772	0.0485726078516772	0.150545020220105	0.197442447533138	0.214769373176681	0.221954296377829	0.364392434598888	0.245694594487043	0.308905530628183	0.236374215096344	0.264760062596549	0.430647360801279	0.373417939898894	0.260722834712158	0.421634895036159	0.32826087801951	0.480541734201618	0.537553929929413	0.301404965651471	0.25544930233898	0.35156779352343	0.603566892298742	0.323572623799937	0.386524826606033	0.690306221333431	0.578113437357118	0.476053322021142	0.652439038206277	0.477504965944063	0.361459793189665	0.434343492171816	0.608375265833782	0.31954776957723	0.445535883587688	0.583077017758589	0.55096349413313	0.696353051773035	0.500703293117355	0.618012181154875	0.694124028984268	0.346334716907152	0.509804038544769	0.321503689367507	0.433991801893723	0.556640800050565	0.299536839212961	0.417145014022813	0.529143729162807	0.457731348294683	0.448379275180529	0.389192160562275	0.438297166618829	0.198228429177234	0.305620520027811	0.416350379006663
0.397153753245896	0.273475678137376	0.151904646486944	0.144858102263454	0	0.302515830076978	0.375843998617425	0.366065877702032	0.384511084022311	0.37785760073053	0.461432474009897	0.334675837725172	0.437348088540771	0.634378191993528	0.500582302061683	0.42553186770412	0.742363570579318	0.594786200827519	0.638137047671406	0.446640987375498	0.353680916561739	0.528414961375451	0.833497833167491	0.571410654104938	0.616695931385353	0.605874416620984	0.494030216765002	0.603883138352912	0.437641667125912	0.807730860691496	0.738838098574124	0.651921868121726	0.66830685048395	0.787623076415046	0.807243561892964	0.835971186704282	0.976318467100051	0.961995952144219	0.705893644346848	0.762795639174866	0.778786445476042	0.324251715801126	0.75084253239807	0.824717010139909	0.563116837981852	0.554520458083634	0.444405091725228	0.557978530016856	0.696124930422793	0.569789029806495	0.808687156324845	0.579285618008247	0.697837326548799	0.192088284174225	0.514906430786113	0.606626498712085	0.417414974299069	0.258546928729539	0.163398959364898	0.159298686936857	0.0286410359444021	0.331025592960652	0.355079709826524	0.379869904711953	0.494149706390031	0.363528636206483	0.465436336110577	0.365000488503438	0.374135939384242	0.56485071271273	0.542154024321668	0.400969983521694	0.537451737805542	0.532521870777388	0.613389417877744	0.673164683831473	0.459975144316839	0.39902186637496	0.478016896382662	0.708274500961471	0.340120166208279	0.473889069724406	0.770956325526358	0.63896451417049	0.512996075848825	0.733244142757329	0.600201794939777	0.476297654850334	0.649774088048614	0.710076844145904	0.446069268188257	0.544544855710569	0.668596221152945	0.737432116141855	0.814048004217218	0.625873458511337	0.738139382688984	0.716700688796769	0.427824664426874	0.527762090188126	0.499852101595901	0.637151266293664	0.666262741423989	0.418435417803798	0.543873567713323	0.696584687566368	0.627525770073834	0.562738931858181	0.543571666866822	0.622838064392484	0.31050842154012	0.457510848226761	0.585993594247521
0.335869631787372	0.292350488321405	0.252499731938856	0.175217816435024	0.302515830076978	0	0.147634759092955	0.0776378167267806	0.140657094250023	0.127575119783721	0.36684017848131	0.323445564661914	0.281282121545871	0.469434864146132	0.210043607071559	0.158217936403413	0.409938214742777	0.268852380644771	0.224236596553546	0.212783611471103	0.11139531010411	0.198966921718479	0.672260153694007	0.321198205819302	0.380605850834135	0.559233225162252	0.350835775644261	0.587140824044219	0.26067164671758	0.606817021852339	0.521880747297304	0.378095674068445	0.409662426947648	0.658900083172094	0.592662431028572	0.790755725905209	0.744999572375384	0.855386410857589	0.396303408015465	0.594010244743942	0.607820746986683	0.303881604372823	0.828093504359766	0.508957359317929	0.307028056343606	0.344693824422265	0.195943400130958	0.360169118322762	0.484289209463766	0.326895119431722	0.60785189372847	0.323137698178374	0.466130520239579	0.158545102150449	0.302166252387208	0.372033005601351	0.326120932377661	0.289294182273857	0.284966876699414	0.16923913094291	0.339092276794743	0.0369180994888259	0.142169570791173	0.11380279677917	0.216261089729922	0.114288840409006	0.383400962224398	0.308703902914462	0.275114423277506	0.522580257067429	0.291609365956112	0.151531623827668	0.344273089766946	0.204770628996576	0.325111851394663	0.324985762307562	0.2022935641761	0.112943160616165	0.168296512623614	0.512230695668162	0.277913045191909	0.286876263938974	0.55342603382482	0.41095241093574	0.376818696127436	0.56923742801602	0.459384523250829	0.333161041726281	0.413259047373095	0.53881176621727	0.208510181556402	0.344068886268736	0.422533473770369	0.496548191873469	0.603699902656358	0.399244298179973	0.520337230260568	0.512577688942367	0.393970784321079	0.507971843451993	0.262962061442193	0.376967747538691	0.421084589255056	0.24878477607281	0.31651192036511	0.479088584929892	0.438252705447323	0.388652332585966	0.284704596549456	0.397157265552067	0.18906671554722	0.292364834740872	0.351593300733311
0.404072564176991	0.372953802250103	0.310673938051492	0.213092445107365	0.375843998617425	0.147634759092955	0	0.0817937282331032	0.216370133355521	0.170145488920906	0.441363344547667	0.369175732706999	0.41261793162117	0.565394853162345	0.325901851047668	0.310572709001373	0.470466235767874	0.35663582499123	0.281627675311213	0.223195222070849	0.239413362334646	0.310069544593081	0.724876059017523	0.369977360439654	0.421189323079108	0.576505285864888	0.421535757208322	0.602548699016135	0.324784421596132	0.711490360171345	0.579977109573372	0.381793052891364	0.476878999626804	0.69243007485584	0.656342149533864	0.782311808277592	0.696786145520842	0.872902575574701	0.406328562253658	0.57399378544797	0.620936401101234	0.301637733176604	0.852058313552947	0.479808140713046	0.318258469200197	0.300509123374943	0.213628987050682	0.358127754036404	0.452062853086534	0.315909019708877	0.577073229618042	0.313254837474838	0.564963922178723	0.177060405330347	0.374925963658519	0.366807006306495	0.418553515302292	0.369428797545251	0.343488903188719	0.216068337252993	0.419607166052299	0.138593904550174	0.00759340629898209	0.0637076651665455	0.300368890220961	0.144844143249395	0.440293021554515	0.385675809377944	0.382098644046036	0.517681206459768	0.374092306308326	0.276423152915255	0.422040764381681	0.249244980425587	0.336026974790632	0.364756538603625	0.239487659330114	0.225563567232146	0.244960185092305	0.590310812677482	0.328538171072593	0.327232942012046	0.567126700137506	0.483347883930648	0.460408240000338	0.551435049840704	0.485172987693233	0.453920931381815	0.486424554298594	0.574383078079699	0.283920539187499	0.424848391297935	0.520175635776951	0.525362075036195	0.581089428356502	0.40825974365945	0.524003021358793	0.576786882476392	0.439894190868755	0.586408690169278	0.235294804052196	0.320863529294983	0.428181580122262	0.2452383678509	0.318897401828564	0.470811311600256	0.422052070474743	0.359451034305977	0.286463944524858	0.391939174818674	0.182867087756132	0.369890123540546	0.364947414196025
0.387132629023296	0.354766925963111	0.282967528170538	0.204135032297085	0.366065877702032	0.0776378167267806	0.0817937282331032	0	0.0943734721437699	0.0810047170777901	0.389342253387416	0.344788060800514	0.317697073376022	0.472807282530257	0.238113620683366	0.180204888116057	0.353571311718148	0.200750242561197	0.142341725974101	0.103373398995787	0.112103283962492	0.151762199096285	0.603011391803434	0.260741998228635	0.315419217984111	0.477151247529894	0.304708296362363	0.526776360186356	0.243012931285501	0.625053850558449	0.530482834430787	0.346159500185096	0.394784408620728	0.59873428577439	0.575757981685114	0.759954343439205	0.69161251961238	0.873957187241176	0.354837348703982	0.585225860579866	0.597848960081998	0.29327874855552	0.775674048895628	0.472868409654199	0.273406191496011	0.284124187376203	0.146771936804535	0.313829506416134	0.448198727676409	0.302596131651071	0.572768230297873	0.260811233875503	0.480945961657397	0.167721157466281	0.295150336209847	0.310865280559541	0.372713587438383	0.34903401682263	0.315181094328474	0.191508171400504	0.40230673819033	0.0975125140666764	0.0824070707182264	0.0218007399862428	0.165452330550369	0.0633148172169203	0.41991073485893	0.330889830214321	0.309954670820266	0.521369369023669	0.304203618495383	0.170385725638166	0.334543045512402	0.134595704914569	0.274218896292152	0.255533491907095	0.115124436392751	0.113816518017801	0.114605076406209	0.449194126282805	0.2956372589814	0.246243774599376	0.549989739594346	0.356586064624918	0.319373823962632	0.512382291649812	0.441472835355075	0.335915120978748	0.416572256162052	0.532048807616025	0.197257999335256	0.345651072599525	0.405742550660064	0.481084407020296	0.552178703487802	0.392628864369764	0.494746768651253	0.476708225857045	0.390304259222296	0.477099752371439	0.214079760361775	0.323968712749477	0.401481665988844	0.221877228812777	0.251625027468741	0.443253696907438	0.380977351448737	0.378553165388586	0.210524230619874	0.388299285348613	0.164771429420997	0.288576108662162	0.317076751026193
0.438877700402245	0.407151686429569	0.336264505908268	0.269500254381842	0.384511084022311	0.140657094250023	0.216370133355521	0.0943734721437699	0	0.143152374011715	0.42702285933387	0.42311487183348	0.352787529982031	0.470905656833269	0.266934522595886	0.230219562254754	0.385065099907117	0.241300723767216	0.216258123011058	0.159493065960367	0.139725067277099	0.200385890186087	0.618237527862991	0.328509672536983	0.358165290653395	0.509458488472727	0.376927233072362	0.488120719802934	0.27710108723211	0.639979573055977	0.555097335691914	0.380305626316225	0.453692462065056	0.66611929204995	0.560147469245242	0.825098884982009	0.722900359712839	0.889745623496514	0.417512237265311	0.623465097140899	0.620024373474858	0.373223345093913	0.791540661618087	0.543377762320104	0.336329002339192	0.341626382085266	0.234767718867065	0.368301998792151	0.502892627749068	0.407395190677225	0.587396456603641	0.342990809388716	0.537125602217095	0.26863415590784	0.38238926276264	0.423497976906181	0.436818265964891	0.405130639494392	0.335453540683845	0.248572248697515	0.40610456993613	0.184988039944384	0.220279951556901	0.13736621580842	0.18683778680596	0.139815676244506	0.442260939865665	0.377162858005596	0.363099834580562	0.557888486277303	0.365745556714678	0.241133069086276	0.387892480134113	0.211542390115726	0.398571765989915	0.333511640579062	0.168213267579925	0.161000896854387	0.179930278176542	0.52254191822639	0.312667272258692	0.323197748052715	0.625177436068302	0.366592655093195	0.358141828775162	0.573231687396228	0.47485206368018	0.368676186782698	0.474898407101849	0.616180149644865	0.268045144014637	0.436801767747008	0.469768430695496	0.538236585769429	0.633417343185371	0.443856582284991	0.569920525609564	0.526649525593064	0.453751284884052	0.492316669763065	0.315658592410266	0.419722633516402	0.501241671244437	0.296788700954736	0.352297682161444	0.509245653635751	0.435597665621866	0.466749860796529	0.298097417194493	0.490717479299197	0.287177019117271	0.360028293581336	0.425092566743508
0.376769524359198	0.386223287947084	0.327820600022741	0.27584381076116	0.37785760073053	0.127575119783721	0.170145488920906	0.0810047170777901	0.143152374011715	0	0.419867638404635	0.385603776380492	0.380419048200185	0.522336534109097	0.279689382447487	0.22109613587178	0.425092090963283	0.279338285110696	0.209152367369486	0.168113919158012	0.185654831702615	0.209520957365177	0.618697287309643	0.282493060599301	0.299784549578184	0.456395590976847	0.287655779034142	0.492716866529701	0.263892702452559	0.690234191348062	0.534317030250954	0.345885545504035	0.360398473909523	0.57961563767127	0.509910469139383	0.771889231469043	0.671992949412155	0.88458227878351	0.332082487309397	0.620484211969181	0.491392676689491	0.309140712596474	0.754634898528621	0.466363843361663	0.251471412763139	0.262089533034997	0.164185512686827	0.288267956959725	0.440787084816106	0.297882398482765	0.552820137776972	0.249453656872873	0.503509595005401	0.227447973475465	0.295232880730953	0.258973163928918	0.353934486284631	0.362105015692897	0.339243562771196	0.267525617527336	0.41100845133449	0.128394626541273	0.166854980939709	0.111641010922214	0.227293790987376	0.0275054631185605	0.444572139222461	0.387054451538588	0.364583590723127	0.56287519655436	0.364064206464127	0.228142059451245	0.346071577381813	0.215874170373516	0.251511346924586	0.290384487110241	0.174915929800824	0.195380017902932	0.159295841166365	0.483165216385799	0.275224448137705	0.261769120499794	0.499086380243398	0.307040236763788	0.298394439667722	0.498013068681546	0.399127647561155	0.32309115620043	0.498131856307512	0.540713239772024	0.258890353904393	0.315849206834016	0.366125172627175	0.46358095905958	0.533052804888255	0.355025423336068	0.485662320662166	0.408294652765316	0.403053420100064	0.47292158538595	0.188845494075486	0.29305252513295	0.374742339354217	0.19979667372039	0.224033662792688	0.431746959174588	0.361827014181811	0.320631645556252	0.174458195622859	0.414479196208194	0.21639267163442	0.30359638639794	0.244531506084824
0.40379394109208	0.288228171128861	0.512005473662466	0.294936386896054	0.461432474009897	0.36684017848131	0.441363344547667	0.389342253387416	0.42702285933387	0.419867638404635	0	0.158967011544601	0.221011378692418	0.319386637685628	0.240254399590704	0.35137152698272	0.453514479549359	0.35053897076047	0.477954600024253	0.39731207775277	0.327802619898673	0.376120439679708	0.66624366557239	0.418554460198175	0.585423924134089	0.634167275010698	0.530618398959009	0.38295569936503	0.410109760328076	0.421345947735783	0.450116124331238	0.492309081928448	0.470294058856663	0.757892149438053	0.685854439564364	0.809269784195558	0.830639582169687	0.944424583722151	0.536689727990779	0.743580946361791	0.782868023952098	0.417374582470517	0.821420729875835	0.522823613523401	0.511989577236706	0.460594421548013	0.386605043058672	0.29210483411998	0.438010210549282	0.430836417480662	0.68789190241908	0.376645304892148	0.467687259307542	0.382032854151831	0.331144950502182	0.23794812549595	0.538804196096248	0.313055669331449	0.569998868357638	0.314971729387632	0.471977607746499	0.364010495180683	0.467819119788601	0.412019880492109	0.489092441835263	0.36927105372481	0.0728660163423219	0.124090387626161	0.218105814017377	0.214983263019909	0.276219471180091	0.323341434650184	0.329096114539932	0.348916764032736	0.402187165654954	0.541140669765827	0.3324091470693	0.325923074246302	0.404828459075989	0.468825775462055	0.440285096894535	0.468703086771153	0.614608132499763	0.608419846702321	0.503994395126088	0.688782782784172	0.252922564647926	0.346860456596242	0.26095017185403	0.449059279535018	0.383560935839893	0.352545933056331	0.531502440221653	0.334426151337492	0.556431623639081	0.49759799763382	0.679296330154008	0.673762221978069	0.365941777554513	0.572898803179411	0.304103607943126	0.324628533923878	0.548834023226114	0.422191965978671	0.585940243014561	0.427565898241275	0.387566163037599	0.469676571353234	0.390952433458672	0.339623328468366	0.408421478988418	0.28080723916172	0.239211656400038
0.411836402499252	0.305759691424916	0.369096533685101	0.227137210496082	0.334675837725172	0.323445564661914	0.369175732706999	0.344788060800514	0.42311487183348	0.385603776380492	0.158967011544601	0	0.193766981592317	0.420933903426017	0.309625979202576	0.33251843625747	0.53521100488844	0.35430023310432	0.501573954561831	0.361459993331889	0.286622049038818	0.416729512329888	0.563666670970171	0.425149442472517	0.557019954430866	0.537750204870297	0.524288538724405	0.506890001342404	0.417995128353137	0.462628558100365	0.500277179073838	0.588364860953837	0.512982187868385	0.703240138930319	0.781339823201607	0.761851325139429	0.887630773200924	0.853511454832771	0.57588203620326	0.754118299150235	0.806792524943371	0.294974218724653	0.836267311707259	0.682119426112194	0.514513940011348	0.543362929010584	0.403919007201514	0.435675539289311	0.539105485401826	0.497016294906308	0.831643621549791	0.49921937219504	0.344425157480942	0.244956763783838	0.321922254307461	0.302803864302597	0.467345157230157	0.304292776417477	0.430191273866114	0.241032789049723	0.35222657938742	0.301088494368673	0.367336084290406	0.325604443096778	0.459835715075389	0.324461681775642	0.205357780753107	0.0820005489536191	0.173934153344319	0.30867424737728	0.288602876713501	0.317855049020171	0.395421271497751	0.357958379911185	0.44545049712097	0.542542771041454	0.303716924923705	0.307993831341895	0.415687991201109	0.401461313298482	0.441509476718286	0.431677029568011	0.666242189956255	0.588500164195135	0.524354078782258	0.687398427308183	0.365337836906184	0.41597193672661	0.315472471821033	0.458965137121545	0.333893107702665	0.373013965628428	0.601858572474315	0.481556586288749	0.609955108584313	0.560724425131503	0.698767996237798	0.663601320683354	0.268090350760773	0.565310065239501	0.376807690351807	0.423035991276902	0.528095704513866	0.391130332624087	0.53735373485805	0.546617231546888	0.522303583175226	0.565403822526958	0.434165900562119	0.274695017362654	0.30583729877054	0.259322786692522	0.309063010182245
0.447770400990591	0.352833779774982	0.4791942662254	0.29455691434254	0.437348088540771	0.281282121545871	0.41261793162117	0.317697073376022	0.352787529982031	0.380419048200185	0.221011378692418	0.193766981592317	0	0.309849852460449	0.193425402939635	0.186047954387104	0.413124274592963	0.259746622858918	0.365059761450059	0.277484925874806	0.177043489442086	0.267719931127304	0.454691608774198	0.304432290526218	0.422101322245782	0.534799810478554	0.419863071246286	0.475617252954291	0.317701401087391	0.286435695649849	0.258620090277863	0.416650981687964	0.380484653867086	0.620770654400409	0.685677703609831	0.632230174936149	0.700329000612925	0.859650663751004	0.415255037881839	0.674784247489339	0.702660932213145	0.296391258022242	0.795842285735591	0.702971321845365	0.445567275550124	0.575903272650602	0.388766435976064	0.407740223646585	0.542628665384476	0.512491605284841	0.678617015375889	0.458471688540766	0.293346990661764	0.3417405686274	0.36186997735131	0.374578088518496	0.536823623778171	0.381099101278165	0.524505679722563	0.325036827080684	0.442431316307781	0.297833721953997	0.421885817489177	0.325807786688223	0.358737201215972	0.350393085527465	0.246759407329761	0.118478182372092	0.0305339662915132	0.425797040064913	0.151535546289855	0.164587296311775	0.364328934791454	0.297406597612185	0.483589191731548	0.411359322089429	0.227564416272428	0.180881905753421	0.277149469738213	0.343091924376515	0.392145731594972	0.336464963913109	0.606279236406856	0.480191996373204	0.414898924338592	0.59391333489115	0.384609949059946	0.325193896727362	0.167675285072132	0.282526549984979	0.249438113888962	0.359413045399279	0.536221909179534	0.349019065933616	0.484367231604742	0.520096816606964	0.654826700833008	0.583162089717489	0.196922576118991	0.515261028537303	0.36102128177884	0.453484852566454	0.419360346887623	0.421707007505694	0.576557258168795	0.528560172632197	0.522985818531766	0.647974909747365	0.449076717465575	0.360431146281966	0.406712028198438	0.283176330304838	0.392873208871137
0.797577371053066	0.729447273651874	0.753153653691369	0.485880748160685	0.634378191993528	0.469434864146132	0.565394853162345	0.472807282530257	0.470905656833269	0.522336534109097	0.319386637685628	0.420933903426017	0.309849852460449	0	0.203235158771299	0.4227380257653	0.290272214106818	0.271730145533653	0.429792224556134	0.475486357120445	0.361635570055342	0.38964900807266	0.581590106278013	0.467434833797205	0.611737618342275	0.643424490949209	0.643990394396877	0.448206890363465	0.55793166223433	0.495334318626501	0.543269986695189	0.575276225307942	0.60356007274817	0.785344270194307	0.776516497542526	0.798050847958558	0.826707017549166	0.957805689306311	0.67921702186167	0.826674758854205	0.86254905847964	0.621375821499938	0.916877496577199	0.694559475014185	0.577861303942171	0.662143574187958	0.552315635683487	0.54653130169733	0.632652857746842	0.624215610354653	0.808836288762853	0.575217021297633	0.524529165292474	0.600135617314906	0.575109505798599	0.509551935789236	0.896508659841406	0.758403460930294	0.762544958070407	0.5201352575524	0.65049099686933	0.480333291118696	0.596712129149602	0.516105966882362	0.463119622657433	0.52788905180784	0.33807250146356	0.317898252075355	0.340778773830972	0.432434044394573	0.321466300346242	0.364725691758865	0.339420523825615	0.306146216640745	0.563955500943011	0.472484926901035	0.403325759660724	0.365610562153006	0.435093853487889	0.536547517006727	0.565440723982972	0.537508200388935	0.851064852429138	0.70135172945199	0.643581509608147	0.797408438875776	0.456773341817049	0.567268085263286	0.389378566499922	0.641786274204082	0.456741667127456	0.616773260487172	0.649180186133949	0.576769289541161	0.809824655065363	0.749279801655617	0.885197514243182	0.784055031525446	0.569661322009528	0.692303962651137	0.497112170690476	0.577153919508169	0.680867003465279	0.640948189904737	0.707661405861588	0.770224702498955	0.538763144827356	0.681210785274748	0.586843945001907	0.520232679038237	0.631976991088554	0.556949223131714	0.547493220346353
0.513166033472608	0.445803484443968	0.523330686238247	0.309273478430672	0.500582302061683	0.210043607071559	0.325901851047668	0.238113620683366	0.266934522595886	0.279689382447487	0.240254399590704	0.309625979202576	0.193425402939635	0.203235158771299	0	0.241850394239012	0.24783108160703	0.16525327248862	0.237030827015001	0.283729791149341	0.198703292366469	0.231653147482932	0.602815033951706	0.341281141113345	0.440753492418445	0.613224895815952	0.501229843996923	0.477166269850947	0.311029927325338	0.464454720626897	0.39040845024618	0.412708431188704	0.420836170255484	0.698150660195419	0.625529517179006	0.722604372225374	0.677413025163853	0.992873897967619	0.437094676450664	0.653846888348467	0.727123903613393	0.406303835168095	0.907000311949091	0.453857709860999	0.386069159762535	0.408377470251442	0.285753320389375	0.304822708049861	0.427850995340161	0.38212741440466	0.613641792141863	0.325965511345925	0.434986013565353	0.35343808884708	0.340128503408763	0.29138417469767	0.572912334721434	0.451219582981573	0.53767089434416	0.316808432445097	0.507110136244654	0.208599536197539	0.355147732762932	0.288779904901306	0.345007885234469	0.259737018065691	0.243228908868101	0.205245411357804	0.192223187872798	0.391282694383012	0.141892686902404	0.17519150126983	0.220880258859796	0.171998104924842	0.331184261331734	0.318809123698989	0.24847936954192	0.188125241760733	0.246271363005644	0.449294921747811	0.450693446621993	0.394511104098386	0.58638634902381	0.485479388936396	0.507016230059894	0.679589932355667	0.357019683552889	0.347616610133243	0.264758315380375	0.455216096729821	0.300948220276326	0.387692153953302	0.471183312875177	0.373053355499196	0.590109909865124	0.480893825458569	0.628897468605237	0.64450239136276	0.416244566859923	0.631529452509596	0.265294885349559	0.332089327171179	0.49174844523991	0.393050792957332	0.471203037797581	0.480199134081927	0.369977510708067	0.484904760849957	0.339209399421139	0.374591887264343	0.360405763331374	0.339347143677298	0.287815412947487
0.454943153354253	0.379074705703851	0.35008585828653	0.286071821047294	0.42553186770412	0.158217936403413	0.310572709001373	0.180204888116057	0.230219562254754	0.22109613587178	0.35137152698272	0.33251843625747	0.186047954387104	0.4227380257653	0.241850394239012	0	0.314640498706571	0.245132859697758	0.216528196782507	0.167828582200297	0.158426024863183	0.132518556953129	0.50765711650897	0.207515386451348	0.246941974526511	0.455301715784255	0.210256163834883	0.616352811629439	0.279388210308819	0.480772566470739	0.324657685837981	0.347925976072678	0.218842558360755	0.500415464522741	0.541663096565398	0.74938154027563	0.72468092724811	0.731302928695467	0.28522664406708	0.556498682731817	0.539506691340274	0.334695137436657	0.710300759116674	0.632792438989574	0.301755998881072	0.443901736500369	0.244911990836084	0.436338974869974	0.5536512970028	0.375932028070184	0.536670586694776	0.33755571412511	0.416914045016205	0.293256711324053	0.326599438542085	0.38398456429128	0.387078472536765	0.374696854838036	0.414100590616839	0.319808382851069	0.450732960135136	0.20425805847738	0.303964492907593	0.199874683980494	0.242256498644227	0.199225793069881	0.443901033479623	0.30412225471308	0.217281690127206	0.616455351881344	0.276473393440865	0.0769832454157	0.299330837051221	0.265979379588436	0.321620788468729	0.299228011389144	0.174975580639129	0.174149909418133	0.140983504908442	0.349373589186013	0.288022498035609	0.213821877990085	0.464908637486747	0.276833274214437	0.229054926799816	0.475334428976613	0.49565973933652	0.289149751975665	0.330002661850646	0.358073083401762	0.171266946071289	0.193476467892298	0.371984566750907	0.425541521348352	0.464655346737621	0.351883077567899	0.429090010548935	0.362945862321216	0.322178595177578	0.432402349174686	0.35388195329505	0.432643455997532	0.307003760749785	0.322664583691092	0.347510241451752	0.486637679909315	0.549240895626498	0.506307994086549	0.288761747552749	0.427122672332719	0.306973797961595	0.319458528692505	0.390883849433257
0.703942655171087	0.656650284987521	0.650846951831064	0.545127435954806	0.742363570579318	0.409938214742777	0.470466235767874	0.353571311718148	0.385065099907117	0.425092090963283	0.453514479549359	0.53521100488844	0.413124274592963	0.290272214106818	0.24783108160703	0.314640498706571	0	0.17995036107458	0.207668283334372	0.336469202509805	0.356579269096539	0.263219502822955	0.463576774978947	0.335972144773198	0.452852762681693	0.531738434552182	0.486061770112371	0.611728004576419	0.46756316282374	0.493774763008657	0.493946251694701	0.421290673802633	0.41856512195427	0.568042446488335	0.696449636672346	0.725654936046515	0.731821634679465	0.781771263130732	0.431314555381828	0.647743210982579	0.686024670386797	0.604065304829673	0.891296118813726	0.669731263819213	0.453236962559577	0.607543950392258	0.455171952197517	0.534538943339032	0.613333136657023	0.531267820988676	0.612267439158586	0.435485939817964	0.557284915285008	0.588219397444785	0.569126403224447	0.445323014299281	0.689999709762487	0.655674746969459	0.670222384313354	0.545613195704683	0.753153913046975	0.424461647977753	0.498574665046801	0.381595590113453	0.360453655164138	0.404102834649154	0.494628633872951	0.488068981132776	0.454861538222203	0.571360833044121	0.28569239347203	0.300534425000183	0.250369868362168	0.203132707088919	0.338866694364571	0.24561059423664	0.293925021708353	0.36018742558093	0.244362566389917	0.396429239062874	0.558992550508555	0.39415364254855	0.640980017247447	0.477945546490626	0.491219768468037	0.667159095513569	0.55012030782855	0.503391448067588	0.411035825627055	0.54399741213756	0.318110687388764	0.449340594517188	0.503946101597312	0.568704607646982	0.681374855436477	0.537324267438662	0.610766660952545	0.601583549771526	0.589617176600945	0.667948835723906	0.455828786807761	0.542804999087076	0.506644540079422	0.581503958513736	0.561842160386002	0.650159333413566	0.56744150382482	0.626405522886469	0.42700204424569	0.546398309836065	0.553669971975002	0.536228762362918	0.486194442558242
0.579670863905655	0.560024205044515	0.552310930204101	0.39676474602104	0.594786200827519	0.268852380644771	0.35663582499123	0.200750242561197	0.241300723767216	0.279338285110696	0.35053897076047	0.35430023310432	0.259746622858918	0.271730145533653	0.16525327248862	0.245132859697758	0.17995036107458	0	0.112669726738364	0.192425868351637	0.170736484056416	0.154428156915177	0.322635200071559	0.209642859305377	0.358968936573068	0.453253033844953	0.435600250174242	0.476900704868327	0.34983430547638	0.397312762522113	0.443285044547443	0.443894222392517	0.391847120182351	0.528635854436172	0.608767075944992	0.66534964163141	0.662470366265744	0.857595667630236	0.396900104104793	0.647620955792502	0.749135246913026	0.493299770913054	0.940134289119174	0.607438771927972	0.437149270590186	0.538238525499224	0.351113974827641	0.381890983333367	0.484268885142557	0.473928216730624	0.618628568115157	0.335614100800849	0.365845093026504	0.413696170996595	0.38865425615199	0.296409197169331	0.568020021054564	0.548378321552391	0.573786304583243	0.373005451409364	0.606145378524123	0.274861151775546	0.377667066362902	0.234532988695865	0.225580010726829	0.251336698530627	0.395463382488458	0.29309598505268	0.284948864141314	0.51906852519251	0.198528493260777	0.217349150570391	0.24559401956934	0.0556556204891627	0.297312029474362	0.172364028141257	0.155883556819261	0.168444727112295	0.154852488455545	0.233239173855298	0.473844528755603	0.303645370474135	0.611355561480908	0.388111246894086	0.412833578535032	0.633224012455978	0.425970148898916	0.404184576933905	0.271661422911867	0.455867809426004	0.247031041024587	0.38675764841156	0.436877609403849	0.483245355814305	0.568785171298263	0.52938569544658	0.593512141082236	0.560475687110207	0.495177107937068	0.664252984784985	0.331989442654763	0.441775050327549	0.491992723148081	0.468594866316261	0.485808288384327	0.499263470516657	0.456765473473394	0.621448364852808	0.317494335748679	0.439610006501838	0.405985771679734	0.362862348890187	0.33918206100849
0.54881070015676	0.540720178962191	0.505142029292181	0.425555649867422	0.638137047671406	0.224236596553546	0.281627675311213	0.142341725974101	0.216258123011058	0.209152367369486	0.477954600024253	0.501573954561831	0.365059761450059	0.429792224556134	0.237030827015001	0.216528196782507	0.207668283334372	0.112669726738364	0	0.137707885929343	0.208222528306003	0.102782525951812	0.414407162379265	0.188808997215851	0.273078056276943	0.434700487422275	0.309898672854435	0.573957565897002	0.304814368458541	0.552282794416364	0.441717481802348	0.388727627012737	0.31159944454483	0.479118414928755	0.542010537573439	0.66890648064002	0.616572784579203	0.782527134672132	0.322383820767532	0.604330490005228	0.629252774239054	0.474540194042349	0.877642375201568	0.537027885033817	0.373869193982232	0.447655128404818	0.314168036723169	0.384505786613478	0.504152795179119	0.425790134487946	0.533020247012874	0.296401047232449	0.470943302621117	0.391782486248147	0.353564845354974	0.322467092174438	0.49464091306834	0.522070969138512	0.52227902319273	0.400529239572304	0.667965146883887	0.25855685467598	0.300696333251753	0.174395931429629	0.177948039359522	0.195604118466038	0.530503498833417	0.446290224516371	0.391615767413502	0.674019358540939	0.285304810486074	0.210450045727698	0.294982475786954	0.111098585442693	0.288344061027557	0.089453639043952	0.136193763896666	0.203222615118581	0.085593867429433	0.314038672631815	0.452932483437087	0.255808032314675	0.532838849698002	0.29809583336115	0.322362643802615	0.486708173293176	0.474818450997516	0.382450478082426	0.37565603381498	0.42549815030379	0.251273714949453	0.33972504791408	0.392009504556812	0.465866765656405	0.515492013075532	0.457467162293442	0.498176898968293	0.478567716267162	0.514901535703111	0.621102312106939	0.291374809604084	0.42002192136663	0.381196904461686	0.391948494248571	0.399594591521981	0.485964834004485	0.457472456123676	0.559597101485155	0.271953669651886	0.465521516253343	0.362273260985138	0.39616562269622	0.348032062459363
