0	0.121989451833769	0.15228379839017	0.196848703346691	0.287239924238662	0.571624785998479	0.550508033677251	0.414820871883653	0.404569069209738	0.272008715359861	0.288186601809343	0.209475267736899	0.279203889089762	0.653251935994488	0.558262463773414	0.55544510763535	0.282233442395684	0.461639363429403	0.465648341270425	0.256351755689136	0.420461697116867	0.467574789690955	0.405824726435908	0.260893418249368	0.346981212995224	0.378909202518816	0.207099194371606	0.428347888089069	0.142368093359401	0.301516663570786	0.377406097088478	0.750610681554203	0.350042897387248	0.568685157125173	1.02710188770911	0.387126637703178	0.290567023676991	0.554349651665891	0.390130512130137	0.296203250451448	0.577748845533302	0.320666760374302	0.505325006062222	0.468672527725261	0.364955625891768	0.401937555932574	0.43759452836853	0.260731051148975	0.311430934184217	0.322219412900117	0.370547436776881	0.287976174465913	0.212141876699013	0.696798163179178	0.447196865796342	0.245433118036405	0.138501960020234	0.108632505367713	0.138573394993077	0.258497491826836	0.329497656306223	0.449299494271417	0.620390801089271	0.367784414559045	0.694308847620863	0.236844640141992	0.142363636521832	0.330321647999803	0.432984163557013	0.679071320619693	0.656336737877061	0.623811823935744	0.497286438899696	0.502128946549534	0.78605232662711	0.426545092814549	0.330268894788789	0.436117627265714	0.463584674827376	0.240665019769743	0.533887170273661	0.339613386004728	0.369225836522143	0.211994951001387	0.295305283615085	0.671954219844098	0.389240137306607	0.162305854037898	0.544423451597721	0.530089759531529	0.838555009079055	0.25088134697942	0.75161626830663	0.334937875833297	0.31433839141904	0.330046967865991	0.322544468759614	0.53362808833209	0.35480451488759	0.416798594796601	0.190117081656388	0.244001494737478	0.373272529942446	0.296560559160839	0.285471676176232	0.244734431733467	0.151288524649847	0.224116290574245	0.231696561994105	0.294242239741079	0.634115862947491	0.606373481659451	0.135773375449211
0.121989451833769	0	0.175897488638544	0.125256219802914	0.173465042633121	0.422591359069991	0.428782702103811	0.247201200136669	0.335406341408828	0.184246219348165	0.163912729412185	0.137696521725291	0.220842224618235	0.655574038757613	0.556120806056539	0.480230544731761	0.261620868357494	0.47209470864967	0.294917028685815	0.213541787859783	0.377362895888266	0.372949100231818	0.518971404575515	0.287142490420316	0.285516741619645	0.454736931450154	0.21690544894441	0.446118732701838	0.229666793963888	0.395650551898919	0.441966383709949	0.723339780862214	0.323274129602712	0.542131632704126	1.08952987547297	0.45512654190507	0.490041612445079	0.654318792941998	0.456727529595104	0.374930271753116	0.675621676258691	0.413340904269891	0.536747319079208	0.64903069389023	0.485289045125059	0.562394838856066	0.549546034906524	0.420355607981356	0.474006048656596	0.459773751968008	0.562842004518756	0.400259204068308	0.318621712087829	0.684668636359441	0.427495438640158	0.336345722351933	0.283403107321587	0.06229685615023	0.113234579913076	0.191192656724459	0.173815258340123	0.318845178003941	0.495550060432395	0.246155052869002	0.520426347079258	0.176730039054654	0.148126220292345	0.285745816660681	0.354000002628736	0.636735322456199	0.600475751290513	0.580974732362621	0.41799059726453	0.44931171394735	0.694810240283368	0.295928036728756	0.242823514765923	0.367250444972069	0.39081251203175	0.305392389338758	0.589926886459428	0.380955340554003	0.354730444780528	0.232678966493207	0.298071892629107	0.583403525814848	0.301996643646345	0.268612322649374	0.490132730893708	0.516778560388233	0.814105191179728	0.254683758977289	0.769192184218121	0.471899147124316	0.452711730813151	0.451604350717889	0.382828644545956	0.608928140226672	0.407301744299784	0.444994716064872	0.351129815512587	0.392649254528325	0.470759199835075	0.442485042937318	0.408291321066378	0.436153856976376	0.304445950962348	0.376343100037299	0.36997247147119	0.465658293966954	0.627824950577067	0.674666483713622	0.210468645634091
0.15228379839017	0.175897488638544	0	0.0759603870422618	0.149147078909171	0.456122337889885	0.469617920624977	0.440935770224142	0.417659982191341	0.414094227981758	0.334668108543384	0.173770942852183	0.238381722841855	0.699623094133547	0.491048256692086	0.438341755609754	0.36062745708959	0.532341029451743	0.439567441116284	0.402780190200784	0.484737620981871	0.488751418995891	0.518876531567781	0.463971589186807	0.357329247743641	0.591869955304616	0.306406156048682	0.669152411875101	0.317618500209303	0.477468980713652	0.494697784568138	0.607353799393225	0.466797156805311	0.639251231342832	1.08130506839867	0.725854610323916	0.483814758100738	0.693849142964841	0.546512778303414	0.351935177267945	0.757690106987175	0.425573676488694	0.632840283522654	0.596833766339209	0.48630619845601	0.573379915462473	0.57470076577511	0.49218477233614	0.450628775839734	0.411477893797188	0.444140472658216	0.369269130197015	0.307062395781469	0.673437536853627	0.526324324724212	0.325045917791759	0.278877585142171	0.205677763508113	0.0518709856140204	0.102142728015411	0.198725042013891	0.434101360159382	0.51144425579798	0.46951348912301	0.64221332307435	0.40653660411591	0.175091979496077	0.285300865678839	0.362203266444719	0.5942748512203	0.614364398000819	0.533709058934174	0.379842560972152	0.615687607874697	0.679910501426748	0.432974871641893	0.437704616439561	0.46899985099152	0.476749683246348	0.366395150074647	0.539913583670352	0.511718909220793	0.399059414833812	0.322178093353758	0.35281015770694	0.630435722521173	0.487328332962828	0.338285715769381	0.531793162349542	0.548233214986399	0.771899555543978	0.343579498343434	0.765909208150753	0.528751583231752	0.487832313499882	0.409781893114191	0.504957193360729	0.666841772646178	0.446188172900571	0.572044431304694	0.364502073450459	0.404470176163406	0.473831089736217	0.491392932580935	0.486470147962343	0.432891955001398	0.379108120871503	0.366986794685974	0.334229382359037	0.462872785881039	0.558407659381806	0.697504034548697	0.244058304061003
0.196848703346691	0.125256219802914	0.0759603870422618	0	0.0933042015484267	0.340244357038572	0.390272991382632	0.364181087364986	0.405550296946372	0.372295908128903	0.305495619478563	0.175301783733267	0.222489583764462	0.76323115195492	0.487317229017375	0.357334372214892	0.32299757457658	0.600357656827125	0.380322410883081	0.377467377391623	0.415437674678882	0.374639481649669	0.622615163192707	0.4402065647959	0.271321031163958	0.57079811685427	0.293192041320329	0.609898362383499	0.34038477760512	0.437293748748585	0.493216577623725	0.616114101629884	0.419143400048018	0.600381470749109	1.02951228874127	0.632760442323681	0.578580788765039	0.685530862186648	0.496747033141319	0.387185606810828	0.673445576112018	0.516837592614079	0.657078118683239	0.674777058725197	0.514146702617188	0.661948202295994	0.616210177180518	0.551229829319998	0.545359295696421	0.515184388509322	0.549934369026815	0.44547322752417	0.38759683625269	0.700204329122756	0.480593868645253	0.42573903015179	0.38170784698089	0.16060777464338	0.0860981982678499	0.0635842642895537	0.121681830933699	0.319556368329496	0.444845032990925	0.395565321896608	0.616285755556353	0.353009626018284	0.187131289449531	0.31842173555665	0.339671145122751	0.611041951431938	0.557416873919043	0.500996180211255	0.354119134385741	0.61861521062509	0.643588887421458	0.394117652200471	0.34156482163703	0.435987493334755	0.41538430253463	0.395004707517316	0.613674029235521	0.492347688109248	0.457929934857125	0.306622978235891	0.344233867159412	0.541543056252094	0.425897832618737	0.356626282411675	0.51816823908579	0.523209219536758	0.768618964937658	0.328998860805935	0.739361058559209	0.559039979706478	0.517718950847897	0.429251904558899	0.511736013292742	0.628353962575225	0.513362490303024	0.623224814821407	0.396704833403211	0.474737676495018	0.505971039727249	0.574244719049317	0.541590268742566	0.451447854447877	0.451622594431793	0.439338780752247	0.425909011104427	0.525031207701627	0.669790924572293	0.681156138944354	0.310397720001981
0.287239924238662	0.173465042633121	0.149147078909171	0.0933042015484267	0	0.391347811255699	0.451015737017801	0.509141696530869	0.524283517047706	0.479616049658142	0.39299730508748	0.299777344390539	0.331350161126346	0.960609865352955	0.655095732889921	0.511782073175435	0.415400819385326	0.817045099734206	0.528553952316525	0.556744742968911	0.582563701504952	0.486743748121024	0.784985194671445	0.562295578159503	0.274285260963803	0.578068420629335	0.375533033738667	0.727274785366766	0.42620543649864	0.52442456301073	0.521641105409915	0.784345484507679	0.418354471727165	0.745773262020414	1.00349732974232	0.629889167271368	0.647467073043135	0.775121714989009	0.421090302599925	0.579764162347899	0.6576777321365	0.571691227143235	0.716605388628137	0.6864727695786	0.61228952366785	0.703034125961169	0.706327177784845	0.547455529094902	0.618335467516403	0.572742326059396	0.601477843816767	0.451634796532552	0.512755351256263	0.683458594397836	0.594897179271034	0.491505195825859	0.557668647065066	0.245506661460576	0.139831604659206	0.125244583190725	0.0405810354273802	0.380572844703947	0.467567952368904	0.520826983825049	0.732501438075698	0.472515952369541	0.330633200316237	0.473156251777615	0.418852406871743	0.766537799242709	0.696602124009203	0.660598050885689	0.45955430940654	0.797836865766987	0.784947615278685	0.558449855891987	0.495039594437029	0.660190883951334	0.644678270220389	0.580021095941416	0.640868368901381	0.650882933154945	0.648948786374741	0.453440608671625	0.520387311538497	0.697797292409863	0.61502611537509	0.50958449872751	0.580330270474972	0.649956728663633	0.884386604368359	0.414861027443609	0.692116569639471	0.658729589586028	0.651076675361609	0.510964822203888	0.639613275845593	0.735507667552646	0.628534945789082	0.653757624895327	0.502895392778017	0.525947994965971	0.685098501771956	0.631941257812175	0.662815131171103	0.554464405354823	0.507400557449282	0.56044061297688	0.522616739177579	0.608915195473011	0.673129139369568	0.719803087123078	0.419284134879563
0.571624785998479	0.422591359069991	0.456122337889885	0.340244357038572	0.391347811255699	0	0.108648067316248	0.3169364314216	0.435535153144222	0.448583673857833	0.325322286796328	0.457066897292745	0.310133039857975	0.726565225718983	0.322187815299354	0.256332943755251	0.36218096922202	0.684061955820717	0.436639114406857	0.516270458432363	0.320296805214693	0.210480611894568	0.811634585155109	0.582336169457326	0.584142377187188	0.69854282306714	0.586677686242283	0.654040537314219	0.599754693446379	0.54290625610136	0.436762900088872	0.514850171559924	0.44260548982137	0.608950576600579	0.893160654602193	0.765708686414133	0.672985701573972	0.574490141817969	0.592791349312683	0.604717371387395	0.677085076981245	0.51225223252905	0.62880307794577	0.870190247248682	0.647781462954352	0.789385426936178	0.786108450734635	0.721529004048163	0.736806638347261	0.728952389232326	0.61005149508137	0.659614797613194	0.653508876843969	0.641081380212594	0.478660832084905	0.61565736411533	0.705823438391177	0.461010029540973	0.416890008895063	0.308066388593579	0.38666877965627	0.0562405285059546	0.130588995715926	0.340522920693817	0.5573380120201	0.501130540513062	0.467777454281166	0.428172719472896	0.367200942007724	0.494289268429726	0.337885690052849	0.368272350211488	0.358081182108924	0.660952460431719	0.498143861198783	0.437414884110438	0.476455373418982	0.440451991883288	0.29375636516343	0.628367493130111	0.744344037035228	0.639678600947318	0.509125227683024	0.547232535181791	0.539937028464345	0.502521949806487	0.598476587649831	0.56567766224065	0.459167834953422	0.48746905388965	0.554774719887743	0.463409128357017	0.859959426636518	0.640904535055593	0.548948388066713	0.414387628328588	0.617512933324199	0.627058029776541	0.503041238123493	0.578925207298426	0.685671503858889	0.680494641646003	0.630158197449045	0.723774256898364	0.726161452199064	0.586507647071909	0.762712216051543	0.553010404931422	0.630885097769291	0.737149777819702	0.709082481589316	0.796670344717923	0.534199399673444
0.550508033677251	0.428782702103811	0.469617920624977	0.390272991382632	0.451015737017801	0.108648067316248	0	0.383610312363112	0.476081754473204	0.457730715831584	0.27831010977445	0.454244837852857	0.330014084089155	0.733416334135231	0.31493309974489	0.25468402306469	0.330140177012676	0.66043313275178	0.545924943218716	0.488659565003748	0.402349977062186	0.330396195109742	0.754630940794793	0.563561067014988	0.629997972564214	0.702320223030923	0.57667700459673	0.629390681347598	0.551776950268335	0.479716194551737	0.403264465193357	0.482907332062339	0.35594461916776	0.534761255445734	0.932640202693829	0.727134252779668	0.622909656255972	0.513799089555357	0.559545615954344	0.646693533189642	0.643788106905969	0.518902805283522	0.710554112802285	0.832401810906691	0.617350357492137	0.754772618300312	0.775145492128386	0.663136318720751	0.714516091767165	0.676483055743544	0.535208375535297	0.648898036370209	0.618828490946717	0.581881192820125	0.474350130338695	0.601024419113261	0.65928878174964	0.478202173906204	0.426420230335297	0.375862399784172	0.438535839068474	0.0844482190197746	0.0528970385293128	0.402338816075913	0.577464396716434	0.560932573862003	0.498992737253114	0.450237721239363	0.407046866441716	0.531587842882079	0.387395138808497	0.372219805958608	0.348092526571814	0.718632871222772	0.58402648040835	0.527373072228934	0.572439414307838	0.490594418809121	0.358816466361643	0.638355497114374	0.75662188286521	0.652072453708959	0.503161704304785	0.606359780384991	0.600644961563528	0.506981579393603	0.498002520987135	0.57384111028884	0.454388072046645	0.479408590884732	0.532074732899036	0.450431923927426	0.902497623227795	0.607080600605654	0.556289092398058	0.398475912315882	0.650246036944628	0.622673213908006	0.547368716745796	0.6465158898759	0.644824846624642	0.63557939342135	0.640325743009795	0.675464115095232	0.712235453072807	0.550494897790836	0.706077044680625	0.500856882535847	0.620539512296874	0.698807353480114	0.646435931828373	0.977054633381821	0.5132223599814
0.414820871883653	0.247201200136669	0.440935770224142	0.364181087364986	0.509141696530869	0.3169364314216	0.383610312363112	0	0.246283290362552	0.179742859705868	0.19343842659568	0.277195729256608	0.285045905085917	0.362903840089151	0.413211787262864	0.421757736097483	0.30681885614675	0.267399716099467	0.112149238840642	0.156367878651465	0.179562490969733	0.239425592722123	0.529763375117254	0.254603219822109	0.508077938664386	0.603176984330293	0.364170907468014	0.478468808019034	0.479324184418227	0.53103162355241	0.497357543989548	0.560546772756596	0.456800291559953	0.431328507335197	1.19012870991314	0.688188865101164	0.585217454649159	0.628554791723804	0.690094224455577	0.385666880314084	0.846095778210886	0.425255071564329	0.481259085067982	0.884719006169823	0.593298134281767	0.691739456754288	0.647249067183867	0.668889537377403	0.615413131773694	0.618237010494302	0.699502304180696	0.654258052071551	0.451609443025343	0.766148713042745	0.4481156034661	0.505158276639057	0.392415487915513	0.252630397085335	0.357161216463585	0.387613530802167	0.44452569757286	0.26573921930347	0.443646578812543	0.0796729659594128	0.437427935825775	0.230924199621732	0.282795868949057	0.249255711463721	0.387203588471968	0.433362047388244	0.407464089663067	0.448014860177706	0.465871268022908	0.220066323715267	0.629355115082821	0.148301323450582	0.226505898743567	0.202180935469579	0.179498001873988	0.36735503315509	0.624557965268246	0.324933261393026	0.273548272663413	0.311585493044431	0.267303900682238	0.511839493349472	0.318878115524336	0.402307386940542	0.447665194634492	0.476779128077736	0.674121510439129	0.373790259006072	0.911602760934363	0.581124857216628	0.480935545491271	0.551396978743953	0.372678587461727	0.605200121826022	0.335946024826047	0.420800603135767	0.617321107733256	0.633016843804472	0.471279902093478	0.619937107441183	0.492986433215288	0.626595783203883	0.583630650926977	0.462956998401127	0.55119620742025	0.667299849107453	0.663161907235241	0.839902765294569	0.391675709785223
0.404569069209738	0.335406341408828	0.417659982191341	0.405550296946372	0.524283517047706	0.435535153144222	0.476081754473204	0.246283290362552	0	0.239366498271652	0.351060633541118	0.24213330980905	0.426850720294718	0.538846016271924	0.591340147344821	0.527273355469272	0.355483216408381	0.287063612644477	0.250302845759301	0.226152479226658	0.301712670665809	0.357787633739673	0.365798114857811	0.321639045571228	0.452686284547107	0.644314204255294	0.398474516656339	0.560735428219229	0.392934206462417	0.686444116141461	0.605144073696662	0.727026553722641	0.47179186206404	0.674130433431325	1.1497600415423	0.782287406998961	0.518896297834251	0.631503174831844	0.631873591468697	0.560007347332835	0.915897017977257	0.395900864816971	0.635269545360074	0.715353812007718	0.587859137332918	0.550597716698999	0.685946033175524	0.474203566271426	0.450373132739157	0.418976203900274	0.511833301821918	0.427160018145721	0.41213434078278	0.779482595495937	0.575496403132341	0.2903809674578	0.313472777595403	0.276771468698123	0.367500731826005	0.460326872808476	0.528020612190283	0.372516143325598	0.562203824023239	0.208530060888859	0.403788115500399	0.297178579088292	0.363168211606016	0.381069937770338	0.568318369215573	0.660612199582181	0.629895999624457	0.579967683965786	0.505252614834852	0.332357383230611	0.517017036373433	0.211548086997125	0.261747803076824	0.275344766961778	0.308827483084217	0.373653358627001	0.454218113219669	0.436975260368936	0.449116789818904	0.334892542739895	0.42822103666515	0.715557160432299	0.436835700092193	0.462673895899087	0.735558370227031	0.710531165822188	0.881915443182453	0.47166240178456	0.947349028349871	0.647473130847716	0.492107733659099	0.506333886347506	0.557517637103861	0.702133337726131	0.363603055173876	0.448976012592789	0.575626161861551	0.464421526496817	0.469910899534478	0.465851158008262	0.512500940736479	0.471078427253153	0.510909802569053	0.392471479117663	0.406963495767211	0.593160546875496	0.589845641632749	0.90882772365592	0.265574619901907
0.272008715359861	0.184246219348165	0.414094227981758	0.372295908128903	0.479616049658142	0.448583673857833	0.457730715831584	0.179742859705868	0.239366498271652	0	0.178656209953371	0.244173329815602	0.330132395218099	0.536624063833051	0.506454500287194	0.542121479321028	0.312017576981381	0.347347707322451	0.212305553434823	0.120727625745032	0.269467126564917	0.337472462427588	0.501969546483782	0.253577315798889	0.344948432115302	0.461810140183098	0.292010572613473	0.300696324058695	0.307805617550266	0.450468773470253	0.444001677433464	0.753549623924991	0.467209324985437	0.534435159798895	1.04939448749386	0.491152069151386	0.469357036327963	0.527026995030731	0.593676497118282	0.410451231825565	0.708396405479144	0.335336017205573	0.368542827064564	0.743522771181234	0.496149596328973	0.52350986321963	0.470977268906949	0.484586089883433	0.554632816463754	0.578212001091464	0.657977418548167	0.622963337791893	0.406245689959166	0.579840262982276	0.399826176602885	0.456369912615341	0.275816365302205	0.172974349864548	0.332677129520879	0.381480646733971	0.4780168154009	0.322770355635466	0.531576974998381	0.157255222436942	0.463005835129033	0.0794571248666681	0.202307186614072	0.309615119472922	0.399386631029516	0.590451192848138	0.496539124609628	0.545393934827013	0.477846044378907	0.32059953405377	0.567444759737393	0.258407043543412	0.169130264153319	0.286457344835011	0.280279709135267	0.282649604343193	0.669680912801729	0.289900745989547	0.308138353369164	0.245893910212737	0.24013404318593	0.569635388699248	0.303493361442035	0.305881214368806	0.533165994588587	0.477303341094099	0.753494997882951	0.311764746569793	0.797555922558957	0.482554985540756	0.374568458641005	0.477760964315638	0.31834544402823	0.543554226517311	0.305199246813822	0.308140483383121	0.377446193579122	0.461135104680858	0.39772445748405	0.407436688377298	0.289639828633893	0.361084546059342	0.412481692025944	0.384397095915651	0.505764291904189	0.472453654518676	0.535756785194692	0.642481569027865	0.263315619088716
0.288186601809343	0.163912729412185	0.334668108543384	0.305495619478563	0.39299730508748	0.325322286796328	0.27831010977445	0.19343842659568	0.351060633541118	0.178656209953371	0	0.246563250890849	0.158423217787601	0.48047071774259	0.283105273151357	0.33734883638674	0.255507953326275	0.388853061994371	0.310843493862404	0.211222101777426	0.343107615604987	0.290848869818844	0.559028151871085	0.300100762672358	0.443230856279053	0.514752767993356	0.368403465979562	0.439010293209864	0.400502618839664	0.314313018437302	0.303682190821622	0.531075748149632	0.286724353076011	0.323064768957473	1.00702356647945	0.572450104454978	0.547072696458936	0.578812658406185	0.59131240578352	0.424392686457385	0.657099049702636	0.395919579214719	0.535710296197436	0.884173371831483	0.586061753449906	0.731980287195762	0.697896896662874	0.62712688321223	0.663614584425659	0.672599761358215	0.627361363663266	0.637597617315903	0.438080213733185	0.681818808009198	0.349662603924708	0.51236810178119	0.389064499447748	0.243282054218835	0.2302656086974	0.329169344088393	0.383699789961668	0.239949501384035	0.377460747795502	0.201080647007919	0.388963563648351	0.230179361093454	0.252539382221695	0.234941003644828	0.234766992229894	0.413664374776085	0.33540889968594	0.382579268064822	0.314608005942226	0.400455764555876	0.577313418821514	0.278887615604293	0.32909524198754	0.307235313665544	0.254723850193718	0.376827875472942	0.760676166844502	0.336925256705611	0.275593197616196	0.323344601675179	0.272885045905121	0.462705835947264	0.302733394076434	0.328209924931536	0.288879949418635	0.310830437834782	0.530943157495467	0.219130343480891	0.746133083777528	0.412045694804049	0.40428239944	0.400031347356225	0.323839686812304	0.546715846331528	0.313328395839439	0.380318100165222	0.499631914003922	0.574301401787034	0.512536336227486	0.579746574881466	0.52044542055555	0.475583648196575	0.52303934229875	0.410598524957238	0.550174793887612	0.547740141669939	0.569030349038097	0.792245912533699	0.371060527882224
0.209475267736899	0.137696521725291	0.173770942852183	0.175301783733267	0.299777344390539	0.457066897292745	0.454244837852857	0.277195729256608	0.24213330980905	0.244173329815602	0.246563250890849	0	0.191440236319031	0.495050725458151	0.472209731546639	0.40325163630722	0.268978916403001	0.284837610202874	0.264365202657264	0.199300822145002	0.334564654551577	0.414671240341005	0.321991681082921	0.296459383414014	0.40198183754606	0.632941162103527	0.300631680392354	0.52975474707633	0.28669408267852	0.483734817509693	0.51076574471978	0.549718551358653	0.435673811668797	0.539256726878975	1.19546133962867	0.648230001053624	0.501422118285551	0.663958097970736	0.651859015088405	0.423552949849834	0.841352184419218	0.395335403291555	0.612501815381104	0.705291244529212	0.536198109144384	0.601876811496384	0.630986009129334	0.51916450751094	0.451819982770619	0.462893917295043	0.549709368959056	0.440382655151227	0.26577135658396	0.745717910259009	0.541128069234777	0.297117754451783	0.207868821315317	0.118006194762093	0.15930279204294	0.222047497936437	0.282855446090563	0.395290831085436	0.510647249220469	0.319584355596915	0.517668048527126	0.280289098134119	0.13561363573915	0.153974606060068	0.297704752974135	0.522852915982184	0.5380069104062	0.454303692029876	0.369948548266988	0.344702621757707	0.538823895275577	0.269593847328073	0.246207518606959	0.245486288641361	0.342349076483525	0.193898108206737	0.482381364198838	0.325354018331315	0.289119387932704	0.195895475695096	0.261714276149946	0.606600448122893	0.258805831433415	0.281401975642439	0.494632494881984	0.46122048205282	0.701081399313652	0.269186629584932	0.802873232974261	0.478140654162812	0.376803593467861	0.417592951859764	0.40475617351779	0.581083320497172	0.30584596718535	0.492818891747565	0.460638500323295	0.392329000366447	0.369667009218932	0.475983554312572	0.429018000008288	0.439762709293688	0.416947101826352	0.327490168769237	0.368906330827847	0.410106747447602	0.576353725906285	0.863360049905934	0.167701266429909
0.279203889089762	0.220842224618235	0.238381722841855	0.222489583764462	0.331350161126346	0.310133039857975	0.330014084089155	0.285045905085917	0.426850720294718	0.330132395218099	0.158423217787601	0.191440236319031	0	0.441506617774126	0.176656413391218	0.200108034216043	0.272535734749918	0.38860950412677	0.375793657850335	0.319357576604459	0.291549998661104	0.34872927361577	0.44268145721772	0.321009345692586	0.457599216255276	0.557011642779225	0.366234149892702	0.620807475017882	0.477231174066898	0.313398288999194	0.255359113713362	0.299346009935518	0.319473174021901	0.357076233548351	1.08120475090061	0.657008291145983	0.466941445422323	0.549590087441619	0.58411701538145	0.393269141249097	0.613149495949709	0.307151253908404	0.429842670621603	0.864201186198392	0.516043378055738	0.715281143572226	0.675837880850581	0.701705160498307	0.606324235674805	0.659798764454813	0.535891150251327	0.645507225498384	0.379368731880206	0.649635350666635	0.419544448706802	0.515966102353888	0.378375091487419	0.263236521951412	0.187427226241716	0.204044767113469	0.310274705414542	0.280701337891039	0.376617342784819	0.342419341707053	0.59197958147701	0.329968954044253	0.215425370677248	0.113261907467473	0.059915719746139	0.303921479001854	0.238466505051615	0.243106383713336	0.214956776250785	0.430326566657278	0.509121733031983	0.356885042259507	0.37642020442499	0.241483177422251	0.265957539935746	0.283418229081758	0.586980090248495	0.293006080246069	0.26122360912308	0.276926746692657	0.188592804117254	0.460640517933308	0.344689135151201	0.369104857073337	0.224708472120488	0.181862378354873	0.403062951890442	0.165495362172023	0.744960483976135	0.384754256336557	0.285874964136871	0.275166205096688	0.301265956423765	0.438342492433986	0.209324480939568	0.354394344945824	0.563066295121338	0.548998221184943	0.380456371909479	0.603865594485359	0.524343144012683	0.523370219355112	0.616699362451907	0.350729262416061	0.545807553512177	0.469501710937515	0.507080409483622	0.796479068608701	0.353777636915726
0.653251935994488	0.655574038757613	0.699623094133547	0.76323115195492	0.960609865352955	0.726565225718983	0.733416334135231	0.362903840089151	0.538846016271924	0.536624063833051	0.48047071774259	0.495050725458151	0.441506617774126	0	0.361272498212715	0.502916591997648	0.540410955885374	0.212164407573763	0.427395513566938	0.411279003663839	0.32039043553273	0.692083679997027	0.393535834841504	0.467172192119509	0.966820423680445	0.793019044634534	0.750850717447662	0.744808819519528	0.719810120843141	0.62894321551339	0.677126957258774	0.351702884624539	0.786285591004817	0.471934746538047	1.42755999694252	0.917603771013926	0.568220283432855	0.729622521405389	1.08184847690434	0.4597965287946	1.07855339123448	0.501306666407385	0.617792536830932	0.971490516106071	0.697934186022463	0.787773741397504	0.748131204168897	0.877505883527817	0.622375571691582	0.751878790621106	0.723755307601926	0.906205626735362	0.484572172221587	0.896136051951109	0.564510570356368	0.682480399239731	0.483114241215233	0.652464418378306	0.673174429804738	0.741683940284316	0.896916373274742	0.681553177301152	0.716744872950933	0.424960228396465	0.66472940213155	0.539839356932713	0.473646446998806	0.24210857839788	0.469576343090951	0.278186247829728	0.380067980993061	0.358001201681079	0.598634263251386	0.192663028293613	0.701914688598667	0.384498049265018	0.573615376444026	0.284276961904943	0.358654328659611	0.364542444809116	0.697189539100735	0.319715536164178	0.376491178106116	0.436943493359405	0.412345457762098	0.627869448205934	0.463814265155751	0.497254390118731	0.489445971705134	0.426486750528145	0.46278603284074	0.546627156093056	1.10465715429204	0.48428465685285	0.378538848685342	0.539654501792787	0.336919210579658	0.478519147757634	0.284249155767707	0.497425587993703	0.849262642179361	0.71078383275732	0.343891040886242	0.689051793434171	0.504897768275374	0.779078930304801	0.803743862848181	0.460874447118347	0.60431233261232	0.626436977182905	0.59455152880917	1.03706119090947	0.589886931958952
0.558262463773414	0.556120806056539	0.491048256692086	0.487317229017375	0.655095732889921	0.322187815299354	0.31493309974489	0.413211787262864	0.591340147344821	0.506454500287194	0.283105273151357	0.472209731546639	0.176656413391218	0.361272498212715	0	0.138539148334072	0.398482062918148	0.439015703546662	0.520799905574812	0.497621783040864	0.325019603074983	0.40020890739725	0.581757095428527	0.489909800028025	0.710305127990449	0.717796064099224	0.699684012605011	0.730318424921054	0.691818988735012	0.386413812595612	0.350557493175955	0.247996271384582	0.539078204228162	0.341274752894436	1.09088060442153	0.85628104396073	0.597445766369475	0.604447756624274	0.819258923643528	0.478512904244084	0.684422012239882	0.456284897883489	0.59583748107407	1.05095293564358	0.655368972712096	0.908359172642251	0.839101175181929	0.9316354075597	0.798393757580073	0.883901674141357	0.58957677703375	0.923502262153933	0.628404921881267	0.760263797533227	0.491273224554466	0.775529289162549	0.605755231540101	0.591701343776185	0.456761915946353	0.421105108342864	0.639885140833552	0.327434511118804	0.36732531431407	0.457765123141316	0.623388729114679	0.537241806317243	0.421458674679943	0.220205688011153	0.162735017715712	0.137651423795038	0.0637959688895119	0.110905111684602	0.267597694389287	0.497972083405962	0.519520692819517	0.460253392184402	0.592700096515343	0.348427326929333	0.227934462230824	0.446243135373143	0.768866886164258	0.379058176741953	0.362116435606303	0.465488781035838	0.356775493169991	0.447194508457094	0.520754040342182	0.472540383151982	0.230191679102772	0.159830378835346	0.242969606225106	0.327106617709902	0.835429281197804	0.387786255343103	0.327339197214061	0.293100675651965	0.360420921280222	0.42099698349618	0.312786097531935	0.504116611546209	0.716297130357603	0.761829987208685	0.464668840344337	0.788773728357892	0.691259315934094	0.571787785628894	0.873282209417013	0.466445555424453	0.690321927665504	0.610321249339905	0.612767075575315	0.907752691770994	0.611766720946948
0.55544510763535	0.480230544731761	0.438341755609754	0.357334372214892	0.511782073175435	0.256332943755251	0.25468402306469	0.421757736097483	0.527273355469272	0.542121479321028	0.33734883638674	0.40325163630722	0.200108034216043	0.502916591997648	0.138539148334072	0	0.389740891709514	0.54045975831191	0.450527368600718	0.50677413309551	0.344068135624879	0.35350194169389	0.605946023819929	0.537084038064296	0.593626292204282	0.787878632379448	0.647032351957877	0.786878507514547	0.691607380547929	0.459951332010785	0.464996607747655	0.238545584809308	0.466265938092932	0.458435380668769	1.10961636106598	0.888726833999061	0.714968852730652	0.675452300304652	0.765565639712922	0.631852139864456	0.774913699640816	0.525958473425473	0.695679923668493	1.0473559021948	0.723347250577839	0.924622009561625	0.908982984765339	0.917279347758211	0.809468831939419	0.851308468609077	0.62295515677455	0.825798928133683	0.601320216866365	0.771716083598884	0.566950102102392	0.717315872829039	0.646264450626039	0.509867759661307	0.404948335271847	0.341988401530491	0.473079638862189	0.261552679233892	0.280540019708384	0.467833838140605	0.594915702690344	0.570057398388895	0.414302789140882	0.282334297009544	0.202775512849808	0.258311945724026	0.169305439083805	0.126249028037657	0.247961526263576	0.570634547764284	0.459582526055564	0.413547895120448	0.502949401692651	0.333861362318511	0.239660070064447	0.489090972319848	0.702523362921859	0.488075819861866	0.4345097131048	0.430820310481798	0.410652424717198	0.392410712268564	0.487957929993601	0.536990890059947	0.312970948755834	0.272201562911248	0.33463090106332	0.324246540839482	0.888691113634388	0.550573028788996	0.428043892680227	0.315058789667442	0.518459083400295	0.477323918311595	0.393607925098144	0.578029645412136	0.769595412780299	0.735628728230632	0.520441788906472	0.804559546990445	0.756120077265608	0.601756201290398	0.866595714453446	0.517153184579221	0.68362890841083	0.628463202333917	0.609684043453739	0.998190534275801	0.575681519383581
0.282233442395684	0.261620868357494	0.36062745708959	0.32299757457658	0.415400819385326	0.36218096922202	0.330140177012676	0.30681885614675	0.355483216408381	0.312017576981381	0.255507953326275	0.268978916403001	0.272535734749918	0.540410955885374	0.398482062918148	0.389740891709514	0	0.42695275620208	0.406696334892403	0.304287190606441	0.274379142312587	0.371181054437935	0.458620759271413	0.263688503098164	0.533685188665743	0.507864179910728	0.374390232807131	0.525171569475901	0.338913691073095	0.351977586209382	0.394705291959217	0.628914854757246	0.399281482325318	0.463385822863531	1.24485617439993	0.480975858826696	0.448665836712071	0.517475550368479	0.484546070494487	0.533318207254697	0.691099374212444	0.432658769452902	0.661728528006466	0.722463663571067	0.525561457574634	0.651347160848206	0.704600733442213	0.50702930240163	0.53790445608763	0.551019054820621	0.540765648729271	0.490712477712746	0.433605574051163	0.788974278055867	0.515350302844133	0.44241123140016	0.328562278840164	0.198676651883168	0.336379363782297	0.412228781224989	0.424658652112591	0.291456035704526	0.38156099462575	0.295860147443502	0.614218105192058	0.304301476336925	0.283169691332119	0.336991673553676	0.380859979220234	0.509793885232251	0.453130438260976	0.464057561472855	0.542204772040139	0.453883637310668	0.764576810718365	0.405156546234835	0.356855200702488	0.365015344186444	0.365144135323134	0.304398359088977	0.518024709899412	0.313959823536742	0.404762572473351	0.293582355856046	0.395626459042243	0.566365613141375	0.419393927852702	0.372759658717738	0.444950595928481	0.457877144091036	0.665678903893443	0.333678467541148	0.907550535375194	0.405560360151113	0.384780593127576	0.39115541060797	0.384235767348428	0.556964395237467	0.389426392897038	0.459150894986013	0.512889137325914	0.476053098620003	0.459260517555988	0.545819112744244	0.491152606598163	0.374039402927828	0.461049164565374	0.362871535656235	0.428619388054792	0.457914802174503	0.815812705241297	0.803230880076396	0.296055510972504
0.461639363429403	0.47209470864967	0.532341029451743	0.600357656827125	0.817045099734206	0.684061955820717	0.66043313275178	0.267399716099467	0.287063612644477	0.347347707322451	0.388853061994371	0.284837610202874	0.38860950412677	0.212164407573763	0.439015703546662	0.54045975831191	0.42695275620208	0	0.260282927285832	0.205204640636475	0.32429001655784	0.492167505194171	0.157510951564191	0.201741483847448	0.6907250973746	0.707051248287793	0.5207194214604	0.615655051229718	0.543111106190672	0.602086200339755	0.593431493486462	0.498075886232388	0.573214559080227	0.383274996878015	1.26062097081894	0.860369248647989	0.508344052375178	0.692306820024053	0.889574240212272	0.445207491463187	0.964640598712639	0.414842854360264	0.594488929096196	0.887363075593255	0.604989426279029	0.682125469446288	0.716136496758249	0.716918667579353	0.49131030800596	0.559070319704701	0.585285375838995	0.665104691527361	0.376045141781071	0.961013040413246	0.691391133171146	0.445944458649908	0.288090754882799	0.415940299736967	0.51621609148557	0.644277424963681	0.793680251019715	0.610199510812124	0.745987267240918	0.270926506153808	0.541361887494646	0.388752997409692	0.349101972855187	0.22629008929961	0.467225056818285	0.369758366747465	0.465398067379001	0.416371122703199	0.536698808244044	0.106873506827597	0.572631264752685	0.222403893439548	0.330661783181045	0.206576733324444	0.255276175364844	0.193778988174868	0.512226153210168	0.194082910519098	0.224523771992092	0.246193087788296	0.281785279101345	0.688159809840745	0.4097677021128	0.392995739850718	0.573385936770193	0.474768059504157	0.621647928856227	0.348699174598946	0.931080292029396	0.493108281344753	0.347287810423251	0.477179622764117	0.316818557213646	0.54870859198364	0.243119664888066	0.434467084012307	0.666536670347811	0.572902742181752	0.350969206092084	0.595314393608193	0.478457486320297	0.555324071166004	0.614433724980921	0.344711590424151	0.480677925948403	0.556375342574417	0.682103590432144	0.997294417134237	0.346068793627766
0.465648341270425	0.294917028685815	0.439567441116284	0.380322410883081	0.528553952316525	0.436639114406857	0.545924943218716	0.112149238840642	0.250302845759301	0.212305553434823	0.310843493862404	0.264365202657264	0.375793657850335	0.427395513566938	0.520799905574812	0.450527368600718	0.406696334892403	0.260282927285832	0	0.208300584409196	0.277582304219342	0.268985550653503	0.489199823113552	0.331427152974742	0.431426490399824	0.697816396599903	0.397018415870223	0.554782742786406	0.540438095838764	0.654272161776376	0.676900973015902	0.596696588362063	0.588960704789132	0.49083978051118	1.15677912681936	0.84890951100769	0.764824029176121	0.774541673588612	0.851865340002208	0.469050026613893	1.00126841005965	0.532544697090808	0.578868970095625	1.00736001198686	0.727162995594965	0.793774952814258	0.713634318032914	0.793104955445549	0.723477136460589	0.693217044750416	0.811949934751791	0.711213363032663	0.481281828069741	0.858073665636379	0.640491425704366	0.551080399251656	0.414358610684172	0.276211119455708	0.374671075601116	0.409071750490573	0.484134018515819	0.408993736417766	0.597459377364863	0.164060400053523	0.393081366471553	0.258943266497661	0.286090763307956	0.262477677355932	0.417909027937886	0.448831284420091	0.482660323729895	0.47700876527973	0.492062986803353	0.226652793402939	0.537788191417291	0.107593254962393	0.173979529256525	0.246679098129901	0.181071543378824	0.373591445301476	0.579964249683829	0.358137839738295	0.272841152803249	0.282247381688412	0.267801167310097	0.558919518075069	0.408829092235742	0.41639674494845	0.519072483471559	0.544195060930108	0.711295175556824	0.381744749495026	0.85321847725958	0.654790648615538	0.560364592655831	0.62524300565577	0.418959337759778	0.720411412824203	0.390715027248827	0.474865688845241	0.626284130804986	0.693679272425945	0.508637853844	0.700219450892103	0.546169050299592	0.605918551799789	0.642307177025363	0.542133186270061	0.616351851751972	0.692422232661638	0.664182549510086	0.830554369397005	0.417842917525791
