0	0.245074833159211	0.296758467068901	0.458403263884159	0.422574852079266	1.12575277798647	0.911134310366587	0.865799652520645	0.739603568044733	0.539002699307483	0.422979024507697	0.91295040732549	0.509103204526909	0.479047117315664	0.468583611591069	0.772016011921655	0.747730552135644	0.574021038498797	0.624117198646715	0.510181707536011	0.775172843397502	0.696627460495185	0.637142725722743	1.00852880803704	0.514796219563474	0.958509609661437	0.898217701375936	0.70151479889739	1.29266747820279	1.1262110376886	0.714313315326826	1.39291021209171	1.12324853252177	0.934323798537435	1.36263148103928	1.03880330978818	0.875104191139543	1.11359960102704	1.31090632188216	1.08016251225337	1.10677155826868	1.06075580552838	0.681716559803911	1.32829568167407	1.4535415835631	1.28613831798231	0.981954348937299	0.696864758117702	1.14613759756507	1.24616984907042	1.22947314152614	0.810300118474915	1.13668340684252	1.10392232556302	1.0141167181218	0.676336848468476	0.0979748079821536	0.204608984772167	0.324449356608497	0.401868149538347	0.258376438839219	0.917386841436321	0.791986721405302	0.873742856933613	0.974660484756089	0.42710614583225	0.549041701941305	0.404428704353376	0.471163513897467	0.467770837390168	0.573137250081669	0.820407961367104	0.47049909926425	0.685162236263215	0.662297558719255	0.643506580338223	0.458168679354473	1.07746535656903	0.654477532758213	0.527242004212174	0.879017051853125	0.824730124937972	0.357880891023449	0.547223046381359	0.834938610547987	1.10072803238545	0.588401911238439	1.1083919230852	0.851543465909213	0.740083050359791	1.21153312632415	0.995698126027651	1.27894461408547	0.777263809689696	0.913992393478082	1.25692695859914	0.518251756416132	1.0719915473662	0.959301457323818	0.739782738660227	1.24837241640744	1.16380492875683	1.38430249739529	1.16835763784745	1.02734614409835	0.607118392986066	0.417369714653494	1.30362681101293	0.795789628013694	1.01730874315244	1.07513895034851	1.12370175360869	0.500705935345217
0.245074833159211	0	0.42831168634573	0.295186226108457	0.275137490517932	0.880187007128549	0.752355801320305	0.739840755910777	0.701725438594792	0.373847317328449	0.462010112154127	1.16763832511167	0.550350135251506	0.569786676742097	0.46648174408371	0.7725785879823	0.793510432904676	0.423979379049134	0.393208178207397	0.429427668464948	0.534177942788036	0.535444615791685	0.52741624447457	1.06479678647789	0.540592985078069	0.90058949253613	0.995537506034771	0.74138659715876	1.21372643656186	1.27691700033535	0.829050467980056	1.59705797245153	1.25693923958656	1.0177016621355	1.37185998368495	1.16877639804959	1.12021665822635	1.31774392470133	1.52056792189245	1.1585590301042	1.25221981979708	1.24499673204459	0.656334287918729	1.54963174428376	1.67243142760564	1.53295431602581	1.00748468484971	0.828331005270604	1.37463794526103	1.37661686307205	1.38078776168258	0.821731808164139	1.37526908486485	1.32712257537023	0.959652094738554	0.405441242010765	0.224050047471365	0.086722631247393	0.424733307387527	0.336290446028098	0.166302840512513	0.876020020657772	0.647869305888805	0.683058367392927	0.681056560553125	0.253894714781311	0.550548660660295	0.366504576155375	0.373270810989497	0.448930012231616	0.533095711950045	0.763385095150262	0.600017499023789	0.440844173703735	0.579224615033045	0.398147711652493	0.289319736997543	1.14406809439939	0.421257158925102	0.552830606490756	0.911540944502891	0.979652787116289	0.366546777062571	0.578854220259246	0.947358882322765	1.27111596886234	0.68112100584662	1.09163948286474	1.07522760245799	1.02277373566107	1.45722508822895	1.27416096656317	1.3113934913171	0.997562013763742	1.2066723836092	1.4709672218134	0.593248506471861	1.19368078149337	1.11623849387404	0.77119419502247	1.32166813845636	1.36991093884407	1.53771391715941	1.39754576918418	1.12129998860471	0.702657763184839	0.464457878920558	1.42617940350573	0.759372739625552	1.26663678094704	1.25989787821322	1.10803964782042	0.370007911450394
0.296758467068901	0.42831168634573	0	0.212980993383015	0.451967483429432	0.911602039367069	0.627391006255035	0.703971621165119	0.646165974851729	0.682297192417246	0.444976889175119	1.03283671768187	0.641858558885068	0.682688359883045	0.60692892956326	0.858934407629736	0.871627949578699	0.756839197518109	0.687283228116806	0.56279793513356	0.96548033993582	0.570848412624831	0.826636620572108	0.906563250519068	0.489843183666626	0.838384109210746	0.705493579645145	0.586263540841416	0.954038207317309	1.16953873194844	0.731265019143272	1.2483704181364	0.790900140500282	1.08273730645407	1.35165083747267	1.03064418556472	1.05767088852109	0.982982665688872	1.15748861277584	1.23443575258837	0.903613997992469	1.15772199569413	0.907101283519972	1.35448289055659	1.28772526653258	1.27438662555178	1.09218238672322	0.768011698502735	1.15263895996778	0.982573426558141	1.02897143660894	0.656812718547359	1.25611197063707	1.05848312243918	0.880243315062118	0.634695380947406	0.384139062314055	0.479674926569009	0.149680842320638	0.27302923773711	0.320921040804323	0.877793258803516	0.61326129807411	0.73255845595229	0.815401569941587	0.564845996158481	0.622428661697613	0.508114557021664	0.6342365997549	0.769105936060715	0.707191973656908	0.920707976047582	0.444085281754791	0.870030958988699	0.450663251820554	0.68836211149	0.501671341420703	1.12671286515434	0.545013976021744	0.578636045280778	0.79688114647285	0.832362035036454	0.704615639018616	0.568503143762255	0.540517981618518	1.08994662524015	0.678609117857486	1.03339935198618	1.06356790012402	0.874684636424036	1.18464226903751	0.799473496511599	1.10515669570014	1.03716406640235	1.15930548234356	1.12961556867466	0.887975298207554	0.899935526059831	1.14512678941059	0.851383215286415	1.29013075204619	1.31623223720022	1.24031561909216	1.24994662631545	1.06869524864124	0.836699983663146	0.548858259850572	1.03535868926359	0.745856183823224	1.00236838995168	1.10881091682661	1.07390003219573	0.697040642231497
0.458403263884159	0.295186226108457	0.212980993383015	0	0.394868894671852	0.769388949054996	0.507578301132751	0.60750762323326	0.727621573747743	0.465209783404806	0.53661915618359	1.25119668631548	0.809614738650922	0.70076276297349	0.647136053064777	0.965494472494362	0.965585078526102	0.692088383680112	0.602234329093218	0.546218820164435	0.783754468136478	0.633679643815369	0.692344980148918	0.975651977635265	0.560261512495243	0.837652838859221	0.835765478415264	0.745440835058795	0.953283275578128	1.1226754608955	0.927197610841726	1.35200026722315	1.03438309489596	1.29033081483598	1.36371111987478	1.1677094850184	1.19574910602921	1.00952067748921	1.23843834471865	1.26358680684262	0.960119938136512	1.3142932519973	0.966891784278295	1.36155694885917	1.35726572711709	1.31658442207298	0.958585438687389	0.763425543350242	1.12647623271342	0.954466668858535	1.00492461200441	0.600033005714357	1.34897850703261	1.10885687557376	0.80415246216789	0.425547498643382	0.473082284081121	0.369305963310437	0.321753609822111	0.126509090187573	0.310213827212645	0.922674579843269	0.492911156899945	0.630030059655991	0.607083450300432	0.407168220122408	0.556238188563337	0.543841937496934	0.674658391155739	0.725878792418559	0.709620235296982	0.91492323848438	0.577428129276402	0.761528792555439	0.541705438291209	0.581892881859305	0.488856852935613	1.24909959469885	0.48051833838602	0.615340392830862	0.763939325281973	0.902956502646236	0.764535172082788	0.660751662021223	0.633013971762259	1.10029230363112	0.799762081230148	1.0319579655048	1.10703810152955	1.13171428998151	1.30211965700192	1.01660227051962	1.11440916861196	1.06651711236671	1.220098640504	1.1563087436178	0.885166278788231	0.94252091938468	1.21192616304759	0.969106913147377	1.19614528252438	1.29726285670261	1.24162531619357	1.27725289182061	1.03563844844002	0.806286603715986	0.576486610581765	0.992933751804518	0.524517028305745	1.19146033055929	1.11339807348325	0.939907025385918	0.53031888558789
0.422574852079266	0.275137490517932	0.451967483429432	0.394868894671852	0	0.883211433881368	0.692301904844168	0.685095920080131	0.68242324299397	0.580424676219897	0.687432548536412	0.964404096300765	0.653028383839295	0.705270923752305	0.554851063568965	0.876610562090974	1.07081431117107	0.645810052959001	0.677101136393962	0.601746697094228	0.787087114256068	0.558834146130432	0.756863184540117	0.840504205394963	0.51007345141965	0.883182795426946	0.921270508782009	0.918633860866062	0.994280268139682	1.06527810347006	1.08941270271163	1.40270769856511	1.30498517511355	1.05136431433628	1.37445724091309	1.13137618317129	1.13843000735	1.10528970647085	1.2752782016295	0.918198013079005	1.17278982204598	0.941475565591168	0.769631309373378	1.26288134949324	1.36195733411646	1.19907857868067	0.775362353248783	0.856546891016336	1.09161688679189	1.02337795493615	1.14041401648096	0.829634029725445	1.12498725976807	1.03187997667367	0.937003033652724	0.413568414006568	0.326824615208922	0.291566730584893	0.50584871786295	0.464126209221878	0.105235327155803	0.873746872466067	0.597868565538915	0.644045838204097	0.71767358077715	0.414485934816729	0.693356304864113	0.292973413434225	0.511250808269264	0.494531845256334	0.693739613267986	0.893645582931031	0.672375689909811	0.626928960592689	0.772985596167277	0.554583296981426	0.60200685677805	1.05497021505659	0.5794594199245	0.622017398623734	0.745978018535061	0.746448320317835	0.555098829852482	0.733933278397043	0.797998903943649	1.17204642203879	0.940920870227054	1.11326221342074	1.11320711333371	1.19364866446308	1.33481673237034	1.22166767356925	1.29580064813476	0.920336588829129	1.13056764001833	1.31601488157094	0.609296809038844	1.15707939422678	0.887650453622069	0.862948522905305	1.20161411759353	1.10123254089531	1.25816633814805	1.04776285816947	0.853717232730495	0.831403910186339	0.675705019489318	1.13689853673716	0.730222790131129	1.00019385235241	0.971099367470097	1.06613870695687	0.44445298804002
1.12575277798647	0.880187007128549	0.911602039367069	0.769388949054996	0.883211433881368	0	0.329349011325395	0.493879087901184	0.758152959270791	0.818453710658706	0.76669708506637	1.00930840401391	0.974342078978757	1.12196768268096	0.680700280691229	0.914973279298125	0.819133889164394	1.17122443560605	1.11660814067384	1.26869263967111	0.651395653209801	0.800687360084791	1.41634756209167	0.956644908500385	1.30284889087164	1.13802604595606	0.910332242385544	1.03050579746883	0.823194430773159	0.921344420596831	0.970969497607717	0.786382305204646	0.98297624074478	1.15220406090894	0.994744596214119	1.18886490516924	1.1896884074062	0.759145887595148	0.90614807483272	0.82864212445727	0.845292660524914	0.819162734075001	1.09615921021208	0.769630903356762	0.716383829546493	0.740472535303605	0.99524273352221	1.17315714089423	0.950734648113155	0.752119216086859	0.75664705788257	1.21552307072157	1.04975678270949	0.740263872062981	0.711740680274292	0.766979633188223	1.21046979476812	1.00553306296872	1.10746284542181	0.829035493320786	0.965598936683796	0.221559685762855	0.360344839077738	0.46872481960012	0.592460876283707	0.826885288106997	0.790625429888873	1.08671712409288	0.940165944472605	1.06120116700102	0.658921759714352	0.857518769100941	0.947991408188021	0.982989640729412	0.94889341777764	1.17028825971346	1.15338584337105	1.11891107832979	0.745695902069065	1.2222730687322	0.803707296657552	1.13143730047628	1.32395924954063	1.34955427997497	0.878652398691588	0.861247790410587	1.15901382485801	1.21935017814268	1.05303498364634	1.16426790905987	0.985549882892169	0.993517844091031	0.838472407293483	1.13193944677298	1.06933783986427	0.749085198510728	1.38074738550539	0.869369121437777	0.895719798904992	1.1514499336779	0.811291199954438	0.895833272271676	0.670596128120066	0.805193347242375	1.1126273976244	1.18942373789555	1.10101957273767	0.661085593148479	1.03623003170879	1.05410933682177	0.901993084575891	0.596536930764554	0.953537627485082
0.911134310366587	0.752355801320305	0.627391006255035	0.507578301132751	0.692301904844168	0.329349011325395	0	0.240482013159011	0.589360452916372	0.565672295356594	0.624333907944744	1.01862845141784	1.0422869758916	0.952109540235922	0.568241377710207	0.919775511331685	0.677770094036384	0.918563223282732	0.892288182187611	0.964884611311427	0.677527605129771	0.60175195146	1.09754045753895	0.886959855744849	1.15364747889392	0.966670499450353	0.737061642901443	0.829719347782522	0.892647356219894	1.06141950652784	0.875128679526151	1.02379888147842	0.899082684078106	1.12104889390656	1.06828241099641	1.26550794612299	1.02253597677338	0.723483294090178	0.953150952588707	0.902043655110915	0.905584835413131	1.08324668424588	0.948265934667388	0.926428099845054	0.906340153933226	0.911219480000152	1.08492522210197	1.07399796505452	0.940893551150689	0.825061443047428	0.800615841892309	1.07561697456327	1.20033735349279	0.896703642361252	0.817809232089959	0.713428152222194	1.00566409570494	0.842756184064574	0.835247225810446	0.597474462279383	0.697106342341963	0.46758556128658	0.062058062360598	0.325535637793649	0.504191223832019	0.657683395838027	0.717856049604766	0.974326540237221	1.02455814284084	0.878204821589555	0.652129899785263	0.932847835513591	0.741056220504574	0.784667343729439	0.78383772168702	0.952911788367598	0.920681025931937	1.23755055010044	0.676759281529923	0.945744109654157	0.817902249820699	1.06486323657712	1.11981127769629	1.07545252944922	0.748905470577997	0.732165527917366	0.997788157645117	1.21682298653887	1.10138554204704	1.06937554017842	1.14361839795098	0.979846182739038	0.908819909701217	1.17961400224255	1.12702581655498	0.922952412053248	1.3830230788501	0.908740381005343	1.07811316225723	1.06634719520543	0.941779418991859	1.01314527010497	0.901332546161077	0.986694885021637	1.2719774542443	1.11189781745067	0.91662480654927	0.840678208858581	0.999124413459285	1.17627047461388	0.991554868577401	0.731723350579041	0.778572985946019
0.865799652520645	0.739840755910777	0.703971621165119	0.60750762323326	0.685095920080131	0.493879087901184	0.240482013159011	0	0.545429724291966	0.460082930695114	0.655736140412635	1.08044950239637	1.09405687261101	0.858656900374635	0.592291230671983	0.961717940326027	0.74550033224921	0.669773693368424	0.727233299242242	0.887153882693765	0.644455060644157	0.461160688126917	1.06614504567349	1.00149627551367	0.972665907975643	0.918642000751192	0.763451769405174	0.87483469842467	0.888306282793478	1.16262503233784	1.06977356915976	1.2213239181407	1.0575468492788	1.09902087348824	1.14014033214193	1.34088559154572	1.15729351923366	0.894103433570982	1.22312592823071	0.863955105599346	1.01410917469535	1.10436062492808	0.718907677493309	1.0932453244717	1.05428269910079	1.02959835674921	0.927295356672912	1.03514817245623	1.14390618143078	1.00101533318035	0.974256978201631	1.15805816600808	1.22301999797755	0.958123829823767	0.754371926188062	0.547352243849152	0.921682625181295	0.780868309852192	0.853830891535792	0.586026494079632	0.661117670204829	0.558316396477587	0.237181976235776	0.160707656762808	0.333914142551506	0.594898811004486	0.703428947132424	0.891442632166652	1.03297415697733	0.848644603254186	0.648531685981157	0.898472766264464	0.891587124505706	0.541537647847155	0.857249119406383	0.618658957537438	0.78854197276998	1.14042627893272	0.673343196135549	0.94506143856008	0.822629738543242	1.12381579174211	0.984528028175264	0.887219480329306	0.884279181033528	0.978452397823463	0.906979128883841	1.04161981517442	1.17532348916766	1.18497263368986	1.31862700389719	1.10877394493212	1.12428555351407	1.12057780991049	1.19580538743677	1.07884545319409	1.11610281612559	0.969134466808293	0.998739270348368	0.925523118238852	0.887299435192286	1.10590003352878	1.03535565030666	0.991591811810351	1.06737978390998	1.02500540669519	0.859094055800956	0.985456409840678	0.880924065830269	1.13877705571787	1.05282717745888	0.727210199065305	0.573071030878789
0.739603568044733	0.701725438594792	0.646165974851729	0.727621573747743	0.68242324299397	0.758152959270791	0.589360452916372	0.545429724291966	0	0.665033879362638	0.62243485547895	0.940409953422988	0.878772697942218	0.84084899574513	0.751690827942012	0.857767643341051	0.712482761082668	0.715390203862259	0.712892090625782	0.608698072434946	0.748247438535263	0.495805154234078	1.02084462268388	0.872219037491165	0.884398645389155	0.977902269702672	0.778325533919584	0.548387171187305	0.886860720561848	0.973696532979596	0.857990799605487	1.20742667254981	0.940977096754177	0.90059576069581	1.21773152084979	1.00999837916781	0.962259416744824	1.21494479358211	1.23089210630745	0.969713267200151	0.945307910909537	1.06201636519571	0.74988452726387	1.15551741775589	1.20169608702082	1.1567275776076	1.03944681247451	0.910330532523325	1.19434101398476	1.1826082590808	1.12950455027381	0.876498671001184	1.10994407297924	0.958936346798844	0.820166738703898	0.746773305112487	0.828101917180218	0.749066696195218	0.657718249770996	0.608145049238958	0.62624444714879	0.821450646359312	0.552783015009251	0.583978958721867	0.596176166908285	0.684792380498769	0.748317908893634	0.782328806151107	0.820033080374098	0.734908780057597	0.81562871888405	0.838877258520378	0.725852324532191	0.728505328655516	0.768060672952058	0.693640435789151	0.596569628830183	0.906415280956264	0.636621622712673	0.759293387995238	1.04673148096726	0.973309042398216	0.742334566233922	0.713367682123495	0.918663602399732	1.12456188263347	0.562885012146867	0.826163149919369	1.06195089377302	0.909280191970661	1.11733988982346	0.852280429628387	1.14434744900054	0.963797681891757	1.01874755243385	1.10328088619378	0.793596883420164	1.08329222474575	0.942237936856433	0.76245748191087	0.995070019547576	1.05717556072218	1.19118506486317	1.0754130188735	1.0262493736835	0.891526802101089	0.701079253169727	1.1119019144506	0.840498646473435	0.912662090909558	0.982451873540441	0.840412874023671	0.730999568154716
0.539002699307483	0.373847317328449	0.682297192417246	0.465209783404806	0.580424676219897	0.818453710658706	0.565672295356594	0.460082930695114	0.665033879362638	0	0.548772873740531	1.1490385396147	0.919841316168604	0.536003279350382	0.55248128486814	0.880030319906251	0.760664895437716	0.486380441637665	0.547975903579886	0.424661192541773	0.624711953320401	0.587403801327323	0.618192253457017	0.979252337207123	0.710169233795676	1.07818692298589	0.797550138388301	0.624427778637039	1.20662831714551	1.17665673983678	0.920865277190092	1.43477723074749	1.28867372116584	1.12945576092706	1.21717479909836	1.22612775442411	1.00453675367297	1.15703886015726	1.41917416768694	1.09908197308707	1.23304088670255	1.17257223127808	0.556658038573824	1.17899641393832	1.36142197520704	1.16490802122394	0.814674368186307	0.691918282135613	1.1757272567717	1.2983419200294	1.31974690274056	0.880594399696491	1.16371490073229	1.11196530876696	0.72539296018384	0.542825364406512	0.53308357281801	0.322806648173472	0.715945375854788	0.378293501873995	0.483452232249482	0.867948982464852	0.547032805824263	0.562047200184693	0.46389437862927	0.126096842527128	0.516843346176278	0.642619844182485	0.755418775873268	0.565073167295252	0.628543898889691	0.7046890867161	0.748879668655404	0.515356879920688	0.778302847466297	0.488542221961725	0.499909150635862	0.960764886339924	0.55626172959845	0.5849606701469	0.974025592125828	0.899357089395306	0.502709902486794	0.526605032731922	0.853560104183605	1.03856358389682	0.477141345825586	0.950539254851902	0.785828390257811	0.965288083897555	1.19705726502534	1.13070831761296	1.32828554335205	0.700142718296187	0.942839124871082	1.28854435932419	0.606434733817802	0.996284324811705	0.959767184840288	0.605640775324531	0.813070769087237	1.00689745878471	1.26509772790534	1.02248100140401	0.975651625370041	0.475972417908788	0.425963536677204	1.2762880953918	0.599859673704326	1.09940831647575	1.00956226205634	0.746950757289825	0.330342378229191
0.422979024507697	0.462010112154127	0.444976889175119	0.53661915618359	0.687432548536412	0.76669708506637	0.624333907944744	0.655736140412635	0.62243485547895	0.548772873740531	0	0.790684269455044	0.524032701268822	0.54790519953188	0.41446450013423	0.576209295776438	0.505331882581762	0.630192437584332	0.664142184534806	0.632568677271505	0.71810240944714	0.512861693022214	0.861508421792259	0.90915836664669	0.893212464254088	1.12120472048109	0.80528248544511	0.553513573622944	1.04691984907208	1.11122980060894	0.462275048150217	1.1968947870977	0.818736879100491	0.869010190685209	1.26980472664878	1.05941409354155	0.940417077583191	1.08657452900732	1.17314381584898	1.11837328194498	1.08557570144286	0.975903106431383	0.649222896036407	1.15936317583378	1.23908662189814	1.09753302281861	1.11932056840599	0.761333118433858	1.16478327956412	1.20136535853411	1.13217741901037	0.919851533571883	1.04559665005964	0.947424754707089	0.770650839823984	0.736855366777677	0.440559947605128	0.42970048771353	0.421700400627047	0.451130733937475	0.532167764478877	0.621129004056215	0.552927913042701	0.558237546382096	0.780191198329759	0.414721676207666	0.241445041555098	0.569384077658066	0.545706680767959	0.567146759329449	0.516782106291946	0.675812088855507	0.377409946864967	0.786714304540541	0.519351704301932	0.684677989979769	0.492408106300244	1.13435157522387	0.63699120690225	0.640151047546968	0.958871787842041	0.965257503736988	0.574891278292358	0.752416094755604	0.809633565708868	1.06920477907576	0.588497856927996	1.07582669018667	0.783329583270146	0.690305706489291	1.08216580632891	0.828686858756234	0.957525689161024	0.915102984171376	1.04924917699264	1.13294455805788	0.917551765882076	0.991757496677592	0.942375106367179	0.638767503097865	0.991746623795985	1.13032187327587	1.22195991489978	1.10641735823155	1.28041485762348	0.727760674988106	0.469335493525971	1.23383870565153	0.904299453285475	1.12386422133206	0.986820770407255	0.880398829520724	0.56923129989232
0.91295040732549	1.16763832511167	1.03283671768187	1.25119668631548	0.964404096300765	1.00930840401391	1.01862845141784	1.08044950239637	0.940409953422988	1.1490385396147	0.790684269455044	0	0.515811058524115	0.675876715102623	0.852253564172838	0.706428982802786	0.938801082562962	1.07815407384062	1.29731426956772	1.2107084437053	1.13590274923739	1.08712787686	1.21686303469885	0.735165220221777	1.21091248384687	1.42250248127843	1.19473822819083	0.996143862328917	1.09756113108571	0.437016331887683	0.650424034031336	0.509169180341307	0.811303819808831	0.510679083494683	0.948845470545461	0.848908091435616	0.727827776460034	0.928593716393288	0.66557899104315	0.630394855871906	1.00723407938713	0.436817678357752	0.999715725131436	0.593827466878251	0.68541035268106	0.676637921508295	0.995981983487689	1.1573739069961	1.00557887224948	1.04484958647264	1.02943349162618	1.31429932997596	0.371616342727387	0.421643877810398	0.767814298186625	1.30236164904894	0.86884158095349	1.07764560773901	0.961186478528258	1.15942838812969	1.02543638965646	0.769382063027284	1.05636093210405	0.991503591860331	1.1233918834092	1.0944706411169	0.866204789930564	0.758025933224969	0.664078411413378	0.76436244551496	0.832470557901804	0.778395136343726	0.71346730393654	1.15504690899372	1.12857879154117	1.18458943720267	1.22765426983583	0.65552415850089	1.17678073873254	1.16081564749519	1.25651607984916	0.685351529811064	0.957221153689784	0.971561553282024	1.15557705104387	0.713223603758611	1.00508814071142	1.25322981147685	0.462230712267463	0.490301686657585	0.446627901795833	0.617588655350851	0.901612083798312	0.700519093425482	0.697745918225813	0.916567906909226	0.930231822438918	0.941354318451428	0.64920425974921	0.908680519193521	0.857247781374628	0.702920532352257	0.757295225594212	0.643188757202536	1.04459772629338	1.04760164364699	1.19420412671077	1.07496954190815	1.25926177652197	0.556744190358035	0.399875828881165	0.731862196844398	1.2417759783012
0.509103204526909	0.550350135251506	0.641858558885068	0.809614738650922	0.653028383839295	0.974342078978757	1.0422869758916	1.09405687261101	0.878772697942218	0.919841316168604	0.524032701268822	0.515811058524115	0	0.561089004776173	0.568458692530342	0.317040082749613	0.693876106520164	0.621017112785398	0.697391737587825	0.767168566435939	0.726166648610503	0.698213545665265	0.839835106466735	0.91085558072998	0.8845984030604	1.02618969714776	1.12585302286294	0.769240291560766	1.18542895541371	0.856910940983872	0.356698277777602	0.981750727357546	0.72542071943945	0.572956370081962	1.29221379881304	1.00404886779059	0.911102637007386	1.21284493692288	1.05193014398513	1.06348873481348	1.07181357625393	0.7607610193073	0.791591920607589	1.28204138131297	1.33870095726563	1.31593551075067	1.26470854861955	1.03760609248199	1.39992165465792	1.34778638819092	1.26944414281016	1.11365702973098	0.91749404363082	1.00128710799164	0.868797102302571	0.800585005576125	0.459413363439788	0.572466754243791	0.530170435850938	0.728501157191748	0.521658221369359	0.77920228387048	1.03800381798521	0.934669447440948	0.919109573096729	0.723801257995795	0.735344497243848	0.430541200239653	0.138156914325887	0.564982413637684	0.542739492881244	0.542694422870722	0.393403042382983	0.679038338612226	0.598746835376956	0.704952037533569	0.651273239310776	0.833755135469094	0.581372764298854	0.812234407950589	1.01745979124109	0.905294750561566	0.5775569506596	0.726714065411938	0.976106459436763	1.22410073251575	0.806973866008228	1.15905869244129	0.849401764967662	0.525096645523806	0.909699357621002	0.826621205931629	1.15025193116124	0.946222927516569	1.07807354898959	1.2506798648994	0.875559683473175	1.16152616706668	0.941132552211385	0.744739087745221	1.3267118435958	1.25728498543867	1.27372510399238	1.22311382129228	1.25001098002064	1.02240215136944	0.884761194208856	1.32679322583069	1.06840454584516	0.905015236036272	0.948823223013759	0.976698170531532	0.827996388713151
0.479047117315664	0.569786676742097	0.682688359883045	0.70076276297349	0.705270923752305	1.12196768268096	0.952109540235922	0.858656900374635	0.84084899574513	0.536003279350382	0.54790519953188	0.675876715102623	0.561089004776173	0	0.482990936979862	0.583907737073542	0.645263908960172	0.338837582467956	0.556589791574947	0.607595285891475	0.717509213488423	0.737294371264161	0.481994616540515	1.00160690478225	0.773613350489544	1.17559936810341	1.10636716766841	0.828982955522147	1.44476700703673	0.859267845704739	0.731904746876004	1.12733693265262	1.05296410425704	0.844082618432276	1.14372650999624	1.28262594007177	0.950934409423329	1.13455956307068	1.2347522490555	1.05990706921049	1.21838584299413	1.09221700036264	0.615143108693309	1.23850172412611	1.3698003410685	1.25388281662722	1.14474445274891	1.00576282084799	1.30642023455416	1.41779453447565	1.31339874221091	1.04595114203804	0.973342410938948	0.933869530128312	0.972289825270926	0.824143872392073	0.441170972264275	0.44893980121609	0.697516809812234	0.614205322897282	0.556294358819801	0.915245333089537	0.920126819889289	0.853634120914603	0.813842304367467	0.537315909144499	0.518926909899729	0.589393054030203	0.453751684632144	0.400765069487572	0.4573937076688	0.524982759011453	0.507775047599895	0.551233641871884	0.850548423413854	0.602677647657285	0.552494091227281	0.820536466624437	0.697889797921471	0.694596943493556	1.04618180285829	0.885190168838767	0.408581979705491	0.542829300972338	1.07784158023477	0.955116886780872	0.638355308028016	1.23711129596977	0.545088089268302	0.656313058619083	0.960074470373027	0.97126430482858	1.15465868050736	0.749346460009335	0.95902994634309	1.33784455425097	0.734634151734633	1.13938629964353	0.983482304661368	0.573854575761602	1.08809535489753	1.10183302027248	1.2831722545486	1.08003370624118	1.22319072610194	0.709332312979349	0.617319751980398	1.45896190317968	0.931001865266322	0.960155648751726	0.828243484365255	0.935560069898665	0.568849307968597
0.468583611591069	0.46648174408371	0.60692892956326	0.647136053064777	0.554851063568965	0.680700280691229	0.568241377710207	0.592291230671983	0.751690827942012	0.55248128486814	0.41446450013423	0.852253564172838	0.568458692530342	0.482990936979862	0	0.577070080143289	0.45864037744423	0.54216074000078	0.630783011476316	0.777960566365518	0.493869764404699	0.629396158142404	0.749037154815618	0.963412800843511	0.994068246551835	1.1613764722297	0.923154592950442	0.93816791293389	1.37074933974312	1.09618726923464	0.724312223095112	1.22774571665089	1.18573725250364	0.948772820806986	1.25091813573941	1.49419060112504	0.983212953495291	0.925615865659282	1.29075021276525	0.968154153871406	1.21433958944532	0.865476113786294	0.598235602653157	1.11602976148036	1.25631082925442	1.07013836954202	1.05669304796264	1.13364601427699	1.14877950701067	1.22809114759041	1.24831825121921	1.35401303900768	1.04591611543516	0.961695570429539	0.922313703120616	0.72851136889669	0.497225994359447	0.442065846117077	0.756452028796548	0.634089855209413	0.498129867754615	0.518637386382865	0.546068898066972	0.638115522500728	0.659117790310955	0.55910279158708	0.522024814631331	0.537861976702028	0.461254410894048	0.508460903908159	0.115354547281951	0.53470624274804	0.538802966715678	0.507310074054543	0.779467479882509	0.800965191464012	0.727300798702559	0.912436064882787	0.646028421250688	0.817416449041918	0.880158827664468	1.06231602313543	0.629470850484463	0.928951958957339	0.943250222368645	0.974996103554661	0.878489494751567	1.43238302570611	0.839116588597226	0.817677340382066	1.10895670820798	1.22195756978309	1.1573043777523	1.0144484214672	0.922195869862157	1.22638684250793	0.970119439724797	1.18150801094331	0.788477874235865	0.698768777541661	0.992810783691084	1.02337261076832	1.13321094014437	0.960925306411562	1.26298213549949	0.871436466693281	0.705547791897276	1.25783216169952	1.15271289396138	1.05439312925635	0.940584975682142	0.911244133233521	0.58319649166336
0.772016011921655	0.7725785879823	0.858934407629736	0.965494472494362	0.876610562090974	0.914973279298125	0.919775511331685	0.961717940326027	0.857767643341051	0.880030319906251	0.576209295776438	0.706428982802786	0.317040082749613	0.583907737073542	0.577070080143289	0	0.425822227047441	0.570774118468983	0.56776791139298	0.804687157824472	0.685308154637336	0.557065579434529	0.815550166920771	0.846953518450928	1.01634379197082	1.11161504825364	0.903687980403931	0.917334614329244	1.20664489061367	0.9420754252366	0.429129406857178	0.885593115218876	0.710538942946478	0.618445929836603	1.12986824286339	1.2319542038777	0.937046048562009	0.971065770943712	1.11615768324717	1.00420285599529	1.01956092491297	0.833584675277246	0.680812519742337	1.23634532721838	1.17743128501537	1.19663678513479	1.19940351530081	1.20399642020507	1.33406090516503	1.29314112467591	1.16622776543609	1.30140300845954	0.937781355357944	1.04607197691643	0.883255796707971	0.761877731304578	0.718794441553619	0.750951712184343	0.728214838139609	0.804827896015593	0.698221535525414	0.691586695723456	0.949243259720784	0.810389006373772	0.820175701662583	0.747525875875792	0.796080232991705	0.685266541679374	0.399117301952755	0.774389157569263	0.518215144520313	0.317589888935136	0.399897702234758	0.596803295477487	0.617275259812112	0.70632828084957	0.733969096578027	0.789938908686058	0.63693714801293	1.02159665892361	0.852855450990737	1.0468303563554	0.642747947043429	0.823654466933335	0.969060126183689	1.22199524181012	0.911763426184745	1.29231087972296	0.949841456159459	0.687919374926557	0.85883630235039	0.983923884976574	1.04987904106885	1.21278133399863	1.13280595297601	1.1860021060657	1.07298165185364	1.13301005100466	0.987407789018133	0.699374894649919	1.09870703660458	1.2138805490948	1.09385517708492	1.14820019175736	1.34770348474179	1.16736865084924	0.984248721989913	1.19043202174853	1.12213365955991	0.989010356554532	0.982800240507958	0.828543349557196	0.696950327823592
0.747730552135644	0.793510432904676	0.871627949578699	0.965585078526102	1.07081431117107	0.819133889164394	0.677770094036384	0.74550033224921	0.712482761082668	0.760664895437716	0.505331882581762	0.938801082562962	0.693876106520164	0.645263908960172	0.45864037744423	0.425822227047441	0	0.62503109639706	0.526694339190686	0.894349658207747	0.669389637926369	0.655023072978294	0.822852403238016	1.11932123032185	1.04686511060015	1.07328002909437	0.894671769059256	0.770418874625946	1.24272620084894	1.16938267365952	0.510933892966272	1.10808540335207	0.766615676674559	0.788785599336415	1.05033529126266	1.3124934200317	0.844034917108103	0.902841084783654	1.20415854790997	1.04527155411293	1.01242026511071	1.20277504975854	0.705864152170737	1.23330944391197	1.27848915762431	1.2575575336594	1.38606741480964	1.12647722141525	1.30887784676526	1.36225040013478	1.14874126540576	1.25748573516738	1.250218941323	1.26463696165473	1.12528534755751	0.828174780579594	0.80753318144157	0.780554334845964	0.927297316624168	0.849170588950173	0.843981717861805	0.636411088735227	0.685971730203468	0.67220690207217	0.748920171521326	0.799874522120295	0.671728997895891	1.01411705338014	0.74432047014917	0.818635584759709	0.351618176723272	0.663238410212695	0.551844315910742	0.617914195017323	0.559708068808555	0.798872156839608	0.717485911965769	1.09475928166589	0.712798119279547	1.02145099387823	0.892968694949989	1.37195689971522	0.695698865188648	0.813895621640696	1.06548070521152	1.06059552155025	0.813451923860689	1.25146445189721	1.07654778799108	0.726387953680535	1.07933818391561	1.05972244298501	1.04621820549821	1.24009017911229	1.04071451428436	1.1261634313184	1.21232484117855	1.1541219048493	1.1436889520878	0.805769066139183	1.0538689076125	1.24584274339027	1.23672903329037	1.26661060512438	1.61855672033883	1.06990711602902	0.804866132991652	1.33342322208209	1.198731474631	1.3235356750661	1.25196324288349	0.895978481426021	0.666402120974801
0.574021038498797	0.423979379049134	0.756839197518109	0.692088383680112	0.645810052959001	1.17122443560605	0.918563223282732	0.669773693368424	0.715390203862259	0.486380441637665	0.630192437584332	1.07815407384062	0.621017112785398	0.338837582467956	0.54216074000078	0.570774118468983	0.62503109639706	0	0.204244162228509	0.439173425337486	0.434584736797509	0.368136995079324	0.252775478122705	1.05778982367797	0.749848296878523	0.837793794435886	0.955253304226558	0.853549102758049	1.3282101056817	1.38245718046046	0.776825513951657	1.4951747069619	1.13914163591702	0.819922466506956	1.19054506538493	1.25732472575833	1.05508764213567	1.3352337485795	1.53460280774133	1.09962757379589	1.24055300271432	1.28089844992117	0.38086165753987	1.65504932290207	1.70535845122079	1.61597408159228	1.18868631517685	1.10221876870605	1.56934113393174	1.61084537909324	1.46503435792219	1.09704691519821	1.35623118781779	1.35027912948882	1.18006307828528	0.59188843454053	0.467872963644092	0.403637076267052	0.715463139018217	0.655157317348581	0.45345640561199	1.03372876754744	0.86879960259914	0.690244790314195	0.603639174039815	0.50476600133954	0.743057361956957	0.488590140648618	0.487929678488052	0.430175448177998	0.596785679874274	0.605768429584783	0.697543178676871	0.156542098801394	0.694398393029435	0.28298267101332	0.336201340333935	0.813876833112031	0.439938483067449	0.56005675563331	1.03473392811135	1.08558074994023	0.301620087534635	0.484875016674268	1.1116251894511	1.23932180337659	0.714022693386822	1.1125628315361	0.989195216890835	0.876184700547449	1.3855928184432	1.29542412992046	1.22583671600839	1.15546339997959	1.27549450700287	1.58634707101984	0.770298462700379	1.26556141288408	1.10186313899327	0.470953833044344	1.40066455725673	1.47028383091016	1.58141805934926	1.44394796397377	1.25428307940094	0.857231378660756	0.735432990549242	1.6275813972743	1.00891254066055	1.1506132503141	1.2968471908065	1.1334790679317	0.39252544401187
0.624117198646715	0.393208178207397	0.687283228116806	0.602234329093218	0.677101136393962	1.11660814067384	0.892288182187611	0.727233299242242	0.712892090625782	0.547975903579886	0.664142184534806	1.29731426956772	0.697391737587825	0.556589791574947	0.630783011476316	0.56776791139298	0.526694339190686	0.204244162228509	0	0.382535614721748	0.49999813587613	0.376878659494829	0.43474584840268	1.33428020052687	0.573388581166946	0.840248578065296	1.01965813616886	0.781827490557171	1.27979578369373	1.47694816496809	0.759143177011095	1.57650978314253	1.00132714675572	0.982913072516679	1.31004780108319	1.36319168419502	1.24786375145142	1.42104766940749	1.66008492191431	1.3991640691054	1.3068858271239	1.51373687916089	0.608723243155394	1.76693290464762	1.81701592529349	1.75049831372666	1.31315972472676	1.0712870354839	1.64079753120829	1.6140260266525	1.46955440524668	0.893897383518296	1.60907816894721	1.6406913788162	1.12140321442244	0.504677244918492	0.488025383348339	0.438165048672843	0.645385489399183	0.603335810855013	0.442185623812607	1.09018425803812	0.851649885100612	0.615975344120259	0.606532960255511	0.524470663344111	0.853821713305959	0.631628928174146	0.507555454999894	0.671932702912222	0.55871401037037	0.725934441407894	0.671911951178682	0.236617828467726	0.428710489127251	0.193331508360075	0.213065149552586	1.0732305138326	0.415467998508784	0.775040815260669	0.879893853166658	1.30003919069938	0.379450240882433	0.412565426152643	1.03702205942978	1.4373561410985	0.749331000022385	1.0686872473686	1.33920454097899	1.12089128997867	1.59092673468255	1.31390675004282	1.27543122477112	1.32403913221231	1.48734215049372	1.65374984288912	0.863677915678051	1.37817090337944	1.39632712067753	0.779987442991333	1.41244720448329	1.66601028472143	1.71188653810483	1.63841099995381	1.39089380070763	1.04137515560255	0.755310180814959	1.55930523897974	0.842822723261871	1.46645965847644	1.50079538737714	1.11734457695155	0.42525542480089
0.510181707536011	0.429427668464948	0.56279793513356	0.546218820164435	0.601746697094228	1.26869263967111	0.964884611311427	0.887153882693765	0.608698072434946	0.424661192541773	0.632568677271505	1.2107084437053	0.767168566435939	0.607595285891475	0.777960566365518	0.804687157824472	0.894349658207747	0.439173425337486	0.382535614721748	0	0.812831980304808	0.57901908481893	0.468767956146362	1.13232186708988	0.501420297928586	0.797278969658816	0.877908669502228	0.407088658301545	1.12880009168958	1.30128082064916	0.792103949153736	1.59114237781625	1.07718594879055	1.10274139497266	1.47556705058622	0.96715761822213	0.985106106119182	1.42556005673154	1.47629626657822	1.42963731280354	1.3279640290735	1.32997033065908	0.570163882073416	1.51929625941803	1.67479429989784	1.49847555374947	1.04669453915315	0.55787141463374	1.23461532425139	1.4487414429658	1.33408973321471	0.544838949110317	1.34063722585475	1.36320178572205	0.979164389399228	0.638933275379794	0.426287072475577	0.390676393626592	0.493719270696447	0.51194306235693	0.398352949933127	1.24075606635321	0.903156955882707	0.871713500511555	0.722901815774498	0.360201357734496	0.686984213600262	0.475527474557869	0.659014834296258	0.604335227592515	0.89691827119545	0.886948010750535	0.662819998980613	0.566162201701873	0.508806419384261	0.382003882779431	0.178821499328857	1.02662956125555	0.518094490314891	0.405179310386228	0.930149786658362	1.00300187643179	0.387347598359174	0.350969615405618	0.82400432152425	1.38646486174292	0.34661058094287	0.702731611959081	1.02391747362993	0.984557158367321	1.34017219806085	1.1326083702067	1.3518980039625	0.88127825849662	1.2188255316421	1.49815827242261	0.535909838787509	1.24336577517165	1.19287539658077	0.59659026248876	1.1976508109014	1.31595001292947	1.64058510221711	1.3828546086682	1.06608143301124	0.581265208295985	0.448774252602953	1.45183208033854	0.664244984853014	1.16662940221973	1.20205308815843	1.17014717932073	0.429145965789634
