0	0.518527862251615	0.19532643014867	0.469828067530593	0.73491018645345	1.06180872354644	0.893174464616156	0.928909143607092	0.774092383304197	0.803630533276144	0.53792794894548	0.685063803075646	0.612013408810232	0.689981500621143	0.889622561238538	0.678826463932938	0.812188977451836	0.647865204052794	0.693976310586698	0.948637447684144	0.823804607164099	0.656839752620197	0.567454797488222	0.817414376420333	0.878403840708519	0.97339722323816	0.587218087166488	1.04275693887905	0.947871359989522	0.791157808153711	0.673647545416296	0.693965258549778	0.81027770176904	0.840124232859788	0.965613950753749	0.812388014352923	0.709586155693778	0.846592704761364	0.811644322906085	1.13410527927614	0.868722472027324	0.673088927204022	0.638644379213408	0.984455023331344	0.82678320056686	0.918424068915898	1.028888256844	1.00726406223526	0.983709139047419	1.07899363734192	0.778620177863899	0.940950115124206	0.76788770962061	0.799503426674825	0.853630375734574	0.832528420652751	0.143898459823903	0.463485253820164	0.176562358766099	0.368845778447616	0.472119040300279	0.984824037578352	0.88052797792303	0.981141568290278	0.764684344168124	0.828835830436756	0.734525119615572	0.740567160454364	0.474040237239243	0.755835588688473	0.784932307037118	0.684081163419963	0.714861748020272	0.804928848178602	0.659806968866197	0.694288616946009	0.564574360435377	0.583008766456903	0.613449820373188	0.798098524913589	0.909140083962959	1.04349695352067	0.858887507936784	0.72479137464182	0.679989527756147	0.887862805693193	0.903343250651618	0.94848222678782	0.869280644727071	0.820569472702046	0.734164478813429	0.798364835956999	0.988522212455881	0.911050664215254	0.843207445882814	0.909118763315587	0.833722301162716	0.897054877900771	0.663693607887354	0.527869958094867	0.945205348312236	0.992479543823334	0.988273353737442	0.870044494136422	1.02214365146102	0.8704343086049	1.08864890772008	1.16229024932244	0.880213995138303	0.768489560760765	0.784890597377431	0.793054466776119	0.824304768794164
0.518527862251615	0	0.441088326287918	0.309779082141201	0.315368143862196	0.632153780544374	0.604589628187852	0.517737457316283	0.630549893741915	0.373743424001441	0.242904718231488	0.699728803058468	0.576478033498727	0.519371734891248	0.587561824769436	0.534188677065928	0.699870811989948	0.493006625675089	0.443123886783692	0.734098753694665	0.429978860063146	0.455365251146418	0.593445820455102	0.912988238365896	0.859406388979989	0.957099494433533	0.439526123647435	0.836603786928618	0.697004460825167	0.811664857908031	0.673135794810392	0.874283337553373	0.546515167167813	0.814477709814125	0.791284026344381	0.96168719147129	0.962929031764424	1.07176981573509	0.98292495664729	1.3647326237084	0.966726705799045	0.922359778219213	0.764804490493277	1.11268446653737	0.854328140893665	0.944601085913229	1.0361703679736	0.855716250640868	1.09772113706999	1.15887041705724	0.972935592920451	0.928850625189814	0.816857117786327	0.854597501613527	0.771062647512301	0.311278955031724	0.608823350473702	0.105960066358815	0.563696520887693	0.307226445300872	0.260330083094784	0.504853849247333	0.515953630467305	0.56932415894959	0.560421908462146	0.40841352605271	0.54082792375027	0.507542456177198	0.446634523870974	0.540223807116571	0.536493016424822	0.644073392743566	0.557386572955191	0.521778714411983	0.540967798449765	0.646127126614618	0.455626308924841	0.548597820979486	0.537349974871903	0.777168333134736	0.960564470095246	1.02586870113561	0.89497337062647	0.64353963198762	0.563348321626779	0.9816534481546	0.795222847925429	0.911733143863287	0.949831890163593	0.774648241934939	0.828502132395253	0.75422188888293	0.821400282242338	0.788499379385086	1.06711475902112	1.06990041181503	1.14778093129752	1.03544346847292	0.912500385309891	0.784499659968425	0.84305227893254	1.16212380935561	1.16176161693275	1.00050863731868	1.07101804079457	0.930794050717882	1.12171445860914	1.17122580557025	1.01953970562241	0.778670010293255	0.820142031186295	0.769327950355706	0.531523841219836
0.19532643014867	0.441088326287918	0	0.299723007944884	0.394233623471882	0.812043753798434	0.630490066804823	0.687733917241854	0.673061135114801	0.595809011159794	0.449321230364599	0.651687178308369	0.5646841276037	0.648455210514005	0.713330359229958	0.552194808611079	0.657853372952852	0.578003701216201	0.668754787964945	0.831071538115742	0.62467580303059	0.501770183626845	0.548123332791515	0.858701669348846	0.905692292004559	1.05337587521543	0.55425790056226	0.992500918480586	0.894460047371023	0.690744781617475	0.65031568417542	0.73734807879548	0.697748113016888	0.861615412946841	0.974079676367549	0.829101327516005	0.750801003265891	0.78629821675567	0.766945762807162	1.23805292606548	0.865760783548471	0.668635556206078	0.71927974014363	0.965122043915452	0.750763198848214	0.803155267218219	1.07569967168285	0.886902346274861	0.95633640371152	1.02110020743779	0.748850594899799	0.996968981101543	0.716913970353679	0.697219885588968	0.76409153533888	0.657187182753051	0.268458763101938	0.361247384668336	0.0795224888488991	0.192684948774127	0.233903115267285	0.801225446862111	0.618954492995172	0.721186813719088	0.545316586176303	0.622293879136223	0.603542941538386	0.547568015061712	0.430683977687466	0.720857082925755	0.598235498138109	0.678494261612627	0.672034813409758	0.613768299874487	0.528487263676942	0.691821696980077	0.468531829759246	0.555234711286886	0.507030965406031	0.735764674734116	0.841264347869255	1.1197833872596	1.00504258969595	0.720237576948399	0.638425117046164	0.968898345856599	0.80772985521447	0.944400830020799	0.794279588437113	0.777295024806348	0.821512355070322	0.714287367770775	0.955938978787779	0.848939634785024	0.85889693686355	0.817936799835308	1.03192482254969	0.929229601540281	0.632452235251214	0.589460985975456	0.863110935149964	0.920375682618487	0.956172056812969	0.745605597111134	1.05489418091993	0.749051938759094	1.1324871964971	1.05149513756977	0.877208838068545	0.758909390897748	0.740917084089034	0.582342862239372	0.649064147029643
0.469828067530593	0.309779082141201	0.299723007944884	0	0.379677380472467	0.794365677882365	0.677098422309044	0.709350811832517	0.669874165350903	0.552526171017062	0.513522444090352	0.814814924265154	0.739616515366322	0.714737972190804	0.818536792157757	0.508805808613457	0.711032445555237	0.656471357915859	0.607653178554488	0.881750947454062	0.611037239054817	0.500633342858802	0.627581118855233	0.856401423041696	0.734550901146596	1.08497914948579	0.51814256319978	1.02950677588592	0.729432048028187	0.821710521473844	0.731471552743537	0.731403760802109	0.584306871129996	0.897039344047775	0.919140650632797	0.916898902146882	0.907040765661211	0.84496576542116	0.899230464879367	1.36640930011161	0.834375406617146	0.971310130933004	0.873042730832529	1.11522775785626	0.832474647867832	0.932562319278641	1.07477339391913	0.932991880498193	1.09066037404862	0.993711427856127	0.874713136208806	1.06390852430541	0.88997100685198	0.785178937261776	0.755912392104385	0.564606844314432	0.552124799811197	0.32611825019822	0.345179653980848	0.176652017626613	0.279716951680106	0.7714960768723	0.662935889533066	0.687760661075289	0.64341947097556	0.581187210384152	0.561846515533065	0.605303745027109	0.583122790985652	0.778360715476597	0.737244647872112	0.672290883001882	0.619107735837232	0.599490250811499	0.535814340253703	0.724030801632493	0.709747014446553	0.663170928429133	0.558378931687907	0.743319762817475	0.797229311566081	0.864416692081007	0.979581418324375	0.712079097181651	0.472371436228649	0.925536285282247	0.899758107807644	0.792491157278192	0.8623989287667	0.805985007675495	0.827617700267331	0.627919467897469	0.925442214565016	0.902945970654213	1.0157553056223	0.88694464838847	1.11782759162698	0.849563527098396	0.846234500711101	0.848404632820124	0.90684998077573	1.07608394570974	0.920496651604173	0.909284250381188	1.0127660591454	0.876533693416587	1.05796868192257	0.942464158308135	1.02666115543402	0.844651951871745	0.804731820235534	0.708062700022217	0.562487231463548
0.73491018645345	0.315368143862196	0.394233623471882	0.379677380472467	0	0.401225890212928	0.448169572498564	0.445476109671879	0.79205091709054	0.412155968518423	0.435059131073231	0.635001657672016	0.554092876024966	0.661486144966469	0.48576520545407	0.514285098870305	0.628652106946556	0.683295395398794	0.710296471083442	0.743601021540799	0.461806282913076	0.553852353844958	0.806402839744911	0.97639394423686	0.985518875098588	1.07075737896424	0.639139283851515	0.783171078327199	0.793104540342555	0.656313398779555	0.665487454093851	0.878154841361105	0.529157879313535	0.807253263240459	0.850285373182002	0.90977902172729	0.859247081588322	0.836584476105513	0.781288647209149	1.29234399313848	0.945621088069137	0.731553206549789	0.949991182202162	0.831735606235836	0.71290946826828	0.687586073619535	1.07321210205419	0.705226001188974	0.839583450903203	0.915565278301939	0.792421965283522	1.00283010915762	0.679540350869152	0.628478273616699	0.659871206573534	0.457991851504847	0.823059923530943	0.348563232250255	0.587074270935716	0.285225568252113	0.164329489661295	0.4063912513242	0.372398851852398	0.414764507027936	0.481602321499732	0.462872257761752	0.53784285083048	0.427041983291582	0.497436876968562	0.654857428910464	0.463450739239263	0.76730973740214	0.721104473269547	0.526672065249796	0.587999194882634	0.847299618223352	0.571216368915245	0.66189923228551	0.680914957868619	0.814928539454319	0.891307857715876	1.13714787178432	1.08629764219402	0.87770222277106	0.718911877433925	0.897894948552467	0.764042457001126	0.893668975707644	0.827266930592834	0.782491579676853	0.881893653061938	0.636599280540521	0.854458712570795	0.69866772874438	0.940403381278615	0.779223116605858	1.26111213373385	1.01672610971282	0.77092568306744	0.898785025669813	0.767552337672185	0.844989792265474	0.979742161937198	0.723280764989301	1.02944137139661	0.790555454106596	1.03346597250047	0.905431980336172	0.952355942661535	0.765565210952563	0.685607737409941	0.57940894733337	0.573480183951805
1.06180872354644	0.632153780544374	0.812043753798434	0.794365677882365	0.401225890212928	0	0.333492704972224	0.251128716068458	0.770046691899307	0.363871889278001	0.611442923043718	0.644142259680927	0.591185964912817	0.826329440193578	0.228713401336426	0.752517990002809	0.695879750863126	0.873403033105845	0.905089513115121	0.676013299549713	0.454901145854251	0.651063550746236	1.04514064028653	1.01767491111342	0.951587265872273	1.09714266533523	0.770493390299113	0.569377838668154	0.72714716554196	0.568038809727823	0.6105060071761	0.957553765048196	0.578159190003849	0.620549920153851	0.719756750979312	0.860529152722634	0.776590202922431	0.756568898890717	0.634998145260697	0.856272163082602	0.740935263900676	0.725225946337403	1.0675662159528	0.598646357297893	0.605642354025313	0.528795083636987	0.75880494913213	0.508943911430517	0.599293163607835	0.653719670535486	0.652209863675447	0.71809256480086	0.707614371125607	0.557778164034178	0.76312710490471	0.528472116003394	1.14548558617352	0.644918350235402	1.03223230174017	0.703205228518204	0.571348416747232	0.0892324745461623	0.283743856387975	0.248819504994012	0.431378393639208	0.348555289161441	0.697219761325961	0.644834741527608	0.726591558187092	0.779925495056671	0.353777596691092	0.993463325186576	0.762808699267042	0.568638203743815	0.583070220912073	1.15468819906774	0.629694742733258	0.857105362300251	0.846479082647623	0.963238084608601	0.807280231798657	1.27275069303394	1.10240966759798	0.971679586637756	0.828605419515411	0.912654365348421	0.796918201084046	0.786618564044242	0.793390722254898	0.73652483136535	1.10381157404827	0.557907077306861	0.920921731057483	0.64129351779341	0.867839993664445	0.690375321770516	1.17744284296868	0.955148642957916	0.851318178762899	1.04186843373555	0.567650134714797	0.706969893465866	0.934614925738428	0.620138781677235	0.824615813835452	0.75405287759672	0.979044419745403	0.769284445017426	0.876972795051726	0.890498241725672	0.648775315851495	0.535186105579306	0.656486923785542
0.893174464616156	0.604589628187852	0.630490066804823	0.677098422309044	0.448169572498564	0.333492704972224	0	0.214691589019611	0.761039152136135	0.46025843561982	0.533876259573379	0.66214398745355	0.661933922468895	0.746454242667639	0.532488151100619	0.66984250081787	0.563169087402628	0.63315504052916	0.595735587831095	0.668607043269199	0.489555885843805	0.444523756766081	0.825339162634885	0.913325758843171	0.923912234657465	1.01255064397157	0.664476599700968	0.737924108398457	0.861450644598618	0.738668207133953	0.662710379970793	0.869270084526327	0.552356717995365	0.746088429867808	0.917997193077464	1.10867566569475	0.914897717910746	0.697347753631594	0.868681945426381	1.08593546908145	0.872954042149467	0.869051366997349	1.13384734202046	0.913225836587253	0.801980458533553	0.838342208799146	0.989423886938603	0.846147765727728	0.976120560128711	0.880172521752318	0.835412906853007	0.972825459422109	0.815634311189653	0.661933482977124	0.777831173314209	0.496241158159083	0.993913670273737	0.618150777374478	0.788273446939342	0.571330786568977	0.520802224905123	0.431957452392158	0.107081727042176	0.210603229474664	0.452777060379401	0.425063006069717	0.602784181726305	0.570549495631097	0.695253990161057	0.828533597534862	0.48159135671433	0.967792121381844	0.653492293040273	0.465189131115283	0.498940909481045	0.713478809706251	0.636705588666831	0.893206496690743	0.599929182773273	0.906388345778068	0.953034911480834	1.17211480996312	0.983694979932021	0.921378626332232	0.823031573935999	0.906248453905893	0.788227062761893	0.957264280381174	0.74501174517928	0.709191570771178	1.09861374100421	0.682292291787567	0.965418979828236	0.897082124876259	0.996945005277391	0.869910527554655	1.24295230333671	0.898718257382748	0.910972053936066	1.07578974891661	0.857120545417917	0.94541627058432	0.93724426186914	0.78951384868517	1.05658102087264	0.899684537571828	1.16329935202173	0.894879136423735	1.03481139934531	0.844317695589039	0.826235762971033	0.564965506150005	0.569858321765387
0.928909143607092	0.517737457316283	0.687733917241854	0.709350811832517	0.445476109671879	0.251128716068458	0.214691589019611	0	0.585760393424663	0.342241802584206	0.56369045620808	0.595533208820673	0.588966112159646	0.654034277082326	0.341841034782462	0.730165390471883	0.707713436354392	0.598821259377855	0.612840949562129	0.605678453712369	0.410569429262486	0.47203552275149	0.821724356351828	0.843239766149657	0.828979057057852	0.888443049443476	0.550266108854817	0.726339982908028	0.73026885209809	0.580797856748461	0.650853998005537	0.945639312715046	0.600733422010829	0.723986504186685	0.803381544885023	0.994932788615634	0.881315193104129	0.919414698324837	0.806393994211994	0.895881791449741	0.851425749294621	0.764345643373386	0.950521915566342	0.798461735015937	0.699689362435746	0.694004595370265	0.667619657268821	0.700269823346443	0.833810227763929	0.802011131140769	0.869847594266166	0.752900073472703	0.718163851268998	0.604629080646209	0.686649326015105	0.424162195537857	0.956540826018335	0.552196816785254	0.848588334074639	0.598789346486271	0.502377699412761	0.272992673735376	0.193890924153907	0.121779021472995	0.39251213218404	0.308281858141613	0.651465258858483	0.483708138292223	0.639634040188988	0.673649512257472	0.372371804044267	0.88082130712421	0.66997367827242	0.43710103900208	0.563758563760612	0.816300104419616	0.547530540271969	0.738746843739685	0.649156937034155	0.815224740199413	0.835602728480992	1.10757062676595	0.96447674551984	0.864241188926615	0.728475928878841	0.94693984106483	0.845966957464997	0.770830026131652	0.655397671212274	0.668323255751845	1.01514431713596	0.640832208924403	0.939918375097882	0.700846430273715	0.918714551856895	0.821493929660735	1.08864148935037	0.888374422805938	0.851084438419912	0.929152528251742	0.745135276466307	0.827305517181833	0.914448176429245	0.704181171423894	0.77829392812233	0.77178814545805	1.07091257643037	0.867234258368113	0.883365838016881	0.744349506181173	0.720196687790623	0.618762420029089	0.577503700888499
0.774092383304197	0.630549893741915	0.673061135114801	0.669874165350903	0.79205091709054	0.770046691899307	0.761039152136135	0.585760393424663	0	0.537272610015205	0.710902556057436	0.687148933994389	0.870514647533869	0.635149100778545	0.665573133865722	0.683863704246124	0.641847186265535	0.637626175985596	0.741529180973091	0.669562574070225	0.729720649645368	0.545425798221806	0.680804078955678	0.74066450035422	0.84815369489426	1.19822849518834	0.593972467350526	1.14782473966247	0.638538365261711	0.755778785336186	0.769615816621316	0.753727067886302	0.767510243549715	1.09566426512178	0.850676570330076	0.917951751468486	0.994825195397388	0.888108279794486	0.83783502742144	1.09016348152397	0.893070284308067	0.882755196671668	0.969045202174791	0.894552539659163	0.674545407286843	0.799749369054741	0.788153204723347	0.985568848570008	1.00038795572193	0.783706449325069	0.906636275698591	0.89180923036914	0.696225030636523	0.725381672660644	0.692624837862185	0.78644702172636	0.727234015598988	0.679875311147311	0.663475923945249	0.663197652480659	0.689825811996016	0.750049414475718	0.714780684893256	0.638639797836288	0.721081174495056	0.591371073555639	0.698522051391238	0.602802052770927	0.781367364471251	0.734651258948231	0.728778657946639	0.62903833386396	0.710035515321029	0.605468717226472	0.764035893708711	0.777098526171639	0.821234646704067	0.691927784944155	0.630054695708647	0.811766292502989	0.889845451877532	0.736225598551987	1.03420686246647	0.932827840605105	0.53240535513467	0.969317365983642	1.05802059488961	0.670614206164144	0.731085428343932	0.784666697221526	0.802697216280958	0.703605031781716	1.1099623113908	0.930157553431197	1.00094582449493	0.840371625075207	1.06865166086751	0.873943921837094	0.85731322436978	0.742471808693054	0.904382327130199	0.939838066953264	0.671817347828899	0.777932519682967	0.778976352778186	0.86723010445192	0.926395786261632	0.769682893640962	0.911589849708517	0.660861896717808	0.7640565476282	0.807906182712697	0.70348264708043
0.803630533276144	0.373743424001441	0.595809011159794	0.552526171017062	0.412155968518423	0.363871889278001	0.46025843561982	0.342241802584206	0.537272610015205	0	0.40280003534286	0.586834912501082	0.511798873011626	0.611715048189899	0.442808587787726	0.471640921681231	0.683513958494451	0.61483157136246	0.56487402671785	0.615462041990045	0.392233434802213	0.472198835981741	0.797121155849729	0.973646079820849	0.799225709121734	0.890821532496682	0.416809812703041	0.71914796746107	0.588150077459328	0.658777145974429	0.566563882093957	0.721665977294201	0.464234464798985	0.682595008982066	0.610858983925144	0.968725271564252	0.892652834458358	0.920695887345971	0.868862437256015	1.21102339550457	0.773356020096185	0.753293671076646	0.805209804698487	0.838046894455541	0.614727813352281	0.64663346540317	0.782921390333582	0.673651724329548	0.887835774798916	0.933599541212571	0.858184038978185	0.742949177191384	0.672300283099266	0.586077698988726	0.713049618470081	0.251075817086844	0.824858342495037	0.399257524371035	0.765267398155342	0.468911126142687	0.390683120388804	0.28486184142129	0.391942440459107	0.367132555042397	0.429560905225389	0.122331218870507	0.547376396463885	0.535096584548054	0.544920389042406	0.588001918362944	0.401544030522527	0.689498012516287	0.586499030320557	0.465187590436895	0.401318302300945	0.820782839854305	0.463368259836193	0.615287996764158	0.537222563477281	0.808871769587735	0.645508662684047	1.06831515444105	0.905514221678194	0.665999341104388	0.563137480278658	1.01256046360937	0.713150901344427	0.696496483573861	0.699917127550266	0.605196451047647	0.725044139887457	0.56178937532455	0.696819013833368	0.732726821650776	0.943216776551481	0.851444692104603	1.06425153792241	0.995134200835517	0.811570148812598	0.776294439277294	0.638638001254091	0.897256861804616	0.943984031119283	0.746803466083672	0.765004920150198	0.782074970490035	1.01328091858266	0.93897333045694	0.79561024244992	0.692868988552637	0.570923645970538	0.574495081581883	0.374859552544922
0.53792794894548	0.242904718231488	0.449321230364599	0.513522444090352	0.435059131073231	0.611442923043718	0.533876259573379	0.56369045620808	0.710902556057436	0.40280003534286	0	0.488115187264581	0.300419779781306	0.359673648541908	0.430427708970126	0.375419149763907	0.57670687807184	0.349120948667963	0.448301563112215	0.59533853609335	0.458531550781016	0.427428787196458	0.46878588414468	0.939594975526076	0.945272116955658	0.929327526738123	0.503270005134956	0.650032743948276	0.882582565689616	0.829638784934421	0.519696955575605	0.806888672087765	0.488513128986471	0.622144080368561	0.890131741358812	1.06385119721099	0.963350491881382	0.996052604666255	1.07501467723901	1.36962739969724	0.995811922194449	0.847410461345751	0.827528974249642	1.15076744680956	0.924517721915736	1.0209538839867	1.16750849505096	0.975586713848872	1.24843403368373	1.3117520819969	1.10143598691285	1.06461940664272	0.746988314882568	0.793297434724485	0.697078841991593	0.314744177108388	0.599663345729596	0.221297624329435	0.611695297866174	0.405317969840908	0.320188656679389	0.536102849616156	0.503216936660882	0.637185681828278	0.504289496537388	0.459688473460194	0.53761647284099	0.465678296110472	0.253125217659276	0.388360566088321	0.334839271680221	0.593667198766682	0.331123925652979	0.430634158426404	0.529490988442934	0.600207650321878	0.287938753985247	0.553348976550976	0.465982908709809	0.805382260573475	1.01526618071089	1.22288918992672	0.785034002695698	0.70233826586497	0.763348065377028	0.887704789049487	0.538010109195188	1.14351276041778	0.866231562031717	0.619062016347365	0.868983014039908	0.79632118924594	0.856301289963105	0.87378575243131	1.06688453767257	1.16829236632978	1.20974476225949	1.17981655234539	0.912401975713541	0.802724023705039	0.815233112152554	1.23858006863977	1.30385574035284	1.03177516842943	1.24583959865623	1.04765878940296	1.23543518754005	1.3556060578221	1.13144248777806	0.60708566288559	0.781238194172158	0.584567067151338	0.566608771064652
0.685063803075646	0.699728803058468	0.651687178308369	0.814814924265154	0.635001657672016	0.644142259680927	0.66214398745355	0.595533208820673	0.687148933994389	0.586834912501082	0.488115187264581	0	0.224207254887146	0.527533530767077	0.428184763518179	0.571892381166261	0.523422067705124	0.716916463507912	0.867581475386172	0.645711930207698	0.776819904481727	0.802525394514829	0.723051886045694	1.03454652453332	1.11953858957906	0.983619286121638	0.854701800632352	0.698064535701146	0.80951499511849	0.58633155587543	0.303609746042937	0.558880419792864	0.538467092203788	0.546988921885723	0.740050519560516	0.932959635333601	0.722569393084966	0.802005083740014	0.778041054966655	1.02791850380603	0.877110922555925	0.636741245310121	1.06193749893267	0.681523210094065	0.671371070599303	0.652239618191375	1.00021893969733	0.903606082582208	0.995833142157022	1.12359120917137	1.02861671452469	0.994524186212313	0.365773987655097	0.422511949355021	0.475160039684303	0.784765069708181	0.757633009246288	0.697760422733008	0.76214164498608	0.635193054100449	0.541895410893533	0.581269020420287	0.593667033311429	0.601609985949641	0.576655372008221	0.709775034210315	0.708262572714444	0.540367696730461	0.420005388654567	0.495406894747553	0.52681154426802	0.801376028527089	0.519368867685103	0.727852272208848	0.845233284128641	0.889167421863729	0.525419051864996	0.736398234019048	0.85380197907551	1.13897611028984	1.03992960591764	1.28670769233524	0.765725376968868	1.05441676005977	1.03242609464351	0.847257512887883	0.684759386233238	0.975201752944923	0.584146605883438	0.47661085020325	0.816968028725459	0.600276448077492	0.830103532221977	0.748484812596758	0.880602822439202	0.96272949743524	1.01918830254083	1.05915121003439	0.794936835970103	0.836492747090431	0.71046442147435	0.91473623010644	1.01892463946527	0.72465288973431	1.01059823729065	1.01282822334952	1.14888714507676	1.23611320580634	1.04854228611211	0.468521445056127	0.472507407465064	0.499159630198533	0.884225852304139
0.612013408810232	0.576478033498727	0.5646841276037	0.739616515366322	0.554092876024966	0.591185964912817	0.661933922468895	0.588966112159646	0.870514647533869	0.511798873011626	0.300419779781306	0.224207254887146	0	0.415204544073219	0.30648174556171	0.487915116891263	0.577796103451952	0.533119349075075	0.727616003699308	0.583033827478292	0.674716448034419	0.673148174178363	0.607185174270639	0.907050232554115	1.00108102001654	0.847762728331097	0.732220118494775	0.601909849728734	0.936633949499409	0.649466070471887	0.362247275069786	0.685806063270005	0.594545478255614	0.478647201311323	0.817655540824191	1.02605013037288	0.795095241915342	0.940753524835065	0.902404378091266	1.01906632595694	0.892107043837362	0.581741840832703	0.825709846941626	0.880221766702471	0.843388810090187	0.81777895686281	1.01668313967709	0.903522474103717	1.0623808579491	1.20383667380105	1.06661993243985	1.01578492800205	0.579652966276374	0.582781632680888	0.519576987533079	0.565593241404969	0.673789485738461	0.547205988768934	0.714918948798313	0.578146688634343	0.439077893555069	0.542799320795315	0.64308105260215	0.666545549269238	0.577913423533211	0.622767708327077	0.608228573488968	0.398419767673471	0.168689881047236	0.402092823496495	0.3312566843412	0.679130116771364	0.400360273274451	0.597690721360117	0.716076052836009	0.857186712013747	0.369870021995957	0.60426574296674	0.671782215066121	0.963778265764215	0.940202288821496	1.27460093975924	0.8062208567311	0.890719054024088	0.962592289562647	0.84172935259509	0.59142846006408	1.10246533951455	0.724347577309209	0.552276381506332	0.77425514392191	0.750348743391462	0.85063798235658	0.823510319061439	0.952692296113383	1.07988699652752	1.08777235831412	1.11544791721395	0.789582523333674	0.775393802911081	0.765902571099838	1.06330805891586	1.23902550773642	0.871346911352782	1.10586235116484	1.03287442595983	1.18392946022153	1.33915145312218	1.0946956910645	0.437138313275899	0.600858793057073	0.542719027767642	0.711409709970478
0.689981500621143	0.519371734891248	0.648455210514005	0.714737972190804	0.661486144966469	0.826329440193578	0.746454242667639	0.654034277082326	0.635149100778545	0.611715048189899	0.359673648541908	0.527533530767077	0.415204544073219	0	0.442417324123044	0.425257426355308	0.642342522637878	0.196025612328244	0.4499708012259	0.591181417353597	0.526469468208056	0.514106245456302	0.431090928288655	0.771934243061384	0.860676930012292	0.851345083029422	0.573263577761523	0.881334167835814	0.869979174542361	0.850806235992029	0.788926317123357	0.728133350755136	0.834338761530345	0.922844457723889	1.04010106882958	1.00918738320737	1.10569108724998	1.19127449944615	1.07489468717188	1.1230001822434	1.18686981867979	0.816499332331441	0.81809197865206	1.07819118222784	0.902765341346344	0.973034219608095	0.949884984987922	1.10410905642157	1.20429197314702	1.20301082792886	1.19985260221103	1.02064561540772	0.656776030618383	0.78009172377672	0.530879835831733	0.529549254941619	0.680391225436335	0.497439608115579	0.669716111087136	0.536621427094339	0.48501861737183	0.702989817730312	0.743205721413649	0.713113139897997	0.603539184048427	0.672352471190975	0.534461388109048	0.319718289855063	0.272957509484665	0.170128005876204	0.326418850857311	0.372720097964959	0.391070962777026	0.321870693152257	0.90846003102816	0.565362185005911	0.484784208633469	0.468154152663854	0.476462511163401	0.797567144027278	1.11390608015505	1.01005505549177	0.939351279109918	0.83518885703171	0.789671699660533	0.992854699214192	0.730372489689219	1.06650834073869	0.77694976325971	0.869757899604582	0.639146313099106	0.999218508132637	1.01476508374793	1.00728323079385	1.16395549599719	1.2433003616471	1.19083523579187	1.18033851349693	0.923123904596114	0.827353120445621	0.966315152352216	1.21178432472305	1.17311480730891	1.02251846958651	1.03537294401792	1.14733726379169	1.04506772774511	1.23433482985358	1.04027975216778	0.376144352283	0.749157287624603	0.688672728750302	0.735997247268854
0.889622561238538	0.587561824769436	0.713330359229958	0.818536792157757	0.48576520545407	0.228713401336426	0.532488151100619	0.341841034782462	0.665573133865722	0.442808587787726	0.430427708970126	0.428184763518179	0.30648174556171	0.442417324123044	0	0.575196769588274	0.583848479424791	0.588260744760241	0.778541417547952	0.481433589090559	0.44377931092948	0.592759960768614	0.765788676273931	0.885085369073891	0.925259802848514	0.966553060219425	0.689784032018761	0.555866257644481	0.78180286152635	0.62234202213141	0.54031526971505	0.892978486786392	0.67858261621836	0.6263743602778	0.834065698722768	0.878214704516898	0.874418646868049	1.0164694047701	0.759644078087249	0.812441830647163	0.896431563320941	0.647440406302839	0.944227249670143	0.718895905822519	0.672864865851091	0.641374157179277	0.770063738062328	0.645096022437111	0.817614454305339	0.901690829340609	0.907510894233831	0.784482721214508	0.589455803909174	0.560788395773099	0.563441250951896	0.544716129194866	0.923489647980002	0.558488674163882	0.883608176393607	0.661015007562276	0.48891456650138	0.230240731432266	0.453335556196756	0.408418794687901	0.461387599269153	0.477932341089208	0.689098017180957	0.453461376046406	0.417185439862407	0.423094924805989	0.177787626483625	0.675831692696772	0.522356882233055	0.462769549832144	0.710639913514036	0.961912485280063	0.430405618414215	0.638842703468778	0.689473624562367	0.917817373920628	0.945873334012108	1.26740696152643	0.978382724428142	0.874459312668873	0.839277456801309	0.928895586706957	0.760179365064847	0.893392244381948	0.777596346551619	0.7081693735645	0.903642516330323	0.699371020711826	1.03601744212473	0.70683491205741	0.940924426826073	0.904155383866472	1.16043655808271	1.07515224046263	0.820047404347879	0.87393865695877	0.585432974810557	0.873015278800958	1.11083206306565	0.725896324368661	0.89561018070431	0.881432217725027	0.973081524325887	1.04257253190991	0.931546409513073	0.607789853943736	0.585181896711398	0.515024096740234	0.734136944813718
0.678826463932938	0.534188677065928	0.552194808611079	0.508805808613457	0.514285098870305	0.752517990002809	0.66984250081787	0.730165390471883	0.683863704246124	0.471640921681231	0.375419149763907	0.571892381166261	0.487915116891263	0.425257426355308	0.575196769588274	0	0.569674421913289	0.397875954598288	0.481554482733513	0.75013732039821	0.588032344887105	0.395006452617318	0.553874029013393	0.780971919254624	0.897450581010917	0.961597812489793	0.514197374552083	1.06064024165606	0.808368818838309	0.888496397935408	0.59534603790587	0.536539352826606	0.466470885103014	0.693381148357096	1.04317679019196	1.1364827773953	1.04953900170606	0.79010782433615	1.09779351331628	1.37858280193976	0.904262124507261	1.00890500899009	1.07968756586284	1.25847733743386	0.966491348875683	1.11600244111543	1.2439938615244	1.16129113332785	1.29575206612394	1.14368889278927	1.08807568277725	1.19737662573456	0.81664179804523	0.838637986605112	0.701561478714422	0.490258788513192	0.739563886873416	0.504301938189897	0.631075715668379	0.510871336444968	0.439621746127909	0.726656120139045	0.682988778819205	0.712915535372997	0.714977231304171	0.595978370137138	0.517384664174324	0.493889676834491	0.440854114976368	0.48145916574506	0.463178638185631	0.40351241559052	0.334851585731736	0.347897957012145	0.539160881485257	0.560178372445625	0.638759691804722	0.682782294179623	0.427823812775622	0.697718821929915	0.793016980371447	0.849629259563814	0.907808109606457	0.777292278232534	0.570471675702234	1.02337003656724	0.820436377078894	1.01834173495134	0.869222144184316	0.686562271189039	0.659017702199432	0.756774937912878	0.842639215706433	1.12306599275939	1.17163834691722	1.11001142902247	1.33008103641903	1.04479492389802	1.02514101723622	1.03431711909895	1.07724687288633	1.28915108063208	1.0985420842721	1.14339449168037	1.20321026267577	1.11880687166888	1.03119599724131	1.06053991867394	1.23505622921257	0.596559048259728	0.794787827444889	0.743571296117241	0.541984946305521
0.812188977451836	0.699870811989948	0.657853372952852	0.711032445555237	0.628652106946556	0.695879750863126	0.563169087402628	0.707713436354392	0.641847186265535	0.683513958494451	0.57670687807184	0.523422067705124	0.577796103451952	0.642342522637878	0.583848479424791	0.569674421913289	0	0.637440108015119	0.762414549796375	0.470700972145579	0.650590157698993	0.494113746233553	0.734905519079726	0.832647564024191	1.02155317831807	1.06512059237611	0.783451285024856	0.828827061270209	0.806557804106054	0.709200418582569	0.566517238267422	0.891802498870213	0.555087800439242	0.726678350494257	0.978928240901879	1.22049578419068	1.10574081717105	0.827276131150382	0.946225599061355	1.12897592051784	0.932306237331937	0.992256960318642	1.29194239754481	1.00502372694162	0.844356418669665	0.933360114357067	1.1729368309687	1.02626556135466	1.15386511033792	0.879509998469679	0.991281909154932	1.09332175672664	0.837454760417429	0.721018963386142	0.662138815696331	0.761450532015266	0.945884323956666	0.77948690109334	0.741188167327531	0.670350572695208	0.599242116615046	0.752149857905352	0.66920981577564	0.674582252477717	0.732093615003494	0.67581278708082	0.511320255777068	0.589693743488563	0.656843772468024	0.788356778100638	0.660683884633101	0.750693133092151	0.496646653030477	0.601711952612143	0.788223951699788	0.701497026644423	0.798889170662069	0.950509046549286	0.559769928630855	1.06105718012304	1.14706627979416	1.01013181723918	1.00074715837286	1.02479459106167	0.78235442811694	0.946544488245292	0.895797430253282	1.05688616892994	0.904368797445969	0.840883951429405	1.10975199910105	0.739864670899233	1.12490528768979	1.18387628832354	1.26122930923248	0.978722535386364	1.3717835251821	0.998551157579973	1.13204400023808	1.10225397549848	0.99709627443786	1.14730821988216	0.998965636720278	0.970216829028657	1.22845960668796	1.13829069916505	0.862200851566017	0.863077601196277	1.10748493519771	0.752157790059382	0.865639767639771	0.659184969885568	0.616892444492945
0.647865204052794	0.493006625675089	0.578003701216201	0.656471357915859	0.683295395398794	0.873403033105845	0.63315504052916	0.598821259377855	0.637626175985596	0.61483157136246	0.349120948667963	0.716916463507912	0.533119349075075	0.196025612328244	0.588260744760241	0.397875954598288	0.637440108015119	0	0.263445513873765	0.707371321725439	0.491961972633364	0.325297422950693	0.213484904314982	0.562867552385633	0.806861708406942	0.775277757709249	0.530049675690262	1.05628618733597	0.882170553260133	0.867685182154195	0.756053584245053	0.792091960375386	0.790804002390717	0.880233450955949	1.0956858619662	1.12983021629667	1.05181631943617	1.05832036114367	1.16445702721054	1.12518437125211	1.13437754225497	0.883948882123084	0.760001576194326	1.30621246333539	1.10485574145261	1.22279637912726	1.04432833613084	1.22329779553227	1.34904088978602	1.2682774696884	1.24756926120949	1.16053569699117	0.863614422334844	0.985528113187958	0.697199016853988	0.440574903428747	0.639487116562464	0.447178418863186	0.586384666833309	0.547879297498491	0.517332851676269	0.822216165645899	0.716758946022346	0.717657209071981	0.641937719291072	0.64231239989145	0.535994404283664	0.36518002581441	0.328148839045095	0.370712707232401	0.429774848806987	0.394213541510512	0.369624373046578	0.206549705056544	0.705887113416437	0.366919800741732	0.468812980762926	0.464679788583775	0.306352307815994	0.54741615707278	0.978571341014331	0.827619564811676	0.833105196388478	0.710807014181824	0.686174173278084	0.992362237482489	0.818310043218518	1.07732768832844	0.764396896529478	0.737411717402676	0.700259710139716	0.998828681500032	1.04446281856201	1.11001121303931	1.06250398205651	1.23941375684919	1.19550542946718	1.08342175543249	0.912391187160299	0.863299120873929	1.20344469007441	1.27078973972263	1.15547514050046	1.13173822286356	1.14790456363936	1.026969434128	1.04984790792305	1.23062156163118	1.15448881002021	0.507862163966144	0.956140378622131	0.788486848571581	0.571401513003246
0.693976310586698	0.443123886783692	0.668754787964945	0.607653178554488	0.710296471083442	0.905089513115121	0.595735587831095	0.612840949562129	0.741529180973091	0.56487402671785	0.448301563112215	0.867581475386172	0.727616003699308	0.4499708012259	0.778541417547952	0.481554482733513	0.762414549796375	0.263445513873765	0	0.753771190633969	0.582670666930314	0.343328473523728	0.456465814579826	0.800819373879829	0.712414690383806	0.654163441750959	0.503297341754009	1.09265137136473	0.789002011773115	0.939164291673616	0.790289809708576	0.938745296248646	0.641235280031055	0.876163642342353	1.00802027071351	1.29711718393862	1.18143685947757	1.11932944873765	1.30791858221009	1.23323730590383	1.01050137351019	1.17725197098961	0.913349637417695	1.4324382126834	1.22558922971709	1.32913662939044	1.08355544984327	1.14455857622513	1.37672613629448	1.27340845465463	1.19817379144189	0.990347244443478	1.08085745142537	1.09927665893748	0.849300235698987	0.391623943364628	0.779221650027314	0.480399971034351	0.708240039250894	0.629942844628182	0.545474387126686	0.809218099660058	0.696524812878814	0.641867910589158	0.641839153976739	0.571010219330258	0.53107555248933	0.606611940778073	0.566472493187528	0.587945807487825	0.587640025912539	0.558902452934752	0.426396696235263	0.364591983437851	0.565884148324221	0.263685717950467	0.607729925505744	0.803711755630485	0.413205546641738	0.724222477221661	0.992895986471533	0.807329533106548	0.695463683398602	0.627549475077807	0.629329493246449	0.949874522544823	0.888836963524678	0.945873999837173	0.947098307594932	0.83069315568686	0.869496422624709	0.930588105901886	1.00019457872279	1.15354685093627	1.21259015908154	1.29652207540214	1.03754982434173	1.0220642436265	1.13670253220214	0.998202907462216	1.20377450459598	1.36387310247281	1.15982449280238	1.27621955089442	1.10933374384278	1.09556717602124	1.05587296585704	1.14692410504791	1.05351345721053	0.754787368541019	1.04827189360408	0.935921244404611	0.503310362315911
0.948637447684144	0.734098753694665	0.831071538115742	0.881750947454062	0.743601021540799	0.676013299549713	0.668607043269199	0.605678453712369	0.669562574070225	0.615462041990045	0.59533853609335	0.645711930207698	0.583033827478292	0.591181417353597	0.481433589090559	0.75013732039821	0.470700972145579	0.707371321725439	0.753771190633969	0	0.588761652780249	0.623771161406488	0.782565996318388	0.976761259736598	0.874476006717964	0.998449479682017	0.736426703195331	0.556153497421764	1.06980253387865	0.782593646437697	0.717106538879599	1.10504766140807	0.703963158812993	0.87833999577219	0.879908618229462	1.16600729803635	1.13242483840252	1.18658750042139	1.01287304464439	1.153156452031	1.03937186087855	0.941764744408523	1.18100269326855	0.973950390469607	0.889856030192983	0.937276279831662	1.05836602537162	0.824287521204572	1.04226617814583	0.982395597481201	1.02106304788824	0.87752659066349	0.880780550040904	0.875125323823721	0.772679149574748	0.663293640088509	1.02709079761901	0.766727257681276	0.932615367696483	0.8391673974083	0.736285060121489	0.632951849631961	0.688976091578887	0.622966543929402	0.738342555291043	0.639862756016253	0.565398664936377	0.65278528148199	0.697010585790709	0.708702957235058	0.55589190457144	0.817719743483613	0.56258457127957	0.681753970525869	0.841635193912565	0.789648142110511	0.697678578850268	0.909545611826881	0.540451497725869	0.990629801067072	1.07660863779432	1.11586670002173	0.881220396997055	0.814629030111652	0.822765093846344	1.00360821122648	0.891991049605384	1.0955038710431	0.969936491950926	0.937155814741321	1.06995293481508	0.942117079993756	1.06236521416118	1.10204395603646	1.21231229442652	1.09372620240739	1.25241513678155	1.06202791943186	1.14287295379886	0.996924481453503	0.903549498837094	1.10843607465217	1.16791900461669	1.0404355853662	1.13826515895198	1.11105842285673	0.906172681167717	1.00475262211609	0.873944226334002	0.722285175571531	0.89787458530229	0.676656980475737	0.673215907882667
