0	0.327790497903714	0.264112309114967	0.477526114575016	0.554349732689035	0.324786941818856	0.470733362026928	0.318397443696349	0.394705750929731	0.401578916466608	0.738319791928277	0.717335333379723	0.68310060674603	0.570689331102963	0.384691136018264	0.472571978949072	0.837622644602481	0.3850460968513	0.291457165309015	0.39680218335318	0.402505804077091	0.356522981771383	0.433174818405718	0.343869178015491	0.309906900389558	0.732569685060217	0.427830741553568	0.531151782250964	0.451705967667617	0.43103380501842	0.560018252833537	0.7220761296681	0.424694676443704	0.574113632740218	0.582086086545787	0.477315875357294	0.507892458263903	0.764639160930387	0.386718380860835	0.639572747914734	0.60041098959003	0.458275247753755	0.604928051001365	0.512104324545214	0.467435372942333	0.465776910772972	0.524908004755576	0.506549698619466	0.770015280644205	0.614600042022027	0.818164007949631	0.314942982731248	0.724721584747902	0.574472201335665	0.61858743495186	0.692030433006481	0.0545630280939353	0.278440680306971	0.396159038326643	0.598233990857361	0.647834556813341	0.380391298518063	0.508047728418341	0.28711444699014	0.416712273655991	0.451635269224792	0.60681839976422	0.557102453471052	0.653362855263601	0.545443688212954	0.550781606002287	0.580981973294638	0.485955166538318	0.285265437255526	0.328480148809395	0.506894850037587	0.241667718135324	0.436664681408703	0.327239669660787	0.351945486489233	0.623990674050877	0.426971124320329	0.714295331186013	0.312445635152411	0.325288705646815	0.51658333734802	0.418412807150235	0.440188624453532	0.547979639436852	0.464155626430219	0.529966414488611	0.311728620109682	0.710818413688073	0.439396237072527	0.444494391847931	0.406461146067367	0.852370856335122	0.37821541708095	0.520828848398792	0.626522564432688	0.560186825928862	0.474107978636815	0.461429854820485	0.492111061538366	0.473862404885023	0.589322079542371	0.479412542478307	0.807624302604193	0.255679500327407	0.561677261826568	0.518482455031924	0.614191416322566	0.466701466575226
0.327790497903714	0	0.507384724521895	0.388710041671316	0.506649645001336	0.417880949598311	0.555445384554768	0.407662587889508	0.510305844607741	0.463590034481483	0.351468961255325	0.415281906301981	0.355226147397395	0.275365942206628	0.253776728492207	0.331591482386787	0.852000798719467	0.324406863969324	0.362787643322634	0.541318034999403	0.450908216306986	0.590430608184401	0.378455684754511	0.524762671279359	0.645199400244431	1.00743559791853	0.76528150785382	0.457027927537845	0.427170116030395	0.366509389795304	0.667467800714602	0.868428690735697	0.460357957977931	0.624910140635817	0.576700517583254	0.43434893530613	0.543241178701422	0.760236332210499	0.571089258140687	0.865928635199622	0.919449915112092	0.420756299482903	0.963878737875106	0.287080431916985	0.494336669897358	0.346623670701157	0.702449976766641	0.333540208023366	0.606943318544053	0.465908161688837	0.736396934826882	0.357484787116451	0.616744757824238	0.403971152985959	0.421972753347391	0.521400812053096	0.462935390453709	0.0346887870161467	0.650757450059888	0.428159979454799	0.660511607361166	0.520996391261415	0.470514577490527	0.435496951950823	0.538588009309832	0.523221837609575	0.293340787497613	0.325177361903342	0.444281666554683	0.311667967762033	0.45374893737638	0.437138204791219	0.511067340108902	0.367577243479805	0.371035120511281	0.541519793444207	0.434942334953491	0.445047511674143	0.575217591879331	0.429144069288472	0.62216518752064	0.613374480889005	1.07523725303772	0.665248149594209	0.674375199969485	0.768404042243863	0.324450759034122	0.499637074672539	0.619365970642971	0.511778761351766	0.652611388006864	0.420643263928609	0.719130630616212	0.376813165772979	0.327485875698582	0.460635428554278	1.20112511321654	0.626737910892852	0.478244820519476	0.826111127545881	0.275471671412014	0.298110955905895	0.42865261191426	0.349580304912141	0.727741364540722	0.483828418796518	0.426644693577857	0.727236346665424	0.477074530911975	0.606241039519678	0.409754761259642	0.55642305596947	0.345305672087338
0.264112309114967	0.507384724521895	0	0.194820042883628	0.177427676068629	0.397667272397857	0.566647975082566	0.400186720668987	0.384794707975449	0.387409437942227	0.970664856015841	0.626714188356497	0.604123617217639	0.633812642554903	0.474083115935357	0.560716330675021	0.824891372110676	0.460584363340202	0.422808710682858	0.449477912207285	0.349071706500338	0.366857117049584	0.458881524351193	0.233290560092119	0.347991836829461	0.455902715233807	0.269168065471317	0.705675907376485	0.629816688315062	0.422995364032517	0.411622706271421	0.672378899907179	0.532445432575088	0.619803995592542	0.406838466430412	0.488496292385589	0.322650122570633	0.541090963284738	0.263868198857383	0.500437950324347	0.541415446216585	0.23588031779165	0.324862488956685	0.467005214173933	0.430108623745346	0.35105111199359	0.389077414632158	0.588016260702458	0.651094262561769	0.53858157000946	0.70788642544049	0.462085158397785	0.640567242613123	0.331462931640908	0.587483326590996	0.775404321130293	0.262073481320438	0.426601109084041	0.0501611092746137	0.250772168456782	0.207738583136624	0.405031226401739	0.607681825160231	0.371020382381077	0.285080962835229	0.460073221920476	0.892846405935275	0.392776975209674	0.696506186661693	0.647678012090718	0.658835247452161	0.569785524663678	0.75777199034511	0.370962627007513	0.448534279205313	0.619600141518161	0.342691538548624	0.361978016131832	0.390131072872312	0.32485631608795	0.638862837432922	0.282370926977394	0.590921002022969	0.298523293563087	0.22678982351929	0.449847227147669	0.587994056615724	0.591615379264856	0.470905028472643	0.373250025824555	0.61684516223797	0.440884108720867	0.650143842292718	0.492674797958699	0.338202349017764	0.288675765739554	0.568228577277686	0.380969722640652	0.234650663245602	0.304656451708387	0.722089657592241	0.373935735596051	0.368935883431116	0.334071951098629	0.298281089439815	0.59060925314317	0.500515853605952	0.705998327860819	0.35921858178713	0.403782361414715	0.248713626368322	0.606536043586987	0.504789107427165
0.477526114575016	0.388710041671316	0.194820042883628	0	0.0483424134472095	0.351377655623036	0.537574474351107	0.367034678362255	0.377168225919242	0.282392543933188	0.756764959071329	0.308503099104888	0.318841312860987	0.476209209946747	0.383425342403354	0.479052516716323	0.714488210073083	0.367596808564036	0.435757074955313	0.478424215740539	0.293575357190967	0.419345775698456	0.402204209856118	0.32537114016873	0.45969401357027	0.573081812672448	0.406015373775255	0.629329135494019	0.630376218608992	0.374551692176391	0.432881997487613	0.675839414120561	0.423255208410251	0.582633038010642	0.387175800265426	0.521501036182586	0.340702755797893	0.539429943493991	0.276341553398073	0.69899970380441	0.633635849143492	0.109753351143292	0.436912845646399	0.305568997721805	0.381456430831324	0.167069666545755	0.47221109779848	0.471783427233393	0.442575097378789	0.421396526460771	0.579256956996549	0.471155222744764	0.487879100209264	0.0883701611979195	0.457142873617224	0.619276608174447	0.533003656736039	0.354092529398896	0.238203635271803	0.0790805571725774	0.101169894458328	0.388335654735037	0.505333385642712	0.389739240341941	0.260578120285255	0.373150664566871	0.734799037863108	0.2171110007572	0.501107624274048	0.491530786464487	0.566745365232924	0.428613812125067	0.792932798876162	0.400069755977147	0.432343107970262	0.565313458517378	0.409800216007477	0.268563108611915	0.454878310530167	0.359609279817737	0.618997657528642	0.373213677766243	0.822683853617585	0.450303985957558	0.434527591283187	0.614255051296918	0.594248540447402	0.590681326120012	0.511846628033006	0.364873964019933	0.640265135732663	0.495339801712789	0.670761338989837	0.501153701704397	0.30214009657753	0.284121879616738	0.784357115957304	0.491837623163491	0.101232638661774	0.302877091466617	0.622004266933968	0.218914227921679	0.338307456782941	0.171410385997554	0.420517110880139	0.526165025848554	0.560188995433641	0.667337334662224	0.498179293798145	0.351301188207891	0.0925844805086194	0.648568341169896	0.346149551540898
0.554349732689035	0.506649645001336	0.177427676068629	0.0483424134472095	0	0.3596393065429	0.5671882734488	0.40799369887382	0.386833566596065	0.299801562635383	0.905425272329743	0.380896917596454	0.401569400164551	0.608057618245659	0.4636959253714	0.525707071247935	0.703065076051621	0.430930455736477	0.491172855999295	0.562136370538291	0.299237777302291	0.416662880081307	0.408173880485385	0.308973579139899	0.484753292886732	0.578614622181081	0.364187830548082	0.696709855349601	0.731788152416828	0.417866175215596	0.452472557294254	0.708326791988833	0.446613607790645	0.613322411260353	0.386564569935812	0.562376670122484	0.32925676705055	0.505056733289084	0.26379965174819	0.640249048184431	0.56440241935886	0.148708965202657	0.415607970395883	0.34001550619146	0.420073140374431	0.188830691027914	0.465884786592427	0.504868424101059	0.463821442508959	0.403689025174358	0.532042752729737	0.497911164871708	0.559723246131623	0.115428119200824	0.517963591747327	0.627825938996042	0.612954369178803	0.460145839637582	0.196480164297718	0.07811500518681	0.0442005731702765	0.368335576639582	0.569130203308191	0.439090589761077	0.272569173922843	0.388412508359226	0.867837606364028	0.24541617278029	0.575103558348771	0.559411957317589	0.596447110482944	0.403041130514504	0.902962246944326	0.460736707263774	0.470191458837076	0.619867354393537	0.466563249245713	0.289414535492066	0.461584711485402	0.359488533834822	0.611226112283713	0.358746435446435	0.808327687465775	0.451190338097555	0.38955699674511	0.600019472016112	0.686006978734276	0.646200563593991	0.556182303588589	0.403430856280128	0.669554978276233	0.531075797763052	0.683564236553994	0.537611851892366	0.341263749660617	0.309485905805896	0.703049894612817	0.528023960173565	0.111616147545898	0.282518574396884	0.710537062238452	0.278377991284878	0.386412522511796	0.212545943995839	0.418668775588302	0.543342370702354	0.570378804985365	0.638894571714828	0.522147075347267	0.364899406553426	0.113709197887736	0.683003386834052	0.372578536039162
0.324786941818856	0.417880949598311	0.397667272397857	0.351377655623036	0.3596393065429	0	0.335963967798886	0.109598705961164	0.187506734300469	0.102557554034961	0.785271510299131	0.566392012604472	0.573387364289604	0.557095577871449	0.347730122936346	0.253510042376857	0.699653545547559	0.211902413564569	0.208776212440013	0.370901043958172	0.1521231830091	0.223597843016657	0.297620118123871	0.392022197167849	0.362984801894618	0.904977671091907	0.455979558330966	0.437219916781491	0.458535093635026	0.386770327873511	0.511098728135761	0.778030013813463	0.206565350906928	0.405138733845615	0.481577193578061	0.448485620064834	0.424824012033071	0.594254814651363	0.392128356154564	0.731670970867489	0.565336659671379	0.385315419571802	0.686068574502327	0.370890749899654	0.430492910120194	0.264873018871049	0.529080386827062	0.330350729635125	0.580111318110718	0.381876945738624	0.546228172888295	0.233044279673219	0.701747462884531	0.375213300066145	0.598651002175051	0.463574274889286	0.416782424611287	0.329251209163249	0.450188996812063	0.416873923127737	0.447916040128285	0.0600868652651092	0.385157081771528	0.159570610047083	0.241704435433047	0.137577368045143	0.654189618856831	0.425288909440579	0.664774656406338	0.368563463209583	0.29892967662815	0.252925246879422	0.477562364120213	0.217829300905095	0.192712950875258	0.308365380902772	0.193789945407403	0.253532752997661	0.196329175027922	0.320053826211427	0.542181982515958	0.421285367369034	0.759638223069852	0.305479846928282	0.37881670942602	0.555158780943279	0.409695169408316	0.364636480385389	0.710773104609663	0.456025313849493	0.531316218842949	0.240631533561874	0.558354830478948	0.417890167338921	0.402917142018199	0.319489960679496	0.887728999354259	0.415971071787366	0.452615545885751	0.58781201329909	0.442268574630791	0.424955280037715	0.457767850851812	0.343501454134699	0.513163731826444	0.398319324218779	0.493370409097768	0.679218378277597	0.215947451048118	0.521494063720532	0.431834528671537	0.686014398514683	0.21990304555073
0.470733362026928	0.555445384554768	0.566647975082566	0.537574474351107	0.5671882734488	0.335963967798886	0	0.16026273456361	0.400066101075177	0.382676722556857	0.968686120717366	0.605514328739443	0.699640573108731	0.38234508985943	0.361697973230388	0.331456272014276	1.02918117726624	0.246534857018496	0.375852300855941	0.60460508560064	0.386629312610118	0.569933426000613	0.490498496965514	0.445987938379039	0.367405189317813	0.866478310472517	0.640899182746479	0.720329080518354	0.671705453058798	0.696976487898547	0.579169052669404	0.743561659717301	0.460481377658849	0.594645444998268	0.768059470706562	0.69588798322912	0.498124332883274	0.625560951571484	0.413500551381335	0.736376449710067	0.553929571094629	0.616645543529854	0.709072399875835	0.482672315019197	0.382471697696332	0.434866759214188	0.725284285278709	0.715580466686415	0.700618393532912	0.367551867846895	0.723021949379687	0.455447214530999	0.700465725899314	0.486818507968454	0.842123391284029	0.673801923656105	0.516265537932916	0.49207572594462	0.610639869209414	0.553104046578321	0.57485020927214	0.342234624677364	0.0704043382170985	0.172049902280797	0.462219801707414	0.3377449404901	0.837977354710843	0.477088260874058	0.838894279914304	0.348916397802711	0.397652754528065	0.536564387931264	0.444241089556243	0.258204876509118	0.325538922513221	0.560751150854183	0.388161058081641	0.482454708096203	0.513245508407434	0.490990731935847	0.798134373224177	0.470489477336505	0.822419891290918	0.440129988747867	0.536956318849487	0.510052858508982	0.562383659827808	0.630414195271685	0.72432896946771	0.591887926403823	0.666190196340736	0.377237635784664	0.964233169363261	0.652583811050507	0.526266195969058	0.432575327104116	0.976476426365211	0.476637534107363	0.522506571989747	0.719900729563	0.665189628034965	0.458346926577568	0.424317155997187	0.431298562249234	0.665109755952554	0.735075282371432	0.859619196453818	0.569667327509253	0.467815061062174	0.652404628203528	0.563228770818452	0.886361975658679	0.359525392270236
0.318397443696349	0.407662587889508	0.400186720668987	0.367034678362255	0.40799369887382	0.109598705961164	0.16026273456361	0	0.206774061157806	0.093608456752074	0.797629623468775	0.530630111136859	0.60138397615681	0.436707786276193	0.363775858289083	0.314630070328492	0.760483020418177	0.10581372321462	0.109750870921111	0.315144198545029	0.168094989373424	0.250662064662823	0.298578073424245	0.321139512242986	0.243619276817303	0.828617384707947	0.43052302237561	0.493465415374508	0.501174904607266	0.408954828850139	0.470547210835415	0.720128865029937	0.214653028473648	0.350962970460604	0.566162158005962	0.435396415248291	0.435525053107567	0.609146924018872	0.363800214756965	0.641764813990765	0.564026100344079	0.425317546109603	0.622368653831384	0.393676969539028	0.329193577267851	0.308837360189581	0.446633781912046	0.44615484903226	0.688193381390586	0.355662215679861	0.67079001512352	0.218159585352755	0.682126115047416	0.379148157445595	0.672089216850279	0.528363725674909	0.383746408091704	0.336071022788783	0.460224999751303	0.4031381416607	0.460199192096586	0.149329484122039	0.227401917984306	0.067141064595293	0.218222611736507	0.0948779367094524	0.627229524153153	0.385530798526096	0.683690405803644	0.337713419041381	0.403622006038874	0.386768455052881	0.471926098404842	0.119975104476071	0.141463966872045	0.244067842411156	0.150002689012513	0.236042674670103	0.20715812684085	0.323533257997388	0.55213658407164	0.356283989341152	0.654801069541211	0.24631119393609	0.334950971269098	0.433292959377421	0.38292717365687	0.469752064056833	0.621472971523195	0.410886357470516	0.505255140044198	0.150503845046665	0.650714677462618	0.479719323115481	0.429018114714952	0.298583697060756	0.889994056486644	0.372031884624556	0.44275885602011	0.551255387096929	0.494461486021267	0.390665361702264	0.407343861646373	0.353666619299059	0.428095305934744	0.500242404640135	0.615388126580075	0.670549877538915	0.218493769407698	0.513802499089545	0.445993318138379	0.765197697068565	0.209770203525082
0.394705750929731	0.510305844607741	0.384794707975449	0.377168225919242	0.386833566596065	0.187506734300469	0.400066101075177	0.206774061157806	0	0.180009718433005	0.873007853563061	0.633198369309746	0.638966262586014	0.670472013138568	0.497010353127607	0.496841968782958	0.658388502855859	0.2964867164922	0.246046669963504	0.375944078473428	0.245554372599518	0.286128465873414	0.39695280911061	0.363484048536054	0.452263847581995	0.736459949849642	0.353150920903989	0.452902507164664	0.479809878705116	0.476090846628455	0.491758101307096	0.765373347505837	0.256024792848806	0.412177209162859	0.497839301945764	0.532371351905123	0.494827576783625	0.623774115881853	0.422462901239	0.63532029123666	0.601675533659282	0.396330829770519	0.553536575615205	0.458353205022693	0.422257452837152	0.348851152921102	0.481301200773159	0.42913021622905	0.643297320395209	0.475407873281149	0.525177522266419	0.273178807380849	0.691348184859076	0.468196941020689	0.593288521198862	0.608939075928926	0.436138655934785	0.417009834698757	0.463356064067652	0.423461648415841	0.449938007563649	0.199524144697799	0.429152578105354	0.227824747343256	0.219222093207679	0.208488329388603	0.75700139831384	0.580004226543115	0.749118260549983	0.558146390042954	0.511084064685582	0.426971303703975	0.685302770308242	0.284498204476234	0.341424209095848	0.360890511554652	0.211901938053163	0.241224080584954	0.262250775493258	0.475478524675646	0.641116550661012	0.457358884258383	0.715234335388594	0.413757402832966	0.38685911983355	0.631895811957031	0.412185552029938	0.451498708437118	0.679640407080152	0.48520303993451	0.606068098671882	0.355605466631847	0.599379131357404	0.50661045109785	0.583565117370446	0.435758316014316	0.891260374709934	0.594407622616602	0.448154145562601	0.42299903230142	0.486421227265343	0.529388270396575	0.55293931873331	0.424678963716458	0.531354683583933	0.53423674249749	0.517366662102138	0.813940969551478	0.292797999726922	0.522581719531848	0.453700815293899	0.593593852161564	0.417815059199597
0.401578916466608	0.463590034481483	0.387409437942227	0.282392543933188	0.299801562635383	0.102557554034961	0.382676722556857	0.093608456752074	0.180009718433005	0	0.804864771771555	0.510206945871292	0.542917980471826	0.601212260721684	0.470902112502282	0.457735995605293	0.621888776654945	0.177914643928618	0.162027781864573	0.275227743362176	0.155701668948141	0.195042356135479	0.260560396802883	0.305014011759927	0.283447395228189	0.782694323889517	0.333080125315053	0.473938593152894	0.523751873924912	0.317377585669854	0.403972139537667	0.695009603566368	0.14934620986152	0.315404174013605	0.47327443362624	0.399220358483143	0.40646934234077	0.563522030831045	0.340768330028966	0.647277223454524	0.546416553238972	0.321832139538088	0.555798177913271	0.374281180777226	0.332649767013724	0.227624781993583	0.36873041659524	0.343351388506994	0.602516554755237	0.356231682097585	0.551004198649929	0.209324451245412	0.641537919917593	0.313098273130392	0.58887968105994	0.45179905603508	0.468271958235703	0.391790911702392	0.431892092112767	0.294187374359882	0.352322890271982	0.146299844688656	0.442113546164055	0.188096446398283	0.151576279169095	0.0371501373321161	0.655049705953538	0.388530596355858	0.63228529022158	0.486231800607345	0.507365697852747	0.392007659245139	0.677014427899691	0.234180952420969	0.198789042907776	0.223002271645533	0.183578439917745	0.170647988410702	0.17663823832792	0.311927316989502	0.471408253787998	0.338372950182859	0.722033656236947	0.256309769016558	0.303752282006051	0.544698135843759	0.435978193455563	0.462090096706343	0.57219672336831	0.319007130691809	0.556596346715198	0.197026059618043	0.535443180358449	0.424295992786787	0.418713825898136	0.265572528883879	0.848304312789568	0.401833038816374	0.377823638351229	0.412057650081042	0.494818384852831	0.380380845985615	0.424840829969159	0.307639652419928	0.362091180461541	0.385686481244724	0.540772390751388	0.699203852248482	0.224551054720284	0.456761386467838	0.379638493660611	0.720157068988011	0.191555890981637
0.738319791928277	0.351468961255325	0.970664856015841	0.756764959071329	0.905425272329743	0.785271510299131	0.968686120717366	0.797629623468775	0.873007853563061	0.804864771771555	0	0.463897819464713	0.43801086836142	0.472373978238813	0.527054212216876	0.615916795577224	0.726767593733242	0.700619201218672	0.610545169428424	0.649686009281855	0.702452697930867	0.740696552195459	0.739261379302971	1.0056971091899	0.950887230564649	1.11337668575066	1.08358461786053	0.438653658132972	0.537564185193157	0.433216414317492	0.838687480348594	0.869740691164042	0.684664514137448	0.659451593692241	0.837734119108738	0.537097975234609	0.927974428060631	1.08078394539744	1.04074295902104	1.1651218482891	1.24379486215519	0.691350680925683	1.18718165471605	0.575826537877969	0.814448475140134	0.725515651607873	0.936315652191648	0.465168248493109	0.765583542633282	0.944909052331577	1.06482490391694	0.67041163539735	0.712561043769695	0.739353067494526	0.451491501753977	0.658424931949848	0.880985210551351	0.403594432924794	1.02660311573312	0.79580563688136	0.988127061477992	0.94632874651577	0.774833357146895	0.846602320664003	0.936464426702876	0.866633488404965	0.128543767660004	0.598121974926265	0.455541863210104	0.631097822762445	0.791578321603176	0.689652609578775	0.717788317703623	0.704395660557292	0.632894269279372	0.674291467505073	0.696914685067065	0.724208433341419	0.735068773454399	0.681806919222411	0.619962752517707	0.922782112100068	1.05023499868488	0.94610269052729	1.04646220733	0.92009661146457	0.468820401857273	0.67701422764804	0.692054179051127	0.66114536912517	0.726330228799176	0.59634568783546	0.699769795382111	0.509131313051828	0.629592238945845	0.781164381634289	1.26011479849269	0.781613903320481	0.81544550866711	1.02161050775634	0.378956605964288	0.63305237855562	0.799090445310976	0.700383837025403	0.972012931166836	0.544783718402877	0.585403306319923	1.04445469091726	0.686949847894719	0.811940203408381	0.744998361850787	0.653147674120574	0.607987834166839
0.717335333379723	0.415281906301981	0.626714188356497	0.308503099104888	0.380896917596454	0.566392012604472	0.605514328739443	0.530630111136859	0.633198369309746	0.510206945871292	0.463897819464713	0	0.273673602454752	0.350365181565106	0.443633222952781	0.48810597407692	0.72979976973334	0.428527830857759	0.539606005946592	0.736569391638208	0.410700314838768	0.544299646496424	0.501492472026293	0.591118229303318	0.61163744852525	0.818147686725234	0.744861503855146	0.642366824981294	0.786358653287359	0.394765316071708	0.456046724635187	0.519771880954653	0.468220260718551	0.522766508967739	0.805658592661777	0.529279670926701	0.538280601239836	0.681751939987483	0.539014711827586	0.918869882490357	0.815865942005484	0.307385773347541	0.787275461644938	0.28297541007946	0.386315039786927	0.330500676011127	0.770793055584124	0.574352682414761	0.559901628452339	0.629262480887069	0.787749979562145	0.675453458023115	0.287049559938415	0.226219858327637	0.326377383336692	0.655556909321713	0.799330128120574	0.423724165898766	0.697120625728921	0.382340672131944	0.430839800488175	0.587680824925761	0.52273878504261	0.571662652765245	0.514706941041766	0.564938338371402	0.456215035808284	0.250214620177593	0.382572170411646	0.426647220258618	0.581972121650869	0.482217925375238	0.808505108366323	0.526681632133476	0.435045135541075	0.641170618852317	0.602848904858346	0.351277631749528	0.550836582229539	0.430446901691793	0.538764609071353	0.529621157603735	0.889934029238173	0.668201409604521	0.750749947984704	0.756114048185298	0.662076128604932	0.826930384566181	0.472890465355912	0.436480204942125	0.563698690933016	0.507907649862155	0.910005620930367	0.596857278438266	0.440962791857541	0.45582843049832	0.920919154049089	0.548790854088131	0.255106862817606	0.58678915008456	0.652714085551608	0.211733690137794	0.414060090567867	0.301606565277968	0.711453436066545	0.690739707422816	0.818170185538236	0.781001711783095	0.709532947054211	0.360024103639368	0.293866230047956	0.615772841198826	0.429968466930686
0.68310060674603	0.355226147397395	0.604123617217639	0.318841312860987	0.401569400164551	0.573387364289604	0.699640573108731	0.60138397615681	0.638966262586014	0.542917980471826	0.43801086836142	0.273673602454752	0	0.403741994491854	0.282555237689174	0.454979799876347	0.71300875922377	0.531847344032536	0.616381905985839	0.734750896395333	0.539140164900587	0.669522732795531	0.520733050452183	0.492791496311212	0.750481906613606	0.844943331796473	0.728460151965977	0.65133201855323	0.615329780388405	0.358782496167842	0.43555014659723	0.507528610273839	0.491717530423199	0.532100659208587	0.554108558215733	0.513879683286606	0.425172893985228	0.553056387118698	0.560890300909631	0.954343204810757	0.818045125855501	0.270489827788213	0.823201042802929	0.297978529162893	0.41771039898027	0.362336033557467	0.894399160976187	0.467794854433316	0.489043290989256	0.532992417260282	0.696218774751698	0.621248111275978	0.341616223450139	0.247171502416911	0.410186088936274	0.58579189171661	0.798261387791305	0.368982589252047	0.661247844446819	0.357795514302581	0.417074066706561	0.600462749251269	0.596409884477027	0.669978178870527	0.609052431289999	0.596683489015252	0.467237295197205	0.331860605501293	0.136475606973637	0.488847253046817	0.491561321414068	0.389821872982852	0.72751438118114	0.588854076468038	0.50488883118959	0.708505213161967	0.679627430641218	0.447710948829673	0.663392422170139	0.510834754807585	0.6655949928438	0.499300239425521	1.03985106831372	0.835779434355882	0.714162731590949	0.771899243038566	0.577508349398359	0.642294768059536	0.429537697887228	0.38672987307845	0.541560797140951	0.600962792578737	0.698186745568343	0.384509530160857	0.408910099287026	0.41687917772296	1.13529670865651	0.772378530613943	0.288952735818334	0.706519633549572	0.497092670738162	0.313957523943468	0.399658275149115	0.36152465557555	0.848947709879061	0.612979137776639	0.689775240191684	0.600739092858435	0.740660144214749	0.500782273316537	0.290927113888791	0.686182768551094	0.434846144200973
0.570689331102963	0.275365942206628	0.633812642554903	0.476209209946747	0.608057618245659	0.557095577871449	0.38234508985943	0.436707786276193	0.670472013138568	0.601212260721684	0.472373978238813	0.350365181565106	0.403741994491854	0	0.209575890522544	0.245874953998052	1.20710187443914	0.283912792159226	0.499445085990823	0.665560144767315	0.505648397562555	0.789822756515431	0.512060468437849	0.601070481798515	0.627234934115076	0.930642480246645	0.906346645857653	0.668047584750884	0.63705663504516	0.516214112211624	0.591173331186142	0.764934598437841	0.688703961332225	0.709629912815214	0.816074878841754	0.566994288989454	0.574972508704073	0.785294064901354	0.650494275329031	0.961002513001694	0.937050021381154	0.542127271269811	0.945565669987529	0.409636758777882	0.47980447514257	0.487163876904753	0.880887425785984	0.673251930803902	0.745763892720523	0.553127653498504	0.943300696350855	0.642740131784082	0.515150056906015	0.435439685868327	0.495329861758788	0.671028189977673	0.676537237871146	0.294926464098407	0.693602289446979	0.514899695505113	0.658021100350063	0.604439500078951	0.283603704698103	0.416614224616511	0.592518211653242	0.611763026957819	0.42751341953366	0.317090622879984	0.496563813589876	0.189877389984222	0.378272286964862	0.554379524307929	0.386031418977063	0.320552891845121	0.431568121301018	0.72678428087571	0.514461279222904	0.532870577359885	0.74318727945797	0.459865555243185	0.697044976770579	0.54855301023781	0.929891808950983	0.688757543400307	0.802456568087778	0.70097124008912	0.46027870908721	0.679207365595591	0.492603632146021	0.484390480026655	0.660352152608352	0.469448290592483	0.998970448730884	0.510787380560435	0.346696293914666	0.472292056083939	1.12083669028393	0.573844082110497	0.481159060228119	0.846013477723427	0.490162169000121	0.267095389334515	0.376414566980951	0.344708743829642	0.803120018003116	0.711986493078733	0.756361329327616	0.570408019182281	0.645223581346347	0.634588440895699	0.48306993617039	0.731544863197247	0.347145758057546
0.384691136018264	0.253776728492207	0.474083115935357	0.383425342403354	0.4636959253714	0.347730122936346	0.361697973230388	0.363775858289083	0.497010353127607	0.470902112502282	0.527054212216876	0.443633222952781	0.282555237689174	0.209575890522544	0	0.154013925350267	0.922234037105201	0.337285318187284	0.441810569123201	0.639081741921252	0.394285520714843	0.581069433899867	0.416767115049889	0.461415060507066	0.498178059186407	0.919460767860755	0.727845096541547	0.536896621907808	0.452262153047565	0.422551285688977	0.538905210669612	0.655078517106223	0.459019050223489	0.592710339496197	0.592874510426292	0.468352378217306	0.43359281377919	0.607972140149262	0.435229232318171	0.921947634014261	0.627177451139845	0.408213997055411	0.859565915777143	0.280943727801445	0.357719203663949	0.323953715409518	0.88238097544218	0.430833010936103	0.538817272825183	0.395199694478822	0.728071671006339	0.4583662990182	0.516246659142207	0.331389016065965	0.515170108158504	0.559572607407922	0.502118651491341	0.2117618937773	0.552783127969802	0.454515403213067	0.54241003520342	0.4185675765138	0.280787501927645	0.363207612777452	0.520890012427203	0.509983421003865	0.501557771250389	0.30348015618161	0.398755858996334	0.229039407055222	0.189501114697562	0.314119349198269	0.315144918386349	0.302093763772738	0.340203048339341	0.683712650926894	0.470807943130203	0.46763479148386	0.563575429227046	0.334028851552747	0.679669450957566	0.431544071919522	0.973269060074822	0.548616381456034	0.591811203013396	0.665641369099818	0.391587085773227	0.416001946821831	0.573486892695136	0.456224682740722	0.519731509510267	0.387842228375109	0.772719946673131	0.343962193725302	0.256436228073148	0.328307262470274	1.14404748014004	0.484743675748118	0.376186483042505	0.803395951390351	0.384720328465594	0.300579190691365	0.264544066755312	0.3046419933679	0.771440225945366	0.497572768473469	0.546055495659306	0.439313683757841	0.463275069791987	0.569856582381094	0.35465766249273	0.668816186931495	0.271741087310197
0.472571978949072	0.331591482386787	0.560716330675021	0.479052516716323	0.525707071247935	0.253510042376857	0.331456272014276	0.314630070328492	0.496841968782958	0.457735995605293	0.615916795577224	0.48810597407692	0.454979799876347	0.245874953998052	0.154013925350267	0	1.03480897022101	0.27007736150505	0.397227026079973	0.640315875621478	0.322475234410822	0.540072242293783	0.464749060812779	0.590248766816645	0.544797063080982	1.14379749905572	0.839185959712194	0.533723949811993	0.576296393096768	0.495013235124501	0.680125528597139	0.787754089796078	0.524307480240908	0.656984747880514	0.718810443860698	0.516948124041023	0.532513408607526	0.687095381964283	0.579683015760856	0.989074766820276	0.724626722188104	0.533161280444371	0.95024530958739	0.41117070035622	0.527500039527656	0.427673082421735	0.919639802502483	0.504573810047762	0.674455584172587	0.452510431755127	0.773734636368643	0.485107965381473	0.679787893700053	0.439361657070879	0.57647257807765	0.623146775271523	0.605469661405478	0.295207353476339	0.600782669171312	0.552421130574831	0.617394888048454	0.296385499684929	0.306559221295795	0.317512446785617	0.502071430694961	0.469971796474632	0.542392549923599	0.371512753538611	0.556105576569308	0.166357057175713	0.160134672719103	0.253316535960652	0.273664723410808	0.251658497927749	0.284451860100591	0.630928679499793	0.408658582646039	0.459518285089878	0.510402228295621	0.43046028348143	0.615305775143386	0.563370510624042	0.946227215293728	0.568060897219507	0.675029064607618	0.637557908761031	0.424789565680106	0.491439265093062	0.711929864719452	0.616125854943663	0.562379665224596	0.408090187638285	0.820991633862361	0.477036943993394	0.399752324009712	0.449100552007777	1.16276505304445	0.520688650133676	0.530450772477957	0.899078214975293	0.421462150035139	0.406254177230436	0.441042643999767	0.410063680905407	0.853239594916191	0.578367849777466	0.656928658502265	0.573149665123516	0.508386355275971	0.640888596764616	0.491145380716421	0.734095989521528	0.300913780432472
0.837622644602481	0.852000798719467	0.824891372110676	0.714488210073083	0.703065076051621	0.699653545547559	1.02918117726624	0.760483020418177	0.658388502855859	0.621888776654945	0.726767593733242	0.72979976973334	0.71300875922377	1.20710187443914	0.922234037105201	1.03480897022101	0	0.903667500341864	0.654687891056967	0.803362202202076	0.647357804651671	0.466777484842677	0.756551204410903	0.807581450876468	0.694226956039201	0.816611774762113	0.58909452309197	0.756264520691694	0.784664938609195	0.757830317004311	0.785774883238403	0.695995419369466	0.390750694338998	0.493588607829621	0.656569459276017	0.797067189341278	0.89054052550133	0.797087384339733	0.66237783487419	0.889964860641459	0.762582689782622	0.649666745356825	0.748808837070561	0.716515919837896	0.723898262051613	0.684538079656609	0.625587504923175	0.630204669427336	0.672514636611252	0.911242283570326	0.767939115247461	0.616695988493517	0.798086487783177	0.705445619117317	0.83005201042695	0.756804311040847	0.851394976485147	0.857017968293412	0.876113214405894	0.788734109478377	0.732293175565056	0.762840963852334	1.01098163353006	0.882852212810543	0.792494896714632	0.683957863030422	0.802075001618952	0.842585889337869	0.757882412335831	1.13841193760892	1.10225794932101	0.750075869509404	1.12437049107253	0.91385230589245	0.665428398975213	0.525593934480415	0.84353308905968	0.648351168615571	0.481547993536349	0.7976882222891	0.77612822898432	0.915789703062099	0.978687773328606	0.714596094657443	0.69880223520075	0.919944379509563	0.969205599164844	0.838725038625516	1.01519543157828	0.790490636573312	0.717229119253678	0.663005045178658	0.542072605338399	0.860482657616403	0.963064558744743	0.761040757449017	0.956043667273151	0.836281511309287	0.743336972340591	0.655622925497528	0.867305243096491	0.911022303092024	0.968118344998221	0.882127714060208	0.737754617337281	0.746649310277431	0.792536494912449	1.23989418566421	0.706117809891893	0.809476079228487	0.732399363615744	0.852813694973726	0.859700941747145
0.3850460968513	0.324406863969324	0.460584363340202	0.367596808564036	0.430930455736477	0.211902413564569	0.246534857018496	0.10581372321462	0.2964867164922	0.177914643928618	0.700619201218672	0.428527830857759	0.531847344032536	0.283912792159226	0.337285318187284	0.27007736150505	0.903667500341864	0	0.157133916087983	0.350275126319857	0.172114962160025	0.377003002302772	0.182518971577417	0.360418400187641	0.323111685296013	0.94474607383869	0.532325144552197	0.58739991547264	0.631756361961705	0.398557957713552	0.484851323463535	0.770928840819128	0.309221723414341	0.496643201380673	0.754077431622768	0.442612772927184	0.456178305894739	0.690226171540686	0.417614097192628	0.74636811930904	0.688272251079666	0.463657193984543	0.702525164747401	0.37216463420864	0.405058429362719	0.341646433260803	0.534222510721202	0.480376157619981	0.712974290684468	0.338791660800397	0.678688717207691	0.251866291411353	0.666748674712328	0.392886027758852	0.613511796171965	0.466858434159526	0.476191890555898	0.311810231635023	0.503993768805132	0.388629447924327	0.48362830519765	0.22255644831241	0.274154855720973	0.121188491658966	0.229525874045496	0.17680662176312	0.581104290121777	0.396674795064739	0.603769334793752	0.256849835967136	0.378322352019545	0.378321500618593	0.439127150594273	0.0909304656885251	0.154140398162439	0.311577144056857	0.200150519830245	0.187269476522056	0.302854656226863	0.349023195977199	0.445207701453821	0.411018976290536	0.74883046235565	0.367355326980251	0.460349787566044	0.534768079802653	0.421845849208646	0.62061213395891	0.555522823539824	0.403177983745663	0.53714527262249	0.2347540816744	0.852927570599561	0.525055643053904	0.400796200481142	0.346397562484703	1.01657026971656	0.462455491846704	0.456173477413163	0.632583063704953	0.46472204118991	0.297767911889074	0.405511177058514	0.326611407166142	0.519010748223024	0.537673531483605	0.701546756334622	0.604481739656374	0.339110084397533	0.523237747917861	0.468519439281804	0.732567007912107	0.177059878862933
0.291457165309015	0.362787643322634	0.422808710682858	0.435757074955313	0.491172855999295	0.208776212440013	0.375852300855941	0.109750870921111	0.246046669963504	0.162027781864573	0.610545169428424	0.539606005946592	0.616381905985839	0.499445085990823	0.441810569123201	0.397227026079973	0.654687891056967	0.157133916087983	0	0.236607810581671	0.161767519276562	0.152210770483457	0.295817507855102	0.36425281692233	0.283637696539587	0.866606923625897	0.425758856020276	0.391057434196214	0.51325314855356	0.305095187764309	0.491553401537018	0.700885382108142	0.236507133969637	0.320191636929382	0.590419876265907	0.332501299683266	0.50239137869867	0.75789389230336	0.477949569889204	0.634104676493851	0.716598086305349	0.4201893005713	0.649258684936427	0.447525175966131	0.432897363957695	0.421143632248594	0.398567810651827	0.392058733361307	0.791508327826263	0.529874613421886	0.792877804490171	0.184298598184663	0.760674064849919	0.514977176884072	0.622525590311833	0.559829652106293	0.374429179352172	0.326860530022399	0.491634943190742	0.469331343884911	0.565915829141556	0.279184569414657	0.405812194563524	0.178345256081867	0.260716748526922	0.193081512610506	0.482573472244099	0.460365141470303	0.647495378604664	0.463474893978953	0.576048520491404	0.450001290811431	0.585018323578225	0.14217095654188	0.137123153705905	0.174599138344628	0.105527150769633	0.195108178441822	0.125611130423234	0.299690687371432	0.42526591107412	0.434639975388994	0.609447770988655	0.274471863880203	0.347359542792764	0.466399480957419	0.335848230232665	0.521978338593515	0.558965097681037	0.41322891150004	0.521168390478756	0.131742264000666	0.545282222238334	0.448757633262978	0.473770054133663	0.387632951562515	0.912959589437132	0.41251535491522	0.545392260600302	0.543490127923912	0.430797328321035	0.475355624871085	0.533308108570947	0.482721955031093	0.440791207618221	0.474212299318593	0.509115643025939	0.897781116454791	0.192664185368445	0.528806442440204	0.521890584210788	0.711523914644277	0.282054154590897
