0	0.249051323165037	0.300950692892062	0.407873884637683	0.498844606674278	0.508314504982059	0.504589491747254	0.639269088409125	0.729298723815791	0.448024960141801	0.565025938096799	0.513642043183708	0.463516167426704	0.793548955511986	0.455741362775191	0.566479340369064	0.692162948065008	0.843058608483394	0.723750502157878	0.5190916545416	0.626672419481402	0.618650947559285	1.06279628966267	0.630126067727807	0.609019801907197	0.887058069360388	0.652961562807833	0.666386940465859	0.339346203756122	0.420501389970968	0.535215213798796	0.711603344029153	0.452657093025918	0.62561128276277	0.504303798854643	0.511514678681789	0.738276614607023	0.528873518870345	0.645843055654241	0.556137576952542	0.76867925075016	0.549046395790475	0.753143553397345	0.594106775681019	0.609442560686581	0.46118931768679	0.503979511483333	0.44615629760798	0.802791611485092	0.699753253355329	0.736992288163842	0.537938023607337	0.800129022985092	0.651199713512486	0.547654039820172	0.551891213616114	0.0853438840673746	0.296797978996974	0.346266655850872	0.454904482460862	0.56342754677655	0.48731996219204	0.49656756684525	0.600081570704848	1.11070448128269	0.458844857160133	0.622794856409175	0.600464008388292	0.421108143972353	0.742741642946989	0.604395467692637	0.649615752056318	0.756725217264528	0.63560550585356	0.766342933976627	0.825719622322407	0.501537086855655	0.535756215618255	0.588506470386872	0.662212170892985	0.637932951780312	0.456661014321332	0.658457402456742	0.60036218063307	0.632782001073403	0.74078292639083	0.655283416543144	0.338584977289964	0.471072834789454	0.512227430894526	0.676479658501992	0.654868472240116	0.738225869773054	0.369060793157102	0.645366407567276	0.522957360877748	0.552477559290144	0.613411222094376	0.50185236593083	0.605227528201928	0.538426970130333	0.644541667508013	0.521174133359452	0.43396234379741	0.506490664127904	0.434771418090628	0.574466951527604	0.610232726802181	0.458816393099889	0.857788406683014	0.534155456211151	0.502441587626632	0.554403246751289
0.249051323165037	0	0.417127382633955	0.336202198898392	0.396351325671914	0.642008675110846	0.749657426310639	0.88592407319908	0.879017737562428	0.616366983111363	0.517530970473105	0.244073193477872	0.533000584187752	0.840414829514804	0.487595086634821	0.574903553456122	0.72710470805598	1.00942742175366	0.937812456736707	0.72485109196742	0.819269666806298	0.750867701977146	1.09204005592096	0.753864006826468	0.714615857783325	0.989559911132961	0.896173924685728	0.641856417336752	0.532506256307059	0.345212556963515	0.624022549758606	0.5470899739762	0.438253965473528	0.766987772899339	0.611469666260263	0.567226311856222	0.87656858739355	0.616510979941139	0.703373068113656	0.655074296315802	0.708610881532211	0.519407852743793	0.946551436201947	0.729613833899783	0.668235182039441	0.606209230951699	0.663066722751072	0.560807493562129	0.926532794680234	0.815971503054574	0.913511556138937	0.735363934186497	0.576121151511851	0.556555092102964	0.464997466349705	0.601807828047113	0.332957812759164	0.0646900087158802	0.470674451823048	0.407665872507028	0.435867011356033	0.517597028491703	0.74263366493041	0.828803056269563	1.1123770986143	0.616901369550982	0.282342817644784	0.294842894597126	0.333874427242321	0.553557361108345	0.571977776011609	0.635347148773021	0.580597078524115	0.660194212476477	0.897706004486595	1.02593772698163	0.638042491612316	0.674760790726326	0.694891119604225	0.74731031877403	0.712032660404558	0.44849849745148	0.719916838950751	0.725539932768779	0.724462361708796	0.860979980668447	0.558341667578586	0.49304432670951	0.255327730317655	0.534967667555086	0.587628216818063	0.503417119761545	0.745996582129184	0.395009210867026	0.723040949918584	0.477579450592642	0.552399166521761	0.554379155313466	0.417182866419767	0.763474253745007	0.586982492767665	0.592730962390618	0.497305630002386	0.567185339197508	0.66857818938858	0.434259334935466	0.580942607548926	0.661955701464186	0.4357292649401	0.611624001339691	0.399006920736324	0.311606348535336	0.555144939145878
0.300950692892062	0.417127382633955	0	0.101013543622448	0.120596472246207	0.581783693566372	0.508193177294201	0.628744066229871	0.726817521306989	0.495606930600921	0.719590923866125	0.393523320892569	0.57017849635048	0.686165568753292	0.590541862408169	0.599381380978559	0.876233786949009	0.815454639878894	0.80024298263539	0.567861292639264	0.489192828786854	0.61276501498366	1.06423558472521	0.517188123141118	0.606507790776151	0.825363184886939	0.629613972235249	0.821956212375701	0.455418158960784	0.661129088775694	0.654264559065801	0.69374444587344	0.606387958005766	0.702194819598013	0.471931882841657	0.705428207717334	0.802884471265594	0.588135216434695	0.749032848394582	0.650894241713373	0.879254725364199	0.294462996292084	0.661132000433882	0.707153588667862	0.598541686078419	0.43548830133347	0.556840061347498	0.529070071865696	0.775886807432786	0.674715329548831	0.754081273242009	0.58968293030871	0.592756760275894	0.278105230725879	0.467835240008691	0.498143277440935	0.263718977612103	0.332188220221681	0.0662696331300827	0.148257950360539	0.150817560019828	0.475562842365562	0.546776642157803	0.583767484921968	1.19898452372773	0.507691644510811	0.61094923150909	0.505953164930768	0.53021038386267	0.817730136599782	0.542145302286821	0.680163681835667	0.913826361834051	0.707429769368651	0.720377409711236	0.891976342684489	0.527936779440532	0.430641488853141	0.641480086687691	0.666850145096345	0.712219341140787	0.464635515663555	0.619733179428175	0.504828721481134	0.659436710019508	0.754026522329044	0.80698608020872	0.47298303768672	0.640924384828348	0.599135251099433	0.680157045229889	0.708911326332253	0.754543132010551	0.54466382121266	0.594515591634335	0.452430258100766	0.500131118013173	0.665035619192292	0.297319885773551	0.570199071523267	0.592928164239812	0.563440670542981	0.39700414577531	0.43621568568686	0.466974988895758	0.423581796791661	0.570273017729575	0.563726109219837	0.580729672328091	0.567156929993097	0.310903000523704	0.575637431625693	0.521237207865622
0.407873884637683	0.336202198898392	0.101013543622448	0	0.0729011972521657	0.584180558879163	0.56967716161638	0.713733646707664	0.760045683278527	0.563979147380337	0.753180806829003	0.248508350046568	0.689895360418473	0.793738993059736	0.614369653689694	0.628537455021002	0.925406216085193	0.910488726831396	0.899268243492656	0.618506544323692	0.584869729160078	0.678366175202233	1.11757510945279	0.598038943037857	0.684848779904838	0.799428363919069	0.756658168816763	0.747727383970135	0.565415927053995	0.57839398877945	0.764100915069324	0.657196778360704	0.645370818042504	0.742030942571142	0.486921275159434	0.691709000443332	0.905256348229724	0.651002839304178	0.841227716402169	0.702385085466853	0.91113879541651	0.344878875196947	0.819628445066905	0.713851011318451	0.556156792595077	0.493571747996687	0.62461581946872	0.553942251783215	0.755431810425104	0.66965158728709	0.74502781807294	0.605842679237846	0.406482830610389	0.172952535007406	0.303320668070663	0.511230218490481	0.400812393821325	0.264505362172685	0.128924549796544	0.0518303423295173	0.0790957900291023	0.430251822449716	0.60763536417707	0.6584820895104	1.141521062196	0.583030251931913	0.438441312515284	0.32634324322697	0.536579064885369	0.766233123901458	0.483132700999417	0.681647637482512	0.884253700846486	0.718606547361519	0.744344354526707	1.0482451691498	0.585334898442588	0.533099211751388	0.68317228336704	0.647306942278255	0.715573670046448	0.5691002969628	0.624220700231101	0.592130426967165	0.743794496317336	0.805735277454087	0.701928601123314	0.571486419012321	0.540690072216993	0.700983207618433	0.6686366142826	0.605440417065895	0.733705283776866	0.544444753126005	0.673258991788762	0.425346768854414	0.571489453064951	0.683487232605708	0.288164373595306	0.708633435833099	0.540385135432362	0.475513868356017	0.363330989260806	0.506969922850578	0.583633912235181	0.367290622746701	0.609293034149653	0.554045529432575	0.513180170254606	0.393281677938639	0.155616180510362	0.376981343550761	0.519295356036954
0.498844606674278	0.396351325671914	0.120596472246207	0.0729011972521657	0	0.520352398522638	0.524178746391786	0.680383911666139	0.798775843138802	0.608533987254445	0.667780736792286	0.261385155364194	0.53810673970399	0.764811924738056	0.491876054173337	0.500871278045081	0.784084504998883	0.874768360655778	0.898034035382409	0.668190813381811	0.549325165046395	0.575658870450903	1.07281407115367	0.493752681041543	0.583021026861077	0.780258562306429	0.69948090088035	0.91552335519353	0.671785148019043	0.719914898960298	0.655083335357788	0.555633213340441	0.590121174537007	0.689488343366739	0.419864720452716	0.738775091285871	0.867639951280693	0.582548622592082	0.709953961986813	0.646579842394952	0.801344101300116	0.257423654276003	0.673467320827751	0.759850854406425	0.537567442060873	0.52881332405802	0.632767465775348	0.610845176531711	0.806148554315647	0.684583697858827	0.754204005326553	0.706568084872068	0.426124004133734	0.260012633218868	0.516650633355215	0.535446365997757	0.432096406870329	0.289762668695559	0.139123744579162	0.116330436993555	0.0253659688200578	0.386548609343735	0.554466286564078	0.618385186431138	1.17901547410124	0.604612138605348	0.446248716478155	0.404778966813039	0.433666637493874	0.717384166289919	0.393972154502182	0.536290244788224	0.716066903882512	0.688446741072848	0.714326621911623	0.991676416175225	0.611312634733044	0.463626545022479	0.615067079309285	0.706799155772451	0.757857311794219	0.425016236230993	0.605875218328969	0.498956256261869	0.649593767665057	0.704641393885646	0.834042716222485	0.683905298365122	0.665742767544317	0.583338412244665	0.54489318517739	0.58112005927125	0.680927279536945	0.630183313322765	0.630839883032546	0.385575880883755	0.465476282283947	0.621465353444794	0.241145097283882	0.574841096496142	0.704888303771809	0.550179952901046	0.368674542777306	0.54066880929958	0.575739647954343	0.422301303130825	0.691859429601883	0.547864862452594	0.618628881477428	0.468064086855593	0.30060852316212	0.579078966453091	0.515465917511816
0.508314504982059	0.642008675110846	0.581783693566372	0.584180558879163	0.520352398522638	0	0.442838820956331	0.300377102003015	0.630226290380755	0.333970893538218	0.630872442288292	0.611595004593553	0.382525547755759	0.802348645202109	0.235504326771315	0.284098493770214	0.411251693422393	0.471747428849071	0.336484838446959	0.477909044446014	0.373981274311522	0.194967447706738	1.1316917578395	0.346764594646612	0.272486230501949	0.886448097485982	0.362786669859634	1.20622919148209	0.677241203028898	0.844928386275832	0.557843895823795	0.641633771409414	0.334437922043519	0.300765926030938	0.327062929594658	0.608934674719458	0.641223956556804	0.420474259223081	0.524524801083447	0.263481510366381	0.747353538146781	0.440210354617253	0.439437086180811	0.362400027754237	0.272409009502213	0.292811796307885	0.243607039841876	0.294980459765424	0.445238537459514	0.281909316184294	0.377696070777041	0.4746413021005	0.793259142565844	0.705862793093069	0.890430075225141	0.290719248302333	0.457145798234447	0.606482344727445	0.607417882362345	0.614142675525414	0.576733971626057	0.131410310577039	0.441574763273844	0.287607301552127	1.19916925421336	0.306360891150774	0.597495808547099	0.755079144660061	0.40302174434525	0.681798277270446	0.272967352170666	0.313570664628713	0.41865661120229	0.313168341793143	0.453069063570931	0.467303908530601	0.415627665983154	0.392271782655368	0.151777876812449	0.489969360814585	0.445564846636777	0.31885961210112	0.409451003782001	0.319550300118795	0.316032175223547	0.484654645286203	1.09932056014016	0.82370175345427	0.916379517280049	0.485087250009442	0.398690892913233	0.365620246639704	0.632379216858977	0.694421677354166	0.681893645807412	0.342134566453707	0.462424183005551	0.68951040074	0.465063749320625	0.463132730704668	0.893354689177945	0.65978300915342	0.420335944477839	0.390858019269134	0.333008008158043	0.428539151496104	0.672338613814026	0.265680887478291	0.637962673048057	0.845347419166884	0.653098833773275	0.844922085076675	0.299850841009756
0.504589491747254	0.749657426310639	0.508193177294201	0.56967716161638	0.524178746391786	0.442838820956331	0	0.215307980884585	0.667633702806368	0.356250144088044	0.763867063770378	0.732985437193916	0.71050265922191	0.857927300216817	0.618669040268988	0.818539210840245	0.846592109189794	0.667048445445006	0.669386944099276	0.447360554157943	0.429638865064038	0.568764532300139	1.0761400661693	0.654986539730075	0.596714764174913	0.823963550522996	0.520606622161978	1.00627133577174	0.75274787768897	0.856112074118498	0.788072026615379	0.926861830623284	0.657341132058336	0.447532148663707	0.507823120462481	0.763709066131704	0.868305845479894	0.699280110880433	0.707882673936784	0.734054356342369	0.996436797468249	0.663699827917253	0.602971126363817	0.620146209041823	0.559825438106947	0.497717941495201	0.580046244580546	0.453282408652515	0.555208651359514	0.526906993393262	0.595559448841483	0.655522278703711	0.838812108801107	0.749306786425628	0.883597562539715	0.426526180550795	0.467461993297322	0.659117307396037	0.555294949100428	0.62982172866153	0.532001381392639	0.460614062017353	0.0308803514636028	0.213332854794324	1.12945290557048	0.363414239699536	0.586740578549547	0.853888190075481	0.643877036301394	0.800666637492573	0.491443592303224	0.722506131785293	0.772326380970244	0.514479212543337	0.553344642657975	0.766059461468775	0.519016495045785	0.650433208821929	0.531575520036958	0.495847523307209	0.624436419467236	0.621021093272684	0.485148246880667	0.62893754404556	0.618204031230872	0.52603906668134	0.950193228282494	0.793270540142221	0.906235923222135	0.663139410284127	0.808065414026133	0.45864580414727	0.70632375885275	0.911028712731387	0.906197741739783	0.558229417949441	0.796795644613756	0.965623492571346	0.568308089454629	0.5477573964441	1.00203451288021	0.619965472148915	0.61274096219557	0.4919053201305	0.61945117760642	0.505684054725067	0.725601263499108	0.481406417387678	0.716739524763015	1.0632202381272	0.735171545713953	0.801793765436929	0.369345970533491
0.639269088409125	0.88592407319908	0.628744066229871	0.713733646707664	0.680383911666139	0.300377102003015	0.215307980884585	0	0.415872203630772	0.187686493017653	0.853022227632584	0.851322129353008	0.678147226126968	0.758191315676515	0.555947965254847	0.802757158190936	0.743076841418705	0.325735275029479	0.352670706817518	0.270812858953982	0.350349106057923	0.386643743536688	1.04909420803039	0.530435970774215	0.534717249158167	0.848540628675016	0.345024616376372	1.15027019716433	0.785267525239776	0.912424771672281	0.73255550872418	0.903433023562542	0.612708021536398	0.393709829046538	0.541584567188196	0.70437323475506	0.693719466859147	0.675074906774942	0.678516912869782	0.552268720163461	0.936890000968025	0.618026006774919	0.604160460583255	0.499359836928695	0.521266888920051	0.41745142322414	0.420824947965762	0.336169979360445	0.372114499391386	0.39394196074777	0.487739167281117	0.54349290465054	0.96343276388493	0.739853193435161	0.986376414894048	0.268706654594	0.51755612825722	0.800728199300001	0.69432896085601	0.763263408789914	0.673560738045636	0.369536276086186	0.247137823455139	0.0476234554871651	1.07968356862493	0.192073505252746	0.741237259373448	1.00255276131316	0.730119892634059	0.855831481909878	0.476224108720057	0.710057969400076	0.759902250917529	0.250385292419984	0.460537360861284	0.458236501410537	0.421334967008897	0.593140027127309	0.357424452777328	0.398741948908244	0.494993110502811	0.591482280506271	0.369598696375357	0.566328963720525	0.496968217318922	0.546896081555414	1.12882467732307	0.903770889656255	1.05206010944143	0.684163725011703	0.793854353551005	0.503026752435554	0.74455217271501	0.898833984820473	0.78364535258645	0.541861864785795	0.707977756895309	0.939273184134459	0.61471934628059	0.675933697962693	1.02473964604571	0.657243875146198	0.614573326798356	0.456013680865983	0.470551748867562	0.510506387888933	0.724110044504409	0.351770715544337	0.751610073018408	1.06875808003915	0.744628658144337	0.911726159561203	0.293008171032705
0.729298723815791	0.879017737562428	0.726817521306989	0.760045683278527	0.798775843138802	0.630226290380755	0.667633702806368	0.415872203630772	0	0.40800346750972	0.932448437915439	0.863068733793566	0.752479433073377	0.726567887458373	0.801796029383055	0.907981470478599	0.916839722262245	0.552519474410852	0.689859738347745	0.387538971511859	0.62351202116533	0.485799090637553	1.09343200989414	0.679248911656966	0.747262148831691	0.935811510786933	0.456362936527151	0.713857435579144	0.642067817451095	0.697448015874347	0.687390597269901	0.792012415992057	0.689731973716626	0.81909915294083	0.634516525624282	0.590461983381112	0.644717752085318	0.608311175207865	0.628886117749908	0.657574315268244	0.712276165936468	0.69597967575543	0.701954699172977	0.768700643492502	0.830996382555351	0.661666732392678	0.581614287093029	0.502288967622186	0.688652566826456	0.769501997871168	0.81571463846355	0.704121618834539	1.0322059434481	0.802367156655646	0.870566044144754	0.449080801180825	0.717745914042699	0.84847867157684	0.812883728728134	0.822491059270562	0.761015951084162	0.578311420094392	0.666670653162143	0.468725121352242	0.687782106928231	0.370868815055225	0.8149899476871	1.09163409596607	0.832144527038494	0.903180846468518	0.766999258501303	0.858120940026196	1.1009386935784	0.50004513096432	0.835953452230427	0.772750635323652	0.549826111416027	0.634323595196609	0.577506657756963	0.63044121521709	0.640437847633579	0.795856933642833	0.774840955428699	0.783006811889909	0.555172190109962	0.675027761743668	0.770163379169904	0.766736718794824	0.881732028698622	0.740844207781378	0.95788053812027	0.852950399437177	0.955008894186415	0.807628011003995	0.769901386126884	0.750463750684048	0.919394526787873	0.900627599980492	0.751811882108147	0.764789150396497	0.90608517444485	0.84488212118342	0.820787903086978	0.681605298707113	0.653614091689586	0.583658604323547	0.743293503539469	0.697778542609401	0.764882073713276	1.16819160085616	0.837858325352615	0.833898494237637	0.546874909190044
0.448024960141801	0.616366983111363	0.495606930600921	0.563979147380337	0.608533987254445	0.333970893538218	0.356250144088044	0.187686493017653	0.40800346750972	0	0.810742280519111	0.641663471341676	0.617215248783393	0.704083887637858	0.553321939129659	0.739984425059956	0.75606287991813	0.41753615728136	0.412156262684007	0.214888340743697	0.318768593668379	0.389699512438404	1.08006235729406	0.529337273252326	0.512904054763403	0.868453554364773	0.362867677938169	0.916081288966297	0.511447756259436	0.597842275935812	0.670000602448411	0.785135847494772	0.463680847933788	0.417105346806603	0.519738338532935	0.571504408615044	0.64980140940817	0.553959236732503	0.597154089316993	0.493285915654209	0.857826348385569	0.562669274391485	0.652499840820686	0.418852280363734	0.415746892436182	0.279920854424581	0.348580906311658	0.145010798466934	0.354000160009853	0.32619901398394	0.49860911043324	0.395901242808789	0.870901849505129	0.684464000553884	0.825381202460284	0.100569564118344	0.428857911100974	0.61758141307043	0.604346224658104	0.636318610917631	0.593698593353467	0.404286792780056	0.403256861192552	0.229671166905473	1.12146355807053	0.0471038993509694	0.577989855209457	0.810287782263589	0.707021616948578	0.795764792237389	0.507287907901918	0.734238810352595	0.773314474625046	0.290690533080598	0.474647149904701	0.592643248368344	0.357870978780395	0.533978748492423	0.334966483540249	0.284257868085936	0.430723685496617	0.535883530021561	0.314159608462522	0.561556374861844	0.491438454305688	0.670689404872778	0.870151082282388	0.613147798159129	0.824715803917512	0.663320280539224	0.793190075991501	0.409065668370349	0.658139181436179	0.642653482119344	0.667136050928161	0.399194323179289	0.634936945513502	0.810276520092266	0.561974463243221	0.578913548614908	0.777773519112452	0.479200542926701	0.492400754726752	0.278899956210789	0.396472385962183	0.278365695870437	0.423617535045292	0.253321839630236	0.508057434395982	0.927234055100859	0.58986873405008	0.668284349325445	0.123051174965833
0.565025938096799	0.517530970473105	0.719590923866125	0.753180806829003	0.667780736792286	0.630872442288292	0.763867063770378	0.853022227632584	0.932448437915439	0.810742280519111	0	0.604549866223474	0.380805106963197	0.658362550021577	0.295275479838182	0.49317516022974	0.277233165385244	0.830577633248623	0.783718713368803	0.799123529424261	0.875678770974453	0.645295015443716	0.946679439625125	0.942959752567992	0.739052808325451	0.808877760915754	0.914716446834975	0.909234784979758	0.787083074153588	0.590210344100339	0.599776082037482	0.77099409429494	0.458704299195949	0.67086940618986	0.78254829827546	0.904243310012017	0.934060632026449	0.777666907133829	0.495314945421778	0.860577040395943	0.712980874248512	0.879908436245135	0.941895598872982	0.894825053797016	0.911674348509395	0.929552292904154	0.834954718377056	0.74920540333284	1.05631827691525	0.956742437787845	1.02553416268721	0.810906064930003	1.07532233478453	0.991849381641617	0.903572228683577	0.913532594173193	0.517053258911224	0.53115767588655	0.649412911888655	0.683653410522438	0.686846497980372	0.471599983329723	0.637581419396842	0.769551281131289	0.985429461604027	0.742220113380795	0.488889003949797	0.789896631478169	0.370632301380343	0.307976067943603	0.398325552328575	0.345775864597134	0.421650700891987	0.537445445093324	1.13570274182476	0.721847806072099	0.810290461326041	0.831772472056552	0.721947252294411	1.12635293387668	0.882980158788706	0.564736082619342	0.913921058131839	0.759169257440271	0.822008105421091	0.652941800501321	0.762100928915659	0.823711208423704	0.678002442990623	0.568525444664219	0.525705778838445	0.69716161965699	0.879043762763744	0.668977224811387	1.01699604160823	0.917878590090203	0.755815637398151	0.753551376989149	0.821106423392398	0.798276576110907	1.15202502978049	1.07199160346616	1.01043377885646	0.914552222680446	0.881101323403848	0.887571065605899	0.763656964677616	0.837596067173641	0.792660864197833	1.15157752363584	0.982503274420571	0.75794771523162	0.765707376173997
0.513642043183708	0.244073193477872	0.393523320892569	0.248508350046568	0.261385155364194	0.611595004593553	0.732985437193916	0.851322129353008	0.863068733793566	0.641663471341676	0.604549866223474	0	0.627484933720003	0.752697961008958	0.56452358022599	0.559442094489092	0.807107656452619	0.936648465692463	0.99260348301629	0.816425894990604	0.745228053280565	0.771339012463255	0.958819246261918	0.702831879521171	0.689642899060966	0.768496183023186	0.964742041795188	0.766306677638502	0.717523719785556	0.444658301679213	0.716876712557035	0.582137454369071	0.433072652923468	0.677621357665809	0.524230757127059	0.677867154432973	1.04762796338777	0.700107218544679	0.698154204411934	0.677955145257765	0.663229731349527	0.408232955617745	0.878786230282019	0.859708468938964	0.627632530368109	0.679373638566334	0.755927432309303	0.611934519478715	0.889124330515912	0.803172516125451	0.924935727449298	0.649811467155436	0.266445350576179	0.364194881100987	0.431115184360756	0.582870484842097	0.556514659284784	0.242836215140882	0.380743097928487	0.259732180931814	0.245492013548173	0.525211733626641	0.73772569384407	0.877045252901027	1.0991778832372	0.647164880718172	0.311899043585583	0.181047064402615	0.486804052458954	0.62951447293068	0.572643671752238	0.691352261440693	0.706020455718778	0.750073476042643	0.900398347580812	1.20640360266292	0.81306228140021	0.695997723649614	0.792729325449709	0.696915145267611	0.81112177357103	0.493590901673615	0.657350353443579	0.677451915278351	0.838781024062173	0.799983752091194	0.651874733268705	0.695771960533755	0.38151688926337	0.651895230713282	0.619774376319942	0.374189295451008	0.748892930022683	0.512094427091333	0.782382655319687	0.388385215367571	0.532416013672297	0.466370933860482	0.371349490015826	0.6742241193505	0.696439611011374	0.492621067204954	0.405547418031219	0.592536020500371	0.748616904570228	0.365705203689053	0.695481373888131	0.588456756741967	0.384116729132905	0.438403655149362	0.258548701727433	0.362527076468933	0.468936638693648
0.463516167426704	0.533000584187752	0.57017849635048	0.689895360418473	0.53810673970399	0.382525547755759	0.71050265922191	0.678147226126968	0.752479433073377	0.617215248783393	0.380805106963197	0.627484933720003	0	0.775123593880425	0.152967854640629	0.160087144022681	0.340875836227049	0.72918066768774	0.653954926101217	0.735080406831066	0.539045096977022	0.359410504990435	0.957737321322163	0.495133481145275	0.410102130564337	0.990086123075351	0.585319792648621	1.18782822466443	0.68447413542056	0.729720131116009	0.191414662075225	0.319582408577755	0.403210483581967	0.657244423470905	0.515175451347558	0.720209877464841	0.465229502243205	0.396037841437422	0.354766296352626	0.442031655746258	0.499175160762178	0.360867494178353	0.504497830494882	0.589805958286791	0.588283522204813	0.533848549914973	0.559776737310447	0.63772286285322	0.838846631406678	0.716350407272918	0.733768615910574	0.781108258674171	0.989321323065604	0.829640137593419	1.08497734222581	0.650620169667395	0.383250857916984	0.518943527796433	0.565389209822555	0.724131962053275	0.620227857753819	0.367840051257305	0.669999526200407	0.615944556101139	1.24741723741605	0.583351444812775	0.759814963764372	0.77053769006447	0.142161235592862	0.646699171532775	0.373335377339316	0.231601788444962	0.412734769548094	0.516345631063291	0.681754856362763	0.610989115868288	0.660112614708322	0.364701711639467	0.387224414718159	0.820314420781136	0.591209211162994	0.23286763874461	0.643940844318481	0.379922176825602	0.441620912605458	0.646102141135682	1.08809388579578	0.697014754646293	0.732800490129072	0.150270434278047	0.228909483173896	0.681359421332814	0.871428299527311	0.580663115306712	0.440388972241931	0.46268151470763	0.358674369621418	0.498924562108508	0.402244956409406	0.426376219775374	0.99080630613589	0.794655396007656	0.623384365284536	0.542498102362751	0.550212658774467	0.643873630853896	0.774623459242555	0.585070159296644	0.784991408364418	0.944861804815628	0.862297109643728	1.0454556869346	0.624106394937342
0.793548955511986	0.840414829514804	0.686165568753292	0.793738993059736	0.764811924738056	0.802348645202109	0.857927300216817	0.758191315676515	0.726567887458373	0.704083887637858	0.658362550021577	0.752697961008958	0.775123593880425	0	0.856431220493603	0.862580364301389	0.870708551946414	0.5186058688052	0.695510532700049	0.595948471397797	0.702656867679107	0.718166927913115	0.644582477718137	0.703503930165528	0.78138456590662	0.728604580526774	0.789765527669946	0.787922259432221	0.652448597742853	0.654349917846469	0.743433845428019	0.887931551480006	0.609489613996813	0.793983726161526	0.847990632913966	0.764813628153924	0.75056589061705	0.883331186632948	0.864170118514224	0.800373734160368	0.867428140689955	0.757308616030176	0.733832462421189	0.883378789070195	0.874932149543766	0.823484820702432	0.864992015463496	0.65048905555111	0.800101948612802	0.834617331073811	0.877907764334497	0.550810070318798	0.933920268028428	0.74375642728705	0.773944226259386	0.768636218108786	0.67882257690071	0.699198695667852	0.71306592517055	0.817690025998849	0.73968234126526	0.729819588917713	0.858112038342946	0.799522983251144	0.907238224837313	0.671544979122116	0.71558782365459	0.957316875694963	0.784167426290352	0.468677729270504	0.776586420051185	0.839209212672805	0.964107678770699	0.670883683929473	1.0393412526521	0.647753107625895	0.588117060473682	0.712481042689784	0.769793956689268	0.87585478899852	0.816720188685973	0.744234171742614	0.864305986477135	0.785403143253826	0.763568483270844	0.913850012701997	0.77319896401144	0.751931360905788	0.734412221873727	0.69830085444339	0.901774383899038	0.753230641185633	1.11603826973634	0.759884075715516	0.704993414091484	0.80709284179325	0.864761704488362	0.847282657824824	0.755267592037412	0.878808124587881	0.954552954787611	0.947524615108396	0.899312661717259	0.904203555465543	0.836974280183495	0.838660802172975	0.666008221108803	0.835324680602564	0.756853290053697	0.961832251118138	0.924260470509634	0.912030023188464	0.770842005944356
0.455741362775191	0.487595086634821	0.590541862408169	0.614369653689694	0.491876054173337	0.235504326771315	0.618669040268988	0.555947965254847	0.801796029383055	0.553321939129659	0.295275479838182	0.56452358022599	0.152967854640629	0.856431220493603	0	0.184223605886336	0.155629344236494	0.614863551577626	0.506854064396978	0.643932242886101	0.531364637910515	0.28573733033331	1.02496629867615	0.494967818541325	0.39001971440347	0.828534473194304	0.594952982609215	1.17328421983102	0.696996800055452	0.749383579059513	0.394216259129661	0.522957188333777	0.41074895881095	0.460279010095375	0.504168216915914	0.73307442687904	0.643812820970318	0.497017254514957	0.458425485453797	0.445515179947228	0.666189140411949	0.504021258651892	0.645314292194068	0.515313357180988	0.462136728802508	0.5161063780132	0.446518309976643	0.5283524536558	0.710602067809285	0.551252325989839	0.599726018207478	0.713267043352238	0.917555127789863	0.831621503793353	0.996456978961295	0.585292834469907	0.382041707244484	0.489784252920652	0.539989913963375	0.604891366516802	0.543857005031573	0.213726774601081	0.557592358268381	0.486360345394487	1.18357576818694	0.515900374927705	0.612834098051926	0.73153791460115	0.201739494434219	0.521719552196636	0.192863741533335	0.139267700061568	0.276237052790341	0.309066680998206	0.630280345999397	0.515529331186468	0.606377721860907	0.418033169742024	0.322147059848626	0.735890975440385	0.565111474425906	0.273502556430428	0.537320973457634	0.422803359240595	0.466152598155525	0.546195317598177	1.02853854761414	0.766685902998656	0.81034262268166	0.35893597434393	0.241460020056695	0.573577119884413	0.764124401196917	0.571790392938554	0.653396282901354	0.483965967544342	0.390655495472383	0.589447908663407	0.494763153628166	0.547810736819854	0.977505384925297	0.782702914970945	0.589777596374042	0.542142515982494	0.48630003456451	0.612308117450835	0.792776822531154	0.437019255061365	0.707105968859846	0.912265772873461	0.754433233930653	0.871988297296164	0.531659546315699
0.566479340369064	0.574903553456122	0.599381380978559	0.628537455021002	0.500871278045081	0.284098493770214	0.818539210840245	0.802757158190936	0.907981470478599	0.739984425059956	0.49317516022974	0.559442094489092	0.160087144022681	0.862580364301389	0.184223605886336	0	0.351428051895662	0.81730730542302	0.662650771820791	0.894580498347978	0.601367371940784	0.315132710973418	1.14305621664588	0.425574107742118	0.318948134365988	0.95825530753823	0.624552193647712	1.211873906701	0.744487770298249	0.885982449277497	0.449643977363216	0.428390550694883	0.399975475824211	0.63450789308689	0.476553022139745	0.816713168472594	0.701437008531548	0.42811199344897	0.489732356582016	0.383824838113171	0.596094289413096	0.376931462403843	0.449712126138646	0.663980974012749	0.472981076718111	0.560762827717695	0.48660628759525	0.683974852606332	0.918538586605289	0.651277112968317	0.697581498921377	0.788227295867191	0.802364378400982	0.754506435561226	1.00557760048667	0.691918297066064	0.518848340870763	0.584290633718467	0.596315136037063	0.645147058408117	0.59199295069099	0.352936316523886	0.788114601714335	0.764270339444595	1.14801733833112	0.706544442701506	0.754377608133871	0.713643051298057	0.233317750359914	0.657319721160021	0.412145913382798	0.183872892599111	0.3642685433515	0.648568696538384	0.659625715976233	0.663062654152925	0.748743730658051	0.366290815644763	0.34811107838496	0.890552363467106	0.671379971331549	0.236822578264952	0.670091676825959	0.328250107770307	0.425126839035443	0.645798714520788	1.10613134398865	0.805215430260288	0.841725199694278	0.337192093679413	0.154190802739081	0.631820809571593	0.808103782034474	0.666368159812707	0.614654597659547	0.457713990270163	0.373300262930576	0.51393249234741	0.458282996503786	0.387686422149456	0.963494109834535	0.846360474274893	0.514850697750617	0.632968761051118	0.503614833510217	0.708863534569357	0.853014514966132	0.589312692329563	0.762996627929141	0.798153559749788	0.756749646001363	1.00049506302662	0.666256290572231
0.692162948065008	0.72710470805598	0.876233786949009	0.925406216085193	0.784084504998883	0.411251693422393	0.846592109189794	0.743076841418705	0.916839722262245	0.75606287991813	0.277233165385244	0.807107656452619	0.340875836227049	0.870708551946414	0.155629344236494	0.351428051895662	0	0.66872869319604	0.552155213854548	0.777655368145527	0.772761996372289	0.388506918551733	0.976433617810291	0.704423953816696	0.577312732291762	0.875078439024937	0.742467633717075	1.15589105498333	0.854617233498906	0.900406659443585	0.559338001605325	0.754088124059608	0.526351292062652	0.526567652144341	0.709542707212961	0.840196315912214	0.775696136915907	0.656016958038242	0.479841356144677	0.624487742083981	0.70113722724075	0.834613211958529	0.778127709043416	0.660054166984089	0.655819176583084	0.752617579213683	0.606438442324982	0.66510764387746	0.817912536592881	0.697796574899056	0.741126087192471	0.841793316494753	1.16022924559681	1.1484514177518	1.16015063193917	0.793306006087305	0.617264889547275	0.745013557570164	0.771500978774442	0.839796668872059	0.814557292281601	0.439841330520198	0.741169474467446	0.666782235760918	1.05701620988075	0.671471344333133	0.774953836153284	0.982622812504721	0.448476886303566	0.529766690243224	0.349335069588742	0.236456511519144	0.351415101959427	0.453065974725324	0.892432387102324	0.557048211779027	0.804912007139523	0.676548249293498	0.535799099142631	1.01683953695641	0.838558809725256	0.516485931818406	0.801819817137281	0.667402323237281	0.634752994397782	0.539099924584893	0.991615721247251	0.916798895204274	1.02915673842493	0.590032368825064	0.452569681264761	0.766651077729512	0.816215674026478	0.688801992707118	0.890810436726935	0.815516107872664	0.620621892659457	0.780414016891848	0.863525532433927	0.684766569277266	1.11368445458136	1.05167630608655	0.9008258437988	0.796354072391451	0.67958236727679	0.886414584017823	0.924151287402153	0.663830133518247	0.872105611276908	1.19580764720952	1.06687251850232	1.0104158416974	0.740309603060489
0.843058608483394	1.00942742175366	0.815454639878894	0.910488726831396	0.874768360655778	0.471747428849071	0.667048445445006	0.325735275029479	0.552519474410852	0.41753615728136	0.830577633248623	0.936648465692463	0.72918066768774	0.5186058688052	0.614863551577626	0.81730730542302	0.66872869319604	0	0.199374940110394	0.378966313064668	0.396100899717898	0.372484621814039	0.669105199785421	0.48378566543834	0.549424678453265	0.871259878512048	0.456748232632862	1.17601602635866	0.707956678712129	0.859560417336436	0.735058358677743	1.07699493178678	0.583040956152851	0.437881957962156	0.778165890949521	0.589339551934992	0.650670299505478	0.906768297779424	0.810888301312369	0.587502172499129	0.93702819851814	0.816100861419348	0.665519571748978	0.601065014349638	0.602080410639358	0.601671169661809	0.516485335065207	0.442740495802478	0.430892245927492	0.432517532287961	0.49635217259223	0.398448532233404	1.10057771727303	0.869277409484935	1.0302900682184	0.509352042883291	0.744816829633895	0.948953212178959	0.820484786737895	0.929888116990337	0.837604409952398	0.549897936462802	0.684702063023819	0.35643868104778	1.12029955767861	0.427324781088378	0.931548752979855	1.11057296559456	0.880655353092728	0.701669991433264	0.607013037101677	0.781197071199867	0.715978849925803	0.283159565412439	0.615117582840425	0.296658759744534	0.489216896683437	0.611274024198314	0.425944646404198	0.521613994918753	0.662539441706643	0.694528092763423	0.482607681117848	0.646906220275437	0.516005636657828	0.735963216883092	1.14288450203279	0.881042485851743	1.00728019754399	0.798196734203264	0.966142452670658	0.654091043162138	0.833955509404234	0.807718398424689	0.710642454982292	0.712507224880619	0.723099951393399	0.76454196523247	0.863932444206528	0.819819499382886	1.00686876511035	0.858971828562245	0.879169692822175	0.724649821491113	0.53250332727861	0.728294844463302	0.823577897893638	0.475417652511103	0.745522531154757	1.10331478545963	0.909363261333602	1.06940092939588	0.570720730306173
0.723750502157878	0.937812456736707	0.80024298263539	0.899268243492656	0.898034035382409	0.336484838446959	0.669386944099276	0.352670706817518	0.689859738347745	0.412156262684007	0.783718713368803	0.99260348301629	0.653954926101217	0.695510532700049	0.506854064396978	0.662650771820791	0.552155213854548	0.199374940110394	0	0.369231077842515	0.374348213197953	0.334608201557865	0.909223515452198	0.419150679080795	0.404944510529633	0.919725429289413	0.435259647629874	1.24785127228045	0.673408674637839	0.906856404879353	0.764268919794995	1.05229918399118	0.619829618330619	0.40001809715804	0.670823327898779	0.676535747802211	0.669975927981021	0.838439496278373	0.824481187279723	0.470496604655995	1.07124133058286	0.807505087491693	0.651105909363905	0.455079941164692	0.541174623091683	0.498661074922513	0.327594800587215	0.436733941217336	0.508659034327662	0.373311164239691	0.511681499602808	0.468327615145791	1.1489780994927	0.851099783049295	0.979017053656852	0.486891222833909	0.655339625527053	0.865922648023203	0.762619514501174	0.873999962597073	0.887454516423019	0.490892253069847	0.688232084703585	0.330616323147928	1.23069014028469	0.39615949948253	0.919780186591815	1.0800787920619	0.760204345652551	0.803943354855143	0.527371907704501	0.641298843809274	0.660189279747037	0.325814617296606	0.591902866653928	0.174885780940069	0.404624536538705	0.525329729370283	0.342645295531857	0.5918726941179	0.618805065647165	0.632374374269721	0.454421899209843	0.513330128381075	0.462084556081337	0.749638249653551	1.20988535145045	0.821746843950074	1.03289307958551	0.72143269353087	0.780469774790415	0.691158852022359	0.803745155972496	0.73606098129742	0.668696627691246	0.716430357229411	0.605422077860759	0.897963284036375	0.818751312150194	0.799238207803646	0.895700509325595	0.817294313774734	0.728257567866832	0.629784351266402	0.361219903635002	0.73453445960545	0.742692396961633	0.426727044043341	0.801903327043679	1.00677065299768	0.868852574726513	1.04340956318909	0.561879422726464
