0	0.268929143579784	0.235883625835272	0.430391953758241	0.392785944224207	0.288477563051863	0.478353567225119	0.345692646037057	0.435529549378586	0.368973302575881	0.62583791919814	0.468080176961732	0.500419193303222	0.855459214445379	0.589096423397198	0.425276690721386	0.643499409816741	0.442270009244024	0.590278960407904	0.471770367968567	0.335673195094229	0.417503416945002	0.661302878033472	0.472434321682136	0.469373388591993	0.866193432414555	0.364793285196842	0.886715801428617	0.596848151336419	0.67481381256429	0.614725315347652	0.659283853907096	0.546752222212967	0.751840250080932	0.308199758666188	0.759900605029516	0.699446332271497	0.612105095690674	0.58214177460462	0.667317511318651	0.522906335310219	0.411619556519896	0.318807269104273	0.512591129116558	0.587638422711212	0.401253871280368	0.349253106027236	0.530582672779607	0.541351878407956	0.540509946285825	0.635459278948688	0.466800425531517	0.504331366012933	0.298633550201056	0.573491888701163	0.588094382897064	0.172326571078748	0.301621791655234	0.250307272583345	0.467243623084501	0.395889095451471	0.317173592311797	0.476279274957059	0.325122816749925	0.390984964207565	0.40878407164461	0.591472635309019	0.384673177183218	0.457907439350088	0.687271726225407	0.514716086556071	0.434914671022075	0.671016704844128	0.445880195292288	0.359591660886896	0.487095068044412	0.568866029712901	0.342286712181596	0.414992475022624	0.52910727603561	0.638955618125713	0.415619065986237	0.741358102047542	0.466291533811046	0.405863850201773	0.781846775518315	1.22970254704103	0.41008670993532	0.628615431709338	0.618891059924706	0.567477531977168	0.587019997661672	0.495256893977681	0.794799729834011	0.42450564475234	0.495631406825869	0.446371100616305	0.48635516379545	0.359170659199916	0.367020724580798	0.503211916163959	0.499698723064812	0.495607209108113	0.312656686223519	0.420374286514225	0.458940434295448	0.798786324472536	0.561952629658685	0.474962613769742	0.652323429229136	0.329515520994174	0.578987706894583	0.567224369816076
0.268929143579784	0	0.29935924070158	0.325903903708315	0.331872787021276	0.29717186835554	0.457317313774462	0.294797347771952	0.380406032090167	0.335884868912018	0.274546278506747	0.236958573711376	0.322415295031168	0.58427001329483	0.478849870816425	0.503056083791066	0.569676944588339	0.396731401538841	0.61068210669202	0.383355444891292	0.327306435651542	0.345830963753	0.542690425856577	0.576907549785676	0.577212154834984	0.74762357512799	0.452957966309672	0.682211292255773	0.428601656776722	0.465822278012958	0.491689711559837	0.605794047127997	0.568701359521731	0.658520035574917	0.374909667187992	0.764089422631337	0.709817251335957	0.685773956201873	0.59729942187933	0.800211743673607	0.598912248565996	0.363398887548253	0.353680264653655	0.414609231890654	0.587349284840317	0.361017043659795	0.357124283002678	0.524572172662216	0.503068539240367	0.624839178713709	0.718826414676272	0.509204857558462	0.379871999868248	0.233398102280481	0.537234178926771	0.524851862935861	0.19197774335572	0.0506062131702479	0.26990062804725	0.354834344987978	0.409965806895098	0.364096721476241	0.486623950161201	0.315419386325284	0.43644346382019	0.342321324751784	0.257818502750906	0.216267115812373	0.260409561451184	0.412386389921039	0.390501939854007	0.536121094050365	0.594163241238227	0.422870980506579	0.420406047111365	0.484187010425883	0.532510490909485	0.342765605627257	0.392057598995511	0.483954822069983	0.588255403588784	0.444031142872166	0.549975976867302	0.471823889481534	0.422644701901885	0.620218845496196	1.08525942195565	0.268003082574206	0.395179742316515	0.567450224922502	0.599928025145125	0.512928285684757	0.482342038558439	0.68745672394365	0.359151065051345	0.475291602538671	0.45613985158747	0.567360799041844	0.258011621782144	0.403271184524803	0.458386533501274	0.414647104798344	0.487614646924778	0.230320425445007	0.502623694886209	0.404302028560081	0.699518938388503	0.57711774215503	0.424944276420866	0.576075632837386	0.28151070972553	0.519165708126746	0.496579321748856
0.235883625835272	0.29935924070158	0	0.115287809246715	0.121089441659233	0.299032462486338	0.514411214350139	0.326359712179603	0.478951528678771	0.421980974588523	0.611362819964715	0.275317312619941	0.342461546364612	0.583336030336682	0.377376085558722	0.372051108161327	0.606880712386954	0.384131235822709	0.646401347556423	0.474010282410567	0.273085173441708	0.413039377228369	0.543450787278726	0.483215559432859	0.599643928646882	0.834379230108845	0.430079587664121	0.799006391895808	0.62544955781576	0.499162209381497	0.504154506007181	0.593448869142943	0.690647955121223	0.692874228901667	0.452658042906306	0.846275209474893	0.798095951034874	0.64581615645088	0.681507006855607	0.754041223312926	0.616229257272899	0.331445418226421	0.359050470976942	0.538941423874415	0.650130682250958	0.382322894634556	0.428688730364797	0.649812639363288	0.562340228602872	0.676173766041301	0.765808971131028	0.604836670140849	0.399082127069031	0.141933405828404	0.508737250541539	0.630565654811598	0.301368642043288	0.261696790377957	0.0649511675412455	0.165371681886999	0.182324802160472	0.312200257627047	0.519732272043883	0.344532456647136	0.345104050080237	0.450296298711182	0.461360976726551	0.280762556485092	0.268613230121602	0.514115827095821	0.330693522140012	0.40199000759876	0.527580134238887	0.328944890734869	0.426278582658438	0.531539904814627	0.512644283698896	0.299589160504952	0.416649032843871	0.564256454596767	0.523602672514318	0.477569547168902	0.575469496244754	0.52610311454167	0.427443051432031	0.780876738226199	1.0736525201181	0.422658998998128	0.4821112365698	0.646138621168905	0.483223464545313	0.655839361451159	0.583595156472858	0.844345896260945	0.474144789866674	0.572019351676125	0.506382873262409	0.617396751830598	0.184717091686269	0.427980331853597	0.507312815064387	0.491662859321657	0.577110599335756	0.180860498574966	0.531980509449365	0.548493065245544	0.842465122379677	0.704871777538341	0.617273825942856	0.636416727765559	0.124640942951526	0.537985601433579	0.626738905522454
0.430391953758241	0.325903903708315	0.115287809246715	0	0.0789880328716901	0.335197554727518	0.52755368497144	0.354320659155067	0.493433355355917	0.469775017627352	0.542249454050567	0.237334298545386	0.311050723401028	0.446490276533448	0.325683554422242	0.395105504565111	0.592831707427538	0.387539210884111	0.603031600858968	0.453247111180045	0.301705292730884	0.407028092638645	0.522220556285944	0.531696254292133	0.705740052981579	0.784184215901813	0.465938319779781	0.740919915823931	0.568077179611888	0.442117023113964	0.486176712988197	0.623566595916132	0.732274160478758	0.637548491993072	0.524397959232962	0.898348056363183	0.820973275577123	0.655771901328338	0.697654113006911	0.772415112169198	0.660311255976678	0.359505227739829	0.40165147937011	0.548514742463125	0.672579091870378	0.395262332346326	0.491272383302404	0.659243237608048	0.590135988490969	0.696511708676502	0.773939067305691	0.617399690797942	0.413710599543695	0.14476636207974	0.51612948452668	0.655318864823592	0.452663419065358	0.247151914847088	0.121457355075193	0.0538103669741117	0.201915516476195	0.353660460632144	0.554275204873593	0.378818143682228	0.406789746946631	0.465929023070397	0.339081925391562	0.289339721599821	0.218867077206976	0.386026789069266	0.294608959331697	0.440287755674843	0.521927428324326	0.333212277298512	0.504160744980903	0.527716343380339	0.525847725502172	0.320082809767922	0.415089025221187	0.614615159934252	0.475033514602085	0.54678421608761	0.443685279283441	0.579088094039416	0.446750707679388	0.687455616859653	1.01792662217196	0.429748885979401	0.413132662671088	0.655917433680585	0.533654557744481	0.682496230734844	0.603674852833461	0.857026372523615	0.544535886881162	0.623907488388624	0.555199413785476	0.679737842623948	0.152894629845314	0.47060621222569	0.569795629439232	0.49102900907434	0.657662719440995	0.15667905880059	0.608140883793863	0.566837135347248	0.867730975272921	0.7353149964312	0.660122536495741	0.654785622342366	0.106705318212437	0.466590905801479	0.615989967418375
0.392785944224207	0.331872787021276	0.121089441659233	0.0789880328716901	0	0.299196355417223	0.570758475722073	0.376295772380163	0.515826207960377	0.45377051314686	0.571359592835233	0.230463477394918	0.349350794554138	0.425738561516058	0.304825359325547	0.38583945241649	0.608949104012043	0.354172458963175	0.624398979222131	0.469324943624331	0.277951787601705	0.42381863085446	0.514171272641616	0.496777641174218	0.729190598023533	0.845571646670705	0.444699883341475	0.76986583612368	0.559308397781393	0.466949421470501	0.490789115358673	0.61608899338525	0.743613823024063	0.644694387047818	0.491597931796327	0.936638166727974	0.820918801266122	0.634088267256389	0.649839986119239	0.824689994148811	0.631340524287044	0.282363266478311	0.351852950869619	0.503511217237863	0.634671152257549	0.341128563723154	0.429961194648123	0.673642458991653	0.566309716678704	0.640527651535219	0.794898029747356	0.632751485849632	0.451836964772903	0.147442843193874	0.591722185196773	0.630485737031866	0.360428333163308	0.24490936380596	0.122286768846507	0.12193431077608	0.107021352157048	0.297940839632723	0.585334553582638	0.378923828897973	0.397565291987195	0.456497171915434	0.322901655683272	0.300623119619449	0.204879602054975	0.358657946975349	0.241146087703073	0.378920119652115	0.489834672119093	0.295628987491173	0.458886946345639	0.532518699312338	0.535603500919144	0.286071016989142	0.406695860289077	0.606437716907002	0.460256486557778	0.475757807665537	0.452803348762701	0.595377345453685	0.445206372574281	0.669569082459788	1.02273342035199	0.375427257655509	0.434800227270985	0.628272525914719	0.535465315385882	0.707372398266624	0.562892412710329	0.81889986889325	0.504990876491602	0.616195137111267	0.50172303515923	0.616713348778949	0.0803397605216634	0.401130813521126	0.519990456468182	0.463360835415036	0.59494260774921	0.142165352289823	0.552369713997501	0.540682667858235	0.884620673082201	0.681935841365197	0.650224993791478	0.724027703213606	0.0946537840822415	0.591129578352402	0.607635297898936
0.288477563051863	0.29717186835554	0.299032462486338	0.335197554727518	0.299196355417223	0	0.280948670563655	0.120111384517134	0.278750245708076	0.190566149583363	0.595521062293644	0.419264967516721	0.390064335620462	0.650159896679028	0.346103941877735	0.261468865618041	0.513922421795118	0.228596360055611	0.317563106841705	0.258183876767337	0.131869435380742	0.190290175037311	0.481051027897249	0.299803116436008	0.420637785306832	0.720356998680392	0.188881324184915	0.796232975215601	0.448587687489183	0.573372731245283	0.492181141785145	0.624642365181608	0.4422054944501	0.549265479584644	0.363311242074921	0.77795263772488	0.724690130496041	0.552560449285717	0.468807651250881	0.564610638877402	0.450626541654855	0.339215360486653	0.285610360382271	0.487795983981809	0.456353207134589	0.33550224842055	0.217274094429569	0.525875683037506	0.499498234097271	0.352041254845789	0.569544508427044	0.347786249822056	0.474755106970142	0.214003409202355	0.5260811601676	0.504407545413998	0.298759875788969	0.307701856931539	0.271807636069659	0.327998252714224	0.462121192599479	0.0708652779071877	0.291418831514239	0.139240367109067	0.271865223332035	0.234245653045442	0.494018436382272	0.401739467478385	0.306719602436193	0.565866112124889	0.301557270699338	0.302527204676383	0.531156625407993	0.241344935524305	0.319978518786983	0.244795300160349	0.423214316119626	0.143380445619749	0.162317453591047	0.502751155554206	0.470700665139581	0.318913243587178	0.457378373235521	0.378566552503896	0.250556165851497	0.665593201306777	1.03780322396351	0.246822593853073	0.56783290039317	0.609775093095042	0.41621384423826	0.48526851200902	0.498627548345621	0.791176637711891	0.431267392742013	0.439041670644881	0.315848699972718	0.412848770618569	0.255697649822343	0.329729010228042	0.659630379765934	0.432866684008648	0.3926334451841	0.206002581960499	0.290637925602759	0.459337481552632	0.766380693304307	0.39745999379702	0.423921229563679	0.702448400390813	0.272218535932086	0.486466989294297	0.487337292692239
0.478353567225119	0.457317313774462	0.514411214350139	0.52755368497144	0.570758475722073	0.280948670563655	0	0.202351244355647	0.377410941995405	0.348663712799699	0.668882257255379	0.58849673981306	0.602901824816996	0.846488520401473	0.709805506438963	0.547783135490896	0.812040498895383	0.470422530273767	0.549267448493142	0.44486975651656	0.393620859035461	0.421760416742619	0.775746099983346	0.603997848995302	0.5639301725115	0.765921521305439	0.41265984491336	0.857325207490145	0.648792714656118	0.75210916016133	0.713934334571775	0.814914407779667	0.573800189618843	0.756691746263994	0.572853463356927	0.779669676340397	0.710591023973195	0.751446788241495	0.699065202640834	0.647498222632579	0.631326034095397	0.600811689423528	0.599050943066541	0.593259002048957	0.655494877963019	0.500670589936156	0.517230847028055	0.536268732080601	0.619412271391856	0.517011358919231	0.710662988871407	0.373686375483589	0.626506174036711	0.443368875362214	0.621268861017307	0.588155599123954	0.495664409518785	0.488732914105531	0.500550467706191	0.478205845234941	0.720023023924077	0.274016331986789	0.0328498467644865	0.152088877650572	0.445792732094819	0.366447156423506	0.678650776336453	0.541998112713636	0.535358492885597	0.770423481197707	0.6058359873627	0.541686621026501	0.790595379037436	0.50556431756034	0.584717345792788	0.327577645731239	0.511609778158021	0.36132602382031	0.359578497119706	0.58563433331859	0.615296102464838	0.524863810008668	0.728655429265004	0.543714882150275	0.492684037270827	0.880213585368691	1.00185654358492	0.474869658234625	0.665683144509591	0.638549317575379	0.564506082333896	0.585652348233299	0.687255684046396	0.744789542486656	0.438020713437479	0.511258292019154	0.46375154426482	0.537275226367738	0.511411917660473	0.650004725464855	0.654857327962444	0.521942460657067	0.490109795634919	0.404210496536189	0.493191629123878	0.498069971820955	0.651056269617205	0.454623032414737	0.398135199205387	0.701722887746954	0.522697024336787	0.551645621005221	0.515943558903775
0.345692646037057	0.294797347771952	0.326359712179603	0.354320659155067	0.376295772380163	0.120111384517134	0.202351244355647	0	0.24788624619652	0.211364071158371	0.578895476481186	0.469530513836766	0.4622835599306	0.675841303800959	0.427243272747053	0.396319716936394	0.618045571007875	0.284876131971252	0.362562554262633	0.282187465828713	0.215403868093348	0.244321208167877	0.575661053525793	0.329352186654688	0.396693276798596	0.713959306141016	0.256076937315075	0.835207377823504	0.476120806638579	0.627800844301769	0.566219171328391	0.708300358354968	0.445374362099165	0.589613045189314	0.35971256404939	0.741716378429801	0.638707859113303	0.627152018041445	0.511434540540507	0.5262505597081	0.490768385041524	0.412221671089279	0.362220092904126	0.480874354922551	0.460285340185826	0.313148119371319	0.246763050415781	0.482390420716422	0.495819180025905	0.379690188716623	0.627725730607002	0.301713271128175	0.499961408376961	0.247435175368551	0.487203891655172	0.5436191758852	0.374707215155894	0.32095595799449	0.323165056253318	0.316815139847661	0.561368437683964	0.119319587243114	0.217427541585038	0.0763138860505306	0.269931608454809	0.269709355129888	0.511413301229961	0.423001540092684	0.366291769916043	0.56589819759055	0.345383830299211	0.4392993304617	0.575268689747064	0.287193542604462	0.400437152454771	0.215629315413955	0.388143309272606	0.210756449889159	0.212161620163379	0.497767311146541	0.555213744996827	0.376042401988377	0.53436730881839	0.358324986004826	0.288905569312731	0.65005048910358	1.05824014514486	0.346573926351152	0.575663217379343	0.588567011933114	0.498325674866722	0.495996771515616	0.568260792879342	0.798949425771509	0.393899428783696	0.44193153101336	0.35363425441957	0.447830385862453	0.315046012022457	0.410320644194718	0.636731977346389	0.421987885022544	0.368238077397864	0.219559137121156	0.25942506016305	0.439584443602167	0.73690710346017	0.404405605455085	0.378447505421512	0.652192728741185	0.327201341879745	0.422051248157802	0.476648298252377
0.435529549378586	0.380406032090167	0.478951528678771	0.493433355355917	0.515826207960377	0.278750245708076	0.377410941995405	0.24788624619652	0	0.159537776510044	0.597604877904363	0.532614304989459	0.577418735560472	0.840056782149063	0.61679817547293	0.528874190629328	0.754424561431087	0.339315913474872	0.4885357334659	0.237555793095399	0.285022912446529	0.26883619538271	0.491075334909832	0.530594891576267	0.430677175596644	0.807568556535021	0.315484619045654	0.660752023414759	0.547683607861946	0.720061082467106	0.625753457555417	0.783296298029185	0.455039079677032	0.786861894558478	0.428025603931532	0.820455752807345	0.550725344284112	0.649188519313758	0.563066568985934	0.706511863767782	0.455213262914488	0.371316642076276	0.351320711953687	0.496650042044656	0.579247032116289	0.366253974092775	0.336467912913184	0.427877910166361	0.488109074221768	0.524520853013387	0.65800580480897	0.356335371558397	0.485962191555942	0.377056330115141	0.533465829586161	0.487019724551483	0.470426425005563	0.415063911919087	0.449816471608319	0.468773847867087	0.641970436613378	0.303144713251409	0.379776103469733	0.231185430234599	0.294360669717735	0.177160450609181	0.575734097931417	0.476819208385731	0.513836705100072	0.649686903708947	0.547749346627791	0.488843374668975	0.750563776933898	0.389433044007637	0.416526525215712	0.229313730551391	0.333699228784127	0.279495694531083	0.220500375024688	0.479156694331159	0.536119178583291	0.433521154823678	0.59820158004716	0.368590125558558	0.30518145537728	0.664042119612118	1.11527405229391	0.449951532574036	0.700744572251389	0.582572458784559	0.638792659922716	0.503687265432638	0.565572474562961	0.806976823433721	0.403644231022948	0.469124537561552	0.399551719973538	0.496336591635482	0.375560390883248	0.367609727040771	0.612619337822066	0.442761288975553	0.452655849463305	0.302689272719366	0.411908338324084	0.479137188706566	0.617684130607928	0.512472852037713	0.364634280666138	0.564265143298896	0.435146363297119	0.569739421163618	0.405761901709446
0.368973302575881	0.335884868912018	0.421980974588523	0.469775017627352	0.45377051314686	0.190566149583363	0.348663712799699	0.211364071158371	0.159537776510044	0	0.462999870209025	0.447760111505253	0.563542695680083	0.761180880437104	0.549418876475475	0.421040828878192	0.628079276215028	0.168931196968408	0.34412464314318	0.187683611856817	0.199446131608428	0.206772686853933	0.411127136397057	0.356338360683794	0.343497799783794	0.774391995746126	0.214532099293091	0.621547014748123	0.434862052259091	0.657865694668969	0.582812741131174	0.774038867535369	0.255053570529603	0.651648406552319	0.385183412040919	0.768843874613029	0.526388010094634	0.615181175037235	0.441527437770242	0.561668638221987	0.411406468751109	0.32057748921142	0.292700012682346	0.362151385096297	0.434045722808126	0.279106315775643	0.211845053426443	0.285825186712307	0.292515902141149	0.332412459504408	0.538019002959129	0.23815285366682	0.418505974844556	0.288460910100558	0.503184714363518	0.231647242441785	0.352021203376192	0.371771610426405	0.398216593529311	0.466382197462913	0.618086924862769	0.198104836466959	0.333717699929566	0.185490249878999	0.334227984085754	0.0697923186090867	0.489911467991114	0.411772998238876	0.487848397127064	0.576345270869379	0.481680070359315	0.332762917386187	0.718250233758663	0.270532247544149	0.345251917905136	0.197014631178734	0.345173542308542	0.18900813854114	0.180713495407304	0.322860113297621	0.412052652504755	0.332821750047855	0.553089550863215	0.316688929604669	0.240609855840726	0.668953014233693	1.06950684452257	0.306354026135682	0.676642004666969	0.547361430326582	0.640153811027531	0.349311852429526	0.52931721288574	0.810241092725598	0.314548234554678	0.441654123385345	0.296226010581445	0.402457081015985	0.308545208716517	0.339112288074582	0.638878749800886	0.315174206270307	0.407977720607978	0.258650549714519	0.258088679740143	0.308901867466527	0.587851358316203	0.35744070429602	0.312749658761314	0.60089901535424	0.374451249205546	0.619152123014099	0.24774949396467
0.62583791919814	0.274546278506747	0.611362819964715	0.542249454050567	0.571359592835233	0.595521062293644	0.668882257255379	0.578895476481186	0.597604877904363	0.462999870209025	0	0.345868974651471	0.497371385549928	0.500674505667984	0.649866366806231	0.696173796858406	0.53757896041273	0.419484868817116	0.637600401362514	0.49847499296935	0.630932687637504	0.529420978459769	0.525517230729122	0.745837433761399	0.669164181855059	0.849892967709673	0.609269575631365	0.617164325199747	0.525281338574144	0.419679511889736	0.554803839352541	0.80402997898718	0.493545444739227	0.593226972263563	0.553581098069737	0.817282170980518	0.744240565270275	0.874862091874515	0.694358083513342	0.723316432473379	0.709378464196619	0.543935315820502	0.557917400968023	0.50936437316919	0.742534573372497	0.547038332453777	0.613740171977136	0.49014853830538	0.436274428584652	0.707046671484195	0.735221367935998	0.554597617579691	0.463594214892428	0.488056613091435	0.686312213812531	0.37410785726272	0.498336558924479	0.306462817296307	0.615218385453497	0.577245234685603	0.712503674205332	0.677060412779364	0.675069620759969	0.589165799188249	0.775178862900255	0.451000720443699	0.191285275758789	0.379871846739454	0.491087386609341	0.440063434618827	0.627252500988768	0.632665750698038	0.754300056970078	0.59258690092392	0.565618279028621	0.652428460777256	0.676128218949105	0.612561835132693	0.63770792557466	0.426772449180888	0.621619358904781	0.677489655695	0.575488921894335	0.580162172169756	0.555296710322351	0.639167202888062	1.02092278006984	0.401622353875836	0.420958799877728	0.670862147249138	0.929182112290215	0.421560460151431	0.639394467319912	0.772256520382704	0.496297774959561	0.652391234298854	0.55190364028262	0.740247161549139	0.475759217677373	0.622861296160268	0.615292504077516	0.432253615048687	0.740640974252223	0.481545574333844	0.632605242446316	0.384704358731248	0.695518177591438	0.675582177419419	0.482176861073713	0.65422546712928	0.517574665731611	0.638132144675833	0.414113797530218
0.468080176961732	0.236958573711376	0.275317312619941	0.237334298545386	0.230463477394918	0.419264967516721	0.58849673981306	0.469530513836766	0.532614304989459	0.447760111505253	0.345868974651471	0	0.345197659254471	0.477844589996643	0.423107294449596	0.446942410135941	0.653546709623532	0.369794157599694	0.7494294778296	0.509314978396526	0.359215550506592	0.472785099996954	0.450889086957737	0.596223628531834	0.838318992001764	0.861045656901158	0.63174113430387	0.541105755504791	0.566612349730099	0.464090627327185	0.625099716299929	0.609600719068665	0.677612494621656	0.786509595004048	0.617126815432646	0.974334048289368	0.848617670007855	0.793191847582459	0.718428511513716	0.91004359221825	0.770081444704383	0.421465254679738	0.492658324194107	0.462913964080356	0.732212428205286	0.452363469753785	0.529342017546812	0.568368617539241	0.416693419286581	0.661436750639967	0.903439825229007	0.628574499347064	0.216210730490025	0.228033867867687	0.48391149204955	0.432251714600594	0.411233098521935	0.169565285118367	0.248086550435943	0.26281648823931	0.325196251819153	0.47645751412919	0.599661723226219	0.458380601072551	0.540974263054828	0.4259432285139	0.186223926253541	0.0953065563250262	0.266922598119613	0.263382032549241	0.391358026825676	0.430326305486688	0.673604972809167	0.354167369218579	0.559408307609538	0.608618392645899	0.611633958591055	0.362646274965787	0.536897914295016	0.359782139093516	0.418877250063741	0.468780316959498	0.530266349861324	0.673503652289103	0.546737198293624	0.749684706324392	0.977578636377088	0.372252774343585	0.407452719084677	0.710555117420853	0.638611500210838	0.53584305841671	0.725979225090317	0.756462865608472	0.366359605719946	0.646105652795472	0.538658060974518	0.753748805016358	0.216785757497054	0.587015438786192	0.462374084500143	0.33100402069565	0.572727463114049	0.230431301799314	0.632808721835907	0.403043158814362	0.727329350224074	0.601273873944711	0.536356830653196	0.471211519573912	0.246923837502661	0.566784322241094	0.405316107873321
0.500419193303222	0.322415295031168	0.342461546364612	0.311050723401028	0.349350794554138	0.390064335620462	0.602901824816996	0.4622835599306	0.577418735560472	0.563542695680083	0.497371385549928	0.345197659254471	0	0.386870495012409	0.257988542514002	0.357058490604769	0.33198801208593	0.425866117750355	0.578638357028974	0.4582837237547	0.418785994433052	0.429496018096068	0.423960500995908	0.592532047325124	0.607729866972223	0.916408185991739	0.535735467305876	0.806741869127753	0.633975158802438	0.162997358244625	0.203453729977842	0.301971037606934	0.748094707916774	0.431394186565906	0.535342709007756	0.72875299613647	0.718183011952381	0.552797275119881	0.610576968762499	0.708834751202416	0.603383224729713	0.433313109910167	0.481235610449791	0.704427122806807	0.828506412881802	0.66875825054897	0.614480566803101	0.802945606633768	0.754058604029922	0.816478933784414	0.674039965056374	0.714151206880675	0.401171620838406	0.349949272261191	0.490018207538099	0.784916780634175	0.484015332792873	0.310455118608829	0.368337993265529	0.350596962057878	0.465607701210075	0.5500099714009	0.645235881158026	0.519348156913324	0.5172549043844	0.525627094809114	0.473496383469377	0.339325844461166	0.069536640504981	0.645097886995689	0.286391239760363	0.526624929785625	0.423441570971883	0.504352176736684	0.493022143350509	0.604636694424766	0.616282895201201	0.473844887420686	0.489058375272504	0.693826684003927	0.663206764274778	0.465906585368637	0.479325201303249	0.49796149316992	0.487321217500432	0.653481533224067	1.05590672383661	0.529568967659198	0.221044763754516	0.451868938253072	0.357006453741799	0.685310059733478	0.623155310151917	0.623416421345676	0.5324132591005	0.46391781222756	0.497727729624462	0.601085430440667	0.35267579653592	0.5822157156156	0.691347782327408	0.665156023330085	0.698169054549103	0.382757675767191	0.758090576488579	0.649913526968665	0.963987027484834	0.818830891508095	0.698679851599384	0.626661986371896	0.344299722749849	0.374160606145424	0.763908177944447
0.855459214445379	0.58427001329483	0.583336030336682	0.446490276533448	0.425738561516058	0.650159896679028	0.846488520401473	0.675841303800959	0.840056782149063	0.761180880437104	0.500674505667984	0.477844589996643	0.386870495012409	0	0.238908160283773	0.66639162636814	0.381406949975535	0.537629381447198	0.662839725515633	0.675995016775705	0.701821383626491	0.632046111300852	0.556097618743185	0.773628139742146	0.851873178769403	0.960246770553146	0.778612779202864	0.763613609465869	0.670376190867697	0.230423627449577	0.408139225925634	0.650747821332322	0.843586044299231	0.44556606183522	0.747098949518201	0.844800174279486	0.8168824362324	0.706282290962863	0.6290270038791	0.778596280887812	0.762916390817417	0.556082610950908	0.649424461923303	0.73592507730341	0.84349779905088	0.701347665794233	0.755377088752495	0.875011978163533	0.797954322471112	0.833111665080259	0.765120267765908	0.850611274649192	0.72316331345864	0.598932079652172	0.739439101465713	0.800863870625674	0.719291366484325	0.505948603091354	0.571772980323411	0.530535699540271	0.538131354156038	0.71090992667379	0.876293017744711	0.722940322337468	0.80647654314793	0.694012757076271	0.371037984140475	0.640132861973246	0.33562758966866	0.422247011111752	0.302363682355393	0.6887271050644	0.474956912797252	0.586956444240103	0.7409015757694	0.776828023920646	0.778518042653149	0.732085485221903	0.718053001477127	0.807414265977139	0.713332145829751	0.69286075939159	0.504239948657243	0.784429506732912	0.711020255769368	0.72668899061321	0.889133421118182	0.593455460269367	0.352107622224185	0.649425856953332	0.739267981309522	0.840403025296785	0.735563090715171	0.694571719581445	0.721412512419443	0.72130162778696	0.625149013207088	0.724031695806343	0.450519312534422	0.698813504521139	0.789112671836037	0.683960160085232	0.804377990182488	0.578772165620833	0.824407476339702	0.69900667387483	0.93596590889975	0.821169371414954	0.848772711676073	0.97471297791333	0.520603180618747	0.626347967908678	0.774305018189083
0.589096423397198	0.478849870816425	0.377376085558722	0.325683554422242	0.304825359325547	0.346103941877735	0.709805506438963	0.427243272747053	0.61679817547293	0.549418876475475	0.649866366806231	0.423107294449596	0.257988542514002	0.238908160283773	0	0.368795897900706	0.253511849684938	0.335095928365207	0.459415913821191	0.47646021826403	0.392491891126348	0.45272262641391	0.455852352653284	0.475964619586315	0.610476151942293	0.912951949688794	0.557667341807806	0.77693682087759	0.582544247073958	0.330248144348259	0.368869796934445	0.490573701990728	0.74804044358413	0.47170954525984	0.550146043126238	0.840301937665458	0.773021525155611	0.567740447935059	0.52263664846923	0.659466264416338	0.636343073500386	0.434321177797923	0.434014351026471	0.676510593665421	0.672942974754805	0.562216348446127	0.476253314883877	0.864709704195318	0.747544049251481	0.652112205042831	0.686426320075542	0.713412698827058	0.551842992149569	0.364356344195778	0.587046546589175	0.796762666395	0.552788491569716	0.409637844584365	0.34644165943412	0.352728638862083	0.428495403974671	0.4056389262708	0.73594742951639	0.473519108208036	0.51358820791208	0.544703855287685	0.46638023033574	0.493695563588624	0.188584791218071	0.46491354709278	0.0855068792117516	0.486540725031372	0.266822992132502	0.294850468177199	0.508731646206587	0.548056968554237	0.629559781068581	0.436353282471019	0.492934885441565	0.719408977613402	0.595220789174396	0.438018672651862	0.372503077595275	0.554159259137644	0.496515808653698	0.634893037850616	0.992508076053973	0.500641045344775	0.422152625703877	0.595103281578353	0.410522804348579	0.765021104972335	0.623825820645333	0.762379129677258	0.619699471272358	0.578819516177075	0.474791895413137	0.623238267500793	0.33426773624078	0.503497115009163	0.794695292041915	0.625619721935826	0.644323205466171	0.374023252977768	0.611647709873886	0.696367070453969	0.973492485426747	0.719334340289559	0.789640478965879	0.810263440750607	0.345993152106596	0.523794325807464	0.771030599425816
0.425276690721386	0.503056083791066	0.372051108161327	0.395105504565111	0.38583945241649	0.261468865618041	0.547783135490896	0.396319716936394	0.528874190629328	0.421040828878192	0.696173796858406	0.446942410135941	0.357058490604769	0.66639162636814	0.368795897900706	0	0.403105692136054	0.27390723218285	0.444099019473439	0.399366411894972	0.199990462681208	0.295523348342576	0.45292476946899	0.282221269896319	0.4794026683668	0.881590311575861	0.346798206758344	0.839292214368218	0.617073412991707	0.55154081567701	0.528453528475479	0.473897326903638	0.438731307858091	0.605936014450432	0.498589173359662	0.96521625437557	0.912180713138076	0.59517962581605	0.594551164742697	0.706602245749107	0.590925583236765	0.456334200569449	0.406706114192789	0.639850935287646	0.536952878775784	0.519080679874929	0.411633538936029	0.652802162654812	0.520849298049309	0.532706405505589	0.683995165646864	0.565703450149316	0.347684377049404	0.275348935349815	0.438410656033143	0.561768058668437	0.440267358693099	0.481037772997696	0.359279604539065	0.391527256717119	0.508901577199088	0.34794612807632	0.54947662522139	0.410942259031725	0.443796822109915	0.429879949367093	0.610200443951953	0.361113387583752	0.338778817564096	0.724596159163539	0.391642291935115	0.173284415170006	0.552091869052086	0.28459588270625	0.257194990584311	0.454922326546586	0.53443998308869	0.237712400000233	0.325798556283054	0.439183973565409	0.304601378625839	0.355915115638178	0.579900448011047	0.419269597729627	0.308586536466359	0.733734411589995	1.11107450681621	0.482554689617542	0.624427770618151	0.732118509539814	0.312114584431156	0.422082041303941	0.614115674046627	0.818529196954713	0.534724650331377	0.562114619466205	0.499985970153235	0.567077958665778	0.373551055156959	0.466692905623273	0.7193338300195	0.483123223448884	0.501655620002857	0.313732447593277	0.469247534971633	0.607279897179931	1.02285097159091	0.58004729308216	0.645269502369279	0.487738972682041	0.320935925156959	0.46308052874817	0.592792327538067
0.643499409816741	0.569676944588339	0.606880712386954	0.592831707427538	0.608949104012043	0.513922421795118	0.812040498895383	0.618045571007875	0.754424561431087	0.628079276215028	0.53757896041273	0.653546709623532	0.33198801208593	0.381406949975535	0.253511849684938	0.403105692136054	0	0.406026849156477	0.389492551368588	0.502672433572614	0.575511674916101	0.485720664580069	0.500196738373061	0.537098400420814	0.441406760044447	0.975739942735248	0.52072417004366	0.864491177910564	0.632644030511447	0.299097234684573	0.285314174346029	0.399479439272851	0.563184984356278	0.319954045713064	0.545334385445587	0.813177553543063	0.756817155721974	0.489140783409299	0.550751294481593	0.59130976181679	0.555386408042074	0.551902874681574	0.503825305449393	0.798298409317574	0.704689023519091	0.73633087707229	0.561019287283973	0.849748447882173	0.747026759860457	0.710323636637355	0.567285763576559	0.741416409719692	0.65334341018229	0.583550918359828	0.689704097450166	0.743473777308461	0.588406723624094	0.576848307815108	0.620010055092227	0.635177213773624	0.695570651915637	0.643893392927116	0.828515727200937	0.642624236586931	0.761560765986753	0.606412002072082	0.602941554021119	0.641351789961114	0.388766836626138	0.721040956310838	0.358807038506001	0.520850063237949	0.320389184818011	0.536177825931103	0.446508026941022	0.629088972958969	0.689691410735885	0.638664009563727	0.593809351014779	0.73161460101037	0.715535472252549	0.557961156157836	0.470272980332424	0.458523609990596	0.476388395271283	0.604247653642598	1.07943464678021	0.588001678871997	0.44033775353977	0.577561337065952	0.485886603815948	0.616180050903425	0.571639047036297	0.749985504950034	0.724555244077769	0.576604442188001	0.53286219308344	0.61903484506903	0.591710945408934	0.567929937674376	0.943842813244307	0.742602277060471	0.790219772241243	0.628161416104576	0.6856119903809	0.729381923744479	1.0047104271124	0.800475240139728	0.836044132084063	0.807174560406487	0.566973008114921	0.579569420816763	0.819354779402616
0.442270009244024	0.396731401538841	0.384131235822709	0.387539210884111	0.354172458963175	0.228596360055611	0.470422530273767	0.284876131971252	0.339315913474872	0.168931196968408	0.419484868817116	0.369794157599694	0.425866117750355	0.537629381447198	0.335095928365207	0.27390723218285	0.406026849156477	0	0.263319367586131	0.208533480385059	0.198067899791383	0.246614906978723	0.224212794136375	0.25033947101087	0.36121993804473	0.810319126806865	0.24645058445666	0.6500702158912	0.490989973681615	0.500531188364661	0.48519027464801	0.650156122172669	0.287551883683297	0.552786934962793	0.412431719798211	0.865214877583053	0.60556863596958	0.600462937735558	0.456978807236263	0.555512518609126	0.452589992383015	0.313387110422849	0.268819736949354	0.407477191428364	0.461428316408635	0.332029546448082	0.230075883585343	0.398843395276446	0.301814866795217	0.34915097504666	0.59885550213968	0.328597500200943	0.338429863711568	0.258680656251821	0.499597037007458	0.295100964427249	0.433999677455768	0.394137715617361	0.346160830942044	0.371890554710392	0.533147498406464	0.266833337055225	0.463340137148718	0.287675027933447	0.400558697449767	0.207556480442654	0.383687528809225	0.342058031061045	0.345264219085984	0.484331094595163	0.326386511127142	0.192390226047365	0.513262616856211	0.132019318577287	0.261819705589487	0.243967917572487	0.3666334465626	0.185128799801513	0.262952288386745	0.2979725165665	0.303932188899285	0.288714635124942	0.443309140990854	0.306886653873361	0.212994208236952	0.605885975148343	1.0560580289031	0.343689833767411	0.572627994215117	0.57030890962498	0.491816081559789	0.344617946659367	0.516795537303015	0.814365731842362	0.357906531271185	0.484074384949207	0.30175992067101	0.452804394071807	0.25323419711424	0.338393003673044	0.662601706121444	0.28679531794193	0.426845608025689	0.240069022475438	0.286816183373234	0.349915401976291	0.759442956669376	0.397463304456453	0.398372479982649	0.569792669880752	0.305589720504113	0.596273712237913	0.332950016448379
0.590278960407904	0.61068210669202	0.646401347556423	0.603031600858968	0.624398979222131	0.317563106841705	0.549267448493142	0.362562554262633	0.4885357334659	0.34412464314318	0.637600401362514	0.7494294778296	0.578638357028974	0.662839725515633	0.459415913821191	0.444099019473439	0.389492551368588	0.263319367586131	0	0.304362795390188	0.433067130165791	0.317915662906807	0.538913704478094	0.363920239024035	0.358289713706444	0.841810776687852	0.251332390218189	0.824419644714442	0.533566209912995	0.637229517879613	0.511611040608345	0.711223187653429	0.387540474277499	0.458453928582611	0.489486086732242	0.801721957703526	0.680148142206937	0.548117500878645	0.476431646098925	0.456427130064095	0.461929709131203	0.528136773692604	0.471802833998912	0.657714115139919	0.493346242286728	0.550461818547945	0.335330663810807	0.599586209481049	0.587963026146639	0.412262545535844	0.514761209808842	0.423390860848402	0.684748223976195	0.533860715464021	0.672362166546176	0.558546057385302	0.627087043414246	0.62936582946059	0.60823034673995	0.601795517891846	0.810426354491634	0.343573775064994	0.559323416145714	0.37518594483133	0.617171930590591	0.407432665030338	0.65857318468359	0.712126384507985	0.569140715697368	0.702581893177556	0.496270253907624	0.451433207748383	0.583815553672905	0.389037837598835	0.405499843292848	0.247548482524333	0.464059594243756	0.409609603619437	0.325377597316996	0.656721744845358	0.5562313515974	0.50237034411165	0.482687712283759	0.412972830422483	0.296549182652342	0.619920481863396	1.00919190067529	0.4463983989238	0.765168161744266	0.671421108284278	0.554007974404118	0.54277949206736	0.548509331362957	0.964507779779907	0.693404576106269	0.627140373508809	0.467217992249908	0.526256042966463	0.552242678612823	0.464430740618217	0.991078770324716	0.60771216872168	0.600991382901974	0.528422283896399	0.418372984929975	0.638998308995901	0.869548858718448	0.552059380670242	0.637027241473421	0.803459703773585	0.568588874804294	0.639399941729466	0.622830961255252
