0	0.365638707615944	0.683057468111518	0.535009196314288	0.662207636471164	0.656132937056584	0.446924696167396	0.50763692340828	0.747060898678205	0.437882524891888	0.590185631272808	0.949476299054363	0.810116459045908	0.789716595342255	0.776913076916052	0.82053606522027	0.750060774688212	0.680791643251384	0.678995499180763	0.753297616731082	0.653874726049374	0.804178764289156	0.828692474511273	0.944026432826051	1.00858628491153	0.990260484113918	0.813292631384832	0.667834472719505	0.917237146618773	1.00462168561527	0.799892897202748	0.995962160466535	0.713593094791205	0.993962041174132	0.893965918262206	0.90078871611123	0.861611823565082	0.977337709755319	0.94591414651292	1.21219742153089	1.02451851749676	0.919078391635607	0.816751971303682	0.934838518778877	1.02781339095576	0.938954282628686	0.917076067045952	0.780116086028262	0.775936210233727	0.920592988249617	0.832472710179538	0.799429840462518	0.951453941495897	0.999417340353402	0.969318418219063	0.438978711484625	0.287160407932424	0.271032536068204	0.582222805806888	0.607889280736311	0.557346624996681	0.532105522440061	0.450600919085043	0.435674586300287	0.827428707468946	0.47535971667398	0.742839257565579	0.831114933775492	0.763849900147411	0.817513454728471	0.633103644907107	0.734563901670306	0.717615810300778	0.692442928419274	0.554929364688999	0.542119558747101	0.638810576973868	0.886985749918526	0.6643646262298	0.702569296324917	0.907086157396149	1.04195396563023	0.779448785230517	0.746542445080798	0.825143949552522	0.986282111360358	0.707586656140769	0.843044412444198	0.994511945872922	0.851078364197458	1.12024481609754	0.93916809003691	0.768689969568423	0.755493043886953	0.944803017735299	0.999327357815398	0.973115854659856	0.991847620355509	1.00383583148606	0.984042397472768	0.867351125695046	0.882121596883569	1.0612425938522	0.87945628864568	0.977393190048959	0.797120753160062	0.78577256118891	0.904396281850842	0.791512433101357	1.12700360419621	1.0206900021484	0.797945174411258	0.509357878229535
0.365638707615944	0	0.378306325213187	0.269905015162646	0.361852703899701	0.8194240744787	0.573246918486337	0.635858031653287	0.841360903175832	0.543042196255239	0.577764425107925	1.00533173897419	0.868984967902508	1.06139628477045	1.00025204735091	0.976672521376498	0.694700251228586	0.977078964530903	0.949919137130561	0.951473004218778	0.830254065783217	0.988714412759009	1.11460384159084	1.20777688220668	0.97005217509251	1.00094167290529	0.843814991271281	0.966616763247981	1.08660499068893	0.912381963738582	0.880275043724402	0.984559295200556	0.688502371818562	1.0465363718946	0.943837353149387	0.874424901280725	0.857480990661896	0.943998362468378	0.874037246335136	1.21222878135668	0.959596085755916	1.05957635101595	0.972831142766468	0.878904876133453	1.04791407764775	0.924382602419101	0.907657848954563	0.858151219788464	0.832445677031796	1.01713522218158	0.839159628522729	0.680910424804737	1.00631248042083	1.01732660154234	1.06128598414946	0.662048261866906	0.408570727304574	0.121327204657354	0.301863240021733	0.290436621613732	0.26927994027539	0.679104052818548	0.562771292651492	0.650655219785497	0.994548273171106	0.59352483946094	0.713996416992577	0.910071135920069	0.885190503475643	1.01691313641865	0.894332434120491	1.03629493467795	0.786926903832913	0.998433562658957	0.610680725667061	0.730812739401667	0.944675143102207	1.0857993796461	0.923214124924651	1.05062000593234	0.700535835656124	1.12875292697778	0.866127566981356	0.759016655160389	0.82882299554378	0.860385752663624	0.879294666061889	0.786985116342995	1.09305501233901	0.926073388485484	1.21405176216398	0.836174500004769	1.01823210705374	0.681776536001259	0.933232163031493	0.940863438893349	0.780742028116045	0.938233960232432	1.1670048973938	1.02415657084064	0.91286311259521	0.916275822048468	0.995463476079911	0.92128605447559	0.908697518400234	0.969836765033182	0.923987016417082	0.982787444537777	0.788018062522938	1.31509419640884	1.10169608309335	0.998355342138452	0.724581878311892
0.683057468111518	0.378306325213187	0	0.156973735409264	0.125466600938148	0.761960833535917	0.680318855130808	0.707167632465369	1.03239335552176	0.910157840148897	1.01907071444614	1.05966285394027	0.888269243737242	1.21018569817897	0.917428169205417	0.995601901796909	0.933722617424633	1.12819904796233	1.13579470654201	1.1217126311055	1.00572814414764	0.989607667734676	1.30998824683172	1.04571008421519	1.0051097797572	1.05222000412059	0.829605290568257	1.00080156781963	1.0631255438765	1.01220999974977	0.985263704568761	0.845676447123227	0.906732109089431	1.00199808046288	1.0609261512161	0.930368362837276	0.935674553842836	0.982238955340338	0.822789838952865	1.00032121654707	0.935627737820823	0.854290066921025	1.15668502781317	0.827106493796237	0.804459891806502	0.784922398184351	0.908729395486659	0.903974099669015	0.877020014302206	0.9517664595667	0.838916680322401	0.935725046261794	0.911216825344345	0.715239732914881	1.0080040803232	0.990207890757274	0.616710363155005	0.509181227632412	0.0827728388431992	0.196425959064598	0.151939177390805	0.811573391045915	0.66170142018347	0.687277712635227	0.997133133172118	0.934092348077397	0.904867455254027	0.931753831358785	0.907627554226068	1.05117881103667	0.928074976336974	1.06296452506293	1.01057399643018	1.0179129248814	0.926464603880221	0.879977312853657	1.20136373179068	0.9988610613972	1.00976060895715	1.09375289441754	0.749415771504557	1.02327684918042	1.06468734438909	0.889281360886401	0.783032236644661	0.757301660465696	0.899583989607151	0.91544267906156	0.946653915739354	0.905634361586129	1.0023035309206	0.844294448378209	1.03538748427345	0.801082407603997	0.849851803882229	0.807620070814905	0.850711257326355	0.795326024936841	0.913957447820348	1.07572243344311	0.938975309828747	0.83570299242079	0.773730715000005	0.803665461590882	0.823328082198706	0.962203162494575	1.01490063575212	0.954362736820563	0.954282670013238	1.21718553913385	0.796257671800186	0.757227371561621	0.97412411294001
0.535009196314288	0.269905015162646	0.156973735409264	0	0.140810351887795	0.701321813880581	0.624892451831968	0.555922024292005	0.956557181901212	0.761505604188027	0.948392871607374	1.11623988963233	0.940038010957638	1.13181342039535	0.903605741542658	0.979200964637672	0.925252388318174	1.00586395223069	1.02585586751839	0.961818095012787	0.912882695520377	0.974851639345919	1.17621887625476	0.962440412894276	0.936399859280471	1.03528011574973	0.765841838010629	0.989621198669895	1.10080115977997	0.919321520665852	1.02105820285253	0.87250713453113	0.923461647900954	1.02509014347561	0.983030831889908	0.926463049313753	0.830264806546424	0.928403401338412	0.821180521454614	1.06585148867867	0.952033153469169	0.887802805972564	1.08031990972823	0.828293352213503	0.843954400166083	0.828911746175209	0.837839039399614	0.889058073620628	0.824894837820827	0.911799480864097	0.810280401471128	0.868283072373138	0.878088985364408	0.767470197974967	0.988196909990131	0.805485130145599	0.495922538247782	0.330248098749524	0.103907165942834	0.154184829007419	0.151708299930559	0.701244241059729	0.60965738084054	0.600327692909429	0.937365920886948	0.71173401045752	0.808100701582144	0.864250935933837	0.842026092204214	1.03632840648523	0.845656638326651	0.954230337900893	0.943974816227054	0.946544798394342	0.77062598920011	0.753331587041831	1.05007535910425	0.893630011893667	0.901445114628076	0.959788886082681	0.751532791814925	0.860396980383879	0.869771543720548	0.788489719684111	0.678195912132645	0.741331048381081	0.851959762596036	0.94333634471667	0.933024041189631	0.854477596576216	1.01995726433082	0.85571391296302	1.0231514285568	0.744269030291822	0.792973415932263	0.807694474919735	0.7776334216819	0.790231954470067	0.958766687244094	1.05798596304937	0.924548261911484	0.796993301233875	0.799843475180093	0.828125804746129	0.791283313578817	0.894575510590271	0.865970880587736	0.919067081481464	0.870696250503294	1.18987952491862	0.860371504326112	0.695396656563554	0.820234759689786
0.662207636471164	0.361852703899701	0.125466600938148	0.140810351887795	0	0.725152294593154	0.691425391715845	0.663788015384476	1.00001516061282	0.829919458640124	1.00038012376237	1.04572733334031	0.892069669850685	1.21020703492171	0.986159337205705	1.03435554454775	0.964629387649726	1.15693279506399	1.19826740054209	1.08250971150765	0.983925790778795	1.0538741013231	1.2413778082229	1.03808228094194	0.910803032997067	1.03632805425874	0.784299995320246	1.02953922411279	1.18061893239838	0.865572264353004	0.928601784960298	0.798674122403423	0.948405120884767	1.00325708138396	0.995992669014933	0.896080898338395	0.758666173507292	0.854397318508256	0.707997075076631	0.987099966202628	0.902520435186528	0.746193405058799	1.07703920279713	0.698887390206561	0.725076894311644	0.720098031519567	0.843219778142137	0.833571936704716	0.774465092093601	0.902177446715898	0.801800695034964	0.855343405578864	0.746014524654869	0.700003573274731	1.00899195195635	0.948601867992939	0.581949458118141	0.426023875025572	0.0942249437989713	0.151882326850726	0.128869103812099	0.749521593074202	0.684001863460634	0.716744525864184	1.04220186399025	0.842508265817736	0.902385538714375	1.00301044506858	0.92908078974591	1.1062924855816	0.965601331060997	1.06419599159463	1.0150712185341	1.05716996505197	0.836284491126161	0.860492298445103	1.22086776084531	0.885632226744718	1.01633303203818	1.01984655763114	0.775996329592065	0.872633298254507	0.931661703056982	0.765264362120633	0.720117366434015	0.741404791473222	0.869883766369631	0.984749195221401	0.916521099748692	0.801680943829532	0.96337622816056	0.735541807964102	0.922661190170705	0.641188595472044	0.719976026297953	0.706584071211131	0.72059895483346	0.718713887517357	0.853377565978505	1.05906903363739	0.858027626738676	0.723691788814196	0.696926365673962	0.739068522501519	0.728449111154985	0.888294558672128	0.911563573248601	0.928532861327079	0.884542877706252	1.2382072168968	0.802411889311879	0.74008484036006	0.93749680672963
0.656132937056584	0.8194240744787	0.761960833535917	0.701321813880581	0.725152294593154	0	0.553427763505843	0.350350098636331	0.559417267501748	0.528234433853001	0.730505387839955	0.731965511793651	0.586149913579933	0.642355865471459	0.333728212065692	0.696961797595312	0.824392567771685	0.498365190818629	0.548131126154473	0.633635687224323	0.649757015522761	0.560366771798589	0.782109755844442	0.686015113948296	0.857108588903176	0.948482153996309	0.561367534022938	0.557540544135634	0.983836959967717	0.899277635208991	0.770589718778331	0.849815899843376	0.795743803360211	0.731263952688941	1.00968881511416	1.02781720330133	0.816842065649734	1.01263289096228	0.83334985224973	1.00404931003139	0.880217550720373	0.739417330832215	0.693858573820453	1.07897271127635	1.02796330388218	1.01994634570268	1.02164017278006	0.788381990323464	0.88535243475654	0.871916687422208	0.81383379254661	0.83944086283019	0.916307714138203	0.931526857097124	0.78692679908052	0.482017136831593	0.575869548782833	0.666518368516032	0.758736452231227	0.78093253641129	0.773732422359895	0.258981424589898	0.546598087664954	0.410436682735812	0.529630641476544	0.58867081858561	0.608322430423638	0.63477192456914	0.61440317546869	0.58020107775377	0.34532923097858	0.490497138448668	0.716856362645485	0.485617036415022	0.767427096235736	0.569903118257924	0.612622648641665	0.713939282947863	0.54742510147404	0.555363643183508	0.84288686323643	0.83137448869578	0.863941753267967	0.652771707767523	0.644317610223941	0.963703297267185	0.58003120279173	0.97518739927663	0.845069236813069	0.73176193560318	0.956343111561334	0.774818766895162	0.825439748783109	0.828538568573741	0.827420884012913	0.80608576649716	0.928958745085641	0.745717319317219	0.788805225839438	0.766653853891234	1.01766320857172	0.875703025902941	0.878145591981324	0.950786799458799	0.958690468159403	0.745131840480589	0.777837079039999	0.956346869036165	0.812942643388471	0.884174005967718	0.944254841152309	0.679738745408483	0.447593819116161
0.446924696167396	0.573246918486337	0.680318855130808	0.624892451831968	0.691425391715845	0.553427763505843	0	0.246100135249209	0.60917249754331	0.358624074674251	0.718870516115059	0.916922506836379	0.840548569738805	0.740907492590206	0.668129607452239	0.89657703384932	0.695625002122672	0.558889795506063	0.551975612248332	0.590455107637292	0.489143760554562	0.747662382711948	0.815763159705457	0.923934231929708	1.03902683809317	1.11282468441913	0.652817705339886	0.473467177622743	0.996857113634108	1.18085824701573	0.850086944961513	0.951842739504459	0.799554562335423	1.01284765785409	0.922959385950078	0.850931060412869	0.947331035559622	1.11531030251601	0.996829531993433	1.30898221534903	1.21666287064904	0.880694963770986	0.752746781177038	1.02816836488704	1.07703572858415	0.958925065495912	1.04454934702085	0.632138477271867	0.756925534446785	0.924717592983215	0.820341317508287	0.678599463463587	0.945284979289644	0.953330083425342	0.881777556464656	0.438946543634339	0.589114217536602	0.45953440283664	0.686785597278416	0.679507667515739	0.638387464842964	0.355183611751183	0.0495513368097468	0.146222375712121	0.744632807517187	0.398627994723103	0.83526010973538	0.769098219780002	0.866094130271036	0.755328897793421	0.598401407264083	0.712561583377794	0.788281689158085	0.560620055806786	0.465132548101697	0.283010641045984	0.586837139170519	0.875573219074922	0.673421559852019	0.681822917157866	0.906498898559585	1.13360497949523	0.834965139335723	0.754629645691857	0.781450701029908	0.967429583439949	0.426341035474179	0.867043989266605	1.01201245653935	0.885538590391119	1.17767329857247	0.97424952484059	0.941624533593534	0.737569393255927	0.986786696784392	0.998654975534935	1.08009294606615	1.07180527037458	0.946092735983992	0.923476459143682	1.00743262135653	0.899079967451435	1.06528781543742	0.902641623380183	1.15835978783142	0.819560799444789	0.603618942521307	0.956300646747842	0.697843445786011	0.998103377148891	0.898190138952345	0.683954455501715	0.457769683739079
0.50763692340828	0.635858031653287	0.707167632465369	0.555922024292005	0.663788015384476	0.350350098636331	0.246100135249209	0	0.480892070302827	0.277017503481262	0.794056484978562	0.887074206143503	0.853728216037114	0.579038288561191	0.447089638951579	0.716035634580461	0.916226769694617	0.341956285044642	0.433266125734046	0.472241917407738	0.427853038605216	0.614721840678731	0.660018133753328	0.716730704696604	1.06296002492023	0.987878893897526	0.669159395674998	0.488492122168761	0.939245922725627	1.13275576754906	0.937259774503497	0.867851395659002	0.900421130904904	1.00827346227266	0.991574971536191	0.978842618716086	0.953900111319797	1.02175083820394	1.05153179114524	1.32240258946138	1.23539494841831	0.838350717561256	0.681232801516035	1.10681863404676	1.09379643014848	1.05728364820498	0.958497950859076	0.781371442815409	0.91294706491747	0.999803059801139	0.997682444952562	0.847925590357884	0.886497660554504	0.910958151668949	0.786793624496662	0.41456823203898	0.502362528984585	0.50398718552924	0.673802573898612	0.617053392983419	0.638085096736228	0.216524779309561	0.250786064606983	0.140153559017059	0.52257581205591	0.307686436141989	0.693004800650346	0.62559325948217	0.741615894298379	0.562390012462027	0.372047328393821	0.459531136872327	0.767849574212203	0.334268855931679	0.652500199113889	0.26123605803174	0.430920700469942	0.648530208332674	0.528580864822219	0.595240214490246	0.948873054687296	0.891213056640593	0.77349594872116	0.735565966873463	0.731062889628106	0.938479229607553	0.342418317563789	0.809809301396284	0.937485786755489	0.823298653073605	1.00162865947189	1.01888769472414	0.928563941533381	0.80268755065278	0.970892314960301	1.01961874936136	1.01164430216362	1.12760898738975	0.89673523278612	0.760446329364854	0.918641952572183	0.925465203646121	0.993315414795242	0.90872422031808	1.08613768499613	0.807394276089557	0.529713802797169	1.11364974900831	0.775046189898031	0.884638729242981	0.851346607962611	0.663548789934538	0.342483202413099
0.747060898678205	0.841360903175832	1.03239335552176	0.956557181901212	1.00001516061282	0.559417267501748	0.60917249754331	0.480892070302827	0	0.450774517872735	0.702675391116126	0.782162208453197	0.794325456912242	0.544486661811658	0.641239479507742	0.86168048785114	0.78498861354951	0.466509284747151	0.504657846615018	0.529137166451955	0.378416146015315	0.730383485820395	0.544057929533977	0.842342916133767	0.937196689072916	1.0109953125861	0.689134637626276	0.475060848639868	1.27880660841031	1.03431012623973	0.739530467612219	0.877413319135849	0.834747842659138	1.07062707764847	0.820166166600947	0.983498389359386	0.894960734143005	0.889890087603578	1.06888032686909	1.4999669703194	1.10813397468847	0.904223869174048	0.511049138881309	1.26666606953237	1.25642498136591	1.22390471845047	1.25090505858982	0.896097051222866	1.05338297797787	1.1905202750058	1.08586466783516	0.843427349499182	0.960925466425084	1.11185704849691	1.03006820364487	0.507605964426249	0.760904909430736	0.780235931823006	0.971039469699318	0.931116082973061	0.960991261098997	0.448594029888817	0.590552284635321	0.539748420780898	0.664846983415443	0.547170477870568	0.615766027823479	0.605812146859883	0.674310971769492	0.539922094616664	0.510742695066916	0.549783312248348	0.675422866259608	0.494628496600354	0.770991385770172	0.509162598053139	0.525923524857482	0.746631742906886	0.730043294772295	0.575407526226445	0.958684355215857	0.923704829491035	0.761818907217099	0.637075936701657	0.754300858766601	1.00285196252457	0.463850301766547	0.896877860378452	0.803053396035536	0.695847308596219	0.896638018006237	0.892203237125568	0.838024800470391	0.80345300277977	0.853662280311442	0.922317826520717	0.898008504824131	1.0064060564508	0.847450799492519	0.740698991568293	0.974439281753862	0.976331359470365	0.961250030505716	1.0711610773373	1.22243468352922	0.687244647079117	0.681061777802372	1.16583374253471	0.95836683597865	0.844487745378045	1.07899857644955	0.872126893515087	0.402309753072071
0.437882524891888	0.543042196255239	0.910157840148897	0.761505604188027	0.829919458640124	0.528234433853001	0.358624074674251	0.277017503481262	0.450774517872735	0	0.624205336274439	0.836516672979728	0.79445745589036	0.537320720589834	0.609322626481428	0.753419544673693	0.836137647952844	0.367354243980884	0.459662573798131	0.430218860215604	0.376793621949256	0.679597294314548	0.577515745017462	0.762610316267119	0.966527245041146	0.904304490164565	0.719631612394687	0.385726430392207	0.91047537291298	1.0895443616399	0.79588344685066	0.816423563858948	0.745175979918834	0.931251159001241	0.869299950336352	0.947384130630922	0.888156159334771	0.966384604769039	1.05699984058503	1.34146941511602	1.17765766201694	0.91028680625625	0.573632674889041	1.09236280267242	1.11154839539825	1.07275040546844	0.929954319376665	0.792806075641218	0.903799515589033	1.01188511348598	1.01539852328421	0.764262076007748	0.899960199702978	1.02937270800396	0.858202237409281	0.347309199492384	0.600035327089929	0.445521173867749	0.839364521787471	0.767057221984307	0.755839886283436	0.304722978770976	0.363931984809028	0.319120295105265	0.586223756556849	0.250244538703667	0.660221343199723	0.663571382818607	0.742241846918259	0.571220860821441	0.486197248688994	0.516538661288177	0.704688908786001	0.4398025593052	0.589659055794117	0.364334800514039	0.412029094765242	0.690456709858353	0.596152253796176	0.575972740607858	0.894262482299002	0.942360129888977	0.682139840546053	0.65481649605715	0.789429429745699	1.02406454617797	0.373245316709803	0.70034205996789	0.909225527658231	0.710378361089574	0.952256563854558	0.925156539472101	0.785716412992859	0.72433614861004	0.909283977476112	0.984208005967888	0.918196215897898	1.06748320322889	0.956687553343009	0.741892229017878	0.865915879673016	0.927329415527432	0.975755108730677	0.934658889893704	1.04063103580207	0.785091117918358	0.577139331269537	1.02496012653077	0.764460379016733	0.842198880879365	0.926157778563191	0.744227447981669	0.303815294756464
0.590185631272808	0.577764425107925	1.01907071444614	0.948392871607374	1.00038012376237	0.730505387839955	0.718870516115059	0.794056484978562	0.702675391116126	0.624205336274439	0	0.448564413296595	0.335014640741271	0.508104676200198	0.612959764759135	0.591882410474079	0.382189449465492	0.662821499869883	0.537448372019065	0.685655094761125	0.692522290050376	0.664300465881991	0.722616010714191	1.07746394966885	0.843162308056308	0.795252552129879	0.77301314707244	0.724979213928058	1.047546328131	0.646595218063524	0.390273221324921	1.01276874260278	0.2547410470214	0.578181916278215	0.882827034326821	1.15385495072282	0.877805478336111	0.852934457181585	0.891058826386571	1.05148140190764	0.77425213450956	1.08920789512817	0.659486612865116	1.25649560323884	1.39991117476352	1.33555056634944	1.28042653719091	0.960671827002989	1.15820434947091	1.20511010817621	0.947128930575172	0.673071059066496	1.06908601059065	1.10202499631598	0.759090457249527	0.475011385749017	0.612043260398708	0.543178993927719	0.95000395985012	0.926852164191546	0.881730531421102	0.624574961699933	0.732008636181677	0.761614810437152	0.812926934804754	0.674704026502061	0.388879662612511	0.594424236017004	0.473369025043817	0.587480481197677	0.60206009008677	0.69593117818347	0.287915719598868	0.711806631692534	0.622168243027613	0.728551224182385	0.691660522630779	0.986143338792108	0.681935589873969	0.880085304265316	0.866845287337777	1.11810574384929	0.726376831828537	0.707953000803192	0.885134358672671	1.01769115189607	0.831220772200553	0.968927511019959	0.875366127412649	0.774193695084326	1.09264269339206	0.749051371739611	0.871477645871043	0.907619987946339	1.15168167053901	1.15155727136485	0.989864891132237	0.998121024449226	1.17070430198407	0.846718246857555	1.12651153627795	1.2587242355572	1.31675794015263	1.23910693332614	1.22965246506119	0.979825166587912	1.10720277814909	1.16468182544513	0.930938944598848	0.932349151822055	1.19654528969353	1.02788318422635	0.62430536678133
0.949476299054363	1.00533173897419	1.05966285394027	1.11623988963233	1.04572733334031	0.731965511793651	0.916922506836379	0.887074206143503	0.782162208453197	0.836516672979728	0.448564413296595	0	0.222675097143397	0.381695938293695	0.542611527872368	0.53542218173753	0.577802139895391	0.734403236864181	0.741477271634858	0.760523656382961	0.754366550765599	0.775728536409283	0.673710503861195	0.961222366073843	0.855205251305276	0.832028928770655	0.860305679446362	0.665635158979065	1.03260099495016	0.434785987185639	0.347926401345307	0.509482316475916	0.403075624794579	0.561160004323968	0.719586576964646	0.942225091296579	0.734986246798295	0.722864668058457	0.698420722505554	0.992371453615569	0.741854268153013	0.714851659261817	0.728975925200803	0.960610062278899	0.999852010777378	1.09913868608727	1.24925837788753	0.937743105271303	1.09707741525758	1.13646246326494	0.994807739760964	0.77984609048603	0.574743421114192	0.593925600732331	0.356909573837904	0.853153910703862	1.02660246213695	1.01449746399044	1.08485998077482	1.01931931542677	1.06399555719198	0.74084085473264	0.931093233556919	0.864279779552799	0.85106499013848	0.945931879372399	0.558869824981723	0.4758610278941	0.444875401343597	0.468650280593291	0.639429726499143	0.59616630970167	0.478328820335345	0.761599706494469	1.02459589083262	0.982266800032781	0.74377083123948	0.730808995115057	0.920259554014429	0.861929848125287	1.0464052930217	1.04445220860593	0.776413895282973	0.881044963396285	1.03014319804567	0.799693927356439	0.77857614117923	0.8999786131668	0.479029492830776	0.606095489565642	0.699952938674749	0.567825927595373	0.731504093819974	0.830551629688776	0.956590290407125	0.934431168719273	0.817296797496241	0.863069270102427	0.847160496507541	0.777478721193926	0.921405151480068	1.01725217049368	0.950379632016741	1.03100216579415	1.14930638658507	0.912126292871	1.24819261340399	1.24978651251334	0.994496656589896	0.45495857278859	0.712416787864267	0.670762285958466	0.843923362643837
0.810116459045908	0.868984967902508	0.888269243737242	0.940038010957638	0.892069669850685	0.586149913579933	0.840548569738805	0.853728216037114	0.794325456912242	0.79445745589036	0.335014640741271	0.222675097143397	0	0.457555919274157	0.451185939586142	0.446509874810964	0.482450512767277	0.700190069655401	0.702008588729029	0.796010335063017	0.81342690396525	0.72895852404812	0.671310440072686	0.772691560695879	0.744949191686562	0.786327220847289	0.714813968525477	0.652523896912098	1.01051317471023	0.500246745427638	0.217424337503983	0.614964633535287	0.273679040971295	0.365905747261131	0.781532530857241	1.11461468392351	0.645024833810344	0.663076679809368	0.618063033275263	0.776486596261512	0.607492192230947	0.721319070368413	0.697054326362797	1.05300904555402	1.02487566797782	1.16728406911677	1.23801670524649	0.956429986534463	1.07156435784284	1.05712409024123	0.860667251795364	0.845418880723782	0.746532037171989	0.802912067721766	0.514854140616437	0.67370033714663	0.841888243729205	0.859872700601152	0.884275482118051	0.930721334301668	0.892205649306909	0.701377018309388	0.883164968179987	0.836920821198015	0.825629508125746	0.911946915382715	0.429006143671337	0.43680421735671	0.262876877338698	0.541773801087996	0.57133985410577	0.595229696447101	0.389595386952819	0.723802239092133	0.85483539541296	0.959423979754974	0.794617312698744	0.793597167337085	0.766699981996444	0.73675818789917	0.887145736048672	0.878050081877965	0.848988663191315	0.716074028064068	0.862951153158559	0.814759014717602	0.816335332418737	1.05440460425802	0.559200722291509	0.514945338443848	0.737917872003431	0.465114815642499	0.726033562842195	0.856602347945778	0.865087459574621	0.79398498878228	0.833878287771086	0.697522468000773	0.847012164372335	0.748122087384743	1.1181437584076	1.04982235144988	0.928014406435535	1.12615702292858	1.1141809446775	0.82832851652533	1.09386770686396	1.13777618484012	1.06623356272134	0.677047923963577	0.937788784588219	0.695540451648679	0.715771925142646
0.789716595342255	1.06139628477045	1.21018569817897	1.13181342039535	1.21020703492171	0.642355865471459	0.740907492590206	0.579038288561191	0.544486661811658	0.537320720589834	0.508104676200198	0.381695938293695	0.457555919274157	0	0.300445688964126	0.399031618667331	0.764076436485214	0.185986453642629	0.282965704671358	0.398979680546542	0.489038406311544	0.526518910038301	0.185272817735033	0.5684248237888	0.873928208028079	0.682854994795091	0.818160329730202	0.477440555324202	0.801944763358484	0.8035943831036	0.495893180091897	0.691106296864887	0.573933433272291	0.609408557825664	0.848432803907689	1.1062546931396	0.797431780586535	0.854201002968896	0.952190827688767	1.11282359153828	1.0392495308904	0.993032795930066	0.51769950270421	1.37285836378022	1.3271667295999	1.46293338883298	1.20015429467493	0.982815892145226	1.14070852528846	1.20791458220516	1.14697863309037	0.871596008488791	0.852271024714999	1.0003015768525	0.547601069225984	0.53810458504017	0.920052272399077	0.919921366741631	1.18787081641813	1.15846565309737	1.1389705806621	0.529051559675993	0.733738511103565	0.613677844749775	0.50392414465952	0.635942138478679	0.410740841223407	0.335433345284286	0.438913446346657	0.155106591511079	0.322643669781985	0.324956860170067	0.354681506468082	0.245398117890408	0.941074747832464	0.583947258753267	0.346145896752786	0.592962021823143	0.510471093165009	0.451375842581991	1.07700585066376	0.827262005449158	0.599228530539616	0.700965178690712	0.978695029198708	1.02699272444917	0.540590283561843	0.789024048905534	0.491871966506841	0.576654534687293	0.67826511123984	0.89625157772075	0.767100778129809	0.986654628949051	1.00250969836373	1.09286915061861	0.915788687943167	1.13090929948565	0.989377219829447	0.753158068137373	1.17873152818641	1.17367680335924	1.1569027992486	1.28985049952747	1.28645220727229	0.708590350967624	0.912149989521948	1.27219938354001	0.926112842604553	0.433497991815693	1.03670521291708	0.80005751926106	0.518168279424415
0.776913076916052	1.00025204735091	0.917428169205417	0.903605741542658	0.986159337205705	0.333728212065692	0.668129607452239	0.447089638951579	0.641239479507742	0.609322626481428	0.612959764759135	0.542611527872368	0.451185939586142	0.300445688964126	0	0.359758673594552	0.654176255685263	0.255296450022543	0.325596507091749	0.500996238949423	0.595649953321303	0.437657736081715	0.559263458627343	0.520292425858173	0.855326597880175	0.790846699096177	0.622766703420111	0.533577123828403	0.737078875713219	0.969878243051555	0.668096082387912	0.804324402839362	0.582425133566294	0.529153315779292	0.99463176232448	1.20305629598732	0.984726774939657	0.974787375135741	0.980503240987856	0.94148976201593	0.887673495046194	0.961989277798418	0.662994587674261	1.34041643075574	1.15709565578923	1.30299995547861	1.11698013431043	0.985834491754865	1.18814765541813	1.06243351827995	1.05440324818746	0.97316423536203	1.01213512412608	0.991438301867638	0.600145831616497	0.611064484986809	0.769784651742284	0.840175719101551	0.931738248318951	0.990765559401875	0.963265239919678	0.346511516805015	0.699244882069562	0.491296246531956	0.431028680449664	0.652375330972837	0.406252222269837	0.363030029429754	0.419208577276986	0.285392971406393	0.120611580411214	0.206114562855109	0.413685590947136	0.246028600927837	0.902073254043529	0.62155669127867	0.490273902190786	0.695637385133913	0.359012776122913	0.564637844464287	0.914979503771188	0.805351205452292	0.860488217629637	0.708640458562442	0.727964792339527	0.882345266325173	0.632931729829746	0.911007376171155	0.800396852808324	0.777846743640749	0.807332382580487	0.86993380618799	0.808672493606714	1.11135974254309	1.09979990399695	1.02909147918017	1.02021383398099	0.976824578319398	0.993081286348702	0.803336194093108	1.17034965051276	1.20602932414332	1.09379271674385	1.19960657030523	1.18189619024086	0.853000854581503	0.92863346906942	1.16715003219457	0.947759920347085	0.673652568439319	0.987755314254103	0.790386016678191	0.526112245811436
0.82053606522027	0.976672521376498	0.995601901796909	0.979200964637672	1.03435554454775	0.696961797595312	0.89657703384932	0.716035634580461	0.86168048785114	0.753419544673693	0.591882410474079	0.53542218173753	0.446509874810964	0.399031618667331	0.359758673594552	0	0.670349364318083	0.451991809295789	0.444548913988903	0.601217410240385	0.798458452509712	0.460454136178741	0.509052369035871	0.594982818942041	0.716730814928943	0.623445201978012	0.757530174303944	0.659123613282211	0.675078594280025	0.826988699621276	0.578999334800892	0.692212234951816	0.44765231219348	0.490787131587357	0.895450466480554	1.2738137796863	0.93830596496753	0.757858956287183	0.943175351707326	0.744439773936695	0.737800129071127	1.06021750664403	0.755950795131457	1.31631536840397	1.15932409124082	1.41291427581756	1.04779732763353	1.13854256375876	1.26458780004423	1.12434751031855	1.10378822777496	0.959423874948165	0.997743024804916	0.965240954138203	0.632667764210131	0.622164653659671	0.762354608833783	0.857534482959242	1.00220271508365	1.01389250706777	1.05077031918857	0.71101995788668	0.93347090098543	0.781460894046984	0.56294382781834	0.742886244204696	0.515615779284856	0.518419570007478	0.493129102336088	0.555587717684271	0.461105492703827	0.476244190390088	0.401899960355935	0.493261264793196	0.883207642550586	0.740166096061136	0.526278728631446	0.817160307852689	0.409422835330342	0.675497969077049	0.94159800587301	0.803460047471348	0.771593969413994	0.639483516256913	0.803018699085999	0.947707990057473	0.859093463335615	0.935718525956331	0.789813441824925	0.784883996777815	0.756420769374982	0.805422719166932	0.770432307805844	1.20376560642094	1.20971944981005	1.12512924478239	0.981415700021675	0.941933874755116	1.13901866423269	0.842061681555734	1.12762934953344	1.3665059741647	1.17366386926632	1.31704707729113	1.13031118551738	0.980875900184543	1.03963099814084	1.21440815924894	0.987549795335623	0.743369346660834	1.10218111212997	0.851257136705644	0.672927187062365
0.750060774688212	0.694700251228586	0.933722617424633	0.925252388318174	0.964629387649726	0.824392567771685	0.695625002122672	0.916226769694617	0.78498861354951	0.836137647952844	0.382189449465492	0.577802139895391	0.482450512767277	0.764076436485214	0.654176255685263	0.670349364318083	0	0.821052237677203	0.681334469662045	0.803708192780524	0.804964820255418	0.736894456976197	0.937906989721133	1.22135131881024	0.726996333992147	0.973468181297339	0.726016082020221	0.768873929133745	1.21151375968519	0.780529204422367	0.516345156995066	1.06244868161872	0.391419375162898	0.707801292577581	0.801909611208636	0.924015056302227	0.967916431148174	0.850004253481321	0.915039434622894	1.10715744621549	0.768226189302829	1.1169208235395	0.892124584457531	1.12856395819128	1.18478762950125	1.21748503632022	1.31453461494003	0.996974323469415	1.15722409616708	1.15757263554803	0.929048007744589	0.674885400684018	1.06717785891276	1.15048360760613	0.874537584800399	0.705772971888485	0.782934650705835	0.666798352248157	0.896459140686267	0.983157359333295	0.925507452054844	0.784898663818641	0.774680775635199	0.781808154049066	0.851914331715359	0.836287123642436	0.600698896208626	0.698348305107005	0.703399821396142	0.812746062715408	0.674535164695422	0.802415311088128	0.368739939470777	0.885474036041397	0.652726730534998	0.813374116908351	0.760134201036058	1.2206462978721	0.760759621422823	1.02125151914217	0.848138094854383	1.22713127701921	0.8779283720845	0.695845815476581	0.787939826665113	0.829852569584614	0.999320776860018	1.09274218772897	1.04485201541381	0.93763149753783	1.20418804814119	0.740586782417857	0.892573313764597	0.977776620230316	1.1963673587839	1.1117800546004	0.985917392005268	0.858709771621589	1.26898993653468	1.1172570522958	1.16566158742089	1.29883992062249	1.22613680060645	1.26242795444872	1.27409580169583	1.10516868681917	1.15952293583454	1.17034995753188	0.964587749631652	1.11979794529365	1.19211267278555	0.969307791640368	0.785349496178101
0.680791643251384	0.977078964530903	1.12819904796233	1.00586395223069	1.15693279506399	0.498365190818629	0.558889795506063	0.341956285044642	0.466509284747151	0.367354243980884	0.662821499869883	0.734403236864181	0.700190069655401	0.185986453642629	0.255296450022543	0.451991809295789	0.821052237677203	0	0.134359369690572	0.295844982739559	0.385280470447717	0.418449861489733	0.230556500265194	0.47689627691527	0.904225574135373	0.772223562912943	0.645481811260083	0.444649948237565	0.771513880671564	1.09186984607964	0.765828912596431	0.916232175706583	0.738336490920908	0.781981286921941	0.970813066170268	1.15886452560303	0.987576984660833	1.01999890510421	1.17594548100867	1.19265476441507	1.12965350010745	1.08792256582145	0.496868605041618	1.50981500660571	1.37929311479248	1.46345636936548	1.13475124963333	0.991054916122495	1.14613908686551	1.12419735914697	1.12636297522636	0.925289483038707	1.07684492616773	1.1493866075847	0.740134411746882	0.370955727005684	0.766820464746897	0.799491421745808	1.10762447156011	1.07701427370346	1.07225588248995	0.390008672413305	0.555534983668771	0.422492675885573	0.368593802596426	0.451152387070185	0.500674309056034	0.418802848925343	0.552789222397227	0.267302847148092	0.195423539413297	0.290870725619734	0.470486280674355	0.0787168858587672	0.772512352024771	0.400367313437432	0.233111398579458	0.639480564503152	0.310609861830103	0.390282218085823	0.966626211649123	0.79426950293676	0.69890205177743	0.64528216357185	0.749401932751643	1.07718622321177	0.500072250943874	0.837081996275471	0.812080987503882	0.760506267124805	0.840369337190128	1.05357553359314	0.901490736425367	1.07027657789429	1.09412562403891	1.14089878827001	1.11444150790461	1.20536036747944	1.04422439354235	0.714639779396381	1.18288355451933	1.23760334066323	1.20543783386668	1.28134679855648	1.29228769484224	0.751071791664566	0.685843898702644	1.17761845586056	0.867908689418634	0.656375619913244	1.10419612220473	0.851122101916864	0.326217098826773
0.678995499180763	0.949919137130561	1.13579470654201	1.02585586751839	1.19826740054209	0.548131126154473	0.551975612248332	0.433266125734046	0.504657846615018	0.459662573798131	0.537448372019065	0.741477271634858	0.702008588729029	0.282965704671358	0.325596507091749	0.444548913988903	0.681334469662045	0.134359369690572	0	0.31796873462987	0.483881600214736	0.355668444114181	0.332807307338084	0.626915451911744	0.890506175145896	0.717046629492007	0.569671959083417	0.452391377487341	0.762745561749458	1.05964525581465	0.741037986542742	1.05203227820215	0.607500979940845	0.762403909736414	0.961464048017781	1.21162054736342	1.07606454036871	1.03293407001772	1.25591898188047	1.18911872318033	1.09712500544441	1.19923813706337	0.486571765176168	1.59331654333019	1.48686995506123	1.54364299076189	1.19869809243738	1.0052423298598	1.21261924038251	1.2007619105392	1.11256341548933	0.835428420298733	1.19196220988954	1.22224958446838	0.841900104648391	0.344192404402133	0.786967025256667	0.782379655161264	1.1400463960436	1.11690817363049	1.10068017490459	0.42075357387747	0.547554633441342	0.421318094799906	0.39244058746789	0.487037344588589	0.468662945589802	0.468013549406711	0.596943934877105	0.360131592841412	0.253402256037823	0.383708396273197	0.40301694269676	0.16069670175665	0.657084779515542	0.336018710401937	0.237968813600673	0.780238096269767	0.242568689925213	0.48511106538865	0.900278993962556	0.887853060830385	0.637366995706102	0.624353700385147	0.655904445502922	1.17476175446719	0.60336680517644	0.873481543503008	0.902092969704482	0.838708562075043	0.987979495736753	1.16242683909751	1.01365303739407	1.1685612482734	1.25534969493703	1.33315217670426	1.19086125856617	1.23853095798028	1.15377045810422	0.757693660100418	1.30489597258323	1.38558544668459	1.38755701486058	1.39651850324161	1.39068169741059	0.869363385467897	0.825917169966561	1.20904884776731	0.899225877040108	0.75496399701262	1.19814131518223	0.916024184134517	0.341083918913833
0.753297616731082	0.951473004218778	1.1217126311055	0.961818095012787	1.08250971150765	0.633635687224323	0.590455107637292	0.472241917407738	0.529137166451955	0.430218860215604	0.685655094761125	0.760523656382961	0.796010335063017	0.398979680546542	0.500996238949423	0.601217410240385	0.803708192780524	0.295844982739559	0.31796873462987	0	0.38612763635126	0.638337752765281	0.363775102372435	0.705640825433866	0.741332865402779	0.902801749115691	0.665536969047499	0.358384511916084	1.0434085809202	1.05984553576351	0.779912136072336	0.886837916336316	0.834362347187185	0.825203461219898	0.789902239942768	0.948760244281176	0.864497890430462	0.944497002028941	1.09234514869711	1.31760861164134	1.213395022933	1.06395754639573	0.588140787155255	1.30941226822751	1.30198410298332	1.30591162232722	1.14661918280066	0.905240542935126	1.09241337544393	1.09602602885353	1.15373086266592	0.768095990353289	0.904214012520983	1.11077276898932	0.811131934355819	0.516866269669946	0.926186247187291	0.818280104054061	1.07327512875114	1.05514212349021	1.05479053578489	0.441739736664754	0.665918052209347	0.466368530195827	0.426206909003548	0.555359978949271	0.623702365702871	0.569475463430666	0.746484604347187	0.441413202658171	0.423877173216499	0.437601327176409	0.582790630956825	0.388589787319378	0.787319905695451	0.411597500421828	0.343606732077178	0.695273919080479	0.592529635784371	0.549905231126897	0.974637118672261	0.935846671679183	0.583496900895858	0.612521575900954	0.75420576377267	1.12239496543277	0.457688527059787	0.924282098011443	0.79428246176217	0.73768581250787	0.92618312728966	1.0633434051752	0.918535539355014	0.918090460878024	0.986870649174387	1.10515895842989	0.990277954551991	1.09759902894877	1.02307060471684	0.839727080715355	1.08345933906763	1.11854128061114	1.12115148236052	1.16578840203464	1.26945424715595	0.790666287979327	0.730358780911377	1.09825604758361	0.855974178924193	0.721035252669317	1.07096255873306	0.802733268549934	0.492190223009942
