0	0.377982488859931	0.873746493049749	0.830945274556091	0.899914571359108	0.497723765771445	0.72174918581399	0.485536700241402	0.524120014756999	0.518280757424653	0.91192598905142	0.960642288620796	0.910879258861428	1.3142555672658	0.839453020362358	0.810634796321271	0.714266547687552	0.480449945219536	0.58008966694603	0.517722804732472	0.767274014621023	0.535388146490537	1.14453569420918	0.671966825548872	0.886548788824408	0.881390497757574	0.747113335142337	0.867242352095776	0.486912671368272	1.05039275046603	1.18171014383905	0.861743967157062	0.661326679650046	0.849265816958415	0.71941558596373	0.736714668107143	1.00762940129711	0.691050997921105	0.736313070778983	0.719972040705505	0.749608982075701	0.904993360292433	0.979760555322853	0.80150312720563	0.413873380180547	0.502901166921895	0.556945864292061	0.693612890279003	0.978368559807511	0.689289448361826	0.685828678314449	0.643586256537253	1.01395489469777	0.821501115514325	0.645228467227226	0.795192605062531	0.190699356078154	0.419105097664658	0.778380316828113	0.822170630470896	0.85976050501553	0.553278576733658	0.698912878102366	0.534179731400711	0.646451265189275	0.658175671348982	1.02247542379254	0.886877790780114	0.819293610144388	1.24627740387766	0.692680759482622	0.650502876155508	0.919460231842827	0.544106905764447	0.827346414429787	0.609314926292108	0.709799713430109	0.827632638308803	0.609101380447446	1.2938249330128	0.816544704561624	0.801738335903074	0.939772079093108	0.81738591065175	0.856927308532246	0.864765066784829	0.893743612918317	0.647782993719197	0.84455925708418	1.15608011837304	0.980285744672283	0.866201394261459	0.692403575384521	1.08284589672827	1.0701085261026	0.72681707041123	0.649082427678584	1.12082738201107	1.01217608593431	0.951087907446996	0.688288100475582	0.866803436486291	0.643941498898554	0.612756350124053	0.566920306909826	0.965083617722734	0.73620111102523	0.734390648733242	0.576261595053	1.04805912385765	0.790897968233806	0.636572465945326	0.859225593885709
0.377982488859931	0	0.964223850158958	0.803583630174418	0.842232768880519	0.794922372374026	1.1034674571975	0.994987579176397	0.923784661197268	1.03207898748398	0.89119996644554	0.545747505797273	0.395816019326256	1.23343126196859	0.538835063433714	0.786462183930748	0.417644847318759	0.912472086286233	0.857688843163094	0.889054896554093	0.909495354088161	1.0640772376526	1.07909327217076	0.809636232573894	0.847857149937825	0.711367109019941	1.05515230061899	1.14009181122575	0.859017170015685	0.613473322748896	0.935490654538064	0.523909105560552	0.953512143029126	0.964109766504627	0.930661712770666	0.828932671705587	1.03055266083073	0.60407992476516	0.886810503029254	0.813391300580221	0.985906583234503	0.916157484531715	1.03217874391295	0.8092477291619	0.548079437835211	0.87970153519084	0.835559371344367	0.913461089209701	1.23339066350192	0.971204929940359	0.967567199787833	0.95208117464127	0.820586008460718	0.9784289057593	0.434337279123129	1.12197189915984	0.433906610344918	0.181856406011239	0.822648917328442	0.795555721685098	0.811083672234774	0.97588076891591	1.1575399586904	1.0470622251487	0.791626311868227	1.18891568509392	0.895597444634527	0.543812470425959	0.362036581618638	1.40120913395857	0.66564346155693	0.413265100290236	0.99035273715079	1.03903696585592	1.36869463036118	1.11101588866372	1.05068520936983	1.09098632956524	1.14049667053562	1.22833400271384	1.40474569521851	0.79024765903808	1.15006978933643	0.872655250579742	1.15010011536506	1.04732078034891	0.852159669910811	1.0245645556734	0.822555733494516	0.916826123087732	0.636628991435787	0.834337837027883	0.763204584512021	1.01016964949013	0.959095608382213	0.806452029381786	0.76660086157371	1.03009595477474	1.00737394263128	0.988920407755488	0.777559361827354	0.937891134579025	0.619070968134802	0.873538291713673	0.74388842119742	1.01242027555758	0.766305367851255	0.924354804292859	0.786241616500288	0.842199830847829	0.857946345094855	0.514050354707488	1.18682932594851
0.873746493049749	0.964223850158958	0	0.110105047152528	0.137353684803721	0.528233100679787	0.597883310859013	0.664718760960879	0.627388539687157	0.7084109594294	1.41056464731519	0.609000172203073	0.831916411573708	1.19856416174266	0.995272509421216	0.797243446456064	1.36861647108619	0.763495523061662	0.918046333164662	0.891388439090234	0.775404951412746	0.928607384815887	0.997607073754104	0.733990325692414	0.864825696414167	1.08327707571477	0.923739350000984	1.17689785187551	0.961389415698703	1.02485218826239	1.25086087734903	0.686207530399093	0.962860598012887	1.13011084389082	1.21929995831461	1.09869608804574	1.19374689153267	0.866723359874516	1.08975984427457	0.985296907512091	0.937608253234337	0.475005862434937	1.01367592360888	0.543910370736274	0.703055351758667	0.792415720319611	0.788624934986305	1.10327176157902	0.820731974936689	0.986516782123777	1.09938550405434	1.0745124047109	0.485867562387279	0.238378358414727	0.721065753655853	0.919684268869227	0.744318870573023	1.07141909405261	0.0540343109716583	0.125856101325355	0.192050084579052	0.442987024296997	0.606018618457642	0.626369325670913	0.609477538805727	0.756917736029119	1.14084715792408	0.567090564002576	0.922247134087086	1.06897949499286	0.755593292724131	0.824022051617484	1.01899116039792	0.742929790092963	0.838423501569476	0.840612752160567	0.839503219033174	0.709788981199079	0.746151251130998	1.04779249925843	0.928953695875675	0.655686902282255	1.01565230993526	0.963012839347887	0.872173077537996	1.14309910341571	1.46741363429896	1.20769038091271	1.14524980391992	1.20034800772892	0.718646878660092	1.19373044079925	1.11979088791946	1.07163197236908	1.15740925198901	1.23109335409997	1.14940193514977	1.31394442878719	0.464857180326873	0.868148056627421	1.02724155479784	0.685603751778005	0.897978001541312	0.784538110797287	0.856705631628518	1.49286043076899	1.08110173911343	1.13494582689632	1.16469951894655	0.559891850607468	0.207830112320415	0.625177360159062	0.932944610149949
0.830945274556091	0.803583630174418	0.110105047152528	0	0.0476233692135229	0.601433427423392	0.618144601866113	0.748227515208839	0.711263778725322	0.881386990140839	1.48001171648411	0.479218832434423	0.633636473215725	1.2721243561108	0.933869647052418	0.866070171083169	1.28172590340729	0.840069332695722	1.06866359103117	0.970348308845285	0.796188415722739	1.03154313956974	1.15232074612483	0.85653485236855	0.903282582458368	0.809043767391946	0.984985598773894	1.34135651529857	0.990751592168027	0.908187401849449	1.2337828978164	0.665808181400836	1.08229328686508	1.11876335375014	1.23555204697052	1.14234980760436	1.3549822312371	0.805192019411089	1.15218501766248	1.05330123236739	0.995431571567354	0.323480917845447	0.910191827721835	0.621629496214668	0.649940814823571	0.80109369838481	0.840860320068843	1.16001072290306	1.00863036495163	1.12606285629961	1.19725428413252	1.20499472282942	0.480852860881336	0.172554683629953	0.594040254122728	1.02856693674814	0.794092140209619	1.07857779885718	0.112319591135072	0.0243567048185015	0.0582414767370041	0.53750685264207	0.657218402455431	0.734991916392055	0.673464876191054	0.965544482472191	1.27965244770105	0.429991256959193	0.72592929289488	1.20674150221911	0.716707297197601	0.74500203826688	1.10721446341144	0.844505382310566	1.02581527048765	1.00473537497217	0.97673344480987	0.766075709969227	0.858286892962709	1.2194521693723	1.10396795333411	0.784864513269398	1.12151586478029	1.02587575828114	0.977292098717978	1.10967544363469	1.42799485193555	1.25614108072983	1.17221015145781	1.20615030531019	0.723520157576327	1.29238081445587	1.03866000907085	1.04182303438219	1.28537356309772	1.33603677420433	1.21232310314623	1.36468885585681	0.388276811946149	0.818653416328608	1.10571904927419	0.779889224036425	0.899260930631701	0.801311596726409	0.898613900295226	1.60071304040361	1.17268680877492	1.2646200804938	1.29157188103444	0.613085939871656	0.163371730668837	0.551807274208789	1.13764318375391
0.899914571359108	0.842232768880519	0.137353684803721	0.0476233692135229	0	0.609820628764538	0.559134364973707	0.768826647384556	0.781984040386515	0.900786010151846	1.39645604543751	0.469969382967488	0.589998888006483	1.13900785255226	0.962102235837056	0.891706508822909	1.31400965160253	0.912466472101791	1.10431372318092	1.00889353252637	0.785500469072009	1.01812880462135	1.22983054155588	0.95672736862404	0.971727785551748	0.758373818581491	0.97713180552121	1.33046405647706	0.972898643581435	0.952397672743435	1.29020456387212	0.735148173497218	1.08097021730165	1.20750399051747	1.25330263867941	1.20746184186439	1.43936480575503	0.878551219409992	1.23406017551833	1.08753871545579	1.03927128572135	0.301408366581025	0.858656243349951	0.684427775231729	0.725048422274736	0.734136637929484	0.800859999219092	1.08715921873364	0.957979230242782	1.04517979898816	1.10455744336038	1.14245230383827	0.503485093666574	0.208213624519814	0.687910727394387	0.964646033234189	0.827614942600649	1.10048597933191	0.153993198191941	0.0713305349350257	0.0202298445630416	0.548601163089178	0.599916554217336	0.752224475503519	0.725815253133405	1.00131374247011	1.23080479505289	0.432388124962526	0.71570502751818	1.12568803018319	0.748937164546838	0.763074431262156	1.16112883446874	0.884910505318132	1.03115693347371	1.0493975177776	1.036745747402	0.788482740128331	0.894953332145607	1.27187622923571	1.10991612133958	0.867109224927788	1.18923576370516	1.10867642935563	0.987014187335503	1.10786027037381	1.40827557747167	1.23229376712755	1.17227902771195	1.22556522991071	0.739599843021839	1.37442594611834	1.03836606631628	1.08551780896422	1.31360478816832	1.33781495822787	1.23869447032707	1.42136516626057	0.351978710537169	0.738895498235252	1.11316292148282	0.760078453019039	0.898623508407544	0.720809136347323	0.84377499669224	1.62850247781535	1.10604588534671	1.21973903434168	1.24162799600641	0.627749421746687	0.193220444481388	0.661363900059437	1.10446391329359
0.497723765771445	0.794922372374026	0.528233100679787	0.601433427423392	0.609820628764538	0	0.596074585484825	0.387515846321446	0.344311310450743	0.416174373967366	0.972627541837638	0.949771319307575	0.948826081939444	1.07333828241604	0.693446592502161	0.755323618045948	1.00243138729566	0.407594688243175	0.576077486260555	0.479790839379269	0.484376054430438	0.35508286717619	0.967144139346005	0.601659336710724	0.843462423160445	0.908944297643939	0.640411017406974	0.964863184410251	0.678145001782452	0.950932126291731	1.10617496255777	0.944029784647331	0.811032771011503	0.849777677044217	0.939713360694502	0.852011511284162	1.06471625889249	0.803847241348528	0.876160195755487	0.879942336168117	0.865006180129062	0.780484091598895	0.820110709956311	0.758774889075023	0.715039168702028	0.580423241421333	0.723851688592611	0.914670762688944	0.804713665388051	0.775983778325376	0.726697204323009	0.789093648024368	0.899760854257116	0.636216961556335	0.844480163140352	0.775116149351248	0.514062712256073	0.79330190266727	0.431766587999369	0.555331409528579	0.552351285823601	0.214429859299708	0.540465389645354	0.439339871703704	0.388336673626588	0.522865534496934	0.945946963905881	0.886352340134942	0.859146402998896	1.02861484893388	0.444054975719092	0.75669653771078	0.708502904173829	0.356562407055795	0.734230389152485	0.481689121430404	0.626604226456953	0.545027172220716	0.424385685673885	1.07268110761578	0.65811441747392	0.626446685089635	0.814627573404544	0.852019903264191	0.657264346930911	0.881203702062221	1.15911412878678	0.827287056726107	0.763579651380345	0.979350375923681	0.910286611160935	0.845241175021689	0.796512103540878	0.808311573471929	1.12316249488328	0.912949120382476	0.827947180460331	1.27692572650497	0.757121571621188	0.700146189368303	0.957875229810094	0.806599482374633	0.900855770195835	0.660788619853759	0.829100771132881	1.02888014941255	0.842770828823945	0.885873271208726	0.838732012831355	0.928291514095246	0.623572457553958	0.871080586895296	0.850256192261149
0.72174918581399	1.1034674571975	0.597883310859013	0.618144601866113	0.559134364973707	0.596074585484825	0	0.265918149132578	0.505305282141748	0.440158429726186	0.930339488039527	0.73560577043952	0.93388629730109	1.0387450724077	1.48992325279833	0.876216138092348	1.23293590733402	0.670750536341952	0.504857145205875	0.545036064114301	0.519122344473547	0.516995056260102	1.31785722906401	0.728365699341807	0.841191640328047	0.78069531701589	0.437743425297918	0.821680321988057	0.603534522445154	1.22055210129793	1.24620531535266	0.961645850299371	0.511319579316556	0.874831688800829	0.777105251102213	0.822613446083691	1.21553625080873	0.839347741321689	1.08283651668277	0.845579257201965	0.790319605011754	0.42353227166464	0.872091858760852	0.60969092575897	0.534711779767182	0.415447815096463	0.453530130482796	0.711632083889148	0.602791606821067	0.670821501422216	0.765476809832451	0.72262436529501	0.728039631823853	0.4545911516336	0.801770032273686	0.563621928978731	0.779952837031321	1.18195804117214	0.626466341087065	0.59438160792844	0.517014382357357	0.435412741397444	0.0323679996242908	0.312220858292611	0.737749355885756	0.510120195172634	1.02055496825937	0.683470044150819	0.993703088474983	0.769677055041146	1.18328610938706	0.882878258188499	1.3122079065902	0.703138662644314	0.294599534834098	0.553226703760589	0.608416518821553	0.616206234699211	0.346641788981685	1.14950273885927	0.690328003052855	0.830202117880875	0.811351611128499	0.766422562817875	0.508069245607635	1.18266256608287	1.16596825882231	0.822005896157921	1.393116922398	1.27452914199528	0.824021261226079	0.982863708444537	0.755544315508151	0.926330853582246	1.05146537541024	0.900265894235014	0.710614847135734	1.09917977365706	0.366328090676321	0.675938235792662	0.749840761928709	0.49646421057407	0.601654329017563	0.319865864960798	0.4994804308161	1.03999500127782	0.940205729301237	0.814854333461353	0.923600495729726	0.758148379919316	0.418953928521143	0.73621655993869	0.691712935883318
0.485536700241402	0.994987579176397	0.664718760960879	0.748227515208839	0.768826647384556	0.387515846321446	0.265918149132578	0	0.141967737114421	0.174601589410028	0.907598803786593	1.05976373663761	1.22381406707468	1.17079021888216	1.26444209402057	0.942724381340829	1.23433930411943	0.325198681973001	0.388491730457375	0.271391924077337	0.584043604763086	0.27102133826544	1.27844454089955	0.653407475978708	0.870002676348342	0.942894104226837	0.446227172048708	0.681432724907313	0.394472504269008	1.31755424202503	1.33344128064701	1.16992370969623	0.514666378713587	0.844694959177557	0.638360098167319	0.653046614786829	0.941274747190599	0.805338935610739	0.719287814054535	0.672730820569491	0.671772998127146	0.708078646879101	0.927273672690081	0.634015118500781	0.49633980928522	0.29921131439819	0.43675542967882	0.6068748102528	0.604241148030092	0.618440372554996	0.595364269706124	0.608587991274298	0.961910504226019	0.537453289616174	0.83055058610898	0.517404389233236	0.52926679212722	0.962094459118565	0.670970489027551	0.707858447312602	0.706585269944868	0.244359063730708	0.17616517309519	0.0322797492602624	0.373631321048611	0.274517285240806	1.02737986242863	0.93951914076342	1.19013245682042	0.820097253552298	0.921243871750371	1.047109990866	1.13480582112588	0.313946941939233	0.366930972411718	0.261793802928809	0.363967184625773	0.602815167016586	0.212878925542215	1.17447060438197	0.423332427269804	0.830954597528076	0.683216527201303	0.784282786249935	0.539441834906902	0.946123085316725	1.00594869937513	0.572429608854976	1.21250722083105	1.31913584484032	1.07547387982045	0.884234615154335	0.644459203084632	0.89554939710176	0.950588714048701	0.693709639611861	0.562540987860014	1.03689647755753	0.676369659070754	0.736408607378001	0.65041522196009	0.610761327906242	0.588342160399187	0.304407319422323	0.508616437138671	0.90993348945696	0.808424841307126	0.663463488070558	0.686045978390922	0.968923581843219	0.554136281113544	0.687072475543118	0.615593595673439
0.524120014756999	0.923784661197268	0.627388539687157	0.711263778725322	0.781984040386515	0.344311310450743	0.505305282141748	0.141967737114421	0	0.272658723809458	0.961389759801059	1.01271297724701	1.16143165062929	1.18397500091032	1.09553865136202	0.883381666405729	1.16244232155842	0.322899577114752	0.400843801452827	0.279595076827343	0.537141241029892	0.361665141133233	1.10298479082054	0.589693743489153	0.801305156589442	1.07329359074688	0.474753578657711	0.732028547335108	0.55372728506918	1.17662394849011	1.1609025506441	1.02306899870362	0.629128131421664	0.79001512694278	0.665668069443752	0.734002262659495	0.887512914529075	0.752306481888514	0.654980701429186	0.637963197999595	0.723757533393246	0.748310855299794	0.843618199329306	0.658843636454039	0.616048446461862	0.486436565899585	0.554567655070273	0.767625102385873	0.70798496953434	0.719816019463153	0.698041974192619	0.718481147475053	0.902909044519015	0.57667831724532	0.771603438609784	0.708200316639721	0.545485940697302	0.894655546277949	0.61363405731479	0.667675527892323	0.735457069724233	0.266190816577698	0.435375977021541	0.157072336504505	0.232565926049299	0.339253622393226	1.06196591437741	0.955114934307222	1.1288141049482	0.889433843646871	0.846510511472855	0.994696426832506	1.04885904486419	0.328916984007152	0.540221590163119	0.296080687050055	0.351839087195049	0.609651227304316	0.292893068928712	1.06713530443668	0.575452222640302	0.735305267680382	0.550726744201109	0.736850420369983	0.552878087519562	0.92999866900737	1.05767671875074	0.652969629401815	1.07590654877242	1.15378815363015	1.01208678836356	0.758470314232605	0.701070623001004	0.829739696294085	0.895879564479057	0.713037510095696	0.57878464120579	1.07315432271831	0.768144371352023	0.680529909813437	0.683189066788925	0.715365749275347	0.697035780238469	0.507284691952839	0.634392286391393	0.877815231973254	0.895758172462112	0.703706476323163	0.686464346586184	0.904041746626189	0.590616998217341	0.655727195764403	0.74871980128831
0.518280757424653	1.03207898748398	0.7084109594294	0.881386990140839	0.900786010151846	0.416174373967366	0.440158429726186	0.174601589410028	0.272658723809458	0	0.63019096643669	1.0220855786109	1.21940328520725	0.857718644499722	1.14669899010395	0.637544549545863	1.13518767735276	0.238000255498819	0.275894972673795	0.199987985082876	0.442611213878575	0.184173503088842	0.900147239905163	0.700765560819783	0.966372028707665	1.06126278086432	0.532973506517543	0.391944984077424	0.499605054309334	1.19022665790724	1.38378864944546	0.946752620131244	0.519996058743503	1.03684225910824	0.805642634707835	0.743445523719785	0.912681031409492	0.807197628830023	0.916993099261552	1.01666564008942	0.967117894045044	1.01553684230872	1.20772353608504	0.554409019638915	0.617168668592377	0.418653669668199	0.644649529414443	0.459730424266211	0.359536614218612	0.570407076823647	0.62727419226903	0.503373142697846	0.856238839892936	0.674490415098754	0.843189551081996	0.265314128251513	0.519599243343508	0.822269992305947	0.670486228341423	0.812688783720198	0.859048969854583	0.399112717637824	0.34319797166198	0.195829334386521	0.476875228774162	0.0917584021683777	0.678672404558741	0.88471416879903	1.11204670719045	0.614024842705743	0.821876290471713	0.887715313617766	0.877410053102885	0.210648072914743	0.354877724377679	0.139282656653363	0.196089041932991	0.433606305500818	0.172488379079688	0.89516060797931	0.429772562332956	0.681390726730714	0.8502936799669	0.81186455462352	0.484175316595369	0.880396061726418	0.833981501886828	0.581287162182106	0.881207081936405	1.32368272779541	1.02131669922687	0.848230117020451	0.780794253311046	1.01422491806123	0.92715982640018	0.695937395504561	0.778573362236545	1.05171960874529	0.816466472178066	0.925429387757522	0.528209512587848	0.426938480892291	0.663923876233104	0.372743605923188	0.675218675643937	0.760918863069406	0.595888850230535	0.623395985030802	0.610809832405534	0.788739706311978	0.665679846281458	0.721230784821061	0.279277396077171
0.91192598905142	0.89119996644554	1.41056464731519	1.48001171648411	1.39645604543751	0.972627541837638	0.930339488039527	0.907598803786593	0.961389759801059	0.63019096643669	0	0.945768331153587	0.947699167888089	0.330832176909271	1.00438472468095	0.637180330013166	0.686494224709516	0.866807315526649	0.489402563269486	0.650329833340916	0.629358085188429	0.564350986305719	0.740113469222218	0.93865932922651	1.13931133034456	0.991640189819384	0.793563224529784	0.268205439428676	0.747590393482993	0.85177954693201	0.933586358726908	0.836951234042549	0.630478323486027	0.999313489593358	0.909410930367974	0.775819710270072	0.716546999765049	0.867894052093764	0.987154133018629	1.18774510575697	1.13087245813884	1.35471018897711	1.25706284448273	0.917543706961653	0.949407949770739	0.760872417949333	0.905296948086675	0.411402880126813	0.383718009287055	0.558525462075062	0.6510104199939	0.543206681639191	1.00341863235459	1.30234639267827	0.974864113923888	0.385929931461891	0.841667614314886	0.517526852273839	1.31961112939611	1.38681781898119	1.36670635830364	1.10713832864453	0.935919453063822	0.9149413551734	1.04559259508138	0.566086330172552	0.151276591421184	0.875229209492246	0.842067733205338	0.425150897488328	0.967268261049113	0.846247876000633	0.942399718756252	0.824719700683528	0.69941033720466	0.606259125542577	0.645801138289175	0.652419278908607	0.668643289918789	0.728462052436063	0.776426074235851	0.862135380757439	1.05357529804761	1.00782605981897	0.747765706624855	0.963728737962195	0.446125766058932	0.640246538548626	0.66825384791092	0.982701689657669	1.01774169642361	0.651401527999367	0.841848810246639	1.0143146024376	0.769696984880638	0.582432284280772	0.838599078863069	0.883703862260366	1.15515104897314	1.15665296589101	0.481740499244963	0.589735074838331	0.760509340035698	0.670307695170563	0.856867078132257	0.381192174176194	0.416749218601784	0.489925716171503	0.611821845374063	0.91821952835024	1.28938086174475	1.01162275151523	0.329592516094608
0.960642288620796	0.545747505797273	0.609000172203073	0.479218832434423	0.469969382967488	0.949771319307575	0.73560577043952	1.05976373663761	1.01271297724701	1.0220855786109	0.945768331153587	0	0.228324591211777	0.99204930465371	0.96111627705121	0.655178637899715	0.804685810369072	1.10858082759345	0.821543785290848	0.913477972274361	0.572298588177201	1.17959092236659	0.929898619109283	0.836174485619687	0.750883174709936	0.750727104109813	0.900295973493656	1.0431287401313	1.2555397429319	0.564378727073253	0.934529181523118	0.257386717483633	0.992744152472335	1.20023292675178	1.25136326198299	1.13075434401631	1.28833066642801	0.599835603675001	1.35859022959576	1.20680978801557	1.29795564877949	0.522653890202096	1.06850561273016	0.389669733037643	0.637557011672809	1.07558187333778	1.00783647583086	1.09368122713126	0.881194754839105	1.22520029906939	1.40888157952684	1.23886265728242	0.149748534869581	0.505240992600926	0.290963087007117	1.01723855351793	0.904618993361293	0.749528275610697	0.531102863313702	0.43173277387341	0.469947076695844	1.00043496459057	0.876401219596311	1.07399482593537	0.972636302653173	1.06363300587407	0.866861323077156	0.0644093811566768	0.272083771616167	1.06201915496759	0.962857710487441	0.408483969276939	1.21861712854394	1.21290278011129	1.13056443756831	1.08472897114616	0.884000985575897	0.693011063488533	0.984203168267318	0.844602530365126	1.48226155658304	0.599138048333467	1.22490745705853	0.806317374448224	0.905946446166891	1.2008680776693	1.15964903056365	1.41926957602059	1.19912874880461	1.05996823229726	0.311375362225568	0.988436941323754	1.08178498843735	1.09180983602421	0.968220646260248	1.13837994035321	1.08459296182063	1.06602590431438	0.3434079161206	0.8522422322482	0.840692775999508	0.436581655825947	0.666331557330811	0.841372751919523	0.910816145790848	1.21988510323393	1.0589272378024	1.2389382927065	1.25489499549126	0.193042704871407	0.358791278574476	0.363314671041758	1.03706731797376
0.910879258861428	0.395816019326256	0.831916411573708	0.633636473215725	0.589998888006483	0.948826081939444	0.93388629730109	1.22381406707468	1.16143165062929	1.21940328520725	0.947699167888089	0.228324591211777	0	0.968249120532689	0.648712445896233	0.61567910909975	0.523986314200926	1.11048121376653	0.952653301865164	1.03170053892936	0.66599438303149	1.24385414494564	0.909536386715339	0.776079220813806	0.759107714435726	0.625619850297529	0.919597516410025	1.2567847139237	1.29369672881681	0.37220176068897	0.747382802971654	0.313117868746537	1.1637382424416	1.03715331102573	1.23893999166481	1.19455658838672	1.38039150264008	0.812362315743756	1.35421303079026	1.11962407278371	1.20109098008476	0.594439650151029	0.883770121993863	0.725898517575041	0.711099734521254	1.06839743002422	0.941839816397906	1.15562918394332	1.16049065703829	1.19759910012185	1.3500050401942	1.25547916798842	0.449698536126811	0.774226453006032	0.422562180605164	1.15589759347528	0.87613157325311	0.626932314095585	0.733440336261049	0.63013207031617	0.589640080108592	1.14860549691913	1.06387293876262	1.29979553174027	1.02575565457048	1.34862640342447	0.93016217948475	0.318299058767216	0.0893407655887712	1.28633598815466	0.899055972830142	0.267173079953516	1.01381251326653	1.28125214252189	1.3559047942636	1.27456761437972	1.09916755516091	0.844422620400424	1.23491298692046	0.912615224717169	1.64377666020913	0.625531746851126	1.28792317961418	0.901862874958454	0.958930137736116	1.10727000683857	1.11927009976512	1.29460583184386	0.964169610572352	0.740951082965394	0.393240888799457	0.985104118837747	0.858682034878851	0.991070890657056	0.989867557308572	1.07786668325038	0.988708327209411	1.12145141999049	0.567560194128769	0.781660424639571	1.0116177862678	0.756629792657444	0.707501661979774	0.894239688393149	0.81849695750272	1.15806636226261	0.951462208855515	1.19404337115357	1.14851368427857	0.498016273324182	0.661030720133823	0.592579572277159	1.25288893184
1.3142555672658	1.23343126196859	1.19856416174266	1.2721243561108	1.13900785255226	1.07333828241604	1.0387450724077	1.17079021888216	1.18397500091032	0.857718644499722	0.330832176909271	0.99204930465371	0.968249120532689	0	0.872452965861982	0.65547286351577	0.906574416007272	1.00371318051542	0.850387557197277	1.0350567841192	0.746828508263781	0.805900711047504	0.637247218532654	1.10438518263877	1.1065418332173	1.05855833886694	0.943495562744373	0.617431914349593	1.14878178164205	0.860390825597927	0.877347455967647	0.927075048819989	0.8760374615389	1.19334147777262	1.14183071898461	1.05239576632693	0.887375306258557	1.01534408181476	1.15685033990198	1.35468536759978	1.16255608340232	1.19912352044641	1.08515693062367	1.09258377359656	1.30889850073107	1.04396442208816	1.16330621900303	0.823105333317838	0.475570850786891	0.827333797187525	0.878396494356285	0.807669109886639	1.02359929100825	1.24421620219099	1.3205129097111	0.515732504242135	1.16347540964155	0.925345446364639	1.13737068239079	1.24387844664506	1.15931790958129	1.16926952568279	1.0344100966572	1.17730077025596	1.1621643402769	0.799528056925377	0.31655576336885	0.9617413461292	0.941573254748604	0.258980062631089	0.915823292600812	0.931094619928875	0.823381932738673	0.965113147147132	0.892079372294335	0.83589365604224	0.864996640331872	0.724010953542937	0.897656138036995	0.651546682266273	0.893675050263141	0.930149559575758	1.03027788914091	1.04084512416582	0.814321522834442	1.0120072710654	0.800531298401097	1.07586341787052	0.616409925288915	0.847519524300573	1.01998228036052	0.839932268925434	1.07319566259712	1.00209807805397	0.854706027298147	0.866691219813396	1.16786570896243	0.929376976896159	1.06485268737905	1.04455474044596	0.896321504955664	0.78433657365203	1.07812038150266	0.950663458895885	1.103848183595	0.639029967539559	0.750144720428651	0.791683651588158	0.943667273527242	0.955114096403075	1.27691631848054	1.42742093152166	0.484049798859604
0.839453020362358	0.538835063433714	0.995272509421216	0.933869647052418	0.962102235837056	0.693446592502161	1.48992325279833	1.26444209402057	1.09553865136202	1.14669899010395	1.00438472468095	0.96111627705121	0.648712445896233	0.872452965861982	0	0.687711586590121	0.452298091664174	0.759372818015212	1.11872773432945	1.06216805599959	0.922527564116039	1.10222461665456	0.590437096655444	0.816685108991742	0.852302314512491	0.874509194943692	1.22236493550261	1.19320988096503	1.24258920468724	0.368768512571257	0.674834484863718	0.780465058579222	1.21838623509717	1.0072600985935	1.266274065179	1.10934276184626	0.984017434176616	0.875895107496019	0.954759244450798	1.0509046279898	1.10388301822761	1.23161528941682	1.01587302292089	1.11682123072091	1.05826277403758	1.25990789680707	1.25607215729167	1.22980488435034	1.25139451874554	1.24708505956859	1.13542159370529	1.18870710812922	1.07177856540784	1.2121528868965	0.871060527300455	1.20147344232768	0.835864648538929	0.574482190016965	0.857673690351314	0.972860431949183	0.963955361354407	1.02366491766224	1.48225991779547	1.33726681384475	0.820068801116325	1.24876167685029	0.852879920586226	0.99095451064833	0.559104688913534	1.27722723950413	0.249905287326736	0.567221525524187	0.348519814799521	0.843857432143947	1.58830016825348	1.10463226487649	1.09101010483581	1.07418358177777	1.2854869899098	0.816491962389762	1.28591573899468	0.710430407368337	1.20455278492353	0.922543951745381	1.13613858852195	0.89269177598667	1.00241128988362	1.1841274385927	0.342906095676646	0.533443639949934	0.793948547658668	0.803985275648563	0.989742507953912	0.855551259244352	1.0239056686645	1.03091805174145	1.10812526211902	0.995682444695054	1.28992703292277	1.07029310889468	1.23200598449331	1.23622116680645	1.13648783078558	1.31183882723195	1.21549511185981	0.989522495612734	0.897767976787282	1.2084445703741	1.0377931278313	1.05929537529296	1.21477289712694	1.09392708507004	1.22140589278172
0.810634796321271	0.786462183930748	0.797243446456064	0.866070171083169	0.891706508822909	0.755323618045948	0.876216138092348	0.942724381340829	0.883381666405729	0.637544549545863	0.637180330013166	0.655178637899715	0.61567910909975	0.65547286351577	0.687711586590121	0	0.554283556017709	0.577114589897007	0.418752462200634	0.751110228307756	0.386689432355912	0.669673577974813	0.312901692848617	0.491846407008156	0.78274652199223	1.12995588028445	0.763054676921263	0.732519231650852	1.06251580333667	0.640115249770447	0.832581421877374	0.328605722451045	0.877216471294621	1.0469438963224	1.33942565798444	0.999672357418634	1.06374164972278	0.817548138590951	1.13478800380839	1.26396320323936	1.10783226181432	1.09050930291034	1.31019425349059	0.592899729034871	0.863617975635369	1.08120111545368	1.07556674302508	0.878904219219651	0.747231363465685	0.976137417034475	1.19367773163061	0.942516451729559	0.537625183387664	0.871551960952775	0.637263659718118	0.683796252444158	0.796217048518717	0.675400475191566	0.706364368723952	0.836528130682482	0.899747871564361	0.988844067142075	0.907347536879622	1.04097408606059	0.971461433640637	0.696424693599073	0.613360372414644	0.617739574542853	0.62234679595701	0.906680587958041	0.835187039604316	0.318002868646059	0.558189186867457	0.788748487156143	0.819224362236898	0.563344422049922	0.688520328608357	0.450763761297113	0.657354993902885	0.552438527268949	0.970907525956845	0.372856553350646	1.09024884744004	0.799341788980238	0.684926607388455	1.08122318933913	0.893023744735867	1.0207894327939	0.711427700459492	0.782270973569773	0.52756816849023	0.736784469575766	1.05729178975781	1.071900425451	0.782037598501992	0.724090906187468	0.916653131816083	0.797087064965451	0.841250543121982	1.12660863895332	0.670897309965529	0.549610725862652	0.763601021965615	0.877562158480023	1.00078595446441	0.760723703160045	0.759645969979541	0.958058261911558	0.979422785457796	0.501919535193833	0.794717821515578	0.756700391713062	0.65312532869725
0.714266547687552	0.417644847318759	1.36861647108619	1.28172590340729	1.31400965160253	1.00243138729566	1.23293590733402	1.23433930411943	1.16244232155842	1.13518767735276	0.686494224709516	0.804685810369072	0.523986314200926	0.906574416007272	0.452298091664174	0.554283556017709	0	0.898369993711171	0.683431996567461	0.89915335441568	0.765427804345386	1.052147948033	0.59449170121099	0.610920672374251	0.642179135543509	0.851997633163729	0.841917136989129	0.950624245575992	1.14251460904401	0.430188935800068	0.503112990477894	0.545987537005948	0.811837803756012	0.693761232211123	1.05450531458782	0.911182032322621	0.984355974717473	0.824821366133773	1.04988969620008	0.889909349039771	0.997462132661467	1.22571659659464	1.05548795298869	1.04328015409267	0.885071015765277	1.23469498137529	1.01541466076706	1.01613531712008	1.18507767753923	1.01956402327802	1.07000985384431	0.924452021955293	0.987943123510941	1.4124113585559	0.709074373091546	1.08063072886893	0.727498263427743	0.408884388810696	1.22371205090512	1.29935406303049	1.28354617400561	1.28981482989467	1.30615256938633	1.34556441980899	1.14802843687442	1.17929408549965	0.739540046158173	0.876759940176856	0.438836567721065	1.23136210283649	0.808749938014041	0.2966132405377	0.599900504749	1.12622530641993	1.20307798185446	1.03365876166893	1.03067258369274	1.04393634528839	1.13405744335282	0.739047699688782	1.28181318701659	0.621426608044044	1.04918626096607	0.654487456135154	0.891807378283751	0.986690890453377	0.80372572867023	0.990418690952261	0.592869622134032	0.484896950782354	0.570363350735561	0.460687715469087	0.907548205404892	0.901985304105643	0.856782785172448	0.7399578324394	0.739981163111611	0.720553662312459	1.23319027956481	1.06183376986186	0.911113052688636	1.07277817831406	0.849930376564679	1.1693092854612	0.937725210108452	0.565988541564503	0.773796002545723	0.959362745380908	0.796958807473257	0.933908729515744	1.32014294127124	0.916998294229766	1.11578037299491
0.480449945219536	0.912472086286233	0.763495523061662	0.840069332695722	0.912466472101791	0.407594688243175	0.670750536341952	0.325198681973001	0.322899577114752	0.238000255498819	0.866807315526649	1.10858082759345	1.11048121376653	1.00371318051542	0.759372818015212	0.577114589897007	0.898369993711171	0	0.391360562924128	0.236134136568716	0.456883304369851	0.315923878679376	0.739085361341878	0.520263363204219	0.765094437489793	0.931236014561237	0.525844709290478	0.694979869962915	0.712166165438347	0.855726739870669	1.14025662221535	0.936399611511569	0.771985250052981	0.882985188943749	0.879595882084226	0.897860095944186	0.967665077290126	0.819464856975808	0.802715442127748	0.867465760051241	0.832554851290319	1.06578155900399	1.04086014161702	0.729269591640422	0.677624518586614	0.70705551841161	0.746762139379076	0.765403960406002	0.75798991405393	0.887364888862787	0.854714363407185	0.846286208359905	1.00957285921899	0.805786280707783	0.729469186238972	0.611778738402415	0.519229860320043	0.839818640054885	0.696164747189588	0.815252973336848	0.880184226967154	0.459024078173472	0.571785823298067	0.390203097553578	0.435917399767613	0.384384007246833	0.915599057127962	1.02463302881974	1.04326072344292	0.942056122495767	0.68168557558941	0.747687220970828	0.554183003721705	0.102913660792473	0.652091354594386	0.1889308075819	0.235978675990237	0.54799694655957	0.365111558999807	0.777827845974277	0.601571336423329	0.515088432624449	0.824295923349458	0.695204388917342	0.444439982715775	0.744150800669967	0.997273218299423	0.669420422487021	0.701272691196926	1.01247177574785	1.00767738211971	0.76049228066749	0.728183740427693	0.837298071066767	0.890469877486704	0.747455848485116	0.711306432438066	0.928837466972771	0.986234392835011	0.833827656359579	0.750129300150973	0.771038363801953	0.772254470130792	0.669705306387343	0.791571734783056	0.86454939015162	0.809986625169729	0.894285964415283	0.832675871124299	0.956698299108044	0.82185267306325	0.75172029238076	0.659669153414104
0.58008966694603	0.857688843163094	0.918046333164662	1.06866359103117	1.10431372318092	0.576077486260555	0.504857145205875	0.388491730457375	0.400843801452827	0.275894972673795	0.489402563269486	0.821543785290848	0.952653301865164	0.850387557197277	1.11872773432945	0.418752462200634	0.683431996567461	0.391360562924128	0	0.226301904509167	0.305657651397421	0.326548444747452	0.696347110198293	0.379656310585163	0.619792928899667	1.11423914004688	0.305652272845316	0.470570248146932	0.662714519623065	0.930187786295118	0.973887038677355	0.637576870806681	0.427453848872572	0.670615827821904	0.851509689642043	0.659336361936879	0.835938983254157	0.745523359297973	0.865863429958679	0.813820026877955	0.828134135546549	1.05297272768564	1.14196507029185	0.584647399529488	0.594304039750577	0.674947929039861	0.58362808155562	0.627273537270311	0.502794474202556	0.627967280927019	0.778232453941035	0.59491353210781	0.765174930570127	0.908720780726045	0.664274026850057	0.504642860881627	0.544543735696131	0.666731541279455	0.844253274589348	1.00150654304106	1.06914246396885	0.708086432990641	0.490625346149137	0.459133409221579	0.705839053838111	0.278507372479367	0.615378104065887	0.77295295882428	0.895004857010186	0.690280395054534	1.06509445442594	0.608128095571022	0.856549237912424	0.514779838381208	0.348210993263102	0.174611630861612	0.271927449320337	0.477970133310455	0.269254250253829	0.696777625411813	0.616414267043703	0.449361336904791	0.697961553844427	0.561492520010712	0.347456777878849	0.979790254081598	0.887987292601211	0.667100796886531	0.923980859493725	0.987600094908467	0.750351747748657	0.451769493641573	0.785403263998432	0.917617362672027	0.719211134102907	0.476834742487052	0.51527218600305	0.818224684207514	0.852984664271846	0.895328081036462	0.42396802232287	0.47459368865307	0.570576276992648	0.544190713490467	0.598451181634052	0.505736190894383	0.683399951338013	0.553036421115451	0.603538745037546	0.70355483528381	0.828800429335056	0.642430360441864	0.455736750928726
0.517722804732472	0.889054896554093	0.891388439090234	0.970348308845285	1.00889353252637	0.479790839379269	0.545036064114301	0.271391924077337	0.279595076827343	0.199987985082876	0.650329833340916	0.913477972274361	1.03170053892936	1.0350567841192	1.06216805599959	0.751110228307756	0.89915335441568	0.236134136568716	0.226301904509167	0	0.354877456928965	0.286329449859096	0.893448973688073	0.586221175935003	0.789300674299036	0.940698699807835	0.393820894522275	0.474362261462392	0.65188431056967	0.94243827571351	1.19849840571776	0.918764117810025	0.564376255728621	0.802716686395496	0.820918235367856	0.789986132245827	0.974064956367375	0.871201245868651	0.927829235459043	0.886276574650652	0.998343164258064	1.03892754038597	1.08575880858048	0.655715917309675	0.578611149568086	0.565150278378159	0.598537380100795	0.585008305838081	0.561500203012565	0.73569140691032	0.788424470686791	0.657916893721836	0.865079041868624	0.797559922754257	0.62615508701927	0.527538307402524	0.50099210066054	0.75609442075925	0.814205062595634	0.894742762762683	0.942489752152982	0.518886435344592	0.492091122886961	0.297497047437629	0.434322487239307	0.262058444072805	0.765417983433136	0.834061263233292	0.882767754856874	0.811503268139783	0.878690831425993	0.759053619880366	0.848595955260209	0.253419926860825	0.485265771487388	0.177950712143663	0.124719386338713	0.49231852186994	0.292740509420877	0.801430835559089	0.616215187461635	0.602782562886839	0.87107539609808	0.72078719928472	0.423043957156407	0.748039533978192	0.892396953171251	0.58233696852679	0.844060892819397	1.1538695384994	0.987936877142771	0.678932567689107	0.763650278533231	0.901861518284034	0.94904423618387	0.724408018769424	0.682737411728454	1.06342723833359	0.899981389931053	0.847892322726995	0.564935403324592	0.566491616596025	0.67017946237041	0.499206522717269	0.646651441055184	0.707474708021837	0.731378938083595	0.741562488094573	0.637756141738977	0.820743315370243	0.78882334258167	0.552161999859743	0.538764124258416
