0	0.174565001174915	0.51508151606058	0.943070395815884	0.84631452180262	1.0660968173397	1.17651773053096	1.0339274609506	0.753407194814687	0.993651486911076	0.552939273771465	0.471289805794362	0.686729419237283	0.83537098001734	0.958188774151844	0.949388491872594	1.05847245975957	0.863018134820771	0.975349061046051	0.820349776517784	0.781720332858342	0.738180924757573	0.822419444011891	1.10760001843992	0.821393454390948	0.673382594166463	0.720720174786201	0.620926079267758	0.869075618314324	0.713642602439105	0.865485955161553	1.02037059897899	0.937731424504362	0.990441386204049	0.74391947187476	0.975650357287523	0.796755253733236	0.966012241723654	0.930344587039041	0.961888112847436	0.590700971838663	0.677358894125184	0.624443154347418	0.950514478191098	1.02802430854946	0.807735691905611	1.06734959979387	0.739460766101503	0.827954449397144	0.830712172366643	1.00990890900835	0.856735312024923	0.667743149985246	0.835835657604857	0.785617092610588	0.943349560641761	0.105731196662693	0.303382701021718	0.433144417026113	1.09583754235488	0.558819991863354	1.01293068134204	1.16487337332034	1.0652297342443	0.846200062267109	1.01406617003899	0.567156945408303	0.505199187143147	0.672683412877748	0.665414438335111	0.926373825429708	0.723473745279725	0.970511865273212	0.88745920428156	0.745164145843872	0.874548560674888	0.883042348617463	0.803623873551397	0.777103002012479	0.732739658918482	0.84221211726752	0.831908915168479	0.863850237629942	0.765294479026307	0.82315531152992	0.937311722972626	0.624980024669373	0.89842758181264	0.686120731662373	0.758834521293509	0.872214866652658	0.74756994385265	0.864597098314306	0.627292156522345	0.735631635593809	0.757111083985825	0.706305811881868	0.522474083271477	0.725478631783307	0.604501186312911	0.543739121092685	0.789210518243854	0.762808155314225	0.813962819845265	0.852046088797255	0.686822726195911	0.728777749483461	0.684487383208577	0.669671022176588	0.674142243521584	0.801018132371592	0.981979257297079	0.829427231661705
0.174565001174915	0	0.446512299702591	0.712699822555094	0.584556767713798	0.839851119958682	0.973302802978918	0.725978870304585	0.548361010338188	0.702724206167301	0.301235909161408	0.254376642799011	0.459039176008494	0.624597359485811	0.694874792388288	0.711931079082993	0.809208799184898	0.583025636192723	0.696284160559744	0.591466054801937	0.544572684817228	0.57559854503869	0.609003501802022	0.85554153769295	0.662681072256458	0.599514321370532	0.619027125977472	0.452763132143217	0.620498662784674	0.52735426986117	0.67371837436744	0.927150693359082	0.680244171982869	0.784022080151268	0.712398907123756	0.831845263047735	0.731886824714721	0.937574169453032	0.823106353002686	0.757760233407941	0.665917559147535	0.575093895107856	0.530095914093346	0.837352966594105	1.01726335665313	0.678485588035653	0.89221094989256	0.53892215923847	0.619752914697992	0.674896956762747	0.863431102910529	0.679363423921985	0.478520510255782	0.586667310413855	0.630481343937923	0.62341625855735	0.158779939721385	0.109534936416912	0.399782031039808	0.81318427915281	0.523355207088183	0.795533532776687	0.9905313495964	0.819556287105879	0.62621207784728	0.755812927937727	0.298360554061636	0.294053890736656	0.392474083650325	0.391441887688065	0.64260003126023	0.549796568319419	0.706440056672512	0.590290918097725	0.485163703510917	0.637252375749222	0.6660367319227	0.525586087458663	0.571789805945926	0.481390930217285	0.652523499510002	0.719777619610774	0.653254143277748	0.539763536001054	0.613677849104316	0.803743024657707	0.477334578521957	0.661181939101592	0.464848788401119	0.613391148408326	0.682112915820601	0.511490457243931	0.748758210332073	0.51620167386508	0.620169780499701	0.639341529122052	0.524264848094634	0.479002235182914	0.478038775871625	0.510854463628544	0.466401605822968	0.663824979020831	0.801344832773647	0.572998053426247	0.707346472129645	0.45426931259294	0.600841978611209	0.581351988621145	0.557525452627067	0.566227408245026	0.553016411677549	0.743203507759054	0.518966354318038
0.51508151606058	0.446512299702591	0	0.310203784060024	0.289003083258194	0.680576757677435	0.715581159950787	0.537727596486795	0.432818021258709	0.477585938866584	0.469897997543524	0.415494304538475	0.426526339678162	0.659561316799169	0.591524254451	0.60154681414784	0.729830331166079	0.536642683819623	0.590146834396506	0.507890536703043	0.40957855998114	0.528321672068078	0.669286555313917	0.731047253027789	0.615698265142025	0.687818706258872	0.465617221956052	0.541820723010509	0.591479097752399	0.617575761759855	0.610948694223723	0.814687548530752	0.526399676690224	0.761533699112624	0.694386825459278	0.817309340720782	0.618865467630162	0.83080465851239	0.666176815371246	0.680016974701754	0.670637439469672	0.543441937252585	0.534383761402134	0.672073654540283	0.741689996898506	0.581858717742329	0.801072389154053	0.561571630445388	0.541278872502883	0.66339412312156	0.683541384235611	0.638191608210196	0.580860332797451	0.354697491484551	0.516136904703939	0.493209583247209	0.520835161843431	0.356825523970719	0.134200512636858	0.444860850218691	0.371510732565515	0.673134809792189	0.735005175096707	0.603421850839891	0.487600706383974	0.506021956426133	0.483442141114353	0.409010528725438	0.389260711418782	0.52899987936209	0.552246287114156	0.498522449143757	0.578704716829059	0.560057710149349	0.534971573449805	0.512492766500027	0.548652649320774	0.457782481619908	0.480751956027112	0.496978102506264	0.646653265184922	0.662823820125408	0.58650189498028	0.531910300415757	0.544035277827729	0.802233490867639	0.541556219877753	0.738496475535603	0.579964875692741	0.626028659421107	0.585855198287504	0.413230514338078	0.690828037678752	0.623254237939002	0.544880112805471	0.611173115124464	0.568364866743828	0.614130968993662	0.340635031149538	0.459746868663093	0.550991778881557	0.547798555826169	0.710203569052431	0.366370200070474	0.676843896380864	0.595985559267533	0.729438311810054	0.63097839525295	0.590284555118566	0.596212335943516	0.217173687214089	0.703401171666021	0.492730811672931
0.943070395815884	0.712699822555094	0.310203784060024	0	0.263336902835483	0.330177235262849	0.333928805021188	0.261629398375653	0.40641199399699	0.246931832929251	0.424971876519574	0.577721959492858	0.329060921435954	0.490711894905984	0.251775068545869	0.376540193690795	0.353673125611128	0.392904564919359	0.40425966824833	0.540329840129113	0.325822392066462	0.621614574102473	0.665543476576834	0.431356756439011	0.504625837223524	0.773007357205312	0.533285685937414	0.749689733303058	0.565336390530677	0.492456596579304	0.375560799323511	0.603522407095518	0.252334165497388	0.450068581177586	0.779099781702399	0.575777763499294	0.578874759933637	0.674706698179825	0.535791094451541	0.436030904087509	0.890065677240917	0.532489971182843	0.539673999940987	0.62116527152783	0.727233505529197	0.634580307177213	0.578076224238679	0.650714867596786	0.51723763068659	0.711318876282292	0.414748064024936	0.55856512420898	0.733791006226134	0.220018620911362	0.535429637916212	0.236638312704706	0.959229585092402	0.569949086367504	0.430543520206786	0.0688545806346748	0.825104604943469	0.328221523093468	0.355079102238594	0.244940831345781	0.402833593311186	0.186257070530451	0.440785945259201	0.513285489180348	0.294879396613801	0.426942162344005	0.206496147462279	0.516470307828664	0.243187583081416	0.388637369962642	0.543023952461031	0.415380951643519	0.465102003915661	0.422794123306479	0.501571491290013	0.47189065387294	0.660057822107103	0.54969408161298	0.462424371064545	0.494928679328574	0.642456948748079	0.76760725669395	0.774231532535462	0.804360305285372	0.536548050726122	0.4839067983176	0.49065841292009	0.316981417961625	0.493742153347595	0.837103438465763	0.549735865036966	0.472960850028713	0.566200512762856	0.812996130711528	0.298351745873371	0.544654096527438	0.844203048358345	0.563018296926144	0.868987384731281	0.27511520359242	0.668755969189277	0.677981111471974	0.843709389913809	0.828992042899629	0.680403303796485	0.739222353329771	0.144798382387111	0.480624663690892	0.337721299427874
0.84631452180262	0.584556767713798	0.289003083258194	0.263336902835483	0	0.481169089378944	0.49745809618086	0.296548485875505	0.334999100112145	0.275172616727681	0.350754653865672	0.270336279416203	0.367882606072535	0.728297918235787	0.50763798068275	0.389186369791765	0.613451256674448	0.308768065032296	0.337578532475002	0.319103895677098	0.287267672301433	0.416827198786318	0.467793785446431	0.487132103106146	0.48202199095939	0.762290180431724	0.462031584574745	0.459049343143012	0.515600161038276	0.614416111711729	0.555195462891446	0.867436325928622	0.364302723089055	0.677422674700847	0.714275903401865	0.658043471616531	0.485181260338053	0.78401323459558	0.634742139209409	0.53515647459562	0.884263860252531	0.454499101065221	0.460208657603986	0.536501008939217	0.747647990550176	0.471015323998484	0.672515416784614	0.371665191770308	0.306789291150052	0.550482973739023	0.640036677340519	0.557313936970901	0.395688036838461	0.258404893699095	0.443212401479777	0.238773244347187	0.763505601826169	0.385349594605526	0.400338068262257	0.300865802582706	0.385629469604015	0.447300358244132	0.516883818028239	0.35787028868476	0.331503029835133	0.317452730398056	0.388202250028684	0.230002149265927	0.27237123773613	0.32915858849433	0.411113011002368	0.304945260211213	0.443065617542312	0.280269942368492	0.226835537110746	0.246268993039816	0.2918600734998	0.292043144203589	0.392706997002999	0.254854629758804	0.466119578408964	0.567217032066826	0.54268251024941	0.383838883495973	0.375789687203267	0.83270706511421	0.528870473465923	0.644307064648925	0.548322064844538	0.45951765225336	0.621413246881623	0.268800377889923	0.63897151712582	0.60082105184827	0.410610397207418	0.576985830691184	0.457777679358901	0.65788168376489	0.124509621344607	0.431764184964628	0.549249001445824	0.464806994378065	0.81712342308611	0.216364317552265	0.57625078700721	0.405507701206017	0.704045518548664	0.63226944442254	0.539609722920174	0.502091972700703	0.176756521723827	0.602294143470344	0.193472012717346
1.0660968173397	0.839851119958682	0.680576757677435	0.330177235262849	0.481169089378944	0	0.168170926582781	0.206305778776547	0.537884787285876	0.32155576706113	0.682810781009455	0.752641440384777	0.619019370113288	0.661742398864055	0.326284841091641	0.360951207527284	0.395714906690573	0.53216979592308	0.44865729070191	0.594591020128295	0.432718384022935	0.542552198953148	0.758972607170243	0.416179251912421	0.618446108004866	0.793882767069046	0.653971578492029	0.791957972704357	0.673019598764672	0.769731272329274	0.6163493908572	0.758695326111464	0.426617224149759	0.601862309079576	0.893228696375584	0.67545529236355	0.657877499378314	0.767648676856392	0.633931151269044	0.58042915301376	0.947568190294754	0.72376182415449	0.720040774780295	0.675328301579862	0.710470727389864	0.610348623376325	0.456114179217576	0.749281051099312	0.590501156189103	0.602464067386892	0.593505568240954	0.613416624344112	0.911012472109803	0.466514418459419	0.571810949163388	0.389484249431834	1.05571087141947	0.783800118746392	0.679640461624749	0.300986153470355	0.998405829618321	0.067994252560434	0.168719956756641	0.134335762131331	0.457658198301088	0.267820889099292	0.678694266575642	0.725149814779646	0.582549198781084	0.538356928183498	0.284616721452068	0.601495924804158	0.363539578980085	0.431291201927328	0.582442342466708	0.41566612319591	0.502733772887055	0.553374906957928	0.520708581374004	0.595691390731023	0.680803341412529	0.588774192987026	0.601755931750715	0.558231004169245	0.715394972970176	0.857954209112822	0.876879386006438	0.924293623660698	0.795883313013732	0.621591483430743	0.595977242346488	0.550793724580772	0.525400702324503	0.965647807270881	0.670323717875125	0.596073622735945	0.641360283150538	0.889312058917125	0.496199067354637	0.797094980149721	0.880025205479055	0.609914955172021	0.784266712320066	0.438354362737421	0.542979900315115	0.743651774263793	0.84527428308688	0.7966868684624	0.753905252830975	0.908398685509232	0.456313467782046	0.562101313365385	0.46121944919348
1.17651773053096	0.973302802978918	0.715581159950787	0.333928805021188	0.49745809618086	0.168170926582781	0	0.207759328865528	0.483936179196434	0.260445167390774	0.694913908191802	0.843206882096087	0.613963134415769	0.691991015227596	0.411292293316751	0.392501429089671	0.379165247100184	0.541895849566276	0.443032461808755	0.582490616284098	0.491310785435443	0.629253839864559	0.771231844025294	0.399109289059151	0.619171014259693	0.905911241841686	0.600625127553376	0.861488047180945	0.653590165478931	0.718799890324231	0.549971683172709	0.725458680756503	0.332135063020465	0.544329586571785	0.886342827032851	0.53473565912763	0.609192270890022	0.719229082070322	0.531361268801912	0.482062052343346	0.940573681689207	0.711821040252458	0.760116746156206	0.523201111983469	0.574077143689586	0.564338393357232	0.428990732420626	0.736235050079328	0.548321678396502	0.601176933258659	0.420878519384994	0.605570781949295	0.931985026969047	0.481706618871163	0.565323062892799	0.360358483616507	1.19191936050119	0.87636595099405	0.768573159410364	0.305766014040406	1.06822828496434	0.188954803965249	0.0291404871092811	0.102452561506921	0.44938504148325	0.223728403183689	0.710138036060979	0.779401345763009	0.61086107495408	0.588720811257032	0.366642336197414	0.638168735180093	0.347861332173294	0.481967205997909	0.677683493734393	0.435152806059075	0.511555102041749	0.57317789039458	0.547802474563169	0.655608039407589	0.720735942699742	0.585911699296751	0.599508259070606	0.605595671815185	0.738911024554323	0.841637507420326	0.875242151696699	0.890295323049737	0.78689110730197	0.621646758842174	0.563529187870586	0.537088237985625	0.574698466142309	0.995584054070953	0.581926770483765	0.5671720834206	0.701282134817273	0.97045674326917	0.514815879631621	0.810186104349335	0.943529897233092	0.543659166127341	0.74603988145338	0.420419738992067	0.580055597593678	0.751207205810716	0.856592682902445	0.862881830244544	0.794792638673933	0.866810332828552	0.49697466719802	0.525048870658187	0.479046195572759
1.0339274609506	0.725978870304585	0.537727596486795	0.261629398375653	0.296548485875505	0.206305778776547	0.207759328865528	0	0.268147843157514	0.120934255117141	0.535466973100414	0.598552027682189	0.474349453056149	0.616818755632435	0.308320032191305	0.33724841699639	0.322261372396516	0.231419060454339	0.154168869215752	0.280282871852518	0.324158408916863	0.420629373177472	0.489837071056754	0.274301839569959	0.460866924578812	0.70140875737321	0.446736146224758	0.622611299856731	0.430870431359722	0.640218013110266	0.462795800327143	0.71896183870052	0.209732484041484	0.490396843895238	0.817534638764825	0.577965148261067	0.536289923657942	0.653075473324262	0.546216701840954	0.437090586933628	0.912283838319538	0.573407997344343	0.592626869163478	0.556360283179047	0.68121161050754	0.54275654301612	0.434487232751459	0.527982577237733	0.390312738522197	0.496896414554612	0.519537426640867	0.467250932526738	0.677425523046061	0.328728549816521	0.495453806738521	0.162690895559491	0.989109703714648	0.641967610642389	0.595732041943084	0.251009033986483	0.807856069464127	0.22960991999334	0.251267614166732	0.0938020795533834	0.339013737454162	0.136910848509881	0.503810626503835	0.540549052759037	0.418905848447415	0.412671875493544	0.266420594722063	0.421077024326921	0.310419196226716	0.199702477961045	0.416840558480065	0.204154672753232	0.264852463119649	0.307473827365728	0.326888819384661	0.337960489133931	0.542678967815282	0.49412252403024	0.419588075924055	0.338697988456236	0.410997031266518	0.854294736586014	0.631291655129409	0.615213523504629	0.627882631021039	0.453233980793054	0.527628023384267	0.32280779029324	0.480198714247328	0.792295649895377	0.498296918009933	0.53523946086438	0.47902574072379	0.771213265369726	0.279470640575292	0.581168571631181	0.744150094838247	0.470395572400198	0.842719533625855	0.285890221267422	0.472090602681953	0.523585641477442	0.734139233282725	0.682957709099804	0.598978692712446	0.710937058382451	0.263302680780908	0.526675438105573	0.222653209062263
0.753407194814687	0.548361010338188	0.432818021258709	0.40641199399699	0.334999100112145	0.537884787285876	0.483936179196434	0.268147843157514	0	0.219709814073712	0.475092236954522	0.445889898095333	0.501964590929601	0.716261281198613	0.565895467782404	0.55899963043353	0.639656959681241	0.311972122566365	0.287331109772708	0.25477157196441	0.293355500457755	0.335380079641742	0.517903232177458	0.481805524756853	0.473087618841484	0.687740466104518	0.469415928631001	0.460228269640557	0.549531527902714	0.621789045263471	0.540567346435827	0.813780925764226	0.367612563133963	0.61336372552481	0.693765351824499	0.666656618912619	0.519817559946145	0.64476514204231	0.570162045219771	0.536705800091695	0.636256676300173	0.465083356495137	0.455615332677644	0.520043910248762	0.645738435805585	0.468546135826432	0.654771176965519	0.423965330621324	0.378845143313399	0.54448742237757	0.580062790802535	0.569752489427978	0.504810403073934	0.375237197208227	0.480895817463102	0.312186167277374	0.710597075063117	0.509691948843002	0.487300000312608	0.473774381351971	0.635146722566945	0.519271739109622	0.518493498652527	0.348111683122348	0.32372431560192	0.288435207618579	0.485921176370068	0.40647283875138	0.434956199261687	0.425072561900333	0.462428398161463	0.437131438328821	0.469579728441809	0.313301891390655	0.424447614256268	0.26244818534959	0.33602238648913	0.283731957340001	0.270787623196052	0.361483865900997	0.451522415918496	0.53755536625796	0.468703950555601	0.409069818680987	0.416031167671744	0.823482354579247	0.488801535402703	0.619050465032245	0.539073896731362	0.489590419390616	0.571830964200719	0.319481165302204	0.608237356194573	0.562202251356342	0.450087595073115	0.549077457154096	0.474766608020458	0.606192805392079	0.292880176061097	0.472800800202895	0.543241998925655	0.496114498205959	0.79184997022743	0.300660172180716	0.606168885849508	0.490418678565202	0.701838626703515	0.648904703619309	0.574291699950914	0.527199283682377	0.328822429789694	0.657111827133816	0.285315587429503
0.993651486911076	0.702724206167301	0.477585938866584	0.246931832929251	0.275172616727681	0.32155576706113	0.260445167390774	0.120934255117141	0.219709814073712	0	0.456629111437891	0.516913574825177	0.392686950201508	0.573237408630577	0.346454017393468	0.353239115231517	0.360745826379521	0.223354728526448	0.217490661815025	0.250769545340839	0.263668234177568	0.385800973471146	0.469448343915839	0.318318228976457	0.381957741987766	0.655986352580141	0.425886668018134	0.477000812591869	0.502136389872825	0.546730200906242	0.398738150716715	0.650472934117015	0.235503027935046	0.478423834599784	0.680549855298125	0.556318066941204	0.538088942705727	0.611242726219237	0.537574705460026	0.443473633213223	0.828911420139049	0.516946162338631	0.510394410803572	0.483898535342976	0.68349037234611	0.560853614567776	0.581717024764528	0.514180959565695	0.416516274390511	0.552541095885962	0.50310007511456	0.567483112481489	0.582256842728345	0.265957386889552	0.422559526726968	0.145308360871054	0.957565279935396	0.614552092301841	0.561551360897791	0.263118829673259	0.754872517424413	0.317606788668457	0.296741805998098	0.18370415649228	0.295007742386738	0.0704215964372523	0.4690726415153	0.461318305680686	0.366666560883481	0.416408177305316	0.27867800544144	0.360013049438255	0.310615402324526	0.199185597397749	0.389720103064752	0.206810693282771	0.228286114265054	0.258200373339379	0.29135144390398	0.339042496908706	0.484393832085354	0.454574596206797	0.386921769221671	0.337716870834626	0.40565625269573	0.799544913802204	0.569588033474164	0.664192278479771	0.518141806409933	0.429905224384181	0.43501419261181	0.263007624152919	0.506243660990918	0.636879480318713	0.42711818817876	0.471945944797904	0.478755076701706	0.700423467441928	0.272427355542077	0.499625375144286	0.668838030666201	0.435542693923891	0.806824765224342	0.267203131420181	0.575252079097606	0.530605363014156	0.669993274051689	0.680083600192156	0.619220810365859	0.565507598909887	0.241761386711031	0.474453076233678	0.228187893040334
0.552939273771465	0.301235909161408	0.469897997543524	0.424971876519574	0.350754653865672	0.682810781009455	0.694913908191802	0.535466973100414	0.475092236954522	0.456629111437891	0	0.173844309016254	0.179755959624492	0.367624810773377	0.387178551480189	0.392008964892907	0.490498794559767	0.37327777515941	0.501016968937096	0.468692675620731	0.38573252909362	0.630871589715795	0.474450961544823	0.615786426994417	0.475895774188497	0.682674927416431	0.517898123310675	0.480571486860429	0.546008743486696	0.281699516219969	0.408459872983386	0.739333283320647	0.390334787337676	0.536162304501413	0.665868326286962	0.631980189892024	0.627202371130793	0.792578558918386	0.679938468073044	0.515442999835652	0.833981818888258	0.504121962186684	0.435923789458666	0.691672164884782	0.961238737960914	0.694141009239172	0.735551028412513	0.450444920169892	0.437257123966242	0.631930557266158	0.616948744800863	0.531365144065853	0.36713147947102	0.381210093310429	0.462948644449686	0.341585275288251	0.521481786557584	0.194296958139268	0.566071221183069	0.489823981056767	0.642255457780914	0.655622921821963	0.750526468635505	0.574807356828584	0.529013019426187	0.501828644890641	0.0658454430253937	0.136785336009943	0.119675517483466	0.189632906157447	0.335231548368759	0.355450006447801	0.390631872680269	0.395142086927699	0.316498724164901	0.478447865281638	0.48834982763514	0.407922269907423	0.566211442006032	0.343763701457069	0.556771225996754	0.629565959357003	0.496068379444387	0.449124486059999	0.552596108812111	0.761628911254022	0.490033090707679	0.682416768988194	0.334400644968148	0.475500786158571	0.482031176440326	0.28615500355238	0.585589464117277	0.577347960800029	0.511276785257999	0.489890113020263	0.463965569437636	0.590568147474786	0.326099067934907	0.407166781271087	0.505863541181576	0.533398013936105	0.836508712972248	0.406173634098473	0.656925434674771	0.41036286459919	0.62697299780727	0.631518507632226	0.490333660393826	0.490714807301875	0.376144744883787	0.450060060833969	0.303453418170788
0.471289805794362	0.254376642799011	0.415494304538475	0.577721959492858	0.270336279416203	0.752641440384777	0.843206882096087	0.598552027682189	0.445889898095333	0.516913574825177	0.173844309016254	0	0.329458496822753	0.599780677362021	0.599856426484194	0.485232467514412	0.771266544215898	0.395633923468849	0.549744315861355	0.443802304182781	0.388434693489697	0.472066632057344	0.489698717660655	0.767698164098294	0.593583722192667	0.736828975376986	0.555813230480715	0.330302067514264	0.609793519960772	0.53505792227574	0.662518089073305	0.966988153184911	0.600651304188382	0.837690772551346	0.648287248617779	0.850162204610746	0.671715319449324	0.899203374576241	0.841934607138816	0.734692412960602	0.762585831007911	0.525461195876668	0.476856043204849	0.684683977187119	0.965825023010539	0.626723230412344	0.900676911677556	0.36949947494574	0.421564223601895	0.611985130189727	0.86719585296829	0.606086521015999	0.266543641144915	0.465289671241117	0.543378605170027	0.393733033733744	0.426309770410472	0.143891399668838	0.496145408028318	0.638678266459919	0.411948806547961	0.71107905641354	0.876617755614467	0.687067823674603	0.488279400611995	0.621833287922954	0.202543313938347	0.0654651671266727	0.216174274383101	0.223890562629329	0.50563402696148	0.372955800552186	0.601592225015656	0.406402169179998	0.246318193168485	0.432061963357157	0.479977747942264	0.37175620379216	0.494343424045059	0.333095619638649	0.521785165789352	0.730060760325284	0.655257588899431	0.504176172176084	0.481649636952596	0.861489092162056	0.427324856719512	0.63287020799082	0.455356606451867	0.57387187428256	0.61639066415891	0.416284274892545	0.750670426060437	0.462405286882894	0.526178496997912	0.667346332117578	0.524225720730285	0.551476474442239	0.283447412826281	0.433978197671987	0.430449047318018	0.553405283373121	0.854919295676879	0.430099253979054	0.69909339222124	0.361168756038378	0.559518902133947	0.582920024530239	0.503807675415843	0.427497133782984	0.42469520469288	0.714083571457703	0.300676179606105
0.686729419237283	0.459039176008494	0.426526339678162	0.329060921435954	0.367882606072535	0.619019370113288	0.613963134415769	0.474349453056149	0.501964590929601	0.392686950201508	0.179755959624492	0.329458496822753	0	0.241529994033293	0.2311886531083	0.297101507447402	0.376407219405169	0.333034820434531	0.485090352502796	0.514956985672912	0.328474407699669	0.644932824571594	0.450020917508001	0.463776729215099	0.392804140453749	0.713467844639519	0.514232546758528	0.581104269020879	0.61988331567879	0.179859110665583	0.176214776321376	0.402878906119042	0.309053174686365	0.366797371364074	0.683373067669529	0.526813347597812	0.639032099145362	0.535057629853929	0.629843663816275	0.482899684340976	0.823523011502308	0.411336472876866	0.481675874532445	0.682788464105204	0.937162466862778	0.778782377868705	0.767521634782249	0.62016904798997	0.546584334604089	0.77632608793343	0.527658149382721	0.694977109827372	0.381635945573185	0.288498977470709	0.423867467833976	0.307673223495353	0.700218942248829	0.353074059969874	0.54570465323902	0.375696306129344	0.755494463348141	0.595752482599434	0.677324241635953	0.518401154685884	0.558250646541556	0.417226737011772	0.204748262708479	0.259183682318233	0.0813778078830258	0.366806098948399	0.230288624276509	0.368495953719486	0.320204804077528	0.389573824166396	0.440242073672599	0.499993386105528	0.474882512428404	0.347791335474295	0.532896926499692	0.413035189242823	0.558381093281788	0.533985146638309	0.394080516014436	0.477537120082822	0.582924990924373	0.739865916479442	0.589711646968692	0.80185320215861	0.271462987019311	0.41037711921432	0.292533373431517	0.339346153895995	0.581785542555663	0.640147760476753	0.554522293960809	0.457439053590626	0.549333943630136	0.679255046206486	0.301222251872292	0.503938275297163	0.745209268070789	0.6261672616445	0.940055452041805	0.388587334272365	0.810241446796041	0.594239572187346	0.834984323027801	0.847778992396196	0.720196982116005	0.467748020705648	0.275299932203082	0.406229986256831	0.375682456553725
0.83537098001734	0.624597359485811	0.659561316799169	0.490711894905984	0.728297918235787	0.661742398864055	0.691991015227596	0.616818755632435	0.716261281198613	0.573237408630577	0.367624810773377	0.599780677362021	0.241529994033293	0	0.199569109267438	0.456623015671264	0.367615468038871	0.52097828326811	0.695241191331758	0.716791691164371	0.546101057790693	0.807071285544703	0.666884091240599	0.659905885224209	0.642266201855063	0.744975326885402	0.662104248642659	0.746403959741199	0.699019383668509	0.231251172817011	0.358286581623921	0.423900010817649	0.523367778276962	0.443609663245204	0.905933514705435	0.727092846421269	0.931246228909755	0.719057530981566	0.798691242746925	0.683527385981431	0.91932817182878	0.782677710756081	0.761690497067737	0.881349867931872	1.06647074139299	1.0004750674422	0.785655465079894	0.834451290257102	0.816610548047526	0.845529760522141	0.701009838129093	0.698294887691715	0.644956921580808	0.520797710620703	0.65385015354212	0.503171561377723	0.829128281345171	0.601654369263746	0.726181525696236	0.531416304533406	1.02582883425087	0.679669105120624	0.777937352724037	0.660232868886578	0.79344304337879	0.612403522882845	0.325425469657945	0.576754575003915	0.316307221723435	0.528793118465354	0.235176308576815	0.614391771843868	0.362652723533679	0.576300551301531	0.755642490834968	0.748330051016777	0.729537149830246	0.559767482248702	0.656885858523865	0.688134583564889	0.668099616411228	0.764705658233316	0.535926142859478	0.730515460908739	0.764532969203443	0.798209466741284	0.741660012480741	0.8764523553822	0.387777847717508	0.71508614062002	0.302650359630907	0.588516627409273	0.694784029527696	0.834914707667245	0.806127937299783	0.646517450295184	0.774243868803066	0.807223818810996	0.689671299586818	0.740630894922751	0.878469091363215	0.724806456873575	0.94349419419975	0.641068018716179	0.861178913524337	0.785329490802313	0.85642293608797	0.852270847973933	0.783700121847853	0.715155837545394	0.502031578607074	0.462782605885434	0.620780861051498
0.958188774151844	0.694874792388288	0.591524254451	0.251775068545869	0.50763798068275	0.326284841091641	0.411292293316751	0.308320032191305	0.565895467782404	0.346454017393468	0.387178551480189	0.599856426484194	0.2311886531083	0.199569109267438	0	0.253372582499342	0.148182894250975	0.345297091532387	0.458463931992436	0.572702360641251	0.365950829617429	0.685869515632445	0.571646907589181	0.379971934787171	0.486873471606152	0.742253049385279	0.571503158938757	0.753168003265228	0.618699306601322	0.338636218935104	0.299511171538534	0.419700693122231	0.295979347412861	0.382981461680054	0.853138265594742	0.611725739675602	0.742289609535635	0.579169239025603	0.645298763686834	0.508290281568964	0.95805476498734	0.632635847507245	0.643482174914603	0.733259017721442	0.873129835568701	0.818634195407595	0.557445310156107	0.725301578733124	0.595011557916771	0.726101013327403	0.558675335423605	0.614245555943102	0.664013103393437	0.327312480211428	0.556352537591716	0.313628587553963	0.969023065182343	0.612827845891034	0.655124461548779	0.247201181877362	1.0104049470061	0.354274473215266	0.472285969738737	0.33153295934902	0.600124873866983	0.318953984279758	0.33870854994194	0.54880773450778	0.268456438282993	0.399112774496987	0.0532991222491891	0.476598259670465	0.195653389206871	0.339225271969752	0.59294553951018	0.522932186823724	0.512527344805847	0.420002106853579	0.560929165251557	0.508350475836367	0.57654862297289	0.545457431600128	0.468660068132455	0.538434188311459	0.660232488038161	0.811902919272874	0.762111475544039	0.856058059115045	0.456375550469838	0.55326103290162	0.278357038111617	0.44048224350471	0.489414340236046	0.85506630631844	0.691802347750939	0.532692621905881	0.643988891298415	0.852144607726046	0.470405542368973	0.661685722109069	0.833031493533263	0.635461284266884	0.91113209985678	0.435836272194758	0.691428779499726	0.729453497587078	0.847303093346121	0.864948546412596	0.764988578364542	0.741386458437765	0.303015445942992	0.430026912757567	0.414505247535991
0.949388491872594	0.711931079082993	0.60154681414784	0.376540193690795	0.389186369791765	0.360951207527284	0.392501429089671	0.33724841699639	0.55899963043353	0.353239115231517	0.392008964892907	0.485232467514412	0.297101507447402	0.456623015671264	0.253372582499342	0	0.308788616490355	0.309619415788942	0.353645799160561	0.476964361560049	0.317100490245949	0.553411352390107	0.498634167582277	0.356496044793996	0.48181794831922	0.844146912700959	0.469914813357363	0.746375453266355	0.660510362078255	0.528625683314048	0.460703121156579	0.526844611983737	0.369536088727507	0.570063036681679	0.959553557763325	0.693994102151955	0.768583069847066	0.698903611231042	0.765311545483003	0.595561521014002	0.994560319043207	0.714090151878208	0.720693656353218	0.739180582079524	0.883234784795834	0.808956541901363	0.562090035812651	0.692136640261219	0.504770171174691	0.66084347358841	0.653845672434983	0.607784000535924	0.525240215149701	0.374340305883061	0.542762942450759	0.329189421919991	0.953273898526462	0.574338596631862	0.651088812775876	0.346281821882607	0.868329116403225	0.401732398720218	0.458478856981823	0.377240988685389	0.572807841532656	0.371821521686203	0.400688492510137	0.414026017151816	0.296129861442608	0.435657716770899	0.277103785456823	0.306331097907367	0.319507802322149	0.313298903505863	0.364973971740644	0.417141325099736	0.445824143707336	0.337323571558795	0.515479810303467	0.441720511850418	0.488437065029412	0.572622894873774	0.559886375987162	0.482574133159648	0.513165410995901	0.835251709235172	0.74923766882663	0.820504659018445	0.659595482171352	0.627176484770471	0.348421465810221	0.448691392244421	0.627824334927789	0.882499080201911	0.728544490749099	0.629146875903654	0.642456729116633	0.825292713037309	0.40245815984694	0.713861192195007	0.807266472018977	0.636800550844963	0.897623875185939	0.457354692355904	0.614224069207094	0.70470870903214	0.83202878831328	0.826866774365092	0.741965667358939	0.679553740200348	0.348766869114055	0.53048399139909	0.401355055087913
1.05847245975957	0.809208799184898	0.729830331166079	0.353673125611128	0.613451256674448	0.395714906690573	0.379165247100184	0.322261372396516	0.639656959681241	0.360745826379521	0.490498794559767	0.771266544215898	0.376407219405169	0.367615468038871	0.148182894250975	0.308788616490355	0	0.372609973019939	0.407276958371731	0.575391781987048	0.512835237446794	0.768351025418518	0.556259867652242	0.369900637187201	0.507782641701758	0.728545187936622	0.589516695048113	0.861103922226752	0.650771961676721	0.442443896479719	0.313202821576824	0.454839875872282	0.249744051282191	0.345188705708596	0.96265943470198	0.571828641127201	0.751983016763775	0.646337898168895	0.673646660494415	0.494985170766622	1.01392762252341	0.694355990658332	0.719926447806281	0.763858997820218	0.86755072082256	0.882428538681308	0.537774594772934	0.827265134895337	0.63285676548303	0.735711631696157	0.509984134087697	0.64193834643854	0.763306582442506	0.429648320234654	0.616962097662505	0.38998912056159	1.09204181486339	0.76369789249718	0.830880510799846	0.333964371580332	1.13175758314557	0.448391795106041	0.450658958658627	0.356237691053292	0.68675653088965	0.341431519328159	0.466306698092183	0.695494132100057	0.433536776658811	0.506292669832144	0.219048396010652	0.534468461307912	0.22954609734658	0.384910328719117	0.660300422627703	0.539753949950149	0.53919930524763	0.526328666141781	0.660613835583788	0.557087018104577	0.602556985135175	0.551754319397459	0.451370305781585	0.55413511130382	0.693315254420931	0.808350751234942	0.837185076852396	0.882726845976687	0.604177401132358	0.586028745582118	0.357049784278607	0.44489026420888	0.550946288792505	0.954258531094337	0.720317590480781	0.558268689991002	0.641482864232022	0.911274686726821	0.574017401171251	0.729291381138195	0.908470434665551	0.685673873370122	0.926852214378648	0.529306224519239	0.695427728679909	0.776811383976425	0.883781517715788	0.899886055649619	0.824683237612041	0.803141084723303	0.442764086264694	0.452544862062623	0.486562355319713
0.863018134820771	0.583025636192723	0.536642683819623	0.392904564919359	0.308768065032296	0.53216979592308	0.541895849566276	0.231419060454339	0.311972122566365	0.223354728526448	0.37327777515941	0.395633923468849	0.333034820434531	0.52097828326811	0.345297091532387	0.309619415788942	0.372609973019939	0	0.121117907901593	0.149413947628111	0.203396141298479	0.363198599302778	0.171738994822641	0.319312440209648	0.371139749181237	0.591150094957738	0.334036934704026	0.417519308510332	0.479056485089979	0.430582306297663	0.390381295188655	0.60297082303432	0.248426288264674	0.499756793762152	0.849624453828943	0.617004519108531	0.629201610119205	0.643847242813124	0.76324604487479	0.550749310110604	0.870156049184482	0.516367096296729	0.502365481034977	0.671567631952113	0.946713961499526	0.74628144572252	0.735991546351137	0.440594926325356	0.365999923346692	0.581142874216754	0.657845201162074	0.527556993171668	0.32664154573361	0.319635541706902	0.520505193811845	0.174346185462311	0.783612760059064	0.491197440616838	0.603484778051407	0.424367545463797	0.679333858064887	0.523195036296658	0.606241658164142	0.391320068205451	0.39444961253751	0.288597290960719	0.360882749280499	0.33563241550264	0.341278489554718	0.382942341919383	0.329175382627273	0.231598331522223	0.411065252004407	0.0640171994117157	0.276370237350169	0.180277279465607	0.190167844439613	0.117782094812544	0.311387966942262	0.176353357068065	0.331934759376236	0.474831471901628	0.401158658170619	0.307927938242011	0.229670069966257	0.826388172832994	0.49694203788215	0.560734763935766	0.485890169686288	0.467257045233473	0.47853829858139	0.277491552643927	0.569214251972007	0.578643223497934	0.530115732882314	0.58103472983143	0.465721399065721	0.652787994722512	0.278378618419905	0.470653764025455	0.622091373865384	0.519995163236983	0.961325143357025	0.385143245693151	0.64872775508554	0.43870033458001	0.665369981463528	0.660393851127422	0.561399073299747	0.4642351115654	0.255654795520505	0.541267156428152	0.183541280655074
0.975349061046051	0.696284160559744	0.590146834396506	0.40425966824833	0.337578532475002	0.44865729070191	0.443032461808755	0.154168869215752	0.287331109772708	0.217490661815025	0.501016968937096	0.549744315861355	0.485090352502796	0.695241191331758	0.458463931992436	0.353645799160561	0.407276958371731	0.121117907901593	0	0.160256155090077	0.282235786329062	0.362099429054372	0.281511116715915	0.279158468092166	0.360228600606479	0.586795920745662	0.329277419428974	0.543341018358867	0.496661621036011	0.566120204393623	0.418566134689598	0.688575687238669	0.228021251485547	0.463692995910726	0.849073548765919	0.553719317649386	0.574168424414524	0.6671373473307	0.72875331278539	0.491138126202762	0.882365101829668	0.567356510846398	0.561733036055939	0.644764224199018	0.869562866659946	0.716978143960935	0.65943503173624	0.505241934337758	0.375589534740155	0.573826547444291	0.610835723152764	0.514138665006387	0.479600862682572	0.385597842230629	0.525364891231236	0.230471958814191	0.886289852114545	0.632286814531081	0.674321205309879	0.444062881664744	0.753719029595175	0.46415708889415	0.491415830215178	0.300257418319154	0.380359809288839	0.256994720826334	0.508226071258335	0.459813395669575	0.472036629020809	0.465900751260943	0.439217379737542	0.281845737485929	0.42025047655189	0.153649997062978	0.327953495235739	0.132690478167365	0.173455459736294	0.197574889418696	0.323438923990798	0.215579792942627	0.403167450280633	0.497298844262076	0.361653068048752	0.266877675904189	0.237370195959809	0.759434880124699	0.549328223214403	0.595567382348947	0.594742719345384	0.415745285004932	0.588638798778257	0.256566666587263	0.589905128060679	0.688697432071288	0.508681295816074	0.586290456790466	0.425835173608345	0.684693546360682	0.312810462871754	0.533028904886304	0.697609838273114	0.522368567859232	0.990854922335023	0.389290928403193	0.596972479562985	0.476372313744749	0.764210379203457	0.676738500030261	0.558340249375529	0.506343655360607	0.325921201024554	0.574163682244569	0.196671896976692
