0	0.54294551245392	0.339200287392581	0.569780360650373	0.688848169152794	0.549267233176715	0.615874397994011	0.752274739218159	0.738290008877359	0.873482850780125	0.763033565560745	0.752139649622703	0.777612312375707	0.943659630348669	0.72779860262253	0.723912538251688	0.682586848840738	0.843057136410883	0.779717046653058	0.951479413590973	0.779669400749301	0.735453665669825	0.633736278853624	0.777308029833	0.73285855930094	0.943515013008776	0.778737257081249	0.770334573670629	0.881769199819414	0.856252951349598	0.800523281705836	0.860597254759562	0.689011736614907	0.95602037348231	0.939828511482278	0.811750253993868	0.642653674728984	0.79382017391103	0.55944644783649	0.872121793854098	0.777536809716615	0.821021021079654	0.876016077686245	0.607069671241498	0.678884368961895	0.596744717927238	0.797805707109246	0.696505432929311	0.61211960534718	0.695659604925516	0.682685075198063	0.607954508519161	0.693035023070397	0.636545692034033	0.674998739530244	0.76068241247733	0.133173189590905	0.580547411072487	0.424531366045602	0.627881678666799	0.863049892900988	0.529074562449267	0.579721895534306	0.738042425294457	0.884470914376646	0.785276928939091	0.658700758631743	0.779719558136675	0.706023058323574	0.940215779290924	0.705308307811352	0.712580701328613	0.733577310279359	0.888908206249385	0.614625285970448	0.745309736274906	0.822597344339783	0.897447480631049	0.823420973131044	0.718638119267655	0.789324950777912	0.835875611096955	0.95623574248131	0.792386543627443	0.67336144757973	1.08816298510233	0.71251011023439	0.808991088305385	0.685123222789691	0.648875604041896	0.786317523674707	0.687082387803624	0.829069467169913	0.794584687061927	0.697630514221604	0.657280254613589	0.880750333437225	0.803253031296671	0.781965443057528	0.863640059970753	0.673955138983776	0.688177156206613	0.704851206489515	0.622716314151134	0.830295967531601	0.753821214532727	0.762053493763931	0.748158760654734	0.595045751640937	0.81226266092931	0.661698107358748	0.723606647852529	0.818892366223795
0.54294551245392	0	0.552326259469973	0.135822471700876	0.192461102048055	0.282634421628926	0.295468052020646	0.362352718694481	0.690486824049607	0.417201675144046	0.258150252398621	0.324405645659138	0.326691281109734	0.442619020413141	0.288382517836703	0.367496079059707	0.448007467491359	0.351303972365954	0.525928743475472	0.950954913049964	0.437470252483906	0.466083569140012	0.44030976227741	0.440259540532809	0.704221789506811	1.15595730974457	0.628068313262295	0.733909386158274	0.958400521257838	0.626467277287485	0.556072608080993	0.789475303194944	0.450244527247248	0.796851545828192	0.841321700183725	0.563053302343272	0.545362124257445	0.560664243040367	0.50455954241419	1.12739154194039	0.736721520484076	0.714880039240456	0.928957175557463	0.547916560591928	0.470575725219765	0.402164963821548	1.10226804835321	0.522478138998358	0.593818257558126	0.482549400770641	0.568593211700121	0.621463131131136	0.581550285200366	0.438896902425893	0.677647662530446	0.360406338723769	0.672163514908082	0.033027304640276	0.582135141352786	0.125395559577108	0.321331902620454	0.305944945535571	0.33503883145739	0.442959617600457	0.800993563957609	0.481536087404064	0.254273453668836	0.192779888996504	0.388943046007165	0.551256645850053	0.365260082009682	0.420444021736445	0.564953108706819	0.528681121286833	0.256816301796943	0.680756035986255	0.650592984213257	0.646113938997708	0.524005623520613	0.699885145073631	0.497328605562097	0.518141219229795	1.13323640042062	0.745256608705984	0.571351604906581	0.961168458767012	0.687924367308843	1.04055156711618	0.484104321804539	0.467956759551536	0.6955646710675	0.432671125924495	0.671507743505428	0.437573081009555	0.563084922155864	0.478714209947157	1.21436579896151	0.707546940732627	0.5435200903736	0.887586727947161	0.542450266966584	0.514117617689762	0.43608946101519	0.406339825880398	0.961653317563203	0.628813224463617	0.821768067798236	0.467323211621904	0.612858899752402	0.597316181702732	0.488456013585537	0.593103699668772	0.285443191130071
0.339200287392581	0.552326259469973	0	0.357097271754021	0.370673280286961	0.479150677111134	0.622458887463812	0.598967152115617	0.606232737790923	0.716161215150788	0.78904561333229	0.712423796648136	0.738136031518974	0.88874007543427	0.686466811738599	0.749344974732926	0.591973442521644	0.770002649167098	0.682697145461467	0.840043463502086	0.650650305098598	0.630777193739978	0.720546879193508	0.845313531457643	0.753298494779931	0.801615682790749	0.726693428788772	0.820743150929864	0.897860482129873	0.905886173472042	0.824021404641003	0.836430306427784	0.702837449868838	0.882690742345689	0.794292587917254	0.877067971008966	0.806538714313011	0.830890303009044	0.634728901357907	1.05433487362459	0.802355922868729	0.740378164341037	0.777556177696123	0.697102250102611	0.666712736003441	0.614790957106736	0.804095036825527	0.817384250793994	0.763514679563869	0.758459190500591	0.735649672672386	0.68838550320446	0.663176095669854	0.474070392056074	0.66077634979909	0.864236203073588	0.266652019494144	0.528617654803102	0.0533405343845076	0.419861351168715	0.46519154658282	0.576922708259045	0.560819684402112	0.63866595564503	0.741526501211546	0.626334252786134	0.719031368261248	0.682885353855926	0.725419690798024	0.838320398352549	0.753551220125112	0.744682718766593	0.810542167812121	0.828316892789658	0.595889932019218	0.782817451966592	0.686025402582448	0.822449029849136	0.654979401282954	0.872444165789611	0.916053228030192	0.86616793521458	0.941680933825782	0.814973206262608	0.680049656566363	1.10286253658569	0.72149538309336	0.940506050524843	0.816316026730826	0.766451170785784	0.813190007392463	0.73700201911938	0.789186792506849	0.939240813095504	0.85555086744417	0.752526024954405	1.06930926505768	0.914957554280502	0.727316222497878	0.776701141881829	0.724409508275782	0.756179162556578	0.715792631745326	0.647438104493682	0.870402244185755	0.894439764414193	0.816406983082492	0.779034730375816	0.626060844355444	0.717825729604877	0.529770284535977	0.677219161172468	0.801083359193429
0.569780360650373	0.135822471700876	0.357097271754021	0	0.125658546154351	0.273587204725998	0.309234865687949	0.319883389056208	0.574678080390293	0.446112391645289	0.354902660273272	0.337400900425262	0.339502920025907	0.462321078601171	0.288652941849073	0.361389189771984	0.402719311142976	0.372127865147165	0.464581730420668	0.861569443423527	0.394242301468559	0.401757908904243	0.526296163445527	0.524401766345874	0.759145187934617	0.987442954533663	0.564417441545802	0.744139144871229	0.949023382837575	0.641019070282454	0.571489745802521	0.701166664824842	0.473702569976093	0.74686852116975	0.769924733593409	0.616968710136364	0.673441793836394	0.66598607837056	0.503384260857894	1.26838304262728	0.795576544392567	0.580401253532136	0.875272428963108	0.61256243109343	0.418795825222728	0.458158205540516	1.08340093980361	0.641490001818418	0.686455493363467	0.570582150717602	0.65080165018486	0.669078600073263	0.504774550739149	0.317585786858376	0.56905658631622	0.510137441389348	0.596697338339062	0.149250531855818	0.374095407598498	0.0527209668568107	0.220441306960327	0.320749216225394	0.325046127554991	0.427738344431747	0.727704289647892	0.489522074251677	0.348749579281266	0.253021254023807	0.421290331641228	0.529822597127589	0.385701763387332	0.391813028099216	0.552453606311343	0.543656977820264	0.288835191397428	0.682189956062553	0.610178906120809	0.576591941625908	0.46758274003963	0.772594330924416	0.606507739498792	0.602771501068876	1.11571484414195	0.801943963731343	0.627050727802084	1.10697447443878	0.665857794960408	1.06763460386499	0.558612061943672	0.567388245595057	0.653886486164997	0.500313006392131	0.653971064507877	0.61254405486755	0.686601142541246	0.556057546667269	1.34383417254085	0.792549546175874	0.500368471719933	0.855180652052074	0.582394955745852	0.546775139660697	0.467865234212054	0.484042317878059	1.04609663131004	0.753586612500569	0.840961907195395	0.555751748745898	0.614800570432377	0.514059748443315	0.390608602264084	0.514138617126813	0.411026549124912
0.688848169152794	0.192461102048055	0.370673280286961	0.125658546154351	0	0.340950044792509	0.420216986876767	0.400620850792314	0.613440421101301	0.462782868079806	0.452151470781713	0.430572665778009	0.425557931409914	0.588071602138404	0.416389714589257	0.544151406317986	0.492942432056023	0.477699672082274	0.570263933120687	0.867006234811509	0.471880417227562	0.506050673749389	0.612247139670916	0.630730185280513	0.793331567373442	0.930518624657611	0.671044051722488	0.790327951603847	0.887518640169478	0.716627206285386	0.672904139085733	0.816962850642069	0.60229390688108	0.793184159616669	0.724627051262223	0.680165931711451	0.755431175642917	0.747511303606978	0.632572249047199	1.1719181623045	0.861712064982199	0.69923616316773	0.791386453190117	0.658885164759361	0.542755421489151	0.490272158318186	0.92234719270221	0.69880761292867	0.748628186589233	0.687942038487086	0.740852395646532	0.73330829927837	0.637361032576685	0.377502939816518	0.65952236212464	0.581844450956891	0.723931394141595	0.173714267556415	0.345718371079423	0.129256748228385	0.0710258884902255	0.44647598996973	0.400937504281172	0.491590238568526	0.751213073537908	0.444308457828422	0.47432436482096	0.27982145938019	0.496020475908691	0.606510986011388	0.522637906463154	0.552789803053924	0.681715596917639	0.592051248057403	0.391520498371014	0.712125220894825	0.628840306815301	0.668160323880515	0.486290229042354	0.818311781380477	0.716789775435406	0.653613724925258	1.05667840691435	0.793017760946725	0.674796723065775	1.05749364985509	0.724183987434146	1.01862064525013	0.633733275235963	0.634243940224871	0.778790636334087	0.628315322400722	0.682955688211107	0.614645485178062	0.751727080334471	0.678913485567382	1.21658336636362	0.854181722984725	0.587930513132	0.75312541885115	0.636717536268083	0.659652582404547	0.540295311921988	0.523477645574324	0.897474107398284	0.7861535701487	0.921238287094067	0.663002597004943	0.698408998536504	0.601936233327719	0.460696596394496	0.59810369640241	0.496820607916582
0.549267233176715	0.282634421628926	0.479150677111134	0.273587204725998	0.340950044792509	0	0.215440080752184	0.32537728763301	0.564231328800834	0.441190791980093	0.452034147946132	0.495338625910062	0.466738872374617	0.552025861810662	0.308811122589149	0.319572308522445	0.479698689924853	0.406393837583223	0.528608276660835	0.97063014727271	0.40070188205528	0.432689103656324	0.426905246702289	0.477073105226762	0.727789677768639	1.09808343697954	0.60426614508765	0.688644572745676	0.839123969616072	0.69240688703017	0.646778976538829	0.720539334643534	0.501770307832762	0.74715441818651	0.7863293697905	0.536695890144224	0.576942440877959	0.532875646950438	0.472412361869039	0.998657673271219	0.671178718127642	0.674669813682443	1.05899875363073	0.445132091591655	0.337416453877053	0.35700943526094	0.890017432162048	0.494328055382694	0.55844444264948	0.404606851884516	0.533881533112964	0.457183007834312	0.506285697143561	0.401803667999086	0.591495611148138	0.45639903058581	0.596937412470431	0.273544834493381	0.52737956494936	0.290239459487187	0.524663999917224	0.067986950986715	0.216067486279039	0.402286598244601	0.805555392925107	0.504943689429468	0.372015826962637	0.419937308000446	0.51678231369474	0.606929503685981	0.350481467510385	0.383862963326195	0.531364149826901	0.579607327544192	0.240058488583902	0.684063232230468	0.69767291444849	0.676967541552117	0.585100419660491	0.727161913197695	0.579497081141149	0.67055988122135	1.00266313604454	0.85334100618655	0.636777551927867	1.07732173898676	0.770109407261524	0.966776857535848	0.610096710469994	0.633740645795848	0.585931915914421	0.520128474830826	0.770457095594307	0.553732607759463	0.594834025924372	0.54090303441276	1.11642082492934	0.835045213377949	0.632089515200655	1.01075283790978	0.402157439072398	0.453358075731742	0.426918184823302	0.415313592238991	0.886966519266609	0.630103606128268	0.853858270467862	0.43146078388123	0.494695214854664	0.609878430449186	0.450262116254759	0.572180919096118	0.353279240540827
0.615874397994011	0.295468052020646	0.622458887463812	0.309234865687949	0.420216986876767	0.215440080752184	0	0.348644749314398	0.665665744761014	0.533871144965561	0.404486717785477	0.487620593200081	0.433732677300448	0.534794601264072	0.27775292829233	0.3161610335092	0.535258062046072	0.414043098744836	0.504730383558098	1.01176667291095	0.470590561766806	0.428540928431413	0.602232355259215	0.547013566264482	0.927274450436722	1.23338357209027	0.680297457580471	0.724820831682626	0.943906173606269	0.691019851891681	0.659089402695875	0.7638301184452	0.614921715554749	0.803005516453669	0.883750773087764	0.596814948738188	0.672199829011236	0.636927961554065	0.572220390338264	1.07826969866046	0.802135945138666	0.705382532042145	1.09231960450217	0.52609858295089	0.454832980677284	0.450018504188951	0.999758421330938	0.592245453509406	0.663024583897295	0.534394341241537	0.62706409692845	0.664607925317758	0.530903395201483	0.4259236625395	0.621167026147804	0.554288283221242	0.690992300254863	0.301069685115656	0.674343376481209	0.302640294800711	0.557272380049803	0.238247089216691	0.0464144822787433	0.439619367623183	0.937123929518849	0.65086508968305	0.341154806075642	0.397574088706424	0.478100171833316	0.612777103145914	0.339806636665743	0.39595945438739	0.510026005615949	0.606364564772431	0.369624581522296	0.696071632174597	0.79049802467065	0.681465389422094	0.584153095932421	0.924116731021827	0.648195535022204	0.744895809503622	1.16541585405223	1.0048684100528	0.793944327989775	1.06277625864494	0.754612954030204	0.992000458115091	0.614955095828499	0.646751050388449	0.600262651799932	0.666635235870086	0.824108136611687	0.586275760813715	0.738835285739325	0.662547623165536	1.23185563910245	0.977011242247886	0.616646058235349	1.06115645621388	0.520430162024874	0.559555437062501	0.563948590229656	0.537115297540601	1.04014431461797	0.80642333324868	0.914570645509625	0.621709224378177	0.768204963476341	0.611119431774381	0.485081548295013	0.599350818154541	0.492663160032568
0.752274739218159	0.362352718694481	0.598967152115617	0.319883389056208	0.400620850792314	0.32537728763301	0.348644749314398	0	0.374214099689536	0.303116472432783	0.291849901161576	0.286504814197159	0.232837723553941	0.216043776229382	0.123884822795907	0.219110321764139	0.33133240069815	0.116973065627753	0.105449117546034	0.433535500148325	0.164012794453809	0.160122394251195	0.477999551525012	0.434396485850386	0.527582646687453	0.825643726253107	0.429424012111423	0.657292908528898	0.73901715356466	0.372770338449189	0.363639694263673	0.574360673692329	0.519579334301673	0.43043048581367	0.69145432117415	0.523351201456255	0.697595752714374	0.698558993960058	0.639629870853977	1.27690410969679	0.93841814451293	0.524095470341028	0.760043613909079	0.837088278829106	0.501203519849663	0.722167125832191	0.967254626411951	0.845321569522575	0.96395932826306	0.832234232077435	0.895518546844923	0.817823096872394	0.612686801845168	0.650925404709108	0.784761627028841	0.539999093403559	0.755097928824463	0.315715003735285	0.564076120359387	0.298755197871332	0.433016453399931	0.299817826687405	0.410671224212981	0.0755255128939062	0.553533271946858	0.262194382306099	0.356231430458418	0.295465759205922	0.337846740961635	0.199653984483828	0.170259390574863	0.233201453004309	0.251875375946754	0.190280764003549	0.2430006307862	0.283499746540478	0.249327021738288	0.282317895630316	0.227089142612365	0.808927690722682	0.404399315376337	0.487483874300897	0.779919521180115	0.590003888014404	0.565847425930788	1.12071122719376	0.527407456842343	0.87345420687761	0.645953544704936	0.564325296885607	0.577295715480022	0.499545270064038	0.658954918544153	0.725913699132662	0.862208683644088	0.742969198974599	1.42641216641398	0.890127786148169	0.566898222544465	0.690566675060998	0.789822515144867	0.788286734254669	0.668950379182891	0.747369399728792	1.05584263226634	0.968487456810465	0.92228076870348	0.831544385601508	0.723397685365004	0.615536877490956	0.652474592533242	0.69116315352654	0.488055755463991
0.738290008877359	0.690486824049607	0.606232737790923	0.574678080390293	0.613440421101301	0.564231328800834	0.665665744761014	0.374214099689536	0	0.549504114564985	0.635497157045072	0.578490509640913	0.543680478492806	0.512987859271625	0.476821347548118	0.46469194579082	0.560424305159443	0.444100603809218	0.437911347842745	0.467295430154254	0.324495574957633	0.397253238454753	0.626091077701776	0.681871315306118	0.600659570154294	0.884810878509877	0.51341705085849	0.666567919698674	0.727442762744839	0.588782833965235	0.651407900937568	0.682222883949875	0.705885769517511	0.649874402920319	0.699482811158934	0.587170853380066	0.804583622783807	0.70858662791656	0.719652349925325	1.19698619487065	0.983409942640387	0.702689973118835	0.817584330351888	0.858488139184518	0.608618332680178	0.812672311415265	0.904202061328137	0.87104862713836	0.978442048908248	0.919941467742657	0.950692618498872	0.809137773896966	0.732108178425835	0.840685816939714	0.878623278958354	0.72973714765506	0.683007714729065	0.59102778940119	0.583958584827955	0.599164156696737	0.662506762654758	0.495801815639746	0.640862049669423	0.401075973940873	0.62333139309753	0.526934853958819	0.57784778028179	0.587683165272521	0.594730095073269	0.436705167051106	0.450322191193656	0.492504949649599	0.49788442050559	0.477289301689048	0.570795759156977	0.543384733495967	0.472633553546259	0.452834842378389	0.492245437391363	0.846268855966417	0.621021141182776	0.753465037384458	0.922410207655507	0.708691293876325	0.698092925662707	1.09923152259684	0.568605419199118	0.872077118074653	0.829338615171086	0.7614931816876	0.591126966152316	0.642181388434268	0.636563265450625	0.883656588939575	0.872835832235886	0.793206020145625	1.30696370126787	0.907841640907474	0.72370949427211	0.816099887063571	0.844664877523292	0.811806031747083	0.780680492641164	0.814649872034763	1.0488872642699	0.958341207116343	0.862973347293356	0.897191857358451	0.711894933574781	0.666998009519227	0.774668371452099	0.768835038346206	0.662342947188064
0.873482850780125	0.417201675144046	0.716161215150788	0.446112391645289	0.462782868079806	0.441190791980093	0.533871144965561	0.303116472432783	0.549504114564985	0	0.432658305452962	0.434699872358019	0.449612646797529	0.475612485022233	0.449176445566127	0.424161724115925	0.481627151069164	0.340963913251272	0.458352818780562	0.635873209738907	0.347254566414417	0.409356607398884	0.527204592319846	0.49010212801289	0.595059056543827	1.00269578240925	0.513155935950695	0.548013158600893	0.858726255282764	0.659654653883342	0.635632035682372	0.662496484714795	0.388837606019697	0.613282184489128	0.729214749460056	0.562492494578698	0.653800301086244	0.585495073694198	0.564296680462878	1.07621239232452	0.624966868641659	0.646345025291453	0.815817129550735	0.662044660994654	0.434695680365714	0.525924888860255	0.907568810406052	0.574882238649594	0.686228891539788	0.615456109988493	0.632158356456663	0.729026724291508	0.646578782661962	0.566369602482074	0.6820069202384	0.43485493400601	0.938559580898666	0.354586003624249	0.673778951047608	0.43167555925481	0.510781790360761	0.463320774626451	0.566479349880147	0.377787417693274	0.670115255616691	0.162257604685926	0.450517088230321	0.388090248455325	0.561308939387206	0.507174915466613	0.48380827961893	0.424338681954992	0.556607673577683	0.44749933320919	0.345651669158615	0.58242451207142	0.432958540655034	0.512428104678838	0.456397580999608	0.729011904393555	0.546352781113926	0.493368018163667	0.967078875144565	0.620573788670504	0.565940727217053	0.984795855161835	0.649718716778013	1.05069802392227	0.702213456556134	0.601859758033531	0.754347938574844	0.414286888575781	0.685676341753066	0.588647989531448	0.634087421546753	0.521015077140846	1.21110596334561	0.578562203751634	0.563999791322394	0.746802133755915	0.676242121345124	0.599350965480341	0.474747807222691	0.535775766173394	0.817340985017334	0.637667250771534	0.743232582538524	0.54758428285203	0.569529539116776	0.652028228085578	0.595547715861187	0.6137678176148	0.317664909818585
0.763033565560745	0.258150252398621	0.78904561333229	0.354902660273272	0.452151470781713	0.452034147946132	0.404486717785477	0.291849901161576	0.635497157045072	0.432658305452962	0	0.184232612167826	0.205143517784971	0.218262166269235	0.230171017974439	0.309162287979903	0.305938241520776	0.241610754798601	0.368570947846558	0.71406184491812	0.367650044822673	0.33482905011563	0.555215753540048	0.461909149969	0.634200548999363	1.0490229682288	0.562803474566634	0.780801810357737	0.942743372534852	0.342459271234151	0.37072094148307	0.578792826169885	0.379456485438722	0.469991103674707	0.783488104634605	0.532998119624655	0.717384789155778	0.713177240320903	0.682769728055545	1.21701303978782	0.763416264176358	0.65789653187689	0.941484642461016	0.865462207810917	0.579916629250015	0.743039038604997	1.21747205314277	0.784192259552156	0.847539363568214	0.769474524964453	0.829402747923212	0.908212343737403	0.580820788385858	0.659534128145614	0.712911714739602	0.464513695147206	0.885764197837763	0.280658309542392	0.787459742775766	0.353877613157859	0.484744429338607	0.406270694639824	0.468881235371107	0.370013524169697	0.738693547242019	0.506336100764288	0.132038717900072	0.177921639742658	0.301569276483812	0.311406269647828	0.291582142203182	0.369850952353448	0.323770821922577	0.327250522491643	0.325498327757182	0.519750419005964	0.497556783069786	0.44005919865411	0.344120418021286	0.798102956715514	0.324107943808187	0.463679027656383	0.943607408796449	0.678027621025851	0.624912972844764	1.00761448480772	0.524765069084993	1.0212280222882	0.544023010370072	0.48205937019819	0.581282230275548	0.33649361452222	0.511134434416965	0.594555498300589	0.800703955858243	0.614786821652393	1.3321843775089	0.714708257339165	0.559756428663057	0.856467058972894	0.846086562155216	0.735230785218668	0.672894501062912	0.753001457833967	1.12093005513369	0.827352804533595	0.980126253652404	0.72271204660722	0.822302023107305	0.558753424953722	0.666998760044739	0.635209914053392	0.424003118254272
0.752139649622703	0.324405645659138	0.712423796648136	0.337400900425262	0.430572665778009	0.495338625910062	0.487620593200081	0.286504814197159	0.578490509640913	0.434699872358019	0.184232612167826	0	0.111112609506815	0.185151472019429	0.242767350278413	0.310338136163719	0.316835001651346	0.214387531545637	0.321403831608467	0.597716737036565	0.31176006711669	0.352551666083243	0.613088684086796	0.516401906468892	0.572734138476372	0.759348275140167	0.568161491286012	0.699914090095952	0.846964434273596	0.300823808450109	0.344601688080729	0.392053652921418	0.464099711105052	0.502627862699717	0.741626670070242	0.656829852780533	0.724514336485977	0.738089060818506	0.677209916946509	1.38303538174365	0.900627164407146	0.300787857247299	0.707721221346776	0.888555102633277	0.503614788571911	0.778107333052476	1.27841744811159	0.925222076036603	0.957342926550062	0.874780806992791	0.962709920997445	1.02768999535454	0.346686556375161	0.524492796444981	0.526801947418752	0.596175836670089	0.811794627513319	0.323146626200012	0.701799704236364	0.338191227707705	0.485520302783198	0.448646617054787	0.534821100488489	0.342841335470211	0.694862104982666	0.458067377309648	0.210774222161012	0.130729563000131	0.210519306999	0.237016212296959	0.303049718945851	0.402854218713401	0.362050143792384	0.290684853245518	0.352405568936006	0.450330222103641	0.405705908796221	0.328677391508416	0.349366684080627	0.688356431028235	0.383877829812715	0.453882593292206	0.877873573665309	0.591423536135347	0.613023963181422	0.936654908086443	0.506415491842738	0.9931644403703	0.506473540482781	0.506321100125942	0.479641943157228	0.310364972892872	0.539114238774988	0.716054220527602	0.780885106447229	0.591363391427774	1.43865734453356	0.632750863735285	0.247520808417712	0.672446640875582	0.834679150363443	0.656817806608179	0.573343106928516	0.770541246673998	1.16886795493152	0.84810995608102	0.937749392576756	0.755021779951842	0.743821389466765	0.259755569205914	0.459627596547069	0.398236487843201	0.501022844269351
0.777612312375707	0.326691281109734	0.738136031518974	0.339502920025907	0.425557931409914	0.466738872374617	0.433732677300448	0.232837723553941	0.543680478492806	0.449612646797529	0.205143517784971	0.111112609506815	0	0.16376359038419	0.128293886836801	0.199717517023124	0.287102888109502	0.164640111633665	0.245157483231403	0.551801661753706	0.224766427844055	0.304326908418837	0.536550273224363	0.393163472321303	0.551253206749311	0.828745733871558	0.513105818901573	0.680881310031228	0.672891374579801	0.177630377014647	0.190476476825054	0.328539941884027	0.516537493653853	0.411572592586635	0.727585859521405	0.499504323420847	0.590391367773181	0.619899292633709	0.644845215494018	1.32706335542652	0.910886291502057	0.349555296895699	0.773830218343496	0.83294010408043	0.455078745227681	0.770947058136071	1.19323514634172	0.845181393592356	0.953526545422998	0.883423350600891	0.965103859321436	0.981813756139647	0.400810000144435	0.647148721833081	0.6669387415459	0.562175456330223	0.820177119399857	0.293261972382784	0.725980528168838	0.337939932766585	0.478870792321815	0.423030840268986	0.49544398605311	0.304941475911708	0.70115336009351	0.436610780338694	0.186432561723867	0.184448465767595	0.0892685521744011	0.199209367481036	0.182204426644583	0.271704638590936	0.257605613076516	0.249037678867406	0.306731566311331	0.365657407655921	0.361131609869403	0.275671586320888	0.316895914465643	0.646253399336503	0.340783985954044	0.340863696771269	0.904294690739362	0.617701197234164	0.568119013064144	0.944188171064356	0.456769173152217	0.827121082173697	0.363850917116552	0.344108915451266	0.393581233221842	0.398607051172724	0.492301130925761	0.586624359035192	0.722357433690094	0.563259094807929	1.4542208038832	0.760113734589384	0.3130071459252	0.696593940193826	0.778769135396647	0.664015621153764	0.543679520017112	0.769493489645363	1.17942948089419	0.856522443911518	0.921919945773934	0.819844845502371	0.761531997271754	0.356410534075169	0.596749724575476	0.524281877027222	0.511846714073025
0.943659630348669	0.442619020413141	0.88874007543427	0.462321078601171	0.588071602138404	0.552025861810662	0.534794601264072	0.216043776229382	0.512987859271625	0.475612485022233	0.218262166269235	0.185151472019429	0.16376359038419	0	0.157083303413021	0.222339671228613	0.484527859829995	0.0831307557579248	0.229788237876486	0.517291656357951	0.231785445840073	0.281019648357121	0.605410798923799	0.47359540858613	0.599465988155536	0.87449384248234	0.573117007402919	0.826345214888263	0.848000000810856	0.27981695188316	0.331497454168605	0.495854086409578	0.623125333936632	0.511592010114432	0.781426377279824	0.605253933695657	0.734552358382769	0.728516146648326	0.771906877494701	1.37171924524088	1.01516788558357	0.439647694169998	0.842473098484607	0.964820553049265	0.60010870707706	0.900850797646113	1.2203874171561	0.961305322103674	1.05193605347904	0.926050739567705	1.0490363178665	1.06691095320083	0.576608165919628	0.786469116589763	0.792143531282196	0.586193796721975	0.97385154116213	0.430721826099243	0.849872034459552	0.460109283220098	0.590026246106411	0.478589286983386	0.625125462223534	0.261392091768639	0.637608912210226	0.475110974872944	0.272524490470649	0.244619490107915	0.256029728032933	0.105458189041464	0.193537177239265	0.295658492927885	0.237753286701389	0.141705276630999	0.320817538659026	0.37790727424109	0.352738955744938	0.217969484829196	0.308315970565061	0.72992800254498	0.332070868376167	0.437052585150982	0.787675890854992	0.608384016004396	0.644658789243357	1.06482383075983	0.494629524006822	0.980387749901444	0.533140061291837	0.518652734879947	0.512912667579647	0.426565846367113	0.676278805300412	0.723923256619618	0.838256678164068	0.709051973964342	1.46460340679287	0.788098894666774	0.453492461474202	0.776530755018287	0.936505190648142	0.779268774537481	0.690839268496301	0.867064724158672	1.21428604496386	0.956055640039011	1.00765102928661	0.862553866756014	0.860478799207945	0.484875918812647	0.724837409600658	0.668259731764143	0.495526874222093
0.72779860262253	0.288382517836703	0.686466811738599	0.288652941849073	0.416389714589257	0.308811122589149	0.27775292829233	0.123884822795907	0.476821347548118	0.449176445566127	0.230171017974439	0.242767350278413	0.128293886836801	0.157083303413021	0	0.0892354925031872	0.412368678120418	0.0891040931084005	0.166744621732343	0.621731649216952	0.154975374832125	0.180247675059767	0.476346490067557	0.348284078765827	0.568253818375835	0.972233191026992	0.463914844280905	0.734728228698542	0.790360090369068	0.335111742000976	0.336452470504086	0.526969980768484	0.574554672207701	0.546647972081168	0.753883976085707	0.508638039073311	0.650042925147395	0.66005388004866	0.570605170231188	1.34210713292671	0.969580056656319	0.483610772195027	0.866908594407593	0.795233925656864	0.458221296435201	0.709097683228332	1.12769051448671	0.808364261910652	0.913287930864348	0.785152647713563	0.901000804563007	0.850035533023124	0.510112058801426	0.623438751183676	0.73614323409996	0.522846262014224	0.75322118433902	0.260397835144999	0.676715803660001	0.268529062355722	0.480584279528241	0.254392373350507	0.366318066429902	0.173593407710712	0.707842290414671	0.448547309588753	0.224762942632327	0.219583191262406	0.183590825240719	0.194113599622125	0.0565468295840985	0.138797974254892	0.196932719305123	0.205412283158741	0.217070002129056	0.33076463094724	0.397123494711423	0.27220117015159	0.290369614707036	0.727490176148188	0.339213660186593	0.407156079506113	0.935667896846641	0.65008153741093	0.568669249696096	1.06777703450276	0.535424901944901	0.882261194969796	0.446520049873518	0.430855046025005	0.451808168470981	0.494460294698911	0.63924462844536	0.612707344942271	0.77661621459754	0.639666593480653	1.46885695739672	0.900317269477781	0.460599152009298	0.816918400095427	0.722345621841114	0.662902705695691	0.574061896864208	0.727984591616633	1.16881603748455	0.923980697946803	0.924097907566663	0.784970918346841	0.766439103439844	0.487118117096441	0.607582623019405	0.625851803365468	0.440914574559586
0.723912538251688	0.367496079059707	0.749344974732926	0.361389189771984	0.544151406317986	0.319572308522445	0.3161610335092	0.219110321764139	0.46469194579082	0.424161724115925	0.309162287979903	0.310338136163719	0.199717517023124	0.222339671228613	0.0892354925031872	0	0.416786775836139	0.139839789638609	0.221091650937073	0.661534629384144	0.176924393176127	0.192302239176374	0.50221958649539	0.386902296971448	0.596182871879962	1.04210943674777	0.447277090935041	0.628085284779523	0.85220522596098	0.414109834149284	0.431338849692752	0.479298527643947	0.530304711122693	0.609688621924302	0.773545285376208	0.492060782390723	0.656427011219202	0.60956986387993	0.540696797725627	1.40730311726627	0.879106439712433	0.48394469452009	0.944173244190519	0.756769256611637	0.385558207544332	0.671575717003579	1.21286618898877	0.743046595561288	0.844697947751842	0.72412120119226	0.839236237792112	0.821481117611431	0.498048589148241	0.621815463523057	0.675677570167319	0.51895728468523	0.767101760289438	0.323896156382427	0.756771481172163	0.344784718901327	0.623226053879728	0.24602048037026	0.404865170494803	0.253684743098579	0.735084235349841	0.477142016187113	0.254469194475837	0.297204296635688	0.252192199343481	0.266198496827858	0.104572949144408	0.104742993231689	0.224867483122358	0.264470180343359	0.213755826987751	0.364887605862822	0.451953426378573	0.292532497718209	0.333347343579929	0.764810114115778	0.306962478897306	0.443441322025143	1.0312509587431	0.715728475719908	0.580760512253475	1.00789825280749	0.531280616118722	0.953928899230515	0.483143325652546	0.470944598962691	0.442543598150343	0.462033019432573	0.654992317321894	0.628929082986756	0.736791730316177	0.562025032451636	1.53618285348859	0.841743301095481	0.460815508286318	0.88402155788798	0.65182870027654	0.595603893757141	0.5077321793032	0.682741150298937	1.23051973539148	0.873435451729614	0.899050000288089	0.709059414357684	0.730751621276252	0.473134064176513	0.582158531340534	0.571109544241589	0.425167086720703
0.682586848840738	0.448007467491359	0.591973442521644	0.402719311142976	0.492942432056023	0.479698689924853	0.535258062046072	0.33133240069815	0.560424305159443	0.481627151069164	0.305938241520776	0.316835001651346	0.287102888109502	0.484527859829995	0.412368678120418	0.416786775836139	0	0.446538487282887	0.356863701646135	0.594337658214455	0.381285406545458	0.348217116144683	0.571465210215535	0.53025463683655	0.523165779487056	0.798121007115221	0.446744129014559	0.595916197645205	0.754047760635085	0.385956212282487	0.359492002605301	0.443118744290903	0.316459206112762	0.40946530289886	0.754815413604939	0.530516248295536	0.686252132931383	0.666644131295173	0.689689128141031	1.20314927208776	0.657022718263766	0.575520601627674	0.840383490481027	0.824610717811306	0.507289439305954	0.745479671980844	1.08197274661254	0.767260087658645	0.902825883599923	0.822983778900449	0.776529430031276	0.81355021669891	0.554457565479553	0.632534982612772	0.663773027965661	0.596453782035449	0.732861066900587	0.428808737571988	0.60034678419755	0.420748410483072	0.534696899774347	0.485434759619682	0.526003447036965	0.422397757174348	0.688609198347042	0.487246481221572	0.37092178525864	0.368975631060768	0.380920115145279	0.471828441504641	0.450216023635355	0.431520453723126	0.375854896433657	0.497944920953679	0.412126378778199	0.492234566674578	0.434375202654191	0.482351857397119	0.356725622594512	0.833721849973975	0.398668798328903	0.513579461515016	0.961694673434461	0.645882984981084	0.52817109422439	0.92543331485735	0.538985431864178	0.892765277487118	0.629496050902222	0.540816031347642	0.544510445097507	0.409057557967735	0.471443392895477	0.748115222353689	0.837129971030521	0.595979291017859	1.35769441670852	0.739816709971471	0.555712978033046	0.728264325885418	0.810987667993796	0.779292982533124	0.681002123755576	0.798889473608782	1.09145976803851	0.859386038457983	0.913927994336715	0.792876945737208	0.715834128734068	0.56058814614226	0.632375232272693	0.5582954998931	0.620616255664977
0.843057136410883	0.351303972365954	0.770002649167098	0.372127865147165	0.477699672082274	0.406393837583223	0.414043098744836	0.116973065627753	0.444100603809218	0.340963913251272	0.241610754798601	0.214387531545637	0.164640111633665	0.0831307557579248	0.0891040931084005	0.139839789638609	0.446538487282887	0	0.179515054478367	0.514466950244843	0.145628968364344	0.214580085280445	0.487090883628667	0.382728024669369	0.514339983237244	0.922212598224382	0.497669451648489	0.761756223755045	0.843631449840632	0.327847881086861	0.359965278380919	0.54310296030229	0.572907776413285	0.540153032325495	0.774535107072586	0.52476795105281	0.677100323196483	0.654918464989226	0.65641922722615	1.34238341532165	0.98230187352493	0.485162617827228	0.794572116681006	0.865000629458853	0.507942244699699	0.777489436377873	1.121400694385	0.851826917360937	0.972026880998329	0.816288761391633	0.928859916109851	0.924568060812115	0.596124315752196	0.717683187139008	0.799408047337393	0.498241340939279	0.863013428888306	0.315992257879122	0.750204216641171	0.353292657674526	0.507136797174834	0.344316836659949	0.506309008295768	0.153407705381403	0.578730983460771	0.335284946586599	0.268621828403537	0.213826709434887	0.252797101028521	0.12804486818866	0.127293184323172	0.212686145700524	0.221632184437587	0.0941912114672487	0.223669872176734	0.332416431092174	0.295489069664757	0.224863932918735	0.2675554079584	0.749905658611418	0.305340668995411	0.416370424906277	0.835316871183602	0.581689720758952	0.559367733886635	1.07257128012359	0.540067882345348	0.966576465842243	0.52692013649165	0.507789074640837	0.536516242929306	0.446362839553062	0.672079313917278	0.672734702198728	0.830396439342028	0.707136432421816	1.47492416093187	0.829585947923714	0.495536448330426	0.752490041324875	0.839322978809382	0.767843374371592	0.644008011169461	0.796775349761606	1.1544342664722	0.960614994907212	0.953116008948693	0.799113773306136	0.795950774844452	0.523730945370143	0.68427701974873	0.67224392746819	0.408884056638032
0.779717046653058	0.525928743475472	0.682697145461467	0.464581730420668	0.570263933120687	0.528608276660835	0.504730383558098	0.105449117546034	0.437911347842745	0.458352818780562	0.368570947846558	0.321403831608467	0.245157483231403	0.229788237876486	0.166744621732343	0.221091650937073	0.356863701646135	0.179515054478367	0	0.327884044123768	0.172687252492418	0.0980031836151727	0.623726283927553	0.491246079245416	0.448574205194984	0.72744749943569	0.378907137684692	0.611986689197286	0.728011431559018	0.317309655466033	0.364196778861805	0.533410312896619	0.625317741267212	0.402236283611111	0.640619764577348	0.618368752075715	0.824759494661537	0.866347377839012	0.723281603351797	1.43034517719576	1.07992378426643	0.474296976065882	0.6872003376118	1.04763491964465	0.619574656922422	0.937261962989718	1.05818045724543	1.04359341137276	1.1522931619851	1.07916177354987	1.10677053278762	0.990389881073151	0.648433067042066	0.76349610320396	0.811921151085492	0.710522533522977	0.780122962032443	0.466337868129006	0.626463426076045	0.433158466129282	0.553185135388578	0.470170008890595	0.57738015739739	0.150821565313017	0.549780060150536	0.390371853094232	0.435521888221011	0.398090081038906	0.313110829079852	0.204179152139894	0.218911701117626	0.229496126933434	0.22890227371652	0.206409445469641	0.347092119910024	0.148624601523641	0.20774438427001	0.202973126054297	0.174391635365093	0.844630590351761	0.353895386074755	0.459470125252805	0.764717439017005	0.529948535143962	0.562182283812237	1.05905796648209	0.451765867568039	0.789525441238066	0.649746923318689	0.544068788175047	0.566773018724735	0.557982347807233	0.624743535443359	0.873230863073691	0.980576743379329	0.811427481118671	1.5530803275404	0.944996806758389	0.527598847279723	0.586859840277819	0.924407326372712	0.897211572326539	0.764486776693072	0.924229476147899	1.1711210672939	1.11358141323355	0.934292130336404	1.03646999400031	0.82510051087631	0.599760510403525	0.718649686304574	0.703338890314916	0.682264706888065
0.951479413590973	0.950954913049964	0.840043463502086	0.861569443423527	0.867006234811509	0.97063014727271	1.01176667291095	0.433535500148325	0.467295430154254	0.635873209738907	0.71406184491812	0.597716737036565	0.551801661753706	0.517291656357951	0.621731649216952	0.661534629384144	0.594337658214455	0.514466950244843	0.327884044123768	0	0.430381646842569	0.415744035070228	0.779760455712085	0.694072700981674	0.487078805482051	0.517863367504092	0.545500521386462	0.731505983785502	0.651647570985457	0.483749530782238	0.572405340121956	0.626423651949684	0.865850259610931	0.500967074063173	0.703877253224278	0.875673891586383	0.948037406855355	1.04612183308112	0.913109307451772	1.24931886121145	1.20111841618745	0.597656591923624	0.5624119196724	1.30098418992455	0.952147786133132	1.26057685468884	0.866262748167418	1.25706196568977	1.3245827563263	1.34135382838388	1.33120043264253	1.14147717797396	0.898485375855352	1.12552298609361	1.00469742251735	0.964263450342991	0.914290573774363	0.866859654031579	0.764688643232175	0.844923249321212	0.769137805727264	0.877590031388606	1.00988870859637	0.423591503285825	0.42999860301946	0.462577705165038	0.7735169054638	0.733325425546381	0.590584255070373	0.395831227845745	0.591844916527506	0.59542033112986	0.466421477984451	0.36850372270101	0.737530296058011	0.309015968421241	0.190177570642327	0.305262957470702	0.367868887903571	0.78830321343592	0.59362155156827	0.583146510245637	0.501927075117105	0.447853723314737	0.600925817459724	1.07027176856793	0.445896513415817	0.748052882004999	0.923027328313144	0.786429015495663	0.717868047747578	0.689086446658835	0.634665291946523	1.17639130577895	1.10945496412111	1.0346274579269	1.31060246799095	0.979181649485654	0.699525133465714	0.449856204454921	1.23541307584424	1.18253754356806	1.05045197523152	1.21002630192067	1.05221396908173	1.2111528144365	0.917627506114047	1.27322710350048	0.884210971425277	0.779507632748969	1.04043324708016	0.888516355257063	0.946927076656575
