0	0.141484295482672	0.314495190721306	0.488476152013668	0.718026472911675	1.06572398704673	0.781556019263457	0.777630356334631	0.815969599531988	0.569474256181357	0.857467337191315	0.717341301039551	0.608144776565805	0.873643709815015	0.569255685702387	0.899441538072342	1.02639815638578	0.714089634928123	0.854340566527946	0.771203248582651	0.55469005011261	0.679568189272416	0.793806708519201	0.760767580683577	0.727817115434124	0.866766894665196	0.583172012531233	0.702931872598488	0.969767746861268	0.538497610133789	0.624164233866576	0.885510239429572	0.624859844851466	0.776280843004897	0.602568216530786	0.540610556585056	0.753650856844898	0.943664999885733	0.744176621563366	0.689622362771879	0.750007792233888	0.553533801909045	0.457244438138373	0.749610928302439	0.706523515804016	0.623466934052054	0.849585629376542	0.686061236702492	0.725556627299002	0.66711755794867	0.70696251513201	0.510933256530153	0.865337928456925	0.449095345655193	0.712958632184148	0.874797060616798	0.0720129855341318	0.194597672357962	0.304410760270524	0.523119998535439	0.599691165598904	1.04243527028106	0.840243347925606	0.732370219564478	1.15999208791147	0.546116811132143	0.679167423837326	0.630859609491553	0.498445024560037	0.737864103793787	0.686438628021009	0.950888611325901	0.703794379146107	0.565969461625493	0.539392600856176	0.814172831691312	0.840033047235398	0.518835168172904	0.574536439279738	0.558652126661079	0.702211406719035	0.803111711524446	0.771481090941805	0.673368238121041	0.53818664288145	0.937843315661292	0.709679433894706	1.01351113805042	0.409481702934603	0.632078792536799	0.731257651230883	0.576461010962396	0.608427316035493	0.665906503045496	0.643840346361642	0.472703154631932	0.768416581122406	0.55662633130521	0.498049449320405	0.458281589604559	1.02965916054525	0.63495472466318	0.691987197866149	0.573913576983434	0.986556562010001	0.616619551595866	0.728698702482965	0.628300349549499	0.421447384076808	0.790587812613207	0.538042201898347	0.83307461292496	0.838472115235159
0.141484295482672	0	0.291571012328129	0.328111836231386	0.505071689557752	0.962775243145146	0.69150405433081	0.695459523830914	0.776256190131713	0.50349505160031	0.629098911390298	0.469068988314701	0.570736036141661	0.902120856426446	0.475352206619375	0.802803193701799	1.01849511228129	0.73061969147475	0.829638745764272	0.70036380387086	0.565946745352554	0.625498149614601	0.800133585697128	0.7723502567796	0.805496902429549	0.872684516820245	0.582455765584096	0.633169680710535	0.94647833447886	0.498040896802386	0.641186602357504	0.913666013588769	0.661122170919856	0.818909899519427	0.597374039364964	0.587533041657303	0.792891175616786	0.988055753460875	0.775514241434076	0.65285230620273	0.812921080001785	0.598209638761705	0.524954738341349	0.771772528709919	0.79958128927185	0.655812494598902	0.899015795363051	0.691430741080299	0.783848509467266	0.764789286216718	0.805807695344201	0.618197405294921	0.819212040471659	0.475209661840095	0.626431747378103	0.841067497896309	0.143171199327984	0.0440443407897866	0.282206662469644	0.324290235175756	0.412315111866406	0.938713920106493	0.749677631992102	0.617928371790001	1.17206762784474	0.480348720801652	0.43115506494705	0.500259547133387	0.349426470219735	0.687517390800419	0.588124246947868	0.848988992608483	0.610391054447823	0.542433781754004	0.531766254254217	0.807749106760873	0.843072263527528	0.530414374578494	0.512763286883692	0.66002607103841	0.715561125040334	0.773100743560654	0.752443903140629	0.727984941563881	0.562416268496821	0.890735549131234	0.588333556266947	0.959666895162078	0.263464330103699	0.595052503294435	0.653383140954911	0.552231691648924	0.645151143119348	0.721307379507153	0.718674736895293	0.559051788984343	0.761943657159096	0.584087483828764	0.531214309120546	0.507634052156515	1.06863047259195	0.695344948067077	0.764442867716085	0.618544838196832	0.99923198602217	0.664883706297597	0.734482245163176	0.700968387513557	0.479437057185076	0.850515282751302	0.553034486183469	0.653737622565139	0.721048477346585
0.314495190721306	0.291571012328129	0	0.383025747841058	0.273508890734977	1.16907817119731	0.888524718853799	0.803707666838298	0.849126813462824	0.63145939538325	0.776329645912555	0.522477545682997	0.756635721493385	0.987240870663038	0.717620053328073	0.991326756086454	1.1654167394873	0.572475805051006	0.74024589822894	0.66862538762453	0.391144895657027	0.587691701325881	0.609466349152756	0.633226746551946	0.767064962978352	0.766218488234494	0.568820329232612	0.873655381294593	0.822931060363577	0.728894726009687	0.633615235380471	1.01055781255776	0.807420641006696	0.803782982177765	0.826428345469586	0.822721965221417	0.873201949561232	1.01062882522108	0.914634413565508	0.603630083502378	0.899678714031099	0.597636027551403	0.439120025406284	0.993464769083398	0.890615612740444	0.795236137302604	0.855354742176485	0.957627103338128	0.907044049533242	0.85964433771454	0.948660718171183	0.675234123562878	0.693921101812439	0.494326355103962	0.712511580571123	0.922165606060519	0.324008249311535	0.299421922884506	0.0588336944041497	0.369449201696823	0.250052641381984	1.15336023290497	0.949272578238885	0.791333851065549	1.10060974600337	0.641536855960928	0.784131053556891	0.597456525610243	0.546202990114587	0.70866390185149	0.802962850741013	1.11090007552708	0.709324404519599	0.621503555481938	0.538814948687103	0.744382649567435	0.955970660356469	0.354673943320846	0.549740590059881	0.591908636225499	0.767801784522001	0.654537345466201	0.610808134492531	0.69638660894375	0.519871130641563	0.908740477586692	0.81807750933414	0.795107187960033	0.471014290649816	0.68152690027398	0.849473399288383	0.592880763006784	0.868210499016225	0.906459554861509	0.812526354853808	0.641026182994111	0.611814755476959	0.624562788772477	0.511531784194303	0.365457060103688	1.05469562433745	0.762054252135677	0.864429351055682	0.729672481607567	0.834115750593158	0.808638769482228	0.926036344394902	0.670828126244361	0.591443325838636	0.986723192670961	0.626020988233303	0.720175564487336	0.94977810972948
0.488476152013668	0.328111836231386	0.383025747841058	0	0.216634422171963	0.648673536236763	0.365373436121801	0.315598648614724	0.51471630134364	0.334018536769783	0.780432522313643	0.36703826278363	0.56274550322017	0.992701532336241	0.480303111029469	0.813384882438557	0.9820930209922	0.69174285414171	0.692280364889047	0.476197655581321	0.622055552457053	0.609295190371076	1.03748761777453	0.823088073367926	0.75893236765056	1.12039114217564	0.627002272964401	0.611650842338965	0.733035568938392	0.719282022193604	0.671482763728146	0.971240446474661	0.798207484193273	0.960347590797297	0.641875623123803	0.73701856476121	0.664430351287189	0.832191427228601	0.806667872031593	0.590076447987424	0.852340572807108	0.326769450698232	0.459419048876658	0.625928962680422	0.767825295484231	0.509352376646304	0.675261357178988	0.539930439079542	0.706309228870796	0.807480020058072	0.846806360850895	0.864132951125584	0.538114722625728	0.29292584873494	0.402122879271855	0.499456632782784	0.488894226455949	0.333646759487085	0.322580744053915	0.103482067789867	0.201505685362541	0.616209839318411	0.395306421041814	0.30164465071556	1.1650897452802	0.285779986245052	0.516608921400209	0.589015043452001	0.462845989967051	0.791771557309467	0.557172657605138	0.891468923616398	0.728165994104559	0.515289434709175	0.642244326564575	0.836242823117735	0.768970278253096	0.522875367056204	0.589344795359737	0.649713346551998	0.800082539832655	0.756893072942933	0.889371182842722	0.758949533339239	0.640753746831083	0.747961444081261	0.511374362244404	0.803079325443801	0.468020480567964	0.594383124272331	0.745721403666842	0.729315465795976	0.75561398630864	0.680900637201953	0.701459002339519	0.602692303942165	0.864297532838286	0.729800941105112	0.382496470371763	0.442545215013044	0.819993153350502	0.584095322151028	0.596341352523554	0.49512231031885	0.755451356202331	0.530801296624602	0.596691833445448	0.681784667160898	0.672473919233422	0.667552451160596	0.336716980207094	0.36643377125018	0.381590017069376
0.718026472911675	0.505071689557752	0.273508890734977	0.216634422171963	0	0.904902924739573	0.620803722955498	0.553556069256908	0.752987554514517	0.591280985041867	0.73342481299881	0.34465139797728	0.771176047128592	1.03492568623383	0.693302724730182	0.880409993875428	1.14613411624054	0.654064654167568	0.720826583972257	0.553935402614364	0.522659322390348	0.619991481620947	0.798833133281352	0.706306167034231	0.79126600403519	0.858445543593368	0.653083539566446	0.903631420044811	0.728416396866636	0.854553130367368	0.771344460032182	1.08013124277747	0.916139410613737	0.910518856429999	0.923448564415663	0.965222240974159	0.849224434507333	0.972080491728721	0.97830113149932	0.633120396667636	1.0074309002804	0.552278902859512	0.5892992318341	0.938572717500868	0.947922925517378	0.787152350810346	0.787671382646478	0.864120044276228	0.937658158255264	0.962676229543254	1.08038525452808	0.994973409954539	0.629379888147148	0.532812121326775	0.622705211102774	0.684790640418043	0.709629744349692	0.488015529421592	0.237779251204823	0.192406008949876	0.0491885308850961	0.872119249226372	0.659965900329845	0.565706843483001	1.1101428629494	0.576901743055861	0.690552614031723	0.597153460306904	0.570853853593068	0.762048966125597	0.740394566450223	1.01270789565293	0.779007410389727	0.631699594679701	0.622344300154052	0.798523739187316	0.864130570483521	0.454012865406455	0.594708405132146	0.708781208180855	0.827307704555867	0.628915733589214	0.62276863059477	0.768392845758904	0.619375874771614	0.779763545016814	0.799625362764469	0.730063111465805	0.566087952314037	0.679886060707019	0.836852934295205	0.694655962303516	0.961145897458294	0.944182774567356	0.889559316508247	0.824091833239298	0.693644652058162	0.814951136251957	0.558384392931466	0.508145036491725	0.959917688016922	0.826137975125623	0.880790895819957	0.755557244719383	0.731428719749839	0.844452374675152	0.859474735528813	0.796133906355045	0.864264148879248	1.00328191792204	0.637277390365829	0.535102315448187	0.643259356432264
1.06572398704673	0.962775243145146	1.16907817119731	0.648673536236763	0.904902924739573	0	0.270463607054564	0.246632122142323	0.662833308705981	0.422820483415376	0.697025359389302	0.677537517744839	0.598418564873195	0.664412298122774	0.464056848009505	0.40340500873074	0.449600863735087	0.7748026106958	0.535075084295496	0.478575726103453	1.14752912071609	0.602549368647791	1.17818615619225	1.20626386134081	0.729208995526883	1.22615723954463	0.996899877875316	0.686130733750605	0.819094792338614	0.807830376795798	0.750806269558981	0.823970903699399	0.490442511561332	0.836898362057	0.580264482499951	0.833095118684058	0.881720850686896	0.925520202072029	0.70603763532665	0.886666398021973	0.7644389138102	0.776530926035613	1.08178904176887	0.721488506972375	0.939667099011638	0.765966839282573	0.945723108105957	0.525121748562379	0.828869275648466	0.893999763856514	0.753877226695526	0.854675447216177	0.727942785252041	0.801291066139279	0.620371276209906	0.332364815184446	1.04683571861224	0.95528449285852	1.07233769693041	0.630340785492232	0.944416563238753	0.127878755332613	0.238068328427915	0.318530169571668	1.2180687592892	0.383998500875016	0.479516443111213	0.65693397470937	0.642959208726287	0.670892006728641	0.399214418656018	0.380002698309257	0.63436877016624	0.533642274301346	0.976223539035482	0.661016224591251	0.628631656019759	1.21154477766223	0.631002378354192	1.03089791413807	0.907893402862264	1.10917200958751	1.09612192038614	0.919028376959175	0.981880879765966	0.673623001897535	0.613407752850586	0.919060756985433	0.868442084986125	0.800980331072144	0.559277296345564	0.74580042177229	0.733709112570575	0.844153845735079	0.947833418183573	0.747383864271966	1.29121591221019	1.01836487806551	0.763674329056829	1.13563800669764	0.783623676860204	0.807201152977681	0.751343595378564	0.813390776542305	1.04575698644869	0.685185292619034	0.720560146649172	1.00100860939891	0.837411003647743	0.527867380016473	0.716101593326136	0.662170471944871	0.231479476888542
0.781556019263457	0.69150405433081	0.888524718853799	0.365373436121801	0.620803722955498	0.270463607054564	0	0.112305538303149	0.635177163957158	0.305812727146622	0.837706751255828	0.597400120116125	0.623191349041553	0.853838926083141	0.495750592233903	0.622216480329212	0.735266238315173	0.763515307259551	0.63273647942925	0.424903406842473	0.968381508722668	0.644649256817239	1.19225705576593	1.07896864559711	0.762798098646056	1.24552024391351	0.830292253711095	0.713714232030065	0.809621131718721	0.785781270060402	0.716048543853321	0.879964877266939	0.647772690124611	0.918780400265815	0.627550620116496	0.757163915951433	0.749384774997987	0.829034283750329	0.750582863655718	0.692013825892495	0.756320052355984	0.593492239818173	0.822613237917982	0.606635773774354	0.82986113705375	0.595010843233326	0.772442730811003	0.496737407351122	0.787251870240232	0.801277839044905	0.724782348360806	0.885967328255156	0.689109281156092	0.550485931728423	0.551699826896449	0.350199123216208	0.827318429271011	0.709398975288828	0.774793824350278	0.368703358276478	0.620041058534522	0.211754253706923	0.0403747702455692	0.110617615575654	1.21980659794334	0.251204051721287	0.509083922774669	0.669710067385288	0.566414891899437	0.863848625403808	0.424683607447388	0.579576506354901	0.673267860238681	0.495963586044448	0.767619326875281	0.697040445664707	0.662798112775242	0.959479821046155	0.617189731996575	0.923906543594896	0.905427327197195	0.956471437407581	1.01054302528582	0.851656232355799	0.87201535806358	0.707844852571692	0.585201686565731	0.935209281492412	0.710448983920916	0.694382662746462	0.65337595151584	0.795162856276309	0.719989544420619	0.728855012519852	0.763781235114832	0.694051417676165	1.098289785304	0.850090149035064	0.637583683724934	0.889614370572602	0.817143358484172	0.739473990838595	0.687027279176912	0.649430935847869	0.925301164863768	0.650632770211658	0.649058730769677	0.842007301417486	0.780126980623726	0.522715844932515	0.512090983302241	0.53415655691015	0.267484594490726
0.777630356334631	0.695459523830914	0.803707666838298	0.315598648614724	0.553556069256908	0.246632122142323	0.112305538303149	0	0.497055287618357	0.217006808494235	0.804200660651499	0.517766127635732	0.536176257951005	0.784151199026936	0.434140041451684	0.600835107707403	0.694466177190664	0.615278239576137	0.455205244843393	0.289370521769034	0.829623525430563	0.571204739958227	1.10931221250183	0.94341787218047	0.668516747410513	1.22825407765674	0.793004917011016	0.656351580919406	0.718344084545743	0.750124603252364	0.593477673670041	0.818051820571576	0.636472825486186	0.83747673838696	0.531981995179853	0.700534847774744	0.64807212212167	0.767554315538373	0.709267315700704	0.603800908524927	0.698999725468126	0.437778353381987	0.711215266693135	0.571782096471043	0.737018710424775	0.535106293121956	0.696197807614302	0.467795468082238	0.686626891900726	0.779835585773962	0.707639517763234	0.841158723384148	0.540319934951041	0.456817163318822	0.453495795902031	0.268567861256004	0.817334342789071	0.710126497305299	0.722386607927773	0.323793257838127	0.550323526319583	0.24806467476807	0.129971391417358	0.0734916957285816	1.18812911732236	0.182499805617617	0.501857328068793	0.639877519550902	0.544309687280615	0.735909680463321	0.437125633800648	0.629991870245115	0.712473846961121	0.372658149219838	0.817430455173884	0.595816599035954	0.596268010385779	0.828880730313951	0.581142393933946	0.827598087940433	0.892734326405483	0.854060527879737	0.966592074788666	0.789363970835007	0.79553875172564	0.593433313321085	0.549333109610571	0.810001561474521	0.687920891981858	0.590684870668781	0.671825280432154	0.781292019430573	0.748453994142549	0.641283798241469	0.680455366405952	0.617329435848026	0.975810885505919	0.778602185430047	0.461738717044387	0.731307273120806	0.686121793333324	0.58726385275736	0.561666955073768	0.557476604694084	0.765116816892952	0.536616253334016	0.602222634041124	0.754112364952215	0.710971030854538	0.462826185393051	0.41145767197724	0.435153014476825	0.224121890297997
0.815969599531988	0.776256190131713	0.849126813462824	0.51471630134364	0.752987554514517	0.662833308705981	0.635177163957158	0.497055287618357	0	0.48458406676543	0.850023033092548	0.68481028584456	0.768132126898049	0.929167149467598	0.71924335499116	0.741815929050572	0.932790055947739	0.799915886258171	0.693239236014767	0.556765226222276	0.939433609633582	0.708068280465106	1.19687101870543	1.00134029265622	0.854625270070011	1.19279235436918	0.785718600447483	0.729176931635617	0.673566874564777	0.955139072609986	0.859177541741767	0.923984270783749	0.903535517617855	0.973670676119732	0.731751888084782	0.944217631667461	0.80801788940053	0.849755092791334	0.884223462720715	0.860148312959976	0.897800006428453	0.582128222939834	0.727759974904766	0.741264560144294	0.829590144690305	0.675144069415845	0.695772020709314	0.634729595624343	0.749807029623336	0.862144494600397	0.86878953205009	0.928237622393454	0.602915546343461	0.607195068954389	0.473379418858259	0.606427939131257	0.807040756137112	0.813071914252622	0.812706707512407	0.593792782847826	0.774279213538686	0.710375155946033	0.646930021508156	0.561411673673137	1.02804544256631	0.530325689789063	0.777400805268922	0.78564867744118	0.773373147988438	0.747637627276425	0.719737973368997	0.868151387332744	0.87164666480731	0.652503986220942	0.831045827173171	0.947549135270408	0.829029591013458	0.842210998107695	0.759030464628317	0.759567960645982	0.951316907890534	0.926031842073446	1.07166169159244	0.882923943815761	0.814379762751903	0.760403521041792	0.723357975294851	0.723503539708967	0.790005443138607	0.778143432422723	0.87504886227185	0.900614520333395	1.00172903127159	0.794716023779496	0.830085435282726	0.734605776972393	1.02759110614051	0.877465702267823	0.578487995482001	0.704573536698249	0.777431139790973	0.644568708340616	0.64332849187013	0.645617318792152	0.709570219049055	0.678616452735433	0.62228514556028	0.774657947128892	0.807861842322123	0.627399118410132	0.538121779703556	0.494275850110316	0.543826573766931
0.569474256181357	0.50349505160031	0.63145939538325	0.334018536769783	0.591280985041867	0.422820483415376	0.305812727146622	0.217006808494235	0.48458406676543	0	0.753843254278426	0.511361758521751	0.537876554418286	0.746151118047223	0.470266297507837	0.627146141016765	0.82859416973395	0.598548179948581	0.562378617201414	0.355771134159791	0.75984237692143	0.545956712984541	0.995161070540025	0.860856511067637	0.59656868728441	1.15879528293748	0.629740062815412	0.616645896381207	0.781227639239572	0.71634163082779	0.531084671801785	0.722076244672793	0.525601747077356	0.776090000188643	0.502132414310969	0.720769948567691	0.696793553551222	0.719184947404967	0.622695192400575	0.649587249232793	0.630823012280771	0.464880321675968	0.642275533551098	0.618959207913789	0.726941394425087	0.576993331385366	0.70874426828405	0.527635694687308	0.731732106450059	0.797318628938247	0.716975265022869	0.724322474514842	0.625858309697438	0.463197535724198	0.501571024327101	0.335029771416862	0.579380772156232	0.531985827256391	0.548593502375269	0.340804177725785	0.609923413200723	0.451269461770885	0.3842996414806	0.302217573903531	1.1791711472462	0.086567699714558	0.498425233931086	0.571088155011447	0.515828302557321	0.653751902102775	0.485980185091895	0.676254555910855	0.625319949840486	0.353047136036427	0.714071101356421	0.724641617907084	0.652623896052231	0.755347179617227	0.490336861742312	0.710804450099409	0.788936419181685	0.820928437514334	0.867447902795218	0.683469837075339	0.617382411611731	0.571311959519275	0.556622702627275	0.813885345076594	0.574278410706482	0.586908336304956	0.614848346593326	0.614326463244024	0.663277019077338	0.682266040036917	0.702670182985718	0.494361881164175	0.887443435611222	0.732432043455827	0.44927924304902	0.634504271004005	0.741696707097816	0.566278053835839	0.53834037110792	0.571051002410178	0.75581423706598	0.52267644960468	0.647347850549304	0.718187547775761	0.562616366219961	0.491123992053127	0.461485519254237	0.503577296906875	0.257141605336806
0.857467337191315	0.629098911390298	0.776329645912555	0.780432522313643	0.73342481299881	0.697025359389302	0.837706751255828	0.804200660651499	0.850023033092548	0.753843254278426	0	0.35813645460705	0.49423276565466	0.649180377439654	0.372892030785053	0.479284597265426	0.67746387356132	0.933821646831734	0.853618222740026	0.781053726850789	1.14019049674326	0.687882761630265	0.961375625073499	1.19152399445374	1.05052339857092	0.879338976817303	1.08166622216533	0.889109946855203	0.754409725353169	0.544999070515689	0.627193695743342	0.818185869659284	0.492079432607242	0.593484608612056	0.7151052261391	0.773425170760484	1.06298211669023	1.12388928578577	0.716152383314953	0.983032688117743	0.929126233119744	1.06061287456992	1.24933297904844	0.970196787140623	1.0122332434782	1.02325698192084	1.13759798306901	0.741336769703678	0.975124110238481	0.916292947832226	0.873609732008623	0.627614296088508	0.822087555379139	0.916426474886702	0.678716406763335	0.801841365839225	0.767598578851326	0.597240925449281	0.730480118976637	0.698118404315589	0.750821148895125	0.712827672137499	0.805541308471737	0.825104129963336	1.1845868745572	0.770823237295838	0.258640273330162	0.346223436908923	0.339317586174905	0.479242051339676	0.391999728439287	0.385371590170321	0.400076221528769	0.737932607732434	0.867703079992912	0.744868451427504	0.92567578817709	1.18350594514961	0.659208333111353	1.14706239914327	0.923855037188448	1.0342983594645	0.873666448944234	1.06435645787618	0.986230553902683	0.721903598495909	0.752113613700238	0.773328827049846	0.500522108897771	0.802099131915682	0.45402390554192	0.498660737814491	0.938015237784129	0.988622388062267	1.13125187168041	0.869276734822626	1.06342054785766	0.884577171567335	0.925760607020642	1.18085012061992	0.99821538012066	0.932735378556996	1.10805890947794	1.02751501691503	1.12799839693228	1.01249722487163	0.874616806330146	0.91889465652087	0.699778338379755	0.946223161887595	0.944809403776091	0.628453446834835	0.741778725914645
0.717341301039551	0.469068988314701	0.522477545682997	0.36703826278363	0.34465139797728	0.677537517744839	0.597400120116125	0.517766127635732	0.68481028584456	0.511361758521751	0.35813645460705	0	0.504222598101069	0.818575718082651	0.473589637065745	0.516518573623985	0.888257860360854	0.755494409318533	0.730742332576279	0.561162899388991	0.782029781846913	0.580126941359573	0.926726192535603	0.891176228070879	0.880428058938634	0.89920449886501	0.797413399729395	0.801633059675883	0.701385490211843	0.570695586793776	0.648103727335228	0.843772696620257	0.62632731447513	0.712989237954861	0.720453066433987	0.764204764205733	0.90459630090793	1.02148019977091	0.811623936751126	0.699755077057174	0.891752183683556	0.659248027136571	0.867341455044351	0.837828877350784	0.905407363011187	0.805113871836389	0.865970030077867	0.678204569458392	0.885232629724149	0.894572930552878	0.913899663886685	0.803199711392344	0.490671868919781	0.56955367639839	0.365312950627579	0.624999233459537	0.650775857230414	0.443434675366532	0.466959968547505	0.310067496035019	0.340186794418399	0.683814696476382	0.597594031062306	0.54552965526296	1.13333046687373	0.544029138314441	0.357115261964596	0.209479858102619	0.356460076788772	0.547138790008707	0.508119576958549	0.643728630365734	0.595360484179007	0.594271137583783	0.714713484095424	0.800200640416827	0.88259548099273	0.790193392938967	0.546905073593902	0.870276868852665	0.859827024524497	0.789777026886082	0.75384098307813	0.910856769354427	0.757286211149347	0.753644912448983	0.632617489483419	0.71550619099434	0.42095940189735	0.721313321411936	0.546718110180352	0.526037916269243	0.979868001902488	0.888183721217828	0.964882287390487	0.735786060901107	0.864977952201914	0.818434246561105	0.544028870194389	0.781482619198492	0.865902688534934	0.701135768649656	0.845228597072623	0.745021568768568	0.87799491216834	0.81719698296478	0.826214176362714	0.796779457644249	0.703795296317151	0.718747061303906	0.579558527271576	0.368150144969798	0.476151677670931
0.608144776565805	0.570736036141661	0.756635721493385	0.56274550322017	0.771176047128592	0.598418564873195	0.623191349041553	0.536176257951005	0.768132126898049	0.537876554418286	0.49423276565466	0.504222598101069	0	0.733152716763326	0.187060520087034	0.555915403373433	0.616018768459311	0.865951473715854	0.754898886225003	0.674524650382393	0.920174186698806	0.73141023855453	0.991314677098367	0.850487227971322	0.704532843001922	1.1193967318687	0.784153355119083	0.54369141977132	0.770089180196926	0.29994944166999	0.191124242717955	0.460236574250315	0.446532713521169	0.742464035974182	0.418656743467933	0.447804764689517	0.614323487680482	0.673026028883143	0.292986804764049	0.657050688787968	0.432867416580819	0.438915894210614	0.788872282892016	0.767043355101371	0.695775909110366	0.751322044619846	0.932181533001321	0.575519781498537	0.734906811790133	0.815861541566744	0.581420831419211	0.56152680894374	0.789474707147051	0.68856897688207	0.690377013952221	0.712106160913471	0.524038926827585	0.538383355301707	0.697247904151612	0.581090609375735	0.701377596849735	0.609875636520849	0.614722586156069	0.531546441947768	1.16683117987131	0.503023193139631	0.448278822161446	0.56183065900754	0.214305819555044	0.642009912713044	0.407944071324285	0.516625754117052	0.668960050995554	0.603088265137273	0.9117191430453	0.73031234908873	0.876501563165519	0.81632163623659	0.643098327367306	0.900985602648682	0.708623828783276	0.733460602041932	1.12894218410229	0.804369620853755	0.690880391594485	0.585479470677878	0.533328064556993	0.832749504284021	0.464389621646449	0.333014768983915	0.388761449818751	0.710704655358861	0.673959745091027	0.680476438259474	0.734436657921967	0.551592669117823	0.959848484927803	0.680549687355392	0.4139434555887	0.777524807197808	0.905996885794359	0.814383687384269	0.794010751757857	0.780851002677974	1.02817840350117	0.593018334275992	0.716178013477568	0.80121229665152	0.651159203147914	0.73646799541966	0.665763016407956	0.757192967370529	0.606260717548754
0.873643709815015	0.902120856426446	0.987240870663038	0.992701532336241	1.03492568623383	0.664412298122774	0.853838926083141	0.784151199026936	0.929167149467598	0.746151118047223	0.649180377439654	0.818575718082651	0.733152716763326	0	0.582682297429755	0.503817987390767	0.52194538788404	0.412511177017338	0.491631186196385	0.604107378494078	0.734659099437722	0.459122786381053	0.491182249698047	1.12378112757237	0.813510395749277	0.691445737339699	1.1072969504997	0.792166388749937	1.00933035408374	0.493530267627837	0.774122177387695	0.91559140191861	0.448077593051796	0.466426853457842	0.798101682113014	0.926859380557804	1.29032781302568	1.35058835258416	0.907399938851863	1.24280628844106	1.06770467182406	1.13603513634034	1.22079027183511	1.18406729382378	1.18272436330884	1.28981013482109	1.38899977321647	1.00984605148087	1.20370670494836	1.19820685900386	1.12164427886402	0.679901355387466	0.908158302607876	1.14672438555965	0.928662955153246	0.868836315254413	0.867342093200673	0.981172572862046	0.973586841637569	0.953790740660019	1.06890038636911	0.873566303949306	0.868571710604136	0.868065859780565	0.923444252709261	0.776218547654419	0.720479807663723	0.586384315269703	0.701954359693362	0.509402726318178	0.533147689538617	0.613581089177248	0.696458535624338	0.475521572773102	1.01872274503447	0.560729264166756	0.550091362795449	1.075070894543	0.512406493885177	0.810433068222736	0.549994844685534	1.12517668081344	0.681334688388384	0.940792484162228	0.969699853990753	0.730084300289888	0.733297042979083	0.971279632152034	0.728042724797207	0.82494426897161	0.641777624640877	0.456061362292984	0.875562780197754	1.04120173916386	1.16056879724068	0.931636019747219	1.14124130239034	0.940901501243809	0.949650301685727	1.12230101462171	1.10344029339634	0.974509486662219	1.17839424820439	1.1710453423202	1.30253948183549	0.918844730244974	0.986250782946693	1.10703322232019	0.744406963286394	0.961764256061044	1.11932089756063	0.983381290209172	0.743564900400227
0.569255685702387	0.475352206619375	0.717620053328073	0.480303111029469	0.693302724730182	0.464056848009505	0.495750592233903	0.434140041451684	0.71924335499116	0.470266297507837	0.372892030785053	0.473589637065745	0.187060520087034	0.582682297429755	0	0.463176611740854	0.415812640559957	0.666337374554788	0.546482809097041	0.496949141695674	0.892371355984695	0.575629377764904	0.944451658296467	0.957574436645295	0.802049673765389	1.10851785313053	0.856421707254558	0.496426277691046	0.768811228469889	0.413800932424349	0.378787739904014	0.714867986046607	0.392103258126719	0.65471612357983	0.472873711676087	0.538135814849861	0.761602453179175	0.919314836044379	0.515518527515832	0.781995555574493	0.710511528488421	0.579256991516732	0.887726546389956	0.720618919367538	0.779815022193868	0.698575742064272	0.97402599699849	0.506892355983381	0.728273098040321	0.765022606702011	0.699626861650872	0.603363239323605	0.806821086773769	0.644713691053707	0.663353555142096	0.604755842898488	0.494795869441641	0.465037980912774	0.646525198000232	0.470188589745995	0.663835573676653	0.482531046728162	0.498462471300683	0.435321962241082	1.21445122500775	0.436463766924662	0.251880127258678	0.490891509384372	0.1891224576338	0.463655535410658	0.196372882358258	0.405613231006174	0.530663048570733	0.393464968734709	0.865645919018465	0.585303065142442	0.709485017908883	0.919342886523796	0.511873124884301	0.846439959791476	0.652286623894915	0.891116444887842	0.979702302212733	0.890012490980276	0.768659689890629	0.674996363455885	0.467923532788297	0.852572513561405	0.471910658485886	0.466811727046516	0.364538042163341	0.581845237665554	0.698078207758262	0.728530688511009	0.827188106297606	0.626103187448155	1.05341023225994	0.763423136739443	0.491487786390128	0.895964948806591	0.951671833975344	0.800597837481123	0.793621456412249	0.717422889836389	1.0930995084321	0.652191184274484	0.651765341671105	0.796816779298814	0.618926457519894	0.718507276888733	0.611064766749529	0.642590028972533	0.511806194059333
0.899441538072342	0.802803193701799	0.991326756086454	0.813384882438557	0.880409993875428	0.40340500873074	0.622216480329212	0.600835107707403	0.741815929050572	0.627146141016765	0.479284597265426	0.516518573623985	0.555915403373433	0.503817987390767	0.463176611740854	0	0.514868472847309	0.721324014678711	0.638657876345752	0.551353329785217	0.933057502055536	0.473585917510648	0.863549014171721	1.11810719112287	0.705277478086551	0.796261951595948	0.922706323513696	0.680696306264883	0.785296528962259	0.616131715074955	0.765910092638153	0.737096758148763	0.424125549813195	0.655079414554253	0.664636699010934	0.883426098524827	1.12486729909413	1.20325978199968	0.776675442962979	0.983168597476219	0.851835182608367	1.00150254677481	1.12362636297529	1.08613205123922	1.07200169484583	1.10350431869197	1.13990316012908	0.736258273540018	1.07576875890071	0.971081759064477	0.941449443781864	0.678189660940969	0.904769183635953	1.06362116978411	0.755153921297334	0.691686191919611	0.850791350307974	0.827119873432044	0.933281388913015	0.744296099177892	0.925202849056636	0.528634481879718	0.587894330553156	0.652317320732442	1.13995557999071	0.617704063693964	0.477106844382086	0.397302922676315	0.461022289344347	0.490739947413486	0.402367603649155	0.249715111462169	0.58945976970049	0.567555635140878	0.926631014313856	0.650915316856365	0.609433234050697	1.04233761097945	0.438299255315643	0.849737209629114	0.710479461606733	0.994215317262263	0.765939952288359	0.77631085258871	0.794737197000601	0.660640546360566	0.64682343743461	0.777151063994832	0.667747194385289	0.733715723540091	0.271072179334633	0.410019273733129	0.8273261630472	1.04666003391118	1.07354524532981	0.722937046202642	1.06424199720351	0.860033729782297	0.796188005454588	1.09336549364812	1.01700056904892	0.969185962819465	1.03120753196042	1.03072579888027	1.08870778746937	0.913225208643774	0.775960505201213	0.967814449319804	0.65691490432591	0.815158218105987	0.99244761076806	0.819912981707899	0.548933147199741
1.02639815638578	1.01849511228129	1.1654167394873	0.9820930209922	1.14613411624054	0.449600863735087	0.735266238315173	0.694466177190664	0.932790055947739	0.82859416973395	0.67746387356132	0.888257860360854	0.616018768459311	0.52194538788404	0.415812640559957	0.514868472847309	0	0.707034508504419	0.538884834028272	0.699044293280978	1.1224637552807	0.724610891097018	0.95106502946718	1.17678999064295	0.900810215114431	1.1322763094825	1.11878722183502	0.694079987831173	1.01806324726454	0.685576543223257	0.727542699530517	0.958119310787841	0.562705744009785	0.725686497392605	0.695497469940662	0.735821548858041	0.977366968153924	1.09510692733196	0.778175401094181	1.06928284924378	0.954115319888018	1.02567718684872	1.13604558488004	0.863029669129645	1.00019108761622	0.924328839205475	1.17322577656234	0.738045234321769	0.866910009367842	0.892205289421177	0.858716821073139	0.801967568200847	1.05550999029295	1.03766943904998	0.998969409167428	0.827941731002406	1.01187595502242	1.04783525595127	1.14050919245442	0.92098360674831	1.1662333368075	0.546199452737796	0.719753205842886	0.721526318626586	1.04967143714958	0.775623167212848	0.632441057609827	0.776406669335733	0.669941965364674	0.658511344779381	0.436929801260393	0.430824765195614	0.774472360121359	0.591474385209126	1.16546516535264	0.575652424651262	0.741027160004883	1.27768210244617	0.696692781482945	0.957187059398624	0.741381615317564	1.1479556564148	1.02224607940565	1.0499742933479	1.0113253507174	0.843781386024736	0.631441014364611	1.04557361025581	0.874001507042456	0.80607751644653	0.60450609697909	0.819453385169347	0.824756029543551	0.823097037587328	1.01083730989494	0.899950235122478	1.22126700365851	0.996784607797669	0.903070608144866	1.22487504946418	0.977567785278214	0.972719904539083	0.9583366479925	0.938853088728397	1.23707160795946	0.865098270181019	0.849958459076557	0.982934478388771	0.860733582003555	0.867690504997776	0.951828415490595	0.921718245051547	0.77766735026317
0.714089634928123	0.73061969147475	0.572475805051006	0.69174285414171	0.654064654167568	0.7748026106958	0.763515307259551	0.615278239576137	0.799915886258171	0.598548179948581	0.933821646831734	0.755494409318533	0.865951473715854	0.412511177017338	0.666337374554788	0.721324014678711	0.707034508504419	0	0.1795437831056	0.314120499822129	0.329017294886773	0.313627575061941	0.30983845134604	0.689423441655828	0.645095537227862	0.691598971283694	0.74182366503324	0.865836965804251	0.942872659540156	0.705829252607657	0.731963844549123	1.03869182306624	0.733868996742313	0.60150336864303	0.818770288168517	1.02602938755888	1.10385979640245	1.19120188658109	1.05653500962887	0.83188914138199	1.06020658585779	0.805671012166805	0.722833735476433	1.11223414618843	1.03854178829097	1.05117303566908	1.03808703421995	1.07450761059912	1.09939577787855	1.04261882956025	1.16158828291171	0.837574865407752	0.771756235864107	0.890563813414793	0.881360385362185	0.902103134020351	0.71392955556814	0.781490970019827	0.630727527132162	0.669239487563657	0.683809342216202	0.917147407906751	0.833323322307297	0.695443890914712	0.915390018849005	0.664645803755742	0.832845121709342	0.689274146419199	0.738764496736233	0.493737570377307	0.701919600302752	0.921232762423263	0.825812434681997	0.224010390689643	0.813342759095929	0.403409584390844	0.628804212853125	0.550188669246347	0.402725006564552	0.515760633165912	0.51401824937606	0.761804337775384	0.430689266735641	0.710585634936288	0.667230018982926	0.8426294508239	0.796872357705933	0.866894740499898	0.763136355805285	0.725928578436975	0.813029894731816	0.595973791671028	0.853385067599487	1.01530741317633	0.974160101315998	0.818983494938368	0.759371192035414	0.806515102942387	0.655488504410461	0.661917864357327	1.08216565440173	0.892609656683009	0.955037240651199	0.925580108399986	0.908654678083246	0.86600707345282	1.0088100304789	0.887710411299667	0.794497514014691	0.974848654032709	0.895250123486248	0.865226881122495	0.791299326947495
0.854340566527946	0.829638745764272	0.74024589822894	0.692280364889047	0.720826583972257	0.535075084295496	0.63273647942925	0.455205244843393	0.693239236014767	0.562378617201414	0.853618222740026	0.730742332576279	0.754898886225003	0.491631186196385	0.546482809097041	0.638657876345752	0.538884834028272	0.1795437831056	0	0.291562537332463	0.553178344992669	0.308962599073853	0.538713493959898	0.748136623274862	0.578806497333	0.864164491492574	0.757535759150161	0.769417797322022	0.854818876333269	0.726227360027332	0.642475508967496	0.973174854882631	0.667516580165102	0.652907385941927	0.75902090909506	0.94249028967112	0.961831272536367	1.08399890221382	0.919435353867981	0.779369449629291	0.914678307864555	0.779835026331439	0.818672654719842	0.975463598642076	0.950449348589542	0.940531249493256	0.95282326615392	0.906492381125079	0.934085224184645	0.978453343181892	1.02026238407899	0.8341981641768	0.766090731824783	0.862623646628344	0.857396064267599	0.73963903375268	0.8060273236974	0.833931957699284	0.792368463543959	0.691748848988183	0.749851245716595	0.686709770635566	0.693939482592929	0.556475947206242	1.06757410680905	0.615601871648091	0.713365777015834	0.7278146112201	0.694609144065402	0.558114699811393	0.666841088251936	0.787143342838554	0.784544526687578	0.252584475496061	0.830477123860033	0.319245961414651	0.601922617002605	0.742010044158803	0.381439411947493	0.616202287591047	0.631760614534204	0.770452834204927	0.621600033631986	0.728744026244094	0.706747833718786	0.775201933278488	0.680431802774006	0.796227316451865	0.767272203339376	0.635328778311117	0.792536504745896	0.667370640958485	0.822632790730968	0.881498054960829	0.898233837933069	0.759819709978424	0.835574883335802	0.814313260831713	0.643059433344474	0.784400762094137	0.924426093112975	0.84025924833055	0.852430485908978	0.856335488720276	0.868496561353056	0.776035170331559	0.877550812138484	0.820992276741821	0.834527499277225	0.890067452590801	0.832945510504325	0.789753879217611	0.674043899286269
0.771203248582651	0.70036380387086	0.66862538762453	0.476197655581321	0.553935402614364	0.478575726103453	0.424903406842473	0.289370521769034	0.556765226222276	0.355771134159791	0.781053726850789	0.561162899388991	0.674524650382393	0.604107378494078	0.496949141695674	0.551353329785217	0.699044293280978	0.314120499822129	0.291562537332463	0	0.543074611123303	0.347361720451625	0.683926595581232	0.706511779333963	0.520460605651382	0.832007758704377	0.625019293260875	0.831675635265619	0.758692879604158	0.750603225091373	0.628954157106972	0.850142386029813	0.676289039722881	0.627006483999209	0.682286151723986	0.935477378450774	0.900989161682014	0.991011530089323	0.864411634030428	0.633598104008648	0.806769906114136	0.570527329214851	0.696098640001857	0.942138164071308	0.923793849903923	0.86654201768723	0.812246278366529	0.824871624174395	0.954184702694638	0.952771294415822	1.01005233655197	0.86308267728128	0.59438550218953	0.702058183745844	0.579980385330552	0.580906241754525	0.76687710481832	0.741658198252936	0.637842442705619	0.439938622160214	0.58573252032572	0.556527955140929	0.455017479558609	0.34222210370614	0.87947400428373	0.416723783007415	0.580627280208076	0.635594167503047	0.593281275905575	0.468782052643076	0.497734730684142	0.700367551613356	0.758153850452486	0.25072280113521	0.884811065986269	0.455152211206381	0.464160190411117	0.62906480386052	0.383242642236136	0.637610254483775	0.601969026986825	0.680807251976991	0.60013933964684	0.660538762590678	0.60635759697232	0.640773790763857	0.714311255194037	0.716338051734606	0.707387490286298	0.599453525460223	0.683845157272276	0.576130749110478	0.939345460696863	0.934644494017103	0.892683642018404	0.694201171462611	0.844156001725276	0.807227402928078	0.511932635545552	0.731702000888637	0.905597930591895	0.832435481116487	0.777927598782327	0.849033641561639	0.762023392284869	0.733470544901626	0.810414697099912	0.853378405258048	0.747436521977126	0.699028968708683	0.662048359552957	0.563010945980057	0.477939164344194
