0	0.284127943013338	0.635321676427881	0.685703594634123	0.676966922767412	0.709722252797581	0.817010626313271	0.760626925951756	0.845721715977092	0.763734917076279	0.526643383708703	0.63256094272234	0.668519002631707	0.777436702533534	0.773020011030443	0.780449381261039	0.769639908994378	0.949578051722154	0.99351613519368	0.981065058890708	0.745830045069744	0.945982726825452	0.997916551628402	0.62582172328688	0.874367332171718	1.15959688208	0.748786837071997	0.7009788033014	0.711260419076315	1.1375563049337	0.879628137466043	0.668390250762177	0.618937448438807	0.834606190972704	0.810199184729101	0.631044097722711	0.889811764283905	0.694408956468821	0.834986688091286	0.62250229518606	0.903186824357633	0.613044653806517	0.869197421179923	0.543203178755391	0.600588092503617	0.540069715317008	0.544613205564411	0.649882889782976	0.802354052117763	0.716580573824306	0.875680890198082	0.763551325033245	0.655123030486135	0.567388673072536	0.52287972782462	0.74524214404303	0.203770366993612	0.298488473863024	0.538140229825003	0.626149853663448	0.614667482473003	0.772330516031532	0.820755312855041	0.728226473376237	0.881933557941232	0.767092172895924	0.618818166423925	0.535043043434	0.602935720764507	0.879608523048284	0.805028098495768	0.660706998451542	0.979615151590687	0.839048522745287	0.904450688976787	0.917972079996594	0.88096133801116	0.705037885981034	0.823598056923355	1.00060939734066	0.771294417742635	0.6400997536795	0.840863333879571	0.832041853579302	0.760136172137902	1.01753610619799	0.629924627136601	0.658860276737215	0.823670792885889	0.842328001315877	0.603567804254518	0.757063461653375	0.784976511355366	0.794092541728095	0.954259245970549	0.798705605537228	0.65629289281181	0.806745238324392	0.591960928889384	0.811659283181979	0.615867077022418	0.701118218061101	0.612662225863194	0.728880372630525	0.591730138207403	0.947627716853239	0.734223829301257	0.768418573674271	0.877312063030112	0.748902742394083	0.570002875803927	0.605015015755142	0.820689820530692
0.284127943013338	0	0.724746169450648	0.647731885012648	0.634548306899765	0.925367248615008	0.905145238408979	0.981817213860637	1.01094566723507	1.07658827166167	0.347134606338045	0.285267904709124	0.407441679979148	0.66968002907762	0.721667140605272	0.814947191923161	0.687063505873554	1.1687259254913	1.22970778179649	1.09573892540413	0.935870255044536	1.06799640723606	1.04092968952705	0.712693258579283	0.960123857265441	0.993061586081383	1.00445402146856	0.789105906708341	0.881319538085623	0.921377408164265	0.825139083974423	0.548702034429438	0.67459966826346	0.978290599968316	0.871044133054154	0.665771473013375	1.01213543878639	0.574542282187886	0.880837545647841	0.730301886981748	1.03004709675598	0.638094164362558	0.84157020003963	0.495782251094659	0.584116706932804	0.604010726000225	0.7761751361156	0.773670001341215	0.797700314535585	0.863945077306302	0.884624530189364	1.00444611463064	0.54505992084334	0.64417515763377	0.417952511011621	0.992735768830364	0.374050576462536	0.115618951003286	0.674100977928314	0.660883700319023	0.620230883326255	1.0352828950616	0.89950847547654	0.906343306206358	1.06538981930489	0.950113936244728	0.483300939631179	0.355971178603832	0.354996361602123	0.818923170658005	0.939894677800198	0.536198734333973	1.15063692717454	1.11242135290264	1.22739782449471	1.14470053060823	1.01134530091945	0.871511139161655	1.04198162668934	1.1309822133433	0.957774528999333	0.744578277051521	0.935445856692859	0.923405104935877	0.929242049860423	0.969673165267426	0.674338959383442	0.938669878410489	0.829091292467432	0.830977328256251	0.558945496212024	0.806199897029486	0.808904084671523	0.914569718036451	1.0082251261727	0.895470549282496	0.72280420407009	0.842359254010965	0.620837343543377	0.77702098031983	0.613905437554931	0.572173818686789	0.655052443073542	0.752414131653143	0.792119488982348	0.936990983093723	0.812489965981264	0.911532213449818	0.975751363329144	0.678323483138508	0.648268818476342	0.561558944750695	0.976186679043559
0.635321676427881	0.724746169450648	0	0.148449700252354	0.175889125136155	0.500541760496216	0.666166008168712	0.507337106585826	0.684209859364605	0.519741964768811	0.741329854596489	0.56016693225401	0.62440998956707	0.635663605566381	0.765443463095634	0.611894087662314	1.10145983853171	0.672698454999	0.899410070122799	0.666705129332089	0.426768026077454	0.746674808762328	0.872619931908114	0.632579825085258	0.821978231328081	0.945431889499916	0.76725392260231	0.817939018803653	0.916719184236051	1.20959780486165	1.0610238781103	0.673351656668917	0.921556523872429	1.09992240715572	0.977734802242174	0.840670927195399	1.17874927241735	1.03225173756107	1.06719705241294	0.928660456064963	1.1524475223581	0.513825261217637	0.765624601506384	0.713587519418636	0.85373484080132	0.718377505946682	0.680237185810574	0.724508096516901	0.657145627415221	0.829454170994617	1.08360742608195	0.987369771915633	0.5348603902266	0.33554896125619	0.533244864369937	0.670754628270402	0.675022759906369	0.724065890946621	0.109837318736826	0.189989878324286	0.243387885425239	0.476566374249442	0.699180158428826	0.473568583180847	0.77471509432232	0.514762508060621	0.750769231496647	0.450176772396412	0.665212176469725	0.790249851756377	0.689509677386889	0.752518915139672	0.852999993547388	0.549573652090899	0.772797966624069	0.781477162615025	0.604074180182922	0.409972732539882	0.644724602260687	0.671170242721181	0.769392379603027	0.56684469032106	1.18966014483416	0.928613635190247	0.769023723814519	1.08095353081935	0.584421129897347	0.75355412781052	0.871861578321987	1.06931534158682	0.679776749573817	1.00236751599265	1.11271324315246	1.0511632827711	1.01799338108053	0.977789766502337	0.920432821325044	0.969869020007479	0.462486995844834	0.714040689579593	0.783500483187831	0.714488830020547	0.873097068784356	0.746582424233879	0.728688777017745	1.22374535011178	0.74343094781672	0.984383418532869	0.920696329987822	0.526769337366031	0.326818223610387	0.57835653638658	0.700398512569089
0.685703594634123	0.647731885012648	0.148449700252354	0	0.0843093790876046	0.512151500394463	0.735357680014902	0.588317556623008	0.754355127702711	0.654414875542028	0.796588667079822	0.405795680107129	0.477668796393606	0.613356576954693	0.622796455327496	0.674194365636181	1.14927652170383	0.767781359848421	1.03191487996055	0.780358423044147	0.464425528870208	0.862924084810741	1.01347569360016	0.684291536625926	0.871054583217846	0.812734459028447	0.797193514108906	0.986778127594233	1.02223096347649	1.0662099004433	1.17219219621019	0.64983910262526	1.01421656069451	1.19033840583849	1.1324661046966	0.881749822227086	1.33434293059337	1.04224894309955	1.17193219332347	0.94965878890742	1.20626796589966	0.519210061988695	0.825152640471206	0.693161306767529	0.783128235989086	0.675522635577287	0.645941119947891	0.719200703745752	0.669154640138888	0.704968690930056	0.9851376589916	0.972327963665825	0.468713988750505	0.251706302909847	0.453435732679753	0.73152896254164	0.754069306848648	0.747392511236039	0.233820877034296	0.0695268644900482	0.12852921741904	0.556997852159235	0.783909511603814	0.586058311427258	0.772309000227394	0.670085299599592	0.772015746035944	0.288163835981	0.523894603752135	0.779791855866196	0.597545409679965	0.70087230096536	0.992862037180359	0.666050398792552	0.879926136553728	0.937768672451657	0.666700592573639	0.467579871362883	0.779274597921815	0.871745518840053	0.771805272288839	0.623490385575187	1.37019188733951	1.02451881051598	0.762877351876859	1.07292115632291	0.726409420027972	0.755442613007094	0.792981809432101	1.13349467687685	0.745591400368247	1.15023744083519	1.13997998634981	1.19621838149819	1.23303357626945	1.17060574498729	1.05436751515272	1.14010394488399	0.48218519799782	0.715568267371967	0.84648036737432	0.703708196697516	0.924508850427669	0.806480916509783	0.639941770730707	1.41138349561038	0.668567250272827	1.02380376786131	0.888289359699729	0.444783600268811	0.232353312137679	0.445616595157911	0.811766820973263
0.676966922767412	0.634548306899765	0.175889125136155	0.0843093790876046	0	0.545802698734135	0.777167571929699	0.649224471656795	0.812008862025294	0.677176808476885	0.765009636124502	0.442985126673032	0.430464393760449	0.620035864491649	0.661122377962053	0.634578718159129	1.17789066376986	0.809018246102815	1.03102129870747	0.747703906479992	0.500179681275068	0.853759581409216	0.999110199946559	0.719416241161903	0.967996291494792	0.829336384283107	0.839422865124496	0.95928685662352	1.04127532262513	1.10286890620006	1.19076165319867	0.608480916476291	1.07796749512779	1.21051150605675	1.15159425267553	0.871888010546218	1.3236348517293	1.00251062333099	1.13782022304496	0.956478463257688	1.21475184011302	0.49145689612375	0.807241980940659	0.638306325310508	0.776823788907471	0.634769565203255	0.661512301548009	0.655448790111008	0.653879883998837	0.677087709205202	0.962472400626345	1.00844745171301	0.460837011604116	0.281820183395802	0.470486442258089	0.718764068735317	0.776207822613572	0.742506875609124	0.267244729006868	0.131384163409141	0.0657355332095866	0.574607824658332	0.819991047343876	0.650827081537392	0.869144792235892	0.691012254947434	0.752650775241501	0.321837334540598	0.502410877206171	0.752993558256402	0.633116517605458	0.68454155208914	0.97230826650704	0.673781603264602	0.87034247655456	0.942559359858233	0.643836404015788	0.478797192720396	0.783368620816084	0.825937929294744	0.780368215870926	0.651810234432956	1.36382925870629	1.0877461904559	0.820437220751114	1.10547477731203	0.675988642061804	0.716095101243757	0.747460939517088	1.12475889557031	0.70244265562202	1.164021093117	1.15579821883546	1.17509595011274	1.20017569517759	1.14694738485532	1.05028503039573	1.08584325687459	0.47064708804136	0.684214087216094	0.781928746884668	0.701474626251367	0.89435453471427	0.765546261280947	0.626905988896228	1.4110326229054	0.675341934585106	1.01215821174839	0.922289295383005	0.438358134387279	0.273760332458693	0.49590018145793	0.790329467556254
0.709722252797581	0.925367248615008	0.500541760496216	0.512151500394463	0.545802698734135	0	0.631931817874501	0.258319336072179	0.302676775420787	0.241800071235138	0.829881863985814	0.945152893517407	0.845374872851564	0.647444464813498	0.448103812273187	0.508081714207869	0.929116092444347	0.43260705908878	0.468454706644521	0.515467429739766	0.290310659805638	0.329915247870167	0.709543597659578	0.48930798836546	0.785008621125898	1.13767654522666	0.533902982822963	0.787131935376547	0.73194866573385	1.21726835224462	1.03990634147009	0.816410636908482	0.855691464408559	0.826207293705867	1.06190815237727	0.890498281312674	1.11487590756407	1.11463164323251	1.05343815816385	0.851345997025368	1.00668185394366	0.825415738952893	1.03834615060562	0.984457512637011	0.964280463432812	0.719386509813675	0.541503391252733	0.592950807331206	0.785773887449823	0.626203935519793	0.922975330823865	0.647174678314545	0.878582620853952	0.602920648472576	0.87654616392196	0.416647671450694	0.704620458334758	0.816202553922466	0.468218719565495	0.517306369955134	0.509532765329939	0.133566890031823	0.672171790393887	0.329941725653083	0.449167397728951	0.443448982389784	0.843547298091499	0.748422732734694	0.813684124404877	0.737112387050975	0.336033502140769	0.717502316753212	0.520551610832177	0.316425315030472	0.432496151836624	0.439550639768975	0.512281400512636	0.321367160931997	0.342585659068954	0.794277028970883	0.756769569641852	0.472273035043048	1.15122840451762	0.946052506402869	0.530762166197329	1.1884992388314	0.571592547150971	0.656674754505762	0.641859473399644	0.982966314153426	0.837244853124488	0.962159928453943	1.16706602798114	1.13301337056298	1.17044060789171	1.03373884292004	1.00675051643067	1.13640835139162	0.821171446892191	0.902648524922614	0.823945605849661	1.00503256440314	0.992167118519943	0.81832294732714	0.521523215521843	1.18883459580725	0.619810439468156	0.814808761600025	0.824212358440065	0.808805063112648	0.633145185007887	0.857558214683861	0.544321019777393
0.817010626313271	0.905145238408979	0.666166008168712	0.735357680014902	0.777167571929699	0.631931817874501	0	0.257143150521672	0.688168884945342	0.5743083347337	0.816086531268318	1.02199245064154	1.09800156325796	0.667228764171011	0.891703533434274	0.887976343513182	1.05247225192379	0.695754798286662	0.528936545880288	0.672929935063954	0.71910105987007	0.78595607586008	0.932131560576683	0.844445338648118	0.664706004675336	1.08697217074845	0.821819851335383	0.82190258041712	0.818410166841747	1.37366840603719	1.0855958200886	0.886466402853274	0.822566237403276	0.900522750445267	0.985588468255152	1.00884386637793	0.970709534775162	0.890823396932239	0.90373584500072	0.851340257721141	0.969098502865701	0.854420466176845	1.04419514694674	0.970231651039356	0.9298880478117	0.849168171852562	0.717258592206376	0.778999710188948	0.694905292141357	0.702744617854864	0.938760012499728	0.660339554082917	0.950029424981551	0.699322361300159	1.05301602690481	0.65128936493902	0.774314764130775	0.75945409325175	0.637534877160039	0.692876521350678	0.750916248868972	0.715765751058254	0.036775991108128	0.301481049926033	0.862785901797153	0.751210807430142	0.718262117959538	0.88839244718047	1.10381736332829	0.760698953747539	0.839981924786648	1.05364490550463	0.854478532203568	0.593434886015407	0.696848071092827	0.756110057133641	0.643578940734659	0.695867673652576	0.706140733870789	0.748648716422123	0.812608237482593	0.763973877064358	1.01677031748059	0.788219963066449	0.789968516602735	1.19118910657288	0.900951567550228	0.807665325270004	1.04945748163869	1.0638755727745	0.731165663904719	0.922556344458711	1.09679578326144	1.12255758515889	0.905825341464308	0.83134401449535	0.833769587489967	0.795248776688837	0.815575823547013	1.07123210034769	0.808526373386628	0.776320132779775	0.781582589053726	0.786076910531063	0.672638870679484	1.12396406023632	0.832830062231866	0.672891957930485	0.731059130059205	0.839083562071401	0.75054126242284	0.999079551358103	0.697487710284544
0.760626925951756	0.981817213860637	0.507337106585826	0.588317556623008	0.649224471656795	0.258319336072179	0.257143150521672	0	0.322016175735397	0.185888075235583	0.788986996049707	1.03012548666732	1.04535980381564	0.659226436703702	0.632732697897155	0.702858841659755	0.953881185352635	0.380290021451413	0.398458617877695	0.335168948151629	0.353639374230728	0.425910313013061	0.813603958330266	0.572209734145544	0.547609657405022	1.06792524030726	0.5006960109692	0.725270082043543	0.625537927496209	1.34872540862739	0.990810398735976	0.957209309010271	0.776858770731455	0.788980083002143	0.895025647754544	0.950661192998638	0.969429763144115	1.08047816447968	0.955508050648044	0.80188258812801	0.883484361967994	0.808439197527883	0.960151014805707	0.987182237891823	0.949801890420861	0.740089103776022	0.532304697392241	0.634795190288058	0.673050673959306	0.700859090091403	0.922621308931751	0.565367684639038	0.981517014947568	0.63715190047044	0.972658180403471	0.420807210378	0.657868248893308	0.80517295944677	0.479714395469061	0.564732656602011	0.621880401571107	0.319595478418545	0.284390366255825	0.0594275419216779	0.491932275053977	0.412313294859653	0.731359261337141	0.882009414385553	0.998624574150146	0.752078295237576	0.490005663529017	0.905091260895762	0.560311544584932	0.250150196662487	0.471535159466098	0.422516767299165	0.396862389406052	0.418296715711336	0.378514644701032	0.661778085385029	0.754284494757435	0.556565193171199	0.992504283339	0.651870800969624	0.520496909724724	1.21877791847702	0.682152047808493	0.611069437269773	0.780564048104292	0.922846619981652	0.825587935029564	0.772311565222129	1.04407602289996	1.02012209958832	0.922088666881695	0.800347780635424	0.83358072772108	0.851179585256021	0.787114884743966	0.915545204652869	0.740887272184559	0.885900753668907	0.86810449073778	0.726443337165201	0.527305798304891	1.02150131487426	0.680908989182667	0.712067720675484	0.649142765461537	0.885068319950098	0.671179069418309	0.899863455019392	0.510074480580032
0.845721715977092	1.01094566723507	0.684209859364605	0.754355127702711	0.812008862025294	0.302676775420787	0.688168884945342	0.322016175735397	0	0.345793670855071	0.818616485684834	1.09193501715553	1.04471666557493	0.780360909357244	0.63089628582072	0.663077585045801	0.842228736431089	0.401850176247688	0.393332497397906	0.509077430992317	0.428942918210431	0.378237444715967	0.700347226569074	0.625180344937653	0.680151258221584	1.02428720643728	0.572116445553856	0.788139693247886	0.612914437467792	1.16699028335294	0.904167648805767	1.01135233134427	0.795887000926759	0.779931923280466	0.853588643802178	0.949166351721274	1.03457985609616	1.2129752147243	1.09679941768065	0.914113024195784	0.936132036236465	0.976892510053108	0.912112376928621	1.11479930640751	1.10064807371675	0.832341739884613	0.638629224121428	0.713175368665709	0.878735643680473	0.789084383195107	0.916942581735044	0.601563751363004	1.00941986302037	0.813181089476505	1.00604601468242	0.542645486992908	0.725329004703702	0.864780502428772	0.681592660066388	0.785071254628984	0.80470365864639	0.401127865210068	0.714338639922282	0.378950754534509	0.583567954586501	0.490868780750021	0.865507202446253	0.988645424661692	1.00899820754645	0.83829157474029	0.580994549373325	0.862636611472215	0.584610547428124	0.365174780236508	0.566088696438177	0.4102682000336	0.513722213381504	0.472447250292074	0.369216285542242	0.819279846261511	0.813974534391446	0.612387062083355	0.988684781354606	0.785500572310931	0.527217800338637	1.06306820102429	0.700755611053158	0.639196695053154	0.740891723918502	0.861468000923115	0.996332090237687	0.795765482623387	1.11837573253027	1.0324799238519	1.05279692964216	0.95378976735633	0.99413651092544	1.03629355572933	0.934098254314382	0.890495205359628	0.855299036354382	1.07045846225891	1.04464570279344	0.869847035391398	0.636734782720099	0.965544943574316	0.76630001188147	0.873047224719704	0.75550535533201	0.972019125973826	0.837635770189036	0.967281131654752	0.639589811839519
0.763734917076279	1.07658827166167	0.519741964768811	0.654414875542028	0.677176808476885	0.241800071235138	0.5743083347337	0.185888075235583	0.345793670855071	0	0.828141222651543	1.09029607376124	1.0278342409601	0.71607396846603	0.702861133010713	0.626015272469132	0.955711242508854	0.445483882960034	0.405234658725323	0.370667300730228	0.307844601302758	0.382256583824363	0.732595670626634	0.428658283316221	0.492871862065988	1.18216909772224	0.381716678880831	0.642315439516725	0.586449960967422	1.30355693280149	0.943535310605176	0.956071479412892	0.775278924392938	0.768533307254655	0.824540362867577	0.885864459482361	0.972940880771775	1.1449410179522	1.01441656980753	0.810615114348972	0.799878034073917	0.732896634920962	0.911907781750378	0.923191853279329	0.865221290582995	0.676350568948263	0.417663959749023	0.588612255338879	0.653173116089788	0.767909123875543	1.06413692238376	0.667503287543836	0.960382097052493	0.636821644519368	0.932271926153184	0.2490827902508	0.69412183063513	0.875829622755151	0.430349078960512	0.602102885792679	0.626525707661626	0.274862608170067	0.585582259330145	0.240614426464042	0.478155256455992	0.185304970352455	0.762928109482234	0.892479496432617	0.989302993246129	0.729353494320538	0.475044080234277	0.858468183348175	0.498282181433369	0.267210494281722	0.370636699441645	0.318062468726648	0.412001802360219	0.361477368174582	0.280730085034285	0.557794099060465	0.614871054785391	0.454862476433495	0.985402479406875	0.629881392973899	0.393728260345298	1.1322936017255	0.507834442603726	0.594409301078108	0.728758365742983	0.89362857333061	0.86498062845758	0.717640566956905	0.994670114476719	0.934737716889811	0.927042446428744	0.824686450184745	0.829989463850326	0.899369937432243	0.732696296901141	0.86580880666567	0.777713801937914	0.884568299352831	0.844396334226607	0.658957215035313	0.476972690374896	0.95420593435298	0.584919608578946	0.738945458082915	0.804757802845525	0.892528626430013	0.654408483954564	0.881031800064706	0.317133427781615
0.526643383708703	0.347134606338045	0.741329854596489	0.796588667079822	0.765009636124502	0.829881863985814	0.816086531268318	0.788986996049707	0.818616485684834	0.828141222651543	0	0.602015862284973	0.737328093642861	0.304503412352837	0.745299656657772	0.665722626898671	0.739010134161195	1.01898207283876	0.885639097201365	0.906530712460355	0.784292665630573	0.768141716753062	0.801796265328792	0.57265652615668	0.772444634287782	1.15308074034304	0.808444780277836	0.612688087251427	0.778091351663895	1.1236605111839	0.64210781368828	0.782781067865502	0.568710880058318	0.791912905246339	0.885912597093363	0.7398199421153	0.918548647843486	0.643505309454033	0.937327867374015	0.738882160740552	0.957651349259299	0.688068923552792	0.841242351176761	0.656270644141108	0.705770499261323	0.63415611859025	0.645475388465497	0.706738467473124	0.529274421291737	0.918350111631146	0.96088220309426	0.838354906455861	0.734134840172484	0.714592860568378	0.698435168537204	0.723946954702508	0.511488726986637	0.211500553744648	0.709398196982141	0.769242188684752	0.748828520097968	0.990329218329113	0.806363361787601	0.73113258523509	1.04926282668172	0.78912201063387	0.145060710245288	0.53564279606339	0.637883659190981	0.443363419378072	0.87904729789375	0.72553653187115	0.898629912907237	0.906087059759982	0.939109618082574	0.868672607418153	0.864785085813342	0.762000916397756	0.843212639219596	0.889706784137889	0.798326973829519	0.713087595388824	0.856207385374345	0.771117474167831	0.753419013202814	1.05501268092638	0.591765992441921	0.786729527122735	0.758350641571744	0.701641215187722	0.673739354954556	0.608262735429486	0.834407396711996	0.865547176383537	0.910238797226034	0.841123735642874	0.773458351278021	0.858529863419733	0.666526613842027	0.842422057864858	0.672198954739611	0.511666956832974	0.746115344224565	0.577135729913723	0.760818871792596	0.763258529517835	0.800080089742404	0.759732914297021	0.804849032140061	0.789448121165017	0.719541386603667	0.786446160242465	0.643668276463811
0.63256094272234	0.285267904709124	0.56016693225401	0.405795680107129	0.442985126673032	0.945152893517407	1.02199245064154	1.03012548666732	1.09193501715553	1.09029607376124	0.602015862284973	0	0.261247115260598	0.840149141021918	0.820484321453566	0.787533874334604	0.865895783057112	1.14597660854348	1.36473194730835	0.985181077489446	0.77675538638918	1.09608334102577	1.12181881897301	0.728884249863188	0.986256303376945	0.761588704947046	0.991059399632389	0.976148768154495	0.991391845905038	0.843356259504943	0.97926954549262	0.51110209630423	0.863426026667309	1.18004689120168	0.976702404741308	0.732955104192789	1.17949383289261	0.815754149097764	0.990651119950656	0.873860704723893	1.13420202649993	0.497335025218677	0.71307412228435	0.509667829447204	0.564665398242151	0.672553183447301	0.809161790469499	0.974785365657729	0.839528335700994	1.02580789129468	1.07661182486985	1.25769657659683	0.284433875351223	0.432560542383325	0.252805082196515	1.16846854609038	0.644948477622262	0.460045209138554	0.532944174507863	0.422920581472768	0.481525605804117	1.01813643365291	1.0090955151006	0.951439340145575	1.00158699108752	0.908338636200056	0.734594631073091	0.192994566951018	0.266690719765216	1.04682392802206	0.964426594446547	0.50590466301886	1.20208027318511	1.11839783750655	1.25149396761777	1.1587205707933	0.817953050779062	0.719918343041352	1.04075156803647	0.986781039381401	0.888380793663956	0.691586651746019	1.12885523155708	0.93258605532453	0.924934528179132	0.898251155874879	0.762728141128699	0.992204637765067	0.978596625088619	0.961729487870776	0.549570759962345	0.927711466656453	0.895766423392393	0.985578712883102	1.07713490908747	0.983079244389496	0.840139176157259	0.980735265774241	0.444212691500951	0.647499826012969	0.755478596508671	0.505102466580119	0.742330975223826	0.76065644151846	0.854276334148485	1.17021613583606	0.931857374756109	1.09080396109235	1.05923717809062	0.378925895003822	0.423043432301059	0.295209222939372	1.11236917326903
0.668519002631707	0.407441679979148	0.62440998956707	0.477668796393606	0.430464393760449	0.845374872851564	1.09800156325796	1.04535980381564	1.04471666557493	1.0278342409601	0.737328093642861	0.261247115260598	0	0.850031518793839	0.608664433288392	0.4982262599153	0.667328287217738	0.935183603471021	1.17411688984213	0.909959058621919	0.671111711525445	0.894775755528831	0.841183062823694	0.63724942644131	0.985751785640098	0.844241203894563	0.999551455571454	1.00218636892782	0.954663679121205	0.6500015413463	0.842036139003258	0.328014623218845	0.971768158202987	1.10465964130218	0.99570560617579	0.732432870844255	1.1849119668252	0.803565123708008	0.962221233805748	0.855752499620499	1.05564628597717	0.621408114674615	0.848864551245113	0.650349794489035	0.682225976984599	0.705983453152683	0.850096447653852	0.836502686308208	0.900436617928617	0.901061378339025	0.925739565527515	1.15142982540421	0.528501520121811	0.699035111373925	0.488794554229167	1.03502259195232	0.745191902853741	0.605237613485245	0.535723070894282	0.506871491851191	0.410508285048321	0.848430123350144	1.09771641491385	1.019947411229	0.960287400284675	0.863630565504225	0.820684824773118	0.385952177517936	0.0651017186590079	0.969708572501686	0.811492228607271	0.234667050685236	0.952815087724204	0.998884779246049	1.13199863556879	1.00482169787217	0.810216973773405	0.64239530243374	0.933232939553055	0.908626033747044	0.902113330769944	0.588325641876098	1.15053086501415	1.00108332849346	0.978879952099239	0.962069032618522	0.747530044267262	0.931471239936066	0.821986119562243	0.830998330836404	0.57959933056443	0.934088661139375	1.02889832675168	1.02734461934103	1.09669039218437	0.974598012183653	0.889179540650545	1.06696317818882	0.617898909676202	0.741118803728317	0.750872756744317	0.716382946034883	0.81650079642165	0.847421734583912	0.884290667206273	1.11176328314989	0.887662493335443	1.04686090360186	1.01544989460565	0.558472663837735	0.651338324561314	0.53971393484738	1.0130187615987
0.777436702533534	0.66968002907762	0.635663605566381	0.613356576954693	0.620035864491649	0.647444464813498	0.667228764171011	0.659226436703702	0.780360909357244	0.71607396846603	0.304503412352837	0.840149141021918	0.850031518793839	0	0.605883058694103	0.614595142905256	1.02466810291168	0.814066716593011	0.720593783767672	0.833810202921085	0.73716000100218	0.675024761277952	0.76240387558403	0.635249840079042	0.814486332156029	1.14145656710488	0.753819656053816	0.81833379051576	0.95539171502403	1.19467087015231	0.930374698357086	0.823731812403716	0.870850198461647	0.924079417657352	1.23485264543039	1.01878712194873	1.17289821448486	0.761582269103011	1.13855470159033	0.963401551143707	1.08413038616426	0.75426111365776	0.957962531337059	0.838938742374276	0.811059193463966	0.719688333817767	0.645877050001325	0.668638493603249	0.434976882136702	0.784479756862726	0.986970522979868	0.867377467611318	0.855126809068648	0.696466136274548	0.972980399199157	0.52011971543764	0.875236583245123	0.580999221519221	0.6455124291792	0.606778842285586	0.618426415186508	0.799030017631637	0.672186896754678	0.67867823207522	0.968776813030607	0.818100528511137	0.239884499918694	0.599554777143737	0.82637278626177	0.145892031219134	0.596830899466431	0.929907900505951	0.70062379800039	0.69126434150121	0.77157731156844	0.780286006014212	0.843941617065295	0.74089047003669	0.762572828110726	0.862930352582724	0.752406085070758	0.713426571801568	1.19595004062634	1.03712477930819	0.745139507990616	1.13489564649795	0.653927253361397	0.812946039418234	0.561267394327762	0.879047813479036	0.807412250305273	0.935986460530634	1.15208985460525	1.15418731625574	1.08151941407896	1.06142836621526	1.07181607519841	1.11750333143701	0.734927510238589	0.967043770975568	0.747034218946768	0.592437904566872	0.85438429148049	0.637236945639589	0.680048723095381	1.11007485320999	0.672988451960261	0.709896122506954	0.761492482339998	0.827008039288272	0.714621894819637	0.996329521686547	0.503465383228
0.773020011030443	0.721667140605272	0.765443463095634	0.622796455327496	0.661122377962053	0.448103812273187	0.891703533434274	0.632732697897155	0.63089628582072	0.702861133010713	0.745299656657772	0.820484321453566	0.608664433288392	0.605883058694103	0	0.52495905269992	0.721027709663389	0.477955235541198	0.723843771917553	0.710849575784975	0.615303264306247	0.60480040797201	0.594004900488189	0.596704558367789	0.883956234095305	0.847897553559965	0.880534709344315	0.82470735180548	0.841386401234607	0.723721176430672	0.866578230462195	0.813897667337001	1.00255897032804	0.763977131710956	1.12934916371331	0.98817689035633	1.25080628523264	1.11254620283329	1.09895813302188	0.952765546686844	1.0727016078789	1.09023363202921	1.19308543821647	1.03150385991435	1.00119773249734	0.798760376218361	0.771039116005943	0.676359449677938	0.866266868373696	0.636248342009798	0.762369808947413	0.70757832534983	1.02790444475854	0.860715023689881	0.899754474118686	0.728269761091259	0.845358796988604	0.763401407039293	0.699890891260103	0.643991855427903	0.599793653957338	0.56301304100359	0.94403662302131	0.713388919578946	0.607989749991238	0.782012497602437	0.734499153566122	0.696840952204506	0.536741792082909	0.729166800834768	0.181233187879774	0.607143318875809	0.462727907500704	0.580938976418219	0.855500342644745	0.711308078109187	0.775659868282784	0.675997345322221	0.709215149692487	0.952984756455868	1.01209354748293	0.586960610457479	1.20731441858181	1.0657995678796	0.772601656721956	1.17041175840758	0.742786094571777	0.82990346116261	0.389839001489004	0.7579931654404	1.0168255720633	0.958729442598415	1.13450375106162	1.12620397785933	1.26610650591513	1.18646019357911	1.11755674220827	1.19984854891624	1.06506873287689	1.01693272510934	0.796777661172759	1.01463430237142	1.11665184548363	0.999028264676606	0.779436421529463	1.13554881855986	0.751317299691828	0.964030191237188	0.861371916134754	0.927839000400905	0.883149694417841	0.86464113704762	0.863895900537243
0.780449381261039	0.814947191923161	0.611894087662314	0.674194365636181	0.634578718159129	0.508081714207869	0.887976343513182	0.702858841659755	0.663077585045801	0.626015272469132	0.665722626898671	0.787533874334604	0.4982262599153	0.614595142905256	0.52495905269992	0	0.725279397275303	0.500565608799958	0.503081396577567	0.617914132219234	0.359605002404631	0.337944311328971	0.362557346794277	0.3262546382404	0.767950099058296	1.01349003116942	0.735465113384853	0.847834558003164	0.836048995806287	0.946219457445073	0.741101699064347	0.532515686060099	0.913610374120757	0.770824560241271	1.0505474547434	0.880626425158026	1.20593382273958	0.928895365083845	1.10174803127201	1.00511422227261	1.10275526388796	0.849849506314011	0.962873686624599	0.940397322383389	0.880463134114784	0.8056459974403	0.750715560208585	0.713965571624982	0.728395522342431	0.822832751869613	1.00254299760033	0.853602239800849	0.805297369366724	0.804544824393462	0.88536321165127	0.645049822836944	0.837845061704383	0.790832798982697	0.554818397850423	0.664774672588926	0.600402903479096	0.522900084769155	0.868641499939276	0.689264909982303	0.760039250913858	0.622419926794992	0.644745184723863	0.673586261307331	0.538683692368277	0.629126071419938	0.628222802213652	0.362250334682404	0.425799415087299	0.510825809510088	0.708546188580649	0.417690403594212	0.557250533992714	0.38411573108002	0.388242120309141	0.571327441333992	0.632049373954205	0.27809716998495	1.10086989329614	0.891677557777058	0.627460749749998	1.03373874162034	0.5927839266983	0.759177572103939	0.651577630681008	0.734399720598955	0.705942086118629	0.76216433737203	1.19366873890053	1.04114007555976	1.11507423516032	0.967365950989439	1.05128776580369	1.10661686414374	0.80045557422754	0.851969041602613	0.82653982056122	0.790899494288033	0.96804664235287	0.742896741451412	0.749830598221118	1.03115249185821	0.820422511716618	0.810044337626338	0.795525158267062	0.746171393002295	0.805116120428779	0.92558121634919	0.614696750940507
0.769639908994378	0.687063505873554	1.10145983853171	1.14927652170383	1.17789066376986	0.929116092444347	1.05247225192379	0.953881185352635	0.842228736431089	0.955711242508854	0.739010134161195	0.865895783057112	0.667328287217738	1.02466810291168	0.721027709663389	0.725279397275303	0	0.89483233589016	0.839022529116334	0.972372025810128	0.948179636016061	0.806719559019033	0.738127690549867	0.723233791568754	0.730404674245195	0.923812579968588	0.916569276562741	0.759647970611491	0.590997037644101	0.572889918409663	0.316723415336441	0.694443514378264	0.414886557703509	0.572440128972776	0.607125747911281	0.613244160025984	0.766797719472624	0.692415374303437	0.748211653347353	0.749179265414423	0.677265112436096	1.08221927544705	1.06079441057233	1.00920981778515	0.89871130048607	0.947971401971306	0.999403783958616	0.889600107177175	1.13332421857477	1.14305513238982	0.89449143576892	0.823241497710676	1.1929554027203	1.30205268785003	1.00296859025421	0.983316101424267	0.678252709810657	0.675837151282615	0.994475131358564	1.17721422081132	1.12299917134493	0.90192239675037	1.08447376676217	0.950070617799541	0.864628107206458	0.877870603233599	0.903834460190805	1.02459813982388	0.566492990535132	1.07306562817176	0.925237070543724	0.349792430733697	0.791210717895131	1.08291659979153	1.01132317785462	0.871971955831343	0.989606733983303	0.97883239556068	0.890747882756843	1.07034482136842	1.1122255392821	0.855155278098275	0.505919499013675	0.611742603972951	0.91772329187878	0.851339271857667	0.792390417791204	0.92979374057584	0.844432598345089	0.380901102789576	0.770144018336882	0.414395237580384	0.659906150793196	0.587400004644792	0.895228554898132	0.706813585744693	0.66645434291928	0.713964422359418	1.13434894238529	1.04006354175002	0.875242524595398	1.06681237227946	0.837142949105546	0.997265215634045	1.12004545893225	0.543450746642103	1.10838851052865	0.954242914061653	1.07567314199529	1.24117669006868	1.26072240314483	1.07762616972634	1.03809422531549
0.949578051722154	1.1687259254913	0.672698454999	0.767781359848421	0.809018246102815	0.43260705908878	0.695754798286662	0.380290021451413	0.401850176247688	0.445483882960034	1.01898207283876	1.14597660854348	0.935183603471021	0.814066716593011	0.477955235541198	0.500565608799958	0.89483233589016	0	0.376725151964785	0.332104772610023	0.386536284914009	0.348989338299397	0.52998460329646	0.536373384130627	0.682180345375722	0.901665776249155	0.669519753119352	0.907375499684556	0.797298186735622	0.967595015859357	0.893324356043461	0.919781896743854	1.02842439330721	0.760900377591995	0.949498580909027	1.10208826772199	1.20125347741561	1.27902207991548	1.15368710104953	1.06801030016934	1.02061051488505	1.12324535827635	1.03106502552094	1.18716023844582	1.11902835148821	1.00928320122217	0.774072912059601	0.788471061391121	0.888986875860993	0.80702630492042	0.910243307175431	0.702765533301907	1.0983743912617	0.972800208307891	1.15250546021723	0.645326419285394	1.01125089283369	1.12942487638249	0.667083709164598	0.757267057150124	0.775336224083452	0.404300252374612	0.738104966316857	0.468315194075663	0.494798219849397	0.58511066622093	0.908004017901607	1.00469648470475	0.886730955949814	0.799456083742117	0.440725516361621	0.80167930414179	0.271052039332445	0.140180854045276	0.513288511231752	0.359316801704929	0.484753105600417	0.45675407464501	0.380071097682619	0.597286043348779	0.861504743801042	0.488081496931287	1.13371312603196	0.858116155990025	0.631501298303248	1.15165330104404	0.821492394779265	0.73507104486616	0.683533407434365	0.81122691336958	1.01178291861064	0.816317303252869	1.24805630296967	1.0165607522151	1.10298605085135	1.0277931317765	1.11288231310757	1.13213188759033	1.03372504480775	1.00918163661306	0.9985056334385	1.09144726000913	1.20258554684466	0.991429944395136	0.776804278768837	1.06146373541834	0.846295278025759	0.904530623880995	0.694354306201913	0.965183995842106	0.964927268239238	1.10963956065419	0.665401642391121
0.99351613519368	1.22970778179649	0.899410070122799	1.03191487996055	1.03102129870747	0.468454706644521	0.528936545880288	0.398458617877695	0.393332497397906	0.405234658725323	0.885639097201365	1.36473194730835	1.17411688984213	0.720593783767672	0.723843771917553	0.503081396577567	0.839022529116334	0.376725151964785	0	0.426896128466483	0.511830817404711	0.28929436321764	0.429717879874845	0.552371883361816	0.566003463462503	1.16205102658133	0.554117924479538	0.804714920800329	0.729599181902076	1.1838241235328	0.767213642638191	0.935363227633406	0.850688556353029	0.578574502660057	0.960064422603889	1.00843334724138	0.950370253322525	1.08526934029935	1.01700992198608	0.982345615830357	0.853904195210566	1.11881298778243	1.04148057246457	1.24285370945026	1.13099364943371	1.00883098667816	0.693498817372033	0.76090986020678	0.794493790722313	0.75130655967649	0.944625852596556	0.519295464999329	1.16648407735342	1.01449163029486	1.33266115232356	0.461702402299818	0.97820989981257	1.04518107284893	0.847936384817712	0.975847578053409	0.976564488525266	0.528149969345622	0.563292758304008	0.482516817425939	0.632040435828237	0.534557457383433	0.807168373588566	1.13475720034043	1.15516185979525	0.663864971319408	0.652184296239041	0.914850702365874	0.350375852264631	0.318488346177488	0.315599993132991	0.18948250129254	0.42510342997334	0.524734035215511	0.253173353516339	0.545424071639128	0.625793606698387	0.491845531096209	0.920831419416074	0.716287296908947	0.431815202559348	1.10591302756439	0.771325085663903	0.729715710027735	0.707624633887074	0.765594792716624	0.914736025003709	0.670585129909841	1.17785938248523	0.928691922914949	0.95987735868562	0.87321737211502	1.00922082056482	0.906870560264178	1.02053286858666	1.00440664063294	0.958323519063982	1.08277007670838	1.02887169355979	0.898849897102192	0.692761214013011	0.902236395972723	0.889696142477815	0.646737961955133	0.699324947528406	1.03842944362603	1.04375214637913	1.30679969318115	0.456610833133819
0.981065058890708	1.09573892540413	0.666705129332089	0.780358423044147	0.747703906479992	0.515467429739766	0.672929935063954	0.335168948151629	0.509077430992317	0.370667300730228	0.906530712460355	0.985181077489446	0.909959058621919	0.833810202921085	0.710849575784975	0.617914132219234	0.972372025810128	0.332104772610023	0.426896128466483	0	0.392385676450363	0.346687315157328	0.629735655713892	0.552604542811181	0.606018818228901	0.905030157009896	0.471659481723906	0.869225785976534	0.750581778091022	1.0949129525825	0.822629089108975	0.968568707472409	0.996424795724333	0.690820686799418	0.823045974759996	0.855942895831509	0.952782566825772	1.12259288898798	0.891333060815352	0.911220936159399	0.786455125063423	0.900738065975525	0.805217194063705	1.05637829500483	1.0201487019953	0.974850612176163	0.732111243512467	0.904981236826154	0.86908140713805	1.01107914172778	1.13230752620716	0.86369751886624	1.04478996235596	0.8678137212154	1.04647858742315	0.674704252950727	0.914593754596856	1.05429072324393	0.598280089562385	0.724686188697251	0.717218132708019	0.497104698195249	0.682096447686994	0.359853842422095	0.503132406841984	0.396726645716205	0.853537298937512	0.975739184817219	0.879056197558182	0.873657543593586	0.606718217636586	0.823722028610371	0.355889182224313	0.266191080922031	0.468148844090108	0.315809587590491	0.176401098033689	0.431530810359426	0.31691794190269	0.436923647458253	0.75107564439807	0.538066574215642	0.934955881281116	0.685297515546615	0.527731839174509	1.18671857564969	0.699206126752251	0.757573560752015	0.711250926679291	0.74848011610817	0.922507416994379	0.640234235947486	1.01079566263282	0.822481998579574	0.78984548053704	0.7247111555413	0.866534869918437	0.816767929059266	0.842832742196123	0.753685839487857	0.797899258836508	0.98291990027684	0.985077856558766	0.879485036587953	0.805596244590751	0.876482797531629	0.939796019646275	0.872994976044378	0.822652482958536	0.945237420640963	0.88285575439566	1.00213603235788	0.623181283480587
