0	0.239732753597968	0.345701274573096	0.587159661405069	0.721119688820757	0.646030489648459	0.629901712724418	0.672395474300561	0.679292193246315	0.765504673997677	0.493881542133723	0.468613968827091	0.440316811372393	0.681696182110372	0.441561736982299	0.665241376400907	0.557349960170953	0.688202626224749	0.694360181339338	0.776420876572797	0.66491182655242	0.670223553338033	0.604246928208617	0.630396522314879	0.721397293086416	0.927070525660227	0.719505871450337	0.652085769563389	0.69630084101313	0.462640072017398	0.529550936615021	0.676279171400763	0.462047988541381	0.541810940549496	0.631964061584992	0.539690725045804	0.536320762130465	0.605584818242695	0.763863527430047	0.888688778040627	0.575112178859267	0.576667211454689	0.915217912576057	0.465412102791237	0.520240879042351	0.470780923151011	0.977169284390617	0.526268313601308	0.533468611811744	0.558925684080332	0.62811226554415	0.667310446553242	0.574026305209552	0.57850753264855	0.4959778509738	0.582571199851217	0.0696704747602641	0.289488452398619	0.455874804508977	0.647580309575748	0.797054251334941	0.606398741383987	0.605597728718255	0.685161935099562	0.772968260450369	0.753265138847999	0.504331217905931	0.537604348697064	0.486450625310134	0.714665147692539	0.5161011757569	0.590245898627184	0.64846391829185	0.793883379136952	0.75529877703252	0.734581390695821	0.752312936277532	0.685930871674514	0.731423086604845	0.722807652571157	0.929804722275872	0.665111113453209	1.15845460689343	0.675770768160511	0.762024086282602	0.680985439782094	0.722005017580423	0.761328372051814	0.605754794494304	0.51237070205593	0.732828272483866	0.595284633559719	0.687840038994133	0.524271325930802	0.549067225044271	0.50156005954453	1.11194346121525	0.684889342461478	0.53092756601988	0.816605293877678	0.588310716533382	0.616029574497182	0.583592616714557	0.557281911334025	1.03967164797973	0.64046722120703	0.732509152051844	0.752091904036717	0.726612956338831	0.73285311554247	0.503843102340659	0.572276216273081	0.69343389777149
0.239732753597968	0	0.360783050281713	0.267081508970187	0.333310749548542	0.461800200923938	0.52892004703412	0.444717379822163	0.520493709535709	0.500644011630847	0.300749411424217	0.189629612750182	0.224781863413872	0.401610486587758	0.258237946577608	0.397804750275029	0.450186845376462	0.39304375263826	0.450978791934526	0.564315861387696	0.447138337567024	0.433665990840215	0.375271280414315	0.551299532378432	0.588849230290925	0.853120719496811	0.510301528123086	0.449359732516243	0.723107459241952	0.329375204574501	0.525020034079114	0.619691314902678	0.371553843308934	0.520571468371246	0.572478912492942	0.526656079820851	0.501662704733337	0.651679008434827	0.596165616357621	0.981624398543724	0.615213489329743	0.365896916856816	0.790299589971351	0.336324346379635	0.363792156916085	0.319020022880283	0.958827537152091	0.473809126296971	0.468865245167002	0.433097074800692	0.667559142061668	0.496748164084637	0.528468215844671	0.324262109750135	0.371566831196112	0.433222257121315	0.331248477853677	0.0269240140988997	0.42057143342846	0.285883198873068	0.402795763897274	0.453506655612917	0.525282220355861	0.502516224633056	0.69603073624112	0.547910802060566	0.296562134192118	0.217181703943626	0.315828264136641	0.502383575233115	0.366104265708489	0.36639250207429	0.53027305886269	0.583587622508596	0.468673043693636	0.575068771054121	0.539988521804874	0.559555642578791	0.51952561238343	0.66428360215941	0.900332187781922	0.672229609699603	1.17594612877224	0.607915593148633	0.681393286514367	0.653212525222957	0.46807366329718	0.564013539204615	0.655950912249901	0.496848438745058	0.642025217181481	0.452054876413309	0.665213062079456	0.465468982184967	0.452809475532699	0.447869618091399	1.25224898063746	0.686432774331977	0.30488574720644	0.68761074098962	0.421191957125719	0.356613429451382	0.416344149733009	0.357830030272777	0.992681005449228	0.590185366962337	0.67338275252822	0.627412247237114	0.593620985579243	0.53282594761379	0.278210982613807	0.440781767529289	0.390672104318059
0.345701274573096	0.360783050281713	0	0.312779895215465	0.331840236169285	0.415748955622727	0.589925607994868	0.427144180300652	0.497370425413368	0.504050108351587	0.56069443173253	0.528312440540006	0.542200102004549	0.509170495933158	0.478278257232561	0.497316917727573	0.647081165783011	0.486850944343705	0.481037185232265	0.545942119711548	0.543932260283491	0.501472743902819	0.622390338224964	0.533923215451414	0.49749473336931	0.760406323974987	0.501920088767551	0.656004055013157	0.597480616326139	0.503143405635802	0.605342485159438	0.765175602693097	0.528209794230025	0.461785476418431	0.490847478978963	0.686417592641758	0.73573499187211	0.930501260374175	0.69647863323705	0.888799312923654	0.683058602813173	0.569235796109162	0.581391683452281	0.703388463205662	0.573215964274899	0.532480859698912	0.726793812270201	0.764865123721921	0.72972378600866	0.588566402280804	0.929872286315786	0.618664223963714	0.68642890955703	0.457839454198649	0.617752046605835	0.750214859931926	0.327987300017585	0.377501729429449	0.102188360880771	0.358141373666801	0.377856163000133	0.39817812315025	0.583745370546334	0.467815903170298	0.597664304873463	0.490467570846109	0.523812651086673	0.54859619382337	0.622378349851454	0.579701759412834	0.50110313353569	0.514085647981783	0.616578150850233	0.53103123606982	0.507197938403143	0.541964698434275	0.536916476234921	0.58486134173752	0.491816843611876	0.680448509509884	0.792582271674774	0.585412890625664	0.869210060995441	0.473480307651245	0.556382817289339	0.581868980107883	0.680247487256131	0.604156422574643	0.751972451824366	0.672065575210539	0.654552001607486	0.474219372063399	0.69915765840459	0.692547654653236	0.703560262184563	0.640328474004019	0.970198838414309	0.72538622128913	0.551800382014789	0.575979410659199	0.635231347010511	0.676516646714666	0.637642607664722	0.528996492854069	0.764885615763788	0.67658588022644	0.881016814212619	0.749043091250946	0.527716066931163	0.710330589621886	0.412660438340523	0.688744196018149	0.566199140074096
0.587159661405069	0.267081508970187	0.312779895215465	0	0.107463143759744	0.309132956242786	0.478740262364528	0.294891752939053	0.365718200188363	0.30647715602574	0.454894495663684	0.321743257649122	0.372996352258652	0.33909856639586	0.321731792425154	0.371371741099716	0.679698186812686	0.289310496890254	0.337057200970948	0.40826666073668	0.368015498577189	0.365780976679457	0.35704692127113	0.458781620963103	0.465775182252684	0.761267595328353	0.43865009989625	0.51614721063687	0.657884803805581	0.431477539816022	0.571022443451418	0.701647354299712	0.424482972773686	0.532334575502627	0.42687347752	0.650361210131035	0.56665909315198	0.849383789092716	0.476153113691705	0.914350399276798	0.664883815384438	0.395439474506603	0.594876997220375	0.506388645912541	0.449783500853497	0.362907417896629	0.754526063550361	0.600103412781516	0.5379776700567	0.461146187588771	0.852782639565718	0.476354989056897	0.626557711938274	0.207397964612196	0.511088362188728	0.52018331627447	0.653049690578372	0.24925009382459	0.285009578690925	0.050779078250765	0.133397220854587	0.286751870202842	0.465897030104703	0.337719494545761	0.56762099972592	0.363491902423779	0.378645051417504	0.271708987329161	0.447210130344584	0.450092683962905	0.367532821600792	0.312168505878217	0.516968586941928	0.379748681890113	0.355237896114517	0.420762621565963	0.380853544287168	0.444188391823788	0.389661411119599	0.56718649924101	0.781909761212988	0.603986917006251	0.985950997339614	0.482796828620701	0.576841231300577	0.65044480994438	0.456450263465381	0.578795251968765	0.737118765044489	0.585337281887608	0.552895591724719	0.442721037433482	0.692405047294568	0.608739767920669	0.541529936104573	0.582919294751962	1.15417717832492	0.784322287451832	0.368621933944399	0.571653208868874	0.528138343172048	0.397370782805772	0.511232645566861	0.334595212337149	0.816915493450187	0.594956318729595	0.745107586343599	0.650096581071118	0.518049962762915	0.52335638811801	0.206071651810652	0.551726712014367	0.300608620447921
0.721119688820757	0.333310749548542	0.331840236169285	0.107463143759744	0	0.335968903069093	0.534236416535584	0.29648694544057	0.397147593399662	0.297947645682226	0.551136932357465	0.376744386000223	0.424463408342741	0.369821094584336	0.407909346897784	0.374475642643832	0.71301893614495	0.294006274557901	0.341355597949992	0.423983098161851	0.40026109269477	0.352217768302866	0.425977185295518	0.574004361123739	0.507207946640786	0.716615527511588	0.441272654194681	0.518284077702718	0.686028516372185	0.42882034590482	0.649282654880294	0.749905736878961	0.529799705940777	0.592478832443127	0.531056459034598	0.713030320159548	0.703064104501429	0.947106134351556	0.521785969539716	1.04951459802368	0.756680353760383	0.472292112468943	0.490306829994239	0.591614870897772	0.522935179036106	0.424541683158436	0.811568048879857	0.705746122342387	0.652275954206517	0.566139111034681	0.956681605606703	0.538690965514872	0.72586973905993	0.278979417480564	0.615530956962214	0.623973910937139	0.754345177069058	0.291295447597891	0.298977508026128	0.124648909870481	0.0378583242613879	0.359047190227814	0.557575211299106	0.380206567072798	0.586907587956513	0.367054225163049	0.430006870535659	0.310368536962437	0.490406141778765	0.461112151962104	0.460537324752839	0.393017450740093	0.551705103365863	0.384612535261853	0.310179720459822	0.40119942745853	0.421569190694654	0.545833860036466	0.353667352065696	0.668336307772591	0.761495593551678	0.704221119422303	0.988783527832026	0.558084592335787	0.580008048606935	0.730277694354271	0.491058616359386	0.553141923840112	0.78856832827735	0.640158821455755	0.659187114398125	0.486025352070264	0.77946235965821	0.686511347464238	0.644908325730782	0.671043069159994	1.2154984525353	0.865977142860024	0.415431967912811	0.477768937316151	0.582954103666816	0.461516793727415	0.579598699480888	0.361881537583959	0.856048854679324	0.709942681845115	0.763367583949429	0.772507541937077	0.532974984429059	0.544697038108933	0.314242914284116	0.647731523843473	0.351507237405779
0.646030489648459	0.461800200923938	0.415748955622727	0.309132956242786	0.335968903069093	0	0.201937339609757	0.168623458001461	0.301503259720387	0.334415442111717	0.475816535434224	0.545715518069676	0.516159440356435	0.381653962174334	0.365030397844183	0.266689868696438	0.647104090574785	0.271123201891278	0.269213916669298	0.412705573474277	0.249319542760923	0.318408987595839	0.449554241469618	0.4764300236313	0.415087248941377	0.702782814583627	0.427152348452108	0.634386212396608	0.503610168339541	0.493808077136226	0.589762140969288	0.700707579570126	0.476583124957935	0.482920067307003	0.449583189054788	0.608453003878662	0.52542247616059	0.696368505724019	0.564048945779275	0.877564123512401	0.546400749000681	0.460968393003717	0.58841066899533	0.544318089867618	0.431300464215345	0.430929639299878	0.748208276096526	0.623117403679281	0.659734718506807	0.471383743545878	0.776280375863028	0.42832573486663	0.65111009063257	0.38325888720337	0.54805270613779	0.696244495576242	0.754195336411137	0.450399734959637	0.448846425551447	0.316030895091122	0.319770008343717	0.0770214836998293	0.185247073003102	0.161744427386111	0.359154952568158	0.326018154545491	0.395309678827275	0.516316341896977	0.572418991213739	0.348512947900407	0.211195810263225	0.313206401187114	0.391160282017799	0.251322816780319	0.335427329909225	0.338142815443757	0.379863211385434	0.295660174795498	0.323865894047908	0.659236574265762	0.792568280202037	0.573941721912289	0.861944767873362	0.46702889809135	0.46573940885476	0.672142730755947	0.454866292264801	0.430693511307277	0.70887035052478	0.589288071149682	0.573746095288991	0.41776951896288	0.69469214542104	0.578300896494553	0.596216302380765	0.511057187692135	1.05733886222458	0.715569218547014	0.524935767773526	0.595458731255928	0.518447927105237	0.517730364332273	0.476879841538933	0.412280576907525	0.756019811604974	0.6833414983636	0.668640210126319	0.747527985298763	0.386008106081889	0.640915878793906	0.388556632561221	0.602612127374257	0.471103227749429
0.629901712724418	0.52892004703412	0.589925607994868	0.478740262364528	0.534236416535584	0.201937339609757	0	0.311687934116269	0.414754309821241	0.43360505752452	0.55796356190702	0.565064074373123	0.596764689233892	0.570148655474286	0.479925597121538	0.477297143101442	0.604529299868558	0.445194653467393	0.4073373667337	0.48683602672412	0.440386367213266	0.389600549571914	0.447164764145084	0.47134422565179	0.450860610084722	0.747031374879956	0.404241689899957	0.635444233714871	0.558174090971446	0.566706512813299	0.573345581820893	0.684985518333455	0.421285395274347	0.546211874800436	0.527693750920532	0.603315683833284	0.466260972698563	0.573457263721322	0.502647327479956	0.829281090696791	0.408708179099043	0.442045062998436	0.627114150564805	0.464967679634078	0.451972148820498	0.419277953338351	0.755741198127091	0.581950155428551	0.576302954928667	0.466157929290909	0.591850218658003	0.452062257288297	0.509119225408098	0.364091646244356	0.447199688559711	0.641269386596676	0.710910516695204	0.482773204524273	0.601228910239135	0.468231208970822	0.544456292243266	0.260084985063239	0.0309690518714382	0.303473288283701	0.481711754412629	0.424508471281038	0.396127849715035	0.504432720439256	0.576263763988274	0.500515335745293	0.325880841039722	0.421622581969592	0.409964071155329	0.424182198721993	0.445637947269679	0.462665834815149	0.475899208496666	0.460774654421111	0.388526520880942	0.644024510375601	0.78218284441019	0.586963870527558	0.935184998210321	0.413735638679623	0.450864414948793	0.613509240023966	0.465493601506639	0.532703039387407	0.646000102747032	0.529295830940361	0.653525468218207	0.393540443720904	0.684101872772981	0.497528236572463	0.558673351059269	0.379113707656043	1.02624927559812	0.562540533294644	0.453091945835125	0.60537062849706	0.554253254845071	0.464080667673225	0.429504819650067	0.427376041057181	0.737677316299981	0.674108339962327	0.625830104137393	0.774016569161833	0.408743361096056	0.558613873503129	0.385788705615671	0.440010317521784	0.512654635368897
0.672395474300561	0.444717379822163	0.427144180300652	0.294891752939053	0.29648694544057	0.168623458001461	0.311687934116269	0	0.138541635560766	0.0910985426409027	0.46251403512413	0.410430359541436	0.46179732441448	0.290928393980138	0.342239690903841	0.298057357961812	0.576948103483013	0.10139082337095	0.099706864992487	0.162700444848205	0.214088981511976	0.170976400538124	0.302402531707949	0.419579943724074	0.256407984389607	0.563130257428431	0.269457293001418	0.400364012223827	0.465405704871876	0.390372371045318	0.494848318432426	0.600265226646452	0.336272707982956	0.366065727096308	0.357105897599645	0.585512314677567	0.440838527919728	0.752611694831504	0.465061423372317	0.926124629449503	0.552960882968731	0.300887430872222	0.49318599731596	0.486523847559265	0.354031350900303	0.365901308580853	0.678556247664055	0.605864009706779	0.61173465485031	0.524101403247488	0.843302958325295	0.38885526949254	0.573030608100191	0.312522812952711	0.487805226069705	0.560650943249122	0.768825712070219	0.405708486625807	0.416007571118104	0.289217811153303	0.284438200358878	0.168066279168744	0.317991125056724	0.0618417866640961	0.238071167364966	0.0933291669451206	0.368266710219877	0.382427350921639	0.514054587854118	0.296439624538057	0.335557223244161	0.327159142304876	0.336669685547388	0.171916630304156	0.182637385297261	0.159860285226593	0.142198580647864	0.234677236281552	0.15808620003644	0.464647542518582	0.721302457761639	0.505755451133664	0.77851948835198	0.335405304818178	0.347738114234972	0.538449349776276	0.309271773526437	0.352462730058419	0.69202609871607	0.49713737790449	0.470557231792082	0.230376664659049	0.564191099980643	0.504455850078286	0.457074139681864	0.431675682785336	1.05260581419604	0.561428859780872	0.382914462425343	0.464305313503215	0.460216607861571	0.384031449732778	0.399270839779578	0.324189364217952	0.677341343105568	0.568268059094087	0.588050454034541	0.804263850610674	0.253942860670368	0.500116656805112	0.319546234318979	0.542058354381895	0.304357068094686
0.679292193246315	0.520493709535709	0.497370425413368	0.365718200188363	0.397147593399662	0.301503259720387	0.414754309821241	0.138541635560766	0	0.174627718443075	0.520864483278705	0.430576005914605	0.498589737876955	0.35889674366604	0.398285529792547	0.386421202849598	0.574645299751464	0.190231149594897	0.164305842100748	0.196629274707984	0.271518608985877	0.222285142059101	0.372261287871655	0.450172867530764	0.255356974344003	0.594110680784254	0.316040879431123	0.471027359703694	0.535593507968803	0.439378784194576	0.534224274718259	0.586231958370219	0.3647520450974	0.413405385718431	0.399433670080016	0.645202650439337	0.498457173662717	0.804233922858488	0.439106960376978	0.922127017065214	0.567302811019691	0.344750618496486	0.503045235103523	0.557823570200233	0.403693334571994	0.431894050399303	0.683737399140109	0.673033950004665	0.616565526346026	0.616535564048413	0.889910003601607	0.462031929829495	0.569469366669691	0.374503140757877	0.513497862770063	0.633296892406094	0.758350180757222	0.490766608101716	0.457793492815721	0.365510531831784	0.390149791429297	0.268993326382546	0.419281082358807	0.194151651216536	0.244062448992145	0.159295770818342	0.395402322214699	0.422464810772131	0.498679860096472	0.346013261207856	0.436184097084957	0.355093692625793	0.364490377200891	0.190472045703571	0.220395328064938	0.186452095104947	0.202670355374144	0.257073615836539	0.205169181273426	0.478712200236878	0.702707813173583	0.520230150733167	0.797730609052593	0.339379717462769	0.366385574517111	0.562326010077842	0.317411766442141	0.492826665300169	0.714586512806448	0.521717382570913	0.449491239314218	0.274011825760147	0.573781879357463	0.559304816806648	0.514519178965761	0.473178456553725	1.05047471195158	0.566777082915712	0.425665002559359	0.444569271062181	0.601509843478214	0.452400771247617	0.479693647596255	0.399682516176966	0.687126620129913	0.648405900003998	0.638362866376278	0.894664620695587	0.331379278187249	0.496282854420186	0.342587096359011	0.532076210374743	0.388982008907071
0.765504673997677	0.500644011630847	0.504050108351587	0.30647715602574	0.297947645682226	0.334415442111717	0.43360505752452	0.0910985426409027	0.174627718443075	0	0.560562955666977	0.401675413218446	0.511142187591698	0.405841408439047	0.437993056838247	0.428920973127477	0.645224225185011	0.15015566515754	0.171828098656665	0.188923607527939	0.354562419942948	0.209195526988677	0.278013936793009	0.4473626959118	0.249594264417368	0.632698761374757	0.241602685213248	0.364592693742995	0.59467423203008	0.439650220490444	0.532039994983353	0.610800939789446	0.326760813508709	0.446712433430313	0.397024439616744	0.646429384556683	0.483821395034258	0.784291666439759	0.395827186336988	1.00906352070247	0.604475747164445	0.324748185235539	0.490465422338693	0.52079037949915	0.393473182397188	0.35594835114373	0.724212294682773	0.639178610869705	0.583889865913676	0.571358643526552	0.877392293817028	0.423614494527852	0.588927456967354	0.30119436656416	0.538307834960572	0.502593707622894	0.847821939247348	0.450150605620341	0.454403113036157	0.284261829481424	0.299541441029886	0.313114021591362	0.460997996785962	0.220238386449435	0.334158180512727	0.0528663757017998	0.442487887256808	0.35937973083497	0.551117707570531	0.435868046457215	0.520861147056491	0.412695901297513	0.408149067599725	0.282084869221314	0.203037393320673	0.201744450618433	0.19586323785915	0.362672351198867	0.191192002175887	0.442722435446015	0.668799539120162	0.552182457470885	0.86128359240592	0.357121105875392	0.382414736769039	0.564218009627884	0.338079673424292	0.462505145864133	0.72110707518381	0.512781050467418	0.51823483176481	0.2474689007965	0.548666142862873	0.563576550116759	0.453445873784946	0.467840665881529	1.12833247419506	0.621914444928572	0.384724331859554	0.447656537322469	0.51838805909633	0.342597538480273	0.438011765605186	0.319810443763103	0.713464455569787	0.575175819307412	0.573604845535173	0.846111495565504	0.320722514874999	0.482204844436715	0.330124681651341	0.562109105942569	0.215907829175271
0.493881542133723	0.300749411424217	0.56069443173253	0.454894495663684	0.551136932357465	0.475816535434224	0.55796356190702	0.46251403512413	0.520864483278705	0.560562955666977	0	0.194051671642962	0.195414262450918	0.312983350567514	0.314519571239189	0.371010143360134	0.310805491693244	0.415581476222318	0.443934152538867	0.559948722848815	0.460330195891463	0.504721148432071	0.390570446792143	0.559483509007767	0.527955022109971	0.76682207292347	0.537716348478228	0.302632295385225	0.601906862022557	0.197219733208777	0.321229968128288	0.484424079840265	0.326637991662748	0.326886517781492	0.61889474983286	0.314516287389392	0.457621620192304	0.578567441261205	0.711670400936494	0.853522508887044	0.50534684561702	0.377895213350068	0.938651690980031	0.357324522673533	0.32979510466501	0.503900252261388	0.909363871426949	0.406695639520468	0.548468671626319	0.559750887304566	0.693838775601022	0.479424275753178	0.394293109281156	0.495159159965618	0.377720566503384	0.486641714316365	0.64040328343847	0.333222073674127	0.617543167922308	0.505391850662869	0.593537724141336	0.488860778682966	0.514230952863433	0.485243104875886	0.639375796149665	0.546124697245613	0.141611823653595	0.365107565137097	0.286742609817567	0.331077259983579	0.360732705075438	0.441662163091924	0.407596408153769	0.522352454349114	0.466464167851172	0.542879127189784	0.503380249103458	0.526404067886872	0.532578136353682	0.538375069620865	0.873393625184966	0.574613966452584	0.963303507133427	0.523173544926191	0.615485279774366	0.646983834854363	0.362650334406998	0.435209733810671	0.427657284188894	0.357139635526496	0.508748106941294	0.412377806359298	0.529612910195376	0.325687085575455	0.396881638029008	0.355645874866644	1.06150448847517	0.553253314798744	0.424114055876787	0.801267250844044	0.40978025463567	0.390554599458427	0.407376929739264	0.504810434012384	0.911105523511714	0.459657039517527	0.608296362081735	0.730255213053058	0.527161786585034	0.532037981364117	0.42885827870628	0.455399807121627	0.483594236246142
0.468613968827091	0.189629612750182	0.528312440540006	0.321743257649122	0.376744386000223	0.545715518069676	0.565064074373123	0.410430359541436	0.430576005914605	0.401675413218446	0.194051671642962	0	0.114726908152147	0.349633115573502	0.254599106582982	0.399550893317106	0.292844313841663	0.347230652145768	0.389639446752702	0.450196787484519	0.408971423264915	0.382371426085947	0.281174695156346	0.529285521397736	0.434056685249082	0.74507520465889	0.409697284696546	0.254341943001669	0.649515047479338	0.216201097107981	0.376944893591027	0.394664990030958	0.231437646451416	0.448624344961953	0.581242545003431	0.469651964166813	0.411306754341175	0.60791142629222	0.495462935674687	1.03645876172117	0.498976393948991	0.190620518340169	0.806153848777716	0.244878571536393	0.275679642678161	0.337121874158056	0.976096607589448	0.405783902309317	0.401146084068155	0.55143158468327	0.659225404104788	0.413041020414568	0.301555801633038	0.281640251286666	0.249579453196714	0.362880599323231	0.557861023515676	0.174478547234202	0.535537361910192	0.339082187758622	0.443385371230311	0.520124312943886	0.54339765489698	0.480335310722373	0.638735150416083	0.447780339933375	0.156417020208133	0.110110919191021	0.171463258167949	0.312852195511582	0.39050339218489	0.31649601766111	0.366783875474887	0.501840554754062	0.376733097630776	0.475980347945424	0.42442917292027	0.489256029762841	0.422988861885931	0.483038127276494	0.864601119503018	0.594798494276447	1.10963695151747	0.456615822984956	0.558960294984762	0.542318569501548	0.298531902433922	0.477474139079172	0.555377306004239	0.376826053948173	0.432442215145715	0.327680598791866	0.593900052643507	0.344450347923228	0.304919596825814	0.303591692660266	1.23560130652805	0.500220952554277	0.169041346957849	0.671475617245502	0.399368557995466	0.216875864817443	0.317903799381455	0.359317161388633	0.934420882260128	0.45660323528827	0.551025894774091	0.782603076559152	0.446639902145445	0.275188208388396	0.220618526503551	0.274493397076751	0.340456936289728
0.440316811372393	0.224781863413872	0.542200102004549	0.372996352258652	0.424463408342741	0.516159440356435	0.596764689233892	0.46179732441448	0.498589737876955	0.511142187591698	0.195414262450918	0.114726908152147	0	0.382633263468373	0.197202233253501	0.392963215812865	0.325055416493065	0.419179424762175	0.442050700127804	0.609064409938039	0.455572861510354	0.482389591283801	0.399471110011251	0.513388881590022	0.562082416084401	0.842171587993244	0.506964545227738	0.388715038164395	0.649977191182338	0.1495350888466	0.23699609126378	0.362759190557911	0.310863168170569	0.417601245640307	0.564627666274891	0.366994121990185	0.388546171238065	0.574077308200817	0.623775633993303	0.979948803091838	0.47007722951798	0.26849878046467	0.872530389992594	0.289500584065225	0.298499696449424	0.384749091160166	1.04925278079102	0.415298177664345	0.444512335322795	0.587476379474935	0.71504132298141	0.528502086301468	0.364742158081749	0.404433719113383	0.366713076655474	0.450231137451358	0.529027974011366	0.230292100248918	0.526617498236921	0.371577848699545	0.483396071577215	0.535576897545508	0.572913824598676	0.520259841155517	0.67893657210944	0.540092732979855	0.210578224620385	0.267541656080146	0.101373580615287	0.368202196293139	0.355064976627138	0.379941843044818	0.434376354596412	0.549871609350115	0.457331073121724	0.539876642446808	0.553509811250102	0.566073318117533	0.517790422025481	0.594420561363722	0.805662984700338	0.582050774839459	1.15366016512308	0.620941163560311	0.627446486782136	0.678415411826934	0.424370622845809	0.447655570115809	0.456194231837753	0.297321743189216	0.482731383445868	0.486641325879059	0.594930136448133	0.344324745979142	0.359519189042034	0.346887158232923	1.25321556885234	0.606634640406818	0.286494229321774	0.754899614717501	0.429132882869068	0.357330281384836	0.385135213599184	0.450823492113781	1.07348789580847	0.506347445593085	0.611820141318013	0.80158970082136	0.611902775227225	0.447918410932349	0.309234804400645	0.420643183740257	0.466453563864188
0.681696182110372	0.401610486587758	0.509170495933158	0.33909856639586	0.369821094584336	0.381653962174334	0.570148655474286	0.290928393980138	0.35889674366604	0.405841408439047	0.312983350567514	0.349633115573502	0.382633263468373	0	0.28959573666781	0.195746937072369	0.593091320591954	0.170640813214245	0.224006386170449	0.34362666254449	0.314095813405582	0.360375164480019	0.356391161390171	0.472897491207	0.448329309314152	0.618545251283749	0.488861581474385	0.44676926545568	0.582349151126955	0.377987149107889	0.507488982116026	0.649204855310394	0.444873433820702	0.408619720305755	0.535673457662192	0.621175092004203	0.580822839028473	0.940607969611011	0.640593941007677	0.864580364576023	0.761150579134617	0.405968077040233	0.71131990475696	0.612293623000074	0.487025358793556	0.555903586919184	0.76272911920121	0.687284959501356	0.708490159074124	0.605475083786175	0.971582860028225	0.494881707974406	0.647482476681413	0.518872991918128	0.631645604380433	0.565408578308403	0.789130327921379	0.40127652701257	0.508052126846376	0.343907399216888	0.369955031833833	0.423672214962544	0.544200882091764	0.304097740452022	0.507220021263471	0.412698516125212	0.335801348922296	0.36796438954447	0.452136718477921	0.242029713444257	0.330690563709315	0.4088113370938	0.349661007576499	0.232576378330935	0.316719618356916	0.3342415927144	0.313366957366857	0.353596218044537	0.381133946070668	0.480791439439341	0.719291415505336	0.540986967615613	0.701130261581626	0.478515848404615	0.578928562014843	0.714016600349131	0.350224882483227	0.439087768356279	0.652874981962148	0.549461434703175	0.436070303225093	0.330502045162068	0.716846995962501	0.63595031754779	0.547244006937835	0.55971193406613	0.998301643309845	0.674992414356204	0.49159427799291	0.652304631368937	0.619176824395472	0.478067881279589	0.563788578146494	0.493866134433641	0.817039067605858	0.637165662652824	0.741037185198295	0.702168383154761	0.454637690098547	0.595200471023584	0.485013273192654	0.690616031993798	0.363787065978427
0.441561736982299	0.258237946577608	0.478278257232561	0.321731792425154	0.407909346897784	0.365030397844183	0.479925597121538	0.342239690903841	0.398285529792547	0.437993056838247	0.314519571239189	0.254599106582982	0.197202233253501	0.28959573666781	0	0.198774217742008	0.537040185748177	0.255831457646312	0.276563319742676	0.450910775627868	0.243992380928919	0.300747469654682	0.318906977917626	0.43601138304006	0.445322317039385	0.836047377593031	0.438874148815481	0.478525198319118	0.675302287382056	0.309126546750934	0.431687550718861	0.615284827402899	0.409864556533188	0.548526111488516	0.534008268789019	0.581753684983955	0.425188619383434	0.717072177054108	0.551164706204016	1.04836523381144	0.607996198325814	0.325408951880785	0.82799473957134	0.437238401099359	0.457916740225582	0.447436862857765	1.02931967020184	0.525965825026537	0.549548442230522	0.575710904645084	0.760844854707413	0.413235593974518	0.56892858036156	0.424169180170056	0.4781699832839	0.432450051138759	0.552530646178404	0.271408959312116	0.450767905776802	0.318868310237669	0.438493988065978	0.37675121418488	0.479554810116476	0.357981599751995	0.555807021425267	0.476753889384967	0.315074091726743	0.299900941282867	0.249130025387588	0.295640741933688	0.201272970973084	0.219706588983104	0.31811540239921	0.354405745526575	0.377499594518779	0.390820303168104	0.439479706599241	0.33831200522439	0.373335983942539	0.494141147847955	0.65663721315289	0.535442250556695	1.02039553996469	0.50270964114848	0.526979463670882	0.642951616994025	0.405646664364946	0.443635110238077	0.627086502672504	0.452598122568211	0.396753682334644	0.422095786219156	0.738287034821061	0.495283320951154	0.421999642760749	0.452924823779945	1.25895585949253	0.633301565125101	0.389777122552252	0.754963379166337	0.487196712185521	0.425530712130867	0.461748940623984	0.463490981936183	1.05635838964756	0.58735520257486	0.534486273953064	0.777698756994479	0.477376833247039	0.505365379280208	0.345202359686945	0.506076872470764	0.383948317302369
0.665241376400907	0.397804750275029	0.497316917727573	0.371371741099716	0.374475642643832	0.266689868696438	0.477297143101442	0.298057357961812	0.386421202849598	0.428920973127477	0.371010143360134	0.399550893317106	0.392963215812865	0.195746937072369	0.198774217742008	0	0.55533618031014	0.193949970659017	0.22157593343413	0.3693200629789	0.202112297642966	0.230183339952397	0.376738031751808	0.525999609295239	0.444806345566201	0.633247246887199	0.398283566430197	0.534586964415386	0.63384277352621	0.433613137583328	0.650430158276503	0.732362686126352	0.521390602786649	0.560818349228202	0.591641331336005	0.693068345665141	0.613450701896671	0.855995940167792	0.611239669107389	1.07853777069092	0.786017967128035	0.426679788500615	0.700088926466321	0.629980246031167	0.518039639751401	0.562557139683723	0.904459203964316	0.688847082346751	0.776486895963837	0.585093880726836	0.86163837330624	0.411153850299953	0.729405211766789	0.527014639671928	0.610700943055286	0.596215409543159	0.777184107327668	0.387953243569987	0.486525588260814	0.354725845949043	0.383572219898077	0.348854213291253	0.472806553373442	0.27477489858395	0.476215633530458	0.467179740000767	0.37360943933468	0.402862789338997	0.484615639596316	0.214998645086909	0.207417110927418	0.211184459835114	0.236780246289625	0.257235137712209	0.304327577597527	0.321526299755324	0.362842533203541	0.279177462111202	0.280058885266565	0.59586413079289	0.711648366787582	0.600696162245996	0.860837702456909	0.501922168258376	0.483727978878026	0.678058413190582	0.378891203666555	0.381925616511273	0.783887013870731	0.661863206100945	0.379760975943198	0.436553132749896	0.822291956499555	0.658220535553994	0.596468339490187	0.58226093229403	1.19223090786593	0.713969772950565	0.523032750469705	0.636627977960628	0.580460454430983	0.52295833063865	0.540787583527036	0.509258775672673	0.900718061277424	0.760633743882681	0.599952718418614	0.7733656866031	0.4195623686414	0.595188540399349	0.486227635329387	0.651542387458591	0.439354987812238
0.557349960170953	0.450186845376462	0.647081165783011	0.679698186812686	0.71301893614495	0.647104090574785	0.604529299868558	0.576948103483013	0.574645299751464	0.645224225185011	0.310805491693244	0.292844313841663	0.325055416493065	0.593091320591954	0.537040185748177	0.55533618031014	0	0.611213090519846	0.576053355215829	0.625357376134551	0.554684752209856	0.556310079868451	0.623897124770577	0.603346241849872	0.468061658753464	0.621349031607769	0.438605748347803	0.503747805183127	0.628799576480862	0.439503274765777	0.478263778138773	0.404340238928554	0.367492681456635	0.458476086707579	0.675384310795552	0.599533819335181	0.564401769344833	0.613702775869612	0.640618035561057	0.971347694502983	0.421038154115402	0.389977341737327	0.812234764085982	0.465911578844958	0.336926218663909	0.586753273171417	0.876749323380001	0.642843518462469	0.628859472195859	0.656806742169007	0.674969630460431	0.612196906365554	0.375949508508653	0.561636317985124	0.375807258423766	0.736740028874724	0.630781557803829	0.45856522179041	0.739846887530278	0.69710823430046	0.767531561742895	0.640590417139414	0.575163541135419	0.593403573561358	0.715673542762588	0.654068998826885	0.275402527213541	0.490646943911331	0.342813183355325	0.445730348926412	0.459193446331228	0.454524868818216	0.395504386113558	0.640303230843721	0.527669030764873	0.640038972651249	0.580485690716543	0.572871008423577	0.546031249582615	0.61895054913684	0.90443544996162	0.562010161144596	0.967819439828627	0.49775907262462	0.471707799291441	0.548503034487799	0.549225465800161	0.458844005960422	0.641268472651275	0.532711508897909	0.470500628480522	0.44727121125183	0.618712091007962	0.489740247960733	0.53213757283604	0.365533872603028	1.05217604909754	0.43418313359299	0.359430691140487	0.697475115794717	0.543498788660041	0.509922983384236	0.409733596522564	0.6424079376747	0.80970480057391	0.715983415155754	0.810515311748452	0.904021091921894	0.535665395021195	0.52145267416639	0.475006392875562	0.438415359125548	0.727200677481972
0.688202626224749	0.39304375263826	0.486850944343705	0.289310496890254	0.294006274557901	0.271123201891278	0.445194653467393	0.10139082337095	0.190231149594897	0.15015566515754	0.415581476222318	0.347230652145768	0.419179424762175	0.170640813214245	0.255831457646312	0.193949970659017	0.611213090519846	0	0.0714126721549045	0.161442031962418	0.220959359517157	0.152765835271457	0.267709162723279	0.438599883887484	0.273627594564505	0.643760480860561	0.286971171785935	0.35906290723891	0.609900589648013	0.37173392559418	0.544043466721829	0.648689731303591	0.41814596871337	0.475599976489794	0.45896129913767	0.658179351574569	0.522119714627484	0.875130751245459	0.493966292305549	1.04407536177905	0.701890193637067	0.328021723790688	0.56328502016786	0.558895331524053	0.444668378003554	0.464088917118832	0.8031855080807	0.689900748125204	0.704687286785323	0.630549238934511	0.989230955396979	0.41280629403382	0.655114774513788	0.376398269384818	0.558971899774923	0.520151760402824	0.802492709040343	0.370794023982574	0.439984129549407	0.270045556670129	0.284660620761905	0.290521205330542	0.458415056417447	0.158267473876959	0.351018819807632	0.160501894784017	0.326047609485356	0.280648963165806	0.427174796869809	0.258941782664558	0.357221850475423	0.297744235975097	0.265817280740045	0.0968670954700005	0.115118972968862	0.160820909905535	0.179318659574508	0.247723006459972	0.156736805224313	0.420278108751569	0.583595218282299	0.531821099468616	0.780817014807168	0.370158526291047	0.396881734251813	0.63161419328678	0.213467313287517	0.398012672826199	0.675163061715236	0.498065100519572	0.399330052858366	0.229956676925042	0.670894684215666	0.564344435767369	0.471718323859901	0.489054794785332	1.153384966447	0.641059508229135	0.380370732707705	0.507778750484093	0.546742622019314	0.367503341169976	0.463108299410397	0.384002368755452	0.806729646407856	0.587033197419994	0.560816720471491	0.812491348300467	0.307079242272172	0.431592764245772	0.360367086700688	0.55260402809454	0.221606807085818
0.694360181339338	0.450978791934526	0.481037185232265	0.337057200970948	0.341355597949992	0.269213916669298	0.4073373667337	0.099706864992487	0.164305842100748	0.171828098656665	0.443934152538867	0.389639446752702	0.442050700127804	0.224006386170449	0.276563319742676	0.22157593343413	0.576053355215829	0.0714126721549045	0	0.112383138624439	0.223844280528261	0.0980280790321215	0.317210189096546	0.394583107507377	0.212187674848345	0.54205683379193	0.247323782586577	0.370618425941453	0.509656922612645	0.371644170077398	0.485464584987336	0.551150591210446	0.396371509578665	0.398879012961727	0.376860698278424	0.64712509190745	0.482047458353945	0.84179625049702	0.458131337999947	0.943244518388625	0.63252681324672	0.292353505517264	0.510993982884358	0.571931360349422	0.397050655578609	0.468438112192715	0.730406947562007	0.706442004324211	0.679231663503076	0.661742749956394	0.958586324858421	0.434517915392947	0.57189998834411	0.374332785495203	0.517096862794582	0.597501006355958	0.79418633118709	0.420942429855257	0.444434988605437	0.322724782560908	0.325302420469682	0.25940891339285	0.431872010240781	0.121427949364365	0.257657478352323	0.161906641857429	0.363824505511555	0.363048260230667	0.463017427779521	0.278971335625764	0.342193087922874	0.293447961491936	0.269394222644438	0.12030654939503	0.156416526983069	0.0891148107935089	0.139649137530718	0.210418718069256	0.104154484883699	0.435041806252813	0.584764222630902	0.492599610127913	0.71583565472606	0.31817791724502	0.342327670506099	0.570227464975688	0.248719588490029	0.402127917538708	0.678054806691896	0.503211078599015	0.381213543050248	0.242581732484997	0.610826124669277	0.549607443117658	0.497360132227362	0.473853266159333	1.07284395605634	0.589679199394197	0.373114247767591	0.448273870065183	0.559327979273095	0.416883516266795	0.447972809754006	0.402750199873622	0.745888299212285	0.634964798585319	0.591474556043282	0.897483488166976	0.291255008496906	0.475704480732186	0.370722058508477	0.542111106370921	0.325072171975136
