[[0, 0.88, 1.09, 1.58, 1.63, 1.47, 1.94, 2.33, 3.24, 4.09, 4.51, 4.4, 4.362, 4.891, 4.498, 3.61, 3.31, 3.6, 3.9, 3.92, 4.452, 5.53, 6.139, 5.405, 5.0, 6.059, 7.514, 8.594, 10.068, 10.769, 11.476, 11.838, 12.296, 12.17, 11.477, 10.68, 9.837, 9.03, 8.83, 9.04, 8.767, 8.865, 8.51, 8.197, 8.8, 9.197, 8.171, 7.577, 8.791, 10.114, 10.762, 10.905, 11.077, 11.345, 10.639, 9.59, 9.014, 8.941, 8.578, 8.173, 8.692, 8.673, 7.847, 7.418, 7.2, 6.86, 6.84, 7.219, 8.306, 8.226, 7.816, 8.709, 9.193, 9.677, 10.437, 11.036, 11.49, 11.223, 9.738, 8.428, 8.818, 7.928, 5.961, 4.511, 3.36, 2.98], [0.88, 0, 0.91, 1.3, 1.63, 1.35, 1.92, 2.25, 3.26, 4.11, 4.53, 4.34, 4.402, 4.902, 4.498, 3.59, 3.31, 3.54, 3.82, 3.94, 4.483, 5.466, 6.139, 5.436, 5.02, 6.08, 7.56, 8.637, 10.059, 10.766, 11.428, 11.821, 12.258, 12.153, 11.48, 10.72, 9.84, 9.05, 8.87, 9.06, 8.79, 8.916, 8.53, 8.24, 8.846, 9.25, 8.202, 7.589, 8.782, 10.109, 10.791, 10.916, 11.074, 11.345, 10.63, 9.593, 9.057, 8.95, 8.656, 8.205, 8.689, 8.665, 7.9, 7.658, 7.4, 7.1, 6.94, 7.26, 8.297, 8.23, 7.82, 8.7, 9.193, 9.669, 10.429, 11.027, 11.481, 11.215, 9.739, 8.419, 8.809, 7.919, 5.952, 4.542, 3.48, 3.08], [1.09, 0.91, 0, 0.97, 1.14, 1.02, 1.73, 2.1, 3.07, 3.92, 4.34, 4.17, 4.27, 4.767, 4.4, 3.48, 3.18, 3.51, 3.79, 3.87, 4.3, 5.28, 6.03, 5.27, 4.87, 5.91, 7.41, 8.51, 9.924, 10.577, 11.422, 11.815, 12.252, 12.12, 11.49, 10.77, 9.91, 9.16, 8.92, 8.97, 8.6, 8.75, 8.36, 8.05, 8.7, 9.057, 8.123, 7.46, 8.619, 9.949, 10.625, 10.765, 10.903, 11.171, 10.462, 9.425, 8.888, 8.792, 8.483, 8.033, 8.52, 8.507, 7.86, 7.79, 7.43, 7.17, 6.93, 7.17, 8.14, 8.08, 7.67, 8.54, 9.01, 9.5, 10.263, 10.862, 11.323, 11.049, 9.586, 8.286, 8.656, 7.753, 5.819, 4.39, 3.27, 2.95], [1.58, 1.3, 0.97, 0, 0.95, 0.83, 1.3, 1.65, 2.66, 3.51, 3.91, 3.76, 3.88, 4.4, 4.05, 3.09, 2.87, 3.2, 3.48, 3.52, 3.93, 4.97, 5.76, 5.08, 4.76, 5.74, 7.04, 8.3, 9.54, 10.29, 11.118, 11.636, 12.116, 12.03, 11.54, 10.86, 9.9, 9.13, 8.95, 8.92, 8.69, 8.58, 8.17, 8.08, 8.45, 8.87, 8.06, 7.27, 8.25, 9.6, 10.34, 10.378, 10.513, 10.79, 10.06, 9.098, 8.6, 8.51, 8.283, 7.792, 8.136, 8.206, 7.85, 7.9, 7.56, 7.2, 7.1, 6.98, 7.75, 7.65, 7.24, 8.13, 8.64, 9.116, 9.862, 10.455, 10.919, 10.642, 9.162, 7.86, 8.25, 7.45, 5.45, 3.96, 3.0, 2.72], [1.63, 1.63, 1.14, 0.95, 0, 0.84, 1.39, 1.62, 2.65, 3.46, 3.86, 3.71, 3.95, 4.49, 4.06, 3.14, 2.82, 3.15, 3.43, 3.47, 3.94, 4.92, 5.97, 5.27, 5.01, 5.95, 7.35, 8.59, 9.77, 10.34, 11.208, 11.918, 12.429, 12.4, 11.87, 11.21, 10.25, 9.44, 9.3, 9.17, 8.98, 8.85, 8.5, 8.43, 8.74, 9.1, 8.25, 7.36, 8.3, 9.656, 10.421, 10.408, 10.558, 10.835, 10.085, 9.048, 8.547, 8.588, 8.433, 8.091, 8.355, 8.325, 8.04, 8.13, 7.71, 7.39, 7.35, 6.91, 7.74, 7.7, 7.29, 8.14, 8.65, 9.19, 9.89, 10.462, 10.935, 10.652, 9.19, 7.87, 8.26, 7.56, 5.44, 3.93, 2.83, 2.57], [1.47, 1.35, 1.02, 0.83, 0.84, 0, 0.97, 1.34, 2.35, 3.16, 3.58, 3.47, 3.69, 4.19, 3.82, 2.9, 2.64, 2.93, 3.19, 3.27, 3.74, 4.76, 5.67, 4.95, 4.65, 5.65, 6.89, 8.17, 9.41, 10.04, 10.911, 11.498, 11.978, 11.94, 11.45, 10.77, 9.81, 9.0, 8.86, 8.75, 8.56, 8.43, 8.06, 7.99, 8.38, 8.7, 7.95, 7.12, 8.08, 9.43, 10.127, 10.228, 10.338, 10.615, 9.865, 8.868, 8.35, 8.34, 8.093, 7.703, 8.015, 8.019, 7.68, 7.75, 7.35, 7.05, 6.97, 6.77, 7.54, 7.46, 7.05, 7.94, 8.446, 8.946, 9.672, 10.262, 10.72, 10.449, 8.972, 7.67, 8.06, 7.24, 5.22, 3.73, 2.71, 2.49], [1.94, 1.92, 1.73, 1.3, 1.39, 0.97, 0, 0.67, 1.64, 2.55, 2.77, 2.72, 3.0, 3.48, 3.13, 2.29, 1.85, 2.28, 2.48, 2.66, 3.19, 4.23, 5.14, 4.5, 4.2, 5.18, 6.22, 7.54, 8.88, 9.53, 10.267, 10.777, 11.35, 11.33, 10.98, 10.28, 9.28, 8.53, 8.31, 8.3, 8.15, 7.94, 7.53, 7.48, 7.77, 8.25, 7.54, 6.69, 7.27, 8.64, 9.545, 9.485, 9.55, 9.791, 9.121, 8.225, 7.805, 7.773, 7.625, 7.155, 7.245, 7.34, 7.27, 7.34, 7.06, 6.78, 6.62, 6.28, 6.91, 6.67, 6.24, 7.09, 7.64, 8.12, 8.84, 9.421, 9.891, 9.607, 8.14, 6.98, 7.31, 6.73, 4.63, 2.94, 2.3, 2.1], [2.33, 2.25, 2.1, 1.65, 1.62, 1.34, 0.67, 0, 1.33, 2.2, 2.42, 2.31, 2.69, 3.19, 2.74, 1.92, 1.56, 1.87, 2.07, 2.23, 2.78, 3.82, 4.79, 4.21, 3.91, 4.87, 6.07, 7.41, 8.59, 9.2, 9.977, 10.647, 11.2, 11.2, 10.75, 10.09, 9.13, 8.34, 8.16, 8.07, 7.92, 7.71, 7.36, 7.33, 7.5, 8.0, 7.29, 6.28, 6.92, 8.29, 9.21, 9.07, 9.18, 9.442, 8.705, 7.773, 7.355, 7.385, 7.378, 6.851, 7.035, 7.07, 7.04, 7.11, 6.89, 6.57, 6.43, 5.89, 6.44, 6.38, 5.95, 6.7, 7.27, 7.83, 8.47, 9.025, 9.507, 9.212, 7.77, 6.49, 6.84, 6.42, 4.24, 2.53, 1.87, 1.81], [3.24, 3.26, 3.07, 2.66, 2.65, 2.35, 1.64, 1.33, 0, 1.05, 1.39, 1.56, 1.72, 2.32, 1.97, 1.41, 1.21, 1.24, 1.38, 1.36, 1.67, 2.95, 3.78, 3.28, 3.14, 3.86, 5.14, 6.38, 7.66, 8.223, 9.021, 9.745, 10.27, 10.23, 9.8, 9.08, 8.1, 7.33, 7.15, 7.12, 6.97, 6.7, 6.33, 6.3, 6.49, 7.05, 6.338, 5.31, 5.879, 7.189, 8.085, 7.983, 8.138, 8.389, 7.647, 6.685, 6.43, 6.4, 6.494, 6.12, 6.108, 6.155, 6.11, 6.28, 6.14, 5.88, 5.7, 5.06, 5.39, 5.25, 4.88, 5.75, 6.34, 6.76, 7.44, 8.007, 8.491, 8.203, 6.74, 5.6, 5.93, 5.23, 3.17, 1.5, 1.32, 1.5], [4.09, 4.11, 3.92, 3.51, 3.46, 3.16, 2.55, 2.2, 1.05, 0, 0.86, 1.49, 1.51, 1.79, 1.42, 1.38, 1.4, 1.33, 1.39, 1.25, 1.34, 2.48, 3.23, 2.77, 2.79, 3.23, 4.43, 5.69, 6.93, 7.51, 8.291, 9.038, 9.558, 9.54, 9.07, 8.39, 7.43, 6.64, 6.46, 6.39, 6.24, 5.99, 5.62, 5.59, 5.8, 6.34, 5.63, 4.58, 5.2, 6.396, 7.27, 7.164, 7.262, 7.516, 6.766, 5.793, 5.64, 5.83, 5.88, 5.59, 5.46, 5.45, 5.4, 5.73, 5.75, 5.57, 5.37, 4.77, 4.74, 4.5, 4.23, 5.02, 5.61, 5.97, 6.55, 7.152, 7.696, 7.404, 5.99, 4.83, 5.14, 4.5, 2.4, 1.27, 1.55, 1.77], [4.51, 4.53, 4.34, 3.91, 3.86, 3.58, 2.77, 2.42, 1.39, 0.86, 0, 1.21, 1.37, 1.61, 1.5, 1.54, 1.56, 1.47, 1.23, 1.35, 1.62, 2.6, 3.35, 3.05, 3.05, 3.35, 4.39, 5.71, 7.01, 7.58, 8.277, 8.98, 9.52, 9.56, 9.19, 8.49, 7.51, 6.74, 6.54, 6.51, 6.38, 6.09, 5.74, 5.69, 5.84, 6.42, 5.69, 4.56, 4.92, 6.19, 7.315, 7.073, 7.04, 7.21, 6.44, 5.655, 5.54, 5.79, 5.94, 5.59, 5.26, 5.31, 5.48, 5.75, 5.91, 5.83, 5.55, 5.01, 4.58, 4.5, 4.07, 4.78, 5.45, 5.85, 6.29, 6.78, 7.307, 7.07, 5.73, 4.75, 4.92, 4.58, 2.38, 0.95, 1.69, 2.09], [4.4, 4.34, 4.17, 3.76, 3.71, 3.47, 2.72, 2.31, 1.56, 1.49, 1.21, 0, 1.26, 1.9, 1.77, 1.69, 1.71, 1.6, 1.36, 1.62, 2.05, 3.11, 3.68, 3.52, 3.58, 3.82, 4.46, 5.76, 7.04, 7.59, 8.22, 8.89, 9.49, 9.53, 9.2, 8.48, 7.48, 6.73, 6.51, 6.56, 6.45, 6.16, 5.81, 5.84, 5.95, 6.47, 5.88, 4.89, 5.01, 6.28, 7.45, 7.25, 7.24, 7.36, 6.73, 5.91, 5.73, 6.22, 6.35, 6.04, 5.47, 5.34, 5.67, 6.2, 6.42, 6.28, 6.08, 5.52, 5.05, 4.79, 4.42, 4.91, 5.36, 5.92, 6.46, 7.03, 7.46, 7.1, 5.82, 5.04, 5.13, 4.73, 2.73, 1.44, 1.78, 2.08], [4.362, 4.402, 4.27, 3.88, 3.95, 3.69, 3.0, 2.69, 1.72, 1.51, 1.37, 1.26, 0, 1.1, 1.11, 1.41, 1.59, 1.7, 1.46, 1.48, 1.65, 2.63, 2.9, 2.78, 2.9, 3.0, 3.8, 5.0, 6.34, 6.87, 7.44, 8.13, 8.69, 8.71, 8.46, 7.72, 6.66, 5.91, 5.73, 5.9, 5.77, 5.48, 5.13, 5.18, 5.21, 5.77, 5.22, 4.29, 4.51, 5.86, 6.85, 6.85, 6.82, 7.031, 6.47, 5.49, 5.35, 5.42, 5.49, 5.12, 4.87, 4.76, 4.87, 5.26, 5.42, 5.34, 5.08, 4.7, 4.59, 4.07, 3.84, 4.37, 4.84, 5.4, 6.12, 6.701, 7.133, 6.871, 5.42, 4.66, 4.85, 4.03, 2.23, 1.3, 2.04, 2.22], [4.891, 4.902, 4.767, 4.4, 4.49, 4.19, 3.48, 3.19, 2.32, 1.79, 1.61, 1.9, 1.1, 0, 0.95, 1.71, 2.03, 2.18, 1.9, 1.88, 1.45, 2.29, 2.46, 2.36, 2.52, 2.26, 3.12, 4.38, 5.74, 6.29, 6.86, 7.55, 8.11, 8.13, 7.84, 7.1, 6.08, 5.35, 5.13, 5.18, 5.03, 4.84, 4.45, 4.48, 4.57, 5.09, 4.42, 3.55, 4.03, 5.36, 6.23, 6.29, 6.3, 6.516, 5.93, 5.03, 4.69, 4.82, 4.77, 4.34, 4.09, 4.14, 4.23, 4.56, 4.72, 4.74, 4.4, 4.16, 3.95, 3.53, 3.18, 3.85, 4.36, 4.86, 5.58, 6.166, 6.619, 6.356, 4.88, 3.92, 4.21, 3.53, 1.87, 1.48, 2.6, 2.74], [4.498, 4.498, 4.4, 4.05, 4.06, 3.82, 3.13, 2.74, 1.97, 1.42, 1.5, 1.77, 1.11, 0.95, 0, 1.2, 1.48, 1.53, 1.35, 1.33, 1.5, 2.04, 2.47, 2.41, 2.45, 2.65, 3.67, 5.01, 6.17, 6.78, 7.397, 8.12, 8.62, 8.68, 8.25, 7.59, 6.63, 5.86, 5.66, 5.61, 5.5, 5.37, 4.98, 4.97, 5.14, 5.58, 4.89, 3.94, 4.5, 5.83, 6.753, 6.693, 6.76, 6.966, 6.26, 5.373, 4.92, 5.11, 5.07, 4.61, 4.58, 4.57, 4.52, 4.81, 4.81, 4.59, 4.39, 3.99, 4.16, 3.96, 3.55, 4.24, 4.75, 5.35, 5.99, 6.596, 7.026, 6.741, 5.33, 4.25, 4.46, 4.02, 1.9, 1.25, 2.21, 2.41], [3.61, 3.59, 3.48, 3.09, 3.14, 2.9, 2.29, 1.92, 1.41, 1.38, 1.54, 1.69, 1.41, 1.71, 1.2, 0, 0.94, 0.91, 1.25, 1.15, 1.64, 2.54, 3.17, 2.67, 2.61, 3.35, 4.57, 5.83, 7.03, 7.64, 8.274, 9.078, 9.56, 9.52, 9.07, 8.39, 7.43, 6.64, 6.46, 6.41, 6.34, 6.17, 5.78, 5.79, 5.96, 6.42, 5.73, 4.7, 5.54, 6.856, 7.61, 7.547, 7.603, 7.936, 7.186, 6.233, 5.86, 5.95, 5.887, 5.437, 5.609, 5.61, 5.46, 5.59, 5.47, 5.17, 4.99, 4.53, 4.84, 4.82, 4.53, 5.26, 5.79, 6.35, 6.95, 7.511, 7.961, 7.727, 6.33, 5.11, 5.36, 4.84, 2.82, 1.45, 1.69, 2.03], [3.31, 3.31, 3.18, 2.87, 2.82, 2.64, 1.85, 1.56, 1.21, 1.4, 1.56, 1.71, 1.59, 2.03, 1.48, 0.94, 0, 0.79, 1.13, 1.31, 1.9, 2.92, 3.65, 3.11, 2.99, 3.83, 4.93, 6.29, 7.51, 8.093, 8.64, 9.287, 9.86, 9.88, 9.49, 8.79, 7.83, 7.06, 6.9, 6.87, 6.8, 6.67, 6.26, 6.23, 6.4, 6.92, 6.205, 5.24, 5.7, 7.037, 8.115, 7.993, 8.023, 8.237, 7.553, 6.675, 6.26, 6.25, 6.264, 5.794, 5.821, 5.825, 5.86, 5.97, 5.85, 5.45, 5.39, 4.87, 5.32, 5.26, 4.71, 5.48, 5.97, 6.65, 7.31, 7.853, 8.303, 8.021, 6.57, 5.47, 5.74, 5.32, 3.12, 1.65, 1.77, 2.09], [3.6, 3.54, 3.51, 3.2, 3.15, 2.93, 2.28, 1.87, 1.24, 1.33, 1.47, 1.6, 1.7, 2.18, 1.53, 0.91, 0.79, 0, 0.86, 1.12, 2.01, 3.03, 3.78, 3.24, 3.26, 3.94, 5.06, 6.42, 7.56, 8.14, 8.644, 9.374, 9.85, 9.89, 9.46, 8.82, 7.9, 7.09, 6.97, 6.9, 6.85, 6.72, 6.31, 6.32, 6.51, 6.97, 6.28, 5.31, 5.751, 7.104, 8.1, 7.917, 7.987, 8.201, 7.451, 6.523, 6.19, 6.4, 6.417, 5.987, 6.057, 5.895, 5.91, 6.16, 6.06, 5.68, 5.56, 5.02, 5.19, 5.29, 4.9, 5.49, 6.06, 6.72, 7.28, 7.749, 8.137, 7.938, 6.58, 5.54, 5.67, 5.37, 3.19, 1.66, 1.68, 2.12], [3.9, 3.82, 3.79, 3.48, 3.43, 3.19, 2.48, 2.07, 1.38, 1.39, 1.23, 1.36, 1.46, 1.9, 1.35, 1.25, 1.13, 0.86, 0, 0.88, 1.87, 2.75, 3.54, 3.16, 3.04, 3.66, 4.8, 6.16, 7.34, 7.94, 8.387, 9.097, 9.61, 9.65, 9.24, 8.62, 7.66, 6.87, 6.73, 6.66, 6.63, 6.52, 6.09, 6.08, 6.27, 6.75, 6.013, 4.99, 5.477, 6.827, 7.883, 7.703, 7.71, 7.907, 7.18, 6.343, 5.903, 6.08, 6.123, 5.68, 5.677, 5.633, 5.683, 5.78, 5.76, 5.5, 5.34, 4.86, 4.95, 5.01, 4.52, 5.17, 5.76, 6.44, 7.0, 7.477, 7.879, 7.655, 6.3, 5.24, 5.41, 5.17, 2.93, 1.3, 1.46, 1.92], [3.92, 3.94, 3.87, 3.52, 3.47, 3.27, 2.66, 2.23, 1.36, 1.25, 1.35, 1.62, 1.48, 1.88, 1.33, 1.15, 1.31, 1.12, 0.88, 0, 1.45, 2.49, 3.18, 2.74, 2.72, 3.32, 4.54, 5.84, 7.04, 7.583, 8.221, 8.968, 9.468, 9.47, 9.02, 8.3, 7.34, 6.53, 6.39, 6.34, 6.33, 6.18, 5.75, 5.76, 5.97, 6.43, 5.735, 4.69, 5.302, 6.655, 7.565, 7.394, 7.501, 7.758, 7.003, 6.025, 5.67, 5.8, 5.826, 5.46, 5.531, 5.475, 5.385, 5.52, 5.54, 5.24, 5.14, 4.58, 4.55, 4.73, 4.36, 5.03, 5.62, 6.26, 6.815, 7.245, 7.646, 7.475, 6.112, 4.98, 5.17, 4.81, 2.67, 1.1, 1.38, 1.74], [4.452, 4.483, 4.3, 3.93, 3.94, 3.74, 3.19, 2.78, 1.67, 1.34, 1.62, 2.05, 1.65, 1.45, 1.5, 1.64, 1.9, 2.01, 1.87, 1.45, 0, 1.88, 2.37, 1.85, 2.07, 2.43, 3.67, 4.89, 6.15, 6.727, 7.589, 8.275, 8.798, 8.76, 8.23, 7.57, 6.61, 5.82, 5.66, 5.57, 5.36, 5.15, 4.8, 4.75, 5.02, 5.5, 4.73, 3.78, 4.449, 5.739, 6.59, 6.564, 6.733, 6.999, 6.24, 5.203, 4.92, 5.05, 5.06, 4.79, 4.656, 4.665, 4.52, 4.85, 4.89, 4.71, 4.45, 3.91, 4.0, 3.88, 3.55, 4.36, 4.95, 5.37, 6.03, 6.62, 7.118, 6.83, 5.37, 4.13, 4.5, 3.7, 1.88, 1.29, 1.91, 1.99], [5.53, 5.466, 5.28, 4.97, 4.92, 4.76, 4.23, 3.82, 2.95, 2.48, 2.6, 3.11, 2.63, 2.29, 2.04, 2.54, 2.92, 3.03, 2.75, 2.49, 1.88, 0, 1.53, 1.49, 1.53, 1.59, 2.89, 4.07, 5.29, 5.84, 6.671, 7.435, 7.958, 7.92, 7.41, 6.75, 5.81, 5.0, 4.86, 4.71, 4.52, 4.31, 3.98, 3.91, 4.18, 4.62, 3.81, 2.72, 3.6, 4.879, 5.727, 5.604, 5.748, 6.019, 5.263, 4.32, 3.855, 3.965, 3.955, 3.73, 3.818, 3.828, 3.58, 3.73, 3.45, 3.37, 3.27, 2.69, 2.98, 2.96, 2.61, 3.38, 4.01, 4.41, 5.05, 5.629, 6.099, 5.816, 4.39, 3.17, 3.46, 2.94, 1.86, 2.17, 2.79, 3.11], [6.139, 6.139, 6.03, 5.76, 5.97, 5.67, 5.14, 4.79, 3.78, 3.23, 3.35, 3.68, 2.9, 2.46, 2.47, 3.17, 3.65, 3.78, 3.54, 3.18, 2.37, 1.53, 0, 1.02, 1.44, 1.24, 2.04, 3.2, 4.12, 4.83, 5.569, 6.239, 6.73, 6.65, 6.1, 5.4, 4.48, 3.77, 3.53, 3.6, 3.35, 3.16, 2.85, 2.84, 2.99, 3.53, 2.7, 1.91, 2.71, 4.016, 4.84, 4.829, 4.979, 5.256, 4.526, 3.59, 3.15, 3.16, 3.146, 2.78, 2.77, 2.72, 2.49, 2.74, 2.84, 2.66, 2.42, 2.16, 2.23, 2.17, 2.02, 2.69, 3.14, 3.6, 4.305, 4.906, 5.383, 5.117, 3.62, 2.48, 2.75, 2.25, 2.03, 2.98, 4.0, 4.04], [5.405, 5.436, 5.27, 5.08, 5.27, 4.95, 4.5, 4.21, 3.28, 2.77, 3.05, 3.52, 2.78, 2.36, 2.41, 2.67, 3.11, 3.24, 3.16, 2.74, 1.85, 1.49, 1.02, 0, 0.9, 1.22, 2.32, 3.52, 4.8, 5.45, 6.292, 6.836, 7.319, 7.25, 6.72, 6.0, 5.1, 4.35, 4.15, 4.12, 3.79, 3.7, 3.35, 3.24, 3.67, 4.09, 3.18, 2.41, 3.415, 4.765, 5.497, 5.535, 5.71, 5.987, 5.275, 4.238, 3.79, 3.86, 3.646, 3.24, 3.39, 3.34, 2.93, 3.14, 3.26, 3.06, 2.76, 2.54, 2.97, 2.89, 2.52, 3.35, 3.84, 4.316, 5.062, 5.655, 6.125, 5.842, 4.38, 3.12, 3.47, 2.59, 2.07, 2.74, 3.48, 3.48], [5.0, 5.02, 4.87, 4.76, 5.01, 4.65, 4.2, 3.91, 3.14, 2.79, 3.05, 3.58, 2.9, 2.52, 2.45, 2.61, 2.99, 3.26, 3.04, 2.72, 2.07, 1.53, 1.44, 0.9, 0, 1.32, 2.68, 3.84, 5.2, 5.873, 6.712, 7.213, 7.673, 7.59, 7.02, 6.28, 5.36, 4.61, 4.41, 4.46, 4.11, 4.02, 3.63, 3.52, 3.99, 4.45, 3.555, 2.79, 3.835, 5.185, 5.878, 5.986, 6.127, 6.404, 5.715, 4.698, 4.245, 4.155, 3.931, 3.44, 3.736, 3.783, 3.33, 3.3, 3.2, 2.98, 2.76, 2.72, 3.35, 3.27, 2.86, 3.75, 4.26, 4.719, 5.482, 6.083, 6.542, 6.276, 4.782, 3.54, 3.89, 3.03, 2.29, 2.56, 3.24, 3.38], [6.059, 6.08, 5.91, 5.74, 5.95, 5.65, 5.18, 4.87, 3.86, 3.23, 3.35, 3.82, 3.0, 2.26, 2.65, 3.35, 3.83, 3.94, 3.66, 3.32, 2.43, 1.59, 1.24, 1.22, 1.32, 0, 1.68, 2.76, 4.2, 4.839, 5.707, 6.253, 6.733, 6.63, 6.04, 5.38, 4.44, 3.63, 3.47, 3.46, 3.15, 3.04, 2.63, 2.58, 2.93, 3.43, 2.56, 1.93, 2.779, 4.111, 4.824, 4.944, 5.062, 5.333, 4.629, 3.644, 3.188, 3.24, 3.01, 2.74, 2.79, 2.8, 2.51, 2.64, 2.94, 2.94, 2.54, 2.54, 2.61, 2.27, 1.76, 2.65, 3.214, 3.645, 4.388, 4.989, 5.451, 5.185, 3.688, 2.48, 2.85, 1.93, 1.61, 2.96, 4.0, 4.08], [7.514, 7.56, 7.41, 7.04, 7.35, 6.89, 6.22, 6.07, 5.14, 4.43, 4.39, 4.46, 3.8, 3.12, 3.67, 4.57, 4.93, 5.06, 4.8, 4.54, 3.67, 2.89, 2.04, 2.32, 2.68, 1.68, 0, 1.54, 2.96, 3.59, 4.327, 4.694, 5.17, 5.19, 4.86, 4.12, 3.12, 2.35, 2.21, 2.26, 2.21, 1.92, 1.45, 1.58, 1.97, 2.33, 2.12, 2.03, 2.05, 2.76, 3.588, 3.689, 3.687, 3.908, 3.258, 2.47, 2.37, 2.68, 2.65, 2.46, 2.03, 1.94, 2.27, 2.96, 3.22, 3.22, 2.84, 2.88, 2.43, 1.85, 1.42, 1.67, 2.0, 2.26, 2.98, 3.558, 4.028, 3.765, 2.28, 1.36, 1.63, 1.17, 2.27, 4.12, 5.44, 5.54], [8.594, 8.637, 8.51, 8.3, 8.59, 8.17, 7.54, 7.41, 6.38, 5.69, 5.71, 5.76, 5.0, 4.38, 5.01, 5.83, 6.29, 6.42, 6.16, 5.84, 4.89, 4.07, 3.2, 3.52, 3.84, 2.76, 1.54, 0, 1.78, 2.39, 3.16, 3.587, 4.09, 3.97, 3.58, 2.84, 2.06, 1.67, 1.71, 1.64, 1.57, 1.36, 1.35, 1.7, 2.15, 2.47, 2.74, 2.85, 2.83, 2.72, 2.89, 2.99, 2.94, 2.9, 2.47, 2.57, 2.85, 3.1, 3.17, 2.92, 2.63, 2.5, 2.91, 3.48, 3.8, 3.8, 3.36, 3.54, 3.01, 2.41, 2.24, 2.15, 2.28, 2.24, 2.52, 2.81, 3.1, 2.9, 1.8, 1.74, 1.97, 1.59, 3.51, 5.42, 6.66, 6.72], [10.068, 10.059, 9.924, 9.54, 9.77, 9.41, 8.88, 8.59, 7.66, 6.93, 7.01, 7.04, 6.34, 5.74, 6.17, 7.03, 7.51, 7.56, 7.34, 7.04, 6.15, 5.29, 4.12, 4.8, 5.2, 4.2, 2.96, 1.78, 0, 1.09, 1.8, 2.27, 2.75, 2.79, 2.34, 1.84, 1.66, 1.81, 1.87, 1.56, 1.59, 1.5, 1.89, 2.52, 2.53, 2.45, 3.04, 3.21, 3.15, 2.7, 2.31, 2.31, 2.3, 2.14, 2.17, 2.65, 2.67, 2.7, 2.95, 2.8, 2.45, 2.36, 2.79, 3.46, 3.6, 3.72, 3.48, 3.42, 2.81, 2.75, 3.12, 2.67, 2.28, 2.14, 2.32, 2.37, 2.4, 2.36, 1.68, 2.32, 2.15, 2.71, 4.73, 6.72, 7.88, 7.94], [10.769, 10.766, 10.577, 10.29, 10.34, 10.04, 9.53, 9.2, 8.223, 7.51, 7.58, 7.59, 6.87, 6.29, 6.78, 7.64, 8.093, 8.14, 7.94, 7.583, 6.727, 5.84, 4.83, 5.45, 5.873, 4.839, 3.59, 2.39, 1.09, 0, 1.09, 1.68, 2.18, 2.16, 1.89, 1.47, 1.77, 2.16, 2.36, 2.05, 2.134, 2.05, 2.42, 2.97, 2.84, 2.52, 3.27, 3.62, 3.3, 2.61, 1.8, 1.94, 1.85, 1.73, 2.1, 2.56, 2.76, 2.77, 2.92, 3.03, 2.64, 2.59, 3.08, 3.67, 3.83, 4.19, 4.064, 3.81, 3.28, 3.238, 3.705, 3.08, 2.51, 2.11, 2.17, 2.08, 2.03, 2.11, 2.07, 2.91, 2.7, 3.18, 5.32, 7.27, 8.43, 8.49], [11.476, 11.428, 11.422, 11.118, 11.208, 10.911, 10.267, 9.977, 9.021, 8.291, 8.277, 8.22, 7.44, 6.86, 7.397, 8.274, 8.64, 8.644, 8.387, 8.221, 7.589, 6.671, 5.569, 6.292, 6.712, 5.707, 4.327, 3.16, 1.8, 1.09, 0, 1.07, 1.61, 1.81, 1.88, 1.8, 2.24, 2.75, 2.952, 2.82, 3.004, 2.917, 3.264, 3.84, 3.53, 3.21, 4.02, 4.45, 3.85, 3.04, 2.33, 2.37, 2.12, 2.12, 2.63, 3.19, 3.51, 3.38, 3.51, 3.72, 3.33, 3.26, 3.85, 4.38, 4.58, 4.911, 4.914, 4.7, 4.11, 3.897, 4.37, 3.628, 2.98, 2.6, 2.58, 2.41, 2.28, 2.42, 2.6, 3.684, 3.437, 3.988, 6.168, 7.98, 9.275, 9.332], [11.838, 11.821, 11.815, 11.636, 11.918, 11.498, 10.777, 10.647, 9.745, 9.038, 8.98, 8.89, 8.13, 7.55, 8.12, 9.078, 9.287, 9.374, 9.097, 8.968, 8.275, 7.435, 6.239, 6.836, 7.213, 6.253, 4.694, 3.587, 2.27, 1.68, 1.07, 0, 1.08, 1.44, 1.57, 1.75, 2.41, 3.006, 3.222, 3.088, 3.3, 3.39, 3.723, 4.13, 4.08, 3.68, 4.51, 5.16, 4.4, 3.61, 2.96, 3.04, 2.79, 2.65, 3.16, 3.9, 4.18, 3.97, 3.96, 4.07, 3.82, 3.73, 4.16, 4.75, 5.004, 5.41, 5.284, 5.47, 4.858, 4.638, 5.017, 4.335, 3.665, 3.23, 3.15, 2.98, 2.73, 2.85, 3.29, 4.41, 4.16, 4.686, 6.84, 8.71, 10.03, 10.13], [12.296, 12.258, 12.252, 12.116, 12.429, 11.978, 11.35, 11.2, 10.27, 9.558, 9.52, 9.49, 8.69, 8.11, 8.62, 9.56, 9.86, 9.85, 9.61, 9.468, 8.798, 7.958, 6.73, 7.319, 7.673, 6.733, 5.17, 4.09, 2.75, 2.18, 1.61, 1.08, 0, 0.78, 1.21, 1.787, 2.59, 3.4, 3.56, 3.408, 3.723, 3.873, 4.163, 4.422, 4.4, 3.92, 4.83, 5.5, 4.9, 4.07, 3.26, 3.34, 3.15, 3.15, 3.56, 4.26, 4.56, 4.35, 4.32, 4.47, 4.42, 4.29, 4.62, 5.136, 5.45, 5.787, 5.682, 5.899, 5.298, 5.18, 5.59, 4.94, 4.27, 3.81, 3.55, 3.22, 2.95, 3.17, 3.89, 4.91, 4.68, 5.178, 7.36, 9.25, 10.55, 10.65], [12.17, 12.153, 12.12, 12.03, 12.4, 11.94, 11.33, 11.2, 10.23, 9.54, 9.56, 9.53, 8.71, 8.13, 8.68, 9.52, 9.88, 9.89, 9.65, 9.47, 8.76, 7.92, 6.65, 7.25, 7.59, 6.63, 5.19, 3.97, 2.79, 2.16, 1.81, 1.44, 0.78, 0, 0.85, 1.61, 2.47, 3.3, 3.38, 3.29, 3.56, 3.75, 4.08, 4.25, 4.16, 3.76, 4.57, 5.42, 4.88, 3.97, 3.14, 3.2, 3.11, 3.09, 3.48, 4.22, 4.5, 4.31, 4.24, 4.49, 4.46, 4.33, 4.56, 5.01, 5.267, 5.667, 5.539, 5.85, 5.3, 5.16, 5.61, 4.96, 4.29, 3.83, 3.55, 3.28, 2.91, 3.19, 3.95, 4.95, 4.72, 5.12, 7.38, 9.27, 10.55, 10.61], [11.477, 11.48, 11.49, 11.54, 11.87, 11.45, 10.98, 10.75, 9.8, 9.07, 9.19, 9.2, 8.46, 7.84, 8.25, 9.07, 9.49, 9.46, 9.24, 9.02, 8.23, 7.41, 6.1, 6.72, 7.02, 6.04, 4.86, 3.58, 2.34, 1.89, 1.88, 1.57, 1.21, 0.85, 0, 0.98, 2.06, 2.85, 2.87, 2.76, 2.95, 3.24, 3.53, 3.68, 3.79, 3.31, 4.02, 4.91, 4.71, 3.74, 2.81, 2.93, 2.96, 2.92, 3.21, 3.95, 4.05, 3.92, 3.77, 4.04, 4.13, 3.98, 4.01, 4.34, 4.6, 5.02, 4.88, 5.28, 4.83, 4.85, 5.26, 4.71, 4.06, 3.6, 3.38, 3.15, 2.82, 3.02, 3.7, 4.48, 4.29, 4.75, 6.89, 8.9, 10.02, 10.06], [10.68, 10.72, 10.77, 10.86, 11.21, 10.77, 10.28, 10.09, 9.08, 8.39, 8.49, 8.48, 7.72, 7.1, 7.59, 8.39, 8.79, 8.82, 8.62, 8.3, 7.57, 6.75, 5.4, 6.0, 6.28, 5.38, 4.12, 2.84, 1.84, 1.47, 1.8, 1.75, 1.787, 1.61, 0.98, 0, 1.32, 2.05, 2.05, 2.14, 2.25, 2.48, 2.81, 3.0, 3.29, 2.97, 3.6, 4.33, 4.17, 3.44, 2.59, 2.81, 2.74, 2.62, 2.97, 3.47, 3.65, 3.46, 3.51, 3.56, 3.51, 3.36, 3.39, 3.68, 3.96, 4.36, 4.18, 4.6, 4.15, 4.11, 4.54, 3.97, 3.34, 3.0, 3.02, 2.91, 2.7, 2.74, 2.96, 3.82, 3.61, 4.01, 6.21, 8.2, 9.34, 9.36], [9.837, 9.84, 9.91, 9.9, 10.25, 9.81, 9.28, 9.13, 8.1, 7.43, 7.51, 7.48, 6.66, 6.08, 6.63, 7.43, 7.83, 7.9, 7.66, 7.34, 6.61, 5.81, 4.48, 5.1, 5.36, 4.44, 3.12, 2.06, 1.66, 1.77, 2.24, 2.41, 2.59, 2.47, 2.06, 1.32, 0, 1.09, 1.21, 1.38, 1.63, 1.74, 1.97, 2.28, 2.63, 2.71, 3.14, 3.51, 3.37, 3.0, 2.37, 2.59, 2.56, 2.42, 2.75, 2.99, 3.13, 3.08, 3.23, 3.1, 2.95, 2.7, 2.79, 3.32, 3.5, 3.78, 3.54, 3.9, 3.31, 3.17, 3.6, 3.03, 2.62, 2.34, 2.5, 2.53, 2.54, 2.38, 1.98, 2.88, 2.69, 3.07, 5.27, 7.22, 8.38, 8.42], [9.03, 9.05, 9.16, 9.13, 9.44, 9.0, 8.53, 8.34, 7.33, 6.64, 6.74, 6.73, 5.91, 5.35, 5.86, 6.64, 7.06, 7.09, 6.87, 6.53, 5.82, 5.0, 3.77, 4.35, 4.61, 3.63, 2.35, 1.67, 1.81, 2.16, 2.75, 3.006, 3.4, 3.3, 2.85, 2.05, 1.09, 0, 0.82, 1.29, 1.26, 1.41, 1.4, 1.79, 2.2, 2.22, 2.63, 2.9, 2.86, 2.63, 2.44, 2.8, 2.63, 2.79, 2.7, 2.56, 2.6, 2.63, 2.8, 2.59, 2.42, 2.09, 2.32, 2.85, 3.07, 3.19, 2.97, 3.31, 2.7, 2.44, 2.85, 2.32, 2.01, 2.13, 2.53, 2.8, 2.99, 2.73, 1.75, 2.15, 2.12, 2.26, 4.48, 6.45, 7.59, 7.65], [8.83, 8.87, 8.92, 8.95, 9.3, 8.86, 8.31, 8.16, 7.15, 6.46, 6.54, 6.51, 5.73, 5.13, 5.66, 6.46, 6.9, 6.97, 6.73, 6.39, 5.66, 4.86, 3.53, 4.15, 4.41, 3.47, 2.21, 1.71, 1.87, 2.36, 2.952, 3.222, 3.56, 3.38, 2.87, 2.05, 1.21, 0.82, 0, 0.95, 1.02, 1.31, 1.46, 1.75, 2.06, 2.28, 2.53, 2.78, 2.94, 2.61, 2.42, 2.6, 2.743, 2.921, 2.76, 2.6, 2.52, 2.53, 2.68, 2.47, 2.2, 1.99, 2.12, 2.69, 2.97, 3.11, 2.73, 3.07, 2.5, 2.22, 2.67, 2.16, 1.91, 2.09, 2.63, 2.94, 3.201, 2.87, 1.65, 1.97, 1.88, 2.18, 4.32, 6.25, 7.43, 7.47], [9.04, 9.06, 8.97, 8.92, 9.17, 8.75, 8.3, 8.07, 7.12, 6.39, 6.51, 6.56, 5.9, 5.18, 5.61, 6.41, 6.87, 6.9, 6.66, 6.34, 5.57, 4.71, 3.6, 4.12, 4.46, 3.46, 2.26, 1.64, 1.56, 2.05, 2.82, 3.088, 3.408, 3.29, 2.76, 2.14, 1.38, 1.29, 0.95, 0, 0.89, 1.1, 1.39, 1.72, 2.13, 2.13, 2.4, 2.59, 2.91, 2.66, 2.43, 2.49, 2.66, 2.711, 2.39, 2.53, 2.23, 2.36, 2.49, 2.28, 2.15, 1.96, 2.13, 2.82, 3.0, 3.02, 2.7, 3.02, 2.45, 2.27, 2.58, 2.21, 2.0, 2.04, 2.38, 2.71, 2.96, 2.64, 1.7, 1.8, 1.73, 2.29, 4.21, 6.22, 7.32, 7.4], [8.767, 8.79, 8.6, 8.69, 8.98, 8.56, 8.15, 7.92, 6.97, 6.24, 6.38, 6.45, 5.77, 5.03, 5.5, 6.34, 6.8, 6.85, 6.63, 6.33, 5.36, 4.52, 3.35, 3.79, 4.11, 3.15, 2.21, 1.57, 1.59, 2.134, 3.004, 3.3, 3.723, 3.56, 2.95, 2.25, 1.63, 1.26, 1.02, 0.89, 0, 0.85, 1.18, 1.35, 1.78, 1.86, 1.91, 2.3, 2.68, 2.45, 2.36, 2.48, 2.63, 2.772, 2.4, 2.3, 1.98, 2.17, 2.18, 2.05, 1.88, 1.79, 1.78, 2.33, 2.55, 2.65, 2.29, 2.71, 2.38, 2.1, 2.45, 2.04, 1.77, 1.81, 2.33, 2.66, 2.97, 2.75, 1.73, 1.77, 1.8, 2.14, 4.02, 6.09, 7.09, 7.11], [8.865, 8.916, 8.75, 8.58, 8.85, 8.43, 7.94, 7.71, 6.7, 5.99, 6.09, 6.16, 5.48, 4.84, 5.37, 6.17, 6.67, 6.72, 6.52, 6.18, 5.15, 4.31, 3.16, 3.7, 4.02, 3.04, 1.92, 1.36, 1.5, 2.05, 2.917, 3.39, 3.873, 3.75, 3.24, 2.48, 1.74, 1.41, 1.31, 1.1, 0.85, 0, 0.83, 1.18, 1.55, 1.81, 1.96, 2.15, 2.35, 2.14, 2.23, 2.41, 2.46, 2.531, 2.05, 2.09, 1.97, 2.18, 2.27, 2.18, 1.83, 1.72, 2.09, 2.6, 2.7, 2.8, 2.52, 2.76, 2.15, 1.93, 2.18, 1.85, 1.66, 1.6, 2.02, 2.35, 2.74, 2.46, 1.34, 1.42, 1.41, 1.79, 3.77, 5.8, 6.88, 6.9], [8.51, 8.53, 8.36, 8.17, 8.5, 8.06, 7.53, 7.36, 6.33, 5.62, 5.74, 5.81, 5.13, 4.45, 4.98, 5.78, 6.26, 6.31, 6.09, 5.75, 4.8, 3.98, 2.85, 3.35, 3.63, 2.63, 1.45, 1.35, 1.89, 2.42, 3.264, 3.723, 4.163, 4.08, 3.53, 2.81, 1.97, 1.4, 1.46, 1.39, 1.18, 0.83, 0, 0.83, 1.44, 1.58, 1.81, 1.92, 2.16, 2.07, 2.6, 2.82, 2.804, 2.961, 2.32, 2.02, 1.98, 2.17, 2.18, 2.11, 1.7, 1.57, 1.9, 2.49, 2.63, 2.63, 2.29, 2.65, 2.04, 1.74, 1.87, 1.66, 1.57, 1.69, 2.15, 2.68, 3.121, 2.87, 1.63, 1.27, 1.42, 1.58, 3.44, 5.45, 6.57, 6.61], [8.197, 8.24, 8.05, 8.08, 8.43, 7.99, 7.48, 7.33, 6.3, 5.59, 5.69, 5.84, 5.18, 4.48, 4.97, 5.79, 6.23, 6.32, 6.08, 5.76, 4.75, 3.91, 2.84, 3.24, 3.52, 2.58, 1.58, 1.7, 2.52, 2.97, 3.84, 4.13, 4.422, 4.25, 3.68, 3.0, 2.28, 1.79, 1.75, 1.72, 1.35, 1.18, 0.83, 0, 1.21, 1.53, 1.4, 1.73, 1.93, 2.1, 2.79, 2.989, 2.997, 3.242, 2.564, 2.01, 1.75, 2.04, 1.99, 1.88, 1.81, 1.86, 1.91, 2.34, 2.56, 2.6, 2.18, 2.7, 2.29, 2.07, 2.0, 1.87, 1.92, 1.98, 2.48, 3.07, 3.434, 3.18, 2.2, 1.54, 1.79, 1.61, 3.37, 5.4, 6.46, 6.5], [8.8, 8.846, 8.7, 8.45, 8.74, 8.38, 7.77, 7.5, 6.49, 5.8, 5.84, 5.95, 5.21, 4.57, 5.14, 5.96, 6.4, 6.51, 6.27, 5.97, 5.02, 4.18, 2.99, 3.67, 3.99, 2.93, 1.97, 2.15, 2.53, 2.84, 3.53, 4.08, 4.4, 4.16, 3.79, 3.29, 2.63, 2.2, 2.06, 2.13, 1.78, 1.55, 1.44, 1.21, 0, 0.98, 1.21, 1.78, 1.54, 1.49, 2.135, 2.23, 2.381, 2.638, 2.06, 1.5, 1.18, 1.35, 1.54, 1.63, 1.54, 1.61, 2.06, 2.47, 2.59, 2.67, 2.39, 2.73, 2.14, 1.78, 2.03, 1.66, 1.73, 1.89, 2.37, 2.8, 3.07, 2.93, 2.19, 1.85, 1.9, 1.78, 3.64, 5.55, 6.81, 6.87], [9.197, 9.25, 9.057, 8.87, 9.1, 8.7, 8.25, 8.0, 7.05, 6.34, 6.42, 6.47, 5.77, 5.09, 5.58, 6.42, 6.92, 6.97, 6.75, 6.43, 5.5, 4.62, 3.53, 4.09, 4.45, 3.43, 2.33, 2.47, 2.45, 2.52, 3.21, 3.68, 3.92, 3.76, 3.31, 2.97, 2.71, 2.22, 2.28, 2.13, 1.86, 1.81, 1.58, 1.53, 0.98, 0, 1.17, 2.12, 1.9, 1.25, 1.8, 1.98, 2.05, 2.37, 1.82, 1.52, 1.3, 1.31, 1.2, 1.71, 1.64, 1.67, 1.84, 2.27, 2.55, 2.79, 2.65, 2.81, 2.5, 2.28, 2.53, 2.12, 1.71, 1.75, 2.05, 2.54, 2.81, 2.71, 2.39, 2.21, 2.2, 2.3, 4.12, 6.13, 7.23, 7.29], [8.171, 8.202, 8.123, 8.06, 8.25, 7.95, 7.54, 7.29, 6.338, 5.63, 5.69, 5.88, 5.22, 4.42, 4.89, 5.73, 6.205, 6.28, 6.013, 5.735, 4.73, 3.81, 2.7, 3.18, 3.555, 2.56, 2.12, 2.74, 3.04, 3.27, 4.02, 4.51, 4.83, 4.57, 4.02, 3.6, 3.14, 2.63, 2.53, 2.4, 1.91, 1.96, 1.81, 1.4, 1.21, 1.17, 0, 1.33, 1.51, 2.04, 2.661, 2.781, 3.011, 3.26, 2.57, 1.79, 1.31, 1.58, 1.33, 1.68, 1.71, 1.66, 1.55, 1.72, 2.02, 2.26, 2.04, 2.3, 2.33, 2.11, 2.06, 2.07, 2.08, 2.14, 2.68, 3.25, 3.58, 3.42, 2.86, 2.24, 2.33, 2.25, 3.33, 5.38, 6.28, 6.3], [7.577, 7.589, 7.46, 7.27, 7.36, 7.12, 6.69, 6.28, 5.31, 4.58, 4.56, 4.89, 4.29, 3.55, 3.94, 4.7, 5.24, 5.31, 4.99, 4.69, 3.78, 2.72, 1.91, 2.41, 2.79, 1.93, 2.03, 2.85, 3.21, 3.62, 4.45, 5.16, 5.5, 5.42, 4.91, 4.33, 3.51, 2.9, 2.78, 2.59, 2.3, 2.15, 1.92, 1.73, 1.78, 2.12, 1.33, 0, 1.5, 2.687, 3.352, 3.457, 3.567, 3.815, 3.085, 2.22, 1.68, 1.97, 1.88, 1.79, 1.76, 1.85, 1.66, 1.79, 2.07, 2.09, 1.85, 1.79, 1.66, 1.58, 1.55, 1.94, 2.29, 2.31, 2.91, 3.56, 3.964, 3.73, 2.61, 1.93, 2.0, 1.88, 2.72, 4.27, 5.17, 5.21], [8.791, 8.782, 8.619, 8.25, 8.3, 8.08, 7.27, 6.92, 5.879, 5.2, 4.92, 5.01, 4.51, 4.03, 4.5, 5.54, 5.7, 5.751, 5.477, 5.302, 4.449, 3.6, 2.71, 3.415, 3.835, 2.779, 2.05, 2.83, 3.15, 3.3, 3.85, 4.4, 4.9, 4.88, 4.71, 4.17, 3.37, 2.86, 2.94, 2.91, 2.68, 2.35, 2.16, 1.93, 1.54, 1.9, 1.51, 1.5, 0, 1.55, 2.86, 2.8, 2.67, 2.75, 2.2, 1.42, 1.42, 1.83, 1.98, 1.99, 1.5, 1.49, 2.1, 2.55, 2.83, 2.95, 2.75, 2.57, 1.88, 1.52, 1.45, 1.4, 1.59, 1.65, 2.09, 2.48, 2.81, 2.69, 2.05, 2.13, 2.04, 2.0, 3.08, 4.67, 6.11, 6.27], [10.114, 10.109, 9.949, 9.6, 9.656, 9.43, 8.64, 8.29, 7.189, 6.396, 6.19, 6.28, 5.86, 5.36, 5.83, 6.856, 7.037, 7.104, 6.827, 6.655, 5.739, 4.879, 4.016, 4.765, 5.185, 4.111, 2.76, 2.72, 2.7, 2.61, 3.04, 3.61, 4.07, 3.97, 3.74, 3.44, 3.0, 2.63, 2.61, 2.66, 2.45, 2.14, 2.07, 2.1, 1.49, 1.25, 2.04, 2.687, 1.55, 0, 1.51, 1.51, 1.38, 1.44, 1.19, 1.21, 1.43, 1.6, 1.91, 2.26, 1.71, 1.9, 2.61, 3.18, 3.5, 3.7, 3.54, 3.26, 2.51, 2.23, 2.5, 1.77, 1.48, 1.26, 1.34, 1.73, 2.02, 1.92, 1.58, 2.12, 2.03, 2.49, 4.25, 5.92, 7.36, 7.5], [10.762, 10.791, 10.625, 10.34, 10.421, 10.127, 9.545, 9.21, 8.085, 7.27, 7.315, 7.45, 6.85, 6.23, 6.753, 7.61, 8.115, 8.1, 7.883, 7.565, 6.59, 5.727, 4.84, 5.497, 5.878, 4.824, 3.588, 2.89, 2.31, 1.8, 2.33, 2.96, 3.26, 3.14, 2.81, 2.59, 2.37, 2.44, 2.42, 2.43, 2.36, 2.23, 2.6, 2.79, 2.135, 1.8, 2.661, 3.352, 2.86, 1.51, 0, 0.76, 1.07, 1.21, 1.52, 1.8, 2.06, 2.09, 2.38, 2.75, 2.56, 2.59, 3.12, 3.609, 3.809, 4.12, 4.0, 3.805, 3.07, 2.984, 3.545, 2.927, 2.41, 1.83, 1.93, 1.98, 2.03, 1.95, 2.01, 2.81, 2.54, 3.03, 5.14, 7.01, 8.19, 8.29], [10.905, 10.916, 10.765, 10.378, 10.408, 10.228, 9.485, 9.07, 7.983, 7.164, 7.073, 7.25, 6.85, 6.29, 6.693, 7.547, 7.993, 7.917, 7.703, 7.394, 6.564, 5.604, 4.829, 5.535, 5.986, 4.944, 3.689, 2.99, 2.31, 1.94, 2.37, 3.04, 3.34, 3.2, 2.93, 2.81, 2.59, 2.8, 2.6, 2.49, 2.48, 2.41, 2.82, 2.989, 2.23, 1.98, 2.781, 3.457, 2.8, 1.51, 0.76, 0, 0.87, 1.15, 1.3, 1.72, 2.06, 2.15, 2.4, 2.83, 2.56, 2.67, 3.26, 3.73, 4.029, 4.309, 4.195, 3.861, 2.98, 2.91, 3.465, 2.81, 2.39, 1.91, 1.85, 1.88, 1.85, 1.77, 2.05, 2.69, 2.46, 3.17, 5.16, 6.77, 8.03, 8.227], [11.077, 11.074, 10.903, 10.513, 10.558, 10.338, 9.55, 9.18, 8.138, 7.262, 7.04, 7.24, 6.82, 6.3, 6.76, 7.603, 8.023, 7.987, 7.71, 7.501, 6.733, 5.748, 4.979, 5.71, 6.127, 5.062, 3.687, 2.94, 2.3, 1.85, 2.12, 2.79, 3.15, 3.11, 2.96, 2.74, 2.56, 2.63, 2.743, 2.66, 2.63, 2.46, 2.804, 2.997, 2.381, 2.05, 3.011, 3.567, 2.67, 1.38, 1.07, 0.87, 0, 0.88, 1.17, 1.67, 2.21, 2.32, 2.69, 2.98, 2.57, 2.62, 3.509, 3.98, 4.279, 4.439, 4.365, 4.091, 3.11, 2.959, 3.473, 2.674, 2.2, 1.78, 1.56, 1.49, 1.48, 1.52, 1.7, 2.784, 2.49, 3.202, 5.23, 6.88, 8.14, 8.38], [11.345, 11.345, 11.171, 10.79, 10.835, 10.615, 9.791, 9.442, 8.389, 7.516, 7.21, 7.36, 7.031, 6.516, 6.966, 7.936, 8.237, 8.201, 7.907, 7.758, 6.999, 6.019, 5.256, 5.987, 6.404, 5.333, 3.908, 2.9, 2.14, 1.73, 2.12, 2.65, 3.15, 3.09, 2.92, 2.62, 2.42, 2.79, 2.921, 2.711, 2.772, 2.531, 2.961, 3.242, 2.638, 2.37, 3.26, 3.815, 2.75, 1.44, 1.21, 1.15, 0.88, 0, 0.97, 1.89, 2.37, 2.54, 2.99, 3.28, 2.75, 2.8, 3.71, 4.26, 4.416, 4.707, 4.587, 4.268, 3.288, 3.25, 3.687, 2.797, 2.34, 1.9, 1.46, 1.25, 1.24, 1.3, 1.78, 3.052, 2.668, 3.45, 5.47, 7.02, 8.4, 8.62], [10.639, 10.63, 10.462, 10.06, 10.085, 9.865, 9.121, 8.705, 7.647, 6.766, 6.44, 6.73, 6.47, 5.93, 6.26, 7.186, 7.553, 7.451, 7.18, 7.003, 6.24, 5.263, 4.526, 5.275, 5.715, 4.629, 3.258, 2.47, 2.17, 2.1, 2.63, 3.16, 3.56, 3.48, 3.21, 2.97, 2.75, 2.7, 2.76, 2.39, 2.4, 2.05, 2.32, 2.564, 2.06, 1.82, 2.57, 3.085, 2.2, 1.19, 1.52, 1.3, 1.17, 0.97, 0, 1.24, 1.72, 1.99, 2.38, 2.77, 2.34, 2.33, 3.16, 3.65, 3.97, 4.17, 4.05, 3.75, 2.76, 2.68, 3.025, 2.32, 1.93, 1.53, 1.11, 1.26, 1.51, 1.51, 1.65, 2.35, 2.08, 2.92, 4.74, 6.27, 7.63, 7.873], [9.59, 9.593, 9.425, 9.098, 9.048, 8.868, 8.225, 7.773, 6.685, 5.793, 5.655, 5.91, 5.49, 5.03, 5.373, 6.233, 6.675, 6.523, 6.343, 6.025, 5.203, 4.32, 3.59, 4.238, 4.698, 3.644, 2.47, 2.57, 2.65, 2.56, 3.19, 3.9, 4.26, 4.22, 3.95, 3.47, 2.99, 2.56, 2.6, 2.53, 2.3, 2.09, 2.02, 2.01, 1.5, 1.52, 1.79, 2.22, 1.42, 1.21, 1.8, 1.72, 1.67, 1.89, 1.24, 0, 1.26, 1.61, 1.9, 2.27, 1.98, 2.09, 2.62, 3.07, 3.41, 3.61, 3.47, 3.19, 2.36, 2.14, 2.43, 1.88, 1.69, 1.37, 1.41, 1.88, 2.21, 2.05, 1.81, 1.99, 1.84, 2.18, 3.72, 5.37, 6.61, 6.847], [9.014, 9.057, 8.888, 8.6, 8.547, 8.35, 7.805, 7.355, 6.43, 5.64, 5.54, 5.73, 5.35, 4.69, 4.92, 5.86, 6.26, 6.19, 5.903, 5.67, 4.92, 3.855, 3.15, 3.79, 4.245, 3.188, 2.37, 2.85, 2.67, 2.76, 3.51, 4.18, 4.56, 4.5, 4.05, 3.65, 3.13, 2.6, 2.52, 2.23, 1.98, 1.97, 1.98, 1.75, 1.18, 1.3, 1.31, 1.68, 1.42, 1.43, 2.06, 2.06, 2.21, 2.37, 1.72, 1.26, 0, 0.89, 1.16, 1.43, 1.38, 1.51, 1.88, 2.39, 2.59, 2.69, 2.53, 2.29, 1.66, 1.72, 1.89, 1.54, 1.59, 1.75, 2.09, 2.46, 2.75, 2.57, 1.97, 1.73, 1.58, 2.02, 3.4, 5.23, 6.39, 6.53], [8.941, 8.95, 8.792, 8.51, 8.588, 8.34, 7.773, 7.385, 6.4, 5.83, 5.79, 6.22, 5.42, 4.82, 5.11, 5.95, 6.25, 6.4, 6.08, 5.8, 5.05, 3.965, 3.16, 3.86, 4.155, 3.24, 2.68, 3.1, 2.7, 2.77, 3.38, 3.97, 4.35, 4.31, 3.92, 3.46, 3.08, 2.63, 2.53, 2.36, 2.17, 2.18, 2.17, 2.04, 1.35, 1.31, 1.58, 1.97, 1.83, 1.6, 2.09, 2.15, 2.32, 2.54, 1.99, 1.61, 0.89, 0, 0.85, 1.22, 1.27, 1.48, 1.69, 1.94, 2.14, 2.4, 2.34, 2.08, 1.87, 1.91, 1.98, 1.97, 1.76, 1.86, 2.24, 2.61, 2.88, 2.72, 2.3, 2.12, 2.05, 2.27, 3.75, 5.38, 6.555, 6.66], [8.578, 8.656, 8.483, 8.283, 8.433, 8.093, 7.625, 7.378, 6.494, 5.88, 5.94, 6.35, 5.49, 4.77, 5.07, 5.887, 6.264, 6.417, 6.123, 5.826, 5.06, 3.955, 3.146, 3.646, 3.931, 3.01, 2.65, 3.17, 2.95, 2.92, 3.51, 3.96, 4.32, 4.24, 3.77, 3.51, 3.23, 2.8, 2.68, 2.49, 2.18, 2.27, 2.18, 1.99, 1.54, 1.2, 1.33, 1.88, 1.98, 1.91, 2.38, 2.4, 2.69, 2.99, 2.38, 1.9, 1.16, 0.85, 0, 1.03, 1.38, 1.67, 1.44, 1.65, 1.91, 2.21, 2.09, 2.09, 2.14, 2.1, 2.15, 2.18, 2.01, 2.11, 2.49, 3.04, 3.21, 3.11, 2.89, 2.41, 2.42, 2.52, 3.84, 5.53, 6.468, 6.57], [8.173, 8.205, 8.033, 7.792, 8.091, 7.703, 7.155, 6.851, 6.12, 5.59, 5.59, 6.04, 5.12, 4.34, 4.61, 5.437, 5.794, 5.987, 5.68, 5.46, 4.79, 3.73, 2.78, 3.24, 3.44, 2.74, 2.46, 2.92, 2.8, 3.03, 3.72, 4.07, 4.47, 4.49, 4.04, 3.56, 3.1, 2.59, 2.47, 2.28, 2.05, 2.18, 2.11, 1.88, 1.63, 1.71, 1.68, 1.79, 1.99, 2.26, 2.75, 2.83, 2.98, 3.28, 2.77, 2.27, 1.43, 1.22, 1.03, 0, 1.09, 1.5, 1.51, 1.6, 1.88, 1.94, 1.64, 1.86, 1.75, 1.71, 1.92, 1.93, 2.04, 2.34, 2.78, 3.27, 3.54, 3.3, 2.66, 2.2, 2.17, 2.27, 3.73, 5.14, 6.24, 6.36], [8.692, 8.689, 8.52, 8.136, 8.355, 8.015, 7.245, 7.035, 6.108, 5.46, 5.26, 5.47, 4.87, 4.09, 4.58, 5.609, 5.821, 6.057, 5.677, 5.531, 4.656, 3.818, 2.77, 3.39, 3.736, 2.79, 2.03, 2.63, 2.45, 2.64, 3.33, 3.82, 4.42, 4.46, 4.13, 3.51, 2.95, 2.42, 2.2, 2.15, 1.88, 1.83, 1.7, 1.81, 1.54, 1.64, 1.71, 1.76, 1.5, 1.71, 2.56, 2.56, 2.57, 2.75, 2.34, 1.98, 1.38, 1.27, 1.38, 1.09, 0, 0.95, 1.34, 1.81, 2.09, 2.23, 2.03, 1.93, 1.48, 1.22, 1.45, 1.28, 1.21, 1.47, 1.95, 2.48, 2.89, 2.63, 1.85, 1.79, 1.7, 1.94, 3.38, 5.01, 6.35, 6.45], [8.673, 8.665, 8.507, 8.206, 8.325, 8.019, 7.34, 7.07, 6.155, 5.45, 5.31, 5.34, 4.76, 4.14, 4.57, 5.61, 5.825, 5.895, 5.633, 5.475, 4.665, 3.828, 2.72, 3.34, 3.783, 2.8, 1.94, 2.5, 2.36, 2.59, 3.26, 3.73, 4.29, 4.33, 3.98, 3.36, 2.7, 2.09, 1.99, 1.96, 1.79, 1.72, 1.57, 1.86, 1.61, 1.67, 1.66, 1.85, 1.49, 1.9, 2.59, 2.67, 2.62, 2.8, 2.33, 2.09, 1.51, 1.48, 1.67, 1.5, 0.95, 0, 1.27, 1.9, 2.12, 2.28, 2.12, 2.04, 1.39, 1.21, 1.52, 1.25, 1.1, 1.56, 2.12, 2.45, 2.862, 2.64, 1.68, 1.78, 1.53, 1.97, 3.31, 5.02, 6.4, 6.5], [7.847, 7.9, 7.86, 7.85, 8.04, 7.68, 7.27, 7.04, 6.11, 5.4, 5.48, 5.67, 4.87, 4.23, 4.52, 5.46, 5.86, 5.91, 5.683, 5.385, 4.52, 3.58, 2.49, 2.93, 3.33, 2.51, 2.27, 2.91, 2.79, 3.08, 3.85, 4.16, 4.62, 4.56, 4.01, 3.39, 2.79, 2.32, 2.12, 2.13, 1.78, 2.09, 1.9, 1.91, 2.06, 1.84, 1.55, 1.66, 2.1, 2.61, 3.12, 3.26, 3.509, 3.71, 3.16, 2.62, 1.88, 1.69, 1.44, 1.51, 1.34, 1.27, 0, 1.07, 1.49, 1.63, 1.51, 1.41, 1.64, 1.58, 1.87, 2.02, 1.91, 2.15, 2.75, 3.3, 3.703, 3.421, 2.65, 2.37, 2.36, 2.34, 3.46, 5.17, 6.07, 6.07], [7.418, 7.658, 7.79, 7.9, 8.13, 7.75, 7.34, 7.11, 6.28, 5.73, 5.75, 6.2, 5.26, 4.56, 4.81, 5.59, 5.97, 6.16, 5.78, 5.52, 4.85, 3.73, 2.74, 3.14, 3.3, 2.64, 2.96, 3.48, 3.46, 3.67, 4.38, 4.75, 5.136, 5.01, 4.34, 3.68, 3.32, 2.85, 2.69, 2.82, 2.33, 2.6, 2.49, 2.34, 2.47, 2.27, 1.72, 1.79, 2.55, 3.18, 3.609, 3.73, 3.98, 4.26, 3.65, 3.07, 2.39, 1.94, 1.65, 1.6, 1.81, 1.9, 1.07, 0, 1.12, 1.38, 1.36, 1.66, 2.13, 2.21, 2.32, 2.73, 2.56, 2.72, 3.28, 3.89, 4.273, 4.04, 3.4, 2.98, 3.01, 3.09, 3.95, 5.34, 6.2, 6.18], [7.2, 7.4, 7.43, 7.56, 7.71, 7.35, 7.06, 6.89, 6.14, 5.75, 5.91, 6.42, 5.42, 4.72, 4.81, 5.47, 5.85, 6.06, 5.76, 5.54, 4.89, 3.45, 2.84, 3.26, 3.2, 2.94, 3.22, 3.8, 3.6, 3.83, 4.58, 5.004, 5.45, 5.267, 4.6, 3.96, 3.5, 3.07, 2.97, 3.0, 2.55, 2.7, 2.63, 2.56, 2.59, 2.55, 2.02, 2.07, 2.83, 3.5, 3.809, 4.029, 4.279, 4.416, 3.97, 3.41, 2.59, 2.14, 1.91, 1.88, 2.09, 2.12, 1.49, 1.12, 0, 0.84, 1.06, 1.44, 2.07, 2.31, 2.56, 2.91, 2.76, 2.96, 3.54, 4.046, 4.456, 4.253, 3.54, 3.2, 3.23, 3.29, 4.35, 5.38, 5.84, 6.02], [6.86, 7.1, 7.17, 7.2, 7.39, 7.05, 6.78, 6.57, 5.88, 5.57, 5.83, 6.28, 5.34, 4.74, 4.59, 5.17, 5.45, 5.68, 5.5, 5.24, 4.71, 3.37, 2.66, 3.06, 2.98, 2.94, 3.22, 3.8, 3.72, 4.19, 4.911, 5.41, 5.787, 5.667, 5.02, 4.36, 3.78, 3.19, 3.11, 3.02, 2.65, 2.8, 2.63, 2.6, 2.67, 2.79, 2.26, 2.09, 2.95, 3.7, 4.12, 4.309, 4.439, 4.707, 4.17, 3.61, 2.69, 2.4, 2.21, 1.94, 2.23, 2.28, 1.63, 1.38, 0.84, 0, 0.9, 1.12, 2.01, 2.27, 2.56, 2.89, 2.86, 3.32, 3.92, 4.426, 4.77, 4.613, 3.6, 3.18, 3.21, 3.27, 4.33, 5.3, 5.64, 5.72], [6.84, 6.94, 6.93, 7.1, 7.35, 6.97, 6.62, 6.43, 5.7, 5.37, 5.55, 6.08, 5.08, 4.4, 4.39, 4.99, 5.39, 5.56, 5.34, 5.14, 4.45, 3.27, 2.42, 2.76, 2.76, 2.54, 2.84, 3.36, 3.48, 4.064, 4.914, 5.284, 5.682, 5.539, 4.88, 4.18, 3.54, 2.97, 2.73, 2.7, 2.29, 2.52, 2.29, 2.18, 2.39, 2.65, 2.04, 1.85, 2.75, 3.54, 4.0, 4.195, 4.365, 4.587, 4.05, 3.47, 2.53, 2.34, 2.09, 1.64, 2.03, 2.12, 1.51, 1.36, 1.06, 0.9, 0, 1.14, 1.87, 2.01, 2.24, 2.63, 2.7, 3.14, 3.78, 4.312, 4.71, 4.499, 3.4, 2.84, 2.91, 2.89, 3.97, 5.02, 5.6, 5.68], [7.219, 7.26, 7.17, 6.98, 6.91, 6.77, 6.28, 5.89, 5.06, 4.77, 5.01, 5.52, 4.7, 4.16, 3.99, 4.53, 4.87, 5.02, 4.86, 4.58, 3.91, 2.69, 2.16, 2.54, 2.72, 2.54, 2.88, 3.54, 3.42, 3.81, 4.7, 5.47, 5.899, 5.85, 5.28, 4.6, 3.9, 3.31, 3.07, 3.02, 2.71, 2.76, 2.65, 2.7, 2.73, 2.81, 2.3, 1.79, 2.57, 3.26, 3.805, 3.861, 4.091, 4.268, 3.75, 3.19, 2.29, 2.08, 2.09, 1.86, 1.93, 2.04, 1.41, 1.66, 1.44, 1.12, 1.14, 0, 1.37, 1.69, 1.92, 2.25, 2.38, 2.74, 3.36, 3.898, 4.311, 4.065, 2.96, 2.56, 2.55, 2.69, 3.59, 4.5, 5.08, 5.1], [8.306, 8.297, 8.14, 7.75, 7.74, 7.54, 6.91, 6.44, 5.39, 4.74, 4.58, 5.05, 4.59, 3.95, 4.16, 4.84, 5.32, 5.19, 4.95, 4.55, 4.0, 2.98, 2.23, 2.97, 3.35, 2.61, 2.43, 3.01, 2.81, 3.28, 4.11, 4.858, 5.298, 5.3, 4.83, 4.15, 3.31, 2.7, 2.5, 2.45, 2.38, 2.15, 2.04, 2.29, 2.14, 2.5, 2.33, 1.66, 1.88, 2.51, 3.07, 2.98, 3.11, 3.288, 2.76, 2.36, 1.66, 1.87, 2.14, 1.75, 1.48, 1.39, 1.64, 2.13, 2.07, 2.01, 1.87, 1.37, 0, 0.9, 1.47, 1.4, 1.73, 2.19, 2.63, 2.94, 3.33, 3.03, 1.93, 1.67, 1.42, 2.06, 3.24, 4.27, 5.43, 5.67], [8.226, 8.23, 8.08, 7.65, 7.7, 7.46, 6.67, 6.38, 5.25, 4.5, 4.5, 4.79, 4.07, 3.53, 3.96, 4.82, 5.26, 5.29, 5.01, 4.73, 3.88, 2.96, 2.17, 2.89, 3.27, 2.27, 1.85, 2.41, 2.75, 3.238, 3.897, 4.638, 5.18, 5.16, 4.85, 4.11, 3.17, 2.44, 2.22, 2.27, 2.1, 1.93, 1.74, 2.07, 1.78, 2.28, 2.11, 1.58, 1.52, 2.23, 2.984, 2.91, 2.959, 3.25, 2.68, 2.14, 1.72, 1.91, 2.1, 1.71, 1.22, 1.21, 1.58, 2.21, 2.31, 2.27, 2.01, 1.69, 0.9, 0, 0.97, 0.96, 1.35, 1.81, 2.39, 2.88, 3.367, 3.093, 1.81, 1.57, 1.44, 1.54, 2.92, 4.19, 5.47, 5.57], [7.816, 7.82, 7.67, 7.24, 7.29, 7.05, 6.24, 5.95, 4.88, 4.23, 4.07, 4.42, 3.84, 3.18, 3.55, 4.53, 4.71, 4.9, 4.52, 4.36, 3.55, 2.61, 2.02, 2.52, 2.86, 1.76, 1.42, 2.24, 3.12, 3.705, 4.37, 5.017, 5.59, 5.61, 5.26, 4.54, 3.6, 2.85, 2.67, 2.58, 2.45, 2.18, 1.87, 2.0, 2.03, 2.53, 2.06, 1.55, 1.45, 2.5, 3.545, 3.465, 3.473, 3.687, 3.025, 2.43, 1.89, 1.98, 2.15, 1.92, 1.45, 1.52, 1.87, 2.32, 2.56, 2.56, 2.24, 1.92, 1.47, 0.97, 0, 1.01, 1.56, 2.08, 2.76, 3.34, 3.786, 3.483, 2.14, 1.46, 1.53, 1.45, 2.31, 3.82, 5.2, 5.32], [8.709, 8.7, 8.54, 8.13, 8.14, 7.94, 7.09, 6.7, 5.75, 5.02, 4.78, 4.91, 4.37, 3.85, 4.24, 5.26, 5.48, 5.49, 5.17, 5.03, 4.36, 3.38, 2.69, 3.35, 3.75, 2.65, 1.67, 2.15, 2.67, 3.08, 3.628, 4.335, 4.94, 4.96, 4.71, 3.97, 3.03, 2.32, 2.16, 2.21, 2.04, 1.85, 1.66, 1.87, 1.66, 2.12, 2.07, 1.94, 1.4, 1.77, 2.927, 2.81, 2.674, 2.797, 2.32, 1.88, 1.54, 1.97, 2.18, 1.93, 1.28, 1.25, 2.02, 2.73, 2.91, 2.89, 2.63, 2.25, 1.4, 0.96, 1.01, 0, 0.77, 1.55, 2.05, 2.52, 2.91, 2.608, 1.37, 1.27, 1.06, 1.46, 2.94, 4.53, 5.97, 6.15], [9.193, 9.193, 9.01, 8.64, 8.65, 8.446, 7.64, 7.27, 6.34, 5.61, 5.45, 5.36, 4.84, 4.36, 4.75, 5.79, 5.97, 6.06, 5.76, 5.62, 4.95, 4.01, 3.14, 3.84, 4.26, 3.214, 2.0, 2.28, 2.28, 2.51, 2.98, 3.665, 4.27, 4.29, 4.06, 3.34, 2.62, 2.01, 1.91, 2.0, 1.77, 1.66, 1.57, 1.92, 1.73, 1.71, 2.08, 2.29, 1.59, 1.48, 2.41, 2.39, 2.2, 2.34, 1.93, 1.69, 1.59, 1.76, 2.01, 2.04, 1.21, 1.1, 1.91, 2.56, 2.76, 2.86, 2.7, 2.38, 1.73, 1.35, 1.56, 0.77, 0, 1.0, 1.52, 2.03, 2.419, 2.116, 1.26, 1.46, 1.23, 1.83, 3.47, 5.2, 6.62, 6.74], [9.677, 9.669, 9.5, 9.116, 9.19, 8.946, 8.12, 7.83, 6.76, 5.97, 5.85, 5.92, 5.4, 4.86, 5.35, 6.35, 6.65, 6.72, 6.44, 6.26, 5.37, 4.41, 3.6, 4.316, 4.719, 3.645, 2.26, 2.24, 2.14, 2.11, 2.6, 3.23, 3.81, 3.83, 3.6, 3.0, 2.34, 2.13, 2.09, 2.04, 1.81, 1.6, 1.69, 1.98, 1.89, 1.75, 2.14, 2.31, 1.65, 1.26, 1.83, 1.91, 1.78, 1.9, 1.53, 1.37, 1.75, 1.86, 2.11, 2.34, 1.47, 1.56, 2.15, 2.72, 2.96, 3.32, 3.14, 2.74, 2.19, 1.81, 2.08, 1.55, 1.0, 0, 0.88, 1.45, 1.9, 1.6, 1.16, 1.8, 1.71, 2.21, 3.87, 5.6, 6.98, 7.08], [10.437, 10.429, 10.263, 9.862, 9.89, 9.672, 8.84, 8.47, 7.44, 6.55, 6.29, 6.46, 6.12, 5.58, 5.99, 6.95, 7.31, 7.28, 7.0, 6.815, 6.03, 5.05, 4.305, 5.062, 5.482, 4.388, 2.98, 2.52, 2.32, 2.17, 2.58, 3.15, 3.55, 3.55, 3.38, 3.02, 2.5, 2.53, 2.63, 2.38, 2.33, 2.02, 2.15, 2.48, 2.37, 2.05, 2.68, 2.91, 2.09, 1.34, 1.93, 1.85, 1.56, 1.46, 1.11, 1.41, 2.09, 2.24, 2.49, 2.78, 1.95, 2.12, 2.75, 3.28, 3.54, 3.92, 3.78, 3.36, 2.63, 2.39, 2.76, 2.05, 1.52, 0.88, 0, 0.89, 1.32, 1.12, 1.4, 2.24, 2.11, 2.81, 4.53, 6.12, 7.4, 7.64], [11.036, 11.027, 10.862, 10.455, 10.462, 10.262, 9.421, 9.025, 8.007, 7.152, 6.78, 7.03, 6.701, 6.166, 6.596, 7.511, 7.853, 7.749, 7.477, 7.245, 6.62, 5.629, 4.906, 5.655, 6.083, 4.989, 3.558, 2.81, 2.37, 2.08, 2.41, 2.98, 3.22, 3.28, 3.15, 2.91, 2.53, 2.8, 2.94, 2.71, 2.66, 2.35, 2.68, 3.07, 2.8, 2.54, 3.25, 3.56, 2.48, 1.73, 1.98, 1.88, 1.49, 1.25, 1.26, 1.88, 2.46, 2.61, 3.04, 3.27, 2.48, 2.45, 3.3, 3.89, 4.046, 4.426, 4.312, 3.898, 2.94, 2.88, 3.34, 2.52, 2.03, 1.45, 0.89, 0, 0.73, 0.85, 1.47, 2.71, 2.44, 3.32, 5.097, 6.63, 7.91, 8.276], [11.49, 11.481, 11.323, 10.919, 10.935, 10.72, 9.891, 9.507, 8.491, 7.696, 7.307, 7.46, 7.133, 6.619, 7.026, 7.961, 8.3