[[0, 0.7, 0.94, 1.49, 1.9, 1.82, 2.3, 3.08, 3.3, 3.0, 3.39, 4.4, 5.1, 5.53, 5.2, 3.79, 3.76, 3.12, 3.85, 5.07, 5.26, 5.43, 5.13, 3.88, 2.94, 2.17, 2.69, 3.11, 3.51, 3.43, 3.24, 2.96, 2.47, 2.6, 1.97, 1.87, 1.83, 1.47, 1.86, 2.01, 2.28, 3.02, 3.41, 3.3, 2.4, 2.19, 1.61, 1.92, 1.33, 5.102, 7.11, 9.02, 12.299, 13.913, 15.766, 17.259, 17.79, 18.68, 19.07, 17.589, 17.863, 19.513, 19.966, 20.346, 20.296, 20.373, 21.578, 22.725, 22.449, 21.053, 19.47, 18.67, 18.54, 17.68, 16.71, 16.48, 16.333, 16.946, 17.713, 16.681, 14.541, 12.693, 12.49, 11.98, 11.16, 10.88], [0.7, 0, 0.66, 1.29, 1.74, 1.48, 2.06, 2.56, 2.82, 2.56, 3.03, 4.04, 4.74, 5.17, 4.88, 3.63, 3.66, 3.18, 4.15, 5.35, 5.54, 5.71, 5.43, 4.2, 3.22, 2.57, 3.09, 3.43, 3.89, 3.79, 3.56, 3.36, 2.79, 2.78, 2.29, 2.25, 2.23, 1.97, 2.46, 2.55, 2.8, 3.5, 3.91, 3.78, 2.78, 2.59, 1.95, 2.36, 1.45, 4.619, 6.61, 8.52, 11.816, 13.43, 15.283, 16.76, 17.29, 18.18, 18.57, 17.09, 17.37, 19.02, 19.47, 19.85, 19.8, 19.88, 21.09, 22.24, 21.95, 20.56, 18.97, 18.17, 18.04, 17.18, 16.21, 15.98, 15.84, 16.45, 17.22, 16.19, 14.05, 12.2, 11.99, 11.48, 10.66, 10.38], [0.94, 0.66, 0, 1.11, 1.58, 1.38, 2.0, 2.46, 2.74, 2.46, 2.91, 3.86, 4.52, 4.95, 4.62, 3.41, 3.46, 3.14, 4.07, 5.27, 5.46, 5.63, 5.35, 4.14, 3.24, 2.57, 3.05, 3.41, 3.87, 3.81, 3.54, 3.3, 2.79, 2.72, 2.15, 2.17, 2.15, 1.75, 2.32, 2.39, 2.72, 3.38, 3.75, 3.58, 2.64, 2.47, 1.91, 2.1, 1.77, 4.599, 6.59, 8.5, 11.796, 13.41, 15.263, 16.74, 17.27, 18.16, 18.55, 17.07, 17.35, 19.0, 19.45, 19.83, 19.78, 19.86, 21.07, 22.22, 21.93, 20.54, 18.95, 18.15, 18.02, 17.16, 16.19, 15.96, 15.82, 16.43, 17.2, 16.17, 14.03, 12.18, 11.97, 11.46, 10.64, 10.36], [1.49, 1.29, 1.11, 0, 0.83, 0.71, 1.27, 1.97, 2.23, 1.93, 2.4, 3.29, 3.99, 4.34, 4.03, 2.62, 2.63, 2.27, 3.48, 4.6, 4.73, 4.9, 4.48, 3.49, 2.53, 2.06, 2.72, 3.02, 3.46, 3.42, 3.17, 3.13, 2.34, 1.83, 1.88, 2.04, 2.06, 1.84, 2.61, 2.74, 3.05, 3.71, 4.04, 3.83, 2.73, 2.38, 1.9, 2.27, 1.92, 4.072, 6.08, 7.978, 11.269, 12.883, 14.736, 16.229, 16.76, 17.65, 18.04, 16.559, 16.833, 18.483, 18.936, 19.316, 19.266, 19.343, 20.548, 21.695, 21.419, 20.023, 18.44, 17.64, 17.51, 16.65, 15.68, 15.45, 15.303, 15.916, 16.683, 15.651, 13.511, 11.663, 11.46, 10.95, 10.13, 9.85], [1.9, 1.74, 1.58, 0.83, 0, 0.72, 0.94, 1.44, 1.66, 1.42, 1.83, 2.76, 3.48, 3.87, 3.54, 2.37, 2.26, 2.0, 3.41, 4.49, 4.58, 4.67, 4.19, 3.34, 2.52, 2.39, 3.13, 3.37, 3.83, 3.73, 3.4, 3.4, 2.67, 1.88, 2.13, 2.35, 2.35, 2.27, 3.1, 3.25, 3.54, 4.24, 4.57, 4.36, 3.26, 2.85, 2.43, 2.76, 2.23, 3.74, 5.51, 7.408, 10.699, 12.313, 14.166, 15.659, 16.19, 17.08, 17.47, 15.989, 16.263, 17.913, 18.366, 18.746, 18.696, 18.773, 19.978, 21.125, 20.849, 19.453, 17.87, 17.07, 16.94, 16.08, 15.11, 14.88, 14.733, 15.346, 16.113, 15.081, 12.941, 11.093, 10.89, 10.38, 9.56, 9.28], [1.82, 1.48, 1.38, 0.71, 0.72, 0, 0.94, 1.54, 1.8, 1.54, 1.95, 2.86, 3.58, 3.97, 3.68, 2.47, 2.42, 2.04, 3.39, 4.61, 4.7, 4.83, 4.37, 3.36, 2.48, 2.21, 2.87, 3.15, 3.61, 3.53, 3.28, 3.24, 2.47, 1.8, 1.99, 2.17, 2.17, 2.17, 3.02, 3.15, 3.44, 4.06, 4.35, 4.12, 3.04, 2.61, 2.27, 2.58, 1.99, 3.66, 5.63, 7.54, 10.84, 12.45, 14.303, 15.78, 16.31, 17.2, 17.59, 16.11, 16.39, 18.04, 18.49, 18.87, 18.82, 18.9, 20.11, 21.26, 20.97, 19.58, 17.99, 17.19, 17.06, 16.2, 15.23, 15.0, 14.86, 15.47, 16.24, 15.21, 13.07, 11.22, 11.01, 10.5, 9.68, 9.4], [2.3, 2.06, 2.0, 1.27, 0.94, 0.94, 0, 1.12, 1.3, 1.18, 1.45, 2.38, 3.06, 3.43, 3.06, 2.15, 2.0, 1.96, 3.59, 4.67, 4.74, 4.83, 4.33, 3.34, 2.48, 2.55, 3.25, 3.49, 3.97, 3.89, 3.62, 3.62, 2.81, 1.98, 2.31, 2.49, 2.55, 2.61, 3.46, 3.59, 3.84, 4.48, 4.77, 4.52, 3.42, 3.01, 2.65, 3.04, 2.45, 3.5, 5.05, 6.96, 10.24, 11.86, 13.71, 15.18, 15.71, 16.6, 16.99, 15.51, 15.79, 17.44, 17.89, 18.27, 18.22, 18.3, 19.51, 20.66, 20.37, 18.98, 17.39, 16.59, 16.46, 15.6, 14.63, 14.4, 14.26, 14.87, 15.64, 14.61, 12.47, 10.62, 10.41, 9.9, 9.08, 8.8], [3.08, 2.56, 2.46, 1.97, 1.44, 1.54, 1.12, 0, 0.58, 0.82, 0.99, 1.6, 2.24, 2.71, 2.54, 2.65, 2.6, 2.8, 4.49, 5.63, 5.66, 5.67, 5.15, 4.3, 3.42, 3.39, 4.09, 4.37, 4.85, 4.71, 4.38, 4.42, 3.65, 2.8, 3.13, 3.33, 3.31, 3.31, 4.18, 4.33, 4.58, 5.24, 5.57, 5.32, 4.22, 3.85, 3.47, 3.88, 3.03, 3.34, 4.19, 6.1, 9.38, 11.0, 12.85, 14.32, 14.85, 15.74, 16.13, 14.65, 14.93, 16.58, 17.03, 17.41, 17.36, 17.44, 18.65, 19.8, 19.51, 18.12, 16.53, 15.73, 15.6, 14.74, 13.77, 13.54, 13.4, 14.01, 14.78, 13.75, 11.61, 9.76, 9.55, 9.04, 8.22, 7.94], [3.3, 2.82, 2.74, 2.23, 1.66, 1.8, 1.3, 0.58, 0, 0.74, 0.77, 1.36, 2.0, 2.49, 2.3, 2.61, 2.58, 2.86, 4.65, 5.69, 5.68, 5.59, 5.09, 4.34, 3.5, 3.53, 4.25, 4.53, 4.99, 4.83, 4.52, 4.52, 3.75, 2.92, 3.27, 3.47, 3.43, 3.51, 4.34, 4.55, 4.76, 5.42, 5.77, 5.52, 4.42, 4.03, 3.65, 4.06, 3.19, 3.28, 3.91, 5.82, 9.1, 10.72, 12.57, 14.04, 14.57, 15.46, 15.85, 14.37, 14.65, 16.3, 16.75, 17.13, 17.08, 17.16, 18.37, 19.52, 19.23, 17.84, 16.25, 15.45, 15.32, 14.46, 13.49, 13.26, 13.12, 13.73, 14.5, 13.47, 11.33, 9.48, 9.27, 8.76, 7.94, 7.66], [3.0, 2.56, 2.46, 1.93, 1.42, 1.54, 1.18, 0.82, 0.74, 0, 0.83, 1.58, 2.22, 2.67, 2.4, 2.29, 2.22, 2.5, 4.25, 5.33, 5.3, 5.29, 4.71, 3.96, 3.2, 3.27, 3.87, 4.13, 4.57, 4.43, 4.08, 4.1, 3.33, 2.48, 2.79, 3.09, 3.17, 3.17, 4.06, 4.27, 4.56, 5.16, 5.49, 5.14, 4.02, 3.67, 3.37, 3.8, 3.07, 3.24, 4.19, 6.1, 9.396, 11.01, 12.863, 14.34, 14.87, 15.76, 16.15, 14.67, 14.95, 16.6, 17.05, 17.43, 17.38, 17.46, 18.67, 19.82, 19.53, 18.14, 16.55, 15.75, 15.62, 14.76, 13.79, 13.56, 13.42, 14.03, 14.8, 13.77, 11.63, 9.78, 9.57, 9.06, 8.24, 7.96], [3.39, 3.03, 2.91, 2.4, 1.83, 1.95, 1.45, 0.99, 0.77, 0.83, 0, 1.35, 1.93, 2.44, 2.23, 2.52, 2.41, 2.83, 4.64, 5.58, 5.67, 5.66, 5.0, 4.21, 3.51, 3.58, 4.24, 4.5, 4.94, 4.78, 4.41, 4.39, 3.68, 2.81, 3.12, 3.46, 3.48, 3.48, 4.33, 4.56, 4.91, 5.53, 5.84, 5.55, 4.45, 4.08, 3.78, 4.21, 3.3, 3.09, 3.74, 5.65, 8.946, 10.56, 12.413, 13.89, 14.42, 15.31, 15.7, 14.22, 14.5, 16.15, 16.6, 16.98, 16.93, 17.01, 18.22, 19.37, 19.08, 17.69, 16.1, 15.3, 15.17, 14.31, 13.34, 13.11, 12.97, 13.58, 14.35, 13.32, 11.18, 9.33, 9.12, 8.61, 7.79, 7.51], [4.4, 4.04, 3.86, 3.29, 2.76, 2.86, 2.38, 1.6, 1.36, 1.58, 1.35, 0, 0.96, 1.47, 1.7, 2.75, 2.68, 3.14, 5.07, 6.09, 6.12, 5.97, 5.27, 4.58, 3.88, 4.07, 4.73, 5.11, 5.49, 5.27, 5.0, 4.96, 4.29, 3.22, 3.63, 4.03, 4.13, 4.27, 5.08, 5.29, 5.62, 6.24, 6.59, 6.26, 5.16, 4.81, 4.59, 5.0, 4.13, 3.3, 3.13, 4.72, 8.02, 9.63, 11.49, 12.96, 13.53, 14.38, 14.81, 13.29, 13.57, 15.22, 15.67, 16.05, 16.0, 16.08, 17.29, 18.44, 18.15, 16.76, 15.17, 14.37, 14.24, 13.38, 12.41, 12.18, 12.04, 12.65, 13.42, 12.39, 10.25, 8.4, 8.19, 7.68, 6.86, 6.62], [5.1, 4.74, 4.52, 3.99, 3.48, 3.58, 3.06, 2.24, 2.0, 2.22, 1.93, 0.96, 0, 0.85, 1.32, 2.85, 2.72, 3.32, 5.31, 6.43, 6.56, 6.41, 5.69, 5.04, 4.44, 4.67, 5.31, 5.57, 5.87, 5.67, 5.3, 5.28, 4.63, 3.58, 4.13, 4.65, 4.83, 4.87, 5.72, 5.97, 6.28, 6.7, 7.03, 6.72, 5.58, 5.29, 5.15, 5.56, 4.81, 3.2, 2.57, 4.08, 7.36, 8.98, 10.85, 12.34, 12.95, 13.78, 14.21, 12.73, 12.95, 14.56, 15.01, 15.39, 15.34, 15.42, 16.63, 17.78, 17.49, 16.1, 14.51, 13.71, 13.58, 12.72, 11.75, 11.52, 11.38, 11.99, 12.76, 11.77, 9.59, 7.74, 7.53, 7.06, 6.24, 6.04], [5.53, 5.17, 4.95, 4.34, 3.87, 3.97, 3.43, 2.71, 2.49, 2.67, 2.44, 1.47, 0.85, 0, 1.27, 2.68, 2.71, 3.31, 5.4, 6.52, 6.759, 6.58, 5.84, 5.21, 4.69, 5.04, 5.56, 5.76, 5.94, 5.82, 5.59, 5.67, 4.86, 3.91, 4.5, 5.14, 5.32, 5.3, 6.19, 6.44, 6.69, 6.99, 7.24, 6.91, 5.71, 5.44, 5.32, 5.75, 5.26, 3.47, 2.58, 3.89, 7.17, 8.79, 10.62, 12.09, 12.72, 13.55, 14.0, 12.46, 12.74, 14.35, 14.82, 15.18, 15.13, 15.21, 16.42, 17.57, 17.28, 15.89, 14.3, 13.52, 13.37, 12.53, 11.54, 11.31, 11.17, 11.78, 12.55, 11.52, 9.38, 7.53, 7.32, 6.87, 6.01, 5.81], [5.2, 4.88, 4.62, 4.03, 3.54, 3.68, 3.06, 2.54, 2.3, 2.4, 2.23, 1.7, 1.32, 1.27, 0, 2.21, 2.08, 2.84, 4.95, 6.25, 6.456, 6.266, 5.529, 4.94, 4.5, 4.77, 5.29, 5.51, 5.69, 5.61, 5.3, 5.28, 4.57, 3.6, 4.25, 4.85, 5.05, 5.07, 5.98, 6.23, 6.44, 6.72, 6.97, 6.64, 5.38, 5.11, 5.05, 5.4, 4.97, 3.48, 2.93, 4.22, 7.54, 9.16, 11.03, 12.58, 13.25, 14.08, 14.51, 13.01, 13.19, 14.66, 15.13, 15.55, 15.48, 15.52, 16.73, 17.84, 17.65, 16.26, 14.75, 13.97, 13.8, 12.98, 11.97, 11.76, 11.5, 12.13, 12.88, 11.95, 9.69, 7.86, 7.77, 7.36, 6.52, 6.36], [3.79, 3.63, 3.41, 2.62, 2.37, 2.47, 2.15, 2.65, 2.61, 2.29, 2.52, 2.75, 2.85, 2.68, 2.21, 0, 0.85, 1.03, 2.98, 4.24, 4.45, 4.28, 3.66, 2.95, 2.49, 2.98, 3.4, 3.5, 3.72, 3.64, 3.45, 3.47, 2.82, 1.93, 2.52, 3.1, 3.24, 3.44, 4.17, 4.5, 4.67, 4.79, 4.96, 4.61, 3.47, 3.18, 3.16, 3.53, 3.66, 3.99, 4.64, 6.23, 9.47, 11.09, 12.94, 14.41, 15.04, 15.87, 16.32, 14.78, 15.02, 16.67, 17.12, 17.5, 17.45, 17.53, 18.74, 19.89, 19.6, 18.21, 16.62, 15.84, 15.69, 14.85, 13.86, 13.63, 13.49, 14.1, 14.87, 13.84, 11.7, 9.85, 9.64, 9.19, 8.33, 8.13], [3.76, 3.66, 3.46, 2.63, 2.26, 2.42, 2.0, 2.6, 2.58, 2.22, 2.41, 2.68, 2.72, 2.71, 2.08, 0.85, 0, 1.1, 3.31, 4.61, 4.854, 4.69, 3.99, 3.32, 2.92, 3.23, 3.75, 3.91, 4.09, 3.93, 3.6, 3.62, 2.91, 1.92, 2.63, 3.21, 3.39, 3.49, 4.3, 4.63, 4.84, 5.14, 5.33, 5.04, 3.88, 3.59, 3.53, 3.88, 3.71, 4.0, 4.53, 5.9, 9.1, 10.7, 12.57, 14.06, 14.67, 15.5, 15.93, 14.55, 14.73, 16.26, 16.71, 17.09, 17.04, 17.12, 18.33, 19.48, 19.19, 17.8, 16.21, 15.41, 15.28, 14.42, 13.45, 13.22, 13.08, 13.69, 14.46, 13.49, 11.29, 9.44, 9.23, 8.78, 7.96, 7.82], [3.12, 3.18, 3.14, 2.27, 2.0, 2.04, 1.96, 2.8, 2.86, 2.5, 2.83, 3.14, 3.32, 3.31, 2.84, 1.03, 1.1, 0, 2.37, 3.75, 3.86, 3.85, 3.29, 2.46, 1.98, 2.33, 2.81, 2.95, 3.21, 3.11, 2.78, 2.78, 2.01, 1.4, 1.81, 2.37, 2.55, 2.67, 3.44, 3.75, 3.94, 4.14, 4.31, 4.06, 2.9, 2.59, 2.53, 2.86, 2.95, 4.1, 5.25, 6.86, 10.1, 11.72, 13.57, 15.04, 15.63, 16.48, 16.89, 15.45, 15.65, 17.3, 17.75, 18.13, 18.08, 18.16, 19.37, 20.52, 20.23, 18.84, 17.25, 16.45, 16.32, 15.46, 14.49, 14.26, 14.12, 14.73, 15.5, 14.47, 12.33, 10.48, 10.27, 9.76, 8.94, 8.72], [3.85, 4.15, 4.07, 3.48, 3.41, 3.39, 3.59, 4.49, 4.65, 4.25, 4.64, 5.07, 5.31, 5.4, 4.95, 2.98, 3.31, 2.37, 0, 1.78, 2.01, 2.28, 1.94, 1.19, 1.53, 2.04, 1.76, 1.36, 1.6, 1.62, 1.73, 1.89, 1.86, 2.47, 2.52, 2.48, 2.7, 2.8, 2.89, 2.98, 2.83, 2.71, 2.56, 2.31, 2.09, 2.08, 2.5, 2.43, 3.56, 5.75, 7.26, 9.05, 12.35, 13.97, 15.796, 17.29, 17.86, 18.73, 19.12, 17.72, 17.94, 19.55, 20.0, 20.38, 20.326, 20.403, 21.608, 22.755, 22.479, 21.083, 19.5, 18.7, 18.57, 17.71, 16.74, 16.51, 16.363, 16.976, 17.743, 16.72, 14.571, 12.723, 12.52, 12.01, 11.19, 10.97], [5.07, 5.35, 5.27, 4.6, 4.49, 4.61, 4.67, 5.63, 5.69, 5.33, 5.58, 6.09, 6.43, 6.52, 6.25, 4.24, 4.61, 3.75, 1.78, 0, 0.79, 1.1, 1.26, 1.71, 2.61, 3.28, 2.74, 2.14, 2.16, 2.32, 2.61, 2.99, 3.06, 3.89, 3.98, 3.8, 3.94, 4.04, 4.09, 4.06, 3.73, 3.23, 2.84, 2.91, 3.05, 3.18, 3.62, 3.51, 4.74, 7.13, 8.5, 10.343, 13.635, 15.249, 17.082, 18.593, 19.146, 20.016, 20.423, 18.954, 19.217, 20.826, 21.302, 21.662, 21.612, 21.686, 22.893, 24.028, 23.765, 22.369, 20.788, 19.991, 19.858, 19.001, 18.028, 17.798, 17.649, 18.262, 19.029, 18.016, 15.856, 14.009, 13.808, 13.307, 12.493, 12.236], [5.26, 5.54, 5.46, 4.73, 4.58, 4.7, 4.74, 5.66, 5.68, 5.3, 5.67, 6.12, 6.56, 6.759, 6.456, 4.45, 4.854, 3.86, 2.01, 0.79, 0, 0.59, 1.23, 1.86, 2.7, 3.45, 2.89, 2.31, 2.49, 2.69, 2.94, 3.36, 3.45, 4.04, 4.09, 3.89, 4.09, 4.23, 4.3, 4.25, 3.92, 3.42, 3.07, 3.1, 3.34, 3.37, 3.77, 3.66, 4.87, 7.06, 8.71, 10.573, 13.885, 15.499, 17.37, 18.843, 19.436, 20.266, 20.713, 19.182, 19.453, 21.079, 21.529, 21.912, 21.862, 21.936, 23.143, 24.278, 24.015, 22.619, 21.038, 20.241, 20.108, 19.251, 18.278, 18.048, 17.899, 18.512, 19.279, 18.273, 16.106, 14.259, 14.058, 13.58, 12.743, 12.526], [5.43, 5.71, 5.63, 4.9, 4.67, 4.83, 4.83, 5.67, 5.59, 5.29, 5.66, 5.97, 6.41, 6.58, 6.266, 4.28, 4.69, 3.85, 2.28, 1.1, 0.59, 0, 0.94, 1.99, 2.91, 3.72, 3.18, 2.7, 2.96, 3.12, 3.35, 3.75, 3.78, 4.23, 4.24, 4.02, 4.28, 4.54, 4.57, 4.5, 4.19, 3.81, 3.46, 3.49, 3.69, 3.68, 4.02, 3.95, 5.06, 7.29, 8.5, 10.383, 13.695, 15.309, 17.18, 18.653, 19.246, 20.076, 20.523, 18.992, 19.263, 20.889, 21.342, 21.722, 21.672, 21.749, 22.953, 24.101, 23.825, 22.429, 20.848, 20.051, 19.918, 19.061, 18.088, 17.858, 17.709, 18.322, 19.089, 18.083, 15.916, 14.069, 13.868, 13.39, 12.553, 12.336], [5.13, 5.43, 5.35, 4.48, 4.19, 4.37, 4.33, 5.15, 5.09, 4.71, 5.0, 5.27, 5.69, 5.84, 5.529, 3.66, 3.99, 3.29, 1.94, 1.26, 1.23, 0.94, 0, 1.49, 2.49, 3.4, 2.9, 2.46, 2.78, 2.98, 3.15, 3.49, 3.46, 3.73, 3.82, 3.74, 4.0, 4.18, 4.23, 4.2, 3.95, 3.59, 3.24, 3.27, 3.39, 3.28, 3.66, 3.67, 4.76, 6.77, 7.78, 9.646, 12.918, 14.532, 16.405, 17.896, 18.469, 19.319, 19.746, 18.234, 18.506, 20.132, 20.585, 20.965, 20.915, 20.992, 22.196, 23.343, 23.068, 21.672, 20.091, 19.294, 19.161, 18.304, 17.331, 17.101, 16.952, 17.565, 18.332, 17.326, 15.159, 13.312, 13.111, 12.613, 11.796, 11.559], [3.88, 4.2, 4.14, 3.49, 3.34, 3.36, 3.34, 4.3, 4.34, 3.96, 4.21, 4.58, 5.04, 5.21, 4.94, 2.95, 3.32, 2.46, 1.19, 1.71, 1.86, 1.99, 1.49, 0, 1.32, 2.13, 1.89, 1.43, 1.81, 1.99, 2.08, 2.3, 2.09, 2.62, 2.55, 2.39, 2.63, 2.79, 2.86, 2.87, 2.82, 2.82, 2.59, 2.46, 2.16, 2.23, 2.63, 2.56, 3.59, 5.72, 7.15, 9.051, 12.322, 13.936, 15.789, 17.282, 17.83, 18.711, 19.11, 17.612, 17.886, 19.536, 19.989, 20.369, 20.319, 20.396, 21.601, 22.748, 22.472, 21.076, 19.495, 18.698, 18.565, 17.708, 16.735, 16.505, 16.356, 16.969, 17.736, 16.703, 14.563, 12.716, 12.515, 12.014, 11.188, 10.92], [2.94, 3.22, 3.24, 2.53, 2.52, 2.48, 2.48, 3.42, 3.5, 3.2, 3.51, 3.88, 4.44, 4.69, 4.5, 2.49, 2.92, 1.98, 1.53, 2.61, 2.7, 2.91, 2.49, 1.32, 0, 1.37, 1.55, 1.49, 1.81, 1.79, 1.86, 1.98, 1.47, 1.78, 1.77, 1.83, 2.01, 2.11, 2.3, 2.39, 2.44, 2.66, 2.85, 2.56, 1.96, 1.85, 2.01, 2.08, 2.73, 4.84, 6.57, 8.48, 11.776, 13.39, 15.243, 16.72, 17.25, 18.14, 18.53, 17.05, 17.33, 18.98, 19.43, 19.81, 19.76, 19.84, 21.05, 22.2, 21.91, 20.52, 18.93, 18.13, 18.0, 17.14, 16.17, 15.94, 15.8, 16.41, 17.18, 16.15, 14.01, 12.16, 11.95, 11.44, 10.62, 10.34], [2.17, 2.57, 2.57, 2.06, 2.39, 2.21, 2.55, 3.39, 3.53, 3.27, 3.58, 4.07, 4.67, 5.04, 4.77, 2.98, 3.23, 2.33, 2.04, 3.28, 3.45, 3.72, 3.4, 2.13, 1.37, 0, 0.92, 1.4, 1.7, 1.62, 1.51, 1.43, 1.06, 1.67, 1.42, 1.12, 1.1, 1.0, 1.31, 1.6, 1.87, 2.23, 2.6, 2.33, 1.45, 1.36, 1.38, 1.27, 1.76, 4.73, 6.74, 8.63, 11.93, 13.55, 15.4, 16.87, 17.5, 18.33, 18.78, 17.2, 17.48, 19.123, 19.576, 19.956, 19.906, 19.983, 21.188, 22.335, 22.059, 20.67, 19.08, 18.3, 18.15, 17.31, 16.32, 16.09, 15.943, 16.556, 17.323, 16.3, 14.151, 12.303, 12.1, 11.65, 10.79, 10.59], [2.69, 3.09, 3.05, 2.72, 3.13, 2.87, 3.25, 4.09, 4.25, 3.87, 4.24, 4.73, 5.31, 5.56, 5.29, 3.4, 3.75, 2.81, 1.76, 2.74, 2.89, 3.18, 2.9, 1.89, 1.55, 0.92, 0, 0.74, 1.04, 1.1, 1.07, 1.29, 1.28, 2.19, 1.8, 1.42, 1.44, 1.54, 1.53, 1.52, 1.53, 1.63, 1.96, 1.59, 1.17, 1.26, 1.64, 1.31, 2.28, 5.39, 7.42, 9.29, 12.59, 14.21, 16.06, 17.53, 18.18, 19.01, 19.46, 17.86, 18.14, 19.783, 20.236, 20.62, 20.566, 20.643, 21.848, 22.995, 22.719, 21.33, 19.76, 18.98, 18.83, 17.99, 17.0, 16.77, 16.603, 17.216, 17.983, 16.96, 14.811, 12.963, 12.78, 12.33, 11.47, 11.27], [3.11, 3.43, 3.41, 3.02, 3.37, 3.15, 3.49, 4.37, 4.53, 4.13, 4.5, 5.11, 5.57, 5.76, 5.51, 3.5, 3.91, 2.95, 1.36, 2.14, 2.31, 2.7, 2.46, 1.43, 1.49, 1.4, 0.74, 0, 0.7, 0.82, 0.99, 1.25, 1.44, 2.43, 2.16, 1.86, 1.9, 1.98, 2.03, 2.0, 1.69, 1.63, 1.62, 1.39, 1.25, 1.4, 1.84, 1.67, 2.78, 5.79, 7.7, 9.61, 12.909, 14.523, 16.38, 17.85, 18.44, 19.27, 19.72, 18.18, 18.46, 20.103, 20.556, 20.936, 20.886, 20.963, 22.168, 23.315, 23.039, 21.643, 20.06, 19.26, 19.13, 18.27, 17.3, 17.07, 16.923, 17.536, 18.303, 17.28, 15.131, 13.283, 13.08, 12.59, 11.75, 11.53], [3.51, 3.89, 3.87, 3.46, 3.83, 3.61, 3.97, 4.85, 4.99, 4.57, 4.94, 5.49, 5.87, 5.94, 5.69, 3.72, 4.09, 3.21, 1.6, 2.16, 2.49, 2.96, 2.78, 1.81, 1.81, 1.7, 1.04, 0.7, 0, 0.54, 1.03, 1.33, 1.66, 2.71, 2.52, 2.26, 2.26, 2.38, 2.37, 2.28, 1.95, 1.61, 1.54, 1.37, 1.63, 1.86, 2.34, 2.11, 3.24, 6.11, 7.92, 9.77, 13.069, 14.683, 16.536, 18.01, 18.58, 19.43, 19.86, 18.38, 18.62, 20.263, 20.72, 21.096, 21.046, 21.12, 22.327, 23.462, 23.199, 21.803, 20.22, 19.42, 19.29, 18.43, 17.46, 17.23, 17.083, 17.696, 18.463, 17.44, 15.29, 13.443, 13.24, 12.73, 11.91, 11.67], [3.43, 3.79, 3.81, 3.42, 3.73, 3.53, 3.89, 4.71, 4.83, 4.43, 4.78, 5.27, 5.67, 5.82, 5.61, 3.64, 3.93, 3.11, 1.62, 2.32, 2.69, 3.12, 2.98, 1.99, 1.79, 1.62, 1.1, 0.82, 0.54, 0, 0.81, 1.07, 1.44, 2.51, 2.34, 2.08, 2.12, 2.26, 2.27, 2.16, 1.85, 1.71, 1.82, 1.61, 1.71, 1.96, 2.44, 2.15, 3.08, 5.93, 7.68, 9.49, 12.79, 14.41, 16.26, 17.73, 18.32, 19.15, 19.6, 18.08, 18.34, 19.99, 20.44, 20.82, 20.77, 20.85, 22.06, 23.21, 22.92, 21.53, 19.94, 19.14, 19.01, 18.15, 17.18, 16.95, 16.81, 17.42, 18.19, 17.16, 15.02, 13.17, 12.96, 12.47, 11.63, 11.41], [3.24, 3.56, 3.54, 3.17, 3.4, 3.28, 3.62, 4.38, 4.52, 4.08, 4.41, 5.0, 5.3, 5.59, 5.3, 3.45, 3.6, 2.78, 1.73, 2.61, 2.94, 3.35, 3.15, 2.08, 1.86, 1.51, 1.07, 0.99, 1.03, 0.81, 0, 0.76, 1.21, 2.1, 1.97, 1.71, 1.73, 2.03, 2.0, 1.87, 1.72, 1.82, 2.13, 1.86, 1.7, 1.91, 2.31, 1.98, 2.83, 5.48, 7.25, 9.04, 12.34, 13.96, 15.81, 17.28, 17.89, 18.72, 19.15, 17.67, 17.89, 19.54, 19.99, 20.37, 20.32, 20.4, 21.61, 22.76, 22.47, 21.08, 19.49, 18.69, 18.56, 17.7, 16.73, 16.5, 16.36, 16.97, 17.74, 16.71, 14.57, 12.72, 12.51, 12.02, 11.18, 10.98], [2.96, 3.36, 3.3, 3.13, 3.4, 3.24, 3.62, 4.42, 4.52, 4.1, 4.39, 4.96, 5.28, 5.67, 5.28, 3.47, 3.62, 2.78, 1.89, 2.99, 3.36, 3.75, 3.49, 2.3, 1.98, 1.43, 1.29, 1.25, 1.33, 1.07, 0.76, 0, 1.01, 2.04, 1.81, 1.49, 1.45, 1.75, 1.8, 1.81, 1.66, 1.94, 2.25, 1.94, 1.54, 1.75, 2.23, 1.86, 2.63, 5.44, 7.15, 8.94, 12.24, 13.86, 15.703, 17.18, 17.75, 18.62, 19.01, 17.57, 17.79, 19.44, 19.89, 20.27, 20.22, 20.3, 21.51, 22.66, 22.37, 20.98, 19.39, 18.59, 18.46, 17.6, 16.63, 16.4, 16.26, 16.87, 17.64, 16.61, 14.47, 12.62, 12.41, 11.9, 11.08, 10.84], [2.47, 2.79, 2.79, 2.34, 2.67, 2.47, 2.81, 3.65, 3.75, 3.33, 3.68, 4.29, 4.63, 4.86, 4.57, 2.82, 2.91, 2.01, 1.86, 3.06, 3.45, 3.78, 3.46, 2.09, 1.47, 1.06, 1.28, 1.44, 1.66, 1.44, 1.21, 1.01, 0, 1.49, 1.34, 1.3, 1.38, 1.38, 1.73, 1.92, 2.13, 2.57, 2.88, 2.57, 1.45, 1.56, 1.78, 1.71, 2.2, 4.93, 6.66, 8.39, 11.666, 13.28, 15.133, 16.61, 17.14, 18.03, 18.42, 16.98, 17.22, 18.87, 19.32, 19.7, 19.65, 19.73, 20.94, 22.09, 21.8, 20.41, 18.82, 18.02, 17.89, 17.03, 16.06, 15.83, 15.69, 16.3, 17.07, 16.04, 13.9, 12.05, 11.84, 11.33, 10.51, 10.23], [2.6, 2.78, 2.72, 1.83, 1.88, 1.8, 1.98, 2.8, 2.92, 2.48, 2.81, 3.22, 3.58, 3.91, 3.6, 1.93, 1.92, 1.4, 2.47, 3.89, 4.04, 4.23, 3.73, 2.62, 1.78, 1.67, 2.19, 2.43, 2.71, 2.51, 2.1, 2.04, 1.49, 0, 0.99, 1.47, 1.71, 1.87, 2.5, 2.85, 3.18, 3.72, 4.05, 3.7, 2.52, 2.27, 2.23, 2.46, 2.43, 3.78, 5.51, 7.3, 10.579, 12.193, 14.046, 15.539, 16.07, 16.96, 17.35, 15.87, 16.143, 17.793, 18.246, 18.626, 18.576, 18.653, 19.858, 21.005, 20.729, 19.333, 17.75, 16.95, 16.82, 15.96, 14.99, 14.76, 14.613, 15.226, 15.993, 14.961, 12.821, 10.973, 10.77, 10.26, 9.44, 9.16], [1.97, 2.29, 2.15, 1.88, 2.13, 1.99, 2.31, 3.13, 3.27, 2.79, 3.12, 3.63, 4.13, 4.5, 4.25, 2.52, 2.63, 1.81, 2.52, 3.98, 4.09, 4.24, 3.82, 2.55, 1.77, 1.42, 1.8, 2.16, 2.52, 2.34, 1.97, 1.81, 1.34, 0.99, 0, 0.8, 1.12, 1.36, 1.87, 2.1, 2.59, 3.21, 3.54, 3.21, 2.19, 1.9, 1.72, 1.95, 2.1, 4.25, 6.04, 7.93, 11.209, 12.823, 14.676, 16.169, 16.7, 17.59, 17.98, 16.499, 16.773, 18.423, 18.876, 19.256, 19.206, 19.283, 20.488, 21.635, 21.359, 19.963, 18.38, 17.58, 17.45, 16.59, 15.62, 15.39, 15.243, 15.856, 16.623, 15.591, 13.451, 11.603, 11.4, 10.89, 10.07, 9.79], [1.87, 2.25, 2.17, 2.04, 2.35, 2.17, 2.49, 3.33, 3.47, 3.09, 3.46, 4.03, 4.65, 5.14, 4.85, 3.1, 3.21, 2.37, 2.48, 3.8, 3.89, 4.02, 3.74, 2.39, 1.83, 1.12, 1.42, 1.86, 2.26, 2.08, 1.71, 1.49, 1.3, 1.47, 0.8, 0, 0.54, 0.98, 1.49, 1.62, 1.99, 2.67, 3.04, 2.73, 1.79, 1.54, 1.54, 1.47, 1.7, 4.67, 6.64, 8.55, 11.846, 13.46, 15.313, 16.79, 17.32, 18.21, 18.6, 17.12, 17.4, 19.05, 19.5, 19.88, 19.83, 19.91, 21.12, 22.27, 21.98, 20.59, 19.0, 18.2, 18.07, 17.21, 16.24, 16.01, 15.87, 16.48, 17.25, 16.22, 14.08, 12.23, 12.02, 11.51, 10.69, 10.41], [1.83, 2.23, 2.15, 2.06, 2.35, 2.17, 2.55, 3.31, 3.43, 3.17, 3.48, 4.13, 4.83, 5.32, 5.05, 3.24, 3.39, 2.55, 2.7, 3.94, 4.09, 4.28, 4.0, 2.63, 2.01, 1.1, 1.44, 1.9, 2.26, 2.12, 1.73, 1.45, 1.38, 1.71, 1.12, 0.54, 0, 0.92, 1.35, 1.54, 1.81, 2.49, 2.86, 2.57, 1.73, 1.56, 1.5, 1.41, 1.62, 4.73, 6.74, 8.65, 11.93, 13.55, 15.4, 16.87, 17.4, 18.29, 18.68, 17.2, 17.48, 19.13, 19.58, 19.96, 19.91, 19.99, 21.2, 22.35, 22.06, 20.67, 19.08, 18.28, 18.15, 17.29, 16.32, 16.09, 15.95, 16.56, 17.33, 16.3, 14.16, 12.31, 12.1, 11.59, 10.77, 10.49], [1.47, 1.97, 1.75, 1.84, 2.27, 2.17, 2.61, 3.31, 3.51, 3.17, 3.48, 4.27, 4.87, 5.3, 5.07, 3.44, 3.49, 2.67, 2.8, 4.04, 4.23, 4.54, 4.18, 2.79, 2.11, 1.0, 1.54, 1.98, 2.38, 2.26, 2.03, 1.75, 1.38, 1.87, 1.36, 0.98, 0.92, 0, 0.99, 1.22, 1.57, 2.17, 2.56, 2.39, 1.47, 1.42, 1.3, 1.27, 1.34, 4.89, 6.88, 8.79, 12.09, 13.7, 15.56, 17.03, 17.56, 18.45, 18.84, 17.36, 17.64, 19.29, 19.74, 20.12, 20.07, 20.15, 21.36, 22.51, 22.22, 20.83, 19.24, 18.44, 18.31, 17.45, 16.48, 16.25, 16.11, 16.72, 17.49, 16.46, 14.32, 12.47, 12.26, 11.75, 10.93, 10.65], [1.86, 2.46, 2.32, 2.61, 3.1, 3.02, 3.46, 4.18, 4.34, 4.06, 4.33, 5.08, 5.72, 6.19, 5.98, 4.17, 4.3, 3.44, 2.89, 4.09, 4.3, 4.57, 4.23, 2.86, 2.3, 1.31, 1.53, 2.03, 2.37, 2.27, 2.0, 1.8, 1.73, 2.5, 1.87, 1.49, 1.35, 0.99, 0, 0.65, 1.04, 1.62, 2.11, 1.92, 1.48, 1.65, 1.57, 1.24, 1.91, 5.7, 7.69, 9.6, 12.9, 14.493, 16.366, 17.839, 18.37, 19.26, 19.65, 18.169, 18.443, 20.093, 20.546, 20.926, 20.876, 20.953, 22.158, 23.305, 23.029, 21.633, 20.05, 19.25, 19.12, 18.26, 17.29, 17.06, 16.913, 17.526, 18.293, 17.261, 15.121, 13.273, 13.07, 12.56, 11.74, 11.46], [2.01, 2.55, 2.39, 2.74, 3.25, 3.15, 3.59, 4.33, 4.55, 4.27, 4.56, 5.29, 5.97, 6.44, 6.23, 4.5, 4.63, 3.75, 2.98, 4.06, 4.25, 4.5, 4.2, 2.87, 2.39, 1.6, 1.52, 2.0, 2.28, 2.16, 1.87, 1.81, 1.92, 2.85, 2.1, 1.62, 1.54, 1.22, 0.65, 0, 0.69, 1.39, 1.9, 1.73, 1.49, 1.78, 1.78, 1.35, 1.98, 5.95, 7.94, 9.85, 13.15, 14.76, 16.62, 18.09, 18.62, 19.51, 19.9, 18.42, 18.7, 20.35, 20.8, 21.18, 21.13, 21.21, 22.42, 23.57, 23.28, 21.89, 20.3, 19.5, 19.37, 18.51, 17.54, 17.31, 17.17, 17.78, 18.55, 17.52, 15.38, 13.53, 13.32, 12.81, 11.99, 11.71], [2.28, 2.8, 2.72, 3.05, 3.54, 3.44, 3.84, 4.58, 4.76, 4.56, 4.91, 5.62, 6.28, 6.69, 6.44, 4.67, 4.84, 3.94, 2.83, 3.73, 3.92, 4.19, 3.95, 2.82, 2.44, 1.87, 1.53, 1.69, 1.95, 1.85, 1.72, 1.66, 2.13, 3.18, 2.59, 1.99, 1.81, 1.57, 1.04, 0.69, 0, 0.86, 1.45, 1.26, 1.46, 1.85, 1.93, 1.54, 2.17, 6.36, 8.39, 10.3, 13.58, 15.18, 17.03, 18.5, 19.03, 19.92, 20.31, 18.83, 19.11, 20.76, 21.21, 21.59, 21.54, 21.62, 22.83, 23.98, 23.69, 22.3, 20.71, 19.91, 19.78, 18.92, 17.95, 17.72, 17.58, 18.19, 18.96, 17.93, 15.79, 13.94, 13.73, 13.22, 12.4, 12.12], [3.02, 3.5, 3.38, 3.71, 4.24, 4.06, 4.48, 5.24, 5.42, 5.16, 5.53, 6.24, 6.7, 6.99, 6.72, 4.79, 5.14, 4.14, 2.71, 3.23, 3.42, 3.81, 3.59, 2.82, 2.66, 2.23, 1.63, 1.63, 1.61, 1.71, 1.82, 1.94, 2.57, 3.72, 3.21, 2.67, 2.49, 2.17, 1.62, 1.39, 0.86, 0, 0.65, 0.76, 1.56, 1.99, 2.21, 1.78, 2.79, 6.8, 8.83, 10.74, 14.02, 15.62, 17.47, 18.94, 19.57, 20.4, 20.83, 19.33, 19.55, 21.2, 21.65, 22.03, 21.98, 22.06, 23.27, 24.42, 24.13, 22.74, 21.15, 20.35, 20.22, 19.36, 18.39, 18.16, 18.02, 18.63, 19.4, 18.37, 16.23, 14.38, 14.17, 13.7, 12.84, 12.66], [3.41, 3.91, 3.75, 4.04, 4.57, 4.35, 4.77, 5.57, 5.77, 5.49, 5.84, 6.59, 7.03, 7.24, 6.97, 4.96, 5.33, 4.31, 2.56, 2.84, 3.07, 3.46, 3.24, 2.59, 2.85, 2.6, 1.96, 1.62, 1.54, 1.82, 2.13, 2.25, 2.88, 4.05, 3.54, 3.04, 2.86, 2.56, 2.11, 1.9, 1.45, 0.65, 0, 0.69, 1.69, 2.06, 2.34, 1.97, 3.14, 7.15, 9.16, 11.07, 14.35, 15.95, 17.8, 19.27, 19.88, 20.71, 21.14, 19.66, 19.88, 21.53, 21.98, 22.36, 22.31, 22.39, 23.6, 24.75, 24.46, 23.07, 21.48, 20.68, 20.55, 19.69, 18.72, 18.49, 18.35, 18.96, 19.73, 18.7, 16.56, 14.71, 14.5, 14.01, 13.17, 12.97], [3.3, 3.78, 3.58, 3.83, 4.36, 4.12, 4.52, 5.32, 5.52, 5.14, 5.55, 6.26, 6.72, 6.91, 6.64, 4.61, 5.04, 4.06, 2.31, 2.91, 3.1, 3.49, 3.27, 2.46, 2.56, 2.33, 1.59, 1.39, 1.37, 1.61, 1.86, 1.94, 2.57, 3.7, 3.21, 2.73, 2.57, 2.39, 1.92, 1.73, 1.26, 0.76, 0.69, 0, 1.4, 1.69, 2.11, 1.68, 3.01, 6.84, 8.87, 10.76, 14.04, 15.66, 17.51, 18.98, 19.61, 20.44, 20.89, 19.35, 19.59, 21.24, 21.69, 22.07, 22.02, 22.1, 23.31, 24.46, 24.17, 22.78, 21.19, 20.41, 20.26, 19.42, 18.43, 18.2, 18.06, 18.67, 19.44, 18.41, 16.27, 14.42, 14.21, 13.76, 12.9, 12.7], [2.4, 2.78, 2.64, 2.73, 3.26, 3.04, 3.42, 4.22, 4.42, 4.02, 4.45, 5.16, 5.58, 5.71, 5.38, 3.47, 3.88, 2.9, 2.09, 3.05, 3.34, 3.69, 3.39, 2.16, 1.96, 1.45, 1.17, 1.25, 1.63, 1.71, 1.7, 1.54, 1.45, 2.52, 2.19, 1.79, 1.73, 1.47, 1.48, 1.49, 1.46, 1.56, 1.69, 1.4, 0, 0.59, 1.21, 0.88, 1.91, 5.64, 7.71, 9.5, 12.78, 14.38, 16.23, 17.76, 18.41, 19.24, 19.69, 18.11, 18.33, 19.98, 20.45, 20.83, 20.78, 20.84, 22.03, 23.18, 22.95, 21.52, 19.99, 19.21, 19.06, 18.22, 17.23, 17.0, 16.8, 17.43, 18.18, 17.13, 14.99, 13.16, 13.01, 12.56, 11.7, 11.5], [2.19, 2.59, 2.47, 2.38, 2.85, 2.61, 3.01, 3.85, 4.03, 3.67, 4.08, 4.81, 5.29, 5.44, 5.11, 3.18, 3.59, 2.59, 2.08, 3.18, 3.37, 3.68, 3.28, 2.23, 1.85, 1.36, 1.26, 1.4, 1.86, 1.96, 1.91, 1.75, 1.56, 2.27, 1.9, 1.54, 1.56, 1.42, 1.65, 1.78, 1.85, 1.99, 2.06, 1.69, 0.59, 0, 0.84, 0.83, 1.76, 5.33, 7.42, 9.23, 12.51, 14.13, 15.98, 17.51, 18.16, 18.99, 19.44, 17.86, 18.08, 19.73, 20.2, 20.58, 20.53, 20.59, 21.78, 22.93, 22.7, 21.27, 19.74, 18.96, 18.81, 17.97, 16.98, 16.75, 16.55, 17.18, 17.93, 16.88, 14.74, 12.91, 12.76, 12.31, 11.45, 11.25], [1.61, 1.95, 1.91, 1.9, 2.43, 2.27, 2.65, 3.47, 3.65, 3.37, 3.78, 4.59, 5.15, 5.32, 5.05, 3.16, 3.53, 2.53, 2.5, 3.62, 3.77, 4.02, 3.66, 2.63, 2.01, 1.38, 1.64, 1.84, 2.34, 2.44, 2.31, 2.23, 1.78, 2.23, 1.72, 1.54, 1.5, 1.3, 1.57, 1.78, 1.93, 2.21, 2.34, 2.11, 1.21, 0.84, 0, 0.81, 1.56, 5.27, 7.3, 9.19, 12.47, 14.09, 15.94, 17.41, 18.04, 18.87, 19.32, 17.74, 18.02, 19.67, 20.12, 20.5, 20.45, 20.53, 21.74, 22.89, 22.6, 21.21, 19.62, 18.84, 18.69, 17.85, 16.86, 16.63, 16.49, 17.1, 17.87, 16.84, 14.7, 12.85, 12.64, 12.19, 11.33, 11.13], [1.92, 2.36, 2.1, 2.27, 2.76, 2.58, 3.04, 3.88, 4.06, 3.8, 4.21, 5.0, 5.56, 5.75, 5.4, 3.53, 3.88, 2.86, 2.43, 3.51, 3.66, 3.95, 3.67, 2.56, 2.08, 1.27, 1.31, 1.67, 2.11, 2.15, 1.98, 1.86, 1.71, 2.46, 1.95, 1.47, 1.41, 1.27, 1.24, 1.35, 1.54, 1.78, 1.97, 1.68, 0.88, 0.83, 0.81, 0, 1.69, 5.62, 7.71, 9.54, 12.82, 14.44, 16.29, 17.8, 18.45, 19.28, 19.73, 18.13, 18.37, 20.02, 20.49, 20.87, 20.82, 20.88, 22.09, 23.24, 22.99, 21.56, 20.03, 19.25, 19.1, 18.26, 17.27, 17.04, 16.84, 17.47, 18.22, 17.19, 15.05, 13.2, 13.05, 12.6, 11.74, 11.54], [1.33, 1.45, 1.77, 1.92, 2.23, 1.99, 2.45, 3.03, 3.19, 3.07, 3.3, 4.13, 4.81, 5.26, 4.97, 3.66, 3.71, 2.95, 3.56, 4.74, 4.87, 5.06, 4.76, 3.59, 2.73, 1.76, 2.28, 2.78, 3.24, 3.08, 2.83, 2.63, 2.2, 2.43, 2.1, 1.7, 1.62, 1.34, 1.91, 1.98, 2.17, 2.79, 3.14, 3.01, 1.91, 1.76, 1.56, 1.69, 0, 4.33, 6.52, 8.31, 11.55, 13.13, 15.0, 16.57, 17.22, 18.05, 18.5, 16.9, 17.14, 18.79, 19.26, 19.64, 19.59, 19.65, 20.82, 21.95, 21.76, 20.33, 18.8, 18.02, 17.87, 17.03, 16.04, 15.81, 15.61, 16.24, 16.99, 15.94, 13.8, 11.97, 11.82, 11.37, 10.51, 10.31], [5.102, 4.619, 4.599, 4.072, 3.74, 3.66, 3.5, 3.34, 3.28, 3.24, 3.09, 3.3, 3.2, 3.47, 3.48, 3.99, 4.0, 4.1, 5.75, 7.13, 7.06, 7.29, 6.77, 5.72, 4.84, 4.73, 5.39, 5.79, 6.11, 5.93, 5.48, 5.44, 4.93, 3.78, 4.25, 4.67, 4.73, 4.89, 5.7, 5.95, 6.36, 6.8, 7.15, 6.84, 5.64, 5.33, 5.27, 5.62, 4.33, 0, 2.23, 3.98, 7.22, 8.82, 10.69, 12.3, 12.97, 13.8, 14.23, 12.69, 12.87, 14.48, 14.95, 15.33, 15.28, 15.34, 16.51, 17.64, 17.45, 16.02, 14.49, 13.71, 13.56, 12.72, 11.73, 11.5, 11.3, 11.93, 12.68, 11.67, 9.49, 7.66, 7.51, 7.08, 6.24, 6.06], [7.11, 6.61, 6.59, 6.08, 5.51, 5.63, 5.05, 4.19, 3.91, 4.19, 3.74, 3.13, 2.57, 2.58, 2.93, 4.64, 4.53, 5.25, 7.26, 8.5, 8.71, 8.5, 7.78, 7.15, 6.57, 6.74, 7.42, 7.7, 7.92, 7.68, 7.25, 7.15, 6.66, 5.51, 6.04, 6.64, 6.74, 6.88, 7.69, 7.94, 8.39, 8.83, 9.16, 8.87, 7.71, 7.42, 7.3, 7.71, 6.52, 2.23, 0, 1.91, 5.25, 6.87, 8.68, 10.19, 10.84, 11.67, 12.1, 10.64, 10.86, 12.41, 12.86, 13.24, 13.19, 13.27, 14.48, 15.63, 15.34, 13.97, 12.4, 11.56, 11.45, 10.59, 9.6, 9.37, 9.23, 9.84, 10.61, 9.62, 7.44, 5.59, 5.44, 4.91, 4.09, 3.99], [9.02, 8.52, 8.5, 7.978, 7.408, 7.54, 6.96, 6.1, 5.82, 6.1, 5.65, 4.72, 4.08, 3.89, 4.22, 6.23, 5.9, 6.86, 9.05, 10.343, 10.573, 10.383, 9.646, 9.051, 8.48, 8.63, 9.29, 9.61, 9.77, 9.49, 9.04, 8.94, 8.39, 7.3, 7.93, 8.55, 8.65, 8.79, 9.6, 9.85, 10.3, 10.74, 11.07, 10.76, 9.5, 9.23, 9.19, 9.54, 8.31, 3.98, 1.91, 0, 3.46, 5.04, 6.87, 8.46, 9.15, 9.98, 10.41, 8.91, 9.11, 10.58, 11.01, 11.39, 11.34, 11.4, 12.57, 13.72, 13.51, 12.14, 10.65, 9.79, 9.68, 8.86, 7.79, 7.58, 7.36, 8.01, 8.76, 7.83, 5.55, 3.72, 3.83, 3.3, 2.5, 2.54], [12.299, 11.816, 11.796, 11.269, 10.699, 10.84, 10.24, 9.38, 9.1, 9.396, 8.946, 8.02, 7.36, 7.17, 7.54, 9.47, 9.1, 10.1, 12.35, 13.635, 13.885, 13.695, 12.918, 12.322, 11.776, 11.93, 12.59, 12.909, 13.069, 12.79, 12.34, 12.24, 11.666, 10.579, 11.209, 11.846, 11.93, 12.09, 12.9, 13.15, 13.58, 14.02, 14.35, 14.04, 12.78, 12.51, 12.47, 12.82, 11.55, 7.22, 5.25, 3.46, 0, 1.74, 3.49, 5.12, 5.79, 6.62, 7.05, 5.63, 5.75, 7.3, 7.77, 8.15, 8.1, 8.16, 9.33, 10.46, 10.27, 8.84, 7.31, 6.53, 6.38, 5.54, 4.55, 4.32, 4.12, 4.75, 5.5, 4.49, 2.53, 2.18, 2.63, 2.48, 1.9, 1.78], [13.913, 13.43, 13.41, 12.883, 12.313, 12.45, 11.86, 11.0, 10.72, 11.01, 10.56, 9.63, 8.98, 8.79, 9.16, 11.09, 10.7, 11.72, 13.97, 15.249, 15.499, 15.309, 14.532, 13.936, 13.39, 13.55, 14.21, 14.523, 14.683, 14.41, 13.96, 13.86, 13.28, 12.193, 12.823, 13.46, 13.55, 13.7, 14.493, 14.76, 15.18, 15.62, 15.95, 15.66, 14.38, 14.13, 14.09, 14.44, 13.13, 8.82, 6.87, 5.04, 1.74, 0, 2.01, 3.54, 4.21, 5.04, 5.47, 4.13, 4.25, 5.72, 6.19, 6.57, 6.52, 6.58, 7.75, 8.88, 8.69, 7.26, 5.73, 4.95, 4.8, 3.98, 2.99, 2.74, 2.62, 3.17, 3.92, 2.91, 2.59, 2.82, 3.09, 3.16, 3.28, 3.16], [15.766, 15.283, 15.263, 14.736, 14.166, 14.303, 13.71, 12.85, 12.57, 12.863, 12.413, 11.49, 10.85, 10.62, 11.03, 12.94, 12.57, 13.57, 15.796, 17.082, 17.37, 17.18, 16.405, 15.789, 15.243, 15.4, 16.06, 16.38, 16.536, 16.26, 15.81, 15.703, 15.133, 14.046, 14.676, 15.313, 15.4, 15.56, 16.366, 16.62, 17.03, 17.47, 17.8, 17.51, 16.23, 15.98, 15.94, 16.29, 15.0, 10.69, 8.68, 6.87, 3.49, 2.01, 0, 1.79, 2.4, 3.21, 3.72, 2.5, 2.7, 4.01, 4.5, 4.76, 4.65, 4.71, 5.88, 7.01, 6.82, 5.47, 4.0, 3.22, 3.17, 2.25, 1.36, 1.19, 1.31, 1.52, 2.11, 1.3, 2.9, 3.81, 3.76, 4.41, 4.99, 4.99], [17.259, 16.76, 16.74, 16.229, 15.659, 15.78, 15.18, 14.32, 14.04, 14.34, 13.89, 12.96, 12.34, 12.09, 12.58, 14.41, 14.06, 15.04, 17.29, 18.593, 18.843, 18.653, 17.896, 17.282, 16.72, 16.87, 17.53, 17.85, 18.01, 17.73, 17.28, 17.18, 16.61, 15.539, 16.169, 16.79, 16.87, 17.03, 17.839, 18.09, 18.5, 18.94, 19.27, 18.98, 17.76, 17.51, 17.41, 17.8, 16.57, 12.3, 10.19, 8.46, 5.12, 3.54, 1.79, 0, 0.91, 1.6, 2.05, 1.41, 1.71, 2.52, 2.87, 3.09, 3.04, 3.12, 4.33, 5.48, 5.19, 3.82, 2.33, 1.63, 1.7, 0.98, 1.03, 1.2, 1.58, 1.15, 1.1, 1.09, 3.57, 5.02, 4.97, 5.44, 6.16, 6.38], [17.79, 17.29, 17.27, 16.76, 16.19, 16.31, 15.71, 14.85, 14.57, 14.87, 14.42, 13.53, 12.95, 12.72, 13.25, 15.04, 14.67, 15.63, 17.86, 19.146, 19.436, 19.246, 18.469, 17.83, 17.25, 17.5, 18.18, 18.44, 18.58, 18.32, 17.89, 17.75, 17.14, 16.07, 16.7, 17.32, 17.4, 17.56, 18.37, 18.62, 19.03, 19.57, 19.88, 19.61, 18.41, 18.16, 18.04, 18.45, 17.22, 12.97, 10.84, 9.15, 5.79, 4.21, 2.4, 0.91, 0, 1.05, 1.46, 1.46, 1.7, 2.21, 2.46, 2.62, 2.53, 2.59, 3.8, 4.95, 4.7, 3.33, 1.96, 1.5, 1.47, 0.87, 1.48, 1.65, 1.89, 1.62, 1.13, 1.58, 3.94, 5.59, 5.52, 5.99, 6.75, 6.91], [18.68, 18.18, 18.16, 17.65, 17.08, 17.2, 16.6, 15.74, 15.46, 15.76, 15.31, 14.38, 13.78, 13.55, 14.08, 15.87, 15.5, 16.48, 18.73, 20.016, 20.266, 20.076, 19.319, 18.711, 18.14, 18.33, 19.01, 19.27, 19.43, 19.15, 18.72, 18.62, 18.03, 16.96, 17.59, 18.21, 18.29, 18.45, 19.26, 19.51, 19.92, 20.4, 20.71, 20.44, 19.24, 18.99, 18.87, 19.28, 18.05, 13.8, 11.67, 9.98, 6.62, 5.04, 3.21, 1.6, 1.05, 0, 0.91, 1.71, 1.59, 1.5, 1.71, 1.75, 1.64, 1.7, 2.91, 4.06, 3.83, 2.52, 1.27, 1.27, 1.12, 1.28, 2.19, 2.46, 2.72, 2.15, 1.64, 2.17, 4.75, 6.44, 6.37, 6.84, 7.6, 7.8], [19.07, 18.57, 18.55, 18.04, 17.47, 17.59, 16.99, 16.13, 15.85, 16.15, 15.7, 14.81, 14.21, 14.0, 14.51, 16.32, 15.93, 16.89, 19.12, 20.423, 20.713, 20.523, 19.746, 19.11, 18.53, 18.78, 19.46, 19.72, 19.86, 19.6, 19.15, 19.01, 18.42, 17.35, 17.98, 18.6, 18.68, 18.84, 19.65, 19.9, 20.31, 20.83, 21.14, 20.89, 19.69, 19.44, 19.32, 19.73, 18.5, 14.23, 12.1, 10.41, 7.05, 5.47, 3.72, 2.05, 1.46, 0.91, 0, 1.78, 1.64, 1.15, 1.38, 1.4, 1.41, 1.57, 2.54, 3.67, 3.42, 2.03, 0.84, 0.98, 0.97, 1.61, 2.62, 2.89, 3.19, 2.58, 1.79, 2.74, 5.2, 6.87, 6.8, 7.29, 8.03, 8.19], [17.589, 17.09, 17.07, 16.559, 15.989, 16.11, 15.51, 14.65, 14.37, 14.67, 14.22, 13.29, 12.73, 12.46, 13.01, 14.78, 14.55, 15.45, 17.72, 18.954, 19.182, 18.992, 18.234, 17.612, 17.05, 17.2, 17.86, 18.18, 18.38, 18.08, 17.67, 17.57, 16.98, 15.87, 16.499, 17.12, 17.2, 17.36, 18.169, 18.42, 18.83, 19.33, 19.66, 19.35, 18.11, 17.86, 17.74, 18.13, 16.9, 12.69, 10.64, 8.91, 5.63, 4.13, 2.5, 1.41, 1.46, 1.71, 1.78, 0, 0.72, 1.97, 2.4, 2.76, 2.71, 2.79, 4.0, 5.15, 4.9, 3.51, 1.96, 1.4, 1.47, 1.19, 1.56, 2.11, 2.37, 1.54, 1.25, 2.1, 4.38, 5.69, 5.76, 6.41, 7.03, 6.87], [17.863, 17.37, 17.35, 16.833, 16.263, 16.39, 15.79, 14.93, 14.65, 14.95, 14.5, 13.57, 12.95, 12.74, 13.19, 15.02, 14.73, 15.65, 17.94, 19.217, 19.453, 19.263, 18.506, 17.886, 17.33, 17.48, 18.14, 18.46, 18.62, 18.34, 17.89, 17.79, 17.22, 16.143, 16.773, 17.4, 17.48, 17.64, 18.443, 18.7, 19.11, 19.55, 19.88, 19.59, 18.33, 18.08, 18.02, 18.37, 17.14, 12.87, 10.86, 9.11, 5.75, 4.25, 2.7, 1.71, 1.7, 1.59, 1.64, 0.72, 0, 1.67, 2.18, 2.5, 2.51, 2.53, 3.72, 4.87, 4.64, 3.21, 1.72, 1.26, 1.35, 1.31, 1.82, 2.27, 2.51, 1.8, 1.47, 2.3, 4.52, 5.83, 6.0, 6.63, 7.23, 7.07], [19.513, 19.02, 19.0, 18.483, 17.913, 18.04, 17.44, 16.58, 16.3, 16.6, 16.15, 15.22, 14.56, 14.35, 14.66, 16.67, 16.26, 17.3, 19.55, 20.826, 21.079, 20.889, 20.132, 19.536, 18.98, 19.123, 19.783, 20.103, 20.263, 19.99, 19.54, 19.44, 18.87, 17.793, 18.423, 19.05, 19.13, 19.29, 20.093, 20.35, 20.76, 21.2, 21.53, 21.24, 19.98, 19.73, 19.67, 20.02, 18.79, 14.48, 12.41, 10.58, 7.3, 5.72, 4.01, 2.52, 2.21, 1.5, 1.15, 1.97, 1.67, 0, 0.81, 1.01, 1.1, 1.44, 2.17, 3.22, 3.01, 1.66, 0.75, 1.33, 1.18, 2.02, 2.89, 3.14, 3.4, 2.85, 2.08, 3.19, 5.41, 7.04, 7.15, 7.7, 8.5, 8.64], [19.966, 19.47, 19.45, 18.936, 18.366, 18.49, 17.89, 17.03, 16.75, 17.05, 16.6, 15.67, 15.01, 14.82, 15.13, 17.12, 16.71, 17.75, 20.0, 21.302, 21.529, 21.342, 20.585, 19.989, 19.43, 19.576, 20.236, 20.556, 20.72, 20.44, 19.99, 19.89, 19.32, 18.246, 18.876, 19.5, 19.58, 19.74, 20.546, 20.8, 21.21, 21.65, 21.98, 21.69, 20.45, 20.2, 20.12, 20.49, 19.26, 14.95, 12.86, 11.01, 7.77, 6.19, 4.5, 2.87, 2.46, 1.71, 1.38, 2.4, 2.18, 0.81, 0, 0.68, 1.13, 1.43, 1.68, 2.77, 2.56, 1.25, 0.84, 1.6, 1.49, 2.39, 3.32, 3.61, 3.83, 3.26, 2.43, 3.6, 5.84, 7.51, 7.62, 8.13, 8.95, 9.11], [20.346, 19.85, 19.83, 19.316, 18.746, 18.87, 18.27, 17.41, 17.13, 17.43, 16.98, 16.05, 15.39, 15.18, 15.55, 17.5, 17.09, 18.13, 20.38, 21.662, 21.912, 21.722, 20.965, 20.369, 19.81, 19.956, 20.62, 20.936, 21.096, 20.82, 20.37, 20.27, 19.7, 18.626, 19.256, 19.88, 19.96, 20.12, 20.926, 21.18, 21.59, 22.03, 22.36, 22.07, 20.83, 20.58, 20.5, 20.87, 19.64, 15.33, 13.24, 11.39, 8.15, 6.57, 4.76, 3.09, 2.62, 1.75, 1.4, 2.76, 2.5, 1.01, 0.68, 0, 0.93, 1.15, 1.42, 2.39, 2.2, 0.99, 1.02, 1.76, 1.81, 2.69, 3.64, 3.93, 4.13, 3.5, 2.73, 3.72, 6.14, 7.83, 7.9, 8.43, 9.21, 9.47], [20.296, 19.8, 19.78, 19.266, 18.696, 18.82, 18.22, 17.36, 17.08, 17.38, 16.93, 16.0, 15.34, 15.13, 15.48, 17.45, 17.04, 18.08, 20.326, 21.612, 21.862, 21.672, 20.915, 20.319, 19.76, 19.906, 20.566, 20.886, 21.046, 20.77, 20.32, 20.22, 19.65, 18.576, 19.206, 19.83, 19.91, 20.07, 20.876, 21.13, 21.54, 21.98, 22.31, 22.02, 20.78, 20.53, 20.45, 20.82, 19.59, 15.28, 13.19, 11.34, 8.1, 6.52, 4.65, 3.04, 2.53, 1.64, 1.41, 2.71, 2.51, 1.1, 1.13, 0.93, 0, 0.76, 1.35, 2.5, 2.51, 1.5, 1.23, 1.73, 1.78, 2.62, 3.59, 3.82, 3.98, 3.37, 2.6, 3.65, 5.89, 7.66, 7.81, 8.32, 9.14, 9.42], [20.373, 19.88, 19.86, 19.343, 18.773, 18.9, 18.3, 17.44, 17.16, 17.46, 17.01, 16.08, 15.42, 15.21, 15.52, 17.53, 17.12, 18.16, 20.403, 21.686, 21.936, 21.749, 20.992, 20.396, 19.84, 19.983, 20.643, 20.963, 21.12, 20.85, 20.4, 20.3, 19.73, 18.653, 19.283, 19.91, 19.99, 20.15, 20.953, 21.21, 21.62, 22.06, 22.39, 22.1, 20.84, 20.59, 20.53, 20.88, 19.65, 15.34, 13.27, 11.4, 8.16, 6.58, 4.71, 3.12, 2.59, 1.7, 1.57, 2.79, 2.53, 1.44, 1.43, 1.15, 0.76, 0, 1.27, 2.46, 2.55, 1.68, 1.53, 1.89, 1.98, 2.7, 3.67, 3.9, 4.04, 3.43, 2.66, 3.71, 5.89, 7.68, 7.89, 8.4, 9.22, 9.5], [21.578, 21.09, 21.07, 20.548, 19.978, 20.11, 19.51, 18.65, 18.37, 18.67, 18.22, 17.29, 16.63, 16.42, 16.73, 18.74, 18.33, 19.37, 21.608, 22.893, 23.143, 22.953, 22.196, 21.601, 21.05, 21.188, 21.848, 22.168, 22.327, 22.06, 21.61, 21.51, 20.94, 19.858, 20.488, 21.12, 21.2, 21.36, 22.158, 22.42, 22.83, 23.27, 23.6, 23.31, 22.03, 21.78, 21.74, 22.09, 20.82, 16.51, 14.48, 12.57, 9.33, 7.75, 5.88, 4.33, 3.8, 2.91, 2.54, 4.0, 3.72, 2.17, 1.68, 1.42, 1.35, 1.27, 0, 1.55, 1.96, 1.33, 2.14, 2.96, 3.05, 3.91, 4.88, 5.11, 5.25, 4.64, 3.87, 4.9, 7.04, 8.89, 9.1, 9.61, 10.43, 10.71], [22.725, 22.24, 22.22, 21.695, 21.125, 21.26, 20.66, 19.8, 19.52, 19.82, 19.37, 18.44, 17.78, 17.57, 17.84, 19.89, 19.48, 20.52, 22.755, 24.028, 24.278, 24.101, 23.343, 22.748, 22.2, 22.335, 22.995, 23.315, 23.462, 23.21, 22.76, 22.66, 22.09, 21.005, 21.635, 22.27, 22.35, 22.51, 23.305, 23.57, 23.98, 24.42, 24.75, 24.46, 23.18, 22.93, 22.89, 23.24, 21.95, 17.64, 15.63, 13.72, 10.46, 8.88, 7.01, 5.48, 4.95, 4.06, 3.67, 5.15, 4.87, 3.22, 2.77, 2.39, 2.5, 2.46, 1.55, 0, 0.93, 1.74, 3.27, 4.07, 4.2, 5.06, 6.03, 6.26, 6.4, 5.79, 5.02, 6.05, 8.19, 10.04, 10.25, 10.76, 11.58, 11.86], [22.449, 21.95, 21.93, 21.419, 20.849, 20.97, 20.37, 19.51, 19.23, 19.53, 19.08, 18.15, 17.49, 17.28, 17.65, 19.6, 19.19, 20.23, 22.479, 23.765, 24.015, 23.825, 23.068, 22.472, 21.91, 22.059, 22.719, 23.039, 23.199, 22.92, 22.47, 22.37, 21.8, 20.729, 21.359, 21.98, 22.06, 22.22, 23.029, 23.28, 23.69, 24.13, 24.46, 24.17, 22.95, 22.7, 22.6, 22.99, 21.76, 17.45, 15.34, 13.51, 10.27, 8.69, 6.82, 5.19, 4.7, 3.83, 3.42, 4.9, 4.64, 3.01, 2.56, 2.2, 2.51, 2.55, 1.96, 0.93, 0, 1.43, 2.98, 3.78, 3.91, 4.79, 5.76, 5.97, 6.17, 5.54, 4.79, 5.86, 8.1, 9.81, 9.96, 10.47, 11.29, 11.57], [21.053, 20.56, 20.54, 20.023, 19.453, 19.58, 18.98, 18.12, 17.84, 18.14, 17.69, 16.76, 16.1, 15.89, 16.26, 18.21, 17.8, 18.84, 21.083, 22.369, 22.619, 22.429, 21.672, 21.076, 20.52, 20.67, 21.33, 21.643, 21.803, 21.53, 21.08, 20.98, 20.41, 19.333, 19.963, 20.59, 20.67, 20.83, 21.633, 21.89, 22.3, 22.74, 23.07, 22.78, 21.52, 21.27, 21.21, 21.56, 20.33, 16.02, 13.97, 12.14, 8.84, 7.26, 5.47, 3.82, 3.33, 2.52, 2.03, 3.51, 3.21, 1.66, 1.25, 0.99, 1.5, 1.68, 1.33, 1.74, 1.43, 0, 1.59, 2.45, 2.52, 3.4, 4.43, 4.68, 4.9, 4.29, 3.46, 4.49, 6.91, 8.58, 8.59, 9.14, 9.9, 10.18], [19.47, 18.97, 18.95, 18.44, 17.87, 17.99, 17.39, 16.53, 16.25, 16.55, 16.1, 15.17, 14.51, 14.3, 14.75, 16.62, 16.21, 17.25, 19.5, 20.788, 21.038, 20.848, 20.091, 19.495, 18.93, 19.08, 19.76, 20.06, 20.22, 19.94, 19.49, 19.39, 18.82, 17.75, 18.38, 19.0, 19.08, 19.24, 20.05, 20.3, 20.71, 21.15, 21.48, 21.19, 19.99, 19.74, 19.62, 20.03, 18.8, 14.49, 12.4, 10.65, 7.31, 5.73, 4.0, 2.33, 1.96, 1.27, 0.84, 1.96, 1.72, 0.75, 0.84, 1.02, 1.23, 1.53, 2.14, 3.27, 2.98, 1.59, 0, 1.1, 1.09, 1.89, 2.9, 3.15, 3.47, 2.86, 2.03, 3.12, 5.48, 7.11, 7.08, 7.59, 8.39, 8.59], [18.67, 18.17, 18.15, 17.64, 17.07, 17.19, 16.59, 15.73, 15.45, 15.75, 15.3, 14.37, 13.71, 13.52, 13.97, 15.84, 15.41, 16.45, 18.7, 19.991, 20.241, 20.051, 19.294, 18.698, 18.13, 18.3, 18.98, 19.26, 19.42, 19.14, 18.69, 18.59, 18.02, 16.95, 17.58, 18.2, 18.28, 18.44, 19.25, 19.5, 19.91, 20.35, 20.68, 20.41, 19.21, 18.96, 18.84, 19.25, 18.02, 13.71, 11.56, 9.79, 6.53, 4.95, 3.22, 1.63, 1.5, 1.27, 0.98, 1.4, 1.26, 1.33, 1.6, 1.76, 1.73, 1.89, 2.96, 4.07, 3.78, 2.45, 1.1, 0, 0.83, 1.11, 2.04, 2.33, 2.63, 2.06, 1.25, 2.4, 4.64, 6.27, 6.28, 6.83, 7.57, 7.79], [18.54, 18.04, 18.02, 17.51, 16.94, 17.06, 16.46, 15.6, 15.32, 15.62, 15.17, 14.24, 13.58, 13.37, 13.8, 15.69, 15.28, 16.32, 18.57, 19.858, 20.108, 19.918, 19.161,