[[0, 1.16, 1.27, 0.86, 1.95, 2.782, 3.0, 3.417, 3.373, 3.118, 3.29, 4.78, 6.22, 7.05, 7.458, 7.1, 6.74, 6.858, 6.53, 6.45, 6.42, 6.558, 7.368, 6.888, 6.29, 6.25, 6.09, 5.57, 5.55, 6.62, 9.199, 10.312, 10.896, 11.063, 10.913, 11.096, 11.872, 11.458, 11.375, 11.322, 10.945, 10.524, 10.327, 10.544, 11.044, 10.377, 9.794, 9.924, 10.142, 10.962, 11.266, 10.143, 10.535, 11.155, 11.324, 12.175, 12.432, 13.623, 14.519, 14.347, 13.952, 13.154, 10.73, 10.128, 10.148, 9.4, 8.69, 7.82, 6.68, 5.55, 5.53, 5.18, 5.32, 5.15, 4.84, 5.33, 4.78, 4.82, 4.88, 5.24, 5.35, 5.06, 5.44, 5.16, 4.99, 5.23], [1.16, 0, 1.01, 1.2, 2.01, 2.64, 2.93, 3.24, 3.3, 3.06, 3.47, 5.08, 6.56, 7.23, 7.58, 7.26, 6.84, 6.92, 6.69, 6.61, 6.54, 6.6, 7.37, 6.87, 6.39, 6.43, 6.21, 5.85, 5.83, 6.8, 8.868, 9.966, 10.685, 10.723, 10.753, 10.878, 11.615, 11.098, 11.215, 11.118, 10.698, 10.183, 10.023, 10.159, 10.643, 9.993, 9.374, 9.502, 9.739, 10.579, 10.866, 9.853, 10.227, 10.784, 10.878, 11.741, 11.998, 13.183, 14.119, 13.946, 13.532, 12.732, 10.445, 10.19, 10.29, 9.7, 8.99, 8.04, 6.98, 6.01, 5.99, 5.58, 5.64, 5.57, 5.32, 5.67, 5.08, 5.12, 5.16, 5.5, 5.65, 5.42, 5.74, 5.58, 5.43, 5.67], [1.27, 1.01, 0, 1.11, 1.8, 2.53, 2.72, 3.01, 3.03, 2.71, 3.42, 5.09, 6.55, 7.12, 7.43, 7.15, 6.65, 6.71, 6.5, 6.38, 6.37, 6.35, 7.08, 6.64, 6.24, 6.2, 5.98, 5.62, 5.7, 6.71, 8.872, 9.939, 10.509, 10.65, 10.48, 10.658, 11.462, 11.019, 10.94, 10.915, 10.605, 10.24, 10.04, 10.18, 10.723, 10.064, 9.464, 9.594, 9.792, 10.609, 10.919, 9.793, 10.209, 10.791, 10.952, 11.708, 12.045, 13.235, 14.12, 13.951, 13.579, 12.824, 10.492, 10.12, 10.22, 9.71, 8.94, 7.91, 6.75, 5.84, 5.84, 5.41, 5.49, 5.48, 5.23, 5.46, 4.89, 5.07, 5.01, 5.35, 5.42, 5.25, 5.47, 5.35, 5.12, 5.48], [0.86, 1.2, 1.11, 0, 1.77, 2.68, 2.85, 3.28, 3.3, 3.0, 3.19, 4.82, 6.28, 7.01, 7.4, 6.98, 6.6, 6.78, 6.51, 6.39, 6.4, 6.54, 7.23, 6.71, 6.25, 6.19, 5.99, 5.43, 5.39, 6.56, 9.29, 10.36, 10.91, 10.974, 10.827, 11.037, 11.81, 11.41, 11.29, 11.239, 10.88, 10.53, 10.35, 10.59, 11.13, 10.46, 9.88, 10.01, 10.23, 11.05, 11.34, 10.197, 10.518, 11.121, 11.23, 12.132, 12.43, 13.62, 14.505, 14.324, 14.02, 13.24, 10.81, 10.21, 10.11, 9.42, 8.71, 7.74, 6.44, 5.37, 5.35, 4.94, 5.06, 5.01, 4.74, 5.09, 4.6, 4.68, 4.7, 4.98, 5.13, 4.88, 5.24, 4.96, 4.83, 5.11], [1.95, 2.01, 1.8, 1.77, 0, 1.29, 1.44, 1.85, 1.87, 1.49, 1.8, 3.49, 5.05, 5.66, 6.05, 5.57, 5.19, 5.33, 5.18, 5.06, 4.99, 5.07, 5.76, 5.22, 4.8, 4.84, 4.56, 4.2, 4.26, 5.19, 7.763, 8.836, 9.383, 9.391, 9.22, 9.444, 10.182, 9.823, 9.631, 9.635, 9.29, 8.98, 8.8, 9.057, 9.609, 8.942, 8.359, 8.489, 8.706, 9.526, 9.813, 8.69, 9.054, 9.582, 9.669, 10.545, 10.863, 12.053, 12.989, 12.814, 12.496, 11.719, 9.34, 8.92, 8.82, 8.17, 7.44, 6.43, 5.17, 4.48, 4.46, 4.11, 4.17, 4.12, 3.93, 4.04, 3.57, 3.69, 3.65, 3.81, 3.98, 3.89, 4.11, 3.95, 3.72, 4.1], [2.782, 2.64, 2.53, 2.68, 1.29, 0, 0.75, 1.14, 1.32, 1.12, 1.67, 3.1, 4.68, 5.21, 5.5, 5.04, 4.58, 4.76, 4.51, 4.39, 4.34, 4.4, 5.09, 4.55, 4.33, 4.31, 4.11, 3.73, 3.87, 4.78, 6.83, 7.92, 8.45, 8.45, 8.26, 8.52, 9.25, 8.83, 8.77, 8.64, 8.36, 8.15, 8.01, 8.21, 8.71, 8.08, 7.48, 7.61, 7.79, 8.61, 8.88, 7.76, 8.07, 8.59, 8.75, 9.547, 9.85, 11.1, 11.974, 11.847, 11.58, 10.84, 8.59, 8.25, 8.31, 7.78, 7.07, 6.04, 4.66, 4.05, 3.99, 3.66, 3.58, 3.63, 3.48, 3.51, 3.24, 3.36, 3.26, 3.26, 3.39, 3.34, 3.58, 3.48, 3.37, 3.73], [3.0, 2.93, 2.72, 2.85, 1.44, 0.75, 0, 0.77, 0.97, 1.03, 1.46, 2.93, 4.43, 4.86, 5.15, 4.79, 4.27, 4.49, 4.26, 4.18, 4.15, 4.13, 4.78, 4.38, 4.18, 4.18, 3.96, 3.62, 3.7, 4.51, 6.6, 7.67, 8.24, 8.24, 8.09, 8.23, 9.02, 8.62, 8.54, 8.49, 8.15, 7.9, 7.7, 7.96, 8.48, 7.85, 7.25, 7.38, 7.56, 8.36, 8.63, 7.49, 7.82, 8.374, 8.52, 9.354, 9.66, 10.87, 11.778, 11.617, 11.33, 10.61, 8.28, 7.92, 7.92, 7.51, 6.84, 5.81, 4.53, 3.96, 3.94, 3.59, 3.61, 3.78, 3.45, 3.44, 3.23, 3.41, 3.25, 3.29, 3.3, 3.25, 3.47, 3.31, 3.24, 3.52], [3.417, 3.24, 3.01, 3.28, 1.85, 1.14, 0.77, 0, 0.58, 0.8, 1.47, 2.86, 4.32, 4.63, 4.94, 4.54, 4.04, 4.22, 4.03, 3.95, 3.9, 3.84, 4.37, 4.11, 3.89, 3.91, 3.67, 3.41, 3.63, 4.4, 6.11, 7.18, 7.75, 7.75, 7.64, 7.8, 8.59, 8.15, 8.13, 8.06, 7.72, 7.45, 7.27, 7.43, 7.97, 7.32, 6.72, 6.85, 7.05, 7.87, 8.16, 7.02, 7.39, 7.93, 8.07, 8.855, 9.21, 10.42, 11.314, 11.127, 10.84, 10.08, 7.81, 7.61, 7.67, 7.42, 6.75, 5.64, 4.46, 4.07, 4.07, 3.7, 3.72, 3.93, 3.54, 3.51, 3.28, 3.5, 3.26, 3.26, 3.25, 3.24, 3.32, 3.38, 3.21, 3.47], [3.373, 3.3, 3.03, 3.3, 1.87, 1.32, 0.97, 0.58, 0, 0.82, 1.35, 2.84, 4.26, 4.57, 4.86, 4.52, 4.02, 4.26, 3.91, 3.87, 3.88, 3.8, 4.39, 4.17, 3.95, 3.91, 3.69, 3.35, 3.61, 4.32, 6.15, 7.22, 7.77, 7.89, 7.74, 7.9, 8.686, 8.25, 8.19, 8.16, 7.9, 7.53, 7.35, 7.55, 8.05, 7.42, 6.82, 6.95, 7.09, 7.91, 8.18, 7.04, 7.45, 8.03, 8.21, 8.915, 9.29, 10.48, 11.385, 11.184, 10.88, 10.16, 7.89, 7.61, 7.61, 7.34, 6.69, 5.6, 4.48, 4.09, 4.09, 3.74, 3.74, 3.87, 3.44, 3.47, 3.42, 3.58, 3.38, 3.34, 3.27, 3.18, 3.4, 3.38, 3.07, 3.45], [3.118, 3.06, 2.71, 3.0, 1.49, 1.12, 1.03, 0.8, 0.82, 0, 1.37, 2.98, 4.48, 4.85, 5.16, 4.84, 4.34, 4.42, 4.19, 4.11, 4.08, 3.98, 4.67, 4.25, 3.99, 3.97, 3.71, 3.45, 3.71, 4.54, 6.49, 7.58, 8.13, 8.15, 7.931, 8.16, 8.986, 8.63, 8.47, 8.44, 8.22, 7.97, 7.77, 7.89, 8.37, 7.74, 7.14, 7.27, 7.45, 8.25, 8.54, 7.44, 7.85, 8.35, 8.53, 9.315, 9.67, 10.86, 11.745, 11.544, 11.22, 10.5, 8.27, 7.93, 7.95, 7.56, 6.87, 5.8, 4.64, 4.01, 4.01, 3.68, 3.72, 3.81, 3.42, 3.49, 3.22, 3.44, 3.24, 3.4, 3.35, 3.24, 3.38, 3.44, 3.15, 3.55], [3.29, 3.47, 3.42, 3.19, 1.8, 1.67, 1.46, 1.47, 1.35, 1.37, 0, 1.97, 3.49, 4.0, 4.49, 4.09, 3.73, 4.05, 3.92, 3.86, 3.91, 3.81, 4.48, 4.06, 3.66, 3.78, 3.56, 3.06, 2.98, 3.77, 6.58, 7.67, 8.22, 8.3, 8.149, 8.31, 9.08, 8.74, 8.58, 8.55, 8.17, 7.78, 7.6, 7.88, 8.38, 7.71, 7.13, 7.28, 7.52, 8.34, 8.65, 7.51, 7.88, 8.44, 8.54, 9.48, 9.76, 10.93, 11.85, 11.66, 11.29, 10.51, 8.06, 7.42, 7.14, 6.57, 5.92, 5.09, 4.01, 3.56, 3.58, 3.27, 3.33, 3.44, 3.03, 3.06, 2.83, 2.81, 2.73, 2.77, 2.82, 2.89, 3.05, 2.83, 2.56, 2.78], [4.78, 5.08, 5.09, 4.82, 3.49, 3.1, 2.93, 2.86, 2.84, 2.98, 1.97, 0, 1.72, 2.53, 3.34, 2.96, 2.74, 3.08, 2.87, 2.73, 2.72, 2.86, 3.51, 3.05, 2.43, 2.55, 2.33, 1.91, 1.77, 2.56, 5.61, 6.76, 7.25, 7.51, 7.36, 7.52, 8.29, 7.89, 7.75, 7.74, 7.36, 6.89, 6.69, 6.97, 7.41, 6.72, 6.16, 6.33, 6.55, 7.37, 7.68, 6.56, 7.01, 7.61, 7.71, 8.61, 8.85, 10.0, 10.96, 10.79, 10.38, 9.54, 7.07, 6.41, 5.89, 4.88, 4.19, 3.72, 2.68, 2.47, 2.49, 2.3, 2.32, 2.77, 2.2, 1.83, 2.18, 2.2, 2.0, 1.74, 1.55, 1.8, 1.94, 1.78, 2.01, 1.65], [6.22, 6.56, 6.55, 6.28, 5.05, 4.68, 4.43, 4.32, 4.26, 4.48, 3.49, 1.72, 0, 1.29, 2.16, 2.06, 2.3, 2.38, 2.05, 1.79, 1.72, 1.98, 2.43, 2.11, 1.61, 1.81, 2.01, 1.85, 1.53, 1.34, 4.43, 5.72, 6.23, 6.55, 6.4, 6.56, 7.33, 6.93, 6.79, 6.78, 6.4, 5.93, 5.73, 5.93, 6.17, 5.4, 4.92, 5.19, 5.31, 6.07, 6.56, 5.54, 5.97, 6.59, 6.75, 7.65, 7.89, 9.04, 9.98, 9.79, 9.32, 8.4, 5.83, 5.13, 4.69, 3.58, 2.81, 2.32, 1.88, 2.57, 2.99, 2.78, 2.86, 3.67, 3.2, 2.47, 2.96, 2.96, 2.7, 2.38, 1.95, 2.28, 2.14, 2.28, 2.63, 1.95], [7.05, 7.23, 7.12, 7.01, 5.66, 5.21, 4.86, 4.63, 4.57, 4.85, 4.0, 2.53, 1.29, 0, 1.19, 1.45, 1.73, 1.85, 1.74, 1.7, 1.59, 1.37, 1.58, 1.48, 1.58, 1.92, 2.24, 2.42, 2.06, 1.27, 3.2, 4.47, 4.98, 5.3, 5.15, 5.31, 6.08, 5.68, 5.54, 5.53, 5.15, 4.68, 4.48, 4.68, 4.96, 4.29, 3.77, 4.0, 4.1, 4.92, 5.33, 4.29, 4.72, 5.34, 5.5, 6.4, 6.64, 7.79, 8.73, 8.54, 8.07, 7.17, 4.66, 4.06, 3.58, 3.09, 2.48, 2.07, 1.85, 3.26, 3.64, 3.45, 3.49, 4.36, 3.93, 3.2, 3.69, 3.75, 3.43, 3.09, 2.64, 3.03, 2.89, 2.95, 3.36, 2.88], [7.458, 7.58, 7.43, 7.4, 6.05, 5.5, 5.15, 4.94, 4.86, 5.16, 4.49, 3.34, 2.16, 1.19, 0, 0.92, 1.28, 1.24, 1.59, 1.79, 1.68, 1.38, 1.17, 1.35, 1.79, 1.85, 2.37, 2.87, 2.57, 1.48, 2.27, 3.56, 4.07, 4.39, 4.24, 4.4, 5.17, 4.77, 4.63, 4.62, 4.24, 3.77, 3.57, 3.77, 4.09, 3.42, 2.84, 3.05, 3.23, 4.03, 4.42, 3.4, 3.85, 4.43, 4.59, 5.49, 5.73, 6.88, 7.82, 7.63, 7.16, 6.24, 3.81, 3.23, 2.91, 2.78, 2.41, 1.78, 2.06, 3.61, 4.19, 3.92, 3.94, 4.81, 4.36, 3.73, 4.16, 4.26, 3.92, 3.48, 3.01, 3.42, 3.3, 3.48, 3.89, 3.57], [7.1, 7.26, 7.15, 6.98, 5.57, 5.04, 4.79, 4.54, 4.52, 4.84, 4.09, 2.96, 2.06, 1.45, 0.92, 0, 0.82, 1.1, 1.19, 1.29, 1.2, 1.24, 1.23, 1.29, 1.59, 1.63, 1.99, 2.41, 2.27, 1.44, 2.71, 3.88, 4.35, 4.61, 4.46, 4.62, 5.39, 4.99, 4.85, 4.84, 4.46, 4.09, 3.89, 4.11, 4.55, 3.88, 3.3, 3.47, 3.65, 4.47, 4.76, 3.66, 4.11, 4.67, 4.81, 5.71, 5.95, 7.12, 8.04, 7.89, 7.54, 6.68, 4.29, 3.83, 3.49, 3.22, 2.77, 1.98, 1.78, 3.17, 3.79, 3.4, 3.38, 4.17, 3.68, 3.15, 3.62, 3.72, 3.36, 2.86, 2.39, 2.9, 2.76, 2.98, 3.45, 3.29], [6.74, 6.84, 6.65, 6.6, 5.19, 4.58, 4.27, 4.04, 4.02, 4.34, 3.73, 2.74, 2.3, 1.73, 1.28, 0.82, 0, 0.94, 1.23, 1.23, 1.34, 1.24, 1.49, 1.55, 1.89, 1.89, 2.07, 2.33, 2.19, 1.76, 2.99, 4.16, 4.63, 4.87, 4.72, 4.9, 5.65, 5.25, 5.11, 5.1, 4.72, 4.37, 4.19, 4.41, 4.83, 4.18, 3.58, 3.77, 3.91, 4.73, 5.02, 3.94, 4.37, 4.93, 5.09, 5.97, 6.21, 7.4, 8.3, 8.17, 7.82, 6.98, 4.57, 4.07, 3.81, 3.6, 3.19, 2.38, 2.2, 3.39, 3.87, 3.5, 3.5, 4.09, 3.46, 3.09, 3.62, 3.66, 3.38, 2.8, 2.37, 2.8, 2.7, 3.02, 3.59, 3.23], [6.858, 6.92, 6.71, 6.78, 5.33, 4.76, 4.49, 4.22, 4.26, 4.42, 4.05, 3.08, 2.38, 1.85, 1.24, 1.1, 0.94, 0, 1.01, 1.27, 1.26, 1.18, 1.45, 1.47, 1.73, 1.67, 1.83, 2.29, 2.25, 1.68, 2.59, 3.84, 4.31, 4.61, 4.46, 4.64, 5.41, 5.01, 4.85, 4.84, 4.48, 4.13, 3.91, 4.09, 4.45, 3.8, 3.22, 3.41, 3.53, 4.35, 4.64, 3.6, 4.03, 4.65, 4.87, 5.71, 5.97, 7.12, 8.04, 7.85, 7.5, 6.62, 4.19, 3.75, 3.71, 3.36, 3.09, 2.38, 2.44, 3.47, 3.95, 3.58, 3.6, 4.25, 3.76, 3.27, 3.6, 3.74, 3.34, 3.02, 2.53, 2.76, 2.62, 3.04, 3.53, 3.27], [6.53, 6.69, 6.5, 6.51, 5.18, 4.51, 4.26, 4.03, 3.91, 4.19, 3.92, 2.87, 2.05, 1.74, 1.59, 1.19, 1.23, 1.01, 0, 0.7, 0.85, 0.99, 1.38, 1.3, 1.32, 1.14, 1.34, 1.68, 1.74, 1.39, 3.0, 4.25, 4.76, 5.1, 4.93, 5.09, 5.86, 5.46, 5.38, 5.33, 5.05, 4.7, 4.52, 4.6, 4.84, 4.17, 3.63, 3.86, 3.86, 4.64, 5.09, 4.07, 4.56, 5.12, 5.34, 6.18, 6.42, 7.57, 8.51, 8.32, 7.89, 7.05, 4.7, 4.26, 4.3, 3.71, 3.34, 2.37, 2.11, 3.06, 3.52, 3.15, 3.03, 3.72, 3.25, 2.76, 3.13, 3.25, 2.89, 2.65, 2.08, 2.37, 2.23, 2.67, 3.08, 2.92], [6.45, 6.61, 6.38, 6.39, 5.06, 4.39, 4.18, 3.95, 3.87, 4.11, 3.86, 2.73, 1.79, 1.7, 1.79, 1.29, 1.23, 1.27, 0.7, 0, 0.73, 1.09, 1.38, 1.2, 1.16, 1.08, 1.26, 1.6, 1.74, 1.45, 3.22, 4.45, 4.92, 5.26, 5.07, 5.23, 6.0, 5.62, 5.52, 5.51, 5.25, 4.96, 4.78, 4.86, 5.12, 4.49, 3.93, 4.14, 4.16, 4.9, 5.25, 4.27, 4.7, 5.26, 5.52, 6.32, 6.58, 7.71, 8.65, 8.46, 8.15, 7.33, 5.02, 4.58, 4.56, 3.85, 3.4, 2.29, 1.83, 2.74, 3.22, 2.81, 2.77, 3.56, 3.07, 2.58, 3.03, 3.09, 2.75, 2.47, 1.92, 2.13, 1.97, 2.39, 2.88, 2.76], [6.42, 6.54, 6.37, 6.4, 4.99, 4.34, 4.15, 3.9, 3.88, 4.08, 3.91, 2.72, 1.72, 1.59, 1.68, 1.2, 1.34, 1.26, 0.85, 0.73, 0, 0.9, 1.33, 1.05, 1.05, 0.99, 1.31, 1.75, 1.91, 1.26, 3.01, 4.2, 4.67, 4.99, 4.8, 4.98, 5.73, 5.33, 5.27, 5.22, 4.92, 4.63, 4.41, 4.57, 4.91, 4.28, 3.68, 3.85, 3.95, 4.75, 5.04, 3.96, 4.41, 4.99, 5.23, 6.05, 6.31, 7.44, 8.38, 8.19, 7.88, 7.04, 4.73, 4.39, 4.41, 3.7, 3.21, 2.12, 1.62, 2.83, 3.35, 2.94, 2.9, 3.73, 3.24, 2.75, 3.14, 3.26, 2.9, 2.56, 1.99, 2.12, 2.06, 2.42, 3.01, 2.85], [6.558, 6.6, 6.35, 6.54, 5.07, 4.4, 4.13, 3.84, 3.8, 3.98, 3.81, 2.86, 1.98, 1.37, 1.38, 1.24, 1.24, 1.18, 0.99, 1.09, 0.9, 0, 1.25, 0.97, 1.07, 1.13, 1.33, 1.95, 1.99, 1.28, 2.77, 3.96, 4.49, 4.77, 4.62, 4.78, 5.55, 5.17, 5.03, 5.0, 4.68, 4.31, 4.13, 4.25, 4.61, 3.98, 3.38, 3.51, 3.71, 4.53, 4.86, 3.78, 4.29, 4.81, 4.97, 5.87, 6.11, 7.26, 8.2, 8.01, 7.6, 6.74, 4.47, 4.05, 4.07, 3.74, 3.25, 2.28, 1.84, 3.01, 3.49, 3.1, 3.1, 3.91, 3.54, 2.91, 3.22, 3.42, 3.0, 2.66, 2.19, 2.48, 2.3, 2.6, 3.21, 3.01], [7.368, 7.37, 7.08, 7.23, 5.76, 5.09, 4.78, 4.37, 4.39, 4.67, 4.48, 3.51, 2.43, 1.58, 1.17, 1.23, 1.49, 1.45, 1.38, 1.38, 1.33, 1.25, 0, 0.88, 1.4, 1.44, 1.88, 2.5, 2.58, 1.51, 2.26, 3.43, 3.88, 4.2, 4.07, 4.21, 4.96, 4.56, 4.44, 4.45, 4.15, 3.86, 3.68, 3.8, 4.08, 3.47, 2.89, 3.12, 3.12, 3.92, 4.23, 3.23, 3.7, 4.22, 4.44, 5.28, 5.52, 6.67, 7.61, 7.42, 7.11, 6.27, 4.06, 3.64, 3.62, 3.71, 3.38, 2.41, 2.17, 3.44, 3.96, 3.59, 3.55, 4.42, 4.03, 3.44, 3.83, 3.97, 3.59, 3.25, 2.76, 3.09, 2.89, 3.19, 3.72, 3.68], [6.888, 6.87, 6.64, 6.71, 5.22, 4.55, 4.38, 4.11, 4.17, 4.25, 4.06, 3.05, 2.11, 1.48, 1.35, 1.29, 1.55, 1.47, 1.3, 1.2, 1.05, 0.97, 0.88, 0, 0.92, 1.02, 1.46, 2.18, 2.28, 1.27, 2.66, 3.75, 4.28, 4.48, 4.33, 4.49, 5.26, 4.88, 4.72, 4.71, 4.45, 4.14, 3.96, 4.08, 4.54, 3.91, 3.33, 3.48, 3.62, 4.44, 4.71, 3.65, 4.1, 4.58, 4.72, 5.58, 5.82, 6.99, 7.93, 7.76, 7.41, 6.67, 4.46, 4.1, 3.96, 3.61, 3.24, 2.21, 1.61, 2.92, 3.46, 3.09, 3.01, 3.96, 3.61, 2.92, 3.29, 3.57, 3.13, 2.67, 2.26, 2.69, 2.51, 2.75, 3.26, 3.26], [6.29, 6.39, 6.24, 6.25, 4.8, 4.33, 4.18, 3.89, 3.95, 3.99, 3.66, 2.43, 1.61, 1.58, 1.79, 1.59, 1.89, 1.73, 1.32, 1.16, 1.05, 1.07, 1.4, 0.92, 0, 0.58, 1.04, 1.48, 1.6, 0.93, 3.28, 4.49, 5.04, 5.3, 5.15, 5.31, 6.08, 5.7, 5.54, 5.53, 5.23, 4.82, 4.64, 4.74, 5.04, 4.43, 3.81, 3.98, 4.18, 5.0, 5.39, 4.39, 4.88, 5.34, 5.5, 6.4, 6.64, 7.79, 8.73, 8.54, 8.07, 7.19, 4.92, 4.54, 4.38, 3.63, 3.08, 2.01, 1.55, 2.42, 2.96, 2.61, 2.55, 3.4, 3.05, 2.42, 2.65, 2.85, 2.47, 2.11, 1.7, 2.07, 1.83, 2.15, 2.68, 2.52], [6.25, 6.43, 6.2, 6.19, 4.84, 4.31, 4.18, 3.91, 3.91, 3.97, 3.78, 2.55, 1.81, 1.92, 1.85, 1.63, 1.89, 1.67, 1.14, 1.08, 0.99, 1.13, 1.44, 1.02, 0.58, 0, 0.8, 1.4, 1.6, 1.15, 3.28, 4.51, 5.04, 5.34, 5.19, 5.35, 6.12, 5.74, 5.58, 5.57, 5.31, 4.96, 4.78, 4.84, 5.12, 4.47, 3.87, 4.08, 4.16, 4.98, 5.39, 4.43, 4.92, 5.4, 5.56, 6.44, 6.68, 7.83, 8.77, 8.58, 8.13, 7.27, 5.02, 4.64, 4.54, 3.75, 3.22, 2.21, 1.71, 2.42, 2.94, 2.57, 2.51, 3.32, 2.91, 2.32, 2.63, 2.81, 2.43, 2.09, 1.66, 1.93, 1.77, 2.09, 2.6, 2.5], [6.09, 6.21, 5.98, 5.99, 4.56, 4.11, 3.96, 3.67, 3.69, 3.71, 3.56, 2.33, 2.01, 2.24, 2.37, 1.99, 2.07, 1.83, 1.34, 1.26, 1.31, 1.33, 1.88, 1.46, 1.04, 0.8, 0, 1.18, 1.52, 1.55, 3.66, 4.77, 5.28, 5.6, 5.41, 5.59, 6.34, 5.98, 5.88, 5.87, 5.67, 5.36, 5.16, 5.2, 5.6, 4.95, 4.35, 4.5, 4.62, 5.38, 5.67, 4.65, 5.16, 5.68, 5.84, 6.66, 6.92, 8.05, 8.99, 8.8, 8.45, 7.69, 5.52, 5.2, 5.1, 4.25, 3.56, 2.47, 1.79, 2.26, 2.56, 2.23, 2.05, 2.86, 2.53, 2.0, 2.27, 2.51, 2.13, 1.83, 1.4, 1.63, 1.61, 1.79, 2.26, 2.24], [5.57, 5.85, 5.62, 5.43, 4.2, 3.73, 3.62, 3.41, 3.35, 3.45, 3.06, 1.91, 1.85, 2.42, 2.87, 2.41, 2.33, 2.29, 1.68, 1.6, 1.75, 1.95, 2.5, 2.18, 1.48, 1.4, 1.18, 0, 0.86, 1.73, 4.5, 5.73, 6.24, 6.58, 6.39, 6.57, 7.32, 6.92, 6.82, 6.81, 6.51, 6.14, 5.96, 6.08, 6.32, 5.67, 5.11, 5.34, 5.36, 6.16, 6.55, 5.53, 6.04, 6.58, 6.82, 7.64, 7.9, 9.03, 9.97, 9.78, 9.37, 8.53, 6.16, 5.74, 5.58, 4.61, 3.86, 2.77, 1.79, 2.08, 2.3, 2.03, 1.95, 2.4, 1.93, 1.56, 1.79, 2.03, 1.71, 1.47, 1.2, 1.29, 1.35, 1.55, 1.78, 1.86], [5.55, 5.83, 5.7, 5.39, 4.26, 3.87, 3.7, 3.63, 3.61, 3.71, 2.98, 1.77, 1.53, 2.06, 2.57, 2.27, 2.19, 2.25, 1.74, 1.74, 1.91, 1.99, 2.58, 2.28, 1.6, 1.6, 1.52, 0.86, 0, 1.51, 4.64, 5.93, 6.44, 6.755, 6.605, 6.768, 7.54, 7.14, 7.0, 6.99, 6.61, 6.16, 5.94, 6.14, 6.36, 5.57, 5.09, 5.38, 5.52, 6.28, 6.77, 5.75, 6.18, 6.8, 6.96, 7.86, 8.1, 9.25, 10.19, 10.0, 9.53, 8.61, 6.08, 5.54, 5.2, 4.35, 3.56, 2.69, 1.83, 2.12, 2.4, 2.17, 2.11, 2.72, 2.31, 1.74, 2.03, 2.11, 1.81, 1.67, 1.26, 1.51, 1.55, 1.63, 2.02, 1.8], [6.62, 6.8, 6.71, 6.56, 5.19, 4.78, 4.51, 4.4, 4.32, 4.54, 3.77, 2.56, 1.34, 1.27, 1.48, 1.44, 1.76, 1.68, 1.39, 1.45, 1.26, 1.28, 1.51, 1.27, 0.93, 1.15, 1.55, 1.73, 1.51, 0, 3.37, 4.66, 5.17, 5.49, 5.34, 5.5, 6.27, 5.87, 5.73, 5.72, 5.34, 4.87, 4.69, 4.87, 5.09, 4.32, 3.86, 4.13, 4.25, 5.01, 5.5, 4.48, 4.91, 5.53, 5.69, 6.59, 6.83, 7.98, 8.92, 8.73, 8.26, 7.34, 4.79, 4.21, 3.97, 3.22, 2.59, 1.92, 1.7, 2.81, 3.39, 3.02, 3.0, 3.85, 3.4, 2.85, 3.12, 3.26, 2.92, 2.52, 2.11, 2.42, 2.2, 2.44, 2.95, 2.69], [9.199, 8.868, 8.872, 9.29, 7.763, 6.83, 6.6, 6.11, 6.15, 6.49, 6.58, 5.61, 4.43, 3.2, 2.27, 2.71, 2.99, 2.59, 3.0, 3.22, 3.01, 2.77, 2.26, 2.66, 3.28, 3.28, 3.66, 4.5, 4.64, 3.37, 0, 1.37, 1.98, 2.16, 2.25, 2.51, 3.04, 2.66, 2.78, 2.57, 2.39, 2.14, 2.1, 1.92, 2.06, 1.67, 1.43, 1.76, 1.34, 1.9, 2.33, 1.67, 2.24, 2.44, 2.44, 3.26, 3.48, 4.61, 5.55, 5.36, 4.97, 4.11, 2.1, 2.1, 2.36, 2.81, 2.86, 2.57, 3.71, 5.5, 6.04, 5.67, 5.57, 6.4, 6.01, 5.46, 5.79, 5.99, 5.65, 5.27, 4.84, 5.07, 4.87, 5.25, 5.78, 5.7], [10.312, 9.966, 9.939, 10.36, 8.836, 7.92, 7.67, 7.18, 7.22, 7.58, 7.67, 6.76, 5.72, 4.47, 3.56, 3.88, 4.16, 3.84, 4.25, 4.45, 4.2, 3.96, 3.43, 3.75, 4.49, 4.51, 4.77, 5.73, 5.93, 4.66, 1.37, 0, 0.95, 1.17, 1.54, 1.6, 2.03, 1.69, 1.85, 1.7, 1.5, 1.41, 1.43, 1.13, 1.37, 1.26, 1.46, 1.77, 1.21, 1.17, 1.48, 1.12, 1.55, 1.75, 1.37, 2.17, 2.25, 3.38, 4.26, 4.07, 3.74, 3.02, 1.69, 1.77, 2.09, 2.78, 3.31, 3.54, 4.76, 6.57, 7.11, 6.76, 6.64, 7.51, 7.18, 6.53, 6.94, 7.22, 6.8, 6.34, 5.97, 6.26, 6.1, 6.36, 6.87, 6.91], [10.896, 10.685, 10.509, 10.91, 9.383, 8.45, 8.24, 7.75, 7.77, 8.13, 8.22, 7.25, 6.23, 4.98, 4.07, 4.35, 4.63, 4.31, 4.76, 4.92, 4.67, 4.49, 3.88, 4.28, 5.04, 5.04, 5.28, 6.24, 6.44, 5.17, 1.98, 0.95, 0, 1.1, 1.53, 1.33, 1.78, 1.76, 1.56, 1.37, 1.45, 1.34, 1.32, 1.34, 1.38, 1.59, 1.95, 2.32, 1.54, 1.12, 1.45, 1.45, 1.68, 1.82, 1.28, 1.8, 1.9, 2.87, 3.75, 3.6, 3.33, 2.65, 1.56, 1.7, 2.0, 3.05, 3.76, 4.07, 5.33, 7.12, 7.64, 7.29, 7.15, 7.92, 7.61, 7.04, 7.49, 7.71, 7.35, 6.89, 6.46, 6.73, 6.57, 6.87, 7.44, 7.46], [11.063, 10.723, 10.65, 10.974, 9.391, 8.45, 8.24, 7.75, 7.89, 8.15, 8.3, 7.51, 6.55, 5.3, 4.39, 4.61, 4.87, 4.61, 5.1, 5.26, 4.99, 4.77, 4.2, 4.48, 5.3, 5.34, 5.6, 6.58, 6.755, 5.49, 2.16, 1.17, 1.1, 0, 1.23, 1.45, 1.76, 1.62, 1.48, 1.29, 1.31, 1.42, 1.44, 1.34, 1.56, 1.75, 2.19, 2.56, 1.88, 1.4, 1.71, 1.75, 1.84, 1.84, 1.34, 1.5, 1.86, 3.03, 3.89, 3.76, 3.55, 2.91, 1.78, 2.06, 2.24, 3.25, 4.08, 4.37, 5.39, 7.02, 7.52, 7.19, 7.25, 8.12, 7.87, 7.24, 7.77, 8.03, 7.61, 6.97, 6.66, 7.03, 6.85, 7.17, 7.66, 7.738], [10.913, 10.753, 10.48, 10.827, 9.22, 8.26, 8.09, 7.64, 7.74, 7.931, 8.149, 7.36, 6.4, 5.15, 4.24, 4.46, 4.72, 4.46, 4.93, 5.07, 4.8, 4.62, 4.07, 4.33, 5.15, 5.19, 5.41, 6.39, 6.605, 5.34, 2.25, 1.54, 1.53, 1.23, 0, 1.28, 1.83, 1.83, 1.83, 1.64, 1.5, 2.05, 2.19, 2.19, 2.39, 2.36, 2.5, 2.85, 2.21, 1.73, 2.18, 2.02, 2.29, 2.31, 1.97, 2.11, 2.45, 3.44, 4.12, 4.21, 4.14, 3.52, 2.27, 2.11, 2.49, 3.3, 3.91, 4.22, 5.22, 6.87, 7.35, 7.04, 6.96, 7.73, 7.62, 7.05, 7.62, 7.88, 7.46, 6.78, 6.49, 6.835, 6.618, 6.995, 7.445, 7.567], [11.096, 10.878, 10.658, 11.037, 9.444, 8.52, 8.23, 7.8, 7.9, 8.16, 8.31, 7.52, 6.56, 5.31, 4.4, 4.62, 4.9, 4.64, 5.09, 5.23, 4.98, 4.78, 4.21, 4.49, 5.31, 5.35, 5.59, 6.57, 6.768, 5.5, 2.51, 1.6, 1.33, 1.45, 1.28, 0, 1.11, 1.15, 1.45, 1.26, 1.18, 1.55, 1.95, 2.13, 2.35, 2.54, 2.62, 2.83, 2.21, 1.95, 2.44, 2.3, 2.57, 2.45, 1.95, 2.15, 2.21, 3.1, 3.98, 3.77, 3.64, 2.96, 1.83, 2.03, 2.51, 3.32, 4.05, 4.38, 5.44, 7.11, 7.57, 7.24, 7.24, 8.11, 7.84, 7.23, 7.78, 8.04, 7.62, 7.02, 6.69, 7.02, 6.84, 7.16, 7.63, 7.731], [11.872, 11.615, 11.462, 11.81, 10.182, 9.25, 9.02, 8.59, 8.686, 8.986, 9.08, 8.29, 7.33, 6.08, 5.17, 5.39, 5.65, 5.41, 5.86, 6.0, 5.73, 5.55, 4.96, 5.26, 6.08, 6.12, 6.34, 7.32, 7.54, 6.27, 3.04, 2.03, 1.78, 1.76, 1.83, 1.11, 0, 0.8, 1.18, 1.17, 1.17, 1.72, 2.08, 2.24, 2.54, 2.95, 3.09, 3.14, 2.64, 2.46, 2.75, 2.55, 2.76, 2.56, 2.02, 2.22, 2.06, 2.53, 3.45, 3.28, 3.09, 2.43, 1.9, 2.34, 2.88, 3.95, 4.82, 5.15, 6.15, 7.9, 8.4, 8.07, 7.99, 8.86, 8.61, 8.02, 8.55, 8.81, 8.39, 7.71, 7.42, 7.79, 7.65, 7.93, 8.42, 8.504], [11.458, 11.098, 11.019, 11.41, 9.823, 8.83, 8.62, 8.15, 8.25, 8.63, 8.74, 7.89, 6.93, 5.68, 4.77, 4.99, 5.25, 5.01, 5.46, 5.62, 5.33, 5.17, 4.56, 4.88, 5.7, 5.74, 5.98, 6.92, 7.14, 5.87, 2.66, 1.69, 1.76, 1.62, 1.83, 1.15, 0.8, 0, 0.96, 1.05, 0.99, 1.42, 1.86, 2.0, 2.4, 2.77, 2.91, 3.06, 2.46, 2.42, 2.75, 2.29, 2.52, 2.52, 2.04, 2.3, 2.22, 2.91, 3.85, 3.64, 3.41, 2.71, 1.56, 2.04, 2.56, 3.57, 4.42, 4.75, 5.75, 7.52, 8.06, 7.69, 7.63, 8.52, 8.23, 7.64, 8.15, 8.41, 7.99, 7.31, 7.02, 7.39, 7.25, 7.53, 8.02, 8.113], [11.375, 11.215, 10.94, 11.29, 9.631, 8.77, 8.54, 8.13, 8.19, 8.47, 8.58, 7.75, 6.79, 5.54, 4.63, 4.85, 5.11, 4.85, 5.38, 5.52, 5.27, 5.03, 4.44, 4.72, 5.54, 5.58, 5.88, 6.82, 7.0, 5.73, 2.78, 1.85, 1.56, 1.48, 1.83, 1.45, 1.18, 0.96, 0, 0.61, 1.07, 1.3, 1.6, 1.72, 2.24, 2.67, 3.15, 3.32, 2.68, 2.4, 2.69, 2.33, 2.42, 2.36, 1.96, 2.14, 2.16, 3.09, 3.99, 3.8, 3.55, 2.83, 1.54, 1.84, 2.24, 3.41, 4.28, 4.61, 5.61, 7.38, 7.9, 7.55, 7.51, 8.38, 8.13, 7.48, 8.01, 8.27, 7.85, 7.17, 6.88, 7.29, 7.07, 7.41, 7.9, 7.97], [11.322, 11.118, 10.915, 11.239, 9.635, 8.64, 8.49, 8.06, 8.16, 8.44, 8.55, 7.74, 6.78, 5.53, 4.62, 4.84, 5.1, 4.84, 5.33, 5.51, 5.22, 5.0, 4.45, 4.71, 5.53, 5.57, 5.87, 6.81, 6.99, 5.72, 2.57, 1.7, 1.37, 1.29, 1.64, 1.26, 1.17, 1.05, 0.61, 0, 0.94, 1.35, 1.45, 1.61, 2.01, 2.36, 2.9, 3.21, 2.59, 2.17, 2.4, 2.16, 2.23, 2.11, 1.73, 2.09, 2.03, 2.96, 3.84, 3.67, 3.44, 2.74, 1.43, 1.73, 2.21, 3.4, 4.27, 4.6, 5.6, 7.39, 7.87, 7.56, 7.48, 8.33, 8.1, 7.47, 8.0, 8.26, 7.84, 7.16, 6.87, 7.26, 7.04, 7.4, 7.87, 7.957], [10.945, 10.698, 10.605, 10.88, 9.29, 8.36, 8.15, 7.72, 7.9, 8.22, 8.17, 7.36, 6.4, 5.15, 4.24, 4.46, 4.72, 4.48, 5.05, 5.25, 4.92, 4.68, 4.15, 4.45, 5.23, 5.31, 5.67, 6.51, 6.61, 5.34, 2.39, 1.5, 1.45, 1.31, 1.5, 1.18, 1.17, 0.99, 1.07, 0.94, 0, 1.05, 1.39, 1.63, 2.01, 2.34, 2.56, 2.93, 2.43, 2.03, 2.46, 2.02, 2.19, 2.25, 1.77, 2.19, 2.03, 3.02, 3.96, 3.73, 3.5, 2.72, 1.29, 1.57, 1.99, 3.04, 3.89, 4.24, 5.24, 7.11, 7.65, 7.32, 7.3, 8.19, 7.88, 7.27, 7.68, 7.94, 7.48, 6.84, 6.51, 6.96, 6.8, 7.08, 7.59, 7.59], [10.524, 10.183, 10.24, 10.53, 8.98, 8.15, 7.9, 7.45, 7.53, 7.97, 7.78, 6.89, 5.93, 4.68, 3.77, 4.09, 4.37, 4.13, 4.7, 4.96, 4.63, 4.31, 3.86, 4.14, 4.82, 4.96, 5.36, 6.14, 6.16, 4.87, 2.14, 1.41, 1.34, 1.42, 2.05, 1.55, 1.72, 1.42, 1.3, 1.35, 1.05, 0, 0.74, 1.18, 1.62, 2.03, 2.29, 2.48, 1.88, 1.8, 2.21, 1.75, 1.88, 2.08, 1.7, 2.12, 2.16, 3.21, 4.21, 3.98, 3.63, 2.85, 1.22, 1.42, 1.62, 2.61, 3.42, 3.79, 4.97, 6.86, 7.44, 7.11, 7.05, 7.98, 7.63, 6.96, 7.29, 7.53, 7.11, 6.53, 6.28, 6.67, 6.49, 6.77, 7.28, 7.18], [10.327, 10.023, 10.04, 10.35, 8.8, 8.01, 7.7, 7.27, 7.35, 7.77, 7.6, 6.69, 5.73, 4.48, 3.57, 3.89, 4.19, 3.91, 4.52, 4.78, 4.41, 4.13, 3.68, 3.96, 4.64, 4.78, 5.16, 5.96, 5.94, 4.69, 2.1, 1.43, 1.32, 1.44, 2.19, 1.95, 2.08, 1.86, 1.6, 1.45, 1.39, 0.74, 0, 0.82, 1.3, 1.75, 2.15, 2.28, 1.84, 1.74, 1.95, 1.51, 1.62, 1.8, 1.56, 2.14, 2.24, 3.37, 4.33, 4.16, 3.75, 2.97, 1.5, 1.58, 1.82, 2.71, 3.38, 3.61, 4.81, 6.68, 7.24, 6.91, 6.87, 7.82, 7.43, 6.8, 7.11, 7.33, 6.93, 6.37, 6.08, 6.47, 6.29, 6.57, 7.1, 7.0], [10.544, 10.159, 10.18, 10.59, 9.057, 8.21, 7.96, 7.43, 7.55, 7.89, 7.88, 6.97, 5.93, 4.68, 3.77, 4.11, 4.41, 4.09, 4.6, 4.86, 4.57, 4.25, 3.8, 4.08, 4.74, 4.84, 5.2, 6.08, 6.14, 4.87, 1.92, 1.13, 1.34, 1.34, 2.19, 2.13, 2.24, 2.0, 1.72, 1.61, 1.63, 1.18, 0.82, 0, 0.86, 1.41, 1.91, 2.08, 1.7, 1.46, 1.59, 1.31, 1.44, 1.54, 1.36, 1.86, 1.98, 3.13, 4.09, 3.9, 3.47, 2.67, 1.6, 1.9, 2.08, 2.95, 3.56, 3.75, 5.05, 6.92, 7.48, 7.13, 7.07, 7.98, 7.59, 6.96, 7.17, 7.45, 7.05, 6.55, 6.28, 6.63, 6.41, 6.73, 7.26, 7.16], [11.044, 10.643, 10.723, 11.13, 9.609, 8.71, 8.48, 7.97, 8.05, 8.37, 8.38, 7.41, 6.17, 4.96, 4.09, 4.55, 4.83, 4.45, 4.84, 5.12, 4.91, 4.61, 4.08, 4.54, 5.04, 5.12, 5.6, 6.32, 6.36, 5.09, 2.06, 1.37, 1.38, 1.56, 2.39, 2.35, 2.54, 2.4, 2.24, 2.01, 2.01, 1.62, 1.3, 0.86, 0, 1.09, 1.67, 1.98, 1.46, 1.1, 1.27, 1.35, 1.34, 1.34, 1.28, 1.74, 1.76, 2.89, 3.83, 3.64, 3.17, 2.27, 1.8, 2.16, 2.38, 3.15, 3.74, 4.05, 5.53, 7.42, 7.98, 7.63, 7.55, 8.38, 7.97, 7.42, 7.63, 7.79, 7.49, 7.09, 6.7, 6.99, 6.73, 7.15, 7.7, 7.54], [10.377, 9.993, 10.064, 10.46, 8.942, 8.08, 7.85, 7.32, 7.42, 7.74, 7.71, 6.72, 5.4, 4.29, 3.42, 3.88, 4.18, 3.8, 4.17, 4.49, 4.28, 3.98, 3.47, 3.91, 4.43, 4.47, 4.95, 5.67, 5.57, 4.32, 1.67, 1.26, 1.59, 1.75, 2.36, 2.54, 2.95, 2.77, 2.67, 2.36, 2.34, 2.03, 1.75, 1.41, 1.09, 0, 0.94, 1.49, 1.01, 1.09, 1.32, 1.2, 1.59, 1.75, 1.61, 2.31, 2.59, 3.7, 4.64, 4.47, 3.98, 3.06, 2.07, 2.17, 2.47, 3.04, 3.23, 3.42, 4.9, 6.79, 7.35, 7.0, 6.9, 7.73, 7.34, 6.77, 6.98, 7.1, 6.84, 6.42, 6.07, 6.36, 6.1, 6.52, 7.07, 6.89], [9.794, 9.374, 9.464, 9.88, 8.359, 7.48, 7.25, 6.72, 6.82, 7.14, 7.13, 6.16, 4.92, 3.77, 2.84, 3.3, 3.58, 3.22, 3.63, 3.93, 3.68, 3.38, 2.89, 3.33, 3.81, 3.87, 4.35, 5.11, 5.09, 3.86, 1.43, 1.46, 1.95, 2.19, 2.5, 2.62, 3.09, 2.91, 3.15, 2.9, 2.56, 2.29, 2.15, 1.91, 1.67, 0.94, 0, 0.87, 0.79, 1.45, 1.76, 1.42, 1.87, 2.21, 2.11, 2.81, 3.15, 4.16, 5.1, 4.95, 4.44, 3.54, 2.43, 2.51, 2.79, 3.2, 3.33, 2.94, 4.3, 6.19, 6.75, 6.4, 6.3, 7.13, 6.74, 6.17, 6.38, 6.54, 6.24, 5.84, 5.47, 5.76, 5.52, 5.92, 6.47, 6.29], [9.924, 9.502, 9.594, 10.01, 8.489, 7.61, 7.38, 6.85, 6.95, 7.27, 7.28, 6.33, 5.19, 4.0, 3.05, 3.47, 3.77, 3.41, 3.86, 4.14, 3.85, 3.51, 3.12, 3.48, 3.98, 4.08, 4.5, 5.34, 5.38, 4.13, 1.76, 1.77, 2.32, 2.56, 2.85, 2.83, 3.14, 3.06, 3.32, 3.21, 2.93, 2.48, 2.28, 2.08, 1.98, 1.49, 0.87, 0, 1.08, 1.92, 2.05, 1.65, 2.08, 2.14, 2.12, 2.9, 3.08, 3.91, 4.87, 4.66, 4.35, 3.57, 2.84, 2.98, 3.2, 3.59, 3.66, 3.17, 4.43, 6.32, 6.88, 6.53, 6.43, 7.28, 6.91, 6.3, 6.51, 6.75, 6.37, 5.97, 5.62, 5.93, 5.71, 6.07, 6.6, 6.42], [10.142, 9.739, 9.792, 10.23, 8.706, 7.79, 7.56, 7.05, 7.09, 7.45, 7.52, 6.55, 5.31, 4.1, 3.23, 3.65, 3.91, 3.53, 3.86, 4.16, 3.95, 3.71, 3.12, 3.62, 4.18, 4.16, 4.62, 5.36, 5.52, 4.25, 1.34, 1.21, 1.54, 1.88, 2.21, 2.21, 2.64, 2.46, 2.68, 2.59, 2.43, 1.88, 1.84, 1.7, 1.46, 1.01, 0.79, 1.08, 0, 1.1, 1.43, 1.19, 1.74, 1.84, 1.7, 2.4, 2.68, 3.73, 4.67, 4.52, 4.05, 3.23, 2.18, 2.28, 2.56, 2.95, 3.14, 3.23, 4.63, 6.48, 7.02, 6.67, 6.57, 7.38, 7.01, 6.44, 6.73, 6.93, 6.59, 6.19, 5.78, 6.03, 5.81, 6.19, 6.74, 6.66], [10.962, 10.579, 10.609, 11.05, 9.526, 8.61, 8.36, 7.87, 7.91, 8.25, 8.34, 7.37, 6.07, 4.92, 4.03, 4.47, 4.73, 4.35, 4.64, 4.9, 4.75, 4.53, 3.92, 4.44, 5.0, 4.98, 5.38, 6.16, 6.28, 5.01, 1.9, 1.17, 1.12, 1.4, 1.73, 1.95, 2.46, 2.42, 2.4, 2.17, 2.03, 1.8, 1.74, 1.46, 1.1, 1.09, 1.45, 1.92, 1.1, 0, 0.95, 1.35, 1.66, 1.68, 1.4, 1.78, 2.02, 3.03, 3.93, 3.78, 3.47, 2.73, 2.0, 2.08, 2.4, 3.05, 3.58, 4.01, 5.45, 7.26, 7.78, 7.45, 7.31, 8.08, 7.75, 7.2, 7.55, 7.75, 7.41, 7.01, 6.6, 6.83, 6.61, 6.99, 7.54, 7.46], [11.266, 10.866, 10.919, 11.34, 9.813, 8.88, 8.63, 8.16, 8.18, 8.54, 8.65, 7.68, 6.56, 5.33, 4.42, 4.76, 5.02, 4.64, 5.09, 5.25, 5.04, 4.86, 4.23, 4.71, 5.39, 5.39, 5.67, 6.55, 6.77, 5.5, 2.33, 1.48, 1.45, 1.71, 2.18, 2.44, 2.75, 2.75, 2.69, 2.4, 2.46, 2.21, 1.95, 1.59, 1.27, 1.32, 1.76, 2.05, 1.43, 0.95, 0, 1.46, 1.69, 1.51, 1.41, 1.63, 1.93, 2.64, 3.46, 3.47, 3.32, 2.56, 2.53, 2.69, 2.97, 3.62, 4.13, 4.42, 5.74, 7.55, 8.05, 7.72, 7.56, 8.29, 8.0, 7.47, 7.9, 8.06, 7.72, 7.3, 6.87, 7.08, 6.9, 7.28, 7.81, 7.83], [10.143, 9.853, 9.793, 10.197, 8.69, 7.76, 7.49, 7.02, 7.04, 7.44, 7.51, 6.56, 5.54, 4.29, 3.4, 3.66, 3.94, 3.6, 4.07, 4.27, 3.96, 3.78, 3.23, 3.65, 4.39, 4.43, 4.65, 5.53, 5.75, 4.48, 1.67, 1.12, 1.45, 1.75, 2.02, 2.3, 2.55, 2.29, 2.33, 2.16, 2.02, 1.75, 1.51, 1.31, 1.35, 1.2, 1.42, 1.65, 1.19, 1.35, 1.46, 0, 0.81, 1.17, 1.45, 2.19, 2.43, 3.56, 4.44, 4.25, 4.02, 3.26, 2.29, 2.35, 2.65, 3.2, 3.45, 3.4, 4.64, 6.43, 6.95, 6.56, 6.44, 7.27, 6.88, 6.37, 6.84, 7.1, 6.66, 6.26, 5.79, 6.0, 5.84, 6.18, 6.65, 6.73], [10.535, 10.227, 10.209, 10.518, 9.054, 8.07, 7.82, 7.39, 7.45, 7.85, 7.88, 7.01, 5.97, 4.72, 3.85, 4.11, 4.37, 4.03, 4.56, 4.7, 4.41, 4.29, 3.7, 4.1, 4.88, 4.92, 5.16, 6.04, 6.18, 4.91, 2.24, 1.55, 1.68, 1.84, 2.29, 2.57, 2.76, 2.52, 2.42, 2.23, 2.19, 1.88, 1.62, 1.44, 1.34, 1.59, 1.87, 2.08, 1.74, 1.66, 1.69, 0.81, 0, 1.0, 1.38, 1.82, 2.2, 3.33, 4.05, 3.96, 3.83, 3.23, 2.46, 2.7, 2.88, 3.61, 3.94, 3.91, 5.01, 6.8, 7.28, 6.95, 6.75, 7.74, 7.31, 6.9, 7.31, 7.57, 7.11, 6.67, 6.24, 6.41, 6.25, 6.61, 7.04, 7.16], [11.155, 10.784, 10.791, 11.121, 9.582, 8.59, 8.374, 7.93, 8.03, 8.35, 8.44, 7.61, 6.59, 5.34, 4.43, 4.67, 4.93, 4.65, 5.12, 5.26, 4.99, 4.81, 4.22, 4.58, 5.34, 5.4, 5.68, 6.58, 6.8, 5.53, 2.44, 1.75, 1.82, 1.84, 2.31, 2.45, 2.56, 2.52, 2.36, 2.11, 2.25, 2.08, 1.8, 1.54, 1.34, 1.75, 2.21, 2.14, 1.84, 1.68, 1.51, 1.17, 1.0, 0, 0.94, 1.46, 1.58, 2.71, 3.47, 3.34, 3.21, 2.79, 2.62, 2.8, 3.06, 3.73, 4.24, 4.41, 5.49, 7.32, 7.76, 7.45, 7.27, 8.16, 7.83, 7.36, 7.85, 8.09, 7.65, 7.13, 6.72, 7.03, 6.83, 7.23, 7.66, 7.78], [11.324, 10.878, 10.952, 11.23, 9.669, 8.75, 8.52, 8.07, 8.21, 8.53, 8.54, 7.71, 6.75, 5.5, 4.59, 4.81, 5.09, 4.87, 5.34, 5.52, 5.23, 4.97, 4.44, 4.72, 5.5, 5.56, 5.84, 6.82, 6.96, 5.69, 2.44, 1.37, 1.28, 1.34, 1.97, 1.95, 2.02, 2.04, 1.96, 1.73, 1.77, 1.7, 1.56, 1.36, 1.28, 1.61, 2.11, 2.12, 1.7, 1.4, 1.41, 1.45, 1.38, 0.94, 0, 1.06, 1.3, 2.43, 3.35, 3.22, 2.97, 2.43, 2.2, 2.48, 2.68, 3.61, 4.26, 4.57, 5.59, 7.4, 7.96, 7.61, 7.55, 8.38, 8.15, 7.5, 7.97, 8.23, 7.81, 7.19, 6.9, 7.31, 7.13, 7.41, 7.94, 7.96], [12.175, 11.741, 11.708, 12.132, 10.545, 9.547, 9.354, 8.855, 8.915, 9.315, 9.48, 8.61, 7.65, 6.4, 5.49, 5.71, 5.97, 5.71, 6.18, 6.32, 6.05, 5.87, 5.28, 5.58, 6.4, 6.44, 6.66, 7.64, 7.86, 6.59, 3.26, 2.17, 1.8, 1.5, 2.11, 2.15, 2.22, 2.3, 2.14, 2.09, 2.19, 2.12, 2.14, 1.86, 1.74, 2.31, 2.81, 2.9, 2.4, 1.78, 1.63, 2.19, 1.82, 1.46, 1.06, 0, 0.94, 1.85, 2.61, 2.64, 2.55, 2.23, 2.6, 3.1, 3.38, 4.39, 5.16, 5.47, 6.49, 8.24, 8.74, 8.39, 8.23, 9.08, 8.87, 8.3, 8.87, 9.13, 8.71, 8.07, 7.76, 8.09, 7.89, 8.25, 8.7, 8.836], [12.432, 11.998, 12.045, 12.43, 10.863, 9.85, 9.66, 9.21, 9.29, 9.67, 9.76, 8.85, 7.89, 6.64, 5.73, 5.95, 6.21, 5.97, 6.42, 6.58, 6.31, 6.11, 5.52, 5.82, 6.64, 6.68, 6.92, 7.9, 8.1, 6.83, 3.48, 2.25, 1.9, 1.86, 2.45, 2.21, 2.06, 2.22, 2.16, 2.03, 2.03, 2.16, 2.24, 1.98, 1.76, 2.59, 3.15, 3.08, 2.68, 2.02, 1.93, 2.43, 2.2, 1.58, 1.3, 0.94, 0, 1.33, 2.21, 2.08, 1.85, 1.61, 2.48, 3.04, 3.4, 4.51, 5.38, 5.71, 6.75, 8.58, 9.1, 8.75, 8.63, 9.44, 9.21, 8.56, 9.11, 9.37, 8.95, 8.29, 7.98, 8.37, 8.21, 8.49, 9.02, 9.08], [13.623, 13.183, 13.235, 13.62, 12.053, 11.1, 10.87, 10.42, 10.48, 10.86, 10.93, 10.0, 9.04, 7.79, 6.88, 7.12, 7.4, 7.12, 7.57, 7.71, 7.44, 7.26, 6.67, 6.99, 7.79, 7.83, 8.05, 9.03, 9.25, 7.98, 4.61, 3.38, 2.87, 3.03, 3.44, 3.1, 2.53, 2.91, 3.09, 2.96, 3.02, 3.21, 3.37, 3.13, 2.89, 3.7, 4.16, 3.91, 3.73, 3.03, 2.64, 3.56, 3.33, 2.71, 2.43, 1.85, 1.33, 0, 1.3, 1.33, 1.14, 1.3, 3.35, 4.01, 4.49, 5.66, 6.53, 6.86, 7.98, 9.77, 10.29, 9.96, 9.78, 10.57, 10.36, 9.71, 10.26, 10.52, 10.1, 9.52, 9.19, 9.5, 9.36, 9.64, 10.17, 10.23], [14.519, 14.119, 14.12, 14.505, 12.989, 11.974, 11.778, 11.314, 11.385, 11.745, 11.85, 10.96, 9.98, 8.73, 7.82, 8.04, 8.3, 8.04, 8.51, 8.65, 8.38, 8.2, 7.61, 7.93, 8.73, 8.77, 8.99, 9.97, 10.19, 8.92, 5.55, 4.26, 3.75, 3.89, 4.12, 3.98, 3.45, 3.85, 3.99, 3.84, 3.96, 4.21, 4.33, 4.09, 3.83, 4.64, 5.1, 4.87, 4.67, 3.93, 3.46, 4.44, 4.05, 3.47, 3.35, 2.61, 2.21, 1.3, 0, 0.71, 0.9, 1.72, 4.25, 4.91, 5.41, 6.6, 7.47, 7.8, 8.88, 10.73, 11.17, 10.86, 10.58, 11.45, 11.2, 10.69, 11.2, 11.46, 11.04, 10.48, 10.09, 10.42, 10.219, 10.58, 11.03, 11.17], [14.347, 13.946, 13.951, 14.324, 12.814, 11.847, 11.617, 11.127, 11.184, 11.544, 11.66, 10.79, 9.79, 8.54, 7.63, 7.89, 8.17, 7.85, 8.32, 8.46, 8.19, 8.01, 7.42, 7.76, 8.54, 8.58, 8.8, 9.78, 10.0, 8.73, 5.36, 4.07, 3.6, 3.76, 4.21, 3.77, 3.28, 3.64, 3.8, 3.67, 3.73, 3.98, 4.16, 3.9, 3.64, 4.47, 4.95, 4.66, 4.52, 3.78, 3.47, 4.25, 3.96, 3.34, 3.22, 2.64, 2.08, 1.33, 0.71, 0, 0.79, 1.47, 4.06, 4.72, 5.22, 6.41, 7.28, 7.61, 8.73, 10.54, 11.02, 10.69, 10.51, 11.38, 11.07, 10.52, 11.01, 11.27, 10.85, 10.35, 9.96, 10.23, 10.05, 10.39, 10.84, 10.98], [13.952, 13.532, 13.579, 14.02, 12.496, 11.58, 11.33, 10.84, 10.88, 11.22, 11.29, 10.38, 9.32, 8.07, 7.16, 7.54, 7.82, 7.5, 7.89, 8.15, 7.88, 7.6, 7.11, 7.41, 8.07, 8.13, 8.45, 9.37, 9.53, 8.26, 4.97, 3.74, 3.33, 3.55, 4.14, 3.64, 3.09, 3.41, 3.55, 3.44, 3.5, 3.63, 3.75, 3.47, 3.17, 3.98, 4.44, 4.35, 4.05, 3.47, 3.32, 4.02, 3.83, 3.21, 2.97, 2.55, 1.85, 1.14, 0.9, 0.79, 0, 1.08, 3.59, 4.23, 4.77, 5.94, 6.81, 7.14, 8.42, 10.25, 10.81, 10.46, 10.34, 11.21, 10.88, 10.23, 10.56, 10.84, 10.46, 10.0, 9.63, 9.94, 9.76, 10.04, 10.55, 10.51], [13.154, 12.732, 12.824, 13.24, 11.719, 10.84, 10.61, 10.08, 10.16, 10.5, 10.51, 9.54, 8.4, 7.17, 6.24, 6.68, 6.98, 6.62, 7.05, 7.33, 7.04, 6.74, 6.27, 6.67, 7.19, 7.27, 7.69, 8.53, 8.61, 7.34, 4.11, 3.02, 2.65, 2.91, 3.52, 2.96, 2.43, 2.71, 2.83, 2.74, 2.72, 2.85, 2.97, 2.67, 2.27, 3.06, 3.54, 3.57, 3.23, 2.73, 2.56, 3.26, 3.23, 2.79, 2.43, 2.23, 1.61, 1.3, 1.72, 1.47, 1.08, 0, 2.63, 3.31, 3.83, 5.02, 5.89, 6.22, 7.66, 9.53, 10.09, 9.74, 9.64, 10.47, 10.1, 9.51, 9.74, 9.96, 9.6, 9.2, 8.83, 9.12, 8.92, 9.26, 9.81, 9.65], [10.73, 10.445, 10.492, 10.81, 9.34, 8.59, 8.28, 7.81, 7.89, 8.27, 8.06, 7.07, 5.83, 4.66, 3.81, 4.29, 4.57, 4.19, 4.7, 5.02, 4.73, 4.47, 4.06, 4.46, 4.92, 5.02, 5.52, 6.16, 6.08, 4.79, 2.1, 1.69, 1.56, 1.78, 2.27, 1.83, 1.9, 1.56, 1.54, 1.43, 1.29, 1.22, 1.5, 1.6, 1.8, 2.07, 2.43, 2.84, 2.18, 2.0, 2.53, 2.29, 2.46, 2.62, 2.2, 2.6, 2.48, 3.35, 4.25, 4.06, 3.59, 2.63, 0, 0.94, 1.32, 2.47, 3.26, 3.75, 5.33, 7.24, 7.8, 7.45, 7.41, 8.26, 7.79, 7.3, 7.49, 7.61, 7.33, 6.91, 6.52, 6.81, 6.53, 6.95, 7.5, 7.28], [10.128, 10.19, 10.12, 10.21, 8.92, 8.25, 7.92, 7.61, 7.61, 7.93, 7.42, 6.41, 5.13, 4.06, 3.23, 3.83, 4.07, 3.75, 4.26, 4.58, 4.39, 4.05, 3.64, 4.1, 4.54, 4.64, 5.2, 5.74, 5.54, 4.21, 2.1, 1.77, 1.7, 2.06, 2.11, 2.03, 2.34, 2.04, 1.84, 1.73, 1.57, 1.42, 1.58, 1.9, 2.16, 2.17, 2.51, 2.98, 2.28, 2.08, 2.69, 2.35, 2.7, 2.8, 2.48, 3.1, 3.04, 4.01, 4.91, 4.72, 4.23, 3.31, 0.94, 0, 0.82, 1.83, 2.6, 3.31, 4.87, 6.76, 7.34, 7.01, 6.99, 7.84, 7.35, 6.86, 7.11, 7.23, 6.93, 6.49, 6.06, 6.31, 6.09, 6.41, 6.98, 6.72], [10.148, 10.29, 10.22, 10.11, 8.82, 8.31, 7.92, 7.67, 7.61, 7.95, 7.14, 5.89, 4.69, 3.58, 2.91, 3.49, 3.81, 3.71, 4.3, 4.56, 4.41, 4.07, 3.62, 3.96, 4.38, 4.54, 5.1, 5.58, 5.2, 3.97, 2.36, 2.09, 2.0, 2.24, 2.49, 2.51, 2.88, 2.56, 2.24, 2.21, 1.99, 1.62, 1.82, 2.08, 2.38, 2.47, 2.79, 3.2, 2.56, 2.4, 2.97, 2.65, 2.88, 3.06, 2.68, 3.38, 3.4, 4.49, 5.41, 5.22, 4.77, 3.83, 1.32, 0.82, 0, 1.35, 2.14, 2.93, 4.51, 6.34, 6.88, 6.61, 6.61, 7.5, 7.03, 6.46, 6.89, 6.95, 6.65, 6.17, 5.7, 6.11, 5.97, 6.13, 6.6, 6.26], [9.4, 9.7, 9.71, 9.42, 8.17, 7.78, 7.51, 7.42, 7.34, 7.56, 6.57, 4.88, 3.58, 3.09, 2.78, 3.22, 3.6, 3.36, 3.71, 3.85, 3.7, 3.74, 3.71, 3.61, 3.63, 3.75, 4.25, 4.61, 4.35, 3.22, 2.81, 2.78, 3.05, 3.25, 3.3, 3.32, 3.95, 3.57, 3.41, 3.4, 3.04, 2.61, 2.71, 2.95, 3.15, 3.04, 3.2, 3.59, 2.95, 3.05, 3.62, 3.2, 3.61, 3.73, 3.61, 4.39, 4.51, 5.66, 6.6, 6.41, 5.94, 5.02, 2.47, 1.83, 1.35, 0, 1.17, 2.04, 3.54, 5.31, 5.85, 5.64, 5.62, 6.51, 6.02, 5.43, 5.92, 5.96, 5.66, 5.2, 4.79, 5.22, 5.0, 5.14, 5.61, 5.21], [8.69, 8.99, 8.94, 8.71, 7.44, 7.07, 6.84, 6.75, 6.69, 6.87, 5.92, 4.19, 2.81, 2.48, 2.41, 2.77, 3.19, 3.09, 3.34, 3.4, 3.21, 3.25, 3.38, 3.24, 3.08, 3.22, 3.56, 3.86, 3.56, 2.59, 2.86, 3.31, 3.76, 4.08, 3.91, 4.05, 4.82, 4.42, 4.28, 4.27, 3.89, 3.42, 3.38, 3.56, 3.74, 3.23, 3.33, 3.66, 3.14, 3.58, 4.13, 3.45, 3.94, 4.24, 4.26, 5.16, 5.38, 6.53, 7.47, 7.28, 6.81, 5.89, 3.26, 2.6, 2.14, 1.17, 0, 1.41, 2.81, 4.56, 5.02, 4.91, 4.83, 5.68, 5.21, 4.6, 5.13, 5.15, 4.85, 4.47, 4.06, 4.53, 4.27, 4.39, 4.78, 4.32], [7.82, 8.04, 7.91, 7.74, 6.43, 6.04, 5.81, 5.64, 5.6, 5.8, 5.09, 3.72, 2.32, 2.07, 1.78, 1.98, 2.38, 2.38, 2.37, 2.29, 2.12, 2.28, 2.41, 2.21, 2.01, 2.21, 2.47, 2.77, 2.69, 1.92, 2.57, 3.54, 4.07, 4.37, 4.22, 4.38, 5.15, 4.75, 4.61, 4.6, 4.24, 3.79, 3.61, 3.75, 4.05, 3.42, 2.94, 3.17, 3.23, 4.01, 4.42, 3.4, 3.91, 4.41, 4.57, 5.47, 5.71, 6.86, 7.8, 7.61, 7.14, 6.22, 3.75, 3.31, 2.93, 2.04, 1.41, 0, 1.66, 3.51, 4.05, 3.72, 3.72, 4.57, 4.12, 3.57, 3.98, 4.04, 3.74, 3.26, 2.93, 3.36, 3.1, 3.3, 3.79, 3.53], [6.68, 6.98, 6.75, 6.44, 5.17, 4.66, 4.53, 4.46, 4.48, 4.64, 4.01, 2.68, 1.88, 1.85, 2.06, 1.78, 2.2, 2.44, 2.11, 1.83, 1.62, 1.84, 2.17, 1.61, 1.55, 1.71, 1.79, 1.79, 1.83, 1.7, 3.71, 4.76, 5.33, 5.39, 5.22, 5.44, 6.15, 5.75, 5.61, 5.6, 5.24, 4.97, 4.81, 5.05, 5.53, 4.9, 4.3, 4.43, 4.63, 5.45, 5.74, 4.64, 5.01, 5.49, 5.59, 6.49, 6.75, 7.98, 8.88, 8.73, 8.42, 7.66, 5.33, 4.87, 4.51, 3.54, 2.81, 1.66, 0, 1.99, 2.57, 2.28, 2.2, 3.13, 2.8, 2.17, 2.72, 2.92, 2.48, 1.82, 1.47, 2.08, 1.9, 1.96, 2.41, 2.65], [5.55, 6.01, 5.84, 5.37, 4.48, 4.05, 3.96, 4.07, 4.09, 4.01, 3.56, 2.47, 2.57, 3.26, 3.61, 3.17, 3.39, 3.47, 3.06, 2.74, 2.83, 3.01, 3.44, 2.92, 2.42, 2.42, 2.26, 2.08, 2.12, 2.81, 5.5, 6.57, 7.12, 7.02, 6.87, 7.11, 7.9, 7.52, 7.38, 7.39, 7.11, 6.86, 6.68, 6.92, 7.42, 6.79, 6.19, 6.32, 6.48, 7.26, 7.55, 6.43, 6.8, 7.32, 7.4, 8.24, 8.58, 9.77, 10.73, 10.54, 10.25, 9.53, 7.24, 6.76, 6.34, 5.31, 4.56, 3.51, 1.99, 0, 0.88, 0.79, 1.03, 1.74, 1.41, 1.06, 1.71, 1.81, 1.57, 1.39, 1.4, 1.41, 1.49, 1.41, 1.8, 2.16], [5.53, 5.99, 5.84, 5.35, 4.46, 3.99, 3.94, 4.07, 4.09, 4.01, 3.58, 2.49, 2.99, 3.64, 4.19, 3.79, 3.87, 3.95, 3.52, 3.22, 3.35, 3.49, 3.96, 3.46, 2.96, 2.94, 2.56, 2.3, 2.4, 3.39, 6.04, 7.11, 7.64, 7.52, 7.35, 7.57, 8.4, 8.06, 7.9, 7.87, 7.65, 7.44, 7.24, 7.48, 7.98, 7.35, 6.75, 6.88, 7.02, 7.78, 8.05, 6.95, 7.28, 7.76, 7.96, 8.74, 9.1, 10.29, 11.17, 11.02, 10.81, 10.09, 7.8, 7.34, 6.88, 5.85, 5.02, 4.05, 2.57, 0.88, 0, 0.81, 0.87, 1.34, 1.29, 1.28, 1.59, 1.69, 1.53, 1.65, 1.64, 1.55, 1.73, 1.47, 1.78, 2.12], [5.18, 5.58, 5.41, 4.94, 4.11, 3.66, 3.59, 3.7, 3.74, 3.68, 3.27, 2.3, 2.78, 3.45, 3.92, 3.4, 3.5, 3.58, 3.15, 2.81, 2.94, 3.1, 3.59, 3.09, 2.61, 2.57, 2.23, 2.03, 2.17, 3.02, 5.67, 6.76, 7.29, 7.19, 7.04, 7.24, 8.07, 7.69, 7.55, 7.56, 7.32, 7.11, 6.91, 7.13, 7.63, 7.0, 6.4, 6.53, 6.67, 7.45, 7.72, 6.56, 6.95, 7.45, 7.61, 8.39, 8.75, 9.96, 10.86, 10.69, 10.46, 9.74, 7.45, 7.01, 6.61, 5.64, 4.91, 3.72, 2.28, 0.79, 0.81, 0, 0.78, 1.53, 1.26, 1.01, 1.42, 1.58, 1.4, 1.3, 1.35, 1.26, 1.36, 1.24, 1.65, 2.01], [5.32, 5.64, 5.49, 5.06, 4.17, 3.58, 3.61, 3.72, 3.74, 3.72, 3.33, 2.32, 2.86, 3.49, 3.94, 3.38, 3.5, 3.6, 3.03, 2.77, 2.9, 3.1, 3.55, 3.01, 2.55, 2.51, 2.05, 1.95, 2.11, 3.0, 5.57, 6.64, 7.15, 7.25, 6.96, 7.24, 7.99, 7.63, 7.51, 7.48, 7.3, 7.05, 6.87, 7.07, 7.55, 6.9, 6.3, 6.43, 6.57, 7.31, 7.56, 6.44, 6.75, 7.27, 7.55, 8.23, 8.63, 9.78, 10.58, 10.51, 10.34, 9.64, 7.41, 6.99, 6.61, 5.62, 4.83, 3.72, 2.2, 1.03, 0.87, 0.78, 0, 1.21, 1.0, 0.91, 1.32, 1.4, 1.18, 1.24, 1.25, 1.24, 1.38, 1.18, 1.41, 1.99], [5.15, 5.57, 5.48, 5.01, 4.12, 3.63, 3.78, 3.93, 3.87, 3.81, 3.44, 2.77, 3.67, 4.36, 4.81, 4.17, 4.09, 4.25, 3.72, 3.56, 3.73, 3.91, 4.42, 3.96, 3.4, 3.32, 2.86, 2.4, 2.72, 3.85, 6.4, 7.51, 7.92, 8.12, 7.73, 8.11, 8.86, 8.52, 8.38, 8.33, 8.19, 7.98, 7.82, 7.98, 8.38, 7.73, 7.13, 7.28, 7.38, 8.08, 8.29, 7.27, 7.74, 8.16, 8.38, 9.08, 9.44, 10.57, 11.45, 11.38, 11.21, 10.47, 8.26, 7.84, 7.5, 6.51, 5.68, 4.57, 3.13, 1.74, 1.34, 1.53, 1.21, 0, 0.87, 1.38, 1.31, 1.35, 1.37, 1.59, 1.98, 1.83, 2.01, 1.61, 1.46, 2.16], [4.84, 5.32, 5.23, 4.74, 3.93, 3.48, 3.45, 3.54, 3.44, 3.42, 3.03, 2.2, 3.2, 3.93, 4.36, 3.68, 3.46, 3.76, 3.25, 3.07, 3.24, 3.54, 4.03, 3.61, 3.05, 2.91, 2.53, 1.93, 2.31, 3.4, 6.01, 7.18, 7.61, 7.87, 7.62, 7.84, 8.61, 8.23, 8.13, 8.1, 7.88, 7.63, 7.43, 7.59, 7.97, 7.34, 6.74, 6.91, 7.01, 7.75, 8.0, 6.88, 7.31, 7.83, 8.15, 8.87, 9.21, 10.36, 11.2, 11.07, 10.88, 10.1, 7.79, 7.35, 7.03, 6.02, 5.21, 4.12, 2.8, 1.41, 1.29, 1.26, 1.0, 0.87, 0, 1.07, 1.34, 1.34, 1.24, 1.4, 1.53, 1.32, 1.54, 1.38, 1.41, 1.95], [5.33, 5.67, 5.46, 5.09, 4.04, 3.51, 3.44, 3.51, 3.47, 3.49, 3.06, 1.83, 2.47, 3.2, 3.73, 3.15, 3.09, 3.27, 2.76, 2.58, 2.75, 2.91, 3.44, 2.92, 2.42, 2.32, 2.0, 1.56, 1.74, 2.85, 5.46, 6.53, 7.04, 7.24, 7.05, 7.23, 8.02, 7.64, 7.48, 7.47, 7.27, 6.96, 6.8, 6.96, 7.42, 6.77, 6.17, 6.3, 6.44, 7.2, 7.47, 6.37, 6.9, 7.36, 7.5, 8.3, 8.56, 9.71, 10.69, 10.52, 10.23, 9.51, 7.3, 6.86, 6.46, 5.43, 4.6, 3.57, 2.17, 1.06, 1.28, 1.01, 0.91, 1.38, 1.07, 0, 1.21, 1.35, 1.07, 0.87, 1.02, 0.99, 1.23, 1.19, 1.46, 1.68], [4.78, 5.08, 4.89, 4.6, 3.57, 3.24, 3.23, 3.28, 3.42, 3.22, 2.83, 2.18, 2.96, 3.69, 4.16, 3.62, 3.62, 3.6, 3.13, 3.03, 3.14, 3.22, 3.83, 3.29, 2.65, 2.63, 2.27, 1.79, 2.03, 3.12, 5.79, 6.94, 7.49, 7.77, 7.62, 7.78, 8.55, 8.15, 8.01, 8.0, 7.68, 7.29, 7.11, 7.17, 7.63, 6.98, 6.38, 6.51, 6.73, 7.55, 7.9, 6.84, 7.31, 7.85, 7.97, 8.87, 9.11, 10.26, 11.2, 11.01, 10.56, 9.74, 7.49, 7.11, 6.89, 5.92, 5.13, 3.98, 2.72, 1.71, 1.59, 1.42, 1.32, 1.31, 1.34, 1.21, 0, 0.66, 0.54, 1.16, 1.47, 1.28, 1.44, 1.1, 1.23, 1.47], [4.82, 5.12, 5.07, 4.68, 3.69, 3.36, 3.41, 3.5, 3.58, 3.44, 2.81, 2.2, 2.96, 3.75, 4.26, 3.72, 3.66, 3.74, 3.25, 3.09, 3.26, 3.42, 3.97, 3.57, 2.85, 2.81, 2.51, 2.0