[[0, 1.22, 1.65, 2.05, 2.09, 1.95, 1.74, 2.38, 2.62, 3.05, 4.32, 4.36, 3.86, 3.89, 4.24, 4.26, 3.92, 3.8, 4.12, 4.43, 4.62, 4.95, 5.65, 5.6, 5.1, 5.28, 4.77, 4.3, 4.32, 4.17, 4.38, 5.75, 6.76, 7.3, 7.32, 7.13, 7.17, 6.72, 6.16, 6.01, 6.69, 7.21, 7.47, 7.39, 7.12, 7.15, 8.13, 8.53, 8.7, 9.08, 9.41, 8.4, 7.2, 7.35, 5.37, 2.3, 1.78, 1.9, 2.47, 2.79, 2.49, 2.61, 3.23, 3.15, 2.97, 3.07, 4.46, 5.31, 5.48, 5.38, 5.17, 5.27, 5.07, 4.92, 4.21, 3.67, 2.92, 3.25, 4.23, 4.71, 5.32, 5.01, 4.85, 5.29, 5.56, 6.78], [1.22, 0, 1.15, 2.05, 2.01, 1.91, 1.5, 2.08, 2.18, 2.65, 4.14, 3.98, 3.42, 3.43, 3.74, 3.8, 3.36, 3.26, 3.44, 3.75, 4.0, 4.33, 5.15, 5.26, 4.7, 4.88, 4.39, 4.14, 4.3, 4.17, 4.18, 5.51, 6.56, 7.26, 7.26, 7.05, 7.27, 6.46, 5.7, 5.59, 6.39, 6.89, 7.05, 6.97, 6.7, 6.85, 7.81, 8.61, 8.84, 9.24, 9.67, 8.66, 7.56, 7.67, 5.25, 2.04, 1.48, 1.72, 2.09, 2.21, 1.75, 2.13, 2.71, 2.69, 2.63, 2.97, 4.44, 5.31, 5.52, 5.38, 5.03, 5.39, 5.15, 4.98, 4.09, 3.45, 3.0, 3.59, 4.51, 4.73, 5.28, 5.03, 4.89, 5.33, 5.64, 6.88], [1.65, 1.15, 0, 1.18, 1.3, 1.4, 1.37, 1.45, 1.75, 2.02, 3.45, 3.29, 2.79, 2.9, 3.17, 3.25, 2.93, 2.79, 2.97, 3.28, 3.55, 3.84, 4.52, 4.63, 4.11, 4.29, 3.78, 3.55, 3.71, 3.4, 3.53, 4.7, 5.77, 6.45, 6.49, 6.18, 6.52, 5.91, 5.15, 5.16, 5.8, 6.34, 6.48, 6.42, 6.13, 6.22, 7.18, 8.0, 8.23, 8.45, 8.88, 7.73, 6.65, 6.72, 4.38, 1.65, 1.29, 1.33, 1.7, 2.04, 1.66, 1.7, 2.32, 2.16, 2.0, 2.32, 3.87, 4.76, 4.91, 4.71, 4.4, 4.72, 4.44, 4.27, 3.44, 2.82, 2.37, 2.96, 3.72, 4.02, 4.65, 4.42, 4.16, 4.58, 4.77, 6.09], [2.05, 2.05, 1.18, 0, 1.04, 1.08, 1.23, 1.43, 1.97, 2.1, 3.27, 3.29, 2.73, 2.8, 3.09, 3.13, 2.93, 2.83, 3.13, 3.5, 3.61, 3.82, 4.46, 4.51, 3.97, 4.21, 3.7, 3.37, 3.33, 3.04, 3.27, 4.5, 5.53, 6.13, 6.21, 5.98, 6.3, 5.75, 5.07, 5.04, 5.7, 6.24, 6.4, 6.34, 6.05, 6.16, 7.1, 7.6, 7.83, 8.21, 8.42, 6.87, 6.13, 5.88, 4.12, 1.73, 1.57, 1.55, 1.72, 2.16, 2.02, 1.72, 2.3, 2.12, 1.98, 2.14, 3.73, 4.48, 4.57, 4.43, 4.18, 4.34, 4.04, 3.87, 3.22, 2.76, 2.19, 2.4, 3.06, 3.44, 4.17, 4.06, 3.68, 3.9, 3.93, 5.35], [2.09, 2.01, 1.3, 1.04, 0, 0.8, 1.01, 1.13, 1.41, 1.7, 2.95, 2.97, 2.39, 2.5, 2.77, 2.81, 2.61, 2.45, 2.71, 2.98, 3.07, 3.4, 4.1, 4.15, 3.59, 3.83, 3.28, 2.97, 2.99, 2.7, 2.91, 4.12, 5.13, 5.79, 5.83, 5.68, 6.0, 5.41, 4.71, 4.62, 5.34, 5.9, 6.04, 5.96, 5.69, 5.84, 6.74, 7.28, 7.53, 7.91, 8.04, 6.79, 5.87, 5.86, 3.76, 1.57, 1.65, 1.59, 1.84, 2.08, 2.08, 1.78, 2.0, 1.84, 1.7, 1.78, 3.37, 4.14, 4.27, 4.13, 3.84, 4.04, 3.78, 3.55, 3.0, 2.64, 2.11, 2.34, 3.12, 3.34, 3.97, 3.98, 3.46, 3.7, 3.97, 5.13], [1.95, 1.91, 1.4, 1.08, 0.8, 0, 0.99, 1.39, 1.69, 2.08, 3.29, 3.35, 2.77, 2.84, 3.13, 3.21, 2.91, 2.87, 3.19, 3.42, 3.51, 3.82, 4.54, 4.57, 4.01, 4.23, 3.68, 3.33, 3.39, 3.02, 3.31, 4.5, 5.55, 6.07, 6.21, 5.98, 6.3, 5.85, 5.13, 5.1, 5.82, 6.3, 6.44, 6.36, 6.09, 6.22, 7.2, 7.58, 7.83, 8.19, 8.34, 6.93, 6.15, 6.1, 4.2, 1.89, 1.77, 1.53, 1.98, 2.3, 2.22, 1.98, 2.34, 2.18, 2.04, 2.2, 3.77, 4.5, 4.61, 4.45, 4.24, 4.3, 4.04, 3.83, 3.26, 2.94, 2.35, 2.52, 3.26, 3.58, 4.23, 4.18, 3.68, 3.9, 4.05, 5.37], [1.74, 1.5, 1.37, 1.23, 1.01, 0.99, 0, 1.32, 1.7, 1.95, 3.38, 3.32, 2.72, 2.73, 3.06, 3.1, 2.8, 2.84, 3.14, 3.37, 3.44, 3.73, 4.45, 4.54, 3.98, 4.22, 3.69, 3.4, 3.44, 3.15, 3.36, 4.63, 5.66, 6.32, 6.36, 6.29, 6.49, 5.82, 5.02, 4.99, 5.71, 6.21, 6.35, 6.27, 6.0, 6.21, 7.15, 7.73, 8.0, 8.46, 8.61, 7.44, 6.48, 6.49, 4.27, 1.7, 1.32, 1.42, 1.73, 1.85, 1.95, 1.67, 2.13, 2.07, 1.93, 2.21, 3.8, 4.57, 4.68, 4.52, 4.23, 4.53, 4.25, 4.02, 3.31, 2.83, 2.34, 2.61, 3.43, 3.65, 4.28, 4.19, 3.79, 4.13, 4.42, 5.66], [2.38, 2.08, 1.45, 1.43, 1.13, 1.39, 1.32, 0, 1.12, 1.19, 2.54, 2.42, 1.82, 1.75, 2.14, 2.16, 1.94, 1.98, 2.26, 2.47, 2.48, 2.81, 3.63, 3.84, 3.26, 3.48, 2.95, 2.64, 2.76, 2.49, 2.7, 3.93, 4.98, 5.62, 5.7, 5.51, 5.69, 4.94, 4.12, 4.01, 4.75, 5.31, 5.37, 5.31, 5.06, 5.31, 6.33, 7.03, 7.26, 7.6, 8.01, 7.02, 5.86, 5.95, 3.47, 1.08, 1.46, 1.52, 1.65, 1.71, 1.93, 1.45, 1.25, 1.23, 1.19, 1.37, 3.02, 3.91, 4.02, 3.82, 3.47, 3.83, 3.59, 3.42, 2.53, 2.11, 1.84, 2.39, 3.09, 3.11, 3.76, 3.65, 3.33, 3.71, 3.94, 5.14], [2.62, 2.18, 1.75, 1.97, 1.41, 1.69, 1.7, 1.12, 0, 1.47, 3.08, 2.58, 2.1, 1.83, 2.08, 1.98, 1.8, 1.64, 1.9, 2.15, 2.26, 2.57, 3.59, 4.26, 3.56, 3.74, 3.37, 3.08, 3.26, 3.07, 3.24, 4.49, 5.6, 6.24, 6.28, 6.03, 6.19, 5.26, 3.96, 3.79, 4.63, 5.35, 5.47, 5.21, 5.0, 5.31, 6.47, 7.59, 7.72, 7.94, 8.61, 7.66, 6.46, 6.55, 3.97, 1.5, 1.56, 1.74, 1.53, 1.57, 1.59, 1.35, 1.27, 1.31, 1.31, 1.91, 3.32, 4.25, 4.4, 4.32, 3.97, 4.33, 4.09, 3.98, 3.05, 2.41, 2.52, 3.15, 3.83, 3.85, 4.36, 4.19, 3.97, 4.33, 4.64, 5.8], [3.05, 2.65, 2.02, 2.1, 1.7, 2.08, 1.95, 1.19, 1.47, 0, 1.73, 1.49, 1.11, 1.18, 1.41, 1.57, 1.89, 1.85, 2.11, 2.14, 1.91, 2.1, 2.78, 3.07, 2.41, 2.57, 2.32, 2.19, 2.25, 2.1, 2.25, 3.42, 4.59, 5.19, 5.15, 5.1, 5.3, 4.25, 3.41, 3.42, 3.98, 4.6, 4.64, 4.5, 4.21, 4.38, 5.56, 6.56, 6.73, 7.17, 7.66, 6.75, 5.61, 5.7, 3.26, 1.69, 2.01, 2.17, 1.98, 1.84, 2.2, 1.52, 1.16, 1.0, 0.7, 1.14, 2.35, 3.28, 3.35, 3.25, 2.9, 3.36, 3.22, 2.91, 2.06, 1.68, 1.73, 2.34, 3.08, 2.82, 3.23, 3.16, 2.94, 3.28, 3.69, 4.85], [4.32, 4.14, 3.45, 3.27, 2.95, 3.29, 3.38, 2.54, 3.08, 1.73, 0, 0.88, 1.28, 1.69, 1.72, 2.06, 2.84, 2.9, 2.88, 3.09, 2.48, 2.09, 1.75, 1.72, 1.32, 1.32, 1.39, 1.36, 1.22, 1.31, 1.2, 2.03, 3.1, 3.7, 3.64, 3.73, 3.87, 2.94, 2.62, 2.61, 3.05, 3.59, 3.53, 3.49, 3.08, 3.07, 4.41, 5.01, 5.28, 5.76, 6.13, 5.22, 4.1, 4.19, 2.05, 2.98, 3.46, 3.28, 3.19, 2.97, 3.43, 2.71, 2.37, 2.07, 1.97, 1.53, 1.44, 1.91, 1.9, 1.72, 1.67, 2.05, 1.83, 1.66, 1.21, 1.93, 1.88, 2.41, 2.71, 2.17, 2.42, 2.37, 2.65, 2.85, 3.3, 3.8], [4.36, 3.98, 3.29, 3.29, 2.97, 3.35, 3.32, 2.42, 2.58, 1.49, 0.88, 0, 0.9, 1.35, 1.38, 1.58, 2.34, 2.38, 2.3, 2.69, 2.26, 1.95, 1.57, 1.88, 1.26, 1.28, 1.27, 1.36, 1.2, 1.25, 1.24, 2.27, 3.44, 4.04, 4.06, 3.95, 4.15, 3.06, 2.22, 2.19, 2.69, 3.41, 3.35, 3.21, 2.92, 3.01, 4.31, 5.39, 5.58, 6.0, 6.51, 5.6, 4.46, 4.55, 2.11, 2.74, 3.16, 2.98, 2.65, 2.57, 2.99, 2.35, 1.95, 1.71, 1.57, 1.55, 1.66, 2.27, 2.34, 2.22, 2.15, 2.55, 2.33, 2.16, 1.75, 2.19, 2.36, 3.03, 3.31, 2.79, 3.04, 2.95, 3.23, 3.47, 3.96, 4.34], [3.86, 3.42, 2.79, 2.73, 2.39, 2.77, 2.72, 1.82, 2.1, 1.11, 1.28, 0.9, 0, 0.97, 1.2, 1.24, 2.0, 1.94, 2.08, 2.23, 1.92, 1.73, 1.91, 2.32, 1.72, 1.9, 1.61, 1.58, 1.54, 1.57, 1.54, 2.73, 3.86, 4.5, 4.54, 4.37, 4.57, 3.52, 2.5, 2.51, 3.07, 3.83, 3.83, 3.69, 3.46, 3.67, 4.79, 5.81, 6.04, 6.46, 6.91, 6.0, 4.86, 4.95, 2.39, 2.14, 2.62, 2.34, 2.21, 2.23, 2.63, 1.91, 1.59, 1.39, 1.21, 1.09, 1.78, 2.61, 2.7, 2.56, 2.35, 2.67, 2.51, 2.22, 1.81, 1.79, 1.94, 2.59, 2.97, 2.67, 3.0, 2.97, 3.07, 3.33, 3.74, 4.26], [3.89, 3.43, 2.9, 2.8, 2.5, 2.84, 2.73, 1.75, 1.83, 1.18, 1.69, 1.35, 0.97, 0, 0.79, 1.05, 1.61, 1.63, 1.77, 1.98, 1.67, 1.42, 2.08, 2.81, 2.05, 2.21, 2.06, 2.03, 1.97, 2.04, 2.07, 3.12, 4.27, 4.83, 4.89, 4.8, 4.94, 3.85, 2.63, 2.58, 3.22, 3.98, 4.0, 3.66, 3.45, 3.78, 5.12, 6.16, 6.35, 6.73, 7.3, 6.39, 5.25, 5.34, 2.74, 2.07, 2.43, 2.41, 1.94, 2.08, 2.5, 1.84, 1.36, 1.32, 1.16, 1.52, 2.13, 3.08, 2.97, 2.85, 2.62, 2.96, 2.84, 2.63, 1.82, 1.72, 1.91, 2.56, 2.92, 2.54, 2.89, 2.8, 2.78, 3.08, 3.49, 4.47], [4.24, 3.74, 3.17, 3.09, 2.77, 3.13, 3.06, 2.14, 2.08, 1.41, 1.72, 1.38, 1.2, 0.79, 0, 0.82, 1.56, 1.6, 1.64, 1.99, 1.62, 1.25, 1.95, 2.66, 2.02, 2.12, 2.17, 2.22, 2.12, 2.19, 2.18, 3.09, 4.26, 4.88, 4.9, 4.81, 4.99, 3.84, 2.56, 2.41, 3.01, 3.93, 3.83, 3.57, 3.36, 3.71, 5.07, 6.25, 6.44, 6.78, 7.35, 6.42, 5.28, 5.37, 2.75, 2.36, 2.78, 2.7, 2.07, 2.15, 2.53, 1.95, 1.47, 1.49, 1.49, 1.75, 2.12, 3.03, 2.9, 2.82, 2.65, 3.05, 2.95, 2.64, 2.13, 1.95, 2.22, 2.89, 3.27, 2.75, 3.02, 2.93, 3.09, 3.45, 3.86, 4.58], [4.26, 3.8, 3.25, 3.13, 2.81, 3.21, 3.1, 2.16, 1.98, 1.57, 2.06, 1.58, 1.24, 1.05, 0.82, 0, 1.06, 1.3, 1.5, 1.59, 1.34, 1.37, 2.39, 3.08, 2.24, 2.44, 2.31, 2.24, 2.26, 2.21, 2.24, 3.51, 4.66, 5.28, 5.34, 5.23, 5.35, 4.16, 2.62, 2.63, 3.25, 4.19, 4.17, 3.83, 3.62, 4.01, 5.43, 6.59, 6.78, 7.12, 7.71, 6.78, 5.62, 5.71, 3.09, 2.36, 2.86, 2.72, 1.99, 2.15, 2.51, 1.93, 1.45, 1.49, 1.43, 1.81, 2.56, 3.47, 3.3, 3.18, 3.13, 3.49, 3.33, 3.1, 2.47, 2.27, 2.6, 3.19, 3.65, 3.21, 3.46, 3.43, 3.61, 3.97, 4.42, 5.04], [3.92, 3.36, 2.93, 2.93, 2.61, 2.91, 2.8, 1.94, 1.8, 1.89, 2.84, 2.34, 2.0, 1.61, 1.56, 1.06, 0, 0.8, 1.1, 1.17, 1.14, 1.57, 3.19, 3.96, 3.04, 3.24, 3.21, 3.12, 3.22, 3.07, 3.16, 4.41, 5.56, 6.14, 6.2, 6.13, 6.31, 5.1, 3.36, 3.25, 4.07, 5.01, 5.07, 4.49, 4.32, 4.77, 6.39, 7.57, 7.76, 8.1, 8.67, 7.68, 6.58, 6.69, 4.03, 1.94, 2.38, 2.38, 1.85, 1.65, 1.89, 1.57, 1.07, 1.37, 1.61, 2.37, 3.36, 4.25, 4.12, 4.04, 4.05, 4.41, 4.17, 3.98, 3.11, 2.51, 2.86, 3.49, 4.09, 3.71, 3.98, 3.77, 4.07, 4.53, 4.86, 5.96], [3.8, 3.26, 2.79, 2.83, 2.45, 2.87, 2.84, 1.98, 1.64, 1.85, 2.9, 2.38, 1.94, 1.63, 1.6, 1.3, 0.8, 0, 0.78, 1.09, 1.24, 1.67, 3.23, 4.0, 3.12, 3.34, 3.25, 3.08, 3.2, 3.01, 3.18, 4.45, 5.6, 6.18, 6.26, 6.13, 6.27, 5.08, 3.44, 3.19, 3.95, 4.87, 5.07, 4.51, 4.3, 4.71, 6.37, 7.55, 7.74, 8.08, 8.65, 7.72, 6.58, 6.67, 4.05, 1.8, 2.36, 2.34, 1.95, 1.57, 1.75, 1.53, 1.15, 1.37, 1.53, 2.33, 3.28, 4.17, 4.04, 4.06, 4.07, 4.35, 4.13, 3.92, 3.13, 2.49, 2.84, 3.47, 3.99, 3.73, 3.98, 3.83, 4.03, 4.51, 4.82, 5.9], [4.12, 3.44, 2.97, 3.13, 2.71, 3.19, 3.14, 2.26, 1.9, 2.11, 2.88, 2.3, 2.08, 1.77, 1.64, 1.5, 1.1, 0.78, 0, 0.85, 1.2, 1.71, 3.19, 3.96, 3.0, 3.22, 3.19, 3.1, 3.24, 3.07, 3.12, 4.41, 5.56, 6.18, 6.22, 6.05, 6.31, 5.12, 3.32, 3.09, 3.91, 4.85, 5.05, 4.47, 4.26, 4.67, 6.37, 7.59, 7.78, 8.12, 8.69, 7.7, 6.6, 6.71, 4.05, 2.14, 2.64, 2.68, 2.21, 1.83, 1.93, 1.83, 1.33, 1.49, 1.89, 2.47, 3.3, 4.13, 3.98, 3.94, 4.03, 4.37, 4.15, 3.86, 3.15, 2.75, 3.14, 3.79, 4.17, 3.75, 4.04, 3.83, 4.15, 4.59, 4.9, 5.9], [4.43, 3.75, 3.28, 3.5, 2.98, 3.42, 3.37, 2.47, 2.15, 2.14, 3.09, 2.69, 2.23, 1.98, 1.99, 1.59, 1.17, 1.09, 0.85, 0, 0.91, 1.84, 3.5, 4.29, 3.29, 3.47, 3.56, 3.47, 3.63, 3.56, 3.53, 4.74, 5.91, 6.53, 6.51, 6.4, 6.7, 5.51, 3.71, 3.5, 4.3, 5.24, 5.4, 4.74, 4.51, 5.02, 6.76, 7.98, 8.17, 8.51, 9.08, 8.09, 6.99, 7.1, 4.44, 2.55, 2.89, 3.13, 2.7, 2.2, 2.26, 2.14, 1.6, 1.72, 2.12, 2.74, 3.63, 4.46, 4.35, 4.29, 4.3, 4.72, 4.54, 4.25, 3.4, 2.88, 3.29, 3.94, 4.42, 4.08, 4.39, 4.12, 4.38, 4.74, 5.05, 6.27], [4.62, 4.0, 3.55, 3.61, 3.07, 3.51, 3.44, 2.48, 2.26, 1.91, 2.48, 2.26, 1.92, 1.67, 1.62, 1.34, 1.14, 1.24, 1.2, 0.91, 0, 1.15, 2.97, 3.76, 2.8, 2.98, 3.03, 3.14, 3.22, 3.25, 3.14, 4.19, 5.38, 6.0, 5.94, 5.87, 6.17, 4.98, 3.18, 3.07, 3.81, 4.77, 4.89, 4.25, 4.06, 4.51, 6.23, 7.45, 7.64, 7.98, 8.55, 7.56, 6.46, 6.57, 3.91, 2.68, 3.06, 3.26, 2.75, 2.19, 2.51, 2.23, 1.51, 1.75, 2.03, 2.51, 3.12, 3.95, 3.84, 3.82, 3.75, 4.21, 4.03, 3.74, 3.05, 2.63, 3.06, 3.65, 4.03, 3.65, 3.88, 3.75, 3.99, 4.31, 4.64, 5.78], [4.95, 4.33, 3.84, 3.82, 3.4, 3.82, 3.73, 2.81, 2.57, 2.1, 2.09, 1.95, 1.73, 1.42, 1.25, 1.37, 1.57, 1.67, 1.71, 1.84, 1.15, 0, 2.0, 2.83, 2.13, 2.27, 2.4, 2.59, 2.69, 2.8, 2.69, 3.26, 4.37, 4.97, 4.93, 4.88, 5.14, 3.95, 2.53, 2.48, 3.0, 3.86, 3.92, 3.44, 3.33, 3.66, 5.2, 6.42, 6.61, 6.95, 7.52, 6.53, 5.43, 5.54, 2.88, 2.97, 3.37, 3.39, 2.76, 2.58, 2.92, 2.42, 1.9, 1.92, 2.14, 2.44, 2.31, 3.04, 3.03, 2.99, 2.94, 3.3, 3.06, 2.79, 2.52, 2.24, 2.89, 3.42, 3.56, 2.96, 3.09, 2.96, 3.46, 3.62, 3.99, 4.87], [5.65, 5.15, 4.52, 4.46, 4.1, 4.54, 4.45, 3.63, 3.59, 2.78, 1.75, 1.57, 1.91, 2.08, 1.95, 2.39, 3.19, 3.23, 3.19, 3.5, 2.97, 2.0, 0, 1.19, 1.37, 1.35, 1.44, 1.77, 1.85, 2.12, 1.83, 1.82, 2.43, 3.07, 3.07, 2.98, 3.22, 2.07, 1.73, 1.88, 1.94, 2.6, 2.42, 2.48, 2.21, 2.32, 3.28, 4.48, 4.67, 5.01, 5.58, 4.59, 3.49, 3.6, 1.38, 3.91, 4.23, 4.11, 3.56, 3.6, 4.04, 3.42, 3.08, 2.9, 2.72, 2.7, 1.65, 1.68, 1.73, 1.95, 1.7, 2.02, 1.86, 1.81, 2.08, 2.4, 3.03, 3.52, 3.36, 2.74, 2.77, 2.82, 3.24, 3.28, 3.59, 3.69], [5.6, 5.26, 4.63, 4.51, 4.15, 4.57, 4.54, 3.84, 4.26, 3.07, 1.72, 1.88, 2.32, 2.81, 2.66, 3.08, 3.96, 4.0, 3.96, 4.29, 3.76, 2.83, 1.19, 0, 1.14, 0.9, 1.21, 1.48, 1.44, 1.95, 1.4, 1.07, 1.7, 2.4, 2.38, 2.33, 2.51, 1.6, 1.66, 1.85, 1.93, 2.37, 2.33, 2.49, 2.18, 1.99, 2.83, 3.69, 3.9, 4.32, 4.79, 3.8, 2.7, 2.81, 1.27, 4.2, 4.72, 4.42, 4.07, 4.11, 4.61, 3.95, 3.69, 3.39, 3.17, 2.75, 1.64, 1.55, 1.62, 1.54, 1.43, 1.61, 1.69, 1.72, 2.03, 2.65, 2.98, 3.33, 3.23, 2.75, 2.84, 2.91, 3.31, 3.37, 3.72, 3.7], [5.1, 4.7, 4.11, 3.97, 3.59, 4.01, 3.98, 3.26, 3.56, 2.41, 1.32, 1.26, 1.72, 2.05, 2.02, 2.24, 3.04, 3.12, 3.0, 3.29, 2.8, 2.13, 1.37, 1.14, 0, 0.58, 1.03, 1.24, 1.2, 1.57, 1.28, 1.67, 2.72, 3.36, 3.38, 3.35, 3.55, 2.4, 1.66, 1.85, 2.17, 2.77, 2.73, 2.51, 2.2, 2.39, 3.81, 4.75, 4.94, 5.32, 5.85, 4.86, 3.76, 3.87, 1.77, 3.66, 4.04, 3.88, 3.43, 3.31, 3.75, 3.09, 2.75, 2.47, 2.39, 2.27, 1.82, 1.93, 1.74, 1.66, 1.71, 2.13, 2.13, 2.04, 2.17, 2.65, 2.88, 3.45, 3.55, 2.89, 2.96, 2.93, 3.47, 3.55, 3.98, 4.1], [5.28, 4.88, 4.29, 4.21, 3.83, 4.23, 4.22, 3.48, 3.74, 2.57, 1.32, 1.28, 1.9, 2.21, 2.12, 2.44, 3.24, 3.34, 3.22, 3.47, 2.98, 2.27, 1.35, 0.9, 0.58, 0, 0.93, 1.26, 1.28, 1.63, 1.26, 1.35, 2.48, 3.12, 3.14, 3.03, 3.29, 2.2, 1.62, 1.85, 2.07, 2.67, 2.61, 2.43, 2.1, 2.13, 3.53, 4.51, 4.7, 5.08, 5.61, 4.62, 3.52, 3.63, 1.61, 3.86, 4.22, 4.06, 3.61, 3.51, 3.97, 3.33, 2.97, 2.71, 2.61, 2.41, 1.72, 1.85, 1.72, 1.62, 1.65, 2.07, 2.01, 2.0, 2.15, 2.67, 2.92, 3.45, 3.53, 2.87, 2.92, 2.91, 3.45, 3.51, 3.9, 4.04], [4.77, 4.39, 3.78, 3.7, 3.28, 3.68, 3.69, 2.95, 3.37, 2.32, 1.39, 1.27, 1.61, 2.06, 2.17, 2.31, 3.21, 3.25, 3.19, 3.56, 3.03, 2.4, 1.44, 1.21, 1.03, 0.93, 0, 0.81, 0.95, 1.26, 0.99, 1.28, 2.39, 3.07, 3.09, 3.0, 3.26, 2.31, 1.63, 1.88, 2.26, 2.78, 2.88, 2.84, 2.53, 2.6, 3.64, 4.48, 4.69, 5.11, 5.52, 4.53, 3.45, 3.54, 1.44, 3.31, 3.77, 3.55, 3.18, 3.34, 3.86, 3.22, 2.94, 2.6, 2.28, 2.02, 1.69, 1.94, 2.13, 2.03, 1.82, 2.12, 1.92, 1.95, 2.12, 2.74, 2.71, 3.28, 3.38, 2.88, 3.05, 3.12, 3.44, 3.44, 3.81, 3.97], [4.3, 4.14, 3.55, 3.37, 2.97, 3.33, 3.4, 2.64, 3.08, 2.19, 1.36, 1.36, 1.58, 2.03, 2.22, 2.24, 3.12, 3.08, 3.1, 3.47, 3.14, 2.59, 1.77, 1.48, 1.24, 1.26, 0.81, 0, 0.8, 0.95, 0.86, 1.67, 2.68, 3.32, 3.4, 3.27, 3.41, 2.64, 2.04, 2.01, 2.57, 3.09, 3.27, 3.21, 2.92, 2.97, 3.93, 4.61, 4.78, 5.16, 5.63, 4.68, 3.58, 3.65, 1.61, 3.0, 3.56, 3.24, 2.99, 3.27, 3.77, 3.03, 2.75, 2.41, 2.09, 1.81, 1.54, 1.95, 2.2, 2.04, 1.83, 2.09, 1.81, 1.88, 2.05, 2.67, 2.46, 3.01, 3.13, 2.77, 3.12, 3.13, 3.35, 3.35, 3.76, 3.84], [4.32, 4.3, 3.71, 3.33, 2.99, 3.39, 3.44, 2.76, 3.26, 2.25, 1.22, 1.2, 1.54, 1.97, 2.12, 2.26, 3.22, 3.2, 3.24, 3.63, 3.22, 2.69, 1.85, 1.44, 1.2, 1.28, 0.95, 0.8, 0, 0.87, 0.74, 1.73, 2.76, 3.34, 3.34, 3.43, 3.43, 2.58, 2.06, 1.97, 2.55, 3.07, 3.27, 3.23, 2.92, 2.93, 3.97, 4.39, 4.64, 5.2, 5.51, 4.58, 3.42, 3.53, 1.59, 3.14, 3.82, 3.44, 3.19, 3.43, 3.93, 3.19, 2.89, 2.51, 2.21, 1.73, 1.66, 1.99, 2.02, 1.94, 1.79, 1.97, 1.81, 1.74, 1.91, 2.67, 2.34, 2.83, 3.01, 2.67, 2.96, 2.95, 3.15, 3.25, 3.68, 3.72], [4.17, 4.17, 3.4, 3.04, 2.7, 3.02, 3.15, 2.49, 3.07, 2.1, 1.31, 1.25, 1.57, 2.04, 2.19, 2.21, 3.07, 3.01, 3.07, 3.56, 3.25, 2.8, 2.12, 1.95, 1.57, 1.63, 1.26, 0.95, 0.87, 0, 0.79, 1.9, 2.99, 3.53, 3.71, 3.7, 3.84, 3.17, 2.65, 2.6, 3.16, 3.68, 3.76, 3.72, 3.39, 3.36, 4.5, 4.92, 5.05, 5.53, 5.76, 4.79, 3.75, 3.8, 1.88, 2.85, 3.51, 3.17, 3.02, 3.22, 3.74, 3.0, 2.7, 2.32, 2.04, 1.62, 1.67, 2.28, 2.25, 2.05, 2.1, 2.28, 1.98, 1.83, 1.8, 2.84, 2.27, 2.68, 2.8, 2.46, 2.91, 2.9, 2.92, 3.0, 3.45, 3.63], [4.38, 4.18, 3.53, 3.27, 2.91, 3.31, 3.36, 2.7, 3.24, 2.25, 1.2, 1.24, 1.54, 2.07, 2.18, 2.24, 3.16, 3.18, 3.12, 3.53, 3.14, 2.69, 1.83, 1.4, 1.28, 1.26, 0.99, 0.86, 0.74, 0.79, 0, 1.55, 2.6, 3.24, 3.26, 3.25, 3.41, 2.74, 2.24, 2.27, 2.85, 3.35, 3.55, 3.51, 3.16, 3.07, 3.97, 4.55, 4.78, 5.26, 5.57, 4.58, 3.48, 3.61, 1.67, 3.08, 3.62, 3.32, 3.05, 3.29, 3.81, 3.13, 2.87, 2.53, 2.19, 1.73, 1.68, 2.05, 2.14, 1.92, 1.93, 2.09, 1.77, 1.64, 1.79, 2.67, 2.28, 2.85, 3.01, 2.65, 3.04, 3.01, 3.15, 3.33, 3.76, 3.84], [5.75, 5.51, 4.7, 4.5, 4.12, 4.5, 4.63, 3.93, 4.49, 3.42, 2.03, 2.27, 2.73, 3.12, 3.09, 3.51, 4.41, 4.45, 4.41, 4.74, 4.19, 3.26, 1.82, 1.07, 1.67, 1.35, 1.28, 1.67, 1.73, 1.9, 1.55, 0, 1.37, 2.05, 2.05, 2.1, 2.4, 1.77, 1.69, 1.9, 1.98, 2.36, 2.38, 2.42, 2.13, 1.92, 2.92, 3.6, 3.81, 4.21, 4.42, 3.37, 2.31, 2.4, 1.48, 4.35, 4.79, 4.55, 4.28, 4.5, 5.04, 4.42, 4.14, 3.8, 3.48, 3.04, 2.09, 2.28, 2.23, 2.01, 1.9, 2.1, 2.08, 2.21, 2.4, 3.22, 3.05, 3.4, 3.42, 2.96, 3.37, 3.46, 3.56, 3.54, 3.83, 3.89], [6.76, 6.56, 5.77, 5.53, 5.13, 5.55, 5.66, 4.98, 5.6, 4.59, 3.1, 3.44, 3.86, 4.27, 4.26, 4.66, 5.56, 5.6, 5.56, 5.91, 5.38, 4.37, 2.43, 1.7, 2.72, 2.48, 2.39, 2.68, 2.76, 2.99, 2.6, 1.37, 0, 0.96, 1.08, 1.09, 1.41, 1.18, 2.38, 2.79, 2.31, 1.89, 1.97, 2.41, 2.3, 1.81, 1.77, 2.41, 2.64, 2.94, 3.29, 2.2, 1.28, 1.45, 2.01, 5.38, 5.88, 5.58, 5.37, 5.69, 6.21, 5.55, 5.29, 4.95, 4.61, 4.07, 3.0, 2.27, 2.42, 2.48, 2.05, 2.09, 2.29, 2.48, 3.01, 3.93, 4.02, 4.13, 3.77, 3.27, 3.54, 3.61, 3.73, 3.63, 3.82, 3.68], [7.3, 7.26, 6.45, 6.13, 5.79, 6.07, 6.32, 5.62, 6.24, 5.19, 3.7, 4.04, 4.5, 4.83, 4.88, 5.28, 6.14, 6.18, 6.18, 6.53, 6.0, 4.97, 3.07, 2.4, 3.36, 3.12, 3.07, 3.32, 3.34, 3.53, 3.24, 2.05, 0.96, 0, 0.78, 1.03, 1.39, 1.42, 3.02, 3.43, 2.73, 2.23, 2.13, 2.61, 2.84, 2.27, 1.73, 2.23, 2.12, 2.5, 2.71, 1.66, 1.18, 1.61, 2.69, 6.06, 6.48, 6.28, 6.01, 6.31, 6.83, 6.15, 5.87, 5.53, 5.17, 4.77, 3.58, 2.61, 2.56, 2.66, 2.61, 2.25, 2.43, 2.64, 3.39, 4.59, 4.58, 4.55, 3.87, 3.39, 3.54, 3.49, 3.59, 3.49, 3.62, 3.54], [7.32, 7.26, 6.49, 6.21, 5.83, 6.21, 6.36, 5.7, 6.28, 5.15, 3.64, 4.06, 4.54, 4.89, 4.9, 5.34, 6.2, 6.26, 6.22, 6.51, 5.94, 4.93, 3.07, 2.38, 3.38, 3.14, 3.09, 3.4, 3.34, 3.71, 3.26, 2.05, 1.08, 0.78, 0, 1.01, 1.01, 1.46, 3.1, 3.51, 2.85, 2.29, 2.01, 2.65, 2.86, 2.27, 1.57, 2.01, 1.96, 2.36, 2.67, 1.84, 1.16, 1.53, 2.79, 6.14, 6.56, 6.32, 6.03, 6.27, 6.83, 6.17, 5.93, 5.61, 5.25, 4.81, 3.68, 2.77, 2.74, 2.76, 2.71, 2.43, 2.65, 2.86, 3.47, 4.59, 4.6, 4.71, 4.03, 3.53, 3.68, 3.69, 3.93, 3.83, 4.02, 3.9], [7.13, 7.05, 6.18, 5.98, 5.68, 5.98, 6.29, 5.51, 6.03, 5.1, 3.73, 3.95, 4.37, 4.8, 4.81, 5.23, 6.13, 6.13, 6.05, 6.4, 5.87, 4.88, 2.98, 2.33, 3.35, 3.03, 3.0, 3.27, 3.43, 3.7, 3.25, 2.1, 1.09, 1.03, 1.01, 0, 1.0, 1.29, 3.03, 3.38, 2.82, 2.26, 2.2, 2.78, 2.95, 2.34, 1.68, 2.32, 2.41, 2.59, 3.0, 1.89, 1.19, 1.5, 2.5, 5.73, 6.35, 5.85, 5.78, 6.2, 6.7, 6.08, 5.8, 5.46, 5.12, 4.52, 3.33, 2.6, 2.89, 2.91, 2.7, 2.38, 2.64, 2.83, 3.52, 4.38, 4.59, 4.54, 4.1, 3.74, 3.95, 3.98, 4.18, 4.08, 4.17, 4.07], [7.17, 7.27, 6.52, 6.3, 6.0, 6.3, 6.49, 5.69, 6.19, 5.3, 3.87, 4.15, 4.57, 4.94, 4.99, 5.35, 6.31, 6.27, 6.31, 6.7, 6.17, 5.14, 3.22, 2.51, 3.55, 3.29, 3.26, 3.41, 3.43, 3.84, 3.41, 2.4, 1.41, 1.39, 1.01, 1.0, 0, 1.45, 3.19, 3.46, 2.94, 2.16, 2.2, 2.92, 3.03, 2.32, 1.48, 1.94, 1.83, 2.07, 2.6, 1.79, 1.21, 1.42, 2.62, 5.89, 6.67, 6.15, 6.02, 6.48, 7.0, 6.28, 5.98, 5.6, 5.26, 4.58, 3.47, 2.72, 2.91, 2.89, 2.82, 2.44, 2.68, 3.05, 3.68, 4.56, 4.81, 4.7, 4.08, 3.82, 3.83, 3.9, 4.08, 4.02, 4.19, 3.95], [6.72, 6.46, 5.91, 5.75, 5.41, 5.85, 5.82, 4.94, 5.26, 4.25, 2.94, 3.06, 3.52, 3.85, 3.84, 4.16, 5.1, 5.08, 5.12, 5.51, 4.98, 3.95, 2.07, 1.6, 2.4, 2.2, 2.31, 2.64, 2.58, 3.17, 2.74, 1.77, 1.18, 1.42, 1.46, 1.29, 1.45, 0, 1.94, 2.23, 1.63, 1.27, 1.31, 1.65, 1.84, 1.31, 1.65, 2.49, 2.72, 3.16, 3.67, 2.82, 1.76, 2.03, 2.09, 5.3, 5.96, 5.58, 5.27, 5.35, 5.81, 5.09, 4.77, 4.41, 4.17, 3.77, 2.7, 2.21, 2.38, 2.6, 2.19, 2.39, 2.71, 2.78, 3.11, 3.53, 4.16, 4.43, 4.15, 3.73, 3.74, 3.77, 4.13, 4.11, 4.38, 4.26], [6.16, 5.7, 5.15, 5.07, 4.71, 5.13, 5.02, 4.12, 3.96, 3.41, 2.62, 2.22, 2.5, 2.63, 2.56, 2.62, 3.36, 3.44, 3.32, 3.71, 3.18, 2.53, 1.73, 1.66, 1.66, 1.62, 1.63, 2.04, 2.06, 2.65, 2.24, 1.69, 2.38, 3.02, 3.1, 3.03, 3.19, 1.94, 0, 0.81, 0.97, 1.67, 2.03, 1.57, 1.38, 1.71, 3.13, 4.29, 4.46, 4.8, 5.41, 4.44, 3.28, 3.45, 2.21, 4.42, 4.86, 4.66, 4.05, 4.17, 4.49, 3.83, 3.45, 3.31, 3.33, 3.25, 2.72, 2.75, 2.78, 2.82, 2.75, 3.05, 3.09, 3.2, 3.45, 3.65, 4.08, 4.61, 4.67, 4.11, 4.2, 4.23, 4.69, 4.75, 5.12, 5.1], [6.01, 5.59, 5.16, 5.04, 4.62, 5.1, 4.99, 4.01, 3.79, 3.42, 2.61, 2.19, 2.51, 2.58, 2.41, 2.63, 3.25, 3.19, 3.09, 3.5, 3.07, 2.48, 1.88, 1.85, 1.85, 1.85, 1.88, 2.01, 1.97, 2.6, 2.27, 1.9, 2.79, 3.43, 3.51, 3.38, 3.46, 2.23, 0.81, 0, 1.22, 1.84, 2.34, 1.82, 1.59, 1.98, 3.42, 4.6, 4.75, 5.09, 5.68, 4.77, 3.57, 3.66, 2.22, 4.15, 4.83, 4.53, 4.0, 4.06, 4.36, 3.8, 3.3, 3.18, 3.32, 3.14, 2.49, 2.76, 2.91, 2.85, 2.9, 3.14, 3.14, 3.15, 3.3, 3.44, 3.93, 4.36, 4.44, 4.12, 4.29, 4.26, 4.68, 4.76, 5.17, 5.17], [6.69, 6.39, 5.8, 5.7, 5.34, 5.82, 5.71, 4.75, 4.63, 3.98, 3.05, 2.69, 3.07, 3.22, 3.01, 3.25, 4.07, 3.95, 3.91, 4.3, 3.81, 3.0, 1.94, 1.93, 2.17, 2.07, 2.26, 2.57, 2.55, 3.16, 2.85, 1.98, 2.31, 2.73, 2.85, 2.82, 2.94, 1.63, 0.97, 1.22, 0, 1.18, 1.66, 1.16, 1.25, 1.3, 2.64, 3.76, 4.01, 4.39, 4.96, 4.03, 3.01, 3.14, 2.46, 5.01, 5.57, 5.27, 4.74, 4.92, 5.14, 4.5, 4.08, 3.96, 3.96, 3.74, 2.95, 2.86, 2.99, 3.09, 3.04, 3.32, 3.4, 3.49, 3.68, 3.82, 4.49, 4.86, 4.84, 4.36, 4.41, 4.5, 4.92, 4.96, 5.23, 5.21], [7.21, 6.89, 6.34, 6.24, 5.9, 6.3, 6.21, 5.31, 5.35, 4.6, 3.59, 3.41, 3.83, 3.98, 3.93, 4.19, 5.01, 4.87, 4.85, 5.24, 4.77, 3.86, 2.6, 2.37, 2.77, 2.67, 2.78, 3.09, 3.07, 3.68, 3.35, 2.36, 1.89, 2.23, 2.29, 2.26, 2.16, 1.27, 1.67, 1.84, 1.18, 0, 1.28, 1.16, 1.25, 0.92, 1.84, 2.9, 3.15, 3.49, 4.1, 3.17, 2.19, 2.36, 2.62, 5.59, 6.21, 5.91, 5.48, 5.6, 5.84, 5.22, 4.8, 4.54, 4.48, 4.2, 3.35, 2.86, 3.23, 3.53, 3.16, 3.38, 3.72, 3.79, 4.06, 4.16, 4.91, 5.24, 5.08, 4.78, 4.75, 4.78, 5.16, 5.12, 5.37, 5.19], [7.47, 7.05, 6.48, 6.4, 6.04, 6.44, 6.35, 5.37, 5.47, 4.64, 3.53, 3.35, 3.83, 4.0, 3.83, 4.17, 5.07, 5.07, 5.05, 5.4, 4.89, 3.92, 2.42, 2.33, 2.73, 2.61, 2.88, 3.27, 3.27, 3.76, 3.55, 2.38, 1.97, 2.13, 2.01, 2.2, 2.2, 1.31, 2.03, 2.34, 1.66, 1.28, 0, 1.1, 1.29, 1.28, 1.64, 2.78, 3.03, 3.37, 3.92, 3.29, 2.47, 2.62, 2.72, 5.55, 6.17, 5.97, 5.44, 5.44, 5.8, 5.2, 4.74, 4.48, 4.6, 4.5, 3.49, 3.2, 3.13, 3.33, 3.04, 3.44, 3.72, 3.77, 3.96, 4.34, 4.95, 5.34, 5.14, 4.56, 4.55, 4.58, 5.04, 5.06, 5.33, 5.31], [7.39, 6.97, 6.42, 6.34, 5.96, 6.36, 6.27, 5.31, 5.21, 4.5, 3.49, 3.21, 3.69, 3.66, 3.57, 3.83, 4.49, 4.51, 4.47, 4.74, 4.25, 3.44, 2.48, 2.49, 2.51, 2.43, 2.84, 3.21, 3.23, 3.72, 3.51, 2.42, 2.41, 2.61, 2.65, 2.78, 2.92, 1.65, 1.57, 1.82, 1.16, 1.16, 1.1, 0, 0.73, 1.04, 2.44, 3.54, 3.83, 4.23, 4.8, 3.93, 2.87, 3.02, 3.02, 5.51, 6.03, 5.85, 5.3, 5.3, 5.6, 4.92, 4.46, 4.28, 4.44, 4.42, 3.59, 3.46, 3.39, 3.47, 3.34, 3.76, 4.0, 4.05, 4.12, 4.36, 5.09, 5.48, 5.38, 4.84, 4.77, 4.78, 5.3, 5.3, 5.53, 5.61], [7.12, 6.7, 6.13, 6.05, 5.69, 6.09, 6.0, 5.06, 5.0, 4.21, 3.08, 2.92, 3.46, 3.45, 3.36, 3.62, 4.32, 4.3, 4.26, 4.51, 4.06, 3.33, 2.21, 2.18, 2.2, 2.1, 2.53, 2.92, 2.92, 3.39, 3.16, 2.13, 2.3, 2.84, 2.86, 2.95, 3.03, 1.84, 1.38, 1.59, 1.25, 1.25, 1.29, 0.73, 0, 0.95, 2.65, 3.85, 4.08, 4.42, 4.99, 4.12, 2.96, 3.07, 2.79, 5.28, 5.8, 5.64, 5.11, 5.09, 5.35, 4.69, 4.19, 4.01, 4.15, 4.13, 3.3, 3.23, 3.08, 3.14, 3.05, 3.47, 3.69, 3.76, 3.83, 4.05, 4.68, 5.03, 5.09, 4.53, 4.48, 4.49, 5.01, 5.01, 5.24, 5.36], [7.15, 6.85, 6.22, 6.16, 5.84, 6.22, 6.21, 5.31, 5.31, 4.38, 3.07, 3.01, 3.67, 3.78, 3.71, 4.01, 4.77, 4.71, 4.67, 5.02, 4.51, 3.66, 2.32, 1.99, 2.39, 2.13, 2.6, 2.97, 2.93, 3.36, 3.07, 1.92, 1.81, 2.27, 2.27, 2.34, 2.32, 1.31, 1.71, 1.98, 1.3, 0.92, 1.28, 1.04, 0.95, 0, 2.02, 3.12, 3.35, 3.73, 4.28, 3.41, 2.33, 2.42, 2.66, 5.57, 6.11, 5.89, 5.42, 5.4, 5.62, 5.02, 4.5, 4.28, 4.3, 4.2, 3.07, 2.72, 2.75, 2.99, 2.7, 3.1, 3.44, 3.51, 3.62, 3.9, 4.57, 4.94, 4.84, 4.28, 4.25, 4.24, 4.7, 4.66, 4.87, 4.85], [8.13, 7.81, 7.18, 7.1, 6.74, 7.2, 7.15, 6.33, 6.47, 5.56, 4.41, 4.31, 4.79, 5.12, 5.07, 5.43, 6.39, 6.37, 6.37, 6.76, 6.23, 5.2, 3.28, 2.83, 3.81, 3.53, 3.64, 3.93, 3.97, 4.5, 3.97, 2.92, 1.77, 1.73, 1.57, 1.68, 1.48, 1.65, 3.13, 3.42, 2.64, 1.84, 1.64, 2.44, 2.65, 2.02, 0, 1.48, 1.73, 1.95, 2.44, 2.25, 1.87, 2.06, 3.28, 6.55, 7.15, 6.79, 6.42, 6.62, 7.1, 6.4, 6.04, 5.74, 5.5, 5.24, 4.05, 3.34, 3.59, 3.71, 3.3, 3.2, 3.6, 3.77, 4.34, 4.84, 5.49, 5.6, 5.16, 4.58, 4.55, 4.58, 4.94, 4.82, 5.09, 4.79], [8.53, 8.61, 8.0, 7.6, 7.28, 7.58, 7.73, 7.03, 7.59, 6.56, 5.01, 5.39, 5.81, 6.16, 6.25, 6.59, 7.57, 7.55, 7.59, 7.98, 7.45, 6.42, 4.48, 3.69, 4.75, 4.51, 4.48, 4.61, 4.39, 4.92, 4.55, 3.6, 2.41, 2.23, 2.01, 2.32, 1.94, 2.49, 4.29, 4.6, 3.76, 2.9, 2.78, 3.54, 3.85, 3.12, 1.48, 0, 1.05, 1.37, 1.68, 2.03, 2.13, 2.34, 4.04, 7.37, 8.13, 7.71, 7.48, 7.76, 8.28, 7.54, 7.24, 6.86, 6.52, 5.9, 4.81, 3.94, 4.11, 4.17, 3.88, 3.62, 4.02, 4.23, 4.86, 5.8, 5.97, 5.86, 5.4, 4.9, 4.69, 4.88, 5.08, 4.9, 4.97, 4.55], [8.7, 8.84, 8.23, 7.83, 7.53, 7.83, 8.0, 7.26, 7.72, 6.73, 5.28, 5.58, 6.04, 6.35, 6.44, 6.78, 7.76, 7.74, 7.78, 8.17, 7.64, 6.61, 4.67, 3.9, 4.94, 4.7, 4.69, 4.78, 4.64, 5.05, 4.78, 3.81, 2.64, 2.12, 1.96, 2.41, 1.83, 2.72, 4.46, 4.75, 4.01, 3.15, 3.03, 3.83, 4.08, 3.35, 1.73, 1.05, 0, 0.96, 1.47, 1.78, 2.08, 2.39, 4.23, 7.58, 8.34, 7.94, 7.65, 7.95, 8.47, 7.73, 7.43, 7.05, 6.71, 6.11, 4.9, 3.93, 3.94, 4.08, 4.11, 3.65, 3.89, 4.14, 4.97, 6.03, 6.14, 5.99, 5.21, 4.79, 4.46, 4.67, 4.85, 4.71, 4.78, 4.28], [9.08, 9.24, 8.45, 8.21, 7.91, 8.19, 8.46, 7.6, 7.94, 7.17, 5.76, 6.0, 6.46, 6.73, 6.78, 7.12, 8.1, 8.08, 8.12, 8.51, 7.98, 6.95, 5.01, 4.32, 5.32, 5.08, 5.11, 5.16, 5.2, 5.53, 5.26, 4.21, 2.94, 2.5, 2.36, 2.59, 2.07, 3.16, 4.8, 5.09, 4.39, 3.49, 3.37, 4.23, 4.42, 3.73, 1.95, 1.37, 0.96, 0, 1.19, 1.9, 2.38, 2.67, 4.51, 7.9, 8.62, 8.14, 7.85, 8.31, 8.81, 8.07, 7.77, 7.41, 7.11, 6.55, 5.3, 4.33, 4.46, 4.6, 4.59, 4.15, 4.35, 4.66, 5.41, 6.35, 6.62, 6.55, 5.77, 5.39, 4.92, 5.13, 5.33, 5.17, 5.28, 4.52], [9.41, 9.67, 8.88, 8.42, 8.04, 8.34, 8.61, 8.01, 8.61, 7.66, 6.13, 6.51, 6.91, 7.3, 7.35, 7.71, 8.67, 8.65, 8.69, 9.08, 8.55, 7.52, 5.58, 4.79, 5.85, 5.61, 5.52, 5.63, 5.51, 5.76, 5.57, 4.42, 3.29, 2.71, 2.67, 3.0, 2.6, 3.67, 5.41, 5.68, 4.96, 4.1, 3.92, 4.8, 4.99, 4.28, 2.44, 1.68, 1.47, 1.19, 0, 1.89, 2.69, 2.94, 4.82, 8.25, 9.05, 8.53, 8.46, 8.86, 9.38, 8.64, 8.34, 7.98, 7.66, 6.94, 5.847, 4.9, 4.93, 4.97, 5.0, 4.4, 4.64, 4.85, 5.84, 6.92, 6.89, 6.64, 5.86, 5.4, 5.09, 5.32, 5.3, 5.18, 5.29, 4.15], [8.4, 8.66, 7.73, 6.87, 6.79, 6.93, 7.44, 7.02, 7.66, 6.75, 5.22, 5.6, 6.0, 6.39, 6.42, 6.78, 7.68, 7.72, 7.7, 8.09, 7.56, 6.53, 4.59, 3.8, 4.86, 4.62, 4.53, 4.68, 4.58, 4.79, 4.58, 3.37, 2.2, 1.66, 1.84, 1.89, 1.79, 2.82, 4.44, 4.77, 4.03, 3.17, 3.29, 3.93, 4.12, 3.41, 2.25, 2.03, 1.78, 1.9, 1.89, 0, 1.44, 1.37, 3.73, 7.22, 8.0, 7.4, 7.39, 7.87, 8.39, 7.71, 7.43, 7.07, 6.73, 6.03, 4.891, 3.93, 3.98, 4.04, 4.07, 3.47, 3.63, 3.9, 4.91, 6.01, 5.96, 5.41, 4.55, 4.37, 4.18, 4.49, 4.41, 4.05, 3.94, 3.5], [7.2, 7.56, 6.65, 6.13, 5.87, 6.15, 6.48, 5.86, 6.46, 5.61, 4.1, 4.46, 4.86, 5.25, 5.28, 5.62, 6.58, 6.58, 6.6, 6.99, 6.46, 5.43, 3.49, 2.7, 3.76, 3.52, 3.45, 3.58, 3.42, 3.75, 3.48, 2.31, 1.28, 1.18, 1.16, 1.19, 1.21, 1.76, 3.28, 3.57, 3.01, 2.19, 2.47, 2.87, 2.96, 2.33, 1.87, 2.13, 2.08, 2.38, 2.69, 1.44, 0, 0.77, 2.59, 6.06, 6.9, 6.28, 6.27, 6.77, 7.29, 6.57, 6.29, 5.91, 5.55, 4.79, 3.68, 2.77, 2.88, 2.94, 2.91, 2.53, 2.67, 2.96, 3.85, 4.87, 4.86, 4.53, 3.89, 3.65, 3.9, 3.97, 4.05, 3.89, 4.02, 3.82], [7.35, 7.67, 6.72, 5.88, 5.86, 6.1, 6.49, 5.95, 6.55, 5.7, 4.19, 4.55, 4.95, 5.34, 5.37, 5.71, 6.69, 6.67, 6.71, 7.1, 6.57, 5.54, 3.6, 2.81, 3.87, 3.63, 3.54, 3.65, 3.53, 3.8, 3.61, 2.4, 1.45, 1.61, 1.53, 1.5, 1.42, 2.03, 3.45, 3.66, 3.14, 2.36, 2.62, 3.02, 3.07, 2.42, 2.06, 2.34, 2.39, 2.67, 2.94, 1.37, 0.77, 0, 2.66, 6.17, 7.01, 6.37, 6.38, 6.88, 7.4, 6.66, 6.38, 6.0, 5.64, 4.88, 3.79, 2.98, 3.17, 3.11, 2.98, 2.7, 2.96, 3.23, 4.0, 4.96, 4.97, 4.54, 3.92, 3.78, 4.03, 4.12, 4.1, 3.84, 3.85, 3.69], [5.37, 5.25, 4.38, 4.12, 3.76, 4.2, 4.27, 3.47, 3.97, 3.26, 2.05, 2.11, 2.39, 2.74, 2.75, 3.09, 4.03, 4.05, 4.05, 4.44, 3.91, 2.88, 1.38, 1.27, 1.77, 1.61, 1.44, 1.61, 1.59, 1.88, 1.67, 1.48, 2.01, 2.69, 2.79, 2.5, 2.62, 2.09, 2.21, 2.22, 2.46, 2.62, 2.72, 3.02, 2.79, 2.66, 3.28, 4.04, 4.23, 4.51, 4.82, 3.73, 2.59, 2.66, 0, 3.67, 4.37, 3.95, 3.76, 4.22, 4.76, 4.06, 3.78, 3.48, 3.26, 2.6, 1.83, 1.58, 1.89, 1.97, 1.56, 1.7, 1.56, 1.73, 2.24, 2.78, 2.97, 3.12, 2.86, 2.64, 2.99, 3.02, 3.1, 3.02, 3.25, 3.31], [2.3, 2.04, 1.65, 1.73, 1.57, 1.89, 1.7, 1.08, 1.5, 1.69, 2.98, 2.74, 2.14, 2.07, 2.36, 2.36, 1.94, 1.8, 2.14, 2.55, 2.68, 2.97, 3.91, 4.2, 3.66, 3.86, 3.31, 3.0, 3.14, 2.85, 3.08, 4.35, 5.38, 6.06, 6.14, 5.73, 5.89, 5.3, 4.42, 4.15, 5.01, 5.59, 5.55, 5.51, 5.28, 5.57, 6.55, 7.37, 7.58, 7.9, 8.25, 7.22, 6.06, 6.17, 3.67, 0, 1.3, 1.26, 1.53, 1.47, 1.67, 1.57, 1.37, 1.55, 1.47, 1.75, 3.26, 4.27, 4.46, 4.24, 3.87, 4.11, 3.87, 3.78, 2.97, 2.43, 2.26, 2.61, 3.35, 3.53, 4.14, 3.91, 3.79, 4.21, 4.44, 5.58], [1.78, 1.48, 1.29, 1.57, 1.65, 1.77, 1.32, 1.46, 1.56, 2.01, 3.46, 3.16, 2.62, 2.43, 2.78, 2.86, 2.38, 2.36, 2.64, 2.89, 3.06, 3.37, 4.23, 4.72, 4.04, 4.22, 3.77, 3.56, 3.82, 3.51, 3.62, 4.79, 5.88, 6.48, 6.56, 6.35, 6.67, 5.96, 4.86, 4.83, 5.57, 6.21, 6.17, 6.03, 5.8, 6.11, 7.15, 8.13, 8.34, 8.62, 9.05, 8.0, 6.9, 7.01, 4.37, 1.3, 0, 1.1, 1.19, 1.35, 1.25, 1.33, 1.83, 1.91, 1.91, 2.49, 4.0, 4.91, 5.0, 4.82, 4.49, 4.85, 4.57, 4.38, 3.51, 2.75, 2.52, 3.19, 3.93, 4.05, 4.64, 4.37, 4.31, 4.69, 4.92, 6.24], [1.9, 1.72, 1.33, 1.55, 1.59, 1.53, 1.42, 1.52, 1.74, 2.17, 3.28, 2.98, 2.34, 2.41, 2.7, 2.72, 2.38, 2.34, 2.68, 3.13, 3.26, 3.39, 4.11, 4.42, 3.88, 4.06, 3.55, 3.24, 3.44, 3.17, 3.32, 4.55, 5.58, 6.28, 6.32, 5.85, 6.15, 5.58, 4.66, 4.53, 5.27, 5.91, 5.97, 5.85, 5.64, 5.89, 6.79, 7.71, 7.94, 8.14, 8.53, 7.4, 6.28, 6.37, 3.95, 1.26, 1.1, 0, 1.09, 1.57, 1.53, 1.29, 1.95, 1.93, 1.93, 2.21, 3.7, 4.65, 4.8, 4.58, 4.37, 4.45, 4.17, 4.06, 3.33, 2.79, 2.64, 3.17, 3.81, 3.93, 4.42, 4.29, 4.29, 4.73, 4.88, 5.96], [2.47, 2.09, 1.7, 1.72, 1.84, 1.98, 1.73, 1.65, 1.53, 1.98, 3.19, 2.65, 2.21, 1.94, 2.07, 1.99, 1.85, 1.95, 2.21, 2.7, 2.75, 2.76, 3.56, 4.07, 3.43, 3.61, 3.18, 2.99, 3.19, 3.02, 3.05, 4.28, 5.37, 6.01, 6.03, 5.78, 6.02, 5.27, 4.05, 4.0, 4.74, 5.48, 5.44, 5.3, 5.11, 5.42, 6.42, 7.48, 7.65, 7.85, 8.46, 7.39, 6.27, 6.38, 3.76, 1.53, 1.19, 1.09, 0, 1.3, 1.38, 1.14, 1.58, 1.68, 1.66, 2.24, 3.59, 4.52, 4.49, 4.33, 4.18, 4.3, 4.02, 3.89, 3.12, 2.44, 2.51, 3.14, 3.76, 3.78, 4.29, 4.06, 4.2, 4.68, 4.93, 5.85], [2.79, 2.21, 2.04, 2.16, 2.08, 2.3, 1.85, 1.71, 1.57, 1.84, 2.97, 2.57, 2.23, 2.08, 2.15, 2.15, 1.65, 1.57, 1.83, 2.2, 2.19, 2.58, 3.6, 4.11, 3.31, 3.51, 3.34, 3.27, 3.43, 3.22, 3.29, 4.5, 5.69, 6.31, 6.27, 6.2, 6.48, 5.35, 4.17, 4.06, 4.92, 5.6, 5.44, 5.3, 5.09, 5.4, 6.62, 7.76, 7.95, 8.31, 8.86, 7.87, 6.77, 6.88, 4.22, 1.47, 1.35, 1.57, 1.3, 0, 1.02, 1.02, 1.18, 1.46, 1.6, 2.36, 3.53, 4.44, 4.35, 4.33, 4.2, 4.54, 4.32, 4.09, 3.26, 2.62, 2.75, 3.52, 4.18, 3.88, 4.11, 4.0, 4.28, 4.72, 5.05, 6.09], [2.49, 1.75, 1.66, 2.02, 2.08, 2.22, 1.95, 1.93, 1.59, 2.2, 3.43, 2.99, 2.63, 2.5, 2.53, 2.51, 1.89, 1.75, 1.93, 2.26, 2.51, 2.92, 4.04, 4.61, 3.75, 3.97, 3.86, 3.77, 3.93, 3.74, 3.81, 5.04, 6.21, 6.83, 6.83, 6.7, 7.0, 5.81, 4.49, 4.36, 5.14, 5.84, 5.8, 5.6, 5.35, 5.62, 7.1, 8.28, 8.47, 8.81, 9.38, 8.39, 7.29, 7.4, 4.76, 1.67, 1.25, 1.53, 1.38, 1.02, 0, 0.98, 1.36, 1.6, 1.9, 2.72, 3.93, 4.78, 4.75, 4.77, 4.64, 5.04, 4.84, 4.57, 3.7, 2.8, 3.01, 3.78, 4.5, 4.24, 4.57, 4.36, 4.58, 5.08, 5.43, 6.59], [2.61, 2.13, 1.7, 1.72, 1.78, 1.98, 1.67, 1.45, 1.35, 1.52, 2.71, 2.35, 1.91, 1.84, 1.95, 1.93, 1.57, 1.53, 1.83, 2.14, 2.23, 2.42, 3.42, 3.95, 3.09, 3.33, 3.22, 3.03, 3.19, 3.0, 3.13, 4.42, 5.55, 6.15, 6.17, 6.08, 6.28, 5.09, 3.83, 3.8, 4.5, 5.22, 5.2, 4.92, 4.69, 5.02, 6.4, 7.54, 7.73, 8.07, 8.64, 7.71, 6.57, 6.66, 4.06, 1.57, 1.33, 1.29, 1.14, 1.02, 0.98, 0, 0.94, 1.0, 1.28, 2.0, 3.25, 4.1, 4.09, 4.03, 4.0, 4.34, 4.12, 3.87, 3.02, 2.26, 2.55, 3.22, 3.94, 3.66, 3.89, 3.76, 4.02, 4.44, 4.75, 5.91], [3.23, 2.71, 2.32, 2.3, 2.0, 2.34, 2.13, 1.25, 1.27, 1.16, 2.37, 1.95, 1.59, 1.36, 1.47, 1.45, 1.07, 1.15, 1.33, 1.6, 1.51, 1.9, 3.08, 3.69, 2.75, 2.97, 2.94, 2.75, 2.89, 2.7, 2.87, 4.14, 5.29, 5.87, 5.93, 5.8, 5.98, 4.77, 3.45, 3.3, 4.08, 4.8, 4.74, 4.46, 4.19, 4.5, 6.04, 7.24, 7.43, 7.77, 8.34, 7.43, 6.29, 6.38, 3.78, 1.37, 1.83, 1.95, 1.58, 1.18, 1.36, 0.94, 0, 0.66, 1.02, 1.72, 2.91, 3.8, 3.71, 3.65, 3.54, 4.0, 3.84, 3.57, 2.68, 1.9, 2.27, 2.88, 3.56, 3.22, 3.51, 3.32, 3.56, 4.04, 4.35, 5.55], [3.15, 2.69, 2.16, 2.12, 1.84, 2.18, 2.07, 1.23, 1.31, 1.0, 2.07, 1.71, 1.39, 1.32, 1.49, 1.49, 1.37, 1.37, 1.49, 1.72, 1.75, 1.92, 2.9, 3.39, 2.47, 2.71, 2.6, 2.41, 2.51, 2.32, 2.53, 3.8, 4.95, 5.53, 5.61, 5.46, 5.6, 4.41, 3.31, 3.18, 3.96, 4.54, 4.48, 4.28, 4.01, 4.28, 5.74, 6.86, 7.05, 7.41, 7.98, 7.07, 5.91, 6.0, 3.48, 1.55, 1.91, 1.93, 1.68, 1.46, 1.6, 1.0, 0.66, 0, 0.78, 1.4, 2.57, 3.44, 3.41, 3.35, 3.18, 3.64, 3.48, 3.25, 2.36, 1.82, 2.19, 2.74, 3.28, 3.0, 3.37, 3.12, 3.28, 3.72, 4.03, 5.19], [2.97, 2.63, 2.0, 1.98, 1.7, 2.04, 1.93, 1.19, 1.31, 0.7, 1.97, 1.57, 1.21, 1.16, 1.49, 1.43, 1.61, 1.53, 1.89, 2.12, 2.03, 2.14, 2.72, 3.17, 2.39, 2.61, 2.28, 2.09, 2.21, 2.04, 2.19, 3.48, 4.61, 5.17, 5.25, 5.12, 5.26, 4.17, 3.33, 3.32, 3.96, 4.48, 4.6, 4.44, 4.15, 4.3, 5.5, 6.52, 6.71, 7.11, 7.66, 6.73, 5.55, 5.64, 3.26, 1.47, 1.91, 1.93, 1.66, 1.6, 1.9, 1.28, 1.02, 0.78, 0, 1.06, 2.27, 3.24, 3.29, 3.23, 2.96, 3.3, 3.14, 2.93, 2.04, 1.54, 1.85, 2.44, 3.12, 2.88, 3.29, 3.08, 3.08, 3.4, 3.83, 4.83], [3.07, 2.97, 2.32, 2.14, 1.78, 2.2, 2.21, 1.37, 1.91, 1.14, 1.53, 1.55, 1.09, 1.52, 1.75, 1.81, 2.37, 2.33, 2.47, 2.74, 2.51, 2.44, 2.7, 2.75, 2.27, 2.41, 2.02, 1.81, 1.73, 1.62, 1.73, 3.04, 4.07, 4.77, 4.81, 4.52, 4.58, 3.77, 3.25, 3.14, 3.74, 4.2, 4.5, 4.42, 4.13, 4.2, 5.24, 5.9, 6.11, 6.55, 6.94, 6.03, 4.79, 4.88, 2.6, 1.75, 2.49, 2.21, 2.24, 2.36, 2.72, 2.0, 1.72, 1.4, 1.06, 0, 1.77, 2.64, 2.97, 2.77, 2.56, 2.86, 2.66, 2.31, 1.9, 1.88, 1.95, 2.3, 2.86, 2.86, 3.23, 3.22, 3.02, 3.28, 3.75, 4.33], [4.46, 4.44, 3.87, 3.73, 3.37, 3.77, 3.8, 3.02, 3.32, 2.35, 1.44, 1.66, 1.78, 2.13, 2.12, 2.56, 3.36, 3.28, 3.3, 3.63, 3.12, 2.31, 1.65, 1.64, 1.82, 1.72, 1.69, 1.54, 1.66, 1.67, 1.68, 2.09, 3.0, 3.58, 3.68, 3.33, 3.47, 2.7, 2.72, 2.49, 2.95, 3.35, 3.49, 3.59, 3.3, 3.07, 4.05, 4.81, 4.9, 5.3, 5.847, 4.891, 3.68, 3.79, 1.83, 3.26, 4.0, 3.7, 3.59, 3.53, 3.93, 3.25, 2.91, 2.57, 2.27, 1.77, 0, 1.23, 1.62, 1.62, 1.67, 1.89, 1.67, 1.4, 1.43, 1.97, 2.16, 2.35, 2.39, 2.19, 2.44, 2.31, 2.57, 2.67, 3.12, 3.46], [5.31, 5.31, 4.76, 4.48, 4.14, 4.5, 4.57, 3.91, 4.25, 3.28, 1.91, 2.27, 2.61, 3.08, 3.03, 3.47, 4.25, 4.17, 4.13, 4.46, 3.95, 3.04, 1.68, 1.55, 1.93, 1.85, 1.94, 1.95, 1.99, 2.28, 2.05, 2.28, 2.27, 2.61, 2.77, 2.6, 2.72, 2.21, 2.75, 2.76, 2.86, 2.86, 3.2, 3.46, 3.23, 2.72, 3.34, 3.94, 3.93, 4.33, 4.9, 3.93, 2.77, 2.98, 1.58, 4.27, 4.91, 4.65, 4.52, 4.44, 4.78, 4.1, 3.8, 3.44, 3.24, 2.64, 1.23, 0, 0.97, 1.35, 1.22, 1.24, 1.34, 1.41, 1.88, 2.74, 2.89, 3.04, 2.7, 2.42, 2.39, 2.34, 2.66, 2.6, 2.87, 2.91], [5.48, 5.52, 4.91, 4.57, 4.27, 4.61, 4.68, 4.02, 4.4, 3.35, 1.9, 2.34, 2.7, 2.97, 2.9, 3.3, 4.12, 4.04, 3.98, 4.35, 3.84, 3.03, 1.73, 1.62, 1.74, 1.72, 2.13, 2.2, 2.02, 2.25, 2.14, 2.23, 2.42, 2.56, 2.74, 2.89, 2.91, 2.38, 2.78, 2.91, 2.99, 3.23, 3.13, 3.39, 3.08, 2.75, 3.59, 4.11, 3.94, 4.46, 4.93, 3.98, 2.88, 3.17, 1.89, 4.46, 5.0, 4.8, 4.49, 4.35, 4.75, 4.09, 3.71, 3.41, 3.29, 2.97, 1.62, 0.97, 0, 0.82, 1.09, 0.97, 1.09, 1.18, 1.65, 2.75, 2.9, 2.99, 2.47, 1.97, 1.88, 1.83, 2.25, 2.23, 2.58, 2.64], [5.38, 5.38, 4.71, 4.43, 4.13, 4.45, 4.52, 3.82, 4.32, 3.25, 1.72, 2.22, 2.56, 2.85, 2.82, 3.18, 4.04, 4.06, 3.94, 4.29, 3.82, 2.99, 1.95, 1.54, 1.66, 1.62, 2.03, 2.04, 1.94, 2.05, 1.92, 2.01, 2.48, 2.66, 2.76, 2.91, 2.89, 2.6, 2.82, 2.85, 3.09, 3.53, 3.33, 3.47, 3.14, 2.99, 3.71, 4.17, 4.08, 4.6, 4.97, 4.04, 2.94, 3.11, 1.97, 4.24, 4.82, 4.58, 4.33, 4.33, 4.77, 4.03, 3.65, 3.35, 3.23, 2.77, 1.62, 1.35, 0.82, 0, 1.15, 1.03, 0.99, 1.1, 1.53, 2.77, 2.72, 2.83, 2.33, 1.71, 1.88, 1.73, 2.13, 2.17, 2.64, 2.84], [5.17, 5.03, 4.4, 4.18, 3.84, 4.24, 4.23, 3.47, 3.97, 2.9, 1.67, 2.15, 2.35, 2.62, 2.65, 3.13, 4.05, 4.07, 4.03, 4.3, 3.75, 2.94, 1.7, 1.43, 1.71, 1.65, 1.82, 1.83, 1.79, 2.1, 1.93, 1.9, 2.05, 2.61, 2.71, 2.7, 2.82, 2.19, 2.75, 2.9, 3.04, 3.16, 3.04, 3.34, 3.05, 2.7, 3.3, 3.88, 4.11, 4.59, 5.0, 4.07, 2.91, 2.98, 1.56, 3.87, 4.49, 4.37, 4.18, 4.2, 4.64, 4.0, 3.54, 3.18, 2.96, 2.56, 1.67, 1.22, 1.09, 1.15, 0, 0.86, 1.24, 1.35, 1.62, 2.5, 2.53, 2.8, 2.54, 1.9, 2.09, 2.04, 2.12, 2.1, 2.49, 2.73], [5.27, 5.39, 4.72, 4.34, 4.04, 4.3, 4.53, 3.83, 4.33, 3.36, 2.05, 2.55, 2.67, 2.96, 3.05, 3.49, 4.41, 4.35, 4.37, 4.72, 4.21, 3.3, 2.02, 1.61, 2.13, 2.07, 2.12, 2.09, 1.97, 2.28, 2.09, 2.1, 2.09, 2.25, 2.43, 2.38, 2.44, 2.39, 3.05, 3.14, 3.32, 3.38, 3.44, 3.76, 3.47, 3.1, 3.2, 3.62, 3.65, 4.15, 4.4, 3.47, 2.53, 2.7, 1.7, 4.11, 4.85, 4.45, 4.3, 4.54, 5.04, 4.34, 4.0, 3.64, 3.3, 2.86, 1.89, 1.24, 0.97, 1.03, 0.86, 0, 0.74, 1.01, 1.58, 2.62, 2.73, 2.72, 2.14, 1.72, 1.83, 1.72, 2.04, 2.02, 2.31, 2.31], [5.07, 5.15, 4.44, 4.04, 3.78, 4.04, 4.25, 3.59, 4.09, 3.22, 1.83, 2.33, 2.51, 2.84, 2.95, 3.33, 4.17, 4.13, 4.15, 4.54, 4.03, 3.06, 1.86, 1.69, 2.13, 2.01, 1.92, 1.81, 1.81, 1.98, 1.77, 2.08, 2.29, 2.43, 2.65, 2.64, 2.68, 2.71, 3.09, 3.14, 3.4, 3.72, 3.72, 4.0, 3.69, 3.44, 3.6, 4.02, 3.89, 4.35, 4.64, 3.63, 2.67, 2.96, 1.56, 3.87, 4.57, 4.17, 4.02, 4.32, 4.84, 4.12, 3.84, 3.48, 3.14, 2.66, 1.67, 1.34, 1.09, 0.99, 1.24, 0.74, 0, 0.69, 1.38, 2.48, 2.49, 2.44, 1.86, 1.48, 1.71, 1.68, 1.94, 1.94, 2.23, 2.43], [4.92, 4.98, 4.27, 3.87, 3.55, 3.83, 4.02, 3.42, 3.98, 2.91, 1.66, 2.16, 2.22, 2.63, 2.64, 3.1, 3.98, 3.92, 3.86, 4.25, 3.74, 2.79, 1.81, 1.72, 2.04, 2.0, 1.95, 1.88, 1.74, 1.83, 1.64, 2.21, 2.48, 2.64, 2.86, 2.83, 3.05, 2.78, 3.2, 3.15, 3.49, 3.79, 3.77, 4.05, 3.76, 3.51, 3.77, 4.23, 4.14, 4.66, 4.85, 3.9, 2.96, 3.23, 1.73, 3.78, 4.38, 4.06, 3.89, 4.09, 4.57, 3.87, 3.57, 3.25, 2.93, 2.31, 1.4, 1.41, 1.18, 1.1, 1.35, 1.01, 0.69, 0, 1.15, 2.21, 2.28, 2.31, 1.91, 1.47, 1.66, 1.57, 1.79, 1.91, 2.34, 2.52], [4.21, 4.09, 3.44, 3.22, 3.0, 3.26, 3.31, 2.53, 3.05, 2.06, 1.21, 1.75, 1.81, 1.82, 2.13, 2.47, 3.11, 3.13, 3.15, 3.4, 3.05, 2.52, 2.08, 2.03, 2.17, 2.15, 2.12, 2.05, 1.91, 1.8, 1.79, 2.4, 3.01, 3.39, 3.47, 3.52, 3.68, 3.11, 3.45, 3.3, 3.68, 4.06, 3.96, 4.12, 3.83, 3.62, 4.34, 4.86, 4.97, 5.41, 5.84, 4.91, 3.85, 4.0, 2.24, 2.97, 3.51, 3.33, 3.12, 3.26, 3.7, 3.02, 2.68, 2.36, 2.04, 1.9, 1.43, 1.88, 1.65, 1.53, 1.62, 1.58, 1.38, 1.15, 0, 1.46, 1.57, 1.76, 1.76, 1.48, 1.85, 1.72, 1.78, 2.04, 2.43, 3.07], [3.67, 3.45, 2.82, 2.76, 2.64, 2.94, 2.83, 2.11, 2.41, 1.68, 1.93, 2.19, 1.79, 1.72, 1.95, 2.27, 2.51, 2.49, 2.75, 2.88, 2.63, 2.24, 2.4, 2.65, 2.65, 2.67, 2.74, 2.67, 2.67, 2.84, 2.67, 3.22, 3.93, 4.59, 4.59, 4.38, 4.56, 3.53, 3.65, 3.44, 3.82, 4.16, 4.34, 4.36, 4.05, 3.9, 4.84, 5.8, 6.03, 6.35, 6.92, 6.01, 4.87, 4.96, 2.78, 2.43, 2.75, 2.79, 2.44, 2.62, 2.8, 2.26, 1.9, 1.82, 1.54, 1.88, 1.97, 2.74, 2.75, 2.77, 2.5, 2.62, 2.48, 2.21, 1.46, 0, 1.33, 1.56, 2.1, 2.06, 2.43, 2.26, 2.38, 2.82, 3.11, 4.23], [2.92, 3.0, 2.37, 2.19, 2.11, 2.35, 2.34, 1.84, 2.52, 1.73, 1.88, 2.36, 1.94, 1.91, 2.22, 2.6, 2.86, 2.84, 3.14, 3.29, 3.06, 2.89, 3.03, 2.98, 2.88, 2.92, 2.71, 2.46, 2.34, 2.27, 2.28, 3.05, 4.02, 4.58, 4.6, 4.59, 4.81, 4.16, 4.08, 3.93, 4.49, 4.91, 4.95, 5.09, 4.68, 4.57, 5.49, 5.97, 6.14, 6.62, 6.89, 5.96, 4.86, 4.97, 2.97, 2.26, 2.52, 2.64, 2.51, 2.75, 3.01, 2.55, 2.27, 2.19, 1.85, 1.95, 2.16, 2.89, 2.9, 2.72, 2.53, 2.73, 2.49, 2.28, 1.57, 1.33, 0, 0.95, 1.79, 1.85, 2.46, 2.29, 2.15, 2.57, 2.92, 4.08], [3.25, 3.59, 2.96, 2.4, 2.34, 2.52, 2.61, 2.39, 3.15, 2.34, 2.41, 3.03, 2.59, 2.56, 2.89, 3.19, 3.49, 3.47, 3.79, 3.94, 3.65, 3.42, 3.52, 3.33, 3.45, 3.45, 3.28, 3.01, 2.83, 2.68, 2.85, 3.4, 4.13, 4.55, 4.71, 4.54, 4.7, 4.43, 4.61, 4.36, 4.86, 5.24, 5.34, 5.48, 5.03, 4.94, 5.6, 5.86, 5.99, 6.55, 6.64, 5.41, 4.53, 4.54, 3.12, 2.61, 3.19, 3.17, 3.14, 3.52, 3.78, 3.22, 2.88, 2.74, 2.44, 2.3, 2.35, 3.04, 2.99, 2.83, 2.8, 2.72, 2.44, 2.31, 1.76, 1.56, 0.95, 0, 1.22, 1.74, 2.43, 2.3, 1.94, 2.22, 2.47, 3.69], [4.23, 4.51, 3.72, 3.06, 3.12, 3.26, 3.43, 3.09, 3.83, 3.08, 2.71, 3.31, 2.97, 2.92, 3.27, 3.65, 4.09, 3.99, 4.17, 4.42, 4.03, 3.56, 3.36, 3.23, 3.55, 3.53, 3.38, 3.13, 3.01, 2.8, 3.01, 3.42, 3.77, 3.87, 4.03, 4.1, 4.08, 4.15, 4.67, 4.44, 4.84, 5.08, 5.14, 5.38, 5.09, 4.84, 5.16, 5.4, 5.21, 5.77, 5.86, 4.55, 3.89, 3.92, 2.86, 3.35, 3.93, 3.81, 3.76, 4.18, 4.5, 3.94, 3.56, 3.28, 3.12, 2.86, 2.39, 2.7, 2.47, 2.33, 2.54, 2.14, 1.86, 1.91, 1.76, 2.1, 1.79, 1.22, 0, 1.1, 1.73, 1.56, 1.44, 1.62, 1.57, 2.77], [4.71, 4.73, 4.02, 3.