[[0, 0.97, 1.7, 1.73, 1.58, 1.66, 2.14, 2.34, 1.66, 1.45, 2.32, 3.35, 4.06, 3.82, 2.71, 2.28, 2.65, 2.98, 3.33, 2.43, 1.56, 4.43, 6.03, 7.16, 6.82, 6.45, 7.01, 7.95, 8.24, 7.65, 6.75, 7.3, 7.13, 7.14, 7.41, 8.02, 8.36, 8.26, 8.613, 9.173, 9.421, 9.021, 8.806, 8.651, 8.896, 9.526, 9.143, 8.813, 7.884, 6.969, 7.03, 7.52, 7.711, 7.521, 6.66, 4.78, 3.96, 3.74, 5.62, 8.33, 8.578, 7.64, 7.52, 7.19, 4.71, 4.5, 5.31, 5.41, 5.06, 4.01, 5.11, 5.3, 5.4, 5.05, 4.67, 4.18, 3.48, 3.51, 4.5, 5.4, 4.95, 4.31, 3.93, 3.87, 4.4, 4.85], [0.97, 0, 0.87, 1.1, 1.27, 1.51, 1.71, 1.99, 1.91, 1.52, 1.81, 2.76, 3.43, 3.19, 2.1, 2.01, 2.4, 2.61, 2.7, 2.1, 2.07, 5.06, 6.68, 7.809, 7.469, 7.099, 7.659, 8.6, 8.97, 8.4, 7.42, 8.01, 7.86, 7.87, 8.14, 8.73, 9.09, 8.97, 9.243, 9.823, 10.068, 9.668, 9.454, 9.29, 9.552, 10.222, 9.822, 9.452, 8.594, 7.682, 7.752, 8.17, 8.324, 8.188, 7.31, 5.53, 4.59, 4.31, 6.23, 8.98, 9.225, 8.25, 8.11, 7.78, 5.3, 5.11, 5.92, 6.0, 5.61, 4.58, 5.74, 5.97, 6.05, 5.7, 5.34, 4.73, 3.89, 4.08, 5.19, 6.05, 5.64, 5.0, 4.58, 4.46, 5.09, 5.56], [1.7, 0.87, 0, 0.77, 1.28, 1.54, 1.64, 2.14, 2.4, 1.67, 1.68, 2.37, 2.94, 2.72, 1.87, 2.02, 2.29, 2.38, 2.31, 1.93, 2.6, 5.57, 7.21, 8.32, 7.98, 7.61, 8.17, 9.11, 9.48, 8.95, 7.95, 8.58, 8.43, 8.46, 8.71, 9.3, 9.66, 9.5, 9.762, 10.342, 10.592, 10.192, 9.927, 9.78, 10.142, 10.792, 10.372, 10.002, 9.144, 8.22, 8.29, 8.692, 8.817, 8.704, 7.84, 6.14, 5.12, 4.74, 6.74, 9.486, 9.732, 8.76, 8.6, 8.27, 5.77, 5.58, 6.41, 6.51, 6.12, 5.09, 6.25, 6.46, 6.56, 6.21, 5.87, 5.26, 4.4, 4.59, 5.72, 6.54, 6.15, 5.55, 5.11, 4.99, 5.62, 6.11], [1.73, 1.1, 0.77, 0, 0.91, 1.41, 1.79, 2.41, 2.39, 1.88, 1.83, 2.54, 3.03, 2.87, 2.1, 2.25, 2.48, 2.39, 2.36, 1.96, 2.65, 5.62, 7.14, 8.25, 7.91, 7.58, 8.16, 9.04, 9.29, 8.8, 7.88, 8.49, 8.36, 8.39, 8.64, 9.23, 9.55, 9.421, 9.778, 10.338, 10.568, 10.188, 9.977, 9.83, 10.16, 10.73, 10.367, 10.017, 8.96, 8.09, 8.08, 8.604, 8.767, 8.674, 7.93, 6.01, 5.07, 4.69, 6.77, 9.46, 9.679, 8.71, 8.53, 8.2, 5.72, 5.51, 6.4, 6.5, 6.17, 5.14, 6.26, 6.41, 6.51, 6.16, 5.74, 5.21, 4.49, 4.7, 5.61, 6.57, 6.18, 5.44, 4.96, 4.84, 5.45, 5.98], [1.58, 1.27, 1.28, 0.91, 0, 0.94, 1.7, 2.38, 2.1, 1.85, 2.02, 2.47, 3.1, 2.88, 2.21, 1.96, 2.07, 1.92, 2.19, 1.45, 2.68, 5.67, 7.23, 8.34, 8.0, 7.63, 8.21, 9.13, 9.36, 8.87, 7.97, 8.6, 8.41, 8.44, 8.71, 9.32, 9.6, 9.474, 9.831, 10.391, 10.621, 10.241, 10.044, 9.9, 10.23, 10.803, 10.42, 10.05, 9.05, 8.18, 8.21, 8.697, 8.854, 8.741, 7.98, 5.98, 5.12, 4.68, 6.82, 9.51, 9.763, 8.78, 8.6, 8.27, 5.79, 5.58, 6.45, 6.55, 6.2, 5.17, 6.31, 6.48, 6.58, 6.23, 5.85, 5.28, 4.56, 4.75, 5.66, 6.52, 6.21, 5.45, 4.99, 4.83, 5.46, 5.95], [1.66, 1.51, 1.54, 1.41, 0.94, 0, 1.52, 2.18, 1.78, 1.63, 2.14, 2.67, 3.32, 3.06, 2.33, 1.76, 1.77, 2.02, 2.45, 1.67, 2.5, 5.55, 7.13, 8.24, 7.9, 7.53, 8.09, 9.03, 9.28, 8.77, 7.87, 8.46, 8.29, 8.3, 8.59, 9.22, 9.54, 9.4, 9.702, 10.262, 10.512, 10.127, 9.89, 9.74, 10.096, 10.706, 10.303, 9.953, 8.996, 8.12, 8.17, 8.62, 8.74, 8.627, 7.82, 5.84, 4.94, 4.58, 6.64, 9.406, 9.658, 8.68, 8.44, 8.11, 5.61, 5.44, 6.35, 6.39, 6.02, 4.99, 6.15, 6.36, 6.46, 6.11, 5.79, 5.18, 4.3, 4.53, 5.52, 6.36, 6.03, 5.31, 4.89, 4.67, 5.34, 5.83], [2.14, 1.71, 1.64, 1.79, 1.7, 1.52, 0, 1.18, 1.82, 1.69, 2.02, 2.03, 2.68, 2.4, 1.47, 1.46, 1.57, 1.76, 2.03, 1.73, 3.28, 6.33, 7.99, 9.1, 8.76, 8.39, 8.95, 9.886, 10.12, 9.53, 8.67, 9.24, 9.01, 9.06, 9.33, 9.94, 10.32, 10.211, 10.542, 11.122, 11.372, 10.972, 10.704, 10.554, 10.833, 11.483, 11.117, 10.747, 9.773, 8.92, 8.93, 9.434, 9.594, 9.481, 8.6, 6.62, 5.8, 5.34, 7.5, 10.266, 10.512, 9.56, 9.3, 9.01, 6.37, 6.24, 7.13, 7.21, 6.8, 5.87, 7.01, 7.22, 7.32, 6.97, 6.57, 5.96, 5.18, 5.35, 6.3, 7.2, 6.83, 6.11, 5.63, 5.49, 6.12, 6.63], [2.34, 1.99, 2.14, 2.41, 2.38, 2.18, 1.18, 0, 1.34, 1.79, 2.1, 2.15, 2.6, 2.42, 1.65, 1.68, 1.97, 2.32, 2.57, 2.09, 3.44, 6.23, 7.87, 8.98, 8.64, 8.27, 8.83, 9.769, 9.999, 9.37, 8.55, 9.1, 8.85, 8.88, 9.17, 9.717, 10.125, 10.059, 10.419, 10.999, 11.252, 10.852, 10.595, 10.445, 10.715, 11.297, 10.974, 10.615, 9.627, 8.751, 8.75, 9.288, 9.451, 9.352, 8.46, 6.34, 5.7, 5.22, 7.38, 10.146, 10.395, 9.46, 9.2, 8.91, 6.27, 6.14, 7.01, 7.09, 6.7, 5.77, 6.91, 7.1, 7.22, 6.85, 6.45, 5.84, 5.08, 5.27, 6.2, 7.12, 6.71, 5.93, 5.49, 5.23, 5.84, 6.37], [1.66, 1.91, 2.4, 2.39, 2.1, 1.78, 1.82, 1.34, 0, 1.41, 2.4, 2.81, 3.34, 3.02, 2.15, 1.8, 2.11, 2.62, 3.17, 2.21, 2.58, 5.31, 6.87, 7.98, 7.64, 7.29, 7.87, 8.77, 9.0, 8.43, 7.59, 8.18, 7.97, 7.96, 8.23, 8.794, 9.182, 9.07, 9.505, 10.065, 10.275, 9.895, 9.678, 9.528, 9.818, 10.314, 10.008, 9.698, 8.618, 7.745, 7.729, 8.305, 8.462, 8.375, 7.56, 5.42, 4.76, 4.28, 6.46, 9.189, 9.406, 8.44, 8.22, 7.93, 5.37, 5.18, 6.05, 6.15, 5.8, 4.83, 5.97, 6.12, 6.22, 5.87, 5.45, 4.88, 4.16, 4.37, 5.26, 6.18, 5.79, 4.93, 4.57, 4.37, 4.88, 5.35], [1.45, 1.52, 1.67, 1.88, 1.85, 1.63, 1.69, 1.79, 1.41, 0, 1.47, 2.6, 3.27, 2.99, 2.06, 1.59, 1.92, 2.23, 2.48, 1.78, 2.51, 5.28, 6.9, 8.03, 7.69, 7.34, 7.88, 8.82, 9.05, 8.4, 7.58, 8.11, 7.88, 7.89, 8.16, 8.71, 9.12, 9.086, 9.483, 10.043, 10.291, 9.896, 9.659, 9.489, 9.725, 10.284, 9.995, 9.659, 8.633, 7.761, 7.751, 8.341, 8.503, 8.391, 7.51, 5.31, 4.75, 4.43, 6.45, 9.191, 9.448, 8.458, 8.27, 7.92, 5.48, 5.29, 6.18, 6.28, 5.97, 4.76, 5.9, 6.13, 6.23, 5.88, 5.48, 4.87, 4.05, 4.26, 5.25, 6.13, 5.76, 4.94, 4.76, 4.48, 4.85, 5.26], [2.32, 1.81, 1.68, 1.83, 2.02, 2.14, 2.02, 2.1, 2.4, 1.47, 0, 1.83, 2.5, 2.22, 1.63, 1.64, 1.99, 2.0, 2.05, 1.93, 3.08, 6.17, 7.75, 8.88, 8.54, 8.17, 8.75, 9.67, 9.9, 9.27, 8.45, 9.0, 8.79, 8.8, 9.09, 9.631, 9.996, 9.956, 10.376, 10.936, 11.146, 10.766, 10.549, 10.359, 10.618, 11.154, 10.854, 10.549, 9.489, 8.631, 8.621, 9.196, 9.359, 9.246, 8.4, 6.3, 5.66, 5.28, 7.34, 10.061, 10.303, 9.313, 9.14, 8.79, 6.31, 6.16, 7.05, 7.07, 6.76, 5.63, 6.75, 6.94, 7.04, 6.71, 6.29, 5.7, 4.9, 5.13, 6.08, 7.02, 6.61, 5.79, 5.47, 5.03, 5.6, 6.09], [3.35, 2.76, 2.37, 2.54, 2.47, 2.67, 2.03, 2.15, 2.81, 2.6, 1.83, 0, 1.13, 1.09, 1.18, 1.81, 1.82, 1.39, 1.78, 2.0, 4.59, 7.68, 9.34, 10.466, 10.126, 9.756, 10.32, 11.256, 11.486, 10.84, 10.02, 10.55, 10.28, 10.35, 10.62, 11.158, 11.572, 11.552, 11.903, 12.483, 12.725, 12.336, 12.059, 11.869, 12.137, 12.767, 12.447, 12.097, 11.108, 10.224, 10.214, 10.795, 10.938, 10.825, 9.91, 7.79, 7.21, 6.81, 8.91, 11.631, 11.882, 10.91, 10.73, 10.4, 7.88, 7.71, 8.56, 8.56, 8.19, 7.18, 8.28, 8.53, 8.63, 8.3, 7.88, 7.29, 6.45, 6.64, 7.69, 8.53, 8.1, 7.38, 6.98, 6.66, 7.19, 7.7], [4.06, 3.43, 2.94, 3.03, 3.1, 3.32, 2.68, 2.6, 3.34, 3.27, 2.5, 1.13, 0, 0.94, 1.85, 2.44, 2.47, 2.06, 2.13, 2.63, 5.32, 8.39, 10.03, 11.159, 10.819, 10.45, 11.01, 11.949, 12.179, 11.53, 10.71, 11.26, 11.01, 11.02, 11.31, 11.868, 12.279, 12.23, 12.596, 13.176, 13.429, 13.029, 12.772, 12.582, 12.87, 13.44, 13.125, 12.772, 11.79, 10.908, 10.907, 11.468, 11.631, 11.529, 10.62, 8.48, 7.88, 7.46, 9.58, 12.323, 12.575, 11.585, 11.38, 11.07, 8.51, 8.38, 9.21, 9.25, 8.86, 7.87, 9.01, 9.24, 9.34, 8.99, 8.59, 7.98, 7.16, 7.35, 8.38, 9.24, 8.81, 8.01, 7.67, 7.33, 7.9, 8.41], [3.82, 3.19, 2.72, 2.87, 2.88, 3.06, 2.4, 2.42, 3.02, 2.99, 2.22, 1.09, 0.94, 0, 1.23, 1.92, 1.89, 1.62, 1.77, 2.31, 4.98, 8.15, 9.81, 10.936, 10.596, 10.226, 10.786, 11.725, 11.955, 11.31, 10.49, 10.996, 10.67, 10.76, 10.97, 11.468, 11.99, 11.986, 12.343, 12.932, 13.194, 12.794, 12.521, 12.331, 12.561, 13.188, 12.888, 12.538, 11.538, 10.665, 10.655, 11.226, 11.389, 11.294, 10.38, 8.22, 7.64, 7.24, 9.34, 12.088, 12.351, 11.38, 11.16, 10.85, 8.31, 8.12, 8.99, 8.99, 8.62, 7.63, 8.79, 9.0, 9.1, 8.77, 8.35, 7.76, 6.94, 7.11, 8.12, 9.0, 8.57, 7.73, 7.41, 7.07, 7.58, 8.09], [2.71, 2.1, 1.87, 2.1, 2.21, 2.33, 1.47, 1.65, 2.15, 2.06, 1.63, 1.18, 1.85, 1.23, 0, 1.05, 1.3, 1.27, 1.46, 1.74, 3.91, 7.04, 8.7, 9.826, 9.486, 9.116, 9.676, 10.616, 10.85, 10.2, 9.38, 9.89, 9.56, 9.65, 9.88, 10.387, 10.892, 10.859, 11.248, 11.822, 12.085, 11.685, 11.413, 11.223, 11.453, 12.058, 11.778, 11.433, 10.428, 9.555, 9.565, 10.119, 10.282, 10.185, 9.27, 7.13, 6.55, 6.09, 8.25, 10.979, 11.242, 10.27, 10.07, 9.78, 7.2, 7.05, 7.86, 7.9, 7.47, 6.54, 7.7, 7.91, 8.01, 7.68, 7.24, 6.67, 5.85, 6.02, 7.03, 7.89, 7.48, 6.64, 6.34, 6.04, 6.55, 7.06], [2.28, 2.01, 2.02, 2.25, 1.96, 1.76, 1.46, 1.68, 1.8, 1.59, 1.64, 1.81, 2.44, 1.92, 1.05, 0, 0.71, 1.18, 1.65, 1.45, 3.4, 6.55, 8.21, 9.336, 8.996, 8.626, 9.186, 10.122, 10.356, 9.71, 8.89, 9.396, 9.066, 9.16, 9.35, 9.874, 10.402, 10.384, 10.728, 11.322, 11.591, 11.191, 10.918, 10.728, 10.958, 11.588, 11.288, 10.938, 9.938, 9.065, 9.055, 9.624, 9.786, 9.691, 8.78, 6.62, 6.06, 5.6, 7.76, 10.489, 10.748, 9.78, 9.56, 9.25, 6.67, 6.54, 7.37, 7.41, 7.0, 6.05, 7.19, 7.42, 7.52, 7.17, 6.77, 6.16, 5.34, 5.51, 6.56, 7.4, 6.97, 6.15, 5.83, 5.47, 6.0, 6.51], [2.65, 2.4, 2.29, 2.48, 2.07, 1.77, 1.57, 1.97, 2.11, 1.92, 1.99, 1.82, 2.47, 1.89, 1.3, 0.71, 0, 1.01, 1.5, 1.44, 3.59, 6.76, 8.44, 9.563, 9.223, 8.853, 9.413, 10.352, 10.583, 9.94, 9.12, 9.63, 9.279, 9.39, 9.58, 10.087, 10.629, 10.614, 10.964, 11.554, 11.821, 11.421, 11.129, 10.961, 11.191, 11.815, 11.515, 11.165, 10.165, 9.292, 9.302, 9.854, 10.016, 9.921, 8.99, 6.85, 6.27, 5.83, 7.97, 10.715, 10.978, 9.969, 9.77, 9.46, 6.86, 6.75, 7.6, 7.62, 7.21, 6.26, 7.4, 7.63, 7.73, 7.4, 6.98, 6.39, 5.55, 5.72, 6.75, 7.63, 7.2, 6.36, 6.02, 5.64, 6.23, 6.74], [2.98, 2.61, 2.38, 2.39, 1.92, 2.02, 1.76, 2.32, 2.62, 2.23, 2.0, 1.39, 2.06, 1.62, 1.27, 1.18, 1.01, 0, 0.97, 1.15, 4.12, 7.27, 8.95, 10.073, 9.733, 9.363, 9.923, 10.862, 11.093, 10.45, 9.63, 10.14, 9.79, 9.9, 10.09, 10.594, 11.156, 11.124, 11.489, 12.072, 12.331, 11.932, 11.641, 11.471, 11.709, 12.325, 12.025, 11.675, 10.675, 9.802, 9.812, 10.364, 10.526, 10.431, 9.5, 7.36, 6.8, 6.38, 8.5, 11.226, 11.488, 10.539, 10.34, 10.01, 7.47, 7.28, 8.13, 8.13, 7.74, 6.79, 7.89, 8.14, 8.24, 7.91, 7.49, 6.9, 6.08, 6.23, 7.28, 8.16, 7.73, 6.91, 6.55, 6.21, 6.7, 7.25], [3.33, 2.7, 2.31, 2.36, 2.19, 2.45, 2.03, 2.57, 3.17, 2.48, 2.05, 1.78, 2.13, 1.77, 1.46, 1.65, 1.5, 0.97, 0, 1.38, 4.43, 7.58, 9.28, 10.4, 10.06, 9.69, 10.25, 11.189, 11.42, 10.78, 9.96, 10.46, 10.1, 10.22, 10.42, 10.92, 11.466, 11.431, 11.807, 12.396, 12.658, 12.258, 11.951, 11.801, 12.031, 12.632, 12.351, 12.002, 11.002, 10.129, 10.119, 10.691, 10.854, 10.758, 9.81, 7.71, 7.11, 6.67, 8.81, 11.553, 11.815, 10.826, 10.61, 10.3, 7.72, 7.59, 8.44, 8.48, 8.07, 7.12, 8.26, 8.49, 8.59, 8.24, 7.84, 7.23, 6.41, 6.58, 7.61, 8.47, 8.04, 7.2, 6.88, 6.54, 7.05, 7.58], [2.43, 2.1, 1.93, 1.96, 1.45, 1.67, 1.73, 2.09, 2.21, 1.78, 1.93, 2.0, 2.63, 2.31, 1.74, 1.45, 1.44, 1.15, 1.38, 0, 3.55, 6.66, 8.32, 9.446, 9.106, 8.736, 9.296, 10.236, 10.466, 9.82, 9.0, 9.51, 9.22, 9.27, 9.513, 10.02, 10.512, 10.488, 10.873, 11.457, 11.705, 11.305, 11.036, 10.846, 11.082, 11.692, 11.398, 11.056, 10.048, 9.175, 9.165, 9.742, 9.905, 9.805, 8.89, 6.73, 6.15, 5.69, 7.87, 10.599, 10.862, 9.91, 9.67, 9.38, 6.78, 6.63, 7.459, 7.5, 7.09, 6.16, 7.3, 7.51, 7.61, 7.28, 6.86, 6.27, 5.47, 5.62, 6.63, 7.53, 7.1, 6.28, 5.92, 5.62, 6.07, 6.62], [1.56, 2.07, 2.6, 2.65, 2.68, 2.5, 3.28, 3.44, 2.58, 2.51, 3.08, 4.59, 5.32, 4.98, 3.91, 3.4, 3.59, 4.12, 4.43, 3.55, 0, 3.17, 4.85, 5.973, 5.633, 5.27, 5.823, 6.763, 7.1, 6.53, 5.57, 6.14, 5.89, 5.96, 6.15, 6.76, 7.2, 7.08, 7.402, 7.982, 8.232, 7.832, 7.561, 7.411, 7.693, 8.369, 8.0, 7.71, 6.77, 5.84, 5.93, 6.44, 6.66, 6.39, 5.44, 3.92, 2.86, 2.72, 4.44, 7.126, 7.389, 6.44, 6.32, 5.99, 3.55, 3.32, 4.17, 4.27, 3.9, 2.95, 4.05, 4.26, 4.22, 3.87, 3.51, 3.08, 2.4, 2.23, 3.36, 4.32, 3.93, 3.25, 2.91, 2.89, 3.38, 3.77], [4.43, 5.06, 5.57, 5.62, 5.67, 5.55, 6.33, 6.23, 5.31, 5.28, 6.17, 7.68, 8.39, 8.15, 7.04, 6.55, 6.76, 7.27, 7.58, 6.66, 3.17, 0, 1.82, 2.87, 2.57, 2.3, 2.78, 3.76, 4.27, 3.78, 2.72, 3.35, 3.1, 3.25, 3.52, 4.07, 4.37, 4.21, 4.41, 4.93, 5.128, 4.76, 4.56, 4.51, 5.14, 5.87, 5.45, 5.18, 4.4, 3.65, 3.74, 4.21, 4.25, 3.86, 3.01, 2.03, 1.69, 2.01, 2.09, 4.04, 4.293, 3.57, 3.49, 3.18, 2.08, 1.87, 2.0, 2.0, 1.91, 1.52, 1.98, 2.19, 2.03, 2.02, 2.12, 2.11, 2.13, 1.8, 1.39, 1.77, 1.56, 1.4, 1.42, 1.62, 1.63, 1.64], [6.03, 6.68, 7.21, 7.14, 7.23, 7.13, 7.99, 7.87, 6.87, 6.9, 7.75, 9.34, 10.03, 9.81, 8.7, 8.21, 8.44, 8.95, 9.28, 8.32, 4.85, 1.82, 0, 1.23, 1.23, 1.14, 1.42, 2.02, 2.81, 2.52, 1.94, 2.23, 2.2, 2.17, 2.24, 2.73, 2.83, 2.65, 2.89, 3.33, 3.52, 3.16, 3.28, 3.25, 4.06, 4.53, 4.23, 4.02, 3.18, 2.49, 2.52, 2.95, 2.95, 2.62, 2.11, 1.91, 2.19, 2.73, 1.27, 2.56, 2.68, 2.11, 2.05, 1.74, 2.1, 2.09, 1.68, 1.58, 1.79, 2.34, 1.88, 1.99, 1.75, 2.06, 2.04, 2.37, 2.99, 2.84, 2.05, 2.07, 2.2, 2.42, 2.66, 2.92, 2.63, 2.24], [7.16, 7.809, 8.32, 8.25, 8.34, 8.24, 9.1, 8.98, 7.98, 8.03, 8.88, 10.466, 11.159, 10.936, 9.826, 9.336, 9.563, 10.073, 10.4, 9.446, 5.973, 2.87, 1.23, 0, 0.86, 1.13, 1.21, 1.27, 2.06, 1.85, 1.83, 2.04, 2.09, 2.06, 1.93, 2.1, 2.2, 1.92, 2.04, 2.46, 2.51, 2.25, 2.73, 2.94, 3.83, 4.28, 4.0, 3.73, 2.99, 2.38, 2.37, 2.7, 2.56, 2.33, 2.14, 2.84, 3.36, 3.76, 1.94, 1.89, 1.75, 1.74, 1.54, 1.49, 2.93, 3.02, 2.37, 2.29, 2.62, 3.39, 2.67, 2.66, 2.38, 2.67, 2.89, 3.32, 4.12, 3.97, 2.98, 2.2, 2.47, 3.21, 3.57, 3.93, 3.52, 2.99], [6.82, 7.469, 7.98, 7.91, 8.0, 7.9, 8.76, 8.64, 7.64, 7.69, 8.54, 10.126, 10.819, 10.596, 9.486, 8.996, 9.223, 9.733, 10.06, 9.106, 5.633, 2.57, 1.23, 0.86, 0, 0.69, 1.11, 1.65, 2.4, 2.09, 1.41, 1.66, 1.77, 1.92, 1.87, 2.4, 2.36, 2.16, 2.38, 2.6, 2.73, 2.59, 3.01, 3.22, 4.07, 4.48, 4.22, 3.97, 3.23, 2.66, 2.63, 3.02, 2.84, 2.55, 2.44, 2.74, 3.04, 3.46, 1.76, 2.15, 2.09, 2.22, 2.0, 1.87, 2.71, 2.7, 2.21, 2.21, 2.3, 3.09, 2.79, 2.84, 2.6, 2.93, 2.87, 3.16, 3.82, 3.65, 2.7, 1.9, 2.21, 2.89, 3.23, 3.59, 3.26, 2.79], [6.45, 7.099, 7.61, 7.58, 7.63, 7.53, 8.39, 8.27, 7.29, 7.34, 8.17, 9.756, 10.45, 10.226, 9.116, 8.626, 8.853, 9.363, 9.69, 8.736, 5.27, 2.3, 1.14, 1.13, 0.69, 0, 1.18, 1.84, 2.55, 2.18, 1.38, 1.67, 1.72, 1.95, 1.88, 2.47, 2.55, 2.41, 2.51, 2.87, 3.04, 2.76, 3.06, 3.27, 4.02, 4.55, 4.25, 3.92, 3.2, 2.63, 2.64, 3.05, 2.91, 2.56, 2.37, 2.49, 2.81, 3.07, 1.79, 2.4, 2.4, 2.39, 2.29, 2.06, 2.42, 2.55, 2.14, 2.1, 2.13, 2.74, 2.66, 2.69, 2.43, 2.72, 2.76, 2.89, 3.53, 3.52, 2.65, 1.81, 2.06, 2.66, 2.98, 3.32, 2.93, 2.5], [7.01, 7.659, 8.17, 8.16, 8.21, 8.09, 8.95, 8.83, 7.87, 7.88, 8.75, 10.32, 11.01, 10.786, 9.676, 9.186, 9.413, 9.923, 10.25, 9.296, 5.823, 2.78, 1.42, 1.21, 1.11, 1.18, 0, 1.32, 2.15, 1.78, 1.34, 1.57, 1.62, 1.59, 1.64, 1.83, 2.09, 1.87, 1.97, 2.33, 2.5, 2.2, 2.6, 2.61, 3.46, 3.99, 3.67, 3.42, 2.64, 2.27, 2.34, 2.57, 2.41, 2.14, 2.01, 2.93, 3.27, 3.65, 1.79, 1.9, 1.82, 1.65, 1.61, 1.7, 2.96, 2.93, 2.38, 2.42, 2.45, 3.2, 2.96, 3.09, 2.73, 3.04, 3.18, 3.33, 3.99, 3.92, 3.03, 2.45, 2.64, 3.2, 3.58, 3.84, 3.43, 2.94], [7.95, 8.6, 9.11, 9.04, 9.13, 9.03, 9.886, 9.769, 8.77, 8.82, 9.67, 11.256, 11.949, 11.725, 10.616, 10.122, 10.352, 10.862, 11.189, 10.236, 6.763, 3.76, 2.02, 1.27, 1.65, 1.84, 1.32, 0, 1.15, 1.18, 1.42, 1.53, 1.66, 1.61, 1.56, 1.47, 1.43, 1.13, 1.41, 1.85, 1.88, 1.62, 2.24, 2.33, 3.18, 3.53, 3.33, 3.04, 2.38, 2.25, 2.24, 2.29, 2.39, 2.08, 2.13, 3.55, 4.11, 4.57, 2.61, 1.58, 1.3, 1.53, 1.51, 1.66, 3.96, 4.01, 3.34, 3.22, 3.57, 4.32, 3.3, 3.39, 3.19, 3.5, 3.6, 4.15, 4.85, 4.66, 3.65, 2.75, 3.18, 4.0, 4.36, 4.72, 4.25, 3.72], [8.24, 8.97, 9.48, 9.29, 9.36, 9.28, 10.12, 9.999, 9.0, 9.05, 9.9, 11.486, 12.179, 11.955, 10.85, 10.356, 10.583, 11.093, 11.42, 10.466, 7.1, 4.27, 2.81, 2.06, 2.4, 2.55, 2.15, 1.15, 0, 0.83, 1.77, 1.7, 1.73, 1.6, 1.51, 1.46, 1.3, 1.3, 1.66, 1.96, 1.85, 1.71, 2.33, 2.3, 2.95, 3.38, 3.16, 2.81, 2.29, 2.38, 2.41, 2.52, 2.58, 2.29, 2.32, 3.84, 4.42, 5.12, 3.44, 2.05, 1.99, 2.14, 2.0, 2.41, 4.61, 4.82, 4.21, 4.11, 4.42, 4.87, 3.95, 3.96, 3.8, 3.99, 4.25, 4.86, 5.46, 5.23, 4.02, 3.18, 3.49, 4.25, 4.63, 4.97, 4.66, 4.13], [7.65, 8.4, 8.95, 8.8, 8.87, 8.77, 9.53, 9.37, 8.43, 8.4, 9.27, 10.84, 11.53, 11.31, 10.2, 9.71, 9.94, 10.45, 10.78, 9.82, 6.53, 3.78, 2.52, 1.85, 2.09, 2.18, 1.78, 1.18, 0.83, 0, 1.32, 1.31, 1.34, 1.27, 1.28, 1.29, 1.27, 1.27, 1.65, 2.01, 2.2, 2.02, 2.44, 2.51, 3.14, 3.69, 3.49, 3.08, 2.46, 2.41, 2.46, 2.65, 2.71, 2.54, 2.29, 3.17, 3.97, 4.77, 3.01, 2.2, 2.08, 2.15, 2.09, 2.5, 4.3, 4.53, 3.88, 3.82, 4.05, 4.46, 3.88, 3.99, 3.77, 3.92, 3.9, 4.35, 4.99, 4.86, 3.53, 2.75, 2.9, 3.7, 4.12, 4.36, 4.07, 3.52], [6.75, 7.42, 7.95, 7.88, 7.97, 7.87, 8.67, 8.55, 7.59, 7.58, 8.45, 10.02, 10.71, 10.49, 9.38, 8.89, 9.12, 9.63, 9.96, 9.0, 5.57, 2.72, 1.94, 1.83, 1.41, 1.38, 1.34, 1.42, 1.77, 1.32, 0, 1.07, 1.1, 1.43, 1.48, 1.81, 1.93, 1.83, 2.19, 2.59, 2.8, 2.6, 2.92, 2.99, 3.74, 4.29, 4.09, 3.64, 2.96, 2.79, 2.84, 3.01, 3.09, 2.72, 2.53, 2.93, 3.13, 3.59, 2.49, 2.54, 2.44, 2.37, 2.21, 2.34, 3.32, 3.31, 3.06, 2.98, 2.95, 3.42, 3.38, 3.57, 3.39, 3.64, 3.38, 3.43, 3.91, 4.0, 2.65, 1.83, 2.04, 2.8, 3.18, 3.52, 3.17, 2.62], [7.3, 8.01, 8.58, 8.49, 8.6, 8.46, 9.24, 9.1, 8.18, 8.11, 9.0, 10.55, 11.26, 10.996, 9.89, 9.396, 9.63, 10.14, 10.46, 9.51, 6.14, 3.35, 2.23, 2.04, 1.66, 1.67, 1.57, 1.53, 1.7, 1.31, 1.07, 0, 0.87, 0.98, 1.09, 1.46, 1.46, 1.56, 1.8, 2.04, 2.29, 2.25, 2.47, 2.68, 3.43, 3.76, 3.68, 3.45, 2.93, 2.84, 2.75, 3.04, 3.1, 2.75, 2.64, 3.18, 3.82, 4.22, 2.6, 2.51, 2.45, 2.52, 2.56, 2.77, 3.93, 3.86, 3.47, 3.45, 3.44, 4.05, 3.73, 3.9, 3.68, 3.95, 3.69, 3.8, 4.54, 4.53, 3.38, 2.58, 2.81, 3.53, 3.89, 4.15, 3.84, 3.31], [7.13, 7.86, 8.43, 8.36, 8.41, 8.29, 9.01, 8.85, 7.97, 7.88, 8.79, 10.28, 11.01, 10.67, 9.56, 9.066, 9.279, 9.79, 10.1, 9.22, 5.89, 3.1, 2.2, 2.09, 1.77, 1.72, 1.62, 1.66, 1.73, 1.34, 1.1, 0.87, 0, 0.79, 0.94, 1.31, 1.61, 1.79, 2.01, 2.39, 2.596, 2.6, 2.52, 2.79, 3.38, 3.83, 3.75, 3.46, 2.82, 2.73, 2.66, 2.99, 3.05, 2.72, 2.43, 2.89, 3.57, 4.09, 2.61, 2.6, 2.5, 2.47, 2.51, 2.7, 3.84, 3.85, 3.48, 3.46, 3.45, 3.92, 3.68, 3.87, 3.61, 3.84, 3.64, 3.73, 4.39, 4.34, 3.17, 2.43, 2.62, 3.28, 3.72, 3.96, 3.61, 3.12], [7.14, 7.87, 8.46, 8.39, 8.44, 8.3, 9.06, 8.88, 7.96, 7.89, 8.8, 10.35, 11.02, 10.76, 9.65, 9.16, 9.39, 9.9, 10.22, 9.27, 5.96, 3.25, 2.17, 2.06, 1.92, 1.95, 1.59, 1.61, 1.6, 1.27, 1.43, 0.98, 0.79, 0, 0.69, 1.24, 1.4, 1.54, 1.82, 2.233, 2.458, 2.31, 2.17, 2.44, 3.07, 3.38, 3.34, 3.13, 2.57, 2.52, 2.49, 2.76, 2.84, 2.49, 2.3, 2.76, 3.58, 4.16, 2.42, 2.63, 2.47, 2.28, 2.38, 2.59, 3.85, 3.88, 3.39, 3.39, 3.48, 3.93, 3.47, 3.68, 3.34, 3.63, 3.43, 3.84, 4.46, 4.25, 3.3, 2.72, 2.81, 3.37, 3.79, 3.97, 3.74, 3.29], [7.41, 8.14, 8.71, 8.64, 8.71, 8.59, 9.33, 9.17, 8.23, 8.16, 9.09, 10.62, 11.31, 10.97, 9.88, 9.35, 9.58, 10.09, 10.42, 9.513, 6.15, 3.52, 2.24, 1.93, 1.87, 1.88, 1.64, 1.56, 1.51, 1.28, 1.48, 1.09, 0.94, 0.69, 0, 1.13, 1.29, 1.39, 1.63, 2.11, 2.32, 2.1, 2.16, 2.41, 3.08, 3.43, 3.41, 3.18, 2.6, 2.61, 2.52, 2.79, 2.87, 2.46, 2.29, 3.03, 3.79, 4.33, 2.53, 2.46, 2.26, 2.21, 2.39, 2.5, 3.96, 4.01, 3.32, 3.32, 3.49, 4.2, 3.62, 3.79, 3.53, 3.74, 3.58, 3.91, 4.63, 4.46, 3.45, 2.81, 2.94, 3.54, 3.98, 4.24, 3.85, 3.4], [8.02, 8.73, 9.3, 9.23, 9.32, 9.22, 9.94, 9.717, 8.794, 8.71, 9.631, 11.158, 11.868, 11.468, 10.387, 9.874, 10.087, 10.594, 10.92, 10.02, 6.76, 4.07, 2.73, 2.1, 2.4, 2.47, 1.83, 1.47, 1.46, 1.29, 1.81, 1.46, 1.31, 1.24, 1.13, 0, 1.0, 1.04, 1.26, 1.76, 2.03, 1.93, 2.13, 2.28, 2.91, 3.28, 3.24, 3.03, 2.67, 2.8, 2.75, 2.88, 3.08, 2.79, 2.62, 3.62, 4.38, 4.98, 3.08, 2.69, 2.33, 2.16, 2.4, 2.55, 4.47, 4.64, 3.91, 3.81, 4.12, 4.77, 4.17, 4.3, 4.06, 4.29, 4.21, 4.6, 5.24, 5.07, 3.84, 3.28, 3.41, 4.09, 4.53, 4.77, 4.18, 3.65], [8.36, 9.09, 9.66, 9.55, 9.6, 9.54, 10.32, 10.125, 9.182, 9.12, 9.996, 11.572, 12.279, 11.99, 10.892, 10.402, 10.629, 11.156, 11.466, 10.512, 7.2, 4.37, 2.83, 2.2, 2.36, 2.55, 2.09, 1.43, 1.3, 1.27, 1.93, 1.46, 1.61, 1.4, 1.29, 1.0, 0, 0.66, 1.1, 1.26, 1.55, 1.51, 1.95, 2.12, 2.87, 3.08, 3.02, 3.09, 2.77, 2.84, 2.77, 2.88, 3.1, 2.77, 2.78, 3.94, 4.7, 5.24, 3.24, 2.31, 1.99, 2.1, 2.34, 2.57, 4.73, 4.78, 4.05, 3.97, 4.3, 5.07, 4.21, 4.38, 4.12, 4.39, 4.29, 4.72, 5.42, 5.29, 4.1, 3.5, 3.65, 4.37, 4.79, 5.112, 4.58, 4.05], [8.26, 8.97, 9.5, 9.421, 9.474, 9.4, 10.211, 10.059, 9.07, 9.086, 9.956, 11.552, 12.23, 11.986, 10.859, 10.384, 10.614, 11.124, 11.431, 10.488, 7.08, 4.21, 2.65, 1.92, 2.16, 2.41, 1.87, 1.13, 1.3, 1.27, 1.83, 1.56, 1.79, 1.54, 1.39, 1.04, 0.66, 0, 0.86, 1.26, 1.45, 1.27, 1.83, 1.92, 2.73, 3.0, 2.84, 2.71, 2.37, 2.6, 2.59, 2.54, 2.8, 2.53, 2.58, 3.92, 4.52, 5.06, 3.0, 1.95, 1.63, 1.78, 2.08, 2.35, 4.55, 4.58, 3.79, 3.69, 4.04, 4.89, 3.97, 4.1, 3.86, 4.15, 4.11, 4.56, 5.28, 5.13, 3.98, 3.32, 3.51, 4.33, 4.69, 5.029, 4.54, 3.99], [8.613, 9.243, 9.762, 9.778, 9.831, 9.702, 10.542, 10.419, 9.505, 9.483, 10.376, 11.903, 12.596, 12.343, 11.248, 10.728, 10.964, 11.489, 11.807, 10.873, 7.402, 4.41, 2.89, 2.04, 2.38, 2.51, 1.97, 1.41, 1.66, 1.65, 2.19, 1.8, 2.01, 1.82, 1.63, 1.26, 1.1, 0.86, 0, 0.86, 1.25, 1.05, 1.39, 1.6, 2.55, 2.84, 2.72, 2.61, 2.67, 2.96, 2.95, 2.78, 2.96, 2.65, 2.8, 4.26, 4.84, 5.32, 3.26, 2.11, 1.65, 1.86, 2.38, 2.59, 4.71, 4.78, 3.99, 3.93, 4.2, 5.007, 4.23, 4.32, 4.12, 4.37, 4.47, 4.84, 5.54, 5.43, 4.48, 3.58, 3.95, 4.789, 5.15, 5.452, 4.98, 4.43], [9.173, 9.823, 10.342, 10.338, 10.391, 10.262, 11.122, 10.999, 10.065, 10.043, 10.936, 12.483, 13.176, 12.932, 11.822, 11.322, 11.554, 12.072, 12.396, 11.457, 7.982, 4.93, 3.33, 2.46, 2.6, 2.87, 2.33, 1.85, 1.96, 2.01, 2.59, 2.04, 2.39, 2.233, 2.11, 1.76, 1.26, 1.26, 0.86, 0, 0.73, 1.19, 1.63, 1.88, 2.81, 2.98, 2.86, 2.97, 3.19, 3.48, 3.47, 3.28, 3.36, 3.07, 3.32, 4.78, 5.348, 5.831, 3.72, 2.13, 1.87, 2.24, 2.64, 2.95, 5.15, 5.14, 4.29, 4.23, 4.54, 5.387, 4.57, 4.64, 4.4, 4.67, 4.87, 5.32, 6.062, 5.949, 4.942, 4.04, 4.45, 5.289, 5.655, 6.012, 5.559, 5.01], [9.421, 10.068, 10.592, 10.568, 10.621, 10.512, 11.372, 11.252, 10.275, 10.291, 11.146, 12.725, 13.429, 13.194, 12.085, 11.591, 11.821, 12.331, 12.658, 11.705, 8.232, 5.128, 3.52, 2.51, 2.73, 3.04, 2.5, 1.88, 1.85, 2.2, 2.8, 2.29, 2.596, 2.458, 2.32, 2.03, 1.55, 1.45, 1.25, 0.73, 0, 1.08, 1.7, 1.77, 2.7, 2.83, 2.71, 2.76, 2.98, 3.35, 3.36, 3.17, 3.17, 2.96, 3.29, 4.981, 5.598, 6.041, 3.93, 1.86, 1.66, 2.33, 2.63, 2.94, 5.32, 5.23, 4.38, 4.32, 4.69, 5.632, 4.52, 4.51, 4.29, 4.62, 4.98, 5.51, 6.312, 6.119, 5.152, 4.25, 4.7, 5.539, 5.865, 6.222, 5.809, 5.26], [9.021, 9.668, 10.192, 10.188, 10.241, 10.127, 10.972, 10.852, 9.895, 9.896, 10.766, 12.336, 13.029, 12.794, 11.685, 11.191, 11.421, 11.932, 12.258, 11.305, 7.832, 4.76, 3.16, 2.25, 2.59, 2.76, 2.2, 1.62, 1.71, 2.02, 2.6, 2.25, 2.6, 2.31, 2.1, 1.93, 1.51, 1.27, 1.05, 1.19, 1.08, 0, 1.12, 1.17, 2.04, 2.33, 2.17, 2.16, 2.36, 2.79, 2.8, 2.55, 2.63, 2.4, 2.75, 4.646, 5.207, 5.71, 3.59, 1.68, 1.32, 2.01, 2.45, 2.74, 5.02, 5.01, 4.26, 4.18, 4.49, 5.352, 4.26, 4.31, 4.07, 4.42, 4.68, 5.19, 5.93, 5.76, 4.87, 4.09, 4.4, 5.159, 5.52, 5.862, 5.47, 4.96], [8.806, 9.454, 9.927, 9.977, 10.044, 9.89, 10.704, 10.595, 9.678, 9.659, 10.549, 12.059, 12.772, 12.521, 11.413, 10.918, 11.129, 11.641, 11.951, 11.036, 7.561, 4.56, 3.28, 2.73, 3.01, 3.06, 2.6, 2.24, 2.33, 2.44, 2.92, 2.47, 2.52, 2.17, 2.16, 2.13, 1.95, 1.83, 1.39, 1.63, 1.7, 1.12, 0, 0.83, 1.54, 1.91, 1.87, 1.84, 2.16, 2.69, 2.74, 2.41, 2.49, 2.26, 2.59, 4.43, 5.03, 5.57, 3.71, 2.14, 1.8, 2.23, 2.91, 3.2, 5.08, 5.11, 4.56, 4.46, 4.73, 5.2, 4.38, 4.45, 4.21, 4.44, 4.6, 5.17, 5.83, 5.56, 4.91, 4.25, 4.5, 5.2, 5.5, 5.82, 5.55, 5.12], [8.651, 9.29, 9.78, 9.83, 9.9, 9.74, 10.554, 10.445, 9.528, 9.489, 10.359, 11.869, 12.582, 12.331, 11.223, 10.728, 10.961, 11.471, 11.801, 10.846, 7.411, 4.51, 3.25, 2.94, 3.22, 3.27, 2.61, 2.33, 2.3, 2.51, 2.99, 2.68, 2.79, 2.44, 2.41, 2.28, 2.12, 1.92, 1.6, 1.88, 1.77, 1.17, 0.83, 0, 1.13, 1.64, 1.46, 1.49, 1.75, 2.24, 2.27, 2.02, 2.16, 1.99, 2.28, 4.22, 4.84, 5.46, 3.58, 2.11, 1.83, 2.28, 2.86, 3.17, 4.83, 5.02, 4.41, 4.33, 4.56, 5.082, 4.03, 4.08, 3.88, 4.11, 4.33, 4.96, 5.68, 5.382, 4.68, 4.34, 4.51, 5.13, 5.49, 5.71, 5.38, 4.95], [8.896, 9.552, 10.142, 10.16, 10.23, 10.096, 10.833, 10.715, 9.818, 9.725, 10.618, 12.137, 12.87, 12.561, 11.453, 10.958, 11.191, 11.709, 12.031, 11.082, 7.693, 5.14, 4.06, 3.83, 4.07, 4.02, 3.46, 3.18, 2.95, 3.14, 3.74, 3.43, 3.38, 3.07, 3.08, 2.91, 2.87, 2.73, 2.55, 2.81, 2.7, 2.04, 1.54, 1.13, 0, 1.03, 0.95, 1.14, 1.66, 2.33, 2.42, 1.99, 2.15, 2.12, 2.51, 4.47, 5.27, 6.03, 4.19, 2.88, 2.68, 3.13, 3.73, 4.04, 5.54, 5.65, 5.16, 5.06, 5.29, 5.575, 4.64, 4.45, 4.39, 4.552, 4.82, 5.41, 6.19, 5.92, 5.27, 5.13, 5.22, 5.72, 6.08, 6.22, 5.89, 5.5], [9.526, 10.222, 10.792, 10.73, 10.803, 10.706, 11.483, 11.297, 10.314, 10.284, 11.154, 12.767, 13.44, 13.188, 12.058, 11.588, 11.815, 12.325, 12.632, 11.692, 8.369, 5.87, 4.53, 4.28, 4.48, 4.55, 3.99, 3.53, 3.38, 3.69, 4.29, 3.76, 3.83, 3.38, 3.43, 3.28, 3.08, 3.0, 2.84, 2.98, 2.83, 2.33, 1.91, 1.64, 1.03, 0, 0.68, 1.17, 1.93, 2.68, 2.69, 2.24, 2.4, 2.41, 3.1, 5.04, 6.06, 6.68, 4.82, 3.31, 3.09, 3.74, 4.34, 4.61, 6.27, 6.12, 5.77, 5.63, 5.9, 6.188, 4.99, 4.858, 4.82, 5.05, 5.33, 5.98, 6.92, 6.53, 6.06, 5.9, 5.97, 6.37, 6.79, 6.89, 6.64, 6.23], [9.143, 9.822, 10.372, 10.367, 10.42, 10.303, 11.117, 10.974, 10.008, 9.995, 10.854, 12.447, 13.125, 12.888, 11.778, 11.288, 11.515, 12.025, 12.351, 11.398, 8.0, 5.45, 4.23, 4.0, 4.22, 4.25, 3.67, 3.33, 3.16, 3.49, 4.09, 3.68, 3.75, 3.34, 3.41, 3.24, 3.02, 2.84, 2.72, 2.86, 2.71, 2.17, 1.87, 1.46, 0.95, 0.68, 0, 0.95, 1.67, 2.34, 2.37, 1.88, 2.02, 2.01, 2.78, 4.82, 5.62, 6.28, 4.54, 3.03, 2.83, 3.44, 3.94, 4.27, 5.87, 5.82, 5.49, 5.27, 5.58, 5.79, 4.59, 4.42, 4.44, 4.67, 5.05, 5.6, 6.58, 6.15, 5.8, 5.6, 5.67, 6.13, 6.49, 6.65, 6.38, 5.99], [8.813, 9.452, 10.002, 10.017, 10.05, 9.953, 10.747, 10.615, 9.698, 9.659, 10.549, 12.097, 12.772, 12.538, 11.433, 10.938, 11.165, 11.675, 12.002, 11.056, 7.71, 5.18, 4.02, 3.73, 3.97, 3.92, 3.42, 3.04, 2.81, 3.08, 3.64, 3.45, 3.46, 3.13, 3.18, 3.03, 3.09, 2.71, 2.61, 2.97, 2.76, 2.16, 1.84, 1.49, 1.14, 1.17, 0.95, 0, 1.3, 2.13, 2.22, 1.69, 1.83, 1.88, 2.41, 4.47, 5.23, 6.01, 4.39, 2.8, 2.6, 3.17, 3.77, 4.1, 5.66, 5.65, 5.36, 5.16, 5.43, 5.46, 4.46, 4.31, 4.33, 4.48, 4.92, 5.53, 6.31, 5.98, 5.43, 4.97, 5.12, 5.74, 6.04, 6.26, 6.01, 5.62], [7.884, 8.594, 9.144, 8.96, 9.05, 8.996, 9.773, 9.627, 8.618, 8.633, 9.489, 11.108, 11.79, 11.538, 10.428, 9.938, 10.165, 10.675, 11.002, 10.048, 6.77, 4.4, 3.18, 2.99, 3.23, 3.2, 2.64, 2.38, 2.29, 2.46, 2.96, 2.93, 2.82, 2.57, 2.6, 2.67, 2.77, 2.37, 2.67, 3.19, 2.98, 2.36, 2.16, 1.75, 1.66, 1.93, 1.67, 1.3, 0, 1.09, 1.18, 0.91, 1.21, 1.18, 1.73, 3.47, 4.39, 5.07, 3.55, 2.28, 2.18, 2.55, 2.93, 3.26, 4.76, 4.69, 4.5, 4.34, 4.59, 4.58, 3.54, 3.39, 3.37, 3.54, 3.9, 4.59, 5.47, 5.06, 4.55, 4.35, 4.4, 4.84, 5.22, 5.34, 5.13, 4.76], [6.969, 7.682, 8.22, 8.09, 8.18, 8.12, 8.92, 8.751, 7.745, 7.761, 8.631, 10.224, 10.908, 10.665, 9.555, 9.065, 9.292, 9.802, 10.129, 9.175, 5.84, 3.65, 2.49, 2.38, 2.66, 2.63, 2.27, 2.25, 2.38, 2.41, 2.79, 2.84, 2.73, 2.52, 2.61, 2.8, 2.84, 2.6, 2.96, 3.48, 3.35, 2.79, 2.69, 2.24, 2.33, 2.68, 2.34, 2.13, 1.09, 0, 0.57, 0.84, 1.08, 0.97, 0.98, 2.68, 3.56, 4.26, 2.8, 2.19, 2.47, 2.38, 2.48, 2.57, 3.87, 3.9, 3.77, 3.53, 3.78, 3.69, 2.69, 2.56, 2.58, 2.65, 3.07, 3.7, 4.6, 4.25, 3.84, 3.8, 3.79, 4.19, 4.51, 4.71, 4.46, 4.09], [7.03, 7.752, 8.29, 8.08, 8.21, 8.17, 8.93, 8.75, 7.729, 7.751, 8.621, 10.214, 10.907, 10.655, 9.565, 9.055, 9.302, 9.812, 10.119, 9.165, 5.93, 3.74, 2.52, 2.37, 2.63, 2.64, 2.34, 2.24, 2.41, 2.46, 2.84, 2.75, 2.66, 2.49, 2.52, 2.75, 2.77, 2.59, 2.95, 3.47, 3.36, 2.8, 2.74, 2.27, 2.42, 2.69, 2.37, 2.22, 1.18, 0.57, 0, 0.79, 1.07, 0.94, 1.07, 2.73, 3.63, 4.29, 2.85, 2.24, 2.4, 2.41, 2.55, 2.56, 3.92, 3.93, 3.82, 3.58, 3.83, 3.74, 2.64, 2.53, 2.61, 2.76, 3.06, 3.73, 4.65, 4.32, 3.89, 3.85, 3.8, 4.22, 4.56, 4.7, 4.47, 4.1], [7.52, 8.17, 8.692, 8.604, 8.697, 8.62, 9.434, 9.288, 8.305, 8.341, 9.196, 10.795, 11.468, 11.226, 10.119, 9.624, 9.854, 10.364, 10.691, 9.742, 6.44, 4.21, 2.95, 2.7, 3.02, 3.05, 2.57, 2.29, 2.52, 2.65, 3.01, 3.04, 2.99, 2.76, 2.79, 2.88, 2.88, 2.54, 2.78, 3.28, 3.17, 2.55, 2.41, 2.02, 1.99, 2.24, 1.88, 1.69, 0.91, 0.84, 0.79, 0, 0.76, 1.01, 1.46, 3.42, 4.08, 4.72, 3.28, 2.21, 2.23, 2.52, 2.78, 3.01, 4.37, 4.38, 4.25, 4.01, 4.26, 4.17, 3.03, 2.86, 3.02, 3.17, 3.55, 4.18, 5.06, 4.75, 4.44, 4.24, 4.31, 4.81, 5.15, 5.33, 5.1, 4.73], [7.711, 8.324, 8.817, 8.767, 8.854, 8.74, 9.594, 9.451, 8.462, 8.503, 9.359, 10.938, 11.631, 11.389, 10.282, 9.786, 10.016, 10.526, 10.854, 9.905, 6.66, 4.25, 2.95, 2.56, 2.84, 2.91, 2.41, 2.39, 2.58, 2.71, 3.09, 3.1, 3.05, 2.84, 2.87, 3.08, 3.1, 2.8, 2.96, 3.36, 3.17, 2.63, 2.49, 2.16, 2.15, 2.4, 2.02, 1.83, 1.21, 1.08, 1.07, 0.76, 0, 0.77, 1.62, 3.62, 4.18, 4.68, 3.32, 2.39, 2.29, 2.68, 2.7, 2.89, 4.17, 4.18, 4.11, 3.89, 4.12, 4.07, 3.09, 2.82, 2.92, 3.07, 3.65, 4.22, 5.1, 4.79, 4.6, 4.36, 4.49, 4.99, 5.33, 5.49, 5.26, 4.89], [7.521, 8.188, 8.704, 8.674, 8.741, 8.627, 9.481, 9.352, 8.375, 8.391, 9.246, 10.825, 11.529, 11.294, 10.185, 9.691, 9.921, 10.431, 10.758, 9.805, 6.39, 3.86, 2.62, 2.33, 2.55, 2.56, 2.14, 2.08, 2.29, 2.54, 2.72, 2.75, 2.72, 2.49, 2.46, 2.79, 2.77, 2.53, 2.65, 3.07, 2.96, 2.4, 2.26, 1.99, 2.12, 2.41, 2.01, 1.88, 1.18, 0.97, 0.94, 1.01, 0.77, 0, 1.25, 3.29, 3.87, 4.41, 2.91, 2.12, 2.12, 2.29, 2.39, 2.56, 3.92, 3.91, 3.72, 3.48, 3.71, 3.88, 2.9, 2.63, 2.53, 2.74, 3.32, 3.91, 4.77, 4.44, 4.21, 3.97, 4.16, 4.68, 5.0, 5.16, 4.89, 4.5], [6.66, 7.31, 7.84, 7.93, 7.98, 7.82, 8.6, 8.46, 7.56, 7.51, 8.4, 9.91, 10.62, 10.38, 9.27, 8.78, 8.99, 9.5, 9.81, 8.89, 5.44, 3.01, 2.11, 2.14, 2.44, 2.37, 2.01, 2.13, 2.32, 2.29, 2.53, 2.64, 2.43, 2.3, 2.29, 2.62, 2.78, 2.58, 2.8, 3.32, 3.29, 2.75, 2.59, 2.28, 2.51, 3.1, 2.78, 2.41, 1.73, 0.98, 1.07, 1.46, 1.62, 1.25, 0, 2.3, 3.16, 3.88, 2.26, 2.27, 2.49, 2.1, 2.22, 2.21, 3.55, 3.56, 3.23, 3.01, 3.26, 3.23, 2.37, 2.32, 2.24, 2.35, 2.75, 3.34, 4.12, 3.77, 3.36, 3.38, 3.35, 3.89, 4.15, 4.23, 3.96, 3.63], [4.78, 5.53, 6.14, 6.01, 5.98, 5.84, 6.62, 6.34, 5.42, 5.31, 6.3, 7.79, 8.48, 8.22, 7.13, 6.62, 6.85, 7.36, 7.71, 6.73, 3.92, 2.03, 1.91, 2.84, 2.74, 2.49, 2.93, 3.55, 3.84, 3.17, 2.93, 3.18, 2.89, 2.76, 3.03, 3.62, 3.94, 3.92, 4.26, 4.78, 4.981, 4.646, 4.43, 4.22, 4.47, 5.04, 4.82, 4.47, 3.47, 2.68, 2.73, 3.42, 3.62, 3.29, 2.3, 0, 1.68, 2.56, 1.82, 3.95, 4.19, 3.5, 3.48, 3.17, 2.39, 2.26, 2.17, 2.13, 2.38, 1.97, 1.63, 1.84, 1.74, 1.87, 1.85, 2.22, 2.82, 2.53, 2.2, 2.62, 2.57, 2.39, 2.65, 2.55, 2.3, 2.03], [3.96, 4.59, 5.12, 5.07, 5.12, 4.94, 5.8, 5.7, 4.76, 4.75, 5.66, 7.21, 7.88, 7.64, 6.55, 6.06, 6.27, 6.8, 7.11, 6.15, 2.86, 1.69, 2.19, 3.36, 3.04, 2.81, 3.27, 4.11, 4.42, 3.97, 3.13, 3.82, 3.57, 3.58, 3.79, 4.38, 4.7, 4.52, 4.84, 5.348, 5.598, 5.207, 5.03, 4.84, 5.27, 6.06, 5.62, 5.23, 4.39, 3.56, 3.63, 4.08, 4.18, 3.87, 3.16, 1.68, 0, 1.16, 1.8, 4.49, 4.738, 3.78, 3.64, 3.33, 1.23, 1.22, 1.65, 1.73, 1.58, 1.15, 1.71, 1.88, 1.84, 1.65, 1.43, 1.38, 1.42, 1.35, 1.58, 2.26, 2.25, 1.93, 2.01, 2.23, 2.18, 2.01], [3.74, 4.31, 4.74, 4.69, 4.68, 4.58, 5.34, 5.22, 4.28, 4.43, 5.28, 6.81, 7.46, 7.24, 6.09, 5.6, 5.83, 6.38, 6.67, 5.69, 2.72, 2.01, 2.73, 3.76, 3.46, 3.07, 3.65, 4.57, 5.12, 4.77, 3.59, 4.22, 4.09, 4.16, 4.33, 4.98, 5.24, 5.06, 5.32, 5.831, 6.041, 5.71, 5.57, 5.46, 6.03, 6.68, 6.28, 6.01, 5.07, 4.26, 4.29, 4.72, 4.68, 4.41, 3.88, 2.56, 1.16, 0, 2.3, 4.95, 5.183, 4.26, 4.1, 3.75, 1.41, 1.14, 1.83, 1.97, 1.76, 1.29, 2.23, 2.32, 2.32, 2.07, 1.69, 1.44, 1.58, 1.55, 1.94, 2.7, 2.61, 2.13, 1.97, 2.19, 2.1, 2.21], [5.62, 6.23, 6.74, 6.77, 6.82, 6.64, 7.5, 7.38, 6.46, 6.45, 7.34, 8.91, 9.58, 9.34, 8.25, 7.76, 7.97, 8.5, 8.81, 7.87, 4.44, 2.09, 1.27, 1.94, 1.76, 1.79, 1.79, 2.61, 3.44, 3.01, 2.49, 2.6, 2.61, 2.42, 2.53, 3.08, 3.24, 3.0, 3.26, 3.72, 3.93, 3.59, 3.71, 3.58, 4.19, 4.82, 4.54, 4.39, 3.55, 2.8, 2.85, 3.28, 3.32, 2.91, 2.26, 1.82, 1.8, 2.3, 0, 2.81, 3.09, 2.34, 2.24, 1.93, 1.83, 1.72, 1.17, 1.17, 1.46, 2.05, 1.85, 2.04, 1.78, 2.15, 1.97, 2.1, 2.68, 2.53, 2.02, 2.52, 2.63, 2.53, 2.73, 2.95, 2.6, 2.27], [8.33, 8.98, 9.486, 9.46, 9.51, 9.406, 10.266, 10.146, 9.189, 9.191, 10.061, 11.631, 12.323, 12.088, 10.979, 10.489, 10.715, 11.226, 11.553, 10.599, 7.126, 4.04, 2.56, 1.89, 2.15, 2.4, 1.9, 1.58, 2.05, 2.2, 2.54, 2.51, 2.6, 2.63, 2.46, 2.69, 2.31, 1.95, 2.11, 2.13, 1.86, 1.68, 2.14, 2.11, 2.88, 3.31, 3.03, 2.8, 2.28, 2.19, 2.24, 2.21, 2.39, 2.12, 2.27, 3.95, 4.49, 4.95, 2.81, 0, 0.82, 1.41, 1.69, 1.86, 4.32, 4.17, 3.32, 3.32, 3.63, 4.48, 3.46, 3.55, 3.31, 3.64, 4.02, 4.45, 5.19, 5.013, 4.11, 3.33, 3.68, 4.5, 4.82, 5.14, 4.79, 4.26], [8.578, 9.225, 9.732, 9.679, 9.763, 9.658, 10.512, 10.395, 9.406, 9.448, 10.303, 11.882, 12.575, 12.351, 11.242, 10.748, 10.978, 11.488, 11.815, 10.862, 7.389, 4.293, 2.68, 1.75, 2.09, 2.4, 1.82, 1.3, 1.99, 2.08, 2.44, 2.45, 2.5, 2.47, 2.26, 2.33, 1.99, 1.63, 1.65, 1.87, 1.66, 1.32, 1.8, 1.83, 2.68, 3.09, 2.83, 2.6, 2.18, 2.47, 2.4, 2.23, 2.29, 2.12, 2.49, 4.19, 4.738, 5.183, 3.09, 0.82, 0, 1.25, 1.63, 1.92, 4.36, 4.33, 3.6, 3.6, 3.89, 4.76, 3.8, 3.89, 3.63, 3.94, 4.22, 4.71, 5.47, 5.262, 4.31, 3.55, 3.9, 4.656, 5.016, 5.356, 4.93, 4.4], [7.64, 8.25, 8.76, 8.71, 8.78, 8.68, 9.56, 9.46, 8.44, 8.458, 9.313, 10.91, 11.585, 11.38, 10.27, 9.78, 9.969, 10.539, 10.826, 9.91, 6.44, 3.57, 2.11, 1.74, 2.22, 2.39, 1.65, 1.53, 2.14, 2.15, 2.37, 2.52, 2.47, 2.28, 2.21, 2.16, 2.1, 1.78, 1.86, 2.24, 2.33, 2.01, 2.23, 2.28, 3.13, 3.74, 3.44, 3.17, 2.55, 2.38, 2.41, 2.52, 2.68, 2.29, 2.1, 3.5, 3.78, 4.26, 2.34, 1.41, 1.25, 0, 0.94, 1.13, 3.39, 3.56, 2.93, 2.93, 3.16, 3.79, 3.29, 3.42, 3.14, 3.41, 3.63, 4.08, 4.54, 4.39, 3.32, 3.06, 3.27, 3.81, 4.13, 4.37, 4.0, 3.51], [7.52, 8.11, 8.6, 8.53, 8.6, 8.44, 9.3, 9.2, 8.22, 8.27, 9.14, 10.73, 11.38, 11.16, 10.07, 9.56, 9.77, 10.34, 10.61, 9.67, 6.32, 3.49, 2.05, 1.54, 2.0, 2.29, 1.61, 1.51, 2.0, 2.09, 2.21, 2.56, 2.51, 2.38, 2.39, 2.4, 2.34, 2.08, 2.38, 2.64, 2.63, 2.45, 2.91, 2.86, 3.73, 4.34, 3.94, 3.77, 2.93, 2.48, 2.55, 2.78, 2.7, 2.39, 2.22, 3.48, 3.64, 4.1, 2.24, 1.69, 1.63, 0.94, 0, 0.75, 3.05, 3.24, 2.73, 2.71, 2.96, 3.61, 3.11, 3.22, 2.92, 3.23, 3.59, 4.04, 4.56, 4.29, 3.18, 2.8, 3.01, 3.59, 3.85, 4.19, 3.88, 3.39], [7.19, 7.78, 8.27, 8.2, 8.27, 8.11, 9.01, 8.91, 7.93, 7.92, 8.79, 10.4, 11.07, 10.85, 9.78, 9.25, 9.46, 10.01, 10.3, 9.38, 5.99, 3.18, 1.74, 1.49, 1.87, 2.06, 1.7, 1.66, 2.41, 2.5, 2.34, 2.77, 2.7, 2.59, 2.5, 2.55, 2.57, 2.35, 2.59, 2.95, 2.94, 2.74, 3.2, 3.17, 4.04, 4.61, 4.27, 4.1, 3.26, 2.57, 2.56, 3.01, 2.89, 2.56, 2.21, 3.17, 3.33, 3.75, 1.93, 1.86, 1.92, 1.13, 0.75, 0, 2.74, 2.89, 2.28, 2.24, 2.53, 3.28, 2.76, 2.89, 2.61, 2.92, 3.24, 3.63, 4.15, 3.94, 2.83, 2.59, 2.78, 3.3, 3.6, 3.88, 3.47, 2.96], [4.71, 5.3, 5.77, 5.72, 5.79, 5.61, 6.37, 6.27, 5.37, 5.48, 6.31, 7.88, 8.51, 8.31, 7.2, 6.67, 6.86, 7.47, 7.72, 6.78, 3.55, 2.08, 2.1, 2.93, 2.71, 2.42, 2.96, 3.96, 4.61, 4.3, 3.32, 3.93, 3.84, 3.85, 3.96, 4.47, 4.73, 4.55, 4.71, 5.15, 5.32, 5.02, 5.08, 4.83, 5.54, 6.27, 5.87, 5.66, 4.76, 3.87, 3.92, 4.37, 4.17, 3.92, 3.55, 2.39, 1.23, 1.41, 1.83, 4.32, 4.36, 3.39, 3.05, 2.74, 0, 1.05, 1.4, 1.38, 1.31, 1.34, 2.02, 2.03, 1.85, 1.72, 1.68, 1.77, 2.03, 2.0, 2.13, 2.65, 2.68, 2.32, 2.34, 2.6, 2.45, 2.28], [4.5, 5.11, 5.58, 5.51, 5.58, 5.44, 6.24, 6.14, 5.18, 5.29, 6.16, 7.71, 8.38, 8.12, 7.05, 6.54, 6.75, 7.28, 7.59, 6.63, 3.32, 1.87, 2.09, 3.02, 2.7, 2.55, 2.93, 4.01, 4.82, 4.53, 3.31, 3.86, 3.85, 3.88, 4.01, 4.64, 4.78, 4.58, 4.78, 5.14, 5.23, 5.01, 5.11, 5.02, 5.65, 6.12, 5.82, 5.65, 4.69, 3.9, 3.93, 4.38, 4.18, 3.91, 3.56, 2.26, 1.22, 1.14, 1.72, 4.17, 4.33, 3.56, 3.24, 2.89, 1.05, 0, 1.07, 1.35, 1.2, 1.07, 1.75, 1.78, 1.64, 1.81, 1.61, 1.6, 1.92, 1.81, 2.0, 2.62, 2.65, 2.27, 2.25, 2.51, 2.4, 2.25], [5.31, 5.92, 6.41, 6.4, 6.45, 6.35, 7.13, 7.01, 6.05, 6.18, 7.05, 8.56, 9.21, 8.99, 7.86, 7.37, 7.6, 8.13, 8.44, 7.459, 4.17, 2.0, 1.68, 2.37, 2.21, 2.14, 2.38, 3.34, 4.21, 3.88, 3.06, 3.47, 3.48, 3.39, 3.32, 3.91, 4.05, 3.79, 3.99, 4.29, 4.38, 4.26, 4.56, 4.41, 5.16, 5.77, 5.49, 5.36, 4.5, 3.77, 3.82, 4.25, 4.11, 3.72, 3.23, 2.17, 1.65, 1.83, 1.17, 3.32, 3.6, 2.93, 2.73, 2.28, 1.4, 1.07, 0, 0.7, 1.03, 1.72, 1.7, 1.89, 1.61, 1.88, 1.78, 1.93, 2.45, 2.3, 2.11, 2.63, 2.74, 2.48, 2.54, 2.84, 2.51, 2.32], [5.41, 6.0, 6.51, 6.5, 6.55, 6.39, 7.21, 7.09, 6.15, 6.28, 7.07, 8.56, 9.25, 8.99, 7.9, 7.41, 7.62, 8.13, 8.48, 7.5, 4.27, 2.0, 1.58, 2.29, 2.21, 2.1, 2.42, 3.22, 4.11, 3.82, 2.98, 3.45, 3.46, 3.39, 3.32, 3.81, 3.97, 3.69, 3.93, 4.23, 4.32, 4.18, 4.46, 4.33, 5.06, 5.63, 5.27, 5.16, 4.34, 3.53, 3.58, 4.01, 3.89, 3.48, 3.01, 2.13, 1.73, 1.97, 1.17, 3.32, 3.6, 2.93, 2.71, 2.24, 1.38, 1.35, 0.7, 0, 0.87, 1.66, 1.52, 1.61, 1.51, 1.78, 1.88, 1.97, 2.51, 2.36, 2.05, 2.55, 2.62, 2.44, 2.46, 2.76, 2.37, 2.16], [5.06, 5.61, 6.12, 6.17, 6.2, 6.02, 6.8, 6.7, 5.8, 5.97, 6.76, 8.19, 8.86, 8.62, 7.47, 7.0, 7.21, 7.74, 8.07, 7.09, 3.9, 1.91, 1.79, 2.62, 2.3, 2.13, 2.45, 3.57, 4.42, 4.05, 2.95, 3.44, 3.45, 3.48, 3.49, 4.12, 4.3, 4.04, 4.2, 4.54, 4.69, 4.49, 4.73, 4.56, 5.29, 5.9, 5.58, 5.43, 4.59, 3.78, 3.83, 4.26, 4.12, 3.71, 3.26, 2.38, 1.58, 1.76, 1.46, 3.63, 3.89, 3.16, 2.96, 2.53, 1.31, 1.2, 1.03, 0.87, 0, 1.53, 2.01, 2.04, 1.88, 2.11, 2.03, 2.02, 2.26, 2.19, 2.02, 2.24, 2.29, 2.39, 2.39, 2.67, 2.36, 2.17], [4.01, 4.58, 5.09, 5.14, 5.17, 4.99, 5.87, 5.77, 4.83, 4.76, 5.63, 7.18, 7.87, 7.63, 6.54, 6.05, 6.26, 6.79, 7.12, 6.16, 2.95, 1.52, 2.34, 3.39, 3.09, 2.74, 3.2, 4.32, 4.87, 4.46, 3.42, 4.05, 3.92, 3.93, 4.2, 4.77, 5.07, 4.89, 5.007, 5.387, 5.632, 5.352, 5.2, 5.082, 5.575, 6.188, 5.79, 5.46, 4.58, 3.69, 3.74, 4.17, 4.07, 3.88, 3.23, 1.97, 1.15, 1.29, 2.05, 4.48, 4.76, 3.79, 3.61, 3.28, 1.34, 1.07, 1.72, 1.66, 1.53, 0, 1.42, 1.55, 1.59, 1.54, 1.78, 1.69, 1.75, 1.62, 1.83, 2.27, 2.4, 2.12, 2.12, 2.24, 2.21, 2.02], [5.11, 5.74, 6.25, 6.26, 6.31, 6.15, 7.01, 6.91, 5.97, 5.9, 6.75, 8.28, 9.01, 8.79, 7.7, 7.19, 7.4, 7.89, 8.26, 7.3, 4.05, 1.98, 1.88, 2.67, 2.79, 2.66, 2.96, 3.3, 3.95, 3.88, 3.38, 3.73, 3.68, 3.47, 3.62, 4.17, 4.21, 3.97, 4.23, 4.57, 4.52, 4.26, 4.38, 4.03, 4.64, 4.99, 4.59, 4.46, 3.54, 2.69, 2.64, 3.03, 3.09, 2.9, 2.37, 1.63, 1.71, 2.23, 1.85, 3.46, 3.8, 3.29, 3.11, 2.76, 2.02, 1.75, 1.7, 1.52, 2.01, 1.42, 0, 0.71, 0.89, 1.12, 1.46, 1.81, 2.49, 2.12, 2.35, 2.97, 3.04, 2.86, 2.9, 3.08, 2.87, 2.66], [5.3, 5.97, 6.46, 6.41, 6.48, 6.36, 7.22, 7.1, 6.12, 6.13, 6.94, 8.53, 9.24, 9.0, 7.91, 7.42, 7.63, 8.14, 8.49, 7.51, 4.26, 2.19, 1.99, 2.66, 2.84, 2.69, 3.09, 3.39, 3.96, 3.99, 3.57, 3.9, 3.87, 3.68, 3.79, 4.3, 4.38, 4.1, 4.32, 4.64, 4.51, 4.31, 4.45, 4.08, 4.45, 4.858, 4.42, 4.31, 3.39, 2.56, 2.53, 2.86, 2.82, 2.63, 2.32, 1.84, 1.88, 2.32, 2.04, 3.55, 3.89, 3.42, 3.22, 2.89, 2.03, 1.78, 1.89, 1.61, 2.04, 1.55, 0.71, 0, 0.72, 0.83, 1.37, 1.88, 2.66, 2.29, 2.5, 3.18, 3.25, 3.05, 3.09, 3.23, 3.08, 2.87], [5.4, 6.05, 6.56, 6.51, 6.58, 6.46, 7.32, 7.22, 6.22, 6.23, 7.04, 8.63, 9.34, 9.1, 8.01, 7.52, 7.73, 8.24, 8.59, 7.61, 4.22, 2.03, 1.75, 2.38, 2.6, 2.43, 2.73, 3.19, 3.8, 3.77, 3.39, 3.68, 3.61, 3.34, 3.53, 4.06, 4.12, 3.86, 4.12, 4.4, 4.29, 4.07, 4.21, 3.88, 4.39, 4.82, 4.44, 4.33, 3.37, 2.58, 2.61, 3.02, 2.92, 2.53, 2.24, 1.74, 1.84, 2.32, 1.78, 3.31, 3.63, 3.14, 2.92, 2.61, 1.85, 1.64, 1.61, 1.51, 1.88, 1.59, 0.89, 0.72, 0, 0.63, 1.15, 1.74, 2.58, 2.15, 2.38, 3.08, 3.17, 2.97, 3.01, 3.19, 2.96, 2.79], [5.05, 5.7, 6.21, 6.16, 6.23, 6.11, 6.97, 6.85, 5.87, 5.88, 6.71, 8.3, 8.99, 8.77, 7.68, 7.17, 7.4, 7.91, 8.24, 7.28, 3.87, 2.02, 2.06, 2.67, 2.93, 2.72, 3.04, 3.5, 3.99, 3.92, 3.64, 3.95, 3.84, 3.63, 3.74, 4.29, 4.39, 4.15, 4.37, 4.67, 4.62, 4.42, 4.44, 4.11, 4.552, 5.05, 4.67, 4.48, 3.54, 2.65, 2.76, 3.17, 3.07, 2.74, 2.35, 1.87, 1.65, 2.07, 2.15, 3.64, 3.94, 3.41, 3.23, 2.92, 1.72, 1.81, 1.88, 1.78, 2.11, 1.54, 1.12, 0.83, 0.63, 0, 1.1, 1.57, 2.39, 1.96, 2.41, 3.23, 3.24, 3.0, 2.98, 3.1, 3.03, 2.96], [4.67, 5.34, 5.87, 5.74, 5.85, 5.79, 6.57, 6.45, 5.45, 5.48, 6.29, 7.88, 8.59, 8.35, 7.24, 6.77, 6.98, 7.49, 7.84, 6.86, 3.51, 2.12, 2.04, 2.89, 2.87, 2.76, 3.18, 3.6, 4.25, 3.9, 3.38, 3.69, 3.64, 3.43, 3.58, 4.21, 4.29, 4.11, 4.47, 4.87, 4.98, 4.68, 4.6, 4.33, 4.82, 5.33, 5.05, 4.92, 3.9, 3.07, 3.06, 3.55, 3.65, 3.32, 2.75, 1.85, 1.43, 1.69, 1.97, 4.02, 4.22, 3.63, 3.59, 3.24, 1.68, 1.61, 1.78, 1.88, 2.03, 1.78, 1.46, 1.37, 1.15, 1.1, 0, 0.93, 1.79, 1.52, 2.25, 3.15, 3.12, 2.84, 2.9, 2.98, 2.85, 2.68], [4.18, 4.73, 5.26, 5.21, 5.28, 5.18, 5.96, 5.84, 4.88, 4.87, 5.7, 7.29, 7.98, 7.76, 6.67, 6.16, 6.39, 6.9, 7.23, 6.27, 3.08, 2.11, 2.37, 3.32, 3.16, 2.89, 3.33, 4.15, 4.86, 4.35, 3.43, 3.8, 3.73, 3.84, 3.91, 4.6, 4.72, 4.56, 4.84, 5.32, 5.51, 5.19, 5.17, 4.96, 5.41, 5.98, 5.6, 5.53, 4.59, 3.7