[[0, 0.75, 1.05, 1.11, 1.07, 1.08, 1.49, 1.82, 2.25, 2.41, 2.4, 2.65, 2.79, 2.41, 2.61, 2.39, 1.77, 2.0, 1.84, 1.62, 1.78, 1.57, 2.24, 2.96, 4.04, 4.7, 4.45, 4.49, 4.55, 4.21, 4.05, 3.34, 3.09, 2.26, 2.29, 2.07, 1.67, 1.45, 1.69, 2.47, 2.97, 3.546, 3.869, 3.636, 3.733, 4.021, 3.876, 3.399, 2.81, 3.373, 4.03, 4.666, 5.25, 6.25, 7.032, 6.622, 6.433, 6.737, 7.366, 6.95, 6.44, 6.4, 6.123, 5.979, 6.146, 5.43, 4.34, 3.63, 3.25, 2.89, 2.82, 2.34, 2.06, 2.42, 2.31, 2.1, 2.23, 1.81, 1.9, 2.01, 1.64, 1.74, 1.3, 1.04, 1.12, 1.27], [0.75, 0, 0.66, 0.88, 1.06, 0.91, 1.24, 1.53, 1.92, 2.16, 2.23, 2.42, 2.58, 2.34, 2.9, 2.759, 1.68, 1.67, 1.51, 1.39, 1.51, 1.2, 1.67, 2.35, 3.49, 4.11, 4.02, 3.96, 4.08, 3.68, 3.58, 3.03, 3.0, 2.27, 2.38, 2.16, 1.66, 1.5, 1.8, 2.84, 3.448, 4.084, 4.413, 4.201, 4.291, 4.545, 4.441, 3.963, 3.338, 3.943, 4.563, 5.231, 5.84, 6.84, 7.542, 7.139, 6.958, 7.275, 7.931, 7.514, 7.004, 6.964, 6.687, 6.537, 6.69, 5.982, 4.99, 4.24, 3.88, 3.44, 3.35, 2.79, 2.37, 2.75, 2.5, 2.13, 1.92, 1.62, 1.73, 1.8, 1.45, 1.69, 1.45, 1.23, 1.31, 1.44], [1.05, 0.66, 0, 0.6, 0.96, 0.89, 1.14, 1.49, 1.8, 1.98, 2.09, 2.34, 2.48, 2.32, 3.02, 2.9, 1.82, 1.71, 1.71, 1.67, 1.79, 1.42, 1.59, 2.29, 3.45, 4.09, 4.0, 3.84, 4.0, 3.64, 3.54, 3.13, 2.92, 2.15, 2.4, 2.26, 1.68, 1.46, 1.78, 2.82, 3.502, 4.205, 4.528, 4.315, 4.412, 4.659, 4.555, 4.096, 3.44, 4.086, 4.706, 5.345, 5.996, 7.02, 7.651, 7.268, 7.101, 7.404, 8.045, 7.635, 7.125, 7.085, 6.81, 6.658, 6.813, 6.105, 5.13, 4.4, 4.04, 3.58, 3.47, 2.91, 2.59, 2.91, 2.72, 2.33, 1.76, 1.66, 1.63, 1.7, 1.35, 1.71, 1.57, 1.51, 1.57, 1.66], [1.11, 0.88, 0.6, 0, 0.8, 0.73, 1.08, 1.41, 1.74, 2.06, 2.15, 2.32, 2.38, 2.3, 2.9, 2.72, 1.9, 1.91, 1.87, 1.85, 2.03, 1.66, 1.75, 2.53, 3.69, 4.35, 4.16, 4.06, 4.24, 3.94, 3.7, 3.15, 2.92, 2.09, 2.32, 2.2, 1.64, 1.5, 1.64, 2.62, 3.36, 3.988, 4.311, 4.098, 4.209, 4.442, 4.43, 3.97, 3.24, 3.96, 4.56, 5.16, 5.74, 6.74, 7.46, 7.06, 6.87, 7.19, 7.828, 7.418, 6.908, 6.868, 6.605, 6.441, 6.61, 5.9, 4.87, 4.14, 3.88, 3.46, 3.31, 2.79, 2.59, 2.85, 2.78, 2.53, 1.92, 1.72, 1.75, 1.9, 1.47, 1.59, 1.57, 1.59, 1.57, 1.68], [1.07, 1.06, 0.96, 0.8, 0, 0.51, 0.94, 1.27, 1.72, 1.78, 1.91, 2.1, 2.12, 2.08, 2.78, 2.58, 1.62, 1.83, 1.79, 1.71, 1.85, 1.56, 1.89, 2.67, 3.778, 4.45, 4.26, 4.26, 4.4, 3.94, 3.66, 2.95, 2.58, 1.89, 2.02, 1.76, 1.3, 1.32, 1.48, 2.32, 3.08, 3.794, 4.137, 3.904, 4.007, 4.26, 4.159, 3.722, 3.12, 3.72, 4.36, 4.94, 5.52, 6.5, 7.36, 6.98, 6.71, 7.07, 7.64, 7.224, 6.714, 6.674, 6.411, 6.247, 6.417, 5.72, 4.73, 4.0, 3.68, 3.36, 3.25, 2.75, 2.73, 2.97, 2.96, 2.63, 2.14, 1.86, 1.81, 2.04, 1.63, 1.51, 1.33, 1.39, 1.57, 1.7], [1.08, 0.91, 0.89, 0.73, 0.51, 0, 0.75, 1.2, 1.61, 1.69, 1.82, 2.05, 1.99, 1.95, 2.69, 2.51, 1.53, 1.76, 1.72, 1.66, 1.92, 1.61, 1.9, 2.68, 3.82, 4.44, 4.31, 4.27, 4.43, 3.97, 3.69, 3.02, 2.55, 1.92, 2.17, 1.85, 1.37, 1.33, 1.51, 2.31, 3.07, 3.79, 4.113, 3.912, 4.0, 4.29, 4.22, 3.8, 3.27, 3.83, 4.45, 4.99, 5.53, 6.57, 7.396, 7.07, 6.74, 7.12, 7.63, 7.22, 6.71, 6.67, 6.41, 6.243, 6.424, 5.81, 4.86, 4.17, 3.79, 3.45, 3.36, 2.86, 2.78, 3.12, 3.09, 2.68, 2.17, 1.97, 1.86, 2.05, 1.6, 1.48, 1.4, 1.4, 1.54, 1.69], [1.49, 1.24, 1.14, 1.08, 0.94, 0.75, 0, 0.99, 1.4, 1.36, 1.45, 1.7, 1.68, 1.94, 2.96, 2.82, 1.62, 1.55, 1.73, 1.81, 2.13, 1.66, 1.59, 2.39, 3.49, 4.05, 4.1, 3.98, 4.18, 3.68, 3.46, 2.75, 2.34, 1.89, 2.46, 2.1, 1.64, 1.6, 1.68, 2.6, 3.38, 4.1, 4.423, 4.219, 4.31, 4.6, 4.51, 4.09, 3.74, 4.18, 4.74, 5.32, 5.8, 6.92, 7.76, 7.36, 7.05, 7.43, 7.94, 7.53, 7.02, 6.98, 6.72, 6.553, 6.752, 6.18, 5.33, 4.56, 4.16, 3.82, 3.67, 3.19, 3.31, 3.69, 3.52, 3.09, 2.38, 2.2, 2.11, 2.1, 1.67, 1.73, 1.61, 1.75, 1.93, 2.14], [1.82, 1.53, 1.49, 1.41, 1.27, 1.2, 0.99, 0, 0.99, 1.21, 1.26, 1.41, 1.67, 2.09, 3.35, 3.25, 1.89, 1.78, 1.92, 1.82, 2.04, 1.55, 1.3, 1.94, 3.02, 3.72, 3.63, 3.55, 3.71, 3.41, 3.07, 2.3, 2.03, 1.88, 2.55, 2.47, 2.01, 1.87, 2.09, 3.13, 3.93, 4.598, 4.921, 4.728, 4.82, 5.15, 5.04, 4.56, 4.07, 4.59, 5.21, 5.75, 6.31, 7.31, 8.19, 7.81, 7.52, 7.9, 8.47, 8.04, 7.518, 7.478, 7.215, 7.071, 7.241, 6.57, 5.5, 4.87, 4.43, 4.19, 4.08, 3.66, 3.68, 3.92, 3.77, 3.24, 2.57, 2.45, 2.26, 1.87, 1.58, 1.92, 1.94, 1.92, 2.22, 2.35], [2.25, 1.92, 1.8, 1.74, 1.72, 1.61, 1.4, 0.99, 0, 0.86, 1.11, 1.18, 1.48, 2.22, 3.44, 3.34, 2.04, 2.09, 2.35, 2.45, 2.53, 2.18, 1.45, 1.85, 2.89, 3.49, 3.48, 3.46, 3.66, 3.18, 2.98, 2.41, 2.04, 1.97, 3.08, 3.0, 2.56, 2.5, 2.54, 3.36, 4.16, 4.699, 5.022, 4.809, 5.01, 5.38, 5.33, 4.83, 4.3, 4.92, 5.52, 6.02, 6.58, 7.66, 8.32, 7.8, 7.55, 7.87, 8.519, 8.109, 7.619, 7.559, 7.296, 7.132, 7.342, 6.62, 5.77, 5.26, 4.84, 4.42, 4.21, 3.85, 4.03, 4.43, 4.28, 3.71, 3.06, 3.02, 2.73, 2.14, 2.01, 2.37, 2.17, 2.33, 2.61, 2.8], [2.41, 2.16, 1.98, 2.06, 1.78, 1.69, 1.36, 1.21, 0.86, 0, 0.63, 0.78, 1.0, 1.84, 2.96, 2.88, 1.84, 1.95, 2.21, 2.61, 2.89, 2.48, 1.91, 2.23, 3.39, 3.93, 3.94, 3.9, 4.08, 3.54, 3.42, 2.67, 2.04, 2.07, 3.06, 2.9, 2.54, 2.46, 2.4, 2.94, 3.72, 4.22, 4.557, 4.35, 4.59, 4.96, 4.93, 4.37, 4.32, 4.62, 5.06, 5.68, 6.22, 7.48, 8.02, 7.4, 7.13, 7.53, 8.06, 7.63, 7.16, 7.074, 6.834, 6.647, 6.86, 6.38, 5.79, 5.26, 4.72, 4.3, 3.93, 3.71, 4.19, 4.63, 4.56, 4.05, 3.42, 3.24, 2.87, 2.36, 2.23, 2.39, 1.95, 2.45, 2.67, 2.9], [2.4, 2.23, 2.09, 2.15, 1.91, 1.82, 1.45, 1.26, 1.11, 0.63, 0, 0.61, 0.91, 1.55, 2.87, 2.79, 1.71, 1.84, 2.1, 2.66, 2.98, 2.51, 2.04, 2.36, 3.508, 4.06, 4.05, 4.01, 4.17, 3.65, 3.51, 2.68, 2.01, 2.08, 3.05, 2.91, 2.51, 2.41, 2.33, 2.85, 3.55, 4.11, 4.47, 4.24, 4.38, 4.77, 4.68, 4.22, 4.29, 4.41, 4.89, 5.53, 6.31, 7.59, 8.09, 7.33, 7.1, 7.5, 7.95, 7.54, 7.01, 6.97, 6.701, 6.56, 6.81, 6.31, 5.7, 5.29, 4.71, 4.23, 3.96, 3.7, 4.2, 4.7, 4.61, 4.2, 3.53, 3.23, 2.88, 2.25, 2.14, 2.46, 2.18, 2.64, 2.82, 3.05], [2.65, 2.42, 2.34, 2.32, 2.1, 2.05, 1.7, 1.41, 1.18, 0.78, 0.61, 0, 1.02, 1.78, 3.1, 3.0, 1.84, 2.03, 2.19, 2.73, 3.09, 2.62, 2.09, 2.15, 3.321, 3.89, 3.86, 3.84, 4.02, 3.48, 3.34, 2.51, 2.02, 2.25, 3.22, 3.14, 2.74, 2.6, 2.48, 3.04, 3.76, 4.34, 4.66, 4.47, 4.55, 4.94, 4.87, 4.45, 4.5, 4.66, 5.16, 5.66, 6.52, 7.84, 8.4, 7.66, 7.37, 7.69, 8.18, 7.73, 7.18, 7.22, 6.92, 6.75, 7.0, 6.5, 5.97, 5.52, 4.98, 4.5, 4.23, 3.95, 4.45, 4.97, 4.9, 4.35, 3.74, 3.5, 3.07, 2.52, 2.35, 2.69, 2.39, 2.79, 3.03, 3.34], [2.79, 2.58, 2.48, 2.38, 2.12, 1.99, 1.68, 1.67, 1.48, 1.0, 0.91, 1.02, 0, 1.24, 2.34, 2.32, 1.7, 1.95, 2.15, 2.67, 3.19, 2.78, 2.41, 2.89, 4.038, 4.61, 4.56, 4.56, 4.74, 4.2, 4.02, 3.15, 2.2, 2.49, 3.12, 2.92, 2.58, 2.42, 2.26, 2.64, 3.32, 3.7, 4.1, 3.85, 4.21, 4.7, 4.65, 4.31, 4.44, 4.52, 5.02, 5.38, 6.02, 7.44, 7.88, 7.22, 6.79, 7.21, 7.54, 7.15, 6.6, 6.44, 6.28, 6.09, 6.44, 6.18, 5.81, 5.4, 4.84, 4.4, 4.07, 3.91, 4.41, 5.07, 4.98, 4.55, 3.88, 3.62, 3.19, 2.56, 2.49, 2.57, 2.25, 2.87, 3.01, 3.36], [2.41, 2.34, 2.32, 2.3, 2.08, 1.95, 1.94, 2.09, 2.22, 1.84, 1.55, 1.78, 1.24, 0, 1.56, 1.6, 1.42, 1.89, 1.83, 2.45, 2.95, 2.66, 3.004, 3.81, 4.975, 5.55, 5.46, 5.48, 5.58, 5.06, 4.84, 3.93, 2.98, 2.83, 2.92, 2.66, 2.2, 2.1, 1.8, 2.18, 2.78, 3.06, 3.52, 3.31, 3.61, 4.08, 4.17, 3.89, 4.02, 4.1, 4.5, 4.92, 5.58, 6.98, 7.34, 6.66, 6.39, 6.75, 7.06, 6.49, 5.92, 5.94, 5.6, 5.59, 5.82, 5.74, 5.35, 4.96, 4.38, 3.92, 3.63, 3.47, 3.95, 4.65, 4.58, 4.29, 3.82, 3.46, 2.81, 2.8, 2.57, 2.27, 1.99, 2.59, 2.71, 3.0], [2.61, 2.9, 3.02, 2.9, 2.78, 2.69, 2.96, 3.35, 3.44, 2.96, 2.87, 3.1, 2.34, 1.56, 0, 0.6, 1.7, 2.59, 2.23, 2.67, 3.35, 3.48, 4.29, 5.07, 6.249, 6.789, 6.74, 6.773, 6.82, 6.28, 6.06, 5.07, 4.16, 3.71, 3.36, 2.96, 2.7, 2.58, 2.08, 1.98, 2.1, 1.9, 2.34, 2.33, 2.67, 3.18, 3.31, 2.93, 3.14, 3.24, 3.54, 4.04, 4.56, 6.0, 6.32, 5.58, 5.17, 5.63, 5.9, 5.47, 4.78, 4.74, 4.52, 4.426, 4.776, 4.8, 4.49, 4.02, 3.52, 3.12, 2.65, 2.59, 3.21, 3.91, 3.86, 4.23, 4.54, 4.14, 3.67, 4.02, 3.77, 2.81, 1.95, 2.51, 2.49, 2.72], [2.39, 2.759, 2.9, 2.72, 2.58, 2.51, 2.82, 3.25, 3.34, 2.88, 2.79, 3.0, 2.32, 1.6, 0.6, 0, 1.58, 2.49, 2.15, 2.57, 3.27, 3.38, 4.19, 4.97, 6.149, 6.689, 6.64, 6.673, 6.7, 6.16, 5.94, 4.95, 4.08, 3.67, 3.36, 2.92, 2.7, 2.52, 1.98, 1.9, 2.0, 1.84, 2.22, 2.09, 2.49, 2.96, 3.05, 2.73, 2.92, 3.0, 3.34, 3.8, 4.38, 5.84, 6.2, 5.46, 5.11, 5.49, 5.8, 5.31, 4.68, 4.66, 4.4, 4.303, 4.653, 4.56, 4.23, 3.8, 3.26, 2.82, 2.45, 2.33, 2.87, 3.47, 3.48, 3.97, 4.36, 3.92, 3.55, 3.94, 3.71, 2.89, 2.01, 2.31, 2.27, 2.46], [1.77, 1.68, 1.82, 1.9, 1.62, 1.53, 1.62, 1.89, 2.04, 1.84, 1.71, 1.84, 1.7, 1.42, 1.7, 1.58, 0, 1.05, 0.91, 1.55, 2.11, 2.06, 2.69, 3.49, 4.69, 5.25, 5.22, 5.24, 5.34, 4.84, 4.6, 3.75, 3.2, 2.97, 2.96, 2.48, 2.18, 1.94, 1.72, 2.08, 2.58, 3.04, 3.424, 3.128, 3.33, 3.78, 3.77, 3.423, 3.499, 3.639, 4.173, 4.54, 5.3, 6.66, 7.2, 6.56, 6.15, 6.53, 6.858, 6.39, 5.843, 5.918, 5.64, 5.434, 5.644, 5.32, 4.83, 4.44, 3.9, 3.4, 3.13, 2.91, 3.33, 3.69, 3.58, 3.15, 3.22, 3.0, 2.81, 2.96, 2.63, 2.37, 1.55, 1.79, 2.03, 2.18], [2.0, 1.67, 1.71, 1.91, 1.83, 1.76, 1.55, 1.78, 2.09, 1.95, 1.84, 2.03, 1.95, 1.89, 2.59, 2.49, 1.05, 0, 0.66, 1.26, 1.76, 1.73, 1.98, 2.8, 4.06, 4.66, 4.73, 4.65, 4.71, 4.15, 3.97, 3.4, 3.23, 3.0, 3.11, 2.85, 2.35, 2.07, 1.99, 2.55, 3.13, 3.78, 4.171, 3.97, 4.06, 4.37, 4.38, 4.084, 4.011, 4.257, 4.677, 5.203, 5.91, 7.35, 7.89, 7.27, 7.06, 7.467, 7.711, 7.261, 6.699, 6.663, 6.388, 6.25, 6.554, 6.23, 5.5, 5.03, 4.57, 4.07, 3.82, 3.5, 3.7, 4.02, 3.53, 2.84, 2.77, 2.89, 2.98, 2.77, 2.38, 2.68, 2.14, 2.36, 2.66, 2.73], [1.84, 1.51, 1.71, 1.87, 1.79, 1.72, 1.73, 1.92, 2.35, 2.21, 2.1, 2.19, 2.15, 1.83, 2.23, 2.15, 0.91, 0.66, 0, 1.06, 1.62, 1.59, 2.28, 3.04, 4.32, 4.94, 4.91, 4.89, 4.87, 4.35, 4.11, 3.46, 3.29, 3.12, 2.93, 2.67, 2.27, 1.95, 1.81, 2.27, 2.85, 3.479, 3.791, 3.633, 3.68, 4.03, 4.06, 3.724, 3.671, 3.937, 4.397, 4.805, 5.53, 6.99, 7.55, 6.99, 6.68, 7.075, 7.383, 6.893, 6.322, 6.365, 6.082, 5.915, 6.171, 5.79, 5.14, 4.67, 4.19, 3.69, 3.48, 3.16, 3.32, 3.64, 3.17, 2.74, 2.85, 2.79, 2.88, 2.81, 2.38, 2.58, 1.96, 2.1, 2.3, 2.49], [1.62, 1.39, 1.67, 1.85, 1.71, 1.66, 1.81, 1.82, 2.45, 2.61, 2.66, 2.73, 2.67, 2.45, 2.67, 2.57, 1.55, 1.26, 1.06, 0, 0.98, 1.15, 1.96, 2.62, 3.9, 4.56, 4.45, 4.47, 4.45, 3.93, 3.71, 3.1, 3.05, 2.98, 2.87, 2.55, 2.19, 1.75, 1.97, 2.85, 3.29, 3.91, 4.213, 4.026, 4.186, 4.55, 4.429, 4.052, 3.705, 4.082, 4.622, 5.119, 5.63, 6.85, 7.596, 7.35, 7.086, 7.469, 7.919, 7.429, 6.899, 6.816, 6.559, 6.392, 6.642, 6.13, 5.16, 4.51, 4.03, 3.69, 3.6, 3.22, 2.98, 3.26, 2.75, 2.22, 2.71, 2.73, 2.8, 2.61, 2.2, 2.7, 2.0, 1.76, 1.98, 2.07], [1.78, 1.51, 1.79, 2.03, 1.85, 1.92, 2.13, 2.04, 2.53, 2.89, 2.98, 3.09, 3.19, 2.95, 3.35, 3.27, 2.11, 1.76, 1.62, 0.98, 0, 1.09, 1.68, 2.58, 3.72, 4.4, 4.23, 4.21, 4.07, 3.57, 3.41, 3.18, 3.37, 3.1, 2.93, 2.77, 2.25, 2.03, 2.53, 3.49, 4.01, 4.598, 4.921, 4.708, 4.823, 5.084, 4.974, 4.517, 3.945, 4.507, 5.127, 5.736, 6.33, 7.33, 8.153, 7.799, 7.512, 7.86, 8.438, 8.008, 7.498, 7.475, 7.215, 7.051, 7.221, 6.53, 5.5, 4.81, 4.43, 4.11, 4.0, 3.52, 3.04, 3.3, 2.89, 1.82, 2.37, 2.55, 2.86, 2.53, 2.16, 2.78, 2.3, 1.94, 2.2, 2.27], [1.57, 1.2, 1.42, 1.66, 1.56, 1.61, 1.66, 1.55, 2.18, 2.48, 2.51, 2.62, 2.78, 2.66, 3.48, 3.38, 2.06, 1.73, 1.59, 1.15, 1.09, 0, 1.37, 2.33, 3.25, 3.87, 3.64, 3.58, 3.62, 3.3, 3.08, 2.67, 2.68, 2.43, 2.52, 2.46, 1.86, 1.54, 2.44, 3.56, 4.122, 4.745, 5.068, 4.875, 4.976, 5.217, 5.139, 4.682, 4.015, 4.652, 5.292, 5.889, 6.46, 7.46, 8.268, 7.906, 7.616, 7.973, 8.585, 8.155, 7.645, 7.625, 7.365, 7.198, 7.388, 6.66, 5.63, 4.84, 4.56, 4.26, 4.15, 3.63, 3.17, 3.29, 2.92, 2.03, 1.9, 1.92, 2.31, 1.86, 1.59, 2.31, 2.13, 1.77, 1.99, 2.18], [2.24, 1.67, 1.59, 1.75, 1.89, 1.9, 1.59, 1.3, 1.45, 1.91, 2.04, 2.09, 2.41, 3.004, 4.29, 4.19, 2.69, 1.98, 2.28, 1.96, 1.68, 1.37, 0, 1.32, 2.44, 3.12, 3.07, 2.91, 3.05, 2.63, 2.53, 2.4, 2.57, 2.28, 3.07, 3.13, 2.57, 2.43, 2.95, 4.043, 4.823, 5.537, 5.86, 5.647, 5.75, 5.975, 5.893, 5.429, 4.751, 5.399, 6.039, 6.69, 7.258, 8.29, 9.047, 8.624, 8.417, 8.72, 9.366, 8.956, 8.446, 8.417, 8.154, 7.99, 8.16, 7.45, 6.44, 5.69, 5.37, 4.947, 4.84, 4.3, 3.74, 4.0, 3.57, 2.6, 2.11, 2.35, 2.58, 1.85, 1.58, 2.7, 2.7, 2.56, 2.74, 2.85], [2.96, 2.35, 2.29, 2.53, 2.67, 2.68, 2.39, 1.94, 1.85, 2.23, 2.36, 2.15, 2.89, 3.81, 5.07, 4.97, 3.49, 2.8, 3.04, 2.62, 2.58, 2.33, 1.32, 0, 1.48, 2.24, 2.15, 2.09, 2.19, 1.83, 1.77, 1.58, 2.05, 2.7, 3.91, 4.03, 3.51, 3.33, 3.757, 4.838, 5.598, 6.309, 6.643, 6.431, 6.516, 6.775, 6.639, 6.173, 5.531, 6.17, 6.79, 7.461, 8.07, 9.09, 9.784, 9.381, 9.194, 9.497, 10.141, 9.731, 9.221, 9.189, 8.917, 8.762, 8.92, 8.218, 7.2, 6.47, 6.13, 5.69, 5.56, 5.02, 4.48, 4.7, 4.29, 3.42, 3.05, 3.07, 3.22, 2.31, 2.18, 3.42, 3.52, 3.26, 3.42, 3.45], [4.04, 3.49, 3.45, 3.69, 3.778, 3.82, 3.49, 3.02, 2.89, 3.39, 3.508, 3.321, 4.038, 4.975, 6.249, 6.149, 4.69, 4.06, 4.32, 3.9, 3.72, 3.25, 2.44, 1.48, 0, 1.04, 0.99, 1.01, 1.27, 1.19, 1.27, 1.62, 2.47, 3.6, 4.71, 4.99, 4.45, 4.27, 4.861, 6.038, 6.794, 7.499, 7.843, 7.63, 7.707, 7.975, 7.83, 7.353, 6.721, 7.303, 7.943, 8.637, 9.212, 10.195, 10.92, 10.555, 10.385, 10.688, 11.341, 10.927, 10.417, 10.379, 10.102, 9.952, 10.105, 9.374, 8.28, 7.55, 7.212, 6.849, 6.756, 6.2, 5.5, 5.52, 5.27, 4.24, 3.73, 3.83, 4.0, 3.13, 3.06, 4.48, 4.588, 4.16, 4.28, 4.31], [4.7, 4.11, 4.09, 4.35, 4.45, 4.44, 4.05, 3.72, 3.49, 3.93, 4.06, 3.89, 4.61, 5.55, 6.789, 6.689, 5.25, 4.66, 4.94, 4.56, 4.4, 3.87, 3.12, 2.24, 1.04, 0, 1.13, 1.21, 1.55, 1.51, 1.63, 2.26, 3.114, 4.26, 5.41, 5.53, 4.97, 4.87, 5.461, 6.578, 7.331, 8.036, 8.38, 8.167, 8.244, 8.515, 8.367, 7.893, 7.35, 7.843, 8.483, 9.181, 9.768, 10.83, 11.512, 11.109, 10.908, 11.225, 11.881, 11.464, 10.953, 10.916, 10.639, 10.489, 10.66, 9.97, 9.02, 8.25, 7.87, 7.41, 7.293, 6.74, 6.22, 6.26, 6.05, 4.9, 4.51, 4.57, 4.68, 3.85, 3.9, 5.24, 5.128, 4.938, 4.98, 5.09], [4.45, 4.02, 4.0, 4.16, 4.26, 4.31, 4.1, 3.63, 3.48, 3.94, 4.05, 3.86, 4.56, 5.46, 6.74, 6.64, 5.22, 4.73, 4.91, 4.45, 4.23, 3.64, 3.07, 2.15, 0.99, 1.13, 0, 0.94, 1.06, 1.2, 1.34, 2.01, 2.82, 3.91, 5.08, 5.32, 4.74, 4.54, 5.353, 6.531, 7.261, 7.957, 8.296, 8.083, 8.181, 8.428, 8.303, 7.826, 7.156, 7.796, 8.436, 9.113, 9.658, 10.638, 11.399, 11.01, 10.831, 11.146, 11.813, 11.387, 10.877, 10.837, 10.56, 10.41, 10.546, 9.818, 8.721, 7.991, 7.645, 7.311, 7.241, 6.69, 5.85, 5.81, 5.6, 4.47, 3.92, 4.02, 4.09, 3.22, 3.37, 4.87, 4.981, 4.53, 4.61, 4.56], [4.49, 3.96, 3.84, 4.06, 4.26, 4.27, 3.98, 3.55, 3.46, 3.9, 4.01, 3.84, 4.56, 5.48, 6.773, 6.673, 5.24, 4.65, 4.89, 4.47, 4.21, 3.58, 2.91, 2.09, 1.01, 1.21, 0.94, 0, 0.74, 1.26, 1.34, 1.95, 2.844, 3.95, 5.04, 5.36, 4.78, 4.56, 5.385, 6.56, 7.286, 7.983, 8.328, 8.115, 8.212, 8.439, 8.335, 7.858, 7.188, 7.828, 8.468, 9.145, 9.684, 10.661, 11.366, 11.04, 10.856, 11.168, 11.845, 11.412, 10.902, 10.862, 10.585, 10.435, 10.554, 9.826, 8.77, 8.013, 7.676, 7.345, 7.255, 6.71, 5.83, 5.63, 5.44, 4.21, 3.78, 3.76, 3.95, 3.16, 3.29, 4.89, 5.012, 4.59, 4.61, 4.54], [4.55, 4.08, 4.0, 4.24, 4.4, 4.43, 4.18, 3.71, 3.66, 4.08, 4.17, 4.02, 4.74, 5.58, 6.82, 6.7, 5.34, 4.71, 4.87, 4.45, 4.07, 3.62, 3.05, 2.19, 1.27, 1.55, 1.06, 0.74, 0, 0.98, 1.22, 1.99, 2.92, 3.99, 5.1, 5.42, 4.82, 4.62, 5.425, 6.602, 7.321, 8.006, 8.366, 8.154, 8.232, 8.499, 8.355, 7.898, 7.228, 7.868, 8.508, 9.165, 9.716, 10.699, 11.387, 11.049, 10.891, 11.195, 11.884, 11.427, 10.917, 10.877, 10.6, 10.45, 10.586, 9.849, 8.79, 8.06, 7.716, 7.37, 7.272, 6.75, 5.85, 5.65, 5.38, 4.11, 3.78, 3.82, 4.05, 3.2, 3.31, 4.99, 5.09, 4.67, 4.69, 4.6], [4.21, 3.68, 3.64, 3.94, 3.94, 3.97, 3.68, 3.41, 3.18, 3.54, 3.65, 3.48, 4.2, 5.06, 6.28, 6.16, 4.84, 4.15, 4.35, 3.93, 3.57, 3.3, 2.63, 1.83, 1.19, 1.51, 1.2, 1.26, 0.98, 0, 0.72, 1.57, 2.5, 3.63, 4.7, 4.98, 4.42, 4.26, 4.9, 6.04, 6.756, 7.439, 7.802, 7.589, 7.67, 7.9, 7.81, 7.332, 6.7, 7.38, 7.98, 8.619, 9.16, 10.16, 10.911, 10.52, 10.33, 10.644, 11.319, 10.869, 10.359, 10.319, 10.039, 9.892, 10.027, 9.305, 8.33, 7.6, 7.22, 6.84, 6.75, 6.23, 5.63, 5.93, 5.54, 4.35, 4.08, 4.32, 4.47, 3.44, 3.41, 4.65, 4.57, 4.33, 4.51, 4.6], [4.05, 3.58, 3.54, 3.7, 3.66, 3.69, 3.46, 3.07, 2.98, 3.42, 3.51, 3.34, 4.02, 4.84, 6.06, 5.94, 4.6, 3.97, 4.11, 3.71, 3.41, 3.08, 2.53, 1.77, 1.27, 1.63, 1.34, 1.34, 1.22, 0.72, 0, 1.13, 2.18, 3.35, 4.4, 4.68, 4.14, 3.96, 4.62, 5.8, 6.522, 7.222, 7.576, 7.349, 7.45, 7.68, 7.59, 7.17, 6.52, 7.2, 7.8, 8.38, 8.94, 9.92, 10.66, 10.3, 10.11, 10.41, 11.079, 10.652, 10.142, 10.102, 9.825, 9.686, 9.836, 9.14, 8.07, 7.34, 7.02, 6.66, 6.57, 6.05, 5.53, 5.75, 5.4, 4.31, 4.1, 4.12, 4.31, 3.28, 3.25, 4.47, 4.41, 4.15, 4.37, 4.46], [3.34, 3.03, 3.13, 3.15, 2.95, 3.02, 2.75, 2.3, 2.41, 2.67, 2.68, 2.51, 3.15, 3.93, 5.07, 4.95, 3.75, 3.4, 3.46, 3.1, 3.18, 2.67, 2.4, 1.58, 1.62, 2.26, 2.01, 1.95, 1.99, 1.57, 1.13, 0, 1.21, 2.58, 3.65, 3.73, 3.23, 3.01, 3.63, 4.81, 5.51, 6.201, 6.57, 6.34, 6.44, 6.75, 6.6, 6.2, 5.73, 6.27, 6.83, 7.37, 7.93, 8.91, 9.69, 9.37, 9.1, 9.46, 10.13, 9.66, 9.15, 9.081, 8.803, 8.665, 8.85, 8.17, 7.08, 6.43, 6.05, 5.77, 5.68, 5.3, 4.92, 5.18, 4.95, 4.42, 3.99, 3.77, 3.66, 2.79, 2.74, 3.7, 3.56, 3.34, 3.6, 3.75], [3.09, 3.0, 2.92, 2.92, 2.58, 2.55, 2.34, 2.03, 2.04, 2.04, 2.01, 2.02, 2.2, 2.98, 4.16, 4.08, 3.2, 3.23, 3.29, 3.05, 3.37, 2.68, 2.57, 2.05, 2.47, 3.114, 2.82, 2.844, 2.92, 2.5, 2.18, 1.21, 0, 1.93, 3.02, 3.04, 2.62, 2.34, 2.9, 3.94, 4.62, 5.319, 5.66, 5.43, 5.59, 5.98, 5.87, 5.43, 5.2, 5.5, 6.08, 6.56, 7.04, 8.14, 8.86, 8.66, 8.39, 8.77, 9.28, 8.81, 8.28, 8.2, 7.94, 7.79, 8.0, 7.44, 6.49, 5.84, 5.28, 5.06, 4.99, 4.71, 4.63, 5.07, 5.04, 4.53, 3.86, 3.52, 3.09, 2.28, 2.33, 3.03, 2.91, 2.99, 3.07, 3.38], [2.26, 2.27, 2.15, 2.09, 1.89, 1.92, 1.89, 1.88, 1.97, 2.07, 2.08, 2.25, 2.49, 2.83, 3.71, 3.67, 2.97, 3.0, 3.12, 2.98, 3.1, 2.43, 2.28, 2.7, 3.6, 4.26, 3.91, 3.95, 3.99, 3.63, 3.35, 2.58, 1.93, 0, 1.67, 1.65, 1.31, 1.65, 1.89, 2.83, 3.529, 4.27, 4.595, 4.38, 4.46, 4.67, 4.64, 4.214, 3.63, 4.27, 4.85, 5.41, 5.93, 6.91, 7.73, 7.37, 7.12, 7.454, 8.092, 7.662, 7.152, 7.112, 6.832, 6.685, 6.855, 6.15, 5.02, 4.37, 4.05, 3.79, 3.86, 3.52, 3.54, 4.12, 4.13, 3.8, 2.99, 2.39, 1.92, 1.69, 1.82, 1.72, 2.42, 2.4, 2.46, 2.65], [2.29, 2.38, 2.4, 2.32, 2.02, 2.17, 2.46, 2.55, 3.08, 3.06, 3.05, 3.22, 3.12, 2.92, 3.36, 3.36, 2.96, 3.11, 2.93, 2.87, 2.93, 2.52, 3.07, 3.91, 4.71, 5.41, 5.08, 5.04, 5.1, 4.7, 4.4, 3.65, 3.02, 1.67, 0, 0.8, 1.08, 1.52, 1.6, 2.06, 2.52, 3.44, 3.64, 3.35, 3.33, 3.6, 3.55, 3.13, 2.94, 3.18, 3.74, 4.16, 4.72, 5.74, 6.552, 6.3, 5.97, 6.37, 6.9, 6.45, 5.98, 5.94, 5.78, 5.59, 5.8, 5.1, 4.11, 3.6, 3.22, 3.2, 3.47, 3.31, 3.37, 3.81, 4.04, 3.71, 3.24, 2.64, 2.45, 2.48, 2.45, 1.67, 2.25, 2.47, 2.55, 2.7], [2.07, 2.16, 2.26, 2.2, 1.76, 1.85, 2.1, 2.47, 3.0, 2.9, 2.91, 3.14, 2.92, 2.66, 2.96, 2.92, 2.48, 2.85, 2.67, 2.55, 2.77, 2.46, 3.13, 4.03, 4.99, 5.53, 5.32, 5.36, 5.42, 4.98, 4.68, 3.73, 3.04, 1.65, 0.8, 0, 0.84, 1.42, 1.26, 1.76, 2.14, 3.06, 3.24, 2.99, 3.07, 3.28, 3.25, 2.81, 2.72, 2.96, 3.46, 3.88, 4.42, 5.46, 6.289, 6.02, 5.69, 6.07, 6.56, 6.144, 5.66, 5.62, 5.46, 5.27, 5.46, 4.78, 3.93, 3.38, 2.96, 2.92, 3.11, 2.89, 3.19, 3.73, 3.78, 3.61, 3.26, 2.68, 2.37, 2.54, 2.41, 1.45, 1.87, 2.23, 2.25, 2.4], [1.67, 1.66, 1.68, 1.64, 1.3, 1.37, 1.64, 2.01, 2.56, 2.54, 2.51, 2.74, 2.58, 2.2, 2.7, 2.7, 2.18, 2.35, 2.27, 2.19, 2.25, 1.86, 2.57, 3.51, 4.45, 4.97, 4.74, 4.78, 4.82, 4.42, 4.14, 3.23, 2.62, 1.31, 1.08, 0.84, 0, 0.82, 0.98, 1.86, 2.619, 3.351, 3.674, 3.47, 3.55, 3.84, 3.79, 3.33, 2.86, 3.34, 3.94, 4.48, 5.04, 6.04, 6.889, 6.6, 6.27, 6.65, 7.18, 6.761, 6.251, 6.211, 5.951, 5.804, 5.977, 5.34, 4.37, 3.64, 3.28, 3.0, 2.95, 2.69, 2.83, 3.35, 3.44, 3.15, 2.6, 2.1, 1.69, 1.98, 1.85, 1.23, 1.57, 1.91, 1.91, 2.08], [1.45, 1.5, 1.46, 1.5, 1.32, 1.33, 1.6, 1.87, 2.5, 2.46, 2.41, 2.6, 2.42, 2.1, 2.58, 2.52, 1.94, 2.07, 1.95, 1.75, 2.03, 1.54, 2.43, 3.33, 4.27, 4.87, 4.54, 4.56, 4.62, 4.26, 3.96, 3.01, 2.34, 1.65, 1.52, 1.42, 0.82, 0, 1.3, 2.28, 2.916, 3.628, 3.951, 3.81, 3.91, 4.28, 4.19, 3.75, 3.3, 3.76, 4.36, 4.82, 5.34, 6.46, 7.217, 7.0, 6.69, 7.11, 7.64, 7.15, 6.6, 6.54, 6.28, 6.156, 6.369, 5.76, 4.73, 4.04, 3.62, 3.4, 3.27, 2.89, 2.71, 3.23, 3.28, 2.83, 2.38, 2.1, 1.67, 1.76, 1.71, 1.55, 1.49, 1.59, 1.63, 1.88], [1.69, 1.8, 1.78, 1.64, 1.48, 1.51, 1.68, 2.09, 2.54, 2.4, 2.33, 2.48, 2.26, 1.8, 2.08, 1.98, 1.72, 1.99, 1.81, 1.97, 2.53, 2.44, 2.95, 3.757, 4.861, 5.461, 5.353, 5.385, 5.425, 4.9, 4.62, 3.63, 2.9, 1.89, 1.6, 1.26, 0.98, 1.3, 0, 1.28, 2.04, 2.645, 3.0, 2.79, 2.97, 3.38, 3.29, 2.87, 2.6, 3.0, 3.44, 3.86, 4.44, 5.74, 6.4, 6.12, 5.87, 6.25, 6.72, 6.21, 5.68, 5.58, 5.34, 5.21, 5.46, 4.98, 4.09, 3.46, 2.98, 2.6, 2.55, 2.37, 2.83, 3.49, 3.56, 3.57, 3.2, 2.68, 2.21, 2.531, 2.278, 1.55, 1.47, 2.03, 2.07, 2.24], [2.47, 2.84, 2.82, 2.62, 2.32, 2.31, 2.6, 3.13, 3.36, 2.94, 2.85, 3.04, 2.64, 2.18, 1.98, 1.9, 2.08, 2.55, 2.27, 2.85, 3.49, 3.56, 4.043, 4.838, 6.038, 6.578, 6.531, 6.56, 6.602, 6.04, 5.8, 4.81, 3.94, 2.83, 2.06, 1.76, 1.86, 2.28, 1.28, 0, 0.94, 1.74, 2.12, 1.81, 1.83, 2.3, 2.29, 1.91, 2.16, 2.24, 2.56, 3.0, 3.62, 5.12, 5.6, 5.1, 4.79, 5.23, 5.54, 5.03, 4.48, 4.42, 4.14, 4.01, 4.32, 4.02, 3.49, 3.06, 2.62, 2.28, 2.27, 2.41, 3.27, 3.83, 3.92, 4.35, 4.231, 3.519, 3.269, 3.708, 3.435, 2.03, 2.01, 2.73, 2.67, 2.86], [2.97, 3.448, 3.502, 3.36, 3.08, 3.07, 3.38, 3.93, 4.16, 3.72, 3.55, 3.76, 3.32, 2.78, 2.1, 2.0, 2.58, 3.13, 2.85, 3.29, 4.01, 4.122, 4.823, 5.598, 6.794, 7.331, 7.261, 7.286, 7.321, 6.756, 6.522, 5.51, 4.62, 3.529, 2.52, 2.14, 2.619, 2.916, 2.04, 0.94, 0, 1.14, 1.5, 1.51, 1.41, 1.78, 1.89, 1.49, 2.12, 1.88, 2.2, 2.7, 3.16, 4.58, 5.08, 4.54, 4.31, 4.69, 4.94, 4.41, 3.8, 3.76, 3.52, 3.39, 3.76, 3.64, 3.17, 2.78, 2.3, 2.22, 2.31, 2.59, 3.43, 3.95, 4.16, 4.75, 4.892, 4.155, 3.969, 4.428, 4.155, 2.63, 2.51, 3.01, 2.99, 3.12], [3.546, 4.084, 4.205, 3.988, 3.794, 3.79, 4.1, 4.598, 4.699, 4.22, 4.11, 4.34, 3.7, 3.06, 1.9, 1.84, 3.04, 3.78, 3.479, 3.91, 4.598, 4.745, 5.537, 6.309, 7.499, 8.036, 7.957, 7.983, 8.006, 7.439, 7.222, 6.201, 5.319, 4.27, 3.44, 3.06, 3.351, 3.628, 2.645, 1.74, 1.14, 0, 0.88, 0.95, 1.31, 1.9, 2.07, 1.75, 2.2, 2.14, 2.32, 2.6, 3.06, 4.42, 4.78, 4.12, 3.85, 4.25, 4.46, 3.95, 3.42, 3.28, 3.06, 2.89, 3.3, 3.36, 3.07, 2.78, 2.44, 2.22, 2.21, 2.55, 3.43, 3.93, 4.3, 5.249, 5.618, 4.901, 4.648, 5.118, 4.857, 3.41, 3.03, 3.526, 3.49, 3.66], [3.869, 4.413, 4.528, 4.311, 4.137, 4.113, 4.423, 4.921, 5.022, 4.557, 4.47, 4.66, 4.1, 3.52, 2.34, 2.22, 3.424, 4.171, 3.791, 4.213, 4.921, 5.068, 5.86, 6.643, 7.843, 8.38, 8.296, 8.328, 8.366, 7.802, 7.576, 6.57, 5.66, 4.595, 3.64, 3.24, 3.674, 3.951, 3.0, 2.12, 1.5, 0.88, 0, 0.79, 1.13, 1.54, 1.79, 1.37, 1.98, 1.9, 2.06, 2.3, 2.62, 3.9, 4.24, 3.62, 3.35, 3.67, 3.98, 3.53, 3.14, 2.98, 2.8, 2.51, 2.9, 3.04, 2.79, 2.5, 2.12, 2.04, 2.05, 2.39, 3.21, 3.59, 4.1, 5.492, 5.961, 5.225, 4.991, 5.473, 5.22, 3.515, 3.358, 3.889, 3.821, 3.951], [3.636, 4.201, 4.315, 4.098, 3.904, 3.912, 4.219, 4.728, 4.809, 4.35, 4.24, 4.47, 3.85, 3.31, 2.33, 2.09, 3.128, 3.97, 3.633, 4.026, 4.708, 4.875, 5.647, 6.431, 7.63, 8.167, 8.083, 8.115, 8.154, 7.589, 7.349, 6.34, 5.43, 4.38, 3.35, 2.99, 3.47, 3.81, 2.79, 1.81, 1.51, 0.95, 0.79, 0, 0.84, 1.31, 1.42, 1.28, 1.59, 1.53, 1.67, 1.93, 2.53, 3.95, 4.35, 3.69, 3.34, 3.8, 4.03, 3.6, 3.03, 2.87, 2.81, 2.56, 2.97, 2.69, 2.42, 2.21, 1.81, 1.73, 1.8, 2.18, 2.98, 3.42, 3.79, 5.279, 5.728, 4.991, 4.802, 5.261, 5.007, 3.56, 3.32, 3.68, 3.68, 3.75], [3.733, 4.291, 4.412, 4.209, 4.007, 4.0, 4.31, 4.82, 5.01, 4.59, 4.38, 4.55, 4.21, 3.61, 2.67, 2.49, 3.33, 4.06, 3.68, 4.186, 4.823, 4.976, 5.75, 6.516, 7.707, 8.244, 8.181, 8.212, 8.232, 7.67, 7.45, 6.44, 5.59, 4.46, 3.33, 3.07, 3.55, 3.91, 2.97, 1.83, 1.41, 1.31, 1.13, 0.84, 0, 0.77, 1.0, 0.9, 1.53, 1.23, 1.27, 1.55, 2.17, 3.61, 4.09, 3.47, 3.22, 3.62, 3.91, 3.42, 2.77, 2.79, 2.57, 2.4, 2.75, 2.53, 2.08, 1.77, 1.43, 1.67, 1.86, 2.22, 3.0, 3.4, 3.79, 5.33, 5.799, 5.048, 4.875, 5.338, 5.085, 3.62, 3.38, 3.76, 3.74, 3.83], [4.021, 4.545, 4.659, 4.442, 4.26, 4.29, 4.6, 5.15, 5.38, 4.96, 4.77, 4.94, 4.7, 4.08, 3.18, 2.96, 3.78, 4.37, 4.03, 4.55, 5.084, 5.217, 5.975, 6.775, 7.975, 8.515, 8.428, 8.439, 8.499, 7.9, 7.68, 6.75, 5.98, 4.67, 3.6, 3.28, 3.84, 4.28, 3.38, 2.3, 1.78, 1.9, 1.54, 1.31, 0.77, 0, 0.73, 1.09, 1.62, 1.14, 1.12, 1.46, 1.98, 3.32, 3.9, 3.2, 3.01, 3.35, 3.6, 3.09, 2.6, 2.68, 2.44, 2.33, 2.58, 2.32, 1.91, 1.5, 1.46, 1.82, 1.97, 2.25, 3.07, 3.43, 3.8, 5.54, 6.035, 5.278, 5.125, 5.605, 5.352, 3.81, 3.73, 4.09, 4.07, 4.14], [3.876, 4.441, 4.555, 4.43, 4.159, 4.22, 4.51, 5.04, 5.33, 4.93, 4.68, 4.87, 4.65, 4.17, 3.31, 3.05, 3.77, 4.38, 4.06, 4.429, 4.974, 5.139, 5.893, 6.639, 7.83, 8.367, 8.303, 8.335, 8.355, 7.81, 7.59, 6.6, 5.87, 4.64, 3.55, 3.25, 3.79, 4.19, 3.29, 2.29, 1.89, 2.07, 1.79, 1.42, 1.0, 0.73, 0, 1.04, 1.59, 1.01, 1.15, 1.45, 2.01, 3.25, 3.83, 3.15, 2.98, 3.32, 3.67, 3.16, 2.67, 2.77, 2.65, 2.5, 2.63, 2.35, 1.94, 1.71, 1.49, 1.71, 1.96, 2.22, 2.94, 3.36, 3.73, 5.426, 5.922, 5.171, 5.042, 5.461, 5.208, 3.84, 3.74, 3.96, 3.96, 4.03], [3.399, 3.963, 4.096, 3.97, 3.722, 3.8, 4.09, 4.56, 4.83, 4.37, 4.22, 4.45, 4.31, 3.89, 2.93, 2.73, 3.423, 4.084, 3.724, 4.052, 4.517, 4.682, 5.429, 6.173, 7.353, 7.893, 7.826, 7.858, 7.898, 7.332, 7.17, 6.2, 5.43, 4.214, 3.13, 2.81, 3.33, 3.75, 2.87, 1.91, 1.49, 1.75, 1.37, 1.28, 0.9, 1.09, 1.04, 0, 1.19, 0.83, 1.11, 1.73, 2.25, 3.45, 4.05, 3.47, 3.2, 3.6, 4.03, 3.6, 3.13, 3.17, 2.99, 2.72, 2.89, 2.57, 2.06, 1.65, 1.21, 1.31, 1.54, 1.82, 2.58, 3.04, 3.41, 4.962, 5.448, 4.715, 4.525, 5.003, 4.731, 3.1, 3.06, 3.44, 3.42, 3.51], [2.81, 3.338, 3.44, 3.24, 3.12, 3.27, 3.74, 4.07, 4.3, 4.32, 4.29, 4.5, 4.44, 4.02, 3.14, 2.92, 3.499, 4.011, 3.671, 3.705, 3.945, 4.015, 4.751, 5.531, 6.721, 7.35, 7.156, 7.188, 7.228, 6.7, 6.52, 5.73, 5.2, 3.63, 2.94, 2.72, 2.86, 3.3, 2.6, 2.16, 2.12, 2.2, 1.98, 1.59, 1.53, 1.62, 1.59, 1.19, 0, 1.02, 1.5, 2.02, 2.72, 3.8, 4.5, 3.994, 3.73, 4.07, 4.693, 4.283, 3.773, 3.756, 3.476, 3.306, 3.5, 2.78, 1.91, 1.32, 1.16, 1.12, 1.23, 1.31, 1.79, 2.23, 2.56, 4.252, 4.755, 4.005, 3.895, 4.353, 4.101, 2.87, 2.85, 3.01, 2.99, 3.04], [3.373, 3.943, 4.086, 3.96, 3.72, 3.83, 4.18, 4.59, 4.92, 4.62, 4.41, 4.66, 4.52, 4.1, 3.24, 3.0, 3.639, 4.257, 3.937, 4.082, 4.507, 4.652, 5.399, 6.17, 7.303, 7.843, 7.796, 7.828, 7.868, 7.38, 7.2, 6.27, 5.5, 4.27, 3.18, 2.96, 3.34, 3.76, 3.0, 2.24, 1.88, 2.14, 1.9, 1.53, 1.23, 1.14, 1.01, 0.83, 1.02, 0, 0.92, 1.54, 2.24, 3.42, 4.04, 3.56, 3.27, 3.61, 4.12, 3.67, 3.14, 3.12, 2.9, 2.71, 2.88, 2.4, 1.79, 1.42, 1.02, 1.06, 1.43, 1.65, 2.33, 2.75, 3.0, 4.892, 5.395, 4.645, 4.555, 4.993, 4.721, 3.43, 3.29, 3.55, 3.55, 3.62], [4.03, 4.563, 4.706, 4.56, 4.36, 4.45, 4.74, 5.21, 5.52, 5.06, 4.89, 5.16, 5.02, 4.5, 3.54, 3.34, 4.173, 4.677, 4.397, 4.622, 5.127, 5.292, 6.039, 6.79, 7.943, 8.483, 8.436, 8.468, 8.508, 7.98, 7.8, 6.83, 6.08, 4.85, 3.74, 3.46, 3.94, 4.36, 3.44, 2.56, 2.2, 2.32, 2.06, 1.67, 1.27, 1.12, 1.15, 1.11, 1.5, 0.92, 0, 1.04, 1.62, 2.98, 3.52, 2.86, 2.73, 3.15, 3.56, 3.11, 2.54, 2.48, 2.28, 2.11, 2.44, 2.02, 1.41, 1.28, 1.3, 1.54, 1.67, 2.03, 2.79, 3.27, 3.456, 5.543, 6.038, 5.305, 5.155, 5.613, 5.341, 3.89, 3.79, 4.13, 4.09, 4.2], [4.666, 5.231, 5.345, 5.16, 4.94, 4.99, 5.32, 5.75, 6.02, 5.68, 5.53, 5.66, 5.38, 4.92, 4.04, 3.8, 4.54, 5.203, 4.805, 5.119, 5.736, 5.889, 6.69, 7.461, 8.637, 9.181, 9.113, 9.145, 9.165, 8.619, 8.38, 7.37, 6.56, 5.41, 4.16, 3.88, 4.48, 4.82, 3.86, 3.0, 2.7, 2.6, 2.3, 1.93, 1.55, 1.46, 1.45, 1.73, 2.02, 1.54, 1.04, 0, 1.04, 2.36, 2.84, 2.38, 2.11, 2.43, 2.92, 2.37, 1.94, 1.86, 1.78, 1.55, 1.88, 1.36, 1.09, 1.52, 1.72, 2.0, 2.17, 2.55, 3.341, 3.772, 4.124, 6.233, 6.729, 5.978, 5.812, 6.271, 5.998, 4.57, 4.45, 4.77, 4.79, 4.84], [5.25, 5.84, 5.996, 5.74, 5.52, 5.53, 5.8, 6.31, 6.58, 6.22, 6.31, 6.52, 6.02, 5.58, 4.56, 4.38, 5.3, 5.91, 5.53, 5.63, 6.33, 6.46, 7.258, 8.07, 9.212, 9.768, 9.658, 9.684, 9.716, 9.16, 8.94, 7.93, 7.04, 5.93, 4.72, 4.42, 5.04, 5.34, 4.44, 3.62, 3.16, 3.06, 2.62, 2.53, 2.17, 1.98, 2.01, 2.25, 2.72, 2.24, 1.62, 1.04, 0, 1.56, 2.22, 1.88, 1.69, 2.03, 2.46, 1.95, 1.64, 1.72, 1.6, 1.43, 1.46, 1.26, 1.37, 1.78, 2.08, 2.56, 2.67, 3.17, 3.99, 4.283, 4.678, 6.79, 7.266, 6.532, 6.379, 6.822, 6.569, 4.89, 4.81, 5.25, 5.189, 5.28], [6.25, 6.84, 7.02, 6.74, 6.5, 6.57, 6.92, 7.31, 7.66, 7.48, 7.59, 7.84, 7.44, 6.98, 6.0, 5.84, 6.66, 7.35, 6.99, 6.85, 7.33, 7.46, 8.29, 9.09, 10.195, 10.83, 10.638, 10.661, 10.699, 10.16, 9.92, 8.91, 8.14, 6.91, 5.74, 5.46, 6.04, 6.46, 5.74, 5.12, 4.58, 4.42, 3.9, 3.95, 3.61, 3.32, 3.25, 3.45, 3.8, 3.42, 2.98, 2.36, 1.56, 0, 1.22, 1.02, 1.49, 1.45, 1.72, 1.55, 1.98, 2.02, 2.04, 1.91, 1.74, 1.72, 2.29, 2.78, 3.08, 3.62, 3.87, 4.31, 4.975, 5.226, 5.688, 7.817, 8.266, 7.515, 7.342, 7.805, 7.552, 5.85, 5.81, 6.21, 6.143, 6.26], [7.032, 7.542, 7.651, 7.46, 7.36, 7.396, 7.76, 8.19, 8.32, 8.02, 8.09, 8.4, 7.88, 7.34, 6.32, 6.2, 7.2, 7.89, 7.55, 7.596, 8.153, 8.268, 9.047, 9.784, 10.92, 11.512, 11.399, 11.366, 11.387, 10.911, 10.66, 9.69, 8.86, 7.73, 6.552, 6.289, 6.889, 7.217, 6.4, 5.6, 5.08, 4.78, 4.24, 4.35, 4.09, 3.9, 3.83, 4.05, 4.5, 4.04, 3.52, 2.84, 2.22, 1.22, 0, 1.12, 1.81, 1.69, 1.9, 1.73, 2.04, 1.88, 2.1, 2.15, 1.96, 2.3, 2.99, 3.58, 3.92, 4.18, 4.31, 4.87, 5.666, 5.874, 6.459, 8.569, 9.029, 8.195, 8.051, 8.545, 8.263, 6.71, 6.59, 6.97, 6.849, 6.953], [6.622, 7.139, 7.268, 7.06, 6.98, 7.07, 7.36, 7.81, 7.8, 7.4, 7.33, 7.66, 7.22, 6.66, 5.58, 5.46, 6.56, 7.27, 6.99, 7.35, 7.799, 7.906, 8.624, 9.381, 10.555, 11.109, 11.01, 11.04, 11.049, 10.52, 10.3, 9.37, 8.66, 7.37, 6.3, 6.02, 6.6, 7.0, 6.12, 5.1, 4.54, 4.12, 3.62, 3.69, 3.47, 3.2, 3.15, 3.47, 3.994, 3.56, 2.86, 2.38, 1.88, 1.02, 1.12, 0, 1.09, 1.11, 1.42, 1.37, 1.7, 1.62, 1.7, 1.59, 1.52, 1.76, 2.45, 3.086, 3.54, 3.8, 3.887, 4.416, 5.263, 5.559, 6.02, 8.182, 8.643, 7.884, 7.702, 8.173, 7.917, 6.258, 6.13, 6.57, 6.49, 6.6], [6.433, 6.958, 7.101, 6.87, 6.71, 6.74, 7.05, 7.52, 7.55, 7.13, 7.1, 7.37, 6.79, 6.39, 5.17, 5.11, 6.15, 7.06, 6.68, 7.086, 7.512, 7.616, 8.417, 9.194, 10.385, 10.908, 10.831, 10.856, 10.891, 10.33, 10.11, 9.1, 8.39, 7.12, 5.97, 5.69, 6.27, 6.69, 5.87, 4.79, 4.31, 3.85, 3.35, 3.34, 3.22, 3.01, 2.98, 3.2, 3.73, 3.27, 2.73, 2.11, 1.69, 1.49, 1.81, 1.09, 0, 0.72, 1.23, 1.44, 1.73, 1.75, 1.93, 1.56, 1.45, 1.65, 2.18, 2.89, 3.31, 3.63, 3.72, 4.229, 5.068, 5.378, 5.842, 7.966, 8.462, 7.705, 7.512, 7.998, 7.745, 6.034, 5.86, 6.4, 6.345, 6.455], [6.737, 7.275, 7.404, 7.19, 7.07, 7.12, 7.43, 7.9, 7.87, 7.53, 7.5, 7.69, 7.21, 6.75, 5.63, 5.49, 6.53, 7.467, 7.075, 7.469, 7.86, 7.973, 8.72, 9.497, 10.688, 11.225, 11.146, 11.168, 11.195, 10.644, 10.41, 9.46, 8.77, 7.454, 6.37, 6.07, 6.65, 7.11, 6.25, 5.23, 4.69, 4.25, 3.67, 3.8, 3.62, 3.35, 3.32, 3.6, 4.07, 3.61, 3.15, 2.43, 2.03, 1.45, 1.69, 1.11, 0.72, 0, 0.89, 1.18, 1.73, 1.75, 1.85, 1.64, 1.43, 1.71, 2.52, 3.193, 3.676, 3.97, 4.04, 4.541, 5.371, 5.692, 6.163, 8.275, 8.776, 8.008, 7.835, 8.301, 8.048, 6.357, 6.24, 6.72, 6.662, 6.758], [7.366, 7.931, 8.045, 7.828, 7.64, 7.63, 7.94, 8.47, 8.519, 8.06, 7.95, 8.18, 7.54, 7.06, 5.9, 5.8, 6.858, 7.711, 7.383, 7.919, 8.438, 8.585, 9.366, 10.141, 11.341, 11.881, 11.813, 11.845, 11.884, 11.319, 11.079, 10.13, 9.28, 8.092, 6.9, 6.56, 7.18, 7.64, 6.72, 5.54, 4.94, 4.46, 3.98, 4.03, 3.91, 3.6, 3.67, 4.03, 4.693, 4.12, 3.56, 2.92, 2.46, 1.72, 1.9, 1.42, 1.23, 0.89, 0, 0.89, 1.6, 1.7, 1.88, 1.85, 1.62, 2.18, 3.19, 3.879, 4.26, 4.6, 4.699, 5.141, 6.041, 6.368, 6.824, 8.94, 9.435, 8.678, 8.502, 8.991, 8.718, 6.992, 6.87, 7.406, 7.338, 7.448], [6.95, 7.514, 7.635, 7.418, 7.224, 7.22, 7.53, 8.04, 8.109, 7.63, 7.54, 7.73, 7.15, 6.49, 5.47, 5.31, 6.39, 7.261, 6.893, 7.429, 8.008, 8.155, 8.956, 9.731, 10.927, 11.464, 11.387, 11.412, 11.427, 10.869, 10.652, 9.66, 8.81, 7.662, 6.45, 6.144, 6.761, 7.15, 6.21, 5.03, 4.41, 3.95, 3.53, 3.6, 3.42, 3.09, 3.16, 3.6, 4.283, 3.67, 3.11, 2.37, 1.95, 1.55, 1.73, 1.37, 1.44, 1.18, 0.89, 0, 0.99, 1.33, 1.29, 1.32, 1.13, 1.67, 2.699, 3.409, 3.796, 4.123, 4.191, 4.731, 5.618, 5.931, 6.405, 8.523, 9.018, 8.252, 8.065, 8.548, 8.284, 6.582, 6.44, 6.936, 6.868, 6.978], [6.44, 7.004, 7.125, 6.908, 6.714, 6.71, 7.02, 7.518, 7.619, 7.16, 7.01, 7.18, 6.6, 5.92, 4.78, 4.68, 5.843, 6.699, 6.322, 6.899, 7.498, 7.645, 8.446, 9.221, 10.417, 10.953, 10.877, 10.902, 10.917, 10.359, 10.142, 9.15, 8.28, 7.152, 5.98, 5.66, 6.251, 6.6, 5.68, 4.48, 3.8, 3.42, 3.14, 3.03, 2.77, 2.6, 2.67, 3.13, 3.773, 3.14, 2.54, 1.94, 1.64, 1.98, 2.04, 1.7, 1.73, 1.73, 1.6, 0.99, 0, 0.8, 0.88, 1.03, 1.06, 1.38, 2.289, 2.919, 3.3, 3.633, 3.701, 4.221, 5.108, 5.431, 5.895, 8.013, 8.508, 7.742, 7.555, 8.038, 7.774, 6.15, 5.95, 6.423, 6.358, 6.452], [6.4, 6.964, 7.085, 6.868, 6.674, 6.67, 6.98, 7.478, 7.559, 7.074, 6.97, 7.22, 6.44, 5.94, 4.74, 4.66, 5.918, 6.663, 6.365, 6.816, 7.475, 7.625, 8.417, 9.189, 10.379, 10.916, 10.837, 10.862, 10.877, 10.319, 10.102, 9.081, 8.2, 7.112, 5.94, 5.62, 6.211, 6.54, 5.58, 4.42, 3.76, 3.28, 2.98, 2.87, 2.79, 2.68, 2.77, 3.17, 3.756, 3.12, 2.48, 1.86, 1.72, 2.02, 1.88, 1.62, 1.75, 1.75, 1.7, 1.33, 0.8, 0, 0.7, 0.81, 1.12, 1.42, 2.229, 2.899, 3.228, 3.533, 3.681, 4.201, 5.071, 5.378, 5.848, 7.976, 8.471, 7.705, 7.521, 7.998, 7.737, 6.21, 5.99, 6.383, 6.338, 6.412], [6.123, 6.687, 6.81, 6.605, 6.411, 6.41, 6.72, 7.215, 7.296, 6.834, 6.701, 6.92, 6.28, 5.6, 4.52, 4.4, 5.64, 6.388, 6.082, 6.559, 7.215, 7.365, 8.154, 8.917, 10.102, 10.639, 10.56, 10.585, 10.6, 10.039, 9.825, 8.803, 7.94, 6.832, 5.78, 5.46, 5.951, 6.28, 5.34, 4.14, 3.52, 3.06, 2.8, 2.81, 2.57, 2.44, 2.65, 2.99, 3.476, 2.9, 2.28, 1.78, 1.6, 2.04, 2.1, 1.7, 1.93, 1.85, 1.88, 1.29, 0.88, 0.7, 0, 0.71, 1.0, 1.36, 2.01, 2.639, 2.928, 3.273, 3.401, 3.961, 4.799, 5.1, 5.567, 7.699, 8.194, 7.428, 7.264, 7.721, 7.462, 6.01, 5.67, 6.103, 6.028, 6.132], [5.979, 6.537, 6.658, 6.441, 6.247, 6.243, 6.553, 7.071, 7.132, 6.647, 6.56, 6.75, 6.09, 5.59, 4.426, 4.303, 5.434, 6.25, 5.915, 6.392, 7.051, 7.198, 7.99, 8.762, 9.952, 10.489, 10.41, 10.435, 10.45, 9.892, 9.686, 8.665, 7.79, 6.685, 5.59, 5.27, 5.804, 6.156, 5.21, 4.01, 3.39, 2.89, 2.51, 2.56, 2.4, 2.33, 2.5, 2.72, 3.306, 2.71, 2.11, 1.55, 1.43, 1.91, 2.15, 1.59, 1.56, 1.64, 1.85, 1.32, 1.03, 0.81, 0.71, 0, 0.83, 1.15, 1.82, 2.472, 2.841, 3.126, 3.213, 3.759, 4.644, 4.95, 5.417, 7.549, 8.044, 7.278, 7.09, 7.571, 7.31, 5.74, 5.448, 5.956, 5.881, 5.985], [6.146, 6.69, 6.813, 6.61, 6.417, 6.424, 6.752, 7.241, 7.342, 6.86, 6.81, 7.0, 6.44, 5.82, 4.776, 4.653, 5.644, 6.554, 6.171, 6.642, 7.221, 7.388, 8.16, 8.92, 10.105, 10.66, 10.546, 10.554, 10.586, 10.027, 9.836, 8.85, 8.0, 6.855, 5.8, 5.46, 5.977, 6.369, 5.46, 4.32, 3.76, 3.3, 2.9, 2.97, 2.75, 2.58, 2.63, 2.89, 3.5, 2.88, 2.44, 1.88, 1.46, 1.74, 1.96, 1.52, 1.45, 1.43, 1.62, 1.13, 1.06, 1.12, 1.0, 0.83, 0, 1.16, 2.05, 2.602, 2.989, 3.336, 3.423, 3.943, 4.814, 5.11, 5.557, 7.684, 8.18, 7.425, 7.226, 7.709, 7.465, 5.895, 5.658, 6.089, 6.014, 6.098], [5.43, 5.982, 6.105, 5.9, 5.72, 5.81, 6.18, 6.57, 6.62, 6.38, 6.31, 6.5, 6.18, 5.74, 4.8, 4.56, 5.32, 6.23, 5.79, 6.13, 6.53, 6.66, 7.45, 8.218, 9.374, 9.97, 9.818, 9.826, 9.849, 9.305, 9.14, 8.17, 7.44, 6.15, 5.1, 4.78, 5.34, 5.76, 4.98, 4.02, 3.64, 3.36, 3.04, 2.69, 2.53, 2.32, 2.35, 2.57, 2.78, 2.4, 2.02, 1.36, 1.26, 1.72, 2.3, 1.76, 1.65, 1.71, 2.18, 1.67, 1.38, 1.42, 1.36, 1.15, 1.16, 0, 1.23, 1.94, 2.28, 2.66, 2.87, 3.31, 4.092, 4.405, 4.852, 6.974, 7.452, 6.7, 6.579, 6.987, 6.734, 5.25, 5.11, 5.43, 5.389, 5.439], [4.34, 4.99, 5.13, 4.87, 4.73, 4.86, 5.33, 5.5, 5.77, 5.79, 5.7, 5.97, 5.81, 5.35, 4.49, 4.23, 4.83, 5.5, 5.14, 5.16, 5.5, 5.63, 6.44, 7.2, 8.28, 9.02, 8.721, 8.77, 8.79, 8.33, 8.07, 7.08, 6.49, 5.02, 4.11, 3.93, 4.37, 4.73, 4.09, 3.49, 3.17, 3.07, 2.79, 2.42, 2.08, 1.91, 1.94, 2.06, 1.91, 1.79, 1.41, 1.09, 1.37, 2.29, 2.99, 2.45, 2.18, 2.52, 3.19, 2.699, 2.289, 2.229, 2.01, 1.82, 2.05, 1.23, 0, 1.01, 1.45, 1.81, 2.18, 2.5, 3.0, 3.38, 3.79, 5.92, 6.347, 5.599, 5.453, 5.889, 5.64, 4.34, 4.4, 4.4, 4.4, 4.43], [3.63, 4.24, 4.4, 4.14, 4.0, 4.17, 4.56, 4.87, 5.26, 5.26, 5.29, 5.52, 5.4, 4.96, 4.02, 3.8, 4.44, 5.03, 4.67, 4.51, 4.81, 4.84, 5.69, 6.47, 7.55, 8.25, 7.991, 8.013, 8.06, 7.6, 7.34, 6.43, 5.84, 4.37, 3.6, 3.38, 3.64, 4.04, 3.46, 3.06, 2.78, 2.78, 2.5, 2.21, 1.77, 1.5, 1.71, 1.65, 1.32, 1.42, 1.28, 1.52, 1.78, 2.78, 3.58, 3.086, 2.89, 3.193, 3.879, 3.409, 2.919, 2.899, 2.639, 2.472, 2.602, 1.94, 1.01, 0, 0.94, 1.38, 1.67, 1.93, 2.33, 2.61, 3.08, 5.17, 5.618, 4.869, 4.703, 5.156, 4.909, 3.69, 3.65, 3.65, 3.61, 3.68], [3.25, 3.88, 4.04, 3.88, 3.68, 3.79, 4.16, 4.43, 4.84, 4.72, 4.71, 4.98, 4.84, 4.38, 3.52, 3.26, 3.9, 4.57, 4.19, 4.03, 4.43, 4.56, 5.37, 6.13, 7.212, 7.87, 7.645, 7.676, 7.716, 7.22, 7.02, 6.05, 5.28, 4.05, 3.22, 2.96, 3.28, 3.62, 2.98, 2.62, 2.3, 2.44, 2.12, 1.81, 1.43, 1.46, 1.49, 1.21, 1.16, 1.02, 1.3, 1.72, 2.08, 3.08, 3.92, 3.54, 3.31, 3.676, 4.26, 3.796, 3.3, 3.228, 2.928, 2.841, 2.989, 2.28, 1.45, 0.94, 0, 0.72, 1.31, 1.57, 2.01, 2.35, 2.82, 4.821, 5.269, 4.547, 4.403, 4.822, 4.569, 3.37, 3.15, 3.29, 3.27, 3.32], [2.89, 3.44, 3.58, 3.46, 3.36, 3.45, 3.82, 4.19, 4.42, 4.3, 4.23, 4.5, 4.4, 3.92, 3.12, 2.82, 3.4, 4.07, 3.69, 3.69, 4.11, 4.26, 4.947, 5.69, 6.849, 7.41, 7.311, 7.345, 7.37, 6.84, 6.66, 5.77, 5.06, 3.79, 3.2, 2.92, 3.0, 3.4, 2.6, 2.28, 2.22, 2.22, 2.04, 1.73, 1.67, 1.82, 1.71, 1.31, 1.12, 1.06, 1.54, 2.0, 2.56, 3.62, 4.18, 3.8, 3.63, 3.97, 4.6, 4.123, 3.633, 3.533, 3.273, 3.126, 3.336, 2.66, 1.81, 1.38, 0.72, 0, 0.83, 1.13, 1.65, 2.17, 2.54, 4.51, 4.938, 4.193, 4.07, 4.48, 4.229, 3.23, 2.91, 3.03, 2.99, 3.04], [2.82, 3.35, 3.47, 3.31, 3.25, 3.36, 3.67, 4.08, 4.21, 3.93, 3.96, 4.23, 4.07, 3.63, 2.65, 2.45, 3.13, 3.82, 3.48, 3.6, 4.0, 4.15, 4.84, 5.56, 6.756, 7.293, 7.241, 7.255, 7.272, 6.75, 6.57, 5.68, 4.99, 3.86, 3.47, 3.11, 2.95, 3.27, 2.55, 2.27, 2.31, 2.21, 2.05, 1.8, 1.86, 1.97, 1.96, 1.54, 1.23, 1.43, 1.67, 2.17, 2.67, 3.87, 4.31, 3.887, 3.72, 4.04, 4.699, 4.191, 3.701, 3.681, 3.401, 3.213, 3.423, 2.87, 2.18, 1.67, 1.31, 0.83, 0, 0.62, 1.54, 2.12, 2.49, 4.46, 4.872, 4.15, 3.91, 4.378, 4.12, 3.04, 2.58, 2.9, 2.82, 2.91], [2.34, 2.79, 2.91, 2.79, 2.75, 2.86, 3.19, 3.66, 3.85, 3.71, 3.7, 3.95, 3.91, 3.47, 2.59, 2.33, 2.91, 3.5, 3.16, 3.22, 3.52, 3.63, 4.3, 5.02, 6.2, 6.74, 6.69, 6.71, 6.75, 6.23, 6.05, 5.3, 4.71, 3.52, 3.31, 2.89, 2.69, 2.89, 2.37, 2.41, 2.59, 2.55, 2.39, 2.18, 2.22, 2.25, 2.22, 1.82, 1.31, 1.65, 2.03, 2.55, 3.17, 4.31, 4.87, 4.416, 4.229, 4.541, 5.141, 4.731, 4.221, 4.201, 3.961, 3.759, 3.943, 3.31, 2.5, 1.93, 1.57, 1.13, 0.62, 0, 1.1, 1.78, 2.09, 3.94, 4.33, 3.71, 3.42, 3.85, 3.58, 2.72, 2.28, 2.46, 2.38, 2.49], [2.06, 2.37, 2.59, 2.59, 2.73, 2.78, 3.31, 3.68, 4.03, 4.19, 4.2, 4.45, 4.41, 3.95, 3.21, 2.87, 3.33, 3.7, 3.32, 2.98, 3.04, 3.17, 3.74, 4.48, 5.5, 6.22, 5.85, 5.83, 5.85, 5.63, 5.53, 4.92, 4.63, 3.54, 3.37, 3.19, 2.83, 2.71, 2.83, 3.27, 3.43, 3.43, 3.21, 2.98, 3.0, 3.07, 2.94, 2.58, 1.79, 2.33, 2.79, 3.341, 3.99, 4.975, 5.666, 5.263, 5.068, 5.371, 6.041, 5.618, 5.108, 5.071, 4.799, 4.644, 4.814, 4.092, 3.0, 2.33, 2.01, 1.65, 1.54, 1.1, 0, 1.02, 1.41, 3.14, 3.51, 3.09, 2.96, 3.15, 3.1, 3.02, 2.7, 2.24, 1.98, 1.99], [2.42, 2.75, 2.91, 2.85, 2.97, 3.12, 3.69, 3.92, 4.43, 4.63, 4.7, 4.97, 5.07, 4.65, 3.91, 3.47, 3.69, 4.02, 3.64, 3.26, 3.3, 3.29, 4.0, 4.7, 5.52, 6.26, 5.81, 5.63, 5.65, 5.93, 5.75, 5.18, 5.07, 4.12, 3.81, 3.73, 3.35, 3.23, 3.49, 3.83, 3.95, 3.93, 3.59, 3.42, 3.4, 3.43, 3.36, 3.04, 2.23, 2.75, 3.27, 3.772, 4.283, 5.226, 5.874, 5.559, 5.378, 5.692, 6.368, 5.931, 5.431, 5.378, 5.1, 4.95, 5.11, 4.405, 3.38, 2.61, 2.35, 2.17, 2.12, 1.78, 1.02, 0, 1.15, 2.9, 3.25, 2.79, 3.0, 3.43, 3.32, 3.66, 3.22, 2.58, 2.36, 2.03], [2.31, 2.5, 2.72, 2.78, 2.96, 3.09, 3.52, 3.77, 4.28, 4.56, 4.61, 4.9, 4.98, 4.58, 3.86, 3.48, 3.58, 3.53, 3.17, 2.75, 2.89, 2.92, 3.57, 4.29, 5.27, 6.05, 5.6, 5.44, 5.38, 5.54, 5.4, 4.95, 5.04, 4.13, 4.04, 3.78, 3.44, 3.28, 3.56, 3.92, 4.16, 4.3, 4.1, 3.79, 3.79, 3.8, 3.73, 3.41, 2.56, 3.0, 3.456, 4.124, 4.678, 5.688, 6.459, 6.02, 5.842, 6.163, 6.824, 6.405, 5.895, 5.848, 5.567, 5.417, 5.557, 4.852, 3.79, 3.08, 2.82, 2.54, 2.49, 2.09, 1.41, 1.15, 0, 2.29, 2.84, 2.76, 3.09, 3.36, 3.09, 3.59, 3.17, 2.51, 2.39, 2.12], [2.1, 2.13, 2.33, 2.53, 2.63, 2.68, 3.09, 3.24, 3.71, 4.05, 4.2, 4.35, 4.55, 4.29, 4.23, 3.97, 3.15, 2.84, 2.74, 2.22, 1.82, 2.03, 2.6, 3.42, 4.24, 4.9, 4.47, 4.21, 4.11, 4.35, 4.31, 4.42, 4.53, 3.8, 3.71, 3.61, 3.15, 2.83, 3.57, 4.35, 4.75, 5.249, 5.492, 5.279, 5.33, 5.54, 5.426, 4.962, 4.252, 4.892, 5.543, 6.233, 6.79, 7.817, 8.569, 8.182, 7.966, 8.275, 8.94, 8.523, 8.013, 7.976, 7.699, 7.549,