[[0, 0.77, 1.42, 1.52, 1.49, 1.83, 2.26, 2.35, 2.34, 2.68, 2.92, 2.9, 2.92, 2.76, 2.61, 2.53, 2.52, 2.26, 1.71, 1.48, 1.73, 1.89, 1.34, 1.89, 1.86, 2.26, 2.2, 2.13, 2.23, 2.4, 4.03, 8.12, 9.11, 9.45, 9.15, 8.34, 7.617, 7.238, 7.341, 7.698, 8.053, 9.01, 9.979, 10.96, 11.617, 11.299, 10.64, 10.192, 10.062, 10.122, 10.092, 9.919, 9.547, 8.934, 8.118, 7.021, 7.261, 7.874, 6.882, 6.492, 6.1, 6.384, 6.53, 6.814, 5.691, 3.83, 3.95, 3.93, 4.38, 4.28, 3.62, 3.72, 3.31, 2.1, 2.91, 4.53, 4.3, 3.51, 4.21, 4.45, 4.11, 3.77, 3.29, 3.04, 2.93, 2.48], [0.77, 0, 1.23, 1.31, 1.32, 1.48, 1.95, 2.12, 2.05, 2.47, 2.73, 2.81, 2.79, 2.65, 2.6, 2.48, 2.51, 2.27, 1.48, 1.39, 1.64, 1.86, 1.43, 1.94, 1.91, 2.31, 2.39, 2.18, 2.22, 2.37, 4.06, 8.15, 9.08, 9.42, 9.16, 8.35, 7.77, 7.286, 7.329, 7.686, 8.044, 9.017, 10.01, 11.056, 11.736, 11.449, 10.79, 10.342, 10.212, 10.292, 10.242, 10.109, 9.646, 8.99, 8.14, 7.077, 7.297, 7.97, 6.91, 6.48, 6.11, 6.48, 6.62, 6.876, 5.75, 3.98, 4.1, 4.08, 4.51, 4.39, 3.79, 3.91, 3.62, 2.51, 3.02, 4.72, 4.47, 3.74, 4.48, 4.7, 4.44, 4.08, 3.54, 3.25, 3.06, 2.55], [1.42, 1.23, 0, 1.02, 1.29, 1.33, 1.58, 1.87, 2.1, 2.78, 3.34, 3.2, 2.74, 2.78, 2.71, 2.57, 2.56, 2.62, 1.43, 1.44, 2.03, 2.51, 1.84, 1.91, 2.18, 2.0, 2.48, 2.75, 2.51, 2.64, 5.07, 9.14, 10.13, 10.47, 10.19, 9.38, 8.62, 8.272, 8.355, 8.712, 9.091, 10.047, 11.019, 12.003, 12.62, 12.319, 11.66, 11.272, 11.142, 11.104, 11.074, 10.922, 10.522, 9.911, 9.132, 8.038, 8.269, 8.877, 7.919, 7.529, 7.119, 7.347, 7.49, 7.791, 6.668, 4.79, 4.93, 4.91, 5.34, 5.24, 4.62, 4.76, 4.51, 3.26, 3.85, 5.53, 5.3, 4.49, 5.35, 5.57, 5.31, 4.95, 4.43, 4.1, 3.97, 3.5], [1.52, 1.31, 1.02, 0, 0.93, 1.03, 1.16, 1.53, 1.84, 2.68, 3.18, 3.04, 2.3, 2.44, 2.39, 2.33, 2.42, 2.62, 1.39, 1.24, 1.93, 2.41, 1.68, 1.89, 1.96, 1.74, 2.28, 2.65, 2.09, 2.32, 5.01, 9.08, 10.07, 10.41, 10.13, 9.32, 8.6, 8.213, 8.301, 8.658, 9.025, 9.975, 10.959, 11.943, 12.58, 12.273, 11.54, 11.146, 10.999, 11.059, 11.066, 10.876, 10.51, 9.894, 9.078, 7.981, 8.221, 8.837, 7.859, 7.469, 7.045, 7.347, 7.49, 7.774, 6.651, 4.79, 4.93, 4.91, 5.34, 5.24, 4.58, 4.66, 4.43, 3.12, 3.79, 5.53, 5.28, 4.59, 5.29, 5.51, 5.27, 4.91, 4.35, 3.98, 3.87, 3.52], [1.49, 1.32, 1.29, 0.93, 0, 0.78, 1.11, 1.1, 1.43, 2.43, 2.89, 2.85, 1.97, 2.13, 2.12, 2.08, 2.13, 2.33, 1.42, 1.41, 1.84, 2.24, 1.69, 1.98, 1.99, 1.93, 2.45, 2.72, 2.08, 2.19, 4.58, 8.61, 9.58, 9.92, 9.64, 8.83, 8.23, 7.769, 7.832, 8.186, 8.57, 9.549, 10.49, 11.519, 12.199, 11.957, 11.35, 10.887, 10.757, 10.797, 10.747, 10.614, 10.134, 9.45, 8.6, 7.537, 7.757, 8.43, 7.39, 7.02, 6.59, 6.94, 7.08, 7.339, 6.21, 4.5, 4.6, 4.54, 4.99, 4.87, 4.37, 4.51, 4.38, 3.03, 3.6, 5.22, 4.99, 4.58, 5.34, 5.5, 5.26, 4.94, 4.24, 3.91, 3.78, 3.17], [1.83, 1.48, 1.33, 1.03, 0.78, 0, 0.97, 0.98, 1.37, 2.33, 2.83, 2.89, 1.99, 2.13, 2.16, 2.06, 2.13, 2.37, 1.38, 1.37, 1.86, 2.38, 1.81, 2.22, 2.15, 2.09, 2.63, 2.8, 2.06, 2.21, 4.78, 8.81, 9.78, 10.16, 9.88, 9.07, 8.45, 7.946, 8.026, 8.374, 8.798, 9.766, 10.73, 11.736, 12.396, 12.114, 11.51, 11.044, 10.914, 10.994, 10.904, 10.772, 10.332, 9.65, 8.8, 7.737, 7.957, 8.63, 7.63, 7.231, 6.81, 7.14, 7.28, 7.533, 6.41, 4.62, 4.76, 4.72, 5.15, 5.03, 4.51, 4.69, 4.56, 3.17, 3.72, 5.38, 5.15, 4.9, 5.52, 5.66, 5.42, 5.06, 4.54, 4.15, 3.96, 3.51], [2.26, 1.95, 1.58, 1.16, 1.11, 0.97, 0, 0.79, 1.64, 2.74, 3.36, 3.3, 2.24, 2.5, 2.37, 2.29, 2.46, 2.74, 1.71, 1.68, 2.35, 2.73, 2.16, 2.65, 2.64, 2.38, 2.98, 3.25, 2.51, 2.8, 5.27, 9.24, 10.25, 10.63, 10.35, 9.54, 8.88, 8.319, 8.422, 8.784, 9.253, 10.236, 11.185, 12.169, 12.849, 12.587, 11.98, 11.497, 11.367, 11.433, 11.317, 11.124, 10.684, 10.037, 9.187, 8.124, 8.344, 8.997, 8.094, 7.73, 7.3, 7.567, 7.69, 7.949, 6.794, 5.05, 5.11, 5.07, 5.52, 5.42, 4.92, 5.08, 4.97, 3.62, 4.15, 5.77, 5.56, 5.33, 5.95, 6.09, 5.93, 5.65, 5.01, 4.56, 4.49, 4.04], [2.35, 2.12, 1.87, 1.53, 1.1, 0.98, 0.79, 0, 1.11, 2.15, 2.79, 2.81, 1.77, 2.03, 1.94, 1.9, 2.07, 2.39, 1.76, 1.75, 2.04, 2.56, 2.21, 2.52, 2.37, 2.19, 2.91, 3.02, 2.32, 2.55, 5.08, 8.99, 9.96, 10.34, 10.06, 9.27, 8.65, 8.134, 8.177, 8.514, 9.019, 10.012, 10.924, 11.964, 12.604, 12.417, 11.83, 11.367, 11.217, 11.286, 11.167, 10.994, 10.514, 9.784, 8.934, 7.84, 8.08, 8.75, 7.85, 7.46, 7.07, 7.32, 7.42, 7.664, 6.53, 4.9, 4.98, 4.9, 5.35, 5.23, 4.79, 4.95, 4.86, 3.51, 4.02, 5.6, 5.45, 5.36, 5.96, 6.04, 5.84, 5.62, 5.02, 4.57, 4.46, 4.01], [2.34, 2.05, 2.1, 1.84, 1.43, 1.37, 1.64, 1.11, 0, 1.2, 1.9, 1.92, 1.38, 1.42, 1.27, 1.19, 1.26, 1.76, 1.49, 1.58, 1.79, 2.31, 2.04, 2.07, 1.92, 1.88, 2.54, 2.45, 1.85, 2.02, 4.83, 8.72, 9.67, 10.03, 9.79, 9.0, 8.42, 7.804, 7.864, 8.239, 8.766, 9.742, 10.629, 11.712, 12.372, 12.164, 11.56, 11.094, 10.964, 11.033, 10.917, 10.684, 10.204, 9.454, 8.599, 7.49, 7.71, 8.46, 7.56, 7.17, 6.8, 7.05, 7.17, 7.432, 6.24, 4.59, 4.67, 4.59, 5.04, 4.94, 4.46, 4.66, 4.57, 3.18, 3.69, 5.37, 5.16, 5.13, 5.71, 5.73, 5.55, 5.33, 4.77, 4.34, 4.19, 3.86], [2.68, 2.47, 2.78, 2.68, 2.43, 2.33, 2.74, 2.15, 1.2, 0, 1.14, 1.26, 1.36, 1.2, 1.29, 1.23, 1.22, 1.74, 1.81, 2.04, 1.89, 2.13, 2.24, 2.43, 2.28, 2.32, 2.74, 2.57, 2.09, 2.18, 4.53, 8.36, 9.31, 9.67, 9.43, 8.64, 7.98, 7.459, 7.522, 7.879, 8.42, 9.364, 10.269, 11.349, 11.949, 11.704, 11.1, 10.674, 10.524, 10.576, 10.426, 10.202, 9.722, 8.989, 8.239, 7.11, 7.35, 8.06, 7.2, 6.81, 6.4, 6.59, 6.71, 6.969, 5.78, 4.09, 4.21, 4.17, 4.6, 4.54, 4.1, 4.32, 4.29, 3.14, 3.35, 5.07, 5.14, 5.23, 5.79, 5.69, 5.51, 5.29, 4.87, 4.46, 4.23, 4.04], [2.92, 2.73, 3.34, 3.18, 2.89, 2.83, 3.36, 2.79, 1.9, 1.14, 0, 0.96, 2.12, 1.8, 1.69, 1.87, 1.68, 1.58, 2.47, 2.5, 1.89, 1.87, 2.3, 2.43, 2.12, 2.88, 2.58, 2.15, 1.93, 1.78, 3.81, 7.52, 8.41, 8.79, 8.53, 7.74, 7.14, 6.69, 6.79, 7.09, 7.54, 8.47, 9.366, 10.429, 11.089, 10.819, 10.2, 9.732, 9.602, 9.684, 9.594, 9.462, 8.982, 8.286, 7.436, 6.43, 6.73, 7.32, 6.32, 5.89, 5.5, 5.81, 5.95, 6.209, 5.16, 3.47, 3.53, 3.57, 3.92, 3.88, 3.5, 3.76, 3.61, 2.86, 2.69, 4.33, 4.52, 4.89, 5.45, 5.17, 4.69, 4.55, 4.35, 3.98, 3.65, 3.68], [2.9, 2.81, 3.2, 3.04, 2.85, 2.89, 3.3, 2.81, 1.92, 1.26, 0.96, 0, 1.86, 1.64, 1.49, 1.75, 1.52, 1.44, 2.49, 2.46, 1.79, 1.91, 2.38, 2.31, 1.84, 2.76, 2.38, 2.01, 1.63, 1.64, 3.99, 8.04, 8.99, 9.33, 9.01, 8.2, 7.56, 7.136, 7.241, 7.578, 7.928, 8.913, 9.857, 10.886, 11.546, 11.264, 10.6, 10.194, 10.044, 10.067, 10.037, 9.884, 9.484, 8.82, 8.01, 6.907, 7.147, 7.797, 6.757, 6.37, 5.98, 6.307, 6.45, 6.7, 5.58, 3.77, 3.91, 3.89, 4.32, 4.24, 3.68, 3.86, 3.73, 2.78, 2.95, 4.59, 4.62, 4.87, 5.47, 5.19, 4.83, 4.65, 4.35, 3.98, 3.69, 3.74], [2.92, 2.79, 2.74, 2.3, 1.97, 1.99, 2.24, 1.77, 1.38, 1.36, 2.12, 1.86, 0, 0.92, 1.15, 1.19, 1.42, 2.28, 2.01, 2.14, 2.29, 2.75, 2.64, 2.49, 2.38, 1.82, 2.54, 2.99, 2.19, 2.4, 5.43, 9.26, 10.25, 10.63, 10.35, 9.54, 8.78, 8.356, 8.435, 8.792, 9.239, 10.223, 11.211, 12.146, 12.786, 12.487, 11.88, 11.417, 11.267, 11.316, 11.192, 11.039, 10.627, 9.997, 9.227, 8.13, 8.39, 8.994, 8.088, 7.73, 7.28, 7.484, 7.61, 7.897, 6.76, 4.99, 5.07, 5.03, 5.48, 5.38, 4.92, 5.18, 5.11, 3.78, 4.13, 5.73, 5.74, 5.73, 6.29, 6.35, 6.11, 5.91, 5.37, 4.9, 4.81, 4.54], [2.76, 2.65, 2.78, 2.44, 2.13, 2.13, 2.5, 2.03, 1.42, 1.2, 1.8, 1.64, 0.92, 0, 0.73, 0.83, 1.04, 1.76, 1.85, 1.96, 1.97, 2.43, 2.4, 2.27, 1.94, 2.0, 2.14, 2.55, 1.67, 1.92, 4.93, 8.86, 9.83, 10.21, 9.93, 9.12, 8.42, 7.953, 8.029, 8.366, 8.842, 9.803, 10.78, 11.783, 12.383, 12.144, 11.52, 11.094, 10.944, 10.959, 10.837, 10.644, 10.224, 9.56, 8.81, 7.707, 7.947, 8.6, 7.68, 7.29, 6.86, 7.05, 7.17, 7.44, 6.3, 4.55, 4.67, 4.65, 5.06, 4.94, 4.5, 4.72, 4.63, 3.26, 3.69, 5.35, 5.18, 5.25, 5.77, 5.77, 5.61, 5.37, 4.89, 4.44, 4.25, 4.08], [2.61, 2.6, 2.71, 2.39, 2.12, 2.16, 2.37, 1.94, 1.27, 1.29, 1.69, 1.49, 1.15, 0.73, 0, 0.58, 0.87, 1.49, 1.72, 1.75, 1.76, 2.18, 2.13, 2.04, 1.73, 2.01, 1.91, 2.32, 1.52, 1.75, 4.74, 8.71, 9.66, 10.04, 9.76, 8.95, 8.23, 7.663, 7.736, 8.173, 8.646, 9.599, 10.603, 11.593, 12.21, 11.977, 11.33, 10.887, 10.737, 10.72, 10.63, 10.337, 9.917, 9.33, 8.6, 7.457, 7.697, 8.37, 7.51, 7.16, 6.69, 6.88, 6.98, 7.23, 6.05, 4.26, 4.38, 4.4, 4.77, 4.69, 4.17, 4.35, 4.28, 2.93, 3.38, 5.08, 4.87, 4.94, 5.48, 5.48, 5.36, 5.12, 4.6, 4.19, 4.02, 3.91], [2.53, 2.48, 2.57, 2.33, 2.08, 2.06, 2.29, 1.9, 1.19, 1.23, 1.87, 1.75, 1.19, 0.83, 0.58, 0, 0.65, 1.53, 1.64, 1.65, 1.74, 2.28, 2.15, 2.14, 1.93, 1.99, 2.09, 2.38, 1.62, 1.81, 4.82, 8.63, 9.64, 10.02, 9.74, 8.93, 8.19, 7.669, 7.752, 8.156, 8.655, 9.634, 10.563, 11.579, 12.159, 11.937, 11.35, 10.927, 10.797, 10.766, 10.596, 10.297, 9.797, 9.292, 8.556, 7.413, 7.693, 8.29, 7.48, 7.14, 6.69, 6.8, 6.92, 7.23, 6.049, 4.26, 4.3, 4.22, 4.67, 4.57, 4.23, 4.41, 4.34, 3.01, 3.44, 5.14, 5.03, 4.96, 5.52, 5.54, 5.46, 5.18, 4.7, 4.25, 4.16, 3.91], [2.52, 2.51, 2.56, 2.42, 2.13, 2.13, 2.46, 2.07, 1.26, 1.22, 1.68, 1.52, 1.42, 1.04, 0.87, 0.65, 0, 1.3, 1.65, 1.68, 1.55, 1.97, 2.02, 2.03, 1.86, 2.16, 2.16, 2.25, 1.61, 1.66, 4.57, 8.4, 9.41, 9.79, 9.51, 8.72, 7.92, 7.447, 7.53, 7.946, 8.452, 9.448, 10.336, 11.314, 11.937, 11.747, 11.18, 10.737, 10.607, 10.556, 10.4, 10.107, 9.667, 9.117, 8.346, 7.21, 7.47, 8.08, 7.293, 6.95, 6.54, 6.59, 6.69, 6.994, 5.82, 4.01, 4.11, 4.03, 4.48, 4.38, 3.96, 4.12, 4.03, 2.74, 3.13, 4.85, 4.78, 4.81, 5.37, 5.29, 5.15, 4.87, 4.49, 4.1, 3.97, 3.82], [2.26, 2.27, 2.62, 2.62, 2.33, 2.37, 2.74, 2.39, 1.76, 1.74, 1.58, 1.44, 2.28, 1.76, 1.49, 1.53, 1.3, 0, 1.67, 1.68, 1.17, 1.37, 1.82, 2.01, 1.6, 2.68, 2.02, 1.53, 1.47, 1.46, 3.67, 7.64, 8.65, 9.03, 8.75, 7.94, 7.134, 6.632, 6.735, 7.149, 7.621, 8.606, 9.518, 10.499, 11.139, 10.864, 10.26, 9.814, 9.684, 9.647, 9.517, 9.204, 8.864, 8.308, 7.549, 6.409, 6.649, 7.276, 6.456, 6.086, 5.68, 5.801, 5.89, 6.148, 5.025, 3.09, 3.19, 3.23, 3.66, 3.6, 3.0, 3.08, 2.99, 1.92, 2.19, 3.91, 3.82, 3.97, 4.55, 4.39, 4.19, 3.99, 3.63, 3.28, 3.09, 3.1], [1.71, 1.48, 1.43, 1.39, 1.42, 1.38, 1.71, 1.76, 1.49, 1.81, 2.47, 2.49, 2.01, 1.85, 1.72, 1.64, 1.65, 1.67, 0, 0.79, 1.56, 2.14, 1.45, 1.68, 1.89, 2.09, 2.25, 2.28, 2.02, 2.23, 4.7, 8.69, 9.7, 10.08, 9.8, 8.99, 8.25, 7.773, 7.856, 8.213, 8.688, 9.639, 10.615, 11.633, 12.213, 11.934, 11.27, 10.864, 10.734, 10.714, 10.624, 10.372, 9.952, 9.381, 8.613, 7.528, 7.751, 8.37, 7.532, 7.122, 6.692, 6.86, 6.96, 7.253, 6.11, 4.24, 4.38, 4.4, 4.79, 4.71, 4.13, 4.27, 4.18, 2.81, 3.3, 5.08, 4.83, 4.5, 5.18, 5.32, 5.2, 4.94, 4.32, 3.85, 3.8, 3.39], [1.48, 1.39, 1.44, 1.24, 1.41, 1.37, 1.68, 1.75, 1.58, 2.04, 2.5, 2.46, 2.14, 1.96, 1.75, 1.65, 1.68, 1.68, 0.79, 0, 1.23, 1.97, 1.2, 1.27, 1.4, 1.78, 1.82, 1.93, 1.81, 2.06, 4.73, 8.74, 9.75, 10.13, 9.85, 9.04, 8.225, 7.792, 7.895, 8.272, 8.707, 9.666, 10.644, 11.605, 12.233, 11.912, 11.26, 10.812, 10.682, 10.682, 10.577, 10.279, 10.018, 9.448, 8.672, 7.569, 7.809, 8.399, 7.562, 7.172, 6.742, 6.935, 7.07, 7.348, 6.205, 4.31, 4.39, 4.35, 4.86, 4.76, 4.06, 4.08, 3.91, 2.6, 3.17, 4.95, 4.82, 4.19, 4.87, 5.03, 4.91, 4.55, 3.99, 3.68, 3.63, 3.26], [1.73, 1.64, 2.03, 1.93, 1.84, 1.86, 2.35, 2.04, 1.79, 1.89, 1.89, 1.79, 2.29, 1.97, 1.76, 1.74, 1.55, 1.17, 1.56, 1.23, 0, 0.9, 1.03, 1.36, 1.19, 2.41, 1.87, 1.4, 1.34, 1.65, 3.68, 7.73, 8.72, 9.06, 8.78, 7.97, 7.167, 6.842, 6.945, 7.302, 7.655, 8.607, 9.592, 10.57, 11.189, 10.88, 10.17, 9.756, 9.609, 9.609, 9.573, 9.326, 9.048, 8.495, 7.722, 6.619, 6.859, 7.449, 6.509, 6.119, 5.689, 5.922, 6.079, 6.375, 5.252, 3.36, 3.42, 3.38, 3.91, 3.79, 3.13, 3.17, 3.1, 1.87, 2.24, 3.98, 3.95, 3.7, 4.22, 4.24, 4.02, 3.76, 3.26, 2.87, 2.84, 2.73], [1.89, 1.86, 2.51, 2.41, 2.24, 2.38, 2.73, 2.56, 2.31, 2.13, 1.87, 1.91, 2.75, 2.43, 2.18, 2.28, 1.97, 1.37, 2.14, 1.97, 0.9, 0, 1.33, 1.96, 1.65, 3.09, 2.45, 1.64, 1.58, 1.89, 3.02, 6.95, 7.94, 8.32, 8.04, 7.23, 6.447, 6.062, 6.165, 6.522, 6.929, 7.867, 8.86, 9.826, 10.444, 10.12, 9.43, 9.002, 8.852, 8.889, 8.833, 8.626, 8.297, 7.718, 6.942, 5.839, 6.099, 6.684, 5.763, 5.393, 4.943, 5.154, 5.3, 5.598, 4.475, 2.62, 2.7, 2.68, 3.13, 3.05, 2.45, 2.57, 2.54, 1.69, 1.56, 3.32, 3.43, 3.4, 3.94, 3.84, 3.54, 3.32, 2.92, 2.51, 2.48, 2.51], [1.34, 1.43, 1.84, 1.68, 1.69, 1.81, 2.16, 2.21, 2.04, 2.24, 2.3, 2.38, 2.64, 2.4, 2.13, 2.15, 2.02, 1.82, 1.45, 1.2, 1.03, 1.33, 0, 1.11, 1.34, 2.22, 1.94, 1.67, 1.77, 2.18, 3.99, 8.0, 9.01, 9.39, 9.11, 8.3, 7.514, 7.115, 7.218, 7.575, 7.979, 8.94, 9.916, 10.876, 11.508, 11.198, 10.5, 10.025, 9.904, 9.97, 9.914, 9.687, 9.404, 8.794, 7.995, 6.901, 7.141, 7.751, 6.831, 6.441, 6.04, 6.241, 6.39, 6.674, 5.551, 3.69, 3.81, 3.79, 4.26, 4.2, 3.52, 3.58, 3.37, 2.02, 2.61, 4.39, 4.2, 3.47, 4.21, 4.39, 4.17, 3.89, 3.29, 2.9, 2.93, 2.5], [1.89, 1.94, 1.91, 1.89, 1.98, 2.22, 2.65, 2.52, 2.07, 2.43, 2.43, 2.31, 2.49, 2.27, 2.04, 2.14, 2.03, 2.01, 1.68, 1.27, 1.36, 1.96, 1.11, 0, 1.01, 1.63, 1.55, 1.72, 1.8, 2.17, 4.82, 8.81, 9.76, 10.14, 9.88, 9.05, 8.238, 7.862, 7.965, 8.322, 8.763, 9.716, 10.683, 11.623, 12.261, 11.931, 11.218, 10.772, 10.642, 10.674, 10.604, 10.371, 10.111, 9.521, 8.742, 7.648, 7.879, 8.478, 7.61, 7.22, 6.79, 6.96, 7.1, 7.43, 6.29, 4.42, 4.54, 4.52, 5.01, 4.91, 4.25, 4.25, 3.9, 2.57, 3.32, 5.06, 4.87, 3.88, 4.6, 4.72, 4.56, 4.28, 3.86, 3.61, 3.54, 3.21], [1.86, 1.91, 2.18, 1.96, 1.99, 2.15, 2.64, 2.37, 1.92, 2.28, 2.12, 1.84, 2.38, 1.94, 1.73, 1.93, 1.86, 1.6, 1.89, 1.4, 1.19, 1.65, 1.34, 1.01, 0, 1.64, 1.38, 1.39, 1.21, 1.56, 4.31, 8.36, 9.29, 9.63, 9.37, 8.54, 7.72, 7.37, 7.47, 7.83, 8.182, 9.138, 10.119, 11.065, 11.731, 11.401, 10.7, 10.24, 10.11, 10.17, 10.174, 9.95, 9.67, 9.06, 8.25, 7.15, 7.39, 8.0, 7.04, 6.65, 6.22, 6.51, 6.67, 6.94, 5.82, 4.03, 4.17, 4.15, 4.62, 4.52, 3.88, 3.9, 3.53, 2.4, 2.97, 4.69, 4.46, 3.81, 4.37, 4.49, 4.23, 3.95, 3.37, 3.2, 3.13, 2.96], [2.26, 2.31, 2.0, 1.74, 1.93, 2.09, 2.38, 2.19, 1.88, 2.32, 2.88, 2.76, 1.82, 2.0, 2.01, 1.99, 2.16, 2.68, 2.09, 1.78, 2.41, 3.09, 2.22, 1.63, 1.64, 0, 1.38, 2.17, 2.15, 2.42, 5.93, 9.96, 10.89, 11.25, 10.99, 10.16, 9.32, 8.97, 9.07, 9.429, 9.799, 10.749, 11.736, 12.682, 13.305, 12.981, 12.271, 11.822, 11.692, 11.741, 11.711, 11.49, 11.21, 10.64, 9.85, 8.75, 8.99, 9.58, 8.66, 8.27, 7.84, 8.07, 8.23, 8.52, 7.4, 5.57, 5.71, 5.69, 6.16, 6.06, 5.4, 5.42, 4.89, 3.6, 4.49, 6.23, 6.04, 5.09, 5.55, 5.65, 5.47, 5.19, 4.91, 4.7, 4.69, 4.34], [2.2, 2.39, 2.48, 2.28, 2.45, 2.63, 2.98, 2.91, 2.54, 2.74, 2.58, 2.38, 2.54, 2.14, 1.91, 2.09, 2.16, 2.02, 2.25, 1.82, 1.87, 2.45, 1.94, 1.55, 1.38, 1.38, 0, 1.39, 1.49, 1.7, 4.97, 9.0, 9.93, 10.29, 10.03, 9.2, 8.38, 8.032, 8.135, 8.472, 8.879, 9.832, 10.799, 11.739, 12.377, 12.047, 11.334, 10.897, 10.752, 10.81, 10.78, 10.507, 10.207, 9.682, 8.93, 7.81, 8.05, 8.64, 7.72, 7.33, 6.9, 7.11, 7.25, 7.58, 6.44, 4.59, 4.75, 4.69, 5.2, 5.1, 4.48, 4.48, 3.97, 2.84, 3.53, 5.27, 5.1, 4.31, 4.73, 4.69, 4.51, 4.23, 4.13, 3.82, 3.71, 3.54], [2.13, 2.18, 2.75, 2.65, 2.72, 2.8, 3.25, 3.02, 2.45, 2.57, 2.15, 2.01, 2.99, 2.55, 2.32, 2.38, 2.25, 1.53, 2.28, 1.93, 1.4, 1.64, 1.67, 1.72, 1.39, 2.17, 1.39, 0, 1.26, 1.63, 3.9, 7.99, 8.98, 9.32, 9.02, 8.21, 7.455, 7.128, 7.211, 7.568, 7.903, 8.859, 9.84, 10.803, 11.466, 11.119, 10.395, 9.978, 9.848, 9.885, 9.861, 9.634, 9.371, 8.798, 7.988, 6.885, 7.125, 7.715, 6.752, 6.362, 5.955, 6.225, 6.38, 6.678, 5.555, 3.72, 3.74, 3.72, 4.25, 4.23, 3.47, 3.47, 3.08, 2.25, 2.64, 4.32, 4.17, 3.56, 4.0, 3.94, 3.72, 3.54, 3.26, 2.81, 2.92, 2.85], [2.23, 2.22, 2.51, 2.09, 2.08, 2.06, 2.51, 2.32, 1.85, 2.09, 1.93, 1.63, 2.19, 1.67, 1.52, 1.62, 1.61, 1.47, 2.02, 1.81, 1.34, 1.58, 1.77, 1.8, 1.21, 2.15, 1.49, 1.26, 0, 0.83, 3.94, 8.03, 9.0, 9.34, 9.04, 8.23, 7.61, 7.143, 7.24, 7.597, 7.93, 8.897, 9.884, 10.893, 11.59, 11.283, 10.57, 10.119, 9.989, 10.072, 10.076, 9.889, 9.52, 8.887, 8.037, 6.974, 7.194, 7.847, 6.784, 6.374, 6.004, 6.357, 6.5, 6.767, 5.644, 3.8, 3.94, 3.92, 4.37, 4.33, 3.63, 3.71, 3.5, 2.39, 2.9, 4.54, 4.31, 4.1, 4.66, 4.52, 4.32, 4.1, 3.64, 3.21, 3.06, 3.15], [2.4, 2.37, 2.64, 2.32, 2.19, 2.21, 2.8, 2.55, 2.02, 2.18, 1.78, 1.64, 2.4, 1.92, 1.75, 1.81, 1.66, 1.46, 2.23, 2.06, 1.65, 1.89, 2.18, 2.17, 1.56, 2.42, 1.7, 1.63, 0.83, 0, 3.67, 7.72, 8.71, 9.05, 8.75, 7.94, 7.28, 7.07, 7.07, 7.316, 7.677, 8.65, 9.585, 10.629, 11.249, 10.979, 10.32, 9.909, 9.779, 9.822, 9.772, 9.639, 9.159, 8.534, 7.718, 6.621, 6.861, 7.48, 6.5, 6.11, 5.72, 5.99, 6.13, 6.429, 5.32, 3.49, 3.73, 3.65, 4.28, 4.18, 3.46, 3.5, 3.41, 2.48, 2.87, 4.25, 4.1, 4.41, 4.99, 4.65, 4.29, 4.17, 3.87, 3.5, 3.23, 3.36], [4.03, 4.06, 5.07, 5.01, 4.58, 4.78, 5.27, 5.08, 4.83, 4.53, 3.81, 3.99, 5.43, 4.93, 4.74, 4.82, 4.57, 3.67, 4.7, 4.73, 3.68, 3.02, 3.99, 4.82, 4.31, 5.93, 4.97, 3.9, 3.94, 3.67, 0, 4.11, 5.08, 5.42, 5.12, 4.33, 3.99, 4.2, 4.2, 3.86, 4.15, 5.04, 5.97, 6.996, 7.676, 7.417, 6.79, 6.327, 6.197, 6.246, 6.187, 6.054, 5.62, 4.95, 4.1, 3.04, 3.26, 3.93, 2.87, 2.52, 2.21, 2.52, 2.66, 2.87, 2.31, 1.74, 2.02, 2.1, 2.13, 2.19, 1.87, 1.73, 2.14, 3.11, 1.94, 1.38, 1.59, 3.1, 3.56, 3.22, 2.86, 2.74, 2.56, 2.13, 2.34, 2.57], [8.12, 8.15, 9.14, 9.08, 8.61, 8.81, 9.24, 8.99, 8.72, 8.36, 7.52, 8.04, 9.26, 8.86, 8.71, 8.63, 8.4, 7.64, 8.69, 8.74, 7.73, 6.95, 8.0, 8.81, 8.36, 9.96, 9.0, 7.99, 8.03, 7.72, 4.11, 0, 1.33, 1.53, 1.53, 1.8, 2.34, 3.11, 3.17, 2.49, 2.48, 2.49, 2.84, 3.1, 3.78, 3.69, 3.3, 2.7, 2.71, 2.83, 2.66, 2.73, 2.59, 1.84, 1.29, 1.69, 1.69, 1.34, 1.66, 2.25, 2.52, 2.37, 2.23, 2.06, 2.84, 4.73, 4.57, 4.59, 4.2, 4.24, 4.84, 4.98, 5.49, 6.72, 5.75, 3.85, 4.06, 5.43, 5.03, 4.73, 4.71, 4.93, 5.15, 5.34, 5.33, 5.72], [9.11, 9.08, 10.13, 10.07, 9.58, 9.78, 10.25, 9.96, 9.67, 9.31, 8.41, 8.99, 10.25, 9.83, 9.66, 9.64, 9.41, 8.65, 9.7, 9.75, 8.72, 7.94, 9.01, 9.76, 9.29, 10.89, 9.93, 8.98, 9.0, 8.71, 5.08, 1.33, 0, 0.78, 1.22, 1.59, 2.15, 2.58, 2.54, 1.96, 1.95, 1.92, 2.09, 2.19, 2.87, 2.8, 2.39, 1.89, 1.88, 1.92, 1.69, 1.92, 1.76, 1.29, 1.4, 2.36, 2.34, 1.75, 2.31, 2.78, 3.15, 2.98, 2.8, 2.55, 3.67, 5.7, 5.56, 5.6, 5.13, 5.19, 5.85, 5.985, 6.5, 7.73, 6.76, 4.82, 5.01, 6.42, 5.82, 5.54, 5.5, 5.84, 6.0, 6.25, 6.28, 6.67], [9.45, 9.42, 10.47, 10.41, 9.92, 10.16, 10.63, 10.34, 10.03, 9.67, 8.79, 9.33, 10.63, 10.21, 10.04, 10.02, 9.79, 9.03, 10.08, 10.13, 9.06, 8.32, 9.39, 10.14, 9.63, 11.25, 10.29, 9.32, 9.34, 9.05, 5.42, 1.53, 0.78, 0, 1.0, 1.51, 2.27, 2.94, 2.84, 2.28, 1.97, 1.76, 1.75, 1.81, 2.55, 2.54, 2.07, 1.65, 1.58, 1.74, 1.63, 1.56, 1.68, 1.43, 1.74, 2.78, 2.58, 1.95, 2.67, 3.1, 3.49, 3.34, 3.2, 2.99, 4.09, 6.08, 5.94, 5.975, 5.53, 5.56, 6.222, 6.365, 6.88, 8.11, 7.14, 5.2, 5.39, 6.8, 6.2, 5.92, 5.88, 6.22, 6.4, 6.63, 6.68, 7.01], [9.15, 9.16, 10.19, 10.13, 9.64, 9.88, 10.35, 10.06, 9.79, 9.43, 8.53, 9.01, 10.35, 9.93, 9.76, 9.74, 9.51, 8.75, 9.8, 9.85, 8.78, 8.04, 9.11, 9.88, 9.37, 10.99, 10.03, 9.02, 9.04, 8.75, 5.12, 1.53, 1.22, 1.0, 0, 1.15, 2.21, 3.02, 3.1, 2.46, 2.11, 1.98, 1.93, 2.11, 2.79, 2.84, 2.29, 1.89, 1.92, 2.0, 1.99, 1.82, 1.78, 1.51, 1.68, 2.48, 2.3, 1.77, 2.33, 2.78, 3.17, 3.04, 2.94, 2.75, 3.81, 5.8, 5.66, 5.7, 5.25, 5.29, 5.95, 6.09, 6.6, 7.83, 6.86, 4.92, 5.13, 6.52, 5.96, 5.66, 5.62, 5.96, 6.1, 6.31, 6.38, 6.73], [8.34, 8.35, 9.38, 9.32, 8.83, 9.07, 9.54, 9.27, 9.0, 8.64, 7.74, 8.2, 9.54, 9.12, 8.95, 8.93, 8.72, 7.94, 8.99, 9.04, 7.97, 7.23, 8.3, 9.05, 8.54, 10.16, 9.2, 8.21, 8.23, 7.94, 4.33, 1.8, 1.59, 1.51, 1.15, 0, 1.52, 2.25, 2.29, 1.79, 1.58, 1.69, 2.28, 2.86, 3.52, 3.47, 2.94, 2.5, 2.25, 2.53, 2.4, 2.07, 1.73, 1.4, 1.37, 1.95, 1.93, 1.5, 1.82, 2.11, 2.5, 2.37, 2.21, 1.98, 3.02, 4.99, 4.85, 4.91, 4.52, 4.52, 5.132, 5.275, 5.79, 7.02, 6.05, 4.11, 4.3, 5.71, 5.11, 4.83, 4.79, 5.13, 5.27, 5.5, 5.57, 5.94], [7.617, 7.77, 8.62, 8.6, 8.23, 8.45, 8.88, 8.65, 8.42, 7.98, 7.14, 7.56, 8.78, 8.42, 8.23, 8.19, 7.92, 7.134, 8.25, 8.225, 7.167, 6.447, 7.514, 8.238, 7.72, 9.32, 8.38, 7.455, 7.61, 7.28, 3.99, 2.34, 2.15, 2.27, 2.21, 1.52, 0, 1.31, 1.33, 1.07, 1.02, 1.91, 2.82, 3.52, 4.2, 4.09, 3.68, 3.16, 3.03, 3.09, 2.94, 2.79, 2.31, 1.72, 1.69, 1.73, 1.85, 1.9, 2.22, 2.43, 2.52, 2.43, 2.11, 1.68, 2.28, 4.31, 4.05, 4.09, 3.64, 3.74, 4.34, 4.464, 4.98, 6.196, 5.206, 3.47, 3.5, 4.875, 4.275, 3.972, 3.952, 4.303, 4.504, 4.734, 4.85, 5.26], [7.238, 7.286, 8.272, 8.213, 7.769, 7.946, 8.319, 8.134, 7.804, 7.459, 6.69, 7.136, 8.356, 7.953, 7.663, 7.669, 7.447, 6.632, 7.773, 7.792, 6.842, 6.062, 7.115, 7.862, 7.37, 8.97, 8.032, 7.128, 7.143, 7.07, 4.2, 3.11, 2.58, 2.94, 3.02, 2.25, 1.31, 0, 0.66, 1.02, 1.37, 2.24, 3.17, 4.01, 4.69, 4.52, 4.11, 3.57, 3.44, 3.66, 3.41, 3.14, 2.78, 2.29, 2.18, 2.12, 2.32, 2.65, 2.75, 2.8, 2.85, 2.92, 2.54, 2.09, 2.29, 4.32, 3.8, 3.82, 3.51, 3.35, 4.07, 4.33, 4.86, 5.723, 4.853, 3.64, 3.51, 4.491, 3.871, 3.596, 3.7, 4.002, 4.128, 4.41, 4.423, 4.856], [7.341, 7.329, 8.355, 8.301, 7.832, 8.026, 8.422, 8.177, 7.864, 7.522, 6.79, 7.241, 8.435, 8.029, 7.736, 7.752, 7.53, 6.735, 7.856, 7.895, 6.945, 6.165, 7.218, 7.965, 7.47, 9.07, 8.135, 7.211, 7.24, 7.07, 4.2, 3.17, 2.54, 2.84, 3.1, 2.29, 1.33, 0.66, 0, 0.92, 1.21, 2.0, 2.95, 3.91, 4.63, 4.48, 4.01, 3.55, 3.38, 3.5, 3.33, 3.14, 2.7, 2.31, 2.28, 2.04, 2.26, 2.59, 2.73, 2.94, 3.03, 3.04, 2.62, 2.13, 2.27, 4.36, 3.86, 3.94, 3.71, 3.45, 4.21, 4.39, 5.0, 5.826, 4.956, 3.74, 3.51, 4.573, 3.973, 3.659, 3.86, 4.145, 4.231, 4.478, 4.505, 4.936], [7.698, 7.686, 8.712, 8.658, 8.186, 8.374, 8.784, 8.514, 8.239, 7.879, 7.09, 7.578, 8.792, 8.366, 8.173, 8.156, 7.946, 7.149, 8.213, 8.272, 7.302, 6.522, 7.575, 8.322, 7.83, 9.429, 8.472, 7.568, 7.597, 7.316, 3.86, 2.49, 1.96, 2.28, 2.46, 1.79, 1.07, 1.02, 0.92, 0, 0.81, 1.66, 2.53, 3.57, 4.27, 4.14, 3.67, 3.17, 3.02, 3.14, 2.95, 2.84, 2.4, 1.87, 1.7, 1.6, 1.88, 2.09, 2.21, 2.5, 2.65, 2.64, 2.22, 1.71, 2.25, 4.38, 4.153, 4.16, 3.97, 3.79, 4.409, 4.543, 5.12, 6.243, 5.293, 3.52, 3.541, 4.918, 4.315, 4.036, 4.062, 4.422, 4.588, 4.835, 4.862, 5.255], [8.053, 8.044, 9.091, 9.025, 8.57, 8.798, 9.253, 9.019, 8.766, 8.42, 7.54, 7.928, 9.239, 8.842, 8.646, 8.655, 8.452, 7.621, 8.688, 8.707, 7.655, 6.929, 7.979, 8.763, 8.182, 9.799, 8.879, 7.903, 7.93, 7.677, 4.15, 2.48, 1.95, 1.97, 2.11, 1.58, 1.02, 1.37, 1.21, 0.81, 0, 1.21, 2.16, 3.08, 3.8, 3.69, 3.26, 2.72, 2.57, 2.75, 2.62, 2.47, 2.03, 1.62, 1.77, 1.75, 1.85, 2.08, 2.26, 2.55, 2.72, 2.81, 2.47, 1.98, 2.76, 4.91, 4.663, 4.597, 4.42, 4.3, 4.884, 5.047, 5.63, 6.672, 5.742, 3.89, 4.008, 5.368, 4.768, 4.515, 4.486, 4.846, 4.989, 5.207, 5.269, 5.674], [9.01, 9.017, 10.047, 9.975, 9.549, 9.766, 10.236, 10.012, 9.742, 9.364, 8.47, 8.913, 10.223, 9.803, 9.599, 9.634, 9.448, 8.606, 9.639, 9.666, 8.607, 7.867, 8.94, 9.716, 9.138, 10.749, 9.832, 8.859, 8.897, 8.65, 5.04, 2.49, 1.92, 1.76, 1.98, 1.69, 1.91, 2.24, 2.0, 1.66, 1.21, 0, 1.15, 2.17, 2.83, 2.68, 2.23, 1.87, 1.72, 1.88, 1.77, 1.84, 1.58, 1.63, 1.98, 2.5, 2.38, 2.03, 2.71, 3.08, 3.31, 3.36, 3.16, 2.83, 3.77, 5.819, 5.576, 5.597, 5.31, 5.23, 5.797, 5.94, 6.516, 7.625, 6.655, 4.771, 4.961, 6.321, 5.721, 5.468, 5.439, 5.799, 5.951, 6.163, 6.225, 6.619], [9.979, 10.01, 11.019, 10.959, 10.49, 10.73, 11.185, 10.924, 10.629, 10.269, 9.366, 9.857, 11.211, 10.78, 10.603, 10.563, 10.336, 9.518, 10.615, 10.644, 9.592, 8.86, 9.916, 10.683, 10.119, 11.736, 10.799, 9.84, 9.884, 9.585, 5.97, 2.84, 2.09, 1.75, 1.93, 2.28, 2.82, 3.17, 2.95, 2.53, 2.16, 1.15, 0, 1.32, 2.04, 1.93, 1.5, 1.48, 1.43, 1.51, 1.64, 1.93, 1.97, 2.08, 2.53, 3.27, 3.01, 2.48, 3.34, 3.91, 4.2, 4.11, 3.93, 3.62, 4.66, 6.706, 6.483, 6.557, 6.28, 6.18, 6.721, 6.878, 7.443, 8.609, 7.639, 5.737, 5.915, 7.305, 6.705, 6.435, 6.406, 6.766, 6.909, 7.136, 7.227, 7.583], [10.96, 11.056, 12.003, 11.943, 11.519, 11.736, 12.169, 11.964, 11.712, 11.349, 10.429, 10.886, 12.146, 11.783, 11.593, 11.579, 11.314, 10.499, 11.633, 11.605, 10.57, 9.826, 10.876, 11.623, 11.065, 12.682, 11.739, 10.803, 10.893, 10.629, 6.996, 3.1, 2.19, 1.81, 2.11, 2.86, 3.52, 4.01, 3.91, 3.57, 3.08, 2.17, 1.32, 0, 1.0, 1.09, 0.98, 1.24, 1.23, 1.29, 1.36, 1.81, 2.11, 2.56, 3.21, 4.27, 4.07, 3.36, 4.232, 4.67, 5.02, 4.85, 4.77, 4.46, 5.62, 7.616, 7.456, 7.499, 7.04, 7.121, 7.724, 7.818, 8.314, 9.561, 8.599, 6.678, 6.903, 8.245, 7.645, 7.375, 7.346, 7.706, 7.858, 8.082, 8.213, 8.606], [11.617, 11.736, 12.62, 12.58, 12.199, 12.396, 12.849, 12.604, 12.372, 11.949, 11.089, 11.546, 12.786, 12.383, 12.21, 12.159, 11.937, 11.139, 12.213, 12.233, 11.189, 10.444, 11.508, 12.261, 11.731, 13.305, 12.377, 11.466, 11.59, 11.249, 7.676, 3.78, 2.87, 2.55, 2.79, 3.52, 4.2, 4.69, 4.63, 4.27, 3.8, 2.83, 2.04, 1.0, 0, 0.67, 1.3, 1.62, 1.73, 1.67, 1.72, 2.39, 2.73, 3.16, 3.89, 4.91, 4.73, 3.96, 4.92, 5.33, 5.68, 5.45, 5.35, 5.08, 6.217, 8.216, 8.043, 8.097, 7.66, 7.717, 8.324, 8.426, 8.934, 10.184, 9.208, 7.312, 7.514, 8.865, 8.265, 7.995, 7.972, 8.332, 8.498, 8.737, 8.83, 9.226], [11.299, 11.449, 12.319, 12.273, 11.957, 12.114, 12.587, 12.417, 12.164, 11.704, 10.819, 11.264, 12.487, 12.144, 11.977, 11.937, 11.747, 10.864, 11.934, 11.912, 10.88, 10.12, 11.198, 11.931, 11.401, 12.981, 12.047, 11.119, 11.283, 10.979, 7.417, 3.69, 2.8, 2.54, 2.84, 3.47, 4.09, 4.52, 4.48, 4.14, 3.69, 2.68, 1.93, 1.09, 0.67, 0, 1.07, 1.35, 1.52, 1.58, 1.55, 2.3, 2.66, 3.19, 3.88, 4.78, 4.6, 3.77, 4.75, 5.18, 5.43, 5.36, 5.22, 4.99, 6.09, 7.914, 7.777, 7.86, 7.43, 7.51, 8.033, 8.117, 8.624, 9.851, 8.899, 7.057, 7.227, 8.555, 7.935, 7.665, 7.654, 8.002, 8.148, 8.407, 8.543, 8.984], [10.64, 10.79, 11.66, 11.54, 11.35, 11.51, 11.98, 11.83, 11.56, 11.1, 10.2, 10.6, 11.88, 11.52, 11.33, 11.35, 11.18, 10.26, 11.27, 11.26, 10.17, 9.43, 10.5, 11.218, 10.7, 12.271, 11.334, 10.395, 10.57, 10.32, 6.79, 3.3, 2.39, 2.07, 2.29, 2.94, 3.68, 4.11, 4.01, 3.67, 3.26, 2.23, 1.5, 0.98, 1.3, 1.07, 0, 0.88, 0.91, 0.87, 1.02, 1.65, 2.19, 2.74, 3.43, 4.29, 4.07, 3.28, 4.2, 4.65, 4.98, 4.89, 4.75, 4.48, 5.62, 7.29, 7.19, 7.35, 7.04, 7.0, 7.38, 7.464, 7.94, 9.156, 8.27, 6.45, 6.62, 7.855, 7.222, 6.952, 6.941, 7.283, 7.47, 7.68, 7.85, 8.36], [10.192, 10.342, 11.272, 11.146, 10.887, 11.044, 11.497, 11.367, 11.094, 10.674, 9.732, 10.194, 11.417, 11.094, 10.887, 10.927, 10.737, 9.814, 10.864, 10.812, 9.756, 9.002, 10.025, 10.772, 10.24, 11.822, 10.897, 9.978, 10.119, 9.909, 6.327, 2.7, 1.89, 1.65, 1.89, 2.5, 3.16, 3.57, 3.55, 3.17, 2.72, 1.87, 1.48, 1.24, 1.62, 1.35, 0.88, 0, 0.53, 0.71, 0.92, 1.41, 1.79, 2.24, 2.85, 3.81, 3.61, 2.82, 3.68, 4.09, 4.36, 4.33, 4.23, 3.98, 5.08, 6.884, 6.747, 6.85, 6.46, 6.5, 6.952, 7.007, 7.503, 8.719, 7.802, 5.987, 6.157, 7.438, 6.818, 6.515, 6.492, 6.892, 7.05, 7.28, 7.436, 7.954], [10.062, 10.212, 11.142, 10.999, 10.757, 10.914, 11.367, 11.217, 10.964, 10.524, 9.602, 10.044, 11.267, 10.944, 10.737, 10.797, 10.607, 9.684, 10.734, 10.682, 9.609, 8.852, 9.904, 10.642, 10.11, 11.692, 10.752, 9.848, 9.989, 9.779, 6.197, 2.71, 1.88, 1.58, 1.92, 2.25, 3.03, 3.44, 3.38, 3.02, 2.57, 1.72, 1.43, 1.23, 1.73, 1.52, 0.91, 0.53, 0, 0.74, 0.91, 1.28, 1.66, 2.07, 2.68, 3.66, 3.48, 2.69, 3.55, 3.96, 4.27, 4.22, 4.12, 3.85, 4.95, 6.754, 6.617, 6.74, 6.37, 6.39, 6.822, 6.877, 7.353, 8.589, 7.692, 5.857, 6.027, 7.288, 6.675, 6.385, 6.362, 6.742, 6.9, 7.142, 7.269, 7.804], [10.122, 10.292, 11.104, 11.059, 10.797, 10.994, 11.433, 11.286, 11.033, 10.576, 9.684, 10.067, 11.316, 10.959, 10.72, 10.766, 10.556, 9.647, 10.714, 10.682, 9.609, 8.889, 9.97, 10.674, 10.17, 11.741, 10.81, 9.885, 10.072, 9.822, 6.246, 2.83, 1.92, 1.74, 2.0, 2.53, 3.09, 3.66, 3.5, 3.14, 2.75, 1.88, 1.51, 1.29, 1.67, 1.58, 0.87, 0.71, 0.74, 0, 0.55, 1.5, 1.8, 2.23, 2.92, 3.78, 3.58, 2.77, 3.665, 4.18, 4.468, 4.34, 4.198, 3.91, 5.042, 6.746, 6.589, 6.749, 6.465, 6.419, 6.802, 6.88, 7.376, 8.617, 7.682, 5.806, 6.004, 7.278, 6.698, 6.408, 6.397, 6.739, 6.949, 7.17, 7.329, 7.807], [10.092, 10.242, 11.074, 11.066, 10.747, 10.904, 11.317, 11.167, 10.917, 10.426, 9.594, 10.037, 11.192, 10.837, 10.63, 10.596, 10.4, 9.517, 10.624, 10.577, 9.573, 8.833, 9.914, 10.604, 10.174, 11.711, 10.78, 9.861, 10.076, 9.772, 6.187, 2.66, 1.69, 1.63, 1.99, 2.4, 2.94, 3.41, 3.33, 2.95, 2.62, 1.77, 1.64, 1.36, 1.72, 1.55, 1.02, 0.92, 0.91, 0.55, 0, 1.31, 1.61, 2.0, 2.73, 3.59, 3.37, 2.58, 3.555, 4.07, 4.358, 4.13, 3.988, 3.72, 4.852, 6.584, 6.396, 6.536, 6.255, 6.209, 6.686, 6.787, 7.277, 8.519, 7.567, 5.67, 5.894, 7.168, 6.595, 6.315, 6.347, 6.687, 6.89, 7.16, 7.276, 7.757], [9.919, 10.109, 10.922, 10.876, 10.614, 10.772, 11.124, 10.994, 10.684, 10.202, 9.462, 9.884, 11.039, 10.644, 10.337, 10.297, 10.107, 9.204, 10.372, 10.279, 9.326, 8.626, 9.687, 10.371, 9.95, 11.49, 10.507, 9.634, 9.889, 9.639, 6.054, 2.73, 1.92, 1.56, 1.82, 2.07, 2.79, 3.14, 3.14, 2.84, 2.47, 1.84, 1.93, 1.81, 2.39, 2.3, 1.65, 1.41, 1.28, 1.5, 1.31, 0, 0.96, 1.65, 2.38, 3.3, 3.2, 2.39, 3.45, 3.76, 4.05, 3.82, 3.78, 3.51, 4.57, 6.272, 6.114, 6.2, 5.89, 5.93, 6.419, 6.376, 6.854, 8.141, 7.149, 5.397, 5.682, 6.805, 6.208, 5.948, 6.094, 6.383, 6.666, 6.93, 7.106, 7.624], [9.547, 9.646, 10.522, 10.51, 10.134, 10.332, 10.684, 10.514, 10.204, 9.722, 8.982, 9.484, 10.627, 10.224, 9.917, 9.797, 9.667, 8.864, 9.952, 10.018, 9.048, 8.297, 9.404, 10.111, 9.67, 11.21, 10.207, 9.371, 9.52, 9.159, 5.62, 2.59, 1.76, 1.68, 1.78, 1.73, 2.31, 2.78, 2.7, 2.4, 2.03, 1.58, 1.97, 2.11, 2.73, 2.66, 2.19, 1.79, 1.66, 1.8, 1.61, 0.96, 0, 1.13, 1.92, 2.84, 2.72, 2.03, 3.03, 3.3, 3.59, 3.32, 3.22, 2.97, 4.03, 5.812, 5.694, 5.754, 5.31, 5.407, 6.004, 6.055, 6.565, 7.878, 6.885, 5.117, 5.302, 6.57, 5.971, 5.708, 5.814, 6.145, 6.391, 6.627, 6.72, 7.184], [8.934, 8.99, 9.911, 9.894, 9.45, 9.65, 10.037, 9.784, 9.454, 8.989, 8.286, 8.82, 9.997, 9.56, 9.33, 9.292, 9.117, 8.308, 9.381, 9.448, 8.495, 7.718, 8.794, 9.521, 9.06, 10.64, 9.682, 8.798, 8.887, 8.534, 4.95, 1.84, 1.29, 1.43, 1.51, 1.4, 1.72, 2.29, 2.31, 1.87, 1.62, 1.63, 2.08, 2.56, 3.16, 3.19, 2.74, 2.24, 2.07, 2.23, 2.0, 1.65, 1.13, 0, 1.05, 2.01, 1.89, 1.44, 2.2, 2.55, 2.9, 2.63, 2.57, 2.26, 3.32, 5.326, 5.215, 5.269, 4.797, 4.877, 5.508, 5.642, 6.143, 7.385, 6.412, 4.535, 4.714, 6.101, 5.501, 5.192, 5.255, 5.612, 5.818, 6.048, 6.07, 6.483], [8.118, 8.14, 9.132, 9.078, 8.6, 8.8, 9.187, 8.934, 8.599, 8.239, 7.436, 8.01, 9.227, 8.81, 8.6, 8.556, 8.346, 7.549, 8.613, 8.672, 7.722, 6.942, 7.995, 8.742, 8.25, 9.85, 8.93, 7.988, 8.037, 7.718, 4.1, 1.29, 1.4, 1.74, 1.68, 1.37, 1.69, 2.18, 2.28, 1.7, 1.77, 1.98, 2.53, 3.21, 3.89, 3.88, 3.43, 2.85, 2.68, 2.92, 2.73, 2.38, 1.92, 1.05, 0, 1.32, 1.34, 1.17, 1.51, 1.86, 2.23, 2.06, 2.0, 1.65, 2.61, 4.596, 4.468, 4.539, 4.13, 4.129, 4.769, 4.903, 5.413, 6.643, 5.673, 3.762, 3.941, 5.351, 4.851, 4.6, 4.6, 4.862, 5.008, 5.255, 5.3, 5.71], [7.021, 7.077, 8.038, 7.981, 7.537, 7.737, 8.124, 7.84, 7.49, 7.11, 6.43, 6.907, 8.13, 7.707, 7.457, 7.413, 7.21, 6.409, 7.528, 7.569, 6.619, 5.839, 6.901, 7.648, 7.15, 8.75, 7.81, 6.885, 6.974, 6.621, 3.04, 1.69, 2.36, 2.78, 2.48, 1.95, 1.73, 2.12, 2.04, 1.6, 1.75, 2.5, 3.27, 4.27, 4.91, 4.78, 4.29, 3.81, 3.66, 3.78, 3.59, 3.3, 2.84, 2.01, 1.32, 0, 0.66, 1.27, 1.07, 1.56, 1.75, 1.72, 1.44, 1.05, 1.53, 3.58, 3.4, 3.4, 3.19, 3.05, 3.626, 3.761, 4.32, 5.501, 4.531, 2.76, 2.87, 4.248, 3.86, 3.48, 3.5, 3.739, 3.905, 4.152, 4.197, 4.59], [7.261, 7.297, 8.269, 8.221, 7.757, 7.957, 8.344, 8.08, 7.71, 7.35, 6.73, 7.147, 8.39, 7.947, 7.697, 7.693, 7.47, 6.649, 7.751, 7.809, 6.859, 6.099, 7.141, 7.879, 7.39, 8.99, 8.05, 7.125, 7.194, 6.861, 3.26, 1.69, 2.34, 2.58, 2.3, 1.93, 1.85, 2.32, 2.26, 1.88, 1.85, 2.38, 3.01, 4.07, 4.73, 4.6, 4.07, 3.61, 3.48, 3.58, 3.37, 3.2, 2.72, 1.89, 1.34, 0.66, 0, 1.21, 1.25, 1.9, 2.15, 2.08, 1.9, 1.51, 1.97, 3.82, 3.72, 3.7, 3.59, 3.37, 3.866, 4.001, 4.54, 5.741, 4.84, 3.02, 3.098, 4.52, 4.18, 3.84, 3.86, 4.0, 4.145, 4.41, 4.44, 4.85], [7.874, 7.97, 8.877, 8.837, 8.43, 8.63, 8.997, 8.75, 8.46, 8.06, 7.32, 7.797, 8.994, 8.6, 8.37, 8.29, 8.08, 7.276, 8.37, 8.399, 7.449, 6.684, 7.751, 8.478, 8.0, 9.58, 8.64, 7.715, 7.847, 7.48, 3.93, 1.34, 1.75, 1.95, 1.77, 1.5, 1.9, 2.65, 2.59, 2.09, 2.08, 2.03, 2.48, 3.36, 3.96, 3.77, 3.28, 2.82, 2.69, 2.77, 2.58, 2.39, 2.03, 1.44, 1.17, 1.27, 1.21, 0, 1.3, 1.89, 2.2, 2.01, 1.93, 1.7, 2.4, 4.35, 4.21, 4.25, 3.92, 3.88, 4.491, 4.611, 5.121, 6.351, 5.381, 3.51, 3.711, 5.078, 4.51, 4.27, 4.29, 4.61, 4.75, 4.994, 5.11, 5.56], [6.882, 6.91, 7.919, 7.859, 7.39, 7.63, 8.094, 7.85, 7.56, 7.2, 6.32, 6.757, 8.088, 7.68, 7.51, 7.48, 7.293, 6.456, 7.532, 7.562, 6.509, 5.763, 6.831, 7.61, 7.04, 8.66, 7.72, 6.752, 6.784, 6.5, 2.87, 1.66, 2.31, 2.67, 2.33, 1.82, 2.22, 2.75, 2.73, 2.21, 2.26, 2.71, 3.34, 4.232, 4.92, 4.75, 4.2, 3.68, 3.55, 3.665, 3.555, 3.45, 3.03, 2.2, 1.51, 1.07, 1.25, 1.3, 0, 0.99, 1.34, 1.23, 1.19, 1.14, 1.64, 3.523, 3.38, 3.454, 3.14, 3.08, 3.641, 3.784, 4.3, 5.536, 4.566, 2.67, 2.86, 4.235, 3.83, 3.45, 3.41, 3.69, 3.85, 4.08, 4.13, 4.54], [6.492, 6.48, 7.529, 7.469, 7.02, 7.231, 7.73, 7.46, 7.17, 6.81, 5.89, 6.37, 7.73, 7.29, 7.16, 7.14, 6.95, 6.086, 7.122, 7.172, 6.119, 5.393, 6.441, 7.22, 6.65, 8.27, 7.33, 6.362, 6.374, 6.11, 2.52, 2.25, 2.78, 3.1, 2.78, 2.11, 2.43, 2.8, 2.94, 2.5, 2.55, 3.08, 3.91, 4.67, 5.33, 5.18, 4.65, 4.09, 3.96, 4.18, 4.07, 3.76, 3.3, 2.55, 1.86, 1.56, 1.9, 1.89, 0.99, 0, 0.69, 0.88, 1.16, 1.21, 1.59, 3.16, 3.03, 3.12, 2.73, 2.75, 3.271, 3.394, 3.91, 5.146, 4.196, 2.42, 2.55, 3.88, 3.62, 3.18, 3.04, 3.34, 3.5, 3.71, 3.76, 4.11], [6.1, 6.11, 7.119, 7.045, 6.59, 6.81, 7.3, 7.07, 6.8, 6.4, 5.5, 5.98, 7.28, 6.86, 6.69, 6.69, 6.54, 5.68, 6.692, 6.742, 5.689, 4.943, 6.04, 6.79, 6.22, 7.84, 6.9, 5.955, 6.004, 5.72, 2.21, 2.52, 3.15, 3.49, 3.17, 2.5, 2.52, 2.85, 3.03, 2.65, 2.72, 3.31, 4.2, 5.02, 5.68, 5.43, 4.98, 4.36, 4.27, 4.468, 4.358, 4.05, 3.59, 2.9, 2.23, 1.75, 2.15, 2.2, 1.34, 0.69, 0, 0.83, 1.03, 1.42, 1.5, 2.73, 2.69, 2.75, 2.32, 2.38, 2.861, 2.964, 3.48, 4.736, 3.746, 2.07, 2.22, 3.57, 3.35, 2.89, 2.73, 2.91, 3.07, 3.3, 3.35, 3.7], [6.384, 6.48, 7.347, 7.347, 6.94, 7.14, 7.567, 7.32, 7.05, 6.59, 5.81, 6.307, 7.484, 7.05, 6.88, 6.8, 6.59, 5.801, 6.86, 6.935, 5.922, 5.154, 6.241, 6.96, 6.51, 8.07, 7.11, 6.225, 6.357, 5.99, 2.52, 2.37, 2.98, 3.34, 3.04, 2.37, 2.43, 2.92, 3.04, 2.64, 2.81, 3.36, 4.11, 4.85, 5.45, 5.36, 4.89, 4.33, 4.22, 4.34, 4.13, 3.82, 3.32, 2.63, 2.06, 1.72, 2.08, 2.01, 1.23, 0.88, 0.83, 0, 0.68, 1.21, 1.41, 2.88, 2.72, 2.82, 2.33, 2.39, 3.021, 3.129, 3.63, 4.872, 3.899, 2.36, 2.53, 3.7, 3.52, 2.98, 2.76, 3.26, 3.36, 3.51, 3.6, 4.05], [6.53, 6.62, 7.49, 7.49, 7.08, 7.28, 7.69, 7.42, 7.17, 6.71, 5.95, 6.45, 7.61, 7.17, 6.98, 6.92, 6.69, 5.89, 6.96, 7.07, 6.079, 5.3, 6.39, 7.1, 6.67, 8.23, 7.25, 6.38, 6.5, 6.13, 2.66, 2.23, 2.8, 3.2, 2.94, 2.21, 2.11, 2.54, 2.62, 2.22, 2.47, 3.16, 3.93, 4.77, 5.35, 5.22, 4.75, 4.23, 4.12, 4.198, 3.988, 3.78, 3.22, 2.57, 2.0, 1.44, 1.9, 1.93, 1.19, 1.16, 1.03, 0.68, 0, 0.83, 1.23, 2.94, 2.8, 2.9, 2.45, 2.49, 3.15, 3.246, 3.753, 4.989, 4.016, 2.44, 2.57, 3.76, 3.4, 2.94, 2.88, 3.34, 3.48, 3.65, 3.74, 4.13], [6.814, 6.876, 7.791, 7.774, 7.339, 7.533, 7.949, 7.664, 7.432, 6.969, 6.209, 6.7, 7.897, 7.44, 7.23, 7.23, 6.994, 6.148, 7.253, 7.348, 6.375, 5.598, 6.674, 7.43, 6.94, 8.52, 7.58, 6.678, 6.767, 6.429, 2.87, 2.06, 2.55, 2.99, 2.75, 1.98, 1.68, 2.09, 2.13, 1.71, 1.98, 2.83, 3.62, 4.46, 5.08, 4.99, 4.48, 3.98, 3.85, 3.91, 3.72, 3.51, 2.97, 2.26, 1.65, 1.05, 1.51, 1.7, 1.14, 1.21, 1.42, 1.21, 0.83, 0, 1.28, 3.209, 3.075, 3.21, 2.84, 2.82, 3.428, 3.522, 4.029, 5.265, 4.292, 2.59, 2.6, 3.923, 3.43, 3.15, 3.19, 3.53, 3.73, 3.96, 3.97, 4.383], [5.691, 5.75, 6.668, 6.651, 6.21, 6.41, 6.794, 6.53, 6.24, 5.78, 5.16, 5.58, 6.76, 6.3, 6.05, 6.049, 5.82, 5.025, 6.11, 6.205, 5.252, 4.475, 5.551, 6.29, 5.82, 7.4, 6.44, 5.555, 5.644, 5.32, 2.31, 2.84, 3.67, 4.09, 3.81, 3.02, 2.28, 2.29, 2.27, 2.25, 2.76, 3.77, 4.66, 5.62, 6.217, 6.09, 5.62, 5.08, 4.95, 5.042, 4.852, 4.57, 4.03, 3.32, 2.61, 1.53, 1.97, 2.4, 1.64, 1.59, 1.5, 1.41, 1.23, 1.28, 0, 2.27, 2.03, 2.03, 1.82, 1.68, 2.265, 2.38, 2.95, 4.102, 3.149, 1.97, 1.66, 2.87, 2.55, 2.13, 2.21, 2.43, 2.61, 2.82, 2.85, 3.32], [3.83, 3.98, 4.79, 4.79, 4.5, 4.62, 5.05, 4.9, 4.59, 4.09, 3.47, 3.77, 4.99, 4.55, 4.26, 4.26, 4.01, 3.09, 4.24, 4.31, 3.36, 2.62, 3.69, 4.42, 4.03, 5.57, 4.59, 3.72, 3.8, 3.49, 1.74, 4.73, 5.7, 6.08, 5.8, 4.99, 4.31, 4.32, 4.36, 4.38, 4.91, 5.819, 6.706, 7.616, 8.216, 7.914, 7.29, 6.884, 6.754, 6.746, 6.584, 6.272, 5.812, 5.326, 4.596, 3.58, 3.82, 4.35, 3.523, 3.16, 2.73, 2.88, 2.94, 3.209, 2.27, 0, 1.1, 1.14, 1.29, 1.33, 1.11, 0.99, 1.26, 2.25, 1.44, 1.82, 1.83, 2.66, 3.26, 2.88, 2.52, 2.46, 2.38, 1.91, 1.98, 2.27], [3.95, 4.1, 4.93, 4.93, 4.6, 4.76, 5.11, 4.98, 4.67, 4.21, 3.53, 3.91, 5.07, 4.67, 4.38, 4.3, 4.11, 3.19, 4.38, 4.39, 3.42, 2.7, 3.81, 4.54, 4.17, 5.71, 4.75, 3.74, 3.94, 3.73, 2.02, 4.57, 5.56, 5.94, 5.66, 4.85, 4.05, 3.8, 3.86, 4.153, 4.663, 5.576, 6.483, 7.456, 8.043, 7.777, 7.19, 6.747, 6.617, 6.589, 6.396, 6.114, 5.694, 5.215, 4.468, 3.4, 3.72, 4.21, 3.38, 3.03, 2.69, 2.72, 2.8, 3.075, 2.03, 1.1, 0, 0.78, 1.03, 0.93, 0.87, 1.13, 1.5, 2.25, 1.38, 1.9, 1.85, 2.32, 2.9, 2.54, 2.22, 2.28, 2.2, 1.95, 2.22, 2.45], [3.93, 4.08, 4.91, 4.91, 4.54, 4.72, 5.07, 4.9, 4.59, 4.17, 3.57, 3.89, 5.03, 4.65, 4.4, 4.22, 4.03, 3.23, 4.4, 4.35, 3.38, 2.68, 3.79, 4.52, 4.15, 5.69, 4.69, 3.72, 3.92, 3.65, 2.1, 4.59, 5.6, 5.975, 5.7, 4.91, 4.09, 3.82, 3.94, 4.16, 4.597, 5.597, 6.557, 7.499, 8.097, 7.86, 7.35, 6.85, 6.74, 6.749, 6.536, 6.2, 5.754, 5.269, 4.539, 3.4, 3.7, 4.25, 3.454, 3.12, 2.75, 2.82, 2.9, 3.21, 2.03, 1.14, 0.78, 0, 1.03, 1.01, 0.99, 1.21, 1.46, 2.25, 1.5, 2.02, 2.05, 2.46, 2.94, 2.52, 2.24, 2.22, 2.28, 2.01, 2.22, 2.33], [4.38, 4.51, 5.34, 5.34, 4.99, 5.15, 5.52, 5.35, 5.04, 4.6, 3.92, 4.32, 5.48, 5.06, 4.77, 4.67, 4.48, 3.66, 4.79, 4.86, 3.91, 3.13, 4.26, 5.01, 4.62, 6.16, 5.2, 4.25, 4.37, 4.28, 2.13, 4.2, 5.13, 5.53, 5.25, 4.52, 3.64, 3.51, 3.71, 3.97, 4.42, 5.31, 6.28, 7.04, 7.66, 7.43, 7.04, 6.46, 6.37, 6.465, 6.255, 5.89, 5.31, 4.797, 4.13, 3.19, 3.59, 3.92, 3.14, 2.73, 2.32, 2.33, 2.45, 2.84, 1.82, 1.29, 1.03, 1.03, 0, 0.7, 1.08, 1.38, 1.65, 2.74, 1.79, 2.19, 2.1, 2.57, 2.99, 2.63, 2.25, 2.23, 2.25, 2.0, 2.23, 2.46], [4.28, 4.39, 5.24, 5.24, 4.87, 5.03, 5.42, 5.23, 4.94, 4.54, 3.88, 4.24, 5.38, 4.94, 4.69, 4.57, 4.38, 3.6, 4.71, 4.76, 3.79, 3.05, 4.2, 4.91, 4.52, 6.06, 5.1, 4.23, 4.33, 4.18, 2.19, 4.24, 5.19, 5.56, 5.29, 4.52, 3.74, 3.35, 3.45, 3.79, 4.3, 5.23, 6.18, 7.121, 7.717, 7.51, 7.0, 6.5, 6.39, 6.419, 6.209, 5.93, 5.407, 4.877, 4.129, 3.05, 3.37, 3.88, 3.08, 2.75, 2.38, 2.39, 2.49, 2.82, 1.68, 1.33, 0.93, 1.01, 0.7, 0, 0.98, 1.28, 1.65, 2.66, 1.75, 2.01, 1.92, 2.21, 2.63, 2.27, 1.95, 2.07, 1.97, 1.84, 2.09, 2.4], [3.62, 3.79, 4.62, 4.58, 4.37, 4.51, 4.92, 4.79, 4.46, 4.1, 3.5, 3.68, 4.92, 4.5, 4.17, 4.23, 3.96, 3.0, 4.13, 4.06, 3.13, 2.45, 3.52, 4.25, 3.88, 5.4, 4.48, 3.47, 3.63, 3.46, 1.87, 4.84, 5.85, 6.222, 5.95, 5.132, 4.34, 4.07, 4.21, 4.409, 4.884, 5.797, 6.721, 7.724, 8.324, 8.033, 7.38, 6.952, 6.822, 6.802, 6.686, 6.419, 6.004, 5.508, 4.769, 3.626, 3.866, 4.491, 3.641, 3.271, 2.861, 3.021, 3.15, 3.428, 2.265, 1.11, 0.87, 0.99, 1.08, 0.98, 0, 0.82, 1.11, 1.98, 1.31, 1.85, 1.64, 2.15, 2.79, 2.35, 2.03, 1.97, 1.83, 1.6, 1.79, 2.2], [3.72, 3.91, 4.76, 4.66, 4.51, 4.69, 5.08, 4.95, 4.66, 4.32, 3.76, 3.86, 5.18, 4.72, 4.35, 4.41, 4.12, 3.08, 4.27, 4.08, 3.17, 2.57, 3.58, 4.25, 3.9, 5.42, 4.48, 3.47, 3.71, 3.5, 1.73, 4.98, 5.985, 6.365, 6.09, 5.275, 4.464, 4.33, 4.39, 4.543, 5.047, 5.94, 6.878, 7.818, 8.426, 8.117, 7.464, 7.007, 6.877, 6.88, 6.787, 6.376, 6.055, 5.642, 4.903, 3.761, 4.001, 4.611, 3.784, 3.394, 2.964, 3.129, 3.246, 3.522, 2.38, 0.99, 1.13, 1.21, 1.38, 1.28, 0.82, 0, 0.79, 1.96, 1.33, 1.71, 1.56, 2.09, 2.71, 2.35, 2.09, 1.93, 1.95, 1.52, 1.79, 2.3], [3.31, 3.62, 4.51, 4.43, 4.38, 4.56, 4.97, 4.86, 4.57, 4.29, 3.61, 3.73, 5.11, 4.63, 4.28, 4.34, 4.03, 2.99, 4.18, 3.91, 3.1, 2.54, 3.37, 3.9, 3.53, 4.89, 3.97, 3.08, 3.5, 3.41, 2.14, 5.49, 6.5, 6.88, 6.6, 5.79, 4.98, 4.86, 5.0, 5.12, 5.63, 6.516, 7.443, 8.314, 8.934, 8.624, 7.94, 7.503, 7.353, 7.376, 7.277, 6.854, 6.565, 6.143, 5.413, 4.32, 4.54, 5.121, 4.3, 3.91, 3.48, 3.63, 3.753, 4.029, 2.95, 1.26, 1.5, 1.46, 1.65, 1.65, 1.11, 0.79, 0, 1.57, 1.32, 2.26, 2.13, 2.14, 2.64, 2.34, 2.0, 1.88, 2.04, 1.81, 1.8, 2.33], [2.1, 2.51, 3.26, 3.12, 3.03, 3.17, 3.62, 3.51, 3.18, 3.14, 2.86, 2.78, 3.78, 3.26, 2.93, 3.01, 2.74, 1.92, 2.81, 2.6, 1.87, 1.69, 2.02, 2.57, 2.4, 3.6, 2.84, 2.25, 2.39, 2.48, 3.11, 6.72, 7.73, 8.11, 7.83, 7.02, 6.196, 5.723, 5.826, 6.243, 6.672, 7.625, 8.609, 9.561, 10.184, 9.851, 9.156, 8.719, 8.589, 8.617, 8.519, 8.141, 7.878, 7.385, 6.643, 5.501, 5.741, 6.351, 5.536, 5.146, 4.736, 4.872, 4.989, 5.265, 4.102, 2.25, 2.25, 2.25, 2.74, 2.66, 1.98, 1.96, 1.57, 0, 1.63, 3.01, 2.86, 2.53, 2.93, 2.69, 2.63, 2.43, 2.