[[0, 1.46, 1.62, 2.53, 3.43, 4.35, 4.63, 4.76, 4.66, 3.94, 3.8, 3.93, 2.84, 2.29, 2.85, 2.77, 2.95, 2.99, 2.51, 2.39, 2.78, 1.7, 1.32, 2.1, 2.38, 2.09, 2.52, 2.91, 2.54, 3.91, 6.03, 5.55, 6.87, 9.17, 10.01, 9.69, 9.63, 9.8, 9.69, 9.5, 9.45, 10.03, 10.46, 11.06, 11.5, 11.8, 11.905, 11.494, 11.534, 12.114, 12.092, 12.42, 12.29, 12.66, 12.872, 13.608, 14.199, 14.746, 15.708, 15.978, 16.544, 16.774, 16.583, 15.693, 15.303, 15.293, 15.473, 14.967, 14.424, 14.46, 14.55, 14.63, 13.59, 12.51, 12.31, 13.03, 13.1, 12.75, 12.22, 11.53, 10.94, 12.56, 16.953, 19.541, 20.034, 20.35], [1.46, 0, 1.22, 1.95, 2.81, 3.77, 4.01, 4.0, 4.0, 3.42, 3.22, 3.39, 2.68, 3.31, 3.87, 3.83, 4.01, 4.01, 3.51, 2.51, 2.56, 1.98, 1.78, 2.42, 2.36, 2.31, 2.48, 2.69, 2.22, 3.43, 5.49, 4.95, 6.29, 8.55, 9.41, 9.07, 9.03, 9.12, 8.95, 8.78, 8.71, 9.37, 9.84, 10.529, 10.932, 11.3, 11.388, 11.028, 11.051, 11.631, 11.635, 11.96, 11.77, 12.14, 12.355, 13.091, 13.642, 14.109, 15.128, 15.43, 16.01, 16.24, 16.049, 15.096, 14.666, 14.656, 14.816, 14.307, 13.764, 13.8, 13.95, 14.03, 12.97, 11.91, 11.69, 12.43, 12.5, 12.19, 11.66, 10.99, 10.42, 11.96, 16.362, 19.009, 19.502, 19.748], [1.62, 1.22, 0, 1.47, 2.41, 3.15, 3.51, 3.8, 3.62, 3.0, 3.02, 3.45, 2.88, 3.43, 3.99, 3.95, 4.11, 4.17, 3.21, 2.07, 1.96, 1.84, 1.9, 2.22, 2.2, 2.31, 2.52, 2.79, 2.24, 2.53, 4.67, 4.25, 5.75, 8.15, 8.99, 8.67, 8.61, 8.72, 8.59, 8.42, 8.33, 8.95, 9.44, 9.9, 10.38, 10.7, 10.685, 10.331, 10.374, 10.934, 10.872, 11.22, 11.09, 11.46, 11.732, 12.468, 13.131, 13.732, 14.716, 14.961, 15.412, 15.625, 15.469, 14.642, 14.277, 14.267, 14.482, 13.964, 13.422, 13.46, 13.51, 13.63, 12.61, 11.43, 11.27, 11.95, 12.06, 11.69, 11.16, 10.49, 9.78, 11.54, 15.888, 18.466, 18.916, 19.293], [2.53, 1.95, 1.47, 0, 1.32, 2.12, 2.3, 2.41, 2.33, 2.09, 1.89, 2.16, 2.01, 2.84, 3.54, 3.46, 3.36, 3.32, 2.7, 1.48, 1.13, 1.39, 1.97, 2.27, 2.25, 2.1, 1.89, 2.02, 1.71, 2.14, 4.14, 3.88, 5.56, 8.0, 8.74, 8.42, 8.32, 8.47, 8.38, 8.23, 8.16, 8.66, 9.15, 9.619, 10.122, 10.324, 10.16, 9.409, 9.492, 10.249, 10.253, 10.55, 10.46, 10.79, 11.379, 12.14, 12.82, 13.521, 14.543, 14.707, 15.078, 15.223, 15.029, 14.394, 14.079, 14.086, 14.326, 13.806, 13.243, 13.27, 13.36, 13.44, 12.46, 11.3, 11.14, 11.8, 11.93, 11.56, 11.03, 10.36, 9.59, 11.35, 15.719, 18.084, 18.662, 19.108], [3.43, 2.81, 2.41, 1.32, 0, 1.04, 1.22, 1.63, 1.43, 1.23, 1.13, 1.62, 2.11, 2.98, 3.68, 3.64, 3.58, 3.52, 2.86, 1.94, 1.63, 2.21, 2.69, 2.49, 2.09, 2.06, 1.75, 1.78, 1.39, 1.5, 3.2, 2.8, 4.62, 6.96, 7.54, 7.2, 7.1, 7.33, 7.36, 7.19, 7.18, 7.56, 7.89, 8.63, 9.235, 9.27, 8.98, 8.332, 8.335, 9.015, 9.139, 9.39, 9.24, 9.57, 10.122, 10.986, 11.686, 12.509, 13.499, 13.724, 13.975, 14.045, 13.809, 13.228, 13.007, 12.991, 13.237, 12.737, 12.185, 12.19, 12.34, 12.44, 11.46, 10.38, 10.22, 10.873, 11.003, 10.633, 10.13, 9.46, 8.69, 10.39, 14.758, 17.107, 17.676, 18.138], [4.35, 3.77, 3.15, 2.12, 1.04, 0, 0.98, 1.69, 1.43, 1.39, 1.47, 2.1, 2.83, 3.82, 4.56, 4.48, 4.32, 4.14, 3.38, 2.48, 2.09, 3.11, 3.63, 3.25, 2.77, 2.92, 2.63, 2.58, 2.27, 1.34, 2.64, 2.2, 4.06, 6.42, 7.0, 6.64, 6.54, 6.77, 6.82, 6.65, 6.66, 7.0, 7.31, 8.07, 8.678, 8.69, 8.38, 7.612, 7.492, 8.312, 8.287, 8.55, 8.44, 8.71, 9.547, 10.44, 11.094, 11.963, 12.934, 13.152, 13.402, 13.435, 13.089, 12.674, 12.467, 12.448, 12.697, 12.197, 11.642, 11.65, 11.78, 11.88, 10.9, 9.82, 9.66, 10.316, 10.443, 10.076, 9.57, 8.9, 8.13, 9.85, 14.195, 16.489, 17.055, 17.537], [4.63, 4.01, 3.51, 2.3, 1.22, 0.98, 0, 1.39, 0.99, 1.17, 1.33, 1.6, 2.59, 3.78, 4.6, 4.44, 4.32, 4.02, 3.4, 2.68, 2.25, 3.35, 3.91, 3.59, 3.09, 3.1, 2.73, 2.68, 2.43, 1.52, 2.82, 2.38, 4.14, 6.44, 6.98, 6.62, 6.58, 6.83, 6.84, 6.71, 6.66, 7.06, 7.35, 8.146, 8.749, 8.77, 8.429, 7.571, 7.486, 8.286, 8.402, 8.57, 8.44, 8.65, 9.536, 10.442, 11.119, 11.971, 12.981, 13.208, 13.405, 13.419, 13.052, 12.662, 12.477, 12.45, 12.708, 12.208, 11.665, 11.669, 11.86, 11.96, 10.98, 9.9, 9.74, 10.388, 10.517, 10.148, 9.65, 8.98, 8.21, 9.91, 14.255, 16.559, 17.141, 17.608], [4.76, 4.0, 3.8, 2.41, 1.63, 1.69, 1.39, 0, 0.94, 1.7, 1.48, 1.79, 2.5, 3.67, 4.45, 4.23, 4.03, 3.63, 3.61, 3.03, 2.6, 3.3, 3.98, 3.86, 3.42, 3.33, 2.84, 2.67, 2.6, 2.33, 3.99, 3.49, 5.27, 7.55, 8.09, 7.75, 7.71, 7.98, 7.97, 7.84, 7.77, 8.19, 8.48, 9.273, 9.876, 9.9, 9.544, 8.713, 8.539, 9.416, 9.403, 9.597, 9.544, 9.657, 10.654, 11.564, 12.235, 13.087, 14.114, 14.341, 14.503, 14.525, 14.155, 13.801, 13.588, 13.566, 13.818, 13.318, 12.775, 12.779, 12.99, 13.09, 12.11, 11.03, 10.87, 11.515, 11.644, 11.275, 10.78, 10.11, 9.34, 11.04, 15.388, 17.611, 18.212, 18.709], [4.66, 4.0, 3.62, 2.33, 1.43, 1.43, 0.99, 0.94, 0, 1.32, 1.12, 1.65, 2.42, 3.67, 4.37, 4.23, 4.11, 3.77, 3.37, 2.85, 2.44, 3.28, 3.98, 3.74, 3.26, 3.23, 2.84, 2.61, 2.56, 1.99, 3.47, 2.95, 4.63, 6.87, 7.438, 7.11, 7.07, 7.34, 7.39, 7.24, 7.19, 7.55, 7.86, 8.64, 9.236, 9.256, 8.867, 8.082, 7.879, 8.756, 8.766, 8.937, 8.904, 9.02, 10.008, 10.887, 11.578, 12.43, 13.457, 13.681, 13.826, 13.868, 13.524, 13.161, 12.928, 12.912, 13.152, 12.658, 12.115, 12.12, 12.315, 12.41, 11.43, 10.37, 10.195, 10.855, 10.984, 10.614, 10.1, 9.43, 8.66, 10.36, 14.731, 16.971, 17.567, 18.061], [3.94, 3.42, 3.0, 2.09, 1.23, 1.39, 1.17, 1.7, 1.32, 0, 0.86, 1.67, 2.0, 3.17, 3.89, 3.85, 3.77, 3.57, 2.87, 2.17, 1.74, 2.78, 3.28, 2.96, 2.54, 2.49, 2.18, 2.23, 1.9, 1.61, 3.21, 2.75, 4.43, 6.65, 7.204, 6.81, 6.83, 7.14, 7.17, 7.04, 6.99, 7.35, 7.64, 8.42, 9.016, 9.036, 8.659, 8.028, 7.811, 8.579, 8.714, 8.92, 8.69, 8.92, 9.726, 10.676, 11.312, 12.198, 13.246, 13.458, 13.618, 13.6, 13.305, 12.93, 12.702, 12.686, 12.926, 12.432, 11.889, 11.893, 12.095, 12.19, 11.21, 10.15, 9.975, 10.635, 10.752, 10.388, 9.88, 9.21, 8.44, 10.14, 14.499, 16.809, 17.381, 17.855], [3.8, 3.22, 3.02, 1.89, 1.13, 1.47, 1.33, 1.48, 1.12, 0.86, 0, 1.35, 1.64, 3.01, 3.69, 3.63, 3.53, 3.33, 2.79, 2.25, 1.92, 2.5, 3.1, 2.96, 2.58, 2.55, 2.22, 2.23, 1.86, 1.93, 3.49, 3.03, 4.69, 7.01, 7.604, 7.25, 7.17, 7.4, 7.41, 7.24, 7.25, 7.59, 7.94, 8.682, 9.265, 9.305, 8.953, 8.325, 8.088, 8.939, 8.877, 9.14, 9.07, 9.24, 10.154, 11.033, 11.707, 12.576, 13.567, 13.759, 13.975, 14.023, 13.71, 13.287, 13.077, 13.061, 13.301, 12.807, 12.252, 12.26, 12.403, 12.49, 11.51, 10.443, 10.283, 10.943, 11.07, 10.7, 10.18, 9.51, 8.72, 10.44, 14.825, 17.104, 17.667, 18.152], [3.93, 3.39, 3.45, 2.16, 1.62, 2.1, 1.6, 1.79, 1.65, 1.67, 1.35, 0, 1.51, 2.94, 3.68, 3.52, 3.44, 3.26, 3.0, 2.54, 2.55, 2.75, 3.19, 3.31, 3.01, 2.7, 2.17, 2.22, 2.07, 2.5, 4.0, 3.62, 4.9, 7.0, 7.56, 7.22, 7.38, 7.59, 7.52, 7.33, 7.28, 7.7, 8.03, 8.77, 9.363, 9.47, 9.12, 8.26, 8.286, 9.046, 9.307, 9.53, 9.28, 9.49, 10.082, 11.049, 11.706, 12.563, 13.622, 13.858, 14.009, 13.963, 13.789, 13.32, 13.043, 13.033, 13.267, 12.773, 12.231, 12.235, 12.462, 12.559, 11.579, 10.502, 10.342, 11.002, 11.116, 10.746, 10.249, 9.579, 8.79, 10.51, 14.869, 17.281, 17.825, 18.266], [2.84, 2.68, 2.88, 2.01, 2.11, 2.83, 2.59, 2.5, 2.42, 2.0, 1.64, 1.51, 0, 1.89, 2.47, 2.23, 2.27, 2.35, 2.07, 1.75, 1.96, 1.64, 2.3, 2.62, 2.3, 2.03, 1.82, 2.01, 1.8, 2.93, 4.63, 4.23, 5.69, 7.91, 8.47, 8.23, 8.33, 8.5, 8.35, 8.24, 8.15, 8.57, 9.0, 9.659, 10.202, 10.312, 10.03, 9.345, 9.325, 10.039, 10.123, 10.4, 10.23, 10.5, 11.089, 11.898, 12.607, 13.502, 14.552, 14.78, 14.913, 15.01, 14.756, 14.284, 13.977, 13.978, 14.198, 13.627, 13.081, 13.1, 13.36, 13.47, 12.49, 11.4, 11.24, 11.9, 12.03, 11.66, 11.147, 10.477, 9.7, 11.42, 15.788, 18.161, 18.697, 19.171], [2.29, 3.31, 3.43, 2.84, 2.98, 3.82, 3.78, 3.67, 3.67, 3.17, 3.01, 2.94, 1.89, 0, 1.06, 0.98, 0.94, 0.92, 1.2, 2.26, 2.71, 1.71, 2.27, 2.89, 2.71, 2.22, 2.27, 2.52, 2.45, 3.88, 5.78, 5.3, 7.06, 9.4, 9.98, 9.62, 9.6, 9.77, 9.78, 9.63, 9.58, 10.02, 10.41, 11.143, 11.686, 11.767, 11.523, 10.935, 10.915, 11.595, 11.759, 12.01, 11.76, 12.07, 12.559, 13.452, 14.12, 14.963, 16.005, 16.238, 16.438, 16.446, 16.238, 15.691, 15.455, 15.445, 15.685, 15.185, 14.642, 14.646, 14.86, 14.94, 13.96, 12.885, 12.725, 13.381, 13.51, 13.141, 12.63, 11.96, 11.17, 12.89, 17.264, 19.64, 20.218, 20.661], [2.85, 3.87, 3.99, 3.54, 3.68, 4.56, 4.6, 4.45, 4.37, 3.89, 3.69, 3.68, 2.47, 1.06, 0, 0.76, 0.94, 1.24, 1.82, 2.94, 3.41, 2.37, 2.85, 3.51, 3.35, 2.8, 2.91, 3.04, 3.13, 4.54, 6.42, 5.92, 7.68, 10.0, 10.58, 10.22, 10.24, 10.39, 10.42, 10.27, 10.22, 10.66, 11.07, 11.735, 12.298, 12.367, 12.152, 11.658, 11.538, 12.215, 12.379, 12.67, 12.38, 12.67, 13.116, 14.032, 14.64, 15.571, 16.636, 16.841, 17.019, 17.038, 16.787, 16.348, 16.063, 16.057, 16.277, 15.753, 15.191, 15.21, 15.48, 15.56, 14.573, 13.496, 13.336, 13.981, 14.111, 13.741, 13.243, 12.573, 11.79, 13.503, 17.872, 20.226, 20.812, 21.252], [2.77, 3.83, 3.95, 3.46, 3.64, 4.48, 4.44, 4.23, 4.23, 3.85, 3.63, 3.52, 2.23, 0.98, 0.76, 0, 0.6, 1.2, 1.74, 2.8, 3.35, 2.31, 2.77, 3.39, 3.29, 2.8, 2.95, 2.98, 3.09, 4.3, 6.28, 5.76, 7.44, 9.78, 10.32, 10.08, 10.1, 10.29, 10.22, 10.09, 9.98, 10.46, 10.93, 11.53, 12.046, 12.153, 12.089, 11.512, 11.515, 12.212, 12.296, 12.61, 12.42, 12.71, 12.982, 13.766, 14.452, 15.347, 16.431, 16.639, 16.827, 16.938, 16.773, 16.177, 15.85, 15.857, 16.077, 15.5, 14.937, 14.97, 15.24, 15.32, 14.34, 13.224, 13.064, 13.724, 13.854, 13.484, 12.971, 12.301, 11.53, 13.25, 17.636, 20.03, 20.556, 21.029], [2.95, 4.01, 4.11, 3.36, 3.58, 4.32, 4.32, 4.03, 4.11, 3.77, 3.53, 3.44, 2.27, 0.94, 0.94, 0.6, 0, 0.9, 1.64, 2.7, 3.19, 2.41, 2.93, 3.55, 3.41, 2.94, 3.01, 3.02, 3.21, 4.48, 6.32, 5.9, 7.66, 9.98, 10.62, 10.3, 10.3, 10.49, 10.42, 10.29, 10.2, 10.64, 11.11, 11.738, 12.281, 12.324, 12.16, 11.432, 11.412, 12.169, 12.29, 12.55, 12.4, 12.65, 13.239, 14.051, 14.731, 15.581, 16.628, 16.844, 17.009, 17.1, 16.892, 16.368, 16.05, 16.057, 16.277, 15.76, 15.217, 15.23, 15.46, 15.54, 14.56, 13.479, 13.319, 13.979, 14.109, 13.739, 13.226, 12.556, 11.77, 13.49, 17.878, 20.223, 20.782, 21.252], [2.99, 4.01, 4.17, 3.32, 3.52, 4.14, 4.02, 3.63, 3.77, 3.57, 3.33, 3.26, 2.35, 0.92, 1.24, 1.2, 0.9, 0, 1.34, 2.58, 3.11, 2.41, 2.97, 3.59, 3.41, 2.9, 2.87, 2.98, 3.15, 4.56, 6.42, 5.92, 7.76, 10.08, 10.634, 10.274, 10.26, 10.49, 10.52, 10.37, 10.32, 10.7, 11.05, 11.801, 12.383, 12.383, 12.083, 11.297, 11.189, 12.046, 12.124, 12.33, 12.2, 12.37, 13.19, 14.103, 14.771, 15.66, 16.69, 16.891, 17.069, 17.082, 16.763, 16.377, 16.135, 16.119, 16.359, 15.865, 15.322, 15.326, 15.542, 15.639, 14.659, 13.582, 13.422, 14.078, 14.208, 13.838, 13.329, 12.659, 11.87, 13.59, 17.958, 20.262, 20.826, 21.308], [2.51, 3.51, 3.21, 2.7, 2.86, 3.38, 3.4, 3.61, 3.37, 2.87, 2.79, 3.0, 2.07, 1.2, 1.82, 1.74, 1.64, 1.34, 0, 1.76, 2.17, 1.93, 2.47, 2.71, 2.53, 2.14, 2.57, 3.02, 2.69, 3.76, 5.56, 5.12, 6.9, 9.22, 9.657, 9.437, 9.46, 9.67, 9.64, 9.49, 9.44, 9.84, 10.25, 10.917, 11.5, 11.54, 11.246, 10.512, 10.346, 11.206, 11.304, 11.51, 11.4, 11.57, 12.293, 13.128, 13.817, 14.809, 15.813, 16.022, 16.163, 16.233, 15.958, 15.543, 15.278, 15.271, 15.491, 14.928, 14.385, 14.39, 14.678, 14.775, 13.795, 12.698, 12.538, 13.198, 13.328, 12.958, 12.445, 11.775, 11.002, 12.73, 17.083, 19.379, 19.951, 20.445], [2.39, 2.51, 2.07, 1.48, 1.94, 2.48, 2.68, 3.03, 2.85, 2.17, 2.25, 2.54, 1.75, 2.26, 2.94, 2.8, 2.7, 2.58, 1.76, 0, 1.07, 1.33, 1.97, 1.87, 1.75, 1.88, 2.07, 2.5, 1.91, 2.5, 4.2, 3.92, 5.64, 8.1, 8.777, 8.457, 8.36, 8.55, 8.5, 8.33, 8.28, 8.68, 9.15, 9.693, 10.273, 10.344, 10.18, 9.429, 9.509, 10.269, 10.293, 10.57, 10.48, 10.81, 11.382, 12.217, 12.883, 13.649, 14.628, 14.816, 15.155, 15.265, 15.049, 14.451, 14.173, 14.18, 14.42, 13.903, 13.34, 13.37, 13.46, 13.54, 12.56, 11.459, 11.299, 11.959, 12.089, 11.719, 11.19, 10.52, 9.73, 11.49, 15.865, 18.187, 18.765, 19.242], [2.78, 2.56, 1.96, 1.13, 1.63, 2.09, 2.25, 2.6, 2.44, 1.74, 1.92, 2.55, 1.96, 2.71, 3.41, 3.35, 3.19, 3.11, 2.17, 1.07, 0, 1.4, 2.06, 2.06, 1.88, 1.89, 1.9, 2.35, 1.78, 2.13, 4.01, 3.77, 5.49, 7.97, 8.67, 8.35, 8.25, 8.4, 8.35, 8.18, 8.11, 8.57, 9.06, 9.486, 10.066, 10.214, 10.044, 9.322, 9.242, 10.059, 10.032, 10.26, 10.29, 10.54, 11.286, 12.084, 12.747, 13.505, 14.504, 14.666, 15.013, 15.129, 14.905, 14.318, 14.043, 14.053, 14.293, 13.773, 13.21, 13.24, 13.27, 13.39, 12.43, 11.21, 11.05, 11.71, 11.84, 11.49, 10.94, 10.27, 9.52, 11.34, 15.635, 17.976, 18.523, 19.014], [1.7, 1.98, 1.84, 1.39, 2.21, 3.11, 3.35, 3.3, 3.28, 2.78, 2.5, 2.75, 1.64, 1.71, 2.37, 2.31, 2.41, 2.41, 1.93, 1.33, 1.4, 0, 1.24, 1.62, 1.68, 1.43, 1.74, 2.15, 1.62, 2.87, 4.89, 4.57, 6.25, 8.71, 9.43, 9.11, 9.01, 9.16, 9.09, 8.92, 8.85, 9.33, 9.82, 10.26, 10.823, 11.003, 10.939, 10.425, 10.448, 11.085, 11.049, 11.4, 11.29, 11.64, 12.052, 12.862, 13.522, 14.265, 15.247, 15.452, 15.826, 15.951, 15.743, 15.084, 14.786, 14.796, 15.036, 14.516, 13.953, 13.98, 14.03, 14.15, 13.17, 11.99, 11.83, 12.49, 12.62, 12.25, 11.72, 11.05, 10.28, 12.1, 16.412, 18.791, 19.35, 19.807], [1.32, 1.78, 1.9, 1.97, 2.69, 3.63, 3.91, 3.98, 3.98, 3.28, 3.1, 3.19, 2.3, 2.27, 2.85, 2.77, 2.93, 2.97, 2.47, 1.97, 2.06, 1.24, 0, 1.22, 1.42, 1.25, 1.78, 2.19, 1.72, 3.05, 5.07, 4.59, 5.99, 8.45, 9.23, 8.91, 8.85, 8.96, 8.85, 8.66, 8.59, 9.19, 9.68, 10.243, 10.686, 10.975, 11.088, 10.814, 10.837, 11.394, 11.298, 11.64, 11.49, 11.86, 12.078, 12.811, 13.399, 14.037, 15.013, 15.241, 15.73, 15.96, 15.789, 14.893, 14.537, 14.547, 14.773, 14.264, 13.702, 13.72, 13.79, 13.87, 12.91, 11.79, 11.63, 12.31, 12.42, 12.05, 11.52, 10.85, 10.16, 11.84, 16.244, 18.758, 19.231, 19.641], [2.1, 2.42, 2.22, 2.27, 2.49, 3.25, 3.59, 3.86, 3.74, 2.96, 2.96, 3.31, 2.62, 2.89, 3.51, 3.39, 3.55, 3.59, 2.71, 1.87, 2.06, 1.62, 1.22, 0, 0.76, 1.27, 2.04, 2.39, 1.62, 2.55, 4.25, 3.79, 5.11, 7.45, 8.23, 7.91, 7.85, 7.96, 7.83, 7.62, 7.55, 8.19, 8.68, 9.295, 9.658, 10.138, 10.354, 10.28, 10.243, 10.717, 10.56, 10.9, 10.79, 11.1, 11.38, 12.057, 12.485, 12.966, 14.003, 14.302, 14.927, 15.152, 14.981, 13.945, 13.523, 13.513, 13.733, 13.207, 12.644, 12.68, 12.73, 12.85, 11.85, 10.69, 10.51, 11.21, 11.3, 10.95, 10.4, 9.79, 9.2, 10.8, 15.153, 17.761, 18.223, 18.562], [2.38, 2.36, 2.2, 2.25, 2.09, 2.77, 3.09, 3.42, 3.26, 2.54, 2.58, 3.01, 2.3, 2.71, 3.35, 3.29, 3.41, 3.41, 2.53, 1.75, 1.88, 1.68, 1.42, 0.76, 0, 1.01, 1.84, 2.13, 1.34, 2.29, 4.07, 3.47, 4.97, 7.23, 7.91, 7.59, 7.53, 7.64, 7.59, 7.4, 7.39, 7.93, 8.36, 9.118, 9.581, 9.881, 10.031, 9.837, 9.8, 10.337, 10.338, 10.62, 10.43, 10.76, 11.018, 11.734, 12.142, 12.831, 13.877, 14.222, 14.57, 14.777, 14.624, 13.619, 13.317, 13.307, 13.533, 13.033, 12.49, 12.48, 12.65, 12.73, 11.73, 10.67, 10.503, 11.17, 11.293, 10.93, 10.4, 9.77, 9.1, 10.66, 15.118, 17.601, 18.103, 18.515], [2.09, 2.31, 2.31, 2.1, 2.06, 2.92, 3.1, 3.33, 3.23, 2.49, 2.55, 2.7, 2.03, 2.22, 2.8, 2.8, 2.94, 2.9, 2.14, 1.88, 1.89, 1.43, 1.25, 1.27, 1.01, 0, 1.45, 1.9, 1.17, 2.52, 4.64, 4.06, 5.62, 7.9, 8.5, 8.14, 8.2, 8.33, 8.28, 8.13, 8.06, 8.66, 9.05, 9.873, 10.316, 10.565, 10.515, 10.098, 10.061, 10.621, 10.802, 11.09, 10.78, 11.09, 11.282, 12.138, 12.706, 13.532, 14.528, 14.851, 15.077, 15.187, 14.996, 14.283, 13.973, 13.963, 14.159, 13.619, 13.096, 13.09, 13.36, 13.44, 12.48, 11.4, 11.216, 11.9, 12.006, 11.66, 11.13, 10.46, 9.79, 11.43, 15.851, 18.385, 18.858, 19.233], [2.52, 2.48, 2.52, 1.89, 1.75, 2.63, 2.73, 2.84, 2.84, 2.18, 2.22, 2.17, 1.82, 2.27, 2.91, 2.95, 3.01, 2.87, 2.57, 2.07, 1.9, 1.74, 1.78, 2.04, 1.84, 1.45, 0, 0.93, 0.96, 2.49, 4.67, 4.13, 5.99, 8.33, 8.878, 8.478, 8.47, 8.68, 8.71, 8.56, 8.49, 8.93, 9.26, 10.12, 10.636, 10.743, 10.519, 9.948, 9.885, 10.505, 10.689, 10.96, 10.61, 10.88, 11.357, 12.396, 13.031, 13.876, 14.899, 15.168, 15.395, 15.365, 14.957, 14.598, 14.373, 14.36, 14.58, 14.097, 13.554, 13.558, 13.775, 13.87, 12.89, 11.815, 11.655, 12.315, 12.429, 12.075, 11.56, 10.89, 10.12, 11.82, 16.22, 18.62, 19.166, 19.573], [2.91, 2.69, 2.79, 2.02, 1.78, 2.58, 2.68, 2.67, 2.61, 2.23, 2.23, 2.22, 2.01, 2.52, 3.04, 2.98, 3.02, 2.98, 3.02, 2.5, 2.35, 2.15, 2.19, 2.39, 2.13, 1.9, 0.93, 0, 1.01, 2.36, 4.54, 3.96, 5.76, 8.14, 8.688, 8.297, 8.24, 8.45, 8.5, 8.33, 8.3, 8.7, 9.03, 9.873, 10.392, 10.496, 10.369, 9.775, 9.755, 10.432, 10.596, 10.87, 10.54, 10.89, 11.236, 12.212, 12.849, 13.692, 14.701, 14.955, 15.234, 15.224, 14.919, 14.394, 14.183, 14.167, 14.407, 13.913, 13.37, 13.381, 13.551, 13.64, 12.66, 11.591, 11.431, 12.091, 12.205, 11.841, 11.33, 10.66, 9.91, 11.59, 15.982, 18.385, 18.937, 19.363], [2.54, 2.22, 2.24, 1.71, 1.39, 2.27, 2.43, 2.6, 2.56, 1.9, 1.86, 2.07, 1.8, 2.45, 3.13, 3.09, 3.21, 3.15, 2.69, 1.91, 1.78, 1.62, 1.72, 1.62, 1.34, 1.17, 0.96, 1.01, 0, 1.93, 4.15, 3.59, 5.23, 7.63, 8.21, 7.85, 7.79, 7.94, 7.99, 7.8, 7.79, 8.23, 8.62, 9.386, 9.9, 10.049, 10.022, 9.505, 9.568, 10.185, 10.289, 10.58, 10.33, 10.7, 10.929, 11.765, 12.419, 13.193, 14.221, 14.454, 14.755, 14.845, 14.674, 13.916, 13.685, 13.675, 13.915, 13.415, 12.872, 12.876, 13.03, 13.11, 12.13, 11.063, 10.903, 11.563, 11.69, 11.323, 10.8, 10.13, 9.4, 11.06, 15.48, 17.918, 18.448, 18.871], [3.91, 3.43, 2.53, 2.14, 1.5, 1.34, 1.52, 2.33, 1.99, 1.61, 1.93, 2.5, 2.93, 3.88, 4.54, 4.3, 4.48, 4.56, 3.76, 2.5, 2.13, 2.87, 3.05, 2.55, 2.29, 2.52, 2.49, 2.36, 1.93, 0, 2.3, 1.94, 3.6, 6.08, 6.78, 6.46, 6.36, 6.51, 6.46, 6.29, 6.22, 6.7, 7.19, 7.69, 8.21, 8.413, 8.386, 7.927, 7.944, 8.561, 8.533, 8.87, 8.76, 9.11, 9.427, 10.226, 10.881, 11.633, 12.626, 12.833, 13.182, 13.355, 13.207, 12.443, 12.153, 12.163, 12.403, 11.883, 11.32, 11.35, 11.38, 11.5, 10.54, 9.38, 9.22, 9.88, 10.01, 9.64, 9.11, 8.44, 7.67, 9.47, 13.817, 16.236, 16.746, 17.208], [6.03, 5.49, 4.67, 4.14, 3.2, 2.64, 2.82, 3.99, 3.47, 3.21, 3.49, 4.0, 4.63, 5.78, 6.42, 6.28, 6.32, 6.42, 5.56, 4.2, 4.01, 4.89, 5.07, 4.25, 4.07, 4.64, 4.67, 4.54, 4.15, 2.3, 0, 0.96, 1.72, 4.06, 4.74, 4.42, 4.32, 4.49, 4.44, 4.27, 4.2, 4.64, 5.13, 5.576, 6.173, 6.284, 6.204, 6.073, 5.993, 6.487, 6.35, 6.67, 6.56, 6.87, 7.47, 8.227, 8.843, 9.609, 10.591, 10.854, 11.161, 11.255, 11.07, 10.411, 10.133, 10.14, 10.38, 9.863, 9.3, 9.33, 9.36, 9.48, 8.52, 7.36, 7.2, 7.86, 7.99, 7.62, 7.09, 6.42, 5.63, 7.45, 11.773, 14.13, 14.679, 15.15], [5.55, 4.95, 4.25, 3.88, 2.8, 2.2, 2.38, 3.49, 2.95, 2.75, 3.03, 3.62, 4.23, 5.3, 5.92, 5.76, 5.9, 5.92, 5.12, 3.92, 3.77, 4.57, 4.59, 3.79, 3.47, 4.06, 4.13, 3.96, 3.59, 1.94, 0.96, 0, 2.02, 4.4, 5.054, 4.714, 4.62, 4.83, 4.78, 4.61, 4.54, 4.98, 5.41, 6.07, 6.635, 6.665, 6.684, 6.69, 6.493, 7.01, 6.89, 7.19, 7.04, 7.35, 7.83, 8.63, 9.18, 9.961, 10.959, 11.291, 11.524, 11.61, 11.334, 10.717, 10.47, 10.474, 10.714, 10.2, 9.637, 9.67, 9.78, 9.86, 8.88, 7.813, 7.653, 8.313, 8.443, 8.073, 7.55, 6.88, 6.09, 7.81, 12.222, 14.573, 15.162, 15.598], [6.87, 6.29, 5.75, 5.56, 4.62, 4.06, 4.14, 5.27, 4.63, 4.43, 4.69, 4.9, 5.69, 7.06, 7.68, 7.44, 7.66, 7.76, 6.9, 5.64, 5.49, 6.25, 5.99, 5.11, 4.97, 5.62, 5.99, 5.76, 5.23, 3.6, 1.72, 2.02, 0, 2.48, 3.28, 3.0, 3.14, 3.27, 3.02, 2.79, 2.68, 3.22, 3.71, 4.31, 4.745, 5.068, 5.3, 5.293, 5.235, 5.675, 5.51, 5.79, 5.72, 6.01, 6.31, 7.03, 7.455, 8.087, 9.078, 9.355, 9.856, 10.081, 9.89, 8.932, 8.567, 8.577, 8.803, 8.294, 7.732, 7.75, 7.82, 7.9, 6.94, 5.84, 5.68, 6.36, 6.47, 6.1, 5.57, 4.92, 4.23, 5.89, 10.297, 12.819, 13.295, 13.7], [9.17, 8.55, 8.15, 8.0, 6.96, 6.42, 6.44, 7.55, 6.87, 6.65, 7.01, 7.0, 7.91, 9.4, 10.0, 9.78, 9.98, 10.08, 9.22, 8.1, 7.97, 8.71, 8.45, 7.45, 7.23, 7.9, 8.33, 8.14, 7.63, 6.08, 4.06, 4.4, 2.48, 0, 1.2, 1.42, 2.1, 1.97, 1.76, 1.65, 1.48, 1.82, 1.99, 2.61, 3.05, 3.13, 3.46, 3.42, 3.28, 3.68, 3.57, 3.79, 3.66, 3.85, 4.23, 4.915, 5.15, 5.673, 6.753, 7.24, 7.593, 7.812, 7.658, 6.638, 6.15, 6.14, 6.349, 5.834, 5.32, 5.33, 5.58, 5.66, 4.62, 3.56, 3.46, 4.06, 4.132, 3.8, 3.29, 2.7, 2.21, 3.57, 7.986, 10.605, 11.107, 11.426], [10.01, 9.41, 8.99, 8.74, 7.54, 7.0, 6.98, 8.09, 7.438, 7.204, 7.604, 7.56, 8.47, 9.98, 10.58, 10.32, 10.62, 10.634, 9.657, 8.777, 8.67, 9.43, 9.23, 8.23, 7.91, 8.5, 8.878, 8.688, 8.21, 6.78, 4.74, 5.054, 3.28, 1.2, 0, 1.2, 1.84, 1.75, 1.58, 1.69, 1.78, 1.62, 1.67, 2.21, 2.61, 2.75, 3.12, 3.14, 3.04, 3.34, 3.17, 3.33, 3.2, 3.37, 3.63, 4.378, 4.513, 5.283, 6.373, 6.928, 7.068, 7.178, 7.0, 6.04, 5.69, 5.7, 5.892, 5.308, 4.78, 4.77, 5.08, 5.2, 4.22, 3.32, 3.42, 3.74, 3.731, 3.42, 2.93, 2.48, 2.01, 3.31, 7.576, 10.061, 10.569, 10.947], [9.69, 9.07, 8.67, 8.42, 7.2, 6.64, 6.62, 7.75, 7.11, 6.81, 7.25, 7.22, 8.23, 9.62, 10.22, 10.08, 10.3, 10.274, 9.437, 8.457, 8.35, 9.11, 8.91, 7.91, 7.59, 8.14, 8.478, 8.297, 7.85, 6.46, 4.42, 4.714, 3.0, 1.42, 1.2, 0, 1.18, 1.05, 1.38, 1.53, 1.3, 1.48, 1.65, 2.57, 2.95, 3.21, 3.78, 3.78, 3.7, 3.94, 3.75, 3.93, 3.7, 3.91, 4.27, 5.127, 5.058, 5.668, 6.71, 7.61, 7.644, 7.61, 7.36, 6.42, 5.99, 6.04, 6.2, 5.642, 5.119, 5.11, 5.373, 5.473, 4.52, 3.76, 3.92, 4.14, 4.11, 3.72, 3.33, 3.12, 2.57, 3.79, 7.938, 10.464, 10.904, 11.244], [9.63, 9.03, 8.61, 8.32, 7.1, 6.54, 6.58, 7.71, 7.07, 6.83, 7.17, 7.38, 8.33, 9.6, 10.24, 10.1, 10.3, 10.26, 9.46, 8.36, 8.25, 9.01, 8.85, 7.85, 7.53, 8.2, 8.47, 8.24, 7.79, 6.36, 4.32, 4.62, 3.14, 2.1, 1.84, 1.18, 0, 0.89, 1.48, 1.87, 1.86, 1.76, 1.93, 2.83, 3.27, 3.53, 4.34, 4.2, 4.18, 4.46, 4.03, 4.17, 4.1, 4.07, 4.71, 5.493, 5.32, 5.87, 6.88, 7.95, 8.013, 7.843, 7.54, 6.48, 6.11, 6.26, 6.36, 5.8, 5.3, 5.23, 5.4, 5.52, 4.68, 4.08, 4.34, 4.36, 4.23, 3.7, 3.51, 3.38, 2.87, 3.91, 8.061, 10.524, 10.974, 11.286], [9.8, 9.12, 8.72, 8.47, 7.33, 6.77, 6.83, 7.98, 7.34, 7.14, 7.4, 7.59, 8.5, 9.77, 10.39, 10.29, 10.49, 10.49, 9.67, 8.55, 8.4, 9.16, 8.96, 7.96, 7.64, 8.33, 8.68, 8.45, 7.94, 6.51, 4.49, 4.83, 3.27, 1.97, 1.75, 1.05, 0.89, 0, 1.17, 1.32, 1.33, 1.53, 1.9, 2.74, 3.24, 3.56, 4.27, 4.27, 4.33, 4.53, 4.08, 4.18, 4.11, 4.3, 4.7, 5.42, 5.29, 5.78, 6.77, 7.84, 7.923, 7.864, 7.61, 6.51, 5.92, 6.17, 6.15, 5.55, 5.01, 5.02, 5.23, 5.31, 4.39, 4.01, 4.33, 4.33, 3.98, 3.63, 3.34, 3.27, 2.7, 3.82, 7.951, 10.354, 10.904, 11.11], [9.69, 8.95, 8.59, 8.38, 7.36, 6.82, 6.84, 7.97, 7.39, 7.17, 7.41, 7.52, 8.35, 9.78, 10.42, 10.22, 10.42, 10.52, 9.64, 8.5, 8.35, 9.09, 8.85, 7.83, 7.59, 8.28, 8.71, 8.5, 7.99, 6.46, 4.44, 4.78, 3.02, 1.76, 1.58, 1.38, 1.48, 1.17, 0, 0.85, 0.96, 1.08, 1.55, 2.51, 2.91, 3.59, 4.36, 4.26, 4.24, 4.56, 4.11, 4.23, 4.2, 4.19, 4.79, 5.413, 5.32, 5.69, 6.82, 7.79, 7.893, 8.003, 7.76, 6.58, 5.87, 6.08, 6.12, 5.466, 4.92, 4.95, 5.24, 5.34, 4.38, 3.72, 4.06, 4.12, 3.99, 3.64, 3.31, 3.14, 2.55, 3.75, 7.898, 10.421, 10.961, 11.098], [9.5, 8.78, 8.42, 8.23, 7.19, 6.65, 6.71, 7.84, 7.24, 7.04, 7.24, 7.33, 8.24, 9.63, 10.27, 10.09, 10.29, 10.37, 9.49, 8.33, 8.18, 8.92, 8.66, 7.62, 7.4, 8.13, 8.56, 8.33, 7.8, 6.29, 4.27, 4.61, 2.79, 1.65, 1.69, 1.53, 1.87, 1.32, 0.85, 0, 0.71, 1.19, 1.56, 2.6, 2.96, 3.58, 4.37, 4.27, 4.27, 4.61, 4.16, 4.28, 4.25, 4.3, 4.88, 5.52, 5.47, 5.87, 6.95, 7.82, 8.003, 8.153, 8.01, 6.85, 6.14, 6.31, 6.33, 5.69, 5.11, 5.16, 5.43, 5.41, 4.47, 3.83, 4.07, 4.23, 4.1, 3.85, 3.36, 3.19, 2.64, 3.84, 8.143, 10.565, 11.205, 11.259], [9.45, 8.71, 8.33, 8.16, 7.18, 6.66, 6.66, 7.77, 7.19, 6.99, 7.25, 7.28, 8.15, 9.58, 10.22, 9.98, 10.2, 10.32, 9.44, 8.28, 8.11, 8.85, 8.59, 7.55, 7.39, 8.06, 8.49, 8.3, 7.79, 6.22, 4.2, 4.54, 2.68, 1.48, 1.78, 1.3, 1.86, 1.33, 0.96, 0.71, 0, 1.02, 1.65, 2.71, 3.028, 3.61, 4.46, 4.34, 4.319, 4.679, 4.23, 4.45, 4.38, 4.41, 4.99, 5.667, 5.56, 5.868, 6.98, 7.93, 8.127, 8.211, 8.06, 6.92, 6.15, 6.32, 6.36, 5.7, 5.14, 5.21, 5.46, 5.44, 4.54, 3.66, 3.94, 4.22, 4.09, 3.88, 3.45, 3.34, 2.75, 3.95, 8.153, 10.624, 11.264, 11.306], [10.03, 9.37, 8.95, 8.66, 7.56, 7.0, 7.06, 8.19, 7.55, 7.35, 7.59, 7.7, 8.57, 10.02, 10.66, 10.46, 10.64, 10.7, 9.84, 8.68, 8.57, 9.33, 9.19, 8.19, 7.93, 8.66, 8.93, 8.7, 8.23, 6.7, 4.64, 4.98, 3.22, 1.82, 1.62, 1.48, 1.76, 1.53, 1.08, 1.19, 1.02, 0, 0.91, 2.09, 2.51, 3.01, 3.82, 3.74, 3.759, 4.099, 3.59, 3.81, 3.78, 3.71, 4.45, 5.173, 5.02, 5.45, 6.54, 7.57, 7.693, 7.58, 7.24, 6.16, 5.67, 5.84, 5.9, 5.274, 4.8, 4.79, 4.92, 4.98, 4.1, 3.42, 3.7, 3.82, 3.69, 3.28, 3.03, 2.96, 2.37, 3.47, 7.581, 9.987, 10.577, 10.862], [10.46, 9.84, 9.44, 9.15, 7.89, 7.31, 7.35, 8.48, 7.86, 7.64, 7.94, 8.03, 9.0, 10.41, 11.07, 10.93, 11.11, 11.05, 10.25, 9.15, 9.06, 9.82, 9.68, 8.68, 8.36, 9.05, 9.26, 9.03, 8.62, 7.19, 5.13, 5.41, 3.71, 1.99, 1.67, 1.65, 1.93, 1.9, 1.55, 1.56, 1.65, 0.91, 0, 1.54, 2.04, 2.68, 3.39, 3.31, 3.29, 3.59, 3.14, 3.26, 3.21, 3.02, 3.82, 4.606, 4.43, 4.98, 6.15, 7.1, 7.126, 6.916, 6.59, 5.55, 5.26, 5.25, 5.459, 4.915, 4.45, 4.42, 4.63, 4.85, 3.85, 3.23, 3.51, 3.53, 3.42, 2.91, 2.6, 2.43, 1.88, 3.02, 7.105, 9.537, 10.087, 10.439], [11.06, 10.529, 9.9, 9.619, 8.63, 8.07, 8.146, 9.273, 8.64, 8.42, 8.682, 8.77, 9.659, 11.143, 11.735, 11.53, 11.738, 11.801, 10.917, 9.693, 9.486, 10.26, 10.243, 9.295, 9.118, 9.873, 10.12, 9.873, 9.386, 7.69, 5.576, 6.07, 4.31, 2.61, 2.21, 2.57, 2.83, 2.74, 2.51, 2.6, 2.71, 2.09, 1.54, 0, 0.92, 1.44, 2.21, 2.17, 2.27, 2.53, 1.92, 2.1, 2.23, 2.22, 2.74, 3.39, 3.39, 4.1, 5.33, 5.88, 6.009, 5.99, 5.77, 4.87, 4.58, 4.587, 4.827, 4.31, 3.75, 3.82, 3.89, 4.17, 3.15, 2.35, 2.69, 2.69, 2.7, 2.35, 2.04, 1.67, 1.2, 2.18, 6.21, 8.673, 9.178, 9.606], [11.5, 10.932, 10.38, 10.122, 9.235, 8.678, 8.749, 9.876, 9.236, 9.016, 9.265, 9.363, 10.202, 11.686, 12.298, 12.046, 12.281, 12.383, 11.5, 10.273, 10.066, 10.823, 10.686, 9.658, 9.581, 10.316, 10.636, 10.392, 9.9, 8.21, 6.173, 6.635, 4.745, 3.05, 2.61, 2.95, 3.27, 3.24, 2.91, 2.96, 3.028, 2.51, 2.04, 0.92, 0, 1.0, 1.93, 2.17, 2.37, 2.27, 1.9, 2.02, 2.13, 2.34, 2.42, 3.01, 2.99, 3.48, 4.63, 5.26, 5.543, 5.59, 5.35, 4.35, 4.0, 4.01, 4.25, 3.73, 3.17, 3.22, 3.29, 3.49, 2.47, 1.71, 2.15, 2.03, 2.4, 2.31, 2.04, 1.89, 1.52, 2.08, 5.613, 8.194, 8.615, 9.023], [11.8, 11.3, 10.7, 10.324, 9.27, 8.69, 8.77, 9.9, 9.256, 9.036, 9.305, 9.47, 10.312, 11.767, 12.367, 12.153, 12.324, 12.383, 11.54, 10.344, 10.214, 11.003, 10.975, 10.138, 9.881, 10.565, 10.743, 10.496, 10.049, 8.413, 6.284, 6.665, 5.068, 3.13, 2.75, 3.21, 3.53, 3.56, 3.59, 3.58, 3.61, 3.01, 2.68, 1.44, 1.0, 0, 1.21, 1.71, 1.91, 1.59, 1.62, 1.6, 1.59, 2.06, 1.92, 2.57, 2.67, 3.394, 4.39, 4.9, 5.114, 5.124, 4.89, 4.17, 3.9, 3.904, 4.144, 3.63, 3.07, 3.12, 3.17, 3.29, 2.33, 1.63, 1.87, 1.93, 2.46, 2.53, 2.26, 2.05, 1.74, 2.18, 5.607, 7.956, 8.526, 8.965], [11.905, 11.388, 10.685, 10.16, 8.98, 8.38, 8.429, 9.544, 8.867, 8.659, 8.953, 9.12, 10.03, 11.523, 12.152, 12.089, 12.16, 12.083, 11.246, 10.18, 10.044, 10.939, 11.088, 10.354, 10.031, 10.515, 10.519, 10.369, 10.022, 8.386, 6.204, 6.684, 5.3, 3.46, 3.12, 3.78, 4.34, 4.27, 4.36, 4.37, 4.46, 3.82, 3.39, 2.21, 1.93, 1.21, 0, 1.32, 1.58, 1.24, 1.61, 1.55, 1.52, 2.15, 1.87, 2.48, 3.02, 3.663, 4.622, 4.878, 5.106, 5.174, 4.909, 4.357, 4.17, 4.18, 4.44, 3.9, 3.36, 3.39, 3.52, 3.64, 2.62, 2.22, 2.44, 2.52, 3.01, 3.26, 3.07, 2.56, 2.27, 2.77, 5.901, 8.232, 8.787, 9.255], [11.494, 11.028, 10.331, 9.409, 8.332, 7.612, 7.571, 8.713, 8.082, 8.028, 8.325, 8.26, 9.345, 10.935, 11.658, 11.512, 11.432, 11.297, 10.512, 9.429, 9.322, 10.425, 10.814, 10.28, 9.837, 10.098, 9.948, 9.775, 9.505, 7.927, 6.073, 6.69, 5.293, 3.42, 3.14, 3.78, 4.2, 4.27, 4.26, 4.27, 4.34, 3.74, 3.31, 2.17, 2.17, 1.71, 1.32, 0, 0.92, 1.18, 1.49, 1.47, 1.54, 1.91, 2.11, 2.977, 3.649, 4.48, 5.485, 5.718, 5.949, 5.976, 5.749, 5.189, 4.986, 4.968, 5.22, 4.72, 4.18, 4.19, 4.34, 4.44, 3.48, 2.56, 2.7, 2.98, 3.35, 3.38, 3.17, 2.64, 2.21, 2.91, 6.718, 9.081, 9.633, 10.089], [11.534, 11.051, 10.374, 9.492, 8.335, 7.492, 7.486, 8.539, 7.879, 7.811, 8.088, 8.286, 9.325, 10.915, 11.538, 11.515, 11.412, 11.189, 10.346, 9.509, 9.242, 10.448, 10.837, 10.243, 9.8, 10.061, 9.885, 9.755, 9.568, 7.944, 5.993, 6.493, 5.235, 3.28, 3.04, 3.7, 4.18, 4.33, 4.24, 4.27, 4.319, 3.759, 3.29, 2.27, 2.37, 1.91, 1.58, 0.92, 0, 1.0, 1.27, 1.35, 1.38, 1.57, 2.19, 3.117, 3.734, 4.637, 5.673, 5.929, 6.079, 6.061, 5.737, 5.377, 5.15, 5.131, 5.38, 4.88, 4.34, 4.35, 4.56, 4.66, 3.7, 2.76, 2.78, 3.14, 3.31, 3.26, 2.99, 2.44, 2.17, 2.81, 6.918, 9.208, 9.766, 10.26], [12.114, 11.631, 10.934, 10.249, 9.015, 8.312, 8.286, 9.416, 8.756, 8.579, 8.939, 9.046, 10.039, 11.595, 12.215, 12.212, 12.169, 12.046, 11.206, 10.269, 10.059, 11.085, 11.394, 10.717, 10.337, 10.621, 10.505, 10.432, 10.185, 8.561, 6.487, 7.01, 5.675, 3.68, 3.34, 3.94, 4.46, 4.53, 4.56, 4.61, 4.679, 4.099, 3.59, 2.53, 2.27, 1.59, 1.24, 1.18, 1.0, 0, 1.11, 1.19, 1.0, 1.59, 1.41, 2.26, 2.891, 3.775, 4.79, 5.069, 5.214, 5.196, 4.886, 4.494, 4.281, 4.268, 4.52, 4.02, 3.48, 3.49, 3.76, 3.82, 2.88, 2.32, 2.3, 2.58, 2.81, 2.86, 2.77, 2.44, 2.35, 2.37, 6.055, 8.386, 8.929, 9.411], [12.092, 11.635, 10.872, 10.253, 9.139, 8.287, 8.402, 9.403, 8.766, 8.714, 8.877, 9.307, 10.123, 11.759, 12.379, 12.296, 12.29, 12.124, 11.304, 10.293, 10.032, 11.049, 11.298, 10.56, 10.338, 10.802, 10.689, 10.596, 10.289, 8.533, 6.35, 6.89, 5.51, 3.57, 3.17, 3.75, 4.03, 4.08, 4.11, 4.16, 4.23, 3.59, 3.14, 1.92, 1.9, 1.62, 1.61, 1.49, 1.27, 1.11, 0, 0.8, 1.01, 1.26, 1.64, 2.53, 3.11, 3.897, 4.927, 5.3, 5.49, 5.403, 4.993, 4.584, 4.38, 4.378, 4.63, 4.11, 3.63, 3.62, 3.69, 3.83, 2.89, 2.15, 2.41, 2.51, 2.68, 2.63, 2.38, 2.09, 1.82, 2.2, 6.066, 8.344, 8.908, 9.378], [12.42, 11.96, 11.22, 10.55, 9.39, 8.55, 8.57, 9.597, 8.937, 8.92, 9.14, 9.53, 10.4, 12.01, 12.67, 12.61, 12.55, 12.33, 11.51, 10.57, 10.26, 11.4, 11.64, 10.9, 10.62, 11.09, 10.96, 10.87, 10.58, 8.87, 6.67, 7.19, 5.79, 3.79, 3.33, 3.93, 4.17, 4.18, 4.23, 4.28, 4.45, 3.81, 3.26, 2.1, 2.02, 1.6, 1.55, 1.47, 1.35, 1.19, 0.8, 0, 0.89, 1.1, 1.54, 2.37, 2.847, 3.645, 4.724, 5.08, 5.23, 5.16, 4.764, 4.324, 4.131, 4.104, 4.364, 3.881, 3.39, 3.34, 3.49, 3.67, 2.65, 2.11, 2.41, 2.41, 2.66, 2.65, 2.44, 2.13, 1.92, 2.2, 5.84, 8.149, 8.711, 9.178], [12.29, 11.77, 11.09, 10.46, 9.24, 8.44, 8.44, 9.544, 8.904, 8.69, 9.07, 9.28, 10.23, 11.76, 12.38, 12.42, 12.4, 12.2, 11.4, 10.48, 10.29, 11.29, 11.49, 10.79, 10.43, 10.78, 10.61, 10.54, 10.33, 8.76, 6.56, 7.04, 5.72, 3.66, 3.2, 3.7, 4.1, 4.11, 4.2, 4.25, 4.38, 3.78, 3.21, 2.23, 2.13, 1.59, 1.52, 1.54, 1.38, 1.0, 1.01, 0.89, 0, 1.13, 1.43, 2.4, 2.865, 3.712, 4.819, 5.21, 5.285, 5.13, 4.694, 4.434, 4.229, 4.199, 4.459, 3.999, 3.46, 3.43, 3.64, 3.78, 2.78, 2.16, 2.46, 2.54, 2.87, 2.8, 2.65, 2.36, 2.05, 2.37, 5.992, 8.311, 8.845, 9.319], [12.66, 12.14, 11.46, 10.79, 9.57, 8.71, 8.65, 9.657, 9.02, 8.92, 9.24, 9.49, 10.5, 12.07, 12.67, 12.71, 12.65, 12.37, 11.57, 10.81, 10.54, 11.64, 11.86, 11.1, 10.76, 11.09, 10.88, 10.89, 10.7, 9.11, 6.87, 7.35, 6.01, 3.85, 3.37, 3.91, 4.07, 4.3, 4.19, 4.3, 4.41, 3.71, 3.02, 2.22, 2.34, 2.06, 2.15, 1.91, 1.57, 1.59, 1.26, 1.1, 1.13, 0, 1.88, 2.73, 3.01, 3.919, 5.17, 5.66, 5.586, 5.305, 4.73, 4.518, 4.296, 4.266, 4.486, 4.006, 3.55, 3.48, 3.79, 4.01, 3.03, 2.55, 2.61, 2.65, 2.86, 2.81, 2.7, 2.57, 2.2, 2.2, 6.077, 8.422, 8.995, 9.454], [12.872, 12.355, 11.732, 11.379, 10.122, 9.547, 9.536, 10.654, 10.008, 9.726, 10.154, 10.082, 11.089, 12.559, 13.116, 12.982, 13.239, 13.19, 12.293, 11.382, 11.286, 12.052, 12.078, 11.38, 11.018, 11.282, 11.357, 11.236, 10.929, 9.427, 7.47, 7.83, 6.31, 4.23, 3.63, 4.27, 4.71, 4.7, 4.79, 4.88, 4.99, 4.45, 3.82, 2.74, 2.42, 1.92, 1.87, 2.11, 2.19, 1.41, 1.64, 1.54, 1.43, 1.88, 0, 1.27, 1.85, 2.759, 3.97, 4.24, 4.282, 4.241, 4.03, 3.507, 3.247, 3.217, 3.454, 2.93, 2.49, 2.42, 2.95, 3.15, 2.19, 2.15, 2.19, 2.09, 2.26, 2.51, 2.48, 2.39, 2.6, 1.96, 5.085, 7.506, 8.034, 8.432], [13.608, 13.091, 12.468, 12.14, 10.986, 10.44, 10.442, 11.564, 10.887, 10.676, 11.033, 11.049, 11.898, 13.452, 14.032, 13.766, 14.051, 14.103, 13.128, 12.217, 12.084, 12.862, 12.811, 12.057, 11.734, 12.138, 12.396, 12.212, 11.765, 10.226, 8.227, 8.63, 7.03, 4.915, 4.378, 5.127, 5.493, 5.42, 5.413, 5.52, 5.667, 5.173, 4.606, 3.39, 3.01, 2.57, 2.48, 2.977, 3.117, 2.26, 2.53, 2.37, 2.4, 2.73, 1.27, 0, 1.04, 1.91, 3.04, 3.23, 3.18, 3.359, 3.18, 2.5, 2.19, 2.16, 2.4, 2.14, 1.98, 1.99, 2.44, 2.58, 2.16, 2.5, 2.66, 2.3, 2.55, 2.8, 2.91, 3.02, 3.23, 2.11, 3.987, 6.439, 6.946, 7.369], [14.199, 13.642, 13.131, 12.82, 11.686, 11.094, 11.119, 12.235, 11.578, 11.312, 11.707, 11.706, 12.607, 14.12, 14.64, 14.452, 14.731, 14.771, 13.817, 12.883, 12.747, 13.522, 13.399, 12.485, 12.142, 12.706, 13.031, 12.849, 12.419, 10.881, 8.843, 9.18, 7.455, 5.15, 4.513, 5.058, 5.32, 5.29, 5.32, 5.47, 5.56, 5.02, 4.43, 3.39, 2.99, 2.67, 3.02, 3.649, 3.734, 2.891, 3.11, 2.847, 2.865, 3.01, 1.85, 1.04, 0, 1.43, 2.74, 3.25, 3.06, 2.93, 2.94, 2.02, 1.69, 1.62, 1.76, 1.62, 1.52, 1.53, 2.12, 2.28, 1.88, 2.38, 2.62, 2.12, 2.39, 2.48, 2.59, 2.94, 3.43, 2.01, 3.359, 5.792, 6.35, 6.74], [14.746, 14.109, 13.732, 13.521, 12.509, 11.963, 11.971, 13.087, 12.43, 12.198, 12.576, 12.563, 13.502, 14.963, 15.571, 15.347, 15.581, 15.66, 14.809, 13.649, 13.505, 14.265, 14.037, 12.966, 12.831, 13.532, 13.876, 13.692, 13.193, 11.633, 9.609, 9.961, 8.087, 5.673, 5.283, 5.668, 5.87, 5.78, 5.69, 5.87, 5.868, 5.45, 4.98, 4.1, 3.48, 3.394, 3.663, 4.48, 4.637, 3.775, 3.897, 3.645, 3.712, 3.919, 2.759, 1.91, 1.43, 0, 1.75, 2.52, 2.61, 2.58, 2.47, 1.33, 1.0, 1.03, 1.41, 1.33, 1.45, 1.46, 1.63, 1.75, 1.63, 2.523, 2.805, 2.03, 2.22, 2.63, 2.8, 3.45, 4.026, 2.3, 2.39, 5.114, 5.573, 5.822], [15.708, 15.128, 14.716, 14.543, 13.499, 12.934, 12.981, 14.114, 13.457, 13.246, 13.567, 13.622, 14.552, 16.005, 16.636, 16.431, 16.628, 16.69, 15.813, 14.628, 14.504, 15.247, 15.013, 14.003, 13.877, 14.528, 14.899, 14.701, 14.221, 12.626, 10.591, 10.959, 9.078, 6.753, 6.373, 6.71, 6.88, 6.77, 6.82, 6.95, 6.98, 6.54, 6.15, 5.33, 4.63, 4.39, 4.622, 5.485, 5.673, 4.79, 4.927, 4.724, 4.819, 5.17, 3.97, 3.04, 2.74, 1.75, 0, 1.35, 1.58, 1.65, 1.44, 1.26, 1.61, 1.6, 1.98, 2.5, 2.46, 2.47, 1.92, 2.14, 2.64, 3.68, 3.81, 3.04, 3.37, 3.82, 4.21, 4.76, 5.19, 3.57, 2.06, 4.124, 4.514, 4.705], [15.978, 15.43, 14.961, 14.707, 13.724, 13.152, 13.208, 14.341, 13.681, 13.458, 13.759, 13.858, 14.78, 16.238, 16.841, 16.639, 16.844, 16.891, 16.022, 14.816, 14.666, 15.452, 15.241, 14.302, 14.222, 14.851, 15.168, 14.955, 14.454, 12.833, 10.854, 11.291, 9.355, 7.24, 6.928, 7.61, 7.95, 7.84, 7.79, 7.82, 7.93, 7.57, 7.1, 5.88, 5.26, 4.9, 4.878, 5.718, 5.929, 5.069, 5.3, 5.08, 5.21, 5.66, 4.24, 3.23, 3.25, 2.52, 1.35, 0, 0.97, 1.52, 1.67, 2.01, 2.54, 2.35, 2.87, 3.55, 3.61, 3.56, 3.09, 3.31, 3.71, 4.49, 4.668, 4.03, 4.38, 4.85, 4.94, 5.17, 5.58, 4.28, 2.39, 3.591, 4.081, 4.449], [16.544, 16.01, 15.412, 15.078, 13.975, 13.402, 13.405, 14.503, 13.826, 13.618, 13.975, 14.009, 14.913, 16.438, 17.019, 16.827, 17.009, 17.069, 16.163, 15.155, 15.013, 15.826, 15.73, 14.927, 14.57, 15.077, 15.395, 15.234, 14.755, 13.182, 11.161, 11.524, 9.856, 7.593, 7.068, 7.644, 8.013, 7.923, 7.893, 8.003, 8.127, 7.693, 7.126, 6.009, 5.543, 5.114, 5.106, 5.949, 6.079, 5.214, 5.49, 5.23, 5.285, 5.586, 4.282, 3.18, 3.06, 2.61, 1.58, 0.97, 0, 0.85, 1.28, 1.94, 2.53, 2.24, 2.76, 3.5, 3.679, 3.57, 3.316, 3.59, 3.953, 4.847, 5.1, 4.35, 4.71, 5.08, 5.21, 5.56, 5.886, 4.569, 2.44, 3.38, 3.876, 4.318], [16.774, 16.24, 15.625, 15.223, 14.045, 13.435, 13.419, 14.525, 13.868, 13.6, 14.023, 13.963, 15.01, 16.446, 17.038, 16.938, 17.1, 17.082, 16.233, 15.265, 15.129, 15.951, 15.96, 15.152, 14.777, 15.187, 15.365, 15.224, 14.845, 13.355, 11.255, 11.61, 10.081, 7.812, 7.178, 7.61, 7.843, 7.864, 8.003, 8.153, 8.211, 7.58, 6.916, 5.99, 5.59, 5.124, 5.174, 5.976, 6.061, 5.196, 5.403, 5.16, 5.13, 5.305, 4.241, 3.359, 2.93, 2.58, 1.65, 1.52, 0.85, 0, 1.07, 1.75, 2.4, 2.17, 2.71, 3.43, 3.626, 3.573, 3.31, 3.6, 3.98, 4.988, 5.284, 4.448, 4.74, 5.01, 5.18, 5.61, 5.998, 4.61, 2.55, 3.37, 3.896, 4.37], [16.583, 16.049, 15.469, 15.029, 13.809, 13.089, 13.052, 14.155, 13.524, 13.305, 13.71, 13.789, 14.756, 16.238, 16.787, 16.773, 16.892, 16.763, 15.958, 15.049, 14.905, 15.743, 15.789, 14.981, 14.624, 14.996, 14.957, 14.919, 14.674, 13.207, 11.07, 11.334, 9.89, 7.658, 7.0, 7.36, 7.54, 7.61, 7.76, 8.01, 8.06, 7.24, 6.59, 5.77, 5.35, 4.89, 4.909, 5.749, 5.737, 4.886, 4.993, 4.764, 4.694, 4.73, 4.03, 3.18, 2.94, 2.47, 1.44, 1.67, 1.28, 1.07, 0, 1.6, 2.31, 2.12, 2.56, 3.2, 3.34, 3.17, 3.0, 3.2, 3.74, 4.84, 5.12, 4.24, 4.41, 4.72, 5.15, 5.6, 5.85, 4.43, 2.54, 4.01, 4.543, 4.943], [15.693, 15.096, 14.642, 14.394, 13.228, 12.674, 12.662, 13.801, 13.161, 12.93, 13.287, 13.32, 14.284, 15.691, 16.348, 16.177, 16.368, 16.377, 15.543, 14.451, 14.318, 15.084, 14.893, 13.945, 13.619, 14.283, 14.598, 14.394, 13.916, 12.443, 10.411, 10.717, 8.932, 6.638, 6.04, 6.42, 6.48, 6.51, 6.58, 6.85, 6.92, 6.16, 5.55, 4.87, 4.35, 4.17, 4.357, 5.189, 5.377, 4.494, 4.584, 4.324, 4.434, 4.518, 3.507, 2.5, 2.02, 1.33, 1.26, 2.01, 1.94, 1.75, 1.6, 0, 1.01, 0.9, 1.44, 1.94, 2.16, 2.03, 1.9, 2.2, 2.6, 3.66, 3.94, 3.06, 3.27, 3.44, 3.83, 4.34, 4.907, 3.31, 2.04, 4.287, 4.697, 5.052], [15.303, 14.666, 14.277, 14.079, 13.007, 12.467, 12.477, 13.588, 12.928, 12.702, 13.077, 13.043, 13.977, 15.455, 16.063, 15.85, 16.05, 16.135, 15.278, 14.173, 14.043, 14.786, 14.537, 13.523, 13.317, 13.973, 14.373, 14.183, 13.685, 12.153, 10.133, 10.47, 8.567, 6.15, 5.69, 5.99, 6.11, 5.92, 5.87, 6.14, 6.15, 5.67, 5.26, 4.58, 4.0, 3.9, 4.17, 4.986, 5.15, 4.281, 4.38, 4.131, 4.229, 4.296, 3.247, 2.19, 1.69, 1.0, 1.61, 2.54, 2.53, 2.4, 2.31, 1.01, 0, 0.63, 0.75, 1.19, 1.45, 1.44, 1.57, 1.77, 2.01, 3.042, 3.33, 2.49, 2.64, 2.85, 3.28, 3.95, 4.557, 2.82, 2.21, 4.694, 5.164, 5.34], [15.293, 14.656, 14.267, 14.086, 12.991, 12.448, 12.45, 13.566, 12.912, 12.686, 13.061, 13.033, 13.978, 15.445, 16.057, 15.857, 16.057, 16.119, 15.271, 14.18, 14.053, 14.796, 14.547, 13.513, 13.307, 13.963, 14.36, 14.167, 13.675, 12.163, 10.14, 10.474, 8.577, 6.14, 5.7, 6.04, 6.26, 6.17, 6.08, 6.31, 6.32, 5.84, 5.25, 4.587, 4.01, 3.904, 4.18, 4.968, 5.131, 4.268, 4.378, 4.104, 4.199, 4.266, 3.217, 2.16, 1.62, 1.03, 1.6, 2.35, 2.24, 2.17, 2.12, 0.9, 0.63, 0, 0.8, 1.48, 1.68, 1.69, 1.74, 2.06, 2.18, 3.12, 3.4, 2.58, 2.73, 3.02, 3.33, 3.98, 4.547, 2.85, 2.18, 4.587, 5.077, 5.341], [15.473, 14.816, 14.482, 14.326, 13.237, 12.697, 12.708, 13.818, 13.152, 12.926, 13.301, 13.267, 14.198, 15.685, 16.277, 16.077, 16.277, 16.359, 15.491, 14.42, 14.293, 15.036, 14.773, 13.733, 13.533, 14.159, 14.58, 14.407, 13.915, 12.403, 10.38, 10.714, 8.803, 6.349, 5.892, 6.2, 6.36, 6.15, 6.12, 6.33, 6.36, 5.9, 5.459, 4.827, 4.25, 4.144, 4.44, 5.22, 5.38, 4.52, 4.63, 4.364, 4.459, 4.486, 3.454, 2.4, 1.76, 1.41, 1.98, 2.87, 2.76, 2.71, 2.56, 1.44, 0.75, 0.8, 0, 1.24, 1.64, 1.57, 1.82, 1.96, 2.24, 3.275, 3.44, 2.74, 2.71, 2.96, 3.465, 4.1, 4.779, 2.999, 2.12, 4.613, 5.146, 5.199], [14.967, 14.307, 13.964, 13.806, 12.737, 12.197, 12.208, 13.318, 12.658, 12.432, 12.807, 12.773, 13.627, 15.185, 15.753, 15.5, 15.76, 15.865, 14.928, 13.903, 13.773, 14.516, 14.264, 13.207, 13.033, 13.619, 14.097, 13.913, 13.415, 11.883, 9.863, 10.2, 8.294, 5.834, 5.308, 5.642, 5.8, 5.55, 5.466, 5.69, 5.7, 5.274, 4.915, 4.31, 3.73, 3.63, 3.9, 4.72, 4.88, 4.02, 4.11, 3.881, 3.999, 4.006, 2.93, 2.14, 1.62, 1.33, 2.5, 3.55, 3.5, 3.43, 3.2, 1.94, 1.19, 1.48, 1.24, 0, 0.92, 0.97, 1.58, 1.42, 1.56, 2.694, 2.9, 2.3, 2.23, 2.42, 2.95, 3.62, 4.259, 2.57, 2.96, 5.53, 6.06, 5.877], [14.424, 13.764, 13.422, 13.243, 12.185, 11.642, 11.665, 12.775, 12.115, 11.889, 12.252, 12.231, 13.081, 14.642, 15.191, 14.937, 15.217, 15.322, 14.385, 13.34, 13.21, 13.953, 13.702, 12.644, 12.49, 13.096, 13.554, 13.37, 12.872, 11.32, 9.3, 9.637, 7.732, 5.32, 4.78, 5.119, 5.3, 5.01, 4.92, 5.11, 5.14, 4.8, 4.45, 3.75, 3.17, 3.07, 3.36, 4.18, 4.34, 3.48, 3.63, 3.39, 3.46, 3.55, 2.49, 1.98, 1.52, 1.45, 2.46, 3.61, 3.679, 3.626, 3.34, 2.16, 1.45, 1.68, 1.64, 0.92, 0, 0.71, 1.18, 1.3, 1.14, 2.2, 2.42, 1.88, 1.95, 2.28, 2.63, 3.24, 3.71, 2.27, 3.401, 5.947, 6.497, 6.409], [14.46, 13.8, 13.46, 13.27, 12.19, 11.65, 11.669, 12.779, 12.12, 11.893, 12.26, 12.235, 13.1, 14.646, 15.21, 14.97, 15.23, 15.326, 14.39, 13.37, 13.24, 13.98, 13.72, 12.68, 12.48, 13.09, 13.558, 13.381, 12.876, 11.35, 9.33, 9.67, 7.75, 5.33, 4.77, 5.11, 5.23, 5.02, 4.95, 5.16, 5.21, 4.79, 4.42, 3.82, 3.22, 3.12, 3.39, 4.19, 4.35, 3.49, 3.62, 3.34, 3.43, 3.48, 2.42, 1.99, 1.53, 1.46, 2.47, 3.56, 3.57, 3.573, 3.17, 2.03, 1.44, 1.69, 1.57, 0.97, 0.71, 0, 1.13, 1.25, 1.13, 2.25, 2.39, 1.87, 1.8, 2.17, 2.62, 3.23, 3.76, 2.26, 3.317, 5.84, 6.39, 6.347], [14.55, 13.95, 13.51, 13.36, 12.34, 11.78, 11.86, 12.99, 12.315, 12.095, 12.403, 12.462, 13.36, 14.86, 15.48, 15.24, 15.46, 15.542, 14.678, 13.46, 13.27, 14.03, 13.79, 12.73, 12.65, 13.36, 13.775, 13.551, 13.03, 11.38, 9.36, 9.78, 7.82, 5.58, 5.08, 5.373, 5.4, 5.23, 5.24, 5.43, 5.46, 4.92, 4.63, 3.89, 3.29, 3.17, 3.52, 4.34, 4.56, 3.76, 3.69, 3.49,