[[0, 0.88, 1.76, 1.22, 1.28, 2.37, 3.47, 4.18, 4.38, 3.86, 3.53, 3.86, 4.84, 5.45, 5.85, 5.96, 5.94, 5.15, 3.93, 3.56, 5.54, 6.29, 6.04, 5.63, 5.45, 5.4, 5.81, 6.82, 7.05, 6.94, 6.7, 6.14, 5.83, 5.83, 6.46, 7.05, 6.42, 6.75, 8.83, 10.23, 9.57, 8.72, 8.7, 8.82, 9.4, 9.16, 8.16, 8.24, 10.09, 11.84, 12.07, 12.1, 13.4, 14.4, 13.61, 13.1, 13.45, 13.05, 12.76, 13.75, 12.93, 12.51, 12.34, 11.6, 10.92, 10.684, 10.354, 9.884, 9.56, 9.71, 9.333, 8.304, 6.81, 6.03, 5.97, 6.37, 6.62, 6.77, 6.58, 7.15, 7.26, 5.51, 2.68, 2.01, 2.3, 2.95], [0.88, 0, 1.5, 1.26, 1.4, 2.61, 3.85, 4.64, 4.84, 4.3, 3.99, 4.22, 5.32, 5.95, 6.33, 6.4, 6.38, 5.57, 4.41, 3.98, 5.94, 6.71, 6.44, 6.11, 5.89, 5.84, 6.31, 7.24, 7.55, 7.44, 7.18, 6.64, 6.31, 6.29, 6.96, 7.55, 6.92, 7.27, 9.35, 10.75, 10.09, 9.22, 9.22, 9.34, 9.92, 9.66, 8.66, 8.72, 10.57, 12.28, 12.55, 12.58, 13.84, 14.86, 14.03, 13.52, 13.87, 13.47, 13.18, 14.17, 13.35, 12.93, 12.76, 12.02, 11.34, 11.087, 10.757, 10.287, 9.98, 10.13, 9.753, 8.707, 7.25, 6.45, 6.39, 6.79, 7.02, 7.17, 6.98, 7.53, 7.64, 5.83, 3.08, 2.45, 2.78, 3.41], [1.76, 1.5, 0, 1.02, 1.7, 1.87, 3.13, 3.96, 4.12, 3.54, 3.59, 3.92, 4.72, 5.29, 5.59, 5.64, 5.62, 4.73, 3.77, 3.44, 5.1, 5.85, 5.66, 5.55, 5.35, 5.3, 5.79, 6.7, 6.91, 6.88, 6.46, 6.0, 5.69, 5.59, 6.28, 6.85, 6.22, 7.03, 8.89, 10.27, 9.53, 8.58, 8.8, 8.98, 9.68, 9.46, 8.3, 7.98, 9.79, 11.52, 11.83, 11.82, 13.06, 14.1, 13.21, 12.66, 13.01, 12.61, 12.32, 13.31, 12.49, 12.07, 11.894, 11.12, 10.48, 10.25, 9.92, 9.444, 9.114, 9.264, 8.887, 7.87, 6.45, 5.55, 5.55, 5.97, 6.22, 6.33, 6.14, 6.71, 6.78, 5.11, 3.04, 2.35, 2.52, 2.85], [1.22, 1.26, 1.02, 0, 1.1, 1.89, 3.03, 3.68, 3.86, 3.32, 3.11, 3.4, 4.42, 5.05, 5.41, 5.48, 5.46, 4.55, 3.49, 3.02, 4.94, 5.69, 5.42, 5.23, 5.01, 4.92, 5.43, 6.28, 6.63, 6.58, 6.26, 5.74, 5.39, 5.37, 6.02, 6.65, 6.0, 6.53, 8.47, 9.85, 9.21, 8.32, 8.38, 8.56, 9.2, 8.98, 7.86, 7.8, 9.63, 11.36, 11.63, 11.66, 12.9, 13.94, 13.05, 12.46, 12.81, 12.39, 12.1, 13.09, 12.27, 11.85, 11.68, 11.0, 10.3, 9.99, 9.64, 9.17, 8.9, 9.05, 8.682, 7.59, 6.25, 5.43, 5.39, 5.81, 6.04, 6.03, 5.84, 6.39, 6.48, 4.91, 2.52, 1.75, 2.06, 2.53], [1.28, 1.4, 1.7, 1.1, 0, 1.61, 2.81, 3.54, 3.68, 3.16, 3.03, 3.36, 4.34, 4.99, 5.29, 5.34, 5.28, 4.33, 3.43, 2.96, 4.72, 5.49, 5.24, 5.23, 4.97, 4.9, 5.43, 6.3, 6.55, 6.54, 6.12, 5.6, 5.29, 5.27, 5.96, 6.55, 5.88, 6.43, 8.49, 9.83, 9.17, 8.22, 8.38, 8.56, 9.16, 8.96, 7.84, 7.68, 9.47, 11.2, 11.53, 11.5, 12.7, 13.76, 12.83, 12.26, 12.61, 12.21, 11.92, 12.91, 12.09, 11.67, 11.5, 10.8, 10.1, 9.83, 9.497, 9.03, 8.72, 8.87, 8.499, 7.447, 6.07, 5.25, 5.17, 5.59, 5.82, 5.91, 5.72, 6.27, 6.36, 4.75, 2.28, 1.69, 1.96, 2.49], [2.37, 2.61, 1.87, 1.89, 1.61, 0, 1.4, 2.29, 2.47, 1.89, 2.26, 2.61, 3.27, 3.78, 4.06, 4.09, 3.97, 3.22, 2.34, 2.05, 3.51, 4.28, 4.17, 4.14, 3.98, 3.89, 4.3, 5.35, 5.44, 5.41, 5.07, 4.67, 4.3, 4.18, 4.83, 5.2, 4.99, 5.72, 7.48, 8.78, 8.06, 7.13, 7.35, 7.49, 8.25, 8.03, 6.91, 6.39, 8.16, 9.85, 10.2, 10.15, 11.37, 12.37, 11.6, 11.09, 11.44, 11.04, 10.75, 11.74, 10.92, 10.5, 10.324, 9.57, 8.921, 8.691, 8.361, 7.891, 7.55, 7.74, 7.317, 6.311, 4.86, 4.04, 3.94, 4.38, 4.63, 4.78, 4.59, 5.14, 5.23, 3.42, 2.21, 1.72, 1.77, 1.66], [3.47, 3.85, 3.13, 3.03, 2.81, 1.4, 0, 1.43, 1.55, 1.07, 1.24, 1.75, 2.09, 2.6, 2.76, 2.79, 2.67, 1.98, 1.16, 0.99, 2.21, 3.02, 2.89, 3.0, 3.14, 2.93, 3.22, 4.17, 4.24, 4.17, 3.85, 3.63, 3.34, 3.36, 3.73, 4.16, 4.27, 4.86, 6.18, 7.5, 6.76, 5.81, 6.05, 6.19, 6.95, 6.75, 5.61, 5.15, 6.9, 8.51, 8.9, 8.91, 10.03, 11.01, 10.3, 9.79, 10.14, 9.74, 9.45, 10.44, 9.62, 9.24, 9.084, 8.35, 7.689, 7.459, 7.129, 6.659, 6.35, 6.58, 6.137, 5.079, 3.56, 2.82, 2.84, 3.26, 3.45, 3.56, 3.37, 3.92, 4.05, 2.4, 1.99, 1.88, 1.67, 1.3], [4.18, 4.64, 3.96, 3.68, 3.54, 2.29, 1.43, 0, 0.72, 0.82, 1.15, 1.5, 1.66, 1.87, 2.09, 2.08, 1.94, 1.29, 1.39, 1.48, 1.54, 2.25, 2.48, 2.45, 2.83, 2.6, 2.61, 3.36, 3.39, 3.4, 3.3, 3.22, 2.91, 3.07, 3.26, 3.69, 4.24, 4.57, 5.63, 6.71, 6.05, 5.36, 5.42, 5.62, 6.28, 6.16, 5.08, 4.5, 6.07, 7.76, 8.03, 8.04, 9.32, 10.34, 9.53, 9.02, 9.37, 8.97, 8.68, 9.67, 8.85, 8.43, 8.26, 7.52, 6.84, 6.604, 6.274, 5.804, 5.48, 5.65, 5.253, 4.23, 3.01, 2.39, 2.15, 2.55, 2.74, 2.71, 2.58, 3.07, 3.18, 1.75, 2.26, 2.51, 2.32, 1.79], [4.38, 4.84, 4.12, 3.86, 3.68, 2.47, 1.55, 0.72, 0, 0.82, 1.25, 1.7, 1.76, 2.01, 2.13, 2.12, 1.96, 1.35, 1.59, 1.64, 1.66, 2.29, 2.5, 2.47, 2.95, 2.92, 2.67, 3.4, 3.49, 3.48, 3.3, 3.18, 2.99, 3.11, 3.32, 3.63, 4.34, 4.61, 5.69, 6.81, 6.19, 5.4, 5.52, 5.68, 6.4, 6.22, 5.14, 4.42, 5.95, 7.6, 7.89, 7.84, 9.14, 10.14, 9.33, 8.8, 9.15, 8.75, 8.46, 9.45, 8.63, 8.21, 8.04, 7.32, 6.62, 6.367, 6.037, 5.57, 5.28, 5.45, 5.05, 4.09, 2.85, 2.37, 2.01, 2.33, 2.56, 2.55, 2.48, 2.89, 2.98, 1.85, 2.5, 2.67, 2.48, 1.91], [3.86, 4.3, 3.54, 3.32, 3.16, 1.89, 1.07, 0.82, 0.82, 0, 0.99, 1.56, 1.88, 2.31, 2.39, 2.46, 2.34, 1.53, 1.09, 1.1, 1.84, 2.59, 2.72, 2.69, 3.07, 2.78, 2.85, 3.7, 3.79, 3.76, 3.54, 3.42, 3.15, 3.09, 3.4, 3.73, 4.06, 4.69, 5.95, 7.17, 6.49, 5.6, 5.8, 5.96, 6.68, 6.48, 5.4, 4.74, 6.45, 8.1, 8.39, 8.36, 9.66, 10.66, 9.85, 9.34, 9.69, 9.29, 9.0, 9.99, 9.17, 8.75, 8.577, 7.82, 7.157, 6.907, 6.577, 6.107, 5.8, 5.97, 5.57, 4.55, 3.19, 2.47, 2.29, 2.67, 2.9, 3.01, 2.84, 3.37, 3.48, 2.13, 1.96, 2.13, 1.9, 1.39], [3.53, 3.99, 3.59, 3.11, 3.03, 2.26, 1.24, 1.15, 1.25, 0.99, 0, 0.97, 1.49, 2.1, 2.46, 2.57, 2.55, 1.72, 1.06, 0.97, 2.07, 2.84, 2.57, 2.36, 2.64, 2.35, 2.56, 3.43, 3.68, 3.61, 3.29, 3.03, 2.9, 3.04, 3.23, 3.94, 4.03, 4.12, 5.52, 6.88, 6.24, 5.35, 5.43, 5.57, 6.21, 6.01, 4.87, 4.83, 6.68, 8.43, 8.66, 8.69, 9.99, 10.99, 10.18, 9.63, 9.98, 9.58, 9.29, 10.28, 9.46, 9.04, 8.87, 8.15, 7.45, 7.18, 6.85, 6.38, 6.09, 6.24, 5.866, 4.8, 3.36, 2.58, 2.58, 3.1, 3.25, 3.26, 3.09, 3.62, 3.73, 2.26, 1.65, 1.94, 1.67, 1.38], [3.86, 4.22, 3.92, 3.4, 3.36, 2.61, 1.75, 1.5, 1.7, 1.56, 0.97, 0, 1.3, 1.85, 2.21, 2.3, 2.34, 1.67, 1.21, 1.34, 1.96, 2.67, 2.4, 2.07, 2.11, 1.98, 2.23, 3.16, 3.41, 3.28, 2.98, 2.58, 2.23, 2.37, 2.78, 3.43, 3.48, 3.43, 5.19, 6.59, 5.91, 5.04, 5.1, 5.28, 5.92, 5.7, 4.58, 4.52, 6.37, 8.1, 8.35, 8.38, 9.68, 10.66, 9.89, 9.38, 9.73, 9.33, 9.04, 10.03, 9.21, 8.79, 8.62, 7.88, 7.2, 6.93, 6.6, 6.13, 5.84, 5.99, 5.63, 4.55, 3.09, 2.31, 2.29, 2.69, 2.94, 3.07, 2.96, 3.57, 3.7, 1.97, 1.8, 2.21, 1.92, 1.63], [4.84, 5.32, 4.72, 4.42, 4.34, 3.27, 2.09, 1.66, 1.76, 1.88, 1.49, 1.3, 0, 0.91, 1.31, 1.54, 1.48, 1.45, 1.33, 1.66, 1.58, 2.03, 1.76, 1.33, 1.83, 1.78, 1.89, 2.72, 2.81, 2.68, 2.44, 2.2, 2.05, 2.25, 2.28, 2.85, 3.16, 3.39, 4.45, 5.89, 4.87, 4.1, 4.14, 4.36, 5.08, 4.96, 3.86, 3.46, 5.564, 7.214, 7.509, 7.62, 8.86, 9.7, 9.21, 8.7, 9.05, 8.65, 8.36, 9.37, 8.55, 8.15, 7.979, 7.256, 6.599, 6.369, 6.059, 5.59, 5.22, 5.39, 5.03, 4.01, 2.43, 1.59, 1.87, 2.45, 2.66, 2.69, 2.5, 3.01, 3.12, 1.59, 2.6, 3.03, 2.62, 2.13], [5.45, 5.95, 5.29, 5.05, 4.99, 3.78, 2.6, 1.87, 2.01, 2.31, 2.1, 1.85, 0.91, 0, 0.86, 1.05, 1.03, 1.36, 1.78, 2.23, 1.43, 1.52, 1.63, 1.5, 1.98, 2.03, 1.92, 2.45, 2.48, 2.37, 2.41, 2.35, 2.38, 2.54, 2.51, 3.1, 3.51, 3.72, 4.22, 5.36, 4.42, 3.85, 3.83, 4.07, 4.75, 4.77, 3.61, 3.11, 4.988, 6.627, 6.937, 7.05, 8.27, 9.11, 8.6, 8.13, 8.44, 8.04, 7.75, 8.74, 7.92, 7.58, 7.403, 6.681, 6.023, 5.793, 5.463, 5.02, 4.65, 4.82, 4.456, 3.48, 2.2, 1.66, 1.94, 2.5, 2.63, 2.26, 2.33, 2.6, 2.75, 1.78, 3.21, 3.64, 3.23, 2.7], [5.85, 6.33, 5.59, 5.41, 5.29, 4.06, 2.76, 2.09, 2.13, 2.39, 2.46, 2.21, 1.31, 0.86, 0, 0.69, 0.91, 1.5, 1.98, 2.47, 1.49, 1.38, 1.55, 1.86, 2.36, 2.43, 2.26, 2.47, 2.52, 2.43, 2.35, 2.49, 2.6, 2.78, 2.77, 3.3, 3.75, 4.1, 4.02, 5.18, 4.2, 3.57, 3.57, 3.85, 4.53, 4.57, 3.37, 2.85, 4.62, 6.261, 6.58, 6.67, 7.89, 8.73, 8.24, 7.75, 8.08, 7.68, 7.39, 8.38, 7.56, 7.2, 7.026, 6.303, 5.646, 5.416, 5.086, 4.616, 4.266, 4.436, 4.039, 3.12, 2.08, 1.7, 2.04, 2.48, 2.63, 2.3, 2.49, 2.42, 2.43, 2.0, 3.63, 4.06, 3.65, 3.1], [5.96, 6.4, 5.64, 5.48, 5.34, 4.09, 2.79, 2.08, 2.12, 2.46, 2.57, 2.3, 1.54, 1.05, 0.69, 0, 0.56, 1.35, 2.13, 2.54, 1.4, 1.11, 1.32, 1.75, 2.27, 2.26, 2.03, 2.22, 2.29, 2.2, 2.16, 2.34, 2.45, 2.57, 2.58, 3.17, 3.68, 3.93, 3.77, 5.03, 4.15, 3.54, 3.52, 3.74, 4.38, 4.36, 3.2, 2.92, 4.33, 5.96, 6.31, 6.38, 7.56, 8.52, 7.87, 7.4, 7.71, 7.31, 7.0, 7.99, 7.19, 6.85, 6.691, 5.948, 5.291, 5.061, 4.731, 4.261, 3.92, 4.081, 3.703, 2.77, 1.79, 1.57, 1.83, 2.21, 2.3, 2.07, 2.24, 2.15, 2.2, 1.97, 3.78, 4.17, 3.76, 3.25], [5.94, 6.38, 5.62, 5.46, 5.28, 3.97, 2.67, 1.94, 1.96, 2.34, 2.55, 2.34, 1.48, 1.03, 0.91, 0.56, 0, 1.11, 2.07, 2.52, 1.08, 0.93, 1.2, 1.65, 2.19, 2.14, 1.97, 2.26, 2.29, 2.22, 2.2, 2.36, 2.41, 2.49, 2.54, 2.99, 3.58, 3.87, 4.07, 5.27, 4.37, 3.82, 3.7, 3.94, 4.62, 4.64, 3.46, 3.08, 4.43, 6.02, 6.43, 6.46, 7.62, 8.56, 7.93, 7.46, 7.77, 7.37, 7.04, 8.05, 7.25, 6.91, 6.728, 6.005, 5.348, 5.118, 4.788, 4.318, 3.948, 4.158, 3.761, 2.81, 1.73, 1.35, 1.57, 1.95, 2.0, 1.77, 1.88, 2.03, 2.2, 1.83, 3.76, 4.15, 3.74, 3.21], [5.15, 5.57, 4.73, 4.55, 4.33, 3.22, 1.98, 1.29, 1.35, 1.53, 1.72, 1.67, 1.45, 1.36, 1.5, 1.35, 1.11, 0, 1.48, 1.73, 0.67, 1.36, 1.65, 2.12, 2.56, 2.37, 2.3, 2.73, 2.86, 2.89, 2.83, 2.85, 2.7, 2.72, 2.87, 3.2, 3.91, 4.16, 4.92, 6.08, 5.38, 4.69, 4.71, 4.91, 5.57, 5.49, 4.41, 3.91, 5.28, 6.95, 7.3, 7.37, 8.47, 9.53, 8.54, 8.03, 8.34, 7.94, 7.61, 8.62, 7.82, 7.48, 7.33, 6.65, 5.95, 5.708, 5.378, 4.888, 4.55, 4.72, 4.346, 3.4, 2.16, 1.58, 1.54, 1.88, 1.97, 1.86, 1.79, 2.42, 2.61, 1.88, 3.07, 3.4, 3.05, 2.6], [3.93, 4.41, 3.77, 3.49, 3.43, 2.34, 1.16, 1.39, 1.59, 1.09, 1.06, 1.21, 1.33, 1.78, 1.98, 2.13, 2.07, 1.48, 0, 0.87, 1.79, 2.5, 2.33, 2.26, 2.6, 2.35, 2.42, 3.25, 3.34, 3.27, 3.01, 2.95, 2.78, 2.86, 3.09, 3.68, 3.95, 4.32, 5.28, 6.6, 5.86, 4.99, 5.13, 5.29, 6.01, 5.89, 4.69, 4.41, 6.26, 7.97, 8.2, 8.25, 9.57, 10.51, 9.82, 9.31, 9.66, 9.26, 8.97, 9.96, 9.14, 8.72, 8.547, 7.81, 7.147, 6.911, 6.581, 6.111, 5.767, 5.917, 5.54, 4.531, 3.04, 2.24, 2.44, 2.92, 3.11, 3.04, 2.85, 3.42, 3.55, 2.22, 2.17, 2.24, 1.87, 1.44], [3.56, 3.98, 3.44, 3.02, 2.96, 2.05, 0.99, 1.48, 1.64, 1.1, 0.97, 1.34, 1.66, 2.23, 2.47, 2.54, 2.52, 1.73, 0.87, 0, 2.1, 2.85, 2.62, 2.51, 2.81, 2.5, 2.79, 3.62, 3.83, 3.8, 3.56, 3.38, 3.05, 3.23, 3.34, 4.05, 4.16, 4.31, 5.59, 6.99, 6.27, 5.48, 5.48, 5.62, 6.26, 6.06, 5.0, 4.9, 6.71, 8.42, 8.67, 8.8, 9.98, 11.0, 10.17, 9.66, 10.01, 9.61, 9.32, 10.31, 9.49, 9.11, 8.954, 8.22, 7.579, 7.349, 7.019, 6.529, 6.174, 6.344, 5.967, 4.969, 3.43, 2.63, 2.73, 3.15, 3.36, 3.43, 3.24, 3.87, 3.96, 2.41, 1.8, 1.81, 1.52, 1.31], [5.54, 5.94, 5.1, 4.94, 4.72, 3.51, 2.21, 1.54, 1.66, 1.84, 2.07, 1.96, 1.58, 1.43, 1.49, 1.4, 1.08, 0.67, 1.79, 2.1, 0, 1.15, 1.54, 2.13, 2.63, 2.48, 2.35, 2.72, 2.85, 2.92, 2.86, 2.9, 2.77, 2.85, 2.96, 3.29, 3.98, 4.29, 4.93, 5.95, 5.27, 4.72, 4.66, 4.86, 5.5, 5.5, 4.38, 3.92, 5.05, 6.64, 7.07, 7.08, 8.1, 9.18, 8.15, 7.66, 7.97, 7.57, 7.24, 8.25, 7.45, 7.11, 6.96, 6.26, 5.58, 5.338, 5.008, 4.518, 4.22, 4.45, 4.01, 3.09, 2.07, 1.51, 1.43, 1.83, 1.84, 1.57, 1.46, 1.97, 2.12, 1.73, 3.38, 3.77, 3.42, 2.97], [6.29, 6.71, 5.85, 5.69, 5.49, 4.28, 3.02, 2.25, 2.29, 2.59, 2.84, 2.67, 2.03, 1.52, 1.38, 1.11, 0.93, 1.36, 2.5, 2.85, 1.15, 0, 1.07, 1.84, 2.36, 2.33, 2.0, 2.11, 2.26, 2.27, 2.25, 2.45, 2.46, 2.58, 2.67, 3.04, 3.81, 4.1, 4.1, 5.08, 4.42, 3.91, 3.83, 4.03, 4.65, 4.61, 3.51, 3.11, 4.34, 5.89, 6.3, 6.29, 7.35, 8.43, 7.44, 6.85, 7.18, 6.78, 6.47, 7.46, 6.64, 6.26, 6.11, 5.41, 4.77, 4.54, 4.21, 3.699, 3.37, 3.56, 3.14, 2.22, 1.46, 1.3, 1.46, 1.74, 1.79, 1.4, 1.49, 1.5, 1.69, 1.9, 4.17, 4.54, 4.19, 3.74], [6.04, 6.44, 5.66, 5.42, 5.24, 4.17, 2.89, 2.48, 2.5, 2.72, 2.57, 2.4, 1.76, 1.63, 1.55, 1.32, 1.2, 1.65, 2.33, 2.62, 1.54, 1.07, 0, 1.13, 1.61, 1.58, 1.39, 1.48, 1.67, 1.7, 1.48, 1.58, 1.71, 1.91, 1.96, 2.61, 3.1, 3.25, 3.57, 4.87, 4.17, 3.36, 3.44, 3.6, 4.32, 4.12, 3.02, 2.76, 4.37, 6.02, 6.41, 6.46, 7.5, 8.56, 7.63, 7.1, 7.43, 7.03, 6.74, 7.73, 6.91, 6.55, 6.4, 5.7, 5.02, 4.786, 4.456, 3.966, 3.64, 3.85, 3.45, 2.406, 1.21, 1.13, 1.43, 1.73, 1.84, 1.85, 2.08, 2.09, 2.2, 1.85, 3.88, 4.27, 3.92, 3.51], [5.63, 6.11, 5.55, 5.23, 5.23, 4.14, 3.0, 2.45, 2.47, 2.69, 2.36, 2.07, 1.33, 1.5, 1.86, 1.75, 1.65, 2.12, 2.26, 2.51, 2.13, 1.84, 1.13, 0, 0.8, 0.81, 0.72, 1.65, 1.84, 1.71, 1.51, 1.25, 1.14, 1.4, 1.33, 2.06, 2.45, 2.44, 3.46, 4.9, 4.02, 3.21, 3.29, 3.43, 4.17, 4.01, 2.89, 2.67, 4.66, 6.33, 6.62, 6.75, 7.95, 8.87, 8.3, 7.79, 8.14, 7.74, 7.45, 8.44, 7.62, 7.24, 7.069, 6.346, 5.689, 5.459, 5.129, 4.659, 4.289, 4.459, 4.082, 3.099, 1.92, 1.66, 1.72, 2.18, 2.31, 2.56, 2.71, 3.04, 3.15, 1.96, 3.37, 3.82, 3.41, 2.92], [5.45, 5.89, 5.35, 5.01, 4.97, 3.98, 3.14, 2.83, 2.95, 3.07, 2.64, 2.11, 1.83, 1.98, 2.36, 2.27, 2.19, 2.56, 2.6, 2.81, 2.63, 2.36, 1.61, 0.8, 0, 0.61, 0.9, 1.91, 2.02, 1.91, 1.65, 1.27, 0.94, 1.14, 1.41, 1.98, 2.05, 2.16, 3.66, 5.1, 4.22, 3.35, 3.47, 3.75, 4.37, 4.27, 3.09, 2.87, 4.84, 6.51, 6.8, 6.93, 8.15, 9.03, 8.46, 7.95, 8.3, 7.9, 7.61, 8.6, 7.78, 7.4, 7.229, 6.51, 5.849, 5.619, 5.289, 4.839, 4.449, 4.639, 4.3, 3.32, 2.42, 2.14, 2.12, 2.46, 2.65, 2.98, 3.15, 3.5, 3.59, 2.38, 3.21, 3.62, 3.33, 2.88], [5.4, 5.84, 5.3, 4.92, 4.9, 3.89, 2.93, 2.6, 2.92, 2.78, 2.35, 1.98, 1.78, 2.03, 2.43, 2.26, 2.14, 2.37, 2.35, 2.5, 2.48, 2.33, 1.58, 0.81, 0.61, 0, 0.81, 1.84, 2.01, 1.98, 1.72, 1.36, 0.95, 1.21, 1.2, 1.91, 2.06, 2.21, 3.77, 5.17, 4.33, 3.44, 3.56, 3.72, 4.44, 4.28, 3.14, 2.9, 4.83, 6.48, 6.81, 6.94, 8.1, 9.06, 8.45, 7.94, 8.29, 7.89, 7.6, 8.59, 7.77, 7.39, 7.219, 6.496, 5.839, 5.609, 5.279, 4.829, 4.439, 4.629, 4.252, 3.25, 2.41, 2.05, 1.97, 2.31, 2.46, 2.87, 2.94, 3.43, 3.5, 2.25, 3.22, 3.57, 3.2, 2.83], [5.81, 6.31, 5.79, 5.43, 5.43, 4.3, 3.22, 2.61, 2.67, 2.85, 2.56, 2.23, 1.89, 1.92, 2.26, 2.03, 1.97, 2.3, 2.42, 2.79, 2.35, 2.0, 1.39, 0.72, 0.9, 0.81, 0, 1.23, 1.4, 1.35, 1.23, 1.03, 0.84, 1.18, 1.07, 1.72, 2.29, 2.22, 3.28, 4.56, 3.9, 3.05, 3.15, 3.33, 4.03, 3.89, 2.73, 2.45, 4.3, 6.03, 6.26, 6.33, 7.61, 8.59, 7.86, 7.35, 7.7, 7.3, 7.01, 8.0, 7.18, 6.76, 6.587, 5.87, 5.207, 4.968, 4.638, 4.18, 3.81, 3.98, 3.62, 2.64, 2.02, 1.88, 1.68, 2.06, 2.13, 2.42, 2.57, 2.96, 3.05, 2.08, 3.73, 4.1, 3.73, 3.3], [6.82, 7.24, 6.7, 6.28, 6.3, 5.35, 4.17, 3.36, 3.4, 3.7, 3.43, 3.16, 2.72, 2.45, 2.47, 2.22, 2.26, 2.73, 3.25, 3.62, 2.72, 2.11, 1.48, 1.65, 1.91, 1.84, 1.23, 0, 0.61, 0.64, 0.88, 1.32, 1.47, 1.77, 1.36, 1.97, 2.66, 2.33, 2.47, 3.67, 3.03, 2.4, 2.3, 2.54, 3.16, 3.1, 2.0, 1.86, 3.41, 5.14, 5.41, 5.44, 6.7, 7.72, 6.85, 6.3, 6.65, 6.25, 5.96, 6.95, 6.13, 5.71, 5.54, 4.82, 4.12, 3.867, 3.54, 3.13, 2.8, 2.97, 2.57, 1.55, 1.63, 1.89, 2.03, 2.05, 2.0, 2.35, 2.64, 2.55, 2.38, 2.37, 4.8, 5.17, 4.82, 4.41], [7.05, 7.55, 6.91, 6.63, 6.55, 5.44, 4.24, 3.39, 3.49, 3.79, 3.68, 3.41, 2.81, 2.48, 2.52, 2.29, 2.29, 2.86, 3.34, 3.83, 2.85, 2.26, 1.67, 1.84, 2.02, 2.01, 1.4, 0.61, 0, 0.51, 0.83, 1.29, 1.56, 1.86, 1.35, 1.68, 2.45, 2.14, 2.24, 3.4, 2.76, 2.13, 2.15, 2.43, 3.01, 2.95, 1.95, 1.65, 3.06, 4.79, 5.04, 5.09, 6.35, 7.37, 6.56, 6.05, 6.4, 6.0, 5.71, 6.7, 5.9, 5.46, 5.29, 4.57, 3.89, 3.66, 3.33, 2.98, 2.63, 2.78, 2.42, 1.58, 1.72, 1.92, 2.08, 2.1, 2.17, 2.56, 2.83, 2.74, 2.55, 2.34, 5.03, 5.4, 5.03, 4.56], [6.94, 7.44, 6.88, 6.58, 6.54, 5.41, 4.17, 3.4, 3.48, 3.76, 3.61, 3.28, 2.68, 2.37, 2.43, 2.2, 2.22, 2.89, 3.27, 3.8, 2.92, 2.27, 1.7, 1.71, 1.91, 1.98, 1.35, 0.64, 0.51, 0, 0.82, 1.18, 1.47, 1.75, 1.38, 1.73, 2.4, 2.19, 2.33, 3.53, 2.77, 2.18, 2.1, 2.38, 2.96, 2.92, 1.96, 1.68, 3.25, 4.96, 5.19, 5.2, 6.56, 7.52, 6.79, 6.28, 6.63, 6.23, 5.94, 6.93, 6.11, 5.69, 5.52, 4.78, 4.1, 3.847, 3.52, 3.11, 2.82, 2.95, 2.55, 1.61, 1.69, 1.91, 2.11, 2.11, 2.18, 2.59, 2.84, 2.71, 2.52, 2.37, 4.9, 5.27, 4.92, 4.39], [6.7, 7.18, 6.46, 6.26, 6.12, 5.07, 3.85, 3.3, 3.3, 3.54, 3.29, 2.98, 2.44, 2.41, 2.35, 2.16, 2.2, 2.83, 3.01, 3.56, 2.86, 2.25, 1.48, 1.51, 1.65, 1.72, 1.23, 0.88, 0.83, 0.82, 0, 0.78, 1.25, 1.47, 1.34, 1.75, 2.26, 2.21, 2.49, 3.91, 3.13, 2.2, 2.4, 2.66, 3.32, 3.22, 2.0, 1.74, 3.43, 5.16, 5.41, 5.42, 6.74, 7.7, 7.01, 6.5, 6.85, 6.45, 6.16, 7.15, 6.33, 5.91, 5.734, 4.96, 4.314, 4.084, 3.76, 3.29, 2.98, 3.13, 2.77, 1.85, 1.59, 1.75, 1.99, 2.07, 2.14, 2.55, 2.86, 2.81, 2.7, 2.23, 4.64, 5.01, 4.64, 4.17], [6.14, 6.64, 6.0, 5.74, 5.6, 4.67, 3.63, 3.22, 3.18, 3.42, 3.03, 2.58, 2.2, 2.35, 2.49, 2.34, 2.36, 2.85, 2.95, 3.38, 2.9, 2.45, 1.58, 1.25, 1.27, 1.36, 1.03, 1.32, 1.29, 1.18, 0.78, 0, 0.95, 1.09, 1.24, 1.59, 1.94, 1.97, 2.99, 4.45, 3.65, 2.68, 2.88, 3.1, 3.76, 3.62, 2.42, 2.1, 4.01, 5.72, 5.95, 6.02, 7.32, 8.26, 7.59, 7.08, 7.43, 7.03, 6.74, 7.73, 6.91, 6.49, 6.314, 5.58, 4.928, 4.698, 4.368, 3.93, 3.56, 3.71, 3.35, 2.37, 1.77, 1.77, 1.79, 2.11, 2.28, 2.69, 3.04, 3.17, 3.06, 2.13, 4.04, 4.41, 4.06, 3.69], [5.83, 6.31, 5.69, 5.39, 5.29, 4.3, 3.34, 2.91, 2.99, 3.15, 2.9, 2.23, 2.05, 2.38, 2.6, 2.45, 2.41, 2.7, 2.78, 3.05, 2.77, 2.46, 1.71, 1.14, 0.94, 0.95, 0.84, 1.47, 1.56, 1.47, 1.25, 0.95, 0, 0.68, 0.87, 1.44, 1.69, 1.82, 3.3, 4.62, 3.92, 2.97, 3.17, 3.41, 4.07, 3.95, 2.81, 2.41, 4.32, 6.05, 6.28, 6.37, 7.63, 8.61, 7.88, 7.37, 7.72, 7.32, 7.03, 8.02, 7.2, 6.8, 6.647, 5.93, 5.267, 5.022, 4.71, 4.28, 3.89, 4.06, 3.68, 2.72, 2.1, 1.92, 1.74, 1.98, 2.21, 2.84, 2.97, 3.34, 3.41, 2.16, 3.67, 4.08, 3.71, 3.28], [5.83, 6.29, 5.59, 5.37, 5.27, 4.18, 3.36, 3.07, 3.11, 3.09, 3.04, 2.37, 2.25, 2.54, 2.78, 2.57, 2.49, 2.72, 2.86, 3.23, 2.85, 2.58, 1.91, 1.4, 1.14, 1.21, 1.18, 1.77, 1.86, 1.75, 1.47, 1.09, 0.68, 0, 1.01, 1.4, 1.51, 1.86, 3.54, 4.9, 4.1, 3.11, 3.37, 3.59, 4.33, 4.19, 2.97, 2.49, 4.4, 6.11, 6.36, 6.45, 7.71, 8.61, 7.98, 7.47, 7.82, 7.42, 7.13, 8.12, 7.3, 6.9, 6.747, 6.03, 5.367, 5.122, 4.81, 4.36, 3.99, 4.14, 3.78, 2.88, 2.2, 2.02, 1.8, 2.02, 2.13, 2.9, 3.03, 3.38, 3.45, 2.3, 3.69, 4.08, 3.69, 3.14], [6.46, 6.96, 6.28, 6.02, 5.96, 4.83, 3.73, 3.26, 3.32, 3.4, 3.23, 2.78, 2.28, 2.51, 2.77, 2.58, 2.54, 2.87, 3.09, 3.34, 2.96, 2.67, 1.96, 1.33, 1.41, 1.2, 1.07, 1.36, 1.35, 1.38, 1.34, 1.24, 0.87, 1.01, 0, 1.15, 1.44, 1.53, 2.85, 4.25, 3.33, 2.44, 2.64, 2.92, 3.64, 3.44, 2.44, 1.98, 3.77, 5.44, 5.77, 5.9, 7.04, 8.0, 7.39, 6.9, 7.23, 6.83, 6.54, 7.53, 6.71, 6.35, 6.196, 5.46, 4.816, 4.586, 4.3, 3.93, 3.58, 3.71, 3.35, 2.53, 2.25, 2.05, 1.95, 2.17, 2.36, 2.91, 3.06, 3.37, 3.32, 2.39, 4.3, 4.67, 4.26, 3.81], [7.05, 7.55, 6.85, 6.65, 6.55, 5.2, 4.16, 3.69, 3.63, 3.73, 3.94, 3.43, 2.85, 3.1, 3.3, 3.17, 2.99, 3.2, 3.68, 4.05, 3.29, 3.04, 2.61, 2.06, 1.98, 1.91, 1.72, 1.97, 1.68, 1.73, 1.75, 1.59, 1.44, 1.4, 1.15, 0, 1.29, 1.4, 2.72, 4.18, 3.3, 2.45, 2.69, 2.99, 3.63, 3.61, 2.73, 2.05, 3.56, 5.11, 5.38, 5.47, 6.73, 7.65, 6.98, 6.51, 6.82, 6.42, 6.09, 7.12, 6.34, 5.96, 5.81, 5.07, 4.429, 4.2, 3.97, 3.72, 3.43, 3.48, 3.22, 2.62, 2.32, 2.38, 2.06, 2.18, 2.35, 3.24, 3.35, 3.64, 3.49, 2.64, 4.77, 5.26, 4.87, 4.34], [6.42, 6.92, 6.22, 6.0, 5.88, 4.99, 4.27, 4.24, 4.34, 4.06, 4.03, 3.48, 3.16, 3.51, 3.75, 3.68, 3.58, 3.91, 3.95, 4.16, 3.98, 3.81, 3.1, 2.45, 2.05, 2.06, 2.29, 2.66, 2.45, 2.4, 2.26, 1.94, 1.69, 1.51, 1.44, 1.29, 0, 1.51, 3.29, 4.83, 3.67, 2.82, 3.06, 3.52, 4.08, 4.12, 3.1, 2.6, 4.27, 5.86, 6.21, 6.28, 7.52, 8.34, 7.85, 7.4, 7.71, 7.31, 6.98, 8.01, 7.25, 6.83, 6.66, 5.92, 5.28, 5.05, 4.8, 4.59, 4.22, 4.35, 3.99, 3.49, 3.21, 3.07, 2.95, 3.15, 3.28, 4.03, 4.18, 4.53, 4.44, 3.41, 4.2, 4.65, 4.34, 4.05], [6.75, 7.27, 7.03, 6.53, 6.43, 5.72, 4.86, 4.57, 4.61, 4.69, 4.12, 3.43, 3.39, 3.72, 4.1, 3.93, 3.87, 4.16, 4.32, 4.31, 4.29, 4.1, 3.25, 2.44, 2.16, 2.21, 2.22, 2.33, 2.14, 2.19, 2.21, 1.97, 1.82, 1.86, 1.53, 1.4, 1.51, 0, 2.32, 3.92, 3.0, 2.41, 2.61, 3.03, 3.37, 3.29, 2.49, 2.57, 3.76, 5.31, 5.62, 5.73, 6.93, 7.85, 7.26, 6.81, 7.12, 6.72, 6.39, 7.42, 6.64, 6.24, 6.07, 5.39, 4.77, 4.54, 4.35, 4.32, 4.01, 4.12, 3.76, 3.36, 3.28, 3.18, 3.12, 3.2, 3.35, 4.32, 4.43, 4.72, 4.49, 3.46, 4.49, 5.04, 4.67, 4.46], [8.83, 9.35, 8.89, 8.47, 8.49, 7.48, 6.18, 5.63, 5.69, 5.95, 5.52, 5.19, 4.45, 4.22, 4.02, 3.77, 4.07, 4.92, 5.28, 5.59, 4.93, 4.1, 3.57, 3.46, 3.66, 3.77, 3.28, 2.47, 2.24, 2.33, 2.49, 2.99, 3.3, 3.54, 2.85, 2.72, 3.29, 2.32, 0, 1.84, 1.28, 1.41, 1.33, 1.87, 2.13, 2.11, 1.79, 2.31, 2.48, 3.31, 3.56, 3.71, 4.91, 5.87, 5.18, 4.73, 5.02, 4.62, 4.29, 5.3, 4.56, 4.26, 4.41, 3.85, 3.21, 3.1, 3.15, 3.22, 2.97, 3.0, 2.8, 2.72, 3.42, 3.84, 4.22, 4.2, 4.31, 4.72, 5.01, 4.64, 4.15, 4.4, 6.59, 7.04, 6.65, 6.24], [10.23, 10.75, 10.27, 9.85, 9.83, 8.78, 7.5, 6.71, 6.81, 7.17, 6.88, 6.59, 5.89, 5.36, 5.18, 5.03, 5.27, 6.08, 6.6, 6.99, 5.95, 5.08, 4.87, 4.9, 5.1, 5.17, 4.56, 3.67, 3.4, 3.53, 3.91, 4.45, 4.62, 4.9, 4.25, 4.18, 4.83, 3.92, 1.84, 0, 1.22, 2.19, 2.13, 2.23, 1.89, 2.09, 2.47, 2.99, 2.0, 2.19, 2.22, 2.43, 3.35, 4.31, 3.56, 3.11, 3.44, 3.12, 2.87, 3.72, 3.16, 2.96, 3.17, 2.85, 2.29, 2.52, 2.53, 2.7, 2.57, 2.6, 2.86, 3.44, 4.7, 5.2, 5.38, 5.34, 5.35, 5.58, 5.87, 5.32, 4.85, 5.6, 8.05, 8.5, 8.13, 7.7], [9.57, 10.09, 9.53, 9.21, 9.17, 8.06, 6.76, 6.05, 6.19, 6.49, 6.24, 5.91, 4.87, 4.42, 4.2, 4.15, 4.37, 5.38, 5.86, 6.27, 5.27, 4.42, 4.17, 4.02, 4.22, 4.33, 3.9, 3.03, 2.76, 2.77, 3.13, 3.65, 3.92, 4.1, 3.33, 3.3, 3.67, 3.0, 1.28, 1.22, 0, 1.05, 1.07, 1.41, 1.57, 1.79, 1.77, 2.11, 2.08, 2.79, 3.04, 3.19, 4.33, 5.17, 4.66, 4.19, 4.5, 4.12, 3.81, 4.78, 4.0, 3.68, 3.77, 3.21, 2.63, 2.64, 2.51, 2.6, 2.47, 2.54, 2.48, 2.8, 3.94, 4.38, 4.72, 4.7, 4.71, 5.0, 5.29, 4.9, 4.47, 4.86, 7.31, 7.76, 7.37, 6.84], [8.72, 9.22, 8.58, 8.32, 8.22, 7.13, 5.81, 5.36, 5.4, 5.6, 5.35, 5.04, 4.1, 3.85, 3.57, 3.54, 3.82, 4.69, 4.99, 5.48, 4.72, 3.91, 3.36, 3.21, 3.35, 3.44, 3.05, 2.4, 2.13, 2.18, 2.2, 2.68, 2.97, 3.11, 2.44, 2.45, 2.82, 2.41, 1.41, 2.19, 1.05, 0, 0.9, 1.42, 1.82, 1.9, 1.5, 1.6, 2.43, 3.54, 3.79, 3.9, 5.1, 5.94, 5.43, 4.96, 5.27, 4.87, 4.58, 5.55, 4.77, 4.41, 4.3, 3.66, 3.06, 2.97, 2.78, 2.67, 2.44, 2.53, 2.39, 2.33, 3.07, 3.49, 3.89, 3.91, 4.08, 4.53, 4.82, 4.51, 4.12, 4.15, 6.46, 6.93, 6.52, 5.99], [8.7, 9.22, 8.8, 8.38, 8.38, 7.35, 6.05, 5.42, 5.52, 5.8, 5.43, 5.1, 4.14, 3.83, 3.57, 3.52, 3.7, 4.71, 5.13, 5.48, 4.66, 3.83, 3.44, 3.29, 3.47, 3.56, 3.15, 2.3, 2.15, 2.1, 2.4, 2.88, 3.17, 3.37, 2.64, 2.69, 3.06, 2.61, 1.33, 2.13, 1.07, 0.9, 0, 1.04, 1.42, 1.54, 1.32, 1.7, 2.55, 3.66, 3.915, 4.06, 5.3, 6.14, 5.609, 5.14, 5.45, 5.05, 4.72, 5.73, 4.93, 4.589, 4.405, 3.7, 3.08, 3.03, 2.8, 2.51, 2.34, 2.35, 2.25, 2.23, 3.23, 3.69, 4.07, 4.05, 4.06, 4.43, 4.74, 4.35, 3.94, 4.19, 6.48, 6.89, 6.54, 6.03], [8.82, 9.34, 8.98, 8.56, 8.56, 7.49, 6.19, 5.62, 5.68, 5.96, 5.57, 5.28, 4.36, 4.07, 3.85, 3.74, 3.94, 4.91, 5.29, 5.62, 4.86, 4.03, 3.6, 3.43, 3.75, 3.72, 3.33, 2.54, 2.43, 2.38, 2.66, 3.1, 3.41, 3.59, 2.92, 2.99, 3.52, 3.03, 1.87, 2.23, 1.41, 1.42, 1.04, 0, 0.98, 1.16, 1.26, 1.76, 2.51, 3.48, 3.79, 3.96, 5.12, 6.02, 5.45, 4.98, 5.29, 4.89, 4.56, 5.59, 4.79, 4.43, 4.242, 3.66, 3.0, 3.01, 2.6, 2.35, 2.2, 2.25, 2.19, 2.49, 3.39, 3.85, 4.23, 4.21, 4.26, 4.63, 4.94, 4.57, 4.14, 4.39, 6.56, 7.01, 6.66, 6.23], [9.4, 9.92, 9.68, 9.2, 9.16, 8.25, 6.95, 6.28, 6.4, 6.68, 6.21, 5.92, 5.08, 4.75, 4.53, 4.38, 4.62, 5.57, 6.01, 6.26, 5.5, 4.65, 4.32, 4.17, 4.37, 4.44, 4.03, 3.16, 3.01, 2.96, 3.32, 3.76, 4.07, 4.33, 3.64, 3.63, 4.08, 3.37, 2.13, 1.89, 1.57, 1.82, 1.42, 0.98, 0, 0.98, 1.6, 2.34, 2.41, 3.08, 3.23, 3.44, 4.5, 5.42, 4.83, 4.42, 4.69, 4.35, 4.04, 5.03, 4.31, 3.85, 3.64, 3.22, 2.66, 2.87, 2.6, 2.39, 2.24, 2.31, 2.57, 2.99, 4.09, 4.61, 4.93, 4.91, 4.94, 5.25, 5.56, 5.15, 4.62, 5.07, 7.16, 7.67, 7.34, 6.93], [9.16, 9.66, 9.46, 8.98, 8.96, 8.03, 6.75, 6.16, 6.22, 6.48, 6.01, 5.7, 4.96, 4.77, 4.57, 4.36, 4.64, 5.49, 5.89, 6.06, 5.5, 4.61, 4.12, 4.01, 4.27, 4.28, 3.89, 3.1, 2.95, 2.92, 3.22, 3.62, 3.95, 4.19, 3.44, 3.61, 4.12, 3.29, 2.11, 2.09, 1.79, 1.9, 1.54, 1.16, 0.98, 0, 1.52, 2.32, 2.15, 3.02, 3.21, 3.44, 4.56, 5.5, 4.85, 4.38, 4.71, 4.31, 4.02, 5.03, 4.21, 3.85, 3.62, 2.98, 2.52, 2.69, 2.68, 2.45, 2.32, 2.27, 2.57, 2.97, 3.91, 4.33, 4.75, 4.73, 4.82, 5.21, 5.52, 5.11, 4.58, 4.93, 6.96, 7.41, 7.12, 6.77], [8.16, 8.66, 8.3, 7.86, 7.84, 6.91, 5.61, 5.08, 5.14, 5.4, 4.87, 4.58, 3.86, 3.61, 3.37, 3.2, 3.46, 4.41, 4.69, 5.0, 4.38, 3.51, 3.02, 2.89, 3.09, 3.14, 2.73, 2.0, 1.95, 1.96, 2.0, 2.42, 2.81, 2.97, 2.44, 2.73, 3.1, 2.49, 1.79, 2.47, 1.77, 1.5, 1.32, 1.26, 1.6, 1.52, 0, 1.26, 2.25, 3.8, 4.09, 4.26, 5.44, 6.36, 5.77, 5.32, 5.63, 5.23, 4.94, 5.95, 5.17, 4.77, 4.58, 3.86, 3.2, 2.97, 2.76, 2.37, 2.02, 2.17, 1.95, 1.91, 2.77, 3.25, 3.67, 3.65, 3.74, 4.11, 4.4, 4.05, 3.56, 3.85, 5.96, 6.39, 6.02, 5.65], [8.24, 8.72, 7.98, 7.8, 7.68, 6.39, 5.15, 4.5, 4.42, 4.74, 4.83, 4.52, 3.46, 3.11, 2.85, 2.92, 3.08, 3.91, 4.41, 4.9, 3.92, 3.11, 2.76, 2.67, 2.87, 2.9, 2.45, 1.86, 1.65, 1.68, 1.74, 2.1, 2.41, 2.49, 1.98, 2.05, 2.6, 2.57, 2.31, 2.99, 2.11, 1.6, 1.7, 1.76, 2.34, 2.32, 1.26, 0, 2.25, 3.86, 4.19, 4.28, 5.52, 6.3, 5.87, 5.4, 5.73, 5.33, 5.04, 6.05, 5.25, 4.83, 4.66, 3.92, 3.28, 3.07, 2.76, 2.47, 2.12, 2.25, 1.91, 1.57, 2.25, 2.71, 2.93, 3.03, 3.2, 3.69, 3.98, 3.73, 3.32, 3.27, 6.02, 6.45, 6.04, 5.49], [10.09, 10.57, 9.79, 9.63, 9.47, 8.16, 6.9, 6.07, 5.95, 6.45, 6.68, 6.37, 5.564, 4.988, 4.62, 4.33, 4.43, 5.28, 6.26, 6.71, 5.05, 4.34, 4.37, 4.66, 4.84, 4.83, 4.3, 3.41, 3.06, 3.25, 3.43, 4.01, 4.32, 4.4, 3.77, 3.56, 4.27, 3.76, 2.48, 2.0, 2.08, 2.43, 2.55, 2.51, 2.41, 2.15, 2.25, 2.25, 0, 1.77, 2.12, 2.21, 3.37, 4.35, 3.7, 3.23, 3.56, 3.16, 2.89, 3.92, 3.16, 2.68, 2.55, 1.97, 1.49, 1.52, 1.49, 1.86, 1.59, 1.6, 1.76, 2.54, 3.88, 4.42, 4.52, 4.42, 4.37, 4.54, 4.75, 4.16, 3.75, 4.92, 7.97, 8.32, 7.91, 7.42], [11.84, 12.28, 11.52, 11.36, 11.2, 9.85, 8.51, 7.76, 7.6, 8.1, 8.43, 8.1, 7.214, 6.627, 6.261, 5.96, 6.02, 6.95, 7.97, 8.42, 6.64, 5.89, 6.02, 6.33, 6.51, 6.48, 6.03, 5.14, 4.79, 4.96, 5.16, 5.72, 6.05, 6.11, 5.44, 5.11, 5.86, 5.31, 3.31, 2.19, 2.79, 3.54, 3.66, 3.48, 3.08, 3.02, 3.8, 3.86, 1.77, 0, 0.85, 0.96, 1.76, 2.64, 2.07, 1.88, 1.97, 1.71, 1.54, 2.35, 1.89, 1.77, 1.86, 1.82, 1.78, 2.05, 2.18, 2.69, 2.76, 2.61, 3.07, 4.03, 5.33, 6.01, 6.11, 5.87, 5.84, 5.91, 6.14, 5.61, 5.16, 6.51, 9.66, 10.05, 9.64, 9.13], [12.07, 12.55, 11.83, 11.63, 11.53, 10.2, 8.9, 8.03, 7.89, 8.39, 8.66, 8.35, 7.509, 6.937, 6.58, 6.31, 6.43, 7.3, 8.2, 8.67, 7.07, 6.3, 6.41, 6.62, 6.8, 6.81, 6.26, 5.41, 5.04, 5.19, 5.41, 5.95, 6.28, 6.36, 5.77, 5.38, 6.21, 5.62, 3.56, 2.22, 3.04, 3.79, 3.915, 3.79, 3.23, 3.21, 4.09, 4.19, 2.12, 0.85, 0, 0.95, 1.65, 2.39, 1.9, 1.71, 1.84, 1.56, 1.49, 2.2, 1.96, 1.92, 1.97, 2.07, 2.13, 2.56, 2.65, 3.16, 3.15, 2.98, 3.5, 4.46, 5.8, 6.46, 6.52, 6.32, 6.29, 6.38, 6.61, 6.06, 5.63, 6.92, 9.91, 10.28, 9.89, 9.38], [12.1, 12.58, 11.82, 11.66, 11.5, 10.15, 8.91, 8.04, 7.84, 8.36, 8.69, 8.38, 7.62, 7.05, 6.67, 6.38, 6.46, 7.37, 8.25, 8.8, 7.08, 6.29, 6.46, 6.75, 6.93, 6.94, 6.33, 5.44, 5.09, 5.2, 5.42, 6.02, 6.37, 6.45, 5.9, 5.47, 6.28, 5.73, 3.71, 2.43, 3.19, 3.9, 4.06, 3.96, 3.44, 3.44, 4.26, 4.28, 2.21, 0.96, 0.95, 0, 1.52, 2.38, 1.99, 1.68, 1.81, 1.59, 1.46, 2.19, 1.95, 1.65, 1.88, 1.68, 1.92, 2.31, 2.52, 3.03, 3.14, 2.95, 3.41, 4.35, 5.73, 6.49, 6.49, 6.15, 6.12, 6.21, 6.42, 5.89, 5.44, 6.89, 10.02, 10.41, 10.02, 9.49], [13.4, 13.84, 13.06, 12.9, 12.7, 11.37, 10.03, 9.32, 9.14, 9.66, 9.99, 9.68, 8.86, 8.27, 7.89, 7.56, 7.62, 8.47, 9.57, 9.98, 8.1, 7.35, 7.5, 7.95, 8.15, 8.1, 7.61, 6.7, 6.35, 6.56, 6.74, 7.32, 7.63, 7.71, 7.04, 6.73, 7.52, 6.93, 4.91, 3.35, 4.33, 5.1, 5.3, 5.12, 4.5, 4.56, 5.44, 5.52, 3.37, 1.76, 1.65, 1.52, 0, 1.12, 1.31, 1.56, 1.53, 1.49, 1.62, 1.69, 2.17, 2.19, 2.2, 2.52, 2.9, 3.33, 3.5, 4.05, 4.26, 4.11, 4.53, 5.47, 6.75, 7.55, 7.55, 7.19, 7.12, 7.21, 7.44, 6.89, 6.52, 8.07, 11.26, 11.61, 11.2, 10.73], [14.4, 14.86, 14.1, 13.94, 13.76, 12.37, 11.01, 10.34, 10.14, 10.66, 10.99, 10.66, 9.7, 9.11, 8.73, 8.52, 8.56, 9.53, 10.51, 11.0, 9.18, 8.43, 8.56, 8.87, 9.03, 9.06, 8.59, 7.72, 7.37, 7.52, 7.7, 8.26, 8.61, 8.61, 8.0, 7.65, 8.34, 7.85, 5.87, 4.31, 5.17, 5.94, 6.14, 6.02, 5.42, 5.5, 6.36, 6.3, 4.35, 2.64, 2.39, 2.38, 1.12, 0, 1.71, 2.2, 2.01, 2.19, 2.46, 2.15, 2.93, 2.99, 3.0, 3.46, 3.96, 4.37, 4.58, 5.11, 5.34, 5.19, 5.61, 6.55, 7.77, 8.55, 8.63, 8.27, 8.16, 8.21, 8.48, 7.93, 7.56, 9.09, 12.24, 12.61, 12.2, 11.65], [13.61, 14.03, 13.21, 13.05, 12.83, 11.6, 10.3, 9.53, 9.33, 9.85, 10.18, 9.89, 9.21, 8.6, 8.24, 7.87, 7.93, 8.54, 9.82, 10.17, 8.15, 7.44, 7.63, 8.3, 8.46, 8.45, 7.86, 6.85, 6.56, 6.79, 7.01, 7.59, 7.88, 7.98, 7.39, 6.98, 7.85, 7.26, 5.18, 3.56, 4.66, 5.43, 5.609, 5.45, 4.83, 4.85, 5.77, 5.87, 3.7, 2.07, 1.9, 1.99, 1.31, 1.71, 0, 0.91, 0.84, 0.94, 1.35, 1.28, 1.5, 1.62, 1.87, 2.39, 2.85, 3.22, 3.51, 4.06, 4.33, 4.18, 4.6, 5.54, 6.86, 7.74, 7.68, 7.24, 7.03, 7.14, 7.43, 6.88, 6.57, 8.36, 11.47, 11.86, 11.51, 11.06], [13.1, 13.52, 12.66, 12.46, 12.26, 11.09, 9.79, 9.02, 8.8, 9.34, 9.63, 9.38, 8.7, 8.13, 7.75, 7.4, 7.46, 8.03, 9.31, 9.66, 7.66, 6.85, 7.1, 7.79, 7.95, 7.94, 7.35, 6.3, 6.05, 6.28, 6.5, 7.08, 7.37, 7.47, 6.9, 6.51, 7.4, 6.81, 4.73, 3.11, 4.19, 4.96, 5.14, 4.98, 4.42, 4.38, 5.32, 5.4, 3.23, 1.88, 1.71, 1.68, 1.56, 2.2, 0.91, 0, 0.69, 0.83, 1.04, 1.35, 1.27, 1.25, 1.72, 1.98, 2.3, 2.65, 2.94, 3.45, 3.72, 3.57, 3.99, 4.95, 6.39, 7.19, 7.15, 6.73, 6.5, 6.51, 6.8, 6.25, 5.98, 7.85, 10.98, 11.35, 11.0, 10.55], [13.45, 13.87, 13.01, 12.81, 12.61, 11.44, 10.14, 9.37, 9.15, 9.69, 9.98, 9.73, 9.05, 8.44, 8.08, 7.71, 7.77, 8.34, 9.66, 10.01, 7.97, 7.18, 7.43, 8.14, 8.3, 8.29, 7.7, 6.65, 6.4, 6.63, 6.85, 7.43, 7.72, 7.82, 7.23, 6.82, 7.71, 7.12, 5.02, 3.44, 4.5, 5.27, 5.45, 5.29, 4.69, 4.71, 5.63, 5.73, 3.56, 1.97, 1.84, 1.81, 1.53, 2.01, 0.84, 0.69, 0, 0.76, 1.13, 1.14, 1.4, 1.46, 1.71, 2.13, 2.61, 2.94, 3.25, 3.78, 4.05, 3.9, 4.32, 5.28, 6.7, 7.54, 7.5, 7.08, 6.85, 6.84, 7.13, 6.58, 6.33, 8.2, 11.31, 11.7, 11.35, 10.9], [13.05, 13.47, 12.61, 12.39, 12.21, 11.04, 9.74, 8.97, 8.75, 9.29, 9.58, 9.33, 8.65, 8.04, 7.68, 7.31, 7.37, 7.94, 9.26, 9.61, 7.57, 6.78, 7.03, 7.74, 7.9, 7.89, 7.3, 6.25, 6.0, 6.23, 6.45, 7.03, 7.32, 7.42, 6.83, 6.42, 7.31, 6.72, 4.62, 3.12, 4.12, 4.87, 5.05, 4.89, 4.35, 4.31, 5.23, 5.33, 3.16, 1.71, 1.56, 1.59, 1.49, 2.19, 0.94, 0.83, 0.76, 0, 0.75, 1.16, 1.12, 1.06, 1.37, 1.79, 2.27, 2.58, 2.87, 3.36, 3.63, 3.48, 3.9, 4.9, 6.3, 7.14, 7.1, 6.68, 6.45, 6.44, 6.71, 6.16, 5.91, 7.8, 10.91, 11.3, 10.95, 10.5], [12.76, 13.18, 12.32, 12.1, 11.92, 10.75, 9.45, 8.68, 8.46, 9.0, 9.29, 9.04, 8.36, 7.75, 7.39, 7.0, 7.04, 7.61, 8.97, 9.32, 7.24, 6.47, 6.74, 7.45, 7.61, 7.6, 7.01, 5.96, 5.71, 5.94, 6.16, 6.74, 7.03, 7.13, 6.54, 6.09, 6.98, 6.39, 4.29, 2.87, 3.81, 4.58, 4.72, 4.56, 4.04, 4.02, 4.94, 5.04, 2.89, 1.54, 1.49, 1.46, 1.62, 2.46, 1.35, 1.04, 1.13, 0.75, 0, 1.15, 0.91, 1.05, 1.26, 1.54, 1.94, 2.27, 2.56, 2.99, 3.26, 3.11, 3.51, 4.59, 5.99, 6.85, 6.81, 6.39, 6.16, 6.07, 6.32, 5.75, 5.62, 7.51, 10.62, 11.01, 10.66, 10.21], [13.75, 14.17, 13.31, 13.09, 12.91, 11.74, 10.44, 9.67, 9.45, 9.99, 10.28, 10.03, 9.37, 8.74, 8.38, 7.99, 8.05, 8.62, 9.96, 10.31, 8.25, 7.46, 7.73, 8.44, 8.6, 8.59, 8.0, 6.95, 6.7, 6.93, 7.15, 7.73, 8.02, 8.12, 7.53, 7.12, 8.01, 7.42, 5.3, 3.72, 4.78, 5.55, 5.73, 5.59, 5.03, 5.03, 5.95, 6.05, 3.92, 2.35, 2.2, 2.19, 1.69, 2.15, 1.28, 1.35, 1.14, 1.16, 1.15, 0, 1.04, 1.48, 1.75, 2.37, 2.95, 3.24, 3.55, 4.0, 4.27, 4.12, 4.5, 5.6, 7.0, 7.84, 7.8, 7.38, 7.15, 7.06, 7.29, 6.72, 6.61, 8.5, 11.61, 12.0, 11.65, 11.2], [12.93, 13.35, 12.49, 12.27, 12.09, 10.92, 9.62, 8.85, 8.63, 9.17, 9.46, 9.21, 8.55, 7.92, 7.56, 7.19, 7.25, 7.82, 9.14, 9.49, 7.45, 6.64, 6.91, 7.62, 7.78, 7.77, 7.18, 6.13, 5.9, 6.11, 6.33, 6.91, 7.2, 7.3, 6.71, 6.34, 7.25, 6.64, 4.56, 3.16, 4.0, 4.77, 4.93, 4.79, 4.31, 4.21, 5.17, 5.25, 3.16, 1.89, 1.96, 1.95, 2.17, 2.93, 1.5, 1.27, 1.4, 1.12, 0.91, 1.04, 0, 0.82, 1.53, 1.71, 2.19, 2.46, 2.77, 3.2, 3.45, 3.3, 3.7, 4.78, 6.2, 7.02, 6.98, 6.56, 6.33, 6.24, 6.49, 5.9, 5.79, 7.68, 10.79, 11.18, 10.83, 10.38], [12.51, 12.93, 12.07, 11.85, 11.67, 10.5, 9.24, 8.43, 8.21, 8.75, 9.04, 8.79, 8.15, 7.58, 7.2, 6.85, 6.91, 7.48, 8.72, 9.11, 7.11, 6.26, 6.55, 7.24, 7.4, 7.39, 6.76, 5.71, 5.46, 5.69, 5.91, 6.49, 6.8, 6.9, 6.35, 5.96, 6.83, 6.24, 4.26, 2.96, 3.68, 4.41, 4.589, 4.43, 3.85, 3.85, 4.77, 4.83, 2.68, 1.77, 1.92, 1.65, 2.19, 2.99, 1.62, 1.25, 1.46, 1.06, 1.05, 1.48, 0.82, 0, 0.95, 1.19, 1.65, 1.94, 2.29, 2.74, 3.01, 2.86, 3.26, 4.32, 5.82, 6.62, 6.56, 6.14, 5.91, 5.82, 6.09, 5.5, 5.37, 7.26, 10.43, 10.8, 10.45, 9.98], [12.34, 12.76, 11.894, 11.68, 11.5, 10.324, 9.084, 8.26, 8.04, 8.577, 8.87, 8.62, 7.979, 7.403, 7.026, 6.691, 6.728, 7.33, 8.547, 8.954, 6.96, 6.11, 6.4, 7.069, 7.229, 7.219, 6.587, 5.54, 5.29, 5.52, 5.734, 6.314, 6.647, 6.747, 6.196, 5.81, 6.66, 6.07, 4.41, 3.17, 3.77, 4.3, 4.405, 4.242, 3.64, 3.62, 4.58, 4.66, 2.55, 1.86, 1.97, 1.88, 2.2, 3.0, 1.87, 1.72, 1.71, 1.37, 1.26, 1.75, 1.53, 0.95, 0, 1.04, 1.5, 1.75, 2.1, 2.51, 2.8, 2.65, 3.05, 4.11, 5.65, 6.452, 6.407, 5.97, 5.74, 5.65, 5.92, 5.33, 5.2, 7.104, 10.274, 10.644, 10.291, 9.812], [11.6, 12.02, 11.12, 11.0, 10.8, 9.57, 8.35, 7.52, 7.32, 7.82, 8.15, 7.88, 7.256, 6.681, 6.303, 5.948, 6.005, 6.65, 7.81, 8.22, 6.26, 5.41, 5.7, 6.346, 6.51, 6.496, 5.87, 4.82, 4.57, 4.78, 4.96, 5.58, 5.93, 6.03, 5.46, 5.07, 5.92, 5.39, 3.85, 2.85, 3.21, 3.66, 3.7, 3.66, 3.22, 2.98, 3.86, 3.92, 1.97, 1.82, 2.07, 1.68, 2.52, 3.46, 2.39, 1.98, 2.13, 1.79, 1.54, 2.37, 1.71, 1.19, 1.04, 0, 0.86, 1.15, 1.54, 1.89, 2.2, 2.07, 2.45, 3.43, 4.95, 5.73, 5.69, 5.23, 5.0, 4.99, 5.26, 4.67, 4.52, 6.37, 9.54, 9.91, 9.56, 9.09], [10.92, 11.34, 10.48, 10.3, 10.1, 8.921, 7.689, 6.84, 6.62, 7.157, 7.45, 7.2, 6.599, 6.023, 5.646, 5.291, 5.348, 5.95, 7.147, 7.579, 5.58, 4.77, 5.02, 5.689, 5.849, 5.839, 5.207, 4.12, 3.89, 4.1, 4.314, 4.928, 5.267, 5.367, 4.816, 4.429, 5.28, 4.77, 3.21, 2.29, 2.63, 3.06, 3.08, 3.0, 2.66, 2.52, 3.2, 3.28, 1.49, 1.78, 2.13, 1.92, 2.9, 3.96, 2.85, 2.3, 2.61, 2.27, 1.94, 2.95, 2.19, 1.65, 1.5, 0.86, 0, 0.73, 0.98, 1.35, 1.54, 1.41, 1.79, 2.71, 4.27, 5.09, 5.03, 4.57, 4.36, 4.45, 4.72, 4.17, 3.88, 5.715, 8.876, 9.249, 8.899, 8.432], [10.684, 11.087, 10.25, 9.99, 9.83, 8.691, 7.459, 6.604, 6.367, 6.907, 7.18, 6.93, 6.369, 5.793, 5.416, 5.061, 5.118, 5.708, 6.911, 7.349, 5.338, 4.54, 4.786, 5.459, 5.619, 5.609, 4.968, 3.867, 3.66, 3.847, 4.084, 4.698, 5.022, 5.122, 4.586, 4.2, 5.05, 4.54, 3.1, 2.52, 2.64, 2.97, 3.03, 3.01, 2.87, 2.69, 2.97, 3.07, 1.52, 2.05, 2.56, 2.31, 3.33, 4.37, 3.22, 2.65, 2.94, 2.58, 2.27, 3.24, 2.46, 1.94, 1.75, 1.15, 0.73, 0, 1.01, 1.3, 1.43, 1.36, 1.56, 2.4, 4.04, 4.86, 4.785, 4.32, 4.07, 4.08, 4.37, 3.78, 3.55, 5.485, 8.646, 9.019, 8.669, 8.202], [10.354, 10.757, 9.92, 9.64, 9.497, 8.361, 7.129, 6.274, 6.037, 6.577, 6.85, 6.6, 6.059, 5.463, 5.086, 4.731, 4.788, 5.378, 6.581, 7.019, 5.008, 4.21, 4.456, 5.129, 5.289, 5.279, 4.638, 3.54, 3.33, 3.52, 3.76, 4.368, 4.71, 4.81, 4.3, 3.97, 4.8, 4.35, 3.15, 2.53, 2.51, 2.78, 2.8, 2.6, 2.6, 2.68, 2.76, 2.76, 1.49, 2.18, 2.65, 2.52, 3.5, 4.58, 3.51, 2.94, 3.25, 2.87, 2.56, 3.55, 2.77, 2.29, 2.1, 1.54, 0.98, 1.01, 0, 0.83, 1.08, 1.13, 1.27, 2.05, 3.71, 4.53, 4.47, 4.01, 3.84, 3.79, 4.02, 3.45, 3.22, 5.155, 8.316, 8.689, 8.339, 7.872], [9.884, 10.287, 9.444, 9.17, 9.03, 7.891, 6.659, 5.804, 5.57, 6.107, 6.38, 6.13, 5.59, 5.02, 4.616, 4.261, 4.318, 4.888, 6.111, 6.529, 4.518, 3.699, 3.966, 4.659, 4.839, 4.829, 4.18, 3.13, 2.98, 3.11, 3.29, 3.93, 4.28, 4.36, 3.93, 3.72, 4.59, 4.32, 3.22, 2.7, 2.6, 2.67, 2.51, 2.35, 2.39, 2.45, 2.37, 2.47, 1.86, 2.69, 3.16, 3.03, 4.05, 5.11, 4.06, 3.45, 3.78, 3.36, 2.99, 4.0, 3.2, 2.74, 2.51, 1.89, 1.35, 1.3, 0.83, 0, 0.63, 0.64, 0.84, 1.64, 3.28, 4.12, 4.04, 3.54, 3.43, 3.34, 3.51, 3.06, 2.73, 4.685, 7.846, 8.219, 7.869, 7.402], [9.56, 9.98, 9.114, 8.9, 8.72, 7.55, 6.35, 5.48, 5.28, 5.8, 6.09, 5.84, 5.22, 4.65, 4.266, 3.92, 3.948, 4.55, 5.767, 6.174, 4.22, 3.37, 3.64, 4.289, 4.449, 4.439, 3.81, 2.8, 2.63, 2.82, 2.98, 3.56, 3.89, 3.99, 3.58, 3.43, 4.22, 4.01, 2.97, 2.57, 2.47, 2.44, 2.34, 2.2, 2.24, 2.32, 2.02, 2.12, 1.59, 2.76, 3.15, 3.14, 4.26, 5.34, 4.33, 3.72, 4.05, 3.63, 3.26, 4.27, 3.45, 3.01, 2.8, 2.2, 1.54, 1.43, 1.08, 0.63, 0, 0.45, 0.59, 1.53, 3.15, 3.79, 3.73, 3.49, 3.38, 3.37, 3.56, 3.11, 2.72, 4.35, 7.494, 7.864, 7.511, 7.032], [9.71, 10.13, 9.264, 9.05, 8.87, 7.74, 6.58, 5.65, 5.45, 5.97, 6.24, 5.99, 5.39, 4.82, 4.436, 4.081, 4.158, 4.72, 5.917, 6.344, 4.45, 3.56, 3.85, 4.459, 4.639, 4.629, 3.98, 2.97, 2.78, 2.95, 3.13, 3.71, 4.06, 4.14, 3.71, 3.48, 4.35, 4.12, 3.0, 2.6, 2.54, 2.53, 2.35, 2.25, 2.31, 2.27, 2.17, 2.25, 1.6, 2.61, 2.98, 2.95, 4.11, 5.19, 4.18, 3.57, 3.9, 3.48, 3.11, 4.12, 3.3, 2.86, 2.65, 2.07, 1.41, 1.36, 1.13, 0.64, 0.45, 0, 0.72, 1.7, 3.28, 3.96, 3.94, 3.6, 3.53, 3.48, 3.69, 3.28, 2.85, 4.58, 7.664, 8.034, 7.669, 7.202], [9.333, 9.753, 8.887, 8.682, 8.499, 7.317, 6.137, 5.253, 5.05, 5.57, 5.866, 5.63, 5.03, 4.456, 4.039, 3.703, 3.761, 4.346, 5.54, 5.967, 4.01, 3.14, 3.45, 4.082, 4.3, 4.252, 3.62, 2.57, 2.42, 2.55, 2.77, 3.35, 3.68, 3.78, 3.35, 3.22, 3.99, 3.76, 2.8, 2.86, 2.48, 2.39, 2.25, 2.19, 2.57, 2.57, 1.95, 1.91, 1.76, 3.07, 3.5, 3.41, 4.53, 5.61, 4.6, 3.99, 4.32, 3.9, 3.51, 4.5, 3.7, 3.26, 3.05, 2.45, 1.79, 1.56, 1.27, 0.84, 0.59, 0.72, 0, 1.22, 2.82, 3.56, 3.5, 3.18, 3.09, 3.06, 3.25, 2.88, 2.57, 4.137, 7.287, 7.657, 7.292, 6.825], [8.304, 8.707, 7.87, 7.59, 7.447, 6.311, 5.079, 4.23, 4.09, 4.55, 4.8, 4.55, 4.01, 3.48, 3.12, 2.77, 2.81, 3.4, 4.531, 4.969, 3.09, 2.22, 2.406, 3.099, 3.32, 3.25, 2.64, 1.55, 1.58, 1.61, 1.85, 2.37, 2.72, 2.88, 2.53, 2.62, 3.49, 3.36, 2.72, 3.44, 2.8, 2.33, 2.23, 2.49, 2.99, 2.97, 1.91, 1.57, 2.54, 4.03, 4.46, 4.35, 5.47, 6.55, 5.54, 4.95, 5.28, 4.9, 4.59, 5.6, 4.78, 4.32, 4.11, 3.43, 2.71, 2.4, 2.05, 1.64, 1.53, 1.7, 1.22, 0, 1.8, 2.52, 2.48, 2.2, 2.15, 2.36, 2.65, 2.3, 1.99, 3.12, 6.266, 6.639, 6.289, 5.822], [6.81, 7.25, 6.45, 6.25, 6.07, 4.86, 3.56, 3.01, 2.85, 3.19, 3.36, 3.09, 2.43, 2.2, 2.08, 1.79, 1.73, 2.16, 3.04, 3.43, 2.07, 1.46, 1.21, 1.92, 2.42, 2.41, 2.02, 1.63, 1.72, 1.69, 1.59, 1.77, 2.1, 2.2, 2.25, 2.32, 3.21, 3.28, 3.42, 4.7, 3.94, 3.07, 3.23, 3.39, 4.09, 3.91, 2.77, 2.25, 3.88, 5.33, 5.8, 5.73, 6.75, 7.77, 6.86, 6.39, 6.7, 6.3, 5.99, 7.0, 6.2, 5.82, 5.65, 4.95, 4.27, 4.04, 3.71, 3.28, 3.15, 3.28, 2.82, 1.8, 0, 1.12, 1.46, 1.46, 1.71, 2.02, 2.25, 2.22, 2.27, 2.1, 4.67, 5.06, 4.71, 4.26], [6.03, 6.45, 5.55, 5.43, 5.25, 4.04, 2.82, 2.39, 2.37, 2.47, 2.58, 2.31, 1.59, 1.66, 1.7, 1.57, 1.35, 1.58, 2.24, 2.63, 1.51, 1.3, 1.13, 1.66, 2.14, 2.05, 1.88, 1.89, 1.92, 1.91, 1.75, 1.77, 1.92, 2.02, 2.05, 2.38, 3.07, 3.18, 3.84, 5.2, 4.38, 3.49, 3.69, 3.85, 4.61, 4.33, 3.25, 2.71, 4.42, 6.01, 6.46, 6.49, 7.55, 8.55, 7.74, 7.19, 7.54, 7.14, 6.85, 7.84, 7.02, 6.62, 6.452, 5.73, 5.09, 4.86, 4.53, 4.12, 3.79, 3.96, 3.56, 2.52, 1.12, 0, 1.04, 1.38, 1.79, 1.92, 2.05, 2.28, 2.37, 1.66, 3.89, 4.26, 3.89, 3.4], [5.97, 6.39, 5.55, 5.39, 5.17, 3.94, 2.84, 2.15, 2.01, 2.29, 2.58, 2.29, 1.87, 1.94, 2.04, 1.83, 1.57, 1.54, 2.44, 2.73, 1.43, 1.46, 1.43, 1.72, 2.12, 1.97, 1.68, 2.03, 2.08, 2.11, 1.99, 1.79, 1.74, 1.8, 1.95, 2.06, 2.95, 3.12, 4.22, 5.38, 4.72, 3.89, 4.07, 4.23, 4.93, 4.75, 3.67, 2.93, 4.52, 6.11, 6.52, 6.49, 7.55, 8.63, 7.68, 7.15, 7.5, 7.1, 6.81, 7.8, 6.98, 6.56, 6.407, 5.69, 5.03, 4.785, 4.47, 4.04, 3.73, 3.94, 3.5, 2.48, 1.46, 1.04, 0, 0.7, 1.09, 1.46, 1.61, 2.04, 2.07, 1.24, 3.87, 4.24, 3.89, 3.42], [6.37, 6.79, 5.97, 5.81, 5.59, 4.38, 3.26, 2.55, 2.33, 2.67, 3.1, 2.69, 2.45, 2.5, 2.48, 2.21, 1.95, 1.88, 2.92, 3.15, 1.83, 1.74, 1.73, 2.18, 2.46, 2.31, 2.06, 2.05, 2.1, 2.11, 2.07, 2.11, 1.98, 2.02, 2.17, 2.18, 3.15, 3.2, 4.2, 5.34, 4.7, 3.91, 4.05, 4.21, 4.91, 4.73, 3.65, 3.03, 4.42, 5.87, 6.32, 6.15, 7.19, 8.27, 7.24, 6.73, 7.08, 6.68, 6.39, 7.38, 6.56, 6.14, 5.97, 5.23, 4.57, 4.32, 4.01, 3.54, 3.49, 3.6, 3.18, 2.2, 1.46, 1.38, 0.7, 0, 0.61, 1.34, 1.49, 1.98, 1.99, 1.62, 4.35, 4.72, 4.37, 3.9], [6.62, 7.02, 6.22, 6.04, 5.82, 4.63, 3.45, 2.74, 2.56, 2.9, 3.25, 2.94, 2.66, 2.63, 2.63, 2.3, 2.0, 1.97, 3.11, 3.36, 1.84, 1.79, 1.84, 2.31, 2.65, 2.46, 2.13, 2.0, 2.17, 2.18, 2.14, 2.28, 2.21, 2.13, 2.36, 2.35, 3.28, 3.35, 4.31, 5.35, 4.71, 4.08, 4.06, 4.26, 4.94, 4.82, 3.74, 3.2, 4.37, 5.84, 6.29, 6.12, 7.12, 8.16, 7.03, 6.5, 6.85, 6.45, 6.16, 7.15, 6.33, 5.91, 5.74, 5.0, 4.36, 4.07, 3.84, 3.43, 3.38, 3.53, 3.09, 2.15, 1.71, 1.79, 1.09, 0.61, 0, 1.15, 1.32, 1.77, 1.92, 1.83, 4.6, 4.97, 4.62, 4.15], [6.77, 7.17, 6.33, 6.03, 5.91, 4.78, 3.56, 2.71, 2.55, 3.01, 3.26, 3.07, 2.69, 2.26, 2.3, 2.07, 1.77, 1.86, 3.04, 3.43, 1.57, 1.4, 1.85, 2.56, 2.98, 2.87, 2.42, 2.35, 2.56, 2.59, 2.55, 2.69, 2.84, 2.9, 2.91, 3.24, 4.03, 4.32, 4.72, 5.58, 5.0, 4.53, 4.43, 4.63, 5.25, 5.21, 4.11, 3.69, 4.54, 5.91, 6.38, 6.21, 7.21, 8.21, 7.1