[[0, 0.7, 0.99, 1.44, 2.77, 3.98, 4.28, 3.98, 4.64, 5.828, 6.652, 6.458, 5.808, 5.582, 5.158, 5.01, 5.35, 7.04, 8.12, 8.157, 8.044, 8.32, 8.17, 7.47, 7.01, 7.95, 9.24, 9.04, 7.89, 7.37, 7.16, 6.09, 5.49, 5.4, 4.58, 3.85, 3.96, 4.29, 3.86, 3.4, 3.03, 2.64, 2.26, 2.08, 2.49, 3.03, 3.89, 4.05, 3.7, 3.77, 3.15, 4.04, 5.77, 6.82, 7.28, 7.44, 6.21, 5.25, 4.43, 4.23, 4.05, 3.97, 4.05, 4.19, 4.41, 4.98, 5.68, 6.04, 6.76, 7.22, 7.33, 6.79, 5.56, 4.56, 4.41, 4.63, 4.95, 4.81, 4.21, 3.11, 2.12, 1.76, 2.07, 2.85, 3.01, 2.4], [0.7, 0, 0.89, 1.56, 3.03, 4.2, 4.38, 4.08, 4.76, 5.97, 6.84, 6.74, 6.13, 5.79, 5.433, 5.43, 5.77, 7.44, 8.58, 8.537, 8.46, 8.72, 8.57, 7.81, 7.41, 8.35, 9.64, 9.44, 8.29, 7.77, 7.56, 6.49, 5.87, 5.78, 4.98, 4.23, 4.32, 4.57, 4.1, 3.6, 3.19, 2.86, 2.28, 2.32, 2.89, 3.43, 4.33, 4.37, 4.08, 4.07, 3.51, 4.44, 6.15, 7.14, 7.58, 7.62, 6.59, 5.65, 4.91, 4.71, 4.39, 4.37, 4.53, 4.61, 4.75, 5.24, 5.96, 6.24, 6.94, 7.34, 7.49, 6.95, 5.74, 4.92, 4.79, 4.91, 5.09, 4.93, 4.39, 3.33, 2.4, 2.06, 2.49, 3.23, 3.43, 2.82], [0.99, 0.89, 0, 1.59, 3.34, 4.59, 4.75, 4.41, 5.05, 6.235, 7.03, 6.89, 6.28, 5.96, 5.56, 5.56, 5.82, 7.57, 8.69, 8.644, 8.59, 8.83, 8.68, 7.92, 7.48, 8.42, 9.71, 9.55, 8.4, 7.88, 7.63, 6.6, 5.98, 5.87, 5.05, 4.32, 4.37, 4.6, 4.13, 3.49, 3.14, 2.89, 2.45, 2.51, 3.0, 3.54, 4.42, 4.5, 4.23, 4.24, 3.66, 4.61, 6.28, 7.27, 7.73, 7.85, 6.74, 5.78, 4.98, 4.82, 4.52, 4.5, 4.64, 4.74, 4.9, 5.39, 6.11, 6.45, 7.15, 7.67, 7.86, 7.32, 6.09, 5.23, 5.08, 5.12, 5.4, 5.24, 4.62, 3.58, 2.59, 2.21, 2.56, 3.32, 3.5, 2.91], [1.44, 1.56, 1.59, 0, 2.03, 3.3, 3.5, 3.18, 3.76, 4.928, 5.74, 5.56, 4.93, 4.67, 4.38, 4.49, 4.97, 6.5, 7.44, 7.63, 7.52, 7.84, 7.61, 7.03, 6.69, 7.65, 8.92, 8.72, 7.55, 7.05, 6.84, 5.75, 5.13, 5.1, 4.26, 3.45, 3.58, 3.77, 3.32, 3.02, 3.03, 2.86, 2.82, 2.8, 2.89, 2.79, 3.33, 3.47, 3.08, 3.01, 2.47, 3.34, 4.97, 5.94, 6.42, 6.56, 5.45, 4.45, 3.81, 3.59, 3.39, 3.43, 3.47, 3.49, 3.73, 4.2, 4.82, 5.16, 5.88, 6.36, 6.57, 6.03, 4.82, 3.9, 3.73, 3.91, 4.11, 3.99, 3.35, 2.33, 1.76, 1.6, 1.81, 2.41, 2.57, 2.18], [2.77, 3.03, 3.34, 2.03, 0, 1.45, 1.83, 1.63, 2.17, 3.3, 4.11, 4.01, 3.54, 3.08, 3.09, 3.36, 3.8, 5.33, 6.21, 6.46, 6.55, 6.75, 6.54, 6.02, 5.8, 6.8, 8.01, 7.69, 6.64, 6.2, 6.03, 4.92, 4.38, 4.35, 3.33, 2.76, 2.91, 3.46, 3.43, 4.363, 4.353, 3.99, 4.389, 4.141, 3.46, 2.64, 2.72, 2.74, 2.31, 2.46, 2.4, 2.05, 3.68, 4.45, 4.81, 4.91, 4.14, 3.2, 2.52, 2.32, 2.28, 2.44, 2.72, 2.74, 2.88, 2.97, 3.35, 3.49, 4.19, 4.61, 4.72, 4.16, 2.93, 2.23, 2.12, 2.3, 2.48, 2.32, 1.96, 1.62, 1.91, 2.17, 2.14, 2.06, 2.38, 2.53], [3.98, 4.2, 4.59, 3.3, 1.45, 0, 1.0, 1.12, 1.1, 2.05, 2.78, 2.82, 2.39, 2.05, 2.46, 2.91, 3.15, 4.5, 5.22, 5.53, 5.88, 5.92, 5.75, 5.31, 5.17, 6.15, 7.24, 6.94, 5.99, 5.53, 5.36, 4.27, 3.99, 3.98, 3.02, 2.55, 2.72, 3.37, 4.165, 5.459, 5.397, 5.01, 5.513, 5.211, 4.275, 3.026, 2.33, 2.19, 2.12, 2.25, 2.49, 1.78, 2.55, 3.24, 3.62, 3.64, 2.95, 2.21, 1.67, 1.59, 1.93, 2.15, 2.33, 2.39, 2.37, 2.34, 2.56, 2.54, 3.18, 3.48, 3.59, 2.97, 1.86, 1.48, 1.29, 1.39, 1.53, 1.41, 1.21, 1.67, 2.713, 3.251, 3.206, 3.003, 2.89, 3.316], [4.28, 4.38, 4.75, 3.5, 1.83, 1.0, 0, 0.72, 1.08, 1.87, 2.66, 2.6, 2.25, 1.95, 2.74, 3.19, 3.57, 4.5, 5.22, 5.57, 5.82, 5.8, 5.45, 5.19, 5.25, 6.13, 6.94, 6.68, 5.93, 5.55, 5.24, 4.35, 4.21, 4.14, 3.32, 2.85, 2.96, 3.67, 4.42, 5.599, 5.589, 5.219, 5.628, 5.32, 4.375, 3.206, 2.43, 2.17, 2.06, 2.27, 2.49, 2.02, 2.61, 3.06, 3.42, 3.46, 2.77, 2.09, 1.99, 1.81, 1.95, 2.09, 2.51, 2.45, 2.47, 2.26, 2.48, 2.46, 3.04, 3.2, 3.33, 2.77, 1.6, 1.28, 1.55, 1.41, 1.59, 1.31, 1.27, 1.73, 2.82, 3.38, 3.326, 3.143, 3.03, 3.476], [3.98, 4.08, 4.41, 3.18, 1.63, 1.12, 0.72, 0, 1.1, 2.19, 3.02, 3.1, 2.61, 2.21, 2.94, 3.41, 3.73, 4.7, 5.34, 5.71, 5.96, 5.94, 5.63, 5.33, 5.43, 6.25, 7.2, 6.92, 6.09, 5.67, 5.42, 4.43, 4.33, 4.24, 3.42, 2.79, 2.88, 3.51, 4.0, 5.156, 5.164, 4.777, 5.217, 4.98, 3.958, 2.761, 1.97, 1.89, 1.78, 1.95, 2.25, 1.8, 2.85, 3.46, 3.84, 3.86, 3.09, 2.35, 2.05, 1.75, 1.77, 1.89, 2.33, 2.21, 2.23, 2.22, 2.54, 2.5, 3.14, 3.54, 3.61, 3.17, 2.02, 1.72, 1.69, 1.59, 1.65, 1.21, 1.25, 1.35, 2.4, 2.94, 2.89, 2.71, 2.67, 3.04], [4.64, 4.76, 5.05, 3.76, 2.17, 1.1, 1.08, 1.1, 0, 1.49, 2.2, 2.28, 1.93, 1.79, 2.68, 3.11, 3.45, 4.44, 5.1, 5.45, 5.8, 5.76, 5.47, 5.15, 5.21, 6.07, 6.96, 6.7, 5.87, 5.49, 5.2, 4.31, 4.23, 4.16, 3.32, 2.91, 2.96, 3.57, 4.542, 5.876, 5.835, 5.467, 5.965, 5.617, 4.695, 3.443, 2.35, 2.05, 2.04, 1.97, 2.69, 2.22, 2.23, 2.88, 3.12, 3.14, 2.41, 1.61, 1.73, 1.77, 1.93, 2.15, 2.31, 2.11, 2.13, 1.66, 1.96, 2.04, 2.6, 2.94, 3.11, 2.47, 1.6, 1.52, 1.43, 1.27, 1.21, 1.19, 1.37, 1.99, 3.12, 3.668, 3.583, 3.341, 3.209, 3.653], [5.828, 5.97, 6.235, 4.928, 3.3, 2.05, 1.87, 2.19, 1.49, 0, 1.01, 1.03, 1.26, 1.36, 2.39, 2.98, 3.34, 3.97, 4.37, 4.78, 5.11, 5.07, 4.72, 4.48, 4.66, 5.46, 6.17, 5.99, 5.26, 4.88, 4.59, 4.08, 4.06, 4.17, 3.53, 3.26, 3.39, 4.02, 5.278, 6.629, 6.611, 6.238, 6.785, 6.459, 5.437, 4.183, 2.849, 2.455, 2.75, 2.8, 3.366, 2.79, 2.22, 1.95, 2.19, 2.53, 2.2, 1.88, 2.26, 2.28, 2.44, 2.652, 2.7, 2.6, 2.44, 1.61, 1.61, 1.65, 2.25, 2.65, 2.92, 2.48, 1.81, 2.01, 2.1, 2.04, 1.94, 1.78, 1.76, 2.975, 3.948, 4.465, 4.429, 4.103, 3.96, 4.417], [6.652, 6.84, 7.03, 5.74, 4.11, 2.78, 2.66, 3.02, 2.2, 1.01, 0, 0.88, 1.55, 1.57, 2.68, 3.39, 3.65, 3.92, 4.3, 4.65, 4.96, 4.92, 4.57, 4.35, 4.59, 5.31, 6.02, 5.82, 5.13, 4.81, 4.56, 4.21, 4.31, 4.44, 4.1, 3.81, 3.72, 4.43, 5.843, 7.187, 7.19, 6.847, 7.447, 7.101, 6.037, 4.865, 3.596, 3.234, 3.38, 3.41, 4.016, 3.36, 2.49, 2.14, 2.0, 2.44, 2.29, 2.31, 2.75, 2.85, 3.05, 3.27, 3.15, 2.97, 2.85, 2.0, 1.54, 1.64, 2.1, 2.48, 2.71, 2.39, 2.16, 2.74, 2.79, 2.63, 2.53, 2.41, 2.55, 3.75, 4.775, 5.252, 5.216, 4.816, 4.533, 5.132], [6.458, 6.74, 6.89, 5.56, 4.01, 2.82, 2.6, 3.1, 2.28, 1.03, 0.88, 0, 0.97, 1.23, 2.22, 2.83, 3.13, 3.58, 3.86, 4.29, 4.6, 4.62, 4.25, 3.97, 4.15, 4.95, 5.6, 5.4, 4.73, 4.37, 4.1, 3.79, 3.93, 4.04, 3.66, 3.45, 3.44, 4.23, 5.7, 7.044, 7.033, 6.7, 7.223, 6.872, 5.889, 4.719, 3.376, 3.062, 3.235, 3.29, 3.85, 3.02, 2.01, 1.52, 1.68, 2.22, 1.81, 1.79, 2.37, 2.55, 2.81, 3.07, 2.95, 2.83, 2.55, 1.82, 1.48, 1.52, 2.06, 2.5, 2.71, 2.35, 2.14, 2.32, 2.49, 2.33, 2.37, 2.27, 2.49, 3.75, 4.64, 5.075, 4.985, 4.599, 4.396, 4.926], [5.808, 6.13, 6.28, 4.93, 3.54, 2.39, 2.25, 2.61, 1.93, 1.26, 1.55, 0.97, 0, 0.82, 1.65, 2.16, 2.62, 3.07, 3.61, 3.98, 4.33, 4.33, 3.98, 3.68, 3.82, 4.62, 5.41, 5.21, 4.44, 4.08, 3.85, 3.4, 3.52, 3.49, 3.09, 2.86, 2.95, 3.82, 5.295, 6.634, 6.61, 6.258, 6.805, 6.436, 5.474, 4.251, 2.923, 2.56, 2.71, 3.0, 3.48, 2.59, 1.62, 1.61, 2.03, 2.45, 1.82, 1.46, 1.8, 1.88, 2.38, 2.591, 2.554, 2.5, 2.28, 1.89, 1.73, 1.89, 2.45, 2.77, 3.04, 2.56, 2.11, 1.89, 1.84, 1.74, 1.8, 1.76, 2.0, 3.3, 4.09, 4.528, 4.455, 4.157, 3.937, 4.49], [5.582, 5.79, 5.96, 4.67, 3.08, 2.05, 1.95, 2.21, 1.79, 1.36, 1.57, 1.23, 0.82, 0, 1.49, 2.0, 2.46, 2.89, 3.47, 3.84, 4.19, 4.11, 3.82, 3.52, 3.72, 4.54, 5.33, 5.07, 4.32, 3.98, 3.75, 3.3, 3.44, 3.45, 3.09, 2.84, 2.89, 3.66, 5.109, 6.457, 6.433, 6.087, 6.633, 6.238, 5.303, 4.092, 2.9, 2.54, 2.77, 3.12, 3.6, 2.47, 1.8, 2.05, 2.41, 2.77, 2.34, 1.74, 1.8, 1.9, 2.26, 2.6, 2.64, 2.66, 2.64, 2.11, 1.95, 2.15, 2.71, 3.11, 3.34, 2.86, 2.39, 2.07, 1.92, 1.7, 1.9, 1.7, 1.86, 2.86, 3.85, 4.302, 4.306, 3.986, 3.8, 4.35], [5.158, 5.433, 5.56, 4.38, 3.09, 2.46, 2.74, 2.94, 2.68, 2.39, 2.68, 2.22, 1.65, 1.49, 0, 1.01, 1.49, 2.46, 3.3, 3.55, 3.7, 3.84, 3.63, 3.21, 3.07, 4.03, 5.2, 4.88, 3.87, 3.51, 3.46, 2.89, 2.75, 2.8, 2.44, 2.29, 2.44, 3.35, 4.702, 6.056, 6.038, 5.679, 6.232, 5.863, 5.012, 3.95, 3.15, 3.01, 3.36, 3.69, 4.15, 2.74, 2.05, 2.68, 3.14, 3.46, 2.97, 2.49, 1.95, 1.93, 2.67, 2.87, 2.93, 2.97, 3.19, 3.06, 3.04, 3.24, 3.66, 3.96, 4.23, 3.75, 3.34, 2.88, 2.47, 2.19, 2.29, 2.39, 2.35, 3.13, 3.62, 4.013, 3.896, 3.59, 3.489, 4.02], [5.01, 5.43, 5.56, 4.49, 3.36, 2.91, 3.19, 3.41, 3.11, 2.98, 3.39, 2.83, 2.16, 2.0, 1.01, 0, 1.0, 2.07, 3.29, 3.34, 3.25, 3.45, 3.3, 2.78, 2.54, 3.5, 4.71, 4.39, 3.44, 3.0, 2.93, 2.3, 2.24, 2.37, 2.13, 2.22, 2.43, 3.24, 4.603, 5.943, 5.902, 5.535, 6.067, 5.713, 4.879, 3.8, 3.2, 3.08, 3.63, 4.16, 4.54, 3.17, 2.2, 2.81, 3.25, 3.53, 3.06, 2.64, 2.14, 2.22, 2.88, 3.04, 3.14, 3.36, 3.48, 3.47, 3.57, 3.73, 4.07, 4.23, 4.46, 4.12, 3.73, 3.21, 2.76, 2.52, 2.68, 2.82, 2.84, 3.5, 3.99, 4.01, 3.72, 3.48, 3.32, 3.85], [5.35, 5.77, 5.82, 4.97, 3.8, 3.15, 3.57, 3.73, 3.45, 3.34, 3.65, 3.13, 2.62, 2.46, 1.49, 1.0, 0, 1.99, 3.31, 3.22, 3.23, 3.27, 3.28, 2.56, 2.2, 3.16, 4.31, 3.99, 3.02, 2.62, 2.55, 2.08, 2.04, 2.23, 2.061, 2.46, 2.59, 3.3, 4.566, 5.926, 5.865, 5.497, 6.052, 5.704, 4.782, 3.64, 3.32, 3.42, 3.97, 4.46, 4.72, 3.31, 2.48, 3.09, 3.57, 3.79, 3.34, 3.06, 2.46, 2.6, 3.2, 3.24, 3.36, 3.62, 3.66, 3.91, 4.03, 4.23, 4.49, 4.61, 4.8, 4.52, 4.11, 3.51, 3.1, 2.82, 3.06, 3.22, 3.26, 3.88, 4.51, 4.51, 3.98, 3.64, 3.46, 4.07], [7.04, 7.44, 7.57, 6.5, 5.33, 4.5, 4.5, 4.7, 4.44, 3.97, 3.92, 3.58, 3.07, 2.89, 2.46, 2.07, 1.99, 0, 1.54, 1.51, 1.54, 1.64, 1.61, 1.51, 1.63, 2.13, 2.92, 2.66, 2.53, 2.79, 2.74, 2.989, 3.127, 3.277, 3.498, 3.688, 3.778, 4.565, 5.945, 7.299, 7.287, 6.963, 7.566, 7.163, 6.177, 5.09, 4.39, 4.35, 4.84, 5.53, 5.95, 4.28, 2.91, 3.32, 3.76, 4.14, 3.77, 3.59, 3.57, 3.51, 3.91, 4.07, 4.29, 4.49, 4.55, 4.42, 4.4, 4.62, 4.86, 4.9, 5.23, 5.13, 4.98, 4.56, 4.21, 3.91, 4.11, 4.19, 4.17, 5.07, 5.779, 5.864, 5.431, 5.006, 4.691, 5.396], [8.12, 8.58, 8.69, 7.44, 6.21, 5.22, 5.22, 5.34, 5.1, 4.37, 4.3, 3.86, 3.61, 3.47, 3.3, 3.29, 3.31, 1.54, 0, 0.75, 1.2, 1.4, 1.57, 1.87, 2.41, 2.65, 2.86, 2.84, 3.35, 3.71, 3.74, 4.079, 4.304, 4.497, 4.772, 4.743, 4.893, 5.662, 7.163, 8.46, 8.479, 8.149, 8.689, 8.369, 7.299, 6.143, 5.07, 4.99, 5.5, 6.01, 6.47, 4.96, 3.35, 3.52, 4.0, 4.46, 4.21, 4.19, 4.29, 4.27, 4.69, 4.81, 4.89, 4.99, 5.13, 4.96, 4.88, 5.0, 5.34, 5.28, 5.57, 5.63, 5.52, 5.12, 4.83, 4.55, 4.71, 4.73, 4.85, 5.77, 6.54, 6.738, 6.471, 6.105, 5.882, 6.432], [8.157, 8.537, 8.644, 7.63, 6.46, 5.53, 5.57, 5.71, 5.45, 4.78, 4.65, 4.29, 3.98, 3.84, 3.55, 3.34, 3.22, 1.51, 0.75, 0, 1.09, 1.29, 1.52, 1.8, 2.3, 2.54, 2.79, 2.77, 3.3, 3.694, 3.77, 4.012, 4.183, 4.379, 4.685, 4.721, 4.751, 5.627, 7.036, 8.355, 8.329, 7.982, 8.622, 8.291, 7.261, 6.061, 5.259, 5.22, 5.67, 6.359, 6.779, 5.169, 3.799, 3.93, 4.35, 4.79, 4.58, 4.56, 4.616, 4.639, 4.74, 5.02, 5.136, 5.239, 5.24, 5.25, 5.27, 5.39, 5.71, 5.65, 5.98, 6.02, 5.93, 5.55, 5.239, 4.9, 5.119, 5.139, 5.199, 5.876, 6.689, 6.757, 6.453, 5.996, 5.721, 6.386], [8.044, 8.46, 8.59, 7.52, 6.55, 5.88, 5.82, 5.96, 5.8, 5.11, 4.96, 4.6, 4.33, 4.19, 3.7, 3.25, 3.23, 1.54, 1.2, 1.09, 0, 0.72, 1.19, 1.39, 1.61, 1.63, 2.3, 2.18, 2.51, 2.83, 2.96, 3.19, 3.514, 3.747, 4.26, 4.566, 4.538, 5.085, 6.284, 7.541, 7.488, 7.238, 8.147, 7.787, 6.611, 5.79, 5.21, 5.43, 6.0, 6.63, 7.11, 5.34, 4.03, 4.36, 4.82, 5.3, 4.99, 4.93, 4.95, 4.87, 4.97, 5.01, 5.21, 5.41, 5.53, 5.54, 5.58, 5.82, 6.18, 6.18, 6.45, 6.43, 6.28, 5.88, 5.59, 5.25, 5.47, 5.49, 5.47, 6.11, 6.72, 6.659, 6.146, 5.729, 5.41, 6.179], [8.32, 8.72, 8.83, 7.84, 6.75, 5.92, 5.8, 5.94, 5.76, 5.07, 4.92, 4.62, 4.33, 4.11, 3.84, 3.45, 3.27, 1.64, 1.4, 1.29, 0.72, 0, 0.93, 1.35, 1.81, 1.71, 2.14, 2.06, 2.55, 2.87, 2.98, 3.23, 3.67, 3.904, 4.464, 4.81, 4.795, 5.263, 6.461, 7.593, 7.788, 7.561, 8.424, 8.044, 6.785, 5.77, 5.17, 5.35, 5.96, 6.61, 7.09, 5.34, 4.03, 4.38, 4.84, 5.32, 5.01, 4.95, 4.97, 4.87, 4.89, 5.01, 5.17, 5.35, 5.49, 5.52, 5.54, 5.82, 6.2, 6.2, 6.47, 6.43, 6.26, 5.84, 5.57, 5.23, 5.45, 5.47, 5.47, 6.21, 6.94, 6.92, 6.39, 5.95, 5.65, 6.42], [8.17, 8.57, 8.68, 7.61, 6.54, 5.75, 5.45, 5.63, 5.47, 4.72, 4.57, 4.25, 3.98, 3.82, 3.63, 3.3, 3.28, 1.61, 1.57, 1.52, 1.19, 0.93, 0, 1.24, 2.0, 2.0, 2.09, 2.21, 2.42, 2.84, 2.95, 3.329, 3.749, 3.936, 4.565, 4.69, 4.66, 5.181, 6.539, 7.605, 7.929, 7.702, 8.465, 8.105, 6.935, 5.82, 4.94, 5.0, 5.63, 6.24, 6.8, 5.11, 3.76, 3.87, 4.43, 4.77, 4.64, 4.62, 4.72, 4.66, 4.68, 4.74, 4.92, 5.06, 5.14, 5.15, 5.19, 5.47, 5.81, 5.73, 6.08, 6.08, 5.89, 5.47, 5.28, 4.92, 5.16, 5.14, 5.26, 6.02, 6.67, 6.67, 6.338, 5.88, 5.62, 6.29], [7.47, 7.81, 7.92, 7.03, 6.02, 5.31, 5.19, 5.33, 5.15, 4.48, 4.35, 3.97, 3.68, 3.52, 3.21, 2.78, 2.56, 1.51, 1.87, 1.8, 1.39, 1.35, 1.24, 0, 1.16, 1.4, 2.17, 1.85, 1.84, 2.14, 2.29, 2.6, 3.0, 3.242, 3.75, 3.88, 3.83, 4.4, 5.787, 6.927, 7.12, 6.87, 7.63, 7.25, 6.1, 5.12, 4.68, 4.68, 5.37, 5.94, 6.44, 4.71, 3.36, 3.59, 4.07, 4.53, 4.3, 4.26, 4.34, 4.26, 4.28, 4.34, 4.6, 4.74, 4.84, 4.87, 4.89, 5.11, 5.45, 5.39, 5.7, 5.72, 5.61, 5.19, 4.9, 4.56, 4.8, 4.8, 4.82, 5.54, 6.19, 6.07, 5.62, 5.18, 4.86, 5.61], [7.01, 7.41, 7.48, 6.69, 5.8, 5.17, 5.25, 5.43, 5.21, 4.66, 4.59, 4.15, 3.82, 3.72, 3.07, 2.54, 2.2, 1.63, 2.41, 2.3, 1.61, 1.81, 2.0, 1.16, 0, 1.04, 2.23, 2.07, 1.68, 1.84, 1.93, 2.18, 2.32, 2.47, 2.89, 3.4, 3.25, 3.76, 5.05, 6.43, 6.38, 6.11, 6.83, 6.37, 5.42, 4.82, 4.66, 4.8, 5.33, 6.0, 6.42, 4.57, 3.38, 3.87, 4.35, 4.79, 4.46, 4.3, 4.1, 4.06, 4.22, 4.28, 4.42, 4.7, 4.94, 4.93, 4.95, 5.25, 5.57, 5.55, 5.88, 5.78, 5.61, 5.19, 4.8, 4.52, 4.72, 4.8, 4.74, 5.44, 6.11, 5.91, 5.28, 4.86, 4.46, 5.33], [7.95, 8.35, 8.42, 7.65, 6.8, 6.15, 6.13, 6.25, 6.07, 5.46, 5.31, 4.95, 4.62, 4.54, 4.03, 3.5, 3.16, 2.13, 2.65, 2.54, 1.63, 1.71, 2.0, 1.4, 1.04, 0, 1.53, 1.39, 1.42, 1.68, 1.87, 2.34, 2.72, 2.95, 3.61, 4.3, 4.17, 4.5, 5.37, 6.51, 6.58, 6.39, 7.41, 7.15, 5.86, 5.5, 5.36, 5.54, 6.15, 6.8, 7.26, 5.45, 4.14, 4.59, 5.07, 5.53, 5.2, 5.12, 5.04, 4.98, 5.06, 5.12, 5.32, 5.52, 5.74, 5.75, 5.79, 6.03, 6.37, 6.37, 6.64, 6.62, 6.47, 6.05, 5.72, 5.4, 5.62, 5.68, 5.62, 6.32, 6.95, 6.75, 6.12, 5.62, 5.32, 6.13], [9.24, 9.64, 9.71, 8.92, 8.01, 7.24, 6.94, 7.2, 6.96, 6.17, 6.02, 5.6, 5.41, 5.33, 5.2, 4.71, 4.31, 2.92, 2.86, 2.79, 2.3, 2.14, 2.09, 2.17, 2.23, 1.53, 0, 1.08, 1.97, 2.43, 2.58, 3.37, 3.97, 4.06, 4.8, 5.59, 5.46, 5.65, 6.44, 7.4, 7.65, 7.58, 8.44, 8.28, 7.07, 6.65, 6.33, 6.39, 7.02, 7.73, 8.23, 6.48, 5.15, 5.16, 5.6, 5.98, 5.87, 5.87, 6.07, 6.01, 6.03, 6.03, 6.29, 6.51, 6.59, 6.46, 6.46, 6.64, 6.9, 6.72, 7.13, 7.25, 7.16, 6.8, 6.67, 6.31, 6.55, 6.55, 6.67, 7.49, 8.22, 8.06, 7.41, 6.91, 6.59, 7.44], [9.04, 9.44, 9.55, 8.72, 7.69, 6.94, 6.68, 6.92, 6.7, 5.99, 5.82, 5.4, 5.21, 5.07, 4.88, 4.39, 3.99, 2.66, 2.84, 2.77, 2.18, 2.06, 2.21, 1.85, 2.07, 1.39, 1.08, 0, 1.67, 2.21, 2.28, 3.13, 3.75, 3.98, 4.62, 5.37, 5.3, 5.57, 6.26, 7.24, 7.25, 7.24, 8.26, 8.12, 6.81, 6.31, 6.05, 6.15, 6.78, 7.45, 7.97, 6.18, 4.87, 4.94, 5.34, 5.7, 5.67, 5.63, 5.81, 5.71, 5.75, 5.77, 6.01, 6.25, 6.37, 6.28, 6.28, 6.4, 6.68, 6.5, 6.87, 7.05, 6.96, 6.6, 6.41, 6.05, 6.31, 6.33, 6.35, 7.15, 7.88, 7.76, 7.17, 6.57, 6.27, 7.12], [7.89, 8.29, 8.4, 7.55, 6.64, 5.99, 5.93, 6.09, 5.87, 5.26, 5.13, 4.73, 4.44, 4.32, 3.87, 3.44, 3.02, 2.53, 3.35, 3.3, 2.51, 2.55, 2.42, 1.84, 1.68, 1.42, 1.97, 1.67, 0, 0.88, 1.07, 2.02, 2.52, 2.71, 3.47, 4.18, 4.11, 4.4, 5.19, 6.15, 6.18, 6.19, 7.23, 7.03, 5.72, 5.36, 5.2, 5.36, 5.97, 6.62, 7.1, 5.21, 3.94, 4.29, 4.81, 5.19, 4.96, 4.82, 4.86, 4.74, 4.82, 4.9, 5.18, 5.4, 5.58, 5.51, 5.53, 5.79, 6.07, 5.97, 6.36, 6.32, 6.21, 5.81, 5.5, 5.18, 5.42, 5.48, 5.46, 6.2, 6.87, 6.69, 6.06, 5.56, 5.2, 6.05], [7.37, 7.77, 7.88, 7.05, 6.2, 5.53, 5.55, 5.67, 5.49, 4.88, 4.81, 4.37, 4.08, 3.98, 3.51, 3.0, 2.62, 2.79, 3.71, 3.694, 2.83, 2.87, 2.84, 2.14, 1.84, 1.68, 2.43, 2.21, 0.88, 0, 0.65, 1.5, 2.0, 2.11, 2.99, 3.64, 3.55, 3.82, 4.59, 5.53, 5.62, 5.59, 6.61, 6.47, 5.12, 4.78, 4.66, 4.86, 5.49, 6.1, 6.58, 4.75, 3.46, 3.91, 4.45, 4.85, 4.54, 4.42, 4.4, 4.3, 4.42, 4.5, 4.7, 4.92, 5.12, 5.15, 5.17, 5.41, 5.73, 5.71, 5.98, 5.98, 5.83, 5.43, 5.06, 4.78, 4.98, 5.06, 4.98, 5.72, 6.35, 6.13, 5.5, 5.0, 4.7, 5.47], [7.16, 7.56, 7.63, 6.84, 6.03, 5.36, 5.24, 5.42, 5.2, 4.59, 4.56, 4.1, 3.85, 3.75, 3.46, 2.93, 2.55, 2.74, 3.74, 3.77, 2.96, 2.98, 2.95, 2.29, 1.93, 1.87, 2.58, 2.28, 1.07, 0.65, 0, 1.31, 1.79, 1.96, 2.78, 3.43, 3.36, 3.57, 4.44, 5.44, 5.43, 5.42, 6.4, 6.2, 5.05, 4.73, 4.39, 4.59, 5.24, 5.87, 6.33, 4.5, 3.23, 3.66, 4.18, 4.52, 4.23, 4.07, 4.19, 4.07, 4.19, 4.23, 4.47, 4.69, 4.85, 4.82, 4.86, 5.12, 5.4, 5.38, 5.67, 5.65, 5.5, 5.08, 4.81, 4.47, 4.69, 4.81, 4.79, 5.63, 6.24, 6.0, 5.39, 4.85, 4.57, 5.3], [6.09, 6.49, 6.6, 5.75, 4.92, 4.27, 4.35, 4.43, 4.31, 4.08, 4.21, 3.79, 3.4, 3.3, 2.89, 2.3, 2.08, 2.989, 4.079, 4.012, 3.19, 3.23, 3.329, 2.6, 2.18, 2.34, 3.37, 3.13, 2.02, 1.5, 1.31, 0, 0.94, 1.29, 1.77, 2.36, 2.37, 2.7, 3.55, 4.67, 4.66, 4.55, 5.45, 5.27, 4.02, 3.6, 3.36, 3.54, 4.19, 4.72, 5.22, 3.43, 2.5, 3.39, 3.95, 4.23, 3.58, 3.48, 3.18, 3.02, 3.22, 3.2, 3.4, 3.6, 3.78, 3.97, 4.07, 4.35, 4.77, 4.97, 5.12, 4.92, 4.69, 4.23, 3.82, 3.58, 3.7, 3.84, 3.76, 4.46, 5.01, 4.79, 4.16, 3.64, 3.38, 4.15], [5.49, 5.87, 5.98, 5.13, 4.38, 3.99, 4.21, 4.33, 4.23, 4.06, 4.31, 3.93, 3.52, 3.44, 2.75, 2.24, 2.04, 3.127, 4.304, 4.183, 3.514, 3.67, 3.749, 3.0, 2.32, 2.72, 3.97, 3.75, 2.52, 2.0, 1.79, 0.94, 0, 0.75, 1.39, 1.78, 1.89, 2.2, 3.07, 4.35, 4.4, 4.19, 4.99, 4.71, 3.76, 3.46, 3.3, 3.48, 4.07, 4.62, 5.04, 3.27, 2.6, 3.61, 4.09, 4.43, 3.54, 3.4, 2.88, 2.82, 3.14, 3.16, 3.18, 3.44, 3.72, 3.89, 4.09, 4.31, 4.71, 4.89, 5.08, 4.88, 4.59, 4.13, 3.66, 3.44, 3.56, 3.72, 3.58, 4.2, 4.61, 4.33, 3.7, 3.2, 2.94, 3.73], [5.4, 5.78, 5.87, 5.1, 4.35, 3.98, 4.14, 4.24, 4.16, 4.17, 4.44, 4.04, 3.49, 3.45, 2.8, 2.37, 2.23, 3.277, 4.497, 4.379, 3.747, 3.904, 3.936, 3.242, 2.47, 2.95, 4.06, 3.98, 2.71, 2.11, 1.96, 1.29, 0.75, 0, 1.4, 1.83, 1.78, 2.07, 3.06, 4.34, 4.41, 4.2, 4.88, 4.5, 3.81, 3.45, 3.35, 3.53, 4.02, 4.63, 4.97, 3.32, 2.77, 3.72, 4.2, 4.48, 3.53, 3.33, 2.83, 2.79, 3.21, 3.25, 3.27, 3.47, 3.73, 3.96, 4.1, 4.3, 4.64, 4.8, 5.03, 4.85, 4.54, 4.08, 3.57, 3.37, 3.51, 3.61, 3.53, 4.23, 4.64, 4.36, 3.75, 3.29, 3.05, 3.82], [4.58, 4.98, 5.05, 4.26, 3.33, 3.02, 3.32, 3.42, 3.32, 3.53, 4.1, 3.66, 3.09, 3.09, 2.44, 2.13, 2.061, 3.498, 4.772, 4.685, 4.26, 4.464, 4.565, 3.75, 2.89, 3.61, 4.8, 4.62, 3.47, 2.99, 2.78, 1.77, 1.39, 1.4, 0, 1.21, 1.34, 1.81, 2.62, 3.98, 3.93, 3.56, 4.18, 3.92, 2.91, 2.29, 2.43, 2.61, 3.2, 3.65, 4.05, 2.38, 2.53, 3.66, 4.22, 4.56, 3.41, 2.83, 2.27, 1.91, 2.33, 2.39, 2.57, 2.89, 2.87, 3.1, 3.54, 3.8, 4.28, 4.6, 4.85, 4.49, 3.82, 3.32, 2.91, 2.73, 2.91, 3.01, 2.83, 3.27, 3.6, 3.4, 2.79, 2.35, 2.09, 2.82], [3.85, 4.23, 4.32, 3.45, 2.76, 2.55, 2.85, 2.79, 2.91, 3.26, 3.81, 3.45, 2.86, 2.84, 2.29, 2.22, 2.46, 3.688, 4.743, 4.721, 4.566, 4.81, 4.69, 3.88, 3.4, 4.3, 5.59, 5.37, 4.18, 3.64, 3.43, 2.36, 1.78, 1.83, 1.21, 0, 0.71, 1.4, 2.65, 4.01, 3.96, 3.59, 4.13, 3.77, 3.02, 2.24, 2.0, 1.96, 2.43, 2.98, 3.5, 1.79, 2.36, 3.59, 4.19, 4.49, 3.24, 2.48, 1.78, 1.44, 1.64, 1.78, 2.1, 2.32, 2.3, 2.47, 2.99, 3.31, 3.81, 4.33, 4.56, 4.16, 3.35, 2.81, 2.38, 2.3, 2.44, 2.4, 2.12, 2.58, 3.01, 2.69, 2.24, 2.02, 1.86, 2.41], [3.96, 4.32, 4.37, 3.58, 2.91, 2.72, 2.96, 2.88, 2.96, 3.39, 3.72, 3.44, 2.95, 2.89, 2.44, 2.43, 2.59, 3.778, 4.893, 4.751, 4.538, 4.795, 4.66, 3.83, 3.25, 4.17, 5.46, 5.3, 4.11, 3.55, 3.36, 2.37, 1.89, 1.78, 1.34, 0.71, 0, 1.23, 2.52, 3.9, 3.85, 3.48, 4.1, 3.68, 2.89, 2.23, 2.09, 2.09, 2.56, 3.17, 3.55, 1.86, 2.45, 3.74, 4.337, 4.62, 3.33, 2.43, 1.73, 1.45, 1.65, 1.79, 1.97, 2.11, 2.25, 2.48, 2.8, 3.2, 3.86, 4.42, 4.65, 4.21, 3.54, 2.96, 2.33, 2.35, 2.55, 2.39, 2.17, 2.73, 3.2, 2.88, 2.39, 2.15, 1.83, 2.56], [4.29, 4.57, 4.6, 3.77, 3.46, 3.37, 3.67, 3.51, 3.57, 4.02, 4.43, 4.23, 3.82, 3.66, 3.35, 3.24, 3.3, 4.565, 5.662, 5.627, 5.085, 5.263, 5.181, 4.4, 3.76, 4.5, 5.65, 5.57, 4.4, 3.82, 3.57, 2.7, 2.2, 2.07, 1.81, 1.4, 1.23, 0, 1.69, 2.99, 3.14, 3.01, 3.65, 3.47, 2.98, 2.38, 2.42, 2.42, 3.01, 3.58, 3.96, 2.45, 3.32, 4.67, 5.278, 5.59, 4.28, 3.36, 2.7, 2.38, 2.22, 2.14, 2.34, 2.54, 2.9, 3.13, 3.57, 4.17, 4.85, 5.45, 5.7, 5.14, 4.41, 3.83, 3.18, 3.32, 3.48, 3.38, 2.9, 3.24, 3.67, 3.35, 2.76, 2.28, 2.08, 2.67], [3.86, 4.1, 4.13, 3.32, 3.43, 4.165, 4.42, 4.0, 4.542, 5.278, 5.843, 5.7, 5.295, 5.109, 4.702, 4.603, 4.566, 5.945, 7.163, 7.036, 6.284, 6.461, 6.539, 5.787, 5.05, 5.37, 6.44, 6.26, 5.19, 4.59, 4.44, 3.55, 3.07, 3.06, 2.62, 2.65, 2.52, 1.69, 0, 1.52, 1.71, 1.72, 2.48, 2.56, 2.05, 1.99, 2.77, 3.17, 3.08, 3.53, 3.67, 2.96, 4.83, 6.14, 6.754, 7.06, 5.69, 4.89, 4.13, 3.63, 3.07, 2.89, 3.15, 3.33, 3.63, 4.22, 5.0, 5.52, 6.3, 6.94, 7.11, 6.69, 5.62, 4.86, 4.53, 4.71, 4.846, 4.69, 3.93, 3.31, 3.3, 2.86, 2.25, 1.91, 1.85, 2.34], [3.4, 3.6, 3.49, 3.02, 4.363, 5.459, 5.599, 5.156, 5.876, 6.629, 7.187, 7.044, 6.634, 6.457, 6.056, 5.943, 5.926, 7.299, 8.46, 8.355, 7.541, 7.593, 7.605, 6.927, 6.43, 6.51, 7.4, 7.24, 6.15, 5.53, 5.44, 4.67, 4.35, 4.34, 3.98, 4.01, 3.9, 2.99, 1.52, 0, 0.91, 1.18, 1.86, 2.16, 1.83, 2.59, 3.89, 4.29, 4.14, 4.23, 3.81, 4.26, 6.13, 7.46, 8.073, 8.4, 7.05, 6.27, 5.51, 5.01, 4.39, 4.15, 4.25, 4.426, 4.786, 5.568, 6.36, 6.868, 7.665, 8.305, 8.475, 8.07, 6.98, 6.16, 5.898, 6.078, 6.201, 6.041, 5.278, 4.11, 3.34, 2.74, 2.55, 2.67, 2.85, 2.52], [3.03, 3.19, 3.14, 3.03, 4.353, 5.397, 5.589, 5.164, 5.835, 6.611, 7.19, 7.033, 6.61, 6.433, 6.038, 5.902, 5.865, 7.287, 8.479, 8.329, 7.488, 7.788, 7.929, 7.12, 6.38, 6.58, 7.65, 7.25, 6.18, 5.62, 5.43, 4.66, 4.4, 4.41, 3.93, 3.96, 3.85, 3.14, 1.71, 0.91, 0, 0.63, 1.41, 1.75, 1.72, 2.62, 3.9, 4.3, 4.09, 4.24, 3.7, 4.21, 6.14, 7.41, 8.044, 8.35, 7.0, 6.22, 5.46, 4.96, 4.34, 4.14, 4.26, 4.42, 4.7, 5.547, 6.33, 6.832, 7.615, 8.255, 8.439, 8.02, 6.93, 6.13, 5.848, 6.028, 6.151, 6.005, 5.24, 4.12, 3.09, 2.49, 2.48, 2.64, 2.74, 2.47], [2.64, 2.86, 2.89, 2.86, 3.99, 5.01, 5.219, 4.777, 5.467, 6.238, 6.847, 6.7, 6.258, 6.087, 5.679, 5.535, 5.497, 6.963, 8.149, 7.982, 7.238, 7.561, 7.702, 6.87, 6.11, 6.39, 7.58, 7.24, 6.19, 5.59, 5.42, 4.55, 4.19, 4.2, 3.56, 3.59, 3.48, 3.01, 1.72, 1.18, 0.63, 0, 1.2, 1.44, 1.31, 2.25, 3.55, 3.91, 3.7, 3.89, 3.31, 3.82, 5.77, 7.04, 7.674, 7.98, 6.63, 5.85, 5.09, 4.59, 3.97, 3.83, 3.95, 4.15, 4.33, 5.18, 5.96, 6.465, 7.26, 7.885, 8.07, 7.65, 6.56, 5.74, 5.458, 5.638, 5.741, 5.618, 4.855, 3.75, 2.68, 2.08, 2.17, 2.33, 2.39, 2.08], [2.26, 2.28, 2.45, 2.82, 4.389, 5.513, 5.628, 5.217, 5.965, 6.785, 7.447, 7.223, 6.805, 6.633, 6.232, 6.067, 6.052, 7.566, 8.689, 8.622, 8.147, 8.424, 8.465, 7.63, 6.83, 7.41, 8.44, 8.26, 7.23, 6.61, 6.4, 5.45, 4.99, 4.88, 4.18, 4.13, 4.1, 3.65, 2.48, 1.86, 1.41, 1.2, 0, 0.76, 1.75, 2.85, 4.11, 4.45, 4.22, 4.39, 3.75, 4.36, 6.37, 7.58, 8.22, 8.52, 7.15, 6.35, 5.59, 5.11, 4.63, 4.43, 4.51, 4.73, 4.87, 5.78, 6.58, 6.98, 7.751, 8.4, 8.57, 8.15, 7.06, 6.18, 5.963, 6.143, 6.246, 6.112, 5.352, 4.227, 3.06, 2.52, 2.53, 2.83, 2.99, 2.54], [2.08, 2.32, 2.51, 2.8, 4.141, 5.211, 5.32, 4.98, 5.617, 6.459, 7.101, 6.872, 6.436, 6.238, 5.863, 5.713, 5.704, 7.163, 8.369, 8.291, 7.787, 8.044, 8.105, 7.25, 6.37, 7.15, 8.28, 8.12, 7.03, 6.47, 6.2, 5.27, 4.71, 4.5, 3.92, 3.77, 3.68, 3.47, 2.56, 2.16, 1.75, 1.44, 0.76, 0, 1.59, 2.61, 3.87, 4.23, 3.98, 4.17, 3.51, 4.02, 6.03, 7.32, 7.94, 8.24, 6.87, 5.99, 5.23, 4.75, 4.25, 3.99, 4.09, 4.33, 4.59, 5.42, 6.18, 6.68, 7.42, 8.04, 8.27, 7.79, 6.7, 5.8, 5.615, 5.795, 5.898, 5.798, 5.058, 3.987, 2.803, 2.28, 2.39, 2.59, 2.67, 2.26], [2.49, 2.89, 3.0, 2.89, 3.46, 4.275, 4.375, 3.958, 4.695, 5.437, 6.037, 5.889, 5.474, 5.303, 5.012, 4.879, 4.782, 6.177, 7.299, 7.261, 6.611, 6.785, 6.935, 6.1, 5.42, 5.86, 7.07, 6.81, 5.72, 5.12, 5.05, 4.02, 3.76, 3.81, 2.91, 3.02, 2.89, 2.98, 2.05, 1.83, 1.72, 1.31, 1.75, 1.59, 0, 1.4, 2.8, 3.18, 3.03, 3.16, 2.7, 3.11, 4.94, 6.29, 6.906, 7.23, 5.88, 5.06, 4.3, 3.8, 3.22, 3.0, 3.16, 3.36, 3.62, 4.39, 5.15, 5.663, 6.461, 7.101, 7.271, 6.86, 5.77, 4.89, 4.7, 4.853, 4.956, 4.802, 4.053, 2.92, 2.01, 1.77, 1.7, 1.9, 1.72, 1.63], [3.03, 3.43, 3.54, 2.79, 2.64, 3.026, 3.206, 2.761, 3.443, 4.183, 4.865, 4.719, 4.251, 4.092, 3.95, 3.8, 3.64, 5.09, 6.143, 6.061, 5.79, 5.77, 5.82, 5.12, 4.82, 5.5, 6.65, 6.31, 5.36, 4.78, 4.73, 3.6, 3.46, 3.45, 2.29, 2.24, 2.23, 2.38, 1.99, 2.59, 2.62, 2.25, 2.85, 2.61, 1.4, 0, 1.58, 1.94, 1.91, 2.1, 2.14, 2.09, 3.72, 4.97, 5.609, 5.93, 4.62, 3.82, 3.04, 2.54, 2.06, 1.96, 2.2, 2.34, 2.44, 3.15, 3.93, 4.43, 5.21, 5.832, 6.02, 5.599, 4.51, 3.71, 3.44, 3.605, 3.728, 3.548, 2.819, 1.88, 1.83, 1.71, 1.3, 1.18, 1.04, 1.31], [3.89, 4.33, 4.42, 3.33, 2.72, 2.33, 2.43, 1.97, 2.35, 2.849, 3.596, 3.376, 2.923, 2.9, 3.15, 3.2, 3.32, 4.39, 5.07, 5.259, 5.21, 5.17, 4.94, 4.68, 4.66, 5.36, 6.33, 6.05, 5.2, 4.66, 4.39, 3.36, 3.3, 3.35, 2.43, 2.0, 2.09, 2.42, 2.77, 3.89, 3.9, 3.55, 4.11, 3.87, 2.8, 1.58, 0, 0.86, 1.27, 1.64, 2.04, 1.53, 2.64, 3.59, 4.23, 4.53, 3.2, 2.48, 1.96, 1.6, 1.4, 1.24, 1.54, 1.48, 1.38, 1.97, 2.71, 3.13, 3.87, 4.49, 4.64, 4.26, 3.33, 2.61, 2.32, 2.44, 2.52, 2.44, 1.82, 1.7, 2.35, 2.43, 2.1, 1.92, 1.52, 1.89], [4.05, 4.37, 4.5, 3.47, 2.74, 2.19, 2.17, 1.89, 2.05, 2.455, 3.234, 3.062, 2.56, 2.54, 3.01, 3.08, 3.42, 4.35, 4.99, 5.22, 5.43, 5.35, 5.0, 4.68, 4.8, 5.54, 6.39, 6.15, 5.36, 4.86, 4.59, 3.54, 3.48, 3.53, 2.61, 1.96, 2.09, 2.42, 3.17, 4.29, 4.3, 3.91, 4.45, 4.23, 3.18, 1.94, 0.86, 0, 1.09, 1.56, 2.04, 1.59, 2.36, 3.21, 3.87, 4.15, 2.8, 2.2, 1.86, 1.52, 1.2, 1.16, 1.52, 1.48, 1.3, 1.63, 2.37, 2.77, 3.53, 4.11, 4.28, 3.84, 2.89, 2.19, 1.98, 2.06, 2.2, 2.02, 1.56, 1.72, 2.45, 2.63, 2.38, 2.26, 1.88, 2.17], [3.7, 4.08, 4.23, 3.08, 2.31, 2.12, 2.06, 1.78, 2.04, 2.75, 3.38, 3.235, 2.71, 2.77, 3.36, 3.63, 3.97, 4.84, 5.5, 5.67, 6.0, 5.96, 5.63, 5.37, 5.33, 6.15, 7.02, 6.78, 5.97, 5.49, 5.24, 4.19, 4.07, 4.02, 3.2, 2.43, 2.56, 3.01, 3.08, 4.14, 4.09, 3.7, 4.22, 3.98, 3.03, 1.91, 1.27, 1.09, 0, 1.09, 1.49, 1.38, 2.65, 3.52, 4.1, 4.3, 2.95, 2.31, 1.89, 1.69, 1.31, 1.35, 1.51, 1.49, 1.27, 1.76, 2.52, 2.86, 3.56, 4.2, 4.39, 3.97, 2.88, 2.18, 2.09, 2.19, 2.29, 2.11, 1.69, 1.57, 2.08, 2.36, 2.29, 2.19, 1.77, 2.06], [3.77, 4.07, 4.24, 3.01, 2.46, 2.25, 2.27, 1.95, 1.97, 2.8, 3.41, 3.29, 3.0, 3.12, 3.69, 4.16, 4.46, 5.53, 6.01, 6.359, 6.63, 6.61, 6.24, 5.94, 6.0, 6.8, 7.73, 7.45, 6.62, 6.1, 5.87, 4.72, 4.62, 4.63, 3.65, 2.98, 3.17, 3.58, 3.53, 4.23, 4.24, 3.89, 4.39, 4.17, 3.16, 2.1, 1.64, 1.56, 1.09, 0, 1.24, 1.83, 2.82, 3.55, 4.01, 4.19, 3.04, 2.4, 2.3, 2.12, 1.88, 1.84, 1.78, 1.52, 1.66, 1.87, 2.47, 2.83, 3.57, 4.19, 4.34, 3.92, 2.93, 2.35, 2.28, 2.36, 2.34, 2.34, 1.86, 1.34, 1.79, 2.23, 2.52, 2.48, 2.1, 2.21], [3.15, 3.51, 3.66, 2.47, 2.4, 2.49, 2.49, 2.25, 2.69, 3.366, 4.016, 3.85, 3.48, 3.6, 4.15, 4.54, 4.72, 5.95, 6.47, 6.779, 7.11, 7.09, 6.8, 6.44, 6.42, 7.26, 8.23, 7.97, 7.1, 6.58, 6.33, 5.22, 5.04, 4.97, 4.05, 3.5, 3.55, 3.96, 3.67, 3.81, 3.7, 3.31, 3.75, 3.51, 2.7, 2.14, 2.04, 2.04, 1.49, 1.24, 0, 1.97, 3.4, 4.09, 4.61, 4.77, 3.72, 3.04, 2.76, 2.52, 2.42, 2.28, 2.12, 2.04, 2.24, 2.83, 3.27, 3.53, 4.11, 4.75, 4.94, 4.52, 3.37, 2.77, 2.66, 2.9, 2.88, 2.76, 2.22, 1.84, 1.53, 1.93, 2.28, 2.44, 2.28, 1.97], [4.04, 4.44, 4.61, 3.34, 2.05, 1.78, 2.02, 1.8, 2.22, 2.79, 3.36, 3.02, 2.59, 2.47, 2.74, 3.17, 3.31, 4.28, 4.96, 5.169, 5.34, 5.34, 5.11, 4.71, 4.57, 5.45, 6.48, 6.18, 5.21, 4.75, 4.5, 3.43, 3.27, 3.32, 2.38, 1.79, 1.86, 2.45, 2.96, 4.26, 4.21, 3.82, 4.36, 4.02, 3.11, 2.09, 1.53, 1.59, 1.38, 1.83, 1.97, 0, 2.25, 3.42, 4.02, 4.32, 2.99, 2.25, 1.75, 1.13, 1.19, 1.27, 1.61, 1.63, 1.65, 2.02, 2.54, 2.86, 3.54, 4.14, 4.35, 3.89, 2.84, 2.14, 1.83, 2.05, 2.13, 1.99, 1.51, 1.89, 2.4, 2.7, 2.49, 2.15, 1.91, 2.32], [5.77, 6.15, 6.28, 4.97, 3.68, 2.55, 2.61, 2.85, 2.23, 2.22, 2.49, 2.01, 1.62, 1.8, 2.05, 2.2, 2.48, 2.91, 3.35, 3.799, 4.03, 4.03, 3.76, 3.36, 3.38, 4.14, 5.15, 4.87, 3.94, 3.46, 3.23, 2.5, 2.6, 2.77, 2.53, 2.36, 2.45, 3.32, 4.83, 6.13, 6.14, 5.77, 6.37, 6.03, 4.94, 3.72, 2.64, 2.36, 2.65, 2.82, 3.4, 2.25, 0, 1.55, 2.11, 2.41, 1.44, 1.34, 1.46, 1.76, 2.18, 2.42, 2.44, 2.52, 2.6, 2.05, 2.03, 2.29, 2.61, 2.83, 2.92, 2.78, 2.51, 2.27, 1.94, 1.66, 1.78, 1.94, 2.1, 3.22, 4.01, 4.31, 4.22, 3.78, 3.58, 4.01], [6.82, 7.14, 7.27, 5.94, 4.45, 3.24, 3.06, 3.46, 2.88, 1.95, 2.14, 1.52, 1.61, 2.05, 2.68, 2.81, 3.09, 3.32, 3.52, 3.93, 4.36, 4.38, 3.87, 3.59, 3.87, 4.59, 5.16, 4.94, 4.29, 3.91, 3.66, 3.39, 3.61, 3.72, 3.66, 3.59, 3.74, 4.67, 6.14, 7.46, 7.41, 7.04, 7.58, 7.32, 6.29, 4.97, 3.59, 3.21, 3.52, 3.55, 4.09, 3.42, 1.55, 0, 0.94, 1.18, 1.29, 1.77, 2.53, 2.77, 3.25, 3.59, 3.51, 3.45, 3.05, 2.52, 2.22, 1.98, 2.16, 2.08, 2.27, 2.43, 2.36, 2.48, 2.73, 2.41, 2.41, 2.61, 2.83, 3.99, 4.84, 5.24, 5.19, 4.85, 4.77, 5.16], [7.28, 7.58, 7.73, 6.42, 4.81, 3.62, 3.42, 3.84, 3.12, 2.19, 2.0, 1.68, 2.03, 2.41, 3.14, 3.25, 3.57, 3.76, 4.0, 4.35, 4.82, 4.84, 4.43, 4.07, 4.35, 5.07, 5.6, 5.34, 4.81, 4.45, 4.18, 3.95, 4.09, 4.2, 4.22, 4.19, 4.337, 5.278, 6.754, 8.073, 8.044, 7.674, 8.22, 7.94, 6.906, 5.609, 4.23, 3.87, 4.1, 4.01, 4.61, 4.02, 2.11, 0.94, 0, 0.82, 1.35, 2.19, 3.09, 3.33, 3.85, 4.17, 4.03, 3.83, 3.41, 2.72, 2.16, 1.8, 1.66, 1.48, 1.71, 2.07, 2.52, 2.92, 3.17, 2.77, 2.73, 2.95, 3.29, 4.41, 5.4, 5.82, 5.75, 5.49, 5.37, 5.8], [7.44, 7.62, 7.85, 6.56, 4.91, 3.64, 3.46, 3.86, 3.14, 2.53, 2.44, 2.22, 2.45, 2.77, 3.46, 3.53, 3.79, 4.14, 4.46, 4.79, 5.3, 5.32, 4.77, 4.53, 4.79, 5.53, 5.98, 5.7, 5.19, 4.85, 4.52, 4.23, 4.43, 4.48, 4.56, 4.49, 4.62, 5.59, 7.06, 8.4, 8.35, 7.98, 8.52, 8.24, 7.23, 5.93, 4.53, 4.15, 4.3, 4.19, 4.77, 4.32, 2.41, 1.18, 0.82, 0, 1.45, 2.33, 3.19, 3.55, 4.17, 4.51, 4.41, 4.17, 3.75, 2.98, 2.44, 1.94, 1.6, 1.34, 1.69, 1.97, 2.54, 3.02, 3.29, 2.87, 2.75, 2.99, 3.33, 4.59, 5.6, 6.08, 6.09, 5.81, 5.67, 6.1], [6.21, 6.59, 6.74, 5.45, 4.14, 2.95, 2.77, 3.09, 2.41, 2.2, 2.29, 1.81, 1.82, 2.34, 2.97, 3.06, 3.34, 3.77, 4.21, 4.58, 4.99, 5.01, 4.64, 4.3, 4.46, 5.2, 5.87, 5.67, 4.96, 4.54, 4.23, 3.58, 3.54, 3.53, 3.41, 3.24, 3.33, 4.28, 5.69, 7.05, 7.0, 6.63, 7.15, 6.87, 5.88, 4.62, 3.2, 2.8, 2.95, 3.04, 3.72, 2.99, 1.44, 1.29, 1.35, 1.45, 0, 1.2, 2.02, 2.32, 2.98, 3.28, 3.18, 2.92, 2.56, 2.05, 1.69, 1.49, 1.63, 1.73, 1.94, 1.84, 2.09, 2.05, 2.18, 1.96, 2.02, 2.2, 2.42, 3.72, 4.57, 4.91, 4.86, 4.56, 4.38, 4.79], [5.25, 5.65, 5.78, 4.45, 3.2, 2.21, 2.09, 2.35, 1.61, 1.88, 2.31, 1.79, 1.46, 1.74, 2.49, 2.64, 3.06, 3.59, 4.19, 4.56, 4.93, 4.95, 4.62, 4.26, 4.3, 5.12, 5.87, 5.63, 4.82, 4.42, 4.07, 3.48, 3.4, 3.33, 2.83, 2.48, 2.43, 3.36, 4.89, 6.27, 6.22, 5.85, 6.35, 5.99, 5.06, 3.82, 2.48, 2.2, 2.31, 2.4, 3.04, 2.25, 1.34, 1.77, 2.19, 2.33, 1.2, 0, 1.06, 1.48, 2.06, 2.32, 2.28, 2.18, 2.14, 1.57, 1.43, 1.55, 1.91, 2.25, 2.46, 2.06, 1.75, 1.59, 1.36, 1.16, 1.34, 1.46, 1.7, 2.92, 3.73, 4.07, 3.98, 3.72, 3.52, 3.99], [4.43, 4.91, 4.98, 3.81, 2.52, 1.67, 1.99, 2.05, 1.73, 2.26, 2.75, 2.37, 1.8, 1.8, 1.95, 2.14, 2.46, 3.57, 4.29, 4.616, 4.95, 4.97, 4.72, 4.34, 4.1, 5.04, 6.07, 5.81, 4.86, 4.4, 4.19, 3.18, 2.88, 2.83, 2.27, 1.78, 1.73, 2.7, 4.13, 5.51, 5.46, 5.09, 5.59, 5.23, 4.3, 3.04, 1.96, 1.86, 1.89, 2.3, 2.76, 1.75, 1.46, 2.53, 3.09, 3.19, 2.02, 1.06, 0, 0.86, 1.64, 1.74, 1.64, 1.84, 1.94, 1.79, 1.87, 2.03, 2.57, 3.05, 3.28, 2.78, 2.11, 1.67, 1.12, 1.0, 1.28, 1.16, 1.24, 2.38, 3.09, 3.43, 3.26, 2.94, 2.74, 3.25], [4.23, 4.71, 4.82, 3.59, 2.32, 1.59, 1.81, 1.75, 1.77, 2.28, 2.85, 2.55, 1.88, 1.9, 1.93, 2.22, 2.6, 3.51, 4.27, 4.639, 4.87, 4.87, 4.66, 4.26, 4.06, 4.98, 6.01, 5.71, 4.74, 4.3, 4.07, 3.02, 2.82, 2.79, 1.91, 1.44, 1.45, 2.38, 3.63, 5.01, 4.96, 4.59, 5.11, 4.75, 3.8, 2.54, 1.6, 1.52, 1.69, 2.12, 2.52, 1.13, 1.76, 2.77, 3.33, 3.55, 2.32, 1.48, 0.86, 0, 1.1, 1.26, 1.44, 1.48, 1.6, 1.69, 2.01, 2.23, 2.79, 3.31, 3.62, 3.14, 2.33, 1.79, 1.32, 1.3, 1.48, 1.32, 1.12, 2.06, 2.75, 2.99, 2.8, 2.5, 2.24, 2.79], [4.05, 4.39, 4.52, 3.39, 2.28, 1.93, 1.95, 1.77, 1.93, 2.44, 3.05, 2.81, 2.38, 2.26, 2.67, 2.88, 3.2, 3.91, 4.69, 4.74, 4.97, 4.89, 4.68, 4.28, 4.22, 5.06, 6.03, 5.75, 4.82, 4.42, 4.19, 3.22, 3.14, 3.21, 2.33, 1.64, 1.65, 2.22, 3.07, 4.39, 4.34, 3.97, 4.63, 4.25, 3.22, 2.06, 1.4, 1.2, 1.31, 1.88, 2.42, 1.19, 2.18, 3.25, 3.85, 4.17, 2.98, 2.06, 1.64, 1.1, 0, 0.76, 1.3, 1.34, 1.24, 1.33, 2.01, 2.57, 3.29, 3.93, 4.22, 3.7, 2.73, 2.07, 1.82, 1.88, 2.1, 1.84, 1.36, 1.62, 2.39, 2.59, 2.44, 2.16, 1.72, 2.33], [3.97, 4.37, 4.5, 3.43, 2.44, 2.15, 2.09, 1.89, 2.15, 2.652, 3.27, 3.07, 2.591, 2.6, 2.87, 3.04, 3.24, 4.07, 4.81, 5.02, 5.01, 5.01, 4.74, 4.34, 4.28, 5.12, 6.03, 5.77, 4.9, 4.5, 4.23, 3.2, 3.16, 3.25, 2.39, 1.78, 1.79, 2.14, 2.89, 4.15, 4.14, 3.83, 4.43, 3.99, 3.0, 1.96, 1.24, 1.16, 1.35, 1.84, 2.28, 1.27, 2.42, 3.59, 4.17, 4.51, 3.28, 2.32, 1.74, 1.26, 0.76, 0, 0.86, 1.02, 1.26, 1.65, 2.27, 2.85, 3.61, 4.23, 4.52, 4.0, 2.99, 2.21, 2.04, 2.08, 2.16, 2.04, 1.52, 1.82, 2.45, 2.67, 2.34, 2.06, 1.6, 2.23], [4.05, 4.53, 4.64, 3.47, 2.72, 2.33, 2.51, 2.33, 2.31, 2.7, 3.15, 2.95, 2.554, 2.64, 2.93, 3.14, 3.36, 4.29, 4.89, 5.136, 5.21, 5.17, 4.92, 4.6, 4.42, 5.32, 6.29, 6.01, 5.18, 4.7, 4.47, 3.4, 3.18, 3.27, 2.57, 2.1, 1.97, 2.34, 3.15, 4.25, 4.26, 3.95, 4.51, 4.09, 3.16, 2.2, 1.54, 1.52, 1.51, 1.78, 2.12, 1.61, 2.44, 3.51, 4.03, 4.41, 3.18, 2.28, 1.64, 1.44, 1.3, 0.86, 0, 0.68, 1.28, 1.75, 2.27, 2.73, 3.57, 4.19, 4.42, 3.98, 3.03, 2.35, 1.98, 2.12, 2.1, 2.0, 1.66, 1.92, 2.51, 2.77, 2.56, 2.42, 1.74, 2.41], [4.19, 4.61, 4.74, 3.49, 2.74, 2.39, 2.45, 2.21, 2.11, 2.6, 2.97, 2.83, 2.5, 2.66, 2.97, 3.36, 3.62, 4.49, 4.99, 5.239, 5.41, 5.35, 5.06, 4.74, 4.7, 5.52, 6.51, 6.25, 5.4, 4.92, 4.69, 3.6, 3.44, 3.47, 2.89, 2.32, 2.11, 2.54, 3.33, 4.426, 4.42, 4.15, 4.73, 4.33, 3.36, 2.34, 1.48, 1.48, 1.49, 1.52, 2.04, 1.63, 2.52, 3.45, 3.83, 4.17, 2.92, 2.18, 1.84, 1.48, 1.34, 1.02, 0.68, 0, 0.96, 1.57, 2.11, 2.53, 3.35, 3.99, 4.22, 3.76, 2.85, 2.19, 1.92, 2.08, 2.0, 2.02, 1.72, 1.88, 2.53, 2.79, 2.78, 2.66, 1.88, 2.59], [4.41, 4.75, 4.9, 3.73, 2.88, 2.37, 2.47, 2.23, 2.13, 2.44, 2.85, 2.55, 2.28, 2.64, 3.19, 3.48, 3.66, 4.55, 5.13, 5.24, 5.53, 5.49, 5.14, 4.84, 4.94, 5.74, 6.59, 6.37, 5.58, 5.12, 4.85, 3.78, 3.72, 3.73, 2.87, 2.3, 2.25, 2.9, 3.63, 4.786, 4.7, 4.33, 4.87, 4.59, 3.62, 2.44, 1.38, 1.3, 1.27, 1.66, 2.24, 1.65, 2.6, 3.05, 3.41, 3.75, 2.56, 2.14, 1.94, 1.6, 1.24, 1.26, 1.28, 0.96, 0, 1.17, 1.85, 2.19, 3.01, 3.65, 3.84, 3.42, 2.49, 1.97, 1.98, 2.08, 2.08, 2.02, 1.8, 2.06, 2.67, 2.89, 2.88, 2.7, 2.02, 2.61], [4.98, 5.24, 5.39, 4.2, 2.97, 2.34, 2.26, 2.22, 1.66, 1.61, 2.0, 1.82, 1.89, 2.11, 3.06, 3.47, 3.91, 4.42, 4.96, 5.25, 5.54, 5.52, 5.15, 4.87, 4.93, 5.75, 6.46, 6.28, 5.51, 5.15, 4.82, 3.97, 3.89, 3.96, 3.1, 2.47, 2.48, 3.13, 4.22, 5.568, 5.547, 5.18, 5.78, 5.42, 4.39, 3.15, 1.97, 1.63, 1.76, 1.87, 2.83, 2.02, 2.05, 2.52, 2.72, 2.98, 2.05, 1.57, 1.79, 1.69, 1.33, 1.65, 1.75, 1.57, 1.17, 0, 0.9, 1.38, 2.1, 2.74, 3.03, 2.59, 1.98, 1.84, 1.91, 1.81, 1.87, 1.79, 1.53, 2.35, 3.16, 3.54, 3.49, 3.27, 2.89, 3.46], [5.68, 5.96, 6.11, 4.82, 3.35, 2.56, 2.48, 2.54, 1.96, 1.61, 1.54, 1.48, 1.73, 1.95, 3.04, 3.57, 4.03, 4.4, 4.88, 5.27, 5.58, 5.54, 5.19, 4.89, 4.95, 5.79, 6.46, 6.28, 5.53, 5.17, 4.86, 4.07, 4.09, 4.1, 3.54, 2.99, 2.8, 3.57, 5.0, 6.36, 6.33, 5.96, 6.58, 6.18, 5.15, 3.93, 2.71, 2.37, 2.52, 2.47, 3.27, 2.54, 2.03, 2.22, 2.16, 2.44, 1.69, 1.43, 1.87, 2.01, 2.01, 2.27, 2.27, 2.11, 1.85, 0.9, 0, 0.84, 1.46, 2.12, 2.41, 2.07, 1.96, 2.1, 2.07, 1.87, 1.89, 1.73, 1.81, 2.95, 3.94, 4.36, 4.31, 3.95, 3.65, 4.24], [6.04, 6.24, 6.45, 5.16, 3.49, 2.54, 2.46, 2.5, 2.04, 1.65, 1.64, 1.52, 1.89, 2.15, 3.24, 3.73, 4.23, 4.62, 5.0, 5.39, 5.82, 5.82, 5.47, 5.11, 5.25, 6.03, 6.64, 6.4, 5.79, 5.41, 5.12, 4.35, 4.31, 4.3, 3.8, 3.31, 3.2, 4.17, 5.52, 6.868, 6.832, 6.465, 6.98, 6.68, 5.663, 4.43, 3.13, 2.77, 2.86, 2.83, 3.53, 2.86, 2.29, 1.98, 1.8, 1.94, 1.49, 1.55, 2.03, 2.23, 2.57, 2.85, 2.73, 2.53, 2.19, 1.38, 0.84, 0, 0.96, 1.48, 1.77, 1.53, 1.62, 2.16, 2.21, 1.93, 1.73, 1.61, 1.91, 3.11, 4.18, 4.7, 4.65, 4.35, 4.13, 4.66], [6.76, 6.94, 7.15, 5.88, 4.19, 3.18, 3.04, 3.14, 2.6, 2.25, 2.1, 2.06, 2.45, 2.71, 3.66, 4.07, 4.49, 4.86, 5.34, 5.71, 6.18, 6.2, 5.81, 5.45, 5.57, 6.37, 6.9, 6.68, 6.07, 5.73, 5.4, 4.77, 4.71, 4.64, 4.28, 3.81, 3.86, 4.85, 6.3, 7.665, 7.615, 7.26, 7.751, 7.42, 6.461, 5.21, 3.87, 3.53, 3.56, 3.57, 4.11, 3.54, 2.61, 2.16, 1.66, 1.6, 1.63, 1.91, 2.57, 2.79, 3.29, 3.61, 3.57, 3.35, 3.01, 2.1, 1.46, 0.96, 0, 0.98, 1.35, 1.41, 1.94, 2.76, 2.87, 2.39, 2.21, 2.21, 2.63, 3.91, 4.96, 5.42, 5.39, 5.09, 4.91, 5.4], [7.22, 7.34, 7.67, 6.36, 4.61, 3.48, 3.2, 3.54, 2.94, 2.65, 2.48, 2.5, 2.77, 3.11, 3.96, 4.23, 4.61, 4.9, 5.28, 5.65, 6.18, 6.2, 5.73, 5.39, 5.55, 6.37, 6.72, 6.5, 5.97, 5.71, 5.38, 4.97, 4.89, 4.8, 4.6, 4.33, 4.42, 5.45, 6.94, 8.305, 8.255, 7.885, 8.4, 8.04, 7.101, 5.832, 4.49, 4.11, 4.2, 4.19, 4.75, 4.14, 2.83, 2.08, 1.48, 1.34, 1.73, 2.25, 3.05, 3.31, 3.93, 4.23, 4.19, 3.99, 3.65, 2.74, 2.12, 1.48, 0.98, 0, 0.95, 1.13, 2.0, 2.94, 3.17, 2.69, 2.41, 2.57, 3.17, 4.39, 5.54, 6.04, 5.97, 5.71, 5.55, 6.04], [7.33, 7.49, 7.86, 6.57, 4.72, 3.59, 3.33, 3.61, 3.11, 2.92, 2.71, 2.71, 3.04, 3.34, 4.23, 4.46, 4.8, 5.23, 5.57, 5.98, 6.45, 6.47, 6.08, 5.7, 5.88, 6.64, 7.13, 6.87, 6.36, 5.98, 5.67, 5.12, 5.08, 5.03, 4.85, 4.56, 4.65, 5.7, 7.11, 8.475, 8.439, 8.07, 8.57, 8.27, 7.271, 6.02, 4.64, 4.28, 4.39, 4.34, 4.94, 4.35, 2.92, 2.27, 1.71, 1.69, 1.94, 2.46, 3.28, 3.62, 4.22, 4.52, 4.42, 4.22, 3.84, 3.03, 2.41, 1.77, 1.35, 0.95, 0, 0.96, 1.95, 2.93, 3.24, 2.82, 2.58, 2.7, 3.4, 4.5, 5.69, 6.21, 6.16, 5.9, 5.72, 6.21], [6.79, 6.95, 7.32, 6.03, 4.16, 2.97, 2.77, 3.17, 2.47, 2.48, 2.39, 2.35, 2.56, 2.86, 3.75, 4.12, 4.52, 5.13, 5.63, 6.02, 6.43, 6.43, 6.08, 5.72, 5.78, 6.62, 7.25, 7.05, 6.32, 5.98, 5.65, 4.92, 4.88, 4.85, 4.49, 4.16, 4.21, 5.14, 6.69, 8.07, 8.02, 7.65, 8.15, 7.79, 6.86, 5.599, 4.26, 3.84, 3.97, 3.92, 4.52, 3.89, 2.78, 2.43, 2.07, 1.97, 1.84, 2.06, 2.78, 3.14, 3.7, 4.0, 3.98, 3.76, 3.42, 2.59, 2.07, 1.53, 1.41, 1.13, 0.96, 0, 1.31, 2.37, 2.64, 2.36, 2.04, 2.24, 2.94, 4.06, 5.27, 5.79, 5.74, 5.48, 5.3, 5.789], [5.56, 5.74, 6.09, 4.82, 2.93, 1.86, 1.6, 2.02, 1.6, 1.81, 2.16, 2.14, 2.11, 2.39, 3.34, 3.73, 4.11, 4.98, 5.52, 5.93, 6.28, 6.26, 5.89, 5.61, 5.61, 6.47, 7.16, 6.96, 6.21, 5.83, 5.5, 4.69, 4.59, 4.54, 3.82, 3.35, 3.54, 4.41, 5.62, 6.98, 6.93, 6.56, 7.06, 6.7, 5.77, 4.51, 3.33, 2.89, 2.88, 2.93, 3.37, 2.84, 2.51, 2.36, 2.52, 2.54, 2.09, 1.75, 2.11, 2.33, 2.73, 2.99, 3.03, 2.85, 2.49, 1.98, 1.96, 1.62, 1.94, 2.0, 1.95, 1.31, 0, 1.12, 1.63, 1.51, 1.35, 1.39, 1.89, 2.99, 4.2, 4.7, 4.67, 4.45, 4.23, 4.72], [4.56, 4.92, 5.23, 3.9, 2.23, 1.48, 1.28, 1.72, 1.52, 2.01, 2.74, 2.32, 1.89, 2.07, 2.88, 3.21, 3.51, 4.56, 5.12, 5.55, 5.88, 5.84, 5.47, 5.19, 5.19, 6.05, 6.8, 6.6, 5.81, 5.43, 5.08, 4.23, 4.13, 4.08, 3.32, 2.81, 2.96, 3.83, 4.86, 6.16, 6.13, 5.74, 6.18, 5.8, 4.89, 3.71, 2.61, 2.19, 2.18, 2.35, 2.77, 2.14, 2.27, 2.48, 2.92, 3.02, 2.05, 1.59, 1.67, 1.79, 2.07, 2.21, 2.35, 2.19, 1.97, 1.84, 2.1, 2.16, 2.76, 2.94, 2.93, 2.37, 1.12, 0, 1.03, 1.11, 1.43, 1.49, 1.59, 2.35, 3.38, 3.88, 3.81, 3.65, 3.47, 3.98], [4.41, 4.79, 5.08, 3.73, 2.12, 1.29, 1.55, 1.69, 1.43, 2.1, 2.79, 2.49, 1.84, 1.92, 2.47, 2.76, 3.1, 4.21, 4.83, 5.239, 5.59, 5.57, 5.28, 4.9, 4.8, 5.72, 6.67, 6.41, 5.5, 5.06, 4.81, 3.82, 3.66, 3.57, 2.91, 2.38, 2.33, 3.18, 4.53, 5.898, 5.848, 5.458, 5.963, 5.615, 4.7, 3.44, 2.32, 1.98, 2.09, 2.28, 2.66, 1.83, 1.94, 2.73, 3.17, 3.29, 2.18, 1.36, 1.12, 1.32, 1.82, 2.04, 1.98, 1.92, 1.98, 1.91, 2.07, 2.21, 2.87, 3.17, 3.24, 2.64, 1.63, 1.03, 0, 0.86, 1.26, 1.06, 1.24, 2.26, 3.21, 3.65, 3.58, 3.36, 3.16, 3.63], [4.63, 4.91, 5.12, 3.91, 2.3, 1.39, 1.41, 1.59, 1.27, 2.04, 2.63, 2.33, 1.74, 1.7, 2.19, 2.52, 2.82, 3.91, 4.55, 4.9, 5.25, 5.23, 4.92, 4.56, 4.52, 5.4, 6.31, 6.05, 5.18, 4.78, 4.47, 3.58, 3.44, 3.37, 2.73, 2.3, 2.35, 3.32, 4.71, 6.078, 6.028, 5.638, 6.143, 5.795, 4.853, 3.605, 2.44, 2.06, 2.19, 2.36, 2.9, 2.05, 1.66, 2.41, 2.77, 2.87, 1.96, 1.16, 1.0, 1.3, 1.88, 2.08, 2.12, 2.08, 2.08, 1.81, 1.87, 1.93, 2.39, 2.69, 2.82, 2.36, 1.51, 1.11, 0.86, 0, 0.86, 0.84, 1.26, 2.2, 3.29, 3.79, 3.74, 3.52, 3.32, 3.81], [4.95, 5.09, 5.4, 4.11, 2.48, 1.53, 1.59, 1.65, 1.21, 1.94, 2.53, 2.37, 1.8, 1.9, 2.29, 2.68, 3.06, 4.11, 4.71, 5.119, 5.47, 5.45, 5.16, 4.8, 4.72, 5.62, 6.55, 6.31, 5.42, 4.98, 4.69, 3.7, 3.56, 3.51, 2.91, 2.44, 2.55, 3.48, 4.846, 6.201, 6.151, 5.741, 6.246, 5.898, 4.956, 3.728, 2.52, 2.2, 2.29, 2.34, 2.88, 2.13, 1.78, 2.41, 2.73, 2.75, 2.02, 1.34, 1.28, 1.48, 2.1, 2.16, 2.1, 2.0, 2.08, 1.87, 1.89, 1.73, 2.21, 2.41, 2.58, 2.04, 1.35, 1.43, 1.26, 0.86, 0, 0.74, 1.28, 2.22, 3.37, 3.87, 3.86, 3.68, 3.46, 3.938], [4.81, 4.93, 5.24, 3.99, 2.32, 1.41, 1.31, 1.21, 1.19, 1.78, 2.41, 2.27, 1.76, 1.7, 2.39, 2.82, 3.22, 4.19, 4.73, 5.139, 5.49, 5.47, 5.14, 4.8, 4.8, 5.68, 6.55, 6.33, 5.48, 5.06, 4.81, 3.84, 3.72, 3.61, 3.01, 2.4, 2.39, 3.38, 4.69, 6.041, 6.005, 5.618, 6.112, 5.798, 4.802, 3.548, 2.44, 2.02, 2.11, 2.34, 2.76, 1.99, 1.94, 2.61, 2.95,