[[0, 0.7, 0.95, 0.97, 1.11, 1.69, 1.82, 1.35, 1.15, 1.46, 1.8, 1.47, 1.14, 1.72, 3.23, 3.58, 3.27, 3.66, 3.62, 3.57, 3.56, 4.39, 5.74, 6.17, 6.21, 5.89, 5.86, 5.53, 5.13, 4.711, 3.83, 2.39, 2.7, 2.87, 3.13, 3.48, 3.64, 3.87, 4.72, 4.96, 5.685, 5.909, 5.619, 5.577, 6.26, 5.9, 4.85, 3.68, 2.27, 1.89, 2.28, 2.85, 2.95, 2.76, 2.71, 3.13, 3.46, 4.45, 5.22, 5.14, 4.53, 4.31, 4.66, 4.8, 5.29, 5.46, 6.16, 6.36, 6.26, 6.73, 6.94, 6.78, 6.44, 7.14, 7.38, 6.78, 6.13, 5.45, 5.58, 6.25, 6.39, 6.39, 6.21, 5.37, 4.66, 4.59], [0.7, 0, 0.79, 0.97, 1.29, 1.83, 1.92, 1.31, 1.49, 1.9, 2.24, 1.95, 1.44, 1.7, 3.07, 3.4, 3.11, 3.54, 3.5, 3.61, 3.66, 4.47, 5.68, 6.1, 6.163, 5.87, 5.96, 5.61, 4.994, 4.257, 3.45, 2.35, 2.72, 2.83, 3.05, 3.38, 3.54, 3.83, 4.68, 4.86, 5.431, 5.698, 5.411, 5.334, 5.973, 5.58, 4.53, 3.38, 2.31, 2.39, 2.8, 3.45, 3.55, 3.28, 3.29, 3.63, 3.96, 4.91, 5.6, 5.36, 4.87, 4.59, 4.9, 5.06, 5.49, 5.64, 6.26, 6.48, 6.48, 6.95, 7.16, 7.0, 6.64, 7.32, 7.6, 7.02, 6.37, 5.73, 6.06, 6.81, 6.81, 6.71, 6.47, 5.63, 4.96, 4.91], [0.95, 0.79, 0, 0.66, 1.34, 2.1, 2.31, 1.52, 1.42, 1.89, 2.21, 1.96, 1.41, 1.59, 2.88, 3.01, 2.7, 3.19, 3.31, 3.34, 3.37, 4.14, 5.29, 5.65, 5.8, 5.58, 5.63, 5.3, 4.576, 3.944, 3.18, 1.98, 2.39, 2.44, 2.6, 2.85, 3.05, 3.46, 4.35, 4.37, 4.985, 5.248, 4.921, 4.887, 5.557, 5.25, 4.22, 3.03, 2.04, 2.56, 3.01, 3.54, 3.64, 3.39, 3.4, 3.74, 4.01, 5.0, 5.67, 5.41, 4.86, 4.52, 4.77, 5.13, 5.28, 5.39, 5.95, 6.15, 6.21, 6.68, 6.89, 6.73, 6.37, 7.03, 7.33, 6.85, 6.34, 5.76, 6.13, 6.88, 6.9, 6.78, 6.48, 5.58, 4.99, 5.02], [0.97, 0.97, 0.66, 0, 1.16, 2.12, 2.37, 1.42, 1.32, 1.81, 2.05, 1.8, 1.25, 1.49, 2.86, 3.07, 2.7, 3.15, 3.33, 3.3, 3.41, 4.08, 5.21, 5.56, 5.72, 5.5, 5.55, 5.22, 4.556, 4.124, 3.34, 2.04, 2.39, 2.44, 2.58, 2.83, 3.01, 3.42, 4.35, 4.35, 5.025, 5.185, 4.88, 4.92, 5.65, 5.41, 4.3, 3.13, 2.18, 2.48, 2.93, 3.46, 3.56, 3.31, 3.3, 3.56, 3.79, 4.88, 5.55, 5.35, 4.74, 4.46, 4.87, 5.09, 5.36, 5.45, 5.97, 6.11, 6.23, 6.7, 6.89, 6.73, 6.35, 7.03, 7.35, 6.87, 6.36, 5.68, 5.95, 6.68, 6.76, 6.7, 6.4, 5.54, 4.93, 4.96], [1.11, 1.29, 1.34, 1.16, 0, 1.46, 1.79, 1.22, 1.14, 1.37, 1.51, 1.44, 1.25, 1.89, 3.3, 3.6, 3.3, 3.71, 3.79, 3.8, 3.87, 4.7, 5.85, 6.253, 6.339, 6.14, 6.19, 5.871, 5.187, 4.787, 4.254, 2.62, 2.95, 3.0, 3.22, 3.61, 3.77, 4.04, 4.93, 5.05, 5.667, 5.914, 5.627, 5.66, 6.334, 6.09, 4.98, 3.79, 2.52, 2.18, 2.25, 2.7, 2.78, 2.79, 2.92, 3.12, 3.63, 4.78, 5.55, 5.49, 4.88, 4.64, 4.99, 5.15, 5.56, 5.69, 6.446, 6.666, 6.55, 7.02, 7.23, 7.07, 6.79, 7.49, 7.67, 7.11, 6.52, 5.84, 5.89, 6.42, 6.62, 6.74, 6.6, 5.7, 4.99, 4.9], [1.69, 1.83, 2.1, 2.12, 1.46, 0, 0.97, 1.42, 1.94, 1.99, 2.17, 2.14, 2.19, 2.79, 4.28, 4.67, 4.44, 4.95, 4.65, 4.68, 4.69, 5.5, 7.03, 7.43, 7.44, 7.04, 6.921, 6.631, 6.407, 5.671, 4.935, 3.62, 3.75, 3.96, 4.26, 4.717, 4.934, 5.08, 5.883, 6.181, 6.884, 7.134, 6.864, 6.737, 7.438, 6.957, 5.933, 4.75, 3.42, 2.68, 2.57, 3.06, 3.12, 3.33, 3.54, 3.8, 4.29, 5.42, 6.25, 6.23, 5.62, 5.4, 5.77, 5.93, 6.38, 6.49, 7.229, 7.389, 7.31, 7.78, 7.97, 7.81, 7.53, 8.23, 8.43, 7.87, 7.24, 6.56, 6.43, 6.92, 7.2, 7.44, 7.32, 6.46, 5.77, 5.64], [1.82, 1.92, 2.31, 2.37, 1.79, 0.97, 0, 1.47, 2.15, 2.3, 2.42, 2.45, 2.5, 2.94, 4.41, 4.84, 4.65, 5.12, 4.8, 4.77, 5.0, 5.75, 7.25, 7.59, 7.59, 7.17, 7.016, 6.684, 6.56, 5.868, 4.868, 3.81, 3.96, 4.11, 4.43, 4.91, 5.127, 5.226, 6.016, 6.37, 7.074, 7.344, 7.074, 6.951, 7.618, 7.141, 6.065, 4.898, 3.63, 2.95, 2.8, 3.27, 3.37, 3.5, 3.73, 4.03, 4.48, 5.61, 6.42, 6.42, 5.79, 5.61, 5.96, 6.08, 6.587, 6.717, 7.339, 7.539, 7.534, 8.004, 8.211, 8.051, 7.708, 8.368, 8.654, 8.08, 7.41, 6.75, 6.64, 7.13, 7.43, 7.61, 7.51, 6.67, 5.96, 5.81], [1.35, 1.31, 1.52, 1.42, 1.22, 1.42, 1.47, 0, 1.3, 1.61, 1.93, 1.82, 1.63, 1.81, 3.16, 3.55, 3.36, 3.79, 3.67, 3.92, 4.25, 4.84, 6.01, 6.38, 6.4, 6.08, 6.189, 5.819, 5.23, 4.733, 3.993, 2.6, 2.93, 2.9, 3.28, 3.68, 3.91, 4.02, 4.832, 5.12, 5.791, 6.138, 5.831, 5.793, 6.423, 6.03, 4.96, 3.71, 2.86, 2.54, 2.67, 3.18, 3.24, 3.29, 3.38, 3.66, 4.07, 5.2, 5.99, 5.85, 5.18, 4.96, 5.29, 5.47, 5.82, 5.987, 6.655, 6.852, 6.824, 7.311, 7.527, 7.361, 7.058, 7.755, 7.944, 7.45, 6.86, 6.2, 6.27, 6.88, 7.06, 7.16, 6.92, 6.02, 5.23, 5.14], [1.15, 1.49, 1.42, 1.32, 1.14, 1.94, 2.15, 1.3, 0, 0.89, 1.13, 1.06, 0.89, 1.45, 2.84, 3.35, 2.88, 3.37, 3.43, 3.32, 3.47, 4.16, 5.53, 5.92, 5.96, 5.58, 5.53, 5.214, 4.85, 4.686, 4.209, 2.34, 2.39, 2.6, 2.98, 3.37, 3.43, 3.62, 4.389, 4.72, 5.451, 5.561, 5.331, 5.247, 6.017, 5.71, 4.68, 3.43, 2.06, 1.8, 2.19, 2.62, 2.74, 2.65, 2.64, 2.92, 3.29, 4.36, 5.15, 4.99, 4.28, 4.06, 4.39, 4.61, 4.94, 5.161, 5.83, 5.989, 6.004, 6.491, 6.701, 6.541, 6.198, 6.875, 7.124, 6.51, 5.98, 5.34, 5.51, 6.14, 6.3, 6.36, 6.02, 5.18, 4.43, 4.36], [1.46, 1.9, 1.89, 1.81, 1.37, 1.99, 2.3, 1.61, 0.89, 0, 0.68, 0.73, 1.02, 1.76, 3.17, 3.72, 3.31, 3.7, 3.66, 3.51, 3.56, 4.31, 5.82, 6.17, 6.17, 5.79, 5.52, 5.224, 5.2, 5.276, 4.819, 2.73, 2.62, 2.87, 3.37, 3.74, 3.74, 3.87, 4.6, 5.01, 5.941, 5.988, 5.761, 5.723, 6.507, 6.3, 5.39, 4.1, 2.25, 1.45, 1.68, 2.07, 2.11, 2.08, 2.05, 2.29, 2.68, 3.77, 4.56, 4.42, 3.81, 3.55, 3.92, 4.1, 4.47, 4.811, 5.754, 5.934, 5.468, 5.978, 6.151, 6.011, 5.865, 6.542, 6.554, 6.02, 5.45, 4.77, 4.9, 5.47, 5.67, 5.75, 5.53, 4.63, 3.96, 3.87], [1.8, 2.24, 2.21, 2.05, 1.51, 2.17, 2.42, 1.93, 1.13, 0.68, 0, 0.67, 1.14, 1.88, 3.25, 3.88, 3.49, 3.78, 3.88, 3.59, 3.66, 4.35, 5.82, 6.17, 6.17, 5.75, 5.32, 5.05, 5.23, 5.556, 5.099, 3.03, 2.72, 3.07, 3.59, 3.94, 3.86, 4.07, 4.74, 5.28, 6.121, 6.148, 5.958, 5.988, 6.76, 6.62, 5.69, 4.42, 2.45, 1.57, 1.84, 2.01, 2.17, 1.9, 1.91, 2.09, 2.44, 3.63, 4.36, 4.24, 3.71, 3.43, 3.8, 3.94, 4.29, 4.608, 5.554, 5.734, 5.408, 5.93, 6.08, 5.911, 5.725, 6.425, 6.471, 5.84, 5.29, 4.63, 4.74, 5.37, 5.47, 5.51, 5.33, 4.47, 3.86, 3.79], [1.47, 1.95, 1.96, 1.8, 1.44, 2.14, 2.45, 1.82, 1.06, 0.73, 0.67, 0, 0.79, 1.55, 3.0, 3.69, 3.36, 3.63, 3.59, 3.36, 3.27, 4.0, 5.51, 5.9, 5.9, 5.48, 5.19, 4.874, 4.93, 5.302, 4.854, 2.62, 2.37, 2.74, 3.2, 3.49, 3.61, 3.66, 4.37, 4.99, 5.914, 5.947, 5.771, 5.761, 6.614, 6.45, 5.54, 4.25, 2.22, 1.4, 1.55, 1.92, 1.96, 1.77, 1.76, 2.02, 2.39, 3.52, 4.25, 4.13, 3.52, 3.3, 3.69, 3.85, 4.3, 4.598, 5.444, 5.606, 5.398, 5.908, 6.058, 5.898, 5.715, 6.415, 6.441, 5.75, 5.16, 4.48, 4.55, 5.28, 5.38, 5.44, 5.24, 4.36, 3.73, 3.64], [1.14, 1.44, 1.41, 1.25, 1.25, 2.19, 2.5, 1.63, 0.89, 1.02, 1.14, 0.79, 0, 1.18, 2.69, 3.22, 2.85, 3.2, 3.26, 3.19, 3.06, 3.83, 5.16, 5.57, 5.63, 5.31, 5.18, 4.864, 4.56, 4.672, 4.184, 2.11, 2.22, 2.43, 2.75, 3.04, 3.16, 3.33, 4.16, 4.44, 5.307, 5.38, 5.15, 5.22, 6.06, 5.84, 4.89, 3.64, 1.85, 1.71, 2.1, 2.57, 2.59, 2.36, 2.39, 2.59, 2.92, 3.95, 4.64, 4.5, 3.93, 3.61, 4.04, 4.26, 4.59, 4.791, 5.522, 5.682, 5.551, 6.041, 6.251, 6.091, 5.825, 6.525, 6.654, 6.06, 5.51, 4.87, 5.1, 5.85, 5.91, 5.81, 5.57, 4.71, 4.1, 4.11], [1.72, 1.7, 1.59, 1.49, 1.89, 2.79, 2.94, 1.81, 1.45, 1.76, 1.88, 1.55, 1.18, 0, 1.75, 2.42, 2.33, 2.62, 2.5, 2.57, 2.78, 3.25, 4.48, 4.79, 4.81, 4.49, 4.54, 4.19, 3.81, 4.17, 3.71, 1.75, 1.78, 1.85, 2.29, 2.6, 3.0, 2.79, 3.58, 4.12, 4.86, 5.03, 4.88, 4.95, 5.8, 5.62, 4.69, 3.42, 2.13, 2.23, 2.56, 3.03, 3.07, 2.7, 2.63, 2.85, 3.24, 4.23, 4.78, 4.56, 4.07, 3.71, 4.04, 4.24, 4.37, 4.451, 5.06, 5.165, 5.234, 5.721, 5.931, 5.771, 5.448, 6.108, 6.354, 5.96, 5.47, 4.91, 5.46, 6.31, 6.21, 5.93, 5.51, 4.69, 4.24, 4.35], [3.23, 3.07, 2.88, 2.86, 3.3, 4.28, 4.41, 3.16, 2.84, 3.17, 3.25, 3.0, 2.69, 1.75, 0, 1.29, 1.52, 1.63, 1.35, 1.64, 2.11, 2.46, 3.55, 3.62, 3.58, 3.32, 3.55, 3.22, 2.7, 3.3, 3.14, 1.8, 1.69, 1.46, 1.94, 2.09, 2.41, 2.12, 2.89, 3.33, 3.93, 4.12, 4.07, 4.14, 4.93, 4.79, 3.92, 2.77, 2.42, 3.26, 3.93, 4.16, 4.1, 3.75, 3.56, 3.86, 4.29, 5.18, 5.41, 4.91, 4.5, 4.22, 4.27, 4.29, 4.06, 3.69, 4.01, 4.17, 4.49, 5.06, 5.31, 4.987, 4.57, 5.264, 5.69, 5.85, 5.44, 5.22, 6.35, 7.3, 7.16, 6.44, 5.64, 4.96, 4.73, 5.14], [3.58, 3.4, 3.01, 3.07, 3.6, 4.67, 4.84, 3.55, 3.35, 3.72, 3.88, 3.69, 3.22, 2.42, 1.29, 0, 0.89, 0.92, 1.28, 1.79, 2.14, 2.57, 2.92, 3.21, 3.39, 3.37, 3.68, 3.39, 2.19, 2.25, 2.31, 1.57, 2.28, 1.83, 1.75, 1.68, 1.9, 1.83, 2.6, 2.54, 2.92, 3.23, 3.16, 3.25, 3.98, 3.86, 2.97, 1.98, 2.43, 3.85, 4.66, 5.21, 5.27, 4.86, 4.67, 5.05, 5.46, 6.35, 6.58, 5.98, 5.59, 5.21, 5.32, 5.18, 4.45, 4.02, 4.2, 4.32, 4.78, 5.43, 5.66, 5.26, 4.8, 5.5, 6.0, 6.4, 6.19, 6.29, 7.516, 8.466, 8.33, 7.61, 6.53, 6.01, 5.86, 6.27], [3.27, 3.11, 2.7, 2.7, 3.3, 4.44, 4.65, 3.36, 2.88, 3.31, 3.49, 3.36, 2.85, 2.33, 1.52, 0.89, 0, 1.01, 1.49, 1.78, 2.03, 2.28, 2.95, 3.24, 3.38, 3.3, 3.43, 3.08, 2.24, 2.3, 2.26, 1.58, 2.03, 1.82, 1.7, 1.63, 1.75, 1.72, 2.45, 2.49, 3.05, 3.1, 2.95, 3.0, 3.77, 3.63, 2.78, 1.75, 2.12, 3.52, 4.43, 4.98, 5.08, 4.77, 4.54, 4.86, 5.23, 6.12, 6.35, 5.75, 5.36, 5.02, 5.09, 4.97, 4.5, 4.09, 4.15, 4.23, 4.77, 5.5, 5.77, 5.35, 4.79, 5.45, 6.11, 6.41, 6.1, 6.06, 7.28, 8.23, 8.1, 7.4, 6.4, 5.8, 5.63, 6.0], [3.66, 3.54, 3.19, 3.15, 3.71, 4.95, 5.12, 3.79, 3.37, 3.7, 3.78, 3.63, 3.2, 2.62, 1.63, 0.92, 1.01, 0, 1.26, 1.73, 1.98, 2.23, 2.52, 2.91, 3.13, 2.93, 3.3, 3.09, 2.05, 2.37, 2.45, 1.77, 2.14, 1.91, 1.83, 1.78, 1.78, 1.69, 2.28, 2.24, 2.92, 2.97, 2.82, 2.91, 3.66, 3.56, 2.73, 1.82, 2.19, 3.83, 4.7, 5.15, 5.23, 4.98, 4.75, 5.05, 5.36, 6.25, 6.48, 5.9, 5.49, 5.05, 5.22, 5.08, 4.19, 3.94, 4.0, 4.08, 4.64, 5.31, 5.5, 5.18, 4.64, 5.3, 5.84, 6.14, 5.95, 6.19, 7.42, 8.366, 8.23, 7.55, 6.47, 5.91, 5.76, 6.17], [3.62, 3.5, 3.31, 3.33, 3.79, 4.65, 4.8, 3.67, 3.43, 3.66, 3.88, 3.59, 3.26, 2.5, 1.35, 1.28, 1.49, 1.26, 0, 0.91, 1.5, 1.85, 2.96, 3.23, 3.25, 2.79, 2.98, 2.71, 2.39, 2.71, 2.59, 1.93, 2.12, 2.07, 2.01, 2.04, 2.22, 1.69, 2.36, 2.76, 3.44, 3.63, 3.5, 3.61, 4.34, 4.16, 3.29, 2.1, 2.51, 3.77, 4.44, 4.79, 4.79, 4.46, 4.29, 4.63, 5.04, 5.93, 6.16, 5.58, 5.13, 4.69, 4.86, 4.76, 3.75, 3.36, 3.5, 3.58, 4.06, 4.71, 4.94, 4.6, 4.1, 4.8, 5.28, 5.64, 5.57, 5.85, 7.06, 7.99, 7.89, 7.23, 6.17, 5.55, 5.44, 5.85], [3.57, 3.61, 3.34, 3.3, 3.8, 4.68, 4.77, 3.92, 3.32, 3.51, 3.59, 3.36, 3.19, 2.57, 1.64, 1.79, 1.78, 1.73, 0.91, 0, 1.09, 1.5, 3.09, 3.4, 3.42, 2.84, 2.63, 2.38, 2.66, 3.16, 2.78, 1.96, 2.03, 2.06, 2.06, 2.13, 2.09, 1.72, 2.53, 3.01, 3.71, 3.82, 3.69, 3.72, 4.49, 4.37, 3.46, 2.25, 2.3, 3.52, 4.29, 4.4, 4.46, 4.13, 3.88, 4.26, 4.61, 5.5, 5.73, 5.15, 4.66, 4.22, 4.39, 4.35, 3.16, 2.69, 2.95, 3.07, 3.49, 4.06, 4.31, 3.99, 3.55, 4.25, 4.69, 5.23, 5.12, 5.4, 6.61, 7.54, 7.44, 6.8, 5.76, 5.1, 5.01, 5.44], [3.56, 3.66, 3.37, 3.41, 3.87, 4.69, 5.0, 4.25, 3.47, 3.56, 3.66, 3.27, 3.06, 2.78, 2.11, 2.14, 2.03, 1.98, 1.5, 1.09, 0, 1.23, 2.72, 2.97, 3.01, 2.61, 2.54, 2.43, 2.57, 3.37, 2.97, 2.11, 1.88, 2.05, 2.03, 1.96, 1.84, 1.43, 2.12, 2.86, 3.92, 3.91, 3.74, 3.71, 4.52, 4.4, 3.61, 2.44, 2.07, 3.49, 4.2, 4.27, 4.37, 4.08, 3.91, 4.29, 4.48, 5.31, 5.5, 4.96, 4.41, 4.03, 4.3, 4.36, 3.21, 2.58, 2.8, 2.92, 3.08, 3.77, 4.06, 3.6, 3.08, 3.78, 4.36, 5.0, 4.89, 5.15, 6.36, 7.27, 7.19, 6.57, 5.57, 4.97, 4.96, 5.43], [4.39, 4.47, 4.14, 4.08, 4.7, 5.5, 5.75, 4.84, 4.16, 4.31, 4.35, 4.0, 3.83, 3.25, 2.46, 2.57, 2.28, 2.23, 1.85, 1.5, 1.23, 0, 1.91, 2.12, 2.14, 1.74, 1.69, 1.42, 1.68, 2.74, 3.06, 2.76, 2.37, 2.54, 2.58, 2.31, 2.21, 1.66, 1.67, 2.19, 3.07, 3.04, 2.91, 2.86, 3.69, 3.57, 2.96, 2.63, 2.9, 4.26, 4.97, 4.92, 5.02, 4.75, 4.6, 4.9, 5.07, 5.98, 6.21, 5.59, 5.16, 4.7, 4.95, 4.99, 3.72, 2.69, 2.25, 2.29, 3.07, 4.24, 4.65, 3.95, 3.41, 3.59, 4.85, 5.71, 5.58, 5.86, 7.07, 8.0, 7.9, 7.24, 6.18, 5.58, 5.61, 6.1], [5.74, 5.68, 5.29, 5.21, 5.85, 7.03, 7.25, 6.01, 5.53, 5.82, 5.82, 5.51, 5.16, 4.48, 3.55, 2.92, 2.95, 2.52, 2.96, 3.09, 2.72, 1.91, 0, 0.93, 1.11, 1.31, 2.16, 2.21, 1.37, 2.55, 3.55, 3.57, 3.48, 3.41, 3.19, 2.86, 2.72, 2.37, 1.7, 1.54, 2.04, 1.99, 1.82, 1.95, 2.52, 2.36, 2.63, 3.1, 4.17, 5.75, 6.5, 6.51, 6.59, 6.28, 6.11, 6.45, 6.56, 7.29, 7.52, 6.92, 6.51, 6.03, 6.32, 6.4, 5.23, 4.08, 3.36, 3.4, 4.26, 5.53, 5.96, 5.2, 4.64, 4.72, 6.06, 7.02, 6.93, 7.17, 8.38, 9.33, 9.21, 8.53, 7.49, 6.91, 6.96, 7.45], [6.17, 6.1, 5.65, 5.56, 6.253, 7.43, 7.59, 6.38, 5.92, 6.17, 6.17, 5.9, 5.57, 4.79, 3.62, 3.21, 3.24, 2.91, 3.23, 3.4, 2.97, 2.12, 0.93, 0, 0.78, 1.2, 2.11, 2.06, 1.52, 2.9, 4.0, 4.0, 3.83, 3.76, 3.54, 3.15, 3.01, 2.56, 1.83, 1.87, 2.41, 2.42, 2.23, 2.3, 2.91, 2.83, 3.16, 3.51, 4.56, 6.16, 6.89, 6.6, 6.46, 6.25, 6.08, 6.34, 6.51, 7.1, 7.17, 6.59, 6.22, 5.86, 6.19, 6.17, 5.22, 4.01, 3.29, 3.27, 4.03, 5.3, 5.69, 4.99, 4.43, 4.47, 5.83, 6.73, 6.58, 6.84, 8.07, 9.02, 8.88, 8.18, 7.16, 6.7, 6.79, 7.34], [6.21, 6.163, 5.8, 5.72, 6.339, 7.44, 7.59, 6.4, 5.96, 6.17, 6.17, 5.9, 5.63, 4.81, 3.58, 3.39, 3.38, 3.13, 3.25, 3.42, 3.01, 2.14, 1.11, 0.78, 0, 1.06, 1.97, 1.94, 1.82, 3.2, 4.22, 4.1, 3.83, 3.78, 3.7, 3.41, 3.25, 2.6, 1.83, 2.19, 2.71, 2.64, 2.43, 2.5, 3.07, 3.01, 3.56, 3.67, 4.66, 6.18, 6.89, 6.58, 6.42, 6.19, 6.08, 6.32, 6.45, 7.02, 7.05, 6.51, 6.14, 5.76, 6.11, 6.11, 5.18, 3.77, 3.01, 2.97, 3.83, 5.14, 5.55, 4.79, 4.17, 4.19, 5.59, 6.61, 6.5, 6.7, 7.93, 8.88, 8.74, 8.02, 6.98, 6.54, 6.61, 7.18], [5.89, 5.87, 5.58, 5.5, 6.14, 7.04, 7.17, 6.08, 5.58, 5.79, 5.75, 5.48, 5.31, 4.49, 3.32, 3.37, 3.3, 2.93, 2.79, 2.84, 2.61, 1.74, 1.31, 1.2, 1.06, 0, 1.43, 1.54, 1.84, 3.16, 4.18, 4.0, 3.49, 3.68, 3.64, 3.37, 3.21, 2.42, 1.71, 2.11, 2.69, 2.64, 2.45, 2.5, 3.17, 3.11, 3.46, 3.57, 4.42, 5.8, 6.45, 6.24, 5.94, 5.81, 5.6, 5.84, 5.87, 6.54, 6.73, 6.19, 5.74, 5.32, 5.63, 5.77, 4.6, 3.33, 2.53, 2.63, 3.49, 4.76, 5.19, 4.43, 3.85, 3.87, 5.25, 6.27, 6.18, 6.38, 7.61, 8.56, 8.42, 7.72, 6.72, 6.28, 6.39, 6.88], [5.86, 5.96, 5.63, 5.55, 6.19, 6.921, 7.016, 6.189, 5.53, 5.52, 5.32, 5.19, 5.18, 4.54, 3.55, 3.68, 3.43, 3.3, 2.98, 2.63, 2.54, 1.69, 2.16, 2.11, 1.97, 1.43, 0, 0.85, 2.17, 3.45, 4.25, 4.05, 3.46, 3.75, 3.69, 3.48, 3.3, 2.55, 1.88, 2.54, 3.62, 3.59, 3.4, 3.43, 4.12, 4.12, 3.83, 3.72, 4.17, 5.51, 6.12, 5.75, 5.53, 5.18, 4.83, 4.97, 4.88, 5.37, 5.56, 5.08, 4.61, 4.15, 4.48, 4.62, 3.59, 2.58, 2.04, 2.0, 2.46, 3.57, 3.98, 3.3, 2.7, 2.9, 4.14, 5.04, 4.91, 5.11, 6.34, 7.31, 7.21, 6.49, 5.45, 5.03, 5.14, 5.67], [5.53, 5.61, 5.3, 5.22, 5.871, 6.631, 6.684, 5.819, 5.214, 5.224, 5.05, 4.874, 4.864, 4.19, 3.22, 3.39, 3.08, 3.09, 2.71, 2.38, 2.43, 1.42, 2.21, 2.06, 1.94, 1.54, 0.85, 0, 1.98, 3.3, 3.94, 3.68, 3.09, 3.36, 3.36, 3.13, 2.95, 2.36, 1.65, 2.51, 3.53, 3.5, 3.31, 3.3, 4.15, 4.09, 3.6, 3.41, 3.88, 5.22, 5.83, 5.34, 5.04, 4.73, 4.44, 4.6, 4.65, 5.42, 5.536, 4.89, 4.54, 4.14, 4.35, 4.33, 3.4, 2.23, 1.69, 1.63, 2.49, 3.7, 4.09, 3.35, 2.83, 2.95, 4.25, 5.11, 4.98, 5.14, 6.37, 7.354, 7.24, 6.52, 5.4, 4.9, 4.95, 5.48], [5.13, 4.994, 4.576, 4.556, 5.187, 6.407, 6.56, 5.23, 4.85, 5.2, 5.23, 4.93, 4.56, 3.81, 2.7, 2.19, 2.24, 2.05, 2.39, 2.66, 2.57, 1.68, 1.37, 1.52, 1.82, 1.84, 2.17, 1.98, 0, 1.72, 2.68, 2.86, 3.07, 2.88, 2.58, 2.05, 2.09, 1.98, 1.63, 1.37, 1.85, 1.94, 1.85, 1.94, 2.69, 2.63, 2.28, 2.33, 3.62, 5.2, 5.83, 5.94, 5.96, 5.59, 5.42, 5.76, 6.13, 7.04, 7.278, 6.63, 6.245, 5.799, 5.93, 5.85, 4.76, 3.69, 3.21, 3.37, 4.27, 5.46, 5.85, 5.13, 4.55, 4.73, 5.99, 6.89, 6.72, 6.92, 8.141, 9.093, 8.982, 8.26, 7.2, 6.64, 6.55, 6.96], [4.711, 4.257, 3.944, 4.124, 4.787, 5.671, 5.868, 4.733, 4.686, 5.276, 5.556, 5.302, 4.672, 4.17, 3.3, 2.25, 2.3, 2.37, 2.71, 3.16, 3.37, 2.74, 2.55, 2.9, 3.2, 3.16, 3.45, 3.3, 1.72, 0, 1.6, 2.98, 3.992, 3.522, 3.02, 2.31, 2.35, 2.682, 2.51, 1.63, 1.51, 1.78, 1.63, 1.72, 2.27, 2.13, 1.42, 1.71, 3.917, 5.517, 6.302, 6.997, 7.073, 6.641, 6.493, 6.88, 7.31, 8.239, 8.469, 7.85, 7.396, 6.971, 7.09, 6.99, 5.76, 4.77, 4.47, 4.57, 5.45, 6.56, 6.97, 6.19, 5.59, 5.85, 7.01, 8.01, 7.84, 8.08, 9.33, 10.248, 10.173, 9.48, 8.42, 7.84, 7.65, 8.06], [3.83, 3.45, 3.18, 3.34, 4.254, 4.935, 4.868, 3.993, 4.209, 4.819, 5.099, 4.854, 4.184, 3.71, 3.14, 2.31, 2.26, 2.45, 2.59, 2.78, 2.97, 3.06, 3.55, 4.0, 4.22, 4.18, 4.25, 3.94, 2.68, 1.6, 0, 2.44, 3.49, 3.04, 2.66, 1.89, 1.91, 2.32, 3.11, 2.71, 2.67, 2.8, 2.59, 2.78, 3.33, 3.21, 2.12, 1.47, 3.38, 5.02, 5.796, 6.48, 6.526, 6.15, 5.98, 6.42, 6.83, 7.76, 8.01, 7.37, 6.917, 6.46, 6.59, 6.63, 5.44, 4.67, 4.77, 4.89, 5.31, 6.18, 6.57, 5.89, 5.41, 6.03, 6.73, 7.61, 7.44, 7.58, 8.77, 9.74, 9.7, 9.0, 7.96, 7.32, 7.23, 7.64], [2.39, 2.35, 1.98, 2.04, 2.62, 3.62, 3.81, 2.6, 2.34, 2.73, 3.03, 2.62, 2.11, 1.75, 1.8, 1.57, 1.58, 1.77, 1.93, 1.96, 2.11, 2.76, 3.57, 4.0, 4.1, 4.0, 4.05, 3.68, 2.86, 2.98, 2.44, 0, 1.39, 1.12, 1.12, 1.31, 1.49, 1.64, 2.63, 2.77, 3.65, 3.86, 3.63, 3.64, 4.45, 4.21, 3.26, 2.01, 1.4, 2.68, 3.505, 4.063, 4.16, 3.83, 3.7, 4.2, 4.59, 5.46, 5.75, 5.21, 4.7, 4.16, 4.41, 4.63, 4.26, 4.03, 4.49, 4.67, 4.79, 5.34, 5.55, 5.29, 4.89, 5.59, 5.93, 6.01, 5.64, 5.5, 6.47, 7.38, 7.4, 6.78, 5.96, 5.26, 4.97, 5.32], [2.7, 2.72, 2.39, 2.39, 2.95, 3.75, 3.96, 2.93, 2.39, 2.62, 2.72, 2.37, 2.22, 1.78, 1.69, 2.28, 2.03, 2.14, 2.12, 2.03, 1.88, 2.37, 3.48, 3.83, 3.83, 3.49, 3.46, 3.09, 3.07, 3.992, 3.49, 1.39, 0, 0.83, 1.17, 1.82, 1.98, 1.71, 2.26, 3.24, 4.54, 4.53, 4.3, 4.27, 5.06, 4.9, 3.97, 2.68, 1.57, 2.45, 3.16, 3.25, 3.29, 3.1, 3.09, 3.47, 3.64, 4.53, 4.9, 4.38, 3.87, 3.45, 3.66, 3.98, 3.87, 3.64, 3.98, 4.04, 4.36, 4.87, 5.06, 4.86, 4.44, 5.14, 5.5, 5.48, 4.99, 4.71, 5.58, 6.39, 6.41, 5.87, 5.21, 4.55, 4.18, 4.45], [2.87, 2.83, 2.44, 2.44, 3.0, 3.96, 4.11, 2.9, 2.6, 2.87, 3.07, 2.74, 2.43, 1.85, 1.46, 1.83, 1.82, 1.91, 2.07, 2.06, 2.05, 2.54, 3.41, 3.76, 3.78, 3.68, 3.75, 3.36, 2.88, 3.522, 3.04, 1.12, 0.83, 0, 0.88, 1.43, 1.61, 1.48, 2.33, 2.79, 4.07, 4.1, 3.87, 3.76, 4.57, 4.37, 3.5, 2.29, 1.54, 2.64, 3.49, 3.68, 3.84, 3.69, 3.66, 4.04, 4.19, 5.04, 5.43, 4.89, 4.36, 3.94, 4.17, 4.49, 4.36, 4.03, 4.35, 4.43, 4.73, 5.28, 5.47, 5.21, 4.81, 5.49, 5.85, 5.93, 5.44, 5.2, 6.09, 6.92, 6.94, 6.4, 5.68, 5.04, 4.71, 5.02], [3.13, 3.05, 2.6, 2.58, 3.22, 4.26, 4.43, 3.28, 2.98, 3.37, 3.59, 3.2, 2.75, 2.29, 1.94, 1.75, 1.7, 1.83, 2.01, 2.06, 2.03, 2.58, 3.19, 3.54, 3.7, 3.64, 3.69, 3.36, 2.58, 3.02, 2.66, 1.12, 1.17, 0.88, 0, 1.07, 1.47, 1.36, 2.27, 2.41, 3.71, 3.76, 3.47, 3.48, 4.31, 4.01, 3.04, 1.97, 1.84, 3.14, 3.83, 4.24, 4.36, 4.19, 4.16, 4.56, 4.77, 5.62, 5.99, 5.43, 4.92, 4.44, 4.75, 4.99, 4.54, 4.17, 4.41, 4.43, 4.81, 5.4, 5.59, 5.29, 4.89, 5.57, 5.95, 6.25, 5.88, 5.74, 6.65, 7.46, 7.5, 6.94, 6.2, 5.58, 5.29, 5.56], [3.48, 3.38, 2.85, 2.83, 3.61, 4.717, 4.91, 3.68, 3.37, 3.74, 3.94, 3.49, 3.04, 2.6, 2.09, 1.68, 1.63, 1.78, 2.04, 2.13, 1.96, 2.31, 2.86, 3.15, 3.41, 3.37, 3.48, 3.13, 2.05, 2.31, 1.89, 1.31, 1.82, 1.43, 1.07, 0, 0.82, 1.15, 1.94, 1.94, 2.92, 3.01, 2.84, 2.83, 3.62, 3.4, 2.47, 1.62, 2.27, 3.65, 4.36, 4.867, 4.967, 4.62, 4.53, 4.99, 5.28, 6.11, 6.48, 5.86, 5.37, 4.89, 5.18, 5.4, 4.65, 4.04, 4.14, 4.18, 4.6, 5.41, 5.66, 5.16, 4.66, 5.32, 6.0, 6.6, 6.27, 6.19, 7.18, 8.03, 8.03, 7.45, 6.63, 6.01, 5.76, 6.05], [3.64, 3.54, 3.05, 3.01, 3.77, 4.934, 5.127, 3.91, 3.43, 3.74, 3.86, 3.61, 3.16, 3.0, 2.41, 1.9, 1.75, 1.78, 2.22, 2.09, 1.84, 2.21, 2.72, 3.01, 3.25, 3.21, 3.3, 2.95, 2.09, 2.35, 1.91, 1.49, 1.98, 1.61, 1.47, 0.82, 0, 1.05, 1.82, 1.86, 2.86, 2.83, 2.6, 2.59, 3.32, 3.22, 2.43, 1.48, 2.07, 3.72, 4.701, 4.968, 5.068, 4.82, 4.71, 5.15, 5.3, 6.11, 6.44, 5.8, 5.29, 4.85, 5.14, 5.34, 4.55, 3.7, 3.86, 3.94, 4.28, 5.11, 5.4, 4.84, 4.4, 5.0, 5.7, 6.38, 6.09, 6.07, 7.14, 8.01, 8.03, 7.43, 6.53, 5.93, 5.72, 6.11], [3.87, 3.83, 3.46, 3.42, 4.04, 5.08, 5.226, 4.02, 3.62, 3.87, 4.07, 3.66, 3.33, 2.79, 2.12, 1.83, 1.72, 1.69, 1.69, 1.72, 1.43, 1.66, 2.37, 2.56, 2.6, 2.42, 2.55, 2.36, 1.98, 2.682, 2.32, 1.64, 1.71, 1.48, 1.36, 1.15, 1.05, 0, 1.23, 1.89, 3.25, 3.24, 2.97, 2.9, 3.61, 3.51, 2.74, 1.65, 2.3, 3.78, 4.61, 4.769, 4.88, 4.65, 4.54, 4.94, 5.09, 5.78, 6.03, 5.47, 4.92, 4.5, 4.77, 5.11, 4.24, 3.51, 3.49, 3.49, 3.85, 4.64, 4.95, 4.39, 3.85, 4.47, 5.25, 5.91, 5.68, 5.68, 6.73, 7.64, 7.66, 7.02, 6.16, 5.62, 5.45, 5.92], [4.72, 4.68, 4.35, 4.35, 4.93, 5.883, 6.016, 4.832, 4.389, 4.6, 4.74, 4.37, 4.16, 3.58, 2.89, 2.6, 2.45, 2.28, 2.36, 2.53, 2.12, 1.67, 1.7, 1.83, 1.83, 1.71, 1.88, 1.65, 1.63, 2.51, 3.11, 2.63, 2.26, 2.33, 2.27, 1.94, 1.82, 1.23, 0, 1.6, 2.98, 2.97, 2.72, 2.61, 3.32, 3.28, 2.63, 2.32, 3.23, 4.59, 5.32, 5.19, 5.22, 4.96, 4.79, 5.19, 5.36, 5.91, 6.22, 5.66, 5.09, 4.71, 5.0, 5.28, 4.43, 3.38, 3.14, 3.04, 3.62, 4.69, 5.06, 4.32, 3.78, 4.12, 5.18, 6.08, 5.87, 5.87, 6.96, 7.87, 7.83, 7.25, 6.35, 5.79, 5.68, 6.11], [4.96, 4.86, 4.37, 4.35, 5.05, 6.181, 6.37, 5.12, 4.72, 5.01, 5.28, 4.99, 4.44, 4.12, 3.33, 2.54, 2.49, 2.24, 2.76, 3.01, 2.86, 2.19, 1.54, 1.87, 2.19, 2.11, 2.54, 2.51, 1.37, 1.63, 2.71, 2.77, 3.24, 2.79, 2.41, 1.94, 1.86, 1.89, 1.6, 0, 1.52, 1.63, 1.34, 1.39, 2.0, 1.82, 1.59, 2.14, 3.39, 5.03, 6.02, 6.382, 6.459, 6.2, 6.05, 6.43, 6.56, 7.37, 7.7, 7.06, 6.57, 6.19, 6.48, 6.58, 5.49, 4.4, 3.86, 3.86, 4.74, 6.01, 6.42, 5.66, 5.12, 5.14, 6.5, 7.44, 7.27, 7.37, 8.52, 9.373, 9.33, 8.71, 7.75, 7.23, 7.1, 7.47], [5.685, 5.431, 4.985, 5.025, 5.667, 6.884, 7.074, 5.791, 5.451, 5.941, 6.121, 5.914, 5.307, 4.86, 3.93, 2.92, 3.05, 2.92, 3.44, 3.71, 3.92, 3.07, 2.04, 2.41, 2.71, 2.69, 3.62, 3.53, 1.85, 1.51, 2.67, 3.65, 4.54, 4.07, 3.71, 2.92, 2.86, 3.25, 2.98, 1.52, 0, 0.75, 0.82, 1.01, 1.38, 1.38, 1.57, 2.66, 4.528, 6.088, 6.978, 7.542, 7.593, 7.197, 7.016, 7.399, 7.805, 8.661, 8.911, 8.345, 7.878, 7.452, 7.62, 7.54, 6.25, 4.92, 4.28, 4.48, 5.6, 6.95, 7.38, 6.58, 5.98, 5.9, 7.3, 8.42, 8.37, 8.59, 9.82, 10.78, 10.675, 9.99, 8.91, 8.33, 8.251, 8.661], [5.909, 5.698, 5.248, 5.185, 5.914, 7.134, 7.344, 6.138, 5.561, 5.988, 6.148, 5.947, 5.38, 5.03, 4.12, 3.23, 3.1, 2.97, 3.63, 3.82, 3.91, 3.04, 1.99, 2.42, 2.64, 2.64, 3.59, 3.5, 1.94, 1.78, 2.8, 3.86, 4.53, 4.1, 3.76, 3.01, 2.83, 3.24, 2.97, 1.63, 0.75, 0, 0.57, 0.86, 1.29, 1.37, 1.86, 2.788, 4.627, 6.241, 7.188, 7.652, 7.666, 7.336, 7.129, 7.452, 7.793, 8.666, 8.916, 8.33, 7.863, 7.457, 7.69, 7.61, 6.3, 4.93, 4.11, 4.29, 5.53, 6.9, 7.33, 6.53, 5.91, 5.79, 7.21, 8.35, 8.32, 8.56, 9.81, 10.788, 10.68, 9.96, 8.88, 8.34, 8.344, 8.76], [5.619, 5.411, 4.921, 4.88, 5.627, 6.864, 7.074, 5.831, 5.331, 5.761, 5.958, 5.771, 5.15, 4.88, 4.07, 3.16, 2.95, 2.82, 3.5, 3.69, 3.74, 2.91, 1.82, 2.23, 2.43, 2.45, 3.4, 3.31, 1.85, 1.63, 2.59, 3.63, 4.3, 3.87, 3.47, 2.84, 2.6, 2.97, 2.72, 1.34, 0.82, 0.57, 0, 0.69, 1.3, 1.36, 1.77, 2.48, 4.328, 6.014, 6.978, 7.459, 7.499, 7.206, 6.999, 7.322, 7.58, 8.419, 8.689, 8.1, 7.616, 7.21, 7.48, 7.46, 6.19, 4.8, 4.0, 4.14, 5.38, 6.75, 7.16, 6.38, 5.76, 5.64, 7.06, 8.18, 8.15, 8.35, 9.56, 10.544, 10.433, 9.73, 8.67, 8.15, 8.12, 8.53], [5.577, 5.334, 4.887, 4.92, 5.66, 6.737, 6.951, 5.793, 5.247, 5.723, 5.988, 5.761, 5.22, 4.95, 4.14, 3.25, 3.0, 2.91, 3.61, 3.72, 3.71, 2.86, 1.95, 2.3, 2.5, 2.5, 3.43, 3.3, 1.94, 1.72, 2.78, 3.64, 4.27, 3.76, 3.48, 2.83, 2.59, 2.9, 2.61, 1.39, 1.01, 0.86, 0.69, 0, 1.05, 1.05, 1.6, 2.49, 4.238, 5.904, 6.948, 7.312, 7.443, 7.21, 7.0, 7.34, 7.55, 8.363, 8.69, 8.09, 7.6, 7.16, 7.41, 7.47, 6.24, 4.71, 3.89, 4.05, 5.33, 6.76, 7.19, 6.39, 5.69, 5.61, 7.05, 8.25, 8.16, 8.32, 9.49, 10.451, 10.377, 9.72, 8.68, 8.1, 8.03, 8.5], [6.26, 5.973, 5.557, 5.65, 6.334, 7.438, 7.618, 6.423, 6.017, 6.507, 6.76, 6.614, 6.06, 5.8, 4.93, 3.98, 3.77, 3.66, 4.34, 4.49, 4.52, 3.69, 2.52, 2.91, 3.07, 3.17, 4.12, 4.15, 2.69, 2.27, 3.33, 4.45, 5.06, 4.57, 4.31, 3.62, 3.32, 3.61, 3.32, 2.0, 1.38, 1.29, 1.3, 1.05, 0, 0.84, 1.73, 2.98, 4.99, 6.67, 7.718, 8.07, 8.21, 8.0, 7.79, 8.15, 8.3, 9.05, 9.38, 8.8, 8.31, 7.85, 8.06, 8.24, 7.03, 5.56, 4.62, 4.88, 6.12, 7.53, 7.98, 7.18, 6.48, 6.42, 7.86, 9.04, 8.93, 9.07, 10.22, 11.129, 11.07, 10.43, 9.45, 8.85, 8.74, 9.19], [5.9, 5.58, 5.25, 5.41, 6.09, 6.957, 7.141, 6.03, 5.71, 6.3, 6.62, 6.45, 5.84, 5.62, 4.79, 3.86, 3.63, 3.56, 4.16, 4.37, 4.4, 3.57, 2.36, 2.83, 3.01, 3.11, 4.12, 4.09, 2.63, 2.13, 3.21, 4.21, 4.9, 4.37, 4.01, 3.4, 3.22, 3.51, 3.28, 1.82, 1.38, 1.37, 1.36, 1.05, 0.84, 0, 1.43, 2.76, 4.69, 6.37, 7.38, 7.81, 8.01, 7.84, 7.67, 8.05, 8.22, 9.01, 9.36, 8.76, 8.27, 7.83, 8.04, 8.2, 6.99, 5.52, 4.72, 4.94, 6.14, 7.57, 8.02, 7.22, 6.5, 6.44, 7.88, 9.08, 8.95, 9.07, 10.2, 11.01, 10.99, 10.39, 9.45, 8.85, 8.66, 9.09], [4.85, 4.53, 4.22, 4.3, 4.98, 5.933, 6.065, 4.96, 4.68, 5.39, 5.69, 5.54, 4.89, 4.69, 3.92, 2.97, 2.78, 2.73, 3.29, 3.46, 3.61, 2.96, 2.63, 3.16, 3.56, 3.46, 3.83, 3.6, 2.28, 1.42, 2.12, 3.26, 3.97, 3.5, 3.04, 2.47, 2.43, 2.74, 2.63, 1.59, 1.57, 1.86, 1.77, 1.6, 1.73, 1.43, 0, 1.61, 3.74, 5.36, 6.33, 6.9, 7.1, 6.91, 6.72, 7.16, 7.45, 8.28, 8.63, 8.03, 7.46, 7.04, 7.27, 7.37, 6.2, 5.05, 4.69, 4.79, 5.65, 6.9, 7.35, 6.55, 5.93, 6.07, 7.37, 8.41, 8.26, 8.34, 9.45, 10.26, 10.22, 9.68, 8.76, 8.12, 7.83, 8.22], [3.68, 3.38, 3.03, 3.13, 3.79, 4.75, 4.898, 3.71, 3.43, 4.1, 4.42, 4.25, 3.64, 3.42, 2.77, 1.98, 1.75, 1.82, 2.1, 2.25, 2.44, 2.63, 3.1, 3.51, 3.67, 3.57, 3.72, 3.41, 2.33, 1.71, 1.47, 2.01, 2.68, 2.29, 1.97, 1.62, 1.48, 1.65, 2.32, 2.14, 2.66, 2.788, 2.48, 2.49, 2.98, 2.76, 1.61, 0, 2.31, 3.99, 4.94, 5.53, 5.73, 5.6, 5.43, 5.87, 6.2, 7.05, 7.4, 6.78, 6.23, 5.83, 6.04, 6.12, 5.03, 4.42, 4.5, 4.62, 5.12, 5.89, 6.22, 5.68, 5.18, 5.8, 6.48, 7.24, 7.05, 7.11, 8.2, 8.99, 8.99, 8.45, 7.55, 6.89, 6.56, 6.91], [2.27, 2.31, 2.04, 2.18, 2.52, 3.42, 3.63, 2.86, 2.06, 2.25, 2.45, 2.22, 1.85, 2.13, 2.42, 2.43, 2.12, 2.19, 2.51, 2.3, 2.07, 2.9, 4.17, 4.56, 4.66, 4.42, 4.17, 3.88, 3.62, 3.917, 3.38, 1.4, 1.57, 1.54, 1.84, 2.27, 2.07, 2.3, 3.23, 3.39, 4.528, 4.627, 4.328, 4.238, 4.99, 4.69, 3.74, 2.31, 0, 1.92, 2.91, 3.36, 3.56, 3.47, 3.34, 3.78, 3.99, 4.84, 5.19, 4.57, 4.02, 3.66, 3.83, 3.99, 3.88, 3.79, 4.43, 4.65, 4.63, 5.1, 5.29, 5.13, 4.77, 5.45, 5.75, 5.49, 5.02, 4.9, 5.99, 6.78, 6.78, 6.24, 5.34, 4.68, 4.39, 4.78], [1.89, 2.39, 2.56, 2.48, 2.18, 2.68, 2.95, 2.54, 1.8, 1.45, 1.57, 1.4, 1.71, 2.23, 3.26, 3.85, 3.52, 3.83, 3.77, 3.52, 3.49, 4.26, 5.75, 6.16, 6.18, 5.8, 5.51, 5.22, 5.2, 5.517, 5.02, 2.68, 2.45, 2.64, 3.14, 3.65, 3.72, 3.78, 4.59, 5.03, 6.088, 6.241, 6.014, 5.904, 6.67, 6.37, 5.36, 3.99, 1.92, 0, 1.13, 1.62, 1.88, 1.91, 1.88, 2.26, 2.53, 3.42, 4.03, 3.97, 3.34, 3.18, 3.39, 3.51, 4.2, 4.73, 5.75, 5.93, 5.43, 5.92, 6.05, 5.97, 5.83, 6.55, 6.39, 5.55, 4.82, 4.24, 4.49, 5.16, 5.32, 5.12, 4.92, 4.26, 3.69, 3.68], [2.28, 2.8, 3.01, 2.93, 2.25, 2.57, 2.8, 2.67, 2.19, 1.68, 1.84, 1.55, 2.1, 2.56, 3.93, 4.66, 4.43, 4.7, 4.44, 4.29, 4.2, 4.97, 6.5, 6.89, 6.89, 6.45, 6.12, 5.83, 5.83, 6.302, 5.796, 3.505, 3.16, 3.49, 3.83, 4.36, 4.701, 4.61, 5.32, 6.02, 6.978, 7.188, 6.978, 6.948, 7.718, 7.38, 6.33, 4.94, 2.91, 1.13, 0, 1.13, 1.35, 1.7, 1.71, 1.97, 2.4, 3.27, 4.06, 4.28, 3.63, 3.53, 3.66, 3.76, 4.49, 5.34, 6.36, 6.54, 5.98, 6.31, 6.42, 6.42, 6.42, 7.08, 6.74, 5.82, 5.09, 4.41, 4.28, 4.79, 5.01, 5.13, 5.17, 4.61, 3.98, 3.51], [2.85, 3.45, 3.54, 3.46, 2.7, 3.06, 3.27, 3.18, 2.62, 2.07, 2.01, 1.92, 2.57, 3.03, 4.16, 5.21, 4.98, 5.15, 4.79, 4.4, 4.27, 4.92, 6.51, 6.6, 6.58, 6.24, 5.75, 5.34, 5.94, 6.997, 6.48, 4.063, 3.25, 3.68, 4.24, 4.867, 4.968, 4.769, 5.19, 6.382, 7.542, 7.652, 7.459, 7.312, 8.07, 7.81, 6.9, 5.53, 3.36, 1.62, 1.13, 0, 0.82, 1.23, 1.46, 1.54, 1.87, 2.78, 3.63, 3.95, 3.32, 3.22, 3.31, 3.47, 4.26, 4.85, 5.87, 6.03, 5.49, 5.92, 6.07, 5.95, 5.93, 6.61, 6.41, 5.47, 4.64, 4.04, 3.79, 4.2, 4.54, 4.74, 4.78, 4.28, 3.63, 3.24], [2.95, 3.55, 3.64, 3.56, 2.78, 3.12, 3.37, 3.24, 2.74, 2.11, 2.17, 1.96, 2.59, 3.07, 4.1, 5.27, 5.08, 5.23, 4.79, 4.46, 4.37, 5.02, 6.59, 6.46, 6.42, 5.94, 5.53, 5.04, 5.96, 7.073, 6.526, 4.16, 3.29, 3.84, 4.36, 4.967, 5.068, 4.88, 5.22, 6.459, 7.593, 7.666, 7.499, 7.443, 8.21, 8.01, 7.1, 5.73, 3.56, 1.88, 1.35, 0.82, 0, 1.07, 1.32, 1.32, 1.57, 2.48, 3.25, 3.53, 2.94, 2.88, 3.03, 3.11, 3.9, 4.59, 5.57, 5.69, 5.15, 5.58, 5.71, 5.63, 5.59, 6.27, 5.99, 5.07, 4.26, 3.64, 3.45, 3.9, 4.2, 4.36, 4.4, 3.88, 3.31, 2.82], [2.76, 3.28, 3.39, 3.31, 2.79, 3.33, 3.5, 3.29, 2.65, 2.08, 1.9, 1.77, 2.36, 2.7, 3.75, 4.86, 4.77, 4.98, 4.46, 4.13, 4.08, 4.75, 6.28, 6.25, 6.19, 5.81, 5.18, 4.73, 5.59, 6.641, 6.15, 3.83, 3.1, 3.69, 4.19, 4.62, 4.82, 4.65, 4.96, 6.2, 7.197, 7.336, 7.206, 7.21, 8.0, 7.84, 6.91, 5.6, 3.47, 1.91, 1.7, 1.23, 1.07, 0, 0.75, 0.95, 1.3, 2.35, 3.02, 3.26, 2.67, 2.53, 2.66, 2.76, 3.63, 4.26, 5.3, 5.4, 4.82, 5.23, 5.38, 5.28, 5.16, 5.84, 5.7, 4.72, 3.99, 3.29, 3.36, 3.91, 4.13, 4.15, 4.05, 3.59, 3.02, 2.57], [2.71, 3.29, 3.4, 3.3, 2.92, 3.54, 3.73, 3.38, 2.64, 2.05, 1.91, 1.76, 2.39, 2.63, 3.56, 4.67, 4.54, 4.75, 4.29, 3.88, 3.91, 4.6, 6.11, 6.08, 6.08, 5.6, 4.83, 4.44, 5.42, 6.493, 5.98, 3.7, 3.09, 3.66, 4.16, 4.53, 4.71, 4.54, 4.79, 6.05, 7.016, 7.129, 6.999, 7.0, 7.79, 7.67, 6.72, 5.43, 3.34, 1.88, 1.71, 1.46, 1.32, 0.75, 0, 0.62, 1.25, 2.3, 2.91, 2.85, 2.28, 2.22, 2.29, 2.43, 3.2, 3.95, 4.99, 5.11, 4.49, 4.86, 4.99, 4.91, 4.93, 5.53, 5.29, 4.37, 3.76, 3.08, 3.37, 4.04, 4.12, 4.04, 3.82, 3.18, 2.65, 2.32], [3.13, 3.63, 3.74, 3.56, 3.12, 3.8, 4.03, 3.66, 2.92, 2.29, 2.09, 2.02, 2.59, 2.85, 3.86, 5.05, 4.86, 5.05, 4.63, 4.26, 4.29, 4.9, 6.45, 6.34, 6.32, 5.84, 4.97, 4.6, 5.76, 6.88, 6.42, 4.2, 3.47, 4.04, 4.56, 4.99, 5.15, 4.94, 5.19, 6.43, 7.399, 7.452, 7.322, 7.34, 8.15, 8.05, 7.16, 5.87, 3.78, 2.26, 1.97, 1.54, 1.32, 0.95, 0.62, 0, 0.99, 1.96, 2.59, 2.77, 2.26, 2.2, 2.17, 2.31, 3.14, 4.03, 5.09, 5.19, 4.55, 4.78, 4.91, 4.83, 4.97, 5.49, 5.19, 4.15, 3.62, 2.9, 3.03, 3.62, 3.76, 3.76, 3.58, 3.14, 2.65, 2.32], [3.46, 3.96, 4.01, 3.79, 3.63, 4.29, 4.48, 4.07, 3.29, 2.68, 2.44, 2.39, 2.92, 3.24, 4.29, 5.46, 5.23, 5.36, 5.04, 4.61, 4.48, 5.07, 6.56, 6.51, 6.45, 5.87, 4.88, 4.65, 6.13, 7.31, 6.83, 4.59, 3.64, 4.19, 4.77, 5.28, 5.3, 5.09, 5.36, 6.56, 7.805, 7.793, 7.58, 7.55, 8.3, 8.22, 7.45, 6.2, 3.99, 2.53, 2.4, 1.87, 1.57, 1.3, 1.25, 0.99, 0, 1.31, 2.08, 2.2, 1.75, 1.65, 1.78, 1.9, 2.73, 3.84, 4.9, 5.08, 4.26, 4.27, 4.4, 4.36, 4.62, 5.04, 4.66, 3.72, 3.03, 2.39, 2.42, 3.13, 3.15, 3.19, 3.05, 2.63, 2.24, 1.85], [4.45, 4.91, 5.0, 4.88, 4.78, 5.42, 5.61, 5.2, 4.36, 3.77, 3.63, 3.52, 3.95, 4.23, 5.18, 6.35, 6.12, 6.25, 5.93, 5.5, 5.31, 5.98, 7.29, 7.1, 7.02, 6.54, 5.37, 5.42, 7.04, 8.239, 7.76, 5.46, 4.53, 5.04, 5.62, 6.11, 6.11, 5.78, 5.91, 7.37, 8.661, 8.666, 8.419, 8.363, 9.05, 9.01, 8.28, 7.05, 4.84, 3.42, 3.27, 2.78, 2.48, 2.35, 2.3, 1.96, 1.31, 0, 0.93, 1.61, 1.32, 1.54, 1.37, 1.63, 2.94, 4.528, 5.57, 5.477, 4.31, 3.78, 3.79, 3.99, 4.69, 4.815, 3.97, 2.95, 2.48, 1.6, 1.35, 2.22, 2.1, 2.08, 2.16, 2.08, 2.01, 1.56], [5.22, 5.6, 5.67, 5.55, 5.55, 6.25, 6.42, 5.99, 5.15, 4.56, 4.36, 4.25, 4.64, 4.78, 5.41, 6.58, 6.35, 6.48, 6.16, 5.73, 5.5, 6.21, 7.52, 7.17, 7.05, 6.73, 5.56, 5.536, 7.278, 8.469, 8.01, 5.75, 4.9, 5.43, 5.99, 6.48, 6.44, 6.03, 6.22, 7.7, 8.911, 8.916, 8.689, 8.69, 9.38, 9.36, 8.63, 7.4, 5.19, 4.03, 4.06, 3.63, 3.25, 3.02, 2.91, 2.59, 2.08, 0.93, 0, 1.16, 1.39, 1.69, 1.58, 1.64, 3.032, 4.591, 5.717, 5.541, 4.176, 3.43, 3.179, 3.474, 4.573, 4.633, 3.396, 2.336, 1.95, 1.19, 1.18, 2.07, 1.87, 1.35, 1.43, 1.69, 1.88, 1.53], [5.14, 5.36, 5.41, 5.35, 5.49, 6.23, 6.42, 5.85, 4.99, 4.42, 4.24, 4.13, 4.5, 4.56, 4.91, 5.98, 5.75, 5.9, 5.58, 5.15, 4.96, 5.59, 6.92, 6.59, 6.51, 6.19, 5.08, 4.89, 6.63, 7.85, 7.37, 5.21, 4.38, 4.89, 5.43, 5.86, 5.8, 5.47, 5.66, 7.06, 8.345, 8.33, 8.1, 8.09, 8.8, 8.76, 8.03, 6.78, 4.57, 3.97, 4.28, 3.95, 3.53, 3.26, 2.85, 2.77, 2.2, 1.61, 1.16, 0, 1.07, 1.33, 1.28, 1.3, 2.43, 4.014, 5.08, 4.92, 3.6, 2.75, 2.56, 2.9, 3.94, 4.06, 2.74, 2.0, 1.83, 1.19, 1.78, 2.63, 2.45, 1.69, 1.15, 1.01, 1.44, 1.37], [4.53, 4.87, 4.86, 4.74, 4.88, 5.62, 5.79, 5.18, 4.28, 3.81, 3.71, 3.52, 3.93, 4.07, 4.5, 5.59, 5.36, 5.49, 5.13, 4.66, 4.41, 5.16, 6.51, 6.22, 6.14, 5.74, 4.61, 4.54, 6.245, 7.396, 6.917, 4.7, 3.87, 4.36, 4.92, 5.37, 5.29, 4.92, 5.09, 6.57, 7.878, 7.863, 7.616, 7.6, 8.31, 8.27, 7.46, 6.23, 4.02, 3.34, 3.63, 3.32, 2.94, 2.67, 2.28, 2.26, 1.75, 1.32, 1.39, 1.07, 0, 0.76, 1.09, 1.21, 2.04, 3.65, 4.71, 4.65, 3.45, 2.8, 2.83, 3.01, 3.85, 3.949, 3.13, 2.31, 1.98, 1.32, 2.09, 2.98, 2.9, 2.5, 1.84, 1.3, 1.33, 1.4], [4.31, 4.59, 4.52, 4.46, 4.64, 5.4, 5.61, 4.96, 4.06, 3.55, 3.43, 3.3, 3.61, 3.71, 4.22, 5.21, 5.02, 5.05, 4.69, 4.22, 4.03, 4.7, 6.03, 5.86, 5.76, 5.32, 4.15, 4.14, 5.799, 6.971, 6.46, 4.16, 3.45, 3.94, 4.44, 4.89, 4.85, 4.5, 4.71, 6.19, 7.452, 7.457, 7.21, 7.16, 7.85, 7.83, 7.04, 5.83, 3.66, 3.18, 3.53, 3.22, 2.88, 2.53, 2.22, 2.2, 1.65, 1.54, 1.69, 1.33, 0.76, 0, 1.07, 1.39, 1.82, 3.35, 4.39, 4.35, 3.35, 2.84, 2.93, 2.99, 3.71, 3.85, 3.21, 2.49, 2.0, 1.56, 2.43, 3.36, 3.26, 2.76, 2.1, 1.4, 1.45, 1.58], [4.66, 4.9, 4.77, 4.87, 4.99, 5.77, 5.96, 5.29, 4.39, 3.92, 3.8, 3.69, 4.04, 4.04, 4.27, 5.32, 5.09, 5.22, 4.86, 4.39, 4.3, 4.95, 6.32, 6.19, 6.11, 5.63, 4.48, 4.35, 5.93, 7.09, 6.59, 4.41, 3.66, 4.17, 4.75, 5.18, 5.14, 4.77, 5.0, 6.48, 7.62, 7.69, 7.48, 7.41, 8.06, 8.04, 7.27, 6.04, 3.83, 3.39, 3.66, 3.31, 3.03, 2.66, 2.29, 2.17, 1.78, 1.37, 1.58, 1.28, 1.09, 1.07, 0, 0.88, 1.93, 3.38, 4.48, 4.48, 3.42, 3.13, 3.18, 3.32, 3.8, 4.06, 3.32, 2.36, 2.07, 1.37, 2.28, 3.23, 3.19, 2.53, 1.81, 1.53, 1.7, 1.59], [4.8, 5.06, 5.13, 5.09, 5.15, 5.93, 6.08, 5.47, 4.61, 4.1, 3.94, 3.85, 4.26, 4.24, 4.29, 5.18, 4.97, 5.08, 4.76, 4.35, 4.36, 4.99, 6.4, 6.17, 6.11, 5.77, 4.62, 4.33, 5.85, 6.99, 6.63, 4.63, 3.98, 4.49, 4.99, 5.4, 5.34, 5.11, 5.28, 6.58, 7.54, 7.61, 7.46, 7.47, 8.24, 8.2, 7.37, 6.12, 3.99, 3.51, 3.76, 3.47, 3.11, 2.76, 2.43, 2.31, 1.9, 1.63, 1.64, 1.3, 1.21, 1.39, 0.88, 0, 1.67, 3.26, 4.36, 4.4, 3.46, 3.07, 3.0, 3.26, 3.84, 4.08, 3.16, 2.22, 1.95, 1.41, 2.38, 3.361, 3.266, 2.65, 1.71, 1.45, 1.78, 1.63], [5.29, 5.49, 5.28, 5.36, 5.56, 6.38, 6.587, 5.82, 4.94, 4.47, 4.29, 4.3, 4.59, 4.37, 4.06, 4.45, 4.5, 4.19, 3.75, 3.16, 3.21, 3.72, 5.23, 5.22, 5.18, 4.6, 3.59, 3.4, 4.76, 5.76, 5.44, 4.26, 3.87, 4.36, 4.54, 4.65, 4.55, 4.24, 4.43, 5.49, 6.25, 6.3, 6.19, 6.24, 7.03, 6.99, 6.2, 5.03, 3.88, 4.2, 4.49, 4.26, 3.9, 3.63, 3.2, 3.14, 2.73, 2.94, 3.032, 2.43, 2.04, 1.82, 1.93, 1.67, 0, 1.89, 3.05, 3.19, 2.31, 1.98, 2.09, 2.05, 2.71, 2.77, 2.33, 2.37, 2.36, 2.62, 3.89, 4.831, 4.736, 4.06, 2.92, 2.34, 2.39, 2.68], [5.46, 5.64, 5.39, 5.45, 5.69, 6.49, 6.717, 5.987, 5.161, 4.811, 4.608, 4.598, 4.791, 4.451, 3.69, 4.02, 4.09, 3.94, 3.36, 2.69, 2.58, 2.69, 4.08, 4.01, 3.77, 3.33, 2.58, 2.23, 3.69, 4.77, 4.67, 4.03, 3.64, 4.03, 4.17, 4.04, 3.7, 3.51, 3.38, 4.4, 4.92, 4.93, 4.8, 4.71, 5.56, 5.52, 5.05, 4.42, 3.79, 4.73, 5.34, 4.85, 4.59, 4.26, 3.95, 4.03, 3.84, 4.528, 4.591, 4.014, 3.65, 3.35, 3.38, 3.26, 1.89, 0, 1.34, 1.44, 1.24, 2.41, 2.74, 1.98, 1.66, 1.94, 2.6, 3.8, 3.95, 4.27, 5.513, 6.489, 6.355, 5.609, 4.51, 3.99, 3.96, 4.43], [6.16, 6.26, 5.95, 5.97, 6.446, 7.229, 7.339, 6.655, 5.83, 5.754, 5.554, 5.444, 5.522, 5.06, 4.01, 4.2, 4.15, 4.0, 3.5, 2.95, 2.8, 2.25, 3.36, 3.29, 3.01, 2.53, 2.04, 1.69, 3.21, 4.47, 4.77, 4.49, 3.98, 4.35, 4.41, 4.14, 3.86, 3.49, 3.14, 3.86, 4.28, 4.11, 4.0, 3.89, 4.62, 4.72, 4.69, 4.5, 4.43, 5.75, 6.36, 5.87, 5.57, 5.3, 4.99, 5.09, 4.9, 5.57, 5.717, 5.08, 4.71, 4.39, 4.48, 4.36, 3.05, 1.34, 0, 0.56, 1.88, 3.39, 3.68, 2.82, 2.06, 1.98, 3.54, 4.86, 5.01, 5.31, 6.559, 7.535, 7.421, 6.69, 5.55, 5.03, 5.06, 5.55], [6.36, 6.48, 6.15, 6.11, 6.666, 7.389, 7.539, 6.852, 5.989, 5.934, 5.734, 5.606, 5.682, 5.165, 4.17, 4.32, 4.23, 4.08, 3.58, 3.07, 2.92, 2.29, 3.4, 3.27, 2.97, 2.63, 2.0, 1.63, 3.37, 4.57, 4.89, 4.67, 4.04, 4.43, 4.43, 4.18, 3.94, 3.49, 3.04, 3.86, 4.48, 4.29, 4.14, 4.05, 4.88, 4.94, 4.79, 4.62, 4.65, 5.93, 6.54, 6.03, 5.69, 5.4, 5.11, 5.19, 5.08, 5.477, 5.541, 4.92, 4.65, 4.35, 4.48, 4.4, 3.19, 1.44, 0.56, 0, 1.66, 3.17, 3.46, 2.56, 1.78, 1.74, 3.32, 4.64, 4.81, 5.13, 6.38, 7.37, 7.236, 6.51, 5.37, 4.91, 5.0, 5.49], [6.26, 6.48, 6.21, 6.23, 6.55, 7.31, 7.534, 6.824, 6.004, 5.468, 5.408, 5.398, 5.551, 5.234, 4.49, 4.78, 4.77, 4.64, 4.06, 3.49, 3.08, 3.07, 4.26, 4.03, 3.83, 3.49, 2.46, 2.49, 4.27, 5.45, 5.31, 4.79, 4.36, 4.73, 4.81, 4.6, 4.28, 3.85, 3.62, 4.74, 5.6, 5.53, 5.38, 5.33, 6.12, 6.14, 5.65, 5.12, 4.63, 5.43, 5.98, 5.49, 5.15, 4.82, 4.49, 4.55, 4.26, 4.31, 4.176, 3.6, 3.45, 3.35, 3.42, 3.46, 2.31, 1.24, 1.88, 1.66, 0, 1.59, 2.04, 1.26, 1.0, 1.2, 1.88, 3.06, 3.21, 3.53, 4.78, 5.79, 5.622, 4.91, 3.89, 3.47, 3.58, 4.33], [6.73, 6.95, 6.68, 6.7, 7.02, 7.78, 8.004, 7.311, 6.491, 5.978, 5.93, 5.908, 6.041, 5.721, 5.06, 5.43, 5.5, 5.31, 4.71, 4.06, 3.77, 4.24, 5.53, 5.3, 5.14, 4.76, 3.57, 3.7, 5.46, 6.56, 6.18, 5.34, 4.87, 5.28, 5.4, 5.41, 5.11, 4.64, 4.69, 6.01, 6.95, 6.9, 6.75, 6.76, 7.53, 7.57, 6.9, 5.89, 5.1, 5.92, 6.31, 5.92, 5.58, 5.23, 4.86, 4.78, 4.27, 3.78, 3.43, 2.75, 2.8, 2.84, 3.13, 3.07, 1.98, 2.41, 3.39, 3.17, 1.59, 0, 0.79, 0.91, 1.69, 1.65, 1.05, 1.67, 1.98, 2.48, 3.49, 4.42, 4.28, 3.64, 2.7, 2.32, 2.65, 3.48], [6.94, 7.16, 6.89, 6.89, 7.23, 7.97, 8.211, 7.527, 6.701, 6.151, 6.08, 6.058, 6.251, 5.931, 5.31, 5.66, 5.77, 5.5, 4.94, 4.31, 4.06, 4.65, 5.96, 5.69, 5.55, 5.19, 3.98, 4.09, 5.85, 6.97, 6.57, 5.55, 5.06, 5.47, 5.59, 5.66, 5.4, 4.95, 5.06, 6.42, 7.38, 7.33, 7.16, 7.19, 7.98, 8.02, 7.35, 6.22, 5.29, 6.05, 6.42, 6.07, 5.71, 5.38, 4.99, 4.91, 4.4, 3.79, 3.179, 2.56, 2.83, 2.93, 3.18, 3.0, 2.09, 2.74, 3.68, 3.46, 2.04, 0.79, 0, 0.94, 2.0, 2.04, 0.9, 1.28, 1.87, 2.55, 3.48, 4.33, 4.05, 3.33, 2.37, 2.25, 2.72, 3.33], [6.78, 7.0, 6.73, 6.73, 7.07, 7.81, 8.051, 7.361, 6.541, 6.011, 5.911, 5.898, 6.091, 5.771, 4.987, 5.26, 5.35, 5.18, 4.6, 3.99, 3.6, 3.95, 5.2, 4.99, 4.79, 4.43, 3.3, 3.35, 5.13, 6.19, 5.89, 5.29, 4.86, 5.21, 5.29, 5.16, 4.84, 4.39, 4.32, 5.66, 6.58, 6.53, 6.38, 6.39, 7.18, 7.22, 6.55, 5.68, 5.13, 5.97, 6.42, 5.95, 5.63, 5.28, 4.91, 4.83, 4.36, 3.99, 3.474, 2.9, 3.01, 2.99, 3.32, 3.26, 2.05, 1.98, 2.82, 2.56, 1.26, 0.91, 0.94, 0, 1.36, 1.36, 1.08, 2.08, 2.35, 2.87, 4.08, 5.05, 4.83, 4.01, 3.01, 2.65, 2.88, 3.59], [6.44, 6.64, 6.37, 6.35, 6.79, 7.53, 7.708, 7.058, 6.198, 5.865, 5.725, 5.715, 5.825, 5.448, 4.57, 4.8, 4.79, 4.64, 4.1, 3.55, 3.08, 3.41, 4.64, 4.43, 4.17, 3.85, 2.7, 2.83, 4.55, 5.59, 5.41, 4.89, 4.44, 4.81, 4.89, 4.66, 4.4, 3.85, 3.78, 5.12, 5.98, 5.91, 5.76, 5.69, 6.48, 6.5, 5.93, 5.18, 4.77, 5.83, 6.42, 5.93, 5.59, 5.16, 4.93, 4.97, 4.62, 4.69, 4.573, 3.94, 3.85, 3.71, 3.8, 3.84, 2.71, 1.66, 2.06, 1.78, 1.0, 1.69, 2.0, 1.36, 0, 1.02, 1.92, 3.12, 3.27, 3.67, 4.88, 5.79, 5.71, 5.01, 4.05, 3.61, 3.72, 4.71], [7.14, 7.32, 7.03, 7.03, 7.49, 8.23, 8.368, 7.755, 6.875, 6.542, 6.425, 6.415, 6.525, 6.108, 5.264, 5.5, 5.45, 5.3, 4.8, 4.25, 3.78, 3.59, 4.72, 4.47, 4.19, 3.87, 2.9, 2.95, 4.73, 5.85, 6.03, 5.59, 5.14, 5.49, 5.57, 5.32, 5.0, 4.47, 4.12, 5.14, 5.9, 5.79, 5.64, 5.61, 6.42, 6.44, 6.07, 5.8, 5.45, 6.55, 7.08, 6.61, 6.27, 5.84, 5.53, 5.49, 5.04, 4.815, 4.633, 4.06, 3.949, 3.85, 4.06, 4.08, 2.77, 1.94, 1.98, 1.74, 1.2, 1.65, 2.04, 1.36, 1.02, 0, 1.76, 3.14, 3.33, 3.71, 4.94, 5.93, 5.81, 5.19, 4.23, 3.83, 3.96, 4.83], [7.38, 7.6, 7.33, 7.35, 7.67, 8.43, 8.654, 7.944, 7.124, 6.554, 6.471, 6.441, 6.654, 6.354, 5.69, 6.0, 6.11, 5.84, 5.28, 4.69, 4.36, 4.85, 6.06, 5.83, 5.59, 5.25, 4.14, 4.25, 5.99, 7.01, 6.73, 5.93, 5.5, 5.85, 5.95, 6.0, 5.7, 5.25, 5.18, 6.5, 7.3, 7.21, 7.06, 7.05, 7.86, 7.88, 7.37, 6.48, 5.75, 6.39, 6.74, 6.41, 5.99, 5.7, 5.29, 5.19, 4.66, 3.97, 3.396, 2.74, 3.13, 3.21, 3.32, 3.16, 2.33, 2.6, 3.54, 3.32, 1.88, 1.05, 0.9, 1.08, 1.92, 1.76, 0, 1.66, 2.33, 2.75, 3.64, 4.51, 4.33, 3.69, 2.75, 2.57, 3.26, 3.61], [6.78, 7.02, 6.85, 6.87, 7.11, 7.87, 8.08, 7.45, 6.51, 6.02, 5.84, 5.75, 6.06, 5.96, 5.85, 6.4, 6.41, 6.14, 5.64, 5.23, 5.0, 5.71, 7.02, 6.73, 6.61, 6.27, 5.04, 5.11, 6.89, 8.01, 7.61, 6.01, 5.48, 5.93, 6.25, 6.6, 6.38, 5.91, 6.08, 7.44, 8.42, 8.35, 8.18, 8.25, 9.04, 9.08, 8.41, 7.24, 5.49, 5.55, 5.82, 5.47, 5.07, 4.72, 4.37, 4.15, 3.72, 2.95, 2.336, 2.0, 2.31, 2.49, 2.36, 2.22, 2.37, 3.8, 4.86, 4.64, 3.06, 1.67, 1.28, 2.08, 3.12, 3.14, 1.66, 0, 0.89, 1.59, 2.6, 3.41, 3.17, 2.27, 1.45, 1.65, 2.34, 2.69], [6.13, 6.37, 6.34, 6.36, 6.52, 7.24, 7.41, 6.86, 5.98, 5.45, 5.29, 5.16, 5.51, 5.47, 5.44, 6.19, 6.1, 5.95, 5.57, 5.12, 4.89, 5.58, 6.93, 6.58, 6.5, 6.18, 4.91, 4.98, 6.72, 7.84, 7.44, 5.64, 4.99, 5.44, 5.88, 6.27, 6.09, 5.68, 5.87, 7.27, 8.37, 8.32, 8.15, 8.16, 8.93, 8.95, 8.26, 7.05, 5.02, 4.82, 5.09, 4.64, 4.26, 3.99, 3.76, 3.62, 3.03, 2.48, 1.95, 1.83, 1.98, 2.0, 2.07, 1.95, 2.36, 3.95, 5.01, 4.81, 3.21, 1.98, 1.87, 2.35, 3.27, 3.33, 2.33, 0.89, 0, 1.1, 2.27, 3.08, 2.84, 2.04, 1.3, 1.48, 1.81, 2.28], [5.45, 5.73, 5.76, 5.68, 5.84, 6.56, 6.75, 6.2, 5.34, 4.77, 4.63, 4.48, 4.87, 4.91, 5.22, 6.29, 6.06, 6.19, 5.85, 5.4, 5.15, 5.86, 7.17, 6.84, 6.7, 6.38, 5.11, 5.14, 6.92, 8.08, 7.58, 5.5, 4.71, 5.2, 5.74, 6.19, 6.07, 5.68, 5.87, 7.37, 8.59, 8.56, 8.35, 8.32, 9.07, 9.07, 8.34, 7.11, 4.9, 4.24, 4.