[[0, 1.52, 1.74, 1.72, 1.48, 1.49, 3.17, 4.19, 4.11, 4.739, 6.005, 7.461, 7.215, 7.218, 7.778, 7.49, 6.685, 6.185, 6.597, 7.199, 7.108, 6.605, 6.107, 6.397, 7.177, 7.115, 6.08, 5.72, 6.65, 7.37, 7.1, 6.45, 5.93, 5.65, 5.86, 6.29, 5.72, 5.34, 5.71, 5.93, 6.44, 6.53, 5.12, 3.18, 2.92, 2.86, 2.69, 3.02, 3.24, 3.3, 3.72, 3.96, 4.68, 5.24, 5.08, 4.79, 4.66, 4.45, 4.46, 4.59, 4.46, 4.26, 4.26, 4.19, 4.69, 4.73, 4.77, 4.99, 4.52, 4.56, 4.65, 4.34, 4.74, 5.0, 5.49, 5.74, 5.29, 4.69, 4.74, 5.17, 5.09, 5.15, 6.16, 7.13, 7.95, 7.35], [1.52, 0, 0.86, 0.74, 0.98, 1.75, 3.31, 4.652, 4.812, 5.452, 6.629, 8.081, 7.967, 8.067, 8.71, 8.478, 7.437, 6.835, 6.898, 7.443, 7.406, 6.84, 6.431, 6.713, 7.427, 7.408, 6.777, 6.4, 7.39, 8.21, 7.7, 7.09, 6.45, 5.93, 5.98, 6.53, 6.3, 6.0, 6.25, 6.69, 7.02, 7.29, 5.82, 3.56, 3.5, 3.28, 3.19, 3.8, 4.16, 4.12, 4.34, 4.66, 5.26, 5.9, 5.76, 5.53, 5.46, 5.31, 5.34, 5.47, 5.36, 5.16, 5.16, 5.11, 5.51, 5.43, 5.49, 5.71, 5.38, 5.48, 5.39, 5.3, 5.58, 6.02, 6.29, 6.6, 6.15, 5.39, 5.46, 5.73, 5.67, 5.71, 6.52, 7.53, 8.05, 7.63], [1.74, 0.86, 0, 0.58, 0.94, 1.81, 3.31, 4.661, 4.801, 5.48, 6.634, 8.092, 7.97, 8.034, 8.689, 8.452, 7.442, 6.829, 6.902, 7.422, 7.368, 6.829, 6.382, 6.689, 7.418, 7.365, 6.68, 6.34, 7.35, 8.15, 7.6, 7.01, 6.45, 5.99, 6.02, 6.57, 6.28, 6.02, 6.31, 6.71, 7.06, 7.33, 5.78, 3.64, 3.76, 3.48, 3.39, 4.04, 4.44, 4.4, 4.42, 4.74, 5.3, 5.92, 5.74, 5.49, 5.44, 5.29, 5.32, 5.45, 5.36, 5.18, 5.18, 5.19, 5.65, 5.61, 5.67, 5.79, 5.58, 5.78, 5.65, 5.56, 5.9, 6.3, 6.67, 7.04, 6.59, 5.77, 5.86, 6.07, 5.99, 6.15, 7.06, 7.99, 8.53, 8.15], [1.72, 0.74, 0.58, 0, 0.8, 1.79, 3.29, 4.635, 4.795, 5.455, 6.626, 8.086, 7.95, 8.029, 8.672, 8.438, 7.42, 6.798, 6.916, 7.457, 7.411, 6.831, 6.365, 6.656, 7.435, 7.383, 6.697, 6.36, 7.31, 8.07, 7.62, 7.03, 6.47, 5.93, 5.96, 6.51, 6.28, 6.02, 6.27, 6.73, 7.0, 7.25, 5.82, 3.66, 3.66, 3.4, 3.31, 3.94, 4.36, 4.32, 4.36, 4.7, 5.3, 5.94, 5.78, 5.55, 5.48, 5.31, 5.34, 5.47, 5.38, 5.2, 5.2, 5.21, 5.67, 5.65, 5.63, 5.69, 5.5, 5.7, 5.57, 5.48, 5.82, 6.22, 6.59, 6.98, 6.51, 5.69, 5.78, 5.99, 5.91, 6.07, 6.92, 7.85, 8.37, 7.99], [1.48, 0.98, 0.94, 0.8, 0, 1.29, 3.19, 4.456, 4.596, 5.273, 6.49, 8.005, 7.814, 7.894, 8.508, 8.276, 7.241, 6.616, 6.791, 7.41, 7.381, 6.824, 6.309, 6.662, 7.373, 7.249, 6.349, 6.02, 6.95, 7.79, 7.26, 6.69, 6.17, 5.65, 5.74, 6.23, 5.88, 5.62, 5.93, 6.33, 6.6, 6.83, 5.5, 3.56, 3.36, 3.06, 2.91, 3.5, 3.94, 3.92, 4.0, 4.38, 5.0, 5.64, 5.46, 5.21, 5.18, 5.03, 5.02, 5.15, 5.08, 4.88, 4.88, 4.89, 5.31, 5.33, 5.35, 5.47, 5.12, 5.24, 5.13, 5.04, 5.38, 5.76, 6.17, 6.56, 6.09, 5.21, 5.3, 5.53, 5.51, 5.59, 6.5, 7.49, 8.07, 7.63], [1.49, 1.75, 1.81, 1.79, 1.29, 0, 2.3, 3.54, 3.66, 4.351, 5.643, 7.104, 6.916, 6.97, 7.589, 7.361, 6.334, 5.7, 5.989, 6.563, 6.519, 5.942, 5.479, 5.789, 6.498, 6.362, 5.382, 4.922, 5.9, 6.849, 6.39, 5.7, 5.1, 4.66, 4.73, 5.18, 4.79, 4.51, 4.86, 5.26, 5.49, 5.66, 4.47, 2.87, 2.77, 2.47, 2.26, 2.85, 3.31, 3.19, 3.17, 3.51, 4.15, 4.79, 4.57, 4.28, 4.37, 4.3, 4.35, 4.48, 4.43, 4.25, 4.25, 4.28, 4.74, 4.78, 4.76, 4.82, 4.53, 4.61, 4.5, 4.43, 4.87, 5.19, 5.7, 5.99, 5.52, 4.7, 4.85, 5.16, 5.02, 5.12, 6.19, 7.28, 8.004, 7.38], [3.17, 3.31, 3.31, 3.29, 3.19, 2.3, 0, 1.56, 1.88, 2.439, 3.652, 5.117, 4.992, 5.037, 5.657, 5.452, 4.411, 3.751, 3.914, 4.529, 4.529, 3.966, 3.508, 3.818, 4.452, 4.442, 3.65, 3.29, 4.26, 5.057, 4.59, 4.02, 3.52, 3.06, 3.11, 3.56, 3.41, 3.15, 3.42, 3.92, 4.13, 4.26, 2.99, 1.89, 2.49, 2.65, 2.98, 3.31, 3.19, 2.71, 2.29, 2.31, 2.91, 3.55, 3.33, 3.04, 3.19, 3.34, 3.39, 3.54, 3.47, 3.49, 3.71, 3.92, 4.4, 4.76, 4.4, 4.1, 4.17, 4.57, 4.46, 4.45, 4.97, 5.37, 5.82, 5.95, 5.66, 4.96, 5.09, 5.2, 5.0, 5.48, 6.69, 8.351, 9.407, 7.773], [4.19, 4.652, 4.661, 4.635, 4.456, 3.54, 1.56, 0, 0.86, 1.4, 2.32, 3.791, 3.684, 3.724, 4.269, 4.055, 3.034, 2.4, 2.652, 3.28, 3.25, 2.83, 2.41, 2.68, 3.124, 3.19, 2.39, 2.21, 3.1, 3.86, 3.45, 2.82, 2.44, 2.04, 2.11, 2.54, 2.27, 2.07, 2.28, 2.82, 3.03, 3.14, 1.95, 2.49, 3.51, 3.83, 4.16, 4.35, 4.13, 3.35, 2.51, 2.61, 2.71, 2.75, 2.61, 3.04, 3.51, 3.94, 4.091, 4.101, 4.206, 4.382, 4.583, 4.813, 5.34, 5.666, 4.9, 4.52, 4.865, 5.482, 5.386, 5.268, 5.828, 6.323, 6.676, 6.586, 6.576, 5.87, 5.909, 6.11, 5.873, 6.421, 7.656, 9.383, 10.567, 8.746], [4.11, 4.812, 4.801, 4.795, 4.596, 3.66, 1.88, 0.86, 0, 1.14, 2.1, 3.566, 3.383, 3.442, 4.042, 3.813, 2.8, 2.26, 2.573, 3.345, 3.305, 2.966, 2.55, 2.82, 3.218, 3.19, 2.41, 2.07, 2.96, 3.72, 3.31, 2.72, 2.36, 1.94, 2.17, 2.54, 2.07, 1.87, 2.1, 2.54, 2.81, 2.9, 1.71, 2.33, 3.53, 3.99, 4.34, 4.35, 3.89, 3.15, 2.53, 2.45, 2.45, 2.61, 2.41, 2.9, 3.29, 3.76, 3.89, 3.978, 4.114, 4.305, 4.563, 4.773, 5.07, 5.49, 4.76, 4.38, 4.649, 5.186, 5.233, 5.09, 5.669, 6.103, 6.479, 6.45, 6.539, 5.93, 5.829, 6.01, 5.853, 6.461, 7.634, 9.333, 10.644, 8.653], [4.739, 5.452, 5.48, 5.455, 5.273, 4.351, 2.439, 1.4, 1.14, 0, 1.54, 2.947, 2.81, 2.91, 3.377, 3.291, 2.42, 1.82, 2.1, 2.961, 2.901, 2.55, 2.69, 2.8, 2.88, 2.93, 2.43, 2.31, 2.86, 3.5, 3.15, 2.6, 2.46, 2.12, 2.45, 2.7, 2.31, 2.03, 2.34, 2.74, 3.05, 3.02, 1.89, 2.81, 4.142, 4.633, 4.997, 5.028, 4.403, 3.566, 2.81, 2.55, 2.69, 2.71, 2.57, 3.1, 3.55, 4.1, 4.405, 4.527, 4.665, 4.905, 5.045, 5.235, 5.493, 5.65, 4.779, 4.32, 4.783, 5.58, 5.749, 5.463, 5.903, 6.423, 6.793, 6.857, 7.049, 6.497, 6.382, 6.501, 6.375, 7.137, 8.224, 9.94, 11.26, 9.178], [6.005, 6.629, 6.634, 6.626, 6.49, 5.643, 3.652, 2.32, 2.1, 1.54, 0, 1.68, 1.59, 1.75, 2.27, 2.19, 1.66, 1.42, 1.48, 2.07, 1.85, 1.95, 2.27, 2.32, 2.24, 2.47, 2.15, 2.29, 2.7, 3.22, 3.05, 2.62, 2.5, 2.4, 2.75, 2.88, 2.57, 2.69, 2.86, 3.18, 3.47, 3.3, 2.53, 4.068, 5.37, 5.864, 6.269, 6.316, 5.708, 4.857, 4.15, 3.877, 3.99, 3.77, 3.57, 4.12, 4.723, 5.347, 5.668, 5.741, 5.908, 6.148, 6.283, 6.478, 6.778, 6.97, 5.939, 5.494, 6.1, 6.977, 7.104, 6.78, 7.186, 7.78, 8.093, 8.137, 8.364, 7.8, 7.71, 7.884, 7.678, 8.455, 9.547, 11.223, 12.55, 10.524], [7.461, 8.081, 8.092, 8.086, 8.005, 7.104, 5.117, 3.791, 3.566, 2.947, 1.68, 0, 0.83, 0.95, 1.17, 1.23, 1.44, 1.68, 1.56, 1.57, 1.49, 1.87, 2.39, 2.14, 1.62, 1.77, 2.25, 2.77, 2.38, 2.48, 2.67, 2.72, 2.7, 3.28, 3.53, 3.22, 3.15, 3.25, 3.38, 3.66, 3.63, 3.4, 3.05, 5.535, 6.964, 7.35, 7.706, 7.771, 7.143, 6.305, 5.57, 5.194, 5.281, 4.77, 4.808, 5.236, 5.863, 6.543, 7.089, 7.182, 7.341, 7.581, 7.727, 7.91, 8.253, 8.281, 7.239, 6.745, 7.411, 8.335, 8.547, 8.179, 8.545, 9.145, 9.393, 9.517, 9.764, 9.238, 9.203, 9.358, 9.239, 9.928, 11.068, 12.702, 13.996, 11.919], [7.215, 7.967, 7.97, 7.95, 7.814, 6.916, 4.992, 3.684, 3.383, 2.81, 1.59, 0.83, 0, 0.78, 1.1, 1.14, 1.41, 1.77, 1.61, 1.8, 1.6, 1.68, 2.12, 1.95, 1.65, 2.0, 2.36, 2.8, 2.57, 2.67, 2.96, 3.03, 2.99, 3.53, 3.76, 3.59, 3.5, 3.6, 3.69, 3.93, 3.94, 3.55, 3.2, 5.439, 6.746, 7.237, 7.516, 7.561, 6.933, 6.133, 5.459, 5.142, 5.207, 4.84, 4.66, 5.286, 5.873, 6.457, 6.885, 6.975, 7.116, 7.37, 7.513, 7.728, 8.061, 8.183, 7.232, 6.798, 7.316, 8.147, 8.379, 8.016, 8.456, 8.99, 9.343, 9.407, 9.619, 9.062, 9.009, 9.191, 9.017, 9.722, 10.864, 12.52, 13.839, 11.833], [7.218, 8.067, 8.034, 8.029, 7.894, 6.97, 5.037, 3.724, 3.442, 2.91, 1.75, 0.95, 0.78, 0, 0.74, 1.06, 1.23, 1.65, 1.65, 1.78, 1.56, 1.8, 2.24, 1.97, 1.61, 1.86, 2.18, 2.88, 2.53, 2.51, 2.88, 2.95, 2.93, 3.37, 3.7, 3.41, 3.38, 3.34, 3.53, 3.71, 3.72, 3.43, 3.14, 5.524, 6.867, 7.32, 7.584, 7.646, 7.004, 6.132, 5.514, 5.164, 5.15, 4.72, 4.72, 5.135, 5.713, 6.434, 6.999, 7.106, 7.271, 7.519, 7.665, 7.84, 8.2, 8.223, 7.238, 6.681, 7.333, 8.152, 8.414, 7.972, 8.496, 8.915, 9.343, 9.455, 9.654, 9.056, 9.021, 9.225, 9.121, 9.768, 10.893, 12.609, 13.885, 11.818], [7.778, 8.71, 8.689, 8.672, 8.508, 7.589, 5.657, 4.269, 4.042, 3.377, 2.27, 1.17, 1.1, 0.74, 0, 0.82, 1.43, 2.03, 1.99, 1.7, 1.7, 2.12, 2.56, 2.35, 1.73, 1.96, 2.58, 3.34, 2.49, 2.15, 2.66, 2.91, 3.19, 3.69, 3.9, 3.51, 3.54, 3.7, 3.85, 3.85, 3.56, 3.39, 3.54, 6.135, 7.483, 7.919, 8.195, 8.251, 7.584, 6.721, 6.02, 5.75, 5.739, 5.204, 5.253, 5.606, 6.19, 7.013, 7.556, 7.663, 7.828, 8.079, 8.225, 8.392, 8.743, 8.758, 7.717, 7.043, 7.864, 8.741, 9.022, 8.541, 9.075, 9.515, 9.882, 10.027, 10.231, 9.678, 9.633, 9.857, 9.741, 10.382, 11.516, 13.194, 14.479, 12.396], [7.49, 8.478, 8.452, 8.438, 8.276, 7.361, 5.452, 4.055, 3.813, 3.291, 2.19, 1.23, 1.14, 1.06, 0.82, 0, 1.23, 1.83, 1.79, 1.5, 1.56, 1.86, 2.28, 2.03, 1.61, 1.9, 2.52, 3.08, 2.53, 2.23, 2.72, 2.85, 3.07, 3.65, 3.86, 3.37, 3.54, 3.64, 3.93, 3.87, 3.62, 3.19, 3.4, 5.927, 7.293, 7.685, 7.996, 8.032, 7.361, 6.534, 5.817, 5.559, 5.721, 5.107, 5.199, 5.749, 6.296, 6.857, 7.281, 7.397, 7.562, 7.802, 7.956, 8.131, 8.603, 8.666, 7.672, 7.158, 7.739, 8.541, 8.831, 8.379, 8.899, 9.333, 9.666, 9.721, 9.934, 9.484, 9.438, 9.67, 9.572, 10.183, 11.35, 13.016, 14.343, 12.261], [6.685, 7.437, 7.442, 7.42, 7.241, 6.334, 4.411, 3.034, 2.8, 2.42, 1.66, 1.44, 1.41, 1.23, 1.43, 1.23, 0, 0.82, 1.12, 1.35, 1.25, 1.31, 1.67, 1.68, 1.5, 1.63, 1.77, 2.29, 2.04, 2.3, 2.39, 2.36, 2.34, 2.86, 2.99, 2.7, 2.83, 2.93, 3.12, 3.26, 3.03, 2.62, 2.63, 5.037, 6.257, 6.655, 6.96, 7.014, 6.46, 5.563, 4.81, 4.666, 4.763, 4.237, 4.341, 4.996, 5.583, 6.127, 6.52, 6.63, 6.789, 7.0, 7.163, 7.35, 7.77, 7.893, 6.908, 6.448, 6.966, 7.563, 7.801, 7.446, 8.006, 8.443, 8.853, 8.94, 9.095, 8.415, 8.388, 8.624, 8.547, 9.119, 10.317, 12.005, 13.285, 11.161], [6.185, 6.835, 6.829, 6.798, 6.616, 5.7, 3.751, 2.4, 2.26, 1.82, 1.42, 1.68, 1.77, 1.65, 2.03, 1.83, 0.82, 0, 0.94, 1.45, 1.39, 1.45, 1.73, 1.72, 1.64, 1.57, 1.61, 1.83, 1.94, 2.4, 2.33, 1.96, 1.8, 2.24, 2.41, 2.22, 2.19, 2.27, 2.46, 2.74, 2.71, 2.42, 2.05, 4.47, 5.617, 6.033, 6.34, 6.414, 5.9, 5.028, 4.197, 4.09, 4.145, 3.69, 3.79, 4.359, 4.923, 5.524, 5.952, 6.053, 6.212, 6.423, 6.586, 6.764, 7.199, 7.253, 6.322, 5.868, 6.346, 7.025, 7.181, 6.886, 7.386, 7.92, 8.193, 8.354, 8.507, 7.855, 7.823, 7.973, 7.91, 8.542, 9.703, 11.428, 12.648, 10.548], [6.597, 6.898, 6.902, 6.916, 6.791, 5.989, 3.914, 2.652, 2.573, 2.1, 1.48, 1.56, 1.61, 1.65, 1.99, 1.79, 1.12, 0.94, 0, 1.11, 1.19, 1.03, 1.49, 1.58, 1.34, 1.43, 1.59, 1.89, 1.9, 2.34, 2.23, 2.0, 1.96, 2.4, 2.43, 2.3, 2.45, 2.59, 2.74, 3.0, 2.97, 2.74, 2.39, 4.614, 5.891, 6.199, 6.663, 6.811, 6.283, 5.419, 4.562, 4.388, 4.407, 4.01, 4.046, 4.695, 5.273, 5.851, 6.204, 6.322, 6.475, 6.706, 6.869, 7.068, 7.388, 7.523, 6.618, 6.165, 6.719, 7.447, 7.568, 7.319, 7.779, 8.353, 8.606, 8.704, 8.879, 8.235, 8.218, 8.306, 8.19, 8.879, 9.992, 11.676, 12.848, 10.863], [7.199, 7.443, 7.422, 7.457, 7.41, 6.563, 4.529, 3.28, 3.345, 2.961, 2.07, 1.57, 1.8, 1.78, 1.7, 1.5, 1.35, 1.45, 1.11, 0, 0.6, 0.96, 1.36, 1.31, 1.11, 1.34, 1.96, 2.58, 2.19, 2.23, 2.42, 2.55, 2.53, 2.984, 3.06, 2.71, 3.04, 3.32, 3.43, 3.65, 3.22, 3.05, 3.08, 5.297, 6.559, 6.828, 7.249, 7.482, 7.037, 6.088, 5.303, 5.106, 5.243, 4.747, 4.872, 5.357, 5.986, 6.661, 7.02, 7.092, 7.179, 7.376, 7.553, 7.712, 8.227, 8.284, 7.305, 6.871, 7.474, 8.226, 8.264, 7.943, 8.417, 9.009, 9.179, 9.397, 9.498, 8.846, 8.891, 8.956, 8.901, 9.549, 10.768, 12.441, 13.572, 11.613], [7.108, 7.406, 7.368, 7.411, 7.381, 6.519, 4.529, 3.25, 3.305, 2.901, 1.85, 1.49, 1.6, 1.56, 1.7, 1.56, 1.25, 1.39, 1.19, 0.6, 0, 0.88, 1.34, 1.39, 1.31, 1.58, 2.0, 2.62, 2.35, 2.43, 2.7, 2.69, 2.57, 3.05, 3.18, 2.93, 3.14, 3.36, 3.43, 3.69, 3.38, 3.15, 3.1, 5.237, 6.559, 6.773, 7.177, 7.422, 6.977, 6.011, 5.287, 5.05, 5.218, 4.694, 4.807, 5.297, 5.889, 6.561, 6.94, 7.012, 7.099, 7.259, 7.436, 7.632, 8.147, 8.187, 7.248, 6.834, 7.426, 8.163, 8.184, 7.851, 8.375, 8.957, 9.159, 9.322, 9.395, 8.766, 8.791, 8.893, 8.881, 9.489, 10.708, 12.381, 13.552, 11.553], [6.605, 6.84, 6.829, 6.831, 6.824, 5.942, 3.966, 2.83, 2.966, 2.55, 1.95, 1.87, 1.68, 1.8, 2.12, 1.86, 1.31, 1.45, 1.03, 0.96, 0.88, 0, 0.84, 0.97, 1.23, 1.46, 1.84, 2.4, 2.29, 2.51, 2.72, 2.71, 2.51, 2.91, 2.96, 2.89, 3.06, 3.34, 3.31, 3.65, 3.52, 3.23, 2.98, 4.814, 6.076, 6.23, 6.632, 6.939, 6.523, 5.612, 4.859, 4.69, 4.853, 4.44, 4.534, 5.108, 5.686, 6.204, 6.517, 6.629, 6.736, 6.856, 7.033, 7.25, 7.73, 7.816, 6.937, 6.617, 7.072, 7.752, 7.75, 7.512, 8.015, 8.589, 8.842, 8.964, 8.958, 8.324, 8.343, 8.459, 8.418, 9.013, 10.232, 11.908, 13.053, 11.119], [6.107, 6.431, 6.382, 6.365, 6.309, 5.479, 3.508, 2.41, 2.55, 2.69, 2.27, 2.39, 2.12, 2.24, 2.56, 2.28, 1.67, 1.73, 1.49, 1.36, 1.34, 0.84, 0, 0.57, 1.29, 1.5, 1.86, 2.36, 2.39, 2.53, 2.76, 2.77, 2.53, 2.89, 2.94, 2.91, 3.1, 3.36, 3.33, 3.69, 3.52, 3.23, 2.9, 4.421, 5.593, 5.765, 6.126, 6.436, 6.123, 5.248, 4.619, 4.576, 4.656, 4.34, 4.46, 4.995, 5.456, 5.927, 6.201, 6.231, 6.336, 6.438, 6.636, 6.853, 7.381, 7.613, 6.924, 6.624, 6.848, 7.435, 7.393, 7.225, 7.781, 8.289, 8.611, 8.594, 8.532, 7.903, 7.962, 8.134, 8.0, 8.547, 9.782, 11.476, 12.659, 10.773], [6.397, 6.713, 6.689, 6.656, 6.662, 5.789, 3.818, 2.68, 2.82, 2.8, 2.32, 2.14, 1.95, 1.97, 2.35, 2.03, 1.68, 1.72, 1.58, 1.31, 1.39, 0.97, 0.57, 0, 0.96, 1.35, 1.85, 2.47, 2.48, 2.46, 2.77, 2.86, 2.64, 2.98, 3.07, 2.98, 3.19, 3.45, 3.44, 3.82, 3.69, 3.44, 3.01, 4.67, 5.803, 6.075, 6.473, 6.692, 6.424, 5.475, 4.869, 4.764, 4.826, 4.55, 4.63, 5.165, 5.605, 6.209, 6.47, 6.481, 6.569, 6.724, 6.859, 7.071, 7.661, 7.786, 7.071, 6.754, 7.032, 7.725, 7.657, 7.415, 7.991, 8.499, 8.781, 8.798, 8.801, 8.157, 8.252, 8.444, 8.297, 8.837, 10.101, 11.766, 12.915, 11.077], [7.177, 7.427, 7.418, 7.435, 7.373, 6.498, 4.452, 3.124, 3.218, 2.88, 2.24, 1.62, 1.65, 1.61, 1.73, 1.61, 1.5, 1.64, 1.34, 1.11, 1.31, 1.23, 1.29, 0.96, 0, 0.71, 1.69, 2.49, 2.16, 2.06, 2.41, 2.5, 2.44, 2.82, 2.79, 2.68, 2.87, 3.25, 3.26, 3.48, 3.43, 3.3, 3.09, 5.164, 6.498, 6.755, 7.179, 7.398, 6.904, 5.996, 5.128, 5.013, 5.13, 4.71, 4.751, 5.269, 5.893, 6.566, 6.904, 6.968, 7.129, 7.323, 7.484, 7.656, 8.094, 8.171, 7.155, 6.673, 7.381, 8.113, 8.197, 7.89, 8.384, 8.939, 9.123, 9.295, 9.453, 8.796, 8.841, 8.943, 8.811, 9.485, 10.632, 12.348, 13.49, 11.5], [7.115, 7.408, 7.365, 7.383, 7.249, 6.362, 4.442, 3.19, 3.19, 2.93, 2.47, 1.77, 2.0, 1.86, 1.96, 1.9, 1.63, 1.57, 1.43, 1.34, 1.58, 1.46, 1.5, 1.35, 0.71, 0, 1.38, 2.24, 1.85, 1.65, 2.04, 2.15, 2.17, 2.67, 2.56, 2.39, 2.58, 2.9, 2.95, 3.07, 3.1, 3.03, 2.76, 5.122, 6.453, 6.639, 7.006, 7.25, 6.725, 5.81, 4.936, 4.805, 4.894, 4.438, 4.537, 4.887, 5.477, 6.253, 6.688, 6.789, 6.945, 7.137, 7.317, 7.475, 7.895, 7.93, 6.901, 6.402, 7.12, 7.894, 8.018, 7.685, 8.162, 8.739, 8.87, 9.133, 9.278, 8.624, 8.662, 8.786, 8.726, 9.332, 10.499, 12.183, 13.323, 11.301], [6.08, 6.777, 6.68, 6.697, 6.349, 5.382, 3.65, 2.39, 2.41, 2.43, 2.15, 2.25, 2.36, 2.18, 2.58, 2.52, 1.77, 1.61, 1.59, 1.96, 2.0, 1.84, 1.86, 1.85, 1.69, 1.38, 0, 1.14, 1.23, 1.67, 1.7, 1.49, 1.39, 1.83, 1.98, 1.91, 1.76, 2.0, 2.13, 2.33, 2.52, 2.41, 1.82, 4.03, 5.336, 5.581, 5.849, 5.933, 5.457, 4.568, 3.834, 3.607, 3.758, 3.457, 3.397, 3.763, 4.383, 5.041, 5.368, 5.496, 5.644, 5.818, 5.978, 6.16, 6.664, 6.764, 5.771, 5.317, 5.957, 6.651, 6.876, 6.457, 6.934, 7.497, 7.673, 7.851, 7.994, 7.43, 7.481, 7.68, 7.572, 8.131, 9.321, 10.937, 12.154, 10.175], [5.72, 6.4, 6.34, 6.36, 6.02, 4.922, 3.29, 2.21, 2.07, 2.31, 2.29, 2.77, 2.8, 2.88, 3.34, 3.08, 2.29, 1.83, 1.89, 2.58, 2.62, 2.4, 2.36, 2.47, 2.49, 2.24, 1.14, 0, 1.15, 2.15, 1.82, 1.31, 1.09, 1.61, 1.68, 1.59, 1.48, 1.6, 1.81, 2.11, 2.3, 1.93, 1.54, 3.48, 4.75, 5.049, 5.245, 5.296, 4.844, 3.956, 3.248, 3.065, 3.21, 3.077, 2.897, 3.424, 3.976, 4.54, 4.766, 4.856, 4.986, 5.164, 5.318, 5.514, 6.01, 6.239, 5.38, 4.965, 5.467, 6.095, 6.248, 5.894, 6.393, 6.922, 7.218, 7.216, 7.372, 6.855, 6.865, 7.106, 6.92, 7.498, 8.642, 10.235, 11.511, 9.599], [6.65, 7.39, 7.35, 7.31, 6.95, 5.9, 4.26, 3.1, 2.96, 2.86, 2.7, 2.38, 2.57, 2.53, 2.49, 2.53, 2.04, 1.94, 1.9, 2.19, 2.35, 2.29, 2.39, 2.48, 2.16, 1.85, 1.23, 1.15, 0, 1.2, 1.13, 0.98, 1.2, 1.76, 1.91, 1.58, 1.59, 1.81, 1.86, 1.94, 1.71, 1.52, 1.85, 4.27, 5.61, 5.956, 6.198, 6.228, 5.6, 4.782, 4.084, 3.731, 3.87, 3.25, 3.311, 3.776, 4.33, 5.049, 5.476, 5.609, 5.753, 5.964, 6.11, 6.28, 6.661, 6.73, 5.678, 5.19, 5.88, 6.757, 7.0, 6.571, 7.035, 7.608, 7.79, 7.934, 8.148, 7.667, 7.621, 7.804, 7.669, 8.336, 9.479, 11.06, 12.391, 10.384], [7.37, 8.21, 8.15, 8.07, 7.79, 6.849, 5.057, 3.86, 3.72, 3.5, 3.22, 2.48, 2.67, 2.51, 2.15, 2.23, 2.3, 2.4, 2.34, 2.23, 2.43, 2.51, 2.53, 2.46, 2.06, 1.65, 1.67, 2.15, 1.2, 0, 1.19, 1.62, 2.12, 2.74, 2.57, 2.22, 2.37, 2.59, 2.76, 2.68, 2.33, 2.12, 2.65, 5.25, 6.605, 6.936, 7.234, 7.251, 6.6, 5.837, 5.077, 4.706, 4.681, 4.134, 4.121, 4.471, 5.087, 5.889, 6.446, 6.557, 6.727, 6.958, 7.104, 7.271, 7.569, 7.612, 6.617, 6.014, 6.847, 7.795, 8.041, 7.592, 8.024, 8.603, 8.796, 8.938, 9.156, 8.733, 8.692, 8.851, 8.714, 9.413, 10.517, 12.119, 13.41, 11.39], [7.1, 7.7, 7.6, 7.62, 7.26, 6.39, 4.59, 3.45, 3.31, 3.15, 3.05, 2.67, 2.96, 2.88, 2.66, 2.72, 2.39, 2.33, 2.23, 2.42, 2.7, 2.72, 2.76, 2.77, 2.41, 2.04, 1.7, 1.82, 1.13, 1.19, 0, 0.89, 1.55, 2.19, 1.98, 1.59, 1.88, 2.2, 2.27, 2.27, 1.92, 1.75, 2.12, 4.7, 6.023, 6.452, 6.836, 6.887, 6.233, 5.392, 4.624, 4.245, 4.248, 3.581, 3.631, 4.041, 4.714, 5.453, 6.048, 6.132, 6.29, 6.55, 6.69, 6.86, 7.083, 7.084, 6.11, 5.559, 6.38, 7.402, 7.574, 7.195, 7.601, 8.201, 8.403, 8.581, 8.845, 8.328, 8.229, 8.294, 8.157, 8.988, 10.035, 11.714, 13.019, 10.946], [6.45, 7.09, 7.01, 7.03, 6.69, 5.7, 4.02, 2.82, 2.72, 2.6, 2.62, 2.72, 3.03, 2.95, 2.91, 2.85, 2.36, 1.96, 2.0, 2.55, 2.69, 2.71, 2.77, 2.86, 2.5, 2.15, 1.49, 1.31, 0.98, 1.62, 0.89, 0, 0.86, 1.5, 1.51, 1.06, 1.17, 1.49, 1.58, 1.64, 1.53, 1.4, 1.57, 4.01, 5.336, 5.759, 6.057, 6.099, 5.463, 4.616, 3.884, 3.494, 3.624, 2.954, 3.047, 3.46, 4.087, 4.806, 5.278, 5.376, 5.529, 5.783, 5.926, 6.093, 6.425, 6.44, 5.455, 4.933, 5.676, 6.624, 6.824, 6.409, 6.803, 7.409, 7.631, 7.792, 8.041, 7.538, 7.494, 7.587, 7.448, 8.198, 9.312, 10.953, 12.261, 10.251], [5.93, 6.45, 6.45, 6.47, 6.17, 5.1, 3.52, 2.44, 2.36, 2.46, 2.5, 2.7, 2.99, 2.93, 3.19, 3.07, 2.34, 1.8, 1.96, 2.53, 2.57, 2.51, 2.53, 2.64, 2.44, 2.17, 1.39, 1.09, 1.2, 2.12, 1.55, 0.86, 0, 0.92, 1.25, 0.96, 0.85, 1.11, 1.18, 1.4, 1.63, 1.52, 1.23, 3.51, 4.81, 5.159, 5.437, 5.537, 4.903, 3.98, 3.36, 3.011, 3.211, 2.59, 2.631, 3.116, 3.75, 4.406, 4.778, 4.888, 4.998, 5.172, 5.352, 5.528, 5.985, 5.989, 4.995, 4.545, 5.244, 6.073, 6.245, 5.841, 6.264, 6.844, 7.063, 7.221, 7.398, 6.935, 6.854, 6.983, 6.919, 7.625, 8.772, 10.416, 11.733, 9.7], [5.65, 5.93, 5.99, 5.93, 5.65, 4.66, 3.06, 2.04, 1.94, 2.12, 2.4, 3.28, 3.53, 3.37, 3.69, 3.65, 2.86, 2.24, 2.4, 2.984, 3.05, 2.91, 2.89, 2.98, 2.82, 2.67, 1.83, 1.61, 1.76, 2.74, 2.19, 1.5, 0.92, 0, 0.91, 1.0, 0.69, 0.99, 0.94, 1.24, 1.53, 1.78, 1.35, 2.97, 4.17, 4.67, 5.0, 5.051, 4.485, 3.58, 2.84, 2.571, 2.751, 2.35, 2.35, 2.816, 3.42, 4.124, 4.468, 4.55, 4.689, 4.928, 5.083, 5.241, 5.675, 5.701, 4.619, 4.105, 4.851, 5.651, 5.713, 5.403, 5.831, 6.411, 6.664, 6.84, 7.038, 6.443, 6.383, 6.401, 6.293, 7.123, 8.223, 9.953, 11.227, 9.181], [5.86, 5.98, 6.02, 5.96, 5.74, 4.73, 3.11, 2.11, 2.17, 2.45, 2.75, 3.53, 3.76, 3.7, 3.9, 3.86, 2.99, 2.41, 2.43, 3.06, 3.18, 2.96, 2.94, 3.07, 2.79, 2.56, 1.98, 1.68, 1.91, 2.57, 1.98, 1.51, 1.25, 0.91, 0, 0.95, 1.1, 1.38, 1.37, 1.49, 1.86, 2.07, 1.64, 3.38, 4.5, 4.74, 5.168, 5.364, 4.878, 3.955, 3.098, 2.984, 3.12, 2.7, 2.721, 3.24, 3.89, 4.573, 4.891, 4.955, 5.116, 5.31, 5.476, 5.643, 6.081, 6.134, 5.037, 4.563, 5.327, 6.063, 6.147, 5.824, 6.324, 6.887, 7.057, 7.262, 7.406, 6.751, 6.788, 6.873, 6.738, 7.432, 8.579, 10.295, 11.478, 9.45], [6.29, 6.53, 6.57, 6.51, 6.23, 5.18, 3.56, 2.54, 2.54, 2.7, 2.88, 3.22, 3.59, 3.41, 3.51, 3.37, 2.7, 2.22, 2.3, 2.71, 2.93, 2.89, 2.91, 2.98, 2.68, 2.39, 1.91, 1.59, 1.58, 2.22, 1.59, 1.06, 0.96, 1.0, 0.95, 0, 0.87, 1.29, 1.28, 1.42, 1.47, 1.52, 1.71, 3.69, 4.79, 5.17, 5.46, 5.579, 5.065, 4.21, 3.39, 3.09, 3.228, 2.69, 2.788, 3.233, 3.86, 4.566, 4.944, 5.056, 5.195, 5.443, 5.589, 5.759, 6.151, 6.16, 5.083, 4.603, 5.35, 6.187, 6.253, 5.952, 6.387, 6.984, 7.183, 7.366, 7.587, 6.964, 6.958, 6.977, 6.842, 7.613, 8.672, 10.399, 11.644, 9.637], [5.72, 6.3, 6.28, 6.28, 5.88, 4.79, 3.41, 2.27, 2.07, 2.31, 2.57, 3.15, 3.5, 3.38, 3.54, 3.54, 2.83, 2.19, 2.45, 3.04, 3.14, 3.06, 3.1, 3.19, 2.87, 2.58, 1.76, 1.48, 1.59, 2.37, 1.88, 1.17, 0.85, 0.69, 1.1, 0.87, 0, 0.74, 0.79, 1.05, 1.38, 1.53, 1.3, 3.16, 4.4, 4.8, 5.05, 5.08, 4.52, 3.649, 2.92, 2.56, 2.72, 2.2, 2.22, 2.634, 3.267, 3.991, 4.391, 4.443, 4.582, 4.825, 4.956, 5.14, 5.578, 5.667, 4.642, 4.12, 4.843, 5.634, 5.795, 5.405, 5.814, 6.433, 6.648, 6.788, 7.051, 6.527, 6.47, 6.604, 6.472, 7.197, 8.359, 9.972, 11.278, 9.204], [5.34, 6.0, 6.02, 6.02, 5.62, 4.51, 3.15, 2.07, 1.87, 2.03, 2.69, 3.25, 3.6, 3.34, 3.7, 3.64, 2.93, 2.27, 2.59, 3.32, 3.36, 3.34, 3.36, 3.45, 3.25, 2.9, 2.0, 1.6, 1.81, 2.59, 2.2, 1.49, 1.11, 0.99, 1.38, 1.29, 0.74, 0, 0.75, 1.05, 1.38, 1.65, 0.96, 2.92, 4.18, 4.58, 4.77, 4.82, 4.189, 3.349, 2.66, 2.3, 2.293, 1.84, 1.88, 2.25, 2.83, 3.511, 3.999, 4.098, 4.262, 4.51, 4.656, 4.826, 5.263, 5.299, 4.306, 3.81, 4.477, 5.328, 5.557, 5.162, 5.591, 6.156, 6.41, 6.473, 6.731, 6.268, 6.224, 6.36, 6.232, 6.937, 8.064, 9.678, 10.965, 8.909], [5.71, 6.25, 6.31, 6.27, 5.93, 4.86, 3.42, 2.28, 2.1, 2.34, 2.86, 3.38, 3.69, 3.53, 3.85, 3.93, 3.12, 2.46, 2.74, 3.43, 3.43, 3.31, 3.33, 3.44, 3.26, 2.95, 2.13, 1.81, 1.86, 2.76, 2.27, 1.58, 1.18, 0.94, 1.37, 1.28, 0.79, 0.75, 0, 0.74, 1.11, 1.66, 1.15, 2.99, 4.17, 4.59, 4.78, 4.75, 4.128, 3.35, 2.69, 2.27, 2.35, 1.83, 1.83, 2.16, 2.757, 3.477, 3.989, 4.088, 4.252, 4.483, 4.646, 4.799, 5.153, 5.114, 4.099, 3.58, 4.29, 5.203, 5.456, 5.026, 5.463, 6.049, 6.239, 6.409, 6.661, 6.192, 6.12, 6.207, 6.082, 6.835, 7.918, 9.548, 10.925, 8.824], [5.93, 6.69, 6.71, 6.73, 6.33, 5.26, 3.92, 2.82, 2.54, 2.74, 3.18, 3.66, 3.93, 3.71, 3.85, 3.87, 3.26, 2.74, 3.0, 3.65, 3.69, 3.65, 3.69, 3.82, 3.48, 3.07, 2.33, 2.11, 1.94, 2.68, 2.27, 1.64, 1.4, 1.24, 1.49, 1.42, 1.05, 1.05, 0.74, 0, 1.17, 1.88, 1.45, 3.31, 4.43, 4.79, 4.94, 4.89, 4.208, 3.49, 2.87, 2.41, 2.49, 1.77, 1.87, 2.24, 2.75, 3.38, 3.874, 3.981, 4.149, 4.38, 4.543, 4.696, 5.133, 5.174, 4.118, 3.6, 4.348, 5.303, 5.561, 5.123, 5.534, 6.102, 6.266, 6.366, 6.629, 6.26, 6.191, 6.332, 6.258, 6.944, 8.08, 9.665, 10.982, 8.944], [6.44, 7.02, 7.06, 7.0, 6.6, 5.49, 4.13, 3.03, 2.81, 3.05, 3.47, 3.63, 3.94, 3.72, 3.56, 3.62, 3.03, 2.71, 2.97, 3.22, 3.38, 3.52, 3.52, 3.69, 3.43, 3.1, 2.52, 2.3, 1.71, 2.33, 1.92, 1.53, 1.63, 1.53, 1.86, 1.47, 1.38, 1.38, 1.11, 1.17, 0, 1.13, 1.54, 3.78, 4.9, 5.3, 5.49, 5.42, 4.8, 4.02, 3.38, 2.94, 2.98, 2.32, 2.48, 2.87, 3.38, 4.103, 4.661, 4.765, 4.933, 5.184, 5.33, 5.497, 5.818, 5.832, 4.75, 4.15, 4.95, 5.856, 6.029, 5.661, 6.09, 6.684, 6.876, 7.084, 7.305, 6.751, 6.678, 6.791, 6.686, 7.431, 8.552, 10.206, 11.522, 9.374], [6.53, 7.29, 7.33, 7.25, 6.83, 5.66, 4.26, 3.14, 2.9, 3.02, 3.3, 3.4, 3.55, 3.43, 3.39, 3.19, 2.62, 2.42, 2.74, 3.05, 3.15, 3.23, 3.23, 3.44, 3.3, 3.03, 2.41, 1.93, 1.52, 2.12, 1.75, 1.4, 1.52, 1.78, 2.07, 1.52, 1.53, 1.65, 1.66, 1.88, 1.13, 0, 1.69, 4.09, 5.31, 5.77, 5.992, 5.993, 5.399, 4.55, 3.842, 3.55, 3.643, 2.985, 3.123, 3.593, 4.14, 4.854, 5.366, 5.462, 5.624, 5.852, 6.018, 6.188, 6.526, 6.59, 5.556, 5.04, 5.643, 6.499, 6.744, 6.363, 6.863, 7.342, 7.669, 7.797, 8.018, 7.441, 7.391, 7.564, 7.459, 8.099, 9.258, 10.928, 12.295, 10.197], [5.12, 5.82, 5.78, 5.82, 5.5, 4.47, 2.99, 1.95, 1.71, 1.89, 2.53, 3.05, 3.2, 3.14, 3.54, 3.4, 2.63, 2.05, 2.39, 3.08, 3.1, 2.98, 2.9, 3.01, 3.09, 2.76, 1.82, 1.54, 1.85, 2.65, 2.12, 1.57, 1.23, 1.35, 1.64, 1.71, 1.3, 0.96, 1.15, 1.45, 1.54, 1.69, 0, 2.78, 4.197, 4.6, 4.95, 4.995, 4.326, 3.556, 2.86, 2.539, 2.501, 2.08, 2.08, 2.61, 3.15, 3.771, 4.193, 4.323, 4.473, 4.707, 4.873, 5.045, 5.375, 5.477, 4.61, 4.21, 4.713, 5.581, 5.822, 5.433, 5.853, 6.433, 6.683, 6.761, 6.995, 6.479, 6.452, 6.648, 6.463, 7.139, 8.261, 9.851, 11.18, 9.19], [3.18, 3.56, 3.64, 3.66, 3.56, 2.87, 1.89, 2.49, 2.33, 2.81, 4.068, 5.535, 5.439, 5.524, 6.135, 5.927, 5.037, 4.47, 4.614, 5.297, 5.237, 4.814, 4.421, 4.67, 5.164, 5.122, 4.03, 3.48, 4.27, 5.25, 4.7, 4.01, 3.51, 2.97, 3.38, 3.69, 3.16, 2.92, 2.99, 3.31, 3.78, 4.09, 2.78, 0, 1.8, 2.06, 2.482, 2.54, 2.1, 1.78, 1.72, 1.6, 1.96, 2.48, 2.32, 2.21, 2.36, 2.35, 2.28, 2.49, 2.48, 2.64, 2.78, 2.93, 3.13, 3.53, 3.13, 2.89, 2.96, 3.56, 3.55, 3.48, 3.9, 4.34, 4.77, 4.86, 4.83, 4.25, 4.2, 4.25, 4.03, 4.71, 5.82, 7.43, 8.719, 6.91], [2.92, 3.5, 3.76, 3.66, 3.36, 2.77, 2.49, 3.51, 3.53, 4.142, 5.37, 6.964, 6.746, 6.867, 7.483, 7.293, 6.257, 5.617, 5.891, 6.559, 6.559, 6.076, 5.593, 5.803, 6.498, 6.453, 5.336, 4.75, 5.61, 6.605, 6.023, 5.336, 4.81, 4.17, 4.5, 4.79, 4.4, 4.18, 4.17, 4.43, 4.9, 5.31, 4.197, 1.8, 0, 0.98, 1.51, 1.42, 1.34, 1.58, 1.96, 2.2, 2.52, 3.18, 3.18, 2.93, 2.72, 2.41, 2.38, 2.53, 2.42, 2.34, 2.3, 2.45, 2.57, 3.07, 2.93, 2.93, 2.46, 2.7, 2.65, 2.76, 3.14, 3.48, 4.05, 4.14, 3.97, 3.29, 3.32, 3.37, 3.11, 3.67, 4.66, 6.348, 7.425, 5.99], [2.86, 3.28, 3.48, 3.4, 3.06, 2.47, 2.65, 3.83, 3.99, 4.633, 5.864, 7.35, 7.237, 7.32, 7.919, 7.685, 6.655, 6.033, 6.199, 6.828, 6.773, 6.23, 5.765, 6.075, 6.755, 6.639, 5.581, 5.049, 5.956, 6.936, 6.452, 5.759, 5.159, 4.67, 4.74, 5.17, 4.8, 4.58, 4.59, 4.79, 5.3, 5.77, 4.6, 2.06, 0.98, 0, 0.91, 1.02, 1.3, 1.78, 2.1, 2.52, 2.78, 3.44, 3.48, 3.21, 3.0, 2.67, 2.46, 2.57, 2.36, 2.14, 2.12, 2.19, 2.41, 2.93, 2.75, 2.81, 2.36, 2.64, 2.53, 2.56, 3.04, 3.42, 3.87, 4.02, 3.67, 2.99, 3.14, 3.27, 3.11, 3.35, 4.54, 6.094, 7.051, 5.786], [2.69, 3.19, 3.39, 3.31, 2.91, 2.26, 2.98, 4.16, 4.34, 4.997, 6.269, 7.706, 7.516, 7.584, 8.195, 7.996, 6.96, 6.34, 6.663, 7.249, 7.177, 6.632, 6.126, 6.473, 7.179, 7.006, 5.849, 5.245, 6.198, 7.234, 6.836, 6.057, 5.437, 5.0, 5.168, 5.46, 5.05, 4.77, 4.78, 4.94, 5.49, 5.992, 4.95, 2.482, 1.51, 0.91, 0, 0.91, 1.49, 2.01, 2.29, 2.73, 2.93, 3.61, 3.61, 3.34, 3.05, 2.68, 2.51, 2.6, 2.37, 2.17, 2.15, 2.16, 2.62, 2.78, 2.72, 2.9, 2.43, 2.59, 2.5, 2.41, 2.85, 3.21, 3.7, 3.93, 3.46, 2.76, 2.95, 3.2, 3.06, 3.16, 4.35, 5.864, 6.757, 5.559], [3.02, 3.8, 4.04, 3.94, 3.5, 2.85, 3.31, 4.35, 4.35, 5.028, 6.316, 7.771, 7.561, 7.646, 8.251, 8.032, 7.014, 6.414, 6.811, 7.482, 7.422, 6.939, 6.436, 6.692, 7.398, 7.25, 5.933, 5.296, 6.228, 7.251, 6.887, 6.099, 5.537, 5.051, 5.364, 5.579, 5.08, 4.82, 4.75, 4.89, 5.42, 5.993, 4.995, 2.54, 1.42, 1.02, 0.91, 0, 0.98, 1.76, 2.4, 2.7, 2.84, 3.5, 3.44, 3.21, 2.8, 2.33, 2.1, 2.21, 2.02, 1.84, 1.8, 1.71, 2.01, 2.21, 2.21, 2.41, 1.82, 1.88, 1.89, 1.78, 2.22, 2.5, 3.11, 3.34, 3.07, 2.33, 2.42, 2.69, 2.49, 2.69, 3.76, 5.35, 6.383, 4.97], [3.24, 4.16, 4.44, 4.36, 3.94, 3.31, 3.19, 4.13, 3.89, 4.403, 5.708, 7.143, 6.933, 7.004, 7.584, 7.361, 6.46, 5.9, 6.283, 7.037, 6.977, 6.523, 6.123, 6.424, 6.904, 6.725, 5.457, 4.844, 5.6, 6.6, 6.233, 5.463, 4.903, 4.485, 4.878, 5.065, 4.52, 4.189, 4.128, 4.208, 4.8, 5.399, 4.326, 2.1, 1.34, 1.3, 1.49, 0.98, 0, 1.18, 1.88, 2.08, 2.28, 2.82, 2.86, 2.55, 2.22, 1.99, 1.92, 2.13, 2.0, 1.86, 1.82, 1.73, 1.81, 2.13, 1.99, 2.13, 1.58, 1.62, 1.87, 1.74, 2.14, 2.46, 2.95, 3.18, 3.05, 2.51, 2.5, 2.71, 2.47, 3.09, 4.18, 5.688, 7.008, 5.03], [3.3, 4.12, 4.4, 4.32, 3.92, 3.19, 2.71, 3.35, 3.15, 3.566, 4.857, 6.305, 6.133, 6.132, 6.721, 6.534, 5.563, 5.028, 5.419, 6.088, 6.011, 5.612, 5.248, 5.475, 5.996, 5.81, 4.568, 3.956, 4.782, 5.837, 5.392, 4.616, 3.98, 3.58, 3.955, 4.21, 3.649, 3.349, 3.35, 3.49, 4.02, 4.55, 3.556, 1.78, 1.58, 1.78, 2.01, 1.76, 1.18, 0, 1.14, 1.3, 1.86, 2.36, 2.22, 2.03, 1.96, 2.23, 2.26, 2.27, 2.2, 2.12, 2.2, 2.15, 2.59, 2.75, 2.17, 2.15, 1.92, 2.3, 2.47, 2.1, 2.68, 3.12, 3.51, 3.54, 3.61, 3.01, 3.0, 3.29, 3.17, 3.73, 4.98, 6.63, 7.93, 5.97], [3.72, 4.34, 4.42, 4.36, 4.0, 3.17, 2.29, 2.51, 2.53, 2.81, 4.15, 5.57, 5.459, 5.514, 6.02, 5.817, 4.81, 4.197, 4.562, 5.303, 5.287, 4.859, 4.619, 4.869, 5.128, 4.936, 3.834, 3.248, 4.084, 5.077, 4.624, 3.884, 3.36, 2.84, 3.098, 3.39, 2.92, 2.66, 2.69, 2.87, 3.38, 3.842, 2.86, 1.72, 1.96, 2.1, 2.29, 2.4, 1.88, 1.14, 0, 0.76, 1.34, 1.88, 1.74, 1.81, 1.92, 2.23, 2.38, 2.39, 2.44, 2.48, 2.6, 2.69, 3.21, 3.47, 2.61, 2.27, 2.62, 3.14, 3.19, 2.98, 3.52, 4.0, 4.33, 4.3, 4.41, 3.81, 3.8, 4.03, 3.89, 4.49, 5.72, 7.39, 8.61, 6.63], [3.96, 4.66, 4.74, 4.7, 4.38, 3.51, 2.31, 2.61, 2.45, 2.55, 3.877, 5.194, 5.142, 5.164, 5.75, 5.559, 4.666, 4.09, 4.388, 5.106, 5.05, 4.69, 4.576, 4.764, 5.013, 4.805, 3.607, 3.065, 3.731, 4.706, 4.245, 3.494, 3.011, 2.571, 2.984, 3.09, 2.56, 2.3, 2.27, 2.41, 2.94, 3.55, 2.539, 1.6, 2.2, 2.52, 2.73, 2.7, 2.08, 1.3, 0.76, 0, 1.08, 1.46, 1.3, 1.29, 1.52, 1.91, 2.12, 2.21, 2.3, 2.5, 2.64, 2.81, 3.27, 3.41, 2.51, 2.21, 2.56, 3.28, 3.43, 3.08, 3.48, 4.06, 4.39, 4.42, 4.65, 4.17, 4.1, 4.23, 4.15, 4.839, 6.0, 7.59, 8.87, 6.85], [4.68, 5.26, 5.3, 5.3, 5.0, 4.15, 2.91, 2.71, 2.45, 2.69, 3.99, 5.281, 5.207, 5.15, 5.739, 5.721, 4.763, 4.145, 4.407, 5.243, 5.218, 4.853, 4.656, 4.826, 5.13, 4.894, 3.758, 3.21, 3.87, 4.681, 4.248, 3.624, 3.211, 2.751, 3.12, 3.228, 2.72, 2.293, 2.35, 2.49, 2.98, 3.643, 2.501, 1.96, 2.52, 2.78, 2.93, 2.84, 2.28, 1.86, 1.34, 1.08, 0, 0.92, 0.9, 1.15, 1.18, 1.63, 2.02, 2.15, 2.3, 2.56, 2.7, 2.87, 3.15, 3.27, 2.65, 2.23, 2.54, 3.36, 3.47, 3.32, 3.72, 4.22, 4.57, 4.58, 4.79, 4.25, 4.18, 4.27, 4.13, 4.91, 5.98, 7.65, 8.89, 6.85], [5.24, 5.9, 5.92, 5.94, 5.64, 4.79, 3.55, 2.75, 2.61, 2.71, 3.77, 4.77, 4.84, 4.72, 5.204, 5.107, 4.237, 3.69, 4.01, 4.747, 4.694, 4.44, 4.34, 4.55, 4.71, 4.438, 3.457, 3.077, 3.25, 4.134, 3.581, 2.954, 2.59, 2.35, 2.7, 2.69, 2.2, 1.84, 1.83, 1.77, 2.32, 2.985, 2.08, 2.48, 3.18, 3.44, 3.61, 3.5, 2.82, 2.36, 1.88, 1.46, 0.92, 0, 0.74, 1.27, 1.46, 1.99, 2.56, 2.65, 2.82, 3.08, 3.22, 3.41, 3.63, 3.73, 2.97, 2.59, 3.04, 3.92, 4.15, 3.86, 4.24, 4.8, 5.07, 5.12, 5.39, 4.91, 4.8, 4.898, 4.775, 5.53, 6.62, 8.25, 9.57, 7.49], [5.08, 5.76, 5.74, 5.78, 5.46, 4.57, 3.33, 2.61, 2.41, 2.57, 3.57, 4.808, 4.66, 4.72, 5.253, 5.199, 4.341, 3.79, 4.046, 4.872, 4.807, 4.534, 4.46, 4.63, 4.751, 4.537, 3.397, 2.897, 3.311, 4.121, 3.631, 3.047, 2.631, 2.35, 2.721, 2.788, 2.22, 1.88, 1.83, 1.87, 2.48, 3.123, 2.08, 2.32, 3.18, 3.48, 3.61, 3.44, 2.86, 2.22, 1.74, 1.3, 0.9, 0.74, 0, 0.99, 1.42, 1.99, 2.48, 2.57, 2.74, 3.0, 3.14, 3.31, 3.57, 3.63, 2.93, 2.47, 3.0, 3.92, 4.15, 3.78, 4.16, 4.72, 5.05, 5.1, 5.37, 4.89, 4.82, 4.95, 4.795, 5.55, 6.64, 8.27, 9.55, 7.49], [4.79, 5.53, 5.49, 5.55, 5.21, 4.28, 3.04, 3.04, 2.9, 3.1, 4.12, 5.236, 5.286, 5.135, 5.606, 5.749, 4.996, 4.359, 4.695, 5.357, 5.297, 5.108, 4.995, 5.165, 5.269, 4.887, 3.763, 3.424, 3.776, 4.471, 4.041, 3.46, 3.116, 2.816, 3.24, 3.233, 2.634, 2.25, 2.16, 2.24, 2.87, 3.593, 2.61, 2.21, 2.93, 3.21, 3.34, 3.21, 2.55, 2.03, 1.81, 1.29, 1.15, 1.27, 0.99, 0, 0.79, 1.58, 2.25, 2.32, 2.51, 2.73, 2.83, 2.98, 3.24, 3.28, 2.64, 2.18, 2.67, 3.627, 3.917, 3.45, 3.85, 4.43, 4.62, 4.89, 5.08, 4.66, 4.57, 4.74, 4.6, 5.317, 6.381, 7.992, 9.32, 7.24], [4.66, 5.46, 5.44, 5.48, 5.18, 4.37, 3.19, 3.51, 3.29, 3.55, 4.723, 5.863, 5.873, 5.713, 6.19, 6.296, 5.583, 4.923, 5.273, 5.986, 5.889, 5.686, 5.456, 5.605, 5.893, 5.477, 4.383, 3.976, 4.33, 5.087, 4.714, 4.087, 3.75, 3.42, 3.89, 3.86, 3.267, 2.83, 2.757, 2.75, 3.38, 4.14, 3.15, 2.36, 2.72, 3.0, 3.05, 2.8, 2.22, 1.96, 1.92, 1.52, 1.18, 1.46, 1.42, 0.79, 0, 1.13, 1.78, 1.89, 2.1, 2.18, 2.28, 2.45, 2.75, 2.79, 2.41, 1.97, 2.28, 3.14, 3.41, 3.1, 3.48, 3.94, 4.21, 4.46, 4.59, 4.17, 4.16, 4.27, 4.11, 4.83, 5.911, 7.482, 8.81, 6.73], [4.45, 5.31, 5.29, 5.31, 5.03, 4.3, 3.34, 3.94, 3.76, 4.1, 5.347, 6.543, 6.457, 6.434, 7.013, 6.857, 6.127, 5.524, 5.851, 6.661, 6.561, 6.204, 5.927, 6.209, 6.566, 6.253, 5.041, 4.54, 5.049, 5.889, 5.453, 4.806, 4.406, 4.124, 4.573, 4.566, 3.991, 3.511, 3.477, 3.38, 4.103, 4.854, 3.771, 2.35, 2.41, 2.67, 2.68, 2.33, 1.99, 2.23, 2.23, 1.91, 1.63, 1.99, 1.99, 1.58, 1.13, 0, 0.99, 1.16, 1.35, 1.49, 1.65, 1.76, 2.02, 2.26, 2.04, 1.84, 1.91, 2.57, 2.8, 2.67, 3.03, 3.39, 3.8, 3.91, 3.94, 3.6, 3.61, 3.6, 3.48, 4.1, 5.17, 6.634, 7.96, 6.0], [4.46, 5.34, 5.32, 5.34, 5.02, 4.35, 3.39, 4.091, 3.89, 4.405, 5.668, 7.089, 6.885, 6.999, 7.556, 7.281, 6.52, 5.952, 6.204, 7.02, 6.94, 6.517, 6.201, 6.47, 6.904, 6.688, 5.368, 4.766, 5.476, 6.446, 6.048, 5.278, 4.778, 4.468, 4.891, 4.944, 4.391, 3.999, 3.989, 3.874, 4.661, 5.366, 4.193, 2.28, 2.38, 2.46, 2.51, 2.1, 1.92, 2.26, 2.38, 2.12, 2.02, 2.56, 2.48, 2.25, 1.78, 0.99, 0, 0.47, 0.66, 0.92, 1.06, 1.29, 1.63, 2.07, 1.89, 1.87, 1.78, 2.26, 2.25, 2.2, 2.54, 2.96, 3.35, 3.34, 3.33, 2.95, 2.96, 3.01, 2.81, 3.37, 4.48, 6.01, 7.33, 5.57], [4.59, 5.47, 5.45, 5.47, 5.15, 4.48, 3.54, 4.101, 3.978, 4.527, 5.741, 7.182, 6.975, 7.106, 7.663, 7.397, 6.63, 6.053, 6.322, 7.092, 7.012, 6.629, 6.231, 6.481, 6.968, 6.789, 5.496, 4.856, 5.609, 6.557, 6.132, 5.376, 4.888, 4.55, 4.955, 5.056, 4.443, 4.098, 4.088, 3.981, 4.765, 5.462, 4.323, 2.49, 2.53, 2.57, 2.6, 2.21, 2.13, 2.27, 2.39, 2.21, 2.15, 2.65, 2.57, 2.32, 1.89, 1.16, 0.47, 0, 0.47, 0.79, 0.97, 1.16, 1.68, 2.02, 1.78, 1.86, 1.79, 2.23, 2.2, 2.11, 2.49, 2.93, 3.3, 3.07, 3.16, 2.84, 2.83, 2.98, 2.7, 3.28, 4.43, 6.0, 7.24, 5.58], [4.46, 5.36, 5.36, 5.38, 5.08, 4.43, 3.47, 4.206, 4.114, 4.665, 5.908, 7.341, 7.116, 7.271, 7.828, 7.562, 6.789, 6.212, 6.475, 7.179, 7.099, 6.736, 6.336, 6.569, 7.129, 6.945, 5.644, 4.986, 5.753, 6.727, 6.29, 5.529, 4.998, 4.689, 5.116, 5.195, 4.582, 4.262, 4.252, 4.149, 4.933, 5.624, 4.473, 2.48, 2.42, 2.36, 2.37, 2.02, 2.0, 2.2, 2.44, 2.3, 2.3, 2.82, 2.74, 2.51, 2.1, 1.35, 0.66, 0.47, 0, 0.46, 0.68, 0.91, 1.51, 1.89, 1.61, 1.73, 1.6, 2.08, 2.03, 1.86, 2.3, 2.8, 3.17, 2.92, 2.95, 2.65, 2.64, 2.87, 2.61, 3.09, 4.3, 5.87, 7.13, 5.47], [4.26, 5.16, 5.18, 5.2, 4.88, 4.25, 3.49, 4.382, 4.305, 4.905, 6.148, 7.581, 7.37, 7.519, 8.079, 7.802, 7.0, 6.423, 6.706, 7.376, 7.259, 6.856, 6.438, 6.724, 7.323, 7.137, 5.818, 5.164, 5.964, 6.958, 6.55, 5.783, 5.172, 4.928, 5.31, 5.443, 4.825, 4.51, 4.483, 4.38, 5.184, 5.852, 4.707, 2.64, 2.34, 2.14, 2.17, 1.84, 1.86, 2.12, 2.48, 2.5, 2.56, 3.08, 3.0, 2.73, 2.18, 1.49, 0.92, 0.79, 0.46, 0, 0.42, 0.69, 1.35, 1.75, 1.51, 1.73, 1.52, 1.9, 1.81, 1.7, 2.16, 2.62, 3.01, 2.84, 2.75, 2.41, 2.44, 2.67, 2.47, 2.85, 4.14, 5.67, 6.97, 5.27], [4.26, 5.16, 5.18, 5.2, 4.88, 4.25, 3.71, 4.583, 4.563, 5.045, 6.283, 7.727, 7.513, 7.665, 8.225, 7.956, 7.163, 6.586, 6.869, 7.553, 7.436, 7.033, 6.636, 6.859, 7.484, 7.317, 5.978, 5.318, 6.11, 7.104, 6.69, 5.926, 5.352, 5.083, 5.476, 5.589, 4.956, 4.656, 4.646, 4.543, 5.33, 6.018, 4.873, 2.78, 2.3, 2.12, 2.15, 1.8, 1.82, 2.2, 2.6, 2.64, 2.7, 3.22, 3.14, 2.83, 2.28, 1.65, 1.06, 0.97, 0.68, 0.42, 0, 0.59, 1.33, 1.65, 1.57, 1.75, 1.42, 1.84, 1.69, 1.64, 2.06, 2.46, 2.91, 2.72, 2.67, 2.33, 2.38, 2.63, 2.33, 2.83, 4.02, 5.61, 6.83, 5.15], [4.19, 5.11, 5.19, 5.21, 4.89, 4.28, 3.92, 4.813, 4.773, 5.235, 6.478, 7.91, 7.728, 7.84, 8.392, 8.131, 7.35, 6.764, 7.068, 7.712, 7.632, 7.25, 6.853, 7.071, 7.656, 7.475, 6.16, 5.514, 6.28, 7.271, 6.86, 6.093, 5.528, 5.241, 5.643, 5.759, 5.14, 4.826, 4.799, 4.696, 5.497, 6.188, 5.045, 2.93, 2.45, 2.19, 2.16, 1.71, 1.73, 2.15, 2.69, 2.81, 2.87, 3.41, 3.31, 2.98, 2.45, 1.76, 1.29, 1.16, 0.91, 0.69, 0.59, 0, 1.14, 1.34, 1.34, 1.76, 1.27, 1.63, 1.42, 1.35, 1.67, 2.09, 2.54, 2.37, 2.42, 2.04, 2.13, 2.32, 2.06, 2.58, 3.83, 5.32, 6.6, 4.82], [4.69, 5.51, 5.65, 5.67, 5.31, 4.74, 4.4, 5.34, 5.07, 5.493, 6.778, 8.253, 8.061, 8.2, 8.743, 8.603, 7.77, 7.199, 7.388, 8.227, 8.147, 7.73, 7.381, 7.661, 8.094, 7.895, 6.664, 6.01, 6.661, 7.569, 7.083, 6.425, 5.985, 5.675, 6.081, 6.151, 5.578, 5.263, 5.153, 5.133, 5.818, 6.526, 5.375, 3.13, 2.57, 2.41, 2.62, 2.01, 1.81, 2.59, 3.21, 3.27, 3.15, 3.63, 3.57, 3.24, 2.75, 2.02, 1.63, 1.68, 1.51, 1.35, 1.33, 1.14, 0, 1.0, 1.4, 1.84, 1.07, 1.21, 1.2, 1.47, 1.61, 1.93, 2.34, 2.43, 2.44, 1.96, 1.99, 2.04, 1.86, 2.46, 3.47, 5.0, 6.42, 4.46], [4.73, 5.43, 5.61, 5.65, 5.33, 4.78, 4.76, 5.666, 5.49, 5.65, 6.97, 8.281, 8.183, 8.223, 8.758, 8.666, 7.893, 7.253, 7.523, 8.284, 8.187, 7.816, 7.613, 7.786, 8.171, 7.93, 6.764, 6.239, 6.73, 7.612, 7.084, 6.44, 5.989, 5.701, 6.134, 6.16, 5.667, 5.299, 5.114, 5.174, 5.832, 6.59, 5.477, 3.53, 3.07, 2.93, 2.78, 2.21, 2.13, 2.75, 3.47, 3.41, 3.27, 3.73, 3.63, 3.28, 2.79, 2.26, 2.07, 2.02, 1.89, 1.75, 1.65, 1.34, 1.0, 0, 1.14, 1.78, 1.01, 1.15, 1.18, 1.09, 1.25, 1.59, 1.84, 2.19, 2.24, 1.76, 1.83, 1.88, 1.72, 2.36, 3.33, 4.92, 6.32, 4.22], [4.77, 5.49, 5.67, 5.63, 5.35, 4.76, 4.4, 4.9, 4.76, 4.779, 5.939, 7.239, 7.232, 7.238, 7.717, 7.672, 6.908, 6.322, 6.618, 7.305, 7.248, 6.937, 6.924, 7.071, 7.155, 6.901, 5.771, 5.38, 5.678, 6.617, 6.11, 5.455, 4.995, 4.619, 5.037, 5.083, 4.642, 4.306, 4.099, 4.118, 4.75, 5.556, 4.61, 3.13, 2.93, 2.75, 2.72, 2.21, 1.99, 2.17, 2.61, 2.51, 2.65, 2.97, 2.93, 2.64, 2.41, 2.04, 1.89, 1.78, 1.61, 1.51, 1.57, 1.34, 1.4, 1.14, 0, 0.8, 0.77, 1.65, 1.82, 1.35, 1.73, 2.37, 2.52, 2.67, 3.02, 2.58, 2.49, 2.58, 2.44, 3.2, 4.23, 5.86, 7.28, 5.14], [4.99, 5.71, 5.79, 5.69, 5.47, 4.82, 4.1, 4.52, 4.38, 4.32, 5.494, 6.745, 6.798, 6.681, 7.043, 7.158, 6.448, 5.868, 6.165, 6.871, 6.834, 6.617, 6.624, 6.754, 6.673, 6.402, 5.317, 4.965, 5.19, 6.014, 5.559, 4.933, 4.545, 4.105, 4.563, 4.603, 4.12, 3.81, 3.58, 3.6, 4.15, 5.04, 4.21, 2.89, 2.93, 2.81, 2.9, 2.41, 2.13, 2.15, 2.27, 2.21, 2.23, 2.59, 2.47, 2.18, 1.97, 1.84, 1.87, 1.86, 1.73, 1.73, 1.75, 1.76, 1.84, 1.78, 0.8, 0, 1.01, 2.17, 2.4, 1.95, 2.37, 2.99, 3.12, 3.31, 3.62, 3.2, 3.11, 3.18, 3.04, 3.82, 4.85, 6.5, 7.92, 5.76], [4.52, 5.38, 5.58, 5.5, 5.12, 4.53, 4.17, 4.865, 4.649, 4.783, 6.1, 7.411, 7.316, 7.333, 7.864, 7.739, 6.966, 6.346, 6.719, 7.474, 7.426, 7.072, 6.848, 7.032, 7.381, 7.12, 5.957, 5.467, 5.88, 6.847, 6.38, 5.676, 5.244, 4.851, 5.327, 5.35, 4.843, 4.477, 4.29, 4.348, 4.95, 5.643, 4.713, 2.96, 2.46, 2.36, 2.43, 1.82, 1.58, 1.92, 2.62, 2.56, 2.54, 3.04, 3.0, 2.67, 2.28, 1.91, 1.78, 1.79, 1.6, 1.52, 1.42, 1.27, 1.07, 1.01, 0.77, 1.01, 0, 1.22, 1.41, 1.08, 1.5, 2.0, 2.27, 2.5, 2.67, 2.21, 2.16, 2.23, 2.11, 2.85, 3.86, 5.55, 6.97, 4.81], [4.56, 5.48, 5.78, 5.7, 5.24, 4.61, 4.57, 5.482, 5.186, 5.58, 6.977, 8.335, 8.147, 8.152, 8.741, 8.541, 7.563, 7.025, 7.447, 8.226, 8.163, 7.752, 7.435, 7.725, 8.113, 7.894, 6.651, 6.095, 6.757, 7.795, 7.402, 6.624, 6.073, 5.651, 6.063, 6.187, 5.634, 5.328, 5.203, 5.303, 5.856, 6.499, 5.581, 3.56, 2.7, 2.64, 2.59, 1.88, 1.62, 2.3, 3.14, 3.28, 3.36, 3.92, 3.92, 3.627, 3.14, 2.57, 2.26, 2.23, 2.08, 1.9, 1.84, 1.63, 1.21, 1.15, 1.65, 2.17, 1.22, 0, 0.81, 0.92, 0.94, 1.1, 1.53, 1.88, 1.85, 1.29, 1.34, 1.51, 1.37, 1.93, 2.94, 4.53, 5.91, 3.75], [4.65, 5.39, 5.65, 5.57, 5.13, 4.5, 4.46, 5.386, 5.233, 5.749, 7.104, 8.547, 8.379, 8.414, 9.022, 8.831, 7.801, 7.181, 7.568, 8.264, 8.184, 7.75, 7.393, 7.657, 8.197, 8.018, 6.876, 6.248, 7.0, 8.041, 7.574, 6.824, 6.245, 5.713, 6.147, 6.253, 5.795, 5.557, 5.456, 5.561, 6.029, 6.744, 5.822, 3.55, 2.65, 2.53, 2.5, 1.89, 1.87, 2.47, 3.19, 3.43, 3.47, 4.15, 4.15, 3.917, 3.41, 2.8, 2.25, 2.2, 2.03, 1.81, 1.69, 1.42, 1.2, 1.18, 1.82, 2.4, 1.41, 0.81, 0, 0.91, 0.93, 1.01, 1.58, 1.77, 1.64, 0.96, 1.05, 1.14, 1.02, 1.58, 2.69, 4.36, 5.68, 3.66], [4.34, 5.3, 5.56, 5.48, 5.04, 4.43, 4.45, 5.268, 5.09, 5.463, 6.78, 8.179, 8.016, 7.972, 8.541, 8.379, 7.446, 6.886, 7.319, 7.943, 7.851, 7.512, 7.225, 7.415, 7.89, 7.685, 6.457, 5.894, 6.571, 7.592, 7.195, 6.409, 5.841, 5.403, 5.824, 5.952, 5.405, 5.162, 5.026, 5.123, 5.661, 6.363, 5.433, 3.48, 2.76, 2.56, 2.41, 1.78, 1.74, 2.1, 2.98, 3.08, 3.32, 3.86, 3.78, 3.45, 3.1, 2.67, 2.2, 2.11, 1.86, 1.7, 1.64, 1.35, 1.47, 1.09, 1.35, 1.95, 1.08, 0.92, 0.91, 0, 0.84, 1.34, 1.69, 2.04, 1.97, 1.37, 1.36, 1.71, 1.67, 2.13, 3.26, 4.83, 6.23, 4.13], [4.74, 5.58, 5.9, 5.82, 5.38, 4.87, 4.97, 5.828, 5.669, 5.903, 7.186, 8.545, 8.456, 8.496, 9.075, 8.899, 8.006, 7.386, 7.779, 8.417, 8.375, 8.015, 7.781, 7.991, 8.384, 8.162, 6.934, 6.393, 7.035, 8.024, 7.601, 6.803, 6.264, 5.831, 6.324, 6.387, 5.814, 5.591, 5.463, 5.534, 6.09, 6.863, 5.853, 3.9, 3.14, 3.04, 2.85, 2.22, 2.14, 2.68, 3.52, 3.48, 3.72, 4.24, 4.16, 3.85, 3.48, 3.03, 2.54, 2.49, 2.3, 2.16, 2.06, 1.67, 1.61, 1.25, 1.73, 2.37, 1.5, 0.94, 0.93, 0.84, 0, 0.9, 1.11, 1.6, 1.61, 1.03, 1.12, 1.27, 1.23, 1.71, 2.72, 4.29, 5.67, 3.53], [5.0, 6.02, 6.3, 6.22, 5.76, 5.19, 5.37, 6.323, 6.103, 6.423, 7.78, 9.145, 8.99, 8.915, 9.515, 9.333, 8.443, 7.92, 8.353, 9.009, 8.957, 8.589, 8.289, 8.499, 8.939, 8.739, 7.497, 6.922, 7.608, 8.603, 8.201, 7.409, 6.844, 6.411, 6.887, 6.984, 6.433, 6.156, 6.049, 6.102, 6.684, 7.342, 6.433, 4.34, 3.48, 3.42, 3.21, 2.5, 2.46, 3.12, 4.0, 4.06, 4.