[[0, 3.06, 6.48, 7.98, 8.65, 8.51, 9.02, 9.42, 9.04, 8.92, 9.43, 9.65, 9.14, 8.56, 8.41, 9.32, 10.73, 11.33, 11.81, 12.333, 12.34, 12.258, 12.673, 13.175, 13.213, 13.027, 13.103, 13.19, 12.55, 11.91, 11.938, 11.53, 11.09, 10.59, 9.925, 8.745, 6.9, 5.56, 5.23, 5.57, 6.15, 6.93, 6.63, 6.5, 5.96, 5.54, 6.05, 6.96, 7.1, 6.2, 5.61, 5.24, 5.3, 5.02, 4.81, 4.73, 4.39, 3.32, 3.19, 3.06, 3.04, 2.67, 2.53, 2.56, 2.95, 4.26, 4.53, 4.69, 4.62, 4.98, 4.83, 4.23, 4.62, 4.64, 4.98, 5.66, 6.79, 7.05, 7.68, 7.99, 8.02, 8.33, 8.8, 9.11, 9.41, 10.18], [3.06, 0, 3.62, 5.16, 5.91, 5.79, 6.24, 6.58, 6.12, 6.02, 6.55, 6.79, 6.3, 5.8, 5.57, 6.42, 7.97, 8.488, 8.928, 9.49, 9.476, 9.532, 9.93, 10.37, 10.46, 10.213, 10.225, 10.25, 9.65, 9.243, 9.392, 9.039, 8.673, 8.196, 7.49, 6.466, 4.97, 4.88, 4.85, 4.37, 4.45, 5.15, 4.55, 4.6, 4.6, 4.58, 4.87, 5.9, 6.22, 5.74, 5.51, 5.3, 5.42, 5.56, 5.69, 5.75, 5.49, 4.14, 3.71, 3.52, 3.32, 2.65, 2.33, 2.74, 2.37, 2.2, 2.95, 3.27, 2.44, 2.46, 2.51, 2.09, 2.0, 2.14, 2.28, 2.94, 4.05, 4.31, 4.9, 5.27, 5.56, 5.89, 6.26, 6.53, 6.81, 7.5], [6.48, 3.62, 0, 1.86, 2.85, 2.89, 3.02, 3.08, 2.92, 2.78, 3.25, 3.67, 3.32, 2.76, 2.49, 3.2, 4.67, 5.23, 5.65, 6.18, 6.36, 6.46, 6.95, 7.416, 7.384, 7.218, 7.154, 7.11, 6.53, 6.07, 6.368, 6.21, 5.752, 5.272, 4.581, 4.13, 3.77, 4.74, 4.89, 4.01, 3.85, 3.77, 3.47, 3.58, 4.14, 4.34, 4.47, 4.82, 5.4, 5.72, 6.03, 6.14, 6.2, 6.6, 6.87, 7.19, 6.99, 5.74, 5.17, 5.28, 5.38, 4.59, 4.43, 5.02, 4.51, 3.14, 2.89, 2.83, 2.44, 2.26, 2.43, 2.63, 2.12, 2.14, 1.86, 1.24, 1.41, 1.49, 1.94, 2.33, 2.64, 2.95, 3.32, 3.57, 3.85, 4.5], [7.98, 5.16, 1.86, 0, 1.27, 1.47, 1.52, 1.72, 1.8, 1.72, 2.03, 2.43, 2.12, 1.66, 1.41, 2.08, 3.43, 3.89, 4.29, 4.66, 5.04, 5.06, 5.453, 5.956, 5.942, 5.82, 5.9, 5.85, 5.27, 4.67, 4.76, 4.83, 4.25, 3.75, 3.29, 3.17, 3.33, 4.92, 5.19, 4.07, 3.93, 3.93, 3.45, 3.78, 4.5, 4.9, 5.09, 5.26, 5.9, 6.44, 6.81, 7.16, 7.4, 8.1, 8.39, 8.63, 8.55, 7.18, 6.69, 6.82, 6.86, 5.97, 5.91, 6.68, 6.05, 4.42, 3.91, 3.73, 3.58, 3.22, 3.41, 3.83, 3.52, 3.56, 3.12, 2.5, 2.05, 1.83, 1.62, 1.53, 1.62, 1.55, 1.68, 2.17, 2.25, 2.8], [8.65, 5.91, 2.85, 1.27, 0, 0.66, 0.85, 1.23, 1.33, 1.31, 1.62, 2.06, 1.81, 1.67, 1.86, 2.63, 3.16, 3.46, 4.04, 4.33, 4.81, 4.79, 4.815, 5.269, 5.192, 5.29, 5.46, 5.42, 4.92, 4.06, 3.95, 4.2, 3.58, 3.28, 3.14, 3.36, 3.92, 5.61, 6.04, 4.68, 4.58, 4.74, 4.26, 4.55, 5.31, 5.89, 6.06, 6.23, 6.89, 7.39, 7.8, 8.23, 8.45, 9.11, 9.4, 9.58, 9.5, 8.19, 7.74, 7.81, 7.81, 6.9, 6.86, 7.63, 6.98, 5.29, 4.66, 4.44, 4.29, 3.95, 4.08, 4.54, 4.23, 4.15, 3.85, 3.13, 2.3, 1.94, 1.57, 1.34, 1.17, 1.14, 0.99, 1.22, 1.42, 1.91], [8.51, 5.79, 2.89, 1.47, 0.66, 0, 1.01, 1.55, 1.61, 1.63, 2.0, 2.4, 2.07, 1.95, 2.12, 2.89, 3.42, 3.72, 4.36, 4.69, 5.13, 5.09, 5.121, 5.535, 5.495, 5.61, 5.78, 5.84, 5.32, 4.34, 4.19, 4.5, 3.74, 3.34, 3.26, 3.42, 3.8, 5.47, 5.92, 4.52, 4.46, 4.6, 4.14, 4.47, 5.17, 5.81, 6.0, 6.19, 6.87, 7.39, 7.8, 8.25, 8.47, 9.13, 9.42, 9.62, 9.52, 8.23, 7.78, 7.83, 7.75, 6.84, 6.82, 7.61, 6.92, 5.21, 4.5, 4.32, 4.19, 3.83, 3.94, 4.46, 4.15, 4.03, 3.81, 3.11, 2.18, 1.88, 1.47, 1.16, 1.07, 1.1, 1.05, 1.4, 1.68, 2.09], [9.02, 6.24, 3.02, 1.52, 0.85, 1.01, 0, 1.1, 1.52, 1.6, 1.71, 2.01, 1.7, 1.78, 1.85, 2.58, 2.93, 3.27, 3.93, 4.24, 4.74, 4.78, 4.931, 5.339, 5.256, 5.28, 5.43, 5.39, 4.91, 4.05, 4.04, 4.33, 3.65, 3.37, 3.27, 3.61, 4.25, 5.9, 6.29, 5.07, 4.83, 4.95, 4.45, 4.8, 5.52, 6.12, 6.29, 6.44, 7.12, 7.64, 8.05, 8.42, 8.64, 9.3, 9.59, 9.79, 9.71, 8.4, 7.93, 8.02, 8.04, 7.13, 7.07, 7.84, 7.21, 5.56, 4.95, 4.77, 4.6, 4.28, 4.43, 4.93, 4.6, 4.54, 4.22, 3.52, 2.57, 2.21, 1.64, 1.35, 1.56, 1.21, 1.18, 1.57, 1.43, 1.96], [9.42, 6.58, 3.08, 1.72, 1.23, 1.55, 1.1, 0, 0.94, 1.0, 1.09, 1.49, 1.48, 1.5, 1.63, 2.12, 2.73, 3.11, 3.71, 4.08, 4.44, 4.56, 4.674, 4.956, 4.905, 4.8, 4.85, 4.73, 4.31, 3.73, 3.88, 4.21, 3.67, 3.49, 3.25, 3.59, 4.23, 5.92, 6.43, 5.25, 4.81, 4.63, 4.15, 4.52, 5.3, 5.9, 6.03, 6.14, 6.82, 7.34, 7.81, 8.24, 8.46, 9.2, 9.43, 9.67, 9.61, 8.26, 7.79, 7.94, 8.1, 7.41, 7.27, 7.88, 7.19, 5.74, 5.25, 5.17, 4.94, 4.66, 4.83, 5.27, 4.96, 4.94, 4.58, 3.92, 3.03, 2.69, 2.28, 1.97, 1.9, 1.63, 1.6, 1.47, 1.65, 1.98], [9.04, 6.12, 2.92, 1.8, 1.33, 1.61, 1.52, 0.94, 0, 0.6, 0.89, 1.43, 1.38, 1.38, 1.51, 2.12, 3.01, 3.31, 3.71, 4.36, 4.46, 4.62, 4.559, 4.814, 4.899, 4.58, 4.75, 4.73, 4.27, 3.79, 4.16, 4.17, 3.81, 3.75, 3.43, 3.61, 4.01, 5.36, 5.93, 4.65, 4.31, 4.27, 3.85, 4.08, 4.96, 5.58, 5.75, 5.88, 6.56, 7.1, 7.59, 8.08, 8.3, 8.96, 9.25, 9.47, 9.37, 8.02, 7.55, 7.66, 7.66, 7.11, 6.93, 7.52, 6.79, 5.28, 4.83, 4.81, 4.62, 4.34, 4.53, 4.93, 4.66, 4.62, 4.38, 3.78, 3.19, 2.83, 2.36, 1.99, 1.86, 1.67, 1.64, 1.45, 1.87, 2.34], [8.92, 6.02, 2.78, 1.72, 1.31, 1.63, 1.6, 1.0, 0.6, 0, 0.85, 1.51, 1.46, 1.3, 1.43, 2.24, 3.13, 3.49, 3.89, 4.52, 4.58, 4.74, 4.888, 5.171, 5.265, 4.96, 4.91, 4.77, 4.35, 3.95, 4.32, 4.33, 3.99, 3.83, 3.55, 3.69, 4.05, 5.22, 5.79, 4.63, 4.31, 4.09, 3.61, 3.86, 4.64, 5.2, 5.39, 5.52, 6.18, 6.7, 7.21, 7.7, 7.92, 8.68, 8.93, 9.13, 9.03, 7.66, 7.21, 7.3, 7.54, 6.97, 6.83, 7.36, 6.55, 5.1, 4.71, 4.69, 4.5, 4.22, 4.41, 4.83, 4.54, 4.5, 4.26, 3.66, 3.07, 2.71, 2.26, 1.95, 1.9, 1.71, 1.7, 1.67, 2.05, 2.46], [9.43, 6.55, 3.25, 2.03, 1.62, 2.0, 1.71, 1.09, 0.89, 0.85, 0, 1.02, 1.21, 1.33, 1.4, 1.93, 2.76, 3.14, 3.44, 4.13, 4.23, 4.29, 4.529, 4.886, 4.889, 4.53, 4.42, 4.22, 3.8, 3.64, 4.01, 4.02, 3.68, 3.62, 3.28, 3.74, 4.28, 5.59, 6.2, 4.92, 4.56, 4.24, 3.88, 4.17, 5.01, 5.57, 5.56, 5.75, 6.43, 6.97, 7.46, 7.95, 8.21, 9.03, 9.28, 9.48, 9.34, 7.95, 7.52, 7.57, 7.97, 7.44, 7.24, 7.71, 6.96, 5.53, 5.2, 5.14, 4.97, 4.67, 4.88, 5.28, 5.01, 4.97, 4.81, 4.21, 3.6, 3.24, 2.73, 2.46, 2.33, 2.1, 1.93, 1.74, 1.78, 2.21], [9.65, 6.79, 3.67, 2.43, 2.06, 2.4, 2.01, 1.49, 1.43, 1.51, 1.02, 0, 0.73, 1.33, 1.5, 1.45, 2.3, 2.56, 2.84, 3.49, 3.47, 3.59, 3.879, 4.224, 4.299, 3.81, 3.8, 3.74, 3.3, 3.1, 3.41, 3.32, 3.06, 3.18, 2.94, 3.46, 4.0, 5.67, 6.22, 4.96, 4.58, 4.34, 3.94, 4.35, 5.25, 5.91, 5.98, 6.11, 6.81, 7.41, 7.98, 8.45, 8.69, 9.45, 9.72, 9.8, 9.78, 8.39, 7.86, 8.01, 8.19, 7.6, 7.42, 7.99, 7.3, 5.71, 5.32, 5.2, 5.13, 4.81, 5.04, 5.5, 5.39, 5.29, 5.11, 4.61, 4.12, 3.76, 3.27, 2.92, 2.71, 2.52, 2.29, 1.84, 1.76, 1.85], [9.14, 6.3, 3.32, 2.12, 1.81, 2.07, 1.7, 1.48, 1.38, 1.46, 1.21, 0.73, 0, 0.86, 1.21, 1.48, 2.35, 2.67, 3.05, 3.64, 3.72, 3.86, 4.171, 4.478, 4.566, 4.1, 4.15, 4.15, 3.61, 3.25, 3.64, 3.45, 3.23, 3.11, 2.91, 3.27, 3.67, 5.14, 5.69, 4.47, 4.15, 4.11, 3.65, 4.06, 4.82, 5.54, 5.65, 5.78, 6.48, 7.1, 7.71, 8.199, 8.44, 9.12, 9.41, 9.57, 9.466, 8.099, 7.59, 7.66, 7.72, 7.11, 6.95, 7.52, 6.89, 5.26, 4.73, 4.77, 4.74, 4.4, 4.59, 5.11, 5.0, 4.9, 4.68, 4.16, 3.81, 3.41, 2.94, 2.67, 2.46, 2.27, 2.02, 1.83, 1.71, 2.08], [8.56, 5.8, 2.76, 1.66, 1.67, 1.95, 1.78, 1.5, 1.38, 1.3, 1.33, 1.33, 0.86, 0, 0.81, 1.58, 2.75, 3.21, 3.63, 4.14, 4.24, 4.32, 4.729, 5.133, 5.187, 4.76, 4.705, 4.71, 4.15, 3.73, 4.16, 3.87, 3.65, 3.33, 3.11, 3.19, 3.35, 4.68, 5.29, 4.07, 3.77, 3.65, 3.23, 3.6, 4.34, 5.04, 5.19, 5.34, 6.02, 6.6, 7.17, 7.659, 7.9, 8.58, 8.87, 9.03, 8.926, 7.559, 7.05, 7.119, 7.18, 6.47, 6.31, 7.0, 6.27, 4.74, 4.19, 4.21, 4.18, 3.86, 4.03, 4.53, 4.5, 4.36, 4.22, 3.68, 3.31, 2.95, 2.52, 2.31, 2.22, 1.99, 1.98, 1.97, 1.89, 2.6], [8.41, 5.57, 2.49, 1.41, 1.86, 2.12, 1.85, 1.63, 1.51, 1.43, 1.4, 1.5, 1.21, 0.81, 0, 1.45, 2.68, 3.18, 3.58, 4.27, 4.25, 4.43, 4.919, 5.389, 5.339, 4.943, 4.987, 4.84, 4.22, 3.963, 4.341, 4.22, 3.799, 3.38, 2.92, 3.04, 3.26, 4.61, 5.16, 3.98, 3.7, 3.52, 3.14, 3.41, 4.19, 4.79, 4.98, 5.15, 5.81, 6.33, 6.92, 7.409, 7.65, 8.33, 8.66, 8.76, 8.68, 7.31, 6.78, 6.89, 6.97, 6.36, 6.2, 6.85, 6.14, 4.57, 4.06, 4.06, 3.97, 3.65, 3.86, 4.32, 4.23, 4.13, 3.97, 3.43, 3.06, 2.84, 2.55, 2.38, 2.35, 2.1, 2.05, 2.14, 2.0, 2.69], [9.32, 6.42, 3.2, 2.08, 2.63, 2.89, 2.58, 2.12, 2.12, 2.24, 1.93, 1.45, 1.48, 1.58, 1.45, 0, 1.93, 2.39, 2.75, 3.4, 3.54, 3.74, 4.2, 4.631, 4.62, 4.16, 4.06, 3.99, 3.55, 3.25, 3.611, 3.55, 3.13, 2.67, 2.33, 2.71, 3.23, 5.16, 5.79, 4.47, 4.07, 3.83, 3.41, 3.86, 4.82, 5.48, 5.51, 5.54, 6.32, 6.939, 7.561, 8.045, 8.296, 9.0, 9.31, 9.53, 9.407, 8.02, 7.47, 7.674, 7.86, 7.25, 7.09, 7.62, 7.05, 5.46, 4.89, 4.87, 4.84, 4.54, 4.73, 5.21, 5.04, 5.02, 4.78, 4.18, 3.89, 3.69, 3.44, 3.31, 3.28, 2.97, 2.9, 2.77, 2.15, 2.3], [10.73, 7.97, 4.67, 3.43, 3.16, 3.42, 2.93, 2.73, 3.01, 3.13, 2.76, 2.3, 2.35, 2.75, 2.68, 1.93, 0, 0.96, 1.48, 2.17, 2.41, 2.53, 2.946, 3.329, 3.246, 3.07, 3.21, 3.12, 2.52, 1.82, 2.11, 2.28, 1.76, 1.6, 1.72, 2.76, 4.1, 6.47, 7.24, 5.96, 5.58, 5.34, 4.92, 5.39, 6.33, 7.09, 7.16, 7.235, 8.009, 8.645, 9.263, 9.748, 10.009, 10.77, 11.028, 11.191, 11.116, 9.715, 9.225, 9.332, 9.35, 8.64, 8.52, 9.27, 8.56, 6.97, 6.34, 6.28, 6.21, 5.91, 6.12, 6.6, 6.37, 6.25, 6.09, 5.51, 4.88, 4.62, 4.11, 3.86, 3.87, 3.48, 3.25, 3.16, 2.28, 2.09], [11.33, 8.488, 5.23, 3.89, 3.46, 3.72, 3.27, 3.11, 3.31, 3.49, 3.14, 2.56, 2.67, 3.21, 3.18, 2.39, 0.96, 0, 0.84, 1.63, 1.79, 1.99, 2.309, 2.612, 2.629, 2.39, 2.496, 2.48, 2.0, 1.26, 1.61, 1.72, 1.34, 1.58, 1.9, 3.22, 4.64, 7.05, 7.812, 6.512, 6.106, 5.949, 5.532, 5.939, 6.919, 7.647, 7.717, 7.749, 8.502, 9.168, 9.784, 10.282, 10.505, 11.272, 11.612, 11.769, 11.634, 10.261, 9.762, 9.87, 9.985, 9.3, 9.16, 9.819, 9.172, 7.539, 6.918, 6.92, 6.83, 6.55, 6.78, 7.26, 6.99, 6.89, 6.71, 6.07, 5.32, 5.06, 4.55, 4.34, 4.29, 3.92, 3.69, 3.4, 2.62, 2.41], [11.81, 8.928, 5.65, 4.29, 4.04, 4.36, 3.93, 3.71, 3.71, 3.89, 3.44, 2.84, 3.05, 3.63, 3.58, 2.75, 1.48, 0.84, 0, 1.35, 1.35, 1.57, 1.826, 2.149, 2.226, 1.85, 1.88, 1.84, 1.56, 1.32, 1.67, 1.5, 1.56, 2.08, 2.36, 3.74, 5.08, 7.43, 8.192, 6.912, 6.492, 6.297, 5.872, 6.282, 7.262, 7.99, 7.966, 7.977, 8.725, 9.428, 10.016, 10.56, 10.751, 11.512, 11.932, 12.089, 11.906, 10.524, 10.023, 10.141, 10.388, 9.76, 9.6, 10.142, 9.554, 7.919, 7.36, 7.38, 7.31, 7.01, 7.24, 7.72, 7.49, 7.41, 7.21, 6.59, 5.98, 5.66, 5.21, 5.06, 4.93, 4.64, 4.39, 3.84, 3.2, 3.05], [12.333, 9.49, 6.18, 4.66, 4.33, 4.69, 4.24, 4.08, 4.36, 4.52, 4.13, 3.49, 3.64, 4.14, 4.27, 3.4, 2.17, 1.63, 1.35, 0, 0.96, 1.12, 1.38, 1.68, 1.64, 1.58, 1.71, 1.63, 1.53, 1.33, 1.36, 1.41, 1.87, 2.29, 2.65, 4.05, 5.55, 8.126, 8.891, 7.574, 7.182, 7.044, 6.579, 7.066, 8.046, 8.717, 8.79, 8.771, 9.509, 10.187, 10.823, 11.301, 11.527, 12.308, 12.555, 12.776, 12.707, 11.291, 10.75, 10.962, 11.058, 10.23, 10.177, 10.955, 10.271, 8.635, 7.957, 7.846, 7.78, 7.478, 7.686, 8.15, 7.88, 7.86, 7.48, 6.9, 6.25, 5.89, 5.52, 5.35, 5.16, 4.99, 4.68, 4.21, 3.67, 3.32], [12.34, 9.476, 6.36, 5.04, 4.81, 5.13, 4.74, 4.44, 4.46, 4.58, 4.23, 3.47, 3.72, 4.24, 4.25, 3.54, 2.41, 1.79, 1.35, 0.96, 0, 0.82, 1.08, 1.44, 1.5, 1.36, 1.47, 1.39, 1.25, 1.47, 1.58, 1.55, 2.09, 2.65, 2.93, 4.15, 5.53, 8.082, 8.792, 7.506, 7.169, 6.956, 6.488, 6.96, 7.938, 8.606, 8.672, 8.638, 9.368, 10.066, 10.734, 11.224, 11.455, 12.266, 12.545, 12.734, 12.679, 11.243, 10.698, 10.972, 11.073, 10.35, 10.19, 10.947, 10.229, 8.527, 7.928, 7.85, 7.76, 7.48, 7.71, 8.23, 7.94, 7.9, 7.64, 7.14, 6.63, 6.31, 5.88, 5.79, 5.6, 5.37, 5.1, 4.49, 3.99, 3.7], [12.258, 9.532, 6.46, 5.06, 4.79, 5.09, 4.78, 4.56, 4.62, 4.74, 4.29, 3.59, 3.86, 4.32, 4.43, 3.74, 2.53, 1.99, 1.57, 1.12, 0.82, 0, 0.94, 1.44, 1.44, 1.26, 1.47, 1.49, 1.35, 1.51, 1.44, 1.33, 1.97, 2.57, 2.83, 4.07, 5.448, 8.141, 8.831, 7.554, 7.314, 7.082, 6.668, 7.166, 8.106, 8.789, 8.815, 8.85, 9.577, 10.275, 10.911, 11.392, 11.664, 12.503, 12.727, 12.956, 12.887, 11.472, 10.944, 11.122, 11.135, 10.25, 10.228, 11.072, 10.336, 8.609, 7.9, 7.79, 7.72, 7.42, 7.628, 8.15, 7.88, 7.92, 7.68, 7.18, 6.71, 6.39, 5.88, 5.71, 5.48, 5.25, 5.0, 4.37, 3.95, 3.64], [12.673, 9.93, 6.95, 5.453, 4.815, 5.121, 4.931, 4.674, 4.559, 4.888, 4.529, 3.879, 4.171, 4.729, 4.919, 4.2, 2.946, 2.309, 1.826, 1.38, 1.08, 0.94, 0, 0.86, 0.8, 0.98, 1.21, 1.37, 1.61, 1.59, 1.44, 1.45, 2.23, 2.863, 3.146, 4.45, 5.923, 8.589, 9.354, 7.923, 7.722, 7.588, 7.188, 7.666, 8.612, 9.323, 9.387, 9.426, 10.151, 10.843, 11.473, 11.989, 12.212, 12.97, 13.302, 13.493, 13.375, 11.982, 11.472, 11.617, 11.618, 10.783, 10.727, 11.554, 10.816, 9.098, 8.323, 8.197, 8.178, 7.853, 8.043, 8.56, 8.35, 8.23, 8.061, 7.484, 6.923, 6.575, 6.108, 5.801, 5.494, 5.301, 5.051, 4.224, 4.115, 3.785], [13.175, 10.37, 7.416, 5.956, 5.269, 5.535, 5.339, 4.956, 4.814, 5.171, 4.886, 4.224, 4.478, 5.133, 5.389, 4.631, 3.329, 2.612, 2.149, 1.68, 1.44, 1.44, 0.86, 0, 0.76, 1.0, 1.35, 1.49, 1.83, 1.93, 1.88, 1.866, 2.652, 3.269, 3.749, 5.037, 6.465, 9.03, 9.749, 8.355, 8.149, 8.014, 7.619, 8.041, 8.958, 9.741, 9.821, 9.847, 10.562, 11.263, 11.888, 12.392, 12.627, 13.399, 13.718, 13.888, 13.764, 12.411, 11.886, 11.988, 12.088, 11.325, 11.203, 11.926, 11.225, 9.504, 8.785, 8.783, 8.755, 8.395, 8.625, 9.143, 8.921, 8.764, 8.644, 8.056, 7.449, 7.069, 6.599, 6.204, 5.931, 5.701, 5.471, 4.624, 4.529, 4.239], [13.213, 10.46, 7.384, 5.942, 5.192, 5.495, 5.256, 4.905, 4.899, 5.265, 4.889, 4.299, 4.566, 5.187, 5.339, 4.62, 3.246, 2.629, 2.226, 1.64, 1.5, 1.44, 0.8, 0.76, 0, 0.98, 1.49, 1.57, 1.79, 1.809, 1.76, 1.977, 2.649, 3.24, 3.606, 4.95, 6.443, 9.07, 9.847, 8.407, 8.166, 8.048, 7.685, 8.12, 9.069, 9.809, 9.881, 9.897, 10.622, 11.32, 11.959, 12.475, 12.687, 13.431, 13.782, 13.953, 13.81, 12.46, 11.941, 12.088, 12.128, 11.283, 11.217, 12.042, 11.277, 9.559, 8.814, 8.797, 8.707, 8.447, 8.637, 9.1, 8.873, 8.784, 8.655, 8.024, 7.372, 6.986, 6.539, 6.115, 5.885, 5.638, 5.408, 4.575, 4.483, 4.179], [13.027, 10.213, 7.218, 5.82, 5.29, 5.61, 5.28, 4.8, 4.58, 4.96, 4.53, 3.81, 4.1, 4.76, 4.943, 4.16, 3.07, 2.39, 1.85, 1.58, 1.36, 1.26, 0.98, 1.0, 0.98, 0, 1.05, 1.17, 1.43, 1.67, 1.8, 1.93, 2.65, 3.31, 3.67, 5.05, 6.27, 8.616, 9.443, 8.097, 7.74, 7.545, 7.199, 7.615, 8.54, 9.303, 9.349, 9.389, 10.13, 10.814, 11.436, 11.952, 12.201, 13.006, 13.281, 13.462, 13.35, 11.962, 11.478, 11.588, 11.661, 10.997, 10.857, 11.498, 10.757, 9.098, 8.577, 8.583, 8.593, 8.253, 8.457, 8.983, 8.858, 8.738, 8.618, 8.058, 7.47, 7.05, 6.58, 6.17, 5.94, 5.77, 5.54, 4.65, 4.51, 4.26], [13.103, 10.225, 7.154, 5.9, 5.46, 5.78, 5.43, 4.85, 4.75, 4.91, 4.42, 3.8, 4.15, 4.705, 4.987, 4.06, 3.21, 2.496, 1.88, 1.71, 1.47, 1.47, 1.21, 1.35, 1.49, 1.05, 0, 0.96, 1.42, 1.84, 2.09, 2.12, 2.876, 3.55, 3.94, 5.26, 6.36, 8.529, 9.336, 8.058, 7.633, 7.318, 6.944, 7.357, 8.271, 9.022, 8.977, 8.997, 9.742, 10.428, 11.053, 11.595, 11.827, 12.682, 12.992, 13.118, 12.987, 11.617, 11.146, 11.173, 11.577, 10.993, 10.835, 11.257, 10.598, 9.077, 8.653, 8.775, 8.765, 8.448, 8.615, 9.135, 9.014, 8.951, 8.771, 8.174, 7.61, 7.26, 6.79, 6.46, 6.17, 6.0, 5.75, 5.02, 4.8, 4.51], [13.19, 10.25, 7.11, 5.85, 5.42, 5.84, 5.39, 4.73, 4.73, 4.77, 4.22, 3.74, 4.15, 4.71, 4.84, 3.99, 3.12, 2.48, 1.84, 1.63, 1.39, 1.49, 1.37, 1.49, 1.57, 1.17, 0.96, 0, 1.0, 1.78, 2.11, 2.06, 2.9, 3.52, 3.82, 5.16, 6.4, 8.586, 9.433, 8.118, 7.676, 7.024, 6.776, 7.12, 8.037, 8.697, 8.68, 8.685, 9.447, 10.114, 10.799, 11.361, 11.602, 12.437, 12.784, 12.821, 12.744, 11.426, 10.918, 11.088, 11.65, 11.12, 10.96, 11.41, 10.573, 9.07, 8.74, 8.74, 8.69, 8.39, 8.6, 9.06, 8.89, 8.87, 8.65, 8.07, 7.54, 7.12, 6.65, 6.46, 6.25, 6.04, 5.79, 5.04, 4.74, 4.41], [12.55, 9.65, 6.53, 5.27, 4.92, 5.32, 4.91, 4.31, 4.27, 4.35, 3.8, 3.3, 3.61, 4.15, 4.22, 3.55, 2.52, 2.0, 1.56, 1.53, 1.25, 1.35, 1.61, 1.83, 1.79, 1.43, 1.42, 1.0, 0, 1.28, 1.77, 1.66, 2.3, 2.86, 3.16, 4.4, 5.74, 7.944, 8.811, 7.498, 7.054, 6.675, 6.356, 6.734, 7.662, 8.342, 8.311, 8.288, 9.033, 9.734, 10.416, 10.957, 11.24, 12.008, 12.296, 12.504, 12.392, 11.044, 10.518, 10.748, 11.05, 10.52, 10.34, 10.85, 10.048, 8.47, 8.1, 8.04, 7.99, 7.69, 7.9, 8.4, 8.17, 8.15, 7.99, 7.43, 6.9, 6.56, 6.07, 5.92, 5.69, 5.52, 5.27, 4.6, 4.16, 3.79], [11.91, 9.243, 6.07, 4.67, 4.06, 4.34, 4.05, 3.73, 3.79, 3.95, 3.64, 3.1, 3.25, 3.73, 3.963, 3.25, 1.82, 1.26, 1.32, 1.33, 1.47, 1.51, 1.59, 1.93, 1.809, 1.67, 1.84, 1.78, 1.28, 0, 0.97, 1.24, 1.32, 1.88, 2.34, 3.72, 5.12, 7.602, 8.564, 7.244, 6.918, 6.568, 6.294, 6.715, 7.621, 8.392, 8.487, 8.536, 9.295, 9.95, 10.595, 11.102, 11.351, 12.156, 12.419, 12.536, 12.482, 11.124, 10.631, 10.689, 10.694, 9.94, 9.86, 10.651, 9.835, 8.188, 7.472, 7.438, 7.468, 7.148, 7.34, 7.9, 7.69, 7.51, 7.47, 6.85, 6.2, 5.8, 5.33, 4.96, 4.65, 4.5, 4.23, 3.76, 3.42, 3.03], [11.938, 9.392, 6.368, 4.76, 3.95, 4.19, 4.04, 3.88, 4.16, 4.32, 4.01, 3.41, 3.64, 4.16, 4.341, 3.611, 2.11, 1.61, 1.67, 1.36, 1.58, 1.44, 1.44, 1.88, 1.76, 1.8, 2.09, 2.11, 1.77, 0.97, 0, 1.13, 1.27, 1.81, 2.23, 3.61, 5.23, 8.003, 8.827, 7.385, 7.233, 7.055, 6.729, 7.222, 8.148, 8.89, 8.983, 9.018, 9.774, 10.429, 11.079, 11.54, 11.806, 12.536, 12.768, 12.983, 12.934, 11.498, 10.971, 11.164, 11.094, 10.19, 10.153, 11.034, 10.272, 8.503, 7.565, 7.371, 7.535, 7.181, 7.311, 7.954, 7.664, 7.481, 7.447, 6.838, 6.01, 5.61, 5.16, 4.75, 4.32, 4.17, 3.96, 3.65, 3.31, 2.82], [11.53, 9.039, 6.21, 4.83, 4.2, 4.5, 4.33, 4.21, 4.17, 4.33, 4.02, 3.32, 3.45, 3.87, 4.22, 3.55, 2.28, 1.72, 1.5, 1.41, 1.55, 1.33, 1.45, 1.866, 1.977, 1.93, 2.12, 2.06, 1.66, 1.24, 1.13, 0, 1.14, 1.8, 2.26, 3.5, 4.96, 7.593, 8.471, 7.029, 6.848, 6.783, 6.442, 6.915, 7.818, 8.592, 8.71, 8.781, 9.539, 10.197, 10.82, 11.305, 11.558, 12.259, 12.529, 12.713, 12.621, 11.248, 10.715, 10.831, 10.792, 9.84, 9.82, 10.672, 9.882, 8.11, 7.189, 7.08, 7.31, 6.93, 7.02, 7.68, 7.47, 7.27, 7.31, 6.65, 6.24, 5.9, 5.51, 5.22, 4.73, 4.54, 4.37, 3.64, 3.28, 3.11], [11.09, 8.673, 5.752, 4.25, 3.58, 3.74, 3.65, 3.67, 3.81, 3.99, 3.68, 3.06, 3.23, 3.65, 3.799, 3.13, 1.76, 1.34, 1.56, 1.87, 2.09, 1.97, 2.23, 2.652, 2.649, 2.65, 2.876, 2.9, 2.3, 1.32, 1.27, 1.14, 0, 0.9, 1.44, 2.84, 4.64, 7.33, 8.137, 6.686, 6.543, 6.462, 6.144, 6.6, 7.512, 8.297, 8.405, 8.465, 9.222, 9.881, 10.509, 10.993, 11.241, 11.936, 12.214, 12.415, 12.318, 10.942, 10.406, 10.528, 10.481, 9.514, 9.497, 10.375, 9.619, 7.83, 6.869, 6.72, 6.932, 6.544, 6.54, 7.276, 7.05, 6.73, 6.81, 6.01, 5.38, 5.16, 4.81, 4.54, 4.09, 3.78, 3.53, 3.08, 2.5, 2.31], [10.59, 8.196, 5.272, 3.75, 3.28, 3.34, 3.37, 3.49, 3.75, 3.83, 3.62, 3.18, 3.11, 3.33, 3.38, 2.67, 1.6, 1.58, 2.08, 2.29, 2.65, 2.57, 2.863, 3.269, 3.24, 3.31, 3.55, 3.52, 2.86, 1.88, 1.81, 1.8, 0.9, 0, 0.96, 2.18, 4.16, 6.893, 7.691, 6.235, 6.079, 6.005, 5.676, 6.135, 7.041, 7.829, 7.925, 7.985, 8.743, 9.401, 10.029, 10.524, 10.761, 11.456, 11.749, 11.959, 11.841, 10.465, 9.929, 10.057, 10.012, 9.026, 9.025, 9.915, 9.171, 7.373, 6.466, 6.257, 6.481, 6.041, 6.06, 6.8, 6.515, 6.247, 6.243, 5.509, 4.76, 4.62, 4.33, 4.08, 3.73, 3.4, 3.23, 3.06, 2.36, 2.13], [9.925, 7.49, 4.581, 3.29, 3.14, 3.26, 3.27, 3.25, 3.43, 3.55, 3.28, 2.94, 2.91, 3.11, 2.92, 2.33, 1.72, 1.9, 2.36, 2.65, 2.93, 2.83, 3.146, 3.749, 3.606, 3.67, 3.94, 3.82, 3.16, 2.34, 2.23, 2.26, 1.44, 0.96, 0, 1.54, 3.46, 6.259, 7.017, 5.566, 5.374, 5.331, 4.917, 5.424, 6.369, 7.067, 7.145, 7.2, 7.944, 8.604, 9.235, 9.742, 9.971, 10.677, 10.99, 11.211, 11.122, 9.72, 9.19, 9.372, 9.324, 8.389, 8.406, 9.264, 8.537, 6.739, 5.834, 5.561, 5.739, 5.371, 5.361, 6.046, 5.787, 5.603, 5.537, 4.83, 4.48, 4.36, 4.13, 3.88, 3.51, 3.2, 3.09, 3.1, 2.44, 2.29], [8.745, 6.466, 4.13, 3.17, 3.36, 3.42, 3.61, 3.59, 3.61, 3.69, 3.74, 3.46, 3.27, 3.19, 3.04, 2.71, 2.76, 3.22, 3.74, 4.05, 4.15, 4.07, 4.45, 5.037, 4.95, 5.05, 5.26, 5.16, 4.4, 3.72, 3.61, 3.5, 2.84, 2.18, 1.54, 0, 2.177, 5.002, 5.774, 4.309, 4.138, 4.129, 3.68, 4.15, 5.096, 5.795, 5.851, 5.871, 6.599, 7.262, 7.941, 8.402, 8.66, 9.402, 9.65, 9.905, 9.83, 8.369, 7.856, 8.08, 8.062, 7.114, 7.134, 7.992, 7.263, 5.49, 4.577, 4.269, 4.422, 4.202, 4.219, 4.829, 4.769, 4.61, 4.469, 4.05, 4.28, 4.24, 4.07, 4.0, 3.79, 3.4, 3.35, 3.36, 2.88, 2.83], [6.9, 4.97, 3.77, 3.33, 3.92, 3.8, 4.25, 4.23, 4.01, 4.05, 4.28, 4.0, 3.67, 3.35, 3.26, 3.23, 4.1, 4.64, 5.08, 5.55, 5.53, 5.448, 5.923, 6.465, 6.443, 6.27, 6.36, 6.4, 5.74, 5.12, 5.23, 4.96, 4.64, 4.16, 3.46, 2.177, 0, 2.873, 3.689, 2.28, 2.14, 2.28, 1.78, 2.15, 2.987, 3.735, 3.793, 3.872, 4.631, 5.265, 5.895, 6.37, 6.622, 7.368, 7.618, 7.808, 7.753, 6.363, 5.824, 6.006, 5.967, 5.11, 5.053, 5.884, 5.146, 3.57, 2.62, 2.52, 2.91, 2.91, 3.12, 3.4, 3.85, 4.03, 3.85, 3.87, 4.46, 4.38, 4.19, 4.14, 4.01, 3.92, 4.09, 4.2, 3.94, 4.39], [5.56, 4.88, 4.74, 4.92, 5.61, 5.47, 5.9, 5.92, 5.36, 5.22, 5.59, 5.67, 5.14, 4.68, 4.61, 5.16, 6.47, 7.05, 7.43, 8.126, 8.082, 8.141, 8.589, 9.03, 9.07, 8.616, 8.529, 8.586, 7.944, 7.602, 8.003, 7.593, 7.33, 6.893, 6.259, 5.002, 2.873, 0, 1.29, 1.29, 1.37, 2.03, 1.95, 1.96, 1.62, 1.7, 2.19, 2.4, 2.92, 2.84, 3.306, 3.778, 4.03, 4.759, 5.051, 5.223, 5.19, 4.12, 3.65, 3.8, 3.84, 3.39, 3.63, 3.52, 3.27, 3.06, 2.61, 2.73, 3.1, 3.54, 3.63, 3.37, 4.14, 4.44, 4.56, 4.9, 5.69, 5.51, 5.5, 5.49, 5.46, 5.71, 5.88, 5.95, 6.15, 6.86], [5.23, 4.85, 4.89, 5.19, 6.04, 5.92, 6.29, 6.43, 5.93, 5.79, 6.2, 6.22, 5.69, 5.29, 5.16, 5.79, 7.24, 7.812, 8.192, 8.891, 8.792, 8.831, 9.354, 9.749, 9.847, 9.443, 9.336, 9.433, 8.811, 8.564, 8.827, 8.471, 8.137, 7.691, 7.017, 5.774, 3.689, 1.29, 0, 1.66, 2.04, 2.66, 2.7, 2.53, 1.89, 1.65, 2.12, 2.51, 2.37, 2.13, 2.68, 3.01, 3.21, 3.87, 4.18, 4.58, 4.64, 3.87, 3.42, 3.43, 3.31, 3.04, 3.24, 3.27, 3.3, 3.17, 2.68, 2.92, 3.23, 3.59, 3.68, 3.4, 4.13, 4.49, 4.51, 4.91, 5.84, 5.64, 5.65, 5.8, 5.87, 6.14, 6.35, 6.48, 6.7, 7.45], [5.57, 4.37, 4.01, 4.07, 4.68, 4.52, 5.07, 5.25, 4.65, 4.63, 4.92, 4.96, 4.47, 4.07, 3.98, 4.47, 5.96, 6.512, 6.912, 7.574, 7.506, 7.554, 7.923, 8.355, 8.407, 8.097, 8.058, 8.118, 7.498, 7.244, 7.385, 7.029, 6.686, 6.235, 5.566, 4.309, 2.28, 1.29, 1.66, 0, 0.9, 1.72, 1.5, 1.57, 1.37, 1.87, 2.1, 2.23, 2.79, 3.329, 3.931, 4.412, 4.658, 5.343, 5.622, 5.788, 5.696, 4.51, 3.92, 4.01, 4.07, 3.56, 3.76, 3.99, 3.46, 2.67, 1.92, 2.06, 2.53, 2.81, 2.96, 2.84, 3.55, 3.83, 3.71, 3.99, 4.78, 4.64, 4.59, 4.68, 4.63, 4.82, 4.97, 5.04, 5.16, 5.91], [6.15, 4.45, 3.85, 3.93, 4.58, 4.46, 4.83, 4.81, 4.31, 4.31, 4.56, 4.58, 4.15, 3.77, 3.7, 4.07, 5.58, 6.106, 6.492, 7.182, 7.169, 7.314, 7.722, 8.149, 8.166, 7.74, 7.633, 7.676, 7.054, 6.918, 7.233, 6.848, 6.543, 6.079, 5.374, 4.138, 2.14, 1.37, 2.04, 0.9, 0, 1.28, 1.12, 1.23, 1.47, 2.03, 2.32, 2.33, 2.95, 3.469, 4.08, 4.552, 4.798, 5.483, 5.78, 5.96, 5.9, 4.73, 4.12, 4.23, 4.41, 4.0, 4.2, 4.21, 3.78, 2.75, 2.28, 2.36, 2.75, 2.89, 3.12, 3.12, 3.61, 3.95, 3.77, 3.99, 4.74, 4.62, 4.57, 4.64, 4.67, 4.78, 4.95, 4.94, 4.98, 5.71], [6.93, 5.15, 3.77, 3.93, 4.74, 4.6, 4.95, 4.63, 4.27, 4.09, 4.24, 4.34, 4.11, 3.65, 3.52, 3.83, 5.34, 5.949, 6.297, 7.044, 6.956, 7.082, 7.588, 8.014, 8.048, 7.545, 7.318, 7.024, 6.675, 6.568, 7.055, 6.783, 6.462, 6.005, 5.331, 4.129, 2.28, 2.03, 2.66, 1.72, 1.28, 0, 1.14, 0.95, 1.25, 1.95, 2.1, 2.19, 2.87, 3.489, 4.12, 4.69, 4.91, 5.69, 6.1, 6.04, 6.02, 5.07, 4.46, 4.65, 5.15, 4.7, 4.82, 4.87, 4.14, 3.15, 2.76, 2.8, 3.33, 3.25, 3.48, 3.76, 4.23, 4.29, 3.99, 4.11, 4.9, 4.72, 4.67, 4.7, 4.67, 4.86, 5.05, 4.98, 5.06, 5.77], [6.63, 4.55, 3.47, 3.45, 4.26, 4.14, 4.45, 4.15, 3.85, 3.61, 3.88, 3.94, 3.65, 3.23, 3.14, 3.41, 4.92, 5.532, 5.872, 6.579, 6.488, 6.668, 7.188, 7.619, 7.685, 7.199, 6.944, 6.776, 6.356, 6.294, 6.729, 6.442, 6.144, 5.676, 4.917, 3.68, 1.78, 1.95, 2.7, 1.5, 1.12, 1.14, 0, 0.93, 1.53, 2.19, 2.3, 2.45, 3.19, 3.769, 4.396, 4.878, 5.132, 5.95, 6.2, 6.354, 6.277, 4.85, 4.4, 4.59, 4.95, 4.5, 4.52, 4.79, 3.9, 2.85, 2.48, 2.42, 2.71, 2.83, 3.08, 3.16, 3.57, 3.95, 3.63, 3.85, 4.5, 4.42, 4.23, 4.3, 4.41, 4.42, 4.59, 4.62, 4.72, 5.33], [6.5, 4.6, 3.58, 3.78, 4.55, 4.47, 4.8, 4.52, 4.08, 3.86, 4.17, 4.35, 4.06, 3.6, 3.41, 3.86, 5.39, 5.939, 6.282, 7.066, 6.96, 7.166, 7.666, 8.041, 8.12, 7.615, 7.357, 7.12, 6.734, 6.715, 7.222, 6.915, 6.6, 6.135, 5.424, 4.15, 2.15, 1.96, 2.53, 1.57, 1.23, 0.95, 0.93, 0, 0.98, 1.76, 1.95, 2.1, 2.74, 3.34, 3.926, 4.5, 4.72, 5.48, 5.87, 5.89, 5.79, 4.66, 4.15, 4.3, 4.78, 4.35, 4.29, 4.56, 3.71, 2.76, 2.33, 2.31, 2.82, 2.98, 3.25, 3.25, 3.74, 4.1, 3.78, 3.9, 4.73, 4.53, 4.44, 4.53, 4.66, 4.81, 4.96, 4.97, 5.11, 5.8], [5.96, 4.6, 4.14, 4.5, 5.31, 5.17, 5.52, 5.3, 4.96, 4.64, 5.01, 5.25, 4.82, 4.34, 4.19, 4.82, 6.33, 6.919, 7.262, 8.046, 7.938, 8.106, 8.612, 8.958, 9.069, 8.54, 8.271, 8.037, 7.662, 7.621, 8.148, 7.818, 7.512, 7.041, 6.369, 5.096, 2.987, 1.62, 1.89, 1.37, 1.47, 1.25, 1.53, 0.98, 0, 0.94, 1.33, 1.64, 2.12, 2.52, 3.11, 3.64, 3.88, 4.66, 5.05, 5.01, 4.95, 4.04, 3.45, 3.58, 4.08, 3.69, 3.87, 3.78, 3.25, 2.72, 2.21, 2.41, 2.9, 3.16, 3.37, 3.23, 3.76, 4.12, 3.98, 4.34, 5.27, 5.07, 5.1, 5.17, 5.3, 5.49, 5.68, 5.77, 6.01, 6.74], [5.54, 4.58, 4.34, 4.9, 5.89, 5.81, 6.12, 5.9, 5.58, 5.2, 5.57, 5.91, 5.54, 5.04, 4.79, 5.48, 7.09, 7.647, 7.99, 8.717, 8.606, 8.789, 9.323, 9.741, 9.809, 9.303, 9.022, 8.697, 8.342, 8.392, 8.89, 8.592, 8.297, 7.829, 7.067, 5.795, 3.735, 1.7, 1.65, 1.87, 2.03, 1.95, 2.19, 1.76, 0.94, 0, 1.05, 1.72, 1.96, 1.9, 2.45, 2.96, 3.2, 4.0, 4.41, 4.37, 4.33, 3.46, 2.97, 3.06, 3.6, 3.23, 3.41, 3.34, 3.03, 2.74, 2.45, 2.61, 2.88, 3.3, 3.41, 3.07, 3.66, 4.2, 4.08, 4.46, 5.39, 5.21, 5.34, 5.61, 5.76, 6.03, 6.26, 6.47, 6.71, 7.32], [6.05, 4.87, 4.47, 5.09, 6.06, 6.0, 6.29, 6.03, 5.75, 5.39, 5.56, 5.98, 5.65, 5.19, 4.98, 5.51, 7.16, 7.717, 7.966, 8.79, 8.672, 8.815, 9.387, 9.821, 9.881, 9.349, 8.977, 8.68, 8.311, 8.487, 8.983, 8.71, 8.405, 7.925, 7.145, 5.851, 3.793, 2.19, 2.12, 2.1, 2.32, 2.1, 2.3, 1.95, 1.33, 1.05, 0, 1.31, 1.71, 1.91, 2.58, 3.11, 3.27, 4.17, 4.68, 4.8, 4.68, 3.95, 3.36, 3.49, 4.25, 3.86, 3.94, 3.95, 3.38, 3.03, 2.72, 2.86, 3.03, 3.47, 3.58, 3.32, 3.91, 4.43, 4.25, 4.61, 5.54, 5.4, 5.53, 5.82, 5.97, 6.24, 6.39, 6.62, 6.82, 7.41], [6.96, 5.9, 4.82, 5.26, 6.23, 6.19, 6.44, 6.14, 5.88, 5.52, 5.75, 6.11, 5.78, 5.34, 5.15, 5.54, 7.235, 7.749, 7.977, 8.771, 8.638, 8.85, 9.426, 9.847, 9.897, 9.389, 8.997, 8.685, 8.288, 8.536, 9.018, 8.781, 8.465, 7.985, 7.2, 5.871, 3.872, 2.4, 2.51, 2.23, 2.33, 2.19, 2.45, 2.1, 1.64, 1.72, 1.31, 0, 1.2, 1.84, 2.77, 3.418, 3.698, 4.635, 5.205, 5.29, 5.17, 4.6, 3.91, 4.0, 4.78, 4.59, 4.79, 4.66, 4.45, 4.08, 3.47, 3.47, 3.9, 4.22, 4.51, 4.37, 4.92, 5.38, 4.98, 5.18, 5.93, 5.71, 5.86, 6.09, 6.26, 6.47, 6.64, 6.81, 6.95, 7.42], [7.1, 6.22, 5.4, 5.9, 6.89, 6.87, 7.12, 6.82, 6.56, 6.18, 6.43, 6.81, 6.48, 6.02, 5.81, 6.32, 8.009, 8.502, 8.725, 9.509, 9.368, 9.577, 10.151, 10.562, 10.622, 10.13, 9.742, 9.447, 9.033, 9.295, 9.774, 9.539, 9.222, 8.743, 7.944, 6.599, 4.631, 2.92, 2.37, 2.79, 2.95, 2.87, 3.19, 2.74, 2.12, 1.96, 1.71, 1.2, 0, 1.36, 2.41, 2.96, 3.093, 3.993, 4.688, 5.171, 5.134, 4.673, 4.13, 4.16, 4.781, 4.703, 4.93, 4.88, 4.79, 4.38, 3.83, 4.03, 4.46, 4.7, 4.91, 4.79, 5.2, 5.64, 5.38, 5.76, 6.53, 6.35, 6.4, 6.75, 6.88, 7.15, 7.32, 7.49, 7.71, 8.18], [6.2, 5.74, 5.72, 6.44, 7.39, 7.39, 7.64, 7.34, 7.1, 6.7, 6.97, 7.41, 7.1, 6.6, 6.33, 6.939, 8.645, 9.168, 9.428, 10.187, 10.066, 10.275, 10.843, 11.263, 11.32, 10.814, 10.428, 10.114, 9.734, 9.95, 10.429, 10.197, 9.881, 9.401, 8.604, 7.262, 5.265, 2.84, 2.13, 3.329, 3.469, 3.489, 3.769, 3.34, 2.52, 1.9, 1.91, 1.84, 1.36, 0, 1.43, 1.9, 2.1, 3.02, 3.688, 4.037, 4.07, 3.7, 3.29, 3.34, 3.66, 3.85, 3.99, 3.98, 3.95, 4.04, 3.95, 4.13, 4.24, 4.62, 4.71, 4.47, 4.86, 5.34, 5.38, 5.8, 6.71, 6.67, 6.9, 7.27, 7.42, 7.67, 7.88, 8.03, 8.27, 8.74], [5.61, 5.51, 6.03, 6.81, 7.8, 7.8, 8.05, 7.81, 7.59, 7.21, 7.46, 7.98, 7.71, 7.17, 6.92, 7.561, 9.263, 9.784, 10.016, 10.823, 10.734, 10.911, 11.473, 11.888, 11.959, 11.436, 11.053, 10.799, 10.416, 10.595, 11.079, 10.82, 10.509, 10.029, 9.235, 7.941, 5.895, 3.306, 2.68, 3.931, 4.08, 4.12, 4.396, 3.926, 3.11, 2.45, 2.58, 2.77, 2.41, 1.43, 0, 0.91, 1.11, 2.11, 2.66, 2.88, 2.94, 2.73, 2.9, 2.85, 2.91, 3.38, 3.5, 3.27, 3.42, 3.97, 4.34, 4.6, 4.53, 4.87, 5.0, 4.52, 5.05, 5.51, 5.45, 6.05, 7.02, 7.0, 7.29, 7.64, 7.79, 8.06, 8.29, 8.54, 8.8, 9.35], [5.24, 5.3, 6.14, 7.16, 8.23, 8.25, 8.42, 8.24, 8.08, 7.7, 7.95, 8.45, 8.199, 7.659, 7.409, 8.045, 9.748, 10.282, 10.56, 11.301, 11.224, 11.392, 11.989, 12.392, 12.475, 11.952, 11.595, 11.361, 10.957, 11.102, 11.54, 11.305, 10.993, 10.524, 9.742, 8.402, 6.37, 3.778, 3.01, 4.412, 4.552, 4.69, 4.878, 4.5, 3.64, 2.96, 3.11, 3.418, 2.96, 1.9, 0.91, 0, 0.8, 1.6, 1.91, 2.47, 2.63, 2.32, 2.47, 2.56, 2.48, 3.19, 3.31, 2.94, 3.17, 3.98, 4.53, 4.73, 4.58, 4.9, 5.07, 4.55, 5.04, 5.5, 5.38, 6.08, 7.05, 7.09, 7.36, 7.83, 8.06, 8.41, 8.72, 9.03, 9.29, 9.8], [5.3, 5.42, 6.2, 7.4, 8.45, 8.47, 8.64, 8.46, 8.3, 7.92, 8.21, 8.69, 8.44, 7.9, 7.65, 8.296, 10.009, 10.505, 10.751, 11.527, 11.455, 11.664, 12.212, 12.627, 12.687, 12.201, 11.827, 11.602, 11.24, 11.351, 11.806, 11.558, 11.241, 10.761, 9.971, 8.66, 6.622, 4.03, 3.21, 4.658, 4.798, 4.91, 5.132, 4.72, 3.88, 3.2, 3.27, 3.698, 3.093, 2.1, 1.11, 0.8, 0, 1.16, 1.81, 2.37, 2.51, 2.42, 2.61, 2.68, 2.64, 3.33, 3.45, 3.04, 3.33, 4.2, 4.79, 4.99, 4.78, 5.16, 5.35, 4.75, 5.16, 5.58, 5.46, 6.16, 7.13, 7.21, 7.62, 7.97, 8.3, 8.63, 8.96, 9.27, 9.53, 10.1], [5.02, 5.56, 6.6, 8.1, 9.11, 9.13, 9.3, 9.2, 8.96, 8.68, 9.03, 9.45, 9.12, 8.58, 8.33, 9.0, 10.77, 11.272, 11.512, 12.308, 12.266, 12.503, 12.97, 13.399, 13.431, 13.006, 12.682, 12.437, 12.008, 12.156, 12.536, 12.259, 11.936, 11.456, 10.677, 9.402, 7.368, 4.759, 3.87, 5.343, 5.483, 5.69, 5.95, 5.48, 4.66, 4.0, 4.17, 4.635, 3.993, 3.02, 2.11, 1.6, 1.16, 0, 1.21, 1.91, 2.01, 2.26, 2.53, 2.66, 2.56, 3.47, 3.65, 3.06, 3.57, 4.6, 5.29, 5.53, 5.32, 5.74, 5.87, 5.21, 5.62, 6.02, 5.86, 6.56, 7.59, 7.73, 8.26, 8.67, 9.0, 9.33, 9.66, 9.95, 10.21, 10.84], [4.81, 5.69, 6.87, 8.39, 9.4, 9.42, 9.59, 9.43, 9.25, 8.93, 9.28, 9.72, 9.41, 8.87, 8.66, 9.31, 11.028, 11.612, 11.932, 12.555, 12.545, 12.727, 13.302, 13.718, 13.782, 13.281, 12.992, 12.784, 12.296, 12.419, 12.768, 12.529, 12.214, 11.749, 10.99, 9.65, 7.618, 5.051, 4.18, 5.622, 5.78, 6.1, 6.2, 5.87, 5.05, 4.41, 4.68, 5.205, 4.688, 3.688, 2.66, 1.91, 1.81, 1.21, 0, 1.3, 1.58, 2.15, 2.6, 2.73, 2.65, 3.68, 3.84, 3.15, 3.74, 4.83, 5.56, 5.76, 5.51, 5.93, 6.06, 5.44, 5.69, 6.13, 6.03, 6.79, 7.74, 7.92, 8.39, 8.9, 9.25, 9.6, 9.93, 10.24, 10.5, 11.03], [4.73, 5.75, 7.19, 8.63, 9.58, 9.62, 9.79, 9.67, 9.47, 9.13, 9.48, 9.8, 9.57, 9.03, 8.76, 9.53, 11.191, 11.769, 12.089, 12.776, 12.734, 12.956, 13.493, 13.888, 13.953, 13.462, 13.118, 12.821, 12.504, 12.536, 12.983, 12.713, 12.415, 11.959, 11.211, 9.905, 7.808, 5.223, 4.58, 5.788, 5.96, 6.04, 6.354, 5.89, 5.01, 4.37, 4.8, 5.29, 5.171, 4.037, 2.88, 2.47, 2.37, 1.91, 1.3, 0, 0.8, 2.17, 2.58, 2.57, 2.75, 3.72, 3.9, 3.19, 3.8, 4.93, 5.68, 5.96, 5.67, 6.11, 6.26, 5.54, 5.93, 6.29, 6.19, 6.99, 8.02, 8.18, 8.69, 9.06, 9.39, 9.76, 10.07, 10.38, 10.64, 11.29], [4.39, 5.49, 6.99, 8.55, 9.5, 9.52, 9.71, 9.61, 9.37, 9.03, 9.34, 9.78, 9.466, 8.926, 8.68, 9.407, 11.116, 11.634, 11.906, 12.707, 12.679, 12.887, 13.375, 13.764, 13.81, 13.35, 12.987, 12.744, 12.392, 12.482, 12.934, 12.621, 12.318, 11.841, 11.122, 9.83, 7.753, 5.19, 4.64, 5.696, 5.9, 6.02, 6.277, 5.79, 4.95, 4.33, 4.68, 5.17, 5.134, 4.07, 2.94, 2.63, 2.51, 2.01, 1.58, 0.8, 0, 1.77, 2.28, 2.23, 2.63, 3.48, 3.66, 2.85, 3.48, 4.73, 5.559, 5.88, 5.55, 6.03, 6.14, 5.32, 5.83, 6.23, 6.05, 6.85, 7.98, 8.16, 8.65, 9.02, 9.35, 9.7, 10.01, 10.28, 10.54, 11.23], [3.32, 4.14, 5.74, 7.18, 8.19, 8.23, 8.4, 8.26, 8.02, 7.66, 7.95, 8.39, 8.099, 7.559, 7.31, 8.02, 9.715, 10.261, 10.524, 11.291, 11.243, 11.472, 11.982, 12.411, 12.46, 11.962, 11.617, 11.426, 11.044, 11.124, 11.498, 11.248, 10.942, 10.465, 9.72, 8.369, 6.363, 4.12, 3.87, 4.51, 4.73, 5.07, 4.85, 4.66, 4.04, 3.46, 3.95, 4.6, 4.673, 3.7, 2.73, 2.32, 2.42, 2.26, 2.15, 2.17, 1.77, 0, 1.13, 1.34, 1.92, 2.19, 2.47, 1.76, 2.21, 3.42, 4.21, 4.41, 4.18, 4.58, 4.71, 3.97, 4.44, 4.8, 4.7, 5.5, 6.61, 6.83, 7.26, 7.69, 8.0, 8.31, 8.62, 8.93, 9.19, 9.78], [3.19, 3.71, 5.17, 6.69, 7.74, 7.78, 7.93, 7.79, 7.55, 7.21, 7.52, 7.86, 7.59, 7.05, 6.78, 7.47, 9.225, 9.762, 10.023, 10.75, 10.698, 10.944, 11.472, 11.886, 11.941, 11.478, 11.146, 10.918, 10.518, 10.631, 10.971, 10.715, 10.406, 9.929, 9.19, 7.856, 5.824, 3.65, 3.42, 3.92, 4.12, 4.46, 4.4, 4.15, 3.45, 2.97, 3.36, 3.91, 4.13, 3.29, 2.9, 2.47, 2.61, 2.53, 2.6, 2.58, 2.28, 1.13, 0, 0.77, 1.75, 1.94, 2.18, 1.45, 1.86, 2.93, 3.68, 3.9, 3.73, 4.11, 4.24, 3.56, 3.91, 4.25, 4.19, 4.93, 6.02, 6.26, 6.79, 7.24, 7.55, 7.86, 8.17, 8.48, 8.72, 9.27], [3.06, 3.52, 5.28, 6.82, 7.81, 7.83, 8.02, 7.94, 7.66, 7.3, 7.57, 8.01, 7.66, 7.119, 6.89, 7.674, 9.332, 9.87, 10.141, 10.962, 10.972, 11.122, 11.617, 11.988, 12.088, 11.588, 11.173, 11.088, 10.748, 10.689, 11.164, 10.831, 10.528, 10.057, 9.372, 8.08, 6.006, 3.8, 3.43, 4.01, 4.23, 4.65, 4.59, 4.3, 3.58, 3.06, 3.49, 4.0, 4.16, 3.34, 2.85, 2.56, 2.68, 2.66, 2.73, 2.57, 2.23, 1.34, 0.77, 0, 1.28, 1.63, 1.83, 1.38, 1.83, 2.94, 3.75, 4.11, 3.86, 4.3, 4.41, 3.59, 4.04, 4.34, 4.28, 5.02, 6.15, 6.43, 6.98, 7.31, 7.62, 7.93, 8.24, 8.51, 8.75, 9.46], [3.04, 3.32, 5.38, 6.86, 7.81, 7.75, 8.04, 8.1, 7.66, 7.54, 7.97, 8.19, 7.72, 7.18, 6.97, 7.86, 9.35, 9.985, 10.388, 11.058, 11.073, 11.135, 11.618, 12.088, 12.128, 11.661, 11.577, 11.65, 11.05, 10.694, 11.094, 10.792, 10.481, 10.012, 9.324, 8.062, 5.967, 3.84, 3.31, 4.07, 4.41, 5.15, 4.95, 4.78, 4.08, 3.6, 4.25, 4.78, 4.781, 3.66, 2.91, 2.48, 2.64, 2.56, 2.65, 2.75, 2.63, 1.92, 1.75, 1.28, 0, 1.19, 1.39, 1.28, 1.83, 3.0, 3.67, 3.998, 3.76, 4.18, 4.29, 3.47, 3.98, 4.16, 4.2, 5.0, 6.13, 6.41, 6.94, 7.19, 7.48, 7.81, 8.12, 8.37, 8.65, 9.4], [2.67, 2.65, 4.59, 5.97, 6.9, 6.84, 7.13, 7.41, 7.11, 6.97, 7.44, 7.6, 7.11, 6.47, 6.36, 7.25, 8.64, 9.3, 9.76, 10.23, 10.35, 10.25, 10.783, 11.325, 11.283, 10.997, 10.993, 11.12, 10.52, 9.94, 10.19, 9.84, 9.514, 9.026, 8.389, 7.114, 5.11, 3.39, 3.04, 3.56, 4.0, 4.7, 4.5, 4.35, 3.69, 3.23, 3.86, 4.59, 4.703, 3.85, 3.38, 3.19, 3.33, 3.47, 3.68, 3.72, 3.48, 2.19, 1.94, 1.63, 1.19, 0, 0.78, 1.33, 1.42, 2.31, 2.82, 3.12, 2.91, 3.29, 3.38, 2.6, 3.09, 3.29, 3.29, 4.09, 5.22, 5.5, 6.05, 6.28, 6.51, 6.88, 7.17, 7.4, 7.72, 8.47], [2.53, 2.33, 4.43, 5.91, 6.86, 6.82, 7.07, 7.27, 6.93, 6.83, 7.24, 7.42, 6.95, 6.31, 6.2, 7.09, 8.52, 9.16, 9.6, 10.177, 10.19, 10.228, 10.727, 11.203, 11.217, 10.857, 10.835, 10.96, 10.34, 9.86, 10.153, 9.82, 9.497, 9.025, 8.406, 7.134, 5.053, 3.63, 3.24, 3.76, 4.2, 4.82, 4.52, 4.29, 3.87, 3.41, 3.94, 4.79, 4.93, 3.99, 3.5, 3.31, 3.45, 3.65, 3.84, 3.9, 3.66, 2.47, 2.18, 1.83, 1.39, 0.78, 0, 1.39, 1.24, 2.17, 2.78, 3.06, 2.83, 3.23, 3.32, 2.5, 3.01, 3.17, 3.23, 4.03, 5.16, 5.42, 5.95, 6.24, 6.47, 6.86, 7.19, 7.4, 7.7, 8.49], [2.56, 2.74, 5.02, 6.68, 7.63, 7.61, 7.84, 7.88, 7.52, 7.36, 7.71, 7.99, 7.52, 7.0, 6.85, 7.62, 9.27, 9.819, 10.142, 10.955, 10.947, 11.072, 11.554, 11.926, 12.042, 11.498, 11.257, 11.41, 10.85, 10.651, 11.034, 10.672, 10.375, 9.915, 9.264, 7.992, 5.884, 3.52, 3.27, 3.99, 4.21, 4.87, 4.79, 4.56, 3.78, 3.34, 3.95, 4.66, 4.88, 3.98, 3.27, 2.94, 3.04, 3.06, 3.15, 3.19, 2.85, 1.76, 1.45, 1.38, 1.28, 1.33, 1.39, 0, 1.15, 2.76, 3.561, 3.941, 3.64, 4.08, 4.15, 3.33, 3.78, 3.98, 4.04, 4.82, 5.93, 6.19, 6.72, 7.05, 7.36, 7.73, 8.06, 8.29, 8.55, 9.34], [2.95, 2.37, 4.51, 6.05, 6.98, 6.92, 7.21, 7.19, 6.79, 6.55, 6.96, 7.3, 6.89, 6.27, 6.14, 7.05, 8.56, 9.172, 9.554, 10.271, 10.229, 10.336, 10.816, 11.225, 11.277, 10.757, 10.598, 10.573, 10.048, 9.835, 10.272, 9.882, 9.619, 9.171, 8.537, 7.263, 5.146, 3.27, 3.3, 3.46, 3.78, 4.14, 3.9, 3.71, 3.25, 3.03, 3.38, 4.45, 4.79, 3.95, 3.42, 3.17, 3.33, 3.57, 3.74, 3.8, 3.48, 2.21, 1.86, 1.83, 1.83, 1.42, 1.24, 1.15, 0, 1.81, 2.8, 3.22, 2.91, 3.33, 3.42, 2.6, 3.17, 3.33, 3.41, 4.23, 5.36, 5.56, 6.07, 6.34, 6.61, 6.98, 7.31, 7.52, 7.84, 8.63], [4.26, 2.2, 3.14, 4.42, 5.29, 5.21, 5.56, 5.74, 5.28, 5.1, 5.53, 5.71, 5.26, 4.74, 4.57, 5.46, 6.97, 7.539, 7.919, 8.635, 8.527, 8.609, 9.098, 9.504, 9.559, 9.098, 9.077, 9.07, 8.47, 8.188, 8.503, 8.11, 7.83, 7.373, 6.739, 5.49, 3.57, 3.06, 3.17, 2.67, 2.75, 3.15, 2.85, 2.76, 2.72, 2.74, 3.03, 4.08, 4.38, 4.04, 3.97, 3.98, 4.2, 4.6, 4.83, 4.93, 4.73, 3.42, 2.93, 2.94, 3.0, 2.31, 2.17, 2.76, 1.81, 0, 1.43, 1.91, 1.52, 1.7, 1.75, 1.45, 1.8, 1.96, 2.04, 2.74, 3.87, 4.03, 4.48, 4.71, 4.88, 5.27, 5.58, 5.83, 6.17, 6.88], [4.53, 2.95, 2.89, 3.91, 4.66, 4.5, 4.95, 5.25, 4.83, 4.71, 5.2, 5.32, 4.73, 4.19, 4.06, 4.89, 6.34, 6.918, 7.36, 7.957, 7.928, 7.9, 8.323, 8.785, 8.814, 8.577, 8.653, 8.74, 8.1, 7.472, 7.565, 7.189, 6.869, 6.466, 5.834, 4.577, 2.62, 2.61, 2.68, 1.92, 2.28, 2.76, 2.48, 2.33, 2.21, 2.45, 2.72, 3.47, 3.83, 3.95, 4.34, 4.53, 4.79, 5.29, 5.56, 5.68, 5.559, 4.21, 3.68, 3.75, 3.67, 2.82, 2.78, 3.561, 2.8, 1.43, 0, 0.96, 1.25, 1.43, 1.52, 1.56, 2.01, 2.21, 2.21, 2.51, 3.52, 3.56, 3.99, 4.2, 4.15, 4.5, 4.83, 5.1, 5.44, 6.15], [4.69, 3.27, 2.83, 3.73, 4.44, 4.32, 4.77, 5.17, 4.81, 4.69, 5.14, 5.2, 4.77, 4.21, 4.06, 4.87, 6.28, 6.92, 7.38, 7.846, 7.85, 7.79, 8.197, 8.783, 8.797, 8.583, 8.775, 8.74, 8.04, 7.438, 7.371, 7.08, 6.72, 6.257, 5.561, 4.269, 2.52, 2.73, 2.92, 2.06, 2.36, 2.8, 2.42, 2.31, 2.41, 2.61, 2.86, 3.47, 4.03, 4.13, 4.6, 4.73, 4.99, 5.53, 5.76, 5.96, 5.88, 4.41, 3.9, 4.11, 3.998, 3.12, 3.06, 3.941, 3.22, 1.91, 0.96, 0, 1.01, 1.27, 1.38, 1.54, 2.01, 2.25, 2.35, 2.53, 3.34, 3.36, 3.73, 3.94, 3.81, 4.22, 4.59, 4.92, 5.26, 5.87], [4.62, 2.44, 2.44, 3.58, 4.29, 4.19, 4.6, 4.94, 4.62, 4.5, 4.97, 5.13, 4.74, 4.18, 3.97, 4.84, 6.21, 6.83, 7.31, 7.78, 7.76, 7.72, 8.178, 8.755, 8.707, 8.593, 8.765, 8.69, 7.99, 7.468, 7.535, 7.31, 6.932, 6.481, 5.739, 4.422, 2.91, 3.1, 3.23, 2.53, 2.75, 3.33, 2.71, 2.82, 2.9, 2.88, 3.03, 3.9, 4.46, 4.24, 4.53, 4.58, 4.78, 5.32, 5.51, 5.67, 5.55, 4.18, 3.73, 3.86, 3.76, 2.91, 2.83, 3.64, 2.91, 1.52, 1.25, 1.01, 0, 0.8, 0.97, 0.73, 1.24, 1.66, 1.68, 1.98, 2.89, 3.07, 3.46, 3.69, 3.9, 4.27, 4.58, 4.93, 5.25, 5.88], [4.98, 2.46, 2.26, 3.22, 3.95, 3.83, 4.28, 4.66, 4.34, 4.22, 4.67, 4.81, 4.4, 3.86, 3.65, 4.54, 5.91, 6.55, 7.01, 7.478, 7.48, 7.42, 7.853, 8.395, 8.447, 8.253, 8.448, 8.39, 7.69, 7.148, 7.181, 6.93, 6.544, 6.041, 5.371, 4.202, 2.91, 3.54, 3.59, 2.81, 2.89, 3.25, 2.83, 2.98, 3.16, 3.3, 3.47, 4.22, 4.7, 4.62, 4.87, 4.9, 5.16, 5.74, 5.93, 6.11, 6.03, 4.58, 4.11, 4.3, 4.18, 3.29, 3.23, 4.08, 3.33, 1.7, 1.43, 1.27, 0.8, 0, 0.63, 1.13, 1.14, 1.24, 1.26, 1.66, 2.63, 2.75, 3.08, 3.43, 3.56, 3.87, 4.16, 4.47, 4.81, 5.48], [4.83, 2.51, 2.43, 3.41, 4.08, 3.94, 4.43, 4.83, 4.53, 4.41, 4.88, 5.04, 4.59, 4.03, 3.86, 4.73, 6.12, 6.78, 7.24, 7.686, 7.71, 7.628, 8.043, 8.625, 8.637, 8.457, 8.615, 8.6, 7.9, 7.34, 7.311, 7.02, 6.54, 6.06, 5.361, 4.219, 3.12, 3.63, 3.68, 2.96, 3.12, 3.48, 3.08, 3.25, 3.37, 3.41, 3.58, 4.51, 4.91, 4.71, 5.0, 5.07, 5.35, 5.87, 6.06, 6.26, 6.14, 4.71, 4.24, 4.41, 4.29, 3.38, 3.32, 4.15, 3.42, 1.75, 1.52, 1.38, 0.97, 0.63, 0, 1.14, 1.11, 1.21, 1.45, 1.73, 2.68, 2.86, 3.25, 3.6, 3.57, 3.82, 4.21, 4.56, 4.88, 5.55], [4.23, 2.09, 2.63, 3.83, 4.54, 4.46, 4.93, 5.27, 4.93, 4.83, 5.28, 5.5, 5.11, 4.53, 4.32, 5.21, 6.6, 7.26, 7.72, 8.15, 8.23, 8.15, 8.56, 9.143, 9.1, 8.983, 9.135, 9.06, 8.4, 7.9, 7.954, 7.68, 7.276, 6.8, 6.046, 4.829, 3.4, 3.37, 3.4, 2.84, 3.12, 3.76, 3.16, 3.25, 3.23, 3.07, 3.32, 4.37, 4.79, 4.47, 4.52, 4.55, 4.75, 5.21, 5.44, 5.54, 5.32, 3.97, 3.56, 3.59, 3.47, 2.6, 2.5, 3.33, 2.6, 1.45, 1.56, 1.54, 0.73, 1.13, 1.14, 0, 1.13, 1.49, 1.41, 1.95, 3.02, 3.24, 3.69, 3.92, 4.11, 4.48, 4.81, 5.16, 5.46, 6.13], [4.62, 2.0, 2.12, 3.52, 4.23, 4.15, 4.6, 4.96, 4.66, 4.54, 5.01, 5.39, 5.0, 4.5, 4.23, 5.04, 6.37, 6.99, 7.49, 7.88, 7.94, 7.88, 8.35, 8.921, 8.873, 8.858, 9.014, 8.89, 8.17, 7.69, 7.664, 7.47, 7.05, 6.515, 5.787, 4.769, 3.85, 4.14, 4.13, 3.55, 3.61, 4.23, 3.57, 3.74, 3.76, 3.66, 3.91, 4.92, 5.2, 4.86, 5.05, 5.04, 5.16, 5.62, 5.69, 5.93, 5.83, 4.44, 3.91, 4.04, 3.98, 3.09, 3.01, 3.78, 3.17, 1.8, 2.01, 2.01, 1.24, 1.14, 1.11, 1.13, 0, 0.66, 1.06, 1.4, 2.43, 2.65, 3.18, 3.61, 3.86, 4.23, 4.58, 4.95, 5.23, 5.74], [4.64, 2.14, 2.14, 3.56, 4.15, 4.03, 4.54, 4.94, 4.62, 4.5, 4.97, 5.29, 4.9, 4.36, 4.13, 5.02, 6.25, 6.89, 7.41, 7.86, 7.9, 7.92, 8.23, 8.764, 8.784, 8.738, 8.951, 8.87, 8.15, 7.51, 7.481, 7.27, 6.73, 6.247, 5.603, 4.61, 4.03, 4.44, 4.49, 3.83, 3.95, 4.29, 3.95, 4.1, 4.12, 4.2, 4.43, 5.38, 5.64, 5.34, 5.51, 5.5, 5.58, 6.02, 6.13, 6.29, 6.23, 4.8, 4.25, 4.34, 4.16, 3.29, 3.17, 3.98, 3.33, 1.96, 2.21, 2.25, 1.66, 1.24, 1.21, 1.49, 0.66, 0, 1.06, 1.26, 2.29, 2.53, 3.14, 3.49, 3.64, 3.97, 4.34, 4.65, 4.97, 5.62], [4.98, 2.28, 1.86, 3.12, 3.85, 3.81, 4.22, 4.58, 4.38, 4.26, 4.81, 5.11, 4.68, 4.22, 3.97, 4.78, 6.09, 6.71, 7.21, 7.48, 7.64, 7.68, 8.061, 8.644, 8.655, 8.618, 8.771, 8.65, 7.99, 7.47, 7.447, 7.31, 6.81, 6.243, 5.537, 4.469, 3.85, 4.