[[0, 0.55, 0.87, 1.41, 1.34, 1.27, 1.22, 1.13, 1.3, 1.6, 1.96, 2.13, 2.476, 2.706, 2.969, 2.0, 1.63, 1.9, 2.05, 2.23, 2.01, 1.99, 2.16, 2.0, 1.18, 1.04, 1.42, 1.49, 1.57, 1.81, 1.64, 2.29, 1.89, 2.19, 1.91, 2.01, 1.84, 2.24, 2.44, 2.3, 3.1, 3.45, 2.98, 2.33, 2.46, 2.843, 3.779, 4.318, 4.057, 4.552, 4.431, 4.986, 5.199, 5.486, 6.608, 7.366, 8.285, 8.192, 7.732, 7.825, 8.063, 7.706, 7.103, 7.143, 7.396, 7.392, 7.23, 6.81, 6.533, 7.091, 8.135, 7.906, 7.333, 5.311, 3.95, 4.53, 5.24, 5.17, 5.15, 5.54, 5.414, 5.001, 5.306, 5.617, 5.761, 5.854], [0.55, 0, 0.82, 1.36, 1.33, 1.5, 1.43, 1.32, 1.33, 1.55, 1.89, 2.18, 2.73, 2.896, 3.1, 2.189, 1.66, 1.89, 2.06, 2.38, 2.18, 1.86, 2.15, 1.77, 0.97, 0.99, 1.43, 1.54, 1.56, 1.66, 1.39, 2.04, 1.66, 2.14, 1.88, 1.92, 1.77, 2.15, 2.37, 2.25, 3.17, 3.56, 3.09, 2.44, 2.61, 3.013, 3.989, 4.551, 4.287, 4.702, 4.601, 5.156, 5.37, 5.656, 6.781, 7.624, 8.405, 8.303, 7.873, 7.855, 8.213, 7.81, 7.213, 7.313, 7.566, 7.562, 7.42, 6.98, 6.703, 7.27, 8.305, 8.076, 7.503, 5.501, 4.22, 4.7, 5.47, 5.4, 5.3, 5.81, 5.615, 5.177, 5.476, 5.767, 5.891, 5.984], [0.87, 0.82, 0, 1.12, 1.15, 1.3, 1.25, 1.12, 1.23, 1.53, 1.93, 2.38, 2.821, 2.988, 3.265, 2.29, 1.88, 2.11, 2.26, 2.6, 2.6, 2.36, 2.61, 2.19, 1.29, 1.11, 1.37, 1.48, 1.5, 1.72, 1.39, 1.8, 1.62, 1.98, 1.82, 1.92, 1.61, 1.99, 2.15, 1.89, 2.77, 3.203, 2.776, 2.16, 2.287, 2.776, 3.648, 4.161, 3.968, 4.375, 4.652, 5.242, 5.575, 5.762, 6.861, 7.462, 8.158, 8.008, 7.608, 7.738, 7.965, 7.542, 6.903, 6.896, 7.169, 7.154, 7.106, 6.812, 6.515, 6.882, 7.908, 7.639, 7.105, 5.098, 3.94, 4.48, 5.31, 5.1, 5.1, 5.583, 5.307, 4.868, 5.111, 5.47, 5.594, 5.687], [1.41, 1.36, 1.12, 0, 0.63, 1.12, 1.13, 1.2, 1.19, 1.35, 1.69, 2.3, 2.801, 2.968, 3.245, 2.235, 1.92, 2.11, 2.34, 2.74, 2.96, 2.78, 3.15, 2.73, 1.61, 1.49, 1.33, 1.3, 1.18, 1.72, 1.43, 1.94, 1.84, 2.36, 2.12, 1.74, 1.49, 1.65, 1.83, 1.85, 2.31, 2.68, 2.29, 1.7, 1.73, 2.186, 3.068, 3.806, 3.685, 4.032, 4.635, 5.185, 5.535, 5.725, 6.684, 7.179, 7.678, 7.488, 7.128, 7.358, 7.525, 7.068, 6.38, 6.351, 6.701, 6.677, 6.826, 6.506, 6.235, 6.547, 7.185, 7.025, 6.711, 4.684, 3.64, 4.16, 5.02, 4.71, 4.8, 5.26, 5.01, 4.534, 4.574, 4.84, 4.927, 5.057], [1.34, 1.33, 1.15, 0.63, 0, 0.75, 0.8, 1.03, 1.1, 1.24, 1.62, 2.01, 2.52, 2.65, 2.91, 2.02, 1.85, 1.78, 1.97, 2.43, 2.91, 2.83, 3.26, 2.9, 1.8, 1.6, 1.46, 1.39, 1.41, 1.93, 1.68, 2.15, 1.95, 2.43, 2.15, 1.79, 1.6, 1.82, 2.04, 2.04, 2.5, 2.81, 2.38, 1.79, 1.8, 1.98, 2.87, 3.651, 3.558, 3.905, 4.339, 4.906, 5.18, 5.409, 6.531, 7.097, 7.545, 7.315, 7.075, 7.265, 7.472, 7.015, 6.25, 6.218, 6.588, 6.64, 6.793, 6.473, 6.16, 6.52, 7.153, 6.973, 6.678, 4.67, 3.59, 4.11, 4.98, 4.67, 4.77, 5.24, 4.937, 4.421, 4.44, 4.66, 4.781, 4.904], [1.27, 1.5, 1.3, 1.12, 0.75, 0, 0.47, 0.8, 1.07, 1.27, 1.63, 1.82, 2.27, 2.46, 2.74, 1.89, 1.66, 1.69, 1.84, 2.3, 2.58, 2.78, 3.21, 3.01, 1.81, 1.63, 1.53, 1.64, 1.7, 2.12, 1.97, 2.42, 2.06, 2.42, 2.16, 1.86, 1.75, 1.99, 2.27, 2.33, 2.75, 2.96, 2.49, 1.84, 1.87, 1.87, 2.72, 3.39, 3.38, 3.826, 4.19, 4.76, 5.01, 5.26, 6.39, 7.013, 7.43, 7.28, 7.04, 7.21, 7.436, 7.033, 6.317, 6.21, 6.56, 6.55, 6.69, 6.39, 6.07, 6.4, 7.15, 6.95, 6.49, 4.5, 3.42, 4.0, 4.87, 4.56, 4.66, 5.13, 4.84, 4.29, 4.31, 4.61, 4.76, 4.85], [1.22, 1.43, 1.25, 1.13, 0.8, 0.47, 0, 0.53, 1.04, 1.2, 1.64, 1.73, 2.32, 2.51, 2.79, 1.92, 1.65, 1.6, 1.73, 2.19, 2.41, 2.69, 3.04, 2.78, 1.7, 1.64, 1.6, 1.69, 1.75, 2.19, 1.86, 2.25, 1.91, 2.23, 2.03, 1.65, 1.52, 1.92, 2.22, 2.34, 2.88, 3.11, 2.76, 2.11, 2.14, 2.12, 2.856, 3.473, 3.53, 3.967, 4.24, 4.79, 5.08, 5.29, 6.46, 7.163, 7.56, 7.47, 7.17, 7.3, 7.62, 7.203, 6.527, 6.38, 6.73, 6.72, 6.84, 6.54, 6.26, 6.55, 7.24, 7.12, 6.62, 4.67, 3.57, 4.15, 5.02, 4.71, 4.81, 5.28, 5.01, 4.46, 4.54, 4.82, 5.01, 5.1], [1.13, 1.32, 1.12, 1.2, 1.03, 0.8, 0.53, 0, 0.87, 1.15, 1.55, 1.8, 2.23, 2.4, 2.72, 1.87, 1.64, 1.61, 1.72, 2.18, 2.38, 2.6, 2.93, 2.57, 1.51, 1.49, 1.37, 1.58, 1.74, 2.04, 1.73, 2.26, 1.94, 2.32, 2.1, 1.64, 1.45, 1.83, 2.17, 2.27, 2.85, 3.1, 2.77, 2.1, 2.07, 2.25, 2.923, 3.51, 3.42, 3.99, 4.09, 4.72, 5.07, 5.28, 6.29, 7.06, 7.59, 7.54, 7.18, 7.23, 7.64, 7.2, 6.57, 6.39, 6.64, 6.73, 6.77, 6.47, 6.21, 6.46, 7.33, 7.11, 6.53, 4.56, 3.44, 4.08, 4.93, 4.62, 4.74, 5.19, 4.88, 4.33, 4.59, 4.93, 5.08, 5.17], [1.3, 1.33, 1.23, 1.19, 1.1, 1.07, 1.04, 0.87, 0, 0.66, 1.18, 1.71, 2.04, 2.11, 2.43, 1.54, 1.43, 1.42, 1.63, 2.13, 2.29, 2.55, 2.98, 2.666, 1.5, 1.44, 1.42, 1.51, 1.61, 1.77, 1.78, 2.53, 2.29, 2.75, 2.53, 2.01, 1.8, 2.06, 2.22, 2.36, 2.88, 3.09, 2.74, 2.17, 2.0, 2.18, 2.91, 3.52, 3.291, 3.66, 3.76, 4.41, 4.8, 4.97, 5.86, 6.69, 7.36, 7.19, 6.79, 6.82, 7.17, 6.71, 6.14, 6.18, 6.45, 6.46, 6.42, 6.06, 5.7, 6.25, 7.229, 6.92, 6.44, 4.45, 3.23, 3.77, 4.52, 4.37, 4.35, 4.84, 4.63, 4.26, 4.44, 4.82, 5.01, 5.1], [1.6, 1.55, 1.53, 1.35, 1.24, 1.27, 1.2, 1.15, 0.66, 0, 0.8, 1.55, 1.84, 2.03, 2.19, 1.4, 1.13, 1.22, 1.41, 1.93, 2.15, 2.43, 2.96, 2.614, 1.62, 1.54, 1.74, 1.77, 1.89, 1.95, 1.96, 2.67, 2.53, 2.97, 2.79, 2.19, 2.04, 2.26, 2.48, 2.62, 3.08, 3.23, 2.9, 2.39, 2.22, 2.28, 2.87, 3.48, 3.27, 3.6, 3.74, 4.25, 4.62, 4.81, 5.68, 6.708, 7.275, 7.116, 6.614, 6.66, 6.983, 6.61, 6.12, 6.24, 6.45, 6.38, 6.42, 5.96, 5.64, 6.21, 7.16, 6.86, 6.42, 4.41, 3.25, 3.75, 4.5, 4.33, 4.21, 4.8, 4.65, 4.26, 4.46, 4.9, 5.07, 5.16], [1.96, 1.89, 1.93, 1.69, 1.62, 1.63, 1.64, 1.55, 1.18, 0.8, 0, 1.33, 1.84, 1.93, 2.09, 1.34, 1.11, 1.2, 1.17, 1.65, 2.01, 2.27, 2.86, 2.48, 1.76, 1.9, 2.1, 2.19, 2.25, 2.19, 2.2, 2.93, 2.75, 3.09, 2.91, 2.39, 2.2, 2.44, 2.7, 3.08, 3.4, 3.59, 3.18, 2.61, 2.6, 2.42, 3.03, 3.66, 3.51, 3.82, 3.6, 3.95, 4.34, 4.51, 5.54, 6.93, 7.498, 7.322, 6.89, 6.86, 7.17, 6.75, 6.3, 6.42, 6.65, 6.62, 6.64, 6.2, 5.86, 6.45, 7.36, 7.06, 6.66, 4.63, 3.49, 4.01, 4.74, 4.61, 4.47, 5.02, 4.85, 4.5, 4.68, 5.12, 5.25, 5.32], [2.13, 2.18, 2.38, 2.3, 2.01, 1.82, 1.73, 1.8, 1.71, 1.55, 1.33, 0, 1.33, 1.44, 1.6, 1.37, 1.54, 1.37, 1.38, 1.78, 2.28, 2.72, 3.25, 3.07, 2.25, 2.41, 2.67, 2.82, 2.94, 3.0, 2.79, 3.42, 3.2, 3.26, 3.04, 2.68, 2.69, 3.05, 3.41, 3.81, 4.01, 4.22, 3.81, 3.24, 3.09, 2.69, 2.58, 3.13, 2.98, 3.33, 3.21, 3.62, 3.85, 4.18, 5.35, 6.38, 6.99, 6.96, 6.5, 6.41, 6.74, 6.38, 5.93, 6.05, 6.3, 6.15, 6.13, 5.67, 5.43, 5.94, 6.87, 6.65, 6.17, 4.12, 2.98, 3.5, 4.23, 4.12, 4.02, 4.53, 4.36, 4.03, 4.27, 4.77, 4.98, 5.11], [2.476, 2.73, 2.821, 2.801, 2.52, 2.27, 2.32, 2.23, 2.04, 1.84, 1.84, 1.33, 0, 0.73, 0.83, 1.28, 1.63, 1.42, 1.65, 2.11, 2.81, 3.29, 3.66, 3.54, 2.78, 2.62, 2.94, 3.05, 3.27, 3.15, 3.36, 4.07, 3.97, 4.17, 4.07, 3.49, 3.44, 3.82, 4.02, 4.24, 4.38, 4.35, 3.94, 3.37, 3.22, 2.78, 2.29, 2.4, 2.21, 2.72, 2.38, 2.77, 3.08, 3.33, 4.38, 5.43, 6.3, 6.31, 5.63, 5.64, 6.01, 5.73, 5.4, 5.62, 5.81, 5.56, 5.38, 4.84, 4.56, 5.15, 6.28, 6.0, 5.36, 3.53, 2.25, 2.93, 3.62, 3.51, 3.39, 3.82, 3.75, 3.54, 3.94, 4.46, 4.89, 5.14], [2.706, 2.896, 2.988, 2.968, 2.65, 2.46, 2.51, 2.4, 2.11, 2.03, 1.93, 1.44, 0.73, 0, 0.66, 1.27, 1.66, 1.45, 1.64, 2.06, 2.76, 3.3, 3.65, 3.49, 2.91, 2.85, 3.03, 3.18, 3.38, 3.24, 3.53, 4.28, 4.2, 4.4, 4.3, 3.72, 3.59, 3.99, 4.19, 4.41, 4.49, 4.48, 4.09, 3.52, 3.35, 2.85, 2.36, 2.59, 2.34, 2.87, 2.33, 2.52, 2.91, 3.12, 4.11, 5.4, 6.37, 6.42, 5.78, 5.75, 6.18, 5.88, 5.55, 5.77, 5.98, 5.73, 5.49, 5.01, 4.71, 5.22, 6.39, 6.09, 5.43, 3.6, 2.32, 3.04, 3.69, 3.66, 3.5, 3.89, 3.9, 3.71, 4.11, 4.63, 5.06, 5.19], [2.969, 3.1, 3.265, 3.245, 2.91, 2.74, 2.79, 2.72, 2.43, 2.19, 2.09, 1.6, 0.83, 0.66, 0, 1.31, 1.84, 1.63, 1.76, 2.28, 2.94, 3.44, 3.808, 3.61, 3.17, 3.11, 3.37, 3.5, 3.66, 3.46, 3.85, 4.62, 4.48, 4.62, 4.52, 4.0, 3.93, 4.31, 4.45, 4.67, 4.77, 4.62, 4.23, 3.7, 3.51, 2.95, 2.42, 2.51, 2.24, 2.83, 2.25, 2.3, 2.57, 2.84, 4.11, 5.42, 6.35, 6.4, 5.72, 5.69, 6.14, 5.86, 5.51, 5.73, 5.94, 5.69, 5.47, 4.93, 4.67, 5.22, 6.29, 6.09, 5.29, 3.44, 2.24, 2.86, 3.55, 3.54, 3.42, 3.79, 3.86, 3.67, 4.07, 4.59, 5.06, 5.23], [2.0, 2.189, 2.29, 2.235, 2.02, 1.89, 1.92, 1.87, 1.54, 1.4, 1.34, 1.37, 1.28, 1.27, 1.31, 0, 1.05, 1.06, 1.31, 1.67, 2.21, 2.65, 3.08, 2.96, 2.3, 2.2, 2.42, 2.55, 2.65, 2.61, 2.94, 3.71, 3.51, 3.71, 3.51, 3.17, 3.02, 3.3, 3.44, 3.66, 3.72, 3.83, 3.42, 2.85, 2.72, 2.4, 2.81, 3.16, 2.85, 3.46, 3.02, 3.11, 3.44, 3.67, 4.96, 6.11, 7.1, 7.13, 6.47, 6.46, 6.85, 6.55, 6.08, 6.28, 6.47, 6.32, 6.06, 5.6, 5.38, 5.95, 6.96, 6.84, 6.04, 4.09, 2.75, 3.33, 3.98, 3.97, 3.89, 4.22, 4.35, 4.1, 4.44, 4.94, 5.17, 5.26], [1.63, 1.66, 1.88, 1.92, 1.85, 1.66, 1.65, 1.64, 1.43, 1.13, 1.11, 1.54, 1.63, 1.66, 1.84, 1.05, 0, 0.81, 1.18, 1.54, 1.86, 2.3, 2.65, 2.33, 1.69, 1.73, 2.17, 2.3, 2.46, 2.4, 2.33, 2.98, 2.88, 3.14, 3.04, 2.58, 2.41, 2.77, 3.03, 3.33, 3.49, 3.72, 3.29, 2.68, 2.63, 2.59, 3.2, 3.57, 3.36, 3.87, 3.63, 3.86, 4.21, 4.38, 5.49, 6.64, 7.51, 7.48, 6.82, 6.79, 7.18, 6.88, 6.55, 6.73, 6.92, 6.73, 6.55, 6.05, 5.83, 6.32, 7.43, 7.21, 6.45, 4.54, 3.32, 3.88, 4.55, 4.48, 4.34, 4.75, 4.8, 4.55, 4.89, 5.37, 5.58, 5.67], [1.9, 1.89, 2.11, 2.11, 1.78, 1.69, 1.6, 1.61, 1.42, 1.22, 1.2, 1.37, 1.42, 1.45, 1.63, 1.06, 0.81, 0, 0.63, 1.21, 1.89, 2.35, 2.74, 2.44, 1.98, 2.18, 2.6, 2.71, 2.85, 2.79, 2.66, 3.31, 3.19, 3.33, 3.23, 2.69, 2.62, 3.04, 3.3, 3.6, 3.96, 4.11, 3.74, 3.21, 3.12, 2.9, 3.21, 3.56, 3.35, 3.88, 3.52, 3.57, 3.88, 4.11, 5.3, 6.61, 7.48, 7.49, 6.81, 6.74, 7.19, 6.87, 6.56, 6.76, 6.95, 6.72, 6.5, 6.02, 5.8, 6.31, 7.42, 7.2, 6.42, 4.57, 3.31, 3.91, 4.54, 4.51, 4.37, 4.74, 4.85, 4.58, 4.96, 5.48, 5.67, 5.74], [2.05, 2.06, 2.26, 2.34, 1.97, 1.84, 1.73, 1.72, 1.63, 1.41, 1.17, 1.38, 1.65, 1.64, 1.76, 1.31, 1.18, 0.63, 0, 0.84, 1.68, 2.02, 2.49, 2.19, 2.13, 2.43, 2.93, 3.04, 3.12, 3.06, 2.75, 3.36, 3.2, 3.3, 3.18, 2.68, 2.61, 3.07, 3.47, 3.85, 4.27, 4.44, 4.03, 3.5, 3.43, 3.21, 3.54, 3.87, 3.66, 4.21, 3.59, 3.56, 3.85, 4.1, 5.39, 6.92, 7.79, 7.8, 7.137, 7.087, 7.52, 7.24, 6.87, 7.03, 7.2, 6.97, 6.79, 6.29, 6.01, 6.6, 7.71, 7.47, 6.77, 4.9, 3.6, 4.24, 4.85, 4.78, 4.66, 5.07, 5.14, 4.89, 5.25, 5.77, 5.96, 6.05], [2.23, 2.38, 2.6, 2.74, 2.43, 2.3, 2.19, 2.18, 2.13, 1.93, 1.65, 1.78, 2.11, 2.06, 2.28, 1.67, 1.54, 1.21, 0.84, 0, 1.44, 2.22, 2.29, 2.25, 2.45, 2.81, 3.29, 3.38, 3.52, 3.46, 3.11, 3.54, 3.38, 3.24, 3.14, 2.74, 2.75, 3.31, 3.81, 4.21, 4.65, 4.8, 4.45, 3.94, 3.93, 3.81, 4.12, 4.43, 4.18, 4.73, 4.05, 3.78, 4.01, 4.34, 5.73, 7.4, 8.33, 8.306, 7.66, 7.63, 8.04, 7.74, 7.39, 7.55, 7.74, 7.49, 7.29, 6.79, 6.53, 7.1, 8.27, 7.99, 7.29, 5.42, 4.12, 4.78, 5.45, 5.36, 5.22, 5.59, 5.64, 5.43, 5.81, 6.33, 6.6, 6.67], [2.01, 2.18, 2.6, 2.96, 2.91, 2.58, 2.41, 2.38, 2.29, 2.15, 2.01, 2.28, 2.81, 2.76, 2.94, 2.21, 1.86, 1.89, 1.68, 1.44, 0, 1.5, 1.79, 2.11, 2.17, 2.43, 2.85, 2.98, 3.14, 3.04, 2.97, 3.62, 3.3, 3.32, 3.22, 2.9, 3.05, 3.57, 3.93, 4.17, 4.71, 4.98, 4.57, 3.96, 3.91, 4.11, 4.72, 5.139, 4.895, 5.424, 4.59, 4.14, 4.37, 4.78, 6.41, 8.1, 9.016, 9.006, 8.38, 8.336, 8.737, 8.432, 8.064, 8.19, 8.4, 8.19, 7.97, 7.49, 7.23, 7.8, 8.99, 8.69, 8.03, 6.1, 4.78, 5.36, 6.01, 5.98, 5.84, 6.23, 6.26, 6.01, 6.35, 6.87, 7.02, 7.09], [1.99, 1.86, 2.36, 2.78, 2.83, 2.78, 2.69, 2.6, 2.55, 2.43, 2.27, 2.72, 3.29, 3.3, 3.44, 2.65, 2.3, 2.35, 2.02, 2.22, 1.5, 0, 0.93, 1.25, 1.47, 1.89, 2.43, 2.62, 2.56, 2.4, 2.23, 2.72, 2.76, 2.96, 2.82, 2.84, 2.75, 3.27, 3.67, 3.75, 4.61, 5.02, 4.55, 3.92, 4.07, 4.34, 5.097, 5.57, 5.38, 5.81, 5.01, 4.74, 4.99, 5.36, 6.93, 8.62, 9.45, 9.403, 8.797, 8.77, 9.14, 8.829, 8.421, 8.532, 8.765, 8.59, 8.45, 7.95, 7.61, 8.3, 9.41, 9.09, 8.51, 6.56, 5.22, 5.86, 6.53, 6.48, 6.34, 6.71, 6.72, 6.43, 6.73, 7.155, 7.281, 7.374], [2.16, 2.15, 2.61, 3.15, 3.26, 3.21, 3.04, 2.93, 2.98, 2.96, 2.86, 3.25, 3.66, 3.65, 3.808, 3.08, 2.65, 2.74, 2.49, 2.29, 1.79, 0.93, 0, 0.9, 1.76, 2.08, 2.8, 2.95, 2.89, 2.59, 2.38, 2.75, 2.79, 2.97, 3.01, 3.09, 3.1, 3.64, 4.0, 4.0, 4.76, 5.27, 4.756, 4.174, 4.336, 4.807, 5.576, 6.001, 5.763, 6.301, 5.52, 5.09, 5.34, 5.73, 7.3, 8.99, 9.915, 9.873, 9.231, 9.195, 9.614, 9.29, 8.906, 9.02, 9.227, 9.072, 8.864, 8.392, 8.106, 8.694, 9.832, 9.549, 8.889, 6.942, 5.582, 6.208, 6.878, 6.845, 6.705, 7.092, 7.14, 6.884, 7.191, 7.616, 7.756, 7.83], [2.0, 1.77, 2.19, 2.73, 2.9, 3.01, 2.78, 2.57, 2.666, 2.614, 2.48, 3.07, 3.54, 3.49, 3.61, 2.96, 2.33, 2.44, 2.19, 2.25, 2.11, 1.25, 0.9, 0, 1.36, 1.86, 2.54, 2.71, 2.67, 2.41, 1.86, 2.17, 2.29, 2.61, 2.59, 2.63, 2.54, 3.12, 3.62, 3.7, 4.56, 4.99, 4.556, 4.034, 4.136, 4.613, 5.339, 5.757, 5.503, 6.046, 5.44, 5.25, 5.54, 5.79, 7.18, 8.77, 9.655, 9.656, 9.028, 8.984, 9.444, 9.133, 8.686, 8.788, 9.004, 8.826, 8.64, 8.172, 7.92, 8.494, 9.567, 9.349, 8.609, 6.622, 5.29, 5.888, 6.58, 6.545, 6.425, 6.84, 6.91, 6.637, 6.948, 7.391, 7.517, 7.59], [1.18, 0.97, 1.29, 1.61, 1.8, 1.81, 1.7, 1.51, 1.5, 1.62, 1.76, 2.25, 2.78, 2.91, 3.17, 2.3, 1.69, 1.98, 2.13, 2.45, 2.17, 1.47, 1.76, 1.36, 0, 0.7, 1.28, 1.43, 1.43, 1.35, 1.3, 1.83, 1.73, 2.17, 1.97, 1.89, 1.72, 2.12, 2.46, 2.58, 3.36, 3.73, 3.28, 2.75, 2.856, 3.293, 4.07, 4.64, 4.448, 4.8, 4.64, 5.29, 5.6, 5.83, 6.78, 7.85, 8.432, 8.399, 7.91, 7.84, 8.25, 7.89, 7.38, 7.452, 7.708, 7.6, 7.52, 7.16, 6.8, 7.37, 8.352, 8.117, 7.58, 5.585, 4.35, 4.91, 5.68, 5.53, 5.43, 5.98, 5.77, 5.418, 5.632, 6.031, 6.157, 6.23], [1.04, 0.99, 1.11, 1.49, 1.6, 1.63, 1.64, 1.49, 1.44, 1.54, 1.9, 2.41, 2.62, 2.85, 3.11, 2.2, 1.73, 2.18, 2.43, 2.81, 2.43, 1.89, 2.08, 1.86, 0.7, 0, 0.94, 1.07, 1.11, 1.21, 1.48, 1.83, 1.75, 2.27, 2.03, 2.01, 1.8, 2.06, 2.26, 2.26, 2.88, 3.29, 2.86, 2.29, 2.36, 2.88, 3.69, 4.3, 4.09, 4.44, 4.5, 5.13, 5.46, 5.67, 6.66, 7.47, 8.16, 8.05, 7.59, 7.62, 7.87, 7.53, 6.954, 7.014, 7.308, 7.26, 7.18, 6.8, 6.48, 7.01, 8.026, 7.777, 7.24, 5.23, 3.99, 4.51, 5.3, 5.17, 5.07, 5.6, 5.39, 4.998, 5.22, 5.585, 5.694, 5.787], [1.42, 1.43, 1.37, 1.33, 1.46, 1.53, 1.6, 1.37, 1.42, 1.74, 2.1, 2.67, 2.94, 3.03, 3.37, 2.42, 2.17, 2.6, 2.93, 3.29, 2.85, 2.43, 2.8, 2.54, 1.28, 0.94, 0, 0.55, 0.87, 1.19, 1.46, 1.85, 1.59, 2.09, 1.79, 1.77, 1.52, 1.7, 1.84, 1.82, 2.38, 2.67, 2.3, 1.71, 1.82, 2.18, 3.05, 3.82, 3.75, 4.26, 4.64, 5.33, 5.72, 5.89, 6.76, 7.43, 7.8, 7.61, 7.39, 7.54, 7.83, 7.31, 6.6, 6.42, 6.73, 6.92, 7.14, 6.84, 6.5, 6.81, 7.5, 7.16, 6.84, 4.85, 3.77, 4.45, 5.3, 4.97, 5.13, 5.54, 5.21, 4.6, 4.66, 4.96, 5.034, 5.147], [1.49, 1.54, 1.48, 1.3, 1.39, 1.64, 1.69, 1.58, 1.51, 1.77, 2.19, 2.82, 3.05, 3.18, 3.5, 2.55, 2.3, 2.71, 3.04, 3.38, 2.98, 2.62, 2.95, 2.71, 1.43, 1.07, 0.55, 0, 0.72, 1.18, 1.41, 1.76, 1.58, 2.06, 1.8, 1.84, 1.59, 1.57, 1.75, 1.73, 2.23, 2.46, 2.07, 1.56, 1.67, 2.15, 3.12, 3.93, 3.8, 4.25, 4.75, 5.48, 5.87, 6.04, 6.89, 7.42, 7.89, 7.52, 7.4, 7.63, 7.82, 7.26, 6.41, 6.39, 6.78, 6.91, 7.13, 6.83, 6.49, 6.82, 7.47, 7.23, 6.93, 4.94, 3.82, 4.48, 5.29, 4.98, 5.12, 5.53, 5.24, 4.61, 4.61, 4.85, 4.94, 5.03], [1.57, 1.56, 1.5, 1.18, 1.41, 1.7, 1.75, 1.74, 1.61, 1.89, 2.25, 2.94, 3.27, 3.38, 3.66, 2.65, 2.46, 2.85, 3.12, 3.52, 3.14, 2.56, 2.89, 2.67, 1.43, 1.11, 0.87, 0.72, 0, 1.0, 1.31, 1.72, 1.58, 2.16, 1.96, 1.9, 1.71, 1.69, 1.81, 1.75, 2.31, 2.64, 2.07, 1.6, 1.69, 2.19, 3.18, 4.01, 3.92, 4.31, 4.91, 5.5, 5.83, 6.04, 6.89, 7.44, 7.87, 7.58, 7.4, 7.61, 7.82, 7.32, 6.57, 6.51, 6.88, 6.93, 7.13, 6.83, 6.49, 6.84, 7.47, 7.25, 6.95, 4.96, 3.9, 4.46, 5.29, 4.96, 5.12, 5.53, 5.24, 4.77, 4.73, 4.97, 5.02, 5.13], [1.81, 1.66, 1.72, 1.72, 1.93, 2.12, 2.19, 2.04, 1.77, 1.95, 2.19, 3.0, 3.15, 3.24, 3.46, 2.61, 2.4, 2.79, 3.06, 3.46, 3.04, 2.4, 2.59, 2.41, 1.35, 1.21, 1.19, 1.18, 1.0, 0, 1.31, 2.06, 1.92, 2.4, 2.26, 2.28, 1.99, 2.11, 2.23, 2.23, 2.69, 2.82, 2.35, 1.84, 1.99, 2.49, 3.52, 4.19, 4.18, 4.39, 4.51, 5.14, 5.55, 5.68, 6.53, 7.56, 7.93, 7.7, 7.42, 7.49, 7.84, 7.34, 6.65, 6.71, 7.06, 7.11, 7.21, 6.85, 6.49, 7.0, 7.75, 7.51, 7.21, 5.16, 4.1, 4.52, 5.39, 5.12, 5.14, 5.69, 5.42, 4.93, 4.97, 5.27, 5.34, 5.47], [1.64, 1.39, 1.39, 1.43, 1.68, 1.97, 1.86, 1.73, 1.78, 1.96, 2.2, 2.79, 3.36, 3.53, 3.85, 2.94, 2.33, 2.66, 2.75, 3.11, 2.97, 2.23, 2.38, 1.86, 1.3, 1.48, 1.46, 1.41, 1.31, 1.31, 0, 1.15, 1.05, 1.47, 1.47, 1.49, 1.34, 1.66, 2.14, 2.06, 2.92, 3.35, 2.96, 2.47, 2.62, 3.14, 3.85, 4.64, 4.57, 4.92, 5.34, 5.93, 6.34, 6.51, 7.46, 8.15, 8.5, 8.29, 8.03, 8.14, 8.45, 7.95, 7.3, 7.38, 7.69, 7.6, 7.8, 7.46, 7.14, 7.51, 8.24, 8.0, 7.7, 5.69, 4.65, 5.23, 6.04, 5.73, 5.79, 6.2, 5.97, 5.56, 5.64, 6.0, 6.09, 6.22], [2.29, 2.04, 1.8, 1.94, 2.15, 2.42, 2.25, 2.26, 2.53, 2.67, 2.93, 3.42, 4.07, 4.28, 4.62, 3.71, 2.98, 3.31, 3.36, 3.54, 3.62, 2.72, 2.75, 2.17, 1.83, 1.83, 1.85, 1.76, 1.72, 2.06, 1.15, 0, 0.98, 1.26, 1.26, 1.44, 1.33, 1.63, 2.17, 2.19, 3.01, 3.48, 3.11, 2.66, 2.89, 3.43, 4.2, 4.97, 4.98, 5.47, 6.11, 6.78, 7.13, 7.32, 8.27, 8.64, 9.09, 8.74, 8.56, 8.81, 8.92, 8.38, 7.71, 7.61, 8.0, 8.01, 8.27, 7.93, 7.65, 7.88, 8.49, 8.21, 7.93, 6.04, 5.04, 5.72, 6.49, 6.18, 6.28, 6.65, 6.38, 5.85, 5.85, 6.09, 6.22, 6.33], [1.89, 1.66, 1.62, 1.84, 1.95, 2.06, 1.91, 1.94, 2.29, 2.53, 2.75, 3.2, 3.97, 4.2, 4.48, 3.51, 2.88, 3.19, 3.2, 3.38, 3.3, 2.76, 2.79, 2.29, 1.73, 1.75, 1.59, 1.58, 1.58, 1.92, 1.05, 0.98, 0, 0.9, 0.9, 1.18, 1.19, 1.39, 1.79, 1.77, 2.67, 3.173, 2.81, 2.34, 2.73, 3.05, 3.94, 4.93, 4.96, 5.43, 5.85, 6.58, 6.89, 7.12, 8.11, 8.66, 9.03, 8.66, 8.6, 8.81, 9.04, 8.5, 7.69, 7.53, 7.92, 8.13, 8.35, 8.05, 7.71, 8.02, 8.51, 8.31, 8.05, 6.1, 5.06, 5.74, 6.53, 6.2, 6.36, 6.77, 6.42, 5.83, 5.77, 5.97, 5.98, 6.11], [2.19, 2.14, 1.98, 2.36, 2.43, 2.42, 2.23, 2.32, 2.75, 2.97, 3.09, 3.26, 4.17, 4.4, 4.62, 3.71, 3.14, 3.33, 3.3, 3.24, 3.32, 2.96, 2.97, 2.61, 2.17, 2.27, 2.09, 2.06, 2.16, 2.4, 1.47, 1.26, 0.9, 0, 0.68, 1.14, 1.19, 1.47, 1.81, 1.83, 2.69, 3.18, 2.87, 2.54, 3.07, 3.27, 4.12, 5.11, 5.3, 5.83, 6.21, 6.82, 7.09, 7.36, 8.47, 9.06, 9.41, 9.0, 8.94, 9.17, 9.36, 8.8, 8.05, 7.93, 8.26, 8.45, 8.71, 8.39, 8.07, 8.36, 8.87, 8.59, 8.27, 6.34, 5.44, 6.18, 6.93, 6.64, 6.74, 7.11, 6.78, 6.23, 6.19, 6.17, 6.16, 6.23], [1.91, 1.88, 1.82, 2.12, 2.15, 2.16, 2.03, 2.1, 2.53, 2.79, 2.91, 3.04, 4.07, 4.3, 4.52, 3.51, 3.04, 3.23, 3.18, 3.14, 3.22, 2.82, 3.01, 2.59, 1.97, 2.03, 1.79, 1.8, 1.96, 2.26, 1.47, 1.26, 0.9, 0.68, 0, 0.96, 0.99, 1.31, 1.71, 1.79, 2.69, 3.14, 2.83, 2.42, 2.89, 3.03, 3.9, 4.97, 5.16, 5.67, 5.99, 6.62, 6.87, 7.18, 8.29, 8.9, 9.27, 8.9, 8.84, 9.05, 9.26, 8.72, 7.87, 7.75, 8.1, 8.35, 8.57, 8.27, 7.95, 8.26, 8.69, 8.49, 8.21, 6.24, 5.24, 6.0, 6.77, 6.44, 6.6, 6.99, 6.64, 6.03, 5.97, 6.01, 5.96, 6.03], [2.01, 1.92, 1.92, 1.74, 1.79, 1.86, 1.65, 1.64, 2.01, 2.19, 2.39, 2.68, 3.49, 3.72, 4.0, 3.17, 2.58, 2.69, 2.68, 2.74, 2.9, 2.84, 3.09, 2.63, 1.89, 2.01, 1.77, 1.84, 1.9, 2.28, 1.49, 1.44, 1.18, 1.14, 0.96, 0, 0.69, 1.21, 1.69, 2.01, 2.75, 3.12, 2.83, 2.4, 2.71, 2.83, 3.52, 4.51, 4.72, 5.17, 5.55, 6.22, 6.51, 6.76, 7.75, 8.42, 8.69, 8.44, 8.24, 8.37, 8.7, 8.18, 7.53, 7.37, 7.72, 7.83, 8.07, 7.73, 7.39, 7.68, 8.27, 7.93, 7.65, 5.74, 4.8, 5.5, 6.31, 5.96, 6.08, 6.47, 6.16, 5.63, 5.59, 5.63, 5.68, 5.75], [1.84, 1.77, 1.61, 1.49, 1.6, 1.75, 1.52, 1.45, 1.8, 2.04, 2.2, 2.69, 3.44, 3.59, 3.93, 3.02, 2.41, 2.62, 2.61, 2.75, 3.05, 2.75, 3.1, 2.54, 1.72, 1.8, 1.52, 1.59, 1.71, 1.99, 1.34, 1.33, 1.19, 1.19, 0.99, 0.69, 0, 1.02, 1.5, 1.84, 2.6, 2.95, 2.64, 2.13, 2.44, 2.64, 3.43, 4.32, 4.53, 5.0, 5.36, 6.07, 6.44, 6.63, 7.6, 8.27, 8.56, 8.21, 8.09, 8.28, 8.55, 8.01, 7.3, 7.12, 7.43, 7.64, 7.9, 7.56, 7.22, 7.53, 8.12, 7.78, 7.46, 5.53, 4.61, 5.35, 6.12, 5.79, 5.91, 6.3, 5.95, 5.4, 5.42, 5.48, 5.53, 5.66], [2.24, 2.15, 1.99, 1.65, 1.82, 1.99, 1.92, 1.83, 2.06, 2.26, 2.44, 3.05, 3.82, 3.99, 4.31, 3.3, 2.77, 3.04, 3.07, 3.31, 3.57, 3.27, 3.64, 3.12, 2.12, 2.06, 1.7, 1.57, 1.69, 2.11, 1.66, 1.63, 1.39, 1.47, 1.31, 1.21, 1.02, 0, 0.96, 1.28, 1.82, 2.25, 2.02, 1.87, 2.22, 2.42, 3.41, 4.46, 4.51, 5.06, 5.6, 6.33, 6.74, 6.91, 7.64, 8.15, 8.54, 8.15, 8.09, 8.3, 8.51, 7.97, 7.1, 7.0, 7.39, 7.58, 7.82, 7.52, 7.18, 7.49, 7.98, 7.78, 7.5, 5.53, 4.57, 5.23, 6.0, 5.67, 5.83, 6.24, 5.89, 5.22, 5.2, 5.14, 5.09, 5.14], [2.44, 2.37, 2.15, 1.83, 2.04, 2.27, 2.22, 2.17, 2.22, 2.48, 2.7, 3.41, 4.02, 4.19, 4.45, 3.44, 3.03, 3.3, 3.47, 3.81, 3.93, 3.67, 4.0, 3.62, 2.46, 2.26, 1.84, 1.75, 1.81, 2.23, 2.14, 2.17, 1.79, 1.81, 1.71, 1.69, 1.5, 0.96, 0, 0.76, 1.2, 1.65, 1.76, 1.71, 2.08, 2.36, 3.45, 4.5, 4.57, 5.16, 5.7, 6.41, 6.82, 6.99, 7.76, 8.23, 8.62, 8.23, 8.19, 8.4, 8.61, 8.07, 7.16, 6.98, 7.35, 7.64, 7.88, 7.62, 7.28, 7.59, 8.04, 7.8, 7.48, 5.51, 4.69, 5.27, 6.04, 5.77, 5.93, 6.32, 5.93, 5.24, 5.2, 5.0, 4.91, 4.88], [2.3, 2.25, 1.89, 1.85, 2.04, 2.33, 2.34, 2.27, 2.36, 2.62, 3.08, 3.81, 4.24, 4.41, 4.67, 3.66, 3.33, 3.6, 3.85, 4.21, 4.17, 3.75, 4.0, 3.7, 2.58, 2.26, 1.82, 1.73, 1.75, 2.23, 2.06, 2.19, 1.77, 1.83, 1.79, 2.01, 1.84, 1.28, 0.76, 0, 1.04, 1.63, 1.6, 1.53, 2.12, 2.42, 3.55, 4.68, 4.71, 5.3, 5.92, 6.61, 6.98, 7.15, 8.0, 8.41, 8.9, 8.47, 8.43, 8.68, 8.81, 8.25, 7.32, 7.04, 7.37, 7.72, 8.04, 7.82, 7.48, 7.77, 8.22, 7.96, 7.5, 5.57, 4.77, 5.43, 6.22, 5.97, 6.11, 6.48, 6.01, 5.34, 5.22, 4.92, 4.77, 4.72], [3.1, 3.17, 2.77, 2.31, 2.5, 2.75, 2.88, 2.85, 2.88, 3.08, 3.4, 4.01, 4.38, 4.49, 4.77, 3.72, 3.49, 3.96, 4.27, 4.65, 4.71, 4.61, 4.76, 4.56, 3.36, 2.88, 2.38, 2.23, 2.31, 2.69, 2.92, 3.01, 2.67, 2.69, 2.69, 2.75, 2.6, 1.82, 1.2, 1.04, 0, 0.95, 1.2, 1.55, 1.9, 2.3, 3.55, 4.64, 4.71, 5.28, 5.92, 6.61, 7.0, 7.17, 7.76, 7.97, 8.58, 8.09, 8.11, 8.34, 8.45, 7.81, 6.86, 6.52, 6.83, 7.2, 7.52, 7.32, 7.08, 7.29, 7.72, 7.44, 6.94, 5.07, 4.69, 5.03, 5.72, 5.47, 5.65, 5.96, 5.49, 4.82, 4.68, 4.3, 4.13, 4.0], [3.45, 3.56, 3.203, 2.68, 2.81, 2.96, 3.11, 3.1, 3.09, 3.23, 3.59, 4.22, 4.35, 4.48, 4.62, 3.83, 3.72, 4.11, 4.44, 4.8, 4.98, 5.02, 5.27, 4.99, 3.73, 3.29, 2.67, 2.46, 2.64, 2.82, 3.35, 3.48, 3.173, 3.18, 3.14, 3.12, 2.95, 2.25, 1.65, 1.63, 0.95, 0, 0.95, 1.56, 1.65, 1.95, 3.24, 4.27, 4.5, 4.85, 5.55, 6.24, 6.63, 6.74, 7.23, 7.5, 8.01, 7.54, 7.54, 7.77, 7.9, 7.26, 6.29, 5.91, 6.22, 6.57, 6.93, 6.77, 6.51, 6.72, 7.17, 6.89, 6.31, 4.46, 4.32, 4.5, 5.17, 4.92, 5.08, 5.41, 4.88, 4.31, 4.11, 3.77, 3.6, 3.51], [2.98, 3.09, 2.776, 2.29, 2.38, 2.49, 2.76, 2.77, 2.74, 2.9, 3.18, 3.81, 3.94, 4.09, 4.23, 3.42, 3.29, 3.74, 4.03, 4.45, 4.57, 4.55, 4.756, 4.556, 3.28, 2.86, 2.3, 2.07, 2.07, 2.35, 2.96, 3.11, 2.81, 2.87, 2.83, 2.83, 2.64, 2.02, 1.76, 1.6, 1.2, 0.95, 0, 0.89, 1.18, 1.48, 2.87, 3.9, 4.11, 4.54, 5.16, 5.85, 6.18, 6.37, 7.02, 7.33, 7.92, 7.49, 7.45, 7.7, 7.79, 7.21, 6.24, 5.92, 6.23, 6.6, 6.94, 6.74, 6.46, 6.69, 7.14, 6.86, 6.34, 4.43, 3.91, 4.39, 5.14, 4.89, 5.05, 5.38, 4.89, 4.24, 4.08, 3.58, 3.47, 3.4], [2.33, 2.44, 2.16, 1.7, 1.79, 1.84, 2.11, 2.1, 2.17, 2.39, 2.61, 3.24, 3.37, 3.52, 3.7, 2.85, 2.68, 3.21, 3.5, 3.94, 3.96, 3.92, 4.174, 4.034, 2.75, 2.29, 1.71, 1.56, 1.6, 1.84, 2.47, 2.66, 2.34, 2.54, 2.42, 2.4, 2.13, 1.87, 1.71, 1.53, 1.55, 1.56, 0.89, 0, 0.97, 1.15, 2.54, 3.49, 3.72, 4.17, 4.71, 5.4, 5.73, 5.94, 6.85, 7.3, 7.83, 7.4, 7.36, 7.61, 7.74, 7.14, 6.23, 5.91, 6.24, 6.59, 6.91, 6.71, 6.41, 6.66, 7.11, 6.83, 6.37, 4.44, 3.64, 4.34, 5.11, 4.86, 5.0, 5.35, 4.88, 4.23, 4.09, 3.91, 3.74, 3.89], [2.46, 2.61, 2.287, 1.73, 1.8, 1.87, 2.14, 2.07, 2.0, 2.22, 2.6, 3.09, 3.22, 3.35, 3.51, 2.72, 2.63, 3.12, 3.43, 3.93, 3.91, 4.07, 4.336, 4.136, 2.856, 2.36, 1.82, 1.67, 1.69, 1.99, 2.62, 2.89, 2.73, 3.07, 2.89, 2.71, 2.44, 2.22, 2.08, 2.12, 1.9, 1.65, 1.18, 0.97, 0, 1.14, 2.67, 3.36, 3.47, 3.72, 4.42, 5.11, 5.44, 5.59, 6.2, 6.59, 7.14, 6.71, 6.65, 6.9, 7.01, 6.43, 5.52, 5.4, 5.71, 5.96, 6.2, 5.98, 5.7, 5.95, 6.52, 6.22, 5.88, 3.83, 3.27, 3.65, 4.42, 4.15, 4.29, 4.64, 4.25, 3.58, 3.58, 3.6, 3.55, 3.68], [2.843, 3.013, 2.776, 2.186, 1.98, 1.87, 2.12, 2.25, 2.18, 2.28, 2.42, 2.69, 2.78, 2.85, 2.95, 2.4, 2.59, 2.9, 3.21, 3.81, 4.11, 4.34, 4.807, 4.613, 3.293, 2.88, 2.18, 2.15, 2.19, 2.49, 3.14, 3.43, 3.05, 3.27, 3.03, 2.83, 2.64, 2.42, 2.36, 2.42, 2.3, 1.95, 1.48, 1.15, 1.14, 0, 1.71, 2.66, 2.97, 3.32, 3.86, 4.55, 4.88, 5.07, 5.82, 6.35, 6.8, 6.39, 6.33, 6.58, 6.73, 6.19, 5.32, 5.12, 5.45, 5.76, 6.02, 5.74, 5.42, 5.73, 6.16, 5.94, 5.58, 3.63, 2.87, 3.41, 4.18, 3.91, 4.07, 4.46, 4.05, 3.38, 3.3, 3.2, 3.11, 3.2], [3.779, 3.989, 3.648, 3.068, 2.87, 2.72, 2.856, 2.923, 2.91, 2.87, 3.03, 2.58, 2.29, 2.36, 2.42, 2.81, 3.2, 3.21, 3.54, 4.12, 4.72, 5.097, 5.576, 5.339, 4.07, 3.69, 3.05, 3.12, 3.18, 3.52, 3.85, 4.2, 3.94, 4.12, 3.9, 3.52, 3.43, 3.41, 3.45, 3.55, 3.55, 3.24, 2.87, 2.54, 2.67, 1.71, 0, 1.33, 1.6, 2.05, 2.67, 3.22, 3.59, 3.78, 4.63, 5.24, 5.65, 5.38, 5.16, 5.41, 5.6, 5.12, 4.39, 4.25, 4.5, 4.67, 4.97, 4.63, 4.33, 4.62, 5.05, 4.87, 4.45, 2.62, 1.72, 2.42, 3.19, 2.88, 3.02, 3.41, 3.06, 2.57, 2.49, 2.57, 2.92, 3.19], [4.318, 4.551, 4.161, 3.806, 3.651, 3.39, 3.473, 3.51, 3.52, 3.48, 3.66, 3.13, 2.4, 2.59, 2.51, 3.16, 3.57, 3.56, 3.87, 4.43, 5.139, 5.57, 6.001, 5.757, 4.64, 4.3, 3.82, 3.93, 4.01, 4.19, 4.64, 4.97, 4.93, 5.11, 4.97, 4.51, 4.32, 4.46, 4.5, 4.68, 4.64, 4.27, 3.9, 3.49, 3.36, 2.66, 1.33, 0, 0.67, 0.96, 1.6, 2.27, 2.54, 2.67, 3.5, 4.05, 4.54, 4.45, 4.03, 4.22, 4.51, 4.17, 3.56, 3.46, 3.71, 3.6, 3.76, 3.42, 3.18, 3.41, 4.06, 3.92, 3.32, 1.55, 1.21, 1.93, 2.32, 2.17, 2.17, 2.46, 2.17, 1.72, 1.88, 2.36, 3.43, 3.88], [4.057, 4.287, 3.968, 3.685, 3.558, 3.38, 3.53, 3.42, 3.291, 3.27, 3.51, 2.98, 2.21, 2.34, 2.24, 2.85, 3.36, 3.35, 3.66, 4.18, 4.895, 5.38, 5.763, 5.503, 4.448, 4.09, 3.75, 3.8, 3.92, 4.18, 4.57, 4.98, 4.96, 5.3, 5.16, 4.72, 4.53, 4.51, 4.57, 4.71, 4.71, 4.5, 4.11, 3.72, 3.47, 2.97, 1.6, 0.67, 0, 1.03, 1.73, 2.28, 2.51, 2.62, 3.41, 3.84, 4.59, 4.54, 4.02, 4.21, 4.5, 4.14, 3.53, 3.51, 3.76, 3.63, 3.67, 3.33, 3.11, 3.34, 4.17, 4.03, 3.47, 1.66, 1.1, 1.84, 2.21, 2.1, 2.12, 2.41, 2.18, 1.79, 2.09, 2.75, 3.84, 4.27], [4.552, 4.702, 4.375, 4.032, 3.905, 3.826, 3.967, 3.99, 3.66, 3.6, 3.82, 3.33, 2.72, 2.87, 2.83, 3.46, 3.87, 3.88, 4.21, 4.73, 5.424, 5.81, 6.301, 6.046, 4.8, 4.44, 4.26, 4.25, 4.31, 4.39, 4.92, 5.47, 5.43, 5.83, 5.67, 5.17, 5.0, 5.06, 5.16, 5.3, 5.28, 4.85, 4.54, 4.17, 3.72, 3.32, 2.05, 0.96, 1.03, 0, 1.2, 2.11, 2.14, 2.17, 2.84, 3.33, 3.86, 3.75, 3.33, 3.48, 3.69, 3.29, 2.74, 2.94, 3.25, 3.0, 3.1, 2.74, 2.46, 2.83, 3.7, 3.46, 3.16, 1.51, 1.45, 1.81, 2.14, 2.13, 2.03, 2.2, 2.03, 1.68, 1.8, 2.5, 3.67, 4.12], [4.431, 4.601, 4.652, 4.635, 4.339, 4.19, 4.24, 4.09, 3.76, 3.74, 3.6, 3.21, 2.38, 2.33, 2.25, 3.02, 3.63, 3.52, 3.59, 4.05, 4.59, 5.01, 5.52, 5.44, 4.64, 4.5, 4.64, 4.75, 4.91, 4.51, 5.34, 6.11, 5.85, 6.21, 5.99, 5.55, 5.36, 5.6, 5.7, 5.92, 5.92, 5.55, 5.16, 4.71, 4.42, 3.86, 2.67, 1.6, 1.73, 1.2, 0, 1.25, 1.28, 1.39, 2.48, 3.81, 4.64, 4.57, 4.07, 4.02, 4.43, 4.09, 3.62, 3.84, 4.05, 4.0, 3.76, 3.36, 3.0, 3.61, 4.68, 4.44, 3.86, 2.25, 1.73, 2.17, 2.46, 2.63, 2.43, 2.62, 2.61, 2.22, 2.42, 3.12, 4.27, 4.74], [4.986, 5.156, 5.242, 5.185, 4.906, 4.76, 4.79, 4.72, 4.41, 4.25, 3.95, 3.62, 2.77, 2.52, 2.3, 3.11, 3.86, 3.57, 3.56, 3.78, 4.14, 4.74, 5.09, 5.25, 5.29, 5.13, 5.33, 5.48, 5.5, 5.14, 5.93, 6.78, 6.58, 6.82, 6.62, 6.22, 6.07, 6.33, 6.41, 6.61, 6.61, 6.24, 5.85, 5.4, 5.11, 4.55, 3.22, 2.27, 2.28, 2.11, 1.25, 0, 0.55, 0.82, 2.67, 4.42, 5.53, 5.58, 4.92, 4.89, 5.34, 5.06, 4.63, 4.81, 5.04, 4.87, 4.61, 4.13, 3.87, 4.4, 5.43, 5.29, 4.51, 2.8, 2.12, 2.56, 2.89, 3.14, 2.94, 3.19, 3.46, 3.15, 3.33, 3.99, 5.06, 5.49], [5.199, 5.37, 5.575, 5.535, 5.18, 5.01, 5.08, 5.07, 4.8, 4.62, 4.34, 3.85, 3.08, 2.91, 2.57, 3.44, 4.21, 3.88, 3.85, 4.01, 4.37, 4.99, 5.34, 5.54, 5.6, 5.46, 5.72, 5.87, 5.83, 5.55, 6.34, 7.13, 6.89, 7.09, 6.87, 6.51, 6.44, 6.74, 6.82, 6.98, 7.0, 6.63, 6.18, 5.73, 5.44, 4.88, 3.59, 2.54, 2.51, 2.14, 1.28, 0.55, 0, 0.61, 2.48, 4.23, 5.34, 5.39, 4.71, 4.68, 5.13, 4.85, 4.42, 4.6, 4.89, 4.7, 4.44, 3.98, 3.72, 4.25, 5.22, 5.1, 4.38, 2.83, 2.49, 2.77, 3.02, 3.37, 3.15, 3.24, 3.45, 3.28, 3.44, 4.04, 5.19, 5.62], [5.486, 5.656, 5.762, 5.725, 5.409, 5.26, 5.29, 5.28, 4.97, 4.81, 4.51, 4.18, 3.33, 3.12, 2.84, 3.67, 4.38, 4.11, 4.1, 4.34, 4.78, 5.36, 5.73, 5.79, 5.83, 5.67, 5.89, 6.04, 6.04, 5.68, 6.51, 7.32, 7.12, 7.36, 7.18, 6.76, 6.63, 6.91, 6.99, 7.15, 7.17, 6.74, 6.37, 5.94, 5.59, 5.07, 3.78, 2.67, 2.62, 2.17, 1.39, 0.82, 0.61, 0, 1.99, 3.72, 4.81, 4.86, 4.18, 4.17, 4.6, 4.34, 3.93, 4.15, 4.46, 4.21, 3.95, 3.47, 3.25, 3.76, 4.77, 4.61, 3.89, 2.62, 2.62, 2.66, 2.89, 3.24, 3.02, 2.99, 3.26, 3.19, 3.31, 3.91, 5.1, 5.47], [6.608, 6.781, 6.861, 6.684, 6.531, 6.39, 6.46, 6.29, 5.86, 5.68, 5.54, 5.35, 4.38, 4.11, 4.11, 4.96, 5.49, 5.3, 5.39, 5.73, 6.41, 6.93, 7.3, 7.18, 6.78, 6.66, 6.76, 6.89, 6.89, 6.53, 7.46, 8.27, 8.11, 8.47, 8.29, 7.75, 7.6, 7.64, 7.76, 8.0, 7.76, 7.23, 7.02, 6.85, 6.2, 5.82, 4.63, 3.5, 3.41, 2.84, 2.48, 2.67, 2.48, 1.99, 0, 1.83, 2.88, 2.93, 2.37, 2.36, 2.77, 2.51, 2.26, 2.52, 2.99, 2.8, 2.32, 1.96, 1.88, 2.03, 2.98, 2.82, 2.56, 3.03, 3.49, 2.99, 2.62, 2.91, 2.71, 2.68, 3.09, 3.38, 3.44, 3.9, 5.09, 5.46], [7.366, 7.624, 7.462, 7.179, 7.097, 7.013, 7.163, 7.06, 6.69, 6.708, 6.93, 6.38, 5.43, 5.4, 5.42, 6.11, 6.64, 6.61, 6.92, 7.4, 8.1, 8.62, 8.99, 8.77, 7.85, 7.47, 7.43, 7.42, 7.44, 7.56, 8.15, 8.64, 8.66, 9.06, 8.9, 8.42, 8.27, 8.15, 8.23, 8.41, 7.97, 7.5, 7.33, 7.3, 6.59, 6.35, 5.24, 4.05, 3.84, 3.33, 3.81, 4.42, 4.23, 3.72, 1.83, 0, 1.47, 1.58, 1.34, 1.29, 1.34, 1.32, 1.71, 2.35, 2.54, 2.55, 2.01, 1.71, 1.69, 1.76, 2.01, 1.87, 2.45, 3.26, 3.9, 3.36, 2.91, 3.14, 3.08, 2.93, 3.3, 3.57, 3.63, 4.11, 5.32, 5.71], [8.285, 8.405, 8.158, 7.678, 7.545, 7.43, 7.56, 7.59, 7.36, 7.275, 7.498, 6.99, 6.3, 6.37, 6.35, 7.1, 7.51, 7.48, 7.79, 8.33, 9.016, 9.45, 9.915, 9.655, 8.432, 8.16, 7.8, 7.89, 7.87, 7.93, 8.5, 9.09, 9.03, 9.41, 9.27, 8.69, 8.56, 8.54, 8.62, 8.9, 8.58, 8.01, 7.92, 7.83, 7.14, 6.8, 5.65, 4.54, 4.59, 3.86, 4.64, 5.53, 5.34, 4.81, 2.88, 1.47, 0, 0.97, 1.01, 0.98, 0.87, 1.37, 1.94, 2.46, 2.63, 2.56, 2.28, 2.08, 2.08, 1.91, 1.9, 1.84, 2.66, 4.03, 4.97, 4.39, 3.96, 3.71, 3.75, 3.7, 3.95, 4.24, 4.14, 4.72, 5.63, 6.0], [8.192, 8.303, 8.008, 7.488, 7.315, 7.28, 7.47, 7.54, 7.19, 7.116, 7.322, 6.96, 6.31, 6.42, 6.4, 7.13, 7.48, 7.49, 7.8, 8.306, 9.006, 9.403, 9.873, 9.656, 8.399, 8.05, 7.61, 7.52, 7.58, 7.7, 8.29, 8.74, 8.66, 9.0, 8.9, 8.44, 8.21, 8.15, 8.23, 8.47, 8.09, 7.54, 7.49, 7.4, 6.71, 6.39, 5.38, 4.45, 4.54, 3.75, 4.57, 5.58, 5.39, 4.86, 2.93, 1.58, 0.97, 0, 0.94, 1.15, 0.92, 0.96, 1.49, 1.93, 2.22, 2.41, 2.19, 2.11, 2.01, 1.92, 1.79, 1.61, 2.49, 3.94, 4.9, 4.26, 3.75, 3.52, 3.56, 3.41, 3.66, 3.93, 3.79, 4.31, 5.02, 5.39], [7.732, 7.873, 7.608, 7.128, 7.075, 7.04, 7.17, 7.18, 6.79, 6.614, 6.89, 6.5, 5.63, 5.78, 5.72, 6.47, 6.82, 6.81, 7.137, 7.66, 8.38, 8.797, 9.231, 9.028, 7.91, 7.59, 7.39, 7.4, 7.4, 7.42, 8.03, 8.56, 8.6, 8.94, 8.84, 8.24, 8.09, 8.09, 8.19, 8.43, 8.11, 7.54, 7.45, 7.36, 6.65, 6.33, 5.16, 4.03, 4.02, 3.33, 4.07, 4.92, 4.71, 4.18, 2.37, 1.34, 1.01, 0.94, 0, 0.51, 0.8, 0.92, 1.39, 2.01, 2.22, 2.15, 1.85, 1.63, 1.49, 1.42, 1.59, 1.57, 2.11, 3.48, 4.36, 3.76, 3.31, 3.06, 3.04, 3.05, 3.38, 3.69, 3.71, 4.25, 5.12, 5.49], [7.825, 7.855, 7.738, 7.358, 7.265, 7.21, 7.3, 7.23, 6.82, 6.66, 6.86, 6.41, 5.64, 5.75, 5.69, 6.46, 6.79, 6.74, 7.087, 7.63, 8.336, 8.77, 9.195, 8.984, 7.84, 7.62, 7.54, 7.63, 7.61, 7.49, 8.14, 8.81, 8.81, 9.17, 9.05, 8.37, 8.28, 8.3, 8.4, 8.68, 8.34, 7.77, 7.7, 7.61, 6.9, 6.58, 5.41, 4.22, 4.21, 3.48, 4.02, 4.89, 4.68, 4.17, 2.36, 1.29, 0.98, 1.15, 0.51, 0, 0.79, 0.99, 1.56, 2.18, 2.31, 2.2, 1.86, 1.6, 1.62, 1.51, 1.66, 1.6, 2.28, 3.63, 4.53, 3.87, 3.4, 3.25, 3.11, 3.1, 3.47, 3.86, 3.9, 4.48, 5.33, 5.7], [8.063, 8.213, 7.965, 7.525, 7.472, 7.436, 7.62, 7.64, 7.17, 6.983, 7.17, 6.74, 6.01, 6.18, 6.14, 6.85, 7.18, 7.19, 7.52, 8.04, 8.737, 9.14, 9.614, 9.444, 8.25, 7.87, 7.83, 7.82, 7.82, 7.84, 8.45, 8.92, 9.04, 9.36, 9.26, 8.7, 8.55, 8.51, 8.61, 8.81, 8.45, 7.9, 7.79, 7.74, 7.01, 6.73, 5.6, 4.51, 4.5, 3.69, 4.43, 5.34, 5.13, 4.6, 2.77, 1.34, 0.87, 0.92, 0.8, 0.79, 0, 0.82, 1.69, 2.41, 2.56, 2.47, 2.11, 1.77, 1.67, 1.84, 1.95, 1.81, 2.63, 3.88, 4.74, 4.12, 3.63, 3.54, 3.42, 3.43, 3.74, 4.15, 4.07, 4.59, 5.54, 5.91], [7.706, 7.81, 7.542, 7.068, 7.015, 7.033, 7.203, 7.2, 6.71, 6.61, 6.75, 6.38, 5.73, 5.88, 5.86, 6.55, 6.88, 6.87, 7.24, 7.74, 8.432, 8.829, 9.29, 9.133, 7.89, 7.53, 7.31, 7.26, 7.32, 7.34, 7.95, 8.38, 8.5, 8.8, 8.72, 8.18, 8.01, 7.97, 8.07, 8.25, 7.81, 7.26, 7.21, 7.14, 6.43, 6.19, 5.12, 4.17, 4.14, 3.29, 4.09, 5.06, 4.85, 4.34, 2.51, 1.32, 1.37, 0.96, 0.92, 0.99, 0.82, 0, 1.13, 1.89, 2.32, 2.39, 2.07, 1.77, 1.61, 1.74, 1.91, 1.75, 2.43, 3.46, 4.36, 3.62, 3.15, 3.14, 3.0, 3.03, 3.24, 3.59, 3.49, 4.03, 4.88, 5.25], [7.103, 7.213, 6.903, 6.38, 6.25, 6.317, 6.527, 6.57, 6.14, 6.12, 6.3, 5.93, 5.4, 5.55, 5.51, 6.08, 6.55, 6.56, 6.87, 7.39, 8.064, 8.421, 8.906, 8.686, 7.38, 6.954, 6.6, 6.41, 6.57, 6.65, 7.3, 7.71, 7.69, 8.05, 7.87, 7.53, 7.3, 7.1, 7.16, 7.32, 6.86, 6.29, 6.24, 6.23, 5.52, 5.32, 4.39, 3.56, 3.53, 2.74, 3.62, 4.63, 4.42, 3.93, 2.26, 1.71, 1.94, 1.49, 1.39, 1.56, 1.69, 1.13, 0, 1.2, 1.95, 2.0, 1.9, 1.72, 1.72, 1.53, 1.76, 1.66, 2.1, 2.73, 3.71, 3.09, 2.54, 2.47, 2.49, 2.3, 2.49, 2.74, 2.62, 3.06, 3.87, 4.28], [7.143, 7.313, 6.896, 6.351, 6.218, 6.21, 6.38, 6.39, 6.18, 6.24, 6.42, 6.05, 5.62, 5.77, 5.73, 6.28, 6.73, 6.76, 7.03, 7.55, 8.19, 8.532, 9.02, 8.788, 7.452, 7.014, 6.42, 6.39, 6.51, 6.71, 7.38, 7.61, 7.53, 7.93, 7.75, 7.37, 7.12, 7.0, 6.98, 7.04, 6.52, 5.91, 5.92, 5.91, 5.4, 5.12, 4.25, 3.46, 3.51, 2.94, 3.84, 4.81, 4.6, 4.15, 2.52, 2.35, 2.46, 1.93, 2.01, 2.18, 2.41, 1.89, 1.2, 0, 0.99, 1.24, 1.34, 1.58, 1.64, 1.31, 1.44, 1.2, 1.28, 2.47, 3.69, 3.11, 2.46, 2.39, 2.49, 2.2, 2.15, 2.38, 2.12, 2.6, 3.27, 3.66], [7.396, 7.566, 7.169, 6.701, 6.588, 6.56, 6.73, 6.64, 6.45, 6.45, 6.65, 6.3, 5.81, 5.98, 5.94, 6.47, 6.92, 6.95, 7.2, 7.74, 8.4, 8.765, 9.227, 9.004, 7.708, 7.308, 6.73, 6.78, 6.88, 7.06, 7.69, 8.0, 7.92, 8.26, 8.1, 7.72, 7.43, 7.39, 7.35, 7.37, 6.83, 6.22, 6.23, 6.24, 5.71, 5.45, 4.5, 3.71, 3.76, 3.25, 4.05, 5.04, 4.89, 4.46, 2.99, 2.54, 2.63, 2.22, 2.22, 2.31, 2.56, 2.32, 1.95, 0.99, 0, 0.75, 1.05, 1.37, 1.43, 1.24, 1.37, 1.11, 1.11, 2.66, 3.92, 3.36, 2.61, 2.54, 2.68, 2.35, 2.16, 2.55, 2.37, 2.89, 3.38, 3.77], [7.392, 7.562, 7.154, 6.677, 6.64, 6.55, 6.72, 6.73, 6.46, 6.38, 6.62, 6.15, 5.56, 5.73, 5.69, 6.32, 6.73, 6.72, 6.97, 7.49, 8.19, 8.59, 9.072, 8.826, 7.6, 7.26, 6.92, 6.91, 6.93, 7.11, 7.6, 8.01, 8.13, 8.45, 8.35, 7.83, 7.64, 7.58, 7.64, 7.72, 7.2, 6.57, 6.6, 6.59, 5.96, 5.76, 4.67, 3.6, 3.63, 3.0, 4.0, 4.87, 4.7, 4.21, 2.8, 2.55, 2.56, 2.41, 2.15, 2.2, 2.47, 2.39, 2.0, 1.24, 0.75, 0, 0.82, 1.16, 1.3, 0.95, 1.28, 1.22, 1.1, 2.63, 3.83, 3.23, 2.48, 2.43, 2.49, 2.14, 2.11, 2.58, 2.54, 3.16, 3.69, 4.1], [7.23, 7.42, 7.106, 6.826, 6.793, 6.69, 6.84, 6.77, 6.42, 6.42, 6.64, 6.13, 5.38, 5.49, 5.47, 6.06, 6.55, 6.5, 6.79, 7.29, 7.97, 8.45, 8.864, 8.64, 7.52, 7.18, 7.14, 7.13, 7.13, 7.21, 7.8, 8.27, 8.35, 8.71, 8.57, 8.07, 7.9, 7.82, 7.88, 8.04, 7.52, 6.93, 6.94, 6.91, 6.2, 6.02, 4.97, 3.76, 3.67, 3.1, 3.76, 4.61, 4.44, 3.95, 2.32, 2.01, 2.28, 2.19, 1.85, 1.86, 2.11, 2.07, 1.9, 1.34, 1.05, 0.82, 0, 0.74, 1.04, 0.83, 1.18, 1.14, 1.26, 2.79, 3.73, 3.11, 2.34, 2.41, 2.33, 2.0, 2.19, 2.7, 2.88, 3.58, 4.13, 4.54], [6.81, 6.98, 6.812, 6.506, 6.473, 6.39, 6.54, 6.47, 6.06, 5.96, 6.2, 5.67, 4.84, 5.01, 4.93, 5.6, 6.05, 6.02, 6.29, 6.79, 7.49, 7.95, 8.392, 8.172, 7.16, 6.8, 6.84, 6.83, 6.83, 6.85, 7.46, 7.93, 8.05, 8.39, 8.27, 7.73, 7.56, 7.52, 7.62, 7.82, 7.32, 6.77, 6.74, 6.71, 5.98, 5.74, 4.63, 3.42, 3.33, 2.74, 3.36, 4.13, 3.98, 3.47, 1.96, 1.71, 2.08, 2.11, 1.63, 1.6, 1.77, 1.77, 1.72, 1.58, 1.37, 1.16, 0.74, 0, 0.58, 0.71, 1.6, 1.4, 1.42, 2.61, 3.45, 2.77, 2.02, 2.07, 1.99, 1.88, 2.21, 2.64, 2.78, 3.44, 4.23, 4.6], [6.533, 6.703, 6.515, 6.235, 6.16, 6.07, 6.26, 6.21, 5.7, 5.64, 5.86, 5.43, 4.56, 4.71, 4.67, 5.38, 5.83, 5.8, 6.01, 6.53, 7.23, 7.61, 8.106, 7.92, 6.8, 6.48, 6.5, 6.49, 6.49, 6.49, 7.14, 7.65, 7.71, 8.07, 7.95, 7.39, 7.22, 7.18, 7.28, 7.48, 7.08, 6.51, 6.46, 6.41, 5.7, 5.42, 4.33, 3.18, 3.11, 2.46, 3.0, 3.87, 3.72, 3.25, 1.88, 1.69, 2.08, 2.01, 1.49, 1.62, 1.67, 1.61, 1.72, 1.64, 1.43, 1.3, 1.04, 0.58, 0, 0.95, 1.88, 1.54, 1.52, 2.49, 3.23, 2.55, 2.06, 2.03, 1.89, 1.92, 2.23, 2.64, 2.66, 3.24, 4.15, 4.52], [7.091, 7.27, 6.882, 6.547, 6.52, 6.4, 6.55, 6.46, 6.25, 6.21, 6.45, 5.94, 5.15, 5.22, 5.22, 5.95, 6.32, 6.31, 6.6, 7.1, 7.8, 8.3, 8.694, 8.494, 7.37, 7.01, 6.81, 6.82, 6.84, 7.0, 7.51, 7.88, 8.02, 8.36, 8.26, 7.68, 7.53, 7.49, 7.59, 7.77, 7.29, 6.72, 6.69, 6.66, 5.95, 5.73, 4.62, 3.41, 3.34, 2.83, 3.61, 4.4, 4.25, 3.76, 2.03, 1.76, 1.91, 1.92, 1.42, 1.51, 1.84, 1.74, 1.53, 1.31, 1.24, 0.95, 0.83, 0.71, 0.95, 0, 1.29, 1.11, 1.09, 2.56, 3.5, 2.92, 2.29, 2.14, 2.14, 1.97, 2.32, 2.65, 2.77, 3.43, 4.2, 4.57], [8.135, 8.305, 7.908, 7.185, 7.153, 7.15, 7.24, 7.33, 7.229, 7.16, 7.36, 6.87, 6.28, 6.39, 6.29, 6.96, 7.43, 7.42, 7.71, 8.27, 8.99, 9.41, 9.832, 9.567, 8.352, 8.026, 7.5, 7.47, 7.47, 7.75, 8.24, 8.49, 8.51, 8.87, 8.69, 8.27, 8.12, 7.98, 8.04, 8.22, 7.72, 7.17, 7.14, 7.11, 6.52, 6.16, 5.05, 4.06, 4.17, 3.7, 4.68, 5.43, 5.22, 4.77, 2.98, 2.01, 1.9, 1.79, 1.59, 1.66, 1.95, 1.91, 1.76, 1.44, 1.37, 1.28, 1.18, 1.6, 1.88, 1.29, 0, 0.8, 1.64, 3.41, 4.45, 3.95, 3.22, 3.09, 3.23, 2.94, 3.11, 3.44, 3.36, 3.88, 4.39, 4.84], [7.906, 8.076, 7.639, 7.025, 6.973, 6.95, 7.12, 7.11, 6.92, 6.86, 7.06, 6.65, 6.0, 6.09, 6.09, 6.84, 7.21, 7.2, 7.47, 7.99, 8.69, 9.09, 9.549, 9.349, 8.117, 7.777, 7.16, 7.23, 7.25, 7.51, 8.0, 8.21, 8.31, 8.59, 8.49, 7.93, 7.78, 7.78, 7.8, 7.96, 7.44, 6.89, 6.86, 6.83, 6.22, 5.94, 4.87, 3.92, 4.03, 3.46, 4.44, 5.29, 5.1, 4.61, 2.82, 1.87, 1.84, 1.61, 1.57, 1.6, 1.81, 1.75, 1.66, 1.2, 1.11, 1.22, 1.14, 1.4, 1.54, 1.11, 0.8, 0, 1.32, 3.11, 4.244, 3.767, 3.04, 2.93, 3.03, 2.68, 2.79, 3.1, 3.06, 3.56, 4.13, 4.54], [7.333, 7.503, 7.105, 6.711, 6.678, 6.49, 6.62, 6.53, 6.44, 6.42, 6.66, 6.17, 5.36, 5.43, 5.29, 6.04, 6.45, 6.42, 6.77, 7.29, 8.03, 8.51, 8.889, 8.609, 7.58, 7.24, 6.84, 6.93, 6.95, 7.21, 7.7, 7.93, 8.05, 8.27, 8.21, 7.65, 7.46, 7.5, 7.48, 7.5, 6.94, 6.31, 6.34, 6.37, 5.88, 5.58, 4.45, 3.32, 3.47, 3.16, 3.86, 4.51, 4.38, 3.89, 2.56, 2.45, 2.66, 2.49, 2.11, 2.28, 2.63, 2.43, 2.1, 1.28, 1.11, 1.1, 1.26, 1.42, 1.52, 1.09, 1.64, 1.32, 0, 2.15, 3.442, 2.97, 2.22, 2.21, 2.31, 1.88, 2.07, 2.46, 2.42, 2.92, 3.53, 3.86], [5.311, 5.501, 5.098, 4.684, 4.67, 4.5, 4.67, 4.56, 4.45, 4.41, 4.63, 4.12, 3.53, 3.6, 3.44, 4.09, 4.54, 4.57, 4.9, 5.42, 6.1, 6.56, 6.942, 6.622, 5.585, 5.23, 4.85, 4.94, 4.96, 5.16, 5.69, 6.04, 6.1, 6.34, 6.24, 5.74, 5.53, 5.53, 5.51, 5.57, 5.07, 4.46, 4.43, 4.44, 3.83, 3.63, 2.62, 1.55, 1.66, 1.51, 2.25, 2.8, 2.83, 2.62, 3.03, 3.26, 4.03, 3.94, 3.48, 3.63, 3.88, 3.46, 2.73, 2.47, 2.66, 2.63, 2.79, 2.61, 2.49, 2.56, 3.41, 3.11, 2.15, 0, 1.42, 1.26, 1.51, 1.54, 1.46, 1.45, 1.3, 1.05, 1.13, 1.73, 2.72, 3.09], [3.95, 4.22, 3.94, 3.64, 3.59, 3.42, 3.57, 3.44, 3.23, 3.25, 3.49, 2.98, 2.25, 2.32, 2.24, 2.75, 3.32, 3.31, 3.6, 4.12, 4.78, 5.22, 5.582, 5.29, 4.35, 3.99, 3.77, 3.82, 3.9, 4.1, 4.65, 5.04, 5.06, 5.44, 5.24, 4.8, 4.61, 4.57, 4.69, 4.77, 4.69, 4.32, 3.91, 3.64, 3.27, 2.87, 1.72, 1.21, 1.1, 1.45, 1.73, 2.12, 2.49, 2.62, 3.49, 3.9, 4.97, 4.9, 4.36, 4.53, 4.74, 4.36, 3.71, 3.69, 3.92, 3.83, 3.73, 3.45, 3.23, 3.5, 4.45, 4.244, 3.442, 1.42, 0, 1.3, 1.85, 1.88, 1.8, 1.99, 1.98, 1.67, 2.05, 2.47, 3.26, 3.69], [4.53, 4.7, 4.48, 4.16, 4.11, 4.0, 4.15, 4.08, 3.77, 3.75, 4.01, 3.5, 2.93, 3.04, 2.86, 3.33, 3.88, 3.91, 4.24, 4.78, 5.36, 5.86, 6.208, 5.888, 4.91, 4.51, 4.45, 4.48, 4.46, 4.52, 5.23, 5.72, 5.74, 6.18, 6.0, 5.5, 5.35, 5.23, 5.27, 5.43, 5.03, 4.5, 4.39, 4.34, 3.65, 3.41, 2.42, 1.93, 1.84, 1.81, 2.17, 2.56, 2.77, 2.66, 2.99, 3.36, 4.39, 4.26, 3.76, 3.87, 4.12, 3.62, 3.09, 3.11, 3.36, 3.23, 3.11, 2.77, 2.55, 2.92, 3.95, 3.767, 2.97, 1.26, 1.3, 0, 1.01, 1.16, 1.06, 1.35, 1.4, 1.17, 1.57, 1.91, 2.62, 3.13], [5.24, 5.47, 5.31, 5.02, 4.98, 4.87, 5.02, 4.93, 4.52, 4.5, 4.74, 4.23, 3.62, 3.69, 3.55, 3.98, 4.55, 4.54, 4.85, 5.45, 6.01, 6.53, 6.878, 6.58, 5.68, 5.3, 5.3, 5.29, 5.29, 5.39, 6.04, 6.49, 6.53, 6.93, 6.77, 6.31, 6.12, 6.0, 6.04, 6.22, 5.72, 5.17, 5.14, 5.11, 4.42, 4.18, 3.19, 2.32, 2.21, 2.14, 2.46, 2.89, 3.02, 2.89, 2.62, 2.91, 3.96, 3.75, 3.31, 3.4, 3.63, 3.15, 2.54, 2.46, 2.61, 2.48, 2.34, 2.02, 2.06, 2.29, 3.22, 3.04, 2.22, 1.51, 1.85, 1.01, 0, 0.75, 0.67, 0.84, 1.13, 1.26, 1.44, 2.08, 2.69, 3.14], [5.17, 5.4, 5.1, 4.71, 4.67, 4.56, 4.71, 4.62, 4.37, 4.33, 4.61, 4.12, 3.51, 3.66, 3.54, 3.97, 4.48, 4.51, 4.78, 5.36, 5.98, 6.48, 6.845, 6.545, 5.53, 5.17, 4.97, 4.98, 4.96, 5.12, 5.73, 6.18, 6.2, 6.64, 6.44, 5.96, 5.79, 5.67, 5.77, 5.97, 5.47, 4.92, 4.89, 4.86, 4.15, 3.91, 2.88, 2.17, 2.1, 2.13, 2.63, 3.14, 3.37, 3.24, 2.91, 3.14, 3.71, 3.52, 3.06, 3.25, 3.54, 3.14, 2.47, 2.39,