[[0, 0.9, 1.23, 1.15, 1.58, 1.55, 1.68, 1.88, 2.21, 2.93, 2.5, 2.92, 3.39, 2.58, 2.15, 1.66, 1.56, 1.58, 2.18, 3.01, 5.029, 4.73, 4.82, 3.91, 3.08, 1.27, 1.55, 1.98, 1.92, 2.55, 3.081, 4.02, 5.47, 6.859, 6.7, 6.611, 7.005, 7.119, 6.269, 5.956, 5.673, 4.072, 4.458, 4.749, 4.314, 4.21, 4.1, 3.94, 3.8, 3.25, 2.79, 2.92, 3.37, 3.15, 2.93, 2.48, 2.37, 2.76, 3.33, 3.53, 3.97, 5.16, 5.88, 6.35, 6.7, 6.15, 5.63, 5.38, 4.8, 3.42, 2.72, 2.52, 2.32, 2.47, 2.24, 2.29, 2.03, 1.72, 1.65, 1.44, 1.76, 1.81, 1.95, 2.445, 3.593, 4.11], [0.9, 0, 0.61, 0.83, 1.38, 1.51, 1.66, 1.72, 2.01, 2.65, 2.22, 2.48, 3.27, 2.54, 2.19, 1.78, 2.02, 2.08, 1.8, 2.35, 4.33, 4.03, 4.15, 3.24, 2.42, 1.09, 1.17, 1.48, 1.48, 1.89, 2.41, 3.32, 4.77, 6.16, 5.98, 5.92, 6.32, 6.44, 5.586, 5.273, 4.99, 3.39, 3.77, 4.07, 3.67, 3.53, 3.48, 3.5, 3.2, 2.75, 2.31, 2.46, 2.97, 3.05, 2.91, 2.54, 2.85, 3.3, 3.85, 4.05, 4.49, 5.78, 6.54, 6.97, 7.3, 6.864, 6.23, 5.92, 5.02, 3.62, 2.5, 2.38, 1.96, 1.99, 1.8, 1.77, 1.55, 1.46, 1.39, 1.46, 1.92, 1.75, 1.67, 1.86, 2.9, 3.43], [1.23, 0.61, 0, 0.84, 1.39, 1.62, 1.67, 1.71, 1.94, 2.54, 2.17, 2.37, 3.22, 2.51, 2.24, 1.89, 2.23, 2.29, 1.83, 2.14, 3.98, 3.72, 3.82, 2.91, 2.15, 1.18, 1.16, 1.37, 1.29, 1.6, 2.1, 2.97, 4.42, 5.81, 5.65, 5.57, 5.97, 6.086, 5.236, 4.923, 4.64, 3.04, 3.42, 3.76, 3.4, 3.22, 3.23, 3.29, 2.93, 2.6, 2.22, 2.33, 2.92, 3.04, 2.92, 2.65, 3.0, 3.55, 4.16, 4.36, 4.8, 6.03, 6.89, 7.28, 7.67, 7.192, 6.56, 6.23, 5.25, 3.85, 2.63, 2.53, 2.07, 2.06, 1.81, 1.68, 1.46, 1.59, 1.58, 1.61, 2.15, 1.92, 1.68, 1.77, 2.63, 3.08], [1.15, 0.83, 0.84, 0, 1.09, 1.2, 1.37, 1.41, 1.54, 2.3, 1.83, 2.23, 3.02, 2.35, 1.98, 1.57, 1.83, 1.77, 1.37, 2.06, 4.02, 3.74, 3.84, 2.87, 2.23, 1.36, 1.26, 1.55, 1.49, 1.76, 2.12, 3.07, 4.52, 5.83, 5.73, 5.59, 5.99, 6.17, 5.3, 4.99, 4.67, 3.16, 3.5, 3.74, 3.42, 3.18, 3.23, 3.15, 2.93, 2.6, 2.36, 2.43, 2.98, 2.98, 2.66, 2.23, 2.58, 3.41, 3.96, 4.22, 4.62, 5.97, 6.85, 7.2, 7.65, 7.159, 6.5, 5.91, 4.95, 3.57, 2.55, 2.53, 2.27, 2.24, 1.99, 1.9, 1.64, 1.51, 1.54, 1.59, 1.81, 1.76, 1.56, 1.59, 2.63, 3.14], [1.58, 1.38, 1.39, 1.09, 0, 0.85, 1.06, 1.08, 1.07, 1.77, 1.36, 1.96, 2.69, 2.06, 1.59, 1.42, 1.86, 1.56, 1.1, 1.99, 3.79, 3.55, 3.67, 2.72, 2.38, 1.79, 1.79, 1.86, 1.76, 1.79, 2.25, 3.06, 4.39, 5.68, 5.56, 5.4, 5.76, 6.0, 5.07, 4.76, 4.44, 3.15, 3.43, 3.61, 3.29, 3.05, 3.22, 3.1, 3.0, 2.71, 2.55, 2.56, 3.03, 2.65, 2.27, 2.02, 2.65, 3.56, 4.03, 4.41, 4.77, 6.199, 7.062, 7.415, 7.942, 7.438, 6.695, 5.94, 4.96, 3.46, 2.46, 2.46, 2.46, 2.41, 2.16, 2.19, 2.01, 1.82, 1.67, 1.78, 2.08, 1.81, 1.35, 1.36, 2.4, 3.17], [1.55, 1.51, 1.62, 1.2, 0.85, 0, 0.71, 0.81, 1.12, 1.82, 1.39, 1.91, 2.38, 1.87, 1.5, 1.47, 1.91, 1.75, 1.41, 2.36, 4.02, 3.7, 3.86, 2.83, 2.43, 1.68, 1.84, 1.99, 1.97, 1.94, 2.42, 3.19, 4.6, 5.89, 5.81, 5.65, 5.99, 6.13, 5.24, 4.91, 4.57, 3.22, 3.54, 3.74, 3.28, 3.14, 3.31, 3.09, 2.93, 2.62, 2.42, 2.45, 2.88, 2.4, 2.06, 1.87, 2.58, 3.39, 3.9, 4.28, 4.66, 5.93, 6.841, 7.26, 7.74, 7.256, 6.533, 5.89, 5.19, 3.81, 2.71, 2.51, 2.61, 2.54, 2.21, 2.24, 2.14, 1.95, 1.84, 1.73, 2.05, 1.76, 1.46, 1.49, 2.55, 3.2], [1.68, 1.66, 1.67, 1.37, 1.06, 0.71, 0, 0.78, 1.21, 1.67, 1.26, 1.74, 2.17, 1.74, 1.51, 1.62, 2.1, 1.98, 1.68, 2.51, 3.81, 3.61, 3.71, 2.82, 2.44, 1.79, 2.03, 2.18, 2.06, 1.97, 2.45, 2.94, 4.381, 5.668, 5.585, 5.44, 5.8, 5.94, 5.07, 4.74, 4.394, 2.95, 3.33, 3.55, 3.07, 2.93, 3.08, 2.76, 2.6, 2.31, 2.07, 2.16, 2.51, 2.07, 1.87, 1.88, 2.57, 3.44, 4.03, 4.41, 4.79, 6.1, 6.996, 7.39, 7.893, 7.412, 6.67, 6.18, 5.48, 4.12, 3.1, 2.76, 2.9, 2.83, 2.44, 2.39, 2.33, 2.24, 1.99, 2.04, 2.26, 1.93, 1.61, 1.34, 2.34, 2.93], [1.88, 1.72, 1.71, 1.41, 1.08, 0.81, 0.78, 0, 0.63, 1.45, 1.1, 1.74, 2.31, 1.88, 1.59, 1.66, 2.14, 2.02, 1.54, 2.29, 3.63, 3.33, 3.53, 2.54, 2.14, 1.73, 1.89, 2.0, 1.8, 1.75, 2.31, 2.874, 4.21, 5.48, 5.374, 5.234, 5.614, 5.786, 4.97, 4.634, 4.252, 3.01, 3.222, 3.47, 3.05, 2.89, 3.06, 2.96, 2.8, 2.53, 2.33, 2.4, 2.83, 2.33, 2.05, 1.96, 2.59, 3.66, 4.29, 4.69, 5.05, 6.42, 7.313, 7.703, 8.206, 7.716, 6.983, 6.26, 5.28, 3.98, 2.98, 2.72, 2.88, 2.69, 2.36, 2.27, 2.21, 2.22, 2.01, 2.0, 2.16, 1.71, 1.17, 1.18, 2.24, 2.95], [2.21, 2.01, 1.94, 1.54, 1.07, 1.12, 1.21, 0.63, 0, 1.28, 1.09, 1.75, 2.36, 1.93, 1.58, 1.61, 2.31, 1.95, 1.35, 1.98, 3.42, 3.08, 3.26, 2.31, 2.17, 2.04, 2.1, 2.07, 1.91, 1.7, 2.24, 2.89, 4.063, 5.333, 5.193, 5.024, 5.39, 5.679, 4.837, 4.484, 4.124, 3.06, 3.2, 3.5, 3.14, 2.9, 3.19, 3.07, 2.93, 2.68, 2.54, 2.51, 2.98, 2.46, 2.08, 2.07, 2.8, 4.03, 4.66, 5.06, 5.42, 6.766, 7.669, 8.029, 8.559, 8.049, 7.33, 6.51, 5.33, 3.99, 3.01, 2.91, 3.01, 2.82, 2.53, 2.48, 2.32, 2.51, 2.22, 2.27, 2.37, 1.9, 1.18, 1.25, 2.27, 3.0], [2.93, 2.65, 2.54, 2.3, 1.77, 1.82, 1.67, 1.45, 1.28, 0, 0.81, 0.89, 1.54, 1.73, 1.9, 2.19, 3.21, 2.61, 1.75, 2.38, 2.74, 2.72, 2.98, 2.29, 2.23, 2.54, 2.78, 2.47, 2.45, 2.0, 2.34, 2.25, 3.22, 4.43, 4.33, 4.17, 4.53, 4.77, 3.88, 3.55, 3.23, 2.54, 2.48, 2.68, 2.28, 2.14, 2.31, 2.11, 1.91, 1.82, 1.8, 1.85, 1.84, 1.84, 2.28, 2.57, 3.46, 4.91, 5.56, 5.96, 6.32, 7.703, 8.562, 8.932, 9.462, 8.978, 8.232, 7.35, 6.33, 4.89, 3.87, 3.77, 3.73, 3.46, 3.09, 3.08, 3.06, 3.21, 3.06, 2.91, 3.09, 2.38, 1.88, 1.43, 1.59, 2.36], [2.5, 2.22, 2.17, 1.83, 1.36, 1.39, 1.26, 1.1, 1.09, 0.81, 0, 0.98, 1.81, 1.62, 1.53, 1.8, 2.78, 2.28, 1.4, 2.15, 2.91, 2.77, 2.87, 2.18, 2.0, 2.09, 2.29, 2.18, 2.06, 1.69, 1.99, 2.16, 3.35, 4.6, 4.52, 4.38, 4.72, 4.98, 4.11, 3.82, 3.44, 2.47, 2.49, 2.73, 2.39, 2.21, 2.34, 2.16, 1.98, 1.77, 1.69, 1.86, 1.97, 1.75, 2.01, 2.06, 3.01, 4.42, 5.09, 5.47, 5.83, 7.28, 8.148, 8.468, 8.992, 8.494, 7.778, 6.94, 6.0, 4.54, 3.58, 3.36, 3.36, 3.13, 2.72, 2.69, 2.71, 2.84, 2.59, 2.6, 2.58, 2.03, 1.45, 1.1, 1.7, 2.37], [2.92, 2.48, 2.37, 2.23, 1.96, 1.91, 1.74, 1.74, 1.75, 0.89, 0.98, 0, 1.31, 1.42, 1.63, 1.96, 3.06, 2.52, 1.68, 2.21, 2.39, 2.51, 2.71, 2.24, 1.96, 2.39, 2.47, 2.18, 2.14, 1.67, 1.99, 1.8, 2.93, 4.08, 3.98, 3.84, 4.2, 4.32, 3.53, 3.22, 2.88, 2.27, 2.23, 2.37, 2.03, 1.95, 2.06, 1.94, 1.64, 1.41, 1.51, 1.42, 1.37, 1.43, 2.07, 2.42, 3.31, 4.8, 5.47, 5.85, 6.23, 7.64, 8.54, 8.915, 9.439, 8.938, 8.195, 7.32, 6.52, 5.08, 4.04, 3.68, 3.54, 3.27, 2.86, 2.81, 2.79, 3.06, 2.93, 2.74, 2.96, 2.21, 1.91, 1.32, 1.5, 2.05], [3.39, 3.27, 3.22, 3.02, 2.69, 2.38, 2.17, 2.31, 2.36, 1.54, 1.81, 1.31, 0, 1.13, 1.84, 2.33, 3.23, 3.01, 2.41, 2.9, 3.0, 3.24, 3.36, 3.03, 2.85, 3.26, 3.46, 3.15, 3.09, 2.66, 2.84, 2.47, 3.28, 4.39, 4.55, 4.19, 4.35, 4.43, 3.7, 3.37, 3.15, 2.94, 2.84, 2.86, 2.36, 2.34, 2.51, 2.25, 1.99, 1.82, 2.04, 2.17, 1.7, 1.42, 2.14, 2.53, 3.44, 4.75, 5.46, 5.84, 6.22, 7.51, 8.51, 8.9, 9.43, 9.1, 8.24, 7.57, 7.11, 5.77, 4.75, 4.29, 4.23, 4.02, 3.59, 3.78, 3.64, 3.77, 3.64, 3.41, 3.65, 3.02, 2.62, 2.21, 2.09, 2.84], [2.58, 2.54, 2.51, 2.35, 2.06, 1.87, 1.74, 1.88, 1.93, 1.73, 1.62, 1.42, 1.13, 0, 0.95, 1.36, 2.5, 2.36, 1.88, 2.55, 3.35, 3.61, 3.69, 3.08, 2.74, 2.57, 2.83, 2.56, 2.54, 2.15, 2.53, 2.66, 3.75, 5.02, 5.06, 4.88, 5.14, 5.24, 4.51, 4.18, 3.96, 3.49, 3.31, 3.41, 2.91, 2.85, 2.82, 2.56, 2.42, 2.05, 1.89, 1.98, 2.11, 1.59, 1.93, 2.08, 2.97, 3.94, 4.69, 4.97, 5.39, 6.78, 7.78, 8.05, 8.62, 8.29, 7.47, 7.0, 6.58, 5.2, 4.26, 3.82, 3.64, 3.43, 3.16, 3.13, 3.09, 3.14, 3.05, 2.86, 2.98, 2.43, 2.19, 1.8, 2.56, 3.23], [2.15, 2.19, 2.24, 1.98, 1.59, 1.5, 1.51, 1.59, 1.58, 1.9, 1.53, 1.63, 1.84, 0.95, 0, 0.75, 2.01, 1.83, 1.55, 2.34, 3.68, 3.62, 3.84, 3.05, 2.61, 2.36, 2.58, 2.45, 2.35, 1.92, 2.56, 2.95, 4.16, 5.51, 5.35, 5.27, 5.67, 5.87, 5.1, 4.79, 4.45, 3.68, 3.62, 3.82, 3.3, 3.24, 3.15, 2.89, 2.79, 2.44, 2.2, 2.13, 2.5, 1.78, 1.64, 1.79, 2.54, 3.53, 4.08, 4.38, 4.8, 6.25, 7.31, 7.54, 8.09, 7.76, 6.98, 6.39, 5.95, 4.61, 3.75, 3.35, 3.37, 3.14, 2.93, 2.82, 2.86, 2.83, 2.62, 2.55, 2.69, 2.3, 2.0, 1.73, 2.83, 3.44], [1.66, 1.78, 1.89, 1.57, 1.42, 1.47, 1.62, 1.66, 1.61, 2.19, 1.8, 1.96, 2.33, 1.36, 0.75, 0, 1.42, 1.4, 1.52, 2.43, 4.13, 3.91, 4.09, 3.26, 2.64, 2.03, 2.13, 2.04, 1.98, 1.95, 2.49, 3.26, 4.61, 5.96, 5.82, 5.72, 6.12, 6.24, 5.47, 5.16, 4.84, 3.77, 3.81, 4.07, 3.61, 3.53, 3.46, 3.28, 3.2, 2.75, 2.45, 2.48, 2.87, 2.23, 1.91, 1.78, 2.31, 3.18, 3.75, 3.97, 4.43, 5.78, 6.76, 7.03, 7.58, 7.17, 6.41, 5.8, 5.4, 4.1, 3.24, 2.98, 2.88, 2.87, 2.7, 2.69, 2.53, 2.3, 2.15, 2.06, 2.24, 2.07, 1.95, 1.96, 3.06, 3.67], [1.56, 2.02, 2.23, 1.83, 1.86, 1.91, 2.1, 2.14, 2.31, 3.21, 2.78, 3.06, 3.23, 2.5, 2.01, 1.42, 0, 0.96, 2.24, 3.17, 5.23, 4.93, 5.05, 4.14, 3.36, 2.29, 2.23, 2.34, 2.28, 2.77, 3.35, 4.28, 5.69, 7.06, 6.94, 6.82, 7.22, 7.34, 6.49, 6.18, 5.9, 4.39, 4.67, 5.01, 4.61, 4.51, 4.52, 4.38, 4.22, 3.77, 3.51, 3.5, 3.91, 3.27, 2.67, 2.16, 1.99, 2.4, 2.93, 2.89, 3.35, 4.66, 5.56, 5.89, 6.38, 5.95, 5.21, 4.7, 4.4, 3.22, 2.9, 2.5, 2.4, 2.79, 2.72, 3.01, 2.63, 2.12, 1.89, 1.66, 1.84, 2.09, 2.27, 2.7, 3.84, 4.41], [1.58, 2.08, 2.29, 1.77, 1.56, 1.75, 1.98, 2.02, 1.95, 2.61, 2.28, 2.52, 3.01, 2.36, 1.83, 1.4, 0.96, 0, 1.64, 2.59, 4.57, 4.25, 4.39, 3.56, 3.12, 2.23, 2.21, 2.14, 2.2, 2.61, 3.11, 3.86, 5.13, 6.48, 6.36, 6.24, 6.6, 6.76, 5.93, 5.6, 5.26, 4.11, 4.35, 4.57, 4.13, 4.01, 4.14, 3.94, 3.74, 3.49, 3.27, 3.12, 3.57, 3.11, 2.55, 2.22, 2.09, 2.86, 3.23, 3.47, 3.83, 5.24, 6.14, 6.535, 7.06, 6.578, 5.815, 5.06, 4.38, 3.18, 2.82, 2.62, 2.6, 2.83, 2.78, 2.91, 2.59, 2.12, 1.97, 1.74, 1.74, 1.89, 1.95, 2.32, 3.46, 4.01], [2.18, 1.8, 1.83, 1.37, 1.1, 1.41, 1.68, 1.54, 1.35, 1.75, 1.4, 1.68, 2.41, 1.88, 1.55, 1.52, 2.24, 1.64, 0, 1.25, 3.09, 2.87, 3.01, 2.2, 1.9, 2.05, 2.05, 1.8, 1.74, 1.65, 1.89, 2.56, 3.73, 4.96, 4.86, 4.7, 5.04, 5.26, 4.43, 4.14, 3.76, 2.87, 3.05, 3.39, 3.35, 3.17, 3.36, 3.2, 2.9, 2.79, 2.65, 2.46, 2.81, 2.69, 2.31, 2.2, 2.97, 4.14, 4.65, 5.03, 5.39, 6.86, 7.747, 8.08, 8.595, 8.097, 7.38, 6.38, 5.34, 3.7, 2.78, 2.62, 2.44, 2.35, 2.18, 2.13, 2.19, 1.94, 1.87, 2.1, 2.28, 1.91, 1.53, 1.24, 2.3, 3.09], [3.01, 2.35, 2.14, 2.06, 1.99, 2.36, 2.51, 2.29, 1.98, 2.38, 2.15, 2.21, 2.9, 2.55, 2.34, 2.43, 3.17, 2.59, 1.25, 0, 2.1, 1.86, 2.12, 1.45, 1.67, 2.54, 2.24, 2.03, 1.85, 1.74, 1.54, 2.19, 2.98, 3.99, 3.85, 3.73, 4.07, 4.67, 4.2, 3.93, 3.45, 2.62, 2.92, 3.38, 3.38, 3.18, 3.55, 3.57, 3.15, 3.18, 3.0, 2.71, 3.28, 3.34, 3.14, 3.09, 3.76, 4.99, 5.58, 5.96, 6.3, 7.81, 8.709, 9.022, 9.537, 9.045, 8.342, 7.238, 5.802, 4.37, 3.47, 3.27, 2.69, 2.5, 2.39, 2.18, 2.22, 2.59, 2.68, 2.91, 3.09, 2.48, 1.96, 1.71, 2.57, 2.98], [5.029, 4.33, 3.98, 4.02, 3.79, 4.02, 3.81, 3.63, 3.42, 2.74, 2.91, 2.39, 3.0, 3.35, 3.68, 4.13, 5.23, 4.57, 3.09, 2.1, 0, 1.02, 1.3, 1.53, 2.19, 4.16, 3.82, 3.49, 3.39, 2.88, 2.42, 1.79, 2.0, 2.49, 2.11, 2.07, 2.31, 3.13, 2.72, 2.57, 2.17, 2.3, 2.5, 2.86, 2.94, 2.84, 3.43, 3.45, 2.89, 3.22, 3.04, 2.85, 2.9, 3.22, 4.1, 4.35, 5.26, 6.97, 7.6, 8.02, 8.36, 9.81, 10.709, 11.082, 11.589, 11.105, 10.362, 9.295, 7.684, 6.321, 5.455, 5.13, 4.65, 4.3, 3.97, 3.58, 3.96, 4.61, 4.62, 4.81, 4.97, 4.08, 3.38, 2.69, 2.51, 2.42], [4.73, 4.03, 3.72, 3.74, 3.55, 3.7, 3.61, 3.33, 3.08, 2.72, 2.77, 2.51, 3.24, 3.61, 3.62, 3.91, 4.93, 4.25, 2.87, 1.86, 1.02, 0, 1.08, 1.13, 1.83, 3.84, 3.5, 3.19, 3.07, 2.7, 2.3, 1.95, 2.0, 2.67, 2.35, 2.31, 2.59, 3.43, 3.14, 2.95, 2.43, 2.2, 2.54, 3.0, 3.02, 2.88, 3.47, 3.59, 3.07, 3.34, 3.22, 2.89, 3.04, 3.46, 3.8, 4.05, 4.94, 6.65, 7.3, 7.72, 8.06, 9.45, 10.39, 10.785, 11.3, 10.808, 10.065, 9.015, 7.387, 6.018, 5.115, 4.79, 4.35, 4.0, 3.67, 3.32, 3.68, 4.33, 4.34, 4.51, 4.69, 3.8, 3.1, 2.63, 2.45, 2.48], [4.82, 4.15, 3.82, 3.84, 3.67, 3.86, 3.71, 3.53, 3.26, 2.98, 2.87, 2.71, 3.36, 3.69, 3.84, 4.09, 5.05, 4.39, 3.01, 2.12, 1.3, 1.08, 0, 1.29, 2.09, 3.98, 3.66, 3.35, 3.27, 3.0, 2.52, 2.07, 1.98, 2.51, 2.33, 2.37, 2.49, 3.39, 3.3, 3.15, 2.73, 2.44, 2.82, 3.34, 3.3, 3.24, 3.83, 3.95, 3.43, 3.54, 3.52, 3.33, 3.4, 3.58, 4.02, 4.21, 5.16, 6.83, 7.46, 7.84, 8.2, 9.57, 10.506, 10.899, 11.4, 10.922, 10.179, 9.118, 7.61, 6.147, 5.201, 4.89, 4.47, 4.12, 3.79, 3.4, 3.78, 4.41, 4.42, 4.63, 4.81, 3.92, 3.28, 2.71, 2.69, 2.68], [3.91, 3.24, 2.91, 2.87, 2.72, 2.83, 2.82, 2.54, 2.31, 2.29, 2.18, 2.24, 3.03, 3.08, 3.05, 3.26, 4.14, 3.56, 2.2, 1.45, 1.53, 1.13, 1.29, 0, 1.12, 3.11, 2.81, 2.5, 2.38, 2.15, 1.77, 1.74, 2.13, 3.2, 3.08, 2.9, 3.24, 3.82, 3.49, 3.28, 2.82, 2.25, 2.47, 2.95, 2.81, 2.73, 3.34, 3.3, 2.84, 3.13, 2.79, 2.58, 3.23, 3.43, 3.47, 3.62, 4.45, 5.92, 6.55, 6.93, 7.29, 8.64, 9.573, 9.966, 10.464, 9.985, 9.246, 8.148, 6.649, 5.174, 4.26, 3.96, 3.56, 3.21, 2.86, 2.57, 2.89, 3.5, 3.49, 3.74, 3.88, 3.09, 2.43, 1.82, 2.2, 2.45], [3.08, 2.42, 2.15, 2.23, 2.38, 2.43, 2.44, 2.14, 2.17, 2.23, 2.0, 1.96, 2.85, 2.74, 2.61, 2.64, 3.36, 3.12, 1.9, 1.67, 2.19, 1.83, 2.09, 1.12, 0, 2.23, 1.93, 1.66, 1.56, 1.41, 1.43, 1.4, 2.43, 3.8, 3.62, 3.56, 3.96, 4.08, 3.33, 3.12, 2.74, 1.77, 2.05, 2.69, 2.53, 2.55, 2.9, 2.96, 2.58, 2.65, 2.19, 2.16, 2.75, 3.03, 3.17, 3.06, 3.85, 5.14, 5.89, 6.13, 6.59, 7.98, 8.88, 9.195, 9.64, 9.198, 8.515, 7.64, 6.6, 4.96, 3.86, 3.36, 2.88, 2.65, 2.12, 1.79, 2.09, 2.76, 2.83, 3.08, 3.32, 2.71, 1.99, 1.66, 1.96, 2.07], [1.27, 1.09, 1.18, 1.36, 1.79, 1.68, 1.79, 1.73, 2.04, 2.54, 2.09, 2.39, 3.26, 2.57, 2.36, 2.03, 2.29, 2.23, 2.05, 2.54, 4.16, 3.84, 3.98, 3.11, 2.23, 0, 0.86, 1.19, 1.09, 1.66, 2.22, 3.09, 4.54, 5.93, 5.73, 5.69, 6.09, 6.21, 5.356, 5.05, 4.77, 3.16, 3.54, 3.84, 3.46, 3.28, 3.31, 3.33, 3.03, 2.56, 2.1, 2.31, 2.82, 2.98, 2.92, 2.47, 2.76, 3.49, 4.28, 4.52, 4.98, 6.17, 6.93, 7.4, 7.73, 7.197, 6.68, 6.39, 5.53, 4.05, 2.89, 2.69, 2.27, 2.16, 1.91, 1.86, 1.76, 1.83, 1.7, 1.65, 2.01, 1.58, 1.42, 1.89, 2.69, 3.22], [1.55, 1.17, 1.16, 1.26, 1.79, 1.84, 2.03, 1.89, 2.1, 2.78, 2.29, 2.47, 3.46, 2.83, 2.58, 2.13, 2.23, 2.21, 2.05, 2.24, 3.82, 3.5, 3.66, 2.81, 1.93, 0.86, 0, 0.85, 0.73, 1.32, 1.8, 2.69, 4.14, 5.53, 5.33, 5.33, 5.73, 5.81, 4.96, 4.65, 4.37, 2.8, 3.18, 3.52, 3.24, 3.14, 3.29, 3.47, 3.11, 2.8, 2.36, 2.59, 3.12, 3.24, 3.08, 2.45, 2.7, 3.59, 4.38, 4.64, 5.1, 6.35, 7.23, 7.6, 8.01, 7.563, 6.9, 6.41, 5.43, 3.95, 2.85, 2.73, 2.23, 2.14, 1.95, 1.64, 1.56, 1.77, 1.74, 1.69, 2.09, 1.82, 1.56, 1.77, 2.53, 2.98], [1.98, 1.48, 1.37, 1.55, 1.86, 1.99, 2.18, 2.0, 2.07, 2.47, 2.18, 2.18, 3.15, 2.56, 2.45, 2.04, 2.34, 2.14, 1.8, 2.03, 3.49, 3.19, 3.35, 2.5, 1.66, 1.19, 0.85, 0, 0.68, 1.19, 1.53, 2.42, 3.77, 5.22, 5.0, 4.96, 5.34, 5.46, 4.59, 4.3, 4.0, 2.67, 2.91, 3.31, 3.13, 3.15, 3.22, 3.32, 2.9, 2.75, 2.35, 2.46, 2.95, 3.11, 2.99, 2.38, 2.89, 3.96, 4.79, 4.99, 5.45, 6.76, 7.64, 7.99, 8.42, 7.973, 7.31, 6.58, 5.64, 4.14, 3.14, 2.86, 2.42, 2.27, 2.08, 1.89, 1.69, 1.86, 2.01, 2.0, 2.26, 1.93, 1.67, 1.7, 2.4, 2.93], [1.92, 1.48, 1.29, 1.49, 1.76, 1.97, 2.06, 1.8, 1.91, 2.45, 2.06, 2.14, 3.09, 2.54, 2.35, 1.98, 2.28, 2.2, 1.74, 1.85, 3.39, 3.07, 3.27, 2.38, 1.56, 1.09, 0.73, 0.68, 0, 1.01, 1.41, 2.3, 3.73, 5.12, 4.92, 4.9, 5.3, 5.42, 4.55, 4.26, 3.96, 2.47, 2.73, 3.13, 2.91, 2.89, 3.02, 3.16, 2.82, 2.53, 2.15, 2.32, 2.87, 3.03, 2.93, 2.52, 2.77, 3.96, 4.77, 5.03, 5.47, 6.76, 7.64, 8.01, 8.42, 7.973, 7.31, 6.66, 5.66, 4.18, 3.06, 2.84, 2.4, 2.29, 2.06, 1.77, 1.65, 1.82, 1.95, 1.92, 2.32, 1.95, 1.67, 1.56, 2.26, 2.73], [2.55, 1.89, 1.6, 1.76, 1.79, 1.94, 1.97, 1.75, 1.7, 2.0, 1.69, 1.67, 2.66, 2.15, 1.92, 1.95, 2.77, 2.61, 1.65, 1.74, 2.88, 2.7, 3.0, 2.15, 1.41, 1.66, 1.32, 1.19, 1.01, 0, 0.94, 1.59, 3.0, 4.47, 4.23, 4.25, 4.65, 4.77, 3.9, 3.59, 3.29, 2.18, 2.18, 2.58, 2.46, 2.36, 2.53, 2.73, 2.41, 2.04, 1.82, 1.95, 2.44, 2.5, 2.62, 2.43, 3.16, 4.49, 5.3, 5.58, 6.02, 7.41, 8.31, 8.634, 9.07, 8.637, 7.954, 7.17, 6.15, 4.63, 3.43, 3.09, 2.65, 2.46, 2.03, 1.92, 1.84, 2.39, 2.36, 2.53, 2.79, 2.3, 1.76, 1.17, 1.79, 2.36], [3.081, 2.41, 2.1, 2.12, 2.25, 2.42, 2.45, 2.31, 2.24, 2.34, 1.99, 1.99, 2.84, 2.53, 2.56, 2.49, 3.35, 3.11, 1.89, 1.54, 2.42, 2.3, 2.52, 1.77, 1.43, 2.22, 1.8, 1.53, 1.41, 0.94, 0, 1.23, 2.52, 3.95, 3.87, 3.73, 4.09, 4.21, 3.48, 3.23, 2.85, 1.9, 2.02, 2.48, 2.46, 2.5, 2.85, 2.99, 2.53, 2.3, 2.18, 2.15, 2.64, 2.8, 2.94, 2.61, 3.5, 5.07, 5.86, 6.18, 6.58, 7.97, 8.85, 9.2, 9.67, 9.159, 8.5, 7.61, 6.607, 4.93, 3.83, 3.59, 3.01, 2.92, 2.61, 2.22, 2.32, 2.73, 2.84, 2.95, 3.25, 2.78, 2.24, 1.59, 1.83, 2.36], [4.02, 3.32, 2.97, 3.07, 3.06, 3.19, 2.94, 2.874, 2.89, 2.25, 2.16, 1.8, 2.47, 2.66, 2.95, 3.26, 4.28, 3.86, 2.56, 2.19, 1.79, 1.95, 2.07, 1.74, 1.4, 3.09, 2.69, 2.42, 2.3, 1.59, 1.23, 0, 1.57, 2.98, 2.94, 2.84, 3.14, 3.3, 2.49, 2.24, 1.98, 1.85, 1.67, 2.01, 2.01, 2.05, 2.38, 2.56, 2.16, 1.99, 1.95, 2.24, 2.37, 2.55, 3.39, 3.46, 4.39, 5.98, 6.73, 7.05, 7.45, 8.92, 9.82, 10.135, 10.6, 10.138, 9.455, 8.48, 7.46, 5.82, 4.74, 4.28, 3.76, 3.57, 3.02, 2.65, 3.03, 3.66, 3.75, 3.94, 4.14, 3.47, 2.87, 1.98, 1.76, 1.99], [5.47, 4.77, 4.42, 4.52, 4.39, 4.6, 4.381, 4.21, 4.063, 3.22, 3.35, 2.93, 3.28, 3.75, 4.16, 4.61, 5.69, 5.13, 3.73, 2.98, 2.0, 2.0, 1.98, 2.13, 2.43, 4.54, 4.14, 3.77, 3.73, 3.0, 2.52, 1.57, 0, 1.57, 1.67, 1.65, 1.85, 2.11, 2.16, 2.05, 1.77, 1.98, 1.82, 2.14, 2.18, 2.32, 2.81, 2.73, 2.49, 3.08, 3.1, 3.15, 3.04, 3.64, 4.64, 4.69, 5.66, 7.41, 8.12, 8.46, 8.84, 10.35, 11.25, 11.565, 12.05, 11.568, 10.885, 9.841, 8.544, 6.999, 6.067, 5.69, 5.13, 4.74, 4.41, 4.02, 4.42, 5.09, 5.18, 5.37, 5.53, 4.68, 4.02, 3.19, 2.51, 2.28], [6.859, 6.16, 5.81, 5.83, 5.68, 5.89, 5.668, 5.48, 5.333, 4.43, 4.6, 4.08, 4.39, 5.02, 5.51, 5.96, 7.06, 6.48, 4.96, 3.99, 2.49, 2.67, 2.51, 3.2, 3.8, 5.93, 5.53, 5.22, 5.12, 4.47, 3.95, 2.98, 1.57, 0, 0.94, 1.08, 1.18, 1.84, 2.33, 2.38, 2.12, 2.91, 2.65, 2.67, 3.13, 3.37, 3.82, 3.7, 3.4, 4.31, 4.47, 4.42, 4.05, 4.71, 5.93, 6.0, 6.97, 8.78, 9.49, 9.85, 10.21, 11.72, 12.619, 12.932, 13.43, 12.935, 12.252, 11.148, 9.763, 8.28, 7.377, 7.04, 6.5, 6.13, 5.8, 5.41, 5.79, 6.44, 6.53, 6.72, 6.82, 5.95, 5.29, 4.5, 3.68, 3.15], [6.7, 5.98, 5.65, 5.73, 5.56, 5.81, 5.585, 5.374, 5.193, 4.33, 4.52, 3.98, 4.55, 5.06, 5.35, 5.82, 6.94, 6.36, 4.86, 3.85, 2.11, 2.35, 2.33, 3.08, 3.62, 5.73, 5.33, 5.0, 4.92, 4.23, 3.87, 2.94, 1.67, 0.94, 0, 0.8, 1.1, 1.86, 2.29, 2.4, 2.06, 2.87, 2.67, 2.87, 3.37, 3.53, 3.96, 3.92, 3.52, 4.47, 4.43, 4.3, 3.99, 4.67, 5.83, 5.9, 6.89, 8.66, 9.37, 9.71, 10.09, 11.6, 12.5, 12.815, 13.26, 12.818, 12.135, 11.045, 9.563, 8.131, 7.265, 6.94, 6.38, 5.93, 5.64, 5.21, 5.65, 6.34, 6.43, 6.62, 6.74, 5.85, 5.13, 4.4, 3.68, 3.03], [6.611, 5.92, 5.57, 5.59, 5.4, 5.65, 5.44, 5.234, 5.024, 4.17, 4.38, 3.84, 4.19, 4.88, 5.27, 5.72, 6.82, 6.24, 4.7, 3.73, 2.07, 2.31, 2.37, 2.9, 3.56, 5.69, 5.33, 4.96, 4.9, 4.25, 3.73, 2.84, 1.65, 1.08, 0.8, 0, 0.84, 1.46, 1.85, 1.92, 1.68, 2.69, 2.43, 2.65, 3.11, 3.23, 3.68, 3.56, 3.18, 4.15, 4.35, 4.18, 3.71, 4.43, 5.67, 5.76, 6.73, 8.54, 9.25, 9.61, 9.97, 11.48, 12.376, 12.689, 13.191, 12.692, 12.009, 10.885, 9.377, 7.971, 7.105, 6.8, 6.26, 5.89, 5.56, 5.17, 5.55, 6.18, 6.27, 6.48, 6.58, 5.69, 4.97, 4.22, 3.32, 2.73], [7.005, 6.32, 5.97, 5.99, 5.76, 5.99, 5.8, 5.614, 5.39, 4.53, 4.72, 4.2, 4.35, 5.14, 5.67, 6.12, 7.22, 6.6, 5.04, 4.07, 2.31, 2.59, 2.49, 3.24, 3.96, 6.09, 5.73, 5.34, 5.3, 4.65, 4.09, 3.14, 1.85, 1.18, 1.1, 0.84, 0, 1.26, 1.69, 1.92, 1.8, 3.07, 2.85, 2.71, 3.23, 3.37, 3.86, 3.72, 3.48, 4.33, 4.65, 4.58, 4.11, 4.77, 6.03, 6.12, 7.15, 8.92, 9.61, 10.01, 10.35, 11.84, 12.733, 13.066, 13.585, 13.089, 12.366, 11.248, 9.8, 8.337, 7.445, 7.16, 6.64, 6.29, 5.96, 5.57, 5.95, 6.58, 6.61, 6.84, 6.92, 6.03, 5.35, 4.56, 3.66, 3.17], [7.119, 6.44, 6.086, 6.17, 6.0, 6.13, 5.94, 5.786, 5.679, 4.77, 4.98, 4.32, 4.43, 5.24, 5.87, 6.24, 7.34, 6.76, 5.26, 4.67, 3.13, 3.43, 3.39, 3.82, 4.08, 6.21, 5.81, 5.46, 5.42, 4.77, 4.21, 3.3, 2.11, 1.84, 1.86, 1.46, 1.26, 0, 1.21, 1.5, 1.74, 3.11, 2.83, 2.73, 3.19, 3.31, 3.42, 3.52, 3.6, 4.25, 4.81, 4.7, 4.23, 4.93, 6.15, 6.26, 7.29, 9.04, 9.73, 10.13, 10.49, 11.92, 12.813, 13.186, 13.699, 13.209, 12.466, 11.44, 10.257, 8.637, 7.66, 7.24, 6.76, 6.49, 6.1, 5.69, 6.07, 6.7, 6.69, 6.92, 7.1, 6.27, 5.67, 4.8, 3.7, 3.09], [6.269, 5.586, 5.236, 5.3, 5.07, 5.24, 5.07, 4.97, 4.837, 3.88, 4.11, 3.53, 3.7, 4.51, 5.1, 5.47, 6.49, 5.93, 4.43, 4.2, 2.72, 3.14, 3.3, 3.49, 3.33, 5.356, 4.96, 4.59, 4.55, 3.9, 3.48, 2.49, 2.16, 2.33, 2.29, 1.85, 1.69, 1.21, 0, 0.59, 0.95, 2.32, 1.94, 1.8, 2.18, 2.48, 2.55, 2.73, 2.75, 3.44, 3.94, 3.87, 3.38, 4.06, 5.28, 5.35, 6.44, 8.21, 8.86, 9.28, 9.62, 11.069, 11.952, 12.322, 12.849, 12.345, 11.602, 10.67, 9.59, 7.85, 6.73, 6.39, 6.01, 5.82, 5.33, 4.9, 5.3, 5.87, 5.84, 6.07, 6.27, 5.54, 4.88, 4.09, 2.77, 2.24], [5.956, 5.273, 4.923, 4.99, 4.76, 4.91, 4.74, 4.634, 4.484, 3.55, 3.82, 3.22, 3.37, 4.18, 4.79, 5.16, 6.18, 5.6, 4.14, 3.93, 2.57, 2.95, 3.15, 3.28, 3.12, 5.05, 4.65, 4.3, 4.26, 3.59, 3.23, 2.24, 2.05, 2.38, 2.4, 1.92, 1.92, 1.5, 0.59, 0, 0.76, 2.09, 1.65, 1.53, 1.87, 2.13, 2.36, 2.38, 2.4, 3.09, 3.63, 3.54, 3.05, 3.75, 4.95, 5.04, 6.11, 7.88, 8.55, 8.97, 9.31, 10.739, 11.622, 12.009, 12.536, 12.032, 11.289, 10.36, 9.26, 7.52, 6.4, 6.06, 5.72, 5.53, 5.04, 4.59, 4.97, 5.58, 5.53, 5.74, 5.96, 5.21, 4.57, 3.76, 2.44, 1.91], [5.673, 4.99, 4.64, 4.67, 4.44, 4.57, 4.394, 4.252, 4.124, 3.23, 3.44, 2.88, 3.15, 3.96, 4.45, 4.84, 5.9, 5.26, 3.76, 3.45, 2.17, 2.43, 2.73, 2.82, 2.74, 4.77, 4.37, 4.0, 3.96, 3.29, 2.85, 1.98, 1.77, 2.12, 2.06, 1.68, 1.8, 1.74, 0.95, 0.76, 0, 1.73, 1.35, 1.41, 1.83, 2.13, 2.54, 2.44, 2.2, 3.21, 3.41, 3.24, 2.79, 3.47, 4.65, 4.74, 5.81, 7.6, 8.27, 8.69, 9.03, 10.44, 11.348, 11.726, 12.253, 11.749, 11.021, 9.98, 8.86, 7.16, 6.08, 5.76, 5.38, 5.13, 4.7, 4.29, 4.67, 5.26, 5.25, 5.46, 5.6, 4.85, 4.19, 3.4, 2.16, 1.71], [4.072, 3.39, 3.04, 3.16, 3.15, 3.22, 2.95, 3.01, 3.06, 2.54, 2.47, 2.27, 2.94, 3.49, 3.68, 3.77, 4.39, 4.11, 2.87, 2.62, 2.3, 2.2, 2.44, 2.25, 1.77, 3.16, 2.8, 2.67, 2.47, 2.18, 1.9, 1.85, 1.98, 2.91, 2.87, 2.69, 3.07, 3.11, 2.32, 2.09, 1.73, 0, 0.94, 1.5, 1.62, 1.64, 2.25, 2.21, 1.79, 2.54, 2.58, 2.33, 2.28, 2.94, 3.64, 3.49, 4.4, 6.01, 6.78, 7.14, 7.54, 8.89, 9.786, 10.16, 10.652, 10.162, 9.419, 8.69, 7.63, 5.99, 4.81, 4.39, 3.99, 3.8, 3.31, 2.98, 3.24, 3.77, 3.74, 3.91, 4.29, 3.6, 2.92, 2.35, 1.39, 0.96], [4.458, 3.77, 3.42, 3.5, 3.43, 3.54, 3.33, 3.222, 3.2, 2.48, 2.49, 2.23, 2.84, 3.31, 3.62, 3.81, 4.67, 4.35, 3.05, 2.92, 2.5, 2.54, 2.82, 2.47, 2.05, 3.54, 3.18, 2.91, 2.73, 2.18, 2.02, 1.67, 1.82, 2.65, 2.67, 2.43, 2.85, 2.83, 1.94, 1.65, 1.35, 0.94, 0, 0.96, 1.12, 1.48, 1.85, 1.83, 1.65, 2.44, 2.5, 2.41, 2.36, 3.0, 3.82, 3.81, 4.7, 6.37, 7.1, 7.46, 7.82, 9.31, 10.206, 10.519, 11.038, 10.542, 9.839, 8.87, 7.81, 6.19, 5.11, 4.63, 4.37, 4.06, 3.63, 3.24, 3.5, 4.09, 4.1, 4.31, 4.49, 3.76, 3.14, 2.31, 1.35, 1.0], [4.749, 4.07, 3.76, 3.74, 3.61, 3.74, 3.55, 3.47, 3.5, 2.68, 2.73, 2.37, 2.86, 3.41, 3.82, 4.07, 5.01, 4.57, 3.39, 3.38, 2.86, 3.0, 3.34, 2.95, 2.69, 3.84, 3.52, 3.31, 3.13, 2.58, 2.48, 2.01, 2.14, 2.67, 2.87, 2.65, 2.71, 2.73, 1.8, 1.53, 1.41, 1.5, 0.96, 0, 1.02, 1.12, 1.49, 1.55, 1.57, 2.12, 2.4, 2.55, 2.44, 3.06, 4.06, 4.13, 5.06, 6.65, 7.34, 7.76, 8.1, 9.55, 10.449, 10.82, 11.312, 10.825, 10.082, 9.27, 8.15, 6.55, 5.35, 5.07, 4.83, 4.54, 4.19, 3.86, 4.04, 4.45, 4.42, 4.55, 4.85, 4.14, 3.52, 2.73, 1.81, 1.54], [4.314, 3.67, 3.4, 3.42, 3.29, 3.28, 3.07, 3.05, 3.14, 2.28, 2.39, 2.03, 2.36, 2.91, 3.3, 3.61, 4.61, 4.13, 3.35, 3.38, 2.94, 3.02, 3.3, 2.81, 2.53, 3.46, 3.24, 3.13, 2.91, 2.46, 2.46, 2.01, 2.18, 3.13, 3.37, 3.11, 3.23, 3.19, 2.18, 1.87, 1.83, 1.62, 1.12, 1.02, 0, 0.8, 1.21, 1.05, 1.13, 1.68, 2.0, 2.19, 2.06, 2.7, 3.54, 3.79, 4.72, 6.25, 6.9, 7.32, 7.66, 9.03, 9.986, 10.379, 10.874, 10.402, 9.659, 8.93, 7.91, 6.51, 5.15, 4.91, 4.83, 4.56, 4.09, 3.66, 3.82, 4.31, 4.22, 4.19, 4.49, 3.86, 3.38, 2.55, 1.63, 1.48], [4.21, 3.53, 3.22, 3.18, 3.05, 3.14, 2.93, 2.89, 2.9, 2.14, 2.21, 1.95, 2.34, 2.85, 3.24, 3.53, 4.51, 4.01, 3.17, 3.18, 2.84, 2.88, 3.24, 2.73, 2.55, 3.28, 3.14, 3.15, 2.89, 2.36, 2.5, 2.05, 2.32, 3.37, 3.53, 3.23, 3.37, 3.31, 2.48, 2.13, 2.13, 1.64, 1.48, 1.12, 0.8, 0, 1.03, 1.01, 1.13, 1.4, 1.92, 2.13, 2.0, 2.62, 3.5, 3.73, 4.68, 6.09, 6.76, 7.18, 7.52, 8.91, 9.849, 10.242, 10.74, 10.265, 9.522, 8.81, 7.69, 6.25, 4.91, 4.75, 4.61, 4.3, 3.91, 3.58, 3.68, 4.21, 4.06, 4.09, 4.31, 3.64, 3.0, 2.39, 1.51, 1.56], [4.1, 3.48, 3.23, 3.23, 3.22, 3.31, 3.08, 3.06, 3.19, 2.31, 2.34, 2.06, 2.51, 2.82, 3.15, 3.46, 4.52, 4.14, 3.36, 3.55, 3.43, 3.47, 3.83, 3.34, 2.9, 3.31, 3.29, 3.22, 3.02, 2.53, 2.85, 2.38, 2.81, 3.82, 3.96, 3.68, 3.86, 3.42, 2.55, 2.36, 2.54, 2.25, 1.85, 1.49, 1.21, 1.03, 0, 0.8, 1.34, 1.29, 1.79, 2.28, 1.91, 2.61, 3.61, 3.76, 4.61, 6.02, 6.73, 7.07, 7.45, 8.96, 9.86, 10.178, 10.64, 10.181, 9.51, 8.9, 7.9, 6.5, 5.2, 5.04, 4.8, 4.41, 4.04, 3.79, 3.89, 4.26, 4.21, 4.2, 4.36, 3.79, 3.25, 2.56, 1.86, 2.05], [3.94, 3.5, 3.29, 3.15, 3.1, 3.09, 2.76, 2.96, 3.07, 2.11, 2.16, 1.94, 2.25, 2.56, 2.89, 3.28, 4.38, 3.94, 3.2, 3.57, 3.45, 3.59, 3.95, 3.3, 2.96, 3.33, 3.47, 3.32, 3.16, 2.73, 2.99, 2.56, 2.73, 3.7, 3.92, 3.56, 3.72, 3.52, 2.73, 2.38, 2.44, 2.21, 1.83, 1.55, 1.05, 1.01, 0.8, 0, 0.84, 1.27, 1.65, 1.94, 1.71, 2.39, 3.37, 3.58, 4.45, 5.82, 6.51, 6.85, 7.23, 8.74, 9.636, 9.969, 10.433, 9.952, 9.289, 8.68, 7.88, 6.46, 5.22, 5.08, 4.88, 4.51, 4.14, 3.93, 3.97, 4.26, 4.21, 4.18, 4.26, 3.61, 3.27, 2.58, 1.98, 1.99], [3.8, 3.2, 2.93, 2.93, 3.0, 2.93, 2.6, 2.8, 2.93, 1.91, 1.98, 1.64, 1.99, 2.42, 2.79, 3.2, 4.22, 3.74, 2.9, 3.15, 2.89, 3.07, 3.43, 2.84, 2.58, 3.03, 3.11, 2.9, 2.82, 2.41, 2.53, 2.16, 2.49, 3.4, 3.52, 3.18, 3.48, 3.6, 2.75, 2.4, 2.2, 1.79, 1.65, 1.57, 1.13, 1.13, 1.34, 0.84, 0, 1.33, 1.41, 1.4, 1.25, 1.95, 3.05, 3.24, 4.17, 5.64, 6.39, 6.77, 7.13, 8.52, 9.413, 9.77, 10.265, 9.769, 9.07, 8.56, 7.74, 6.3, 5.06, 4.8, 4.6, 4.37, 3.9, 3.69, 3.73, 4.06, 3.93, 3.92, 4.0, 3.41, 2.99, 2.32, 1.6, 1.63], [3.25, 2.75, 2.6, 2.6, 2.71, 2.62, 2.31, 2.53, 2.68, 1.82, 1.77, 1.41, 1.82, 2.05, 2.44, 2.75, 3.77, 3.49, 2.79, 3.18, 3.22, 3.34, 3.54, 3.13, 2.65, 2.56, 2.8, 2.75, 2.53, 2.04, 2.3, 1.99, 3.08, 4.31, 4.47, 4.15, 4.33, 4.25, 3.44, 3.09, 3.21, 2.54, 2.44, 2.12, 1.68, 1.4, 1.29, 1.27, 1.33, 0, 1.12, 1.49, 1.2, 1.58, 2.74, 2.91, 3.78, 5.11, 5.92, 6.22, 6.64, 8.01, 8.85, 9.26, 9.69, 9.168, 8.56, 8.27, 7.47, 6.05, 4.87, 4.51, 4.27, 4.08, 3.57, 3.46, 3.48, 3.73, 3.64, 3.43, 3.73, 3.12, 2.74, 2.09, 1.81, 2.36], [2.79, 2.31, 2.22, 2.36, 2.55, 2.42, 2.07, 2.33, 2.54, 1.8, 1.69, 1.51, 2.04, 1.89, 2.2, 2.45, 3.51, 3.27, 2.65, 3.0, 3.04, 3.22, 3.52, 2.79, 2.19, 2.1, 2.36, 2.35, 2.15, 1.82, 2.18, 1.95, 3.1, 4.47, 4.43, 4.35, 4.65, 4.81, 3.94, 3.63, 3.41, 2.58, 2.5, 2.4, 2.0, 1.92, 1.79, 1.65, 1.41, 1.12, 0, 0.93, 1.24, 1.64, 2.54, 2.79, 3.66, 4.83, 5.6, 5.88, 6.32, 7.63, 8.37, 8.86, 9.11, 8.72, 8.1, 8.01, 7.27, 5.81, 4.63, 4.29, 4.01, 3.62, 3.23, 3.08, 3.18, 3.47, 3.36, 3.25, 3.49, 2.94, 2.62, 1.95, 2.03, 2.42], [2.92, 2.46, 2.33, 2.43, 2.56, 2.45, 2.16, 2.4, 2.51, 1.85, 1.86, 1.42, 2.17, 1.98, 2.13, 2.48, 3.5, 3.12, 2.46, 2.71, 2.85, 2.89, 3.33, 2.58, 2.16, 2.31, 2.59, 2.46, 2.32, 1.95, 2.15, 2.24, 3.15, 4.42, 4.3, 4.18, 4.58, 4.7, 3.87, 3.54, 3.24, 2.33, 2.41, 2.55, 2.19, 2.13, 2.28, 1.94, 1.4, 1.49, 0.93, 0, 1.11, 1.47, 2.17, 2.56, 3.41, 4.76, 5.45, 5.77, 6.19, 7.54, 8.26, 8.83, 9.12, 8.67, 8.11, 7.98, 7.3, 5.84, 4.62, 4.32, 4.04, 3.83, 3.4, 3.23, 3.23, 3.5, 3.39, 3.26, 3.42, 2.81, 2.49, 2.0, 2.02, 2.13], [3.37, 2.97, 2.92, 2.98, 3.03, 2.88, 2.51, 2.83, 2.98, 1.84, 1.97, 1.37, 1.7, 2.11, 2.5, 2.87, 3.91, 3.57, 2.81, 3.28, 2.9, 3.04, 3.4, 3.23, 2.75, 2.82, 3.12, 2.95, 2.87, 2.44, 2.64, 2.37, 3.04, 4.05, 3.99, 3.71, 4.11, 4.23, 3.38, 3.05, 2.79, 2.28, 2.36, 2.44, 2.06, 2.0, 1.91, 1.71, 1.25, 1.2, 1.24, 1.11, 0, 1.04, 2.52, 2.81, 3.78, 5.23, 5.92, 6.24, 6.68, 8.03, 8.77, 9.3, 9.63, 9.12, 8.58, 8.45, 7.83, 6.39, 5.25, 4.87, 4.63, 4.38, 3.91, 3.84, 3.88, 4.09, 3.98, 3.71, 3.95, 3.24, 2.98, 2.43, 1.67, 2.06], [3.15, 3.05, 3.04, 2.98, 2.65, 2.4, 2.07, 2.33, 2.46, 1.84, 1.75, 1.43, 1.42, 1.59, 1.78, 2.23, 3.27, 3.11, 2.69, 3.34, 3.22, 3.46, 3.58, 3.43, 3.03, 2.98, 3.24, 3.11, 3.03, 2.5, 2.8, 2.55, 3.64, 4.71, 4.67, 4.43, 4.77, 4.93, 4.06, 3.75, 3.47, 2.94, 3.0, 3.06, 2.7, 2.62, 2.61, 2.39, 1.95, 1.58, 1.64, 1.47, 1.04, 0, 1.64, 1.91, 2.98, 4.37, 5.04, 5.4, 5.8, 7.21, 8.05, 8.48, 8.95, 8.54, 7.82, 7.75, 7.43, 6.09, 5.03, 4.55, 4.59, 4.42, 3.93, 3.9, 3.98, 4.01, 3.82, 3.53, 3.67, 3.08, 2.66, 2.27, 2.13, 2.72], [2.93, 2.91, 2.92, 2.66, 2.27, 2.06, 1.87, 2.05, 2.08, 2.28, 2.01, 2.07, 2.14, 1.93, 1.64, 1.91, 2.67, 2.55, 2.31, 3.14, 4.1, 3.8, 4.02, 3.47, 3.17, 2.92, 3.08, 2.99, 2.93, 2.62, 2.94, 3.39, 4.64, 5.93, 5.83, 5.67, 6.03, 6.15, 5.28, 4.95, 4.65, 3.64, 3.82, 4.06, 3.54, 3.5, 3.61, 3.37, 3.05, 2.74, 2.54, 2.17, 2.52, 1.64, 0, 0.95, 1.76, 3.15, 3.68, 4.1, 4.44, 6.01, 7.17, 7.4, 8.03, 7.82, 7.06, 7.07, 6.75, 5.49, 4.47, 4.23, 4.37, 4.3, 3.87, 3.76, 3.78, 3.67, 3.4, 3.23, 3.25, 2.88, 2.48, 2.25, 2.85, 3.48], [2.48, 2.54, 2.65, 2.23, 2.02, 1.87, 1.88, 1.96, 2.07, 2.57, 2.06, 2.42, 2.53, 2.08, 1.79, 1.78, 2.16, 2.22, 2.2, 3.09, 4.35, 4.05, 4.21, 3.62, 3.06, 2.47, 2.45, 2.38, 2.52, 2.43, 2.61, 3.46, 4.69, 6.0, 5.9, 5.76, 6.12, 6.26, 5.35, 5.04, 4.74, 3.49, 3.81, 4.13, 3.79, 3.73, 3.76, 3.58, 3.24, 2.91, 2.79, 2.56, 2.81, 1.91, 0.95, 0, 1.37, 2.92, 3.65, 4.03, 4.39, 5.92, 6.98, 7.23, 7.84, 7.53, 6.71, 6.58, 6.34, 5.02, 4.14, 4.0, 4.0, 3.95, 3.66, 3.49, 3.37, 3.18, 3.03, 2.82, 2.8, 2.45, 2.17, 2.24, 2.92, 3.55], [2.37, 2.85, 3.0, 2.58, 2.65, 2.58, 2.57, 2.59, 2.8, 3.46, 3.01, 3.31, 3.44, 2.97, 2.54, 2.31, 1.99, 2.09, 2.97, 3.76, 5.26, 4.94, 5.16, 4.45, 3.85, 2.76, 2.7, 2.89, 2.77, 3.16, 3.5, 4.39, 5.66, 6.97, 6.89, 6.73, 7.15, 7.29, 6.44, 6.11, 5.81, 4.4, 4.7, 5.06, 4.72, 4.68, 4.61, 4.45, 4.17, 3.78, 3.66, 3.41, 3.78, 2.98, 1.76, 1.37, 0, 1.97, 2.66, 2.98, 3.5, 5.25, 6.35, 6.5, 7.07, 6.88, 6.1, 6.03, 5.81, 4.83, 4.47, 4.21, 4.13, 4.26, 4.03, 4.0, 3.78, 3.37, 3.3, 2.93, 2.79, 2.74, 2.66, 2.99, 3.83, 4.44], [2.76, 3.3, 3.55, 3.41, 3.56, 3.39, 3.44, 3.66, 4.03, 4.91, 4.42, 4.8, 4.75, 3.94, 3.53, 3.18, 2.4, 2.86, 4.14, 4.99, 6.97, 6.65, 6.83, 5.92, 5.14, 3.49, 3.59, 3.96, 3.96, 4.49, 5.07, 5.98, 7.41, 8.78, 8.66, 8.54, 8.92, 9.04, 8.21, 7.88, 7.6, 6.01, 6.37, 6.65, 6.25, 6.09, 6.02, 5.82, 5.64, 5.11, 4.83, 4.76, 5.23, 4.37, 3.15, 2.92, 1.97, 0, 1.23, 1.39, 2.09, 3.92, 5.04, 5.21, 5.74, 5.51, 5.13, 5.46, 5.36, 4.42, 4.12, 3.68, 3.58, 3.83, 3.66, 3.97, 3.71, 3.14, 2.97, 2.7, 2.58, 3.11, 3.65, 4.38, 5.5, 6.03], [3.33, 3.85, 4.16, 3.96, 4.03, 3.9, 4.03, 4.29, 4.66, 5.56, 5.09, 5.47, 5.46, 4.69, 4.08, 3.75, 2.93, 3.23, 4.65, 5.58, 7.6, 7.3, 7.46, 6.55, 5.89, 4.28, 4.38, 4.79, 4.77, 5.3, 5.86, 6.73, 8.12, 9.49, 9.37, 9.25, 9.61, 9.73, 8.86, 8.55, 8.27, 6.78, 7.1, 7.34, 6.9, 6.76, 6.73, 6.51, 6.39, 5.92, 5.6, 5.45, 5.92, 5.04, 3.68, 3.65, 2.66, 1.23, 0, 0.94, 1.54, 3.49, 4.61, 4.82, 5.39, 5.16, 4.6, 4.93, 4.73, 3.79, 3.49, 3.29, 3.55, 3.78, 3.99, 4.32, 4.04, 3.39, 3.32, 3.25, 3.03, 3.62, 4.32, 5.05, 6.17, 6.72], [3.53, 4.05, 4.36, 4.22, 4.41, 4.28, 4.41, 4.69, 5.06, 5.96, 5.47, 5.85, 5.84, 4.97, 4.38, 3.97, 2.89, 3.47, 5.03, 5.96, 8.02, 7.72, 7.84, 6.93, 6.13, 4.52, 4.64, 4.99, 5.03, 5.58, 6.18, 7.05, 8.46, 9.85, 9.71, 9.61, 10.01, 10.13, 9.28, 8.97, 8.69, 7.14, 7.46, 7.76, 7.32, 7.18, 7.07, 6.85, 6.77, 6.22, 5.88, 5.77, 6.24, 5.4, 4.1, 4.03, 2.98, 1.39, 0.94, 0, 1.0, 2.85, 3.99, 4.2, 4.67, 4.46, 4.06, 4.39, 4.27, 3.47, 3.65, 3.33, 3.53, 3.94, 4.19, 4.56, 4.3, 3.61, 3.56, 3.37, 3.17, 4.0, 4.7, 5.45, 6.57, 7.12], [3.97, 4.49, 4.8, 4.62, 4.77, 4.66, 4.79, 5.05, 5.42, 6.32, 5.83, 6.23, 6.22, 5.39, 4.8, 4.43, 3.35, 3.83, 5.39, 6.3, 8.36, 8.06, 8.2, 7.29, 6.59, 4.98, 5.1, 5.45, 5.47, 6.02, 6.58, 7.45, 8.84, 10.21, 10.09, 9.97, 10.35, 10.49, 9.62, 9.31, 9.03, 7.54, 7.82, 8.1, 7.66, 7.52, 7.45, 7.23, 7.13, 6.64, 6.32, 6.19, 6.68, 5.8, 4.44, 4.39, 3.5, 2.09, 1.54, 1.0, 0, 2.05, 3.21, 3.48, 3.95, 3.8, 3.44, 3.69, 3.73, 3.37, 3.79, 3.65, 3.95, 4.36, 4.65, 4.98, 4.68, 3.99, 3.98, 3.79, 3.55, 4.36, 5.04, 5.79, 6.93, 7.48], [5.16, 5.78, 6.03, 5.97, 6.199, 5.93, 6.1, 6.42, 6.766, 7.703, 7.28, 7.64, 7.51, 6.78, 6.25, 5.78, 4.66, 5.24, 6.86, 7.81, 9.81, 9.45, 9.57, 8.64, 7.98, 6.17, 6.35, 6.76, 6.76, 7.41, 7.97, 8.92, 10.35, 11.72, 11.6, 11.48, 11.84, 11.92, 11.069, 10.739, 10.44, 8.89, 9.31, 9.55, 9.03, 8.91, 8.96, 8.74, 8.52, 8.01, 7.63, 7.54, 8.03, 7.21, 6.01, 5.92, 5.25, 3.92, 3.49, 2.85, 2.05, 0, 1.42, 1.85, 2.28, 2.07, 1.81, 2.28, 2.76, 3.74, 4.58, 4.68, 5.22, 5.71, 5.96, 6.41, 5.97, 5.3, 5.23, 5.02, 4.96, 5.83, 6.55, 7.28, 8.319, 8.87], [5.88, 6.54, 6.89, 6.85, 7.062, 6.841, 6.996, 7.313, 7.669, 8.562, 8.148, 8.54, 8.51, 7.78, 7.31, 6.76, 5.56, 6.14, 7.747, 8.709, 10.709, 10.39, 10.506, 9.573, 8.88, 6.93, 7.23, 7.64, 7.64, 8.31, 8.85, 9.82, 11.25, 12.619, 12.5, 12.376, 12.733, 12.813, 11.952, 11.622, 11.348, 9.786, 10.206, 10.449, 9.986, 9.849, 9.86, 9.636, 9.413, 8.85, 8.37, 8.26, 8.77, 8.05, 7.17, 6.98, 6.35, 5.04, 4.61, 3.99, 3.21, 1.42, 0, 0.89, 1.26, 1.03, 0.95, 1.76, 3.2, 4.502, 5.467, 5.619, 6.12, 6.61, 6.86, 7.31, 6.869, 6.196, 6.123, 5.9, 5.851, 6.721, 7.441, 8.173, 9.222, 9.77], [6.35, 6.97, 7.28, 7.2, 7.415, 7.26, 7.39, 7.703, 8.029, 8.932, 8.468, 8.915, 8.9, 8.05, 7.54, 7.03, 5.89, 6.535, 8.08, 9.022, 11.082, 10.785, 10.899, 9.966, 9.195, 7.4, 7.6, 7.99, 8.01, 8.634, 9.2, 10.135, 11.565, 12.932, 12.815, 12.689, 13.066, 13.186, 12.322, 12.009, 11.726, 10.16, 10.519, 10.82, 10.379, 10.242, 10.178, 9.969, 9.77, 9.26, 8.86, 8.83, 9.3, 8.48, 7.4, 7.23, 6.5, 5.21, 4.82, 4.2, 3.48, 1.85, 0.89, 0, 0.95, 1.0, 1.02, 1.85, 3.57, 4.886, 5.857, 6.012, 6.45, 6.934, 7.181, 7.631, 7.182, 6.529, 6.54, 6.33, 6.183, 7.053, 7.753, 8.506, 9.606, 10.16], [6.7, 7.3, 7.67, 7.65, 7.942, 7.74, 7.893, 8.206, 8.559, 9.462, 8.992, 9.439, 9.43, 8.62, 8.09, 7.58, 6.38, 7.06, 8.595, 9.537, 11.589, 11.3, 11.4, 10.464, 9.64, 7.73, 8.01, 8.42, 8.42, 9.07, 9.67, 10.6, 12.05, 13.43, 13.26, 13.191, 13.585, 13.699, 12.849, 12.536, 12.253, 10.652, 11.038, 11.312, 10.874, 10.74, 10.64, 10.433, 10.265, 9.69, 9.11, 9.12, 9.63, 8.95, 8.03, 7.84, 7.07, 5.74, 5.39, 4.67, 3.95, 2.28, 1.26, 0.95, 0, 0.79, 1.29, 2.48, 4.18, 5.44, 6.387, 6.51, 6.96, 7.37, 7.64, 8.07, 7.646, 7.011, 7.03, 6.816, 6.705, 7.575, 8.278, 9.025, 10.133, 10.669], [6.15, 6.864, 7.192, 7.159, 7.438, 7.256, 7.412, 7.716, 8.049, 8.978, 8.494, 8.938, 9.1, 8.29, 7.76, 7.17, 5.95, 6.578, 8.097, 9.045, 11.105, 10.808, 10.922, 9.985, 9.198, 7.197, 7.563, 7.973, 7.973, 8.637, 9.159, 10.138, 11.568, 12.935, 12.818, 12.692, 13.089, 13.209, 12.345, 12.032, 11.749, 10.162, 10.542, 10.825, 10.402, 10.265, 10.181, 9.952, 9.769, 9.168, 8.72, 8.67, 9.12, 8.54, 7.82, 7.53, 6.88, 5.51, 5.16, 4.46, 3.8, 2.07, 1.03, 1.0, 0.79, 0, 0.86, 2.05, 3.69, 4.95, 5.903, 6.035, 6.461, 6.937, 7.184, 7.634, 7.185, 6.512, 6.519, 6.315, 6.221, 7.091, 7.773, 8.529, 9.629, 10.168], [5.63, 6.23, 6.56, 6.5, 6.695, 6.533, 6.67, 6.983, 7.33, 8.232, 7.778, 8.195, 8.24, 7.47, 6.98, 6.41, 5.21, 5.815, 7.38, 8.342, 10.362, 10.065, 10.179, 9.246, 8.515, 6.68, 6.9, 7.31, 7.31, 7.954, 8.5, 9.455, 10.885, 12.252, 12.135, 12.009, 12.366, 12.466, 11.602, 11.289, 11.021, 9.419, 9.839, 10.082, 9.659, 9.522, 9.51, 9.289, 9.07, 8.56, 8.1, 8.11, 8.58, 7.82, 7.06, 6.71, 6.1, 5.13, 4.6, 4.06, 3.44, 1.81, 0.95, 1.02, 1.29, 0.86, 0, 1.45, 3.01, 4.27, 5.21, 5.292, 5.758, 6.254, 6.501, 6.951, 6.502, 5.829, 5.8, 5.59, 5.503, 6.353, 7.093, 7.806, 8.886, 9.425], [5.38, 5.92, 6.23, 5.91, 5.94, 5.89, 6.18, 6.26, 6.51, 7.35, 6.94, 7.32, 7.57, 7.0, 6.39, 5.8, 4.7, 5.06, 6.38, 7.238, 9.295, 9.015, 9.118, 8.148, 7.64, 6.39, 6.41, 6.58, 6.66, 7.17, 7.61, 8.48, 9.841, 11.148, 11.045, 10.885, 11.248, 11.44, 10.67, 10.36, 9.98, 8.69, 8.87, 9.27, 8.93, 8.81, 8.9, 8.68, 8.56, 8.27, 8.01, 7.98, 8.45, 7.75, 7.07, 6.58, 6.03, 5.46, 4.93, 4.39, 3.69, 2.28, 1.76, 1.85, 2.48, 2.05, 1.45, 0, 1.82, 3.1, 4.24, 4.42, 4.86, 5.29, 5.58, 6.13, 5.57, 4.96, 5.09, 4.98, 4.68, 5.49, 6.25, 6.8, 8.12, 8.81], [4.8, 5.02, 5.25, 4.95, 4.96, 5.19, 5.48, 5.28, 5.33, 6.33, 6.0, 6.52, 7.11, 6.58, 5.95, 5.4, 4.4, 4.38, 5.34, 5.802, 7.684, 7.387, 7.61, 6.649, 6.6, 5.53, 5.43, 5.64, 5.66, 6.15, 6.607, 7.46, 8.544, 9.763, 9.563, 9.377, 9.8, 10.257, 9.59, 9.26, 8.86, 7.63, 7.81, 8.15, 7.91, 7.69, 7.9, 7.88, 7.74, 7.47, 7.27, 7.3, 7.83, 7.43, 6.75, 6.34, 5.81, 5.36, 4.73, 4.27, 3.73, 2.76, 3.2, 3.57, 4.18, 3.69, 3.01, 1.82, 0, 1.86, 3.08, 3.32, 3.84, 4.15, 4.54, 5.07, 4.53, 4.0, 4.07, 4.18, 3.96, 4.69, 5.11, 5.64, 7.04, 7.79], [3.42, 3.62, 3.85, 3.57, 3.46, 3.81, 4.12, 3.98, 3.99, 4.89, 4.54, 5.08, 5.77, 5.2, 4.61, 4.1, 3.22, 3.18, 3.7, 4.37, 6.321, 6.018, 6.147, 5.174, 4.96, 4.05, 3.95, 4.14, 4.18, 4.63, 4.93, 5.82, 6.999, 8.28, 8.131, 7.971, 8.337, 8.637, 7.85, 7.52, 7.16, 5.99, 6.19, 6.55, 6.51, 6.25, 6.5, 6.46, 6.3, 6.05, 5.81, 5.84, 6.39, 6.09, 5.49, 5.02, 4.83, 4.42, 3.79, 3.47, 3.37, 3.74, 4.502, 4.886, 5.44, 4.95, 4.27, 3.1, 1.86, 0, 1.48, 1.74, 2.22, 2.57, 2.98, 3.47, 3.05, 2.48, 2.53, 2.76, 2.56, 3.25, 3.71, 4.16, 5.38, 6.29], [2.72, 2.5, 2.63, 2.55, 2.46, 2.71, 3.1, 2.98, 3.01, 3.87, 3.58, 4.04, 4.75, 4.26, 3.75, 3.24, 2.9, 2.82, 2.78, 3.47, 5.455, 5.115, 5.201, 4.26, 3.86, 2.89, 2.85, 3.14, 3.06, 3.43, 3.83, 4.74, 6.067, 7.377, 7.265, 7.105, 7.445, 7.66, 6.73, 6.4, 6.08, 4.81, 5.11, 5.35, 5.15, 4.91, 5.2, 5.22, 5.06, 4.87, 4.63, 4.62, 5.25, 5.03, 4.47, 4.14, 4.47, 4.12, 3.49, 3.65, 3.79, 4.58, 5.467, 5.857, 6.387, 5.903, 5.21, 4.24, 3.08, 1.48, 0, 1.04, 1.52, 1.65, 1.94, 2.31, 1.93, 1.5, 1.49, 1.96, 2.2, 2.41, 2.75, 3.16, 4.14, 4.99], [2.52, 2.38, 2.53, 2.53, 2.46, 2.51, 2.76, 2.72, 2.91, 3.77, 3.36, 3.68, 4.29, 3.82, 3.35, 2.98, 2.5, 2.62, 2.62, 3.27, 5.13, 4.79, 4.89, 3.96, 3.36, 2.69, 2.73, 2.86, 2.84, 3.09, 3.59, 4.28, 5.69, 7.04, 6.94, 6.8, 7.16, 7.24, 6.39, 6.06, 5.76, 4.39, 4.63, 5.07, 4.91, 4.75, 5.04, 5.08, 4.8, 4.51, 4.29, 4.32, 4.87, 4.55, 4.23, 4.0, 4.21, 3.68, 3.29, 3.33, 3.65, 4.68, 5.619, 6.012, 6.51, 6.035, 5.292, 4.42, 3.32, 1.74, 1.04, 0, 0.98, 1.17, 1.4, 1.97, 1.69, 1.32, 1.23, 1.58, 1.84, 2.19, 2.49, 2.92, 3.88, 4.69], [2.32, 1.96, 2.07, 2.27, 2.46, 2.61, 2.9, 2.88, 3.01, 3.73, 3.36, 3.54, 4.23, 3.64, 3.37, 2.88, 2.4, 2.6, 2.44, 2.69, 4.65, 4.35, 4.47, 3.56, 2.88, 2.27, 2.23, 2.42, 2.4, 2.65, 3.01, 3.76, 5.13, 6.5, 6.38, 6.26, 6.64, 6.76, 6.01, 5.72, 5.38, 3.99, 4.37, 4.83, 4.83, 4.61, 4.8, 4.88, 4.6, 4.27, 4.01, 4.04, 4.63, 4.59, 4.37, 4.0, 4.13, 3.58, 3.55, 3.53, 3.95, 5.22, 6.12, 6.45, 6.96, 6.461, 5.758, 4.86, 3.84, 2.22, 1.52, 0.98, 0, 0.83, 0.94, 1.57, 1.37, 1.14, 1.15, 1.5, 1.72, 1.95, 2.37, 2.74, 3.74, 4.41], [2.47, 1.99, 2.06, 2.24, 2.41, 2.54, 2.83, 2.69, 2.82, 3.46, 3.13, 3.27, 4.02, 3.43, 3.14, 2.87, 2.79, 2.83, 2.35, 2.5, 4.3, 4.0, 4.12, 3.21, 2.65, 2.16, 2.14, 2.27, 2.29, 2.46, 2.92, 3.57, 4.74, 6.13, 5.93, 5.89, 6.29, 6.49, 5.82, 5.53, 5.13, 3.8, 4.06, 4.54, 4.56, 4.3, 4.41, 4.51, 4.37, 4.08, 3.62, 3.83, 4.38, 4.42, 4.3, 3.95, 4.26, 3.83, 3.78, 3.94, 4.36, 5.71, 6.61, 6.934, 7.37, 6.937, 6.254, 5.29, 4.15, 2.57, 1.65, 1.17, 0.83, 0, 0.77, 1.3, 1.24, 1.21, 1.38, 1.79, 2.05, 1.94, 2.16, 2.57, 3.51, 4.2], [2.24, 1.8, 1.81, 1.99, 2.16, 2.21, 2.44, 2.36, 2.53, 3.09, 2.72, 2.86, 3.59, 3.16, 2.93, 2.7, 2.72, 2.78, 2.18, 2.39, 3.97, 3.67, 3.79, 2.86, 2.12, 1.91, 1.95, 2.08, 2.06, 2.03, 2.61, 3.02, 4.41, 5.8, 5.64, 5.56, 5.96, 6.1, 5.33, 5.04, 4.7, 3.31, 3.63, 4.19, 4.09, 3.91, 4.04, 4.14, 3.9, 3.57, 3.23, 3.4, 3.91, 3.93, 3.87, 3.66, 4.03, 3.66, 3.99, 4.19, 4.65, 5.96, 6.86, 7.181, 7.64, 7.184, 6.501, 5.58, 4.54, 2.98, 1.94, 1.4, 0.94, 0.77, 0, 1.01, 0.93, 1.18, 1.33, 1.78, 1.94, 1.69, 1.87, 2.2, 3.02, 3.69], [2.29, 1.77, 1.68, 1.9, 2.19, 2.24, 2.39, 2.27, 2.48, 3.08, 2.69, 2.81, 3.78, 3.13, 2.82, 2.69, 3.01, 2.91, 2.13, 2.18, 3.58, 3.32, 3.4, 2.57, 1.79, 1.86, 1.64, 1.89, 1.77, 1.92, 2.22, 2.65, 4.02, 5.41, 5.21, 5.17, 5.57, 5.69, 4.9, 4.59, 4.29, 2.98, 3.24, 3.86, 3.66, 3.58, 3.79, 3.93, 3.69, 3.46, 3.08, 3.23, 3.84, 3.9, 3.76, 3.49, 4.0, 3.97, 4.32, 4.56, 4.98, 6.41, 7.31, 7.631, 8.07, 7.634, 6.951, 6.13, 5.07, 3.47, 2.31, 1.97, 1.57, 1.3, 1.01, 0, 0.84, 1.37, 1.58, 1.93, 2.25, 1.98, 1.98, 2.15, 2.89, 3.22], [2.03, 1.55, 1.46, 1.64, 2.01, 2.14, 2.33, 2.21, 2.32, 3.06, 2.71, 2.79, 3.64, 3.09, 2.86, 2.53, 2.63, 2.59, 2.19, 2.22, 3.96, 3.68, 3.78, 2.89, 2.09, 1.76, 1.56, 1.69, 1.65, 1.84, 2.32, 3.03, 4.42, 5.79, 5.65, 5.55, 5.95, 6.07, 5.3, 4.97, 4.67, 3.24, 3.5, 4.04, 3.82, 3.68, 3.89, 3.97, 3.73, 3.48, 3.18, 3.23, 3.88, 3.98, 3.78, 3.37, 3.78, 3.71, 4.04, 4.3, 4.68, 5.97, 6.869, 7.182, 7.646, 7.185, 6.502, 5.57, 4.53, 3.05, 1.93, 1.69, 1.37, 1.24, 0.93, 0.84, 0, 0.95, 1.22, 1.57, 1.93, 1.72, 1.84, 2.15, 3.07, 3.5], [1.72, 1.46, 1.59, 1.51, 1.82, 1.95, 2.24, 2.22, 2.51, 3.21, 2.84, 3.06, 3.77, 3.14, 2.83, 2.3, 2.12, 2.12, 1.94, 2.59, 4.61, 4.33, 4.41, 3.5