[[0, 0.75, 1.02, 2.0, 1.75, 1.7, 1.27, 1.06, 1.1, 2.16, 3.01, 3.81, 4.12, 4.58, 5.57, 7.15, 7.44, 6.43, 6.04, 5.63, 4.8, 2.69, 2.83, 2.25, 5.61, 9.27, 12.21, 13.89, 13.68, 13.45, 12.98, 12.69, 12.53, 12.65, 13.013, 12.493, 12.483, 13.05, 13.67, 13.433, 13.34, 12.42, 11.41, 12.059, 13.339, 14.745, 15.398, 15.218, 14.495, 13.893, 14.198, 14.233, 13.658, 12.575, 12.273, 12.83, 12.94, 13.48, 13.45, 12.48, 12.05, 12.73, 12.74, 12.68, 12.59, 12.34, 12.22, 12.08, 12.07, 11.58, 10.906, 10.54, 9.795, 9.67, 9.39, 8.73, 8.27, 7.59, 6.44, 5.26, 4.92, 4.13, 2.96, 3.57, 5.88, 6.33], [0.75, 0, 0.65, 1.63, 1.3, 1.37, 1.06, 0.97, 0.95, 1.77, 2.54, 3.36, 3.71, 4.19, 5.16, 6.74, 7.03, 6.02, 5.61, 5.22, 4.37, 2.64, 2.56, 2.36, 5.84, 9.62, 12.56, 14.3, 14.09, 13.86, 13.39, 13.06, 12.86, 13.003, 13.4, 12.88, 12.87, 13.42, 14.04, 13.84, 13.738, 12.827, 11.773, 12.42, 13.68, 15.112, 15.773, 15.596, 14.822, 14.145, 14.259, 14.337, 13.825, 12.697, 12.334, 12.88, 13.09, 13.688, 13.646, 12.57, 12.28, 12.9, 12.89, 12.85, 12.76, 12.51, 12.39, 12.269, 12.259, 11.73, 11.119, 10.57, 9.81, 9.64, 9.38, 8.9, 8.46, 7.74, 6.59, 5.39, 5.11, 4.26, 3.03, 3.88, 6.07, 6.42], [1.02, 0.65, 0, 1.12, 1.19, 1.56, 1.23, 1.28, 1.38, 1.8, 2.41, 2.95, 3.24, 3.76, 4.67, 6.25, 6.56, 5.51, 5.16, 4.75, 4.02, 2.83, 2.61, 2.51, 6.31, 10.13, 13.07, 14.81, 14.6, 14.37, 13.9, 13.57, 13.37, 13.513, 13.907, 13.387, 13.377, 13.927, 14.547, 14.347, 14.246, 13.334, 12.28, 12.91, 14.17, 15.602, 16.263, 16.086, 15.312, 14.644, 14.769, 14.887, 14.358, 13.187, 12.884, 13.39, 13.6, 14.192, 14.162, 13.06, 12.47, 13.13, 13.12, 13.08, 12.99, 12.74, 12.62, 12.48, 12.47, 11.98, 11.397, 11.06, 10.34, 10.13, 9.85, 9.23, 8.65, 7.97, 6.8, 5.56, 5.32, 4.51, 3.24, 4.27, 6.56, 6.91], [2.0, 1.63, 1.12, 0, 1.11, 1.6, 1.33, 1.86, 1.82, 1.48, 1.81, 2.05, 2.4, 2.92, 3.73, 5.29, 5.6, 4.51, 4.2, 3.77, 3.18, 2.51, 2.23, 2.81, 7.29, 11.17, 14.11, 15.849, 15.639, 15.41, 14.94, 14.61, 14.43, 14.547, 14.933, 14.418, 14.408, 14.958, 15.578, 15.378, 15.28, 14.365, 13.311, 13.893, 15.153, 16.576, 17.246, 17.064, 16.304, 15.635, 15.666, 15.781, 15.246, 14.104, 13.778, 14.29, 14.495, 15.093, 15.082, 13.92, 12.93, 13.45, 13.54, 13.46, 13.25, 13.0, 12.976, 12.987, 12.94, 12.66, 12.194, 11.8, 11.227, 10.97, 10.67, 9.99, 9.29, 8.51, 7.04, 5.86, 5.78, 4.75, 3.5, 5.23, 7.62, 7.89], [1.75, 1.3, 1.19, 1.11, 0, 0.91, 0.92, 1.39, 1.29, 1.23, 1.62, 2.28, 2.69, 3.21, 4.02, 5.62, 5.91, 4.82, 4.39, 3.98, 3.21, 2.12, 1.86, 2.2, 6.9, 10.88, 13.82, 15.553, 15.343, 15.12, 14.65, 14.32, 14.113, 14.222, 14.625, 14.122, 14.112, 14.662, 15.282, 15.082, 14.972, 14.069, 13.015, 13.572, 14.812, 16.234, 16.873, 16.699, 15.928, 15.19, 15.05, 15.196, 14.635, 13.471, 13.099, 13.66, 13.973, 14.588, 14.56, 13.39, 12.24, 12.62, 12.63, 12.59, 12.48, 12.25, 12.149, 12.103, 12.199, 11.948, 11.72, 11.121, 10.676, 10.4, 10.1, 9.56, 8.72, 7.76, 6.57, 5.51, 5.37, 4.42, 3.15, 4.84, 7.25, 7.46], [1.7, 1.37, 1.56, 1.6, 0.91, 0, 0.99, 1.26, 1.16, 1.36, 1.97, 2.75, 3.18, 3.68, 4.41, 6.03, 6.34, 5.23, 4.8, 4.41, 3.58, 1.95, 1.93, 1.85, 6.49, 10.45, 13.39, 15.123, 14.913, 14.69, 14.22, 13.89, 13.683, 13.792, 14.198, 13.692, 13.682, 14.232, 14.852, 14.652, 14.545, 13.639, 12.585, 13.144, 14.384, 15.807, 16.449, 16.28, 15.498, 14.783, 14.625, 14.796, 14.269, 13.053, 12.698, 13.253, 13.543, 14.167, 14.164, 12.974, 11.79, 12.07, 12.08, 12.04, 11.93, 11.64, 11.579, 11.516, 11.569, 11.28, 11.014, 10.465, 10.229, 9.888, 9.49, 8.97, 8.03, 7.13, 6.14, 4.86, 4.78, 3.81, 2.78, 4.43, 6.84, 7.05], [1.27, 1.06, 1.23, 1.33, 0.92, 0.99, 0, 0.85, 0.81, 1.19, 1.84, 2.64, 3.05, 3.53, 4.44, 6.06, 6.35, 5.28, 4.87, 4.48, 3.67, 1.8, 1.82, 2.0, 6.4, 10.36, 13.3, 15.04, 14.83, 14.6, 14.13, 13.8, 13.6, 13.711, 14.114, 13.611, 13.601, 14.151, 14.771, 14.571, 14.461, 13.558, 12.504, 13.092, 14.352, 15.774, 16.43, 16.242, 15.47, 14.736, 14.676, 14.757, 14.219, 13.077, 12.734, 13.28, 13.55, 14.165, 14.103, 12.99, 12.1, 12.66, 12.71, 12.63, 12.52, 12.23, 12.169, 12.123, 12.093, 11.81, 11.487, 10.868, 10.205, 10.02, 9.76, 9.18, 8.48, 7.68, 6.43, 5.29, 5.21, 4.2, 2.83, 4.32, 6.73, 7.04], [1.06, 0.97, 1.28, 1.86, 1.39, 1.26, 0.85, 0, 0.58, 1.74, 2.57, 3.41, 3.74, 4.2, 5.17, 6.75, 7.04, 6.05, 5.62, 5.23, 4.4, 2.19, 2.53, 1.93, 5.75, 9.61, 12.55, 14.29, 14.08, 13.85, 13.38, 13.05, 12.85, 12.973, 13.378, 12.873, 12.863, 13.413, 14.033, 13.833, 13.726, 12.82, 11.766, 12.424, 13.684, 15.107, 15.763, 15.586, 14.806, 14.114, 14.129, 14.21, 13.626, 12.49, 12.147, 12.73, 12.92, 13.52, 13.49, 12.42, 11.89, 12.49, 12.48, 12.46, 12.35, 12.06, 11.999, 11.879, 11.869, 11.4, 11.006, 10.34, 9.618, 9.51, 9.21, 8.65, 8.13, 7.39, 6.22, 5.06, 4.92, 3.97, 2.64, 3.59, 6.04, 6.43], [1.1, 0.95, 1.38, 1.82, 1.29, 1.16, 0.81, 0.58, 0, 1.56, 2.47, 3.27, 3.68, 4.14, 5.07, 6.65, 6.94, 5.93, 5.52, 5.13, 4.28, 2.21, 2.41, 1.85, 5.85, 9.71, 12.65, 14.39, 14.18, 13.95, 13.48, 13.15, 12.95, 13.07, 13.467, 12.964, 12.96, 13.51, 14.13, 13.93, 13.814, 12.911, 11.863, 12.496, 13.756, 15.179, 15.832, 15.655, 14.883, 14.115, 14.029, 14.181, 13.652, 12.481, 12.118, 12.65, 12.935, 13.53, 13.51, 12.4, 11.77, 12.33, 12.32, 12.3, 12.19, 11.9, 11.839, 11.719, 11.709, 11.3, 10.946, 10.24, 9.62, 9.41, 9.17, 8.59, 8.07, 7.21, 6.06, 4.96, 4.84, 3.85, 2.62, 3.71, 6.08, 6.39], [2.16, 1.77, 1.8, 1.48, 1.23, 1.36, 1.19, 1.74, 1.56, 0, 1.13, 2.05, 2.54, 3.0, 3.79, 5.35, 5.7, 4.61, 4.2, 3.81, 3.0, 2.15, 2.03, 2.71, 7.11, 11.03, 13.97, 15.71, 15.5, 15.27, 14.8, 14.47, 14.27, 14.387, 14.787, 14.284, 14.277, 14.827, 15.447, 15.247, 15.134, 14.231, 13.18, 13.799, 15.059, 16.481, 17.114, 16.946, 16.163, 15.415, 15.251, 15.392, 14.846, 13.621, 13.238, 13.83, 14.178, 14.786, 14.759, 13.572, 12.61, 12.93, 13.0, 12.92, 12.75, 12.48, 12.436, 12.413, 12.363, 12.14, 11.94, 11.12, 10.763, 10.45, 10.15, 9.65, 8.97, 8.07, 6.9, 5.76, 5.68, 4.65, 3.4, 5.01, 7.38, 7.69], [3.01, 2.54, 2.41, 1.81, 1.62, 1.97, 1.84, 2.57, 2.47, 1.13, 0, 1.18, 1.75, 2.15, 2.9, 4.44, 4.77, 3.62, 3.25, 2.86, 2.17, 2.12, 1.94, 3.2, 8.08, 12.04, 14.98, 16.72, 16.51, 16.28, 15.81, 15.48, 15.28, 15.391, 15.779, 15.276, 15.281, 15.831, 16.451, 16.251, 16.126, 15.223, 14.184, 14.757, 16.017, 17.44, 18.081, 17.904, 17.121, 16.362, 16.139, 16.277, 15.739, 14.485, 14.091, 14.729, 15.053, 15.667, 15.646, 14.502, 13.24, 13.42, 13.51, 13.43, 13.16, 12.93, 12.94, 12.96, 12.99, 12.91, 12.65, 12.035, 11.659, 11.4, 11.1, 10.6, 9.74, 8.74, 7.37, 6.39, 6.37, 5.22, 3.93, 6.0, 8.39, 8.64], [3.81, 3.36, 2.95, 2.05, 2.28, 2.75, 2.64, 3.41, 3.27, 2.05, 1.18, 0, 0.75, 1.17, 1.9, 3.48, 3.77, 2.7, 2.35, 1.96, 1.59, 2.28, 2.08, 3.98, 8.98, 12.96, 15.9, 17.639, 17.429, 17.2, 16.73, 16.4, 16.199, 16.308, 16.705, 16.202, 16.198, 16.748, 17.368, 17.168, 17.052, 16.149, 15.101, 15.666, 16.926, 18.348, 18.987, 18.81, 18.036, 17.265, 17.097, 17.241, 16.696, 15.478, 15.134, 15.689, 16.03, 16.642, 16.615, 15.425, 14.06, 14.2, 14.31, 14.25, 13.9, 13.77, 13.797, 13.797, 13.858, 13.748, 13.52, 12.986, 12.642, 12.356, 12.0, 11.46, 10.54, 9.56, 8.17, 7.13, 7.05, 5.86, 4.65, 6.92, 9.31, 9.54], [4.12, 3.71, 3.24, 2.4, 2.69, 3.18, 3.05, 3.74, 3.68, 2.54, 1.75, 0.75, 0, 0.88, 1.65, 3.05, 3.38, 2.35, 2.14, 1.69, 1.52, 2.61, 2.33, 4.47, 9.45, 13.31, 16.25, 17.99, 17.78, 17.55, 17.08, 16.75, 16.55, 16.673, 17.078, 16.573, 16.563, 17.113, 17.733, 17.533, 17.426, 16.52, 15.466, 16.124, 17.384, 18.807, 19.449, 19.272, 18.5, 17.783, 17.649, 17.788, 17.223, 16.045, 15.687, 16.242, 16.563, 17.175, 17.15, 15.96, 14.61, 14.69, 14.82, 14.78, 14.39, 14.32, 14.344, 14.364, 14.425, 14.175, 13.904, 13.419, 13.158, 12.828, 12.49, 11.87, 10.95, 10.11, 8.66, 7.56, 7.44, 6.19, 4.98, 7.29, 9.74, 10.05], [4.58, 4.19, 3.76, 2.92, 3.21, 3.68, 3.53, 4.2, 4.14, 3.0, 2.15, 1.17, 0.88, 0, 1.11, 2.57, 2.86, 2.07, 1.98, 1.61, 1.44, 2.79, 2.55, 4.83, 9.91, 13.79, 16.73, 18.47, 18.26, 18.03, 17.56, 17.23, 17.03, 17.153, 17.553, 17.05, 17.043, 17.593, 18.213, 18.013, 17.9, 16.997, 15.946, 16.599, 17.859, 19.281, 19.934, 19.749, 18.969, 18.226, 18.09, 18.229, 17.695, 16.457, 16.13, 16.685, 16.977, 17.609, 17.567, 16.372, 15.03, 14.81, 14.96, 15.1, 14.81, 14.76, 14.733, 14.713, 14.803, 14.61, 14.352, 13.893, 13.584, 13.306, 12.97, 12.33, 11.41, 10.55, 9.1, 8.0, 7.86, 6.65, 5.44, 7.75, 10.18, 10.49], [5.57, 5.16, 4.67, 3.73, 4.02, 4.41, 4.44, 5.17, 5.07, 3.79, 2.9, 1.9, 1.65, 1.11, 0, 1.7, 2.03, 1.34, 1.33, 1.28, 1.49, 3.58, 3.36, 5.7, 10.8, 14.78, 17.72, 19.459, 19.249, 19.02, 18.55, 18.22, 18.019, 18.128, 18.525, 18.022, 18.018, 18.568, 19.188, 18.988, 18.872, 17.969, 16.921, 17.486, 18.746, 20.163, 20.802, 20.63, 19.85, 19.082, 18.85, 19.021, 18.493, 17.271, 16.899, 17.518, 17.848, 18.465, 18.415, 17.222, 15.838, 15.18, 15.39, 15.61, 15.358, 15.27, 15.237, 15.234, 15.344, 15.268, 15.148, 14.692, 14.454, 14.153, 13.738, 13.197, 12.28, 11.22, 9.99, 8.79, 8.67, 7.56, 6.43, 8.74, 11.13, 11.36], [7.15, 6.74, 6.25, 5.29, 5.62, 6.03, 6.06, 6.75, 6.65, 5.35, 4.44, 3.48, 3.05, 2.57, 1.7, 0, 0.79, 1.18, 1.63, 1.88, 2.61, 5.12, 4.86, 7.32, 12.46, 16.36, 19.3, 21.04, 20.83, 20.6, 20.13, 19.8, 19.6, 19.72, 20.117, 19.614, 19.61, 20.16, 20.78, 20.58, 20.464, 19.561, 18.513, 19.146, 20.406, 21.828, 22.456, 22.29, 21.507, 20.727, 20.495, 20.651, 20.124, 18.851, 18.431, 19.132, 19.481, 20.104, 20.077, 18.882, 17.44, 16.238, 16.6, 16.78, 16.661, 16.707, 16.719, 16.679, 16.615, 16.782, 16.568, 16.151, 16.039, 15.694, 15.323, 14.76, 13.857, 12.86, 11.63, 10.41, 10.25, 9.12, 8.01, 10.32, 12.73, 13.02], [7.44, 7.03, 6.56, 5.6, 5.91, 6.34, 6.35, 7.04, 6.94, 5.7, 4.77, 3.77, 3.38, 2.86, 2.03, 0.79, 0, 1.49, 1.88, 2.37, 2.86, 5.37, 5.07, 7.61, 12.75, 16.65, 19.59, 21.33, 21.12, 20.89, 20.42, 20.09, 19.89, 20.01, 20.407, 19.904, 19.9, 20.45, 21.07, 20.87, 20.754, 19.851, 18.803, 19.436, 20.696, 22.109, 22.734, 22.568, 21.785, 21.017, 20.797, 20.93, 20.397, 19.084, 18.735, 19.43, 19.78, 20.406, 20.338, 19.148, 17.704, 16.708, 17.064, 17.247, 17.111, 17.029, 17.064, 17.081, 17.057, 17.187, 16.855, 16.481, 16.309, 15.996, 15.65, 15.067, 14.147, 13.17, 11.92, 10.7, 10.54, 9.41, 8.3, 10.61, 13.02, 13.31], [6.43, 6.02, 5.51, 4.51, 4.82, 5.23, 5.28, 6.05, 5.93, 4.61, 3.62, 2.7, 2.35, 2.07, 1.34, 1.18, 1.49, 0, 0.71, 1.2, 1.83, 4.22, 3.96, 6.46, 11.66, 15.64, 18.58, 20.316, 20.106, 19.88, 19.41, 19.08, 18.876, 18.985, 19.376, 18.873, 18.875, 19.425, 20.045, 19.845, 19.723, 18.82, 17.778, 18.32, 19.58, 20.994, 21.624, 21.458, 20.675, 19.902, 19.598, 19.765, 19.261, 17.96, 17.579, 18.28, 18.616, 19.238, 19.2, 18.025, 16.546, 15.395, 15.808, 15.971, 15.858, 15.836, 15.848, 15.888, 15.884, 16.09, 15.802, 15.439, 15.222, 14.92, 14.543, 13.993, 13.102, 12.08, 10.81, 9.65, 9.53, 8.4, 7.29, 9.6, 11.99, 12.2], [6.04, 5.61, 5.16, 4.2, 4.39, 4.8, 4.87, 5.62, 5.52, 4.2, 3.25, 2.35, 2.14, 1.98, 1.33, 1.63, 1.88, 0.71, 0, 1.09, 1.48, 3.83, 3.55, 6.03, 11.25, 15.23, 18.17, 19.895, 19.685, 19.47, 19.0, 18.67, 18.455, 18.563, 18.957, 18.455, 18.453, 19.003, 19.623, 19.423, 19.305, 18.402, 17.356, 17.913, 19.093, 20.527, 21.171, 20.965, 20.182, 19.412, 19.122, 19.295, 18.754, 17.513, 17.149, 17.802, 18.154, 18.763, 18.73, 17.578, 16.102, 15.005, 15.384, 15.584, 15.454, 15.412, 15.441, 15.498, 15.52, 15.672, 15.423, 15.046, 14.841, 14.521, 14.144, 13.575, 12.681, 11.67, 10.42, 9.24, 9.12, 7.99, 6.88, 9.19, 11.58, 11.77], [5.63, 5.22, 4.75, 3.77, 3.98, 4.41, 4.48, 5.23, 5.13, 3.81, 2.86, 1.96, 1.69, 1.61, 1.28, 1.88, 2.37, 1.2, 1.09, 0, 1.13, 3.46, 3.14, 5.66, 10.86, 14.84, 17.78, 19.505, 19.295, 19.08, 18.61, 18.28, 18.065, 18.173, 18.57, 18.067, 18.063, 18.613, 19.233, 19.033, 18.917, 18.015, 16.966, 17.526, 18.706, 20.142, 20.784, 20.581, 19.798, 19.013, 18.766, 18.922, 18.378, 17.128, 16.677, 17.426, 17.773, 18.396, 18.348, 17.184, 15.732, 14.46, 14.8, 15.0, 14.938, 14.993, 15.022, 15.022, 14.972, 15.252, 15.022, 14.59, 14.444, 14.126, 13.74, 13.21, 12.307, 11.28, 10.05, 8.85, 8.73, 7.6, 6.49, 8.8, 11.19, 11.38], [4.8, 4.37, 4.02, 3.18, 3.21, 3.58, 3.67, 4.4, 4.28, 3.0, 2.17, 1.59, 1.52, 1.44, 1.49, 2.61, 2.86, 1.83, 1.48, 1.13, 0, 2.65, 2.45, 4.83, 9.99, 13.97, 16.91, 18.646, 18.436, 18.21, 17.74, 17.41, 17.206, 17.315, 17.712, 17.209, 17.205, 17.755, 18.375, 18.175, 18.059, 17.156, 16.108, 16.656, 17.916, 19.336, 19.977, 19.803, 19.026, 18.258, 18.037, 18.205, 17.689, 16.479, 16.115, 16.71, 17.038, 17.641, 17.588, 16.395, 15.048, 14.13, 14.472, 14.65, 14.494, 14.412, 14.444, 14.424, 14.5, 14.45, 14.184, 13.884, 13.664, 13.311, 12.93, 12.364, 11.467, 10.41, 9.18, 7.98, 7.86, 6.73, 5.62, 7.93, 10.32, 10.53], [2.69, 2.64, 2.83, 2.51, 2.12, 1.95, 1.8, 2.19, 2.21, 2.15, 2.12, 2.28, 2.61, 2.79, 3.58, 5.12, 5.37, 4.22, 3.83, 3.46, 2.65, 0, 0.74, 2.32, 7.54, 11.52, 14.46, 16.193, 15.983, 15.76, 15.29, 14.96, 14.753, 14.862, 15.247, 14.745, 14.752, 15.302, 15.922, 15.722, 15.595, 14.692, 13.655, 14.194, 15.434, 16.845, 17.527, 17.321, 16.538, 15.819, 15.662, 15.747, 15.18, 14.01, 13.709, 14.298, 14.548, 15.166, 15.075, 13.91, 12.48, 12.5, 12.65, 12.71, 12.4, 12.35, 12.343, 12.445, 12.575, 12.52, 12.222, 11.806, 11.226, 11.076, 10.8, 10.14, 9.24, 8.36, 6.83, 5.79, 5.73, 4.52, 3.25, 5.48, 7.87, 8.06], [2.83, 2.56, 2.61, 2.23, 1.86, 1.93, 1.82, 2.53, 2.41, 2.03, 1.94, 2.08, 2.33, 2.55, 3.36, 4.86, 5.07, 3.96, 3.55, 3.14, 2.45, 0.74, 0, 2.72, 8.04, 12.02, 14.96, 16.685, 16.475, 16.26, 15.79, 15.46, 15.245, 15.341, 15.727, 15.224, 15.243, 15.793, 16.413, 16.201, 16.074, 15.171, 14.134, 14.667, 15.859, 17.282, 17.975, 17.74, 16.957, 16.224, 16.042, 16.144, 15.511, 14.387, 14.083, 14.635, 14.945, 15.52, 15.412, 14.393, 12.9, 12.84, 13.01, 13.13, 12.74, 12.81, 12.805, 12.948, 13.075, 13.023, 12.688, 12.272, 11.72, 11.518, 11.26, 10.6, 9.7, 8.86, 7.27, 6.27, 6.23, 5.0, 3.69, 5.98, 8.37, 8.56], [2.25, 2.36, 2.51, 2.81, 2.2, 1.85, 2.0, 1.93, 1.85, 2.71, 3.2, 3.98, 4.47, 4.83, 5.7, 7.32, 7.61, 6.46, 6.03, 5.66, 4.83, 2.32, 2.72, 0, 5.32, 9.3, 12.24, 13.971, 13.761, 13.54, 13.07, 12.74, 12.531, 12.639, 13.039, 12.516, 12.529, 13.079, 13.699, 13.493, 13.366, 12.463, 11.426, 11.965, 13.188, 14.611, 15.321, 15.104, 14.321, 13.623, 13.605, 13.707, 13.117, 11.99, 11.666, 12.178, 12.445, 13.023, 12.915, 11.79, 10.64, 11.14, 11.19, 11.11, 10.96, 10.77, 10.746, 10.763, 10.873, 10.668, 10.24, 9.881, 9.223, 9.06, 8.8, 8.14, 7.32, 6.42, 5.01, 3.95, 3.85, 2.84, 1.53, 3.26, 5.65, 5.84], [5.61, 5.84, 6.31, 7.29, 6.9, 6.49, 6.4, 5.75, 5.85, 7.11, 8.08, 8.98, 9.45, 9.91, 10.8, 12.46, 12.75, 11.66, 11.25, 10.86, 9.99, 7.54, 8.04, 5.32, 0, 4.06, 6.98, 8.659, 8.449, 8.22, 7.77, 7.46, 7.26, 7.46, 7.84, 7.28, 7.218, 7.768, 8.388, 8.188, 8.078, 7.175, 6.257, 6.79, 8.01, 9.407, 10.16, 9.945, 9.143, 8.64, 8.985, 9.04, 8.445, 7.42, 7.09, 7.6, 7.75, 8.31, 8.24, 7.37, 8.06, 9.3, 9.23, 9.05, 8.88, 8.61, 8.51, 8.25, 8.28, 7.59, 7.02, 5.83, 5.05, 5.12, 5.04, 5.08, 4.96, 4.52, 3.57, 2.79, 3.05, 3.92, 4.49, 2.18, 1.03, 1.52], [9.27, 9.62, 10.13, 11.17, 10.88, 10.45, 10.36, 9.61, 9.71, 11.03, 12.04, 12.96, 13.31, 13.79, 14.78, 16.36, 16.65, 15.64, 15.23, 14.84, 13.97, 11.52, 12.02, 9.3, 4.06, 0, 3.12, 4.74, 4.63, 4.34, 3.81, 3.6, 3.58, 3.52, 3.86, 3.3, 3.285, 3.835, 4.46, 4.223, 4.13, 3.21, 2.29, 2.998, 4.23, 5.524, 6.317, 6.1, 5.317, 4.954, 5.38, 5.37, 5.02, 4.87, 5.39, 5.54, 5.65, 5.59, 5.66, 6.17, 7.38, 8.8, 8.73, 8.53, 8.24, 7.83, 7.73, 7.51, 7.6, 6.83, 6.12, 5.33, 5.25, 5.28, 5.48, 5.64, 5.86, 5.6, 5.25, 6.09, 6.39, 7.48, 8.35, 6.04, 3.69, 3.48], [12.21, 12.56, 13.07, 14.11, 13.82, 13.39, 13.3, 12.55, 12.65, 13.97, 14.98, 15.9, 16.25, 16.73, 17.72, 19.3, 19.59, 18.58, 18.17, 17.78, 16.91, 14.46, 14.96, 12.24, 6.98, 3.12, 0, 1.82, 1.83, 1.5, 0.99, 1.0, 0.98, 1.2, 1.48, 1.2, 1.37, 1.22, 1.64, 1.5, 1.55, 1.23, 1.39, 1.16, 1.64, 2.82, 3.47, 3.287, 2.91, 2.97, 3.66, 3.67, 3.82, 4.01, 4.43, 4.58, 4.67, 4.51, 4.68, 5.43, 6.94, 8.52, 8.39, 8.17, 7.94, 7.59, 7.47, 7.15, 7.22, 6.55, 5.86, 5.67, 5.57, 5.42, 5.62, 5.92, 6.48, 6.7, 7.79, 8.93, 9.05, 10.26, 11.29, 8.98, 6.61, 6.42], [13.89, 14.3, 14.81, 15.849, 15.553, 15.123, 15.04, 14.29, 14.39, 15.71, 16.72, 17.639, 17.99, 18.47, 19.459, 21.04, 21.33, 20.316, 19.895, 19.505, 18.646, 16.193, 16.685, 13.971, 8.659, 4.74, 1.82, 0, 0.65, 0.92, 1.27, 1.76, 1.9, 2.2, 1.96, 2.04, 2.31, 1.94, 1.48, 1.82, 2.33, 2.33, 2.85, 2.32, 2.22, 2.04, 2.61, 2.67, 2.59, 2.89, 3.48, 3.49, 3.68, 4.37, 4.79, 4.7, 4.55, 4.33, 4.6, 5.63, 7.2, 8.9, 8.77, 8.55, 8.38, 8.01, 7.87, 7.59, 7.78, 7.05, 6.42, 6.47, 6.39, 6.32, 6.62, 7.04, 7.66, 8.26, 9.51, 10.67, 10.79, 11.92, 13.03, 10.72, 8.33, 8.133], [13.68, 14.09, 14.6, 15.639, 15.343, 14.913, 14.83, 14.08, 14.18, 15.5, 16.51, 17.429, 17.78, 18.26, 19.249, 20.83, 21.12, 20.106, 19.685, 19.295, 18.436, 15.983, 16.475, 13.761, 8.449, 4.63, 1.83, 0.65, 0, 0.61, 1.24, 1.43, 1.61, 1.95, 1.67, 1.91, 2.16, 1.91, 1.51, 1.85, 2.32, 2.32, 2.74, 2.19, 1.91, 1.85, 2.62, 2.58, 2.5, 2.64, 3.23, 3.22, 3.37, 4.02, 4.4, 4.29, 4.22, 4.04, 4.29, 5.26, 6.81, 8.51, 8.38, 8.16, 7.99, 7.62, 7.48, 7.18, 7.37, 6.64, 6.01, 6.06, 6.0, 5.97, 6.25, 6.69, 7.35, 8.07, 9.3, 10.46, 10.58, 11.71, 12.82, 10.51, 8.12, 7.923], [13.45, 13.86, 14.37, 15.41, 15.12, 14.69, 14.6, 13.85, 13.95, 15.27, 16.28, 17.2, 17.55, 18.03, 19.02, 20.6, 20.89, 19.88, 19.47, 19.08, 18.21, 15.76, 16.26, 13.54, 8.22, 4.34, 1.5, 0.92, 0.61, 0, 0.95, 1.18, 1.46, 1.76, 1.5, 1.7, 2.01, 1.76, 1.46, 1.82, 2.23, 2.25, 2.51, 2.04, 1.76, 1.92, 2.69, 2.67, 2.51, 2.63, 3.3, 3.27, 3.44, 3.83, 4.25, 4.16, 4.23, 4.07, 4.28, 5.23, 6.78, 8.48, 8.33, 8.13, 7.94, 7.59, 7.43, 7.11, 7.26, 6.55, 5.84, 5.89, 5.79, 5.74, 6.02, 6.46, 7.16, 7.86, 9.07, 10.23, 10.35, 11.48, 12.59, 10.28, 7.89, 7.7], [12.98, 13.39, 13.9, 14.94, 14.65, 14.22, 14.13, 13.38, 13.48, 14.8, 15.81, 16.73, 17.08, 17.56, 18.55, 20.13, 20.42, 19.41, 19.0, 18.61, 17.74, 15.29, 15.79, 13.07, 7.77, 3.81, 0.99, 1.27, 1.24, 0.95, 0, 0.83, 1.05, 1.27, 1.11, 1.19, 1.6, 1.31, 1.39, 1.45, 1.76, 1.64, 1.94, 1.41, 1.47, 2.19, 2.9, 2.78, 2.48, 2.74, 3.43, 3.42, 3.57, 3.78, 4.22, 4.37, 4.46, 4.32, 4.47, 5.24, 6.77, 8.37, 8.22, 8.0, 7.79, 7.46, 7.32, 6.98, 7.09, 6.42, 5.67, 5.68, 5.56, 5.43, 5.69, 6.11, 6.75, 7.41, 8.6, 9.76, 9.88, 11.01, 12.12, 9.81, 7.42, 7.23], [12.69, 13.06, 13.57, 14.61, 14.32, 13.89, 13.8, 13.05, 13.15, 14.47, 15.48, 16.4, 16.75, 17.23, 18.22, 19.8, 20.09, 19.08, 18.67, 18.28, 17.41, 14.96, 15.46, 12.74, 7.46, 3.6, 1.0, 1.76, 1.43, 1.18, 0.83, 0, 0.62, 0.88, 1.08, 1.22, 1.63, 1.58, 1.94, 1.92, 2.13, 1.87, 1.87, 1.24, 1.12, 2.316, 3.0, 2.821, 2.39, 2.23, 2.9, 2.95, 3.1, 3.29, 3.71, 3.86, 3.95, 3.81, 3.94, 4.71, 6.22, 7.8, 7.67, 7.45, 7.22, 6.89, 6.75, 6.43, 6.52, 5.85, 5.16, 5.07, 4.97, 4.88, 5.12, 5.54, 6.24, 7.06, 8.27, 9.43, 9.55, 10.74, 11.79, 9.48, 7.09, 6.9], [12.53, 12.86, 13.37, 14.43, 14.113, 13.683, 13.6, 12.85, 12.95, 14.27, 15.28, 16.199, 16.55, 17.03, 18.019, 19.6, 19.89, 18.876, 18.455, 18.065, 17.206, 14.753, 15.245, 12.531, 7.26, 3.58, 0.98, 1.9, 1.61, 1.46, 1.05, 0.62, 0, 0.68, 1.08, 1.36, 1.71, 1.74, 2.1, 1.94, 2.11, 1.83, 1.79, 1.06, 1.18, 2.44, 3.157, 2.984, 2.47, 2.29, 2.96, 3.01, 3.12, 3.27, 3.65, 3.8, 3.89, 3.77, 3.9, 4.65, 6.16, 7.74, 7.61, 7.39, 7.16, 6.83, 6.69, 6.37, 6.46, 5.79, 5.12, 4.93, 4.83, 4.66, 4.9, 5.22, 5.92, 6.8, 8.07, 9.23, 9.37, 10.58, 11.59, 9.28, 6.89, 6.7], [12.65, 13.003, 13.513, 14.547, 14.222, 13.792, 13.711, 12.973, 13.07, 14.387, 15.391, 16.308, 16.673, 17.153, 18.128, 19.72, 20.01, 18.985, 18.563, 18.173, 17.315, 14.862, 15.341, 12.639, 7.46, 3.52, 1.2, 2.2, 1.95, 1.76, 1.27, 0.88, 0.68, 0, 0.88, 1.18, 1.53, 1.76, 2.1, 1.88, 2.01, 1.65, 1.55, 1.0, 1.1, 2.28, 2.977, 2.78, 2.25, 2.15, 2.78, 2.77, 2.9, 3.19, 3.71, 3.88, 3.97, 3.83, 3.96, 4.69, 6.22, 7.8, 7.67, 7.45, 7.22, 6.87, 6.75, 6.43, 6.5, 5.83, 5.16, 4.95, 4.85, 4.78, 5.04, 5.36, 6.02, 6.931, 8.181, 9.364, 9.513, 10.723, 11.733, 9.403, 7.07, 6.852], [13.013, 13.4, 13.907, 14.933, 14.625, 14.198, 14.114, 13.378, 13.467, 14.787, 15.779, 16.705, 17.078, 17.553, 18.525, 20.117, 20.407, 19.376, 18.957, 18.57, 17.712, 15.247, 15.727, 13.039, 7.84, 3.86, 1.48, 1.96, 1.67, 1.5, 1.11, 1.08, 1.08, 0.88, 0, 0.96, 1.37, 1.6, 1.88, 1.8, 2.01, 1.71, 1.83, 1.26, 1.28, 2.14, 2.69, 2.55, 2.21, 2.17, 2.82, 2.77, 2.9, 3.29, 3.77, 3.94, 4.05, 3.93, 4.02, 4.73, 6.26, 7.86, 7.71, 7.49, 7.28, 6.95, 6.81, 6.47, 6.58, 5.91, 5.18, 5.19, 5.07, 4.96, 5.2, 5.64, 6.42, 7.371, 8.572, 9.761, 9.904, 11.063, 12.133, 9.823, 7.467, 7.242], [12.493, 12.88, 13.387, 14.418, 14.122, 13.692, 13.611, 12.873, 12.964, 14.284, 15.276, 16.202, 16.573, 17.05, 18.022, 19.614, 19.904, 18.873, 18.455, 18.067, 17.209, 14.745, 15.224, 12.516, 7.28, 3.3, 1.2, 2.04, 1.91, 1.7, 1.19, 1.22, 1.36, 1.18, 0.96, 0, 0.73, 1.1, 1.62, 1.54, 1.65, 1.27, 1.41, 1.22, 1.76, 2.6, 3.309, 3.072, 2.65, 2.55, 3.2, 3.17, 3.2, 3.57, 4.09, 4.26, 4.35, 4.23, 4.32, 5.07, 6.6, 8.24, 8.09, 7.87, 7.66, 7.33, 7.19, 6.85, 6.96, 6.29, 5.54, 5.49, 5.39, 5.22, 5.42, 5.82, 6.4, 6.88, 8.101, 9.244, 9.384, 10.523, 11.613, 9.303, 6.927, 6.702], [12.483, 12.87, 13.377, 14.408, 14.112, 13.682, 13.601, 12.863, 12.96, 14.277, 15.281, 16.198, 16.563, 17.043, 18.018, 19.61, 19.9, 18.875, 18.453, 18.063, 17.205, 14.752, 15.243, 12.529, 7.218, 3.285, 1.37, 2.31, 2.16, 2.01, 1.6, 1.63, 1.71, 1.53, 1.37, 0.73, 0, 0.91, 1.51, 1.35, 1.4, 0.94, 1.3, 1.41, 2.05, 2.83, 3.58, 3.431, 3.06, 2.88, 3.61, 3.56, 3.71, 4.1, 4.66, 4.79, 4.88, 4.76, 4.85, 5.52, 7.07, 8.73, 8.58, 8.36, 8.17, 7.82, 7.68, 7.34, 7.47, 6.78, 6.07, 6.02, 5.92, 5.75, 5.95, 6.27, 6.79, 7.03, 8.071, 9.234, 9.374, 10.513, 11.603, 9.293, 6.917, 6.692], [13.05, 13.42, 13.927, 14.958, 14.662, 14.232, 14.151, 13.413, 13.51, 14.827, 15.831, 16.748, 17.113, 17.593, 18.568, 20.16, 20.45, 19.425, 19.003, 18.613, 17.755, 15.302, 15.793, 13.079, 7.768, 3.835, 1.22, 1.94, 1.91, 1.76, 1.31, 1.58, 1.74, 1.76, 1.6, 1.1, 0.91, 0, 0.98, 1.02, 1.21, 1.11, 1.83, 1.7, 1.96, 2.54, 3.23, 3.05, 2.87, 3.13, 3.88, 3.89, 4.08, 4.53, 5.05, 5.1, 5.19, 5.05, 5.2, 5.93, 7.48, 9.18, 9.03, 8.83, 8.64, 8.29, 8.13, 7.81, 7.94, 7.25, 6.54, 6.51, 6.39, 6.24, 6.42, 6.8, 7.38, 7.7, 8.661, 9.784, 9.924, 11.08, 12.153, 9.843, 7.467, 7.262], [13.67, 14.04, 14.547, 15.578, 15.282, 14.852, 14.771, 14.033, 14.13, 15.447, 16.451, 17.368, 17.733, 18.213, 19.188, 20.78, 21.07, 20.045, 19.623, 19.233, 18.375, 15.922, 16.413, 13.699, 8.388, 4.46, 1.64, 1.48, 1.51, 1.46, 1.39, 1.94, 2.1, 2.1, 1.88, 1.62, 1.51, 0.98, 0, 0.78, 1.27, 1.51, 2.43, 2.22, 2.2, 2.44, 3.09, 3.07, 3.13, 3.49, 4.22, 4.25, 4.44, 4.97, 5.37, 5.44, 5.51, 5.33, 5.54, 6.45, 8.0, 9.66, 9.51, 9.29, 9.08, 8.75, 8.61, 8.27, 8.38, 7.71, 6.96, 6.89, 6.79, 6.62, 6.88, 7.2, 7.82, 8.26, 9.321, 10.404, 10.564, 11.7, 12.773, 10.463, 8.107, 7.882], [13.433, 13.84, 14.347, 15.378, 15.082, 14.652, 14.571, 13.833, 13.93, 15.247, 16.251, 17.168, 17.533, 18.013, 18.988, 20.58, 20.87, 19.845, 19.423, 19.033, 18.175, 15.722, 16.201, 13.493, 8.188, 4.223, 1.5, 1.82, 1.85, 1.82, 1.45, 1.92, 1.94, 1.88, 1.8, 1.54, 1.35, 1.02, 0.78, 0, 0.81, 1.25, 2.13, 1.92, 2.02, 2.8, 3.37, 3.35, 3.31, 3.57, 4.34, 4.37, 4.56, 4.99, 5.47, 5.58, 5.67, 5.51, 5.68, 6.49, 8.0, 9.58, 9.45, 9.23, 9.0, 8.65, 8.53, 8.21, 8.28, 7.61, 6.86, 6.69, 6.59, 6.46, 6.66, 6.94, 7.5, 7.92, 9.081, 10.204, 10.344, 11.48, 12.573, 10.263, 7.887, 7.662], [13.34, 13.738, 14.246, 15.28, 14.972, 14.545, 14.461, 13.726, 13.814, 15.134, 16.126, 17.052, 17.426, 17.9, 18.872, 20.464, 20.754, 19.723, 19.305, 18.917, 18.059, 15.595, 16.074, 13.366, 8.078, 4.13, 1.55, 2.33, 2.32, 2.23, 1.76, 2.13, 2.11, 2.01, 2.01, 1.65, 1.4, 1.21, 1.27, 0.81, 0, 1.02, 2.02, 1.99, 2.23, 3.07, 3.6, 3.58, 3.54, 3.76, 4.55, 4.58, 4.77, 5.16, 5.64, 5.79, 5.88, 5.74, 5.89, 6.66, 8.17, 9.75, 9.62, 9.4, 9.17, 8.82, 8.7, 8.38, 8.45, 7.78, 7.03, 6.84, 6.74, 6.61, 6.81, 7.07, 7.57, 7.87, 8.98, 10.1, 10.252, 11.387, 12.463, 10.153, 7.774, 7.546], [12.42, 12.827, 13.334, 14.365, 14.069, 13.639, 13.558, 12.82, 12.911, 14.231, 15.223, 16.149, 16.52, 16.997, 17.969, 19.561, 19.851, 18.82, 18.402, 18.015, 17.156, 14.692, 15.171, 12.463, 7.175, 3.21, 1.23, 2.33, 2.32, 2.25, 1.64, 1.87, 1.83, 1.65, 1.71, 1.27, 0.94, 1.11, 1.51, 1.25, 1.02, 0, 1.12, 1.57, 2.13, 3.13, 3.76, 3.637, 3.28, 3.48, 4.21, 4.2, 4.33, 4.7, 5.24, 5.41, 5.5, 5.38, 5.47, 6.16, 7.65, 9.21, 9.08, 8.86, 8.63, 8.28, 8.16, 7.86, 7.93, 7.24, 6.49, 6.38, 6.28, 6.11, 6.31, 6.61, 7.09, 7.19, 8.06, 9.191, 9.332, 10.467, 11.56, 9.25, 6.854, 6.649], [11.41, 11.773, 12.28, 13.311, 13.015, 12.585, 12.504, 11.766, 11.863, 13.18, 14.184, 15.101, 15.466, 15.946, 16.921, 18.513, 18.803, 17.778, 17.356, 16.966, 16.108, 13.655, 14.134, 11.426, 6.257, 2.29, 1.39, 2.85, 2.74, 2.51, 1.94, 1.87, 1.79, 1.55, 1.83, 1.41, 1.3, 1.83, 2.43, 2.13, 2.02, 1.12, 0, 1.09, 2.27, 3.63, 4.28, 4.1, 3.34, 3.28, 3.85, 3.78, 3.73, 4.02, 4.54, 4.73, 4.84, 4.72, 4.81, 5.46, 6.89, 8.45, 8.32, 8.1, 7.87, 7.52, 7.38, 7.08, 7.15, 6.46, 5.71, 5.54, 5.44, 5.33, 5.53, 5.81, 6.29, 6.33, 7.014, 8.137, 8.277, 9.416, 10.506, 8.196, 5.88, 5.595], [12.059, 12.42, 12.91, 13.893, 13.572, 13.144, 13.092, 12.424, 12.496, 13.799, 14.757, 15.666, 16.124, 16.599, 17.486, 19.146, 19.436, 18.32, 17.913, 17.526, 16.656, 14.194, 14.667, 11.965, 6.79, 2.998, 1.16, 2.32, 2.19, 2.04, 1.41, 1.24, 1.06, 1.0, 1.26, 1.22, 1.41, 1.7, 2.22, 1.92, 1.99, 1.57, 1.09, 0, 1.38, 2.78, 3.43, 3.25, 2.63, 2.53, 3.18, 3.11, 3.14, 3.43, 3.99, 4.18, 4.27, 4.15, 4.24, 4.91, 6.32, 7.9, 7.77, 7.55, 7.32, 6.97, 6.81, 6.51, 6.62, 6.01, 5.38, 5.05, 4.91, 4.8, 4.98, 5.3, 5.84, 6.346, 7.55, 8.747, 9.013, 10.189, 11.162, 8.872, 6.46, 6.166], [13.339, 13.68, 14.17, 15.153, 14.812, 14.384, 14.352, 13.684, 13.756, 15.059, 16.017, 16.926, 17.384, 17.859, 18.746, 20.406, 20.696, 19.58, 19.093, 18.706, 17.916, 15.434, 15.859, 13.188, 8.01, 4.23, 1.64, 2.22, 1.91, 1.76, 1.47, 1.12, 1.18, 1.1, 1.28, 1.76, 2.05, 1.96, 2.2, 2.02, 2.23, 2.13, 2.27, 1.38, 0, 1.92, 2.45, 2.37, 2.05, 1.77, 2.52, 2.55, 2.76, 3.25, 3.75, 3.86, 3.95, 3.85, 3.98, 4.75, 6.22, 7.76, 7.63, 7.43, 7.22, 6.89, 6.73, 6.45, 6.56, 5.95, 5.32, 5.11, 5.05, 5.04, 5.28, 5.8, 6.64, 7.546, 8.81, 10.007, 10.273, 11.449, 12.422, 10.112, 7.699, 7.386], [14.745, 15.112, 15.602, 16.576, 16.234, 15.807, 15.774, 15.107, 15.179, 16.481, 17.44, 18.348, 18.807, 19.281, 20.163, 21.828, 22.109, 20.994, 20.527, 20.142, 19.336, 16.845, 17.282, 14.611, 9.407, 5.524, 2.82, 2.04, 1.85, 1.92, 2.19, 2.316, 2.44, 2.28, 2.14, 2.6, 2.83, 2.54, 2.44, 2.8, 3.07, 3.13, 3.63, 2.78, 1.92, 0, 1.07, 0.99, 1.13, 1.75, 2.26, 2.21, 2.62, 3.43, 3.81, 3.48, 3.33, 3.13, 3.34, 4.35, 5.92, 7.6, 7.45, 7.23, 7.06, 6.73, 6.53, 6.29, 6.48, 5.83, 5.58, 5.83, 5.97, 6.169, 6.537, 7.1, 7.977, 8.969, 10.233, 11.43, 11.702, 12.892, 13.862, 11.534, 9.125, 8.835], [15.398, 15.773, 16.263, 17.246, 16.873, 16.449, 16.43, 15.763, 15.832, 17.114, 18.081, 18.987, 19.449, 19.934, 20.802, 22.456, 22.734, 21.624, 21.171, 20.784, 19.977, 17.527, 17.975, 15.321, 10.16, 6.317, 3.47, 2.61, 2.62, 2.69, 2.9, 3.0, 3.157, 2.977, 2.69, 3.309, 3.58, 3.23, 3.09, 3.37, 3.6, 3.76, 4.28, 3.43, 2.45, 1.07, 0, 0.56, 1.26, 1.96, 2.33, 2.28, 2.85, 3.911, 4.328, 3.786, 3.5, 3.1, 3.29, 4.26, 5.89, 7.61, 7.46, 7.18, 7.03, 6.66, 6.54, 6.38, 6.55, 5.92, 6.059, 6.357, 6.523, 6.767, 7.147, 7.71, 8.616, 9.619, 10.894, 12.1, 12.366, 13.542, 14.514, 12.254, 9.827, 9.551], [15.218, 15.596, 16.086, 17.064, 16.699, 16.28, 16.242, 15.586, 15.655, 16.946, 17.904, 18.81, 19.272, 19.749, 20.63, 22.29, 22.568, 21.458, 20.965, 20.581, 19.803, 17.321, 17.74, 15.104, 9.945, 6.1, 3.287, 2.67, 2.58, 2.67, 2.78, 2.821, 2.984, 2.78, 2.55, 3.072, 3.431, 3.05, 3.07, 3.35, 3.58, 3.637, 4.1, 3.25, 2.37, 0.99, 0.56, 0, 1.0, 1.88, 2.19, 2.1, 2.69, 3.834, 4.231, 3.521, 3.24, 2.8, 3.05, 4.04, 5.63, 7.35, 7.2, 6.98, 6.79, 6.46, 6.32, 6.2, 6.37, 5.74, 5.93, 6.26, 6.366, 6.622, 6.97, 7.533, 8.439, 9.445, 10.715, 11.921, 12.189, 13.365, 14.337, 12.057, 9.63, 9.334], [14.495, 14.822, 15.312, 16.304, 15.928, 15.498, 15.47, 14.806, 14.883, 16.163, 17.121, 18.036, 18.5, 18.969, 19.85, 21.507, 21.785, 20.675, 20.182, 19.798, 19.026, 16.538, 16.957, 14.321, 9.143, 5.317, 2.91, 2.59, 2.5, 2.51, 2.48, 2.39, 2.47, 2.25, 2.21, 2.65, 3.06, 2.87, 3.13, 3.31, 3.54, 3.28, 3.34, 2.63, 2.05, 1.13, 1.26, 1.0, 0, 1.24, 1.67, 1.46, 1.95, 3.04, 3.46, 2.73, 2.64, 2.44, 2.61, 3.68, 5.23, 6.93, 6.8, 6.58, 6.41, 6.06, 5.88, 5.68, 5.89, 5.24, 5.19, 5.48, 5.603, 5.839, 6.207, 6.75, 7.656, 8.673, 9.938, 11.147, 11.432, 12.642, 13.572, 11.256, 8.847, 8.551], [13.893, 14.145, 14.644, 15.635, 15.19, 14.783, 14.736, 14.114, 14.115, 15.415, 16.362, 17.265, 17.783, 18.226, 19.082, 20.727, 21.017, 19.902, 19.412, 19.013, 18.258, 15.819, 16.224, 13.623, 8.64, 4.954, 2.97, 2.89, 2.64, 2.63, 2.74, 2.23, 2.29, 2.15, 2.17, 2.55, 2.88, 3.13, 3.49, 3.57, 3.76, 3.48, 3.28, 2.53, 1.77, 1.75, 1.96, 1.88, 1.24, 0, 0.89, 0.96, 1.27, 2.24, 2.66, 2.41, 2.4, 2.3, 2.43, 3.48, 5.01, 6.71, 6.56, 6.34, 6.17, 5.84, 5.64, 5.4, 5.61, 5.0, 4.59, 4.82, 4.84, 5.067, 5.49, 6.07, 6.959, 7.902, 9.192, 10.458, 10.758, 11.962, 12.841, 10.617, 8.25, 7.866], [14.198, 14.259, 14.769, 15.666, 15.05, 14.625, 14.676, 14.129, 14.029, 15.251, 16.139, 17.097, 17.649, 18.09, 18.85, 20.495, 20.797, 19.598, 19.122, 18.766, 18.037, 15.662, 16.042, 13.605, 8.985, 5.38, 3.66, 3.48, 3.23, 3.3, 3.43, 2.9, 2.96, 2.78, 2.82, 3.2, 3.61, 3.88, 4.22, 4.34, 4.55, 4.21, 3.85, 3.18, 2.52, 2.26, 2.33, 2.19, 1.67, 0.89, 0, 0.61, 0.92, 1.99, 2.45, 2.06, 2.11, 1.89, 2.06, 3.17, 4.46, 6.06, 5.89, 5.67, 5.48, 5.15, 4.95, 4.85, 5.06, 4.55, 4.54, 4.57, 4.75, 4.958, 5.358, 6.041, 6.873, 7.736, 9.095, 10.478, 10.801, 11.965, 12.963, 10.902, 8.595, 8.076], [14.233, 14.337, 14.887, 15.781, 15.196, 14.796, 14.757, 14.21, 14.181, 15.392, 16.277, 17.241, 17.788, 18.229, 19.021, 20.651, 20.93, 19.765, 19.295, 18.922, 18.205, 15.747, 16.144, 13.707, 9.04, 5.37, 3.67, 3.49, 3.22, 3.27, 3.42, 2.95, 3.01, 2.77, 2.77, 3.17, 3.56, 3.89, 4.25, 4.37, 4.58, 4.2, 3.78, 3.11, 2.55, 2.21, 2.28, 2.1, 1.46, 0.96, 0.61, 0, 0.85, 2.04, 2.5, 1.93, 1.94, 1.74, 1.91, 3.1, 4.41, 6.09, 5.92, 5.7, 5.51, 5.18, 4.98, 4.9, 5.09, 4.68, 4.75, 4.72, 4.76, 5.048, 5.513, 6.168, 7.0, 7.929, 9.253, 10.617, 10.94, 12.104, 13.067, 10.96, 8.65, 8.174], [13.658, 13.825, 14.358, 15.246, 14.635, 14.269, 14.219, 13.626, 13.652, 14.846, 15.739, 16.696, 17.223, 17.695, 18.493, 20.124, 20.397, 19.261, 18.754, 18.378, 17.689, 15.18, 15.511, 13.117, 8.445, 5.02, 3.82, 3.68, 3.37, 3.44, 3.57, 3.1, 3.12, 2.9, 2.9, 3.2, 3.71, 4.08, 4.44, 4.56, 4.77, 4.33, 3.73, 3.14, 2.76, 2.62, 2.85, 2.69, 1.95, 1.27, 0.92, 0.85, 0, 1.49, 2.01, 1.84, 1.91, 1.65, 1.72, 2.95, 4.26, 5.92, 5.75, 5.51, 5.32, 5.03, 4.83, 4.71, 4.92, 4.47, 4.38, 4.19, 4.25, 4.555, 5.032, 5.675, 6.473, 7.404, 8.698, 10.095, 10.432, 11.602, 12.549, 10.379, 8.055, 7.63], [12.575, 12.697, 13.187, 14.104, 13.471, 13.053, 13.077, 12.49, 12.481, 13.621, 14.485, 15.478, 16.045, 16.457, 17.271, 18.851, 19.084, 17.96, 17.513, 17.128, 16.479, 14.01, 14.387, 11.99, 7.42, 4.87, 4.01, 4.37, 4.02, 3.83, 3.78, 3.29, 3.27, 3.19, 3.29, 3.57, 4.1, 4.53, 4.97, 4.99, 5.16, 4.7, 4.02, 3.43, 3.25, 3.43, 3.911, 3.834, 3.04, 2.24, 1.99, 2.04, 1.49, 0, 0.92, 1.37, 1.6, 1.84, 1.87, 2.24, 3.35, 4.87, 4.7, 4.44, 4.25, 3.96, 3.76, 3.64, 3.79, 3.5, 3.25, 2.98, 3.08, 3.325, 3.782, 4.471, 5.3, 6.2, 7.519, 8.925, 9.265, 10.429, 11.407, 9.3, 6.99, 6.514], [12.273, 12.334, 12.884, 13.778, 13.099, 12.698, 12.734, 12.147, 12.118, 13.238, 14.091, 15.134, 15.687, 16.13, 16.899, 18.431, 18.735, 17.579, 17.149, 16.677, 16.115, 13.709, 14.083, 11.666, 7.09, 5.39, 4.43, 4.79, 4.4, 4.25, 4.22, 3.71, 3.65, 3.71, 3.77, 4.09, 4.66, 5.05, 5.37, 5.47, 5.64, 5.24, 4.54, 3.99, 3.75, 3.81, 4.328, 4.231, 3.46, 2.66, 2.45, 2.5, 2.01, 0.92, 0, 1.07, 1.42, 1.94, 1.99, 1.92, 3.03, 4.41, 4.24, 3.98, 3.75, 3.54, 3.36, 3.16, 3.25, 3.08, 2.89, 2.66, 2.74, 3.03, 3.442, 4.165, 4.997, 5.848, 7.21, 8.627, 8.947, 10.117, 11.064, 8.963, 6.653, 6.171], [12.83, 12.88, 13.39, 14.29, 13.66, 13.253, 13.28, 12.73, 12.65, 13.83, 14.729, 15.689, 16.242, 16.685, 17.518, 19.132, 19.43, 18.28, 17.802, 17.426, 16.71, 14.298, 14.635, 12.178, 7.6, 5.54, 4.58, 4.7, 4.29, 4.16, 4.37, 3.86, 3.8, 3.88, 3.94, 4.26, 4.79, 5.1, 5.44, 5.58, 5.79, 5.41, 4.73, 4.18, 3.86, 3.48, 3.786, 3.521, 2.73, 2.41, 2.06, 1.93, 1.84, 1.37, 1.07, 0, 0.55, 1.07, 1.24, 1.61, 2.84, 4.4, 4.27, 4.09, 3.88, 3.59, 3.43, 3.23, 3.42, 3.01, 3.2, 3.21, 3.31, 3.52, 3.94, 4.635, 5.492, 6.4, 7.725, 9.122, 9.442, 10.612, 11.59, 9.52, 7.21, 6.7], [12.94, 13.09, 13.6, 14.495, 13.973, 13.543, 13.55, 12.92, 12.935, 14.178, 15.053, 16.03, 16.563, 16.977, 17.848, 19.481, 19.78, 18.616, 18.154, 17.773, 17.038, 14.548, 14.945, 12.445, 7.75, 5.65, 4.67, 4.55, 4.22, 4.23, 4.46, 3.95, 3.89, 3.97, 4.05, 4.35, 4.88, 5.19, 5.51, 5.67, 5.88, 5.5, 4.84, 4.27, 3.95, 3.33, 3.5, 3.24, 2.64, 2.4, 2.11, 1.94, 1.91, 1.6, 1.42, 0.55, 0, 0.7, 0.95, 1.5, 2.77, 4.43, 4.3, 4.1, 3.95, 3.64, 3.5, 3.3, 3.47, 3.06, 3.45, 3.54, 3.54, 3.81, 4.23, 4.89, 5.742, 6.71, 7.972, 9.352, 9.689, 10.876, 11.8, 9.67, 7.36, 6.89], [13.48, 13.688, 14.192, 15.093, 14.588, 14.167, 14.165, 13.52, 13.53, 14.786, 15.667, 16.642, 17.175, 17.609, 18.465, 20.104, 20.406, 19.238, 18.763, 18.396, 17.641, 15.166, 15.52, 13.023, 8.31, 5.59, 4.51, 4.33, 4.04, 4.07, 4.32, 3.81, 3.77, 3.83, 3.93, 4.23, 4.76, 5.05, 5.33, 5.51, 5.74, 5.38, 4.72, 4.15, 3.85, 3.13, 3.1, 2.8, 2.44, 2.3, 1.89, 1.74, 1.65, 1.84, 1.94, 1.07, 0.7, 0, 0.79, 1.8, 3.17, 4.87, 4.72, 4.54, 4.25, 3.98, 3.88, 3.76, 3.99, 3.58, 4.05, 4.12, 4.16, 4.43, 4.87, 5.49, 6.362, 7.294, 8.567, 9.944, 10.281, 11.468, 12.395, 10.25, 7.92, 7.488], [13.45, 13.646, 14.162, 15.082, 14.56, 14.164, 14.103, 13.49, 13.51, 14.759, 15.646, 16.615, 17.15, 17.567, 18.415, 20.077, 20.338, 19.2, 18.73, 18.348, 17.588, 15.075, 15.412, 12.915, 8.24, 5.66, 4.68, 4.6, 4.29, 4.28, 4.47, 3.94, 3.9, 3.96, 4.02, 4.32, 4.85, 5.2, 5.54, 5.68, 5.89, 5.47, 4.81, 4.24, 3.98, 3.34, 3.29, 3.05, 2.61, 2.43, 2.06, 1.91, 1.72, 1.87, 1.99, 1.24, 0.95, 0.79, 0, 1.49, 2.94, 4.64, 4.45, 4.25, 4.02, 3.75, 3.65, 3.57, 3.74, 3.49, 4.0, 4.05, 4.05, 4.42, 4.86, 5.5, 6.332, 7.298, 8.582, 9.922, 10.256, 11.463, 12.356, 10.14, 7.83, 7.415], [12.48, 12.57, 13.06, 13.92, 13.39, 12.974, 12.99, 12.42, 12.4, 13.572, 14.502, 15.425, 15.96, 16.372, 17.222, 18.882, 19.148, 18.025, 17.578, 17.184, 16.395, 13.91, 14.393, 11.79, 7.37, 6.17, 5.43, 5.63, 5.26, 5.23, 5.24, 4.71, 4.65, 4.69, 4.73, 5.07, 5.52, 5.93, 6.45, 6.49, 6.66, 6.16, 5.46, 4.91, 4.75, 4.35, 4.26, 4.04, 3.68, 3.48, 3.17, 3.1, 2.95, 2.24, 1.92, 1.61, 1.5, 1.8, 1.49, 0, 1.79, 3.61, 3.42, 3.18, 2.95, 2.64, 2.6, 2.44, 2.63, 2.26, 2.79, 3.0, 2.98, 3.23, 3.664, 4.29, 5.133, 6.108, 7.4, 8.726, 9.066, 10.273, 11.2, 9.05, 6.76, 6.25], [12.05, 12.28, 12.47, 12.93, 12.24, 11.79, 12.1, 11.89, 11.77, 12.61, 13.24, 14.06, 14.61, 15.03, 15.838, 17.44, 17.704, 16.546, 16.102, 15.732, 15.048, 12.48, 12.9, 10.64, 8.06, 7.38, 6.94, 7.2, 6.81, 6.78, 6.77, 6.22, 6.16, 6.22, 6.26, 6.6, 7.07, 7.48, 8.0, 8.0, 8.17, 7.65, 6.89, 6.32, 6.22, 5.92, 5.89, 5.63, 5.23, 5.01, 4.46, 4.41, 4.26, 3.35, 3.03, 2.84, 2.77, 3.17, 2.94, 1.79, 0, 1.92, 1.83, 1.55, 1.38, 1.19, 1.13, 1.17, 1.38, 1.41, 2.04, 3.03, 3.23, 3.2, 3.4, 3.58, 4.08, 4.94, 6.13, 7.47, 7.81, 8.96, 10.09, 8.8, 7.25, 6.84], [12.73, 12.9, 13.13, 13.45, 12.62, 12.07, 12.66, 12.49, 12.33, 12.93, 13.42, 14.2, 14.69, 14.81, 15.18, 16.238, 16.708, 15.395, 15.005, 14.46, 14.13, 12.5, 12.84, 11.14, 9.3, 8.8, 8.52, 8.9, 8.51, 8.48, 8.37, 7.8, 7.74, 7.8, 7.86, 8.24, 8.73, 9.18, 9.66, 9.58, 9.75, 9.21, 8.45, 7.9, 7.76, 7.6, 7.61, 7.35, 6.93, 6.71, 6.06, 6.09, 5.92, 4.87, 4.41, 4.4, 4.43, 4.87, 4.64, 3.61, 1.92, 0, 0.71, 0.95, 1.16, 1.45, 1.33, 1.59, 1.58, 2.23, 3.0, 4.01, 4.45, 4.28, 4.3, 4.46, 4.58, 5.2, 6.53, 7.69, 7.97, 9.08, 10.45, 9.5, 8.51, 8.06], [12.74, 12.89, 13.12, 13.54, 12.63, 12.08, 12.71, 12.48, 12.32, 13.0, 13.51, 14.31, 14.82, 14.96, 15.39, 16.6, 17.064, 15.808, 15.384, 14.8, 14.472, 12.65, 13.01, 11.19, 9.23, 8.73, 8.39, 8.77, 8.38, 8.33, 8.22, 7.67, 7.61, 7.67, 7.71, 8.09, 8.58, 9.03, 9.51, 9.45, 9.62, 9.08, 8.32, 7.77, 7.63, 7.45, 7.46, 7.2, 6.8, 6.56, 5.89, 5.92, 5.75, 4.7, 4.24, 4.27, 4.3, 4.72, 4.45, 3.42, 1.83, 0.71, 0, 0.64, 1.15, 1.44, 1.3, 1.38, 1.41, 2.04, 2.87, 3.92, 4.36, 4.19, 4.23, 4.41, 4.57, 5.21, 6.64, 7.78, 8.06, 9.19, 10.54, 9.51, 8.44, 7.99], [12.68, 12.85, 13.08, 13.46, 12.59, 12.04, 12.63, 12.46, 12.3, 12.92, 13.43, 14.25, 14.78, 15.1, 15.61, 16.78, 17.247, 15.971, 15.584, 15.0, 14.65, 12.71, 13.13, 11.11, 9.05, 8.53, 8.17, 8.55, 8.16, 8.13, 8.0, 7.45, 7.39, 7.45, 7.49, 7.87, 8.36, 8.83, 9.29, 9.23, 9.4, 8.86, 8.1, 7.55, 7.43, 7.23, 7.18, 6.98, 6.58, 6.34, 5.67, 5.7, 5.51, 4.44, 3.98, 4.09, 4.1, 4.54, 4.25, 3.18, 1.55, 0.95, 0.64, 0, 0.95, 1.22, 1.1, 1.2, 1.19, 1.82, 2.65, 3.64, 4.16, 4.01, 4.05, 4.23, 4.45, 5.11, 6.54, 7.7, 8.0, 9.13, 10.48, 9.45, 8.24, 7.79], [12.59, 12.76, 12.99, 13.25, 12.48, 11.93, 12.52, 12.35, 12.19, 12.75, 13.16, 13.9, 14.39, 14.81, 15.358, 16.661, 17.111, 15.858, 15.454, 14.938, 14.494, 12.4, 12.74, 10.96, 8.88, 8.24, 7.94, 8.38, 7.99, 7.94, 7.79, 7.22, 7.16, 7.22, 7.28, 7.66, 8.17, 8.64, 9.08, 9.0, 9.17, 8.63, 7.87, 7.32, 7.22, 7.06, 7.03, 6.79, 6.41, 6.17, 5.48, 5.51, 5.32, 4.25, 3.75, 3.88, 3.95, 4.25, 4.02, 2.95, 1.38, 1.16, 1.15, 0.95, 0, 0.75, 0.79, 1.15, 1.18, 1.69, 2.4, 3.47, 3.97, 3.82, 3.9, 4.16, 4.4, 5.06, 6.25, 7.57, 7.97, 8.88, 10.17, 9.36, 8.05, 7.6], [12.34, 12.51, 12.74, 13.0, 12.25, 11.64, 12.23, 12.06, 11.9, 12.48, 12.93, 13.77, 14.32, 14.76, 15.27, 16.707, 17.029, 15.836, 15.412, 14.993, 14.412, 12.35, 12.81, 10.77, 8.61, 7.83, 7.59, 8.01, 7.62, 7.59, 7.46, 6.89, 6.83, 6.87, 6.95, 7.33, 7.82, 8.29, 8.75, 8.65, 8.82, 8.28, 7.52, 6.97, 6.89, 6.73, 6.66, 6.46, 6.06, 5.84, 5.15, 5.18, 5.03, 3.96, 3.54, 3.59, 3.64, 3.98, 3.75, 2.64, 1.19, 1.45, 1.44, 1.22, 0.75, 0, 0.6, 1.04, 1.05, 1.42, 2.07, 3.14, 3.7, 3.57, 3.63, 3.89, 4.17, 4.83, 6.06, 7.28, 7.68, 8.65, 10.0, 9.11, 7.76, 7.31], [12.22, 12.39, 12.62, 12.976, 12.149, 11.579, 12.169, 11.999, 11.839, 12.436, 12.94, 13.797, 14.344, 14.733, 15.237, 16.719, 17.064, 15.848, 15.441, 15.022, 14.444, 12.343, 12.805, 10.746, 8.51, 7.73, 7.47, 7.87, 7.48, 7.43, 7.32, 6.75, 6.69, 6.75, 6.81, 7.19, 7.68, 8.13, 8.61, 8.53, 8.7, 8.16, 7.38, 6.81, 6.73, 6.53, 6.54, 6.32, 5.88, 5.64, 4.95, 4.98, 4.83, 3.76, 3.36, 3.43, 3.5, 3.88, 3.65, 2.6, 1.13, 1.33, 1.3, 1.1, 0.79, 0.6, 0, 0.66, 0.89, 1.24, 2.03, 2.98, 3.54, 3.45, 3.53, 3.79, 4.03, 4.71, 6.08, 7.233, 7.58, 8.714, 10.044, 8.99, 7.66, 7.19], [12.08, 12.269, 12.48, 12.987, 12.103, 11.516, 12.123, 11.879, 11.719, 12.413, 12.96, 13.797, 14.364, 14.713, 15.234, 16.679, 17.081, 15.888, 15.498, 15.022, 14.424, 12.445, 12.948, 10.763, 8.25, 7.51, 7.15, 7.59, 7.18, 7.11, 6.98, 6.43, 6.37, 6.43, 6.47, 6.85, 7.34, 7.81, 8.27, 8.21, 8.38, 7.86, 7.08, 6.51, 6.45, 6.29, 6.38, 6.2, 5.68, 5.4, 4.85, 4.9, 4.71, 3.64, 3.16, 3.23, 3.3, 3.76, 3.57, 2.44, 1.17, 1.59, 1.38, 1.2, 1.15, 1.04, 0.66, 0, 0.73, 0.92, 1.81, 2.78, 3.34, 3.19, 3.29, 3.53, 3.85, 4.529, 6.087, 7.247, 7.507, 8.734, 10.064, 8.85, 7.42, 7.01], [12.07, 12.259, 12.47, 12.94, 12.199, 11.569, 12.093, 11.869, 11.709, 12.363, 12.99, 13.858, 14.425, 14.803, 15.344, 16.615, 17.057, 15.884, 15.52, 14.972, 14.5, 12.575, 13.075, 10.873, 8.28, 7.6, 7.22, 7.78, 7.37, 7.26, 7.09, 6.52, 6.46, 6.5, 6.58, 6.96, 7.47, 7.94, 8.38, 8.28, 8.45, 7.93, 7.15, 6.62, 6.56, 6.48, 6.55, 6.37, 5.89, 5.61, 5.06, 5.09, 4.92, 3.79, 3.25, 3.42, 3.47, 3.99, 3.74, 2.63, 1.38, 1.58, 1.41, 1.19, 1.18, 1.05, 0.89, 0.73, 0, 1.07, 1.9, 2.75, 3.29, 3.18, 3.3, 3.56, 3.88, 4.6, 6.1, 7.26, 7.529, 8.738, 10.08, 8.84, 7.39, 7.02], [11.58, 11.73, 11.98, 12.66, 11.948, 11.28, 11.81, 11.4, 11.3, 12.14, 12.91, 13.748, 14.175, 14.61, 15.268, 16.782, 17.187, 16.09, 15.672, 15.252, 14.45, 12.52, 13.023, 10.668, 7.59, 6.83, 6.55, 7.05, 6.64, 6.55, 6.42, 5.85, 5.79, 5.83, 5.91, 6.29, 6.78, 7.25, 7.71, 7.61, 7.78, 7.24, 6.46, 6.01, 5.95, 5.83, 5.92, 5.74, 5.24, 5.0, 4.55, 4.68, 4.47, 3.5, 3.08, 3.01, 3.06, 3.58, 3.49, 2.26, 1.41, 2.23, 2.04, 1.82, 1.69, 1.42, 1.24, 0.92, 1.07, 0, 1.19, 2.2, 2.88, 2.61, 2.67, 2.89, 3.43, 4.29, 5.878, 6.92, 7.198, 8.445, 9.758, 8.27, 6.7, 6.37], [10.906, 11.119, 11.397, 12.194, 11.72, 11.014, 11.487, 11.006, 10.946, 11.94, 12.65, 13.52, 13.904, 14.352, 15.148, 16.568, 16.855, 15.802, 15.423, 15.022, 14.184, 