[[0, 0.84, 1.73, 2.12, 1.7, 1.2, 1.16, 2.55, 2.32, 1.91, 1.68, 2.32, 3.57, 3.74, 3.48, 3.26, 2.81, 2.04, 1.61, 0.93, 1.19, 1.84, 2.52, 2.75, 2.51, 2.52, 2.38, 3.435, 3.65, 3.928, 4.868, 5.143, 5.173, 5.525, 4.895, 4.431, 5.003, 5.385, 5.155, 4.352, 3.527, 3.419, 3.843, 4.458, 4.809, 4.312, 4.21, 4.217, 4.527, 4.586, 4.0, 3.52, 2.72, 1.83, 1.24, 1.91, 3.14, 3.44, 3.5, 3.57, 4.06, 4.57, 4.64, 4.7, 4.56, 4.44, 4.36, 4.25, 5.0, 5.55, 6.44, 6.86, 6.91, 7.08, 6.36, 5.91, 6.44, 5.98, 4.6, 2.52, 2.85, 5.144, 5.311, 4.69, 5.04, 5.567], [0.84, 0, 1.05, 1.48, 1.22, 0.9, 1.0, 1.93, 1.86, 1.63, 1.34, 1.68, 2.93, 3.14, 2.84, 2.58, 2.15, 1.74, 1.59, 0.99, 1.33, 2.24, 3.14, 3.25, 2.89, 2.86, 2.94, 4.05, 4.276, 4.497, 5.457, 5.732, 5.764, 6.101, 5.483, 5.017, 5.61, 5.968, 5.744, 4.964, 4.117, 3.95, 4.277, 4.975, 5.378, 4.895, 4.711, 4.745, 5.047, 5.078, 4.52, 3.92, 3.2, 2.329, 1.58, 1.57, 2.48, 2.76, 2.82, 2.95, 3.46, 3.99, 4.02, 4.16, 3.94, 3.84, 3.76, 3.71, 4.46, 5.03, 5.9, 6.34, 6.43, 6.58, 5.76, 5.29, 5.8, 5.26, 3.9, 1.94, 3.503, 5.721, 5.945, 5.243, 5.52, 6.182], [1.73, 1.05, 0, 0.77, 0.85, 1.13, 1.23, 1.1, 1.29, 1.56, 1.41, 1.43, 2.24, 2.51, 2.23, 2.01, 2.0, 1.95, 1.8, 1.52, 1.8, 2.99, 3.95, 3.96, 3.54, 3.51, 3.69, 4.784, 4.995, 5.176, 6.11, 6.385, 6.417, 6.763, 6.133, 5.647, 6.289, 6.676, 6.429, 5.646, 4.825, 4.737, 4.947, 5.605, 6.008, 5.542, 5.341, 5.367, 5.714, 5.688, 5.152, 4.55, 3.81, 3.02, 2.07, 1.72, 1.89, 2.07, 2.19, 2.36, 2.89, 3.4, 3.43, 3.61, 3.19, 3.11, 3.05, 3.12, 3.89, 4.52, 5.35, 5.81, 5.9, 6.07, 5.19, 4.72, 5.23, 4.55, 3.27, 1.73, 4.25, 6.442, 6.66, 5.928, 6.23, 6.927], [2.12, 1.48, 0.77, 0, 0.72, 1.36, 1.54, 1.17, 1.46, 1.95, 1.82, 1.7, 2.27, 2.48, 2.3, 2.2, 2.31, 2.38, 2.15, 1.83, 2.01, 3.18, 4.16, 4.09, 3.61, 3.6, 3.96, 5.094, 5.217, 5.427, 6.217, 6.481, 6.513, 6.85, 6.258, 5.855, 6.468, 6.939, 6.626, 5.806, 5.155, 5.067, 5.234, 5.755, 6.125, 5.765, 5.584, 5.705, 5.935, 5.834, 5.318, 4.72, 3.98, 3.21, 2.26, 1.69, 1.84, 2.0, 2.16, 2.35, 2.88, 3.41, 3.42, 3.56, 3.1, 3.02, 2.98, 3.07, 3.82, 4.45, 5.26, 5.76, 5.85, 5.98, 5.16, 4.69, 5.2, 4.52, 3.3, 1.94, 4.663, 6.784, 6.965, 6.28, 6.482, 7.226], [1.7, 1.22, 0.85, 0.72, 0, 1.1, 1.3, 1.53, 1.56, 1.79, 1.52, 1.72, 2.65, 2.94, 2.78, 2.42, 2.31, 2.14, 1.89, 1.57, 1.69, 2.88, 3.8, 3.79, 3.33, 3.36, 3.56, 4.554, 4.714, 4.884, 5.769, 5.996, 6.028, 6.365, 5.744, 5.324, 5.942, 6.341, 6.103, 5.323, 4.617, 4.49, 4.677, 5.23, 5.63, 5.188, 5.021, 5.145, 5.398, 5.325, 4.76, 4.18, 3.44, 2.67, 1.72, 1.55, 2.12, 2.38, 2.54, 2.77, 3.34, 3.87, 3.9, 4.08, 3.62, 3.54, 3.5, 3.59, 4.34, 4.97, 5.78, 6.28, 6.37, 6.5, 5.62, 5.09, 5.6, 4.9, 3.68, 2.1, 4.283, 6.404, 6.471, 5.723, 5.94, 6.643], [1.2, 0.9, 1.13, 1.36, 1.1, 0, 0.56, 1.67, 1.58, 1.65, 1.32, 1.62, 2.81, 3.14, 2.86, 2.6, 2.13, 1.62, 1.41, 0.81, 1.29, 2.26, 3.2, 3.29, 2.87, 2.88, 2.94, 3.948, 4.199, 4.423, 5.343, 5.57, 5.602, 5.939, 5.321, 4.854, 5.473, 5.827, 5.651, 4.831, 4.029, 3.893, 4.1, 4.741, 5.141, 4.718, 4.52, 4.58, 4.877, 4.807, 4.291, 3.7, 3.0, 2.204, 1.38, 1.51, 2.44, 2.64, 2.76, 3.01, 3.52, 4.05, 4.08, 4.24, 3.84, 3.78, 3.7, 3.77, 4.52, 5.15, 5.96, 6.46, 6.53, 6.68, 5.82, 5.23, 5.74, 5.12, 3.88, 2.0, 3.48, 5.655, 5.879, 5.063, 5.38, 6.08], [1.16, 1.0, 1.23, 1.54, 1.3, 0.56, 0, 1.53, 1.48, 1.61, 1.28, 1.64, 2.77, 3.06, 2.8, 2.54, 2.09, 1.5, 1.33, 0.93, 1.31, 2.4, 3.34, 3.41, 3.03, 2.96, 2.98, 4.048, 4.282, 4.46, 5.42, 5.681, 5.71, 6.047, 5.432, 4.931, 5.576, 5.938, 5.716, 4.919, 4.1, 4.055, 4.151, 4.869, 5.249, 4.802, 4.617, 4.638, 4.948, 4.898, 4.422, 3.82, 3.097, 2.327, 1.5, 1.47, 2.44, 2.64, 2.76, 2.95, 3.42, 3.95, 3.96, 4.1, 3.68, 3.64, 3.54, 3.63, 4.38, 5.01, 5.82, 6.32, 6.39, 6.56, 5.7, 5.17, 5.66, 5.04, 3.84, 1.94, 3.42, 5.618, 5.89, 5.115, 5.489, 6.214], [2.55, 1.93, 1.1, 1.17, 1.53, 1.67, 1.53, 0, 0.89, 1.9, 1.71, 1.59, 1.88, 2.07, 1.85, 1.93, 2.04, 2.13, 2.04, 2.14, 2.38, 3.65, 4.61, 4.62, 4.2, 4.15, 4.43, 5.518, 5.701, 5.811, 6.736, 7.0, 7.023, 7.372, 6.742, 6.267, 6.929, 7.294, 7.064, 6.275, 5.47, 5.46, 5.493, 6.183, 6.565, 6.13, 5.957, 5.978, 6.235, 6.205, 5.744, 5.127, 4.43, 3.7, 2.69, 2.0, 1.49, 1.53, 1.79, 1.92, 2.27, 2.72, 2.73, 2.85, 2.43, 2.35, 2.29, 2.4, 3.13, 3.78, 4.57, 5.07, 5.14, 5.33, 4.47, 4.06, 4.51, 3.83, 2.71, 1.59, 4.81, 7.108, 7.343, 6.556, 6.837, 7.627], [2.32, 1.86, 1.29, 1.46, 1.56, 1.58, 1.48, 0.89, 0, 1.37, 1.34, 1.34, 1.85, 2.12, 1.88, 1.8, 1.69, 1.54, 1.69, 2.07, 2.27, 3.54, 4.48, 4.63, 4.25, 4.18, 4.1, 5.142, 5.345, 5.409, 6.329, 6.57, 6.597, 6.934, 6.304, 5.86, 6.519, 6.838, 6.637, 5.859, 5.111, 5.024, 5.014, 5.747, 6.13, 5.689, 5.501, 5.502, 5.757, 5.767, 5.297, 4.697, 4.0, 3.27, 2.38, 2.15, 1.78, 1.72, 1.72, 1.95, 2.42, 2.97, 2.98, 3.14, 2.72, 2.74, 2.62, 2.79, 3.4, 4.05, 4.84, 5.36, 5.45, 5.52, 4.6, 4.15, 4.58, 3.9, 2.86, 1.64, 4.314, 6.646, 6.987, 6.083, 6.381, 7.171], [1.91, 1.63, 1.56, 1.95, 1.79, 1.65, 1.61, 1.9, 1.37, 0, 1.05, 1.61, 2.72, 2.93, 2.57, 2.13, 2.0, 1.43, 1.32, 1.72, 2.36, 3.47, 4.11, 4.3, 4.14, 3.97, 3.39, 4.26, 4.489, 4.533, 5.464, 5.692, 5.693, 6.05, 5.426, 4.976, 5.566, 5.888, 5.769, 5.009, 4.169, 3.979, 4.064, 4.837, 5.231, 4.77, 4.562, 4.534, 4.873, 4.863, 4.382, 3.87, 3.13, 2.44, 2.11, 2.3, 2.39, 2.43, 2.39, 2.6, 3.21, 3.82, 3.85, 3.97, 3.69, 3.69, 3.53, 3.62, 4.25, 4.92, 5.69, 6.25, 6.34, 6.39, 5.47, 4.8, 5.15, 4.63, 3.49, 1.89, 3.3, 5.585, 6.002, 5.04, 5.357, 6.107], [1.68, 1.34, 1.41, 1.82, 1.52, 1.32, 1.28, 1.71, 1.34, 1.05, 0, 1.34, 2.73, 3.02, 2.66, 2.16, 1.53, 1.18, 1.01, 1.39, 1.95, 3.06, 3.78, 3.91, 3.61, 3.58, 3.24, 4.19, 4.422, 4.506, 5.38, 5.599, 5.569, 5.906, 5.322, 4.892, 5.516, 5.835, 5.725, 4.971, 4.148, 4.024, 3.983, 4.716, 5.113, 4.649, 4.463, 4.462, 4.749, 4.744, 4.334, 3.812, 3.057, 2.27, 1.62, 1.95, 2.4, 2.4, 2.46, 2.69, 3.32, 3.93, 3.96, 4.1, 3.68, 3.66, 3.52, 3.69, 4.36, 5.01, 5.82, 6.36, 6.45, 6.48, 5.54, 4.87, 5.24, 4.62, 3.54, 2.26, 3.49, 5.689, 6.024, 5.012, 5.301, 6.128], [2.32, 1.68, 1.43, 1.7, 1.72, 1.62, 1.64, 1.59, 1.34, 1.61, 1.34, 0, 1.51, 1.76, 1.58, 1.24, 1.17, 1.38, 1.67, 2.01, 2.23, 3.48, 4.42, 4.33, 3.97, 3.82, 4.24, 5.25, 5.516, 5.68, 6.592, 6.804, 6.834, 7.177, 6.553, 6.103, 6.687, 7.006, 6.876, 6.116, 5.237, 5.029, 5.144, 5.973, 6.376, 5.906, 5.714, 5.678, 5.977, 6.01, 5.529, 4.966, 4.206, 3.41, 2.4, 1.93, 1.9, 1.6, 1.46, 1.61, 2.08, 2.69, 2.72, 2.88, 2.78, 2.92, 2.6, 2.63, 3.22, 3.81, 4.58, 5.12, 5.21, 5.3, 4.38, 3.75, 4.2, 3.74, 2.48, 1.8, 4.214, 6.654, 7.067, 6.125, 6.475, 7.211], [3.57, 2.93, 2.24, 2.27, 2.65, 2.81, 2.77, 1.88, 1.85, 2.72, 2.73, 1.51, 0, 0.77, 1.13, 1.19, 1.68, 2.584, 2.98, 3.22, 3.3, 4.67, 5.69, 5.58, 5.12, 5.05, 5.59, 6.603, 6.869, 7.087, 7.993, 8.24, 8.269, 8.621, 7.991, 7.504, 8.111, 8.438, 8.286, 7.466, 6.627, 6.459, 6.591, 7.408, 7.811, 7.341, 7.161, 7.105, 7.412, 7.439, 6.976, 6.353, 5.633, 4.854, 3.75, 2.44, 1.77, 1.33, 1.23, 1.26, 1.57, 1.5, 1.65, 1.93, 2.25, 2.43, 2.01, 1.92, 2.35, 2.7, 3.33, 3.83, 3.78, 3.93, 3.11, 2.82, 3.17, 2.71, 1.83, 1.99, 5.47, 7.992, 8.437, 7.558, 7.924, 8.701], [3.74, 3.14, 2.51, 2.48, 2.94, 3.14, 3.06, 2.07, 2.12, 2.93, 3.02, 1.76, 0.77, 0, 1.04, 1.34, 1.97, 2.88, 3.31, 3.55, 3.47, 4.84, 5.86, 5.79, 5.31, 5.24, 5.82, 6.887, 7.133, 7.369, 8.289, 8.533, 8.565, 8.911, 8.281, 7.797, 8.37, 8.723, 8.558, 7.781, 6.896, 6.647, 6.873, 7.704, 8.107, 7.637, 7.434, 7.401, 7.708, 7.735, 7.248, 6.657, 5.914, 5.124, 4.04, 2.93, 2.0, 1.54, 1.36, 1.19, 1.38, 1.45, 1.62, 1.88, 2.4, 2.64, 2.2, 1.99, 2.36, 2.57, 3.12, 3.6, 3.51, 3.62, 2.82, 2.67, 2.94, 2.66, 1.92, 1.98, 5.669, 8.228, 8.706, 7.81, 8.174, 8.919], [3.48, 2.84, 2.23, 2.3, 2.78, 2.86, 2.8, 1.85, 1.88, 2.57, 2.66, 1.58, 1.13, 1.04, 0, 1.02, 1.59, 2.44, 2.83, 3.15, 3.39, 4.56, 5.48, 5.49, 5.09, 4.86, 5.4, 6.51, 6.756, 6.903, 7.843, 8.103, 8.142, 8.499, 7.869, 7.354, 7.978, 8.297, 8.121, 7.324, 6.454, 6.289, 6.443, 7.266, 7.669, 7.199, 7.02, 6.983, 7.29, 7.297, 6.816, 6.213, 5.513, 4.73, 3.74, 2.99, 1.98, 1.56, 1.24, 1.09, 1.48, 1.53, 1.66, 1.82, 2.28, 2.56, 2.08, 1.93, 2.22, 2.69, 3.28, 3.74, 3.83, 3.94, 3.18, 2.83, 3.16, 2.82, 2.0, 1.62, 5.239, 7.805, 8.227, 7.428, 7.76, 8.551], [3.26, 2.58, 2.01, 2.2, 2.42, 2.6, 2.54, 1.93, 1.8, 2.13, 2.16, 1.24, 1.19, 1.34, 1.02, 0, 1.09, 1.84, 2.45, 2.85, 3.05, 4.32, 5.16, 5.07, 4.67, 4.38, 4.92, 6.05, 6.256, 6.36, 7.294, 7.542, 7.511, 7.908, 7.31, 6.786, 7.379, 7.715, 7.556, 6.844, 5.919, 5.809, 5.879, 6.683, 7.089, 6.619, 6.433, 6.401, 6.671, 6.701, 6.26, 5.68, 4.94, 4.15, 3.22, 2.47, 1.92, 1.44, 1.3, 1.25, 1.88, 2.01, 2.14, 2.22, 2.54, 2.76, 2.38, 2.41, 2.62, 3.07, 3.8, 4.3, 4.47, 4.58, 3.66, 3.15, 3.5, 2.96, 2.12, 1.76, 4.85, 7.38, 7.712, 6.879, 7.223, 7.953], [2.81, 2.15, 2.0, 2.31, 2.31, 2.13, 2.09, 2.04, 1.69, 2.0, 1.53, 1.17, 1.68, 1.97, 1.59, 1.09, 0, 1.15, 1.9, 2.34, 2.56, 3.77, 4.73, 4.74, 4.38, 4.13, 4.37, 5.4, 5.62, 5.713, 6.59, 6.797, 6.761, 7.17, 6.54, 6.05, 6.64, 7.039, 6.837, 6.137, 5.272, 5.185, 5.152, 5.954, 6.354, 5.904, 5.744, 5.74, 5.981, 6.011, 5.53, 4.95, 4.21, 3.48, 2.59, 2.36, 2.51, 2.01, 1.73, 1.86, 2.51, 2.62, 2.81, 2.95, 3.27, 3.45, 3.01, 3.16, 3.43, 3.74, 4.41, 5.01, 5.1, 5.17, 4.27, 3.82, 4.05, 3.45, 2.67, 2.07, 4.26, 6.755, 7.119, 6.169, 6.479, 7.286], [2.04, 1.74, 1.95, 2.38, 2.14, 1.62, 1.5, 2.13, 1.54, 1.43, 1.18, 1.38, 2.584, 2.88, 2.44, 1.84, 1.15, 0, 1.17, 1.65, 2.31, 3.28, 3.98, 4.17, 3.91, 3.74, 3.36, 4.45, 4.67, 4.74, 5.64, 5.867, 5.845, 6.22, 5.61, 5.08, 5.67, 6.08, 5.887, 5.17, 4.29, 4.2, 4.19, 4.998, 5.398, 4.948, 4.78, 4.77, 5.025, 5.07, 4.56, 4.0, 3.28, 2.53, 2.02, 2.27, 2.72, 2.32, 2.22, 2.37, 2.98, 3.47, 3.5, 3.68, 3.62, 3.68, 3.42, 3.59, 4.0, 4.55, 5.32, 5.94, 6.069, 6.145, 5.234, 4.67, 5.04, 4.46, 3.28, 2.08, 3.33, 5.808, 6.089, 5.202, 5.509, 6.276], [1.61, 1.59, 1.8, 2.15, 1.89, 1.41, 1.33, 2.04, 1.69, 1.32, 1.01, 1.67, 2.98, 3.31, 2.83, 2.45, 1.9, 1.17, 0, 1.16, 1.98, 2.89, 3.43, 3.54, 3.38, 3.37, 2.93, 3.94, 4.16, 4.29, 5.21, 5.419, 5.446, 5.823, 5.193, 4.701, 5.289, 5.679, 5.438, 4.654, 3.852, 3.762, 3.816, 4.587, 4.97, 4.54, 4.349, 4.336, 4.606, 4.596, 4.17, 3.53, 2.83, 2.1, 1.71, 2.2, 2.85, 2.75, 2.75, 2.92, 3.51, 3.98, 3.99, 4.09, 3.79, 3.85, 3.77, 3.72, 4.37, 4.98, 5.81, 6.37, 6.5, 6.67, 5.83, 5.28, 5.73, 5.01, 3.81, 2.17, 2.86, 5.275, 5.608, 4.815, 5.182, 5.932], [0.93, 0.99, 1.52, 1.83, 1.57, 0.81, 0.93, 2.14, 2.07, 1.72, 1.39, 2.01, 3.22, 3.55, 3.15, 2.85, 2.34, 1.65, 1.16, 0, 1.26, 2.19, 2.85, 2.94, 2.78, 2.69, 2.49, 3.56, 3.789, 3.947, 4.873, 5.145, 5.172, 5.529, 4.899, 4.384, 5.023, 5.387, 5.187, 4.387, 3.564, 3.477, 3.727, 4.345, 4.719, 4.269, 4.115, 4.101, 4.471, 4.422, 3.91, 3.33, 2.63, 1.8, 1.31, 1.72, 2.83, 3.03, 3.13, 3.34, 3.89, 4.4, 4.43, 4.57, 4.19, 4.17, 4.07, 4.08, 4.85, 5.48, 6.29, 6.77, 6.88, 7.07, 6.23, 5.68, 6.15, 5.49, 4.23, 2.25, 2.94, 5.108, 5.34, 4.621, 4.97, 5.644], [1.19, 1.33, 1.8, 2.01, 1.69, 1.29, 1.31, 2.38, 2.27, 2.36, 1.95, 2.23, 3.3, 3.47, 3.39, 3.05, 2.56, 2.31, 1.98, 1.26, 0, 1.51, 2.55, 2.56, 2.16, 2.15, 2.43, 3.5, 3.703, 3.939, 4.876, 5.143, 5.172, 5.518, 4.888, 4.41, 5.003, 5.382, 5.168, 4.426, 3.648, 3.595, 3.976, 4.602, 4.834, 4.344, 4.349, 4.276, 4.666, 4.759, 4.27, 3.71, 2.91, 2.0, 1.05, 1.44, 2.81, 3.09, 3.21, 3.34, 3.87, 4.38, 4.41, 4.55, 4.23, 4.13, 4.09, 4.08, 4.83, 5.46, 6.27, 6.77, 6.86, 6.99, 6.09, 5.68, 6.17, 5.67, 4.39, 2.35, 3.02, 5.169, 5.404, 4.68, 5.19, 5.68], [1.84, 2.24, 2.99, 3.18, 2.88, 2.26, 2.4, 3.65, 3.54, 3.47, 3.06, 3.48, 4.67, 4.84, 4.56, 4.32, 3.77, 3.28, 2.89, 2.19, 1.51, 0, 1.14, 1.47, 1.43, 1.32, 1.5, 2.67, 3.15, 3.471, 4.331, 4.549, 4.54, 4.74, 4.39, 4.18, 4.67, 4.84, 4.87, 4.33, 3.704, 3.714, 4.33, 4.718, 4.658, 4.228, 4.488, 4.59, 5.0, 5.13, 4.58, 4.02, 3.34, 2.41, 1.8, 2.71, 4.18, 4.48, 4.52, 4.61, 5.1, 5.63, 5.7, 5.64, 5.46, 5.32, 5.3, 5.25, 5.94, 6.41, 7.38, 7.7, 7.81, 8.04, 7.38, 6.95, 7.46, 7.02, 5.7, 3.58, 3.13, 5.145, 5.112, 5.03, 5.42, 5.65], [2.52, 3.14, 3.95, 4.16, 3.8, 3.2, 3.34, 4.61, 4.48, 4.11, 3.78, 4.42, 5.69, 5.86, 5.48, 5.16, 4.73, 3.98, 3.43, 2.85, 2.55, 1.14, 0, 0.79, 1.29, 1.22, 1.46, 2.27, 2.93, 3.214, 3.954, 4.158, 4.1, 4.16, 4.07, 4.12, 4.51, 4.72, 4.79, 4.35, 3.846, 3.899, 4.49, 4.764, 4.644, 4.176, 4.511, 4.69, 5.12, 5.19, 4.62, 4.08, 3.42, 2.63, 2.54, 3.65, 5.16, 5.46, 5.5, 5.57, 6.06, 6.53, 6.58, 6.54, 6.26, 6.16, 6.26, 6.15, 6.72, 7.25, 8.24, 8.6, 8.79, 8.98, 8.32, 7.91, 8.42, 7.96, 6.64, 4.48, 3.25, 4.838, 4.84, 5.13, 5.52, 5.53], [2.75, 3.25, 3.96, 4.09, 3.79, 3.29, 3.41, 4.62, 4.63, 4.3, 3.91, 4.33, 5.58, 5.79, 5.49, 5.07, 4.74, 4.17, 3.54, 2.94, 2.56, 1.47, 0.79, 0, 0.92, 1.07, 1.47, 1.98, 2.62, 3.069, 3.829, 3.954, 3.91, 3.95, 3.82, 3.87, 4.28, 4.59, 4.76, 4.34, 3.759, 3.93, 4.42, 4.659, 4.496, 4.086, 4.346, 4.56, 4.97, 5.02, 4.41, 3.89, 3.25, 2.82, 2.63, 3.56, 5.05, 5.35, 5.41, 5.48, 6.03, 6.46, 6.49, 6.49, 6.19, 6.11, 6.19, 6.06, 6.65, 7.26, 8.21, 8.67, 8.84, 9.03, 8.25, 7.84, 8.35, 7.87, 6.57, 4.55, 3.16, 4.545, 4.63, 5.04, 5.37, 5.38], [2.51, 2.89, 3.54, 3.61, 3.33, 2.87, 3.03, 4.2, 4.25, 4.14, 3.61, 3.97, 5.12, 5.31, 5.09, 4.67, 4.38, 3.91, 3.38, 2.78, 2.16, 1.43, 1.29, 0.92, 0, 1.05, 2.01, 2.46, 2.88, 3.269, 4.249, 4.314, 4.35, 4.41, 4.14, 3.97, 4.44, 4.89, 5.02, 4.54, 3.879, 4.03, 4.48, 4.739, 4.716, 4.266, 4.386, 4.62, 5.01, 5.02, 4.45, 3.95, 3.29, 2.76, 2.33, 3.1, 4.63, 4.95, 5.03, 5.1, 5.59, 6.0, 6.05, 6.05, 5.73, 5.63, 5.73, 5.62, 6.27, 6.8, 7.79, 8.23, 8.36, 8.57, 7.83, 7.38, 7.89, 7.41, 6.13, 4.21, 3.24, 4.556, 4.67, 5.1, 5.45, 5.58], [2.52, 2.86, 3.51, 3.6, 3.36, 2.88, 2.96, 4.15, 4.18, 3.97, 3.58, 3.82, 5.05, 5.24, 4.86, 4.38, 4.13, 3.74, 3.37, 2.69, 2.15, 1.32, 1.22, 1.07, 1.05, 0, 1.58, 2.25, 2.83, 3.114, 3.854, 4.021, 4.02, 4.24, 3.87, 3.9, 4.31, 4.52, 4.65, 4.21, 3.586, 3.76, 4.25, 4.521, 4.421, 3.976, 4.291, 4.45, 4.84, 4.93, 4.38, 3.84, 3.16, 2.59, 2.28, 2.95, 4.52, 4.84, 4.9, 4.95, 5.44, 5.91, 5.96, 5.9, 5.64, 5.48, 5.58, 5.55, 6.2, 6.79, 7.68, 8.22, 8.35, 8.48, 7.66, 7.17, 7.62, 7.12, 5.92, 4.0, 3.05, 4.672, 4.68, 4.89, 5.3, 5.41], [2.38, 2.94, 3.69, 3.96, 3.56, 2.94, 2.98, 4.43, 4.1, 3.39, 3.24, 4.24, 5.59, 5.82, 5.4, 4.92, 4.37, 3.36, 2.93, 2.49, 2.43, 1.5, 1.46, 1.47, 2.01, 1.58, 0, 1.59, 1.93, 2.28, 3.051, 3.29, 3.24, 3.48, 3.17, 3.16, 3.53, 3.68, 3.69, 3.23, 2.784, 2.919, 3.41, 3.718, 3.598, 3.148, 3.488, 3.65, 4.04, 4.15, 3.62, 3.02, 2.34, 1.67, 2.24, 3.45, 5.04, 5.34, 5.36, 5.45, 6.02, 6.57, 6.6, 6.64, 6.32, 6.2, 6.16, 6.27, 6.88, 7.53, 8.34, 8.9, 8.99, 9.08, 8.22, 7.65, 8.12, 7.56, 6.46, 4.38, 2.41, 4.169, 4.112, 4.11, 4.5, 4.61], [3.435, 4.05, 4.784, 5.094, 4.554, 3.948, 4.048, 5.518, 5.142, 4.26, 4.19, 5.25, 6.603, 6.887, 6.51, 6.05, 5.4, 4.45, 3.94, 3.56, 3.5, 2.67, 2.27, 1.98, 2.46, 2.25, 1.59, 0, 1.02, 1.45, 2.29, 2.22, 2.19, 2.25, 2.1, 2.07, 2.44, 2.81, 3.04, 2.62, 2.1, 2.41, 2.68, 2.86, 2.7, 2.33, 2.53, 2.7, 3.07, 3.2, 2.57, 2.15, 1.79, 2.44, 3.33, 4.52, 6.05, 6.33, 6.31, 6.42, 7.07, 7.66, 7.67, 7.83, 7.51, 7.43, 7.33, 7.44, 8.09, 8.74, 9.53, 10.07, 10.18, 10.21, 9.31, 8.64, 9.09, 8.59, 7.45, 5.43, 2.06, 2.799, 2.85, 3.24, 3.53, 3.6], [3.65, 4.276, 4.995, 5.217, 4.714, 4.199, 4.282, 5.701, 5.345, 4.489, 4.422, 5.516, 6.869, 7.133, 6.756, 6.256, 5.62, 4.67, 4.16, 3.789, 3.703, 3.15, 2.93, 2.62, 2.88, 2.83, 1.93, 1.02, 0, 1.05, 2.03, 1.84, 1.83, 1.91, 1.58, 1.47, 1.82, 2.43, 2.5, 2.08, 1.86, 2.23, 2.44, 2.3, 2.16, 1.83, 1.99, 2.22, 2.51, 2.66, 2.07, 1.83, 1.81, 2.52, 3.48, 4.74, 6.35, 6.63, 6.61, 6.72, 7.35, 7.94, 7.95, 8.07, 7.722, 7.585, 7.582, 7.679, 8.33, 8.948, 9.77, 10.349, 10.431, 10.47, 9.57, 8.94, 9.37, 8.83, 7.73, 5.67, 2.18, 2.52, 2.61, 2.84, 3.07, 3.0], [3.928, 4.497, 5.176, 5.427, 4.884, 4.423, 4.46, 5.811, 5.409, 4.533, 4.506, 5.68, 7.087, 7.369, 6.903, 6.36, 5.713, 4.74, 4.29, 3.947, 3.939, 3.471, 3.214, 3.069, 3.269, 3.114, 2.28, 1.45, 1.05, 0, 1.52, 1.61, 1.66, 1.88, 1.45, 1.18, 1.49, 2.08, 2.01, 1.81, 1.75, 2.2, 2.05, 1.89, 1.77, 1.36, 1.68, 1.89, 2.18, 2.35, 1.78, 1.74, 1.78, 2.565, 3.527, 4.81, 6.44, 6.78, 6.76, 6.91, 7.54, 8.15, 8.18, 8.262, 7.859, 7.762, 7.717, 7.887, 8.508, 9.178, 9.985, 10.559, 10.661, 10.72, 9.789, 9.144, 9.54, 8.829, 7.857, 5.88, 2.23, 2.43, 2.44, 2.65, 2.86, 2.73], [4.868, 5.457, 6.11, 6.217, 5.769, 5.343, 5.42, 6.736, 6.329, 5.464, 5.38, 6.592, 7.993, 8.289, 7.843, 7.294, 6.59, 5.64, 5.21, 4.873, 4.876, 4.331, 3.954, 3.829, 4.249, 3.854, 3.051, 2.29, 2.03, 1.52, 0, 0.85, 1.36, 1.44, 1.23, 1.52, 1.49, 1.84, 1.75, 1.63, 1.89, 2.2, 2.03, 1.77, 1.69, 1.68, 1.88, 2.15, 2.3, 2.41, 2.08, 2.26, 2.66, 3.25, 4.363, 5.687, 7.32, 7.677, 7.68, 7.83, 8.48, 9.09, 9.12, 9.202, 8.799, 8.722, 8.651, 8.809, 9.448, 10.098, 10.925, 11.499, 11.601, 11.64, 10.709, 10.044, 10.4, 9.666, 8.757, 6.82, 3.01, 2.49, 2.38, 2.57, 2.94, 2.65], [5.143, 5.732, 6.385, 6.481, 5.996, 5.57, 5.681, 7.0, 6.57, 5.692, 5.599, 6.804, 8.24, 8.533, 8.103, 7.542, 6.797, 5.867, 5.419, 5.145, 5.143, 4.549, 4.158, 3.954, 4.314, 4.021, 3.29, 2.22, 1.84, 1.61, 0.85, 0, 0.91, 0.93, 0.96, 1.53, 1.56, 1.97, 2.02, 1.72, 2.08, 2.31, 2.2, 1.88, 1.74, 1.77, 1.89, 2.26, 2.43, 2.56, 2.13, 2.15, 2.699, 3.417, 4.59, 5.894, 7.467, 7.824, 7.85, 8.06, 8.699, 9.296, 9.306, 9.409, 9.074, 9.0, 8.938, 9.076, 9.675, 10.305, 11.132, 11.706, 11.808, 11.884, 10.956, 10.252, 10.587, 9.853, 8.904, 7.03, 3.24, 2.52, 2.53, 2.8, 3.13, 2.8], [5.173, 5.764, 6.417, 6.513, 6.028, 5.602, 5.71, 7.023, 6.597, 5.693, 5.569, 6.834, 8.269, 8.565, 8.142, 7.511, 6.761, 5.845, 5.446, 5.172, 5.172, 4.54, 4.1, 3.91, 4.35, 4.02, 3.24, 2.19, 1.83, 1.66, 1.36, 0.91, 0, 0.88, 1.05, 1.68, 1.75, 2.18, 2.21, 2.03, 2.35, 2.68, 2.65, 1.91, 1.49, 1.62, 2.02, 2.25, 2.38, 2.45, 2.3, 2.48, 2.757, 3.47, 4.586, 5.927, 7.483, 7.752, 7.826, 8.061, 8.688, 9.283, 9.313, 9.456, 9.113, 9.036, 8.985, 9.123, 9.722, 10.332, 11.139, 11.713, 11.855, 11.931, 10.982, 10.284, 10.603, 9.877, 8.9, 7.039, 3.31, 2.75, 2.72, 2.87, 3.18, 2.95], [5.525, 6.101, 6.763, 6.85, 6.365, 5.939, 6.047, 7.372, 6.934, 6.05, 5.906, 7.177, 8.621, 8.911, 8.499, 7.908, 7.17, 6.22, 5.823, 5.529, 5.518, 4.74, 4.16, 3.95, 4.41, 4.24, 3.48, 2.25, 1.91, 1.88, 1.44, 0.93, 0.88, 0, 0.81, 1.52, 1.57, 2.06, 2.09, 1.89, 2.31, 2.6, 2.61, 1.97, 1.63, 1.78, 1.92, 2.13, 2.3, 2.37, 2.16, 2.46, 3.04, 3.827, 4.934, 6.304, 7.86, 8.1, 8.16, 8.41, 9.04, 9.65, 9.68, 9.853, 9.471, 9.381, 9.342, 9.501, 10.119, 10.749, 11.52, 12.12, 12.25, 12.288, 11.328, 10.624, 10.96, 10.26, 9.28, 7.4, 3.61, 2.43, 2.56, 2.79, 3.04, 2.77], [4.895, 5.483, 6.133, 6.258, 5.744, 5.321, 5.432, 6.742, 6.304, 5.426, 5.322, 6.553, 7.991, 8.281, 7.869, 7.31, 6.54, 5.61, 5.193, 4.899, 4.888, 4.39, 4.07, 3.82, 4.14, 3.87, 3.17, 2.1, 1.58, 1.45, 1.23, 0.96, 1.05, 0.81, 0, 0.91, 1.28, 1.85, 1.86, 1.58, 1.82, 2.13, 2.06, 1.54, 1.32, 1.39, 1.47, 1.74, 1.93, 2.0, 1.63, 1.83, 2.41, 3.2, 4.344, 5.68, 7.23, 7.55, 7.55, 7.78, 8.43, 9.04, 9.07, 9.223, 8.841, 8.763, 8.712, 8.871, 9.489, 10.119, 10.91, 11.49, 11.62, 11.658, 10.698, 10.006, 10.33, 9.63, 8.65, 6.79, 3.04, 2.26, 2.37, 2.34, 2.55, 2.36], [4.431, 5.017, 5.647, 5.855, 5.324, 4.854, 4.931, 6.267, 5.86, 4.976, 4.892, 6.103, 7.504, 7.797, 7.354, 6.786, 6.05, 5.08, 4.701, 4.384, 4.41, 4.18, 4.12, 3.87, 3.97, 3.9, 3.16, 2.07, 1.47, 1.18, 1.52, 1.53, 1.68, 1.52, 0.91, 0, 0.93, 1.62, 1.61, 1.35, 1.31, 1.76, 1.63, 1.25, 1.23, 0.98, 1.04, 1.13, 1.36, 1.45, 1.16, 1.44, 2.04, 2.99, 3.9, 5.23, 6.8, 7.12, 7.12, 7.27, 7.92, 8.53, 8.56, 8.693, 8.311, 8.233, 8.162, 8.321, 8.939, 9.589, 10.4, 10.991, 11.092, 11.131, 10.2, 9.536, 9.892, 9.16, 8.2, 6.26, 2.53, 1.83, 1.9, 1.79, 1.98, 2.05], [5.003, 5.61, 6.289, 6.468, 5.942, 5.473, 5.576, 6.929, 6.519, 5.566, 5.516, 6.687, 8.111, 8.37, 7.978, 7.379, 6.64, 5.67, 5.289, 5.023, 5.003, 4.67, 4.51, 4.28, 4.44, 4.31, 3.53, 2.44, 1.82, 1.49, 1.49, 1.56, 1.75, 1.57, 1.28, 0.93, 0, 1.01, 1.1, 1.04, 1.62, 1.99, 1.82, 1.48, 1.34, 1.29, 1.35, 1.38, 1.49, 1.64, 1.53, 2.03, 2.61, 3.45, 4.459, 5.787, 7.37, 7.69, 7.71, 7.88, 8.51, 9.12, 9.15, 9.266, 8.923, 8.866, 8.795, 8.913, 9.512, 10.142, 10.949, 11.543, 11.665, 11.721, 10.793, 10.109, 10.464, 9.799, 8.77, 6.83, 3.02, 1.42, 1.35, 1.6, 1.81, 1.6], [5.385, 5.968, 6.676, 6.939, 6.341, 5.827, 5.938, 7.294, 6.838, 5.888, 5.835, 7.006, 8.438, 8.723, 8.297, 7.715, 7.039, 6.08, 5.679, 5.387, 5.382, 4.84, 4.72, 4.59, 4.89, 4.52, 3.68, 2.81, 2.43, 2.08, 1.84, 1.97, 2.18, 2.06, 1.85, 1.62, 1.01, 0, 0.61, 1.27, 1.91, 2.18, 1.93, 1.63, 1.53, 1.46, 1.6, 1.65, 1.7, 1.89, 2.0, 2.5, 3.16, 3.96, 4.884, 6.157, 7.694, 8.034, 8.04, 8.25, 8.88, 9.483, 9.493, 9.616, 9.318, 9.272, 9.185, 9.26, 9.842, 10.472, 11.319, 11.913, 12.015, 12.091, 11.163, 10.439, 10.794, 10.169, 9.092, 7.179, 3.39, 1.57, 1.28, 1.39, 1.72, 1.55], [5.155, 5.744, 6.429, 6.626, 6.103, 5.651, 5.716, 7.064, 6.637, 5.769, 5.725, 6.876, 8.286, 8.558, 8.121, 7.556, 6.837, 5.887, 5.438, 5.187, 5.168, 4.87, 4.79, 4.76, 5.02, 4.65, 3.69, 3.04, 2.5, 2.01, 1.75, 2.02, 2.21, 2.09, 1.86, 1.61, 1.1, 0.61, 0, 0.86, 1.74, 2.07, 1.94, 1.54, 1.5, 1.45, 1.67, 1.7, 1.63, 1.88, 1.95, 2.41, 3.07, 3.79, 4.745, 6.014, 7.604, 7.904, 7.902, 8.029, 8.656, 9.263, 9.29, 9.426, 9.055, 8.996, 8.947, 9.07, 9.652, 10.262, 11.089, 11.683, 11.816, 11.875, 10.958, 10.309, 10.704, 10.013, 8.962, 6.982, 3.36, 1.68, 1.39, 1.56, 1.89, 1.64], [4.352, 4.964, 5.646, 5.806, 5.323, 4.831, 4.919, 6.275, 5.859, 5.009, 4.971, 6.116, 7.466, 7.781, 7.324, 6.844, 6.137, 5.17, 4.654, 4.387, 4.426, 4.33, 4.35, 4.34, 4.54, 4.21, 3.23, 2.62, 2.08, 1.81, 1.63, 1.72, 2.03, 1.89, 1.58, 1.35, 1.04, 1.27, 0.86, 0, 1.08, 1.39, 1.46, 1.36, 1.46, 1.21, 1.29, 1.38, 1.53, 1.82, 1.53, 1.75, 2.37, 2.99, 3.987, 5.234, 6.864, 7.17, 7.17, 7.32, 7.93, 8.54, 8.55, 8.646, 8.313, 8.206, 8.155, 8.293, 8.912, 9.522, 10.356, 10.943, 11.045, 11.101, 10.213, 9.549, 9.944, 9.256, 8.242, 6.23, 2.6, 1.94, 1.79, 1.62, 2.07, 1.94], [3.527, 4.117, 4.825, 5.155, 4.617, 4.029, 4.1, 5.47, 5.111, 4.169, 4.148, 5.237, 6.627, 6.896, 6.454, 5.919, 5.272, 4.29, 3.852, 3.564, 3.648, 3.704, 3.846, 3.759, 3.879, 3.586, 2.784, 2.1, 1.86, 1.75, 1.89, 2.08, 2.35, 2.31, 1.82, 1.31, 1.62, 1.91, 1.74, 1.08, 0, 0.79, 1.26, 1.52, 1.76, 1.35, 1.39, 1.5, 1.75, 1.96, 1.55, 1.49, 1.79, 2.434, 3.265, 4.45, 5.996, 6.33, 6.31, 6.42, 7.03, 7.626, 7.636, 7.749, 7.485, 7.425, 7.322, 7.394, 8.035, 8.645, 9.479, 10.026, 10.128, 10.207, 9.296, 8.652, 9.047, 8.502, 7.39, 5.33, 2.0, 2.28, 2.21, 1.86, 2.27, 2.38], [3.419, 3.95, 4.737, 5.067, 4.49, 3.893, 4.055, 5.46, 5.024, 3.979, 4.024, 5.029, 6.459, 6.647, 6.289, 5.809, 5.185, 4.2, 3.762, 3.477, 3.595, 3.714, 3.899, 3.93, 4.03, 3.76, 2.919, 2.41, 2.23, 2.2, 2.2, 2.31, 2.68, 2.6, 2.13, 1.76, 1.99, 2.18, 2.07, 1.39, 0.79, 0, 1.11, 1.49, 1.91, 1.64, 1.48, 1.57, 1.84, 1.93, 1.54, 1.5, 2.0, 2.504, 3.242, 4.425, 5.827, 6.08, 6.08, 6.17, 6.78, 7.386, 7.4, 7.559, 7.341, 7.267, 7.195, 7.199, 7.829, 8.442, 9.22, 9.776, 9.898, 9.954, 9.054, 8.379, 8.789, 8.392, 7.132, 5.1, 2.03, 2.35, 2.42, 1.91, 2.38, 2.55], [3.843, 4.277, 4.947, 5.234, 4.677, 4.1, 4.151, 5.493, 5.014, 4.064, 3.983, 5.144, 6.591, 6.873, 6.443, 5.879, 5.152, 4.19, 3.816, 3.727, 3.976, 4.33, 4.49, 4.42, 4.48, 4.25, 3.41, 2.68, 2.44, 2.05, 2.03, 2.2, 2.65, 2.61, 2.06, 1.63, 1.82, 1.93, 1.94, 1.46, 1.26, 1.11, 0, 1.06, 1.7, 1.39, 0.93, 1.2, 1.35, 1.52, 1.19, 1.21, 1.77, 2.536, 3.486, 4.501, 5.854, 6.162, 6.179, 6.386, 7.01, 7.613, 7.623, 7.766, 7.483, 7.448, 7.335, 7.413, 7.992, 8.642, 9.449, 10.043, 10.165, 10.229, 9.31, 8.589, 8.924, 8.279, 7.222, 5.35, 2.08, 2.24, 2.37, 1.54, 1.89, 2.5], [4.458, 4.975, 5.605, 5.755, 5.23, 4.741, 4.869, 6.183, 5.747, 4.837, 4.716, 5.973, 7.408, 7.704, 7.266, 6.683, 5.954, 4.998, 4.587, 4.345, 4.602, 4.718, 4.764, 4.659, 4.739, 4.521, 3.718, 2.86, 2.3, 1.89, 1.77, 1.88, 1.91, 1.97, 1.54, 1.25, 1.48, 1.63, 1.54, 1.36, 1.52, 1.49, 1.06, 0, 0.8, 0.91, 0.79, 1.06, 0.95, 1.06, 1.11, 1.49, 2.21, 2.942, 3.869, 5.12, 6.636, 6.924, 6.979, 7.214, 7.841, 8.436, 8.466, 8.609, 8.197, 8.123, 8.103, 8.256, 8.835, 9.485, 10.292, 10.886, 11.008, 11.072, 10.141, 9.42, 9.736, 9.053, 8.053, 6.172, 2.66, 2.12, 2.13, 1.54, 1.85, 2.1], [4.809, 5.378, 6.008, 6.125, 5.63, 5.141, 5.249, 6.565, 6.13, 5.231, 5.113, 6.376, 7.811, 8.107, 7.669, 7.089, 6.354, 5.398, 4.97, 4.719, 4.834, 4.658, 4.644, 4.496, 4.716, 4.421, 3.598, 2.7, 2.16, 1.77, 1.69, 1.74, 1.49, 1.63, 1.32, 1.23, 1.34, 1.53, 1.5, 1.46, 1.76, 1.91, 1.7, 0.8, 0, 0.77, 1.09, 1.24, 1.29, 1.4, 1.61, 1.93, 2.47, 3.253, 4.219, 5.54, 7.056, 7.324, 7.359, 7.594, 8.241, 8.836, 8.866, 9.015, 8.6, 8.526, 8.506, 8.665, 9.255, 9.885, 10.692, 11.286, 11.413, 11.455, 10.524, 9.826, 10.147, 9.447, 8.453, 6.572, 2.82, 2.2, 2.19, 1.78, 2.03, 2.08], [4.312, 4.895, 5.542, 5.765, 5.188, 4.718, 4.802, 6.13, 5.689, 4.77, 4.649, 5.906, 7.341, 7.637, 7.199, 6.619, 5.904, 4.948, 4.54, 4.269, 4.344, 4.228, 4.176, 4.086, 4.266, 3.976, 3.148, 2.33, 1.83, 1.36, 1.68, 1.77, 1.62, 1.78, 1.39, 0.98, 1.29, 1.46, 1.45, 1.21, 1.35, 1.64, 1.39, 0.91, 0.77, 0, 0.82, 0.95, 1.26, 1.41, 1.34, 1.66, 2.12, 2.823, 3.747, 5.05, 6.586, 6.874, 6.909, 7.144, 7.791, 8.386, 8.416, 8.559, 8.15, 8.116, 8.056, 8.206, 8.785, 9.415, 10.242, 10.836, 10.958, 11.005, 10.074, 9.37, 9.686, 9.003, 8.003, 6.122, 2.39, 2.11, 2.08, 1.73, 2.06, 2.11], [4.21, 4.711, 5.341, 5.584, 5.021, 4.52, 4.617, 5.957, 5.501, 4.562, 4.463, 5.714, 7.161, 7.434, 7.02, 6.433, 5.744, 4.78, 4.349, 4.115, 4.349, 4.488, 4.511, 4.346, 4.386, 4.291, 3.488, 2.53, 1.99, 1.68, 1.88, 1.89, 2.02, 1.92, 1.47, 1.04, 1.35, 1.6, 1.67, 1.29, 1.39, 1.48, 0.93, 0.79, 1.09, 0.82, 0, 0.77, 0.98, 1.15, 0.92, 1.26, 1.92, 2.766, 3.693, 4.951, 6.386, 6.68, 6.72, 6.97, 7.6, 8.206, 8.236, 8.359, 7.996, 7.939, 7.848, 7.986, 8.585, 9.235, 10.062, 10.656, 10.758, 10.794, 9.854, 9.13, 9.446, 8.832, 7.823, 5.942, 2.31, 1.93, 1.98, 1.55, 1.78, 2.15], [4.217, 4.745, 5.367, 5.705, 5.145, 4.58, 4.638, 5.978, 5.502, 4.534, 4.462, 5.678, 7.105, 7.401, 6.983, 6.401, 5.74, 4.77, 4.336, 4.101, 4.276, 4.59, 4.69, 4.56, 4.62, 4.45, 3.65, 2.7, 2.22, 1.89, 2.15, 2.26, 2.25, 2.13, 1.74, 1.13, 1.38, 1.65, 1.7, 1.38, 1.5, 1.57, 1.2, 1.06, 1.24, 0.95, 0.77, 0, 0.69, 0.98, 0.99, 1.55, 2.07, 2.98, 3.797, 5.038, 6.41, 6.67, 6.71, 6.96, 7.59, 8.193, 8.223, 8.346, 7.983, 7.945, 7.835, 7.933, 8.552, 9.202, 10.049, 10.643, 10.745, 10.801, 9.861, 9.137, 9.464, 8.779, 7.81, 5.909, 2.24, 1.84, 1.93, 1.36, 1.63, 2.12], [4.527, 5.047, 5.714, 5.935, 5.398, 4.877, 4.948, 6.235, 5.757, 4.873, 4.749, 5.977, 7.412, 7.708, 7.29, 6.671, 5.981, 5.025, 4.606, 4.471, 4.666, 5.0, 5.12, 4.97, 5.01, 4.84, 4.04, 3.07, 2.51, 2.18, 2.3, 2.43, 2.38, 2.3, 1.93, 1.36, 1.49, 1.7, 1.63, 1.53, 1.75, 1.84, 1.35, 0.95, 1.29, 1.26, 0.98, 0.69, 0, 0.71, 0.92, 1.58, 2.24, 3.19, 4.096, 5.288, 6.683, 6.952, 7.0, 7.25, 7.888, 8.483, 8.513, 8.616, 8.221, 8.196, 8.125, 8.263, 8.842, 9.492, 10.319, 10.913, 11.015, 11.091, 10.151, 9.447, 9.763, 9.06, 8.08, 6.219, 2.71, 1.79, 1.88, 1.33, 1.38, 1.89], [4.586, 5.078, 5.688, 5.834, 5.325, 4.807, 4.898, 6.205, 5.767, 4.863, 4.744, 6.01, 7.439, 7.735, 7.297, 6.701, 6.011, 5.07, 4.596, 4.422, 4.759, 5.13, 5.19, 5.02, 5.02, 4.93, 4.15, 3.2, 2.66, 2.35, 2.41, 2.56, 2.45, 2.37, 2.0, 1.45, 1.64, 1.89, 1.88, 1.82, 1.96, 1.93, 1.52, 1.06, 1.4, 1.41, 1.15, 0.98, 0.71, 0, 0.93, 1.53, 2.21, 3.16, 4.126, 5.278, 6.73, 6.97, 7.01, 7.26, 7.91, 8.513, 8.543, 8.646, 8.263, 8.186, 8.152, 8.293, 8.892, 9.522, 10.349, 10.943, 11.045, 11.101, 10.161, 9.457, 9.784, 9.07, 8.11, 6.23, 2.86, 1.92, 1.95, 1.48, 1.39, 1.92], [4.0, 4.52, 5.152, 5.318, 4.76, 4.291, 4.422, 5.744, 5.297, 4.382, 4.334, 5.529, 6.976, 7.248, 6.816, 6.26, 5.53, 4.56, 4.17, 3.91, 4.27, 4.58, 4.62, 4.41, 4.45, 4.38, 3.62, 2.57, 2.07, 1.78, 2.08, 2.13, 2.3, 2.16, 1.63, 1.16, 1.53, 2.0, 1.95, 1.53, 1.55, 1.54, 1.19, 1.11, 1.61, 1.34, 0.92, 0.99, 0.92, 0.93, 0, 0.86, 1.66, 2.67, 3.66, 4.75, 6.22, 6.5, 6.52, 6.75, 7.36, 7.97, 8.0, 8.171, 7.788, 7.711, 7.659, 7.812, 8.42, 9.05, 9.82, 10.44, 10.569, 10.605, 9.665, 8.967, 9.32, 8.66, 7.6, 5.7, 2.37, 2.05, 2.14, 1.63, 1.56, 2.15], [3.52, 3.92, 4.55, 4.72, 4.18, 3.7, 3.82, 5.127, 4.697, 3.87, 3.812, 4.966, 6.353, 6.657, 6.213, 5.68, 4.95, 4.0, 3.53, 3.33, 3.71, 4.02, 4.08, 3.89, 3.95, 3.84, 3.02, 2.15, 1.83, 1.74, 2.26, 2.15, 2.48, 2.46, 1.83, 1.44, 2.03, 2.5, 2.41, 1.75, 1.49, 1.5, 1.21, 1.49, 1.93, 1.66, 1.26, 1.55, 1.58, 1.53, 0.86, 0, 1.08, 2.19, 3.18, 4.11, 5.68, 5.98, 6.0, 6.17, 6.8, 7.39, 7.4, 7.54, 7.2, 7.108, 7.053, 7.21, 7.8, 8.41, 9.2, 9.8, 9.93, 9.979, 9.071, 8.407, 8.8, 8.08, 7.04, 5.1, 2.09, 2.63, 2.72, 2.09, 2.06, 2.67], [2.72, 3.2, 3.81, 3.98, 3.44, 3.0, 3.097, 4.43, 4.0, 3.13, 3.057, 4.206, 5.633, 5.914, 5.513, 4.94, 4.21, 3.28, 2.83, 2.63, 2.91, 3.34, 3.42, 3.25, 3.29, 3.16, 2.34, 1.79, 1.81, 1.78, 2.66, 2.699, 2.757, 3.04, 2.41, 2.04, 2.61, 3.16, 3.07, 2.37, 1.79, 2.0, 1.77, 2.21, 2.47, 2.12, 1.92, 2.07, 2.24, 2.21, 1.66, 1.08, 0, 1.27, 2.44, 3.35, 4.92, 5.24, 5.26, 5.43, 6.06, 6.67, 6.7, 6.82, 6.5, 6.42, 6.34, 6.49, 7.1, 7.73, 8.52, 9.1, 9.21, 9.28, 8.34, 7.65, 8.04, 7.36, 6.32, 4.44, 1.65, 3.351, 3.42, 2.71, 2.68, 3.39], [1.83, 2.329, 3.02, 3.21, 2.67, 2.204, 2.327, 3.7, 3.27, 2.44, 2.27, 3.41, 4.854, 5.124, 4.73, 4.15, 3.48, 2.53, 2.1, 1.8, 2.0, 2.41, 2.63, 2.82, 2.76, 2.59, 1.67, 2.44, 2.52, 2.565, 3.25, 3.417, 3.47, 3.827, 3.2, 2.99, 3.45, 3.96, 3.79, 2.99, 2.434, 2.504, 2.536, 2.942, 3.253, 2.823, 2.766, 2.98, 3.19, 3.16, 2.67, 2.19, 1.27, 0, 1.39, 2.54, 4.07, 4.43, 4.47, 4.68, 5.31, 5.92, 5.95, 6.05, 5.71, 5.63, 5.55, 5.7, 6.33, 6.96, 7.77, 8.35, 8.44, 8.49, 7.55, 6.9, 7.25, 6.63, 5.51, 3.67, 2.18, 4.318, 4.341, 3.47, 3.67, 4.167], [1.24, 1.58, 2.07, 2.26, 1.72, 1.38, 1.5, 2.69, 2.38, 2.11, 1.62, 2.4, 3.75, 4.04, 3.74, 3.22, 2.59, 2.02, 1.71, 1.31, 1.05, 1.8, 2.54, 2.63, 2.33, 2.28, 2.24, 3.33, 3.48, 3.527, 4.363, 4.59, 4.586, 4.934, 4.344, 3.9, 4.459, 4.884, 4.745, 3.987, 3.265, 3.242, 3.486, 3.869, 4.219, 3.747, 3.693, 3.797, 4.096, 4.126, 3.66, 3.18, 2.44, 1.39, 0, 1.59, 3.02, 3.36, 3.4, 3.65, 4.28, 4.89, 4.92, 5.02, 4.6, 4.52, 4.46, 4.63, 5.26, 5.91, 6.72, 7.32, 7.41, 7.44, 6.52, 5.95, 6.3, 5.68, 4.54, 2.76, 3.07, 5.127, 5.18, 4.35, 4.62, 5.168], [1.91, 1.57, 1.72, 1.69, 1.55, 1.51, 1.47, 2.0, 2.15, 2.3, 1.95, 1.93, 2.44, 2.93, 2.99, 2.47, 2.36, 2.27, 2.2, 1.72, 1.44, 2.71, 3.65, 3.56, 3.1, 2.95, 3.45, 4.52, 4.74, 4.81, 5.687, 5.894, 5.927, 6.304, 5.68, 5.23, 5.787, 6.157, 6.014, 5.234, 4.45, 4.425, 4.501, 5.12, 5.54, 5.05, 4.951, 5.038, 5.288, 5.278, 4.75, 4.11, 3.35, 2.54, 1.59, 0, 1.73, 2.15, 2.47, 2.74, 3.05, 3.54, 3.55, 3.65, 3.29, 3.21, 3.13, 3.22, 3.93, 4.56, 5.37, 5.91, 6.0, 6.13, 5.25, 4.8, 5.21, 4.53, 3.37, 2.21, 4.215, 6.341, 6.387, 5.551, 5.765, 6.447], [3.14, 2.48, 1.89, 1.84, 2.12, 2.44, 2.44, 1.49, 1.78, 2.39, 2.4, 1.9, 1.77, 2.0, 1.98, 1.92, 2.51, 2.72, 2.85, 2.83, 2.81, 4.18, 5.16, 5.05, 4.63, 4.52, 5.04, 6.05, 6.35, 6.44, 7.32, 7.467, 7.483, 7.86, 7.23, 6.8, 7.37, 7.694, 7.604, 6.864, 5.996, 5.827, 5.854, 6.636, 7.056, 6.586, 6.386, 6.41, 6.683, 6.73, 6.22, 5.68, 4.92, 4.07, 3.02, 1.73, 0, 0.94, 1.3, 1.63, 1.74, 2.21, 2.08, 2.12, 1.96, 1.94, 1.76, 1.83, 2.44, 3.05, 3.84, 4.34, 4.41, 4.6, 3.72, 3.29, 3.64, 3.16, 1.88, 1.74, 5.39, 7.585, 7.885, 6.863, 7.16, 7.934], [3.44, 2.76, 2.07, 2.0, 2.38, 2.64, 2.64, 1.53, 1.72, 2.43, 2.4, 1.6, 1.33, 1.54, 1.56, 1.44, 2.01, 2.32, 2.75, 3.03, 3.09, 4.48, 5.46, 5.35, 4.95, 4.84, 5.34, 6.33, 6.63, 6.78, 7.677, 7.824, 7.752, 8.1, 7.55, 7.12, 7.69, 8.034, 7.904, 7.17, 6.33, 6.08, 6.162, 6.924, 7.324, 6.874, 6.68, 6.67, 6.952, 6.97, 6.5, 5.98, 5.24, 4.43, 3.36, 2.15, 0.94, 0, 0.76, 1.13, 1.34, 1.83, 1.72, 2.02, 2.0, 2.08, 1.8, 1.71, 2.3, 2.89, 3.62, 4.14, 4.27, 4.44, 3.58, 3.11, 3.48, 3.04, 1.66, 1.7, 5.25, 7.725, 8.123, 7.099, 7.44, 8.19], [3.5, 2.82, 2.19, 2.16, 2.54, 2.76, 2.76, 1.79, 1.72, 2.39, 2.46, 1.46, 1.23, 1.36, 1.24, 1.3, 1.73, 2.22, 2.75, 3.13, 3.21, 4.52, 5.5, 5.41, 5.03, 4.9, 5.36, 6.31, 6.61, 6.76, 7.68, 7.85, 7.826, 8.16, 7.55, 7.12, 7.71, 8.04, 7.902, 7.17, 6.31, 6.08, 6.179, 6.979, 7.359, 6.909, 6.72, 6.71, 7.0, 7.01, 6.52, 6.0, 5.26, 4.47, 3.4, 2.47, 1.3, 0.76, 0, 0.89, 1.24, 1.71, 1.62, 1.9, 2.08, 2.22, 1.76, 1.85, 2.32, 2.73, 3.46, 4.04, 4.13, 4.26, 3.38, 2.81, 3.24, 2.76, 1.46, 1.66, 5.21, 7.682, 8.083, 7.07, 7.46, 8.19], [3.57, 2.95, 2.36, 2.35, 2.77, 3.01, 2.95, 1.92, 1.95, 2.6, 2.69, 1.61, 1.26, 1.19, 1.09, 1.25, 1.86, 2.37, 2.92, 3.34, 3.34, 4.61, 5.57, 5.48, 5.1, 4.95, 5.45, 6.42, 6.72, 6.91, 7.83, 8.06, 8.061, 8.41, 7.78, 7.27, 7.88, 8.25, 8.029, 7.32, 6.42, 6.17, 6.386, 7.214, 7.594, 7.144, 6.97, 6.96, 7.25, 7.26, 6.75, 6.17, 5.43, 4.68, 3.65, 2.74, 1.63, 1.13, 0.89, 0, 0.95, 1.32, 1.41, 1.81, 2.09, 2.41, 1.83, 1.72, 2.09, 2.6, 3.23, 3.73, 3.86, 3.95, 3.05, 2.66, 3.09, 2.85, 1.77, 1.57, 5.14, 7.757, 8.184, 7.292, 7.673, 8.383], [4.06, 3.46, 2.89, 2.88, 3.34, 3.52, 3.42, 2.27, 2.42, 3.21, 3.32, 2.08, 1.57, 1.38, 1.48, 1.88, 2.51, 2.98, 3.51, 3.89, 3.87, 5.1, 6.06, 6.03, 5.59, 5.44, 6.02, 7.07, 7.35, 7.54, 8.48, 8.699, 8.688, 9.04, 8.43, 7.92, 8.51, 8.88, 8.656, 7.93, 7.03, 6.78, 7.01, 7.841, 8.241, 7.791, 7.6, 7.59, 7.888, 7.91, 7.36, 6.8, 6.06, 5.31, 4.28, 3.05, 1.74, 1.34, 1.24, 0.95, 0, 1.03, 1.04, 1.6, 1.92, 2.14, 1.68, 1.35, 1.78, 2.41, 2.84, 3.14, 3.27, 3.46, 2.8, 2.47, 2.9, 2.74, 1.58, 1.92, 5.69, 8.384, 8.806, 7.933, 8.303, 9.013], [4.57, 3.99, 3.4, 3.41, 3.87, 4.05, 3.95, 2.72, 2.97, 3.82, 3.93, 2.69, 1.5, 1.45, 1.53, 2.01, 2.62, 3.47, 3.98, 4.4, 4.38, 5.63, 6.53, 6.46, 6.0, 5.91, 6.57, 7.66, 7.94, 8.15, 9.09, 9.296, 9.283, 9.65, 9.04, 8.53, 9.12, 9.483, 9.263, 8.54, 7.626, 7.386, 7.613, 8.436, 8.836, 8.386, 8.206, 8.193, 8.483, 8.513, 7.97, 7.39, 6.67, 5.92, 4.89, 3.54, 2.21, 1.83, 1.71, 1.32, 1.03, 0, 0.69, 1.27, 1.97, 2.21, 1.73, 1.34, 1.47, 1.84, 2.17, 2.61, 2.72, 2.93, 2.21, 2.06, 2.33, 2.29, 1.69, 2.43, 6.24, 8.972, 9.373, 8.511, 8.881, 9.591], [4.64, 4.02, 3.43, 3.42, 3.9, 4.08, 3.96, 2.73, 2.98, 3.85, 3.96, 2.72, 1.65, 1.62, 1.66, 2.14, 2.81, 3.5, 3.99, 4.43, 4.41, 5.7, 6.58, 6.49, 6.05, 5.96, 6.6, 7.67, 7.95, 8.18, 9.12, 9.306, 9.313, 9.68, 9.07, 8.56, 9.15, 9.493, 9.29, 8.55, 7.636, 7.4, 7.623, 8.466, 8.866, 8.416, 8.236, 8.223, 8.513, 8.543, 8.0, 7.4, 6.7, 5.95, 4.92, 3.55, 2.08, 1.72, 1.62, 1.41, 1.04, 0.69, 0, 1.08, 1.62, 1.84, 1.3, 1.11, 1.24, 1.71, 2.06, 2.54, 2.69, 2.9, 2.12, 2.01, 2.28, 2.2, 1.4, 2.36, 6.29, 8.99, 9.383, 8.541, 8.911, 9.621], [4.7, 4.16, 3.61, 3.56, 4.08, 4.24, 4.1, 2.85, 3.14, 3.97, 4.1, 2.88, 1.93, 1.88, 1.82, 2.22, 2.95, 3.68, 4.09, 4.57, 4.55, 5.64, 6.54, 6.49, 6.05, 5.9, 6.64, 7.83, 8.07, 8.262, 9.202, 9.409, 9.456, 9.853, 9.223, 8.693, 9.266, 9.616, 9.426, 8.646, 7.749, 7.559, 7.766, 8.609, 9.015, 8.559, 8.359, 8.346, 8.616, 8.646, 8.171, 7.54, 6.82, 6.05, 5.02, 3.65, 2.12, 2.02, 1.9, 1.81, 1.6, 1.27, 1.08, 0, 1.22, 1.36, 1.06, 1.07, 0.9, 1.15, 1.84, 2.38, 2.47, 2.66, 1.92, 1.73, 2.18, 1.96, 1.42, 2.76, 6.45, 9.102, 9.5, 8.693, 9.079, 9.824], [4.56, 3.94, 3.19, 3.1, 3.62, 3.84, 3.68, 2.43, 2.72, 3.69, 3.68, 2.78, 2.25, 2.4, 2.28, 2.54, 3.27, 3.62, 3.79, 4.19, 4.23, 5.46, 6.26, 6.19, 5.73, 5.64, 6.32, 7.51, 7.722, 7.859, 8.799, 9.074, 9.113, 9.471, 8.841, 8.311, 8.923, 9.318, 9.055, 8.313, 7.485, 7.341, 7.483, 8.197, 8.6, 8.15, 7.996, 7.983, 8.221, 8.263, 7.788, 7.2, 6.5, 5.71, 4.6, 3.29, 1.96, 2.0, 2.08, 2.09, 1.92, 1.97, 1.62, 1.22, 0, 0.7, 0.84, 1.01, 1.14, 1.89, 2.34, 3.08, 3.31, 3.22, 2.64, 2.41, 2.84, 2.42, 1.84, 2.72, 6.37, 8.84, 9.204, 8.468, 8.838, 9.548], [4.44, 3.84, 3.11, 3.02, 3.54, 3.78, 3.64, 2.35, 2.74, 3.69, 3.66, 2.92, 2.43, 2.64, 2.56, 2.76, 3.45, 3.68, 3.85, 4.17, 4.13, 5.32, 6.16, 6.11, 5.63, 5.48, 6.2, 7.43, 7.585, 7.762, 8.722, 9.0, 9.036, 9.381, 8.763, 8.233, 8.866, 9.272, 8.996, 8.206, 7.425, 7.267, 7.448, 8.123, 8.526, 8.116, 7.939, 7.945, 8.196, 8.186, 7.711, 7.108, 6.42, 5.63, 4.52, 3.21, 1.94, 2.08, 2.22, 2.41, 2.14, 2.21, 1.84, 1.36, 0.7, 0, 0.86, 1.13, 1.3, 1.87, 2.48, 3.18, 3.45, 3.36, 2.82, 2.57, 3.02, 2.58, 1.82, 2.84, 6.45, 8.815, 9.15, 8.442, 8.784, 9.494], [4.36, 3.76, 3.05, 2.98, 3.5, 3.7, 3.54, 2.29, 2.62, 3.53, 3.52, 2.6, 2.01, 2.2, 2.08, 2.38, 3.01, 3.42, 3.77, 4.07, 4.09, 5.3, 6.26, 6.19, 5.73, 5.58, 6.16, 7.33, 7.582, 7.717, 8.651, 8.938, 8.985, 9.342, 8.712, 8.162, 8.795, 9.185, 8.947, 8.155, 7.322, 7.195, 7.335, 8.103, 8.506, 8.056, 7.848, 7.835, 8.125, 8.152, 7.659, 7.053, 6.34, 5.55, 4.46, 3.13, 1.76, 1.8, 1.76, 1.83, 1.68, 1.73, 1.3, 1.06, 0.84, 0.86, 0, 0.93, 1.06, 1.63, 2.38, 2.96, 3.03, 3.08, 2.5, 2.21, 2.6, 2.12, 1.38, 2.74, 6.354, 8.715, 9.061, 8.3, 8.678, 9.405], [4.25, 3.71, 3.12, 3.07, 3.59, 3.77, 3.63, 2.4, 2.79, 3.62, 3.69, 2.63, 1.92, 1.99, 1.93, 2.41, 3.16, 3.59, 3.72, 4.08, 4.08, 5.25, 6.15, 6.06, 5.62, 5.55, 6.27, 7.44, 7.679, 7.887, 8.809, 9.076, 9.123, 9.501, 8.871, 8.321, 8.913, 9.26, 9.07, 8.293, 7.394, 7.199, 7.413, 8.256, 8.665, 8.206, 7.986, 7.933, 8.263, 8.293, 7.812, 7.21, 6.49, 5.7, 4.63, 3.22, 1.83, 1.71, 1.85, 1.72, 1.35, 1.34, 1.11, 1.07, 1.01, 1.13, 0.93, 0, 0.91, 1.66, 2.37, 2.81, 2.96, 3.13, 2.49, 2.2, 2.65, 2.47, 1.67, 2.47, 6.107, 8.732, 9.156, 8.339, 8.741, 9.474], [5.0, 4.46, 3.89, 3.82, 4.34, 4.52, 4.38, 3.13, 3.4, 4.25, 4.36, 3.22, 2.35, 2.36, 2.22, 2.62, 3.43, 4.0, 4.37, 4.85, 4.83, 5.94, 6.72, 6.65, 6.27, 6.2, 6.88, 8.09, 8.33, 8.508, 9.448, 9.675, 9.722, 10.119, 9.489, 8.939, 9.512, 9.842, 9.652, 8.912, 8.035, 7.829, 7.992, 8.835, 9.255, 8.785, 8.585, 8.552, 8.842, 8.892, 8.42, 7.8, 7.1, 6.33, 5.26, 3.93, 2.44, 2.3, 2.32, 2.09, 1.78, 1.47, 1.24, 0.9, 1.14, 1.3, 1.06, 0.91, 0, 1.05, 1.72, 2.3, 2.47, 2.54, 1.96, 1.67, 2.06, 2.06, 1.6, 2.92, 6.63, 9.345, 9.772, 8.949, 9.339, 10.089], [5.55, 5.03, 4.52, 4.45, 4.97, 5.15, 5.01, 3.78, 4.05, 4.92, 5.01, 3.81, 2.7, 2.57, 2.69, 3.07, 3.74, 4.55, 4.98, 5.48, 5.46, 6.41, 7.25, 7.26, 6.8, 6.79, 7.53, 8.74, 8.948, 9.178, 10.098, 10.305, 10.332, 10.749, 10.119, 9.589, 10.142, 10.472, 10.262, 9.522, 8.645, 8.442, 8.642, 9.485, 9.885, 9.415, 9.235, 9.202, 9.492, 9.522, 9.05, 8.41, 7.73, 6.96, 5.91, 4.56, 3.05, 2.89, 2.73, 2.6, 2.41, 1.84, 1.71, 1.15, 1.89, 1.87, 1.63, 1.66, 1.05, 0, 1.53, 1.89, 1.98, 2.11, 1.65, 1.58, 1.93, 2.15, 1.87, 3.63, 7.32, 9.945, 10.361, 9.559, 9.929, 10.659], [6.44, 5.9, 5.35, 5.26, 5.78, 5.96, 5.82, 4.57, 4.84, 5.69, 5.82, 4.58, 3.33, 3.12, 3.28, 3.8, 4.41, 5.32, 5.81, 6.29, 6.27, 7.38, 8.24, 8.21, 7.79, 7.68, 8.34, 9.53, 9.77, 9.985, 10.925, 11.132, 11.139, 11.52, 10.91, 10.4, 10.949, 11.319, 11.089, 10.356, 9.479, 9.22, 9.449, 10.292, 10.692, 10.242, 10.062, 10.049, 10.319, 10.349, 9.82, 9.2, 8.52, 7.77, 6.72, 5.37, 3.84, 3.62, 3.46, 3.23, 2.84, 2.17, 2.06, 1.84, 2.34, 2.48, 2.38, 2.37, 1.72, 1.53, 0, 1.06, 1.35, 1.22, 1.2, 1.37, 1.26, 1.8, 2.34, 4.18, 8.03, 10.77, 11.183, 10.386, 10.736, 11.466], [6.86, 6.34, 5.81, 5.76, 6.28, 6.46, 6.32, 5.07, 5.36, 6.25, 6.36, 5.12, 3.83, 3.6, 3.74, 4.3, 5.01, 5.94, 6.37, 6.77, 6.77, 7.7, 8.6, 8.67, 8.23, 8.22, 8.9, 10.07, 10.349, 10.559, 11.499, 11.706, 11.713, 12.12, 11.49, 10.991, 11.543, 11.913, 11.683, 10.943, 10.026, 9.776, 10.043, 10.886, 11.286, 10.836, 10.656, 10.643, 10.913, 10.943, 10.44, 9.8, 9.1, 8.35, 7.32, 5.91, 4.34, 4.14, 4.04, 3.73, 3.14, 2.61, 2.54, 2.38, 3.08, 3.18, 2.96, 2.81, 2.3, 1.89, 1.06, 0, 0.81, 1.06, 1.5, 1.99, 1.62, 2.18, 2.94, 4.78, 8.587, 11.353, 11.76, 10.946, 11.336, 12.046], [6.91, 6.43, 5.9, 5.85, 6.37, 6.53, 6.39, 5.14, 5.45, 6.34, 6.45, 5.21, 3.78, 3.51, 3.83, 4.47, 5.1, 6.069, 6.5, 6.88, 6.86, 7.81, 8.79, 8.84, 8.36, 8.35, 8.99, 10.18, 10.431, 10.661, 11.601, 11.808, 11.855, 12.25, 11.62, 11.092, 11.665, 12.015, 11.816, 11.045, 10.128, 9.898, 10.165, 11.008, 11.413, 10.958, 10.758, 10.745, 11.015, 11.045, 10.569, 9.93, 9.21, 8.44, 7.41, 6.0, 4.41, 4.27, 4.13, 3.86, 3.27, 2.72, 2.69, 2.47, 3.31, 3.45, 3.03, 2.96, 2.47, 1.98, 1.35, 0.81, 0, 0.95, 1.41, 1.96, 1.67, 2.11, 3.03, 4.932, 8.694, 11.46, 11.85, 11.047, 11.457, 12.167], [7.08, 6.58, 6.07, 5.98, 6.5, 6.68, 6.56, 5.33, 5.52, 6.39, 6.48, 5.3, 3.93, 3.62, 3.94, 4.58, 5.17, 6.145, 6.67, 7.07, 6.99, 8.04, 8.98, 9.03, 8.57, 8.48, 9.08, 10.21, 10.47, 10.72, 11.64, 11.884, 11.931, 12.288, 11.658, 11.131, 11.721, 12.091, 11.875, 11.101, 10.207, 9.954, 10.229, 11.072, 11.455, 11.005, 10.794, 10.801, 11.091, 11.101, 10.605, 9.979, 9.28, 8.49, 7.44, 6.13, 4.6, 4.44, 4.26, 3.95, 3.46, 2.93, 2.9, 2.66, 3.22, 3.36, 3.08, 3.13, 2.54, 2.11, 1.22, 1.06, 0.95, 0, 1.18, 1.97, 1.5, 2.1, 3.18, 5.1, 8.842, 11.493, 11.94, 11.129, 11.519, 12.229], [6.36, 5.76, 5.19, 5.16, 5.62, 5.82, 5.7, 4.47, 4.6, 5.47, 5.54, 4.38, 3.11, 2.82, 3.18, 3.66, 4.2