[[0, 0.77, 1.15, 1.25, 1.32, 1.48, 1.76, 2.05, 2.12, 1.83, 1.94, 1.62, 1.73, 1.83, 1.65, 1.75, 1.75, 1.57, 1.32, 1.56, 2.04, 1.98, 1.98, 2.17, 2.74, 2.03, 2.12, 2.69, 2.64, 1.99, 1.47, 1.82, 1.7, 1.95, 3.57, 3.91, 2.91, 2.91, 3.24, 3.18, 2.91, 2.56, 2.47, 2.45, 2.44, 2.77, 2.99, 3.07, 2.4, 2.19, 2.63, 3.01, 3.25, 3.58, 3.55, 3.15, 3.52, 3.28, 3.0, 2.49, 2.89, 4.33, 3.67, 2.01, 1.84, 2.2, 2.14, 2.07, 1.87, 2.83, 4.81, 5.03, 5.1, 5.88, 6.21, 5.64, 4.56, 3.16, 3.27, 3.74, 3.93, 4.15, 4.02, 4.08, 3.91, 4.09], [0.77, 0, 0.78, 1.1, 1.31, 1.55, 2.07, 2.38, 2.45, 2.28, 2.47, 1.83, 1.92, 1.98, 1.84, 1.96, 1.94, 1.62, 1.45, 1.45, 1.87, 1.89, 1.95, 2.2, 2.45, 2.0, 2.21, 2.86, 2.79, 2.0, 1.56, 2.05, 1.87, 2.38, 4.08, 4.26, 3.32, 3.3, 3.65, 3.53, 3.4, 3.09, 2.96, 2.92, 2.93, 3.2, 3.5, 3.6, 3.01, 2.72, 3.2, 3.58, 3.74, 4.07, 4.0, 3.68, 4.07, 3.81, 3.55, 3.02, 3.34, 4.68, 4.04, 2.32, 1.69, 2.33, 2.59, 2.24, 1.84, 2.56, 4.5, 4.72, 4.79, 5.57, 5.9, 5.33, 4.25, 3.09, 3.42, 3.89, 4.08, 4.28, 4.19, 4.25, 4.04, 4.22], [1.15, 0.78, 0, 0.74, 1.27, 1.57, 2.01, 2.56, 2.67, 2.5, 2.67, 1.91, 1.98, 2.04, 1.82, 2.04, 1.84, 1.8, 1.75, 1.81, 2.15, 2.27, 2.29, 2.34, 2.71, 2.32, 2.63, 3.04, 2.95, 2.36, 2.04, 2.41, 2.35, 2.72, 4.4, 4.5, 3.56, 3.54, 3.89, 3.77, 3.7, 3.41, 3.34, 3.3, 3.27, 3.54, 3.82, 3.92, 3.33, 2.94, 3.4, 3.7, 3.96, 4.31, 4.24, 3.9, 4.27, 4.05, 3.79, 3.18, 3.64, 4.84, 4.26, 2.64, 2.01, 2.41, 2.81, 2.42, 2.36, 2.94, 4.64, 4.86, 4.93, 5.71, 6.04, 5.47, 4.39, 3.27, 3.58, 3.99, 4.2, 4.36, 4.33, 4.41, 4.2, 4.4], [1.25, 1.1, 0.74, 0, 0.89, 1.53, 1.95, 2.3, 2.47, 2.36, 2.43, 1.75, 2.06, 2.12, 1.84, 2.1, 1.84, 1.76, 1.63, 1.87, 2.15, 2.33, 2.31, 2.58, 3.11, 2.3, 2.51, 3.08, 3.03, 2.58, 1.82, 2.11, 2.07, 2.44, 4.08, 4.12, 3.16, 3.18, 3.51, 3.41, 3.46, 3.11, 3.02, 3.0, 2.99, 3.26, 3.56, 3.72, 3.15, 2.72, 3.18, 3.58, 3.7, 4.05, 3.96, 3.64, 4.03, 3.79, 3.55, 3.0, 3.32, 4.44, 3.88, 2.32, 1.99, 2.21, 2.55, 2.32, 2.32, 3.3, 5.14, 5.36, 5.43, 6.21, 6.54, 5.97, 4.89, 3.57, 3.6, 3.97, 4.24, 4.34, 4.29, 4.43, 4.26, 4.6], [1.32, 1.31, 1.27, 0.89, 0, 1.0, 1.8, 1.81, 1.92, 1.85, 1.74, 1.48, 1.97, 1.99, 1.85, 1.61, 1.47, 1.61, 1.74, 2.04, 2.38, 2.52, 2.58, 2.91, 3.58, 2.47, 2.4, 2.99, 3.04, 2.75, 1.67, 1.82, 1.94, 2.21, 3.29, 3.33, 2.51, 2.43, 2.72, 2.7, 2.85, 2.54, 2.35, 2.43, 2.32, 2.49, 2.83, 2.97, 2.48, 2.15, 2.55, 2.93, 3.03, 3.42, 3.27, 2.95, 3.3, 3.04, 2.88, 2.49, 2.55, 3.79, 3.13, 1.81, 2.16, 2.12, 2.16, 2.19, 2.47, 3.61, 5.59, 5.81, 5.88, 6.66, 6.99, 6.42, 5.34, 3.939, 3.65, 3.94, 4.15, 4.29, 4.28, 4.4, 4.37, 4.75], [1.48, 1.55, 1.57, 1.53, 1.0, 0, 0.98, 1.39, 1.58, 1.41, 1.32, 1.02, 1.71, 1.81, 1.47, 1.09, 1.19, 1.43, 1.66, 2.0, 2.28, 2.34, 2.48, 2.77, 3.42, 2.37, 2.36, 2.77, 2.78, 2.49, 1.73, 1.9, 2.06, 2.31, 2.93, 3.07, 2.25, 2.19, 2.48, 2.4, 2.53, 2.34, 2.15, 2.25, 2.12, 2.39, 2.55, 2.71, 2.18, 1.87, 2.11, 2.45, 2.69, 3.08, 2.93, 2.59, 2.92, 2.68, 2.44, 2.01, 2.37, 3.63, 2.97, 1.79, 2.14, 1.7, 1.82, 1.69, 2.21, 3.49, 5.33, 5.55, 5.62, 6.4, 6.73, 6.16, 5.08, 3.679, 3.23, 3.52, 3.77, 3.91, 3.92, 4.08, 4.09, 4.47], [1.76, 2.07, 2.01, 1.95, 1.8, 0.98, 0, 1.29, 1.56, 1.29, 1.38, 1.0, 1.41, 1.53, 1.25, 1.29, 1.41, 1.49, 1.74, 2.06, 2.42, 2.36, 2.44, 2.59, 3.14, 2.17, 2.26, 2.69, 2.64, 2.19, 1.81, 2.18, 2.14, 2.27, 2.95, 3.31, 2.41, 2.41, 2.68, 2.76, 2.63, 2.54, 2.25, 2.33, 2.4, 2.59, 2.71, 2.75, 2.2, 1.89, 2.11, 2.33, 2.67, 3.06, 2.87, 2.47, 2.84, 2.68, 2.46, 2.03, 2.49, 3.85, 3.25, 2.11, 1.98, 1.48, 1.54, 1.43, 1.95, 3.31, 4.95, 5.17, 5.28, 6.02, 6.35, 5.78, 4.7, 3.36, 2.71, 3.0, 3.29, 3.43, 3.48, 3.72, 3.77, 4.13], [2.05, 2.38, 2.56, 2.3, 1.81, 1.39, 1.29, 0, 0.61, 1.04, 1.01, 1.33, 2.0, 2.22, 1.84, 1.72, 1.7, 1.98, 2.23, 2.55, 2.87, 2.83, 2.93, 3.18, 3.69, 2.66, 2.51, 3.16, 3.19, 2.84, 2.06, 2.19, 2.27, 2.4, 2.58, 2.78, 2.02, 2.06, 2.33, 2.49, 2.36, 2.33, 2.06, 2.32, 2.19, 2.26, 2.38, 2.4, 1.95, 1.8, 1.86, 2.18, 2.32, 2.63, 2.5, 2.1, 2.41, 2.23, 2.23, 1.94, 2.12, 3.22, 2.82, 2.12, 2.31, 1.55, 1.27, 1.84, 2.26, 3.76, 5.78, 6.0, 6.07, 6.85, 7.18, 6.61, 5.53, 4.31, 3.4, 3.59, 3.82, 3.88, 4.09, 4.37, 4.48, 4.88], [2.12, 2.45, 2.67, 2.47, 1.92, 1.58, 1.56, 0.61, 0, 0.87, 1.0, 1.56, 1.99, 2.11, 1.93, 1.67, 1.67, 1.89, 2.24, 2.56, 2.88, 2.82, 2.9, 3.11, 3.62, 2.57, 2.34, 2.95, 3.16, 2.81, 2.15, 2.32, 2.28, 2.33, 2.39, 2.69, 2.05, 2.15, 2.3, 2.5, 2.35, 2.44, 2.07, 2.29, 2.14, 2.11, 2.23, 2.21, 1.8, 1.77, 1.83, 2.11, 2.23, 2.56, 2.51, 2.19, 2.42, 2.16, 2.24, 1.93, 2.01, 3.27, 2.87, 2.25, 2.32, 1.7, 1.44, 2.05, 2.39, 3.69, 5.71, 5.93, 6.0, 6.78, 7.11, 6.54, 5.46, 4.3, 3.29, 3.44, 3.59, 3.61, 3.88, 4.24, 4.41, 4.786], [1.83, 2.28, 2.5, 2.36, 1.85, 1.41, 1.29, 1.04, 0.87, 0, 0.99, 1.25, 1.64, 1.78, 1.52, 1.22, 1.34, 1.4, 1.85, 2.19, 2.51, 2.37, 2.45, 2.6, 3.13, 2.14, 1.93, 2.48, 2.71, 2.28, 1.88, 2.05, 2.05, 1.96, 2.32, 2.9, 2.02, 2.02, 2.19, 2.27, 2.2, 2.27, 1.86, 1.88, 1.95, 2.02, 2.02, 1.96, 1.63, 1.36, 1.48, 1.7, 1.94, 2.37, 2.24, 2.1, 2.33, 1.97, 1.87, 1.58, 2.0, 3.56, 3.0, 2.04, 2.05, 1.63, 1.41, 1.74, 2.02, 3.22, 5.18, 5.4, 5.47, 6.25, 6.58, 6.01, 4.93, 3.83, 2.96, 3.05, 3.24, 3.3, 3.43, 3.71, 3.88, 4.26], [1.94, 2.47, 2.67, 2.43, 1.74, 1.32, 1.38, 1.01, 1.0, 0.99, 0, 1.24, 2.03, 2.25, 1.87, 1.25, 1.49, 1.83, 2.24, 2.6, 2.9, 2.88, 2.98, 3.25, 3.88, 2.75, 2.4, 3.23, 3.36, 2.95, 1.91, 1.94, 2.06, 2.15, 1.95, 2.29, 1.55, 1.65, 1.7, 1.82, 1.79, 1.88, 1.55, 1.79, 1.58, 1.59, 1.67, 1.73, 1.38, 1.25, 1.41, 1.55, 1.67, 2.04, 1.91, 1.61, 1.86, 1.74, 1.7, 1.55, 1.49, 2.79, 2.25, 1.65, 2.44, 1.72, 1.28, 1.89, 2.31, 3.95, 5.97, 6.19, 6.28, 7.04, 7.37, 6.8, 5.72, 4.38, 3.41, 3.64, 3.85, 3.97, 4.12, 4.5, 4.67, 5.05], [1.62, 1.83, 1.91, 1.75, 1.48, 1.02, 1.0, 1.33, 1.56, 1.25, 1.24, 0, 1.31, 1.67, 1.25, 0.99, 1.03, 1.19, 1.44, 1.68, 1.96, 1.9, 2.04, 2.25, 2.88, 1.79, 1.76, 2.39, 2.38, 1.95, 1.29, 1.6, 1.76, 1.75, 2.69, 3.13, 2.21, 2.13, 2.42, 2.4, 2.13, 2.06, 1.73, 1.89, 1.88, 2.13, 2.39, 2.41, 1.94, 1.49, 1.65, 1.93, 2.17, 2.54, 2.45, 2.15, 2.5, 2.36, 2.16, 1.67, 2.15, 3.69, 3.13, 1.65, 1.58, 1.14, 1.32, 1.17, 1.65, 2.99, 4.95, 5.19, 5.3, 6.04, 6.37, 5.78, 4.7, 3.36, 2.71, 3.02, 3.25, 3.37, 3.38, 3.62, 3.67, 4.05], [1.73, 1.92, 1.98, 2.06, 1.97, 1.71, 1.41, 2.0, 1.99, 1.64, 2.03, 1.31, 0, 0.62, 1.02, 1.26, 1.14, 1.02, 1.25, 1.45, 1.63, 1.67, 1.75, 1.88, 2.37, 1.6, 1.63, 1.7, 1.71, 1.48, 1.88, 2.45, 2.23, 2.38, 3.54, 4.0, 3.1, 3.06, 3.29, 3.33, 2.92, 2.87, 2.48, 2.56, 2.69, 2.84, 3.14, 3.1, 2.47, 2.16, 2.54, 2.76, 3.12, 3.47, 3.38, 3.02, 3.39, 3.25, 2.99, 2.44, 3.0, 4.66, 4.1, 2.62, 1.77, 1.73, 2.09, 1.98, 2.06, 2.66, 4.04, 4.28, 4.35, 5.09, 5.42, 4.85, 3.77, 2.43, 2.08, 2.33, 2.54, 2.74, 2.63, 2.75, 2.84, 3.1], [1.83, 1.98, 2.04, 2.12, 1.99, 1.81, 1.53, 2.22, 2.11, 1.78, 2.25, 1.67, 0.62, 0, 1.1, 1.52, 1.44, 1.32, 1.35, 1.51, 1.77, 1.81, 1.81, 1.88, 2.33, 1.68, 1.85, 1.66, 1.67, 1.62, 2.26, 2.85, 2.51, 2.62, 3.84, 4.3, 3.4, 3.36, 3.61, 3.59, 3.3, 3.27, 2.86, 2.9, 2.85, 3.1, 3.36, 3.3, 2.57, 2.38, 2.74, 3.0, 3.34, 3.75, 3.64, 3.26, 3.65, 3.39, 3.13, 2.62, 3.2, 4.84, 4.32, 2.96, 1.93, 2.03, 2.47, 2.34, 2.28, 2.7, 3.92, 4.22, 4.27, 4.97, 5.3, 4.73, 3.65, 2.35, 2.16, 2.37, 2.62, 2.8, 2.71, 2.77, 2.76, 3.04], [1.65, 1.84, 1.82, 1.84, 1.85, 1.47, 1.25, 1.84, 1.93, 1.52, 1.87, 1.25, 1.02, 1.1, 0, 1.12, 1.12, 1.04, 1.23, 1.55, 1.73, 1.75, 1.83, 1.98, 2.35, 1.62, 1.85, 1.96, 1.87, 1.62, 1.76, 2.17, 2.15, 2.1, 3.48, 4.0, 2.98, 3.0, 3.27, 3.23, 2.84, 2.77, 2.38, 2.3, 2.45, 2.8, 3.0, 2.96, 2.35, 2.04, 2.34, 2.8, 3.02, 3.41, 3.32, 3.0, 3.33, 3.05, 2.89, 2.36, 2.9, 4.6, 4.04, 2.32, 1.73, 1.69, 2.09, 1.7, 2.22, 2.68, 4.12, 4.42, 4.47, 5.19, 5.52, 4.95, 3.87, 2.63, 2.24, 2.57, 2.8, 2.96, 2.91, 3.01, 2.94, 3.26], [1.75, 1.96, 2.04, 2.1, 1.61, 1.09, 1.29, 1.72, 1.67, 1.22, 1.25, 0.99, 1.26, 1.52, 1.12, 0, 0.84, 0.94, 1.55, 1.83, 2.05, 2.11, 2.23, 2.44, 3.05, 2.08, 1.81, 2.34, 2.43, 2.08, 1.58, 1.91, 1.99, 2.04, 2.64, 3.02, 2.22, 2.14, 2.33, 2.35, 2.18, 2.11, 1.74, 1.76, 1.73, 1.9, 2.1, 2.12, 1.63, 1.38, 1.8, 2.0, 2.26, 2.63, 2.5, 2.32, 2.53, 2.41, 2.25, 1.76, 2.0, 3.68, 3.12, 1.84, 2.07, 1.65, 1.73, 1.72, 2.26, 3.18, 5.0, 5.22, 5.31, 6.07, 6.4, 5.83, 4.75, 3.37, 2.76, 2.99, 3.22, 3.34, 3.33, 3.57, 3.72, 4.076], [1.75, 1.94, 1.84, 1.84, 1.47, 1.19, 1.41, 1.7, 1.67, 1.34, 1.49, 1.03, 1.14, 1.44, 1.12, 0.84, 0, 0.86, 1.39, 1.67, 1.93, 1.97, 2.05, 2.32, 2.99, 2.0, 1.73, 2.16, 2.31, 2.08, 1.64, 1.89, 1.97, 2.14, 2.86, 3.16, 2.36, 2.28, 2.47, 2.53, 2.38, 2.21, 1.9, 2.08, 1.91, 2.02, 2.34, 2.4, 1.93, 1.84, 2.12, 2.24, 2.54, 2.89, 2.78, 2.54, 2.83, 2.71, 2.47, 1.94, 2.18, 3.76, 3.16, 1.84, 2.01, 1.65, 1.75, 1.9, 2.36, 3.22, 4.9, 5.12, 5.19, 5.97, 6.3, 5.73, 4.65, 3.25, 2.64, 2.93, 3.16, 3.26, 3.25, 3.45, 3.62, 3.98], [1.57, 1.62, 1.8, 1.76, 1.61, 1.43, 1.49, 1.98, 1.89, 1.4, 1.83, 1.19, 1.02, 1.32, 1.04, 0.94, 0.86, 0, 0.91, 1.21, 1.51, 1.49, 1.59, 1.88, 2.51, 1.52, 1.31, 1.82, 1.85, 1.54, 1.44, 1.81, 1.55, 1.8, 3.1, 3.52, 2.62, 2.5, 2.71, 2.69, 2.6, 2.39, 2.08, 2.04, 2.03, 2.34, 2.58, 2.66, 2.31, 1.98, 2.3, 2.58, 2.84, 3.17, 3.12, 2.92, 3.17, 3.01, 2.79, 2.4, 2.54, 4.16, 3.6, 1.94, 1.51, 1.39, 1.83, 1.66, 1.96, 2.64, 4.4, 4.66, 4.73, 5.47, 5.8, 5.23, 4.15, 2.77, 2.24, 2.61, 2.76, 2.92, 2.87, 3.03, 3.12, 3.48], [1.32, 1.45, 1.75, 1.63, 1.74, 1.66, 1.74, 2.23, 2.24, 1.85, 2.24, 1.44, 1.25, 1.35, 1.23, 1.55, 1.39, 0.91, 0, 0.66, 1.12, 1.04, 1.02, 1.35, 2.02, 1.15, 1.08, 1.67, 1.58, 1.19, 1.47, 1.98, 1.62, 1.87, 3.51, 3.95, 2.93, 2.93, 3.16, 3.14, 2.93, 2.72, 2.37, 2.33, 2.36, 2.77, 3.01, 3.05, 2.72, 2.29, 2.63, 3.03, 3.23, 3.6, 3.53, 3.29, 3.6, 3.38, 3.1, 2.63, 2.95, 4.69, 4.11, 2.17, 1.24, 1.58, 2.08, 1.71, 1.53, 2.03, 3.93, 4.15, 4.26, 5.0, 5.33, 4.76, 3.68, 2.32, 2.17, 2.6, 2.81, 2.99, 2.86, 2.94, 2.81, 3.11], [1.56, 1.45, 1.81, 1.87, 2.04, 2.0, 2.06, 2.55, 2.56, 2.19, 2.6, 1.68, 1.45, 1.51, 1.55, 1.83, 1.67, 1.21, 0.66, 0, 0.92, 0.94, 0.88, 1.11, 1.82, 1.27, 1.1, 1.69, 1.58, 1.13, 1.43, 2.04, 1.68, 1.97, 3.71, 4.19, 3.21, 3.07, 3.34, 3.32, 3.09, 2.94, 2.49, 2.45, 2.5, 2.93, 3.41, 3.39, 2.98, 2.57, 2.87, 3.17, 3.39, 3.72, 3.65, 3.43, 3.82, 3.64, 3.36, 2.99, 3.15, 4.87, 4.31, 2.39, 1.32, 1.82, 2.24, 1.79, 1.45, 1.87, 3.65, 3.89, 4.06, 4.76, 5.09, 4.52, 3.4, 2.06, 2.33, 2.68, 2.89, 3.13, 2.98, 3.0, 2.79, 2.97], [2.04, 1.87, 2.15, 2.15, 2.38, 2.28, 2.42, 2.87, 2.88, 2.51, 2.9, 1.96, 1.63, 1.77, 1.73, 2.05, 1.93, 1.51, 1.12, 0.92, 0, 0.66, 0.78, 1.21, 1.68, 1.41, 1.18, 1.53, 1.4, 1.29, 1.69, 2.16, 1.74, 2.09, 3.85, 4.27, 3.51, 3.23, 3.3, 3.24, 3.43, 3.2, 2.75, 2.65, 2.84, 3.29, 3.71, 3.73, 3.38, 2.81, 2.93, 3.33, 3.37, 3.58, 3.69, 3.67, 3.92, 3.72, 3.48, 3.29, 3.41, 4.95, 4.43, 2.55, 1.54, 1.78, 2.28, 1.79, 1.49, 1.93, 3.61, 3.93, 4.16, 4.76, 5.11, 4.52, 3.32, 2.12, 2.17, 2.44, 2.73, 2.97, 2.78, 2.74, 2.65, 2.83], [1.98, 1.89, 2.27, 2.33, 2.52, 2.34, 2.36, 2.83, 2.82, 2.37, 2.88, 1.9, 1.67, 1.81, 1.75, 2.11, 1.97, 1.49, 1.04, 0.94, 0.66, 0, 0.5, 0.95, 1.52, 1.23, 1.1, 1.35, 1.26, 1.15, 1.65, 2.28, 1.74, 1.95, 3.73, 4.43, 3.61, 3.33, 3.42, 3.38, 3.37, 3.12, 2.69, 2.55, 2.78, 3.25, 3.69, 3.61, 3.34, 2.79, 2.83, 3.23, 3.21, 3.44, 3.57, 3.63, 3.84, 3.58, 3.38, 3.31, 3.43, 5.11, 4.55, 2.67, 1.38, 1.66, 2.18, 1.63, 1.47, 1.75, 3.45, 3.79, 4.04, 4.62, 4.97, 4.38, 3.14, 2.04, 2.01, 2.24, 2.45, 2.69, 2.54, 2.56, 2.43, 2.65], [1.98, 1.95, 2.29, 2.31, 2.58, 2.48, 2.44, 2.93, 2.9, 2.45, 2.98, 2.04, 1.75, 1.81, 1.83, 2.23, 2.05, 1.59, 1.02, 0.88, 0.78, 0.5, 0, 0.75, 1.52, 1.15, 1.14, 1.37, 1.22, 1.13, 1.77, 2.4, 1.82, 1.95, 3.81, 4.57, 3.73, 3.47, 3.58, 3.56, 3.47, 3.24, 2.71, 2.57, 2.86, 3.35, 3.77, 3.61, 3.4, 2.83, 2.85, 3.33, 3.31, 3.56, 3.65, 3.71, 3.9, 3.68, 3.48, 3.39, 3.53, 5.25, 4.71, 2.79, 1.38, 1.78, 2.28, 1.75, 1.55, 1.71, 3.37, 3.73, 3.98, 4.54, 4.87, 4.28, 3.08, 1.92, 2.03, 2.2, 2.45, 2.69, 2.52, 2.52, 2.35, 2.55], [2.17, 2.2, 2.34, 2.58, 2.91, 2.77, 2.59, 3.18, 3.11, 2.6, 3.25, 2.25, 1.88, 1.88, 1.98, 2.44, 2.32, 1.88, 1.35, 1.11, 1.21, 0.95, 0.75, 0, 1.11, 1.14, 1.35, 1.36, 1.13, 1.1, 2.1, 2.79, 2.21, 2.02, 4.06, 5.0, 4.16, 3.9, 4.01, 3.93, 3.76, 3.57, 2.98, 2.86, 3.19, 3.76, 4.16, 3.88, 3.59, 2.98, 3.02, 3.48, 3.36, 3.59, 3.74, 3.98, 4.17, 3.81, 3.71, 3.58, 3.94, 5.56, 5.0, 3.06, 1.49, 1.99, 2.57, 1.8, 1.72, 1.58, 3.04, 3.4, 3.61, 4.23, 4.56, 4.03, 2.79, 1.81, 2.18, 2.21, 2.42, 2.66, 2.49, 2.47, 2.24, 2.3], [2.74, 2.45, 2.71, 3.11, 3.58, 3.42, 3.14, 3.69, 3.62, 3.13, 3.88, 2.88, 2.37, 2.33, 2.35, 3.05, 2.99, 2.51, 2.02, 1.82, 1.68, 1.52, 1.52, 1.11, 0, 1.47, 1.96, 1.77, 1.58, 1.51, 2.67, 3.4, 2.86, 2.61, 4.69, 5.65, 4.81, 4.55, 4.64, 4.54, 4.39, 4.24, 3.67, 3.53, 3.86, 4.43, 4.81, 4.55, 4.12, 3.55, 3.53, 4.09, 3.87, 3.96, 4.429, 4.569, 4.799, 4.34, 4.32, 4.09, 4.57, 6.23, 5.57, 3.67, 1.78, 2.56, 3.12, 2.39, 2.03, 1.39, 2.57, 3.09, 3.3, 3.78, 4.13, 3.74, 2.48, 2.14, 2.55, 2.38, 2.63, 2.59, 2.56, 2.58, 2.29, 2.25], [2.03, 2.0, 2.32, 2.3, 2.47, 2.37, 2.17, 2.66, 2.57, 2.14, 2.75, 1.79, 1.6, 1.68, 1.62, 2.08, 2.0, 1.52, 1.15, 1.27, 1.41, 1.23, 1.15, 1.14, 1.47, 0, 1.13, 1.52, 1.45, 0.96, 1.54, 2.27, 1.85, 1.74, 3.54, 4.5, 3.52, 3.36, 3.53, 3.51, 3.14, 3.01, 2.52, 2.38, 2.69, 3.12, 3.58, 3.32, 3.11, 2.36, 2.54, 3.08, 3.0, 3.39, 3.54, 3.54, 3.81, 3.47, 3.35, 3.06, 3.4, 5.08, 4.4, 2.4, 1.13, 1.55, 2.09, 1.58, 1.58, 1.88, 3.62, 3.92, 4.13, 4.79, 5.12, 4.51, 3.27, 2.13, 2.0, 2.17, 2.32, 2.44, 2.51, 2.43, 2.28, 2.52], [2.12, 2.21, 2.63, 2.51, 2.4, 2.36, 2.26, 2.51, 2.34, 1.93, 2.4, 1.76, 1.63, 1.85, 1.85, 1.81, 1.73, 1.31, 1.08, 1.1, 1.18, 1.1, 1.14, 1.35, 1.96, 1.13, 0, 1.49, 1.52, 1.05, 1.57, 2.18, 1.66, 1.57, 3.05, 3.91, 3.07, 2.79, 2.94, 2.92, 2.77, 2.72, 2.09, 2.07, 2.3, 2.59, 3.09, 2.93, 2.7, 2.33, 2.33, 2.63, 2.65, 2.98, 3.01, 3.25, 3.36, 3.12, 2.98, 2.79, 2.87, 4.59, 4.01, 2.23, 1.36, 1.4, 1.74, 1.49, 1.39, 1.95, 3.95, 4.25, 4.46, 5.12, 5.45, 4.84, 3.62, 2.48, 1.79, 1.9, 2.19, 2.37, 2.28, 2.5, 2.63, 2.89], [2.69, 2.86, 3.04, 3.08, 2.99, 2.77, 2.69, 3.16, 2.95, 2.48, 3.23, 2.39, 1.7, 1.66, 1.96, 2.34, 2.16, 1.82, 1.67, 1.69, 1.53, 1.35, 1.37, 1.36, 1.77, 1.52, 1.49, 0, 0.65, 1.38, 2.54, 3.21, 2.69, 2.38, 3.96, 4.9, 4.08, 3.76, 3.89, 3.79, 3.72, 3.65, 3.1, 2.96, 3.09, 3.62, 4.06, 3.84, 3.45, 2.92, 2.96, 3.44, 3.34, 3.65, 3.78, 3.92, 4.13, 3.71, 3.67, 3.46, 3.92, 5.66, 5.06, 3.36, 1.95, 2.25, 2.69, 2.3, 2.24, 1.96, 3.0, 3.42, 3.57, 3.99, 4.34, 3.87, 2.69, 1.91, 1.94, 1.75, 1.88, 2.08, 1.91, 1.63, 1.72, 1.92], [2.64, 2.79, 2.95, 3.03, 3.04, 2.78, 2.64, 3.19, 3.16, 2.71, 3.36, 2.38, 1.71, 1.67, 1.87, 2.43, 2.31, 1.85, 1.58, 1.58, 1.4, 1.26, 1.22, 1.13, 1.58, 1.45, 1.52, 0.65, 0, 1.09, 2.47, 3.18, 2.66, 2.37, 4.15, 5.07, 4.17, 3.89, 4.06, 3.94, 3.81, 3.62, 2.97, 2.91, 3.14, 3.71, 4.17, 3.93, 3.58, 3.09, 3.07, 3.65, 3.59, 3.84, 3.99, 4.07, 4.3, 3.88, 3.8, 3.57, 4.01, 5.77, 5.19, 3.29, 1.84, 2.18, 2.68, 2.25, 2.19, 1.87, 2.79, 3.19, 3.38, 3.86, 4.21, 3.68, 2.46, 1.62, 1.81, 1.76, 1.95, 2.13, 1.88, 1.72, 1.65, 1.83], [1.99, 2.0, 2.36, 2.58, 2.75, 2.49, 2.19, 2.84, 2.81, 2.28, 2.95, 1.95, 1.48, 1.62, 1.62, 2.08, 2.08, 1.54, 1.19, 1.13, 1.29, 1.15, 1.13, 1.1, 1.51, 0.96, 1.05, 1.38, 1.09, 0, 1.68, 2.43, 2.01, 1.9, 3.72, 4.68, 3.72, 3.54, 3.75, 3.69, 3.36, 3.15, 2.54, 2.46, 2.81, 3.28, 3.76, 3.52, 3.19, 2.72, 2.78, 3.24, 3.34, 3.73, 3.84, 3.68, 3.97, 3.71, 3.55, 3.16, 3.6, 5.34, 4.72, 2.62, 1.35, 1.83, 2.35, 1.76, 1.54, 1.6, 3.2, 3.44, 3.63, 4.31, 4.64, 4.03, 2.83, 1.65, 1.86, 2.19, 2.44, 2.6, 2.49, 2.37, 2.26, 2.36], [1.47, 1.56, 2.04, 1.82, 1.67, 1.73, 1.81, 2.06, 2.15, 1.88, 1.91, 1.29, 1.88, 2.26, 1.76, 1.58, 1.64, 1.44, 1.47, 1.43, 1.69, 1.65, 1.77, 2.1, 2.67, 1.54, 1.57, 2.54, 2.47, 1.68, 0, 1.01, 1.03, 1.3, 2.82, 3.3, 2.32, 2.2, 2.47, 2.47, 2.26, 1.91, 1.68, 1.66, 1.87, 2.08, 2.66, 2.7, 2.35, 1.94, 2.26, 2.52, 2.6, 2.95, 2.98, 2.78, 3.15, 3.03, 2.81, 2.4, 2.36, 3.9, 3.3, 1.36, 1.37, 1.67, 1.65, 1.42, 1.48, 2.62, 4.64, 4.88, 5.09, 5.75, 6.08, 5.47, 4.33, 2.91, 2.8, 3.25, 3.44, 3.58, 3.59, 3.71, 3.58, 3.86], [1.82, 2.05, 2.41, 2.11, 1.82, 1.9, 2.18, 2.19, 2.32, 2.05, 1.94, 1.6, 2.45, 2.85, 2.17, 1.91, 1.89, 1.81, 1.98, 2.04, 2.16, 2.28, 2.4, 2.79, 3.4, 2.27, 2.18, 3.21, 3.18, 2.43, 1.01, 0, 0.76, 1.31, 2.49, 2.67, 1.73, 2.05, 2.44, 2.46, 2.37, 1.82, 1.85, 1.85, 1.78, 2.09, 2.67, 2.75, 2.44, 2.13, 2.47, 2.77, 2.73, 3.02, 3.13, 2.71, 3.16, 3.02, 2.88, 2.63, 2.11, 3.15, 2.61, 1.07, 1.98, 2.06, 1.86, 1.91, 2.11, 3.41, 5.49, 5.73, 5.86, 6.6, 6.93, 6.32, 5.16, 3.7, 3.29, 3.74, 3.93, 4.09, 4.18, 4.36, 4.27, 4.59], [1.7, 1.87, 2.35, 2.07, 1.94, 2.06, 2.14, 2.27, 2.28, 2.05, 2.06, 1.76, 2.23, 2.51, 2.15, 1.99, 1.97, 1.55, 1.62, 1.68, 1.74, 1.74, 1.82, 2.21, 2.86, 1.85, 1.66, 2.69, 2.66, 2.01, 1.03, 0.76, 0, 1.07, 2.63, 2.91, 2.11, 2.21, 2.38, 2.42, 2.53, 2.08, 1.83, 1.89, 1.88, 2.23, 2.83, 2.91, 2.64, 2.27, 2.43, 2.77, 2.75, 2.96, 3.09, 2.79, 3.22, 3.04, 2.94, 2.85, 2.25, 3.55, 3.01, 1.31, 1.64, 1.64, 1.56, 1.67, 1.77, 2.89, 4.95, 5.25, 5.48, 6.12, 6.45, 5.84, 4.62, 3.24, 2.79, 3.24, 3.45, 3.63, 3.64, 3.82, 3.77, 4.11], [1.95, 2.38, 2.72, 2.44, 2.21, 2.31, 2.27, 2.4, 2.33, 1.96, 2.15, 1.75, 2.38, 2.62, 2.1, 2.04, 2.14, 1.8, 1.87, 1.97, 2.09, 1.95, 1.95, 2.02, 2.61, 1.74, 1.57, 2.38, 2.37, 1.9, 1.3, 1.31, 1.07, 0, 2.3, 3.18, 2.28, 2.2, 2.39, 2.33, 2.26, 1.99, 1.56, 1.38, 1.47, 2.08, 2.66, 2.48, 2.33, 1.84, 1.96, 2.46, 2.2, 2.49, 2.56, 2.62, 2.85, 2.53, 2.43, 2.52, 2.32, 3.88, 3.24, 1.42, 1.51, 1.77, 1.51, 1.4, 1.68, 2.72, 4.7, 5.0, 5.23, 5.85, 6.18, 5.63, 4.43, 3.27, 2.74, 2.97, 3.16, 3.3, 3.33, 3.41, 3.36, 3.72], [3.57, 4.08, 4.4, 4.08, 3.29, 2.93, 2.95, 2.58, 2.39, 2.32, 1.95, 2.69, 3.54, 3.84, 3.48, 2.64, 2.86, 3.1, 3.51, 3.71, 3.85, 3.73, 3.81, 4.06, 4.69, 3.54, 3.05, 3.96, 4.15, 3.72, 2.82, 2.49, 2.63, 2.3, 0, 1.08, 1.18, 1.26, 1.23, 1.21, 1.44, 1.53, 1.62, 1.7, 1.47, 1.22, 1.12, 1.1, 1.65, 1.8, 1.68, 1.5, 1.44, 1.65, 1.52, 1.5, 1.57, 1.31, 1.41, 1.76, 1.18, 1.72, 1.42, 2.12, 3.29, 2.75, 2.17, 2.78, 3.16, 4.74, 6.8, 7.04, 7.21, 7.91, 8.24, 7.63, 6.47, 5.23, 4.2, 4.25, 4.3, 4.42, 4.73, 5.21, 5.38, 5.76], [3.91, 4.26, 4.5, 4.12, 3.33, 3.07, 3.31, 2.78, 2.69, 2.9, 2.29, 3.13, 4.0, 4.3, 4.0, 3.02, 3.16, 3.52, 3.95, 4.19, 4.27, 4.43, 4.57, 5.0, 5.65, 4.5, 3.91, 4.9, 5.07, 4.68, 3.3, 2.67, 2.91, 3.18, 1.08, 0, 1.24, 1.38, 1.29, 1.39, 1.94, 2.05, 2.32, 2.44, 2.15, 1.58, 1.2, 1.48, 1.95, 2.36, 2.38, 1.98, 2.16, 2.33, 1.88, 1.86, 1.73, 1.73, 1.83, 2.04, 1.38, 1.14, 1.1, 2.5, 4.09, 3.31, 2.79, 3.54, 3.88, 5.66, 7.68, 7.9, 8.01, 8.75, 9.08, 8.51, 7.43, 6.05, 5.08, 5.19, 5.22, 5.34, 5.71, 6.21, 6.38, 6.76], [2.91, 3.32, 3.56, 3.16, 2.51, 2.25, 2.41, 2.02, 2.05, 2.02, 1.55, 2.21, 3.1, 3.4, 2.98, 2.22, 2.36, 2.62, 2.93, 3.21, 3.51, 3.61, 3.73, 4.16, 4.81, 3.52, 3.07, 4.08, 4.17, 3.72, 2.32, 1.73, 2.11, 2.28, 1.18, 1.24, 0, 0.92, 1.25, 1.33, 1.4, 1.43, 1.54, 1.5, 1.33, 1.18, 1.36, 1.52, 1.61, 1.52, 1.88, 1.92, 1.9, 2.17, 2.1, 1.78, 2.03, 1.77, 1.69, 1.62, 1.1, 1.94, 1.54, 1.56, 3.11, 2.67, 2.03, 2.78, 3.06, 4.7, 6.7, 6.92, 6.99, 7.77, 8.1, 7.53, 6.45, 5.07, 4.12, 4.39, 4.58, 4.72, 4.83, 5.23, 5.42, 5.78], [2.91, 3.3, 3.54, 3.18, 2.43, 2.19, 2.41, 2.06, 2.15, 2.02, 1.65, 2.13, 3.06, 3.36, 3.0, 2.14, 2.28, 2.5, 2.93, 3.07, 3.23, 3.33, 3.47, 3.9, 4.55, 3.36, 2.79, 3.76, 3.89, 3.54, 2.2, 2.05, 2.21, 2.2, 1.26, 1.38, 0.92, 0, 0.69, 0.83, 1.28, 1.27, 1.32, 1.32, 1.21, 0.84, 1.2, 1.42, 1.67, 1.54, 1.62, 1.68, 1.74, 1.69, 1.54, 1.5, 1.63, 1.53, 1.33, 1.3, 1.04, 2.14, 1.64, 1.54, 2.87, 2.33, 1.79, 2.44, 2.74, 4.44, 6.44, 6.66, 6.77, 7.51, 7.84, 7.27, 6.19, 4.87, 3.92, 4.17, 4.32, 4.46, 4.59, 4.97, 5.14, 5.52], [3.24, 3.65, 3.89, 3.51, 2.72, 2.48, 2.68, 2.33, 2.3, 2.19, 1.7, 2.42, 3.29, 3.61, 3.27, 2.33, 2.47, 2.71, 3.16, 3.34, 3.3, 3.42, 3.58, 4.01, 4.64, 3.53, 2.94, 3.89, 4.06, 3.75, 2.47, 2.44, 2.38, 2.39, 1.23, 1.29, 1.25, 0.69, 0, 0.6, 1.29, 1.48, 1.53, 1.51, 1.38, 0.99, 1.21, 1.39, 1.72, 1.69, 1.67, 1.57, 1.55, 1.42, 1.25, 1.39, 1.3, 1.26, 1.16, 1.41, 1.11, 2.01, 1.49, 1.93, 3.1, 2.5, 1.86, 2.51, 2.95, 4.57, 6.59, 6.87, 7.08, 7.7, 8.05, 7.48, 6.34, 5.08, 4.05, 4.3, 4.53, 4.65, 4.74, 5.12, 5.29, 5.67], [3.18, 3.53, 3.77, 3.41, 2.7, 2.4, 2.76, 2.49, 2.5, 2.27, 1.82, 2.4, 3.33, 3.59, 3.23, 2.35, 2.53, 2.69, 3.14, 3.32, 3.24, 3.38, 3.56, 3.93, 4.54, 3.51, 2.92, 3.79, 3.94, 3.69, 2.47, 2.46, 2.42, 2.33, 1.21, 1.39, 1.33, 0.83, 0.6, 0, 1.17, 1.28, 1.57, 1.59, 1.36, 1.05, 1.27, 1.33, 1.6, 1.63, 1.55, 1.39, 1.41, 1.5, 1.31, 1.37, 1.36, 1.22, 1.04, 1.33, 1.19, 2.01, 1.51, 1.91, 3.08, 2.6, 2.08, 2.51, 2.87, 4.51, 6.53, 6.79, 7.0, 7.62, 7.97, 7.38, 6.3, 5.06, 4.15, 4.34, 4.57, 4.71, 4.76, 5.04, 5.21, 5.59], [2.91, 3.4, 3.7, 3.46, 2.85, 2.53, 2.63, 2.36, 2.35, 2.2, 1.79, 2.13, 2.92, 3.3, 2.84, 2.18, 2.38, 2.6, 2.93, 3.09, 3.43, 3.37, 3.47, 3.76, 4.39, 3.14, 2.77, 3.72, 3.81, 3.36, 2.26, 2.37, 2.53, 2.26, 1.44, 1.94, 1.4, 1.28, 1.29, 1.17, 0, 0.73, 1.2, 1.32, 1.21, 1.0, 1.38, 1.32, 1.37, 1.44, 1.58, 1.44, 1.62, 1.67, 1.66, 1.48, 1.47, 1.45, 1.17, 1.2, 1.24, 2.26, 1.92, 1.84, 2.91, 2.69, 2.07, 2.62, 2.92, 4.34, 6.38, 6.62, 6.77, 7.47, 7.8, 7.19, 6.07, 4.73, 3.98, 4.27, 4.54, 4.66, 4.63, 4.87, 5.04, 5.4], [2.56, 3.09, 3.41, 3.11, 2.54, 2.34, 2.54, 2.33, 2.44, 2.27, 1.88, 2.06, 2.87, 3.27, 2.77, 2.11, 2.21, 2.39, 2.72, 2.94, 3.2, 3.12, 3.24, 3.57, 4.24, 3.01, 2.72, 3.65, 3.62, 3.15, 1.91, 1.82, 2.08, 1.99, 1.53, 2.05, 1.43, 1.27, 1.48, 1.28, 0.73, 0, 1.01, 1.11, 1.1, 1.05, 1.51, 1.49, 1.48, 1.57, 1.69, 1.65, 1.87, 1.92, 1.99, 1.65, 1.84, 1.74, 1.5, 1.39, 1.31, 2.37, 1.89, 1.43, 2.74, 2.5, 2.06, 2.55, 2.87, 4.11, 6.17, 6.41, 6.6, 7.28, 7.61, 7.0, 5.84, 4.44, 3.79, 4.12, 4.39, 4.51, 4.52, 4.7, 4.85, 5.19], [2.47, 2.96, 3.34, 3.02, 2.35, 2.15, 2.25, 2.06, 2.07, 1.86, 1.55, 1.73, 2.48, 2.86, 2.38, 1.74, 1.9, 2.08, 2.37, 2.49, 2.75, 2.69, 2.71, 2.98, 3.67, 2.52, 2.09, 3.1, 2.97, 2.54, 1.68, 1.85, 1.83, 1.56, 1.62, 2.32, 1.54, 1.32, 1.53, 1.57, 1.2, 1.01, 0, 0.76, 0.89, 1.02, 1.66, 1.56, 1.35, 1.38, 1.28, 1.44, 1.72, 1.81, 1.84, 1.66, 1.93, 1.79, 1.69, 1.44, 1.42, 3.0, 2.44, 1.24, 2.27, 2.09, 1.55, 2.08, 2.42, 3.6, 5.5, 5.78, 5.99, 6.65, 6.98, 6.37, 5.19, 3.83, 3.2, 3.51, 3.78, 3.88, 3.79, 4.05, 4.2, 4.5], [2.45, 2.92, 3.3, 3.0, 2.43, 2.25, 2.33, 2.32, 2.29, 1.88, 1.79, 1.89, 2.56, 2.9, 2.3, 1.76, 2.08, 2.04, 2.33, 2.45, 2.65, 2.55, 2.57, 2.86, 3.53, 2.38, 2.07, 2.96, 2.91, 2.46, 1.66, 1.85, 1.89, 1.38, 1.7, 2.44, 1.5, 1.32, 1.51, 1.59, 1.32, 1.11, 0.76, 0, 0.77, 1.12, 1.7, 1.5, 1.39, 1.02, 1.3, 1.62, 1.58, 1.83, 1.86, 1.9, 2.09, 1.77, 1.69, 1.6, 1.6, 3.22, 2.64, 1.32, 2.27, 2.29, 1.83, 2.08, 2.38, 3.44, 5.3, 5.54, 5.75, 6.41, 6.74, 6.17, 5.03, 3.89, 3.32, 3.61, 3.84, 3.92, 3.83, 3.97, 4.12, 4.4], [2.44, 2.93, 3.27, 2.99, 2.32, 2.12, 2.4, 2.19, 2.14, 1.95, 1.58, 1.88, 2.69, 2.85, 2.45, 1.73, 1.91, 2.03, 2.36, 2.5, 2.84, 2.78, 2.86, 3.19, 3.86, 2.69, 2.3, 3.09, 3.14, 2.81, 1.87, 1.78, 1.88, 1.47, 1.47, 2.15, 1.33, 1.21, 1.38, 1.36, 1.21, 1.1, 0.89, 0.77, 0, 0.87, 1.53, 1.43, 1.3, 1.23, 1.29, 1.59, 1.59, 1.88, 1.85, 1.63, 1.9, 1.66, 1.6, 1.49, 1.35, 2.87, 2.29, 1.23, 2.34, 2.36, 1.74, 2.23, 2.51, 3.69, 5.65, 5.89, 6.06, 6.76, 7.09, 6.52, 5.4, 4.1, 3.37, 3.76, 4.01, 4.09, 4.02, 4.18, 4.35, 4.73], [2.77, 3.2, 3.54, 3.26, 2.49, 2.39, 2.59, 2.26, 2.11, 2.02, 1.59, 2.13, 2.84, 3.1, 2.8, 1.9, 2.02, 2.34, 2.77, 2.93, 3.29, 3.25, 3.35, 3.76, 4.43, 3.12, 2.59, 3.62, 3.71, 3.28, 2.08, 2.09, 2.23, 2.08, 1.22, 1.58, 1.18, 0.84, 0.99, 1.05, 1.0, 1.05, 1.02, 1.12, 0.87, 0, 0.92, 0.92, 1.15, 1.38, 1.6, 1.42, 1.56, 1.59, 1.4, 1.32, 1.47, 1.37, 1.35, 1.16, 0.92, 2.34, 1.76, 1.58, 2.85, 2.63, 2.01, 2.7, 2.92, 4.28, 6.26, 6.48, 6.59, 7.33, 7.66, 7.09, 6.01, 4.63, 3.86, 4.05, 4.24, 4.3, 4.43, 4.79, 4.96, 5.34], [2.99, 3.5, 3.82, 3.56, 2.83, 2.55, 2.71, 2.38, 2.23, 2.02, 1.67, 2.39, 3.14, 3.36, 3.0, 2.1, 2.34, 2.58, 3.01, 3.41, 3.71, 3.69, 3.77, 4.16, 4.81, 3.58, 3.09, 4.06, 4.17, 3.76, 2.66, 2.67, 2.83, 2.66, 1.12, 1.2, 1.36, 1.2, 1.21, 1.27, 1.38, 1.51, 1.66, 1.7, 1.53, 0.92, 0, 0.56, 1.03, 1.54, 1.76, 1.46, 1.62, 1.83, 1.44, 1.42, 1.51, 1.27, 1.31, 1.36, 1.12, 1.86, 1.54, 2.16, 3.33, 2.83, 2.37, 3.0, 3.28, 4.76, 6.78, 7.0, 7.07, 7.85, 8.18, 7.61, 6.53, 5.15, 4.3, 4.39, 4.42, 4.56, 4.85, 5.31, 5.48, 5.86], [3.07, 3.6, 3.92, 3.72, 2.97, 2.71, 2.75, 2.4, 2.21, 1.96, 1.73, 2.41, 3.1, 3.3, 2.96, 2.12, 2.4, 2.66, 3.05, 3.39, 3.73, 3.61, 3.61, 3.88, 4.55, 3.32, 2.93, 3.84, 3.93, 3.52, 2.7, 2.75, 2.91, 2.48, 1.1, 1.48, 1.52, 1.42, 1.39, 1.33, 1.32, 1.49, 1.56, 1.5, 1.43, 0.92, 0.56, 0, 1.03, 1.36, 1.58, 1.28, 1.44, 1.59, 1.34, 1.4, 1.47, 1.13, 1.23, 1.26, 1.24, 2.16, 1.88, 2.28, 3.19, 2.87, 2.31, 2.86, 3.16, 4.56, 6.52, 6.74, 6.81, 7.59, 7.92, 7.35, 6.27, 5.07, 4.18, 4.19, 4.22, 4.34, 4.63, 5.05, 5.22, 5.6], [2.4, 3.01, 3.33, 3.15, 2.48, 2.18, 2.2, 1.95, 1.8, 1.63, 1.38, 1.94, 2.47, 2.57, 2.35, 1.63, 1.93, 2.31, 2.72, 2.98, 3.38, 3.34, 3.4, 3.59, 4.12, 3.11, 2.7, 3.45, 3.58, 3.19, 2.35, 2.44, 2.64, 2.33, 1.65, 1.95, 1.61, 1.67, 1.72, 1.6, 1.37, 1.48, 1.35, 1.39, 1.3, 1.15, 1.03, 1.03, 0, 1.11, 1.37, 1.15, 1.49, 2.04, 1.73, 1.49, 1.72, 1.42, 1.42, 1.17, 1.39, 2.55, 2.01, 1.95, 2.96, 2.74, 2.14, 2.69, 2.99, 4.13, 6.15, 6.37, 6.44, 7.22, 7.55, 6.98, 5.9, 4.66, 3.93, 3.98, 4.23, 4.37, 4.36, 4.72, 4.87, 5.23], [2.19, 2.72, 2.94, 2.72, 2.15, 1.87, 1.89, 1.8, 1.77, 1.36, 1.25, 1.49, 2.16, 2.38, 2.04, 1.38, 1.84, 1.98, 2.29, 2.57, 2.81, 2.79, 2.83, 2.98, 3.55, 2.36, 2.33, 2.92, 3.09, 2.72, 1.94, 2.13, 2.27, 1.84, 1.8, 2.36, 1.52, 1.54, 1.69, 1.63, 1.44, 1.57, 1.38, 1.02, 1.23, 1.38, 1.54, 1.36, 1.11, 0, 0.84, 1.24, 1.24, 1.81, 1.72, 1.56, 1.83, 1.39, 1.33, 1.28, 1.6, 3.06, 2.5, 1.68, 2.31, 2.17, 1.71, 1.94, 2.24, 3.64, 5.58, 5.8, 5.87, 6.65, 6.98, 6.41, 5.33, 4.27, 3.72, 3.77, 3.94, 4.0, 4.01, 4.15, 4.3, 4.66], [2.63, 3.2, 3.4, 3.18, 2.55, 2.11, 2.11, 1.86, 1.83, 1.48, 1.41, 1.65, 2.54, 2.74, 2.34, 1.8, 2.12, 2.3, 2.63, 2.87, 2.93, 2.83, 2.85, 3.02, 3.53, 2.54, 2.33, 2.96, 3.07, 2.78, 2.26, 2.47, 2.43, 1.96, 1.68, 2.38, 1.88, 1.62, 1.67, 1.55, 1.58, 1.69, 1.28, 1.3, 1.29, 1.6, 1.76, 1.58, 1.37, 0.84, 0, 0.86, 0.94, 1.51, 1.46, 1.32, 1.53, 1.29, 1.29, 1.36, 1.7, 2.92, 2.44, 1.84, 2.39, 2.01, 1.59, 1.82, 2.24, 3.66, 5.62, 5.86, 6.09, 6.77, 7.06, 6.45, 5.31, 4.35, 3.54, 3.57, 3.72, 3.78, 3.85, 4.09, 4.26, 4.66], [3.01, 3.58, 3.7, 3.58, 2.93, 2.45, 2.33, 2.18, 2.11, 1.7, 1.55, 1.93, 2.76, 3.0, 2.8, 2.0, 2.24, 2.58, 3.03, 3.17, 3.33, 3.23, 3.33, 3.48, 4.09, 3.08, 2.63, 3.44, 3.65, 3.24, 2.52, 2.77, 2.77, 2.46, 1.5, 1.98, 1.92, 1.68, 1.57, 1.39, 1.44, 1.65, 1.44, 1.62, 1.59, 1.42, 1.46, 1.28, 1.15, 1.24, 0.86, 0, 0.84, 1.47, 1.2, 1.14, 1.35, 1.19, 1.25, 1.34, 1.58, 2.42, 2.08, 2.22, 2.99, 2.37, 1.93, 2.28, 2.68, 4.22, 6.16, 6.4, 6.61, 7.27, 7.6, 6.99, 5.87, 4.73, 3.84, 3.89, 4.04, 4.18, 4.25, 4.65, 4.82, 5.2], [3.25, 3.74, 3.96, 3.7, 3.03, 2.69, 2.67, 2.32, 2.23, 1.94, 1.67, 2.17, 3.12, 3.34, 3.02, 2.26, 2.54, 2.84, 3.23, 3.39, 3.37, 3.21, 3.31, 3.36, 3.87, 3.0, 2.65, 3.34, 3.59, 3.34, 2.6, 2.73, 2.75, 2.2, 1.44, 2.16, 1.9, 1.74, 1.55, 1.41, 1.62, 1.87, 1.72, 1.58, 1.59, 1.56, 1.62, 1.44, 1.49, 1.24, 0.94, 0.84, 0, 1.05, 1.1, 1.24, 1.37, 1.01, 1.23, 1.66, 1.66, 2.66, 2.14, 2.2, 2.93, 2.43, 1.95, 2.2, 2.68, 4.22, 6.0, 6.24, 6.55, 7.17, 7.44, 6.91, 5.77, 4.93, 3.92, 3.89, 3.98, 4.0, 4.11, 4.41, 4.58, 5.06], [3.58, 4.07, 4.31, 4.05, 3.42, 3.08, 3.06, 2.63, 2.56, 2.37, 2.04, 2.54, 3.47, 3.75, 3.41, 2.63, 2.89, 3.17, 3.6, 3.72, 3.58, 3.44, 3.56, 3.59, 3.96, 3.39, 2.98, 3.65, 3.84, 3.73, 2.95, 3.02, 2.96, 2.49, 1.65, 2.33, 2.17, 1.69, 1.42, 1.5, 1.67, 1.92, 1.81, 1.83, 1.88, 1.59, 1.83, 1.59, 2.04, 1.81, 1.51, 1.47, 1.05, 0, 0.93, 1.35, 1.34, 1.26, 1.4, 1.71, 1.69, 2.73, 2.29, 2.57, 3.28, 2.68, 2.14, 2.53, 3.11, 4.47, 6.15, 6.63, 6.94, 7.44, 7.69, 7.36, 6.1, 5.3, 4.21, 3.96, 4.09, 4.11, 4.14, 4.5, 4.69, 5.15], [3.55, 4.0, 4.24, 3.96, 3.27, 2.93, 2.87, 2.5, 2.51, 2.24, 1.91, 2.45, 3.38, 3.64, 3.32, 2.5, 2.78, 3.12, 3.53, 3.65, 3.69, 3.57, 3.65, 3.74, 4.429, 3.54, 3.01, 3.78, 3.99, 3.84, 2.98, 3.13, 3.09, 2.56, 1.52, 1.88, 2.1, 1.54, 1.25, 1.31, 1.66, 1.99, 1.84, 1.86, 1.85, 1.4, 1.44, 1.34, 1.73, 1.72, 1.46, 1.2, 1.1, 0.93, 0, 0.9, 0.73, 0.85, 1.19, 1.52, 1.6, 2.32, 1.94, 2.64, 3.25, 2.71, 2.17, 2.48, 2.96, 4.6, 6.52, 6.8, 7.01, 7.65, 7.98, 7.47, 6.35, 5.37, 4.34, 4.27, 4.46, 4.56, 4.65, 5.029, 5.196, 5.599], [3.15, 3.68, 3.9, 3.64, 2.95, 2.59, 2.47, 2.1, 2.19, 2.1, 1.61, 2.15, 3.02, 3.26, 3.0, 2.32, 2.54, 2.92, 3.29, 3.43, 3.67, 3.63, 3.71, 3.98, 4.569, 3.54, 3.25, 3.92, 4.07, 3.68, 2.78, 2.71, 2.79, 2.62, 1.5, 1.86, 1.78, 1.5, 1.39, 1.37, 1.48, 1.65, 1.66, 1.9, 1.63, 1.32, 1.42, 1.4, 1.49, 1.56, 1.32, 1.14, 1.24, 1.35, 0.9, 0, 0.75, 0.95, 1.15, 1.34, 1.58, 2.3, 1.84, 2.3, 3.15, 2.61, 2.05, 2.52, 2.94, 4.66, 6.679, 6.9, 7.03, 7.77, 8.1, 7.53, 6.43, 5.15, 4.36, 4.59, 4.82, 4.94, 5.01, 5.23, 5.356, 5.759], [3.52, 4.07, 4.27, 4.03, 3.3, 2.92, 2.84, 2.41, 2.42, 2.33, 1.86, 2.5, 3.39, 3.65, 3.33, 2.53, 2.83, 3.17, 3.6, 3.82, 3.92, 3.84, 3.9, 4.17, 4.799, 3.81, 3.36, 4.13, 4.3, 3.97, 3.15, 3.16, 3.22, 2.85, 1.57, 1.73, 2.03, 1.63, 1.3, 1.36, 1.47, 1.84, 1.93, 2.09, 1.9, 1.47, 1.51, 1.47, 1.72, 1.83, 1.53, 1.35, 1.37, 1.34, 0.73, 0.75, 0, 0.78, 1.06, 1.41, 1.63, 2.09, 1.81, 2.63, 3.42, 2.84, 2.24, 2.67, 3.17, 4.89, 6.909, 7.13, 7.24, 7.98, 8.31, 7.74, 6.66, 5.48, 4.53, 4.7, 4.93, 5.05, 5.1, 5.419, 5.586, 5.969], [3.28, 3.81, 4.05, 3.79, 3.04, 2.68, 2.68, 2.23, 2.16, 1.97, 1.74, 2.36, 3.25, 3.39, 3.05, 2.41, 2.71, 3.01, 3.38, 3.64, 3.72, 3.58, 3.68, 3.81, 4.34, 3.47, 3.12, 3.71, 3.88, 3.71, 3.03, 3.02, 3.04, 2.53, 1.31, 1.73, 1.77, 1.53, 1.26, 1.22, 1.45, 1.74, 1.79, 1.77, 1.66, 1.37, 1.27, 1.13, 1.42, 1.39, 1.29, 1.19, 1.01, 1.26, 0.85, 0.95, 0.78, 0, 0.76, 1.27, 1.57, 2.27, 1.91, 2.45, 3.16, 2.82, 2.24, 2.55, 2.99, 4.53, 6.43, 6.65, 6.74, 7.5, 7.83, 7.28, 6.2, 5.3, 4.31, 4.26, 4.49, 4.57, 4.66, 4.96, 5.123, 5.53], [3.0, 3.55, 3.79, 3.55, 2.88, 2.44, 2.46, 2.23, 2.24, 1.87, 1.7, 2.16, 2.99, 3.13, 2.89, 2.25, 2.47, 2.79, 3.1, 3.36, 3.48, 3.38, 3.48, 3.71, 4.32, 3.35, 2.98, 3.67, 3.8, 3.55, 2.81, 2.88, 2.94, 2.43, 1.41, 1.83, 1.69, 1.33, 1.16, 1.04, 1.17, 1.5, 1.69, 1.69, 1.6, 1.35, 1.31, 1.23, 1.42, 1.33, 1.29, 1.25, 1.23, 1.4, 1.19, 1.15, 1.06, 0.76, 0, 0.97, 1.43, 2.29, 1.93, 2.33, 3.1, 2.66, 2.22, 2.41, 2.81, 4.47, 6.41, 6.63, 6.7, 7.48, 7.81, 7.24, 6.16, 5.08, 4.27, 4.34, 4.55, 4.67, 4.72, 4.96, 5.11, 5.51], [2.49, 3.02, 3.18, 3.0, 2.49, 2.01, 2.03, 1.94, 1.93, 1.58, 1.55, 1.67, 2.44, 2.62, 2.36, 1.76, 1.94, 2.4, 2.63, 2.99, 3.29, 3.31, 3.39, 3.58, 4.09, 3.06, 2.79, 3.46, 3.57, 3.16, 2.4, 2.63, 2.85, 2.52, 1.76, 2.04, 1.62, 1.3, 1.41, 1.33, 1.2, 1.39, 1.44, 1.6, 1.49, 1.16, 1.36, 1.26, 1.17, 1.28, 1.36, 1.34, 1.66, 1.71, 1.52, 1.34, 1.41, 1.27, 0.97, 0, 1.26, 2.62, 2.06, 2.04, 2.87, 2.51, 2.15, 2.44, 2.74, 4.12, 6.14, 6.36, 6.43, 7.21, 7.54, 6.97, 5.89, 4.59, 3.86, 4.05, 4.3, 4.42, 4.39, 4.67, 4.84, 5.22], [2.89, 3.34, 3.64, 3.32, 2.55, 2.37, 2.49, 2.12, 2.01, 2.0, 1.49, 2.15, 3.0, 3.2, 2.9, 2.0, 2.18, 2.54, 2.95, 3.15, 3.41, 3.43, 3.53, 3.94, 4.57, 3.4, 2.87, 3.92, 4.01, 3.6, 2.36, 2.11, 2.25, 2.32, 1.18, 1.38, 1.1, 1.04, 1.11, 1.19, 1.24, 1.31, 1.42, 1.6, 1.35, 0.92, 1.12, 1.24, 1.39, 1.6, 1.7, 1.58, 1.66, 1.69, 1.6, 1.58, 1.63, 1.57, 1.43, 1.26, 0, 1.82, 1.36, 1.7, 3.09, 2.55, 1.97, 2.72, 2.98, 4.62, 6.68, 6.92, 7.05, 7.79, 8.12, 7.51, 6.37, 4.99, 4.02, 4.13, 4.32, 4.48, 4.67, 5.15, 5.32, 5.7], [4.33, 4.68, 4.84, 4.44, 3.79, 3.63, 3.85, 3.22, 3.27, 3.56, 2.79, 3.69, 4.66, 4.84, 4.6, 3.68, 3.76, 4.16, 4.69, 4.87, 4.95, 5.11, 5.25, 5.56, 6.23, 5.08, 4.59, 5.66, 5.77, 5.34, 3.9, 3.15, 3.55, 3.88, 1.72, 1.14, 1.94, 2.14, 2.01, 2.01, 2.26, 2.37, 3.0, 3.22, 2.87, 2.34, 1.86, 2.16, 2.55, 3.06, 2.92, 2.42, 2.66, 2.73, 2.32, 2.3, 2.09, 2.27, 2.29, 2.62, 1.82, 0, 0.88, 2.86, 4.81, 3.83, 3.37, 4.14, 4.54, 6.42, 8.5, 8.74, 8.87, 9.61, 9.94, 9.33, 8.13, 6.67, 5.72, 5.83, 5.86, 5.96, 6.35, 6.85, 7.02, 7.4], [3.67, 4.04, 4.26, 3.88, 3.13, 2.97, 3.25, 2.82, 2.87, 3.0, 2.25, 3.13, 4.1, 4.32, 4.04, 3.12, 3.16, 3.6, 4.11, 4.31, 4.43, 4.55, 4.71, 5.0, 5.57, 4.4, 4.01, 5.06, 5.19, 4.72, 3.3, 2.61, 3.01, 3.24, 1.42, 1.1, 1.54, 1.64, 1.49, 1.51, 1.92, 1.89, 2.44, 2.64, 2.29, 1.76, 1.54, 1.88, 2.01, 2.5, 2.44, 2.08, 2.14, 2.29, 1.94, 1.84, 1.81, 1.91, 1.93, 2.06, 1.36, 0.88, 0, 2.18, 4.23, 3.43, 2.81, 3.56, 3.98, 5.84, 7.92, 8.16, 8.29, 9.03, 9.36, 8.75, 7.55, 6.03, 5.08, 5.19, 5.34, 5.48, 5.81, 6.19, 6.36, 6.72], [2.01, 2.32, 2.64, 2.32, 1.81, 1.79, 2.11, 2.12, 2.25, 2.04, 1.65, 1.65, 2.62, 2.96, 2.32, 1.84, 1.84, 1.94, 2.17, 2.39, 2.55, 2.67, 2.79, 3.06, 3.67, 2.4, 2.23, 3.36, 3.29, 2.62, 1.36, 1.07, 1.31, 1.42, 2.12, 2.5, 1.56, 1.54, 1.93, 1.91, 1.84, 1.43, 1.24, 1.32, 1.23, 1.58, 2.16, 2.28, 1.95, 1.68, 1.84, 2.22, 2.2, 2.57, 2.64, 2.3, 2.63, 2.45, 2.33, 2.04, 1.7, 2.86, 2.18, 0, 2.25, 2.13, 1.75, 2.0, 2.3, 3.74, 5.78, 6.02, 6.15, 6.89, 7.22, 6.61, 5.41, 3.89, 3.22, 3.61, 3.86, 3.98, 4.03, 4.23, 4.3, 4.66], [1.84, 1.69, 2.01, 1.99, 2.16, 2.14, 1.98, 2.31, 2.32, 2.05, 2.44, 1.58, 1.77, 1.93, 1.73, 2.07, 2.01, 1.51, 1.24, 1.32, 1.54, 1.38, 1.38, 1.49, 1.78, 1.13, 1.36, 1.95, 1.84, 1.35, 1.37, 1.98, 1.64, 1.51, 3.29, 4.09, 3.11, 2.87, 3.1, 3.08, 2.91, 2.74, 2.27, 2.27, 2.34, 2.85, 3.33, 3.19, 2.96, 2.31, 2.39, 2.99, 2.93, 3.28, 3.25, 3.15, 3.42, 3.16, 3.1, 2.87, 3.09, 4.81, 4.23, 2.25, 0, 1.56, 1.8, 1.37, 0.95, 1.77, 3.69, 3.99, 4.12, 4.82, 5.15, 4.54, 3.38, 2.46, 2.37, 2.74, 2.93, 3.11, 3.08, 3.16, 2.95, 3.19], [2.2, 2.33, 2.41, 2.21, 2.12, 1.7, 1.48, 1.55, 1.7, 1.63, 1.72, 1.14, 1.73, 2.03, 1.69, 1.65, 1.65, 1.39, 1.58, 1.82, 1.78, 1.66, 1.78, 1.99, 2.56, 1.55, 1.4, 2.25, 2.18, 1.83, 1.67, 2.06, 1.64, 1.77, 2.75, 3.31, 2.67, 2.33, 2.5, 2.6, 2.69, 2.5, 2.09, 2.29, 2.36, 2.63, 2.83, 2.87, 2.74, 2.17, 2.01, 2.37, 2.43, 2.68, 2.71, 2.61, 2.84, 2.82, 2.66, 2.51, 2.55, 3.83, 3.43, 2.13, 1.56, 0, 0.88, 0.91, 1.63, 2.67, 4.73, 5.03, 5.26, 5.9, 6.23, 5.62, 4.42, 3.16, 2.23, 2.52, 2.63, 2.73, 2.98, 3.28, 3.29, 3.69], [2.14, 2.59, 2.81, 2.55, 2.16, 1.82, 1.54, 1.27, 1.44, 1.41, 1.28, 1.32, 2.09, 2.47, 2.09, 1.73, 1.75, 1.83, 2.08, 2.24, 2.28, 2.18, 2.28, 2.57, 3.12, 2.09, 1.74, 2.69, 2.68, 2.35, 1.65, 1.86, 1.56, 1.51, 2.17, 2.79, 2.03, 1.79, 1.86, 2.08, 2.07, 2.06, 1.55, 1.83, 1.74, 2.01, 2.37, 2.31, 2.14, 1.71, 1.59, 1.93, 1.95, 2.14, 2.17, 2.05, 2.24, 2.24, 2.22, 2.15, 1.97, 3.37, 2.81, 1.75, 1.8, 0.88, 0, 1.13, 1.69, 3.19, 5.27, 5.59, 5.82, 6.44, 6.79, 6.18, 4.96, 3.76, 2.65, 2.88, 3.11, 3.25, 3.36, 3.7, 3.85, 4.21], [2.07, 2.24, 2.42, 2.32, 2.19, 1.69, 1.43, 1.84, 2.05, 1.74, 1.89, 1.17, 1.98, 2.34, 1.7, 1.72, 1.9, 1.66, 1.71, 1.79, 1.79, 1.63, 1.75, 1.8, 2.39, 1.58, 1.49, 2.3, 2.25, 1.76, 1.42, 1.91, 1.67, 1.4, 2.78, 3.54, 2.78, 2.44, 2.51, 2.51, 2.62, 2.55, 2.08, 2.08, 2.23, 2.7, 3.0, 2.86, 2.69, 1.94, 1.82, 2.28, 2.2, 2.53, 2.48, 2.52, 2.67, 2.55, 2.41, 2.44, 2.72, 4.14, 3.56, 2.0, 1.37, 0.91, 1.13, 0, 1.32, 2.54, 4.52, 4.82, 5.05, 5.69, 6.02, 5.43, 4.25, 3.19, 2.5, 2.79, 2.98, 3.14, 3.15, 3.39, 3.32, 3.6], [1.87, 1.84, 2.36, 2.32, 2.47, 2.21, 1.95, 2.26, 2.39, 2.02, 2.31, 1.65, 2.06, 2.28, 2.22, 2.26, 2.36, 1.96, 1.53, 1.45, 1.49, 1.47, 1.55, 1.72, 2.03, 1.58, 1.39, 2.24, 2.19, 1.54, 1.48, 2.11, 1.77, 1.68, 3.16, 3.88, 3.06, 2.74, 2.95, 2.87, 2.92, 2.87, 2.42, 2.38, 2.51, 2.92, 3.28, 3.16, 2.99, 2.24, 2.24, 2.68, 2.68, 3.11, 2.96, 2.94, 3.17, 2.99, 2.81, 2.74, 2.98, 4.54, 3.98, 2.3, 0.95, 1.63, 1.69, 1.32, 0, 1.9, 3.96, 4.2, 4.37, 5.07, 5.4, 4.79, 3.69, 2.67, 2.76, 3.05, 3.32, 3.56, 3.43, 3.47, 3.38, 3.62], [2.83, 2.56, 2.94, 3.3, 3.61, 3.49, 3.31, 3.76, 3.69, 3.22, 3.95, 2.99, 2.66, 2.7, 2.68, 3.18, 3.22, 2.64, 2.03, 1.87, 1.93, 1.75, 1.71, 1.58, 1.39, 1.88, 1.95, 1.96, 1.87, 1.6, 2.62, 3.41, 2.89, 2.72, 4.74, 5.66, 4.7, 4.44, 4.57, 4.51, 4.34, 4.11, 3.6, 3.44, 3.69, 4.28, 4.76, 4.56, 4.13, 3.64, 3.66, 4.22, 4.22, 4.47, 4.6, 4.66, 4.89, 4.53, 4.47, 4.12, 4.62, 6.42, 5.84, 3.74, 1.77, 2.67, 3.19, 2.54, 1.9, 0, 2.38, 2.48, 2.71, 3.31, 3.66, 3.13, 2.03, 2.19, 2.82, 2.89, 3.2, 3.32, 3.09, 2.97, 2.78, 2.88], [4.81, 4.5, 4.64, 5.14, 5.59, 5.33, 4.95, 5.78, 5.71, 5.18, 5.97, 4.95, 4.04, 3.92, 4.12, 5.0, 4.9, 4.4, 3.93, 3.65, 3.61, 3.45, 3.37, 3.04, 2.57, 3.62, 3.95, 3.0, 2.79, 3.2, 4.64, 5.49, 4.95, 4.7, 6.8, 7.68, 6.7, 6.44, 6.59, 6.53, 6.38, 6.17, 5.5, 5.3, 5.65, 6.26, 6.78, 6.52, 6.15, 5.58, 5.62, 6.16, 6.0, 6.15, 6.52, 6.679, 6.909, 6.43, 6.41, 6.14, 6.68, 8.5, 7.92, 5.78, 3.69, 4.73, 5.27, 4.52, 3.96, 2.38, 0, 1.16, 1.61, 1.73, 1.86, 2.21, 1.63, 2.45, 3.52, 3.51, 3.66, 3.38, 3.13, 2.91, 2.86, 2.86], [5.03, 4.72, 4.86, 5.36, 5.81, 5.55, 5.17, 6.0, 5.93, 5.4, 6.19, 5.19, 4.28, 4.22, 4.42, 5.22, 5.12, 4.66, 4.15, 3.89, 3.93, 3.79, 3.73, 3.4, 3.09, 3.92, 4.25, 3.42, 3.19, 3.44, 4.88, 5.73, 5.25, 5.0, 7.04, 7.9, 6.92, 6.66, 6.87, 6.79, 6.62, 6.41, 5.78, 5.54, 5.89, 6.48, 7.0, 6.74, 6.37, 5.8, 5.86, 6.4, 6.24, 6.63, 6.8, 6.9, 7.13, 6.65, 6.63, 6.36, 6.92, 8.74, 8.16, 6.02, 3.99, 5.03, 5.59, 4.82, 4.2, 2.48, 1.16, 0, 0.73, 1.37, 1.66, 1.99, 1.83, 2.89, 4.0, 4.11, 4.36, 4.24, 3.85, 3.55, 3.46, 3.44], [5.1, 4.79, 4.93, 5.43, 5.88, 5.62, 5.28, 6.07, 6.0, 5.47, 6.28, 5.3, 4.35, 4.27, 4.47, 5.31, 5.19, 4.73, 4.26, 4.06, 4.16, 4.04, 3.98, 3.61, 3.3, 4.13, 4.46, 3.57, 3.38, 3.63, 5.09, 5.86, 5.48, 5.23, 7.21, 8.01, 6.99, 6.77, 7.08, 7.0, 6.77, 6.6, 5.99, 5.75, 6.06, 6.59, 7.07, 6.81, 6.44, 5.87, 6.09, 6.61, 6.55, 6.94, 7.01, 7.03, 7.24, 6.74, 6.7, 6.43, 7.05, 8.87, 8.29, 6.15, 4.12, 5.26, 5.82, 5.05, 4.37, 2.71, 1.61, 0.73, 0, 1.28, 1.77, 2.1, 1.88, 3.06, 4.23, 4.36, 4.59, 4.61, 4.24, 3.72, 3.65, 3.59], [5.88, 5.57, 5.71, 6.21, 6.66, 6.4, 6.02, 6.85, 6.78, 6.25, 7.04, 6.04, 5.09, 4.97, 5.19, 6.07, 5.97, 5.47, 5.0, 4.76, 4.76, 4.62, 4.54, 4.23, 3.78, 4.79, 5.12, 3.99, 3.86, 4.31, 5.75, 6.6, 6.12, 5.85, 7.91, 8.75, 7.77, 7.51, 7.7, 7.62, 7.47, 7.28, 6.65, 6.41, 6.76, 7.33, 7.85, 7.59, 7.22, 6.65, 6.77, 7.27, 7.17, 7.44, 7.65, 7.77, 7.98, 7.5, 7.48, 7.21, 7.79, 9.61, 9.03, 6.89, 4.82, 5.9, 6.44, 5.69, 5.07, 3.31, 1.73, 1.37, 1.28, 0, 1.11, 1.62, 1.68, 3.1, 4.45, 4.56, 4.51, 4.51, 4.14, 3.54, 3.45, 3.31], [6.21, 5.9, 6.04, 6.54, 6.99, 6.73, 6.35, 7.18, 7.11, 6.58, 7.37, 6.37, 5.42, 5.3, 5.52, 6.4, 6.3, 5.8, 5.33, 5.09, 5.11, 4.97, 4.87, 4.56, 4.13, 5.12, 5.45, 4.34, 4.21, 4.64, 6.08, 6.93, 6.45, 6.18, 8.24, 9.08, 8.1, 7.84, 8.05, 7.97, 7.8, 7.61, 6.98, 6.74, 7.09, 7.66, 8.18, 7.92, 7.55, 6.98, 7.06, 7.6, 7.44, 7.69, 7.98, 8.1, 8.31, 7.83, 7.81, 7.54, 8.12, 9.94, 9.36, 7.22, 5.15, 6.23, 6.79, 6.02, 5.4, 3.66, 1.86, 1.66, 1.77, 1.11, 0, 0.93, 1.87, 3.43, 4.74, 4.87, 4.84, 4.76, 4.31, 3.69, 3.7, 3.5], [5.64, 5.33, 5.47, 5.97, 6.42, 6.16, 5.78, 6.61, 6.54, 6.01, 6.8, 5.78, 4.85, 4.73, 4.95, 5.83, 5.73, 5.23, 4.76, 4.52, 4.52, 4.38, 4.28, 4.03, 3.74, 4.51, 4.84, 3.87, 3.68, 4.03, 5.47, 6.32, 5.84, 5.63, 7.63, 8.51, 7.53, 7.27, 7.48, 7.38, 7.19, 7.0, 6.37, 6.17, 6.52, 7.09, 7.61, 7.35, 6.98, 6.41, 6.45, 6.99, 6.91, 7.36, 7.47, 7.53, 7.74, 7.28, 7.24, 6.97, 7.51, 9.33, 8.75, 6.61, 4.54, 5.62, 6.18, 5.43, 4.79, 3.13, 2.21, 1.99, 2.1, 1.62, 0.93, 0, 1.36, 2.82, 4.13, 4.44, 4.37, 4.39, 3.96, 3.36, 3.33, 3.07], [4.56, 4.25, 4.39, 4.89, 5.34, 5.08, 4.7, 5.53, 5.46, 4.93, 5.72, 4.7, 3.77, 3.65, 3.87, 4.75, 4.65, 4.15, 3.68, 3.4, 3.32, 3.14, 3.08, 2.79, 2.48, 3.27, 3.62, 2.69, 2.46, 2.83, 4.33, 5.16, 4.62, 4.43, 6.47, 7.43, 6.45, 6.19, 6.34, 6.3, 6.07, 5.84, 5.19, 5.03, 5.4, 6.01, 6.53, 6.27, 5.9, 5.33, 5.31, 5.87, 5.77, 6.1, 6.35, 6.43, 6.66, 6.2, 6.16, 5.89, 6.37, 8.13, 7.55, 5.41, 3.38, 4.42, 4.96, 4.25, 3.69, 2.03, 1.63, 1.83, 1.88, 1.68, 1.87, 1.36, 0, 1.6, 2.91, 3.18, 3.13, 3.21, 2.82, 2.3, 2.21, 2.13], [3.16, 3.09, 3.27, 3.57, 3.939, 3.679, 3.36, 4.31, 4.3, 3.83, 4.38, 3.36, 2.43, 2.35, 2.63, 3.37, 3.25, 2.77, 2.32, 2.06, 2.12, 2.04, 1.92, 1.81, 2.14, 2.13, 2.48, 1.91, 1.62, 1.65, 2.91, 3.7, 3.24, 3.27, 5.23, 6.05, 5.07, 4.87, 5.08, 5.06, 4.73, 4.44, 3.83, 3.89, 4.1, 4.63, 5.15, 5.07, 4.66, 4.27, 4.35, 4.73, 4.93, 5.3, 5.37, 5.15, 5.48, 5.3, 5.08, 4.59, 4.99, 6.67, 6.03, 3.89, 2.46, 3.16, 3.76, 3.19, 2.67, 2.19, 2.45, 2.89, 3.06, 3.1, 3.43, 2.82, 1.6, 0, 1.75, 2.24, 2.29, 2.57, 2.34, 1.96, 1.85, 1.81], [3.27, 3.42, 3.58, 3.6, 3.65, 3.23, 2.71, 3.4, 3.29, 2.96, 3.41, 2.71, 2.08, 2.16, 2.24, 2.76, 2.64, 2.24, 2.17, 2.33, 2.17, 2.01, 2.03, 2.18, 2.55, 2.0, 1.79, 1.94, 1.81, 1.86, 2.8, 3.29, 2.79, 2.74, 4.2, 5.08, 4.12, 3.92, 4.05, 4.15, 3.98, 3.79, 3.2, 3.32, 3.37, 3.86, 4.3, 4.18, 3.93, 3.72, 3.54, 3.84, 3.92, 4.21, 4.34, 4.36, 4.53, 4.31, 4.27, 3.86, 4.02, 5.72, 5.08, 3.22, 2.37, 2.23, 2.65, 2.5, 2.76, 2.82, 3.52, 4.0, 4.23, 4.45, 4.74, 4.13, 2.