[[0, 1.14, 2.38, 2.61, 2.81, 2.9, 3.16, 3.43, 3.72, 3.89, 4.17, 4.56, 5.19, 5.83, 7.11, 7.33, 7.09, 7.52, 7.55, 8.34, 9.1, 9.51, 9.03, 9.08, 9.54, 9.77, 9.69, 10.14, 10.58, 10.95, 10.13, 8.67, 8.76, 8.72, 8.343, 7.201, 6.43, 5.41, 4.63, 3.96, 4.69, 6.1, 6.64, 5.98, 5.15, 5.07, 4.82, 4.15, 3.31, 3.04, 2.96, 2.76, 2.77, 2.53, 1.88, 1.84, 2.27, 1.73, 1.65, 1.45, 1.48, 1.47, 1.97, 1.89, 1.75, 2.2, 1.72, 1.85, 2.24, 2.4, 2.37, 2.31, 2.11, 2.07, 2.2, 2.26, 2.75, 3.07, 2.47, 3.03, 3.66, 3.64, 3.53, 4.13, 4.91, 5.95], [1.14, 0, 1.46, 2.03, 2.33, 2.18, 2.46, 2.81, 2.98, 3.01, 3.31, 3.7, 4.33, 4.95, 6.25, 6.47, 6.19, 6.62, 6.65, 7.42, 8.22, 8.65, 8.17, 8.2, 8.66, 8.89, 8.81, 9.26, 9.72, 10.09, 9.27, 7.81, 7.86, 7.82, 7.449, 6.306, 5.57, 4.55, 3.75, 3.1, 3.79, 5.22, 5.74, 5.08, 4.25, 4.13, 3.98, 3.29, 2.49, 2.16, 2.08, 2.0, 2.23, 1.89, 1.78, 1.76, 1.81, 1.37, 1.47, 1.61, 1.7, 1.93, 2.77, 2.63, 2.07, 2.68, 2.3, 2.13, 2.46, 2.62, 2.51, 2.31, 2.09, 1.89, 1.9, 1.96, 2.41, 2.63, 2.21, 2.77, 2.82, 2.74, 2.61, 3.23, 4.03, 5.05], [2.38, 1.46, 0, 1.39, 1.71, 1.34, 1.88, 2.09, 2.18, 1.97, 2.13, 2.42, 3.09, 3.67, 4.93, 5.15, 4.87, 5.28, 5.35, 6.1, 6.9, 7.33, 6.85, 6.88, 7.34, 7.57, 7.49, 7.94, 8.4, 8.77, 7.95, 6.49, 6.54, 6.5, 6.129, 4.986, 4.33, 3.33, 2.51, 1.98, 2.69, 3.94, 4.44, 3.76, 3.01, 2.87, 2.72, 2.33, 1.71, 1.44, 1.22, 1.48, 1.71, 1.39, 2.08, 2.22, 1.83, 1.59, 1.73, 2.23, 2.5, 3.07, 4.03, 3.89, 3.07, 3.54, 3.34, 3.23, 2.94, 2.88, 2.73, 2.63, 2.51, 2.01, 1.88, 1.92, 1.99, 1.93, 1.81, 2.39, 2.02, 1.68, 1.85, 2.19, 2.77, 3.73], [2.61, 2.03, 1.39, 0, 0.62, 1.11, 1.13, 1.32, 1.85, 1.94, 2.24, 2.51, 3.16, 3.64, 4.8, 5.0, 4.82, 5.21, 5.26, 5.93, 6.75, 7.18, 6.72, 6.73, 7.17, 7.4, 7.32, 7.77, 8.25, 8.62, 7.8, 6.36, 6.49, 6.49, 6.04, 4.88, 4.36, 3.48, 2.84, 2.27, 2.98, 3.91, 4.55, 4.05, 3.62, 3.48, 3.23, 3.08, 2.2, 1.59, 1.53, 1.87, 1.44, 1.28, 2.11, 2.35, 2.36, 1.74, 1.78, 2.28, 2.41, 3.04, 4.12, 4.02, 3.14, 3.65, 3.49, 3.3, 2.93, 2.49, 2.44, 2.6, 2.5, 1.84, 1.49, 1.45, 1.24, 1.28, 1.5, 1.28, 1.43, 1.39, 1.4, 1.92, 2.68, 3.62], [2.81, 2.33, 1.71, 0.62, 0, 0.93, 0.85, 1.28, 1.77, 1.96, 2.34, 2.59, 3.18, 3.64, 4.86, 5.1, 4.98, 5.27, 5.34, 6.01, 6.83, 7.26, 6.78, 6.81, 7.31, 7.56, 7.46, 7.89, 8.43, 8.84, 7.98, 6.56, 6.67, 6.65, 6.26, 5.12, 4.46, 3.52, 3.0, 2.49, 3.06, 4.03, 4.83, 4.27, 3.78, 3.7, 3.37, 3.26, 2.5, 1.85, 1.87, 2.11, 1.74, 1.62, 2.27, 2.47, 2.58, 1.88, 1.76, 2.14, 2.31, 3.02, 3.98, 3.96, 3.08, 3.59, 3.43, 3.24, 2.87, 2.45, 2.42, 2.6, 2.44, 1.64, 1.39, 1.35, 1.32, 1.42, 1.56, 1.42, 1.69, 1.75, 1.6, 2.12, 2.88, 3.84], [2.9, 2.18, 1.34, 1.11, 0.93, 0, 0.84, 1.27, 1.58, 1.71, 2.17, 2.38, 3.03, 3.55, 4.79, 5.03, 4.79, 5.1, 5.21, 5.94, 6.76, 7.19, 6.71, 6.74, 7.24, 7.49, 7.37, 7.82, 8.36, 8.77, 7.91, 6.49, 6.6, 6.58, 6.163, 5.02, 4.31, 3.29, 2.57, 2.18, 2.71, 3.94, 4.52, 3.88, 3.27, 3.23, 2.88, 2.87, 2.57, 2.02, 1.76, 1.94, 1.91, 1.93, 2.54, 2.74, 2.65, 2.07, 1.85, 2.31, 2.56, 3.23, 4.09, 4.07, 3.27, 3.74, 3.54, 3.37, 3.0, 2.82, 2.73, 2.83, 2.71, 1.73, 1.42, 1.8, 1.59, 1.51, 1.77, 1.87, 1.8, 2.0, 1.75, 2.27, 2.83, 3.77], [3.16, 2.46, 1.88, 1.13, 0.85, 0.84, 0, 0.97, 1.46, 1.81, 2.17, 2.32, 2.99, 3.45, 4.65, 4.93, 4.79, 5.16, 5.07, 5.76, 6.58, 6.99, 6.55, 6.62, 7.12, 7.37, 7.27, 7.7, 8.24, 8.65, 7.79, 6.37, 6.48, 6.46, 6.011, 4.888, 4.25, 3.29, 2.65, 2.28, 2.71, 3.82, 4.44, 3.96, 3.53, 3.49, 3.16, 3.19, 2.79, 2.12, 2.04, 2.26, 1.75, 1.87, 2.56, 2.82, 2.71, 2.17, 2.05, 2.43, 2.68, 3.39, 4.29, 4.23, 3.37, 3.9, 3.7, 3.53, 3.18, 2.74, 2.69, 2.87, 2.75, 1.93, 1.56, 1.68, 1.39, 1.57, 1.79, 1.53, 1.6, 1.84, 1.51, 2.05, 2.65, 3.65], [3.43, 2.81, 2.09, 1.32, 1.28, 1.27, 0.97, 0, 0.83, 1.42, 1.72, 1.89, 2.3, 2.76, 4.04, 4.36, 4.28, 4.61, 4.44, 5.11, 5.93, 6.34, 5.9, 5.97, 6.47, 6.72, 6.62, 7.05, 7.59, 8.0, 7.14, 5.72, 5.81, 5.77, 5.401, 4.3, 3.62, 2.72, 2.54, 2.29, 2.38, 3.31, 4.09, 3.65, 3.28, 3.3, 3.05, 3.08, 2.92, 2.33, 2.21, 2.35, 2.0, 2.08, 2.67, 2.97, 2.88, 2.34, 2.54, 2.98, 3.07, 3.78, 4.9, 4.82, 3.92, 4.43, 4.29, 4.08, 3.71, 3.29, 3.18, 3.28, 3.22, 2.36, 1.83, 2.17, 1.78, 1.88, 2.14, 1.56, 1.45, 1.87, 1.46, 1.8, 2.16, 3.0], [3.72, 2.98, 2.18, 1.85, 1.77, 1.58, 1.46, 0.83, 0, 1.01, 1.57, 1.88, 2.15, 2.57, 3.73, 3.99, 3.87, 4.2, 4.25, 4.82, 5.62, 6.01, 5.57, 5.64, 6.16, 6.39, 6.29, 6.72, 7.28, 7.67, 6.81, 5.49, 5.56, 5.5, 5.15, 4.13, 3.27, 2.35, 2.53, 2.38, 2.07, 3.28, 4.02, 3.6, 3.33, 3.41, 3.14, 3.29, 3.03, 2.52, 2.38, 2.6, 2.41, 2.63, 3.3, 3.62, 3.39, 2.63, 2.89, 3.39, 3.5, 4.11, 5.19, 5.13, 4.23, 4.74, 4.58, 4.43, 4.04, 3.7, 3.67, 3.75, 3.61, 2.75, 2.26, 2.54, 2.53, 2.59, 2.81, 2.21, 1.8, 2.22, 1.87, 2.11, 2.39, 2.75], [3.89, 3.01, 1.97, 1.94, 1.96, 1.71, 1.81, 1.42, 1.01, 0, 1.18, 1.61, 1.86, 2.26, 3.46, 3.66, 3.4, 3.77, 3.94, 4.59, 5.39, 5.8, 5.32, 5.35, 5.81, 6.04, 5.94, 6.39, 6.93, 7.32, 6.46, 5.06, 5.13, 5.13, 4.76, 3.64, 3.02, 2.06, 2.14, 2.03, 1.76, 2.75, 3.51, 3.09, 3.0, 3.02, 2.83, 3.04, 2.82, 2.19, 2.15, 2.53, 2.18, 2.42, 3.63, 3.75, 3.16, 2.82, 3.2, 3.64, 3.89, 4.42, 5.4, 5.38, 4.54, 5.03, 4.85, 4.68, 4.35, 4.01, 3.96, 4.18, 3.98, 3.02, 2.67, 2.95, 2.74, 2.8, 3.2, 2.4, 1.69, 1.77, 1.74, 1.78, 1.94, 2.46], [4.17, 3.31, 2.13, 2.24, 2.34, 2.17, 2.17, 1.72, 1.57, 1.18, 0, 0.75, 1.3, 1.86, 3.02, 3.2, 3.12, 3.55, 3.6, 4.27, 4.97, 5.34, 4.88, 4.95, 5.43, 5.64, 5.56, 6.01, 6.41, 6.8, 5.96, 4.52, 4.63, 4.61, 4.26, 3.16, 2.42, 1.56, 1.46, 1.25, 1.34, 2.27, 2.99, 2.47, 2.28, 2.34, 1.95, 2.14, 2.0, 1.69, 1.81, 2.17, 1.94, 2.44, 3.81, 3.85, 3.12, 2.82, 3.5, 3.98, 4.03, 4.78, 5.9, 5.76, 4.76, 5.25, 5.19, 5.0, 4.59, 4.19, 4.12, 4.28, 4.06, 3.24, 2.81, 3.09, 2.86, 2.82, 3.2, 2.48, 1.83, 1.71, 1.68, 1.58, 1.42, 1.98], [4.56, 3.7, 2.42, 2.51, 2.59, 2.38, 2.32, 1.89, 1.88, 1.61, 0.75, 0, 0.91, 1.71, 2.77, 2.95, 3.01, 3.36, 3.23, 3.96, 4.64, 5.03, 4.59, 4.64, 5.14, 5.35, 5.27, 5.68, 6.1, 6.49, 5.61, 4.19, 4.3, 4.3, 3.89, 2.85, 2.21, 1.55, 1.23, 1.08, 1.35, 2.06, 2.64, 2.18, 1.99, 2.05, 1.8, 1.97, 1.99, 1.88, 1.92, 2.34, 2.13, 2.59, 3.88, 3.86, 3.11, 3.07, 3.89, 4.31, 4.32, 5.19, 6.29, 6.19, 5.19, 5.68, 5.62, 5.43, 4.98, 4.5, 4.27, 4.45, 4.39, 3.69, 3.12, 3.48, 3.07, 2.91, 3.33, 2.59, 1.9, 1.8, 1.75, 1.59, 1.35, 2.03], [5.19, 4.33, 3.09, 3.16, 3.18, 3.03, 2.99, 2.3, 2.15, 1.86, 1.3, 0.91, 0, 1.28, 2.28, 2.5, 2.58, 2.93, 2.62, 3.39, 4.03, 4.46, 4.0, 4.05, 4.57, 4.78, 4.7, 5.07, 5.51, 5.9, 5.0, 3.68, 3.71, 3.73, 3.32, 2.24, 1.74, 1.22, 1.38, 1.61, 1.34, 1.61, 2.17, 1.85, 1.8, 1.86, 1.77, 2.12, 2.26, 2.39, 2.47, 2.81, 2.72, 3.14, 4.35, 4.27, 3.48, 3.66, 4.52, 4.96, 4.97, 5.82, 6.92, 6.82, 5.82, 6.31, 6.25, 6.08, 5.61, 5.13, 4.84, 4.9, 5.0, 4.32, 3.77, 4.11, 3.64, 3.44, 3.8, 3.12, 2.43, 2.35, 2.24, 2.0, 1.5, 1.54], [5.83, 4.95, 3.67, 3.64, 3.64, 3.55, 3.45, 2.76, 2.57, 2.26, 1.86, 1.71, 1.28, 0, 1.34, 1.74, 1.74, 1.99, 1.92, 2.51, 3.27, 3.7, 3.22, 3.29, 3.81, 4.06, 3.96, 4.39, 4.91, 5.32, 4.46, 3.12, 3.13, 3.13, 2.74, 1.68, 1.3, 1.04, 1.72, 2.17, 1.64, 1.31, 1.73, 1.61, 1.74, 1.92, 2.03, 2.46, 2.86, 3.19, 3.27, 3.57, 3.34, 3.62, 4.91, 4.95, 4.26, 4.32, 5.14, 5.58, 5.63, 6.42, 7.54, 7.44, 6.5, 7.01, 6.89, 6.68, 6.29, 5.79, 5.7, 5.88, 5.78, 4.94, 4.41, 4.75, 4.24, 4.24, 4.74, 3.98, 3.21, 3.13, 3.04, 2.78, 2.22, 1.86], [7.11, 6.25, 4.93, 4.8, 4.86, 4.79, 4.65, 4.04, 3.73, 3.46, 3.02, 2.77, 2.28, 1.34, 0, 0.78, 1.06, 1.13, 1.36, 1.41, 2.05, 2.42, 2.12, 2.15, 2.61, 2.82, 2.7, 3.15, 3.59, 4.0, 3.16, 2.38, 2.45, 2.41, 1.92, 1.3, 1.4, 1.96, 2.66, 3.23, 2.72, 1.87, 2.15, 2.15, 2.5, 2.74, 2.89, 3.5, 4.08, 4.43, 4.51, 4.81, 4.48, 4.78, 6.05, 6.07, 5.38, 5.6, 6.44, 6.84, 6.91, 7.72, 8.84, 8.74, 7.74, 8.23, 8.17, 7.98, 7.53, 7.01, 6.92, 7.08, 7.02, 6.18, 5.69, 6.03, 5.42, 5.16, 5.88, 4.92, 4.01, 4.01, 4.04, 3.54, 2.82, 1.96], [7.33, 6.47, 5.15, 5.0, 5.1, 5.03, 4.93, 4.36, 3.99, 3.66, 3.2, 2.95, 2.5, 1.74, 0.78, 0, 0.88, 1.17, 1.46, 1.31, 1.87, 2.26, 1.98, 1.99, 2.35, 2.6, 2.48, 2.91, 3.33, 3.74, 2.92, 2.44, 2.55, 2.53, 1.92, 1.4, 1.38, 2.0, 2.86, 3.43, 2.76, 1.87, 2.11, 2.07, 2.46, 2.76, 2.85, 3.44, 4.3, 4.63, 4.71, 5.01, 4.72, 5.04, 6.37, 6.33, 5.64, 5.82, 6.66, 7.06, 7.13, 7.94, 9.04, 8.94, 7.94, 8.43, 8.37, 8.18, 7.73, 7.25, 7.14, 7.3, 7.2, 6.38, 5.91, 6.23, 5.68, 5.38, 6.08, 5.14, 4.19, 4.23, 4.28, 3.78, 3.06, 2.16], [7.09, 6.19, 4.87, 4.82, 4.98, 4.79, 4.79, 4.28, 3.87, 3.4, 3.12, 3.01, 2.58, 1.74, 1.06, 0.88, 0, 0.99, 1.54, 1.41, 2.13, 2.56, 2.16, 2.21, 2.51, 2.74, 2.62, 3.11, 3.59, 4.0, 3.14, 2.36, 2.55, 2.55, 2.0, 1.54, 1.62, 1.96, 2.88, 3.31, 2.56, 1.73, 2.09, 2.03, 2.48, 2.5, 2.59, 3.22, 4.28, 4.61, 4.69, 4.99, 4.66, 4.86, 6.25, 6.23, 5.6, 5.78, 6.38, 6.86, 7.07, 7.66, 8.72, 8.64, 7.76, 8.25, 8.09, 7.9, 7.51, 7.15, 7.1, 7.26, 7.16, 6.16, 5.77, 6.09, 5.56, 5.4, 6.08, 5.14, 4.19, 4.21, 4.28, 3.8, 3.06, 2.2], [7.52, 6.62, 5.28, 5.21, 5.27, 5.1, 5.16, 4.61, 4.2, 3.77, 3.55, 3.36, 2.93, 1.99, 1.13, 1.17, 0.99, 0, 1.07, 1.04, 1.78, 2.25, 1.87, 1.9, 2.2, 2.45, 2.29, 2.8, 3.32, 3.73, 2.89, 2.25, 2.4, 2.26, 1.75, 1.67, 1.63, 2.37, 3.17, 3.76, 2.93, 1.86, 1.96, 2.04, 2.69, 2.83, 2.9, 3.67, 4.69, 5.02, 5.12, 5.4, 5.11, 5.27, 6.6, 6.64, 5.99, 6.15, 6.75, 7.23, 7.42, 8.01, 9.11, 9.07, 8.23, 8.7, 8.54, 8.35, 7.98, 7.62, 7.57, 7.75, 7.59, 6.61, 6.22, 6.52, 6.01, 5.89, 6.57, 5.63, 4.66, 4.7, 4.73, 4.25, 3.51, 2.75], [7.55, 6.65, 5.35, 5.26, 5.34, 5.21, 5.07, 4.44, 4.25, 3.94, 3.6, 3.23, 2.62, 1.92, 1.36, 1.46, 1.54, 1.07, 0, 1.11, 1.77, 2.26, 1.84, 1.77, 2.19, 2.44, 2.26, 2.79, 3.33, 3.72, 2.88, 2.2, 2.21, 1.99, 1.5, 1.38, 1.58, 2.36, 3.12, 3.65, 2.9, 1.63, 1.67, 1.91, 2.56, 2.6, 2.79, 3.46, 4.54, 4.89, 4.99, 5.27, 4.98, 5.14, 6.31, 6.37, 5.6, 6.04, 6.82, 7.28, 7.37, 8.08, 9.24, 9.18, 8.26, 8.77, 8.63, 8.42, 8.05, 7.53, 7.32, 7.44, 7.52, 6.66, 6.13, 6.51, 5.8, 5.48, 6.22, 5.22, 4.63, 4.43, 4.38, 3.94, 3.3, 2.7], [8.34, 7.42, 6.1, 5.93, 6.01, 5.94, 5.76, 5.11, 4.82, 4.59, 4.27, 3.96, 3.39, 2.51, 1.41, 1.31, 1.41, 1.04, 1.11, 0, 1.1, 1.41, 1.15, 1.14, 1.38, 1.63, 1.53, 2.0, 2.52, 2.93, 2.13, 1.81, 2.16, 1.98, 1.49, 1.67, 2.15, 3.03, 3.87, 4.42, 3.69, 2.28, 2.08, 2.6, 3.27, 3.29, 3.56, 4.25, 5.33, 5.68, 5.78, 6.06, 5.77, 5.91, 7.04, 7.12, 6.39, 6.83, 7.59, 8.07, 8.12, 8.85, 9.97, 9.89, 8.99, 9.5, 9.36, 9.15, 8.78, 8.26, 8.09, 8.21, 8.25, 7.39, 6.86, 7.24, 6.55, 6.19, 6.95, 5.99, 5.14, 5.18, 5.11, 4.63, 3.89, 2.95], [9.1, 8.22, 6.9, 6.75, 6.83, 6.76, 6.58, 5.93, 5.62, 5.39, 4.97, 4.64, 4.03, 3.27, 2.05, 1.87, 2.13, 1.78, 1.77, 1.1, 0, 1.11, 1.01, 1.0, 0.98, 1.19, 1.25, 1.32, 1.84, 2.23, 1.39, 1.53, 1.76, 1.8, 1.55, 2.17, 2.79, 3.73, 4.59, 5.16, 4.47, 3.0, 2.6, 3.3, 4.01, 4.09, 4.28, 5.01, 6.03, 6.38, 6.48, 6.76, 6.49, 6.73, 7.86, 7.9, 7.13, 7.59, 8.41, 8.85, 8.86, 9.65, 10.77, 10.67, 9.73, 10.22, 10.12, 9.91, 9.52, 9.0, 8.69, 8.81, 8.95, 8.09, 7.56, 7.98, 7.31, 6.83, 7.59, 6.63, 5.76, 5.8, 5.79, 5.25, 4.47, 3.45], [9.51, 8.65, 7.33, 7.18, 7.26, 7.19, 6.99, 6.34, 6.01, 5.8, 5.34, 5.03, 4.46, 3.7, 2.42, 2.26, 2.56, 2.25, 2.26, 1.41, 1.11, 0, 0.94, 0.97, 1.11, 1.06, 1.04, 1.11, 1.43, 1.82, 1.36, 1.82, 2.03, 1.91, 1.84, 2.52, 3.14, 4.1, 4.96, 5.57, 4.88, 3.43, 3.01, 3.67, 4.42, 4.52, 4.69, 5.44, 6.4, 6.75, 6.85, 7.13, 6.86, 7.16, 8.31, 8.33, 7.58, 7.98, 8.84, 9.24, 9.27, 10.08, 11.2, 11.1, 10.08, 10.57, 10.51, 10.32, 9.87, 9.35, 9.1, 9.24, 9.32, 8.5, 7.97, 8.41, 7.74, 7.26, 8.02, 7.04, 6.17, 6.19, 6.22, 5.7, 4.98, 4.0], [9.03, 8.17, 6.85, 6.72, 6.78, 6.71, 6.55, 5.9, 5.57, 5.32, 4.88, 4.59, 4.0, 3.22, 2.12, 1.98, 2.16, 1.87, 1.84, 1.15, 1.01, 0.94, 0, 0.83, 0.97, 1.24, 1.12, 1.31, 1.73, 2.12, 1.48, 1.58, 1.81, 1.55, 1.34, 2.12, 2.72, 3.62, 4.5, 5.09, 4.4, 2.97, 2.49, 3.23, 3.94, 4.04, 4.21, 4.96, 5.96, 6.31, 6.41, 6.69, 6.4, 6.68, 7.83, 7.85, 7.1, 7.5, 8.36, 8.76, 8.79, 9.6, 10.72, 10.62, 9.6, 10.09, 10.03, 9.84, 9.39, 8.87, 8.64, 8.76, 8.88, 8.04, 7.53, 7.93, 7.26, 6.88, 7.56, 6.64, 5.75, 5.75, 5.78, 5.34, 4.54, 3.64], [9.08, 8.2, 6.88, 6.73, 6.81, 6.74, 6.62, 5.97, 5.64, 5.35, 4.95, 4.64, 4.05, 3.29, 2.15, 1.99, 2.21, 1.9, 1.77, 1.14, 1.0, 0.97, 0.83, 0, 0.94, 1.11, 1.19, 1.4, 1.86, 2.23, 1.53, 1.81, 2.04, 1.86, 1.65, 2.23, 2.85, 3.73, 4.57, 5.14, 4.45, 2.98, 2.68, 3.32, 4.01, 4.07, 4.26, 4.99, 6.01, 6.36, 6.46, 6.74, 6.47, 6.71, 7.88, 7.88, 7.11, 7.57, 8.39, 8.83, 8.84, 9.63, 10.75, 10.65, 9.69, 10.18, 10.08, 9.87, 9.48, 8.96, 8.69, 8.81, 8.93, 8.05, 7.52, 7.96, 7.29, 6.83, 7.57, 6.61, 5.78, 5.78, 5.79, 5.27, 4.53, 3.57], [9.54, 8.66, 7.34, 7.17, 7.31, 7.24, 7.12, 6.47, 6.16, 5.81, 5.43, 5.14, 4.57, 3.81, 2.61, 2.35, 2.51, 2.2, 2.19, 1.38, 0.98, 1.11, 0.97, 0.94, 0, 0.61, 0.75, 1.04, 1.4, 1.81, 1.25, 1.75, 2.12, 1.84, 1.81, 2.67, 3.27, 4.19, 5.05, 5.6, 4.91, 3.46, 3.06, 3.78, 4.45, 4.53, 4.72, 5.43, 6.51, 6.86, 6.96, 7.24, 6.95, 7.15, 8.38, 8.34, 7.57, 8.03, 8.83, 9.29, 9.3, 10.07, 11.19, 11.11, 10.17, 10.66, 10.56, 10.35, 9.96, 9.44, 9.21, 9.33, 9.43, 8.55, 8.02, 8.42, 7.75, 7.31, 8.07, 7.11, 6.28, 6.3, 6.29, 5.77, 4.99, 4.03], [9.77, 8.89, 7.57, 7.4, 7.56, 7.49, 7.37, 6.72, 6.39, 6.04, 5.64, 5.35, 4.78, 4.06, 2.82, 2.6, 2.74, 2.45, 2.44, 1.63, 1.19, 1.06, 1.24, 1.11, 0.61, 0, 0.6, 0.95, 1.23, 1.68, 1.28, 1.8, 2.19, 1.93, 1.92, 2.82, 3.44, 4.38, 5.26, 5.83, 5.14, 3.67, 3.25, 3.97, 4.68, 4.76, 4.95, 5.66, 6.7, 7.05, 7.15, 7.43, 7.16, 7.38, 8.63, 8.59, 7.82, 8.28, 9.06, 9.54, 9.55, 10.3, 11.42, 11.34, 10.38, 10.87, 10.77, 10.56, 10.17, 9.65, 9.38, 9.5, 9.62, 8.74, 8.19, 8.65, 7.98, 7.5, 8.26, 7.3, 6.45, 6.47, 6.48, 5.96, 5.18, 4.18], [9.69, 8.81, 7.49, 7.32, 7.46, 7.37, 7.27, 6.62, 6.29, 5.94, 5.56, 5.27, 4.7, 3.96, 2.7, 2.48, 2.62, 2.29, 2.26, 1.53, 1.25, 1.04, 1.12, 1.19, 0.75, 0.6, 0, 0.95, 1.37, 1.82, 1.38, 1.82, 2.25, 1.91, 1.82, 2.7, 3.34, 4.3, 5.18, 5.75, 5.06, 3.59, 3.17, 3.91, 4.6, 4.68, 4.87, 5.58, 6.64, 6.99, 7.09, 7.37, 7.08, 7.3, 8.45, 8.47, 7.72, 8.18, 8.98, 9.44, 9.45, 10.16, 11.32, 11.26, 10.28, 10.79, 10.69, 10.46, 10.07, 9.55, 9.3, 9.44, 9.56, 8.64, 8.13, 8.57, 7.9, 7.44, 8.22, 7.24, 6.37, 6.41, 6.42, 5.9, 5.16, 4.14], [10.14, 9.26, 7.94, 7.77, 7.89, 7.82, 7.7, 7.05, 6.72, 6.39, 6.01, 5.68, 5.07, 4.39, 3.15, 2.91, 3.11, 2.8, 2.79, 2.0, 1.32, 1.11, 1.31, 1.4, 1.04, 0.95, 0.95, 0, 0.92, 1.39, 1.09, 1.89, 2.24, 2.06, 2.07, 3.17, 3.81, 4.75, 5.63, 6.2, 5.51, 4.04, 3.62, 4.34, 5.05, 5.13, 5.32, 6.03, 7.07, 7.42, 7.52, 7.8, 7.53, 7.75, 8.96, 8.92, 8.15, 8.63, 9.43, 9.89, 9.9, 10.67, 11.79, 11.71, 10.75, 11.24, 11.14, 10.93, 10.54, 10.02, 9.73, 9.85, 9.99, 9.11, 8.56, 9.02, 8.35, 7.89, 8.67, 7.69, 6.78, 6.84, 6.83, 6.31, 5.57, 4.55], [10.58, 9.72, 8.4, 8.25, 8.43, 8.36, 8.24, 7.59, 7.28, 6.93, 6.41, 6.1, 5.51, 4.91, 3.59, 3.33, 3.59, 3.32, 3.33, 2.52, 1.84, 1.43, 1.73, 1.86, 1.4, 1.23, 1.37, 0.92, 0, 0.95, 1.21, 2.17, 2.36, 2.28, 2.51, 3.55, 4.21, 5.21, 6.01, 6.64, 5.95, 4.5, 4.0, 4.72, 5.49, 5.59, 5.76, 6.51, 7.45, 7.8, 7.9, 8.18, 7.93, 8.23, 9.5, 9.46, 8.69, 9.09, 9.91, 10.35, 10.38, 11.15, 12.29, 12.17, 11.17, 11.66, 11.6, 11.41, 10.96, 10.44, 10.11, 10.23, 10.37, 9.59, 9.06, 9.48, 8.81, 8.29, 9.03, 8.05, 7.18, 7.22, 7.23, 6.67, 5.95, 4.97], [10.95, 10.09, 8.77, 8.62, 8.84, 8.77, 8.65, 8.0, 7.67, 7.32, 6.8, 6.49, 5.9, 5.32, 4.0, 3.74, 4.0, 3.73, 3.72, 2.93, 2.23, 1.82, 2.12, 2.23, 1.81, 1.68, 1.82, 1.39, 0.95, 0, 1.08, 2.44, 2.43, 2.41, 2.82, 3.88, 4.58, 5.6, 6.36, 7.01, 6.36, 4.91, 4.35, 5.09, 5.86, 5.96, 6.15, 6.9, 7.8, 8.15, 8.25, 8.53, 8.3, 8.6, 9.91, 9.87, 9.1, 9.5, 10.28, 10.76, 10.79, 11.56, 12.7, 12.54, 11.52, 12.01, 11.95, 11.76, 11.31, 10.79, 10.46, 10.56, 10.74, 9.94, 9.41, 9.85, 9.18, 8.62, 9.36, 8.4, 7.51, 7.55, 7.56, 7.04, 6.22, 5.24], [10.13, 9.27, 7.95, 7.8, 7.98, 7.91, 7.79, 7.14, 6.81, 6.46, 5.96, 5.61, 5.0, 4.46, 3.16, 2.92, 3.14, 2.89, 2.88, 2.13, 1.39, 1.36, 1.48, 1.53, 1.25, 1.28, 1.38, 1.09, 1.21, 1.08, 0, 1.68, 1.65, 1.67, 1.94, 3.02, 3.7, 4.74, 5.54, 6.19, 5.5, 4.05, 3.53, 4.27, 5.04, 5.14, 5.31, 6.06, 6.98, 7.33, 7.41, 7.71, 7.48, 7.78, 9.031, 9.01, 8.24, 8.64, 9.46, 9.9, 9.93, 10.7, 11.84, 11.72, 10.66, 11.19, 11.13, 10.9, 10.45, 9.95, 9.6, 9.74, 9.92, 9.1, 8.59, 9.03, 8.36, 7.8, 8.52, 7.56, 6.65, 6.69, 6.74, 6.16, 5.36, 4.34], [8.67, 7.81, 6.49, 6.36, 6.56, 6.49, 6.37, 5.72, 5.49, 5.06, 4.52, 4.19, 3.68, 3.12, 2.38, 2.44, 2.36, 2.25, 2.2, 1.81, 1.53, 1.82, 1.58, 1.81, 1.75, 1.8, 1.82, 1.89, 2.17, 2.44, 1.68, 0, 0.97, 1.09, 1.24, 2.06, 2.82, 3.46, 4.08, 4.73, 4.12, 2.63, 2.09, 2.83, 3.6, 3.68, 3.87, 4.62, 5.52, 5.87, 5.95, 6.25, 6.02, 6.32, 7.65, 7.59, 6.82, 7.22, 8.0, 8.48, 8.51, 9.28, 10.42, 10.26, 9.22, 9.73, 9.67, 9.46, 9.01, 8.49, 8.16, 8.28, 8.46, 7.64, 7.13, 7.57, 6.9, 6.42, 7.08, 6.16, 5.19, 5.25, 5.28, 4.76, 3.88, 3.32], [8.76, 7.86, 6.54, 6.49, 6.67, 6.6, 6.48, 5.81, 5.56, 5.13, 4.63, 4.3, 3.71, 3.13, 2.45, 2.55, 2.55, 2.4, 2.21, 2.16, 1.76, 2.03, 1.81, 2.04, 2.12, 2.19, 2.25, 2.24, 2.36, 2.43, 1.65, 0.97, 0, 0.68, 1.15, 1.97, 2.65, 3.41, 4.13, 4.8, 4.17, 2.74, 2.14, 2.86, 3.63, 3.77, 3.96, 4.71, 5.55, 5.9, 5.98, 6.28, 6.11, 6.43, 7.8, 7.72, 7.01, 7.31, 8.07, 8.57, 8.6, 9.37, 10.51, 10.33, 9.25, 9.76, 9.7, 9.51, 9.02, 8.52, 8.17, 8.35, 8.49, 7.69, 7.22, 7.64, 6.95, 6.59, 7.21, 6.29, 5.36, 5.34, 5.43, 4.93, 4.21, 3.55], [8.72, 7.82, 6.5, 6.49, 6.65, 6.58, 6.46, 5.77, 5.5, 5.13, 4.61, 4.3, 3.73, 3.13, 2.41, 2.53, 2.55, 2.26, 1.99, 1.98, 1.8, 1.91, 1.55, 1.86, 1.84, 1.93, 1.91, 2.06, 2.28, 2.41, 1.67, 1.09, 0.68, 0, 0.91, 1.87, 2.47, 3.39, 4.13, 4.76, 4.13, 2.76, 2.18, 2.82, 3.61, 3.79, 3.94, 4.658, 5.51, 5.84, 5.94, 6.22, 6.11, 6.43, 7.78, 7.72, 7.01, 7.269, 8.023, 8.509, 8.56, 9.33, 10.47, 10.29, 9.21, 9.7, 9.66, 9.47, 8.96, 8.44, 8.09, 8.27, 8.41, 7.67, 7.2, 7.6, 6.91, 6.65, 7.23, 6.35, 5.44, 5.44, 5.49, 5.09, 4.37, 3.67], [8.343, 7.449, 6.129, 6.04, 6.26, 6.163, 6.011, 5.401, 5.15, 4.76, 4.26, 3.89, 3.32, 2.74, 1.92, 1.92, 2.0, 1.75, 1.5, 1.49, 1.55, 1.84, 1.34, 1.65, 1.81, 1.92, 1.82, 2.07, 2.51, 2.82, 1.94, 1.24, 1.15, 0.91, 0, 1.32, 2.06, 3.02, 3.734, 4.386, 3.748, 2.35, 1.77, 2.41, 3.22, 3.36, 3.541, 4.291, 5.134, 5.464, 5.547, 5.844, 5.72, 6.04, 7.37, 7.31, 6.6, 6.882, 7.656, 8.142, 8.192, 8.98, 10.12, 9.94, 8.86, 9.35, 9.31, 9.12, 8.61, 8.09, 7.76, 7.94, 8.06, 7.3, 6.83, 7.25, 6.56, 6.14, 6.8, 5.84, 4.95, 4.89, 5.02, 4.54, 3.8, 2.98], [7.201, 6.306, 4.986, 4.88, 5.12, 5.02, 4.888, 4.3, 4.13, 3.64, 3.16, 2.85, 2.24, 1.68, 1.3, 1.4, 1.54, 1.67, 1.38, 1.67, 2.17, 2.52, 2.12, 2.23, 2.67, 2.82, 2.7, 3.17, 3.55, 3.88, 3.02, 2.06, 1.97, 1.87, 1.32, 0, 1.06, 1.96, 2.58, 3.243, 2.66, 1.53, 1.31, 1.63, 2.18, 2.52, 2.79, 3.34, 3.98, 4.33, 4.43, 4.71, 4.56, 4.86, 6.17, 6.13, 5.38, 5.739, 6.513, 6.999, 7.049, 7.82, 8.96, 8.78, 7.7, 8.19, 8.15, 7.96, 7.45, 6.95, 6.64, 6.8, 6.92, 6.14, 5.67, 6.09, 5.396, 4.9, 5.58, 4.68, 3.97, 3.83, 3.88, 3.56, 2.82, 2.12], [6.43, 5.57, 4.33, 4.36, 4.46, 4.31, 4.25, 3.62, 3.27, 3.02, 2.42, 2.21, 1.74, 1.3, 1.4, 1.38, 1.62, 1.63, 1.58, 2.15, 2.79, 3.14, 2.72, 2.85, 3.27, 3.44, 3.34, 3.81, 4.21, 4.58, 3.7, 2.82, 2.65, 2.47, 2.06, 1.06, 0, 1.1, 2.0, 2.55, 1.86, 1.19, 1.55, 1.45, 1.72, 2.18, 2.17, 2.66, 3.38, 3.71, 3.81, 4.09, 4.0, 4.36, 5.61, 5.59, 4.94, 4.96, 5.76, 6.22, 6.25, 7.02, 8.16, 8.02, 6.96, 7.49, 7.43, 7.2, 6.77, 6.29, 6.12, 6.32, 6.24, 5.4, 4.91, 5.33, 4.92, 4.7, 5.16, 4.54, 3.77, 3.65, 3.7, 3.44, 2.7, 2.14], [5.41, 4.55, 3.33, 3.48, 3.52, 3.29, 3.29, 2.72, 2.35, 2.06, 1.56, 1.55, 1.22, 1.04, 1.96, 2.0, 1.96, 2.37, 2.36, 3.03, 3.73, 4.1, 3.62, 3.73, 4.19, 4.38, 4.3, 4.75, 5.21, 5.6, 4.74, 3.46, 3.41, 3.39, 3.02, 1.96, 1.1, 0, 1.38, 1.81, 1.04, 1.33, 1.81, 1.59, 1.58, 1.78, 1.83, 2.18, 2.58, 2.83, 2.89, 3.21, 3.12, 3.44, 4.71, 4.69, 4.02, 3.98, 4.74, 5.16, 5.21, 5.98, 7.1, 7.0, 6.0, 6.49, 6.41, 6.22, 5.83, 5.39, 5.32, 5.46, 5.3, 4.42, 3.95, 4.33, 4.02, 3.96, 4.34, 3.76, 3.01, 2.87, 2.92, 2.68, 2.08, 1.92], [4.63, 3.75, 2.51, 2.84, 3.0, 2.57, 2.65, 2.54, 2.53, 2.14, 1.46, 1.23, 1.38, 1.72, 2.66, 2.86, 2.88, 3.17, 3.12, 3.87, 4.59, 4.96, 4.5, 4.57, 5.05, 5.26, 5.18, 5.63, 6.01, 6.36, 5.54, 4.08, 4.13, 4.13, 3.734, 2.58, 2.0, 1.38, 0, 1.07, 1.2, 1.71, 2.09, 1.57, 1.34, 1.56, 1.61, 2.0, 2.0, 2.13, 2.07, 2.39, 2.38, 2.78, 3.97, 4.01, 3.36, 3.36, 3.94, 4.44, 4.59, 5.38, 6.48, 6.3, 5.3, 5.77, 5.71, 5.54, 5.07, 4.71, 4.54, 4.68, 4.54, 3.72, 3.31, 3.69, 3.26, 3.08, 3.5, 3.1, 2.39, 2.25, 2.22, 2.16, 1.84, 2.36], [3.96, 3.1, 1.98, 2.27, 2.49, 2.18, 2.28, 2.29, 2.38, 2.03, 1.25, 1.08, 1.61, 2.17, 3.23, 3.43, 3.31, 3.76, 3.65, 4.42, 5.16, 5.57, 5.09, 5.14, 5.6, 5.83, 5.75, 6.2, 6.64, 7.01, 6.19, 4.73, 4.8, 4.76, 4.386, 3.243, 2.55, 1.81, 1.07, 0, 1.19, 2.16, 2.7, 2.2, 1.61, 1.73, 1.3, 1.43, 1.53, 1.6, 1.62, 1.96, 2.03, 2.15, 3.44, 3.58, 2.85, 2.61, 3.27, 3.79, 3.94, 4.71, 5.81, 5.63, 4.67, 5.16, 5.06, 4.87, 4.52, 4.2, 4.09, 4.17, 3.99, 3.09, 2.66, 3.04, 2.69, 2.69, 3.09, 2.87, 2.18, 1.94, 1.99, 2.01, 1.85, 2.55], [4.69, 3.79, 2.69, 2.98, 3.06, 2.71, 2.71, 2.38, 2.07, 1.76, 1.34, 1.35, 1.34, 1.64, 2.72, 2.76, 2.56, 2.93, 2.9, 3.69, 4.47, 4.88, 4.4, 4.45, 4.91, 5.14, 5.06, 5.51, 5.95, 6.36, 5.5, 4.12, 4.17, 4.13, 3.748, 2.66, 1.86, 1.04, 1.2, 1.19, 0, 1.63, 2.21, 1.71, 1.48, 1.74, 1.45, 1.8, 2.14, 2.39, 2.47, 2.73, 2.68, 2.94, 4.21, 4.27, 3.62, 3.38, 3.98, 4.42, 4.67, 5.34, 6.42, 6.3, 5.38, 5.91, 5.73, 5.56, 5.29, 5.01, 4.94, 5.02, 4.78, 3.86, 3.45, 3.77, 3.56, 3.56, 3.94, 3.46, 2.73, 2.65, 2.6, 2.5, 2.08, 2.3], [6.1, 5.22, 3.94, 3.91, 4.03, 3.94, 3.82, 3.31, 3.28, 2.75, 2.27, 2.06, 1.61, 1.31, 1.87, 1.87, 1.73, 1.86, 1.63, 2.28, 3.0, 3.43, 2.97, 2.98, 3.46, 3.67, 3.59, 4.04, 4.5, 4.91, 4.05, 2.63, 2.74, 2.76, 2.35, 1.53, 1.19, 1.33, 1.71, 2.16, 1.63, 0, 0.96, 0.96, 1.29, 1.53, 1.58, 2.07, 3.07, 3.4, 3.5, 3.8, 3.57, 3.81, 5.18, 5.16, 4.45, 4.63, 5.41, 5.89, 5.96, 6.73, 7.87, 7.75, 6.81, 7.3, 7.2, 6.99, 6.6, 6.1, 5.93, 6.05, 6.05, 5.17, 4.66, 5.04, 4.39, 4.35, 4.85, 4.13, 3.38, 3.24, 3.13, 2.99, 2.43, 2.35], [6.64, 5.74, 4.44, 4.55, 4.83, 4.52, 4.44, 4.09, 4.02, 3.51, 2.99, 2.64, 2.17, 1.73, 2.15, 2.11, 2.09, 1.96, 1.67, 2.08, 2.6, 3.01, 2.49, 2.68, 3.06, 3.25, 3.17, 3.62, 4.0, 4.35, 3.53, 2.09, 2.14, 2.18, 1.77, 1.31, 1.55, 1.81, 2.09, 2.7, 2.21, 0.96, 0, 0.94, 1.59, 1.73, 1.94, 2.59, 3.47, 3.84, 3.92, 4.2, 4.03, 4.35, 5.74, 5.66, 4.93, 5.21, 5.95, 6.45, 6.52, 7.33, 8.47, 8.29, 7.27, 7.76, 7.7, 7.53, 7.06, 6.56, 6.31, 6.45, 6.47, 5.69, 5.22, 5.64, 4.89, 4.63, 5.23, 4.57, 3.92, 3.74, 3.69, 3.53, 2.87, 2.61], [5.98, 5.08, 3.76, 4.05, 4.27, 3.88, 3.96, 3.65, 3.6, 3.09, 2.47, 2.18, 1.85, 1.61, 2.15, 2.07, 2.03, 2.04, 1.91, 2.6, 3.3, 3.67, 3.23, 3.32, 3.78, 3.97, 3.91, 4.34, 4.72, 5.09, 4.27, 2.83, 2.86, 2.82, 2.41, 1.63, 1.45, 1.59, 1.57, 2.2, 1.71, 0.96, 0.94, 0, 1.01, 1.31, 1.38, 2.03, 2.89, 3.24, 3.24, 3.52, 3.53, 3.79, 5.22, 5.12, 4.43, 4.59, 5.29, 5.79, 5.88, 6.67, 7.79, 7.61, 6.59, 7.04, 7.0, 6.85, 6.34, 5.92, 5.73, 5.85, 5.73, 5.01, 4.56, 5.04, 4.39, 4.13, 4.71, 4.19, 3.48, 3.34, 3.37, 3.21, 2.55, 2.49], [5.15, 4.25, 3.01, 3.62, 3.78, 3.27, 3.53, 3.28, 3.33, 3.0, 2.28, 1.99, 1.8, 1.74, 2.5, 2.46, 2.48, 2.69, 2.56, 3.27, 4.01, 4.42, 3.94, 4.01, 4.45, 4.68, 4.6, 5.05, 5.49, 5.86, 5.04, 3.6, 3.63, 3.61, 3.22, 2.18, 1.72, 1.58, 1.34, 1.61, 1.48, 1.29, 1.59, 1.01, 0, 0.8, 0.83, 1.32, 2.28, 2.77, 2.69, 2.89, 3.18, 3.32, 4.39, 4.37, 3.7, 3.92, 4.46, 5.02, 5.07, 5.84, 6.98, 6.8, 5.82, 6.31, 6.19, 6.04, 5.63, 5.35, 5.14, 5.16, 5.08, 4.26, 3.79, 4.43, 3.86, 3.72, 4.04, 4.02, 3.39, 3.11, 3.12, 3.04, 2.46, 2.62], [5.07, 4.13, 2.87, 3.48, 3.7, 3.23, 3.49, 3.3, 3.41, 3.02, 2.34, 2.05, 1.86, 1.92, 2.74, 2.76, 2.5, 2.83, 2.6, 3.29, 4.09, 4.52, 4.04, 4.07, 4.53, 4.76, 4.68, 5.13, 5.59, 5.96, 5.14, 3.68, 3.77, 3.79, 3.36, 2.52, 2.18, 1.78, 1.56, 1.73, 1.74, 1.53, 1.73, 1.31, 0.8, 0, 0.83, 1.12, 2.26, 2.77, 2.69, 2.87, 3.14, 3.06, 4.13, 4.05, 3.36, 3.86, 4.32, 4.92, 4.97, 5.7, 6.84, 6.66, 5.76, 6.27, 6.13, 5.92, 5.61, 5.27, 5.0, 5.0, 5.02, 4.24, 3.79, 4.35, 3.74, 3.52, 3.88, 3.92, 3.31, 3.03, 3.02, 2.94, 2.44, 2.62], [4.82, 3.98, 2.72, 3.23, 3.37, 2.88, 3.16, 3.05, 3.14, 2.83, 1.95, 1.8, 1.77, 2.03, 2.89, 2.85, 2.59, 2.9, 2.79, 3.56, 4.28, 4.69, 4.21, 4.26, 4.72, 4.95, 4.87, 5.32, 5.76, 6.15, 5.31, 3.87, 3.96, 3.94, 3.541, 2.79, 2.17, 1.83, 1.61, 1.3, 1.45, 1.58, 1.94, 1.38, 0.83, 0.83, 0, 0.91, 1.95, 2.44, 2.4, 2.62, 2.79, 2.95, 4.14, 4.14, 3.43, 3.49, 4.15, 4.63, 4.78, 5.53, 6.65, 6.51, 5.55, 6.06, 5.94, 5.75, 5.36, 5.04, 4.93, 4.95, 4.87, 3.99, 3.5, 4.02, 3.57, 3.49, 3.81, 3.77, 3.16, 2.9, 2.87, 2.85, 2.39, 2.77], [4.15, 3.29, 2.33, 3.08, 3.26, 2.87, 3.19, 3.08, 3.29, 3.04, 2.14, 1.97, 2.12, 2.46, 3.5, 3.44, 3.22, 3.67, 3.46, 4.25, 5.01, 5.44, 4.96, 4.99, 5.43, 5.66, 5.58, 6.03, 6.51, 6.9, 6.06, 4.62, 4.71, 4.658, 4.291, 3.34, 2.66, 2.18, 2.0, 1.43, 1.8, 2.07, 2.59, 2.03, 1.32, 1.12, 0.91, 0, 1.56, 2.13, 2.05, 2.15, 2.64, 2.74, 3.63, 3.53, 2.86, 3.14, 3.52, 4.14, 4.13, 4.8, 5.94, 5.82, 4.88, 5.37, 5.27, 5.08, 4.95, 4.75, 4.5, 4.28, 4.2, 3.52, 3.07, 3.69, 3.38, 3.22, 3.38, 3.62, 3.05, 2.79, 2.76, 2.68, 2.58, 3.1], [3.31, 2.49, 1.71, 2.2, 2.5, 2.57, 2.79, 2.92, 3.03, 2.82, 2.0, 1.99, 2.26, 2.86, 4.08, 4.3, 4.28, 4.69, 4.54, 5.33, 6.03, 6.4, 5.96, 6.01, 6.51, 6.7, 6.64, 7.07, 7.45, 7.8, 6.98, 5.52, 5.55, 5.51, 5.134, 3.98, 3.38, 2.58, 2.0, 1.53, 2.14, 3.07, 3.47, 2.89, 2.28, 2.26, 1.95, 1.56, 0, 0.83, 1.01, 1.21, 1.62, 1.7, 2.91, 2.89, 2.14, 1.92, 2.66, 3.16, 3.25, 4.08, 5.18, 4.96, 3.92, 4.37, 4.33, 4.24, 3.73, 3.43, 3.22, 3.26, 3.18, 2.98, 2.59, 2.51, 2.64, 2.58, 2.44, 2.7, 2.45, 1.91, 2.08, 2.14, 2.26, 3.04], [3.04, 2.16, 1.44, 1.59, 1.85, 2.02, 2.12, 2.33, 2.52, 2.19, 1.69, 1.88, 2.39, 3.19, 4.43, 4.63, 4.61, 5.02, 4.89, 5.68, 6.38, 6.75, 6.31, 6.36, 6.86, 7.05, 6.99, 7.42, 7.8, 8.15, 7.33, 5.87, 5.9, 5.84, 5.464, 4.33, 3.71, 2.83, 2.13, 1.6, 2.39, 3.4, 3.84, 3.24, 2.77, 2.77, 2.44, 2.13, 0.83, 0, 0.54, 0.86, 1.13, 1.35, 2.74, 2.76, 1.99, 1.71, 2.35, 2.91, 3.02, 3.83, 4.91, 4.69, 3.65, 4.1, 4.06, 3.99, 3.46, 3.0, 2.87, 2.99, 2.87, 2.51, 2.1, 2.08, 2.11, 2.07, 2.17, 2.13, 1.82, 1.34, 1.57, 1.71, 2.07, 3.07], [2.96, 2.08, 1.22, 1.53, 1.87, 1.76, 2.04, 2.21, 2.38, 2.15, 1.81, 1.92, 2.47, 3.27, 4.51, 4.71, 4.69, 5.12, 4.99, 5.78, 6.48, 6.85, 6.41, 6.46, 6.96, 7.15, 7.09, 7.52, 7.9, 8.25, 7.41, 5.95, 5.98, 5.94, 5.547, 4.43, 3.81, 2.89, 2.07, 1.62, 2.47, 3.5, 3.92, 3.24, 2.69, 2.69, 2.4, 2.05, 1.01, 0.54, 0, 0.7, 1.21, 1.45, 2.62, 2.66, 1.89, 1.71, 2.23, 2.83, 2.94, 3.73, 4.83, 4.61, 3.57, 4.02, 3.98, 3.89, 3.36, 3.02, 2.81, 2.85, 2.77, 2.31, 1.92, 2.16, 1.99, 1.91, 1.91, 2.05, 1.66, 1.2, 1.47, 1.57, 2.11, 3.13], [2.76, 2.0, 1.48, 1.87, 2.11, 1.94, 2.26, 2.35, 2.6, 2.53, 2.17, 2.34, 2.81, 3.57, 4.81, 5.01, 4.99, 5.4, 5.27, 6.06, 6.76, 7.13, 6.69, 6.74, 7.24, 7.43, 7.37, 7.8, 8.18, 8.53, 7.71, 6.25, 6.28, 6.22, 5.844, 4.71, 4.09, 3.21, 2.39, 1.96, 2.73, 3.8, 4.2, 3.52, 2.89, 2.87, 2.62, 2.15, 1.21, 0.86, 0.7, 0, 1.11, 1.37, 2.42, 2.44, 1.87, 1.59, 2.01, 2.67, 2.7, 3.51, 4.59, 4.37, 3.33, 3.74, 3.7, 3.67, 3.16, 2.9, 2.67, 2.61, 2.53, 2.17, 1.82, 2.14, 1.99, 2.01, 1.83, 2.05, 2.02, 1.74, 1.73, 2.05, 2.45, 3.43], [2.77, 2.23, 1.71, 1.44, 1.74, 1.91, 1.75, 2.0, 2.41, 2.18, 1.94, 2.13, 2.72, 3.34, 4.48, 4.72, 4.66, 5.11, 4.98, 5.77, 6.49, 6.86, 6.4, 6.47, 6.95, 7.16, 7.08, 7.53, 7.93, 8.3, 7.48, 6.02, 6.11, 6.11, 5.72, 4.56, 4.0, 3.12, 2.38, 2.03, 2.68, 3.57, 4.03, 3.53, 3.18, 3.14, 2.79, 2.64, 1.62, 1.13, 1.21, 1.11, 0, 0.94, 2.23, 2.21, 1.72, 1.38, 2.08, 2.56, 2.67, 3.46, 4.54, 4.36, 3.36, 3.85, 3.79, 3.64, 3.17, 2.67, 2.56, 2.8, 2.84, 2.42, 2.03, 1.95, 1.64, 1.98, 1.94, 1.6, 1.67, 1.31, 1.36, 1.82, 2.28, 3.3], [2.53, 1.89, 1.39, 1.28, 1.62, 1.93, 1.87, 2.08, 2.63, 2.42, 2.44, 2.59, 3.14, 3.62, 4.78, 5.04, 4.86, 5.27, 5.14, 5.91, 6.73, 7.16, 6.68, 6.71, 7.15, 7.38, 7.3, 7.75, 8.23, 8.6, 7.78, 6.32, 6.43, 6.43, 6.04, 4.86, 4.36, 3.44, 2.78, 2.15, 2.94, 3.81, 4.35, 3.79, 3.32, 3.06, 2.95, 2.74, 1.7, 1.35, 1.45, 1.37, 0.94, 0, 1.65, 1.71, 1.42, 1.18, 1.84, 2.26, 2.43, 3.1, 4.18, 4.06, 3.16, 3.67, 3.53, 3.32, 2.95, 2.47, 2.4, 2.58, 2.6, 2.3, 2.07, 1.77, 1.6, 1.88, 1.78, 1.9, 1.87, 1.61, 1.64, 2.08, 2.58, 3.6], [1.88, 1.78, 2.08, 2.11, 2.27, 2.54, 2.56, 2.67, 3.3, 3.63, 3.81, 3.88, 4.35, 4.91, 6.05, 6.37, 6.25, 6.6, 6.31, 7.04, 7.86, 8.31, 7.83, 7.88, 8.38, 8.63, 8.45, 8.96, 9.5, 9.91, 9.031, 7.65, 7.8, 7.78, 7.37, 6.17, 5.61, 4.71, 3.97, 3.44, 4.21, 5.18, 5.74, 5.22, 4.39, 4.13, 4.14, 3.63, 2.91, 2.74, 2.62, 2.42, 2.23, 1.65, 0, 0.84, 1.31, 1.47, 1.85, 1.61, 1.66, 2.01, 3.13, 3.11, 2.41, 3.0, 2.72, 2.37, 2.42, 2.26, 2.07, 2.03, 2.31, 2.47, 2.24, 2.24, 2.07, 2.39, 1.79, 2.59, 2.94, 2.84, 2.73, 3.37, 3.99, 4.91], [1.84, 1.76, 2.22, 2.35, 2.47, 2.74, 2.82, 2.97, 3.62, 3.75, 3.85, 3.86, 4.27, 4.95, 6.07, 6.33, 6.23, 6.64, 6.37, 7.12, 7.9, 8.33, 7.85, 7.88, 8.34, 8.59, 8.47, 8.92, 9.46, 9.87, 9.01, 7.59, 7.72, 7.72, 7.31, 6.13, 5.59, 4.69, 4.01, 3.58, 4.27, 5.16, 5.66, 5.12, 4.37, 4.05, 4.14, 3.53, 2.89, 2.76, 2.66, 2.44, 2.21, 1.71, 0.84, 0, 1.05, 1.45, 2.01, 1.71, 1.58, 2.07, 3.01, 3.07, 2.45, 3.04, 2.78, 2.41, 2.4, 2.24, 2.07, 2.05, 2.45, 2.63, 2.46, 2.36, 2.23, 2.53, 1.95, 2.61, 3.06, 2.82, 2.71, 3.27, 3.93, 4.87], [2.27, 1.81, 1.83, 2.36, 2.58, 2.65, 2.71, 2.88, 3.39, 3.16, 3.12, 3.11, 3.48, 4.26, 5.38, 5.64, 5.6, 5.99, 5.6, 6.39, 7.13, 7.58, 7.1, 7.11, 7.57, 7.82, 7.72, 8.15, 8.69, 9.1, 8.24, 6.82, 7.01, 7.01, 6.6, 5.38, 4.94, 4.02, 3.36, 2.85, 3.62, 4.45, 4.93, 4.43, 3.7, 3.36, 3.43, 2.86, 2.14, 1.99, 1.89, 1.87, 1.72, 1.42, 1.31, 1.05, 0, 1.14, 2.18, 2.1, 1.95, 2.6, 3.76, 3.62, 2.86, 3.41, 3.17, 2.86, 2.67, 2.47, 2.32, 2.44, 2.76, 2.88, 2.63, 2.51, 2.46, 2.46, 2.08, 2.6, 2.67, 2.23, 2.22, 2.52, 3.1, 4.1], [1.73, 1.37, 1.59, 1.74, 1.88, 2.07, 2.17, 2.34, 2.63, 2.82, 2.82, 3.07, 3.66, 4.32, 5.6, 5.82, 5.78, 6.15, 6.04, 6.83, 7.59, 7.98, 7.5, 7.57, 8.03, 8.28, 8.18, 8.63, 9.09, 9.5, 8.64, 7.22, 7.31, 7.269, 6.882, 5.739, 4.96, 3.98, 3.36, 2.61, 3.38, 4.63, 5.21, 4.59, 3.92, 3.86, 3.49, 3.14, 1.92, 1.71, 1.71, 1.59, 1.38, 1.18, 1.47, 1.45, 1.14, 0, 1.44, 1.48, 1.51, 2.28, 3.36, 3.22, 2.3, 2.83, 2.69, 2.5, 2.15, 1.85, 1.82, 2.08, 2.18, 2.2, 1.95, 1.61, 1.98, 2.22, 1.86, 2.3, 2.39, 2.25, 2.14, 2.7, 3.46, 4.5], [1.65, 1.47, 1.73, 1.78, 1.76, 1.85, 2.05, 2.54, 2.89, 3.2, 3.5, 3.89, 4.52, 5.14, 6.44, 6.66, 6.38, 6.75, 6.82, 7.59, 8.41, 8.84, 8.36, 8.39, 8.83, 9.06, 8.98, 9.43, 9.91, 10.28, 9.46, 8.0, 8.07, 8.023, 7.656, 6.513, 5.76, 4.74, 3.94, 3.27, 3.98, 5.41, 5.95, 5.29, 4.46, 4.32, 4.15, 3.52, 2.66, 2.35, 2.23, 2.01, 2.08, 1.84, 1.85, 2.01, 2.18, 1.44, 0, 1.06, 1.25, 1.72, 2.64, 2.46, 1.8, 2.11, 1.93, 1.84, 1.87, 1.91, 1.82, 1.64, 1.48, 1.28, 1.37, 1.31, 1.68, 2.16, 1.46, 2.32, 2.97, 2.93, 2.78, 3.38, 4.22, 5.26], [1.45, 1.61, 2.23, 2.28, 2.14, 2.31, 2.43, 2.98, 3.39, 3.64, 3.98, 4.31, 4.96, 5.58, 6.84, 7.06, 6.86, 7.23, 7.28, 8.07, 8.85, 9.24, 8.76, 8.83, 9.29, 9.54, 9.44, 9.89, 10.35, 10.76, 9.9, 8.48, 8.57, 8.509, 8.142, 6.999, 6.22, 5.16, 4.44, 3.79, 4.42, 5.89, 6.45, 5.79, 5.02, 4.92, 4.63, 4.14, 3.16, 2.91, 2.83, 2.67, 2.56, 2.26, 1.61, 1.71, 2.1, 1.48, 1.06, 0, 0.93, 1.42, 2.08, 1.98, 1.44, 1.85, 1.59, 1.4, 1.35, 1.47, 1.42, 1.4, 1.38, 1.64, 1.75, 1.47, 1.92, 2.52, 1.66, 2.54, 3.45, 3.43, 3.28, 3.9, 4.72, 5.76], [1.48, 1.7, 2.5, 2.41, 2.31, 2.56, 2.68, 3.07, 3.5, 3.89, 4.03, 4.32, 4.97, 5.63, 6.91, 7.13, 7.07, 7.42, 7.37, 8.12, 8.86, 9.27, 8.79, 8.84, 9.3, 9.55, 9.45, 9.9, 10.38, 10.79, 9.93, 8.51, 8.6, 8.56, 8.192, 7.049, 6.25, 5.21, 4.59, 3.94, 4.67, 5.96, 6.52, 5.88, 5.07, 4.97, 4.78, 4.13, 3.25, 3.02, 2.94, 2.7, 2.67, 2.43, 1.66, 1.58, 1.95, 1.51, 1.25, 0.93, 0, 1.19, 2.09, 1.89, 1.37, 1.78, 1.64, 1.29, 1.4, 1.38, 1.31, 1.37, 1.41, 1.73, 1.76, 1.52, 2.09, 2.55, 1.71, 2.59, 3.48, 3.46, 3.35, 4.01, 4.81, 5.79], [1.47, 1.93, 3.07, 3.04, 3.02, 3.23, 3.39, 3.78, 4.11, 4.42, 4.78, 5.19, 5.82, 6.42, 7.72, 7.94, 7.66, 8.01, 8.08, 8.85, 9.65, 10.08, 9.6, 9.63, 10.07, 10.3, 10.16, 10.67, 11.15, 11.56, 10.7, 9.28, 9.37, 9.33, 8.98, 7.82, 7.02, 5.98, 5.38, 4.71, 5.34, 6.73, 7.33, 6.67, 5.84, 5.7, 5.53, 4.8, 4.08, 3.83, 3.73, 3.51, 3.46, 3.1, 2.01, 2.07, 2.6, 2.28, 1.72, 1.42, 1.19, 0, 1.34, 1.16, 1.16, 1.61, 1.45, 1.26, 1.75, 1.89, 2.0, 1.98, 1.92, 2.18, 2.39, 2.23, 2.8, 3.34, 2.54, 3.36, 4.25, 4.23, 4.16, 4.82, 5.62, 6.6], [1.97, 2.77, 4.03, 4.12, 3.98, 4.09, 4.29, 4.9, 5.19, 5.4, 5.9, 6.29, 6.92, 7.54, 8.84, 9.04, 8.72, 9.11, 9.24, 9.97, 10.77, 11.2, 10.72, 10.75, 11.19, 11.42, 11.32, 11.79, 12.29, 12.7, 11.84, 10.42, 10.51, 10.47, 10.12, 8.96, 8.16, 7.1, 6.48, 5.81, 6.42, 7.87, 8.47, 7.79, 6.98, 6.84, 6.65, 5.94, 5.18, 4.91, 4.83, 4.59, 4.54, 4.18, 3.13, 3.01, 3.76, 3.36, 2.64, 2.08, 2.09, 1.34, 0, 0.94, 1.62, 1.89, 1.47, 1.8, 2.09, 2.53, 2.62, 2.46, 2.36, 2.9, 3.31, 3.01, 3.64, 4.26, 3.46, 4.44, 5.39, 5.37, 5.3, 5.96, 6.76, 7.74], [1.89, 2.63, 3.89, 4.02, 3.96, 4.07, 4.23, 4.82, 5.13, 5.38, 5.76, 6.19, 6.82, 7.44, 8.74, 8.94, 8.64, 9.07, 9.18, 9.89, 10.67, 11.1, 10.62, 10.65, 11.11, 11.34, 11.26, 11.71, 12.17, 12.54, 11.72, 10.26, 10.33, 10.29, 9.94, 8.78, 8.02, 7.0, 6.3, 5.63, 6.3, 7.75, 8.29, 7.61, 6.8, 6.66, 6.51, 5.82, 4.96, 4.69, 4.61, 4.37, 4.36, 4.06, 3.11, 3.07, 3.62, 3.22, 2.46, 1.98, 1.89, 1.16, 0.94, 0, 1.2, 1.27, 1.09, 1.22, 1.81, 2.09, 2.42, 2.18, 2.16, 2.68, 3.15, 2.81, 3.48, 4.12, 3.32, 4.26, 5.21, 5.19, 5.12, 5.78, 6.58, 7.56], [1.75, 2.07, 3.07, 3.14, 3.08, 3.27, 3.37, 3.92, 4.23, 4.54, 4.76, 5.19, 5.82, 6.5, 7.74, 7.94, 7.76, 8.23, 8.26, 8.99, 9.73, 10.08, 9.6, 9.69, 10.17, 10.38, 10.28, 10.75, 11.17, 11.52, 10.66, 9.22, 9.25, 9.21, 8.86, 7.7, 6.96, 6.0, 5.3, 4.67, 5.38, 6.81, 7.27, 6.59, 5.82, 5.76, 5.55, 4.88, 3.92, 3.65, 3.57, 3.33, 3.36, 3.16, 2.41, 2.45, 2.86, 2.3, 1.8, 1.44, 1.37, 1.16, 1.62, 1.2, 0, 0.99, 0.95, 0.94, 1.33, 1.33, 1.48, 1.34, 1.3, 1.86, 2.23, 1.89, 2.52, 3.06, 2.26, 3.26, 4.15, 4.15, 4.1, 4.76, 5.56, 6.54], [2.2, 2.68, 3.54, 3.65, 3.59, 3.74, 3.9, 4.43, 4.74, 5.03, 5.25, 5.68, 6.31, 7.01, 8.23, 8.43, 8.25, 8.7, 8.77, 9.5, 10.22, 10.57, 10.09, 10.18, 10.66, 10.87, 10.79, 11.24, 11.66, 12.01, 11.19, 9.73, 9.76, 9.7, 9.35, 8.19, 7.49, 6.49, 5.77, 5.16, 5.91, 7.3, 7.76, 7.04, 6.31, 6.27, 6.06, 5.37, 4.37, 4.1, 4.02, 3.74, 3.85, 3.67, 3.0, 3.04, 3.41, 2.83, 2.11, 1.85, 1.78, 1.61, 1.89, 1.27, 0.99, 0, 0.88, 0.91, 1.34, 1.56, 1.83, 1.57, 1.49, 2.15, 2.68, 2.26, 2.97, 3.47, 2.71, 3.69, 4.62, 4.6, 4.55, 5.21, 6.01, 6.99], [1.72, 2.3, 3.34, 3.49, 3.43, 3.54, 3.7, 4.29, 4.58, 4.85, 5.19, 5.62, 6.25, 6.89, 8.17, 8.37, 8.09, 8.54, 8.63, 9.36, 10.12, 10.51, 10.03, 10.08, 10.56, 10.77, 10.69, 11.14, 11.6, 11.95, 11.13, 9.67, 9.7, 9.66, 9.31, 8.15, 7.43, 6.41, 5.71, 5.06, 5.73, 7.2, 7.7, 7.0, 6.19, 6.13, 5.94, 5.27, 4.33, 4.06, 3.98, 3.7, 3.79, 3.53, 2.72, 2.78, 3.17, 2.69, 1.93, 1.59, 1.64, 1.45, 1.47, 1.09, 0.95, 0.88, 0, 0.85, 1.36, 1.5, 1.83, 1.69, 1.51, 2.09, 2.58, 2.22, 2.87, 3.41, 2.65, 3.65, 4.58, 4.56, 4.51, 5.17, 5.97, 6.95], [1.85, 2.13, 3.23, 3.3, 3.24, 3.37, 3.53, 4.08, 4.43, 4.68, 5.0, 5.43, 6.08, 6.68, 7.98, 8.18, 7.9, 8.35, 8.42, 9.15, 9.91, 10.32, 9.84, 9.87, 10.35, 10.56, 10.46, 10.93, 11.41, 11.76, 10.9, 9.46, 9.51, 9.47, 9.12, 7.96, 7.2, 6.22, 5.54, 4.87, 5.56, 6.99, 7.53, 6.85, 6.04, 5.92, 5.75, 5.08, 4.24, 3.99, 3.89, 3.67, 3.64, 3.32, 2.37, 2.41, 2.86, 2.5, 1.84, 1.4, 1.29, 1.26, 1.8, 1.22, 0.94, 0.91, 0.85, 0, 1.17, 1.41, 1.7, 1.62, 1.58, 1.94, 2.43, 2.07, 2.7, 3.36, 2.54, 3.5, 4.41, 4.41, 4.36, 5.02, 5.82, 6.8], [2.24, 2.46, 2.94, 2.93, 2.87, 3.0, 3.18, 3.71, 4.04, 4.35, 4.59, 4.98, 5.61, 6.29, 7.53, 7.73, 7.51, 7.98, 8.05, 8.78, 9.52, 9.87, 9.39, 9.48, 9.96, 10.17, 10.07, 10.54, 10.96, 11.31, 10.45, 9.01, 9.02, 8.96, 8.61, 7.45, 6.77, 5.83, 5.07, 4.52, 5.29, 6.6, 7.06, 6.34, 5.63, 5.61, 5.36, 4.95, 3.73, 3.46, 3.36, 3.16, 3.17, 2.95, 2.42, 2.4, 2.67, 2.15, 1.87, 1.35, 1.4, 1.75, 2.09, 1.81, 1.33, 1.34, 1.36, 1.17, 0, 0.86, 1.03, 1.25, 1.33, 2.11, 2.4, 1.62, 2.25, 2.75, 2.09, 2.99, 3.9, 3.9, 3.85, 4.51, 5.31, 6.29], [2.4, 2.62, 2.88, 2.49, 2.45, 2.82, 2.74, 3.29, 3.7, 4.01, 4.19, 4.5, 5.13, 5.79, 7.01, 7.25, 7.15, 7.62, 7.53, 8.26, 9.0, 9.35, 8.87, 8.96, 9.44, 9.65, 9.55, 10.02, 10.44, 10.79, 9.95, 8.49, 8.52, 8.44, 8.09, 6.95, 6.29, 5.39, 4.71, 4.2, 5.01, 6.1, 6.56, 5.92, 5.35, 5.27, 5.04, 4.75, 3.43, 3.0, 3.02, 2.9, 2.67, 2.47, 2.26, 2.24, 2.47, 1.85, 1.91, 1.47, 1.38, 1.89, 2.53, 2.09, 1.33, 1.56, 1.5, 1.41, 0.86, 0, 0.71, 1.21, 1.45, 2.11, 2.22, 1.42, 1.83, 2.27, 1.81, 2.47, 3.36, 3.36, 3.33, 3.99, 4.79, 5.75], [2.37, 2.51, 2.73, 2.44, 2.42, 2.73, 2.69, 3.18, 3.67, 3.96, 4.12, 4.27, 4.84, 5.7, 6.92, 7.14, 7.1, 7.57, 7.32, 8.09, 8.69, 9.1, 8.64, 8.69, 9.21, 9.38, 9.3, 9.73, 10.11, 10.46, 9.6, 8.16, 8.17, 8.09, 7.76, 6.64, 6.12, 5.32, 4.54, 4.09, 4.94, 5.93, 6.31, 5.73, 5.14, 5.0, 4.93, 4.5, 3.22, 2.87, 2.81, 2.67, 2.56, 2.4, 2.07, 2.07, 2.32, 1.82, 1.82, 1.42, 1.31, 2.0, 2.62, 2.42, 1.48, 1.83, 1.83, 1.7, 1.03, 0.71, 0, 0.84, 1.28, 1.98, 2.03, 1.41, 1.74, 2.04, 1.48, 2.16, 3.05, 3.05, 3.06, 3.66, 4.46, 5.42], [2.31, 2.31, 2.63, 2.6, 2.6, 2.83, 2.87, 3.28, 3.75, 4.18, 4.28, 4.45, 4.9, 5.88, 7.08, 7.3, 7.26, 7.75, 7.44, 8.21, 8.81, 9.24, 8.76, 8.81, 9.33, 9.5, 9.44, 9.85, 10.23, 10.56, 9.74, 8.28, 8.35, 8.27, 7.94, 6.8, 6.32, 5.46, 4.68, 4.17, 5.02, 6.05, 6.45, 5.85, 5.16, 5.0, 4.95, 4.28, 3.26, 2.99, 2.85, 2.61, 2.8, 2.58, 2.03, 2.05, 2.44, 2.08, 1.64, 1.4, 1.37, 1.98, 2.46, 2.18, 1.34, 1.57, 1.69, 1.62, 1.25, 1.21, 0.84, 0, 0.86, 1.92, 1.95, 1.51, 1.8, 2.18, 1.38, 2.32, 3.23, 3.21, 3.18, 3.8, 4.56, 5.52], [2.11, 2.09, 2.51, 2.5, 2.44, 2.71, 2.75, 3.22, 3.61, 3.98, 4.06, 4.39, 5.0, 5.78, 7.02, 7.2, 7.16, 7.59, 7.52, 8.25, 8.95, 9.32, 8.88, 8.93, 9.43, 9.62, 9.56, 9.99, 10.37, 10.74, 9.92, 8.46, 8.49, 8.41, 8.06, 6.92, 6.24, 5.3, 4.54, 3.99, 4.78, 6.05, 6.47, 5.73, 5.08, 5.02, 4.87, 4.2, 3.18, 2.87, 2.77, 2.53, 2.84, 2.6, 2.31, 2.45, 2.76, 2.18, 1.48, 1.38, 1.41, 1.92, 2.36, 2.16, 1.3, 1.49, 1.51, 1.58, 1.33, 1.45, 1.28, 0.86, 0, 1.42, 1.61, 1.19, 1.76, 2.18, 1.42, 2.4, 3.31, 3.29, 3.24, 3.9, 4.7, 5.66], [2.07, 1.89, 2.01, 1.84, 1.64, 1.73, 1.93, 2.36, 2.75, 3.02, 3.24, 3.69, 4.32, 4.94, 6.18, 6.38, 6.16, 6.61, 6.66, 7.39, 8.09, 8.5, 8.04, 8.05, 8.55, 8.74, 8.64, 9.11, 9.59, 9.94, 9.1, 7.64, 7.69, 7.67, 7.3, 6.14, 5.4, 4.42, 3.72, 3.09, 3.86, 5.17, 5.69, 5.01, 4.26, 4.24, 3.99, 3.52, 2.98, 2.51, 2.31, 2.17, 2.42, 2.3, 2.47, 2.63, 2.88, 2.2, 1.28, 1.64, 1.73, 2.18, 2.9, 2.68, 1.86, 2.15, 2.09, 1.94, 2.11, 2.11, 1.98, 1.92, 1.42, 0, 0.79, 1.15, 1.5, 1.74, 1.42, 1.98, 2.59, 2.69, 2.6, 3.24, 3.98, 4.96], [2.2, 1.9, 1.88, 1.49, 1.39, 1.42, 1.56, 1.83, 2.26, 2.67, 2.81, 3.12, 3.77, 4.41, 5.69, 5.91, 5.77, 6.22, 6.13, 6.86, 7.56, 7.97, 7.53, 7.52, 8.02, 8.19, 8.13, 8.56, 9.06, 9.41, 8.59, 7.13, 7.22, 7.2, 6.83, 5.67, 4.91, 3.95, 3.31, 2.66, 3.45, 4.66, 5.22, 4.56, 3.79, 3.79, 3.5, 3.07, 2.59, 2.1, 1.92, 1.82, 2.03, 2.07, 2.24, 2.46, 2.63, 1.95, 1.37, 1.75, 1.76, 2.39, 3.31, 3.15, 2.23, 2.68, 2.58, 2.43, 2.4, 2.22, 2.03, 1.95, 1.61, 0.79, 0, 1.24, 1.23, 1.51, 1.27, 1.73, 2.16, 2.3, 2.11, 2.79, 3.49, 4.47], [2.26, 1.96, 1.92, 1.45, 1.35, 1.8, 1.68, 2.17, 2.54, 2.95, 3.09, 3.48, 4.11, 4.75, 6.03, 6.23, 6.09, 6.52, 6.51, 7.24, 7.98, 8.41, 7.93, 7.96, 8.42, 8.65, 8.57, 9.02, 9.48, 9.85, 9.03, 7.57, 7.64, 7.6, 7.25, 6.09, 5.33, 4.33, 3.69, 3.04, 3.77, 5.04, 5.64, 5.04, 4.43, 4.35, 4.02, 3.69, 2.51, 2.08, 2.16, 2.14, 1.95, 1.77, 2.24, 2.36, 2.51, 1.61, 1.31, 1.47, 1.52, 2.23, 3.01, 2.81, 1.89, 2.26, 2.22, 2.07, 1.62, 1.42, 1.41, 1.51, 1.19, 1.15, 1.24, 0, 1.05, 1.59, 1.17, 1.67, 2.52, 2.5, 2.43, 3.07, 3.87, 4.85], [2.75, 2.41, 1.99, 1.24, 1.32, 1.59, 1.39, 1.78, 2.53, 2.74, 2.86, 3.07, 3.64, 4.24, 5.42, 5.68, 5.56, 6.01, 5.8, 6.55, 7.31, 7.74, 7.26, 7.29, 7.75, 7.98, 7.9, 8.35, 8.81, 9.18, 8.36, 6.9, 6.95, 6.91, 6.56, 5.396, 4.92, 4.02, 3.26, 2.69, 3.56, 4.39, 4.89, 4.39, 3.86, 3.74, 3.57, 3.38, 2.64, 2.11, 1.99, 1.99, 1.64, 1.6, 2.07, 2.23, 2.46, 1.98, 1.68, 1.92, 2.09, 2.8, 3.64, 3.48, 2.52, 2.97, 2.87, 2.7, 2.25, 1.83, 1.74, 1.8, 1.76, 1.5, 1.23, 1.05, 0, 1.04, 1.0, 1.2, 1.91, 1.97, 1.8, 2.44, 3.16, 4.14], [3.07, 2.63, 1.93, 1.28, 1.42, 1.51, 1.57, 1.88, 2.59, 2.8, 2.82, 2.91, 3.44, 4.24, 5.16, 5.38, 5.4, 5.89, 5.48, 6.19, 6.83, 7.26, 6.88, 6.83, 7.31, 7.5, 7.44, 7.89, 8.29, 8.62, 7.8, 6.42, 6.59, 6.65, 6.14, 4.9, 4.7, 3.96, 3.08, 2.69, 3.56, 4.35, 4.63, 4.13, 3.72, 3.52, 3.49, 3.22, 2.58, 2.07, 1.91, 2.01, 1.98, 1.88, 2.39, 2.53, 2.46, 2.22, 2.16, 2.52, 2.55, 3.34, 4.26, 4.12, 3.06, 3.47, 3.41, 3.36, 2.75, 2.27, 2.04, 2.18, 2.18, 1.74, 1.51, 1.59, 1.04, 0, 1.02, 1.32, 1.67, 1.75, 1.52, 2.0, 2.68, 3.56], [2.47, 2.21, 1.81, 1.5, 1.56, 1.77, 1.79, 2.14, 2.81, 3.2, 3.2, 3.33, 3.8, 4.74, 5.88, 6.08, 6.08, 6.57, 6.22, 6.95, 7.59, 8.02, 7.56, 7.57, 8.07, 8.26, 8.22, 8.67, 9.03, 9.36, 8.52, 7.08, 