[[0, 1.05, 1.55, 1.14, 1.3, 3.88, 6.847, 8.941, 11.027, 10.931, 9.186, 9.464, 10.128, 7.341, 5.371, 4.801, 4.584, 4.798, 5.311, 5.237, 5.251, 5.354, 5.343, 5.771, 5.987, 4.69, 3.81, 3.53, 3.22, 3.06, 2.38, 2.59, 2.95, 3.41, 2.41, 2.13, 1.81, 1.66, 2.09, 2.02, 2.0, 1.91, 2.09, 2.25, 2.92, 3.47, 3.81, 4.17, 4.31, 3.79, 3.52, 4.08, 5.11, 5.82, 5.91, 5.94, 6.26, 6.328, 6.72, 6.49, 6.04, 6.169, 6.19, 5.32, 4.6, 3.07, 2.81, 4.21, 6.453, 5.682, 5.712, 5.4, 4.63, 3.91, 3.67, 2.72, 1.82, 4.107, 5.783, 6.685, 6.518, 6.511, 6.349, 6.462, 7.089, 7.855], [1.05, 0, 0.94, 1.05, 0.99, 3.15, 6.143, 8.097, 10.24, 10.107, 8.419, 8.657, 9.284, 6.514, 4.547, 3.977, 3.777, 3.937, 4.634, 4.617, 4.545, 4.63, 4.645, 4.985, 5.301, 4.26, 3.58, 3.0, 2.65, 2.31, 1.85, 2.12, 2.54, 3.18, 2.46, 1.94, 1.98, 1.65, 1.92, 1.95, 1.83, 1.78, 2.02, 1.9, 2.53, 3.22, 3.56, 3.9, 4.06, 3.56, 3.37, 4.05, 5.1, 5.73, 5.72, 5.665, 5.96, 6.0, 6.38, 6.28, 5.768, 5.768, 5.546, 4.905, 4.33, 3.02, 2.78, 3.86, 5.724, 4.984, 5.11, 4.77, 4.26, 3.7, 3.46, 2.65, 2.53, 4.782, 6.63, 7.595, 7.461, 7.44, 7.249, 7.329, 7.98, 8.651], [1.55, 0.94, 0, 0.87, 1.03, 2.89, 5.926, 7.855, 9.817, 9.744, 8.013, 8.257, 8.961, 6.148, 4.181, 3.648, 3.434, 3.631, 4.474, 4.28, 4.245, 4.451, 4.525, 4.885, 4.961, 4.32, 3.62, 2.82, 2.61, 2.01, 1.65, 1.94, 2.34, 3.1, 2.38, 1.88, 2.16, 1.81, 1.76, 1.83, 1.83, 1.74, 1.94, 1.78, 2.19, 3.18, 3.58, 3.9, 4.02, 3.6, 3.35, 4.01, 5.08, 5.71, 5.68, 5.665, 5.94, 5.93, 6.37, 6.26, 5.765, 5.748, 5.432, 4.885, 4.21, 3.1, 2.82, 3.82, 5.338, 4.704, 4.89, 4.53, 4.2, 3.66, 3.4, 2.63, 2.79, 5.059, 6.823, 7.812, 7.647, 7.69, 7.518, 7.556, 8.157, 8.787], [1.14, 1.05, 0.87, 0, 0.88, 3.34, 6.353, 8.449, 10.447, 10.371, 8.606, 8.884, 9.588, 6.766, 4.796, 4.26, 4.021, 4.258, 5.04, 4.86, 4.82, 5.015, 5.032, 5.432, 5.585, 4.67, 3.97, 3.25, 3.04, 2.52, 1.88, 2.27, 2.61, 3.21, 2.23, 1.63, 1.67, 1.7, 1.65, 1.72, 1.88, 1.43, 1.73, 1.75, 2.46, 3.31, 3.87, 4.19, 4.33, 3.91, 3.66, 4.16, 5.21, 5.94, 5.93, 6.02, 6.3, 6.31, 6.72, 6.61, 6.12, 6.135, 5.839, 5.26, 4.46, 3.07, 2.93, 4.15, 5.925, 5.17, 5.34, 4.96, 4.59, 4.01, 3.67, 2.84, 2.28, 4.504, 6.257, 7.229, 7.081, 7.091, 6.908, 6.963, 7.573, 8.189], [1.3, 0.99, 1.03, 0.88, 0, 2.9, 5.91, 8.029, 10.047, 9.971, 8.2, 8.484, 9.188, 6.381, 4.411, 3.875, 3.621, 3.878, 4.58, 4.48, 4.52, 4.56, 4.532, 4.932, 5.108, 4.37, 3.65, 2.89, 2.64, 2.16, 1.58, 1.89, 2.33, 2.83, 2.09, 1.73, 1.91, 1.66, 1.57, 1.56, 1.5, 1.71, 1.69, 1.73, 2.12, 2.93, 3.43, 3.73, 3.83, 3.49, 3.28, 3.8, 4.83, 5.62, 5.59, 5.64, 5.88, 5.87, 6.3, 6.23, 5.74, 5.6, 5.339, 4.86, 4.04, 2.73, 2.51, 3.77, 5.55, 4.75, 4.8, 4.5, 4.13, 3.61, 3.31, 2.5, 2.58, 4.929, 6.674, 7.603, 7.481, 7.483, 7.28, 7.355, 7.97, 8.592], [3.88, 3.15, 2.89, 3.34, 2.9, 0, 3.25, 5.53, 7.33, 7.3, 5.52, 5.83, 6.52, 3.83, 2.2, 2.17, 1.91, 2.13, 2.58, 2.52, 3.02, 2.9, 2.8, 2.94, 2.91, 2.71, 2.63, 2.35, 2.38, 2.1, 2.32, 2.45, 2.45, 2.69, 3.33, 3.33, 3.55, 3.26, 3.13, 3.16, 3.22, 3.51, 3.63, 2.91, 2.52, 2.69, 2.79, 2.41, 2.43, 2.39, 3.04, 3.52, 4.09, 4.56, 4.25, 3.88, 4.22, 4.41, 4.5, 4.49, 4.08, 3.76, 3.11, 3.04, 3.08, 2.87, 2.67, 2.57, 3.27, 2.89, 3.3, 3.12, 2.91, 2.91, 2.57, 2.6, 5.177, 7.535, 9.214, 10.166, 10.025, 10.049, 9.838, 9.889, 10.537, 11.153], [6.847, 6.143, 5.926, 6.353, 5.91, 3.25, 0, 3.06, 4.5, 4.43, 2.65, 3.16, 3.65, 2.76, 2.99, 3.48, 3.48, 3.16, 2.47, 2.77, 2.91, 2.63, 2.23, 1.81, 2.04, 2.82, 3.72, 4.06, 4.33, 4.533, 4.896, 4.886, 4.66, 3.94, 5.629, 6.049, 6.189, 5.979, 5.572, 5.665, 5.665, 6.395, 6.495, 5.504, 4.659, 4.06, 3.52, 3.2, 3.14, 3.52, 4.276, 4.75, 4.5, 4.15, 3.4, 3.17, 3.47, 3.6, 3.37, 3.18, 3.05, 2.47, 1.82, 2.87, 3.35, 4.36, 4.92, 3.38, 2.28, 2.54, 2.79, 2.93, 3.34, 3.7, 3.96, 5.09, 8.17, 10.603, 12.233, 13.099, 12.962, 12.925, 12.734, 12.839, 13.492, 14.038], [8.941, 8.097, 7.855, 8.449, 8.029, 5.53, 3.06, 0, 2.22, 2.33, 1.45, 1.5, 2.15, 2.92, 4.47, 4.94, 5.06, 4.62, 3.95, 4.09, 4.07, 3.85, 3.83, 3.45, 3.48, 4.74, 5.78, 5.9, 6.11, 6.319, 6.929, 6.962, 6.679, 6.359, 7.725, 8.225, 8.388, 8.158, 7.628, 7.781, 7.741, 8.471, 8.451, 7.524, 6.712, 6.439, 5.719, 5.456, 5.376, 5.748, 6.709, 7.062, 6.526, 5.646, 4.66, 4.35, 4.19, 3.98, 3.61, 3.96, 4.45, 3.95, 3.9, 4.85, 5.53, 6.72, 7.38, 5.66, 2.92, 3.9, 3.93, 4.17, 5.12, 5.98, 6.36, 7.5, 10.298, 12.564, 14.419, 15.435, 15.305, 15.335, 15.132, 15.178, 15.799, 16.447], [11.027, 10.24, 9.817, 10.447, 10.047, 7.33, 4.5, 2.22, 0, 1.33, 2.01, 1.86, 2.01, 4.12, 5.91, 6.56, 6.72, 6.44, 5.87, 5.99, 5.95, 5.79, 5.83, 5.41, 5.12, 6.6, 7.64, 7.66, 7.99, 8.067, 8.907, 8.937, 8.557, 8.194, 9.457, 9.957, 10.12, 9.87, 9.383, 9.573, 9.533, 10.223, 10.223, 9.166, 8.63, 8.214, 7.634, 7.391, 7.131, 7.614, 8.524, 8.881, 8.308, 7.358, 6.36, 6.07, 5.85, 5.58, 5.29, 5.68, 6.19, 5.69, 5.58, 6.59, 7.23, 8.42, 9.08, 7.4, 4.68, 5.6, 5.63, 5.89, 6.82, 7.68, 8.06, 9.21, 12.189, 14.454, 16.164, 17.158, 17.02, 17.078, 16.876, 16.901, 17.528, 18.191], [10.931, 10.107, 9.744, 10.371, 9.971, 7.3, 4.43, 2.33, 1.33, 0, 1.94, 1.57, 1.4, 3.83, 5.76, 6.43, 6.65, 6.33, 5.8, 5.92, 5.82, 5.7, 5.74, 5.26, 5.15, 6.51, 7.55, 7.53, 7.84, 8.006, 8.854, 8.884, 8.504, 8.178, 9.481, 9.981, 10.144, 9.874, 9.35, 9.557, 9.517, 10.227, 10.207, 9.113, 8.577, 8.19, 7.57, 7.33, 7.092, 7.518, 8.485, 8.845, 8.272, 7.342, 6.35, 6.04, 5.84, 5.63, 5.28, 5.65, 6.16, 5.68, 5.57, 6.58, 7.26, 8.45, 9.11, 7.39, 4.67, 5.63, 5.66, 5.9, 6.85, 7.71, 8.09, 9.22, 12.093, 14.336, 16.126, 17.154, 17.032, 17.06, 16.863, 16.897, 17.524, 18.178], [9.186, 8.419, 8.013, 8.606, 8.2, 5.52, 2.65, 1.45, 2.01, 1.94, 0, 0.89, 1.22, 2.81, 4.58, 5.17, 5.19, 4.95, 4.24, 4.34, 4.26, 4.1, 4.02, 3.7, 3.59, 4.79, 5.83, 5.99, 6.26, 6.377, 7.057, 7.087, 6.719, 6.361, 7.712, 8.212, 8.375, 8.125, 7.633, 7.78, 7.769, 8.478, 8.499, 7.428, 6.809, 6.444, 5.784, 5.541, 5.367, 5.807, 6.694, 7.048, 6.535, 5.593, 4.61, 4.3, 4.1, 3.83, 3.54, 3.89, 4.42, 3.92, 3.83, 4.82, 5.5, 6.69, 7.35, 5.63, 2.91, 3.87, 3.9, 4.14, 5.09, 5.95, 6.33, 7.48, 10.379, 12.7, 14.433, 15.452, 15.304, 15.337, 15.146, 15.186, 15.813, 16.458], [9.464, 8.657, 8.257, 8.884, 8.484, 5.83, 3.16, 1.5, 1.86, 1.57, 0.89, 0, 1.17, 2.78, 4.57, 5.2, 5.36, 5.08, 4.45, 4.57, 4.47, 4.35, 4.27, 3.87, 3.86, 5.08, 6.12, 6.18, 6.43, 6.644, 7.347, 7.377, 7.017, 6.685, 8.062, 8.542, 8.705, 8.455, 7.943, 8.098, 8.058, 8.788, 8.826, 7.646, 7.09, 6.774, 6.074, 5.831, 5.691, 6.091, 7.024, 7.372, 6.853, 5.923, 4.94, 4.61, 4.43, 4.24, 3.87, 4.2, 4.73, 4.25, 4.14, 5.15, 5.83, 7.02, 7.68, 5.96, 3.24, 4.2, 4.23, 4.47, 5.42, 6.28, 6.66, 7.81, 10.658, 12.933, 14.743, 15.764, 15.617, 15.65, 15.459, 15.499, 16.138, 16.765], [10.128, 9.284, 8.961, 9.588, 9.188, 6.52, 3.65, 2.15, 2.01, 1.4, 1.22, 1.17, 0, 3.01, 5.0, 5.53, 5.79, 5.51, 4.94, 5.12, 5.06, 4.88, 4.92, 4.44, 4.43, 5.77, 6.83, 6.83, 7.08, 7.248, 8.051, 8.081, 7.721, 7.398, 8.766, 9.266, 9.429, 9.179, 8.649, 8.837, 8.797, 9.512, 9.492, 8.37, 7.774, 7.481, 6.818, 6.555, 6.398, 6.795, 7.745, 8.105, 7.578, 6.648, 5.67, 5.34, 5.08, 4.79, 4.5, 4.93, 5.48, 5.0, 4.87, 5.9, 6.56, 7.75, 8.41, 6.69, 3.95, 4.93, 4.96, 5.2, 6.15, 7.01, 7.39, 8.54, 11.301, 13.556, 15.406, 16.433, 16.3, 16.339, 16.156, 16.179, 16.809, 17.472], [7.341, 6.514, 6.148, 6.766, 6.381, 3.83, 2.76, 2.92, 4.12, 3.83, 2.81, 2.78, 3.01, 0, 2.27, 2.82, 3.08, 2.76, 2.47, 2.33, 2.33, 2.23, 2.39, 2.31, 2.56, 3.24, 4.02, 4.04, 4.273, 4.482, 5.244, 5.274, 4.874, 4.585, 5.919, 6.419, 6.602, 6.366, 5.86, 5.975, 5.935, 6.685, 6.685, 5.523, 4.947, 4.633, 3.951, 3.76, 3.66, 3.988, 4.932, 5.277, 4.791, 4.33, 3.54, 2.91, 2.85, 2.86, 2.99, 3.22, 3.23, 3.11, 2.72, 3.31, 3.71, 4.9, 5.56, 3.84, 2.24, 2.36, 2.63, 2.53, 3.32, 4.18, 4.56, 5.715, 8.529, 10.792, 12.628, 13.655, 13.507, 13.552, 13.358, 13.392, 14.031, 14.667], [5.371, 4.547, 4.181, 4.796, 4.411, 2.2, 2.99, 4.47, 5.91, 5.76, 4.58, 4.57, 5.0, 2.27, 0, 0.91, 1.25, 1.25, 1.76, 1.8, 2.22, 2.36, 2.12, 2.14, 2.23, 2.85, 2.75, 2.37, 2.82, 2.563, 3.334, 3.384, 3.064, 3.39, 4.072, 4.452, 4.635, 4.396, 3.91, 4.028, 3.968, 4.718, 4.698, 3.591, 3.16, 3.25, 2.97, 2.79, 2.91, 2.89, 3.56, 3.88, 4.45, 4.74, 4.21, 3.66, 3.9, 4.07, 4.22, 4.21, 3.8, 3.5, 2.69, 2.84, 2.84, 3.07, 3.61, 2.71, 2.89, 2.71, 3.2, 2.94, 2.85, 2.93, 2.71, 3.748, 6.576, 8.816, 10.646, 11.679, 11.546, 11.588, 11.388, 11.425, 12.04, 12.7], [4.801, 3.977, 3.648, 4.26, 3.875, 2.17, 3.48, 4.94, 6.56, 6.43, 5.17, 5.2, 5.53, 2.82, 0.91, 0, 0.68, 1.04, 1.91, 2.17, 2.19, 2.59, 2.31, 2.31, 2.52, 3.02, 2.54, 2.02, 2.35, 2.03, 2.778, 2.86, 2.6, 3.02, 3.84, 4.079, 4.222, 3.932, 3.542, 3.555, 3.475, 4.205, 4.185, 3.121, 2.89, 2.98, 2.78, 2.88, 3.02, 2.74, 3.23, 3.75, 4.42, 4.83, 4.44, 3.97, 4.09, 4.26, 4.59, 4.62, 4.11, 3.87, 3.06, 3.23, 3.03, 2.78, 3.08, 2.88, 3.28, 2.96, 3.37, 3.13, 3.02, 2.68, 2.66, 3.39, 5.997, 8.249, 10.116, 11.143, 11.01, 11.052, 10.866, 10.889, 11.531, 12.17], [4.584, 3.777, 3.434, 4.021, 3.621, 1.91, 3.48, 5.06, 6.72, 6.65, 5.19, 5.36, 5.79, 3.08, 1.25, 0.68, 0, 0.88, 1.75, 1.81, 1.87, 2.19, 2.21, 2.21, 2.34, 2.6, 2.18, 1.74, 2.05, 1.79, 2.504, 2.594, 2.26, 2.64, 3.54, 3.722, 3.885, 3.595, 3.22, 3.331, 3.291, 3.928, 4.041, 2.961, 2.59, 2.54, 2.4, 2.5, 2.62, 2.32, 2.91, 3.29, 3.96, 4.39, 4.02, 3.61, 3.73, 3.92, 4.25, 4.28, 3.75, 3.51, 2.86, 2.83, 2.59, 2.46, 2.84, 2.38, 2.9, 2.58, 3.01, 2.73, 2.6, 2.3, 2.24, 3.03, 5.76, 8.035, 9.856, 10.857, 10.725, 10.769, 10.581, 10.603, 11.245, 11.896], [4.798, 3.937, 3.631, 4.258, 3.878, 2.13, 3.16, 4.62, 6.44, 6.33, 4.95, 5.08, 5.51, 2.76, 1.25, 1.04, 0.88, 0, 1.41, 1.41, 1.47, 1.79, 1.75, 1.89, 2.06, 2.28, 1.98, 1.8, 1.97, 2.07, 2.761, 2.731, 2.471, 2.54, 3.653, 3.973, 4.156, 3.906, 3.416, 3.609, 3.609, 4.239, 4.358, 3.318, 2.65, 2.56, 2.32, 2.38, 2.5, 2.28, 2.89, 3.41, 3.68, 4.05, 3.7, 3.33, 3.47, 3.62, 3.97, 4.0, 3.45, 3.21, 2.56, 2.59, 2.33, 2.58, 3.1, 2.36, 2.6, 2.22, 2.59, 2.37, 2.3, 2.24, 2.34, 3.35, 6.049, 8.309, 10.138, 11.18, 11.039, 11.075, 10.886, 10.92, 11.536, 12.205], [5.311, 4.634, 4.474, 5.04, 4.58, 2.58, 2.47, 3.95, 5.87, 5.8, 4.24, 4.45, 4.94, 2.47, 1.76, 1.91, 1.75, 1.41, 0, 0.96, 1.42, 1.22, 1.26, 1.22, 1.23, 1.57, 2.17, 2.25, 2.42, 2.86, 3.444, 3.358, 3.088, 2.85, 4.111, 4.677, 4.703, 4.453, 4.011, 4.184, 4.173, 5.043, 5.085, 4.343, 3.241, 2.95, 2.39, 2.25, 2.21, 2.23, 3.179, 3.6, 3.45, 3.5, 2.95, 2.62, 2.86, 2.97, 2.9, 2.95, 2.48, 2.24, 1.73, 1.92, 2.12, 2.99, 3.65, 2.23, 1.85, 1.79, 2.06, 1.9, 2.07, 2.55, 2.69, 3.836, 6.582, 8.924, 10.731, 11.765, 11.603, 11.622, 11.433, 11.477, 12.104, 12.828], [5.237, 4.617, 4.28, 4.86, 4.48, 2.52, 2.77, 4.09, 5.99, 5.92, 4.34, 4.57, 5.12, 2.33, 1.8, 2.17, 1.81, 1.41, 0.96, 0, 1.06, 1.1, 1.42, 1.72, 1.49, 1.59, 1.93, 2.11, 2.38, 2.9, 3.307, 3.157, 2.851, 2.589, 3.963, 4.52, 4.606, 4.276, 3.848, 4.121, 4.204, 4.885, 5.111, 4.291, 3.03, 2.69, 2.11, 2.03, 1.83, 2.07, 2.908, 3.34, 3.17, 3.2, 2.67, 2.16, 2.48, 2.67, 2.72, 2.69, 2.32, 2.28, 1.95, 1.5, 1.72, 2.79, 3.45, 2.05, 1.81, 1.67, 2.02, 1.76, 1.65, 2.23, 2.45, 3.599, 6.44, 8.8, 10.603, 11.602, 11.421, 11.454, 11.251, 11.288, 11.909, 12.598], [5.251, 4.545, 4.245, 4.82, 4.52, 3.02, 2.91, 4.07, 5.95, 5.82, 4.26, 4.47, 5.06, 2.33, 2.22, 2.19, 1.87, 1.47, 1.42, 1.06, 0, 0.82, 1.38, 1.66, 1.71, 1.43, 1.93, 1.97, 2.24, 2.78, 3.27, 3.237, 2.801, 2.518, 3.812, 4.403, 4.555, 4.242, 3.808, 4.081, 4.207, 4.728, 4.994, 4.114, 2.933, 2.546, 1.95, 2.23, 2.11, 2.25, 2.845, 3.28, 2.95, 2.86, 2.31, 1.98, 2.2, 2.37, 2.6, 2.57, 2.04, 2.06, 2.01, 1.9, 1.78, 2.77, 3.43, 2.03, 1.73, 1.33, 1.62, 1.38, 1.57, 2.09, 2.57, 3.68, 6.402, 8.702, 10.529, 11.548, 11.395, 11.428, 11.234, 11.277, 11.904, 12.567], [5.354, 4.63, 4.451, 5.015, 4.56, 2.9, 2.63, 3.85, 5.79, 5.7, 4.1, 4.35, 4.88, 2.23, 2.36, 2.59, 2.19, 1.79, 1.22, 1.1, 0.82, 0, 1.04, 1.38, 1.49, 1.45, 2.21, 2.29, 2.48, 2.98, 3.444, 3.425, 3.105, 2.738, 4.148, 4.714, 4.715, 4.485, 4.068, 4.301, 4.307, 5.043, 5.171, 4.431, 3.25, 2.806, 2.15, 2.13, 2.09, 2.31, 3.105, 3.425, 3.05, 2.84, 2.21, 1.84, 2.14, 2.27, 2.34, 2.35, 1.94, 1.76, 1.83, 1.88, 1.84, 3.03, 3.69, 2.01, 1.45, 1.09, 1.38, 1.16, 1.59, 2.39, 2.69, 3.827, 6.66, 9.041, 10.808, 11.796, 11.649, 11.67, 11.485, 11.545, 12.147, 12.865], [5.343, 4.645, 4.525, 5.032, 4.532, 2.8, 2.23, 3.83, 5.83, 5.74, 4.02, 4.27, 4.92, 2.39, 2.12, 2.31, 2.21, 1.75, 1.26, 1.42, 1.38, 1.04, 0, 0.9, 1.27, 1.49, 2.25, 2.45, 2.5, 2.94, 3.495, 3.365, 3.19, 2.769, 4.168, 4.708, 4.666, 4.456, 4.108, 4.244, 4.161, 5.034, 5.014, 4.237, 3.278, 2.87, 2.19, 1.99, 2.07, 2.21, 3.088, 3.44, 3.27, 3.0, 2.39, 2.12, 2.4, 2.43, 2.62, 2.65, 2.16, 1.86, 1.63, 2.12, 1.98, 2.99, 3.63, 2.01, 1.71, 1.35, 1.56, 1.52, 1.87, 2.53, 2.67, 3.8, 6.603, 8.99, 10.778, 11.768, 11.638, 11.625, 11.457, 11.5, 12.125, 12.868], [5.771, 4.985, 4.885, 5.432, 4.932, 2.94, 1.81, 3.45, 5.41, 5.26, 3.7, 3.87, 4.44, 2.31, 2.14, 2.31, 2.21, 1.89, 1.22, 1.72, 1.66, 1.38, 0.9, 0, 0.99, 1.73, 2.65, 2.61, 2.76, 3.192, 3.892, 3.83, 3.57, 3.17, 4.525, 5.068, 5.086, 4.856, 4.488, 4.621, 4.541, 5.394, 5.363, 4.6, 3.655, 3.27, 2.71, 2.37, 2.39, 2.55, 3.52, 3.9, 3.91, 3.62, 2.95, 2.64, 2.94, 3.05, 2.9, 2.87, 2.52, 2.08, 1.57, 2.4, 2.56, 3.43, 4.05, 2.51, 1.65, 1.79, 2.1, 2.02, 2.49, 3.11, 3.19, 4.279, 7.011, 9.352, 11.167, 12.153, 12.009, 12.03, 11.842, 11.902, 12.532, 13.253], [5.987, 5.301, 4.961, 5.585, 5.108, 2.91, 2.04, 3.48, 5.12, 5.15, 3.59, 3.86, 4.43, 2.56, 2.23, 2.52, 2.34, 2.06, 1.23, 1.49, 1.71, 1.49, 1.27, 0.99, 0, 1.7, 2.68, 2.82, 2.99, 3.288, 3.968, 3.955, 3.6, 3.214, 4.414, 4.984, 5.057, 4.836, 4.346, 4.514, 4.459, 5.31, 5.335, 4.65, 3.651, 3.22, 2.76, 2.52, 2.2, 2.64, 3.547, 3.93, 3.74, 3.45, 2.84, 2.59, 2.89, 3.0, 2.75, 2.76, 2.45, 1.85, 1.5, 2.23, 2.45, 3.38, 4.0, 2.5, 1.32, 1.72, 1.97, 1.89, 2.38, 2.98, 3.06, 4.23, 7.164, 9.488, 11.185, 12.176, 11.997, 12.036, 11.845, 11.882, 12.5, 13.202], [4.69, 4.26, 4.32, 4.67, 4.37, 2.71, 2.82, 4.74, 6.6, 6.51, 4.79, 5.08, 5.77, 3.24, 2.85, 3.02, 2.6, 2.28, 1.57, 1.59, 1.43, 1.45, 1.49, 1.73, 1.7, 0, 1.32, 1.98, 2.09, 2.95, 3.16, 2.98, 2.7, 2.08, 3.695, 4.213, 3.938, 3.757, 3.578, 3.891, 3.934, 4.578, 5.024, 4.244, 2.923, 2.2, 1.46, 1.5, 1.22, 1.46, 2.07, 2.51, 2.26, 2.45, 2.04, 1.81, 2.23, 2.38, 2.37, 2.26, 1.75, 1.89, 1.92, 1.67, 1.65, 2.24, 2.66, 1.48, 2.02, 1.6, 1.81, 1.61, 1.4, 1.84, 2.0, 2.91, 5.868, 8.267, 9.942, 10.927, 10.692, 10.679, 10.545, 10.613, 11.254, 12.019], [3.81, 3.58, 3.62, 3.97, 3.65, 2.63, 3.72, 5.78, 7.64, 7.55, 5.83, 6.12, 6.83, 4.02, 2.75, 2.54, 2.18, 1.98, 2.17, 1.93, 1.93, 2.21, 2.25, 2.65, 2.68, 1.32, 0, 1.14, 1.47, 2.25, 2.33, 2.06, 1.68, 1.52, 2.78, 3.32, 3.14, 2.794, 2.804, 3.11, 3.23, 3.747, 4.287, 3.52, 2.03, 1.4, 1.14, 1.46, 1.44, 1.2, 1.43, 1.77, 2.02, 2.63, 2.46, 2.43, 2.87, 3.12, 3.29, 3.1, 2.65, 2.93, 2.9, 1.95, 1.59, 1.6, 2.02, 1.5, 3.06, 2.38, 2.51, 2.23, 1.42, 1.36, 1.34, 1.89, 4.728, 7.151, 8.876, 9.861, 9.649, 9.642, 9.471, 9.55, 10.162, 10.95], [3.53, 3.0, 2.82, 3.25, 2.89, 2.35, 4.06, 5.9, 7.66, 7.53, 5.99, 6.18, 6.83, 4.04, 2.37, 2.02, 1.74, 1.8, 2.25, 2.11, 1.97, 2.29, 2.45, 2.61, 2.82, 1.98, 1.14, 0, 0.85, 1.35, 1.69, 1.52, 1.26, 1.34, 2.08, 2.68, 2.8, 2.47, 2.14, 2.43, 2.57, 3.06, 3.44, 2.66, 1.37, 1.2, 1.3, 1.64, 1.92, 1.64, 1.71, 2.21, 2.92, 3.59, 3.38, 3.29, 3.63, 3.74, 4.03, 3.92, 3.45, 3.55, 3.3, 2.57, 2.03, 1.5, 1.9, 1.78, 3.26, 2.64, 2.81, 2.41, 1.98, 1.6, 1.56, 2.15, 4.584, 6.928, 8.692, 9.684, 9.522, 9.55, 9.373, 9.416, 10.052, 10.721], [3.22, 2.65, 2.61, 3.04, 2.64, 2.38, 4.33, 6.11, 7.99, 7.84, 6.26, 6.43, 7.08, 4.273, 2.82, 2.35, 2.05, 1.97, 2.42, 2.38, 2.24, 2.48, 2.5, 2.76, 2.99, 2.09, 1.47, 0.85, 0, 1.28, 1.52, 1.53, 1.45, 1.13, 2.05, 2.53, 2.57, 2.26, 1.97, 2.32, 2.42, 2.93, 3.25, 2.49, 1.42, 1.37, 1.53, 2.03, 2.01, 1.63, 1.78, 2.34, 2.99, 3.68, 3.55, 3.52, 3.82, 3.83, 4.24, 4.13, 3.62, 3.68, 3.57, 2.76, 2.12, 1.67, 1.81, 2.01, 3.55, 2.91, 2.94, 2.58, 2.09, 1.75, 1.81, 2.14, 4.328, 6.616, 8.455, 9.468, 9.306, 9.322, 9.137, 9.183, 9.833, 10.576], [3.06, 2.31, 2.01, 2.52, 2.16, 2.1, 4.533, 6.319, 8.067, 8.006, 6.377, 6.644, 7.248, 4.482, 2.563, 2.03, 1.79, 2.07, 2.86, 2.9, 2.78, 2.98, 2.94, 3.192, 3.288, 2.95, 2.25, 1.35, 1.28, 0, 1.16, 1.35, 1.33, 2.05, 2.21, 2.19, 2.39, 2.06, 1.67, 1.84, 1.8, 2.41, 2.45, 1.63, 1.56, 2.05, 2.35, 2.57, 2.69, 2.29, 2.32, 2.96, 3.91, 4.6, 4.47, 4.32, 4.56, 4.57, 5.04, 5.01, 4.48, 4.28, 3.85, 3.58, 3.06, 2.09, 1.93, 2.65, 3.83, 3.27, 3.44, 3.08, 2.93, 2.39, 2.23, 2.02, 4.128, 6.443, 8.207, 9.223, 9.081, 9.123, 8.938, 8.972, 9.59, 10.253], [2.38, 1.85, 1.65, 1.88, 1.58, 2.32, 4.896, 6.929, 8.907, 8.854, 7.057, 7.347, 8.051, 5.244, 3.334, 2.778, 2.504, 2.761, 3.444, 3.307, 3.27, 3.444, 3.495, 3.892, 3.968, 3.16, 2.33, 1.69, 1.52, 1.16, 0, 0.77, 0.97, 1.67, 1.79, 1.69, 1.95, 1.62, 1.35, 1.44, 1.58, 1.85, 2.27, 1.55, 1.14, 1.75, 2.37, 2.67, 2.87, 2.59, 2.22, 2.64, 3.65, 4.38, 4.35, 4.433, 4.75, 4.757, 5.17, 5.005, 4.515, 4.558, 4.342, 3.653, 2.88, 1.79, 1.63, 2.563, 4.354, 3.654, 3.764, 3.36, 3.0, 2.45, 2.13, 1.68, 3.48, 5.812, 7.55, 8.566, 8.393, 8.423, 8.232, 8.275, 8.893, 9.538], [2.59, 2.12, 1.94, 2.27, 1.89, 2.45, 4.886, 6.962, 8.937, 8.884, 7.087, 7.377, 8.081, 5.274, 3.384, 2.86, 2.594, 2.731, 3.358, 3.157, 3.237, 3.425, 3.365, 3.83, 3.955, 2.98, 2.06, 1.52, 1.53, 1.35, 0.77, 0, 0.84, 1.56, 2.0, 1.98, 2.14, 1.71, 1.62, 1.73, 1.85, 2.22, 2.64, 2.02, 1.35, 1.64, 2.08, 2.46, 2.72, 2.44, 2.13, 2.45, 3.32, 3.99, 3.94, 4.157, 4.477, 4.52, 4.897, 4.71, 4.217, 4.425, 4.229, 3.36, 2.65, 1.74, 1.5, 2.38, 4.323, 3.569, 3.625, 3.239, 2.72, 2.2, 1.9, 1.47, 3.47, 5.851, 7.569, 8.576, 8.383, 8.405, 8.213, 8.262, 8.898, 9.534], [2.95, 2.54, 2.34, 2.61, 2.33, 2.45, 4.66, 6.679, 8.557, 8.504, 6.719, 7.017, 7.721, 4.874, 3.064, 2.6, 2.26, 2.471, 3.088, 2.851, 2.801, 3.105, 3.19, 3.57, 3.6, 2.7, 1.68, 1.26, 1.45, 1.33, 0.97, 0.84, 0, 1.42, 1.86, 1.98, 2.12, 1.75, 1.56, 1.73, 1.97, 2.44, 2.9, 2.14, 1.25, 1.3, 1.96, 2.32, 2.58, 2.3, 1.99, 2.19, 3.02, 3.67, 3.56, 3.837, 4.194, 4.261, 4.614, 4.424, 3.971, 4.148, 3.912, 3.02, 2.29, 1.48, 1.48, 2.16, 3.934, 3.209, 3.325, 2.87, 2.4, 1.88, 1.68, 1.63, 3.747, 6.108, 7.829, 8.865, 8.701, 8.705, 8.513, 8.568, 9.184, 9.829], [3.41, 3.18, 3.1, 3.21, 2.83, 2.69, 3.94, 6.359, 8.194, 8.178, 6.361, 6.685, 7.398, 4.585, 3.39, 3.02, 2.64, 2.54, 2.85, 2.589, 2.518, 2.738, 2.769, 3.17, 3.214, 2.08, 1.52, 1.34, 1.13, 2.05, 1.67, 1.56, 1.42, 0, 1.98, 2.48, 2.48, 2.27, 2.02, 2.29, 2.55, 3.08, 3.46, 2.8, 1.27, 0.84, 1.22, 1.78, 1.66, 1.54, 1.43, 1.65, 2.16, 2.89, 2.82, 2.983, 3.28, 3.347, 3.72, 3.553, 3.083, 3.265, 3.092, 2.35, 1.49, 1.3, 1.58, 1.68, 3.563, 2.666, 2.685, 2.416, 1.82, 1.48, 1.54, 1.97, 4.35, 6.811, 8.424, 9.209, 9.071, 9.066, 8.878, 8.955, 9.611, 10.17], [2.41, 2.46, 2.38, 2.23, 2.09, 3.33, 5.629, 7.725, 9.457, 9.481, 7.712, 8.062, 8.766, 5.919, 4.072, 3.84, 3.54, 3.653, 4.111, 3.963, 3.812, 4.148, 4.168, 4.525, 4.414, 3.695, 2.78, 2.08, 2.05, 2.21, 1.79, 2.0, 1.86, 1.98, 0, 1.1, 1.34, 1.35, 1.12, 1.25, 1.57, 1.8, 2.0, 1.76, 1.27, 1.96, 2.7, 3.06, 3.16, 2.9, 2.45, 2.91, 3.82, 4.55, 4.46, 4.608, 4.937, 4.984, 5.357, 5.218, 4.768, 4.871, 4.689, 3.85, 2.957, 1.82, 1.98, 2.898, 4.886, 4.006, 4.074, 3.754, 3.133, 2.72, 2.44, 2.35, 3.09, 5.342, 6.986, 7.857, 7.684, 7.726, 7.514, 7.56, 8.182, 8.833], [2.13, 1.94, 1.88, 1.63, 1.73, 3.33, 6.049, 8.225, 9.957, 9.981, 8.212, 8.542, 9.266, 6.419, 4.452, 4.079, 3.722, 3.973, 4.677, 4.52, 4.403, 4.714, 4.708, 5.068, 4.984, 4.213, 3.32, 2.68, 2.53, 2.19, 1.69, 1.98, 1.98, 2.48, 1.1, 0, 0.86, 1.13, 0.98, 1.05, 1.35, 1.16, 1.48, 1.4, 1.69, 2.36, 3.36, 3.68, 3.78, 3.52, 3.11, 3.45, 4.3, 5.07, 5.02, 5.225, 5.543, 5.55, 5.963, 5.795, 5.305, 5.371, 5.135, 4.445, 3.583, 2.333, 2.34, 3.415, 5.388, 4.507, 4.637, 4.254, 3.833, 3.26, 2.92, 2.33, 2.61, 4.83, 6.469, 7.329, 7.176, 7.206, 6.994, 7.04, 7.665, 8.31], [1.81, 1.98, 2.16, 1.67, 1.91, 3.55, 6.189, 8.388, 10.12, 10.144, 8.375, 8.705, 9.429, 6.602, 4.635, 4.222, 3.885, 4.156, 4.703, 4.606, 4.555, 4.715, 4.666, 5.086, 5.057, 3.938, 3.14, 2.8, 2.57, 2.39, 1.95, 2.14, 2.12, 2.48, 1.34, 0.86, 0, 0.79, 0.98, 1.05, 1.39, 1.26, 1.64, 1.56, 1.89, 2.46, 3.22, 3.58, 3.6, 3.3, 2.93, 3.27, 4.2, 4.83, 4.82, 4.928, 5.265, 5.313, 5.705, 5.498, 5.008, 5.228, 5.212, 4.328, 3.463, 2.176, 2.06, 3.238, 5.56, 4.666, 4.66, 4.373, 3.695, 3.035, 2.638, 2.17, 2.55, 4.84, 6.41, 7.281, 7.03, 7.086, 6.903, 6.972, 7.529, 8.247], [1.66, 1.65, 1.81, 1.7, 1.66, 3.26, 5.979, 8.158, 9.87, 9.874, 8.125, 8.455, 9.179, 6.366, 4.396, 3.932, 3.595, 3.906, 4.453, 4.276, 4.242, 4.485, 4.456, 4.856, 4.836, 3.757, 2.794, 2.47, 2.26, 2.06, 1.62, 1.71, 1.75, 2.27, 1.35, 1.13, 0.79, 0, 0.89, 1.0, 1.18, 1.31, 1.75, 1.47, 1.74, 2.27, 2.97, 3.37, 3.29, 3.01, 2.62, 3.0, 3.97, 4.68, 4.617, 4.778, 5.13, 5.197, 5.55, 5.371, 4.941, 5.161, 5.082, 4.018, 3.216, 2.072, 1.77, 3.048, 5.33, 4.456, 4.472, 4.143, 3.365, 2.763, 2.431, 1.76, 2.62, 4.83, 6.479, 7.396, 7.223, 7.261, 7.061, 7.104, 7.715, 8.433], [2.09, 1.92, 1.76, 1.65, 1.57, 3.13, 5.572, 7.628, 9.383, 9.35, 7.633, 7.943, 8.649, 5.86, 3.91, 3.542, 3.22, 3.416, 4.011, 3.848, 3.808, 4.068, 4.108, 4.488, 4.346, 3.578, 2.804, 2.14, 1.97, 1.67, 1.35, 1.62, 1.56, 2.02, 1.12, 0.98, 0.98, 0.89, 0, 0.69, 1.03, 1.4, 1.7, 1.22, 1.29, 2.1, 2.78, 3.14, 3.1, 2.84, 2.51, 3.01, 3.98, 4.71, 4.65, 4.751, 5.025, 5.033, 5.445, 5.341, 4.851, 4.931, 4.758, 3.971, 3.103, 1.9, 2.0, 2.901, 4.849, 4.049, 4.111, 3.688, 3.278, 2.761, 2.46, 2.09, 3.05, 5.259, 6.926, 7.891, 7.756, 7.748, 7.551, 7.612, 8.235, 8.887], [2.02, 1.95, 1.83, 1.72, 1.56, 3.16, 5.665, 7.781, 9.573, 9.557, 7.78, 8.098, 8.837, 5.975, 4.028, 3.555, 3.331, 3.609, 4.184, 4.121, 4.081, 4.301, 4.244, 4.621, 4.514, 3.891, 3.11, 2.43, 2.32, 1.84, 1.44, 1.73, 1.73, 2.29, 1.25, 1.05, 1.05, 1.0, 0.69, 0, 0.64, 1.19, 1.37, 0.97, 1.54, 2.29, 2.95, 3.31, 3.39, 3.11, 2.86, 3.28, 4.25, 5.02, 4.93, 4.984, 5.241, 5.228, 5.661, 5.574, 5.084, 5.058, 4.791, 4.204, 3.333, 2.135, 2.11, 3.114, 5.051, 4.168, 4.215, 3.798, 3.531, 2.974, 2.71, 2.26, 2.86, 5.178, 6.822, 7.764, 7.614, 7.621, 7.439, 7.496, 8.109, 8.739], [2.0, 1.83, 1.83, 1.88, 1.5, 3.22, 5.665, 7.741, 9.533, 9.517, 7.769, 8.058, 8.797, 5.935, 3.968, 3.475, 3.291, 3.609, 4.173, 4.204, 4.207, 4.307, 4.161, 4.541, 4.459, 3.934, 3.23, 2.57, 2.42, 1.8, 1.58, 1.85, 1.97, 2.55, 1.57, 1.35, 1.39, 1.18, 1.03, 0.64, 0, 1.29, 1.33, 1.05, 1.88, 2.59, 3.07, 3.39, 3.37, 3.09, 2.94, 3.52, 4.51, 5.26, 5.19, 5.124, 5.324, 5.291, 5.747, 5.737, 5.247, 5.047, 4.828, 4.367, 3.593, 2.35, 2.37, 3.317, 5.111, 4.288, 4.284, 3.97, 3.617, 3.117, 2.883, 2.42, 2.84, 5.164, 6.822, 7.792, 7.625, 7.649, 7.467, 7.528, 8.149, 8.806], [1.91, 1.78, 1.74, 1.43, 1.71, 3.51, 6.395, 8.471, 10.223, 10.227, 8.478, 8.788, 9.512, 6.685, 4.718, 4.205, 3.928, 4.239, 5.043, 4.885, 4.728, 5.043, 5.034, 5.394, 5.31, 4.578, 3.747, 3.06, 2.93, 2.41, 1.85, 2.22, 2.44, 3.08, 1.8, 1.16, 1.26, 1.31, 1.4, 1.19, 1.29, 0, 0.96, 1.38, 2.31, 3.06, 3.76, 4.08, 4.12, 3.94, 3.55, 4.11, 5.06, 5.77, 5.713, 5.711, 6.028, 6.035, 6.46, 6.29, 5.791, 5.837, 5.561, 4.931, 4.226, 2.985, 2.776, 3.873, 5.693, 4.873, 5.043, 4.68, 4.298, 3.73, 3.433, 2.59, 2.35, 4.445, 6.104, 7.034, 6.893, 6.905, 6.717, 6.772, 7.39, 8.029], [2.09, 2.02, 1.94, 1.73, 1.69, 3.63, 6.495, 8.451, 10.223, 10.207, 8.499, 8.826, 9.492, 6.685, 4.698, 4.185, 4.041, 4.358, 5.085, 5.111, 4.994, 5.171, 5.014, 5.363, 5.335, 5.024, 4.287, 3.44, 3.25, 2.45, 2.27, 2.64, 2.9, 3.46, 2.0, 1.48, 1.64, 1.75, 1.7, 1.37, 1.33, 0.96, 0, 1.34, 2.65, 3.5, 4.16, 4.44, 4.46, 4.24, 3.99, 4.53, 5.48, 6.27, 6.19, 6.194, 6.411, 6.381, 6.831, 6.787, 6.297, 6.051, 5.693, 5.414, 4.583, 3.288, 3.113, 4.327, 5.901, 5.158, 5.245, 4.86, 4.681, 4.164, 3.87, 3.07, 2.59, 4.476, 6.103, 7.04, 6.892, 6.928, 6.74, 6.783, 7.395, 8.049], [2.25, 1.9, 1.78, 1.75, 1.73, 2.91, 5.504, 7.524, 9.166, 9.113, 7.428, 7.646, 8.37, 5.523, 3.591, 3.121, 2.961, 3.318, 4.343, 4.291, 4.114, 4.431, 4.237, 4.6, 4.65, 4.244, 3.52, 2.66, 2.49, 1.63, 1.55, 2.02, 2.14, 2.8, 1.76, 1.4, 1.56, 1.47, 1.22, 0.97, 1.05, 1.38, 1.34, 0, 1.85, 2.84, 3.38, 3.64, 3.8, 3.5, 3.27, 3.83, 4.82, 5.61, 5.533, 5.514, 5.751, 5.721, 6.171, 6.107, 5.617, 5.391, 4.95, 4.734, 3.943, 2.685, 2.62, 3.667, 5.081, 4.418, 4.585, 4.16, 4.021, 3.484, 3.23, 2.73, 3.21, 5.459, 7.175, 8.203, 8.066, 8.071, 7.882, 7.945, 8.538, 9.189], [2.92, 2.53, 2.19, 2.46, 2.12, 2.52, 4.659, 6.712, 8.63, 8.577, 6.809, 7.09, 7.774, 4.947, 3.16, 2.89, 2.59, 2.65, 3.241, 3.03, 2.933, 3.25, 3.278, 3.655, 3.651, 2.923, 2.03, 1.37, 1.42, 1.56, 1.14, 1.35, 1.25, 1.27, 1.27, 1.69, 1.89, 1.74, 1.29, 1.54, 1.88, 2.31, 2.65, 1.85, 0, 1.17, 1.95, 2.29, 2.55, 2.25, 1.9, 2.18, 3.17, 3.94, 3.87, 4.035, 4.353, 4.38, 4.773, 4.605, 4.135, 4.221, 4.005, 3.3, 2.393, 1.51, 1.75, 2.185, 4.06, 3.32, 3.398, 3.004, 2.623, 2.17, 1.95, 2.06, 3.82, 6.183, 7.893, 8.844, 8.703, 8.689, 8.498, 8.57, 9.185, 9.802], [3.47, 3.22, 3.18, 3.31, 2.93, 2.69, 4.06, 6.439, 8.214, 8.19, 6.444, 6.774, 7.481, 4.633, 3.25, 2.98, 2.54, 2.56, 2.95, 2.69, 2.546, 2.806, 2.87, 3.27, 3.22, 2.2, 1.4, 1.2, 1.37, 2.05, 1.75, 1.64, 1.3, 0.84, 1.96, 2.36, 2.46, 2.27, 2.1, 2.29, 2.59, 3.06, 3.5, 2.84, 1.17, 0, 1.18, 1.52, 1.82, 1.52, 1.47, 1.45, 2.08, 2.87, 2.8, 3.05, 3.39, 3.458, 3.85, 3.64, 3.15, 3.325, 3.14, 2.35, 1.59, 1.32, 1.58, 1.42, 3.58, 2.683, 2.742, 2.468, 1.84, 1.34, 1.46, 2.05, 4.33, 6.742, 8.315, 9.126, 9.003, 8.989, 8.792, 8.867, 9.517, 10.119], [3.81, 3.56, 3.58, 3.87, 3.43, 2.79, 3.52, 5.719, 7.634, 7.57, 5.784, 6.074, 6.818, 3.951, 2.97, 2.78, 2.4, 2.32, 2.39, 2.11, 1.95, 2.15, 2.19, 2.71, 2.76, 1.46, 1.14, 1.3, 1.53, 2.35, 2.37, 2.08, 1.96, 1.22, 2.7, 3.36, 3.22, 2.97, 2.78, 2.95, 3.07, 3.76, 4.16, 3.38, 1.95, 1.18, 0, 0.94, 1.28, 1.04, 1.29, 1.65, 2.06, 2.59, 2.42, 2.31, 2.59, 2.76, 3.05, 2.92, 2.43, 2.53, 2.58, 1.89, 1.41, 1.58, 1.94, 1.3, 3.0, 2.14, 2.27, 2.05, 1.32, 1.14, 1.42, 2.27, 5.03, 7.477, 9.09, 9.878, 9.748, 9.72, 9.535, 9.676, 10.323, 10.897], [4.17, 3.9, 3.9, 4.19, 3.73, 2.41, 3.2, 5.456, 7.391, 7.33, 5.541, 5.831, 6.555, 3.76, 2.79, 2.88, 2.5, 2.38, 2.25, 2.03, 2.23, 2.13, 1.99, 2.37, 2.52, 1.5, 1.46, 1.64, 2.03, 2.57, 2.67, 2.46, 2.32, 1.78, 3.06, 3.68, 3.58, 3.37, 3.14, 3.31, 3.39, 4.08, 4.44, 3.64, 2.29, 1.52, 0.94, 0, 1.2, 1.06, 1.47, 1.89, 2.32, 2.67, 2.56, 2.25, 2.55, 2.76, 3.05, 2.9, 2.33, 2.33, 2.36, 2.05, 1.77, 2.12, 2.4, 1.42, 2.817, 2.0, 2.25, 2.11, 1.62, 1.7, 1.88, 2.55, 5.43, 7.889, 9.485, 10.15, 10.017, 9.975, 9.795, 9.988, 10.638, 11.284], [4.31, 4.06, 4.02, 4.33, 3.83, 2.43, 3.14, 5.376, 7.131, 7.092, 5.367, 5.691, 6.398, 3.66, 2.91, 3.02, 2.62, 2.5, 2.21, 1.83, 2.11, 2.09, 2.07, 2.39, 2.2, 1.22, 1.44, 1.92, 2.01, 2.69, 2.87, 2.72, 2.58, 1.66, 3.16, 3.78, 3.6, 3.29, 3.1, 3.39, 3.37, 4.12, 4.46, 3.8, 2.55, 1.82, 1.28, 1.2, 0, 0.9, 1.51, 2.15, 2.2, 2.63, 2.48, 2.13, 2.51, 2.82, 2.83, 2.8, 2.43, 2.47, 2.28, 1.91, 1.73, 2.14, 2.4, 1.6, 2.68, 2.04, 2.21, 2.15, 1.54, 1.76, 1.78, 2.57, 5.33, 7.791, 9.348, 10.235, 10.018, 10.014, 9.837, 9.928, 10.563, 11.254], [3.79, 3.56, 3.6, 3.91, 3.49, 2.39, 3.52, 5.748, 7.614, 7.518, 5.807, 6.091, 6.795, 3.988, 2.89, 2.74, 2.32, 2.28, 2.23, 2.07, 2.25, 2.31, 2.21, 2.55, 2.64, 1.46, 1.2, 1.64, 1.63, 2.29, 2.59, 2.44, 2.3, 1.54, 2.9, 3.52, 3.3, 3.01, 2.84, 3.11, 3.09, 3.94, 4.24, 3.5, 2.25, 1.52, 1.04, 1.06, 0.9, 0, 1.29, 1.81, 2.24, 2.83, 2.76, 2.43, 2.75, 3.0, 3.25, 3.12, 2.67, 2.69, 2.58, 2.07, 1.77, 1.86, 2.1, 1.48, 3.1, 2.32, 2.53, 2.43, 1.64, 1.52, 1.66, 2.25, 4.97, 7.428, 9.065, 9.869, 9.687, 9.662, 9.506, 9.611, 10.298, 10.955], [3.52, 3.37, 3.35, 3.66, 3.28, 3.04, 4.276, 6.709, 8.524, 8.485, 6.694, 7.024, 7.745, 4.932, 3.56, 3.23, 2.91, 2.89, 3.179, 2.908, 2.845, 3.105, 3.088, 3.52, 3.547, 2.07, 1.43, 1.71, 1.78, 2.32, 2.22, 2.13, 1.99, 1.43, 2.45, 3.11, 2.93, 2.62, 2.51, 2.86, 2.94, 3.55, 3.99, 3.27, 1.9, 1.47, 1.29, 1.47, 1.51, 1.29, 0, 1.12, 1.95, 2.62, 2.97, 2.88, 3.209, 3.51, 3.812, 3.51, 2.92, 3.24, 3.307, 2.48, 2.0, 1.63, 1.57, 1.77, 3.91, 3.053, 3.1, 2.9, 1.91, 1.59, 1.63, 1.92, 4.5, 7.027, 8.546, 9.009, 8.795, 8.779, 8.585, 8.843, 9.46, 10.1], [4.08, 4.05, 4.01, 4.16, 3.8, 3.52, 4.75, 7.062, 8.881, 8.845, 7.048, 7.372, 8.105, 5.277, 3.88, 3.75, 3.29, 3.41, 3.6, 3.34, 3.28, 3.425, 3.44, 3.9, 3.93, 2.51, 1.77, 2.21, 2.34, 2.96, 2.64, 2.45, 2.19, 1.65, 2.91, 3.45, 3.27, 3.0, 3.01, 3.28, 3.52, 4.11, 4.53, 3.83, 2.18, 1.45, 1.65, 1.89, 2.15, 1.81, 1.12, 0, 1.29, 2.08, 2.79, 3.169, 3.549, 3.819, 4.092, 3.722, 3.16, 3.517, 3.75, 2.82, 2.08, 1.87, 1.93, 1.85, 4.264, 3.373, 3.383, 3.123, 2.23, 1.91, 1.75, 2.08, 4.7, 7.213, 8.698, 9.141, 8.758, 8.538, 8.444, 8.824, 9.426, 10.086], [5.11, 5.1, 5.08, 5.21, 4.83, 4.09, 4.5, 6.526, 8.308, 8.272, 6.535, 6.853, 7.578, 4.791, 4.45, 4.42, 3.96, 3.68, 3.45, 3.17, 2.95, 3.05, 3.27, 3.91, 3.74, 2.26, 2.02, 2.92, 2.99, 3.91, 3.65, 3.32, 3.02, 2.16, 3.82, 4.3, 4.2, 3.97, 3.98, 4.25, 4.51, 5.06, 5.48, 4.82, 3.17, 2.08, 2.06, 2.32, 2.2, 2.24, 1.95, 1.29, 0, 1.25, 2.18, 2.59, 2.97, 3.28, 3.499, 3.134, 2.65, 3.01, 3.3, 2.65, 1.91, 2.56, 2.72, 2.12, 3.76, 2.9, 2.85, 2.63, 2.0, 2.14, 2.38, 2.85, 5.49, 7.91, 9.301, 9.763, 9.296, 9.104, 8.99, 9.334, 9.901, 10.608], [5.82, 5.73, 5.71, 5.94, 5.62, 4.56, 4.15, 5.646, 7.358, 7.342, 5.593, 5.923, 6.648, 4.33, 4.74, 4.83, 4.39, 4.05, 3.5, 3.2, 2.86, 2.84, 3.0, 3.62, 3.45, 2.45, 2.63, 3.59, 3.68, 4.6, 4.38, 3.99, 3.67, 2.89, 4.55, 5.07, 4.83, 4.68, 4.71, 5.02, 5.26, 5.77, 6.27, 5.61, 3.94, 2.87, 2.59, 2.67, 2.63, 2.83, 2.62, 2.08, 1.25, 0, 1.37, 1.92, 2.06, 2.47, 2.62, 2.27, 1.72, 2.26, 2.85, 2.42, 2.1, 3.13, 3.31, 2.41, 3.01, 2.53, 2.24, 2.28, 2.13, 2.47, 2.69, 3.42, 6.4, 8.858, 10.27, 10.713, 10.186, 10.085, 9.896, 10.271, 10.755, 11.389], [5.91, 5.72, 5.68, 5.93, 5.59, 4.25, 3.4, 4.66, 6.36, 6.35, 4.61, 4.94, 5.67, 3.54, 4.21, 4.44, 4.02, 3.7, 2.95, 2.67, 2.31, 2.21, 2.39, 2.95, 2.84, 2.04, 2.46, 3.38, 3.55, 4.47, 4.35, 3.94, 3.56, 2.82, 4.46, 5.02, 4.82, 4.617, 4.65, 4.93, 5.19, 5.713, 6.19, 5.533, 3.87, 2.8, 2.42, 2.56, 2.48, 2.76, 2.97, 2.79, 2.18, 1.37, 0, 1.03, 1.31, 1.6, 1.57, 1.38, 1.23, 1.65, 2.24, 1.81, 1.79, 3.04, 3.38, 2.14, 2.2, 1.74, 1.63, 1.73, 1.76, 2.26, 2.44, 3.43, 6.57, 9.02, 10.602, 11.268, 10.98, 10.981, 10.747, 10.911, 11.461, 12.041], [5.94, 5.665, 5.665, 6.02, 5.64, 3.88, 3.17, 4.35, 6.07, 6.04, 4.3, 4.61, 5.34, 2.91, 3.66, 3.97, 3.61, 3.33, 2.62, 2.16, 1.98, 1.84, 2.12, 2.64, 2.59, 1.81, 2.43, 3.29, 3.52, 4.32, 4.433, 4.157, 3.837, 2.983, 4.608, 5.225, 4.928, 4.778, 4.751, 4.984, 5.124, 5.711, 6.194, 5.514, 4.035, 3.05, 2.31, 2.25, 2.13, 2.43, 2.88, 3.169, 2.59, 1.92, 1.03, 0, 0.8, 1.11, 1.1, 0.93, 0.94, 1.44, 1.87, 1.52, 1.8, 3.03, 3.35, 1.91, 1.91, 1.31, 1.3, 1.58, 1.59, 2.11, 2.47, 3.6, 6.998, 9.501, 11.0, 11.628, 11.349, 11.423, 11.229, 11.347, 11.909, 12.529], [6.26, 5.96, 5.94, 6.3, 5.88, 4.22, 3.47, 4.19, 5.85, 5.84, 4.1, 4.43, 5.08, 2.85, 3.9, 4.09, 3.73, 3.47, 2.86, 2.48, 2.2, 2.14, 2.4, 2.94, 2.89, 2.23, 2.87, 3.63, 3.82, 4.56, 4.75, 4.477, 4.194, 3.28, 4.937, 5.543, 5.265, 5.13, 5.025, 5.241, 5.324, 6.028, 6.411, 5.751, 4.353, 3.39, 2.59, 2.55, 2.51, 2.75, 3.209, 3.549, 2.97, 2.06, 1.31, 0.8, 0, 0.65, 0.92, 1.13, 1.1, 1.6, 1.97, 1.92, 2.1, 3.31, 3.67, 2.31, 2.13, 1.55, 1.38, 1.82, 1.85, 2.41, 2.91, 4.02, 7.36, 9.864, 11.38, 11.991, 11.772, 11.774, 11.543, 11.73, 12.328, 12.885], [6.328, 6.0, 5.93, 6.31, 5.87, 4.41, 3.6, 3.98, 5.58, 5.63, 3.83, 4.24, 4.79, 2.86, 4.07, 4.26, 3.92, 3.62, 2.97, 2.67, 2.37, 2.27, 2.43, 3.05, 3.0, 2.38, 3.12, 3.74, 3.83, 4.57, 4.757, 4.52, 4.261, 3.347, 4.984, 5.55, 5.313, 5.197, 5.033, 5.228, 5.291, 6.035, 6.381, 5.721, 4.38, 3.458, 2.76, 2.76, 2.82, 3.0, 3.51, 3.819, 3.28, 2.47, 1.6, 1.11, 0.65, 0, 0.93, 1.32, 1.35, 1.75, 2.22, 2.13, 2.27, 3.44, 3.88, 2.44, 2.24, 1.62, 1.35, 1.67, 1.96, 2.56, 3.26, 4.31, 7.519, 10.001, 11.514, 12.19, 11.991, 12.038, 11.85, 11.942, 12.561, 13.225], [6.72, 6.38, 6.37, 6.72, 6.3, 4.5, 3.37, 3.61, 5.29, 5.28, 3.54, 3.87, 4.5, 2.99, 4.22, 4.59, 4.25, 3.97, 2.9, 2.72, 2.6, 2.34, 2.62, 2.9, 2.75, 2.37, 3.29, 4.03, 4.24, 5.04, 5.17, 4.897, 4.614, 3.72, 5.357, 5.963, 5.705, 5.55, 5.445, 5.661, 5.747, 6.46, 6.831, 6.171, 4.773, 3.85, 3.05, 3.05, 2.83, 3.25, 3.812, 4.092, 3.499, 2.62, 1.57, 1.1, 0.92, 0.93, 0, 0.87, 1.26, 1.42, 2.01, 1.86, 2.54, 3.77, 4.13, 2.65, 2.01, 1.87, 1.78, 2.06, 2.27, 2.95, 3.29, 4.48, 7.78, 10.284, 11.8, 12.514, 12.298, 12.296, 12.088, 12.232, 12.83, 13.463], [6.49, 6.28, 6.26, 6.61, 6.23, 4.49, 3.18, 3.96, 5.68, 5.65, 3.89, 4.2, 4.93, 3.22, 4.21, 4.62, 4.28, 4.0, 2.95, 2.69, 2.57, 2.35, 2.65, 2.87, 2.76, 2.26, 3.1, 3.92, 4.13, 5.01, 5.005, 4.71, 4.424, 3.553, 5.218, 5.795, 5.498, 5.371, 5.341, 5.574, 5.737, 6.29, 6.787, 6.107, 4.605, 3.64, 2.92, 2.9, 2.8, 3.12, 3.51, 3.722, 3.134, 2.27, 1.38, 0.93, 1.13, 1.32, 0.87, 0, 0.91, 1.33, 1.8, 1.61, 2.33, 3.62, 3.92, 2.46, 1.98, 1.9, 1.81, 2.05, 2.26, 2.68, 3.06, 4.17, 7.608, 10.111, 11.588, 12.161, 11.902, 11.924, 11.727, 11.934, 12.476, 13.076], [6.04, 5.768, 5.765, 6.12, 5.74, 4.08, 3.05, 4.45, 6.19, 6.16, 4.42, 4.73, 5.48, 3.23, 3.8, 4.11, 3.75, 3.45, 2.48, 2.32, 2.04, 1.94, 2.16, 2.52, 2.45, 1.75, 2.65, 3.45, 3.62, 4.48, 4.515, 4.217, 3.971, 3.083, 4.768, 5.305, 5.008, 4.941, 4.851, 5.084, 5.247, 5.791, 6.297, 5.617, 4.135, 3.15, 2.43, 2.33, 2.43, 2.67, 2.92, 3.16, 2.65, 1.72, 1.23, 0.94, 1.1, 1.35, 1.26, 0.91, 0, 0.92, 1.57, 1.42, 1.88, 3.15, 3.51, 2.01, 1.85, 1.61, 1.6, 1.74, 1.81, 2.25, 2.69, 3.72, 7.178, 9.677, 11.152, 11.61, 11.387, 11.374, 11.178, 11.492, 12.012, 12.603], [6.169, 5.768, 5.748, 6.135, 5.6, 3.76, 2.47, 3.95, 5.69, 5.68, 3.92, 4.25, 5.0, 3.11, 3.5, 3.87, 3.51, 3.21, 2.24, 2.28, 2.06, 1.76, 1.86, 2.08, 1.85, 1.89, 2.93, 3.55, 3.68, 4.28, 4.558, 4.425, 4.148, 3.265, 4.871, 5.371, 5.228, 5.161, 4.931, 5.058, 5.047, 5.837, 6.051, 5.391, 4.221, 3.325, 2.53, 2.33, 2.47, 2.69, 3.24, 3.517, 3.01, 2.26, 1.65, 1.44, 1.6, 1.75, 1.42, 1.33, 0.92, 0, 1.09, 1.52, 2.1, 3.33, 3.77, 2.21, 1.55, 1.53, 1.66, 1.76, 1.99, 2.43, 2.99, 4.02, 7.469, 9.939, 11.452, 11.909, 11.77, 11.694, 11.504, 11.804, 12.403, 12.972], [6.19, 5.546, 5.432, 5.839, 5.339, 3.11, 1.82, 3.9, 5.58, 5.57, 3.83, 4.14, 4.87, 2.72, 2.69, 3.06, 2.86, 2.56, 1.73, 1.95, 2.01, 1.83, 1.63, 1.57, 1.5, 1.92, 2.9, 3.3, 3.57, 3.85, 4.342, 4.229, 3.912, 3.092, 4.689, 5.135, 5.212, 5.082, 4.758, 4.791, 4.828, 5.561, 5.693, 4.95, 4.005, 3.14, 2.58, 2.36, 2.28, 2.58, 3.307, 3.75, 3.3, 2.85, 2.24, 1.87, 1.97, 2.22, 2.01, 1.8, 1.57, 1.09, 0, 1.49, 2.09, 3.32, 3.8, 2.3, 1.58, 1.56, 1.79, 1.87, 2.2, 2.5, 2.94, 4.11, 7.433, 9.846, 11.419, 12.01, 11.88, 11.79, 11.601, 11.833, 12.464, 12.915], [5.32, 4.905, 4.885, 5.26, 4.86, 3.04, 2.87, 4.85, 6.59, 6.58, 4.82, 5.15, 5.9, 3.31, 2.84, 3.23, 2.83, 2.59, 1.92, 1.5, 1.9, 1.88, 2.12, 2.4, 2.23, 1.67, 1.95, 2.57, 2.76, 3.58, 3.653, 3.36, 3.02, 2.35, 3.85, 4.445, 4.328, 4.018, 3.971, 4.204, 4.367, 4.931, 5.414, 4.734, 3.3, 2.35, 1.89, 2.05, 1.91, 2.07, 2.48, 2.82, 2.65, 2.42, 1.81, 1.52, 1.92, 2.13, 1.86, 1.61, 1.42, 1.52, 1.49, 0, 1.16, 2.43, 2.79, 1.55, 2.27, 1.77, 2.06, 1.96, 1.37, 1.53, 1.87, 3.06, 6.338, 8.779, 10.375, 11.051, 10.801, 10.817, 10.617, 10.797, 11.345, 11.896], [4.6, 4.33, 4.21, 4.46, 4.04, 3.08, 3.35, 5.53, 7.23, 7.26, 5.5, 5.83, 6.56, 3.71, 2.84, 3.03, 2.59, 2.33, 2.12, 1.72, 1.78, 1.84, 1.98, 2.56, 2.45, 1.65, 1.59, 2.03, 2.12, 3.06, 2.88, 2.65, 2.29, 1.49, 2.957, 3.583, 3.463, 3.216, 3.103, 3.333, 3.593, 4.226, 4.583, 3.943, 2.393, 1.59, 1.41, 1.77, 1.73, 1.77, 2.0, 2.08, 1.91, 2.1, 1.79, 1.8, 2.1, 2.27, 2.54, 2.33, 1.88, 2.1, 2.09, 1.16, 0, 1.61, 2.01, 1.01, 2.65, 1.65, 1.8, 1.52, 0.87, 1.23, 1.49, 2.62, 5.534, 7.973, 9.611, 10.322, 10.084, 10.088, 9.888, 10.057, 10.616, 11.194], [3.07, 3.02, 3.1, 3.07, 2.73, 2.87, 4.36, 6.72, 8.42, 8.45, 6.69, 7.02, 7.75, 4.9, 3.07, 2.78, 2.46, 2.58, 2.99, 2.79, 2.77, 3.03, 2.99, 3.43, 3.38, 2.24, 1.6, 1.5, 1.67, 2.09, 1.79, 1.74, 1.48, 1.3, 1.82, 2.333, 2.176, 2.072, 1.9, 2.135, 2.35, 2.985, 3.288, 2.685, 1.51, 1.32, 1.58, 2.12, 2.14, 1.86, 1.63, 1.87, 2.56, 3.13, 3.04, 3.03, 3.31, 3.44, 3.77, 3.62, 3.15, 3.33, 3.32, 2.43, 1.61, 0, 1.0, 1.4, 3.82, 2.86, 2.87, 2.63, 1.82, 1.24, 1.08, 1.71, 4.188, 6.629, 8.165, 8.964, 8.782, 8.786, 8.592, 8.665, 9.304, 10.025], [2.81, 2.78, 2.82, 2.93, 2.51, 2.67, 4.92, 7.38, 9.08, 9.11, 7.35, 7.68, 8.41, 5.56, 3.61, 3.08, 2.84, 3.1, 3.65, 3.45, 3.43, 3.69, 3.63, 4.05, 4.0, 2.66, 2.02, 1.9, 1.81, 1.93, 1.63, 1.5, 1.48, 1.58, 1.98, 2.34, 2.06, 1.77, 2.0, 2.11, 2.37, 2.776, 3.113, 2.62, 1.75, 1.58, 1.94, 2.4, 2.4, 2.1, 1.57, 1.93, 2.72, 3.31, 3.38, 3.35, 3.67, 3.88, 4.13, 3.92, 3.51, 3.77, 3.8, 2.79, 2.01, 1.0, 0, 1.82, 4.48, 3.5, 3.47, 3.27, 2.32, 1.58, 1.3, 1.33, 3.87, 6.374, 7.85, 8.47, 8.191, 8.213, 8.025, 8.171, 8.755, 9.425], [4.21, 3.86, 3.82, 4.15, 3.77, 2.57, 3.38, 5.66, 7.4, 7.39, 5.63, 5.96, 6.69, 3.84, 2.71, 2.88, 2.38, 2.36, 2.23, 2.05, 2.03, 2.01, 2.01, 2.51, 2.5, 1.48, 1.5, 1.78, 2.01, 2.65, 2.563, 2.38, 2.16, 1.68, 2.898, 3.415, 3.238, 3.048, 2.901, 3.114, 3.317, 3.873, 4.327, 3.667, 2.185, 1.42, 1.3, 1.42, 1.6, 1.48, 1.77, 1.85, 2.12, 2.41, 2.14, 1.91, 2.31, 2.44, 2.65, 2.46, 2.01, 2.21, 2.3, 1.55, 1.01, 1.4, 1.82, 0, 2.76, 1.84, 1.97, 1.75, 1.06, 1.2, 1.36, 2.15, 5.288, 7.749, 9.305, 10.067, 9.882, 9.858, 9.672, 9.759, 10.398, 11.065], [6.453, 5.724, 5.338, 5.925, 5.55, 3.27, 2.28, 2.92, 4.68, 4.67, 2.91, 3.24, 3.95, 2.24, 2.89, 3.28, 2.9, 2.6, 1.85, 1.81, 1.73, 1.45, 1.71, 1.65, 1.32, 2.02, 3.06, 3.26, 3.55, 3.83, 4.354, 4.323, 3.934, 3.563, 4.886, 5.388, 5.56, 5.33, 4.849, 5.051, 5.111, 5.693, 5.901, 5.081, 4.06, 3.58, 3.0, 2.817, 2.68, 3.1, 3.91, 4.264, 3.76, 3.01, 2.2, 1.91, 2.13, 2.24, 2.01, 1.98, 1.85, 1.55, 1.58, 2.27, 2.65, 3.82, 4.48, 2.76, 0, 1.22, 1.41, 1.47, 2.32, 3.16, 3.48, 4.65, 7.65, 9.97, 11.64, 12.651, 12.495, 12.528, 12.328, 12.377, 13.01, 13.649], [5.682, 4.984, 4.704, 5.17, 4.75, 2.89, 2.54, 3.9, 5.6, 5.63, 3.87, 4.2, 4.93, 2.36, 2.71, 2.96, 2.58, 2.22, 1.79, 1.67, 1.33, 1.09, 1.35, 1.79, 1.72, 1.6, 2.38, 2.64, 2.91, 3.27, 3.654, 3.569, 3.209, 2.666, 4.006, 4.507, 4.666, 4.456, 4.049, 4.168, 4.288, 4.873, 5.158, 4.418, 3.32, 2.683, 2.14, 2.0, 2.04, 2.32, 3.053, 3.373, 2.9, 2.53, 1.74, 1.31, 1.55, 1.62, 1.87, 1.9, 1.61, 1.53, 1.56, 1.77, 1.65, 2.86, 3.5, 1.84, 1.22, 0, 0.69, 0.77, 1.38, 2.2, 2.6, 3.71, 6.847, 9.194, 10.853, 11.706, 11.582, 11.603, 11.392, 11.447, 12.071, 12.713], [5.712, 5.11, 4.89, 5.34, 4.8, 3.3, 2.79, 3.93, 5.63, 5.66, 3.9, 4.23, 4.96, 2.63, 3.2, 3.37, 3.01, 2.59, 2.06, 2.02, 1.62, 1.38, 1.56, 2.1, 1.97, 1.81, 2.51, 2.81, 2.94, 3.44, 3.764, 3.625, 3.325, 2.685, 4.074, 4.637, 4.66, 4.472, 4.111, 4.215, 4.284, 5.043, 5.245, 4.585, 3.398, 2.742, 2.27, 2.25, 2.21, 2.53, 3.1, 3.383, 2.85, 2.24, 1.63, 1.3, 1.38, 1.35, 1.78, 1.81, 1.6, 1.66, 1.79, 2.06, 1.8, 2.87, 3.47, 1.97, 1.41, 0.69, 0, 0.8, 1.43, 2.31, 2.71, 3.8, 6.883, 9.27, 10.897, 11.73, 11.552, 11.61, 11.402, 11.474, 12.061, 12.715], [5.4, 4.77, 4.53, 4.96, 4.5, 3.12, 2.93, 4.17, 5.89, 5.9, 4.14, 4.47, 5.2, 2.53, 2.94, 3.13, 2.73, 2.37, 1.9, 1.76, 1.38, 1.16, 1.52, 2.02, 1.89, 1.61, 2.23, 2.41, 2.58, 3.08, 3.36, 3.239, 2.87, 2.416, 3.754, 4.254, 4.373, 4.143, 3.688, 3.798, 3.97, 4.68, 4.86, 4.16, 3.004, 2.468, 2.05, 2.11, 2.15, 2.43, 2.9, 3.123, 2.63, 2.28, 1.73, 1.58, 1.82, 1.67, 2.06, 2.05, 1.74, 1.76, 1.87, 1.96, 1.52, 2.63, 3.27, 1.75, 1.47, 0.77, 0.8, 0, 1.21, 2.09, 2.47, 3.58, 6.546, 8.899, 10.556, 11.459, 11.312, 11.318, 11.133, 11.185, 11.797, 12.463], [4.63, 4.26, 4.2, 4.59, 4.13, 2.91, 3.34, 5.12, 6.82, 6.85, 5.09, 5.42, 6.15, 3.32, 2.85, 3.02, 2.6, 2.3, 2.07, 1.65, 1.57, 1.59, 1.87, 2.49, 2.38, 1.4, 1.42, 1.98, 2.09, 2.93, 3.0, 2.72, 2.4, 1.82, 3.133, 3.833, 3.695, 3.365, 3.278, 3.531, 3.617, 4.298, 4.681, 4.021, 2.623, 1.84, 1.32, 1.62, 1.54, 1.64, 1.91, 2.23, 2.0, 2.13, 1.76, 1.59, 1.85, 1.96, 2.27, 2.26, 1.81, 1.99, 2.2, 1.37, 0.87, 1.82, 2.32, 1.06, 2.32, 1.38, 1.43, 1.21, 0, 1.14, 1.62, 2.65, 5.67, 8.114, 9.73, 10.563, 10.376, 10.406, 10.18, 10.253, 10.874, 11.566], [3.91, 3.7, 3.66, 4.01, 3.61, 2.91, 3.7, 5.98, 7.68, 7.71, 5.95, 6.28, 7.01, 4.18, 2.93, 2.68, 2.3, 2.24, 2.55, 2.23, 2.09, 2.39, 2.53, 3.11, 2.98, 1.84, 1.36, 1.6, 1.75, 2.39, 2.45, 2.2, 1.88, 1.48, 2.72, 3.26, 3.035, 2.763, 2.761, 2.974, 3.117, 3.73, 4.164, 3.484, 2.17, 1.34, 1.14, 1.7, 1.76, 1.52, 1.59, 1.91, 2.14, 2.47, 2.26, 2.11, 2.41, 2.56, 2.95, 2.68, 2.25, 2.43, 2.5, 1.53, 1.23, 1.24, 1.58, 1.2, 3.16, 2.2, 2.31, 2.09, 1.14, 0, 0.92, 1.95, 5.079, 7.563, 9.076, 9