[[0, 1.16, 1.19, 1.69, 2.14, 2.93, 2.56, 2.12, 1.99, 2.6, 3.62, 3.22, 3.54, 3.29, 2.99, 3.05, 3.66, 4.31, 4.43, 4.64, 4.07, 4.04, 4.84, 4.76, 4.07, 3.13, 2.14, 2.19, 2.23, 2.38, 3.14, 3.54, 3.24, 3.25, 3.01, 2.58, 2.56, 1.89, 1.3, 1.52, 2.37, 3.03, 3.57, 3.69, 4.45, 5.8, 5.81, 5.37, 5.83, 6.33, 6.47, 6.82, 6.8, 7.15, 7.88, 8.577, 9.492, 9.875, 9.49, 7.99, 7.453, 7.725, 7.856, 8.256, 8.957, 9.854, 10.071, 9.184, 8.405, 8.92, 10.03, 9.81, 8.45, 6.15, 5.32, 4.21, 3.37, 2.76, 2.21, 1.68, 1.87, 1.63, 1.68, 1.7, 2.06, 2.05], [1.16, 0, 1.19, 1.91, 2.2, 3.01, 2.78, 2.36, 2.45, 3.0, 4.0, 3.56, 3.92, 3.65, 3.37, 3.45, 4.02, 4.69, 4.85, 5.0, 4.45, 4.46, 5.26, 5.08, 4.07, 2.97, 2.32, 2.31, 2.41, 2.38, 3.22, 3.54, 3.34, 3.43, 3.05, 2.7, 2.42, 2.25, 1.58, 1.62, 2.01, 2.69, 3.27, 3.47, 4.15, 5.52, 5.473, 5.09, 5.51, 6.01, 6.21, 6.56, 6.54, 6.85, 7.54, 8.24, 9.14, 9.592, 9.216, 7.733, 7.216, 7.506, 7.619, 7.999, 8.682, 9.531, 9.845, 8.944, 8.128, 8.68, 9.77, 9.55, 8.17, 5.91, 5.04, 3.93, 3.07, 2.44, 2.35, 2.32, 2.09, 1.73, 1.66, 1.36, 1.56, 1.49], [1.19, 1.19, 0, 1.02, 1.45, 2.28, 2.09, 1.71, 1.76, 2.43, 3.51, 3.19, 3.41, 3.2, 3.04, 2.98, 3.59, 4.28, 4.54, 4.57, 3.84, 3.83, 4.63, 4.49, 3.48, 2.44, 1.85, 1.76, 1.94, 1.91, 2.63, 3.07, 2.71, 2.78, 2.46, 2.07, 1.79, 1.74, 1.41, 1.69, 2.58, 3.177, 3.64, 3.743, 4.48, 5.83, 5.883, 5.417, 5.8, 6.3, 6.48, 6.77, 6.87, 7.331, 8.101, 8.767, 9.687, 9.959, 9.346, 7.983, 7.408, 7.718, 7.809, 8.329, 9.029, 9.829, 10.138, 9.065, 8.249, 8.83, 9.9, 9.7, 8.3, 6.22, 5.25, 4.02, 2.98, 2.45, 2.02, 1.75, 1.56, 1.32, 1.25, 1.07, 1.39, 1.56], [1.69, 1.91, 1.02, 0, 0.97, 1.74, 1.51, 1.29, 1.32, 2.11, 3.17, 2.97, 3.13, 3.14, 2.98, 2.82, 3.45, 3.96, 4.34, 4.37, 3.7, 3.71, 4.41, 4.23, 3.12, 2.06, 1.85, 1.78, 1.78, 1.77, 2.53, 2.45, 2.41, 2.34, 2.18, 1.71, 1.71, 2.1, 1.93, 2.19, 3.04, 3.562, 3.891, 4.011, 4.657, 6.127, 6.245, 5.714, 6.14, 6.6, 6.74, 7.11, 7.152, 7.562, 8.312, 8.978, 9.898, 10.098, 9.514, 8.106, 7.479, 7.769, 7.903, 8.511, 9.228, 9.914, 10.292, 9.256, 8.386, 9.01, 10.02, 9.82, 8.4, 6.46, 5.49, 4.3, 3.14, 2.61, 2.12, 1.53, 1.34, 1.32, 1.47, 1.45, 1.63, 1.92], [2.14, 2.2, 1.45, 0.97, 0, 1.19, 1.08, 0.92, 1.27, 1.72, 2.78, 2.84, 2.96, 3.21, 3.05, 2.97, 3.38, 3.91, 4.19, 4.14, 3.43, 3.22, 3.84, 3.68, 2.75, 2.13, 2.18, 2.03, 2.09, 1.96, 2.16, 1.92, 2.04, 2.13, 1.97, 1.5, 1.66, 2.03, 2.16, 2.46, 3.37, 4.215, 4.544, 4.624, 5.324, 6.794, 6.904, 6.381, 6.81, 7.23, 7.398, 7.745, 7.805, 8.215, 8.985, 9.651, 10.571, 10.759, 10.139, 8.767, 8.123, 8.393, 8.556, 9.158, 9.881, 10.576, 10.93, 9.837, 8.802, 9.42, 10.43, 10.25, 8.739, 7.027, 6.076, 4.75, 3.67, 2.94, 2.31, 1.44, 1.31, 1.31, 1.48, 1.66, 1.96, 2.31], [2.93, 3.01, 2.28, 1.74, 1.19, 0, 0.83, 1.13, 1.36, 1.97, 3.27, 3.43, 3.23, 3.5, 3.6, 3.4, 3.87, 4.08, 4.36, 4.23, 3.62, 3.29, 3.79, 3.69, 2.76, 2.6, 2.81, 2.7, 2.5, 2.23, 2.01, 1.57, 1.85, 1.96, 1.92, 1.73, 2.07, 2.72, 3.01, 3.15, 3.8, 4.44, 4.694, 4.84, 5.46, 6.844, 6.954, 6.431, 6.86, 7.28, 7.442, 7.789, 7.855, 8.325, 9.095, 9.761, 10.681, 10.869, 10.237, 8.871, 8.221, 8.491, 8.654, 9.259, 9.985, 10.679, 11.028, 9.882, 8.786, 9.37, 10.38, 10.24, 8.749, 7.059, 6.13, 4.78, 3.76, 3.03, 2.56, 2.07, 2.18, 2.14, 2.23, 2.17, 2.43, 2.76], [2.56, 2.78, 2.09, 1.51, 1.08, 0.83, 0, 0.86, 1.09, 1.92, 3.44, 3.58, 3.48, 3.75, 3.69, 3.51, 3.96, 4.27, 4.55, 4.48, 3.79, 3.38, 4.02, 3.8, 2.93, 2.63, 2.64, 2.67, 2.31, 2.16, 2.16, 1.76, 1.78, 1.85, 1.89, 1.7, 2.16, 2.79, 2.9, 3.0, 3.67, 4.19, 4.49, 4.65, 5.19, 6.511, 6.655, 6.118, 6.55, 6.99, 7.132, 7.473, 7.616, 8.066, 8.836, 9.502, 10.422, 10.622, 9.913, 8.544, 7.914, 8.178, 8.344, 8.997, 9.726, 10.372, 10.757, 9.628, 8.476, 9.04, 10.03, 9.99, 8.51, 6.757, 5.813, 4.49, 3.51, 2.74, 2.39, 1.94, 2.19, 2.15, 2.16, 2.2, 2.4, 2.75], [2.12, 2.36, 1.71, 1.29, 0.92, 1.13, 0.86, 0, 0.73, 1.62, 3.1, 3.2, 3.18, 3.43, 3.31, 3.21, 3.64, 4.01, 4.31, 4.34, 3.59, 3.22, 3.82, 3.64, 2.89, 2.55, 2.38, 2.37, 2.15, 2.0, 2.1, 1.98, 1.86, 2.03, 2.03, 1.58, 1.98, 2.31, 2.34, 2.54, 3.41, 4.19, 4.541, 4.681, 5.364, 6.694, 6.821, 6.29, 6.71, 7.17, 7.298, 7.642, 7.78, 8.249, 9.019, 9.688, 10.608, 10.788, 10.156, 8.767, 8.128, 8.441, 8.558, 9.175, 9.898, 10.576, 10.947, 9.82, 8.707, 9.34, 10.39, 10.25, 8.71, 6.955, 5.976, 4.65, 3.57, 2.86, 2.27, 1.66, 1.77, 1.67, 1.6, 1.9, 2.2, 2.53], [1.99, 2.45, 1.76, 1.32, 1.27, 1.36, 1.09, 0.73, 0, 1.55, 2.95, 2.87, 2.79, 3.04, 2.94, 2.82, 3.37, 3.7, 4.0, 4.17, 3.34, 3.07, 3.73, 3.55, 2.98, 2.58, 2.63, 2.42, 2.24, 2.11, 2.35, 2.19, 2.35, 2.48, 2.2, 1.75, 1.85, 2.2, 2.17, 2.53, 3.44, 4.2, 4.548, 4.7, 5.34, 6.67, 6.823, 6.28, 6.7, 7.2, 7.314, 7.67, 7.77, 8.236, 9.006, 9.675, 10.595, 10.795, 10.177, 8.78, 8.131, 8.457, 8.578, 9.206, 9.923, 10.589, 10.966, 9.893, 8.863, 9.51, 10.54, 10.4, 8.92, 6.997, 5.99, 4.76, 3.66, 3.05, 2.4, 1.73, 1.56, 1.66, 1.65, 2.09, 2.35, 2.64], [2.6, 3.0, 2.43, 2.11, 1.72, 1.97, 1.92, 1.62, 1.55, 0, 1.94, 2.08, 1.92, 2.17, 2.07, 1.91, 2.4, 2.67, 3.01, 3.14, 2.55, 2.22, 2.8, 2.9, 2.57, 2.77, 3.22, 2.99, 3.255, 3.12, 2.92, 2.76, 3.2, 3.29, 2.97, 2.38, 1.94, 1.79, 2.24, 3.34, 4.43, 5.429, 5.778, 5.878, 6.57, 7.948, 8.092, 7.55, 7.99, 8.43, 8.547, 8.917, 9.02, 9.486, 10.256, 10.925, 11.845, 12.025, 11.353, 9.953, 9.36, 9.665, 9.79, 10.426, 11.144, 11.778, 12.184, 11.043, 9.967, 10.62, 11.61, 11.51, 10.01, 8.224, 7.251, 5.95, 4.89, 4.18, 3.33, 2.0, 1.57, 1.89, 2.0, 2.6, 2.92, 3.19], [3.62, 4.0, 3.51, 3.17, 2.78, 3.27, 3.44, 3.1, 2.95, 1.94, 0, 0.84, 1.12, 1.29, 1.25, 1.23, 1.18, 1.59, 1.89, 2.04, 1.63, 1.84, 2.02, 2.7, 3.07, 3.57, 4.412, 3.902, 4.262, 4.092, 3.58, 3.84, 4.48, 4.45, 3.97, 3.52, 2.52, 2.15, 2.96, 4.319, 5.298, 6.401, 6.762, 6.862, 7.559, 9.012, 9.162, 8.59, 9.09, 9.57, 9.67, 10.04, 10.04, 10.47, 11.239, 11.908, 12.828, 13.029, 12.562, 11.102, 10.423, 10.693, 10.893, 11.436, 12.156, 12.91, 13.23, 12.197, 11.202, 11.82, 12.83, 12.65, 11.17, 9.279, 8.3, 7.07, 6.01, 5.3, 4.29, 2.84, 2.43, 2.75, 2.88, 3.68, 3.98, 3.99], [3.22, 3.56, 3.19, 2.97, 2.84, 3.43, 3.58, 3.2, 2.87, 2.08, 0.84, 0, 1.0, 1.17, 1.13, 1.09, 1.12, 1.53, 1.79, 2.08, 1.73, 2.04, 2.26, 2.96, 3.01, 3.49, 4.203, 3.65, 4.03, 3.9, 3.7, 4.1, 4.68, 4.63, 4.07, 3.56, 2.46, 2.01, 2.58, 3.9, 4.89, 6.019, 6.402, 6.522, 7.279, 8.734, 8.822, 8.31, 8.81, 9.27, 9.39, 9.72, 9.68, 10.07, 10.82, 11.509, 12.429, 12.654, 12.304, 10.824, 10.178, 10.467, 10.645, 11.065, 11.825, 12.633, 12.853, 11.883, 11.033, 11.68, 12.69, 12.47, 11.01, 8.947, 7.96, 6.83, 5.73, 5.16, 4.29, 2.8, 2.25, 2.55, 2.76, 3.42, 3.68, 3.65], [3.54, 3.92, 3.41, 3.13, 2.96, 3.23, 3.48, 3.18, 2.79, 1.92, 1.12, 1.0, 0, 0.77, 1.23, 0.97, 1.26, 1.35, 1.55, 1.92, 1.49, 1.68, 1.94, 2.72, 2.69, 3.734, 4.503, 3.916, 4.359, 4.2, 3.94, 4.04, 4.74, 4.79, 4.29, 3.58, 2.44, 2.25, 2.88, 4.24, 5.23, 6.353, 6.756, 6.876, 7.613, 9.032, 9.116, 8.61, 9.07, 9.53, 9.65, 9.96, 10.0, 10.45, 11.22, 11.903, 12.823, 13.003, 12.604, 11.142, 10.478, 10.767, 10.945, 11.422, 12.173, 12.95, 13.193, 12.183, 11.273, 11.92, 12.95, 12.77, 11.29, 9.227, 8.26, 7.07, 5.95, 5.42, 4.53, 3.16, 2.53, 2.79, 2.96, 3.62, 3.9, 3.89], [3.29, 3.65, 3.2, 3.14, 3.21, 3.5, 3.75, 3.43, 3.04, 2.17, 1.29, 1.17, 0.77, 0, 0.88, 0.78, 1.15, 1.42, 1.58, 1.91, 1.66, 1.93, 2.25, 2.87, 2.72, 3.68, 4.262, 3.8, 4.38, 4.27, 4.05, 4.29, 5.01, 5.0, 4.38, 3.71, 2.37, 2.02, 2.63, 3.99, 5.0, 6.1, 6.546, 6.666, 7.403, 8.802, 8.866, 8.38, 8.8, 9.3, 9.44, 9.73, 9.79, 10.26, 11.03, 11.71, 12.63, 12.81, 12.394, 10.932, 10.262, 10.555, 10.732, 11.232, 11.963, 12.758, 13.003, 11.973, 11.052, 11.67, 12.72, 12.54, 11.08, 9.014, 8.01, 6.82, 5.72, 5.17, 4.4, 3.07, 2.48, 2.7, 2.91, 3.43, 3.73, 3.64], [2.99, 3.37, 3.04, 2.98, 3.05, 3.6, 3.69, 3.31, 2.94, 2.07, 1.25, 1.13, 1.23, 0.88, 0, 0.7, 1.13, 1.64, 1.9, 2.29, 1.88, 2.07, 2.65, 3.21, 3.16, 3.5, 4.05, 3.48, 4.14, 4.07, 3.83, 4.23, 4.83, 4.82, 4.16, 3.59, 2.23, 1.74, 2.37, 3.67, 4.66, 5.763, 6.229, 6.349, 7.086, 8.49, 8.56, 8.06, 8.52, 9.02, 9.16, 9.45, 9.49, 9.94, 10.71, 11.39, 12.31, 12.496, 12.08, 10.649, 9.979, 10.234, 10.414, 10.892, 11.654, 12.457, 12.66, 11.674, 10.72, 11.35, 12.4, 12.22, 10.72, 8.637, 7.75, 6.48, 5.44, 4.83, 4.08, 2.79, 2.3, 2.52, 2.69, 3.19, 3.43, 3.3], [3.05, 3.45, 2.98, 2.82, 2.97, 3.4, 3.51, 3.21, 2.82, 1.91, 1.23, 1.09, 0.97, 0.78, 0.7, 0, 1.01, 1.56, 1.88, 2.25, 1.76, 1.93, 2.45, 3.07, 2.94, 3.36, 3.89, 3.46, 3.98, 3.97, 3.73, 4.07, 4.69, 4.66, 4.1, 3.57, 2.25, 1.76, 2.37, 3.73, 4.7, 5.845, 6.251, 6.331, 7.051, 8.421, 8.551, 8.0, 8.44, 8.9, 9.04, 9.39, 9.51, 9.979, 10.749, 11.418, 12.338, 12.538, 11.92, 10.489, 9.89, 10.2, 10.303, 10.934, 11.637, 12.297, 12.706, 11.676, 10.66, 11.27, 12.32, 12.18, 10.7, 8.737, 7.75, 6.56, 5.46, 4.79, 4.04, 2.79, 2.2, 2.44, 2.61, 3.15, 3.43, 3.46], [3.66, 4.02, 3.59, 3.45, 3.38, 3.87, 3.96, 3.64, 3.37, 2.4, 1.18, 1.12, 1.26, 1.15, 1.13, 1.01, 0, 0.97, 1.25, 1.66, 1.43, 1.86, 2.02, 2.9, 3.17, 3.79, 4.415, 4.03, 4.59, 4.38, 4.08, 4.48, 5.06, 5.05, 4.45, 3.92, 2.74, 2.27, 3.02, 4.36, 5.33, 6.51, 6.896, 7.016, 7.73, 9.06, 9.19, 8.63, 9.11, 9.57, 9.71, 10.04, 10.12, 10.59, 11.36, 12.031, 12.951, 13.131, 12.61, 11.196, 10.52, 10.784, 10.959, 11.527, 12.261, 13.004, 13.29, 12.2, 11.19, 11.8, 12.85, 12.67, 11.17, 9.278, 8.38, 7.03, 5.97, 5.36, 4.57, 3.3, 2.77, 3.09, 3.1, 3.7, 4.18, 4.15], [4.31, 4.69, 4.28, 3.96, 3.91, 4.08, 4.27, 4.01, 3.7, 2.67, 1.59, 1.53, 1.35, 1.42, 1.64, 1.56, 0.97, 0, 0.74, 1.27, 1.42, 1.81, 1.77, 2.65, 3.14, 4.46, 5.21, 4.68, 5.152, 4.99, 4.69, 4.87, 5.55, 5.62, 5.06, 4.35, 3.23, 2.98, 3.67, 5.01, 5.98, 7.16, 7.554, 7.654, 8.36, 9.73, 9.84, 9.3, 9.82, 10.28, 10.42, 10.75, 10.81, 11.24, 12.01, 12.681, 13.601, 13.802, 13.36, 11.912, 11.236, 11.494, 11.694, 12.217, 12.92, 13.72, 14.02, 12.99, 11.977, 12.61, 13.66, 13.48, 11.94, 9.972, 9.01, 7.82, 6.76, 6.13, 5.24, 3.95, 3.36, 3.66, 3.75, 4.49, 4.77, 4.8], [4.43, 4.85, 4.54, 4.34, 4.19, 4.36, 4.55, 4.31, 4.0, 3.01, 1.89, 1.79, 1.55, 1.58, 1.9, 1.88, 1.25, 0.74, 0, 0.99, 1.5, 1.91, 1.81, 2.71, 3.3, 4.68, 5.53, 5.0, 5.48, 5.31, 4.93, 5.13, 5.79, 5.94, 5.32, 4.59, 3.41, 3.2, 3.93, 5.19, 6.2, 7.34, 7.84, 7.98, 8.74, 10.07, 10.12, 9.62, 10.1, 10.6, 10.74, 11.03, 11.07, 11.48, 12.23, 12.91, 13.83, 14.059, 13.66, 12.229, 11.55, 11.809, 11.994, 12.454, 13.217, 14.037, 14.22, 13.227, 12.26, 12.87, 13.92, 13.74, 12.26, 10.189, 9.23, 7.98, 7.06, 6.41, 5.58, 4.29, 3.7, 4.06, 4.09, 4.83, 5.09, 5.06], [4.64, 5.0, 4.57, 4.37, 4.14, 4.23, 4.48, 4.34, 4.17, 3.14, 2.04, 2.08, 1.92, 1.91, 2.29, 2.25, 1.66, 1.27, 0.99, 0, 1.15, 1.52, 1.46, 2.3, 3.07, 4.67, 5.44, 4.95, 5.37, 5.24, 4.62, 4.78, 5.44, 5.67, 5.05, 4.48, 3.36, 3.17, 3.96, 5.24, 6.25, 7.37, 7.81, 7.99, 8.75, 10.08, 10.15, 9.65, 10.09, 10.57, 10.67, 10.96, 11.04, 11.45, 12.22, 12.9, 13.82, 14.02, 13.59, 12.17, 11.486, 11.756, 11.919, 12.401, 13.164, 13.964, 14.144, 13.094, 12.119, 12.7, 13.73, 13.59, 12.09, 10.15, 9.2, 7.95, 7.03, 6.34, 5.43, 4.08, 3.79, 4.15, 4.28, 4.88, 5.1, 5.09], [4.07, 4.45, 3.84, 3.7, 3.43, 3.62, 3.79, 3.59, 3.34, 2.55, 1.63, 1.73, 1.49, 1.66, 1.88, 1.76, 1.43, 1.42, 1.5, 1.15, 0, 0.85, 1.35, 2.41, 2.74, 3.72, 4.51, 4.04, 4.46, 4.29, 3.71, 3.93, 4.63, 4.78, 4.14, 3.51, 2.47, 2.42, 3.19, 4.49, 5.44, 6.54, 6.96, 7.08, 7.84, 9.21, 9.28, 8.78, 9.22, 9.7, 9.8, 10.09, 10.21, 10.66, 11.43, 12.11, 13.027, 13.21, 12.7, 11.3, 10.613, 10.88, 11.046, 11.58, 12.312, 13.091, 13.343, 12.224, 11.229, 11.81, 12.86, 12.7, 11.2, 9.32, 8.37, 7.06, 6.1, 5.43, 4.86, 3.51, 3.18, 3.56, 3.63, 4.13, 4.29, 4.22], [4.04, 4.46, 3.83, 3.71, 3.22, 3.29, 3.38, 3.22, 3.07, 2.22, 1.84, 2.04, 1.68, 1.93, 2.07, 1.93, 1.86, 1.81, 1.91, 1.52, 0.85, 0, 1.12, 1.96, 2.61, 3.63, 4.42, 3.97, 4.41, 4.26, 3.6, 3.54, 4.18, 4.49, 3.95, 3.36, 2.44, 2.39, 3.18, 4.5, 5.49, 6.59, 6.97, 7.11, 7.87, 9.18, 9.23, 8.75, 9.13, 9.61, 9.69, 10.0, 10.16, 10.61, 11.38, 12.04, 12.94, 13.14, 12.57, 11.17, 10.48, 10.77, 10.933, 11.504, 12.239, 12.978, 13.267, 12.132, 11.09, 11.66, 12.69, 12.55, 11.07, 9.27, 8.34, 7.11, 6.21, 5.48, 4.79, 3.42, 3.17, 3.55, 3.62, 4.08, 4.26, 4.29], [4.84, 5.26, 4.63, 4.41, 3.84, 3.79, 4.02, 3.82, 3.73, 2.8, 2.02, 2.26, 1.94, 2.25, 2.65, 2.45, 2.02, 1.77, 1.81, 1.46, 1.35, 1.12, 0, 1.38, 2.49, 4.25, 5.04, 4.63, 5.07, 4.88, 4.08, 4.02, 4.62, 4.97, 4.61, 4.04, 3.2, 3.17, 3.9, 5.2, 6.15, 7.29, 7.63, 7.75, 8.51, 9.82, 9.91, 9.39, 9.85, 10.27, 10.33, 10.66, 10.82, 11.27, 12.04, 12.7, 13.6, 13.8, 13.21, 11.81, 11.137, 11.427, 11.573, 12.161, 12.893, 13.618, 13.924, 12.792, 11.73, 12.32, 13.35, 13.19, 11.71, 9.97, 9.04, 7.81, 6.89, 6.18, 5.43, 4.08, 3.85, 4.23, 4.3, 4.78, 4.96, 5.03], [4.76, 5.08, 4.49, 4.23, 3.68, 3.69, 3.8, 3.64, 3.55, 2.9, 2.7, 2.96, 2.72, 2.87, 3.21, 3.07, 2.9, 2.65, 2.71, 2.3, 2.41, 1.96, 1.38, 0, 1.93, 3.79, 4.6, 4.25, 4.69, 4.5, 3.78, 3.6, 4.2, 4.55, 4.21, 3.64, 2.94, 3.19, 3.84, 5.04, 5.85, 6.95, 7.27, 7.39, 8.13, 9.4, 9.49, 8.95, 9.41, 9.85, 9.91, 10.26, 10.44, 10.89, 11.66, 12.32, 13.22, 13.42, 12.77, 11.37, 10.68, 10.97, 11.11, 11.761, 12.504, 13.156, 13.524, 12.351, 11.247, 11.84, 12.85, 12.75, 11.31, 9.55, 8.64, 7.55, 6.59, 5.9, 5.33, 4.06, 3.77, 4.19, 4.24, 4.58, 4.76, 4.79], [4.07, 4.07, 3.48, 3.12, 2.75, 2.76, 2.93, 2.89, 2.98, 2.57, 3.07, 3.01, 2.69, 2.72, 3.16, 2.94, 3.17, 3.14, 3.3, 3.07, 2.74, 2.61, 2.49, 1.93, 0, 2.04, 2.91, 2.7, 3.08, 3.03, 2.71, 2.51, 2.99, 3.1, 2.76, 2.25, 1.99, 2.74, 3.25, 3.89, 4.54, 5.5, 5.8, 5.88, 6.6, 7.77, 7.74, 7.22, 7.66, 8.06, 8.14, 8.501, 8.65, 9.1, 9.87, 10.53, 11.443, 11.63, 10.94, 9.56, 8.904, 9.214, 9.331, 9.996, 10.731, 11.383, 11.771, 10.63, 9.48, 10.17, 11.16, 11.06, 9.54, 7.82, 7.07, 6.22, 5.3, 4.77, 4.46, 3.59, 3.02, 3.3, 3.33, 3.39, 3.49, 3.54], [3.13, 2.97, 2.44, 2.06, 2.13, 2.6, 2.63, 2.55, 2.58, 2.77, 3.57, 3.49, 3.734, 3.68, 3.5, 3.36, 3.79, 4.46, 4.68, 4.67, 3.72, 3.63, 4.25, 3.79, 2.04, 0, 1.59, 1.34, 1.62, 1.79, 2.33, 2.03, 2.17, 2.02, 1.56, 1.59, 1.67, 2.28, 2.33, 2.89, 3.36, 4.0, 4.12, 4.2, 4.94, 6.13, 6.0, 5.5, 5.92, 6.3, 6.34, 6.71, 6.81, 7.2, 7.93, 8.59, 9.503, 9.69, 9.04, 7.62, 6.976, 7.266, 7.409, 8.068, 8.791, 9.454, 9.851, 8.827, 7.78, 8.45, 9.42, 9.26, 7.82, 6.08, 5.49, 4.76, 3.92, 3.41, 3.28, 2.81, 2.08, 2.2, 2.27, 2.23, 2.21, 2.14], [2.14, 2.32, 1.85, 1.85, 2.18, 2.81, 2.64, 2.38, 2.63, 3.22, 4.412, 4.203, 4.503, 4.262, 4.05, 3.89, 4.415, 5.21, 5.53, 5.44, 4.51, 4.42, 5.04, 4.6, 2.91, 1.59, 0, 0.83, 1.07, 1.56, 2.54, 2.5, 1.94, 1.93, 1.79, 1.56, 2.44, 2.63, 2.08, 2.0, 2.61, 3.07, 3.15, 3.21, 3.95, 5.22, 5.23, 4.69, 5.15, 5.55, 5.65, 6.0, 6.1, 6.49, 7.18, 7.82, 8.74, 8.92, 8.27, 6.95, 6.251, 6.55, 6.684, 7.307, 8.03, 8.716, 9.09, 8.043, 7.03, 7.68, 8.69, 8.51, 7.07, 5.27, 4.56, 3.85, 3.09, 2.54, 2.51, 2.38, 2.31, 2.09, 2.06, 1.7, 1.88, 1.95], [2.19, 2.31, 1.76, 1.78, 2.03, 2.7, 2.67, 2.37, 2.42, 2.99, 3.902, 3.65, 3.916, 3.8, 3.48, 3.46, 4.03, 4.68, 5.0, 4.95, 4.04, 3.97, 4.63, 4.25, 2.7, 1.34, 0.83, 0, 0.98, 1.39, 2.41, 2.37, 2.11, 2.2, 1.78, 1.49, 2.01, 2.14, 1.69, 1.93, 2.6, 3.18, 3.32, 3.4, 4.18, 5.49, 5.48, 5.0, 5.44, 5.9, 5.98, 6.29, 6.37, 6.76, 7.47, 8.13, 9.05, 9.23, 8.76, 7.32, 6.622, 6.9, 7.094, 7.637, 8.349, 9.12, 9.42, 8.43, 7.54, 8.21, 9.22, 9.0, 7.54, 5.56, 4.73, 4.02, 3.28, 2.93, 2.72, 2.43, 1.88, 1.9, 1.85, 1.67, 1.71, 1.72], [2.23, 2.41, 1.94, 1.78, 2.09, 2.5, 2.31, 2.15, 2.24, 3.255, 4.262, 4.03, 4.359, 4.38, 4.14, 3.98, 4.59, 5.152, 5.48, 5.37, 4.46, 4.41, 5.07, 4.69, 3.08, 1.62, 1.07, 0.98, 0, 0.93, 2.09, 2.17, 1.69, 1.68, 1.46, 1.51, 2.57, 2.76, 2.21, 1.99, 2.44, 2.84, 2.9, 2.98, 3.72, 5.03, 5.1, 4.56, 5.04, 5.5, 5.56, 5.93, 5.97, 6.36, 7.07, 7.73, 8.649, 8.83, 8.32, 6.9, 6.21, 6.5, 6.66, 7.243, 7.954, 8.697, 9.012, 8.096, 7.2, 7.87, 8.88, 8.68, 7.22, 5.2, 4.39, 3.72, 3.04, 2.59, 2.3, 2.35, 2.34, 2.04, 2.05, 1.85, 1.81, 1.82], [2.38, 2.38, 1.91, 1.77, 1.96, 2.23, 2.16, 2.0, 2.11, 3.12, 4.092, 3.9, 4.2, 4.27, 4.07, 3.97, 4.38, 4.99, 5.31, 5.24, 4.29, 4.26, 4.88, 4.5, 3.03, 1.79, 1.56, 1.39, 0.93, 0, 1.52, 1.76, 1.38, 1.57, 1.37, 1.58, 2.38, 2.71, 2.28, 2.1, 2.33, 2.85, 2.99, 3.07, 3.73, 5.14, 5.33, 4.77, 5.25, 5.71, 5.77, 6.14, 6.2, 6.59, 7.34, 8.0, 8.911, 9.1, 8.49, 7.07, 6.394, 6.684, 6.867, 7.475, 8.222, 8.924, 9.273, 8.26, 7.29, 7.96, 8.93, 8.77, 7.31, 5.41, 4.46, 3.51, 2.63, 2.2, 1.85, 2.28, 2.19, 1.99, 1.86, 1.64, 1.68, 1.83], [3.14, 3.22, 2.63, 2.53, 2.16, 2.01, 2.16, 2.1, 2.35, 2.92, 3.58, 3.7, 3.94, 4.05, 3.83, 3.73, 4.08, 4.69, 4.93, 4.62, 3.71, 3.6, 4.08, 3.78, 2.71, 2.33, 2.54, 2.41, 2.09, 1.52, 0, 1.38, 1.5, 1.61, 1.45, 1.7, 2.26, 2.55, 2.82, 2.92, 3.27, 3.89, 4.07, 4.19, 4.77, 6.06, 6.19, 5.63, 6.05, 6.53, 6.63, 6.98, 7.14, 7.59, 8.36, 9.04, 9.948, 10.14, 9.49, 8.09, 7.463, 7.741, 7.876, 8.489, 9.227, 9.881, 10.252, 9.134, 8.039, 8.6, 9.63, 9.53, 8.03, 6.27, 5.3, 4.11, 3.31, 2.76, 2.41, 2.64, 2.63, 2.53, 2.48, 2.46, 2.54, 2.67], [3.54, 3.54, 3.07, 2.45, 1.92, 1.57, 1.76, 1.98, 2.19, 2.76, 3.84, 4.1, 4.04, 4.29, 4.23, 4.07, 4.48, 4.87, 5.13, 4.78, 3.93, 3.54, 4.02, 3.6, 2.51, 2.03, 2.5, 2.37, 2.17, 1.76, 1.38, 0, 1.26, 1.39, 1.33, 1.54, 2.2, 3.09, 3.12, 3.26, 3.59, 4.31, 4.41, 4.55, 5.21, 6.52, 6.67, 6.11, 6.53, 6.95, 7.05, 7.42, 7.5, 7.97, 8.72, 9.399, 10.299, 10.499, 9.79, 8.404, 7.748, 8.038, 8.187, 8.843, 9.578, 10.218, 10.606, 9.433, 8.318, 8.894, 9.77, 9.818, 8.33, 6.67, 5.8, 4.77, 3.97, 3.32, 2.99, 2.74, 2.77, 2.73, 2.78, 2.66, 2.76, 2.95], [3.24, 3.34, 2.71, 2.41, 2.04, 1.85, 1.78, 1.86, 2.35, 3.2, 4.48, 4.68, 4.74, 5.01, 4.83, 4.69, 5.06, 5.55, 5.79, 5.44, 4.63, 4.18, 4.62, 4.2, 2.99, 2.17, 1.94, 2.11, 1.69, 1.38, 1.5, 1.26, 0, 0.83, 1.15, 1.6, 2.78, 3.47, 3.2, 3.12, 3.39, 3.47, 3.63, 3.75, 4.49, 5.64, 5.73, 5.17, 5.61, 6.03, 6.11, 6.48, 6.62, 7.07, 7.82, 8.48, 9.38, 9.599, 8.87, 7.481, 6.859, 7.138, 7.295, 7.934, 8.666, 9.307, 9.706, 8.551, 7.387, 7.98, 8.93, 8.93, 7.43, 5.79, 4.84, 4.03, 3.21, 2.62, 2.47, 2.74, 3.07, 2.91, 2.78, 2.4, 2.24, 2.55], [3.25, 3.43, 2.78, 2.34, 2.13, 1.96, 1.85, 2.03, 2.48, 3.29, 4.45, 4.63, 4.79, 5.0, 4.82, 4.66, 5.05, 5.62, 5.94, 5.67, 4.78, 4.49, 4.97, 4.55, 3.1, 2.02, 1.93, 2.2, 1.68, 1.57, 1.61, 1.39, 0.83, 0, 1.02, 1.49, 2.81, 3.44, 3.31, 3.23, 3.58, 3.54, 3.58, 3.66, 4.34, 5.47, 5.54, 4.98, 5.4, 5.84, 5.936, 6.303, 6.43, 6.893, 7.663, 8.332, 9.252, 9.432, 8.708, 7.328, 6.706, 6.996, 7.136, 7.796, 8.536, 9.165, 9.556, 8.438, 7.266, 7.81, 8.74, 8.8, 7.279, 5.596, 4.83, 3.94, 3.22, 2.67, 2.58, 2.61, 3.04, 2.9, 2.85, 2.47, 2.35, 2.58], [3.01, 3.05, 2.46, 2.18, 1.97, 1.92, 1.89, 2.03, 2.2, 2.97, 3.97, 4.07, 4.29, 4.38, 4.16, 4.1, 4.45, 5.06, 5.32, 5.05, 4.14, 3.95, 4.61, 4.21, 2.76, 1.56, 1.79, 1.78, 1.46, 1.37, 1.45, 1.33, 1.15, 1.02, 0, 1.01, 2.17, 2.8, 2.73, 2.79, 3.16, 3.58, 3.72, 3.76, 4.5, 5.63, 5.62, 5.08, 5.46, 5.9, 6.074, 6.404, 6.53, 6.985, 7.755, 8.421, 9.341, 9.541, 8.906, 7.54, 6.889, 7.16, 7.325, 7.928, 8.657, 9.348, 9.682, 8.561, 7.466, 8.03, 9.04, 8.92, 7.423, 5.728, 4.89, 4.02, 3.3, 2.75, 2.58, 2.45, 2.6, 2.42, 2.41, 2.23, 2.15, 2.28], [2.58, 2.7, 2.07, 1.71, 1.5, 1.73, 1.7, 1.58, 1.75, 2.38, 3.52, 3.56, 3.58, 3.71, 3.59, 3.57, 3.92, 4.35, 4.59, 4.48, 3.51, 3.36, 4.04, 3.64, 2.25, 1.59, 1.56, 1.49, 1.51, 1.58, 1.7, 1.54, 1.6, 1.49, 1.01, 0, 1.52, 2.23, 2.28, 2.46, 3.09, 3.77, 4.05, 4.07, 4.87, 6.08, 6.047, 5.564, 5.95, 6.43, 6.598, 6.908, 7.028, 7.498, 8.268, 8.934, 9.854, 10.045, 9.45, 8.084, 7.417, 7.687, 7.861, 8.444, 9.164, 9.893, 10.213, 9.057, 7.982, 8.58, 9.63, 9.49, 8.01, 6.19, 5.26, 4.33, 3.65, 3.14, 2.87, 2.18, 2.07, 2.05, 2.04, 2.04, 2.08, 2.19], [2.56, 2.42, 1.79, 1.71, 1.66, 2.07, 2.16, 1.98, 1.85, 1.94, 2.52, 2.46, 2.44, 2.37, 2.23, 2.25, 2.74, 3.23, 3.41, 3.36, 2.47, 2.44, 3.2, 2.94, 1.99, 1.67, 2.44, 2.01, 2.57, 2.38, 2.26, 2.2, 2.78, 2.81, 2.17, 1.52, 0, 1.11, 1.82, 2.64, 3.35, 4.45, 4.89, 4.99, 5.75, 7.04, 7.053, 6.587, 6.97, 7.47, 7.647, 7.937, 8.031, 8.501, 9.271, 9.937, 10.857, 11.051, 10.516, 9.133, 8.448, 8.716, 8.898, 9.449, 10.178, 10.941, 11.21, 10.074, 9.093, 9.66, 10.71, 10.55, 9.07, 7.181, 6.2, 4.89, 3.99, 3.38, 2.95, 2.24, 1.67, 1.77, 1.8, 1.86, 2.08, 1.95], [1.89, 2.25, 1.74, 2.1, 2.03, 2.72, 2.79, 2.31, 2.2, 1.79, 2.15, 2.01, 2.25, 2.02, 1.74, 1.76, 2.27, 2.98, 3.2, 3.17, 2.42, 2.39, 3.17, 3.19, 2.74, 2.28, 2.63, 2.14, 2.76, 2.71, 2.55, 3.09, 3.47, 3.44, 2.8, 2.23, 1.11, 0, 1.23, 2.45, 3.417, 4.537, 4.98, 5.083, 5.84, 7.15, 7.203, 6.737, 7.12, 7.62, 7.8, 8.09, 8.19, 8.651, 9.421, 10.087, 11.007, 11.207, 10.709, 9.289, 8.627, 8.883, 9.06, 9.608, 10.334, 11.097, 11.377, 10.307, 9.294, 9.91, 10.96, 10.78, 9.28, 7.346, 6.39, 5.06, 4.14, 3.45, 2.8, 1.75, 1.36, 1.48, 1.55, 1.95, 2.29, 2.14], [1.3, 1.58, 1.41, 1.93, 2.16, 3.01, 2.9, 2.34, 2.17, 2.24, 2.96, 2.58, 2.88, 2.63, 2.37, 2.37, 3.02, 3.67, 3.93, 3.96, 3.19, 3.18, 3.9, 3.84, 3.25, 2.33, 2.08, 1.69, 2.21, 2.28, 2.82, 3.12, 3.2, 3.31, 2.73, 2.28, 1.82, 1.23, 0, 1.44, 2.49, 3.65, 4.09, 4.23, 4.99, 6.32, 6.287, 5.87, 6.29, 6.79, 6.97, 7.3, 7.3, 7.69, 8.457, 9.123, 10.043, 10.332, 9.95, 8.47, 7.884, 8.162, 8.331, 8.736, 9.454, 10.331, 10.551, 9.618, 8.782, 9.32, 10.41, 10.21, 8.83, 6.59, 5.64, 4.67, 3.71, 3.16, 2.69, 1.84, 1.49, 1.43, 1.48, 1.52, 1.66, 1.67], [1.52, 1.62, 1.69, 2.19, 2.46, 3.15, 3.0, 2.54, 2.53, 3.34, 4.319, 3.9, 4.24, 3.99, 3.67, 3.73, 4.36, 5.01, 5.19, 5.24, 4.49, 4.5, 5.2, 5.04, 3.89, 2.89, 2.0, 1.93, 1.99, 2.1, 2.92, 3.26, 3.12, 3.23, 2.79, 2.46, 2.64, 2.45, 1.44, 0, 1.27, 2.29, 2.77, 2.89, 3.65, 4.98, 4.97, 4.51, 4.95, 5.45, 5.61, 5.92, 5.98, 6.31, 7.06, 7.82, 8.72, 9.14, 8.69, 7.17, 6.82, 7.09, 7.02, 7.4, 8.145, 9.205, 9.385, 8.633, 7.77, 8.28, 9.49, 9.17, 7.79, 5.65, 5.04, 4.27, 3.27, 2.76, 2.33, 2.36, 2.41, 2.05, 1.96, 1.82, 2.06, 2.01], [2.37, 2.01, 2.58, 3.04, 3.37, 3.8, 3.67, 3.41, 3.44, 4.43, 5.298, 4.89, 5.23, 5.0, 4.66, 4.7, 5.33, 5.98, 6.2, 6.25, 5.44, 5.49, 6.15, 5.85, 4.54, 3.36, 2.61, 2.6, 2.44, 2.33, 3.27, 3.59, 3.39, 3.58, 3.16, 3.09, 3.35, 3.417, 2.49, 1.27, 0, 1.34, 1.98, 2.18, 2.68, 4.09, 4.06, 3.82, 4.4, 4.78, 5.0, 5.27, 5.35, 5.56, 6.15, 6.99, 7.85, 8.61, 8.06, 6.62, 6.37, 6.54, 6.46, 6.83, 7.458, 8.618, 8.875, 8.11, 7.22, 7.77, 9.0, 8.66, 7.26, 5.2, 4.67, 4.18, 3.3, 2.63, 2.48, 3.33, 3.379, 2.9, 2.77, 2.27, 2.23, 2.12], [3.03, 2.69, 3.177, 3.562, 4.215, 4.44, 4.19, 4.19, 4.2, 5.429, 6.401, 6.019, 6.353, 6.1, 5.763, 5.845, 6.51, 7.16, 7.34, 7.37, 6.54, 6.59, 7.29, 6.95, 5.5, 4.0, 3.07, 3.18, 2.84, 2.85, 3.89, 4.31, 3.47, 3.54, 3.58, 3.77, 4.45, 4.537, 3.65, 2.29, 1.34, 0, 0.96, 1.28, 1.64, 2.93, 2.96, 2.7, 3.22, 3.7, 3.9, 4.13, 4.31, 4.4, 5.01, 5.83, 6.75, 7.45, 6.96, 5.54, 5.27, 5.4, 5.3, 5.67, 6.295, 7.46, 7.715, 6.95, 6.06, 6.61, 7.82, 7.5, 6.12, 4.08, 3.57, 3.14, 2.64, 2.13, 2.8, 4.043, 4.418, 3.922, 3.849, 3.084, 2.684, 2.62], [3.57, 3.27, 3.64, 3.891, 4.544, 4.694, 4.49, 4.541, 4.548, 5.778, 6.762, 6.402, 6.756, 6.546, 6.229, 6.251, 6.896, 7.554, 7.84, 7.81, 6.96, 6.97, 7.63, 7.27, 5.8, 4.12, 3.15, 3.32, 2.9, 2.99, 4.07, 4.41, 3.63, 3.58, 3.72, 4.05, 4.89, 4.98, 4.09, 2.77, 1.98, 0.96, 0, 0.64, 1.16, 2.53, 2.48, 2.26, 2.82, 3.2, 3.38, 3.67, 3.71, 3.9, 4.61, 5.35, 6.29, 6.89, 6.36, 4.94, 4.65, 4.78, 4.72, 5.1, 5.72, 6.86, 7.16, 6.35, 5.56, 6.13, 7.32, 6.94, 5.58, 3.6, 3.15, 2.92, 2.72, 2.39, 2.94, 4.355, 4.754, 4.286, 4.241, 3.461, 3.147, 3.066], [3.69, 3.47, 3.743, 4.011, 4.624, 4.84, 4.65, 4.681, 4.7, 5.878, 6.862, 6.522, 6.876, 6.666, 6.349, 6.331, 7.016, 7.654, 7.98, 7.99, 7.08, 7.11, 7.75, 7.39, 5.88, 4.2, 3.21, 3.4, 2.98, 3.07, 4.19, 4.55, 3.75, 3.66, 3.76, 4.07, 4.99, 5.083, 4.23, 2.89, 2.18, 1.28, 0.64, 0, 1.06, 2.37, 2.34, 2.04, 2.64, 3.04, 3.2, 3.53, 3.63, 3.88, 4.51, 5.23, 6.15, 6.79, 6.28, 4.84, 4.59, 4.7, 4.58, 4.94, 5.6, 6.76, 7.02, 6.25, 5.46, 6.01, 7.24, 6.82, 5.48, 3.56, 3.25, 2.92, 2.78, 2.61, 3.1, 4.493, 4.854, 4.386, 4.327, 3.564, 3.247, 3.22], [4.45, 4.15, 4.48, 4.657, 5.324, 5.46, 5.19, 5.364, 5.34, 6.57, 7.559, 7.279, 7.613, 7.403, 7.086, 7.051, 7.73, 8.36, 8.74, 8.75, 7.84, 7.87, 8.51, 8.13, 6.6, 4.94, 3.95, 4.18, 3.72, 3.73, 4.77, 5.21, 4.49, 4.34, 4.5, 4.87, 5.75, 5.84, 4.99, 3.65, 2.68, 1.64, 1.16, 1.06, 0, 1.65, 1.84, 1.62, 2.1, 2.52, 2.64, 3.01, 3.09, 3.3, 3.83, 4.71, 5.61, 6.25, 5.58, 4.18, 3.91, 4.02, 3.92, 4.42, 5.06, 6.14, 6.535, 5.75, 4.84, 5.43, 6.6, 6.26, 4.9, 3.0, 2.81, 2.72, 2.62, 2.77, 3.54, 5.15, 5.494, 5.086, 5.018, 4.287, 3.944, 3.92], [5.8, 5.52, 5.83, 6.127, 6.794, 6.844, 6.511, 6.694, 6.67, 7.948, 9.012, 8.734, 9.032, 8.802, 8.49, 8.421, 9.06, 9.73, 10.07, 10.08, 9.21, 9.18, 9.82, 9.4, 7.77, 6.13, 5.22, 5.49, 5.03, 5.14, 6.06, 6.52, 5.64, 5.47, 5.63, 6.08, 7.04, 7.15, 6.32, 4.98, 4.09, 2.93, 2.53, 2.37, 1.65, 0, 1.07, 1.13, 1.47, 2.03, 2.09, 2.5, 2.68, 2.97, 3.2, 3.76, 4.7, 5.48, 4.89, 3.79, 3.52, 3.53, 3.43, 3.57, 4.22, 5.33, 5.57, 4.86, 4.01, 4.52, 5.71, 5.35, 4.13, 2.41, 2.64, 2.81, 3.35, 4.08, 4.93, 6.58, 6.998, 6.544, 6.408, 5.677, 5.337, 5.264], [5.81, 5.473, 5.883, 6.245, 6.904, 6.954, 6.655, 6.821, 6.823, 8.092, 9.162, 8.822, 9.116, 8.866, 8.56, 8.551, 9.19, 9.84, 10.12, 10.15, 9.28, 9.23, 9.91, 9.49, 7.74, 6.0, 5.23, 5.48, 5.1, 5.33, 6.19, 6.67, 5.73, 5.54, 5.62, 6.047, 7.053, 7.203, 6.287, 4.97, 4.06, 2.96, 2.48, 2.34, 1.84, 1.07, 0, 0.72, 0.92, 1.48, 1.54, 2.01, 2.19, 2.36, 2.83, 3.41, 4.37, 5.21, 4.76, 3.48, 3.21, 3.26, 3.1, 3.28, 3.94, 5.14, 5.3, 4.59, 3.86, 4.35, 5.56, 5.14, 3.86, 2.18, 2.71, 3.0, 3.6, 4.21, 5.1, 6.726, 7.122, 6.634, 6.541, 5.767, 5.387, 5.306], [5.37, 5.09, 5.417, 5.714, 6.381, 6.431, 6.118, 6.29, 6.28, 7.55, 8.59, 8.31, 8.61, 8.38, 8.06, 8.0, 8.63, 9.3, 9.62, 9.65, 8.78, 8.75, 9.39, 8.95, 7.22, 5.5, 4.69, 5.0, 4.56, 4.77, 5.63, 6.11, 5.17, 4.98, 5.08, 5.564, 6.587, 6.737, 5.87, 4.51, 3.82, 2.7, 2.26, 2.04, 1.62, 1.13, 0.72, 0, 0.94, 1.48, 1.58, 2.11, 2.37, 2.62, 3.15, 3.75, 4.65, 5.41, 4.88, 3.54, 3.31, 3.36, 3.22, 3.45, 4.13, 5.27, 5.49, 4.79, 3.96, 4.43, 5.66, 5.26, 3.96, 2.34, 2.73, 2.8, 3.26, 3.69, 4.54, 6.187, 6.596, 6.132, 5.995, 5.264, 4.924, 4.852], [5.83, 5.51, 5.8, 6.14, 6.81, 6.86, 6.55, 6.71, 6.7, 7.99, 9.09, 8.81, 9.07, 8.8, 8.52, 8.44, 9.11, 9.82, 10.1, 10.09, 9.22, 9.13, 9.85, 9.41, 7.66, 5.92, 5.15, 5.44, 5.04, 5.25, 6.05, 6.53, 5.61, 5.4, 5.46, 5.95, 6.97, 7.12, 6.29, 4.95, 4.4, 3.22, 2.82, 2.64, 2.1, 1.47, 0.92, 0.94, 0, 0.94, 1.02, 1.53, 1.73, 2.1, 2.63, 3.27, 4.19, 4.85, 4.24, 2.96, 2.63, 2.72, 2.52, 2.94, 3.647, 4.647, 4.927, 4.194, 3.3, 3.77, 5.04, 4.66, 3.32, 1.92, 2.09, 2.58, 3.46, 4.09, 5.0, 6.61, 7.04, 6.54, 6.43, 5.69, 5.29, 5.24], [6.33, 6.01, 6.3, 6.6, 7.23, 7.28, 6.99, 7.17, 7.2, 8.43, 9.57, 9.27, 9.53, 9.3, 9.02, 8.9, 9.57, 10.28, 10.6, 10.57, 9.7, 9.61, 10.27, 9.85, 8.06, 6.3, 5.55, 5.9, 5.5, 5.71, 6.53, 6.95, 6.03, 5.84, 5.9, 6.43, 7.47, 7.62, 6.79, 5.45, 4.78, 3.7, 3.2, 3.04, 2.52, 2.03, 1.48, 1.48, 0.94, 0, 0.5, 0.83, 1.09, 1.46, 1.99, 2.75, 3.67, 4.29, 3.66, 2.6, 2.45, 2.38, 2.2, 2.48, 3.084, 4.084, 4.441, 3.671, 2.78, 3.21, 4.48, 4.1, 2.74, 1.76, 2.09, 2.92, 3.86, 4.59, 5.46, 7.09, 7.48, 6.96, 6.87, 6.13, 5.75, 5.74], [6.47, 6.21, 6.48, 6.74, 7.398, 7.442, 7.132, 7.298, 7.314, 8.547, 9.67, 9.39, 9.65, 9.44, 9.16, 9.04, 9.71, 10.42, 10.74, 10.67, 9.8, 9.69, 10.33, 9.91, 8.14, 6.34, 5.65, 5.98, 5.56, 5.77, 6.63, 7.05, 6.11, 5.936, 6.074, 6.598, 7.647, 7.8, 6.97, 5.61, 5.0, 3.9, 3.38, 3.2, 2.64, 2.09, 1.54, 1.58, 1.02, 0.5, 0, 0.77, 1.07, 1.36, 1.93, 2.67, 3.53, 4.09, 3.48, 2.46, 2.27, 2.12, 1.96, 2.28, 2.904, 3.867, 4.181, 3.431, 2.6, 2.99, 4.24, 3.88, 2.56, 1.72, 2.15, 3.08, 4.02, 4.75, 5.56, 7.224, 7.64, 7.14, 7.03, 6.284, 5.95, 5.92], [6.82, 6.56, 6.77, 7.11, 7.745, 7.789, 7.473, 7.642, 7.67, 8.917, 10.04, 9.72, 9.96, 9.73, 9.45, 9.39, 10.04, 10.75, 11.03, 10.96, 10.09, 10.0, 10.66, 10.26, 8.501, 6.71, 6.0, 6.29, 5.93, 6.14, 6.98, 7.42, 6.48, 6.303, 6.404, 6.908, 7.937, 8.09, 7.3, 5.92, 5.27, 4.13, 3.67, 3.53, 3.01, 2.5, 2.01, 2.11, 1.53, 0.83, 0.77, 0, 0.72, 1.05, 1.54, 2.38, 3.12, 3.62, 3.05, 2.27, 2.34, 2.13, 1.91, 2.13, 2.55, 3.511, 3.751, 3.018, 2.49, 2.66, 3.83, 3.47, 2.21, 1.75, 2.06, 3.23, 4.23, 5.025, 5.93, 7.594, 8.01, 7.51, 7.4, 6.614, 6.3, 6.23], [6.8, 6.54, 6.87, 7.152, 7.805, 7.855, 7.616, 7.78, 7.77, 9.02, 10.04, 9.68, 10.0, 9.79, 9.49, 9.51, 10.12, 10.81, 11.07, 11.04, 10.21, 10.16, 10.82, 10.44, 8.65, 6.81, 6.1, 6.37, 5.97, 6.2, 7.14, 7.5, 6.62, 6.43, 6.53, 7.028, 8.031, 8.19, 7.3, 5.98, 5.35, 4.31, 3.71, 3.63, 3.09, 2.68, 2.19, 2.37, 1.73, 1.09, 1.07, 0.72, 0, 0.95, 1.36, 2.2, 3.0, 3.4, 3.03, 2.29, 2.22, 2.09, 2.01, 2.09, 2.47, 3.368, 3.628, 2.96, 2.61, 2.8, 3.75, 3.39, 2.27, 1.85, 2.18, 3.31, 4.35, 5.18, 6.03, 7.619, 8.069, 7.55, 7.5, 6.708, 6.38, 6.27], [7.15, 6.85, 7.331, 7.562, 8.215, 8.325, 8.066, 8.249, 8.236, 9.486, 10.47, 10.07, 10.45, 10.26, 9.94, 9.979, 10.59, 11.24, 11.48, 11.45, 10.66, 10.61, 11.27, 10.89, 9.1, 7.2, 6.49, 6.76, 6.36, 6.59, 7.59, 7.97, 7.07, 6.893, 6.985, 7.498, 8.501, 8.651, 7.69, 6.31, 5.56, 4.4, 3.9, 3.88, 3.3, 2.97, 2.36, 2.62, 2.1, 1.46, 1.36, 1.05, 0.95, 0, 1.09, 1.87, 2.51, 3.15, 2.74, 2.3, 2.31, 2.14, 1.9, 1.9, 2.08, 3.155, 3.395, 2.77, 2.56, 2.71, 3.58, 3.22, 2.12, 2.26, 2.65, 3.8, 4.88, 5.63, 6.496, 8.089, 8.459, 8.005, 7.952, 7.178, 6.838, 6.734], [7.88, 7.54, 8.101, 8.312, 8.985, 9.095, 8.836, 9.019, 9.006, 10.256, 11.239, 10.82, 11.22, 11.03, 10.71, 10.749, 11.36, 12.01, 12.23, 12.22, 11.43, 11.38, 12.04, 11.66, 9.87, 7.93, 7.18, 7.47, 7.07, 7.34, 8.36, 8.72, 7.82, 7.663, 7.755, 8.268, 9.271, 9.421, 8.457, 7.06, 6.15, 5.01, 4.61, 4.51, 3.83, 3.2, 2.83, 3.15, 2.63, 1.99, 1.93, 1.54, 1.36, 1.09, 0, 1.28, 2.06, 2.64, 2.29, 1.97, 2.08, 1.75, 1.69, 1.43, 1.57, 2.634, 2.888, 2.28, 2.01, 2.2, 3.19, 2.81, 2.17, 2.55, 3.16, 4.49, 5.55, 6.4, 7.266, 8.859, 9.189, 8.775, 8.722, 7.948, 7.608, 7.504], [8.577, 8.24, 8.767, 8.978, 9.651, 9.761, 9.502, 9.688, 9.675, 10.925, 11.908, 11.509, 11.903, 11.71, 11.39, 11.418, 12.031, 12.681, 12.91, 12.9, 12.11, 12.04, 12.7, 12.32, 10.53, 8.59, 7.82, 8.13, 7.73, 8.0, 9.04, 9.399, 8.48, 8.332, 8.421, 8.934, 9.937, 10.087, 9.123, 7.82, 6.99, 5.83, 5.35, 5.23, 4.71, 3.76, 3.41, 3.75, 3.27, 2.75, 2.67, 2.38, 2.2, 1.87, 1.28, 0, 1.18, 1.92, 1.91, 2.27, 2.58, 2.27, 2.21, 1.71, 1.15, 1.87, 2.01, 1.62, 2.11, 1.98, 2.55, 2.09, 2.15, 2.81, 3.8, 5.17, 6.21, 7.06, 7.926, 9.525, 9.855, 9.441, 9.387, 8.614, 8.274, 8.17], [9.492, 9.14, 9.687, 9.898, 10.571, 10.681, 10.422, 10.608, 10.595, 11.845, 12.828, 12.429, 12.823, 12.63, 12.31, 12.338, 12.951, 13.601, 13.83, 13.82, 13.027, 12.94, 13.6, 13.22, 11.443, 9.503, 8.74, 9.05, 8.649, 8.911, 9.948, 10.299, 9.38, 9.252, 9.341, 9.854, 10.857, 11.007, 10.043, 8.72, 7.85, 6.75, 6.29, 6.15, 5.61, 4.7, 4.37, 4.65, 4.19, 3.67, 3.53, 3.12, 3.0, 2.51, 2.06, 1.18, 0, 1.28, 1.69, 2.73, 3.18, 2.85, 2.75, 2.23, 1.47, 1.61, 1.49, 1.78, 2.61, 2.36, 2.11, 1.67, 2.39, 3.71, 4.68, 6.09, 7.13, 7.98, 8.846, 10.445, 10.775, 10.361, 10.307, 9.534, 9.194, 9.09], [9.875, 9.592, 9.959, 10.098, 10.759, 10.869, 10.622, 10.788, 10.795, 12.025, 13.029, 12.654, 13.003, 12.81, 12.496, 12.538, 13.131, 13.802, 14.059, 14.02, 13.21, 13.14, 13.8, 13.42, 11.63, 9.69, 8.92, 9.23, 8.83, 9.1, 10.14, 10.499, 9.599, 9.432, 9.541, 10.045, 11.051, 11.207, 10.332, 9.14, 8.61, 7.45, 6.89, 6.79, 6.25, 5.48, 5.21, 5.41, 4.85, 4.29, 4.09, 3.62, 3.4, 3.15, 2.64, 1.92, 1.28, 0, 1.43, 2.61, 3.0, 2.75, 2.79, 2.35, 1.73, 1.19, 1.07, 1.48, 2.35, 2.18, 1.65, 1.35, 2.39, 3.91, 4.897, 6.27, 7.321, 8.165, 9.029, 10.639, 10.975, 10.581, 10.508, 9.792, 9.437, 9.307], [9.49, 9.216, 9.346, 9.514, 10.139, 10.237, 9.913, 10.156, 10.177, 11.353, 12.562, 12.304, 12.604, 12.394, 12.08, 11.92, 12.61, 13.36, 13.66, 13.59, 12.7, 12.57, 13.21, 12.77, 10.94, 9.04, 8.27, 8.76, 8.32, 8.49, 9.49, 9.79, 8.87, 8.708, 8.906, 9.45, 10.516, 10.709, 9.95, 8.69, 8.06, 6.96, 6.36, 6.28, 5.58, 4.89, 4.76, 4.88, 4.24, 3.66, 3.48, 3.05, 3.03, 2.74, 2.29, 1.91, 1.69, 1.43, 0, 1.8, 2.27, 2.02, 2.1, 1.94, 1.46, 1.52, 1.54, 1.27, 1.76, 1.61, 1.76, 1.94, 2.06, 3.5, 4.51, 5.78, 6.78, 7.51, 8.42, 10.019, 10.332, 10.034, 9.882, 9.13, 8.907, 8.877], [7.99, 7.733, 7.983, 8.106, 8.767, 8.871, 8.544, 8.767, 8.78, 9.953, 11.102, 10.824, 11.142, 10.932, 10.649, 10.489, 11.196, 11.912, 12.229, 12.17, 11.3, 11.17, 11.81, 11.37, 9.56, 7.62, 6.95, 7.32, 6.9, 7.07, 8.09, 8.404, 7.481, 7.328, 7.54, 8.084, 9.133, 9.289, 8.47, 7.17, 6.62, 5.54, 4.94, 4.84, 4.18, 3.79, 3.48, 3.54, 2.96, 2.6, 2.46, 2.27, 2.29, 2.3, 1.97, 2.27, 2.73, 2.61, 1.8, 0, 1.11, 1.2, 1.2, 1.34, 1.84, 2.4, 2.78, 2.03, 1.46, 1.85, 2.82, 2.86, 2.74, 2.72, 3.53, 4.52, 5.397, 6.141, 7.02, 8.65, 8.909, 8.574, 8.459, 7.77, 7.427, 7.414], [7.453, 7.216, 7.408, 7.479, 8.123, 8.221, 7.914, 8.128, 8.131, 9.36, 10.423, 10.178, 10.478, 10.262, 9.979, 9.89, 10.52, 11.236, 11.55, 11.486, 10.613, 10.48, 11.137, 10.68, 8.904, 6.976, 6.251, 6.622, 6.21, 6.394, 7.463, 7.748, 6.859, 6.706, 6.889, 7.417, 8.448, 8.627, 7.884, 6.82, 6.37, 5.27, 4.65, 4.59, 3.91, 3.52, 3.21, 3.31, 2.63, 2.45, 2.27, 2.34, 2.22, 2.31, 2.08, 2.58, 3.18, 3.0, 2.27, 1.11, 0, 0.69, 0.89, 1.39, 2.15, 2.77, 3.11, 2.32, 1.45, 2.0, 3.11, 3.01, 2.69, 2.47, 3.1, 3.87, 4.81, 5.511, 6.356, 7.968, 8.322, 7.962, 7.86, 7.161, 6.844, 6.803], [7.725, 7.506, 7.718, 7.769, 8.393, 8.491, 8.178, 8.441, 8.457, 9.665, 10.693, 10.467, 10.767, 10.555, 10.234, 10.2, 10.784, 11.494, 11.809, 11.756, 10.88, 10.77, 11.427, 10.97, 9.214, 7.266, 6.55, 6.9, 6.5, 6.684, 7.741, 8.038, 7.138, 6.996, 7.16, 7.687, 8.716, 8.883, 8.162, 7.09, 6.54, 5.4, 4.78, 4.7, 4.02, 3.53, 3.26, 3.36, 2.72, 2.38, 2.12, 2.13, 2.09, 2.14, 1.75, 2.27, 2.85, 2.75, 2.02, 1.2, 0.69, 0, 0.76, 1.2, 1.8, 2.52, 2.86, 2.05, 1.3, 1.67, 2.82, 2.7, 2.34, 2.34, 3.05, 4.1, 5.02, 5.781, 6.626, 8.238, 8.598, 8.255, 8.133, 7.428, 7.154, 7.081], [7.856, 7.619, 7.809, 7.903, 8.556, 8.654, 8.344, 8.558, 8.578, 9.79, 10.893, 10.645, 10.945, 10.732, 10.414, 10.303, 10.959, 11.694, 11.994, 11.919, 11.046, 10.933, 11.573, 11.11, 9.331, 7.409, 6.684, 7.094, 6.66, 6.867, 7.876, 8.187, 7.295, 7.136, 7.325, 7.861, 8.898, 9.06, 8.331, 7.02, 6.46, 5.3, 4.72, 4.58, 3.92, 3.43, 3.1, 3.22, 2.52, 2.2, 1.96, 1.91, 2.01, 1.9, 1.69, 2.21, 2.75, 2.79, 2.1, 1.2, 0.89, 0.76, 0, 0.88, 1.66, 2.44, 2.86, 2.15, 1.48, 1.75, 2.9, 2.8, 2.5, 2.84, 3.31, 4.36, 5.28, 5.944, 6.789, 8.418, 8.746, 8.412, 8.293, 7.553, 7.291, 7.243], [8.256, 7.999, 8.329, 8.511, 9.158, 9.259, 8.997, 9.175, 9.206, 10.426, 11.436, 11.065, 11.422, 11.232, 10.892, 10.934, 11.527, 12.217, 12.454, 12.401, 11.58, 11.504, 12.161, 11.761, 9.996, 8.068, 7.307, 7.637, 7.243, 7.475, 8.489, 8.843, 7.934, 7.796, 7.928, 8.444, 9.449, 9.608, 8.736, 7.4, 6.83, 5.67, 5.1, 4.94, 4.42, 3.57, 3.28, 3.45, 2.94, 2.48, 2.28, 2.13, 2.09, 1.9, 1.43, 1.71, 2.23, 2.35, 1.94, 1.34, 1.39, 1.2, 0.88, 0, 1.16, 2.04, 2.32, 1.73, 1.48, 1.59, 2.58, 2.5, 2.56, 2.96, 3.51, 4.76, 5.823, 6.552, 7.431, 9.038, 9.38, 8.995, 8.913, 8.124, 7.851, 7.721], [8.957, 8.682, 9.029, 9.228, 9.881, 9.985, 9.726, 9.898, 9.923, 11.144, 12.156, 11.825, 12.173, 11.963, 11.654, 11.637, 12.261, 12.92, 13.217, 13.164, 12.312, 12.239, 12.893, 12.504, 10.731, 8.791, 8.03, 8.349, 7.954, 8.222, 9.227, 9.578, 8.666, 8.536, 8.657, 9.164, 10.178, 10.334, 9.454, 8.145, 7.458, 6.295, 5.72, 5.6, 5.06, 4.22, 3.94, 4.13, 3.647, 3.084, 2.904, 2.55, 2.47, 2.08, 1.57, 1.15, 1.47, 1.73, 1.46, 1.84, 2.15, 1.8, 1.66, 1.16, 0, 1.28, 1.62, 1.19, 1.76, 1.39, 1.92, 1.8, 2.24, 3.217, 4.053, 5.408, 6.446, 7.275, 8.154, 9.776, 10.1, 9.711, 9.633, 8.85, 8.551, 8.458], [9.854, 9.531, 9.829, 9.914, 10.576, 10.679, 10.372, 10.576, 10.589, 11.778, 12.91, 12.633, 12.95, 12.758, 12.457, 12.297, 13.004, 13.72, 14.037, 13.964, 13.091, 12.978, 13.618, 13.156, 11.383, 9.454, 8.716, 9.12, 8.697, 8.924, 9.881, 10.218, 9.307, 9.165, 9.348, 9.893, 10.941, 11.097, 10.331, 9.205, 8.618, 7.46, 6.86, 6.76, 6.14, 5.33, 5.14, 5.27, 4.647, 4.084, 3.867, 3.511, 3.368, 3.155, 2.634, 1.87, 1.61, 1.19, 1.52, 2.4, 2.77, 2.52, 2.44, 2.04, 1.28, 0, 1.0, 1.27, 2.04, 1.65, 1.44, 1.58, 2.6, 3.98, 4.848, 6.192, 7.232, 7.953, 8.834, 10.459, 10.737, 10.383, 10.287, 9.651, 9.236, 9.223], [10.071, 9.845, 10.138, 10.292, 10.93, 11.028, 10.757, 10.947, 10.966, 12.184, 13.23, 12.853, 13.193, 13.003, 12.66, 12.706, 13.29, 14.02, 14.22, 14.144, 13.343, 13.267, 13.924, 13.524, 11.771, 9.851, 9.09, 9.42, 9.012, 9.273, 10.252, 10.606, 9.706, 9.556, 9.682, 10.213, 11.21, 11.377, 10.551, 9.385, 8.875, 7.715, 7.16, 7.02, 6.535, 5.57, 5.3, 5.49, 4.927, 4.441, 4.181, 3.751, 3.628, 3.395, 2.888, 2.01, 1.49, 1.07, 1.54, 2.78, 3.11, 2.86, 2.86, 2.32, 1.62, 1.0, 0, 1.25, 2.44, 2.07, 1.8, 1.72, 2.8, 4.081, 5.096, 6.429, 7.506, 8.315, 9.194, 10.804, 11.16, 10.783, 10.69, 9.928, 9.636, 9.512], [9.184, 8.944, 9.065, 9.256, 9.837, 9.882, 9.628, 9.82, 9.893, 11.043, 12.197, 11.883, 12.183, 11.973, 11.674, 11.676, 12.2, 12.99, 13.227, 13.094, 12.224, 12.132, 12.792, 12.351, 10.63, 8.827, 8.043, 8.43, 8.096, 8.26, 9.134, 9.433, 8.551, 8.438, 8.561, 9.057, 10.074, 10.307, 9.618, 8.633, 8.11, 6.95, 6.35, 6.25, 5.75, 4.86, 4.59, 4.79, 4.194, 3.671, 3.431, 3.018, 2.96, 2.77, 2.28, 1.62, 1.78, 1.48, 1.27, 2.03, 2.32, 2.05, 2.15, 1.73, 1.19, 1.27, 1.25, 0, 1.37, 1.16, 1.37, 1.45, 1.99, 3.19, 4.103, 5.327, 6.37, 7.194, 8.104, 9.694, 10.15, 9.733, 9.617, 8.758, 8.606, 8.534], [8.405, 8.128, 8.249, 8.386, 8.802, 8.786, 8.476, 8.707, 8.863, 9.967, 11.202, 11.033, 11.273, 11.052, 10.72, 10.66, 11.19, 11.977, 12.26, 12.119, 11.229, 11.09, 11.73, 11.247, 9.48, 7.78, 7.03, 7.54, 7.2, 7.29, 8.039, 8.318, 7.387, 7.266, 7.466, 7.982, 9.093, 9.294, 8.782, 7.77, 7.22, 6.06, 5.56, 5.46, 4.84, 4.01, 3.86, 3.96, 3.3, 2.78, 2.6, 2.49, 2.61, 2.56, 2.01, 2.11, 2.61, 2.35, 1.76, 1.46, 1.45, 1.3, 1.48, 1.48, 1.76, 2.04, 2.44, 1.37, 0, 0.81, 1.94, 1.98, 1.74, 2.44, 3.39, 4.36, 5.4, 6.05, 7.0, 8.639, 9.166, 8.743, 8.533, 7.842, 7.633, 7.655], [8.92, 8.68, 8.83, 9.01, 9.42, 9.37, 9.04, 9.34, 9.51, 10.62, 11.82, 11.68, 11.92, 11.67, 11.35, 11.27, 11.8, 12.61, 12.87, 12.7, 11.81, 11.66, 12.32, 11.84, 10.17, 8.45, 7.68, 8.21, 7.87, 7.96, 8.6, 8.894, 7.98, 7.81, 8.03, 8.58, 9.66, 9.91, 9.32, 8.28, 7.77, 6.61, 6.13, 6.01, 5.43, 4.52, 4.35, 4.43, 3.77, 3.21, 2.99, 2.66, 2.8, 2.71, 2.2, 1.98, 2.36, 2.18, 1.61, 1.85, 2.0, 1.67, 1.75, 1.59, 1.39, 1.65, 2.07, 1.16, 0.81, 0, 1.33, 1.55, 1.69, 2.89, 3.82, 4.95, 6.05, 6.62, 7.65, 9.26, 9.79, 9.39, 9.14, 8.42, 8.26, 8.25], [10.03, 9.77, 9.9, 10.02, 10.43, 10.38, 10.03, 10.39, 10.54, 11.61, 12.83, 12.69, 12.95, 12.72, 12.4, 12.32, 12.85, 13.66, 13.92, 13.73, 12.86, 12.69, 13.35, 12.85, 11.16, 9.42, 8.69, 9.22, 8.88, 8.93, 9.63, 9.77, 8.93, 8.74, 9.04, 9.63, 10.71, 10.96, 10.41, 9.49, 9.0, 7.82, 7.32, 7.24, 6.6, 5.71, 5.56, 5.66, 5.04, 4.48, 4.24, 3.83, 3.75, 3.58, 3.19, 2.55, 2.11, 1.65, 1.76, 2.82, 3.11, 2.82, 2.9, 2.58, 1.92, 1.44, 1.8, 1.37, 1.94, 1.33, 0, 1.04, 2.0, 3.94, 4.85, 6.0, 7.1, 7.67, 8.66, 10.25, 10.76, 10.4, 10.15, 9.47, 9.31, 9.3], [9.81, 9.55, 9.7, 9.82, 10.25, 10.24, 9.99, 10.25, 10.4, 11.51, 12.65, 12.47, 12.77, 12.54, 12.22, 12.18, 12.67, 13.48, 13.74, 13.59, 12.7, 12.55, 13.19, 12.75, 11.06, 9.26, 8.51, 9.0, 8.68, 8.77, 9.53, 9.818, 8.93, 8.8, 8.92, 9.49, 10.55, 10.78, 10.21, 9.17, 8.66, 7.5, 6.94, 6.82, 6.26, 5.35, 5.14, 5.26, 4.66, 4.1, 3.88, 3.47, 3.39, 3.22, 2.81, 2.09, 1.67, 1.35, 1.94, 2.86, 3.01, 2.7, 2.8, 2.5, 1.8, 1.58, 1.72, 1.45, 1.98, 1.55, 1.04, 0, 1.64, 3.7, 4.67, 5.82, 6.92, 7.55, 8.52, 10.11, 10.62, 10.2, 10.03, 9.29, 9.13, 9.12], [8.45, 8.17, 8.3, 8.4, 8.739, 8.749, 8.51, 8.71, 8.92, 10.01, 11.17, 11.01, 11.29, 11.08, 10.72, 10.7, 11.17, 11.94, 12.26, 12.09, 11.2, 11.07, 11.71, 11.31, 9.54, 7.82, 7.07, 7.54, 7.22, 7.31, 8.03, 8.33, 7.43, 7.279, 7.423, 8.01, 9.07, 9.28, 8.83, 7.79, 7.26, 6.12, 5.58, 5.48, 4.9, 4.13, 3.86, 3.96, 3.32, 2.74, 2.56, 2.21, 2.27, 2.12, 2.17, 2.15, 2.39, 2.39, 2.06, 2.74, 2.69, 2.34, 2.5, 2.56, 2.24, 2.6, 2.8, 1.99, 1.74, 1.69, 2.0, 1.64, 0, 2.38, 3.25, 4.36, 5.46, 6.07, 7.0, 8.599, 9.18, 8.7, 8.55, 7.93, 7.65, 7.68], [6.15, 5.91, 6.22, 6.46, 7.027, 7.059, 6.757, 6.955, 6.997, 8.224, 9.279, 8.947, 9.227, 9.014, 8.637, 8.737, 9.278, 9.972, 10.189, 10.15, 9.32, 9.27, 9.97, 9.55, 7.82, 6.08, 5.27, 5.56, 5.2, 5.41, 6.27, 6.67, 5.79, 5.596, 5.728, 6.19, 7.181, 7.346, 6.59, 5.65, 5.2, 4.08, 3.6, 3.56, 3.0, 2.41, 2.18, 2.34, 1.92, 1.76, 1.72, 1.75, 1.85, 2.26, 2.55, 2.81, 3.71, 3.91, 3.5, 2.72, 2.47, 2.34, 2.84, 2.96, 3.217, 3.98, 4.081, 3.19, 2.44, 2.89, 3.94, 3.7, 2.38, 0, 1.69, 2.48, 3.48, 4.298, 5.182, 6.829, 7.312, 6.852, 6.693, 5.95, 5.687, 5.56], [5.32, 5.04, 5.25, 5.49, 6.076, 6.13, 5.813, 5.976, 5.99, 7.251, 8.3, 7.96, 8.26, 8.01, 7.75, 7.75, 8.