[[0, 0.98, 1.43, 1.58, 1.57, 1.3, 1.19, 1.67, 2.18, 1.99, 1.69, 1.65, 1.38, 1.85, 2.6, 2.76, 4.06, 4.64, 4.66, 4.18, 3.93, 4.32, 4.77, 5.27, 6.92, 8.641, 8.681, 7.667, 7.164, 6.888, 7.168, 7.653, 8.0, 8.073, 7.4, 6.67, 5.97, 5.53, 5.77, 5.77, 4.56, 3.66, 4.42, 4.87, 4.89, 4.79, 5.03, 4.67, 4.3, 4.24, 5.04, 5.4, 4.933, 4.35, 4.27, 5.64, 6.34, 6.48, 7.197, 7.217, 6.573, 5.65, 4.725, 4.31, 4.17, 4.373, 4.91, 5.27, 6.213, 7.139, 7.788, 8.322, 8.317, 9.6, 11.528, 12.598, 12.314, 11.501, 10.113, 10.05, 10.276, 9.863, 10.594, 10.908, 9.977, 9.079], [0.98, 0, 0.93, 1.3, 1.19, 0.96, 0.99, 1.29, 1.8, 1.75, 1.29, 1.31, 1.3, 2.07, 2.9, 3.12, 4.435, 4.99, 5.032, 4.52, 4.243, 4.62, 5.05, 5.69, 7.273, 8.999, 8.993, 8.039, 7.524, 7.28, 7.548, 7.935, 8.29, 8.355, 7.69, 6.943, 6.263, 5.803, 6.05, 5.75, 4.38, 3.48, 3.98, 4.47, 4.59, 4.55, 4.83, 4.53, 4.16, 4.34, 5.39, 5.69, 5.233, 4.58, 4.523, 5.916, 6.616, 6.81, 7.64, 7.62, 6.955, 5.923, 4.985, 4.593, 4.425, 4.693, 5.24, 5.64, 6.573, 7.481, 8.175, 8.672, 8.665, 9.972, 11.887, 12.954, 12.644, 11.837, 10.478, 10.358, 10.623, 10.195, 10.894, 11.27, 10.381, 9.408], [1.43, 0.93, 0, 0.77, 0.94, 0.99, 1.1, 1.46, 1.67, 1.56, 1.18, 1.38, 1.39, 2.2, 3.11, 3.39, 4.663, 5.208, 5.294, 4.79, 4.464, 4.868, 5.18, 5.88, 7.425, 9.171, 9.22, 8.254, 7.755, 7.495, 7.721, 8.128, 8.448, 8.528, 7.82, 7.073, 6.47, 5.996, 6.231, 5.936, 4.43, 3.49, 3.91, 4.42, 4.66, 4.56, 4.96, 4.776, 4.39, 4.564, 5.571, 5.843, 5.388, 4.867, 4.747, 6.109, 6.826, 7.02, 7.793, 7.773, 7.114, 6.167, 5.201, 4.765, 4.618, 4.848, 5.381, 5.824, 6.811, 7.701, 8.388, 8.905, 8.895, 10.199, 12.108, 13.187, 12.874, 12.063, 10.705, 10.565, 10.853, 10.419, 11.109, 11.497, 10.589, 9.655], [1.58, 1.3, 0.77, 0, 0.93, 0.98, 1.17, 1.53, 2.02, 1.87, 1.39, 1.67, 1.6, 2.39, 3.18, 3.344, 4.581, 5.224, 5.284, 4.88, 4.617, 4.898, 5.23, 5.83, 7.498, 9.167, 9.133, 8.156, 7.667, 7.412, 7.751, 8.244, 8.541, 8.641, 8.01, 7.263, 6.66, 6.183, 6.301, 5.99, 4.56, 3.6, 3.96, 4.51, 4.77, 4.67, 5.07, 4.87, 4.5, 4.614, 5.704, 5.901, 5.484, 5.037, 4.92, 6.293, 6.996, 7.21, 7.811, 7.771, 7.264, 6.34, 5.334, 4.838, 4.731, 4.964, 5.517, 5.877, 6.721, 7.582, 8.204, 8.74, 8.764, 10.034, 11.973, 13.025, 12.701, 11.87, 10.543, 10.479, 10.723, 10.312, 11.057, 11.37, 10.432, 9.591], [1.57, 1.19, 0.94, 0.93, 0, 0.65, 1.02, 1.5, 2.15, 2.1, 1.58, 1.68, 1.61, 2.54, 3.365, 3.508, 4.725, 5.408, 5.168, 4.911, 4.641, 5.128, 5.475, 6.033, 7.705, 9.383, 9.16, 8.28, 7.88, 7.613, 7.895, 8.448, 8.768, 8.868, 8.111, 7.353, 6.727, 6.193, 6.371, 6.1, 4.65, 3.73, 4.13, 4.6, 4.86, 4.8, 5.16, 4.96, 4.61, 4.729, 5.911, 6.165, 5.728, 5.104, 4.964, 6.389, 7.046, 7.314, 8.075, 8.093, 7.468, 6.424, 5.461, 5.045, 4.898, 5.168, 5.738, 6.078, 6.928, 7.68, 8.137, 8.535, 8.631, 9.927, 11.852, 12.876, 12.437, 11.653, 10.43, 10.417, 10.572, 10.367, 11.13, 11.327, 10.429, 9.484], [1.3, 0.96, 0.99, 0.98, 0.65, 0, 0.77, 1.47, 2.02, 2.07, 1.59, 1.65, 1.44, 2.31, 3.115, 3.278, 4.515, 5.158, 5.084, 4.707, 4.477, 4.938, 5.265, 5.843, 7.495, 9.207, 9.042, 8.159, 7.69, 7.437, 7.725, 8.238, 8.558, 8.658, 7.97, 7.243, 6.64, 6.123, 6.261, 5.969, 4.58, 3.66, 4.16, 4.61, 4.81, 4.75, 5.03, 4.79, 4.44, 4.574, 5.721, 5.955, 5.518, 4.937, 4.82, 6.273, 6.956, 7.19, 7.885, 7.903, 7.278, 6.28, 5.271, 4.855, 4.708, 4.978, 5.557, 5.897, 6.738, 7.527, 8.107, 8.522, 8.584, 9.9, 11.775, 12.884, 12.447, 11.667, 10.386, 10.297, 10.506, 10.232, 10.96, 11.263, 10.387, 9.448], [1.19, 0.99, 1.1, 1.17, 1.02, 0.77, 0, 1.18, 1.79, 1.84, 1.38, 1.22, 1.35, 2.24, 3.078, 3.24, 4.548, 5.117, 5.108, 4.717, 4.407, 4.768, 5.17, 5.807, 7.446, 9.178, 9.046, 8.169, 7.66, 7.425, 7.705, 8.147, 8.443, 8.541, 7.883, 7.133, 6.513, 6.036, 6.251, 6.1, 4.75, 3.77, 4.33, 4.8, 4.96, 4.94, 5.2, 4.94, 4.55, 4.629, 5.571, 5.869, 5.404, 4.827, 4.713, 6.166, 6.886, 7.063, 7.813, 7.799, 7.133, 6.153, 5.12, 4.695, 4.551, 4.844, 5.407, 5.767, 6.618, 7.475, 8.138, 8.584, 8.587, 9.911, 11.786, 12.938, 12.52, 11.725, 10.391, 10.252, 10.517, 10.165, 10.89, 11.263, 10.434, 9.467], [1.67, 1.29, 1.46, 1.53, 1.5, 1.47, 1.18, 0, 1.03, 1.14, 0.98, 1.14, 1.83, 2.82, 3.763, 3.961, 5.251, 5.794, 5.748, 5.417, 5.11, 5.488, 5.973, 6.587, 8.12, 9.855, 9.78, 8.866, 8.34, 8.122, 8.382, 8.783, 9.051, 9.183, 8.463, 7.676, 7.053, 6.585, 6.894, 6.605, 5.247, 4.267, 4.79, 5.2, 5.457, 5.417, 5.694, 5.445, 5.075, 5.192, 6.248, 6.585, 6.045, 5.327, 5.247, 6.695, 7.352, 7.617, 8.567, 8.535, 7.811, 6.727, 5.781, 5.405, 5.215, 5.565, 6.098, 6.458, 7.385, 8.169, 8.872, 9.338, 9.301, 10.605, 12.534, 13.652, 13.263, 12.479, 11.102, 10.949, 11.231, 10.859, 11.49, 11.96, 11.168, 10.184], [2.18, 1.8, 1.67, 2.02, 2.15, 2.02, 1.79, 1.03, 0, 0.69, 0.99, 1.47, 2.214, 3.098, 4.154, 4.456, 5.664, 6.202, 6.27, 5.73, 5.441, 5.801, 6.165, 6.875, 8.47, 10.208, 10.237, 9.263, 8.74, 8.502, 8.755, 9.113, 9.393, 9.502, 8.813, 7.989, 7.361, 7.064, 7.366, 6.995, 5.54, 4.6, 5.083, 5.553, 5.81, 5.69, 6.038, 5.798, 5.468, 5.619, 6.521, 6.819, 6.325, 5.64, 5.506, 6.991, 7.648, 7.856, 8.855, 8.769, 8.04, 6.966, 6.081, 5.751, 5.581, 5.825, 6.311, 6.79, 7.753, 8.686, 9.376, 9.87, 9.883, 11.19, 13.088, 14.175, 13.827, 13.032, 11.695, 11.545, 11.824, 11.396, 12.095, 12.491, 11.576, 10.626], [1.99, 1.75, 1.56, 1.87, 2.1, 2.07, 1.84, 1.14, 0.69, 0, 0.78, 1.44, 2.29, 3.262, 4.177, 4.51, 5.751, 6.354, 6.368, 5.857, 5.55, 5.837, 6.293, 6.984, 8.557, 10.312, 10.416, 9.42, 8.886, 8.613, 8.859, 9.218, 9.48, 9.6, 8.906, 8.079, 7.322, 7.062, 7.274, 6.779, 5.298, 4.484, 4.87, 5.4, 5.597, 5.434, 5.905, 5.745, 5.375, 5.424, 6.468, 6.923, 6.425, 5.75, 5.576, 6.952, 7.632, 7.766, 8.862, 8.773, 8.025, 6.95, 6.101, 5.805, 5.655, 5.903, 6.39, 6.87, 7.899, 8.87, 9.585, 10.101, 10.076, 11.376, 13.281, 14.374, 14.093, 13.28, 11.892, 11.779, 12.035, 11.595, 12.292, 12.661, 11.762, 10.82], [1.69, 1.29, 1.18, 1.39, 1.58, 1.59, 1.38, 0.98, 0.99, 0.78, 0, 1.26, 1.99, 2.939, 3.843, 4.071, 5.351, 5.971, 6.008, 5.494, 5.244, 5.551, 6.013, 6.65, 8.2, 9.978, 10.043, 8.983, 8.54, 8.225, 8.465, 8.911, 9.191, 9.311, 8.574, 7.756, 7.147, 6.659, 6.874, 6.602, 5.204, 4.244, 4.69, 5.197, 5.397, 5.294, 5.668, 5.425, 5.075, 5.206, 6.314, 6.625, 6.171, 5.607, 5.487, 6.772, 7.449, 7.717, 8.55, 8.535, 7.871, 6.907, 5.984, 5.568, 5.441, 5.671, 6.201, 6.601, 7.551, 8.496, 9.182, 9.733, 9.676, 10.963, 12.924, 13.977, 13.708, 12.88, 11.492, 11.402, 11.635, 11.221, 11.97, 12.261, 11.357, 10.438], [1.65, 1.31, 1.38, 1.67, 1.68, 1.65, 1.22, 1.14, 1.47, 1.44, 1.26, 0, 1.23, 2.24, 3.194, 3.644, 4.825, 5.399, 5.308, 4.894, 4.621, 5.048, 5.529, 6.206, 7.682, 9.366, 9.517, 8.525, 7.974, 7.741, 7.836, 8.138, 8.42, 8.62, 7.886, 7.199, 6.522, 6.211, 6.574, 6.168, 4.884, 3.904, 4.31, 4.76, 5.017, 4.974, 5.291, 5.065, 4.698, 4.675, 5.648, 5.983, 5.383, 4.647, 4.576, 6.055, 6.752, 6.906, 8.056, 7.973, 7.163, 5.993, 5.061, 4.763, 4.573, 5.003, 5.595, 6.106, 7.097, 7.828, 8.498, 9.046, 9.037, 10.299, 12.333, 13.361, 13.131, 12.31, 10.893, 10.761, 11.033, 10.623, 11.277, 11.668, 10.837, 9.872], [1.38, 1.3, 1.39, 1.6, 1.61, 1.44, 1.35, 1.83, 2.214, 2.29, 1.99, 1.23, 0, 1.31, 2.34, 2.8, 4.009, 4.583, 4.569, 4.118, 3.836, 4.24, 4.69, 5.43, 6.866, 8.558, 8.732, 7.721, 7.163, 6.939, 6.968, 7.275, 7.575, 7.766, 7.038, 6.36, 5.717, 5.31, 5.63, 5.27, 4.1, 3.1, 3.68, 4.13, 4.25, 4.23, 4.41, 4.17, 3.76, 3.82, 4.798, 5.161, 4.561, 3.851, 3.791, 5.176, 5.833, 6.067, 7.239, 7.148, 6.315, 5.171, 4.205, 3.96, 3.785, 4.147, 4.77, 5.29, 6.303, 7.129, 7.839, 8.355, 8.353, 9.626, 11.551, 12.702, 12.433, 11.619, 10.22, 10.054, 10.345, 9.918, 10.538, 10.909, 9.998, 9.088], [1.85, 2.07, 2.2, 2.39, 2.54, 2.31, 2.24, 2.82, 3.098, 3.262, 2.939, 2.24, 1.31, 0, 1.27, 1.75, 2.79, 3.37, 3.37, 2.91, 2.64, 3.03, 3.46, 4.22, 5.63, 7.322, 7.513, 6.467, 5.936, 5.683, 5.772, 6.11, 6.41, 6.57, 5.79, 5.16, 4.62, 4.26, 4.7, 4.66, 3.71, 2.81, 3.57, 3.9, 3.96, 3.94, 3.98, 3.68, 3.29, 3.29, 3.75, 3.99, 3.45, 3.0, 3.0, 4.23, 4.87, 5.07, 5.995, 5.92, 5.21, 4.22, 3.28, 2.93, 2.68, 3.03, 3.6, 4.1, 5.07, 5.893, 6.608, 7.139, 7.119, 8.41, 10.336, 11.46, 11.199, 10.397, 8.992, 8.838, 9.129, 8.703, 9.331, 9.681, 8.762, 7.874], [2.6, 2.9, 3.11, 3.18, 3.365, 3.115, 3.078, 3.763, 4.154, 4.177, 3.843, 3.194, 2.34, 1.27, 0, 1.14, 1.88, 2.56, 2.48, 2.04, 1.91, 2.24, 2.65, 3.33, 4.7, 6.335, 6.543, 5.497, 4.977, 4.713, 4.73, 5.18, 5.5, 5.68, 5.08, 4.61, 4.11, 3.65, 4.03, 4.57, 3.78, 3.0, 3.8, 3.99, 4.03, 4.03, 4.05, 3.79, 3.48, 3.44, 3.48, 3.48, 3.02, 2.83, 2.91, 3.76, 4.34, 4.4, 5.05, 5.01, 4.38, 3.53, 2.47, 2.02, 2.01, 2.42, 2.83, 3.27, 4.16, 4.931, 5.606, 6.163, 6.166, 7.445, 9.383, 10.495, 10.246, 9.444, 8.039, 7.885, 8.176, 7.741, 8.387, 8.717, 7.777, 6.93], [2.76, 3.12, 3.39, 3.344, 3.508, 3.278, 3.24, 3.961, 4.456, 4.51, 4.071, 3.644, 2.8, 1.75, 1.14, 0, 1.44, 2.06, 2.04, 1.7, 1.47, 1.86, 2.27, 2.85, 4.34, 6.04, 6.08, 5.052, 4.538, 4.325, 4.525, 4.96, 5.32, 5.4, 4.84, 4.23, 3.69, 3.25, 3.55, 4.03, 3.28, 3.16, 3.88, 3.87, 3.89, 4.05, 3.95, 3.59, 3.46, 3.48, 3.34, 3.3, 2.88, 2.87, 2.89, 3.38, 4.0, 4.16, 4.73, 4.73, 4.1, 3.25, 2.19, 2.06, 1.93, 2.1, 2.47, 2.87, 3.68, 4.535, 5.22, 5.749, 5.727, 7.003, 8.943, 10.033, 9.749, 8.953, 7.554, 7.451, 7.679, 7.301, 7.988, 8.297, 7.397, 6.43], [4.06, 4.435, 4.663, 4.581, 4.725, 4.515, 4.548, 5.251, 5.664, 5.751, 5.351, 4.825, 4.009, 2.79, 1.88, 1.44, 0, 1.08, 1.02, 1.08, 1.23, 1.22, 1.15, 1.71, 3.16, 4.84, 4.82, 3.76, 3.36, 3.01, 3.25, 3.86, 4.26, 4.28, 3.84, 3.37, 3.05, 2.81, 3.29, 3.91, 3.6, 4.0, 4.6, 4.45, 4.43, 4.63, 4.47, 4.13, 4.06, 4.02, 3.28, 2.9, 2.7, 2.95, 2.91, 3.02, 3.26, 3.26, 3.51, 3.51, 3.04, 2.47, 1.89, 1.98, 1.93, 2.0, 1.97, 2.17, 2.64, 3.28, 3.926, 4.466, 4.426, 5.722, 7.68, 8.747, 8.486, 7.684, 6.299, 6.22, 6.445, 6.07, 6.79, 7.034, 6.094, 5.23], [4.64, 4.99, 5.208, 5.224, 5.408, 5.158, 5.117, 5.794, 6.202, 6.354, 5.971, 5.399, 4.583, 3.37, 2.56, 2.06, 1.08, 0, 0.88, 1.2, 1.41, 1.36, 1.21, 1.49, 2.46, 4.16, 4.18, 3.14, 2.66, 2.47, 2.63, 3.16, 3.54, 3.5, 3.02, 2.61, 2.45, 2.29, 2.75, 3.43, 3.52, 4.2, 4.76, 4.47, 4.45, 4.71, 4.41, 4.09, 4.1, 4.0, 3.12, 2.94, 2.64, 2.89, 2.97, 2.9, 2.82, 2.72, 2.87, 2.89, 2.38, 1.95, 1.73, 2.18, 1.99, 1.86, 1.69, 1.67, 2.1, 2.58, 3.303, 3.84, 3.812, 5.079, 7.017, 8.149, 7.88, 7.085, 5.679, 5.54, 5.822, 5.39, 6.05, 6.38, 5.46, 4.53], [4.66, 5.032, 5.294, 5.284, 5.168, 5.084, 5.108, 5.748, 6.27, 6.368, 6.008, 5.308, 4.569, 3.37, 2.48, 2.04, 1.02, 0.88, 0, 0.92, 1.25, 1.24, 1.23, 1.61, 2.8, 4.34, 4.26, 3.28, 2.86, 2.61, 2.79, 3.48, 3.84, 3.82, 3.18, 2.83, 2.67, 2.45, 3.03, 3.71, 3.44, 3.96, 4.58, 4.31, 4.37, 4.57, 4.33, 4.03, 4.0, 3.92, 3.12, 2.9, 2.62, 2.77, 2.79, 2.84, 2.68, 2.6, 3.09, 3.11, 2.5, 1.87, 1.65, 2.1, 1.83, 1.88, 1.69, 1.71, 2.32, 2.7, 3.339, 3.893, 3.815, 5.097, 7.1, 8.139, 7.878, 7.079, 5.677, 5.6, 5.805, 5.49, 6.25, 6.42, 5.574, 4.582], [4.18, 4.52, 4.79, 4.88, 4.911, 4.707, 4.717, 5.417, 5.73, 5.857, 5.494, 4.894, 4.118, 2.91, 2.04, 1.7, 1.08, 1.2, 0.92, 0, 0.63, 0.72, 1.01, 1.51, 3.06, 4.58, 4.683, 3.717, 3.18, 2.99, 3.19, 3.78, 4.18, 4.06, 3.5, 3.13, 2.87, 2.57, 3.09, 3.73, 3.18, 3.58, 4.16, 3.97, 3.99, 4.19, 3.99, 3.67, 3.6, 3.54, 2.92, 2.62, 2.34, 2.47, 2.53, 2.74, 2.86, 2.66, 3.25, 3.25, 2.64, 1.89, 1.39, 1.74, 1.63, 1.56, 1.39, 1.69, 2.4, 3.156, 3.889, 4.426, 4.386, 5.656, 7.603, 8.675, 8.4, 7.59, 6.205, 6.039, 6.333, 5.861, 6.607, 6.957, 6.057, 5.084], [3.93, 4.243, 4.464, 4.617, 4.641, 4.477, 4.407, 5.11, 5.441, 5.55, 5.244, 4.621, 3.836, 2.64, 1.91, 1.47, 1.23, 1.41, 1.25, 0.63, 0, 0.81, 1.2, 1.78, 3.29, 4.93, 4.959, 4.027, 3.47, 3.32, 3.54, 4.05, 4.49, 4.33, 3.79, 3.36, 3.08, 2.82, 3.32, 3.88, 3.27, 3.35, 3.95, 3.96, 3.98, 4.14, 4.04, 3.7, 3.57, 3.57, 2.99, 2.71, 2.45, 2.48, 2.5, 2.91, 3.13, 2.97, 3.5, 3.48, 2.85, 2.22, 1.6, 1.77, 1.72, 1.61, 1.58, 1.98, 2.65, 3.442, 4.192, 4.716, 4.656, 5.926, 7.876, 8.952, 8.685, 7.86, 6.475, 6.309, 6.597, 6.131, 6.822, 7.239, 6.367, 5.354], [4.32, 4.62, 4.868, 4.898, 5.128, 4.938, 4.768, 5.488, 5.801, 5.837, 5.551, 5.048, 4.24, 3.03, 2.24, 1.86, 1.22, 1.36, 1.24, 0.72, 0.81, 0, 0.89, 1.53, 2.98, 4.64, 4.663, 3.66, 3.16, 2.99, 3.25, 3.8, 4.18, 4.02, 3.66, 3.23, 2.97, 2.69, 3.17, 3.73, 3.24, 3.6, 4.14, 4.01, 3.95, 4.13, 3.99, 3.67, 3.6, 3.52, 2.8, 2.46, 2.28, 2.51, 2.53, 2.74, 2.96, 2.7, 3.15, 3.11, 2.54, 2.05, 1.47, 1.66, 1.65, 1.46, 1.43, 1.69, 2.32, 3.116, 3.849, 4.406, 4.349, 5.636, 7.576, 8.635, 8.38, 7.57, 6.165, 6.045, 6.307, 5.861, 6.568, 6.913, 6.037, 5.13], [4.77, 5.05, 5.18, 5.23, 5.475, 5.265, 5.17, 5.973, 6.165, 6.293, 6.013, 5.529, 4.69, 3.46, 2.65, 2.27, 1.15, 1.21, 1.23, 1.01, 1.2, 0.89, 0, 0.98, 2.79, 4.39, 4.279, 3.29, 2.83, 2.68, 3.0, 3.65, 4.13, 3.83, 3.53, 3.22, 2.94, 2.76, 3.28, 3.9, 3.73, 4.27, 4.85, 4.72, 4.68, 4.86, 4.64, 4.32, 4.25, 4.21, 3.35, 2.83, 2.79, 3.18, 3.18, 3.11, 3.05, 2.71, 2.8, 2.698, 2.37, 2.16, 1.98, 2.11, 2.1, 1.91, 1.74, 1.78, 1.99, 2.689, 3.382, 3.922, 3.899, 5.187, 7.109, 8.186, 7.896, 7.068, 5.7, 5.558, 5.858, 5.406, 6.085, 6.486, 5.576, 4.738], [5.27, 5.69, 5.88, 5.83, 6.033, 5.843, 5.807, 6.587, 6.875, 6.984, 6.65, 6.206, 5.43, 4.22, 3.33, 2.85, 1.71, 1.49, 1.61, 1.51, 1.78, 1.53, 0.98, 0, 2.71, 4.25, 3.77, 2.77, 2.49, 2.36, 2.86, 3.75, 4.31, 4.01, 3.73, 3.52, 3.36, 3.14, 3.62, 4.32, 4.29, 4.95, 5.55, 5.36, 5.28, 5.48, 5.26, 4.92, 4.91, 4.77, 3.83, 3.37, 3.39, 3.82, 3.84, 3.63, 3.27, 2.89, 2.54, 2.36, 2.41, 2.44, 2.46, 2.61, 2.72, 2.47, 2.24, 2.14, 2.13, 2.23, 2.78, 3.296, 3.216, 4.486, 6.386, 7.495, 7.193, 6.383, 5.01, 4.915, 5.23, 4.74, 5.44, 5.803, 5.01, 4.26], [6.92, 7.273, 7.425, 7.498, 7.705, 7.495, 7.446, 8.12, 8.47, 8.557, 8.2, 7.682, 6.866, 5.63, 4.7, 4.34, 3.16, 2.46, 2.8, 3.06, 3.29, 2.98, 2.79, 2.71, 0, 1.9, 2.0, 1.94, 2.04, 2.09, 1.99, 2.14, 2.26, 2.22, 2.64, 3.09, 3.27, 3.35, 3.47, 4.13, 5.06, 5.86, 6.44, 6.03, 5.79, 6.09, 5.81, 5.41, 5.56, 5.4, 4.32, 4.0, 4.02, 4.53, 4.59, 4.12, 3.6, 3.2, 2.43, 2.41, 2.12, 2.81, 3.25, 3.62, 3.63, 3.5, 3.03, 2.85, 2.52, 2.46, 2.87, 2.95, 2.65, 3.013, 4.86, 5.912, 5.678, 4.865, 3.502, 3.328, 3.64, 3.31, 3.93, 4.26, 3.42, 2.87], [8.641, 8.999, 9.171, 9.167, 9.383, 9.207, 9.178, 9.855, 10.208, 10.312, 9.978, 9.366, 8.558, 7.322, 6.335, 6.04, 4.84, 4.16, 4.34, 4.58, 4.93, 4.64, 4.39, 4.25, 1.9, 0, 1.86, 2.52, 2.58, 2.69, 2.59, 2.56, 2.62, 2.56, 3.12, 3.73, 4.03, 4.17, 4.29, 5.03, 6.2, 6.82, 7.48, 6.89, 6.69, 6.97, 6.67, 6.39, 6.46, 6.32, 5.14, 4.72, 4.8, 5.37, 5.53, 4.9, 4.44, 3.88, 3.01, 3.13, 3.04, 3.93, 4.65, 4.92, 4.97, 4.68, 4.11, 3.75, 3.32, 3.08, 3.47, 3.45, 2.93, 2.72, 3.36, 4.37, 4.29, 3.64, 2.72, 2.38, 2.62, 2.67, 3.17, 3.4, 2.92, 2.81], [8.681, 8.993, 9.22, 9.133, 9.16, 9.042, 9.046, 9.78, 10.237, 10.416, 10.043, 9.517, 8.732, 7.513, 6.543, 6.08, 4.82, 4.18, 4.26, 4.683, 4.959, 4.663, 4.279, 3.77, 2.0, 1.86, 0, 1.34, 1.74, 2.07, 2.19, 2.06, 2.16, 1.98, 2.72, 3.35, 3.63, 3.89, 4.09, 4.95, 6.32, 6.9, 7.42, 6.73, 6.47, 6.79, 6.41, 6.13, 6.42, 6.14, 4.72, 4.14, 4.56, 5.19, 5.31, 4.48, 4.1, 3.56, 2.29, 2.47, 2.94, 4.09, 4.81, 4.96, 5.11, 4.8, 4.19, 3.69, 2.78, 1.98, 2.13, 2.07, 1.69, 1.16, 2.92, 4.01, 3.75, 2.94, 1.68, 1.62, 1.84, 1.81, 2.47, 2.46, 2.0, 1.65], [7.667, 8.039, 8.254, 8.156, 8.28, 8.159, 8.169, 8.866, 9.263, 9.42, 8.983, 8.525, 7.721, 6.467, 5.497, 5.052, 3.76, 3.14, 3.28, 3.717, 4.027, 3.66, 3.29, 2.77, 1.94, 2.52, 1.34, 0, 0.7, 0.93, 1.05, 1.54, 1.98, 1.74, 2.04, 2.55, 2.75, 2.83, 3.19, 3.85, 5.3, 5.88, 6.38, 5.77, 5.47, 5.73, 5.37, 5.05, 5.36, 5.06, 3.66, 3.12, 3.5, 4.15, 4.37, 3.46, 3.04, 2.48, 1.49, 1.65, 1.88, 3.07, 3.81, 3.98, 4.11, 3.8, 3.17, 2.67, 1.84, 1.28, 1.29, 1.39, 1.39, 2.06, 3.98, 5.07, 4.83, 4.04, 2.66, 2.58, 2.78, 2.39, 3.13, 3.34, 2.56, 1.89], [7.164, 7.524, 7.755, 7.667, 7.88, 7.69, 7.66, 8.34, 8.74, 8.886, 8.54, 7.974, 7.163, 5.936, 4.977, 4.538, 3.36, 2.66, 2.86, 3.18, 3.47, 3.16, 2.83, 2.49, 2.04, 2.58, 1.74, 0.7, 0, 0.57, 1.11, 1.6, 2.1, 1.88, 1.88, 2.27, 2.39, 2.35, 2.81, 3.49, 4.72, 5.26, 5.82, 5.19, 4.95, 5.21, 4.89, 4.63, 4.78, 4.58, 3.34, 2.76, 3.04, 3.63, 3.81, 3.14, 2.6, 2.14, 1.31, 1.53, 1.64, 2.45, 3.21, 3.38, 3.53, 3.22, 2.63, 2.15, 1.5, 1.2, 1.45, 1.69, 1.73, 2.6, 4.5, 5.57, 5.33, 4.54, 3.12, 3.02, 3.26, 2.85, 3.51, 3.86, 3.08, 2.33], [6.888, 7.28, 7.495, 7.412, 7.613, 7.437, 7.425, 8.122, 8.502, 8.613, 8.225, 7.741, 6.939, 5.683, 4.713, 4.325, 3.01, 2.47, 2.61, 2.99, 3.32, 2.99, 2.68, 2.36, 2.09, 2.69, 2.07, 0.93, 0.57, 0, 0.96, 1.61, 2.15, 1.97, 1.97, 2.26, 2.34, 2.28, 2.7, 3.32, 4.45, 5.01, 5.59, 4.96, 4.68, 4.96, 4.62, 4.34, 4.59, 4.29, 3.07, 2.53, 2.81, 3.44, 3.58, 2.91, 2.39, 2.03, 1.26, 1.54, 1.55, 2.24, 2.98, 3.13, 3.28, 3.01, 2.42, 2.0, 1.35, 1.27, 1.54, 1.84, 1.82, 2.89, 4.81, 5.88, 5.64, 4.83, 3.43, 3.29, 3.57, 3.1, 3.84, 4.17, 3.31, 2.58], [7.168, 7.548, 7.721, 7.751, 7.895, 7.725, 7.705, 8.382, 8.755, 8.859, 8.465, 7.836, 6.968, 5.772, 4.73, 4.525, 3.25, 2.63, 2.79, 3.19, 3.54, 3.25, 3.0, 2.86, 1.99, 2.59, 2.19, 1.05, 1.11, 0.96, 0, 1.07, 1.61, 1.51, 1.59, 2.0, 2.22, 2.28, 2.68, 3.22, 4.67, 5.21, 5.69, 5.14, 4.84, 5.12, 4.74, 4.54, 4.73, 4.43, 3.09, 2.59, 2.95, 3.6, 3.78, 2.85, 2.43, 1.97, 1.26, 1.56, 1.51, 2.4, 3.1, 3.43, 3.44, 3.19, 2.68, 2.3, 1.67, 1.63, 1.86, 2.04, 1.96, 2.85, 4.77, 5.9, 5.66, 4.87, 3.51, 3.33, 3.61, 3.22, 3.84, 4.11, 3.15, 2.3], [7.653, 7.935, 8.128, 8.244, 8.448, 8.238, 8.147, 8.783, 9.113, 9.218, 8.911, 8.138, 7.275, 6.11, 5.18, 4.96, 3.86, 3.16, 3.48, 3.78, 4.05, 3.8, 3.65, 3.75, 2.14, 2.56, 2.06, 1.54, 1.6, 1.61, 1.07, 0, 0.66, 0.92, 1.2, 1.73, 2.23, 2.47, 2.67, 3.41, 4.98, 5.44, 5.9, 5.29, 4.99, 5.25, 4.95, 4.73, 4.98, 4.62, 3.2, 2.9, 3.16, 3.79, 3.95, 3.02, 2.7, 2.24, 1.89, 2.23, 1.92, 2.75, 3.41, 3.72, 3.75, 3.5, 3.11, 2.85, 2.14, 2.22, 2.59, 2.69, 2.33, 2.74, 4.46, 5.59, 5.35, 4.68, 3.36, 3.12, 3.48, 3.23, 3.59, 3.86, 2.94, 2.15], [8.0, 8.29, 8.448, 8.541, 8.768, 8.558, 8.443, 9.051, 9.393, 9.48, 9.191, 8.42, 7.575, 6.41, 5.5, 5.32, 4.26, 3.54, 3.84, 4.18, 4.49, 4.18, 4.13, 4.31, 2.26, 2.62, 2.16, 1.98, 2.1, 2.15, 1.61, 0.66, 0, 0.68, 1.16, 1.73, 2.33, 2.73, 2.89, 3.71, 5.24, 5.72, 6.18, 5.53, 5.17, 5.49, 5.15, 4.93, 5.26, 4.88, 3.34, 3.22, 3.44, 4.05, 4.15, 3.12, 2.94, 2.52, 2.25, 2.65, 2.34, 3.05, 3.79, 4.16, 4.09, 3.9, 3.43, 3.17, 2.64, 2.76, 3.09, 3.15, 2.77, 2.74, 4.18, 5.29, 5.13, 4.62, 3.34, 3.06, 3.44, 3.37, 3.47, 3.72, 2.92, 2.29], [8.073, 8.355, 8.528, 8.641, 8.868, 8.658, 8.541, 9.183, 9.502, 9.6, 9.311, 8.62, 7.766, 6.57, 5.68, 5.4, 4.28, 3.5, 3.82, 4.06, 4.33, 4.02, 3.83, 4.01, 2.22, 2.56, 1.98, 1.74, 1.88, 1.97, 1.51, 0.92, 0.68, 0, 1.08, 1.87, 2.43, 2.91, 3.09, 3.93, 5.38, 5.94, 6.44, 5.79, 5.41, 5.75, 5.37, 5.07, 5.44, 5.1, 3.52, 3.18, 3.4, 4.15, 4.37, 3.32, 3.02, 2.52, 1.95, 2.39, 2.18, 3.13, 3.91, 4.34, 4.29, 3.94, 3.31, 2.97, 2.4, 2.46, 2.77, 2.85, 2.47, 2.58, 3.96, 5.05, 4.91, 4.4, 3.14, 2.92, 3.34, 3.23, 3.27, 3.5, 2.62, 2.03], [7.4, 7.69, 7.82, 8.01, 8.111, 7.97, 7.883, 8.463, 8.813, 8.906, 8.574, 7.886, 7.038, 5.79, 5.08, 4.84, 3.84, 3.02, 3.18, 3.5, 3.79, 3.66, 3.53, 3.73, 2.64, 3.12, 2.72, 2.04, 1.88, 1.97, 1.59, 1.2, 1.16, 1.08, 0, 1.01, 1.67, 2.11, 2.27, 3.13, 4.62, 5.12, 5.62, 4.95, 4.57, 4.93, 4.57, 4.35, 4.64, 4.3, 2.92, 2.76, 2.98, 3.51, 3.61, 2.54, 2.24, 1.82, 1.79, 2.19, 1.98, 2.41, 3.37, 3.88, 3.75, 3.52, 2.79, 2.45, 2.08, 2.28, 2.77, 3.07, 2.83, 3.28, 4.68, 5.79, 5.65, 5.14, 3.9, 3.66, 4.08, 3.79, 3.97, 4.28, 3.38, 2.51], [6.67, 6.943, 7.073, 7.263, 7.353, 7.243, 7.133, 7.676, 7.989, 8.079, 7.756, 7.199, 6.36, 5.16, 4.61, 4.23, 3.37, 2.61, 2.83, 3.13, 3.36, 3.23, 3.22, 3.52, 3.09, 3.73, 3.35, 2.55, 2.27, 2.26, 2.0, 1.73, 1.73, 1.87, 1.01, 0, 0.84, 1.26, 1.52, 2.38, 3.69, 4.25, 4.79, 4.14, 3.72, 4.06, 3.72, 3.48, 3.77, 3.43, 2.31, 2.33, 2.61, 3.0, 2.9, 1.83, 1.75, 1.57, 1.96, 2.3, 1.87, 2.0, 2.76, 3.25, 3.14, 2.89, 2.24, 2.08, 2.03, 2.53, 3.22, 3.64, 3.44, 3.99, 5.59, 6.66, 6.48, 5.81, 4.57, 4.39, 4.79, 4.42, 4.74, 5.09, 4.13, 3.26], [5.97, 6.263, 6.47, 6.66, 6.727, 6.64, 6.513, 7.053, 7.361, 7.322, 7.147, 6.522, 5.717, 4.62, 4.11, 3.69, 3.05, 2.45, 2.67, 2.87, 3.08, 2.97, 2.94, 3.36, 3.27, 4.03, 3.63, 2.75, 2.39, 2.34, 2.22, 2.23, 2.33, 2.43, 1.67, 0.84, 0, 0.8, 1.38, 1.94, 2.97, 3.63, 4.19, 3.54, 3.18, 3.44, 3.16, 2.88, 3.11, 2.83, 1.83, 1.99, 2.27, 2.54, 2.42, 1.33, 1.57, 1.37, 2.16, 2.52, 1.97, 1.74, 2.38, 2.73, 2.56, 2.33, 1.8, 1.8, 2.03, 2.73, 3.42, 3.86, 3.74, 4.41, 6.27, 7.34, 7.1, 6.31, 5.03, 4.89, 5.21, 4.76, 5.24, 5.63, 4.69, 3.74], [5.53, 5.803, 5.996, 6.183, 6.193, 6.123, 6.036, 6.585, 7.064, 7.062, 6.659, 6.211, 5.31, 4.26, 3.65, 3.25, 2.81, 2.29, 2.45, 2.57, 2.82, 2.69, 2.76, 3.14, 3.35, 4.17, 3.89, 2.83, 2.35, 2.28, 2.28, 2.47, 2.73, 2.91, 2.11, 1.26, 0.8, 0, 1.0, 1.6, 2.61, 3.13, 3.73, 3.1, 2.8, 3.04, 2.78, 2.56, 2.71, 2.41, 1.67, 1.89, 2.07, 2.32, 2.18, 1.37, 1.53, 1.57, 2.26, 2.56, 2.05, 1.66, 2.22, 2.41, 2.28, 2.03, 1.68, 1.62, 1.93, 2.67, 3.38, 3.82, 3.82, 4.73, 6.65, 7.72, 7.48, 6.67, 5.29, 5.15, 5.45, 4.94, 5.6, 6.01, 5.09, 4.12], [5.77, 6.05, 6.231, 6.301, 6.371, 6.261, 6.251, 6.894, 7.366, 7.274, 6.874, 6.574, 5.63, 4.7, 4.03, 3.55, 3.29, 2.75, 3.03, 3.09, 3.32, 3.17, 3.28, 3.62, 3.47, 4.29, 4.09, 3.19, 2.81, 2.7, 2.68, 2.67, 2.89, 3.09, 2.27, 1.52, 1.38, 1.0, 0, 1.22, 2.59, 3.25, 3.71, 3.02, 2.7, 2.98, 2.7, 2.54, 2.73, 2.37, 2.09, 2.51, 2.49, 2.78, 2.68, 1.87, 1.97, 2.11, 2.6, 2.74, 2.23, 2.2, 2.68, 2.81, 2.72, 2.53, 2.12, 2.02, 2.23, 2.97, 3.66, 4.14, 3.98, 4.95, 6.87, 7.94, 7.7, 6.89, 5.49, 5.35, 5.69, 5.16, 5.82, 6.23, 5.29, 4.34], [5.77, 5.75, 5.936, 5.99, 6.1, 5.969, 6.1, 6.605, 6.995, 6.779, 6.602, 6.168, 5.27, 4.66, 4.57, 4.03, 3.91, 3.43, 3.71, 3.73, 3.88, 3.73, 3.9, 4.32, 4.13, 5.03, 4.95, 3.85, 3.49, 3.32, 3.22, 3.41, 3.71, 3.93, 3.13, 2.38, 1.94, 1.6, 1.22, 0, 1.91, 2.71, 2.97, 2.38, 2.08, 2.24, 1.96, 1.98, 2.11, 1.95, 2.19, 2.75, 2.81, 2.9, 2.7, 2.17, 2.33, 2.49, 3.32, 3.4, 2.81, 2.48, 3.08, 3.31, 3.04, 2.79, 2.64, 2.64, 2.85, 3.67, 4.38, 4.8, 4.78, 5.89, 7.81, 8.88, 8.64, 7.83, 6.43, 6.27, 6.57, 6.08, 6.76, 7.17, 6.229, 5.28], [4.56, 4.38, 4.43, 4.56, 4.65, 4.58, 4.75, 5.247, 5.54, 5.298, 5.204, 4.884, 4.1, 3.71, 3.78, 3.28, 3.6, 3.52, 3.44, 3.18, 3.27, 3.24, 3.73, 4.29, 5.06, 6.2, 6.32, 5.3, 4.72, 4.45, 4.67, 4.98, 5.24, 5.38, 4.62, 3.69, 2.97, 2.61, 2.59, 1.91, 0, 1.5, 1.6, 1.27, 1.25, 1.33, 1.27, 1.33, 1.4, 1.46, 2.42, 2.84, 2.46, 2.07, 1.91, 2.44, 2.9, 3.34, 4.65, 4.57, 3.78, 2.77, 2.53, 2.54, 2.25, 2.14, 2.27, 2.71, 3.78, 4.78, 5.51, 6.037, 5.998, 7.268, 9.188, 10.27, 10.026, 9.219, 7.816, 7.656, 7.956, 7.47, 8.143, 8.545, 7.64, 6.67], [3.66, 3.48, 3.49, 3.6, 3.73, 3.66, 3.77, 4.267, 4.6, 4.484, 4.244, 3.904, 3.1, 2.81, 3.0, 3.16, 4.0, 4.2, 3.96, 3.58, 3.35, 3.6, 4.27, 4.95, 5.86, 6.82, 6.9, 5.88, 5.26, 5.01, 5.21, 5.44, 5.72, 5.94, 5.12, 4.25, 3.63, 3.13, 3.25, 2.71, 1.5, 0, 1.04, 1.31, 1.45, 1.27, 1.65, 1.55, 1.14, 1.2, 2.76, 3.16, 2.68, 1.95, 1.79, 3.06, 3.6, 3.98, 5.17, 5.09, 4.34, 3.51, 2.99, 2.64, 2.45, 2.6, 3.05, 3.41, 4.36, 5.34, 6.07, 6.59, 6.53, 7.8, 9.72, 10.79, 10.55, 9.74, 8.34, 8.18, 8.48, 7.99, 8.67, 9.08, 8.18, 7.19], [4.42, 3.98, 3.91, 3.96, 4.13, 4.16, 4.33, 4.79, 5.083, 4.87, 4.69, 4.31, 3.68, 3.57, 3.8, 3.88, 4.6, 4.76, 4.58, 4.16, 3.95, 4.14, 4.85, 5.55, 6.44, 7.48, 7.42, 6.38, 5.82, 5.59, 5.69, 5.9, 6.18, 6.44, 5.62, 4.79, 4.19, 3.73, 3.71, 2.97, 1.6, 1.04, 0, 0.99, 1.21, 0.93, 1.41, 1.39, 1.16, 1.5, 3.24, 3.66, 3.16, 2.37, 2.23, 3.44, 3.9, 4.32, 5.71, 5.63, 4.9, 3.97, 3.43, 3.14, 3.01, 3.22, 3.67, 4.03, 4.94, 5.84, 6.55, 7.15, 7.09, 8.3, 10.22, 11.29, 11.05, 10.24, 8.84, 8.68, 8.98, 8.51, 9.17, 9.58, 8.7, 7.71], [4.87, 4.47, 4.42, 4.51, 4.6, 4.61, 4.8, 5.2, 5.553, 5.4, 5.197, 4.76, 4.13, 3.9, 3.99, 3.87, 4.45, 4.47, 4.31, 3.97, 3.96, 4.01, 4.72, 5.36, 6.03, 6.89, 6.73, 5.77, 5.19, 4.96, 5.14, 5.29, 5.53, 5.79, 4.95, 4.14, 3.54, 3.1, 3.02, 2.38, 1.27, 1.31, 0.99, 0, 0.58, 0.68, 0.86, 1.02, 0.97, 1.15, 2.65, 3.03, 2.53, 1.92, 1.86, 2.91, 3.39, 3.83, 5.12, 5.14, 4.51, 3.58, 3.08, 2.79, 2.72, 2.91, 3.3, 3.6, 4.43, 5.33, 5.96, 6.52, 6.54, 7.63, 9.55, 10.62, 10.38, 9.57, 8.17, 8.01, 8.35, 7.82, 8.5, 8.91, 8.03, 7.02], [4.89, 4.59, 4.66, 4.77, 4.86, 4.81, 4.96, 5.457, 5.81, 5.597, 5.397, 5.017, 4.25, 3.96, 4.03, 3.89, 4.43, 4.45, 4.37, 3.99, 3.98, 3.95, 4.68, 5.28, 5.79, 6.69, 6.47, 5.47, 4.95, 4.68, 4.84, 4.99, 5.17, 5.41, 4.57, 3.72, 3.18, 2.8, 2.7, 2.08, 1.25, 1.45, 1.21, 0.58, 0, 0.54, 0.7, 0.8, 0.97, 0.95, 2.23, 2.63, 2.23, 1.94, 1.82, 2.51, 3.03, 3.45, 4.7, 4.76, 4.21, 3.34, 3.06, 2.79, 2.78, 2.91, 3.08, 3.36, 4.15, 5.11, 5.74, 6.32, 6.36, 7.35, 9.25, 10.32, 10.08, 9.27, 7.87, 7.75, 8.09, 7.56, 8.2, 8.61, 7.67, 6.72], [4.79, 4.55, 4.56, 4.67, 4.8, 4.75, 4.94, 5.417, 5.69, 5.434, 5.294, 4.974, 4.23, 3.94, 4.03, 4.05, 4.63, 4.71, 4.57, 4.19, 4.14, 4.13, 4.86, 5.48, 6.09, 6.97, 6.79, 5.73, 5.21, 4.96, 5.12, 5.25, 5.49, 5.75, 4.93, 4.06, 3.44, 3.04, 2.98, 2.24, 1.33, 1.27, 0.93, 0.68, 0.54, 0, 0.7, 0.9, 0.87, 0.95, 2.51, 2.97, 2.59, 2.1, 1.98, 2.75, 3.23, 3.63, 4.96, 5.02, 4.45, 3.6, 3.34, 3.05, 3.02, 3.11, 3.32, 3.62, 4.45, 5.43, 6.08, 6.6, 6.64, 7.69, 9.61, 10.68, 10.44, 9.63, 8.23, 8.07, 8.39, 7.88, 8.56, 8.97, 8.03, 7.08], [5.03, 4.83, 4.96, 5.07, 5.16, 5.03, 5.2, 5.694, 6.038, 5.905, 5.668, 5.291, 4.41, 3.98, 4.05, 3.95, 4.47, 4.41, 4.33, 3.99, 4.04, 3.99, 4.64, 5.26, 5.81, 6.67, 6.41, 5.37, 4.89, 4.62, 4.74, 4.95, 5.15, 5.37, 4.57, 3.72, 3.16, 2.78, 2.7, 1.96, 1.27, 1.65, 1.41, 0.86, 0.7, 0.7, 0, 0.58, 0.89, 0.91, 2.15, 2.59, 2.23, 1.84, 1.82, 2.37, 2.85, 3.31, 4.6, 4.74, 4.23, 3.36, 3.02, 2.91, 2.76, 2.89, 3.1, 3.4, 4.09, 5.09, 5.72, 6.24, 6.28, 7.29, 9.21, 10.28, 10.04, 9.23, 7.83, 7.67, 8.01, 7.5, 8.16, 8.57, 7.65, 6.72], [4.67, 4.53, 4.776, 4.87, 4.96, 4.79, 4.94, 5.445, 5.798, 5.745, 5.425, 5.065, 4.17, 3.68, 3.79, 3.59, 4.13, 4.09, 4.03, 3.67, 3.7, 3.67, 4.32, 4.92, 5.41, 6.39, 6.13, 5.05, 4.63, 4.34, 4.54, 4.73, 4.93, 5.07, 4.35, 3.48, 2.88, 2.56, 2.54, 1.98, 1.33, 1.55, 1.39, 1.02, 0.8, 0.9, 0.58, 0, 0.65, 0.71, 1.99, 2.37, 1.97, 1.5, 1.56, 2.17, 2.77, 3.17, 4.4, 4.48, 4.01, 3.18, 2.82, 2.65, 2.54, 2.61, 2.72, 3.04, 3.73, 4.67, 5.38, 5.94, 5.96, 7.01, 8.93, 10.0, 9.76, 8.95, 7.55, 7.39, 7.73, 7.22, 7.88, 8.29, 7.37, 6.44], [4.3, 4.16, 4.39, 4.5, 4.61, 4.44, 4.55, 5.075, 5.468, 5.375, 5.075, 4.698, 3.76, 3.29, 3.48, 3.46, 4.06, 4.1, 4.0, 3.6, 3.57, 3.6, 4.25, 4.91, 5.56, 6.46, 6.42, 5.36, 4.78, 4.59, 4.73, 4.98, 5.26, 5.44, 4.64, 3.77, 3.11, 2.71, 2.73, 2.11, 1.4, 1.14, 1.16, 0.97, 0.97, 0.87, 0.89, 0.65, 0, 0.64, 2.28, 2.68, 2.18, 1.63, 1.63, 2.46, 2.98, 3.44, 4.71, 4.69, 4.08, 3.17, 2.81, 2.52, 2.47, 2.46, 2.77, 3.05, 3.92, 4.92, 5.61, 6.17, 6.13, 7.32, 9.24, 10.31, 10.07, 9.26, 7.86, 7.7, 8.0, 7.53, 8.19, 8.6, 7.68, 6.73], [4.24, 4.34, 4.564, 4.614, 4.729, 4.574, 4.629, 5.192, 5.619, 5.424, 5.206, 4.675, 3.82, 3.29, 3.44, 3.48, 4.02, 4.0, 3.92, 3.54, 3.57, 3.52, 4.21, 4.77, 5.4, 6.32, 6.14, 5.06, 4.58, 4.29, 4.43, 4.62, 4.88, 5.1, 4.3, 3.43, 2.83, 2.41, 2.37, 1.95, 1.46, 1.2, 1.5, 1.15, 0.95, 0.95, 0.91, 0.71, 0.64, 0, 1.84, 2.32, 1.88, 1.43, 1.43, 2.08, 2.6, 3.0, 4.29, 4.33, 3.76, 2.97, 2.65, 2.4, 2.35, 2.4, 2.61, 2.91, 3.72, 4.72, 5.37, 5.93, 5.95, 7.04, 8.96, 10.03, 9.79, 8.98, 7.58, 7.42, 7.74, 7.23, 7.91, 8.32, 7.38, 6.45], [5.04, 5.39, 5.571, 5.704, 5.911, 5.721, 5.571, 6.248, 6.521, 6.468, 6.314, 5.648, 4.798, 3.75, 3.48, 3.34, 3.28, 3.12, 3.12, 2.92, 2.99, 2.8, 3.35, 3.83, 4.32, 5.14, 4.72, 3.66, 3.34, 3.07, 3.09, 3.2, 3.34, 3.52, 2.92, 2.31, 1.83, 1.67, 2.09, 2.19, 2.42, 2.76, 3.24, 2.65, 2.23, 2.51, 2.15, 1.99, 2.28, 1.84, 0, 0.9, 1.02, 1.41, 1.37, 1.34, 1.98, 1.94, 2.71, 3.17, 2.66, 2.35, 2.23, 2.14, 1.79, 1.64, 1.77, 1.93, 2.52, 3.52, 4.21, 4.73, 4.71, 5.38, 7.26, 8.33, 8.09, 7.3, 6.0, 5.92, 6.2, 5.71, 6.23, 6.64, 5.72, 4.79], [5.4, 5.69, 5.843, 5.901, 6.165, 5.955, 5.869, 6.585, 6.819, 6.923, 6.625, 5.983, 5.161, 3.99, 3.48, 3.3, 2.9, 2.94, 2.9, 2.62, 2.71, 2.46, 2.83, 3.37, 4.0, 4.72, 4.14, 3.12, 2.76, 2.53, 2.59, 2.9, 3.22, 3.18, 2.76, 2.33, 1.99, 1.89, 2.51, 2.75, 2.84, 3.16, 3.66, 3.03, 2.63, 2.97, 2.59, 2.37, 2.68, 2.32, 0.9, 0, 0.8, 1.53, 1.57, 1.38, 2.18, 2.02, 2.35, 2.71, 2.66, 2.35, 2.17, 1.96, 1.79, 1.5, 1.67, 1.89, 2.12, 3.0, 3.67, 4.15, 4.15, 4.86, 6.64, 7.71, 7.47, 6.68, 5.36, 5.3, 5.64, 5.13, 5.63, 6.04, 5.14, 4.27], [4.933, 5.233, 5.388, 5.484, 5.728, 5.518, 5.404, 6.045, 6.325, 6.425, 6.171, 5.383, 4.561, 3.45, 3.02, 2.88, 2.7, 2.64, 2.62, 2.34, 2.45, 2.28, 2.79, 3.39, 4.02, 4.8, 4.56, 3.5, 3.04, 2.81, 2.95, 3.16, 3.44, 3.4, 2.98, 2.61, 2.27, 2.07, 2.49, 2.81, 2.46, 2.68, 3.16, 2.53, 2.23, 2.59, 2.23, 1.97, 2.18, 1.88, 1.02, 0.8, 0, 0.87, 1.11, 1.6, 2.32, 2.22, 2.73, 2.83, 2.62, 2.23, 1.75, 1.64, 1.45, 1.28, 1.47, 1.71, 2.26, 3.02, 3.67, 4.31, 4.33, 5.28, 7.12, 8.23, 7.99, 7.22, 5.8, 5.7, 6.06, 5.59, 6.11, 6.5, 5.6, 4.71], [4.35, 4.58, 4.867, 5.037, 5.104, 4.937, 4.827, 5.327, 5.64, 5.75, 5.607, 4.647, 3.851, 3.0, 2.83, 2.87, 2.95, 2.89, 2.77, 2.47, 2.48, 2.51, 3.18, 3.82, 4.53, 5.37, 5.19, 4.15, 3.63, 3.44, 3.6, 3.79, 4.05, 4.15, 3.51, 3.0, 2.54, 2.32, 2.78, 2.9, 2.07, 1.95, 2.37, 1.92, 1.94, 2.1, 1.84, 1.5, 1.63, 1.43, 1.41, 1.53, 0.87, 0, 0.54, 1.87, 2.53, 2.45, 3.52, 3.54, 3.09, 2.3, 1.84, 1.71, 1.52, 1.51, 1.76, 2.08, 2.81, 3.55, 4.24, 4.86, 4.86, 5.95, 7.85, 8.96, 8.72, 7.93, 6.51, 6.35, 6.65, 6.24, 6.84, 7.23, 6.37, 5.42], [4.27, 4.523, 4.747, 4.92, 4.964, 4.82, 4.713, 5.247, 5.506, 5.576, 5.487, 4.576, 3.791, 3.0, 2.91, 2.89, 2.91, 2.97, 2.79, 2.53, 2.5, 2.53, 3.18, 3.84, 4.59, 5.53, 5.31, 4.37, 3.81, 3.58, 3.78, 3.95, 4.15, 4.37, 3.61, 2.9, 2.42, 2.18, 2.68, 2.7, 1.91, 1.79, 2.23, 1.86, 1.82, 1.98, 1.82, 1.56, 1.63, 1.43, 1.37, 1.57, 1.11, 0.54, 0, 1.79, 2.43, 2.39, 3.6, 3.6, 3.11, 2.22, 1.88, 1.79, 1.5, 1.55, 1.82, 2.16, 2.93, 3.77, 4.46, 5.04, 5.06, 6.13, 8.05, 9.12, 8.88, 8.07, 6.67, 6.51, 6.83, 6.38, 7.02, 7.45, 6.59, 5.6], [5.64, 5.916, 6.109, 6.293, 6.389, 6.273, 6.166, 6.695, 6.991, 6.952, 6.772, 6.055, 5.176, 4.23, 3.76, 3.38, 3.02, 2.9, 2.84, 2.74, 2.91, 2.74, 3.11, 3.63, 4.12, 4.9, 4.48, 3.46, 3.14, 2.91, 2.85, 3.02, 3.12, 3.32, 2.54, 1.83, 1.33, 1.37, 1.87, 2.17, 2.44, 3.06, 3.44, 2.91, 2.51, 2.75, 2.37, 2.17, 2.46, 2.08, 1.34, 1.38, 1.6, 1.87, 1.79, 0, 1.1, 1.32, 2.59, 2.99, 2.52, 1.67, 1.91, 2.4, 2.23, 1.94, 1.67, 1.77, 2.36, 3.34, 4.01, 4.53, 4.51, 5.22, 7.1, 8.17, 7.93, 7.16, 5.82, 5.68, 6.0, 5.49, 6.09, 6.5, 5.6, 4.67], [6.34, 6.616, 6.826, 6.996, 7.046, 6.956, 6.886, 7.352, 7.648, 7.632, 7.449, 6.752, 5.833, 4.87, 4.34, 4.0, 3.26, 2.82, 2.68, 2.86, 3.13, 2.96, 3.05, 3.27, 3.6, 4.44, 4.1, 3.04, 2.6, 2.39, 2.43, 2.7, 2.94, 3.02, 2.24, 1.75, 1.57, 1.53, 1.97, 2.33, 2.9, 3.6, 3.9, 3.39, 3.03, 3.23, 2.85, 2.77, 2.98, 2.6, 1.98, 2.18, 2.32, 2.53, 2.43, 1.1, 0, 0.92, 2.17, 2.47, 1.86, 1.25, 2.17, 2.92, 2.83, 2.54, 1.93, 1.75, 2.18, 2.86, 3.55, 4.03, 4.03, 4.9, 6.78, 7.85, 7.61, 6.8, 5.48, 5.36, 5.66, 5.13, 5.73, 6.14, 5.22, 4.27], [6.48, 6.81, 7.02, 7.21, 7.314, 7.19, 7.063, 7.617, 7.856, 7.766, 7.717, 6.906, 6.067, 5.07, 4.4, 4.16, 3.26, 2.72, 2.6, 2.66, 2.97, 2.7, 2.71, 2.89, 3.2, 3.88, 3.56, 2.48, 2.14, 2.03, 1.97, 2.24, 2.52, 2.52, 1.82, 1.57, 1.37, 1.57, 2.11, 2.49, 3.34, 3.98, 4.32, 3.83, 3.45, 3.63, 3.31, 3.17, 3.44, 3.0, 1.94, 2.02, 2.22, 2.45, 2.39, 1.32, 0.92, 0, 1.61, 2.03, 1.42, 1.15, 2.23, 2.92, 2.89, 2.48, 1.79, 1.49, 1.68, 2.34, 3.03, 3.51, 3.47, 4.26, 6.16, 7.23, 6.99, 6.18, 4.82, 4.66, 4.96, 4.59, 5.15, 5.58, 4.66, 3.73], [7.197, 7.64, 7.793, 7.811, 8.075, 7.885, 7.813, 8.567, 8.855, 8.862, 8.55, 8.056, 7.239, 5.995, 5.05, 4.73, 3.51, 2.87, 3.09, 3.25, 3.5, 3.15, 2.8, 2.54, 2.43, 3.01, 2.29, 1.49, 1.31, 1.26, 1.26, 1.89, 2.25, 1.95, 1.79, 1.96, 2.16, 2.26, 2.6, 3.32, 4.65, 5.17, 5.71, 5.12, 4.7, 4.96, 4.6, 4.4, 4.71, 4.29, 2.71, 2.35, 2.73, 3.52, 3.6, 2.59, 2.17, 1.61, 0, 0.88, 1.37, 2.4, 3.24, 3.51, 3.58, 3.19, 2.58, 2.18, 1.45, 1.41, 1.92, 2.24, 2.18, 2.87, 4.71, 5.78, 5.54, 4.75, 3.41, 3.33, 3.71, 3.2, 3.7, 4.11, 3.19, 2.3], [7.217, 7.62, 7.773, 7.771, 8.093, 7.903, 7.799, 8.535, 8.769, 8.773, 8.535, 7.973, 7.148, 5.92, 5.01, 4.73, 3.51, 2.89, 3.11, 3.25, 3.48, 3.11, 2.698, 2.36, 2.41, 3.13, 2.47, 1.65, 1.53, 1.54, 1.56, 2.23, 2.65, 2.39, 2.19, 2.3, 2.52, 2.56, 2.74, 3.4, 4.57, 5.09, 5.63, 5.14, 4.76, 5.02, 4.74, 4.48, 4.69, 4.33, 3.17, 2.71, 2.83, 3.54, 3.6, 2.99, 2.47, 2.03, 0.88, 0, 1.33, 2.36, 3.14, 3.39, 3.46, 3.09, 2.52, 2.16, 1.55, 1.31, 1.7, 2.06, 1.94, 2.93, 4.77, 5.84, 5.6, 4.79, 3.41, 3.27, 3.63, 3.12, 3.72, 4.13, 3.21, 2.36], [6.573, 6.955, 7.114, 7.264, 7.468, 7.278, 7.133, 7.811, 8.04, 8.025, 7.871, 7.163, 6.315, 5.21, 4.38, 4.1, 3.04, 2.38, 2.5, 2.64, 2.85, 2.54, 2.37, 2.41, 2.12, 3.04, 2.94, 1.88, 1.64, 1.55, 1.51, 1.92, 2.34, 2.18, 1.98, 1.87, 1.97, 2.05, 2.23, 2.81, 3.78, 4.34, 4.9, 4.51, 4.21, 4.45, 4.23, 4.01, 4.08, 3.76, 2.66, 2.66, 2.62, 3.09, 3.11, 2.52, 1.86, 1.42, 1.37, 1.33, 0, 1.43, 2.27, 2.78, 2.81, 2.38, 1.79, 1.47, 1.38, 1.74, 2.31, 2.65, 2.59, 3.82, 5.74, 6.81, 6.57, 5.76, 4.36, 4.2, 4.5, 4.01, 4.69, 5.1, 4.16, 3.21], [5.65, 5.923, 6.167, 6.34, 6.424, 6.28, 6.153, 6.727, 6.966, 6.95, 6.907, 5.993, 5.171, 4.22, 3.53, 3.25, 2.47, 1.95, 1.87, 1.89, 2.22, 2.05, 2.16, 2.44, 2.81, 3.93, 4.09, 3.07, 2.45, 2.24, 2.4, 2.75, 3.05, 3.13, 2.41, 2.0, 1.74, 1.66, 2.2, 2.48, 2.77, 3.51, 3.97, 3.58, 3.34, 3.6, 3.36, 3.18, 3.17, 2.97, 2.35, 2.35, 2.23, 2.3, 2.22, 1.67, 1.25, 1.15, 2.4, 2.36, 1.43, 0, 1.32, 2.11, 2.06, 1.69, 1.14, 1.08, 1.73, 2.59, 3.32, 3.78, 3.72, 4.99, 6.91, 7.98, 7.74, 6.93, 5.53, 5.37, 5.67, 5.18, 5.86, 6.27, 5.37, 4.38], [4.725, 4.985, 5.201, 5.334, 5.461, 5.271, 5.12, 5.781, 6.081, 6.101, 5.984, 5.061, 4.205, 3.28, 2.47, 2.19, 1.89, 1.73, 1.65, 1.39, 1.6, 1.47, 1.98, 2.46, 3.25, 4.65, 4.81, 3.81, 3.21, 2.98, 3.1, 3.41, 3.79, 3.91, 3.37, 2.76, 2.38, 2.22, 2.68, 3.08, 2.53, 2.99, 3.43, 3.08, 3.06, 3.34, 3.02, 2.82, 2.81, 2.65, 2.23, 2.17, 1.75, 1.84, 1.88, 1.91, 2.17, 2.23, 3.24, 3.14, 2.27, 1.32, 0, 0.95, 1.02, 1.13, 1.1, 1.56, 2.39, 3.27, 4.0, 4.54, 4.48, 5.75, 7.67, 8.74, 8.5, 7.69, 6.29, 6.13, 6.43, 5.94, 6.62, 7.03, 6.15, 5.14], [4.31, 4.593, 4.765, 4.838, 5.045, 4.855, 4.695, 5.405, 5.751, 5.805, 5.568, 4.763, 3.96, 2.93, 2.02, 2.06, 1.98, 2.18, 2.1, 1.74, 1.77, 1.66, 2.11, 2.61, 3.62, 4.92, 4.96, 3.98, 3.38, 3.13, 3.43, 3.72, 4.16, 4.34, 3.88, 3.25, 2.73, 2.41, 2.81, 3.31, 2.54, 2.64, 3.14, 2.79, 2.79, 3.05, 2.91, 2.65, 2.52, 2.4, 2.14, 1.96, 1.64, 1.71, 1.79, 2.4, 2.92, 2.92, 3.51, 3.39, 2.78, 2.11, 0.95, 0, 0.67, 1.0, 1.49, 1.95, 2.64, 3.4, 4.13, 4.69, 4.618, 5.888, 7.84, 8.89, 8.646, 7.839, 6.436, 6.276, 6.576, 6.09, 6.77, 7.18, 6.34, 5.45], [4.17, 4.425, 4.618, 4.731, 4.898, 4.708, 4.551, 5.215, 5.581, 5.655, 5.441, 4.573, 3.785, 2.68, 2.01, 1.93, 1.93, 1.99, 1.83, 1.63, 1.72, 1.65, 2.1, 2.72, 3.63, 4.97, 5.11, 4.11, 3.53, 3.28, 3.44, 3.75, 4.09, 4.29, 3.75, 3.14, 2.56, 2.28, 2.72, 3.04, 2.25, 2.45, 3.01, 2.72, 2.78, 3.02, 2.76, 2.54, 2.47, 2.35, 1.79, 1.79, 1.45, 1.52, 1.5, 2.23, 2.83, 2.89, 3.58, 3.46, 2.81, 2.06, 1.02, 0.67, 0, 0.71, 1.38, 1.88, 2.69, 3.53, 4.26, 4.8, 4.74, 6.01, 7.99, 9.0, 8.76, 7.95, 6.55, 6.39, 6.69, 6.2, 6.9, 7.31, 6.47, 5.48], [4.373, 4.693, 4.848, 4.964, 5.168, 4.978, 4.844, 5.565, 5.825, 5.903, 5.671, 5.003, 4.147, 3.03, 2.42, 2.1, 2.0, 1.86, 1.88, 1.56, 1.61, 1.46, 1.91, 2.47, 3.5, 4.68, 4.8, 3.8, 3.22, 3.01, 3.19, 3.5, 3.9, 3.94, 3.52, 2.89, 2.33, 2.03, 2.53, 2.79, 2.14, 2.6, 3.22, 2.91, 2.91, 3.11, 2.89, 2.61, 2.46, 2.4, 1.64, 1.5, 1.28, 1.51, 1.55, 1.94, 2.54, 2.48, 3.19, 3.09, 2.38, 1.69, 1.13, 1.0, 0.71, 0, 0.93, 1.39, 2.34, 3.28, 4.01, 4.534, 4.49, 5.76, 7.68, 8.75, 8.51, 7.7, 6.3, 6.14, 6.44, 5.95, 6.63, 7.04, 6.16, 5.15], [4.91, 5.24, 5.381, 5.517, 5.738, 5.557, 5.407, 6.098, 6.311, 6.39, 6.201, 5.595, 4.77, 3.6, 2.83, 2.47, 1.97, 1.69, 1.69, 1.39, 1.58, 1.43, 1.74, 2.24, 3.03, 4.11, 4.19, 3.17, 2.63, 2.42, 2.68, 3.11, 3.43, 3.31, 2.79, 2.24, 1.8, 1.68, 2.12, 2.64, 2.27, 3.05, 3.67, 3.3, 3.08, 3.32, 3.1, 2.72, 2.77, 2.61, 1.77, 1.67, 1.47, 1.76, 1.82, 1.67, 1.93, 1.79, 2.58, 2.52, 1.79, 1.14, 1.1, 1.49, 1.38, 0.93, 0, 0.64, 1.65, 2.65, 3.38, 3.907, 3.868, 5.15, 7.058, 8.14, 7.896, 7.089, 5.686, 5.526, 5.826, 5.34, 6.013, 6.43, 5.51, 4.54], [5.27, 5.64, 5.824, 5.877, 6.078, 5.897, 5.767, 6.458, 6.79, 6.87, 6.601, 6.106, 5.29, 4.1, 3.27, 2.87, 2.17, 1.67, 1.71, 1.69, 1.98, 1.69, 1.78, 2.14, 2.85, 3.75, 3.69, 2.67, 2.15, 2.0, 2.3, 2.85, 3.17, 2.97, 2.45, 2.08, 1.8, 1.62, 2.02, 2.64, 2.71, 3.41, 4.03, 3.6, 3.36, 3.62, 3.4, 3.04, 3.05, 2.91, 1.93, 1.89, 1.71, 2.08, 2.16, 1.77, 1.75, 1.49, 2.18, 2.16, 1.47, 1.08, 1.56, 1.95, 1.88, 1.39, 0.64, 0, 1.13, 2.13, 2.84, 3.42, 3.34, 4.61, 6.518, 7.6, 7.356, 6.549, 5.146, 4.99, 5.286, 4.8, 5.48, 5.89, 4.97, 4.02], [6.213, 6.573, 6.811, 6.721, 6.928, 6.738, 6.618, 7.385, 7.753, 7.899, 7.551, 7.097, 6.303, 5.07, 4.16, 3.68, 2.64, 2.1, 2.32, 2.4, 2.65, 2.32, 1.99, 2.13, 2.52, 3.32, 2.78, 1.84, 1.5, 1.35, 1.67, 2.14, 2.64, 2.4, 2.08, 2.03, 2.03, 1.93, 2.23, 2.85, 3.78, 4.36, 4.94, 4.43, 4.15, 4.45, 4.09, 3.73, 3.92, 3.72, 2.52, 2.12, 2.26, 2.81, 2.93, 2.36, 2.18, 1.68, 1.45, 1.55, 1.38, 1.73, 2.39, 2.64, 2.69, 2.34, 1.65, 1.13, 0, 1.22, 2.01, 2.49, 2.35, 3.54, 5.46, 6.529, 6.269, 5.462, 4.059, 3.94, 4.22, 3.81, 4.51, 4.86, 3.94, 3.07], [7.139, 7.481, 7.701, 7.582, 7.68, 7.527, 7.475, 8.169, 8.686, 8.87, 8.496, 7.828, 7.129, 5.893, 4.931, 4.535, 3.28, 2.58, 2.7, 3.156, 3.442, 3.116, 2.689, 2.23, 2.46, 3.08, 1.98, 1.28, 1.2, 1.27, 1.63, 2.22, 2.76, 2.46, 2.28, 2.53, 2.73, 2.67, 2.97, 3.67, 4.78, 5.34, 5.84, 5.33, 5.11, 5.43, 5.09, 4.67, 4.92, 4.72, 3.52, 3.0, 3.02, 3.55, 3.77, 3.34, 2.86, 2.34, 1.41, 1.31, 1.74, 2.59, 3.27, 3.4, 3.53, 3.28, 2.65, 2.13, 1.22, 0, 1.01, 1.53, 1.41, 2.58, 4.52, 5.59, 5.33, 4.56, 3.14, 3.0, 3.28, 2.89, 3.65, 3.9, 3.26, 2.57], [7.788, 8.175, 8.388, 8.204, 8.137, 8.107, 8.138, 8.872, 9.376, 9.585, 9.182, 8.498, 7.839, 6.608, 5.606, 5.22, 3.926, 3.303, 3.339, 3.889, 4.192, 3.849, 3.382, 2.78, 2.87, 3.47, 2.13, 1.29, 1.45, 1.54, 1.86, 2.59, 3.09, 2.77, 2.77, 3.22, 3.42, 3.38, 3.66, 4.38, 5.51, 6.07, 6.55, 5.96, 5.74, 6.08, 5.72, 5.38, 5.61, 5.37, 4.21, 3.67, 3.67, 4.24, 4.46, 4.01, 3.55, 3.03, 1.92, 1.7, 2.31, 3.32, 4.0, 4.13, 4.26, 4.01, 3.38, 2.84, 2.01, 1.01, 0, 0.74, 1.08, 2.13, 4.17, 5.04, 4.8, 4.01, 2.63, 2.87, 2.89, 2.82, 3.66, 3.55, 2.97, 2.48], [8.322, 8.672, 8.905, 8.74, 8.535, 8.522, 8.584, 9.338, 9.87, 10.101, 9.733, 9.046, 8.355, 7.139, 6.163, 5.749, 4.466, 3.84, 3.893, 4.426, 4.716, 4.406, 3.922, 3.296, 2.95, 3.45, 2.07, 1.39, 1.69, 1.84, 2.04, 2.69, 3.15, 2.85, 3.07, 3.64, 3.86, 3.82, 4.14, 4.8, 6.037, 6.59, 7.15, 6.52, 6.32, 6.6, 6.24, 5.94, 6.17, 5.93, 4.73, 4.15, 4.31, 4.86, 5.04, 4.53, 4.03, 3.51, 2.24, 2.06, 2.65, 3.78, 4.54, 4.69, 4.8, 4.534, 3.907, 3.42, 2.49, 1.53, 0.74, 0, 0.94, 1.95, 3.89, 4.72, 4.28, 3.47, 2.35, 2.71, 2.75, 2.72, 3.44, 3.41, 2.87, 2.38], [8.317, 8.665, 8.895, 8.764, 8.631, 8.584, 8.587, 9.301, 9.883, 10.076, 9.676, 9.037, 8.353, 7.119, 6.166, 5.727, 4.426, 3.812, 3.815, 4.386, 4.656, 4.349, 3.899, 3.216, 2.65, 2.93, 1.69, 1.39, 1.73, 1.82, 1.96, 2.33, 2.77, 2.47, 2.83, 3.44, 3.74, 3.82, 3.98, 4.78, 5.998, 6.53, 7.09, 6.54, 6.36, 6.64, 6.28, 5.96, 6.13, 5.95, 4.71, 4.15, 4.33, 4.86, 5.06, 4.51, 4.03, 3.47, 2.18, 1.94, 2.59, 3.72, 4.48, 4.618, 4.74, 4.49, 3.868, 3.34, 2.35, 1.41, 1.08, 0.94, 0, 1.45, 3.51, 4.5, 4.1, 3.29, 1.97, 2.21, 2.25, 2.16, 2.88, 2.91, 2.43, 1.96], [9.6, 9.972, 10.199, 10.034, 9.927, 9.9, 9.911, 10.605, 11.19, 11.376, 10.963, 10.299, 9.626, 8.41, 7.445, 7.003, 5.722, 5.079, 5.097, 5.656, 5.926, 5.636, 5.187, 4.486, 3.013, 2.72, 1.16, 2.06, 2.6, 2.89, 2.85, 2.74, 2.74, 2.58, 3.28, 3.99, 4.41, 4.73, 4.95, 5.89, 7.268, 7.8, 8.3, 7.63, 7.35, 7.69, 7.29, 7.01, 7.32, 7.04, 5.38, 4.86, 5.28, 5.95, 6.13, 5.22, 4.9, 4.26, 2.87, 2.93, 3.82, 4.99, 5.75, 5.888, 6.01, 5.76, 5.15, 4.61, 3.54, 2.58, 2.13, 1.95, 1.45, 0, 2.22, 3.13, 2.85, 2.06, 0.98, 1.38, 1.5, 1.69, 1.99, 1.84, 1.68, 1.57], [11.528, 11.887, 12.108, 11.973, 11.852, 11.775, 11.786, 12.534, 13.088, 13.281, 12.924, 12.333, 11.551, 10.336, 9.383, 8.943, 7.68, 7.017, 7.1, 7.603, 7.876, 7.576, 7.109, 6.386, 4.86, 3.36, 2.92, 3.98, 4.5, 4.81, 4.77, 4.46, 4.18, 3.96, 4.68, 5.59, 6.27, 6.65, 6.87, 7.81, 9.188, 9.72, 10.22, 9.55, 9.25, 9.61, 9.21, 8.93, 9.24, 8.96, 7.26, 6.64, 7.12, 7.85, 8.05, 7.1, 6.78, 6.16, 4.71, 4.77, 5.74, 6.91, 7.67, 7.84, 7.99, 7.68, 7.058, 6.518, 5.46, 4.52, 4.17, 3.89, 3.51, 2.22, 0, 1.35, 1.45, 1.46, 1.68, 1.88, 1.82, 2.19, 1.85, 1.62, 1.88, 2.63], [12.598, 12.954, 13.1