[[0, 1.16, 1.22, 1.42, 1.21, 1.32, 1.64, 1.84, 1.85, 1.19, 1.57, 2.44, 2.647, 2.777, 3.121, 3.355, 2.89, 2.52, 2.23, 2.0, 2.37, 2.5, 2.26, 2.5, 2.82, 2.55, 2.68, 3.25, 4.76, 5.51, 5.84, 5.67, 5.86, 6.12, 6.427, 6.209, 5.104, 5.077, 4.52, 3.19, 2.97, 3.02, 2.86, 1.94, 3.19, 5.966, 7.04, 7.36, 5.74, 5.39, 5.7, 5.55, 5.8, 6.554, 7.1, 5.997, 4.58, 4.52, 4.93, 4.82, 4.46, 4.53, 4.54, 5.04, 4.75, 4.79, 4.77, 4.46, 4.4, 3.85, 3.37, 3.34, 3.19, 3.33, 3.75, 3.46, 3.29, 3.35, 3.39, 3.98, 4.3, 4.73, 6.52, 8.89, 9.33, 8.81], [1.16, 0, 0.98, 1.24, 0.97, 1.12, 1.36, 1.74, 1.81, 1.21, 1.25, 2.06, 2.42, 2.51, 2.747, 2.967, 2.59, 2.3, 2.17, 1.94, 2.13, 2.28, 1.98, 2.16, 2.44, 2.23, 2.34, 2.79, 4.4, 5.15, 5.42, 5.27, 5.394, 5.7, 5.981, 5.803, 4.681, 4.8, 4.279, 2.97, 2.73, 2.74, 2.66, 1.86, 3.33, 6.446, 7.469, 7.806, 6.169, 5.83, 6.14, 5.97, 6.24, 7.02, 7.514, 6.42, 5.06, 5.04, 5.59, 5.34, 5.04, 5.21, 5.26, 5.72, 5.51, 5.59, 5.57, 5.24, 5.18, 4.45, 4.01, 4.08, 3.97, 4.09, 4.45, 4.2, 3.97, 3.93, 4.05, 4.68, 4.76, 4.99, 6.76, 9.17, 9.59, 9.17], [1.22, 0.98, 0, 0.86, 1.11, 1.42, 1.3, 1.54, 1.73, 1.17, 1.25, 1.88, 2.08, 2.31, 2.589, 2.84, 2.39, 2.18, 2.15, 1.92, 1.93, 2.06, 1.98, 2.16, 2.5, 2.19, 2.3, 2.71, 4.28, 4.93, 5.22, 5.09, 5.22, 5.52, 5.816, 5.614, 4.525, 4.58, 4.076, 2.75, 2.41, 2.48, 2.36, 1.62, 3.69, 6.6, 7.68, 7.974, 6.359, 6.026, 6.296, 6.126, 6.365, 7.151, 7.665, 6.585, 5.22, 5.12, 5.65, 5.36, 5.1, 5.27, 5.32, 5.78, 5.53, 5.47, 5.35, 5.1, 5.08, 4.39, 4.07, 4.08, 3.89, 4.09, 4.55, 4.26, 3.75, 3.77, 3.89, 4.7, 4.9, 5.31, 7.12, 9.45, 10.01, 9.43], [1.42, 1.24, 0.86, 0, 1.27, 1.5, 1.3, 1.24, 1.39, 1.01, 1.41, 2.12, 2.44, 2.59, 2.88, 3.16, 2.69, 2.28, 2.11, 1.96, 2.17, 2.3, 2.26, 2.44, 2.64, 2.43, 2.66, 3.01, 4.46, 5.11, 5.44, 5.27, 5.42, 5.7, 6.004, 5.801, 4.731, 4.903, 4.376, 2.95, 2.33, 2.42, 2.28, 1.32, 3.47, 6.397, 7.459, 7.788, 6.156, 5.83, 6.133, 5.963, 6.22, 6.968, 7.502, 6.42, 5.02, 4.96, 5.47, 5.2, 4.9, 5.01, 5.1, 5.62, 5.25, 5.11, 4.97, 4.72, 4.72, 4.23, 3.85, 3.88, 3.75, 3.83, 4.23, 3.86, 3.51, 3.51, 3.71, 4.56, 4.66, 5.17, 6.94, 9.29, 9.73, 9.21], [1.21, 0.97, 1.11, 1.27, 0, 1.39, 1.59, 1.87, 1.76, 1.12, 1.6, 2.23, 2.51, 2.64, 2.877, 3.097, 2.64, 2.29, 2.1, 1.91, 2.18, 2.33, 2.07, 2.35, 2.63, 2.32, 2.47, 3.0, 4.49, 5.16, 5.53, 5.383, 5.51, 5.79, 6.137, 5.902, 4.932, 5.02, 4.589, 3.28, 3.02, 3.01, 2.87, 1.71, 3.24, 6.27, 7.315, 7.644, 6.05, 5.76, 6.05, 5.88, 6.15, 6.87, 7.39, 6.37, 5.07, 5.01, 5.58, 5.37, 5.01, 5.1, 5.27, 5.67, 5.38, 5.4, 5.38, 5.07, 4.99, 4.28, 3.82, 3.91, 3.82, 4.0, 4.4, 4.07, 3.82, 3.72, 3.88, 4.59, 4.77, 5.02, 6.69, 9.06, 9.58, 9.02], [1.32, 1.12, 1.42, 1.5, 1.39, 0, 1.1, 1.56, 1.59, 1.27, 1.45, 2.241, 2.62, 2.71, 2.938, 3.078, 2.69, 2.3, 2.15, 1.96, 2.31, 2.34, 2.06, 2.28, 2.56, 2.29, 2.42, 2.87, 4.46, 5.11, 5.32, 5.13, 5.08, 5.36, 5.71, 5.515, 4.465, 5.068, 4.593, 3.59, 3.29, 3.18, 3.08, 2.2, 3.47, 6.66, 7.745, 8.074, 6.439, 6.13, 6.416, 6.266, 6.56, 7.291, 7.765, 6.74, 5.44, 5.44, 5.97, 5.7, 5.4, 5.57, 5.64, 6.1, 5.81, 5.85, 5.81, 5.52, 5.44, 4.69, 4.31, 4.32, 4.19, 4.33, 4.81, 4.52, 4.29, 4.09, 4.23, 5.0, 5.04, 5.15, 6.836, 9.263, 9.803, 9.335], [1.64, 1.36, 1.3, 1.3, 1.59, 1.1, 0, 0.96, 1.03, 1.21, 1.55, 2.0, 2.24, 2.41, 2.58, 2.76, 2.43, 2.06, 2.05, 1.86, 2.11, 2.14, 2.12, 2.24, 2.34, 2.15, 2.6, 2.95, 4.14, 4.77, 4.92, 4.75, 4.82, 5.02, 5.19, 4.966, 3.968, 4.65, 4.16, 2.99, 2.67, 2.62, 2.48, 1.6, 3.996, 7.197, 8.274, 8.614, 6.999, 6.666, 6.956, 6.786, 7.025, 7.799, 8.296, 7.245, 5.84, 5.739, 6.17, 5.94, 5.64, 5.57, 5.76, 6.285, 6.01, 5.63, 5.53, 5.3, 5.3, 4.95, 4.567, 4.46, 4.29, 4.49, 4.91, 4.4, 3.99, 3.95, 4.15, 5.2, 5.347, 5.61, 7.42, 9.883, 10.383, 9.915], [1.84, 1.74, 1.54, 1.24, 1.87, 1.56, 0.96, 0, 0.69, 1.19, 1.81, 2.1, 2.22, 2.39, 2.6, 2.88, 2.49, 2.08, 2.09, 1.92, 2.13, 2.24, 2.38, 2.56, 2.66, 2.53, 2.92, 3.23, 4.0, 4.59, 4.78, 4.79, 5.1, 5.34, 5.31, 5.08, 4.01, 4.41, 3.9, 2.71, 2.13, 2.02, 1.86, 1.14, 3.95, 7.071, 8.134, 8.474, 6.859, 6.526, 6.816, 6.646, 6.885, 7.665, 8.185, 7.103, 5.697, 5.565, 5.981, 5.739, 5.462, 5.358, 5.48, 6.105, 5.789, 5.11, 4.99, 4.62, 4.88, 4.758, 4.421, 4.28, 4.05, 4.23, 4.63, 4.1, 3.71, 3.63, 3.93, 4.973, 5.207, 5.51, 7.32, 9.77, 10.27, 9.787], [1.85, 1.81, 1.73, 1.39, 1.76, 1.59, 1.03, 0.69, 0, 1.06, 2.06, 2.51, 2.69, 2.84, 3.01, 3.31, 2.92, 2.47, 2.46, 2.33, 2.48, 2.67, 2.77, 2.87, 2.95, 2.82, 3.27, 3.62, 4.41, 4.98, 5.15, 5.08, 5.31, 5.49, 5.52, 5.293, 4.25, 4.858, 4.35, 3.06, 2.4, 2.29, 1.97, 1.21, 3.72, 6.853, 7.918, 8.247, 6.632, 6.299, 6.589, 6.419, 6.658, 7.435, 7.952, 6.861, 5.487, 5.355, 5.751, 5.549, 5.252, 5.148, 5.25, 5.875, 5.579, 4.94, 4.82, 4.43, 4.71, 4.551, 4.203, 4.036, 3.84, 4.02, 4.42, 3.89, 3.52, 3.46, 3.74, 4.783, 4.937, 5.227, 7.03, 9.526, 9.996, 9.557], [1.19, 1.21, 1.17, 1.01, 1.12, 1.27, 1.21, 1.19, 1.06, 0, 1.64, 2.33, 2.77, 2.94, 3.13, 3.35, 2.92, 2.51, 2.36, 2.25, 2.54, 2.69, 2.49, 2.77, 2.93, 2.68, 3.01, 3.5, 4.77, 5.44, 5.65, 5.48, 5.53, 5.85, 6.16, 5.916, 4.846, 5.24, 4.71, 3.38, 2.72, 2.69, 2.43, 1.51, 3.16, 6.236, 7.301, 7.63, 6.015, 5.699, 5.977, 5.819, 6.058, 6.817, 7.315, 6.264, 4.927, 4.79, 5.28, 5.05, 4.71, 4.74, 4.89, 5.39, 5.08, 4.94, 4.92, 4.59, 4.57, 4.04, 3.663, 3.61, 3.44, 3.6, 3.98, 3.59, 3.34, 3.38, 3.56, 4.29, 4.43, 4.64, 6.465, 8.956, 9.434, 8.928], [1.57, 1.25, 1.25, 1.41, 1.6, 1.45, 1.55, 1.81, 2.06, 1.64, 0, 1.33, 1.67, 1.78, 2.03, 2.31, 1.92, 1.71, 1.62, 1.49, 1.58, 1.57, 1.59, 1.69, 1.89, 1.76, 1.93, 2.22, 3.71, 4.4, 4.67, 4.52, 4.63, 4.93, 5.26, 5.03, 3.96, 4.14, 3.65, 2.78, 3.0, 2.81, 2.91, 2.19, 4.247, 7.181, 8.241, 8.553, 6.936, 6.622, 6.9, 6.753, 6.989, 7.763, 8.287, 7.224, 5.85, 5.818, 6.22, 5.95, 5.73, 5.8, 5.89, 6.39, 6.1, 5.94, 5.82, 5.61, 5.61, 5.08, 4.7, 4.59, 4.46, 4.58, 5.02, 4.65, 4.28, 4.28, 4.38, 5.27, 5.41, 5.76, 7.577, 10.01, 10.461, 9.947], [2.44, 2.06, 1.88, 2.12, 2.23, 2.241, 2.0, 2.1, 2.51, 2.33, 1.33, 0, 0.92, 1.15, 1.24, 1.46, 1.23, 1.58, 1.69, 1.76, 1.41, 1.46, 1.64, 1.46, 1.32, 1.39, 1.66, 1.79, 2.66, 3.33, 3.6, 3.41, 3.62, 3.94, 4.17, 3.96, 2.95, 3.03, 2.7, 2.53, 2.65, 2.66, 2.76, 2.54, 5.181, 8.237, 9.303, 9.628, 7.997, 7.664, 7.954, 7.804, 8.039, 8.814, 9.337, 8.251, 6.877, 6.768, 7.203, 6.962, 6.645, 6.63, 6.84, 7.333, 7.038, 6.59, 6.41, 6.16, 6.28, 6.004, 5.667, 5.56, 5.33, 5.49, 5.85, 5.38, 4.97, 4.91, 5.11, 6.256, 6.44, 6.81, 8.627, 11.04, 11.529, 10.985], [2.647, 2.42, 2.08, 2.44, 2.51, 2.62, 2.24, 2.22, 2.69, 2.77, 1.67, 0.92, 0, 0.67, 0.88, 0.98, 0.89, 1.26, 1.31, 1.3, 1.11, 1.14, 1.44, 1.18, 1.18, 1.21, 1.36, 1.43, 2.54, 3.07, 3.36, 3.33, 3.74, 3.9, 3.95, 3.74, 2.87, 3.11, 2.54, 2.41, 2.65, 2.7, 2.74, 2.64, 5.578, 8.504, 9.549, 9.849, 8.229, 7.855, 8.165, 7.995, 8.253, 9.017, 9.54, 8.481, 7.06, 6.966, 7.323, 7.162, 6.825, 6.721, 6.802, 7.45, 7.118, 6.47, 6.29, 6.14, 6.24, 6.144, 5.914, 5.764, 5.45, 5.61, 5.95, 5.42, 4.97, 4.87, 5.13, 6.36, 6.72, 7.13, 8.987, 11.314, 11.874, 11.294], [2.777, 2.51, 2.31, 2.59, 2.64, 2.71, 2.41, 2.39, 2.84, 2.94, 1.78, 1.15, 0.67, 0, 0.57, 0.83, 0.68, 1.03, 1.14, 1.23, 0.84, 0.95, 1.21, 1.01, 0.93, 1.14, 1.19, 1.3, 2.45, 2.9, 3.21, 3.2, 3.65, 3.77, 3.78, 3.59, 2.92, 3.22, 2.75, 2.6, 2.82, 2.83, 2.89, 2.87, 5.69, 8.699, 9.696, 10.056, 8.396, 8.037, 8.332, 8.182, 8.423, 9.204, 9.743, 8.659, 7.25, 7.156, 7.513, 7.292, 6.995, 6.891, 6.95, 7.643, 7.288, 6.62, 6.46, 6.33, 6.43, 6.334, 6.075, 5.911, 5.62, 5.76, 6.08, 5.59, 5.12, 5.08, 5.32, 6.53, 6.83, 7.2, 9.03, 11.42, 11.96, 11.36], [3.121, 2.747, 2.589, 2.88, 2.877, 2.938, 2.58, 2.6, 3.01, 3.13, 2.03, 1.24, 0.88, 0.57, 0, 0.56, 0.73, 1.1, 1.27, 1.48, 1.11, 1.02, 1.34, 1.0, 0.82, 1.19, 1.2, 1.09, 2.2, 2.63, 2.9, 2.91, 3.32, 3.46, 3.43, 3.26, 2.91, 3.27, 2.82, 2.83, 3.05, 3.04, 3.14, 3.14, 5.966, 9.046, 10.054, 10.4, 8.754, 8.396, 8.691, 8.521, 8.759, 9.545, 10.094, 9.003, 7.56, 7.451, 7.823, 7.602, 7.305, 7.181, 7.32, 7.987, 7.626, 6.91, 6.77, 6.64, 6.72, 6.653, 6.407, 6.26, 5.99, 6.15, 6.41, 5.88, 5.43, 5.39, 5.65, 6.88, 7.14, 7.49, 9.36, 11.725, 12.251, 11.708], [3.355, 2.967, 2.84, 3.16, 3.097, 3.078, 2.76, 2.88, 3.31, 3.35, 2.31, 1.46, 0.98, 0.83, 0.56, 0, 0.77, 1.3, 1.45, 1.66, 1.31, 1.16, 1.56, 1.26, 1.04, 1.29, 1.2, 1.17, 2.0, 2.41, 2.7, 2.71, 3.12, 3.22, 3.21, 3.06, 2.93, 3.25, 2.88, 2.93, 3.19, 3.2, 3.28, 3.44, 6.177, 9.274, 10.271, 10.628, 8.971, 8.613, 8.908, 8.749, 8.993, 9.759, 10.311, 9.22, 7.774, 7.686, 8.043, 7.822, 7.525, 7.381, 7.5, 8.187, 7.826, 7.21, 7.05, 6.88, 6.9, 6.884, 6.625, 6.475, 6.19, 6.33, 6.63, 6.12, 5.65, 5.65, 5.89, 7.1, 7.38, 7.71, 9.56, 11.962, 12.468, 11.91], [2.89, 2.59, 2.39, 2.69, 2.64, 2.69, 2.43, 2.49, 2.92, 2.92, 1.92, 1.23, 0.89, 0.68, 0.73, 0.77, 0, 0.97, 1.08, 1.25, 0.86, 0.89, 0.99, 0.91, 0.85, 0.92, 0.95, 1.2, 2.25, 2.84, 3.05, 3.02, 3.47, 3.51, 3.58, 3.53, 3.04, 3.44, 2.97, 2.86, 3.08, 3.07, 3.19, 3.11, 5.707, 8.804, 9.864, 10.19, 8.558, 8.205, 8.515, 8.356, 8.603, 9.378, 9.921, 8.818, 7.39, 7.278, 7.633, 7.432, 7.135, 6.991, 7.112, 7.809, 7.453, 6.9, 6.72, 6.47, 6.51, 6.514, 6.157, 5.99, 5.689, 5.826, 6.22, 5.75, 5.24, 5.26, 5.54, 6.683, 6.99, 7.38, 9.21, 11.58, 12.08, 11.56], [2.52, 2.3, 2.18, 2.28, 2.29, 2.3, 2.06, 2.08, 2.47, 2.51, 1.71, 1.58, 1.26, 1.03, 1.1, 1.3, 0.97, 0, 0.43, 0.8, 0.79, 0.8, 1.0, 1.26, 1.26, 1.43, 1.42, 1.93, 2.9, 3.31, 3.6, 3.57, 4.02, 4.16, 4.07, 3.98, 3.43, 3.85, 3.38, 2.97, 3.19, 3.22, 3.26, 2.64, 5.377, 8.38, 9.445, 9.771, 8.139, 7.775, 8.079, 7.912, 8.144, 8.942, 9.459, 8.388, 6.965, 6.859, 7.209, 7.019, 6.701, 6.558, 6.691, 7.378, 7.046, 6.41, 6.29, 6.04, 6.06, 6.055, 5.75, 5.58, 5.27, 5.43, 5.81, 5.34, 4.89, 4.93, 5.15, 6.32, 6.6, 7.03, 8.84, 11.15, 11.73, 11.13], [2.23, 2.17, 2.15, 2.11, 2.1, 2.15, 2.05, 2.09, 2.46, 2.36, 1.62, 1.69, 1.31, 1.14, 1.27, 1.45, 1.08, 0.43, 0, 0.67, 0.78, 0.79, 1.05, 1.19, 1.27, 1.4, 1.37, 1.9, 3.05, 3.52, 3.85, 3.78, 4.19, 4.33, 4.36, 4.29, 3.74, 4.08, 3.55, 3.12, 3.34, 3.33, 3.39, 2.57, 5.127, 8.07, 9.155, 9.484, 7.849, 7.496, 7.806, 7.656, 7.891, 8.646, 9.201, 8.101, 6.687, 6.595, 6.951, 6.789, 6.452, 6.288, 6.43, 7.109, 6.76, 6.22, 6.12, 5.91, 5.89, 5.78, 5.46, 5.27, 4.98, 5.14, 5.54, 5.07, 4.68, 4.7, 4.9, 5.99, 6.33, 6.8, 8.61, 10.92, 11.48, 10.9], [2.0, 1.94, 1.92, 1.96, 1.91, 1.96, 1.86, 1.92, 2.33, 2.25, 1.49, 1.76, 1.3, 1.23, 1.48, 1.66, 1.25, 0.8, 0.67, 0, 0.81, 0.88, 0.96, 1.24, 1.42, 1.45, 1.42, 1.91, 3.2, 3.75, 4.04, 4.05, 4.52, 4.58, 4.67, 4.514, 3.846, 4.07, 3.44, 2.91, 3.13, 3.08, 3.12, 2.44, 4.877, 7.752, 8.825, 9.134, 7.537, 7.186, 7.476, 7.306, 7.545, 8.336, 8.943, 7.803, 6.36, 6.225, 6.601, 6.519, 6.142, 6.038, 6.08, 6.762, 6.406, 5.95, 5.87, 5.58, 5.6, 5.43, 5.15, 5.02, 4.67, 4.87, 5.29, 4.8, 4.35, 4.35, 4.57, 5.72, 6.12, 6.59, 8.4, 10.73, 11.23, 10.69], [2.37, 2.13, 1.93, 2.17, 2.18, 2.31, 2.11, 2.13, 2.48, 2.54, 1.58, 1.41, 1.11, 0.84, 1.11, 1.31, 0.86, 0.79, 0.78, 0.81, 0, 0.65, 0.99, 1.11, 1.19, 1.26, 1.33, 1.6, 2.77, 3.28, 3.61, 3.54, 3.95, 4.07, 4.18, 4.064, 3.42, 3.78, 3.29, 2.88, 2.94, 2.97, 2.95, 2.51, 5.227, 8.233, 9.298, 9.627, 7.992, 7.659, 7.969, 7.819, 8.058, 8.806, 9.341, 8.241, 6.827, 6.735, 7.091, 6.889, 6.592, 6.46, 6.59, 7.252, 6.916, 6.36, 6.2, 5.97, 6.05, 5.94, 5.64, 5.43, 5.14, 5.3, 5.72, 5.21, 4.78, 4.68, 4.94, 6.15, 6.43, 6.9, 8.71, 11.06, 11.58, 11.0], [2.5, 2.28, 2.06, 2.3, 2.33, 2.34, 2.14, 2.24, 2.67, 2.69, 1.57, 1.46, 1.14, 0.95, 1.02, 1.16, 0.89, 0.8, 0.79, 0.88, 0.65, 0, 0.8, 1.06, 1.1, 1.23, 1.14, 1.39, 2.66, 3.15, 3.42, 3.35, 3.76, 3.88, 3.99, 3.914, 3.53, 3.89, 3.4, 3.03, 3.15, 3.12, 3.18, 2.68, 5.37, 8.403, 9.468, 9.797, 8.162, 7.809, 8.119, 7.949, 8.188, 8.973, 9.508, 8.408, 6.994, 6.876, 7.232, 7.116, 6.773, 6.67, 6.76, 7.407, 7.09, 6.65, 6.49, 6.22, 6.34, 6.11, 5.77, 5.58, 5.29, 5.47, 5.91, 5.42, 5.01, 4.85, 5.07, 6.32, 6.62, 7.01, 8.84, 11.21, 11.75, 11.17], [2.26, 1.98, 1.98, 2.26, 2.07, 2.06, 2.12, 2.38, 2.77, 2.49, 1.59, 1.64, 1.44, 1.21, 1.34, 1.56, 0.99, 1.0, 1.05, 0.96, 0.99, 0.8, 0, 0.88, 1.0, 1.03, 0.92, 1.35, 2.92, 3.49, 3.76, 3.67, 3.94, 4.04, 4.353, 4.254, 3.749, 4.29, 3.76, 3.35, 3.39, 3.4, 3.42, 2.8, 4.95, 8.02, 9.105, 9.434, 7.819, 7.49, 7.78, 7.63, 7.88, 8.611, 9.125, 8.045, 6.64, 6.54, 6.93, 6.9, 6.52, 6.51, 6.46, 7.1, 6.77, 6.75, 6.71, 6.4, 6.34, 5.87, 5.39, 5.22, 4.99, 5.13, 5.65, 5.46, 5.03, 4.89, 5.05, 6.04, 6.28, 6.59, 8.42, 10.77, 11.33, 10.75], [2.5, 2.16, 2.16, 2.44, 2.35, 2.28, 2.24, 2.56, 2.87, 2.77, 1.69, 1.46, 1.18, 1.01, 1.0, 1.26, 0.91, 1.26, 1.19, 1.24, 1.11, 1.06, 0.88, 0, 0.56, 0.69, 0.74, 1.11, 2.56, 3.23, 3.5, 3.39, 3.72, 3.8, 4.047, 4.006, 3.33, 3.75, 3.36, 3.11, 3.27, 3.22, 3.34, 2.98, 5.29, 8.417, 9.46, 9.78, 8.16, 7.81, 8.12, 7.97, 8.216, 8.968, 9.5, 8.4, 6.98, 6.9, 7.29, 7.1, 6.79, 6.69, 6.8, 7.48, 7.07, 6.81, 6.69, 6.44, 6.42, 6.15, 5.77, 5.72, 5.45, 5.51, 5.89, 5.58, 5.07, 4.93, 5.13, 6.32, 6.64, 6.99, 8.84, 11.23, 11.67, 11.19], [2.82, 2.44, 2.5, 2.64, 2.63, 2.56, 2.34, 2.66, 2.95, 2.93, 1.89, 1.32, 1.18, 0.93, 0.82, 1.04, 0.85, 1.26, 1.27, 1.42, 1.19, 1.1, 1.0, 0.56, 0, 0.63, 0.82, 1.01, 2.4, 3.05, 3.22, 3.07, 3.34, 3.44, 3.667, 3.626, 3.09, 3.71, 3.3, 3.19, 3.35, 3.34, 3.46, 3.16, 5.63, 8.78, 9.829, 10.14, 8.529, 8.166, 8.476, 8.326, 8.545, 9.331, 9.874, 8.772, 7.328, 7.24, 7.589, 7.387, 7.09, 6.99, 7.1, 7.782, 7.406, 6.95, 6.83, 6.58, 6.56, 6.45, 6.13, 6.02, 5.75, 5.85, 6.17, 5.78, 5.29, 5.21, 5.43, 6.66, 6.96, 7.31, 9.16, 11.55, 11.99, 11.53], [2.55, 2.23, 2.19, 2.43, 2.32, 2.29, 2.15, 2.53, 2.82, 2.68, 1.76, 1.39, 1.21, 1.14, 1.19, 1.29, 0.92, 1.43, 1.4, 1.45, 1.26, 1.23, 1.03, 0.69, 0.63, 0, 0.71, 1.2, 2.69, 3.3, 3.49, 3.36, 3.59, 3.71, 3.963, 3.902, 3.24, 3.82, 3.43, 3.02, 3.18, 3.17, 3.33, 3.01, 5.36, 8.447, 9.512, 9.841, 8.206, 7.853, 8.163, 8.011, 8.249, 9.018, 9.59, 8.47, 7.05, 6.943, 7.319, 7.137, 6.8, 6.74, 6.85, 7.53, 7.136, 6.8, 6.7, 6.41, 6.37, 6.16, 5.8, 5.67, 5.42, 5.52, 5.92, 5.55, 5.1, 5.02, 5.22, 6.39, 6.71, 7.06, 8.91, 11.3, 11.78, 11.26], [2.68, 2.34, 2.3, 2.66, 2.47, 2.42, 2.6, 2.92, 3.27, 3.01, 1.93, 1.66, 1.36, 1.19, 1.2, 1.2, 0.95, 1.42, 1.37, 1.42, 1.33, 1.14, 0.92, 0.74, 0.82, 0.71, 0, 0.95, 2.68, 3.27, 3.54, 3.45, 3.66, 3.7, 3.993, 3.932, 3.47, 3.89, 3.46, 3.27, 3.41, 3.42, 3.56, 3.32, 5.37, 8.417, 9.5, 9.82, 8.2, 7.85, 8.16, 8.01, 8.256, 9.02, 9.54, 8.44, 7.02, 6.98, 7.39, 7.22, 6.9, 6.91, 6.92, 7.6, 7.19, 7.07, 7.03, 6.7, 6.62, 6.27, 5.87, 5.8, 5.53, 5.59, 6.01, 5.82, 5.37, 5.27, 5.41, 6.42, 6.74, 7.11, 8.96, 11.33, 11.79, 11.29], [3.25, 2.79, 2.71, 3.01, 3.0, 2.87, 2.95, 3.23, 3.62, 3.5, 2.22, 1.79, 1.43, 1.3, 1.09, 1.17, 1.2, 1.93, 1.9, 1.91, 1.6, 1.39, 1.35, 1.11, 1.01, 1.2, 0.95, 0, 1.99, 2.72, 2.99, 2.9, 3.03, 3.124, 3.46, 3.293, 3.18, 3.72, 3.33, 3.28, 3.5, 3.59, 3.67, 3.59, 5.86, 8.967, 9.99, 10.33, 8.69, 8.38, 8.67, 8.52, 8.77, 9.51, 10.05, 8.93, 7.53, 7.45, 7.88, 7.75, 7.39, 7.5, 7.47, 8.07, 7.7, 7.66, 7.52, 7.29, 7.27, 6.72, 6.34, 6.31, 6.14, 6.28, 6.7, 6.41, 5.98, 5.74, 5.86, 6.91, 7.15, 7.5, 9.35, 11.74, 12.2, 11.72], [4.76, 4.4, 4.28, 4.46, 4.49, 4.46, 4.14, 4.0, 4.41, 4.77, 3.71, 2.66, 2.54, 2.45, 2.2, 2.0, 2.25, 2.9, 3.05, 3.2, 2.77, 2.66, 2.92, 2.56, 2.4, 2.69, 2.68, 1.99, 0, 1.05, 1.32, 1.43, 1.54, 1.72, 1.81, 1.88, 2.57, 2.95, 2.88, 3.21, 3.59, 3.64, 3.84, 4.58, 7.43, 10.617, 11.7, 12.02, 10.42, 10.11, 10.4, 10.23, 10.48, 11.26, 11.76, 10.66, 9.28, 9.16, 9.55, 9.38, 9.06, 8.95, 9.06, 9.7, 9.33, 8.81, 8.61, 8.26, 8.48, 8.33, 8.01, 7.86, 7.65, 7.79, 8.23, 7.76, 7.31, 7.15, 7.41, 8.56, 8.84, 9.15, 11.0, 13.43, 13.85, 13.41], [5.51, 5.15, 4.93, 5.11, 5.16, 5.11, 4.77, 4.59, 4.98, 5.44, 4.4, 3.33, 3.07, 2.9, 2.63, 2.41, 2.84, 3.31, 3.52, 3.75, 3.28, 3.15, 3.49, 3.23, 3.05, 3.3, 3.27, 2.72, 1.05, 0, 0.67, 1.0, 1.35, 1.61, 1.56, 1.73, 2.22, 2.7, 2.69, 3.48, 3.88, 3.93, 4.25, 5.15, 8.22, 11.367, 12.435, 12.784, 11.169, 10.876, 11.166, 11.0, 11.25, 12.001, 12.475, 11.395, 10.01, 9.89, 10.28, 10.11, 9.79, 9.66, 9.77, 10.432, 10.08, 9.34, 9.16, 8.83, 9.09, 9.08, 8.72, 8.55, 8.3, 8.46, 8.94, 8.43, 7.98, 7.82, 8.08, 9.28, 9.53, 9.86, 11.71, 14.1, 14.6, 14.08], [5.84, 5.42, 5.22, 5.44, 5.53, 5.32, 4.92, 4.78, 5.15, 5.65, 4.67, 3.6, 3.36, 3.21, 2.9, 2.7, 3.05, 3.6, 3.85, 4.04, 3.61, 3.42, 3.76, 3.5, 3.22, 3.49, 3.54, 2.99, 1.32, 0.67, 0, 0.63, 1.08, 1.5, 1.53, 1.84, 2.25, 2.71, 2.9, 3.85, 4.27, 4.3, 4.62, 5.54, 8.585, 11.76, 12.825, 13.154, 11.539, 11.206, 11.496, 11.326, 11.565, 12.339, 12.859, 11.777, 10.371, 10.239, 10.615, 10.41, 10.116, 9.989, 10.093, 10.785, 10.429, 9.65, 9.47, 9.1, 9.419, 9.438, 9.107, 8.932, 8.67, 8.81, 9.23, 8.72, 8.23, 8.137, 8.4, 9.633, 9.907, 10.19, 12.04, 14.47, 14.95, 14.47], [5.67, 5.27, 5.09, 5.27, 5.383, 5.13, 4.75, 4.79, 5.08, 5.48, 4.52, 3.41, 3.33, 3.2, 2.91, 2.71, 3.02, 3.57, 3.78, 4.05, 3.54, 3.35, 3.67, 3.39, 3.07, 3.36, 3.45, 2.9, 1.43, 1.0, 0.63, 0, 0.97, 1.53, 1.76, 2.13, 2.22, 2.74, 2.93, 3.92, 4.36, 4.43, 4.75, 5.47, 8.455, 11.61, 12.675, 13.004, 11.369, 11.019, 11.312, 11.159, 11.394, 12.169, 12.686, 11.615, 10.204, 10.086, 10.442, 10.246, 9.943, 9.84, 9.97, 10.617, 10.276, 9.62, 9.46, 9.09, 9.35, 9.311, 8.96, 8.79, 8.5, 8.62, 9.1, 8.57, 8.1, 8.02, 8.26, 9.48, 9.734, 10.06, 11.87, 14.28, 14.84, 14.3], [5.86, 5.394, 5.22, 5.42, 5.51, 5.08, 4.82, 5.1, 5.31, 5.53, 4.63, 3.62, 3.74, 3.65, 3.32, 3.12, 3.47, 4.02, 4.19, 4.52, 3.95, 3.76, 3.94, 3.72, 3.34, 3.59, 3.66, 3.03, 1.54, 1.35, 1.08, 0.97, 0, 1.08, 1.55, 2.04, 2.67, 3.63, 3.7, 4.57, 4.93, 5.0, 5.24, 5.82, 8.511, 11.706, 12.791, 13.12, 11.485, 11.149, 11.447, 11.3, 11.533, 12.265, 12.802, 11.731, 10.334, 10.202, 10.65, 10.4, 10.119, 10.09, 10.26, 10.808, 10.45, 10.07, 9.91, 9.56, 9.74, 9.481, 9.09, 9.04, 8.81, 8.91, 9.31, 8.9, 8.51, 8.35, 8.55, 9.676, 9.81, 10.04, 11.859, 14.326, 14.866, 14.378], [6.12, 5.7, 5.52, 5.7, 5.79, 5.36, 5.02, 5.34, 5.49, 5.85, 4.93, 3.94, 3.9, 3.77, 3.46, 3.22, 3.51, 4.16, 4.33, 4.58, 4.07, 3.88, 4.04, 3.8, 3.44, 3.71, 3.7, 3.124, 1.72, 1.61, 1.5, 1.53, 1.08, 0, 0.95, 1.38, 2.81, 3.97, 4.0, 4.73, 5.09, 5.12, 5.4, 6.02, 8.764, 12.003, 13.088, 13.417, 11.782, 11.469, 11.759, 11.609, 11.848, 12.593, 13.099, 12.028, 10.614, 10.499, 10.89, 10.696, 10.396, 10.31, 10.42, 11.065, 10.669, 10.23, 10.01, 9.64, 9.82, 9.761, 9.35, 9.24, 8.97, 9.05, 9.49, 9.12, 8.59, 8.47, 8.67, 9.893, 10.087, 10.317, 12.116, 14.606, 15.146, 14.675], [6.427, 5.981, 5.816, 6.004, 6.137, 5.71, 5.19, 5.31, 5.52, 6.16, 5.26, 4.17, 3.95, 3.78, 3.43, 3.21, 3.58, 4.07, 4.36, 4.67, 4.18, 3.99, 4.353, 4.047, 3.667, 3.963, 3.993, 3.46, 1.81, 1.56, 1.53, 1.76, 1.55, 0.95, 0, 0.95, 2.42, 3.62, 3.59, 4.38, 4.86, 4.85, 5.21, 6.147, 9.131, 12.37, 13.435, 13.764, 12.129, 11.767, 12.072, 11.905, 12.137, 12.929, 13.446, 12.375, 10.949, 10.843, 11.193, 10.98, 10.685, 10.559, 10.663, 11.371, 11.01, 10.24, 10.0, 9.67, 9.99, 10.048, 9.717, 9.533, 9.263, 9.386, 9.8, 9.272, 8.761, 8.661, 8.944, 10.24, 10.457, 10.687, 12.486, 14.973, 15.513, 15.045], [6.209, 5.803, 5.614, 5.801, 5.902, 5.515, 4.966, 5.08, 5.293, 5.916, 5.03, 3.96, 3.74, 3.59, 3.26, 3.06, 3.53, 3.98, 4.29, 4.514, 4.064, 3.914, 4.254, 4.006, 3.626, 3.902, 3.932, 3.293, 1.88, 1.73, 1.84, 2.13, 2.04, 1.38, 0.95, 0, 2.19, 3.39, 3.28, 3.95, 4.43, 4.46, 4.74, 5.909, 8.916, 12.129, 13.194, 13.525, 11.905, 11.569, 11.853, 11.686, 11.919, 12.716, 13.228, 12.154, 10.76, 10.634, 11.023, 10.799, 10.516, 10.395, 10.465, 11.145, 10.809, 10.07, 9.85, 9.577, 9.854, 9.816, 9.482, 9.314, 9.104, 9.21, 9.647, 9.1, 8.65, 8.577, 8.84, 10.013, 10.219, 10.455, 12.268, 14.755, 15.281, 14.824], [5.104, 4.681, 4.525, 4.731, 4.932, 4.465, 3.968, 4.01, 4.25, 4.846, 3.96, 2.95, 2.87, 2.92, 2.91, 2.93, 3.04, 3.43, 3.74, 3.846, 3.42, 3.53, 3.749, 3.33, 3.09, 3.24, 3.47, 3.18, 2.57, 2.22, 2.25, 2.22, 2.67, 2.81, 2.42, 2.19, 0, 1.48, 1.55, 2.58, 3.103, 3.107, 3.507, 4.825, 7.844, 11.039, 12.11, 12.43, 10.801, 10.454, 10.758, 10.591, 10.82, 11.612, 12.141, 11.064, 9.604, 9.509, 9.847, 9.603, 9.346, 9.187, 9.309, 10.008, 9.647, 8.891, 8.674, 8.341, 8.644, 8.72, 8.392, 8.213, 7.949, 8.063, 8.44, 7.895, 7.39, 7.329, 7.592, 8.901, 9.135, 9.373, 11.193, 13.674, 14.197, 13.74], [5.077, 4.8, 4.58, 4.903, 5.02, 5.068, 4.65, 4.41, 4.858, 5.24, 4.14, 3.03, 3.11, 3.22, 3.27, 3.25, 3.44, 3.85, 4.08, 4.07, 3.78, 3.89, 4.29, 3.75, 3.71, 3.82, 3.89, 3.72, 2.95, 2.7, 2.71, 2.74, 3.63, 3.97, 3.62, 3.39, 1.48, 0, 0.99, 2.3, 2.92, 2.92, 3.41, 4.903, 8.01, 10.955, 11.935, 12.283, 10.601, 10.21, 10.513, 10.366, 10.582, 11.385, 11.923, 10.866, 9.456, 9.227, 9.574, 9.384, 9.077, 8.914, 9.032, 9.778, 9.399, 8.651, 8.377, 8.07, 8.375, 8.523, 8.351, 8.231, 7.874, 8.008, 8.241, 7.717, 7.151, 7.2, 7.44, 8.75, 9.142, 9.56, 11.37, 13.76, 14.216, 13.735], [4.52, 4.279, 4.076, 4.376, 4.589, 4.593, 4.16, 3.9, 4.35, 4.71, 3.65, 2.7, 2.54, 2.75, 2.82, 2.88, 2.97, 3.38, 3.55, 3.44, 3.29, 3.4, 3.76, 3.36, 3.3, 3.43, 3.46, 3.33, 2.88, 2.69, 2.9, 2.93, 3.7, 4.0, 3.59, 3.28, 1.55, 0.99, 0, 1.71, 2.39, 2.34, 2.84, 4.341, 7.471, 10.323, 11.32, 11.666, 9.98, 9.599, 9.903, 9.747, 9.926, 10.738, 11.346, 10.306, 8.863, 8.617, 8.918, 8.705, 8.425, 8.281, 8.417, 9.126, 8.807, 8.041, 7.79, 7.457, 7.78, 7.919, 7.714, 7.644, 7.29, 7.43, 7.71, 7.06, 6.49, 6.47, 6.73, 8.12, 8.52, 8.93, 10.76, 13.13, 13.628, 13.17], [3.19, 2.97, 2.75, 2.95, 3.28, 3.59, 2.99, 2.71, 3.06, 3.38, 2.78, 2.53, 2.41, 2.6, 2.83, 2.93, 2.86, 2.97, 3.12, 2.91, 2.88, 3.03, 3.35, 3.11, 3.19, 3.02, 3.27, 3.28, 3.21, 3.48, 3.85, 3.92, 4.57, 4.73, 4.38, 3.95, 2.58, 2.3, 1.71, 0, 1.14, 1.21, 1.53, 3.09, 6.14, 8.842, 9.827, 10.196, 8.487, 8.109, 8.419, 8.249, 8.496, 9.287, 9.873, 8.793, 7.39, 7.193, 7.528, 7.324, 7.038, 6.871, 6.978, 7.715, 7.35, 6.64, 6.38, 6.07, 6.35, 6.48, 6.24, 6.15, 5.84, 5.96, 6.24, 5.61, 5.14, 5.28, 5.46, 6.69, 7.09, 7.56, 9.37, 11.7, 12.14, 11.68], [2.97, 2.73, 2.41, 2.33, 3.02, 3.29, 2.67, 2.13, 2.4, 2.72, 3.0, 2.65, 2.65, 2.82, 3.05, 3.19, 3.08, 3.19, 3.34, 3.13, 2.94, 3.15, 3.39, 3.27, 3.35, 3.18, 3.41, 3.5, 3.59, 3.88, 4.27, 4.36, 4.93, 5.09, 4.86, 4.43, 3.103, 2.92, 2.39, 1.14, 0, 0.79, 0.75, 2.21, 5.26, 8.276, 9.299, 9.636, 7.999, 7.64, 7.95, 7.78, 8.03, 8.799, 9.324, 8.242, 6.778, 6.69, 7.039, 6.834, 6.54, 6.4, 6.501, 7.212, 6.856, 6.1, 5.9, 5.59, 5.83, 5.94, 5.66, 5.53, 5.24, 5.36, 5.7, 5.15, 4.74, 4.7, 4.92, 6.15, 6.43, 6.88, 8.69, 11.06, 11.5, 11.02], [3.02, 2.74, 2.48, 2.42, 3.01, 3.18, 2.62, 2.02, 2.29, 2.69, 2.81, 2.66, 2.7, 2.83, 3.04, 3.2, 3.07, 3.22, 3.33, 3.08, 2.97, 3.12, 3.4, 3.22, 3.34, 3.17, 3.42, 3.59, 3.64, 3.93, 4.3, 4.43, 5.0, 5.12, 4.85, 4.46, 3.107, 2.92, 2.34, 1.21, 0.79, 0, 0.78, 2.22, 5.23, 8.22, 9.209, 9.58, 7.909, 7.59, 7.896, 7.73, 7.965, 8.754, 9.283, 8.16, 6.78, 6.64, 7.01, 6.82, 6.52, 6.37, 6.46, 7.162, 6.81, 6.07, 5.81, 5.52, 5.78, 5.83, 5.59, 5.44, 5.17, 5.31, 5.65, 5.12, 4.65, 4.59, 4.83, 6.06, 6.38, 6.73, 8.56, 10.97, 11.39, 10.95], [2.86, 2.66, 2.36, 2.28, 2.87, 3.08, 2.48, 1.86, 1.97, 2.43, 2.91, 2.76, 2.74, 2.89, 3.14, 3.28, 3.19, 3.26, 3.39, 3.12, 2.95, 3.18, 3.42, 3.34, 3.46, 3.33, 3.56, 3.67, 3.84, 4.25, 4.62, 4.75, 5.24, 5.4, 5.21, 4.74, 3.507, 3.41, 2.84, 1.53, 0.75, 0.78, 0, 1.76, 4.76, 7.794, 8.769, 9.146, 7.449, 7.09, 7.4, 7.23, 7.5, 8.257, 8.783, 7.72, 6.36, 6.2, 6.59, 6.4, 6.085, 5.99, 6.02, 6.717, 6.367, 5.67, 5.43, 5.16, 5.4, 5.45, 5.207, 5.06, 4.81, 4.95, 5.27, 4.7, 4.27, 4.17, 4.39, 5.6, 5.92, 6.27, 8.1, 10.51, 10.95, 10.51], [1.94, 1.86, 1.62, 1.32, 1.71, 2.2, 1.6, 1.14, 1.21, 1.51, 2.19, 2.54, 2.64, 2.87, 3.14, 3.44, 3.11, 2.64, 2.57, 2.44, 2.51, 2.68, 2.8, 2.98, 3.16, 3.01, 3.32, 3.59, 4.58, 5.15, 5.54, 5.47, 5.82, 6.02, 6.147, 5.909, 4.825, 4.903, 4.341, 3.09, 2.21, 2.22, 1.76, 0, 3.25, 6.277, 7.34, 7.66, 6.04, 5.73, 6.02, 5.87, 6.12, 6.86, 7.359, 6.28, 4.9, 4.8, 5.25, 5.06, 4.74, 4.65, 4.82, 5.34, 5.05, 4.57, 4.41, 4.16, 4.28, 4.01, 3.61, 3.54, 3.39, 3.61, 4.03, 3.5, 3.11, 2.97, 3.19, 4.26, 4.48, 4.89, 6.7, 9.03, 9.59, 9.01], [3.19, 3.33, 3.69, 3.47, 3.24, 3.47, 3.996, 3.95, 3.72, 3.16, 4.247, 5.181, 5.578, 5.69, 5.966, 6.177, 5.707, 5.377, 5.127, 4.877, 5.227, 5.37, 4.95, 5.29, 5.63, 5.36, 5.37, 5.86, 7.43, 8.22, 8.585, 8.455, 8.511, 8.764, 9.131, 8.916, 7.844, 8.01, 7.471, 6.14, 5.26, 5.23, 4.76, 3.25, 0, 3.25, 4.37, 4.71, 3.17, 2.98, 3.23, 3.12, 3.51, 4.07, 4.51, 3.77, 2.97, 3.13, 3.68, 3.65, 3.51, 3.72, 3.69, 3.87, 3.94, 4.3, 4.32, 3.95, 3.93, 2.94, 2.2, 2.19, 2.24, 2.36, 3.0, 3.03, 3.1, 3.0, 3.0, 3.05, 2.87, 2.8, 3.69, 6.1, 6.5, 6.06], [5.966, 6.446, 6.6, 6.397, 6.27, 6.66, 7.197, 7.071, 6.853, 6.236, 7.181, 8.237, 8.504, 8.699, 9.046, 9.274, 8.804, 8.38, 8.07, 7.752, 8.233, 8.403, 8.02, 8.417, 8.78, 8.447, 8.417, 8.967, 10.617, 11.367, 11.76, 11.61, 11.706, 12.003, 12.37, 12.129, 11.039, 10.955, 10.323, 8.842, 8.276, 8.22, 7.794, 6.277, 3.25, 0, 1.28, 2.0, 2.4, 2.93, 2.66, 2.49, 2.8, 2.84, 2.68, 2.44, 2.72, 3.66, 4.17, 3.98, 4.18, 4.61, 3.88, 3.44, 3.41, 4.07, 4.23, 4.2, 4.38, 3.65, 3.11, 3.28, 3.29, 3.21, 3.09, 3.76, 4.278, 4.342, 4.166, 3.46, 3.38, 3.43, 2.26, 3.65, 4.01, 3.51], [7.04, 7.469, 7.68, 7.459, 7.315, 7.745, 8.274, 8.134, 7.918, 7.301, 8.241, 9.303, 9.549, 9.696, 10.054, 10.271, 9.864, 9.445, 9.155, 8.825, 9.298, 9.468, 9.105, 9.46, 9.829, 9.512, 9.5, 9.99, 11.7, 12.435, 12.825, 12.675, 12.791, 13.088, 13.435, 13.194, 12.11, 11.935, 11.32, 9.827, 9.299, 9.209, 8.769, 7.34, 4.37, 1.28, 0, 1.22, 2.56, 3.11, 2.78, 2.57, 3.0, 2.78, 2.56, 2.28, 3.1, 3.92, 4.43, 4.26, 4.52, 4.93, 4.1, 3.32, 3.61, 4.21, 4.45, 4.7, 4.84, 3.99, 3.85, 4.16, 4.25, 4.125, 3.744, 4.548, 5.208, 5.325, 5.045, 3.78, 3.66, 3.65, 2.1, 2.65, 3.03, 2.59], [7.36, 7.806, 7.974, 7.788, 7.644, 8.074, 8.614, 8.474, 8.247, 7.63, 8.553, 9.628, 9.849, 10.056, 10.4, 10.628, 10.19, 9.771, 9.484, 9.134, 9.627, 9.797, 9.434, 9.78, 10.14, 9.841, 9.82, 10.33, 12.02, 12.784, 13.154, 13.004, 13.12, 13.417, 13.764, 13.525, 12.43, 12.283, 11.666, 10.196, 9.636, 9.58, 9.146, 7.66, 4.71, 2.0, 1.22, 0, 2.18, 2.59, 2.24, 2.17, 2.4, 1.98, 1.92, 1.84, 3.02, 3.6, 4.01, 3.88, 4.14, 4.49, 3.76, 3.1, 3.39, 3.89, 4.13, 4.44, 4.6, 3.95, 4.07, 4.26, 4.527, 4.407, 4.082, 4.746, 5.51, 5.593, 5.35, 3.854, 3.7, 3.65, 2.12, 2.75, 3.05, 2.65], [5.74, 6.169, 6.359, 6.156, 6.05, 6.439, 6.999, 6.859, 6.632, 6.015, 6.936, 7.997, 8.229, 8.396, 8.754, 8.971, 8.558, 8.139, 7.849, 7.537, 7.992, 8.162, 7.819, 8.16, 8.529, 8.206, 8.2, 8.69, 10.42, 11.169, 11.539, 11.369, 11.485, 11.782, 12.129, 11.905, 10.801, 10.601, 9.98, 8.487, 7.999, 7.909, 7.449, 6.04, 3.17, 2.4, 2.56, 2.18, 0, 1.07, 1.1, 1.23, 1.74, 1.56, 1.94, 1.92, 2.08, 2.36, 2.69, 2.76, 2.82, 2.93, 2.48, 2.82, 3.03, 3.11, 3.01, 3.14, 3.32, 2.67, 2.53, 2.7, 2.95, 3.03, 2.93, 3.32, 3.95, 4.13, 3.97, 2.82, 2.46, 2.55, 2.64, 4.27, 4.51, 4.09], [5.39, 5.83, 6.026, 5.83, 5.76, 6.13, 6.666, 6.526, 6.299, 5.699, 6.622, 7.664, 7.855, 8.037, 8.396, 8.613, 8.205, 7.775, 7.496, 7.186, 7.659, 7.809, 7.49, 7.81, 8.166, 7.853, 7.85, 8.38, 10.11, 10.876, 11.206, 11.019, 11.149, 11.469, 11.767, 11.569, 10.454, 10.21, 9.599, 8.109, 7.64, 7.59, 7.09, 5.73, 2.98, 2.93, 3.11, 2.59, 1.07, 0, 0.87, 0.86, 1.05, 1.37, 1.99, 1.75, 1.75, 1.85, 1.96, 2.01, 2.03, 2.08, 1.93, 2.17, 2.5, 2.64, 2.7, 2.57, 2.59, 2.1, 2.3, 2.51, 2.7, 2.76, 2.72, 2.97, 3.5, 3.68, 3.56, 2.59, 2.23, 2.58, 3.19, 5.06, 5.32, 4.92], [5.7, 6.14, 6.296, 6.133, 6.05, 6.416, 6.956, 6.816, 6.589, 5.977, 6.9, 7.954, 8.165, 8.332, 8.691, 8.908, 8.515, 8.079, 7.806, 7.476, 7.969, 8.119, 7.78, 8.12, 8.476, 8.163, 8.16, 8.67, 10.4, 11.166, 11.496, 11.312, 11.447, 11.759, 12.072, 11.853, 10.758, 10.513, 9.903, 8.419, 7.95, 7.896, 7.4, 6.02, 3.23, 2.66, 2.78, 2.24, 1.1, 0.87, 0, 0.79, 1.06, 1.3, 1.84, 1.7, 1.76, 1.84, 2.23, 2.18, 2.28, 2.61, 1.98, 2.1, 2.39, 2.73, 2.63, 2.78, 2.8, 2.19, 2.49, 2.68, 2.93, 2.97, 2.81, 3.16, 3.773, 3.91, 3.69, 2.58, 2.32, 2.31, 2.72, 4.53, 4.83, 4.43], [5.55, 5.97, 6.126, 5.963, 5.88, 6.266, 6.786, 6.646, 6.419, 5.819, 6.753, 7.804, 7.995, 8.182, 8.521, 8.749, 8.356, 7.912, 7.656, 7.306, 7.819, 7.949, 7.63, 7.97, 8.326, 8.011, 8.01, 8.52, 10.23, 11.0, 11.326, 11.159, 11.3, 11.609, 11.905, 11.686, 10.591, 10.366, 9.747, 8.249, 7.78, 7.73, 7.23, 5.87, 3.12, 2.49, 2.57, 2.17, 1.23, 0.86, 0.79, 0, 0.87, 1.29, 1.83, 1.33, 1.37, 1.91, 2.12, 1.93, 2.21, 2.5, 1.95, 1.89, 2.02, 2.36, 2.4, 2.53, 2.73, 2.16, 2.34, 2.51, 2.779, 2.72, 2.46, 2.97, 3.572, 3.72, 3.5, 2.39, 2.09, 2.26, 2.67, 4.54, 4.84, 4.46], [5.8, 6.24, 6.365, 6.22, 6.15, 6.56, 7.025, 6.885, 6.658, 6.058, 6.989, 8.039, 8.253, 8.423, 8.759, 8.993, 8.603, 8.144, 7.891, 7.545, 8.058, 8.188, 7.88, 8.216, 8.545, 8.249, 8.256, 8.77, 10.48, 11.25, 11.565, 11.394, 11.533, 11.848, 12.137, 11.919, 10.82, 10.582, 9.926, 8.496, 8.03, 7.965, 7.5, 6.12, 3.51, 2.8, 3.0, 2.4, 1.74, 1.05, 1.06, 0.87, 0, 1.12, 1.76, 1.26, 1.68, 1.88, 1.91, 1.76, 1.9, 2.21, 1.98, 1.62, 1.95, 2.45, 2.61, 2.657, 2.64, 2.21, 2.59, 2.74, 2.983, 2.906, 2.61, 3.117, 3.67, 3.776, 3.55, 2.44, 2.16, 2.41, 2.92, 4.87, 5.21, 4.83], [6.554, 7.02, 7.151, 6.968, 6.87, 7.291, 7.799, 7.665, 7.435, 6.817, 7.763, 8.814, 9.017, 9.204, 9.545, 9.759, 9.378, 8.942, 8.646, 8.336, 8.806, 8.973, 8.611, 8.968, 9.331, 9.018, 9.02, 9.51, 11.26, 12.001, 12.339, 12.169, 12.265, 12.593, 12.929, 12.716, 11.612, 11.385, 10.738, 9.287, 8.799, 8.754, 8.257, 6.86, 4.07, 2.84, 2.78, 1.98, 1.56, 1.37, 1.3, 1.29, 1.12, 0, 1.02, 1.3, 2.2, 2.52, 2.53, 2.6, 2.74, 2.93, 2.68, 2.3, 2.65, 3.13, 3.216, 3.526, 3.529, 3.01, 3.33, 3.476, 3.709, 3.592, 3.327, 3.767, 4.528, 4.659, 4.393, 3.04, 2.82, 2.69, 2.54, 4.27, 4.57, 4.19], [7.1, 7.514, 7.665, 7.502, 7.39, 7.765, 8.296, 8.185, 7.952, 7.315, 8.287, 9.337, 9.54, 9.743, 10.094, 10.311, 9.921, 9.459, 9.201, 8.943, 9.341, 9.508, 9.125, 9.5, 9.874, 9.59, 9.54, 10.05, 11.76, 12.475, 12.859, 12.686, 12.802, 13.099, 13.446, 13.228, 12.141, 11.923, 11.346, 9.873, 9.324, 9.283, 8.783, 7.359, 4.51, 2.68, 2.56, 1.92, 1.94, 1.99, 1.84, 1.83, 1.76, 1.02, 0, 1.38, 2.72, 3.189, 3.17, 3.26, 3.4, 3.61, 3.34, 3.0, 3.29, 3.87, 3.879, 4.226, 4.209, 3.69, 3.87, 4.02, 4.316, 4.199, 3.91, 4.378, 5.151, 5.262, 4.982, 3.46, 3.34, 3.19, 2.36, 3.73, 4.07, 3.69], [5.997, 6.42, 6.585, 6.42, 6.37, 6.74, 7.245, 7.103, 6.861, 6.264, 7.224, 8.251, 8.481, 8.659, 9.003, 9.22, 8.818, 8.388, 8.101, 7.803, 8.241, 8.408, 8.045, 8.4, 8.772, 8.47, 8.44, 8.93, 10.66, 11.395, 11.777, 11.615, 11.731, 12.028, 12.375, 12.154, 11.064, 10.866, 10.306, 8.793, 8.242, 8.16, 7.72, 6.28, 3.77, 2.44, 2.28, 1.84, 1.92, 1.75, 1.7, 1.33, 1.26, 1.3, 1.38, 0, 1.66, 2.34, 2.61, 2.48, 2.72, 2.99, 2.54, 1.96, 2.15, 2.77, 2.93, 3.18, 3.24, 2.63, 2.75, 2.9, 3.23, 3.056, 2.73, 3.398, 4.194, 4.322, 4.042, 2.5, 2.38, 2.49, 2.28, 4.13, 4.47, 3.99], [4.58, 5.06, 5.22, 5.02, 5.07, 5.44, 5.84, 5.697, 5.487, 4.927, 5.85, 6.877, 7.06, 7.25, 7.56, 7.774, 7.39, 6.965, 6.687, 6.36, 6.827, 6.994, 6.64, 6.98, 7.328, 7.05, 7.02, 7.53, 9.28, 10.01, 10.371, 10.204, 10.334, 10.614, 10.949, 10.76, 9.604, 9.456, 8.863, 7.39, 6.778, 6.78, 6.36, 4.9, 2.97, 2.72, 3.1, 3.02, 2.08, 1.75, 1.76, 1.37, 1.68, 2.2, 2.72, 1.66, 0, 1.24, 1.63, 1.5, 1.62, 2.07, 1.54, 1.7, 1.63, 2.15, 2.27, 2.16, 2.08, 1.45, 1.55, 1.84, 2.15, 2.03, 1.93, 2.42, 2.89, 3.11, 2.99, 2.1, 2.2, 2.53, 3.28, 5.41, 5.75, 5.27], [4.52, 5.04, 5.12, 4.96, 5.01, 5.44, 5.739, 5.565, 5.355, 4.79, 5.818, 6.768, 6.966, 7.156, 7.451, 7.686, 7.278, 6.859, 6.595, 6.225, 6.735, 6.876, 6.54, 6.9, 7.24, 6.943, 6.98, 7.45, 9.16, 9.89, 10.239, 10.086, 10.202, 10.499, 10.843, 10.634, 9.509, 9.227, 8.617, 7.193, 6.69, 6.64, 6.2, 4.8, 3.13, 3.66, 3.92, 3.6, 2.36, 1.85, 1.84, 1.91, 1.88, 2.52, 3.189, 2.34, 1.24, 0, 1.01, 1.1, 1.08, 1.47, 1.3, 1.84, 1.97, 2.41, 2.43, 2.24, 1.64, 1.25, 1.81, 2.16, 2.47, 2.43, 2.41, 2.82, 3.15, 3.41, 3.31, 2.44, 2.44, 2.89, 4.08, 6.09, 6.41, 5.97], [4.93, 5.59, 5.65, 5.47, 5.58, 5.97, 6.17, 5.981, 5.751, 5.28, 6.22, 7.203, 7.323, 7.513, 7.823, 8.043, 7.633, 7.209, 6.951, 6.601, 7.091, 7.232, 6.93, 7.29, 7.589, 7.319, 7.39, 7.88, 9.55, 10.28, 10.615, 10.442, 10.65, 10.89, 11.193, 11.023, 9.847, 9.574, 8.918, 7.528, 7.039, 7.01, 6.59, 5.25, 3.68, 4.17, 4.43, 4.01, 2.69, 1.96, 2.23, 2.12, 1.91, 2.53, 3.17, 2.61, 1.63, 1.01, 0, 0.87, 0.87, 1.2, 1.33, 1.87, 2.06, 2.4, 2.54, 2.37, 1.65, 1.6, 2.28, 2.37, 2.66, 2.7, 2.66, 2.93, 3.26, 3.54, 3.4, 2.63, 2.67, 3.14, 4.47, 6.48, 6.84, 6.44], [4.82, 5.34, 5.36, 5.2, 5.37, 5.7, 5.94, 5.739, 5.549, 5.05, 5.95, 6.962, 7.162, 7.292, 7.602, 7.822, 7.432, 7.019, 6.789, 6.519, 6.889, 7.116, 6.9, 7.1, 7.387, 7.137, 7.22, 7.75, 9.38, 10.11, 10.41, 10.246, 10.4, 10.696, 10.98, 10.799, 9.603, 9.384, 8.705, 7.324, 6.834, 6.82, 6.4, 5.06, 3.65, 3.98, 4.26, 3.88, 2.76, 2.01, 2.18, 1.93, 1.76, 2.6, 3.26, 2.48, 1.5, 1.1, 0.87, 0, 0.74, 1.09, 1.36, 1.82, 1.89, 2.23, 2.35, 2.08, 1.48, 1.53, 2.21, 2.38, 2.73, 2.63, 2.47, 2.78, 2.99, 3.23, 3.11, 2.44, 2.38, 2.97, 4.26, 6.23, 6.69, 6.31], [4.46, 5.04, 5.1, 4.9, 5.01, 5.4, 5.64, 5.462, 5.252, 4.71, 5.73, 6.645, 6.825, 6.995, 7.305, 7.525, 7.135, 6.701, 6.452, 6.142, 6.592, 6.773, 6.52, 6.79, 7.09, 6.8, 6.9, 7.39, 9.06, 9.79, 10.116, 9.943, 10.119, 10.396, 10.685, 10.516, 9.346, 9.077, 8.425, 7.038, 6.54, 6.52, 6.085, 4.74, 3.51, 4.18, 4.52, 4.14, 2.82, 2.03, 2.28, 2.21, 1.9, 2.74, 3.4, 2.72, 1.62, 1.08, 0.87, 0.74, 0, 0.85, 1.38, 1.84, 1.87, 2.23, 2.33, 2.0, 1.42, 1.21, 1.91, 2.22, 2.55, 2.55, 2.41, 2.6, 2.79, 3.03, 2.91, 2.36, 2.44, 3.11, 4.5, 6.55, 6.97, 6.57], [4.53, 5.21, 5.27, 5.01, 5.1, 5.57, 5.57, 5.358, 5.148, 4.74, 5.8, 6.63, 6.721, 6.891, 7.181, 7.381, 6.991, 6.558, 6.288, 6.038, 6.46, 6.67, 6.51, 6.69, 6.99, 6.74, 6.91, 7.5, 8.95, 9.66, 9.989, 9.84, 10.09, 10.31, 10.559, 10.395, 9.187, 8.914, 8.281, 6.871, 6.4, 6.37, 5.99, 4.65, 3.72, 4.61, 4.93, 4.49, 2.93, 2.08, 2.61, 2.5, 2.21, 2.93, 3.61, 2.99, 2.07, 1.47, 1.2, 1.09, 0.85, 0, 1.37, 2.11, 2.18, 2.1, 2.2, 1.79, 1.47, 1.66, 2.18, 2.27, 2.5, 2.4, 2.32, 2.37, 2.58, 2.9, 2.86, 2.55, 2.65, 3.4, 4.95, 6.9, 7.28, 6.88], [4.54, 5.26, 5.32, 5.1, 5.27, 5.64, 5.76, 5.48, 5.25, 4.89, 5.89, 6.84, 6.802, 6.95, 7.32, 7.5, 7.112, 6.691, 6.43, 6.08, 6.59, 6.76, 6.46, 6.8, 7.1, 6.85, 6.92, 7.47, 9.06, 9.77, 10.093, 9.97, 10.26, 10.42, 10.663, 10.465, 9.309, 9.032, 8.417, 6.978, 6.501, 6.46, 6.02, 4.82, 3.69, 3.88, 4.1, 3.76, 2.48, 1.93, 1.98, 1.95, 1.98, 2.68, 3.34, 2.54, 1.54, 1.3, 1.33, 1.36, 1.38, 1.37, 0, 1.3, 1.37, 1.41, 1.57, 1.32, 1.22, 1.39, 1.71, 1.74, 1.83, 1.85, 1.61, 1.98, 2.39, 2.65, 2.51, 1.84, 2.1, 2.51, 4.2, 6.13, 6.47, 6.05], [5.04, 5.72, 5.78, 5.62, 5.67, 6.1, 6.285, 6.105, 5.875, 5.39, 6.39, 7.333, 7.45, 7.643, 7.987, 8.187, 7.809, 7.378, 7.109, 6.762, 7.252, 7.407, 7.1, 7.48, 7.782, 7.53, 7.6, 8.07, 9.7, 10.432, 10.785, 10.617, 10.808, 11.065, 11.371, 11.145, 10.008, 9.778, 9.126, 7.715, 7.212, 7.162, 6.717, 5.34, 3.87, 3.44, 3.32, 3.1, 2.82, 2.17, 2.1, 1.89, 1.62, 2.3, 3.0, 1.96, 1.7, 1.84, 1.87, 1.82, 1.84, 2.11, 1.3, 0, 0.89, 1.63, 2.01, 2.08, 2.04, 1.69, 1.97, 2.1, 2.29, 2.29, 1.75, 2.24, 2.873, 3.03, 2.69, 1.52, 1.76, 2.13, 3.2, 5.37, 5.79, 5.35], [4.75, 5.51, 5.53, 5.25, 5.38, 5.81, 6.01, 5.789, 5.579, 5.08, 6.1, 7.038, 7.118, 7.288, 7.626, 7.826, 7.453, 7.046, 6.76, 6.406, 6.916, 7.09, 6.77, 7.07, 7.406, 7.136, 7.19, 7.7, 9.33, 10.08, 10.429, 10.276, 10.45, 10.669, 11.01, 10.809, 9.647, 9.399, 8.807, 7.35, 6.856, 6.81, 6.367, 5.05, 3.94, 3.41, 3.61, 3.39, 3.03, 2.5, 2.39, 2.02, 1.95, 2.65, 3.29, 2.15, 1.63, 1.97, 2.06, 1.89, 1.87, 2.18, 1.37, 0.89, 0, 1.42, 1.78, 1.87, 1.77, 1.7, 1.82, 2.11, 2.16, 2.02, 1.44, 1.99, 2.56, 2.72, 2.44, 1.53, 1.99, 2.44, 3.61, 5.82, 6.14, 5.7], [4.79, 5.59, 5.47, 5.11, 5.4, 5.85, 5.63, 5.11, 4.94, 4.94, 5.94, 6.59, 6.47, 6.62, 6.91, 7.21, 6.9, 6.41, 6.22, 5.95, 6.36, 6.65, 6.75, 6.81, 6.95, 6.8, 7.07, 7.66, 8.81, 9.34, 9.65, 9.62, 10.07, 10.23, 10.24, 10.07, 8.891, 8.651, 8.041, 6.64, 6.1, 6.07, 5.67, 4.57, 4.3, 4.07, 4.21, 3.89, 3.11, 2.64, 2.73, 2.36, 2.45, 3.13, 3.87, 2.77, 2.15, 2.41, 2.4, 2.23, 2.23, 2.1, 1.41, 1.63, 1.42, 0, 0.78, 0.89, 1.49, 1.84, 2.2, 2.19, 2.26, 2.14, 1.46, 1.71, 2.22, 2.44, 2.3, 1.81, 2.11, 2.74, 4.25, 6.275, 6.575, 6.12], [4.77, 5.57, 5.35, 4.97, 5.38, 5.81, 5.53, 4.99, 4.82, 4.92, 5.82, 6.41, 6.29, 6.46, 6.77, 7.05, 6.72, 6.29, 6.12, 5.87, 6.2, 6.49, 6.71, 6.69, 6.83, 6.7, 7.03, 7.52, 8.61, 9.16, 9.47, 9.46, 9.91, 10.01, 10.0, 9.85, 8.674, 8.377, 7.79, 6.38, 5.9, 5.81, 5.43, 4.41, 4.32, 4.23, 4.45, 4.13, 3.01, 2.7, 2.63, 2.4, 2.61, 3.216, 3.879, 2.93, 2.27, 2.43, 2.54, 2.35, 2.33, 2.2, 1.57, 2.01, 1.78, 0.78, 0, 0.91, 1.57, 1.96, 2.28, 2.21, 2.3, 2.22, 1.66, 1.71, 2.04, 2.22, 2.22, 1.85, 2.23, 2.66, 4.27, 6.315, 6.615, 6.18], [4.46, 5.24, 5.1, 4.72, 5.07, 5.52, 5.3, 4.62, 4.43, 4.59, 5.61, 6.16, 6.14, 6.33, 6.64, 6.88, 6.47, 6.04, 5.91, 5.58, 5.97, 6.22, 6.4, 6.44, 6.58, 6.41, 6.7, 7.29, 8.26, 8.83, 9.1, 9.09, 9.56, 9.64, 9.67, 9.577, 8.341, 8.07, 7.457, 6.07, 5.59, 5.52, 5.16, 4.16, 3.95, 4.2, 4.7, 4.44, 3.14, 2.57, 2.78, 2.53, 2.657, 3.526, 4.226, 3.18, 2.16, 2.24, 2.37, 2.08, 2.0, 1.79, 1.32, 2.08, 1.87, 0.89, 0.91, 0, 1.14, 1.63, 2.01, 1.9, 2.01, 1.93, 1.59, 1.66, 1.85, 2.13, 2.19, 2.04, 2.38, 3.13, 4.76, 6.75, 7.07, 6.59], [4.4, 5.18, 5.08, 4.72, 4.99, 5.44, 5.3, 4.88, 4.71, 4.57, 5.61, 6.28, 6.24, 6.43, 6.72, 6.9, 6.51, 6.06, 5.89, 5.6, 6.05, 6.34, 6.34, 6.42, 6.56, 6.37, 6.62, 7.27, 8.48, 9.09, 9.419, 9.35, 9.74, 9.82, 9.99, 9.854, 8.644, 8.375, 7.78, 6.35, 5.83, 5.78, 5.4, 4.28, 3.93, 4.38, 4.84, 4.6, 3.32, 2.59, 2.8, 2.73, 2.64, 3.529, 4.209, 3.24, 2.08, 1.64, 1.65, 1.48, 1.42, 1.47, 1.22, 2.04, 1.77, 1.49, 1.57, 1.14, 0, 1.33, 2.07, 2.16, 2.15, 2.17, 1.95, 1.98, 2.11, 2.47, 2.47, 2.48, 2.78, 3.51, 5.06, 7.15, 7.49, 7.03], [3.85, 4.45, 4.39, 4.23, 4.28, 4.69, 4.95, 4.758, 4.551, 4.04, 5.08, 6.004, 6.144, 6.334, 6.653, 6.884, 6.514, 6.055, 5.78, 5.43, 5.94, 6.11, 5.87, 6.15, 6.45, 6.16, 6.27, 6.72, 8.33, 9.08, 9.438, 9.311, 9.481, 9.761, 10.048, 9.816, 8.72, 8.523, 7.919, 6.48, 5.94, 5.83, 5.45, 4.01, 2.94, 3.65, 3.99, 3.95, 2.67, 2.1, 2.19, 2.16, 2.21, 3.01, 3.69, 2.63, 1.45, 1.25, 1.6, 1.53, 1.21, 1.66, 1.39, 1.69, 1.7, 1.84, 1.96, 1.63, 1.33, 0, 1.28, 1.63, 1.86, 2.0, 1.78, 1.97, 2.32, 2.58, 2.54, 1.83, 1.99, 2.68, 4.15, 6.32, 6.7, 6.18], [3.37, 4.01, 4.07, 3.85, 3.82, 4.31, 4.567, 4.421, 4.203, 3.663, 4.7, 5.667, 5.914, 6.075, 6.407, 6.625, 6.157, 5.75, 5.46, 5.15, 5.64, 5.77, 5.39, 5.77, 6.13, 5.8, 5.87, 6.34, 8.01, 8.72, 9.107, 8.96, 9.09, 9.35, 9.717, 9.482, 8.392, 8.351, 7.714, 6.24, 5.66, 5.59, 5.207, 3.61, 2.2, 3.11, 3.85, 4.07, 2.53, 2.3, 2.49, 2.34, 2.59, 3.33, 3.87, 2.75, 1.55, 1.81, 2.28, 2.21, 1.91, 2.18, 1.71, 1.97, 1.82, 2.2, 2.28, 2.01, 2.07, 1.28, 0, 0.97, 1.1, 1.22, 1.26, 1.51, 2.1, 2.28, 2.08, 1.35, 1.55, 2.1, 3.65, 5.86, 6.24, 5.74], [3.34, 4.08, 4.08, 3.88, 3.91, 4.32, 4.46, 4.28, 4.036, 3.61, 4.59, 5.56, 5.764, 5.911, 6.26, 6.475, 5.99, 5.58, 5.27, 5.02, 5.43, 5.58, 5.22, 5.72, 6.02, 5.67, 5.8, 6.31, 7.86, 8.55, 8.932, 8.79, 9.04, 9.24, 9.533, 9.314, 8.213, 8.231, 7.644, 6.15, 5.53, 5.44, 5.06, 3.54, 2.19, 3.28, 4.16, 4.26, 2.7, 2.51, 2.68, 2.51, 2.74, 3.476, 4.02, 2.9, 1.84, 2.16, 2.37, 2.38, 2.22, 2.27, 1.74, 2.1, 2.11, 2.19, 2.21, 1.9, 2.16, 1.63, 0.97, 0, 0.73, 0.93, 1.31, 1.42, 1.97, 2.09, 1.89, 1.44, 1.54, 2.07, 3.64, 5.77, 6.23, 5.67], [3.19, 3.97, 3.89, 3.75, 3.82, 4.19, 4.29, 4.05, 3.84, 3.44, 4.46, 5.33, 5.45, 5.62, 5.99, 6.19, 5.689, 5.27, 4.98, 4.67, 5.14, 5.29, 4.99, 5.45, 5.75, 5.42, 5.53, 6.14, 7.65, 8.3, 8.67, 8.5, 8.81, 8.97, 9.263, 9.104, 7.949, 7.874, 7.29, 5.84, 5.24, 5.17, 4.81, 3.39, 2.24, 3.29, 4.25, 4.527, 2.95, 2.7, 2.93, 2.779, 2.983, 3.709, 4.316, 3.23, 2.15, 2.47, 2.66, 2.73, 2.55, 2.5, 1.83, 2.29, 2.16, 2.26, 2.3, 2.01, 2.15, 1.86, 1.1, 0.73, 0, 0.8, 1.26, 1.25, 1.6, 1.72, 1.56, 1.47, 1.83, 2.22, 3.89, 6.2, 6.66, 6.1], [3.33, 4.09, 4.09, 3.83, 4.0, 4.33, 4.49, 4.23, 4.02, 3.6, 4.58, 5.49, 5.61, 5.76, 6.15, 6.33, 5.826, 5.43, 5.14, 4.87, 5.3, 5.47, 5.13, 5.51, 5.85, 5.52, 5.59, 6.28, 7.79, 8.46, 8.81, 8.62, 8.91, 9.05, 9.386, 9.21, 8.063, 8.008, 7.43, 5.96, 5.36, 5.31, 4.95, 3.61, 2.36, 3.21, 4.125, 4.407, 3.03, 2.76, 2.97, 2.72, 2.906, 3.592, 4.199, 3.056, 2.03, 2.43, 2.7, 2.63, 2.55, 2.4, 1.85, 2.29, 2.02, 2.14, 2.22, 1.93, 2.17, 2.0, 1.22, 0.93, 0.8, 0, 0.94, 1.23, 1.62, 1.74, 1.62, 1.37, 1.81, 2.26, 3.85, 6.18, 6.56, 6.02], [3.75, 4.45, 4.55, 4.23, 4.4, 4.81, 4.91, 4.63, 4.42, 3.98, 5.02, 5.85, 5.95, 6.08, 6.41, 6.63, 6.22, 5.81, 5.54, 5.29, 5.72, 5.91, 5.65, 5.89, 6.17, 5.92, 6.01, 6.7, 8.23, 8.94, 9.23, 9.1, 9.31, 9.49, 9.8, 9.647, 8.44, 8.241, 7.71, 6.24, 5.7, 5.65, 5.27, 4.03, 3.0, 3.09, 3.744, 4.082, 2.93, 2.72, 2.81, 