[[0, 1.26, 1.66, 2.11, 1.74, 1.39, 1.55, 1.53, 2.19, 2.42, 3.37, 4.16, 4.65, 4.31, 3.59, 2.83, 2.8, 3.14, 4.41, 4.77, 4.05, 3.4, 3.01, 3.47, 3.81, 3.33, 4.17, 5.0, 5.51, 5.77, 5.78, 5.66, 6.24, 6.47, 5.7, 4.97, 4.76, 5.76, 6.4, 6.9, 7.31, 7.52, 7.18, 6.36, 5.31, 4.52, 4.7, 5.22, 4.93, 3.98, 3.98, 4.6, 4.53, 3.82, 4.58, 4.6, 4.21, 4.41, 4.41, 3.72, 4.54, 4.65, 5.22, 6.85, 8.86, 9.6, 9.898, 10.117, 10.381, 10.854, 11.64, 12.833, 13.477, 12.613, 11.553, 10.992, 11.363, 11.88, 11.92, 11.9, 12.498, 12.606, 12.396, 12.391, 12.507, 12.922], [1.26, 0, 0.84, 1.27, 1.34, 1.91, 2.19, 2.05, 2.27, 2.12, 2.69, 3.4, 3.97, 3.63, 2.89, 2.17, 2.24, 2.74, 3.85, 4.23, 3.33, 2.62, 3.07, 3.83, 4.23, 3.15, 3.67, 4.44, 4.71, 5.17, 5.16, 4.98, 5.56, 5.69, 4.94, 4.45, 4.04, 4.86, 5.48, 5.92, 6.39, 6.6, 6.28, 5.42, 4.49, 3.62, 3.74, 4.24, 3.93, 3.36, 3.56, 3.96, 3.85, 3.64, 4.02, 4.04, 4.09, 4.43, 4.43, 3.88, 3.76, 3.63, 4.2, 5.89, 7.88, 8.74, 9.0, 9.16, 9.47, 10.0, 10.647, 11.821, 12.494, 11.61, 10.553, 10.014, 10.373, 10.904, 10.943, 10.904, 11.524, 11.65, 11.44, 11.486, 11.559, 11.945], [1.66, 0.84, 0, 0.87, 1.28, 1.99, 2.37, 2.33, 2.19, 2.22, 2.93, 3.64, 4.21, 3.89, 3.15, 2.45, 2.52, 3.0, 4.13, 4.51, 3.61, 2.88, 3.31, 4.15, 4.53, 3.43, 3.93, 4.8, 4.97, 5.49, 5.46, 5.24, 5.82, 5.85, 5.2, 4.77, 4.22, 4.7, 5.28, 5.76, 6.21, 6.42, 6.12, 5.38, 4.55, 3.68, 3.76, 4.22, 3.91, 3.4, 3.64, 3.98, 3.87, 3.7, 4.06, 4.28, 4.41, 4.73, 4.77, 4.22, 4.06, 3.77, 4.3, 6.03, 8.04, 8.8, 9.1, 9.26, 9.55, 10.14, 10.787, 11.893, 12.506, 11.67, 10.633, 10.057, 10.513, 11.01, 11.03, 11.01, 11.63, 11.79, 11.58, 11.632, 11.714, 12.02], [2.11, 1.27, 0.87, 0, 0.91, 1.72, 2.36, 2.38, 2.22, 2.65, 3.4, 4.01, 4.58, 4.3, 3.5, 2.76, 2.87, 3.37, 4.6, 5.0, 3.96, 3.25, 3.76, 4.52, 4.88, 3.8, 4.14, 5.15, 5.38, 5.86, 5.83, 5.63, 6.21, 6.24, 5.61, 5.2, 4.57, 4.81, 5.55, 6.03, 6.42, 6.71, 6.43, 5.71, 5.04, 4.13, 4.17, 4.61, 4.38, 3.91, 4.07, 4.49, 4.44, 4.17, 4.29, 4.59, 4.76, 5.12, 5.08, 4.55, 4.57, 4.12, 4.69, 6.46, 8.45, 9.23, 9.61, 9.67, 9.94, 10.496, 11.086, 12.101, 12.671, 11.805, 10.926, 10.376, 10.846, 11.266, 11.289, 11.309, 11.889, 12.029, 11.879, 12.005, 12.05, 12.228], [1.74, 1.34, 1.28, 0.91, 0, 1.21, 1.85, 1.97, 2.05, 2.6, 3.67, 4.36, 4.87, 4.57, 3.79, 2.87, 2.88, 3.4, 4.77, 5.21, 4.21, 3.4, 3.71, 4.47, 4.77, 3.83, 4.17, 5.22, 5.65, 6.07, 6.06, 5.9, 6.48, 6.63, 5.86, 5.33, 4.76, 5.34, 6.02, 6.5, 6.83, 7.16, 6.9, 6.24, 5.47, 4.5, 4.56, 5.02, 4.81, 4.06, 4.14, 4.58, 4.59, 4.34, 4.22, 4.72, 4.75, 5.09, 5.07, 4.46, 4.78, 4.61, 5.12, 6.91, 8.88, 9.66, 10.02, 10.12, 10.37, 10.94, 11.57, 12.527, 13.017, 12.167, 11.247, 10.76, 11.293, 11.773, 11.79, 11.773, 12.393, 12.553, 12.363, 12.426, 12.462, 12.597], [1.39, 1.91, 1.99, 1.72, 1.21, 0, 1.1, 1.44, 1.94, 2.61, 3.86, 4.63, 5.1, 4.78, 4.04, 3.18, 3.11, 3.63, 4.94, 5.38, 4.44, 3.65, 3.58, 4.22, 4.4, 3.82, 4.54, 5.41, 5.96, 6.3, 6.31, 6.15, 6.73, 6.94, 6.13, 5.5, 5.21, 6.43, 7.13, 7.61, 7.96, 8.25, 7.99, 6.93, 5.94, 4.97, 5.19, 5.81, 5.66, 4.75, 4.77, 5.41, 5.38, 4.69, 5.13, 5.01, 4.72, 4.9, 4.98, 4.27, 5.11, 5.24, 5.73, 7.36, 9.33, 10.07, 10.408, 10.607, 10.8, 11.287, 12.07, 13.212, 13.822, 12.969, 11.915, 11.365, 11.753, 12.33, 12.37, 12.33, 12.947, 13.054, 12.844, 12.839, 12.937, 13.283], [1.55, 2.19, 2.37, 2.36, 1.85, 1.1, 0, 0.86, 1.32, 1.99, 3.34, 3.97, 4.36, 4.26, 3.56, 3.2, 3.09, 3.25, 4.52, 4.68, 3.72, 3.13, 2.78, 3.3, 3.54, 3.7, 4.7, 5.09, 5.48, 5.6, 5.55, 5.39, 5.97, 6.2, 5.45, 4.86, 5.49, 6.83, 7.53, 8.01, 8.36, 8.67, 8.41, 7.33, 6.22, 5.25, 5.57, 6.21, 6.06, 5.19, 5.19, 5.83, 5.78, 4.95, 5.45, 5.142, 4.04, 4.28, 4.36, 3.81, 4.89, 5.46, 5.77, 7.28, 9.29, 10.219, 10.197, 10.506, 10.755, 10.884, 11.746, 12.982, 13.694, 12.833, 11.815, 11.322, 11.478, 11.989, 11.915, 12.006, 12.554, 12.508, 12.301, 12.418, 12.63, 13.114], [1.53, 2.05, 2.33, 2.38, 1.97, 1.44, 0.86, 0, 0.98, 1.69, 2.86, 3.67, 4.08, 3.92, 3.46, 3.0, 2.79, 3.11, 4.36, 4.26, 3.48, 2.95, 2.38, 2.92, 3.22, 3.3, 4.38, 4.63, 5.0, 5.18, 5.17, 5.09, 5.61, 5.84, 5.09, 4.58, 5.29, 6.63, 7.33, 7.81, 8.16, 8.45, 8.19, 7.11, 6.0, 5.05, 5.35, 6.01, 5.84, 4.95, 4.95, 5.61, 5.56, 4.71, 5.17, 4.93, 3.88, 3.94, 4.02, 3.45, 4.63, 5.24, 5.49, 7.0, 9.01, 9.984, 9.985, 10.325, 10.532, 10.541, 11.375, 12.536, 13.225, 12.384, 11.352, 10.914, 11.129, 11.538, 11.384, 11.518, 12.118, 12.149, 11.879, 11.934, 12.15, 12.68], [2.19, 2.27, 2.19, 2.22, 2.05, 1.94, 1.32, 0.98, 0, 1.31, 2.6, 3.29, 3.66, 3.72, 3.18, 2.84, 2.69, 2.87, 4.12, 3.8, 2.94, 2.47, 2.08, 2.82, 3.28, 3.2, 4.28, 4.51, 4.74, 4.68, 4.65, 4.61, 5.01, 5.22, 4.55, 4.36, 5.21, 6.55, 7.25, 7.73, 8.08, 8.43, 8.166, 7.086, 5.98, 4.97, 5.33, 5.97, 5.82, 4.93, 4.95, 5.586, 5.536, 4.67, 5.09, 4.784, 3.72, 4.06, 3.98, 3.51, 4.55, 5.22, 5.45, 6.976, 8.932, 9.869, 9.898, 10.184, 10.386, 10.375, 11.178, 12.337, 13.052, 12.231, 11.241, 10.841, 11.006, 11.2, 10.955, 11.172, 11.86, 11.815, 11.466, 11.552, 11.918, 12.319], [2.42, 2.12, 2.22, 2.65, 2.6, 2.61, 1.99, 1.69, 1.31, 0, 1.71, 2.44, 2.81, 2.77, 2.23, 1.97, 1.88, 1.96, 3.07, 2.87, 2.03, 1.8, 1.57, 2.39, 2.87, 2.59, 3.53, 3.8, 3.87, 3.91, 3.9, 3.84, 4.28, 4.55, 3.9, 3.33, 4.32, 5.66, 6.36, 6.84, 7.19, 7.48, 7.22, 6.14, 5.03, 4.12, 4.38, 5.04, 4.87, 4.02, 4.14, 4.7, 4.61, 3.9, 4.52, 4.08, 3.41, 3.55, 3.73, 3.22, 3.62, 4.27, 4.5, 6.05, 8.008, 8.963, 9.003, 9.308, 9.561, 9.602, 10.293, 11.566, 12.317, 11.411, 10.328, 9.914, 10.101, 10.368, 10.348, 10.556, 11.187, 11.03, 10.819, 11.01, 11.235, 11.724], [3.37, 2.69, 2.93, 3.4, 3.67, 3.86, 3.34, 2.86, 2.6, 1.71, 0, 1.19, 1.58, 1.44, 1.18, 1.38, 1.41, 1.35, 1.88, 1.76, 1.46, 1.63, 1.72, 2.42, 2.86, 2.38, 2.74, 2.95, 2.86, 3.0, 2.97, 3.09, 3.25, 3.32, 2.85, 2.38, 3.23, 4.21, 4.81, 5.29, 5.64, 5.91, 5.65, 4.57, 3.46, 2.95, 3.05, 3.49, 3.32, 2.99, 3.13, 3.59, 3.46, 3.45, 4.27, 3.77, 3.6, 3.48, 3.64, 3.13, 2.43, 2.8, 3.13, 4.46, 6.43, 7.441, 7.416, 7.794, 8.032, 8.101, 8.803, 10.105, 10.811, 9.95, 8.875, 8.422, 8.66, 8.912, 8.878, 9.009, 9.611, 9.527, 9.317, 9.467, 9.774, 10.218], [4.16, 3.4, 3.64, 4.01, 4.36, 4.63, 3.97, 3.67, 3.29, 2.44, 1.19, 0, 1.23, 1.05, 1.21, 1.83, 1.86, 1.5, 1.59, 1.55, 1.61, 1.94, 2.09, 2.51, 2.69, 2.39, 2.57, 2.8, 2.75, 2.67, 2.7, 2.68, 2.88, 2.81, 2.58, 2.23, 3.04, 3.88, 4.22, 4.76, 5.09, 5.36, 5.14, 4.02, 3.15, 2.76, 2.92, 3.1, 3.05, 2.96, 3.0, 3.38, 3.35, 3.56, 4.16, 3.62, 3.49, 3.53, 3.55, 3.16, 2.36, 2.71, 3.08, 3.95, 5.896, 6.859, 6.94, 7.12, 7.35, 7.45, 8.153, 9.455, 10.218, 9.311, 8.296, 7.891, 8.027, 8.276, 8.235, 8.41, 9.002, 8.909, 8.684, 8.851, 9.12, 9.651], [4.65, 3.97, 4.21, 4.58, 4.87, 5.1, 4.36, 4.08, 3.66, 2.81, 1.58, 1.23, 0, 0.98, 1.26, 2.14, 2.23, 1.61, 1.58, 1.56, 1.56, 2.33, 2.26, 2.7, 2.82, 2.56, 2.72, 2.87, 2.98, 2.6, 2.29, 2.37, 2.61, 2.8, 2.57, 2.26, 3.25, 4.17, 4.43, 4.93, 5.26, 5.51, 5.246, 4.19, 3.4, 3.05, 3.23, 3.35, 3.32, 3.25, 3.35, 3.65, 3.5, 3.85, 4.51, 3.91, 3.76, 3.88, 3.82, 3.47, 2.57, 2.98, 3.21, 4.08, 6.03, 6.995, 7.07, 7.293, 7.543, 7.435, 8.242, 9.603, 10.343, 9.502, 8.515, 8.045, 8.255, 8.535, 8.337, 8.541, 9.027, 8.925, 8.652, 8.792, 9.217, 9.751], [4.31, 3.63, 3.89, 4.3, 4.57, 4.78, 4.26, 3.92, 3.72, 2.77, 1.44, 1.05, 0.98, 0, 1.04, 1.88, 1.89, 1.39, 1.1, 1.28, 1.76, 2.29, 2.1, 2.52, 2.68, 2.16, 2.24, 2.59, 2.66, 2.64, 2.57, 2.65, 2.77, 2.82, 2.51, 1.94, 2.73, 3.63, 3.85, 4.33, 4.64, 4.89, 4.59, 3.51, 2.82, 2.53, 2.67, 2.69, 2.64, 2.61, 2.63, 2.99, 2.88, 3.27, 4.03, 3.47, 3.46, 3.42, 3.52, 2.97, 2.13, 2.34, 2.69, 3.46, 5.49, 6.353, 6.51, 6.763, 6.993, 7.041, 7.88, 9.187, 9.9, 9.02, 7.987, 7.534, 7.709, 8.14, 8.068, 8.158, 8.603, 8.632, 8.397, 8.436, 8.836, 9.345], [3.59, 2.89, 3.15, 3.5, 3.79, 4.04, 3.56, 3.46, 3.18, 2.23, 1.18, 1.21, 1.26, 1.04, 0, 1.22, 1.37, 0.99, 1.44, 2.02, 1.72, 2.15, 2.18, 2.7, 2.82, 2.16, 2.3, 2.61, 2.86, 2.8, 2.73, 2.77, 3.03, 3.12, 2.77, 2.1, 2.75, 3.67, 4.25, 4.73, 5.08, 5.43, 5.166, 4.11, 3.0, 2.47, 2.65, 2.99, 2.82, 2.57, 2.69, 3.09, 2.98, 3.13, 3.87, 3.31, 3.34, 3.42, 3.46, 2.97, 2.09, 2.36, 2.77, 4.1, 6.11, 6.984, 7.08, 7.289, 7.559, 7.662, 8.566, 9.871, 10.61, 9.727, 8.732, 8.257, 8.412, 8.858, 8.798, 8.869, 9.38, 9.386, 9.152, 9.206, 9.499, 9.978], [2.83, 2.17, 2.45, 2.76, 2.87, 3.18, 3.2, 3.0, 2.84, 1.97, 1.38, 1.83, 2.14, 1.88, 1.22, 0, 0.65, 0.97, 2.22, 2.64, 1.98, 2.07, 2.2, 2.88, 2.98, 1.88, 2.24, 2.89, 3.3, 3.4, 3.49, 3.55, 3.89, 4.08, 3.47, 2.82, 2.69, 3.83, 4.47, 4.93, 5.3, 5.69, 5.418, 4.35, 3.38, 2.57, 2.71, 3.25, 3.08, 2.51, 2.65, 3.11, 3.02, 2.71, 3.31, 2.81, 3.36, 3.44, 3.46, 2.81, 2.61, 2.56, 3.11, 4.62, 6.65, 7.35, 7.725, 7.801, 8.045, 8.438, 9.201, 10.366, 11.073, 10.163, 9.192, 8.679, 8.924, 9.444, 9.544, 9.444, 10.055, 10.127, 9.937, 9.948, 10.057, 10.427], [2.8, 2.24, 2.52, 2.87, 2.88, 3.11, 3.09, 2.79, 2.69, 1.88, 1.41, 1.86, 2.23, 1.89, 1.37, 0.65, 0, 1.08, 2.33, 2.63, 2.07, 2.18, 2.21, 2.83, 3.01, 1.99, 2.27, 2.8, 3.23, 3.57, 3.62, 3.74, 4.0, 4.05, 3.4, 2.87, 2.92, 4.06, 4.64, 5.12, 5.47, 5.78, 5.52, 4.44, 3.39, 2.78, 2.82, 3.32, 3.17, 2.56, 2.62, 3.1, 3.01, 2.9, 3.52, 3.02, 3.33, 3.37, 3.53, 2.76, 2.58, 2.59, 3.06, 4.53, 6.58, 7.42, 7.678, 7.937, 8.103, 8.414, 9.117, 10.282, 10.957, 10.068, 9.056, 8.575, 8.763, 9.397, 9.397, 9.357, 9.975, 10.086, 9.856, 9.851, 10.004, 10.379], [3.14, 2.74, 3.0, 3.37, 3.4, 3.63, 3.25, 3.11, 2.87, 1.96, 1.35, 1.5, 1.61, 1.39, 0.99, 0.97, 1.08, 0, 1.73, 2.05, 1.69, 2.06, 1.95, 2.49, 2.67, 1.99, 2.41, 2.92, 3.31, 3.21, 3.22, 3.32, 3.62, 3.69, 3.14, 2.41, 2.94, 4.04, 4.6, 5.06, 5.41, 5.74, 5.479, 4.399, 3.39, 2.88, 3.0, 3.38, 3.13, 2.56, 2.68, 3.14, 2.95, 3.02, 3.74, 3.26, 3.41, 3.45, 3.61, 2.94, 2.5, 2.69, 3.18, 4.55, 6.66, 7.274, 7.587, 7.82, 8.052, 8.173, 9.136, 10.375, 11.069, 10.225, 9.228, 8.715, 8.91, 9.419, 9.322, 9.399, 9.904, 9.936, 9.682, 9.73, 9.998, 10.45], [4.41, 3.85, 4.13, 4.6, 4.77, 4.94, 4.52, 4.36, 4.12, 3.07, 1.88, 1.59, 1.58, 1.1, 1.44, 2.22, 2.33, 1.73, 0, 1.24, 2.12, 2.61, 2.32, 2.4, 2.48, 2.18, 2.08, 2.47, 2.6, 2.54, 2.45, 2.55, 2.79, 2.82, 2.45, 1.68, 2.43, 3.39, 3.79, 4.07, 4.52, 4.79, 4.35, 3.29, 2.64, 2.53, 2.59, 2.71, 2.5, 2.47, 2.45, 2.53, 2.64, 3.13, 4.03, 3.53, 3.78, 3.62, 3.74, 3.27, 1.93, 2.36, 2.71, 3.56, 5.23, 6.079, 6.24, 6.495, 6.759, 6.872, 7.763, 9.133, 9.837, 8.954, 7.884, 7.391, 7.606, 7.989, 7.978, 8.083, 8.56, 8.546, 8.349, 8.446, 8.757, 9.259], [4.77, 4.23, 4.51, 5.0, 5.21, 5.38, 4.68, 4.26, 3.8, 2.87, 1.76, 1.55, 1.56, 1.28, 2.02, 2.64, 2.63, 2.05, 1.24, 0, 1.54, 2.11, 2.1, 2.32, 2.74, 2.68, 2.72, 2.89, 2.76, 2.28, 2.51, 2.53, 2.63, 2.62, 2.33, 2.18, 3.23, 4.21, 4.53, 4.85, 5.16, 5.45, 5.11, 4.01, 3.36, 3.19, 3.31, 3.41, 3.24, 3.15, 3.13, 3.31, 3.3, 3.81, 4.69, 4.15, 4.1, 3.92, 4.1, 3.61, 2.51, 2.94, 3.27, 4.0, 5.787, 6.784, 6.758, 7.067, 7.326, 7.355, 8.005, 9.297, 10.041, 9.166, 8.082, 7.658, 7.899, 8.0, 7.795, 8.228, 8.859, 8.708, 8.489, 8.665, 8.926, 9.42], [4.05, 3.33, 3.61, 3.96, 4.21, 4.44, 3.72, 3.48, 2.94, 2.03, 1.46, 1.61, 1.56, 1.76, 1.72, 1.98, 2.07, 1.69, 2.12, 1.54, 0, 1.41, 1.62, 2.36, 2.88, 2.7, 3.12, 3.27, 3.1, 2.56, 2.77, 2.65, 2.89, 3.12, 2.81, 2.7, 3.71, 4.77, 5.25, 5.73, 6.08, 6.41, 6.149, 5.069, 4.02, 3.29, 3.47, 3.97, 3.86, 3.51, 3.65, 4.11, 3.96, 3.87, 4.57, 3.99, 3.86, 3.84, 3.98, 3.41, 2.91, 3.3, 3.49, 4.959, 6.878, 7.859, 7.801, 8.107, 8.377, 8.323, 8.941, 10.296, 11.107, 10.215, 9.223, 8.844, 8.94, 9.077, 8.881, 9.298, 9.854, 9.652, 9.441, 9.649, 9.983, 10.452], [3.4, 2.62, 2.88, 3.25, 3.4, 3.65, 3.13, 2.95, 2.47, 1.8, 1.63, 1.94, 2.33, 2.29, 2.15, 2.07, 2.18, 2.06, 2.61, 2.11, 1.41, 0, 1.31, 2.03, 2.49, 2.25, 2.85, 3.1, 2.95, 2.87, 3.22, 2.86, 3.42, 3.51, 2.84, 2.89, 3.38, 4.64, 5.34, 5.82, 6.17, 6.48, 6.22, 5.14, 4.03, 3.12, 3.4, 4.02, 3.87, 3.24, 3.4, 3.84, 3.75, 3.36, 3.8, 3.52, 3.31, 3.21, 3.35, 2.8, 2.62, 3.27, 3.58, 5.05, 6.983, 8.052, 7.957, 8.306, 8.582, 8.69, 9.236, 10.613, 11.374, 10.476, 9.398, 9.008, 9.184, 9.319, 9.199, 9.607, 10.204, 9.981, 9.853, 10.039, 10.359, 10.798], [3.01, 3.07, 3.31, 3.76, 3.71, 3.58, 2.78, 2.38, 2.08, 1.57, 1.72, 2.09, 2.26, 2.1, 2.18, 2.2, 2.21, 1.95, 2.32, 2.1, 1.62, 1.31, 0, 1.2, 1.66, 1.7, 2.74, 2.99, 3.14, 3.1, 2.99, 2.97, 3.49, 3.7, 3.01, 2.54, 3.59, 4.93, 5.63, 6.11, 6.46, 6.75, 6.49, 5.41, 4.3, 3.35, 3.65, 4.31, 4.14, 3.27, 3.31, 3.91, 3.88, 3.07, 3.69, 3.43, 2.78, 2.68, 2.84, 2.13, 2.85, 3.54, 3.77, 5.3, 7.261, 8.19, 8.207, 8.545, 8.798, 8.788, 9.535, 10.788, 11.54, 10.679, 9.635, 9.219, 9.369, 9.618, 9.535, 9.743, 10.337, 10.143, 9.912, 10.123, 10.419, 10.933], [3.47, 3.83, 4.15, 4.52, 4.47, 4.22, 3.3, 2.92, 2.82, 2.39, 2.42, 2.51, 2.7, 2.52, 2.7, 2.88, 2.83, 2.49, 2.4, 2.32, 2.36, 2.03, 1.2, 0, 1.12, 1.8, 2.6, 2.89, 3.08, 3.04, 2.95, 2.87, 3.41, 3.6, 2.93, 2.56, 3.53, 4.87, 5.57, 6.05, 6.4, 6.69, 6.43, 5.35, 4.24, 3.35, 3.65, 4.25, 4.12, 3.37, 3.35, 3.87, 3.9, 3.29, 3.99, 3.67, 3.1, 3.0, 3.0, 2.45, 2.87, 3.62, 3.81, 5.24, 7.201, 8.118, 8.187, 8.447, 8.737, 8.699, 9.446, 10.736, 11.416, 10.632, 9.529, 9.13, 9.331, 9.589, 9.375, 9.649, 10.274, 10.163, 9.934, 10.08, 10.339, 10.853], [3.81, 4.23, 4.53, 4.88, 4.77, 4.4, 3.54, 3.22, 3.28, 2.87, 2.86, 2.69, 2.82, 2.68, 2.82, 2.98, 3.01, 2.67, 2.48, 2.74, 2.88, 2.49, 1.66, 1.12, 0, 1.6, 2.38, 2.29, 2.5, 2.52, 2.51, 2.31, 2.89, 3.12, 2.43, 1.98, 2.87, 4.19, 4.89, 5.37, 5.72, 6.05, 5.789, 4.73, 3.64, 2.93, 3.23, 3.67, 3.7, 3.09, 3.09, 3.45, 3.56, 3.13, 3.65, 3.41, 3.0, 2.76, 2.74, 2.35, 2.75, 3.56, 3.57, 4.66, 6.567, 7.496, 7.57, 7.802, 8.063, 8.043, 8.866, 10.139, 10.865, 10.024, 8.952, 8.556, 8.737, 9.009, 8.892, 9.129, 9.694, 9.623, 9.412, 9.58, 9.785, 10.319], [3.33, 3.15, 3.43, 3.8, 3.83, 3.82, 3.7, 3.3, 3.2, 2.59, 2.38, 2.39, 2.56, 2.16, 2.16, 1.88, 1.99, 1.99, 2.18, 2.68, 2.7, 2.25, 1.7, 1.8, 1.6, 0, 1.38, 1.93, 2.52, 2.66, 2.61, 2.51, 3.07, 3.32, 2.57, 1.92, 2.19, 3.49, 4.19, 4.67, 5.02, 5.31, 5.05, 3.97, 2.96, 1.99, 2.23, 2.87, 2.72, 1.85, 1.87, 2.47, 2.42, 1.75, 2.37, 2.09, 2.54, 2.34, 2.34, 1.79, 2.03, 2.38, 2.63, 4.18, 6.15, 6.91, 7.165, 7.341, 7.619, 7.794, 8.735, 9.837, 10.445, 9.612, 8.635, 8.102, 8.441, 9.021, 8.904, 8.898, 9.535, 9.644, 9.372, 9.344, 9.509, 9.881], [4.17, 3.67, 3.93, 4.14, 4.17, 4.54, 4.7, 4.38, 4.28, 3.53, 2.74, 2.57, 2.72, 2.24, 2.3, 2.24, 2.27, 2.41, 2.08, 2.72, 3.12, 2.85, 2.74, 2.6, 2.38, 1.38, 0, 1.23, 1.86, 2.1, 2.11, 2.09, 2.45, 2.68, 1.97, 1.62, 1.13, 2.27, 2.97, 3.45, 3.8, 4.17, 3.903, 2.91, 1.94, 1.39, 1.59, 1.85, 1.76, 1.39, 1.49, 1.57, 1.8, 1.77, 2.19, 1.97, 2.88, 2.8, 2.76, 2.21, 1.47, 1.58, 2.09, 3.26, 5.19, 6.01, 6.328, 6.487, 6.66, 7.047, 7.773, 8.861, 9.408, 8.555, 7.675, 7.1, 7.534, 8.053, 8.033, 7.973, 8.611, 8.776, 8.526, 8.504, 8.586, 8.894], [5.0, 4.44, 4.8, 5.15, 5.22, 5.41, 5.09, 4.63, 4.51, 3.8, 2.95, 2.8, 2.87, 2.59, 2.61, 2.89, 2.8, 2.92, 2.47, 2.89, 3.27, 3.1, 2.99, 2.89, 2.29, 1.93, 1.23, 0, 1.07, 1.39, 1.54, 1.66, 1.72, 1.81, 1.26, 1.33, 1.26, 2.24, 2.82, 3.28, 3.63, 4.02, 3.751, 2.76, 1.85, 1.74, 1.98, 2.2, 2.21, 2.04, 2.24, 2.08, 2.21, 2.28, 2.64, 2.12, 2.83, 2.67, 2.63, 2.14, 1.48, 1.97, 2.06, 2.83, 4.62, 5.559, 5.638, 5.837, 6.07, 6.177, 6.951, 8.096, 8.785, 7.965, 7.01, 6.532, 6.743, 7.174, 7.077, 7.091, 7.774, 7.862, 7.534, 7.549, 7.624, 8.124], [5.51, 4.71, 4.97, 5.38, 5.65, 5.96, 5.48, 5.0, 4.74, 3.87, 2.86, 2.75, 2.98, 2.66, 2.86, 3.3, 3.23, 3.31, 2.6, 2.76, 3.1, 2.95, 3.14, 3.08, 2.5, 2.52, 1.86, 1.07, 0, 1.06, 1.35, 1.47, 1.37, 1.18, 0.91, 1.3, 1.43, 2.11, 2.65, 3.13, 3.48, 3.77, 3.51, 2.49, 1.58, 1.71, 1.91, 1.99, 2.2, 2.55, 2.75, 2.49, 2.58, 2.79, 2.95, 2.51, 3.08, 2.76, 2.78, 2.63, 1.51, 2.08, 1.93, 2.5, 4.278, 5.321, 5.285, 5.608, 5.848, 5.867, 6.523, 7.779, 8.502, 7.633, 6.589, 6.199, 6.36, 6.569, 6.521, 6.746, 7.376, 7.293, 7.083, 7.236, 7.464, 7.94], [5.77, 5.17, 5.49, 5.86, 6.07, 6.3, 5.6, 5.18, 4.68, 3.91, 3.0, 2.67, 2.6, 2.64, 2.8, 3.4, 3.57, 3.21, 2.54, 2.28, 2.56, 2.87, 3.1, 3.04, 2.52, 2.66, 2.1, 1.39, 1.06, 0, 0.95, 0.93, 1.05, 1.28, 1.07, 1.4, 1.83, 2.81, 3.39, 3.83, 4.2, 4.59, 4.318, 3.25, 2.24, 2.15, 2.37, 2.55, 2.7, 2.87, 3.05, 2.87, 3.0, 3.03, 3.27, 2.75, 3.16, 2.94, 2.84, 2.83, 1.87, 2.58, 2.47, 3.18, 5.034, 6.027, 5.972, 6.223, 6.443, 6.484, 7.061, 8.455, 9.224, 8.363, 7.397, 7.018, 7.114, 7.174, 6.937, 7.357, 7.999, 7.82, 7.608, 7.745, 7.98, 8.403], [5.78, 5.16, 5.46, 5.83, 6.06, 6.31, 5.55, 5.17, 4.65, 3.9, 2.97, 2.7, 2.29, 2.57, 2.73, 3.49, 3.62, 3.22, 2.45, 2.51, 2.77, 3.22, 2.99, 2.95, 2.51, 2.61, 2.11, 1.54, 1.35, 0.95, 0, 0.86, 0.92, 1.45, 1.2, 1.43, 1.96, 2.84, 3.46, 3.94, 4.29, 4.68, 4.411, 3.36, 2.29, 2.16, 2.38, 2.64, 2.67, 3.0, 3.18, 3.0, 3.11, 3.16, 3.38, 2.84, 3.07, 3.01, 2.87, 2.9, 2.04, 2.63, 2.6, 3.27, 5.153, 6.076, 6.118, 6.303, 6.573, 6.505, 7.265, 8.63, 9.321, 8.543, 7.536, 7.123, 7.293, 7.448, 7.148, 7.463, 8.009, 7.867, 7.621, 7.749, 8.042, 8.537], [5.66, 4.98, 5.24, 5.63, 5.9, 6.15, 5.39, 5.09, 4.61, 3.84, 3.09, 2.68, 2.37, 2.65, 2.77, 3.55, 3.74, 3.32, 2.55, 2.53, 2.65, 2.86, 2.97, 2.87, 2.31, 2.51, 2.09, 1.66, 1.47, 0.93, 0.86, 0, 0.86, 1.31, 1.18, 1.53, 1.86, 2.86, 3.52, 4.0, 4.35, 4.74, 4.471, 3.42, 2.35, 2.14, 2.42, 2.54, 2.69, 3.0, 3.2, 3.0, 3.21, 3.24, 3.3, 2.88, 3.05, 2.99, 2.83, 2.94, 2.12, 2.73, 2.66, 3.31, 5.214, 6.174, 6.2, 6.383, 6.666, 6.588, 7.287, 8.663, 9.438, 8.6, 7.584, 7.169, 7.361, 7.485, 7.208, 7.569, 8.142, 7.957, 7.7, 7.874, 8.153, 8.679], [6.24, 5.56, 5.82, 6.21, 6.48, 6.73, 5.97, 5.61, 5.01, 4.28, 3.25, 2.88, 2.61, 2.77, 3.03, 3.89, 4.0, 3.62, 2.79, 2.63, 2.89, 3.42, 3.49, 3.41, 2.89, 3.07, 2.45, 1.72, 1.37, 1.05, 0.92, 0.86, 0, 0.89, 1.2, 1.63, 2.02, 2.62, 3.08, 3.56, 3.93, 4.26, 4.0, 3.0, 2.23, 2.44, 2.64, 2.5, 2.89, 3.34, 3.52, 3.28, 3.49, 3.66, 3.78, 3.24, 3.49, 3.41, 3.29, 3.4, 2.42, 2.95, 2.84, 3.01, 4.699, 5.685, 5.745, 5.936, 6.186, 6.107, 6.77, 8.146, 8.863, 8.046, 7.09, 6.656, 6.83, 6.922, 6.63, 6.99, 7.589, 7.423, 7.114, 7.252, 7.627, 8.109], [6.47, 5.69, 5.85, 6.24, 6.63, 6.94, 6.2, 5.84, 5.22, 4.55, 3.32, 2.81, 2.8, 2.82, 3.12, 4.08, 4.05, 3.69, 2.82, 2.62, 3.12, 3.51, 3.7, 3.6, 3.12, 3.32, 2.68, 1.81, 1.18, 1.28, 1.45, 1.31, 0.89, 0, 1.01, 1.78, 2.13, 2.45, 2.79, 3.21, 3.58, 3.87, 3.61, 2.61, 1.94, 2.41, 2.51, 2.35, 2.64, 3.35, 3.45, 3.15, 3.34, 3.77, 3.99, 3.47, 3.72, 3.62, 3.54, 3.55, 2.29, 2.72, 2.65, 2.68, 4.323, 5.338, 5.381, 5.638, 5.888, 5.797, 6.425, 7.716, 8.418, 7.641, 6.671, 6.251, 6.408, 6.518, 6.178, 6.608, 7.248, 7.099, 6.802, 6.918, 7.407, 7.81], [5.7, 4.94, 5.2, 5.61, 5.86, 6.13, 5.45, 5.09, 4.55, 3.9, 2.85, 2.58, 2.57, 2.51, 2.77, 3.47, 3.4, 3.14, 2.45, 2.33, 2.81, 2.84, 3.01, 2.93, 2.43, 2.57, 1.97, 1.26, 0.91, 1.07, 1.2, 1.18, 1.2, 1.01, 0, 1.19, 1.5, 2.48, 3.14, 3.62, 3.95, 4.22, 3.96, 2.94, 2.03, 2.08, 2.24, 2.26, 2.33, 2.56, 2.72, 2.5, 2.65, 3.04, 3.4, 2.92, 3.17, 3.05, 3.03, 2.9, 1.62, 2.29, 2.38, 2.97, 4.699, 5.725, 5.648, 5.974, 6.264, 6.233, 6.885, 8.144, 8.832, 8.031, 7.013, 6.631, 6.778, 6.928, 6.67, 6.982, 7.637, 7.495, 7.285, 7.396, 7.765, 8.204], [4.97, 4.45, 4.77, 5.2, 5.33, 5.5, 4.86, 4.58, 4.36, 3.33, 2.38, 2.23, 2.26, 1.94, 2.1, 2.82, 2.87, 2.41, 1.68, 2.18, 2.7, 2.89, 2.54, 2.56, 1.98, 1.92, 1.62, 1.33, 1.3, 1.4, 1.43, 1.53, 1.63, 1.78, 1.19, 0, 1.33, 2.53, 3.17, 3.65, 4.0, 4.25, 3.99, 2.95, 2.12, 1.97, 2.05, 2.19, 2.28, 2.07, 2.19, 2.13, 2.38, 2.65, 3.29, 2.85, 3.1, 2.84, 2.96, 2.63, 1.51, 2.22, 2.33, 3.06, 4.81, 5.716, 5.765, 6.088, 6.332, 6.346, 7.223, 8.51, 9.242, 8.362, 7.267, 6.811, 7.046, 7.426, 7.358, 7.483, 7.977, 7.983, 7.789, 7.903, 8.145, 8.674], [4.76, 4.04, 4.22, 4.57, 4.76, 5.21, 5.49, 5.29, 5.21, 4.32, 3.23, 3.04, 3.25, 2.73, 2.75, 2.69, 2.92, 2.94, 2.43, 3.23, 3.71, 3.38, 3.59, 3.53, 2.87, 2.19, 1.13, 1.26, 1.43, 1.83, 1.96, 1.86, 2.02, 2.13, 1.5, 1.33, 0, 1.42, 2.08, 2.54, 2.91, 3.28, 3.008, 2.0, 1.23, 1.12, 1.32, 1.3, 1.41, 1.54, 1.76, 1.46, 1.75, 2.12, 2.32, 2.08, 3.39, 3.21, 3.15, 2.84, 1.5, 1.53, 1.92, 2.59, 4.34, 5.1, 5.458, 5.538, 5.77, 6.317, 7.02, 8.165, 8.809, 7.936, 6.962, 6.398, 6.764, 7.26, 7.36, 7.26, 7.878, 7.986, 7.796, 7.797, 7.879, 8.215], [5.76, 4.86, 4.7, 4.81, 5.34, 6.43, 6.83, 6.63, 6.55, 5.66, 4.21, 3.88, 4.17, 3.63, 3.67, 3.83, 4.06, 4.04, 3.39, 4.21, 4.77, 4.64, 4.93, 4.87, 4.19, 3.49, 2.27, 2.24, 2.11, 2.81, 2.84, 2.86, 2.62, 2.45, 2.48, 2.53, 1.42, 0, 0.92, 1.44, 1.67, 2.02, 1.72, 1.56, 1.29, 1.8, 1.56, 1.26, 1.33, 1.98, 2.06, 1.72, 1.95, 2.6, 2.54, 2.92, 4.37, 4.11, 4.11, 3.94, 2.4, 1.87, 1.98, 2.47, 4.06, 4.88, 5.3, 5.3, 5.55, 6.189, 6.696, 7.644, 8.152, 7.298, 6.419, 5.946, 6.496, 6.856, 6.899, 6.902, 7.479, 7.639, 7.489, 7.618, 7.651, 7.721], [6.4, 5.48, 5.28, 5.55, 6.02, 7.13, 7.53, 7.33, 7.25, 6.36, 4.81, 4.22, 4.43, 3.85, 4.25, 4.47, 4.64, 4.6, 3.79, 4.53, 5.25, 5.34, 5.63, 5.57, 4.89, 4.19, 2.97, 2.82, 2.65, 3.39, 3.46, 3.52, 3.08, 2.79, 3.14, 3.17, 2.08, 0.92, 0, 0.9, 1.23, 1.36, 1.16, 1.18, 1.53, 2.3, 2.02, 1.46, 1.65, 2.54, 2.62, 2.24, 2.33, 3.08, 2.92, 3.4, 4.81, 4.59, 4.55, 4.48, 2.96, 2.27, 2.18, 2.15, 3.54, 4.38, 4.88, 4.76, 5.05, 5.75, 6.156, 7.107, 7.566, 6.707, 5.865, 5.415, 5.956, 6.316, 6.454, 6.371, 6.948, 7.099, 6.958, 7.088, 7.125, 7.181], [6.9, 5.92, 5.76, 6.03, 6.5, 7.61, 8.01, 7.81, 7.73, 6.84, 5.29, 4.76, 4.93, 4.33, 4.73, 4.93, 5.12, 5.06, 4.07, 4.85, 5.73, 5.82, 6.11, 6.05, 5.37, 4.67, 3.45, 3.28, 3.13, 3.83, 3.94, 4.0, 3.56, 3.21, 3.62, 3.65, 2.54, 1.44, 0.9, 0, 0.83, 1.18, 1.12, 1.34, 1.99, 2.8, 2.56, 1.94, 2.03, 3.0, 3.02, 2.5, 2.67, 3.44, 3.08, 3.54, 4.99, 4.75, 4.73, 4.8, 3.38, 2.71, 2.6, 2.25, 3.18, 4.02, 4.34, 4.3, 4.59, 5.286, 5.836, 6.824, 7.284, 6.424, 5.556, 5.086, 5.636, 5.976, 6.07, 6.019, 6.573, 6.753, 6.629, 6.755, 6.743, 6.775], [7.31, 6.39, 6.21, 6.42, 6.83, 7.96, 8.36, 8.16, 8.08, 7.19, 5.64, 5.09, 5.26, 4.64, 5.08, 5.3, 5.47, 5.41, 4.52, 5.16, 6.08, 6.17, 6.46, 6.4, 5.72, 5.02, 3.8, 3.63, 3.48, 4.2, 4.29, 4.35, 3.93, 3.58, 3.95, 4.0, 2.91, 1.67, 1.23, 0.83, 0, 0.79, 0.97, 1.63, 2.28, 3.17, 2.87, 2.35, 2.48, 3.41, 3.45, 2.95, 3.06, 3.79, 3.33, 3.79, 5.14, 4.84, 4.88, 5.07, 3.73, 3.06, 2.91, 2.18, 2.95, 3.75, 4.17, 4.17, 4.44, 5.099, 5.566, 6.5, 6.9, 6.12, 5.272, 4.822, 5.372, 5.763, 5.783, 5.775, 6.415, 6.555, 6.385, 6.494, 6.544, 6.591], [7.52, 6.6, 6.42, 6.71, 7.16, 8.25, 8.67, 8.45, 8.43, 7.48, 5.91, 5.36, 5.51, 4.89, 5.43, 5.69, 5.78, 5.74, 4.79, 5.45, 6.41, 6.48, 6.75, 6.69, 6.05, 5.31, 4.17, 4.02, 3.77, 4.59, 4.68, 4.74, 4.26, 3.87, 4.22, 4.25, 3.28, 2.02, 1.36, 1.18, 0.79, 0, 0.8, 1.66, 2.51, 3.46, 3.16, 2.58, 2.69, 3.58, 3.64, 3.14, 3.23, 3.96, 3.72, 4.18, 5.47, 5.13, 5.27, 5.38, 3.92, 3.23, 3.02, 2.13, 2.94, 3.84, 4.3, 4.3, 4.61, 5.23, 5.739, 6.513, 6.876, 6.136, 5.339, 4.849, 5.459, 5.879, 5.874, 5.971, 6.502, 6.662, 6.532, 6.682, 6.72, 6.741], [7.18, 6.28, 6.12, 6.43, 6.9, 7.99, 8.41, 8.19, 8.166, 7.22, 5.65, 5.14, 5.246, 4.59, 5.166, 5.418, 5.52, 5.479, 4.35, 5.11, 6.149, 6.22, 6.49, 6.43, 5.789, 5.05, 3.903, 3.751, 3.51, 4.318, 4.411, 4.471, 4.0, 3.61, 3.96, 3.99, 3.008, 1.72, 1.16, 1.12, 0.97, 0.8, 0, 1.36, 2.29, 3.2, 2.9, 2.3, 2.41, 3.26, 3.28, 2.7, 2.95, 3.76, 3.5, 3.98, 5.25, 4.89, 5.03, 5.18, 3.72, 2.99, 2.82, 2.09, 3.02, 3.9, 4.36, 4.38, 4.69, 5.27, 5.799, 6.627, 7.027, 6.23, 5.399, 4.909, 5.519, 5.942, 5.956, 6.022, 6.562, 6.722, 6.592, 6.742, 6.782, 6.804], [6.36, 5.42, 5.38, 5.71, 6.24, 6.93, 7.33, 7.11, 7.086, 6.14, 4.57, 4.02, 4.19, 3.51, 4.11, 4.35, 4.44, 4.399, 3.29, 4.01, 5.069, 5.14, 5.41, 5.35, 4.73, 3.97, 2.91, 2.76, 2.49, 3.25, 3.36, 3.42, 3.0, 2.61, 2.94, 2.95, 2.0, 1.56, 1.18, 1.34, 1.63, 1.66, 1.36, 0, 1.31, 2.22, 2.04, 1.5, 1.75, 2.7, 2.86, 2.28, 2.41, 3.2, 3.0, 3.0, 4.35, 4.07, 4.13, 4.14, 2.72, 2.07, 2.08, 1.39, 2.84, 3.66, 4.18, 4.18, 4.39, 5.05, 5.573, 6.597, 7.175, 6.322, 5.353, 4.743, 5.293, 5.756, 5.854, 5.791, 6.373, 6.533, 6.346, 6.459, 6.517, 6.764], [5.31, 4.49, 4.55, 5.04, 5.47, 5.94, 6.22, 6.0, 5.98, 5.03, 3.46, 3.15, 3.4, 2.82, 3.0, 3.38, 3.39, 3.39, 2.64, 3.36, 4.02, 4.03, 4.3, 4.24, 3.64, 2.96, 1.94, 1.85, 1.58, 2.24, 2.29, 2.35, 2.23, 1.94, 2.03, 2.12, 1.23, 1.29, 1.53, 1.99, 2.28, 2.51, 2.29, 1.31, 0, 1.15, 1.15, 0.97, 1.16, 1.97, 2.13, 1.79, 1.78, 2.45, 2.63, 2.37, 3.58, 3.32, 3.36, 3.15, 1.61, 1.24, 1.33, 1.7, 3.57, 4.37, 4.73, 4.91, 5.12, 5.66, 6.374, 7.549, 8.17, 7.323, 6.28, 5.71, 6.094, 6.633, 6.674, 6.634, 7.253, 7.377, 7.179, 7.205, 7.294, 7.658], [4.52, 3.62, 3.68, 4.13, 4.5, 4.97, 5.25, 5.05, 4.97, 4.12, 2.95, 2.76, 3.05, 2.53, 2.47, 2.57, 2.78, 2.88, 2.53, 3.19, 3.29, 3.12, 3.35, 3.35, 2.93, 1.99, 1.39, 1.74, 1.71, 2.15, 2.16, 2.14, 2.44, 2.41, 2.08, 1.97, 1.12, 1.8, 2.3, 2.8, 3.17, 3.46, 3.2, 2.22, 1.15, 0, 0.72, 1.12, 1.17, 1.52, 1.8, 1.7, 1.73, 1.84, 2.12, 1.86, 3.03, 2.81, 2.79, 2.48, 1.3, 1.13, 1.22, 2.57, 4.52, 5.36, 5.58, 5.7, 5.95, 6.52, 7.207, 8.344, 8.983, 8.113, 7.119, 6.591, 6.967, 7.464, 7.503, 7.464, 8.084, 8.21, 8.0, 8.032, 8.108, 8.442], [4.7, 3.74, 3.76, 4.17, 4.56, 5.19, 5.57, 5.35, 5.33, 4.38, 3.05, 2.92, 3.23, 2.67, 2.65, 2.71, 2.82, 3.0, 2.59, 3.31, 3.47, 3.4, 3.65, 3.65, 3.23, 2.23, 1.59, 1.98, 1.91, 2.37, 2.38, 2.42, 2.64, 2.51, 2.24, 2.05, 1.32, 1.56, 2.02, 2.56, 2.87, 3.16, 2.9, 2.04, 1.15, 0.72, 0, 0.8, 0.99, 1.36, 1.64, 1.5, 1.63, 1.98, 2.3, 2.2, 3.43, 3.23, 3.27, 2.96, 1.48, 1.23, 1.36, 2.53, 4.44, 5.28, 5.6, 5.7, 5.97, 6.609, 7.207, 8.275, 8.872, 8.019, 7.042, 6.454, 6.89, 7.447, 7.486, 7.462, 8.085, 8.21, 8.0, 8.041, 8.134, 8.42], [5.22, 4.24, 4.22, 4.61, 5.02, 5.81, 6.21, 6.01, 5.97, 5.04, 3.49, 3.1, 3.35, 2.69, 2.99, 3.25, 3.32, 3.38, 2.71, 3.41, 3.97, 4.02, 4.31, 4.25, 3.67, 2.87, 1.85, 2.2, 1.99, 2.55, 2.64, 2.54, 2.5, 2.35, 2.26, 2.19, 1.3, 1.26, 1.46, 1.94, 2.35, 2.58, 2.3, 1.5, 0.97, 1.12, 0.8, 0, 0.75, 1.58, 1.78, 1.46, 1.57, 2.42, 2.68, 2.68, 4.01, 3.79, 3.81, 3.5, 1.82, 1.29, 1.48, 2.17, 4.1, 4.9, 5.24, 5.3, 5.61, 6.229, 6.85, 7.804, 8.365, 7.53, 6.55, 6.04, 6.55, 7.053, 7.033, 7.053, 7.673, 7.833, 7.643, 7.695, 7.763, 7.926], [4.93, 3.93, 3.91, 4.38, 4.81, 5.66, 6.06, 5.84, 5.82, 4.87, 3.32, 3.05, 3.32, 2.64, 2.82, 3.08, 3.17, 3.13, 2.5, 3.24, 3.86, 3.87, 4.14, 4.12, 3.7, 2.72, 1.76, 2.21, 2.2, 2.7, 2.67, 2.69, 2.89, 2.64, 2.33, 2.28, 1.41, 1.33, 1.65, 2.03, 2.48, 2.69, 2.41, 1.75, 1.16, 1.17, 0.99, 0.75, 0, 1.17, 1.35, 1.19, 1.14, 2.07, 2.39, 2.57, 3.84, 3.64, 3.68, 3.29, 1.65, 1.06, 1.39, 2.46, 4.41, 5.23, 5.55, 5.69, 6.0, 6.573, 7.183, 8.173, 8.694, 7.833, 6.863, 6.296, 6.903, 7.383, 7.417, 7.386, 8.003, 8.163, 7.979, 8.082, 8.107, 8.25], [3.98, 3.36, 3.4, 3.91, 4.06, 4.75, 5.19, 4.95, 4.93, 4.02, 2.99, 2.96, 3.25, 2.61, 2.57, 2.51, 2.56, 2.56, 2.47, 3.15, 3.51, 3.24, 3.27, 3.37, 3.09, 1.85, 1.39, 2.04, 2.55, 2.87, 3.0, 3.0, 3.34, 3.35, 2.56, 2.07, 1.54, 1.98, 2.54, 3.0, 3.41, 3.58, 3.26, 2.7, 1.97, 1.52, 1.36, 1.58, 1.17, 0, 0.54, 0.74, 0.83, 1.26, 2.04, 2.32, 3.49, 3.31, 3.39, 2.76, 1.52, 1.39, 1.96, 3.45, 5.38, 6.22, 6.54, 6.66, 6.97, 7.557, 8.21, 9.24, 9.781, 8.928, 7.934, 7.337, 7.91, 8.43, 8.467, 8.43, 9.05, 9.21, 9.003, 9.043, 9.093, 9.32], [3.98, 3.56, 3.64, 4.07, 4.14, 4.77, 5.19, 4.95, 4.95, 4.14, 3.13, 3.0, 3.35, 2.63, 2.69, 2.65, 2.62, 2.68, 2.45, 3.13, 3.65, 3.4, 3.31, 3.35, 3.09, 1.87, 1.49, 2.24, 2.75, 3.05, 3.18, 3.2, 3.52, 3.45, 2.72, 2.19, 1.76, 2.06, 2.62, 3.02, 3.45, 3.64, 3.28, 2.86, 2.13, 1.8, 1.64, 1.78, 1.35, 0.54, 0, 0.78, 0.99, 1.32, 2.18, 2.48, 3.59, 3.45, 3.51, 2.86, 1.8, 1.67, 2.28, 3.61, 5.52, 6.34, 6.68, 6.82, 7.07, 7.657, 8.367, 9.383, 9.895, 9.037, 8.063, 7.477, 8.047, 8.59, 8.627, 8.59, 9.21, 9.37, 9.16, 9.174, 9.239, 9.443], [4.6, 3.96, 3.98, 4.49, 4.58, 5.41, 5.83, 5.61, 5.586, 4.7, 3.59, 3.38, 3.65, 2.99, 3.09, 3.11, 3.1, 3.14, 2.53, 3.31, 4.11, 3.84, 3.91, 3.87, 3.45, 2.47, 1.57, 2.08, 2.49, 2.87, 3.0, 3.0, 3.28, 3.15, 2.5, 2.13, 1.46, 1.72, 2.24, 2.5, 2.95, 3.14, 2.7, 2.28, 1.79, 1.7, 1.5, 1.46, 1.19, 0.74, 0.78, 0, 0.83, 1.54, 2.26, 2.58, 3.81, 3.61, 3.69, 3.14, 1.74, 1.59, 2.12, 3.09, 4.92, 5.76, 6.08, 6.22, 6.51, 7.097, 7.767, 8.764, 9.295, 8.435, 7.464, 6.897, 7.45, 7.99, 8.01, 7.99, 8.61, 8.77, 8.56, 8.583, 8.65, 8.826], [4.53, 3.85, 3.87, 4.44, 4.59, 5.38, 5.78, 5.56, 5.536, 4.61, 3.46, 3.35, 3.5, 2.88, 2.98, 3.02, 3.01, 2.95, 2.64, 3.3, 3.96, 3.75, 3.88, 3.9, 3.56, 2.42, 1.8, 2.21, 2.58, 3.0, 3.11, 3.21, 3.49, 3.34, 2.65, 2.38, 1.75, 1.95, 2.33, 2.67, 3.06, 3.23, 2.95, 2.41, 1.78, 1.73, 1.63, 1.57, 1.14, 0.83, 0.99, 0.83, 0, 1.45, 2.21, 2.43, 3.64, 3.48, 3.54, 3.01, 1.61, 1.42, 1.85, 3.1, 5.05, 5.85, 6.15, 6.29, 6.62, 7.19, 7.84, 8.874, 9.454, 8.603, 7.594, 7.03, 7.563, 8.023, 8.04, 8.043, 8.643, 8.803, 8.613, 8.676, 8.712, 8.976], [3.82, 3.64, 3.7, 4.17, 4.34, 4.69, 4.95, 4.71, 4.67, 3.9, 3.45, 3.56, 3.85, 3.27, 3.13, 2.71, 2.9, 3.02, 3.13, 3.81, 3.87, 3.36, 3.07, 3.29, 3.13, 1.75, 1.77, 2.28, 2.79, 3.03, 3.16, 3.24, 3.66, 3.77, 3.04, 2.65, 2.12, 2.6, 3.08, 3.44, 3.79, 3.96, 3.76, 3.2, 2.45, 1.84, 1.98, 2.42, 2.07, 1.26, 1.32, 1.54, 1.45, 0, 1.54, 1.56, 2.49, 2.29, 2.35, 1.76, 1.74, 1.77, 2.2, 3.75, 5.72, 6.38, 6.755, 6.914, 7.235, 7.674, 8.511, 9.636, 10.201, 9.348, 8.348, 7.718, 8.157, 8.774, 8.814, 8.774, 9.388, 9.461, 9.251, 9.263, 9.395, 9.706], [4.58, 4.02, 4.06, 4.29, 4.22, 5.13, 5.45, 5.17, 5.09, 4.52, 4.27, 4.16, 4.51, 4.03, 3.87, 3.31, 3.52, 3.74, 4.03, 4.69, 4.57, 3.8, 3.69, 3.99, 3.65, 2.37, 2.19, 2.64, 2.95, 3.27, 3.38, 3.3, 3.78, 3.99, 3.4, 3.29, 2.32, 2.54, 2.92, 3.08, 3.33, 3.72, 3.5, 3.0, 2.63, 2.12, 2.3, 2.68, 2.39, 2.04, 2.18, 2.26, 2.21, 1.54, 0, 1.16, 2.09, 1.93, 1.87, 1.98, 2.46, 2.33, 2.26, 3.45, 5.34, 6.08, 6.5, 6.52, 6.71, 7.257, 7.907, 8.944, 9.384, 8.564, 7.724, 7.217, 7.71, 8.15, 8.15, 8.07, 8.71, 8.89, 8.68, 8.683, 8.71, 8.886], [4.6, 4.04, 4.28, 4.59, 4.72, 5.01, 5.142, 4.93, 4.784, 4.08, 3.77, 3.62, 3.91, 3.47, 3.31, 2.81, 3.02, 3.26, 3.53, 4.15, 3.99, 3.52, 3.43, 3.67, 3.41, 2.09, 1.97, 2.12, 2.51, 2.75, 2.84, 2.88, 3.24, 3.47, 2.92, 2.85, 2.08, 2.92, 3.4, 3.54, 3.79, 4.18, 3.98, 3.0, 2.37, 1.86, 2.2, 2.68, 2.57, 2.32, 2.48, 2.58, 2.43, 1.56, 1.16, 0, 1.65, 1.51, 1.43, 1.68, 1.98, 2.01, 2.12, 3.01, 4.98, 5.5, 5.975, 6.011, 6.29, 6.617, 7.448, 8.61, 9.252, 8.419, 7.522, 6.949, 7.255, 7.734, 7.734, 7.671, 8.289, 8.378, 8.11, 8.109, 8.167, 8.563], [4.21, 4.09, 4.41, 4.76, 4.75, 4.72, 4.04, 3.88, 3.72, 3.41, 3.6, 3.49, 3.76, 3.46, 3.34, 3.36, 3.33, 3.41, 3.78, 4.1, 3.86, 3.31, 2.78, 3.1, 3.0, 2.54, 2.88, 2.83, 3.08, 3.16, 3.07, 3.05, 3.49, 3.72, 3.17, 3.1, 3.39, 4.37, 4.81, 4.99, 5.14, 5.47, 5.25, 4.35, 3.58, 3.03, 3.43, 4.01, 3.84, 3.49, 3.59, 3.81, 3.64, 2.49, 2.09, 1.65, 0, 1.0, 0.94, 1.27, 2.51, 3.0, 2.95, 3.82, 5.79, 6.604, 6.717, 6.995, 7.252, 7.181, 8.137, 9.427, 10.102, 9.282, 8.289, 7.816, 8.006, 8.42, 8.205, 8.358, 8.842, 8.862, 8.587, 8.642, 8.955, 9.464], [4.41, 4.43, 4.73, 5.12, 5.09, 4.9, 4.28, 3.94, 4.06, 3.55, 3.48, 3.53, 3.88, 3.42, 3.42, 3.44, 3.37, 3.45, 3.62, 3.92, 3.84, 3.21, 2.68, 3.0, 2.76, 2.34, 2.8, 2.67, 2.76, 2.94, 3.01, 2.99, 3.41, 3.62, 3.05, 2.84, 3.21, 4.11, 4.59, 4.75, 4.84, 5.13, 4.89, 4.07, 3.32, 2.81, 3.23, 3.79, 3.64, 3.31, 3.45, 3.61, 3.48, 2.29, 1.93, 1.51, 1.0, 0, 0.78, 1.11, 2.33, 2.84, 2.71, 3.36, 5.33, 6.187, 6.242, 6.569, 6.81, 6.893, 7.74, 8.941, 9.65, 8.772, 7.735, 7.279, 7.437, 7.943, 7.848, 7.943, 8.488, 8.476, 8.225, 8.291, 8.558, 9.039], [4.41, 4.43, 4.77, 5.08, 5.07, 4.98, 4.36, 4.02, 3.98, 3.73, 3.64, 3.55, 3.82, 3.52, 3.46, 3.46, 3.53, 3.61, 3.74, 4.1, 3.98, 3.35, 2.84, 3.0, 2.74, 2.34, 2.76, 2.63, 2.78, 2.84, 2.87, 2.83, 3.29, 3.54, 3.03, 2.96, 3.15, 4.11, 4.55, 4.73, 4.88, 5.27, 5.03, 4.13, 3.36, 2.79, 3.27, 3.81, 3.68, 3.39, 3.51, 3.69, 3.54, 2.35, 1.87, 1.43, 0.94, 0.78, 0, 1.23, 2.31, 2.94, 2.69, 3.48, 5.35, 6.272, 6.383, 6.614, 6.824, 6.815, 7.666, 9.03, 9.714, 8.893, 7.898, 7.425, 7.643, 7.955, 7.744, 7.898, 8.469, 8.518, 8.228, 8.299, 8.59, 9.025], [3.72, 3.88, 4.22, 4.55, 4.46, 4.27, 3.81, 3.45, 3.51, 3.22, 3.13, 3.16, 3.47, 2.97, 2.97, 2.81, 2.76, 2.94, 3.27, 3.61, 3.41, 2.8, 2.13, 2.45, 2.35, 1.79, 2.21, 2.14, 2.63, 2.83, 2.9, 2.94, 3.4, 3.55, 2.9, 2.63, 2.84, 3.94, 4.48, 4.8, 5.07, 5.38, 5.18, 4.14, 3.15, 2.48, 2.96, 3.5, 3.29, 2.76, 2.86, 3.14, 3.01, 1.76, 1.98, 1.68, 1.27, 1.11, 1.23, 0, 2.1, 2.41, 2.6, 3.77, 5.84, 6.729, 6.875, 7.111, 7.337, 7.468, 8.259, 9.464, 10.182, 9.322, 8.35, 7.872, 8.028, 8.525, 8.448, 8.502, 9.119, 9.114, 8.844, 8.872, 9.092, 9.568], [4.54, 3.76, 4.06, 4.57, 4.78, 5.11, 4.89, 4.63, 4.55, 3.62, 2.43, 2.36, 2.57, 2.13, 2.09, 2.61, 2.58, 2.5, 1.93, 2.51, 2.91, 2.62, 2.85, 2.87, 2.75, 2.03, 1.47, 1.48, 1.51, 1.87, 2.04, 2.12, 2.42, 2.29, 1.62, 1.51, 1.5, 2.4, 2.96, 3.38, 3.73, 3.92, 3.72, 2.72, 1.61, 1.3, 1.48, 1.82, 1.65, 1.52, 1.8, 1.74, 1.61, 1.74, 2.46, 1.98, 2.51, 2.33, 2.31, 2.1, 0, 0.95, 1.24, 2.69, 4.62, 5.66, 5.638, 5.898, 6.259, 6.437, 7.228, 8.589, 9.287, 8.406, 7.311, 6.803, 7.098, 7.445, 7.414, 7.533, 8.052, 8.066, 7.876, 7.977, 8.258, 8.73], [4.65, 3.63, 3.77, 4.12, 4.61, 5.24, 5.46, 5.24, 5.22, 4.27, 2.8, 2.71, 2.98, 2.34, 2.36, 2.56, 2.59, 2.69, 2.36, 2.94, 3.3, 3.27, 3.54, 3.62, 3.56, 2.38, 1.58, 1.97, 2.08, 2.58, 2.63, 2.73, 2.95, 2.72, 2.29, 2.22, 1.53, 1.87, 2.27, 2.71, 3.06, 3.23, 2.99, 2.07, 1.24, 1.13, 1.23, 1.29, 1.06, 1.39, 1.67, 1.59, 1.42, 1.77, 2.33, 2.01, 3.0, 2.84, 2.94, 2.41, 0.95, 0, 0.95, 2.44, 4.41, 5.31, 5.59, 5.73, 6.04, 6.576, 7.166, 8.241, 8.873, 8.009, 6.986, 6.456, 6.886, 7.366, 7.394, 7.389, 7.983, 8.123, 7.959, 8.085, 8.13, 8.365], [5.22, 4.2, 4.3, 4.69, 5.12, 5.73, 5.77, 5.49, 5.45, 4.5, 3.13, 3.08, 3.21, 2.69, 2.77, 3.11, 3.06, 3.18, 2.71, 3.27, 3.49, 3.58, 3.77, 3.81, 3.57, 2.63, 2.09, 2.06, 1.93, 2.47, 2.6, 2.66, 2.84, 2.65, 2.38, 2.33, 1.92, 1.98, 2.18, 2.6, 2.91, 3.02, 2.82, 2.08, 1.33, 1.22, 1.36, 1.48, 1.39, 1.96, 2.28, 2.12, 1.85, 2.2, 2.26, 2.12, 2.95, 2.71, 2.69, 2.6, 1.24, 0.95, 0, 2.23, 4.08, 5.24, 5.36, 5.52, 5.81, 6.246, 6.779, 7.807, 8.479, 7.61, 6.659, 6.249, 6.639, 6.902, 6.842, 7.002, 7.522, 7.682, 7.552, 7.718, 7.826, 8.044], [6.85, 5.89, 6.03, 6.46, 6.91, 7.36, 7.28, 7.0, 6.976, 6.05, 4.46, 3.95, 4.08, 3.46, 4.1, 4.62, 4.53, 4.55, 3.56, 4.0, 4.959, 5.05, 5.3, 5.24, 4.66, 4.18, 3.26, 2.83, 2.5, 3.18, 3.27, 3.31, 3.01, 2.68, 2.97, 3.06, 2.59, 2.47, 2.15, 2.25, 2.18, 2.13, 2.09, 1.39, 1.7, 2.57, 2.53, 2.17, 2.46, 3.45, 3.61, 3.09, 3.1, 3.75, 3.45, 3.01, 3.82, 3.36, 3.48, 3.77, 2.69, 2.44, 2.23, 0, 2.29, 3.27, 3.51, 3.63, 3.84, 4.32, 4.843, 6.07, 6.755, 5.875, 4.852, 4.304, 4.623, 5.054, 5.146, 5.121, 5.674, 5.76, 5.553, 5.649, 5.815, 6.287], [8.86, 7.88, 8.04, 8.45, 8.88, 9.33, 9.29, 9.01, 8.932, 8.008, 6.43, 5.896, 6.03, 5.49, 6.11, 6.65, 6.58, 6.66, 5.23, 5.787, 6.878, 6.983, 7.261, 7.201, 6.567, 6.15, 5.19, 4.62, 4.278, 5.034, 5.153, 5.214, 4.699, 4.323, 4.699, 4.81, 4.34, 4.06, 3.54, 3.18, 2.95, 2.94, 3.02, 2.84, 3.57, 4.52, 4.44, 4.1, 4.41, 5.38, 5.52, 4.92, 5.05, 5.72, 5.34, 4.98, 5.79, 5.33, 5.35, 5.84, 4.62, 4.41, 4.08, 2.29, 0, 1.46, 1.74, 1.82, 2.03, 2.47, 2.899, 4.112, 4.768, 3.876, 2.859, 2.37, 2.68, 3.164, 3.262, 3.211, 3.782, 3.882, 3.692, 3.831, 3.948, 4.314], [9.6, 8.74, 8.8, 9.23, 9.66, 10.07, 10.219, 9.984, 9.869, 8.963, 7.441, 6.859, 6.995, 6.353, 6.984, 7.35, 7.42, 7.274, 6.079, 6.784, 7.859, 8.052, 8.19, 8.118, 7.496, 6.91, 6.01, 5.559, 5.321, 6.027, 6.076, 6.174, 5.685, 5.338, 5.725, 5.716, 5.1, 4.88, 4.38, 4.02, 3.75, 3.84, 3.9, 3.66, 4.37, 5.36, 5.28, 4.9, 5.23, 6.22, 6.34, 5.76, 5.85, 6.38, 6.08, 5.5, 6.604, 6.187, 6.272, 6.729, 5.66, 5.31, 5.24, 3.27, 1.46, 0, 0.98, 1.04, 1.19, 1.51, 2.24, 3.333, 3.963, 3.13, 2.2, 1.65, 2.0, 2.52, 2.56, 2.485, 3.061, 3.124, 2.935, 2.965, 3.12, 3.485], [9.898, 9.0, 9.1, 9.61, 10.02, 10.408, 10.197, 9.985, 9.898, 9.003, 7.416, 6.94, 7.07, 6.51, 7.08, 7.725, 7.678, 7.587, 6.24, 6.758, 7.801, 7.957, 8.207, 8.187, 7.57, 7.165, 6.328, 5.638, 5.285, 5.972, 6.118, 6.2, 5.745, 5.381, 5.648, 5.765, 5.458, 5.3, 4.88, 4.34, 4.17, 4.3, 4.36, 4.18, 4.73, 5.58, 5.6, 5.24, 5.55, 6.54, 6.68, 6.08, 6.15, 6.755, 6.5, 5.975, 6.717, 6.242, 6.383, 6.875, 5.638, 5.59, 5.36, 3.51, 1.74, 0.98, 0, 0.72, 1.05, 1.23, 2.04, 3.16, 3.77, 2.93, 2.02, 1.53, 1.78, 2.28, 2.26, 2.233, 2.661, 2.707, 2.537, 2.699, 2.799, 3.229], [10.117, 9.16, 9.26, 9.67, 10.12, 10.607, 10.506, 10.325, 10.184, 9.308, 7.794, 7.12, 7.293, 6.763, 7.289, 7.801, 7.937, 7.82, 6.495, 7.067, 8.107, 8.306, 8.545, 8.447, 7.802, 7.341, 6.487, 5.837, 5.608, 6.223, 6.303, 6.383, 5.936, 5.638, 5.974, 6.088, 5.538, 5.3, 4.76, 4.3, 4.17, 4.3, 4.38, 4.18, 4.91, 5.7, 5.7, 5.3, 5.69, 6.66, 6.82, 6.22, 6.29, 6.914, 6.52, 6.011, 6.995, 6.569, 6.614, 7.111, 5.898, 5.73, 5.52, 3.63, 1.82, 1.04, 0.72, 0, 0.65, 1.31, 1.82, 2.953, 3.647, 2.78, 1.88, 1.41, 1.72, 2.16, 2.36, 2.12, 2.481, 2.57, 2.443, 2.64, 2.67, 3.025], [10.381, 9.47, 9.55, 9.94, 10.37, 10.8, 10.755, 10.532, 10.386, 9.561, 8.032, 7.35, 7.543, 6.993, 7.559, 8.045, 8.103, 8.052, 6.759, 7.326, 8.377, 8.582, 8.798, 8.737, 8.063, 7.619, 6.66, 6.07, 5.848, 6.443, 6.573, 6.666, 6.186, 5.888, 6.264, 6.332, 5.77, 5.55, 5.05, 4.59, 4.44, 4.61, 4.69, 4.39, 5.12, 5.95, 5.97, 5.61, 6.0, 6.97, 7.07, 6.51, 6.62, 7.235, 6.71, 6.29, 7.252, 6.81, 6.824, 7.337, 6.259, 6.04, 5.81, 3.84, 2.03, 1.19, 1.05, 0.65, 0, 1.12, 1.51, 2.66, 3.3, 2.49, 1.67, 1.28, 1.47, 1.81, 2.01, 1.89, 2.29, 2.42, 2.42, 2.45, 2.46, 2.7], [10.854, 10.0, 10.14, 10.496, 10.94, 11.287, 10.884, 10.541, 10.375, 9.602, 8.101, 7.45, 7.435, 7.041, 7.662, 8.438, 8.414, 8.173, 6.872, 7.355, 8.323, 8.69, 8.788, 8.699, 8.043, 7.794, 7.047, 6.177, 5.867, 6.484, 6.505, 6.588, 6.107, 5.797, 6.233, 6.346, 6.317, 6.189, 5.75, 5.286, 5.099, 5.23, 5.27, 5.05, 5.66, 6.52, 6.609, 6.229, 6.573, 7.557, 7.657, 7.097, 7.19, 7.674, 7.257, 6.617, 7.181, 6.893, 6.815, 7.468, 6.437, 6.576, 6.246, 4.32, 2.47, 1.51, 1.23, 1.31, 1.12, 0, 1.33, 2.39, 3.074, 2.23, 1.55, 1.28, 1.25, 1.49, 1.49, 1.55, 1.93, 1.99, 1.82, 1.87, 2.08, 2.518], [11.64, 10.647, 10.787, 11.086, 11.57, 12.07, 11.746, 11.375, 11.178, 10.293, 8.803, 8.153, 8.242, 7.88, 8.566, 9.201, 9.117, 9.136, 7.763, 8.005, 8.941, 9.236, 9.535, 9.446, 8.866, 8.735, 7.773, 6.951, 6.523, 7.061, 7.265, 7.287, 6.77, 6.425, 6.885, 7.223, 7.02, 6.696, 6.156, 5.836, 5.566, 5.739, 5.799, 5.573, 6.374, 7.207, 7.207, 6.85, 7.183, 8.21, 8.367, 7.767, 7.84, 8.511, 7.907, 7.448, 8.137, 7.74, 7.666, 8.259, 7.228, 7.166, 6.779, 4.843, 2.899, 2.24, 2.04, 1.82, 1.51, 1.33, 0, 1.7, 2.438, 1.6, 1.24, 1.27, 1.14, 1.28, 1.68, 1.54, 1.6, 1.38, 1.53, 1.92, 1.99, 2.35], [12.833, 11.821, 11.893, 12.101, 12.527, 13.212, 12.982, 12.536, 12.337, 11.566, 10.105, 9.455, 9.603, 9.187, 9.871, 10.366, 10.282, 10.375, 9.133, 9.297, 10.296, 10.613, 10.788, 10.736, 10.139, 9.837, 8.861, 8.096, 7.779, 8.455, 8.63, 8.663, 8.146, 7.716, 8.144, 8.51, 8.165, 7.644, 7.107, 6.824, 6.5, 6.513, 6.627, 6.597, 7.549, 8.344, 8.275, 7.804, 8.173, 9.24, 9.383, 8.764, 8.874, 9.636, 8.944, 8.61, 9.427, 8.941, 9.03, 9.464, 8.589, 8.241, 7.807, 6.07, 4.112, 3.333, 3.16, 2.953, 2.66, 2.39, 1.7, 0, 1.02, 0.98, 1.48, 1.95, 1.7, 1.74, 2.22, 2.1, 1.94, 1.98, 2.13, 2.4, 2.15, 2.13], [13.477, 12.494, 12.506, 12.671, 13.017, 13.822, 13.694, 13.225, 13.052, 12.317, 10.811, 10.218, 10.343, 9.9, 10.61, 11.073, 10.957, 11.069, 9.837, 10.041, 11.107, 11.374, 11.54, 11.416, 10.865, 10.445, 9.408, 8.785, 8.502, 9.224, 9.321, 9.438, 8.863, 8.418, 8.832, 9.242, 8.809, 8.152, 7.566, 7.284, 6.9, 6.876, 7.027, 7.175, 8.17, 8.983, 8.872, 8.365, 8.694, 9.781, 9.895, 9.295, 9.454, 10.201, 9.384, 9.252, 10.102, 9.65, 9.714, 10.182, 9.287, 8.873, 8.479, 6.755, 4.768, 3.963, 3.77, 3.647, 3.3, 3.074, 2.438, 1.02, 0, 1.04, 2.064, 2.528, 2.267, 2.34, 2.68, 2.38, 2.1, 2.28, 2.41, 2.6, 2.25, 2.11], [12.613, 11.61, 11.67, 11.805, 12.167, 12.969, 12.833, 12.384, 12.231, 11.411, 9.95, 9.311, 9.502, 9.02, 9.727, 10.163, 10.068, 10.225, 8.954, 9.166, 10.215, 10.476, 10.679, 10.632, 10.024, 9.612, 8.555, 7.965, 7.633, 8.363, 8.543, 8.6, 8.046, 7.641, 8.031, 8.362, 7.936, 7.298, 6.707, 6.424, 6.12, 6.136, 6.23, 6.322, 7.323, 8.113, 8.019, 7.53, 7.833, 8.928, 9.037, 8.435, 8.603, 9.348, 8.564, 8.419, 9.282, 8.772, 8.893, 9.322, 8.406, 8.009, 7.61, 5.875, 3.876, 3.13, 2.93, 2.78, 2.49, 2.23, 1.6, 0.98, 1.04, 0, 1.2, 1.67, 1.46, 1.48, 1.86, 1.66, 1.5, 1.6, 1.75, 1.94, 1.71, 1.71], [11.553, 10.553, 10.633, 10.926, 11.247, 11.915, 11.815, 11.352, 11.241, 10.328, 8.875, 8.296, 8.515, 7.987, 8.732, 9.192, 9.056, 9.228, 7.884, 8.082, 9.223, 9.398, 9.635, 9.529, 8.952, 8.635, 7.675, 7.01, 6.589, 7.397, 7.536, 7.584, 7.09, 6.671, 7.013, 7.267, 6.962, 6.419, 5.865, 5.556, 5.272, 5.339, 5.399, 5.353, 6.28, 7.119, 7.042, 6.55, 6.863, 7.934, 8.063, 7.464, 7.594, 8.348, 7.724, 7.522, 8.289, 7.735, 7.898, 8.35