[[0, 0.9, 1.37, 1.27, 1.31, 1.14, 1.49, 1.75, 1.19, 1.83, 3.04, 5.12, 7.36, 8.1, 7.66, 7.86, 7.92, 8.36, 8.05, 7.97, 8.87, 9.37, 9.32, 9.3, 9.26, 9.39, 9.43, 9.44, 9.64, 9.14, 8.04, 7.56, 8.01, 8.0, 9.32, 10.32, 10.61, 10.38, 10.85, 10.63, 10.83, 10.52, 9.92, 9.89, 8.66, 6.17, 3.95, 3.7, 4.159, 4.8, 5.338, 6.122, 6.682, 6.882, 6.812, 7.3, 7.75, 7.36, 7.49, 7.41, 6.55, 5.77, 6.34, 7.28, 7.56, 7.75, 7.8, 7.4, 7.62, 7.9, 7.96, 9.16, 9.23, 8.52, 8.58, 9.54, 10.02, 9.72, 8.96, 9.48, 9.19, 8.23, 7.53, 7.02, 6.47, 5.94], [0.9, 0, 0.89, 0.93, 1.33, 1.44, 1.75, 2.15, 1.27, 1.89, 3.22, 5.24, 7.2, 7.92, 7.46, 7.68, 7.82, 8.16, 7.85, 7.71, 8.57, 8.99, 9.06, 9.06, 8.84, 9.15, 9.23, 9.24, 9.48, 8.94, 7.84, 7.4, 7.87, 7.74, 9.1, 10.1, 10.35, 10.0, 10.29, 10.05, 10.25, 9.94, 9.36, 9.39, 8.12, 5.99, 3.73, 3.58, 3.71, 4.22, 4.838, 5.622, 6.153, 6.324, 6.346, 7.0, 7.33, 6.94, 7.09, 6.87, 5.97, 5.31, 5.98, 6.72, 7.0, 7.21, 7.3, 7.12, 7.42, 7.6, 7.58, 8.82, 9.01, 8.32, 8.44, 9.3, 9.82, 9.52, 8.76, 9.28, 9.01, 8.01, 7.33, 6.66, 6.23, 5.74], [1.37, 0.89, 0, 0.96, 2.02, 2.11, 2.42, 2.76, 1.84, 2.5, 3.63, 5.49, 7.17, 7.85, 7.35, 7.65, 7.87, 8.11, 7.82, 7.38, 8.04, 8.36, 8.55, 8.59, 8.33, 8.78, 8.9, 8.89, 9.07, 8.77, 7.75, 7.33, 7.86, 7.71, 8.89, 9.87, 10.04, 9.39, 9.64, 9.4, 9.58, 9.27, 8.69, 8.74, 7.47, 5.68, 3.58, 3.69, 3.32, 3.85, 4.51, 5.067, 5.518, 5.674, 5.77, 6.43, 6.72, 6.31, 6.46, 6.22, 5.3, 4.66, 5.53, 6.15, 6.33, 6.56, 6.73, 6.77, 7.13, 7.13, 7.31, 8.39, 8.68, 8.01, 8.11, 8.91, 9.59, 9.31, 8.67, 9.03, 8.64, 7.78, 6.8, 6.09, 5.8, 5.27], [1.27, 0.93, 0.96, 0, 1.54, 1.75, 1.84, 2.3, 1.48, 2.16, 3.71, 5.61, 7.59, 8.31, 7.85, 8.07, 8.17, 8.55, 8.24, 7.98, 8.7, 9.04, 9.21, 9.25, 8.97, 9.4, 9.52, 9.45, 9.69, 9.29, 8.23, 7.77, 8.2, 8.11, 9.47, 10.47, 10.66, 10.03, 10.1, 9.84, 10.04, 9.75, 9.17, 9.36, 8.13, 6.22, 4.1, 3.91, 3.74, 4.35, 5.01, 5.721, 6.135, 6.112, 6.339, 7.05, 7.38, 6.99, 7.14, 6.74, 5.74, 5.32, 6.03, 6.75, 6.81, 7.02, 7.15, 7.27, 7.63, 7.71, 7.77, 8.97, 9.3, 8.63, 8.69, 9.53, 10.19, 9.89, 9.13, 9.63, 9.26, 8.34, 7.46, 6.75, 6.44, 5.93], [1.31, 1.33, 2.02, 1.54, 0, 0.57, 0.66, 1.18, 0.86, 1.46, 2.85, 4.83, 7.43, 8.25, 7.89, 7.97, 8.09, 8.57, 8.4, 8.46, 9.36, 9.84, 9.85, 9.81, 9.69, 9.86, 9.86, 9.99, 10.17, 9.61, 8.27, 7.97, 8.42, 8.31, 9.73, 10.69, 11.06, 10.87, 11.22, 10.98, 11.18, 10.87, 10.29, 10.34, 9.05, 6.68, 4.32, 3.91, 4.614, 5.124, 5.684, 6.537, 7.08, 7.274, 7.244, 7.83, 8.22, 7.81, 7.96, 7.82, 6.92, 6.16, 6.85, 7.63, 7.95, 8.16, 8.23, 7.83, 8.17, 8.43, 8.39, 9.67, 9.7, 8.91, 9.13, 10.07, 10.45, 10.11, 9.33, 9.89, 9.7, 8.72, 8.08, 7.53, 6.96, 6.45], [1.14, 1.44, 2.11, 1.75, 0.57, 0, 0.65, 1.15, 0.97, 1.37, 2.6, 4.54, 7.12, 7.9, 7.54, 7.66, 7.84, 8.26, 8.15, 8.27, 9.21, 9.71, 9.64, 9.62, 9.6, 9.71, 9.61, 9.76, 9.92, 9.34, 8.04, 7.72, 8.15, 8.06, 9.52, 10.46, 10.87, 10.7, 11.19, 10.95, 11.13, 10.82, 10.24, 10.23, 8.98, 6.47, 4.05, 3.72, 4.499, 5.029, 5.612, 6.444, 6.982, 7.213, 7.152, 7.654, 8.09, 7.7, 7.83, 7.73, 6.85, 6.07, 6.68, 7.62, 7.88, 8.11, 8.14, 7.66, 7.94, 8.24, 8.28, 9.5, 9.47, 8.62, 8.9, 9.88, 10.22, 9.84, 9.06, 9.64, 9.47, 8.49, 7.85, 7.36, 6.79, 6.28], [1.49, 1.75, 2.42, 1.84, 0.66, 0.65, 0, 1.1, 1.16, 1.42, 2.65, 4.65, 7.37, 8.21, 7.87, 8.03, 8.25, 8.69, 8.58, 8.68, 9.6, 10.08, 10.05, 10.03, 9.97, 10.08, 10.04, 10.19, 10.35, 9.77, 8.45, 8.15, 8.58, 8.39, 9.93, 10.89, 11.28, 11.11, 11.52, 11.28, 11.48, 11.17, 10.59, 10.58, 9.35, 6.88, 4.48, 4.09, 4.874, 5.382, 5.942, 6.814, 7.334, 7.514, 7.522, 8.024, 8.46, 8.07, 8.2, 8.08, 7.2, 6.44, 7.09, 7.95, 8.23, 8.4, 8.51, 8.07, 8.37, 8.65, 8.65, 9.91, 9.9, 9.05, 9.33, 10.29, 10.65, 10.27, 9.49, 10.07, 9.9, 8.92, 8.28, 7.77, 7.18, 6.67], [1.75, 2.15, 2.76, 2.3, 1.18, 1.15, 1.1, 0, 1.08, 1.86, 3.17, 5.05, 7.95, 8.81, 8.53, 8.53, 8.75, 9.19, 9.137, 9.32, 10.24, 10.74, 10.69, 10.67, 10.61, 10.72, 10.62, 10.79, 10.91, 10.33, 9.07, 8.71, 9.08, 9.01, 10.55, 11.51, 11.92, 11.73, 12.24, 11.98, 12.14, 11.85, 11.27, 11.24, 10.03, 7.48, 5.1, 4.75, 5.512, 6.064, 6.633, 7.497, 7.997, 8.206, 8.164, 8.664, 9.12, 8.71, 8.86, 8.72, 7.82, 7.1, 7.73, 8.67, 8.93, 9.14, 9.15, 8.71, 8.99, 9.29, 9.31, 10.55, 10.48, 9.67, 9.95, 10.93, 11.23, 10.87, 10.05, 10.63, 10.5, 9.52, 8.88, 8.41, 7.84, 7.33], [1.19, 1.27, 1.84, 1.48, 0.86, 0.97, 1.16, 1.08, 0, 1.48, 3.09, 5.11, 7.45, 8.23, 7.89, 7.97, 8.01, 8.53, 8.32, 8.38, 9.28, 9.76, 9.73, 9.71, 9.61, 9.74, 9.76, 9.87, 10.03, 9.47, 8.25, 7.89, 8.32, 8.27, 9.65, 10.63, 10.98, 10.77, 11.18, 10.92, 11.12, 10.83, 10.25, 10.24, 8.99, 6.56, 4.3, 3.79, 4.534, 5.068, 5.628, 6.457, 6.98, 7.172, 7.164, 7.724, 8.12, 7.71, 7.88, 7.7, 6.82, 6.06, 6.77, 7.61, 7.89, 8.1, 8.15, 7.75, 8.05, 8.33, 8.31, 9.59, 9.6, 8.87, 9.01, 9.97, 10.37, 10.05, 9.27, 9.81, 9.58, 8.6, 7.96, 7.45, 6.86, 6.35], [1.83, 1.89, 2.5, 2.16, 1.46, 1.37, 1.42, 1.86, 1.48, 0, 1.89, 3.97, 6.17, 7.07, 6.87, 6.91, 7.13, 7.55, 7.629, 8.14, 9.22, 9.72, 9.59, 9.53, 9.59, 9.7, 9.28, 9.39, 9.51, 8.89, 7.83, 7.55, 7.6, 8.09, 9.35, 10.27, 10.58, 10.69, 11.34, 11.12, 11.26, 10.93, 10.39, 10.4, 9.13, 6.34, 3.88, 3.93, 4.568, 5.181, 5.801, 6.614, 7.134, 7.414, 7.221, 7.738, 8.185, 7.815, 7.885, 7.92, 7.04, 6.26, 6.75, 7.79, 8.09, 8.32, 8.17, 7.55, 7.57, 8.11, 8.19, 9.37, 9.14, 8.51, 8.69, 9.75, 9.83, 9.43, 8.65, 9.19, 9.16, 8.16, 7.7, 7.27, 6.68, 6.09], [3.04, 3.22, 3.63, 3.71, 2.85, 2.6, 2.65, 3.17, 3.09, 1.89, 0, 3.02, 5.58, 6.7, 6.745, 6.734, 6.829, 7.169, 7.504, 8.07, 9.27, 9.73, 9.56, 9.52, 9.58, 9.69, 9.29, 9.38, 9.4, 8.84, 7.84, 7.562, 7.47, 8.119, 9.4, 10.34, 10.57, 10.76, 11.39, 11.19, 11.33, 10.996, 10.44, 10.43, 9.14, 6.33, 3.87, 3.92, 4.615, 5.265, 5.828, 6.641, 7.198, 7.478, 7.248, 7.765, 8.23, 7.86, 7.95, 7.99, 7.13, 6.35, 6.779, 7.819, 8.119, 8.35, 8.18, 7.48, 7.48, 8.14, 8.12, 9.28, 8.99, 8.52, 8.719, 9.68, 9.76, 9.32, 8.48, 9.02, 9.01, 8.05, 7.69, 7.22, 6.61, 5.96], [5.12, 5.24, 5.49, 5.61, 4.83, 4.54, 4.65, 5.05, 5.11, 3.97, 3.02, 0, 3.2, 4.2, 4.26, 4.16, 4.28, 4.66, 4.921, 5.45, 6.77, 7.19, 7.02, 6.96, 7.02, 7.089, 6.75, 6.836, 6.84, 6.28, 5.28, 5.04, 4.95, 5.593, 6.88, 7.82, 8.05, 8.24, 8.87, 8.67, 8.81, 8.473, 7.92, 7.89, 6.6, 3.95, 2.61, 2.54, 3.37, 3.56, 3.46, 4.21, 4.775, 5.05, 4.78, 5.34, 5.77, 5.46, 5.57, 5.59, 4.79, 4.01, 4.28, 5.28, 5.58, 5.81, 5.64, 4.94, 4.96, 5.64, 5.54, 6.7, 6.37, 5.993, 6.176, 7.08, 7.2, 6.68, 5.88, 6.36, 6.35, 5.53, 5.15, 4.68, 4.05, 3.62], [7.36, 7.2, 7.17, 7.59, 7.43, 7.12, 7.37, 7.95, 7.45, 6.17, 5.58, 3.2, 0, 1.28, 1.56, 1.4, 1.6, 1.84, 2.07, 2.69, 3.99, 4.35, 4.18, 4.12, 4.14, 4.19, 3.89, 4.0, 4.0, 3.4, 2.44, 2.24, 2.21, 2.8, 4.08, 5.0, 5.23, 5.42, 6.05, 5.85, 5.97, 5.62, 5.12, 5.11, 3.88, 2.55, 3.69, 3.86, 4.13, 3.78, 3.48, 3.43, 3.35, 3.11, 2.68, 2.82, 3.39, 3.24, 3.07, 3.31, 3.77, 3.33, 2.5, 2.6, 3.02, 3.17, 2.98, 2.34, 2.42, 3.0, 2.96, 3.9, 3.53, 3.16, 3.34, 4.2, 4.34, 3.8, 3.06, 3.5, 3.51, 2.69, 2.43, 2.3, 2.21, 2.5], [8.1, 7.92, 7.85, 8.31, 8.25, 7.9, 8.21, 8.81, 8.23, 7.07, 6.7, 4.2, 1.28, 0, 1.02, 0.88, 1.08, 1.14, 1.35, 2.23, 3.03, 3.35, 3.2, 3.06, 3.1, 3.13, 3.01, 3.18, 3.04, 2.38, 1.82, 1.9, 1.61, 2.1, 3.1, 4.0, 4.23, 4.42, 5.05, 4.85, 4.97, 4.6, 4.1, 4.11, 3.08, 2.51, 4.37, 4.6, 4.73, 4.22, 3.86, 3.57, 3.41, 3.15, 2.68, 2.6, 2.81, 2.9, 2.69, 2.83, 3.83, 3.75, 2.72, 2.44, 2.78, 2.79, 2.5, 2.02, 2.14, 2.7, 2.44, 2.96, 2.55, 2.34, 2.48, 3.2, 3.34, 2.8, 2.36, 2.48, 2.43, 1.83, 2.03, 2.38, 2.33, 2.74], [7.66, 7.46, 7.35, 7.85, 7.89, 7.54, 7.87, 8.53, 7.89, 6.87, 6.745, 4.26, 1.56, 1.02, 0, 0.8, 1.32, 1.4, 1.51, 2.23, 2.87, 3.19, 2.98, 2.94, 3.02, 3.05, 2.87, 3.12, 2.94, 2.28, 1.82, 1.82, 1.71, 1.9, 2.88, 3.78, 4.03, 4.2, 4.83, 4.65, 4.75, 4.4, 3.92, 3.87, 2.56, 1.87, 3.87, 4.2, 4.21, 3.76, 3.34, 2.93, 2.73, 2.57, 2.1, 2.06, 2.29, 2.24, 2.27, 2.33, 3.19, 3.27, 2.32, 2.14, 2.3, 2.27, 1.94, 1.54, 1.7, 2.36, 2.38, 2.76, 2.55, 2.22, 2.32, 3.1, 3.2, 2.8, 2.34, 2.52, 2.51, 1.81, 1.59, 2.06, 2.03, 2.4], [7.86, 7.68, 7.65, 8.07, 7.97, 7.66, 8.03, 8.53, 7.97, 6.91, 6.734, 4.16, 1.4, 0.88, 0.8, 0, 0.78, 1.02, 1.17, 2.15, 2.95, 3.19, 3.06, 2.9, 2.96, 3.03, 2.93, 2.98, 2.84, 2.28, 1.76, 1.68, 1.45, 1.8, 2.9, 3.84, 4.09, 4.26, 4.87, 4.69, 4.81, 4.46, 3.92, 3.91, 2.72, 2.13, 4.11, 4.32, 4.49, 4.06, 3.76, 3.41, 3.17, 2.99, 2.46, 2.24, 2.53, 2.6, 2.45, 2.49, 3.63, 3.65, 2.5, 2.4, 2.58, 2.49, 2.08, 1.72, 1.66, 2.32, 2.26, 2.68, 2.53, 2.22, 2.3, 3.1, 3.22, 2.74, 2.16, 2.44, 2.43, 1.85, 1.91, 2.28, 2.25, 2.62], [7.92, 7.82, 7.87, 8.17, 8.09, 7.84, 8.25, 8.75, 8.01, 7.13, 6.829, 4.28, 1.6, 1.08, 1.32, 0.78, 0, 0.92, 1.15, 1.95, 2.87, 3.13, 2.96, 2.86, 2.84, 2.99, 2.99, 2.8, 2.74, 2.14, 1.66, 1.52, 1.29, 1.86, 2.86, 3.82, 4.03, 4.2, 4.81, 4.63, 4.75, 4.4, 3.88, 3.89, 2.82, 2.47, 4.39, 4.34, 4.67, 4.3, 4.04, 3.73, 3.51, 3.23, 2.66, 2.42, 2.71, 2.82, 2.59, 2.75, 3.89, 3.83, 2.58, 2.5, 2.72, 2.65, 2.24, 1.9, 1.8, 2.28, 2.16, 2.66, 2.47, 2.26, 2.28, 3.04, 3.16, 2.68, 2.06, 2.42, 2.37, 1.75, 1.99, 2.44, 2.39, 2.92], [8.36, 8.16, 8.11, 8.55, 8.57, 8.26, 8.69, 9.19, 8.53, 7.55, 7.169, 4.66, 1.84, 1.14, 1.4, 1.02, 0.92, 0, 0.95, 1.71, 2.45, 2.73, 2.62, 2.46, 2.5, 2.57, 2.49, 2.52, 2.42, 1.8, 1.52, 1.5, 1.09, 1.66, 2.42, 3.36, 3.59, 3.78, 4.39, 4.21, 4.33, 3.98, 3.44, 3.45, 2.58, 2.67, 4.65, 4.86, 4.97, 4.6, 4.12, 3.81, 3.63, 3.43, 2.78, 2.26, 2.55, 2.66, 2.43, 2.65, 3.95, 3.95, 2.88, 2.68, 2.96, 2.89, 2.36, 1.88, 1.82, 2.2, 2.02, 2.3, 2.01, 1.8, 1.86, 2.66, 2.74, 2.28, 1.72, 2.1, 1.97, 1.33, 2.03, 2.64, 2.61, 3.04], [8.05, 7.85, 7.82, 8.24, 8.4, 8.15, 8.58, 9.137, 8.32, 7.629, 7.504, 4.921, 2.07, 1.35, 1.51, 1.17, 1.15, 0.95, 0, 1.28, 2.18, 2.36, 2.39, 2.21, 2.19, 2.24, 2.3, 2.25, 2.21, 1.65, 1.17, 1.15, 1.1, 1.25, 2.07, 3.07, 3.32, 3.47, 4.06, 3.88, 4.0, 3.69, 3.15, 3.12, 2.37, 2.42, 4.42, 4.69, 4.72, 4.21, 3.87, 3.58, 3.36, 3.04, 2.51, 2.03, 2.44, 2.53, 2.24, 2.46, 3.72, 3.66, 2.55, 2.27, 2.53, 2.5, 2.01, 1.61, 1.39, 1.87, 1.81, 2.05, 1.8, 1.39, 1.45, 2.27, 2.37, 1.93, 1.39, 1.77, 1.68, 1.06, 1.74, 2.33, 2.26, 2.81], [7.97, 7.71, 7.38, 7.98, 8.46, 8.27, 8.68, 9.32, 8.38, 8.14, 8.07, 5.45, 2.69, 2.23, 2.23, 2.15, 1.95, 1.71, 1.28, 0, 1.52, 1.88, 1.77, 1.71, 1.71, 1.86, 2.04, 2.07, 2.03, 1.75, 1.31, 1.33, 1.72, 1.77, 2.03, 2.95, 3.04, 2.95, 3.5, 3.32, 3.52, 3.25, 2.75, 2.74, 2.17, 2.54, 4.42, 4.73, 4.4, 3.93, 3.47, 3.2, 3.04, 2.64, 2.25, 1.69, 2.2, 2.25, 1.94, 2.42, 3.3, 3.16, 2.23, 1.97, 2.19, 2.18, 1.95, 1.65, 1.57, 1.55, 1.51, 1.67, 1.68, 1.45, 1.51, 1.81, 2.37, 2.03, 1.73, 1.99, 1.6, 1.14, 1.44, 1.77, 1.88, 2.51], [8.87, 8.57, 8.04, 8.7, 9.36, 9.21, 9.6, 10.24, 9.28, 9.22, 9.27, 6.77, 3.99, 3.03, 2.87, 2.95, 2.87, 2.45, 2.18, 1.52, 0, 1.04, 1.33, 1.27, 1.27, 1.52, 1.94, 1.93, 1.79, 1.53, 1.97, 2.11, 2.16, 2.03, 1.61, 2.19, 2.2, 1.87, 2.44, 2.12, 2.18, 2.09, 1.89, 1.88, 1.85, 3.36, 5.68, 5.77, 5.22, 4.75, 4.25, 3.5, 3.1, 3.0, 2.71, 1.97, 2.02, 2.19, 1.86, 2.38, 3.58, 3.68, 2.95, 2.35, 2.51, 2.38, 2.13, 2.09, 1.97, 1.79, 1.83, 1.47, 1.52, 1.37, 1.25, 1.41, 1.81, 1.89, 1.91, 2.23, 1.62, 1.48, 1.94, 2.55, 2.88, 3.47], [9.37, 8.99, 8.36, 9.04, 9.84, 9.71, 10.08, 10.74, 9.76, 9.72, 9.73, 7.19, 4.35, 3.35, 3.19, 3.19, 3.13, 2.73, 2.36, 1.88, 1.04, 0, 0.91, 0.93, 0.93, 1.16, 1.74, 1.77, 1.65, 1.53, 2.09, 2.37, 2.44, 2.09, 1.59, 2.21, 2.16, 1.71, 2.34, 2.08, 2.18, 1.93, 1.71, 1.64, 1.61, 3.64, 6.04, 6.19, 5.52, 5.07, 4.59, 3.82, 3.28, 3.22, 2.93, 2.17, 2.06, 2.27, 2.08, 2.44, 3.76, 3.96, 3.25, 2.53, 2.63, 2.38, 2.25, 2.27, 2.29, 1.87, 1.85, 1.21, 1.28, 1.43, 1.27, 1.13, 1.63, 1.49, 1.73, 1.79, 1.44, 1.86, 2.26, 2.73, 3.2, 3.81], [9.32, 9.06, 8.55, 9.21, 9.85, 9.64, 10.05, 10.69, 9.73, 9.59, 9.56, 7.02, 4.18, 3.2, 2.98, 3.06, 2.96, 2.62, 2.39, 1.77, 1.33, 0.91, 0, 0.64, 0.88, 1.05, 1.23, 1.36, 1.26, 1.32, 1.92, 2.28, 2.37, 2.3, 2.0, 2.52, 2.45, 2.34, 3.05, 2.87, 2.99, 2.7, 2.5, 2.31, 2.2, 3.35, 5.87, 6.08, 5.59, 5.22, 4.64, 4.07, 3.69, 3.51, 3.16, 2.36, 2.41, 2.6, 2.37, 2.81, 4.09, 4.19, 3.32, 2.74, 2.82, 2.51, 2.4, 2.28, 2.2, 1.74, 1.76, 0.92, 1.13, 1.48, 1.3, 1.22, 1.8, 1.48, 1.64, 1.68, 1.51, 1.73, 2.17, 2.76, 3.09, 3.68], [9.3, 9.06, 8.59, 9.25, 9.81, 9.62, 10.03, 10.67, 9.71, 9.53, 9.52, 6.96, 4.12, 3.06, 2.94, 2.9, 2.86, 2.46, 2.21, 1.71, 1.27, 0.93, 0.64, 0, 0.8, 0.85, 1.23, 1.3, 1.12, 1.08, 1.82, 2.22, 2.27, 2.22, 1.74, 2.3, 2.23, 2.1, 2.91, 2.77, 2.87, 2.62, 2.42, 2.27, 2.2, 3.39, 5.71, 6.04, 5.63, 5.22, 4.6, 3.99, 3.73, 3.59, 3.24, 2.4, 2.41, 2.66, 2.39, 2.79, 4.15, 4.29, 3.42, 2.86, 2.9, 2.65, 2.46, 2.36, 2.16, 1.74, 1.72, 0.88, 0.97, 1.36, 1.08, 1.0, 1.58, 1.32, 1.62, 1.54, 1.31, 1.65, 2.17, 2.82, 3.03, 3.66], [9.26, 8.84, 8.33, 8.97, 9.69, 9.6, 9.97, 10.61, 9.61, 9.59, 9.58, 7.02, 4.14, 3.1, 3.02, 2.96, 2.84, 2.5, 2.19, 1.71, 1.27, 0.93, 0.88, 0.8, 0, 0.91, 1.51, 1.48, 1.38, 1.28, 1.86, 2.24, 2.35, 2.08, 1.66, 2.22, 2.13, 1.92, 2.51, 2.39, 2.51, 2.22, 2.1, 1.89, 1.96, 3.49, 5.75, 5.94, 5.35, 4.92, 4.44, 3.87, 3.61, 3.41, 3.04, 2.36, 2.35, 2.5, 2.31, 2.59, 3.95, 4.05, 3.22, 2.58, 2.62, 2.41, 2.24, 2.3, 2.2, 1.68, 1.58, 1.06, 1.25, 1.32, 1.2, 0.92, 1.52, 1.3, 1.68, 1.54, 1.45, 1.71, 2.17, 2.76, 3.09, 3.7], [9.39, 9.15, 8.78, 9.4, 9.86, 9.71, 10.08, 10.72, 9.74, 9.7, 9.69, 7.089, 4.19, 3.13, 3.05, 3.03, 2.99, 2.57, 2.24, 1.86, 1.52, 1.16, 1.05, 0.85, 0.91, 0, 1.0, 1.03, 1.05, 1.31, 1.99, 2.31, 2.38, 2.05, 1.83, 2.33, 2.24, 2.29, 2.96, 2.8, 2.98, 2.71, 2.61, 2.42, 2.43, 3.6, 5.88, 6.07, 5.76, 5.27, 4.79, 4.34, 4.04, 3.86, 3.39, 2.59, 2.74, 2.93, 2.7, 3.08, 4.46, 4.56, 3.65, 3.03, 3.13, 2.92, 2.63, 2.55, 2.33, 1.97, 1.91, 1.01, 1.08, 1.27, 1.07, 0.89, 1.41, 1.11, 1.51, 1.61, 1.38, 1.8, 2.46, 3.27, 3.32, 3.95], [9.43, 9.23, 8.9, 9.52, 9.86, 9.61, 10.04, 10.62, 9.76, 9.28, 9.29, 6.75, 3.89, 3.01, 2.87, 2.93, 2.99, 2.49, 2.3, 2.04, 1.94, 1.74, 1.23, 1.23, 1.51, 1.0, 0, 0.87, 0.85, 1.33, 1.89, 2.09, 2.14, 2.31, 2.11, 2.55, 2.48, 2.79, 3.64, 3.52, 3.68, 3.43, 3.25, 3.04, 2.87, 3.74, 5.74, 6.11, 5.9, 5.35, 4.83, 4.42, 4.14, 4.0, 3.53, 2.73, 2.98, 3.17, 2.84, 3.4, 4.5, 4.62, 3.71, 3.19, 3.29, 3.1, 2.95, 2.77, 2.27, 2.03, 2.13, 1.33, 1.1, 1.33, 1.23, 1.47, 1.51, 1.33, 1.55, 1.67, 1.68, 1.68, 2.4, 3.25, 3.36, 3.89], [9.44, 9.24, 8.89, 9.45, 9.99, 9.76, 10.19, 10.79, 9.87, 9.39, 9.38, 6.836, 4.0, 3.18, 3.12, 2.98, 2.8, 2.52, 2.25, 2.07, 1.93, 1.77, 1.36, 1.3, 1.48, 1.03, 0.87, 0, 0.74, 1.32, 2.04, 2.18, 2.21, 2.38, 2.32, 2.68, 2.55, 2.74, 3.59, 3.47, 3.63, 3.4, 3.26, 3.11, 3.08, 3.83, 5.87, 6.14, 5.81, 5.48, 5.22, 4.83, 4.59, 4.27, 3.76, 2.98, 3.27, 3.48, 3.19, 3.59, 4.93, 4.85, 3.62, 3.3, 3.44, 3.27, 2.94, 2.82, 2.26, 1.84, 1.94, 1.28, 1.33, 1.54, 1.24, 1.42, 1.6, 1.48, 1.68, 2.02, 1.87, 1.89, 2.73, 3.5, 3.59, 4.18], [9.64, 9.48, 9.07, 9.69, 10.17, 9.92, 10.35, 10.91, 10.03, 9.51, 9.4, 6.84, 4.0, 3.04, 2.94, 2.84, 2.74, 2.42, 2.21, 2.03, 1.79, 1.65, 1.26, 1.12, 1.38, 1.05, 0.85, 0.74, 0, 1.12, 2.02, 2.26, 2.25, 2.34, 2.1, 2.46, 2.33, 2.6, 3.45, 3.31, 3.45, 3.22, 3.12, 3.03, 2.96, 3.73, 5.95, 6.34, 6.03, 5.58, 5.2, 4.73, 4.47, 4.19, 3.72, 2.92, 3.15, 3.36, 3.09, 3.47, 4.83, 4.83, 3.86, 3.34, 3.44, 3.25, 2.92, 2.8, 2.28, 2.08, 2.12, 1.04, 1.05, 1.46, 1.18, 1.22, 1.44, 1.22, 1.44, 1.68, 1.59, 1.71, 2.67, 3.46, 3.53, 3.98], [9.14, 8.94, 8.77, 9.29, 9.61, 9.34, 9.77, 10.33, 9.47, 8.89, 8.84, 6.28, 3.4, 2.38, 2.28, 2.28, 2.14, 1.8, 1.65, 1.75, 1.53, 1.53, 1.32, 1.08, 1.28, 1.31, 1.33, 1.32, 1.12, 0, 1.42, 1.74, 1.67, 1.78, 1.58, 2.12, 2.21, 2.5, 3.29, 3.09, 3.23, 3.02, 2.7, 2.61, 2.56, 3.25, 5.41, 5.8, 5.67, 5.18, 4.82, 4.35, 4.07, 3.93, 3.38, 2.56, 2.77, 2.98, 2.73, 3.21, 4.47, 4.59, 3.52, 3.04, 3.18, 2.97, 2.54, 2.26, 1.9, 1.86, 1.72, 1.14, 1.15, 1.3, 1.04, 1.3, 1.36, 1.12, 1.0, 1.3, 1.21, 1.25, 2.25, 3.18, 3.25, 3.74], [8.04, 7.84, 7.75, 8.23, 8.27, 8.04, 8.45, 9.07, 8.25, 7.83, 7.84, 5.28, 2.44, 1.82, 1.82, 1.76, 1.66, 1.52, 1.17, 1.31, 1.97, 2.09, 1.92, 1.82, 1.86, 1.99, 1.89, 2.04, 2.02, 1.42, 0, 0.7, 1.21, 1.38, 1.94, 2.92, 3.13, 3.2, 3.85, 3.73, 3.81, 3.6, 3.12, 2.97, 2.36, 2.75, 4.37, 4.62, 4.65, 4.14, 3.82, 3.59, 3.39, 3.11, 2.54, 1.96, 2.51, 2.6, 2.23, 2.75, 3.65, 3.57, 2.54, 2.12, 2.34, 2.29, 2.06, 1.76, 1.62, 1.44, 1.36, 1.76, 1.73, 1.3, 1.26, 2.08, 2.4, 2.02, 1.48, 1.92, 1.75, 1.35, 1.69, 2.32, 2.39, 2.9], [7.56, 7.4, 7.33, 7.77, 7.97, 7.72, 8.15, 8.71, 7.89, 7.55, 7.562, 5.04, 2.24, 1.9, 1.82, 1.68, 1.52, 1.5, 1.15, 1.33, 2.11, 2.37, 2.28, 2.22, 2.24, 2.31, 2.09, 2.18, 2.26, 1.74, 0.7, 0, 0.85, 1.22, 2.12, 3.12, 3.35, 3.34, 3.97, 3.81, 3.95, 3.72, 3.2, 3.07, 2.26, 2.53, 4.19, 4.26, 4.27, 3.78, 3.5, 3.27, 3.09, 2.73, 2.2, 1.66, 2.29, 2.36, 2.01, 2.51, 3.37, 3.27, 2.1, 1.84, 2.06, 2.03, 1.84, 1.7, 1.38, 1.32, 1.42, 2.1, 1.91, 1.4, 1.38, 2.36, 2.58, 2.28, 1.54, 2.14, 1.95, 1.27, 1.67, 2.12, 2.15, 2.76], [8.01, 7.87, 7.86, 8.2, 8.42, 8.15, 8.58, 9.08, 8.32, 7.6, 7.47, 4.95, 2.21, 1.61, 1.71, 1.45, 1.29, 1.09, 1.1, 1.72, 2.16, 2.44, 2.37, 2.27, 2.35, 2.38, 2.14, 2.21, 2.25, 1.67, 1.21, 0.85, 0, 1.25, 2.21, 3.13, 3.38, 3.41, 4.08, 3.88, 4.02, 3.75, 3.25, 3.06, 2.31, 2.78, 4.68, 4.69, 4.8, 4.31, 4.01, 3.68, 3.46, 3.14, 2.61, 2.01, 2.54, 2.59, 2.28, 2.66, 3.8, 3.78, 2.61, 2.31, 2.49, 2.48, 2.09, 1.87, 1.51, 1.71, 1.69, 2.15, 1.88, 1.41, 1.43, 2.45, 2.61, 2.23, 1.65, 2.13, 1.96, 1.22, 1.92, 2.67, 2.64, 3.21], [8.0, 7.74, 7.71, 8.11, 8.31, 8.06, 8.39, 9.01, 8.27, 8.09, 8.119, 5.593, 2.8, 2.1, 1.9, 1.8, 1.86, 1.66, 1.25, 1.77, 2.03, 2.09, 2.3, 2.22, 2.08, 2.05, 2.31, 2.38, 2.34, 1.78, 1.38, 1.22, 1.25, 0, 1.84, 2.76, 3.11, 3.06, 3.47, 3.29, 3.43, 3.16, 2.7, 2.61, 1.88, 2.71, 4.77, 4.76, 4.81, 4.16, 3.84, 3.51, 3.17, 2.91, 2.54, 1.96, 2.33, 2.4, 2.25, 2.33, 3.59, 3.63, 2.68, 2.18, 2.3, 2.25, 1.88, 1.8, 1.6, 1.88, 1.88, 2.18, 2.03, 1.22, 1.46, 2.14, 2.36, 2.06, 1.46, 1.86, 1.77, 1.47, 1.89, 2.74, 2.79, 3.36], [9.32, 9.1, 8.89, 9.47, 9.73, 9.52, 9.93, 10.55, 9.65, 9.35, 9.4, 6.88, 4.08, 3.1, 2.88, 2.9, 2.86, 2.42, 2.07, 2.03, 1.61, 1.59, 2.0, 1.74, 1.66, 1.83, 2.11, 2.32, 2.1, 1.58, 1.94, 2.12, 2.21, 1.84, 0, 1.22, 1.43, 1.5, 2.23, 2.05, 2.05, 1.92, 1.88, 1.81, 2.06, 3.77, 5.87, 6.14, 5.99, 5.26, 4.74, 4.11, 3.81, 3.91, 3.56, 2.74, 2.65, 2.88, 2.67, 3.09, 4.45, 4.63, 3.82, 3.2, 3.26, 3.05, 2.88, 2.66, 2.4, 2.46, 2.48, 1.92, 1.75, 1.62, 1.54, 1.28, 1.26, 1.42, 1.68, 1.54, 1.47, 1.63, 2.67, 3.32, 3.45, 4.02], [10.32, 10.1, 9.87, 10.47, 10.69, 10.46, 10.89, 11.51, 10.63, 10.27, 10.34, 7.82, 5.0, 4.0, 3.78, 3.84, 3.82, 3.36, 3.07, 2.95, 2.19, 2.21, 2.52, 2.3, 2.22, 2.33, 2.55, 2.68, 2.46, 2.12, 2.92, 3.12, 3.13, 2.76, 1.22, 0, 0.77, 1.16, 1.79, 1.69, 1.85, 2.16, 2.44, 2.29, 3.02, 4.81, 6.83, 7.12, 7.01, 6.24, 5.72, 5.07, 4.77, 4.89, 4.58, 3.72, 3.55, 3.86, 3.65, 4.07, 5.41, 5.61, 4.84, 4.24, 4.26, 4.01, 3.84, 3.62, 3.24, 3.22, 3.28, 2.64, 2.41, 2.38, 2.26, 1.8, 1.44, 1.8, 2.32, 2.22, 2.25, 2.59, 3.53, 4.28, 4.45, 5.04], [10.61, 10.35, 10.04, 10.66, 11.06, 10.87, 11.28, 11.92, 10.98, 10.58, 10.57, 8.05, 5.23, 4.23, 4.03, 4.09, 4.03, 3.59, 3.32, 3.04, 2.2, 2.16, 2.45, 2.23, 2.13, 2.24, 2.48, 2.55, 2.33, 2.21, 3.13, 3.35, 3.38, 3.11, 1.43, 0.77, 0, 1.05, 1.7, 1.84, 1.94, 2.17, 2.49, 2.42, 3.09, 4.96, 7.12, 7.43, 7.16, 6.49, 5.87, 5.18, 4.94, 5.06, 4.73, 3.85, 3.68, 3.99, 3.78, 4.24, 5.58, 5.78, 4.97, 4.37, 4.39, 4.14, 3.95, 3.73, 3.31, 3.19, 3.27, 2.43, 2.28, 2.47, 2.29, 1.67, 1.37, 1.81, 2.41, 2.29, 2.28, 2.62, 3.68, 4.35, 4.54, 5.07], [10.38, 10.0, 9.39, 10.03, 10.87, 10.7, 11.11, 11.73, 10.77, 10.69, 10.76, 8.24, 5.42, 4.42, 4.2, 4.26, 4.2, 3.78, 3.47, 2.95, 1.87, 1.71, 2.34, 2.1, 1.92, 2.29, 2.79, 2.74, 2.6, 2.5, 3.2, 3.34, 3.41, 3.06, 1.5, 1.16, 1.05, 0, 1.07, 1.07, 1.19, 1.44, 1.72, 1.69, 2.42, 4.83, 7.13, 7.28, 6.59, 6.06, 5.52, 4.55, 4.15, 4.31, 4.12, 3.32, 2.97, 3.38, 3.13, 3.51, 4.79, 5.05, 4.38, 3.76, 3.76, 3.53, 3.42, 3.4, 3.32, 2.84, 3.06, 2.32, 2.43, 2.5, 2.34, 1.66, 1.76, 2.2, 2.7, 2.64, 2.39, 2.79, 3.37, 3.76, 4.39, 4.96], [10.85, 10.29, 9.64, 10.1, 11.22, 11.19, 11.52, 12.24, 11.18, 11.34, 11.39, 8.87, 6.05, 5.05, 4.83, 4.87, 4.81, 4.39, 4.06, 3.5, 2.44, 2.34, 3.05, 2.91, 2.51, 2.96, 3.64, 3.59, 3.45, 3.29, 3.85, 3.97, 4.08, 3.47, 2.23, 1.79, 1.7, 1.07, 0, 0.74, 0.96, 1.17, 1.39, 1.74, 2.55, 5.32, 7.74, 7.71, 7.02, 6.27, 5.69, 4.84, 4.4, 4.26, 4.33, 3.83, 3.4, 3.73, 3.54, 3.66, 4.72, 5.32, 4.83, 3.83, 3.63, 3.48, 3.49, 3.97, 3.95, 3.57, 3.63, 3.05, 3.24, 3.15, 3.11, 2.47, 2.53, 3.01, 3.47, 3.39, 3.12, 3.48, 3.88, 4.33, 4.92, 5.53], [10.63, 10.05, 9.4, 9.84, 10.98, 10.95, 11.28, 11.98, 10.92, 11.12, 11.19, 8.67, 5.85, 4.85, 4.65, 4.69, 4.63, 4.21, 3.88, 3.32, 2.12, 2.08, 2.87, 2.77, 2.39, 2.8, 3.52, 3.47, 3.31, 3.09, 3.73, 3.81, 3.88, 3.29, 2.05, 1.69, 1.84, 1.07, 0.74, 0, 0.74, 0.99, 1.23, 1.44, 2.31, 5.14, 7.54, 7.51, 6.78, 6.05, 5.49, 4.64, 4.08, 3.94, 4.11, 3.57, 3.14, 3.49, 3.32, 3.36, 4.44, 5.02, 4.59, 3.59, 3.47, 3.3, 3.33, 3.75, 3.79, 3.45, 3.55, 2.97, 3.1, 3.01, 2.97, 2.33, 2.47, 2.85, 3.27, 3.17, 2.84, 3.16, 3.68, 4.09, 4.72, 5.33], [10.83, 10.25, 9.58, 10.04, 11.18, 11.13, 11.48, 12.14, 11.12, 11.26, 11.33, 8.81, 5.97, 4.97, 4.75, 4.81, 4.75, 4.33, 4.0, 3.52, 2.18, 2.18, 2.99, 2.87, 2.51, 2.98, 3.68, 3.63, 3.45, 3.23, 3.81, 3.95, 4.02, 3.43, 2.05, 1.85, 1.94, 1.19, 0.96, 0.74, 0, 0.69, 1.21, 1.5, 2.39, 5.26, 7.66, 7.67, 6.9, 6.17, 5.67, 4.8, 4.2, 4.04, 4.19, 3.71, 3.3, 3.61, 3.44, 3.48, 4.4, 5.1, 4.69, 3.69, 3.43, 3.26, 3.33, 3.89, 3.91, 3.61, 3.63, 2.97, 3.18, 3.13, 2.97, 2.51, 2.65, 2.97, 3.35, 3.23, 2.92, 3.32, 3.8, 4.21, 4.86, 5.47], [10.52, 9.94, 9.27, 9.75, 10.87, 10.82, 11.17, 11.85, 10.83, 10.93, 10.996, 8.473, 5.62, 4.6, 4.4, 4.46, 4.4, 3.98, 3.69, 3.25, 2.09, 1.93, 2.7, 2.62, 2.22, 2.71, 3.43, 3.4, 3.22, 3.02, 3.6, 3.72, 3.75, 3.16, 1.92, 2.16, 2.17, 1.44, 1.17, 0.99, 0.69, 0, 0.9, 1.19, 2.1, 4.912, 7.31, 7.34, 6.57, 5.84, 5.34, 4.47, 3.89, 3.73, 3.86, 3.38, 2.95, 3.28, 3.09, 3.17, 4.09, 4.79, 4.36, 3.34, 3.16, 3.07, 3.08, 3.6, 3.56, 3.32, 3.36, 2.74, 2.85, 2.72, 2.7, 2.24, 2.52, 2.78, 3.18, 3.1, 2.79, 3.05, 3.49, 3.88, 4.518, 5.131], [9.92, 9.36, 8.69, 9.17, 10.29, 10.24, 10.59, 11.27, 10.25, 10.39, 10.44, 7.92, 5.12, 4.1, 3.92, 3.92, 3.88, 3.44, 3.15, 2.75, 1.89, 1.71, 2.5, 2.42, 2.1, 2.61, 3.25, 3.26, 3.12, 2.7, 3.12, 3.2, 3.25, 2.7, 1.88, 2.44, 2.49, 1.72, 1.39, 1.23, 1.21, 0.9, 0, 0.95, 1.56, 4.37, 6.79, 6.76, 6.03, 5.3, 4.76, 3.89, 3.35, 3.19, 3.32, 2.8, 2.41, 2.7, 2.53, 2.61, 3.53, 4.23, 3.8, 2.8, 2.62, 2.55, 2.54, 3.08, 3.1, 2.88, 2.94, 2.56, 2.69, 2.54, 2.44, 2.16, 2.7, 2.78, 2.94, 2.84, 2.53, 2.63, 3.01, 3.34, 3.97, 4.58], [9.89, 9.39, 8.74, 9.36, 10.34, 10.23, 10.58, 11.24, 10.24, 10.4, 10.43, 7.89, 5.11, 4.11, 3.87, 3.91, 3.89, 3.45, 3.12, 2.74, 1.88, 1.64, 2.31, 2.27, 1.89, 2.42, 3.04, 3.11, 3.03, 2.61, 2.97, 3.07, 3.06, 2.61, 1.81, 2.29, 2.42, 1.69, 1.74, 1.44, 1.5, 1.19, 0.95, 0, 1.49, 4.36, 6.78, 6.69, 6.0, 5.43, 4.83, 3.9, 3.38, 3.4, 3.35, 2.73, 2.36, 2.65, 2.56, 2.66, 3.74, 4.26, 3.77, 2.89, 2.89, 2.66, 2.63, 2.99, 3.03, 2.73, 2.81, 2.29, 2.46, 2.37, 2.37, 1.99, 2.49, 2.55, 2.77, 2.53, 2.28, 2.5, 2.9, 3.31, 3.94, 4.55], [8.66, 8.12, 7.47, 8.13, 9.05, 8.98, 9.35, 10.03, 8.99, 9.13, 9.14, 6.6, 3.88, 3.08, 2.56, 2.72, 2.82, 2.58, 2.37, 2.17, 1.85, 1.61, 2.2, 2.2, 1.96, 2.43, 2.87, 3.08, 2.96, 2.56, 2.36, 2.26, 2.31, 1.88, 2.06, 3.02, 3.09, 2.42, 2.55, 2.31, 2.39, 2.1, 1.56, 1.49, 0, 2.97, 5.37, 5.36, 4.65, 4.18, 3.58, 2.65, 2.23, 2.15, 2.08, 1.72, 1.39, 1.58, 1.55, 1.51, 2.67, 3.01, 2.44, 1.62, 1.68, 1.55, 1.48, 1.84, 2.06, 1.92, 2.06, 2.22, 2.37, 2.1, 2.18, 2.14, 2.84, 2.82, 2.68, 2.4, 2.13, 2.01, 1.69, 2.06, 2.61, 3.24], [6.17, 5.99, 5.68, 6.22, 6.68, 6.47, 6.88, 7.48, 6.56, 6.34, 6.33, 3.95, 2.55, 2.51, 1.87, 2.13, 2.47, 2.67, 2.42, 2.54, 3.36, 3.64, 3.35, 3.39, 3.49, 3.6, 3.74, 3.83, 3.73, 3.25, 2.75, 2.53, 2.78, 2.71, 3.77, 4.81, 4.96, 4.83, 5.32, 5.14, 5.26, 4.912, 4.37, 4.36, 2.97, 0, 2.76, 3.03, 3.0, 2.95, 2.45, 2.0, 2.04, 2.04, 1.65, 1.93, 2.14, 1.85, 2.08, 2.06, 1.96, 1.96, 1.61, 2.25, 2.35, 2.44, 2.13, 1.75, 2.11, 2.57, 2.75, 3.17, 3.32, 3.01, 3.01, 3.73, 4.23, 3.89, 3.25, 3.47, 3.18, 2.64, 1.9, 1.87, 1.4, 1.31], [3.95, 3.73, 3.58, 4.1, 4.32, 4.05, 4.48, 5.1, 4.3, 3.88, 3.87, 2.61, 3.69, 4.37, 3.87, 4.11, 4.39, 4.65, 4.42, 4.42, 5.68, 6.04, 5.87, 5.71, 5.75, 5.88, 5.74, 5.87, 5.95, 5.41, 4.37, 4.19, 4.68, 4.77, 5.87, 6.83, 7.12, 7.13, 7.74, 7.54, 7.66, 7.31, 6.79, 6.78, 5.37, 2.76, 0, 1.27, 1.56, 1.83, 2.25, 3.04, 3.6, 3.92, 3.59, 4.15, 4.54, 4.23, 4.36, 4.4, 3.58, 2.76, 3.21, 4.13, 4.45, 4.66, 4.57, 4.13, 4.23, 4.55, 4.63, 5.65, 5.56, 4.91, 5.13, 5.99, 6.37, 5.97, 5.31, 5.65, 5.58, 4.78, 4.02, 3.57, 3.06, 2.65], [3.7, 3.58, 3.69, 3.91, 3.91, 3.72, 4.09, 4.75, 3.79, 3.93, 3.92, 2.54, 3.86, 4.6, 4.2, 4.32, 4.34, 4.86, 4.69, 4.73, 5.77, 6.19, 6.08, 6.04, 5.94, 6.07, 6.11, 6.14, 6.34, 5.8, 4.62, 4.26, 4.69, 4.76, 6.14, 7.12, 7.43, 7.28, 7.71, 7.51, 7.67, 7.34, 6.76, 6.69, 5.36, 3.03, 1.27, 0, 1.17, 1.6, 2.12, 2.97, 3.55, 3.81, 3.6, 4.14, 4.51, 4.2, 4.43, 4.35, 3.59, 2.75, 3.16, 4.06, 4.38, 4.55, 4.54, 4.2, 4.5, 4.74, 4.68, 5.92, 5.95, 5.28, 5.4, 6.32, 6.76, 6.44, 5.72, 6.14, 5.95, 5.03, 4.25, 3.84, 3.35, 3.04], [4.159, 3.71, 3.32, 3.74, 4.614, 4.499, 4.874, 5.512, 4.534, 4.568, 4.615, 3.37, 4.13, 4.73, 4.21, 4.49, 4.67, 4.97, 4.72, 4.4, 5.22, 5.52, 5.59, 5.63, 5.35, 5.76, 5.9, 5.81, 6.03, 5.67, 4.65, 4.27, 4.8, 4.81, 5.99, 7.01, 7.16, 6.59, 7.02, 6.78, 6.9, 6.57, 6.03, 6.0, 4.65, 3.0, 1.56, 1.17, 0, 1.23, 1.97, 2.4, 2.78, 3.14, 2.83, 3.57, 3.84, 3.59, 3.76, 3.72, 3.12, 2.36, 2.53, 3.37, 3.67, 3.88, 3.79, 3.85, 4.23, 4.19, 4.27, 5.37, 5.7, 5.09, 5.13, 5.93, 6.63, 6.33, 5.67, 5.99, 5.68, 4.82, 3.8, 3.17, 3.08, 2.93], [4.8, 4.22, 3.85, 4.35, 5.124, 5.029, 5.382, 6.064, 5.068, 5.181, 5.265, 3.56, 3.78, 4.22, 3.76, 4.06, 4.3, 4.6, 4.21, 3.93, 4.75, 5.07, 5.22, 5.22, 4.92, 5.27, 5.35, 5.48, 5.58, 5.18, 4.14, 3.78, 4.31, 4.16, 5.26, 6.24, 6.49, 6.06, 6.27, 6.05, 6.17, 5.84, 5.3, 5.43, 4.18, 2.95, 1.83, 1.6, 1.23, 0, 1.24, 2.01, 2.21, 2.49, 2.52, 3.22, 3.63, 3.34, 3.41, 3.31, 2.61, 2.05, 2.44, 2.92, 2.98, 3.25, 3.38, 3.52, 3.74, 3.94, 4.02, 4.98, 5.11, 4.46, 4.6, 5.38, 5.94, 5.66, 5.06, 5.4, 5.17, 4.23, 3.51, 2.9, 2.83, 2.68], [5.338, 4.838, 4.51, 5.01, 5.684, 5.612, 5.942, 6.633, 5.628, 5.801, 5.828, 3.46, 3.48, 3.86, 3.34, 3.76, 4.04, 4.12, 3.87, 3.47, 4.25, 4.59, 4.64, 4.6, 4.44, 4.79, 4.83, 5.22, 5.2, 4.82, 3.82, 3.5, 4.01, 3.84, 4.74, 5.72, 5.87, 5.52, 5.69, 5.49, 5.67, 5.34, 4.76, 4.83, 3.58, 2.45, 2.25, 2.12, 1.97, 1.24, 0, 1.13, 1.73, 1.89, 2.16, 2.8, 2.91, 2.62, 2.87, 2.67, 1.97, 1.57, 2.2, 2.6, 2.58, 2.81, 3.18, 3.18, 3.44, 3.76, 3.92, 4.6, 4.45, 4.06, 4.2, 4.82, 5.48, 5.22, 4.78, 4.92, 4.67, 3.77, 2.91, 2.28, 2.11, 2.02], [6.122, 5.622, 5.067, 5.721, 6.537, 6.444, 6.814, 7.497, 6.457, 6.614, 6.641, 4.21, 3.43, 3.57, 2.93, 3.41, 3.73, 3.81, 3.58, 3.2, 3.5, 3.82, 4.07, 3.99, 3.87, 4.34, 4.42, 4.83, 4.73, 4.35, 3.59, 3.27, 3.68, 3.51, 4.11, 5.07, 5.18, 4.55, 4.84, 4.64, 4.8, 4.47, 3.89, 3.9, 2.65, 2.0, 3.04, 2.97, 2.4, 2.01, 1.13, 0, 0.94, 1.44, 1.49, 2.17, 2.1, 1.85, 2.08, 2.02, 1.46, 1.48, 1.75, 2.19, 2.17, 2.38, 2.59, 2.57, 2.97, 3.27, 3.53, 4.03, 4.04, 3.77, 3.79, 4.23, 4.93, 4.81, 4.41, 4.51, 4.16, 3.44, 2.3, 1.87, 1.78, 1.97], [6.682, 6.153, 5.518, 6.135, 7.08, 6.982, 7.334, 7.997, 6.98, 7.134, 7.198, 4.775, 3.35, 3.41, 2.73, 3.17, 3.51, 3.63, 3.36, 3.04, 3.1, 3.28, 3.69, 3.73, 3.61, 4.04, 4.14, 4.59, 4.47, 4.07, 3.39, 3.09, 3.46, 3.17, 3.81, 4.77, 4.94, 4.15, 4.4, 4.08, 4.2, 3.89, 3.35, 3.38, 2.23, 2.04, 3.6, 3.55, 2.78, 2.21, 1.73, 0.94, 0, 1.0, 1.17, 1.79, 1.72, 1.55, 1.74, 1.7, 1.3, 1.58, 1.45, 1.83, 1.77, 1.94, 2.17, 2.29, 2.71, 2.99, 3.33, 3.75, 3.78, 3.51, 3.53, 3.93, 4.63, 4.49, 4.07, 4.19, 3.84, 3.2, 2.04, 1.63, 1.8, 2.07], [6.882, 6.324, 5.674, 6.112, 7.274, 7.213, 7.514, 8.206, 7.172, 7.414, 7.478, 5.05, 3.11, 3.15, 2.57, 2.99, 3.23, 3.43, 3.04, 2.64, 3.0, 3.22, 3.51, 3.59, 3.41, 3.86, 4.0, 4.27, 4.19, 3.93, 3.11, 2.73, 3.14, 2.91, 3.91, 4.89, 5.06, 4.31, 4.26, 3.94, 4.04, 3.73, 3.19, 3.4, 2.15, 2.04, 3.92, 3.81, 3.14, 2.49, 1.89, 1.44, 1.0, 0, 0.93, 1.65, 1.84, 1.55, 1.76, 1.32, 1.24, 1.52, 1.25, 1.31, 1.13, 1.28, 1.67, 2.01, 2.43, 2.65, 2.97, 3.51, 3.64, 3.21, 3.27, 3.91, 4.63, 4.35, 3.89, 4.05, 3.76, 2.92, 1.9, 1.47, 1.66, 1.99], [6.812, 6.346, 5.77, 6.339, 7.244, 7.152, 7.522, 8.164, 7.164, 7.221, 7.248, 4.78, 2.68, 2.68, 2.1, 2.46, 2.66, 2.78, 2.51, 2.25, 2.71, 2.93, 3.16, 3.24, 3.04, 3.39, 3.53, 3.76, 3.72, 3.38, 2.54, 2.2, 2.61, 2.54, 3.56, 4.58, 4.73, 4.12, 4.33, 4.11, 4.19, 3.86, 3.32, 3.35, 2.08, 1.65, 3.59, 3.6, 2.83, 2.52, 2.16, 1.49, 1.17, 0.93, 0, 1.24, 1.53, 1.28, 1.41, 1.37, 1.43, 1.57, 0.82, 1.14, 1.3, 1.47, 1.28, 1.54, 1.9, 2.12, 2.42, 3.02, 3.31, 2.8, 2.8, 3.5, 4.2, 3.92, 3.32, 3.62, 3.29, 2.55, 1.53, 1.28, 1.39, 1.72], [7.3, 7.0, 6.43, 7.05, 7.83, 7.654, 8.024, 8.664, 7.724, 7.738, 7.765, 5.34, 2.82, 2.6, 2.06, 2.24, 2.42, 2.26, 2.03, 1.69, 1.97, 2.17, 2.36, 2.4, 2.36, 2.59, 2.73, 2.98, 2.92, 2.56, 1.96, 1.66, 2.01, 1.96, 2.74, 3.72, 3.85, 3.32, 3.83, 3.57, 3.71, 3.38, 2.8, 2.73, 1.72, 1.93, 4.15, 4.14, 3.57, 3.22, 2.8, 2.17, 1.79, 1.65, 1.24, 0, 0.95, 0.86, 0.77, 1.17, 2.09, 2.15, 1.36, 1.32, 1.46, 1.51, 1.26, 1.24, 1.4, 1.48, 1.8, 2.24, 2.47, 1.98, 1.96, 2.64, 3.34, 3.06, 2.54, 2.78, 2.43, 1.85, 1.45, 1.56, 1.65, 2.02], [7.75, 7.33, 6.72, 7.38, 8.22, 8.09, 8.46, 9.12, 8.12, 8.185, 8.23, 5.77, 3.39, 2.81, 2.29, 2.53, 2.71, 2.55, 2.44, 2.2, 2.02, 2.06, 2.41, 2.41, 2.35, 2.74, 2.98, 3.27, 3.15, 2.77, 2.51, 2.29, 2.54, 2.33, 2.65, 3.55, 3.68, 2.97, 3.4, 3.14, 3.3, 2.95, 2.41, 2.36, 1.39, 2.14, 4.54, 4.51, 3.84, 3.63, 2.91, 2.1, 1.72, 1.84, 1.53, 0.95, 0, 0.55, 0.78, 1.02, 2.06, 2.26, 1.73, 1.59, 1.69, 1.54, 1.49, 1.55, 1.85, 1.87, 2.09, 2.41, 2.48, 2.31, 2.33, 2.57, 3.33, 3.19, 2.93, 2.85, 2.52, 2.18, 1.6, 1.67, 1.94, 2.35], [7.36, 6.94, 6.31, 6.99, 7.81, 7.7, 8.07, 8.71, 7.71, 7.815, 7.86, 5.46, 3.24, 2.9, 2.24, 2.6, 2.82, 2.66, 2.53, 2.25, 2.19, 2.27, 2.6, 2.66, 2.5, 2.93, 3.17, 3.48, 3.36, 2.98, 2.6, 2.36, 2.59, 2.4, 2.88, 3.86, 3.99, 3.38, 3.73, 3.49, 3.61, 3.28, 2.7, 2.65, 1.58, 1.85, 4.23, 4.2, 3.59, 3.34, 2.62, 1.85, 1.55, 1.55, 1.28, 0.86, 0.55, 0, 0.59, 0.81, 1.69, 1.87, 1.54, 1.56, 1.58, 1.51, 1.42, 1.44, 1.82, 1.98, 2.3, 2.66, 2.69, 2.46, 2.48, 2.9, 3.6, 3.4, 3.1, 3.1, 2.79, 2.23, 1.69, 1.64, 1.75, 2.02], [7.49, 7.09, 6.46, 7.14, 7.96, 7.83, 8.2, 8.86, 7.88, 7.885, 7.95, 5.57, 3.07, 2.69, 2.27, 2.45, 2.59, 2.43, 2.24, 1.94, 1.86, 2.08, 2.37, 2.39, 2.31, 2.7, 2.84, 3.19, 3.09, 2.73, 2.23, 2.01, 2.28, 2.25, 2.67, 3.65, 3.78, 3.13, 3.54, 3.32, 3.44, 3.09, 2.53, 2.56, 1.55, 2.08, 4.36, 4.43, 3.76, 3.41, 2.87, 2.08, 1.74, 1.76, 1.41, 0.77, 0.78, 0.59, 0, 1.0, 1.92, 2.08, 1.61, 1.41, 1.49, 1.58, 1.45, 1.39, 1.63, 1.71, 2.01, 2.39, 2.46, 2.13, 2.15, 2.67, 3.35, 3.19, 2.77, 2.91, 2.56, 1.92, 1.5, 1.63, 1.7, 2.13], [7.41, 6.87, 6.22, 6.74, 7.82, 7.73, 8.08, 8.72, 7.7, 7.92, 7.99, 5.59, 3.31, 2.83, 2.33, 2.49, 2.75, 2.65, 2.46, 2.42, 2.38, 2.44, 2.81, 2.79, 2.59, 3.08, 3.4, 3.59, 3.47, 3.21, 2.75, 2.51, 2.66, 2.33, 3.09, 4.07, 4.24, 3.51, 3.66, 3.36, 3.48, 3.17, 2.61, 2.66, 1.51, 2.06, 4.4, 4.35, 3.72, 3.31, 2.67, 2.02, 1.7, 1.32, 1.37, 1.17, 1.02, 0.81, 1.0, 0, 1.48, 1.8, 1.65, 1.47, 1.43, 1.26, 1.33, 1.61, 2.03, 2.25, 2.49, 2.79, 2.94, 2.57, 2.57, 3.09, 3.85, 3.57, 3.31, 3.31, 2.94, 2.3, 1.84, 1.69, 1.84, 2.13], [6.55, 5.97, 5.3, 5.74, 6.92, 6.85, 7.2, 7.82, 6.82, 7.04, 7.13, 4.79, 3.77, 3.83, 3.19, 3.63, 3.89, 3.95, 3.72, 3.3, 3.58, 3.76, 4.09, 4.15, 3.95, 4.46, 4.5, 4.93, 4.83, 4.47, 3.65, 3.37, 3.8, 3.59, 4.45, 5.41, 5.58, 4.79, 4.72, 4.44, 4.4, 4.09, 3.53, 3.74, 2.67, 1.96, 3.58, 3.59, 3.12, 2.61, 1.97, 1.46, 1.3, 1.24, 1.43, 2.09, 2.06, 1.69, 1.92, 1.48, 0, 0.96, 1.73, 2.05, 1.85, 2.0, 2.23, 2.55, 3.03, 3.29, 3.61, 4.11, 4.22, 3.85, 3.89, 4.47, 5.19, 4.93, 4.47, 4.63, 4.3, 3.5, 2.34, 1.99, 1.88, 1.85], [5.77, 5.31, 4.66, 5.32, 6.16, 6.07, 6.44, 7.1, 6.06, 6.26, 6.35, 4.01, 3.33, 3.75, 3.27, 3.65, 3.83, 3.95, 3.66, 3.16, 3.68, 3.96, 4.19, 4.29, 4.05, 4.56, 4.62, 4.85, 4.83, 4.59, 3.57, 3.27, 3.78, 3.63, 4.63, 5.61, 5.78, 5.05, 5.32, 5.02, 5.1, 4.79, 4.23, 4.26, 3.01, 1.96, 2.76, 2.75, 2.36, 2.05, 1.57, 1.48, 1.58, 1.52, 1.57, 2.15, 2.26, 1.87, 2.08, 1.8, 0.96, 0, 1.53, 1.97, 2.17, 2.4, 2.59, 2.61, 3.07, 3.19, 3.47, 4.21, 4.36, 3.81, 3.91, 4.61, 5.33, 5.05, 4.53, 4.75, 4.44, 3.56, 2.5, 1.89, 1.76, 1.57], [6.34, 5.98, 5.53, 6.03, 6.85, 6.68, 7.09, 7.73, 6.77, 6.75, 6.779, 4.28, 2.5, 2.72, 2.32, 2.5, 2.58, 2.88, 2.55, 2.23, 2.95, 3.25, 3.32, 3.42, 3.22, 3.65, 3.71, 3.62, 3.86, 3.52, 2.54, 2.1, 2.61, 2.68, 3.82, 4.84, 4.97, 4.38, 4.83, 4.59, 4.69, 4.36, 3.8, 3.77, 2.44, 1.61, 3.21, 3.16, 2.53, 2.44, 2.2, 1.75, 1.45, 1.25, 0.82, 1.36, 1.73, 1.54, 1.61, 1.65, 1.73, 1.53, 0, 1.28, 1.54, 1.75, 1.62, 1.74, 1.98, 1.92, 2.28, 3.2, 3.49, 2.92, 2.96, 3.74, 4.46, 4.18, 3.46, 3.84, 3.49, 2.67, 1.71, 1.16, 1.21, 1.58], [7.28, 6.72, 6.15, 6.75, 7.63, 7.62, 7.95, 8.67, 7.61, 7.79, 7.819, 5.28, 2.6, 2.44, 2.14, 2.4, 2.5, 2.68, 2.27, 1.97, 2.35, 2.53, 2.74, 2.86, 2.58, 3.03, 3.19, 3.3, 3.34, 3.04, 2.12, 1.84, 2.31, 2.18, 3.2, 4.24, 4.37, 3.76, 3.83, 3.59, 3.69, 3.34, 2.8, 2.89, 1.62, 2.25, 4.13, 4.06, 3.37, 2.92, 2.6, 2.19, 1.83, 1.31, 1.14, 1.32, 1.59, 1.56, 1.41, 1.47, 2.05, 1.97, 1.28, 0, 0.8, 0.89, 1.16, 1.54, 1.82, 1.72, 1.88, 2.66, 2.91, 2.34, 2.4, 3.14, 3.86, 3.58, 3.04, 3.26, 2.91, 2.07, 1.35, 1.22, 1.67, 2.1], [7.56, 7.0, 6.33, 6.81, 7.95, 7.88, 8.23, 8.93, 7.89, 8.09, 8.119, 5.58, 3.02, 2.78, 2.3, 2.58, 2.72, 2.96, 2.53, 2.19, 2.51, 2.63, 2.82, 2.9, 2.62, 3.13, 3.29, 3.44, 3.44, 3.18, 2.34, 2.06, 2.49, 2.3, 3.26, 4.26, 4.39, 3.76, 3.63, 3.47, 3.43, 3.16, 2.62, 2.89, 1.68, 2.35, 4.45, 4.38, 3.67, 2.98, 2.58, 2.17, 1.77, 1.13, 1.3, 1.46, 1.69, 1.58, 1.49, 1.43, 1.85, 2.17, 1.54, 0.8, 0, 0.61, 1.02, 1.76, 1.96, 1.86, 2.16, 2.76, 2.97, 2.48, 2.52, 3.18, 3.9, 3.64, 3.16, 3.32, 3.01, 2.27, 1.53, 1.52, 1.73, 2.3], [7.75, 7.21, 6.56, 7.02, 8.16, 8.11, 8.4, 9.14, 8.1, 8.32, 8.35, 5.81, 3.17, 2.79, 2.27, 2.49, 2.65, 2.89, 2.5, 2.18, 2.38, 2.38, 2.51, 2.65, 2.41, 2.92, 3.1, 3.27, 3.25, 2.97, 2.29, 2.03, 2.48, 2.25, 3.05, 4.01, 4.14, 3.53, 3.48, 3.3, 3.26, 3.07, 2.55, 2.66, 1.55, 2.44, 4.66, 4.55, 3.88, 3.25, 2.81, 2.38, 1.94, 1.28, 1.47, 1.51, 1.54, 1.51, 1.58, 1.26, 2.0, 2.4, 1.75, 0.89, 0.61, 0, 0.99, 1.75, 1.99, 1.77, 1.99, 2.59, 2.8, 2.45, 2.39, 2.97, 3.73, 3.43, 3.05, 3.09, 2.84, 2.24, 1.6, 1.53, 1.96, 2.53], [7.8, 7.3, 6.73, 7.15, 8.23, 8.14, 8.51, 9.15, 8.15, 8.17, 8.18, 5.64, 2.98, 2.5, 1.94, 2.08, 2.24, 2.36, 2.01, 1.95, 2.13, 2.25, 2.4, 2.46, 2.24, 2.63, 2.95, 2.94, 2.92, 2.54, 2.06, 1.84, 2.09, 1.88, 2.88, 3.84, 3.95, 3.42, 3.49, 3.33, 3.33, 3.08, 2.54, 2.63, 1.48, 2.13, 4.57, 4.54, 3.79, 3.38, 3.18, 2.59, 2.17, 1.67, 1.28, 1.26, 1.49, 1.42, 1.45, 1.33, 2.23, 2.59, 1.62, 1.16, 1.02, 0.99, 0, 1.12, 1.38, 1.54, 1.66, 2.22, 2.61, 2.1, 2.1, 2.78, 3.42, 3.16, 2.54, 2.82, 2.47, 1.87, 1.41, 1.56, 1.95, 2.5], [7.4, 7.12, 6.77, 7.27, 7.83, 7.66, 8.07, 8.71, 7.75, 7.55, 7.48, 4.94, 2.34, 2.02, 1.54, 1.72, 1.9, 1.88, 1.61, 1.65, 2.09, 2.27, 2.28, 2.36, 2.3, 2.55, 2.77, 2.82, 2.8, 2.26, 1.76, 1.7, 1.87, 1.8, 2.66, 3.62, 3.73, 3.4, 3.97, 3.75, 3.89, 3.6, 3.08, 2.99, 1.84, 1.75, 4.13, 4.2, 3.85, 3.52, 3.18, 2.57, 2.29, 2.01, 1.54, 1.24, 1.55, 1.44, 1.39, 1.61, 2.55, 2.61, 1.74, 1.54, 1.76, 1.75, 1.12, 0, 1.18, 1.56, 1.52, 2.08, 2.37, 1.96, 1.92, 2.5, 3.12, 2.76, 2.12, 2.56, 2.21, 1.61, 1.29, 1.46, 1.71, 2.14], [7.62, 7.42, 7.13, 7.63, 8.17, 7.94, 8.37, 8.99, 8.05, 7.57, 7.48, 4.96, 2.42, 2.14, 1.7, 1.66, 1.8, 1.82, 1.39, 1.57, 1.97, 2.29, 2.2, 2.16, 2.2, 2.33, 2.27, 2.26, 2.28, 1.9, 1.62, 1.38, 1.51, 1.6, 2.4, 3.24, 3.31, 3.32, 3.95, 3.79, 3.91, 3.56, 3.1, 3.03, 2.06, 2.11, 4.23, 4.5, 4.23, 3.74, 3.44, 2.97, 2.71, 2.43, 1.9, 1.4, 1.85, 1.82, 1.63, 2.03, 3.03, 3.07, 1.98, 1.82, 1.96, 1.99, 1.38, 1.18, 0, 1.08, 1.38, 1.94, 1.85, 1.48, 1.42, 2.3, 2.64, 2.32, 1.62, 2.06, 1.87, 1.29, 1.41, 1.76, 1.85, 2.28], [7.9, 7.6, 7.13, 7.71, 8.43, 8.24, 8.65, 9.29, 8.33, 8.11, 8.14, 5.64, 3.0, 2.7, 2.36, 2.32, 2.28, 2.2, 1.87, 1.55, 1.79, 1.87, 1.74, 1.74, 1.68, 1.97, 2.03, 1.84, 2.08, 1.86, 1.44, 1.32, 1.71, 1.88, 2.46, 3.22, 3.19, 2.84, 3.57, 3.45, 3.61, 3.32, 2.88, 2.73, 1.92, 2.57, 4.55, 4.74, 4.19, 3.94, 3.76, 3.27, 2.99, 2.65, 2.12, 1.48, 1.87, 1.98, 1.71, 2.25, 3.29, 3.19, 1.92, 1.72, 1.86, 1.77, 1.54, 1.56, 1.08, 0, 0.88, 1.58, 1.81, 1.38, 1.34, 1.98, 2.62, 2.4, 1.82, 2.26, 2.03, 1.61, 1.61, 1.88, 2.07, 2.72], [7.96, 7.58, 7.31, 7.77, 8.39, 8.28, 8.65, 9.31, 8.31, 8.19, 8.12, 5.54, 2.96, 2.44, 2.38, 2.26, 2.16, 2.02, 1.81, 1.51, 1.83, 1.85, 1.76, 1.72, 1.58, 1.91, 2.13, 1.94, 2.12, 1.72, 1.36, 1.42, 1.69, 1.88, 2.48, 3.28, 3.27, 3.06, 3.63, 3.55, 3.63, 3.36, 2.94, 2.81, 2.06, 2.75, 4.63, 4.68, 4.27, 4.02, 3.92, 3.53, 3.33, 2.97, 2.42, 1.8, 2.09, 2.3, 2.01, 2.49, 3.61, 3.47, 2.28, 1.88, 2.16, 1.99, 1.66, 1.52, 1.38, 0.88, 0, 1.42, 1.81, 1.52, 1.44, 1.94, 2.58, 2.26, 1.68, 2.14, 1.95, 1.61, 1.81, 2.02, 2.25, 2.94], [9.16, 8.82, 8.39, 8.97, 9.67, 9.5, 9.91, 10.55, 9.59, 9.37, 9.28, 6.7, 3.9, 2.96, 2.76, 2.68, 2.66, 2.3, 2.05, 1.67, 1.47, 1.21, 0.92, 0.88, 1.06, 1.01, 1.33, 1.28, 1.04, 1.14, 1.76, 2.1, 2.15, 2.18, 1.92, 2.64, 2.43, 2.32, 3.05, 2.97, 2.97, 2.74, 2.56, 2.29, 2.22, 3.17, 5.65, 5.92, 5.37, 4.98, 4.6, 4.03, 3.75, 3.51, 3.02, 2.24, 2.41, 2.66, 2.39, 2.79, 4.11, 4.21, 3.2, 2.66, 2.76, 2.59, 2.22, 2.08, 1.94, 1.58, 1.42, 0, 0.91, 1.32, 1.12, 1.16, 1.7, 1.38, 1.4, 1.6, 1.35, 1.49, 2.23, 2.8, 2.99, 3.52], [9.23, 9.01, 8.68, 9.3, 9.7, 9.47, 9.9, 10.48, 9.6, 9.14, 8.99, 6.37, 3.53, 2.55, 2.55, 2.53, 2.47, 2.01, 1.8, 1.68, 1.52, 1.28, 1.13, 0.97, 1.25, 1.08, 1.1, 1.33, 1.05, 1.15, 1.73, 1.91, 1.88, 2.03, 1.75, 2.41, 2.28, 2.43, 3.24, 3.1, 3.18, 2.85, 2.69, 2.46, 2.37, 3.32, 5.56, 5.95, 5.7, 5.11, 4.45, 4.04, 3.78, 3.64, 3.31, 2.47, 2.48, 2.69, 2.46, 2.94, 4.22, 4.36, 3.49, 2.91, 2.97, 2.8, 2.61, 2.37, 1.85, 1.81, 1.81, 0.91, 0, 1.03, 0.99, 1.11, 1.47, 1.17, 1.17, 1.29, 1.12, 1.26, 2.1, 2.85, 2.94, 3.47], [8.52, 8.32, 8.01, 8.63, 8.91, 8.62, 9.05, 9.67, 8.87, 8.51, 8.52, 5.993, 3.16, 2.34, 2.22, 2.22, 2.26, 1.8, 1.39, 1.45, 1.37, 1.43, 1.48, 1.36, 1.32, 1.27, 1.33, 1.54, 1.46, 1.3, 1.3, 1.4, 1.41, 1.22, 1.62, 2.38, 2.47, 2.5, 3.15, 3.01, 3.13, 2.72, 2.54, 2.37, 2.1, 3.01, 4.91, 5.28, 5.09, 4.46, 4.06, 3.77, 3.51, 3.21, 2.8, 1.98, 2.31, 2.46, 2.13, 2.57, 3.85, 3.81, 2.92, 2.34, 2.48, 2.45, 2.1, 1.96, 1.48, 1.38, 1.52, 1.32, 1.03, 0, 0.58, 1.38, 1.74, 1.4, 1.1, 1.48, 1.35, 1.11, 1.87, 2.64, 2.71, 3.26], [8.58, 8.44, 8.11, 8.69, 9.13, 8.9, 9.33, 9.95, 9.01, 8.69, 8.719, 6.176, 3.34, 2.48, 2.32, 2.3, 2.28, 1.86, 1.45, 1.51, 1.25, 1.27, 1.3, 1.08, 1.2, 1.07, 1.23, 1.24, 1.18, 1.04, 1.26, 1.38, 1.43, 1.46, 1.54, 2.26, 2.29, 2.34, 3.11, 2.97, 2.97, 2.7, 2.44, 2.37, 2.18, 3.01, 5.13, 5.4, 5.13, 4.6, 4.2, 3.79, 3.53, 3.27, 2.8, 1.96, 2.33, 2.48, 2.15, 2.57, 3.89, 3.91, 2.96, 2.4, 2.52, 2.39, 2.1, 1.92, 1.42, 1.34, 1.44, 1.12, 0.99, 0.58, 0, 1.16, 1.58, 1.32, 0.98, 1.52, 1.19, 1.03, 1.91, 2.7, 2.79, 3.28], [9.54, 9.3, 8.91, 9.53, 10.07, 9.88, 10.29, 10.93, 9.97, 9.75, 9.68, 7.08, 4.2, 3.2, 3.1, 3.1, 3.04, 2.66, 2.27, 1.81, 1.41, 1.13, 1.22, 1.0, 0.92, 0.89, 1.47, 1.42, 1.22, 1.3, 2.08, 2.36, 2.45, 2.14, 1.28, 1.8, 1.67, 1.66, 2.47, 2.33, 2.51, 2.24, 2.16, 1.99, 2.14, 3.73, 5.99, 6.32, 5.93, 5.38, 4.82, 4.23, 3.93, 3.91, 3.5, 2.64, 2.57, 2.9, 2.67, 3.09, 4.47, 4.61, 3.74, 3.14, 3.18, 2.97, 2.78, 2.5, 2.3, 1.98, 1.94, 1.16, 1.11, 1.38, 1.16, 0, 0.94, 0.98, 1.5, 1.42, 1.27, 1.79, 2.43, 3.12, 3.25, 3.9], [10.02, 9.82, 9.59, 10.19, 10.45, 10.22, 10.65, 11.23, 10.37, 9.83, 9.76, 7.2, 4.34, 3.34, 3.2, 3.22, 3.16, 2.74, 2.37, 2.37, 1.81, 1.63, 1.8, 1.58, 1.52, 1.41, 1.51, 1.6, 1.44, 1.36, 2.4, 2.58, 2.61, 2.36, 1.26, 1.44, 1.37, 1.76, 2.53, 2.47, 2.65, 2.52, 2.7, 2.49, 2.84, 4.23, 6.37, 6.76, 6.63, 5.94, 5.48, 4.93, 4.63, 4.63, 4.2, 3.34, 3.33, 3.6, 3.35, 3.85, 5.19, 5.33, 4.46, 3.86, 3.9, 3.73, 3.42, 3.12, 2.64, 2.62, 2.58, 1.7, 1.47, 1.74, 1.58, 0.94, 0, 0.78, 1.46, 1.36, 1.55, 2.03, 3.05, 3.9, 3.91, 4.5], [9.72, 9.52, 9.31, 9.89, 10.11, 9.84, 10.27, 10.87, 10.05, 9.43, 9.32, 6.68, 3.8, 2.8, 2.8, 2.74, 2.68, 2.28, 1.93, 2.03, 1.89, 1.49, 1.48, 1.32, 1.3, 1.11, 1.33, 1.48, 1.22, 1.12, 2.02, 2.28, 2.23, 2.06, 1.42, 1.8, 1.81, 2.2, 3.01, 2.85, 2.97, 2.78, 2.78, 2.55, 2.82, 3.89, 5.97, 6.44, 6.33, 5.66, 5.22, 4.81, 4.49, 4.35, 3.92, 3.06, 3.19, 3.4, 3.19, 3.57, 4.93, 5.05, 4.18, 3.58, 3.64, 3.43, 3.16, 2.76, 2.32, 2.4, 2.26, 1.38, 1.17, 1.4, 1.32, 0.98, 0.78, 0, 1.02, 1.0, 1.17, 1.67, 2.77, 3.6, 3.61, 4.14], [8.96, 8.76, 8.67, 9.13, 9.33, 9.06,