[[0, 0.91, 1.2, 1.09, 1.97, 2.72, 2.66, 2.52, 3.1, 3.1, 3.08, 3.11, 3.81, 5.757, 7.09, 7.24, 6.95, 6.61, 6.93, 7.46, 8.08, 8.06, 8.18, 9.711, 10.468, 10.349, 10.147, 9.832, 9.328, 9.299, 9.248, 9.55, 10.58, 11.01, 10.82, 10.05, 10.07, 10.03, 9.12, 9.08, 10.452, 11.171, 11.257, 11.019, 11.042, 11.172, 10.79, 9.462, 8.47, 8.862, 9.022, 8.697, 9.032, 9.16, 9.06, 9.16, 8.976, 8.406, 8.17, 8.01, 7.91, 7.97, 8.47, 8.75, 9.181, 9.533, 9.152, 8.832, 8.05, 7.04, 6.34, 6.87, 7.55, 7.78, 8.24, 8.12, 7.9, 7.72, 8.21, 8.74, 9.03, 8.38, 7.74, 7.39, 7.02, 7.34], [0.91, 0, 1.37, 1.32, 2.12, 2.97, 2.87, 2.59, 3.03, 3.23, 3.27, 3.1, 4.06, 6.058, 7.371, 7.51, 7.26, 6.92, 7.26, 7.77, 8.25, 8.15, 8.35, 9.932, 10.749, 10.675, 10.367, 10.067, 9.669, 9.649, 9.626, 9.9, 10.93, 11.36, 11.25, 10.46, 10.2, 10.12, 9.21, 9.19, 10.833, 11.471, 11.603, 11.403, 11.331, 11.461, 11.145, 9.796, 8.841, 9.243, 9.417, 9.087, 9.424, 9.523, 9.423, 9.546, 9.341, 8.771, 8.536, 8.42, 8.305, 8.365, 8.865, 9.145, 9.585, 9.938, 9.536, 9.196, 8.436, 7.39, 6.65, 7.18, 7.84, 8.13, 8.61, 8.45, 8.23, 8.05, 8.52, 9.05, 9.36, 8.71, 8.09, 7.74, 7.35, 7.69], [1.2, 1.37, 0, 1.31, 1.49, 2.04, 1.98, 2.12, 2.46, 2.34, 2.38, 2.35, 3.11, 5.106, 6.39, 6.52, 6.21, 5.91, 6.27, 6.78, 7.44, 7.38, 7.48, 9.028, 9.796, 9.677, 9.478, 9.203, 8.736, 8.716, 8.64, 8.91, 9.92, 10.41, 10.24, 9.45, 9.41, 9.33, 8.42, 8.44, 9.775, 10.576, 10.599, 10.436, 10.379, 10.509, 10.127, 8.77, 7.81, 8.225, 8.405, 8.08, 8.415, 8.52, 8.38, 8.548, 8.345, 7.755, 7.538, 7.409, 7.289, 7.349, 7.849, 8.135, 8.569, 8.922, 8.515, 8.178, 7.395, 6.34, 5.68, 6.19, 6.87, 7.06, 7.5, 7.4, 7.22, 7.06, 7.53, 8.04, 8.31, 7.66, 7.02, 6.63, 6.26, 6.62], [1.09, 1.32, 1.31, 0, 1.6, 2.29, 2.33, 2.37, 2.93, 2.79, 2.83, 2.88, 3.52, 5.63, 6.7, 6.81, 6.56, 6.26, 6.6, 7.11, 8.03, 7.93, 7.81, 9.319, 10.095, 10.037, 9.86, 9.508, 9.099, 9.027, 8.99, 9.34, 10.39, 10.84, 10.63, 9.92, 9.82, 9.78, 8.91, 8.95, 10.2, 10.899, 10.99, 10.787, 10.678, 10.805, 10.469, 9.15, 8.14, 8.586, 8.766, 8.436, 8.756, 8.87, 8.73, 8.889, 8.675, 8.125, 7.9, 7.78, 7.659, 7.699, 8.2, 8.459, 8.919, 9.292, 8.885, 8.568, 7.78, 6.71, 6.01, 6.52, 7.2, 7.45, 7.89, 7.77, 7.53, 7.37, 7.8, 8.33, 8.64, 7.99, 7.37, 7.0, 6.65, 7.01], [1.97, 2.12, 1.49, 1.6, 0, 1.17, 1.47, 1.57, 1.89, 1.75, 1.85, 1.78, 2.42, 4.51, 5.54, 5.69, 5.46, 5.18, 5.52, 6.05, 6.71, 6.61, 6.57, 8.09, 8.909, 8.856, 8.6, 8.3, 7.91, 7.85, 7.87, 8.18, 9.25, 9.66, 9.53, 8.8, 8.6, 8.54, 7.67, 7.67, 9.06, 9.67, 9.83, 9.61, 9.472, 9.622, 9.289, 7.963, 7.02, 7.45, 7.61, 7.28, 7.62, 7.71, 7.57, 7.73, 7.53, 7.0, 6.78, 6.66, 6.52, 6.54, 7.06, 7.34, 7.78, 8.17, 7.78, 7.46, 6.66, 5.61, 4.87, 5.42, 6.08, 6.33, 6.75, 6.67, 6.49, 6.33, 6.78, 7.29, 7.58, 6.93, 6.29, 5.88, 5.53, 5.89], [2.72, 2.97, 2.04, 2.29, 1.17, 0, 1.08, 1.78, 1.92, 1.66, 1.7, 1.41, 1.81, 3.82, 4.71, 4.86, 4.59, 4.31, 4.67, 5.2, 6.06, 5.96, 5.86, 7.32, 8.1, 8.01, 7.85, 7.49, 7.04, 6.98, 7.0, 7.31, 8.38, 8.83, 8.64, 7.95, 7.89, 7.85, 6.98, 6.96, 8.21, 8.86, 8.96, 8.72, 8.651, 8.801, 8.445, 7.1, 6.15, 6.56, 6.72, 6.39, 6.73, 6.82, 6.7, 6.84, 6.64, 6.11, 5.89, 5.77, 5.63, 5.65, 6.17, 6.45, 6.89, 7.28, 6.89, 6.57, 5.77, 4.72, 4.02, 4.57, 5.23, 5.44, 5.92, 5.74, 5.58, 5.36, 5.75, 6.28, 6.61, 5.96, 5.38, 5.05, 4.66, 5.0], [2.66, 2.87, 1.98, 2.33, 1.47, 1.08, 0, 1.22, 1.52, 1.16, 1.18, 1.13, 2.17, 3.94, 4.89, 5.02, 4.79, 4.51, 4.85, 5.36, 6.18, 6.06, 6.04, 7.5, 8.231, 8.201, 8.013, 7.75, 7.24, 7.2, 7.22, 7.53, 8.58, 9.01, 8.88, 8.17, 8.07, 7.97, 7.12, 7.14, 8.39, 9.1, 9.163, 8.971, 8.834, 8.964, 8.654, 7.293, 6.35, 6.82, 6.98, 6.65, 6.99, 7.08, 6.94, 7.1, 6.88, 6.35, 6.13, 6.03, 5.89, 5.91, 6.43, 6.71, 7.15, 7.52, 7.13, 6.81, 6.01, 4.98, 4.24, 4.79, 5.45, 5.72, 6.2, 6.02, 5.7, 5.44, 5.95, 6.5, 6.89, 6.24, 5.66, 5.33, 4.94, 5.28], [2.52, 2.59, 2.12, 2.37, 1.57, 1.78, 1.22, 0, 1.06, 1.3, 1.22, 1.19, 2.41, 3.94, 5.11, 5.26, 5.11, 4.83, 5.11, 5.62, 6.14, 5.98, 6.12, 7.616, 8.431, 8.445, 8.135, 7.841, 7.445, 7.445, 7.44, 7.71, 8.76, 9.21, 9.1, 8.31, 7.95, 7.87, 7.04, 7.0, 8.606, 9.242, 9.365, 9.185, 9.065, 9.157, 8.892, 7.549, 6.629, 7.059, 7.222, 6.872, 7.209, 7.34, 7.18, 7.34, 7.12, 6.59, 6.35, 6.25, 6.11, 6.15, 6.67, 6.949, 7.39, 7.76, 7.35, 7.01, 6.21, 5.22, 4.52, 5.05, 5.71, 6.0, 6.5, 6.38, 6.08, 5.92, 6.41, 6.94, 7.27, 6.62, 6.0, 5.63, 5.26, 5.58], [3.1, 3.03, 2.46, 2.93, 1.89, 1.92, 1.52, 1.06, 0, 1.1, 0.98, 1.37, 2.05, 3.58, 4.73, 4.88, 4.67, 4.39, 4.71, 5.24, 5.8, 5.6, 5.76, 7.244, 8.121, 8.091, 7.84, 7.554, 7.141, 7.113, 7.14, 7.39, 8.44, 8.91, 8.8, 8.01, 7.57, 7.45, 6.64, 6.62, 8.31, 8.929, 9.078, 8.878, 8.738, 8.831, 8.546, 7.195, 6.255, 6.76, 6.91, 6.58, 6.917, 7.028, 6.885, 7.027, 6.773, 6.26, 6.03, 5.93, 5.814, 5.837, 6.357, 6.637, 7.077, 7.447, 7.03, 6.69, 5.87, 4.86, 4.14, 4.67, 5.33, 5.6, 6.06, 5.94, 5.66, 5.46, 5.95, 6.48, 6.83, 6.18, 5.56, 5.19, 4.84, 5.16], [3.1, 3.23, 2.34, 2.79, 1.75, 1.66, 1.16, 1.3, 1.1, 0, 0.78, 1.05, 1.83, 3.44, 4.53, 4.72, 4.49, 4.17, 4.53, 5.04, 5.62, 5.54, 5.62, 7.16, 7.905, 7.883, 7.635, 7.315, 6.905, 6.865, 6.86, 7.11, 8.16, 8.63, 8.52, 7.73, 7.51, 7.41, 6.52, 6.52, 8.069, 8.722, 8.808, 8.608, 8.507, 8.617, 8.35, 7.025, 6.069, 6.46, 6.64, 6.315, 6.649, 6.74, 6.619, 6.742, 6.508, 5.97, 5.75, 5.65, 5.549, 5.569, 6.07, 6.369, 6.809, 7.16, 6.73, 6.41, 5.59, 4.56, 3.86, 4.39, 5.05, 5.3, 5.74, 5.58, 5.32, 5.12, 5.57, 6.08, 6.41, 5.76, 5.18, 4.85, 4.5, 4.86], [3.08, 3.27, 2.38, 2.83, 1.85, 1.7, 1.18, 1.22, 0.98, 0.78, 0, 1.05, 1.93, 3.44, 4.53, 4.74, 4.55, 4.25, 4.53, 5.04, 5.72, 5.58, 5.58, 7.085, 7.916, 7.889, 7.638, 7.39, 6.959, 6.899, 6.92, 7.17, 8.22, 8.69, 8.58, 7.81, 7.55, 7.41, 6.54, 6.58, 8.09, 8.745, 8.851, 8.659, 8.522, 8.632, 8.356, 7.041, 6.07, 6.52, 6.696, 6.366, 6.7, 6.8, 6.66, 6.793, 6.559, 6.03, 5.81, 5.71, 5.6, 5.62, 6.13, 6.42, 6.86, 7.22, 6.79, 6.45, 5.65, 4.6, 3.92, 4.41, 5.11, 5.34, 5.78, 5.64, 5.38, 5.18, 5.67, 6.18, 6.51, 5.86, 5.24, 4.91, 4.56, 4.9], [3.11, 3.1, 2.35, 2.88, 1.78, 1.41, 1.13, 1.19, 1.37, 1.05, 1.05, 0, 2.0, 3.49, 4.72, 4.85, 4.54, 4.28, 4.6, 5.11, 5.67, 5.53, 5.63, 7.172, 8.006, 7.99, 7.685, 7.42, 7.01, 6.935, 6.95, 7.2, 8.25, 8.72, 8.61, 7.82, 7.54, 7.44, 6.55, 6.57, 8.14, 8.772, 8.877, 8.695, 8.569, 8.719, 8.416, 7.074, 6.14, 6.55, 6.73, 6.411, 6.74, 6.83, 6.69, 6.829, 6.595, 6.06, 5.84, 5.74, 5.636, 5.656, 6.16, 6.456, 6.896, 7.25, 6.82, 6.48, 5.68, 4.63, 3.93, 4.44, 5.14, 5.35, 5.85, 5.69, 5.43, 5.25, 5.7, 6.23, 6.58, 5.93, 5.31, 4.98, 4.61, 4.93], [3.81, 4.06, 3.11, 3.52, 2.42, 1.81, 2.17, 2.41, 2.05, 1.83, 1.93, 2.0, 0, 2.29, 3.46, 3.55, 3.36, 3.02, 3.38, 3.89, 4.67, 4.53, 4.57, 6.041, 6.798, 6.788, 6.566, 6.254, 5.81, 5.738, 5.73, 6.0, 7.07, 7.52, 7.39, 6.64, 6.5, 6.42, 5.55, 5.57, 6.94, 7.65, 7.716, 7.515, 7.389, 7.519, 7.249, 5.918, 4.94, 5.35, 5.512, 5.182, 5.519, 5.618, 5.475, 5.629, 5.375, 4.86, 4.62, 4.52, 4.416, 4.439, 4.959, 5.239, 5.679, 6.049, 5.62, 5.28, 4.46, 3.49, 2.77, 3.3, 3.96, 4.25, 4.77, 5.15, 5.29, 4.95, 5.12, 5.45, 5.7, 5.01, 4.31, 3.9, 3.57, 3.85], [5.757, 6.058, 5.106, 5.63, 4.51, 3.82, 3.94, 3.94, 3.58, 3.44, 3.44, 3.49, 2.29, 0, 1.51, 1.7, 1.75, 1.77, 1.99, 2.28, 2.7, 2.66, 2.62, 4.02, 4.808, 4.718, 4.561, 4.31, 3.8, 3.76, 3.72, 4.01, 5.06, 5.53, 5.38, 4.61, 4.53, 4.55, 3.72, 3.64, 4.93, 5.64, 5.671, 5.488, 5.408, 5.506, 5.156, 3.779, 2.87, 3.44, 3.56, 3.29, 3.55, 3.62, 3.48, 3.68, 3.76, 3.25, 2.93, 3.17, 3.27, 3.17, 3.43, 3.71, 4.05, 4.12, 3.87, 3.65, 3.45, 2.94, 2.86, 3.21, 3.43, 3.6, 4.7, 5.72, 6.02, 5.659, 5.73, 5.76, 5.75, 4.78, 3.86, 3.83, 3.96, 4.399], [7.09, 7.371, 6.39, 6.7, 5.54, 4.71, 4.89, 5.11, 4.73, 4.53, 4.53, 4.72, 3.46, 1.51, 0, 0.83, 1.2, 1.56, 1.48, 1.67, 1.91, 1.67, 1.39, 2.77, 3.63, 3.66, 3.44, 3.24, 2.73, 2.57, 2.67, 2.9, 3.95, 4.44, 4.29, 3.66, 3.42, 3.32, 2.69, 2.75, 3.76, 4.43, 4.527, 4.28, 4.141, 4.225, 3.981, 2.65, 1.84, 2.37, 2.49, 2.3, 2.66, 2.81, 2.47, 2.49, 2.83, 2.44, 2.24, 2.82, 2.9, 2.76, 2.68, 2.88, 3.18, 3.17, 3.08, 2.84, 2.8, 2.91, 2.73, 3.02, 3.18, 3.35, 4.41, 5.41, 5.73, 5.41, 5.42, 5.45, 5.42, 4.45, 3.49, 3.54, 3.85, 4.13], [7.24, 7.51, 6.52, 6.81, 5.69, 4.86, 5.02, 5.26, 4.88, 4.72, 4.74, 4.85, 3.55, 1.7, 0.83, 0, 0.81, 1.29, 1.41, 1.78, 2.0, 1.9, 1.64, 2.98, 3.68, 3.81, 3.73, 3.43, 2.94, 2.66, 2.7, 3.07, 4.06, 4.61, 4.42, 3.87, 3.65, 3.51, 2.82, 2.86, 3.89, 4.56, 4.7, 4.297, 4.12, 4.19, 3.935, 2.74, 1.71, 2.26, 2.36, 2.11, 2.39, 2.56, 2.3, 2.38, 2.6, 2.31, 2.03, 2.47, 2.59, 2.35, 2.53, 2.63, 2.93, 2.94, 2.81, 2.59, 2.51, 2.62, 2.38, 2.67, 2.83, 3.02, 4.16, 5.18, 5.48, 5.12, 5.19, 5.22, 5.21, 4.24, 3.3, 3.29, 3.5, 3.86], [6.95, 7.26, 6.21, 6.56, 5.46, 4.59, 4.79, 5.11, 4.67, 4.49, 4.55, 4.54, 3.36, 1.75, 1.2, 0.81, 0, 0.98, 1.24, 1.73, 2.25, 2.17, 1.99, 3.33, 4.03, 4.12, 4.08, 3.82, 3.31, 2.95, 2.91, 3.34, 4.37, 4.92, 4.69, 4.1, 3.94, 3.78, 3.03, 3.09, 4.12, 4.87, 4.99, 4.57, 4.433, 4.503, 4.162, 2.99, 1.84, 2.31, 2.43, 2.2, 2.52, 2.65, 2.45, 2.552, 2.51, 2.16, 2.0, 2.34, 2.36, 2.2, 2.34, 2.48, 2.84, 3.01, 2.76, 2.6, 2.24, 2.23, 2.05, 2.36, 2.56, 2.81, 3.85, 4.93, 5.21, 4.83, 4.96, 4.99, 4.98, 4.03, 3.09, 3.02, 3.13, 3.55], [6.61, 6.92, 5.91, 6.26, 5.18, 4.31, 4.51, 4.83, 4.39, 4.17, 4.25, 4.28, 3.02, 1.77, 1.56, 1.29, 0.98, 0, 0.8, 1.65, 2.65, 2.57, 2.49, 3.79, 4.47, 4.653, 4.633, 4.32, 3.83, 3.45, 3.33, 3.78, 4.81, 5.36, 5.13, 4.54, 4.38, 4.22, 3.41, 3.51, 4.58, 5.31, 5.41, 4.99, 4.842, 4.875, 4.557, 3.41, 2.2, 2.67, 2.85, 2.54, 2.8, 2.93, 2.77, 2.902, 2.83, 2.36, 2.12, 2.14, 2.22, 2.12, 2.6, 2.76, 3.18, 3.277, 3.01, 2.57, 2.16, 1.87, 1.65, 1.84, 2.2, 2.79, 3.43, 4.43, 4.63, 4.27, 4.42, 4.53, 4.58, 3.75, 2.83, 2.58, 2.61, 3.01], [6.93, 7.26, 6.27, 6.6, 5.52, 4.67, 4.85, 5.11, 4.71, 4.53, 4.53, 4.6, 3.38, 1.99, 1.48, 1.41, 1.24, 0.8, 0, 1.19, 2.37, 2.31, 2.19, 3.45, 4.11, 4.335, 4.4, 4.12, 3.55, 3.19, 3.13, 3.46, 4.49, 5.0, 4.79, 4.16, 4.0, 3.94, 3.17, 3.19, 4.28, 4.99, 5.13, 4.727, 4.574, 4.544, 4.239, 3.11, 1.98, 2.35, 2.55, 2.32, 2.62, 2.85, 2.57, 2.67, 2.63, 2.18, 1.9, 2.06, 2.24, 2.14, 2.4, 2.62, 3.04, 3.037, 2.85, 2.62, 2.28, 1.99, 1.55, 1.78, 2.14, 2.59, 3.17, 4.21, 4.45, 4.11, 4.24, 4.29, 4.3, 3.41, 2.51, 2.36, 2.61, 2.89], [7.46, 7.77, 6.78, 7.11, 6.05, 5.2, 5.36, 5.62, 5.24, 5.04, 5.04, 5.11, 3.89, 2.28, 1.67, 1.78, 1.73, 1.65, 1.19, 0, 1.54, 1.8, 1.72, 2.86, 3.5, 3.71, 3.85, 3.73, 3.14, 2.86, 2.62, 2.51, 3.46, 3.95, 3.74, 3.11, 2.97, 2.95, 2.26, 2.24, 3.35, 4.049, 4.135, 3.857, 3.76, 3.85, 3.557, 2.38, 1.65, 1.96, 2.04, 2.13, 2.37, 2.64, 2.52, 2.24, 2.32, 1.89, 1.79, 1.85, 2.01, 1.97, 2.07, 2.31, 2.77, 2.74, 2.57, 2.31, 2.17, 2.1, 1.92, 2.01, 2.05, 2.58, 3.12, 3.94, 4.26, 4.02, 3.97, 4.02, 4.03, 3.06, 2.36, 2.29, 2.62, 2.74], [8.08, 8.25, 7.44, 8.03, 6.71, 6.06, 6.18, 6.14, 5.8, 5.62, 5.72, 5.67, 4.67, 2.7, 1.91, 2.0, 2.25, 2.65, 2.37, 1.54, 0, 0.92, 1.2, 2.6, 3.06, 3.01, 3.07, 2.97, 2.6, 2.36, 2.12, 2.07, 2.74, 3.13, 3.02, 2.33, 2.27, 2.25, 1.64, 1.68, 2.75, 3.262, 3.436, 3.176, 3.167, 3.28, 3.059, 1.94, 1.79, 2.06, 2.08, 2.25, 2.45, 2.76, 2.6, 2.26, 2.48, 2.39, 2.31, 2.67, 2.81, 2.71, 2.57, 2.47, 2.87, 2.96, 2.95, 2.75, 2.97, 3.28, 3.08, 3.23, 3.15, 3.52, 4.18, 4.68, 5.06, 4.84, 4.63, 4.66, 4.65, 3.74, 2.96, 3.29, 3.66, 3.62], [8.06, 8.15, 7.38, 7.93, 6.61, 5.96, 6.06, 5.98, 5.6, 5.54, 5.58, 5.53, 4.53, 2.66, 1.67, 1.9, 2.17, 2.57, 2.31, 1.8, 0.92, 0, 1.08, 2.46, 3.0, 2.99, 2.73, 2.57, 2.38, 2.12, 2.08, 2.27, 2.98, 3.35, 3.24, 2.61, 2.25, 2.23, 1.84, 2.0, 2.95, 3.505, 3.68, 3.505, 3.356, 3.529, 3.19, 1.92, 1.95, 2.24, 2.2, 2.45, 2.71, 2.82, 2.62, 2.48, 2.68, 2.67, 2.73, 3.13, 3.25, 3.13, 2.93, 2.79, 3.09, 3.16, 3.13, 2.97, 3.23, 3.58, 3.32, 3.47, 3.47, 3.86, 4.6, 5.22, 5.64, 5.42, 5.19, 5.18, 5.19, 4.3, 3.48, 3.77, 4.1, 4.16], [8.18, 8.35, 7.48, 7.81, 6.57, 5.86, 6.04, 6.12, 5.76, 5.62, 5.58, 5.63, 4.57, 2.62, 1.39, 1.64, 1.99, 2.49, 2.19, 1.72, 1.2, 1.08, 0, 2.04, 2.64, 2.663, 2.59, 2.41, 1.98, 1.7, 1.76, 1.97, 2.92, 3.39, 3.26, 2.65, 2.31, 2.27, 1.88, 2.08, 2.85, 3.38, 3.54, 3.3, 3.24, 3.35, 2.956, 2.0, 1.67, 1.94, 1.82, 2.23, 2.43, 2.54, 2.42, 2.24, 2.56, 2.63, 2.49, 3.05, 3.13, 2.95, 2.83, 2.75, 3.01, 2.98, 2.99, 2.89, 3.13, 3.44, 3.22, 3.37, 3.43, 3.76, 4.58, 5.3, 5.68, 5.46, 5.25, 5.28, 5.27, 4.36, 3.52, 3.75, 4.08, 4.18], [9.711, 9.932, 9.028, 9.319, 8.09, 7.32, 7.5, 7.616, 7.244, 7.16, 7.085, 7.172, 6.041, 4.02, 2.77, 2.98, 3.33, 3.79, 3.45, 2.86, 2.6, 2.46, 2.04, 0, 1.36, 1.73, 1.69, 1.73, 1.46, 1.48, 1.48, 1.29, 1.86, 2.11, 2.06, 1.77, 1.37, 1.65, 2.12, 2.26, 2.07, 2.34, 2.66, 2.88, 2.92, 2.99, 2.46, 2.02, 2.25, 2.04, 2.04, 2.57, 2.53, 2.6, 2.4, 2.56, 3.04, 3.27, 3.25, 3.89, 3.93, 3.71, 3.53, 3.09, 2.79, 2.52, 2.79, 3.21, 3.83, 4.26, 4.18, 4.41, 4.43, 4.6, 5.56, 6.36, 6.74, 6.5, 6.31, 6.32, 6.31, 5.4, 4.78, 4.75, 5.12, 5.2], [10.468, 10.749, 9.796, 10.095, 8.909, 8.1, 8.231, 8.431, 8.121, 7.905, 7.916, 8.006, 6.798, 4.808, 3.63, 3.68, 4.03, 4.47, 4.11, 3.5, 3.06, 3.0, 2.64, 1.36, 0, 0.93, 1.17, 1.21, 1.42, 1.48, 1.48, 1.65, 1.76, 2.15, 2.24, 2.03, 1.73, 2.11, 2.66, 2.98, 2.45, 2.76, 2.96, 3.02, 3.06, 3.05, 2.46, 2.08, 2.69, 2.44, 2.46, 3.19, 3.09, 3.24, 3.24, 3.06, 3.5, 3.87, 3.87, 4.45, 4.49, 4.33, 4.07, 3.43, 2.97, 2.82, 3.31, 3.83, 4.55, 5.0, 4.96, 5.09, 4.97, 5.34, 6.02, 6.7, 7.1, 6.88, 6.65, 6.66, 6.65, 5.74, 4.94, 5.15, 5.54, 5.58], [10.349, 10.675, 9.677, 10.037, 8.856, 8.01, 8.201, 8.445, 8.091, 7.883, 7.889, 7.99, 6.788, 4.718, 3.66, 3.81, 4.12, 4.653, 4.335, 3.71, 3.01, 2.99, 2.663, 1.73, 0.93, 0, 0.8, 0.96, 1.29, 1.39, 1.61, 1.92, 1.75, 2.1, 2.15, 2.08, 1.98, 2.4, 2.95, 3.25, 2.34, 2.63, 2.69, 2.83, 2.97, 3.02, 2.33, 1.93, 2.88, 2.65, 2.65, 3.38, 3.34, 3.53, 3.55, 3.35, 3.75, 4.2, 4.2, 4.78, 4.84, 4.68, 4.42, 3.76, 3.4, 3.25, 3.62, 4.14, 4.9, 5.33, 5.23, 5.36, 5.32, 5.65, 6.33, 6.75, 7.29, 7.05, 6.82, 6.73, 6.76, 5.89, 5.09, 5.5, 5.81, 5.83], [10.147, 10.367, 9.478, 9.86, 8.6, 7.85, 8.013, 8.135, 7.84, 7.635, 7.638, 7.685, 6.566, 4.561, 3.44, 3.73, 4.08, 4.633, 4.4, 3.85, 3.07, 2.73, 2.59, 1.69, 1.17, 0.8, 0, 0.8, 1.17, 1.37, 1.75, 1.98, 2.03, 2.34, 2.49, 2.36, 2.12, 2.48, 3.01, 3.29, 2.7, 2.87, 3.03, 3.37, 3.43, 3.46, 2.81, 2.25, 3.16, 2.95, 2.89, 3.6, 3.64, 3.77, 3.73, 3.71, 4.01, 4.52, 4.52, 5.12, 5.16, 4.96, 4.72, 4.12, 3.66, 3.45, 3.86, 4.46, 5.16, 5.57, 5.37, 5.5, 5.52, 5.89, 6.67, 7.21, 7.71, 7.47, 7.24, 7.15, 7.2, 6.31, 5.51, 5.86, 6.15, 6.21], [9.832, 10.067, 9.203, 9.508, 8.3, 7.49, 7.75, 7.841, 7.554, 7.315, 7.39, 7.42, 6.254, 4.31, 3.24, 3.43, 3.82, 4.32, 4.12, 3.73, 2.97, 2.57, 2.41, 1.73, 1.21, 0.96, 0.8, 0, 1.01, 1.15, 1.55, 1.98, 2.05, 2.56, 2.57, 2.38, 2.06, 2.38, 2.89, 3.15, 2.76, 2.95, 3.07, 3.23, 3.37, 3.32, 2.75, 2.09, 2.94, 2.71, 2.65, 3.38, 3.42, 3.57, 3.55, 3.47, 3.77, 4.3, 4.3, 4.88, 4.92, 4.74, 4.5, 3.88, 3.6, 3.39, 3.74, 4.26, 4.96, 5.37, 5.15, 5.32, 5.3, 5.69, 6.45, 7.05, 7.45, 7.23, 7.0, 6.99, 7.0, 6.09, 5.23, 5.62, 5.93, 5.95], [9.328, 9.669, 8.736, 9.099, 7.91, 7.04, 7.24, 7.445, 7.141, 6.905, 6.959, 7.01, 5.81, 3.8, 2.73, 2.94, 3.31, 3.83, 3.55, 3.14, 2.6, 2.38, 1.98, 1.46, 1.42, 1.29, 1.17, 1.01, 0, 0.7, 1.2, 1.47, 2.0, 2.51, 2.46, 2.21, 1.97, 2.11, 2.58, 2.76, 2.39, 2.66, 2.9, 2.94, 3.2, 3.21, 2.6, 2.0, 2.43, 2.16, 2.08, 2.73, 2.79, 2.94, 2.88, 2.82, 3.14, 3.63, 3.63, 4.23, 4.27, 4.07, 3.83, 3.25, 2.91, 2.7, 3.07, 3.57, 4.25, 4.66, 4.54, 4.65, 4.71, 5.0, 5.8, 6.52, 6.92, 6.7, 6.47, 6.48, 6.47, 5.56, 4.7, 4.97, 5.3, 5.4], [9.299, 9.649, 8.716, 9.027, 7.85, 6.98, 7.2, 7.445, 7.113, 6.865, 6.899, 6.935, 5.738, 3.76, 2.57, 2.66, 2.95, 3.45, 3.19, 2.86, 2.36, 2.12, 1.7, 1.48, 1.48, 1.39, 1.37, 1.15, 0.7, 0, 0.76, 1.41, 1.94, 2.45, 2.32, 2.09, 1.85, 2.03, 2.36, 2.56, 2.29, 2.72, 2.96, 2.8, 2.94, 3.03, 2.4, 1.84, 2.19, 1.98, 1.88, 2.51, 2.51, 2.6, 2.56, 2.52, 2.82, 3.31, 3.33, 3.91, 3.95, 3.75, 3.51, 2.95, 2.67, 2.56, 2.85, 3.27, 3.95, 4.36, 4.2, 4.35, 4.39, 4.7, 5.48, 6.08, 6.52, 6.3, 6.07, 6.04, 6.05, 5.16, 4.34, 4.65, 4.98, 5.02], [9.248, 9.626, 8.64, 8.99, 7.87, 7.0, 7.22, 7.44, 7.14, 6.86, 6.92, 6.95, 5.73, 3.72, 2.67, 2.7, 2.91, 3.33, 3.13, 2.62, 2.12, 2.08, 1.76, 1.48, 1.48, 1.61, 1.75, 1.55, 1.2, 0.76, 0, 1.05, 1.8, 2.31, 2.16, 1.77, 1.59, 1.85, 2.06, 2.16, 2.23, 2.8, 3.04, 2.98, 3.04, 3.11, 2.46, 1.78, 2.05, 1.78, 1.82, 2.31, 2.27, 2.34, 2.42, 2.22, 2.62, 3.05, 2.99, 3.55, 3.63, 3.49, 3.23, 2.63, 2.41, 2.36, 2.63, 3.01, 3.69, 4.14, 4.02, 4.13, 4.09, 4.48, 5.14, 5.84, 6.2, 5.96, 5.79, 5.84, 5.81, 4.88, 4.02, 4.29, 4.62, 4.68], [9.55, 9.9, 8.91, 9.34, 8.18, 7.31, 7.53, 7.71, 7.39, 7.11, 7.17, 7.2, 6.0, 4.01, 2.9, 3.07, 3.34, 3.78, 3.46, 2.51, 2.07, 2.27, 1.97, 1.29, 1.65, 1.92, 1.98, 1.98, 1.47, 1.41, 1.05, 0, 1.21, 1.76, 1.63, 1.24, 1.24, 1.28, 1.73, 1.75, 1.84, 2.43, 2.67, 2.83, 3.01, 3.08, 2.47, 2.03, 2.16, 1.95, 1.93, 2.34, 2.12, 2.21, 2.21, 2.09, 2.57, 2.86, 2.84, 3.36, 3.5, 3.38, 3.04, 2.6, 2.48, 2.43, 2.64, 2.88, 3.52, 4.03, 4.07, 4.04, 3.96, 4.25, 4.99, 5.73, 6.11, 5.89, 5.68, 5.73, 5.7, 4.77, 4.29, 4.26, 4.65, 4.63], [10.58, 10.93, 9.92, 10.39, 9.25, 8.38, 8.58, 8.76, 8.44, 8.16, 8.22, 8.25, 7.07, 5.06, 3.95, 4.06, 4.37, 4.81, 4.49, 3.46, 2.74, 2.98, 2.92, 1.86, 1.76, 1.75, 2.03, 2.05, 2.0, 1.94, 1.8, 1.21, 0, 0.99, 1.08, 1.05, 1.27, 1.27, 2.12, 2.1, 1.43, 1.98, 2.08, 2.3, 2.5, 2.59, 2.16, 2.38, 2.97, 2.72, 2.66, 3.17, 2.83, 2.88, 2.94, 2.68, 3.26, 3.51, 3.55, 3.89, 4.03, 3.99, 3.59, 3.19, 3.15, 2.98, 3.15, 3.45, 4.07, 4.82, 5.04, 4.89, 4.51, 4.58, 5.16, 5.54, 6.0, 5.76, 5.55, 5.5, 5.53, 4.68, 4.74, 4.89, 5.2, 4.94], [11.01, 11.36, 10.41, 10.84, 9.66, 8.83, 9.01, 9.21, 8.91, 8.63, 8.69, 8.72, 7.52, 5.53, 4.44, 4.61, 4.92, 5.36, 5.0, 3.95, 3.13, 3.35, 3.39, 2.11, 2.15, 2.1, 2.34, 2.56, 2.51, 2.45, 2.31, 1.76, 0.99, 0, 0.85, 1.14, 1.58, 1.64, 2.39, 2.43, 1.42, 1.61, 1.77, 2.07, 2.27, 2.42, 2.07, 2.79, 3.52, 3.25, 3.15, 3.68, 3.28, 3.41, 3.49, 3.21, 3.81, 4.06, 4.1, 4.32, 4.52, 4.56, 4.14, 3.68, 3.52, 3.33, 3.58, 3.94, 4.64, 5.39, 5.51, 5.4, 4.98, 5.09, 5.51, 5.65, 6.21, 5.99, 5.76, 5.69, 5.7, 5.03, 5.17, 5.4, 5.67, 5.35], [10.82, 11.25, 10.24, 10.63, 9.53, 8.64, 8.88, 9.1, 8.8, 8.52, 8.58, 8.61, 7.39, 5.38, 4.29, 4.42, 4.69, 5.13, 4.79, 3.74, 3.02, 3.24, 3.26, 2.06, 2.24, 2.15, 2.49, 2.57, 2.46, 2.32, 2.16, 1.63, 1.08, 0.85, 0, 0.91, 1.59, 1.55, 2.3, 2.44, 1.29, 1.36, 1.68, 1.88, 2.06, 2.23, 1.94, 2.72, 3.35, 3.02, 3.0, 3.51, 3.23, 3.38, 3.36, 3.18, 3.7, 3.89, 3.91, 4.11, 4.33, 4.35, 3.95, 3.43, 3.41, 3.24, 3.53, 3.75, 4.51, 5.14, 5.34, 5.29, 4.99, 5.02, 5.4, 5.38, 5.78, 5.76, 5.53, 5.34, 5.23, 4.84, 4.9, 5.15, 5.46, 5.08], [10.05, 10.46, 9.45, 9.92, 8.8, 7.95, 8.17, 8.31, 8.01, 7.73, 7.81, 7.82, 6.64, 4.61, 3.66, 3.87, 4.1, 4.54, 4.16, 3.11, 2.33, 2.61, 2.65, 1.77, 2.03, 2.08, 2.36, 2.38, 2.21, 2.09, 1.77, 1.24, 1.05, 1.14, 0.91, 0, 1.02, 1.14, 1.69, 1.79, 1.18, 1.83, 2.11, 2.37, 2.53, 2.7, 2.09, 2.55, 3.04, 2.81, 2.79, 3.24, 2.88, 2.93, 2.93, 2.67, 3.23, 3.38, 3.38, 3.66, 3.84, 3.86, 3.44, 3.0, 3.06, 3.03, 3.24, 3.34, 4.0, 4.63, 4.79, 4.72, 4.44, 4.53, 5.07, 5.31, 5.77, 5.59, 5.34, 5.31, 5.28, 4.41, 4.39, 4.66, 4.97, 4.63], [10.07, 10.2, 9.41, 9.82, 8.6, 7.89, 8.07, 7.95, 7.57, 7.51, 7.55, 7.54, 6.5, 4.53, 3.42, 3.65, 3.94, 4.38, 4.0, 2.97, 2.27, 2.25, 2.31, 1.37, 1.73, 1.98, 2.12, 2.06, 1.97, 1.85, 1.59, 1.24, 1.27, 1.58, 1.59, 1.02, 0, 0.88, 1.61, 1.55, 1.62, 2.15, 2.53, 2.81, 2.93, 3.02, 2.51, 2.35, 2.84, 2.61, 2.61, 3.04, 2.74, 2.87, 2.85, 2.63, 3.11, 3.34, 3.32, 3.78, 3.92, 3.78, 3.5, 2.96, 2.98, 2.99, 3.1, 3.36, 4.02, 4.55, 4.65, 4.6, 4.42, 4.69, 5.33, 5.89, 6.29, 6.07, 5.84, 5.87, 5.86, 4.95, 4.55, 4.68, 5.01, 4.85], [10.03, 10.12, 9.33, 9.78, 8.54, 7.85, 7.97, 7.87, 7.45, 7.41, 7.41, 7.44, 6.42, 4.55, 3.32, 3.51, 3.78, 4.22, 3.94, 2.95, 2.25, 2.23, 2.27, 1.65, 2.11, 2.4, 2.48, 2.38, 2.11, 2.03, 1.85, 1.28, 1.27, 1.64, 1.55, 1.14, 0.88, 0, 1.25, 1.33, 1.5, 2.19, 2.51, 2.73, 2.81, 2.82, 2.39, 2.41, 2.78, 2.59, 2.57, 3.04, 2.74, 2.85, 2.77, 2.55, 2.99, 3.16, 3.16, 3.5, 3.68, 3.58, 3.32, 2.92, 2.94, 2.83, 3.04, 3.08, 3.72, 4.31, 4.45, 4.38, 4.18, 4.33, 4.85, 5.43, 5.83, 5.61, 5.38, 5.43, 5.4, 4.51, 4.35, 4.42, 4.73, 4.51], [9.12, 9.21, 8.42, 8.91, 7.67, 6.98, 7.12, 7.04, 6.64, 6.52, 6.54, 6.55, 5.55, 3.72, 2.69, 2.82, 3.03, 3.41, 3.17, 2.26, 1.64, 1.84, 1.88, 2.12, 2.66, 2.95, 3.01, 2.89, 2.58, 2.36, 2.06, 1.73, 2.12, 2.39, 2.3, 1.69, 1.61, 1.25, 0, 0.76, 1.93, 2.54, 2.74, 2.9, 2.96, 2.93, 2.48, 2.42, 2.35, 2.3, 2.28, 2.71, 2.47, 2.78, 2.68, 2.22, 2.66, 2.65, 2.61, 2.87, 3.03, 3.01, 2.79, 2.59, 2.89, 3.0, 3.11, 2.95, 3.19, 3.66, 3.64, 3.73, 3.57, 3.8, 4.28, 4.78, 5.14, 4.92, 4.79, 4.82, 4.83, 3.96, 3.4, 3.57, 3.9, 3.76], [9.08, 9.19, 8.44, 8.95, 7.67, 6.96, 7.14, 7.0, 6.62, 6.52, 6.58, 6.57, 5.57, 3.64, 2.75, 2.86, 3.09, 3.51, 3.19, 2.24, 1.68, 2.0, 2.08, 2.26, 2.98, 3.25, 3.29, 3.15, 2.76, 2.56, 2.16, 1.75, 2.1, 2.43, 2.44, 1.79, 1.55, 1.33, 0.76, 0, 1.95, 2.66, 2.86, 2.9, 2.94, 2.91, 2.64, 2.54, 2.37, 2.26, 2.24, 2.47, 2.11, 2.48, 2.36, 2.0, 2.4, 2.37, 2.25, 2.57, 2.77, 2.69, 2.41, 2.45, 2.85, 2.92, 2.85, 2.79, 2.93, 3.48, 3.58, 3.43, 3.19, 3.44, 4.02, 4.68, 5.02, 4.72, 4.67, 4.72, 4.69, 3.74, 3.48, 3.49, 3.76, 3.64], [10.452, 10.833, 9.775, 10.2, 9.06, 8.21, 8.39, 8.606, 8.31, 8.069, 8.09, 8.14, 6.94, 4.93, 3.76, 3.89, 4.12, 4.58, 4.28, 3.35, 2.75, 2.95, 2.85, 2.07, 2.45, 2.34, 2.7, 2.76, 2.39, 2.29, 2.23, 1.84, 1.43, 1.42, 1.29, 1.18, 1.62, 1.5, 1.93, 1.95, 0, 1.23, 1.41, 1.43, 1.65, 1.74, 1.49, 2.25, 2.88, 2.63, 2.53, 2.9, 2.56, 2.79, 2.67, 2.37, 2.87, 3.12, 3.16, 3.42, 3.62, 3.6, 3.24, 2.9, 3.06, 3.03, 3.1, 3.08, 3.74, 4.51, 4.81, 4.54, 4.16, 4.19, 4.57, 4.65, 5.17, 5.13, 4.92, 4.67, 4.66, 4.05, 4.35, 4.52, 4.77, 4.51], [11.171, 11.471, 10.576, 10.899, 9.67, 8.86, 9.1, 9.242, 8.929, 8.722, 8.745, 8.772, 7.65, 5.64, 4.43, 4.56, 4.87, 5.31, 4.99, 4.049, 3.262, 3.505, 3.38, 2.34, 2.76, 2.63, 2.87, 2.95, 2.66, 2.72, 2.8, 2.43, 1.98, 1.61, 1.36, 1.83, 2.15, 2.19, 2.54, 2.66, 1.23, 0, 0.72, 0.98, 1.26, 1.37, 1.56, 2.7, 3.37, 3.1, 3.0, 3.45, 3.19, 3.42, 3.4, 3.08, 3.64, 3.87, 3.95, 4.21, 4.37, 4.39, 3.99, 3.53, 3.61, 3.4, 3.61, 3.79, 4.55, 5.26, 5.48, 5.37, 4.95, 5.02, 5.38, 5.28, 5.48, 5.76, 5.53, 5.28, 5.01, 4.86, 5.06, 5.31, 5.6, 5.24], [11.257, 11.603, 10.599, 10.99, 9.83, 8.96, 9.163, 9.365, 9.078, 8.808, 8.851, 8.877, 7.716, 5.671, 4.527, 4.7, 4.99, 5.41, 5.13, 4.135, 3.436, 3.68, 3.54, 2.66, 2.96, 2.69, 3.03, 3.07, 2.9, 2.96, 3.04, 2.67, 2.08, 1.77, 1.68, 2.11, 2.53, 2.51, 2.74, 2.86, 1.41, 0.72, 0, 0.78, 1.22, 1.29, 1.5, 2.64, 3.31, 3.1, 2.98, 3.53, 3.17, 3.54, 3.48, 3.1, 3.66, 3.95, 4.03, 4.29, 4.45, 4.49, 4.07, 3.75, 3.83, 3.52, 3.71, 3.99, 4.59, 5.38, 5.66, 5.41, 4.93, 4.96, 5.36, 5.26, 5.46, 5.7, 5.47, 5.24, 4.97, 4.86, 5.18, 5.41, 5.68, 5.36], [11.019, 11.403, 10.436, 10.787, 9.61, 8.72, 8.971, 9.185, 8.878, 8.608, 8.659, 8.695, 7.515, 5.488, 4.28, 4.297, 4.57, 4.99, 4.727, 3.857, 3.176, 3.505, 3.3, 2.88, 3.02, 2.83, 3.37, 3.23, 2.94, 2.8, 2.98, 2.83, 2.3, 2.07, 1.88, 2.37, 2.81, 2.73, 2.9, 2.9, 1.43, 0.98, 0.78, 0, 0.68, 0.79, 1.26, 2.3, 2.93, 2.64, 2.42, 3.01, 2.85, 3.08, 3.06, 2.62, 3.18, 3.43, 3.53, 3.77, 3.93, 3.95, 3.57, 3.19, 3.31, 3.08, 3.17, 3.45, 4.07, 4.86, 5.217, 4.95, 4.43, 4.46, 4.78, 4.68, 4.88, 5.2, 4.97, 4.7, 4.41, 4.36, 4.7, 4.89, 5.16, 4.84], [11.042, 11.331, 10.379, 10.678, 9.472, 8.651, 8.834, 9.065, 8.738, 8.507, 8.522, 8.569, 7.389, 5.408, 4.141, 4.12, 4.433, 4.842, 4.574, 3.76, 3.167, 3.356, 3.24, 2.92, 3.06, 2.97, 3.43, 3.37, 3.2, 2.94, 3.04, 3.01, 2.5, 2.27, 2.06, 2.53, 2.93, 2.81, 2.96, 2.94, 1.65, 1.26, 1.22, 0.68, 0, 0.69, 1.26, 2.26, 2.83, 2.6, 2.38, 2.85, 2.77, 2.84, 2.84, 2.56, 3.1, 3.31, 3.43, 3.71, 3.885, 3.868, 3.468, 3.05, 3.19, 3.04, 2.99, 3.25, 3.93, 4.795, 5.1, 4.788, 4.23, 4.36, 4.66, 4.6, 4.9, 5.14, 4.89, 4.6, 4.35, 4.24, 4.638, 4.788, 5.06, 4.755], [11.172, 11.461, 10.509, 10.805, 9.622, 8.801, 8.964, 9.157, 8.831, 8.617, 8.632, 8.719, 7.519, 5.506, 4.225, 4.19, 4.503, 4.875, 4.544, 3.85, 3.28, 3.529, 3.35, 2.99, 3.05, 3.02, 3.46, 3.32, 3.21, 3.03, 3.11, 3.08, 2.59, 2.42, 2.23, 2.7, 3.02, 2.82, 2.93, 2.91, 1.74, 1.37, 1.29, 0.79, 0.69, 0, 1.01, 2.31, 2.94, 2.57, 2.47, 2.9, 2.7, 2.99, 2.89, 2.53, 3.03, 3.338, 3.438, 3.684, 3.898, 3.878, 3.475, 3.14, 3.3, 3.13, 3.16, 3.28, 3.92, 4.785, 5.13, 4.738, 4.28, 4.47, 4.75, 4.69, 4.95, 5.165, 4.935, 4.67, 4.44, 4.268, 4.654, 4.798, 5.03, 4.768], [10.79, 11.145, 10.127, 10.469, 9.289, 8.445, 8.654, 8.892, 8.546, 8.35, 8.356, 8.416, 7.249, 5.156, 3.981, 3.935, 4.162, 4.557, 4.239, 3.557, 3.059, 3.19, 2.956, 2.46, 2.46, 2.33, 2.81, 2.75, 2.6, 2.4, 2.46, 2.47, 2.16, 2.07, 1.94, 2.09, 2.51, 2.39, 2.48, 2.64, 1.49, 1.56, 1.5, 1.26, 1.26, 1.01, 0, 1.7, 2.61, 2.26, 2.12, 2.71, 2.55, 2.86, 2.7, 2.42, 2.88, 3.13, 3.21, 3.59, 3.73, 3.67, 3.27, 2.79, 2.87, 2.6, 2.81, 3.07, 3.83, 4.54, 4.838, 4.65, 4.31, 4.42, 4.74, 4.84, 5.38, 5.26, 5.03, 4.84, 4.85, 4.2, 4.32, 4.55, 4.88, 4.48], [9.462, 9.796, 8.77, 9.15, 7.963, 7.1, 7.293, 7.549, 7.195, 7.025, 7.041, 7.074, 5.918, 3.779, 2.65, 2.74, 2.99, 3.41, 3.11, 2.38, 1.94, 1.92, 2.0, 2.02, 2.08, 1.93, 2.25, 2.09, 2.0, 1.84, 1.78, 2.03, 2.38, 2.79, 2.72, 2.55, 2.35, 2.41, 2.42, 2.54, 2.25, 2.7, 2.64, 2.3, 2.26, 2.31, 1.7, 0, 1.57, 1.54, 1.58, 1.95, 2.25, 2.42, 2.32, 2.14, 2.54, 2.71, 2.73, 3.25, 3.31, 3.15, 2.91, 2.35, 2.31, 2.16, 2.31, 2.69, 3.43, 3.88, 3.88, 3.95, 3.91, 4.24, 4.84, 5.34, 5.78, 5.56, 5.33, 5.3, 5.33, 4.44, 3.7, 3.99, 4.32, 4.3], [8.47, 8.841, 7.81, 8.14, 7.02, 6.15, 6.35, 6.629, 6.255, 6.069, 6.07, 6.14, 4.94, 2.87, 1.84, 1.71, 1.84, 2.2, 1.98, 1.65, 1.79, 1.95, 1.67, 2.25, 2.69, 2.88, 3.16, 2.94, 2.43, 2.19, 2.05, 2.16, 2.97, 3.52, 3.35, 3.04, 2.84, 2.78, 2.35, 2.37, 2.88, 3.37, 3.31, 2.93, 2.83, 2.94, 2.61, 1.57, 0, 0.89, 0.95, 1.08, 1.32, 1.69, 1.61, 1.65, 1.71, 1.68, 1.78, 2.18, 2.22, 2.04, 1.94, 1.76, 1.86, 1.81, 1.78, 1.92, 2.3, 2.67, 2.77, 2.8, 2.82, 2.97, 3.89, 4.81, 5.13, 4.83, 4.84, 4.89, 4.88, 3.93, 3.07, 2.98, 3.37, 3.59], [8.862, 9.243, 8.225, 8.586, 7.45, 6.56, 6.82, 7.059, 6.76, 6.46, 6.52, 6.55, 5.35, 3.44, 2.37, 2.26, 2.31, 2.67, 2.35, 1.96, 2.06, 2.24, 1.94, 2.04, 2.44, 2.65, 2.95, 2.71, 2.16, 1.98, 1.78, 1.95, 2.72, 3.25, 3.02, 2.81, 2.61, 2.59, 2.3, 2.26, 2.63, 3.1, 3.1, 2.64, 2.6, 2.57, 2.26, 1.54, 0.89, 0, 0.58, 1.07, 1.17, 1.48, 1.48, 1.44, 1.7, 1.81, 1.81, 2.29, 2.35, 2.15, 2.01, 1.67, 1.73, 1.64, 1.61, 1.89, 2.35, 2.82, 2.98, 2.97, 2.99, 3.14, 4.0, 4.84, 5.16, 4.92, 4.87, 4.92, 4.93, 3.96, 3.22, 3.13, 3.52, 3.64], [9.022, 9.417, 8.405, 8.766, 7.61, 6.72, 6.98, 7.222, 6.91, 6.64, 6.696, 6.73, 5.512, 3.56, 2.49, 2.36, 2.43, 2.85, 2.55, 2.04, 2.08, 2.2, 1.82, 2.04, 2.46, 2.65, 2.89, 2.65, 2.08, 1.88, 1.82, 1.93, 2.66, 3.15, 3.0, 2.79, 2.61, 2.57, 2.28, 2.24, 2.53, 3.0, 2.98, 2.42, 2.38, 2.47, 2.12, 1.58, 0.95, 0.58, 0, 0.93, 1.17, 1.52, 1.46, 1.36, 1.56, 1.81, 1.91, 2.39, 2.47, 2.21, 1.99, 1.69, 1.75, 1.66, 1.59, 1.87, 2.39, 2.88, 3.08, 2.97, 2.97, 3.12, 4.0, 4.78, 5.16, 4.94, 4.77, 4.82, 4.81, 3.9, 3.3, 3.15, 3.58, 3.7], [8.697, 9.087, 8.08, 8.436, 7.28, 6.39, 6.65, 6.872, 6.58, 6.315, 6.366, 6.411, 5.182, 3.29, 2.3, 2.11, 2.2, 2.54, 2.32, 2.13, 2.25, 2.45, 2.23, 2.57, 3.19, 3.38, 3.6, 3.38, 2.73, 2.51, 2.31, 2.34, 3.17, 3.68, 3.51, 3.24, 3.04, 3.04, 2.71, 2.47, 2.9, 3.45, 3.53, 3.01, 2.85, 2.9, 2.71, 1.95, 1.08, 1.07, 0.93, 0, 0.74, 1.13, 0.97, 1.15, 1.23, 1.38, 1.42, 1.98, 2.04, 1.74, 1.66, 1.34, 1.52, 1.59, 1.4, 1.3, 1.78, 2.45, 2.77, 2.54, 2.48, 2.55, 3.55, 4.53, 4.81, 4.57, 4.54, 4.59, 4.58, 3.71, 3.23, 2.88, 3.15, 3.43], [9.032, 9.424, 8.415, 8.756, 7.62, 6.73, 6.99, 7.209, 6.917, 6.649, 6.7, 6.74, 5.519, 3.55, 2.66, 2.39, 2.52, 2.8, 2.62, 2.37, 2.45, 2.71, 2.43, 2.53, 3.09, 3.34, 3.64, 3.42, 2.79, 2.51, 2.27, 2.12, 2.83, 3.28, 3.23, 2.88, 2.74, 2.74, 2.47, 2.11, 2.56, 3.19, 3.17, 2.85, 2.77, 2.7, 2.55, 2.25, 1.32, 1.17, 1.17, 0.74, 0, 0.89, 0.99, 0.93, 1.25, 1.42, 1.42, 1.86, 1.96, 1.76, 1.66, 1.32, 1.58, 1.71, 1.5, 1.5, 1.8, 2.51, 3.03, 2.72, 2.52, 2.63, 3.51, 4.49, 4.81, 4.43, 4.5, 4.55, 4.54, 3.61, 3.35, 2.96, 3.15, 3.41], [9.16, 9.523, 8.52, 8.87, 7.71, 6.82, 7.08, 7.34, 7.028, 6.74, 6.8, 6.83, 5.618, 3.62, 2.81, 2.56, 2.65, 2.93, 2.85, 2.64, 2.76, 2.82, 2.54, 2.6, 3.24, 3.53, 3.77, 3.57, 2.94, 2.6, 2.34, 2.21, 2.88, 3.41, 3.38, 2.93, 2.87, 2.85, 2.78, 2.48, 2.79, 3.42, 3.54, 3.08, 2.84, 2.99, 2.86, 2.42, 1.69, 1.48, 1.52, 1.13, 0.89, 0, 0.7, 0.98, 1.28, 1.69, 1.65, 2.19, 2.17, 2.01, 1.85, 1.39, 1.61, 1.74, 1.49, 1.51, 1.97, 2.62, 3.22, 2.89, 2.51, 2.62, 3.52, 4.62, 4.92, 4.64, 4.53, 4.52, 4.55, 3.78, 3.66, 3.27, 3.38, 3.7], [9.06, 9.423, 8.38, 8.73, 7.57, 6.7, 6.94, 7.18, 6.885, 6.619, 6.66, 6.69, 5.475, 3.48, 2.47, 2.3, 2.45, 2.77, 2.57, 2.52, 2.6, 2.62, 2.42, 2.4, 3.24, 3.55, 3.73, 3.55, 2.88, 2.56, 2.42, 2.21, 2.94, 3.49, 3.36, 2.93, 2.85, 2.77, 2.68, 2.36, 2.67, 3.4, 3.48, 3.06, 2.84, 2.89, 2.7, 2.32, 1.61, 1.48, 1.46, 0.97, 0.99, 0.7, 0, 0.96, 1.22, 1.61, 1.61, 2.19, 2.15, 1.91, 1.73, 1.49, 1.69, 1.68, 1.47, 1.39, 1.77, 2.52, 3.12, 2.71, 2.51, 2.68, 3.52, 4.52, 4.96, 4.66, 4.47, 4.52, 4.49, 3.66, 3.52, 3.15, 3.38, 3.56], [9.16, 9.546, 8.548, 8.889, 7.73, 6.84, 7.1, 7.34, 7.027, 6.742, 6.793, 6.829, 5.629, 3.68, 2.49, 2.38, 2.552, 2.902, 2.67, 2.24, 2.26, 2.48, 2.24, 2.56, 3.06, 3.35, 3.71, 3.47, 2.82, 2.52, 2.22, 2.09, 2.68, 3.21, 3.18, 2.67, 2.63, 2.55, 2.22, 2.0, 2.37, 3.08, 3.1, 2.62, 2.56, 2.53, 2.42, 2.14, 1.65, 1.44, 1.36, 1.15, 0.93, 0.98, 0.96, 0, 1.06, 1.25, 1.39, 1.91, 1.93, 1.77, 1.45, 1.23, 1.57, 1.68, 1.51, 1.41, 1.71, 2.6, 3.096, 2.65, 2.33, 2.6, 3.18, 4.1, 4.5, 4.22, 4.11, 4.14, 4.11, 3.22, 3.06, 2.75, 3.08, 3.22], [8.976, 9.341, 8.345, 8.675, 7.53, 6.64, 6.88, 7.12, 6.773, 6.508, 6.559, 6.595, 5.375, 3.76, 2.83, 2.6, 2.51, 2.83, 2.63, 2.32, 2.48, 2.68, 2.56, 3.04, 3.5, 3.75, 4.01, 3.77, 3.14, 2.82, 2.62, 2.57, 3.26, 3.81, 3.7, 3.23, 3.11, 2.99, 2.66, 2.4, 2.87, 3.64, 3.66, 3.18, 3.1, 3.03, 2.88, 2.54, 1.71, 1.7, 1.56, 1.23, 1.25, 1.28, 1.22, 1.06, 0, 1.07, 1.59, 1.77, 1.73, 1.53, 1.23, 1.15, 1.53, 1.72, 1.43, 1.33, 1.43, 2.32, 2.893, 2.41, 2.05, 2.52, 2.86, 3.92, 4.26, 4.02, 3.87, 3.88, 3.87, 3.1, 2.86, 2.51, 2.76, 2.74], [8.406, 8.771, 7.755, 8.125, 7.0, 6.11, 6.35, 6.59, 6.26, 5.97, 6.03, 6.06, 4.86, 3.25, 2.44, 2.31, 2.16, 2.36, 2.18, 1.89, 2.39, 2.67, 2.63, 3.27, 3.87, 4.2, 4.52, 4.3, 3.63, 3.31, 3.05, 2.86, 3.51, 4.06, 3.89, 3.38, 3.34, 3.16, 2.65, 2.37, 3.12, 3.87, 3.95, 3.43, 3.31, 3.338, 3.13, 2.71, 1.68, 1.81, 1.81, 1.38, 1.42, 1.69, 1.61, 1.25, 1.07, 0, 0.84, 0.92, 0.98, 0.84, 0.84, 1.12, 1.54, 1.57, 1.2, 1.02, 0.92, 1.57, 2.343, 2.04, 1.86, 2.07, 2.43, 3.53, 3.85, 3.53, 3.56, 3.57, 3.58, 2.63, 2.41, 1.84, 2.13, 2.21], [8.17, 8.536, 7.538, 7.9, 6.78, 5.89, 6.13, 6.35, 6.03, 5.75, 5.81, 5.84, 4.62, 2.93, 2.24, 2.03, 2.0, 2.12, 1.9, 1.79, 2.31, 2.73, 2.49, 3.25, 3.87, 4.2, 4.52, 4.3, 3.63, 3.33, 2.99, 2.84, 3.55, 4.1, 3.91, 3.38, 3.32, 3.16, 2.61, 2.25, 3.16, 3.95, 4.03, 3.53, 3.43, 3.438, 3.21, 2.73, 1.78, 1.81, 1.91, 1.42, 1.42, 1.65, 1.61, 1.39, 1.59, 0.84, 0, 1.1, 1.2, 1.12, 1.14, 1.44, 1.92, 1.99, 1.72, 1.48, 1.28, 1.55, 2.11, 1.9, 1.76, 1.79, 2.59, 3.69, 3.93, 3.65, 3.68, 3.73, 3.74, 2.77, 2.43, 2.0, 2.23, 2.39], [8.01, 8.42, 7.409, 7.78, 6.66, 5.77, 6.03, 6.25, 5.93, 5.65, 5.71, 5.74, 4.52, 3.17, 2.82, 2.47, 2.34, 2.14, 2.06, 1.85, 2.67, 3.13, 3.05, 3.89, 4.45, 4.78, 5.12, 4.88, 4.23, 3.91, 3.55, 3.36, 3.89, 4.32, 4.11, 3.66, 3.78, 3.5, 2.87, 2.57, 3.42, 4.21, 4.29, 3.77, 3.71, 3.684, 3.59, 3.25, 2.18, 2.29, 2.39, 1.98, 1.86, 2.19, 2.19, 1.91, 1.77, 0.92, 1.1, 0, 0.58, 0.68, 0.94, 1.54, 2.0, 2.17, 1.76, 1.46, 1.04, 1.33, 1.99, 1.66, 1.6, 1.99, 2.09, 3.11, 3.39, 2.99, 3.16, 3.17, 3.2, 2.33, 2.23, 1.66, 1.65, 1.85], [7.91, 8.305, 7.289, 7.659, 6.52, 5.63, 5.89, 6.11, 5.814, 5.549, 5.6, 5.636, 4.416, 3.27, 2.9, 2.59, 2.36, 2.22, 2.24, 2.01, 2.81, 3.25, 3.13, 3.93, 4.49, 4.84, 5.16, 4.92, 4.27, 3.95, 3.63, 3.5, 4.03, 4.52, 4.33, 3.84, 3.92, 3.68, 3.03, 2.77, 3.62, 4.37, 4.45, 3.93, 3.885, 3.898, 3.73, 3.31, 2.22, 2.35, 2.47, 2.04, 1.96, 2.17, 2.15, 1.93, 1.73, 0.98, 1.2, 0.58, 0, 0.6, 0.88, 1.36, 1.82, 2.17, 1.68, 1.48, 0.86, 1.13, 1.97, 1.66, 1.76, 2.17, 2.25, 3.37, 3.59, 3.21, 3.36, 3.37, 3.44, 2.55, 2.37, 1.82, 1.71, 1.79], [7.97, 8.365, 7.349, 7.699, 6.54, 5.65, 5.91, 6.15, 5.837, 5.569, 5.62, 5.656, 4.439, 3.17, 2.76, 2.35, 2.2, 2.12, 2.14, 1.97, 2.71, 3.13, 2.95, 3.71, 4.33, 4.68, 4.96, 4.74, 4.07, 3.75, 3.49, 3.38, 3.99, 4.56, 4.35, 3.86, 3.78, 3.58, 3.01, 2.69, 3.6, 4.39, 4.49, 3.95, 3.868, 3.878, 3.67, 3.15, 2.04, 2.15, 2.21, 1.74, 1.76, 2.01, 1.91, 1.77, 1.53, 0.84, 1.12, 0.68, 0.6, 0, 0.8, 1.32, 1.7, 1.95, 1.52, 1.3, 0.88, 1.23, 1.93, 1.66, 1.68, 1.99, 2.33, 3.45, 3.69, 3.37, 3.46, 3.47, 3.54, 2.61, 2.37, 1.76, 1.77, 2.01], [8.47, 8.865, 7.849, 8.2, 7.06, 6.17, 6.43, 6.67, 6.357, 6.07, 6.13, 6.16, 4.959, 3.43, 2.68, 2.53, 2.34, 2.6, 2.4, 2.07, 2.57, 2.93, 2.83, 3.53, 4.07, 4.42, 4.72, 4.5, 3.83, 3.51, 3.23, 3.04, 3.59, 4.14, 3.95, 3.44, 3.5, 3.32, 2.79, 2.41, 3.24, 3.99, 4.07, 3.57, 3.468, 3.475, 3.27, 2.91, 1.94, 2.01, 1.99, 1.66, 1.66, 1.85, 1.73, 1.45, 1.23, 0.84, 1.14, 0.94, 0.88, 0.8, 0, 1.06, 1.42, 1.65, 1.36, 1.36, 1.02, 1.65, 2.41, 1.98, 1.84, 2.13, 2.39, 3.55, 3.89, 3.57, 3.62, 3.47, 3.48, 2.57, 2.35, 2.02, 2.19, 2.17], [8.75, 9.145, 8.135, 8.459, 7.34, 6.45, 6.71, 6.949, 6.637, 6.369, 6.42, 6.456, 5.239, 3.71, 2.88, 2.63, 2.48, 2.76, 2.62, 2.31, 2.47, 2.79, 2.75, 3.09, 3.43, 3.76, 4.12, 3.88, 3.25, 2.95, 2.63, 2.6, 3.19, 3.68, 3.43, 3.0, 2.96, 2.92, 2.59, 2.45, 2.9, 3.53, 3.75, 3.19, 3.05, 3.14, 2.79, 2.35, 1.76, 1.67, 1.69, 1.34, 1.32, 1.39, 1.49, 1.23, 1.15, 1.12, 1.44, 1.54, 1.36, 1.32, 1.06, 0, 0.9, 1.47, 1.06, 1.24, 1.42, 2.09, 2.678, 2.38, 2.26, 2.69, 2.95, 4.07, 4.31, 3.97, 4.0, 4.11, 4.14, 3.19, 2.79, 2.32, 2.47, 2.51], [9.181, 9.585, 8.569, 8.919, 7.78, 6.89, 7.15, 7.39, 7.077, 6.809, 6.86, 6.896, 5.679, 4.05, 3.18, 2.93, 2.84, 3.18, 3.04, 2.77, 2.87, 3.09, 3.01, 2.79, 2.97, 3.4, 3.66, 3.6, 2.91, 2.67, 2.41, 2.48, 3.15, 3.52, 3.41, 3.06, 2.98, 2.94, 2.89, 2.85, 3.06, 3.61, 3.83, 3.31, 3.19, 3.3, 2.87, 2.31, 1.86, 1.73, 1.75, 1.52, 1.58, 1.61, 1.69, 1.57, 1.53, 1.54, 1.92, 2.0, 1.82, 1.7, 1.42, 0.9, 0, 0.85, 0.96, 1.46, 1.9, 2.53, 3.17, 3.02, 2.92, 3.23, 3.51, 4.67, 4.99, 4.69, 4.72, 4.71, 4.72, 3.79, 3.17, 2.84, 2.95, 3.17], [9.533, 9.938, 8.922, 9.292, 8.17, 7.28, 7.52, 7.76, 7.447, 7.16, 7.22, 7.25, 6.049, 4.12, 3.17, 2.94, 3.01, 3.277, 3.037, 2.74, 2.96, 3.16, 2.98, 2.52, 2.82, 3.25, 3.45, 3.39, 2.7, 2.56, 2.36, 2.43, 2.98, 3.33, 3.24, 3.03, 2.99, 2.83, 3.0, 2.92, 3.03, 3.4, 3.52, 3.08, 3.04, 3.13, 2.6, 2.16, 1.81, 1.64, 1.66, 1.59, 1.71, 1.74, 1.68, 1.68, 1.72, 1.57, 1.99, 2.17, 2.17, 1.95, 1.65, 1.47, 0.85, 0, 0.79, 1.45, 2.07, 2.84, 3.531, 3.31, 3.17, 3.32, 3.64, 4.74, 5.14, 4.84, 4.79, 4.68, 4.67, 3.74, 3.26, 3.11, 3.46, 3.42], [9.152, 9.536, 8.515, 8.885, 7.78, 6.89, 7.13, 7.35, 7.03, 6.73, 6.79, 6.82, 5.62, 3.87, 3.08, 2.81, 2.76, 3.01, 2.85, 2.57, 2.95, 3.13, 2.99, 2.79, 3.31, 3.62, 3.86, 3.74, 3.07, 2.85, 2.63, 2.64, 3.15, 3.58, 3.53, 3.24, 3.1, 3.04, 3.11, 2.85, 3.1, 3.61, 3.71, 3.17, 2.99, 3.16, 2.81, 2.31, 1.78, 1.61, 1.59, 1.4, 1.5, 1.49, 1.47, 1.51, 1.43, 1.2, 1.72, 1.76, 1.68, 1.52, 1.36, 1.06, 0.96, 0.79, 0, 1.0, 1.5, 2.31, 3.043, 2.76, 2.62, 2.83, 3.25, 4.31, 4.71, 4.39, 4.34, 4.33, 4.32, 3.41, 3.15, 2.72, 3.01, 3.05], [8.832, 9.196, 8.178, 8.568, 7.46, 6.57, 6.81, 7.01, 6.69, 6.41, 6.45, 6.48, 5.28, 3.65, 2.84, 2.59, 2.6, 2.57, 2.62, 2.31, 2.75, 2.97, 2.89, 3.21, 3.83, 4.14, 4.46, 4.26, 3.57, 3.27, 3.01, 2.88, 3.45, 3.94, 3.75, 3.34, 3.36, 3.08, 2.95, 2.79, 3.08, 3.79, 3.99, 3.45, 3.25, 3.28, 3.07, 2.69, 1.92, 1.89, 1.87, 1.3, 1.5, 1.51, 1.39, 1.41, 1.33, 1.02, 1.48, 1.46, 1.48, 1.3, 1.36, 1.24, 1.46, 1.45, 1.0, 0, 1.12, 2.01, 2.766, 2.46, 2.32, 2.45, 2.81, 3.77, 4.13, 3.95, 3.76, 3.71, 3.76, 3.01, 2.89, 2.32, 2.55, 2.65], [8.05, 8.436, 7.395, 7.78, 6.66, 5.77, 6.01, 6.21, 5.87, 5.59, 5.65, 5.68, 4.46, 3.45, 2.8, 2.51, 2.24, 2.16, 2.28, 2.17, 2.97, 3.23, 3.13, 3.83, 4.55, 4.9, 5.16, 4.96, 4.25, 3.95, 3.69, 3.52, 4.07, 4.64, 4.51, 4.0, 4.02, 3.72, 3.19, 2.93, 3.74, 4.55, 4.59, 4.07, 3.93, 3.92, 3.83, 3.43, 2.3, 2.35, 2.39, 1.78, 1.8, 1.97, 1.77, 1.71, 1.43, 0.92, 1.28, 1.04, 0.86, 0.88, 1.02, 1.42, 1.9, 2.07, 1.5, 1.12, 0, 1.11, 1.97, 1.64, 1.54, 1.95, 2.31, 3.45, 3.65, 3.33, 3.4, 3.51, 3.58, 2.75, 2.73, 2.04, 1.99, 2.05], [7.04, 7.39, 6.34, 6.71, 5.61, 4.72, 4.98, 5.22, 4.86, 4.56, 4.6, 4.63, 3.49, 2.94, 2.91, 2.62, 2.23, 1.87, 1.99, 2.1, 3.28, 3.58, 3.44, 4.26, 5.0, 5.33, 5.57, 5.37, 4.66, 4.36, 4.14, 4.03, 4.82, 5.39, 5.14, 4.63, 4.55, 4.31, 3.66, 3.48, 4.51, 5.26, 5.38, 4.86, 4.795, 4.785, 4.54, 3.88, 2.67, 2.82, 2.88, 2.45, 2.51, 2.62, 2.52, 2.6, 2.32, 1.57, 1.55, 1.33, 1.13, 1.23, 1.65, 2.09, 2.53, 2.84, 2.31, 2.01, 1.11, 0, 1.26, 1.21, 1.53, 2.0, 2.34, 3.44, 3.6, 3.22, 3.39, 3.56, 3.65, 2.74, 2.38, 1.73, 1.54, 1.76], [6.34, 6.65, 5.68, 6.01, 4.87, 4.02, 4.24, 4.52, 4.14, 3.86, 3.92, 3.93, 2.77, 2.86, 2.73, 2.38, 2.05, 1.65, 1.55, 1.92, 3.08, 3.32, 3.22, 4.18, 4.96, 5.23, 5.37, 5.15, 4.54, 4.2, 4.02, 4.07, 5.04, 5.51, 5.34, 4.79, 4.65, 4.45, 3.64, 3.58, 4.81, 5.48, 5.66, 5.217, 5.1, 5.13, 4.838, 3.88, 2.77, 2.98, 3.08, 2.77, 3.03, 3.22, 3.12, 3.096, 2.893, 2.343, 2.11, 1.99, 1.97, 1.93, 2.41, 2.678, 3.17, 3.531, 3.043, 2.766, 1.97, 1.26, 0, 0.79, 1.35, 1.86, 2.34, 3.3, 3.4, 3.04, 3.21, 3.46, 3.63, 2.8, 2.16, 1.73, 1.48, 1.78], [6.87, 7.18, 6.19, 6.52, 5.42, 4.57, 4.79, 5.05, 4.67, 4.39, 4.41, 4.44, 3.3, 3.21, 3.02, 2.67, 2.36, 1.84, 1.78, 2.01, 3.23, 3.47, 3.37, 4.41, 5.09, 5.36, 5.5, 5.32, 4.65, 4.35, 4.13, 4.04, 4.89, 5.4, 5.29, 4.72, 4.6, 4.38, 3.73, 3.43, 4.54, 5.37, 5.41, 4.95, 4.788, 4.738, 4.65, 3.95, 2.8, 2.97, 2.97, 2.54, 2.72, 2.89, 2.71, 2.65, 2.41, 2.04, 1.9, 1.66, 1.66, 1.66, 1.98, 2.38, 3.02, 3.31, 2.76, 2.46, 1.64, 1.21, 0.79, 0, 0.82, 1.49, 1.85, 2.87, 3.05, 2.75, 2.82, 3.01, 3.12, 2.29, 2.03, 1.46, 1.27, 1.47], [7.55, 7.84, 6.87, 7.2, 6.08, 5.23, 5.45, 5.71, 5.33, 5.05, 5.11, 5.14, 3.96, 3.43, 3.18, 2.83, 2.56, 2.2, 2.14, 2.05, 3.15, 3.47, 3.43, 4.43, 4.97, 5.32, 5.52, 5.3, 4.71, 4.39, 4.09, 3.96, 4.51, 4.98, 4.99, 4.44, 4.42, 4.18, 3.57, 3.19, 4.16, 4.95, 4.93, 4.43, 4.23, 4.28, 4.31, 3.91, 2.82, 2.99, 2.97, 2.48, 2.52, 2.51, 2.51, 2.33, 2.05, 1.86, 1.76, 1.6, 1.76, 1.68, 1.84, 2.26, 2.92, 3.17, 2.62, 2.32, 1.54, 1.53, 1.35, 0.82, 0, 1.13, 1.49, 2.59, 2.75, 2.53, 2.56, 2.71, 2.76, 2.01, 2.15, 1.58, 1.51, 1.61], [7.78, 8.13, 7.06, 7.45, 6.33, 5.44, 5.72, 6.0, 5.6, 5.3, 5.34, 5.35, 4.25, 3.6, 3.35, 3.02, 2.81, 2.79, 2.59, 2.58, 3.52, 3.86, 3.76, 4.6, 5.34, 5.65, 5.89, 5.69, 5.0, 4.7, 4.48, 4.25, 4.58, 5.09, 5.02, 4.53, 4.69, 4.33, 3.8, 3.44, 4.19, 5.02, 4.96, 4.46, 4.36, 4.47, 4.42, 4.24, 2.97, 3.14, 3.12, 2.55, 2.63, 2.62, 2.68, 2.6, 2.52, 2.07, 1.79, 1.99, 2.17, 1.99, 2.13, 2.69, 3.23, 3.32, 2.83, 2.45, 1.95, 2.0, 1.86, 1.49, 1.13, 0, 1.46, 2.56, 2.78, 2.56, 2.55, 2.5, 2.49, 1.96, 2.22, 1.87, 1.9, 2.02], [8.24, 8.61, 7.5, 7.89, 6.75, 5.92, 6.2, 6.5, 6.06, 5.74, 5.78, 5.85, 4.77, 4.7, 4.41, 4.16, 3.85, 3.43, 3.17, 3.12, 4.18, 4.6, 4.58, 5.56, 6.02, 6.33, 6.67, 6.45, 5.8, 5.48, 5.14, 4.99, 5.16, 5.51, 5.4, 5.07, 5.33, 4.85, 4.28, 4.02, 4.57, 5.38, 5.36, 4.78, 4.66, 4.75, 4.74, 4.84, 3.89, 4.0, 4.0, 3.55, 3.51, 3.52, 3.52, 3.18, 2.86, 2.43, 2.59, 2.09, 2.25, 2.33, 2.39, 2.95, 3.51, 3.64, 3.25, 2.81, 2.31, 2.34, 2.34, 1.85, 1.49, 1.46, 0, 1.54, 1.94, 1.82, 1.65, 1.56, 1.63, 1.36, 1.9, 1.33, 1.42, 1.42], [8.12, 8.45, 7.4, 7.77, 6.67, 5.74, 6.02, 6.38, 5.94, 5.58, 5.64, 5.69, 5.15, 5.72, 5.41, 5.18, 4.93, 4.43, 4.21, 3.94, 4.68, 5.22, 5.3, 6.36, 6.7, 6.75, 7.21, 7.05, 6.52, 6.08, 5.84, 5.73, 5.54, 5.65, 5.38, 5.31, 5.89, 5.43, 4.78, 4.68, 4.65, 5.28, 5.26, 4.68, 4.6, 4.69, 4.84, 5.34, 4.81, 4.84, 4.78, 4.53, 4.49, 4.62, 4.52, 4.1, 3.92, 3.53, 3.69, 3.11, 3.37, 3.45, 3.55, 4.07, 4.67, 4.74, 4.31, 3.77, 3.45, 3.44, 3.3, 2.87, 2.59, 2.56, 1.54, 0, 1.04, 1.18, 0.97, 0.96, 1.13, 1.34, 2.22, 2.05, 2.1, 1.78], [7.9, 8.23, 7.22, 7.53, 6.49, 5.58, 5.7, 6.08, 5.66, 5.32, 5.38, 5.43, 5.29, 6.02, 5.73, 5.48, 5.21, 4.63, 4.45, 4.26, 5.06, 5.64, 5.68, 6.74, 7.1, 7.29, 7.71, 7.45, 6.92, 6.52, 6.2, 6.11, 6.0, 6.21, 5.78, 5.77, 6.29, 5.83, 5.14, 5.02, 5.17, 5.48, 5.46, 4.88, 4.9, 4.95, 5.38, 5.78, 5.13, 5.16, 5.16, 4.81, 4.81, 4.92, 4.96, 4.5, 4.26, 3.85, 3.93, 3.39, 3.59, 3.69, 3.89, 4.31, 4.99, 5.14, 4.71, 4.13, 3.65, 3.6, 3.4, 3.05, 2.75, 2.78, 1.94, 1.04, 0, 0.86, 1.09, 1.36, 1.47, 1.8, 2.62, 2.35, 2.26, 1.94], [7.72, 8.05, 7.06, 7.37, 6.33, 5.36, 5.44, 5.92, 5.46, 5.12, 5.18