[[0, 0.81, 1.07, 1.27, 1.21, 1.04, 1.11, 1.91, 2.54, 2.74, 2.57, 2.34, 1.8, 1.61, 1.43, 2.09, 3.48, 4.67, 5.56, 6.06, 7.74, 9.06, 10.117, 10.31, 9.703, 9.335, 8.43, 7.56, 7.04, 7.145, 6.961, 6.51, 5.81, 5.5, 6.027, 6.721, 7.59, 8.669, 9.256, 9.151, 9.066, 8.615, 8.443, 8.788, 9.743, 10.064, 9.408, 9.29, 8.878, 7.249, 6.02, 4.573, 3.608, 2.22, 1.17, 1.69, 1.82, 1.37, 2.58, 4.02, 5.65, 7.952, 8.632, 8.214, 8.4, 8.621, 8.236, 7.697, 7.861, 8.229, 8.575, 8.726, 8.678, 8.082, 7.746, 7.587, 6.896, 6.802, 6.962, 6.582, 6.628, 6.728, 6.412, 6.166, 6.621, 6.428], [0.81, 0, 0.62, 1.08, 1.04, 1.03, 1.16, 2.26, 2.73, 2.95, 2.9, 2.59, 2.05, 1.96, 1.8, 2.46, 3.61, 4.7, 5.61, 6.068, 7.898, 9.19, 10.281, 10.454, 9.83, 9.378, 8.49, 7.79, 7.33, 7.386, 7.157, 6.8, 6.3, 6.05, 6.657, 7.194, 7.956, 8.891, 9.537, 9.456, 9.304, 8.842, 8.742, 8.844, 9.937, 10.251, 9.536, 9.436, 9.045, 7.545, 6.23, 4.845, 3.961, 2.59, 1.18, 1.82, 1.97, 1.34, 2.85, 4.33, 5.823, 8.108, 8.797, 8.341, 8.499, 8.728, 8.343, 7.824, 8.008, 8.376, 8.651, 8.802, 8.677, 8.129, 7.828, 7.657, 7.001, 6.949, 7.109, 6.689, 6.735, 6.815, 6.517, 6.303, 6.731, 6.547], [1.07, 0.62, 0, 0.88, 1.02, 1.03, 1.48, 2.6, 3.03, 3.29, 3.22, 2.85, 2.37, 2.26, 2.02, 2.8, 3.93, 4.96, 5.901, 6.31, 8.12, 9.339, 10.504, 10.677, 10.07, 9.6, 8.83, 8.21, 7.71, 7.789, 7.517, 7.16, 6.58, 6.33, 6.994, 7.514, 8.385, 9.271, 9.86, 9.859, 9.627, 9.196, 9.122, 9.122, 10.26, 10.534, 9.882, 9.705, 9.305, 7.885, 6.613, 5.265, 4.241, 2.87, 1.32, 1.6, 2.07, 1.6, 3.15, 4.59, 6.106, 8.386, 9.031, 8.539, 8.702, 8.926, 8.497, 8.06, 8.242, 8.618, 8.871, 8.944, 8.777, 8.329, 8.064, 7.87, 7.224, 7.106, 7.249, 6.801, 6.833, 6.921, 6.7, 6.489, 6.917, 6.847], [1.27, 1.08, 0.88, 0, 0.76, 0.91, 1.74, 2.74, 3.15, 3.41, 3.22, 2.95, 2.57, 2.36, 2.12, 3.08, 4.23, 5.256, 6.19, 6.51, 8.18, 9.548, 10.698, 10.871, 10.415, 9.98, 9.17, 8.47, 7.93, 8.063, 7.817, 7.34, 6.58, 6.37, 7.057, 7.65, 8.575, 9.505, 10.031, 10.03, 9.836, 9.408, 9.339, 9.356, 10.488, 10.694, 10.102, 9.782, 9.365, 7.939, 6.81, 5.463, 4.518, 3.028, 1.48, 1.56, 1.99, 1.64, 3.13, 4.63, 6.283, 8.6, 9.268, 8.764, 8.799, 9.043, 8.724, 8.285, 8.484, 8.875, 9.158, 9.1, 9.108, 8.612, 8.303, 8.115, 7.489, 7.303, 7.429, 6.93, 6.967, 6.961, 6.74, 6.543, 6.977, 7.167], [1.21, 1.04, 1.02, 0.76, 0, 0.81, 1.7, 2.6, 3.07, 3.35, 3.18, 2.91, 2.55, 2.32, 2.06, 2.92, 4.09, 5.285, 6.175, 6.505, 8.155, 9.473, 10.663, 10.876, 10.337, 9.935, 9.088, 8.35, 7.79, 7.943, 7.674, 7.24, 6.48, 6.25, 6.977, 7.61, 8.412, 9.388, 9.911, 9.893, 9.701, 9.299, 9.199, 9.344, 10.388, 10.546, 10.03, 9.673, 9.279, 7.765, 6.67, 5.368, 4.441, 3.028, 1.48, 1.56, 1.99, 1.52, 2.97, 4.43, 6.058, 8.516, 9.219, 8.698, 8.79, 9.054, 8.726, 8.246, 8.433, 8.809, 9.127, 9.156, 9.168, 8.651, 8.375, 8.172, 7.444, 7.263, 7.389, 6.981, 6.941, 7.021, 6.677, 6.44, 6.991, 7.064], [1.04, 1.03, 1.03, 0.91, 0.81, 0, 1.31, 2.53, 3.1, 3.38, 3.19, 2.92, 2.52, 2.27, 2.05, 2.85, 4.06, 5.218, 6.128, 6.552, 8.22, 9.532, 10.648, 10.829, 10.265, 9.865, 9.12, 8.34, 7.74, 7.893, 7.607, 7.19, 6.45, 6.16, 6.784, 7.415, 8.367, 9.375, 9.861, 9.92, 9.726, 9.338, 9.209, 9.394, 10.378, 10.598, 10.083, 9.778, 9.335, 7.869, 6.72, 5.353, 4.388, 2.973, 1.23, 1.59, 1.78, 1.41, 3.08, 4.56, 6.153, 8.533, 9.236, 8.723, 8.849, 9.076, 8.71, 8.254, 8.47, 8.826, 9.107, 9.12, 9.133, 8.616, 8.322, 8.134, 7.414, 7.273, 7.411, 6.971, 7.031, 7.171, 6.758, 6.513, 7.055, 6.957], [1.11, 1.16, 1.48, 1.74, 1.7, 1.31, 0, 1.6, 2.29, 2.51, 2.4, 2.05, 1.63, 1.44, 1.46, 2.12, 3.35, 4.46, 5.21, 5.742, 7.553, 8.79, 9.847, 10.02, 9.368, 8.949, 8.126, 7.27, 6.748, 6.875, 6.711, 6.22, 5.62, 5.21, 5.728, 6.439, 7.351, 8.407, 9.08, 8.958, 8.83, 8.339, 8.156, 8.479, 9.508, 9.874, 9.182, 9.106, 8.653, 7.093, 5.764, 4.263, 3.298, 1.97, 0.8, 2.16, 2.03, 0.94, 2.45, 3.85, 5.403, 7.68, 8.38, 7.95, 8.153, 8.357, 7.951, 7.421, 7.614, 7.974, 8.251, 8.401, 8.317, 7.718, 7.405, 7.237, 6.615, 6.532, 6.695, 6.315, 6.398, 6.498, 6.165, 5.851, 6.369, 6.121], [1.91, 2.26, 2.6, 2.74, 2.6, 2.53, 1.6, 0, 1.03, 1.41, 1.38, 1.37, 1.59, 1.28, 1.22, 1.52, 2.45, 3.36, 3.99, 4.51, 6.133, 7.302, 8.316, 8.528, 7.956, 7.651, 6.866, 5.97, 5.37, 5.518, 5.354, 4.94, 4.44, 4.21, 4.717, 5.317, 5.961, 7.122, 7.683, 7.627, 7.533, 7.082, 6.925, 7.204, 8.173, 8.497, 7.884, 7.708, 7.336, 5.733, 4.487, 3.048, 2.28, 1.59, 2.12, 3.36, 3.31, 1.92, 1.63, 2.53, 3.965, 6.243, 6.966, 6.536, 6.759, 6.926, 6.534, 5.987, 6.18, 6.5, 6.937, 6.984, 6.983, 6.31, 5.978, 5.819, 5.164, 5.004, 5.261, 4.901, 4.981, 5.101, 4.708, 4.422, 4.991, 4.781], [2.54, 2.73, 3.03, 3.15, 3.07, 3.1, 2.29, 1.03, 0, 0.76, 0.95, 1.14, 1.7, 1.45, 1.61, 1.91, 2.92, 3.43, 3.86, 3.92, 5.442, 6.983, 8.154, 8.327, 7.671, 7.162, 6.344, 5.46, 5.12, 5.161, 4.895, 4.45, 3.93, 4.0, 4.596, 5.067, 5.734, 6.701, 7.142, 7.113, 6.859, 6.49, 6.474, 6.823, 7.63, 7.872, 7.34, 6.982, 6.552, 4.958, 3.823, 2.66, 2.07, 1.74, 2.59, 3.69, 3.88, 2.27, 1.44, 1.96, 3.583, 5.98, 6.708, 6.191, 6.157, 6.418, 6.149, 5.687, 5.897, 6.248, 6.534, 6.459, 6.478, 6.004, 5.745, 5.528, 4.904, 4.744, 4.879, 4.342, 4.425, 4.445, 4.072, 3.92, 4.335, 4.276], [2.74, 2.95, 3.29, 3.41, 3.35, 3.38, 2.51, 1.41, 0.76, 0, 0.51, 1.1, 1.62, 1.55, 1.79, 1.95, 2.94, 3.47, 3.92, 4.02, 5.527, 7.031, 8.214, 8.387, 7.688, 7.165, 6.311, 5.3, 5.111, 5.077, 4.817, 4.11, 3.73, 3.74, 4.296, 4.776, 5.706, 6.595, 7.089, 7.103, 6.639, 6.29, 6.271, 6.803, 7.537, 7.843, 7.262, 6.981, 6.566, 4.76, 3.665, 2.56, 1.85, 1.8, 2.73, 3.71, 3.84, 2.55, 1.68, 2.06, 3.74, 6.043, 6.734, 6.199, 6.234, 6.472, 6.189, 5.718, 5.923, 6.294, 6.554, 6.548, 6.475, 6.016, 5.771, 5.574, 4.962, 4.787, 4.887, 4.493, 4.522, 4.525, 4.24, 4.16, 4.5, 4.259], [2.57, 2.9, 3.22, 3.22, 3.18, 3.19, 2.4, 1.38, 0.95, 0.51, 0, 0.87, 1.47, 1.42, 1.6, 1.82, 2.89, 3.64, 4.17, 4.27, 5.757, 7.301, 8.484, 8.657, 7.992, 7.488, 6.613, 5.607, 5.335, 5.384, 5.107, 4.24, 3.66, 3.67, 4.249, 4.809, 5.872, 6.821, 7.324, 7.286, 6.838, 6.462, 6.485, 7.017, 7.767, 8.096, 7.484, 7.196, 6.81, 4.922, 3.855, 2.59, 1.78, 1.61, 2.56, 3.52, 3.61, 2.38, 1.67, 2.17, 3.97, 6.276, 7.004, 6.463, 6.478, 6.739, 6.479, 5.994, 6.193, 6.581, 6.826, 6.832, 6.822, 6.32, 6.078, 5.861, 5.237, 5.057, 5.177, 4.697, 4.757, 4.712, 4.436, 4.35, 4.73, 4.592], [2.34, 2.59, 2.85, 2.95, 2.91, 2.92, 2.05, 1.37, 1.14, 1.1, 0.87, 0, 1.06, 1.11, 1.41, 1.81, 2.96, 3.73, 4.52, 4.8, 6.285, 7.883, 9.057, 9.23, 8.439, 7.872, 6.994, 6.06, 5.817, 5.886, 5.608, 4.73, 4.11, 4.04, 4.696, 5.341, 6.49, 7.267, 7.859, 7.824, 7.357, 6.875, 6.914, 7.505, 8.259, 8.66, 8.01, 7.741, 7.234, 5.515, 4.285, 3.0, 1.97, 1.2, 2.13, 3.13, 3.34, 2.09, 1.62, 2.5, 4.468, 6.848, 7.551, 6.982, 6.942, 7.247, 7.0, 6.516, 6.726, 7.103, 7.28, 7.37, 7.283, 6.732, 6.559, 6.363, 5.784, 5.624, 5.722, 5.262, 5.322, 5.259, 4.923, 4.794, 5.166, 5.07], [1.8, 2.05, 2.37, 2.57, 2.55, 2.52, 1.63, 1.59, 1.7, 1.62, 1.47, 1.06, 0, 0.93, 1.47, 2.05, 3.36, 4.19, 5.04, 5.34, 6.924, 8.397, 9.488, 9.661, 8.894, 8.356, 7.449, 6.497, 6.277, 6.32, 6.123, 5.13, 4.65, 4.36, 5.067, 5.784, 6.859, 7.71, 8.416, 8.312, 7.847, 7.283, 7.354, 7.916, 8.707, 9.174, 8.46, 8.335, 7.914, 6.014, 4.719, 3.398, 2.21, 1.0, 1.65, 2.71, 2.86, 1.71, 1.8, 3.02, 4.918, 7.266, 7.986, 7.437, 7.525, 7.784, 7.469, 6.95, 7.16, 7.54, 7.729, 7.905, 7.809, 7.236, 6.983, 6.803, 6.239, 6.133, 6.23, 5.833, 5.87, 5.839, 5.586, 5.395, 5.764, 5.588], [1.61, 1.96, 2.26, 2.36, 2.32, 2.27, 1.44, 1.28, 1.45, 1.55, 1.42, 1.11, 0.93, 0, 1.1, 1.72, 3.09, 3.98, 4.81, 5.07, 6.609, 8.062, 9.207, 9.38, 8.602, 8.127, 7.214, 6.328, 6.007, 6.108, 5.829, 5.18, 4.46, 4.23, 4.937, 5.49, 6.596, 7.464, 8.114, 8.03, 7.761, 7.213, 7.15, 7.629, 8.516, 8.899, 8.245, 8.092, 7.634, 5.99, 4.741, 3.237, 2.22, 0.95, 1.46, 2.68, 2.85, 1.42, 1.55, 2.77, 4.588, 6.993, 7.696, 7.152, 7.221, 7.479, 7.171, 6.68, 6.896, 7.25, 7.468, 7.561, 7.494, 6.92, 6.704, 6.51, 5.912, 5.797, 5.926, 5.486, 5.526, 5.535, 5.276, 5.05, 5.422, 5.298], [1.43, 1.8, 2.02, 2.12, 2.06, 2.05, 1.46, 1.22, 1.61, 1.79, 1.6, 1.41, 1.47, 1.1, 0, 1.34, 2.67, 3.74, 4.55, 5.03, 6.775, 8.104, 9.153, 9.346, 8.67, 8.299, 7.32, 6.47, 6.01, 6.126, 5.969, 5.46, 4.82, 4.53, 5.043, 5.811, 6.59, 7.654, 8.303, 8.13, 7.99, 7.471, 7.305, 7.755, 8.665, 9.025, 8.371, 8.277, 7.862, 6.21, 4.921, 3.408, 2.538, 1.53, 1.54, 2.6, 2.93, 1.76, 1.87, 2.95, 4.68, 7.002, 7.665, 7.178, 7.347, 7.585, 7.237, 6.695, 6.857, 7.222, 7.557, 7.727, 7.665, 7.024, 6.736, 6.545, 5.921, 5.858, 5.969, 5.606, 5.618, 5.698, 5.419, 5.137, 5.594, 5.438], [2.09, 2.46, 2.8, 3.08, 2.92, 2.85, 2.12, 1.52, 1.91, 1.95, 1.82, 1.81, 2.05, 1.72, 1.34, 0, 1.73, 2.98, 4.05, 4.79, 6.484, 7.599, 8.422, 8.612, 7.997, 7.774, 6.914, 6.11, 5.579, 5.609, 5.431, 5.12, 4.66, 4.53, 4.87, 5.429, 6.04, 7.267, 7.88, 7.778, 7.71, 7.119, 6.964, 7.338, 8.365, 8.768, 8.09, 7.995, 7.542, 5.913, 4.544, 3.123, 2.32, 1.97, 2.42, 3.46, 3.57, 2.54, 2.23, 2.71, 4.277, 6.46, 7.18, 6.793, 6.993, 7.18, 6.763, 6.184, 6.314, 6.554, 6.951, 7.293, 7.257, 6.487, 6.065, 5.968, 5.401, 5.361, 5.578, 5.218, 5.298, 5.438, 5.065, 4.754, 5.317, 4.995], [3.48, 3.61, 3.93, 4.23, 4.09, 4.06, 3.35, 2.45, 2.92, 2.94, 2.89, 2.96, 3.36, 3.09, 2.67, 1.73, 0, 1.63, 2.8, 3.72, 5.51, 6.495, 7.106, 7.297, 6.855, 6.79, 5.94, 5.36, 4.72, 4.713, 4.58, 4.73, 4.89, 4.82, 5.16, 5.56, 5.776, 6.612, 7.145, 7.045, 6.983, 6.408, 6.506, 6.404, 7.528, 7.858, 7.159, 6.989, 6.592, 5.123, 3.99, 3.1, 2.99, 3.26, 3.75, 4.93, 4.98, 3.71, 3.16, 2.78, 3.27, 5.379, 6.082, 5.655, 5.875, 6.042, 5.596, 5.006, 5.221, 5.441, 5.813, 6.186, 6.159, 5.369, 4.892, 4.858, 4.337, 4.357, 4.474, 4.174, 4.274, 4.45, 4.14, 3.64, 4.34, 4.17], [4.67, 4.7, 4.96, 5.256, 5.285, 5.218, 4.46, 3.36, 3.43, 3.47, 3.64, 3.73, 4.19, 3.98, 3.74, 2.98, 1.63, 0, 1.53, 2.47, 4.24, 5.21, 5.842, 6.012, 5.55, 5.46, 4.69, 4.23, 3.79, 3.79, 3.83, 4.58, 4.98, 4.91, 5.17, 5.51, 5.609, 6.085, 6.292, 6.222, 6.019, 5.709, 6.139, 5.689, 6.327, 6.715, 6.017, 5.833, 5.437, 4.419, 3.56, 3.05, 3.6, 4.13, 4.88, 6.14, 6.19, 4.72, 3.99, 3.27, 2.35, 4.117, 4.777, 4.37, 4.65, 4.723, 4.31, 3.84, 4.11, 4.25, 4.67, 4.86, 4.74, 4.06, 3.67, 3.67, 3.425, 3.402, 3.24, 3.0, 3.3, 3.42, 3.23, 2.73, 3.21, 3.14], [5.56, 5.61, 5.901, 6.19, 6.175, 6.128, 5.21, 3.99, 3.86, 3.92, 4.17, 4.52, 5.04, 4.81, 4.55, 4.05, 2.8, 1.53, 0, 1.14, 2.91, 3.84, 4.726, 4.887, 4.32, 4.17, 3.38, 2.84, 2.84, 2.9, 3.2, 4.15, 4.53, 4.56, 4.76, 5.08, 5.26, 5.521, 5.348, 5.458, 5.23, 5.14, 5.45, 5.08, 5.069, 5.405, 4.825, 4.569, 4.155, 3.67, 3.11, 3.36, 4.25, 4.98, 5.71, 7.05, 7.08, 5.55, 4.72, 3.76, 2.12, 2.767, 3.461, 3.02, 3.28, 3.444, 3.3, 2.79, 3.24, 3.44, 3.78, 3.77, 3.46, 3.05, 2.92, 2.88, 2.79, 2.77, 2.33, 2.41, 2.83, 2.83, 2.58, 2.02, 2.24, 2.27], [6.06, 6.068, 6.31, 6.51, 6.505, 6.552, 5.742, 4.51, 3.92, 4.02, 4.27, 4.8, 5.34, 5.07, 5.03, 4.79, 3.72, 2.47, 1.14, 0, 1.95, 3.343, 4.511, 4.684, 4.048, 3.53, 2.78, 2.28, 2.44, 2.62, 2.8, 3.53, 3.77, 4.0, 4.38, 4.58, 4.96, 5.021, 4.848, 4.938, 4.63, 4.52, 4.95, 4.66, 4.589, 4.679, 4.219, 3.749, 3.235, 2.95, 2.97, 3.52, 4.35, 5.14, 6.05, 7.39, 7.5, 5.81, 4.82, 3.68, 2.2, 2.4, 3.072, 2.61, 2.67, 2.863, 2.82, 2.67, 2.98, 3.2, 3.32, 3.15, 2.92, 2.79, 2.98, 2.9, 2.95, 2.91, 2.11, 2.21, 2.43, 2.27, 2.04, 1.9, 1.5, 1.81], [7.74, 7.898, 8.12, 8.18, 8.155, 8.22, 7.553, 6.133, 5.442, 5.527, 5.757, 6.285, 6.924, 6.609, 6.775, 6.484, 5.51, 4.24, 2.91, 1.95, 0, 1.91, 3.09, 3.316, 2.93, 2.48, 1.97, 1.75, 2.17, 2.67, 2.85, 3.5, 3.64, 4.19, 4.13, 4.17, 4.47, 4.557, 4.218, 4.454, 4.22, 4.33, 4.46, 4.25, 4.002, 3.832, 3.652, 2.882, 2.3, 2.52, 3.38, 4.27, 5.48, 6.644, 7.795, 8.949, 9.036, 7.355, 5.77, 4.55, 2.77, 1.67, 1.87, 1.66, 1.58, 1.59, 2.11, 2.42, 2.43, 2.53, 2.79, 2.38, 2.27, 2.48, 2.83, 2.87, 3.0, 2.86, 2.24, 2.28, 2.34, 2.2, 2.05, 2.39, 1.77, 2.08], [9.06, 9.19, 9.339, 9.548, 9.473, 9.532, 8.79, 7.302, 6.983, 7.031, 7.301, 7.883, 8.397, 8.062, 8.104, 7.599, 6.495, 5.21, 3.84, 3.343, 1.91, 0, 1.42, 2.01, 2.04, 2.05, 2.1, 2.24, 2.36, 2.74, 2.8, 3.79, 4.43, 4.9, 4.44, 4.2, 4.26, 4.487, 4.091, 4.344, 4.13, 4.26, 4.37, 3.96, 3.752, 3.562, 3.425, 2.73, 2.35, 3.09, 4.03, 5.2, 6.71, 8.146, 9.227, 10.387, 10.263, 8.676, 7.245, 5.78, 3.68, 1.72, 1.38, 1.67, 1.77, 1.42, 1.82, 2.21, 1.98, 1.98, 1.76, 1.69, 1.6, 1.99, 2.54, 2.56, 2.93, 2.79, 2.47, 2.69, 2.73, 2.85, 3.339, 3.54, 2.98, 2.99], [10.117, 10.281, 10.504, 10.698, 10.663, 10.648, 9.847, 8.316, 8.154, 8.214, 8.484, 9.057, 9.488, 9.207, 9.153, 8.422, 7.106, 5.842, 4.726, 4.511, 3.09, 1.42, 0, 1.07, 1.76, 2.15, 2.56, 3.08, 3.34, 3.28, 3.5, 4.71, 5.65, 5.96, 5.34, 5.04, 4.36, 4.773, 4.46, 4.587, 4.63, 4.68, 4.65, 4.16, 3.824, 3.625, 3.514, 2.99, 3.07, 4.13, 4.97, 6.24, 7.81, 9.243, 10.332, 11.547, 11.474, 9.852, 8.602, 7.06, 4.84, 2.54, 1.88, 2.41, 2.57, 2.24, 2.56, 2.83, 2.6, 2.36, 2.28, 2.21, 2.24, 2.61, 2.82, 3.04, 3.75, 3.75, 3.49, 3.881, 3.921, 4.072, 4.599, 4.722, 4.18, 4.17], [10.31, 10.454, 10.677, 10.871, 10.876, 10.829, 10.02, 8.528, 8.327, 8.387, 8.657, 9.23, 9.661, 9.38, 9.346, 8.612, 7.297, 6.012, 4.887, 4.684, 3.316, 2.01, 1.07, 0, 1.15, 1.8, 2.39, 3.23, 3.53, 3.39, 3.71, 4.9, 5.88, 6.13, 5.43, 5.01, 4.33, 4.506, 4.25, 4.34, 4.56, 4.59, 4.42, 3.93, 3.48, 3.207, 3.13, 2.72, 2.8, 4.18, 5.1, 6.416, 7.986, 9.416, 10.505, 11.799, 11.747, 10.105, 8.867, 7.312, 5.03, 2.69, 1.99, 2.5, 2.66, 2.35, 2.61, 2.92, 2.73, 2.43, 2.49, 2.32, 2.23, 2.72, 2.87, 3.03, 3.82, 3.9, 3.7, 4.114, 4.134, 4.282, 4.849, 4.926, 4.338, 4.34], [9.703, 9.83, 10.07, 10.415, 10.337, 10.265, 9.368, 7.956, 7.671, 7.688, 7.992, 8.439, 8.894, 8.602, 8.67, 7.997, 6.855, 5.55, 4.32, 4.048, 2.93, 2.04, 1.76, 1.15, 0, 0.89, 1.64, 2.56, 2.82, 2.7, 3.0, 4.23, 5.192, 5.46, 4.74, 4.2, 3.54, 3.533, 3.34, 3.45, 3.63, 3.56, 3.49, 3.0, 2.55, 2.377, 2.2, 1.89, 1.99, 3.51, 4.379, 5.64, 7.184, 8.6, 9.776, 11.12, 11.161, 9.515, 8.262, 6.664, 4.428, 2.26, 1.94, 2.29, 2.19, 1.9, 2.28, 2.43, 2.36, 2.2, 2.3, 2.31, 2.0, 2.37, 2.8, 2.96, 3.47, 3.59, 3.41, 3.87, 3.89, 3.95, 4.368, 4.468, 3.685, 3.59], [9.335, 9.378, 9.6, 9.98, 9.935, 9.865, 8.949, 7.651, 7.162, 7.165, 7.488, 7.872, 8.356, 8.127, 8.299, 7.774, 6.79, 5.46, 4.17, 3.53, 2.48, 2.05, 2.15, 1.8, 0.89, 0, 1.17, 2.11, 2.39, 2.45, 2.69, 3.7, 4.702, 4.97, 4.43, 3.77, 3.65, 3.42, 3.25, 3.42, 3.48, 3.39, 3.4, 2.99, 2.46, 2.361, 2.184, 1.72, 1.72, 3.16, 3.96, 5.205, 6.612, 7.993, 9.315, 10.629, 10.792, 9.062, 7.814, 6.212, 4.03, 2.13, 1.95, 2.16, 1.96, 1.81, 2.19, 2.34, 2.39, 2.37, 2.27, 2.36, 1.95, 2.32, 2.95, 3.01, 3.5, 3.48, 3.18, 3.6, 3.62, 3.62, 3.95, 4.11, 3.25, 3.14], [8.43, 8.49, 8.83, 9.17, 9.088, 9.12, 8.126, 6.866, 6.344, 6.311, 6.613, 6.994, 7.449, 7.214, 7.32, 6.914, 5.94, 4.69, 3.38, 2.78, 1.97, 2.1, 2.56, 2.39, 1.64, 1.17, 0, 1.2, 1.8, 2.04, 2.34, 3.21, 3.91, 4.12, 3.6, 3.58, 3.78, 3.693, 3.62, 3.59, 3.65, 3.58, 3.55, 3.3, 2.79, 2.948, 2.508, 2.27, 1.83, 2.41, 3.19, 4.28, 5.676, 7.071, 8.428, 9.788, 9.952, 8.248, 6.979, 5.4, 3.26, 1.7, 1.68, 1.69, 1.55, 1.68, 2.14, 2.21, 2.2, 2.3, 2.48, 2.49, 2.12, 2.17, 2.62, 2.76, 3.15, 3.15, 2.79, 3.19, 3.13, 3.05, 3.4, 3.38, 2.54, 2.41], [7.56, 7.79, 8.21, 8.47, 8.35, 8.34, 7.27, 5.97, 5.46, 5.3, 5.607, 6.06, 6.497, 6.328, 6.47, 6.11, 5.36, 4.23, 2.84, 2.28, 1.75, 2.24, 3.08, 3.23, 2.56, 2.11, 1.2, 0, 1.2, 1.7, 1.9, 2.41, 3.01, 3.22, 2.86, 3.02, 3.44, 3.43, 3.337, 3.344, 3.17, 3.22, 3.19, 3.38, 2.969, 3.314, 2.885, 2.549, 1.99, 1.75, 2.49, 3.38, 4.802, 6.26, 7.61, 8.799, 8.846, 7.47, 6.1, 4.54, 2.68, 1.6, 1.94, 1.75, 1.61, 1.72, 2.08, 1.95, 2.1, 2.28, 2.58, 2.57, 2.14, 2.17, 2.58, 2.64, 2.83, 2.71, 2.39, 2.73, 2.75, 2.67, 2.88, 2.74, 2.04, 1.81], [7.04, 7.33, 7.71, 7.93, 7.79, 7.74, 6.748, 5.37, 5.12, 5.111, 5.335, 5.817, 6.277, 6.007, 6.01, 5.579, 4.72, 3.79, 2.84, 2.44, 2.17, 2.36, 3.34, 3.53, 2.82, 2.39, 1.8, 1.2, 0, 1.16, 1.34, 2.03, 2.59, 2.86, 2.44, 2.58, 2.84, 2.947, 3.008, 2.961, 2.83, 2.64, 2.87, 2.8, 3.069, 3.488, 2.828, 2.649, 2.23, 1.55, 2.19, 3.0, 4.53, 5.946, 7.185, 8.385, 8.512, 6.91, 5.68, 4.32, 2.3, 2.0, 2.38, 2.13, 2.13, 1.9, 2.02, 1.63, 1.68, 1.9, 2.12, 2.31, 2.08, 2.03, 2.36, 2.42, 2.49, 2.29, 2.07, 2.43, 2.53, 2.41, 2.58, 2.48, 1.94, 1.73], [7.145, 7.386, 7.789, 8.063, 7.943, 7.893, 6.875, 5.518, 5.161, 5.077, 5.384, 5.886, 6.32, 6.108, 6.126, 5.609, 4.713, 3.79, 2.9, 2.62, 2.67, 2.74, 3.28, 3.39, 2.7, 2.45, 2.04, 1.7, 1.16, 0, 0.82, 1.99, 2.99, 3.1, 2.6, 2.6, 2.56, 2.844, 2.845, 2.881, 2.71, 2.5, 2.73, 2.74, 2.989, 3.422, 2.762, 2.61, 2.43, 1.69, 2.01, 3.12, 4.659, 6.069, 7.312, 8.548, 8.548, 7.098, 5.802, 4.28, 2.26, 2.34, 2.76, 2.59, 2.63, 2.34, 2.02, 1.33, 1.4, 1.64, 2.0, 2.25, 1.96, 1.79, 1.96, 2.0, 2.07, 2.07, 2.07, 2.31, 2.43, 2.15, 2.52, 2.5, 1.98, 1.59], [6.961, 7.157, 7.517, 7.817, 7.674, 7.607, 6.711, 5.354, 4.895, 4.817, 5.107, 5.608, 6.123, 5.829, 5.969, 5.431, 4.58, 3.83, 3.2, 2.8, 2.85, 2.8, 3.5, 3.71, 3.0, 2.69, 2.34, 1.9, 1.34, 0.82, 0, 1.69, 2.63, 2.8, 2.46, 2.28, 2.4, 2.638, 2.742, 2.892, 2.63, 2.42, 2.57, 2.679, 3.208, 3.56, 2.918, 2.754, 2.61, 1.71, 1.93, 2.9, 4.439, 5.869, 7.089, 8.298, 8.275, 6.874, 5.502, 4.02, 2.28, 2.66, 3.08, 2.83, 2.89, 2.58, 2.1, 1.57, 1.54, 1.82, 2.12, 2.29, 2.14, 1.97, 2.06, 2.12, 1.97, 2.07, 2.15, 2.31, 2.29, 2.01, 2.42, 2.5, 1.92, 1.47], [6.51, 6.8, 7.16, 7.34, 7.24, 7.19, 6.22, 4.94, 4.45, 4.11, 4.24, 4.73, 5.13, 5.18, 5.46, 5.12, 4.73, 4.58, 4.15, 3.53, 3.5, 3.79, 4.71, 4.9, 4.23, 3.7, 3.21, 2.41, 2.03, 1.99, 1.69, 0, 1.62, 1.93, 1.55, 1.55, 2.426, 3.058, 3.565, 3.484, 3.055, 2.81, 2.692, 3.242, 3.937, 4.335, 3.723, 3.675, 3.595, 1.98, 2.02, 2.37, 3.38, 4.93, 6.46, 7.398, 7.368, 6.36, 5.07, 3.61, 3.09, 3.59, 3.95, 3.72, 3.72, 3.47, 3.25, 2.78, 2.79, 3.11, 3.33, 3.4, 3.17, 3.22, 3.37, 3.33, 3.14, 2.96, 3.28, 3.24, 3.16, 2.82, 3.13, 3.33, 2.83, 2.24], [5.81, 6.3, 6.58, 6.58, 6.48, 6.45, 5.62, 4.44, 3.93, 3.73, 3.66, 4.11, 4.65, 4.46, 4.82, 4.66, 4.89, 4.98, 4.53, 3.77, 3.64, 4.43, 5.65, 5.88, 5.192, 4.702, 3.91, 3.01, 2.59, 2.99, 2.63, 1.62, 0, 1.09, 1.29, 1.79, 3.013, 3.951, 4.494, 4.417, 4.1, 3.641, 3.529, 4.038, 4.936, 5.2, 4.568, 4.224, 3.843, 2.34, 2.34, 2.43, 3.12, 4.09, 5.68, 6.56, 6.611, 5.36, 4.35, 3.49, 3.33, 3.97, 4.27, 3.9, 3.82, 3.81, 3.93, 3.44, 3.43, 3.83, 4.07, 4.18, 4.15, 4.06, 4.19, 4.11, 3.72, 3.46, 3.64, 3.62, 3.58, 3.1, 3.15, 3.35, 3.01, 2.66], [5.5, 6.05, 6.33, 6.37, 6.25, 6.16, 5.21, 4.21, 4.0, 3.74, 3.67, 4.04, 4.36, 4.23, 4.53, 4.53, 4.82, 4.91, 4.56, 4.0, 4.19, 4.9, 5.96, 6.13, 5.46, 4.97, 4.12, 3.22, 2.86, 3.1, 2.8, 1.93, 1.09, 0, 1.06, 1.858, 3.166, 4.185, 4.831, 4.714, 4.334, 3.895, 3.743, 4.338, 5.181, 5.573, 4.916, 4.742, 4.325, 2.59, 2.37, 2.38, 3.09, 4.06, 5.27, 6.23, 6.14, 5.05, 4.46, 3.42, 3.24, 3.98, 4.56, 4.03, 3.99, 4.14, 4.02, 3.45, 3.54, 3.92, 4.18, 4.47, 4.42, 4.01, 4.08, 3.98, 3.59, 3.47, 3.53, 3.67, 3.57, 3.35, 3.3, 3.52, 3.26, 2.73], [6.027, 6.657, 6.994, 7.057, 6.977, 6.784, 5.728, 4.717, 4.596, 4.296, 4.249, 4.696, 5.067, 4.937, 5.043, 4.87, 5.16, 5.17, 4.76, 4.38, 4.13, 4.44, 5.34, 5.43, 4.74, 4.43, 3.6, 2.86, 2.44, 2.6, 2.46, 1.55, 1.29, 1.06, 0, 1.12, 2.42, 3.588, 4.161, 4.025, 3.808, 3.5, 3.122, 3.752, 4.609, 5.007, 4.358, 4.285, 3.925, 2.25, 2.47, 2.76, 3.55, 4.733, 6.005, 6.854, 6.713, 5.877, 5.236, 4.16, 3.58, 3.72, 4.14, 3.99, 3.97, 3.82, 3.64, 3.17, 3.0, 3.36, 3.86, 4.03, 3.94, 3.65, 3.74, 3.66, 3.47, 3.35, 3.77, 3.89, 3.81, 3.49, 3.8, 3.96, 3.52, 2.91], [6.721, 7.194, 7.514, 7.65, 7.61, 7.415, 6.439, 5.317, 5.067, 4.776, 4.809, 5.341, 5.784, 5.49, 5.811, 5.429, 5.56, 5.51, 5.08, 4.58, 4.17, 4.2, 5.04, 5.01, 4.2, 3.77, 3.58, 3.02, 2.58, 2.6, 2.28, 1.55, 1.79, 1.858, 1.12, 0, 1.8, 2.854, 3.318, 3.351, 3.17, 2.88, 2.55, 3.08, 3.846, 4.341, 3.681, 3.63, 3.35, 2.43, 2.75, 3.2, 4.13, 5.373, 6.659, 7.568, 7.404, 6.562, 5.793, 4.52, 3.9, 4.08, 4.28, 4.21, 4.09, 3.66, 3.46, 3.25, 3.08, 3.44, 3.74, 3.73, 3.54, 3.61, 3.76, 3.76, 3.49, 3.49, 3.97, 4.11, 4.05, 3.73, 4.1, 4.2, 3.7, 3.03], [7.59, 7.956, 8.385, 8.575, 8.412, 8.367, 7.351, 5.961, 5.734, 5.706, 5.872, 6.49, 6.859, 6.596, 6.59, 6.04, 5.776, 5.609, 5.26, 4.96, 4.47, 4.26, 4.36, 4.33, 3.54, 3.65, 3.78, 3.44, 2.84, 2.56, 2.4, 2.426, 3.013, 3.166, 2.42, 1.8, 0, 1.81, 2.28, 2.19, 2.51, 2.14, 1.71, 1.98, 2.71, 3.14, 2.58, 3.01, 3.31, 2.79, 3.03, 3.885, 5.309, 6.548, 7.767, 8.928, 8.787, 7.511, 6.429, 5.128, 4.179, 4.18, 4.4, 4.45, 4.37, 3.9, 3.64, 3.27, 3.02, 3.22, 3.64, 3.81, 3.64, 3.73, 3.8, 3.88, 3.75, 3.59, 4.33, 4.51, 4.43, 4.15, 4.516, 4.639, 4.12, 3.526], [8.669, 8.891, 9.271, 9.505, 9.388, 9.375, 8.407, 7.122, 6.701, 6.595, 6.821, 7.267, 7.71, 7.464, 7.654, 7.267, 6.612, 6.085, 5.521, 5.021, 4.557, 4.487, 4.773, 4.506, 3.533, 3.42, 3.693, 3.43, 2.947, 2.844, 2.638, 3.058, 3.951, 4.185, 3.588, 2.854, 1.81, 0, 1.15, 1.12, 1.48, 1.21, 0.88, 1.29, 1.8, 2.25, 1.95, 2.68, 2.94, 2.84, 3.571, 4.574, 5.933, 7.376, 8.684, 9.937, 10.059, 8.516, 7.204, 5.9, 4.401, 4.41, 4.647, 4.537, 4.36, 3.93, 3.721, 3.434, 3.324, 3.527, 3.567, 3.817, 3.624, 3.817, 4.141, 4.121, 4.0, 3.92, 4.448, 4.628, 4.599, 4.262, 4.709, 4.755, 4.181, 3.639], [9.256, 9.537, 9.86, 10.031, 9.911, 9.861, 9.08, 7.683, 7.142, 7.089, 7.324, 7.859, 8.416, 8.114, 8.303, 7.88, 7.145, 6.292, 5.348, 4.848, 4.218, 4.091, 4.46, 4.25, 3.34, 3.25, 3.62, 3.337, 3.008, 2.845, 2.742, 3.565, 4.494, 4.831, 4.161, 3.318, 2.28, 1.15, 0, 0.93, 1.19, 1.44, 1.35, 1.38, 1.49, 1.82, 1.84, 2.23, 2.53, 2.87, 4.038, 5.234, 6.678, 8.154, 9.391, 10.438, 10.509, 9.106, 7.717, 6.11, 4.342, 4.117, 4.334, 4.27, 3.97, 3.62, 3.505, 3.218, 3.188, 3.308, 3.451, 3.558, 3.368, 3.698, 4.028, 4.022, 3.87, 3.89, 4.23, 4.43, 4.39, 4.186, 4.536, 4.542, 3.942, 3.546], [9.151, 9.456, 9.859, 10.03, 9.893, 9.92, 8.958, 7.627, 7.113, 7.103, 7.286, 7.824, 8.312, 8.03, 8.13, 7.778, 7.045, 6.222, 5.458, 4.938, 4.454, 4.344, 4.587, 4.34, 3.45, 3.42, 3.59, 3.344, 2.961, 2.881, 2.892, 3.484, 4.417, 4.714, 4.025, 3.351, 2.19, 1.12, 0.93, 0, 0.9, 1.23, 1.28, 1.31, 1.7, 2.05, 1.87, 2.48, 2.76, 3.0, 3.968, 5.057, 6.527, 7.986, 9.281, 10.466, 10.527, 9.038, 7.724, 6.219, 4.418, 4.284, 4.51, 4.46, 4.26, 3.85, 3.678, 3.451, 3.421, 3.524, 3.721, 3.771, 3.621, 3.811, 4.178, 4.178, 4.16, 4.16, 4.4, 4.74, 4.656, 4.445, 4.835, 4.772, 4.195, 3.808], [9.066, 9.304, 9.627, 9.836, 9.701, 9.726, 8.83, 7.533, 6.859, 6.639, 6.838, 7.357, 7.847, 7.761, 7.99, 7.71, 6.983, 6.019, 5.23, 4.63, 4.22, 4.13, 4.63, 4.56, 3.63, 3.48, 3.65, 3.17, 2.83, 2.71, 2.63, 3.055, 4.1, 4.334, 3.808, 3.17, 2.51, 1.48, 1.19, 0.9, 0, 1.01, 1.44, 1.63, 1.94, 2.27, 2.19, 2.68, 2.84, 2.5, 3.62, 4.857, 6.117, 7.601, 9.058, 10.124, 10.162, 8.876, 7.499, 5.891, 4.17, 4.19, 4.39, 4.26, 4.1, 3.65, 3.39, 3.22, 3.31, 3.47, 3.51, 3.5, 3.25, 3.66, 4.07, 3.99, 3.9, 3.98, 4.02, 4.34, 4.32, 4.14, 4.51, 4.461, 3.87, 3.46], [8.615, 8.842, 9.196, 9.408, 9.299, 9.338, 8.339, 7.082, 6.49, 6.29, 6.462, 6.875, 7.283, 7.213, 7.471, 7.119, 6.408, 5.709, 5.14, 4.52, 4.33, 4.26, 4.68, 4.59, 3.56, 3.39, 3.58, 3.22, 2.64, 2.5, 2.42, 2.81, 3.641, 3.895, 3.5, 2.88, 2.14, 1.21, 1.44, 1.23, 1.01, 0, 1.05, 1.48, 2.19, 2.64, 2.2, 2.81, 2.85, 2.43, 3.09, 4.194, 5.575, 6.94, 8.47, 9.691, 9.844, 8.405, 7.093, 5.59, 4.0, 4.22, 4.44, 4.29, 4.11, 3.7, 3.42, 3.09, 3.1, 3.34, 3.28, 3.53, 3.28, 3.49, 3.78, 3.8, 3.77, 3.79, 4.01, 4.25, 4.21, 3.83, 4.294, 4.379, 3.78, 3.35], [8.443, 8.742, 9.122, 9.339, 9.199, 9.209, 8.156, 6.925, 6.474, 6.271, 6.485, 6.914, 7.354, 7.15, 7.305, 6.964, 6.506, 6.139, 5.45, 4.95, 4.46, 4.37, 4.65, 4.42, 3.49, 3.4, 3.55, 3.19, 2.87, 2.73, 2.57, 2.692, 3.529, 3.743, 3.122, 2.55, 1.71, 0.88, 1.35, 1.28, 1.44, 1.05, 0, 1.25, 2.16, 2.47, 2.17, 2.7, 2.86, 2.68, 3.32, 4.153, 5.542, 7.03, 8.393, 9.563, 9.651, 8.293, 6.977, 5.618, 4.33, 4.27, 4.51, 4.4, 4.2, 3.79, 3.63, 3.32, 3.21, 3.39, 3.49, 3.78, 3.57, 3.76, 4.07, 4.03, 3.88, 3.86, 4.34, 4.56, 4.44, 4.16, 4.564, 4.709, 4.13, 3.576], [8.788, 8.844, 9.122, 9.356, 9.344, 9.394, 8.479, 7.204, 6.823, 6.803, 7.017, 7.505, 7.916, 7.629, 7.755, 7.338, 6.404, 5.689, 5.08, 4.66, 4.25, 3.96, 4.16, 3.93, 3.0, 2.99, 3.3, 3.38, 2.8, 2.74, 2.679, 3.242, 4.038, 4.338, 3.752, 3.08, 1.98, 1.29, 1.38, 1.31, 1.63, 1.48, 1.25, 0, 1.65, 2.04, 1.7, 2.29, 2.57, 2.77, 3.53, 4.686, 6.177, 7.575, 8.778, 10.138, 10.279, 8.51, 7.403, 5.943, 4.079, 3.84, 4.1, 4.03, 3.79, 3.4, 3.28, 2.93, 2.86, 3.02, 3.08, 3.41, 3.2, 3.37, 3.7, 3.74, 3.61, 3.55, 3.99, 4.19, 4.15, 3.89, 4.34, 4.499, 3.88, 3.546], [9.743, 9.937, 10.26, 10.488, 10.388, 10.378, 9.508, 8.173, 7.63, 7.537, 7.767, 8.259, 8.707, 8.516, 8.665, 8.365, 7.528, 6.327, 5.069, 4.589, 4.002, 3.752, 3.824, 3.48, 2.55, 2.46, 2.79, 2.969, 3.069, 2.989, 3.208, 3.937, 4.936, 5.181, 4.609, 3.846, 2.71, 1.8, 1.49, 1.7, 1.94, 2.19, 2.16, 1.65, 0, 0.83, 0.97, 1.54, 2.06, 3.095, 4.21, 5.556, 6.994, 8.45, 9.755, 10.927, 11.077, 9.539, 8.203, 6.629, 4.591, 3.635, 3.73, 3.72, 3.44, 3.249, 3.381, 3.165, 3.312, 3.392, 3.498, 3.531, 3.069, 3.488, 4.135, 4.175, 4.176, 4.184, 4.196, 4.659, 4.622, 4.479, 4.832, 4.841, 4.118, 3.782], [10.064, 10.251, 10.534, 10.694, 10.546, 10.598, 9.874, 8.497, 7.872, 7.843, 8.096, 8.66, 9.174, 8.899, 9.025, 8.768, 7.858, 6.715, 5.405, 4.679, 3.832, 3.562, 3.625, 3.207, 2.377, 2.361, 2.948, 3.314, 3.488, 3.422, 3.56, 4.335, 5.2, 5.573, 5.007, 4.341, 3.14, 2.25, 1.82, 2.05, 2.27, 2.64, 2.47, 2.04, 0.83, 0, 0.92, 1.39, 2.11, 3.371, 4.577, 5.98, 7.444, 8.891, 10.091, 11.311, 11.372, 9.743, 8.411, 6.861, 4.773, 3.545, 3.548, 3.63, 3.29, 3.139, 3.488, 3.335, 3.405, 3.485, 3.62, 3.53, 3.108, 3.655, 4.305, 4.344, 4.249, 4.259, 4.195, 4.59, 4.554, 4.467, 4.78, 5.045, 4.228, 4.035], [9.408, 9.536, 9.882, 10.102, 10.03, 10.083, 9.182, 7.884, 7.34, 7.262, 7.484, 8.01, 8.46, 8.245, 8.371, 8.09, 7.159, 6.017, 4.825, 4.219, 3.652, 3.425, 3.514, 3.13, 2.2, 2.184, 2.508, 2.885, 2.828, 2.762, 2.918, 3.723, 4.568, 4.916, 4.358, 3.681, 2.58, 1.95, 1.84, 1.87, 2.19, 2.2, 2.17, 1.7, 0.97, 0.92, 0, 1.23, 1.79, 2.87, 3.889, 5.234, 6.771, 8.159, 9.442, 10.745, 10.863, 9.19, 7.917, 6.387, 4.268, 3.345, 3.44, 3.45, 3.15, 2.98, 3.154, 2.918, 3.005, 3.105, 3.26, 3.31, 2.82, 3.258, 3.868, 3.928, 3.83, 3.87, 3.938, 4.352, 4.318, 4.092, 4.522, 4.611, 3.868, 3.578], [9.29, 9.436, 9.705, 9.782, 9.673, 9.778, 9.106, 7.708, 6.982, 6.981, 7.196, 7.741, 8.335, 8.092, 8.277, 7.995, 6.989, 5.833, 4.569, 3.749, 2.882, 2.73, 2.99, 2.72, 1.89, 1.72, 2.27, 2.549, 2.649, 2.61, 2.754, 3.675, 4.224, 4.742, 4.285, 3.63, 3.01, 2.68, 2.23, 2.48, 2.68, 2.81, 2.7, 2.29, 1.54, 1.39, 1.23, 0, 1.18, 2.512, 3.746, 5.221, 6.693, 8.06, 9.288, 10.4, 10.481, 8.793, 7.352, 5.872, 3.9, 2.71, 2.77, 2.78, 2.32, 2.23, 2.49, 2.42, 2.49, 2.65, 2.79, 2.74, 2.43, 2.82, 3.47, 3.53, 3.38, 3.24, 3.236, 3.639, 3.6, 3.379, 3.692, 3.975, 3.218, 3.22], [8.878, 9.045, 9.305, 9.365, 9.279, 9.335, 8.653, 7.336, 6.552, 6.566, 6.81, 7.234, 7.914, 7.634, 7.862, 7.542, 6.592, 5.437, 4.155, 3.235, 2.3, 2.35, 3.07, 2.8, 1.99, 1.72, 1.83, 1.99, 2.23, 2.43, 2.61, 3.595, 3.843, 4.325, 3.925, 3.35, 3.31, 2.94, 2.53, 2.76, 2.84, 2.85, 2.86, 2.57, 2.06, 2.11, 1.79, 1.18, 0, 2.08, 3.266, 4.766, 6.272, 7.62, 8.853, 9.985, 10.106, 8.419, 6.849, 5.352, 3.525, 2.27, 2.43, 2.36, 1.92, 1.77, 2.11, 2.22, 2.23, 2.37, 2.41, 2.32, 2.01, 2.5, 3.11, 3.09, 3.08, 3.04, 2.876, 3.279, 3.179, 2.97, 3.166, 3.423, 2.615, 2.744], [7.249, 7.545, 7.885, 7.939, 7.765, 7.869, 7.093, 5.733, 4.958, 4.76, 4.922, 5.515, 6.014, 5.99, 6.21, 5.913, 5.123, 4.419, 3.67, 2.95, 2.52, 3.09, 4.13, 4.18, 3.51, 3.16, 2.41, 1.75, 1.55, 1.69, 1.71, 1.98, 2.34, 2.59, 2.25, 2.43, 2.79, 2.84, 2.87, 3.0, 2.5, 2.43, 2.68, 2.77, 3.095, 3.371, 2.87, 2.512, 2.08, 0, 1.66, 3.077, 4.381, 5.817, 7.287, 8.176, 8.292, 6.876, 5.4, 3.854, 2.37, 2.43, 2.85, 2.54, 2.32, 2.21, 2.23, 1.98, 1.91, 2.39, 2.71, 2.72, 2.59, 2.46, 2.83, 2.77, 2.36, 2.18, 2.4, 2.58, 2.7, 2.3, 2.61, 2.67, 2.17, 1.94], [6.02, 6.23, 6.613, 6.81, 6.67, 6.72, 5.764, 4.487, 3.823, 3.665, 3.855, 4.285, 4.719, 4.741, 4.921, 4.544, 3.99, 3.56, 3.11, 2.97, 3.38, 4.03, 4.97, 5.1, 4.379, 3.96, 3.19, 2.49, 2.19, 2.01, 1.93, 2.02, 2.34, 2.37, 2.47, 2.75, 3.03, 3.571, 4.038, 3.968, 3.62, 3.09, 3.32, 3.53, 4.21, 4.577, 3.889, 3.746, 3.266, 1.66, 0, 1.73, 3.14, 4.43, 5.984, 7.158, 7.305, 5.75, 4.41, 2.95, 2.07, 3.17, 3.85, 3.46, 3.4, 3.39, 2.97, 2.44, 2.63, 3.07, 3.21, 3.46, 3.37, 2.84, 2.67, 2.51, 2.08, 1.94, 2.26, 2.28, 2.46, 2.18, 2.47, 2.49, 2.21, 2.14], [4.573, 4.845, 5.265, 5.463, 5.368, 5.353, 4.263, 3.048, 2.66, 2.56, 2.59, 3.0, 3.398, 3.237, 3.408, 3.123, 3.1, 3.05, 3.36, 3.52, 4.27, 5.2, 6.24, 6.416, 5.64, 5.205, 4.28, 3.38, 3.0, 3.12, 2.9, 2.37, 2.43, 2.38, 2.76, 3.2, 3.885, 4.574, 5.234, 5.057, 4.857, 4.194, 4.153, 4.686, 5.556, 5.98, 5.234, 5.221, 4.766, 3.077, 1.73, 0, 1.63, 3.06, 4.483, 5.705, 5.852, 4.463, 3.22, 2.1, 1.98, 4.14, 4.84, 4.43, 4.47, 4.626, 4.277, 3.704, 3.909, 4.28, 4.497, 4.747, 4.64, 3.984, 3.726, 3.56, 3.01, 2.95, 3.09, 2.81, 2.89, 2.87, 2.78, 2.66, 2.8, 2.63], [3.608, 3.961, 4.241, 4.518, 4.441, 4.388, 3.298, 2.28, 2.07, 1.85, 1.78, 1.97, 2.21, 2.22, 2.538, 2.32, 2.99, 3.6, 4.25, 4.35, 5.48, 6.71, 7.81, 7.986, 7.184, 6.612, 5.676, 4.802, 4.53, 4.659, 4.439, 3.38, 3.12, 3.09, 3.55, 4.13, 5.309, 5.933, 6.678, 6.527, 6.117, 5.575, 5.542, 6.177, 6.994, 7.444, 6.771, 6.693, 6.272, 4.381, 3.14, 1.63, 0, 1.73, 3.42, 4.398, 4.531, 3.46, 2.43, 1.99, 3.31, 5.61, 6.302, 5.786, 5.889, 6.116, 5.785, 5.254, 5.456, 5.796, 5.999, 6.255, 6.105, 5.512, 5.256, 5.076, 4.566, 4.48, 4.58, 4.18, 4.2, 4.24, 4.03, 3.79, 4.11, 3.94], [2.22, 2.59, 2.87, 3.028, 3.028, 2.973, 1.97, 1.59, 1.74, 1.8, 1.61, 1.2, 1.0, 0.95, 1.53, 1.97, 3.26, 4.13, 4.98, 5.14, 6.644, 8.146, 9.243, 9.416, 8.6, 7.993, 7.071, 6.26, 5.946, 6.069, 5.869, 4.93, 4.09, 4.06, 4.733, 5.373, 6.548, 7.376, 8.154, 7.986, 7.601, 6.94, 7.03, 7.575, 8.45, 8.891, 8.159, 8.06, 7.62, 5.817, 4.43, 3.06, 1.73, 0, 1.97, 3.13, 3.28, 2.03, 1.86, 2.78, 4.652, 7.012, 7.752, 7.187, 7.253, 7.495, 7.209, 6.693, 6.912, 7.252, 7.426, 7.645, 7.546, 6.91, 6.694, 6.512, 5.987, 5.89, 6.01, 5.593, 5.647, 5.57, 5.34, 5.137, 5.494, 5.327], [1.17, 1.18, 1.32, 1.48, 1.48, 1.23, 0.8, 2.12, 2.59, 2.73, 2.56, 2.13, 1.65, 1.46, 1.54, 2.42, 3.75, 4.88, 5.71, 6.05, 7.795, 9.227, 10.332, 10.505, 9.776, 9.315, 8.428, 7.61, 7.185, 7.312, 7.089, 6.46, 5.68, 5.27, 6.005, 6.659, 7.767, 8.684, 9.391, 9.281, 9.058, 8.47, 8.393, 8.778, 9.755, 10.091, 9.442, 9.288, 8.853, 7.287, 5.984, 4.483, 3.42, 1.97, 0, 1.7, 1.81, 0.92, 2.63, 4.05, 5.796, 8.159, 8.87, 8.326, 8.392, 8.622, 8.311, 7.82, 8.036, 8.41, 8.627, 8.721, 8.674, 8.08, 7.853, 7.693, 7.074, 6.957, 7.066, 6.666, 6.712, 6.752, 6.439, 6.19, 6.591, 6.56], [1.69, 1.82, 1.6, 1.56, 1.56, 1.59, 2.16, 3.36, 3.69, 3.71, 3.52, 3.13, 2.71, 2.68, 2.6, 3.46, 4.93, 6.14, 7.05, 7.39, 8.949, 10.387, 11.547, 11.799, 11.12, 10.629, 9.788, 8.799, 8.385, 8.548, 8.298, 7.398, 6.56, 6.23, 6.854, 7.568, 8.928, 9.937, 10.438, 10.466, 10.124, 9.691, 9.563, 10.138, 10.927, 11.311, 10.745, 10.4, 9.985, 8.176, 7.158, 5.705, 4.398, 3.13, 1.7, 0, 1.13, 1.96, 3.59, 4.95, 6.985, 9.358, 10.061, 9.518, 9.524, 9.765, 9.574, 9.057, 9.256, 9.609, 9.913, 10.044, 10.017, 9.436, 9.216, 9.036, 8.332, 8.114, 8.229, 7.826, 7.892, 7.995, 7.559, 7.29, 7.836, 7.783], [1.82, 1.97, 2.07, 1.99, 1.99, 1.78, 2.03, 3.31, 3.88, 3.84, 3.61, 3.34, 2.86, 2.85, 2.93, 3.57, 4.98, 6.19, 7.08, 7.5, 9.036, 10.263, 11.474, 11.747, 11.161, 10.792, 9.952, 8.846, 8.512, 8.548, 8.275, 7.368, 6.611, 6.14, 6.713, 7.404, 8.787, 10.059, 10.509, 10.527, 10.162, 9.844, 9.651, 10.279, 11.077, 11.372, 10.863, 10.481, 10.106, 8.292, 7.305, 5.852, 4.531, 3.28, 1.81, 1.13, 0, 1.93, 3.62, 4.98, 6.955, 9.249, 10.021, 9.574, 9.697, 9.921, 9.572, 9.085, 9.272, 9.605, 10.012, 10.142, 10.058, 9.558, 9.242, 9.062, 8.338, 8.025, 8.282, 7.922, 7.925, 8.105, 7.692, 7.406, 7.989, 7.836], [1.37, 1.34, 1.6, 1.64, 1.52, 1.41, 0.94, 1.92, 2.27, 2.55, 2.38, 2.09, 1.71, 1.42, 1.76, 2.54, 3.71, 4.72, 5.55, 5.81, 7.355, 8.676, 9.852, 10.105, 9.515, 9.062, 8.248, 7.47, 6.91, 7.098, 6.874, 6.36, 5.36, 5.05, 5.877, 6.562, 7.511, 8.516, 9.106, 9.038, 8.876, 8.405, 8.293, 8.51, 9.539, 9.743, 9.19, 8.793, 8.419, 6.876, 5.75, 4.463, 3.46, 2.03, 0.92, 1.96, 1.93, 0, 2.13, 3.59, 5.314, 7.636, 8.367, 7.838, 7.887, 8.105, 7.862, 7.377, 7.576, 7.944, 8.238, 8.358, 8.377, 7.811, 7.557, 7.397, 6.674, 6.397, 6.549, 6.16, 6.238, 6.298, 5.917, 5.664, 6.231, 6.284], [2.58, 2.85, 3.15, 3.13, 2.97, 3.08, 2.45, 1.63, 1.44, 1.68, 1.67, 1.62, 1.8, 1.55, 1.87, 2.23, 3.16, 3.99, 4.72, 4.82, 5.77, 7.245, 8.602, 8.867, 8.262, 7.814, 6.979, 6.1, 5.68, 5.802, 5.502, 5.07, 4.35, 4.46, 5.236, 5.793, 6.429, 7.204, 7.717, 7.724, 7.499, 7.093, 6.977, 7.403, 8.203, 8.411, 7.917, 7.352, 6.849, 5.4, 4.41, 3.22, 2.43, 1.86, 2.63, 3.59, 3.62, 2.13, 0, 1.94, 3.962, 6.342, 7.11, 6.615, 6.555, 6.848, 6.627, 6.154, 6.361, 6.706, 7.021, 7.075, 7.092, 6.622, 6.36, 6.181, 5.421, 5.146, 5.355, 4.858, 4.838, 4.845, 4.24, 4.049, 4.743, 4.932], [4.02, 4.33, 4.59, 4.63, 4.43, 4.56, 3.85, 2.53, 1.96, 2.06, 2.17, 2.5, 3.02, 2.77, 2.95, 2.71, 2.78, 3.27, 3.76, 3.68, 4.55, 5.78, 7.06, 7.312, 6.664, 6.212, 5.4, 4.54, 4.32, 4.28, 4.02, 3.61, 3.49, 3.42, 4.16, 4.52, 5.128, 5.9, 6.11, 6.219, 5.891, 5.59, 5.618, 5.943, 6.629, 6.861, 6.387, 5.872, 5.352, 3.854, 2.95, 2.1, 1.99, 2.78, 4.05, 4.95, 4.98, 3.59, 1.94, 0, 2.44, 4.819, 5.568, 5.061, 5.039, 5.289, 5.068, 4.598, 4.748, 5.128, 5.425, 5.533, 5.543, 5.058, 4.786, 4.608, 3.863, 3.61, 3.83, 3.43, 3.35, 3.49, 3.12, 2.86, 3.32, 3.41], [5.65, 5.823, 6.106, 6.283, 6.058, 6.153, 5.403, 3.965, 3.583, 3.74, 3.97, 4.468, 4.918, 4.588, 4.68, 4.277, 3.27, 2.35, 2.12, 2.2, 2.77, 3.68, 4.84, 5.03, 4.428, 4.03, 3.26, 2.68, 2.3, 2.26, 2.28, 3.09, 3.33, 3.24, 3.58, 3.9, 4.179, 4.401, 4.342, 4.418, 4.17, 4.0, 4.33, 4.079, 4.591, 4.773, 4.268, 3.9, 3.525, 2.37, 2.07, 1.98, 3.31, 4.652, 5.796, 6.985, 6.955, 5.314, 3.962, 2.44, 0, 2.62, 3.38, 2.91, 3.03, 3.2, 2.86, 2.39, 2.68, 3.04, 3.28, 3.35, 3.34, 2.77, 2.62, 2.5, 1.99, 1.77, 1.77, 1.69, 1.81, 1.97, 1.7, 1.36, 1.52, 1.61], [7.952, 8.108, 8.386, 8.6, 8.516, 8.533, 7.68, 6.243, 5.98, 6.043, 6.276, 6.848, 7.266, 6.993, 7.002, 6.46, 5.379, 4.117, 2.767, 2.4, 1.67, 1.72, 2.54, 2.69, 2.26, 2.13, 1.7, 1.6, 2.0, 2.34, 2.66, 3.59, 3.97, 3.98, 3.72, 4.08, 4.18, 4.41, 4.117, 4.284, 4.19, 4.22, 4.27, 3.84, 3.635, 3.545, 3.345, 2.71, 2.27, 2.43, 3.17, 4.14, 5.61, 7.012, 8.159, 9.358, 9.249, 7.636, 6.342, 4.819, 2.62, 0, 1.12, 0.99, 1.01, 1.34, 1.66, 1.63, 1.66, 1.84, 2.18, 2.25, 1.94, 1.81, 2.16, 2.18, 2.23, 2.19, 1.65, 2.07, 2.13, 2.29, 2.58, 2.62, 2.02, 2.05], [8.632, 8.797, 9.031, 9.268, 9.219, 9.236, 8.38, 6.966, 6.708, 6.734, 7.004, 7.551, 7.986, 7.696, 7.665, 7.18, 6.082, 4.777, 3.461, 3.072, 1.87, 1.38, 1.88, 1.99, 1.94, 1.95, 1.68, 1.94, 2.38, 2.76, 3.08, 3.95, 4.27, 4.56, 4.14, 4.28, 4.4, 4.647, 4.334, 4.51, 4.39, 4.44, 4.51, 4.1, 3.73, 3.548, 3.44, 2.77, 2.43, 2.85, 3.85, 4.84, 6.302, 7.752, 8.87, 10.061, 10.021, 8.367, 7.11, 5.568, 3.38, 1.12, 0, 0.83, 0.95, 1.26, 1.8, 2.01, 1.82, 1.76, 1.92, 1.95, 1.7, 1.81, 2.2, 2.3, 2.65, 2.61, 2.13, 2.59, 2.69, 2.87, 3.22, 3.34, 2.72, 2.77], [8.214, 8.341, 8.539, 8.764, 8.698, 8.723, 7.95, 6.536, 6.191, 6.199, 6.463, 6.982, 7.437, 7.152, 7.178, 6.793, 5.655, 4.37, 3.02, 2.61, 1.66, 1.67, 2.41, 2.5, 2.29, 2.16, 1.69, 1.75, 2.13, 2.59, 2.83, 3.72, 3.9, 4.03, 3.99, 4.21, 4.45, 4.537, 4.27, 4.46, 4.26, 4.29, 4.4, 4.03, 3.72, 3.63, 3.45, 2.78, 2.36, 2.54, 3.46, 4.43, 5.786, 7.187, 8.326, 9.518, 9.574, 7.838, 6.615, 5.061, 2.91, 0.99, 0.83, 0, 0.66, 1.05, 1.63, 1.78, 1.81, 1.77, 2.05, 1.92, 1.65, 1.68, 2.13, 2.21, 2.5, 2.34, 1.7, 2.12, 2.22, 2.48, 2.681, 2.77, 2.23, 2.36], [8.4, 8.499, 8.702, 8.799, 8.79, 8.849, 8.153, 6.759, 6.157, 6.234, 6.478, 6.942, 7.525, 7.221, 7.347, 6.993, 5.875, 4.65, 3.28, 2.67, 1.58, 1.77, 2.57, 2.66, 2.19, 1.96, 1.55, 1.61, 2.13, 2.63, 2.89, 3.72, 3.82, 3.99, 3.97, 4.09, 4.37, 4.36, 3.97, 4.26, 4.1, 4.11, 4.2, 3.79, 3.44, 3.29, 3.15, 2.32, 1.92, 2.32, 3.4, 4.47, 5.889, 7.253, 8.392, 9.524, 9.697, 7.887, 6.555, 5.039, 3.03, 1.01, 0.95, 0.66, 0, 0.85, 1.77, 1.88, 1.85, 1.87, 2.15, 2.06, 1.75, 1.82, 2.33, 2.39, 2.66, 2.44, 1.92, 2.24, 2.34, 2.46, 2.65, 2.87, 2.21, 2.44], [8.621, 8.728, 8.926, 9.043, 9.054, 9.076, 8.357, 6.926, 6.418, 6.472, 6.739, 7.247, 7.784, 7.479, 7.585, 7.18, 6.042, 4.723, 3.444, 2.863, 1.59, 1.42, 2.24, 2.35, 1.9, 1.81, 1.68, 1.72, 1.9, 2.34, 2.58, 3.47, 3.81, 4.14, 3.82, 3.66, 3.9, 3.93, 3.62, 3.85, 3.65, 3.7, 3.79, 3.4, 3.249, 3.139, 2.98, 2.23, 1.77, 2.21, 3.39, 4.626, 6.116, 7.495, 8.622, 9.765, 9.921, 8.105, 6.848, 5.289, 3.2, 1.34, 1.26, 1.05, 0.85, 0, 1.32, 1.61, 1.5, 1.46, 1.7, 1.47, 1.22, 1.57, 2.02, 2.16, 2.45, 2.25, 1.83, 2.35, 2.43, 2.57, 2.891, 3.044, 2.426, 2.55], [8.236, 8.343, 8.497, 8.724, 8.726, 8.71, 7.951, 6.534, 6.149, 6.189, 6.479, 7.0, 7.469, 7.171, 7.237, 6.763, 5.596, 4.31, 3.3, 2.82, 2.11, 1.82, 2.56, 2.61, 2.28, 2.19, 2.14, 2.08, 2.02, 2.02, 2.1, 3.25, 3.93, 4.02, 3.64, 3.46, 3.64, 3.721, 3.505, 3.678, 3.39, 3.42, 3.63, 3.28, 3.381, 3.488, 3.154, 2.49, 2.11, 2.23, 2.97, 4.277, 5.785, 7.209, 8.311, 9.574, 9.572, 7.862, 6.627, 5.068, 2.86, 1.66, 1.8, 1.63, 1.77, 1.32, 0, 0.99, 1.02, 1.16, 1.34, 1.17, 1.16, 1.11, 1.34, 1.32, 1.73, 1.75, 1.61, 2.13, 2.15, 2.15, 2.679, 2.78, 2.131, 2.13], [7.697, 7.824, 8.06, 8.285, 8.246, 8.254, 7.421, 5.987, 5.687, 5.718, 5.994, 6.516, 6.95, 6.68, 6.695, 6.184, 5.006, 3.84, 2.79, 2.67, 2.42, 2.21, 2.83, 2.92, 2.43, 2.34, 2.21, 1.95, 1.63, 1.33, 1.57, 2.78, 3.44, 3.45, 3.17, 3.25, 3.27, 3.434, 3.218, 3.451, 3.22, 3.09, 3.32, 2.93, 3.165, 3.335, 2.918, 2.42, 2.22, 1.98, 2.44, 3.704, 5.254, 6.693, 7.82, 9.057, 9.085, 7.377, 6.154, 4.598, 2.39, 1.63, 2.01, 1.78, 1.88, 1.61, 0.99, 0, 0.75, 0.97, 1.31, 1.54, 1.31, 0.92, 1.29, 1.31, 1.44, 1.4, 1.46, 1.9, 1.92, 1.78, 2.31, 2.47, 1.95, 1.72], [7.861, 8.008, 8.242, 8.484, 8.433, 8.47, 7.614, 6.18, 5.897, 5.923, 6.193, 6.726, 7.16, 6.896, 6.857, 6.314, 5.221, 4.11, 3.24, 2.98, 2.43, 1.98, 2.6, 2.73, 2.36, 2.39, 2.2, 2.1, 1.68, 1.4, 1.54, 2.79, 3.43, 3.54, 3.0, 3.08, 3.02, 3.324, 3.188, 3.421, 3.31, 3.1, 3.21, 2.86, 3.312, 3.405, 3.005, 2.49, 2.23, 1.91, 2.63, 3.909, 5.456, 6.912, 8.036, 9.256, 9.272, 7.576, 6.361, 4.748, 2.68, 1.66, 1.82, 1.81, 1.85, 1.5, 1.02, 0.75, 0, 0.6, 1.22, 1.45, 1.28, 1.07, 1.28, 1.32, 1.41, 1.45, 1.61, 1.99, 1.95, 1.87, 2.42, 2.74, 2.14, 1.89], [8.229, 8.376, 8.618, 8.875, 8.809, 8.826, 7.974, 6.5, 6.248, 6.294, 6.581, 7.103, 7.54, 7.25, 7.222, 6.554, 5.441, 4.25, 3.44, 3.2, 2.53, 1.98, 2.36, 2.43, 2.2, 2.37, 2.3, 2.28, 1.9, 1.64, 1.82, 3.11, 3.83, 3.92, 3.36, 3.44, 3.22, 3.527, 3.308, 3.524, 3.47, 3.34, 3.39, 3.02, 3.392, 3.485, 3.105, 2.65, 2.37, 2.39, 3.07, 4.28, 5.796, 7.252, 8.41, 9.609, 9.605, 7.944, 6.706, 5.128, 3.04, 1.84, 1.76, 1.77, 1.87, 1.46, 1.16, 0.97, 0.6, 0, 0.94, 1.23, 1.2, 1.05, 1.2, 1.34, 1.69, 1.79, 1.77, 2.15, 2.15, 2.25, 2.8, 3.04, 2.44, 2.25], [8.575, 8.651, 8.871, 9.158, 9.127, 9.107, 8.251, 6.937, 6.534, 6.554, 6.826, 7.28, 7.729, 7.468, 7.557, 6.951, 5.813, 4.67, 3.78, 3.32, 2.79, 1.76, 2.28, 2.49, 2.3, 2.27, 2.48, 2.58, 2.12, 2.0, 2.12, 3.33, 4.07, 4.18, 3.86, 3.74, 3.64, 3.567, 3.451, 3.721, 3.51, 3.28, 3.49, 3.08, 3.498, 3.62, 3.26, 2.79, 2.41, 2.71, 3.21, 4.497, 5.999, 7.426, 8.627, 9.913, 10.012, 8.238, 7.021, 5.425, 3.28, 2.18, 1.92, 2.05, 2.15, 1.7, 1.34, 1.31, 1.22, 0.94, 0, 0.93, 1.06, 1.11, 1.48, 1.6, 2.11, 2.23, 2.05, 2.39, 2.41, 2.57, 3.1, 3.34, 2.58, 2.49], [8.726, 8.802, 8.944, 9.1, 9.156, 9.12, 8.401, 6.984, 6.459, 6.548, 6.832, 7.37, 7.905, 7.561, 7.727, 7.293, 6.186, 4.86, 3.77, 3.15, 2.38, 1.69, 2.21, 2.32, 2.31, 2.36, 2.49, 2.57, 2.31, 2.25, 2.29, 3.4, 4.18, 4.47, 4.03, 3.73, 3.81, 3.817, 3.558, 3.771, 3.5, 3.53, 3.78, 3.41, 3.531, 3.53, 3.31, 2.74, 2.32, 2.72, 3.46, 4.747, 6.255, 7.645, 8.721, 10.044, 10.142, 8.358, 7.075, 5.533, 3.35, 2.25, 1.95, 1.92, 2.06, 1.47, 1.17, 1.54, 1.45, 1.23, 0.93, 0, 0.81, 1.1, 1.51, 1.67, 2.14, 2.28, 2.04, 2.28, 2.4, 2.5, 3.018, 3.174, 2.47, 2.54], [8.678, 8.677, 8.777, 9.108, 9.168, 9.133, 8.317, 6.983, 6.478, 6.475, 6.822, 7.283, 7.809, 7.494, 7.665, 7.257, 6.159, 4.74, 3.46, 2.92, 2.27, 1.6, 2.24, 2.23, 2.0, 1.95, 2.12, 2.14, 2.08, 1.96, 2.14, 3.17, 4.15, 4.42, 3.94, 3.54, 3.64, 3.624, 3.368, 3.621, 3.25, 3.28, 3.57, 3.2, 3.069, 3.108, 2.82, 2.43, 2.01, 2.59, 3.37, 4.64, 6.105, 7.546, 8.674, 10.017, 10.058, 8.377, 7.092, 5.543, 3.34, 1.94, 1.7, 1.65, 1.75, 1.22, 1.16, 1.31, 1.28, 1.2, 1.06, 0.81, 0, 1.01, 1.52, 1.74, 2.17, 2.25