[[0, 0.52, 1.23, 2.58, 4.11, 5.07, 5.05, 4.72, 4.67, 5.47, 6.1, 6.3, 5.93, 4.49, 4.495, 4.155, 4.015, 3.26, 2.28, 2.57, 3.2, 5.279, 6.082, 5.834, 5.504, 4.811, 4.617, 4.084, 3.618, 3.734, 3.774, 4.598, 5.101, 5.544, 5.605, 5.315, 5.235, 5.675, 6.388, 6.808, 6.884, 7.278, 7.891, 7.865, 7.275, 5.847, 5.181, 5.348, 4.5, 3.864, 2.9, 2.49, 2.4, 2.39, 3.26, 2.93, 2.27, 2.34, 2.99, 3.88, 4.23, 4.26, 4.37, 4.77, 4.27, 3.88, 4.655, 4.735, 4.378, 4.27, 4.04, 3.19, 4.32, 5.815, 6.06, 5.822, 5.2, 5.58, 6.189, 6.109, 4.33, 2.44, 1.9, 1.96, 1.76, 1.42], [0.52, 0, 1.11, 2.48, 4.01, 4.95, 4.91, 4.56, 4.53, 5.33, 5.98, 6.14, 5.75, 4.35, 4.398, 4.018, 3.918, 3.24, 2.28, 2.55, 3.06, 5.159, 5.976, 5.732, 5.402, 4.685, 4.539, 4.001, 3.587, 3.8, 3.72, 4.458, 4.927, 5.387, 5.428, 5.158, 5.121, 5.518, 6.248, 6.634, 6.79, 7.124, 7.737, 7.708, 7.121, 5.7, 5.188, 5.197, 4.474, 3.864, 2.88, 2.53, 2.6, 2.39, 3.08, 2.79, 2.23, 2.26, 2.95, 3.84, 4.17, 4.22, 4.29, 4.71, 4.19, 3.88, 4.6, 4.678, 4.34, 4.21, 3.98, 3.07, 4.14, 5.683, 5.931, 5.72, 5.08, 5.46, 6.078, 5.998, 4.21, 2.38, 1.74, 1.76, 1.84, 1.5], [1.23, 1.11, 0, 1.91, 3.36, 4.36, 4.34, 3.97, 3.96, 4.78, 5.41, 5.55, 5.06, 3.72, 3.725, 3.41, 3.23, 2.49, 2.15, 2.18, 2.39, 4.654, 5.508, 5.318, 4.989, 4.237, 4.127, 3.554, 3.094, 3.09, 3.128, 3.87, 4.297, 4.717, 4.738, 4.53, 4.49, 4.848, 5.558, 5.944, 6.117, 6.431, 7.044, 7.018, 6.428, 5.19, 4.921, 4.81, 4.01, 3.39, 2.83, 3.04, 2.99, 2.6, 2.75, 2.4, 2.16, 2.27, 2.68, 3.27, 3.56, 3.59, 3.68, 4.14, 3.58, 3.19, 3.91, 3.99, 3.65, 3.54, 3.25, 2.44, 3.65, 5.24, 5.53, 5.31, 4.67, 5.07, 5.671, 5.571, 3.78, 2.01, 1.27, 1.53, 1.85, 1.91], [2.58, 2.48, 1.91, 0, 1.77, 2.81, 2.81, 2.54, 2.47, 3.29, 4.06, 4.3, 3.99, 2.63, 2.72, 2.3, 2.22, 2.08, 3.06, 3.03, 1.96, 3.09, 4.03, 3.811, 3.513, 3.084, 2.844, 2.197, 2.26, 2.455, 2.795, 2.99, 3.33, 3.81, 3.87, 4.02, 4.08, 4.12, 4.55, 4.88, 5.206, 5.434, 5.96, 6.03, 5.76, 5.04, 4.72, 4.4, 3.98, 3.32, 3.42, 3.75, 3.62, 3.09, 2.66, 2.47, 2.55, 2.42, 2.69, 2.66, 2.57, 2.34, 2.59, 2.49, 2.21, 2.64, 3.3, 3.28, 3.16, 3.01, 3.14, 2.65, 2.62, 3.99, 4.26, 3.96, 3.42, 3.76, 4.317, 4.24, 3.03, 1.8, 1.76, 2.1, 3.08, 3.16], [4.11, 4.01, 3.36, 1.77, 0, 1.26, 1.4, 1.31, 1.2, 1.82, 2.51, 2.75, 2.5, 1.64, 1.83, 1.71, 2.11, 2.95, 3.85, 3.9, 2.63, 2.14, 2.86, 2.71, 2.44, 2.1, 1.96, 2.01, 2.61, 2.78, 2.92, 2.9, 3.14, 3.5, 3.66, 3.95, 4.19, 3.93, 4.12, 4.29, 4.5, 4.63, 4.85, 5.12, 5.23, 4.73, 4.43, 4.05, 3.83, 3.47, 3.73, 4.24, 4.23, 3.8, 3.13, 2.98, 3.1, 2.89, 3.26, 2.91, 2.64, 2.41, 2.44, 2.44, 2.08, 3.13, 3.47, 3.37, 3.55, 3.4, 3.31, 3.22, 1.73, 2.56, 2.87, 2.59, 2.17, 2.39, 3.02, 3.12, 3.26, 2.65, 2.91, 3.39, 4.31, 4.37], [5.07, 4.95, 4.36, 2.81, 1.26, 0, 0.52, 0.81, 0.88, 1.04, 1.71, 1.87, 1.72, 1.6, 1.81, 2.11, 2.57, 3.47, 4.31, 4.34, 3.07, 2.06, 2.8, 3.07, 2.84, 2.54, 2.46, 2.81, 3.41, 3.46, 3.44, 3.04, 3.18, 3.48, 3.64, 3.95, 4.27, 3.97, 4.18, 4.41, 4.58, 4.61, 4.77, 5.08, 5.25, 4.83, 4.51, 4.11, 4.31, 3.97, 4.21, 4.94, 4.89, 4.36, 3.49, 3.44, 3.7, 3.65, 3.94, 3.37, 3.1, 2.87, 2.84, 2.84, 2.68, 3.39, 3.65, 3.55, 3.77, 3.7, 3.77, 3.9, 2.29, 2.24, 2.41, 2.23, 1.93, 2.19, 3.1, 3.52, 3.88, 3.57, 3.81, 4.25, 5.19, 5.25], [5.05, 4.91, 4.34, 2.81, 1.4, 0.52, 0, 0.65, 0.72, 1.0, 1.57, 1.73, 1.72, 1.52, 1.77, 2.09, 2.53, 3.43, 4.29, 4.22, 3.07, 2.08, 2.62, 2.95, 2.74, 2.54, 2.3, 2.77, 3.39, 3.38, 3.4, 2.9, 3.04, 3.52, 3.68, 3.99, 4.27, 3.97, 4.14, 4.39, 4.58, 4.61, 4.75, 5.1, 5.25, 4.81, 4.47, 4.17, 4.27, 3.95, 4.09, 4.88, 4.79, 4.28, 3.39, 3.38, 3.62, 3.61, 3.82, 3.43, 3.18, 2.91, 2.86, 2.8, 2.58, 3.23, 3.57, 3.41, 3.61, 3.56, 3.65, 3.84, 2.23, 2.28, 2.51, 2.21, 1.99, 2.09, 3.02, 3.36, 3.82, 3.59, 3.73, 4.21, 5.15, 5.21], [4.72, 4.56, 3.97, 2.54, 1.31, 0.81, 0.65, 0, 0.63, 1.11, 1.74, 1.94, 1.81, 1.43, 1.62, 2.02, 2.36, 3.24, 4.1, 4.07, 2.88, 1.97, 2.61, 2.9, 2.79, 2.63, 2.35, 2.68, 3.14, 3.15, 3.17, 2.97, 3.15, 3.65, 3.77, 4.12, 4.38, 4.1, 4.33, 4.6, 4.79, 4.84, 4.98, 5.31, 5.48, 5.02, 4.6, 4.38, 4.34, 3.96, 4.06, 4.67, 4.56, 4.07, 3.32, 3.25, 3.43, 3.42, 3.81, 3.5, 3.29, 3.0, 2.99, 2.95, 2.53, 3.18, 3.64, 3.56, 3.62, 3.47, 3.5, 3.57, 2.14, 2.49, 2.74, 2.44, 1.98, 2.3, 3.19, 3.51, 3.83, 3.32, 3.34, 3.84, 4.82, 4.86], [4.67, 4.53, 3.96, 2.47, 1.2, 0.88, 0.72, 0.63, 0, 1.02, 1.83, 2.03, 1.82, 1.16, 1.43, 1.85, 2.15, 3.09, 3.99, 3.96, 2.85, 2.14, 2.76, 2.93, 2.74, 2.56, 2.26, 2.69, 3.27, 3.22, 3.26, 2.88, 3.1, 3.54, 3.66, 4.03, 4.31, 4.03, 4.12, 4.43, 4.62, 4.69, 4.83, 5.16, 5.33, 4.85, 4.55, 4.27, 4.37, 4.07, 4.19, 4.78, 4.59, 4.1, 3.25, 3.26, 3.48, 3.39, 3.94, 3.57, 3.26, 3.03, 3.02, 2.96, 2.58, 3.19, 3.57, 3.41, 3.53, 3.48, 3.53, 3.56, 2.03, 2.5, 2.79, 2.49, 2.07, 2.35, 3.24, 3.54, 3.96, 3.27, 3.37, 3.77, 4.81, 4.83], [5.47, 5.33, 4.78, 3.29, 1.82, 1.04, 1.0, 1.11, 1.02, 0, 1.11, 1.25, 1.26, 1.66, 2.07, 2.35, 2.77, 3.69, 4.55, 4.62, 3.43, 2.14, 2.74, 3.17, 2.82, 2.8, 2.6, 3.21, 3.75, 3.8, 3.82, 3.34, 3.52, 3.94, 4.04, 4.39, 4.71, 4.43, 4.5, 4.69, 4.86, 4.85, 4.95, 5.28, 5.45, 5.09, 4.73, 4.39, 4.61, 4.49, 4.61, 5.3, 5.21, 4.72, 3.81, 3.74, 4.02, 3.93, 4.34, 3.93, 3.62, 3.45, 3.4, 3.34, 3.02, 3.71, 4.01, 3.79, 3.97, 3.98, 4.03, 4.16, 2.61, 2.24, 2.33, 2.17, 1.91, 2.03, 3.12, 3.66, 4.36, 3.85, 4.13, 4.55, 5.49, 5.47], [6.1, 5.98, 5.41, 4.06, 2.51, 1.71, 1.57, 1.74, 1.83, 1.11, 0, 0.64, 1.21, 2.21, 2.54, 2.8, 3.26, 4.06, 4.98, 4.91, 3.88, 2.65, 3.03, 3.56, 3.29, 3.11, 2.95, 3.6, 4.3, 4.31, 4.33, 3.67, 3.89, 4.25, 4.35, 4.74, 4.94, 4.66, 4.73, 4.88, 5.01, 4.84, 4.92, 5.25, 5.46, 5.12, 4.74, 4.46, 4.78, 4.76, 4.98, 5.73, 5.66, 5.11, 4.3, 4.23, 4.55, 4.42, 4.75, 4.26, 4.01, 3.86, 3.87, 3.75, 3.47, 4.0, 4.18, 4.06, 4.28, 4.31, 4.34, 4.53, 3.02, 2.55, 2.4, 2.42, 2.24, 2.2, 3.11, 3.91, 4.63, 4.42, 4.76, 5.18, 5.98, 6.0], [6.3, 6.14, 5.55, 4.3, 2.75, 1.87, 1.73, 1.94, 2.03, 1.25, 0.64, 0, 1.09, 2.25, 2.5, 2.76, 3.24, 4.08, 4.88, 4.79, 3.84, 2.57, 2.85, 3.44, 3.19, 3.03, 2.91, 3.6, 4.36, 4.35, 4.23, 3.47, 3.61, 3.95, 4.07, 4.42, 4.6, 4.36, 4.41, 4.54, 4.71, 4.62, 4.7, 5.03, 5.26, 4.86, 4.68, 4.36, 4.52, 4.56, 4.74, 5.61, 5.58, 5.01, 4.2, 4.19, 4.57, 4.36, 4.61, 4.12, 3.89, 3.74, 3.75, 3.55, 3.37, 3.82, 3.9, 3.76, 4.02, 4.15, 4.22, 4.37, 3.0, 2.37, 2.22, 2.32, 2.2, 2.04, 2.95, 3.73, 4.41, 4.46, 4.9, 5.28, 6.0, 6.02], [5.93, 5.75, 5.06, 3.99, 2.5, 1.72, 1.72, 1.81, 1.82, 1.26, 1.21, 1.09, 0, 1.74, 1.97, 2.31, 2.69, 3.55, 4.27, 4.34, 3.43, 2.46, 3.06, 3.47, 3.1, 2.98, 2.9, 3.41, 4.03, 3.94, 3.9, 3.42, 3.42, 3.74, 3.84, 4.17, 4.41, 4.15, 4.1, 4.35, 4.56, 4.45, 4.57, 4.86, 5.09, 4.65, 4.73, 4.39, 4.43, 4.53, 4.67, 5.32, 5.27, 4.76, 4.03, 4.04, 4.34, 4.13, 4.52, 4.13, 3.9, 3.75, 3.76, 3.64, 3.32, 3.69, 3.69, 3.53, 3.73, 3.84, 3.85, 3.84, 2.69, 2.42, 2.37, 2.29, 2.05, 2.39, 3.38, 3.84, 4.3, 4.07, 4.35, 4.67, 5.41, 5.45], [4.49, 4.35, 3.72, 2.63, 1.64, 1.6, 1.52, 1.43, 1.16, 1.66, 2.21, 2.25, 1.74, 0, 0.77, 1.15, 1.45, 2.39, 3.25, 3.26, 2.23, 2.32, 3.0, 3.21, 2.9, 2.44, 2.26, 2.59, 2.95, 2.78, 2.78, 2.68, 2.82, 3.24, 3.3, 3.59, 3.71, 3.63, 3.62, 3.81, 4.02, 4.05, 4.29, 4.58, 4.67, 4.19, 3.97, 3.73, 3.63, 3.57, 3.71, 4.28, 3.99, 3.56, 2.97, 3.06, 3.26, 3.01, 3.52, 3.35, 3.1, 2.85, 3.08, 3.04, 2.42, 2.69, 2.95, 2.73, 2.83, 2.88, 2.87, 2.82, 1.69, 2.54, 2.77, 2.55, 2.15, 2.55, 3.32, 3.54, 3.38, 2.69, 3.05, 3.47, 4.17, 4.09], [4.495, 4.398, 3.725, 2.72, 1.83, 1.81, 1.77, 1.62, 1.43, 2.07, 2.54, 2.5, 1.97, 0.77, 0, 0.98, 1.14, 2.14, 2.86, 2.81, 2.14, 2.41, 3.13, 3.24, 3.05, 2.59, 2.37, 2.52, 2.72, 2.43, 2.31, 2.47, 2.61, 2.91, 2.97, 3.18, 3.26, 3.26, 3.29, 3.56, 3.67, 3.68, 4.06, 4.31, 4.32, 3.84, 3.8, 3.66, 3.42, 3.26, 3.36, 3.97, 3.78, 3.37, 2.8, 2.93, 3.13, 2.98, 3.31, 3.24, 3.03, 2.76, 3.01, 2.99, 2.29, 2.14, 2.44, 2.36, 2.3, 2.39, 2.44, 2.37, 1.76, 2.79, 3.08, 2.84, 2.38, 2.82, 3.49, 3.63, 3.21, 2.66, 3.035, 3.3, 3.98, 3.96], [4.155, 4.018, 3.41, 2.3, 1.71, 2.11, 2.09, 2.02, 1.85, 2.35, 2.8, 2.76, 2.31, 1.15, 0.98, 0, 0.88, 1.7, 2.56, 2.63, 1.68, 2.49, 3.27, 3.12, 2.93, 2.55, 2.17, 2.18, 2.46, 2.19, 2.21, 2.25, 2.33, 2.75, 2.87, 3.06, 3.1, 3.04, 3.03, 3.36, 3.63, 3.7, 4.08, 4.35, 4.26, 3.66, 3.7, 3.48, 3.22, 2.96, 3.06, 3.71, 3.48, 3.01, 2.48, 2.57, 2.83, 2.62, 3.03, 2.94, 2.77, 2.52, 2.73, 2.73, 1.99, 2.0, 2.28, 2.16, 2.18, 2.15, 2.34, 2.23, 1.44, 3.05, 3.38, 3.14, 2.66, 3.08, 3.53, 3.53, 2.99, 2.28, 2.735, 2.998, 3.7, 3.66], [4.015, 3.918, 3.23, 2.22, 2.11, 2.57, 2.53, 2.36, 2.15, 2.77, 3.26, 3.24, 2.69, 1.45, 1.14, 0.88, 0, 1.26, 2.22, 2.41, 1.7, 2.89, 3.71, 3.483, 3.21, 2.69, 2.35, 2.24, 2.38, 2.09, 2.07, 2.11, 2.41, 2.67, 2.71, 2.72, 2.76, 2.84, 2.91, 3.2, 3.489, 3.58, 4.04, 4.15, 4.02, 3.42, 3.66, 3.5, 3.18, 2.92, 3.06, 3.59, 3.28, 2.89, 2.44, 2.53, 2.83, 2.62, 3.01, 3.02, 2.79, 2.54, 2.77, 2.77, 2.13, 1.78, 1.98, 1.86, 1.92, 2.01, 2.14, 1.91, 1.8, 3.47, 3.8, 3.56, 3.1, 3.6, 3.97, 3.87, 2.95, 2.26, 2.6, 2.74, 3.46, 3.5], [3.26, 3.24, 2.49, 2.08, 2.95, 3.47, 3.43, 3.24, 3.09, 3.69, 4.06, 4.08, 3.55, 2.39, 2.14, 1.7, 1.26, 0, 1.58, 1.67, 1.64, 3.73, 4.71, 4.471, 4.153, 3.47, 3.173, 2.643, 2.46, 2.15, 2.289, 2.361, 2.719, 3.11, 3.01, 2.82, 2.62, 2.98, 3.363, 3.753, 3.961, 4.259, 4.807, 4.91, 4.58, 3.72, 3.956, 3.9, 3.3, 2.78, 2.7, 3.11, 2.86, 2.57, 2.22, 2.19, 2.43, 2.36, 2.75, 2.88, 2.79, 2.64, 2.73, 3.15, 2.59, 1.74, 1.72, 2.02, 1.72, 1.89, 2.02, 1.67, 2.72, 4.51, 4.82, 4.6, 4.02, 4.56, 4.966, 4.866, 3.19, 1.96, 2.22, 2.14, 2.64, 2.76], [2.28, 2.28, 2.15, 3.06, 3.85, 4.31, 4.29, 4.1, 3.99, 4.55, 4.98, 4.88, 4.27, 3.25, 2.86, 2.56, 2.22, 1.58, 0, 1.17, 2.1, 4.51, 5.419, 5.212, 4.878, 4.204, 3.981, 3.414, 2.98, 2.79, 2.59, 3.028, 3.479, 3.785, 3.77, 3.32, 3.14, 3.76, 4.27, 4.67, 4.805, 5.155, 5.73, 5.75, 5.16, 3.86, 3.96, 4.014, 3.32, 2.86, 1.92, 2.11, 1.86, 1.65, 2.02, 1.91, 1.67, 1.8, 2.35, 3.12, 3.33, 3.34, 3.39, 3.93, 3.31, 2.24, 2.62, 2.64, 2.32, 2.51, 2.52, 1.83, 3.42, 5.19, 5.5, 5.28, 4.74, 5.18, 5.65, 5.555, 3.77, 2.36, 2.54, 2.28, 1.94, 1.68], [2.57, 2.55, 2.18, 3.03, 3.9, 4.34, 4.22, 4.07, 3.96, 4.62, 4.91, 4.79, 4.34, 3.26, 2.81, 2.63, 2.41, 1.67, 1.17, 0, 1.67, 4.38, 5.32, 5.173, 4.863, 4.117, 3.909, 3.399, 2.97, 2.74, 2.3, 2.812, 3.249, 3.51, 3.573, 3.23, 3.07, 3.63, 4.213, 4.563, 4.675, 5.005, 5.603, 5.633, 5.083, 3.81, 3.884, 3.81, 3.19, 2.73, 2.13, 2.24, 1.91, 1.9, 1.91, 1.96, 1.9, 2.05, 2.42, 2.99, 3.14, 3.07, 3.14, 3.66, 3.22, 2.05, 2.51, 2.63, 2.27, 2.18, 2.37, 1.96, 3.51, 5.18, 5.49, 5.25, 4.81, 5.13, 5.58, 5.485, 3.7, 2.51, 2.63, 2.25, 1.97, 1.85], [3.2, 3.06, 2.39, 1.96, 2.63, 3.07, 3.07, 2.88, 2.85, 3.43, 3.88, 3.84, 3.43, 2.23, 2.14, 1.68, 1.7, 1.64, 2.1, 1.67, 0, 3.05, 4.083, 3.879, 3.549, 2.987, 2.687, 2.16, 2.18, 2.19, 2.17, 2.061, 2.37, 2.83, 2.87, 2.84, 3.0, 3.12, 3.59, 3.96, 4.284, 4.48, 5.0, 4.95, 4.74, 3.96, 3.96, 3.58, 3.38, 2.92, 2.44, 2.85, 2.76, 2.03, 1.66, 1.79, 1.97, 2.06, 2.51, 2.6, 2.39, 2.2, 2.39, 2.59, 2.07, 1.88, 2.56, 2.5, 2.32, 2.15, 2.38, 2.11, 2.28, 4.01, 4.32, 4.08, 3.6, 4.02, 4.33, 4.241, 2.71, 1.98, 2.06, 2.4, 2.66, 2.68], [5.279, 5.159, 4.654, 3.09, 2.14, 2.06, 2.08, 1.97, 2.14, 2.14, 2.65, 2.57, 2.46, 2.32, 2.41, 2.49, 2.89, 3.73, 4.51, 4.38, 3.05, 0, 1.46, 1.89, 1.84, 1.84, 1.98, 2.21, 2.83, 3.06, 3.04, 2.98, 3.14, 3.58, 3.68, 4.07, 4.41, 4.09, 4.38, 4.61, 4.84, 4.85, 5.03, 5.28, 5.45, 5.07, 4.79, 4.37, 4.27, 3.79, 3.93, 4.28, 4.55, 3.98, 3.25, 3.26, 3.68, 3.33, 3.26, 3.05, 2.92, 2.67, 2.6, 2.34, 2.34, 3.41, 3.87, 3.81, 3.77, 3.54, 3.61, 3.48, 2.09, 1.8, 1.93, 1.49, 1.43, 1.75, 2.24, 2.6, 3.16, 3.35, 4.033, 4.536, 5.039, 5.09], [6.082, 5.976, 5.508, 4.03, 2.86, 2.8, 2.62, 2.61, 2.76, 2.74, 3.03, 2.85, 3.06, 3.0, 3.13, 3.27, 3.71, 4.71, 5.419, 5.32, 4.083, 1.46, 0, 1.05, 1.28, 1.8, 1.94, 2.29, 3.13, 3.38, 3.52, 3.18, 3.16, 3.6, 3.72, 4.15, 4.43, 4.07, 4.22, 4.53, 4.8, 4.75, 4.91, 5.26, 5.41, 4.97, 4.65, 4.19, 4.09, 3.93, 4.39, 5.12, 5.421, 4.8, 3.79, 3.86, 4.294, 3.973, 3.58, 3.27, 3.1, 3.03, 2.92, 2.46, 2.8, 3.93, 4.05, 3.93, 4.01, 3.86, 3.71, 4.0, 2.31, 1.56, 1.81, 1.33, 1.59, 1.53, 1.5, 1.74, 3.12, 3.936, 4.765, 5.211, 5.642, 5.756], [5.834, 5.732, 5.318, 3.811, 2.71, 3.07, 2.95, 2.9, 2.93, 3.17, 3.56, 3.44, 3.47, 3.21, 3.24, 3.12, 3.483, 4.471, 5.212, 5.173, 3.879, 1.89, 1.05, 0, 0.87, 1.61, 1.61, 2.02, 2.86, 3.11, 3.21, 2.77, 2.85, 3.33, 3.45, 3.9, 4.2, 3.82, 3.95, 4.3, 4.61, 4.56, 4.8, 5.07, 5.16, 4.8, 4.5, 4.02, 3.94, 3.78, 4.26, 4.97, 5.253, 4.63, 3.66, 3.67, 4.167, 3.746, 3.43, 3.1, 2.93, 2.84, 2.73, 2.31, 2.63, 3.8, 3.92, 3.72, 3.78, 3.69, 3.6, 3.784, 2.08, 2.03, 2.24, 1.74, 1.96, 2.02, 1.59, 1.41, 2.87, 3.689, 4.563, 4.969, 5.375, 5.56], [5.504, 5.402, 4.989, 3.513, 2.44, 2.84, 2.74, 2.79, 2.74, 2.82, 3.29, 3.19, 3.1, 2.9, 3.05, 2.93, 3.21, 4.153, 4.878, 4.863, 3.549, 1.84, 1.28, 0.87, 0, 1.04, 1.24, 1.71, 2.63, 2.92, 2.96, 2.58, 2.76, 3.26, 3.32, 3.77, 4.11, 3.71, 3.8, 4.03, 4.3, 4.21, 4.39, 4.66, 4.83, 4.53, 4.19, 3.71, 3.65, 3.65, 4.05, 4.68, 4.99, 4.38, 3.37, 3.34, 3.817, 3.416, 3.24, 2.83, 2.64, 2.61, 2.5, 2.08, 2.42, 3.53, 3.75, 3.49, 3.67, 3.6, 3.47, 3.58, 2.09, 1.9, 2.19, 1.69, 1.81, 1.87, 1.72, 1.52, 2.76, 3.379, 4.233, 4.659, 5.068, 5.23], [4.811, 4.685, 4.237, 3.084, 2.1, 2.54, 2.54, 2.63, 2.56, 2.8, 3.11, 3.03, 2.98, 2.44, 2.59, 2.55, 2.69, 3.47, 4.204, 4.117, 2.987, 1.84, 1.8, 1.61, 1.04, 0, 0.76, 1.25, 2.05, 2.36, 2.38, 2.02, 2.38, 2.88, 2.98, 3.23, 3.45, 3.15, 3.36, 3.65, 3.76, 3.83, 4.15, 4.22, 4.35, 3.97, 3.53, 3.11, 3.03, 3.01, 3.45, 4.04, 4.363, 3.7, 2.81, 2.74, 3.2, 2.83, 2.64, 2.23, 2.06, 2.07, 2.02, 1.8, 1.9, 2.93, 3.01, 2.97, 2.99, 3.06, 2.75, 2.94, 1.83, 1.72, 2.03, 1.79, 1.79, 1.99, 2.14, 1.84, 2.28, 2.785, 3.576, 4.019, 4.468, 4.559], [4.617, 4.539, 4.127, 2.844, 1.96, 2.46, 2.3, 2.35, 2.26, 2.6, 2.95, 2.91, 2.9, 2.26, 2.37, 2.17, 2.35, 3.173, 3.981, 3.909, 2.687, 1.98, 1.94, 1.61, 1.24, 0.76, 0, 0.97, 1.87, 2.04, 2.16, 1.8, 2.12, 2.62, 2.7, 3.01, 3.29, 3.03, 3.08, 3.39, 3.68, 3.87, 4.13, 4.28, 4.39, 3.81, 3.51, 3.11, 2.93, 2.89, 3.29, 3.88, 4.149, 3.5, 2.65, 2.5, 2.955, 2.61, 2.62, 2.15, 2.04, 1.99, 2.02, 1.82, 1.6, 2.59, 2.85, 2.65, 2.81, 2.8, 2.69, 2.84, 1.51, 2.02, 2.29, 2.11, 2.01, 2.25, 2.24, 1.96, 2.2, 2.685, 3.436, 3.859, 4.314, 4.399], [4.084, 4.001, 3.554, 2.197, 2.01, 2.81, 2.77, 2.68, 2.69, 3.21, 3.6, 3.6, 3.41, 2.59, 2.52, 2.18, 2.24, 2.643, 3.414, 3.399, 2.16, 2.21, 2.29, 2.02, 1.71, 1.25, 0.97, 0, 1.18, 1.53, 1.73, 1.57, 1.93, 2.43, 2.51, 2.74, 2.88, 2.76, 2.99, 3.46, 3.77, 4.0, 4.4, 4.51, 4.42, 3.76, 3.46, 3.06, 2.82, 2.36, 2.74, 3.31, 3.54, 2.97, 2.14, 1.99, 2.45, 2.06, 2.03, 1.62, 1.53, 1.46, 1.57, 1.53, 1.35, 2.22, 2.46, 2.44, 2.34, 2.35, 2.3, 2.35, 1.66, 2.55, 2.82, 2.68, 2.42, 2.88, 2.87, 2.57, 1.91, 2.194, 3.088, 3.349, 3.804, 3.849], [3.618, 3.587, 3.094, 2.26, 2.61, 3.41, 3.39, 3.14, 3.27, 3.75, 4.3, 4.36, 4.03, 2.95, 2.72, 2.46, 2.38, 2.46, 2.98, 2.97, 2.18, 2.83, 3.13, 2.86, 2.63, 2.05, 1.87, 1.18, 0, 0.87, 1.27, 1.85, 2.17, 2.75, 2.83, 2.82, 2.72, 2.74, 3.33, 3.68, 3.81, 4.16, 4.76, 4.73, 4.24, 3.28, 2.98, 2.82, 2.54, 2.04, 2.4, 2.89, 3.12, 2.53, 2.06, 1.87, 2.15, 2.02, 1.73, 1.7, 1.79, 1.86, 1.97, 2.07, 1.93, 2.1, 2.4, 2.52, 2.32, 2.19, 2.06, 2.09, 2.32, 3.45, 3.7, 3.5, 3.3, 3.76, 3.73, 3.41, 2.13, 2.0, 2.768, 3.04, 3.484, 3.452], [3.734, 3.8, 3.09, 2.455, 2.78, 3.46, 3.38, 3.15, 3.22, 3.8, 4.31, 4.35, 3.94, 2.78, 2.43, 2.19, 2.09, 2.15, 2.79, 2.74, 2.19, 3.06, 3.38, 3.11, 2.92, 2.36, 2.04, 1.53, 0.87, 0, 0.96, 1.8, 2.02, 2.44, 2.48, 2.51, 2.43, 2.33, 3.06, 3.31, 3.42, 3.79, 4.37, 4.36, 3.79, 3.01, 2.77, 2.83, 2.19, 1.81, 2.27, 2.86, 2.87, 2.48, 2.09, 2.02, 2.42, 2.17, 1.98, 1.85, 1.88, 2.01, 2.06, 2.32, 2.12, 1.89, 2.05, 2.17, 1.99, 1.86, 1.69, 1.8, 2.31, 3.64, 3.95, 3.83, 3.61, 4.15, 4.1, 3.7, 2.34, 2.19, 2.858, 3.052, 3.414, 3.38], [3.774, 3.72, 3.128, 2.795, 2.92, 3.44, 3.4, 3.17, 3.26, 3.82, 4.33, 4.23, 3.9, 2.78, 2.31, 2.21, 2.07, 2.289, 2.59, 2.3, 2.17, 3.04, 3.52, 3.21, 2.96, 2.38, 2.16, 1.73, 1.27, 0.96, 0, 1.72, 2.02, 2.44, 2.46, 2.45, 2.41, 2.37, 3.04, 3.23, 3.32, 3.61, 4.27, 4.24, 3.63, 2.75, 2.55, 2.39, 2.13, 1.75, 2.07, 2.7, 2.67, 2.14, 1.91, 1.96, 2.28, 2.21, 2.08, 2.01, 2.06, 2.09, 2.16, 2.5, 2.22, 1.83, 2.17, 2.31, 2.07, 1.82, 1.71, 1.96, 2.43, 3.78, 4.11, 3.95, 3.69, 4.17, 4.2, 3.82, 2.54, 2.255, 2.998, 3.029, 3.394, 3.328], [4.598, 4.458, 3.87, 2.99, 2.9, 3.04, 2.9, 2.97, 2.88, 3.34, 3.67, 3.47, 3.42, 2.68, 2.47, 2.25, 2.11, 2.361, 3.028, 2.812, 2.061, 2.98, 3.18, 2.77, 2.58, 2.02, 1.8, 1.57, 1.85, 1.8, 1.72, 0, 0.92, 1.52, 1.64, 1.69, 1.69, 1.67, 2.26, 2.75, 3.0, 3.23, 3.63, 3.62, 3.43, 2.85, 2.95, 2.59, 2.67, 2.25, 2.39, 3.267, 3.257, 2.598, 1.73, 2.0, 2.693, 2.451, 2.28, 1.75, 1.6, 1.47, 1.52, 1.72, 1.72, 1.65, 1.75, 1.83, 1.77, 1.78, 1.91, 2.22, 2.07, 3.22, 3.53, 3.43, 3.43, 3.83, 3.68, 3.24, 2.26, 2.961, 3.518, 3.674, 4.278, 4.24], [5.101, 4.927, 4.297, 3.33, 3.14, 3.18, 3.04, 3.15, 3.1, 3.52, 3.89, 3.61, 3.42, 2.82, 2.61, 2.33, 2.41, 2.719, 3.479, 3.249, 2.37, 3.14, 3.16, 2.85, 2.76, 2.38, 2.12, 1.93, 2.17, 2.02, 2.02, 0.92, 0, 0.86, 0.98, 1.33, 1.55, 1.39, 1.78, 2.29, 2.72, 2.73, 3.01, 3.18, 3.19, 2.63, 2.85, 2.57, 2.49, 2.25, 2.57, 3.618, 3.614, 3.001, 2.21, 2.547, 3.187, 2.994, 2.62, 2.09, 1.72, 1.55, 1.68, 1.5, 1.8, 1.73, 1.75, 1.91, 1.77, 1.72, 1.99, 2.48, 2.15, 3.14, 3.47, 3.51, 3.57, 3.91, 3.66, 3.06, 2.3, 3.39, 3.87, 4.051, 4.658, 4.62], [5.544, 5.387, 4.717, 3.81, 3.5, 3.48, 3.52, 3.65, 3.54, 3.94, 4.25, 3.95, 3.74, 3.24, 2.91, 2.75, 2.67, 3.11, 3.785, 3.51, 2.83, 3.58, 3.6, 3.33, 3.26, 2.88, 2.62, 2.43, 2.75, 2.44, 2.44, 1.52, 0.86, 0, 0.62, 0.85, 1.35, 1.29, 1.58, 2.05, 2.4, 2.41, 2.67, 2.76, 2.79, 2.41, 2.81, 2.51, 2.49, 2.33, 2.83, 3.941, 3.945, 3.421, 2.674, 2.987, 3.627, 3.454, 2.961, 2.29, 1.9, 1.83, 2.0, 1.88, 2.2, 2.09, 2.03, 2.01, 2.03, 1.92, 2.35, 2.8, 2.63, 3.54, 3.85, 3.95, 4.03, 4.29, 3.82, 3.28, 2.64, 3.93, 4.37, 4.45, 5.04, 5.02], [5.605, 5.428, 4.738, 3.87, 3.66, 3.64, 3.68, 3.77, 3.66, 4.04, 4.35, 4.07, 3.84, 3.3, 2.97, 2.87, 2.71, 3.01, 3.77, 3.573, 2.87, 3.68, 3.72, 3.45, 3.32, 2.98, 2.7, 2.51, 2.83, 2.48, 2.46, 1.64, 0.98, 0.62, 0, 0.75, 1.23, 1.05, 1.46, 1.87, 2.28, 2.27, 2.61, 2.72, 2.67, 2.25, 2.81, 2.49, 2.37, 2.31, 2.93, 3.94, 3.985, 3.46, 2.73, 3.06, 3.664, 3.511, 3.001, 2.33, 1.96, 1.89, 2.1, 1.92, 2.28, 2.15, 1.91, 2.01, 1.97, 2.0, 2.25, 2.74, 2.73, 3.64, 3.97, 4.07, 4.15, 4.37, 3.92, 3.36, 2.7, 3.99, 4.43, 4.43, 5.017, 5.02], [5.315, 5.158, 4.53, 4.02, 3.95, 3.95, 3.99, 4.12, 4.03, 4.39, 4.74, 4.42, 4.17, 3.59, 3.18, 3.06, 2.72, 2.82, 3.32, 3.23, 2.84, 4.07, 4.15, 3.9, 3.77, 3.23, 3.01, 2.74, 2.82, 2.51, 2.45, 1.69, 1.33, 0.85, 0.75, 0, 0.82, 1.16, 1.55, 2.08, 2.29, 2.44, 2.82, 2.77, 2.6, 2.18, 2.82, 2.5, 2.38, 2.22, 2.66, 3.688, 3.695, 3.208, 2.46, 2.87, 3.45, 3.26, 2.748, 2.24, 1.93, 2.0, 2.13, 2.23, 2.47, 2.14, 1.8, 1.88, 1.94, 2.03, 2.28, 2.55, 3.06, 4.05, 4.36, 4.46, 4.54, 4.82, 4.37, 3.81, 2.71, 3.96, 4.36, 4.28, 4.747, 4.75], [5.235, 5.121, 4.49, 4.08, 4.19, 4.27, 4.27, 4.38, 4.31, 4.71, 4.94, 4.6, 4.41, 3.71, 3.26, 3.1, 2.76, 2.62, 3.14, 3.07, 3.0, 4.41, 4.43, 4.2, 4.11, 3.45, 3.29, 2.88, 2.72, 2.43, 2.41, 1.69, 1.55, 1.35, 1.23, 0.82, 0, 1.14, 1.55, 1.86, 1.93, 2.22, 2.78, 2.71, 2.46, 1.88, 2.56, 2.38, 2.26, 2.12, 2.68, 3.67, 3.655, 3.21, 2.5, 2.89, 3.417, 3.244, 2.73, 2.22, 2.01, 2.04, 2.27, 2.47, 2.61, 2.1, 1.44, 1.66, 1.76, 2.07, 2.2, 2.51, 3.3, 4.39, 4.68, 4.76, 4.84, 5.14, 4.67, 4.17, 2.73, 3.92, 4.32, 4.22, 4.707, 4.71], [5.675, 5.518, 4.848, 4.12, 3.93, 3.97, 3.97, 4.1, 4.03, 4.43, 4.66, 4.36, 4.15, 3.63, 3.26, 3.04, 2.84, 2.98, 3.76, 3.63, 3.12, 4.09, 4.07, 3.82, 3.71, 3.15, 3.03, 2.76, 2.74, 2.33, 2.37, 1.67, 1.39, 1.29, 1.05, 1.16, 1.14, 0, 1.01, 1.64, 1.83, 1.94, 2.34, 2.45, 2.22, 1.64, 2.06, 1.92, 1.9, 2.0, 2.995, 4.048, 4.035, 3.668, 2.82, 3.134, 3.774, 3.584, 3.088, 2.34, 2.15, 2.2, 2.37, 2.37, 2.51, 2.42, 1.74, 2.18, 2.18, 2.17, 2.06, 2.71, 3.02, 4.01, 4.36, 4.46, 4.54, 4.76, 4.29, 3.71, 2.73, 4.04, 4.52, 4.4, 5.05, 5.073], [6.388, 6.248, 5.558, 4.55, 4.12, 4.18, 4.14, 4.33, 4.12, 4.5, 4.73, 4.41, 4.1, 3.62, 3.29, 3.03, 2.91, 3.363, 4.27, 4.213, 3.59, 4.38, 4.22, 3.95, 3.8, 3.36, 3.08, 2.99, 3.33, 3.06, 3.04, 2.26, 1.78, 1.58, 1.46, 1.55, 1.55, 1.01, 0, 1.03, 1.38, 1.39, 1.65, 1.88, 1.95, 1.69, 2.45, 2.31, 2.43, 2.71, 3.765, 4.878, 4.828, 4.42, 3.554, 3.904, 4.524, 4.354, 3.841, 3.11, 2.76, 2.75, 3.099, 2.74, 2.72, 2.77, 2.07, 2.21, 2.33, 2.48, 2.61, 3.315, 3.13, 4.12, 4.43, 4.53, 4.63, 4.85, 4.34, 3.82, 3.2, 4.51, 4.93, 5.025, 5.7, 5.743], [6.808, 6.634, 5.944, 4.88, 4.29, 4.41, 4.39, 4.6, 4.43, 4.69, 4.88, 4.54, 4.35, 3.81, 3.56, 3.36, 3.2, 3.753, 4.67, 4.563, 3.96, 4.61, 4.53, 4.3, 4.03, 3.65, 3.39, 3.46, 3.68, 3.31, 3.23, 2.75, 2.29, 2.05, 1.87, 2.08, 1.86, 1.64, 1.03, 0, 0.73, 0.98, 1.3, 1.51, 1.62, 1.64, 2.64, 2.46, 2.7, 3.12, 4.1, 5.165, 5.175, 4.708, 3.98, 4.297, 4.937, 4.75, 4.188, 3.487, 3.19, 3.16, 3.509, 3.25, 3.19, 3.18, 2.267, 2.38, 2.7, 2.93, 3.05, 3.817, 3.58, 4.41, 4.76, 4.86, 5.0, 5.14, 4.59, 4.11, 3.61, 4.955, 5.34, 5.527, 6.19, 6.202], [6.884, 6.79, 6.117, 5.206, 4.5, 4.58, 4.58, 4.79, 4.62, 4.86, 5.01, 4.71, 4.56, 4.02, 3.67, 3.63, 3.489, 3.961, 4.805, 4.675, 4.284, 4.84, 4.8, 4.61, 4.3, 3.76, 3.68, 3.77, 3.81, 3.42, 3.32, 3.0, 2.72, 2.4, 2.28, 2.29, 1.93, 1.83, 1.38, 0.73, 0, 0.75, 1.33, 1.46, 1.51, 1.61, 2.47, 2.43, 2.79, 3.23, 4.23, 5.22, 5.248, 4.88, 4.15, 4.353, 4.97, 4.843, 4.293, 3.543, 3.334, 3.404, 3.691, 3.616, 3.456, 3.406, 2.404, 2.586, 2.964, 3.216, 3.223, 3.953, 3.969, 4.68, 5.01, 5.13, 5.27, 5.41, 4.86, 4.38, 3.956, 5.164, 5.486, 5.665, 6.329, 6.365], [7.278, 7.124, 6.431, 5.434, 4.63, 4.61, 4.61, 4.84, 4.69, 4.85, 4.84, 4.62, 4.45, 4.05, 3.68, 3.7, 3.58, 4.259, 5.155, 5.005, 4.48, 4.85, 4.75, 4.56, 4.21, 3.83, 3.87, 4.0, 4.16, 3.79, 3.61, 3.23, 2.73, 2.41, 2.27, 2.44, 2.22, 1.94, 1.39, 0.98, 0.75, 0, 0.8, 1.05, 1.3, 1.72, 2.38, 2.42, 2.94, 3.56, 4.598, 5.63, 5.638, 5.21, 4.46, 4.777, 5.397, 5.233, 4.714, 3.967, 3.626, 3.705, 4.035, 3.804, 3.664, 3.595, 2.78, 2.92, 3.26, 3.34, 3.493, 4.228, 4.019, 4.59, 4.88, 5.04, 5.18, 5.32, 4.91, 4.41, 4.146, 5.438, 5.761, 5.944, 6.633, 6.655], [7.891, 7.737, 7.044, 5.96, 4.85, 4.77, 4.75, 4.98, 4.83, 4.95, 4.92, 4.7, 4.57, 4.29, 4.06, 4.08, 4.04, 4.807, 5.73, 5.603, 5.0, 5.03, 4.91, 4.8, 4.39, 4.15, 4.13, 4.4, 4.76, 4.37, 4.27, 3.63, 3.01, 2.67, 2.61, 2.82, 2.78, 2.34, 1.65, 1.3, 1.33, 0.8, 0, 0.87, 1.4, 2.16, 2.86, 2.82, 3.5, 4.14, 5.2, 6.268, 6.275, 5.81, 5.04, 5.354, 5.974, 5.821, 5.31, 4.544, 4.174, 4.139, 4.429, 4.11, 4.05, 4.173, 3.344, 3.435, 3.79, 3.917, 4.09, 4.818, 4.3, 4.71, 4.96, 5.16, 5.3, 5.44, 5.03, 4.63, 4.63, 6.015, 6.338, 6.534, 7.216, 7.245], [7.865, 7.708, 7.018, 6.03, 5.12, 5.08, 5.1, 5.31, 5.16, 5.28, 5.25, 5.03, 4.86, 4.58, 4.31, 4.35, 4.15, 4.91, 5.75, 5.633, 4.95, 5.28, 5.26, 5.07, 4.66, 4.22, 4.28, 4.51, 4.73, 4.36, 4.24, 3.62, 3.18, 2.76, 2.72, 2.77, 2.71, 2.45, 1.88, 1.51, 1.46, 1.05, 0.87, 0, 0.87, 2.11, 2.77, 2.75, 3.55, 4.19, 5.19, 6.2, 6.263, 5.74, 4.99, 5.324, 5.964, 5.791, 5.298, 4.514, 4.18, 4.17, 4.48, 4.3, 4.12, 4.27, 3.468, 3.31, 3.85, 4.04, 4.137, 4.833, 4.49, 5.02, 5.29, 5.47, 5.61, 5.75, 5.36, 4.88, 4.58, 5.965, 6.348, 6.56, 7.277, 7.28], [7.275, 7.121, 6.428, 5.76, 5.23, 5.25, 5.25, 5.48, 5.33, 5.45, 5.46, 5.26, 5.09, 4.67, 4.32, 4.26, 4.02, 4.58, 5.16, 5.083, 4.74, 5.45, 5.41, 5.16, 4.83, 4.35, 4.39, 4.42, 4.24, 3.79, 3.63, 3.43, 3.19, 2.79, 2.67, 2.6, 2.46, 2.22, 1.95, 1.62, 1.51, 1.3, 1.4, 0.87, 0, 1.58, 2.2, 2.24, 2.92, 3.56, 4.54, 5.57, 5.615, 5.17, 4.6, 4.86, 5.49, 5.33, 4.71, 4.06, 3.91, 4.08, 4.35, 4.25, 4.11, 3.84, 3.14, 3.22, 3.48, 3.61, 3.64, 4.31, 4.6, 5.25, 5.52, 5.7, 5.84, 5.98, 5.53, 5.01, 4.35, 5.5, 5.84, 6.027, 6.687, 6.673], [5.847, 5.7, 5.19, 5.04, 4.73, 4.83, 4.81, 5.02, 4.85, 5.09, 5.12, 4.86, 4.65, 4.19, 3.84, 3.66, 3.42, 3.72, 3.86, 3.81, 3.96, 5.07, 4.97, 4.8, 4.53, 3.97, 3.81, 3.76, 3.28, 3.01, 2.75, 2.85, 2.63, 2.41, 2.25, 2.18, 1.88, 1.64, 1.69, 1.64, 1.61, 1.72, 2.16, 2.11, 1.58, 0, 1.36, 1.5, 1.84, 2.36, 3.26, 4.23, 4.24, 3.83, 3.6, 3.67, 4.31, 4.16, 3.63, 3.1, 3.09, 3.32, 3.57, 3.55, 3.45, 3.0, 2.32, 2.54, 2.7, 2.67, 2.58, 3.21, 3.88, 4.75, 5.08, 5.2, 5.34, 5.48, 4.91, 4.39, 3.53, 4.48, 4.92, 4.86, 5.29, 5.21], [5.181, 5.188, 4.921, 4.72, 4.43, 4.51, 4.47, 4.6, 4.55, 4.73, 4.74, 4.68, 4.73, 3.97, 3.8, 3.7, 3.66, 3.956, 3.96, 3.884, 3.96, 4.79, 4.65, 4.5, 4.19, 3.53, 3.51, 3.46, 2.98, 2.77, 2.55, 2.95, 2.85, 2.81, 2.81, 2.82, 2.56, 2.06, 2.45, 2.64, 2.47, 2.38, 2.86, 2.77, 2.2, 1.36, 0, 1.04, 1.44, 1.84, 2.86, 3.894, 3.801, 3.469, 3.38, 3.286, 3.804, 3.731, 3.244, 2.76, 2.83, 3.1, 3.35, 3.37, 3.17, 2.9, 2.68, 3.1, 3.16, 2.87, 2.52, 3.246, 3.7, 4.35, 4.62, 4.8, 4.94, 5.08, 4.65, 4.23, 3.41, 4.2, 4.84, 4.656, 4.931, 4.767], [5.348, 5.197, 4.81, 4.4, 4.05, 4.11, 4.17, 4.38, 4.27, 4.39, 4.46, 4.36, 4.39, 3.73, 3.66, 3.48, 3.5, 3.9, 4.014, 3.81, 3.58, 4.37, 4.19, 4.02, 3.71, 3.11, 3.11, 3.06, 2.82, 2.83, 2.39, 2.59, 2.57, 2.51, 2.49, 2.5, 2.38, 1.92, 2.31, 2.46, 2.43, 2.42, 2.82, 2.75, 2.24, 1.5, 1.04, 0, 1.34, 1.9, 2.98, 4.11, 4.16, 3.59, 2.98, 3.07, 3.65, 3.6, 2.99, 2.4, 2.33, 2.7, 2.95, 2.93, 2.73, 2.86, 2.62, 2.92, 3.02, 2.75, 2.48, 3.21, 3.22, 3.91, 4.16, 4.34, 4.48, 4.62, 4.15, 3.65, 2.93, 3.84, 4.58, 4.56, 5.15, 4.998], [4.5, 4.474, 4.01, 3.98, 3.83, 4.31, 4.27, 4.34, 4.37, 4.61, 4.78, 4.52, 4.43, 3.63, 3.42, 3.22, 3.18, 3.3, 3.32, 3.19, 3.38, 4.27, 4.09, 3.94, 3.65, 3.03, 2.93, 2.82, 2.54, 2.19, 2.13, 2.67, 2.49, 2.49, 2.37, 2.38, 2.26, 1.9, 2.43, 2.7, 2.79, 2.94, 3.5, 3.55, 2.92, 1.84, 1.44, 1.34, 0, 1.16, 2.36, 3.29, 3.4, 3.19, 2.86, 2.71, 3.21, 3.04, 2.45, 2.14, 2.17, 2.48, 2.71, 2.65, 2.45, 2.22, 2.16, 2.52, 2.42, 2.15, 1.84, 2.31, 2.96, 3.67, 3.98, 4.1, 4.24, 4.38, 4.01, 3.53, 2.41, 3.16, 3.86, 3.68, 4.046, 3.921], [3.864, 3.864, 3.39, 3.32, 3.47, 3.97, 3.95, 3.96, 4.07, 4.49, 4.76, 4.56, 4.53, 3.57, 3.26, 2.96, 2.92, 2.78, 2.86, 2.73, 2.92, 3.79, 3.93, 3.78, 3.65, 3.01, 2.89, 2.36, 2.04, 1.81, 1.75, 2.25, 2.25, 2.33, 2.31, 2.22, 2.12, 2.0, 2.71, 3.12, 3.23, 3.56, 4.14, 4.19, 3.56, 2.36, 1.84, 1.9, 1.16, 0, 1.62, 2.59, 2.68, 2.45, 2.16, 2.07, 2.49, 2.28, 1.59, 1.52, 1.79, 1.98, 2.15, 2.17, 2.03, 1.86, 1.92, 2.42, 2.3, 1.97, 1.58, 1.97, 2.7, 3.69, 3.94, 3.98, 4.02, 4.3, 4.09, 3.61, 2.07, 2.66, 3.46, 3.42, 3.64, 3.458], [2.9, 2.88, 2.83, 3.42, 3.73, 4.21, 4.09, 4.06, 4.19, 4.61, 4.98, 4.74, 4.67, 3.71, 3.36, 3.06, 3.06, 2.7, 1.92, 2.13, 2.44, 3.93, 4.39, 4.26, 4.05, 3.45, 3.29, 2.74, 2.4, 2.27, 2.07, 2.39, 2.57, 2.83, 2.93, 2.66, 2.68, 2.995, 3.765, 4.1, 4.23, 4.598, 5.2, 5.19, 4.54, 3.26, 2.86, 2.98, 2.36, 1.62, 0, 1.45, 1.5, 1.19, 1.46, 1.57, 1.65, 1.56, 1.27, 1.88, 2.05, 2.12, 2.21, 2.67, 2.33, 1.88, 2.4, 2.6, 2.38, 2.17, 2.08, 1.89, 3.02, 4.21, 4.54, 4.44, 4.36, 4.72, 4.67, 4.33, 2.61, 2.76, 3.28, 3.32, 2.86, 2.42], [2.49, 2.53, 3.04, 3.75, 4.24, 4.94, 4.88, 4.67, 4.78, 5.3, 5.73, 5.61, 5.32, 4.28, 3.97, 3.71, 3.59, 3.11, 2.11, 2.24, 2.85, 4.28, 5.12, 4.97, 4.68, 4.04, 3.88, 3.31, 2.89, 2.86, 2.7, 3.267, 3.618, 3.941, 3.94, 3.688, 3.67, 4.048, 4.878, 5.165, 5.22, 5.63, 6.268, 6.2, 5.57, 4.23, 3.894, 4.11, 3.29, 2.59, 1.45, 0, 0.81, 1.26, 2.09, 1.98, 1.8, 1.71, 1.98, 2.73, 3.04, 3.07, 3.1, 3.58, 3.3, 2.73, 3.41, 3.55, 3.27, 3.0, 2.93, 2.42, 3.69, 5.08, 5.37, 5.17, 4.87, 5.39, 5.46, 5.296, 3.54, 3.09, 3.49, 3.23, 2.61, 1.99], [2.4, 2.6, 2.99, 3.62, 4.23, 4.89, 4.79, 4.56, 4.59, 5.21, 5.66, 5.58, 5.27, 3.99, 3.78, 3.48, 3.28, 2.86, 1.86, 1.91, 2.76, 4.55, 5.421, 5.253, 4.99, 4.363, 4.149, 3.54, 3.12, 2.87, 2.67, 3.257, 3.614, 3.945, 3.985, 3.695, 3.655, 4.035, 4.828, 5.175, 5.248, 5.638, 6.275, 6.263, 5.615, 4.24, 3.801, 4.16, 3.4, 2.68, 1.5, 0.81, 0, 1.13, 2.0, 1.97, 1.89, 1.82, 2.21, 2.92, 3.11, 3.04, 3.07, 3.67, 3.37, 2.5, 3.28, 3.46, 3.14, 2.87, 2.82, 2.41, 3.7, 5.31, 5.64, 5.4, 5.06, 5.64, 5.79, 5.596, 3.83, 3.12, 3.46, 3.26, 2.58, 1.88], [2.39, 2.39, 2.6, 3.09, 3.8, 4.36, 4.28, 4.07, 4.1, 4.72, 5.11, 5.01, 4.76, 3.56, 3.37, 3.01, 2.89, 2.57, 1.65, 1.9, 2.03, 3.98, 4.8, 4.63, 4.38, 3.7, 3.5, 2.97, 2.53, 2.48, 2.14, 2.598, 3.001, 3.421, 3.46, 3.208, 3.21, 3.668, 4.42, 4.708, 4.88, 5.21, 5.81, 5.74, 5.17, 3.83, 3.469, 3.59, 3.19, 2.45, 1.19, 1.26, 1.13, 0, 1.29, 1.42, 1.44, 1.43, 1.82, 2.53, 2.66, 2.63, 2.64, 3.22, 2.88, 2.29, 3.05, 3.17, 2.91, 2.64, 2.61, 2.08, 3.05, 4.7, 5.03, 4.79, 4.49, 5.03, 5.12, 4.96, 3.28, 2.69, 3.05, 3.05, 2.49, 2.01], [3.26, 3.08, 2.75, 2.66, 3.13, 3.49, 3.39, 3.32, 3.25, 3.81, 4.3, 4.2, 4.03, 2.97, 2.8, 2.48, 2.44, 2.22, 2.02, 1.91, 1.66, 3.25, 3.79, 3.66, 3.37, 2.81, 2.65, 2.14, 2.06, 2.09, 1.91, 1.73, 2.21, 2.674, 2.73, 2.46, 2.5, 2.82, 3.554, 3.98, 4.15, 4.46, 5.04, 4.99, 4.6, 3.6, 3.38, 2.98, 2.86, 2.16, 1.46, 2.09, 2.0, 1.29, 0, 1.07, 1.37, 1.3, 1.41, 1.8, 1.73, 1.76, 1.77, 2.31, 2.11, 1.86, 2.4, 2.48, 2.26, 2.13, 2.06, 1.71, 2.32, 3.71, 4.06, 3.86, 3.72, 4.14, 4.17, 3.97, 2.67, 2.44, 2.92, 3.04, 3.02, 2.88], [2.93, 2.79, 2.4, 2.47, 2.98, 3.44, 3.38, 3.25, 3.26, 3.74, 4.23, 4.19, 4.04, 3.06, 2.93, 2.57, 2.53, 2.19, 1.91, 1.96, 1.79, 3.26, 3.86, 3.67, 3.34, 2.74, 2.5, 1.99, 1.87, 2.02, 1.96, 2.0, 2.547, 2.987, 3.06, 2.87, 2.89, 3.134, 3.904, 4.297, 4.353, 4.777, 5.354, 5.324, 4.86, 3.67, 3.286, 3.07, 2.71, 2.07, 1.57, 1.98, 1.97, 1.42, 1.07, 0, 0.94, 1.09, 1.34, 1.49, 1.74, 1.81, 1.84, 2.42, 1.86, 1.85, 2.57, 2.59, 2.35, 2.36, 2.15, 1.5, 2.25, 3.78, 4.11, 3.87, 3.51, 4.07, 4.18, 4.04, 2.56, 2.19, 2.55, 2.45, 2.69, 2.63], [2.27, 2.23, 2.16, 2.55, 3.1, 3.7, 3.62, 3.43, 3.48, 4.02, 4.55, 4.57, 4.34, 3.26, 3.13, 2.83, 2.83, 2.43, 1.67, 1.9, 1.97, 3.68, 4.294, 4.167, 3.817, 3.2, 2.955, 2.45, 2.15, 2.42, 2.28, 2.693, 3.187, 3.627, 3.664, 3.45, 3.417, 3.774, 4.524, 4.937, 4.97, 5.397, 5.974, 5.964, 5.49, 4.31, 3.804, 3.65, 3.21, 2.49, 1.65, 1.8, 1.89, 1.44, 1.37, 0.94, 0, 1.07, 1.42, 1.99, 2.3, 2.37, 2.4, 2.98, 2.34, 2.39, 3.15, 3.13, 2.93, 2.88, 2.69, 2.04, 2.75, 4.24, 4.55, 4.31, 3.85, 4.23, 4.6, 4.487, 2.86, 2.03, 2.41, 2.35, 2.11, 2.03], [2.34, 2.26, 2.27, 2.42, 2.89, 3.65, 3.61, 3.42, 3.39, 3.93, 4.42, 4.36, 4.13, 3.01, 2.98, 2.62, 2.62, 2.36, 1.8, 2.05, 2.06, 3.33, 3.973, 3.746, 3.416, 2.83, 2.61, 2.06, 2.02, 2.17, 2.21, 2.451, 2.994, 3.454, 3.511, 3.26, 3.244, 3.584, 4.354, 4.75, 4.843, 5.233, 5.821, 5.791, 5.33, 4.16, 3.731, 3.6, 3.04, 2.28, 1.56, 1.71, 1.82, 1.43, 1.3, 1.09, 1.07, 0, 1.11, 1.76, 2.03, 2.08, 2.17, 2.61, 2.19, 2.38, 2.98, 2.96, 2.78, 2.75, 2.56, 1.69, 2.48, 3.95, 4.24, 4.0, 3.48, 3.94, 4.29, 4.182, 2.59, 1.98, 2.58, 2.48, 2.26, 2.12], [2.99, 2.95, 2.68, 2.69, 3.26, 3.94, 3.82, 3.81, 3.94, 4.34, 4.75, 4.61, 4.52, 3.52, 3.31, 3.03, 3.01, 2.75, 2.35, 2.42, 2.51, 3.26, 3.58, 3.43, 3.24, 2.64, 2.62, 2.03, 1.73, 1.98, 2.08, 2.28, 2.62, 2.961, 3.001, 2.748, 2.73, 3.088, 3.841, 4.188, 4.293, 4.714, 5.31, 5.298, 4.71, 3.63, 3.244, 2.99, 2.45, 1.59, 1.27, 1.98, 2.21, 1.82, 1.41, 1.34, 1.42, 1.11, 0, 1.23, 1.48, 1.61, 1.66, 2.0, 1.82, 1.95, 2.39, 2.47, 2.27, 2.28, 2.05, 1.72, 2.55, 3.5, 3.67, 3.49, 3.47, 3.87, 3.84, 3.48, 1.9, 2.29, 3.07, 3.13, 2.87, 2.85], [3.88, 3.84, 3.27, 2.66, 2.91, 3.37, 3.43, 3.5, 3.57, 3.93, 4.26, 4.12, 4.13, 3.35, 3.24, 2.94, 3.02, 2.88, 3.12, 2.99, 2.6, 3.05, 3.27, 3.1, 2.83, 2.23, 2.15, 1.62, 1.7, 1.85, 2.01, 1.75, 2.09, 2.29, 2.33, 2.24, 2.22, 2.34, 3.11, 3.487, 3.543, 3.967, 4.544, 4.514, 4.06, 3.1, 2.76, 2.4, 2.14, 1.52, 1.88, 2.73, 2.92, 2.53, 1.8, 1.49, 1.99, 1.76, 1.23, 0, 0.75, 1.02, 1.15, 1.35, 1.53, 1.86, 1.98, 2.18, 2.18, 2.17, 1.94, 1.85, 2.38, 3.03, 3.3, 3.3, 3.32, 3.56, 3.19, 2.97, 1.73, 2.56, 3.42, 3.36, 3.7, 3.72], [4.23, 4.17, 3.56, 2.57, 2.64, 3.1, 3.18, 3.29, 3.26, 3.62, 4.01, 3.89, 3.9, 3.1, 3.03, 2.77, 2.79, 2.79, 3.33, 3.14, 2.39, 2.92, 3.1, 2.93, 2.64, 2.06, 2.04, 1.53, 1.79, 1.88, 2.06, 1.6, 1.72, 1.9, 1.96, 1.93, 2.01, 2.15, 2.76, 3.19, 3.334, 3.626, 4.174, 4.18, 3.91, 3.09, 2.83, 2.33, 2.17, 1.79, 2.05, 3.04, 3.11, 2.66, 1.73, 1.74, 2.3, 2.03, 1.48, 0.75, 0, 0.65, 0.88, 1.1, 1.3, 1.81, 1.93, 2.03, 2.01, 1.98, 1.87, 2.0, 2.21, 2.86, 3.13, 3.15, 3.19, 3.41, 3.06, 2.72, 1.66, 2.63, 3.45, 3.57, 4.03, 4.05], [4.26, 4.22, 3.59, 2.34, 2.41, 2.87, 2.91, 3.0, 3.03, 3.45, 3.86, 3.74, 3.75, 2.85, 2.76, 2.52, 2.54, 2.64, 3.34, 3.07, 2.2, 2.67, 3.03, 2.84, 2.61, 2.07, 1.99, 1.46, 1.86, 2.01, 2.09, 1.47, 1.55, 1.83, 1.89, 2.0, 2.04, 2.2, 2.75, 3.16, 3.404, 3.705, 4.139, 4.17, 4.08, 3.32, 3.1, 2.7, 2.48, 1.98, 2.12, 3.07, 3.04, 2.63, 1.76, 1.81, 2.37, 2.08, 1.61, 1.02, 0.65, 0, 0.57, 0.89, 1.19, 1.72, 1.8, 2.02, 1.92, 1.81, 1.88, 2.09, 1.94, 2.71, 2.98, 2.94, 2.98, 3.3, 3.07, 2.77, 1.81, 2.64, 3.4, 3.64, 4.08, 4.1], [4.37, 4.29, 3.68, 2.59, 2.44, 2.84, 2.86, 2.99, 3.02, 3.4, 3.87, 3.75, 3.76, 3.08, 3.01, 2.73, 2.77, 2.73, 3.39, 3.14, 2.39, 2.6, 2.92, 2.73, 2.5, 2.02, 2.02, 1.57, 1.97, 2.06, 2.16, 1.52, 1.68, 2.0, 2.1, 2.13, 2.27, 2.37, 3.099, 3.509, 3.691, 4.035, 4.429, 4.48, 4.35, 3.57, 3.35, 2.95, 2.71, 2.15, 2.21, 3.1, 3.07, 2.64, 1.77, 1.84, 2.4, 2.17, 1.66, 1.15, 0.88, 0.57, 0, 0.84, 1.36, 1.87, 1.99, 2.23, 2.11, 2.04, 2.03, 2.2, 2.07, 2.68, 2.95, 2.79, 3.01, 3.21, 3.04, 2.74, 2.04, 2.83, 3.57, 3.73, 4.17, 4.15], [4.77, 4.71, 4.14, 2.49, 2.44, 2.84, 2.8, 2.95, 2.96, 3.34, 3.75, 3.55, 3.64, 3.04, 2.99, 2.73, 2.77, 3.15, 3.93, 3.66, 2.59, 2.34, 2.46, 2.31, 2.08, 1.8, 1.82, 1.53, 2.07, 2.32, 2.5, 1.72, 1.5, 1.88, 1.92, 2.23, 2.47, 2.37, 2.74, 3.25, 3.616, 3.804, 4.11, 4.3, 4.25, 3.55, 3.37, 2.93, 2.65, 2.17, 2.67, 3.58, 3.67, 3.22, 2.31, 2.42, 2.98, 2.61, 2.0, 1.35, 1.1, 0.89, 0.84, 0, 1.28, 1.93, 2.07, 2.27, 2.21, 2.18, 2.23, 2.54, 1.97, 2.36, 2.61, 2.41, 2.69, 2.81, 2.54, 2.2, 1.78, 2.91, 3.75, 4.07, 4.55, 4.57], [4.27, 4.19, 3.58, 2.21, 2.08, 2.68, 2.58, 2.53, 2.58, 3.02, 3.47, 3.37, 3.32, 2.42, 2.29, 1.99, 2.13, 2.59, 3.31, 3.22, 2.07, 2.34, 2.8, 2.63, 2.42, 1.9, 1.6, 1.35, 1.93, 2.12, 2.22, 1.72, 1.8, 2.2, 2.28, 2.47, 2.61, 2.51, 2.72, 3.19, 3.456, 3.664, 4.05, 4.12, 4.11, 3.45, 3.17, 2.73, 2.45, 2.03, 2.33, 3.3, 3.37, 2.88, 2.11, 1.86, 2.34, 2.19, 1.82, 1.53, 1.3, 1.19, 1.36, 1.28, 0, 1.59, 2.01, 2.15, 2.07, 1.98, 1.91, 2.14, 1.49, 2.52, 2.81, 2.69, 2.55, 2.97, 2.96, 2.6, 1.54, 2.33, 3.03, 3.47, 4.07, 4.03], [3.88, 3.88, 3.19, 2.64, 3.13, 3.39, 3.23, 3.18, 3.19, 3.71, 4.0, 3.82, 3.69, 2.69, 2.14, 2.0, 1.78, 1.74, 2.24, 2.05, 1.88, 3.41, 3.93, 3.8, 3.53, 2.93, 2.59, 2.22, 2.1, 1.89, 1.83, 1.65, 1.73, 2.09, 2.15, 2.14, 2.1, 2.42, 2.77, 3.18, 3.406, 3.595, 4.173, 4.27, 3.84, 3.0, 2.9, 2.86, 2.22, 1.86, 1.88, 2.73, 2.5, 2.29, 1.86, 1.85, 2.39, 2.38, 1.95, 1.86, 1.81, 1.72, 1.87, 1.93, 1.59, 0, 1.3, 1.44, 1.04, 1.07, 1.26, 1.63, 2.2, 3.49, 3.8, 3.68, 3.64, 4.02, 3.99, 3.79, 2.21, 2.26, 2.76, 2.94, 3.32, 3.32], [4.655, 4.6, 3.91, 3.3, 3.47, 3.65, 3.57, 3.64, 3.57, 4.01, 4.18, 3.9, 3.69, 2.95, 2.44, 2.28, 1.98, 1.72, 2.62, 2.51, 2.56, 3.87, 4.05, 3.92, 3.75, 3.01, 2.85, 2.46, 2.4, 2.05, 2.17, 1.75, 1.75, 2.03, 1.91, 1.8, 1.44, 1.74, 2.07, 2.267, 2.404, 2.78, 3.344, 3.468, 3.14, 2.32, 2.68, 2.62, 2.16, 1.92, 2.4, 3.41, 3.28, 3.05, 2.4, 2.57, 3.15, 2.98, 2.39, 1.98, 1.93, 1.8, 1.99, 2.07, 2.01, 1.3, 0, 1.0, 1.0, 1.27, 1.24, 1.79, 2.46, 3.55, 3.9, 3.9, 3.98, 4.28, 4.17, 3.79, 2.27, 3.0, 3.5, 3.5, 4.06, 4.08], [4.735, 4.678, 3.99, 3.28, 3.37, 3.55, 3.41, 3.56, 3.41, 3.79, 4.06, 3.76, 3.53, 2.73, 2.36, 2.16, 1.86, 2.02, 2.64, 2.63, 2.5, 3.81, 3.93, 3.72, 3.49, 2.97, 2.65, 2.44, 2.52, 2.17, 2.31, 1.83, 1.91, 2.01, 2.01, 1.88, 1.66, 2.18, 2.21, 2.38, 2.586, 2.92, 3.435, 3.31, 3.22, 2.54, 3.1, 2.92, 2.52, 2.42, 2.6, 3.55, 3.46, 3.17, 2.48, 2.59, 3.13, 2.96, 2.47, 2.18, 2.03, 2.02, 2.23, 2.27, 2.15, 1.44, 1.0, 0, 0.9, 1.39, 1.6, 1.95, 2.34, 3.55, 3.9, 3.86, 3.86, 4.16, 4.05, 3.75, 2.41, 3.1, 3.62, 3.6, 4.2, 4.2], [4.378, 4.34, 3.65, 3.16, 3.55, 3.77, 3.61, 3.62, 3.53, 3.97, 4.28, 4.02, 3.73, 2.83, 2.3, 2.18, 1.92, 1.72, 2.32, 2.27, 2.32, 3.77, 4.01, 3.78, 3.67, 2.99, 2.81, 2.34, 2.32, 1.99, 2.07, 1.77, 1.77, 2.03, 1.97, 1.94, 1.76, 2.18, 2.33, 2.7, 2.964, 3.26, 3.79, 3.85, 3.48, 2.7, 3.16, 3.02, 2.42, 2.3, 2.38, 3.27, 3.14, 2.91, 2.26, 2.35, 2.93, 2.78, 2.27, 2.18, 2.01, 1.92, 2.11, 2.21, 2.07, 1.04, 1.0, 0.9, 0, 0.85, 1.08, 1.63, 2.34, 3.57, 3.92, 3.86, 3.88, 4.3, 4.27, 3.91, 2.45, 2.76, 3.24, 3.22, 3.6, 3.76], [4.27, 4.21, 3.54, 3.01, 3.4, 3.7, 3.56, 3.47, 3.48, 3.98, 4.31, 4.15, 3.84, 2.88, 2.39, 2.15, 2.01, 1.89, 2.51, 2.18, 2.15, 3.54, 3.86, 3.69, 3.6, 3.06, 2.8, 2.35, 2.19, 1.86, 1.82, 1.78, 1.72, 1.92, 2.0, 2.03, 2.07, 2.17, 2.48, 2.93, 3.216, 3.34, 3.917, 4.04, 3.61, 2.67, 2.87, 2.75, 2.15, 1.97, 2.17, 3.0, 2.87, 2.64, 2.13, 2.36, 2.88, 2.75, 2.28, 2.17, 1.98, 1.81, 2.04, 2.18, 1.98, 1.07, 1.27, 1.39, 0.85, 0, 0.83, 1.62, 2.21, 3.54, 3.89, 3.83, 3.85, 4.31, 4.28, 3.76, 2.3, 2.57, 3.15, 3.19, 3.51, 3.55], [4.04, 3.98, 3.25, 3.14, 3.31, 3.77, 3.65, 3.5, 3.53, 4.03, 4.34, 4.22, 3.85, 2.87, 2.44, 2.34, 2.14, 2.02, 2.52, 2.37, 2.38, 3.61, 3.71, 3.6, 3.47, 2.75, 2.69, 2.3, 2.06, 1.69, 1.71, 1.91, 1.99, 2.35, 2.25, 2.28, 2.2, 2.06, 2.61, 3.05, 3.223, 3.493, 4.09, 4.137, 3.64, 2.58, 2.52, 2.48, 1.84, 1.58, 2.08, 2.93, 2.82, 2.61, 2.06, 2.15, 2.69, 2.56, 2.05, 1.94, 1.87, 1.88, 2.03, 2.23, 1.91, 1.26, 1.24, 1.6, 1.08, 0.83, 0, 1.23, 2.0, 3.21, 3.56, 3.54, 3.6, 4.0, 3.99, 3.47, 2.09, 2.28, 2.84, 2.84, 3.2, 3.24], [3.19, 3.07, 2.44, 2.65, 3.22, 3.9, 3.84, 3.57, 3.56, 4.16, 4.53, 4.37, 3.84, 2.82, 2.37, 2.23, 1.91, 1.67, 1.83, 1.96, 2.11, 3.48, 4.0, 3.784, 3.58, 2.94, 2.84, 2.35, 2.09, 1.8, 1.96, 2.22, 2.48, 2.8, 2.74, 2.55, 2.51, 2.71, 3.315, 3.817, 3.953, 4.228, 4.818, 4.833, 4.31, 3.21, 3.246, 3.21, 2.31, 1.97, 1.89, 2.42, 2.41, 2.08, 1.71, 1.5, 2.04, 1.69, 1.72, 1.85, 2.0, 2.09, 2.2, 2.54, 2.14, 1.63, 1.79, 1.95, 1.63, 1.62, 1.23, 0, 1.93, 3.5, 3.81, 3.59, 3.43, 3.95, 4.08, 3.82, 2.2, 1.85, 2.29, 1.97, 2.47, 2.45], [4.32, 4.14, 3.65, 2.62, 1.73, 2.29, 2.23, 2.14, 2.03, 2.61, 3.02, 3.0, 2.69, 1.69, 1.76, 1.44, 1.8, 2.72, 3.42, 3.51, 2.28, 2.09, 2.31, 2.08, 2.09, 1.83, 1.51, 1.66, 2.32, 2.31, 2.43, 2.07, 2.15, 2.63, 2.73, 3.06, 3.3, 3.02, 3.13, 3.58, 3.969, 4.019, 4.3, 4.49, 4.6, 3.88, 3.7, 3.22, 2.96, 2.7, 3.02, 3.69, 3.7, 3.05, 2.32, 2.25, 2.75, 2.48, 2.55, 2.38, 2.21, 1.94, 2.07, 1.97, 1.49, 2.2, 2.46, 2.34, 2.34, 2.21, 2.0, 1.93, 0, 1.79, 2.14, 1.96, 1.82, 2.38, 2.55, 2.33, 2.17, 2.26, 2.82, 3.28, 3.94, 3.92], [5.815, 5.683, 5.24, 3.99, 2.56, 2.24, 2.28, 2.49, 2.5, 2.24, 2.55, 2.37, 2.42, 2.54, 2.79, 3.05, 3.47, 4.51, 5.19, 5.18, 4.01, 1.8, 1.56, 2.03, 1.9, 1.72, 2.02, 2.55, 3.45, 3.64, 3.78, 3.22, 3.14, 3.54, 3.64, 4.05, 4.39, 4.01, 4.12, 4.41, 4.68, 4.59, 4.71, 5.02, 5.25, 4.75, 4.35, 3.91, 3.67, 3.69, 4.21, 5.08, 5.31, 4.7, 3.71, 3.78, 4.24, 3.95, 3.5, 3.03, 2.86, 2.71, 2.68, 2.36, 2.52, 3.49, 3.55, 3.55, 3.57, 3.54, 3.21, 3.5, 1.79, 0, 0.63, 0.73, 1.11, 1.21, 1.66, 1.88, 2.56, 3.47, 4.356, 4.65, 5.11, 5.31], [6.06, 5.931, 5.53, 4.26, 2.87, 2.41, 2.51, 2.74, 2.79, 2.33, 2.4, 2.22, 2.37, 2.77, 3.08, 3.38, 3.8, 4.82, 5.5, 5.49, 4.32, 1.93, 1.81, 2.24, 2.19, 2.03, 2.29, 2.82, 3.7, 3.95, 4.11, 3.53, 3.47, 3.85, 3.97, 4.36, 4.68, 4.36, 4.43, 4.76, 5.01, 4.88, 4.96, 5.29, 5.52, 5.08, 4.62, 4.16, 3.98, 3.94, 4.54, 5.37, 5.64, 5.03, 4.06, 4.11, 4.55, 4.24, 3.67, 3.3, 3.13, 2.98, 2.95, 2.61, 2.81, 3.8, 3.9, 3.9, 3.92, 3.89, 3.56, 3.81, 2.14, 0.63, 0, 0.74, 1.24, 1.42, 1.91, 2.09, 2.81, 3.74, 4.662, 4.98, 5.34, 5.6], [5.822, 5.72, 5.31, 3.96, 2.59, 2.23, 2.21, 2.44, 2.49, 2.17, 2.42, 2.32, 2.29, 2.55, 2.84, 3.14, 3.56, 4.6, 5.28, 5.25, 4.08, 1.49, 1.33, 1.74, 1.69, 1.79, 2.11, 2.68, 3.5, 3.83, 3.95, 3.43, 3.51, 3.95, 4.07, 4.46, 4.76, 4.46, 4.53, 4.86, 5.13, 5.04, 5.16, 5.47, 5.7, 5.2, 4.8, 4.34, 4.1, 3.98, 4.44, 5.17, 5.4, 4.79, 3.86, 3.87, 4.31, 4.0, 3.49, 3.3, 3.15, 2.94, 2.79, 2.41, 2.69, 3.68, 3.9, 3.86, 3.86, 3.83, 3.54, 3.59, 1.96, 0.73, 0.74, 0, 0.84, 0.92, 1.49, 1.83, 2.79, 3.5, 4.429, 4.72, 5.16, 5.38], [5.2, 5.08, 4.67, 3.42, 2.17, 1.93, 1.99, 1.98, 2.07, 1.91, 2.24, 2.2, 2.05, 2.15, 2.38, 2.66, 3.1, 4.02, 4.74, 4.81, 3.6, 1.43, 1.59, 1.96, 1.81, 1.79, 2.01, 2.42, 3.3, 3.61, 3.69, 3.43, 3.57, 4.03, 4.15, 4.54, 4.84, 4.54, 4.63, 5.0, 5.27, 5.18, 5.3, 5.61, 5.84, 5.34, 4.94, 4.48, 4.24, 4.02, 4.36, 4.87, 5.06, 4.49, 3.72, 3.51, 3.85, 3.48, 3.47, 3.32, 3.19, 2.98, 3.01, 2.69, 2.55, 3.64, 3.98, 3.86, 3.88, 3.85, 3.6, 3.43, 1.82, 1.11, 1.24, 0.84, 0, 0.98, 1.77, 2.33, 2.79, 2.94, 3.8, 4.2, 4.7, 4.96], [5.58, 5.46, 5.07, 3.76, 2.39, 2.19, 2.09, 2.3, 2.35, 2.03, 2.2, 2.04, 2.39, 2.55, 2.82, 3.08, 3.6, 4.56, 5.18, 5.13, 4.02, 1.75, 1.53, 2.02, 1.87, 1.99, 2.25, 2.88, 3.76, 4.15, 4.17, 3.83, 3.91, 4.29, 4.37, 4.82, 5.14, 4.76, 4.85, 5.14, 5.41