[[0, 3.12, 3.62, 5.84, 6.67, 6.51, 6.81, 7.49, 7.07, 6.41, 7.09, 8.33, 7.36, 7.5, 6.72, 6.05, 6.68, 7.58, 7.41, 7.76, 8.38, 8.63, 8.67, 8.62, 9.11, 10.47, 10.71, 9.54, 7.32, 6.86, 6.69, 6.31, 5.82, 6.02, 6.6, 7.07, 8.28, 9.63, 10.99, 11.79, 12.34, 13.82, 13.42, 15.03, 13.4, 6.78, 3.38, 3.97, 4.06, 3.94, 4.17, 4.5, 4.81, 5.15, 5.42, 5.27, 5.5, 5.89, 6.49, 6.59, 6.2, 6.159, 5.56, 5.38, 5.03, 5.44, 6.04, 5.78, 5.32, 5.51, 6.36, 6.45, 6.52, 6.34, 5.47, 5.43, 5.5, 5.74, 5.37, 4.04, 1.79, 2.1, 3.25, 3.53, 3.18, 2.27], [3.12, 0, 0.94, 3.0, 3.79, 3.69, 3.93, 4.47, 4.25, 3.47, 4.33, 5.57, 4.56, 4.6, 3.76, 3.03, 3.84, 4.82, 4.63, 4.9, 5.56, 5.79, 5.75, 5.66, 6.29, 7.69, 7.95, 6.78, 4.66, 4.44, 4.23, 3.81, 3.56, 3.74, 4.16, 4.71, 5.94, 7.07, 8.23, 9.03, 9.58, 11.06, 10.62, 12.29, 10.6, 4.0, 3.08, 5.59, 5.82, 5.68, 6.15, 6.72, 7.13, 7.47, 7.86, 7.83, 8.22, 8.63, 9.23, 9.29, 8.923, 8.902, 8.069, 7.846, 7.425, 7.835, 8.437, 8.12, 7.72, 7.93, 8.78, 9.15, 9.24, 9.08, 8.15, 8.13, 8.22, 8.52, 8.11, 6.76, 3.77, 1.92, 1.19, 1.25, 1.4, 1.85], [3.62, 0.94, 0, 2.38, 3.23, 3.09, 3.35, 3.97, 3.85, 3.13, 3.93, 5.23, 4.14, 4.18, 3.24, 2.57, 3.48, 4.42, 4.17, 4.54, 5.16, 5.39, 5.31, 5.3, 5.93, 7.33, 7.55, 6.38, 4.44, 4.48, 4.31, 3.77, 3.58, 3.78, 4.18, 4.73, 5.92, 6.81, 7.89, 8.69, 9.24, 10.72, 10.32, 12.01, 10.28, 3.7, 3.16, 5.85, 6.12, 6.06, 6.55, 7.16, 7.49, 7.73, 8.12, 8.13, 8.48, 8.91, 9.57, 9.67, 9.214, 9.213, 8.386, 8.283, 7.83, 8.226, 8.877, 8.56, 8.08, 8.29, 9.2, 9.55, 9.66, 9.557, 8.67, 8.63, 8.7, 8.88, 8.55, 7.16, 4.07, 2.34, 1.29, 1.27, 1.44, 2.15], [5.84, 3.0, 2.38, 0, 1.05, 1.31, 1.43, 2.23, 2.43, 1.71, 2.65, 3.85, 2.7, 2.76, 1.9, 1.29, 1.82, 2.96, 2.53, 2.96, 3.64, 4.01, 3.79, 3.66, 4.31, 5.69, 5.91, 4.96, 4.02, 4.36, 4.19, 3.77, 3.68, 3.52, 3.98, 4.49, 5.6, 6.21, 6.75, 7.23, 7.9, 9.38, 9.24, 10.77, 9.04, 2.52, 4.46, 7.11, 7.46, 7.4, 7.83, 8.38, 8.77, 9.11, 9.58, 9.65, 9.96, 10.35, 11.13, 11.27, 10.849, 10.67, 9.8, 9.74, 9.308, 9.698, 10.377, 9.98, 9.34, 9.57, 10.36, 10.83, 11.06, 11.1, 10.31, 10.23, 10.28, 10.46, 10.13, 8.78, 5.75, 4.14, 2.95, 2.73, 3.06, 3.75], [6.67, 3.79, 3.23, 1.05, 0, 1.06, 1.16, 1.52, 1.86, 1.46, 2.16, 3.38, 2.51, 2.15, 1.85, 1.6, 1.55, 2.41, 2.12, 2.45, 3.13, 3.52, 3.3, 3.17, 3.8, 5.18, 5.4, 4.57, 3.99, 4.31, 4.14, 3.76, 3.75, 3.49, 3.89, 4.44, 5.55, 6.16, 6.58, 6.94, 7.63, 9.15, 8.95, 10.42, 8.57, 2.27, 5.09, 7.66, 8.01, 7.93, 8.4, 8.93, 9.3, 9.66, 10.13, 10.2, 10.51, 10.9, 11.66, 11.8, 11.422, 11.22, 10.417, 10.371, 10.104, 10.494, 11.05, 10.67, 10.17, 10.24, 11.15, 11.66, 11.79, 11.91, 11.16, 11.08, 11.03, 11.11, 10.66, 9.31, 6.46, 4.85, 3.82, 3.48, 3.77, 4.5], [6.51, 3.69, 3.09, 1.31, 1.06, 0, 1.02, 1.94, 2.48, 1.98, 2.54, 3.8, 2.67, 2.61, 2.03, 1.74, 1.95, 2.83, 2.56, 2.95, 3.63, 3.96, 3.78, 3.65, 4.34, 5.78, 5.96, 5.09, 4.41, 4.69, 4.48, 4.06, 3.89, 3.89, 4.29, 4.84, 5.99, 6.62, 7.14, 7.44, 8.15, 9.65, 9.43, 10.88, 9.03, 2.65, 4.65, 7.22, 7.49, 7.49, 7.96, 8.55, 8.86, 9.14, 9.59, 9.66, 9.97, 10.36, 11.16, 11.3, 10.876, 10.738, 9.905, 9.903, 9.615, 9.994, 10.57, 10.19, 9.73, 9.96, 10.77, 11.18, 11.31, 11.43, 10.68, 10.6, 10.63, 10.63, 10.34, 8.97, 6.16, 4.81, 3.76, 3.4, 3.53, 4.4], [6.81, 3.93, 3.35, 1.43, 1.16, 1.02, 0, 1.26, 1.96, 1.52, 1.78, 2.86, 1.95, 1.95, 1.53, 1.32, 1.43, 1.93, 1.66, 2.13, 2.69, 3.02, 2.82, 2.73, 3.38, 4.86, 5.04, 4.19, 3.87, 4.25, 4.1, 3.7, 3.63, 3.47, 3.89, 4.38, 5.49, 6.06, 6.42, 6.56, 7.25, 8.77, 8.55, 9.96, 8.09, 1.91, 5.41, 8.18, 8.43, 8.39, 8.86, 9.45, 9.8, 10.08, 10.55, 10.62, 10.93, 11.32, 12.08, 12.2, 11.813, 11.649, 10.851, 10.788, 10.478, 10.868, 11.47, 11.07, 10.53, 10.62, 11.57, 12.0, 12.19, 12.23, 11.44, 11.36, 11.37, 11.53, 11.12, 9.71, 6.64, 5.05, 3.96, 3.72, 3.85, 4.68], [7.49, 4.47, 3.97, 2.23, 1.52, 1.94, 1.26, 0, 1.16, 1.44, 1.2, 2.26, 1.69, 1.21, 1.39, 1.62, 1.07, 1.35, 1.14, 1.25, 1.89, 2.24, 2.14, 1.99, 2.58, 4.02, 4.18, 3.37, 3.77, 4.27, 4.1, 3.84, 3.81, 3.45, 3.89, 4.4, 5.41, 5.9, 5.84, 5.84, 6.55, 8.05, 7.81, 9.18, 7.31, 1.73, 6.31, 9.04, 9.31, 9.33, 9.8, 10.37, 10.66, 10.94, 11.41, 11.48, 11.79, 12.18, 12.94, 13.08, 12.713, 12.552, 11.774, 11.728, 11.421, 11.811, 12.41, 12.01, 11.45, 11.52, 12.49, 12.96, 13.13, 13.17, 12.38, 12.3, 12.29, 12.45, 12.06, 10.63, 7.46, 5.55, 4.4, 4.18, 4.43, 5.4], [7.07, 4.25, 3.85, 2.43, 1.86, 2.48, 1.96, 1.16, 0, 1.22, 0.82, 2.0, 1.45, 1.17, 1.61, 1.76, 0.97, 1.11, 1.26, 1.17, 1.61, 1.96, 2.04, 1.95, 2.34, 3.56, 3.8, 2.79, 2.97, 3.51, 3.34, 3.28, 3.29, 2.81, 3.13, 3.66, 4.65, 5.1, 5.02, 5.24, 5.93, 7.37, 7.13, 8.6, 6.77, 1.41, 6.69, 9.44, 9.77, 9.61, 10.12, 10.69, 11.02, 11.4, 11.83, 11.86, 12.21, 12.58, 13.3, 13.44, 13.036, 12.914, 12.019, 11.916, 11.506, 11.896, 12.587, 12.17, 11.63, 11.8, 12.69, 13.12, 13.33, 13.287, 12.38, 12.36, 12.43, 12.65, 12.3, 10.89, 7.7, 5.57, 4.04, 4.02, 4.61, 5.56], [6.41, 3.47, 3.13, 1.71, 1.46, 1.98, 1.52, 1.44, 1.22, 0, 1.28, 2.32, 1.77, 1.65, 1.47, 1.24, 0.91, 1.69, 1.64, 1.75, 2.41, 2.58, 2.58, 2.45, 3.06, 4.58, 4.8, 3.85, 3.31, 3.61, 3.46, 3.2, 3.23, 2.97, 3.29, 3.86, 4.99, 5.52, 5.84, 6.14, 6.77, 8.15, 7.81, 9.28, 7.51, 1.49, 5.955, 8.748, 9.015, 8.87, 9.34, 9.91, 10.34, 10.68, 11.07, 11.04, 11.43, 11.84, 12.473, 12.576, 12.189, 12.082, 11.232, 10.947, 10.469, 10.899, 11.57, 11.23, 10.89, 11.125, 11.89, 12.26, 12.39, 12.31, 11.4, 11.34, 11.41, 11.81, 11.38, 10.01, 6.98, 4.91, 3.52, 3.5, 3.97, 4.8], [7.09, 4.33, 3.93, 2.65, 2.16, 2.54, 1.78, 1.2, 0.82, 1.28, 0, 1.58, 1.21, 1.07, 1.63, 1.92, 0.97, 0.93, 1.06, 1.01, 1.63, 1.88, 2.02, 1.99, 2.3, 3.54, 3.7, 2.75, 2.93, 3.39, 3.22, 3.02, 3.09, 2.75, 3.01, 3.6, 4.73, 5.16, 5.12, 5.24, 5.93, 7.31, 7.01, 8.44, 6.55, 1.15, 6.93, 9.699, 9.97, 9.85, 10.32, 10.93, 11.28, 11.62, 12.01, 12.02, 12.37, 12.78, 13.42, 13.54, 13.136, 13.074, 12.213, 12.033, 11.586, 11.976, 12.667, 12.33, 11.85, 12.08, 12.95, 13.32, 13.45, 13.367, 12.457, 12.44, 12.51, 12.75, 12.4, 10.99, 7.92, 5.83, 4.26, 4.26, 4.81, 5.78], [8.33, 5.57, 5.23, 3.85, 3.38, 3.8, 2.86, 2.26, 2.0, 2.32, 1.58, 0, 1.55, 1.83, 2.53, 3.1, 2.03, 1.35, 1.86, 1.57, 1.77, 1.78, 2.08, 2.33, 2.26, 2.7, 2.64, 1.87, 2.31, 2.75, 2.64, 2.44, 2.85, 2.75, 2.67, 2.88, 3.85, 4.24, 4.2, 4.16, 4.83, 6.11, 5.89, 7.14, 5.31, 1.75, 8.146, 10.928, 11.195, 11.05, 11.52, 12.09, 12.52, 12.86, 13.25, 13.26, 13.61, 14.02, 14.699, 14.802, 14.412, 14.297, 13.424, 13.084, 12.577, 13.039, 13.71, 13.37, 13.07, 13.305, 14.07, 14.38, 14.59, 14.476, 13.546, 13.497, 13.57, 14.049, 13.62, 12.25, 9.16, 6.95, 5.42, 5.44, 6.05, 6.98], [7.36, 4.56, 4.14, 2.7, 2.51, 2.67, 1.95, 1.69, 1.45, 1.77, 1.21, 1.55, 0, 1.0, 1.56, 1.95, 1.3, 1.66, 1.71, 1.66, 2.32, 2.65, 2.77, 2.64, 2.97, 3.61, 3.49, 2.68, 3.18, 3.66, 3.45, 3.13, 3.28, 3.06, 3.36, 3.69, 4.6, 5.09, 5.15, 5.25, 5.98, 7.36, 7.14, 8.49, 6.58, 1.48, 7.0, 9.71, 10.06, 9.96, 10.41, 11.0, 11.35, 11.67, 12.1, 12.13, 12.48, 12.85, 13.63, 13.77, 13.332, 13.21, 12.3, 12.243, 11.819, 12.209, 12.897, 12.48, 11.9, 12.11, 12.98, 13.41, 13.6, 13.6, 12.69, 12.67, 12.74, 12.94, 12.63, 11.22, 7.99, 5.82, 4.33, 4.21, 4.88, 5.87], [7.5, 4.6, 4.18, 2.76, 2.15, 2.61, 1.95, 1.21, 1.17, 1.65, 1.07, 1.83, 1.0, 0, 1.24, 1.87, 1.3, 1.4, 1.51, 1.38, 2.02, 2.33, 2.39, 2.3, 2.67, 3.69, 3.77, 2.84, 3.38, 3.84, 3.65, 3.51, 3.56, 3.18, 3.6, 4.01, 5.02, 5.51, 5.53, 5.55, 6.28, 7.64, 7.42, 8.73, 6.88, 1.52, 6.9, 9.55, 9.88, 9.86, 10.37, 10.96, 11.23, 11.45, 11.86, 11.95, 12.28, 12.67, 13.43, 13.57, 13.109, 13.059, 12.238, 12.215, 11.905, 12.295, 12.9, 12.54, 11.98, 12.05, 13.04, 13.51, 13.68, 13.66, 12.75, 12.73, 12.8, 12.92, 12.53, 11.08, 7.91, 5.88, 4.47, 4.23, 4.7, 5.91], [6.72, 3.76, 3.24, 1.9, 1.85, 2.03, 1.53, 1.39, 1.61, 1.47, 1.63, 2.53, 1.56, 1.24, 0, 1.11, 1.28, 1.84, 1.79, 1.8, 2.42, 2.73, 2.75, 2.68, 3.23, 4.51, 4.73, 3.7, 3.96, 4.42, 4.27, 3.89, 3.82, 3.62, 4.02, 4.53, 5.7, 6.21, 6.27, 6.33, 7.08, 8.46, 8.2, 9.49, 7.74, 1.7, 5.92, 8.53, 8.88, 8.86, 9.39, 9.98, 10.23, 10.43, 10.86, 10.91, 11.26, 11.67, 12.37, 12.55, 12.132, 12.011, 11.281, 11.238, 10.948, 11.338, 11.92, 11.58, 11.08, 11.17, 12.16, 12.59, 12.72, 12.68, 11.83, 11.77, 11.82, 11.94, 11.53, 10.08, 6.97, 5.14, 3.71, 3.55, 3.82, 4.97], [6.05, 3.03, 2.57, 1.29, 1.6, 1.74, 1.32, 1.62, 1.76, 1.24, 1.92, 3.1, 1.95, 1.87, 1.11, 0, 1.27, 2.13, 2.04, 2.33, 3.05, 3.3, 3.22, 3.09, 3.6, 5.04, 5.26, 4.31, 4.05, 4.47, 4.32, 3.9, 3.79, 3.69, 4.07, 4.6, 5.71, 6.22, 6.46, 6.66, 7.33, 8.85, 8.63, 10.1, 8.33, 2.01, 5.15, 7.88, 8.13, 8.13, 8.6, 9.19, 9.52, 9.78, 10.25, 10.32, 10.63, 11.02, 11.8, 11.94, 11.519, 11.349, 10.542, 10.519, 10.175, 10.565, 11.21, 10.79, 10.17, 10.32, 11.25, 11.68, 11.91, 11.93, 11.02, 11.0, 11.07, 11.21, 10.86, 9.43, 6.18, 4.19, 2.98, 2.8, 3.11, 4.14], [6.68, 3.84, 3.48, 1.82, 1.55, 1.95, 1.43, 1.07, 0.97, 0.91, 0.97, 2.03, 1.3, 1.3, 1.28, 1.27, 0, 1.24, 1.07, 1.3, 2.02, 2.41, 2.37, 2.18, 2.59, 3.95, 4.19, 3.28, 3.22, 3.68, 3.53, 3.21, 3.18, 2.9, 3.28, 3.79, 4.86, 5.35, 5.49, 5.59, 6.34, 7.84, 7.62, 9.07, 7.28, 1.14, 6.22, 8.93, 9.24, 9.14, 9.57, 10.12, 10.53, 10.89, 11.36, 11.43, 11.74, 12.13, 12.89, 13.03, 12.626, 12.444, 11.574, 11.48, 11.016, 11.423, 12.114, 11.72, 11.06, 11.29, 12.12, 12.55, 12.8, 12.814, 11.887, 11.87, 11.94, 12.24, 11.89, 10.48, 7.23, 5.02, 3.61, 3.69, 4.14, 5.09], [7.58, 4.82, 4.42, 2.96, 2.41, 2.83, 1.93, 1.35, 1.11, 1.69, 0.93, 1.35, 1.66, 1.4, 1.84, 2.13, 1.24, 0, 0.93, 1.02, 1.4, 1.53, 1.73, 1.8, 1.95, 3.07, 3.29, 2.46, 2.78, 3.26, 3.07, 3.03, 3.02, 2.8, 3.0, 3.43, 4.44, 4.89, 4.89, 4.77, 5.42, 6.9, 6.74, 8.07, 6.24, 1.48, 7.22, 9.99, 10.24, 10.14, 10.61, 11.2, 11.57, 11.89, 12.34, 12.41, 12.72, 13.11, 13.87, 13.99, 13.594, 13.43, 12.569, 12.446, 12.036, 12.426, 13.117, 12.68, 12.18, 12.37, 13.26, 13.61, 13.86, 13.857, 12.947, 12.91, 12.96, 13.22, 12.79, 11.42, 8.23, 6.04, 4.57, 4.63, 5.08, 6.15], [7.41, 4.63, 4.17, 2.53, 2.12, 2.56, 1.66, 1.14, 1.26, 1.64, 1.06, 1.86, 1.71, 1.51, 1.79, 2.04, 1.07, 0.93, 0, 0.85, 1.23, 1.6, 1.52, 1.47, 1.88, 3.28, 3.52, 2.79, 3.49, 4.01, 3.82, 3.64, 3.69, 3.31, 3.63, 4.16, 5.13, 5.58, 5.46, 5.22, 5.99, 7.39, 7.23, 8.36, 6.57, 1.51, 6.89, 9.631, 9.93, 9.83, 10.26, 10.81, 11.24, 11.58, 12.05, 12.12, 12.43, 12.82, 13.58, 13.7, 13.31, 13.14, 12.27, 12.15, 11.706, 12.096, 12.787, 12.39, 11.77, 12.02, 12.83, 13.22, 13.49, 13.487, 12.58, 12.56, 12.63, 12.93, 12.54, 11.13, 7.92, 5.81, 4.48, 4.48, 4.87, 5.8], [7.76, 4.9, 4.54, 2.96, 2.45, 2.95, 2.13, 1.25, 1.17, 1.75, 1.01, 1.57, 1.66, 1.38, 1.8, 2.33, 1.3, 1.02, 0.85, 0, 0.96, 1.37, 1.43, 1.36, 1.59, 2.99, 3.15, 2.62, 3.32, 3.8, 3.67, 3.51, 3.54, 3.06, 3.4, 3.95, 4.88, 5.35, 5.27, 5.01, 5.78, 7.14, 7.04, 8.03, 6.18, 1.44, 7.3, 10.064, 10.38, 10.2, 10.67, 11.24, 11.63, 12.01, 12.46, 12.53, 12.84, 13.23, 13.99, 14.11, 13.723, 13.542, 12.672, 12.494, 12.002, 12.432, 13.143, 12.78, 12.18, 12.43, 13.18, 13.55, 13.84, 13.826, 12.93, 12.87, 12.96, 13.34, 12.97, 11.56, 8.33, 6.2, 4.65, 4.67, 5.22, 6.17], [8.38, 5.56, 5.16, 3.64, 3.13, 3.63, 2.69, 1.89, 1.61, 2.41, 1.63, 1.77, 2.32, 2.02, 2.42, 3.05, 2.02, 1.4, 1.23, 0.96, 0, 0.69, 0.73, 0.88, 1.07, 2.39, 2.57, 2.28, 3.24, 3.72, 3.65, 3.69, 3.76, 3.28, 3.44, 3.95, 4.82, 5.23, 5.03, 4.79, 5.52, 6.82, 6.76, 7.49, 5.62, 2.18, 7.96, 10.744, 11.06, 10.88, 11.35, 11.9, 12.31, 12.69, 13.12, 13.17, 13.5, 13.87, 14.63, 14.744, 14.357, 14.199, 13.309, 13.089, 12.61, 13.04, 13.752, 13.38, 12.86, 13.11, 13.86, 14.21, 14.48, 14.42, 13.49, 13.47, 13.54, 13.98, 13.59, 12.18, 8.99, 6.9, 5.39, 5.43, 5.9, 6.81], [8.63, 5.79, 5.39, 4.01, 3.52, 3.96, 3.02, 2.24, 1.96, 2.58, 1.88, 1.78, 2.65, 2.33, 2.73, 3.3, 2.41, 1.53, 1.6, 1.37, 0.69, 0, 0.52, 0.93, 0.88, 2.18, 2.4, 1.99, 3.09, 3.61, 3.56, 3.68, 3.75, 3.45, 3.39, 3.84, 4.75, 5.08, 4.72, 4.5, 5.15, 6.39, 6.33, 7.1, 5.23, 2.49, 8.309, 11.085, 11.37, 11.21, 11.68, 12.25, 12.68, 13.02, 13.41, 13.44, 13.79, 14.18, 14.86, 14.971, 14.581, 14.486, 13.596, 13.279, 12.8, 13.23, 13.942, 13.61, 13.229, 13.462, 14.23, 14.54, 14.77, 14.63, 13.72, 13.66, 13.75, 14.21, 13.8, 12.41, 9.32, 7.25, 5.74, 5.78, 6.25, 7.14], [8.67, 5.75, 5.31, 3.79, 3.3, 3.78, 2.82, 2.14, 2.04, 2.58, 2.02, 2.08, 2.77, 2.39, 2.75, 3.22, 2.37, 1.73, 1.52, 1.43, 0.73, 0.52, 0, 0.59, 0.82, 2.28, 2.52, 2.19, 3.33, 3.93, 3.9, 3.98, 3.97, 3.63, 3.55, 4.04, 4.95, 5.34, 5.0, 4.76, 5.47, 6.73, 6.65, 7.38, 5.53, 2.63, 8.09, 10.885, 11.19, 11.01, 11.48, 12.03, 12.46, 12.82, 13.25, 13.28, 13.63, 14.0, 14.7, 14.811, 14.424, 14.326, 13.416, 13.147, 12.695, 13.105, 13.802, 13.47, 13.01, 13.26, 14.01, 14.36, 14.61, 14.499, 13.56, 13.52, 13.59, 14.05, 13.64, 12.25, 9.14, 7.13, 5.78, 5.78, 6.21, 6.94], [8.62, 5.66, 5.3, 3.66, 3.17, 3.65, 2.73, 1.99, 1.95, 2.45, 1.99, 2.33, 2.64, 2.3, 2.68, 3.09, 2.18, 1.8, 1.47, 1.36, 0.88, 0.93, 0.59, 0, 0.83, 2.33, 2.57, 2.32, 3.62, 4.24, 4.21, 4.21, 4.26, 3.84, 3.76, 4.31, 5.04, 5.43, 5.13, 4.89, 5.62, 6.92, 6.84, 7.53, 5.7, 2.54, 7.96, 10.761, 11.06, 10.88, 11.35, 11.9, 12.33, 12.69, 13.12, 13.17, 13.5, 13.87, 14.63, 14.741, 14.351, 14.196, 13.306, 13.08, 12.619, 13.029, 13.732, 13.34, 12.88, 13.13, 13.9, 14.27, 14.5, 14.44, 13.53, 13.45, 13.56, 13.98, 13.57, 12.18, 9.01, 6.9, 5.61, 5.65, 6.08, 6.81], [9.11, 6.29, 5.93, 4.31, 3.8, 4.34, 3.38, 2.58, 2.34, 3.06, 2.3, 2.26, 2.97, 2.67, 3.23, 3.6, 2.59, 1.95, 1.88, 1.59, 1.07, 0.88, 0.82, 0.83, 0, 1.64, 1.84, 2.01, 3.41, 4.09, 4.1, 4.18, 4.17, 3.83, 3.69, 4.06, 4.69, 5.06, 4.68, 4.36, 5.07, 6.41, 6.37, 6.84, 5.17, 2.81, 8.69, 11.411, 11.73, 11.59, 12.04, 12.53, 13.02, 13.38, 13.85, 13.92, 14.23, 14.62, 15.38, 15.494, 15.104, 14.929, 14.059, 13.824, 13.337, 13.759, 14.47, 14.11, 13.55, 13.78, 14.53, 14.9, 15.23, 15.156, 14.226, 14.2, 14.29, 14.73, 14.34, 12.93, 9.72, 7.49, 6.02, 6.04, 6.61, 7.56], [10.47, 7.69, 7.33, 5.69, 5.18, 5.78, 4.86, 4.02, 3.56, 4.58, 3.54, 2.7, 3.61, 3.69, 4.51, 5.04, 3.95, 3.07, 3.28, 2.99, 2.39, 2.18, 2.28, 2.33, 1.64, 0, 0.8, 1.57, 3.57, 4.23, 4.42, 4.64, 4.97, 4.75, 4.31, 3.94, 3.99, 4.32, 3.7, 3.36, 3.97, 5.25, 5.35, 5.64, 4.01, 3.87, 10.13, 12.8, 13.15, 13.03, 13.48, 13.99, 14.42, 14.8, 15.27, 15.34, 15.65, 16.04, 16.8, 16.94, 16.536, 16.354, 15.484, 15.347, 14.86, 15.27, 15.982, 15.61, 14.95, 15.16, 15.93, 16.4, 16.67, 16.679, 15.749, 15.7, 15.81, 16.15, 15.8, 14.39, 11.14, 8.83, 7.34, 7.3, 7.99, 8.98], [10.71, 7.95, 7.55, 5.91, 5.4, 5.96, 5.04, 4.18, 3.8, 4.8, 3.7, 2.64, 3.49, 3.77, 4.73, 5.26, 4.19, 3.29, 3.52, 3.15, 2.57, 2.4, 2.52, 2.57, 1.84, 0.8, 0, 1.49, 3.65, 4.25, 4.44, 4.76, 5.19, 4.91, 4.45, 3.92, 3.69, 4.1, 3.58, 3.3, 3.85, 5.17, 5.17, 5.5, 3.89, 4.07, 10.37, 13.02, 13.37, 13.29, 13.72, 14.25, 14.66, 15.02, 15.49, 15.56, 15.87, 16.26, 17.04, 17.18, 16.759, 16.577, 15.707, 15.604, 15.097, 15.524, 16.236, 15.87, 15.19, 15.38, 16.19, 16.64, 16.91, 16.936, 16.006, 15.96, 16.07, 16.37, 16.04, 14.63, 11.36, 9.09, 7.6, 7.52, 8.21, 9.24], [9.54, 6.78, 6.38, 4.96, 4.57, 5.09, 4.19, 3.37, 2.79, 3.85, 2.75, 1.87, 2.68, 2.84, 3.7, 4.31, 3.28, 2.46, 2.79, 2.62, 2.28, 1.99, 2.19, 2.32, 2.01, 1.57, 1.49, 0, 2.48, 3.24, 3.39, 3.67, 4.06, 3.84, 3.44, 2.95, 3.26, 3.69, 3.15, 2.97, 3.62, 5.0, 4.74, 5.95, 4.2, 3.04, 9.26, 12.01, 12.32, 12.2, 12.65, 13.24, 13.59, 13.95, 14.38, 14.41, 14.76, 15.13, 15.87, 16.01, 15.589, 15.467, 14.557, 14.46, 13.993, 14.403, 15.094, 14.72, 14.14, 14.39, 15.22, 15.63, 15.82, 15.794, 14.864, 14.85, 14.92, 15.2, 14.87, 13.46, 10.25, 8.04, 6.55, 6.49, 7.16, 8.11], [7.32, 4.66, 4.44, 4.02, 3.99, 4.41, 3.87, 3.77, 2.97, 3.31, 2.93, 2.31, 3.18, 3.38, 3.96, 4.05, 3.22, 2.78, 3.49, 3.32, 3.24, 3.09, 3.33, 3.62, 3.41, 3.57, 3.65, 2.48, 0, 1.12, 1.17, 1.45, 1.8, 1.62, 1.16, 1.07, 2.08, 2.81, 3.75, 4.61, 5.04, 6.52, 6.2, 7.87, 6.16, 2.7, 7.42, 9.99, 10.22, 10.06, 10.55, 11.12, 11.53, 11.85, 12.26, 12.25, 12.6, 13.01, 13.67, 13.784, 13.397, 13.299, 12.429, 12.22, 11.77, 12.2, 12.812, 12.5, 12.06, 12.33, 13.12, 13.41, 13.6, 13.472, 12.522, 12.53, 12.58, 13.02, 12.63, 11.22, 8.19, 6.16, 4.81, 4.99, 5.56, 6.31], [6.86, 4.44, 4.48, 4.36, 4.31, 4.69, 4.25, 4.27, 3.51, 3.61, 3.39, 2.75, 3.66, 3.84, 4.42, 4.47, 3.68, 3.26, 4.01, 3.8, 3.72, 3.61, 3.93, 4.24, 4.09, 4.23, 4.25, 3.24, 1.12, 0, 0.61, 1.15, 1.44, 1.3, 1.02, 1.01, 2.04, 3.17, 4.35, 5.23, 5.66, 7.14, 6.7, 8.35, 6.68, 3.02, 7.44, 9.87, 10.08, 9.94, 10.35, 10.88, 11.25, 11.55, 11.98, 11.93, 12.16, 12.57, 13.17, 13.221, 12.851, 12.836, 12.16, 11.92, 11.45, 11.9, 12.42, 12.26, 11.8, 12.15, 12.92, 12.97, 13.1, 12.86, 11.97, 11.89, 11.98, 12.44, 12.01, 10.72, 8.05, 6.08, 4.85, 5.07, 5.64, 6.25], [6.69, 4.23, 4.31, 4.19, 4.14, 4.48, 4.1, 4.1, 3.34, 3.46, 3.22, 2.64, 3.45, 3.65, 4.27, 4.32, 3.53, 3.07, 3.82, 3.67, 3.65, 3.56, 3.9, 4.21, 4.1, 4.42, 4.44, 3.39, 1.17, 0.61, 0, 1.06, 1.19, 1.07, 0.99, 1.16, 2.15, 3.26, 4.58, 5.48, 5.85, 7.31, 6.87, 8.52, 6.81, 2.89, 7.21, 9.66, 9.85, 9.71, 10.12, 10.67, 11.04, 11.36, 11.77, 11.76, 12.03, 12.44, 13.04, 13.068, 12.712, 12.703, 11.972, 11.69, 11.24, 11.69, 12.17, 11.99, 11.59, 11.96, 12.75, 12.86, 12.99, 12.73, 11.78, 11.74, 11.83, 12.31, 11.86, 10.59, 7.84, 5.85, 4.62, 4.84, 5.41, 6.02], [6.31, 3.81, 3.77, 3.77, 3.76, 4.06, 3.7, 3.84, 3.28, 3.2, 3.02, 2.44, 3.13, 3.51, 3.89, 3.9, 3.21, 3.03, 3.64, 3.51, 3.69, 3.68, 3.98, 4.21, 4.18, 4.64, 4.76, 3.67, 1.45, 1.15, 1.06, 0, 0.89, 0.99, 0.99, 1.5, 2.51, 3.56, 4.84, 5.68, 6.17, 7.65, 7.23, 8.94, 7.17, 2.55, 6.69, 9.18, 9.39, 9.21, 9.6, 10.17, 10.54, 10.9, 11.31, 11.32, 11.59, 12.0, 12.62, 12.651, 12.298, 12.266, 11.516, 11.23, 10.76, 11.21, 11.73, 11.53, 11.15, 11.48, 12.25, 12.36, 12.55, 12.37, 11.42, 11.36, 11.47, 11.95, 11.5, 10.15, 7.36, 5.33, 4.1, 4.32, 4.89, 5.52], [5.82, 3.56, 3.58, 3.68, 3.75, 3.89, 3.63, 3.81, 3.29, 3.23, 3.09, 2.85, 3.28, 3.56, 3.82, 3.79, 3.18, 3.02, 3.69, 3.54, 3.76, 3.75, 3.97, 4.26, 4.17, 4.97, 5.19, 4.06, 1.8, 1.44, 1.19, 0.89, 0, 0.8, 1.2, 1.53, 2.72, 4.01, 5.35, 6.17, 6.68, 8.18, 7.8, 9.51, 7.72, 2.56, 6.34, 8.69, 8.9, 8.74, 9.15, 9.62, 9.99, 10.33, 10.76, 10.79, 11.08, 11.45, 12.13, 12.161, 11.808, 11.776, 10.926, 10.68, 10.27, 10.7, 11.18, 11.0, 10.58, 10.91, 11.68, 11.83, 12.06, 11.88, 10.91, 10.83, 11.0, 11.46, 11.01, 9.66, 6.77, 4.9, 3.79, 3.99, 4.56, 5.01], [6.02, 3.74, 3.78, 3.52, 3.49, 3.89, 3.47, 3.45, 2.81, 2.97, 2.75, 2.75, 3.06, 3.18, 3.62, 3.69, 2.9, 2.8, 3.31, 3.06, 3.28, 3.45, 3.63, 3.84, 3.83, 4.75, 4.91, 3.84, 1.62, 1.3, 1.07, 0.99, 0.8, 0, 0.86, 1.45, 2.64, 3.81, 5.13, 5.91, 6.5, 8.0, 7.62, 9.33, 7.52, 2.24, 6.5, 8.81, 9.1, 8.96, 9.35, 9.82, 10.19, 10.53, 11.02, 11.03, 11.34, 11.71, 12.39, 12.424, 12.077, 12.039, 11.189, 10.94, 10.51, 10.96, 11.46, 11.34, 10.78, 11.09, 11.86, 12.05, 12.32, 12.16, 11.17, 11.13, 11.28, 11.72, 11.29, 9.92, 7.01, 5.06, 3.97, 4.17, 4.78, 5.23], [6.6, 4.16, 4.18, 3.98, 3.89, 4.29, 3.89, 3.89, 3.13, 3.29, 3.01, 2.67, 3.36, 3.6, 4.02, 4.07, 3.28, 3.0, 3.63, 3.4, 3.44, 3.39, 3.55, 3.76, 3.69, 4.31, 4.45, 3.44, 1.16, 1.02, 0.99, 0.99, 1.2, 0.86, 0, 1.11, 2.28, 3.23, 4.53, 5.39, 5.86, 7.34, 6.94, 8.65, 6.88, 2.6, 7.04, 9.45, 9.64, 9.5, 9.97, 10.52, 10.87, 11.19, 11.62, 11.57, 11.88, 12.29, 12.93, 12.961, 12.608, 12.576, 11.786, 11.48, 11.03, 11.48, 11.98, 11.82, 11.42, 11.73, 12.5, 12.65, 12.86, 12.7, 11.73, 11.65, 11.78, 12.26, 11.81, 10.48, 7.61, 5.68, 4.49, 4.71, 5.28, 5.83], [7.07, 4.71, 4.73, 4.49, 4.44, 4.84, 4.38, 4.4, 3.66, 3.86, 3.6, 2.88, 3.69, 4.01, 4.53, 4.6, 3.79, 3.43, 4.16, 3.95, 3.95, 3.84, 4.04, 4.31, 4.06, 3.94, 3.92, 2.95, 1.07, 1.01, 1.16, 1.5, 1.53, 1.45, 1.11, 0, 1.51, 2.84, 4.04, 4.98, 5.39, 6.87, 6.55, 8.22, 6.51, 3.21, 7.37, 9.8, 9.99, 9.81, 10.3, 10.87, 11.24, 11.56, 12.03, 12.04, 12.33, 12.7, 13.36, 13.471, 13.084, 13.006, 12.196, 11.93, 11.54, 11.93, 12.53, 12.23, 11.73, 12.04, 12.81, 13.06, 13.29, 13.19, 12.28, 12.2, 12.29, 12.71, 12.3, 10.95, 7.94, 5.99, 4.84, 5.04, 5.63, 6.14], [8.28, 5.94, 5.92, 5.6, 5.55, 5.99, 5.49, 5.41, 4.65, 4.99, 4.73, 3.85, 4.6, 5.02, 5.7, 5.71, 4.86, 4.44, 5.13, 4.88, 4.82, 4.75, 4.95, 5.04, 4.69, 3.99, 3.69, 3.26, 2.08, 2.04, 2.15, 2.51, 2.72, 2.64, 2.28, 1.51, 0, 1.65, 3.03, 3.77, 4.24, 5.74, 5.48, 7.15, 5.44, 4.38, 8.48, 10.95, 11.16, 10.94, 11.39, 11.94, 12.31, 12.69, 13.1, 13.21, 13.42, 13.79, 14.55, 14.661, 14.274, 14.096, 13.366, 13.22, 12.81, 13.24, 13.8, 13.46, 12.86, 13.25, 14.02, 14.15, 14.42, 14.4, 13.51, 13.41, 13.46, 13.9, 13.51, 12.18, 9.11, 7.06, 5.93, 6.13, 6.74, 7.27], [9.63, 7.07, 6.81, 6.21, 6.16, 6.62, 6.06, 5.9, 5.1, 5.52, 5.16, 4.24, 5.09, 5.51, 6.21, 6.22, 5.35, 4.89, 5.58, 5.35, 5.23, 5.08, 5.34, 5.43, 5.06, 4.32, 4.1, 3.69, 2.81, 3.17, 3.26, 3.56, 4.01, 3.81, 3.23, 2.84, 1.65, 0, 1.84, 2.48, 2.75, 4.27, 4.01, 5.68, 3.97, 4.89, 9.55, 12.3, 12.49, 12.29, 12.74, 13.31, 13.7, 14.08, 14.47, 14.58, 14.85, 15.24, 16.0, 16.108, 15.715, 15.543, 14.753, 14.49, 14.08, 14.49, 15.13, 14.75, 14.29, 14.62, 15.39, 15.56, 15.85, 15.801, 14.9, 14.82, 14.87, 15.35, 14.92, 13.57, 10.42, 8.31, 6.88, 7.08, 7.67, 8.48], [10.99, 8.23, 7.89, 6.75, 6.58, 7.14, 6.42, 5.84, 5.02, 5.84, 5.12, 4.2, 5.15, 5.53, 6.27, 6.46, 5.49, 4.89, 5.46, 5.27, 5.03, 4.72, 5.0, 5.13, 4.68, 3.7, 3.58, 3.15, 3.75, 4.35, 4.58, 4.84, 5.35, 5.13, 4.53, 4.04, 3.03, 1.84, 0, 1.18, 1.47, 2.89, 2.73, 4.42, 2.79, 5.07, 10.73, 13.531, 13.81, 13.63, 14.1, 14.67, 15.1, 15.44, 15.87, 15.9, 16.25, 16.62, 17.36, 17.471, 17.081, 16.946, 16.036, 15.779, 15.289, 15.719, 16.43, 16.07, 15.65, 15.888, 16.65, 16.96, 17.23, 17.13, 16.194, 16.157, 16.25, 16.71, 16.3, 14.91, 11.74, 9.55, 8.06, 8.08, 8.75, 9.6], [11.79, 9.03, 8.69, 7.23, 6.94, 7.44, 6.56, 5.84, 5.24, 6.14, 5.24, 4.16, 5.25, 5.55, 6.33, 6.66, 5.59, 4.77, 5.22, 5.01, 4.79, 4.5, 4.76, 4.89, 4.36, 3.36, 3.3, 2.97, 4.61, 5.23, 5.48, 5.68, 6.17, 5.91, 5.39, 4.98, 3.77, 2.48, 1.18, 0, 0.99, 2.41, 2.25, 3.68, 2.21, 5.21, 11.47, 14.251, 14.55, 14.37, 14.84, 15.39, 15.82, 16.18, 16.63, 16.7, 17.01, 17.4, 18.16, 18.274, 17.884, 17.709, 16.839, 16.599, 16.109, 16.539, 17.25, 16.89, 16.37, 16.62, 17.37, 17.7, 18.01, 17.93, 17.003, 16.977, 17.07, 17.51, 17.12, 15.71, 12.5, 10.25, 8.72, 8.74, 9.39, 10.34], [12.34, 9.58, 9.24, 7.9, 7.63, 8.15, 7.25, 6.55, 5.93, 6.77, 5.93, 4.83, 5.98, 6.28, 7.08, 7.33, 6.34, 5.42, 5.99, 5.78, 5.52, 5.15, 5.47, 5.62, 5.07, 3.97, 3.85, 3.62, 5.04, 5.66, 5.85, 6.17, 6.68, 6.5, 5.86, 5.39, 4.24, 2.75, 1.47, 0.99, 0, 1.72, 1.74, 3.21, 1.54, 5.92, 12.06, 14.812, 15.08, 14.94, 15.39, 15.96, 16.39, 16.73, 17.18, 17.25, 17.56, 17.95, 18.71, 18.818, 18.425, 18.253, 17.383, 17.086, 16.596, 17.026, 17.737, 17.38, 16.94, 17.189, 17.94, 18.25, 18.56, 18.471, 17.541, 17.498, 17.58, 18.06, 17.63, 16.26, 13.07, 10.82, 9.29, 9.33, 9.94, 10.91], [13.82, 11.06, 10.72, 9.38, 9.15, 9.65, 8.77, 8.05, 7.37, 8.15, 7.31, 6.11, 7.36, 7.64, 8.46, 8.85, 7.84, 6.9, 7.39, 7.14, 6.82, 6.39, 6.73, 6.92, 6.41, 5.25, 5.17, 5.0, 6.52, 7.14, 7.31, 7.65, 8.18, 8.0, 7.34, 6.87, 5.74, 4.27, 2.89, 2.41, 1.72, 0, 1.38, 1.71, 1.7, 7.38, 13.6, 16.401, 16.66, 16.5, 16.97, 17.54, 17.97, 18.31, 18.7, 18.73, 19.08, 19.47, 20.19, 20.295, 19.896, 19.77, 18.877, 18.557, 18.053, 18.517, 19.188, 18.8, 18.52, 18.758, 19.52, 19.83, 20.06, 19.948, 19.018, 18.975, 19.06, 19.54, 19.11, 17.74, 14.61, 12.4, 10.87, 10.91, 11.5, 12.45], [13.42, 10.62, 10.32, 9.24, 8.95, 9.43, 8.55, 7.81, 7.13, 7.81, 7.01, 5.89, 7.14, 7.42, 8.2, 8.63, 7.62, 6.74, 7.23, 7.04, 6.76, 6.33, 6.65, 6.84, 6.37, 5.35, 5.17, 4.74, 6.2, 6.7, 6.87, 7.23, 7.8, 7.62, 6.94, 6.55, 5.48, 4.01, 2.73, 2.25, 1.74, 1.38, 0, 1.89, 1.92, 6.96, 13.34, 16.143, 16.39, 16.24, 16.71, 17.28, 17.71, 18.05, 18.44, 18.41, 18.8, 19.21, 19.803, 19.846, 19.459, 19.428, 18.608, 18.185, 17.615, 18.125, 18.756, 18.49, 18.247, 18.48, 19.247, 19.57, 19.74, 19.519, 18.569, 18.526, 18.633, 19.133, 18.67, 17.34, 14.35, 12.14, 10.61, 10.65, 11.24, 12.19], [15.03, 12.29, 12.01, 10.77, 10.42, 10.88, 9.96, 9.18, 8.6, 9.28, 8.44, 7.14, 8.49, 8.73, 9.49, 10.1, 9.07, 8.07, 8.36, 8.03, 7.49, 7.1, 7.38, 7.53, 6.84, 5.64, 5.5, 5.95, 7.87, 8.35, 8.52, 8.94, 9.51, 9.33, 8.65, 8.22, 7.15, 5.68, 4.42, 3.68, 3.21, 1.71, 1.89, 0, 2.31, 8.53, 15.006, 17.799, 18.066, 17.91, 18.38, 18.95, 19.38, 19.72, 20.11, 20.08, 20.47, 20.88, 21.462, 21.545, 21.143, 21.113, 20.263, 19.846, 19.296, 19.786, 20.458, 20.146, 19.923, 20.156, 20.923, 21.24, 21.403, 21.143, 20.213, 20.171, 20.278, 20.738, 20.32, 18.99, 16.02, 13.81, 12.28, 12.32, 12.91, 13.86], [13.4, 10.6, 10.28, 9.04, 8.57, 9.03, 8.09, 7.31, 6.77, 7.51, 6.55, 5.31, 6.58, 6.88, 7.74, 8.33, 7.28, 6.24, 6.57, 6.18, 5.62, 5.23, 5.53, 5.7, 5.17, 4.01, 3.89, 4.2, 6.16, 6.68, 6.81, 7.17, 7.72, 7.52, 6.88, 6.51, 5.44, 3.97, 2.79, 2.21, 1.54, 1.7, 1.92, 2.31, 0, 6.72, 13.258, 16.051, 16.318, 16.2, 16.645, 17.232, 17.662, 18.002, 18.4, 18.39, 18.76, 19.17, 19.789, 19.812, 19.453, 19.426, 18.571, 18.137, 17.573, 18.074, 18.648, 18.46, 18.195, 18.428, 19.195, 19.522, 19.72, 19.505, 18.515, 18.472, 18.619, 19.119, 18.65, 17.32, 14.31, 12.1, 10.57, 10.59, 11.2, 12.13], [6.78, 4.0, 3.7, 2.52, 2.27, 2.65, 1.91, 1.73, 1.41, 1.49, 1.15, 1.75, 1.48, 1.52, 1.7, 2.01, 1.14, 1.48, 1.51, 1.44, 2.18, 2.49, 2.63, 2.54, 2.81, 3.87, 4.07, 3.04, 2.7, 3.02, 2.89, 2.55, 2.56, 2.24, 2.6, 3.21, 4.38, 4.89, 5.07, 5.21, 5.92, 7.38, 6.96, 8.53, 6.72, 0, 6.58, 9.39, 9.68, 9.5, 9.97, 10.52, 10.95, 11.31, 11.76, 11.77, 12.12, 12.49, 13.17, 13.21, 12.86, 12.819, 11.909, 11.694, 11.164, 11.614, 12.186, 12.0, 11.5, 11.731, 12.5, 12.85, 13.1, 12.966, 11.976, 11.93, 12.1, 12.5, 12.07, 10.7, 7.63, 5.4, 3.93, 3.99, 4.54, 5.47], [3.38, 3.08, 3.16, 4.46, 5.09, 4.65, 5.41, 6.31, 6.69, 5.955, 6.93, 8.146, 7.0, 6.9, 5.92, 5.15, 6.22, 7.22, 6.89, 7.3, 7.96, 8.309, 8.09, 7.96, 8.69, 10.13, 10.37, 9.26, 7.42, 7.44, 7.21, 6.69, 6.34, 6.5, 7.04, 7.37, 8.48, 9.55, 10.73, 11.47, 12.06, 13.6, 13.34, 15.006, 13.258, 6.58, 0, 2.83, 3.1, 3.1, 3.55, 4.16, 4.47, 4.77, 5.24, 5.29, 5.58, 5.97, 6.69, 6.81, 6.443, 6.328, 5.56, 5.48, 5.17, 5.54, 6.1, 5.7, 5.3, 5.55, 6.34, 6.73, 6.84, 6.98, 6.23, 6.15, 6.18, 6.22, 5.93, 4.6, 2.39, 2.34, 2.97, 2.93, 2.42, 2.35], [3.97, 5.59, 5.85, 7.11, 7.66, 7.22, 8.18, 9.04, 9.44, 8.748, 9.699, 10.928, 9.71, 9.55, 8.53, 7.88, 8.93, 9.99, 9.631, 10.064, 10.744, 11.085, 10.885, 10.761, 11.411, 12.8, 13.02, 12.01, 9.99, 9.87, 9.66, 9.18, 8.69, 8.81, 9.45, 9.8, 10.95, 12.3, 13.531, 14.251, 14.812, 16.401, 16.143, 17.799, 16.051, 9.39, 2.83, 0, 0.75, 1.03, 1.48, 1.99, 2.18, 2.3, 2.67, 2.66, 3.15, 3.6, 4.34, 4.58, 4.13, 4.3, 3.91, 3.85, 3.7, 3.65, 3.95, 3.61, 3.57, 3.8, 4.51, 5.0, 5.15, 5.25, 4.58, 4.44, 4.87, 4.77, 4.74, 3.79, 3.02, 4.09, 5.58, 5.52, 5.01, 4.0], [4.06, 5.82, 6.12, 7.46, 8.01, 7.49, 8.43, 9.31, 9.77, 9.015, 9.97, 11.195, 10.06, 9.88, 8.88, 8.13, 9.24, 10.24, 9.93, 10.38, 11.06, 11.37, 11.19, 11.06, 11.73, 13.15, 13.37, 12.32, 10.22, 10.08, 9.85, 9.39, 8.9, 9.1, 9.64, 9.99, 11.16, 12.49, 13.81, 14.55, 15.08, 16.66, 16.39, 18.066, 16.318, 9.68, 3.1, 0.75, 0, 0.62, 1.09, 1.64, 1.89, 2.11, 2.36, 2.29, 2.76, 3.05, 3.79, 4.03, 3.84, 3.97, 3.56, 3.52, 3.35, 3.28, 3.5, 3.3, 3.32, 3.61, 4.34, 4.69, 4.78, 5.0, 4.31, 4.13, 4.58, 4.46, 4.47, 3.56, 3.17, 4.32, 5.83, 5.85, 5.24, 4.27], [3.94, 5.68, 6.06, 7.4, 7.93, 7.49, 8.39, 9.33, 9.61, 8.87, 9.85, 11.05, 9.96, 9.86, 8.86, 8.13, 9.14, 10.14, 9.83, 10.2, 10.88, 11.21, 11.01, 10.88, 11.59, 13.03, 13.29, 12.2, 10.06, 9.94, 9.71, 9.21, 8.74, 8.96, 9.5, 9.81, 10.94, 12.29, 13.63, 14.37, 14.94, 16.5, 16.24, 17.91, 16.2, 9.5, 3.1, 1.03, 0.62, 0, 0.87, 1.48, 1.77, 2.13, 2.5, 2.39, 2.76, 3.15, 3.91, 4.05, 3.82, 3.99, 3.4, 3.26, 3.15, 3.1, 3.34, 3.12, 3.2, 3.59, 4.2, 4.53, 4.72, 4.84, 4.07, 3.95, 4.42, 4.46, 4.29, 3.36, 3.09, 4.2, 5.69, 5.79, 5.3, 4.17], [4.17, 6.15, 6.55, 7.83, 8.4, 7.96, 8.86, 9.8, 10.12, 9.34, 10.32, 11.52, 10.41, 10.37, 9.39, 8.6, 9.57, 10.61, 10.26, 10.67, 11.35, 11.68, 11.48, 11.35, 12.04, 13.48, 13.72, 12.65, 10.55, 10.35, 10.12, 9.6, 9.15, 9.35, 9.97, 10.3, 11.39, 12.74, 14.1, 14.84, 15.39, 16.97, 16.71, 18.38, 16.645, 9.97, 3.55, 1.48, 1.09, 0.87, 0, 0.85, 1.32, 1.74, 2.15, 2.14, 2.39, 2.7, 3.46, 3.58, 3.43, 3.619, 3.07, 2.81, 2.68, 2.53, 2.87, 2.71, 2.77, 3.24, 3.77, 4.12, 4.25, 4.29, 3.62, 3.48, 3.99, 4.05, 3.98, 3.09, 3.3, 4.71, 6.18, 6.24, 5.77, 4.6], [4.5, 6.72, 7.16, 8.38, 8.93, 8.55, 9.45, 10.37, 10.69, 9.91, 10.93, 12.09, 11.0, 10.96, 9.98, 9.19, 10.12, 11.2, 10.81, 11.24, 11.9, 12.25, 12.03, 11.9, 12.53, 13.99, 14.25, 13.24, 11.12, 10.88, 10.67, 10.17, 9.62, 9.82, 10.52, 10.87, 11.94, 13.31, 14.67, 15.39, 15.96, 17.54, 17.28, 18.95, 17.232, 10.52, 4.16, 1.99, 1.64, 1.48, 0.85, 0, 0.93, 1.33, 1.7, 1.75, 2.14, 2.37, 2.99, 3.23, 3.16, 3.25, 2.68, 2.5, 2.35, 2.14, 2.4, 2.08, 2.1, 2.55, 3.06, 3.43, 3.66, 3.68, 3.07, 2.97, 3.48, 3.6, 3.65, 2.92, 3.49, 5.26, 6.73, 6.81, 6.36, 5.15], [4.81, 7.13, 7.49, 8.77, 9.3, 8.86, 9.8, 10.66, 11.02, 10.34, 11.28, 12.52, 11.35, 11.23, 10.23, 9.52, 10.53, 11.57, 11.24, 11.63, 12.31, 12.68, 12.46, 12.33, 13.02, 14.42, 14.66, 13.59, 11.53, 11.25, 11.04, 10.54, 9.99, 10.19, 10.87, 11.24, 12.31, 13.7, 15.1, 15.82, 16.39, 17.97, 17.71, 19.38, 17.662, 10.95, 4.47, 2.18, 1.89, 1.77, 1.32, 0.93, 0, 0.62, 1.11, 1.26, 1.65, 1.9, 2.62, 2.86, 2.61, 2.52, 2.19, 2.13, 2.12, 2.01, 2.27, 1.79, 1.71, 2.16, 2.77, 3.08, 3.25, 3.35, 2.74, 2.58, 3.05, 3.07, 3.1, 2.59, 3.52, 5.59, 7.12, 7.16, 6.67, 5.54], [5.15, 7.47, 7.73, 9.11, 9.66, 9.14, 10.08, 10.94, 11.4, 10.68, 11.62, 12.86, 11.67, 11.45, 10.43, 9.78, 10.89, 11.89, 11.58, 12.01, 12.69, 13.02, 12.82, 12.69, 13.38, 14.8, 15.02, 13.95, 11.85, 11.55, 11.36, 10.9, 10.33, 10.53, 11.19, 11.56, 12.69, 14.08, 15.44, 16.18, 16.73, 18.31, 18.05, 19.72, 18.002, 11.31, 4.77, 2.3, 2.11, 2.13, 1.74, 1.33, 0.62, 0, 0.69, 1.02, 1.35, 1.64, 2.28, 2.62, 2.31, 2.3, 2.05, 2.07, 2.02, 1.91, 2.11, 1.65, 1.67, 2.06, 2.69, 2.98, 3.11, 3.23, 2.52, 2.46, 2.91, 2.95, 2.98, 2.61, 3.8, 5.97, 7.48, 7.5, 6.85, 5.88], [5.42, 7.86, 8.12, 9.58, 10.13, 9.59, 10.55, 11.41, 11.83, 11.07, 12.01, 13.25, 12.1, 11.86, 10.86, 10.25, 11.36, 12.34, 12.05, 12.46, 13.12, 13.41, 13.25, 13.12, 13.85, 15.27, 15.49, 14.38, 12.26, 11.98, 11.77, 11.31, 10.76, 11.02, 11.62, 12.03, 13.1, 14.47, 15.87, 16.63, 17.18, 18.7, 18.44, 20.11, 18.4, 11.76, 5.24, 2.67, 2.36, 2.5, 2.15, 1.7, 1.11, 0.69, 0, 0.73, 1.12, 1.43, 2.05, 2.35, 2.06, 2.05, 1.88, 1.88, 1.83, 1.68, 1.84, 1.5, 1.64, 1.97, 2.6, 2.83, 2.84, 3.06, 2.53, 2.23, 2.7, 2.78, 2.91, 2.7, 4.13, 6.44, 7.95, 7.97, 7.28, 6.31], [5.27, 7.83, 8.13, 9.65, 10.2, 9.66, 10.62, 11.48, 11.86, 11.04, 12.02, 13.26, 12.13, 11.95, 10.91, 10.32, 11.43, 12.41, 12.12, 12.53, 13.17, 13.44, 13.28, 13.17, 13.92, 15.34, 15.56, 14.41, 12.25, 11.93, 11.76, 11.32, 10.79, 11.03, 11.57, 12.04, 13.21, 14.58, 15.9, 16.7, 17.25, 18.73, 18.41, 20.08, 18.39, 11.77, 5.29, 2.66, 2.29, 2.39, 2.14, 1.75, 1.26, 1.02, 0.73, 0, 0.97, 1.4, 2.04, 2.3, 2.15, 2.4, 2.05, 1.99, 1.94, 1.71, 1.89, 1.71, 1.95, 2.2, 2.81, 3.08, 3.13, 3.25, 2.66, 2.48, 3.01, 2.89, 3.02, 2.59, 4.2, 6.51, 8.02, 8.04, 7.41, 6.36], [5.5, 8.22, 8.48, 9.96, 10.51, 9.97, 10.93, 11.79, 12.21, 11.43, 12.37, 13.61, 12.48, 12.28, 11.26, 10.63, 11.74, 12.72, 12.43, 12.84, 13.5, 13.79, 13.63, 13.5, 14.23, 15.65, 15.87, 14.76, 12.6, 12.16, 12.03, 11.59, 11.08, 11.34, 11.88, 12.33, 13.42, 14.85, 16.25, 17.01, 17.56, 19.08, 18.8, 20.47, 18.76, 12.12, 5.58, 3.15, 2.76, 2.76, 2.39, 2.14, 1.65, 1.35, 1.12, 0.97, 0, 0.75, 1.49, 1.71, 1.58, 1.889, 1.68, 1.72, 1.73, 1.54, 1.54, 1.72, 2.12, 2.21, 2.6, 2.75, 2.74, 2.82, 2.21, 2.03, 2.56, 2.44, 2.57, 2.28, 4.51, 6.82, 8.33, 8.35, 7.7, 6.69], [5.89, 8.63, 8.91, 10.35, 10.9, 10.36, 11.32, 12.18, 12.58, 11.84, 12.78, 14.02, 12.85, 12.67, 11.67, 11.02, 12.13, 13.11, 12.82, 13.23, 13.87, 14.18, 14.0, 13.87, 14.62, 16.04, 16.26, 15.13, 13.01, 12.57, 12.44, 12.0, 11.45, 11.71, 12.29, 12.7, 13.79, 15.24, 16.62, 17.4, 17.95, 19.47, 19.21, 20.88, 19.17, 12.49, 5.97, 3.6, 3.05, 3.15, 2.7, 2.37, 1.9, 1.64, 1.43, 1.4, 0.75, 0, 0.96, 1.28, 1.17, 1.46, 1.55, 1.69, 1.86, 1.61, 1.41, 1.71, 2.31, 2.22, 2.39, 2.5, 2.39, 2.43, 1.88, 1.8, 2.23, 1.99, 2.16, 2.27, 4.9, 7.21, 8.72, 8.74, 8.11, 7.06], [6.49, 9.23, 9.57, 11.13, 11.66, 11.16, 12.08, 12.94, 13.3, 12.473, 13.42, 14.699, 13.63, 13.43, 12.37, 11.8, 12.89, 13.87, 13.58, 13.99, 14.63, 14.86, 14.7, 14.63, 15.38, 16.8, 17.04, 15.87, 13.67, 13.17, 13.04, 12.62, 12.13, 12.39, 12.93, 13.36, 14.55, 16.0, 17.36, 18.16, 18.71, 20.19, 19.803, 21.462, 19.789, 13.17, 6.69, 4.34, 3.79, 3.91, 3.46, 2.99, 2.62, 2.28, 2.05, 2.04, 1.49, 0.96, 0, 0.64, 0.95, 1.08, 1.67, 1.91, 2.3, 1.97, 1.55, 1.93, 2.75, 2.6, 2.29, 2.24, 1.97, 1.91, 1.8, 1.8, 2.09, 1.73, 2.12, 2.57, 5.68, 7.97, 9.48, 9.52, 8.91, 7.82], [6.59, 9.29, 9.67, 11.27, 11.8, 11.3, 12.2, 13.08, 13.44, 12.576, 13.54, 14.802, 13.77, 13.57, 12.55, 11.94, 13.03, 13.99, 13.7, 14.11, 14.744, 14.971, 14.811, 14.741, 15.494, 16.94, 17.18, 16.01, 13.784, 13.221, 13.068, 12.651, 12.161, 12.424, 12.961, 13.471, 14.661, 16.108, 17.471, 18.274, 18.818, 20.295, 19.846, 21.545, 19.812, 13.21, 6.81, 4.58, 4.03, 4.05, 3.58, 3.23, 2.86, 2.62, 2.35, 2.3, 1.71, 1.28, 0.64, 0, 0.77, 1.04, 1.71, 1.89, 2.36, 1.97, 1.63, 2.15, 3.05, 2.9, 2.45, 2.3, 1.95, 1.75, 1.76, 1.76, 2.03, 1.69, 2.04, 2.63, 5.82, 8.11, 9.6, 9.66, 9.05, 7.96], [6.2, 8.923, 9.214, 10.849, 11.422, 10.876, 11.813, 12.713, 13.036, 12.189, 13.136, 14.412, 13.332, 13.109, 12.132, 11.519, 12.626, 13.594, 13.31, 13.723, 14.357, 14.581, 14.424, 14.351, 15.104, 16.536, 16.759, 15.589, 13.397, 12.851, 12.712, 12.298, 11.808, 12.077, 12.608, 13.084, 14.274, 15.715, 17.081, 17.884, 18.425, 19.896, 19.459, 21.143, 19.453, 12.86, 6.443, 4.13, 3.84, 3.82, 3.43, 3.16, 2.61, 2.31, 2.06, 2.15, 1.58, 1.17, 0.95, 0.77, 0, 0.97, 1.48, 1.66, 2.09, 1.82, 1.7, 2.02, 2.8, 2.63, 2.4, 2.41, 2.1, 1.92, 1.85, 1.77, 1.98, 1.64, 2.05, 2.42, 5.416, 7.706, 9.213, 9.239, 8.583, 7.556], [6.159, 8.902, 9.213, 10.67, 11.22, 10.738, 11.649, 12.552, 12.914, 12.082, 13.074, 14.297, 13.21, 13.059, 12.011, 11.349, 12.444, 13.43, 13.14, 13.542, 14.199, 14.486, 14.326, 14.196, 14.929, 16.354, 16.577, 15.467, 13.299, 12.836, 12.703, 12.266, 11.776, 12.039, 12.576, 13.006, 14.096, 15.543, 16.946, 17.709, 18.253, 19.77, 19.428, 21.113, 19.426, 12.819, 6.328, 4.3, 3.97, 3.99, 3.619, 3.25, 2.52, 2.3, 2.05, 2.4, 1.889, 1.46, 1.08, 1.04, 0.97, 0, 1.17, 1.69, 2.16, 2.05, 1.91, 2.01, 2.61, 2.36, 2.13, 1.98, 1.63, 1.71, 1.64, 1.56, 1.73, 1.63, 1.9, 2.379, 5.223, 7.524, 9.032, 9.06, 8.482, 7.394], [5.56, 8.069, 8.386, 9.8, 10.417, 9.905, 10.851, 11.774, 12.019, 11.232, 12.213, 13.424, 12.3, 12.238, 11.281, 10.542, 11.574, 12.569, 12.27, 12.672, 13.309, 13.596, 13.416, 13.306, 14.059, 15.484, 15.707, 14.557, 12.429, 12.16, 11.972, 11.516, 10.926, 11.189, 11.786, 12.196, 13.366, 14.753, 16.036, 16.839, 17.383, 18.877, 18.608, 20.263, 18.571, 11.909, 5.56, 3.91, 3.56, 3.4, 3.07, 2.68, 2.19, 2.05, 1.88, 2.05, 1.68, 1.55, 1.67, 1.71, 1.48, 1.17, 0, 0.8, 1.31, 1.38, 1.4, 1.54, 2.06, 1.91, 1.76, 1.83, 1.8, 1.96, 1.51, 1.57, 1.96, 1.92, 2.11, 2.26, 4.425, 6.692, 8.173, 8.208, 7.692, 6.522], [5.38, 7.846, 8.283, 9.74, 10.371, 9.903, 10.788, 11.728, 11.916, 10.947, 12.033, 13.084, 12.243, 12.215, 11.238, 10.519, 11.48, 12.446, 12.15, 12.494, 13.089, 13.279, 13.147, 13.08, 13.824, 15.347, 15.604, 14.46, 12.22, 11.92, 11.69, 11.23, 10.68, 10.94, 11.48, 11.93, 13.22, 14.49, 15.779, 16.599, 17.086, 18.557, 18.185, 19.846, 18.137, 11.694, 5.48, 3.85, 3.52, 3.26, 2.81, 2.5, 2.13, 2.07, 1.88, 1.99, 1.72, 1.69, 1.91, 1.89, 1.66, 1.69, 0.8, 0, 0.81, 0.9, 1.12, 1.28, 2.08, 2.05, 1.92, 2.17, 2.24, 2.1, 1.59, 1.57, 2.04, 2.22, 2.29, 2.32, 4.442, 6.612, 8.073, 8.165, 7.692, 6.399], [5.03, 7.425, 7.83, 9.308, 10.104, 9.615, 10.478, 11.421, 11.506, 10.469, 11.586, 12.577, 11.819, 11.905, 10.948, 10.175, 11.016, 12.036, 11.706, 12.002, 12.61, 12.8, 12.695, 12.619, 13.337, 14.86, 15.097, 13.993, 11.77, 11.45, 11.24, 10.76, 10.27, 10.51, 11.03, 11.54, 12.81, 14.08, 15.289, 16.109, 16.596, 18.053, 17.615, 19.296, 17.573, 11.164, 5.17, 3.7, 3.35, 3.15, 2.68, 2.35, 2.12, 2.02, 1.83, 1.94, 1.73, 1.86, 2.3, 2.36, 2.09, 2.16, 1.31, 0.81, 0, 0.73, 1.23, 1.33, 1.93, 2.06, 2.23, 2.58, 2.69, 2.53, 1.68, 1.62, 2.15, 2.49, 2.48, 2.33, 4.16, 6.31, 7.68, 7.815, 7.388, 6.038], [5.44, 7.835, 8.226, 9.698, 10.494, 9.994, 10.868, 11.811, 11.896, 10.899, 11.976, 13.039, 12.209, 12.295, 11.338, 10.565, 11.423, 12.426, 12.096, 12.432, 13.04, 13.23, 13.105, 13.029, 13.759, 15.27, 15.524, 14.403, 12.2, 11.9, 11.69, 11.21, 10.7, 10.96, 11.48, 11.93, 13.24, 14.49, 15.719, 16.539, 17.026, 18.517, 18.125, 19.786, 18.074, 11.614, 5.54, 3.65, 3.28, 3.1, 2.53, 2.14, 2.01, 1.91, 1.68, 1.71, 1.54, 1.61, 1.97, 1.97, 1.82, 2.05, 1.38, 0.9, 0.73, 0, 0.82, 1.0, 1.88, 1.91, 1.98, 2.37, 2.48, 2.28, 1.67, 1.51, 2.1, 2.42, 2.57, 2.46, 4.55, 6.7, 8.07, 8.205, 7.758, 6.448], [6.04, 8.437, 8.877, 10.377, 11.05, 10.57, 11.47, 12.41, 12.587, 11.57, 12.667, 13.71, 12.897, 12.9, 11.92, 11.21, 12.114, 13.117, 12.787, 13.143, 13.752, 13.942, 13.802, 13.732, 14.47, 15.982, 16.236, 15.094, 12.812, 12.42, 12.17, 11.73, 11.18, 11.46, 11.98, 12.53, 13.8, 15.13, 16.43, 17.25, 17.737, 19.188, 18.756, 20.458, 18.648, 12.186, 6.1, 3.95, 3.5, 3.34, 2.87, 2.4, 2.27, 2.11, 1.84, 1.89, 1.54, 1.41, 1.55, 1.63, 1.7, 1.91, 1.4, 1.12, 1.23, 0.82, 0, 1.06, 2.12, 2.11, 1.92, 2.21, 2.32, 2.12, 1.57, 1.45, 2.08, 2.4, 2.53, 2.68, 5.09, 7.28, 8.71, 8.81, 8.36, 7.09], [5.78, 8.12, 8.56, 9.98, 10.67, 10.19, 11.07, 12.01, 12.17, 11.23, 12.33, 13.37, 12.48, 12.54, 11.58, 10.79, 11.72, 12.68, 12.39, 12.78, 13.38, 13.61, 13.47, 13.34, 14.11, 15.61, 15.87, 14.72, 12.5, 12.26, 11.99, 11.53, 11.0, 11.34, 11.82, 12.23, 13.46, 14.75, 16.07, 16.89, 17.38, 18.8, 18.49, 20.146, 18.46, 12.0, 5.7, 3.61, 3.3, 3.12, 2.71, 2.08, 1.79, 1.65, 1.5, 1.71, 1.72, 1.71, 1.93, 2.15, 2.02, 2.01, 1.54, 1.28, 1.33, 1.0, 1.06, 0, 1.32, 1.31, 1.52, 1.93, 2.0, 2.12, 1.81, 1.63, 2.0, 2.38, 2.55, 2.62, 4.71, 6.88, 8.29, 8.45, 7.96, 6.67], [5.32, 7.72, 8.08, 9.34, 10.17, 9.73, 10.53, 11.45, 11.63, 10.89, 11.85, 13.07, 11.9, 11.98, 11.08, 10.17, 11.06, 12.18, 11.77, 12.18, 12.86, 13.229, 13.01, 12.88, 13.55, 14.95, 15.19, 14.14, 12.06, 11.8, 11.59, 11.15, 10.58, 10.78, 11.42, 11.73, 12.86, 14.29, 15.65, 16.37, 16.94, 18.52, 18.247, 19.923, 18.195, 11.5, 5.3, 3.57, 3.32, 3.2, 2.77, 2.1, 1.71, 1.67, 1.64, 1.95, 2.12, 2.31, 2.75, 3.05, 2.8, 2.61, 2.06, 2.08, 1.93, 1.88, 2.12, 1.32, 0, 0.95, 1.38, 1.77, 2.08, 2.5, 2.33, 2.13, 2.4, 2.7, 2.97, 2.78, 4.15, 6.22, 7.67, 7.77, 7.4, 6.19], [5.51, 7.93, 8.29, 9.57, 10.24, 9.96, 10.62, 11.52, 11.8, 11.125, 12.08, 13.305, 12.11, 12.05, 11.17, 10.32, 11.29, 12.37, 12.02, 12.43, 13.11, 13.462, 13.26, 13.13, 13.78, 15.16, 15.38, 14.39, 12.33, 12.15, 11.96, 11.48, 10.91, 11.09, 11.73, 12.04, 13.25, 14.62, 15.888, 16.62, 17.189, 18.758, 18.48, 20.156, 18.428, 11.731, 5.55, 3.8, 3.61, 3.59, 3.24, 2.55, 2.16, 2.06, 1.97, 2.2, 2.21, 2.22, 2.6, 2.9, 2.63, 2.36, 1.91, 2.05, 2.06, 1.91, 2.11, 1.31, 0.95, 0, 1.13, 1.68, 2.05, 2.37, 2.22, 2.0, 2.19, 2.47, 2.62, 2.43, 4.28, 6.39, 7.9, 7.92, 7.49, 6.34], [6.36, 8.78, 9.2, 10.36, 11.15, 10.77, 11.57, 12.49, 12.69, 11.89, 12.95, 14.07, 12.98, 13.04, 12.16, 11.25, 12.12, 13.26, 12.83, 13.18, 13.86, 14.23, 14.01, 13.9, 14.53, 15.93, 16.19, 15.22, 13.12, 12.92, 12.75, 12.25, 11.68, 11.86, 12.5, 12.81, 14.02, 15.39, 16.65, 17.37, 17.94, 19.52, 19.247, 20.923, 19.195, 12.5, 6.34, 4.51, 4.34, 4.2, 3.77, 3.06, 2.77, 2.69, 2.6, 2.81, 2.6, 2.39, 2.29, 2.45, 2.4, 2.13, 1.76, 1.92, 2.23, 1.98, 1.92, 1.52, 1.38, 1.13, 0, 0.81, 1.28, 1.8, 1.87, 1.87, 2.16, 2.44, 2.85, 3.02, 5.29, 7.36, 8.77, 8.83, 8.46, 7.25], [6.45, 9.15, 9.55, 10.83, 11.66, 11.18, 12.0, 12.96, 13.12, 12.26, 13.32, 14.38, 13.41, 13.51, 12.59, 11.68, 12.55, 13.61, 13.22, 13.55, 14.21, 14.54, 14.36, 14.27, 14.9, 16.4, 16.64, 15.63, 13.41, 12.97, 12.86, 12.36, 11.83, 12.05, 12.65, 13.06, 14.15, 15.56, 16.96, 17.7, 18.25, 19.83, 19.57, 21.24, 19.522, 12.85, 6.73, 5.0, 4.69, 4.53, 4.12, 3.43, 3.08, 2.98, 2.83, 3.08, 2.75, 2.5, 2.24, 2.3, 2.41, 1.98, 1.83, 2.17, 2.58, 2.37, 2.21, 1.93, 1.77, 1.68, 0.81, 0, 0.79, 1.49, 1.88, 1.84, 2.05, 2.37, 2.74, 3.05, 5.62, 7.75, 9.14, 9.32, 8.89, 7.62], [6.52, 9.24, 9.66, 11.06, 11.79, 11.31, 12.19, 13.13, 13.33, 12.39, 13.45, 14.59, 13.6, 13.68, 12.72, 11.91, 12.8, 13.86, 13.49, 13.84, 14.48, 14.77, 14.61, 14.5, 15.23, 16.67, 16.91, 15.82, 13.6, 13.1, 12.99, 12.55, 12.06, 12.32, 12.86, 13.29, 14.42, 15.85, 17.23, 18.01, 18.56, 20.06, 19.74, 21.403, 19.72, 13.1, 6.84, 5.15, 4.78, 4.72, 4.25, 3.66, 3.25, 3.11, 2.84, 3.13, 2.74, 2.39