[[0, 1.24, 1.28, 1.3, 2.14, 2.5, 1.92, 2.01, 3.12, 3.77, 3.33, 3.42, 3.75, 4.35, 4.44, 4.22, 4.49, 5.13, 5.72, 5.32, 5.36, 5.75, 5.67, 5.62, 6.72, 8.24, 8.84, 8.4, 8.84, 8.09, 7.82, 8.33, 8.49, 7.81, 7.23, 6.76, 7.09, 7.89, 8.4, 8.58, 8.28, 8.38, 8.69, 8.6, 8.3, 8.42, 8.06, 7.75, 7.97, 8.38, 8.76, 9.41, 9.95, 10.09, 10.44, 11.23, 11.875, 11.668, 12.415, 13.145, 12.645, 12.13, 11.733, 11.593, 11.673, 11.293, 10.943, 10.873, 10.713, 10.89, 10.71, 9.554, 7.62, 5.87, 5.07, 3.74, 2.82, 1.92, 2.19, 1.93, 2.59, 3.43, 4.19, 4.95, 4.19, 3.97], [1.24, 0, 0.94, 1.88, 2.9, 3.22, 2.6, 2.35, 3.0, 3.51, 3.15, 3.2, 3.39, 3.99, 4.14, 3.92, 4.25, 4.91, 5.3, 4.78, 4.76, 4.89, 5.13, 5.18, 5.78, 7.36, 8.1, 7.5, 8.1, 7.21, 7.04, 7.65, 7.75, 6.93, 6.29, 5.86, 6.19, 6.99, 7.46, 7.68, 7.44, 7.46, 7.79, 7.7, 7.4, 7.5, 7.22, 6.95, 7.17, 7.58, 7.82, 8.47, 9.01, 9.15, 9.505, 10.313, 11.035, 10.857, 11.493, 12.223, 11.743, 11.19, 10.793, 10.718, 10.735, 10.355, 10.048, 9.958, 9.775, 9.95, 9.81, 8.745, 6.795, 5.11, 4.15, 3.08, 2.18, 1.86, 1.59, 1.49, 2.07, 2.63, 3.55, 4.05, 3.29, 3.11], [1.28, 0.94, 0, 1.36, 2.42, 2.76, 2.12, 1.99, 2.64, 3.35, 2.85, 2.74, 3.13, 3.73, 3.88, 3.72, 4.33, 4.91, 5.06, 4.7, 4.88, 5.07, 5.07, 4.98, 5.76, 7.68, 8.42, 7.76, 8.32, 7.51, 7.46, 8.07, 8.07, 7.17, 6.41, 5.88, 6.21, 6.99, 7.5, 7.94, 7.44, 7.48, 7.73, 7.64, 7.42, 7.52, 7.16, 6.85, 7.09, 7.46, 7.9, 8.51, 9.09, 9.15, 9.545, 10.39, 11.349, 11.222, 11.57, 12.46, 11.98, 11.264, 10.927, 10.938, 10.89, 10.473, 10.208, 10.158, 10.027, 10.247, 10.166, 9.133, 7.16, 5.427, 4.41, 3.36, 2.34, 2.02, 1.79, 1.63, 2.45, 2.79, 3.93, 4.602, 3.67, 3.43], [1.3, 1.88, 1.36, 0, 1.32, 1.74, 1.52, 1.73, 2.66, 3.35, 2.81, 2.84, 3.27, 3.89, 4.0, 3.98, 4.67, 5.37, 5.58, 5.32, 5.72, 5.89, 5.43, 5.24, 6.44, 8.62, 9.36, 8.74, 9.26, 8.53, 8.42, 9.05, 9.01, 8.11, 7.29, 6.62, 6.93, 7.75, 8.38, 8.869, 8.36, 8.28, 8.33, 8.26, 8.12, 8.42, 7.66, 7.35, 7.65, 8.08, 8.84, 9.45, 9.89, 9.93, 10.396, 11.17, 12.267, 12.179, 12.475, 13.385, 12.902, 12.189, 11.849, 11.786, 11.766, 11.306, 11.067, 11.137, 11.057, 11.277, 11.183, 10.184, 8.172, 6.387, 5.29, 4.46, 3.16, 2.36, 2.75, 2.45, 3.33, 3.85, 5.01, 5.719, 4.876, 4.49], [2.14, 2.9, 2.42, 1.32, 0, 1.22, 1.5, 1.97, 3.08, 3.65, 3.37, 3.48, 3.69, 4.39, 4.34, 4.64, 5.47, 6.27, 6.36, 6.2, 6.56, 6.81, 6.15, 6.02, 7.3, 9.36, 10.16, 9.58, 9.96, 9.35, 9.22, 9.81, 9.71, 8.81, 7.99, 7.36, 7.67, 8.41, 9.36, 9.74, 9.3, 9.3, 9.19, 9.12, 9.0, 9.2, 8.54, 8.15, 8.53, 9.0, 9.58, 10.15, 10.65, 10.73, 11.094, 11.924, 13.015, 12.931, 13.181, 14.065, 13.599, 12.895, 12.549, 12.52, 12.54, 12.107, 11.977, 11.972, 11.889, 12.126, 12.029, 10.999, 8.952, 7.159, 6.15, 5.428, 3.96, 3.04, 3.55, 3.33, 4.01, 4.67, 5.97, 6.65, 5.935, 5.61], [2.5, 3.22, 2.76, 1.74, 1.22, 0, 1.44, 1.95, 2.96, 3.49, 3.29, 3.44, 3.69, 4.55, 4.48, 4.84, 5.69, 6.61, 6.7, 6.52, 6.9, 7.11, 6.57, 6.1, 7.76, 9.9, 10.64, 9.98, 10.52, 9.75, 9.68, 10.27, 10.27, 9.37, 8.55, 7.88, 8.17, 8.97, 9.66, 10.137, 9.64, 9.68, 9.53, 9.54, 9.36, 9.7, 8.58, 8.23, 8.57, 9.36, 10.1, 10.75, 11.15, 11.199, 11.659, 12.403, 13.527, 13.422, 13.781, 14.645, 14.162, 13.475, 13.109, 13.046, 13.026, 12.572, 12.264, 12.354, 12.274, 12.494, 12.426, 11.402, 9.38, 7.627, 6.49, 5.757, 4.38, 3.44, 3.93, 3.67, 4.43, 4.99, 6.29, 6.956, 6.192, 5.769], [1.92, 2.6, 2.12, 1.52, 1.5, 1.44, 0, 1.15, 2.42, 3.05, 2.81, 2.86, 3.07, 3.77, 3.68, 3.8, 4.67, 5.49, 5.52, 5.54, 5.94, 6.15, 5.55, 5.2, 6.66, 8.86, 9.62, 8.96, 9.48, 8.79, 8.68, 9.29, 9.25, 8.33, 7.53, 6.84, 7.15, 7.91, 8.592, 9.14, 8.54, 8.48, 8.47, 8.46, 8.38, 8.66, 7.72, 7.39, 7.63, 8.24, 9.04, 9.63, 10.11, 10.202, 10.576, 11.38, 12.521, 12.437, 12.678, 13.599, 13.137, 12.386, 12.064, 12.043, 12.018, 11.563, 11.334, 11.397, 11.317, 11.537, 11.434, 10.444, 8.434, 6.642, 5.467, 4.68, 3.32, 2.66, 3.01, 3.01, 3.75, 4.05, 5.31, 6.016, 5.15, 4.71], [2.01, 2.35, 1.99, 1.73, 1.97, 1.95, 1.15, 0, 1.51, 2.06, 1.92, 2.01, 2.16, 2.86, 2.91, 3.19, 4.0, 4.84, 4.91, 4.75, 5.17, 5.38, 4.72, 4.31, 5.91, 8.03, 8.81, 8.13, 8.67, 7.98, 7.85, 8.48, 8.42, 7.52, 6.7, 6.03, 6.34, 7.1, 7.85, 8.39, 7.87, 7.83, 7.68, 7.69, 7.57, 7.85, 6.77, 6.4, 6.8, 7.51, 8.25, 8.86, 9.297, 9.392, 9.789, 10.553, 11.694, 11.607, 11.891, 12.792, 12.309, 11.585, 11.256, 11.213, 11.191, 10.742, 10.517, 10.587, 10.507, 10.727, 10.642, 9.634, 7.622, 5.829, 4.717, 4.05, 2.65, 1.95, 2.4, 2.54, 3.12, 3.34, 4.56, 5.263, 4.499, 4.06], [3.12, 3.0, 2.64, 2.66, 3.08, 2.96, 2.42, 1.51, 0, 0.91, 0.91, 1.02, 1.25, 2.19, 2.34, 3.12, 4.07, 4.87, 4.84, 4.473, 4.96, 5.13, 4.37, 3.72, 5.28, 7.66, 8.46, 7.92, 8.3, 7.57, 7.36, 7.91, 7.77, 6.81, 6.05, 5.4, 5.81, 6.743, 7.599, 8.218, 7.805, 7.56, 7.11, 7.2, 7.26, 7.496, 6.24, 5.75, 6.29, 7.16, 8.0, 8.25, 8.684, 8.707, 9.116, 9.972, 11.072, 10.934, 11.149, 12.097, 11.614, 10.923, 10.621, 10.523, 10.575, 10.22, 10.05, 10.183, 10.163, 10.428, 10.353, 9.133, 7.103, 5.33, 4.69, 4.02, 2.66, 2.04, 2.59, 2.81, 3.07, 3.23, 4.47, 5.201, 4.51, 4.07], [3.77, 3.51, 3.35, 3.35, 3.65, 3.49, 3.05, 2.06, 0.91, 0, 1.04, 1.21, 1.1, 2.16, 2.17, 3.31, 4.24, 4.86, 4.87, 4.53, 4.99, 5.18, 4.4, 3.71, 5.15, 7.65, 8.49, 7.95, 8.19, 7.6, 7.27, 7.74, 7.58, 6.66, 5.9, 5.41, 5.78, 6.716, 7.626, 8.214, 7.788, 7.53, 7.04, 7.078, 7.218, 7.458, 6.19, 5.62, 6.2, 7.07, 7.91, 8.16, 8.596, 8.619, 9.031, 9.835, 10.869, 10.731, 10.842, 11.769, 11.314, 10.778, 10.444, 10.413, 10.506, 10.191, 10.053, 10.18, 10.172, 10.432, 10.349, 9.054, 7.049, 5.28, 4.7, 4.03, 2.71, 2.45, 3.04, 3.28, 3.36, 3.36, 4.48, 5.2, 4.5, 4.08], [3.33, 3.15, 2.85, 2.81, 3.37, 3.29, 2.81, 1.92, 0.91, 1.04, 0, 0.89, 1.02, 2.16, 2.37, 3.43, 4.26, 4.86, 4.79, 4.47, 4.91, 5.08, 4.36, 3.65, 5.09, 7.57, 8.41, 7.87, 8.17, 7.56, 7.33, 7.84, 7.68, 6.74, 5.92, 5.35, 5.76, 6.659, 7.592, 8.123, 7.697, 7.463, 6.96, 7.01, 7.129, 7.407, 6.13, 5.58, 6.1, 6.97, 7.81, 8.16, 8.591, 8.609, 9.04, 9.907, 10.987, 10.846, 10.994, 11.918, 11.484, 10.853, 10.533, 10.439, 10.547, 10.196, 10.057, 10.184, 10.141, 10.401, 10.306, 9.097, 6.993, 5.32, 4.599, 3.91, 2.47, 2.27, 2.78, 2.84, 2.9, 3.18, 4.36, 5.079, 4.38, 3.98], [3.42, 3.2, 2.74, 2.84, 3.48, 3.44, 2.86, 2.01, 1.02, 1.21, 0.89, 0, 0.95, 1.99, 2.36, 3.46, 4.43, 4.85, 4.58, 4.28, 4.54, 4.71, 3.97, 3.3, 4.82, 7.2, 8.06, 7.5, 7.86, 7.17, 6.86, 7.43, 7.31, 6.41, 5.59, 5.04, 5.37, 6.306, 7.196, 7.811, 7.368, 7.091, 6.69, 6.78, 6.84, 7.08, 5.76, 5.31, 5.79, 6.7, 7.58, 7.85, 8.222, 8.344, 8.633, 9.474, 10.612, 10.511, 10.701, 11.628, 11.171, 10.452, 10.112, 10.16, 10.212, 9.84, 9.659, 9.771, 9.748, 10.008, 9.942, 8.636, 6.649, 4.87, 4.27, 3.6, 2.36, 2.48, 2.79, 2.71, 2.71, 2.87, 4.05, 4.763, 4.07, 3.67], [3.75, 3.39, 3.13, 3.27, 3.69, 3.69, 3.07, 2.16, 1.25, 1.1, 1.02, 0.95, 0, 1.44, 1.77, 2.77, 3.9, 4.42, 4.15, 3.93, 4.23, 4.44, 3.66, 2.95, 4.61, 6.95, 7.77, 7.21, 7.59, 6.86, 6.61, 7.12, 6.98, 6.1, 5.38, 4.81, 5.12, 6.0, 6.892, 7.443, 7.023, 6.77, 6.36, 6.43, 6.49, 6.71, 5.47, 5.0, 5.52, 6.39, 7.23, 7.56, 7.934, 7.977, 8.363, 9.187, 10.288, 10.184, 10.397, 11.324, 10.864, 10.171, 9.831, 9.813, 9.905, 9.53, 9.348, 9.481, 9.441, 9.701, 9.603, 8.38, 6.31, 4.62, 3.92, 3.23, 2.09, 2.25, 2.74, 2.94, 2.96, 2.6, 3.72, 4.42, 3.76, 3.36], [4.35, 3.99, 3.73, 3.89, 4.39, 4.55, 3.77, 2.86, 2.19, 2.16, 2.16, 1.99, 1.44, 0, 0.97, 1.83, 2.84, 3.28, 2.95, 2.79, 2.95, 3.18, 2.42, 1.93, 3.31, 5.71, 6.47, 5.91, 6.21, 5.66, 5.55, 6.12, 5.98, 5.02, 4.26, 3.57, 3.88, 4.7, 5.618, 6.109, 5.666, 5.49, 5.06, 5.09, 5.17, 5.43, 4.33, 3.88, 4.4, 5.01, 5.81, 6.26, 6.789, 6.852, 7.286, 8.102, 9.236, 9.118, 9.305, 10.229, 9.784, 9.079, 8.762, 8.69, 8.699, 8.282, 8.149, 8.256, 8.196, 8.436, 8.336, 7.326, 5.27, 3.58, 3.0, 2.57, 2.11, 2.59, 3.3, 3.56, 3.56, 2.66, 2.72, 3.18, 2.68, 2.3], [4.44, 4.14, 3.88, 4.0, 4.34, 4.48, 3.68, 2.91, 2.34, 2.17, 2.37, 2.36, 1.77, 0.97, 0, 1.42, 2.49, 3.03, 2.84, 2.68, 3.04, 3.29, 2.55, 2.0, 3.46, 5.8, 6.62, 6.02, 6.32, 5.79, 5.68, 6.27, 6.15, 5.21, 4.43, 3.74, 3.97, 4.81, 5.711, 6.203, 5.728, 5.56, 5.21, 5.26, 5.28, 5.58, 4.46, 4.01, 4.45, 5.08, 5.92, 6.41, 6.959, 7.05, 7.393, 8.274, 9.409, 9.308, 9.498, 10.405, 9.965, 9.22, 8.909, 8.88, 8.889, 8.457, 8.302, 8.392, 8.329, 8.563, 8.469, 7.459, 5.42, 3.75, 3.19, 2.96, 2.32, 2.68, 3.47, 3.73, 3.89, 3.19, 3.09, 3.39, 3.07, 2.49], [4.22, 3.92, 3.72, 3.98, 4.64, 4.84, 3.8, 3.19, 3.12, 3.31, 3.43, 3.46, 2.77, 1.83, 1.42, 0, 1.41, 1.99, 1.94, 1.82, 2.22, 2.59, 2.05, 2.02, 3.2, 5.2, 5.88, 5.24, 5.78, 5.05, 4.94, 5.57, 5.57, 4.65, 3.97, 3.4, 3.53, 4.29, 4.92, 5.4, 4.86, 4.96, 4.91, 4.86, 4.66, 4.94, 4.22, 4.01, 4.27, 4.68, 5.36, 5.99, 6.43, 6.485, 6.925, 7.678, 8.787, 8.682, 9.024, 9.905, 9.422, 8.738, 8.369, 8.306, 8.286, 7.826, 7.634, 7.654, 7.574, 7.794, 7.706, 6.702, 4.78, 3.51, 3.15, 3.12, 2.6, 2.76, 3.49, 3.81, 4.23, 3.53, 3.19, 3.25, 2.95, 2.33], [4.49, 4.25, 4.33, 4.67, 5.47, 5.69, 4.67, 4.0, 4.07, 4.24, 4.26, 4.43, 3.9, 2.84, 2.49, 1.41, 0, 1.34, 1.47, 1.19, 1.83, 2.7, 2.44, 2.69, 3.41, 4.71, 5.43, 4.63, 5.19, 4.36, 4.29, 4.88, 4.98, 4.18, 3.9, 3.57, 3.4, 3.74, 4.33, 4.73, 4.19, 4.39, 4.52, 4.45, 4.17, 4.47, 4.17, 4.12, 4.34, 4.49, 4.93, 5.48, 5.88, 5.975, 6.358, 7.088, 8.125, 8.018, 8.494, 9.298, 8.801, 8.191, 7.791, 7.662, 7.665, 7.251, 6.864, 6.891, 6.771, 6.991, 6.919, 5.94, 4.63, 3.94, 3.8, 3.73, 3.27, 3.17, 4.12, 4.44, 4.8, 4.02, 3.72, 3.62, 3.36, 2.74], [5.13, 4.91, 4.91, 5.37, 6.27, 6.61, 5.49, 4.84, 4.87, 4.86, 4.86, 4.85, 4.42, 3.28, 3.03, 1.99, 1.34, 0, 0.95, 1.33, 1.77, 2.5, 2.32, 2.79, 3.27, 3.97, 4.43, 3.75, 4.27, 3.58, 3.43, 4.04, 4.04, 3.52, 3.7, 3.55, 3.22, 3.14, 3.55, 3.95, 3.37, 3.55, 3.74, 3.63, 3.41, 3.59, 3.49, 3.6, 3.6, 3.63, 4.03, 4.7, 5.08, 5.16, 5.521, 6.277, 7.211, 7.127, 7.64, 8.387, 7.927, 7.351, 6.911, 6.791, 6.814, 6.397, 6.267, 6.214, 6.134, 6.314, 6.151, 5.28, 4.27, 3.82, 3.84, 3.83, 3.35, 3.77, 4.56, 4.76, 5.18, 4.44, 3.9, 3.82, 3.44, 3.02], [5.72, 5.3, 5.06, 5.58, 6.36, 6.7, 5.52, 4.91, 4.84, 4.87, 4.79, 4.58, 4.15, 2.95, 2.84, 1.94, 1.47, 0.95, 0, 1.02, 1.66, 2.41, 2.01, 2.34, 2.98, 3.98, 4.46, 3.62, 4.08, 3.51, 3.44, 3.93, 3.97, 3.35, 3.51, 3.32, 3.01, 2.89, 3.18, 3.7, 3.14, 3.22, 3.35, 3.3, 3.16, 3.32, 3.18, 3.33, 3.33, 3.4, 3.8, 4.33, 4.75, 4.828, 5.168, 5.981, 7.084, 6.997, 7.304, 8.182, 7.702, 7.001, 6.661, 6.603, 6.583, 6.141, 5.974, 5.957, 5.877, 6.097, 6.003, 5.17, 4.28, 3.79, 3.71, 3.9, 3.52, 4.3, 4.79, 4.93, 5.27, 4.41, 3.93, 3.83, 3.53, 3.13], [5.32, 4.78, 4.7, 5.32, 6.2, 6.52, 5.54, 4.75, 4.473, 4.53, 4.47, 4.28, 3.93, 2.79, 2.68, 1.82, 1.19, 1.33, 1.02, 0, 1.36, 2.01, 1.89, 2.24, 2.64, 3.8, 4.48, 3.74, 4.24, 3.39, 3.36, 3.95, 3.99, 3.23, 3.11, 2.88, 2.63, 2.89, 3.42, 3.94, 3.56, 3.58, 3.49, 3.48, 3.2, 3.46, 3.2, 3.33, 3.67, 3.76, 4.06, 4.45, 4.85, 4.93, 5.328, 6.09, 7.132, 7.028, 7.461, 8.305, 7.791, 7.161, 6.761, 6.649, 6.655, 6.221, 5.874, 5.921, 5.821, 6.061, 5.989, 5.05, 3.9, 3.31, 3.47, 3.62, 3.18, 3.78, 4.29, 4.53, 4.59, 3.73, 3.39, 3.37, 3.25, 2.75], [5.36, 4.76, 4.88, 5.72, 6.56, 6.9, 5.94, 5.17, 4.96, 4.99, 4.91, 4.54, 4.23, 2.95, 3.04, 2.22, 1.83, 1.77, 1.66, 1.36, 0, 1.15, 1.17, 1.64, 2.12, 3.24, 3.96, 3.38, 3.92, 3.01, 2.9, 3.57, 3.59, 2.77, 2.59, 2.38, 2.29, 2.69, 3.34, 3.72, 3.36, 3.44, 3.51, 3.38, 3.16, 3.32, 3.06, 3.01, 3.35, 3.48, 3.76, 4.33, 4.79, 4.87, 5.197, 6.007, 6.778, 6.668, 7.273, 8.063, 7.543, 6.967, 6.547, 6.387, 6.47, 6.067, 5.797, 5.747, 5.627, 5.827, 5.647, 4.67, 3.0, 2.45, 2.71, 2.98, 3.2, 3.9, 4.29, 4.45, 4.29, 3.27, 2.79, 2.53, 2.63, 2.51], [5.75, 4.89, 5.07, 5.89, 6.81, 7.11, 6.15, 5.38, 5.13, 5.18, 5.08, 4.71, 4.44, 3.18, 3.29, 2.59, 2.7, 2.5, 2.41, 2.01, 1.15, 0, 0.98, 1.65, 1.43, 2.89, 3.73, 3.11, 3.65, 2.76, 2.57, 3.22, 3.24, 2.42, 1.86, 1.61, 1.74, 2.34, 2.97, 3.49, 3.25, 3.15, 3.16, 3.05, 2.79, 3.01, 2.71, 2.56, 2.9, 3.15, 3.53, 4.0, 4.42, 4.46, 4.858, 5.623, 6.508, 6.418, 6.977, 7.784, 7.244, 6.651, 6.251, 6.108, 6.131, 5.717, 5.435, 5.425, 5.391, 5.591, 5.468, 4.46, 2.59, 1.7, 2.18, 2.77, 3.29, 4.17, 4.4, 4.56, 4.22, 3.0, 2.54, 2.32, 2.34, 2.46], [5.67, 5.13, 5.07, 5.43, 6.15, 6.57, 5.55, 4.72, 4.37, 4.4, 4.36, 3.97, 3.66, 2.42, 2.55, 2.05, 2.44, 2.32, 2.01, 1.89, 1.17, 0.98, 0, 1.03, 1.69, 3.45, 4.31, 3.69, 4.13, 3.42, 3.17, 3.84, 3.76, 2.9, 2.24, 1.91, 2.02, 2.68, 3.53, 4.07, 3.65, 3.63, 3.46, 3.39, 3.21, 3.47, 2.93, 2.74, 3.12, 3.43, 3.99, 4.4, 4.76, 4.82, 5.252, 6.037, 7.056, 6.967, 7.371, 8.221, 7.701, 7.025, 6.665, 6.585, 6.605, 6.165, 5.944, 6.044, 6.044, 6.264, 6.136, 5.1, 3.23, 2.26, 2.62, 3.11, 3.31, 3.97, 4.44, 4.7, 4.48, 3.42, 3.0, 2.78, 2.84, 2.72], [5.62, 5.18, 4.98, 5.24, 6.02, 6.1, 5.2, 4.31, 3.72, 3.71, 3.65, 3.3, 2.95, 1.93, 2.0, 2.02, 2.69, 2.79, 2.34, 2.24, 1.64, 1.65, 1.03, 0, 1.9, 4.14, 5.04, 4.42, 4.82, 4.09, 3.88, 4.49, 4.45, 3.57, 2.89, 2.26, 2.49, 3.25, 4.125, 4.752, 4.307, 4.04, 3.77, 3.82, 3.84, 4.12, 2.88, 2.59, 3.01, 3.76, 4.6, 4.93, 5.404, 5.427, 5.833, 6.7, 7.761, 7.697, 7.947, 8.914, 8.394, 7.621, 7.341, 7.303, 7.298, 6.863, 6.564, 6.694, 6.694, 6.954, 6.829, 5.722, 3.84, 2.69, 2.65, 3.22, 3.3, 3.94, 4.53, 4.75, 4.57, 3.55, 3.11, 2.91, 2.97, 2.73], [6.72, 5.78, 5.76, 6.44, 7.3, 7.76, 6.66, 5.91, 5.28, 5.15, 5.09, 4.82, 4.61, 3.31, 3.46, 3.2, 3.41, 3.27, 2.98, 2.64, 2.12, 1.43, 1.69, 1.9, 0, 2.7, 3.56, 2.96, 3.22, 2.71, 2.5, 3.11, 2.97, 2.05, 1.35, 1.06, 1.31, 1.99, 2.76, 3.48, 3.5, 2.86, 2.57, 2.54, 2.72, 2.72, 2.24, 2.09, 2.49, 2.46, 3.0, 3.31, 3.91, 3.93, 4.448, 5.375, 6.314, 6.19, 6.343, 7.325, 6.825, 6.112, 5.852, 5.941, 5.838, 5.432, 5.311, 5.421, 5.366, 5.566, 5.463, 4.356, 2.64, 1.89, 2.31, 3.22, 4.04, 5.02, 4.97, 5.23, 4.81, 3.57, 3.13, 2.71, 3.01, 3.29], [8.24, 7.36, 7.68, 8.62, 9.36, 9.9, 8.86, 8.03, 7.66, 7.65, 7.57, 7.2, 6.95, 5.71, 5.8, 5.2, 4.71, 3.97, 3.98, 3.8, 3.24, 2.89, 3.45, 4.14, 2.7, 0, 1.14, 1.46, 1.4, 1.35, 1.6, 1.89, 1.71, 1.41, 1.93, 2.38, 2.05, 1.67, 2.24, 2.82, 3.28, 2.82, 2.69, 2.86, 2.66, 2.66, 2.64, 2.63, 2.53, 2.14, 1.86, 2.05, 2.27, 2.55, 2.89, 3.52, 4.024, 3.86, 4.324, 5.054, 4.454, 4.061, 4.12, 4.099, 3.94, 3.516, 3.52, 3.52, 3.32, 3.54, 3.2, 2.11, 1.52, 2.77, 3.63, 4.62, 5.76, 6.72, 6.39, 6.59, 6.01, 5.17, 4.21, 3.65, 4.33, 5.09], [8.84, 8.1, 8.42, 9.36, 10.16, 10.64, 9.62, 8.81, 8.46, 8.49, 8.41, 8.06, 7.77, 6.47, 6.62, 5.88, 5.43, 4.43, 4.46, 4.48, 3.96, 3.73, 4.31, 5.04, 3.56, 1.14, 0, 1.4, 1.14, 1.65, 2.08, 1.95, 1.69, 2.03, 2.83, 3.24, 2.89, 2.29, 2.32, 2.8, 3.18, 2.8, 2.67, 2.88, 2.7, 2.72, 2.92, 3.13, 2.91, 2.36, 1.76, 2.01, 2.13, 2.51, 2.79, 3.36, 3.702, 3.449, 3.893, 4.537, 3.983, 3.86, 3.98, 3.959, 3.72, 3.319, 3.429, 3.419, 3.179, 3.359, 2.88, 2.09, 2.04, 3.49, 4.33, 5.2, 6.52, 7.4, 6.97, 7.23, 6.63, 5.93, 4.81, 4.35, 5.07, 5.83], [8.4, 7.5, 7.76, 8.74, 9.58, 9.98, 8.96, 8.13, 7.92, 7.95, 7.87, 7.5, 7.21, 5.91, 6.02, 5.24, 4.63, 3.75, 3.62, 3.74, 3.38, 3.11, 3.69, 4.42, 2.96, 1.46, 1.4, 0, 1.42, 1.13, 1.64, 1.79, 1.31, 1.57, 2.43, 2.7, 2.35, 1.55, 1.24, 1.72, 2.06, 1.7, 1.65, 1.96, 1.76, 1.7, 2.16, 2.51, 2.43, 1.86, 1.32, 1.61, 1.83, 2.23, 2.73, 3.34, 3.853, 3.683, 4.07, 4.848, 4.283, 3.87, 3.839, 3.88, 3.656, 3.25, 3.36, 3.3, 3.1, 3.26, 2.88, 2.03, 2.16, 3.07, 3.73, 4.74, 5.92, 6.86, 6.55, 6.77, 6.33, 5.35, 4.45, 3.85, 4.47, 5.23], [8.84, 8.1, 8.32, 9.26, 9.96, 10.52, 9.48, 8.67, 8.3, 8.19, 8.17, 7.86, 7.59, 6.21, 6.32, 5.78, 5.19, 4.27, 4.08, 4.24, 3.92, 3.65, 4.13, 4.82, 3.22, 1.4, 1.14, 1.42, 0, 1.27, 1.88, 1.85, 1.75, 2.01, 2.61, 3.0, 2.63, 1.95, 2.0, 2.64, 3.04, 2.56, 2.53, 2.68, 2.66, 2.52, 2.8, 3.03, 2.89, 2.4, 1.96, 2.07, 2.13, 2.49, 2.95, 3.58, 3.976, 3.712, 3.979, 4.694, 4.169, 3.933, 4.08, 4.099, 3.88, 3.493, 3.61, 3.58, 3.42, 3.62, 3.16, 2.37, 2.56, 3.45, 4.27, 5.16, 6.44, 7.34, 6.89, 7.23, 6.59, 5.87, 4.83, 4.31, 5.05, 5.81], [8.09, 7.21, 7.51, 8.53, 9.35, 9.75, 8.79, 7.98, 7.57, 7.6, 7.56, 7.17, 6.86, 5.66, 5.79, 5.05, 4.36, 3.58, 3.51, 3.39, 3.01, 2.76, 3.42, 4.09, 2.71, 1.35, 1.65, 1.13, 1.27, 0, 1.01, 1.42, 1.36, 1.34, 1.98, 2.35, 1.94, 1.34, 1.53, 2.19, 2.69, 2.31, 2.24, 2.41, 2.25, 2.07, 2.35, 2.48, 2.6, 2.31, 1.95, 2.16, 2.24, 2.54, 3.06, 3.69, 4.103, 3.956, 4.394, 5.201, 4.621, 4.18, 4.206, 4.186, 4.006, 3.66, 3.51, 3.51, 3.35, 3.61, 3.25, 2.12, 1.91, 2.6, 3.46, 4.45, 5.67, 6.59, 6.36, 6.54, 5.88, 4.96, 4.02, 3.48, 4.16, 4.92], [7.82, 7.04, 7.46, 8.42, 9.22, 9.68, 8.68, 7.85, 7.36, 7.27, 7.33, 6.86, 6.61, 5.55, 5.68, 4.94, 4.29, 3.43, 3.44, 3.36, 2.9, 2.57, 3.17, 3.88, 2.5, 1.6, 2.08, 1.64, 1.88, 1.01, 0, 0.95, 1.21, 1.21, 1.69, 2.18, 1.91, 1.67, 1.98, 2.58, 3.1, 2.66, 2.61, 2.74, 2.52, 2.36, 2.64, 2.77, 2.89, 2.64, 2.38, 2.59, 2.75, 3.11, 3.57, 4.24, 4.45, 4.283, 4.87, 5.768, 5.145, 4.707, 4.63, 4.787, 4.687, 4.407, 4.217, 4.247, 4.147, 4.347, 3.947, 2.41, 1.96, 2.27, 3.43, 4.28, 5.46, 6.32, 6.13, 6.25, 5.59, 4.91, 3.75, 3.31, 3.97, 4.75], [8.33, 7.65, 8.07, 9.05, 9.81, 10.27, 9.29, 8.48, 7.91, 7.74, 7.84, 7.43, 7.12, 6.12, 6.27, 5.57, 4.88, 4.04, 3.93, 3.95, 3.57, 3.22, 3.84, 4.49, 3.11, 1.89, 1.95, 1.79, 1.85, 1.42, 0.95, 0, 0.96, 1.46, 2.2, 2.77, 2.48, 1.84, 2.05, 2.59, 3.11, 2.69, 2.6, 2.79, 2.59, 2.41, 2.87, 3.06, 3.22, 2.81, 2.39, 2.46, 2.58, 2.96, 3.48, 4.17, 4.314, 4.173, 4.817, 5.567, 4.967, 4.671, 4.5, 4.637, 4.594, 4.294, 4.164, 4.177, 4.114, 4.294, 3.934, 2.4, 2.05, 2.72, 4.02, 4.77, 6.03, 6.89, 6.58, 6.84, 6.04, 5.5, 4.26, 3.82, 4.56, 5.34], [8.49, 7.75, 8.07, 9.01, 9.71, 10.27, 9.25, 8.42, 7.77, 7.58, 7.68, 7.31, 6.98, 5.98, 6.15, 5.57, 4.98, 4.04, 3.97, 3.99, 3.59, 3.24, 3.76, 4.45, 2.97, 1.71, 1.69, 1.31, 1.75, 1.36, 1.21, 0.96, 0, 1.32, 2.18, 2.59, 2.24, 1.76, 1.85, 2.37, 2.83, 2.37, 2.06, 2.25, 2.17, 2.05, 2.53, 2.9, 2.96, 2.41, 1.87, 2.08, 2.28, 2.64, 3.12, 3.77, 4.0, 3.876, 4.34, 5.064, 4.464, 4.257, 4.22, 4.3, 4.217, 3.96, 3.95, 3.98, 3.9, 4.1, 3.717, 2.22, 2.11, 2.78, 4.06, 4.85, 6.09, 6.95, 6.6, 6.84, 6.2, 5.54, 4.42, 3.98, 4.68, 5.46], [7.81, 6.93, 7.17, 8.11, 8.81, 9.37, 8.33, 7.52, 6.81, 6.66, 6.74, 6.41, 6.1, 5.02, 5.21, 4.65, 4.18, 3.52, 3.35, 3.23, 2.77, 2.42, 2.9, 3.57, 2.05, 1.41, 2.03, 1.57, 2.01, 1.34, 1.21, 1.46, 1.32, 0, 1.18, 1.63, 1.44, 1.54, 1.95, 2.67, 3.07, 2.53, 2.24, 2.43, 2.27, 2.19, 2.31, 2.34, 2.62, 2.31, 2.03, 2.24, 2.62, 2.86, 3.34, 4.13, 4.528, 4.313, 4.711, 5.601, 5.061, 4.571, 4.4, 4.517, 4.494, 4.234, 4.284, 4.237, 4.194, 4.394, 4.134, 2.74, 1.81, 2.06, 3.16, 4.15, 5.31, 6.23, 5.94, 6.18, 5.58, 4.68, 3.8, 3.3, 3.94, 4.64], [7.23, 6.29, 6.41, 7.29, 7.99, 8.55, 7.53, 6.7, 6.05, 5.9, 5.92, 5.59, 5.38, 4.26, 4.43, 3.97, 3.9, 3.7, 3.51, 3.11, 2.59, 1.86, 2.24, 2.89, 1.35, 1.93, 2.83, 2.43, 2.61, 1.98, 1.69, 2.2, 2.18, 1.18, 0, 0.99, 1.1, 1.74, 2.45, 3.23, 3.53, 3.05, 2.74, 2.83, 2.69, 2.59, 2.39, 2.2, 2.46, 2.39, 2.49, 2.82, 3.22, 3.32, 3.78, 4.53, 5.224, 5.1, 5.411, 6.378, 5.821, 5.231, 5.017, 5.077, 5.014, 4.737, 4.647, 4.697, 4.674, 4.917, 4.746, 3.363, 1.93, 1.56, 2.54, 3.69, 4.63, 5.59, 5.48, 5.74, 5.16, 4.04, 3.36, 2.92, 3.38, 3.94], [6.76, 5.86, 5.88, 6.62, 7.36, 7.88, 6.84, 6.03, 5.4, 5.41, 5.35, 5.04, 4.81, 3.57, 3.74, 3.4, 3.57, 3.55, 3.32, 2.88, 2.38, 1.61, 1.91, 2.26, 1.06, 2.38, 3.24, 2.7, 3.0, 2.35, 2.18, 2.77, 2.59, 1.63, 0.99, 0, 0.83, 1.67, 2.6, 3.54, 3.62, 3.16, 2.69, 2.82, 2.72, 2.84, 2.3, 1.99, 2.47, 2.5, 2.84, 3.13, 3.59, 3.71, 4.15, 4.92, 5.877, 5.748, 6.041, 6.922, 6.451, 5.775, 5.55, 5.547, 5.424, 5.101, 4.994, 5.047, 5.024, 5.3, 5.16, 3.976, 2.32, 1.47, 2.03, 3.26, 4.1, 5.04, 5.07, 5.29, 4.73, 3.61, 2.95, 2.53, 2.95, 3.37], [7.09, 6.19, 6.21, 6.93, 7.67, 8.17, 7.15, 6.34, 5.81, 5.78, 5.76, 5.37, 5.12, 3.88, 3.97, 3.53, 3.4, 3.22, 3.01, 2.63, 2.29, 1.74, 2.02, 2.49, 1.31, 2.05, 2.89, 2.35, 2.63, 1.94, 1.91, 2.48, 2.24, 1.44, 1.1, 0.83, 0, 1.32, 2.29, 3.23, 3.31, 2.87, 2.34, 2.53, 2.33, 2.61, 2.11, 1.92, 2.38, 2.35, 2.51, 2.96, 3.34, 3.48, 3.96, 4.63, 5.55, 5.446, 5.751, 6.658, 6.138, 5.445, 5.36, 5.3, 5.157, 4.777, 4.65, 4.74, 4.66, 4.98, 4.799, 3.66, 2.19, 1.78, 2.3, 3.49, 4.35, 5.33, 5.38, 5.58, 5.04, 3.88, 3.2, 2.64, 3.16, 3.58], [7.89, 6.99, 6.99, 7.75, 8.41, 8.97, 7.91, 7.1, 6.743, 6.716, 6.659, 6.306, 6.0, 4.7, 4.81, 4.29, 3.74, 3.14, 2.89, 2.89, 2.69, 2.34, 2.68, 3.25, 1.99, 1.67, 2.29, 1.55, 1.95, 1.34, 1.67, 1.84, 1.76, 1.54, 1.74, 1.67, 1.32, 0, 1.31, 2.17, 2.25, 1.91, 1.56, 1.71, 1.63, 1.73, 1.73, 1.66, 1.9, 1.61, 1.67, 2.02, 2.3, 2.46, 2.86, 3.63, 4.653, 4.569, 4.851, 5.752, 5.229, 4.545, 4.243, 4.35, 4.17, 3.81, 3.72, 3.73, 3.65, 3.893, 3.739, 2.76, 2.05, 2.52, 2.96, 4.25, 5.13, 6.13, 6.22, 6.38, 5.9, 4.68, 4.0, 3.42, 3.96, 4.38], [8.4, 7.46, 7.5, 8.38, 9.36, 9.66, 8.592, 7.85, 7.599, 7.626, 7.592, 7.196, 6.892, 5.618, 5.711, 4.92, 4.33, 3.55, 3.18, 3.42, 3.34, 2.97, 3.53, 4.125, 2.76, 2.24, 2.32, 1.24, 2.0, 1.53, 1.98, 2.05, 1.85, 1.95, 2.45, 2.6, 2.29, 1.31, 0, 1.26, 1.42, 1.14, 1.37, 1.42, 1.34, 1.42, 1.8, 2.33, 2.31, 1.86, 1.56, 1.87, 1.95, 1.99, 2.47, 3.14, 4.086, 3.962, 4.264, 5.162, 4.722, 3.958, 3.74, 3.86, 3.544, 3.14, 3.07, 3.12, 2.94, 3.24, 3.1, 2.65, 2.56, 3.13, 3.69, 4.7, 5.84, 6.9, 6.81, 6.89, 6.53, 5.27, 4.49, 4.03, 4.35, 4.95], [8.58, 7.68, 7.94, 8.869, 9.74, 10.137, 9.14, 8.39, 8.218, 8.214, 8.123, 7.811, 7.443, 6.109, 6.203, 5.4, 4.73, 3.95, 3.7, 3.94, 3.72, 3.49, 4.07, 4.752, 3.48, 2.82, 2.8, 1.72, 2.64, 2.19, 2.58, 2.59, 2.37, 2.67, 3.23, 3.54, 3.23, 2.17, 1.26, 0, 0.94, 1.08, 1.47, 1.44, 1.3, 1.4, 2.38, 2.91, 2.79, 2.08, 1.82, 1.99, 2.05, 1.93, 2.45, 3.08, 3.78, 3.59, 4.02, 4.828, 4.43, 3.7, 3.38, 3.44, 3.32, 2.92, 2.75, 2.82, 2.7, 2.78, 2.74, 2.81, 2.82, 3.65, 4.21, 5.02, 6.04, 7.12, 7.09, 7.19, 6.81, 5.69, 4.91, 4.45, 4.75, 5.27], [8.28, 7.44, 7.44, 8.36, 9.3, 9.64, 8.54, 7.87, 7.805, 7.788, 7.697, 7.368, 7.023, 5.666, 5.728, 4.86, 4.19, 3.37, 3.14, 3.56, 3.36, 3.25, 3.65, 4.307, 3.5, 3.28, 3.18, 2.06, 3.04, 2.69, 3.1, 3.11, 2.83, 3.07, 3.53, 3.62, 3.31, 2.25, 1.42, 0.94, 0, 0.92, 1.41, 1.32, 1.12, 1.38, 2.18, 2.81, 2.61, 2.08, 2.06, 2.35, 2.41, 2.25, 2.61, 3.18, 4.26, 4.13, 4.5, 5.345, 4.91, 4.16, 3.82, 3.72, 3.64, 3.22, 3.13, 3.22, 3.14, 3.34, 3.3, 3.35, 3.44, 4.03, 4.33, 5.0, 5.8, 6.86, 6.97, 7.03, 7.07, 5.75, 5.21, 4.75, 4.81, 4.85], [8.38, 7.46, 7.48, 8.28, 9.3, 9.68, 8.48, 7.83, 7.56, 7.53, 7.463, 7.091, 6.77, 5.49, 5.56, 4.96, 4.39, 3.55, 3.22, 3.58, 3.44, 3.15, 3.63, 4.04, 2.86, 2.82, 2.8, 1.7, 2.56, 2.31, 2.66, 2.69, 2.37, 2.53, 3.05, 3.16, 2.87, 1.91, 1.14, 1.08, 0.92, 0, 1.05, 1.0, 1.02, 1.14, 1.6, 2.25, 2.17, 1.78, 1.7, 1.95, 2.15, 2.11, 2.51, 3.38, 4.36, 4.259, 4.389, 5.339, 4.899, 4.103, 3.84, 3.94, 3.84, 3.42, 3.25, 3.36, 3.26, 3.4, 3.3, 3.15, 3.18, 3.65, 4.15, 4.88, 5.96, 6.94, 6.91, 6.97, 6.89, 5.47, 4.91, 4.49, 4.69, 5.03], [8.69, 7.79, 7.73, 8.33, 9.19, 9.53, 8.47, 7.68, 7.11, 7.04, 6.96, 6.69, 6.36, 5.06, 5.21, 4.91, 4.52, 3.74, 3.35, 3.49, 3.51, 3.16, 3.46, 3.77, 2.57, 2.69, 2.67, 1.65, 2.53, 2.24, 2.61, 2.6, 2.06, 2.24, 2.74, 2.69, 2.34, 1.56, 1.37, 1.47, 1.41, 1.05, 0, 0.67, 0.91, 1.23, 1.33, 1.78, 1.96, 1.25, 1.51, 1.74, 2.04, 2.02, 2.48, 3.25, 4.347, 4.206, 4.339, 5.289, 4.869, 4.102, 3.822, 3.89, 3.747, 3.362, 3.3, 3.41, 3.33, 3.55, 3.49, 3.02, 2.99, 3.54, 4.04, 5.13, 5.99, 6.95, 7.06, 7.24, 6.88, 5.56, 4.96, 4.54, 4.9, 5.1], [8.6, 7.7, 7.64, 8.26, 9.12, 9.54, 8.46, 7.69, 7.2, 7.078, 7.01, 6.78, 6.43, 5.09, 5.26, 4.86, 4.45, 3.63, 3.3, 3.48, 3.38, 3.05, 3.39, 3.82, 2.54, 2.86, 2.88, 1.96, 2.68, 2.41, 2.74, 2.79, 2.25, 2.43, 2.83, 2.82, 2.53, 1.71, 1.42, 1.44, 1.32, 1.0, 0.67, 0, 0.68, 0.92, 1.5, 1.95, 2.11, 1.52, 1.6, 1.81, 2.11, 2.01, 2.43, 3.18, 4.317, 4.193, 4.352, 5.302, 4.862, 4.146, 3.886, 3.82, 3.734, 3.312, 3.27, 3.38, 3.32, 3.54, 3.52, 3.21, 3.2, 3.63, 4.03, 5.06, 5.88, 6.86, 7.01, 7.19, 6.83, 5.53, 4.99, 4.57, 4.85, 5.07], [8.3, 7.4, 7.42, 8.12, 9.0, 9.36, 8.38, 7.57, 7.26, 7.218, 7.129, 6.84, 6.49, 5.17, 5.28, 4.66, 4.17, 3.41, 3.16, 3.2, 3.16, 2.79, 3.21, 3.84, 2.72, 2.66, 2.7, 1.76, 2.66, 2.25, 2.52, 2.59, 2.17, 2.27, 2.69, 2.72, 2.33, 1.63, 1.34, 1.3, 1.12, 1.02, 0.91, 0.68, 0, 0.78, 1.58, 2.13, 2.23, 1.62, 1.56, 1.87, 2.03, 1.97, 2.45, 3.16, 4.269, 4.139, 4.481, 5.308, 4.828, 4.195, 3.832, 3.8, 3.692, 3.312, 3.23, 3.28, 3.2, 3.44, 3.354, 2.99, 3.02, 3.27, 3.85, 4.8, 5.6, 6.6, 6.77, 6.91, 6.61, 5.25, 4.69, 4.23, 4.55, 4.75], [8.42, 7.5, 7.52, 8.42, 9.2, 9.7, 8.66, 7.85, 7.496, 7.458, 7.407, 7.08, 6.71, 5.43, 5.58, 4.94, 4.47, 3.59, 3.32, 3.46, 3.32, 3.01, 3.47, 4.12, 2.72, 2.66, 2.72, 1.7, 2.52, 2.07, 2.36, 2.41, 2.05, 2.19, 2.59, 2.84, 2.61, 1.73, 1.42, 1.4, 1.38, 1.14, 1.23, 0.92, 0.78, 0, 1.72, 2.23, 2.31, 1.84, 1.5, 1.57, 1.93, 1.83, 2.09, 2.96, 3.926, 3.822, 4.13, 4.974, 4.494, 3.841, 3.5, 3.52, 3.455, 3.035, 3.11, 3.06, 2.96, 3.16, 3.14, 2.91, 2.9, 3.35, 3.91, 4.9, 5.76, 6.72, 6.85, 7.01, 6.71, 5.33, 4.83, 4.39, 4.73, 5.09], [8.06, 7.22, 7.16, 7.66, 8.54, 8.58, 7.72, 6.77, 6.24, 6.19, 6.13, 5.76, 5.47, 4.33, 4.46, 4.22, 4.17, 3.49, 3.18, 3.2, 3.06, 2.71, 2.93, 2.88, 2.24, 2.64, 2.92, 2.16, 2.8, 2.35, 2.64, 2.87, 2.53, 2.31, 2.39, 2.3, 2.11, 1.73, 1.8, 2.38, 2.18, 1.6, 1.33, 1.5, 1.58, 1.72, 0, 0.99, 1.07, 1.42, 2.12, 2.45, 2.85, 2.91, 3.29, 4.154, 5.26, 5.159, 5.349, 6.299, 5.819, 5.08, 4.8, 4.76, 4.74, 4.3, 4.127, 4.257, 4.177, 4.397, 4.274, 3.53, 3.02, 3.27, 3.63, 4.7, 5.48, 6.38, 6.59, 6.75, 6.47, 5.03, 4.63, 4.21, 4.51, 4.55], [7.75, 6.95, 6.85, 7.35, 8.15, 8.23, 7.39, 6.4, 5.75, 5.62, 5.58, 5.31, 5.0, 3.88, 4.01, 4.01, 4.12, 3.6, 3.33, 3.33, 3.01, 2.56, 2.74, 2.59, 2.09, 2.63, 3.13, 2.51, 3.03, 2.48, 2.77, 3.06, 2.9, 2.34, 2.2, 1.99, 1.92, 1.66, 2.33, 2.91, 2.81, 2.25, 1.78, 1.95, 2.13, 2.23, 0.99, 0, 0.8, 1.53, 2.49, 2.94, 3.4, 3.46, 3.88, 4.722, 5.847, 5.726, 5.876, 6.806, 6.363, 5.65, 5.362, 5.31, 5.287, 4.862, 4.732, 4.882, 4.819, 5.016, 4.919, 4.0, 2.81, 3.0, 3.34, 4.41, 5.17, 6.01, 6.28, 6.48, 6.18, 4.8, 4.34, 3.88, 4.2, 4.3], [7.97, 7.17, 7.09, 7.65, 8.53, 8.57, 7.63, 6.8, 6.29, 6.2, 6.1, 5.79, 5.52, 4.4, 4.45, 4.27, 4.34, 3.6, 3.33, 3.67, 3.35, 2.9, 3.12, 3.01, 2.49, 2.53, 2.91, 2.43, 2.89, 2.6, 2.89, 3.22, 2.96, 2.62, 2.46, 2.47, 2.38, 1.9, 2.31, 2.79, 2.61, 2.17, 1.96, 2.11, 2.23, 2.31, 1.07, 0.8, 0, 1.17, 2.25, 2.78, 3.18, 3.22, 3.6, 4.444, 5.57, 5.469, 5.656, 6.586, 6.126, 5.39, 5.11, 5.05, 5.05, 4.59, 4.454, 4.584, 4.524, 4.724, 4.639, 3.7, 2.87, 3.44, 3.5, 4.61, 5.41, 6.39, 6.58, 6.72, 6.6, 5.22, 4.72, 4.24, 4.4, 4.48], [8.38, 7.58, 7.46, 8.08, 9.0, 9.36, 8.24, 7.51, 7.16, 7.07, 6.97, 6.7, 6.39, 5.01, 5.08, 4.68, 4.49, 3.63, 3.4, 3.76, 3.48, 3.15, 3.43, 3.76, 2.46, 2.14, 2.36, 1.86, 2.4, 2.31, 2.64, 2.81, 2.41, 2.31, 2.39, 2.5, 2.35, 1.61, 1.86, 2.08, 2.08, 1.78, 1.25, 1.52, 1.62, 1.84, 1.42, 1.53, 1.17, 0, 1.3, 1.77, 2.23, 2.25, 2.69, 3.472, 4.617, 4.493, 4.646, 5.591, 5.145, 4.44, 4.172, 4.164, 4.074, 3.652, 3.57, 3.68, 3.589, 3.806, 3.709, 2.77, 2.34, 3.53, 3.71, 4.94, 5.76, 6.8, 6.91, 7.09, 6.81, 5.53, 4.95, 4.45, 4.65, 4.83], [8.76, 7.82, 7.9, 8.84, 9.58, 10.1, 9.04, 8.25, 8.0, 7.91, 7.81, 7.58, 7.23, 5.81, 5.92, 5.36, 4.93, 4.03, 3.8, 4.06, 3.76, 3.53, 3.99, 4.6, 3.0, 1.86, 1.76, 1.32, 1.96, 1.95, 2.38, 2.39, 1.87, 2.03, 2.49, 2.84, 2.51, 1.67, 1.56, 1.82, 2.06, 1.7, 1.51, 1.6, 1.56, 1.5, 2.12, 2.49, 2.25, 1.3, 0, 1.01, 1.49, 1.71, 2.09, 2.86, 3.695, 3.533, 3.77, 4.64, 4.2, 3.524, 3.35, 3.47, 3.264, 2.85, 3.0, 2.94, 2.72, 2.92, 2.712, 2.03, 2.2, 3.55, 3.93, 5.08, 6.16, 7.16, 7.03, 7.21, 6.83, 5.63, 4.89, 4.23, 4.77, 5.45], [9.41, 8.47, 8.51, 9.45, 10.15, 10.75, 9.63, 8.86, 8.25, 8.16, 8.16, 7.85, 7.56, 6.26, 6.41, 5.99, 5.48, 4.7, 4.33, 4.45, 4.33, 4.0, 4.4, 4.93, 3.31, 2.05, 2.01, 1.61, 2.07, 2.16, 2.59, 2.46, 2.08, 2.24, 2.82, 3.13, 2.96, 2.02, 1.87, 1.99, 2.35, 1.95, 1.74, 1.81, 1.87, 1.57, 2.45, 2.94, 2.78, 1.77, 1.01, 0, 1.02, 1.28, 1.64, 2.548, 3.274, 3.07, 3.211, 4.161, 3.641, 3.031, 2.87, 3.026, 2.906, 2.551, 2.62, 2.55, 2.47, 2.65, 2.43, 1.92, 2.39, 3.82, 4.58, 5.69, 6.77, 7.75, 7.48, 7.74, 7.18, 6.18, 5.32, 4.8, 5.4, 6.1], [9.95, 9.01, 9.09, 9.89, 10.65, 11.15, 10.11, 9.297, 8.684, 8.596, 8.591, 8.222, 7.934, 6.789, 6.959, 6.43, 5.88, 5.08, 4.75, 4.85, 4.79, 4.42, 4.76, 5.404, 3.91, 2.27, 2.13, 1.83, 2.13, 2.24, 2.75, 2.58, 2.28, 2.62, 3.22, 3.59, 3.34, 2.3, 1.95, 2.05, 2.41, 2.15, 2.04, 2.11, 2.03, 1.93, 2.85, 3.4, 3.18, 2.23, 1.49, 1.02, 0, 0.92, 1.3, 1.97, 2.777, 2.693, 2.78, 3.544, 3.067, 2.574, 2.45, 2.65, 2.49, 2.11, 2.14, 2.21, 2.05, 2.27, 2.13, 1.76, 2.71, 4.24, 5.02, 6.21, 7.25, 8.27, 8.08, 8.3, 7.72, 6.7, 5.82, 5.26, 5.82, 6.52], [10.09, 9.15, 9.15, 9.93, 10.73, 11.199, 10.202, 9.392, 8.707, 8.619, 8.609, 8.344, 7.977, 6.852, 7.05, 6.485, 5.975, 5.16, 4.828, 4.93, 4.87, 4.46, 4.82, 5.427, 3.93, 2.55, 2.51, 2.23, 2.49, 2.54, 3.11, 2.96, 2.64, 2.86, 3.32, 3.71, 3.48, 2.46, 1.99, 1.93, 2.25, 2.11, 2.02, 2.01, 1.97, 1.83, 2.91, 3.46, 3.22, 2.25, 1.71, 1.28, 0.92, 0, 1.08, 1.73, 2.491, 2.427, 2.611, 3.555, 3.052, 2.425, 2.23, 2.27, 2.13, 1.75, 1.88, 1.95, 1.81, 2.11, 1.91, 1.86, 2.85, 4.44, 5.14, 6.37, 7.33, 8.35, 8.22, 8.48, 7.9, 6.8, 6.06, 5.52, 6.0, 6.62], [10.44, 9.505, 9.545, 10.396, 11.094, 11.659, 10.576, 9.789, 9.116, 9.031, 9.04, 8.633, 8.363, 7.286, 7.393, 6.925, 6.358, 5.521, 5.168, 5.328, 5.197, 4.858, 5.252, 5.833, 4.448, 2.89, 2.79, 2.73, 2.95, 3.06, 3.57, 3.48, 3.12, 3.34, 3.78, 4.15, 3.96, 2.86, 2.47, 2.45, 2.61, 2.51, 2.48, 2.43, 2.45, 2.09, 3.29, 3.88, 3.6, 2.69, 2.09, 1.64, 1.3, 1.08, 0, 1.19, 2.07, 2.06, 2.27, 3.149, 2.72, 1.97, 1.73, 1.69, 1.69, 1.33, 1.44, 1.41, 1.39, 1.71, 1.71, 1.88, 3.23, 4.88, 5.5, 6.85, 7.71, 8.694, 8.778, 8.978, 8.48, 7.238, 6.58, 6.0, 6.6, 7.04], [11.23, 10.313, 10.39, 11.17, 11.924, 12.403, 11.38, 10.553, 9.972, 9.835, 9.907, 9.474, 9.187, 8.102, 8.274, 7.678, 7.088, 6.277, 5.981, 6.09, 6.007, 5.623, 6.037, 6.7, 5.375, 3.52, 3.36, 3.34, 3.58, 3.69, 4.24, 4.17, 3.77, 4.13, 4.53, 4.92, 4.63, 3.63, 3.14, 3.08, 3.18, 3.38, 3.25, 3.18, 3.16, 2.96, 4.154, 4.722, 4.444, 3.472, 2.86, 2.548, 1.97, 1.73, 1.19, 0, 1.22, 1.33, 1.52, 2.37, 1.95, 1.42, 1.4, 1.26, 1.18, 0.94, 1.29, 1.28, 1.2, 1.38, 1.54, 2.33, 3.94, 5.59, 6.19, 7.6, 8.455, 9.45, 9.548, 9.728, 9.23, 8.025, 7.31, 6.71, 7.29, 7.723], [11.875, 11.035, 11.349, 12.267, 13.015, 13.527, 12.521, 11.694, 11.072, 10.869, 10.987, 10.612, 10.288, 9.236, 9.409, 8.787, 8.125, 7.211, 7.084, 7.132, 6.778, 6.508, 7.056, 7.761, 6.314, 4.024, 3.702, 3.853, 3.976, 4.103, 4.45, 4.314, 4.0, 4.528, 5.224, 5.877, 5.55, 4.653, 4.086, 3.78, 4.26, 4.36, 4.347, 4.317, 4.269, 3.926, 5.26, 5.847, 5.57, 4.617, 3.695, 3.274, 2.777, 2.491, 2.07, 1.22, 0, 0.69, 1.08, 1.71, 1.37, 1.18, 1.42, 1.46, 1.36, 1.36, 1.91, 1.76, 1.76, 1.8, 1.78, 2.73, 4.421, 6.088, 7.108, 8.195, 9.284, 10.224, 10.091, 10.288, 9.691, 8.785, 7.811, 7.231, 7.914, 8.651], [11.668, 10.857, 11.222, 12.179, 12.931, 13.422, 12.437, 11.607, 10.934, 10.731, 10.846, 10.511, 10.184, 9.118, 9.308, 8.682, 8.018, 7.127, 6.997, 7.028, 6.668, 6.418, 6.967, 7.697, 6.19, 3.86, 3.449, 3.683, 3.712, 3.956, 4.283, 4.173, 3.876, 4.313, 5.1, 5.748, 5.446, 4.569, 3.962, 3.59, 4.13, 4.259, 4.206, 4.193, 4.139, 3.822, 5.159, 5.726, 5.469, 4.493, 3.533, 3.07, 2.693, 2.427, 2.06, 1.33, 0.69, 0, 1.05, 1.8, 1.4, 1.33, 1.65, 1.57, 1.47, 1.49, 1.98, 1.91, 1.85, 1.89, 1.79, 2.56, 4.197, 5.907, 6.998, 8.008, 9.16, 10.08, 9.887, 10.104, 9.467, 8.675, 7.607, 7.027, 7.77, 8.507], [12.415, 11.493, 11.57, 12.475, 13.181, 13.781, 12.678, 11.891, 11.149, 10.842, 10.994, 10.701, 10.397, 9.305, 9.498, 9.024, 8.494, 7.64, 7.304, 7.461, 7.273, 6.977, 7.371, 7.947, 6.343, 4.324, 3.893, 4.07, 3.979, 4.394, 4.87, 4.817, 4.34, 4.711, 5.411, 6.041, 5.751, 4.851, 4.264, 4.02, 4.5, 4.389, 4.339, 4.352, 4.481, 4.13, 5.349, 5.876, 5.656, 4.646, 3.77, 3.211, 2.78, 2.611, 2.27, 1.52, 1.08, 1.05, 0, 1.33, 1.03, 0.96, 1.32, 1.44, 1.34, 1.46, 2.01, 1.9, 1.98, 1.9, 1.92, 3.09, 4.841, 6.548, 7.557, 8.675, 9.79, 10.79, 10.491, 10.751, 10.171, 9.203, 8.294, 7.728, 8.38, 9.117], [13.145, 12.223, 12.46, 13.385, 14.065, 14.645, 13.599, 12.792, 12.097, 11.769, 11.918, 11.628, 11.324, 10.229, 10.405, 9.905, 9.298, 8.387, 8.182, 8.305, 8.063, 7.784, 8.221, 8.914, 7.325, 5.054, 4.537, 4.848, 4.694, 5.201, 5.768, 5.567, 5.064, 5.601, 6.378, 6.922, 6.658, 5.752, 5.162, 4.828, 5.345, 5.339, 5.289, 5.302, 5.308, 4.974, 6.299, 6.806, 6.586, 5.591, 4.64, 4.161, 3.544, 3.555, 3.149, 2.37, 1.71, 1.8, 1.33, 0, 0.82, 1.53, 1.83, 1.89, 1.87, 2.29, 2.78, 2.57, 2.63, 2.49, 2.57, 3.901, 5.611, 7.378, 8.324, 9.408, 10.537, 11.52, 11.278, 11.498, 10.941, 9.973, 9.018, 8.478, 9.11, 9.884], [12.645, 11.743, 11.98, 12.902, 13.599, 14.162, 13.137, 12.309, 11.614, 11.314, 11.484, 11.171, 10.864, 9.784, 9.965, 9.422, 8.801, 7.927, 7.702, 7.791, 7.543, 7.244, 7.701, 8.394, 6.825, 4.454, 3.983, 4.283, 4.169, 4.621, 5.145, 4.967, 4.464, 5.061, 5.821, 6.451, 6.138, 5.229, 4.722, 4.43, 4.91, 4.899, 4.869, 4.862, 4.828, 4.494, 5.819, 6.363, 6.126, 5.145, 4.2, 3.641, 3.067, 3.052, 2.72, 1.95, 1.37, 1.4, 1.03, 0.82, 0, 1.11, 1.55, 1.53, 1.55, 1.89, 2.28, 2.11, 2.17, 2.05, 2.05, 3.241, 5.051, 6.833, 7.844, 8.905, 10.057, 11.04, 10.698, 10.975, 10.361, 9.473, 8.515, 7.973, 8.63, 9.404], [12.13, 11.19, 11.264, 12.189, 12.895, 13.475, 12.386, 11.585, 10.923, 10.778, 10.853, 10.452, 10.171, 9.079, 9.22, 8.738, 8.191, 7.351, 7.001, 7.161, 6.967, 6.651, 7.025, 7.621, 6.112, 4.061, 3.86, 3.87, 3.933, 4.18, 4.707, 4.671, 4.257, 4.571, 5.231, 5.775, 5.445, 4.545, 3.958, 3.7, 4.16, 4.103, 4.102, 4.146, 4.195, 3.841, 5.08, 5.65, 5.39, 4.44, 3.524, 3.031, 2.574, 2.425, 1.97, 1.42, 1.18, 1.33, 0.96, 1.53, 1.11, 0, 0.98, 1.22, 1.12, 1.26, 1.59, 1.52, 1.62, 1.64, 1.64, 2.83, 4.595, 6.303, 7.271, 8.393, 9.501, 10.484, 10.245, 10.485, 9.905, 8.897, 8.008, 7.443, 8.111, 8.831], [11.733, 10.793, 10.927, 11.849, 12.549, 13.109, 12.064, 11.256, 10.621, 10.444, 10.533, 10.112, 9.831, 8.762, 8.909, 8.369, 7.791, 6.911, 6.661, 6.761, 6.547, 6.251, 6.665, 7.341, 5.852, 4.12, 3.98, 3.839, 4.08, 4.206, 4.63, 4.5, 4.22, 4.4, 5.017, 5.55, 5.36, 4.243, 3.74, 3.38, 3.82, 3.84, 3.822, 3.886, 3.832, 3.5, 4.8, 5.362, 5.11, 4.172, 3.35, 2.87, 2.45, 2.23, 1.73, 1.4, 1.42, 1.65, 1.32, 1.83, 1.55, 0.98, 0, 1.0, 1.08, 1.14, 1.57, 1.4, 1.54, 1.46, 1.6, 2.75, 4.34, 5.997, 6.87, 8.021, 9.061, 10.047, 9.908, 10.131, 9.594, 8.497, 7.697, 7.15, 7.757, 8.391], [11.593, 10.718, 10.938, 11.786, 12.52, 13.046, 12.043, 11.213, 10.523, 10.413, 10.439, 10.16, 9.813, 8.69, 8.88, 8.306, 7.662, 6.791, 6.603, 6.649, 6.387, 6.108, 6.585, 7.303, 5.941, 4.099, 3.959, 3.88, 4.099, 4.186, 4.787, 4.637, 4.3, 4.517, 5.077, 5.547, 5.3, 4.35, 3.86, 3.44, 3.72, 3.94, 3.89, 3.82, 3.8, 3.52, 4.76, 5.31, 5.05, 4.164, 3.47, 3.026, 2.65, 2.27, 1.69, 1.26, 1.46, 1.57, 1.44, 1.89, 1.53, 1.22, 1.0, 0, 0.72, 0.98, 1.25, 1.08, 1.34, 1.32, 1.54, 2.85, 4.44, 6.11, 6.83, 8.08, 8.981, 9.884, 9.951, 10.191, 9.694, 8.491, 7.81, 7.23, 7.87, 8.311], [11.673, 10.735, 10.89, 11.766, 12.54, 13.026, 12.018, 11.191, 10.575, 10.506, 10.547, 10.212, 9.905, 8.699, 8.889, 8.286, 7.665, 6.814, 6.583, 6.655, 6.47, 6.131, 6.605, 7.298, 5.838, 3.94, 3.72, 3.656, 3.88, 4.006, 4.687, 4.594, 4.217, 4.494, 5.014, 5.424, 5.157, 4.17, 3.544, 3.32, 3.64, 3.84, 3.747, 3.734, 3.692, 3.455, 4.74, 5.287, 5.05, 4.074, 3.264, 2.906, 2.49, 2.13, 1.69, 1.18, 1.36, 1.47, 1.34, 1.87, 1.55, 1.12, 1.08, 0.72, 0, 0.78, 1.35, 1.02, 1.12, 1.12, 1.3, 2.73, 4.36, 5.994, 6.725, 7.978, 8.947, 9.967, 9.888, 10.108, 9.574, 8.428, 7.688, 7.11, 7.674, 8.271], [11.293, 10.355, 10.473, 11.306, 12.107, 12.572, 11.563, 10.742, 10.22, 10.191, 10.196, 9.84, 9.53, 8.282, 8.457, 7.826, 7.251, 6.397, 6.141, 6.221, 6.067, 5.717, 6.165, 6.863, 5.432, 3.516, 3.319, 3.25, 3.493, 3.66, 4.407, 4.294, 3.96, 4.234, 4.737, 5.101, 4.777, 3.81, 3.14, 2.92, 3.22, 3.42, 3.362, 3.312, 3.312, 3.035, 4.3, 4.862, 4.59, 3.652, 2.85, 2.551, 2.11, 1.75, 1.33, 0.94, 1.36, 1.49, 1.46, 2.29, 1.89, 1.26, 1.14, 0.98, 0.78, 0, 0.99, 0.98, 0.9, 1.04, 1.14, 2.41, 4.02, 5.708, 6.33, 7.62, 8.553, 9.567, 9.508, 9.731, 9.171, 8.065, 7.31, 6.69, 7.27, 7.851], [10.943, 10.048, 10.208, 11.067, 11.977, 12.264, 11.334, 10.517, 10.05, 10.053, 10.057, 9.659, 9.348, 8.149, 8.302, 7.634, 6.864, 6.267, 5.974, 5.874, 5.797, 5.435, 5.944, 6.564, 5.311, 3.52, 3.429, 3.36, 3.61, 3.51, 4.217, 4.164, 3.95, 4.284, 4.647, 4.994, 4.65, 3.72, 3.07, 2.75, 3.13, 3.25, 3.3, 3.27, 3.23, 3.11, 4.127, 4.732, 4.454, 3.57, 3.0, 2.62, 2.14, 1.88, 1.44, 1.29, 1.91, 1.98, 2.01, 2.78, 2.28, 1.59, 1.57, 1.25, 1.35, 0.99, 0, 0.73, 0.87, 1.07, 1.13, 2.2, 3.97, 5.64, 6.2, 7.49, 8.448, 9.417, 9.501, 9.661, 9.064, 7.801, 7.1, 6.52, 7.1, 7.501], [10.873, 9.958, 10.158, 11.137, 11.972, 12.354, 11.397, 10.587, 10.183, 10.18, 10.184, 9.771, 9.481, 8.256, 8.392, 7.654, 6.891, 6.214, 5.957, 5.921, 5.747, 5.425, 6.044, 6.694, 5.421, 3.52, 3.419, 3.3, 3.58, 3.51, 4.247, 4.177, 3.98, 4.237, 4.697, 5.047, 4.74, 3.73, 3.12, 2.82, 3.22, 3.36, 3.41, 3.38, 3.28, 3.06, 4.257, 4.882, 4.584, 3.68, 2.94, 2.55, 2.21, 1.95, 1.41, 1.28, 1.76, 1.91, 1.9, 2.57, 2.11, 1.52, 1.4, 1.08, 1.02, 0.98, 0.73, 0, 0.44, 0.7, 0.88, 2.15, 3.94, 5.57, 6.13, 7.4, 8.378, 9.347, 9.411, 9.571, 8.954, 7.711, 7.03, 6.43, 7.03, 7.53], [10.713, 9.775, 10.027, 11.057, 11.889, 12.274, 11.317, 10.507, 10.163, 10.172, 10.141, 9.748, 9.441, 8.196, 8.329, 7.574, 6.771, 6.134, 5.877, 5.821, 5.627, 5.391, 6.044, 6.694, 5.366, 3.32, 3.179, 3.1, 3.42, 3.35, 4.147, 4.114, 3.9, 4.194, 4.674, 5.024, 4.66, 3.65, 2.94, 2.7, 3.14, 3.26, 3.33, 3.32, 3.2, 2.96, 4.177, 4.819, 4.524, 3.589, 2.72, 2.47, 2.05, 1.81, 1.39, 1.2, 1.76, 1.85, 1.98, 2.63, 2.17, 1.62, 1.54, 1.34, 1.12, 0.9, 0.87, 0.44, 0, 0.52, 0.72, 2.01, 3.74, 5.51, 5.99, 7.22, 8.278, 9.247, 9.248, 9.371, 8.774, 7.548, 6.81, 6.17, 6.79, 7.371], [10.89, 9.95, 10.247, 11.277, 12.126, 12.494, 11.537, 10.727, 10.428, 10.432, 10.401, 10.008, 9.701, 8.436, 8.563, 7.794, 6.991, 6.314, 6.097, 6.061, 5.827, 5.591, 6.264, 6.954, 5.566, 3.54, 3.359, 3.26, 3.62, 3.61, 4.347, 4.294, 4.1, 4.394, 4.917, 5.3, 4.98, 3.893, 3.24, 2.78, 3.34, 3.4, 3.55, 3.54, 3.44, 3.16, 4.397, 5.016, 4.724, 3.806, 2.92, 2.65, 2.27, 2.11, 1.71, 1.38, 1.8, 1.89, 1.9, 2.49, 2.05, 1.64, 1.46, 1.32, 1.12, 1.04, 1.07, 0.7, 0.52, 0, 0.82, 2.27, 3.92, 5.69, 6.17, 7.36, 8.464, 9.447, 9.371, 9.491, 8.914, 7.708, 6.93, 6.31, 6.97, 7.571], [10.71, 9.81, 10.166, 11.183, 12.029, 12.426, 11.434, 10.642, 10.353, 10.349, 10.306, 9.942, 9.603, 8.336, 8.469, 7.706, 6.919, 6.151, 6.003, 5.989, 5.647, 5.468, 6.136, 6.829, 5.463, 3.2, 2.88, 2.88, 3.16, 3.25, 3.947, 3.934, 3.717, 4.134, 4.746, 5.16, 4.799, 3.739, 3.1, 2.74, 3.3, 3.3, 3.49, 3.52, 3.354, 3.14, 4.274, 4.919, 4.639, 3.709, 2.712, 2.43, 2.13, 1.91, 1.71, 1.54, 1.78, 1.79, 1.92, 2.57, 2.05, 1.64, 1.6, 1.54, 1.3, 1.14, 1.13, 0.88, 0.72, 0.82, 0, 1.97, 3.6, 5.445, 6.048, 7.13, 8.241, 9.207, 9.088, 9.225, 8.648, 7.637, 6.668, 6.01, 6.71, 7.428], [9.554, 8.745, 9.133, 10.184, 10.999, 11.402, 10.444, 9.634, 9.133, 9.054, 9.097, 8.636, 8.38, 7.326, 7.459, 6.702, 5.94, 5.28, 5.17, 5.05, 4.67, 4.46, 5.1, 5.722, 4.356, 2.11, 2.09, 2.03, 2.37, 2.12, 2.41, 2.4, 2.22, 2.74, 3.363, 3.976, 3.66, 2.76, 2.65, 2.81, 3.35, 3.15, 3.02, 3.21, 2.99, 2.91, 3.53, 4.0, 3.7, 2.77, 2.03, 1.92, 1.76, 1.86, 1.88, 2.33, 2.73, 2.56, 3.09, 3.901, 3.241, 2.83, 2.75, 2.85, 2.73, 2.41, 2.2, 2.15, 2.01, 2.27, 1.97, 0, 2.19, 4.0, 5.06, 5.99, 7.27, 8.208, 7.88, 8.12, 7.284, 6.58, 5.44, 4.9, 5.68, 6.44], [7.62, 6.795, 7.16, 8.172, 8.952, 9.38, 8.434, 7.622, 7.103, 7.049, 6.993, 6.649, 6.31, 5.27, 5.42, 4.78, 4.63, 4.27, 4.28, 3.9, 3.0, 2.59, 3.23, 3.84, 2.64, 1.52, 2.04, 2.16, 2.56, 1.91, 1.96, 2.05, 2.11, 1.81, 1.93, 2.32, 2.19, 2.05, 2.56, 2.82, 3.44, 3.18, 2.99, 3.2, 3.02, 2.9, 3.02, 2.81, 2.87, 2.34, 2.2, 2.39, 2.71, 2.85, 3.23, 3.94, 4.421, 4.197, 4.841, 5.611, 5.051, 4.595, 4.34, 4.44, 4.36, 4.02, 3.97, 3.94, 3.74, 3.92, 3.6, 2.19, 0, 2.07, 3.09, 4.0, 5.18, 6.12, 5.89, 6.09, 5.35, 4.63, 3.57, 3.09, 3.73, 4.45], [5.87, 5.11, 5.427, 6.387, 7.159, 7.627, 6.642, 5.829, 5.33, 5.28, 5.32, 4.87, 4.62, 3.58, 3.75, 3.51, 3.94, 3.82, 3.79, 3.31, 2.45, 1.7, 2.26, 2.69, 1.89, 2.77, 3.49, 3.07, 3.45, 2.6, 2.27, 2.72, 2.78, 2.06, 1.56, 1.47, 1.78, 2.52, 3.13, 3.65, 4.03, 3.65, 3.54, 3.63, 3.27, 3.35, 3.27, 3.0, 3.44, 3.53, 3.55, 3.82, 4.24, 4.44, 4.88, 5.59, 6.088, 5.907, 6.548, 7.378, 6.833, 6.303, 5.997, 6.11, 5.994, 5.708, 5.64, 5.57, 5.51, 5.69, 5.445, 4.0, 2.07, 0, 1.72, 2.21, 3.41, 4.37, 4.16, 4.3, 3.72, 2.92, 1.94, 1.82, 2.34, 3.0], [5.07, 4.15, 4.41, 5.29, 6.15, 6.49, 5.467, 4.717, 4.69, 4.7, 4.599, 4.27, 3.92, 3.0, 3.19, 3.15, 3.8, 3.84, 3.71, 3.47, 2.71, 2.18, 2.62, 2.65, 2.31, 3.63, 4.33, 3.73, 4.27, 3.46, 3.43, 4.02, 4.06, 3.16, 2.54, 2