[[0, 1.7, 1.82, 1.9, 1.29, 1.06, 1.43, 2.53, 4.66, 5.35, 4.59, 3.02, 2.63, 3.25, 4.31, 5.86, 6.8, 6.74, 6.588, 6.69, 6.16, 5.81, 6.3, 6.4, 6.3, 6.51, 6.62, 6.728, 6.68, 6.908, 7.146, 6.54, 5.62, 4.76, 4.93, 6.27, 6.518, 6.69, 7.164, 7.568, 7.073, 6.22, 5.11, 4.57, 4.28, 3.62, 3.09, 3.48, 2.91, 3.73, 5.54, 7.28, 8.17, 7.95, 8.16, 9.01, 8.5, 6.94, 6.29, 6.17, 4.4, 3.66, 3.95, 3.07, 1.82, 1.57, 1.58, 1.31, 1.23, 1.21, 1.61, 1.6, 1.69, 1.99, 2.18, 1.05, 2.31, 3.33, 3.56, 3.61, 4.15, 4.3, 4.38, 4.37, 4.68, 5.29], [1.7, 0, 0.9, 1.22, 1.23, 1.26, 1.79, 3.63, 5.88, 6.59, 6.07, 4.28, 3.51, 3.89, 5.65, 7.28, 8.2, 8.16, 8.022, 7.97, 7.5, 7.13, 7.7, 7.84, 7.7, 7.95, 8.1, 8.142, 8.095, 8.325, 8.592, 7.912, 7.035, 6.115, 6.268, 7.568, 7.935, 8.065, 8.538, 8.754, 8.127, 7.54, 6.51, 5.77, 5.2, 4.12, 2.79, 2.42, 2.51, 2.67, 4.26, 6.02, 6.95, 6.73, 6.94, 7.79, 7.28, 5.72, 5.07, 4.89, 3.06, 2.9, 3.11, 2.23, 1.58, 1.55, 1.74, 1.95, 2.31, 2.25, 2.15, 2.22, 1.79, 2.03, 2.12, 1.85, 3.49, 4.75, 5.04, 5.05, 5.59, 5.68, 5.78, 5.79, 6.04, 6.65], [1.82, 0.9, 0, 0.9, 1.23, 1.48, 2.01, 3.87, 6.12, 6.81, 6.17, 4.5, 3.57, 3.95, 5.79, 7.48, 8.4, 8.36, 8.15, 8.27, 7.78, 7.33, 7.82, 7.94, 7.86, 8.15, 8.24, 8.31, 8.26, 8.508, 8.718, 8.118, 7.24, 6.36, 6.514, 7.85, 8.118, 8.31, 8.784, 9.137, 8.57, 7.84, 6.73, 6.07, 5.56, 4.6, 3.17, 2.64, 2.81, 2.83, 4.04, 5.8, 6.71, 6.49, 6.7, 7.55, 7.04, 5.48, 4.83, 4.67, 2.96, 2.98, 3.25, 2.51, 1.76, 1.59, 1.88, 2.23, 2.51, 2.51, 2.45, 2.44, 1.99, 2.07, 2.08, 2.03, 3.75, 4.89, 5.18, 5.25, 5.73, 5.84, 5.94, 5.89, 6.22, 6.83], [1.9, 1.22, 0.9, 0, 1.07, 1.46, 1.79, 3.75, 5.84, 6.69, 6.05, 4.28, 3.45, 3.93, 5.81, 7.46, 8.4, 8.34, 8.165, 8.15, 7.7, 7.29, 7.86, 7.96, 7.86, 8.11, 8.22, 8.308, 8.26, 8.51, 8.715, 8.095, 7.218, 6.36, 6.525, 7.85, 8.118, 8.288, 8.75, 9.188, 8.715, 7.78, 6.71, 6.03, 5.64, 5.08, 3.67, 3.08, 3.09, 3.09, 4.38, 6.14, 7.05, 6.83, 7.04, 7.89, 7.4, 5.82, 5.21, 5.09, 3.46, 3.52, 3.83, 3.03, 2.12, 1.69, 1.94, 2.27, 2.51, 2.61, 2.71, 2.74, 2.37, 2.23, 2.24, 1.91, 3.41, 4.79, 5.16, 5.21, 5.75, 5.8, 5.94, 5.93, 6.22, 6.83], [1.29, 1.23, 1.23, 1.07, 0, 0.91, 1.1, 3.02, 5.15, 6.0, 5.4, 3.63, 3.32, 3.92, 5.3, 6.95, 7.87, 7.83, 7.62, 7.6, 7.21, 6.6, 7.19, 7.33, 7.27, 7.6, 7.69, 7.78, 7.75, 7.96, 8.13, 7.49, 6.71, 5.85, 6.007, 7.36, 7.57, 7.78, 8.254, 8.69, 8.183, 7.31, 6.2, 5.58, 5.17, 4.49, 3.48, 3.29, 2.82, 3.44, 5.17, 6.93, 7.84, 7.62, 7.83, 8.68, 8.17, 6.61, 5.96, 5.82, 4.11, 3.91, 4.08, 3.18, 2.17, 1.88, 1.91, 2.0, 2.04, 2.1, 2.4, 2.29, 2.12, 2.28, 2.17, 1.7, 2.74, 4.16, 4.61, 4.7, 5.2, 5.21, 5.31, 5.3, 5.53, 6.14], [1.06, 1.26, 1.48, 1.46, 0.91, 0, 0.79, 2.55, 4.78, 5.45, 4.97, 3.18, 2.77, 3.39, 4.59, 6.26, 7.18, 7.14, 6.93, 6.95, 6.52, 6.01, 6.56, 6.78, 6.66, 7.01, 7.1, 7.13, 7.1, 7.29, 7.46, 6.84, 6.04, 5.22, 5.343, 6.71, 6.88, 7.09, 7.57, 8.04, 7.593, 6.64, 5.53, 4.93, 4.66, 4.04, 3.37, 3.36, 2.77, 3.55, 5.4, 7.16, 8.07, 7.85, 8.06, 8.91, 8.4, 6.84, 6.19, 6.03, 4.2, 3.76, 3.99, 2.91, 1.86, 1.73, 1.76, 1.63, 1.67, 1.69, 2.07, 2.02, 2.15, 2.45, 2.44, 1.51, 2.43, 3.65, 4.02, 4.09, 4.59, 4.6, 4.64, 4.65, 4.9, 5.51], [1.43, 1.79, 2.01, 1.79, 1.1, 0.79, 0, 2.28, 4.43, 5.14, 4.74, 2.97, 2.92, 3.62, 4.52, 6.01, 6.93, 6.89, 6.68, 6.7, 6.29, 5.82, 6.37, 6.61, 6.49, 6.84, 6.93, 6.98, 6.97, 7.16, 7.29, 6.65, 5.87, 5.09, 5.26, 6.52, 6.63, 6.86, 7.363, 7.918, 7.503, 6.47, 5.34, 4.92, 4.87, 4.33, 3.8, 3.81, 3.12, 3.94, 5.79, 7.59, 8.52, 8.3, 8.51, 9.36, 8.85, 7.29, 6.64, 6.5, 4.55, 4.27, 4.4, 3.4, 2.39, 2.18, 2.21, 2.1, 2.1, 2.08, 2.5, 2.51, 2.6, 2.88, 2.75, 1.88, 2.2, 3.44, 3.87, 3.94, 4.42, 4.41, 4.45, 4.46, 4.65, 5.26], [2.53, 3.63, 3.87, 3.75, 3.02, 2.55, 2.28, 0, 2.41, 3.2, 2.8, 1.77, 2.92, 3.86, 3.6, 4.27, 5.19, 5.25, 5.06, 5.12, 4.79, 4.6, 4.65, 4.71, 4.71, 5.02, 5.11, 5.28, 5.31, 5.44, 5.53, 4.99, 4.35, 4.11, 4.64, 5.14, 5.31, 5.24, 6.03, 6.74, 6.27, 5.25, 4.4, 4.08, 4.53, 4.27, 5.1, 5.75, 5.02, 5.92, 7.79, 9.59, 10.52, 10.3, 10.51, 11.36, 10.85, 9.29, 8.64, 8.46, 6.51, 5.87, 6.08, 5.06, 3.99, 3.74, 3.57, 3.38, 2.74, 2.52, 2.96, 2.99, 3.6, 4.1, 4.15, 2.86, 1.5, 1.78, 2.25, 2.34, 2.66, 2.53, 2.53, 2.52, 2.81, 3.28], [4.66, 5.88, 6.12, 5.84, 5.15, 4.78, 4.43, 2.41, 0, 1.07, 0.87, 1.84, 3.15, 3.89, 3.37, 3.16, 3.82, 3.84, 3.53, 3.29, 3.92, 4.41, 4.06, 3.74, 3.76, 4.05, 3.88, 3.83, 3.76, 3.57, 3.44, 3.26, 3.48, 4.0, 4.33, 4.13, 4.02, 4.11, 4.46, 5.01, 4.64, 3.88, 3.25, 3.29, 4.06, 4.7, 7.27, 8.04, 7.31, 8.21, 10.08, 11.9, 12.83, 12.61, 12.82, 13.67, 13.16, 11.6, 10.95, 10.77, 8.82, 8.1, 8.37, 7.37, 6.26, 5.99, 5.76, 5.49, 4.61, 4.57, 5.05, 5.1, 5.81, 6.33, 6.42, 5.05, 2.55, 1.61, 1.72, 1.43, 1.21, 1.22, 1.42, 1.63, 1.9, 1.83], [5.35, 6.59, 6.81, 6.69, 6.0, 5.45, 5.14, 3.2, 1.07, 0, 1.0, 2.45, 3.64, 3.98, 3.24, 2.85, 3.53, 3.65, 3.3, 3.1, 3.87, 4.22, 4.01, 3.67, 3.71, 4.02, 3.81, 3.68, 3.69, 3.4, 3.07, 3.09, 3.41, 4.03, 4.3, 3.8, 3.51, 3.76, 4.03, 4.28, 3.93, 3.17, 2.76, 3.24, 4.25, 5.25, 7.84, 8.61, 7.88, 8.78, 10.65, 12.47, 13.4, 13.18, 13.39, 14.24, 13.73, 12.17, 11.52, 11.34, 9.39, 8.67, 8.94, 7.94, 6.83, 6.56, 6.33, 6.06, 5.18, 5.14, 5.62, 5.67, 6.38, 6.94, 6.99, 5.68, 3.36, 2.2, 2.25, 2.02, 1.72, 1.27, 1.41, 1.66, 1.71, 1.46], [4.59, 6.07, 6.17, 6.05, 5.4, 4.97, 4.74, 2.8, 0.87, 1.0, 0, 1.99, 3.18, 3.74, 3.1, 2.79, 3.47, 3.61, 3.1, 3.14, 3.71, 4.26, 3.85, 3.39, 3.51, 3.72, 3.61, 3.56, 3.59, 3.36, 3.13, 3.03, 3.23, 3.81, 4.1, 3.76, 3.55, 3.68, 4.09, 4.62, 4.21, 3.41, 2.76, 2.98, 3.87, 4.61, 7.2, 7.97, 7.24, 8.14, 10.01, 11.81, 12.74, 12.52, 12.73, 13.58, 13.07, 11.51, 10.86, 10.68, 8.75, 8.01, 8.28, 7.28, 6.17, 5.9, 5.67, 5.4, 4.56, 4.48, 4.96, 5.03, 5.74, 6.26, 6.35, 4.98, 2.78, 1.64, 1.65, 1.44, 1.26, 0.99, 1.05, 1.34, 1.65, 1.5], [3.02, 4.28, 4.5, 4.28, 3.63, 3.18, 2.97, 1.77, 1.84, 2.45, 1.99, 0, 1.89, 2.65, 2.27, 3.4, 4.32, 4.4, 4.15, 4.27, 3.86, 3.45, 3.78, 3.84, 3.8, 4.13, 4.24, 4.39, 4.42, 4.55, 4.6, 4.1, 3.48, 3.16, 3.53, 4.25, 4.46, 4.31, 5.14, 5.89, 5.4, 4.4, 3.51, 3.03, 3.34, 3.38, 5.61, 6.38, 5.65, 6.55, 8.42, 10.26, 11.19, 10.97, 11.18, 12.03, 11.52, 9.96, 9.31, 9.13, 7.22, 6.48, 6.75, 5.73, 4.62, 4.35, 4.12, 3.85, 2.97, 2.99, 3.43, 3.48, 4.15, 4.67, 4.76, 3.39, 1.15, 1.49, 1.84, 1.85, 1.95, 1.66, 1.8, 1.73, 1.98, 2.55], [2.63, 3.51, 3.57, 3.45, 3.32, 2.77, 2.92, 2.92, 3.15, 3.64, 3.18, 1.89, 0, 1.06, 2.44, 4.13, 5.03, 5.07, 4.86, 4.94, 4.53, 3.9, 4.49, 4.63, 4.55, 4.82, 4.93, 5.08, 5.09, 5.26, 5.37, 4.87, 4.05, 3.35, 3.66, 4.86, 4.97, 5.06, 5.748, 6.36, 5.87, 4.75, 3.72, 3.1, 3.23, 3.27, 4.6, 5.41, 5.04, 5.64, 7.27, 9.105, 10.04, 9.82, 10.03, 10.88, 10.37, 8.81, 8.16, 7.98, 6.03, 5.31, 5.58, 4.58, 3.47, 3.24, 3.19, 3.06, 2.44, 2.74, 3.0, 3.23, 3.3, 3.52, 3.71, 2.54, 1.96, 2.38, 2.71, 2.74, 2.86, 2.75, 2.83, 2.62, 2.81, 3.44], [3.25, 3.89, 3.95, 3.93, 3.92, 3.39, 3.62, 3.86, 3.89, 3.98, 3.74, 2.65, 1.06, 0, 2.1, 3.67, 4.55, 4.57, 4.48, 4.64, 4.23, 3.68, 4.29, 4.47, 4.39, 4.42, 4.57, 4.72, 4.67, 4.82, 5.11, 4.53, 3.57, 2.77, 2.98, 4.26, 4.39, 4.58, 5.15, 5.72, 5.27, 4.23, 3.36, 2.94, 2.89, 3.19, 4.64, 5.45, 5.28, 5.68, 7.29, 9.108, 10.047, 9.84, 10.049, 10.89, 10.386, 8.829, 8.18, 8.0, 6.049, 5.33, 5.6, 4.6, 3.51, 3.34, 3.29, 3.32, 2.66, 2.82, 3.04, 3.25, 3.34, 3.54, 3.75, 2.88, 2.92, 3.12, 3.09, 3.22, 3.2, 3.19, 3.21, 2.9, 2.83, 3.38], [4.31, 5.65, 5.79, 5.81, 5.3, 4.59, 4.52, 3.6, 3.37, 3.24, 3.1, 2.27, 2.44, 2.1, 0, 1.71, 2.71, 2.93, 2.98, 3.44, 3.07, 2.74, 3.33, 3.41, 3.41, 3.32, 3.45, 3.7, 3.65, 3.66, 3.99, 3.43, 2.57, 2.11, 2.16, 2.86, 2.97, 2.72, 3.69, 4.48, 4.57, 3.47, 2.64, 2.24, 2.61, 3.29, 5.68, 6.41, 5.74, 6.6, 8.45, 10.29, 11.22, 11.0, 11.25, 12.06, 11.55, 10.01, 9.36, 9.38, 7.25, 6.57, 6.78, 5.92, 5.11, 4.86, 4.49, 4.2, 3.52, 3.76, 3.82, 3.89, 4.54, 5.22, 5.09, 4.2, 2.88, 2.88, 2.77, 2.9, 2.7, 2.59, 2.39, 1.9, 1.77, 2.1], [5.86, 7.28, 7.48, 7.46, 6.95, 6.26, 6.01, 4.27, 3.16, 2.85, 2.79, 3.4, 4.13, 3.67, 1.71, 0, 1.24, 1.56, 1.77, 2.31, 2.32, 3.07, 2.96, 2.54, 2.46, 2.25, 2.22, 2.45, 2.4, 2.37, 2.74, 2.24, 1.76, 2.1, 2.13, 1.81, 1.8, 1.55, 2.4, 3.13, 3.58, 2.8, 2.27, 2.45, 3.32, 4.36, 7.05, 7.76, 7.09, 7.99, 9.8, 11.64, 12.57, 12.35, 12.64, 13.41, 12.9, 11.46, 10.81, 10.79, 8.66, 7.94, 8.15, 7.49, 6.68, 6.45, 6.08, 5.79, 5.09, 5.13, 5.39, 5.5, 6.17, 6.81, 6.66, 5.79, 4.21, 3.01, 2.8, 2.71, 2.53, 2.48, 2.16, 2.01, 1.74, 1.71], [6.8, 8.2, 8.4, 8.4, 7.87, 7.18, 6.93, 5.19, 3.82, 3.53, 3.47, 4.32, 5.03, 4.55, 2.71, 1.24, 0, 1.1, 1.65, 1.99, 2.16, 3.03, 2.74, 2.36, 2.38, 2.01, 1.98, 2.03, 1.98, 1.85, 2.2, 1.82, 1.68, 2.34, 2.39, 1.51, 1.38, 1.13, 1.84, 2.55, 3.28, 2.92, 2.71, 3.09, 3.92, 5.0, 7.79, 8.48, 7.89, 8.71, 10.5, 12.32, 13.21, 13.11, 13.38, 14.05, 13.54, 12.22, 11.67, 11.67, 9.44, 8.72, 8.89, 8.35, 7.56, 7.35, 7.0, 6.69, 6.01, 6.03, 6.29, 6.4, 7.11, 7.71, 7.54, 6.69, 5.19, 3.79, 3.48, 3.43, 3.25, 3.12, 3.06, 2.95, 2.68, 2.65], [6.74, 8.16, 8.36, 8.34, 7.83, 7.14, 6.89, 5.25, 3.84, 3.65, 3.61, 4.4, 5.07, 4.57, 2.93, 1.56, 1.1, 0, 1.39, 1.41, 1.72, 2.67, 2.24, 1.9, 1.8, 1.55, 1.4, 1.47, 1.3, 1.29, 1.64, 1.3, 1.44, 2.08, 2.11, 1.29, 1.34, 1.33, 1.58, 1.99, 2.88, 2.8, 2.91, 3.43, 4.26, 5.336, 7.99, 8.753, 8.05, 8.912, 10.796, 12.624, 13.563, 13.363, 13.588, 14.405, 13.902, 12.38, 11.81, 11.687, 9.62, 8.911, 9.138, 8.33, 7.46, 7.25, 6.94, 6.61, 5.99, 5.99, 6.25, 6.4, 7.07, 7.61, 7.44, 6.65, 5.21, 3.69, 3.5, 3.45, 3.13, 3.26, 3.18, 3.07, 2.8, 2.95], [6.588, 8.022, 8.15, 8.165, 7.62, 6.93, 6.68, 5.06, 3.53, 3.3, 3.1, 4.15, 4.86, 4.48, 2.98, 1.77, 1.65, 1.39, 0, 1.1, 1.39, 2.26, 1.85, 1.37, 1.51, 1.36, 1.29, 1.34, 1.35, 1.18, 1.43, 1.25, 1.43, 2.27, 2.34, 1.62, 1.59, 1.52, 1.97, 2.7, 3.49, 3.25, 3.24, 3.6, 4.61, 5.698, 8.342, 9.089, 8.402, 9.265, 11.152, 12.98, 13.919, 13.719, 13.941, 14.761, 14.256, 12.721, 12.074, 11.977, 9.935, 9.218, 9.493, 8.577, 7.607, 7.343, 7.03, 6.763, 5.992, 5.997, 6.283, 6.402, 7.066, 7.68, 7.627, 6.586, 4.98, 3.66, 3.27, 3.26, 3.02, 3.07, 2.93, 2.76, 2.49, 2.46], [6.69, 7.97, 8.27, 8.15, 7.6, 6.95, 6.7, 5.12, 3.29, 3.1, 3.14, 4.27, 4.94, 4.64, 3.44, 2.31, 1.99, 1.41, 1.1, 0, 1.17, 2.1, 1.79, 1.51, 1.41, 1.56, 1.47, 1.28, 1.27, 1.1, 1.37, 1.09, 1.71, 2.69, 2.76, 1.98, 1.83, 2.14, 2.11, 2.7, 3.41, 3.37, 3.5, 3.92, 4.98, 6.066, 8.7, 9.45, 8.76, 9.62, 11.52, 13.348, 14.287, 14.08, 14.29, 15.129, 14.625, 13.069, 12.42, 12.3, 10.29, 9.59, 9.84, 8.84, 7.81, 7.5, 7.27, 7.02, 6.18, 6.24, 6.54, 6.71, 7.32, 7.92, 7.95, 6.76, 5.06, 3.64, 3.49, 3.32, 3.0, 2.97, 3.05, 3.12, 2.81, 2.74], [6.16, 7.5, 7.78, 7.7, 7.21, 6.52, 6.29, 4.79, 3.92, 3.87, 3.71, 3.86, 4.53, 4.23, 3.07, 2.32, 2.16, 1.72, 1.39, 1.17, 0, 1.61, 1.12, 0.98, 1.0, 1.27, 1.36, 1.25, 1.36, 1.61, 2.02, 1.56, 1.48, 2.24, 2.39, 2.11, 2.18, 2.09, 2.34, 3.35, 4.02, 3.96, 3.83, 3.87, 4.6, 5.52, 8.25, 8.98, 8.31, 9.15, 10.98, 12.82, 13.75, 13.59, 13.76, 14.58, 14.08, 12.52, 11.91, 11.87, 9.82, 9.16, 9.31, 8.33, 7.32, 7.03, 6.76, 6.57, 5.79, 5.77, 6.11, 6.28, 6.91, 7.49, 7.52, 6.25, 4.69, 3.51, 3.28, 3.25, 3.29, 3.3, 3.24, 2.99, 2.88, 3.13], [5.81, 7.13, 7.33, 7.29, 6.6, 6.01, 5.82, 4.6, 4.41, 4.22, 4.26, 3.45, 3.9, 3.68, 2.74, 3.07, 3.03, 2.67, 2.26, 2.1, 1.61, 0, 1.11, 1.47, 1.59, 1.72, 1.97, 2.04, 2.15, 2.4, 2.61, 2.27, 2.17, 2.31, 2.42, 2.94, 3.09, 3.02, 3.55, 4.38, 4.79, 4.71, 4.54, 4.44, 4.97, 5.61, 8.08, 8.85, 8.12, 9.019, 10.923, 12.75, 13.69, 13.485, 13.692, 14.532, 14.028, 12.471, 11.819, 11.653, 9.692, 8.978, 9.245, 8.245, 7.17, 6.88, 6.65, 6.4, 5.5, 5.54, 5.94, 5.99, 6.656, 7.2, 7.27, 5.94, 4.14, 4.08, 4.27, 4.36, 4.28, 3.81, 3.67, 3.34, 3.11, 3.52], [6.3, 7.7, 7.82, 7.86, 7.19, 6.56, 6.37, 4.65, 4.06, 4.01, 3.85, 3.78, 4.49, 4.29, 3.33, 2.96, 2.74, 2.24, 1.85, 1.79, 1.12, 1.11, 0, 0.92, 1.18, 1.43, 1.5, 1.35, 1.58, 1.89, 2.18, 1.76, 1.8, 2.38, 2.53, 2.49, 2.68, 2.65, 2.98, 3.83, 4.34, 4.38, 4.25, 4.27, 5.06, 5.959, 8.586, 9.353, 8.629, 9.531, 11.424, 13.249, 14.191, 13.991, 14.208, 15.031, 14.526, 12.969, 12.335, 12.169, 10.204, 9.493, 9.745, 8.761, 7.673, 7.403, 7.173, 6.889, 6.09, 5.993, 6.446, 6.517, 7.192, 7.738, 7.788, 6.49, 4.73, 3.83, 3.76, 3.81, 3.77, 3.48, 3.42, 3.07, 3.02, 3.39], [6.4, 7.84, 7.94, 7.96, 7.33, 6.78, 6.61, 4.71, 3.74, 3.67, 3.39, 3.84, 4.63, 4.47, 3.41, 2.54, 2.36, 1.9, 1.37, 1.51, 0.98, 1.47, 0.92, 0, 0.66, 0.81, 0.94, 0.95, 1.14, 1.39, 1.64, 1.42, 1.6, 2.58, 2.73, 2.39, 2.46, 2.29, 2.66, 3.51, 4.08, 4.16, 4.11, 4.31, 5.14, 6.1, 8.737, 9.497, 8.776, 9.69, 11.579, 13.402, 14.335, 14.144, 14.355, 15.166, 14.668, 13.126, 12.512, 12.329, 10.364, 9.651, 9.902, 8.908, 7.851, 7.59, 7.351, 7.086, 6.29, 6.169, 6.643, 6.676, 7.39, 7.895, 7.945, 6.63, 4.71, 3.53, 3.34, 3.43, 3.31, 3.28, 3.18, 2.89, 2.9, 3.19], [6.3, 7.7, 7.86, 7.86, 7.27, 6.66, 6.49, 4.71, 3.76, 3.71, 3.51, 3.8, 4.55, 4.39, 3.41, 2.46, 2.38, 1.8, 1.51, 1.41, 1.0, 1.59, 1.18, 0.66, 0, 0.85, 1.0, 0.97, 1.08, 1.39, 1.66, 1.46, 1.58, 2.48, 2.69, 2.45, 2.5, 2.47, 2.66, 3.45, 4.02, 4.2, 4.21, 4.43, 5.12, 6.046, 8.67, 9.437, 8.716, 9.63, 11.519, 13.342, 14.275, 14.084, 14.295, 15.106, 14.608, 13.066, 12.425, 12.269, 10.303, 9.591, 9.842, 8.875, 7.8, 7.53, 7.3, 6.986, 6.17, 6.11, 6.563, 6.634, 7.289, 7.835, 7.885, 6.55, 4.67, 3.45, 3.48, 3.45, 3.35, 3.2, 3.24, 3.15, 3.02, 3.27], [6.51, 7.95, 8.15, 8.11, 7.6, 7.01, 6.84, 5.02, 4.05, 4.02, 3.72, 4.13, 4.82, 4.42, 3.32, 2.25, 2.01, 1.55, 1.36, 1.56, 1.27, 1.72, 1.43, 0.81, 0.85, 0, 0.65, 0.82, 0.93, 1.2, 1.67, 1.41, 1.29, 2.31, 2.48, 2.0, 2.21, 2.0, 2.37, 3.16, 3.65, 3.69, 3.86, 4.12, 4.946, 5.919, 8.526, 9.31, 8.572, 9.489, 11.375, 13.198, 14.13, 13.94, 14.159, 14.962, 14.463, 12.959, 12.355, 12.159, 10.194, 9.447, 9.703, 8.758, 7.71, 7.44, 7.19, 6.94, 6.16, 6.02, 6.48, 6.59, 7.32, 7.76, 7.81, 6.52, 4.9, 3.68, 3.49, 3.52, 3.44, 3.41, 3.31, 3.14, 3.11, 3.34], [6.62, 8.1, 8.24, 8.22, 7.69, 7.1, 6.93, 5.11, 3.88, 3.81, 3.61, 4.24, 4.93, 4.57, 3.45, 2.22, 1.98, 1.4, 1.29, 1.47, 1.36, 1.97, 1.5, 0.94, 1.0, 0.65, 0, 0.53, 0.7, 0.93, 1.48, 1.26, 1.38, 2.445, 2.632, 2.07, 2.14, 1.97, 2.16, 2.91, 3.4, 3.56, 3.85, 4.17, 5.076, 6.089, 8.723, 9.48, 8.761, 9.676, 11.565, 13.388, 14.32, 14.13, 14.343, 15.151, 14.653, 13.132, 12.535, 12.332, 10.387, 9.637, 9.887, 8.941, 7.874, 7.65, 7.38, 7.13, 6.37, 6.19, 6.67, 6.699, 7.45, 7.947, 7.982, 6.75, 5.03, 3.65, 3.54, 3.49, 3.25, 3.3, 3.22, 3.23, 3.04, 3.35], [6.728, 8.142, 8.31, 8.308, 7.78, 7.13, 6.98, 5.28, 3.83, 3.68, 3.56, 4.39, 5.08, 4.72, 3.7, 2.45, 2.03, 1.47, 1.34, 1.28, 1.25, 2.04, 1.35, 0.95, 0.97, 0.82, 0.53, 0, 0.55, 0.9, 1.45, 1.15, 1.43, 2.59, 2.762, 2.08, 2.13, 2.12, 2.11, 2.92, 3.45, 3.67, 3.84, 4.34, 5.166, 6.242, 8.873, 9.63, 8.912, 9.826, 11.715, 13.538, 14.47, 14.279, 14.491, 15.301, 14.803, 13.262, 12.668, 12.473, 10.5, 9.788, 10.037, 9.067, 8.002, 7.736, 7.506, 7.222, 6.492, 6.329, 6.809, 6.85, 7.598, 8.031, 8.08, 6.84, 5.22, 3.66, 3.49, 3.32, 3.1, 3.25, 3.35, 3.34, 3.21, 3.36], [6.68, 8.095, 8.26, 8.26, 7.75, 7.1, 6.97, 5.31, 3.76, 3.69, 3.59, 4.42, 5.09, 4.67, 3.65, 2.4, 1.98, 1.3, 1.35, 1.27, 1.36, 2.15, 1.58, 1.14, 1.08, 0.93, 0.7, 0.55, 0, 0.77, 1.26, 1.06, 1.36, 2.4, 2.61, 1.99, 2.06, 2.09, 2.02, 2.69, 3.2, 3.42, 3.75, 4.15, 5.02, 6.055, 8.686, 9.423, 8.705, 9.619, 11.508, 13.33, 14.263, 14.073, 14.289, 15.094, 14.596, 13.063, 12.518, 12.274, 10.331, 9.581, 9.839, 8.877, 7.812, 7.566, 7.336, 7.072, 6.43, 6.182, 6.682, 6.72, 7.488, 7.861, 7.905, 6.77, 5.21, 3.71, 3.48, 3.27, 3.09, 3.34, 3.36, 3.35, 3.24, 3.41], [6.908, 8.325, 8.508, 8.51, 7.96, 7.29, 7.16, 5.44, 3.57, 3.4, 3.36, 4.55, 5.26, 4.82, 3.66, 2.37, 1.85, 1.29, 1.18, 1.1, 1.61, 2.4, 1.89, 1.39, 1.39, 1.2, 0.93, 0.9, 0.77, 0, 0.93, 0.97, 1.51, 2.53, 2.74, 1.92, 1.93, 1.94, 1.99, 2.46, 3.05, 3.33, 3.66, 4.14, 5.089, 6.162, 8.819, 9.556, 8.838, 9.749, 11.638, 13.46, 14.393, 14.203, 14.414, 15.225, 14.726, 13.228, 12.628, 12.416, 10.461, 9.711, 9.964, 9.031, 8.027, 7.803, 7.476, 7.283, 6.492, 6.329, 6.769, 6.81, 7.558, 8.063, 8.087, 6.94, 5.42, 3.86, 3.51, 3.36, 3.02, 3.23, 3.45, 3.4, 3.19, 3.22], [7.146, 8.592, 8.718, 8.715, 8.13, 7.46, 7.29, 5.53, 3.44, 3.07, 3.13, 4.6, 5.37, 5.11, 3.99, 2.74, 2.2, 1.64, 1.43, 1.37, 2.02, 2.61, 2.18, 1.64, 1.66, 1.67, 1.48, 1.45, 1.26, 0.93, 0, 0.94, 1.86, 3.08, 3.25, 2.39, 2.18, 2.25, 2.34, 2.57, 3.14, 3.5, 4.07, 4.635, 5.656, 6.712, 9.343, 10.11, 9.386, 10.297, 12.186, 14.008, 14.947, 14.75, 14.976, 15.781, 15.28, 13.735, 13.111, 12.943, 10.99, 10.258, 10.511, 9.543, 8.472, 8.206, 7.956, 7.672, 6.896, 6.77, 7.229, 7.3, 7.993, 8.541, 8.559, 7.293, 5.47, 3.99, 3.72, 3.613, 3.19, 3.22, 3.4, 3.41, 3.32, 3.15], [6.54, 7.912, 8.118, 8.095, 7.49, 6.84, 6.65, 4.99, 3.26, 3.09, 3.03, 4.1, 4.87, 4.53, 3.43, 2.24, 1.82, 1.3, 1.25, 1.09, 1.56, 2.27, 1.76, 1.42, 1.46, 1.41, 1.26, 1.15, 1.06, 0.97, 0.94, 0, 1.14, 2.391, 2.558, 1.89, 1.8, 1.89, 1.98, 2.61, 3.02, 3.16, 3.59, 4.09, 4.956, 5.992, 8.623, 9.39, 8.669, 9.597, 11.48, 13.294, 14.227, 14.036, 14.256, 15.061, 14.56, 13.03, 12.38, 12.229, 10.267, 9.55, 9.803, 8.817, 7.774, 7.49, 7.252, 7.004, 6.17, 6.084, 6.515, 6.58, 7.278, 7.867, 7.891, 6.65, 4.93, 3.41, 3.14, 3.09, 2.81, 2.86, 2.92, 2.95, 2.82, 2.79], [5.62, 7.035, 7.24, 7.218, 6.71, 6.04, 5.87, 4.35, 3.48, 3.41, 3.23, 3.48, 4.05, 3.57, 2.57, 1.76, 1.68, 1.44, 1.43, 1.71, 1.48, 2.17, 1.8, 1.6, 1.58, 1.29, 1.38, 1.43, 1.36, 1.51, 1.86, 1.14, 0, 1.34, 1.59, 1.43, 1.54, 1.65, 2.1, 2.89, 3.16, 2.78, 2.89, 3.21, 3.92, 4.932, 7.563, 8.33, 7.606, 8.52, 10.409, 12.234, 13.167, 12.976, 13.196, 14.001, 13.5, 11.955, 11.358, 11.169, 9.193, 8.49, 8.731, 7.783, 6.717, 6.45, 6.206, 5.927, 5.17, 5.045, 5.489, 5.595, 6.268, 6.807, 6.791, 5.59, 4.23, 2.99, 2.68, 2.81, 2.75, 2.76, 2.68, 2.51, 2.46, 2.75], [4.76, 6.115, 6.36, 6.36, 5.85, 5.22, 5.09, 4.11, 4.0, 4.03, 3.81, 3.16, 3.35, 2.77, 2.11, 2.1, 2.34, 2.08, 2.27, 2.69, 2.24, 2.31, 2.38, 2.58, 2.48, 2.31, 2.445, 2.59, 2.4, 2.53, 3.08, 2.391, 1.34, 0, 0.73, 1.59, 1.98, 2.13, 2.72, 3.21, 3.36, 2.94, 2.63, 2.61, 3.08, 3.74, 6.349, 7.096, 6.372, 7.258, 9.162, 10.989, 11.929, 11.723, 11.931, 12.771, 12.266, 10.711, 10.176, 9.892, 7.991, 7.216, 7.483, 6.55, 5.583, 5.396, 5.1, 4.816, 4.17, 3.988, 4.382, 4.48, 5.228, 5.633, 5.563, 4.67, 3.77, 3.15, 3.08, 3.15, 3.13, 3.28, 3.16, 2.81, 2.64, 3.09], [4.93, 6.268, 6.514, 6.525, 6.007, 5.343, 5.26, 4.64, 4.33, 4.3, 4.1, 3.53, 3.66, 2.98, 2.16, 2.13, 2.39, 2.11, 2.34, 2.76, 2.39, 2.42, 2.53, 2.73, 2.69, 2.48, 2.632, 2.762, 2.61, 2.74, 3.25, 2.558, 1.59, 0.73, 0, 1.54, 2.03, 2.12, 2.65, 2.96, 3.23, 2.87, 2.52, 2.52, 2.77, 3.59, 6.2, 6.929, 6.205, 7.091, 8.975, 10.803, 11.742, 11.536, 11.743, 12.585, 12.081, 10.593, 10.092, 9.743, 7.885, 7.029, 7.296, 6.449, 5.605, 5.478, 5.19, 4.86, 4.22, 4.158, 4.455, 4.557, 5.261, 5.635, 5.548, 4.813, 4.16, 3.62, 3.47, 3.56, 3.52, 3.59, 3.39, 3.06, 2.85, 3.28], [6.27, 7.568, 7.85, 7.85, 7.36, 6.71, 6.52, 5.14, 4.13, 3.8, 3.76, 4.25, 4.86, 4.26, 2.86, 1.81, 1.51, 1.29, 1.62, 1.98, 2.11, 2.94, 2.49, 2.39, 2.45, 2.0, 2.07, 2.08, 1.99, 1.92, 2.39, 1.89, 1.43, 1.59, 1.54, 0, 1.13, 1.28, 1.55, 2.06, 2.67, 2.37, 2.36, 2.8, 3.51, 4.61, 7.24, 8.006, 7.3, 8.231, 10.078, 11.9, 12.819, 12.628, 12.884, 13.662, 13.158, 11.642, 11.152, 10.957, 9.002, 8.178, 8.394, 7.58, 6.765, 6.598, 6.29, 5.869, 5.5, 5.418, 5.62, 5.87, 6.558, 6.872, 6.768, 6.12, 5.06, 3.9, 3.41, 3.5, 3.36, 3.27, 3.29, 3.02, 2.69, 2.82], [6.518, 7.935, 8.118, 8.118, 7.57, 6.88, 6.63, 5.31, 4.02, 3.51, 3.55, 4.46, 4.97, 4.39, 2.97, 1.8, 1.38, 1.34, 1.59, 1.83, 2.18, 3.09, 2.68, 2.46, 2.5, 2.21, 2.14, 2.13, 2.06, 1.93, 2.18, 1.8, 1.54, 1.98, 2.03, 1.13, 0, 1.27, 1.44, 2.01, 2.84, 2.56, 2.29, 2.97, 3.8, 4.94, 7.75, 8.411, 7.83, 8.667, 10.431, 12.231, 13.081, 13.024, 13.357, 13.938, 13.471, 12.12, 11.516, 11.573, 9.354, 8.697, 8.884, 8.15, 7.286, 7.056, 6.74, 6.396, 5.762, 5.765, 6.042, 6.195, 6.888, 7.393, 7.286, 6.422, 5.31, 3.81, 3.46, 3.53, 3.35, 3.12, 3.2, 3.17, 2.78, 2.69], [6.69, 8.065, 8.31, 8.288, 7.78, 7.09, 6.86, 5.24, 4.11, 3.76, 3.68, 4.31, 5.06, 4.58, 2.72, 1.55, 1.13, 1.33, 1.52, 2.14, 2.09, 3.02, 2.65, 2.29, 2.47, 2.0, 1.97, 2.12, 2.09, 1.94, 2.25, 1.89, 1.65, 2.13, 2.12, 1.28, 1.27, 0, 1.33, 2.3, 2.99, 2.79, 2.66, 3.0, 3.91, 5.03, 7.82, 8.535, 7.92, 8.737, 10.478, 12.238, 13.199, 13.134, 13.407, 14.033, 13.566, 12.142, 11.586, 11.643, 9.444, 8.787, 8.914, 8.22, 7.427, 7.186, 6.836, 6.526, 5.9, 5.898, 6.152, 6.328, 7.018, 7.543, 7.407, 6.56, 5.1, 4.04, 3.53, 3.6, 3.42, 3.33, 3.19, 2.9, 2.63, 2.56], [7.164, 8.538, 8.784, 8.75, 8.254, 7.57, 7.363, 6.03, 4.46, 4.03, 4.09, 5.14, 5.748, 5.15, 3.69, 2.4, 1.84, 1.58, 1.97, 2.11, 2.34, 3.55, 2.98, 2.66, 2.66, 2.37, 2.16, 2.11, 2.02, 1.99, 2.34, 1.98, 2.1, 2.72, 2.65, 1.55, 1.44, 1.33, 0, 1.67, 2.62, 2.66, 2.87, 3.73, 4.56, 5.68, 8.444, 9.168, 8.521, 9.364, 11.111, 12.891, 13.815, 13.761, 13.997, 14.612, 14.165, 12.717, 12.182, 12.156, 10.071, 9.371, 9.507, 8.69, 7.88, 7.602, 7.312, 6.979, 6.434, 6.408, 6.654, 6.81, 7.471, 7.973, 7.86, 7.04, 5.97, 4.43, 4.02, 3.91, 3.79, 3.74, 3.84, 3.77, 3.38, 3.35], [7.568, 8.754, 9.137, 9.188, 8.69, 8.04, 7.918, 6.74, 5.01, 4.28, 4.62, 5.89, 6.36, 5.72, 4.48, 3.13, 2.55, 1.99, 2.7, 2.7, 3.35, 4.38, 3.83, 3.51, 3.45, 3.16, 2.91, 2.92, 2.69, 2.46, 2.57, 2.61, 2.89, 3.21, 2.96, 2.06, 2.01, 2.3, 1.67, 0, 1.63, 2.27, 3.2, 4.08, 4.63, 5.61, 8.22, 8.93, 8.24, 9.16, 10.995, 12.803, 13.722, 13.517, 13.83, 14.545, 14.061, 12.633, 12.135, 11.958, 9.948, 9.11, 9.357, 8.681, 7.997, 7.918, 7.67, 7.12, 6.86, 6.74, 6.978, 7.22, 7.76, 8.0, 8.05, 7.46, 6.66, 5.08, 4.81, 4.62, 4.3, 4.41, 4.51, 4.56, 4.19, 4.02], [7.073, 8.127, 8.57, 8.715, 8.183, 7.593, 7.503, 6.27, 4.64, 3.93, 4.21, 5.4, 5.87, 5.27, 4.57, 3.58, 3.28, 2.88, 3.49, 3.41, 4.02, 4.79, 4.34, 4.08, 4.02, 3.65, 3.4, 3.45, 3.2, 3.05, 3.14, 3.02, 3.16, 3.36, 3.23, 2.67, 2.84, 2.99, 2.62, 1.63, 0, 1.88, 3.31, 4.25, 4.82, 5.7, 8.09, 8.839, 8.11, 9.021, 10.865, 12.693, 13.632, 13.426, 13.633, 14.475, 13.971, 12.433, 12.025, 11.648, 9.907, 8.987, 9.226, 8.377, 7.673, 7.648, 7.42, 6.988, 6.725, 6.368, 6.745, 6.973, 7.57, 7.683, 7.9, 7.07, 6.17, 4.61, 4.32, 4.21, 3.97, 3.92, 4.24, 4.35, 4.12, 4.15], [6.22, 7.54, 7.84, 7.78, 7.31, 6.64, 6.47, 5.25, 3.88, 3.17, 3.41, 4.4, 4.75, 4.23, 3.47, 2.8, 2.92, 2.8, 3.25, 3.37, 3.96, 4.71, 4.38, 4.16, 4.2, 3.69, 3.56, 3.67, 3.42, 3.33, 3.5, 3.16, 2.78, 2.94, 2.87, 2.37, 2.56, 2.79, 2.66, 2.27, 1.88, 0, 1.83, 2.71, 3.58, 4.7, 7.33, 7.96, 7.21, 8.15, 10.039, 11.827, 12.766, 12.601, 12.768, 13.609, 13.105, 11.66, 11.31, 10.827, 9.12, 8.12, 8.321, 7.65, 6.78, 6.65, 6.34, 5.93, 5.51, 5.39, 5.71, 5.82, 6.59, 6.83, 6.8, 6.05, 5.13, 3.73, 3.44, 3.43, 3.23, 3.08, 3.16, 3.23, 2.94, 3.01], [5.11, 6.51, 6.73, 6.71, 6.2, 5.53, 5.34, 4.4, 3.25, 2.76, 2.76, 3.51, 3.72, 3.36, 2.64, 2.27, 2.71, 2.91, 3.24, 3.5, 3.83, 4.54, 4.25, 4.11, 4.21, 3.86, 3.85, 3.84, 3.75, 3.66, 4.07, 3.59, 2.89, 2.63, 2.52, 2.36, 2.29, 2.66, 2.87, 3.2, 3.31, 1.83, 0, 1.18, 2.07, 3.17, 5.9, 6.59, 5.9, 6.74, 8.59, 10.378, 11.311, 11.237, 11.401, 12.148, 11.678, 10.427, 9.94, 9.757, 7.71, 6.81, 7.0, 6.54, 5.75, 5.56, 5.25, 4.92, 4.3, 4.34, 4.58, 4.71, 5.42, 5.88, 5.73, 5.0, 4.22, 3.0, 2.73, 2.68, 2.6, 2.43, 2.43, 2.34, 2.01, 2.1], [4.57, 5.77, 6.07, 6.03, 5.58, 4.93, 4.92, 4.08, 3.29, 3.24, 2.98, 3.03, 3.1, 2.94, 2.24, 2.45, 3.09, 3.43, 3.6, 3.92, 3.87, 4.44, 4.27, 4.31, 4.43, 4.12, 4.17, 4.34, 4.15, 4.14, 4.635, 4.09, 3.21, 2.61, 2.52, 2.8, 2.97, 3.0, 3.73, 4.08, 4.25, 2.71, 1.18, 0, 1.21, 2.25, 5.04, 5.67, 5.08, 5.92, 7.67, 9.507, 10.416, 10.377, 10.542, 11.248, 10.778, 9.627, 9.14, 9.037, 6.85, 5.97, 6.08, 5.78, 5.03, 4.86, 4.49, 4.18, 3.68, 3.62, 3.86, 4.05, 4.72, 5.16, 5.03, 4.38, 3.7, 3.02, 2.73, 2.78, 2.7, 2.65, 2.45, 2.22, 2.03, 2.3], [4.28, 5.2, 5.56, 5.64, 5.17, 4.66, 4.87, 4.53, 4.06, 4.25, 3.87, 3.34, 3.23, 2.89, 2.61, 3.32, 3.92, 4.26, 4.61, 4.98, 4.6, 4.97, 5.06, 5.14, 5.12, 4.946, 5.076, 5.166, 5.02, 5.089, 5.656, 4.956, 3.92, 3.08, 2.77, 3.51, 3.8, 3.91, 4.56, 4.63, 4.82, 3.58, 2.07, 1.21, 0, 1.36, 4.13, 4.66, 4.35, 5.13, 6.68, 8.52, 9.416, 9.51, 9.714, 10.282, 9.812, 8.84, 8.422, 8.27, 6.12, 5.22, 5.127, 5.016, 4.36, 4.25, 3.98, 3.67, 3.35, 3.33, 3.35, 3.6, 4.17, 4.43, 4.48, 4.13, 3.93, 3.47, 3.36, 3.37, 3.35, 3.52, 3.26, 2.97, 3.0, 3.41], [3.62, 4.12, 4.6, 5.08, 4.49, 4.04, 4.33, 4.27, 4.7, 5.25, 4.61, 3.38, 3.27, 3.19, 3.29, 4.36, 5.0, 5.336, 5.698, 6.066, 5.52, 5.61, 5.959, 6.1, 6.046, 5.919, 6.089, 6.242, 6.055, 6.162, 6.712, 5.992, 4.932, 3.74, 3.59, 4.61, 4.94, 5.03, 5.68, 5.61, 5.7, 4.7, 3.17, 2.25, 1.36, 0, 2.95, 3.62, 3.55, 4.09, 5.58, 7.417, 8.293, 8.307, 8.546, 9.136, 8.643, 7.617, 7.17, 7.047, 4.9, 3.98, 4.01, 3.77, 3.3, 3.51, 3.3, 3.13, 2.83, 2.77, 2.53, 2.66, 2.99, 3.43, 3.6, 3.49, 3.49, 3.83, 3.84, 3.79, 3.93, 4.26, 4.04, 3.81, 3.96, 4.43], [3.09, 2.79, 3.17, 3.67, 3.48, 3.37, 3.8, 5.1, 7.27, 7.84, 7.2, 5.61, 4.6, 4.64, 5.68, 7.05, 7.79, 7.99, 8.342, 8.7, 8.25, 8.08, 8.586, 8.737, 8.67, 8.526, 8.723, 8.873, 8.686, 8.819, 9.343, 8.623, 7.563, 6.349, 6.2, 7.24, 7.75, 7.82, 8.444, 8.22, 8.09, 7.33, 5.9, 5.04, 4.13, 2.95, 0, 1.69, 2.04, 2.5, 3.25, 4.87, 5.72, 5.58, 5.83, 6.56, 6.07, 4.95, 4.64, 4.4, 2.77, 1.81, 1.66, 1.82, 1.93, 2.24, 2.29, 2.4, 2.94, 2.96, 2.6, 2.45, 2.2, 2.22, 2.47, 2.78, 4.84, 5.96, 5.99, 6.08, 6.48, 6.83, 6.57, 6.42, 6.57, 7.04], [3.48, 2.42, 2.64, 3.08, 3.29, 3.36, 3.81, 5.75, 8.04, 8.61, 7.97, 6.38, 5.41, 5.45, 6.41, 7.76, 8.48, 8.753, 9.089, 9.45, 8.98, 8.85, 9.353, 9.497, 9.437, 9.31, 9.48, 9.63, 9.423, 9.556, 10.11, 9.39, 8.33, 7.096, 6.929, 8.006, 8.411, 8.535, 9.168, 8.93, 8.839, 7.96, 6.59, 5.67, 4.66, 3.62, 1.69, 0, 1.19, 1.49, 2.26, 4.08, 5.05, 5.17, 5.34, 5.95, 5.42, 4.58, 4.39, 4.09, 2.58, 2.12, 1.85, 2.33, 2.5, 2.45, 2.5, 2.67, 3.53, 3.57, 3.19, 3.22, 2.71, 2.73, 2.78, 3.21, 5.61, 6.73, 6.76, 6.85, 7.25, 7.6, 7.34, 7.19, 7.34, 7.81], [2.91, 2.51, 2.81, 3.09, 2.82, 2.77, 3.12, 5.02, 7.31, 7.88, 7.24, 5.65, 5.04, 5.28, 5.74, 7.09, 7.89, 8.05, 8.402, 8.76, 8.31, 8.12, 8.629, 8.776, 8.716, 8.572, 8.761, 8.912, 8.705, 8.838, 9.386, 8.669, 7.606, 6.372, 6.205, 7.3, 7.83, 7.92, 8.521, 8.24, 8.11, 7.21, 5.9, 5.08, 4.35, 3.55, 2.04, 1.19, 0, 1.32, 3.01, 4.69, 5.74, 5.68, 5.79, 6.6, 6.03, 5.13, 4.98, 4.58, 3.25, 2.67, 2.46, 2.76, 2.67, 2.6, 2.57, 2.24, 2.96, 3.04, 2.96, 2.99, 2.64, 2.68, 2.63, 2.76, 4.88, 6.0, 6.03, 6.12, 6.52, 6.87, 6.61, 6.46, 6.63, 7.1], [3.73, 2.67, 2.83, 3.09, 3.44, 3.55, 3.94, 5.92, 8.21, 8.78, 8.14, 6.55, 5.64, 5.68, 6.6, 7.99, 8.71, 8.912, 9.265, 9.62, 9.15, 9.019, 9.531, 9.69, 9.63, 9.489, 9.676, 9.826, 9.619, 9.749, 10.297, 9.597, 8.52, 7.258, 7.091, 8.231, 8.667, 8.737, 9.364, 9.16, 9.021, 8.15, 6.74, 5.92, 5.13, 4.09, 2.5, 1.49, 1.32, 0, 2.11, 3.75, 4.84, 4.74, 4.85, 5.68, 5.15, 4.31, 4.24, 3.98, 2.89, 2.73, 2.62, 2.88, 2.83, 2.92, 2.89, 2.96, 3.7, 3.76, 3.4, 3.47, 2.82, 2.74, 2.59, 3.3, 5.78, 6.9, 6.93, 7.02, 7.42, 7.77, 7.51, 7.36, 7.51, 7.98], [5.54, 4.26, 4.04, 4.38, 5.17, 5.4, 5.79, 7.79, 10.08, 10.65, 10.01, 8.42, 7.27, 7.29, 8.45, 9.8, 10.5, 10.796, 11.152, 11.52, 10.98, 10.923, 11.424, 11.579, 11.519, 11.375, 11.565, 11.715, 11.508, 11.638, 12.186, 11.48, 10.409, 9.162, 8.975, 10.078, 10.431, 10.478, 11.111, 10.995, 10.865, 10.039, 8.59, 7.67, 6.68, 5.58, 3.25, 2.26, 3.01, 2.11, 0, 2.04, 3.25, 3.45, 3.54, 4.17, 3.8, 3.16, 3.41, 3.13, 2.54, 2.72, 2.53, 3.39, 3.92, 4.19, 4.4, 4.73, 5.57, 5.61, 5.09, 5.0, 4.35, 3.81, 3.82, 5.09, 7.67, 8.77, 8.8, 8.89, 9.29, 9.64, 9.4, 9.25, 9.4, 9.87], [7.28, 6.02, 5.8, 6.14, 6.93, 7.16, 7.59, 9.59, 11.9, 12.47, 11.81, 10.26, 9.105, 9.108, 10.29, 11.64, 12.32, 12.624, 12.98, 13.348, 12.82, 12.75, 13.249, 13.402, 13.342, 13.198, 13.388, 13.538, 13.33, 13.46, 14.008, 13.294, 12.234, 10.989, 10.803, 11.9, 12.231, 12.238, 12.891, 12.803, 12.693, 11.827, 10.378, 9.507, 8.52, 7.417, 4.87, 4.08, 4.69, 3.75, 2.04, 0, 1.59, 1.83, 1.94, 2.61, 2.62, 2.7, 2.95, 2.57, 3.14, 3.84, 3.65, 4.55, 5.68, 5.93, 6.14, 6.47, 7.33, 7.37, 6.85, 6.8, 6.13, 5.59, 5.52, 6.89, 9.505, 10.57, 10.62, 10.71, 11.11, 11.48, 11.235, 11.085, 11.235, 11.705], [8.17, 6.95, 6.71, 7.05, 7.84, 8.07, 8.52, 10.52, 12.83, 13.4, 12.74, 11.19, 10.04, 10.047, 11.22, 12.57, 13.21, 13.563, 13.919, 14.287, 13.75, 13.69, 14.191, 14.335, 14.275, 14.13, 14.32, 14.47, 14.263, 14.393, 14.947, 14.227, 13.167, 11.929, 11.742, 12.819, 13.081, 13.199, 13.815, 13.722, 13.632, 12.766, 11.311, 10.416, 9.416, 8.293, 5.72, 5.05, 5.74, 4.84, 3.25, 1.59, 0, 0.96, 0.79, 1.16, 1.45, 1.81, 2.1, 2.12, 4.01, 4.73, 4.56, 5.46, 6.57, 6.84, 7.07, 7.36, 8.22, 8.26, 7.78, 7.73, 7.06, 6.52, 6.45, 7.82, 10.44, 11.5, 11.55, 11.64, 12.04, 12.41, 12.17, 12.02, 12.17, 12.64], [7.95, 6.73, 6.49, 6.83, 7.62, 7.85, 8.3, 10.3, 12.61, 13.18, 12.52, 10.97, 9.82, 9.84, 11.0, 12.35, 13.11, 13.363, 13.719, 14.08, 13.59, 13.485, 13.991, 14.144, 14.084, 13.94, 14.13, 14.279, 14.073, 14.203, 14.75, 14.036, 12.976, 11.723, 11.536, 12.628, 13.024, 13.134, 13.761, 13.517, 13.426, 12.601, 11.237, 10.377, 9.51, 8.307, 5.58, 5.17, 5.68, 4.74, 3.45, 1.83, 0.96, 0, 0.89, 1.48, 1.61, 1.73, 2.16, 1.98, 3.85, 4.55, 4.56, 5.26, 6.35, 6.62, 6.85, 7.12, 8.0, 8.04, 7.56, 7.51, 6.84, 6.3, 6.23, 7.6, 10.22, 11.28, 11.33, 11.42, 11.82, 12.19, 11.95, 11.8, 11.95, 12.42], [8.16, 6.94, 6.7, 7.04, 7.83, 8.06, 8.51, 10.51, 12.82, 13.39, 12.73, 11.18, 10.03, 10.049, 11.25, 12.64, 13.38, 13.588, 13.941, 14.29, 13.76, 13.692, 14.208, 14.355, 14.295, 14.159, 14.343, 14.491, 14.289, 14.414, 14.976, 14.256, 13.196, 11.931, 11.743, 12.884, 13.357, 13.407, 13.997, 13.83, 13.633, 12.768, 11.401, 10.542, 9.714, 8.546, 5.83, 5.34, 5.79, 4.85, 3.54, 1.94, 0.79, 0.89, 0, 1.25, 1.58, 1.78, 2.19, 2.13, 4.08, 4.78, 4.65, 5.45, 6.56, 6.83, 7.06, 7.35, 8.21, 8.25, 7.77, 7.72, 7.05, 6.51, 6.44, 7.81, 10.43, 11.49, 11.54, 11.63, 12.03, 12.4, 12.16, 12.01, 12.16, 12.67], [9.01, 7.79, 7.55, 7.89, 8.68, 8.91, 9.36, 11.36, 13.67, 14.24, 13.58, 12.03, 10.88, 10.89, 12.06, 13.41, 14.05, 14.405, 14.761, 15.129, 14.58, 14.532, 15.031, 15.166, 15.106, 14.962, 15.151, 15.301, 15.094, 15.225, 15.781, 15.061, 14.001, 12.771, 12.585, 13.662, 13.938, 14.033, 14.612, 14.545, 14.475, 13.609, 12.148, 11.248, 10.282, 9.136, 6.56, 5.95, 6.6, 5.68, 4.17, 2.61, 1.16, 1.48, 1.25, 0, 0.85, 2.11, 2.72, 2.92, 4.85, 5.57, 5.4, 6.3, 7.41, 7.68, 7.91, 8.18, 9.06, 9.1, 8.62, 8.57, 7.9, 7.38, 7.31, 8.66, 11.28, 12.34, 12.39, 12.48, 12.88, 13.25, 13.01, 12.86, 13.01, 13.48], [8.5, 7.28, 7.04, 7.4, 8.17, 8.4, 8.85, 10.85, 13.16, 13.73, 13.07, 11.52, 10.37, 10.386, 11.55, 12.9, 13.54, 13.902, 14.256, 14.625, 14.08, 14.028, 14.526, 14.668, 14.608, 14.463, 14.653, 14.803, 14.596, 14.726, 15.28, 14.56, 13.5, 12.266, 12.081, 13.158, 13.471, 13.566, 14.165, 14.061, 13.971, 13.105, 11.678, 10.778, 9.812, 8.643, 6.07, 5.42, 6.03, 5.15, 3.8, 2.62, 1.45, 1.61, 1.58, 0.85, 0, 1.6, 2.23, 2.41, 4.36, 5.08, 4.89, 5.79, 6.9, 7.17, 7.4, 7.67, 8.55, 8.59, 8.11, 8.06, 7.41, 6.95, 6.94, 8.17, 10.77, 11.83, 11.88, 11.97, 12.37, 12.74, 12.5, 12.35, 12.5, 12.97], [6.94, 5.72, 5.48, 5.82, 6.61, 6.84, 7.29, 9.29, 11.6, 12.17, 11.51, 9.96, 8.81, 8.829, 10.01, 11.46, 12.22, 12.38, 12.721, 13.069, 12.52, 12.471, 12.969, 13.126, 13.066, 12.959, 13.132, 13.262, 13.063, 13.228, 13.735, 13.03, 11.955, 10.711, 10.593, 11.642, 12.12, 12.142, 12.717, 12.633, 12.433, 11.66, 10.427, 9.627, 8.84, 7.617, 4.95, 4.58, 5.13, 4.31, 3.16, 2.7, 1.81, 1.73, 1.78, 2.11, 1.6, 0, 0.95, 1.27, 3.0, 3.82, 3.95, 4.23, 5.34, 5.61, 5.84, 6.11, 6.99, 7.03, 6.55, 6.5, 5.85, 5.41, 5.4, 6.61, 9.21, 10.27, 10.32, 10.41, 10.81, 11.18, 10.94, 10.79, 10.94, 11.43], [6.29, 5.07, 4.83, 5.21, 5.96, 6.19, 6.64, 8.64, 10.95, 11.52, 10.86, 9.31, 8.16, 8.18, 9.36, 10.81, 11.67, 11.81, 12.074, 12.42, 11.91, 11.819, 12.335, 12.512, 12.425, 12.355, 12.535, 12.668, 12.518, 12.628, 13.111, 12.38, 11.358, 10.176, 10.092, 11.152, 11.516, 11.586, 12.182, 12.135, 12.025, 11.31, 9.94, 9.14, 8.422, 7.17, 4.64, 4.39, 4.98, 4.24, 3.41, 2.95, 2.1, 2.16, 2.19, 2.72, 2.23, 0.95, 0, 1.02, 2.41, 3.53, 3.78, 3.8, 4.81, 5.0, 5.21, 5.54, 6.34, 6.38, 5.9, 5.87, 5.22, 4.88, 4.87, 5.96, 8.56, 9.62, 9.67, 9.76, 10.16, 10.53, 10.29, 10.14, 10.29, 10.78], [6.17, 4.89, 4.67, 5.09, 5.82, 6.03, 6.5, 8.46, 10.77, 11.34, 10.68, 9.13, 7.98, 8.0, 9.38, 10.79, 11.67, 11.687, 11.977, 12.3, 11.87, 11.653, 12.169, 12.329, 12.269, 12.159, 12.332, 12.473, 12.274, 12.416, 12.943, 12.229, 11.169, 9.892, 9.743, 10.957, 11.573, 11.643, 12.156, 11.958, 11.648, 10.827, 9.757, 9.037, 8.27, 7.047, 4.4, 4.09, 4.58, 3.98, 3.13, 2.57, 2.12, 1.98, 2.13, 2.92, 2.41, 1.27, 1.02, 0, 2.37, 3.11, 3.42, 3.54, 4.59, 4.86, 5.13, 5.42, 6.22, 6.24, 5.76, 5.67, 5.1, 4.64, 4.67, 5.84, 8.38, 9.44, 9.49, 9.58, 9.98, 10.35, 10.11, 9.98, 10.17, 10.76], [4.4, 3.06, 2.96, 3.46, 4.11, 4.2, 4.55, 6.51, 8.82, 9.39, 8.75, 7.22, 6.03, 6.049, 7.25, 8.66, 9.44, 9.62, 9.935, 10.29, 9.82, 9.692, 10.204, 10.364, 10.303, 10.194, 10.387, 10.5, 10.331, 10.461, 10.99, 10.267, 9.193, 7.991, 7.885, 9.002, 9.354, 9.444, 10.071, 9.948, 9.907, 9.12, 7.71, 6.85, 6.12, 4.9, 2.77, 2.58, 3.25, 2.89, 2.54, 3.14, 4.01, 3.85, 4.08, 4.85, 4.36, 3.0, 2.41, 2.37, 0, 1.48, 1.71, 1.89, 2.8, 3.05, 3.3, 3.65, 4.39, 4.43, 3.85, 3.84, 3.29, 3.07, 3.24, 4.03, 6.45, 7.49, 7.54, 7.63, 8.03, 8.4, 8.16, 8.01, 8.16, 8.63], [3.66, 2.9, 2.98, 3.52, 3.91, 3.76, 4.27, 5.87, 8.1, 8.67, 8.01, 6.48, 5.31, 5.33, 6.57, 7.94, 8.72, 8.911, 9.218, 9.59, 9.16, 8.978, 9.493, 9.651, 9.591, 9.447, 9.637, 9.788, 9.581, 9.711, 10.258, 9.55, 8.49, 7.216, 7.029, 8.178, 8.697, 8.787, 9.371, 9.11, 8.987, 8.12, 6.81, 5.97, 5.22, 3.98, 1.81, 2.12, 2.67, 2.73, 2.72, 3.84, 4.73, 4.55, 4.78, 5.57, 5.08, 3.82, 3.53, 3.11, 1.48, 0, 0.87, 1.21, 2.08, 2.39, 2.6, 2.83, 3.63, 3.67, 3.23, 3.18, 2.83, 2.59, 2.82, 3.47, 5.71, 6.77, 6.82, 6.91, 7.31, 7.68, 7.44, 7.31, 7.46, 7.93], [3.95, 3.11, 3.25, 3.83, 4.08, 3.99, 4.4, 6.08, 8.37, 8.94, 8.28, 6.75, 5.58, 5.6, 6.78, 8.15, 8.89, 9.138, 9.493, 9.84, 9.31, 9.245, 9.745, 9.902, 9.842, 9.703, 9.887, 10.037, 9.839, 9.964, 10.511, 9.803, 8.731, 7.483, 7.296, 8.394, 8.884, 8.914, 9.507, 9.357, 9.226, 8.321, 7.0, 6.08, 5.127, 4.01, 1.66, 1.85, 2.46, 2.62, 2.53, 3.65, 4.56, 4.56, 4.65, 5.4, 4.89, 3.95, 3.78, 3.42, 1.71, 0.87, 0, 1.32, 2.29, 2.64, 2.83, 3.1, 3.94, 3.94, 3.48, 3.45, 3.08, 2.84, 3.07, 3.8, 5.98, 7.04, 7.09, 7.18, 7.58, 7.95, 7.71, 7.56, 7.71, 8.2], [3.07, 2.23, 2.51, 3.03, 3.18, 2.91, 3.4, 5.06, 7.37, 7.94, 7.28, 5.73, 4.58, 4.6, 5.92, 7.49, 8.35, 8.33, 8.577, 8.84, 8.33, 8.245, 8.761, 8.908, 8.875, 8.758, 8.941, 9.067, 8.877, 9.031, 9.543, 8.817, 7.783, 6.55, 6.449, 7.58, 8.15, 8.22, 8.69, 8.681, 8.377, 7.65, 6.54, 5.78, 5.016, 3.77, 1.82, 2.33, 2.76, 2.88, 3.39, 4.55, 5.46, 5.26, 5.45, 6.3, 5.79, 4.23, 3.8, 3.54, 1.89, 1.21, 1.32, 0, 1.31, 1.72, 1.95, 2.26, 3.08, 2.96, 2.56, 2.55, 2.24, 2.0, 2.25, 2.9, 4.98, 6.04, 6.09, 6.18, 6.58, 6.95, 6.71, 6.56, 6.79, 7.4], [1.82, 1.58, 1.76, 2.12, 2.17, 1.86, 2.39, 3.99, 6.26, 6.83, 6.17, 4.62, 3.47, 3.51, 5.11, 6.68, 7.56, 7.46, 7.607, 7.81, 7.32, 7.17, 7.673, 7.851, 7.8, 7.71, 7.874, 8.002, 7.812, 8.027, 8.472, 7.774, 6.717, 5.583, 5.605, 6.765, 7.286, 7.427, 7.88, 7.997, 7.673, 6.78, 5.75, 5.03, 4.36, 3.3, 1.93, 2.5, 2.67, 2.83, 3.92, 5.68, 6.57, 6.35, 6.56, 7.41, 6.9, 5.34, 4.81, 4.59, 2.8, 2.08, 2.29, 1.31, 0, 0.79, 1.04, 1.31, 2.01, 1.77, 1.59, 1.62, 1.53, 1.17, 1.46, 1.73, 3.87, 4.93, 4.98, 5.07, 5.47, 5.84, 5.64, 5.53, 5.8, 6.45], [1.57, 1.55, 1.59, 1.69, 1.88, 1.73, 2.18, 3.74, 5.99, 6.56, 5.9, 4.35, 3.24, 3.34, 4.86, 6.45, 7.35, 7.25, 7.343, 7.5, 7.03, 6.88, 7.403, 7.59, 7.53, 7.44, 7.65, 7.736, 7.566, 7.803, 8.206, 7.49, 6.45, 5.396, 5.478, 6.598, 7.056, 7.186, 7.602, 7.918, 7.648, 6.65, 5.56, 4.86, 4.25, 3.51, 2.24, 2.45, 2.6, 2.92, 4.19, 5.93, 6.84, 6.62, 6.83, 7.68, 7.17, 5.61, 5.0, 4.86, 3.05, 2.39, 2.64, 1.72, 0.79, 0, 0.57, 0.98, 1.72, 1.56, 1.6, 1.75, 1.62, 1.32, 1.51, 1.38, 3.6, 4.66, 4.71, 4.8, 5.2, 5.57, 5.37, 5.2, 5.47, 6.12], [1.58, 1.74, 1.88, 1.94, 1.91, 1.76, 2.21, 3.57, 5.76, 6.33, 5.67, 4.12, 3.19, 3.29, 4.49, 6.08, 7.0, 6.94, 7.03, 7.27, 6.76, 6.65, 7.173, 7.351, 7.3, 7.19, 7.38, 7.506, 7.336, 7.476, 7.956, 7.252, 6.206, 5.1, 5.19, 6.29, 6.74, 6.836, 7.312, 7.67, 7.42, 6.34, 5.25, 4.49, 3.98, 3.3, 2.29, 2.5, 2.57, 2.89, 4.4, 6.14, 7.07, 6.85, 7.06, 7.91, 7.4, 5.84, 5.21, 5.13, 3.3, 2.6, 2.83, 1.95, 1.04, 0.57, 0, 0.85, 1.53, 1.37, 1.55, 1.7, 1.61, 1.45, 1.46, 1.39, 3.37, 4.43, 4.48, 4.57, 4.97, 5.34, 5.14, 4.97, 5.24, 5.89], [1.31, 1.95, 2.23, 2.27, 2.0, 1.63, 2.1, 3.38, 5.49, 6.06, 5.4, 3.85, 3.06, 3.32, 4.2, 5.79, 6.69, 6.61, 6.763, 7.02, 6.57, 6.4, 6.889, 7.086, 6.986, 6.94, 7.13, 7.222, 7.072, 7.283, 7.672, 7.004, 5.927, 4.816, 4.86, 5.869, 6.396, 6.526, 6.979, 7.12, 6.988, 5.93, 4.92, 4.18, 3.67, 3.13, 2.4, 2.67, 2.24, 2.96, 4.73, 6.47, 7.36, 7.12, 7.35, 8.18, 7.67, 6.11, 5.54, 5.42, 3.65, 2.83, 3.1, 2.26, 1.31, 0.98, 0.85, 0, 1.26, 1.28, 1.54, 1.81, 1.8, 1.68, 1.69, 1.32, 3.1, 4.16, 4.21, 4.3, 4.7, 5.07, 4.83, 4.68, 4.89, 5.5], [1.23, 2.31, 2.51, 2.51, 2.04, 1.67, 2.1, 2.74, 4.61, 5.18, 4.56, 2.97, 2.44, 2.66, 3.52, 5.09, 6.01, 5.99, 5.992, 6.18, 5.79, 5.5, 6.09, 6.29, 6.17, 6.16, 6.37, 6.492, 6.43, 6.492, 6.896, 6.17, 5.17, 4.17, 4.22, 5.5, 5.762, 5.9, 6.434, 6.86, 6.725, 5.51, 4.3, 3.68, 3.35, 2.83, 2.94, 3.53, 2.96, 3.7, 5.57, 7.33, 8.22, 8.0, 8.21, 9.06, 8.55, 6.99, 6.34, 6.22, 4.39, 3.63, 3.94, 3.08, 2.01, 1.72, 1.53, 1.26, 0, 0.84, 1.12, 1.29, 1.46, 2.06, 2.01, 1.18, 2.26, 3.28, 3.43, 3.46, 3.94, 4.21, 3.97, 3.92, 4.11, 4.66], [1.21, 2.25, 2.51, 2.61, 2.1, 1.69, 2.08, 2.52, 4.57, 5.14, 4.48, 2.99, 2.74, 2.82, 3.76, 5.13, 6.03, 5.99, 5.997, 6.24, 5.77, 5.54, 5.993, 6.169, 6.11, 6.02, 6.19, 6.329, 6.182, 6.329, 6.77, 6.084, 5.045, 3.988, 4.158, 5.418, 5.765, 5.898, 6.408, 6.74, 6.368, 5.39, 4.34, 3.62, 3.33, 2.77, 2.96, 3.57, 3.04, 3.76, 5.61, 7.37, 8.26, 8.04, 8.25, 9.1, 8.59, 7.03, 6.38, 6.24, 4.43, 3.67, 3.94, 2.96, 1.77, 1.56, 1.37, 1.28, 0.84, 0, 1.06, 1.25, 1.56, 1.94, 1.99, 1.26, 2.34, 3.24, 3.29, 3.38, 3.78, 4.15, 3.99, 3.88, 4.19, 4.84], [1.61, 2.15, 2.45, 2.71, 2.4, 2.07, 2.5, 2.96, 5.05, 5.62, 4.96, 3.43, 3.0, 3.04, 3.82, 5.39, 6.29, 6.25, 6.283, 6.54, 6.11, 5.94, 6.446, 6.643, 6.563, 6.48, 6.67, 6.809, 6.682, 6.769, 7.229, 6.515, 5.489, 4.382, 4.455, 5.62, 6.042, 6.152, 6.654, 6.978, 6.745, 5.71, 4.58, 3.86, 3.35, 2.53, 2.6, 3.19, 2.96, 3.4, 5.09, 6.85, 7.78, 7.56, 7.77, 8.62, 8.11, 6.55, 5.9, 5.76, 3.85, 3.23, 3.48, 2.56, 1.59, 1.6, 1.55, 1.54, 1.12, 1.06, 0, 0.77, 1.16, 1.64, 1.81, 1.34, 2.86, 3.72, 3.77, 3.86, 4.26, 4.63, 4.39, 4.24, 4.49, 5.12], [1.6, 2.22, 2.44, 2.74, 2.29, 2.02, 2.51, 2.99, 5.1, 5.67, 5.03, 3.48, 3.23, 3.25, 3.89, 5.5, 6.4, 6.4, 6.402, 6.71, 6.28, 5.99, 6.517, 6.676, 6.634, 6.59, 6.699, 6.85, 6.72, 6.81, 7.3, 6.58, 5.595, 4.48, 4.557, 5.87, 6.195, 6.328, 6.81, 7.22, 6.973, 5.82, 4.71, 4.05, 3.6, 2.66, 2.45, 3.22, 2.99, 3.47, 5.0, 6.8, 7.73, 7.51, 7.72, 8.57, 8.06, 6.5, 5.87, 5.67, 3.84, 3.18, 3.45, 2.55, 1.62, 1.75, 1.7, 1.81, 1.29, 1.25, 0.77, 0, 1.09, 1.73, 1.8, 1.45, 3.05, 3.79, 3.82, 3.91, 4.31, 4.68, 4.48, 4.39, 4.64, 5.27], [1.69, 1.79, 1.99, 2.37, 2.12, 2.15, 2.6, 3.6, 5.81, 6.38, 5.74, 4.15, 3.3, 3.34, 4.54, 6.17, 7.11, 7.07, 7.066, 7.32, 6.91, 6.656, 7.192, 7.39, 7.289, 7.32, 7.45, 7.598, 7.488, 7.558, 7.993, 7.278, 6.268, 5.228, 5.261, 6.558, 6.888, 7.018, 7.471, 7.76, 7.57, 6.59, 5.42, 4.72, 4.17, 2.99, 2.2, 2.71, 2.64, 2.82, 4.35, 6.13, 7.06, 6.84, 7.05, 7.9, 7.41, 5.85, 5.22, 5.1, 3.29, 2.83, 3.08, 2.24, 1.53, 1.62, 1.61, 1.8, 1.46, 1.56, 1.16, 1.09, 0, 1.14, 1.21, 1.18, 3.42, 4.5, 4.53, 4.64, 5.06, 5.37, 5.11, 4.98, 5.23, 5.84], [1.99, 2.03, 2.07, 2.23, 2.28, 2.45, 2.88, 4.1, 6.33, 6.94, 6.26, 4.67, 3.52, 3.54, 5.22, 6.81, 7.71, 7.61, 7.68, 7.92, 7.49, 7.2, 7.738, 7.895, 7.835, 7.76, 7.947, 8.031, 7.861, 8.063, 8.541, 7.867, 6.807, 5.633, 5.635, 6.872, 7.393, 7.543, 7.973, 8.0, 7.683, 6.83, 5.88, 5.16, 4.43, 3.43, 2.22, 2.73, 2.68, 2.74, 3.81, 5.59, 6.52, 6.3, 6.51, 7.38, 6.95, 5.41, 4.88, 4.64, 3.07, 2.59, 2.84, 2.0, 1.17, 1.32, 1.45, 1.68, 2.06, 1.94, 1.64, 1.73, 1.14, 0, 0.87, 1.34, 3.92, 5.02, 5.05, 5.14, 5.54, 5.89, 5.69, 5.58, 5.87, 6.5], [2.18, 2.12, 2.08, 2.24, 2.17, 2.44, 2.75, 4.15, 6.42, 6.99, 6.35, 4.76, 3.71, 3.75, 5.09, 6.66, 7.54, 7.44, 7.627, 7.95, 7.52, 7.27, 7.788, 7.945, 7.885, 7.81, 7.982, 8.08, 7.905, 8.087, 8.559, 7.891, 6.791, 5.563, 5.548, 6.768, 7.286, 7.407, 7.86, 8.05, 7.9, 6.8, 5.73, 5.03, 4.48, 3.6, 2.47, 2.78, 2.63, 2.59, 3.82, 5.52, 6.45, 6.23, 6.44, 7.31, 6.94, 5.4, 4.87, 4.67, 3.24, 2.82, 3.07, 2.25, 1.46, 1.51, 1.46,