[[0, 0.87, 1.65, 1.96, 1.58, 2.55, 2.64, 2.54, 2.72, 2.6, 2.22, 1.9, 1.8, 1.72, 2.97, 3.26, 3.8, 4.39, 6.47, 7.791, 7.44, 7.02, 7.33, 7.61, 7.32, 6.16, 5.36, 5.09, 5.11, 6.01, 6.89, 6.32, 5.18, 6.27, 5.55, 5.28, 6.91, 8.09, 9.22, 9.13, 8.75, 8.83, 8.47, 8.13, 7.19, 6.85, 6.69, 6.12, 6.07, 6.62, 6.55, 5.08, 3.07, 2.62, 2.61, 2.5, 2.64, 2.16, 3.02, 4.22, 3.48, 3.29, 3.53, 4.11, 5.02, 5.42, 5.3, 4.93, 4.62, 4.49, 4.25, 4.44, 4.92, 5.37, 5.22, 4.72, 4.17, 4.18, 4.53, 4.2, 3.6, 3.46, 3.76, 3.44, 3.46, 3.41], [0.87, 0, 1.56, 1.91, 1.37, 2.04, 1.99, 1.97, 2.25, 1.99, 1.61, 1.39, 1.73, 1.49, 2.38, 2.75, 3.27, 3.8, 5.86, 7.201, 6.87, 6.45, 6.78, 7.12, 6.77, 5.61, 4.81, 4.54, 4.52, 5.42, 6.3, 5.73, 4.65, 5.7, 4.98, 4.75, 6.38, 7.56, 8.71, 8.66, 8.3, 8.4, 8.02, 7.66, 6.72, 6.26, 6.12, 5.53, 5.48, 6.03, 5.96, 4.49, 2.66, 2.29, 2.3, 2.17, 2.35, 2.01, 3.054, 4.234, 3.49, 3.36, 3.62, 4.16, 5.102, 5.55, 5.39, 4.92, 4.59, 4.36, 4.26, 4.41, 4.89, 5.38, 5.21, 4.71, 4.14, 4.07, 4.38, 3.99, 3.37, 3.29, 3.57, 3.29, 3.29, 3.1], [1.65, 1.56, 0, 0.91, 1.37, 2.22, 2.55, 2.71, 2.73, 2.45, 2.27, 1.71, 1.41, 2.01, 3.28, 3.59, 4.09, 4.62, 6.788, 8.078, 7.732, 7.324, 7.62, 7.98, 7.67, 6.51, 5.65, 5.36, 5.46, 6.32, 7.22, 6.65, 5.55, 6.6, 5.84, 5.57, 7.22, 8.4, 9.57, 9.54, 9.18, 9.28, 8.9, 8.54, 7.62, 7.18, 6.96, 6.39, 6.34, 6.89, 6.82, 5.33, 2.9, 1.97, 2.1, 1.93, 1.91, 1.49, 1.79, 3.05, 2.21, 2.16, 2.48, 3.1, 3.97, 4.37, 4.23, 3.68, 3.27, 3.08, 2.98, 3.11, 3.57, 4.1, 3.89, 3.43, 2.9, 2.83, 3.1, 2.79, 2.45, 2.77, 3.07, 2.57, 2.45, 2.36], [1.96, 1.91, 0.91, 0, 1.3, 2.25, 2.879, 2.94, 2.84, 2.58, 2.54, 1.94, 1.7, 2.28, 3.45, 3.78, 4.38, 5.05, 7.101, 8.439, 8.102, 7.711, 7.998, 8.358, 8.048, 6.96, 6.02, 5.69, 5.71, 6.59, 7.49, 6.92, 5.92, 6.95, 6.15, 5.9, 7.569, 8.752, 9.905, 9.918, 9.641, 9.741, 9.361, 8.964, 8.024, 7.53, 7.35, 6.7, 6.669, 7.219, 7.149, 5.64, 3.13, 1.96, 2.07, 1.98, 1.76, 1.38, 1.42, 2.62, 1.8, 1.91, 2.11, 2.69, 3.56, 4.06, 3.88, 3.25, 2.84, 2.83, 2.81, 2.66, 3.18, 3.67, 3.56, 3.0, 2.61, 2.76, 2.93, 2.78, 2.64, 2.8, 3.12, 2.68, 2.66, 2.39], [1.58, 1.37, 1.37, 1.3, 0, 1.51, 1.92, 1.92, 1.8, 1.76, 1.62, 1.4, 1.8, 1.52, 2.53, 2.84, 3.42, 4.07, 6.101, 7.451, 7.12, 6.694, 7.075, 7.444, 7.105, 5.98, 5.08, 4.77, 4.71, 5.59, 6.49, 5.92, 4.98, 5.97, 5.21, 4.98, 6.649, 7.832, 8.985, 8.995, 8.704, 8.804, 8.424, 8.027, 7.107, 6.55, 6.39, 5.7, 5.67, 6.22, 6.15, 4.64, 2.53, 1.66, 1.51, 1.46, 1.32, 1.02, 2.08, 3.32, 2.46, 2.47, 2.77, 3.37, 4.24, 4.72, 4.56, 3.99, 3.62, 3.67, 3.49, 3.52, 4.0, 4.43, 4.34, 3.74, 3.31, 3.34, 3.71, 3.4, 3.0, 3.22, 3.5, 3.0, 3.0, 2.71], [2.55, 2.04, 2.22, 2.25, 1.51, 0, 1.07, 1.19, 1.33, 0.97, 1.23, 1.67, 2.47, 1.83, 2.28, 2.17, 2.65, 3.16, 4.983, 6.336, 5.95, 5.67, 5.9, 6.26, 5.904, 4.85, 3.97, 3.64, 3.7, 4.54, 5.46, 4.85, 3.97, 4.92, 4.04, 3.91, 5.46, 6.64, 7.802, 7.8, 7.56, 7.654, 7.274, 6.886, 5.96, 5.38, 5.28, 4.57, 4.54, 5.07, 5.0, 3.55, 2.38, 1.81, 1.54, 1.75, 1.73, 1.77, 2.83, 4.25, 3.25, 3.16, 3.68, 4.36, 5.21, 5.59, 5.39, 4.7, 4.13, 4.18, 4.12, 4.09, 4.37, 4.92, 4.89, 4.41, 3.78, 4.01, 4.0, 3.71, 3.39, 3.71, 3.81, 3.31, 3.29, 2.54], [2.64, 1.99, 2.55, 2.879, 1.92, 1.07, 0, 0.86, 1.18, 0.98, 0.98, 1.64, 2.46, 1.8, 1.85, 1.88, 2.32, 2.89, 4.35, 5.686, 5.268, 4.98, 5.33, 5.71, 5.36, 4.26, 3.42, 3.17, 3.21, 3.97, 4.83, 4.26, 3.4, 4.37, 3.55, 3.34, 4.89, 6.07, 7.2, 7.23, 6.99, 7.07, 6.69, 6.33, 5.37, 4.87, 4.83, 4.02, 3.91, 4.38, 4.31, 3.0, 2.19, 2.0, 1.69, 1.82, 2.14, 2.34, 3.58, 4.94, 4.0, 3.87, 4.37, 4.99, 5.88, 6.2, 6.06, 5.31, 4.64, 4.49, 4.51, 4.66, 5.04, 5.63, 5.4, 5.02, 4.27, 4.26, 4.37, 4.04, 3.98, 4.3, 4.42, 3.92, 3.92, 3.09], [2.54, 1.97, 2.71, 2.94, 1.92, 1.19, 0.86, 0, 0.94, 0.96, 0.88, 1.78, 2.56, 1.82, 1.67, 1.62, 2.2, 2.83, 4.27, 5.646, 5.22, 5.0, 5.27, 5.59, 5.26, 4.14, 3.24, 2.95, 3.01, 3.83, 4.71, 4.14, 3.34, 4.23, 3.41, 3.3, 4.79, 5.95, 7.112, 7.15, 6.87, 6.97, 6.59, 6.23, 5.31, 4.75, 4.63, 3.88, 3.81, 4.34, 4.27, 2.88, 2.17, 2.14, 1.89, 2.06, 2.32, 2.34, 3.54, 4.92, 3.92, 3.83, 4.33, 5.01, 5.9, 6.28, 6.08, 5.39, 4.76, 4.71, 4.61, 4.8, 4.98, 5.55, 5.48, 5.04, 4.35, 4.5, 4.57, 4.3, 4.06, 4.48, 4.6, 4.04, 4.06, 3.27], [2.72, 2.25, 2.73, 2.84, 1.8, 1.33, 1.18, 0.94, 0, 0.8, 1.18, 1.96, 2.84, 2.06, 1.75, 1.8, 2.28, 2.85, 4.527, 5.877, 5.511, 5.16, 5.561, 5.924, 5.591, 4.5, 3.6, 3.25, 3.25, 4.07, 4.97, 4.4, 3.56, 4.51, 3.69, 3.4, 5.07, 6.258, 7.434, 7.461, 7.224, 7.324, 6.944, 6.547, 5.627, 5.05, 4.93, 4.12, 4.03, 4.56, 4.49, 3.14, 2.67, 2.48, 1.99, 2.08, 2.26, 2.34, 3.44, 4.74, 3.84, 3.75, 4.25, 4.79, 5.72, 6.02, 5.92, 5.27, 4.82, 4.83, 4.63, 4.82, 5.14, 5.61, 5.44, 4.96, 4.53, 4.64, 4.83, 4.5, 4.2, 4.3, 4.46, 3.98, 3.98, 3.35], [2.6, 1.99, 2.45, 2.58, 1.76, 0.97, 0.98, 0.96, 0.8, 0, 0.94, 1.62, 2.64, 1.98, 1.79, 1.84, 2.26, 2.81, 4.607, 5.957, 5.588, 5.22, 5.621, 5.984, 5.651, 4.56, 3.66, 3.31, 3.33, 4.13, 5.05, 4.46, 3.6, 4.55, 3.75, 3.48, 5.15, 6.338, 7.494, 7.538, 7.284, 7.384, 7.004, 6.607, 5.687, 5.13, 4.99, 4.2, 4.11, 4.66, 4.59, 3.12, 2.63, 2.28, 1.83, 1.94, 2.06, 2.1, 3.4, 4.74, 3.84, 3.73, 4.21, 4.81, 5.72, 6.02, 5.92, 5.21, 4.68, 4.55, 4.49, 4.62, 5.04, 5.61, 5.3, 4.88, 4.25, 4.46, 4.63, 4.24, 3.94, 4.06, 4.18, 3.66, 3.66, 3.01], [2.22, 1.61, 2.27, 2.54, 1.62, 1.23, 0.98, 0.88, 1.18, 0.94, 0, 1.26, 2.08, 1.38, 1.41, 1.64, 2.12, 2.71, 4.618, 5.968, 5.633, 5.251, 5.561, 5.921, 5.591, 4.5, 3.6, 3.25, 3.27, 4.15, 5.05, 4.48, 3.54, 4.49, 3.69, 3.48, 5.146, 6.329, 7.494, 7.478, 7.221, 7.321, 6.941, 6.544, 5.607, 5.03, 4.91, 4.22, 4.19, 4.74, 4.67, 3.2, 2.29, 2.2, 1.85, 1.9, 2.2, 2.12, 3.32, 4.7, 3.82, 3.77, 4.17, 4.79, 5.68, 6.08, 5.96, 5.27, 4.84, 4.51, 4.51, 4.68, 5.08, 5.63, 5.42, 4.94, 4.41, 4.4, 4.59, 4.18, 3.84, 4.14, 4.26, 3.76, 3.74, 3.25], [1.9, 1.39, 1.71, 1.94, 1.4, 1.67, 1.64, 1.78, 1.96, 1.62, 1.26, 0, 1.32, 1.14, 2.01, 2.32, 2.74, 3.39, 5.424, 6.762, 6.425, 6.025, 6.378, 6.738, 6.408, 5.3, 4.4, 4.07, 4.09, 4.93, 5.83, 5.24, 4.3, 5.29, 4.51, 4.26, 5.93, 7.115, 8.268, 8.298, 8.021, 8.121, 7.741, 7.344, 6.404, 5.87, 5.71, 5.02, 4.99, 5.54, 5.47, 3.96, 2.03, 1.78, 1.61, 1.56, 1.84, 1.68, 2.92, 4.28, 3.4, 3.45, 3.81, 4.43, 5.3, 5.74, 5.58, 4.93, 4.44, 4.13, 4.23, 4.34, 4.82, 5.35, 5.08, 4.64, 4.09, 3.88, 4.13, 3.82, 3.52, 3.82, 4.04, 3.62, 3.64, 3.23], [1.8, 1.73, 1.41, 1.7, 1.8, 2.47, 2.46, 2.56, 2.84, 2.64, 2.08, 1.32, 0, 1.46, 2.53, 2.68, 3.22, 3.83, 5.938, 7.27, 6.93, 6.51, 6.852, 7.212, 6.882, 5.719, 4.84, 4.55, 4.53, 5.43, 6.33, 5.76, 4.7, 5.73, 4.99, 4.78, 6.446, 7.629, 8.782, 8.772, 8.415, 8.515, 8.135, 7.775, 6.812, 6.31, 6.11, 5.54, 5.51, 6.06, 5.99, 4.48, 2.15, 2.04, 2.11, 1.98, 2.26, 2.08, 2.64, 3.88, 3.0, 3.09, 3.39, 4.01, 4.9, 5.32, 5.16, 4.49, 4.02, 3.73, 3.85, 3.86, 4.4, 4.95, 4.66, 4.22, 3.65, 3.48, 3.69, 3.42, 3.34, 3.74, 3.98, 3.48, 3.42, 3.09], [1.72, 1.49, 2.01, 2.28, 1.52, 1.83, 1.8, 1.82, 2.06, 1.98, 1.38, 1.14, 1.46, 0, 1.71, 2.0, 2.56, 3.23, 5.341, 6.671, 6.322, 5.902, 6.221, 6.51, 6.211, 5.0, 4.2, 3.91, 3.95, 4.83, 5.73, 5.16, 4.04, 5.09, 4.39, 4.12, 5.79, 6.981, 8.113, 8.041, 7.655, 7.755, 7.41, 7.018, 6.101, 5.69, 5.53, 4.96, 4.91, 5.46, 5.39, 3.9, 2.35, 2.32, 2.01, 2.02, 2.3, 1.98, 3.26, 4.62, 3.74, 3.79, 4.07, 4.67, 5.52, 6.0, 5.84, 5.25, 4.88, 4.59, 4.57, 4.66, 5.16, 5.69, 5.48, 5.0, 4.45, 4.34, 4.65, 4.34, 3.94, 4.22, 4.42, 4.02, 3.96, 3.65], [2.97, 2.38, 3.28, 3.45, 2.53, 2.28, 1.85, 1.67, 1.75, 1.79, 1.41, 2.01, 2.53, 1.71, 0, 0.93, 1.65, 2.24, 3.708, 5.018, 4.681, 4.33, 4.62, 4.98, 4.65, 3.55, 2.81, 2.46, 2.54, 3.26, 4.08, 3.51, 2.57, 3.56, 2.78, 2.59, 4.18, 5.38, 6.564, 6.52, 6.28, 6.38, 6.0, 5.62, 4.66, 4.14, 4.0, 3.31, 3.28, 3.81, 3.74, 2.75, 2.88, 3.13, 2.72, 2.63, 2.97, 3.05, 4.35, 5.69, 4.79, 4.8, 5.14, 5.76, 6.63, 7.05, 6.89, 6.22, 5.71, 5.4, 5.54, 5.67, 6.11, 6.66, 6.37, 5.93, 5.36, 5.19, 5.46, 5.09, 4.93, 5.23, 5.37, 4.89, 4.91, 4.44], [3.26, 2.75, 3.59, 3.78, 2.84, 2.17, 1.88, 1.62, 1.8, 1.84, 1.64, 2.32, 2.68, 2.0, 0.93, 0, 1.32, 1.95, 3.527, 4.877, 4.52, 4.26, 4.49, 4.75, 4.44, 3.38, 2.54, 2.17, 2.25, 3.05, 3.85, 3.32, 2.48, 3.41, 2.49, 2.32, 3.93, 5.13, 6.32, 6.29, 6.05, 6.15, 5.77, 5.43, 4.51, 4.05, 3.91, 3.1, 2.97, 3.52, 3.45, 2.26, 2.29, 2.7, 2.51, 2.46, 2.7, 3.2, 4.28, 5.72, 4.66, 4.65, 5.19, 5.87, 6.68, 7.1, 6.78, 6.21, 5.42, 5.31, 5.51, 5.7, 5.84, 6.45, 6.16, 5.74, 5.13, 4.9, 5.11, 4.72, 5.02, 5.52, 5.68, 5.12, 5.12, 4.51], [3.8, 3.27, 4.09, 4.38, 3.42, 2.65, 2.32, 2.2, 2.28, 2.26, 2.12, 2.74, 3.22, 2.56, 1.65, 1.32, 0, 1.17, 2.91, 4.212, 3.84, 3.54, 3.91, 4.15, 3.92, 2.88, 2.1, 1.57, 1.57, 2.47, 3.27, 2.76, 2.26, 2.95, 2.25, 2.06, 3.29, 4.59, 5.64, 5.65, 5.43, 5.53, 5.15, 4.79, 3.87, 3.43, 3.25, 2.48, 2.43, 2.94, 2.87, 1.94, 2.77, 3.28, 2.95, 2.92, 3.2, 3.78, 4.94, 6.36, 5.44, 5.43, 5.89, 6.53, 7.34, 7.74, 7.54, 6.91, 6.22, 5.93, 6.17, 6.36, 6.56, 7.15, 6.76, 6.42, 5.81, 5.72, 5.71, 5.26, 5.52, 5.94, 6.02, 5.44, 5.5, 4.89], [4.39, 3.8, 4.62, 5.05, 4.07, 3.16, 2.89, 2.83, 2.85, 2.81, 2.71, 3.39, 3.83, 3.23, 2.24, 1.95, 1.17, 0, 2.3, 3.473, 3.15, 3.05, 3.36, 3.82, 3.59, 2.49, 1.79, 1.32, 1.4, 1.9, 2.84, 2.49, 2.17, 2.62, 2.22, 2.25, 3.12, 4.34, 4.99, 4.96, 4.7, 4.78, 4.4, 4.02, 3.14, 2.68, 2.48, 2.03, 2.12, 2.51, 2.44, 1.89, 3.46, 3.97, 3.68, 3.69, 3.99, 4.53, 5.73, 7.17, 6.23, 6.18, 6.62, 7.24, 8.13, 8.45, 8.29, 7.58, 6.97, 6.64, 6.8, 6.93, 7.31, 7.9, 7.55, 7.19, 6.58, 6.49, 6.34, 5.95, 6.17, 6.55, 6.61, 5.95, 5.95, 5.22], [6.47, 5.86, 6.788, 7.101, 6.101, 4.983, 4.35, 4.27, 4.527, 4.607, 4.618, 5.424, 5.938, 5.341, 3.708, 3.527, 2.91, 2.3, 0, 1.63, 1.65, 1.87, 1.92, 2.18, 2.01, 1.29, 1.73, 1.8, 1.56, 1.44, 1.24, 1.33, 1.73, 1.24, 1.44, 1.67, 1.94, 2.78, 3.15, 3.08, 2.98, 2.92, 2.56, 2.2, 1.6, 1.32, 1.64, 1.09, 1.56, 1.71, 1.82, 2.73, 4.795, 5.439, 5.366, 5.519, 5.859, 6.439, 7.662, 9.019, 7.947, 7.892, 8.449, 9.129, 9.924, 10.37, 10.07, 9.44, 8.55, 8.54, 8.72, 8.921, 8.95, 9.54, 9.39, 8.99, 8.3, 8.15, 8.0, 7.796, 8.036, 8.433, 8.459, 7.898, 7.918, 6.971], [7.791, 7.201, 8.078, 8.439, 7.451, 6.336, 5.686, 5.646, 5.877, 5.957, 5.968, 6.762, 7.27, 6.671, 5.018, 4.877, 4.212, 3.473, 1.63, 0, 0.86, 1.28, 1.47, 1.57, 1.68, 2.26, 2.878, 3.117, 2.948, 2.47, 1.75, 2.0, 2.789, 1.95, 2.668, 2.752, 1.43, 1.91, 2.08, 1.93, 1.91, 1.81, 1.83, 1.61, 1.47, 1.59, 1.81, 2.187, 2.71, 2.64, 2.69, 4.015, 6.345, 6.892, 6.725, 6.869, 7.212, 7.789, 9.032, 10.372, 9.357, 9.267, 9.799, 10.479, 11.314, 11.666, 11.437, 10.776, 9.986, 9.862, 10.033, 10.251, 10.306, 10.899, 10.732, 10.374, 9.65, 9.56, 9.43, 9.114, 9.392, 9.78, 9.808, 9.208, 9.268, 8.281], [7.44, 6.87, 7.732, 8.102, 7.12, 5.95, 5.268, 5.22, 5.511, 5.588, 5.633, 6.425, 6.93, 6.322, 4.681, 4.52, 3.84, 3.15, 1.65, 0.86, 0, 1.0, 1.15, 1.39, 1.4, 1.96, 2.52, 2.73, 2.73, 2.37, 1.67, 1.68, 2.4, 1.77, 2.27, 2.38, 1.17, 1.75, 2.2, 2.15, 2.09, 2.11, 2.19, 1.91, 1.69, 1.79, 1.79, 1.9, 2.53, 2.42, 2.41, 3.74, 5.91, 6.54, 6.33, 6.497, 6.86, 7.42, 8.7, 10.0, 9.02, 8.91, 9.43, 10.11, 10.96, 11.3, 11.08, 10.41, 9.62, 9.51, 9.65, 9.86, 9.98, 10.53, 10.36, 10.02, 9.29, 9.22, 9.03, 8.76, 9.06, 9.434, 9.457, 8.845, 8.928, 7.93], [7.02, 6.45, 7.324, 7.711, 6.694, 5.67, 4.98, 5.0, 5.16, 5.22, 5.251, 6.025, 6.51, 5.902, 4.33, 4.26, 3.54, 3.05, 1.87, 1.28, 1.0, 0, 1.09, 1.57, 1.34, 1.96, 2.38, 2.73, 2.81, 2.43, 1.79, 1.7, 2.12, 1.85, 2.25, 2.16, 1.37, 2.11, 2.54, 2.53, 2.25, 2.31, 2.31, 2.11, 1.91, 2.07, 1.97, 2.14, 2.71, 2.44, 2.63, 3.76, 5.77, 6.28, 6.09, 6.2, 6.54, 7.12, 8.34, 9.7, 8.76, 8.63, 9.19, 9.83, 10.64, 11.0, 10.78, 10.15, 9.4, 9.13, 9.35, 9.46, 9.78, 10.33, 10.04, 9.7, 9.05, 8.96, 8.81, 8.44, 8.74, 9.137, 9.14, 8.46, 8.517, 7.55], [7.33, 6.78, 7.62, 7.998, 7.075, 5.9, 5.33, 5.27, 5.561, 5.621, 5.561, 6.378, 6.852, 6.221, 4.62, 4.49, 3.91, 3.36, 1.92, 1.47, 1.15, 1.09, 0, 1.06, 0.77, 2.01, 2.57, 2.78, 2.9, 2.66, 1.94, 1.95, 2.27, 1.62, 2.32, 2.55, 1.26, 1.56, 2.01, 1.96, 1.88, 1.94, 2.08, 1.88, 1.74, 1.84, 1.96, 2.19, 2.8, 2.81, 2.82, 4.11, 5.98, 6.63, 6.48, 6.61, 6.97, 7.51, 8.61, 10.11, 9.13, 9.04, 9.54, 10.22, 11.07, 11.39, 11.21, 10.5, 9.75, 9.56, 9.72, 9.85, 10.05, 10.6, 10.47, 10.13, 9.4, 9.35, 9.0, 8.81, 9.07, 9.467, 9.47, 8.75, 8.83, 7.9], [7.61, 7.12, 7.98, 8.358, 7.444, 6.26, 5.71, 5.59, 5.924, 5.984, 5.921, 6.738, 7.212, 6.51, 4.98, 4.75, 4.15, 3.82, 2.18, 1.57, 1.39, 1.57, 1.06, 0, 0.81, 1.85, 2.65, 2.98, 3.0, 2.98, 2.32, 2.21, 2.61, 1.86, 2.42, 2.69, 1.34, 1.36, 1.99, 1.88, 1.78, 1.78, 2.06, 2.0, 1.84, 1.94, 2.3, 2.47, 2.94, 3.07, 2.92, 4.13, 6.14, 6.85, 6.8, 6.97, 7.31, 7.87, 8.91, 10.47, 9.39, 9.34, 9.9, 10.58, 11.37, 11.77, 11.49, 10.88, 9.95, 9.9, 10.1, 10.21, 10.33, 10.9, 10.81, 10.43, 9.76, 9.61, 9.28, 9.15, 9.45, 9.85, 9.83, 9.09, 9.187, 8.26], [7.32, 6.77, 7.67, 8.048, 7.105, 5.904, 5.36, 5.26, 5.591, 5.651, 5.591, 6.408, 6.882, 6.211, 4.65, 4.44, 3.92, 3.59, 2.01, 1.68, 1.4, 1.34, 0.77, 0.81, 0, 1.64, 2.42, 2.77, 2.77, 2.75, 2.07, 1.94, 2.32, 1.59, 2.15, 2.52, 1.39, 1.49, 2.18, 2.11, 1.97, 1.95, 1.97, 1.89, 1.81, 1.87, 2.09, 2.26, 2.69, 2.76, 2.63, 3.84, 5.73, 6.52, 6.45, 6.62, 6.96, 7.52, 8.62, 10.12, 9.04, 8.99, 9.55, 10.23, 11.02, 11.42, 11.14, 10.53, 9.6, 9.55, 9.75, 9.88, 9.98, 10.55, 10.46, 10.08, 9.41, 9.26, 8.95, 8.8, 9.097, 9.497, 9.48, 8.78, 8.857, 7.93], [6.16, 5.61, 6.51, 6.96, 5.98, 4.85, 4.26, 4.14, 4.5, 4.56, 4.5, 5.3, 5.719, 5.0, 3.55, 3.38, 2.88, 2.49, 1.29, 2.26, 1.96, 1.96, 2.01, 1.85, 1.64, 0, 1.24, 1.63, 1.81, 1.65, 1.55, 1.5, 1.4, 1.01, 1.09, 1.5, 1.63, 2.57, 3.42, 3.35, 3.09, 3.03, 2.57, 2.25, 1.61, 1.57, 1.65, 1.36, 1.65, 1.66, 1.49, 2.6, 4.61, 5.42, 5.37, 5.54, 5.88, 6.44, 7.56, 9.04, 7.96, 7.91, 8.47, 9.15, 9.94, 10.36, 10.08, 9.47, 8.54, 8.49, 8.69, 8.76, 8.92, 9.49, 9.4, 9.02, 8.35, 8.2, 7.87, 7.72, 8.02, 8.42, 8.4, 7.68, 7.68, 6.75], [5.36, 4.81, 5.65, 6.02, 5.08, 3.97, 3.42, 3.24, 3.6, 3.66, 3.6, 4.4, 4.84, 4.2, 2.81, 2.54, 2.1, 1.79, 1.73, 2.878, 2.52, 2.38, 2.57, 2.65, 2.42, 1.24, 0, 0.91, 1.31, 1.39, 1.83, 1.5, 1.36, 1.59, 0.85, 1.32, 2.21, 3.35, 4.06, 4.03, 3.85, 3.81, 3.41, 3.03, 2.17, 1.81, 1.83, 1.32, 1.17, 1.54, 1.43, 1.84, 3.83, 4.52, 4.47, 4.64, 4.98, 5.54, 6.62, 8.14, 7.06, 7.01, 7.57, 8.25, 9.04, 9.5, 9.22, 8.61, 7.72, 7.63, 7.83, 7.9, 8.06, 8.63, 8.54, 8.16, 7.49, 7.34, 7.03, 6.86, 7.12, 7.52, 7.5, 6.74, 6.8, 5.91], [5.09, 4.54, 5.36, 5.69, 4.77, 3.64, 3.17, 2.95, 3.25, 3.31, 3.25, 4.07, 4.55, 3.91, 2.46, 2.17, 1.57, 1.32, 1.8, 3.117, 2.73, 2.73, 2.78, 2.98, 2.77, 1.63, 0.91, 0, 1.12, 1.28, 2.0, 1.65, 1.55, 1.76, 1.3, 1.69, 2.52, 3.58, 4.33, 4.32, 4.2, 4.18, 3.8, 3.38, 2.5, 2.0, 1.96, 1.33, 1.2, 1.69, 1.6, 1.53, 3.48, 4.19, 4.08, 4.25, 4.59, 5.15, 6.27, 7.75, 6.71, 6.64, 7.18, 7.86, 8.69, 9.11, 8.87, 8.22, 7.37, 7.28, 7.46, 7.59, 7.67, 8.24, 8.17, 7.81, 7.1, 6.99, 6.68, 6.49, 6.75, 7.15, 7.13, 6.43, 6.53, 5.78], [5.11, 4.52, 5.46, 5.71, 4.71, 3.7, 3.21, 3.01, 3.25, 3.33, 3.27, 4.09, 4.53, 3.95, 2.54, 2.25, 1.57, 1.4, 1.56, 2.948, 2.73, 2.81, 2.9, 3.0, 2.77, 1.81, 1.31, 1.12, 0, 1.26, 2.02, 1.87, 1.63, 1.74, 1.46, 1.89, 2.6, 3.6, 4.47, 4.38, 4.16, 4.24, 3.82, 3.512, 2.6, 2.06, 2.04, 1.27, 1.36, 2.01, 1.88, 2.03, 3.56, 4.11, 4.0, 4.17, 4.51, 5.07, 6.25, 7.67, 6.59, 6.54, 7.1, 7.78, 8.59, 9.05, 8.77, 8.16, 7.29, 7.2, 7.4, 7.55, 7.65, 8.22, 8.09, 7.71, 7.04, 6.89, 6.76, 6.41, 6.69, 7.13, 7.17, 6.59, 6.63, 5.88], [6.01, 5.42, 6.32, 6.59, 5.59, 4.54, 3.97, 3.83, 4.07, 4.13, 4.15, 4.93, 5.43, 4.83, 3.26, 3.05, 2.47, 1.9, 1.44, 2.47, 2.37, 2.43, 2.66, 2.98, 2.75, 1.65, 1.39, 1.28, 1.26, 0, 1.3, 1.43, 1.89, 1.8, 1.46, 2.03, 2.5, 3.46, 3.75, 3.8, 3.84, 3.64, 3.12, 2.74, 2.0, 1.68, 1.32, 1.03, 1.14, 1.35, 1.52, 1.95, 4.22, 4.91, 4.84, 5.01, 5.35, 5.93, 7.15, 8.51, 7.49, 7.38, 7.96, 8.62, 9.41, 9.85, 9.57, 8.96, 8.09, 8.0, 8.2, 8.35, 8.49, 9.02, 8.89, 8.51, 7.84, 7.71, 7.5, 7.25, 7.57, 7.97, 8.03, 7.43, 7.49, 6.68], [6.89, 6.3, 7.22, 7.49, 6.49, 5.46, 4.83, 4.71, 4.97, 5.05, 5.05, 5.83, 6.33, 5.73, 4.08, 3.85, 3.27, 2.84, 1.24, 1.75, 1.67, 1.79, 1.94, 2.32, 2.07, 1.55, 1.83, 2.0, 2.02, 1.3, 0, 0.83, 1.77, 1.24, 1.6, 1.99, 1.98, 2.88, 3.03, 3.0, 3.02, 2.86, 2.32, 1.94, 1.26, 1.26, 1.16, 1.23, 1.5, 1.35, 1.54, 2.57, 4.92, 5.79, 5.7, 5.87, 6.21, 6.81, 8.03, 9.37, 8.29, 8.24, 8.8, 9.48, 10.27, 10.71, 10.43, 9.82, 8.89, 8.9, 9.06, 9.29, 9.31, 9.88, 9.75, 9.37, 8.7, 8.55, 8.38, 8.13, 8.43, 8.81, 8.91, 8.33, 8.37, 7.5], [6.32, 5.73, 6.65, 6.92, 5.92, 4.85, 4.26, 4.14, 4.4, 4.46, 4.48, 5.24, 5.76, 5.16, 3.51, 3.32, 2.76, 2.49, 1.33, 2.0, 1.68, 1.7, 1.95, 2.21, 1.94, 1.5, 1.5, 1.65, 1.87, 1.43, 0.83, 0, 1.34, 1.29, 1.37, 1.54, 1.77, 2.75, 3.24, 3.27, 3.27, 3.13, 2.71, 2.31, 1.55, 1.31, 1.41, 1.24, 1.49, 1.52, 1.67, 2.32, 4.49, 5.24, 5.19, 5.36, 5.7, 6.26, 7.46, 8.86, 7.78, 7.73, 8.29, 8.97, 9.76, 10.2, 9.92, 9.31, 8.4, 8.33, 8.53, 8.72, 8.78, 9.35, 9.24, 8.86, 8.19, 8.04, 7.81, 7.6, 7.86, 8.28, 8.34, 7.74, 7.8, 6.89], [5.18, 4.65, 5.55, 5.92, 4.98, 3.97, 3.4, 3.34, 3.56, 3.6, 3.54, 4.3, 4.7, 4.04, 2.57, 2.48, 2.26, 2.17, 1.73, 2.789, 2.4, 2.12, 2.27, 2.61, 2.32, 1.4, 1.36, 1.55, 1.63, 1.89, 1.77, 1.34, 0, 1.23, 1.15, 1.2, 1.97, 3.13, 4.2, 4.11, 3.75, 3.83, 3.45, 3.11, 2.25, 1.93, 1.85, 1.52, 1.75, 1.98, 2.07, 2.68, 4.23, 4.74, 4.63, 4.64, 5.02, 5.48, 6.58, 8.08, 7.04, 6.97, 7.51, 8.19, 9.02, 9.4, 9.18, 8.51, 7.74, 7.57, 7.73, 7.78, 8.02, 8.59, 8.48, 8.12, 7.41, 7.32, 7.07, 6.86, 7.04, 7.46, 7.5, 6.76, 6.74, 5.95], [6.27, 5.7, 6.6, 6.95, 5.97, 4.92, 4.37, 4.23, 4.51, 4.55, 4.49, 5.29, 5.73, 5.09, 3.56, 3.41, 2.95, 2.62, 1.24, 1.95, 1.77, 1.85, 1.62, 1.86, 1.59, 1.01, 1.59, 1.76, 1.74, 1.8, 1.24, 1.29, 1.23, 0, 1.24, 1.67, 1.68, 2.48, 3.21, 3.14, 2.84, 2.9, 2.48, 2.14, 1.48, 1.22, 1.42, 1.25, 1.82, 2.01, 1.94, 3.09, 4.76, 5.41, 5.34, 5.51, 5.85, 6.41, 7.53, 9.01, 7.97, 7.88, 8.44, 9.12, 9.93, 10.37, 10.11, 9.48, 8.63, 8.5, 8.7, 8.79, 8.95, 9.5, 9.41, 9.05, 8.36, 8.25, 7.88, 7.73, 7.99, 8.39, 8.41, 7.73, 7.73, 6.9], [5.55, 4.98, 5.84, 6.15, 5.21, 4.04, 3.55, 3.41, 3.69, 3.75, 3.69, 4.51, 4.99, 4.39, 2.78, 2.49, 2.25, 2.22, 1.44, 2.668, 2.27, 2.25, 2.32, 2.42, 2.15, 1.09, 0.85, 1.3, 1.46, 1.46, 1.6, 1.37, 1.15, 1.24, 0, 0.85, 1.92, 2.92, 3.93, 3.94, 3.8, 3.82, 3.38, 3.052, 2.14, 1.76, 1.74, 1.13, 1.32, 1.55, 1.64, 2.09, 3.86, 4.57, 4.48, 4.65, 4.99, 5.57, 6.69, 8.13, 7.05, 7.0, 7.58, 8.26, 9.03, 9.51, 9.21, 8.62, 7.69, 7.68, 7.86, 8.03, 8.07, 8.64, 8.51, 8.15, 7.48, 7.31, 7.12, 6.87, 7.15, 7.55, 7.55, 6.91, 6.97, 6.1], [5.28, 4.75, 5.57, 5.9, 4.98, 3.91, 3.34, 3.3, 3.4, 3.48, 3.48, 4.26, 4.78, 4.12, 2.59, 2.32, 2.06, 2.25, 1.67, 2.752, 2.38, 2.16, 2.55, 2.69, 2.52, 1.5, 1.32, 1.69, 1.89, 2.03, 1.99, 1.54, 1.2, 1.67, 0.85, 0, 1.89, 2.97, 4.14, 4.23, 3.99, 4.09, 3.71, 3.37, 2.49, 2.21, 2.15, 1.52, 1.63, 1.88, 1.99, 2.4, 3.93, 4.56, 4.27, 4.36, 4.68, 5.3, 6.42, 7.8, 6.84, 6.79, 7.31, 7.97, 8.8, 9.2, 8.94, 8.35, 7.62, 7.39, 7.59, 7.86, 7.98, 8.61, 8.16, 7.88, 7.25, 7.1, 7.11, 6.68, 6.92, 7.26, 7.3, 6.64, 6.74, 5.87], [6.91, 6.38, 7.22, 7.569, 6.649, 5.46, 4.89, 4.79, 5.07, 5.15, 5.146, 5.93, 6.446, 5.79, 4.18, 3.93, 3.29, 3.12, 1.94, 1.43, 1.17, 1.37, 1.26, 1.34, 1.39, 1.63, 2.21, 2.52, 2.6, 2.5, 1.98, 1.77, 1.97, 1.68, 1.92, 1.89, 0, 1.5, 2.47, 2.5, 2.26, 2.4, 2.36, 2.16, 1.84, 1.84, 2.04, 2.01, 2.38, 2.51, 2.46, 3.55, 5.54, 6.15, 5.96, 6.05, 6.35, 6.97, 8.05, 9.51, 8.49, 8.4, 8.94, 9.62, 10.45, 10.83, 10.59, 9.96, 9.15, 9.04, 9.18, 9.43, 9.51, 10.12, 9.87, 9.53, 8.82, 8.75, 8.62, 8.27, 8.57, 8.93, 8.97, 8.31, 8.41, 7.48], [8.09, 7.56, 8.4, 8.752, 7.832, 6.64, 6.07, 5.95, 6.258, 6.338, 6.329, 7.115, 7.629, 6.981, 5.38, 5.13, 4.59, 4.34, 2.78, 1.91, 1.75, 2.11, 1.56, 1.36, 1.49, 2.57, 3.35, 3.58, 3.6, 3.46, 2.88, 2.75, 3.13, 2.48, 2.92, 2.97, 1.5, 0, 1.29, 1.38, 1.52, 1.64, 2.24, 2.4, 2.48, 2.62, 2.76, 2.99, 3.48, 3.61, 3.5, 4.69, 6.6, 7.21, 7.06, 7.23, 7.57, 8.17, 9.27, 10.73, 9.71, 9.62, 10.16, 10.84, 11.67, 12.03, 11.79, 11.14, 10.31, 10.24, 10.38, 10.61, 10.63, 11.22, 11.09, 10.73, 10.02, 9.93, 9.7, 9.47, 9.77, 10.13, 10.17, 9.51, 9.589, 8.66], [9.22, 8.71, 9.57, 9.905, 8.985, 7.802, 7.2, 7.112, 7.434, 7.494, 7.494, 8.268, 8.782, 8.113, 6.564, 6.32, 5.64, 4.99, 3.15, 2.08, 2.2, 2.54, 2.01, 1.99, 2.18, 3.42, 4.06, 4.33, 4.47, 3.75, 3.03, 3.24, 4.2, 3.21, 3.93, 4.14, 2.47, 1.29, 0, 0.93, 1.33, 1.37, 2.01, 2.23, 2.49, 2.81, 2.97, 3.46, 3.91, 3.86, 3.83, 5.22, 7.61, 8.394, 8.27, 8.44, 8.78, 9.34, 10.417, 11.929, 10.912, 10.822, 11.379, 12.05, 12.869, 13.26, 12.98, 12.35, 11.48, 11.41, 11.61, 11.78, 11.84, 12.43, 12.24, 11.92, 11.21, 11.1, 10.81, 10.7, 10.96, 11.337, 11.34, 10.642, 10.742, 9.815], [9.13, 8.66, 9.54, 9.918, 8.995, 7.8, 7.23, 7.15, 7.461, 7.538, 7.478, 8.298, 8.772, 8.041, 6.52, 6.29, 5.65, 4.96, 3.08, 1.93, 2.15, 2.53, 1.96, 1.88, 2.11, 3.35, 4.03, 4.32, 4.38, 3.8, 3.0, 3.27, 4.11, 3.14, 3.94, 4.23, 2.5, 1.38, 0.93, 0, 0.76, 0.76, 1.46, 1.78, 2.34, 2.74, 2.9, 3.55, 4.06, 3.99, 4.0, 5.37, 7.74, 8.41, 8.317, 8.49, 8.83, 9.39, 10.43, 11.99, 10.95, 10.88, 11.42, 12.1, 12.93, 13.29, 13.05, 12.4, 11.55, 11.44, 11.62, 11.77, 11.85, 12.42, 12.35, 11.99, 11.28, 11.17, 10.84, 10.67, 10.97, 11.367, 11.35, 10.65, 10.747, 9.817], [8.75, 8.3, 9.18, 9.641, 8.704, 7.56, 6.99, 6.87, 7.224, 7.284, 7.221, 8.021, 8.415, 7.655, 6.28, 6.05, 5.43, 4.7, 2.98, 1.91, 2.09, 2.25, 1.88, 1.78, 1.97, 3.09, 3.85, 4.2, 4.16, 3.84, 3.02, 3.27, 3.75, 2.84, 3.8, 3.99, 2.26, 1.52, 1.33, 0.76, 0, 0.58, 1.32, 1.68, 2.28, 2.68, 2.82, 3.55, 4.14, 4.07, 4.06, 5.39, 7.56, 8.19, 8.1, 8.27, 8.61, 9.17, 10.19, 11.77, 10.71, 10.64, 11.2, 11.88, 12.69, 13.07, 12.81, 12.18, 11.31, 11.2, 11.4, 11.47, 11.63, 12.22, 12.11, 11.75, 11.06, 10.93, 10.6, 10.45, 10.75, 11.15, 11.13, 10.37, 10.387, 9.477], [8.83, 8.4, 9.28, 9.741, 8.804, 7.654, 7.07, 6.97, 7.324, 7.384, 7.321, 8.121, 8.515, 7.755, 6.38, 6.15, 5.53, 4.78, 2.92, 1.81, 2.11, 2.31, 1.94, 1.78, 1.95, 3.03, 3.81, 4.18, 4.24, 3.64, 2.86, 3.13, 3.83, 2.9, 3.82, 4.09, 2.4, 1.64, 1.37, 0.76, 0.58, 0, 0.92, 1.42, 2.06, 2.54, 2.64, 3.39, 3.94, 3.83, 3.84, 5.19, 7.6, 8.27, 8.197, 8.37, 8.71, 9.27, 10.29, 11.87, 10.81, 10.74, 11.3, 11.98, 12.79, 13.17, 12.91, 12.28, 11.39, 11.3, 11.5, 11.57, 11.73, 12.3, 12.21, 11.85, 11.16, 11.03, 10.68, 10.55, 10.85, 11.247, 11.23, 10.47, 10.487, 9.577], [8.47, 8.02, 8.9, 9.361, 8.424, 7.274, 6.69, 6.59, 6.944, 7.004, 6.941, 7.741, 8.135, 7.41, 6.0, 5.77, 5.15, 4.4, 2.56, 1.83, 2.19, 2.31, 2.08, 2.06, 1.97, 2.57, 3.41, 3.8, 3.82, 3.12, 2.32, 2.71, 3.45, 2.48, 3.38, 3.71, 2.36, 2.24, 2.01, 1.46, 1.32, 0.92, 0, 0.86, 1.62, 2.12, 2.2, 2.99, 3.4, 3.19, 3.26, 4.69, 7.12, 7.87, 7.817, 7.99, 8.33, 8.89, 9.91, 11.49, 10.41, 10.36, 10.92, 11.6, 12.39, 12.79, 12.51, 11.9, 10.97, 10.92, 11.12, 11.19, 11.35, 11.92, 11.83, 11.45, 10.78, 10.63, 10.3, 10.17, 10.47, 10.867, 10.85, 10.09, 10.107, 9.197], [8.13, 7.66, 8.54, 8.964, 8.027, 6.886, 6.33, 6.23, 6.547, 6.607, 6.544, 7.344, 7.775, 7.018, 5.62, 5.43, 4.79, 4.02, 2.2, 1.61, 1.91, 2.11, 1.88, 2.0, 1.89, 2.25, 3.03, 3.38, 3.512, 2.74, 1.94, 2.31, 3.11, 2.14, 3.052, 3.37, 2.16, 2.4, 2.23, 1.78, 1.68, 1.42, 0.86, 0, 1.12, 1.6, 1.92, 2.61, 2.98, 2.79, 2.8, 4.21, 6.72, 7.539, 7.42, 7.613, 7.956, 8.513, 9.556, 11.116, 10.082, 10.009, 10.543, 11.223, 12.059, 12.41, 12.17, 11.5, 10.65, 10.58, 10.74, 10.81, 10.99, 11.56, 11.47, 11.11, 10.4, 10.29, 9.9, 9.79, 10.076, 10.47, 10.473, 9.73, 9.733, 8.84], [7.19, 6.72, 7.62, 8.024, 7.107, 5.96, 5.37, 5.31, 5.627, 5.687, 5.607, 6.404, 6.812, 6.101, 4.66, 4.51, 3.87, 3.14, 1.6, 1.47, 1.69, 1.91, 1.74, 1.84, 1.81, 1.61, 2.17, 2.5, 2.6, 2.0, 1.26, 1.55, 2.25, 1.48, 2.14, 2.49, 1.84, 2.48, 2.49, 2.34, 2.28, 2.06, 1.62, 1.12, 0, 0.9, 1.08, 1.77, 2.24, 2.15, 2.18, 3.39, 5.8, 6.63, 6.517, 6.71, 7.05, 7.61, 8.65, 10.21, 9.17, 9.1, 9.64, 10.32, 11.15, 11.49, 11.27, 10.6, 9.75, 9.66, 9.82, 9.85, 10.07, 10.64, 10.57, 10.21, 9.5, 9.39, 8.98, 8.87, 9.17, 9.567, 9.57, 8.81, 8.85, 7.92], [6.85, 6.26, 7.18, 7.53, 6.55, 5.38, 4.87, 4.75, 5.05, 5.13, 5.03, 5.87, 6.31, 5.69, 4.14, 4.05, 3.43, 2.68, 1.32, 1.59, 1.79, 2.07, 1.84, 1.94, 1.87, 1.57, 1.81, 2.0, 2.06, 1.68, 1.26, 1.31, 1.93, 1.22, 1.76, 2.21, 1.84, 2.62, 2.81, 2.74, 2.68, 2.54, 2.12, 1.6, 0.9, 0, 0.9, 1.15, 1.78, 2.05, 2.04, 2.91, 5.26, 6.05, 5.94, 6.13, 6.47, 7.03, 8.19, 9.63, 8.59, 8.52, 9.06, 9.74, 10.57, 10.97, 10.75, 10.08, 9.25, 9.14, 9.3, 9.35, 9.55, 10.12, 10.05, 9.69, 8.98, 8.87, 8.48, 8.33, 8.59, 9.01, 9.01, 8.35, 8.37, 7.42], [6.69, 6.12, 6.96, 7.35, 6.39, 5.28, 4.83, 4.63, 4.93, 4.99, 4.91, 5.71, 6.11, 5.53, 4.0, 3.91, 3.25, 2.48, 1.64, 1.81, 1.79, 1.97, 1.96, 2.3, 2.09, 1.65, 1.83, 1.96, 2.04, 1.32, 1.16, 1.41, 1.85, 1.42, 1.74, 2.15, 2.04, 2.76, 2.97, 2.9, 2.82, 2.64, 2.2, 1.92, 1.08, 0.9, 0, 1.21, 1.72, 1.83, 2.02, 2.95, 5.26, 5.95, 5.8, 5.99, 6.33, 6.89, 8.01, 9.49, 8.49, 8.4, 8.92, 9.6, 10.45, 10.83, 10.63, 9.94, 9.17, 9.0, 9.16, 9.21, 9.47, 10.02, 9.91, 9.57, 8.84, 8.77, 8.36, 8.23, 8.47, 8.89, 8.91, 8.17, 8.17, 7.36], [6.12, 5.53, 6.39, 6.7, 5.7, 4.57, 4.02, 3.88, 4.12, 4.2, 4.22, 5.02, 5.54, 4.96, 3.31, 3.1, 2.48, 2.03, 1.09, 2.187, 1.9, 2.14, 2.19, 2.47, 2.26, 1.36, 1.32, 1.33, 1.27, 1.03, 1.23, 1.24, 1.52, 1.25, 1.13, 1.52, 2.01, 2.99, 3.46, 3.55, 3.55, 3.39, 2.99, 2.61, 1.77, 1.15, 1.21, 0, 0.83, 1.32, 1.39, 2.16, 4.33, 5.0, 4.91, 5.08, 5.42, 6.02, 7.24, 8.58, 7.58, 7.45, 8.05, 8.69, 9.48, 9.94, 9.66, 9.05, 8.16, 8.09, 8.29, 8.48, 8.58, 9.13, 8.96, 8.62, 7.93, 7.78, 7.63, 7.34, 7.62, 8.12, 8.12, 7.52, 7.6, 6.73], [6.07, 5.48, 6.34, 6.669, 5.67, 4.54, 3.91, 3.81, 4.03, 4.11, 4.19, 4.99, 5.51, 4.91, 3.28, 2.97, 2.43, 2.12, 1.56, 2.71, 2.53, 2.71, 2.8, 2.94, 2.69, 1.65, 1.17, 1.2, 1.36, 1.14, 1.5, 1.49, 1.75, 1.82, 1.32, 1.63, 2.38, 3.48, 3.91, 4.06, 4.14, 3.94, 3.4, 2.98, 2.24, 1.78, 1.72, 0.83, 0, 0.91, 0.98, 1.69, 3.88, 4.91, 4.8, 4.97, 5.25, 5.97, 7.2, 8.43, 7.39, 7.3, 7.92, 8.52, 9.37, 9.77, 9.39, 8.92, 7.97, 8.02, 8.14, 8.43, 8.47, 9.06, 8.79, 8.47, 7.76, 7.59, 7.58, 7.27, 7.59, 7.99, 8.05, 7.45, 7.53, 6.68], [6.62, 6.03, 6.89, 7.219, 6.22, 5.07, 4.38, 4.34, 4.56, 4.66, 4.74, 5.54, 6.06, 5.46, 3.81, 3.52, 2.94, 2.51, 1.71, 2.64, 2.42, 2.44, 2.81, 3.07, 2.76, 1.66, 1.54, 1.69, 2.01, 1.35, 1.35, 1.52, 1.98, 2.01, 1.55, 1.88, 2.51, 3.61, 3.86, 3.99, 4.07, 3.83, 3.19, 2.79, 2.15, 2.05, 1.83, 1.32, 0.91, 0, 0.69, 1.94, 4.31, 5.46, 5.35, 5.52, 5.8, 6.52, 7.75, 8.98, 7.94, 7.85, 8.47, 9.07, 9.92, 10.32, 9.94, 9.47, 8.5, 8.57, 8.69, 8.98, 9.02, 9.61, 9.34, 9.02, 8.31, 8.14, 8.11, 7.82, 8.14, 8.52, 8.56, 7.96, 8.04, 7.09], [6.55, 5.96, 6.82, 7.149, 6.15, 5.0, 4.31, 4.27, 4.49, 4.59, 4.67, 5.47, 5.99, 5.39, 3.74, 3.45, 2.87, 2.44, 1.82, 2.69, 2.41, 2.63, 2.82, 2.92, 2.63, 1.49, 1.43, 1.6, 1.88, 1.52, 1.54, 1.67, 2.07, 1.94, 1.64, 1.99, 2.46, 3.5, 3.83, 4.0, 4.06, 3.84, 3.26, 2.8, 2.18, 2.04, 2.02, 1.39, 0.98, 0.69, 0, 1.73, 4.16, 5.39, 5.28, 5.45, 5.73, 6.45, 7.68, 8.91, 7.87, 7.78, 8.4, 9.0, 9.85, 10.25, 9.89, 9.4, 8.43, 8.5, 8.62, 8.91, 8.95, 9.54, 9.27, 8.95, 8.24, 8.07, 8.04, 7.75, 8.07, 8.45, 8.49, 7.89, 7.97, 7.0], [5.08, 4.49, 5.33, 5.64, 4.64, 3.55, 3.0, 2.88, 3.14, 3.12, 3.2, 3.96, 4.48, 3.9, 2.75, 2.26, 1.94, 1.89, 2.73, 4.015, 3.74, 3.76, 4.11, 4.13, 3.84, 2.6, 1.84, 1.53, 2.03, 1.95, 2.57, 2.32, 2.68, 3.09, 2.09, 2.4, 3.55, 4.69, 5.22, 5.37, 5.39, 5.19, 4.69, 4.21, 3.39, 2.91, 2.95, 2.16, 1.69, 1.94, 1.73, 0, 2.65, 3.88, 3.79, 3.98, 4.32, 4.94, 6.18, 7.42, 6.38, 6.31, 6.91, 7.53, 8.34, 8.8, 8.46, 7.91, 6.94, 7.01, 7.15, 7.42, 7.46, 8.05, 7.8, 7.46, 6.79, 6.58, 6.55, 6.28, 6.58, 6.94, 6.98, 6.38, 6.46, 5.55], [3.07, 2.66, 2.9, 3.13, 2.53, 2.38, 2.19, 2.17, 2.67, 2.63, 2.29, 2.03, 2.15, 2.35, 2.88, 2.29, 2.77, 3.46, 4.795, 6.345, 5.91, 5.77, 5.98, 6.14, 5.73, 4.61, 3.83, 3.48, 3.56, 4.22, 4.92, 4.49, 4.23, 4.76, 3.86, 3.93, 5.54, 6.6, 7.61, 7.74, 7.56, 7.6, 7.12, 6.72, 5.8, 5.26, 5.26, 4.33, 3.88, 4.31, 4.16, 2.65, 0, 1.49, 1.78, 1.99, 2.21, 2.73, 3.65, 4.87, 3.83, 3.74, 4.36, 4.96, 5.83, 6.25, 5.87, 5.4, 4.43, 4.5, 4.62, 4.91, 4.95, 5.54, 5.27, 4.95, 4.24, 4.07, 4.06, 3.87, 4.23, 4.89, 5.13, 4.65, 4.63, 3.96], [2.62, 2.29, 1.97, 1.96, 1.66, 1.81, 2.0, 2.14, 2.48, 2.28, 2.2, 1.78, 2.04, 2.32, 3.13, 2.7, 3.28, 3.97, 5.439, 6.892, 6.54, 6.28, 6.63, 6.85, 6.52, 5.42, 4.52, 4.19, 4.11, 4.91, 5.79, 5.24, 4.74, 5.41, 4.57, 4.56, 6.15, 7.21, 8.394, 8.41, 8.19, 8.27, 7.87, 7.539, 6.63, 6.05, 5.95, 5.0, 4.91, 5.46, 5.39, 3.88, 1.49, 0, 0.85, 1.06, 1.16, 1.4, 2.3, 3.64, 2.62, 2.57, 3.13, 3.77, 4.56, 5.04, 4.74, 4.13, 3.3, 3.19, 3.41, 3.6, 3.68, 4.25, 4.08, 3.72, 3.15, 3.06, 2.89, 2.76, 3.28, 3.96, 4.3, 3.72, 3.68, 3.15], [2.61, 2.3, 2.1, 2.07, 1.51, 1.54, 1.69, 1.89, 1.99, 1.83, 1.85, 1.61, 2.11, 2.01, 2.72, 2.51, 2.95, 3.68, 5.366, 6.725, 6.33, 6.09, 6.48, 6.8, 6.45, 5.37, 4.47, 4.08, 4.0, 4.84, 5.7, 5.19, 4.63, 5.34, 4.48, 4.27, 5.96, 7.06, 8.27, 8.317, 8.1, 8.197, 7.817, 7.42, 6.517, 5.94, 5.8, 4.91, 4.8, 5.35, 5.28, 3.79, 1.78, 0.85, 0, 0.79, 1.07, 1.37, 2.55, 3.87, 2.97, 2.94, 3.38, 3.98, 4.89, 5.21, 5.07, 4.36, 3.75, 3.56, 3.56, 3.87, 4.11, 4.7, 4.35, 4.03, 3.46, 3.41, 3.4, 3.17, 3.59, 4.07, 4.39, 3.93, 3.89, 3.32], [2.5, 2.17, 1.93, 1.98, 1.46, 1.75, 1.82, 2.06, 2.08, 1.94, 1.9, 1.56, 1.98, 2.02, 2.63, 2.46, 2.92, 3.69, 5.519, 6.869, 6.497, 6.2, 6.61, 6.97, 6.62, 5.54, 4.64, 4.25, 4.17, 5.01, 5.87, 5.36, 4.64, 5.51, 4.65, 4.36, 6.05, 7.23, 8.44, 8.49, 8.27, 8.37, 7.99, 7.613, 6.71, 6.13, 5.99, 5.08, 4.97, 5.52, 5.45, 3.98, 1.99, 1.06, 0.79, 0, 0.74, 1.12, 2.42, 3.68, 2.86, 2.81, 3.25, 3.83, 4.74, 5.1, 4.94, 4.27, 3.66, 3.37, 3.53, 3.82, 4.04, 4.63, 4.16, 3.86, 3.27, 3.24, 3.41, 3.1, 3.44, 3.98, 4.28, 3.82, 3.78, 3.33], [2.64, 2.35, 1.91, 1.76, 1.32, 1.73, 2.14, 2.32, 2.26, 2.06, 2.2, 1.84, 2.26, 2.3, 2.97, 2.7, 3.2, 3.99, 5.859, 7.212, 6.86, 6.54, 6.97, 7.31, 6.96, 5.88, 4.98, 4.59, 4.51, 5.35, 6.21, 5.7, 5.02, 5.85, 4.99, 4.68, 6.35, 7.57, 8.78, 8.83, 8.61, 8.71, 8.33, 7.956, 7.05, 6.47, 6.33, 5.42, 5.25, 5.8, 5.73, 4.32, 2.21, 1.16, 1.07, 0.74, 0, 0.94, 2.16, 3.38, 2.58, 2.57, 3.03, 3.59, 4.5, 4.9, 4.62, 4.01, 3.42, 3.27, 3.45, 3.6, 3.86, 4.43, 4.04, 3.58, 2.97, 3.04, 3.29, 2.9, 3.34, 3.84, 4.18, 3.66, 3.66, 3.27], [2.16, 2.01, 1.49, 1.38, 1.02, 1.77, 2.34, 2.34, 2.34, 2.1, 2.12, 1.68, 2.08, 1.98, 3.05, 3.2, 3.78, 4.53, 6.439, 7.789, 7.42, 7.12, 7.51, 7.87, 7.52, 6.44, 5.54, 5.15, 5.07, 5.93, 6.81, 6.26, 5.48, 6.41, 5.57, 5.3, 6.97, 8.17, 9.34, 9.39, 9.17, 9.27, 8.89, 8.513, 7.61, 7.03, 6.89, 6.02, 5.97, 6.52, 6.45, 4.94, 2.73, 1.4, 1.37, 1.12, 0.94, 0, 1.52, 2.78, 2.0, 2.09, 2.41, 3.05, 3.92, 4.34, 4.12, 3.55, 3.18, 3.09, 3.07, 3.22, 3.46, 3.93, 3.74, 3.24, 2.79, 2.96, 3.33, 2.92, 2.68, 3.26, 3.54, 3.04, 3.02, 2.83], [3.02, 3.054, 1.79, 1.42, 2.08, 2.83, 3.58, 3.54, 3.44, 3.4, 3.32, 2.92, 2.64, 3.26, 4.35, 4.28, 4.94, 5.73, 7.662, 9.032, 8.7, 8.34, 8.61, 8.91, 8.62, 7.56, 6.62, 6.27, 6.25, 7.15, 8.03, 7.46, 6.58, 7.53, 6.69, 6.42, 8.05, 9.27, 10.417, 10.43, 10.19, 10.29, 9.91, 9.556, 8.65, 8.19, 8.01, 7.24, 7.2, 7.75, 7.68, 6.18, 3.65, 2.3, 2.55, 2.42, 2.16, 1.52, 0, 1.68, 0.96, 1.29, 1.55, 1.97, 2.78, 3.22, 2.92, 2.39, 2.3, 2.41, 2.33, 2.24, 2.48, 2.69, 2.9, 2.34, 2.23, 2.36, 2.43, 2.4, 2.26, 2.8, 3.02, 2.46, 2.38, 2.17], [4.22, 4.234, 3.05, 2.62, 3.32, 4.25, 4.94, 4.92, 4.74, 4.74, 4.7, 4.28, 3.88, 4.62, 5.69, 5.72, 6.36, 7.17, 9.019, 10.372, 10.0, 9.7, 10.11, 10.47, 10.12, 9.04, 8.14, 7.75, 7.67, 8.51, 9.37, 8.86, 8.08, 9.01, 8.13, 7.8, 9.51, 10.73, 11.929, 11.99, 11.77, 11.87, 11.49, 11.116, 10.21, 9.63, 9.49, 8.58, 8.43, 8.98, 8.91, 7.42, 4.87, 3.64, 3.87, 3.68, 3.38, 2.78, 1.68, 0, 1.14, 1.43, 1.11, 0.71, 1.4, 1.82, 1.62, 1.73, 2.22, 2.19, 2.13, 2.26, 2.34, 2.31, 2.44, 2.26, 2.13, 2.32, 2.35, 2.12, 1.88, 2.22, 2.18, 2.12, 2.02, 2.47], [3.48, 3.49, 2.21, 1.8, 2.46, 3.25, 4.0, 3.92, 3.84, 3.84, 3.82, 3.4, 3.0, 3.74, 4.79, 4.66, 5.44, 6.23, 7.947, 9.357, 9.02, 8.76, 9.13, 9.39, 9.04, 7.96, 7.06, 6.71, 6.59, 7.49, 8.29, 7.78, 7.04, 7.97, 7.05, 6.84, 8.49, 9.71, 10.912, 10.95, 10.71, 10.81, 10.41, 10.082, 9.17, 8.59, 8.49, 7.58, 7.39, 7.94, 7.87, 6.38, 3.83, 2.62, 2.97, 2.86, 2.58, 2.0, 0.96, 1.14, 0, 0.77, 0.83, 1.35, 2.12, 2.66, 2.22, 1.93, 2.02, 2.27, 2.17, 2.22, 2.3, 2.43, 2.62, 2.26, 2.15, 2.12, 2.25, 2.06, 1.86, 2.22, 2.46, 2.06, 1.96, 1.79], [3.29, 3.36, 2.16, 1.91, 2.47, 3.16, 3.87, 3.83, 3.75, 3.73, 3.77, 3.45, 3.09, 3.79, 4.8, 4.65, 5.43, 6.18, 7.892, 9.267, 8.91, 8.63, 9.04, 9.34, 8.99, 7.91, 7.01, 6.64, 6.54, 7.38, 8.24, 7.73, 6.97, 7.88, 7.0, 6.79, 8.4, 9.62, 10.822, 10.88, 10.64, 10.74, 10.36, 10.009, 9.1, 8.52, 8.4, 7.45, 7.3, 7.85, 7.78, 6.31, 3.74, 2.57, 2.94, 2.81, 2.57, 2.09, 1.29, 1.43, 0.77, 0, 0.86, 1.48, 2.17, 2.59, 2.25, 2.14, 2.29, 2.5, 2.36, 2.43, 2.47, 2.74, 2.87, 2.59, 2.38, 2.43, 2.38, 1.97, 1.65, 1.93, 2.33, 1.99, 1.83, 1.88], [3.53, 3.62, 2.48, 2.11, 2.77, 3.68, 4.37, 4.33, 4.25, 4.21, 4.17, 3.81, 3.39, 4.07, 5.14, 5.19, 5.89, 6.62, 8.449, 9.799, 9.43, 9.19, 9.54, 9.9, 9.55, 8.47, 7.57, 7.18, 7.1, 7.96, 8.8, 8.29, 7.51, 8.44, 7.58, 7.31, 8.94, 10.16, 11.379, 11.42, 11.2, 11.3, 10.92, 10.543, 9.64, 9.06, 8.92, 8.05, 7.92, 8.47, 8.4, 6.91, 4.36, 3.13, 3.38, 3.25, 3.03, 2.41, 1.55, 1.11, 0.83, 0.86, 0, 1.02, 1.71, 2.17, 1.99, 2.14, 2.53, 2.62, 2.52, 2.55, 2.67, 2.9, 3.05, 2.77, 2.56, 2.65, 2.54, 2.25, 1.79, 1.91, 1.95, 1.81, 1.77, 1.92], [4.11, 4.16, 3.1, 2.69, 3.37, 4.36, 4.99, 5.01, 4.79, 4.81, 4.79, 4.43, 4.01, 4.67, 5.76, 5.87, 6.53, 7.24, 9.129, 10.479, 10.11, 9.83, 10.22, 10.58, 10.23, 9.15, 8.25, 7.86, 7.78, 8.62, 9.48, 8.97, 8.19, 9.12, 8.26, 7.97, 9.62, 10.84, 12.05, 12.1, 11.88, 11.98, 11.6, 11.223, 10.32, 9.74, 9.6, 8.69, 8.52, 9.07, 9.0, 7.53, 4.96, 3.77, 3.98, 3.83, 3.59, 3.05, 1.97, 0.71, 1.35, 1.48, 1.02, 0, 1.15, 1.67, 1.55, 1.58, 2.23, 2.14, 2.02, 2.19, 2.37, 2.4, 2.59, 2.37, 2.26, 2.43, 2.32, 2.07, 1.69, 1.87, 1.99, 2.19, 2.13, 2.52], [5.02, 5.102, 3.97, 3.56, 4.24, 5.21, 5.88, 5.9, 5.72, 5.72, 5.68, 5.3, 4.9, 5.52, 6.63, 6.68, 7.34, 8.13, 9.924, 11.314, 10.96, 10.64, 11.07, 11.37, 11.02, 9.94, 9.04, 8.69, 8.59, 9.41, 10.27, 9.76, 9.02, 9.93, 9.03, 8.8, 10.45, 11.67, 12.869, 12.93, 12.69, 12.79, 12.39, 12.059, 11.15, 10.57, 10.45, 9.48, 9.37, 9.92, 9.85, 8.34, 5.83, 4.56, 4.89, 4.74, 4.5, 3.92, 2.78, 1.4, 2.12, 2.17, 1.71, 1.15, 0, 0.96, 0.7, 1.61, 2.3, 2.25, 2.17, 2.36, 2.44, 2.39, 2.62, 2.38, 2.37, 2.56, 2.51, 2.44, 2.12, 2.3, 2.42, 2.72, 2.66, 3.31], [5.42, 5.55, 4.37, 4.06, 4.72, 5.59, 6.2, 6.28, 6.02, 6.02, 6.08, 5.74, 5.32, 6.0, 7.05, 7.1, 7.74, 8.45, 10.37, 11.666, 11.3, 11.0, 11.39, 11.77, 11.42, 10.36, 9.5, 9.11, 9.05, 9.85, 10.71, 10.2, 9.4, 10.37, 9.51, 9.2, 10.83, 12.03, 13.26, 13.29, 13.07, 13.17, 12.79, 12.41, 11.49, 10.97, 10.83, 9.94, 9.77, 10.32, 10.25, 8.8, 6.25, 5.04, 5.21, 5.1, 4.9, 4.34, 3.22, 1.82, 2.66, 2.59, 2.17, 1.67, 0.96, 0, 0.96, 1.73, 2.56, 2.45, 2.29, 2.48, 2.7, 2.57, 2.82, 2.68, 2.65, 2.84, 2.73, 2.82, 2.5, 2.62, 2.7, 3.0, 2.82, 3.67], [5.3, 5.39, 4.23, 3.88, 4.56, 5.39, 6.06, 6.08, 5.92, 5.92, 5.96, 5.58, 5.16, 5.84, 6.89, 6.78, 7.54, 8.29, 10.07, 11.437, 11.08, 10.78, 11.21, 11.49, 11.14, 10.08, 9.22, 8.87, 8.77, 9.57, 10.43, 9.92, 9.18, 10.11, 9.21, 8.94, 10.59, 11.79, 12.98, 13.05, 12.81, 12.91, 12.51, 12.17, 11.27, 10.75, 10.63, 9.66, 9.39, 9.94, 9.89, 8.46, 5.87, 4.74, 5.07, 4.94, 4.62, 4.12, 2.92, 1.62, 2.22, 2.25, 1.99, 1.55, 0.7, 0.96, 0, 1.41, 2.16, 2.17, 2.13, 2.22, 2.26, 2.19, 2.4, 2.2, 2.31, 2.44, 2.55, 2.6, 2.36, 2.68, 2.82, 2.98, 2.82, 3.53], [4.93, 4.92, 3.68, 3.25, 3.99, 4.7, 5.31, 5.39, 5.27, 5.21, 5.27, 4.93, 4.49, 5.25, 6.22, 6.21, 6.91, 7.58, 9.44, 10.776, 10.41, 10.15, 10.5, 10.88, 10.53, 9.47, 8.61, 8.22, 8.16, 8.96, 9.82, 9.31, 8.51, 9.48, 8.62, 8.35, 9.96, 11.14, 12.35, 12.4, 12.18, 12.28, 11.9, 11.5, 10.6, 10.08, 9.94, 9.05, 8.92, 9.47, 9.4, 7.91, 5.4, 4.13, 4.36, 4.27, 4.01, 3.55, 2.39, 1.73, 1.93, 2.14, 2.14, 1.58, 1.61, 1.73, 1.41, 0, 1.07, 1.16, 1.22, 1.25, 1.13, 1.14, 1.29, 1.07, 1.36, 1.53, 1.64, 1.79, 1.87, 2.47, 3.31, 3.35, 3.05, 3.24], [4.62, 4.59, 3.27, 2.84, 3.62, 4.13, 4.64, 4.76, 4.82, 4.68, 4.84, 4.44, 4.02, 4.88, 5.71, 5.42, 6.22, 6.97, 8.55, 9.986, 9.62, 9.4, 9.75, 9.95, 9.6, 8.54, 7.72, 7.37, 7.29, 8.09, 8.89, 8.4, 7.74, 8.63, 7.69, 7.62, 9.15, 10.31, 11.48, 11.55, 11.31, 11.39, 10.97, 10.65, 9.75, 9.25, 9.17, 8.16, 7.97, 8.5, 8.43, 6.94, 4.43, 3.3, 3.75, 3.66, 3.42, 3.18, 2.3, 2.22, 2.02, 2.29, 2.53, 2.23, 2.3, 2.56, 2.16, 1.07, 0, 0.83, 1.05, 1.04, 0.98, 1.29, 1.26, 0.92, 0.97, 0.86, 1.43, 1.66, 2.26, 3.04, 3.8, 3.76, 3.54, 3.45], [4.49, 4.36, 3.08, 2.83, 3.67, 4.18, 4.49, 4.71, 4.83, 4.55, 4.51, 4.13, 3.73, 4.59, 5.4, 5.31, 5.93, 6.64, 8.54, 9.862, 9.51, 9.13, 9.56, 9.9, 9.55, 8.49, 7.63, 7.28, 7.2, 8.0, 8.9, 8.33, 7.57, 8.5, 7.68, 7.39, 9.04, 10.24, 11.41, 11.44, 11.2, 11.3, 10.92, 10.58, 9.66, 9.14, 9.0, 8.09, 8.02, 8.57, 8.5, 7.01, 4.5, 3.19, 3.56, 3.37, 3.27, 3.09, 2.41, 2.19, 2.27, 2.5, 2.62, 2.14, 2.25, 2.45, 2.17, 1.16, 0.83, 0, 0.84, 0.97, 1.09, 1.46, 1.11, 1.03, 1.06, 1.13, 1.24, 1.29, 1.97, 2.93, 3.73, 3.73, 3.51, 3.6], [4.25, 4.26, 2.98, 2.81, 3.49, 4.12, 4.51, 4.61, 4.63, 4.49, 4.51, 4.23, 3.85, 4.57, 5.54, 5.51, 6.17, 6.8, 8.72, 10.033, 9.65, 9.35, 9.72, 10.1, 9.75, 8.69, 7.83, 7.46, 7.4, 8.2, 9.06, 8.53, 7.73, 8.7, 7.86, 7.59, 9.18, 10.38, 11.61, 11.62, 11.4, 11.5, 11.12, 10.74, 9.82, 9.3, 9.16, 8.29, 8.14, 8.69, 8.62, 7.15, 4.62, 3.41, 3.56, 3.53, 3.45, 3.07, 2.33, 2.13, 2.17, 2.36, 2.52, 2.02, 2.17, 2.29, 2.13, 1.22, 1.05, 0.84, 0, 0.91, 1.05, 1.3, 1.27, 1.19, 0.92, 1.17, 1.5, 1.75, 2.03, 2.79, 3.69, 3.65, 3.41, 3.4], [4.44, 4.41, 3.11, 2.66, 3.52, 4.09, 4.66, 4.8, 4.82, 4.62, 4.68, 4.34, 3.86, 4.66, 5.67, 5.7, 6.36, 6.93, 8.921, 10.251, 9.86, 9.46, 9.85, 10.21, 9.88, 8.76, 7.9, 7.59, 7.55, 8.35, 9.29, 8.72, 7.78, 8.79, 8.03, 7.86, 9.43, 10.61, 11.78, 11.77, 11.47, 11.57, 11.19, 10.81, 9.85, 9.35, 9.21, 8.48, 8.43, 8.98, 8.91, 7.42, 4.91, 3.6, 3.87, 3.82, 3.6, 3.22, 2.24, 2.26, 2.22, 2.43, 2.55, 2.19, 2.36, 2.48, 2.22, 1.25, 1.04, 0.97, 0.91, 0, 0.92, 1.23, 1.4, 1.06, 1.13, 1.4, 1.53, 1.8, 2.26, 3.0, 3.7, 3.56, 3.34, 3.21], [4.92, 4.89, 3.57, 3.18, 4.0, 4.37, 5.04, 4.98, 5.14, 5.04, 5.08, 4.82, 4.4, 5.16, 6.11, 5.84, 6.56, 7.31, 8.95, 10.306, 9.98, 9.78, 10.05, 10.33, 9.98, 8.92, 8.06, 7.67, 7.65, 8.49, 9.31, 8.78, 8.02, 8.95, 8.07, 7.98, 9.51, 10.63, 11.84, 11.85, 11.63, 11.73, 11.35, 10.99, 10.07, 9.55, 9.47, 8.58, 8.47, 9.02, 8.95, 7.46, 4.95, 3.68, 4.11, 4.04, 3.86, 3.46, 2.48, 2.34, 2.3, 2.47, 2.67, 2.37, 2.44, 2.7, 2.26, 1.13, 0.98, 1.09, 1.05, 0.92, 0, 0.87, 1.04, 0.98, 1.29, 1.44, 1.55, 1.9, 2.34, 3.16, 3.94, 3.84, 3.66, 3.53], [5.37, 5.38, 4.1, 3.67, 4.43, 4.92, 5.63, 5.55, 5.61, 5.61, 5.63, 5.35, 4.95, 5.69, 6.66, 6.45, 7.15, 7.9, 9.54, 10.899, 10.53, 10.33, 10.6, 10.9, 10.55, 9.49, 8.63, 8.24, 8.22, 9.02, 9.88, 9.35, 8.59, 9.5, 8.64, 8.61, 10.12, 11.22, 12.43, 12.42, 12.22, 12.3, 11.92, 11.56, 10.64, 10.12, 10.02, 9.13, 9.06, 9.61, 9.54, 8.05, 5.54, 4.25, 4.7, 4.63, 4.43, 3.93, 2.69, 2.31, 2.43, 2.74, 2.9, 2.4, 2.39, 2.57, 2.19, 1.14, 1.29, 1.46, 1.3, 1.23, 0.87, 0, 1.01, 1.09, 1.58, 1.89, 1.86, 2.27, 2.59, 3.21, 3.93, 3.93, 3.69, 3.66], [5.22, 5.21, 3.89, 3.56, 4.34, 4.89, 5.4, 5.48, 5.44, 5.3, 5.42, 5.08, 4.66, 5.48, 6.37, 6.16, 6.76, 7.55, 9.39, 10.732, 10.36, 10.04, 10.47, 10.81, 10.46, 9.4, 8.54, 8.17, 8.09, 8.89, 9.75, 9.24, 8.48, 9.41, 8.51, 8.16, 9.87, 11.09, 12.24, 12.35, 12.11, 12.21, 11.83, 11.47, 10.57, 10.05, 9.91, 8.96, 8.79, 9.34, 9.27, 7.8, 5.27, 4.08, 4.35, 4.16, 4.04, 3.74, 2.9, 2.44, 2.62, 2.87, 3.05, 2.59, 2.62, 2.82, 2.4, 1.29, 1.26, 1.11, 1.27, 1.4, 1.04, 1.01, 0, 0.86, 1.31, 1.54, 1.85, 2.06, 2.56, 3.34, 4.24, 4.2, 4.0, 4.07], [4.72, 4.71, 3.43, 3.0, 3.74, 4.41, 5.02, 5.04, 4.96, 4.88, 4.94, 4.64, 4.22, 5.0, 5.93, 5.74, 6.42, 7.19, 8.99, 10.374, 10.02, 9.7, 10.13, 10.43, 10.08, 9.02, 8.16, 7.81, 7.71, 8.51, 9.37, 8.86, 8.12, 9.05, 8.15, 7.88, 9.53, 10.73, 11.92, 11.99, 11.75, 11.85, 11.45, 11.11, 10.21, 9.69, 9.57, 8.62, 8.47, 9.02, 8.95, 7.46, 4.95, 3.72, 4.03, 3.86, 3.58, 3.24, 2.34, 2.26, 2.26, 2.59, 2.77, 2.37, 2.38, 2.68, 2.2, 1.07, 0.92, 1.03, 1.19, 1.06, 0.98, 1.09, 0.86, 0, 0.93, 1.14, 1.91, 2.06, 2.52, 3.18, 4.0, 3.94, 3.78, 3.67], [4.17, 4.14, 2.9, 2.61, 3.31, 3.78, 4.27, 4.35, 4.53, 4.25, 4.41, 4.09, 3.65, 4.45, 5.36, 5.13, 5.81, 6.58, 8.3, 9.65, 9.29, 9.05, 9.4, 9.76, 9.41, 8.35, 7.49, 7.1, 7.04, 7.84, 8.7, 8.19, 7.41, 8.36, 7.48, 7.25, 8.82, 10.02, 11.21, 11.28, 11.06, 11.16, 10.78, 10.4, 9.5, 8.98, 8.84, 7.93, 7.76, 8.31, 8.24, 6.79, 4.24, 3.15, 3.46, 3.27, 2.97, 2.79, 2.23, 2.13, 2.15, 2.38, 2.56, 2.26, 2.37, 2.65, 2.31, 1.36, 0.97, 1.06, 0.92, 1.13, 1.29, 1.58, 1.31, 0.93, 0, 0.95, 1.48, 1.73, 2.15, 3.03