[[0, 0.57, 1.02, 1.63, 1.58, 3.34, 4.8, 5.02, 4.98, 5.5, 5.31, 5.78, 9.29, 11.35, 11.37, 11.63, 11.77, 12.24, 12.75, 12.53, 11.67, 10.32, 10.04, 10.92, 13.01, 14.45, 13.33, 12.05, 11.58, 14.09, 15.66, 15.85, 16.28, 16.31, 16.59, 16.85, 17.161, 17.001, 16.561, 15.851, 15.981, 16.527, 16.787, 16.657, 16.677, 17.047, 18.18, 17.573, 16.373, 16.03, 16.878, 16.583, 16.12, 15.667, 16.114, 16.001, 15.777, 16.427, 16.34, 16.62, 17.4, 18.861, 19.644, 18.76, 19.123, 20.869, 22.322, 22.322, 21.409, 19.885, 18.46, 18.698, 19.489, 20.044, 20.574, 21.218, 21.474, 21.433, 20.776, 20.234, 19.437, 18.669, 18.533, 17.025, 15.433, 15.713], [0.57, 0, 0.85, 1.56, 1.51, 3.21, 4.55, 4.75, 4.73, 5.31, 5.16, 5.59, 9.22, 11.36, 11.36, 11.64, 11.8, 12.29, 12.78, 12.56, 11.66, 10.31, 10.03, 10.91, 13.02, 14.42, 13.32, 12.02, 11.57, 14.14, 15.71, 15.9, 16.33, 16.36, 16.64, 16.9, 17.208, 17.048, 16.608, 15.898, 16.028, 16.517, 16.777, 16.63, 16.65, 17.034, 18.167, 17.597, 16.417, 16.028, 16.916, 16.607, 16.164, 15.714, 16.138, 16.048, 15.801, 16.451, 16.333, 16.63, 17.373, 18.902, 19.634, 18.753, 19.136, 20.845, 22.318, 22.312, 21.376, 19.855, 18.39, 18.642, 19.464, 19.997, 20.487, 21.176, 21.449, 21.377, 20.742, 20.161, 19.344, 18.559, 18.437, 17.02, 15.426, 15.706], [1.02, 0.85, 0, 1.09, 1.22, 2.96, 4.24, 4.4, 4.26, 4.88, 4.75, 5.28, 8.81, 10.87, 10.97, 11.27, 11.43, 11.92, 12.39, 12.17, 11.27, 9.96, 9.68, 10.54, 12.63, 14.01, 12.95, 11.65, 11.2, 13.77, 15.34, 15.53, 15.96, 15.99, 16.27, 16.53, 16.835, 16.675, 16.235, 15.525, 15.655, 16.118, 16.378, 16.208, 16.248, 16.641, 17.774, 17.207, 16.044, 15.644, 16.54, 16.217, 15.791, 15.341, 15.748, 15.675, 15.411, 16.061, 15.886, 16.14, 16.951, 18.517, 19.229, 18.306, 18.728, 20.424, 21.917, 21.908, 20.946, 19.37, 17.929, 18.167, 19.005, 19.541, 20.017, 20.7, 20.976, 20.909, 20.243, 19.679, 18.842, 18.089, 17.921, 16.624, 14.956, 15.278], [1.63, 1.56, 1.09, 0, 0.95, 2.37, 3.47, 3.67, 3.55, 4.13, 3.92, 4.53, 8.0, 10.0, 10.06, 10.34, 10.52, 11.01, 11.46, 11.26, 10.38, 9.07, 8.79, 9.65, 11.74, 13.16, 12.06, 10.78, 10.31, 12.84, 14.41, 14.6, 15.03, 15.06, 15.34, 15.6, 15.905, 15.745, 15.305, 14.595, 14.725, 15.214, 15.474, 15.344, 15.364, 15.737, 16.87, 16.28, 15.114, 14.737, 15.619, 15.29, 14.861, 14.411, 14.821, 14.745, 14.484, 15.134, 14.987, 15.284, 16.081, 17.599, 18.328, 17.424, 17.804, 19.554, 21.003, 21.003, 20.061, 18.538, 17.013, 17.334, 18.124, 18.7, 19.23, 19.87, 20.138, 20.085, 19.396, 18.787, 17.989, 17.302, 17.089, 15.686, 14.083, 14.36], [1.58, 1.51, 1.22, 0.95, 0, 2.24, 3.4, 3.68, 3.74, 4.18, 4.11, 4.52, 8.13, 10.31, 10.25, 10.53, 10.61, 11.14, 11.59, 11.37, 10.53, 9.18, 8.92, 9.8, 12.01, 13.33, 12.21, 10.93, 10.44, 12.99, 14.56, 14.75, 15.18, 15.21, 15.49, 15.749, 16.052, 15.892, 15.452, 14.742, 14.872, 15.407, 15.667, 15.54, 15.56, 15.91, 17.043, 16.444, 15.276, 14.939, 15.778, 15.446, 15.023, 14.558, 14.977, 14.907, 14.62, 15.29, 15.269, 15.56, 16.292, 17.769, 18.529, 17.689, 18.034, 19.756, 21.208, 21.188, 20.32, 18.828, 17.412, 17.644, 18.451, 18.967, 19.437, 20.107, 20.397, 20.31, 19.701, 19.185, 18.385, 17.58, 17.478, 16.036, 14.344, 14.627], [3.34, 3.21, 2.96, 2.37, 2.24, 0, 1.86, 2.06, 2.32, 2.68, 2.55, 2.98, 6.59, 8.79, 8.71, 8.93, 9.03, 9.46, 9.99, 9.77, 8.95, 7.6, 7.36, 8.22, 10.45, 11.79, 10.67, 9.37, 8.86, 11.29, 12.86, 13.05, 13.48, 13.51, 13.79, 14.05, 14.367, 14.207, 13.767, 13.057, 13.187, 13.85, 14.11, 14.0, 14.02, 14.353, 15.469, 14.884, 13.619, 13.362, 14.099, 13.829, 13.366, 12.873, 13.36, 13.25, 13.043, 13.713, 13.749, 14.04, 14.772, 16.136, 16.936, 16.169, 16.514, 18.201, 19.654, 19.614, 18.8, 17.313, 15.9, 16.132, 16.937, 17.459, 17.909, 18.587, 18.877, 18.795, 18.184, 17.668, 16.871, 16.069, 15.967, 14.516, 12.824, 13.107], [4.8, 4.55, 4.24, 3.47, 3.4, 1.86, 0, 0.76, 1.16, 1.26, 1.13, 1.28, 4.93, 7.11, 7.09, 7.47, 7.59, 8.12, 8.55, 8.33, 7.43, 6.04, 5.8, 6.72, 8.97, 10.13, 9.03, 7.69, 7.3, 9.97, 11.54, 11.73, 12.16, 12.19, 12.47, 12.723, 13.026, 12.866, 12.426, 11.716, 11.846, 12.25, 12.49, 12.36, 12.4, 12.733, 13.852, 13.464, 12.235, 11.882, 12.755, 12.405, 11.976, 11.532, 11.936, 11.866, 11.559, 12.189, 12.209, 12.38, 13.192, 14.729, 15.424, 14.489, 14.917, 16.521, 18.034, 17.983, 17.12, 15.63, 14.252, 14.447, 15.254, 15.77, 16.22, 16.907, 17.197, 17.113, 16.521, 15.988, 15.228, 14.383, 14.301, 12.976, 11.184, 11.49], [5.02, 4.75, 4.4, 3.67, 3.68, 2.06, 0.76, 0, 1.06, 1.2, 1.13, 1.18, 4.87, 7.05, 7.07, 7.45, 7.57, 8.1, 8.53, 8.31, 7.41, 6.02, 5.78, 6.7, 8.91, 10.07, 8.99, 7.59, 7.22, 9.949, 11.519, 11.709, 12.14, 12.17, 12.449, 12.692, 12.995, 12.835, 12.395, 11.685, 11.815, 12.15, 12.39, 12.26, 12.3, 12.633, 13.769, 13.424, 12.203, 11.862, 12.72, 12.373, 11.944, 11.501, 11.905, 11.835, 11.508, 12.149, 12.169, 12.32, 13.149, 14.697, 15.4, 14.369, 14.814, 16.481, 17.974, 17.883, 16.998, 15.568, 14.129, 14.307, 15.114, 15.627, 16.08, 16.804, 17.094, 16.987, 16.398, 15.908, 15.085, 14.243, 14.201, 12.916, 11.159, 11.444], [4.98, 4.73, 4.26, 3.55, 3.74, 2.32, 1.16, 1.06, 0, 1.18, 1.19, 1.52, 4.99, 7.05, 7.23, 7.61, 7.73, 8.26, 8.69, 8.47, 7.57, 6.2, 5.96, 6.86, 8.97, 10.21, 9.15, 7.79, 7.38, 10.1, 11.67, 11.86, 12.3, 12.33, 12.6, 12.843, 13.146, 12.986, 12.546, 11.836, 11.966, 12.275, 12.535, 12.331, 12.365, 12.798, 13.971, 13.515, 12.355, 11.946, 12.845, 12.525, 12.102, 11.652, 12.056, 11.986, 11.688, 12.318, 12.159, 12.36, 13.225, 14.822, 15.514, 14.434, 14.891, 16.655, 18.119, 18.016, 17.054, 15.573, 14.032, 14.226, 15.073, 15.603, 16.133, 16.889, 17.147, 17.02, 16.352, 15.796, 14.896, 14.126, 14.046, 12.907, 11.207, 11.481], [5.5, 5.31, 4.88, 4.13, 4.18, 2.68, 1.26, 1.2, 1.18, 0, 1.07, 1.2, 4.21, 6.37, 6.41, 6.75, 6.87, 7.4, 7.83, 7.61, 6.73, 5.4, 5.16, 6.02, 8.15, 9.41, 8.33, 6.97, 6.56, 9.24, 10.81, 11.0, 11.44, 11.47, 11.74, 11.983, 12.286, 12.126, 11.686, 10.976, 11.106, 11.461, 11.721, 11.534, 11.554, 11.984, 13.157, 12.704, 11.495, 11.135, 12.006, 11.7, 11.242, 10.792, 11.231, 11.126, 10.834, 11.464, 11.389, 11.62, 12.469, 13.977, 14.738, 13.669, 14.091, 15.869, 17.319, 17.217, 16.298, 14.885, 13.403, 13.598, 14.371, 14.884, 15.431, 16.164, 16.414, 16.321, 15.701, 15.225, 14.342, 13.515, 13.492, 12.156, 10.456, 10.701], [5.31, 5.16, 4.75, 3.92, 4.11, 2.55, 1.13, 1.13, 1.19, 1.07, 0, 0.93, 4.24, 6.38, 6.48, 6.86, 6.98, 7.51, 7.94, 7.72, 6.82, 5.45, 5.21, 6.11, 8.26, 9.46, 8.4, 7.04, 6.63, 9.347, 10.917, 11.107, 11.55, 11.58, 11.847, 12.09, 12.393, 12.233, 11.793, 11.083, 11.213, 11.528, 11.788, 11.561, 11.618, 12.051, 13.224, 12.782, 11.602, 11.193, 12.107, 11.772, 11.349, 10.899, 11.303, 11.233, 10.938, 11.568, 11.459, 11.63, 12.522, 14.072, 14.787, 13.719, 14.15, 15.914, 17.384, 17.261, 16.35, 14.932, 13.493, 13.671, 14.404, 14.937, 15.507, 16.205, 16.455, 16.377, 15.745, 15.287, 14.409, 13.619, 13.566, 12.249, 10.494, 10.771], [5.78, 5.59, 5.28, 4.53, 4.52, 2.98, 1.28, 1.18, 1.52, 1.2, 0.93, 0, 3.83, 5.99, 6.01, 6.41, 6.53, 7.06, 7.49, 7.27, 6.37, 4.98, 4.74, 5.66, 7.87, 9.01, 7.93, 6.51, 6.18, 8.903, 10.473, 10.663, 11.1, 11.13, 11.403, 11.646, 11.949, 11.789, 11.349, 10.639, 10.769, 11.087, 11.327, 11.16, 11.2, 11.561, 12.694, 12.367, 11.158, 10.778, 11.651, 11.328, 10.895, 10.455, 10.859, 10.789, 10.482, 11.092, 11.092, 11.24, 12.092, 13.628, 14.351, 13.252, 13.737, 15.436, 16.928, 16.8, 15.863, 14.51, 13.092, 13.235, 14.014, 14.556, 15.043, 15.71, 16.0, 15.895, 15.369, 14.868, 14.028, 13.143, 13.164, 11.884, 10.104, 10.373], [9.29, 9.22, 8.81, 8.0, 8.13, 6.59, 4.93, 4.87, 4.99, 4.21, 4.24, 3.83, 0, 2.26, 2.3, 2.64, 2.82, 3.31, 3.72, 3.5, 2.6, 1.31, 1.47, 1.99, 4.14, 5.22, 4.16, 2.86, 2.51, 5.14, 6.71, 6.9, 7.33, 7.36, 7.64, 7.888, 8.191, 8.031, 7.591, 6.881, 7.011, 7.38, 7.62, 7.47, 7.51, 7.871, 9.042, 8.654, 7.399, 7.034, 7.939, 7.569, 7.146, 6.696, 7.101, 7.051, 6.79, 7.345, 7.339, 7.51, 8.362, 9.879, 10.585, 9.639, 10.047, 11.686, 13.156, 13.158, 12.304, 10.84, 9.49, 9.66, 10.456, 10.989, 11.436, 12.169, 12.407, 12.35, 11.794, 11.204, 10.49, 9.805, 9.557, 8.58, 7.04, 6.76], [11.35, 11.36, 10.87, 10.0, 10.31, 8.79, 7.11, 7.05, 7.05, 6.37, 6.38, 5.99, 2.26, 0, 1.26, 1.52, 1.72, 2.03, 2.24, 1.9, 1.52, 1.81, 2.21, 1.97, 2.4, 3.42, 2.52, 1.84, 1.39, 3.3, 4.85, 5.02, 5.45, 5.46, 5.74, 5.991, 6.293, 6.133, 5.733, 4.983, 5.16, 5.56, 5.74, 5.63, 5.65, 6.0, 7.072, 6.662, 5.602, 5.202, 6.082, 5.772, 5.289, 4.859, 5.223, 5.22, 4.99, 5.58, 5.45, 5.49, 6.39, 8.016, 8.656, 7.589, 8.089, 9.782, 11.263, 11.226, 10.323, 9.04, 7.77, 7.744, 8.571, 9.087, 9.64, 10.181, 10.394, 10.394, 9.808, 9.255, 8.618, 8.054, 7.87, 7.06, 5.78, 5.36], [11.37, 11.36, 10.97, 10.06, 10.25, 8.71, 7.09, 7.07, 7.23, 6.41, 6.48, 6.01, 2.3, 1.26, 0, 1.06, 1.24, 1.37, 1.64, 1.46, 1.36, 1.83, 2.31, 1.99, 2.52, 3.26, 2.48, 1.72, 1.25, 2.96, 4.51, 4.72, 5.09, 5.12, 5.4, 5.653, 5.98, 5.816, 5.356, 4.646, 4.82, 5.2, 5.48, 5.37, 5.33, 5.7, 6.905, 6.558, 5.273, 4.873, 5.753, 5.503, 5.07, 4.6, 4.886, 4.92, 4.79, 5.28, 5.37, 5.67, 6.41, 7.74, 8.377, 7.59, 7.95, 9.6, 11.02, 11.03, 10.403, 9.22, 8.07, 8.221, 8.974, 9.447, 10.034, 10.404, 10.605, 10.674, 10.223, 9.633, 9.075, 8.514, 8.29, 7.22, 6.1, 5.38], [11.63, 11.64, 11.27, 10.34, 10.53, 8.93, 7.47, 7.45, 7.61, 6.75, 6.86, 6.41, 2.64, 1.52, 1.06, 0, 0.82, 1.05, 1.34, 1.16, 1.0, 1.73, 1.87, 1.59, 2.62, 3.52, 2.46, 1.38, 1.21, 2.8, 4.45, 4.62, 4.83, 4.96, 5.12, 5.26, 5.64, 5.46, 5.0, 4.27, 4.5, 5.12, 5.4, 5.35, 5.29, 5.68, 6.925, 6.558, 5.19, 4.81, 5.59, 5.42, 5.07, 4.32, 4.57, 4.76, 4.89, 5.24, 5.51, 5.93, 6.57, 7.6, 8.14, 7.73, 8.09, 9.68, 11.045, 10.985, 10.52, 9.44, 8.33, 8.475, 9.208, 9.701, 10.231, 10.678, 10.848, 10.905, 10.46, 9.89, 9.333, 8.725, 8.468, 7.22, 6.14, 5.42], [11.77, 11.8, 11.43, 10.52, 10.61, 9.03, 7.59, 7.57, 7.73, 6.87, 6.98, 6.53, 2.82, 1.72, 1.24, 0.82, 0, 0.75, 1.12, 1.02, 1.1, 1.77, 1.95, 1.43, 2.42, 3.22, 2.24, 1.5, 1.05, 2.54, 4.15, 4.34, 4.59, 4.72, 4.92, 5.14, 5.48, 5.3, 4.842, 4.132, 4.28, 4.94, 5.26, 5.17, 5.15, 5.5, 6.722, 6.338, 4.964, 4.632, 5.335, 5.094, 4.805, 4.1, 4.37, 4.48, 4.53, 4.92, 5.25, 5.69, 6.35, 7.36, 7.96, 7.55, 7.89, 9.48, 10.857, 10.774, 10.314, 9.12, 8.01, 8.203, 8.956, 9.429, 9.976, 10.386, 10.596, 10.647, 10.154, 9.624, 9.007, 8.323, 8.108, 6.74, 5.68, 5.0], [12.24, 12.29, 11.92, 11.01, 11.14, 9.46, 8.12, 8.1, 8.26, 7.4, 7.51, 7.06, 3.31, 2.03, 1.37, 1.05, 0.75, 0, 0.95, 0.89, 1.31, 2.24, 2.4, 1.78, 2.35, 2.97, 2.21, 1.45, 1.18, 2.15, 3.76, 3.93, 4.14, 4.31, 4.45, 4.65, 4.95, 4.77, 4.327, 3.62, 3.83, 4.63, 4.95, 4.86, 4.84, 5.19, 6.415, 6.028, 4.588, 4.282, 4.925, 4.764, 4.455, 3.59, 4.02, 4.09, 4.22, 4.63, 4.94, 5.4, 6.06, 6.99, 7.61, 7.24, 7.6, 9.185, 10.55, 10.467, 10.004, 8.81, 7.7, 7.893, 8.646, 9.119, 9.675, 10.079, 10.286, 10.34, 9.844, 9.314, 8.7, 8.055, 7.84, 6.59, 5.83, 5.07], [12.75, 12.78, 12.39, 11.46, 11.59, 9.99, 8.55, 8.53, 8.69, 7.83, 7.94, 7.49, 3.72, 2.24, 1.64, 1.34, 1.12, 0.95, 0, 0.72, 1.6, 2.73, 2.91, 2.13, 2.16, 2.78, 2.04, 1.78, 1.71, 1.98, 3.47, 3.62, 3.83, 4.04, 4.1, 4.22, 4.58, 4.42, 3.92, 3.21, 3.46, 4.24, 4.58, 4.47, 4.43, 4.82, 6.045, 5.698, 4.295, 3.99, 4.69, 4.4, 4.13, 3.26, 3.63, 3.84, 3.91, 4.32, 4.65, 5.03, 5.71, 6.7, 7.26, 6.87, 7.23, 8.815, 10.18, 10.08, 9.643, 8.6, 7.41, 7.558, 8.291, 8.784, 9.337, 9.761, 9.928, 9.991, 9.565, 8.97, 8.415, 7.9, 7.63, 6.54, 5.72, 4.98], [12.53, 12.56, 12.17, 11.26, 11.37, 9.77, 8.33, 8.31, 8.47, 7.61, 7.72, 7.27, 3.5, 1.9, 1.46, 1.16, 1.02, 0.89, 0.72, 0, 1.18, 2.33, 2.57, 1.95, 2.14, 3.0, 1.86, 1.42, 1.31, 2.22, 3.77, 3.92, 4.15, 4.32, 4.38, 4.52, 4.88, 4.66, 4.16, 3.43, 3.76, 4.48, 4.82, 4.71, 4.69, 5.1, 6.325, 5.981, 4.615, 4.25, 4.95, 4.757, 4.43, 3.6, 3.93, 4.18, 4.25, 4.6, 4.95, 5.33, 6.05, 6.98, 7.54, 7.15, 7.55, 9.12, 10.465, 10.371, 9.994, 8.9, 7.75, 7.895, 8.645, 9.121, 9.677, 10.098, 10.285, 10.345, 9.885, 9.31, 8.753, 8.2, 7.99, 6.88, 6.14, 5.36], [11.67, 11.66, 11.27, 10.38, 10.53, 8.95, 7.43, 7.41, 7.57, 6.73, 6.82, 6.37, 2.6, 1.52, 1.36, 1.0, 1.1, 1.31, 1.6, 1.18, 0, 1.47, 1.73, 1.27, 2.48, 3.38, 2.0, 1.18, 0.95, 2.72, 4.41, 4.58, 4.83, 4.9, 5.04, 5.3, 5.66, 5.48, 5.02, 4.35, 4.52, 5.1, 5.38, 5.27, 5.25, 5.58, 6.83, 6.524, 5.235, 4.758, 5.57, 5.417, 5.05, 4.4, 4.61, 4.82, 4.87, 5.18, 5.51, 5.89, 6.59, 7.56, 8.1, 7.63, 8.07, 9.64, 10.95, 10.877, 10.537, 9.48, 8.33, 8.464, 9.205, 9.681, 10.237, 10.658, 10.845, 10.905, 10.448, 9.87, 9.313, 8.771, 8.53, 7.36, 6.38, 5.64], [10.32, 10.31, 9.96, 9.07, 9.18, 7.6, 6.04, 6.02, 6.2, 5.4, 5.45, 4.98, 1.31, 1.81, 1.83, 1.73, 1.77, 2.24, 2.73, 2.33, 1.47, 0, 0.9, 1.18, 3.33, 4.33, 3.13, 1.85, 1.5, 3.93, 5.5, 5.69, 6.12, 6.15, 6.43, 6.686, 6.989, 6.829, 6.389, 5.679, 5.829, 6.33, 6.55, 6.48, 6.5, 6.79, 7.963, 7.619, 6.274, 5.936, 6.784, 6.464, 6.078, 5.59, 5.92, 5.93, 5.78, 6.23, 6.44, 6.8, 7.52, 8.75, 9.404, 8.72, 9.06, 10.67, 12.112, 12.058, 11.464, 10.23, 9.14, 9.333, 10.086, 10.559, 11.106, 11.519, 11.726, 11.78, 11.284, 10.754, 10.14, 9.493, 9.258, 7.93, 6.53, 5.93], [10.04, 10.03, 9.68, 8.79, 8.92, 7.36, 5.8, 5.78, 5.96, 5.16, 5.21, 4.74, 1.47, 2.21, 2.31, 1.87, 1.95, 2.4, 2.91, 2.57, 1.73, 0.9, 0, 1.14, 3.57, 4.59, 3.37, 2.09, 1.72, 4.19, 5.78, 5.95, 6.36, 6.41, 6.67, 6.929, 7.232, 7.072, 6.632, 5.922, 6.052, 6.55, 6.81, 6.72, 6.72, 7.05, 8.266, 7.899, 6.539, 6.179, 7.027, 6.669, 6.349, 5.738, 6.16, 6.11, 6.02, 6.49, 6.66, 7.06, 7.74, 9.01, 9.659, 9.0, 9.34, 10.916, 12.352, 12.355, 11.695, 10.43, 9.2, 9.459, 10.198, 10.71, 11.198, 11.599, 11.869, 11.888, 11.324, 10.885, 10.18, 9.51, 9.307, 7.87, 6.53, 6.09], [10.92, 10.91, 10.54, 9.65, 9.8, 8.22, 6.72, 6.7, 6.86, 6.02, 6.11, 5.66, 1.99, 1.97, 1.99, 1.59, 1.43, 1.78, 2.13, 1.95, 1.27, 1.18, 1.14, 0, 2.55, 3.63, 2.55, 1.45, 1.12, 3.27, 4.82, 5.01, 5.44, 5.47, 5.75, 6.01, 6.315, 6.155, 5.715, 5.02, 5.15, 5.67, 5.91, 5.82, 5.84, 6.139, 7.337, 6.876, 5.553, 5.21, 6.084, 5.697, 5.329, 4.821, 5.228, 5.17, 5.02, 5.57, 5.66, 6.08, 6.76, 8.058, 8.738, 8.077, 8.38, 10.01, 11.455, 11.441, 10.746, 9.47, 8.278, 8.508, 9.24, 9.73, 10.284, 10.653, 10.898, 10.96, 10.433, 9.909, 9.274, 8.635, 8.344, 7.03, 6.01, 5.45], [13.01, 13.02, 12.63, 11.74, 12.01, 10.45, 8.97, 8.91, 8.97, 8.15, 8.26, 7.87, 4.14, 2.4, 2.52, 2.62, 2.42, 2.35, 2.16, 2.14, 2.48, 3.33, 3.57, 2.55, 0, 1.6, 1.34, 2.0, 2.17, 1.68, 2.89, 3.06, 3.45, 3.36, 3.72, 4.12, 4.52, 4.42, 4.18, 3.51, 3.8, 4.04, 4.14, 4.03, 4.05, 4.44, 5.21, 4.617, 3.66, 3.36, 4.08, 3.75, 3.27, 3.16, 3.19, 3.18, 3.21, 3.7, 3.61, 3.77, 4.45, 5.951, 6.657, 5.756, 6.17, 7.94, 9.353, 9.353, 8.57, 7.34, 6.17, 6.214, 6.92, 7.413, 8.063, 8.607, 8.74, 8.719, 8.33, 7.62, 7.14, 6.97, 6.73, 5.84, 5.72, 5.1], [14.45, 14.42, 14.01, 13.16, 13.33, 11.79, 10.13, 10.07, 10.21, 9.41, 9.46, 9.01, 5.22, 3.42, 3.26, 3.52, 3.22, 2.97, 2.78, 3.0, 3.38, 4.33, 4.59, 3.63, 1.6, 0, 1.68, 2.9, 3.09, 1.66, 2.49, 2.72, 2.87, 2.82, 3.24, 3.82, 4.26, 4.0, 3.96, 3.39, 3.64, 3.92, 3.92, 3.79, 3.71, 4.08, 4.39, 4.18, 3.36, 3.28, 3.5, 3.29, 3.03, 3.0, 2.53, 2.66, 2.91, 3.2, 3.37, 3.39, 3.97, 5.04, 5.42, 4.73, 5.13, 6.6, 8.01, 8.01, 7.61, 6.92, 5.75, 5.726, 6.274, 6.498, 7.096, 7.406, 7.616, 7.764, 7.75, 7.2, 6.7, 6.95, 6.61, 6.02, 5.94, 5.26], [13.33, 13.32, 12.95, 12.06, 12.21, 10.67, 9.03, 8.99, 9.15, 8.33, 8.4, 7.93, 4.16, 2.52, 2.48, 2.46, 2.24, 2.21, 2.04, 1.86, 2.0, 3.13, 3.37, 2.55, 1.34, 1.68, 0, 1.54, 1.99, 2.14, 3.35, 3.48, 3.53, 3.46, 3.74, 4.22, 4.56, 4.26, 4.04, 3.65, 4.1, 4.18, 4.26, 4.11, 4.09, 4.66, 5.11, 5.1, 4.08, 3.68, 4.1, 4.19, 3.81, 3.2, 3.13, 3.36, 3.89, 4.14, 4.43, 4.43, 5.01, 6.08, 6.54, 5.85, 6.35, 8.04, 9.25, 9.205, 8.97, 8.14, 7.01, 6.895, 7.559, 8.013, 8.613, 8.957, 9.127, 9.191, 9.07, 8.44, 7.78, 7.89, 7.69, 6.88, 6.48, 5.72], [12.05, 12.02, 11.65, 10.78, 10.93, 9.37, 7.69, 7.59, 7.79, 6.97, 7.04, 6.51, 2.86, 1.84, 1.72, 1.38, 1.5, 1.45, 1.78, 1.42, 1.18, 1.85, 2.09, 1.45, 2.0, 2.9, 1.54, 0, 1.07, 2.64, 4.19, 4.36, 4.65, 4.72, 4.94, 5.18, 5.48, 5.36, 4.94, 4.31, 4.56, 4.74, 5.0, 4.89, 4.87, 5.18, 6.41, 6.261, 4.955, 4.56, 5.335, 5.125, 4.77, 4.12, 4.39, 4.5, 4.53, 4.98, 5.19, 5.41, 6.17, 7.34, 7.9, 7.09, 7.61, 9.18, 10.568, 10.491, 9.945, 9.02, 7.85, 7.844, 8.577, 9.093, 9.68, 10.087, 10.26, 10.279, 9.985, 9.375, 8.798, 8.266, 8.11, 7.16, 6.6, 5.8], [11.58, 11.57, 11.2, 10.31, 10.44, 8.86, 7.3, 7.22, 7.38, 6.56, 6.63, 6.18, 2.51, 1.39, 1.25, 1.21, 1.05, 1.18, 1.71, 1.31, 0.95, 1.5, 1.72, 1.12, 2.17, 3.09, 1.99, 1.07, 0, 2.77, 4.32, 4.51, 4.92, 4.97, 5.23, 5.475, 5.798, 5.618, 5.198, 4.488, 4.618, 5.01, 5.25, 5.16, 5.18, 5.51, 6.643, 6.388, 5.071, 4.696, 5.526, 5.281, 4.898, 4.388, 4.688, 4.71, 4.48, 5.03, 5.18, 5.56, 6.3, 7.55, 8.21, 7.42, 7.76, 9.465, 10.858, 10.801, 10.179, 8.93, 7.8, 8.028, 8.763, 9.236, 9.792, 10.176, 10.42, 10.454, 9.944, 9.471, 8.797, 8.144, 8.0, 6.81, 5.85, 5.09], [14.09, 14.14, 13.77, 12.84, 12.99, 11.29, 9.97, 9.949, 10.1, 9.24, 9.347, 8.903, 5.14, 3.3, 2.96, 2.8, 2.54, 2.15, 1.98, 2.22, 2.72, 3.93, 4.19, 3.27, 1.68, 1.66, 2.14, 2.64, 2.77, 0, 1.83, 1.98, 2.33, 2.32, 2.52, 2.92, 3.46, 3.38, 3.18, 2.49, 2.58, 3.32, 3.24, 3.31, 3.23, 3.4, 4.43, 3.984, 2.8, 2.56, 3.06, 2.91, 2.55, 2.34, 2.17, 2.3, 2.39, 2.8, 3.11, 3.43, 4.11, 5.02, 5.72, 5.19, 5.63, 7.18, 8.55, 8.517, 8.123, 7.08, 5.91, 6.028, 6.754, 7.25, 7.82, 8.224, 8.394, 8.456, 8.065, 7.435, 6.96, 6.57, 6.13, 5.24, 5.24, 4.56], [15.66, 15.71, 15.34, 14.41, 14.56, 12.86, 11.54, 11.519, 11.67, 10.81, 10.917, 10.473, 6.71, 4.85, 4.51, 4.45, 4.15, 3.76, 3.47, 3.77, 4.41, 5.5, 5.78, 4.82, 2.89, 2.49, 3.35, 4.19, 4.32, 1.83, 0, 0.49, 0.9, 0.89, 1.29, 1.57, 2.33, 2.17, 2.05, 1.56, 1.55, 2.37, 2.47, 2.3, 2.16, 2.33, 2.94, 2.49, 1.43, 1.71, 1.69, 1.76, 1.44, 1.69, 1.3, 1.17, 1.3, 1.53, 1.86, 2.02, 2.46, 3.41, 4.182, 3.62, 3.96, 5.53, 6.983, 6.94, 6.48, 5.53, 4.36, 4.385, 5.114, 5.684, 6.241, 6.618, 6.754, 6.793, 6.44, 5.85, 5.41, 5.38, 5.04, 4.33, 4.65, 4.05], [15.85, 15.9, 15.53, 14.6, 14.75, 13.05, 11.73, 11.709, 11.86, 11.0, 11.107, 10.663, 6.9, 5.02, 4.72, 4.62, 4.34, 3.93, 3.62, 3.92, 4.58, 5.69, 5.95, 5.01, 3.06, 2.72, 3.48, 4.36, 4.51, 1.98, 0.49, 0, 0.71, 0.8, 1.3, 1.42, 2.08, 1.94, 1.82, 1.49, 1.46, 2.24, 2.28, 2.13, 1.99, 2.14, 2.75, 2.36, 1.34, 1.7, 1.52, 1.63, 1.39, 1.72, 1.39, 1.26, 1.35, 1.56, 1.93, 1.97, 2.31, 3.24, 4.02, 3.49, 3.83, 5.42, 6.813, 6.81, 6.37, 5.42, 4.29, 4.295, 4.95, 5.521, 6.048, 6.458, 6.578, 6.625, 6.35, 5.74, 5.18, 5.23, 4.89, 4.18, 4.7, 4.12], [16.28, 16.33, 15.96, 15.03, 15.18, 13.48, 12.16, 12.14, 12.3, 11.44, 11.55, 11.1, 7.33, 5.45, 5.09, 4.83, 4.59, 4.14, 3.83, 4.15, 4.83, 6.12, 6.36, 5.44, 3.45, 2.87, 3.53, 4.65, 4.92, 2.33, 0.9, 0.71, 0, 0.73, 1.11, 1.21, 1.73, 1.47, 1.45, 1.26, 1.39, 2.01, 2.09, 1.94, 1.78, 1.99, 2.46, 2.23, 1.41, 1.79, 1.19, 1.62, 1.44, 1.59, 1.24, 1.17, 1.44, 1.57, 1.96, 1.94, 2.2, 2.99, 3.63, 3.24, 3.58, 5.23, 6.54, 6.472, 6.24, 5.39, 4.24, 4.142, 4.848, 5.31, 5.88, 6.23, 6.38, 6.438, 6.32, 5.69, 5.07, 5.22, 4.9, 4.19, 4.71, 4.21], [16.31, 16.36, 15.99, 15.06, 15.21, 13.51, 12.19, 12.17, 12.33, 11.47, 11.58, 11.13, 7.36, 5.46, 5.12, 4.96, 4.72, 4.31, 4.04, 4.32, 4.9, 6.15, 6.41, 5.47, 3.36, 2.82, 3.46, 4.72, 4.97, 2.32, 0.89, 0.8, 0.73, 0, 0.92, 1.14, 1.74, 1.62, 1.46, 1.39, 1.38, 2.1, 2.08, 1.95, 1.77, 1.96, 2.29, 1.96, 1.32, 1.64, 1.22, 1.39, 1.19, 1.52, 0.91, 1.06, 1.31, 1.3, 1.75, 1.79, 2.03, 2.82, 3.48, 3.03, 3.43, 5.14, 6.35, 6.33, 6.13, 5.26, 4.13, 4.078, 4.719, 5.261, 5.848, 6.158, 6.29, 6.351, 6.19, 5.56, 5.0, 5.23, 4.89, 4.18, 4.62, 4.06], [16.59, 16.64, 16.27, 15.34, 15.49, 13.79, 12.47, 12.449, 12.6, 11.74, 11.847, 11.403, 7.64, 5.74, 5.4, 5.12, 4.92, 4.45, 4.1, 4.38, 5.04, 6.43, 6.67, 5.75, 3.72, 3.24, 3.74, 4.94, 5.23, 2.52, 1.29, 1.3, 1.11, 0.92, 0, 1.06, 1.62, 1.64, 1.62, 1.51, 1.38, 2.18, 2.16, 2.01, 1.77, 2.08, 2.43, 2.04, 1.52, 1.82, 1.4, 1.67, 1.53, 1.56, 1.13, 1.3, 1.55, 1.58, 2.05, 2.13, 2.29, 2.96, 3.44, 3.29, 3.67, 5.38, 6.55, 6.47, 6.37, 5.52, 4.37, 4.286, 4.987, 5.5, 6.13, 6.46, 6.59, 6.597, 6.43, 5.82, 5.32, 5.35, 4.99, 4.4, 4.84, 4.28], [16.85, 16.9, 16.53, 15.6, 15.749, 14.05, 12.723, 12.692, 12.843, 11.983, 12.09, 11.646, 7.888, 5.991, 5.653, 5.26, 5.14, 4.65, 4.22, 4.52, 5.3, 6.686, 6.929, 6.01, 4.12, 3.82, 4.22, 5.18, 5.475, 2.92, 1.57, 1.42, 1.21, 1.14, 1.06, 0, 1.06, 1.2, 1.22, 1.29, 1.08, 1.54, 1.48, 1.37, 1.33, 1.48, 2.17, 1.76, 1.3, 1.46, 1.16, 1.45, 1.31, 1.72, 1.55, 1.6, 1.69, 1.62, 1.87, 1.83, 1.99, 2.7, 3.22, 2.93, 3.37, 5.0, 6.23, 6.165, 5.97, 5.06, 3.93, 3.897, 4.624, 5.214, 5.747, 6.094, 6.244, 6.311, 6.01, 5.36, 4.86, 4.73, 4.45, 3.76, 4.3, 3.84], [17.161, 17.208, 16.835, 15.905, 16.052, 14.367, 13.026, 12.995, 13.146, 12.286, 12.393, 11.949, 8.191, 6.293, 5.98, 5.64, 5.48, 4.95, 4.58, 4.88, 5.66, 6.989, 7.232, 6.315, 4.52, 4.26, 4.56, 5.48, 5.798, 3.46, 2.33, 2.08, 1.73, 1.74, 1.62, 1.06, 0, 0.62, 0.94, 1.53, 1.4, 1.54, 1.5, 1.35, 1.41, 1.34, 1.97, 1.64, 1.58, 1.86, 1.56, 1.71, 1.69, 1.8, 2.03, 2.1, 2.19, 2.1, 2.19, 2.07, 1.97, 2.38, 2.9, 2.67, 3.05, 4.78, 5.97, 5.93, 5.75, 4.86, 3.81, 3.71, 4.395, 4.88, 5.49, 5.8, 5.97, 5.997, 5.83, 5.16, 4.56, 4.47, 4.33, 3.72, 4.3, 3.96], [17.001, 17.048, 16.675, 15.745, 15.892, 14.207, 12.866, 12.835, 12.986, 12.126, 12.233, 11.789, 8.031, 6.133, 5.816, 5.46, 5.3, 4.77, 4.42, 4.66, 5.48, 6.829, 7.072, 6.155, 4.42, 4.0, 4.26, 5.36, 5.618, 3.38, 2.17, 1.94, 1.47, 1.62, 1.64, 1.2, 0.62, 0, 0.7, 1.37, 1.28, 1.52, 1.56, 1.47, 1.41, 1.46, 2.03, 1.86, 1.6, 1.92, 1.36, 1.71, 1.69, 1.66, 1.83, 1.88, 2.13, 2.1, 2.23, 2.09, 2.09, 2.58, 3.12, 2.83, 3.23, 4.94, 6.07, 6.05, 5.97, 5.16, 4.01, 3.915, 4.541, 4.979, 5.596, 5.906, 6.05, 6.163, 6.09, 5.46, 4.759, 4.81, 4.67, 3.82, 4.26, 3.94], [16.561, 16.608, 16.235, 15.305, 15.452, 13.767, 12.426, 12.395, 12.546, 11.686, 11.793, 11.349, 7.591, 5.733, 5.356, 5.0, 4.842, 4.327, 3.92, 4.16, 5.02, 6.389, 6.632, 5.715, 4.18, 3.96, 4.04, 4.94, 5.198, 3.18, 2.05, 1.82, 1.45, 1.46, 1.62, 1.22, 0.94, 0.7, 0, 0.97, 1.1, 1.48, 1.68, 1.45, 1.43, 1.82, 2.53, 2.26, 1.82, 1.86, 1.54, 1.83, 1.67, 1.56, 1.75, 1.88, 2.03, 2.12, 2.25, 2.13, 2.41, 3.08, 3.62, 3.37, 3.75, 5.48, 6.63, 6.55, 6.47, 5.58, 4.45, 4.363, 5.035, 5.51, 6.133, 6.443, 6.593, 6.64, 6.51, 5.88, 5.216, 5.19, 5.05, 4.04, 4.14, 3.72], [15.851, 15.898, 15.525, 14.595, 14.742, 13.057, 11.716, 11.685, 11.836, 10.976, 11.083, 10.639, 6.881, 4.983, 4.646, 4.27, 4.132, 3.62, 3.21, 3.43, 4.35, 5.679, 5.922, 5.02, 3.51, 3.39, 3.65, 4.31, 4.488, 2.49, 1.56, 1.49, 1.26, 1.39, 1.51, 1.29, 1.53, 1.37, 0.97, 0, 1.05, 1.71, 2.05, 1.86, 1.74, 2.27, 3.22, 2.83, 1.91, 1.73, 1.89, 1.94, 1.66, 1.35, 1.62, 1.77, 1.8, 2.11, 2.42, 2.52, 3.0, 3.75, 4.33, 4.04, 4.44, 6.07, 7.34, 7.255, 7.02, 6.13, 4.96, 4.964, 5.676, 6.169, 6.776, 7.126, 7.296, 7.358, 7.06, 6.43, 5.863, 5.596, 5.44, 4.39, 4.23, 3.63], [15.981, 16.028, 15.655, 14.725, 14.872, 13.187, 11.846, 11.815, 11.966, 11.106, 11.213, 10.769, 7.011, 5.16, 4.82, 4.5, 4.28, 3.83, 3.46, 3.76, 4.52, 5.829, 6.052, 5.15, 3.8, 3.64, 4.1, 4.56, 4.618, 2.58, 1.55, 1.46, 1.39, 1.38, 1.38, 1.08, 1.4, 1.28, 1.1, 1.05, 0, 1.32, 1.58, 1.35, 1.19, 1.64, 2.75, 2.4, 1.36, 1.34, 1.42, 1.37, 1.21, 1.5, 1.49, 1.48, 1.51, 1.62, 1.81, 1.97, 2.47, 3.34, 3.92, 3.59, 3.97, 5.54, 6.888, 6.811, 6.45, 5.46, 4.31, 4.393, 5.117, 5.607, 6.163, 6.581, 6.754, 6.814, 6.428, 5.798, 5.238, 4.886, 4.73, 3.7, 3.66, 3.14], [16.527, 16.517, 16.118, 15.214, 15.407, 13.85, 12.25, 12.15, 12.275, 11.461, 11.528, 11.087, 7.38, 5.56, 5.2, 5.12, 4.94, 4.63, 4.24, 4.48, 5.1, 6.33, 6.55, 5.67, 4.04, 3.92, 4.18, 4.74, 5.01, 3.32, 2.37, 2.24, 2.01, 2.1, 2.18, 1.54, 1.54, 1.52, 1.48, 1.71, 1.32, 0, 0.74, 0.61, 0.75, 1.06, 2.01, 1.84, 1.62, 1.3, 1.6, 1.67, 1.55, 2.12, 2.17, 2.02, 1.91, 2.0, 1.73, 1.77, 2.05, 2.96, 3.4, 2.75, 3.19, 4.88, 6.15, 6.054, 5.65, 4.7, 3.53, 3.554, 4.313, 4.764, 5.34, 5.781, 5.965, 5.988, 5.61, 5.04, 4.395, 4.086, 3.99, 3.18, 3.36, 3.0], [16.787, 16.777, 16.378, 15.474, 15.667, 14.11, 12.49, 12.39, 12.535, 11.721, 11.788, 11.327, 7.62, 5.74, 5.48, 5.4, 5.26, 4.95, 4.58, 4.82, 5.38, 6.55, 6.81, 5.91, 4.14, 3.92, 4.26, 5.0, 5.25, 3.24, 2.47, 2.28, 2.09, 2.08, 2.16, 1.48, 1.5, 1.56, 1.68, 2.05, 1.58, 0.74, 0, 0.65, 0.77, 0.88, 1.73, 1.66, 1.58, 1.38, 1.56, 1.65, 1.55, 2.4, 2.21, 2.14, 1.89, 2.0, 1.75, 1.61, 1.87, 2.7, 3.22, 2.49, 2.95, 4.64, 5.91, 5.794, 5.408, 4.56, 3.37, 3.41, 4.086, 4.573, 5.146, 5.59, 5.757, 5.779, 5.47, 4.86, 4.221, 3.89, 3.71, 3.04, 3.46, 3.12], [16.657, 16.63, 16.208, 15.344, 15.54, 14.0, 12.36, 12.26, 12.331, 11.534, 11.561, 11.16, 7.47, 5.63, 5.37, 5.35, 5.17, 4.86, 4.47, 4.71, 5.27, 6.48, 6.72, 5.82, 4.03, 3.79, 4.11, 4.89, 5.16, 3.31, 2.3, 2.13, 1.94, 1.95, 2.01, 1.37, 1.35, 1.47, 1.45, 1.86, 1.35, 0.61, 0.65, 0, 0.48, 1.09, 1.9, 1.77, 1.51, 1.27, 1.55, 1.68, 1.5, 2.17, 2.1, 1.99, 1.8, 1.91, 1.64, 1.6, 1.88, 2.89, 3.39, 2.6, 3.1, 4.81, 6.1, 5.927, 5.52, 4.65, 3.48, 3.507, 4.154, 4.603, 5.237, 5.677, 5.864, 5.884, 5.56, 4.97, 4.291, 4.04, 4.0, 3.29, 3.61, 3.21], [16.677, 16.65, 16.248, 15.364, 15.56, 14.02, 12.4, 12.3, 12.365, 11.554, 11.618, 11.2, 7.51, 5.65, 5.33, 5.29, 5.15, 4.84, 4.43, 4.69, 5.25, 6.5, 6.72, 5.84, 4.05, 3.71, 4.09, 4.87, 5.18, 3.23, 2.16, 1.99, 1.78, 1.77, 1.77, 1.33, 1.41, 1.41, 1.43, 1.74, 1.19, 0.75, 0.77, 0.48, 0, 1.03, 1.96, 1.79, 1.47, 1.35, 1.57, 1.68, 1.54, 2.19, 1.92, 1.87, 1.7, 1.73, 1.62, 1.58, 1.92, 2.95, 3.43, 2.7, 3.18, 4.87, 6.14, 6.007, 5.64, 4.77, 3.6, 3.587, 4.273, 4.766, 5.371, 5.814, 5.981, 6.004, 5.68, 5.09, 4.445, 4.14, 4.08, 3.29, 3.77, 3.31], [17.047, 17.034, 16.641, 15.737, 15.91, 14.353, 12.733, 12.633, 12.798, 11.984, 12.051, 11.561, 7.871, 6.0, 5.7, 5.68, 5.5, 5.19, 4.82, 5.1, 5.58, 6.79, 7.05, 6.139, 4.44, 4.08, 4.66, 5.18, 5.51, 3.4, 2.33, 2.14, 1.99, 1.96, 2.08, 1.48, 1.34, 1.46, 1.82, 2.27, 1.64, 1.06, 0.88, 1.09, 1.03, 0, 1.35, 1.3, 1.38, 1.72, 1.62, 1.69, 1.71, 2.5, 2.29, 2.12, 1.87, 1.68, 1.53, 1.51, 1.57, 2.22, 2.82, 2.07, 2.55, 4.14, 5.49, 5.397, 4.983, 4.08, 2.91, 2.968, 3.698, 4.191, 4.724, 5.164, 5.334, 5.356, 5.01, 4.415, 3.838, 3.49, 3.35, 2.98, 3.76, 3.44], [18.18, 18.167, 17.774, 16.87, 17.043, 15.469, 13.852, 13.769, 13.971, 13.157, 13.224, 12.694, 9.042, 7.072, 6.905, 6.925, 6.722, 6.415, 6.045, 6.325, 6.83, 7.963, 8.266, 7.337, 5.21, 4.39, 5.11, 6.41, 6.643, 4.43, 2.94, 2.75, 2.46, 2.29, 2.43, 2.17, 1.97, 2.03, 2.53, 3.22, 2.75, 2.01, 1.73, 1.9, 1.96, 1.35, 0, 1.09, 1.99, 2.43, 1.85, 2.16, 2.3, 3.17, 2.62, 2.43, 2.46, 2.09, 2.02, 1.82, 1.3, 1.33, 1.79, 1.12, 1.5, 3.21, 4.36, 4.3, 4.02, 3.29, 2.6, 2.44, 2.77, 3.2, 3.79, 4.088, 4.177, 4.238, 4.18, 3.57, 3.19, 3.4, 3.3, 3.63, 4.63, 4.35], [17.573, 17.597, 17.207, 16.28, 16.444, 14.884, 13.464, 13.424, 13.515, 12.704, 12.782, 12.367, 8.654, 6.662, 6.558, 6.558, 6.338, 6.028, 5.698, 5.981, 6.524, 7.619, 7.899, 6.876, 4.617, 4.18, 5.1, 6.261, 6.388, 3.984, 2.49, 2.36, 2.23, 1.96, 2.04, 1.76, 1.64, 1.86, 2.26, 2.83, 2.4, 1.84, 1.66, 1.77, 1.79, 1.3, 1.09, 0, 1.7, 2.08, 1.66, 1.71, 1.81, 2.88, 2.39, 2.18, 1.97, 1.72, 1.53, 1.45, 0.99, 1.48, 2.16, 1.63, 1.95, 3.68, 4.97, 4.97, 4.43, 3.54, 2.55, 2.47, 3.12, 3.624, 4.3, 4.638, 4.727, 4.75, 4.45, 3.82, 3.64, 3.81, 3.37, 3.16, 4.14, 3.88], [16.373, 16.417, 16.044, 15.114, 15.276, 13.619, 12.235, 12.203, 12.355, 11.495, 11.602, 11.158, 7.399, 5.602, 5.273, 5.19, 4.964, 4.588, 4.295, 4.615, 5.235, 6.274, 6.539, 5.553, 3.66, 3.36, 4.08, 4.955, 5.071, 2.8, 1.43, 1.34, 1.41, 1.32, 1.52, 1.3, 1.58, 1.6, 1.82, 1.91, 1.36, 1.62, 1.58, 1.51, 1.47, 1.38, 1.99, 1.7, 0, 1.04, 1.0, 1.07, 0.97, 1.74, 1.57, 1.32, 1.41, 1.6, 1.73, 1.77, 1.87, 2.62, 3.34, 2.71, 3.05, 4.68, 6.065, 6.016, 5.57, 4.62, 3.47, 3.466, 4.158, 4.671, 5.201, 5.611, 5.778, 5.841, 5.51, 4.92, 4.34, 4.21, 4.03, 3.46, 4.0, 3.44], [16.03, 16.028, 15.644, 14.737, 14.939, 13.362, 11.882, 11.862, 11.946, 11.135, 11.193, 10.778, 7.034, 5.202, 4.873, 4.81, 4.632, 4.282, 3.99, 4.25, 4.758, 5.936, 6.179, 5.21, 3.36, 3.28, 3.68, 4.56, 4.696, 2.56, 1.71, 1.7, 1.79, 1.64, 1.82, 1.46, 1.86, 1.92, 1.86, 1.73, 1.34, 1.3, 1.38, 1.27, 1.35, 1.72, 2.43, 2.08, 1.04, 0, 1.14, 1.17, 0.99, 1.78, 1.75, 1.54, 1.55, 1.86, 1.73, 1.83, 2.19, 3.12, 3.68, 3.09, 3.51, 5.16, 6.43, 6.37, 5.97, 4.94, 3.85, 3.928, 4.658, 5.091, 5.664, 6.051, 6.235, 6.301, 5.89, 5.26, 4.76, 4.47, 4.25, 3.42, 3.54, 2.96], [16.878, 16.916, 16.54, 15.619, 15.778, 14.099, 12.755, 12.72, 12.845, 12.006, 12.107, 11.651, 7.939, 6.082, 5.753, 5.59, 5.335, 4.925, 4.69, 4.95, 5.57, 6.784, 7.027, 6.084, 4.08, 3.5, 4.1, 5.335, 5.526, 3.06, 1.69, 1.52, 1.19, 1.22, 1.4, 1.16, 1.56, 1.36, 1.54, 1.89, 1.42, 1.6, 1.56, 1.55, 1.57, 1.62, 1.85, 1.66, 1.0, 1.14, 0, 0.89, 0.99, 1.76, 1.37, 1.22, 1.53, 1.54, 1.61, 1.47, 1.67, 2.32, 2.94, 2.51, 2.85, 4.5, 5.69, 5.63, 5.45, 4.6, 3.53, 3.47, 4.04, 4.426, 5.056, 5.346, 5.53, 5.623, 5.51, 4.88, 4.22, 4.39, 4.11, 3.38, 3.84, 3.46], [16.583, 16.607, 16.217, 15.29, 15.446, 13.829, 12.405, 12.373, 12.525, 11.7, 11.772, 11.328, 7.569, 5.772, 5.503, 5.42, 5.094, 4.764, 4.4, 4.757, 5.417, 6.464, 6.669, 5.697, 3.75, 3.29, 4.19, 5.125, 5.281, 2.91, 1.76, 1.63, 1.62, 1.39, 1.67, 1.45, 1.71, 1.71, 1.83, 1.94, 1.37, 1.67, 1.65, 1.68, 1.68, 1.69, 2.16, 1.71, 1.07, 1.17, 0.89, 0, 0.74, 1.69, 1.5, 1.29, 1.44, 1.35, 1.52, 1.54, 1.72, 2.51, 3.19, 2.72, 2.98, 4.49, 5.943, 5.883, 5.36, 4.47, 3.38, 3.42, 3.99, 4.444, 5.017, 5.401, 5.574, 5.634, 5.38, 4.71, 4.21, 4.32, 4.06, 3.27, 3.55, 3.05], [16.12, 16.164, 15.791, 14.861, 15.023, 13.366, 11.976, 11.944, 12.102, 11.242, 11.349, 10.895, 7.146, 5.289, 5.07, 5.07, 4.805, 4.455, 4.13, 4.43, 5.05, 6.078, 6.349, 5.329, 3.27, 3.03, 3.81, 4.77, 4.898, 2.55, 1.44, 1.39, 1.44, 1.19, 1.53, 1.31, 1.69, 1.69, 1.67, 1.66, 1.21, 1.55, 1.55, 1.5, 1.54, 1.71, 2.3, 1.81, 0.97, 0.99, 0.99, 0.74, 0, 1.41, 1.36, 1.13, 1.12, 1.37, 1.36, 1.36, 1.78, 2.81, 3.61, 2.98, 3.32, 4.91, 6.334, 6.28, 5.82, 4.81, 3.7, 3.7, 4.37, 4.849, 5.437, 5.84, 5.993, 6.054, 5.76, 5.11, 4.53, 4.52, 4.32, 3.45, 3.55, 2.99], [15.667, 15.714, 15.341, 14.411, 14.558, 12.873, 11.532, 11.501, 11.652, 10.792, 10.899, 10.455, 6.696, 4.859, 4.6, 4.32, 4.1, 3.59, 3.26, 3.6, 4.4, 5.59, 5.738, 4.821, 3.16, 3.0, 3.2, 4.12, 4.388, 2.34, 1.69, 1.72, 1.59, 1.52, 1.56, 1.72, 1.8, 1.66, 1.56, 1.35, 1.5, 2.12, 2.4, 2.17, 2.19, 2.5, 3.17, 2.88, 1.74, 1.78, 1.76, 1.69, 1.41, 0, 1.07, 1.28, 1.71, 1.94, 2.23, 2.43, 2.79, 3.68, 4.34, 3.93, 4.27, 5.94, 7.25, 7.23, 6.91, 6.08, 4.91, 4.789, 5.435, 5.899, 6.516, 6.843, 7.007, 7.083, 6.99, 6.36, 5.676, 5.65, 5.49, 4.5, 4.2, 3.58], [16.114, 16.138, 15.748, 14.821, 14.977, 13.36, 11.936, 11.905, 12.056, 11.231, 11.303, 10.859, 7.101, 5.223, 4.886, 4.57, 4.37, 4.02, 3.63, 3.93, 4.61, 5.92, 6.16, 5.228, 3.19, 2.53, 3.13, 4.39, 4.688, 2.17, 1.3, 1.39, 1.24, 0.91, 1.13, 1.55, 2.03, 1.83, 1.75, 1.62, 1.49, 2.17, 2.21, 2.1, 1.92, 2.29, 2.62, 2.39, 1.57, 1.75, 1.37, 1.5, 1.36, 1.07, 0, 0.89, 1.36, 1.43, 1.86, 2.04, 2.38, 3.11, 3.65, 3.36, 3.7, 5.43, 6.64, 6.56, 6.44, 5.63, 4.48, 4.456, 5.015, 5.466, 6.086, 6.393, 6.56, 6.633, 6.54, 5.93, 5.29, 5.56, 5.22, 4.49, 4.71, 4.03], [16.001, 16.048, 15.675, 14.745, 14.907, 13.25, 11.866, 11.835, 11.986, 11.126, 11.233, 10.789, 7.051, 5.22, 4.92, 4.76, 4.48, 4.09, 3.84, 4.18, 4.82, 5.93, 6.11, 5.17, 3.18, 2.66, 3.36, 4.5, 4.71, 2.3, 1.17, 1.26, 1.17, 1.06, 1.3, 1.6, 2.1, 1.88, 1.88, 1.77, 1.48, 2.02, 2.14, 1.99, 1.87, 2.12, 2.43, 2.18, 1.32, 1.54, 1.22, 1.29, 1.13, 1.28, 0.89, 0, 0.93, 1.12, 1.43, 1.65, 2.07, 3.04, 3.717, 3.21, 3.53, 5.2, 6.522, 6.479, 6.09, 5.22, 4.03, 3.966, 4.639, 5.093, 5.693, 6.051, 6.224, 6.288, 6.11, 5.48, 4.92, 5.17, 4.79, 4.1, 4.22, 3.64], [15.777, 15.801, 15.411, 14.484, 14.62, 13.043, 11.559, 11.508, 11.688, 10.834, 10.938, 10.482, 6.79, 4.99, 4.79, 4.89, 4.53, 4.22, 3.91, 4.25, 4.87, 5.78, 6.02, 5.02, 3.21, 2.91, 3.89, 4.53, 4.48, 2.39, 1.3, 1.35, 1.44, 1.31, 1.55, 1.69, 2.19, 2.13, 2.03, 1.8, 1.51, 1.91, 1.89, 1.8, 1.7, 1.87, 2.46, 1.97, 1.41, 1.55, 1.53, 1.44, 1.12, 1.71, 1.36, 0.93, 0, 0.97, 1.06, 1.32, 1.94, 3.21, 3.953, 3.2, 3.52, 5.19, 6.629, 6.589, 5.878, 4.79, 3.62, 3.804, 4.494, 4.946, 5.537, 5.895, 6.133, 6.162, 5.738, 5.168, 4.71, 4.5, 4.08, 3.47, 3.69, 3.13], [16.427, 16.451, 16.061, 15.134, 15.29, 13.713, 12.189, 12.149, 12.318, 11.464, 11.568, 11.092, 7.345, 5.58, 5.28, 5.24, 4.92, 4.63, 4.32, 4.6, 5.18, 6.23, 6.49, 5.57, 3.7, 3.2, 4.14, 4.98, 5.03, 2.8, 1.53, 1.56, 1.57, 1.3, 1.58, 1.62, 2.1, 2.1, 2.12, 2.11, 1.62, 2.0, 2.0, 1.91, 1.73, 1.68, 2.09, 1.72, 1.6, 1.86, 1.54, 1.35, 1.37, 1.94, 1.43, 1.12, 0.97, 0, 0.95, 1.31, 1.61, 2.6, 3.312, 2.83, 3.07, 4.6, 6.039, 5.993, 5.45, 4.36, 3.33, 3.45, 4.16, 4.704, 5.261, 5.688, 5.815, 5.803, 5.35, 4.78, 4.56, 4.55, 4.09, 3.54, 3.9, 3.34], [16.34, 16.333, 15.886, 14.987, 15.269, 13.749, 12.209, 12.169, 12.159, 11.389, 11.459, 11.092, 7.339, 5.45, 5.37, 5.51, 5.25, 4.94, 4.65, 4.95, 5.51, 6.44, 6.66, 5.66, 3.61, 3.37, 4.43, 5.19, 5.18, 3.11, 1.86, 1.93, 1.96, 1.75, 2.05, 1.87, 2.19, 2.23, 2.25, 2.42, 1.81, 1.73, 1.75, 1.64, 1.62, 1.53, 2.02, 1.53, 1.73, 1.73, 1.61, 1.52, 1.36, 2.23, 1.86, 1.43, 1.06, 0.95, 0, 0.74, 1.26, 2.695, 3.404, 2.48, 2.9, 4.625, 6.077, 6.08, 5.204, 3.99, 2.88, 3.056, 3.78, 4.311, 4.911, 5.298, 5.423, 5.499, 4.96, 4.41, 4.05, 3.94, 3.5, 2.93, 3.29, 2.93], [16.62, 16.63, 16.14, 15.284, 15.56, 14.04, 12.38, 12.32, 12.36, 11.62, 11.63, 11.24, 7.51, 5.49, 5.67, 5.93, 5.69, 5.4, 5.03, 5.33, 5.89, 6.8, 7.06, 6.08, 3.77, 3.39, 4.43, 5.41, 5.56, 3.43, 2.02, 1.97, 1.94, 1.79, 2.13, 1.83, 2.07, 2.09, 2.13, 2.52, 1.97, 1.77, 1.61, 1.6, 1.58, 1.51, 1.82, 1.45, 1.77, 1.83, 1.47, 1.54, 1.36, 2.43, 2.04, 1.65, 1.32, 1.31, 0.74, 0, 1.16, 2.606, 3.266, 2.2, 2.72, 4.43, 5.891, 5.854, 5.06, 3.85, 2.74, 2.7, 3.414, 3.907, 4.557, 5.007, 5.117, 5.175, 4.8, 4.13, 3.69, 3.72, 3.32, 2.89, 3.35, 3.13], [17.4, 17.373, 16.951, 16.081, 16.292, 14.772, 13.192, 13.149, 13.225, 12.469, 12.522, 12.092, 8.362, 6.39, 6.41, 6.57, 6.35, 6.06, 5.71, 6.05, 6.59, 7.52, 7.74, 6.76, 4.45, 3.97, 5.01, 6.17, 6.3, 4.11, 2.46, 2.31, 2.2, 2.03, 2.29, 1.99, 1.97, 2.09, 2.41, 3.0, 2.47, 2.05, 1.87, 1.88, 1.92, 1.57, 1.3, 0.99, 1.87, 2.19, 1.67, 1.72, 1.78, 2.79, 2.38, 2.07, 1.94, 1.61, 1.26, 1.16, 0, 1.73, 2.335, 1.5, 1.88, 3.61, 5.043, 5.054, 4.3, 3.33, 2.28, 2.16, 2.809, 3.417, 4.01, 4.394, 4.504, 4.441, 4.24, 3.63, 3.27, 3.56, 3.12, 2.87, 3.85, 3.65], [18.861, 18.902, 18.517, 17.599, 17.769, 16.136, 14.729, 14.697, 14.822, 13.977, 14.072, 13.628, 9.879, 8.016, 7.74, 7.6, 7.36, 6.99, 6.7, 6.98, 7.56, 8.75, 9.01, 8.058, 5.951, 5.04, 6.08, 7.34, 7.55, 5.02, 3.41, 3.24, 2.99, 2.82, 2.96, 2.7, 2.38, 2.58, 3.08, 3.75, 3.34, 2.96, 2.7, 2.89, 2.95, 2.22, 1.33, 1.48, 2.62, 3.12, 2.32, 2.51, 2.81, 3.68, 3.11, 3.04, 3.21, 2.6, 2.695, 2.606, 1.73, 0, 0.94, 1.17, 1.19, 2.54, 3.73, 3.69, 3.55, 2.86, 2.55, 2.31, 2.5, 3.07, 3.74, 3.95, 4.02, 3.91, 3.85, 3.32, 3.28, 3.73, 3.55, 3.86, 5.14, 4.84], [19.644, 19.634, 19.229, 18.328, 18.529, 16.936, 15.424, 15.4, 15.514, 14.738, 14.787, 14.351, 10.585, 8.656, 8.377, 8.14, 7.96, 7.61, 7.26, 7.54, 8.1, 9.404, 9.659, 8.738, 6.657, 5.42, 6.54, 7.9, 8.21, 5.72, 4.182, 4.02, 3.63, 3.48, 3.44, 3.22, 2.9, 3.12, 3.62, 4.33, 3.92, 3.4, 3.22, 3.39, 3.43, 2.82, 1.79, 2.16, 3.34, 3.68, 2.94, 3.19, 3.61, 4.34, 3.65, 3.717, 3.953, 3.312, 3.404, 3.266, 2.335, 0.94, 0, 1.35, 1.31, 2.14, 3.21, 3.13, 3.39, 2.88, 2.89, 2.57, 2.62, 2.89, 3.54, 3.69, 3.78, 3.77, 3.87, 3.36, 3.36, 3.81, 3.85, 4.36, 5.7, 5.38], [18.76, 18.753, 18.306, 17.424, 17.689, 16.169, 14.489, 14.369, 14.434, 13.669, 13.719, 13.252, 9.639, 7.589, 7.59, 7.73, 7.55, 7.24, 6.87, 7.15, 7.63, 8.72, 9.0, 8.077, 5.756, 4.73, 5.85, 7.09, 7.42, 5.19, 3.62, 3.49, 3.24, 3.03, 3.29, 2.93, 2.67, 2.83, 3.37, 4.04, 3.59, 2.75, 2.49, 2.6, 2.7, 2.07, 1.12, 1.63, 2.71, 3.09, 2.51, 2.72, 2.98, 3.93, 3.36, 3.21, 3.2, 2.83, 2.48, 2.2, 1.5, 1.17, 1.35, 0, 0.88, 2.57, 3.84, 3.76, 3.3, 2.63, 2.16, 1.86, 2.17, 2.72, 3.25, 3.52, 3.61, 3.64, 3.58, 3.03, 2.75, 3.12, 3.1, 3.65, 4.85, 4.55], [19.123, 19.136, 18.728, 17.804, 18.034, 16.514, 14.917, 14.814, 14.891, 14.091, 14.15, 13.737, 10.047, 8.089, 7.95, 8.09, 7.89, 7.6, 7.23, 7.55, 8.07, 9.06, 9.34, 8.38, 6.17, 5.13, 6.35, 7.61, 7.76, 5.63, 3.96, 3.83, 3.58, 3.43, 3.67, 3.37, 3.05, 3.23, 3.75, 4.44, 3.97, 3.19, 2.95, 3.1, 3.18, 2.55, 1.5, 1.95, 3.05, 3.51, 2.85, 2.98, 3.32, 4.27, 3.7, 3.53, 3.52, 3.07, 2.9, 2.72, 1.88, 1.19, 1.31, 0.88, 0, 2.09, 3.34, 3.34, 2.88, 2.33, 2.1, 1.84, 1.89, 2.56, 2.97, 3.14, 3.19, 3.14, 3.1, 2.63, 2.59, 2.98, 3.0, 3.55, 4.91, 4.51], [20.869, 20.845, 20.424, 19.554, 19.756, 18.201, 16.521, 16.481, 16.655, 15.869, 15.914, 15.436, 11.686, 9.782, 9.6, 9.68, 9.48, 9.185, 8.815, 9.12, 9.64, 10.67, 10.916, 10.01, 7.94, 6.6, 8.04, 9.18, 9.465, 7.18, 5.53, 5.42, 5.23, 5.14, 5.38, 5.0, 4.78, 4.94, 5.48, 6.07, 5.54, 4.88, 4.64, 4.81, 4.87, 4.14, 3.21, 3.68, 4.68, 5.16, 4.5, 4.49, 4.91, 5.94, 5.43, 5.2, 5.19, 4.6, 4.625, 4.43, 3.61, 2.54, 2.14, 2.57, 2.09, 0, 1.57, 1.69, 1.55, 2.04, 2.89, 2.77, 2.26, 2.37, 2.54, 2.51, 2.52, 2.55, 2.45, 2.24, 2.52, 3.13, 3.57, 4.34, 5.74, 5.42], [22.322, 22.318, 21.917, 21.003, 21.208, 19.654, 18.034, 17.974, 18.119, 17.319, 17.384, 16.928, 13.156, 11.263, 11.02, 11.045, 10.857, 10.55, 10.18, 10.465, 10.95, 12.112, 12.352, 11.455, 9.353, 8.01, 9.25, 10.568, 10.858, 8.55, 6.983, 6.813, 6.54, 6.35, 6.55, 6.23, 5.97, 6.07, 6.63, 7.34, 6.888, 6.15, 5.91, 6.1, 6.14, 5.49, 4.36, 4.97, 6.065, 6.43, 5.69, 5.943, 6.334, 7.25, 6.64, 6.522, 6.629, 6.039, 6.077, 5.891, 5.043, 3.73, 3.21, 3.84, 3.34, 1.57, 0, 0.82, 1.44, 2.69, 4.202, 4.122, 3.31, 2.72, 2.45, 2.02, 1.87, 2.02, 2.28, 2.55, 3.47, 4.165, 4.46, 5.41, 6.984, 6.687], [22.322, 22.312, 21.908, 21.003, 21.188, 19.614, 17.983, 17.883, 18.016, 17.217, 17.261, 16.8, 13.158, 11.226, 11.03, 10.985, 10.774, 10.467, 10.08, 10.371, 10.877, 12.058, 12.355, 11.441, 9.353, 8.01, 9.205, 10.491, 10.801, 8.517, 6.94, 6.81, 6.472, 6.33, 6.47, 6.165, 5.93, 6.05, 6.55, 7.255, 6.811, 6.054, 5.794, 5.927, 6.007, 5.397, 4.3, 4.97, 6.016, 6.37, 5.63, 5.883, 6.28, 7.23, 6.56, 6.479, 6.589, 5.993, 6.08, 5.854, 5.054, 3.69, 3.13, 3.76, 3.34, 1.69, 0.82, 0, 1.36, 2.644, 4.188, 4.04, 3.13, 2.54, 2.23, 1.88, 1.65, 1.64, 2.12, 2.49, 3.392, 4.1, 4.38, 5.37, 6.987, 6.69], [21.409, 21.376, 20.946, 20.061, 20.32, 18.8, 17.12, 16.998, 17.054, 16.298, 16.35, 15.863, 12.304, 10.323, 10.403, 10.52, 10.314, 10.004, 9.643, 9.994, 10.537, 11.464, 11.695, 10.746, 8.57, 7.61, 8.97, 9.945, 10.179, 8.123, 6.48, 6.37, 6.24, 6.13, 6.37, 5.97, 5.75, 5.97, 6.47, 7.02, 6.45, 5.65, 5.408, 5.52, 5.64, 4.983, 4.02, 4.43, 5.57, 5.97, 5.45, 5.36, 5.82, 6.91, 6.44, 6.09, 5.878, 5.45, 5.204, 5.06, 4.3, 3.55, 3.39, 3.3, 2.88, 1.55, 1.44, 1.36, 0, 1.69, 3.22, 3.06, 2.31, 1.98, 1.65, 1.74, 1.77, 1.6, 1.5, 1.57, 2.49, 3.028, 3.36, 4.416, 6.064, 5.811], [19.885, 19.855, 19.37, 18.538, 18.828, 17.313, 15.63, 15.568, 15.573, 14.885, 14.932, 14.51, 10.84, 9.04, 9.22, 9.44, 9.12, 8.81, 8.6, 8.9, 9.48, 10.23, 10.43, 9.47, 7.34, 6.92, 8.14, 9.02, 8.93, 7.08, 5.53, 5.42, 5.39, 5.26, 5.52, 5.06, 4.86, 5.16, 5.58, 6.13, 5.46, 4.7, 4.56, 4.65, 4.77, 4.08, 3.29, 3.54, 4.62, 4.94, 4.6, 4.47, 4.81, 6.08, 5.63, 5.22, 4.79, 4.36, 3.99, 3.85, 3.33, 2.86, 2.88, 2.63, 2.33, 2.04, 2.69, 2.644, 1.69, 0, 1.79, 1.99, 1.46, 1.47, 1.86, 2.27, 2.38, 2.17, 1.45, 1.02, 1.64, 1.81, 1.97, 2.98, 4.66, 4.52], [18.46, 18.39, 17.929, 17.013, 17.412, 15.9, 14.252, 14.129, 14.032, 13.403, 13.493, 13.092, 9.49, 7.77, 8.07, 8.33, 8.01, 7.7, 7.41, 7.75, 8.33, 9.14, 9.2, 8.278, 6.17, 5.75, 7.01, 7.85, 7.8, 5.91, 4.36, 4.29, 4.24, 4.13, 4.37, 3.93, 3.81, 4.01, 4.45, 4.96, 4.31, 3.53, 3.37, 3.48, 3.6, 2.91, 2.6, 2.55, 3.47, 3.85, 3.53, 3.38, 3.7, 4.91, 4.48, 4.03, 3.62, 3.33, 2.88, 2.74, 2.28, 2.55, 2.89, 2.16, 2.1, 2.89, 4.202, 4.188, 3.22, 1.79, 0, 1.02, 1.41, 2.08, 2.59, 3.22, 3.422, 3.329, 2.62, 1.99, 1.61, 1.86, 1.54, 2.37, 3.85, 3.83], [18.698, 18.642, 18.167, 17.334, 17.644, 16.132, 14.447, 14.307, 14.226, 13.598, 13.671, 13.235, 9.66, 7.744, 8.221, 8.475, 8.203, 7.893, 7.558, 7.895, 8.464, 9.333, 9.459, 8.508, 6.214, 5.726, 6.895, 7.844, 8.028, 6.028, 4.385, 4.295, 4.142, 4.078, 4.286, 3.897, 3.71, 3.915, 4.363, 4.964, 4.393, 3.554, 3.41, 3.507, 3.587, 2.968, 2.44, 2.47, 3.466, 3.928, 3.47, 3.42, 3.7, 4.789, 4.456, 3.966, 3.804, 3.45, 3.056, 2.7, 2.16, 2.31, 2.57, 1.86, 1.84, 2.77, 4.122, 4.04, 3.06, 1.99, 1.02, 0, 1.09, 1.96, 2.55, 3.14, 3.27, 3.06, 2.72, 2.07, 1.89, 2.1, 1.94, 2.91, 4.33, 4.27], [19.489, 1