[[0, 0.81, 1.8, 2.54, 1.89, 1.95, 2.3, 2.03, 2.35, 2.63, 3.376, 3.775, 3.229, 3.52, 4.189, 3.939, 2.93, 2.895, 2.68, 2.17, 1.88, 1.78, 2.5, 2.94, 3.14, 4.269, 5.045, 5.227, 5.811, 5.927, 6.15, 6.141, 5.359, 4.749, 4.809, 5.06, 5.217, 4.832, 4.842, 4.56, 4.56, 4.94, 4.69, 4.71, 5.312, 5.96, 5.93, 4.515, 3.25, 2.57, 2.54, 2.91, 3.35, 3.69, 3.33, 2.73, 2.35, 2.35, 2.33, 2.08, 1.9, 2.79, 3.71, 3.58, 3.15, 3.04, 3.55, 2.89, 2.26, 1.79, 1.57, 1.66, 2.06, 2.28, 2.16, 2.5, 3.33, 4.916, 7.212, 8.359, 7.837, 6.71, 6.295, 6.332, 6.77, 6.859], [0.81, 0, 1.43, 2.19, 1.76, 1.84, 2.07, 1.88, 2.3, 2.48, 3.189, 3.583, 3.09, 3.37, 3.902, 3.712, 2.78, 2.662, 2.521, 2.06, 1.87, 1.93, 2.47, 2.83, 3.05, 4.038, 4.838, 5.083, 5.623, 5.803, 5.986, 5.997, 5.217, 4.598, 4.578, 4.896, 5.079, 4.693, 4.715, 4.41, 4.35, 4.803, 4.5, 4.52, 5.165, 5.782, 5.752, 4.368, 2.98, 2.5, 2.31, 2.7, 3.22, 3.54, 3.16, 2.56, 1.96, 2.08, 2.08, 1.87, 1.81, 2.8, 3.663, 3.63, 3.24, 3.142, 3.66, 2.9, 2.11, 1.6, 1.44, 1.37, 1.89, 2.03, 1.91, 2.19, 3.08, 5.026, 7.332, 8.458, 7.962, 6.823, 6.399, 6.474, 6.862, 6.952], [1.8, 1.43, 0, 1.44, 1.47, 1.49, 1.6, 1.53, 1.89, 1.91, 2.47, 2.88, 2.42, 2.72, 3.015, 2.802, 1.93, 2.09, 1.94, 1.49, 1.54, 2.16, 2.84, 3.38, 3.48, 3.5, 4.053, 4.251, 4.751, 4.931, 5.133, 5.144, 4.55, 3.92, 3.813, 4.023, 4.221, 3.99, 4.06, 3.84, 3.74, 4.08, 3.81, 3.79, 4.33, 4.935, 4.887, 3.63, 2.75, 2.59, 2.42, 2.65, 3.29, 3.67, 3.33, 2.67, 1.91, 1.79, 1.61, 1.42, 2.26, 3.573, 4.556, 4.466, 4.03, 3.951, 4.393, 3.63, 2.46, 1.93, 1.89, 2.0, 2.48, 2.64, 2.8, 2.82, 3.915, 5.925, 8.159, 9.331, 8.821, 7.676, 7.261, 7.313, 7.68, 7.796], [2.54, 2.19, 1.44, 0, 1.35, 1.49, 1.14, 1.41, 1.59, 1.67, 1.79, 2.08, 1.8, 1.88, 2.32, 2.29, 1.55, 1.67, 1.48, 1.29, 1.94, 2.52, 3.18, 3.7, 3.72, 3.38, 3.34, 3.4, 3.98, 4.16, 4.36, 4.53, 4.27, 3.5, 3.22, 3.33, 3.57, 3.53, 3.66, 3.44, 3.36, 3.56, 3.35, 3.45, 3.53, 4.144, 4.094, 2.83, 2.53, 2.45, 2.2, 2.49, 3.13, 3.51, 3.15, 2.45, 1.55, 1.67, 1.37, 1.7, 3.114, 4.342, 5.273, 5.143, 4.788, 4.729, 5.239, 4.479, 3.14, 2.53, 2.55, 2.608, 3.08, 3.18, 3.22, 3.577, 4.696, 6.785, 9.052, 10.203, 9.655, 8.413, 8.024, 8.121, 8.46, 8.607], [1.89, 1.76, 1.47, 1.35, 0, 0.62, 0.87, 1.24, 1.08, 1.42, 2.28, 2.624, 2.23, 2.67, 2.99, 2.98, 2.2, 1.84, 1.61, 1.32, 1.55, 1.99, 2.43, 2.91, 3.05, 3.43, 3.85, 4.09, 4.67, 4.83, 5.01, 5.06, 4.64, 3.87, 3.67, 3.96, 4.14, 3.96, 4.05, 3.81, 3.77, 4.07, 3.8, 3.9, 4.24, 4.86, 4.81, 3.44, 2.72, 2.32, 2.21, 2.54, 3.28, 3.64, 3.34, 2.62, 1.86, 1.52, 1.32, 1.41, 2.47, 3.58, 4.523, 4.428, 4.061, 4.014, 4.582, 3.944, 2.91, 2.16, 2.0, 1.99, 2.41, 2.43, 2.47, 2.85, 3.928, 6.02, 8.316, 9.45, 8.907, 7.649, 7.299, 7.432, 7.826, 7.914], [1.95, 1.84, 1.49, 1.49, 0.62, 0, 0.89, 1.12, 1.08, 1.18, 2.06, 2.39, 2.23, 2.65, 2.93, 2.9, 2.18, 1.8, 1.61, 1.26, 1.49, 1.87, 2.15, 2.59, 2.89, 3.25, 3.67, 3.95, 4.518, 4.698, 4.878, 4.92, 4.42, 3.65, 3.51, 3.8, 3.98, 3.76, 3.87, 3.61, 3.55, 3.89, 3.62, 3.7, 4.08, 4.708, 4.658, 3.26, 2.58, 2.1, 2.09, 2.34, 3.06, 3.42, 3.12, 2.46, 1.9, 1.76, 1.46, 1.73, 2.71, 3.76, 4.735, 4.648, 4.304, 4.131, 4.641, 3.938, 2.81, 2.06, 1.98, 2.11, 2.61, 2.579, 2.65, 3.013, 4.071, 6.189, 8.456, 9.608, 9.085, 7.815, 7.442, 7.566, 7.879, 8.026], [2.3, 2.07, 1.6, 1.14, 0.87, 0.89, 0, 0.99, 1.03, 1.21, 1.71, 2.06, 1.78, 2.34, 2.56, 2.65, 2.03, 1.69, 1.46, 1.35, 1.74, 2.16, 2.62, 3.12, 3.2, 3.34, 3.46, 3.599, 4.18, 4.36, 4.54, 4.71, 4.31, 3.58, 3.38, 3.53, 3.73, 3.67, 3.8, 3.5, 3.48, 3.74, 3.53, 3.61, 3.75, 4.321, 4.279, 3.03, 2.53, 2.11, 1.98, 2.23, 2.95, 3.31, 3.01, 2.33, 1.81, 1.61, 1.37, 1.68, 2.92, 4.161, 5.133, 5.06, 4.662, 4.569, 5.054, 4.302, 3.127, 2.374, 2.35, 2.44, 2.84, 3.029, 2.94, 3.283, 4.421, 6.527, 8.82, 9.992, 9.444, 8.228, 7.832, 7.956, 8.344, 8.404], [2.03, 1.88, 1.53, 1.41, 1.24, 1.12, 0.99, 0, 1.2, 1.2, 1.74, 2.03, 1.65, 2.31, 2.57, 2.52, 1.88, 1.54, 1.51, 1.42, 1.71, 1.97, 2.59, 3.11, 3.25, 3.47, 3.73, 3.83, 4.39, 4.59, 4.81, 4.96, 4.64, 3.87, 3.61, 3.72, 4.04, 3.94, 4.07, 3.71, 3.73, 4.03, 3.8, 3.88, 3.92, 4.496, 4.466, 3.32, 2.78, 2.46, 2.31, 2.58, 3.2, 3.56, 3.22, 2.56, 2.2, 2.02, 1.36, 1.85, 2.964, 4.203, 5.22, 5.139, 4.804, 4.608, 5.053, 4.244, 2.93, 2.278, 2.1, 2.27, 2.81, 3.07, 3.11, 3.39, 4.386, 6.462, 8.753, 9.933, 9.363, 8.113, 7.786, 7.912, 8.161, 8.235], [2.35, 2.3, 1.89, 1.59, 1.08, 1.08, 1.03, 1.2, 0, 0.68, 1.46, 1.83, 1.65, 2.39, 2.61, 2.34, 1.88, 1.46, 1.33, 1.26, 1.63, 1.91, 2.39, 2.75, 2.85, 2.91, 3.15, 3.35, 3.85, 4.07, 4.25, 4.4, 4.02, 3.21, 2.91, 3.08, 3.34, 3.34, 3.43, 3.03, 3.07, 3.39, 3.18, 3.18, 3.4, 3.98, 3.99, 2.92, 2.48, 1.94, 1.93, 2.1, 2.68, 3.02, 2.74, 2.36, 1.96, 1.7, 1.4, 1.69, 3.25, 4.466, 5.415, 5.325, 4.949, 4.877, 5.379, 4.736, 3.65, 2.841, 2.76, 2.759, 3.121, 3.208, 3.233, 3.634, 4.76, 6.898, 9.144, 10.324, 9.785, 8.535, 8.159, 8.29, 8.646, 8.754], [2.63, 2.48, 1.91, 1.67, 1.42, 1.18, 1.21, 1.2, 0.68, 0, 1.2, 1.57, 1.59, 2.43, 2.49, 2.24, 1.88, 1.36, 1.27, 1.28, 1.71, 1.95, 2.43, 2.73, 2.85, 2.71, 3.05, 3.21, 3.71, 3.91, 4.11, 4.2, 3.84, 3.07, 2.83, 2.94, 3.24, 3.28, 3.31, 2.97, 2.95, 3.29, 3.06, 3.06, 3.24, 3.76, 3.83, 2.86, 2.44, 1.98, 2.01, 2.06, 2.58, 2.94, 2.64, 2.32, 2.04, 1.94, 1.68, 2.13, 3.504, 4.794, 5.786, 5.699, 5.264, 5.173, 5.627, 4.819, 3.617, 2.941, 2.898, 2.961, 3.47, 3.544, 3.482, 3.888, 4.982, 7.12, 9.399, 10.556, 10.054, 8.809, 8.434, 8.552, 8.851, 9.02], [3.376, 3.189, 2.47, 1.79, 2.28, 2.06, 1.71, 1.74, 1.46, 1.2, 0, 0.97, 0.89, 1.93, 2.05, 1.86, 1.84, 1.58, 1.73, 2.0, 2.53, 2.79, 3.31, 3.59, 3.65, 3.13, 2.77, 2.79, 3.21, 3.45, 3.67, 3.94, 3.72, 3.05, 2.69, 2.62, 2.96, 3.16, 3.15, 2.99, 2.91, 3.07, 2.9, 2.98, 2.94, 3.26, 3.31, 2.62, 2.62, 2.44, 2.39, 2.44, 2.64, 2.98, 2.7, 2.5, 2.34, 2.42, 2.02, 2.93, 4.308, 5.68, 6.675, 6.596, 6.247, 6.057, 6.507, 5.593, 4.294, 3.541, 3.572, 3.716, 4.224, 4.433, 4.397, 4.794, 5.809, 7.882, 10.096, 11.313, 10.84, 9.678, 9.286, 9.375, 9.686, 9.741], [3.775, 3.583, 2.88, 2.08, 2.624, 2.39, 2.06, 2.03, 1.83, 1.57, 0.97, 0, 0.9, 1.68, 1.86, 1.75, 1.95, 1.67, 1.98, 2.39, 2.98, 3.16, 3.56, 3.78, 3.74, 3.2, 2.58, 2.64, 2.96, 3.2, 3.46, 3.77, 3.57, 2.82, 2.58, 2.55, 2.81, 2.87, 3.0, 2.76, 2.86, 2.96, 2.93, 2.83, 2.85, 3.11, 3.1, 2.59, 2.87, 2.81, 2.62, 2.43, 2.59, 2.97, 2.83, 2.71, 2.71, 2.59, 2.11, 3.252, 4.672, 6.053, 7.036, 6.958, 6.563, 6.418, 6.854, 5.918, 4.728, 4.092, 3.969, 4.058, 4.631, 4.883, 4.804, 5.181, 6.11, 8.238, 10.563, 11.735, 11.21, 9.991, 9.624, 9.73, 10.002, 10.105], [3.229, 3.09, 2.42, 1.8, 2.23, 2.23, 1.78, 1.65, 1.65, 1.59, 0.89, 0.9, 0, 1.44, 1.82, 1.59, 1.63, 1.43, 1.94, 2.01, 2.62, 2.8, 3.56, 3.9, 3.9, 3.52, 3.14, 3.18, 3.6, 3.84, 4.04, 4.31, 4.13, 3.42, 3.06, 2.99, 3.27, 3.35, 3.54, 3.36, 3.36, 3.46, 3.35, 3.39, 3.33, 3.59, 3.62, 3.07, 3.17, 2.91, 2.8, 2.73, 3.03, 3.41, 3.21, 2.93, 2.75, 2.65, 1.91, 2.76, 4.143, 5.459, 6.413, 6.355, 6.089, 5.864, 6.329, 5.535, 4.324, 3.551, 3.428, 3.58, 4.18, 4.44, 4.46, 4.76, 5.647, 7.663, 9.978, 11.141, 10.613, 9.406, 8.996, 9.123, 9.474, 9.517], [3.52, 3.37, 2.72, 1.88, 2.67, 2.65, 2.34, 2.31, 2.39, 2.43, 1.93, 1.68, 1.44, 0, 1.36, 1.65, 1.91, 2.21, 2.58, 2.51, 3.14, 3.74, 4.46, 4.98, 5.0, 4.48, 3.74, 3.52, 3.9, 4.08, 4.38, 4.71, 4.51, 4.04, 3.78, 3.47, 3.65, 3.77, 4.02, 3.9, 3.82, 3.98, 3.99, 4.01, 3.61, 3.53, 3.54, 3.11, 3.71, 3.63, 3.5, 3.63, 3.87, 4.23, 3.93, 3.37, 3.07, 2.83, 2.25, 2.9, 4.343, 5.613, 6.585, 6.51, 6.217, 6.035, 6.52, 5.769, 4.59, 3.874, 3.794, 3.797, 4.36, 4.58, 4.56, 4.88, 5.85, 7.955, 10.215, 11.36, 10.822, 9.637, 9.236, 9.351, 9.69, 9.799], [4.189, 3.902, 3.015, 2.32, 2.99, 2.93, 2.56, 2.57, 2.61, 2.49, 2.05, 1.86, 1.82, 1.36, 0, 1.35, 1.89, 1.97, 2.3, 2.59, 3.12, 3.5, 4.12, 4.64, 4.64, 4.12, 3.36, 3.14, 3.48, 3.64, 3.9, 4.27, 4.13, 3.72, 3.42, 3.01, 3.13, 3.25, 3.76, 3.66, 3.58, 3.68, 3.73, 3.73, 3.29, 2.99, 2.92, 2.85, 3.37, 3.35, 3.16, 3.49, 3.77, 4.11, 3.85, 3.15, 3.09, 3.07, 2.63, 3.554, 5.032, 6.376, 7.302, 7.224, 6.797, 6.758, 7.265, 6.484, 5.184, 4.585, 4.509, 4.665, 5.14, 5.26, 5.18, 5.557, 6.692, 8.784, 11.048, 12.202, 11.675, 10.425, 10.058, 10.176, 10.483, 10.641], [3.939, 3.712, 2.802, 2.29, 2.98, 2.9, 2.65, 2.52, 2.34, 2.24, 1.86, 1.75, 1.59, 1.65, 1.35, 0, 1.36, 1.78, 2.17, 2.24, 2.59, 2.91, 3.25, 3.79, 3.71, 3.17, 2.55, 2.51, 2.91, 3.15, 3.37, 3.7, 3.44, 2.85, 2.51, 2.34, 2.62, 2.58, 2.85, 2.79, 2.71, 2.95, 2.9, 2.74, 2.62, 2.68, 2.75, 2.56, 2.86, 2.74, 2.89, 3.1, 3.14, 3.28, 3.16, 2.9, 2.96, 3.0, 2.6, 3.41, 4.896, 6.246, 7.171, 7.078, 6.638, 6.61, 7.077, 6.3, 4.863, 4.313, 4.295, 4.541, 5.05, 5.09, 5.05, 5.35, 6.545, 8.645, 10.915, 12.072, 11.573, 10.32, 9.939, 10.022, 10.338, 10.522], [2.93, 2.78, 1.93, 1.55, 2.2, 2.18, 2.03, 1.88, 1.88, 1.88, 1.84, 1.95, 1.63, 1.91, 1.89, 1.36, 0, 1.12, 1.37, 1.26, 1.65, 2.13, 2.83, 3.35, 3.49, 3.25, 3.07, 3.11, 3.59, 3.79, 4.05, 4.38, 4.06, 3.27, 2.95, 2.9, 3.22, 3.22, 3.37, 3.09, 3.07, 3.37, 3.12, 3.12, 3.14, 3.44, 3.41, 2.64, 2.42, 2.28, 2.35, 2.76, 3.04, 3.32, 3.06, 2.58, 2.2, 2.34, 2.04, 2.47, 3.829, 5.133, 6.082, 5.941, 5.489, 5.501, 6.008, 5.217, 3.93, 3.34, 3.282, 3.59, 4.13, 4.15, 4.17, 4.45, 5.579, 7.544, 9.799, 10.948, 10.461, 9.216, 8.835, 8.913, 9.264, 9.43], [2.895, 2.662, 2.09, 1.67, 1.84, 1.8, 1.69, 1.54, 1.46, 1.36, 1.58, 1.67, 1.43, 2.21, 1.97, 1.78, 1.12, 0, 1.01, 1.32, 1.75, 2.07, 2.51, 2.95, 3.07, 2.95, 3.13, 3.19, 3.69, 3.87, 4.11, 4.42, 4.14, 3.33, 2.95, 2.96, 3.2, 3.26, 3.43, 3.15, 3.13, 3.39, 3.18, 3.22, 3.22, 3.46, 3.51, 2.74, 2.46, 2.24, 2.15, 2.48, 2.96, 3.34, 3.0, 2.56, 2.3, 2.4, 1.98, 2.55, 3.849, 5.182, 6.076, 5.958, 5.509, 5.542, 6.083, 5.297, 4.13, 3.5, 3.425, 3.521, 4.021, 4.05, 4.032, 4.349, 5.496, 7.544, 9.808, 10.962, 10.472, 9.228, 8.847, 8.927, 9.292, 9.462], [2.68, 2.521, 1.94, 1.48, 1.61, 1.61, 1.46, 1.51, 1.33, 1.27, 1.73, 1.98, 1.94, 2.58, 2.3, 2.17, 1.37, 1.01, 0, 1.11, 1.38, 1.92, 2.16, 2.68, 2.68, 2.68, 2.94, 3.02, 3.52, 3.66, 3.9, 4.19, 3.85, 3.08, 2.76, 2.77, 3.07, 3.07, 3.22, 2.88, 2.9, 3.2, 2.97, 2.95, 3.05, 3.49, 3.48, 2.41, 1.93, 1.85, 1.7, 2.07, 2.57, 2.91, 2.59, 2.21, 1.81, 1.99, 1.77, 2.32, 3.627, 4.941, 5.869, 5.748, 5.299, 5.311, 5.807, 5.007, 3.716, 3.152, 3.074, 3.196, 3.693, 3.771, 3.725, 4.077, 5.248, 7.352, 9.589, 10.755, 10.262, 9.018, 8.64, 8.714, 9.053, 9.223], [2.17, 2.06, 1.49, 1.29, 1.32, 1.26, 1.35, 1.42, 1.26, 1.28, 2.0, 2.39, 2.01, 2.51, 2.59, 2.24, 1.26, 1.32, 1.11, 0, 0.87, 1.47, 2.15, 2.63, 2.71, 2.75, 3.13, 3.35, 3.95, 4.07, 4.29, 4.36, 3.9, 3.11, 2.99, 3.18, 3.36, 3.1, 3.25, 2.93, 2.93, 3.25, 3.04, 3.1, 3.46, 4.08, 4.03, 2.74, 2.08, 1.68, 1.85, 2.2, 2.6, 2.98, 2.7, 2.2, 1.7, 1.84, 1.92, 1.83, 3.052, 4.342, 5.274, 5.155, 4.712, 4.71, 5.212, 4.426, 3.154, 2.539, 2.505, 2.721, 3.241, 3.278, 3.25, 3.59, 4.727, 6.765, 9.011, 10.168, 9.664, 8.428, 8.047, 8.107, 8.447, 8.633], [1.88, 1.87, 1.54, 1.94, 1.55, 1.49, 1.74, 1.71, 1.63, 1.71, 2.53, 2.98, 2.62, 3.14, 3.12, 2.59, 1.65, 1.75, 1.38, 0.87, 0, 1.2, 1.66, 2.3, 2.22, 2.76, 3.46, 3.72, 4.34, 4.48, 4.68, 4.73, 4.09, 3.34, 3.28, 3.53, 3.77, 3.45, 3.54, 3.14, 3.1, 3.52, 3.27, 3.25, 3.81, 4.45, 4.4, 3.11, 2.09, 1.59, 1.82, 2.21, 2.67, 2.95, 2.65, 2.19, 1.77, 2.15, 2.27, 2.02, 2.78, 3.975, 4.91, 4.765, 4.327, 4.322, 4.787, 3.998, 2.733, 2.21, 2.19, 2.48, 2.98, 2.98, 2.98, 3.3, 4.38, 6.377, 8.606, 9.787, 9.282, 8.041, 7.66, 7.72, 8.06, 8.255], [1.78, 1.93, 2.16, 2.52, 1.99, 1.87, 2.16, 1.97, 1.91, 1.95, 2.79, 3.16, 2.8, 3.74, 3.5, 2.91, 2.13, 2.07, 1.92, 1.47, 1.2, 0, 1.16, 1.66, 2.0, 2.92, 3.68, 3.943, 4.543, 4.697, 4.88, 4.93, 4.17, 3.48, 3.44, 3.79, 3.99, 3.63, 3.62, 3.28, 3.26, 3.74, 3.49, 3.45, 4.064, 4.73, 4.7, 3.49, 2.35, 1.53, 1.66, 2.11, 2.47, 2.71, 2.51, 2.17, 2.07, 2.49, 2.65, 2.46, 2.6, 3.838, 4.781, 4.634, 4.067, 4.088, 4.544, 3.832, 2.82, 2.29, 2.09, 2.48, 3.02, 3.02, 2.9, 3.24, 4.35, 6.115, 8.356, 9.524, 9.02, 7.79, 7.397, 7.457, 7.811, 8.004], [2.5, 2.47, 2.84, 3.18, 2.43, 2.15, 2.62, 2.59, 2.39, 2.43, 3.31, 3.56, 3.56, 4.46, 4.12, 3.25, 2.83, 2.51, 2.16, 2.15, 1.66, 1.16, 0, 1.04, 1.46, 2.6, 3.4, 3.68, 4.254, 4.394, 4.606, 4.713, 3.95, 3.22, 3.2, 3.53, 3.71, 3.31, 3.32, 3.06, 2.98, 3.46, 3.17, 3.21, 3.77, 4.49, 4.5, 3.47, 2.09, 1.39, 1.72, 2.19, 2.27, 2.49, 2.29, 2.31, 2.49, 2.99, 3.19, 3.14, 3.22, 4.11, 4.978, 4.831, 4.344, 4.345, 4.817, 4.169, 3.24, 2.73, 2.69, 2.76, 3.0, 2.9, 2.92, 3.28, 4.53, 6.389, 8.637, 9.816, 9.314, 8.084, 7.691, 7.751, 8.106, 8.298], [2.94, 2.83, 3.38, 3.7, 2.91, 2.59, 3.12, 3.11, 2.75, 2.73, 3.59, 3.78, 3.9, 4.98, 4.64, 3.79, 3.35, 2.95, 2.68, 2.63, 2.3, 1.66, 1.04, 0, 1.22, 2.537, 3.397, 3.7, 4.24, 4.332, 4.56, 4.667, 3.89, 3.18, 3.22, 3.51, 3.67, 3.35, 3.22, 2.96, 3.14, 3.68, 3.43, 3.05, 3.95, 4.67, 4.84, 3.91, 2.51, 1.67, 2.02, 2.09, 2.25, 2.29, 2.29, 2.55, 2.89, 3.35, 3.63, 3.64, 3.62, 4.25, 5.012, 4.891, 4.424, 4.471, 4.886, 4.21, 3.32, 3.07, 3.05, 3.06, 3.38, 2.96, 2.9, 3.38, 4.589, 6.466, 8.695, 9.869, 9.391, 8.161, 7.768, 7.828, 8.183, 8.375], [3.14, 3.05, 3.48, 3.72, 3.05, 2.89, 3.2, 3.25, 2.85, 2.85, 3.65, 3.74, 3.9, 5.0, 4.64, 3.71, 3.49, 3.07, 2.68, 2.71, 2.22, 2.0, 1.46, 1.22, 0, 1.76, 2.84, 3.42, 3.66, 3.76, 3.76, 3.87, 3.07, 2.42, 2.52, 2.99, 2.91, 2.63, 2.62, 2.5, 2.96, 3.54, 3.43, 2.71, 3.93, 4.59, 4.8, 3.97, 2.57, 1.75, 2.06, 2.15, 2.29, 2.21, 2.33, 2.57, 2.91, 3.45, 3.71, 3.72, 4.02, 5.01, 5.767, 5.646, 5.173, 5.234, 5.649, 4.912, 3.96, 3.67, 3.59, 3.4, 3.7, 3.66, 3.64, 4.08, 5.252, 7.229, 9.484, 10.656, 10.166, 8.924, 8.531, 8.606, 8.946, 9.138], [4.269, 4.038, 3.5, 3.38, 3.43, 3.25, 3.34, 3.47, 2.91, 2.71, 3.13, 3.2, 3.52, 4.48, 4.12, 3.17, 3.25, 2.95, 2.68, 2.75, 2.76, 2.92, 2.6, 2.537, 1.76, 0, 1.44, 2.0, 2.02, 2.18, 2.1, 2.31, 1.87, 1.14, 1.2, 1.75, 1.81, 1.61, 1.44, 1.52, 1.78, 2.4, 2.41, 1.73, 2.57, 3.23, 3.62, 3.01, 2.19, 2.41, 2.52, 2.39, 2.35, 2.35, 2.63, 3.03, 3.03, 3.51, 3.61, 4.28, 5.32, 6.555, 7.467, 7.345, 6.856, 6.905, 7.346, 6.514, 5.159, 4.749, 4.715, 4.811, 5.165, 5.208, 5.148, 5.582, 6.803, 8.932, 11.187, 12.358, 11.868, 10.615, 10.234, 10.309, 10.634, 10.829], [5.045, 4.838, 4.053, 3.34, 3.85, 3.67, 3.46, 3.73, 3.15, 3.05, 2.77, 2.58, 3.14, 3.74, 3.36, 2.55, 3.07, 3.13, 2.94, 3.13, 3.46, 3.68, 3.4, 3.397, 2.84, 1.44, 0, 0.72, 1.16, 1.16, 1.34, 1.63, 1.39, 0.92, 0.84, 0.99, 1.25, 1.35, 1.04, 1.14, 1.28, 1.62, 1.79, 1.21, 1.45, 2.07, 2.38, 1.91, 2.23, 2.884, 2.94, 2.67, 2.27, 2.27, 2.61, 2.93, 3.27, 3.55, 3.71, 4.74, 6.082, 7.372, 8.312, 8.182, 7.701, 7.705, 8.183, 7.357, 5.932, 5.486, 5.491, 5.613, 5.978, 6.054, 5.997, 6.417, 7.646, 9.775, 12.023, 13.201, 12.699, 11.458, 11.077, 11.137, 11.476, 11.663], [5.227, 5.083, 4.251, 3.4, 4.09, 3.95, 3.599, 3.83, 3.35, 3.21, 2.79, 2.64, 3.18, 3.52, 3.14, 2.51, 3.11, 3.19, 3.02, 3.35, 3.72, 3.943, 3.68, 3.7, 3.42, 2.0, 0.72, 0, 0.9, 0.9, 1.24, 1.65, 1.63, 1.38, 1.32, 1.19, 1.37, 1.57, 1.3, 1.38, 1.24, 1.5, 1.71, 1.47, 1.03, 1.49, 1.8, 1.63, 2.35, 3.142, 3.22, 3.11, 2.57, 2.39, 2.73, 3.19, 3.493, 3.71, 3.85, 4.94, 6.302, 7.632, 8.569, 8.437, 7.955, 7.971, 8.452, 7.628, 6.212, 5.705, 5.748, 5.889, 6.238, 6.294, 6.254, 6.665, 7.923, 10.037, 12.266, 13.461, 12.959, 11.718, 11.337, 11.397, 11.736, 11.923], [5.811, 5.623, 4.751, 3.98, 4.67, 4.518, 4.18, 4.39, 3.85, 3.71, 3.21, 2.96, 3.6, 3.9, 3.48, 2.91, 3.59, 3.69, 3.52, 3.95, 4.34, 4.543, 4.254, 4.24, 3.66, 2.02, 1.16, 0.9, 0, 0.56, 0.94, 1.49, 1.81, 1.6, 1.4, 1.25, 1.49, 1.63, 1.48, 1.72, 1.72, 1.66, 1.93, 1.69, 1.39, 1.53, 1.8, 2.01, 2.95, 3.742, 3.752, 3.51, 2.93, 2.71, 3.27, 3.75, 4.099, 4.273, 4.33, 5.431, 6.862, 8.215, 9.147, 9.025, 8.541, 8.551, 9.035, 8.205, 6.778, 6.26, 6.288, 6.446, 6.816, 6.888, 6.831, 7.251, 8.485, 10.614, 12.87, 14.041, 13.548, 12.295, 11.914, 11.989, 12.313, 12.5], [5.927, 5.803, 4.931, 4.16, 4.83, 4.698, 4.36, 4.59, 4.07, 3.91, 3.45, 3.2, 3.84, 4.08, 3.64, 3.15, 3.79, 3.87, 3.66, 4.07, 4.48, 4.697, 4.394, 4.332, 3.76, 2.18, 1.16, 0.9, 0.56, 0, 0.68, 1.21, 1.51, 1.62, 1.5, 1.31, 1.49, 1.69, 1.5, 1.6, 1.62, 1.62, 1.95, 1.57, 1.29, 1.49, 1.78, 1.97, 3.004, 3.842, 3.912, 3.67, 3.061, 2.85, 3.381, 3.882, 4.239, 4.41, 4.53, 5.64, 7.019, 8.363, 9.295, 9.171, 8.692, 8.708, 9.189, 8.365, 6.949, 6.422, 6.468, 6.627, 6.976, 7.028, 6.979, 7.402, 8.645, 10.774, 13.003, 14.178, 13.691, 12.446, 12.065, 12.128, 12.462, 12.651], [6.15, 5.986, 5.133, 4.36, 5.01, 4.878, 4.54, 4.81, 4.25, 4.11, 3.67, 3.46, 4.04, 4.38, 3.9, 3.37, 4.05, 4.11, 3.9, 4.29, 4.68, 4.88, 4.606, 4.56, 3.76, 2.1, 1.34, 1.24, 0.94, 0.68, 0, 0.83, 1.13, 1.64, 1.56, 1.41, 1.47, 1.75, 1.62, 1.76, 1.82, 1.8, 2.27, 1.73, 1.37, 1.71, 1.88, 2.23, 3.23, 4.064, 4.092, 3.819, 3.239, 3.05, 3.61, 4.082, 4.419, 4.593, 4.71, 5.82, 7.222, 8.552, 9.489, 9.359, 8.884, 8.891, 9.372, 8.571, 7.144, 6.605, 6.651, 6.81, 7.158, 7.231, 7.182, 7.594, 8.828, 10.957, 13.206, 14.384, 13.879, 12.638, 12.257, 12.317, 12.656, 12.834], [6.141, 5.997, 5.144, 4.53, 5.06, 4.92, 4.71, 4.96, 4.4, 4.2, 3.94, 3.77, 4.31, 4.71, 4.27, 3.7, 4.38, 4.42, 4.19, 4.36, 4.73, 4.93, 4.713, 4.667, 3.87, 2.31, 1.63, 1.65, 1.49, 1.21, 0.83, 0, 0.98, 1.57, 1.75, 1.76, 1.68, 1.94, 1.73, 1.79, 1.89, 1.79, 2.32, 1.78, 1.7, 2.02, 2.33, 2.42, 3.337, 4.172, 4.184, 3.814, 3.234, 3.08, 3.62, 4.052, 4.512, 4.74, 4.92, 5.93, 7.189, 8.517, 9.468, 9.361, 8.909, 8.904, 9.351, 8.536, 7.1, 6.593, 6.63, 6.76, 7.138, 7.181, 7.15, 7.573, 8.805, 10.934, 13.174, 14.337, 13.859, 12.617, 12.225, 12.282, 12.615, 12.805], [5.359, 5.217, 4.55, 4.27, 4.64, 4.42, 4.31, 4.64, 4.02, 3.84, 3.72, 3.57, 4.13, 4.51, 4.13, 3.44, 4.06, 4.14, 3.85, 3.9, 4.09, 4.17, 3.95, 3.89, 3.07, 1.87, 1.39, 1.63, 1.81, 1.51, 1.13, 0.98, 0, 1.13, 1.61, 1.64, 1.58, 1.62, 1.35, 1.39, 1.55, 1.81, 2.3, 1.46, 1.8, 2.3, 2.53, 2.32, 2.56, 3.36, 3.39, 3.06, 2.58, 2.44, 2.78, 3.24, 3.72, 4.06, 4.36, 5.27, 6.452, 7.734, 8.679, 8.572, 8.111, 8.141, 8.557, 7.716, 6.323, 5.879, 5.865, 6.001, 6.344, 6.396, 6.33, 6.767, 8.001, 10.107, 12.354, 13.526, 13.053, 11.84, 11.416, 11.482, 11.83, 12.011], [4.749, 4.598, 3.92, 3.5, 3.87, 3.65, 3.58, 3.87, 3.21, 3.07, 3.05, 2.82, 3.42, 4.04, 3.72, 2.85, 3.27, 3.33, 3.08, 3.11, 3.34, 3.48, 3.22, 3.18, 2.42, 1.14, 0.92, 1.38, 1.6, 1.62, 1.64, 1.57, 1.13, 0, 0.82, 1.25, 1.33, 1.07, 0.82, 0.78, 1.2, 1.78, 1.99, 1.17, 1.93, 2.63, 2.96, 2.29, 2.15, 2.73, 2.72, 2.45, 2.11, 2.11, 2.41, 2.77, 3.05, 3.35, 3.61, 4.62, 5.822, 7.09, 8.036, 7.908, 7.438, 7.437, 7.895, 7.074, 5.702, 5.229, 5.295, 5.411, 5.74, 5.791, 5.746, 6.163, 7.388, 9.477, 11.733, 12.904, 12.414, 11.176, 10.789, 10.855, 11.194, 11.396], [4.809, 4.578, 3.813, 3.22, 3.67, 3.51, 3.38, 3.61, 2.91, 2.83, 2.69, 2.58, 3.06, 3.78, 3.42, 2.51, 2.95, 2.95, 2.76, 2.99, 3.28, 3.44, 3.2, 3.22, 2.52, 1.2, 0.84, 1.32, 1.4, 1.5, 1.56, 1.75, 1.61, 0.82, 0, 0.95, 1.21, 1.17, 0.98, 1.12, 1.24, 1.74, 1.91, 1.19, 1.59, 2.29, 2.64, 2.13, 2.15, 2.75, 2.76, 2.53, 2.27, 2.29, 2.65, 2.99, 3.05, 3.37, 3.43, 4.48, 5.782, 7.118, 8.067, 7.946, 7.456, 7.468, 7.929, 7.097, 5.727, 5.246, 5.295, 5.411, 5.747, 5.828, 5.768, 6.182, 7.426, 9.515, 11.77, 12.941, 12.451, 11.21, 10.817, 10.892, 11.231, 11.424], [5.06, 4.896, 4.023, 3.33, 3.96, 3.8, 3.53, 3.72, 3.08, 2.94, 2.62, 2.55, 2.99, 3.47, 3.01, 2.34, 2.9, 2.96, 2.77, 3.18, 3.53, 3.79, 3.53, 3.51, 2.99, 1.75, 0.99, 1.19, 1.25, 1.31, 1.41, 1.76, 1.64, 1.25, 0.95, 0, 0.92, 1.0, 1.07, 1.43, 1.63, 1.83, 2.1, 1.4, 1.46, 1.9, 2.13, 2.02, 2.42, 2.994, 3.07, 2.86, 2.58, 2.5, 2.82, 3.14, 3.4, 3.58, 3.58, 4.69, 6.112, 7.479, 8.417, 8.284, 7.797, 7.812, 8.29, 7.464, 6.054, 5.529, 5.58, 5.713, 6.095, 6.141, 6.098, 6.503, 7.753, 9.882, 12.11, 13.305, 12.807, 11.565, 11.184, 11.244, 11.584, 11.779], [5.217, 5.079, 4.221, 3.57, 4.14, 3.98, 3.73, 4.04, 3.34, 3.24, 2.96, 2.81, 3.27, 3.65, 3.13, 2.62, 3.22, 3.2, 3.07, 3.36, 3.77, 3.99, 3.71, 3.67, 2.91, 1.81, 1.25, 1.37, 1.49, 1.49, 1.47, 1.68, 1.58, 1.33, 1.21, 0.92, 0, 0.86, 1.03, 1.47, 1.93, 2.09, 2.46, 1.72, 1.78, 2.1, 2.41, 2.24, 2.78, 3.2, 3.31, 3.08, 2.92, 2.88, 3.18, 3.46, 3.66, 3.76, 3.88, 4.93, 6.309, 7.67, 8.602, 8.478, 7.991, 8.003, 8.481, 7.652, 6.271, 5.729, 5.778, 5.914, 6.283, 6.335, 6.283, 6.697, 7.935, 10.064, 12.304, 13.482, 12.997, 11.753, 11.372, 11.435, 11.769, 11.952], [4.832, 4.693, 3.99, 3.53, 3.96, 3.76, 3.67, 3.94, 3.34, 3.28, 3.16, 2.87, 3.35, 3.77, 3.25, 2.58, 3.22, 3.26, 3.07, 3.1, 3.45, 3.63, 3.31, 3.35, 2.63, 1.61, 1.35, 1.57, 1.63, 1.69, 1.75, 1.94, 1.62, 1.07, 1.17, 1.0, 0.86, 0, 0.75, 1.33, 1.65, 1.99, 2.32, 1.58, 1.88, 2.36, 2.61, 2.36, 2.46, 2.82, 2.93, 2.84, 2.64, 2.62, 2.92, 3.14, 3.3, 3.54, 3.76, 4.69, 5.966, 7.284, 8.216, 8.095, 7.605, 7.623, 8.095, 7.275, 5.883, 5.376, 5.422, 5.548, 5.915, 5.975, 5.949, 6.315, 7.564, 9.678, 11.919, 13.096, 12.612, 11.377, 10.987, 11.05, 11.395, 11.59], [4.842, 4.715, 4.06, 3.66, 4.05, 3.87, 3.8, 4.07, 3.43, 3.31, 3.15, 3.0, 3.54, 4.02, 3.76, 2.85, 3.37, 3.43, 3.22, 3.25, 3.54, 3.62, 3.32, 3.22, 2.62, 1.44, 1.04, 1.3, 1.48, 1.5, 1.62, 1.73, 1.35, 0.82, 0.98, 1.07, 1.03, 0.75, 0, 0.88, 1.16, 1.56, 1.91, 1.19, 1.55, 2.25, 2.64, 2.07, 2.11, 2.73, 2.84, 2.59, 2.21, 2.15, 2.47, 2.85, 3.15, 3.49, 3.83, 4.82, 5.956, 7.28, 8.206, 8.085, 7.598, 7.622, 8.091, 7.265, 5.873, 5.366, 5.45, 5.562, 5.905, 5.945, 5.899, 6.316, 7.572, 9.683, 11.912, 13.086, 12.608, 11.378, 10.986, 11.046, 11.4, 11.592], [4.56, 4.41, 3.84, 3.44, 3.81, 3.61, 3.5, 3.71, 3.03, 2.97, 2.99, 2.76, 3.36, 3.9, 3.66, 2.79, 3.09, 3.15, 2.88, 2.93, 3.14, 3.28, 3.06, 2.96, 2.5, 1.52, 1.14, 1.38, 1.72, 1.6, 1.76, 1.79, 1.39, 0.78, 1.12, 1.43, 1.47, 1.33, 0.88, 0, 0.9, 1.5, 1.77, 1.09, 1.69, 2.39, 2.74, 2.09, 1.95, 2.51, 2.58, 2.31, 1.97, 1.95, 2.19, 2.61, 2.79, 3.11, 3.43, 4.42, 5.6, 6.915, 7.858, 7.731, 7.244, 7.265, 7.726, 6.912, 5.551, 5.046, 5.13, 5.24, 5.548, 5.605, 5.559, 5.976, 7.235, 9.329, 11.564, 12.733, 12.248, 11.016, 10.62, 10.675, 11.04, 11.232], [4.56, 4.35, 3.74, 3.36, 3.77, 3.55, 3.48, 3.73, 3.07, 2.95, 2.91, 2.86, 3.36, 3.82, 3.58, 2.71, 3.07, 3.13, 2.9, 2.93, 3.1, 3.26, 2.98, 3.14, 2.96, 1.78, 1.28, 1.24, 1.72, 1.62, 1.82, 1.89, 1.55, 1.2, 1.24, 1.63, 1.93, 1.65, 1.16, 0.9, 0, 1.1, 1.15, 1.03, 1.25, 1.93, 2.2, 1.57, 1.63, 2.41, 2.44, 2.41, 1.89, 1.81, 1.95, 2.45, 2.73, 3.13, 3.45, 4.44, 5.596, 6.892, 7.818, 7.691, 7.204, 7.242, 7.703, 6.882, 5.551, 5.006, 5.07, 5.176, 5.525, 5.583, 5.519, 5.936, 7.192, 9.3, 11.541, 12.71, 12.225, 10.993, 10.597, 10.652, 11.017, 11.209], [4.94, 4.803, 4.08, 3.56, 4.07, 3.89, 3.74, 4.03, 3.39, 3.29, 3.07, 2.96, 3.46, 3.98, 3.68, 2.95, 3.37, 3.39, 3.2, 3.25, 3.52, 3.74, 3.46, 3.68, 3.54, 2.4, 1.62, 1.5, 1.66, 1.62, 1.8, 1.79, 1.81, 1.78, 1.74, 1.83, 2.09, 1.99, 1.56, 1.5, 1.1, 0, 0.77, 1.13, 1.27, 1.75, 1.74, 1.17, 2.11, 2.87, 2.92, 2.69, 2.13, 1.99, 2.41, 2.79, 3.19, 3.53, 3.83, 4.84, 6.0, 7.346, 8.269, 8.14, 7.65, 7.688, 8.152, 7.34, 5.948, 5.45, 5.52, 5.656, 5.979, 6.016, 5.971, 6.388, 7.646, 9.758, 11.98, 13.161, 12.676, 11.445, 11.049, 11.103, 11.468, 11.66], [4.69, 4.5, 3.81, 3.35, 3.8, 3.62, 3.53, 3.8, 3.18, 3.06, 2.9, 2.93, 3.35, 3.99, 3.73, 2.9, 3.12, 3.18, 2.97, 3.04, 3.27, 3.49, 3.17, 3.43, 3.43, 2.41, 1.79, 1.71, 1.93, 1.95, 2.27, 2.32, 2.3, 1.99, 1.91, 2.1, 2.46, 2.32, 1.91, 1.77, 1.15, 0.77, 0, 1.22, 1.52, 1.92, 1.85, 1.26, 1.84, 2.56, 2.61, 2.54, 1.96, 1.9, 2.12, 2.52, 2.9, 3.3, 3.62, 4.63, 5.73, 7.059, 7.982, 7.855, 7.368, 7.398, 7.867, 7.046, 5.678, 5.16, 5.22, 5.349, 5.689, 5.726, 5.681, 6.098, 7.352, 9.464, 11.693, 12.874, 12.389, 11.157, 10.762, 10.816, 11.181, 11.373], [4.71, 4.52, 3.79, 3.45, 3.9, 3.7, 3.61, 3.88, 3.18, 3.06, 2.98, 2.83, 3.39, 4.01, 3.73, 2.74, 3.12, 3.22, 2.95, 3.1, 3.25, 3.45, 3.21, 3.05, 2.71, 1.73, 1.21, 1.47, 1.69, 1.57, 1.73, 1.78, 1.46, 1.17, 1.19, 1.4, 1.72, 1.58, 1.19, 1.09, 1.03, 1.13, 1.22, 0, 1.5, 2.12, 2.37, 1.68, 1.76, 2.54, 2.61, 2.36, 1.86, 1.72, 2.16, 2.54, 2.92, 3.3, 3.54, 4.59, 5.77, 7.079, 7.99, 7.869, 7.382, 7.406, 7.876, 7.073, 5.717, 5.18, 5.22, 5.352, 5.692, 5.729, 5.683, 6.101, 7.356, 9.467, 11.696, 12.87, 12.392, 11.163, 10.77, 10.83, 11.184, 11.376], [5.312, 5.165, 4.33, 3.53, 4.24, 4.08, 3.75, 3.92, 3.4, 3.24, 2.94, 2.85, 3.33, 3.61, 3.29, 2.62, 3.14, 3.22, 3.05, 3.46, 3.81, 4.064, 3.77, 3.95, 3.93, 2.57, 1.45, 1.03, 1.39, 1.29, 1.37, 1.7, 1.8, 1.93, 1.59, 1.46, 1.78, 1.88, 1.55, 1.69, 1.25, 1.27, 1.52, 1.5, 0, 1.0, 1.21, 1.34, 2.34, 3.2, 3.284, 3.24, 2.64, 2.46, 2.78, 3.219, 3.597, 3.777, 3.84, 4.93, 6.366, 7.747, 8.679, 8.555, 8.068, 8.086, 8.558, 7.729, 6.328, 5.81, 5.862, 6.011, 6.369, 6.415, 6.36, 6.777, 8.027, 10.141, 12.381, 13.559, 13.075, 11.84, 11.45, 11.512, 11.858, 12.053], [5.96, 5.782, 4.935, 4.144, 4.86, 4.708, 4.321, 4.496, 3.98, 3.76, 3.26, 3.11, 3.59, 3.53, 2.99, 2.68, 3.44, 3.46, 3.49, 4.08, 4.45, 4.73, 4.49, 4.67, 4.59, 3.23, 2.07, 1.49, 1.53, 1.49, 1.71, 2.02, 2.3, 2.63, 2.29, 1.9, 2.1, 2.36, 2.25, 2.39, 1.93, 1.75, 1.92, 2.12, 1.0, 0, 0.63, 1.52, 3.02, 3.872, 3.97, 4.04, 3.46, 3.22, 3.52, 3.862, 4.226, 4.4, 4.411, 5.541, 7.012, 8.376, 9.308, 9.184, 8.697, 8.729, 9.187, 8.358, 6.962, 6.435, 6.48, 6.616, 7.008, 7.061, 7.006, 7.423, 8.661, 10.77, 13.01, 14.188, 13.704, 12.468, 12.078, 12.141, 12.487, 12.682], [5.93, 5.752, 4.887, 4.094, 4.81, 4.658, 4.279, 4.466, 3.99, 3.83, 3.31, 3.1, 3.62, 3.54, 2.92, 2.75, 3.41, 3.51, 3.48, 4.03, 4.4, 4.7, 4.5, 4.84, 4.8, 3.62, 2.38, 1.8, 1.8, 1.78, 1.88, 2.33, 2.53, 2.96, 2.64, 2.13, 2.41, 2.61, 2.64, 2.74, 2.2, 1.74, 1.85, 2.37, 1.21, 0.63, 0, 1.49, 3.07, 3.87, 3.98, 4.05, 3.49, 3.31, 3.55, 3.872, 4.198, 4.353, 4.401, 5.525, 6.965, 8.329, 9.261, 9.137, 8.649, 8.682, 9.14, 8.311, 6.947, 6.388, 6.439, 6.569, 6.961, 7.014, 6.962, 7.376, 8.614, 10.723, 12.963, 14.141, 13.657, 12.421, 12.031, 12.094, 12.44, 12.635], [4.515, 4.368, 3.63, 2.83, 3.44, 3.26, 3.03, 3.32, 2.92, 2.86, 2.62, 2.59, 3.07, 3.11, 2.85, 2.56, 2.64, 2.74, 2.41, 2.74, 3.11, 3.49, 3.47, 3.91, 3.97, 3.01, 1.91, 1.63, 2.01, 1.97, 2.23, 2.42, 2.32, 2.29, 2.13, 2.02, 2.24, 2.36, 2.07, 2.09, 1.57, 1.17, 1.26, 1.68, 1.34, 1.52, 1.49, 0, 1.8, 2.62, 2.67, 2.86, 2.42, 2.38, 2.46, 2.48, 2.757, 3.0, 3.16, 4.23, 5.592, 6.913, 7.842, 7.718, 7.231, 7.249, 7.727, 6.901, 5.546, 5.013, 5.045, 5.197, 5.535, 5.578, 5.523, 5.94, 7.21, 9.319, 11.544, 12.722, 12.238, 11.014, 10.612, 10.675, 11.021, 11.216], [3.25, 2.98, 2.75, 2.53, 2.72, 2.58, 2.53, 2.78, 2.48, 2.44, 2.62, 2.87, 3.17, 3.71, 3.37, 2.86, 2.42, 2.46, 1.93, 2.08, 2.09, 2.35, 2.09, 2.51, 2.57, 2.19, 2.23, 2.35, 2.95, 3.004, 3.23, 3.337, 2.56, 2.15, 2.15, 2.42, 2.78, 2.46, 2.11, 1.95, 1.63, 2.11, 1.84, 1.76, 2.34, 3.02, 3.07, 1.8, 0, 1.36, 1.35, 1.76, 1.66, 1.7, 1.66, 1.46, 1.52, 2.16, 2.56, 3.21, 4.23, 5.482, 6.376, 6.255, 5.768, 5.783, 6.261, 5.459, 4.141, 3.66, 3.64, 3.75, 4.075, 4.112, 4.057, 4.486, 5.742, 7.853, 10.079, 11.256, 10.772, 9.548, 9.156, 9.216, 9.555, 9.75], [2.57, 2.5, 2.59, 2.45, 2.32, 2.1, 2.11, 2.46, 1.94, 1.98, 2.44, 2.81, 2.91, 3.63, 3.35, 2.74, 2.28, 2.24, 1.85, 1.68, 1.59, 1.53, 1.39, 1.67, 1.75, 2.41, 2.884, 3.142, 3.742, 3.842, 4.064, 4.172, 3.36, 2.73, 2.75, 2.994, 3.2, 2.82, 2.73, 2.51, 2.41, 2.87, 2.56, 2.54, 3.2, 3.872, 3.87, 2.62, 1.36, 0, 0.91, 1.42, 1.56, 1.72, 1.52, 1.22, 1.5, 1.94, 2.38, 2.75, 3.57, 4.66, 5.496, 5.381, 4.894, 4.932, 5.413, 4.639, 3.47, 3.12, 3.1, 2.97, 3.33, 3.275, 3.269, 3.746, 4.959, 6.973, 9.222, 10.376, 9.892, 8.668, 8.276, 8.336, 8.675, 8.87], [2.54, 2.31, 2.42, 2.2, 2.21, 2.09, 1.98, 2.31, 1.93, 2.01, 2.39, 2.62, 2.8, 3.5, 3.16, 2.89, 2.35, 2.15, 1.7, 1.85, 1.82, 1.66, 1.72, 2.02, 2.06, 2.52, 2.94, 3.22, 3.752, 3.912, 4.092, 4.184, 3.39, 2.72, 2.76, 3.07, 3.31, 2.93, 2.84, 2.58, 2.44, 2.92, 2.61, 2.61, 3.284, 3.97, 3.98, 2.67, 1.35, 0.91, 0, 0.89, 1.41, 1.69, 1.39, 1.01, 1.17, 1.65, 2.07, 2.62, 3.48, 4.578, 5.421, 5.303, 4.813, 4.854, 5.306, 4.532, 3.34, 3.01, 2.99, 2.88, 3.171, 3.206, 3.142, 3.539, 4.812, 6.886, 9.141, 10.313, 9.822, 8.581, 8.188, 8.263, 8.62, 8.783], [2.91, 2.7, 2.65, 2.49, 2.54, 2.34, 2.23, 2.58, 2.1, 2.06, 2.44, 2.43, 2.73, 3.63, 3.49, 3.1, 2.76, 2.48, 2.07, 2.2, 2.21, 2.11, 2.19, 2.09, 2.15, 2.39, 2.67, 3.11, 3.51, 3.67, 3.819, 3.814, 3.06, 2.45, 2.53, 2.86, 3.08, 2.84, 2.59, 2.31, 2.41, 2.69, 2.54, 2.36, 3.24, 4.04, 4.05, 2.86, 1.76, 1.42, 0.89, 0, 1.08, 1.42, 1.34, 1.26, 1.38, 1.84, 2.32, 2.95, 3.81, 4.9, 5.72, 5.616, 5.146, 5.19, 5.588, 4.805, 3.73, 3.26, 3.3, 3.25, 3.49, 3.459, 3.45, 3.83, 5.07, 7.167, 9.414, 10.586, 10.113, 8.88, 8.476, 8.536, 8.881, 9.077], [3.35, 3.22, 3.29, 3.13, 3.28, 3.06, 2.95, 3.2, 2.68, 2.58, 2.64, 2.59, 3.03, 3.87, 3.77, 3.14, 3.04, 2.96, 2.57, 2.6, 2.67, 2.47, 2.27, 2.25, 2.29, 2.35, 2.27, 2.57, 2.93, 3.061, 3.239, 3.234, 2.58, 2.11, 2.27, 2.58, 2.92, 2.64, 2.21, 1.97, 1.89, 2.13, 1.96, 1.86, 2.64, 3.46, 3.49, 2.42, 1.66, 1.56, 1.41, 1.08, 0, 0.68, 0.88, 1.26, 1.94, 2.48, 3.02, 3.71, 4.49, 5.58, 6.44, 6.356, 5.866, 5.87, 6.305, 5.488, 4.35, 4.0, 3.96, 3.83, 4.13, 4.179, 4.15, 4.61, 5.871, 7.817, 10.037, 11.214, 10.73, 9.597, 9.173, 9.219, 9.598, 9.726], [3.69, 3.54, 3.67, 3.51, 3.64, 3.42, 3.31, 3.56, 3.02, 2.94, 2.98, 2.97, 3.41, 4.23, 4.11, 3.28, 3.32, 3.34, 2.91, 2.98, 2.95, 2.71, 2.49, 2.29, 2.21, 2.35, 2.27, 2.39, 2.71, 2.85, 3.05, 3.08, 2.44, 2.11, 2.29, 2.5, 2.88, 2.62, 2.15, 1.95, 1.81, 1.99, 1.9, 1.72, 2.46, 3.22, 3.31, 2.38, 1.7, 1.72, 1.69, 1.42, 0.68, 0, 0.9, 1.3, 2.22, 2.78, 3.36, 4.05, 4.77, 5.88, 6.7, 6.596, 6.146, 6.17, 6.557, 5.748, 4.53, 4.28, 4.28, 4.13, 4.41, 4.47, 4.43, 4.83, 6.051, 8.089, 10.297, 11.472, 10.993, 9.864, 9.434, 9.471, 9.87, 9.995], [3.33, 3.16, 3.33, 3.15, 3.34, 3.12, 3.01, 3.22, 2.74, 2.64, 2.7, 2.83, 3.21, 3.93, 3.85, 3.16, 3.06, 3.0, 2.59, 2.7, 2.65, 2.51, 2.29, 2.29, 2.33, 2.63, 2.61, 2.73, 3.27, 3.381, 3.61, 3.62, 2.78, 2.41, 2.65, 2.82, 3.18, 2.92, 2.47, 2.19, 1.95, 2.41, 2.12, 2.16, 2.78, 3.52, 3.55, 2.46, 1.66, 1.52, 1.39, 1.34, 0.88, 0.9, 0, 0.9, 1.92, 2.5, 3.0, 3.79, 4.47, 5.42, 6.12, 6.01, 5.54, 5.63, 6.054, 5.265, 4.19, 3.98, 4.02, 3.77, 3.97, 3.99, 3.95, 4.43, 5.6, 7.492, 9.691, 10.869, 10.39, 9.241, 8.811, 8.848, 9.247, 9.372], [2.73, 2.56, 2.67, 2.45, 2.62, 2.46, 2.33, 2.56, 2.36, 2.32, 2.5, 2.71, 2.93, 3.37, 3.15, 2.9, 2.58, 2.56, 2.21, 2.2, 2.19, 2.17, 2.31, 2.55, 2.57, 3.03, 2.93, 3.19, 3.75, 3.882, 4.082, 4.052, 3.24, 2.77, 2.99, 3.14, 3.46, 3.14, 2.85, 2.61, 2.45, 2.79, 2.52, 2.54, 3.219, 3.862, 3.872, 2.48, 1.46, 1.22, 1.01, 1.26, 1.26, 1.3, 0.9, 0, 1.22, 1.78, 2.28, 3.03, 3.75, 4.78, 5.537, 5.45, 4.98, 5.067, 5.434, 4.682, 3.53, 3.26, 3.32, 3.15, 3.33, 3.35, 3.31, 3.75, 4.968, 6.974, 9.208, 10.377, 9.91, 8.701, 8.271, 8.328, 8.707, 8.883], [2.35, 1.96, 1.91, 1.55, 1.86, 1.9, 1.81, 2.2, 1.96, 2.04, 2.34, 2.71, 2.75, 3.07, 3.09, 2.96, 2.2, 2.3, 1.81, 1.7, 1.77, 2.07, 2.49, 2.89, 2.91, 3.03, 3.27, 3.493, 4.099, 4.239, 4.419, 4.512, 3.72, 3.05, 3.05, 3.4, 3.66, 3.3, 3.15, 2.79, 2.73, 3.19, 2.9, 2.92, 3.597, 4.226, 4.198, 2.757, 1.52, 1.5, 1.17, 1.38, 1.94, 2.22, 1.92, 1.22, 0, 1.04, 1.68, 2.09, 3.05, 4.208, 5.091, 4.984, 4.477, 4.524, 4.976, 4.202, 3.03, 2.5, 2.54, 2.53, 2.841, 2.89, 2.89, 3.209, 4.482, 6.579, 8.814, 9.983, 9.498, 8.266, 7.87, 7.925, 8.29, 8.482], [2.35, 2.08, 1.79, 1.67, 1.52, 1.76, 1.61, 2.02, 1.7, 1.94, 2.42, 2.59, 2.65, 2.83, 3.07, 3.0, 2.34, 2.4, 1.99, 1.84, 2.15, 2.49, 2.99, 3.35, 3.45, 3.51, 3.55, 3.71, 4.273, 4.41, 4.593, 4.74, 4.06, 3.35, 3.37, 3.58, 3.76, 3.54, 3.49, 3.11, 3.13, 3.53, 3.3, 3.3, 3.777, 4.4, 4.353, 3.0, 2.16, 1.94, 1.65, 1.84, 2.48, 2.78, 2.5, 1.78, 1.04, 0, 1.0, 1.51, 2.71, 3.988, 4.929, 4.804, 4.323, 4.414, 4.958, 4.304, 3.39, 2.72, 2.72, 2.41, 2.77, 2.85, 2.85, 3.17, 4.302, 6.399, 8.654, 9.823, 9.319, 8.086, 7.69, 7.745, 8.168, 8.346], [2.33, 2.08, 1.61, 1.37, 1.32, 1.46, 1.37, 1.36, 1.4, 1.68, 2.02, 2.11, 1.91, 2.25, 2.63, 2.6, 2.04, 1.98, 1.77, 1.92, 2.27, 2.65, 3.19, 3.63, 3.71, 3.61, 3.71, 3.85, 4.33, 4.53, 4.71, 4.92, 4.36, 3.61, 3.43, 3.58, 3.88, 3.76, 3.83, 3.43, 3.45, 3.83, 3.62, 3.54, 3.84, 4.411, 4.401, 3.16, 2.56, 2.38, 2.07, 2.32, 3.02, 3.36, 3.0, 2.28, 1.68, 1.0, 0, 1.39, 2.902, 4.114, 5.092, 4.99, 4.669, 4.465, 5.075, 4.427, 3.38, 2.673, 2.54, 2.39, 2.75, 2.93, 3.05, 3.397, 4.394, 6.55, 8.807, 9.97, 9.411, 8.121, 7.777, 7.866, 8.212, 8.326], [2.08, 1.87, 1.42, 1.7, 1.41, 1.73, 1.68, 1.85, 1.69, 2.13, 2.93, 3.252, 2.76, 2.9, 3.554, 3.41, 2.47, 2.55, 2.32, 1.83, 2.02, 2.46, 3.14, 3.64, 3.72, 4.28, 4.74, 4.94, 5.431, 5.64, 5.82, 5.93, 5.27, 4.62, 4.48, 4.69, 4.93, 4.69, 4.82, 4.42, 4.44, 4.84, 4.63, 4.59, 4.93, 5.541, 5.525, 4.23, 3.21, 2.75, 2.62, 2.95, 3.71, 4.05, 3.79, 3.03, 2.09, 1.51, 1.39, 0, 1.68, 2.916, 3.839, 3.74, 3.439, 3.358, 3.965, 3.374, 2.5, 1.81, 1.89, 1.56, 1.9, 2.06, 2.26, 2.24, 3.29, 5.333, 7.613, 8.793, 8.226, 6.976, 6.615, 6.756, 7.182, 7.256], [1.9, 1.81, 2.26, 3.114, 2.47, 2.71, 2.92, 2.964, 3.25, 3.504, 4.308, 4.672, 4.143, 4.343, 5.032, 4.896, 3.829, 3.849, 3.627, 3.052, 2.78, 2.6, 3.22, 3.62, 4.02, 5.32, 6.082, 6.302, 6.862, 7.019, 7.222, 7.189, 6.452, 5.822, 5.782, 6.112, 6.309, 5.966, 5.956, 5.6, 5.596, 6.0, 5.73, 5.77, 6.366, 7.012, 6.965, 5.592, 4.23, 3.57, 3.48, 3.81, 4.49, 4.77, 4.47, 3.75, 3.05, 2.71, 2.902, 1.68, 0, 1.53, 2.45, 2.42, 2.05, 2.06, 2.508, 1.95, 1.62, 1.51, 1.55, 1.32, 1.32, 1.7, 1.8, 1.56, 1.95, 3.79, 6.071, 7.222, 6.752, 5.559, 5.144, 5.213, 5.659, 5.765], [2.79, 2.8, 3.573, 4.342, 3.58, 3.76, 4.161, 4.203, 4.466, 4.794, 5.68, 6.053, 5.459, 5.613, 6.376, 6.246, 5.133, 5.182, 4.941, 4.342, 3.975, 3.838, 4.11, 4.25, 5.01, 6.555, 7.372, 7.632, 8.215, 8.363, 8.552, 8.517, 7.734, 7.09, 7.118, 7.479, 7.67, 7.284, 7.28, 6.915, 6.892, 7.346, 7.059, 7.079, 7.747, 8.376, 8.329, 6.913, 5.482, 4.66, 4.578, 4.9, 5.58, 5.88, 5.42, 4.78, 4.208, 3.988, 4.114, 2.916, 1.53, 0, 1.12, 1.19, 1.24, 1.21, 1.44, 1.26, 1.87, 2.26, 2.48, 2.21, 1.79, 1.63, 1.87, 1.63, 1.38, 2.61, 4.83, 5.933, 5.368, 4.158, 3.78, 3.98, 4.36, 4.49], [3.71, 3.663, 4.556, 5.273, 4.523, 4.735, 5.133, 5.22, 5.415, 5.786, 6.675, 7.036, 6.413, 6.585, 7.302, 7.171, 6.082, 6.076, 5.869, 5.274, 4.91, 4.781, 4.978, 5.012, 5.767, 7.467, 8.312, 8.569, 9.147, 9.295, 9.489, 9.468, 8.679, 8.036, 8.067, 8.417, 8.602, 8.216, 8.206, 7.858, 7.818, 8.269, 7.982, 7.99, 8.679, 9.308, 9.261, 7.842, 6.376, 5.496, 5.421, 5.72, 6.44, 6.7, 6.12, 5.537, 5.091, 4.929, 5.092, 3.839, 2.45, 1.12, 0, 0.59, 1.28, 1.19, 1.2, 1.68, 2.79, 3.26, 3.46, 3.124, 2.65, 2.33, 2.41, 2.11, 1.48, 1.83, 3.97, 5.05, 4.428, 3.23, 2.88, 3.08, 3.58, 3.87], [3.58, 3.63, 4.466, 5.143, 4.428, 4.648, 5.06, 5.139, 5.325, 5.699, 6.596, 6.958, 6.355, 6.51, 7.224, 7.078, 5.941, 5.958, 5.748, 5.155, 4.765, 4.634, 4.831, 4.891, 5.646, 7.345, 8.182, 8.437, 9.025, 9.171, 9.359, 9.361, 8.572, 7.908, 7.946, 8.284, 8.478, 8.095, 8.085, 7.731, 7.691, 8.14, 7.855, 7.869, 8.555, 9.184, 9.137, 7.718, 6.255, 5.381, 5.303, 5.616, 6.356, 6.596, 6.01, 5.45, 4.984, 4.804, 4.99, 3.74, 2.42, 1.19, 0.59, 0, 0.93, 1.04, 0.99, 1.55, 2.68, 3.19, 3.424, 3.077, 2.62, 2.26, 2.4, 2.0, 1.41, 1.8, 4.04, 5.14, 4.538, 3.34, 2.99, 3.13, 3.63, 3.76], [3.15, 3.24, 4.03, 4.788, 4.061, 4.304, 4.662, 4.804, 4.949, 5.264, 6.247, 6.563, 6.089, 6.217, 6.797, 6.638, 5.489, 5.509, 5.299, 4.712, 4.327, 4.067, 4.344, 4.424, 5.173, 6.856, 7.701, 7.955, 8.541, 8.692, 8.884, 8.909, 8.111, 7.438, 7.456, 7.797, 7.991, 7.605, 7.598, 7.244, 7.204, 7.65, 7.368, 7.382, 8.068, 8.697, 8.649, 7.231, 5.768, 4.894, 4.813, 5.146, 5.866, 6.146, 5.54, 4.98, 4.477, 4.323, 4.669, 3.439, 2.05, 1.24, 1.28, 0.93, 0, 0.81, 1.02, 1.28, 2.33, 2.9, 3.137, 2.79, 2.39, 2.01, 2.01, 1.77, 1.64, 2.23, 4.45, 5.558, 5.048, 3.83, 3.48, 3.52, 3.94, 4.15], [3.04, 3.142, 3.951, 4.729, 4.014, 4.131, 4.569, 4.608, 4.877, 5.173, 6.057, 6.418, 5.864, 6.035, 6.758, 6.61, 5.501, 5.542, 5.311, 4.71, 4.322, 4.088, 4.345, 4.471, 5.234, 6.905, 7.705, 7.971, 8.551, 8.708, 8.891, 8.904, 8.141, 7.437, 7.468, 7.812, 8.003, 7.623, 7.622, 7.265, 7.242, 7.688, 7.398, 7.406, 8.086, 8.729, 8.682, 7.249, 5.783, 4.932, 4.854, 5.19, 5.87, 6.17, 5.63, 5.067, 4.524, 4.414, 4.465, 3.358, 2.06, 1.21, 1.19, 1.04, 0.81, 0, 0.87, 1.15, 2.14, 2.65, 2.907, 2.58, 2.2, 1.94, 2.02, 1.7, 1.53, 2.2, 4.38, 5.56, 5.03, 3.78, 3.39, 3.47, 3.85, 4.1], [3.55, 3.66, 4.393, 5.239, 4.582, 4.641, 5.054, 5.053, 5.379, 5.627, 6.507, 6.854, 6.329, 6.52, 7.265, 7.077, 6.008, 6.083, 5.807, 5.212, 4.787, 4.544, 4.817, 4.886, 5.649, 7.346, 8.183, 8.452, 9.035, 9.189, 9.372, 9.351, 8.557, 7.895, 7.929, 8.29, 8.481, 8.095, 8.091, 7.726, 7.703, 8.152, 7.867, 7.876, 8.558, 9.187, 9.14, 7.727, 6.261, 5.413, 5.306, 5.588, 6.305, 6.557, 6.054, 5.434, 4.976, 4.958, 5.075, 3.965, 2.508, 1.44, 1.2, 0.99, 1.02, 0.87, 0, 1.12, 2.55, 3.06, 3.32, 3.062, 2.742, 2.41, 2.49, 2.25, 1.62, 1.83, 3.89, 5.07, 4.54, 3.31, 2.92, 3.02, 3.32, 3.57], [2.89, 2.9, 3.63, 4.479, 3.944, 3.938, 4.302, 4.244, 4.736, 4.819, 5.593, 5.918, 5.535, 5.769, 6.484, 6.3, 5.217, 5.297, 5.007, 4.426, 3.998, 3.832, 4.169, 4.21, 4.912, 6.514, 7.357, 7.628, 8.205, 8.365, 8.571, 8.536, 7.716, 7.074, 7.097, 7.464, 7.652, 7.275, 7.265, 6.912, 6.882, 7.34, 7.046, 7.073, 7.729, 8.358, 8.311, 6.901, 5.459, 4.639, 4.532, 4.805, 5.488, 5.748, 5.265, 4.682, 4.202, 4.304, 4.427, 3.374, 1.95, 1.26, 1.68, 1.55, 1.28, 1.15, 1.12, 0, 1.69, 2.18, 2.46, 2.29, 2.11, 1.99, 2.15, 1.91, 1.76, 2.57, 4.71, 5.89, 5.44, 4.25, 3.84, 3.92, 4.22, 4.35], [2.26, 2.11, 2.46, 3.14, 2.91, 2.81, 3.127, 2.93, 3.65, 3.617, 4.294, 4.728, 4.324, 4.59, 5.184, 4.863, 3.93, 4.13, 3.716, 3.154, 2.733, 2.82, 3.24, 3.32, 3.96, 5.159, 5.932, 6.212, 6.778, 6.949, 7.144, 7.1, 6.323, 5.702, 5.727, 6.054, 6.271, 5.883, 5.873, 5.551, 5.551, 5.948, 5.678, 5.717, 6.328, 6.962, 6.947, 5.546, 4.141, 3.47, 3.34, 3.73, 4.35, 4.53, 4.19, 3.53, 3.03, 3.39, 3.38, 2.5, 1.62, 1.87, 2.79, 2.68, 2.33, 2.14, 2.55, 1.69, 0, 1.21, 1.51, 1.62, 1.6, 1.74, 1.92, 1.72, 2.07, 3.92, 6.22, 7.4, 6.87, 5.68, 5.33, 5.41, 5.63, 5.771], [1.79, 1.6, 1.93, 2.53, 2.16, 2.06, 2.374, 2.278, 2.841, 2.941, 3.541, 4.092, 3.551, 3.874, 4.585, 4.313, 3.34, 3.5, 3.152, 2.539, 2.21, 2.29, 2.73, 3.07, 3.67, 4.749, 5.486, 5.705, 6.26, 6.422, 6.605, 6.593, 5.879, 5.229, 5.246, 5.529, 5.729, 5.376, 5.366, 5.046, 5.006, 5.45, 5.16, 5.18, 5.81, 6.435, 6.388, 5.013, 3.66, 3.12, 3.01, 3.26, 4.0, 4.28, 3.98, 3.26, 2.5, 2.72, 2.673, 1.81, 1.51, 2.26, 3.26, 3.19, 2.9, 2.65, 3.06, 2.18, 1.21, 0, 0.78, 1.05, 1.53, 1.63, 1.81, 1.91, 2.5, 4.436, 6.662, 7.876, 7.403, 6.241, 5.846, 5.917, 6.208, 6.312], [1.57, 1.44, 1.89, 2.55, 2.0, 1.98, 2.35, 2.1, 2.76, 2.898, 3.572, 3.969, 3.428, 3.794, 4.509, 4.295, 3.282, 3.425, 3.074, 2.505, 2.19, 2.09, 2.69, 3.05, 3.59, 4.715, 5.491, 5.748, 6.288, 6.468, 6.651, 6.63, 5.865, 5.295, 5.295, 5.58, 5.778, 5.422, 5.45, 5.13, 5.07, 5.52, 5.22, 5.22, 5.862, 6.48, 6.439, 5.045, 3.64, 3.1, 2.99, 3.3, 3.96, 4.28, 4.02, 3.32, 2.54, 2.72, 2.54, 1.89, 1.55, 2.48, 3.46, 3.424, 3.137, 2.907, 3.32, 2.46, 1.51, 0.78, 0, 0.97, 1.57, 1.75, 1.87, 2.07, 2.68, 4.528, 6.908, 8.073, 7.509, 6.296, 5.983, 6.117, 6.286, 6.364], [1.66, 1.37, 2.0, 2.608, 1.99, 2.11, 2.44, 2.27, 2.759, 2.961, 3.716, 4.058, 3.58, 3.797, 4.665, 4.541, 3.59, 3.521, 3.196, 2.721, 2.48, 2.48, 2.76, 3.06, 3.4, 4.811, 5.613, 5.889, 6.446, 6.627, 6.81, 6.76, 6.001, 5.411, 5.411, 5.713, 5.914, 5.548, 5.562, 5.24, 5.176, 5.656, 5.349, 5.352, 6.011, 6.616, 6.569, 5.197, 3.75, 2.97, 2.88, 3.25, 3.83, 4.13, 3.77, 3.15, 2.53, 2.41, 2.39, 1.56, 1.32, 2.21, 3.124, 3.077, 2.79, 2.58, 3.062, 2.29, 1.62, 1.05, 0.97, 0, 1.0, 1.28, 1.42, 1.58, 2.25, 4.243, 6.594, 7.723, 7.218, 6.06, 5.684, 5.81, 6.079, 6.131], [2.06, 1.89, 2.48, 3.08, 2.41, 2.61, 2.84, 2.81, 3.121, 3.47, 4.224, 4.631, 4.18, 4.36, 5.14, 5.05, 4.13, 4.021, 3.693, 3.241, 2.98, 3.02, 3.0, 3.38, 3.7, 5.165, 5.978, 6.238, 6.816, 6.976, 7.158, 7.138, 6.344, 5.74, 5.747, 6.095, 6.283, 5.915, 5.905, 5.548, 5.525, 5.979, 5.689, 5.692, 6.369, 7.008, 6.961, 5.535, 4.075, 3.33, 3.171, 3.49, 4.13, 4.41, 3.97, 3.33, 2.841, 2.77, 2.75, 1.9, 1.32, 1.79, 2.65, 2.62, 2.39, 2.2, 2.742, 2.11, 1.6, 1.53, 1.57, 1.0, 0, 1.04, 1.36, 1.32, 2.01, 3.937, 6.266, 7.423, 6.816, 5.626, 5.259, 5.413, 5.739, 5.742], [2.28, 2.03, 2.64, 3.18, 2.43, 2.579, 3.029, 3.07, 3.208, 3.544, 4.433, 4.883, 4.44, 4.58, 5.26, 5.09, 4.15, 4.05, 3.771, 3.278, 2.98, 3.02, 2.9, 2.96, 3.66, 5.208, 6.054, 6.294, 6.888, 7.028, 7.231, 7.181, 6.396, 5.791, 5.828, 6.141, 6.335, 5.975, 5.945, 5.605, 5.583, 6.016, 5.726, 5.729, 6.415, 7.061, 7.014, 5.578, 4.112, 3.275, 3.206, 3.459, 4.179, 4.47, 3.99, 3.35, 2.89, 2.85, 2.93, 2.06, 1.7, 1.63, 2.33, 2.26, 2.01, 1.94, 2.41, 1.99, 1.74, 1.63, 1.75, 1.28, 1.04, 0, 0.88, 1.0