[[0, 1.49, 1.81, 1.95, 2.36, 2.05, 1.72, 2.8, 2.32, 1.66, 1.73, 2.66, 2.3, 2.68, 2.87, 3.56, 2.69, 3.04, 3.9, 6.39, 9.05, 8.42, 8.372, 9.47, 10.26, 10.65, 9.96, 9.52, 9.39, 8.86, 7.78, 7.23, 8.19, 8.29, 8.06, 7.55, 6.61, 6.43, 6.17, 6.29, 5.75, 5.69, 6.22, 7.13, 6.62, 5.38, 5.79, 5.87, 6.68, 5.9, 6.45, 6.6, 6.48, 5.45, 3.84, 3.17, 4.0, 3.57, 3.75, 5.25, 7.0, 7.14, 5.81, 5.26, 6.4, 6.63, 6.4, 6.32, 7.35, 8.85, 9.42, 9.35, 9.28, 9.15, 8.51, 8.2, 8.58, 8.59, 7.62, 7.12, 7.17, 7.05, 6.35, 7.11, 7.77, 8.42], [1.49, 0, 0.92, 1.1, 1.43, 1.34, 1.95, 3.99, 3.13, 2.25, 1.48, 1.89, 1.73, 1.77, 1.9, 2.43, 2.0, 2.21, 2.77, 5.12, 7.72, 7.09, 7.054, 8.14, 8.93, 9.337, 8.65, 8.25, 8.12, 7.59, 6.51, 5.96, 6.9, 7.02, 6.77, 6.26, 5.32, 5.1, 4.88, 4.98, 4.44, 4.42, 4.91, 5.82, 5.35, 4.11, 4.54, 4.56, 5.39, 4.61, 5.18, 5.29, 5.25, 4.22, 2.69, 2.26, 2.95, 2.68, 2.68, 4.0, 5.69, 5.81, 4.46, 3.93, 5.05, 5.34, 5.07, 5.03, 6.06, 7.54, 8.13, 8.08, 7.91, 7.8, 7.16, 6.93, 7.29, 7.28, 6.27, 5.75, 5.86, 5.76, 5.02, 5.82, 6.48, 7.15], [1.81, 0.92, 0, 0.66, 1.03, 1.1, 1.95, 4.01, 3.05, 1.97, 1.38, 1.53, 1.35, 1.49, 1.64, 2.55, 2.04, 2.27, 2.59, 5.06, 7.7, 7.07, 7.02, 8.1, 8.89, 9.28, 8.59, 8.19, 8.04, 7.51, 6.45, 5.9, 6.82, 6.94, 6.69, 6.2, 5.28, 5.06, 4.78, 4.82, 4.3, 4.28, 4.85, 5.74, 5.25, 4.07, 4.34, 4.38, 5.15, 4.41, 4.84, 5.07, 4.99, 3.98, 2.41, 2.12, 2.81, 2.74, 2.74, 3.98, 5.59, 5.71, 4.34, 3.83, 4.99, 5.3, 5.03, 4.93, 6.0, 7.48, 8.11, 8.04, 7.85, 7.78, 7.12, 6.87, 7.25, 7.26, 6.23, 5.71, 5.82, 5.7, 4.9, 5.78, 6.44, 7.15], [1.95, 1.1, 0.66, 0, 0.77, 0.96, 1.77, 3.79, 2.83, 1.75, 1.34, 1.69, 1.59, 1.69, 1.94, 2.85, 2.34, 2.57, 2.91, 5.28, 7.92, 7.29, 7.24, 8.32, 9.11, 9.5, 8.81, 8.41, 8.24, 7.71, 6.65, 6.1, 7.04, 7.14, 6.87, 6.4, 5.48, 5.26, 4.96, 5.02, 4.52, 4.5, 5.01, 5.96, 5.51, 4.25, 4.54, 4.62, 5.35, 4.61, 5.06, 5.31, 5.23, 4.18, 2.79, 2.4, 3.07, 3.02, 2.96, 4.16, 5.81, 5.93, 4.56, 4.01, 5.23, 5.48, 5.25, 5.15, 6.22, 7.66, 8.35, 8.26, 8.09, 7.98, 7.36, 7.07, 7.45, 7.48, 6.45, 5.95, 6.02, 5.9, 5.16, 5.96, 6.62, 7.33], [2.36, 1.43, 1.03, 0.77, 0, 0.81, 2.1, 4.36, 3.4, 2.0, 1.29, 1.44, 1.48, 1.5, 1.69, 2.58, 2.09, 2.34, 2.58, 4.77, 7.35, 6.72, 6.67, 7.75, 8.54, 8.93, 8.24, 7.86, 7.71, 7.18, 6.1, 5.61, 6.53, 6.61, 6.38, 5.93, 5.09, 4.83, 4.43, 4.53, 4.03, 4.05, 4.62, 5.55, 4.98, 3.76, 4.05, 4.13, 4.86, 4.14, 4.59, 4.82, 4.84, 3.73, 2.54, 2.27, 2.9, 2.85, 2.77, 3.79, 5.34, 5.46, 4.09, 3.5, 4.74, 4.95, 4.72, 4.68, 5.69, 7.15, 7.82, 7.71, 7.58, 7.45, 6.85, 6.58, 6.96, 6.93, 5.92, 5.44, 5.51, 5.41, 4.67, 5.43, 6.07, 7.0], [2.05, 1.34, 1.1, 0.96, 0.81, 0, 1.95, 4.33, 3.33, 1.91, 1.36, 1.87, 1.79, 1.81, 1.8, 2.57, 2.22, 2.69, 2.75, 4.92, 7.46, 6.79, 6.74, 7.82, 8.63, 9.02, 8.37, 7.99, 7.78, 7.25, 6.19, 5.68, 6.6, 6.7, 6.53, 6.08, 5.18, 4.9, 4.52, 4.8, 4.32, 4.28, 4.97, 5.8, 5.21, 3.91, 4.28, 4.42, 5.17, 4.37, 4.96, 5.15, 5.05, 4.06, 2.79, 2.5, 3.13, 2.98, 2.92, 3.92, 5.53, 5.65, 4.24, 3.81, 4.99, 5.1, 4.81, 4.85, 5.88, 7.28, 7.95, 7.88, 7.79, 7.7, 7.04, 6.73, 7.15, 7.0, 6.07, 5.69, 5.72, 5.64, 4.92, 5.44, 6.08, 7.03], [1.72, 1.95, 1.95, 1.77, 2.1, 1.95, 0, 2.44, 2.14, 2.02, 2.25, 3.18, 2.9, 3.14, 3.35, 4.16, 3.61, 3.78, 4.24, 6.73, 9.33, 8.7, 8.65, 9.73, 10.52, 10.91, 10.22, 9.74, 9.55, 9.02, 8.04, 7.45, 8.35, 8.53, 8.26, 7.79, 6.83, 6.61, 6.35, 6.39, 5.85, 5.85, 6.4, 7.27, 6.86, 5.6, 5.87, 5.97, 6.7, 5.92, 6.45, 6.68, 6.58, 5.57, 3.86, 3.63, 4.32, 4.15, 4.25, 5.51, 7.14, 7.26, 5.93, 5.38, 6.62, 6.87, 6.66, 6.52, 7.57, 9.05, 9.72, 9.65, 9.52, 9.39, 8.75, 8.44, 8.86, 8.91, 7.84, 7.36, 7.39, 7.25, 6.59, 7.33, 7.99, 8.74], [2.8, 3.99, 4.01, 3.79, 4.36, 4.33, 2.44, 0, 1.64, 2.94, 3.95, 4.8, 4.68, 4.96, 5.41, 6.2, 5.19, 5.36, 6.42, 9.07, 11.71, 11.08, 11.015, 12.11, 12.9, 13.29, 12.6, 12.06, 11.89, 11.34, 10.34, 9.75, 10.65, 10.83, 10.56, 10.17, 9.17, 8.99, 8.71, 8.61, 7.99, 7.91, 8.56, 9.41, 9.0, 7.84, 8.05, 7.87, 8.52, 7.84, 8.21, 8.54, 8.46, 7.59, 5.76, 5.21, 5.96, 5.75, 6.05, 7.71, 9.2, 9.38, 8.17, 7.6, 8.94, 9.23, 9.0, 8.8, 9.91, 11.39, 12.08, 12.03, 11.84, 11.75, 11.07, 10.72, 11.2, 11.27, 10.2, 9.68, 9.71, 9.41, 8.89, 9.71, 10.37, 11.0], [2.32, 3.13, 3.05, 2.83, 3.4, 3.33, 2.14, 1.64, 0, 1.7, 2.91, 3.78, 3.64, 3.98, 4.45, 5.24, 4.29, 4.44, 5.46, 8.106, 10.746, 10.12, 10.049, 11.15, 11.94, 12.326, 11.64, 11.12, 10.93, 10.38, 9.38, 8.79, 9.69, 9.87, 9.6, 9.21, 8.17, 7.99, 7.71, 7.61, 7.01, 7.07, 7.62, 8.51, 8.14, 6.92, 7.15, 7.01, 7.7, 6.94, 7.33, 7.62, 7.66, 6.71, 4.8, 4.15, 4.96, 4.65, 5.01, 6.69, 8.28, 8.44, 7.17, 6.64, 7.98, 8.27, 8.04, 7.84, 8.95, 10.43, 11.12, 11.07, 10.88, 10.79, 10.11, 9.76, 10.24, 10.31, 9.22, 8.72, 8.75, 8.55, 7.93, 8.71, 9.37, 10.0], [1.66, 2.25, 1.97, 1.75, 2.0, 1.91, 2.02, 2.94, 1.7, 0, 1.49, 2.54, 2.2, 2.48, 2.83, 3.6, 2.71, 3.14, 3.96, 6.49, 9.13, 8.46, 8.41, 9.49, 10.28, 10.67, 9.98, 9.52, 9.31, 8.76, 7.72, 7.15, 8.09, 8.21, 8.02, 7.59, 6.59, 6.43, 6.15, 6.35, 5.79, 5.75, 6.32, 7.21, 6.76, 5.38, 5.73, 5.73, 6.54, 5.74, 6.19, 6.46, 6.36, 5.45, 3.6, 2.89, 3.76, 3.31, 3.65, 5.19, 7.0, 7.18, 5.83, 5.28, 6.56, 6.67, 6.4, 6.38, 7.43, 8.85, 9.52, 9.49, 9.38, 9.27, 8.61, 8.2, 8.7, 8.67, 7.66, 7.28, 7.27, 7.15, 6.51, 7.07, 7.75, 8.4], [1.73, 1.48, 1.38, 1.34, 1.29, 1.36, 2.25, 3.95, 2.91, 1.49, 0, 1.45, 1.19, 1.57, 1.76, 2.43, 1.84, 1.87, 2.67, 5.3, 7.92, 7.29, 7.231, 8.32, 9.11, 9.519, 8.81, 8.27, 8.16, 7.61, 6.55, 6.02, 6.92, 7.06, 6.79, 6.38, 5.42, 5.24, 5.0, 5.02, 4.44, 4.36, 4.95, 5.8, 5.33, 4.07, 4.36, 4.48, 5.25, 4.43, 5.02, 5.21, 5.05, 4.06, 2.39, 1.84, 2.55, 2.24, 2.5, 4.0, 5.63, 5.81, 4.52, 4.01, 5.17, 5.44, 5.23, 5.05, 6.12, 7.62, 8.29, 8.24, 8.07, 7.98, 7.3, 6.95, 7.41, 7.48, 6.41, 5.89, 5.92, 5.68, 5.16, 5.96, 6.62, 7.25], [2.66, 1.89, 1.53, 1.69, 1.44, 1.87, 3.18, 4.8, 3.78, 2.54, 1.45, 0, 0.78, 0.98, 0.89, 1.74, 1.55, 1.32, 1.9, 4.33, 6.99, 6.36, 6.33, 7.41, 8.22, 8.63, 7.92, 7.54, 7.41, 6.9, 5.82, 5.27, 6.23, 6.33, 6.08, 5.53, 4.59, 4.41, 4.09, 4.19, 3.67, 3.67, 4.08, 5.09, 4.64, 3.42, 3.75, 3.79, 4.54, 3.86, 4.19, 4.44, 4.44, 3.37, 1.86, 1.45, 2.04, 1.89, 1.93, 3.35, 5.04, 5.1, 3.77, 3.16, 4.4, 4.63, 4.36, 4.34, 5.35, 6.81, 7.46, 7.37, 7.26, 7.11, 6.51, 6.24, 6.56, 6.57, 5.62, 5.14, 5.23, 5.11, 4.31, 5.07, 5.73, 6.38], [2.3, 1.73, 1.35, 1.59, 1.48, 1.79, 2.9, 4.68, 3.64, 2.2, 1.19, 0.78, 0, 0.66, 0.89, 1.72, 1.27, 1.28, 1.98, 4.47, 7.13, 6.5, 6.47, 7.55, 8.34, 8.744, 8.08, 7.66, 7.53, 7.02, 5.96, 5.41, 6.35, 6.47, 6.22, 5.67, 4.71, 4.55, 4.25, 4.33, 3.81, 3.79, 4.26, 5.23, 4.76, 3.54, 3.89, 3.97, 4.72, 4.02, 4.43, 4.66, 4.58, 3.53, 1.92, 1.33, 2.08, 1.83, 1.93, 3.49, 5.16, 5.22, 3.91, 3.36, 4.5, 4.77, 4.52, 4.48, 5.49, 6.97, 7.56, 7.49, 7.38, 7.23, 6.61, 6.38, 6.7, 6.73, 5.74, 5.22, 5.33, 5.23, 4.41, 5.23, 5.91, 6.56], [2.68, 1.77, 1.49, 1.69, 1.5, 1.81, 3.14, 4.96, 3.98, 2.48, 1.57, 0.98, 0.66, 0, 0.73, 1.52, 1.17, 1.34, 1.86, 4.19, 6.85, 6.24, 6.25, 7.25, 8.14, 8.55, 7.9, 7.54, 7.41, 6.9, 5.78, 5.27, 6.23, 6.29, 6.04, 5.53, 4.61, 4.43, 4.07, 4.23, 3.73, 3.69, 4.16, 5.13, 4.66, 3.46, 3.81, 3.91, 4.66, 3.94, 4.37, 4.62, 4.5, 3.47, 1.98, 1.59, 2.14, 1.87, 1.91, 3.41, 5.08, 5.14, 3.83, 3.28, 4.42, 4.63, 4.36, 4.4, 5.41, 6.85, 7.46, 7.37, 7.26, 7.11, 6.53, 6.28, 6.6, 6.47, 5.6, 5.12, 5.25, 5.15, 4.31, 5.03, 5.69, 6.34], [2.87, 1.9, 1.64, 1.94, 1.69, 1.8, 3.35, 5.41, 4.45, 2.83, 1.76, 0.89, 0.89, 0.73, 0, 1.15, 1.08, 1.15, 1.51, 3.78, 6.38, 5.75, 5.74, 6.78, 7.65, 8.04, 7.41, 7.07, 6.94, 6.39, 5.27, 4.8, 5.74, 5.78, 5.57, 5.06, 4.16, 3.96, 3.64, 3.88, 3.36, 3.3, 3.85, 4.74, 4.21, 2.99, 3.36, 3.52, 4.29, 3.55, 4.06, 4.25, 4.07, 3.12, 1.65, 1.4, 1.81, 1.62, 1.7, 2.96, 4.65, 4.75, 3.4, 2.89, 3.99, 4.18, 3.87, 3.95, 4.96, 6.4, 6.95, 6.88, 6.81, 6.68, 6.08, 5.83, 6.17, 5.94, 5.15, 4.69, 4.82, 4.7, 3.9, 4.52, 5.2, 5.89], [3.56, 2.43, 2.55, 2.85, 2.58, 2.57, 4.16, 6.2, 5.24, 3.6, 2.43, 1.74, 1.72, 1.52, 1.15, 0, 1.13, 1.16, 1.28, 3.09, 5.67, 4.94, 4.93, 6.01, 6.82, 7.21, 6.58, 6.24, 6.13, 5.58, 4.4, 3.97, 4.87, 4.93, 4.8, 4.25, 3.31, 3.13, 2.97, 3.19, 2.71, 2.61, 3.14, 4.01, 3.48, 2.24, 2.69, 2.89, 3.66, 2.94, 3.51, 3.6, 3.52, 2.73, 1.74, 1.73, 1.7, 1.45, 1.09, 2.19, 3.9, 3.96, 2.57, 2.18, 3.18, 3.31, 3.02, 3.1, 4.11, 5.53, 6.1, 6.05, 6.0, 5.89, 5.29, 5.0, 5.36, 5.15, 4.3, 3.9, 4.05, 3.93, 3.17, 3.67, 4.43, 5.12], [2.69, 2.0, 2.04, 2.34, 2.09, 2.22, 3.61, 5.19, 4.29, 2.71, 1.84, 1.55, 1.27, 1.17, 1.08, 1.13, 0, 1.11, 1.83, 4.04, 6.66, 6.03, 5.983, 7.08, 7.89, 8.3, 7.65, 7.29, 7.18, 6.65, 5.49, 4.98, 5.94, 5.98, 5.79, 5.26, 4.34, 4.16, 3.86, 4.1, 3.58, 3.52, 4.03, 4.94, 4.41, 3.15, 3.5, 3.72, 4.45, 3.73, 4.26, 4.41, 4.21, 3.3, 1.81, 1.6, 1.97, 1.62, 1.68, 3.12, 4.85, 4.93, 3.52, 3.01, 4.11, 4.3, 4.05, 4.09, 5.12, 6.56, 7.09, 7.04, 7.03, 6.84, 6.22, 5.99, 6.35, 6.16, 5.35, 4.89, 5.0, 4.92, 4.1, 4.72, 5.42, 6.13], [3.04, 2.21, 2.27, 2.57, 2.34, 2.69, 3.78, 5.36, 4.44, 3.14, 1.87, 1.32, 1.28, 1.34, 1.15, 1.16, 1.11, 0, 1.2, 3.83, 6.469, 5.84, 5.81, 6.91, 7.7, 8.075, 7.38, 6.88, 6.81, 6.26, 5.2, 4.67, 5.57, 5.71, 5.44, 4.99, 4.05, 3.87, 3.63, 3.57, 2.95, 2.89, 3.52, 4.29, 3.86, 2.78, 2.97, 3.09, 3.84, 3.12, 3.61, 3.78, 3.76, 2.89, 1.42, 1.25, 1.56, 1.19, 1.35, 2.79, 4.24, 4.34, 3.13, 2.54, 3.7, 4.03, 3.86, 3.68, 4.73, 6.27, 6.82, 6.73, 6.7, 6.53, 5.89, 5.64, 5.98, 5.99, 5.08, 4.5, 4.55, 4.33, 3.71, 4.49, 5.21, 5.94], [3.9, 2.77, 2.59, 2.91, 2.58, 2.75, 4.24, 6.42, 5.46, 3.96, 2.67, 1.9, 1.98, 1.86, 1.51, 1.28, 1.83, 1.2, 0, 2.71, 5.37, 4.74, 4.73, 5.83, 6.62, 6.97, 6.32, 5.9, 5.75, 5.22, 4.16, 3.63, 4.57, 4.65, 4.44, 3.91, 3.03, 2.81, 2.59, 2.61, 2.05, 2.01, 2.66, 3.41, 2.88, 1.82, 2.13, 2.37, 3.04, 2.34, 2.87, 3.0, 2.86, 2.03, 1.62, 1.89, 1.74, 1.65, 1.55, 1.97, 3.38, 3.44, 2.19, 1.7, 2.76, 2.99, 2.84, 2.66, 3.71, 5.23, 5.8, 5.69, 5.74, 5.59, 4.91, 4.66, 4.94, 4.97, 4.06, 3.6, 3.61, 3.47, 2.75, 3.45, 4.15, 5.04], [6.39, 5.12, 5.06, 5.28, 4.77, 4.92, 6.73, 9.07, 8.106, 6.49, 5.3, 4.33, 4.47, 4.19, 3.78, 3.09, 4.04, 3.83, 2.71, 0, 2.7, 2.23, 2.28, 3.2, 4.03, 4.38, 3.83, 3.51, 3.38, 2.85, 1.81, 1.6, 2.24, 2.3, 2.15, 1.7, 1.16, 1.0, 1.0, 1.28, 1.38, 1.44, 1.01, 1.62, 1.25, 1.67, 1.96, 2.02, 2.23, 2.15, 2.2, 2.31, 2.45, 2.18, 3.63, 4.242, 3.63, 3.9, 3.54, 2.0, 1.63, 1.53, 1.48, 1.73, 1.11, 1.2, 1.29, 1.21, 1.56, 2.84, 3.39, 3.32, 3.35, 3.22, 2.54, 2.37, 2.65, 2.58, 2.11, 1.67, 1.5, 1.58, 0.98, 1.1, 1.78, 3.05], [9.05, 7.72, 7.7, 7.92, 7.35, 7.46, 9.33, 11.71, 10.746, 9.13, 7.92, 6.99, 7.13, 6.85, 6.38, 5.67, 6.66, 6.469, 5.37, 2.7, 0, 1.19, 1.46, 1.24, 1.45, 1.76, 1.39, 1.59, 1.4, 1.21, 1.63, 2.08, 1.44, 1.26, 1.43, 1.66, 2.74, 2.88, 3.12, 3.26, 3.82, 3.9, 3.27, 2.42, 2.79, 4.07, 3.88, 4.16, 3.61, 4.166, 3.82, 3.61, 3.57, 4.36, 6.232, 6.885, 6.249, 6.53, 6.087, 4.38, 2.91, 2.69, 3.76, 4.23, 2.97, 2.72, 2.99, 3.03, 2.16, 1.1, 1.17, 1.1, 1.15, 1.24, 1.2, 1.49, 1.83, 1.66, 2.13, 2.53, 2.46, 2.7, 2.92, 2.42, 1.68, 1.95], [8.42, 7.09, 7.07, 7.29, 6.72, 6.79, 8.7, 11.08, 10.12, 8.46, 7.29, 6.36, 6.5, 6.24, 5.75, 4.94, 6.03, 5.84, 4.74, 2.23, 1.19, 0, 1.09, 1.57, 2.26, 2.41, 2.3, 2.44, 2.11, 1.68, 1.34, 1.53, 1.27, 1.25, 1.5, 1.45, 2.19, 2.35, 2.45, 2.73, 3.27, 3.35, 2.62, 1.95, 2.26, 3.36, 3.33, 3.59, 3.04, 3.576, 3.19, 3.04, 3.24, 3.73, 5.602, 6.255, 5.619, 5.86, 5.417, 3.85, 2.62, 2.32, 3.13, 3.62, 2.36, 2.19, 2.28, 2.46, 1.93, 1.63, 1.92, 1.93, 1.84, 1.99, 1.53, 2.0, 2.32, 2.17, 2.36, 2.3, 2.41, 2.53, 2.47, 1.71, 1.53, 1.94], [8.372, 7.054, 7.02, 7.24, 6.67, 6.74, 8.65, 11.015, 10.049, 8.41, 7.231, 6.33, 6.47, 6.25, 5.74, 4.93, 5.983, 5.81, 4.73, 2.28, 1.46, 1.09, 0, 1.52, 2.11, 2.46, 1.91, 1.91, 1.7, 1.57, 1.37, 1.8, 1.34, 1.46, 1.63, 1.34, 2.0, 2.22, 2.54, 2.66, 3.16, 3.28, 2.63, 2.34, 2.51, 3.39, 3.5, 3.7, 3.21, 3.59, 3.3, 3.07, 3.31, 3.72, 5.545, 6.208, 5.548, 5.798, 5.37, 3.664, 2.33, 2.11, 3.08, 3.59, 2.37, 2.12, 2.33, 2.61, 2.16, 1.66, 1.91, 1.86, 2.09, 1.98, 1.7, 2.05, 2.27, 2.2, 2.45, 2.39, 2.36, 2.52, 2.6, 1.76, 1.42, 1.45], [9.47, 8.14, 8.1, 8.32, 7.75, 7.82, 9.73, 12.11, 11.15, 9.49, 8.32, 7.41, 7.55, 7.25, 6.78, 6.01, 7.08, 6.91, 5.83, 3.2, 1.24, 1.57, 1.52, 0, 1.19, 1.6, 1.25, 1.33, 1.42, 1.31, 1.83, 2.38, 1.54, 1.48, 1.79, 1.98, 3.02, 3.24, 3.5, 3.72, 4.26, 4.36, 3.71, 2.86, 3.23, 4.366, 4.173, 4.485, 3.989, 4.529, 4.122, 3.949, 4.01, 4.74, 6.635, 7.288, 6.652, 6.893, 6.45, 4.704, 3.25, 2.95, 4.113, 4.581, 3.29, 3.1, 3.222, 3.366, 2.32, 1.08, 1.07, 1.2, 1.31, 1.36, 1.38, 1.75, 1.71, 1.5, 2.17, 2.53, 2.54, 2.78, 3.32, 2.58, 1.98, 2.21], [10.26, 8.93, 8.89, 9.11, 8.54, 8.63, 10.52, 12.9, 11.94, 10.28, 9.11, 8.22, 8.34, 8.14, 7.65, 6.82, 7.89, 7.7, 6.62, 4.03, 1.45, 2.26, 2.11, 1.19, 0, 0.81, 0.84, 1.32, 1.27, 1.62, 2.6, 3.17, 2.27, 2.09, 2.44, 2.73, 3.81, 4.01, 4.29, 4.51, 5.07, 5.15, 4.5, 3.65, 4.02, 5.136, 4.963, 5.255, 4.719, 5.299, 4.912, 4.659, 4.74, 5.503, 7.425, 8.078, 7.442, 7.683, 7.24, 5.514, 3.98, 3.74, 4.903, 5.391, 4.1, 3.79, 4.032, 4.156, 3.072, 1.61, 1.06, 1.07, 1.3, 1.39, 1.95, 2.317, 2.16, 1.85, 2.897, 3.34, 3.286, 3.57, 4.11, 3.39, 2.77, 2.34], [10.65, 9.337, 9.28, 9.5, 8.93, 9.02, 10.91, 13.29, 12.326, 10.67, 9.519, 8.63, 8.744, 8.55, 8.04, 7.21, 8.3, 8.075, 6.97, 4.38, 1.76, 2.41, 2.46, 1.6, 0.81, 0, 0.89, 1.57, 1.48, 1.95, 2.97, 3.58, 2.66, 2.46, 2.83, 3.14, 4.2, 4.42, 4.7, 4.9, 5.44, 5.56, 4.93, 4.04, 4.43, 5.549, 5.356, 5.648, 5.112, 5.692, 5.304, 5.112, 5.19, 5.94, 7.818, 8.471, 7.828, 8.076, 7.633, 5.907, 4.343, 4.123, 5.316, 5.783, 4.51, 4.2, 4.424, 4.549, 3.485, 2.04, 1.41, 1.46, 1.63, 1.68, 2.354, 2.67, 2.33, 2.22, 3.23, 3.77, 3.659, 3.919, 4.5, 3.78, 3.16, 2.75], [9.96, 8.65, 8.59, 8.81, 8.24, 8.37, 10.22, 12.6, 11.64, 9.98, 8.81, 7.92, 8.08, 7.9, 7.41, 6.58, 7.65, 7.38, 6.32, 3.83, 1.39, 2.3, 1.91, 1.25, 0.84, 0.89, 0, 1.02, 0.91, 1.36, 2.34, 2.87, 2.05, 2.01, 2.26, 2.47, 3.53, 3.77, 4.09, 4.29, 4.83, 4.93, 4.3, 3.43, 3.8, 4.92, 4.683, 4.975, 4.439, 4.999, 4.632, 4.499, 4.58, 5.33, 7.125, 7.778, 7.142, 7.383, 6.94, 5.214, 3.72, 3.5, 4.67, 5.14, 3.9, 3.57, 3.78, 3.9, 2.85, 1.45, 0.92, 0.87, 1.36, 1.29, 1.81, 1.997, 1.76, 1.69, 2.62, 3.14, 3.03, 3.29, 3.85, 3.15, 2.51, 2.3], [9.52, 8.25, 8.19, 8.41, 7.86, 7.99, 9.74, 12.06, 11.12, 9.52, 8.27, 7.54, 7.66, 7.54, 7.07, 6.24, 7.29, 6.88, 5.9, 3.51, 1.59, 2.44, 1.91, 1.33, 1.32, 1.57, 1.02, 0, 0.75, 1.18, 1.96, 2.45, 1.75, 1.77, 2.1, 2.17, 3.11, 3.37, 3.75, 3.87, 4.33, 4.43, 3.8, 2.93, 3.28, 4.4, 4.17, 4.51, 3.979, 4.499, 4.172, 4.06, 4.16, 4.85, 6.611, 7.281, 6.622, 6.863, 6.487, 4.77, 3.18, 2.94, 4.27, 4.7, 3.48, 3.19, 3.42, 3.44, 2.55, 1.39, 1.32, 1.29, 1.68, 1.61, 1.93, 1.62, 1.32, 1.67, 2.34, 2.76, 2.61, 2.83, 3.45, 2.79, 2.13, 2.32], [9.39, 8.12, 8.04, 8.24, 7.71, 7.78, 9.55, 11.89, 10.93, 9.31, 8.16, 7.41, 7.53, 7.41, 6.94, 6.13, 7.18, 6.81, 5.75, 3.38, 1.4, 2.11, 1.7, 1.42, 1.27, 1.48, 0.91, 0.75, 0, 0.73, 1.79, 2.22, 1.48, 1.44, 1.89, 2.08, 2.94, 3.16, 3.54, 3.68, 4.18, 4.28, 3.67, 2.78, 3.17, 4.29, 4.045, 4.34, 3.79, 4.326, 3.965, 3.87, 3.95, 4.7, 6.438, 7.094, 6.455, 6.696, 6.28, 4.583, 3.11, 2.93, 4.06, 4.51, 3.35, 3.02, 3.27, 3.29, 2.38, 1.24, 1.17, 1.1, 1.57, 1.42, 1.72, 1.57, 1.47, 1.52, 2.21, 2.67, 2.52, 2.68, 3.32, 2.62, 2.02, 2.29], [8.86, 7.59, 7.51, 7.71, 7.18, 7.25, 9.02, 11.34, 10.38, 8.76, 7.61, 6.9, 7.02, 6.9, 6.39, 5.58, 6.65, 6.26, 5.22, 2.85, 1.21, 1.68, 1.57, 1.31, 1.62, 1.95, 1.36, 1.18, 0.73, 0, 1.22, 1.69, 1.03, 0.97, 1.3, 1.55, 2.39, 2.63, 3.01, 3.13, 3.63, 3.75, 3.14, 2.23, 2.66, 3.74, 3.495, 3.81, 3.222, 3.756, 3.395, 3.32, 3.42, 4.15, 5.888, 6.544, 5.908, 6.158, 5.75, 4.013, 2.62, 2.4, 3.53, 3.98, 2.82, 2.51, 2.76, 2.76, 1.87, 0.93, 1.1, 1.17, 1.5, 1.29, 1.31, 1.16, 1.32, 1.29, 1.82, 2.32, 2.05, 2.23, 2.83, 2.09, 1.49, 2.26], [7.78, 6.51, 6.45, 6.65, 6.1, 6.19, 8.04, 10.34, 9.38, 7.72, 6.55, 5.82, 5.96, 5.78, 5.27, 4.4, 5.49, 5.2, 4.16, 1.81, 1.63, 1.34, 1.37, 1.83, 2.6, 2.97, 2.34, 1.96, 1.79, 1.22, 0, 0.83, 0.85, 0.87, 1.04, 1.03, 1.75, 1.77, 1.97, 2.17, 2.69, 2.79, 2.1, 1.49, 1.72, 2.68, 2.59, 2.85, 2.36, 2.84, 2.47, 2.34, 2.4, 3.13, 4.885, 5.541, 4.905, 5.155, 4.744, 3.17, 2.1, 1.84, 2.55, 2.92, 1.82, 1.59, 1.82, 1.7, 1.21, 1.45, 2.0, 1.95, 2.08, 1.97, 1.41, 1.16, 1.7, 1.67, 1.86, 1.98, 1.75, 1.97, 1.91, 1.31, 1.01, 2.22], [7.23, 5.96, 5.9, 6.1, 5.61, 5.68, 7.45, 9.75, 8.79, 7.15, 6.02, 5.27, 5.41, 5.27, 4.8, 3.97, 4.98, 4.67, 3.63, 1.6, 2.08, 1.53, 1.8, 2.38, 3.17, 3.58, 2.87, 2.45, 2.22, 1.69, 0.83, 0, 1.02, 1.36, 1.23, 1.12, 1.6, 1.56, 1.52, 1.98, 2.38, 2.54, 1.79, 1.26, 1.37, 2.23, 2.0, 2.32, 1.85, 2.29, 1.96, 1.81, 2.05, 2.58, 4.292, 4.96, 4.309, 4.55, 4.14, 2.82, 2.07, 1.65, 2.14, 2.47, 1.61, 1.48, 1.45, 1.25, 1.14, 1.76, 2.39, 2.34, 2.37, 2.24, 1.64, 1.35, 1.77, 1.92, 1.81, 1.63, 1.58, 1.6, 1.56, 1.2, 1.16, 2.43], [8.19, 6.9, 6.82, 7.04, 6.53, 6.6, 8.35, 10.65, 9.69, 8.09, 6.92, 6.23, 6.35, 6.23, 5.74, 4.87, 5.94, 5.57, 4.57, 2.24, 1.44, 1.27, 1.34, 1.54, 2.27, 2.66, 2.05, 1.75, 1.48, 1.03, 0.85, 1.02, 0, 0.88, 1.19, 1.16, 2.0, 2.08, 2.32, 2.42, 2.96, 3.06, 2.43, 1.78, 1.97, 3.01, 2.82, 3.06, 2.63, 3.13, 2.82, 2.61, 2.81, 3.36, 5.195, 5.851, 5.212, 5.453, 5.057, 3.5, 2.33, 1.97, 2.82, 3.23, 2.07, 1.86, 2.05, 2.05, 1.36, 1.14, 1.63, 1.66, 1.75, 1.76, 1.16, 1.29, 1.71, 1.66, 1.93, 2.03, 1.8, 2.0, 2.22, 1.54, 1.24, 2.13], [8.29, 7.02, 6.94, 7.14, 6.61, 6.7, 8.53, 10.83, 9.87, 8.21, 7.06, 6.33, 6.47, 6.29, 5.78, 4.93, 5.98, 5.71, 4.65, 2.3, 1.26, 1.25, 1.46, 1.48, 2.09, 2.46, 2.01, 1.77, 1.44, 0.97, 0.87, 1.36, 0.88, 0, 0.85, 1.1, 2.06, 2.16, 2.5, 2.7, 3.16, 3.26, 2.61, 1.82, 2.23, 3.27, 3.22, 3.54, 2.93, 3.39, 3.08, 2.91, 2.93, 3.66, 5.378, 6.034, 5.398, 5.648, 5.237, 3.58, 2.47, 2.13, 3.1, 3.57, 2.43, 2.16, 2.29, 2.31, 1.8, 1.22, 1.55, 1.54, 1.63, 1.58, 1.22, 1.31, 1.77, 1.68, 2.11, 2.27, 2.1, 2.3, 2.48, 1.74, 1.28, 1.97], [8.06, 6.77, 6.69, 6.87, 6.38, 6.53, 8.26, 10.56, 9.6, 8.02, 6.79, 6.08, 6.22, 6.04, 5.57, 4.8, 5.79, 5.44, 4.44, 2.15, 1.43, 1.5, 1.63, 1.79, 2.44, 2.83, 2.26, 2.1, 1.89, 1.3, 1.04, 1.23, 1.19, 0.85, 0, 0.85, 1.83, 1.99, 2.27, 2.47, 2.93, 3.03, 2.36, 1.59, 2.06, 3.1, 3.03, 3.29, 2.74, 3.18, 2.87, 2.64, 2.7, 3.37, 5.108, 5.782, 5.128, 5.407, 4.99, 3.33, 2.06, 1.7, 2.87, 3.32, 2.28, 2.15, 2.4, 2.14, 1.61, 1.29, 1.78, 1.87, 1.82, 1.87, 1.19, 1.22, 1.8, 1.71, 1.98, 2.02, 1.77, 2.01, 2.27, 1.65, 1.03, 1.94], [7.55, 6.26, 6.2, 6.4, 5.93, 6.08, 7.79, 10.17, 9.21, 7.59, 6.38, 5.53, 5.67, 5.53, 5.06, 4.25, 5.26, 4.99, 3.91, 1.7, 1.66, 1.45, 1.34, 1.98, 2.73, 3.14, 2.47, 2.17, 2.08, 1.55, 1.03, 1.12, 1.16, 1.1, 0.85, 0, 1.2, 1.42, 1.88, 2.12, 2.5, 2.58, 1.89, 1.5, 1.75, 2.67, 2.8, 3.06, 2.49, 2.85, 2.62, 2.43, 2.63, 3.06, 4.715, 5.348, 4.712, 4.953, 4.55, 2.9, 1.87, 1.45, 2.44, 2.95, 2.03, 1.92, 2.03, 1.81, 1.58, 1.52, 2.01, 1.94, 2.07, 2.0, 1.38, 1.21, 1.61, 1.64, 1.79, 1.85, 1.58, 1.82, 1.86, 1.3, 0.8, 1.79], [6.61, 5.32, 5.28, 5.48, 5.09, 5.18, 6.83, 9.17, 8.17, 6.59, 5.42, 4.59, 4.71, 4.61, 4.16, 3.31, 4.34, 4.05, 3.03, 1.16, 2.74, 2.19, 2.0, 3.02, 3.81, 4.2, 3.53, 3.11, 2.94, 2.39, 1.75, 1.6, 2.0, 2.06, 1.83, 1.2, 0, 0.68, 1.34, 1.4, 1.56, 1.74, 1.03, 1.52, 1.37, 1.95, 2.18, 2.34, 2.21, 2.27, 2.18, 2.29, 2.33, 2.48, 3.71, 4.331, 3.669, 3.928, 3.514, 1.98, 1.47, 1.31, 1.54, 2.15, 1.61, 1.64, 1.63, 1.37, 1.64, 2.5, 3.05, 3.0, 3.15, 3.04, 2.38, 2.21, 2.41, 2.36, 1.97, 1.69, 1.52, 1.68, 1.48, 1.04, 1.36, 2.21], [6.43, 5.1, 5.06, 5.26, 4.83, 4.9, 6.61, 8.99, 7.99, 6.43, 5.24, 4.41, 4.55, 4.43, 3.96, 3.13, 4.16, 3.87, 2.81, 1.0, 2.88, 2.35, 2.22, 3.24, 4.01, 4.42, 3.77, 3.37, 3.16, 2.63, 1.77, 1.56, 2.08, 2.16, 1.99, 1.42, 0.68, 0, 0.92, 1.12, 1.3, 1.46, 0.99, 1.46, 1.19, 1.59, 1.9, 2.02, 2.25, 2.17, 2.16, 2.21, 2.27, 2.38, 3.503, 4.151, 3.469, 3.728, 3.32, 1.78, 1.59, 1.49, 1.36, 1.83, 1.33, 1.32, 1.35, 1.13, 1.56, 2.68, 3.27, 3.22, 3.31, 3.2, 2.48, 2.27, 2.59, 2.56, 2.07, 1.75, 1.6, 1.58, 1.34, 1.1, 1.62, 2.69], [6.17, 4.88, 4.78, 4.96, 4.43, 4.52, 6.35, 8.71, 7.71, 6.15, 5.0, 4.09, 4.25, 4.07, 3.64, 2.97, 3.86, 3.63, 2.59, 1.0, 3.12, 2.45, 2.54, 3.5, 4.29, 4.7, 4.09, 3.75, 3.54, 3.01, 1.97, 1.52, 2.32, 2.5, 2.27, 1.88, 1.34, 0.92, 0, 0.9, 1.12, 1.34, 1.11, 1.58, 1.27, 1.47, 1.56, 1.56, 1.97, 1.89, 1.98, 1.99, 2.29, 2.18, 3.203, 3.871, 3.249, 3.5, 3.14, 1.9, 1.79, 1.71, 1.3, 1.39, 0.99, 1.08, 1.15, 1.15, 1.62, 3.0, 3.61, 3.58, 3.63, 3.44, 2.76, 2.57, 2.89, 2.92, 2.45, 1.95, 1.82, 1.66, 1.32, 1.18, 1.88, 3.15], [6.29, 4.98, 4.82, 5.02, 4.53, 4.8, 6.39, 8.61, 7.61, 6.35, 5.02, 4.19, 4.33, 4.23, 3.88, 3.19, 4.1, 3.57, 2.61, 1.28, 3.26, 2.73, 2.66, 3.72, 4.51, 4.9, 4.29, 3.87, 3.68, 3.13, 2.17, 1.98, 2.42, 2.7, 2.47, 2.12, 1.4, 1.12, 0.9, 0, 0.82, 1.08, 0.95, 1.7, 1.33, 1.71, 2.0, 1.8, 2.07, 1.91, 1.96, 1.97, 2.27, 2.16, 3.15, 3.82, 3.17, 3.46, 3.12, 2.0, 1.59, 1.57, 1.18, 1.47, 1.05, 1.28, 1.61, 1.37, 1.76, 3.14, 3.73, 3.72, 3.77, 3.62, 2.88, 2.79, 3.19, 3.2, 2.73, 2.33, 2.1, 2.04, 1.66, 1.72, 2.16, 3.25], [5.75, 4.44, 4.3, 4.52, 4.03, 4.32, 5.85, 7.99, 7.01, 5.79, 4.44, 3.67, 3.81, 3.73, 3.36, 2.71, 3.58, 2.95, 2.05, 1.38, 3.82, 3.27, 3.16, 4.26, 5.07, 5.44, 4.83, 4.33, 4.18, 3.63, 2.69, 2.38, 2.96, 3.16, 2.93, 2.5, 1.56, 1.3, 1.12, 0.82, 0, 0.68, 1.05, 1.94, 1.65, 1.51, 1.9, 1.64, 2.19, 1.89, 2.02, 2.13, 2.37, 1.88, 2.53, 3.26, 2.55, 2.94, 2.62, 1.5, 1.79, 1.73, 1.14, 1.07, 1.37, 1.74, 1.81, 1.67, 2.24, 3.68, 4.27, 4.26, 4.31, 4.16, 3.42, 3.25, 3.57, 3.5, 2.87, 2.33, 2.16, 2.08, 1.64, 1.94, 2.64, 3.67], [5.69, 4.42, 4.28, 4.5, 4.05, 4.28, 5.85, 7.91, 7.07, 5.75, 4.36, 3.67, 3.79, 3.69, 3.3, 2.61, 3.52, 2.89, 2.01, 1.44, 3.9, 3.35, 3.28, 4.36, 5.15, 5.56, 4.93, 4.43, 4.28, 3.75, 2.79, 2.54, 3.06, 3.26, 3.03, 2.58, 1.74, 1.46, 1.34, 1.08, 0.68, 0, 1.15, 1.9, 1.59, 1.55, 1.86, 1.68, 2.35, 1.91, 2.1, 2.33, 2.37, 1.92, 2.55, 3.18, 2.49, 2.86, 2.58, 1.4, 1.83, 1.79, 1.24, 1.01, 1.47, 1.84, 1.93, 1.81, 2.34, 3.76, 4.33, 4.34, 4.41, 4.26, 3.52, 3.35, 3.69, 3.58, 2.91, 2.37, 2.22, 2.02, 1.68, 2.1, 2.74, 3.83], [6.22, 4.91, 4.85, 5.01, 4.62, 4.97, 6.4, 8.56, 7.62, 6.32, 4.95, 4.08, 4.26, 4.16, 3.85, 3.14, 4.03, 3.52, 2.66, 1.01, 3.27, 2.62, 2.63, 3.71, 4.5, 4.93, 4.3, 3.8, 3.67, 3.14, 2.1, 1.79, 2.43, 2.61, 2.36, 1.89, 1.03, 0.99, 1.11, 0.95, 1.05, 1.15, 0, 1.39, 1.22, 1.62, 1.93, 1.91, 1.98, 1.88, 1.77, 1.82, 1.96, 1.83, 3.18, 3.85, 3.2, 3.53, 3.19, 2.05, 1.66, 1.46, 1.43, 1.6, 1.22, 1.41, 1.58, 1.34, 1.73, 3.09, 3.68, 3.69, 3.74, 3.59, 2.83, 2.68, 3.0, 2.97, 2.5, 1.96, 1.79, 1.81, 1.33, 1.51, 2.11, 3.06], [7.13, 5.82, 5.74, 5.96, 5.55, 5.8, 7.27, 9.41, 8.51, 7.21, 5.8, 5.09, 5.23, 5.13, 4.74, 4.01, 4.94, 4.29, 3.41, 1.62, 2.42, 1.95, 2.34, 2.86, 3.65, 4.04, 3.43, 2.93, 2.78, 2.23, 1.49, 1.26, 1.78, 1.82, 1.59, 1.5, 1.52, 1.46, 1.58, 1.7, 1.94, 1.9, 1.39, 0, 0.99, 2.23, 2.14, 2.3, 1.95, 2.09, 1.9, 1.75, 1.79, 2.32, 3.95, 4.66, 3.97, 4.34, 3.96, 2.78, 1.93, 1.49, 2.14, 2.37, 1.73, 1.86, 1.97, 1.45, 1.4, 2.28, 2.85, 2.86, 2.93, 2.76, 2.12, 1.97, 2.25, 2.42, 1.97, 1.71, 1.64, 1.5, 1.62, 1.52, 1.6, 2.79], [6.62, 5.35, 5.25, 5.51, 4.98, 5.21, 6.86, 9.0, 8.14, 6.76, 5.33, 4.64, 4.76, 4.66, 4.21, 3.48, 4.41, 3.86, 2.88, 1.25, 2.79, 2.26, 2.51, 3.23, 4.02, 4.43, 3.8, 3.28, 3.17, 2.66, 1.72, 1.37, 1.97, 2.23, 2.06, 1.75, 1.37, 1.19, 1.27, 1.33, 1.65, 1.59, 1.22, 0.99, 0, 1.56, 1.49, 1.63, 1.56, 1.68, 1.57, 1.74, 1.78, 1.91, 3.56, 4.23, 3.56, 3.85, 3.53, 2.47, 1.9, 1.64, 1.65, 1.86, 1.36, 1.43, 1.56, 0.86, 1.33, 2.63, 3.2, 3.17, 3.24, 3.13, 2.37, 2.2, 2.52, 2.53, 2.02, 1.52, 1.51, 1.43, 1.29, 1.39, 1.95, 3.34], [5.38, 4.11, 4.07, 4.25, 3.76, 3.91, 5.6, 7.84, 6.92, 5.38, 4.07, 3.42, 3.54, 3.46, 2.99, 2.24, 3.15, 2.78, 1.82, 1.67, 4.07, 3.36, 3.39, 4.366, 5.136, 5.549, 4.92, 4.4, 4.29, 3.74, 2.68, 2.23, 3.01, 3.27, 3.1, 2.67, 1.95, 1.59, 1.47, 1.71, 1.51, 1.55, 1.62, 2.23, 1.56, 0, 1.07, 1.21, 1.78, 1.48, 1.73, 1.74, 1.58, 1.17, 2.34, 2.99, 2.32, 2.59, 2.35, 1.93, 2.18, 2.28, 1.39, 1.46, 1.54, 1.49, 1.44, 1.24, 2.23, 3.67, 4.28, 4.25, 4.3, 4.23, 3.47, 3.2, 3.62, 3.47, 2.68, 2.3, 2.25, 2.13, 1.61, 2.03, 2.73, 3.98], [5.79, 4.54, 4.34, 4.54, 4.05, 4.28, 5.87, 8.05, 7.15, 5.73, 4.36, 3.75, 3.89, 3.81, 3.36, 2.69, 3.5, 2.97, 2.13, 1.96, 3.88, 3.33, 3.5, 4.173, 4.963, 5.356, 4.683, 4.17, 4.045, 3.495, 2.59, 2.0, 2.82, 3.22, 3.03, 2.8, 2.18, 1.9, 1.56, 2.0, 1.9, 1.86, 1.93, 2.14, 1.49, 1.07, 0, 0.94, 1.49, 1.21, 1.56, 1.83, 1.69, 1.62, 2.51, 3.24, 2.53, 2.84, 2.56, 2.2, 2.53, 2.53, 1.8, 1.69, 1.73, 1.74, 1.77, 1.19, 1.94, 3.42, 4.09, 4.02, 3.89, 3.82, 3.12, 2.83, 3.27, 3.28, 2.27, 1.83, 1.92, 1.88, 1.7, 2.2, 2.78, 4.09], [5.87, 4.56, 4.38, 4.62, 4.13, 4.42, 5.97, 7.87, 7.01, 5.73, 4.48, 3.79, 3.97, 3.91, 3.52, 2.89, 3.72, 3.09, 2.37, 2.02, 4.16, 3.59, 3.7, 4.485, 5.255, 5.648, 4.975, 4.51, 4.34, 3.81, 2.85, 2.32, 3.06, 3.54, 3.29, 3.06, 2.34, 2.02, 1.56, 1.8, 1.64, 1.68, 1.91, 2.3, 1.63, 1.21, 0.94, 0, 1.41, 1.31, 1.38, 1.61, 1.71, 1.6, 2.47, 3.14, 2.39, 2.78, 2.66, 2.22, 2.47, 2.55, 1.76, 1.51, 1.75, 1.84, 1.95, 1.41, 2.26, 3.72, 4.41, 4.36, 4.27, 4.2, 3.46, 3.21, 3.67, 3.62, 2.63, 2.17, 2.24, 2.1, 1.78, 2.36, 2.96, 4.31], [6.68, 5.39, 5.15, 5.35, 4.86, 5.17, 6.7, 8.52, 7.7, 6.54, 5.25, 4.54, 4.72, 4.66, 4.29, 3.66, 4.45, 3.84, 3.04, 2.23, 3.61, 3.04, 3.21, 3.989, 4.719, 5.112, 4.439, 3.979, 3.79, 3.222, 2.36, 1.85, 2.63, 2.93, 2.74, 2.49, 2.21, 2.25, 1.97, 2.07, 2.19, 2.35, 1.98, 1.95, 1.56, 1.78, 1.49, 1.41, 0, 1.0, 0.85, 1.1, 1.16, 1.61, 3.16, 3.91, 3.1, 3.55, 3.41, 2.95, 2.32, 2.16, 2.11, 2.22, 2.24, 2.37, 2.28, 1.66, 2.23, 3.19, 3.86, 3.81, 3.68, 3.61, 2.99, 2.6, 3.08, 3.05, 2.26, 2.02, 2.29, 2.25, 2.01, 2.27, 2.29, 3.68], [5.9, 4.61, 4.41, 4.61, 4.14, 4.37, 5.92, 7.84, 6.94, 5.74, 4.43, 3.86, 4.02, 3.94, 3.55, 2.94, 3.73, 3.12, 2.34, 2.15, 4.166, 3.576, 3.59, 4.529, 5.299, 5.692, 4.999, 4.499, 4.326, 3.756, 2.84, 2.29, 3.13, 3.39, 3.18, 2.85, 2.27, 2.17, 1.89, 1.91, 1.89, 1.91, 1.88, 2.09, 1.68, 1.48, 1.21, 1.31, 1.0, 0, 0.85, 1.18, 1.3, 1.15, 2.34, 3.11, 2.36, 2.77, 2.57, 2.29, 2.2, 2.14, 1.89, 1.88, 2.18, 2.35, 2.24, 1.64, 2.51, 3.77, 4.44, 4.37, 4.2, 4.13, 3.45, 3.12, 3.6, 3.63, 2.52, 2.14, 2.33, 2.31, 2.03, 2.41, 2.71, 3.9], [6.45, 5.18, 4.84, 5.06, 4.59, 4.96, 6.45, 8.21, 7.33, 6.19, 5.02, 4.19, 4.43, 4.37, 4.06, 3.51, 4.26, 3.61, 2.87, 2.2, 3.82, 3.19, 3.3, 4.122, 4.912, 5.304, 4.632, 4.172, 3.965, 3.395, 2.47, 1.96, 2.82, 3.08, 2.87, 2.62, 2.18, 2.16, 1.98, 1.96, 2.02, 2.1, 1.77, 1.9, 1.57, 1.73, 1.56, 1.38, 0.85, 0.85, 0, 0.93, 1.15, 1.42, 2.81, 3.52, 2.79, 3.32, 3.2, 2.68, 2.23, 2.07, 2.06, 2.07, 2.17, 2.34, 2.27, 1.69, 2.26, 3.38, 4.05, 3.98, 3.87, 3.78, 3.12, 2.77, 3.27, 3.26, 2.37, 2.11, 2.24, 2.26, 2.0, 2.36, 2.4, 3.69], [6.6, 5.29, 5.07, 5.31, 4.82, 5.15, 6.68, 8.54, 7.62, 6.46, 5.21, 4.44, 4.66, 4.62, 4.25, 3.6, 4.41, 3.78, 3.0, 2.31, 3.61, 3.04, 3.07, 3.949, 4.659, 5.112, 4.499, 4.06, 3.87, 3.32, 2.34, 1.81, 2.61, 2.91, 2.64, 2.43, 2.29, 2.21, 1.99, 1.97, 2.13, 2.33, 1.82, 1.75, 1.74, 1.74, 1.83, 1.61, 1.1, 1.18, 0.93, 0, 0.94, 1.37, 3.04, 3.77, 3.0, 3.43, 3.27, 2.99, 2.24, 1.9, 2.17, 2.28, 2.14, 2.27, 2.22, 1.88, 2.15, 3.13, 3.78, 3.79, 3.78, 3.71, 2.95, 2.7, 3.2, 3.25, 2.64, 2.4, 2.53, 2.39, 2.11, 2.27, 2.27, 3.46], [6.48, 5.25, 4.99, 5.23, 4.84, 5.05, 6.58, 8.46, 7.66, 6.36, 5.05, 4.44, 4.58, 4.5, 4.07, 3.52, 4.21, 3.76, 2.86, 2.45, 3.57, 3.24, 3.31, 4.01, 4.74, 5.19, 4.58, 4.16, 3.95, 3.42, 2.4, 2.05, 2.81, 2.93, 2.7, 2.63, 2.33, 2.27, 2.29, 2.27, 2.37, 2.37, 1.96, 1.79, 1.78, 1.58, 1.69, 1.71, 1.16, 1.3, 1.15, 0.94, 0, 1.19, 3.06, 3.81, 3.02, 3.41, 3.29, 3.19, 2.66, 2.4, 2.39, 2.56, 2.4, 2.49, 2.54, 1.9, 2.29, 3.27, 3.84, 3.85, 3.9, 3.83, 3.13, 2.86, 3.32, 3.19, 2.52, 2.46, 2.61, 2.59, 2.29, 2.59, 2.55, 3.72], [5.45, 4.22, 3.98, 4.18, 3.73, 4.06, 5.57, 7.59, 6.71, 5.45, 4.06, 3.37, 3.53, 3.47, 3.12, 2.73, 3.3, 2.89, 2.03, 2.18, 4.36, 3.73, 3.72, 4.74, 5.503, 5.94, 5.33, 4.85, 4.7, 4.15, 3.13, 2.58, 3.36, 3.66, 3.37, 3.06, 2.48, 2.38, 2.18, 2.16, 1.88, 1.92, 1.83, 2.32, 1.91, 1.17, 1.62, 1.6, 1.61, 1.15, 1.42, 1.37, 1.19, 0, 2.13, 2.86, 2.25, 2.54, 2.46, 2.42, 2.39, 2.31, 1.88, 1.81, 2.11, 2.32, 2.37, 1.89, 2.74, 3.98, 4.59, 4.6, 4.61, 4.52, 3.74, 3.55, 3.99, 3.88, 2.95, 2.57, 2.58, 2.5, 2.08, 2.64, 3.16, 4.25], [3.84, 2.69, 2.41, 2.79, 2.54, 2.79, 3.86, 5.76, 4.8, 3.6, 2.39, 1.86, 1.92, 1.98, 1.65, 1.74, 1.81, 1.42, 1.62, 3.63, 6.232, 5.602, 5.545, 6.635, 7.425, 7.818, 7.125, 6.611, 6.438, 5.888, 4.885, 4.292, 5.195, 5.378, 5.108, 4.715, 3.71, 3.503, 3.203, 3.15, 2.53, 2.55, 3.18, 3.95, 3.56, 2.34, 2.51, 2.47, 3.16, 2.34, 2.81, 3.04, 3.06, 2.13, 0, 0.97, 0.96, 1.05, 1.29, 2.25, 3.68, 3.88, 2.63, 2.14, 3.4, 3.69, 3.46, 3.28, 4.41, 5.89, 6.56, 6.49, 6.3, 6.21, 5.53, 5.18, 5.68, 5.75, 4.64, 4.16, 4.19, 3.97, 3.37, 4.15, 4.81, 5.5], [3.17, 2.26, 2.12, 2.4, 2.27, 2.5, 3.63, 5.21, 4.15, 2.89, 1.84, 1.45, 1.33, 1.59, 1.4, 1.73, 1.6, 1.25, 1.89, 4.242, 6.885, 6.255, 6.208, 7.288, 8.078, 8.471, 7.778, 7.281, 7.094, 6.544, 5.541, 4.96, 5.851, 6.034, 5.782, 5.348, 4.331, 4.151, 3.871, 3.82, 3.26, 3.18, 3.85, 4.66, 4.23, 2.99, 3.24, 3.14, 3.91, 3.11, 3.52, 3.77, 3.81, 2.86, 0.97, 0, 1.11, 0.92, 1.28, 2.74, 4.39, 4.57, 3.32, 2.77, 4.05, 4.34, 4.11, 3.93, 5.06, 6.54, 7.21, 7.14, 6.95, 6.86, 6.18, 5.83, 6.33, 6.4, 5.29, 4.81, 4.84, 4.66, 4.02, 4.82, 5.48, 6.13], [4.0, 2.95, 2.81, 3.07, 2.9, 3.13, 4.32, 5.96, 4.96, 3.76, 2.55, 2.04, 2.08, 2.14, 1.81, 1.7, 1.97, 1.56, 1.74, 3.63, 6.249, 5.619, 5.548, 6.652, 7.442, 7.828, 7.142, 6.622, 6.455, 5.908, 4.905, 4.309, 5.212, 5.398, 5.128, 4.712, 3.669, 3.469, 3.249, 3.17, 2.55, 2.49, 3.2, 3.97, 3.56, 2.32, 2.53, 2.39, 3.1, 2.36, 2.79, 3.0, 3.02, 2.25, 0.96, 1.11, 0, 0.87, 1.07, 2.17, 3.66, 3.88, 2.63, 2.1, 3.42, 3.71, 3.48, 3.3, 4.43, 5.91, 6.58, 6.51, 6.32, 6.23, 5.55, 5.2, 5.7, 5.77, 4.68, 4.18, 4.21, 3.97, 3.39, 4.15, 4.81, 5.46], [3.57, 2.68, 2.74, 3.02, 2.85, 2.98, 4.15, 5.75, 4.65, 3.31, 2.24, 1.89, 1.83, 1.87, 1.62, 1.45, 1.62, 1.19, 1.65, 3.9, 6.53, 5.86, 5.798, 6.893, 7.683, 8.076, 7.383, 6.863, 6.696, 6.158, 5.155, 4.55, 5.453, 5.648, 5.407, 4.953, 3.928, 3.728, 3.5, 3.46, 2.94, 2.86, 3.53, 4.34, 3.85, 2.59, 2.84, 2.78, 3.55, 2.77, 3.32, 3.43, 3.41, 2.54, 1.05, 0.92, 0.87, 0, 0.84, 2.3, 3.95, 4.17, 2.88, 2.45, 3.69, 3.96, 3.73, 3.57, 4.68, 6.16, 6.83, 6.76, 6.57, 6.5, 5.8, 5.45, 5.95, 6.02, 4.91, 4.43, 4.46, 4.22, 3.68, 4.38, 5.04, 5.67], [3.75, 2.68, 2.74, 2.96, 2.77, 2.92, 4.25, 6.05, 5.01, 3.65, 2.5, 1.93, 1.93, 1.91, 1.7, 1.09, 1.68, 1.35, 1.55, 3.54, 6.087, 5.417, 5.37, 6.45, 7.24, 7.633, 6.94, 6.487, 6.28, 5.75, 4.744, 4.14, 5.057, 5.237, 4.99, 4.55, 3.514, 3.32, 3.14, 3.12, 2.62, 2.58, 3.19, 3.96, 3.53, 2.35, 2.56, 2.66, 3.41, 2.57, 3.2, 3.27, 3.29, 2.46, 1.29, 1.28, 1.07, 0.84, 0, 1.86, 3.59, 3.75, 2.42, 2.07, 3.29, 3.54, 3.29, 3.11, 4.24, 5.72, 6.39, 6.32, 6.13, 6.04, 5.38, 5.03, 5.51, 5.58, 4.47, 4.01, 4.02, 3.92, 3.26, 3.94, 4.6, 5.23], [5.25, 4.0, 3.98, 4.16, 3.79, 3.92, 5.51, 7.71, 6.69, 5.19, 4.0, 3.35, 3.49, 3.41, 2.96, 2.19, 3.12, 2.79, 1.97, 2.0, 4.38, 3.85, 3.664, 4.704, 5.514, 5.907, 5.214, 4.77, 4.583, 4.013, 3.17, 2.82, 3.5, 3.58, 3.33, 2.9, 1.98, 1.78, 1.9, 2.0, 1.5, 1.4, 2.05, 2.78, 2.47, 1.93, 2.2, 2.22, 2.95, 2.29, 2.68, 2.99, 3.19, 2.42, 2.25, 2.74, 2.17, 2.3, 1.86, 0, 2.03, 2.19, 1.22, 1.19, 2.01, 2.28, 2.09, 2.11, 2.78, 4.0, 4.67, 4.58, 4.45, 4.36, 3.74, 3.31, 3.79, 3.84, 2.93, 2.47, 2.36, 2.28, 1.88, 2.24, 2.88, 3.71], [7.0, 5.69, 5.59, 5.81, 5.34, 5.53, 7.14, 9.2, 8.28, 7.0, 5.63, 5.04, 5.16, 5.08, 4.65, 3.9, 4.85, 4.24, 3.38, 1.63, 2.91, 2.62, 2.33, 3.25, 3.98, 4.343, 3.72, 3.18, 3.11, 2.62, 2.1, 2.07, 2.33, 2.47, 2.06, 1.87, 1.47, 1.59, 1.79, 1.59, 1.79, 1.83, 1.66, 1.93, 1.9, 2.18, 2.53, 2.47, 2.32, 2.2, 2.23, 2.24, 2.66, 2.39, 3.68, 4.39, 3.66, 3.95, 3.59, 2.03, 0, 0.88, 1.45, 2.12, 1.44, 1.57, 1.84, 1.8, 1.95, 2.53, 3.14, 3.13, 2.98, 3.01, 2.45, 2.3, 2.66, 2.87, 2.38, 1.86, 1.57, 1.41, 1.57, 1.37, 1.65, 2.48], [7.14, 5.81, 5.71, 5.93, 5.46, 5.65, 7.26, 9.38, 8.44, 7.18, 5.81, 5.1, 5.22, 5.14, 4.75, 3.96, 4.93, 4.34, 3.44, 1.53, 2.69, 2.32, 2.11, 2.95, 3.74, 4.123, 3.5, 2.94, 2.93, 2.4, 1.84, 1.65, 1.97, 2.13, 1.7, 1.45, 1.31, 1.49, 1.71, 1.57, 1.73, 1.79, 1.46, 1.49, 1.64, 2.28, 2.53, 2.55, 2.16, 2.14, 2.07, 1.9, 2.4, 2.31, 3.88, 4.57, 3.88, 4.17, 3.75, 2.19, 0.88, 0, 1.59, 2.22, 1.5, 1.65, 1.66, 1.72, 1.77, 2.25, 2.92, 2.89, 2.84, 2.71, 2.13, 2.0, 2.3, 2.61, 2.24, 1.86, 1.47, 1.41, 1.49, 1.09, 1.27, 2.28], [5.81, 4.46, 4.34, 4.56, 4.09, 4.24, 5.93, 8.17, 7.17, 5.83, 4.52, 3.77, 3.91, 3.83, 3.4, 2.57, 3.52, 3.13, 2.19, 1.48, 3.76, 3.13, 3.08, 4.113, 4.903, 5.316, 4.67, 4.27, 4.06, 3.53, 2.55, 2.14, 2.82, 3.1, 2.87, 2.44, 1.54, 1.36, 1.3, 1.18, 1.14, 1.24, 1.43, 2.14, 1.65, 1.39, 1.8, 1.76, 2.11, 1.89, 2.06, 2.17, 2.39, 1.88, 2.63, 3.32, 2.63, 2.88, 2.42, 1.22, 1.45, 1.59, 0, 0.97, 1.17, 1.46, 1.45, 1.29, 2.0, 3.4, 4.05, 3.98, 3.95, 3.88, 3.12, 2.97, 3.33, 3.24, 2.51, 2.03, 1.94, 1.92, 1.32, 1.66, 2.36, 3.51], [5.26, 3.93, 3.83, 4.01, 3.5, 3.81, 5.38, 7.6, 6.64, 5.28, 4.01, 3.16, 3.36, 3.28, 2.89, 2.18, 3.01, 2.54, 1.7, 1.73, 4.23, 3.62, 3.59, 4.581, 5.391, 5.783, 5.14, 4.7, 4.51, 3.98, 2.92, 2.47, 3.23, 3.57, 3.32, 2.95, 2.15, 1.83, 1.39, 1.47, 1.07, 1.01, 1.6, 2.37, 1.86, 1.46, 1.69, 1.51, 2.22, 1.88, 2.07, 2.28, 2.56, 1.81, 2.14, 2.77, 2.1, 2.45, 2.07, 1.19, 2.12, 2.22, 0.97, 0, 1.38, 1.75, 1.68, 1.66, 2.41, 3.85, 4.52, 4.45, 4.42, 4.29, 3.55, 3.36, 3.74, 3.69, 2.9, 2.36, 2.31, 2.23, 1.57, 2.21, 2.93, 4.14], [6.4, 5.05, 4.99, 5.23, 4.74, 4.99, 6.62, 8.94, 7.98, 6.56, 5.17, 4.4, 4.5, 4.42, 3.99, 3.18, 4.11, 3.7, 2.76, 1.11, 2.97, 2.36, 2.37, 3.29, 4.1, 4.51, 3.9, 3.48, 3.35, 2.82, 1.82, 1.61, 2.07, 2.43, 2.28, 2.03, 1.61, 1.33, 0.99, 1.05, 1.37, 1.47, 1.22, 1.73, 1.36, 1.54, 1.73, 1.75, 2.24, 2.18, 2.17, 2.14, 2.4, 2.11, 3.4, 4.05, 3.42, 3.69, 3.29, 2.01, 1.44, 1.5, 1.17, 1.38, 0, 0.65, 1.08, 1.16, 1.27, 2.63, 3.16, 3.19, 3.18, 3.07, 2.31, 2.3, 2.74, 2.83, 2.46, 1.9, 1.71, 1.61, 1.17, 1.33, 1.99, 3.22], [6.63, 5.34, 5.3, 5.48, 4.95, 5.1, 6.87, 9.23, 8.27, 6.67, 5.44, 4.63, 4.77, 4.63, 4.18, 3.31, 4.3, 4.03, 2.99, 1.2, 2.72, 2.19, 2.12, 3.1, 3.79, 4.2, 3.57, 3.19, 3.02, 2.51, 1.59, 1.48, 1.86, 2.16, 2.15, 1.92, 1.64, 1.32, 1.08, 1.28, 1.74, 1.84, 1.41, 1.86, 1.43, 1.49, 1.74, 1.84, 2.37, 2.35, 2.34, 2.27, 2.49, 2.32, 3.69, 4.34, 3.71, 3.96, 3.54, 2.28, 1.57, 1.65, 1.46, 1.75, 0.65, 0, 0.93, 1.11, 1.3, 2.32, 2.93, 2.9, 2.99, 2.88, 2.24, 2.21, 2.75, 2.76, 2.45, 2.09, 1.72, 1.72, 1.3, 1.16, 1.8, 2.93], [6.4, 5.07, 5.03, 5.25, 4.72, 4.81, 6.66, 9.0, 8.04, 6.4, 5.23, 4.36, 4.52, 4.36, 3.87, 3.02, 4.05, 3.86, 2.84, 1.29, 2.99, 2.28, 2.33, 3.222, 4.032, 4.424, 3.78, 3.42, 3.27, 2.76, 1.82, 1.45, 2.05, 2.29, 2.4, 2.03, 1.63, 1.35, 1.15, 1.61, 1.81, 1.93, 1.58, 1.97, 1.56, 1.44, 1.77, 1.95, 2.28, 2.24, 2.27, 2.22, 2.54, 2.37, 3.46, 4.11, 3.48, 3.73, 3.29, 2.09, 1.84, 1.66, 1.45, 1.68, 1.08, 0.93, 0, 1.2, 1.65, 2.67, 3.28, 3.25, 3.18, 3.15, 2.45, 2.36, 2.74, 2.97, 2.42, 2.04, 1.95, 1.75, 1.25, 1.17, 1.79, 3.0], [6.32, 5.03, 4.93, 5.15, 4.68, 4.85, 6.52, 8.8, 7.84, 6.38, 5.05, 4.34, 4.48, 4.4, 3.95, 3.1, 4.09, 3.68, 2.66, 1.21, 3.03, 2.46, 2.61, 3.366, 4.156, 4.549, 3.9, 3.44, 3.29, 2.76, 1.7, 1.25, 2.05, 2.31, 2.14, 1.81, 1.37, 1.13, 1.15, 1.37, 1.67, 1.81, 1.34, 1.45, 0.86, 1.24, 1.19, 1.41, 1.66, 1.64, 1.69, 1.88, 1.9, 1.89, 3.28, 3.93, 3.3, 3.57, 3.11, 2.11, 1.8, 1.72, 1.29, 1.66, 1.16, 1.11, 1.2, 0, 1.21, 2.63, 3.28, 3.23, 3.18, 3.11, 2.35, 2.12, 2.52, 2.63, 1.94, 1.5, 1.39, 1.43, 1.23, 1.35, 1.91, 3.22], [7.35, 6.06, 6.0, 6.22, 5.69, 5.88, 7.57, 9.91, 8.95, 7.43, 6.12, 5.35, 5.49, 5.41, 4.96, 4.11, 5.12, 4.73, 3.71, 1.56, 2.16, 1.93, 2.16, 2.32, 3.072, 3.485, 2.85, 2.55, 2.38, 1.87, 1.21, 1.14, 1.36, 1.8, 1.61, 1.58, 1.64, 1.56, 1.62, 1.76, 2.24, 2.34, 1.73, 1.4, 1.33, 2.23, 1.94, 2.26, 2.23, 2.51, 2.26, 2.15, 2.29, 2.74, 4.41, 5.06, 4.43, 4.68, 4.24, 2.78, 1.95, 1.77, 2.0, 2.41, 1.27, 1.3, 1.65, 1.21, 0, 1.54, 2.17, 2.2, 2.21, 2.18, 1.44, 1.27, 1.81, 1.78, 1.47, 1.41, 1.14, 1.2, 1.54, 1.42, 1.52, 2.93], [8.85, 7.54, 7.48, 7.66, 7.15, 7.28, 9.05, 11.39, 10.43, 8.85, 7.62, 6.81, 6.97, 6.85, 6.4, 5.53, 6.56, 6.27, 5.23, 2.84, 1.1, 1.63, 1.66, 1.08, 1.61, 2.04, 1.45, 1.39, 1.24, 0.93, 1.45, 1.76, 1.14, 1.22, 1.29, 1.52, 2.5, 2.68, 3.0, 3.14, 3.68, 3.76, 3.09, 2.28, 2.63, 3.67, 3.42, 3.72, 3.19, 3.77, 3.38, 3.13, 3.27, 3.98, 5.89, 6.54, 5.91, 6.16, 5.72, 4.0, 2.53, 2.25, 3.4, 3.85, 2.63, 2.32, 2.67, 2.63, 1.54, 0, 0.79, 0.96, 1.01, 1.14, 0.9, 0.99, 1.27, 1.18, 1.49, 1.97, 1.82, 2.08, 2.7, 2.16, 1.44, 2.11], [9.42, 8.13, 8.11, 8.35, 7.82, 7.95, 9.72, 12.08, 11.12, 9.52, 8.29, 7.46, 7.56, 7.46, 6.95, 6.1, 7.09, 6.82, 5.8, 3.39, 1.17, 1.92, 1.91, 1.07, 1.06, 1.41, 0.92, 1.32, 1.17, 1.1, 2.0, 2.39, 1.63, 1.55, 1.78, 2.01, 3.05, 3.27, 3.61, 3.73, 4.27, 4.33, 3.68, 2.85, 3.2, 4.28, 4.09, 4.41, 3.86, 4.44, 4.05, 3.78, 3.84, 4.59, 6.56, 7.21, 6.58, 6.83, 6.39, 4.67, 3.14, 2.92, 4.05, 4.52, 3.16, 2.93, 3.28, 3.28, 2.17, 0.79, 0, 0.65, 0.9, 0.87, 1.17, 1.44, 1.46, 1.19, 2.06, 2.54, 2.43, 2.71, 3.29, 2.73, 2.01, 2.38], [9.35, 8.08, 8.04, 8.26, 7.71, 7.88, 9.65, 12.03, 11.07, 9.49, 8.24, 7.37, 7.49, 7.37, 6.88, 6.05, 7.04, 6.73, 5.69, 3.32, 1.1, 1.93, 1.86, 1.2, 1.07, 1.46, 0.87, 1.29, 1.1, 1.17, 1.95, 2.34, 1.66, 1.54, 1.87, 1.94, 3.0, 3.22, 3.58, 3.72, 4.26, 4.34, 3.69, 2.86, 3.17, 4.25, 4.02, 4.36, 3.81, 4.37, 3.98, 3.79, 3.85, 4.6, 6.49, 7.14, 6.51, 6.76, 6.32, 4.58, 3.13, 2.89, 3.98, 4.45, 3.19, 2.9, 3.25, 3.23, 2.2, 0.96, 0.65, 0, 0.91, 0.8, 1.16, 1.37, 1.57, 1.36, 2.07, 2.57, 2.4, 2.68, 3.2, 2.66, 1.96, 2.25], [9.28, 7.91, 7.85, 8.09, 7.58, 7.79, 9.52, 11.84, 10.88, 9.38, 8.07, 7.26, 7.38, 7.26, 6.81, 6.0, 7.03, 6.7, 5.74, 3.35, 1.15, 1.84, 2.09, 1.31, 1.3, 1.63, 1.36, 1.68, 1.57, 1.5, 2.08, 2.37, 1.75, 1.63, 1.82, 2.07, 3.15, 3.31, 3.63, 3.77, 4.31, 4.41, 3.74, 2.93, 3.24, 4.3, 3.89, 4.27, 3.68, 4.2, 3.87, 3.78, 3.9, 4.61, 6.3, 6.95, 6.32, 6.57, 6.13, 4.45, 2.98, 2.84, 3.95, 4.42, 3.18, 2.99, 3.18, 3.18, 2.21, 1.01, 0.9, 0.91, 0, 0.85, 0.99, 1.32, 1.76, 1.55, 2.04, 2.3, 2.25, 2.57, 3.07, 2.81, 2.03, 2.12], [9.15, 7.8, 7.78, 7.98, 7.45, 7.7, 9.39, 11.75, 10.79, 9.27, 7.98, 7.11, 7.23, 7.11, 6.68, 5.89, 6.84, 6.53, 5.59, 3.22, 1.24, 1.99, 1.98, 1.36, 1.39, 1.68, 1.29, 1.61, 1.42, 1.29, 1.97, 2.24, 1.76, 1.58, 1.87, 2.0, 3.04, 3.2, 3.44, 3.62, 4.16, 4.26, 3.59, 2.76, 3.13, 4.23, 3.82, 4.2, 3.61, 4.13, 3.78, 3.71, 3.83, 4.52, 6.21, 6.86, 6.23, 6.5, 6.04, 4.36, 3.01, 2.71, 3.88, 4.29, 3.07, 2.88, 3.15, 3.11, 2.18, 1.14, 0.87, 0.8, 0.85, 0, 1.16, 1.29, 1.37, 1.28, 1.97, 2.31, 2.2, 2.46, 2.94, 2.66, 2.04, 2.27], [8.51, 7.16, 7.12, 7.36, 6.85, 7.04, 8.75, 11.07, 10.11, 8.61, 7.3, 6.51, 6.61, 6.53, 6.08, 5.29, 6.22, 5.89, 4.91, 2.54, 1.2, 1.53, 1.7, 1.38, 1.95, 2.354, 1.81, 1.93, 1.72, 1.31, 1.41, 1.64, 1.16, 1.22, 1.19, 1.38, 2.38, 2.48, 2.76, 2.88, 3.42, 3.52, 2.83, 2.12, 2.37, 3.47, 3.12, 3.46, 2.99, 3.45, 3.12, 2.95, 3.13, 3.74, 5.53, 6.18, 5.55, 5.8, 5.38, 3.74, 2.45, 2.13, 3.12, 3.55, 2.31, 2.24, 2.45, 2.35, 1.44, 0.9, 1.17, 1.16, 0.99, 1.16, 0, 1.07, 1.61, 1.6, 1.81, 1.91, 1.7, 2.02, 2.34, 2.02, 1.48, 2.13], [8.2, 6.93, 6.87, 7.07, 6.58, 6.73, 8.44, 10.72, 9.76, 8.2, 6.95, 6.24, 6.38, 6.28, 5.83, 5.0, 5.99, 5.64, 4.66, 2.37, 1.49, 2.0, 2.05, 1.75, 2.317, 2.67, 1.997, 1.62, 1.57, 1.16, 1.16, 1.35, 1.29, 1.31, 1.22, 1.21, 2.21, 2.27, 2.57, 2.79, 3.25, 3.35, 2.68, 1.97, 2.2, 3.2, 2.83, 3.21, 2.6, 3.12, 2.77, 2.7, 2.86, 3.55, 5.18, 5.83, 5.2, 5.45, 5.03, 3.31, 2.3, 2.0, 2.97, 3.36, 2.3, 2.21, 2.36, 2.12, 1.27, 0.99, 1.44, 1.37, 1.32, 1.29, 1.07, 0, 1.0, 1.19, 1.28, 1.76, 1.49, 1.67, 2.09, 1.91, 1.25, 2.48], [8.58, 7.29, 7.25, 7.45, 6.96, 7.15, 8.86, 11.2, 10.24, 8.7, 7.41, 6.56, 6.7, 6.6, 6.17, 5.36, 6.35, 5.98, 4.94, 2.65, 1.83, 2.32, 2.27, 1.71, 2.16, 2.33, 1.76, 1.32, 1.47, 1.32, 1.7, 1.77, 1.71, 1.77, 1.8, 1.61, 2.41, 2.59, 2.89, 3.19, 3.57, 3.69, 3.0, 2.25, 2.52, 3.62, 3.27, 3.67, 3.08, 3.6, 3.27, 3.2, 3.32, 3.99, 5.68, 6.33, 5.7, 5.95, 5.51, 3.79, 2.66, 2.3, 3.33, 3.74, 2.74, 2.75, 2.74, 2.52, 1.81, 1.27, 1.46, 1.57, 1.76, 1.37, 1.61, 1.0, 0, 1.11, 1.42, 1.76, 1.75, 1.93, 2.41, 2.17, 1.63, 2.74], [8.59, 7.28, 7.26, 7.48, 6.93, 7.0, 8.91, 11.27, 10.31, 8.67, 7.48, 6.57, 6.73, 6.47, 5.94, 5.15, 6.16, 5.99, 4.97, 2.58, 1.66, 2.17, 2.2, 1.5, 1.85, 2.22, 1.69, 1.67, 1.52, 1.29, 1.67, 1.92, 1.66, 1.68, 1.71, 1.64, 2.36, 2.56, 2.92, 3.2, 3.5, 3.58, 2.97, 2.42, 2.53, 3.47, 3.28, 3.62, 3.05, 3.63, 3.26, 3.25, 3.19, 3.88, 5.75, 6.4, 5.77, 6.02, 5.58, 3.84, 2.87, 2.61, 3.24, 3.69, 2.83, 2.76, 2.97, 2.63, 1.78, 1.18, 1.19, 1.36, 1.55, 1.28, 1.6, 1.19, 1.11, 0, 1.29, 1.75, 1.66, 2.1, 2.52, 2.22, 1.7, 2.93], [7.62, 6.27, 6.23, 6.45, 5.92, 6.07, 7.84