[[0, 0.56, 1.16, 1.47, 1.84, 2.57, 2.5, 2.75, 2.7, 3.08, 2.89, 2.57, 1.94, 1.46, 2.24, 2.61, 2.59, 3.42, 3.63, 4.18, 4.85, 4.92, 5.5, 6.08, 6.297, 6.487, 7.99, 8.37, 8.39, 7.5, 6.82, 7.27, 7.116, 7.116, 6.406, 6.0, 6.25, 5.97, 5.78, 6.76, 8.63, 9.35, 9.08, 9.17, 8.45, 7.63, 7.11, 6.3, 7.773, 9.94, 11.285, 12.703, 13.332, 12.932, 12.935, 13.213, 12.696, 12.053, 12.191, 12.106, 11.806, 11.834, 12.054, 12.633, 14.1, 15.431, 14.931, 14.664, 14.187, 13.873, 14.295, 13.595, 12.644, 12.074, 10.581, 9.487, 8.85, 7.784, 7.838, 8.371, 8.115, 7.152, 5.264, 3.685, 3.26, 3.33], [0.56, 0, 1.1, 1.39, 1.84, 2.59, 2.52, 2.77, 2.66, 3.1, 2.87, 2.43, 1.84, 1.38, 2.2, 2.53, 2.47, 3.32, 3.53, 4.08, 4.75, 4.82, 5.4, 5.96, 6.2, 6.37, 7.89, 8.25, 8.276, 7.38, 6.72, 7.187, 7.002, 7.002, 6.292, 5.88, 6.13, 5.85, 5.66, 6.7, 8.57, 9.29, 9.02, 9.11, 8.39, 7.57, 7.05, 6.2, 7.659, 9.832, 11.188, 12.586, 13.22, 12.82, 12.823, 13.102, 12.585, 11.942, 12.074, 11.995, 11.706, 11.728, 11.966, 12.513, 13.983, 15.323, 14.823, 14.547, 14.07, 13.764, 14.195, 13.486, 12.547, 11.997, 10.498, 9.366, 8.69, 7.712, 7.761, 8.268, 8.038, 7.034, 5.135, 3.597, 3.14, 3.45], [1.16, 1.1, 0, 0.43, 0.96, 2.39, 2.46, 2.57, 2.44, 2.78, 2.51, 2.21, 1.88, 1.82, 2.96, 3.45, 3.35, 4.22, 4.41, 4.98, 5.71, 5.8, 6.38, 6.96, 7.194, 7.37, 8.887, 9.25, 9.267, 8.38, 7.7, 8.122, 7.973, 7.973, 7.263, 6.86, 7.11, 6.83, 6.66, 7.66, 9.51, 10.21, 9.96, 10.07, 9.33, 8.47, 7.95, 7.16, 8.65, 10.841, 12.156, 13.571, 14.206, 13.806, 13.809, 14.088, 13.57, 12.942, 13.062, 12.995, 12.695, 12.719, 12.96, 13.507, 14.974, 16.317, 15.817, 15.535, 15.058, 14.758, 15.18, 14.477, 13.515, 12.951, 11.455, 10.349, 9.778, 8.686, 8.709, 9.237, 9.0, 8.04, 6.145, 4.68, 4.15, 4.13], [1.47, 1.39, 0.43, 0, 0.97, 2.58, 2.73, 2.82, 2.67, 2.95, 2.74, 2.4, 2.09, 1.99, 3.13, 3.62, 3.5, 4.35, 4.54, 5.11, 5.84, 5.93, 6.53, 7.11, 7.378, 7.56, 9.071, 9.4, 9.417, 8.53, 7.85, 8.272, 8.143, 8.123, 7.437, 7.01, 7.26, 6.98, 6.83, 7.91, 9.7, 10.4, 10.13, 10.24, 9.5, 8.62, 8.1, 7.31, 8.82, 11.013, 12.306, 13.721, 14.356, 13.956, 13.959, 14.238, 13.72, 13.095, 13.215, 13.168, 12.899, 12.906, 13.147, 13.68, 15.127, 16.47, 15.97, 15.688, 15.211, 14.945, 15.364, 14.661, 13.685, 13.158, 11.623, 10.539, 10.005, 8.916, 8.862, 9.429, 9.179, 8.219, 6.303, 4.95, 4.38, 4.4], [1.84, 1.84, 0.96, 0.97, 0, 1.95, 2.08, 2.15, 2.02, 2.34, 2.13, 1.77, 1.5, 2.04, 3.48, 4.11, 4.05, 4.88, 5.11, 5.68, 6.35, 6.44, 7.08, 7.64, 7.86, 8.07, 9.59, 9.93, 9.97, 9.08, 8.42, 8.884, 8.679, 8.662, 7.972, 7.54, 7.79, 7.53, 7.34, 8.44, 10.31, 11.01, 10.76, 10.87, 10.13, 9.21, 8.69, 7.88, 9.359, 11.529, 12.871, 14.263, 14.9, 14.5, 14.503, 14.785, 14.268, 13.634, 13.754, 13.687, 13.392, 13.411, 13.634, 14.201, 15.669, 17.011, 16.511, 16.244, 15.767, 15.447, 15.869, 15.167, 14.229, 13.679, 12.198, 11.018, 10.432, 9.423, 9.452, 9.966, 9.74, 8.72, 6.845, 5.35, 4.847, 4.817], [2.57, 2.59, 2.39, 2.58, 1.95, 0, 0.63, 0.96, 0.81, 1.09, 1.2, 1.48, 1.75, 2.55, 3.73, 4.32, 4.3, 5.11, 5.38, 5.91, 6.52, 6.59, 7.21, 7.77, 7.99, 8.2, 9.72, 10.06, 10.1, 9.21, 8.59, 9.06, 8.86, 8.837, 8.19, 7.67, 7.94, 7.66, 7.53, 8.77, 10.6, 11.3, 10.99, 11.08, 10.36, 9.46, 8.92, 8.09, 9.54, 11.697, 13.06, 14.405, 15.039, 14.639, 14.642, 14.921, 14.404, 13.781, 13.901, 13.834, 13.56, 13.541, 13.773, 14.357, 15.844, 17.147, 16.647, 16.377, 15.9, 15.566, 16.008, 15.297, 14.426, 13.893, 12.415, 11.305, 10.791, 9.765, 9.657, 10.165, 9.985, 8.968, 7.015, 5.64, 5.143, 5.153], [2.5, 2.52, 2.46, 2.73, 2.08, 0.63, 0, 0.55, 0.7, 0.86, 0.93, 1.31, 1.62, 2.56, 3.88, 4.47, 4.45, 5.26, 5.49, 6.06, 6.67, 6.72, 7.34, 7.9, 8.1, 8.31, 9.83, 10.17, 10.21, 9.32, 8.7, 9.193, 8.916, 8.927, 8.237, 7.78, 8.03, 7.77, 7.58, 8.74, 10.59, 11.31, 11.06, 11.15, 10.41, 9.53, 8.99, 8.16, 9.604, 11.764, 13.157, 14.518, 15.155, 14.755, 14.758, 15.037, 14.52, 13.877, 14.006, 13.93, 13.65, 13.674, 13.894, 14.464, 15.951, 17.251, 16.751, 16.484, 16.007, 15.687, 16.115, 15.415, 14.515, 13.965, 12.492, 11.295, 10.701, 9.695, 9.729, 10.24, 10.018, 9.003, 7.098, 5.59, 5.053, 5.123], [2.75, 2.77, 2.57, 2.82, 2.15, 0.96, 0.55, 0, 0.59, 0.59, 0.82, 1.36, 1.77, 2.89, 4.27, 4.88, 4.82, 5.67, 5.9, 6.49, 7.06, 7.13, 7.77, 8.33, 8.57, 8.76, 10.28, 10.6, 10.64, 9.75, 9.15, 9.646, 9.366, 9.36, 8.67, 8.21, 8.48, 8.2, 8.01, 9.15, 11.02, 11.76, 11.51, 11.6, 10.86, 9.98, 9.44, 8.61, 10.04, 12.217, 13.609, 14.954, 15.591, 15.191, 15.194, 15.473, 14.956, 14.313, 14.433, 14.366, 14.126, 14.149, 14.367, 14.914, 16.401, 17.684, 17.184, 16.914, 16.437, 16.16, 16.582, 15.888, 14.968, 14.438, 12.925, 11.702, 11.068, 10.116, 10.182, 10.707, 10.462, 9.433, 7.508, 6.02, 5.477, 5.533], [2.7, 2.66, 2.44, 2.67, 2.02, 0.81, 0.7, 0.59, 0, 0.58, 0.81, 1.15, 1.56, 2.72, 4.1, 4.73, 4.67, 5.52, 5.73, 6.34, 6.91, 7.0, 7.66, 8.24, 8.44, 8.63, 10.15, 10.51, 10.55, 9.64, 9.04, 9.536, 9.253, 9.27, 8.56, 8.12, 8.39, 8.09, 7.92, 9.06, 10.91, 11.65, 11.38, 11.47, 10.73, 9.81, 9.33, 8.5, 9.93, 12.124, 13.517, 14.864, 15.498, 15.098, 15.101, 15.38, 14.863, 14.22, 14.34, 14.273, 13.973, 14.011, 14.234, 14.821, 16.309, 17.591, 17.091, 16.821, 16.344, 16.03, 16.455, 15.755, 14.875, 14.325, 12.832, 11.609, 10.995, 10.046, 10.089, 10.594, 10.375, 9.346, 7.398, 5.92, 5.39, 5.44], [3.08, 3.1, 2.78, 2.95, 2.34, 1.09, 0.86, 0.59, 0.58, 0, 0.61, 1.17, 1.76, 2.96, 4.38, 5.03, 4.99, 5.74, 5.93, 6.54, 7.07, 7.16, 7.82, 8.48, 8.74, 8.93, 10.45, 10.73, 10.71, 9.8, 9.2, 9.719, 9.476, 9.47, 8.8, 8.28, 8.61, 8.25, 8.1, 9.38, 11.17, 11.81, 11.56, 11.67, 10.91, 9.99, 9.49, 8.66, 10.09, 12.269, 13.662, 15.007, 15.644, 15.244, 15.267, 15.586, 15.089, 14.426, 14.566, 14.539, 14.299, 14.322, 14.537, 15.084, 16.531, 17.754, 17.234, 16.967, 16.51, 16.33, 16.74, 16.064, 15.141, 14.611, 13.07, 11.772, 11.275, 10.289, 10.255, 10.894, 10.52, 9.569, 7.669, 6.25, 5.63, 5.623], [2.89, 2.87, 2.51, 2.74, 2.13, 1.2, 0.93, 0.82, 0.81, 0.61, 0, 0.94, 1.47, 2.73, 4.19, 4.9, 4.82, 5.59, 5.78, 6.31, 6.9, 6.97, 7.63, 8.35, 8.61, 8.8, 10.32, 10.6, 10.58, 9.63, 9.01, 9.583, 9.326, 9.34, 8.67, 8.11, 8.44, 8.06, 7.97, 9.19, 11.0, 11.58, 11.33, 11.44, 10.68, 9.76, 9.3, 8.43, 9.897, 12.074, 13.467, 14.811, 15.508, 15.108, 15.131, 15.45, 14.953, 14.29, 14.43, 14.403, 14.163, 14.187, 14.401, 14.949, 16.396, 17.619, 17.099, 16.831, 16.374, 16.188, 16.596, 15.921, 15.005, 14.475, 12.934, 11.642, 11.128, 10.139, 10.119, 10.744, 10.348, 9.43, 7.533, 6.08, 5.44, 5.433], [2.57, 2.43, 2.21, 2.4, 1.77, 1.48, 1.31, 1.36, 1.15, 1.17, 0.94, 0, 0.87, 2.11, 3.61, 4.26, 4.16, 4.95, 5.14, 5.69, 6.26, 6.35, 6.97, 7.67, 7.93, 8.12, 9.64, 9.92, 9.9, 8.95, 8.39, 8.952, 8.729, 8.666, 7.99, 7.51, 7.86, 7.44, 7.31, 8.65, 10.46, 11.06, 10.81, 10.9, 10.16, 9.24, 8.76, 7.91, 9.28, 11.465, 12.858, 14.165, 14.842, 14.442, 14.465, 14.787, 14.29, 13.627, 13.767, 13.74, 13.5, 13.521, 13.776, 14.323, 15.77, 16.993, 16.473, 16.186, 15.729, 15.535, 15.947, 15.28, 14.377, 13.847, 12.303, 10.996, 10.422, 9.496, 9.491, 10.15, 9.788, 8.799, 6.902, 5.5, 4.86, 4.89], [1.94, 1.84, 1.88, 2.09, 1.5, 1.75, 1.62, 1.77, 1.56, 1.76, 1.47, 0.87, 0, 1.46, 3.02, 3.69, 3.59, 4.38, 4.61, 5.16, 5.77, 5.88, 6.54, 7.2, 7.46, 7.65, 9.15, 9.45, 9.41, 8.52, 7.86, 8.39, 8.13, 8.184, 7.5, 6.96, 7.29, 6.95, 6.8, 8.06, 9.89, 10.53, 10.26, 10.37, 9.63, 8.71, 8.21, 7.36, 8.77, 10.943, 12.316, 13.697, 14.315, 13.915, 13.938, 14.291, 13.794, 13.114, 13.254, 13.227, 12.971, 13.001, 13.248, 13.738, 15.177, 16.44, 15.92, 15.644, 15.207, 14.981, 15.408, 14.703, 13.801, 13.291, 11.746, 10.448, 9.852, 8.88, 8.895, 9.523, 9.195, 8.251, 6.378, 4.85, 4.28, 4.291], [1.46, 1.38, 1.82, 1.99, 2.04, 2.55, 2.56, 2.89, 2.72, 2.96, 2.73, 2.11, 1.46, 0, 1.6, 2.27, 2.21, 3.02, 3.25, 3.82, 4.45, 4.54, 5.2, 5.82, 6.08, 6.27, 7.77, 8.07, 8.05, 7.18, 6.5, 6.99, 6.75, 6.799, 6.12, 5.62, 5.89, 5.61, 5.44, 6.72, 8.51, 9.15, 8.88, 8.99, 8.25, 7.35, 6.83, 5.98, 7.43, 9.609, 10.93, 12.346, 12.963, 12.563, 12.566, 12.899, 12.402, 11.722, 11.862, 11.835, 11.571, 11.601, 11.853, 12.352, 13.777, 15.071, 14.571, 14.304, 13.847, 13.613, 14.028, 13.329, 12.375, 11.873, 10.344, 9.12, 8.641, 7.592, 7.52, 8.112, 7.84, 6.88, 5.004, 3.61, 3.04, 3.15], [2.24, 2.2, 2.96, 3.13, 3.48, 3.73, 3.88, 4.27, 4.1, 4.38, 4.19, 3.61, 3.02, 1.6, 0, 1.11, 1.25, 1.92, 2.19, 2.62, 3.07, 3.12, 3.76, 4.32, 4.54, 4.73, 6.23, 6.59, 6.61, 5.74, 5.04, 5.55, 5.39, 5.33, 4.84, 4.4, 4.43, 4.19, 4.08, 5.54, 7.27, 7.91, 7.5, 7.61, 6.89, 5.97, 5.45, 4.66, 6.01, 8.2, 9.51, 10.914, 11.543, 11.152, 11.149, 11.442, 10.925, 10.369, 10.422, 10.338, 10.046, 10.074, 10.302, 10.838, 12.305, 13.642, 13.142, 12.912, 12.415, 12.112, 12.526, 11.849, 10.943, 10.353, 8.944, 8.037, 7.514, 6.394, 6.25, 6.727, 6.549, 5.477, 3.624, 2.55, 2.6, 2.89], [2.61, 2.53, 3.45, 3.62, 4.11, 4.32, 4.47, 4.88, 4.73, 5.03, 4.9, 4.26, 3.69, 2.27, 1.11, 0, 0.68, 1.29, 1.44, 1.87, 2.42, 2.49, 3.07, 3.65, 3.87, 4.06, 5.54, 5.92, 5.94, 5.05, 4.43, 4.92, 5.0, 4.9, 4.55, 4.15, 4.06, 3.64, 3.69, 5.25, 6.9, 7.54, 7.03, 7.14, 6.5, 5.6, 5.02, 4.27, 5.52, 7.65, 8.853, 10.239, 10.876, 10.496, 10.496, 10.781, 10.284, 9.754, 9.773, 9.706, 9.46, 9.435, 9.679, 10.209, 11.662, 13.005, 12.518, 12.288, 11.791, 11.507, 11.942, 11.24, 10.326, 9.716, 8.463, 7.733, 7.173, 6.033, 5.763, 6.329, 6.319, 5.156, 3.243, 2.42, 2.79, 3.38], [2.59, 2.47, 3.35, 3.5, 4.05, 4.3, 4.45, 4.82, 4.67, 4.99, 4.82, 4.16, 3.59, 2.21, 1.25, 0.68, 0, 0.99, 1.18, 1.77, 2.44, 2.53, 3.17, 3.75, 3.99, 4.18, 5.66, 6.02, 6.04, 5.15, 4.57, 5.04, 5.16, 5.1, 4.73, 4.33, 4.2, 3.82, 3.85, 5.41, 7.04, 7.66, 7.15, 7.26, 6.62, 5.74, 5.14, 4.43, 5.66, 7.73, 8.961, 10.336, 10.973, 10.573, 10.613, 10.904, 10.387, 9.877, 9.908, 9.803, 9.574, 9.582, 9.822, 10.312, 11.779, 13.122, 12.624, 12.374, 11.878, 11.633, 12.079, 11.357, 10.466, 9.856, 8.583, 7.893, 7.333, 6.173, 5.906, 6.512, 6.479, 5.316, 3.41, 2.66, 3.09, 3.7], [3.42, 3.32, 4.22, 4.35, 4.88, 5.11, 5.26, 5.67, 5.52, 5.74, 5.59, 4.95, 4.38, 3.02, 1.92, 1.29, 0.99, 0, 0.57, 1.32, 1.67, 1.74, 2.36, 2.92, 3.18, 3.57, 4.99, 5.17, 5.17, 4.3, 3.98, 4.39, 4.53, 4.67, 4.4, 3.84, 3.55, 3.23, 3.38, 4.84, 6.33, 6.91, 6.44, 6.51, 5.89, 4.99, 4.43, 3.7, 4.97, 6.98, 8.13, 9.506, 10.098, 9.723, 9.743, 10.036, 9.552, 9.062, 9.073, 9.016, 8.786, 8.791, 9.031, 9.511, 10.929, 12.252, 11.774, 11.524, 11.027, 10.861, 11.325, 10.585, 9.742, 9.169, 7.9, 7.23, 6.689, 5.61, 5.44, 6.061, 6.061, 4.841, 3.22, 3.15, 3.66, 4.25], [3.63, 3.53, 4.41, 4.54, 5.11, 5.38, 5.49, 5.9, 5.73, 5.93, 5.78, 5.14, 4.61, 3.25, 2.19, 1.44, 1.18, 0.57, 0, 1.11, 1.58, 1.69, 2.23, 2.85, 3.15, 3.5, 4.86, 5.08, 5.059, 4.21, 3.99, 4.44, 4.62, 4.72, 4.39, 3.89, 3.64, 3.2, 3.39, 4.91, 6.34, 6.92, 6.45, 6.5, 5.88, 5.0, 4.38, 3.75, 5.0, 7.05, 8.14, 9.458, 10.055, 9.735, 9.71, 10.048, 9.578, 9.146, 9.123, 9.053, 8.77, 8.78, 8.98, 9.55, 10.91, 12.17, 11.773, 11.523, 11.006, 10.888, 11.335, 10.635, 9.812, 9.278, 7.989, 7.3, 6.799, 5.7, 5.41, 6.128, 6.048, 4.908, 3.25, 3.46, 3.95, 4.52], [4.18, 4.08, 4.98, 5.11, 5.68, 5.91, 6.06, 6.49, 6.34, 6.54, 6.31, 5.69, 5.16, 3.82, 2.62, 1.87, 1.77, 1.32, 1.11, 0, 1.07, 1.04, 1.5, 2.28, 2.54, 2.77, 4.23, 4.504, 4.487, 3.54, 3.16, 3.746, 3.91, 3.95, 3.6, 3.1, 2.95, 2.45, 2.64, 4.2, 5.75, 6.25, 5.76, 5.83, 5.21, 4.33, 3.81, 3.04, 4.23, 6.3, 7.44, 8.781, 9.423, 9.08, 9.123, 9.436, 8.986, 8.513, 8.473, 8.417, 8.226, 8.181, 8.416, 8.92, 10.33, 11.613, 11.103, 10.853, 10.393, 10.235, 10.735, 9.995, 9.172, 8.642, 7.369, 6.626, 6.142, 5.009, 4.679, 5.371, 5.292, 4.132, 2.76, 3.41, 3.9, 4.53], [4.85, 4.75, 5.71, 5.84, 6.35, 6.52, 6.67, 7.06, 6.91, 7.07, 6.9, 6.26, 5.77, 4.45, 3.07, 2.42, 2.44, 1.67, 1.58, 1.07, 0, 0.53, 0.97, 1.61, 1.99, 2.34, 3.7, 3.88, 3.832, 2.91, 2.69, 3.26, 3.32, 3.5, 3.21, 2.59, 2.34, 1.96, 2.19, 3.67, 5.2, 5.7, 5.23, 5.28, 4.66, 3.74, 3.24, 2.49, 3.7, 5.71, 6.86, 8.15, 8.827, 8.49, 8.47, 8.84, 8.366, 7.892, 7.886, 7.813, 7.527, 7.54, 7.757, 8.33, 9.724, 10.947, 10.513, 10.263, 9.766, 9.651, 10.114, 9.414, 8.591, 8.078, 6.829, 6.019, 5.518, 4.56, 4.35, 4.971, 4.951, 3.731, 2.61, 3.44, 4.01, 4.72], [4.92, 4.82, 5.8, 5.93, 6.44, 6.59, 6.72, 7.13, 7.0, 7.16, 6.97, 6.35, 5.88, 4.54, 3.12, 2.49, 2.53, 1.74, 1.69, 1.04, 0.53, 0, 0.78, 1.54, 1.84, 2.29, 3.71, 3.79, 3.75, 2.86, 2.64, 3.29, 3.39, 3.51, 3.24, 2.58, 2.35, 1.97, 2.2, 3.68, 5.21, 5.69, 5.22, 5.25, 4.63, 3.73, 3.25, 2.46, 3.63, 5.64, 6.806, 8.096, 8.72, 8.36, 8.398, 8.713, 8.262, 7.802, 7.762, 7.677, 7.503, 7.444, 7.684, 8.229, 9.65, 10.874, 10.389, 10.139, 9.682, 9.561, 10.104, 9.364, 8.601, 8.108, 6.838, 6.009, 5.508, 4.55, 4.42, 5.001, 5.004, 3.764, 2.6, 3.45, 3.98, 4.71], [5.5, 5.4, 6.38, 6.53, 7.08, 7.21, 7.34, 7.77, 7.66, 7.82, 7.63, 6.97, 6.54, 5.2, 3.76, 3.07, 3.17, 2.36, 2.23, 1.5, 0.97, 0.78, 0, 0.94, 1.26, 1.71, 3.07, 3.11, 3.07, 2.3, 2.18, 2.85, 2.97, 2.97, 2.74, 2.14, 1.91, 1.53, 1.74, 3.26, 4.75, 5.21, 4.76, 4.79, 4.17, 3.37, 2.85, 2.0, 3.13, 5.12, 6.269, 7.419, 8.06, 7.74, 7.7, 8.08, 7.605, 7.228, 7.188, 7.066, 6.817, 6.833, 7.11, 7.709, 9.097, 10.303, 9.889, 9.619, 9.122, 9.027, 9.484, 8.884, 8.161, 7.631, 6.398, 5.569, 5.008, 4.11, 3.96, 4.541, 4.544, 3.31, 2.46, 3.45, 4.08, 4.75], [6.08, 5.96, 6.96, 7.11, 7.64, 7.77, 7.9, 8.33, 8.24, 8.48, 8.35, 7.67, 7.2, 5.82, 4.32, 3.65, 3.75, 2.92, 2.85, 2.28, 1.61, 1.54, 0.94, 0, 0.6, 1.21, 2.45, 2.43, 2.43, 1.88, 1.9, 2.35, 2.57, 2.51, 2.3, 2.1, 1.59, 1.47, 1.56, 2.76, 4.17, 4.71, 4.3, 4.41, 3.83, 3.09, 2.47, 1.7, 2.83, 4.72, 5.81, 6.879, 7.34, 7.04, 6.98, 7.306, 6.825, 6.548, 6.488, 6.329, 6.097, 6.116, 6.373, 6.972, 8.397, 9.668, 9.269, 8.999, 8.482, 8.307, 8.768, 8.188, 7.465, 6.932, 5.72, 4.97, 4.31, 3.51, 3.54, 3.966, 4.086, 2.91, 2.72, 3.69, 4.38, 5.07], [6.297, 6.2, 7.194, 7.378, 7.86, 7.99, 8.1, 8.57, 8.44, 8.74, 8.61, 7.93, 7.46, 6.08, 4.54, 3.87, 3.99, 3.18, 3.15, 2.54, 1.99, 1.84, 1.26, 0.6, 0, 0.89, 2.11, 2.23, 2.21, 1.6, 1.74, 2.09, 2.31, 2.25, 2.12, 2.1, 1.47, 1.37, 1.6, 2.72, 4.03, 4.51, 4.14, 4.31, 3.73, 3.01, 2.39, 1.7, 2.49, 4.44, 5.57, 6.64, 7.12, 6.76, 6.76, 7.057, 6.586, 6.289, 6.189, 6.043, 5.844, 5.821, 6.087, 6.689, 8.168, 9.411, 8.969, 8.699, 8.202, 7.948, 8.468, 7.888, 7.205, 6.635, 5.48, 4.73, 4.07, 3.19, 3.16, 3.589, 3.729, 2.67, 2.66, 3.61, 4.34, 5.03], [6.487, 6.37, 7.37, 7.56, 8.07, 8.2, 8.31, 8.76, 8.63, 8.93, 8.8, 8.12, 7.65, 6.27, 4.73, 4.06, 4.18, 3.57, 3.5, 2.77, 2.34, 2.29, 1.71, 1.21, 0.89, 0, 1.56, 1.96, 1.96, 1.19, 1.05, 1.44, 1.64, 1.56, 1.53, 1.69, 1.06, 1.06, 1.27, 2.07, 3.46, 4.06, 3.59, 3.8, 3.22, 2.5, 1.9, 1.49, 1.96, 4.01, 5.187, 6.311, 6.914, 6.55, 6.57, 6.861, 6.349, 5.957, 5.934, 5.824, 5.579, 5.586, 5.889, 6.441, 7.921, 9.204, 8.71, 8.457, 7.96, 7.653, 8.019, 7.442, 6.739, 6.169, 4.98, 4.159, 3.535, 2.68, 2.61, 2.92, 3.059, 2.24, 2.25, 3.36, 4.15, 4.78], [7.99, 7.89, 8.887, 9.071, 9.59, 9.72, 9.83, 10.28, 10.15, 10.45, 10.32, 9.64, 9.15, 7.77, 6.23, 5.54, 5.66, 4.99, 4.86, 4.23, 3.7, 3.71, 3.07, 2.45, 2.11, 1.56, 0, 0.74, 0.88, 1.01, 1.55, 1.24, 1.36, 1.4, 1.85, 2.35, 2.02, 2.32, 2.41, 1.79, 2.26, 2.8, 2.39, 2.62, 2.08, 2.0, 2.08, 2.61, 1.38, 2.71, 3.87, 4.9, 5.41, 5.09, 5.11, 5.37, 4.9, 4.62, 4.54, 4.393, 4.207, 4.16, 4.457, 5.05, 6.487, 7.727, 7.313, 7.043, 6.526, 6.262, 6.714, 6.154, 5.432, 4.896, 3.709, 3.0, 2.58, 2.34, 2.27, 2.18, 2.52, 2.32, 3.19, 4.62, 5.23, 5.72], [8.37, 8.25, 9.25, 9.4, 9.93, 10.06, 10.17, 10.6, 10.51, 10.73, 10.6, 9.92, 9.45, 8.07, 6.59, 5.92, 6.02, 5.17, 5.08, 4.504, 3.88, 3.79, 3.11, 2.43, 2.23, 1.96, 0.74, 0, 0.56, 1.07, 1.77, 1.52, 1.7, 1.78, 2.27, 2.59, 2.22, 2.62, 2.65, 1.99, 2.22, 2.66, 2.29, 2.42, 2.06, 2.06, 2.1, 2.69, 1.72, 2.63, 3.7, 4.689, 5.11, 4.89, 4.83, 5.116, 4.678, 4.438, 4.338, 4.162, 3.97, 3.946, 4.226, 4.825, 6.19, 7.419, 7.082, 6.812, 6.275, 6.157, 6.678, 6.098, 5.375, 4.842, 3.61, 3.1, 2.7, 2.7, 2.67, 2.68, 2.82, 2.62, 3.55, 5.04, 5.53, 6.06], [8.39, 8.276, 9.267, 9.417, 9.97, 10.1, 10.21, 10.64, 10.55, 10.71, 10.58, 9.9, 9.41, 8.05, 6.61, 5.94, 6.04, 5.17, 5.059, 4.487, 3.832, 3.75, 3.07, 2.43, 2.21, 1.96, 0.88, 0.56, 0, 1.03, 1.69, 1.44, 1.52, 1.7, 2.17, 2.49, 2.2, 2.58, 2.65, 2.03, 2.26, 2.66, 2.33, 2.5, 2.1, 1.94, 1.96, 2.49, 1.46, 2.65, 3.7, 4.65, 5.11, 4.89, 4.81, 5.136, 4.739, 4.439, 4.359, 4.165, 3.963, 3.949, 4.229, 4.845, 6.173, 7.319, 7.042, 6.772, 6.235, 6.178, 6.718, 6.138, 5.415, 4.865, 3.65, 2.94, 2.5, 2.48, 2.43, 2.56, 2.56, 2.44, 3.47, 5.0, 5.37, 5.8], [7.5, 7.38, 8.38, 8.53, 9.08, 9.21, 9.32, 9.75, 9.64, 9.8, 9.63, 8.95, 8.52, 7.18, 5.74, 5.05, 5.15, 4.3, 4.21, 3.54, 2.91, 2.86, 2.3, 1.88, 1.6, 1.19, 1.01, 1.07, 1.03, 0, 0.96, 1.09, 1.27, 1.41, 1.66, 1.78, 1.39, 1.63, 1.78, 1.6, 2.59, 3.01, 2.64, 2.81, 2.23, 1.63, 1.43, 1.72, 1.29, 3.06, 4.17, 5.316, 5.929, 5.58, 5.6, 5.942, 5.476, 5.022, 4.979, 4.92, 4.731, 4.659, 4.941, 5.503, 6.928, 8.145, 7.666, 7.396, 6.919, 6.785, 7.288, 6.628, 5.905, 5.389, 4.14, 3.33, 2.75, 2.41, 2.34, 2.51, 2.57, 2.27, 2.78, 4.19, 4.74, 5.33], [6.82, 6.72, 7.7, 7.85, 8.42, 8.59, 8.7, 9.15, 9.04, 9.2, 9.01, 8.39, 7.86, 6.5, 5.04, 4.43, 4.57, 3.98, 3.99, 3.16, 2.69, 2.64, 2.18, 1.9, 1.74, 1.05, 1.55, 1.77, 1.69, 0.96, 0, 0.87, 1.09, 1.21, 1.28, 1.28, 0.99, 1.09, 1.32, 1.48, 2.85, 3.33, 2.86, 3.07, 2.47, 1.71, 1.39, 1.38, 1.35, 3.34, 4.577, 5.934, 6.612, 6.212, 6.252, 6.604, 6.088, 5.527, 5.621, 5.574, 5.331, 5.326, 5.546, 6.071, 7.483, 8.766, 8.277, 8.007, 7.539, 7.4, 7.782, 7.113, 6.17, 5.683, 4.37, 3.54, 3.06, 2.15, 2.04, 2.47, 2.43, 1.99, 2.32, 3.67, 4.2, 4.77], [7.27, 7.187, 8.122, 8.272, 8.884, 9.06, 9.193, 9.646, 9.536, 9.719, 9.583, 8.952, 8.39, 6.99, 5.55, 4.92, 5.04, 4.39, 4.44, 3.746, 3.26, 3.29, 2.85, 2.35, 2.09, 1.44, 1.24, 1.52, 1.44, 1.09, 0.87, 0, 0.8, 0.98, 1.33, 1.65, 1.38, 1.66, 1.75, 1.29, 2.28, 2.82, 2.41, 2.64, 2.04, 1.48, 1.46, 1.77, 1.22, 2.89, 4.06, 5.45, 6.09, 5.69, 5.693, 6.018, 5.541, 4.984, 5.026, 4.979, 4.777, 4.764, 4.996, 5.508, 6.935, 8.221, 7.721, 7.471, 6.98, 6.803, 7.224, 6.534, 5.617, 5.024, 3.697, 2.92, 2.5, 1.72, 1.63, 1.88, 2.06, 1.86, 2.63, 4.04, 4.53, 5.04], [7.116, 7.002, 7.973, 8.143, 8.679, 8.86, 8.916, 9.366, 9.253, 9.476, 9.326, 8.729, 8.13, 6.75, 5.39, 5.0, 5.16, 4.53, 4.62, 3.91, 3.32, 3.39, 2.97, 2.57, 2.31, 1.64, 1.36, 1.7, 1.52, 1.27, 1.09, 0.8, 0, 0.8, 1.03, 1.39, 1.12, 1.6, 1.63, 1.29, 2.16, 2.74, 2.51, 2.74, 2.08, 1.6, 1.66, 1.75, 0.98, 2.95, 4.286, 5.63, 6.262, 5.862, 5.865, 6.164, 5.667, 5.06, 5.161, 5.134, 4.877, 4.901, 5.127, 5.657, 7.101, 8.364, 7.864, 7.591, 7.114, 6.911, 7.347, 6.647, 5.719, 5.209, 3.71, 2.776, 2.32, 1.6, 1.67, 1.74, 1.9, 1.62, 2.31, 3.72, 4.11, 4.6], [7.116, 7.002, 7.973, 8.123, 8.662, 8.837, 8.927, 9.36, 9.27, 9.47, 9.34, 8.666, 8.184, 6.799, 5.33, 4.9, 5.1, 4.67, 4.72, 3.95, 3.5, 3.51, 2.97, 2.51, 2.25, 1.56, 1.4, 1.78, 1.7, 1.41, 1.21, 0.98, 0.8, 0, 0.79, 1.39, 1.38, 1.7, 1.57, 1.71, 2.38, 3.0, 2.61, 2.84, 2.34, 2.0, 1.84, 1.95, 1.14, 3.01, 4.355, 5.625, 6.259, 5.859, 5.862, 6.147, 5.65, 5.064, 5.155, 5.128, 4.883, 4.902, 5.162, 5.732, 7.175, 8.438, 7.938, 7.668, 7.175, 6.94, 7.351, 6.691, 5.817, 5.27, 3.857, 2.97, 2.46, 1.72, 1.59, 1.78, 1.82, 1.44, 2.47, 3.82, 4.29, 4.68], [6.406, 6.292, 7.263, 7.437, 7.972, 8.19, 8.237, 8.67, 8.56, 8.8, 8.67, 7.99, 7.5, 6.12, 4.84, 4.55, 4.73, 4.4, 4.39, 3.6, 3.21, 3.24, 2.74, 2.3, 2.12, 1.53, 1.85, 2.27, 2.17, 1.66, 1.28, 1.33, 1.03, 0.79, 0, 0.82, 1.09, 1.41, 1.28, 1.64, 2.81, 3.49, 3.18, 3.37, 2.69, 2.17, 1.83, 1.6, 1.47, 3.658, 5.045, 6.349, 6.983, 6.583, 6.586, 6.871, 6.354, 5.72, 5.84, 5.813, 5.544, 5.566, 5.826, 6.396, 7.84, 9.123, 8.623, 8.336, 7.859, 7.605, 8.038, 7.361, 6.458, 5.928, 4.393, 3.351, 2.791, 1.81, 1.74, 2.309, 2.149, 1.39, 2.04, 3.25, 3.7, 4.17], [6.0, 5.88, 6.86, 7.01, 7.54, 7.67, 7.78, 8.21, 8.12, 8.28, 8.11, 7.51, 6.96, 5.62, 4.4, 4.15, 4.33, 3.84, 3.89, 3.1, 2.59, 2.58, 2.14, 2.1, 2.1, 1.69, 2.35, 2.59, 2.49, 1.78, 1.28, 1.65, 1.39, 1.39, 0.82, 0, 0.87, 1.13, 1.14, 1.76, 3.25, 3.85, 3.5, 3.69, 3.03, 2.31, 1.83, 1.26, 1.97, 4.06, 5.416, 6.763, 7.418, 7.018, 7.044, 7.377, 6.879, 6.199, 6.351, 6.312, 6.093, 6.091, 6.314, 6.864, 8.311, 9.534, 9.014, 8.761, 8.304, 8.129, 8.531, 7.858, 6.969, 6.439, 4.915, 3.811, 3.371, 2.33, 2.26, 2.806, 2.626, 1.65, 1.74, 2.89, 3.3, 3.79], [6.25, 6.13, 7.11, 7.26, 7.79, 7.94, 8.03, 8.48, 8.39, 8.61, 8.44, 7.86, 7.29, 5.89, 4.43, 4.06, 4.2, 3.55, 3.64, 2.95, 2.34, 2.35, 1.91, 1.59, 1.47, 1.06, 2.02, 2.22, 2.2, 1.39, 0.99, 1.38, 1.12, 1.38, 1.09, 0.87, 0, 0.74, 1.03, 1.53, 3.0, 3.62, 3.27, 3.46, 2.76, 1.96, 1.4, 0.95, 1.72, 3.87, 5.183, 6.513, 7.145, 6.75, 6.751, 7.044, 6.567, 5.96, 6.053, 5.997, 5.757, 5.764, 5.984, 6.554, 7.981, 9.244, 8.766, 8.514, 8.037, 7.832, 8.25, 7.559, 6.636, 6.146, 4.66, 3.779, 3.276, 2.3, 2.37, 2.751, 2.754, 1.82, 1.79, 3.08, 3.59, 4.22], [5.97, 5.85, 6.83, 6.98, 7.53, 7.66, 7.77, 8.2, 8.09, 8.25, 8.06, 7.44, 6.95, 5.61, 4.19, 3.64, 3.82, 3.23, 3.2, 2.45, 1.96, 1.97, 1.53, 1.47, 1.37, 1.06, 2.32, 2.62, 2.58, 1.63, 1.09, 1.66, 1.6, 1.7, 1.41, 1.13, 0.74, 0, 0.89, 2.07, 3.56, 4.06, 3.65, 3.78, 3.08, 2.3, 1.78, 1.11, 2.02, 4.19, 5.493, 6.813, 7.51, 7.11, 7.139, 7.472, 6.975, 6.373, 6.47, 6.426, 6.212, 6.193, 6.422, 6.972, 8.419, 9.642, 9.135, 8.872, 8.415, 8.258, 8.649, 7.985, 7.085, 6.573, 5.16, 4.24, 3.77, 2.76, 2.55, 3.14, 3.088, 2.16, 2.03, 3.0, 3.65, 4.3], [5.78, 5.66, 6.66, 6.83, 7.34, 7.53, 7.58, 8.01, 7.92, 8.1, 7.97, 7.31, 6.8, 5.44, 4.08, 3.69, 3.85, 3.38, 3.39, 2.64, 2.19, 2.2, 1.74, 1.56, 1.6, 1.27, 2.41, 2.65, 2.65, 1.78, 1.32, 1.75, 1.63, 1.57, 1.28, 1.14, 1.03, 0.89, 0, 1.84, 3.45, 4.05, 3.66, 3.79, 3.11, 2.29, 1.81, 1.22, 2.15, 4.249, 5.642, 6.966, 7.589, 7.203, 7.192, 7.525, 7.048, 6.43, 6.526, 6.461, 6.218, 6.231, 6.477, 7.047, 8.469, 9.712, 9.245, 8.967, 8.488, 8.311, 8.689, 8.028, 7.135, 6.643, 5.13, 4.16, 3.653, 2.69, 2.7, 3.086, 2.93, 2.05, 1.92, 3.01, 3.66, 4.31], [6.76, 6.7, 7.66, 7.91, 8.44, 8.77, 8.74, 9.15, 9.06, 9.38, 9.19, 8.65, 8.06, 6.72, 5.54, 5.25, 5.41, 4.84, 4.91, 4.2, 3.67, 3.68, 3.26, 2.76, 2.72, 2.07, 1.79, 1.99, 2.03, 1.6, 1.48, 1.29, 1.29, 1.71, 1.64, 1.76, 1.53, 2.07, 1.84, 0, 1.89, 2.65, 2.46, 2.61, 1.91, 1.25, 1.35, 1.74, 1.69, 3.48, 4.719, 6.091, 6.728, 6.323, 6.326, 6.605, 6.088, 5.467, 5.565, 5.498, 5.252, 5.262, 5.47, 6.018, 7.485, 8.813, 8.313, 8.046, 7.569, 7.32, 7.777, 7.037, 6.075, 5.505, 4.009, 2.97, 2.39, 1.89, 2.4, 2.31, 2.37, 2.39, 2.94, 3.97, 4.48, 4.83], [8.63, 8.57, 9.51, 9.7, 10.31, 10.6, 10.59, 11.02, 10.91, 11.17, 11.0, 10.46, 9.89, 8.51, 7.27, 6.9, 7.04, 6.33, 6.34, 5.75, 5.2, 5.21, 4.75, 4.17, 4.03, 3.46, 2.26, 2.22, 2.26, 2.59, 2.85, 2.28, 2.16, 2.38, 2.81, 3.25, 3.0, 3.56, 3.45, 1.89, 0, 0.9, 1.01, 1.22, 1.18, 1.78, 2.16, 2.89, 2.12, 2.09, 3.18, 4.427, 5.067, 4.664, 4.684, 4.914, 4.443, 3.836, 3.923, 3.864, 3.681, 3.671, 3.817, 4.413, 5.783, 7.109, 6.626, 6.376, 5.898, 5.753, 6.25, 5.51, 4.527, 3.977, 2.43, 1.92, 1.96, 2.26, 2.59, 2.4, 2.54, 2.76, 4.35, 5.54, 5.95, 6.06], [9.35, 9.29, 10.21, 10.4, 11.01, 11.3, 11.31, 11.76, 11.65, 11.81, 11.58, 11.06, 10.53, 9.15, 7.91, 7.54, 7.66, 6.91, 6.92, 6.25, 5.7, 5.69, 5.21, 4.71, 4.51, 4.06, 2.8, 2.66, 2.66, 3.01, 3.33, 2.82, 2.74, 3.0, 3.49, 3.85, 3.62, 4.06, 4.05, 2.65, 0.9, 0, 0.83, 0.92, 1.16, 2.04, 2.66, 3.39, 2.48, 1.83, 2.6, 3.73, 4.367, 3.987, 3.967, 4.263, 3.836, 3.239, 3.316, 3.295, 3.266, 3.176, 3.316, 3.766, 5.119, 6.406, 5.943, 5.693, 5.236, 5.155, 5.692, 4.952, 3.969, 3.388, 1.91, 1.74, 2.24, 2.78, 3.05, 2.8, 2.86, 3.24, 4.91, 6.14, 6.57, 6.66], [9.08, 9.02, 9.96, 10.13, 10.76, 10.99, 11.06, 11.51, 11.38, 11.56, 11.33, 10.81, 10.26, 8.88, 7.5, 7.03, 7.15, 6.44, 6.45, 5.76, 5.23, 5.22, 4.76, 4.3, 4.14, 3.59, 2.39, 2.29, 2.33, 2.64, 2.86, 2.41, 2.51, 2.61, 3.18, 3.5, 3.27, 3.65, 3.66, 2.46, 1.01, 0.83, 0, 0.53, 0.83, 1.83, 2.31, 3.06, 2.29, 2.08, 2.83, 3.88, 4.56, 4.16, 4.2, 4.473, 3.967, 3.437, 3.473, 3.459, 3.376, 3.306, 3.426, 3.956, 5.307, 6.567, 6.107, 5.846, 5.34, 5.285, 5.776, 5.056, 4.074, 3.484, 2.22, 2.05, 2.45, 2.75, 3.04, 2.83, 2.85, 3.07, 4.7, 5.99, 6.42, 6.55], [9.17, 9.11, 10.07, 10.24, 10.87, 11.08, 11.15, 11.6, 11.47, 11.67, 11.44, 10.9, 10.37, 8.99, 7.61, 7.14, 7.26, 6.51, 6.5, 5.83, 5.28, 5.25, 4.79, 4.41, 4.31, 3.8, 2.62, 2.42, 2.5, 2.81, 3.07, 2.64, 2.74, 2.84, 3.37, 3.69, 3.46, 3.78, 3.79, 2.61, 1.22, 0.92, 0.53, 0, 0.82, 1.88, 2.48, 3.23, 2.46, 2.25, 2.8, 3.83, 4.45, 4.07, 4.09, 4.38, 3.913, 3.36, 3.44, 3.466, 3.45, 3.333, 3.413, 3.863, 5.211, 6.457, 6.023, 5.773, 5.276, 5.266, 5.804, 5.064, 4.101, 3.511, 2.21, 2.32, 2.7, 3.08, 3.29, 3.14, 3.18, 3.38, 4.95, 6.24, 6.67, 6.86], [8.45, 8.39, 9.33, 9.5, 10.13, 10.36, 10.41, 10.86, 10.73, 10.91, 10.68, 10.16, 9.63, 8.25, 6.89, 6.5, 6.62, 5.89, 5.88, 5.21, 4.66, 4.63, 4.17, 3.83, 3.73, 3.22, 2.08, 2.06, 2.1, 2.23, 2.47, 2.04, 2.08, 2.34, 2.69, 3.03, 2.76, 3.08, 3.11, 1.91, 1.18, 1.16, 0.83, 0.82, 0, 1.1, 1.74, 2.53, 1.92, 2.37, 3.34, 4.59, 5.227, 4.847, 4.847, 5.134, 4.693, 4.119, 4.173, 4.104, 3.983, 3.911, 4.031, 4.623, 6.008, 7.277, 6.803, 6.553, 6.096, 6.012, 6.549, 5.809, 4.838, 4.248, 2.83, 2.34, 2.56, 2.7, 2.97, 2.76, 2.8, 2.96, 4.27, 5.54, 6.01, 6.2], [7.63, 7.57, 8.47, 8.62, 9.21, 9.46, 9.53, 9.98, 9.81, 9.99, 9.76, 9.24, 8.71, 7.35, 5.97, 5.6, 5.74, 4.99, 5.0, 4.33, 3.74, 3.73, 3.37, 3.09, 3.01, 2.5, 2.0, 2.06, 1.94, 1.63, 1.71, 1.48, 1.6, 2.0, 2.17, 2.31, 1.96, 2.3, 2.29, 1.25, 1.78, 2.04, 1.83, 1.88, 1.1, 0, 0.82, 1.73, 1.74, 3.17, 4.34, 5.63, 6.267, 5.867, 5.887, 6.183, 5.739, 5.156, 5.213, 5.092, 4.883, 4.836, 5.073, 5.629, 7.034, 8.311, 7.863, 7.613, 7.138, 7.052, 7.589, 6.849, 5.878, 5.288, 3.79, 3.02, 2.6, 2.38, 2.61, 2.6, 2.52, 2.54, 3.55, 4.86, 5.33, 5.6], [7.11, 7.05, 7.95, 8.1, 8.69, 8.92, 8.99, 9.44, 9.33, 9.49, 9.3, 8.76, 8.21, 6.83, 5.45, 5.02, 5.14, 4.43, 4.38, 3.81, 3.24, 3.25, 2.85, 2.47, 2.39, 1.9, 2.08, 2.1, 1.96, 1.43, 1.39, 1.46, 1.66, 1.84, 1.83, 1.83, 1.4, 1.78, 1.81, 1.35, 2.16, 2.66, 2.31, 2.48, 1.74, 0.82, 0, 1.23, 1.96, 3.57, 4.78, 6.061, 6.701, 6.318, 6.304, 6.617, 6.151, 5.641, 5.671, 5.604, 5.343, 5.333, 5.553, 6.081, 7.508, 8.765, 8.3, 8.05, 7.573, 7.461, 7.978, 7.238, 6.275, 5.702, 4.25, 3.48, 2.98, 2.4, 2.53, 2.98, 2.52, 2.22, 3.01, 4.3, 4.77, 5.08], [6.3, 6.2, 7.16, 7.31, 7.88, 8.09, 8.16, 8.61, 8.5, 8.66, 8.43, 7.91, 7.36, 5.98, 4.66, 4.27, 4.43, 3.7, 3.75, 3.04, 2.49, 2.46, 2.0, 1.7, 1.7, 1.49, 2.61, 2.69, 2.49, 1.72, 1.38, 1.77, 1.75, 1.95, 1.6, 1.26, 0.95, 1.11, 1.22, 1.74, 2.89, 3.39, 3.06, 3.23, 2.53, 1.73, 1.23, 0, 2.13, 4.04, 5.27, 6.669, 7.337, 6.966, 6.96, 7.296, 6.816, 6.198, 6.316, 6.242, 5.959, 5.969, 6.198, 6.748, 8.174, 9.448, 8.965, 8.706, 8.249, 8.091, 8.608, 7.868, 6.925, 6.352, 4.82, 4.01, 3.51, 2.63, 2.76, 3.189, 2.949, 2.03, 2.18, 3.29, 3.8, 4.21], [7.773, 7.659, 8.65, 8.82, 9.359, 9.54, 9.604, 10.04, 9.93, 10.09, 9.897, 9.28, 8.77, 7.43, 6.01, 5.52, 5.66, 4.97, 5.0, 4.23, 3.7, 3.63, 3.13, 2.83, 2.49, 1.96, 1.38, 1.72, 1.46, 1.29, 1.35, 1.22, 0.98, 1.14, 1.47, 1.97, 1.72, 2.02, 2.15, 1.69, 2.12, 2.48, 2.29, 2.46, 1.92, 1.74, 1.96, 2.13, 0, 2.27, 3.64, 5.07, 5.71, 5.35, 5.33, 5.683, 5.243, 4.656, 4.733, 4.636, 4.38, 4.415, 4.635, 5.223, 6.596, 7.819, 7.376, 7.126, 6.669, 6.531, 6.963, 6.272, 5.369, 4.899, 3.43, 2.56, 2.08, 1.48, 1.57, 1.66, 1.8, 1.62, 2.77, 4.28, 4.69, 5.08], [9.94, 9.832, 10.841, 11.013, 11.529, 11.697, 11.764, 12.217, 12.124, 12.269, 12.074, 11.465, 10.943, 9.609, 8.2, 7.65, 7.73, 6.98, 7.05, 6.3, 5.71, 5.64, 5.12, 4.72, 4.44, 4.01, 2.71, 2.63, 2.65, 3.06, 3.34, 2.89, 2.95, 3.01, 3.658, 4.06, 3.87, 4.19, 4.249, 3.48, 2.09, 1.83, 2.08, 2.25, 2.37, 3.17, 3.57, 4.04, 2.27, 0, 1.43, 2.86, 3.532, 3.14, 3.157, 3.51, 3.03, 2.446, 2.63, 2.54, 2.32, 2.33, 2.471, 3.001, 4.411, 5.654, 5.166, 4.916, 4.459, 4.325, 4.811, 4.105, 3.2, 2.67, 1.48, 1.31, 1.95, 2.51, 2.38, 2.01, 2.35, 2.95, 4.8, 6.41, 6.84, 7.03], [11.285, 11.188, 12.156, 12.306, 12.871, 13.06, 13.157, 13.609, 13.517, 13.662, 13.467, 12.858, 12.316, 10.93, 9.51, 8.853, 8.961, 8.13, 8.14, 7.44, 6.86, 6.806, 6.269, 5.81, 5.57, 5.187, 3.87, 3.7, 3.7, 4.17, 4.577, 4.06, 4.286, 4.355, 5.045, 5.416, 5.183, 5.493, 5.642, 4.719, 3.18, 2.6, 2.83, 2.8, 3.34, 4.34, 4.78, 5.27, 3.64, 1.43, 0, 1.61, 2.29, 1.95, 1.97, 2.28, 2.0, 1.66, 1.9, 1.81, 1.73, 1.62, 1.5, 1.81, 3.124, 4.41, 3.936, 3.706, 3.249, 3.075, 3.595, 2.875, 2.13, 1.74, 1.51, 2.28, 3.02, 3.72, 3.57, 3.06, 3.42, 4.24, 6.17, 7.8, 8.23, 8.36], [12.703, 12.586, 13.571, 13.721, 14.263, 14.405, 14.518, 14.954, 14.864, 15.007, 14.811, 14.165, 13.697, 12.346, 10.914, 10.239, 10.336, 9.506, 9.458, 8.781, 8.15, 8.096, 7.419, 6.879, 6.64, 6.311, 4.9, 4.689, 4.65, 5.316, 5.934, 5.45, 5.63, 5.625, 6.349, 6.763, 6.513, 6.813, 6.966, 6.091, 4.427, 3.73, 3.88, 3.83, 4.59, 5.63, 6.061, 6.669, 5.07, 2.86, 1.61, 0, 0.84, 0.82, 0.74, 0.83, 0.89, 1.35, 1.31, 1.5, 1.52, 1.55, 1.47, 0.92, 1.77, 2.98, 2.566, 2.296, 1.819, 1.78, 2.174, 1.64, 1.42, 1.23, 2.42, 3.41, 4.15, 5.09, 4.98, 4.45, 4.79, 5.63, 7.5, 9.17, 9.6, 9.787], [13.332, 13.22, 14.206, 14.356, 14.9, 15.039, 15.155, 15.591, 15.498, 15.644, 15.508, 14.842, 14.315, 12.963, 11.543, 10.876, 10.973, 10.098, 10.055, 9.423, 8.827, 8.72, 8.06, 7.34, 7.12, 6.914, 5.41, 5.11, 5.11, 5.929, 6.612, 6.09, 6.262, 6.259, 6.983, 7.418, 7.145, 7.51, 7.589, 6.728, 5.067, 4.367, 4.56, 4.45, 5.227, 6.267, 6.701, 7.337, 5.71, 3.532, 2.29, 0.84, 0, 0.54, 0.66, 0.59, 1.07, 1.75, 1.65, 1.8, 1.94, 1.97, 1.87, 1.22, 1.37, 2.45, 2.05, 1.8, 1.28, 1.377, 1.84, 1.48, 1.74, 1.73, 3.02, 4.03, 4.75, 5.71, 5.6, 5.07, 5.43, 6.25, 8.137, 9.802, 10.232, 10.41], [12.932, 12.82, 13.806, 13.956, 14.5, 14.639, 14.755, 15.191, 15.098, 15.244, 15.108, 14.442, 13.915, 12.563, 11.152, 10.496, 10.573, 9.723, 9.735, 9.08, 8.49, 8.36, 7.74, 7.04, 6.76, 6.55, 5.09, 4.89, 4.89, 5.58, 6.212, 5.69, 5.862, 5.859, 6.583, 7.018, 6.75, 7.11, 7.203, 6.323, 4.664, 3.987, 4.16, 4.07, 4.847, 5.867, 6.318, 6.966, 5.35, 3.14, 1.95, 0.82, 0.54, 0, 0.46, 0.71, 1.13, 1.53, 1.53, 1.7, 2.0, 1.99, 1.83, 1.28, 1.67, 2.774, 2.29, 2.0, 1.6, 1.476, 2.02, 1.46, 1.48, 1.45, 2.66, 3.65, 4.35, 5.31, 5.22, 4.69, 5.03, 5.87, 7.74, 9.402, 9.832, 10.01], [12.935, 12.823, 13.809, 13.959, 14.503, 14.642, 14.758, 15.194, 15.101, 15.267, 15.131, 14.465, 13.938, 12.566, 11.149, 10.496, 10.613, 9.743, 9.71, 9.123, 8.47, 8.398, 7.7, 6.98, 6.76, 6.57, 5.11, 4.83, 4.81, 5.6, 6.252, 5.693, 5.865, 5.862, 6.586, 7.044, 6.751, 7.139, 7.192, 6.326, 4.684, 3.967, 4.2, 4.09, 4.847, 5.887, 6.304, 6.96, 5.33, 3.157, 1.97, 0.74, 0.66, 0.46, 0, 0.65, 1.09, 1.57, 1.49, 1.64, 1.86, 1.85, 1.67, 1.18, 1.51, 2.71, 2.33, 2.1, 1.58, 1.58, 2.04, 1.48, 1.36, 1.41, 2.7, 3.67, 4.39, 5.33, 5.22, 4.69, 5.07, 5.89, 7.737, 9.402, 9.832, 10.016], [13.213, 13.102, 14.088, 14.238, 14.785, 14.921, 15.037, 15.473, 15.38, 15.586, 15.45, 14.787, 14.291, 12.899, 11.442, 10.781, 10.904, 10.036, 10.048, 9.436, 8.84, 8.713, 8.08, 7.306, 7.057, 6.861, 5.37, 5.116, 5.136, 5.942, 6.604, 6.018, 6.164, 6.147, 6.871, 7.377, 7.044, 7.472, 7.525, 6.605, 4.914, 4.263, 4.473, 4.38, 5.134, 6.183, 6.617, 7.296, 5.683, 3.51, 2.28, 0.83, 0.59, 0.71, 0.65, 0, 0.72, 1.5, 1.38, 1.45, 1.75, 1.7, 1.58, 1.03, 1.18, 2.42, 2.08, 1.79, 1.29, 1.37, 1.87, 1.41, 1.45, 1.5, 2.93, 3.96, 4.68, 5.64, 5.53, 4.96, 5.397, 6.172, 8.013, 9.677, 10.127, 10.334], [12.696, 12.585, 13.57, 13.72, 14.268, 14.404, 14.52, 14.956, 14.863, 15.089, 14.953, 14.29, 13.794, 12.402, 10.925, 10.284, 10.387, 9.552, 9.578, 8.986, 8.366, 8.262, 7.605, 6.825, 6.586, 6.349, 4.9, 4.678, 4.739, 5.476, 6.088, 5.541, 5.667, 5.65, 6.354, 6.879, 6.567, 6.975, 7.048, 6.088, 4.443, 3.836, 3.967, 3.913, 4.693, 5.739, 6.151, 6.816, 5.243, 3.03, 2.0, 0.89, 1.07, 1.13, 1.09, 0.72, 0, 0.92, 0.86, 0.99, 1.21, 1.26, 1.14, 0.77, 1.66, 2.94, 2.5, 2.23, 1.73, 1.77, 2.23, 1.79, 1.43, 1.22, 2.37, 3.46, 4.14, 5.103, 5.03, 4.42, 4.857, 5.632, 7.493, 9.16, 9.63, 9.837], [12.053, 11.942, 12.942, 13.095, 13.634, 13.781, 13.877, 14.313, 14.22, 14.426, 14.29, 13.627, 13.114, 11.722, 10.369, 9.754, 9.877, 9.062, 9.146, 8.513, 7.892, 7.802, 7.228, 6.548, 6.289, 5.957, 4.62, 4.438, 4.439, 5.022, 5.527, 4.984, 5.06, 5.064, 5.72, 6.199, 5.96, 6.373, 6.43, 5.467, 3.836, 3.239, 3.437, 3.36, 4.119, 5.156, 5.641, 6.198, 4.656, 2.446, 1.66, 1.35, 1.75, 1.53, 1.57, 1.5, 0.92, 0, 0.6, 0.77, 1.01, 1.04, 0.86, 1.17, 2.28, 3.48, 3.02, 2.79, 2.33, 2.27, 2.73, 2.09, 1.57, 1.26, 1.73, 2.84, 3.48, 4.48, 4.41, 3.8, 4.24, 5.0, 6.87, 8.52, 8.97, 9.169], [12.191, 12.074, 13.062, 13.215, 13.754, 13.901, 14.006, 14.433, 14.34, 14.566, 14.43, 13.767, 13.254, 11.862, 10.422, 9.773, 9.908, 9.073, 9.123, 8.473, 7.886, 7.762, 7.188, 6.488, 6.189, 5.934, 4.54, 4.338, 4.359, 4.979, 5.621, 5.026, 5.161, 5.155, 5.84, 6.351, 6.053, 6.47, 6.526, 5.565, 3.923, 3.316, 3.473, 3.44, 4.173, 5.213, 5.671, 6.316, 4.733, 2.63, 1.9, 1.31, 1.65, 1.53, 1.49, 1.38, 0.86, 0.6, 0, 0.55, 0.93, 1.0, 0.94, 1.01, 2.12, 3.34, 2.88, 2.67, 2.13, 2.07, 2.67, 2.01, 1.59, 1.32, 1.89, 2.94, 3.56, 4.58, 4.51, 3.88, 4.34, 5.069, 6.97, 8.64, 9.11, 9.309], [12.106, 11.995, 12.995, 13.168, 13.687, 13.834, 13.93, 14.366, 14.273, 14.539, 14.403, 13.74, 13.227, 11.835, 10.338, 9.706, 9.803, 9.016, 9.053, 8.417, 7.813, 7.677, 7.066, 6.329, 6.043, 5.824, 4.393, 4.162, 4.165, 4.92, 5.574, 4.979, 5.134, 5.128, 5.813, 6.312, 5.997, 6.426, 6.461, 5.498, 3.864, 3.295, 3.459, 3.466, 4.104, 5.092, 5.604, 6.242, 4.636, 2.54, 1.81, 1.5, 1.8, 1.7, 1.64, 1.45, 0.99, 0.77, 0.55, 0, 0.74, 0.85, 0.75, 1.1, 2.17, 3.45, 3.13, 2.86, 2.32, 2.3, 2.86, 2.22, 1.7, 1.35, 1.92, 2.89, 3.53, 4.513, 4.451, 3.81, 4.269, 5.039, 6.929, 8.573, 9.083, 9.281], [11.806, 11.706, 12.695, 12.899, 13.392, 13.56, 13.65, 14.126, 13.973, 14.299, 14.163, 13.5, 12.971, 11.571, 10.046, 9.46, 9.574, 8.786, 8.77, 8.226, 7.527, 7.503, 6.817, 6.097, 5.844, 5.579, 4.207, 3.97, 3.963, 4.731, 5.331, 4.777, 4.877, 4.883, 5.544, 6.093, 5.757, 6.212, 6.218, 5.252, 3.681, 3.266, 3.376, 3.45, 3.983, 4.883, 5.343, 5.959, 4.38, 2.32, 1.73, 1.52, 1.94, 2.0, 1.86, 1.75, 1.21, 1.01, 0.93, 0.74, 0, 0.65, 0.77, 1.3, 2.51, 3.87, 3.55, 3.28, 2.76, 2.64, 3.08, 2.52, 2.16, 1.79, 2.0, 2.73, 3.33, 4.31, 4.26, 3.57, 4.092, 4.824, 6.663, 8.23, 8.82, 9.038], [11.834, 11.728, 12.719, 12.906, 13.411, 13.541, 13.674, 14.149, 14.011, 14.322, 14.187, 13.521, 13.001, 11.601, 10.074, 9.435, 9.582, 8.791, 8.78, 8.181, 7.54, 7.444, 6.833, 6.116, 5.821, 5.586, 4.16, 3.946, 3.949, 4.659, 5.326, 4.764, 4.901, 4.902, 5.566, 6.091, 5.764, 6.193, 6.231, 5.262, 3.671, 3.176, 3.306, 3.333, 3.911, 4.836, 5.333, 5.969, 4.415, 2.33, 1.62, 1.55, 1.97, 1.99, 1.85, 1.7, 1.26, 1.04, 1.0, 0.85, 0.65, 0, 0.62, 1.31, 2.44, 3.76, 3.48, 3.23, 2.67, 2.57, 3.19, 2.57, 2.21, 1.86, 1.93, 2.76, 3.38, 4.34, 4.29, 3.6, 4.14, 4.86, 6.673, 8.24, 8.83, 9.048], [12.054, 11.966, 12.96, 13.147, 13.634, 13.773, 13.894, 14.367, 14.234, 14.537, 14.401, 13.776, 13.248, 11.853, 10.302, 9.679, 9.822, 9.031, 8.98, 8.416, 7.757, 7.684, 7.11, 6.373, 6.087, 5.889, 4.457, 4.226, 4.229, 4.941, 5.546, 4.996, 5.127, 5.162, 5.826, 6.314, 5.984, 6.422, 6.477, 5.47, 3.817, 3.316, 3.426, 3.413, 4.031, 5.073, 5.553, 6.198, 4.635, 2.471, 1.5, 1.47, 1.87, 1.83, 1.67, 1.58, 1.14, 0.86, 0.94, 0.75, 0.77, 0.62, 0, 0.99, 2.16, 3.44, 3.16, 2.93, 2.37, 2.33, 2.97, 2.27, 1.91, 1.5, 1.83, 2.9, 3.58, 4.532, 4.49, 3.8, 4.282, 5.049, 6.916, 8.506, 9.05, 9.248], [12.633, 12.513, 13.507, 13.68, 14.201, 14.357, 14.464, 14.914, 14.821, 15.084, 14.949, 14.323, 13.738, 12.352, 10.838, 10.209, 10.312, 9.511, 9.55, 8.92, 8.33, 8.229, 7.709, 6.972, 6.689, 6.441, 5.05, 4.825, 4.845, 5.503, 6.071, 5.508, 5.657, 5.732, 6.396, 6.864, 6.554, 6.972, 7.047, 6.018, 4.413, 3.766, 3.956, 3.863, 4.623, 5.629, 6.081, 6.748, 5.223, 3.001, 1.81, 0.92, 1.22, 1.28, 1.18, 1.03, 0.77, 1.17, 1.01, 1.1, 1.3, 1.31, 0.99, 0, 1.51, 2.83, 2.41, 2.16, 1.68, 1.64, 2.18, 1.56, 1.24, 1.03, 2.18, 3.39, 4.11, 5.03, 4.98, 4.31, 4.789, 5.556, 7.483, 9.096, 9.603, 9.779], [14.1, 13.983, 14.974, 15.127, 15.669, 15.844, 15.951, 16.401, 16.309, 16.531, 16.396, 15.77, 15.177, 13.777, 12.305, 11.662, 11.779, 10.929, 10.91, 10.33, 9.724, 9.65, 9.097, 8.397, 8.168, 7.921, 6.487, 6.19, 6.173, 6.928, 7.483, 6.935, 7.101, 7.175, 7.84, 8.311, 7.981, 8.419, 8.469, 7.485, 5.783, 5.119, 5.307, 5.211, 6.008, 7.034, 7.508, 8.174, 6.596, 4.411, 3.124, 1.77, 1.37, 1.67, 1.51, 1.18, 1.66, 2.28, 2.12, 2.17, 2.51, 2.44, 2.16, 1.51, 0, 1.58, 1.46, 1.31, 0.83, 1.05, 1.21, 1.09, 1.63, 2.04, 3.59, 4.806, 5.54, 6.426, 6.382, 5.76, 6.194, 6.986, 8.953, 10.58, 11.047, 11.197], [15.431, 15.323, 16.317, 16.47, 17.011, 17.147, 17.251, 17.684, 17.591, 17.754, 17.619, 16.993, 16.44, 15.071, 13.642, 13.005, 13.122, 12.252, 12.17, 11.613, 10.947, 10.874, 10.303, 9.668, 9.411, 9.204, 7.727, 7.419, 7.319, 8.145, 8.766, 8.221, 8.364, 8.438, 9.123, 9.534, 9.244, 9.642, 9.712, 8.813, 7.109, 6.406, 6.567, 6.457, 7.277, 8.311, 8.765, 9.448, 7.819, 5.654, 4.41, 2.98, 2.45, 2.774, 2.71, 2.42, 2.94, 3.48, 3.34, 3.45, 3.87, 3.76, 3.44, 2.83, 1.58, 0, 0.78, 1.03, 1.39, 1.73, 1.53, 2.17, 3.07, 3.4, 4.931, 6.035, 6.818, 7.775, 7.671, 7.097, 7.454, 8.326, 10.242, 11.889, 12.313, 12.472], [14.931, 14.823, 15.817, 15.97, 16.511, 16.647, 16.751, 17.184, 17.091, 17.234, 17.099, 16.473, 15.92, 14.571, 13.142, 12.518, 12.624, 11.774, 11.773, 11.103, 10.513, 10.389, 9.889, 9.269, 8.969, 8.71, 7.313, 7.082, 7.042, 7.666, 8.277, 7.721, 7.864, 7.938, 8.623, 9.014, 8.766, 9.135, 9.245, 8.313, 6.626, 5.943, 6.107, 6.023, 6.803, 7.863, 8.3, 8.965, 7.376, 5.166, 3.936, 2.566, 2.05, 2.29, 2.33, 2.08, 2.5, 3.02, 2.88, 3.13, 3.55, 3.48, 3.16, 2.41, 1.46, 0.78, 0, 0.47, 1.01, 1.41, 1.37, 1.79, 2.69, 2.9, 4.45, 5.535, 6.318, 7.275, 7.171, 6.597, 6.934, 7.826, 9.742, 11.389, 11.813, 11.972], [14.664, 14.547, 15.535, 15.688, 16.244, 16.377, 16.484, 16.914, 16.821, 16.967, 16.831, 16.186, 15.644, 14.304, 12.912, 12.288, 12.374, 11.524, 11.523, 10.853, 10.263, 10.139, 9.619, 8.999, 8.699, 8.457, 7.043, 6.812, 6.772, 7.396, 8.007, 7.471, 7.591, 7.668, 8.336, 8.761, 8.514, 8.872, 8.967, 8.046, 6.376, 5.693, 5.846, 5.773, 6.553, 7.613, 8.05, 8.706, 7.126, 4.916, 3.706, 2.296, 1.8, 2.0, 2.1, 1.79, 2.23, 2.79, 2.67, 2.86, 3.28, 3.23, 2.93, 2.16, 1.31, 1.03, 0.47, 0, 0.8, 1.32, 1.36, 1.68, 2.48, 2.69, 4.201, 5.285, 6.028, 7.005, 6.901, 6.319, 6.667, 7.559, 9.452, 11.113, 11.543, 11.702], [14.187, 14.07, 15.058, 15.211, 15.767, 15.9, 16.007, 16.437, 16.344, 16.51, 16.374, 15.729, 15.207, 13.847, 12.415, 11.791, 11.878, 11.027, 11.006, 10.393, 9.766, 9.682, 9.122, 8.482, 8.202, 7.96, 6.526, 6.275, 6.235, 6.919, 7.539, 6.98, 7.114, 7.175, 7.859, 8.304, 8.037, 8.415, 8.488, 7.569, 5.898, 5.236, 5.34, 5.276, 6.096, 7.138, 7.573, 8.249, 6.669, 4.459, 3.249, 1.819, 1.28, 1.6, 1.58, 1.29, 1.73, 2.33, 2.13, 2.32, 2.76, 2.67, 2.37, 1.68, 0.83, 1.39, 1.01, 0.8, 0, 0.86, 1.14, 1.32, 2.04, 2.17, 3.684, 4.808, 5.611, 6.568, 6.444, 5.887, 6.256, 7.088, 8.975, 10.636, 11.066, 11.233], [13.873, 13.764, 14.758, 14.945, 15.447, 15.566, 15.687, 16.16, 16.03, 16.33, 16.188, 15.535, 14.981, 13.613, 12.112, 11.507, 11.633, 10.861, 10.888, 10.235, 9.651, 9.561, 9.027, 8.307, 7.948, 7.653, 6.262, 6.157, 6.178, 6.785, 7.4, 6.803, 6.911, 6.94, 7.605, 8.129, 7.832, 8.258, 8.311, 7.32, 5.753, 5.155, 5.285, 5.266, 6.012, 7.052, 7.461, 8.091, 6.531, 4.325, 3.075, 1.78, 1.377, 1.476, 1.58, 1.37, 1.77, 2.27, 2.07, 2.3, 2.64, 2.57, 2.33, 1.64, 1.05, 1.73, 1.41, 1.32, 0.86, 0, 0.82, 0.82, 1.76, 1.91, 3.467, 4.611, 5.314, 6.259, 6.247, 5.564, 6.024, 6.836, 8.715, 10.257, 10.86, 11.033], [14.295, 14.195, 15.18, 15.364, 15.869, 16.008, 16.115, 16.582, 16.455, 16.74, 16.596, 15.947, 15.408, 14.028, 12.526, 11.942, 12.079, 11.325, 11.335, 10.735, 10.114, 10.104, 9.484, 8.768, 8.468, 8.019, 6.714, 6.678, 6.718, 7.288, 7.782, 7.224, 7.347, 7.351, 8.038, 8.531, 8.25, 8.649, 8.689, 7.777, 6.25, 5.692, 5.776, 5.804, 6.549, 7.589, 7.978, 8.608, 6.963, 4.811, 3.595, 2.174, 1.84, 2.02, 2.04, 1.87, 2.23, 2.73, 2.67, 2.86, 3.08, 3.19, 2.97, 2.18, 1.21, 1.53, 1.37, 1.36, 1.14, 0.82, 0, 0.84, 1.88, 2.33, 3.92, 5.024, 5.75, 6.716, 6.674, 6.042, 6.469, 7.273, 9.146, 10.713, 11.297, 11.501], [13.595, 13.486, 14.477, 14.661, 15.167, 15.297, 15.415, 15.888, 15.755, 16.064, 15.921, 15.28, 14.703, 13.329, 11.849, 11.24, 11.357, 10.585, 10.635, 9.995, 9.414, 9.364, 8.884, 8.188, 7.888, 7.442, 6.154, 6.098, 6.138, 6.628, 7.113, 6.534, 6.647, 6.691, 7.361, 7.858, 7.559, 7.985, 8.028, 7.037, 5.51, 4.952, 5.056, 5.064, 5.809, 6.849, 7.238, 7.868, 6.272, 4.105, 2.87