[[0, 1.0, 1.78, 2.4, 2.76, 2.98, 3.93, 5.16, 5.49, 5.78, 6.15, 7.24, 7.72, 7.96, 8.37, 8.14, 8.38, 10.22, 11.18, 11.71, 11.32, 10.78, 11.32, 12.68, 13.46, 14.86, 15.78, 15.381, 15.291, 14.852, 15.072, 15.025, 15.875, 16.548, 16.625, 16.88, 16.22, 14.933, 14.53, 12.95, 12.19, 12.55, 12.86, 12.38, 12.345, 14.6, 14.0, 13.339, 15.386, 17.066, 16.799, 16.68, 17.099, 17.726, 18.838, 19.856, 19.669, 17.028, 16.76, 17.444, 15.86, 14.81, 14.15, 13.39, 13.13, 13.812, 15.365, 15.527, 15.401, 14.878, 15.934, 15.373, 14.326, 16.414, 16.587, 15.677, 15.184, 14.481, 13.795, 13.138, 13.781, 14.02, 13.79, 13.256, 12.829, 11.387], [1.0, 0, 1.22, 1.84, 2.44, 2.88, 3.71, 5.1, 5.45, 5.58, 5.95, 7.08, 7.6, 7.8, 8.21, 8.1, 8.34, 10.18, 11.14, 11.67, 11.2, 10.62, 11.16, 12.48, 13.24, 14.66, 15.62, 15.17, 15.071, 14.582, 14.796, 14.766, 15.62, 16.298, 16.369, 16.68, 16.019, 14.673, 14.25, 12.69, 11.95, 12.35, 12.66, 12.14, 12.1, 14.34, 13.82, 13.1, 15.143, 16.801, 16.548, 16.431, 16.839, 17.477, 18.609, 19.639, 19.43, 16.769, 16.5, 17.2, 15.64, 14.63, 13.97, 13.15, 12.91, 13.569, 15.11, 15.267, 15.151, 14.614, 15.658, 15.097, 14.048, 16.189, 16.358, 15.416, 14.924, 14.221, 13.548, 12.878, 13.541, 13.76, 13.53, 12.976, 12.569, 11.127], [1.78, 1.22, 0, 1.26, 1.66, 2.16, 3.07, 4.3, 4.65, 4.937, 5.25, 6.4, 6.9, 7.137, 7.49, 7.3, 7.54, 9.36, 10.32, 10.87, 10.46, 9.96, 10.5, 11.82, 12.58, 13.997, 14.96, 14.486, 14.393, 13.915, 14.141, 14.091, 14.943, 15.631, 15.693, 16.005, 15.351, 13.996, 13.593, 12.024, 11.27, 11.704, 12.02, 11.471, 11.425, 13.674, 13.171, 12.425, 14.466, 16.13, 15.871, 15.761, 16.162, 16.801, 17.932, 18.962, 18.755, 16.101, 15.831, 16.531, 14.965, 13.987, 13.324, 12.504, 12.244, 12.892, 14.433, 14.59, 14.474, 13.941, 14.998, 14.436, 13.389, 15.512, 15.682, 14.74, 14.247, 13.544, 12.871, 12.201, 12.824, 13.093, 12.853, 12.319, 11.892, 10.45], [2.4, 1.84, 1.26, 0, 1.24, 1.74, 2.79, 3.94, 4.21, 4.64, 4.99, 6.0, 6.48, 6.7, 7.27, 6.88, 7.06, 8.82, 9.82, 10.35, 9.96, 9.52, 10.0, 11.48, 12.3, 13.7, 14.64, 14.31, 14.22, 13.79, 14.01, 13.96, 14.81, 15.48, 15.56, 15.8, 15.14, 13.88, 13.46, 11.83, 11.05, 11.37, 11.68, 11.3, 11.28, 13.52, 12.88, 12.28, 14.33, 16.02, 15.74, 15.63, 16.04, 16.67, 17.77, 18.78, 18.59, 15.95, 15.68, 16.38, 14.78, 13.67, 13.05, 12.25, 12.05, 12.75, 14.3, 14.48, 14.37, 13.84, 14.91, 14.32, 13.28, 15.37, 15.54, 14.63, 14.14, 13.44, 12.77, 12.1, 12.72, 12.94, 12.72, 12.18, 11.77, 10.34], [2.76, 2.44, 1.66, 1.24, 0, 0.82, 1.77, 2.92, 3.27, 3.6, 3.97, 4.96, 5.48, 5.72, 6.23, 5.84, 6.06, 7.9, 8.88, 9.43, 9.04, 8.54, 9.08, 10.48, 11.28, 12.66, 13.6, 13.25, 13.16, 12.73, 12.95, 12.9, 13.75, 14.42, 14.5, 14.74, 14.08, 12.82, 12.4, 10.77, 9.99, 10.37, 10.64, 10.24, 10.22, 12.46, 11.84, 11.22, 13.27, 14.96, 14.68, 14.57, 14.98, 15.61, 16.71, 17.72, 17.53, 14.89, 14.62, 15.32, 13.72, 12.63, 11.99, 11.21, 10.99, 11.69, 13.24, 13.42, 13.31, 12.78, 13.85, 13.26, 12.22, 14.31, 14.48, 13.57, 13.08, 12.38, 11.71, 11.04, 11.66, 11.88, 11.66, 11.12, 10.71, 9.28], [2.98, 2.88, 2.16, 1.74, 0.82, 0, 1.25, 2.28, 2.65, 2.96, 3.33, 4.34, 4.84, 5.08, 5.61, 5.26, 5.52, 7.3, 8.26, 8.81, 8.42, 7.9, 8.44, 9.82, 10.62, 12.02, 12.96, 12.63, 12.54, 12.11, 12.33, 12.28, 13.13, 13.8, 13.88, 14.12, 13.46, 12.2, 11.78, 10.15, 9.39, 9.71, 9.98, 9.62, 9.6, 11.84, 11.2, 10.6, 12.65, 14.34, 14.06, 13.95, 14.36, 14.99, 16.09, 17.1, 16.91, 14.27, 14.0, 14.7, 13.1, 11.99, 11.37, 10.57, 10.37, 11.07, 12.62, 12.8, 12.69, 12.16, 13.23, 12.64, 11.6, 13.69, 13.86, 12.95, 12.46, 11.76, 11.09, 10.42, 11.04, 11.26, 11.04, 10.5, 10.09, 8.66], [3.93, 3.71, 3.07, 2.79, 1.77, 1.25, 0, 1.59, 1.96, 1.99, 2.38, 3.37, 3.91, 4.15, 4.68, 4.71, 5.11, 6.67, 7.61, 8.08, 7.59, 7.03, 7.51, 8.81, 9.61, 10.99, 11.95, 11.52, 11.43, 11.0, 11.22, 11.17, 12.02, 12.69, 12.77, 13.05, 12.35, 11.09, 10.67, 9.06, 8.32, 8.68, 8.97, 8.51, 8.49, 10.73, 10.15, 9.49, 11.54, 13.23, 12.95, 12.84, 13.25, 13.88, 14.98, 15.99, 15.82, 13.16, 12.89, 13.59, 12.03, 10.98, 10.32, 9.52, 9.3, 9.96, 11.51, 11.69, 11.58, 11.05, 12.12, 11.53, 10.49, 12.58, 12.75, 11.84, 11.35, 10.65, 9.98, 9.31, 9.95, 10.15, 9.93, 9.39, 8.98, 7.57], [5.16, 5.1, 4.3, 3.94, 2.92, 2.28, 1.59, 0, 0.71, 1.02, 1.23, 2.2, 2.68, 2.98, 3.53, 3.38, 3.82, 5.24, 6.18, 6.61, 6.26, 5.78, 6.28, 7.6, 8.4, 9.8, 10.78, 10.41, 10.32, 9.89, 10.11, 10.06, 10.91, 11.58, 11.66, 11.9, 11.26, 9.98, 9.56, 7.93, 7.15, 7.49, 7.76, 7.4, 7.38, 9.62, 9.0, 8.38, 10.43, 12.12, 11.84, 11.73, 12.14, 12.77, 13.87, 14.88, 14.69, 12.05, 11.78, 12.48, 10.9, 9.85, 9.21, 8.37, 8.15, 8.85, 10.4, 10.58, 10.47, 9.94, 11.01, 10.42, 9.38, 11.47, 11.64, 10.73, 10.24, 9.54, 8.87, 8.2, 8.82, 9.04, 8.84, 8.3, 7.89, 6.48], [5.49, 5.45, 4.65, 4.21, 3.27, 2.65, 1.96, 0.71, 0, 0.79, 0.9, 1.85, 2.41, 2.67, 3.16, 3.07, 3.47, 4.83, 5.77, 6.24, 5.85, 5.35, 5.87, 7.33, 8.11, 9.53, 10.43, 10.1, 10.01, 9.58, 9.8, 9.75, 10.6, 11.27, 11.35, 11.59, 10.93, 9.67, 9.25, 7.64, 6.86, 7.2, 7.51, 7.09, 7.07, 9.31, 8.67, 8.07, 10.12, 11.81, 11.53, 11.42, 11.83, 12.46, 13.56, 14.57, 14.38, 11.74, 11.47, 12.17, 10.59, 9.5, 8.88, 8.08, 7.84, 8.54, 10.09, 10.27, 10.16, 9.63, 10.7, 10.11, 9.07, 11.16, 11.33, 10.42, 9.93, 9.23, 8.56, 7.89, 8.51, 8.73, 8.53, 7.99, 7.58, 6.17], [5.78, 5.58, 4.937, 4.64, 3.6, 2.96, 1.99, 1.02, 0.79, 0, 0.71, 1.6, 2.14, 2.4, 2.87, 3.18, 3.6, 5.02, 5.86, 6.23, 5.76, 5.2, 5.66, 6.96, 7.72, 9.1, 10.08, 9.67, 9.58, 9.15, 9.37, 9.32, 10.17, 10.84, 10.92, 11.16, 10.52, 9.24, 8.82, 7.21, 6.47, 6.77, 7.1, 6.66, 6.64, 8.88, 8.26, 7.64, 9.69, 11.38, 11.1, 10.99, 11.4, 12.03, 13.13, 14.14, 13.95, 11.31, 11.04, 11.74, 10.14, 9.07, 8.43, 7.61, 7.41, 8.11, 9.66, 9.84, 9.73, 9.2, 10.27, 9.68, 8.64, 10.73, 10.9, 9.99, 9.5, 8.8, 8.13, 7.46, 8.12, 8.3, 8.08, 7.54, 7.13, 5.72], [6.15, 5.95, 5.25, 4.99, 3.97, 3.33, 2.38, 1.23, 0.9, 0.71, 0, 1.23, 1.85, 2.15, 2.56, 2.77, 3.19, 4.61, 5.45, 5.86, 5.37, 4.87, 5.31, 6.57, 7.33, 8.77, 9.73, 9.36, 9.27, 8.8, 9.02, 8.97, 9.82, 10.51, 10.57, 10.83, 10.21, 8.89, 8.47, 6.86, 6.08, 6.46, 6.77, 6.33, 6.29, 8.53, 7.95, 7.29, 9.34, 11.03, 10.75, 10.64, 11.05, 11.68, 12.8, 13.83, 13.6, 10.96, 10.69, 11.39, 9.79, 8.76, 8.12, 7.28, 7.06, 7.76, 9.31, 9.49, 9.38, 8.85, 9.92, 9.33, 8.29, 10.38, 10.55, 9.64, 9.15, 8.45, 7.78, 7.11, 7.73, 7.95, 7.73, 7.19, 6.78, 5.37], [7.24, 7.08, 6.4, 6.0, 4.96, 4.34, 3.37, 2.2, 1.85, 1.6, 1.23, 0, 1.32, 1.58, 1.95, 2.12, 2.5, 3.8, 4.6, 4.87, 4.44, 4.0, 4.38, 5.58, 6.34, 7.74, 8.68, 8.35, 8.26, 7.83, 8.05, 8.0, 8.85, 9.52, 9.6, 9.84, 9.18, 7.92, 7.5, 5.87, 5.09, 5.45, 5.72, 5.36, 5.38, 7.56, 6.92, 6.32, 8.37, 10.06, 9.78, 9.67, 10.08, 10.71, 11.81, 12.82, 12.63, 9.99, 9.72, 10.42, 8.82, 7.73, 7.13, 6.29, 6.13, 6.79, 8.34, 8.52, 8.41, 7.88, 8.95, 8.36, 7.32, 9.41, 9.58, 8.67, 8.18, 7.48, 6.81, 6.14, 6.76, 6.98, 6.76, 6.22, 5.85, 4.62], [7.72, 7.6, 6.9, 6.48, 5.48, 4.84, 3.91, 2.68, 2.41, 2.14, 1.85, 1.32, 0, 0.76, 1.49, 1.82, 2.3, 3.52, 4.32, 4.41, 4.04, 3.6, 3.86, 5.04, 5.82, 7.22, 8.16, 7.83, 7.74, 7.31, 7.53, 7.48, 8.33, 9.0, 9.08, 9.32, 8.66, 7.4, 6.98, 5.35, 4.61, 4.93, 5.2, 4.84, 4.82, 7.04, 6.4, 5.8, 7.85, 9.54, 9.26, 9.15, 9.56, 10.19, 11.29, 12.3, 12.11, 9.47, 9.2, 9.9, 8.3, 7.21, 6.63, 5.77, 5.57, 6.27, 7.82, 8.0, 7.89, 7.36, 8.43, 7.84, 6.8, 8.89, 9.06, 8.15, 7.66, 6.96, 6.29, 5.62, 6.24, 6.46, 6.24, 5.7, 5.29, 3.96], [7.96, 7.8, 7.137, 6.7, 5.72, 5.08, 4.15, 2.98, 2.67, 2.4, 2.15, 1.58, 0.76, 0, 1.53, 1.98, 2.4, 3.66, 4.34, 4.39, 4.0, 3.62, 3.74, 4.82, 5.62, 7.0, 7.96, 7.61, 7.52, 7.09, 7.31, 7.26, 8.11, 8.78, 8.86, 9.1, 8.44, 7.18, 6.76, 5.13, 4.39, 4.67, 5.02, 4.6, 4.6, 6.82, 6.18, 5.58, 7.63, 9.32, 9.04, 8.93, 9.34, 9.97, 11.07, 12.08, 11.89, 9.25, 8.98, 9.68, 8.08, 6.97, 6.35, 5.55, 5.37, 6.05, 7.6, 7.78, 7.67, 7.14, 8.21, 7.62, 6.58, 8.67, 8.84, 7.93, 7.44, 6.74, 6.07, 5.4, 6.02, 6.24, 6.02, 5.48, 5.09, 3.7], [8.37, 8.21, 7.49, 7.27, 6.23, 5.61, 4.68, 3.53, 3.16, 2.87, 2.56, 1.95, 1.49, 1.53, 0, 0.99, 1.47, 2.41, 3.21, 3.5, 3.09, 2.59, 3.03, 4.35, 5.13, 6.53, 7.47, 7.04, 6.95, 6.52, 6.74, 6.69, 7.54, 8.21, 8.29, 8.57, 7.89, 6.61, 6.19, 4.58, 3.84, 4.24, 4.55, 4.05, 4.07, 6.25, 5.69, 5.01, 7.06, 8.75, 8.47, 8.36, 8.77, 9.4, 10.5, 11.51, 11.34, 8.68, 8.41, 9.11, 7.55, 6.5, 5.84, 5.06, 4.82, 5.48, 7.03, 7.21, 7.1, 6.57, 7.64, 7.05, 6.01, 8.1, 8.27, 7.36, 6.87, 6.17, 5.5, 4.83, 5.45, 5.67, 5.45, 4.91, 4.58, 3.39], [8.14, 8.1, 7.3, 6.88, 5.84, 5.26, 4.71, 3.38, 3.07, 3.18, 2.77, 2.12, 1.82, 1.98, 0.99, 0, 0.82, 2.14, 3.08, 3.63, 3.28, 2.84, 3.36, 4.74, 5.56, 6.96, 7.9, 7.57, 7.48, 7.05, 7.27, 7.22, 8.07, 8.74, 8.82, 9.06, 8.4, 7.14, 6.72, 5.09, 4.31, 4.65, 4.94, 4.58, 4.58, 6.78, 6.14, 5.54, 7.59, 9.28, 9.0, 8.89, 9.3, 9.93, 11.03, 12.04, 11.85, 9.21, 8.94, 9.64, 8.04, 6.95, 6.33, 5.51, 5.31, 6.01, 7.56, 7.74, 7.63, 7.1, 8.17, 7.58, 6.54, 8.63, 8.8, 7.89, 7.4, 6.7, 6.03, 5.36, 5.98, 6.2, 5.98, 5.44, 5.09, 3.92], [8.38, 8.34, 7.54, 7.06, 6.06, 5.52, 5.11, 3.82, 3.47, 3.6, 3.19, 2.5, 2.3, 2.4, 1.47, 0.82, 0, 2.0, 2.92, 3.47, 3.14, 2.76, 3.28, 4.72, 5.54, 6.94, 7.88, 7.55, 7.46, 7.03, 7.25, 7.2, 8.05, 8.72, 8.8, 9.04, 8.38, 7.12, 6.7, 5.09, 4.31, 4.65, 4.94, 4.58, 4.62, 6.76, 6.12, 5.52, 7.57, 9.26, 8.98, 8.87, 9.28, 9.91, 11.01, 12.02, 11.83, 9.19, 8.92, 9.62, 8.02, 6.91, 6.29, 5.49, 5.31, 5.99, 7.54, 7.72, 7.61, 7.08, 8.15, 7.56, 6.52, 8.61, 8.78, 7.87, 7.38, 6.68, 6.01, 5.34, 5.96, 6.18, 5.98, 5.46, 5.17, 4.06], [10.22, 10.18, 9.36, 8.82, 7.9, 7.3, 6.67, 5.24, 4.83, 5.02, 4.61, 3.8, 3.52, 3.66, 2.41, 2.14, 2.0, 0, 1.14, 1.69, 1.54, 1.24, 1.76, 3.16, 4.02, 5.22, 6.2, 5.91, 5.76, 5.39, 5.65, 5.54, 6.43, 6.98, 7.06, 7.3, 6.64, 5.38, 4.96, 3.41, 2.69, 2.99, 3.28, 2.94, 3.02, 5.08, 4.94, 4.48, 5.83, 7.52, 7.24, 7.13, 7.54, 8.17, 9.27, 10.28, 10.09, 7.45, 7.18, 7.88, 6.32, 5.25, 4.59, 3.83, 3.63, 4.29, 5.8, 5.98, 5.87, 5.34, 6.41, 5.82, 4.88, 6.87, 7.04, 6.13, 5.66, 4.94, 4.33, 4.1, 4.78, 4.82, 4.9, 4.62, 4.43, 3.96], [11.18, 11.14, 10.32, 9.82, 8.88, 8.26, 7.61, 6.18, 5.77, 5.86, 5.45, 4.6, 4.32, 4.34, 3.21, 3.08, 2.92, 1.14, 0, 0.75, 0.8, 0.92, 1.04, 2.38, 3.18, 4.3, 5.2, 4.99, 4.86, 4.47, 4.77, 4.68, 5.53, 5.96, 6.04, 6.28, 5.62, 4.4, 4.02, 2.63, 2.03, 2.17, 2.5, 2.4, 2.38, 4.08, 4.28, 4.14, 4.85, 6.5, 6.22, 6.11, 6.52, 7.15, 8.25, 9.26, 9.07, 6.47, 6.22, 6.92, 5.44, 4.37, 3.63, 2.91, 2.75, 3.39, 4.82, 4.98, 4.87, 4.32, 5.39, 4.8, 4.12, 5.85, 6.02, 5.11, 4.7, 3.98, 3.43, 3.54, 4.08, 4.18, 4.24, 3.98, 4.03, 3.8], [11.71, 11.67, 10.87, 10.35, 9.43, 8.81, 8.08, 6.61, 6.24, 6.23, 5.86, 4.87, 4.41, 4.39, 3.5, 3.63, 3.47, 1.69, 0.75, 0, 0.75, 1.15, 1.15, 2.03, 2.71, 3.85, 4.71, 4.44, 4.33, 4.04, 4.28, 4.15, 4.98, 5.49, 5.63, 5.81, 5.19, 4.01, 3.61, 2.34, 1.82, 1.94, 2.21, 2.27, 2.29, 3.67, 3.91, 3.83, 4.44, 6.01, 5.73, 5.66, 6.07, 6.7, 7.76, 8.73, 8.56, 6.04, 5.79, 6.51, 5.05, 3.98, 3.22, 2.52, 2.38, 3.0, 4.43, 4.59, 4.46, 3.89, 4.92, 4.35, 3.71, 5.34, 5.49, 4.62, 4.25, 3.49, 3.02, 3.19, 3.75, 3.87, 3.77, 3.61, 3.68, 3.53], [11.32, 11.2, 10.46, 9.96, 9.04, 8.42, 7.59, 6.26, 5.85, 5.76, 5.37, 4.44, 4.04, 4.0, 3.09, 3.28, 3.14, 1.54, 0.8, 0.75, 0, 0.74, 0.82, 2.12, 2.76, 3.98, 4.86, 4.55, 4.46, 4.13, 4.35, 4.3, 5.07, 5.68, 5.8, 6.0, 5.36, 4.18, 3.76, 2.47, 1.79, 1.93, 2.24, 2.26, 2.3, 3.82, 3.98, 3.84, 4.59, 6.2, 5.92, 5.81, 6.24, 6.87, 7.95, 8.96, 8.77, 6.21, 5.96, 6.68, 5.2, 4.13, 3.37, 2.67, 2.53, 3.15, 4.58, 4.74, 4.61, 4.06, 5.09, 4.56, 3.76, 5.55, 5.72, 4.85, 4.46, 3.66, 3.19, 3.2, 3.72, 3.84, 3.82, 3.64, 3.75, 3.52], [10.78, 10.62, 9.96, 9.52, 8.54, 7.9, 7.03, 5.78, 5.35, 5.2, 4.87, 4.0, 3.6, 3.62, 2.59, 2.84, 2.76, 1.24, 0.92, 1.15, 0.74, 0, 0.74, 2.24, 2.94, 4.26, 5.16, 4.85, 4.76, 4.35, 4.57, 4.52, 5.35, 5.98, 6.1, 6.3, 5.66, 4.46, 4.04, 2.57, 1.87, 2.15, 2.48, 2.4, 2.36, 4.08, 4.02, 3.92, 4.87, 6.5, 6.22, 6.11, 6.54, 7.17, 8.25, 9.26, 9.07, 6.51, 6.26, 6.98, 5.46, 4.39, 3.67, 2.91, 2.75, 3.39, 4.88, 5.02, 4.89, 4.36, 5.39, 4.84, 3.98, 5.85, 6.02, 5.11, 4.62, 3.94, 3.35, 3.24, 3.88, 3.9, 3.98, 3.68, 3.73, 3.5], [11.32, 11.16, 10.5, 10.0, 9.08, 8.44, 7.51, 6.28, 5.87, 5.66, 5.31, 4.38, 3.86, 3.74, 3.03, 3.36, 3.28, 1.76, 1.04, 1.15, 0.82, 0.74, 0, 1.78, 2.42, 3.76, 4.68, 4.37, 4.3, 3.87, 4.15, 4.06, 4.87, 5.5, 5.6, 5.82, 5.16, 3.96, 3.54, 2.11, 1.51, 1.67, 2.06, 1.96, 2.02, 3.62, 3.58, 3.42, 4.37, 6.02, 5.74, 5.63, 6.06, 6.69, 7.77, 8.78, 8.59, 6.03, 5.78, 6.48, 4.98, 3.91, 3.19, 2.47, 2.29, 2.93, 4.38, 4.52, 4.39, 3.86, 4.91, 4.36, 3.52, 5.37, 5.54, 4.63, 4.2, 3.46, 2.89, 2.8, 3.32, 3.42, 3.48, 3.26, 3.33, 3.12], [12.68, 12.48, 11.82, 11.48, 10.48, 9.82, 8.81, 7.6, 7.33, 6.96, 6.57, 5.58, 5.04, 4.82, 4.35, 4.74, 4.72, 3.16, 2.38, 2.03, 2.12, 2.24, 1.78, 0, 1.1, 2.26, 3.26, 2.95, 2.84, 2.61, 2.83, 2.7, 3.43, 4.0, 4.1, 4.32, 3.7, 2.52, 2.1, 1.55, 1.55, 1.59, 1.56, 1.62, 1.82, 2.06, 2.7, 2.66, 2.99, 4.54, 4.26, 4.15, 4.56, 5.19, 6.29, 7.32, 7.11, 4.53, 4.28, 4.98, 3.44, 2.41, 1.81, 1.51, 1.41, 2.05, 2.9, 3.02, 2.91, 2.44, 3.45, 3.1, 2.64, 3.89, 4.06, 3.15, 2.74, 2.02, 1.47, 1.54, 1.88, 1.98, 2.16, 2.64, 2.61, 2.86], [13.46, 13.24, 12.58, 12.3, 11.28, 10.62, 9.61, 8.4, 8.11, 7.72, 7.33, 6.34, 5.82, 5.62, 5.13, 5.56, 5.54, 4.02, 3.18, 2.71, 2.76, 2.94, 2.42, 1.1, 0, 1.46, 2.42, 2.05, 1.98, 1.89, 2.19, 2.02, 2.59, 3.2, 3.26, 3.52, 2.9, 1.68, 1.44, 1.55, 1.75, 1.77, 1.62, 1.96, 2.18, 1.38, 2.32, 2.3, 2.25, 3.72, 3.44, 3.33, 3.74, 4.37, 5.49, 6.52, 6.29, 3.67, 3.42, 4.12, 2.58, 1.61, 1.55, 1.43, 1.49, 1.81, 2.1, 2.24, 2.17, 1.98, 2.75, 2.6, 2.36, 3.07, 3.24, 2.47, 2.14, 1.34, 1.17, 1.48, 1.46, 1.5, 1.68, 2.22, 2.27, 2.92], [14.86, 14.66, 13.997, 13.7, 12.66, 12.02, 10.99, 9.8, 9.53, 9.1, 8.77, 7.74, 7.22, 7.0, 6.53, 6.96, 6.94, 5.22, 4.3, 3.85, 3.98, 4.26, 3.76, 2.26, 1.46, 0, 1.1, 0.97, 0.98, 1.79, 2.17, 1.88, 2.13, 1.84, 1.96, 2.18, 1.58, 1.26, 1.28, 2.21, 2.83, 2.55, 2.3, 2.8, 3.0, 1.24, 2.28, 2.5, 1.59, 2.46, 2.44, 2.23, 2.48, 2.99, 4.07, 5.1, 4.89, 2.39, 2.08, 2.72, 1.5, 1.25, 1.83, 2.09, 2.31, 1.93, 1.46, 1.42, 1.65, 1.76, 1.89, 2.34, 2.4, 1.77, 1.96, 1.61, 1.68, 1.26, 1.87, 2.44, 1.9, 1.68, 2.0, 2.52, 2.73, 3.98], [15.78, 15.62, 14.96, 14.64, 13.6, 12.96, 11.95, 10.78, 10.43, 10.08, 9.73, 8.68, 8.16, 7.96, 7.47, 7.9, 7.88, 6.2, 5.2, 4.71, 4.86, 5.16, 4.68, 3.26, 2.42, 1.1, 0, 1.01, 1.4, 2.17, 2.35, 2.22, 2.27, 1.6, 1.56, 1.48, 1.12, 2.0, 2.1, 3.21, 3.81, 3.53, 3.22, 3.8, 3.98, 1.76, 2.52, 3.1, 1.79, 1.8, 1.94, 1.83, 1.84, 2.23, 3.15, 4.14, 3.95, 2.03, 1.46, 2.08, 1.42, 1.77, 2.43, 2.97, 3.19, 2.75, 1.94, 1.68, 2.15, 2.4, 2.01, 2.6, 3.02, 1.63, 1.58, 1.63, 1.8, 2.12, 2.87, 3.4, 2.74, 2.38, 2.64, 3.18, 3.59, 4.96], [15.381, 15.17, 14.486, 14.31, 13.25, 12.63, 11.52, 10.41, 10.1, 9.67, 9.36, 8.35, 7.83, 7.61, 7.04, 7.57, 7.55, 5.91, 4.99, 4.44, 4.55, 4.85, 4.37, 2.95, 2.05, 0.97, 1.01, 0, 0.73, 1.66, 2.0, 1.79, 1.84, 1.61, 1.75, 2.01, 1.51, 1.39, 1.69, 2.8, 3.42, 3.18, 2.87, 3.31, 3.47, 1.63, 2.53, 2.83, 1.82, 2.21, 2.15, 2.06, 2.21, 2.62, 3.62, 4.57, 4.4, 2.2, 1.73, 2.49, 1.61, 1.74, 2.36, 2.72, 2.88, 2.34, 1.75, 1.57, 1.62, 1.95, 2.06, 2.23, 2.41, 1.54, 1.77, 1.6, 1.69, 1.69, 2.28, 2.71, 2.11, 2.07, 2.33, 2.83, 3.12, 4.31], [15.291, 15.071, 14.393, 14.22, 13.16, 12.54, 11.43, 10.32, 10.01, 9.58, 9.27, 8.26, 7.74, 7.52, 6.95, 7.48, 7.46, 5.76, 4.86, 4.33, 4.46, 4.76, 4.3, 2.84, 1.98, 0.98, 1.4, 0.73, 0, 1.23, 1.51, 1.26, 1.47, 1.36, 1.78, 2.12, 1.52, 1.2, 1.34, 2.65, 3.31, 2.99, 2.76, 3.12, 3.28, 1.44, 2.18, 2.48, 1.65, 2.42, 2.54, 2.37, 2.54, 2.81, 3.75, 4.72, 4.55, 2.51, 2.06, 2.64, 1.68, 1.73, 2.33, 2.55, 2.69, 2.19, 1.52, 1.3, 1.49, 1.78, 1.75, 1.68, 1.88, 1.37, 1.64, 1.37, 1.32, 1.3, 2.03, 2.52, 2.06, 1.74, 1.98, 2.52, 2.75, 4.14], [14.852, 14.582, 13.915, 13.79, 12.73, 12.11, 11.0, 9.89, 9.58, 9.15, 8.8, 7.83, 7.31, 7.09, 6.52, 7.05, 7.03, 5.39, 4.47, 4.04, 4.13, 4.35, 3.87, 2.61, 1.89, 1.79, 2.17, 1.66, 1.23, 0, 0.66, 0.97, 1.36, 1.79, 2.29, 2.75, 2.29, 1.39, 1.41, 2.16, 2.82, 2.68, 2.43, 2.73, 2.79, 1.47, 1.69, 1.71, 1.52, 3.01, 3.25, 3.0, 3.03, 3.32, 4.54, 5.33, 5.14, 3.34, 2.71, 3.25, 2.41, 2.42, 2.9, 2.58, 2.52, 2.2, 1.77, 1.45, 1.54, 2.11, 1.92, 1.05, 1.15, 1.86, 2.09, 1.32, 1.15, 1.49, 1.6, 2.01, 1.69, 1.39, 1.49, 1.75, 2.1, 3.59], [15.072, 14.796, 14.141, 14.01, 12.95, 12.33, 11.22, 10.11, 9.8, 9.37, 9.02, 8.05, 7.53, 7.31, 6.74, 7.27, 7.25, 5.65, 4.77, 4.28, 4.35, 4.57, 4.15, 2.83, 2.19, 2.17, 2.35, 2.0, 1.51, 0.66, 0, 0.83, 1.26, 1.75, 2.37, 2.83, 2.43, 1.71, 1.73, 2.56, 3.1, 3.1, 2.71, 3.03, 3.15, 1.67, 1.61, 1.87, 1.58, 3.13, 3.41, 3.3, 3.21, 3.46, 4.52, 5.33, 5.02, 3.74, 2.95, 3.37, 2.63, 2.8, 3.28, 2.9, 2.82, 2.52, 2.19, 1.77, 1.96, 2.41, 2.04, 1.05, 1.21, 1.82, 2.07, 1.62, 1.35, 1.85, 1.92, 2.21, 1.99, 1.65, 1.49, 1.97, 2.32, 3.83], [15.025, 14.766, 14.091, 13.96, 12.9, 12.28, 11.17, 10.06, 9.75, 9.32, 8.97, 8.0, 7.48, 7.26, 6.69, 7.22, 7.2, 5.54, 4.68, 4.15, 4.3, 4.52, 4.06, 2.7, 2.02, 1.88, 2.22, 1.79, 1.26, 0.97, 0.83, 0, 1.13, 1.72, 2.26, 2.72, 2.34, 1.52, 1.58, 2.45, 3.05, 2.93, 2.62, 2.92, 3.04, 1.6, 1.84, 1.88, 1.67, 3.12, 3.38, 3.13, 3.16, 3.43, 4.43, 5.16, 4.89, 3.51, 2.82, 3.3, 2.54, 2.61, 2.93, 2.69, 2.63, 2.29, 1.82, 1.7, 1.81, 2.14, 1.87, 1.24, 1.34, 1.79, 2.14, 1.71, 1.48, 1.68, 1.91, 2.26, 2.08, 1.66, 1.56, 2.2, 2.43, 3.8], [15.875, 15.62, 14.943, 14.81, 13.75, 13.13, 12.02, 10.91, 10.6, 10.17, 9.82, 8.85, 8.33, 8.11, 7.54, 8.07, 8.05, 6.43, 5.53, 4.98, 5.07, 5.35, 4.87, 3.43, 2.59, 2.13, 2.27, 1.84, 1.47, 1.36, 1.26, 1.13, 0, 1.57, 2.15, 2.37, 2.29, 1.91, 2.13, 3.26, 3.88, 3.66, 3.39, 3.73, 3.87, 1.83, 2.09, 2.57, 1.82, 3.11, 3.43, 3.38, 3.19, 3.44, 3.78, 4.35, 3.96, 3.6, 2.87, 3.07, 2.63, 2.84, 3.28, 3.28, 3.34, 2.88, 2.21, 1.91, 2.18, 2.69, 2.18, 1.61, 1.99, 1.46, 1.83, 1.7, 1.63, 2.17, 2.64, 3.11, 2.55, 2.19, 2.29, 2.89, 3.22, 4.69], [16.548, 16.298, 15.631, 15.48, 14.42, 13.8, 12.69, 11.58, 11.27, 10.84, 10.51, 9.52, 9.0, 8.78, 8.21, 8.74, 8.72, 6.98, 5.96, 5.49, 5.68, 5.98, 5.5, 4.0, 3.2, 1.84, 1.6, 1.61, 1.36, 1.79, 1.75, 1.72, 1.57, 0, 1.3, 1.52, 1.24, 1.82, 2.24, 3.79, 4.51, 4.11, 3.82, 4.18, 4.24, 2.02, 2.8, 3.28, 1.53, 1.98, 2.26, 2.31, 1.96, 2.27, 3.11, 3.8, 3.61, 2.67, 1.86, 2.14, 1.72, 2.29, 2.89, 3.37, 3.55, 2.89, 1.84, 1.5, 1.91, 2.42, 1.71, 1.64, 2.5, 0.85, 1.0, 1.35, 1.72, 2.36, 3.07, 3.74, 3.18, 2.78, 2.94, 3.48, 3.85, 5.34], [16.625, 16.369, 15.693, 15.56, 14.5, 13.88, 12.77, 11.66, 11.35, 10.92, 10.57, 9.6, 9.08, 8.86, 8.29, 8.82, 8.8, 7.06, 6.04, 5.63, 5.8, 6.1, 5.6, 4.1, 3.26, 1.96, 1.56, 1.75, 1.78, 2.29, 2.37, 2.26, 2.15, 1.3, 0, 0.9, 1.0, 1.98, 2.42, 3.87, 4.57, 4.19, 3.9, 4.28, 4.32, 2.1, 3.0, 3.42, 1.47, 1.56, 1.8, 1.83, 1.42, 1.65, 2.67, 3.48, 3.25, 2.17, 1.6, 1.48, 1.5, 2.29, 2.99, 3.37, 3.59, 2.93, 1.98, 1.66, 2.09, 2.5, 1.93, 2.28, 3.02, 1.31, 1.08, 1.51, 2.16, 2.58, 3.19, 3.86, 3.32, 2.98, 3.22, 3.72, 4.05, 5.44], [16.88, 16.68, 16.005, 15.8, 14.74, 14.12, 13.05, 11.9, 11.59, 11.16, 10.83, 9.84, 9.32, 9.1, 8.57, 9.06, 9.04, 7.3, 6.28, 5.81, 6.0, 6.3, 5.82, 4.32, 3.52, 2.18, 1.48, 2.01, 2.12, 2.75, 2.83, 2.72, 2.37, 1.52, 0.9, 0, 1.02, 2.54, 2.78, 4.21, 4.85, 4.43, 4.22, 4.6, 4.7, 2.4, 3.02, 3.72, 1.85, 1.5, 1.82, 1.83, 1.46, 1.63, 2.21, 3.02, 2.79, 2.07, 1.52, 1.22, 1.54, 2.39, 2.99, 3.59, 3.83, 3.23, 2.12, 1.96, 2.41, 2.82, 2.07, 2.76, 3.6, 1.55, 1.22, 1.79, 2.36, 2.88, 3.61, 4.28, 3.7, 3.32, 3.48, 4.02, 4.37, 5.82], [16.22, 16.019, 15.351, 15.14, 14.08, 13.46, 12.35, 11.26, 10.93, 10.52, 10.21, 9.18, 8.66, 8.44, 7.89, 8.4, 8.38, 6.64, 5.62, 5.19, 5.36, 5.66, 5.16, 3.7, 2.9, 1.58, 1.12, 1.51, 1.52, 2.29, 2.43, 2.34, 2.29, 1.24, 1.0, 1.02, 0, 2.06, 2.2, 3.55, 4.21, 3.81, 3.52, 3.94, 4.06, 1.8, 2.66, 3.22, 1.47, 1.54, 1.66, 1.79, 1.5, 1.81, 2.67, 3.64, 3.49, 1.99, 1.38, 1.42, 1.12, 1.93, 2.47, 3.07, 3.29, 2.71, 1.8, 1.44, 2.03, 2.28, 1.79, 2.38, 3.16, 1.29, 1.04, 1.43, 1.82, 2.24, 2.99, 3.62, 3.04, 2.64, 2.84, 3.38, 3.75, 5.18], [14.933, 14.673, 13.996, 13.88, 12.82, 12.2, 11.09, 9.98, 9.67, 9.24, 8.89, 7.92, 7.4, 7.18, 6.61, 7.14, 7.12, 5.38, 4.4, 4.01, 4.18, 4.46, 3.96, 2.52, 1.68, 1.26, 2.0, 1.39, 1.2, 1.39, 1.71, 1.52, 1.91, 1.82, 1.98, 2.54, 2.06, 0, 0.94, 2.11, 2.83, 2.53, 2.34, 2.64, 2.72, 1.32, 2.46, 2.36, 1.51, 2.68, 2.7, 2.51, 2.6, 3.11, 4.49, 5.32, 5.05, 2.69, 2.26, 3.0, 1.96, 1.69, 2.13, 2.05, 2.13, 1.71, 1.52, 1.22, 1.17, 1.5, 1.87, 1.66, 1.82, 1.87, 2.02, 1.49, 1.42, 1.24, 1.45, 2.0, 1.82, 1.8, 2.02, 2.46, 2.55, 3.64], [14.53, 14.25, 13.593, 13.46, 12.4, 11.78, 10.67, 9.56, 9.25, 8.82, 8.47, 7.5, 6.98, 6.76, 6.19, 6.72, 6.7, 4.96, 4.02, 3.61, 3.76, 4.04, 3.54, 2.1, 1.44, 1.28, 2.1, 1.69, 1.34, 1.41, 1.73, 1.58, 2.13, 2.24, 2.42, 2.78, 2.2, 0.94, 0, 1.69, 2.45, 2.15, 1.96, 2.2, 2.34, 1.1, 2.3, 2.08, 1.49, 2.84, 2.92, 2.63, 2.86, 3.41, 4.71, 5.68, 5.43, 2.83, 2.52, 3.16, 2.02, 1.71, 1.85, 1.67, 1.77, 1.27, 1.34, 1.14, 1.11, 1.24, 1.63, 1.74, 1.76, 2.15, 2.26, 1.69, 1.58, 0.98, 1.05, 1.62, 1.58, 1.52, 1.54, 2.08, 2.25, 3.2], [12.95, 12.69, 12.024, 11.83, 10.77, 10.15, 9.06, 7.93, 7.64, 7.21, 6.86, 5.87, 5.35, 5.13, 4.58, 5.09, 5.09, 3.41, 2.63, 2.34, 2.47, 2.57, 2.11, 1.55, 1.55, 2.21, 3.21, 2.8, 2.65, 2.16, 2.56, 2.45, 3.26, 3.79, 3.87, 4.21, 3.55, 2.11, 1.69, 0, 0.96, 0.98, 1.13, 1.03, 1.07, 1.95, 2.39, 2.03, 2.62, 4.25, 4.07, 3.94, 4.27, 4.9, 6.1, 7.17, 6.9, 4.22, 3.87, 4.57, 3.23, 2.48, 2.52, 1.66, 1.44, 1.22, 2.63, 2.65, 2.54, 2.11, 3.08, 2.53, 1.87, 3.6, 3.75, 2.8, 2.37, 1.85, 1.36, 1.43, 1.75, 1.79, 1.89, 1.87, 1.86, 2.03], [12.19, 11.95, 11.27, 11.05, 9.99, 9.39, 8.32, 7.15, 6.86, 6.47, 6.08, 5.09, 4.61, 4.39, 3.84, 4.31, 4.31, 2.69, 2.03, 1.82, 1.79, 1.87, 1.51, 1.55, 1.75, 2.83, 3.81, 3.42, 3.31, 2.82, 3.1, 3.05, 3.88, 4.51, 4.57, 4.85, 4.21, 2.83, 2.45, 0.96, 0, 0.88, 1.11, 0.95, 0.97, 2.65, 2.85, 2.43, 3.3, 4.99, 4.75, 4.64, 5.03, 5.62, 6.8, 7.83, 7.54, 4.9, 4.65, 5.35, 3.87, 2.94, 2.6, 1.7, 1.6, 1.82, 3.31, 3.43, 3.32, 2.79, 3.86, 3.27, 2.41, 4.32, 4.49, 3.58, 3.19, 2.57, 2.02, 1.81, 2.33, 2.39, 2.51, 2.31, 2.32, 2.15], [12.55, 12.35, 11.704, 11.37, 10.37, 9.71, 8.68, 7.49, 7.2, 6.77, 6.46, 5.45, 4.93, 4.67, 4.24, 4.65, 4.65, 2.99, 2.17, 1.94, 1.93, 2.15, 1.67, 1.59, 1.77, 2.55, 3.53, 3.18, 2.99, 2.68, 3.1, 2.93, 3.66, 4.11, 4.19, 4.43, 3.81, 2.53, 2.15, 0.98, 0.88, 0, 0.93, 0.91, 0.95, 2.37, 2.83, 2.57, 3.04, 4.67, 4.53, 4.34, 4.69, 5.32, 6.44, 7.41, 7.22, 4.58, 4.33, 5.05, 3.49, 2.62, 2.38, 1.38, 1.18, 1.5, 2.93, 3.11, 3.0, 2.49, 3.6, 2.97, 2.47, 4.0, 4.17, 3.28, 3.01, 2.43, 1.9, 1.99, 2.55, 2.65, 2.63, 2.45, 2.48, 2.51], [12.86, 12.66, 12.02, 11.68, 10.64, 9.98, 8.97, 7.76, 7.51, 7.1, 6.77, 5.72, 5.2, 5.02, 4.55, 4.94, 4.94, 3.28, 2.5, 2.21, 2.24, 2.48, 2.06, 1.56, 1.62, 2.3, 3.22, 2.87, 2.76, 2.43, 2.71, 2.62, 3.39, 3.82, 3.9, 4.22, 3.52, 2.34, 1.96, 1.13, 1.11, 0.93, 0, 1.06, 1.2, 2.18, 2.5, 2.24, 2.85, 4.46, 4.3, 4.15, 4.4, 5.01, 6.11, 7.12, 6.93, 4.31, 4.04, 4.74, 3.2, 2.39, 2.29, 1.45, 1.37, 1.55, 2.76, 2.82, 2.71, 2.26, 3.35, 2.7, 2.06, 3.75, 3.92, 3.13, 2.86, 2.42, 1.69, 1.74, 2.24, 2.34, 2.34, 2.14, 2.25, 2.44], [12.38, 12.14, 11.471, 11.3, 10.24, 9.62, 8.51, 7.4, 7.09, 6.66, 6.33, 5.36, 4.84, 4.6, 4.05, 4.58, 4.58, 2.94, 2.4, 2.27, 2.26, 2.4, 1.96, 1.62, 1.96, 2.8, 3.8, 3.31, 3.12, 2.73, 3.03, 2.92, 3.73, 4.18, 4.28, 4.6, 3.94, 2.64, 2.2, 1.03, 0.95, 0.91, 1.06, 0, 0.68, 2.28, 2.74, 2.2, 3.11, 4.72, 4.5, 4.33, 4.74, 5.37, 6.51, 7.56, 7.37, 4.71, 4.4, 5.1, 3.62, 2.79, 2.65, 1.73, 1.43, 1.61, 3.02, 3.18, 3.09, 2.56, 3.63, 3.02, 2.22, 4.09, 4.24, 3.33, 2.98, 2.4, 1.81, 1.8, 2.28, 2.4, 2.44, 2.18, 2.13, 1.9], [12.345, 12.1, 11.425, 11.28, 10.22, 9.6, 8.49, 7.38, 7.07, 6.64, 6.29, 5.38, 4.82, 4.6, 4.07, 4.58, 4.62, 3.02, 2.38, 2.29, 2.3, 2.36, 2.02, 1.82, 2.18, 3.0, 3.98, 3.47, 3.28, 2.79, 3.15, 3.04, 3.87, 4.24, 4.32, 4.7, 4.06, 2.72, 2.34, 1.07, 0.97, 0.95, 1.2, 0.68, 0, 2.44, 2.92, 2.34, 3.15, 4.76, 4.56, 4.39, 4.76, 5.41, 6.61, 7.64, 7.41, 4.79, 4.46, 5.14, 3.68, 2.95, 2.75, 1.77, 1.59, 1.63, 3.08, 3.22, 3.09, 2.58, 3.63, 3.06, 2.4, 4.17, 4.28, 3.41, 3.04, 2.56, 1.85, 1.84, 2.46, 2.56, 2.52, 2.22, 2.07, 1.94], [14.6, 14.34, 13.674, 13.52, 12.46, 11.84, 10.73, 9.62, 9.31, 8.88, 8.53, 7.56, 7.04, 6.82, 6.25, 6.78, 6.76, 5.08, 4.08, 3.67, 3.82, 4.08, 3.62, 2.06, 1.38, 1.24, 1.76, 1.63, 1.44, 1.47, 1.67, 1.6, 1.83, 2.02, 2.1, 2.4, 1.8, 1.32, 1.1, 1.95, 2.65, 2.37, 2.18, 2.28, 2.44, 0, 2.08, 2.0, 1.19, 2.54, 2.42, 2.27, 2.54, 3.17, 4.35, 5.36, 5.13, 2.89, 2.32, 2.94, 1.58, 1.37, 1.85, 1.65, 1.79, 1.47, 1.32, 1.1, 1.39, 1.52, 1.67, 1.74, 2.12, 1.85, 2.02, 1.49, 1.42, 1.26, 1.45, 2.06, 1.6, 1.52, 1.56, 2.06, 2.31, 3.52], [14.0, 13.82, 13.171, 12.88, 11.84, 11.2, 10.15, 9.0, 8.67, 8.26, 7.95, 6.92, 6.4, 6.18, 5.69, 6.14, 6.12, 4.94, 4.28, 3.91, 3.98, 4.02, 3.58, 2.7, 2.32, 2.28, 2.52, 2.53, 2.18, 1.69, 1.61, 1.84, 2.09, 2.8, 3.0, 3.02, 2.66, 2.46, 2.3, 2.39, 2.85, 2.83, 2.5, 2.74, 2.92, 2.08, 0, 1.2, 1.97, 3.78, 3.98, 3.89, 3.78, 4.19, 4.91, 5.9, 5.71, 4.21, 3.6, 3.66, 2.86, 2.95, 3.53, 3.17, 3.09, 2.91, 2.82, 2.52, 2.83, 3.16, 2.77, 2.24, 1.8, 2.65, 2.84, 2.25, 1.68, 2.2, 2.33, 2.06, 1.94, 1.72, 1.42, 1.44, 1.73, 3.02], [13.339, 13.1, 12.425, 12.28, 11.22, 10.6, 9.49, 8.38, 8.07, 7.64, 7.29, 6.32, 5.8, 5.58, 5.01, 5.54, 5.52, 4.48, 4.14, 3.83, 3.84, 3.92, 3.42, 2.66, 2.3, 2.5, 3.1, 2.83, 2.48, 1.71, 1.87, 1.88, 2.57, 3.28, 3.42, 3.72, 3.22, 2.36, 2.08, 2.03, 2.43, 2.57, 2.24, 2.2, 2.34, 2.0, 1.2, 0, 2.35, 4.0, 4.2, 3.83, 4.0, 4.51, 5.73, 6.64, 6.39, 4.31, 3.78, 4.3, 3.08, 3.09, 3.55, 2.97, 2.77, 2.57, 2.58, 2.4, 2.73, 2.92, 2.89, 2.38, 1.6, 3.13, 3.3, 2.47, 2.08, 2.24, 2.11, 1.76, 1.78, 1.66, 1.5, 1.34, 1.35, 2.18], [15.386, 15.143, 14.466, 14.33, 13.27, 12.65, 11.54, 10.43, 10.12, 9.69, 9.34, 8.37, 7.85, 7.63, 7.06, 7.59, 7.57, 5.83, 4.85, 4.44, 4.59, 4.87, 4.37, 2.99, 2.25, 1.59, 1.79, 1.82, 1.65, 1.52, 1.58, 1.67, 1.82, 1.53, 1.47, 1.85, 1.47, 1.51, 1.49, 2.62, 3.3, 3.04, 2.85, 3.11, 3.15, 1.19, 1.97, 2.35, 0, 2.15, 2.37, 2.42, 2.29, 2.64, 3.7, 4.65, 4.42, 2.94, 2.33, 2.37, 1.59, 1.88, 2.54, 2.34, 2.44, 1.92, 1.55, 1.33, 1.52, 1.95, 1.54, 1.51, 2.19, 1.4, 1.43, 1.3, 1.37, 1.55, 1.98, 2.63, 2.29, 2.03, 2.01, 2.41, 2.82, 4.17], [17.066, 16.801, 16.13, 16.02, 14.96, 14.34, 13.23, 12.12, 11.81, 11.38, 11.03, 10.06, 9.54, 9.32, 8.75, 9.28, 9.26, 7.52, 6.5, 6.01, 6.2, 6.5, 6.02, 4.54, 3.72, 2.46, 1.8, 2.21, 2.42, 3.01, 3.13, 3.12, 3.11, 1.98, 1.56, 1.5, 1.54, 2.68, 2.84, 4.25, 4.99, 4.67, 4.46, 4.72, 4.76, 2.54, 3.78, 4.0, 2.15, 0, 0.82, 0.79, 0.66, 1.01, 2.23, 3.16, 2.91, 1.23, 1.14, 1.18, 1.38, 2.41, 3.03, 3.81, 4.01, 3.33, 1.9, 1.96, 2.35, 2.62, 2.01, 2.94, 3.66, 1.95, 1.68, 2.05, 2.6, 2.84, 3.53, 4.16, 3.64, 3.4, 3.6, 4.1, 4.39, 5.7], [16.799, 16.548, 15.871, 15.74, 14.68, 14.06, 12.95, 11.84, 11.53, 11.1, 10.75, 9.78, 9.26, 9.04, 8.47, 9.0, 8.98, 7.24, 6.22, 5.73, 5.92, 6.22, 5.74, 4.26, 3.44, 2.44, 1.94, 2.15, 2.54, 3.25, 3.41, 3.38, 3.43, 2.26, 1.8, 1.82, 1.66, 2.7, 2.92, 4.07, 4.75, 4.53, 4.3, 4.5, 4.56, 2.42, 3.98, 4.2, 2.37, 0.82, 0, 0.79, 0.88, 1.17, 2.35, 3.34, 3.07, 1.31, 1.32, 1.68, 1.56, 2.21, 2.75, 3.59, 3.81, 3.17, 2.08, 2.2, 2.37, 2.56, 2.29, 3.26, 4.0, 2.25, 2.02, 2.39, 2.8, 2.84, 3.41, 3.96, 3.42, 3.48, 3.74, 4.14, 4.43, 5.58], [16.68, 16.431, 15.761, 15.63, 14.57, 13.95, 12.84, 11.73, 11.42, 10.99, 10.64, 9.67, 9.15, 8.93, 8.36, 8.89, 8.87, 7.13, 6.11, 5.66, 5.81, 6.11, 5.63, 4.15, 3.33, 2.23, 1.83, 2.06, 2.37, 3.0, 3.3, 3.13, 3.38, 2.31, 1.83, 1.83, 1.79, 2.51, 2.63, 3.94, 4.64, 4.34, 4.15, 4.33, 4.39, 2.27, 3.89, 3.83, 2.42, 0.79, 0.79, 0, 0.81, 1.24, 2.54, 3.51, 3.22, 1.1, 1.21, 1.65, 1.53, 2.04, 2.64, 3.44, 3.6, 2.98, 1.71, 1.89, 2.16, 2.43, 2.02, 3.23, 3.61, 2.2, 2.03, 2.18, 2.61, 2.63, 3.2, 3.85, 3.37, 3.23, 3.47, 3.97, 4.18, 5.39], [17.099, 16.839, 16.162, 16.04, 14.98, 14.36, 13.25, 12.14, 11.83, 11.4, 11.05, 10.08, 9.56, 9.34, 8.77, 9.3, 9.28, 7.54, 6.52, 6.07, 6.24, 6.54, 6.06, 4.56, 3.74, 2.48, 1.84, 2.21, 2.54, 3.03, 3.21, 3.16, 3.19, 1.96, 1.42, 1.46, 1.5, 2.6, 2.86, 4.27, 5.03, 4.69, 4.4, 4.74, 4.76, 2.54, 3.78, 4.0, 2.29, 0.66, 0.88, 0.81, 0, 0.87, 2.15, 3.0, 2.77, 1.09, 1.06, 1.2, 1.44, 2.43, 3.05, 3.83, 4.03, 3.33, 2.04, 2.02, 2.37, 2.82, 2.29, 3.06, 3.72, 2.01, 1.74, 2.13, 2.74, 2.98, 3.59, 4.28, 3.78, 3.52, 3.74, 4.2, 4.49, 5.84], [17.726, 17.477, 16.801, 16.67, 15.61, 14.99, 13.88, 12.77, 12.46, 12.03, 11.68, 10.71, 10.19, 9.97, 9.4, 9.93, 9.91, 8.17, 7.15, 6.7, 6.87, 7.17, 6.69, 5.19, 4.37, 2.99, 2.23, 2.62, 2.81, 3.32, 3.46, 3.43, 3.44, 2.27, 1.65, 1.63, 1.81, 3.11, 3.41, 4.9, 5.62, 5.32, 5.01, 5.37, 5.41, 3.17, 4.19, 4.51, 2.64, 1.01, 1.17, 1.24, 0.87, 0, 1.46, 2.35, 2.14, 1.32, 1.39, 1.21, 1.91, 3.02, 3.66, 4.46, 4.62, 3.94, 2.51, 2.51, 2.84, 3.39, 2.72, 3.33, 4.11, 2.3, 2.05, 2.66, 3.11, 3.53, 4.22, 4.89, 4.37, 4.01, 4.15, 4.67, 5.06, 6.47], [18.838, 18.609, 17.932, 17.77, 16.71, 16.09, 14.98, 13.87, 13.56, 13.13, 12.8, 11.81, 11.29, 11.07, 10.5, 11.03, 11.01, 9.27, 8.25, 7.76, 7.95, 8.25, 7.77, 6.29, 5.49, 4.07, 3.15, 3.62, 3.75, 4.54, 4.52, 4.43, 3.78, 3.11, 2.67, 2.21, 2.67, 4.49, 4.71, 6.1, 6.8, 6.44, 6.11, 6.51, 6.61, 4.35, 4.91, 5.73, 3.7, 2.23, 2.35, 2.54, 2.15, 1.46, 0, 1.13, 1.1, 2.24, 2.57, 1.71, 3.07, 4.1, 4.74, 5.62, 5.86, 5.12, 3.75, 3.77, 4.1, 4.61, 3.74, 4.47, 5.35, 2.94, 2.89, 3.84, 4.03, 4.75, 5.48, 6.15, 5.59, 5.15, 5.29, 5.87, 6.28, 7.69], [19.856, 19.639, 18.962, 18.78, 17.72, 17.1, 15.99, 14.88, 14.57, 14.14, 13.83, 12.82, 12.3, 12.08, 11.51, 12.04, 12.02, 10.28, 9.26, 8.73, 8.96, 9.26, 8.78, 7.32, 6.52, 5.1, 4.14, 4.57, 4.72, 5.33, 5.33, 5.16, 4.35, 3.8, 3.48, 3.02, 3.64, 5.32, 5.68, 7.17, 7.83, 7.41, 7.12, 7.56, 7.64, 5.36, 5.9, 6.64, 4.65, 3.16, 3.34, 3.51, 3.0, 2.35, 1.13, 0, 0.91, 3.11, 3.46, 2.7, 4.06, 5.11, 5.75, 6.59, 6.83, 6.13, 4.66, 4.68, 5.01, 5.62, 4.65, 5.16, 6.12, 3.73, 3.66, 4.61, 5.04, 5.82, 6.53, 7.22, 6.64, 6.22, 6.36, 6.92, 7.29, 8.76], [19.669, 19.43, 18.755, 18.59, 17.53, 16.91, 15.82, 14.69, 14.38, 13.95, 13.6, 12.63, 12.11, 11.89, 11.34, 11.85, 11.83, 10.09, 9.07, 8.56, 8.77, 9.07, 8.59, 7.11, 6.29, 4.89, 3.95, 4.4, 4.55, 5.14, 5.02, 4.89, 3.96, 3.61, 3.25, 2.79, 3.49, 5.05, 5.43, 6.9, 7.54, 7.22, 6.93, 7.37, 7.41, 5.13, 5.71, 6.39, 4.42, 2.91, 3.07, 3.22, 2.77, 2.14, 1.1, 0.91, 0, 2.82, 3.13, 2.41, 3.81, 4.92, 5.54, 6.34, 6.54, 5.94, 4.47, 4.43, 4.72, 5.29, 4.36, 4.87, 5.83, 3.42, 3.45, 4.38, 4.79, 5.55, 6.26, 6.95, 6.37, 5.97, 6.11, 6.67, 7.06, 8.51], [17.028, 16.769, 16.101, 15.95, 14.89, 14.27, 13.16, 12.05, 11.74, 11.31, 10.96, 9.99, 9.47, 9.25, 8.68, 9.21, 9.19, 7.45, 6.47, 6.04, 6.21, 6.51, 6.03, 4.53, 3.67, 2.39, 2.03, 2.2, 2.51, 3.34, 3.74, 3.51, 3.6, 2.67, 2.17, 2.07, 1.99, 2.69, 2.83, 4.22, 4.9, 4.58, 4.31, 4.71, 4.79, 2.89, 4.21, 4.31, 2.94, 1.23, 1.31, 1.1, 1.09, 1.32, 2.24, 3.11, 2.82, 0, 1.05, 1.57, 1.79, 2.34, 2.9, 3.7, 3.92, 3.26, 2.11, 2.25, 2.4, 2.61, 2.46, 3.51, 3.99, 2.48, 2.35, 2.64, 3.13, 3.03, 3.58, 4.21, 3.71, 3.65, 3.97, 4.41, 4.6, 5.79], [16.76, 16.5, 15.831, 15.68, 14.62, 14.0, 12.89, 11.78, 11.47, 11.04, 10.69, 9.72, 9.2, 8.98, 8.41, 8.94, 8.92, 7.18, 6.22, 5.79, 5.96, 6.26, 5.78, 4.28, 3.42, 2.08, 1.46, 1.73, 2.06, 2.71, 2.95, 2.82, 2.87, 1.86, 1.6, 1.52, 1.38, 2.26, 2.52, 3.87, 4.65, 4.33, 4.04, 4.4, 4.46, 2.32, 3.6, 3.78, 2.33, 1.14, 1.32, 1.21, 1.06, 1.39, 2.57, 3.46, 3.13, 1.05, 0, 1.28, 1.44, 2.21, 2.75, 3.45, 3.67, 3.13, 1.96, 1.68, 2.01, 2.46, 2.13, 2.68, 3.38, 1.69, 1.74, 1.97, 2.5, 2.62, 3.33, 3.94, 3.3, 3.1, 3.34, 3.84, 4.17, 5.5], [17.444, 17.2, 16.531, 16.38, 15.32, 14.7, 13.59, 12.48, 12.17, 11.74, 11.39, 10.42, 9.9, 9.68, 9.11, 9.64, 9.62, 7.88, 6.92, 6.51, 6.68, 6.98, 6.48, 4.98, 4.12, 2.72, 2.08, 2.49, 2.64, 3.25, 3.37, 3.3, 3.07, 2.14, 1.48, 1.22, 1.42, 3.0, 3.16, 4.57, 5.35, 5.05, 4.74, 5.1, 5.14, 2.94, 3.66, 4.3, 2.37, 1.18, 1.68, 1.65, 1.2, 1.21, 1.71, 2.7, 2.41, 1.57, 1.28, 0, 1.64, 2.73, 3.41, 4.15, 4.39, 3.79, 2.42, 2.26, 2.65, 3.12, 2.31, 3.28, 4.0, 1.97, 1.76, 2.39, 2.72, 3.28, 4.01, 4.62, 4.0, 3.6, 3.74, 4.36, 4.77, 6.16], [15.86, 15.64, 14.965, 14.78, 13.72, 13.1, 12.03, 10.9, 10.59, 10.14, 9.79, 8.82, 8.3, 8.08, 7.55, 8.04, 8.02, 6.32, 5.44, 5.05, 5.2, 5.46, 4.98, 3.44, 2.58, 1.5, 1.42, 1.61, 1.68, 2.41, 2.63, 2.54, 2.63, 1.72, 1.5, 1.54, 1.12, 1.96, 2.02, 3.23, 3.87, 3.49, 3.2, 3.62, 3.68, 1.58, 2.86, 3.08, 1.59, 1.38, 1.56, 1.53, 1.44, 1.91, 3.07, 4.06, 3.81, 1.79, 1.44, 1.64, 0, 1.17, 2.01, 2.69, 2.91, 2.37, 1.2, 1.34, 1.69, 2.04, 1.73, 2.52, 3.18, 1.59, 1.62, 1.85, 2.1, 2.22, 2.75, 3.3, 2.8, 2.6, 2.72, 3.2, 3.49, 4.78], [14.81, 14.63, 13.987, 13.67, 12.63, 11.99, 10.98, 9.85, 9.5, 9.07, 8.76, 7.73, 7.21, 6.97, 6.5, 6.95, 6.91, 5.25, 4.37, 3.98, 4.13, 4.39, 3.91, 2.41, 1.61, 1.25, 1.77, 1.74, 1.73, 2.42, 2.8, 2.61, 2.84, 2.29, 2.29, 2.39, 1.93, 1.69, 1.71, 2.48, 2.94, 2.62, 2.39, 2.79, 2.95, 1.37, 2.95, 3.09, 1.88, 2.41, 2.21, 2.04, 2.43, 3.02, 4.1, 5.11, 4.92, 2.34, 2.21, 2.73, 1.17, 0, 1.14, 1.74, 2.04, 1.76, 1.15, 1.49, 1.42, 1.47, 1.84, 2.69, 3.13, 2.16, 2.35, 2.22, 2.37, 1.87, 2.16, 2.71, 2.23, 2.33, 2.47, 3.01, 3.16, 4.07], [14.15, 13.97, 13.324, 13.05, 11.99, 11.37, 10.32, 9.21, 8.88, 8.43, 8.12, 7.13, 6.63, 6.35, 5.84, 6.33, 6.29, 4.59, 3.63, 3.22, 3.37, 3.67, 3.19, 1.81, 1.55, 1.83, 2.43, 2.36, 2.33, 2.9, 3.28, 2.93, 3.28, 2.89, 2.99, 2.99, 2.47, 2.13, 1.85, 2.52, 2.6, 2.38, 2.29, 2.65, 2.75, 1.85, 3.53, 3.55, 2.54, 3.03, 2.75, 2.64, 3.05, 3.66, 4.74, 5.75, 5.54, 2.9, 2.75, 3.41, 2.01, 1.14, 0, 1.24, 1.64, 1.74, 1.57, 1.83, 1.88, 1.63, 2.26, 3.11, 3.43, 2.82, 2.97, 2.78, 2.89, 2.07, 2.12, 2.59, 2.65, 2.65, 2.93, 3.49, 3.54, 4.01], [13.39, 13.15, 12.504, 12.25, 11.21, 10.57, 9.52, 8.37, 8.08, 7.61, 7.28, 6.29, 5.77, 5.55, 5.06, 5.51, 5.49, 3.83, 2.91, 2.52, 2.67, 2.91, 2.47, 1.51, 1.43, 2.09, 2.97, 2.72, 2.55, 2.58, 2.9, 2.69, 3.28, 3.37, 3.37, 3.59, 3.07, 2.05, 1.67, 1.66, 1.7, 1.38, 1.45, 1.73, 1.77, 1.65, 3.17, 2.97, 2.34, 3.81, 3.59, 3.44, 3.83, 4.46, 5.62, 6.59, 6.34, 3.7, 3.45, 4.15, 2.69, 1.74, 1.24, 0, 0.62, 0.98, 2.09, 2.23, 2.14, 1.69, 2.68, 2.63, 2.71, 3.2, 3.29, 2.74, 2.83, 2.03, 1.72, 2.07, 2.49, 2.55, 2.43, 2.77, 2.8, 3.09], [13.13, 12.91, 12.244, 12.05, 10.99, 10.37, 9.3, 8.15, 7.84, 7.41, 7.06, 6.13, 5.57, 5.37, 4.82, 5.31, 5.31, 3.63, 2.75, 2.38, 2.53, 2.75, 2.29, 1.41, 1.49, 2.31, 3.19, 2.88, 2.69, 2.52, 2.82, 2.63, 3.34, 3.55, 3.59, 3.83, 3.29, 2.13, 1.77, 1.44, 1.6, 1.18, 1.37, 1.43, 1.59, 1.79, 3.09, 2.77, 2.44, 4.01, 3.81, 3.6, 4.03, 4.62, 5.86, 6.83, 6.54, 3.92, 3.67, 4.39, 2.91, 2.04, 1.64, 0.62, 0, 1.04, 2.33, 2.43, 2.32, 1.87, 2.9, 2.55, 2.55, 3.36, 3.49, 2.74, 2.71, 2.07, 1.56, 1.85, 2.39, 2.43, 2.37, 2.63, 2.68, 2.93], [13.812, 13.569, 12.892, 12.75, 11.69, 11.07, 9.96, 8.85, 8.54, 8.11, 7.76, 6.79, 6.27, 6.05, 5.48, 6.01, 5.99, 4.29, 3.39, 3.0, 3.15, 3.39, 2.93, 2.05, 1.81, 1.93, 2.75, 2.34, 2.19, 2.2, 2.52, 2.29, 2.88, 2.89, 2.93, 3.23, 2.71, 1.71, 1.27, 1.22, 1.82, 1.5, 1.55, 1.61, 1.63, 1.47, 2.91, 2.57, 1.92, 3.33, 3.17, 2.98, 3.33, 3.94, 5.12, 6.13, 5.94, 3.26, 3.13, 3.79, 2.37, 1.76, 1.74, 0.98, 1.04, 0, 1.57, 1.77, 1.68, 1.33, 2.18, 2.21, 2.25, 2.78, 2.81, 2.38, 2.51, 1.77, 1.54, 1.85, 2.25, 2.25, 2.17, 2.47, 2.44, 2.83], [15.365, 15.11, 14.433, 14.3, 13.24, 12.62, 11.51, 10.4, 10.09, 9.66, 9.31, 8.34, 7.82, 7.6, 7.03, 7.56, 7.54, 5.8, 4.82, 4.43, 4.58, 4.88, 4.38, 2.9, 2.1, 1.46, 1.94, 1.75, 1.52, 1.77, 2.19, 1.82, 2.21, 1.84, 1.98, 2.12, 1.8, 1.52, 1.34, 2.63, 3.31, 2.93, 2.76, 3.02, 3.08, 1.32, 2.82, 2.58, 1.55, 1.9, 2.08, 1.71, 2.04, 2.51, 3.75, 4.66, 4.47, 2.11, 1.96, 2.42, 1.2, 1.15, 1.57, 2.09, 2.33, 1.57, 0, 0.96, 0.99, 1.24, 1.13, 2.08, 2.46, 1.85, 1.9, 1.73, 2.02, 1.58, 2.05, 2.62, 2.26, 2.1, 2.28, 2.84, 2.89, 4.16], [15.527, 15.267, 14.59, 14.48, 13.42, 12.8, 11.69, 10.58, 10.27, 9.84, 9.49, 8.52, 8.0, 7.78, 7.21, 7.74, 7.72, 5.98, 4.98, 4.59, 4.74, 5.02, 4.52, 3.02, 2.24, 1.42, 1.68, 1.57, 1.3, 1.45, 1.77, 1.7, 1.91, 1.5, 1.66, 1.96, 1.44, 1.22, 1.14, 2.65, 3.43, 3.11, 2.82, 3.18, 3.22, 1.1, 2.52, 2.4, 1.33, 1.96, 2.2, 1.89, 2.02, 2.51, 3.77, 4.68, 4.43, 2.25, 1.68, 2.26, 1.34, 1.49, 1.83, 2.23, 2.43, 1.77, 0.96, 0, 0.81, 1.3, 1.19, 1.62, 2.1, 1.37, 1.54, 1.23, 1.48, 1.46, 1.91, 2.54, 2.02, 1.76, 2.02, 2.52, 2.79, 4.14], [15.401, 15.151, 14.474, 14.37, 13.31, 12.69, 11.58, 10.47, 10.16, 9.73, 9.38, 8.41, 7.89, 7.67, 7.1, 7.63, 7.61, 5.87, 4.87, 4.46, 4.61, 4.89, 4.39, 2.91, 2.17, 1.65, 2.15, 1.62, 1.49, 1.54, 1.96, 1.81, 2.18, 1.91, 2.09, 2.41, 2.03, 1.17, 1.11, 2.54, 3.32, 3.0, 2.71, 3.09, 3.09, 1.39, 2.83, 2.73, 1.52, 2.35, 2.37, 2.16, 2.37, 2.84, 4.1, 5.01, 4.72, 2.4, 2.01, 2.65, 1.69, 1.42, 1.88, 2.14, 2.32, 1.68, 0.99, 0.81, 0, 0.89, 0.98, 1.69, 2.11, 1.66, 1.91, 1.66, 1.79, 1.47, 1.68, 2.31, 1.79, 2.01, 2.19, 2.69, 2.88, 4.03], [14.878, 14.614, 13.941, 13.84, 12.78, 12.16, 11.05, 9.94, 9.63, 9.2, 8.85, 7.88, 7.36, 7.14, 6.57, 7.1, 7.08, 5.34, 4.32, 3.89, 4.06, 4.36, 3.86, 2.44, 1.98, 1.76, 2.4, 1.95, 1.78, 2.11, 2.41, 2.14, 2.69, 2.42, 2.5, 2.82, 2.28, 1.5, 1.24, 2.11, 2.79, 2.49, 2.26, 2.56, 2.58, 1.52, 3.16, 2.92, 1.95, 2.62, 2.56, 2.43, 2.82, 3.39, 4.61, 5.62, 5.29, 2.61, 2.46, 3.12, 2.04, 1.47, 1.63, 1.69, 1.87, 1.33, 1.24, 1.3, 0.89, 0, 1.23, 2.06, 2.32, 2.21, 2.34, 2.09, 2.2, 1.56, 1.59, 1.84, 1.84, 2.1, 2.32, 2.8, 2.85, 3.6], [15.934, 15.658, 14.998, 14.91, 13.85, 13.23, 12.12, 11.01, 10.7, 10.27, 9.92, 8.95, 8.43, 8.21, 7.64, 8.17, 8.15, 6.41, 5.39, 4.92, 5.09, 5.39, 4.91, 3.45, 2.75, 1.89, 2.01, 2.06, 1.75, 1.92, 2.04, 1.87, 2.18, 1.71, 1.93, 2.07, 1.79, 1.87, 1.63, 3.08, 3.86, 3.6, 3.35, 3.63, 3.63, 1.67, 2.77, 2.89, 1.54, 2.01, 2.29, 2.02, 2.29, 2.72, 3.74, 4.65, 4.36, 2.46, 2.13, 2.31, 1.73, 1.84, 2.26, 2.68, 2.9, 2.18, 1.13, 1.19, 0.98, 1.23, 0, 1.89, 2.39, 1.54, 1.67, 1.68, 1.79, 1.79, 2.24, 2.83, 2.41, 2.17, 2.35, 2.89, 3.16, 4.57], [15.373, 15.097, 14.436, 14.32, 13.26, 12.64, 11.53, 10.42, 10.11, 9.68, 9.33, 8.36, 7.84, 7.62, 7.05, 7.58, 7.56, 5.82, 4.8, 4.35, 4.56, 4.84, 4.36, 3.1, 2.6, 2.34, 2.6, 2.23, 1.68, 1.05, 1.05, 1.24, 1.61, 1.64, 2.28, 2.76, 2.38, 1.66, 1.74, 2.53, 3.27, 2.97, 2.7, 3.02, 3.06, 1.74, 2.24, 2.38, 1.51, 2.94, 3.26, 3.23, 3.06, 3.33, 4.47, 5.16, 4.87, 3.51, 2.68, 3.28, 2.52, 2.69, 3.11, 2.63, 2.55, 2.21, 2.08, 1.62, 1.69, 2.06, 1.89, 0, 1.24, 1.69, 1.98, 1.53, 1.6, 1.98, 2.03, 2.54, 2.34, 2.12, 1.98, 2.3, 2.65, 4.06], [14.326, 14.048, 13.389, 13.28, 12.22, 11.6, 10.49, 9.38, 9.07, 8.64, 8.29, 7.32, 6.8, 6.58, 6.01, 6.54, 6.52, 4.88, 4.12, 3.71, 3.76, 3.98, 3.52, 2.64, 2.36, 2.4, 3.02, 2.41, 1.88, 1.15, 1.21, 1.34, 1.99, 2.5, 3.02, 3.6, 3.16, 1.82, 1.76, 1.87, 2.41, 2.47, 2.06, 2.22, 2.4, 2.12, 1.8, 1.6, 2.19, 3.66, 4.0, 3.61, 3.72, 4.11, 5.35, 6.12, 5.83, 3.99, 3.38, 4.0, 3.18, 3.13, 3.43, 2.71, 2.55, 2.25, 2.46, 2.1, 2.11, 2.32, 2.39, 1.24, 0, 2.53, 2.82, 2.05, 1.72, 1.9, 1.81, 1.86, 1.86, 1.56, 1.72, 1.62, 1.73, 2.96], [16.414, 16.189, 15.512, 15.37, 14.31, 13.69, 12.58, 11.47, 11.16, 10.73, 10.38, 9.41, 8.89, 8.67, 8.1, 8.63, 8.61, 6.87, 5.85, 5.34, 5.55, 5.85, 5.37, 3.89, 3.07, 1.77, 1.63, 1.54, 1.37, 1.86, 1.82, 1.79, 1.46, 0.85, 1.31, 1.55, 1.29, 1.87, 2.15, 3.6, 4.32, 4.0, 3.75, 4.09, 4.17, 1.85, 2.65, 3.13, 1.4, 1.95, 2.25, 2.2, 2.01, 2.3, 2.94, 3.73, 3.42, 2.48, 1.69, 1.97, 1.59, 2.16, 2.82, 3.2, 3.36, 2.78, 1.85, 1.37, 1.66, 2.21, 1.54, 1.69, 2.53, 0, 0.89, 1.28, 1.53, 2.19, 2.86, 3.57, 2.99, 2.63, 2.77, 3.37, 3.76, 5.15], [16.587, 16.358, 15.682, 15.54, 14.48, 13.86, 12.75, 11.64, 11.33, 10.9, 10.55, 9.58, 9.06, 8.84, 8.27, 8.8, 8.78, 7.04, 6.02, 5.49, 5.72, 6.02, 5.54, 4.06, 3.24, 1.96, 1.58, 1.77, 1.64, 2.09, 2.07, 2.14, 1.83, 1.0, 1.08, 1.22, 1.04, 2.02, 2.26, 3.75, 4.49, 4.17, 3.92, 4.24, 4.28, 2.02, 2.84, 3.3, 1.43, 1.68, 2.02, 2.03, 1.74, 2.05, 2.89, 3.66, 3.45, 2.35, 1.74, 1.76, 1.62, 2.35, 2.97, 3.29, 3.49, 2.81, 1.9, 1.54, 1.91, 2.34, 1.67, 1.98, 2.82, 0.89, 0, 1.05, 1.62, 2.34, 3.03, 3.72, 3.16, 2.78, 2.92, 3.52, 3.91, 5.3], [15.677, 15.416, 14.74, 14.63, 13.57, 12.95, 11.84, 10.73, 10.42, 9.99, 9.64, 8.67, 8.15, 7.93, 7.36, 7.89, 7.87, 6.13, 5.11, 4.62, 4.85, 5.11, 4.63, 3.15, 2.47, 1.61, 1.63, 1.6, 1.37, 1.32, 1.62, 1.71, 1.7, 1.35, 1.51, 1.79, 1.43, 1.49, 1.69, 2.8, 3.58, 3.28, 3.13, 3.33, 3.41, 1.49, 2.25, 2.47, 1.3, 2.05, 2.39, 2.18, 2.13, 2.66, 3.84, 4.61, 4.38, 2.64, 1.97, 2.39, 1.85, 2.22, 2.78, 2.74, 2.74, 2.38, 1.73, 1.23, 1.66, 2.09, 1.68, 1.53, 2.05, 1.28, 1.05, 0, 0.99, 1.47, 2.06, 2.71, 2.15, 1.85, 2.13, 2.61, 2.94, 4.31], [15.184, 14.924, 14.247, 14.14, 13.08, 12.46, 11.35, 10.24, 9.93, 9.5, 9.15, 8.18, 7.66, 7.44, 6.87, 7.4, 7.38, 5.66, 4.7, 4.25, 4.46, 4.62, 4.2, 2.74, 2.14, 1.68, 1.8, 1.69, 1.32, 1.15, 1.35, 1.48, 1.63, 1.72, 2.16, 2.36, 1.82, 1.42