[[0, 1.08, 1.51, 2.31, 2.55, 3.12, 2.98, 2.95, 2.88, 2.74, 2.48, 1.96, 1.93, 2.01, 2.36, 2.75, 2.89, 2.78, 3.23, 3.69, 3.86, 3.74, 3.61, 3.83, 4.56, 5.274, 4.966, 3.612, 3.449, 3.959, 4.069, 3.449, 3.119, 3.17, 3.42, 3.2, 2.83, 3.02, 2.94, 3.04, 3.5, 4.07, 4.38, 4.23, 3.46, 2.88, 2.31, 2.13, 2.65, 2.24, 3.28, 2.6, 2.47, 3.21, 4.01, 3.96, 3.28, 2.17, 1.78, 1.41, 1.67, 2.22, 2.39, 2.52, 2.52, 2.24, 2.05, 2.28, 1.98, 1.93, 1.47, 1.68, 2.39, 2.67, 2.56, 2.68, 2.34, 2.14, 2.96, 3.41, 4.15, 4.51, 3.36, 3.28, 3.8, 3.56], [1.08, 0, 1.19, 2.07, 2.45, 3.16, 3.1, 3.09, 3.14, 3.04, 2.52, 1.94, 1.85, 1.73, 1.98, 2.43, 2.75, 2.52, 3.01, 3.45, 3.8, 3.74, 3.59, 3.53, 4.18, 4.811, 4.584, 3.21, 3.115, 3.642, 3.729, 3.598, 2.96, 2.65, 2.82, 2.66, 2.43, 2.78, 2.64, 2.6, 3.0, 3.55, 3.84, 3.79, 3.1, 2.52, 2.11, 1.85, 2.41, 2.18, 3.08, 2.28, 1.79, 2.59, 3.65, 3.8, 2.8, 1.75, 1.3, 1.53, 1.95, 2.48, 2.71, 2.88, 2.86, 2.5, 2.29, 2.48, 2.12, 1.97, 1.83, 2.04, 2.67, 2.97, 2.9, 3.02, 2.68, 2.4, 3.26, 3.75, 4.47, 4.87, 3.64, 3.6, 4.1, 3.84], [1.51, 1.19, 0, 1.18, 1.86, 2.53, 2.49, 2.64, 2.79, 2.71, 2.03, 1.77, 1.66, 1.94, 2.49, 2.66, 3.06, 3.35, 3.74, 4.38, 4.695, 4.595, 4.488, 4.401, 4.851, 5.466, 5.082, 3.599, 3.359, 4.027, 4.537, 4.325, 3.464, 3.333, 3.29, 2.99, 3.111, 3.69, 3.39, 3.17, 3.51, 4.12, 4.35, 4.0, 3.23, 2.61, 2.0, 1.14, 1.7, 1.53, 2.31, 1.95, 2.04, 3.16, 4.42, 4.65, 3.49, 1.98, 1.51, 2.08, 2.7, 3.27, 3.46, 3.69, 3.73, 3.29, 3.12, 3.37, 2.99, 2.52, 2.28, 2.75, 3.58, 3.88, 3.73, 3.85, 3.47, 3.23, 4.07, 4.62, 5.36, 5.78, 4.47, 4.33, 4.85, 4.57], [2.31, 2.07, 1.18, 0, 1.22, 1.67, 1.81, 2.2, 2.43, 2.53, 1.65, 1.79, 2.22, 2.52, 3.21, 3.44, 3.86, 4.204, 4.631, 5.291, 5.626, 5.503, 5.407, 5.299, 5.769, 6.352, 5.725, 4.305, 4.165, 4.832, 5.339, 5.093, 4.301, 4.219, 4.169, 3.737, 3.979, 4.589, 4.289, 4.07, 4.19, 4.72, 4.97, 4.68, 3.99, 3.09, 2.54, 1.16, 1.26, 1.21, 1.49, 1.83, 2.66, 3.9, 5.3, 5.53, 4.29, 2.82, 2.43, 3.14, 3.74, 4.33, 4.52, 4.69, 4.71, 4.33, 4.16, 4.39, 4.01, 3.16, 3.18, 3.71, 4.54, 4.84, 4.71, 4.83, 4.43, 4.21, 5.03, 5.54, 6.28, 6.68, 5.41, 5.27, 5.81, 5.53], [2.55, 2.45, 1.86, 1.22, 0, 1.05, 1.27, 1.6, 1.89, 1.97, 1.55, 2.27, 2.62, 2.8, 3.49, 3.6, 4.12, 4.47, 4.82, 5.54, 5.761, 5.601, 5.573, 5.533, 5.945, 6.489, 5.982, 4.496, 4.282, 4.992, 5.465, 5.254, 4.444, 4.435, 4.485, 4.04, 4.193, 4.831, 4.43, 4.19, 4.45, 5.0, 5.25, 4.82, 4.11, 3.45, 2.6, 1.62, 1.32, 1.61, 1.93, 2.41, 3.16, 4.46, 5.74, 5.95, 4.71, 3.4, 2.87, 3.52, 4.1, 4.57, 4.76, 4.91, 4.95, 4.59, 4.36, 4.59, 4.13, 3.28, 3.46, 3.85, 4.68, 4.98, 4.89, 5.01, 4.67, 4.45, 5.29, 5.78, 6.38, 6.84, 5.69, 5.67, 6.15, 5.89], [3.12, 3.16, 2.53, 1.67, 1.05, 0, 1.0, 1.43, 1.56, 1.72, 1.5, 2.2, 2.63, 2.81, 3.46, 3.53, 4.148, 4.48, 4.77, 5.53, 5.715, 5.528, 5.517, 5.46, 5.858, 6.421, 5.769, 4.423, 4.269, 4.899, 5.409, 5.226, 4.416, 4.325, 4.478, 4.1, 4.37, 5.04, 4.62, 4.48, 4.68, 5.21, 5.42, 4.97, 4.38, 3.7, 3.03, 2.21, 1.77, 1.78, 2.02, 2.74, 3.73, 4.49, 5.81, 5.96, 5.02, 3.93, 3.5, 4.21, 4.63, 4.98, 5.15, 5.24, 5.26, 5.0, 4.81, 4.98, 4.54, 3.69, 3.85, 4.24, 5.09, 5.35, 5.28, 5.42, 5.02, 4.86, 5.78, 6.17, 6.67, 6.95, 6.12, 6.14, 6.6, 6.34], [2.98, 3.1, 2.49, 1.81, 1.27, 1.0, 0, 0.65, 0.98, 1.16, 1.12, 1.68, 2.07, 2.23, 2.82, 2.93, 3.45, 3.78, 4.07, 4.81, 5.031, 4.871, 4.823, 4.743, 5.215, 5.759, 5.192, 3.81, 3.69, 4.262, 4.749, 4.529, 3.752, 3.69, 3.84, 3.5, 3.83, 4.48, 4.06, 4.04, 4.3, 4.85, 5.0, 4.55, 4.12, 3.52, 2.83, 2.27, 2.03, 2.04, 2.52, 2.74, 3.33, 3.85, 5.09, 5.3, 4.52, 3.65, 3.42, 3.95, 4.31, 4.62, 4.89, 4.98, 4.98, 4.72, 4.49, 4.7, 4.24, 3.27, 3.51, 4.02, 4.83, 5.07, 5.04, 5.16, 4.78, 4.54, 5.4, 5.73, 6.25, 6.57, 5.74, 5.86, 6.26, 6.02], [2.95, 3.09, 2.64, 2.2, 1.6, 1.43, 0.65, 0, 0.67, 0.89, 1.15, 1.73, 2.06, 2.22, 2.47, 2.52, 3.02, 3.29, 3.54, 4.3, 4.501, 4.321, 4.295, 4.238, 4.728, 5.343, 4.822, 3.52, 3.26, 3.872, 4.262, 4.039, 3.31, 3.24, 3.49, 3.29, 3.48, 4.07, 3.69, 3.71, 4.11, 4.68, 4.79, 4.34, 3.93, 3.51, 2.88, 2.52, 2.2, 2.33, 2.91, 3.05, 3.34, 3.58, 4.66, 4.97, 4.29, 3.66, 3.45, 3.86, 4.16, 4.45, 4.62, 4.87, 4.75, 4.51, 4.24, 4.41, 3.97, 3.1, 3.4, 4.01, 4.8, 4.94, 4.93, 4.99, 4.59, 4.33, 5.09, 5.42, 5.9, 6.3, 5.71, 5.81, 6.11, 5.87], [2.88, 3.14, 2.79, 2.43, 1.89, 1.56, 0.98, 0.67, 0, 0.76, 1.32, 1.88, 2.25, 2.35, 2.42, 2.35, 2.87, 3.16, 3.35, 4.09, 4.228, 4.108, 4.05, 4.134, 4.584, 5.233, 4.729, 3.55, 3.15, 3.74, 4.209, 3.846, 3.04, 3.23, 3.5, 3.36, 3.43, 3.9, 3.66, 3.74, 4.16, 4.79, 4.86, 4.39, 3.96, 3.64, 3.03, 2.67, 2.39, 2.4, 3.04, 3.18, 3.47, 3.67, 4.63, 4.92, 4.44, 3.77, 3.4, 3.77, 4.09, 4.36, 4.55, 4.76, 4.64, 4.42, 4.11, 4.32, 3.9, 3.11, 3.29, 3.9, 4.67, 4.83, 4.82, 4.9, 4.46, 4.24, 4.98, 5.29, 5.77, 6.19, 5.66, 5.74, 6.02, 5.82], [2.74, 3.04, 2.71, 2.53, 1.97, 1.72, 1.16, 0.89, 0.76, 0, 1.2, 1.78, 1.99, 2.33, 2.28, 2.41, 2.85, 3.16, 3.47, 4.19, 4.353, 4.293, 4.226, 4.277, 4.81, 5.556, 5.152, 3.85, 3.41, 3.982, 4.415, 3.912, 3.26, 3.45, 3.5, 3.54, 3.59, 3.98, 3.74, 3.92, 4.34, 5.01, 5.08, 4.69, 4.2, 3.88, 3.13, 2.71, 2.35, 2.38, 3.04, 3.24, 3.61, 3.67, 4.69, 4.94, 4.36, 3.73, 3.34, 3.59, 3.93, 4.22, 4.47, 4.7, 4.58, 4.36, 4.07, 4.26, 3.84, 2.95, 3.11, 3.72, 4.43, 4.63, 4.64, 4.7, 4.3, 4.02, 4.74, 5.13, 5.61, 6.07, 5.54, 5.62, 5.84, 5.64], [2.48, 2.52, 2.03, 1.65, 1.55, 1.5, 1.12, 1.15, 1.32, 1.2, 0, 1.1, 1.71, 2.03, 2.48, 2.69, 3.07, 3.42, 3.829, 4.509, 4.816, 4.685, 4.598, 4.53, 5.059, 5.719, 5.395, 3.912, 3.65, 4.245, 4.666, 4.3, 3.573, 3.49, 3.54, 3.42, 3.53, 4.04, 3.8, 3.88, 4.24, 4.87, 4.92, 4.61, 4.16, 3.64, 2.73, 1.99, 1.59, 1.84, 2.4, 2.68, 3.07, 3.41, 4.59, 4.78, 3.88, 3.01, 2.84, 3.35, 3.77, 4.2, 4.51, 4.64, 4.56, 4.38, 4.13, 4.32, 3.86, 2.79, 3.09, 3.7, 4.43, 4.65, 4.66, 4.76, 4.36, 3.98, 4.76, 5.07, 5.81, 6.09, 5.3, 5.36, 5.66, 5.42], [1.96, 1.94, 1.77, 1.79, 2.27, 2.2, 1.68, 1.73, 1.88, 1.78, 1.1, 0, 0.95, 1.35, 1.92, 2.27, 2.65, 2.74, 3.17, 3.83, 4.159, 4.019, 3.932, 3.795, 4.44, 5.062, 4.718, 3.25, 3.07, 3.631, 3.961, 3.658, 2.928, 2.77, 2.92, 2.78, 2.83, 3.4, 3.16, 3.18, 3.6, 4.23, 4.28, 4.09, 3.62, 3.04, 2.59, 1.93, 2.13, 1.86, 2.72, 2.5, 2.29, 2.75, 3.97, 4.14, 3.16, 2.47, 2.36, 2.85, 3.19, 3.62, 3.91, 4.08, 3.9, 3.7, 3.43, 3.62, 3.16, 2.35, 2.53, 3.16, 3.85, 4.05, 4.08, 4.16, 3.74, 3.36, 4.18, 4.49, 5.17, 5.51, 4.82, 4.86, 5.12, 4.9], [1.93, 1.85, 1.66, 2.22, 2.62, 2.63, 2.07, 2.06, 2.25, 1.99, 1.71, 0.95, 0, 1.18, 1.69, 2.08, 2.62, 2.67, 3.0, 3.68, 3.943, 3.763, 3.656, 3.459, 3.969, 4.769, 4.482, 3.0, 2.74, 3.392, 3.705, 3.562, 2.849, 2.56, 2.53, 2.45, 2.66, 3.17, 2.81, 2.91, 3.15, 3.8, 3.85, 3.64, 3.23, 2.69, 2.32, 2.2, 2.5, 2.07, 2.95, 2.25, 1.96, 2.6, 3.82, 3.93, 2.95, 2.32, 2.35, 2.68, 3.06, 3.37, 3.68, 3.83, 3.67, 3.37, 3.14, 3.39, 2.91, 2.3, 2.3, 2.83, 3.56, 3.78, 3.79, 3.87, 3.47, 3.21, 4.01, 4.4, 4.9, 5.28, 4.63, 4.71, 4.93, 4.69], [2.01, 1.73, 1.94, 2.52, 2.8, 2.81, 2.23, 2.22, 2.35, 2.33, 2.03, 1.35, 1.18, 0, 1.05, 1.52, 2.04, 2.03, 2.42, 3.06, 3.315, 3.155, 3.048, 2.911, 3.65, 4.155, 3.831, 2.36, 2.36, 2.841, 3.116, 2.933, 2.23, 1.96, 2.21, 2.07, 2.02, 2.65, 2.37, 2.23, 2.61, 3.22, 3.27, 3.18, 2.79, 2.31, 1.88, 2.48, 2.98, 2.45, 3.49, 2.23, 1.76, 2.22, 3.32, 3.49, 2.61, 1.96, 2.05, 2.38, 2.66, 2.95, 3.24, 3.39, 3.25, 2.95, 2.72, 2.95, 2.49, 1.78, 1.88, 2.37, 3.14, 3.4, 3.41, 3.51, 3.09, 2.83, 3.59, 3.92, 4.46, 4.82, 4.13, 4.21, 4.51, 4.27], [2.36, 1.98, 2.49, 3.21, 3.49, 3.46, 2.82, 2.47, 2.42, 2.28, 2.48, 1.92, 1.69, 1.05, 0, 0.77, 1.37, 1.34, 1.75, 2.39, 2.636, 2.476, 2.429, 2.37, 3.06, 3.705, 3.398, 2.03, 1.83, 2.282, 2.535, 2.295, 1.66, 1.61, 1.8, 1.76, 1.59, 2.08, 1.82, 1.92, 2.42, 3.03, 3.08, 2.89, 2.52, 2.18, 2.23, 3.25, 3.63, 3.2, 4.26, 2.94, 1.65, 1.77, 2.73, 2.9, 2.3, 1.69, 2.08, 2.37, 2.39, 2.4, 2.61, 2.82, 2.7, 2.6, 2.43, 2.48, 1.96, 1.35, 1.71, 2.32, 2.71, 2.81, 2.84, 2.92, 2.64, 2.42, 2.96, 3.27, 3.73, 4.17, 3.76, 3.86, 4.0, 3.76], [2.75, 2.43, 2.66, 3.44, 3.6, 3.53, 2.93, 2.52, 2.35, 2.41, 2.69, 2.27, 2.08, 1.52, 0.77, 0, 1.16, 1.31, 1.64, 2.34, 2.49, 2.41, 2.4, 2.38, 2.87, 3.503, 3.022, 1.92, 1.54, 1.898, 2.451, 2.3, 1.73, 1.6, 1.59, 1.59, 1.44, 1.89, 1.69, 1.77, 2.21, 2.88, 2.93, 2.5, 2.11, 2.07, 2.34, 3.42, 3.82, 3.41, 4.47, 3.15, 1.86, 1.76, 2.74, 2.95, 2.37, 1.78, 2.11, 2.58, 2.48, 2.33, 2.54, 2.77, 2.69, 2.59, 2.5, 2.53, 1.99, 1.54, 2.04, 2.63, 2.7, 2.74, 2.79, 2.89, 2.61, 2.49, 3.01, 3.12, 3.62, 4.08, 3.77, 3.89, 3.95, 3.79], [2.89, 2.75, 3.06, 3.86, 4.12, 4.148, 3.45, 3.02, 2.87, 2.85, 3.07, 2.65, 2.62, 2.04, 1.37, 1.16, 0, 1.03, 1.34, 1.92, 2.09, 1.99, 1.94, 2.06, 2.55, 3.31, 2.86, 1.94, 1.6, 1.71, 2.06, 1.8, 1.75, 1.7, 1.73, 1.75, 1.54, 1.63, 1.57, 1.87, 2.39, 3.04, 3.07, 2.62, 2.25, 2.51, 2.82, 3.82, 4.38, 4.01, 4.984, 3.573, 2.26, 1.54, 2.44, 2.71, 2.21, 2.24, 2.53, 2.66, 2.46, 2.49, 2.68, 2.87, 2.71, 2.79, 2.62, 2.49, 2.01, 1.72, 2.32, 2.91, 3.0, 3.06, 3.11, 3.21, 2.99, 2.73, 2.95, 2.82, 3.54, 4.02, 3.83, 4.01, 4.09, 3.95], [2.78, 2.52, 3.35, 4.204, 4.47, 4.48, 3.78, 3.29, 3.16, 3.16, 3.42, 2.74, 2.67, 2.03, 1.34, 1.31, 1.03, 0, 0.81, 1.47, 1.54, 1.64, 1.71, 1.73, 2.28, 2.888, 2.524, 1.59, 1.31, 1.52, 1.73, 1.41, 1.3, 1.33, 1.56, 1.6, 1.09, 1.32, 1.46, 1.7, 2.14, 2.73, 2.76, 2.57, 2.42, 2.6, 3.05, 4.07, 4.69, 4.237, 5.346, 3.949, 2.25, 1.43, 1.95, 2.22, 2.04, 2.29, 2.66, 2.63, 2.45, 2.36, 2.53, 2.72, 2.42, 2.5, 2.35, 2.28, 1.72, 1.83, 2.33, 2.9, 2.93, 3.01, 3.08, 3.18, 2.96, 2.68, 2.96, 2.79, 3.35, 3.93, 3.84, 4.06, 4.06, 3.86], [3.23, 3.01, 3.74, 4.631, 4.82, 4.77, 4.07, 3.54, 3.35, 3.47, 3.829, 3.17, 3.0, 2.42, 1.75, 1.64, 1.34, 0.81, 0, 1.02, 1.15, 1.33, 1.48, 1.62, 1.87, 2.281, 1.92, 1.22, 1.06, 1.13, 1.28, 1.28, 1.31, 1.44, 1.73, 1.81, 1.34, 1.41, 1.37, 1.63, 2.01, 2.48, 2.53, 2.36, 2.33, 2.67, 3.2, 4.42, 5.123, 4.684, 5.786, 4.363, 2.66, 1.62, 1.88, 2.15, 2.17, 2.68, 3.21, 3.24, 3.0, 2.73, 2.84, 3.11, 2.77, 2.85, 2.82, 2.63, 1.99, 2.26, 2.74, 3.33, 3.4, 3.42, 3.53, 3.57, 3.41, 3.21, 3.61, 3.12, 3.44, 4.06, 4.37, 4.55, 4.55, 4.43], [3.69, 3.45, 4.38, 5.291, 5.54, 5.53, 4.81, 4.3, 4.09, 4.19, 4.509, 3.83, 3.68, 3.06, 2.39, 2.34, 1.92, 1.47, 1.02, 0, 0.81, 1.41, 1.34, 1.28, 1.53, 1.63, 1.62, 1.76, 1.64, 1.31, 1.22, 1.72, 1.91, 1.64, 1.79, 1.95, 1.7, 1.59, 1.59, 1.73, 2.09, 2.28, 2.31, 2.34, 2.53, 3.29, 3.9, 5.08, 5.756, 5.292, 6.406, 5.023, 3.231, 1.76, 1.6, 1.79, 1.97, 3.06, 3.71, 3.66, 3.24, 2.89, 3.0, 3.27, 2.99, 2.99, 3.04, 2.87, 2.49, 2.9, 3.54, 3.95, 3.64, 3.66, 3.77, 3.77, 3.61, 3.49, 3.75, 3.22, 3.38, 3.94, 4.49, 4.63, 4.63, 4.49], [3.86, 3.8, 4.695, 5.626, 5.761, 5.715, 5.031, 4.501, 4.228, 4.353, 4.816, 4.159, 3.943, 3.315, 2.636, 2.49, 2.09, 1.54, 1.15, 0.81, 0, 0.92, 0.87, 1.19, 1.42, 1.74, 1.59, 1.73, 1.67, 1.4, 1.17, 1.23, 1.66, 1.67, 2.06, 2.34, 1.91, 1.78, 1.74, 1.92, 2.38, 2.73, 2.72, 2.61, 2.56, 3.28, 4.01, 5.424, 6.089, 5.645, 6.756, 5.367, 3.561, 2.21, 2.23, 2.42, 2.54, 3.429, 4.011, 3.61, 3.21, 2.86, 2.81, 3.1, 2.84, 2.76, 2.81, 2.68, 2.32, 3.11, 3.41, 3.72, 3.51, 3.53, 3.58, 3.54, 3.46, 3.42, 3.76, 3.15, 3.43, 4.01, 4.44, 4.62, 4.62, 4.46], [3.74, 3.74, 4.595, 5.503, 5.601, 5.528, 4.871, 4.321, 4.108, 4.293, 4.685, 4.019, 3.763, 3.155, 2.476, 2.41, 1.99, 1.64, 1.33, 1.41, 0.92, 0, 0.69, 1.25, 1.6, 2.12, 2.01, 1.77, 1.83, 1.68, 1.35, 1.11, 1.58, 1.63, 2.14, 2.46, 2.03, 2.04, 2.02, 2.24, 2.78, 3.27, 3.22, 2.95, 2.7, 3.0, 3.81, 5.284, 5.949, 5.505, 6.616, 5.227, 3.444, 2.41, 2.75, 2.9, 2.96, 3.41, 3.9, 3.57, 3.29, 2.92, 3.01, 3.28, 2.94, 2.86, 2.91, 2.66, 2.2, 2.87, 3.15, 3.6, 3.63, 3.59, 3.66, 3.7, 3.6, 3.4, 3.82, 3.43, 3.93, 4.45, 4.62, 4.8, 4.8, 4.66], [3.61, 3.59, 4.488, 5.407, 5.573, 5.517, 4.823, 4.295, 4.05, 4.226, 4.598, 3.932, 3.656, 3.048, 2.429, 2.4, 1.94, 1.71, 1.48, 1.34, 0.87, 0.69, 0, 0.94, 1.47, 2.07, 2.18, 1.94, 1.94, 1.85, 1.56, 1.38, 1.71, 1.48, 1.97, 2.35, 1.98, 2.03, 1.93, 2.19, 2.75, 3.24, 3.21, 3.06, 2.81, 3.17, 3.76, 5.197, 5.862, 5.418, 6.529, 5.14, 3.377, 2.4, 2.7, 2.85, 2.87, 3.26, 3.83, 3.54, 3.2, 2.97, 3.06, 3.29, 2.95, 2.83, 2.78, 2.61, 2.21, 2.86, 3.26, 3.63, 3.6, 3.62, 3.61, 3.69, 3.53, 3.39, 3.75, 3.48, 4.0, 4.5, 4.55, 4.77, 4.81, 4.59], [3.83, 3.53, 4.401, 5.299, 5.533, 5.46, 4.743, 4.238, 4.134, 4.277, 4.53, 3.795, 3.459, 2.911, 2.37, 2.38, 2.06, 1.73, 1.62, 1.28, 1.19, 1.25, 0.94, 0, 1.03, 1.67, 1.88, 2.0, 2.06, 1.89, 1.56, 1.76, 1.89, 1.28, 1.35, 1.81, 1.64, 1.81, 1.85, 2.03, 2.29, 2.76, 2.77, 2.7, 2.67, 3.19, 3.72, 5.11, 5.725, 5.301, 6.355, 4.963, 3.16, 1.96, 2.16, 2.47, 2.25, 3.005, 3.874, 3.78, 3.32, 2.79, 2.88, 3.07, 2.83, 2.85, 2.98, 2.79, 2.57, 2.86, 3.58, 4.03, 3.72, 3.52, 3.53, 3.57, 3.45, 3.57, 3.63, 3.36, 3.9, 4.4, 4.29, 4.53, 4.53, 4.31], [4.56, 4.18, 4.851, 5.769, 5.945, 5.858, 5.215, 4.728, 4.584, 4.81, 5.059, 4.44, 3.969, 3.65, 3.06, 2.87, 2.55, 2.28, 1.87, 1.53, 1.42, 1.6, 1.47, 1.03, 0, 1.22, 1.63, 2.07, 2.05, 1.88, 1.79, 2.27, 2.42, 1.85, 1.66, 2.14, 2.19, 2.0, 2.12, 2.26, 2.26, 2.59, 2.58, 2.37, 2.64, 3.4, 4.09, 5.548, 6.175, 5.824, 6.785, 5.396, 3.71, 2.31, 2.09, 2.34, 2.34, 3.57, 4.42, 4.55, 3.99, 3.36, 3.33, 3.42, 3.24, 3.44, 3.67, 3.42, 3.24, 3.61, 4.35, 4.74, 4.45, 4.05, 4.06, 4.06, 4.04, 4.3, 4.06, 3.45, 3.79, 4.37, 4.62, 4.8, 4.78, 4.62], [5.274, 4.811, 5.466, 6.352, 6.489, 6.421, 5.759, 5.343, 5.233, 5.556, 5.719, 5.062, 4.769, 4.155, 3.705, 3.503, 3.31, 2.888, 2.281, 1.63, 1.74, 2.12, 2.07, 1.67, 1.22, 0, 1.19, 2.19, 2.37, 1.92, 1.73, 2.77, 2.86, 2.39, 2.4, 2.729, 2.59, 2.46, 2.54, 2.5, 2.34, 2.05, 1.92, 2.11, 2.88, 3.878, 4.669, 6.14, 6.838, 6.433, 7.387, 5.979, 4.253, 2.778, 1.91, 2.12, 2.52, 4.072, 5.042, 5.224, 4.746, 4.059, 3.889, 4.08, 4.06, 4.12, 4.344, 4.1, 3.871, 4.335, 4.998, 5.394, 5.146, 4.849, 4.796, 4.679, 4.776, 4.994, 4.86, 4.13, 3.67, 4.37, 5.24, 5.44, 5.4, 5.3], [4.966, 4.584, 5.082, 5.725, 5.982, 5.769, 5.192, 4.822, 4.729, 5.152, 5.395, 4.718, 4.482, 3.831, 3.398, 3.022, 2.86, 2.524, 1.92, 1.62, 1.59, 2.01, 2.18, 1.88, 1.63, 1.19, 0, 1.64, 1.92, 1.37, 1.34, 2.34, 2.37, 2.14, 2.25, 2.33, 2.3, 2.21, 2.19, 2.11, 2.05, 2.14, 2.07, 1.9, 2.17, 3.157, 4.202, 5.659, 6.471, 5.886, 6.84, 5.478, 3.928, 2.554, 2.22, 2.41, 2.61, 3.814, 4.658, 4.814, 4.345, 3.761, 3.631, 3.87, 3.738, 3.755, 3.988, 3.69, 3.524, 4.031, 4.574, 4.966, 4.699, 4.548, 4.444, 4.367, 4.415, 4.598, 4.741, 3.994, 3.96, 4.64, 5.23, 5.407, 5.39, 5.29], [3.612, 3.21, 3.599, 4.305, 4.496, 4.423, 3.81, 3.52, 3.55, 3.85, 3.912, 3.25, 3.0, 2.36, 2.03, 1.92, 1.94, 1.59, 1.22, 1.76, 1.73, 1.77, 1.94, 2.0, 2.07, 2.19, 1.64, 0, 0.74, 0.95, 1.28, 1.52, 1.37, 1.28, 1.67, 1.55, 1.54, 1.93, 1.57, 1.39, 1.69, 2.08, 1.95, 1.72, 1.77, 1.99, 2.74, 4.196, 4.979, 4.503, 5.361, 3.969, 2.494, 1.88, 2.38, 2.61, 2.33, 2.66, 3.484, 3.714, 3.574, 3.31, 3.38, 3.63, 3.31, 3.17, 3.24, 3.01, 2.43, 2.654, 3.214, 3.755, 3.96, 3.98, 4.027, 4.07, 3.93, 3.73, 4.184, 3.68, 3.94, 4.6, 4.95, 5.15, 5.15, 4.97], [3.449, 3.115, 3.359, 4.165, 4.282, 4.269, 3.69, 3.26, 3.15, 3.41, 3.65, 3.07, 2.74, 2.36, 1.83, 1.54, 1.6, 1.31, 1.06, 1.64, 1.67, 1.83, 1.94, 2.06, 2.05, 2.37, 1.92, 0.74, 0, 0.81, 1.4, 1.6, 1.35, 1.32, 1.63, 1.45, 1.34, 1.65, 1.33, 1.35, 1.69, 2.18, 2.13, 1.74, 1.63, 2.07, 2.665, 3.963, 4.631, 4.166, 5.246, 3.867, 2.46, 1.84, 2.32, 2.53, 2.25, 2.64, 3.144, 3.505, 3.317, 3.09, 3.14, 3.41, 3.05, 2.97, 3.017, 2.83, 2.21, 2.397, 3.034, 3.575, 3.78, 3.76, 3.83, 3.89, 3.73, 3.567, 3.907, 3.48, 3.7, 4.32, 4.75, 4.93, 4.93, 4.77], [3.959, 3.642, 4.027, 4.832, 4.992, 4.899, 4.262, 3.872, 3.74, 3.982, 4.245, 3.631, 3.392, 2.841, 2.282, 1.898, 1.71, 1.52, 1.13, 1.31, 1.4, 1.68, 1.85, 1.89, 1.88, 1.92, 1.37, 0.95, 0.81, 0, 0.87, 1.45, 1.44, 1.45, 1.72, 1.8, 1.57, 1.7, 1.42, 1.52, 1.88, 2.11, 2.04, 1.81, 1.84, 2.605, 3.328, 4.668, 5.361, 4.896, 5.948, 4.571, 2.992, 1.95, 2.11, 2.38, 2.26, 2.967, 3.568, 3.895, 3.635, 3.16, 3.19, 3.48, 3.177, 3.08, 3.207, 2.971, 2.545, 2.881, 3.464, 3.962, 3.93, 3.904, 3.937, 3.94, 3.82, 3.828, 4.134, 3.55, 3.65, 4.27, 4.84, 4.98, 5.0, 4.88], [4.069, 3.729, 4.537, 5.339, 5.465, 5.409, 4.749, 4.262, 4.209, 4.415, 4.666, 3.961, 3.705, 3.116, 2.535, 2.451, 2.06, 1.73, 1.28, 1.22, 1.17, 1.35, 1.56, 1.56, 1.79, 1.73, 1.34, 1.28, 1.4, 0.87, 0, 1.26, 1.55, 1.56, 1.99, 2.31, 1.8, 1.87, 1.63, 1.75, 2.19, 2.38, 2.39, 2.16, 2.19, 2.897, 3.678, 5.157, 5.871, 5.466, 6.412, 5.041, 3.326, 2.06, 2.1, 2.41, 2.31, 3.251, 3.992, 3.905, 3.631, 3.227, 3.18, 3.49, 3.227, 3.164, 3.271, 3.081, 2.621, 3.128, 3.571, 3.989, 3.911, 3.974, 3.967, 3.93, 3.867, 3.818, 4.204, 3.52, 3.54, 4.18, 4.85, 4.99, 5.01, 4.91], [3.449, 3.598, 4.325, 5.093, 5.254, 5.226, 4.529, 4.039, 3.846, 3.912, 4.3, 3.658, 3.562, 2.933, 2.295, 2.3, 1.8, 1.41, 1.28, 1.72, 1.23, 1.11, 1.38, 1.76, 2.27, 2.77, 2.34, 1.52, 1.6, 1.45, 1.26, 0, 0.95, 1.62, 2.13, 2.49, 1.98, 2.01, 2.03, 2.23, 2.79, 3.32, 3.27, 3.02, 2.81, 3.05, 3.515, 4.889, 5.573, 5.138, 6.203, 4.838, 3.303, 2.4, 2.82, 2.97, 3.03, 3.4, 3.849, 3.26, 3.04, 2.85, 2.84, 3.05, 2.75, 2.71, 2.74, 2.59, 2.07, 2.62, 2.68, 3.21, 3.34, 3.46, 3.47, 3.51, 3.33, 3.19, 3.61, 3.12, 3.66, 4.2, 4.37, 4.59, 4.57, 4.49], [3.119, 2.96, 3.464, 4.301, 4.444, 4.416, 3.752, 3.31, 3.04, 3.26, 3.573, 2.928, 2.849, 2.23, 1.66, 1.73, 1.75, 1.3, 1.31, 1.91, 1.66, 1.58, 1.71, 1.89, 2.42, 2.86, 2.37, 1.37, 1.35, 1.44, 1.55, 0.95, 0, 1.13, 1.78, 2.08, 1.69, 2.04, 1.88, 2.06, 2.7, 3.23, 3.14, 2.89, 2.6, 2.46, 2.825, 4.09, 4.783, 4.351, 5.405, 4.039, 2.67, 2.29, 2.95, 3.24, 2.92, 2.87, 3.18, 3.03, 3.03, 2.94, 2.95, 3.18, 2.84, 2.86, 2.77, 2.58, 2.12, 2.43, 2.47, 2.98, 3.45, 3.53, 3.54, 3.62, 3.42, 3.18, 3.64, 3.55, 4.11, 4.59, 4.48, 4.7, 4.7, 4.64], [3.17, 2.65, 3.333, 4.219, 4.435, 4.325, 3.69, 3.24, 3.23, 3.45, 3.49, 2.77, 2.56, 1.96, 1.61, 1.6, 1.7, 1.33, 1.44, 1.64, 1.67, 1.63, 1.48, 1.28, 1.85, 2.39, 2.14, 1.28, 1.32, 1.45, 1.56, 1.62, 1.13, 0, 1.05, 1.35, 1.28, 1.83, 1.57, 1.57, 2.07, 2.58, 2.55, 2.44, 2.21, 2.23, 2.68, 4.015, 4.665, 4.234, 5.237, 3.809, 2.2, 1.62, 2.42, 2.73, 2.21, 2.2, 2.93, 3.14, 2.94, 2.83, 2.9, 3.13, 2.75, 2.67, 2.58, 2.39, 2.09, 2.22, 2.92, 3.33, 3.44, 3.46, 3.47, 3.57, 3.33, 3.17, 3.53, 3.6, 4.1, 4.6, 4.37, 4.61, 4.63, 4.39], [3.42, 2.82, 3.29, 4.169, 4.485, 4.478, 3.84, 3.49, 3.5, 3.5, 3.54, 2.92, 2.53, 2.21, 1.8, 1.59, 1.73, 1.56, 1.73, 1.79, 2.06, 2.14, 1.97, 1.35, 1.66, 2.4, 2.25, 1.67, 1.63, 1.72, 1.99, 2.13, 1.78, 1.05, 0, 0.96, 1.21, 1.58, 1.48, 1.56, 1.76, 2.31, 2.24, 1.99, 1.94, 2.38, 2.83, 3.968, 4.635, 4.211, 5.185, 3.793, 2.19, 1.29, 2.03, 2.3, 1.64, 2.15, 2.92, 3.27, 2.95, 2.46, 2.59, 2.76, 2.58, 2.62, 2.63, 2.48, 2.32, 2.27, 3.11, 3.64, 3.37, 3.23, 3.16, 3.24, 3.16, 3.14, 3.26, 3.09, 3.73, 4.17, 3.84, 4.06, 4.06, 3.84], [3.2, 2.66, 2.99, 3.737, 4.04, 4.1, 3.5, 3.29, 3.36, 3.54, 3.42, 2.78, 2.45, 2.07, 1.76, 1.59, 1.75, 1.6, 1.81, 1.95, 2.34, 2.46, 2.35, 1.81, 2.14, 2.729, 2.33, 1.55, 1.45, 1.8, 2.31, 2.49, 2.08, 1.35, 0.96, 0, 0.91, 1.34, 1.28, 1.26, 1.34, 1.89, 1.92, 1.77, 1.7, 2.1, 2.63, 3.63, 4.29, 3.827, 4.705, 3.302, 1.83, 1.13, 2.13, 2.28, 1.52, 1.83, 2.78, 3.13, 2.75, 2.44, 2.59, 2.84, 2.54, 2.58, 2.57, 2.38, 2.2, 2.23, 2.99, 3.48, 3.23, 3.15, 3.16, 3.18, 3.08, 2.96, 3.18, 3.03, 3.67, 4.15, 3.88, 4.06, 4.18, 3.96], [2.83, 2.43, 3.111, 3.979, 4.193, 4.37, 3.83, 3.48, 3.43, 3.59, 3.53, 2.83, 2.66, 2.02, 1.59, 1.44, 1.54, 1.09, 1.34, 1.7, 1.91, 2.03, 1.98, 1.64, 2.19, 2.59, 2.3, 1.54, 1.34, 1.57, 1.8, 1.98, 1.69, 1.28, 1.21, 0.91, 0, 0.87, 0.89, 0.93, 1.29, 1.86, 1.95, 1.8, 1.61, 2.17, 2.62, 3.82, 4.525, 4.074, 5.115, 3.712, 1.98, 1.1, 1.96, 2.09, 1.57, 1.86, 2.59, 2.78, 2.5, 2.05, 2.14, 2.37, 2.17, 2.21, 2.22, 2.07, 1.71, 1.86, 2.48, 2.99, 2.82, 2.8, 2.79, 2.77, 2.71, 2.67, 2.97, 2.62, 3.14, 3.68, 3.49, 3.69, 3.75, 3.57], [3.02, 2.78, 3.69, 4.589, 4.831, 5.04, 4.48, 4.07, 3.9, 3.98, 4.04, 3.4, 3.17, 2.65, 2.08, 1.89, 1.63, 1.32, 1.41, 1.59, 1.78, 2.04, 2.03, 1.81, 2.0, 2.46, 2.21, 1.93, 1.65, 1.7, 1.87, 2.01, 2.04, 1.83, 1.58, 1.34, 0.87, 0, 0.88, 1.12, 1.32, 1.69, 1.72, 1.59, 1.74, 2.62, 3.23, 4.387, 5.095, 4.626, 5.685, 4.282, 2.519, 1.25, 1.49, 1.74, 1.34, 2.39, 3.0, 2.91, 2.55, 2.02, 2.11, 2.26, 2.18, 2.34, 2.35, 2.18, 1.78, 2.21, 2.75, 3.22, 2.87, 2.83, 2.8, 2.74, 2.76, 2.7, 2.88, 2.29, 2.63, 3.15, 3.32, 3.46, 3.46, 3.38], [2.94, 2.64, 3.39, 4.289, 4.43, 4.62, 4.06, 3.69, 3.66, 3.74, 3.8, 3.16, 2.81, 2.37, 1.82, 1.69, 1.57, 1.46, 1.37, 1.59, 1.74, 2.02, 1.93, 1.85, 2.12, 2.54, 2.19, 1.57, 1.33, 1.42, 1.63, 2.03, 1.88, 1.57, 1.48, 1.28, 0.89, 0.88, 0, 0.68, 1.08, 1.59, 1.68, 1.47, 1.24, 2.08, 2.75, 4.07, 4.715, 4.291, 5.345, 3.962, 2.27, 1.17, 1.95, 2.06, 1.34, 2.11, 2.76, 2.83, 2.51, 2.0, 2.07, 2.32, 2.06, 2.2, 2.21, 2.02, 1.58, 1.97, 2.55, 3.0, 2.79, 2.71, 2.72, 2.7, 2.64, 2.66, 2.96, 2.41, 2.71, 3.23, 3.52, 3.66, 3.68, 3.58], [3.04, 2.6, 3.17, 4.07, 4.19, 4.48, 4.04, 3.71, 3.74, 3.92, 3.88, 3.18, 2.91, 2.23, 1.92, 1.77, 1.87, 1.7, 1.63, 1.73, 1.92, 2.24, 2.19, 2.03, 2.26, 2.5, 2.11, 1.39, 1.35, 1.52, 1.75, 2.23, 2.06, 1.57, 1.56, 1.26, 0.93, 1.12, 0.68, 0, 0.82, 1.35, 1.44, 1.33, 0.94, 1.78, 2.45, 3.81, 4.59, 4.108, 5.082, 3.719, 2.05, 1.23, 2.13, 2.22, 1.34, 1.85, 2.66, 2.93, 2.67, 2.16, 2.21, 2.44, 2.18, 2.3, 2.33, 2.18, 1.66, 1.99, 2.65, 3.16, 2.99, 2.91, 2.88, 2.84, 2.74, 2.84, 3.1, 2.51, 2.81, 3.41, 3.66, 3.86, 3.84, 3.68], [3.5, 3.0, 3.51, 4.19, 4.45, 4.68, 4.3, 4.11, 4.16, 4.34, 4.24, 3.6, 3.15, 2.61, 2.42, 2.21, 2.39, 2.14, 2.01, 2.09, 2.38, 2.78, 2.75, 2.29, 2.26, 2.34, 2.05, 1.69, 1.69, 1.88, 2.19, 2.79, 2.7, 2.07, 1.76, 1.34, 1.29, 1.32, 1.08, 0.82, 0, 0.77, 1.04, 1.01, 1.18, 2.0, 2.83, 4.05, 4.79, 4.26, 5.182, 3.799, 2.35, 1.41, 1.95, 2.04, 1.22, 2.17, 3.18, 3.43, 3.03, 2.42, 2.41, 2.6, 2.46, 2.64, 2.75, 2.62, 2.22, 2.47, 3.17, 3.68, 3.39, 3.15, 3.14, 3.06, 3.08, 3.22, 3.36, 2.71, 2.77, 3.37, 3.76, 3.98, 3.92, 3.82], [4.07, 3.55, 4.12, 4.72, 5.0, 5.21, 4.85, 4.68, 4.79, 5.01, 4.87, 4.23, 3.8, 3.22, 3.03, 2.88, 3.04, 2.73, 2.48, 2.28, 2.73, 3.27, 3.24, 2.76, 2.59, 2.05, 2.14, 2.08, 2.18, 2.11, 2.38, 3.32, 3.23, 2.58, 2.31, 1.89, 1.86, 1.69, 1.59, 1.35, 0.77, 0, 0.51, 0.92, 1.67, 2.41, 3.38, 4.64, 5.4, 4.85, 5.652, 4.33, 2.88, 2.06, 1.66, 1.91, 1.47, 2.76, 3.77, 3.98, 3.56, 2.89, 2.8, 3.01, 2.97, 3.05, 3.26, 3.05, 2.75, 3.04, 3.74, 4.19, 3.9, 3.64, 3.55, 3.47, 3.55, 3.73, 3.77, 3.1, 2.56, 3.24, 4.05, 4.29, 4.19, 4.15], [4.38, 3.84, 4.35, 4.97, 5.25, 5.42, 5.0, 4.79, 4.86, 5.08, 4.92, 4.28, 3.85, 3.27, 3.08, 2.93, 3.07, 2.76, 2.53, 2.31, 2.72, 3.22, 3.21, 2.77, 2.58, 1.92, 2.07, 1.95, 2.13, 2.04, 2.39, 3.27, 3.14, 2.55, 2.24, 1.92, 1.95, 1.72, 1.68, 1.44, 1.04, 0.51, 0, 0.87, 1.8, 2.64, 3.53, 4.91, 5.61, 5.12, 5.882, 4.519, 3.01, 2.11, 1.65, 1.82, 1.62, 2.95, 4.0, 4.29, 3.91, 3.24, 3.15, 3.32, 3.3, 3.36, 3.51, 3.34, 3.0, 3.25, 4.03, 4.48, 4.25, 4.01, 3.92, 3.82, 3.92, 4.06, 4.1, 3.39, 2.75, 3.45, 4.34, 4.58, 4.48, 4.44], [4.23, 3.79, 4.0, 4.68, 4.82, 4.97, 4.55, 4.34, 4.39, 4.69, 4.61, 4.09, 3.64, 3.18, 2.89, 2.5, 2.62, 2.57, 2.36, 2.34, 2.61, 2.95, 3.06, 2.7, 2.37, 2.11, 1.9, 1.72, 1.74, 1.81, 2.16, 3.02, 2.89, 2.44, 1.99, 1.77, 1.8, 1.59, 1.47, 1.33, 1.01, 0.92, 0.87, 0, 1.15, 2.05, 3.06, 4.5, 5.32, 4.79, 5.612, 4.249, 2.94, 2.1, 2.02, 2.29, 1.63, 2.94, 3.69, 4.06, 3.72, 3.03, 2.92, 3.15, 3.13, 3.23, 3.36, 3.13, 2.81, 3.1, 3.74, 4.25, 4.02, 3.78, 3.71, 3.63, 3.71, 3.83, 3.89, 3.18, 2.82, 3.44, 4.17, 4.35, 4.29, 4.27], [3.46, 3.1, 3.23, 3.99, 4.11, 4.38, 4.12, 3.93, 3.96, 4.2, 4.16, 3.62, 3.23, 2.79, 2.52, 2.11, 2.25, 2.42, 2.33, 2.53, 2.56, 2.7, 2.81, 2.67, 2.64, 2.88, 2.17, 1.77, 1.63, 1.84, 2.19, 2.81, 2.6, 2.21, 1.94, 1.7, 1.61, 1.74, 1.24, 0.94, 1.18, 1.67, 1.8, 1.15, 0, 1.28, 2.19, 3.63, 4.39, 3.86, 4.862, 3.559, 2.33, 1.91, 2.81, 2.9, 1.84, 2.19, 2.82, 3.23, 2.95, 2.4, 2.39, 2.74, 2.48, 2.5, 2.65, 2.38, 2.02, 2.29, 2.89, 3.4, 3.31, 3.17, 3.06, 3.0, 2.94, 3.06, 3.36, 2.97, 3.29, 3.77, 3.86, 4.0, 4.04, 3.94], [2.88, 2.52, 2.61, 3.09, 3.45, 3.7, 3.52, 3.51, 3.64, 3.88, 3.64, 3.04, 2.69, 2.31, 2.18, 2.07, 2.51, 2.6, 2.67, 3.29, 3.28, 3.0, 3.17, 3.19, 3.4, 3.878, 3.157, 1.99, 2.07, 2.605, 2.897, 3.05, 2.46, 2.23, 2.38, 2.1, 2.17, 2.62, 2.08, 1.78, 2.0, 2.41, 2.64, 2.05, 1.28, 0, 1.37, 2.79, 3.63, 3.06, 3.88, 2.66, 1.73, 2.53, 3.85, 3.94, 2.74, 1.83, 2.16, 2.65, 2.67, 2.58, 2.65, 2.94, 2.6, 2.52, 2.59, 2.38, 1.82, 1.85, 2.21, 2.84, 3.21, 3.09, 3.02, 3.08, 2.9, 2.74, 3.52, 3.73, 4.29, 4.57, 3.96, 4.06, 4.1, 3.9], [2.31, 2.11, 2.0, 2.54, 2.6, 3.03, 2.83, 2.88, 3.03, 3.13, 2.73, 2.59, 2.32, 1.88, 2.23, 2.34, 2.82, 3.05, 3.2, 3.9, 4.01, 3.81, 3.76, 3.72, 4.09, 4.669, 4.202, 2.74, 2.665, 3.328, 3.678, 3.515, 2.825, 2.68, 2.83, 2.63, 2.62, 3.23, 2.75, 2.45, 2.83, 3.38, 3.53, 3.06, 2.19, 1.37, 0, 1.76, 2.5, 2.15, 3.09, 1.87, 1.86, 3.12, 4.44, 4.53, 3.35, 1.94, 1.81, 2.28, 2.56, 2.83, 3.04, 3.29, 3.11, 2.69, 2.68, 2.73, 2.35, 1.78, 1.88, 2.63, 3.24, 3.34, 3.19, 3.27, 2.99, 2.79, 3.85, 4.36, 4.92, 5.22, 3.97, 3.87, 4.33, 4.07], [2.13, 1.85, 1.14, 1.16, 1.62, 2.21, 2.27, 2.52, 2.67, 2.71, 1.99, 1.93, 2.2, 2.48, 3.25, 3.42, 3.82, 4.07, 4.42, 5.08, 5.424, 5.284, 5.197, 5.11, 5.548, 6.14, 5.659, 4.196, 3.963, 4.668, 5.157, 4.889, 4.09, 4.015, 3.968, 3.63, 3.82, 4.387, 4.07, 3.81, 4.05, 4.64, 4.91, 4.5, 3.63, 2.79, 1.76, 0, 1.06, 0.89, 1.59, 1.79, 2.58, 3.9, 5.26, 5.41, 4.17, 2.76, 1.91, 2.72, 3.4, 3.97, 4.26, 4.49, 4.33, 3.91, 3.8, 3.97, 3.59, 2.9, 2.94, 3.49, 4.28, 4.54, 4.39, 4.47, 4.07, 3.81, 4.83, 5.42, 6.14, 6.42, 4.99, 4.77, 5.35, 5.01], [2.65, 2.41, 1.7, 1.26, 1.32, 1.77, 2.03, 2.2, 2.39, 2.35, 1.59, 2.13, 2.5, 2.98, 3.63, 3.82, 4.38, 4.69, 5.123, 5.756, 6.089, 5.949, 5.862, 5.725, 6.175, 6.838, 6.471, 4.979, 4.631, 5.361, 5.871, 5.573, 4.783, 4.665, 4.635, 4.29, 4.525, 5.095, 4.715, 4.59, 4.79, 5.4, 5.61, 5.32, 4.39, 3.63, 2.5, 1.06, 0, 1.05, 1.17, 2.17, 3.16, 4.46, 5.82, 5.97, 4.73, 3.08, 2.43, 3.22, 4.0, 4.59, 4.86, 5.07, 5.01, 4.63, 4.44, 4.669, 4.29, 3.32, 3.4, 3.91, 4.7, 4.96, 4.81, 4.89, 4.49, 4.27, 5.17, 5.82, 6.566, 6.9, 5.51, 5.27, 5.81, 5.49], [2.24, 2.18, 1.53, 1.21, 1.61, 1.78, 2.04, 2.33, 2.4, 2.38, 1.84, 1.86, 2.07, 2.45, 3.2, 3.41, 4.01, 4.237, 4.684, 5.292, 5.645, 5.505, 5.418, 5.301, 5.824, 6.433, 5.886, 4.503, 4.166, 4.896, 5.466, 5.138, 4.351, 4.234, 4.211, 3.827, 4.074, 4.626, 4.291, 4.108, 4.26, 4.85, 5.12, 4.79, 3.86, 3.06, 2.15, 0.89, 1.05, 0, 1.16, 1.58, 2.67, 4.09, 5.39, 5.56, 4.34, 2.81, 2.22, 2.97, 3.67, 4.22, 4.43, 4.64, 4.56, 4.18, 4.01, 4.3, 3.88, 2.89, 3.01, 3.54, 4.37, 4.65, 4.5, 4.6, 4.22, 3.98, 4.98, 5.49, 6.17, 6.49, 5.3, 5.0, 5.6, 5.26], [3.28, 3.08, 2.31, 1.49, 1.93, 2.02, 2.52, 2.91, 3.04, 3.04, 2.4, 2.72, 2.95, 3.49, 4.26, 4.47, 4.984, 5.346, 5.786, 6.406, 6.756, 6.616, 6.529, 6.355, 6.785, 7.387, 6.84, 5.361, 5.246, 5.948, 6.412, 6.203, 5.405, 5.237, 5.185, 4.705, 5.115, 5.685, 5.345, 5.082, 5.182, 5.652, 5.882, 5.612, 4.862, 3.88, 3.09, 1.59, 1.17, 1.16, 0, 1.78, 3.33, 4.93, 6.43, 6.586, 5.26, 3.67, 3.1, 3.91, 4.67, 5.24, 5.51, 5.72, 5.66, 5.3, 5.13, 5.339, 4.98, 3.93, 4.03, 4.52, 5.33, 5.59, 5.46, 5.54, 5.16, 4.92, 5.8, 6.45, 7.23, 7.53, 6.22, 5.94, 6.5, 6.2], [2.6, 2.28, 1.95, 1.83, 2.41, 2.74, 2.74, 3.05, 3.18, 3.24, 2.68, 2.5, 2.25, 2.23, 2.94, 3.15, 3.573, 3.949, 4.363, 5.023, 5.367, 5.227, 5.14, 4.963, 5.396, 5.979, 5.478, 3.969, 3.867, 4.571, 5.041, 4.838, 4.039, 3.809, 3.793, 3.302, 3.712, 4.282, 3.962, 3.719, 3.799, 4.33, 4.519, 4.249, 3.559, 2.66, 1.87, 1.79, 2.17, 1.58, 1.78, 0, 1.83, 3.53, 5.05, 5.169, 3.88, 2.53, 2.3, 2.79, 3.27, 3.82, 4.13, 4.34, 4.36, 4.0, 3.85, 3.98, 3.56, 2.69, 2.75, 3.36, 4.09, 4.39, 4.26, 4.32, 3.92, 3.64, 4.62, 5.21, 5.95, 6.33, 4.92, 4.8, 5.3, 5.02], [2.47, 1.79, 2.04, 2.66, 3.16, 3.73, 3.33, 3.34, 3.47, 3.61, 3.07, 2.29, 1.96, 1.76, 1.65, 1.86, 2.26, 2.25, 2.66, 3.231, 3.561, 3.444, 3.377, 3.16, 3.71, 4.253, 3.928, 2.494, 2.46, 2.992, 3.326, 3.303, 2.67, 2.2, 2.19, 1.83, 1.98, 2.519, 2.27, 2.05, 2.35, 2.88, 3.01, 2.94, 2.33, 1.73, 1.86, 2.58, 3.16, 2.67, 3.33, 1.83, 0, 1.82, 3.26, 3.39, 2.21, 1.18, 1.83, 2.32, 2.32, 2.49, 2.68, 2.85, 2.75, 2.59, 2.56, 2.53, 1.99, 1.68, 2.14, 2.67, 2.9, 3.02, 3.01, 3.21, 2.93, 2.69, 3.37, 3.74, 4.42, 4.84, 3.83, 3.87, 4.11, 3.85], [3.21, 2.59, 3.16, 3.9, 4.46, 4.49, 3.85, 3.58, 3.67, 3.67, 3.41, 2.75, 2.6, 2.22, 1.77, 1.76, 1.54, 1.43, 1.62, 1.76, 2.21, 2.41, 2.4, 1.96, 2.31, 2.778, 2.554, 1.88, 1.84, 1.95, 2.06, 2.4, 2.29, 1.62, 1.29, 1.13, 1.1, 1.25, 1.17, 1.23, 1.41, 2.06, 2.11, 2.1, 1.91, 2.53, 3.12, 3.9, 4.46, 4.09, 4.93, 3.53, 1.82, 0, 1.6, 1.87, 1.07, 1.84, 2.79, 2.98, 2.78, 2.39, 2.48, 2.73, 2.55, 2.73, 2.74, 2.61, 2.15, 2.18, 2.92, 3.43, 3.14, 3.14, 3.19, 3.19, 3.05, 3.01, 3.15, 2.72, 3.32, 3.8, 3.83, 3.93, 3.93, 3.77], [4.01, 3.65, 4.42, 5.3, 5.74, 5.81, 5.09, 4.66, 4.63, 4.69, 4.59, 3.97, 3.82, 3.32, 2.73, 2.74, 2.44, 1.95, 1.88, 1.6, 2.23, 2.75, 2.7, 2.16, 2.09, 1.91, 2.22, 2.38, 2.32, 2.11, 2.1, 2.82, 2.95, 2.42, 2.03, 2.13, 1.96, 1.49, 1.95, 2.13, 1.95, 1.66, 1.65, 2.02, 2.81, 3.85, 4.44, 5.26, 5.82, 5.39, 6.43, 5.05, 3.26, 1.6, 0, 0.95, 1.29, 3.14, 4.01, 3.92, 3.44, 2.89, 2.9, 2.99, 3.05, 3.29, 3.44, 3.27, 2.99, 3.2, 3.94, 4.31, 3.9, 3.7, 3.69, 3.61, 3.65, 3.81, 3.53, 2.88, 2.6, 3.24, 3.89, 4.11, 3.97, 3.89], [3.96, 3.8, 4.65, 5.53, 5.95, 5.96, 5.3, 4.97, 4.92, 4.94, 4.78, 4.14, 3.93, 3.49, 2.9, 2.95, 2.71, 2.22, 2.15, 1.79, 2.42, 2.9, 2.85, 2.47, 2.34, 2.12, 2.41, 2.61, 2.53, 2.38, 2.41, 2.97, 3.24, 2.73, 2.3, 2.28, 2.09, 1.74, 2.06, 2.22, 2.04, 1.91, 1.82, 2.29, 2.9, 3.94, 4.53, 5.41, 5.97, 5.56, 6.586, 5.169, 3.39, 1.87, 0.95, 0, 1.5, 3.27, 4.16, 3.97, 3.17, 2.64, 2.63, 2.66, 2.64, 3.02, 3.19, 2.96, 2.82, 3.23, 3.85, 4.12, 3.65, 3.31, 3.4, 3.32, 3.44, 3.64, 3.24, 2.55, 2.37, 3.01, 3.72, 3.94, 3.84, 3.7], [3.28, 2.8, 3.49, 4.29, 4.71, 5.02, 4.52, 4.29, 4.44, 4.36, 3.88, 3.16, 2.95, 2.61, 2.3, 2.37, 2.21, 2.04, 2.17, 1.97, 2.54, 2.96, 2.87, 2.25, 2.34, 2.52, 2.61, 2.33, 2.25, 2.26, 2.31, 3.03, 2.92, 2.21, 1.64, 1.52, 1.57, 1.34, 1.34, 1.34, 1.22, 1.47, 1.62, 1.63, 1.84, 2.74, 3.35, 4.17, 4.73, 4.34, 5.26, 3.88, 2.21, 1.07, 1.29, 1.5, 0, 1.99, 3.04, 3.11, 2.73, 2.18, 2.17, 2.36, 2.32, 2.64, 2.75, 2.58, 2.18, 2.37, 3.15, 3.6, 3.23, 3.01, 3.0, 2.94, 2.96, 3.04, 2.9, 2.31, 2.63, 3.05, 3.42, 3.58, 3.54, 3.36], [2.17, 1.75, 1.98, 2.82, 3.4, 3.93, 3.65, 3.66, 3.77, 3.73, 3.01, 2.47, 2.32, 1.96, 1.69, 1.78, 2.24, 2.29, 2.68, 3.06, 3.429, 3.41, 3.26, 3.005, 3.57, 4.072, 3.814, 2.66, 2.64, 2.967, 3.251, 3.4, 2.87, 2.2, 2.15, 1.83, 1.86, 2.39, 2.11, 1.85, 2.17, 2.76, 2.95, 2.94, 2.19, 1.83, 1.94, 2.76, 3.08, 2.81, 3.67, 2.53, 1.18, 1.84, 3.14, 3.27, 1.99, 0, 1.49, 1.8, 1.84, 2.01, 2.14, 2.29, 2.29, 2.19, 2.18, 2.27, 1.79, 1.42, 1.88, 2.33, 2.22, 2.34, 2.21, 2.39, 2.17, 2.07, 2.73, 2.96, 3.72, 4.12, 3.19, 3.05, 3.33, 3.07], [1.78, 1.3, 1.51, 2.43, 2.87, 3.5, 3.42, 3.45, 3.4, 3.34, 2.84, 2.36, 2.35, 2.05, 2.08, 2.11, 2.53, 2.66, 3.21, 3.71, 4.011, 3.9, 3.83, 3.874, 4.42, 5.042, 4.658, 3.484, 3.144, 3.568, 3.992, 3.849, 3.18, 2.93, 2.92, 2.78, 2.59, 3.0, 2.76, 2.66, 3.18, 3.77, 4.0, 3.69, 2.82, 2.16, 1.81, 1.91, 2.43, 2.22, 3.1, 2.3, 1.83, 2.79, 4.01, 4.16, 3.04, 1.49, 0, 1.29, 1.85, 2.34, 2.61, 2.82, 2.84, 2.46, 2.33, 2.56, 2.24, 1.75, 1.67, 2.18, 2.55, 2.81, 2.66, 2.74, 2.38, 2.14, 3.1, 3.69, 4.41, 4.69, 3.38, 3.1, 3.66, 3.34], [1.41, 1.53, 2.08, 3.14, 3.52, 4.21, 3.95, 3.86, 3.77, 3.59, 3.35, 2.85, 2.68, 2.38, 2.37, 2.58, 2.66, 2.63, 3.24, 3.66, 3.61, 3.57, 3.54, 3.78, 4.55, 5.224, 4.814, 3.714, 3.505, 3.895, 3.905, 3.26, 3.03, 3.14, 3.27, 3.13, 2.78, 2.91, 2.83, 2.93, 3.43, 3.98, 4.29, 4.06, 3.23, 2.65, 2.28, 2.72, 3.22, 2.97, 3.91, 2.79, 2.32, 2.98, 3.92, 3.97, 3.11, 1.8, 1.29, 0, 1.0, 1.71, 1.86, 2.05, 2.07, 1.79, 1.58, 1.95, 1.63, 1.88, 1.04, 1.39, 1.82, 2.06, 1.93, 1.95, 1.59, 1.31, 2.25, 2.86, 3.62, 3.92, 2.61, 2.41, 2.89, 2.63], [1.67, 1.95, 2.7, 3.74, 4.1, 4.63, 4.31, 4.16, 4.09, 3.93, 3.77, 3.19, 3.06, 2.66, 2.39, 2.48, 2.46, 2.45, 3.0, 3.24, 3.21, 3.29, 3.2, 3.32, 3.99, 4.746, 4.345, 3.574, 3.317, 3.635, 3.631, 3.04, 3.03, 2.94, 2.95, 2.75, 2.5, 2.55, 2.51, 2.67, 3.03, 3.56, 3.91, 3.72, 2.95, 2.67, 2.56, 3.4, 4.0, 3.67, 4.67, 3.27, 2.32, 2.78, 3.44, 3.17, 2.73, 1.84, 1.85, 1.0, 0, 0.87, 1.06, 1.23, 1.27, 0.97, 0.94, 1.09, 1.25, 1.74, 1.24, 1.45, 1.3, 1.4, 1.27, 1.25, 1.05, 1.05, 1.55, 2.1, 2.82, 3.2, 2.03, 1.93, 2.33, 2.13], [2.22, 2.48, 3.27, 4.33, 4.57, 4.98, 4.62, 4.45, 4.36, 4.22, 4.2, 3.62, 3.37, 2.95, 2.4, 2.33, 2.49, 2.36, 2.73, 2.89, 2.86, 2.92, 2.97, 2.79, 3.36, 4.059, 3.761, 3.31, 3.09, 3.16, 3.227, 2.85, 2.94, 2.83, 2.46, 2.44, 2.05, 2.02, 2.0, 2.16, 2.42, 2.89, 3.24, 3.03, 2.4, 2.58, 2.83, 3.97, 4.59, 4.22, 5.24, 3.82, 2.49, 2.39, 2.89, 2.64, 2.18, 2.01, 2.34, 1.71, 0.87, 0, 0.55, 0.9, 0.88, 0.86, 1.01, 1.0, 1.14, 1.75, 1.51, 1.7, 1.31, 1.11, 1.08, 1.02, 1.08, 1.2, 1.54, 1.71, 2.33, 2.69, 1.82, 1.88, 2.0, 1.86], [2.39, 2.71, 3.46, 4.52, 4.76, 5.15, 4.89, 4.62, 4.55, 4.47, 4.51, 3.91, 3.68, 3.24, 2.61, 2.54, 2.68, 2.53, 2.84, 3.0, 2.81, 3.01, 3.06, 2.88, 3.33, 3.889, 3.631, 3.38, 3.14, 3.19, 3.18, 2.84, 2.95, 2.9, 2.59, 2.59, 2.14, 2.11, 2.07, 2.21, 2.41, 2.8, 3.15, 2.92, 2.39, 2.65, 3.04, 4.26, 4.86, 4.43, 5.51, 4.13, 2.68, 2.48, 2.9, 2.63, 2.17, 2.14, 2.61, 1.86, 1.06, 0.55, 0, 0.57, 0.81, 0.91, 0.96, 1.09, 1.19, 1.98, 1.72, 1.71, 1.5, 1.2, 1.03, 0.99, 0.97, 1.37, 1.63, 1.66, 2.1, 2.48, 1.87, 1.85, 2.03, 1.93], [2.52, 2.88, 3.69, 4.69, 4.91, 5.24, 4.98, 4.87, 4.76, 4.7, 4.64, 4.08, 3.83, 3.39, 2.82, 2.77, 2.87, 2.72, 3.11, 3.27, 3.1, 3.28, 3.29, 3.07, 3.42, 4.08, 3.87, 3.63, 3.41, 3.48, 3.49, 3.05, 3.18, 3.13, 2.76, 2.84, 2.37, 2.26, 2.32, 2.44, 2.6, 3.01, 3.32, 3.15, 2.74, 2.94, 3.29, 4.49, 5.07, 4.64, 5.72, 4.34, 2.85, 2.73, 2.99, 2.66, 2.36, 2.29, 2.82, 2.05, 1.23, 0.9, 0.57, 0, 0.62, 1.06, 1.15, 1.2, 1.46, 2.21, 1.99, 1.84, 1.37, 1.07, 1.0, 0.92, 1.16, 1.64, 1.48, 1.41, 1.89, 2.21, 1.56, 1.6, 1.76, 1.68], [2.52, 2.86, 3.73, 4.71, 4.95, 5.26, 4.98, 4.75, 4.64, 4.58, 4.56, 3.9, 3.67, 3.25, 2.7, 2.69, 2.71, 2.42, 2.77, 2.99, 2.84, 2.94, 2.95, 2.83, 3.24, 4.06, 3.738, 3.31, 3.05, 3.177, 3.227, 2.75, 2.84, 2.75, 2.58, 2.54, 2.17, 2.18, 2.06, 2.18, 2.46, 2.97, 3.3, 3.13, 2.48, 2.6, 3.11, 4.33, 5.01, 4.56, 5.66, 4.36, 2.75, 2.55, 3.05, 2.64, 2.32, 2.29, 2.84, 2.07, 1.27, 0.88, 0.81, 0.62, 0, 0.8, 0.93, 0.84, 1.14, 1.97, 1.89, 1.94, 1.51, 1.17, 1.2, 1.12, 1.22, 1.54, 1.46, 1.41, 2.01, 2.37, 1.8, 1.9, 1.92, 1.84], [2.24, 2.5, 3.29, 4.33, 4.59, 5.0, 4.72, 4.51, 4.42, 4.36, 4.38, 3.7, 3.37, 2.95, 2.6, 2.59, 2.79, 2.5, 2.85, 2.99, 2.76, 2.86, 2.83, 2.85, 3.44, 4.12, 3.755, 3.17, 2.97, 3.08, 3.164, 2.71, 2.86, 2.67, 2.62, 2.58, 2.21, 2.34, 2.2, 2.3, 2.64, 3.05, 3.36, 3.23, 2.5, 2.52, 2.69, 3.91, 4.63, 4.18, 5.3, 4.0, 2.59, 2.73, 3.29, 3.02, 2.64, 2.19, 2.46, 1.79, 0.97, 0.86, 0.91, 1.06, 0.8, 0, 0.65, 0.72, 1.06, 2.01, 1.73, 1.72, 1.51, 1.41, 1.26, 1.18, 1.12, 1.46, 1.86, 2.11, 2.61, 3.07, 2.16, 2.06, 2.42, 2.1], [2.05, 2.29, 3.12, 4.16, 4.36, 4.81, 4.49, 4.24, 4.11, 4.07, 4.13, 3.43, 3.14, 2.72, 2.43, 2.5, 2.62, 2.35, 2.82, 3.04, 2.81, 2.91, 2.78, 2.98, 3.67, 4.344, 3.988, 3.24, 3.017, 3.207, 3.271, 2.74, 2.77, 2.58, 2.63, 2.57, 2.22, 2.35, 2.21, 2.33, 2.75, 3.26, 3.51, 3.36, 2.65, 2.59, 2.68, 3.8, 4.44, 4.01, 5.13, 3.85, 2.56, 2.74, 3.44, 3.19, 2.75, 2.18, 2.33, 1.58, 0.94, 1.01, 0.96, 1.15, 0.93, 0.65, 0, 0.71, 1.05, 1.92, 1.54, 1.57, 1.46, 1.48, 1.33, 1.31, 1.23, 1.19, 1.77, 2.14, 2.66, 3.12, 2.21, 2.19, 2.51, 2.21], [2.28, 2.48, 3.37, 4.39, 4.59, 4.98, 4.7, 4.41, 4.32, 4.26, 4.32, 3.62, 3.39, 2.95, 2.48, 2.53, 2.49, 2.28, 2.63, 2.87, 2.68, 2.66, 2.61, 2.79, 3.42, 4.1, 3.69, 3.01, 2.83, 2.971, 3.081, 2.59, 2.58, 2.39, 2.48, 2.38, 2.07, 2.18, 2.02, 2.18, 2.62, 3.05, 3.34, 3.13, 2.38, 2.38, 2.73, 3.97, 4.669, 4.3, 5.339, 3.98, 2.53, 2.61, 3.27, 2.96, 2.58, 2.27, 2.56, 1.95, 1.09, 1.0, 1.09, 1.2, 0.84, 0.72, 0.71, 0, 0.92, 1.85, 1.71, 1.82, 1.57, 1.51, 1.48, 1.4, 1.4, 1.42, 1.62, 2.05, 2.55, 2.99, 2.2, 2.32, 2.44, 2.22], [1.98, 2.12, 2.99, 4.01, 4.13, 4.54, 4.24, 3.97, 3.9, 3.84, 3.86, 3.16, 2.91, 2.49, 1.96, 1.99, 2.01, 1.72, 1.99, 2.49, 2.32, 2.2, 2.21, 2.57, 3.24, 3.871, 3.524, 2.43, 2.21, 2.545, 2.621, 2.07, 2.12, 2.09, 2.32, 2.2, 1.71, 1.78, 1.58, 1.66, 2.22, 2.75, 3.0, 2.81, 2.02, 1.82, 2.35, 3.59, 4.29, 3.88, 4.98, 3.56, 1.99, 2.15, 2.99, 2.82, 2.18, 1.79, 2.24, 1.63, 1.25, 1.14, 1.19, 1.46, 1.14, 1.06, 1.05, 0.92, 0, 1.35, 1.33, 1.66, 1.77, 1.75, 1.74, 1.76, 1.62, 1.44, 2.1, 2.23, 2.71, 3.19, 2.66, 2.78, 2.84, 2.62], [1.93, 1.97, 2.52, 3.16, 3.28, 3.69, 3.27, 3.1, 3.11, 2.95, 2.79, 2.35, 2.3, 1.78, 1.35, 1.54, 1.72, 1.83, 2.26, 2.9, 3.11, 2.87, 2.86, 2.86, 3.61, 4.335, 4.031, 2.654, 2.397, 2.881, 3.128, 2.62, 2.43, 2.22, 2.27, 2.23, 1.86, 2.21, 1.97, 1.99, 2.47, 3.04, 3.25, 3.1, 2.29, 1.85, 1.78, 2.9, 3.32, 2.89, 3.93, 2.69, 1.68, 2.18, 3.2, 3.23, 2.37, 1.42, 1.75, 1.88, 1.74, 1.75, 1.98, 2.21, 1.97, 2.01, 1.92, 1.85, 1.35, 0, 1.26, 2.01, 2.14, 2.16, 2.17, 2.25, 2.03, 1.85, 2.43, 2.72, 3.34, 3.74, 3.07, 3.19, 3.19, 2.99], [1.47, 1.83, 2.28, 3.18, 3.46, 3.85, 3.51, 3.4, 3.29, 3.11, 3.09, 2.53, 2.3, 1.88, 1.71, 2.04, 2.32, 2.33, 2.74, 3.54, 3.41, 3.15, 3.26, 3.58, 4.35, 4.998, 4.574, 3.214, 3.034, 3.464, 3.571, 2.68, 2.47, 2.92, 3.11, 2.99, 2.48, 2.75, 2.55, 2.65, 3.17, 3.74, 4.03, 3.74, 2.89, 2.21, 1.88, 2.94, 3.4, 3.01, 4.03, 2.75, 2.14, 2.92, 3.94, 3.85, 3.15, 1.88, 1.67, 1.04, 1.24, 1.51, 1.72, 1.99, 1.89, 1.73, 1.54, 1.71, 1.33, 1.26, 0, 1.03, 1.62, 1.84, 1.75, 1.79, 1.39, 1.19, 2.19, 2.68, 3.32, 3.66, 2.61, 2.57, 2.89, 2.77], [1.68, 2.04, 2.75, 3.71, 3.85, 4.24, 4.02, 4.01, 3.9, 3.72, 3.7, 3.16, 2.83, 2.37, 2.32, 2.63, 2.91, 2.9, 3.33, 3.95, 3.72, 3.6, 3.63, 4.03, 4.74, 5.394, 4.966, 3.755, 3.575, 3.962, 3.989, 3.21, 2.98, 3.33, 3.64, 3.48, 2.99, 3.22, 3.0, 3.16, 3.68, 4.19, 4.48, 4.25, 3.4, 2.84, 2.63, 3.49, 3.91, 3.54, 4.52, 3.36, 2.67, 3.43, 4.31, 4.12, 3.6, 2.33, 2.18, 1.39, 1.45, 1.7, 1.71, 1.84, 1.94, 1.72, 1.57, 1.82, 1.66, 2.01, 1.03, 0, 1.07, 1.37, 1.2, 1.42, 1.14, 1.06, 1.78, 2.39, 2.89, 3.33, 2.38, 2.44, 2.84, 2.7], [2.39, 2.67, 3.58, 4.54, 4.68, 5.09, 4.83, 4.8, 4.67, 4.43, 4.43, 3.85, 3.56, 3.14, 2.71, 2.7, 3.0, 2.93, 3.4, 3.64, 3.51, 3.63, 3.6, 3.72, 4.45, 5.146, 4.699, 3.96, 3.78, 3.93, 3.911, 3.34, 3.45, 3.44, 3.37, 3.23, 2.82, 2.87, 2.79, 2.99, 3.39, 3.9, 4.25, 4.02, 3.31, 3.21, 3.24, 4.28, 4.7, 4.37, 5.33, 4.09, 2.9, 3.14, 3.9, 3.65, 3.23, 2.22, 2.55, 1.82, 1.3, 1.31, 1.5, 1.37, 1.51, 1.51, 1.46, 1.57, 1.77, 2.14, 1.62, 1.07, 0, 0.68, 0.71, 0.95, 0.97, 0.97, 1.35, 1.72, 2.36, 2.64, 1.75, 1.85, 2.17, 2.03], [2.67, 2.97, 3.88, 4.84, 4.98, 5.35, 5.07, 4.94, 4.83, 4.63, 4.65, 4.05, 3.78, 3.4, 2.81, 2.74, 3.06, 3.01, 3.42, 3.66, 3.53, 3.59, 3.62, 3.52, 4.05, 4.849, 4.548, 3.98, 3.76, 3.904, 3.974, 3.46, 3.53, 3.46, 3.23, 3.15, 2.8, 2.83, 2.71, 2.91, 3.15, 3.64, 4.01, 3.78, 3.17, 3.09, 3.34, 4.54, 4.96, 4.65, 5.59, 4.39, 3.02, 3.14, 3.7, 3.31, 3.01, 2.34, 2.81, 2.06, 1.4, 1.11, 1.2, 1.07, 1.17, 1.41, 1.48, 1.51, 1.75, 2.16, 1.84, 1.37, 0.68, 0, 0.49, 0.69, 0.87, 0.99, 1.11, 1.46, 2.0, 2.24, 1.59, 1.67, 1.81, 1.69], [2.56, 2.9, 3.73, 4.71, 4.89, 5.28, 5.04, 4.93, 4.82, 4.64, 4.66, 4.08, 3.79, 3.41, 2.84, 2.79, 3.11, 3.08, 3.53, 3.77, 3.58, 3.66, 3.61, 3.53, 4.06, 4.796, 4.444, 4.027, 3.83, 3.937, 3.967, 3.47, 3.54, 3.47, 3.16, 3.16, 2.79, 2.8, 2.72, 2.88, 3.14, 3.55, 3.92, 3.71, 3.06, 3.02, 3.19, 4.39, 4.81, 4.5, 5.46, 4.26, 3.01, 3.19, 3.69, 3.4, 3.0, 2.21, 2.66, 1.93, 1.27, 1.08, 1.03, 1.0, 1.2, 1.26, 1.33, 1.48, 1.74, 2.17, 1.75, 1.2, 0.71, 0.49, 0, 0.46, 0.66, 0.94, 1.16, 1.55, 2.09, 2.41, 1.58, 1.62, 1.88, 1.72], [2.68, 3.02, 3.85, 4.83, 5.01, 5.42, 5.16, 4.99, 4.9, 4.7, 4.76, 4.16, 3.87, 3.51, 2.92, 2.89, 3.21, 3.18, 3.57, 3.77, 3.54, 3.7, 3.69, 3.57, 4.06, 4.679, 4.367, 4.07, 3.89, 3.94, 3.93, 3.51, 3.62, 3.57, 3.24, 3.18, 2.77, 2.74, 2.7, 2.84, 3.06, 3.47, 3.82, 3.63, 3.0, 3.08, 3.27, 4.47, 4.89, 4.6, 5.54, 4.32, 3.21, 3.19, 3.61, 3.32, 2.94, 2.39, 2.74, 1.95, 1.25, 1.02, 0.99, 0.92, 1.12, 1.18, 1.31, 1.4, 1.76, 2.25, 1.79, 1.42, 0.95, 0.69, 0.46, 0, 0.66, 1.04, 1.26, 1.47, 2.01, 2.37, 1.6, 1.46, 1.78, 1.62], [2.34, 2.68, 3.47, 4.43, 4.67, 5.02, 4.78, 4.59, 4.46, 4.3, 4.36, 3.74, 3.47, 3.09, 2.64, 2.61, 2.99, 2.96, 3.41, 3.61, 3.46, 3.6, 3.53, 3.45, 4.04, 4.776, 4.415, 3.93, 3.73, 3.82, 3.867, 3.33, 3.42, 3.33, 3.16, 3.08, 2.71, 2.76, 2.64, 2.74, 3.08, 3.55, 3.92, 3.71, 2.94, 2.9, 2.99, 4.07, 4.49, 4.22, 5.16, 3.92, 2.93, 3.05, 3.65, 3.44, 2.96, 2.17, 2.38, 1.59, 1.05, 1.08, 0.97, 1.16, 1.22, 1.12, 1.23, 1.4, 1.62, 2.03, 1.39, 1.14, 0.97, 0.87, 0.66, 0.66, 0, 0.82, 1.34, 1.79, 2.29, 2.69, 1.72, 1.72, 1.98, 1.84], [2.14, 2.4, 3.23, 4.21, 4.45, 4.86, 4.