[[0, 1.73, 2.73, 2.93, 2.79, 2.41, 1.84, 1.89, 2.5, 3.13, 3.692, 3.536, 3.487, 3.282, 2.86, 3.144, 3.058, 2.19, 2.49, 3.242, 3.727, 4.129, 4.602, 4.56, 4.128, 3.36, 3.23, 3.76, 4.01, 4.74, 4.95, 4.96, 5.31, 5.41, 5.55, 5.63, 5.4, 4.58, 3.57, 3.18, 3.8, 3.33, 5.167, 8.27, 8.211, 8.188, 8.298, 8.177, 8.217, 8.674, 8.344, 7.161, 5.344, 5.094, 6.6, 6.228, 5.802, 5.936, 5.163, 4.917, 5.304, 6.329, 6.401, 6.541, 6.725, 7.27, 7.178, 7.646, 7.489, 7.506, 7.473, 7.316, 7.119, 7.046, 6.834, 5.69, 5.14, 6.268, 7.437, 6.539, 6.182, 6.055, 6.418, 7.101, 7.983, 9.797], [1.73, 0, 1.38, 1.62, 1.78, 1.54, 1.35, 2.114, 3.653, 4.434, 5.173, 5.014, 4.977, 4.714, 4.221, 4.514, 4.488, 3.387, 3.682, 4.689, 5.215, 5.616, 6.109, 6.027, 5.498, 4.13, 3.52, 3.89, 4.16, 4.45, 4.6, 4.57, 4.52, 4.76, 5.34, 5.6, 5.39, 4.91, 4.34, 4.03, 4.69, 4.48, 6.675, 9.774, 9.696, 9.695, 9.805, 9.652, 9.692, 10.149, 9.834, 8.671, 6.854, 6.584, 8.113, 7.678, 7.295, 7.443, 6.641, 6.395, 6.736, 7.836, 7.908, 8.048, 8.232, 8.777, 8.686, 9.147, 8.976, 8.979, 8.98, 8.823, 8.626, 8.553, 8.304, 6.988, 6.483, 7.737, 8.924, 8.026, 7.669, 7.562, 7.905, 8.589, 9.453, 11.304], [2.73, 1.38, 0, 1.14, 1.48, 1.44, 1.75, 2.76, 4.353, 5.414, 6.082, 5.889, 5.786, 5.574, 4.996, 5.309, 5.289, 4.091, 4.317, 5.367, 5.933, 6.317, 6.778, 6.703, 6.15, 4.381, 3.48, 3.65, 3.92, 4.21, 4.06, 3.89, 3.8, 3.92, 4.78, 5.18, 5.15, 4.99, 4.64, 4.47, 5.13, 5.02, 7.347, 10.657, 10.642, 10.516, 10.623, 10.456, 10.502, 10.93, 10.646, 9.472, 7.669, 7.367, 8.809, 8.427, 7.999, 8.193, 7.496, 7.213, 7.503, 8.537, 8.57, 8.71, 8.906, 9.496, 9.574, 9.999, 9.74, 9.649, 9.647, 9.57, 9.281, 9.208, 9.076, 7.663, 7.093, 8.39, 9.562, 8.668, 8.308, 8.233, 8.553, 9.246, 10.109, 11.96], [2.93, 1.62, 1.14, 0, 0.9, 1.06, 1.69, 2.914, 4.41, 5.557, 6.224, 6.026, 5.923, 5.712, 5.167, 5.454, 5.474, 4.308, 4.579, 5.629, 6.155, 6.562, 7.032, 6.976, 6.415, 4.618, 3.26, 3.49, 3.54, 3.79, 3.74, 3.45, 3.24, 3.42, 4.34, 4.64, 4.73, 4.69, 4.42, 4.39, 5.07, 5.109, 7.636, 10.817, 10.779, 10.653, 10.777, 10.613, 10.659, 11.087, 10.763, 9.629, 7.806, 7.524, 9.066, 8.685, 8.256, 8.381, 7.633, 7.35, 7.674, 8.782, 8.855, 8.998, 9.199, 9.733, 9.712, 10.136, 9.914, 9.946, 9.926, 9.767, 9.56, 9.487, 9.233, 7.845, 7.381, 8.675, 9.858, 8.961, 8.604, 8.515, 8.841, 9.528, 10.406, 12.253], [2.79, 1.78, 1.48, 0.9, 0, 0.9, 1.67, 2.857, 4.285, 5.366, 6.027, 5.854, 5.791, 5.592, 5.102, 5.363, 5.343, 4.225, 4.479, 5.506, 6.032, 6.433, 6.906, 6.879, 6.332, 4.515, 3.1, 3.07, 3.28, 3.51, 3.38, 3.21, 3.16, 3.36, 4.12, 4.42, 4.45, 4.33, 4.2, 4.213, 4.726, 4.966, 7.591, 10.692, 10.582, 10.521, 10.642, 10.489, 10.544, 10.966, 10.668, 9.505, 7.668, 7.418, 8.965, 8.662, 8.161, 8.26, 7.458, 7.23, 7.553, 8.653, 8.725, 8.865, 9.085, 9.615, 9.523, 9.973, 9.793, 9.81, 9.797, 9.64, 9.443, 9.37, 9.123, 7.742, 7.317, 8.574, 9.741, 8.844, 8.506, 8.432, 8.722, 9.406, 10.288, 12.159], [2.41, 1.54, 1.44, 1.06, 0.9, 0, 1.51, 2.68, 4.001, 5.043, 5.747, 5.591, 5.533, 5.3, 4.789, 5.082, 5.07, 3.936, 4.271, 5.277, 5.783, 6.184, 6.657, 6.595, 6.065, 4.226, 2.88, 3.01, 3.3, 3.61, 3.54, 3.39, 3.34, 3.58, 4.22, 4.46, 4.55, 4.41, 4.1, 4.01, 4.61, 4.68, 7.263, 10.343, 10.287, 10.263, 10.373, 10.22, 10.272, 10.717, 10.402, 9.236, 7.419, 7.152, 8.682, 8.35, 7.877, 8.012, 7.209, 6.963, 7.305, 8.404, 8.476, 8.616, 8.801, 9.346, 9.254, 9.721, 9.545, 9.559, 9.548, 9.392, 9.194, 9.121, 8.872, 7.456, 7.032, 8.305, 9.492, 8.595, 8.258, 8.151, 8.454, 9.138, 10.022, 11.872], [1.84, 1.35, 1.75, 1.69, 1.67, 1.51, 0, 1.43, 3.04, 4.05, 4.7, 4.53, 4.381, 4.17, 3.64, 3.91, 3.93, 2.766, 3.078, 4.088, 4.613, 5.021, 5.491, 5.435, 4.893, 3.34, 2.75, 3.1, 3.43, 3.72, 3.77, 3.8, 4.01, 4.23, 4.59, 4.91, 4.7, 4.34, 3.79, 3.44, 3.98, 3.83, 6.14, 9.27, 9.24, 9.111, 9.235, 9.071, 9.117, 9.545, 9.23, 8.07, 6.25, 5.98, 7.55, 7.24, 6.714, 6.839, 6.091, 5.808, 6.132, 7.241, 7.313, 7.456, 7.657, 8.191, 8.17, 8.594, 8.372, 8.404, 8.385, 8.225, 8.025, 7.955, 7.72, 6.31, 5.919, 7.153, 8.332, 7.443, 7.15, 7.02, 7.319, 8.006, 8.87, 10.712], [1.89, 2.114, 2.76, 2.914, 2.857, 2.68, 1.43, 0, 2.05, 2.96, 3.53, 3.26, 3.1, 2.98, 2.45, 2.66, 2.68, 1.56, 1.84, 2.73, 3.27, 3.66, 4.15, 4.1, 3.59, 2.73, 2.44, 2.95, 3.2, 3.53, 3.76, 3.83, 4.18, 4.34, 4.7, 5.06, 4.59, 4.03, 3.38, 2.87, 3.37, 3.08, 4.81, 8.06, 7.99, 7.81, 7.9, 7.75, 7.83, 8.19, 7.96, 6.84, 5.0, 4.65, 6.28, 6.09, 5.39, 5.49, 4.79, 4.49, 4.78, 5.88, 5.97, 6.11, 6.34, 6.87, 6.92, 7.33, 7.0, 7.08, 7.03, 6.87, 6.67, 6.6, 6.43, 5.48, 4.83, 5.79, 6.98, 6.1, 5.78, 5.67, 5.99, 6.7, 7.58, 9.36], [2.5, 3.653, 4.353, 4.41, 4.285, 4.001, 3.04, 2.05, 0, 1.35, 1.98, 1.79, 1.71, 1.65, 1.28, 1.31, 1.57, 1.37, 2.25, 2.46, 2.58, 2.77, 2.98, 2.67, 2.18, 1.66, 2.09, 2.42, 2.49, 3.28, 3.65, 3.62, 4.05, 4.21, 3.77, 3.85, 3.44, 2.66, 1.83, 1.56, 2.02, 1.77, 3.56, 6.57, 6.6, 6.54, 6.59, 6.26, 6.34, 6.74, 6.47, 5.37, 3.65, 3.58, 4.81, 4.72, 3.94, 4.04, 3.24, 2.98, 3.33, 4.45, 4.54, 4.68, 4.89, 5.4, 5.37, 5.8, 5.57, 5.63, 5.6, 5.42, 5.24, 5.17, 4.98, 3.81, 3.32, 4.38, 5.67, 5.03, 4.81, 4.68, 4.68, 5.31, 6.13, 7.95], [3.13, 4.434, 5.414, 5.557, 5.366, 5.043, 4.05, 2.96, 1.35, 0, 1.23, 1.5, 1.54, 1.36, 1.37, 1.2, 1.52, 1.94, 2.5, 2.45, 2.41, 2.5, 2.71, 2.22, 1.77, 2.17, 3.06, 3.29, 3.42, 4.11, 4.48, 4.37, 4.9, 5.046, 4.28, 4.12, 4.07, 3.31, 2.54, 2.33, 2.73, 2.28, 3.21, 5.7, 6.11, 6.29, 6.22, 5.67, 5.73, 5.97, 5.76, 4.8, 3.18, 3.31, 4.42, 4.25, 3.19, 3.07, 2.29, 2.15, 2.52, 3.46, 3.57, 3.71, 3.9, 4.45, 4.46, 4.81, 4.58, 4.62, 4.61, 4.43, 4.27, 4.2, 3.95, 3.18, 2.85, 4.07, 5.2, 4.74, 4.52, 4.35, 4.37, 4.9, 5.42, 7.28], [3.692, 5.173, 6.082, 6.224, 6.027, 5.747, 4.7, 3.53, 1.98, 1.23, 0, 0.85, 1.33, 1.41, 1.6, 1.47, 1.37, 2.37, 2.47, 1.98, 1.72, 2.19, 2.22, 1.97, 2.04, 2.76, 3.63, 3.9, 4.01, 4.72, 5.17, 5.06, 5.59, 5.685, 4.93, 4.87, 4.72, 4.04, 3.23, 3.0, 3.0, 2.53, 2.4, 4.95, 5.3, 5.4, 5.33, 4.78, 4.88, 5.14, 4.89, 3.95, 2.31, 2.36, 3.55, 3.4, 2.38, 2.38, 1.96, 2.46, 2.79, 2.99, 3.0, 3.18, 3.33, 3.68, 3.69, 4.0, 3.85, 3.91, 3.86, 3.68, 3.52, 3.47, 3.54, 3.09, 2.58, 3.2, 4.31, 3.87, 3.67, 3.52, 3.54, 3.99, 4.51, 6.41], [3.536, 5.014, 5.889, 6.026, 5.854, 5.591, 4.53, 3.26, 1.79, 1.5, 0.85, 0, 0.98, 1.38, 1.49, 1.28, 1.08, 2.1, 2.24, 1.47, 1.39, 1.88, 1.95, 1.88, 2.01, 2.67, 3.46, 3.81, 3.94, 4.69, 5.12, 5.07, 5.46, 5.62, 5.04, 5.06, 4.71, 4.03, 3.1, 2.83, 2.77, 2.26, 2.29, 5.02, 5.17, 5.15, 5.1, 4.69, 4.79, 5.19, 4.96, 3.92, 2.16, 2.17, 3.36, 3.29, 2.37, 2.57, 2.05, 2.51, 2.9, 3.24, 3.25, 3.51, 3.58, 3.79, 3.8, 4.15, 4.0, 4.04, 4.01, 3.87, 3.73, 3.64, 3.97, 3.56, 2.67, 3.03, 4.16, 3.6, 3.46, 3.37, 3.35, 3.84, 4.6, 6.42], [3.487, 4.977, 5.786, 5.923, 5.791, 5.533, 4.381, 3.1, 1.71, 1.54, 1.33, 0.98, 0, 0.98, 1.11, 0.9, 0.92, 1.92, 2.0, 1.41, 1.31, 1.46, 1.57, 1.36, 1.59, 2.13, 3.1, 3.49, 3.72, 4.45, 4.98, 4.81, 5.32, 5.413, 4.84, 4.88, 4.35, 3.71, 2.66, 2.41, 2.37, 1.94, 2.41, 5.2, 5.39, 5.11, 5.2, 4.81, 4.93, 5.23, 4.9, 4.04, 2.14, 2.17, 3.46, 3.51, 2.51, 2.63, 1.95, 2.07, 2.58, 3.16, 3.25, 3.47, 3.6, 3.87, 3.94, 4.25, 4.02, 4.1, 4.05, 3.89, 3.71, 3.64, 3.89, 3.54, 2.69, 3.05, 4.14, 3.58, 3.44, 3.31, 3.31, 3.86, 4.74, 6.6], [3.282, 4.714, 5.574, 5.712, 5.592, 5.3, 4.17, 2.98, 1.65, 1.36, 1.41, 1.38, 0.98, 0, 0.85, 0.9, 1.26, 1.84, 2.06, 1.89, 1.75, 1.72, 1.93, 1.54, 1.39, 1.97, 3.06, 3.43, 3.7, 4.43, 5.04, 4.85, 5.34, 5.478, 4.82, 4.42, 4.05, 3.33, 2.52, 2.19, 2.47, 2.0, 2.55, 5.24, 5.45, 5.27, 5.46, 5.07, 5.15, 5.49, 5.18, 4.22, 2.42, 2.67, 3.62, 3.57, 2.67, 2.77, 2.11, 2.09, 2.58, 3.26, 3.39, 3.59, 3.76, 4.09, 4.04, 4.45, 4.3, 4.34, 4.31, 4.13, 3.95, 3.88, 4.03, 3.48, 2.67, 3.27, 4.44, 3.8, 3.58, 3.45, 3.51, 4.14, 4.9, 6.78], [2.86, 4.221, 4.996, 5.167, 5.102, 4.789, 3.64, 2.45, 1.28, 1.37, 1.6, 1.49, 1.11, 0.85, 0, 0.75, 1.05, 1.43, 1.95, 2.02, 1.96, 1.93, 2.14, 1.91, 1.68, 1.74, 2.57, 3.04, 3.45, 4.18, 4.73, 4.6, 5.01, 5.21, 4.59, 4.41, 3.86, 3.06, 2.15, 1.72, 2.14, 1.79, 2.62, 5.73, 5.82, 5.72, 5.67, 5.5, 5.6, 5.98, 5.67, 4.59, 2.77, 2.72, 3.99, 3.88, 3.12, 3.26, 2.54, 2.48, 2.95, 3.71, 3.84, 4.0, 4.19, 4.58, 4.63, 5.02, 4.79, 4.83, 4.8, 4.62, 4.44, 4.37, 4.34, 3.71, 2.92, 3.64, 4.75, 3.95, 3.73, 3.58, 3.8, 4.43, 5.31, 7.17], [3.144, 4.514, 5.309, 5.454, 5.363, 5.082, 3.91, 2.66, 1.31, 1.2, 1.47, 1.28, 0.9, 0.9, 0.75, 0, 0.88, 1.68, 2.18, 2.01, 1.91, 1.96, 2.13, 1.6, 1.41, 1.99, 2.82, 3.23, 3.54, 4.31, 4.74, 4.71, 5.06, 5.244, 4.44, 4.3, 3.83, 3.05, 2.16, 2.05, 2.33, 1.78, 2.45, 5.46, 5.53, 5.55, 5.5, 5.19, 5.25, 5.67, 5.38, 4.36, 2.48, 2.67, 3.7, 3.63, 2.83, 2.95, 2.21, 2.17, 2.66, 3.44, 3.53, 3.69, 3.9, 4.29, 4.32, 4.69, 4.48, 4.52, 4.53, 4.33, 4.19, 4.12, 4.03, 3.54, 2.75, 3.37, 4.56, 3.9, 3.78, 3.57, 3.61, 4.18, 5.0, 6.88], [3.058, 4.488, 5.289, 5.474, 5.343, 5.07, 3.93, 2.68, 1.57, 1.52, 1.37, 1.08, 0.92, 1.26, 1.05, 0.88, 0, 1.6, 1.94, 1.67, 1.67, 1.92, 1.97, 1.78, 1.83, 2.25, 2.98, 3.29, 3.58, 4.39, 4.78, 4.67, 5.04, 5.24, 4.86, 4.78, 4.37, 3.65, 2.62, 2.31, 2.43, 1.9, 2.63, 5.54, 5.67, 5.65, 5.52, 5.25, 5.35, 5.73, 5.42, 4.42, 2.54, 2.45, 3.8, 3.75, 2.85, 3.01, 2.35, 2.47, 2.88, 3.54, 3.51, 3.69, 3.9, 4.31, 4.36, 4.71, 4.54, 4.54, 4.59, 4.45, 4.29, 4.24, 4.17, 3.74, 2.89, 3.57, 4.6, 3.98, 3.86, 3.63, 3.77, 4.24, 5.04, 6.94], [2.19, 3.387, 4.091, 4.308, 4.225, 3.936, 2.766, 1.56, 1.37, 1.94, 2.37, 2.1, 1.92, 1.84, 1.43, 1.68, 1.6, 0, 1.08, 1.59, 2.03, 2.38, 2.75, 2.88, 2.41, 1.81, 2.2, 2.61, 2.74, 3.35, 3.68, 3.71, 4.28, 4.46, 4.5, 4.86, 4.37, 3.57, 2.62, 2.05, 2.33, 2.22, 3.79, 6.98, 7.05, 6.71, 6.64, 6.53, 6.67, 6.95, 6.76, 5.7, 3.82, 3.39, 5.12, 5.11, 4.23, 4.23, 3.55, 3.37, 3.7, 4.5, 4.67, 4.89, 5.16, 5.61, 5.8, 6.11, 5.78, 5.86, 5.71, 5.55, 5.269, 5.2, 5.25, 4.34, 3.53, 4.61, 5.6, 4.8, 4.62, 4.69, 4.81, 5.46, 6.38, 8.14], [2.49, 3.682, 4.317, 4.579, 4.479, 4.271, 3.078, 1.84, 2.25, 2.5, 2.47, 2.24, 2.0, 2.06, 1.95, 2.18, 1.94, 1.08, 0, 1.29, 1.93, 2.2, 2.59, 2.86, 2.73, 2.45, 2.96, 3.27, 3.54, 3.83, 4.1, 4.33, 4.96, 5.04, 5.18, 5.6, 5.17, 4.43, 3.44, 2.91, 3.03, 2.88, 3.91, 7.08, 7.21, 6.79, 6.76, 6.57, 6.73, 6.91, 6.64, 5.74, 3.9, 3.35, 5.18, 5.25, 4.25, 4.15, 3.61, 3.63, 3.9, 4.54, 4.77, 4.99, 5.26, 5.57, 5.82, 6.05, 5.68, 5.66, 5.51, 5.35, 5.01, 5.0, 5.29, 4.72, 3.81, 4.65, 5.42, 4.84, 4.7, 4.77, 4.89, 5.42, 6.32, 8.14], [3.242, 4.689, 5.367, 5.629, 5.506, 5.277, 4.088, 2.73, 2.46, 2.45, 1.98, 1.47, 1.41, 1.89, 2.02, 2.01, 1.67, 1.59, 1.29, 0, 0.88, 1.41, 1.84, 2.25, 2.42, 2.64, 3.33, 3.68, 3.93, 4.5, 4.81, 4.86, 5.51, 5.63, 5.59, 5.85, 5.4, 4.66, 3.53, 3.06, 2.96, 2.65, 2.9, 5.83, 6.02, 5.6, 5.61, 5.34, 5.48, 5.72, 5.51, 4.59, 2.69, 2.34, 3.99, 4.06, 3.0, 3.26, 2.86, 3.18, 3.39, 3.75, 3.94, 4.18, 4.25, 4.32, 4.57, 4.9, 4.51, 4.51, 4.36, 4.24, 3.98, 3.95, 4.64, 4.23, 3.32, 3.44, 4.37, 3.77, 3.63, 3.68, 3.7, 4.29, 5.19, 6.95], [3.727, 5.215, 5.933, 6.155, 6.032, 5.783, 4.613, 3.27, 2.58, 2.41, 1.72, 1.39, 1.31, 1.75, 1.96, 1.91, 1.67, 2.03, 1.93, 0.88, 0, 1.11, 1.42, 1.93, 2.24, 2.6, 3.35, 3.86, 4.21, 4.84, 5.29, 5.18, 5.87, 5.95, 5.67, 5.83, 5.3, 4.64, 3.49, 2.98, 2.64, 2.33, 2.38, 5.23, 5.38, 4.98, 5.01, 4.72, 4.9, 5.08, 4.87, 3.99, 2.13, 1.78, 3.39, 3.42, 2.42, 2.66, 2.42, 2.88, 3.07, 3.29, 3.42, 3.66, 3.71, 3.76, 3.95, 4.22, 3.87, 3.95, 3.82, 3.66, 3.48, 3.41, 4.18, 3.77, 2.92, 2.96, 3.81, 3.37, 3.23, 3.18, 3.2, 3.73, 4.59, 6.35], [4.129, 5.616, 6.317, 6.562, 6.433, 6.184, 5.021, 3.66, 2.77, 2.5, 2.19, 1.88, 1.46, 1.72, 1.93, 1.96, 1.92, 2.38, 2.2, 1.41, 1.11, 0, 0.71, 1.38, 1.81, 2.53, 3.56, 3.99, 4.32, 4.83, 5.52, 5.19, 6.18, 6.2, 5.74, 5.74, 5.21, 4.31, 3.38, 2.69, 2.57, 2.38, 2.33, 5.08, 5.27, 4.85, 4.94, 4.65, 4.81, 4.89, 4.56, 3.94, 2.2, 2.13, 3.28, 3.31, 2.35, 2.43, 2.21, 2.51, 2.62, 2.96, 3.17, 3.35, 3.52, 3.59, 3.78, 3.99, 3.62, 3.62, 3.41, 3.35, 3.17, 3.16, 3.89, 3.58, 2.81, 2.91, 3.6, 3.24, 3.06, 3.01, 3.05, 3.56, 4.44, 6.24], [4.602, 6.109, 6.778, 7.032, 6.906, 6.657, 5.491, 4.15, 2.98, 2.71, 2.22, 1.95, 1.57, 1.93, 2.14, 2.13, 1.97, 2.75, 2.59, 1.84, 1.42, 0.71, 0, 1.37, 1.88, 2.72, 3.964, 4.32, 4.55, 5.02, 5.71, 5.46, 6.33, 6.41, 5.91, 5.89, 5.4, 4.5, 3.61, 3.0, 2.68, 2.49, 2.24, 4.85, 5.08, 4.74, 4.71, 4.42, 4.58, 4.62, 4.27, 3.71, 2.15, 2.06, 3.05, 3.14, 2.24, 2.16, 2.14, 2.62, 2.65, 2.75, 2.84, 3.1, 3.21, 3.32, 3.55, 3.74, 3.33, 3.37, 3.22, 3.02, 2.78, 2.79, 3.6, 3.41, 2.6, 2.78, 3.37, 3.01, 2.91, 3.04, 2.94, 3.41, 4.27, 6.01], [4.56, 6.027, 6.703, 6.976, 6.879, 6.595, 5.435, 4.1, 2.67, 2.22, 1.97, 1.88, 1.36, 1.54, 1.91, 1.6, 1.78, 2.88, 2.86, 2.25, 1.93, 1.38, 1.37, 0, 1.23, 2.73, 4.08, 4.27, 4.48, 5.11, 5.62, 5.47, 6.12, 6.167, 5.38, 4.98, 4.49, 3.63, 3.1, 2.85, 2.59, 2.2, 2.01, 4.48, 4.73, 4.75, 4.7, 4.13, 4.25, 4.39, 4.14, 3.52, 2.06, 2.49, 2.8, 2.75, 1.85, 1.77, 1.53, 1.85, 1.98, 2.24, 2.23, 2.41, 2.56, 2.95, 3.14, 3.49, 3.18, 3.12, 3.01, 3.03, 2.79, 2.74, 3.19, 2.7, 1.93, 2.43, 3.32, 3.0, 2.96, 2.65, 2.67, 3.1, 3.76, 5.6], [4.128, 5.498, 6.15, 6.415, 6.332, 6.065, 4.893, 3.59, 2.18, 1.77, 2.04, 2.01, 1.59, 1.39, 1.68, 1.41, 1.83, 2.41, 2.73, 2.42, 2.24, 1.81, 1.88, 1.23, 0, 2.24, 3.55, 3.76, 3.95, 4.6, 5.09, 4.98, 5.55, 5.631, 4.75, 4.47, 3.94, 3.02, 2.57, 2.32, 2.58, 2.25, 2.42, 5.03, 5.28, 5.3, 5.25, 4.62, 4.72, 4.88, 4.65, 3.85, 2.69, 3.0, 3.27, 3.3, 2.48, 2.36, 1.84, 1.7, 1.97, 2.51, 2.52, 2.66, 2.89, 3.5, 3.69, 3.98, 3.67, 3.63, 3.6, 3.5, 3.24, 3.17, 3.24, 2.65, 1.84, 2.72, 3.89, 3.47, 3.37, 3.1, 3.14, 3.61, 4.23, 6.15], [3.36, 4.13, 4.381, 4.618, 4.515, 4.226, 3.34, 2.73, 1.66, 2.17, 2.76, 2.67, 2.13, 1.97, 1.74, 1.99, 2.25, 1.81, 2.45, 2.64, 2.6, 2.53, 2.72, 2.73, 2.24, 0, 1.51, 1.88, 2.27, 2.8, 3.45, 3.4, 4.11, 4.25, 3.65, 3.65, 3.04, 2.44, 1.85, 1.4, 1.82, 1.99, 3.88, 6.95, 7.12, 6.72, 6.69, 6.44, 6.6, 6.8, 6.59, 5.63, 3.83, 3.58, 5.13, 5.18, 4.16, 4.06, 3.38, 3.2, 3.35, 4.33, 4.52, 4.7, 4.99, 5.5, 5.67, 5.96, 5.61, 5.67, 5.52, 5.34, 5.0, 4.95, 4.92, 3.63, 3.1, 4.56, 5.43, 4.81, 4.57, 4.74, 4.78, 5.37, 6.27, 8.09], [3.23, 3.52, 3.48, 3.26, 3.1, 2.88, 2.75, 2.44, 2.09, 3.06, 3.63, 3.46, 3.1, 3.06, 2.57, 2.82, 2.98, 2.2, 2.96, 3.33, 3.35, 3.56, 3.964, 4.08, 3.55, 1.51, 0, 1.07, 1.6, 2.13, 2.62, 2.55, 3.16, 3.3, 2.96, 3.1, 2.51, 2.23, 1.9, 1.77, 2.17, 2.48, 4.99, 8.16, 8.15, 7.81, 7.8, 7.69, 7.83, 8.09, 7.86, 6.82, 4.92, 4.51, 6.32, 6.29, 5.45, 5.37, 4.67, 4.47, 4.657, 5.7, 5.87, 6.05, 6.34, 6.79, 6.96, 7.25, 6.9, 6.997, 6.907, 6.681, 6.435, 6.414, 6.23, 4.84, 4.39, 5.79, 6.8, 6.0, 5.68, 5.83, 5.97, 6.62, 7.54, 9.34], [3.76, 3.89, 3.65, 3.49, 3.07, 3.01, 3.1, 2.95, 2.42, 3.29, 3.9, 3.81, 3.49, 3.43, 3.04, 3.23, 3.29, 2.61, 3.27, 3.68, 3.86, 3.99, 4.32, 4.27, 3.76, 1.88, 1.07, 0, 1.03, 1.52, 2.23, 1.88, 2.59, 2.69, 2.21, 2.41, 2.1, 1.94, 2.01, 1.98, 2.26, 2.81, 5.44, 8.61, 8.74, 8.34, 8.35, 8.1, 8.28, 8.44, 8.19, 7.27, 5.37, 4.88, 6.69, 6.8, 5.8, 5.7, 5.0, 4.84, 4.99, 5.95, 6.06, 6.24, 6.53, 7.1, 7.33, 7.58, 7.23, 7.207, 7.094, 7.011, 6.676, 6.621, 6.574, 5.05, 4.6, 6.14, 7.03, 6.39, 6.13, 6.18, 6.34, 6.89, 7.79, 9.65], [4.01, 4.16, 3.92, 3.54, 3.28, 3.3, 3.43, 3.2, 2.49, 3.42, 4.01, 3.94, 3.72, 3.7, 3.45, 3.54, 3.58, 2.74, 3.54, 3.93, 4.21, 4.32, 4.55, 4.48, 3.95, 2.27, 1.6, 1.03, 0, 1.03, 1.72, 1.27, 1.96, 2.1, 1.88, 2.2, 2.05, 1.87, 2.0, 2.37, 2.61, 3.18, 5.79, 8.8, 9.05, 8.71, 8.74, 8.35, 8.51, 8.61, 8.4, 7.54, 5.68, 5.43, 6.94, 7.09, 5.99, 5.93, 5.23, 4.99, 5.22, 6.16, 6.21, 6.37, 6.64, 7.27, 7.46, 7.79, 7.44, 7.44, 7.31, 7.25, 6.903, 6.82, 6.81, 5.28, 4.81, 6.39, 7.4, 6.84, 6.58, 6.63, 6.61, 7.22, 8.02, 9.88], [4.74, 4.45, 4.21, 3.79, 3.51, 3.61, 3.72, 3.53, 3.28, 4.11, 4.72, 4.69, 4.45, 4.43, 4.18, 4.31, 4.39, 3.35, 3.83, 4.5, 4.84, 4.83, 5.02, 5.11, 4.6, 2.8, 2.13, 1.52, 1.03, 0, 1.31, 1.06, 2.01, 2.07, 1.95, 2.43, 2.28, 2.36, 2.83, 3.12, 3.26, 3.97, 6.56, 9.57, 9.82, 9.44, 9.43, 9.1, 9.24, 9.24, 8.93, 8.27, 6.45, 6.08, 7.69, 7.84, 6.7, 6.42, 5.82, 5.7, 5.73, 6.65, 6.82, 6.94, 7.23, 7.92, 8.19, 8.38, 7.97, 7.93, 7.76, 7.64, 7.2, 7.17, 7.26, 5.93, 5.5, 7.1, 7.85, 7.23, 6.99, 7.26, 7.26, 7.81, 8.69, 10.57], [4.95, 4.6, 4.06, 3.74, 3.38, 3.54, 3.77, 3.76, 3.65, 4.48, 5.17, 5.12, 4.98, 5.04, 4.73, 4.74, 4.78, 3.68, 4.1, 4.81, 5.29, 5.52, 5.71, 5.62, 5.09, 3.45, 2.62, 2.23, 1.72, 1.31, 0, 1.41, 2.04, 2.12, 2.26, 2.84, 2.73, 2.83, 3.24, 3.69, 3.81, 4.48, 6.93, 9.96, 10.19, 9.95, 9.9, 9.53, 9.61, 9.73, 9.56, 8.58, 6.98, 6.69, 8.08, 8.19, 7.07, 6.93, 6.23, 6.07, 6.18, 7.1, 7.17, 7.37, 7.62, 8.37, 8.64, 8.85, 8.46, 8.4, 8.21, 8.09, 7.63, 7.66, 7.73, 6.32, 5.95, 7.49, 8.4, 7.7, 7.54, 7.77, 7.73, 8.2, 9.1, 10.94], [4.96, 4.57, 3.89, 3.45, 3.21, 3.39, 3.8, 3.83, 3.62, 4.37, 5.06, 5.07, 4.81, 4.85, 4.6, 4.71, 4.67, 3.71, 4.33, 4.86, 5.18, 5.19, 5.46, 5.47, 4.98, 3.4, 2.55, 1.88, 1.27, 1.06, 1.41, 0, 1.43, 1.45, 1.71, 2.27, 2.46, 2.66, 3.15, 3.56, 3.72, 4.37, 6.94, 9.91, 10.2, 9.84, 9.93, 9.5, 9.6, 9.56, 9.25, 8.57, 6.83, 6.58, 8.05, 8.22, 7.04, 6.68, 6.04, 5.9, 5.95, 6.93, 7.08, 7.16, 7.51, 8.22, 8.45, 8.64, 8.21, 8.13, 7.96, 7.96, 7.596, 7.51, 7.48, 6.07, 5.86, 7.54, 8.39, 7.83, 7.55, 7.72, 7.66, 8.19, 9.01, 10.93], [5.31, 4.52, 3.8, 3.24, 3.16, 3.34, 4.01, 4.18, 4.05, 4.9, 5.59, 5.46, 5.32, 5.34, 5.01, 5.06, 5.04, 4.28, 4.96, 5.51, 5.87, 6.18, 6.33, 6.12, 5.55, 4.11, 3.16, 2.59, 1.96, 2.01, 2.04, 1.43, 0, 0.62, 1.56, 2.08, 2.37, 3.01, 3.58, 4.09, 4.29, 4.88, 7.37, 10.3, 10.57, 10.39, 10.32, 9.91, 10.05, 10.17, 9.96, 9.02, 7.2, 7.13, 8.48, 8.59, 7.49, 7.527, 6.77, 6.513, 6.76, 7.777, 7.859, 8.001, 8.257, 8.81, 9.0, 9.35, 8.986, 8.98, 8.927, 8.758, 8.5, 8.451, 8.344, 6.88, 6.45, 8.01, 9.14, 8.58, 8.36, 8.31, 8.29, 8.9, 9.68, 11.48], [5.41, 4.76, 3.92, 3.42, 3.36, 3.58, 4.23, 4.34, 4.21, 5.046, 5.685, 5.62, 5.413, 5.478, 5.21, 5.244, 5.24, 4.46, 5.04, 5.63, 5.95, 6.2, 6.41, 6.167, 5.631, 4.25, 3.3, 2.69, 2.1, 2.07, 2.12, 1.45, 0.62, 0, 1.38, 1.96, 2.35, 3.19, 3.767, 4.25, 4.43, 5.058, 7.534, 10.458, 10.731, 10.468, 10.527, 10.071, 10.171, 10.307, 10.007, 9.115, 7.35, 7.27, 8.647, 8.751, 7.642, 7.553, 6.847, 6.625, 6.826, 7.871, 7.965, 8.079, 8.352, 8.939, 9.132, 9.379, 9.054, 8.994, 8.984, 8.858, 8.557, 8.516, 8.37, 6.92, 6.588, 8.157, 9.23, 8.77, 8.515, 8.44, 8.42, 8.947, 9.735, 11.655], [5.55, 5.34, 4.78, 4.34, 4.12, 4.22, 4.59, 4.7, 3.77, 4.28, 4.93, 5.04, 4.84, 4.82, 4.59, 4.44, 4.86, 4.5, 5.18, 5.59, 5.67, 5.74, 5.91, 5.38, 4.75, 3.65, 2.96, 2.21, 1.88, 1.95, 2.26, 1.71, 1.56, 1.38, 0, 1.06, 1.49, 2.37, 3.1, 3.73, 3.95, 4.42, 6.73, 9.635, 9.91, 9.79, 9.74, 9.208, 9.31, 9.45, 9.18, 8.26, 6.6, 6.63, 7.8, 7.908, 6.75, 6.596, 5.907, 5.767, 5.903, 6.949, 7.047, 7.144, 7.417, 8.002, 8.26, 8.453, 8.169, 8.063, 8.038, 7.949, 7.649, 7.599, 7.441, 5.997, 5.71, 7.33, 8.4, 7.96, 7.74, 7.67, 7.61, 8.12, 8.795, 10.755], [5.63, 5.6, 5.18, 4.64, 4.42, 4.46, 4.91, 5.06, 3.85, 4.12, 4.87, 5.06, 4.88, 4.42, 4.41, 4.3, 4.78, 4.86, 5.6, 5.85, 5.83, 5.74, 5.89, 4.98, 4.47, 3.65, 3.1, 2.41, 2.2, 2.43, 2.84, 2.27, 2.08, 1.96, 1.06, 0, 1.03, 1.97, 2.92, 3.65, 3.95, 4.46, 6.47, 8.8, 9.25, 9.51, 9.42, 8.69, 8.75, 8.89, 8.66, 8.06, 6.4, 6.71, 7.38, 7.25, 6.29, 6.27, 5.47, 5.204, 5.465, 6.493, 6.583, 6.641, 6.874, 7.49, 7.58, 7.89, 7.705, 7.625, 7.623, 7.518, 7.269, 7.173, 6.995, 5.62, 5.19, 6.87, 8.18, 7.68, 7.52, 7.25, 7.25, 7.7, 8.26, 10.26], [5.4, 5.39, 5.15, 4.73, 4.45, 4.55, 4.7, 4.59, 3.44, 4.07, 4.72, 4.71, 4.35, 4.05, 3.86, 3.83, 4.37, 4.37, 5.17, 5.4, 5.3, 5.21, 5.4, 4.49, 3.94, 3.04, 2.51, 2.1, 2.05, 2.28, 2.73, 2.46, 2.37, 2.35, 1.49, 1.03, 0, 1.4, 2.29, 2.96, 3.24, 3.81, 5.72, 8.45, 8.68, 8.78, 8.67, 8.06, 8.18, 8.48, 8.25, 7.47, 5.81, 6.06, 6.75, 6.58, 5.76, 5.76, 5.06, 4.76, 5.03, 6.061, 6.08, 6.22, 6.47, 7.06, 7.27, 7.56, 7.261, 7.23, 7.194, 7.1, 6.836, 6.743, 6.594, 5.13, 4.68, 6.16, 7.49, 6.89, 6.73, 6.48, 6.5, 6.95, 7.67, 9.61], [4.58, 4.91, 4.99, 4.69, 4.33, 4.41, 4.34, 4.03, 2.66, 3.31, 4.04, 4.03, 3.71, 3.33, 3.06, 3.05, 3.65, 3.57, 4.43, 4.66, 4.64, 4.31, 4.5, 3.63, 3.02, 2.44, 2.23, 1.94, 1.87, 2.36, 2.83, 2.66, 3.01, 3.19, 2.37, 1.97, 1.4, 0, 1.33, 1.98, 2.54, 2.95, 4.72, 7.65, 7.76, 7.88, 7.81, 7.32, 7.36, 7.72, 7.45, 6.61, 5.13, 5.4, 5.91, 5.72, 4.9, 5.04, 4.4, 4.08, 4.33, 5.25, 5.28, 5.4, 5.65, 6.3, 6.43, 6.82, 6.51, 6.47, 6.36, 6.34, 6.033, 5.943, 5.86, 4.35, 3.9, 5.34, 6.59, 5.95, 5.79, 5.54, 5.52, 6.17, 6.83, 8.65], [3.57, 4.34, 4.64, 4.42, 4.2, 4.1, 3.79, 3.38, 1.83, 2.54, 3.23, 3.1, 2.66, 2.52, 2.15, 2.16, 2.62, 2.62, 3.44, 3.53, 3.49, 3.38, 3.61, 3.1, 2.57, 1.85, 1.9, 2.01, 2.0, 2.83, 3.24, 3.15, 3.58, 3.767, 3.1, 2.92, 2.29, 1.33, 0, 1.03, 1.53, 1.76, 3.93, 7.18, 7.23, 7.21, 7.14, 6.89, 6.97, 7.33, 7.06, 6.02, 4.28, 4.35, 5.3, 5.17, 4.45, 4.61, 3.95, 3.65, 3.92, 4.92, 4.97, 5.11, 5.34, 5.93, 6.06, 6.45, 6.14, 6.12, 6.03, 5.97, 5.663, 5.591, 5.49, 4.02, 3.53, 4.81, 6.06, 5.34, 5.1, 4.95, 5.01, 5.7, 6.54, 8.36], [3.18, 4.03, 4.47, 4.39, 4.213, 4.01, 3.44, 2.87, 1.56, 2.33, 3.0, 2.83, 2.41, 2.19, 1.72, 2.05, 2.31, 2.05, 2.91, 3.06, 2.98, 2.69, 3.0, 2.85, 2.32, 1.4, 1.77, 1.98, 2.37, 3.12, 3.69, 3.56, 4.09, 4.25, 3.73, 3.65, 2.96, 1.98, 1.03, 0, 1.14, 1.35, 3.6, 6.87, 6.96, 6.72, 6.77, 6.6, 6.72, 7.04, 6.79, 5.67, 3.95, 3.86, 5.03, 4.92, 4.18, 4.34, 3.68, 3.36, 3.65, 4.63, 4.7, 4.84, 5.07, 5.64, 5.77, 6.16, 5.85, 5.85, 5.76, 5.68, 5.4, 5.33, 5.22, 3.81, 3.32, 4.58, 5.73, 4.93, 4.63, 4.58, 4.78, 5.45, 6.31, 8.15], [3.8, 4.69, 5.13, 5.07, 4.726, 4.61, 3.98, 3.37, 2.02, 2.73, 3.0, 2.77, 2.37, 2.47, 2.14, 2.33, 2.43, 2.33, 3.03, 2.96, 2.64, 2.57, 2.68, 2.59, 2.58, 1.82, 2.17, 2.26, 2.61, 3.26, 3.81, 3.72, 4.29, 4.43, 3.95, 3.95, 3.24, 2.54, 1.53, 1.14, 0, 1.17, 3.46, 6.65, 6.72, 6.42, 6.35, 6.22, 6.38, 6.62, 6.45, 5.43, 3.59, 3.4, 4.73, 4.76, 3.96, 3.92, 3.42, 3.42, 3.33, 4.23, 4.3, 4.46, 4.75, 5.24, 5.45, 5.8, 5.45, 5.51, 5.4, 5.24, 5.0, 4.93, 5.0, 3.65, 3.12, 4.24, 5.35, 4.59, 4.39, 4.32, 4.54, 5.19, 6.09, 7.81], [3.33, 4.48, 5.02, 5.109, 4.966, 4.68, 3.83, 3.08, 1.77, 2.28, 2.53, 2.26, 1.94, 2.0, 1.79, 1.78, 1.9, 2.22, 2.88, 2.65, 2.33, 2.38, 2.49, 2.2, 2.25, 1.99, 2.48, 2.81, 3.18, 3.97, 4.48, 4.37, 4.88, 5.058, 4.42, 4.46, 3.81, 2.95, 1.76, 1.35, 1.17, 0, 2.77, 6.18, 6.11, 5.97, 6.0, 5.89, 5.99, 6.33, 6.12, 5.02, 3.16, 2.99, 4.28, 4.03, 3.45, 3.55, 3.11, 3.15, 3.06, 3.9, 3.91, 4.09, 4.3, 4.87, 5.06, 5.47, 5.12, 5.12, 4.99, 4.95, 4.65, 4.58, 4.61, 3.26, 2.71, 3.81, 4.94, 4.12, 3.86, 3.79, 4.01, 4.72, 5.62, 7.34], [5.167, 6.675, 7.347, 7.636, 7.591, 7.263, 6.14, 4.81, 3.56, 3.21, 2.4, 2.29, 2.41, 2.55, 2.62, 2.45, 2.63, 3.79, 3.91, 2.9, 2.38, 2.33, 2.24, 2.01, 2.42, 3.88, 4.99, 5.44, 5.79, 6.56, 6.93, 6.94, 7.37, 7.534, 6.73, 6.47, 5.72, 4.72, 3.93, 3.6, 3.46, 2.77, 0, 3.43, 3.48, 3.58, 3.51, 3.36, 3.48, 3.82, 3.65, 2.67, 1.57, 1.92, 1.93, 1.6, 1.46, 1.68, 2.48, 3.06, 3.21, 2.89, 2.68, 2.8, 2.29, 2.28, 2.51, 2.94, 2.83, 2.71, 2.66, 2.56, 2.66, 2.63, 2.94, 2.67, 2.3, 1.62, 2.69, 2.11, 1.97, 1.8, 1.92, 2.47, 3.25, 4.87], [8.27, 9.774, 10.657, 10.817, 10.692, 10.343, 9.27, 8.06, 6.57, 5.7, 4.95, 5.02, 5.2, 5.24, 5.73, 5.46, 5.54, 6.98, 7.08, 5.83, 5.23, 5.08, 4.85, 4.48, 5.03, 6.95, 8.16, 8.61, 8.8, 9.57, 9.96, 9.91, 10.3, 10.458, 9.635, 8.8, 8.45, 7.65, 7.18, 6.87, 6.65, 6.18, 3.43, 0, 1.61, 2.19, 2.38, 1.77, 1.49, 1.57, 1.68, 1.7, 3.26, 3.87, 2.12, 2.27, 2.93, 3.47, 4.15, 4.85, 4.96, 4.26, 3.81, 3.91, 3.22, 1.93, 1.64, 1.53, 2.22, 2.72, 2.67, 2.87, 3.91, 3.52, 3.11, 4.1, 4.09, 2.67, 2.52, 2.92, 3.22, 3.01, 2.65, 2.4, 2.24, 2.58], [8.211, 9.696, 10.642, 10.779, 10.582, 10.287, 9.24, 7.99, 6.6, 6.11, 5.3, 5.17, 5.39, 5.45, 5.82, 5.53, 5.67, 7.05, 7.21, 6.02, 5.38, 5.27, 5.08, 4.73, 5.28, 7.12, 8.15, 8.74, 9.05, 9.82, 10.19, 10.2, 10.57, 10.731, 9.91, 9.25, 8.68, 7.76, 7.23, 6.96, 6.72, 6.11, 3.48, 1.61, 0, 1.06, 1.33, 1.26, 1.16, 1.4, 1.57, 1.87, 3.43, 3.92, 2.23, 2.5, 3.36, 4.08, 4.96, 5.72, 5.91, 5.35, 4.9, 4.96, 4.23, 3.08, 2.41, 2.56, 3.03, 3.63, 3.62, 3.66, 4.78, 4.49, 4.18, 4.97, 4.58, 2.84, 2.31, 2.83, 2.97, 2.78, 2.56, 2.21, 2.33, 2.79], [8.188, 9.695, 10.516, 10.653, 10.521, 10.263, 9.111, 7.81, 6.54, 6.29, 5.4, 5.15, 5.11, 5.27, 5.72, 5.55, 5.65, 6.71, 6.79, 5.6, 4.98, 4.85, 4.74, 4.75, 5.3, 6.72, 7.81, 8.34, 8.71, 9.44, 9.95, 9.84, 10.39, 10.468, 9.79, 9.51, 8.78, 7.88, 7.21, 6.72, 6.42, 5.97, 3.58, 2.19, 1.06, 0, 0.91, 1.12, 1.3, 1.62, 1.65, 1.87, 3.29, 3.64, 2.23, 2.86, 3.56, 4.16, 5.1, 5.9, 6.05, 5.53, 5.1, 5.18, 4.45, 3.36, 2.91, 2.9, 3.29, 3.75, 3.76, 3.78, 4.9, 4.67, 4.46, 5.05, 4.74, 2.98, 2.27, 2.77, 2.83, 2.8, 2.54, 2.27, 2.45, 2.87], [8.298, 9.805, 10.623, 10.777, 10.642, 10.373, 9.235, 7.9, 6.59, 6.22, 5.33, 5.1, 5.2, 5.46, 5.67, 5.5, 5.52, 6.64, 6.76, 5.61, 5.01, 4.94, 4.71, 4.7, 5.25, 6.69, 7.8, 8.35, 8.74, 9.43, 9.9, 9.93, 10.32, 10.527, 9.74, 9.42, 8.67, 7.81, 7.14, 6.77, 6.35, 6.0, 3.51, 2.38, 1.33, 0.91, 0, 0.97, 1.27, 1.47, 1.68, 2.0, 3.26, 3.51, 2.26, 2.83, 3.43, 4.09, 5.03, 5.83, 6.0, 5.48, 5.09, 5.17, 4.46, 3.33, 2.94, 2.95, 3.3, 3.76, 3.73, 3.73, 4.81, 4.56, 4.45, 4.96, 4.73, 3.05, 2.34, 2.8, 2.92, 2.85, 2.57, 2.24, 2.3, 2.54], [8.177, 9.652, 10.456, 10.613, 10.489, 10.22, 9.071, 7.75, 6.26, 5.67, 4.78, 4.69, 4.81, 5.07, 5.5, 5.19, 5.25, 6.53, 6.57, 5.34, 4.72, 4.65, 4.42, 4.13, 4.62, 6.44, 7.69, 8.1, 8.35, 9.1, 9.53, 9.5, 9.91, 10.071, 9.208, 8.69, 8.06, 7.32, 6.89, 6.6, 6.22, 5.89, 3.36, 1.77, 1.26, 1.12, 0.97, 0, 0.62, 0.9, 1.01, 1.47, 2.93, 3.36, 1.81, 2.3, 2.84, 3.48, 4.3, 5.02, 5.15, 4.71, 4.28, 4.38, 3.63, 2.58, 2.19, 2.1, 2.41, 2.91, 2.96, 2.94, 4.02, 3.77, 3.6, 4.13, 3.94, 2.44, 1.87, 2.57, 2.69, 2.54, 2.14, 1.77, 1.67, 2.39], [8.217, 9.692, 10.502, 10.659, 10.544, 10.272, 9.117, 7.83, 6.34, 5.73, 4.88, 4.79, 4.93, 5.15, 5.6, 5.25, 5.35, 6.67, 6.73, 5.48, 4.9, 4.81, 4.58, 4.25, 4.72, 6.6, 7.83, 8.28, 8.51, 9.24, 9.61, 9.6, 10.05, 10.171, 9.31, 8.75, 8.18, 7.36, 6.97, 6.72, 6.38, 5.99, 3.48, 1.49, 1.16, 1.3, 1.27, 0.62, 0, 0.72, 0.81, 1.25, 3.03, 3.5, 1.89, 2.28, 2.9, 3.58, 4.42, 5.04, 5.21, 4.65, 4.18, 4.32, 3.67, 2.44, 1.95, 1.86, 2.27, 2.93, 2.94, 2.92, 4.08, 3.79, 3.34, 4.19, 3.94, 2.36, 1.77, 2.49, 2.75, 2.56, 2.2, 1.71, 1.49, 2.21], [8.674, 10.149, 10.93, 11.087, 10.966, 10.717, 9.545, 8.19, 6.74, 5.97, 5.14, 5.19, 5.23, 5.49, 5.98, 5.67, 5.73, 6.95, 6.91, 5.72, 5.08, 4.89, 4.62, 4.39, 4.88, 6.8, 8.09, 8.44, 8.61, 9.24, 9.73, 9.56, 10.17, 10.307, 9.45, 8.89, 8.48, 7.72, 7.33, 7.04, 6.62, 6.33, 3.82, 1.57, 1.4, 1.62, 1.47, 0.9, 0.72, 0, 0.73, 1.65, 3.33, 3.7, 2.25, 2.68, 3.14, 3.54, 4.26, 5.0, 4.99, 4.37, 4.0, 4.04, 3.51, 2.32, 2.01, 1.74, 2.09, 2.81, 2.7, 2.74, 3.84, 3.51, 3.14, 4.09, 3.96, 2.62, 1.97, 2.77, 3.05, 2.92, 2.56, 2.07, 1.65, 2.19], [8.344, 9.834, 10.646, 10.763, 10.668, 10.402, 9.23, 7.96, 6.47, 5.76, 4.89, 4.96, 4.9, 5.18, 5.67, 5.38, 5.42, 6.76, 6.64, 5.51, 4.87, 4.56, 4.27, 4.14, 4.65, 6.59, 7.86, 8.19, 8.4, 8.93, 9.56, 9.25, 9.96, 10.007, 9.18, 8.66, 8.25, 7.45, 7.06, 6.79, 6.45, 6.12, 3.65, 1.68, 1.57, 1.65, 1.68, 1.01, 0.81, 0.73, 0, 1.4, 3.04, 3.51, 2.04, 2.53, 2.97, 3.33, 4.21, 4.93, 4.9, 4.32, 3.97, 4.03, 3.48, 2.31, 1.82, 1.65, 2.0, 2.64, 2.59, 2.63, 3.73, 3.4, 2.91, 4.0, 3.83, 2.49, 1.8, 2.6, 2.86, 2.67, 2.31, 1.7, 1.46, 2.4], [7.161, 8.671, 9.472, 9.629, 9.505, 9.236, 8.07, 6.84, 5.37, 4.8, 3.95, 3.92, 4.04, 4.22, 4.59, 4.36, 4.42, 5.7, 5.74, 4.59, 3.99, 3.94, 3.71, 3.52, 3.85, 5.63, 6.82, 7.27, 7.54, 8.27, 8.58, 8.57, 9.02, 9.115, 8.26, 8.06, 7.47, 6.61, 6.02, 5.67, 5.43, 5.02, 2.67, 1.7, 1.87, 1.87, 2.0, 1.47, 1.25, 1.65, 1.4, 0, 2.06, 2.53, 1.4, 1.91, 2.39, 3.11, 4.01, 4.65, 4.72, 4.26, 3.79, 3.91, 3.26, 2.17, 1.66, 1.71, 1.86, 2.44, 2.49, 2.47, 3.61, 3.34, 2.97, 3.58, 3.41, 1.81, 1.6, 1.9, 2.06, 1.99, 1.59, 1.42, 1.7, 2.9], [5.344, 6.854, 7.669, 7.806, 7.668, 7.419, 6.25, 5.0, 3.65, 3.18, 2.31, 2.16, 2.14, 2.42, 2.77, 2.48, 2.54, 3.82, 3.9, 2.69, 2.13, 2.2, 2.15, 2.06, 2.69, 3.83, 4.92, 5.37, 5.68, 6.45, 6.98, 6.83, 7.2, 7.35, 6.6, 6.4, 5.81, 5.13, 4.28, 3.95, 3.59, 3.16, 1.57, 3.26, 3.43, 3.29, 3.26, 2.93, 3.03, 3.33, 3.04, 2.06, 0, 1.01, 1.52, 1.77, 1.27, 1.87, 2.57, 3.25, 3.4, 3.36, 3.03, 3.11, 2.7, 2.47, 2.22, 2.51, 2.34, 2.38, 2.53, 2.49, 2.77, 2.92, 3.41, 3.16, 2.67, 1.91, 2.52, 2.34, 2.3, 2.01, 1.91, 2.26, 3.12, 4.7], [5.094, 6.584, 7.367, 7.524, 7.418, 7.152, 5.98, 4.65, 3.58, 3.31, 2.36, 2.17, 2.17, 2.67, 2.72, 2.67, 2.45, 3.39, 3.35, 2.34, 1.78, 2.13, 2.06, 2.49, 3.0, 3.58, 4.51, 4.88, 5.43, 6.08, 6.69, 6.58, 7.13, 7.27, 6.63, 6.71, 6.06, 5.4, 4.35, 3.86, 3.4, 2.99, 1.92, 3.87, 3.92, 3.64, 3.51, 3.36, 3.5, 3.7, 3.51, 2.53, 1.01, 0, 2.09, 2.34, 1.66, 2.26, 2.82, 3.56, 3.71, 3.63, 3.44, 3.52, 3.27, 2.82, 2.79, 3.0, 2.79, 2.89, 2.8, 2.76, 3.12, 3.27, 3.9, 3.67, 3.16, 2.28, 2.61, 2.35, 2.25, 2.22, 2.26, 2.63, 3.53, 5.01], [6.6, 8.113, 8.809, 9.066, 8.965, 8.682, 7.55, 6.28, 4.81, 4.42, 3.55, 3.36, 3.46, 3.62, 3.99, 3.7, 3.8, 5.12, 5.18, 3.99, 3.39, 3.28, 3.05, 2.8, 3.27, 5.13, 6.32, 6.69, 6.94, 7.69, 8.08, 8.05, 8.48, 8.647, 7.8, 7.38, 6.75, 5.91, 5.3, 5.03, 4.73, 4.28, 1.93, 2.12, 2.23, 2.23, 2.26, 1.81, 1.89, 2.25, 2.04, 1.4, 1.52, 2.09, 0, 1.15, 1.67, 2.43, 3.33, 3.99, 4.16, 3.74, 3.23, 3.35, 2.56, 1.91, 1.62, 1.67, 1.86, 2.1, 2.09, 2.09, 2.97, 2.88, 3.23, 3.2, 2.85, 1.39, 1.9, 1.82, 1.74, 1.45, 1.35, 1.58, 2.4, 3.56], [6.228, 7.678, 8.427, 8.685, 8.662, 8.35, 7.24, 6.09, 4.72, 4.25, 3.4, 3.29, 3.51, 3.57, 3.88, 3.63, 3.75, 5.11, 5.25, 4.06, 3.42, 3.31, 3.14, 2.75, 3.3, 5.18, 6.29, 6.8, 7.09, 7.84, 8.19, 8.22, 8.59, 8.751, 7.908, 7.25, 6.58, 5.72, 5.17, 4.92, 4.76, 4.03, 1.6, 2.27, 2.5, 2.86, 2.83, 2.3, 2.28, 2.68, 2.53, 1.91, 1.77, 2.34, 1.15, 0, 1.36, 2.18, 3.04, 3.7, 3.87, 3.39, 2.98, 2.96, 2.45, 1.82, 1.63, 1.94, 2.05, 2.23, 2.24, 2.14, 2.82, 2.73, 3.14, 3.17, 2.74, 1.76, 2.37, 2.23, 2.29, 1.86, 1.9, 2.07, 2.67, 3.79], [5.802, 7.295, 7.999, 8.256, 8.161, 7.877, 6.714, 5.39, 3.94, 3.19, 2.38, 2.37, 2.51, 2.67, 3.12, 2.83, 2.85, 4.23, 4.25, 3.0, 2.42, 2.35, 2.24, 1.85, 2.48, 4.16, 5.45, 5.8, 5.99, 6.7, 7.07, 7.04, 7.49, 7.642, 6.75, 6.29, 5.76, 4.9, 4.45, 4.18, 3.96, 3.45, 1.46, 2.93, 3.36, 3.56, 3.43, 2.84, 2.9, 3.14, 2.97, 2.39, 1.27, 1.66, 1.67, 1.36, 0, 1.36, 2.02, 2.74, 2.93, 2.77, 2.52, 2.48, 2.07, 1.94, 1.77, 2.22, 2.17, 2.09, 2.12, 2.16, 2.36, 2.47, 3.08, 2.81, 2.44, 1.96, 2.77, 2.63, 2.63, 2.3, 2.24, 2.45, 2.93, 4.33], [5.936, 7.443, 8.193, 8.381, 8.26, 8.012, 6.839, 5.49, 4.04, 3.07, 2.38, 2.57, 2.63, 2.77, 3.26, 2.95, 3.01, 4.23, 4.15, 3.26, 2.66, 2.43, 2.16, 1.77, 2.36, 4.06, 5.37, 5.7, 5.93, 6.42, 6.93, 6.68, 7.527, 7.553, 6.596, 6.27, 5.76, 5.04, 4.61, 4.34, 3.92, 3.55, 1.68, 3.47, 4.08, 4.16, 4.09, 3.48, 3.58, 3.54, 3.33, 3.11, 1.87, 2.26, 2.43, 2.18, 1.36, 0, 1.3, 2.16, 2.09, 1.89, 1.82, 1.86, 1.61, 1.92, 2.41, 2.52, 2.03, 1.93, 2.08, 1.94, 1.88, 1.89, 2.28, 2.23, 2.06, 2.36, 3.17, 3.01, 2.97, 2.8, 2.68, 2.95, 3.45, 4.87], [5.163, 6.641, 7.496, 7.633, 7.458, 7.209, 6.091, 4.79, 3.24, 2.29, 1.96, 2.05, 1.95, 2.11, 2.54, 2.21, 2.35, 3.55, 3.61, 2.86, 2.42, 2.21, 2.14, 1.53, 1.84, 3.38, 4.67, 5.0, 5.23, 5.82, 6.23, 6.04, 6.77, 6.847, 5.907, 5.47, 5.06, 4.4, 3.95, 3.68, 3.42, 3.11, 2.48, 4.15, 4.96, 5.1, 5.03, 4.3, 4.42, 4.26, 4.21, 4.01, 2.57, 2.82, 3.33, 3.04, 2.02, 1.3, 0, 1.12, 1.33, 1.63, 1.74, 1.92, 2.01, 2.58, 3.15, 3.2, 2.71, 2.57, 2.62, 2.52, 2.4, 2.29, 2.52, 2.37, 2.22, 3.08, 4.03, 3.77, 3.75, 3.54, 3.44, 3.79, 4.11, 5.59], [4.917, 6.395, 7.213, 7.35, 7.23, 6.963, 5.808, 4.49, 2.98, 2.15, 2.46, 2.51, 2.07, 2.09, 2.48, 2.17, 2.47, 3.37, 3.63, 3.18, 2.88, 2.51, 2.62, 1.85, 1.7, 3.2, 4.47, 4.84, 4.99, 5.7, 6.07, 5.9, 6.513, 6.625, 5.767, 5.204, 4.76, 4.08, 3.65, 3.36, 3.42, 3.15, 3.06, 4.85, 5.72, 5.9, 5.83, 5.02, 5.04, 5.0, 4.93, 4.65, 3.25, 3.56, 3.99, 3.7, 2.74, 2.16, 1.12, 0, 0.89, 1.73, 1.9, 1.96, 2.19, 3.12, 3.81, 3.94, 3.27, 2.89, 2.88, 2.86, 2.46, 2.33, 2.78, 2.61, 2.56, 3.6, 4.73, 4.39, 4.35, 4.0, 4.02, 4.41, 4.71, 6.03], [5.304, 6.736, 7.503, 7.674, 7.553, 7.305, 6.132, 4.78, 3.33, 2.52, 2.79, 2.9, 2.58, 2.58, 2.95, 2.66, 2.88, 3.7, 3.9, 3.39, 3.07, 2.62, 2.65, 1.98, 1.97, 3.35, 4.657, 4.99, 5.22, 5.73, 6.18, 5.95, 6.76, 6.826, 5.903, 5.465, 5.03, 4.33, 3.92, 3.65, 3.33, 3.06, 3.21, 4.96, 5.91, 6.05, 6.0, 5.15, 5.21, 4.99, 4.9, 4.72, 3.4, 3.71, 4.16, 3.87, 2.93, 2.09, 1.33, 0.89, 0, 1.3, 1.71, 1.73, 2.06, 3.13, 3.92, 3.93, 3.18, 2.74, 2.67, 2.67, 2.31, 2.1, 2.39, 2.22, 2.27, 3.65, 4.66, 4.38, 4.3, 4.09, 4.11, 4.44, 4.76, 5.94], [6.329, 7.836, 8.537, 8.782, 8.653, 8.404, 7.241, 5.88, 4.45, 3.46, 2.99, 3.24, 3.16, 3.26, 3.71, 3.44, 3.54, 4.5, 4.54, 3.75, 3.29, 2.96, 2.75, 2.24, 2.51, 4.33, 5.7, 5.95, 6.16, 6.65, 7.1, 6.93, 7.777, 7.871, 6.949, 6.493, 6.061, 5.25, 4.92, 4.63, 4.23, 3.9, 2.89, 4.26, 5.35, 5.53, 5.48, 4.71, 4.65, 4.37, 4.32, 4.26, 3.36, 3.63, 3.74, 3.39, 2.77, 1.89, 1.63, 1.73, 1.3, 0, 0.83, 0.93, 1.52, 2.39, 3.22, 3.21, 2.66, 2.32, 2.07, 2.17, 1.87, 1.54, 1.95, 2.36, 2.21, 2.99, 3.86, 3.62, 3.64, 3.49, 3.57, 3.86, 4.06, 4.98], [6.401, 7.908, 8.57, 8.855, 8.725, 8.476, 7.313, 5.97, 4.54, 3.57, 3.0, 3.25, 3.25, 3.39, 3.84, 3.53, 3.51, 4.67, 4.77, 3.94, 3.42, 3.17, 2.84, 2.23, 2.52, 4.52, 5.87, 6.06, 6.21, 6.82, 7.17, 7.08, 7.859, 7.965, 7.047, 6.583, 6.08, 5.28, 4.97, 4.7, 4.3, 3.91, 2.68, 3.81, 4.9, 5.1, 5.09, 4.28, 4.18, 4.0, 3.97, 3.79, 3.03, 3.44, 3.23, 2.98, 2.52, 1.82, 1.74, 1.9, 1.71, 0.83, 0, 0.7, 1.15, 1.98, 2.73, 2.8, 2.41, 2.19, 2.0, 2.16, 1.9, 1.59, 1.9, 2.17, 1.92, 2.54, 3.51, 3.19, 3.29, 3.1, 3.08, 3.35, 3.57, 4.49], [6.541, 8.048, 8.71, 8.998, 8.865, 8.616, 7.456, 6.11, 4.68, 3.71, 3.18, 3.51, 3.47, 3.59, 4.0, 3.69, 3.69, 4.89, 4.99, 4.18, 3.66, 3.35, 3.1, 2.41, 2.66, 4.7, 6.05, 6.24, 6.37, 6.94, 7.37, 7.16, 8.001, 8.079, 7.144, 6.641, 6.22, 5.4, 5.11, 4.84, 4.46, 4.09, 2.8, 3.91, 4.96, 5.18, 5.17, 4.38, 4.32, 4.04, 4.03, 3.91, 3.11, 3.52, 3.35, 2.96, 2.48, 1.86, 1.92, 1.96, 1.73, 0.93, 0.7, 0, 1.05, 2.04, 2.87, 2.9, 2.51, 2.15, 1.98, 2.22, 1.94, 1.63, 1.92, 2.27, 2.1, 2.76, 3.69, 3.37, 3.49, 3.24, 3.26, 3.47, 3.65, 4.59], [6.725, 8.232, 8.906, 9.199, 9.085, 8.801, 7.657, 6.34, 4.89, 3.9, 3.33, 3.58, 3.6, 3.76, 4.19, 3.9, 3.9, 5.16, 5.26, 4.25, 3.71, 3.52, 3.21, 2.56, 2.89, 4.99, 6.34, 6.53, 6.64, 7.23, 7.62, 7.51, 8.257, 8.352, 7.417, 6.874, 6.47, 5.65, 5.34, 5.07, 4.75, 4.3, 2.29, 3.22, 4.23, 4.45, 4.46, 3.63, 3.67, 3.51, 3.48, 3.26, 2.7, 3.27, 2.56, 2.45, 2.07, 1.61, 2.01, 2.19, 2.06, 1.52, 1.15, 1.05, 0, 1.43, 2.32, 2.43, 2.02, 1.46, 1.47, 1.75, 1.65, 1.36, 1.67, 1.92, 2.15, 2.33, 3.26, 2.94, 2.94, 2.67, 2.73, 2.94, 3.12, 4.14], [7.27, 8.777, 9.496, 9.733, 9.615, 9.346, 8.191, 6.87, 5.4, 4.45, 3.68, 3.79, 3.87, 4.09, 4.58, 4.29, 4.31, 5.61, 5.57, 4.32, 3.76, 3.59, 3.32, 2.95, 3.5, 5.5, 6.79, 7.1, 7.27, 7.92, 8.37, 8.22, 8.81, 8.939, 8.002, 7.49, 7.06, 6.3, 5.93, 5.64, 5.24, 4.87, 2.28, 1.93, 3.08, 3.36, 3.33, 2.58, 2.44, 2.32, 2.31, 2.17, 2.47, 2.82, 1.91, 1.82, 1.94, 1.92, 2.58, 3.12, 3.13, 2.39, 1.98, 2.04, 1.43, 0, 1.21, 1.36, 1.45, 1.45, 1.3, 1.4, 2.06, 1.67, 1.74, 2.37, 2.58, 1.58, 2.09, 2.07, 2.35, 2.12, 2.02, 2.09, 2.21, 3.15], [7.178, 8.686, 9.574, 9.712, 9.523, 9.254, 8.17, 6.92, 5.37, 4.46, 3.69, 3.8, 3.94, 4.04, 4.63, 4.32, 4.36, 5.8, 5.82, 4.57, 3.95, 3.78, 3.55, 3.14, 3.69, 5.67, 6.96, 7.33, 7.46, 8.19, 8.64, 8.45, 9.0, 9.132, 8.26, 7.58, 7.27, 6.43, 6.06, 5.77, 5.45, 5.06, 2.51, 1.64, 2.41, 2.91, 2.94, 2.19, 1.95, 2.01, 1.82, 1.66, 2.22, 2.79, 1.62, 1.63, 1.77, 2.41, 3.15, 3.81, 3.92, 3.22, 2.73, 2.87, 2.32, 1.21, 0, 0.81, 1.32, 1.86, 1.91, 1.97, 2.83, 2.5, 2.37, 3.08, 2.79, 1.65, 1.88, 2.18, 2.48, 2.19, 1.99, 1.86, 2.04, 3.08], [7.646, 9.147, 9.999, 10.136, 9.973, 9.721, 8.594, 7.33, 5.8, 4.81, 4.0, 4.15, 4.25, 4.45, 5.02, 4.69, 4.71, 6.11, 6.05, 4.9, 4.22, 3.99, 3.74, 3.49, 3.98, 5.96, 7.25, 7.58, 7.79, 8.38, 8.85, 8.64, 9.35, 9.379, 8.453, 7.89, 7.56, 6.82, 6.45, 6.16, 5.8, 5.47, 2.94, 1.53, 2.56, 2.9, 2.95, 2.1, 1.86, 1.74, 1.65, 1.71, 2.51, 3.0, 1.67, 1.94, 2.22, 2.52, 3.2, 3.94, 3.93, 3.21, 2.8, 2.9, 2.43, 1.36, 0.81, 0, 1.13, 1.85, 1.82, 1.86, 2.8, 2.45, 2.16, 3.05, 3.1, 1.9, 1.91, 2.37, 2.71, 2.46, 2.08, 1.91, 1.93, 2.87], [7.489, 8.976, 9.74, 9.914, 9.793, 9.545, 8.372, 7.0, 5.57, 4.58, 3.85, 4.0, 4.02, 4.3, 4.79, 4.48, 4.54, 5.78, 5.68, 4.51, 3.87, 3.62, 3.33, 3.18, 3.67, 5.61, 6.9, 7.23, 7.44, 7.97, 8.46, 8.21, 8.986, 9.054, 8.169, 7.705, 7.261, 6.51, 6.14, 5.85, 5.45, 5.12, 2.83, 2.22, 3.03, 3.29, 3.3, 2.41, 2.27, 2.09, 2.0, 1.86, 2.34, 2.79, 1.86, 2.05, 2.17, 2.03, 2.71, 3.27, 3.18, 2.66, 2.41, 2.51, 2.02, 1.45, 1.32, 1.13, 0, 1.2, 1.27, 1.19, 1.91, 1.64, 1.87, 2.66, 2.81, 1.79, 2.08, 2.36, 2.62, 2.45, 2.13, 2.02, 2.2, 3.38], [7.506, 8.979, 9.649, 9.946, 9.81, 9.559, 8.404, 7.08, 5.63, 4.62, 3.91, 4.04, 4.1, 4.34, 4.83, 4.52, 4.54, 5.86, 5.66, 4.51, 3.95, 3.62, 3.37, 3.12, 3.63, 5.67, 6.997, 7.207, 7.44, 7.93, 8.4, 8.13, 8.98, 8.994, 8.063, 7.625, 7.23, 6.47, 6.12, 5.85, 5.51, 5.12, 2.71, 2.72, 3.63, 3.75, 3.76, 2.91, 2.93, 2.81, 2.64, 2.44, 2.38, 2.89, 2.1, 2.23, 2.09, 1.93, 2.57, 2.89, 2.74, 2.32, 2.19, 2.15, 1.46, 1.45, 1.86, 1.85, 1.2, 0, 0.81, 1.03, 1.41, 1.32, 1.93, 2.36, 2.89, 1.99, 2.58, 2.62, 2.64, 2.45, 2.23, 2.26, 2.6, 3.8], [7.473, 8.98, 9.647, 9.926, 9.797, 9.548, 8.385, 7.03, 5.6, 4.61, 3.86, 4.01, 4.05, 4.31, 4.8, 4.53, 4.59, 5.71, 5.51, 4.36, 3.82, 3.41, 3.22, 3.01, 3.6, 5.52, 6.907, 7.094, 7.31, 7.76, 8.21, 7.96, 8.927, 8.984, 8.038, 7.623, 7.194, 6.36, 6.03, 5.76, 5.4, 4.99, 2.66, 2.67, 3.62, 3.76, 3.73, 2.96, 2.94, 2.7, 2.59, 2.49, 2.53, 2.8, 2.09, 2.24, 2.12, 2.08, 2.62, 2.88, 2.67, 2.07, 2.0, 1.98, 1.47, 1.3, 1.91, 1.82, 1.27, 0.81, 0, 0.84, 1.42, 1.23, 1.96, 2.39, 2.78, 1.88, 2.33, 2.37, 2.37, 2.14, 2.1, 2.13, 2.43, 3.57], [7.316, 8.823, 9.57, 9.767, 9.64, 9.392, 8.225, 6.87, 5.42, 4.43, 3.68, 3.87, 3.89, 4.13, 4.62, 4.33, 4.45, 5.55, 5.35, 4.24, 3.66, 3.35, 3.02, 3.03, 3.5, 5.34, 6.681, 7.011, 7.25, 7.64, 8.09, 7.96, 8.758, 8.858, 7.949, 7.518, 7.1, 6.34, 5.97, 5.68, 5.24, 4.95, 2.56, 2.87, 3.66, 3.78, 3.73, 2.94, 2.92, 2.74, 2.63, 2.47, 2.49, 2.76, 2.09, 2.14, 2.16, 1.94, 2.52, 2.86, 2.67, 2.17, 2.16, 2.22, 1.75, 1.4, 1.97, 1.86, 1.19, 1.03, 0.84, 0, 1.2, 1.13, 1.74, 2.35, 2.64, 1.76, 2.31, 2.23, 2.35, 2.12, 2.1, 2.25, 2.59, 3.95], [7.119, 8.626, 9.281, 9.56, 9.443, 9.194, 8.025, 6.67, 5.24, 4.27, 3.52, 3.73, 3.71, 3.95, 4.44, 4.19, 4.29, 5.269, 5.01, 3.98, 3.48, 3.17, 2.78, 2.79, 3.24, 5.0, 6.435, 6.676, 6.903, 7.2, 7.63, 7.596, 8.5, 8.557, 7.649, 7.269, 6.836, 6.033, 5.663, 5.4, 5.0, 4.65, 2.66, 3.91, 4.78, 4.9, 4.81, 4.02, 4.08, 3.84, 3.73, 3.61, 2.77, 3.12, 2.97, 2.82, 2.36, 1.88, 2.4, 2.46, 2.31, 1.87, 1.9, 1.94, 1.65, 2.06, 2.83, 2.8, 1.91, 1.41, 1.42, 1.2, 0, 0.87, 2.18, 2.47, 2.56, 2.46, 3.21, 2.99, 2.99, 2.86, 2.88, 3.15, 3.51, 4.81], [7.046, 8.553, 9.208, 9.487, 9.37, 9.121, 7.955, 6.6, 5.17, 4.2, 3.47, 3.64, 3.64, 3.88, 4.37, 4.12, 4.24, 5.2, 5.0, 3.95, 3.41, 3.16, 2.79, 2.74, 3.17, 4.95, 6.414, 6.621, 6.82, 7.17, 7.66, 7.51, 8.451, 8.516, 7.599, 7.173, 6.743, 5.943, 5.591, 5.33, 4.93, 4.58, 2.63, 3.52, 4.49, 4.67, 4.56, 3.77, 3.79, 3.51, 3.4, 3.34, 2.92, 3.27, 2.88, 2.73, 2.47, 1.89, 2.29, 2.33, 2.1, 1.54, 1.59, 1.63, 1.36, 1.67, 2.5, 2.45, 1.64, 1.32, 1.23, 1.13, 0.87, 0, 1.73, 2.22, 2.27, 2.27, 2.94, 2.7, 2.84, 2.71, 2.67, 2.86, 3.2, 4.42], [6.834, 8.304, 9.076, 9.233, 9.123, 8.872, 7.72, 6.43, 4.98, 3.95, 3.54, 3.97, 3.89, 4.03, 4.34, 4.03, 4.17, 5.25, 5.29, 4.64, 4.18, 3.89, 3.6, 3.19, 3.24, 4.92, 6.23, 6.574, 6.81, 7.26, 7.73, 7.48, 8.344, 8.37, 7.441, 6.995, 6.594, 5.86, 5.49, 5.22, 5.0, 4.61, 2.94, 3.11, 4.18, 4.46, 4.45, 3.6, 3.34, 3.14, 2.91, 2.97, 3.41, 3.9, 3.23, 3.14, 3.08, 2.28, 2.52, 2.78, 2.39, 1.95, 1.9, 1.92, 1.67, 1.74, 2.37, 2.16, 1.87, 1.93, 1.96, 1.74, 2.18, 1.73, 0, 1.61, 2.1, 2.22, 2.85, 2.71, 2.95, 2.9, 2.64, 2.67, 2.79, 4.19], [5.69, 6.988, 7.663, 7.845, 7.742, 7.456, 6.31, 5.48, 3.81, 3.18, 3.09, 3.56, 3.54, 3.48, 3.71, 3.54, 3.74, 4.34, 4.72, 4.23, 3.77, 3.58, 3.41, 2.7, 2.65, 3.63, 4.84, 5.05, 5.28, 5.93, 6.32, 6.07, 6.88, 6.92, 5.997, 5.62, 5.13, 4.35, 4.02, 3.81, 3.65, 3.26, 2.67, 4.1, 4.97, 5.05, 4.96, 4.13, 4.19, 4.09, 4.0, 3.58, 3.16, 3.67, 3.2, 3.17, 2.81, 2.23, 2.37, 2.61, 2.22, 2.36, 2.17, 2.27, 1.92, 2.37, 3.08, 3.05, 2.66, 2.36, 2.39, 2.35, 2.47, 2.22, 1.61, 0, 1.49, 2.53, 3.6, 3.18, 3.06, 2.89, 2.77, 3.2, 3.58, 5.18], [5.14, 6.483, 7.093, 7.381, 7.317, 7.032, 5.919, 4.83, 3.32, 2.85, 2.58, 2.67, 2.69, 2.67, 2.92, 2.75, 2.89, 3.53, 3.81, 3.32, 2.92, 2.81, 2.6, 1.93, 1.84, 3.1, 4.39, 4.6, 4.81, 5.5, 5.95, 5.86, 6.45, 6.588, 5.71, 5.19, 4.68, 3.9, 3.53, 3.32, 3.12, 2.71, 2.3, 4.09, 4.58, 4.74, 4.73, 3.94, 3.94, 3.96, 3.83, 3.41, 2.67, 3.16, 2.85, 2.74, 2.44, 2.06, 2.22, 2.56, 2.27, 2.21, 1.92, 2.1, 2.15, 2.58, 