[[0, 0.96, 1.21, 1.36, 1.19, 1.3, 1.91, 2.78, 3.08, 2.49, 2.74, 2.95, 2.92, 3.14, 3.13, 3.28, 3.93, 4.87, 5.11, 4.82, 5.61, 8.26, 10.591, 11.484, 10.249, 9.993, 11.907, 14.009, 15.067, 14.633, 12.976, 11.934, 11.795, 9.972, 6.471, 3.25, 3.27, 4.35, 5.48, 5.24, 5.63, 5.99, 5.51, 5.11, 5.13, 4.99, 4.65, 4.67, 4.68, 4.71, 4.64, 4.73, 4.87, 4.49, 4.6, 4.819, 4.467, 3.632, 3.01, 1.91, 1.78, 1.84, 2.11, 2.52, 2.39, 2.46, 2.33, 2.78, 2.96, 4.136, 5.881, 8.162, 10.549, 10.626, 10.357, 10.562, 11.04, 10.957, 10.966, 10.885, 11.122, 11.003, 11.333, 11.447, 11.097, 11.369], [0.96, 0, 0.65, 0.98, 0.91, 1.12, 1.63, 2.44, 2.78, 2.23, 2.2, 2.45, 2.4, 2.62, 2.73, 2.92, 3.75, 4.43, 4.83, 4.6, 5.67, 8.36, 10.835, 11.743, 10.526, 10.197, 12.149, 14.308, 15.375, 14.936, 13.279, 12.228, 12.107, 10.274, 6.817, 3.67, 4.05, 4.85, 5.82, 5.82, 6.25, 6.59, 6.13, 5.77, 5.77, 5.67, 5.35, 5.35, 5.32, 5.25, 5.06, 5.03, 5.19, 4.83, 4.88, 4.93, 4.507, 3.8, 2.97, 2.11, 2.04, 2.12, 2.33, 2.92, 3.07, 2.96, 2.77, 3.32, 3.74, 4.459, 6.158, 8.471, 10.842, 10.934, 10.665, 10.864, 11.311, 11.242, 11.271, 11.184, 11.43, 11.311, 11.638, 11.735, 11.408, 11.677], [1.21, 0.65, 0, 0.65, 0.78, 0.93, 1.6, 2.27, 2.47, 1.92, 1.97, 2.3, 2.23, 2.51, 2.68, 2.95, 3.78, 4.44, 4.9, 4.71, 5.82, 8.55, 11.145, 12.033, 10.761, 10.464, 12.356, 14.546, 15.613, 15.182, 13.566, 12.495, 12.414, 10.57, 7.085, 4.1, 4.2, 4.94, 5.91, 5.99, 6.4, 6.74, 6.28, 5.92, 5.94, 5.82, 5.5, 5.5, 5.47, 5.4, 5.13, 5.04, 5.26, 4.86, 4.89, 4.84, 4.427, 3.75, 2.9, 2.14, 2.19, 2.27, 2.5, 3.07, 3.26, 3.11, 2.92, 3.43, 3.85, 4.749, 6.468, 8.778, 11.147, 11.242, 10.963, 11.168, 11.624, 11.524, 11.558, 11.48, 11.723, 11.627, 11.948, 12.034, 11.715, 11.981], [1.36, 0.98, 0.65, 0, 0.69, 0.72, 1.37, 2.16, 2.36, 1.85, 2.04, 2.39, 2.3, 2.58, 2.85, 3.1, 4.01, 4.71, 5.11, 4.92, 5.95, 8.64, 11.34, 12.276, 11.011, 10.728, 12.599, 14.785, 15.857, 15.423, 13.804, 12.73, 12.652, 10.817, 7.412, 4.43, 4.27, 4.95, 5.84, 6.02, 6.45, 6.79, 6.33, 5.97, 5.99, 5.87, 5.53, 5.53, 5.5, 5.45, 5.2, 5.13, 5.35, 4.99, 4.92, 4.85, 4.357, 3.777, 2.89, 2.17, 2.36, 2.46, 2.73, 3.28, 3.39, 3.28, 3.07, 3.48, 3.92, 5.059, 6.723, 9.007, 11.396, 11.505, 11.225, 11.398, 11.894, 11.782, 11.826, 11.736, 11.985, 11.875, 12.207, 12.293, 11.957, 12.208], [1.19, 0.91, 0.78, 0.69, 0, 0.71, 1.34, 2.25, 2.43, 1.8, 1.95, 2.3, 2.19, 2.49, 2.54, 2.83, 3.68, 4.46, 4.72, 4.55, 5.58, 8.326, 11.128, 12.076, 10.854, 10.53, 12.456, 14.607, 15.673, 15.228, 13.577, 12.506, 12.425, 10.59, 7.242, 4.3, 4.3, 5.04, 5.95, 6.13, 6.56, 6.9, 6.44, 6.06, 6.08, 5.96, 5.62, 5.62, 5.59, 5.54, 5.33, 5.24, 5.46, 5.1, 5.01, 5.1, 4.462, 3.827, 2.76, 2.28, 2.45, 2.53, 2.8, 3.31, 3.42, 3.37, 3.08, 3.55, 3.95, 4.869, 6.511, 8.78, 11.169, 11.282, 10.998, 11.171, 11.664, 11.552, 11.596, 11.506, 11.755, 11.645, 11.977, 12.071, 11.73, 11.981], [1.3, 1.12, 0.93, 0.72, 0.71, 0, 1.11, 2.02, 2.3, 1.89, 2.2, 2.51, 2.42, 2.74, 2.85, 3.08, 3.93, 4.65, 4.93, 4.74, 5.77, 8.536, 11.295, 12.243, 11.006, 10.697, 12.583, 14.774, 15.855, 15.398, 13.764, 12.696, 12.61, 10.766, 7.372, 4.43, 4.11, 4.73, 5.64, 5.8, 6.23, 6.59, 6.11, 5.75, 5.77, 5.65, 5.31, 5.33, 5.32, 5.25, 5.08, 4.97, 5.23, 4.87, 4.86, 4.85, 4.257, 3.58, 2.59, 2.05, 2.36, 2.46, 2.77, 3.24, 3.29, 3.28, 2.99, 3.3, 3.8, 5.016, 6.678, 8.971, 11.343, 11.449, 11.165, 11.361, 11.828, 11.731, 11.76, 11.673, 11.919, 11.82, 12.142, 12.244, 11.911, 12.174], [1.91, 1.63, 1.6, 1.37, 1.34, 1.11, 0, 1.15, 1.63, 1.72, 2.77, 2.92, 2.83, 3.13, 3.28, 3.71, 4.54, 5.22, 5.4, 5.23, 6.314, 9.105, 12.099, 13.039, 11.819, 11.49, 13.393, 15.605, 16.656, 16.232, 14.58, 13.523, 13.413, 11.587, 8.165, 5.002, 4.38, 4.8, 5.51, 5.89, 6.34, 6.68, 6.28, 5.96, 5.98, 5.88, 5.56, 5.6, 5.63, 5.52, 5.29, 5.14, 5.36, 5.0, 4.99, 4.86, 4.17, 3.67, 2.7, 2.38, 2.79, 2.99, 3.18, 3.71, 3.92, 3.69, 3.38, 3.67, 4.23, 5.766, 7.465, 9.778, 12.158, 12.25, 11.981, 12.177, 12.621, 12.547, 12.581, 12.494, 12.74, 12.621, 12.948, 13.048, 12.715, 12.987], [2.78, 2.44, 2.27, 2.16, 2.25, 2.02, 1.15, 0, 0.98, 1.71, 3.26, 3.49, 3.36, 3.62, 4.025, 4.583, 5.413, 5.87, 6.162, 6.111, 7.278, 10.056, 13.135, 14.097, 12.861, 12.552, 14.428, 16.651, 17.7, 17.282, 15.639, 14.582, 14.469, 12.643, 9.137, 5.832, 4.61, 4.99, 5.66, 6.12, 6.55, 6.89, 6.47, 6.17, 6.19, 6.11, 5.79, 5.83, 5.82, 5.73, 5.42, 5.23, 5.43, 5.03, 5.0, 4.77, 4.14, 3.68, 2.75, 2.75, 3.5, 3.6, 3.61, 4.28, 4.675, 4.42, 3.65, 3.96, 4.72, 6.766, 8.521, 10.833, 13.211, 13.303, 13.034, 13.23, 13.677, 13.608, 13.634, 13.55, 13.796, 13.677, 14.004, 14.104, 13.771, 14.043], [3.08, 2.78, 2.47, 2.36, 2.43, 2.3, 1.63, 0.98, 0, 1.51, 3.14, 3.37, 3.24, 3.6, 4.15, 4.74, 5.593, 6.13, 6.321, 6.437, 7.706, 10.456, 13.411, 14.371, 13.12, 12.808, 14.676, 16.904, 17.962, 17.538, 15.91, 14.838, 14.74, 12.916, 9.414, 6.032, 4.55, 4.81, 5.52, 5.94, 6.37, 6.71, 6.29, 5.97, 5.99, 5.91, 5.59, 5.63, 5.62, 5.53, 5.2, 5.05, 5.11, 4.83, 4.74, 4.57, 3.94, 3.48, 2.43, 2.71, 3.74, 3.813, 3.79, 4.52, 4.875, 4.559, 3.45, 3.72, 4.89, 7.059, 8.791, 11.104, 13.488, 13.574, 13.301, 13.498, 13.953, 13.862, 13.893, 13.809, 14.058, 13.953, 14.281, 14.375, 14.053, 14.311], [2.49, 2.23, 1.92, 1.85, 1.8, 1.89, 1.72, 1.71, 1.51, 0, 1.81, 2.16, 2.13, 2.45, 3.1, 3.729, 4.56, 5.1, 5.4, 5.424, 6.765, 9.512, 12.409, 13.351, 12.083, 11.771, 13.64, 15.868, 16.926, 16.51, 14.891, 13.817, 13.733, 11.904, 8.542, 5.4, 4.98, 5.88, 6.63, 7.01, 7.42, 7.78, 7.3, 6.9, 6.92, 6.78, 6.38, 6.38, 6.35, 6.36, 6.09, 6.04, 6.18, 5.84, 5.79, 5.617, 4.973, 4.476, 3.16, 2.68, 3.17, 3.27, 3.3, 3.93, 4.24, 3.99, 3.64, 4.35, 4.73, 6.106, 7.799, 10.094, 12.472, 12.581, 12.303, 12.482, 12.955, 12.849, 12.895, 12.806, 13.057, 12.95, 13.28, 13.371, 13.041, 13.295], [2.74, 2.2, 1.97, 2.04, 1.95, 2.2, 2.77, 3.26, 3.14, 1.81, 0, 0.93, 0.96, 1.26, 1.79, 2.22, 3.17, 3.67, 3.97, 3.96, 5.21, 7.936, 10.825, 11.767, 10.487, 10.17, 12.05, 14.267, 15.322, 14.908, 13.295, 12.215, 12.155, 10.363, 7.17, 4.91, 5.63, 6.69, 7.5, 7.84, 8.23, 8.61, 8.11, 7.67, 7.69, 7.55, 7.15, 7.09, 7.12, 7.11, 6.88, 6.87, 7.01, 6.69, 6.64, 6.43, 5.866, 5.366, 4.01, 3.31, 3.18, 3.22, 3.31, 3.92, 4.33, 4.2, 4.35, 5.12, 5.28, 5.06, 6.226, 8.499, 10.887, 10.996, 10.716, 10.898, 11.376, 11.27, 11.316, 11.227, 11.476, 11.366, 11.699, 11.784, 11.448, 11.699], [2.95, 2.45, 2.3, 2.39, 2.3, 2.51, 2.92, 3.49, 3.37, 2.16, 0.93, 0, 0.37, 0.59, 1.24, 1.73, 2.64, 3.136, 3.44, 3.47, 4.662, 7.569, 10.42, 11.363, 10.118, 9.826, 11.646, 13.863, 14.917, 14.504, 12.891, 11.811, 11.739, 9.939, 6.645, 4.92, 5.74, 6.78, 7.57, 7.95, 8.32, 8.74, 8.22, 7.78, 7.8, 7.66, 7.24, 7.2, 7.23, 7.24, 7.01, 7.0, 7.12, 6.86, 6.83, 6.674, 6.05, 5.473, 4.18, 3.42, 3.29, 3.31, 3.4, 3.97, 4.44, 4.31, 4.46, 5.21, 5.35, 4.83, 5.807, 8.092, 10.492, 10.601, 10.321, 10.491, 10.969, 10.863, 10.909, 10.82, 11.069, 10.959, 11.292, 11.38, 11.044, 11.295], [2.92, 2.4, 2.23, 2.3, 2.19, 2.42, 2.83, 3.36, 3.24, 2.13, 0.96, 0.37, 0, 0.6, 1.19, 1.74, 2.61, 3.15, 3.39, 3.48, 4.729, 7.576, 10.488, 11.43, 10.165, 9.853, 11.713, 13.93, 14.985, 14.571, 12.958, 11.878, 11.806, 9.971, 6.652, 4.95, 5.75, 6.81, 7.6, 7.98, 8.35, 8.75, 8.23, 7.79, 7.81, 7.67, 7.27, 7.21, 7.24, 7.25, 7.02, 7.01, 7.15, 6.87, 6.82, 6.684, 6.02, 5.483, 4.11, 3.41, 3.3, 3.34, 3.43, 4.0, 4.47, 4.32, 4.49, 5.24, 5.4, 4.96, 5.877, 8.162, 10.55, 10.659, 10.379, 10.558, 11.036, 10.93, 10.976, 10.887, 11.136, 11.026, 11.359, 11.447, 11.111, 11.362], [3.14, 2.62, 2.51, 2.58, 2.49, 2.74, 3.13, 3.62, 3.6, 2.45, 1.26, 0.59, 0.6, 0, 0.91, 1.46, 2.37, 2.87, 3.19, 3.26, 4.43, 7.373, 10.191, 11.134, 9.922, 9.636, 11.41, 13.627, 14.682, 14.268, 12.655, 11.575, 11.503, 9.683, 6.369, 4.89, 5.81, 6.89, 7.7, 8.08, 8.43, 8.85, 8.29, 7.85, 7.85, 7.71, 7.33, 7.29, 7.32, 7.35, 7.16, 7.167, 7.25, 7.027, 6.991, 6.861, 6.237, 5.62, 4.33, 3.55, 3.32, 3.28, 3.37, 3.98, 4.43, 4.32, 4.59, 5.34, 5.38, 4.86, 5.577, 7.862, 10.25, 10.359, 10.079, 10.249, 10.733, 10.627, 10.673, 10.584, 10.833, 10.723, 11.056, 11.144, 10.808, 11.059], [3.13, 2.73, 2.68, 2.85, 2.54, 2.85, 3.28, 4.025, 4.15, 3.1, 1.79, 1.24, 1.19, 0.91, 0, 0.85, 1.72, 2.38, 2.6, 2.57, 3.74, 6.64, 9.611, 10.525, 9.229, 8.943, 10.892, 13.003, 14.049, 13.642, 12.039, 10.948, 10.882, 9.07, 5.8, 4.74, 5.76, 6.9, 7.647, 8.067, 8.397, 8.82, 8.22, 7.8, 7.78, 7.64, 7.26, 7.22, 7.29, 7.34, 7.29, 7.285, 7.485, 7.205, 7.235, 7.179, 6.463, 5.769, 4.405, 3.48, 3.23, 3.19, 3.36, 3.87, 4.34, 4.21, 4.6, 5.33, 5.27, 4.65, 5.012, 7.243, 9.637, 9.746, 9.466, 9.636, 10.117, 10.012, 10.054, 9.965, 10.214, 10.104, 10.437, 10.531, 10.187, 10.438], [3.28, 2.92, 2.95, 3.1, 2.83, 3.08, 3.71, 4.583, 4.74, 3.729, 2.22, 1.73, 1.74, 1.46, 0.85, 0, 1.33, 2.07, 2.29, 2.1, 3.15, 6.04, 8.955, 9.909, 8.64, 8.331, 10.26, 12.428, 13.456, 13.021, 11.403, 10.312, 10.246, 8.414, 5.23, 4.75, 5.83, 6.97, 7.78, 8.137, 8.47, 8.89, 8.31, 7.89, 7.87, 7.73, 7.35, 7.31, 7.36, 7.43, 7.32, 7.304, 7.492, 7.264, 7.262, 7.338, 6.716, 5.911, 4.687, 3.63, 3.3, 3.26, 3.49, 4.0, 4.37, 4.28, 4.71, 5.4, 5.32, 4.66, 4.42, 6.611, 9.011, 9.129, 8.834, 9.004, 9.503, 9.376, 9.426, 9.336, 9.581, 9.471, 9.804, 9.892, 9.551, 9.802], [3.93, 3.75, 3.78, 4.01, 3.68, 3.93, 4.54, 5.413, 5.593, 4.56, 3.17, 2.64, 2.61, 2.37, 1.72, 1.33, 0, 1.36, 1.6, 1.39, 2.5, 5.21, 8.093, 9.03, 7.72, 7.51, 9.45, 11.398, 12.49, 12.031, 10.414, 9.343, 9.256, 7.451, 4.6, 5.14, 6.28, 7.44, 8.244, 8.707, 8.934, 9.34, 8.72, 8.32, 8.28, 8.14, 7.78, 7.74, 7.79, 7.9, 7.83, 7.831, 8.042, 7.762, 7.852, 7.936, 7.415, 6.575, 5.471, 4.32, 3.95, 3.87, 4.02, 4.41, 4.76, 4.69, 5.18, 5.83, 5.73, 5.03, 3.87, 5.621, 8.031, 8.155, 7.859, 8.049, 8.54, 8.39, 8.439, 8.349, 8.592, 8.488, 8.821, 8.915, 8.581, 8.832], [4.87, 4.43, 4.44, 4.71, 4.46, 4.65, 5.22, 5.87, 6.13, 5.1, 3.67, 3.136, 3.15, 2.87, 2.38, 2.07, 1.36, 0, 0.82, 0.85, 1.98, 4.75, 7.586, 8.499, 7.23, 6.901, 8.829, 10.998, 12.046, 11.648, 10.014, 8.943, 8.946, 7.22, 5.16, 6.04, 7.4, 8.58, 9.364, 9.704, 10.054, 10.46, 9.8, 9.42, 9.36, 9.24, 8.86, 8.86, 8.91, 9.04, 8.93, 8.951, 9.105, 8.851, 8.875, 8.791, 8.221, 7.495, 6.231, 5.06, 4.83, 4.79, 4.88, 5.41, 5.82, 5.77, 6.28, 6.95, 6.747, 5.93, 4.41, 5.238, 7.631, 7.755, 7.459, 7.629, 8.13, 8.01, 8.059, 7.949, 8.192, 8.088, 8.421, 8.515, 8.185, 8.448], [5.11, 4.83, 4.9, 5.11, 4.72, 4.93, 5.4, 6.162, 6.321, 5.4, 3.97, 3.44, 3.39, 3.19, 2.6, 2.29, 1.6, 0.82, 0, 0.63, 1.64, 4.38, 7.349, 8.3, 7.073, 6.73, 8.665, 10.833, 11.89, 11.433, 9.777, 8.726, 8.749, 7.033, 5.32, 6.06, 7.46, 8.68, 9.361, 9.761, 10.111, 10.5, 9.84, 9.46, 9.4, 9.32, 8.94, 8.96, 9.05, 9.18, 9.13, 9.125, 9.322, 9.102, 9.112, 9.185, 8.518, 7.761, 6.462, 5.18, 4.91, 4.99, 5.14, 5.55, 5.86, 5.85, 6.46, 7.11, 6.79, 5.95, 4.49, 4.998, 7.391, 7.515, 7.219, 7.389, 7.89, 7.77, 7.819, 7.709, 7.952, 7.848, 8.181, 8.298, 7.948, 8.211], [4.82, 4.6, 4.71, 4.92, 4.55, 4.74, 5.23, 6.111, 6.437, 5.424, 3.96, 3.47, 3.48, 3.26, 2.57, 2.1, 1.39, 0.85, 0.63, 0, 1.43, 4.28, 7.179, 8.15, 6.902, 6.572, 8.555, 10.643, 11.729, 11.264, 9.627, 8.58, 8.519, 6.763, 4.97, 5.75, 7.13, 8.33, 9.051, 9.431, 9.781, 10.17, 9.51, 9.11, 9.07, 8.97, 8.59, 8.59, 8.68, 8.81, 8.779, 8.772, 8.992, 8.749, 8.842, 8.969, 8.282, 7.485, 6.289, 4.89, 4.6, 4.7, 4.87, 5.22, 5.51, 5.52, 6.15, 6.74, 6.44, 5.64, 4.16, 4.854, 7.221, 7.345, 7.049, 7.239, 7.72, 7.58, 7.629, 7.539, 7.782, 7.698, 8.011, 8.108, 7.798, 8.061], [5.61, 5.67, 5.82, 5.95, 5.58, 5.77, 6.314, 7.278, 7.706, 6.765, 5.21, 4.662, 4.729, 4.43, 3.74, 3.15, 2.5, 1.98, 1.64, 1.43, 0, 3.01, 5.993, 6.964, 5.88, 5.73, 7.57, 9.73, 10.89, 10.36, 8.556, 7.61, 7.35, 5.66, 4.58, 5.68, 7.3, 8.56, 9.438, 9.618, 9.968, 10.36, 9.68, 9.3, 9.22, 9.14, 8.86, 8.84, 8.95, 9.12, 9.185, 9.218, 9.721, 9.658, 9.674, 9.935, 9.368, 8.365, 7.472, 5.685, 5.11, 5.27, 5.58, 5.85, 5.68, 5.93, 6.865, 7.141, 6.501, 5.55, 3.89, 3.83, 6.12, 6.15, 5.86, 6.21, 6.62, 6.67, 6.5, 6.41, 6.63, 6.54, 6.83, 6.947, 6.637, 6.94], [8.26, 8.36, 8.55, 8.64, 8.326, 8.536, 9.105, 10.056, 10.456, 9.512, 7.936, 7.569, 7.576, 7.373, 6.64, 6.04, 5.21, 4.75, 4.38, 4.28, 3.01, 0, 3.43, 4.68, 3.97, 3.96, 5.8, 7.96, 9.18, 8.61, 6.64, 5.72, 5.44, 4.49, 5.31, 6.83, 9.23, 10.175, 11.056, 11.001, 11.486, 11.93, 11.51, 10.95, 10.79, 10.85, 10.758, 10.61, 10.68, 11.03, 11.295, 11.665, 12.308, 12.268, 12.175, 12.482, 12.092, 11.052, 10.214, 8.411, 7.56, 7.74, 8.17, 8.18, 7.87, 8.18, 9.375, 9.568, 8.111, 6.405, 4.86, 3.16, 4.17, 3.98, 3.79, 4.22, 4.63, 5.1, 4.95, 5.02, 5.1, 5.15, 5.56, 5.42, 5.01, 5.17], [10.591, 10.835, 11.145, 11.34, 11.128, 11.295, 12.099, 13.135, 13.411, 12.409, 10.825, 10.42, 10.488, 10.191, 9.611, 8.955, 8.093, 7.586, 7.349, 7.179, 5.993, 3.43, 0, 1.61, 1.48, 1.59, 2.75, 4.63, 5.91, 5.3, 3.31, 2.97, 3.33, 4.04, 5.86, 8.4, 10.83, 12.561, 13.673, 13.047, 12.822, 13.232, 12.876, 12.296, 12.1, 12.329, 12.343, 12.143, 12.35, 12.65, 12.926, 13.553, 14.059, 13.955, 14.136, 14.681, 14.728, 13.587, 12.998, 11.089, 9.952, 10.009, 10.36, 9.9, 9.53, 9.88, 11.173, 11.243, 9.609, 7.646, 5.869, 3.53, 2.16, 1.97, 1.72, 1.55, 2.56, 3.67, 3.5, 3.91, 4.05, 4.12, 4.49, 4.03, 3.46, 3.32], [11.484, 11.743, 12.033, 12.276, 12.076, 12.243, 13.039, 14.097, 14.371, 13.351, 11.767, 11.363, 11.43, 11.134, 10.525, 9.909, 9.03, 8.499, 8.3, 8.15, 6.964, 4.68, 1.61, 0, 1.53, 1.94, 1.56, 3.28, 4.5, 3.95, 2.34, 2.72, 3.22, 4.01, 6.37, 9.61, 11.779, 13.804, 14.936, 14.103, 13.573, 13.99, 13.583, 13.167, 12.945, 13.347, 13.342, 13.319, 13.585, 13.858, 14.111, 14.607, 14.829, 14.654, 15.029, 15.58, 15.676, 14.555, 13.975, 12.032, 10.895, 10.849, 10.978, 10.818, 10.528, 10.875, 12.108, 12.218, 10.484, 8.584, 6.593, 4.1, 2.27, 2.24, 1.97, 1.68, 2.33, 3.46, 3.33, 3.76, 3.9, 4.01, 4.36, 3.84, 3.29, 3.09], [10.249, 10.526, 10.761, 11.011, 10.854, 11.006, 11.819, 12.861, 13.12, 12.083, 10.487, 10.118, 10.165, 9.922, 9.229, 8.64, 7.72, 7.23, 7.073, 6.902, 5.88, 3.97, 1.48, 1.53, 0, 0.85, 1.95, 4.01, 5.21, 4.7, 2.97, 3.17, 3.63, 4.14, 6.14, 9.1, 11.164, 13.171, 14.262, 13.516, 13.368, 13.756, 13.316, 12.733, 12.64, 12.906, 12.76, 12.88, 13.101, 13.345, 13.506, 13.796, 13.933, 13.715, 13.947, 14.486, 14.521, 13.405, 12.738, 10.861, 9.981, 9.758, 9.9, 9.977, 9.844, 10.14, 11.15, 11.38, 10.069, 8.166, 6.192, 3.63, 2.52, 2.61, 2.08, 1.73, 2.7, 3.65, 3.7, 4.09, 4.25, 4.32, 4.73, 4.19, 3.64, 3.44], [9.993, 10.197, 10.464, 10.728, 10.53, 10.697, 11.49, 12.552, 12.808, 11.771, 10.17, 9.826, 9.853, 9.636, 8.943, 8.331, 7.51, 6.901, 6.73, 6.572, 5.73, 3.96, 1.59, 1.94, 0.85, 0, 2.14, 4.18, 5.28, 4.83, 3.22, 3.16, 3.68, 4.27, 6.31, 9.27, 11.274, 13.174, 14.241, 13.47, 13.498, 14.006, 13.466, 12.906, 12.85, 13.122, 12.893, 13.042, 13.24, 13.42, 13.587, 13.846, 13.938, 13.668, 13.92, 14.399, 14.232, 13.145, 12.454, 10.715, 9.843, 9.738, 9.91, 10.007, 9.897, 10.193, 11.1, 11.47, 10.279, 8.342, 6.382, 3.76, 2.67, 2.8, 2.35, 1.62, 2.77, 3.58, 3.71, 4.12, 4.24, 4.27, 4.64, 4.1, 3.59, 3.37], [11.907, 12.149, 12.356, 12.599, 12.456, 12.583, 13.393, 14.428, 14.676, 13.64, 12.05, 11.646, 11.713, 11.41, 10.892, 10.26, 9.45, 8.829, 8.665, 8.555, 7.57, 5.8, 2.75, 1.56, 1.95, 2.14, 0, 2.34, 3.58, 3.01, 2.46, 3.36, 3.8, 4.93, 7.37, 10.81, 12.73, 14.925, 16.026, 15.184, 14.702, 15.19, 14.683, 14.197, 14.11, 14.444, 14.327, 14.464, 14.751, 14.96, 15.155, 15.392, 15.392, 15.113, 15.423, 15.867, 16.057, 14.961, 14.362, 12.432, 11.648, 11.45, 11.43, 11.481, 11.391, 11.761, 12.688, 12.91, 11.613, 9.713, 7.573, 4.74, 3.11, 3.36, 2.87, 2.26, 2.97, 3.84, 3.87, 4.34, 4.32, 4.47, 4.68, 4.08, 3.59, 3.37], [14.009, 14.308, 14.546, 14.785, 14.607, 14.774, 15.605, 16.651, 16.904, 15.868, 14.267, 13.863, 13.93, 13.627, 13.003, 12.428, 11.398, 10.998, 10.833, 10.643, 9.73, 7.96, 4.63, 3.28, 4.01, 4.18, 2.34, 0, 1.36, 1.25, 2.82, 4.14, 4.48, 5.93, 8.79, 12.646, 14.516, 16.825, 17.95, 17.152, 16.239, 16.551, 16.075, 15.779, 15.729, 16.095, 16.02, 16.196, 16.496, 16.654, 16.936, 17.129, 17.168, 16.829, 17.262, 17.959, 18.128, 17.058, 16.474, 14.691, 13.798, 13.612, 13.522, 13.204, 13.054, 13.484, 14.377, 14.633, 13.367, 11.355, 9.138, 6.427, 4.25, 4.56, 4.39, 3.98, 3.67, 4.24, 4.29, 4.9, 4.92, 4.81, 4.88, 4.58, 4.35, 4.05], [15.067, 15.375, 15.613, 15.857, 15.673, 15.855, 16.656, 17.7, 17.962, 16.926, 15.322, 14.917, 14.985, 14.682, 14.049, 13.456, 12.49, 12.046, 11.89, 11.729, 10.89, 9.18, 5.91, 4.5, 5.21, 5.28, 3.58, 1.36, 0, 1.23, 3.7, 5.06, 5.46, 6.99, 9.91, 13.862, 15.693, 18.039, 19.218, 18.369, 17.417, 17.699, 17.289, 16.979, 16.946, 17.315, 17.214, 17.416, 17.713, 17.911, 18.19, 18.363, 18.348, 17.9, 18.437, 19.048, 19.229, 18.191, 17.581, 15.871, 15.001, 14.841, 14.722, 14.387, 14.257, 14.707, 15.52, 15.85, 14.604, 12.555, 10.358, 7.601, 5.39, 5.72, 5.61, 5.24, 4.83, 5.0, 5.15, 5.8, 5.9, 5.87, 5.68, 5.5, 5.37, 5.13], [14.633, 14.936, 15.182, 15.423, 15.228, 15.398, 16.232, 17.282, 17.538, 16.51, 14.908, 14.504, 14.571, 14.268, 13.642, 13.021, 12.031, 11.648, 11.433, 11.264, 10.36, 8.61, 5.3, 3.95, 4.7, 4.83, 3.01, 1.25, 1.23, 0, 2.81, 4.05, 4.51, 6.06, 9.18, 13.21, 15.065, 17.42, 18.556, 17.755, 16.751, 16.937, 16.518, 16.274, 16.245, 16.616, 16.524, 16.731, 17.028, 17.221, 17.519, 17.695, 17.68, 17.38, 17.83, 18.536, 18.727, 17.728, 17.089, 15.335, 14.462, 14.297, 14.204, 13.712, 13.632, 14.054, 14.901, 15.177, 13.954, 11.86, 9.691, 6.931, 4.76, 5.03, 4.98, 4.59, 4.152, 4.09, 4.28, 4.79, 4.85, 4.96, 4.79, 4.59, 4.66, 4.38], [12.976, 13.279, 13.566, 13.804, 13.577, 13.764, 14.58, 15.639, 15.91, 14.891, 13.295, 12.891, 12.958, 12.655, 12.039, 11.403, 10.414, 10.014, 9.777, 9.627, 8.556, 6.64, 3.31, 2.34, 2.97, 3.22, 2.46, 2.82, 3.7, 2.81, 0, 1.8, 2.12, 3.53, 6.85, 11.005, 13.055, 15.362, 16.442, 15.707, 14.693, 14.527, 14.261, 14.048, 14.045, 14.49, 14.4, 14.546, 14.854, 15.061, 15.402, 15.694, 15.901, 15.608, 16.082, 16.78, 17.005, 15.971, 15.45, 13.534, 12.601, 12.455, 12.419, 11.798, 11.556, 11.909, 13.084, 13.195, 11.852, 9.658, 7.515, 5.02, 3.07, 3.16, 3.17, 2.66, 2.25, 2.52, 2.55, 2.68, 2.66, 2.75, 3.08, 2.92, 2.69, 2.47], [11.934, 12.228, 12.495, 12.73, 12.506, 12.696, 13.523, 14.582, 14.838, 13.817, 12.215, 11.811, 11.878, 11.575, 10.948, 10.312, 9.343, 8.943, 8.726, 8.58, 7.61, 5.72, 2.97, 2.72, 3.17, 3.16, 3.36, 4.14, 5.06, 4.05, 1.8, 0, 1.1, 2.51, 5.97, 9.971, 12.087, 14.445, 15.493, 14.776, 13.775, 13.445, 13.242, 13.085, 13.045, 13.493, 13.434, 13.508, 13.849, 14.139, 14.425, 14.774, 14.848, 14.574, 14.968, 15.644, 15.949, 14.903, 14.379, 12.594, 11.701, 11.5, 11.476, 10.747, 10.653, 10.983, 12.047, 12.117, 10.844, 8.569, 6.526, 4.18, 2.67, 2.58, 2.63, 2.02, 1.77, 1.9, 2.05, 1.94, 1.88, 2.27, 2.58, 2.26, 2.01, 2.15], [11.795, 12.107, 12.414, 12.652, 12.425, 12.61, 13.413, 14.469, 14.74, 13.733, 12.155, 11.739, 11.806, 11.503, 10.882, 10.246, 9.256, 8.946, 8.749, 8.519, 7.35, 5.44, 3.33, 3.22, 3.63, 3.68, 3.8, 4.48, 5.46, 4.51, 2.12, 1.1, 0, 2.05, 5.51, 9.496, 11.738, 14.014, 15.035, 14.331, 13.374, 13.06, 12.761, 12.681, 12.675, 13.062, 13.121, 13.138, 13.394, 13.7, 14.017, 14.481, 14.666, 14.456, 14.835, 15.493, 15.815, 14.738, 14.229, 12.396, 11.357, 11.231, 11.25, 10.534, 10.247, 10.589, 11.921, 11.877, 10.463, 8.064, 6.14, 4.16, 3.07, 2.78, 2.59, 2.32, 1.65, 1.78, 1.59, 1.5, 1.48, 1.61, 1.94, 1.92, 1.81, 2.03], [9.972, 10.274, 10.57, 10.817, 10.59, 10.766, 11.587, 12.643, 12.916, 11.904, 10.363, 9.939, 9.971, 9.683, 9.07, 8.414, 7.451, 7.22, 7.033, 6.763, 5.66, 4.49, 4.04, 4.01, 4.14, 4.27, 4.93, 5.93, 6.99, 6.06, 3.53, 2.51, 2.05, 0, 3.72, 7.823, 9.981, 12.263, 13.279, 12.587, 11.635, 11.352, 11.052, 10.892, 10.958, 11.386, 11.358, 11.419, 11.703, 11.955, 12.292, 12.618, 12.856, 12.606, 13.084, 13.772, 13.958, 12.908, 12.393, 10.529, 9.544, 9.464, 9.4, 8.755, 8.412, 8.75, 10.059, 10.093, 8.748, 6.379, 4.467, 2.67, 3.26, 3.13, 3.0, 2.99, 2.74, 2.39, 2.22, 1.81, 1.71, 1.7, 2.01, 2.21, 2.12, 2.36], [6.471, 6.817, 7.085, 7.412, 7.242, 7.372, 8.165, 9.137, 9.414, 8.542, 7.17, 6.645, 6.652, 6.369, 5.8, 5.23, 4.6, 5.16, 5.32, 4.97, 4.58, 5.31, 5.86, 6.37, 6.14, 6.31, 7.37, 8.79, 9.91, 9.18, 6.85, 5.97, 5.51, 3.72, 0, 4.212, 6.427, 8.633, 9.733, 9.07, 8.181, 8.066, 7.71, 7.449, 7.4, 7.83, 7.893, 7.893, 8.138, 8.362, 8.699, 9.154, 9.463, 9.251, 9.717, 10.38, 10.5, 9.456, 8.871, 6.969, 5.927, 5.878, 5.874, 5.279, 4.843, 5.259, 6.525, 6.618, 5.219, 3.09, 1.73, 3.03, 4.88, 4.79, 4.86, 5.39, 5.44, 5.41, 5.16, 4.77, 4.93, 4.74, 5.01, 5.19, 4.88, 5.2], [3.25, 3.67, 4.1, 4.43, 4.3, 4.43, 5.002, 5.832, 6.032, 5.4, 4.91, 4.92, 4.95, 4.89, 4.74, 4.75, 5.14, 6.04, 6.06, 5.75, 5.68, 6.83, 8.4, 9.61, 9.1, 9.27, 10.81, 12.646, 13.862, 13.21, 11.005, 9.971, 9.496, 7.823, 4.212, 0, 2.88, 4.753, 5.865, 5.414, 5.274, 5.28, 4.74, 4.32, 4.24, 4.36, 4.248, 4.08, 4.23, 4.64, 4.991, 5.669, 6.104, 6.024, 6.23, 6.807, 6.839, 5.738, 5.162, 3.475, 2.49, 2.39, 2.52, 2.01, 1.58, 1.83, 3.12, 3.15, 1.87, 1.59, 3.57, 6.37, 8.532, 8.245, 8.335, 8.73, 9.098, 9.442, 9.132, 8.859, 8.953, 8.846, 9.124, 9.188, 8.918, 9.198], [3.27, 4.05, 4.2, 4.27, 4.3, 4.11, 4.38, 4.61, 4.55, 4.98, 5.63, 5.74, 5.75, 5.81, 5.76, 5.83, 6.28, 7.4, 7.46, 7.13, 7.3, 9.23, 10.83, 11.779, 11.164, 11.274, 12.73, 14.516, 15.693, 15.065, 13.055, 12.087, 11.738, 9.981, 6.427, 2.88, 0, 2.558, 3.87, 3.19, 2.94, 3.12, 2.66, 2.16, 2.14, 2.1, 1.92, 1.92, 2.11, 2.4, 2.725, 3.023, 3.465, 3.325, 3.563, 4.135, 4.323, 3.272, 2.973, 2.64, 2.67, 2.73, 2.66, 2.35, 2.0, 2.05, 1.88, 1.41, 1.71, 3.95, 5.855, 8.538, 10.647, 10.569, 10.368, 10.891, 11.109, 11.35, 11.122, 10.975, 11.111, 11.006, 11.302, 11.438, 11.164, 11.363], [4.35, 4.85, 4.94, 4.95, 5.04, 4.73, 4.8, 4.99, 4.81, 5.88, 6.69, 6.78, 6.81, 6.89, 6.9, 6.97, 7.44, 8.58, 8.68, 8.33, 8.56, 10.175, 12.561, 13.804, 13.171, 13.174, 14.925, 16.825, 18.039, 17.42, 15.362, 14.445, 14.014, 12.263, 8.633, 4.753, 2.558, 0, 1.65, 1.45, 1.86, 2.4, 2.24, 2.18, 2.16, 1.92, 1.74, 1.8, 1.73, 1.66, 1.67, 1.84, 2.32, 2.34, 2.33, 2.74, 2.632, 1.89, 2.88, 3.72, 3.93, 4.19, 4.38, 4.53, 4.219, 4.07, 3.36, 2.87, 3.947, 6.139, 8.068, 10.778, 12.93, 12.737, 12.637, 13.093, 13.429, 13.676, 13.386, 13.237, 13.363, 13.241, 13.509, 13.642, 13.378, 13.626], [5.48, 5.82, 5.91, 5.84, 5.95, 5.64, 5.51, 5.66, 5.52, 6.63, 7.5, 7.57, 7.6, 7.7, 7.647, 7.78, 8.244, 9.364, 9.361, 9.051, 9.438, 11.056, 13.673, 14.936, 14.262, 14.241, 16.026, 17.95, 19.218, 18.556, 16.442, 15.493, 15.035, 13.279, 9.733, 5.865, 3.87, 1.65, 0, 1.38, 2.23, 2.71, 2.75, 2.759, 2.802, 2.45, 2.41, 2.524, 2.22, 2.07, 2.0, 1.93, 2.19, 2.51, 2.36, 2.53, 2.14, 2.38, 3.71, 4.581, 4.914, 5.297, 5.504, 5.648, 5.331, 5.174, 4.59, 4.1, 5.057, 7.159, 9.075, 11.868, 14.015, 13.79, 13.665, 14.141, 14.5, 14.772, 14.47, 14.302, 14.347, 14.236, 14.512, 14.592, 14.411, 14.631], [5.24, 5.82, 5.99, 6.02, 6.13, 5.8, 5.89, 6.12, 5.94, 7.01, 7.84, 7.95, 7.98, 8.08, 8.067, 8.137, 8.707, 9.704, 9.761, 9.431, 9.618, 11.001, 13.047, 14.103, 13.516, 13.47, 15.184, 17.152, 18.369, 17.755, 15.707, 14.776, 14.331, 12.587, 9.07, 5.414, 3.19, 1.45, 1.38, 0, 1.53, 1.95, 2.09, 2.11, 2.19, 1.95, 1.95, 2.13, 1.96, 1.91, 1.88, 1.89, 1.87, 2.21, 2.36, 2.59, 2.68, 2.66, 4.01, 4.801, 4.874, 5.057, 5.244, 5.428, 4.938, 4.914, 4.31, 3.78, 4.52, 6.621, 8.41, 11.152, 13.279, 13.089, 12.963, 13.457, 13.77, 13.988, 13.707, 13.577, 13.679, 13.569, 13.874, 13.942, 13.722, 13.956], [5.63, 6.25, 6.4, 6.45, 6.56, 6.23, 6.34, 6.55, 6.37, 7.42, 8.23, 8.32, 8.35, 8.43, 8.397, 8.47, 8.934, 10.054, 10.111, 9.781, 9.968, 11.486, 12.822, 13.573, 13.368, 13.498, 14.702, 16.239, 17.417, 16.751, 14.693, 13.775, 13.374, 11.635, 8.181, 5.274, 2.94, 1.86, 2.23, 1.53, 0, 1.32, 1.3, 1.5, 1.46, 1.54, 1.7, 1.94, 2.03, 1.86, 2.05, 1.92, 2.1, 2.1, 2.63, 3.2, 3.39, 3.11, 4.4, 5.16, 5.244, 5.387, 5.234, 5.078, 4.505, 4.624, 4.04, 3.43, 4.11, 6.09, 7.638, 10.347, 12.353, 12.263, 12.126, 12.836, 12.909, 12.995, 12.71, 12.551, 12.695, 12.556, 12.856, 13.016, 12.841, 13.061], [5.99, 6.59, 6.74, 6.79, 6.9, 6.59, 6.68, 6.89, 6.71, 7.78, 8.61, 8.74, 8.75, 8.85, 8.82, 8.89, 9.34, 10.46, 10.5, 10.17, 10.36, 11.93, 13.232, 13.99, 13.756, 14.006, 15.19, 16.551, 17.699, 16.937, 14.527, 13.445, 13.06, 11.352, 8.066, 5.28, 3.12, 2.4, 2.71, 1.95, 1.32, 0, 1.02, 1.28, 1.32, 1.52, 1.82, 1.94, 2.09, 2.1, 2.29, 2.28, 2.46, 2.42, 2.77, 3.32, 3.73, 3.55, 4.84, 5.56, 5.69, 5.77, 5.64, 5.15, 4.72, 4.73, 4.3, 3.53, 4.07, 5.99, 7.73, 10.68, 12.441, 12.228, 12.467, 13.144, 13.037, 13.137, 12.877, 12.469, 12.444, 12.391, 12.66, 12.839, 12.578, 12.843], [5.51, 6.13, 6.28, 6.33, 6.44, 6.11, 6.28, 6.47, 6.29, 7.3, 8.11, 8.22, 8.23, 8.29, 8.22, 8.31, 8.72, 9.8, 9.84, 9.51, 9.68, 11.51, 12.876, 13.583, 13.316, 13.466, 14.683, 16.075, 17.289, 16.518, 14.261, 13.242, 12.761, 11.052, 7.71, 4.74, 2.66, 2.24, 2.75, 2.09, 1.3, 1.02, 0, 0.88, 0.98, 1.18, 1.34, 1.56, 1.69, 1.66, 1.97, 2.2, 2.402, 2.26, 2.71, 3.422, 3.655, 3.13, 4.32, 4.92, 5.05, 5.19, 5.0, 4.55, 4.02, 4.05, 3.82, 3.05, 3.63, 5.55, 7.25, 10.11, 12.013, 11.77, 11.94, 12.597, 12.662, 12.743, 12.453, 12.139, 12.216, 12.1, 12.379, 12.439, 12.279, 12.499], [5.11, 5.77, 5.92, 5.97, 6.06, 5.75, 5.96, 6.17, 5.97, 6.9, 7.67, 7.78, 7.79, 7.85, 7.8, 7.89, 8.32, 9.42, 9.46, 9.11, 9.3, 10.95, 12.296, 13.167, 12.733, 12.906, 14.197, 15.779, 16.979, 16.274, 14.048, 13.085, 12.681, 10.892, 7.449, 4.32, 2.16, 2.18, 2.759, 2.11, 1.5, 1.28, 0.88, 0, 0.5, 0.86, 1.02, 1.16, 1.35, 1.44, 1.79, 2.28, 2.516, 2.316, 2.706, 3.325, 3.637, 2.99, 3.92, 4.54, 4.71, 4.75, 4.6, 4.05, 3.66, 3.67, 3.42, 2.65, 3.09, 5.07, 6.81, 9.69, 11.642, 11.549, 11.577, 12.137, 12.261, 12.484, 12.194, 11.918, 12.004, 11.902, 12.208, 12.317, 12.06, 12.268], [5.13, 5.77, 5.94, 5.99, 6.08, 5.77, 5.98, 6.19, 5.99, 6.92, 7.69, 7.8, 7.81, 7.85, 7.78, 7.87, 8.28, 9.36, 9.4, 9.07, 9.22, 10.79, 12.1, 12.945, 12.64, 12.85, 14.11, 15.729, 16.946, 16.245, 14.045, 13.045, 12.675, 10.958, 7.4, 4.24, 2.14, 2.16, 2.802, 2.19, 1.46, 1.32, 0.98, 0.5, 0, 0.72, 1.04, 1.12, 1.43, 1.54, 1.87, 2.288, 2.558, 2.408, 2.798, 3.419, 3.752, 3.03, 3.96, 4.5, 4.61, 4.69, 4.56, 4.03, 3.66, 3.73, 3.46, 2.71, 2.99, 5.05, 6.89, 9.69, 11.673, 11.56, 11.498, 12.11, 12.225, 12.455, 12.148, 11.952, 12.044, 11.947, 12.253, 12.41, 12.095, 12.329], [4.99, 5.67, 5.82, 5.87, 5.96, 5.65, 5.88, 6.11, 5.91, 6.78, 7.55, 7.66, 7.67, 7.71, 7.64, 7.73, 8.14, 9.24, 9.32, 8.97, 9.14, 10.85, 12.329, 13.347, 12.906, 13.122, 14.444, 16.095, 17.315, 16.616, 14.49, 13.493, 13.062, 11.386, 7.83, 4.36, 2.1, 1.92, 2.45, 1.95, 1.54, 1.52, 1.18, 0.86, 0.72, 0, 0.76, 0.88, 0.99, 1.16, 1.47, 1.888, 2.208, 2.18, 2.358, 3.013, 3.374, 2.81, 3.76, 4.36, 4.43, 4.55, 4.46, 4.05, 3.66, 3.63, 3.36, 2.63, 3.17, 5.29, 7.263, 10.077, 12.135, 11.983, 11.835, 12.457, 12.631, 12.846, 12.553, 12.36, 12.44, 12.338, 12.662, 12.733, 12.545, 12.764], [4.65, 5.35, 5.5, 5.53, 5.62, 5.31, 5.56, 5.79, 5.59, 6.38, 7.15, 7.24, 7.27, 7.33, 7.26, 7.35, 7.78, 8.86, 8.94, 8.59, 8.86, 10.758, 12.343, 13.342, 12.76, 12.893, 14.327, 16.02, 17.214, 16.524, 14.4, 13.434, 13.121, 11.358, 7.893, 4.248, 1.92, 1.74, 2.41, 1.95, 1.7, 1.82, 1.34, 1.02, 1.04, 0.76, 0, 0.7, 0.79, 1.0, 1.31, 1.8, 2.105, 2.02, 2.194, 2.81, 3.115, 2.51, 3.4, 3.96, 4.17, 4.19, 4.12, 3.69, 3.46, 3.37, 2.96, 2.27, 3.15, 5.265, 7.272, 9.997, 12.001, 11.945, 11.866, 12.287, 12.496, 12.771, 12.478, 12.345, 12.478, 12.379, 12.696, 12.806, 12.563, 12.742], [4.67, 5.35, 5.5, 5.53, 5.62, 5.33, 5.6, 5.83, 5.63, 6.38, 7.09, 7.2, 7.21, 7.29, 7.22, 7.31, 7.74, 8.86, 8.96, 8.59, 8.84, 10.61, 12.143, 13.319, 12.88, 13.042, 14.464, 16.196, 17.416, 16.731, 14.546, 13.508, 13.138, 11.419, 7.893, 4.08, 1.92, 1.8, 2.524, 2.13, 1.94, 1.94, 1.56, 1.16, 1.12, 0.88, 0.7, 0, 0.59, 0.88, 1.33, 2.004, 2.365, 2.2, 2.5, 3.053, 3.296, 2.69, 3.42, 4.0, 4.05, 4.15, 4.1, 3.65, 3.44, 3.23, 3.02, 2.23, 3.089, 5.246, 7.292, 10.037, 12.119, 11.912, 11.911, 12.384, 12.675, 12.921, 12.614, 12.418, 12.55, 12.463, 12.734, 12.858, 12.561, 12.804], [4.68, 5.32, 5.47, 5.5, 5.59, 5.32, 5.63, 5.82, 5.62, 6.35, 7.12, 7.23, 7.24, 7.32, 7.29, 7.36, 7.79, 8.91, 9.05, 8.68, 8.95, 10.68, 12.35, 13.585, 13.101, 13.24, 14.751, 16.496, 17.713, 17.028, 14.854, 13.849, 13.394, 11.703, 8.138, 4.23, 2.11, 1.73, 2.22, 1.96, 2.03, 2.09, 1.69, 1.35, 1.43, 0.99, 0.79, 0.59, 0, 0.67, 1.08, 1.79, 2.198, 2.15, 2.23, 2.874, 3.13, 2.62, 3.37, 4.07, 4.16, 4.2, 4.21, 3.86, 3.59, 3.34, 3.03, 2.3, 3.35, 5.497, 7.532, 10.319, 12.436, 12.209, 12.188, 12.646, 12.951, 13.238, 12.928, 12.712, 12.805, 12.701, 12.987, 13.094, 12.827, 13.081], [4.71, 5.25, 5.4, 5.45, 5.54, 5.25, 5.52, 5.73, 5.53, 6.36, 7.11, 7.24, 7.25, 7.35, 7.34, 7.43, 7.9, 9.04, 9.18, 8.81, 9.12, 11.03, 12.65, 13.858, 13.345, 13.42, 14.96, 16.654, 17.911, 17.221, 15.061, 14.139, 13.7, 11.955, 8.362, 4.64, 2.4, 1.66, 2.07, 1.91, 1.86, 2.1, 1.66, 1.44, 1.54, 1.16, 1.0, 0.88, 0.67, 0, 0.71, 1.36, 1.72, 1.72, 1.85, 2.522, 2.835, 2.37, 3.34, 4.18, 4.29, 4.31, 4.34, 4.07, 3.86, 3.63, 3.0, 2.49, 3.724, 5.842, 7.831, 10.53, 12.635, 12.445, 12.444, 12.843, 13.19, 13.425, 13.115, 12.953, 13.092, 12.962, 13.214, 13.343, 13.12, 13.359], [4.64, 5.06, 5.13, 5.2, 5.33, 5.08, 5.29, 5.42, 5.2, 6.09, 6.88, 7.01, 7.02, 7.16, 7.29, 7.32, 7.83, 8.93, 9.13, 8.779, 9.185, 11.295, 12.926, 14.111, 13.506, 13.587, 15.155, 16.936, 18.19, 17.519, 15.402, 14.425, 14.017, 12.292, 8.699, 4.991, 2.725, 1.67, 2.0, 1.88, 2.05, 2.29, 1.97, 1.79, 1.87, 1.47, 1.31, 1.33, 1.08, 0.71, 0, 0.91, 1.41, 1.47, 1.48, 2.03, 2.351, 1.9, 3.13, 4.15, 4.299, 4.26, 4.35, 4.26, 4.162, 3.859, 3.09, 2.68, 4.074, 6.21, 8.138, 10.801, 12.97, 12.861, 12.794, 13.164, 13.5, 13.746, 13.433, 13.287, 13.423, 13.296, 13.567, 13.666, 13.444, 13.741], [4.73, 5.03, 5.04, 5.13, 5.24, 4.97, 5.14, 5.23, 5.05, 6.04, 6.87, 7.0, 7.01, 7.167, 7.285, 7.304, 7.831, 8.951, 9.125, 8.772, 9.218, 11.665, 13.553, 14.607, 13.796, 13.846, 15.392, 17.129, 18.363, 17.695, 15.694, 14.774, 14.481, 12.618, 9.154, 5.669, 3.023, 1.84, 1.93, 1.89, 1.92, 2.28, 2.2, 2.28, 2.288, 1.888, 1.8, 2.004, 1.79, 1.36, 0.91, 0, 1.02, 1.2, 1.09, 1.5, 1.81, 1.69, 3.12, 4.125, 4.512, 4.541, 4.491, 4.538, 4.457, 4.252, 3.16, 2.87, 4.507, 6.771, 8.656, 11.179, 13.348, 13.432, 13.172, 13.56, 13.862, 13.951, 13.775, 13.601, 13.8, 13.63, 13.959, 14.098, 13.871, 14.13], [4.87, 5.19, 5.26, 5.35, 5.46, 5.23, 5.36, 5.43, 5.11, 6.18, 7.01, 7.12, 7.15, 7.25, 7.485, 7.492, 8.042, 9.105, 9.322, 8.992, 9.721, 12.308, 14.059, 14.829, 13.933, 13.938, 15.392, 17.168, 18.348, 17.68, 15.901, 14.848, 14.666, 12.856, 9.463, 6.104, 3.465, 2.32, 2.19, 1.87, 2.1, 2.46, 2.402, 2.516, 2.558, 2.208, 2.105, 2.365, 2.198, 1.72, 1.41, 1.02, 0, 0.74, 1.01, 1.52, 1.81, 2.09, 3.3, 4.522, 5.052, 4.835, 4.608, 4.715, 4.875, 4.712, 3.38, 3.258, 4.911, 7.194, 8.925, 11.279, 13.61, 13.715, 13.475, 13.817, 14.122, 13.912, 13.898, 13.767, 13.957, 13.843, 14.205, 14.351, 14.124, 14.366], [4.49, 4.83, 4.86, 4.99, 5.1, 4.87, 5.0, 5.03, 4.83, 5.84, 6.69, 6.86, 6.87, 7.027, 7.205, 7.264, 7.762, 8.851, 9.102, 8.749, 9.658, 12.268, 13.955, 14.654, 13.715, 13.668, 15.113, 16.829, 17.9, 17.38, 15.608, 14.574, 14.456, 12.606, 9.251, 6.024, 3.325, 2.34, 2.51, 2.21, 2.1, 2.42, 2.26, 2.316, 2.408, 2.18, 2.02, 2.2, 2.15, 1.72, 1.47, 1.2, 0.74, 0, 0.95, 1.5, 1.75, 1.71, 3.04, 4.4, 4.926, 4.675, 4.331, 4.515, 4.728, 4.532, 3.22, 3.098, 4.692, 7.035, 8.766, 11.063, 13.36, 13.476, 13.27, 13.613, 13.874, 13.692, 13.695, 13.557, 13.73, 13.603, 13.942, 14.144, 13.897, 14.149], [4.6, 4.88, 4.89, 4.92, 5.01, 4.86, 4.99, 5.0, 4.74, 5.79, 6.64, 6.83, 6.82, 6.991, 7.235, 7.262, 7.852, 8.875, 9.112, 8.842, 9.674, 12.175, 14.136, 15.029, 13.947, 13.92, 15.423, 17.262, 18.437, 17.83, 16.082, 14.968, 14.835, 13.084, 9.717, 6.23, 3.563, 2.33, 2.36, 2.36, 2.63, 2.77, 2.71, 2.706, 2.798, 2.358, 2.194, 2.5, 2.23, 1.85, 1.48, 1.09, 1.01, 0.95, 0, 1.09, 1.5, 1.64, 3.05, 4.43, 4.92, 4.745, 4.578, 4.785, 5.081, 4.862, 3.455, 3.299, 5.076, 7.33, 9.193, 11.591, 13.875, 13.981, 13.706, 13.971, 14.298, 14.18, 14.194, 14.046, 14.162, 14.06, 14.465, 14.502, 14.352, 14.581], [4.819, 4.93, 4.84, 4.85, 5.1, 4.85, 4.86, 4.77, 4.57, 5.617, 6.43, 6.674, 6.684, 6.861, 7.179, 7.338, 7.936, 8.791, 9.185, 8.969, 9.935, 12.482, 14.681, 15.58, 14.486, 14.399, 15.867, 17.959, 19.048, 18.536, 16.78, 15.644, 15.493, 13.772, 10.38, 6.807, 4.135, 2.74, 2.53, 2.59, 3.2, 3.32, 3.422, 3.325, 3.419, 3.013, 2.81, 3.053, 2.874, 2.522, 2.03, 1.5, 1.52, 1.5, 1.09, 0, 0.97, 1.63, 3.039, 4.524, 5.22, 5.085, 4.951, 5.367, 5.695, 5.399, 4.032, 3.946, 5.622, 7.953, 9.82, 12.231, 14.535, 14.606, 14.336, 14.608, 14.931, 14.883, 14.88, 14.749, 14.882, 14.772, 15.162, 15.196, 15.031, 15.265], [4.467, 4.507, 4.427, 4.357, 4.462, 4.257, 4.17, 4.14, 3.94, 4.973, 5.866, 6.05, 6.02, 6.237, 6.463, 6.716, 7.415, 8.221, 8.518, 8.282, 9.368, 12.092, 14.728, 15.676, 14.521, 14.232, 16.057, 18.128, 19.229, 18.727, 17.005, 15.949, 15.815, 13.958, 10.5, 6.839, 4.323, 2.632, 2.14, 2.68, 3.39, 3.73, 3.655, 3.637, 3.752, 3.374, 3.115, 3.296, 3.13, 2.835, 2.351, 1.81, 1.81, 1.75, 1.5, 0.97, 0, 1.26, 2.378, 4.061, 4.981, 5.079, 5.026, 5.721, 5.815, 5.599, 4.291, 4.203, 5.761, 8.081, 9.939, 12.263, 14.626, 14.704, 14.472, 14.718, 15.137, 15.076, 15.098, 14.975, 15.088, 14.978, 15.298, 15.459, 15.148, 15.399], [3.632, 3.8, 3.75, 3.777, 3.827, 3.58, 3.67, 3.68, 3.48, 4.476, 5.366, 5.473, 5.483, 5.62, 5.769, 5.911, 6.575, 7.495, 7.761, 7.485, 8.365, 11.052, 13.587, 14.555, 13.405, 13.145, 14.961, 17.058, 18.191, 17.728, 15.971, 14.903, 14.738, 12.908, 9.456, 5.738, 3.272, 1.89, 2.38, 2.66, 3.11, 3.55, 3.13, 2.99, 3.03, 2.81, 2.51, 2.69, 2.62, 2.37, 1.9, 1.69, 2.09, 1.71, 1.64, 1.63, 1.26, 0, 1.67, 3.115, 3.942, 3.985, 3.995, 4.651, 4.738, 4.531, 3.242, 3.152, 4.678, 7.007, 8.885, 11.306, 13.576, 13.642, 13.404, 13.632, 14.062, 14.057, 14.051, 13.936, 14.072, 13.936, 14.254, 14.376, 14.09, 14.336], [3.01, 2.97, 2.9, 2.89, 2.76, 2.59, 2.7, 2.75, 2.43, 3.16, 4.01, 4.18, 4.11, 4.33, 4.405, 4.687, 5.471, 6.231, 6.462, 6.289, 7.472, 10.214, 12.998, 13.975, 12.738, 12.454, 14.362, 16.474, 17.581, 17.089, 15.45, 14.379, 14.229, 12.393, 8.871, 5.162, 2.973, 2.88, 3.71, 4.01, 4.4, 4.84, 4.32, 3.92, 3.96, 3.76, 3.4, 3.42, 3.37, 3.34, 3.13, 3.12, 3.3, 3.04, 3.05, 3.039, 2.378, 1.67, 0, 2.12, 3.195, 3.286, 3.28, 3.926, 4.121, 3.875, 2.78, 2.766, 4.188, 6.464, 8.276, 10.601, 12.999, 13.077, 12.812, 13.041, 13.47, 13.399, 13.408, 13.295, 13.52, 13.401, 13.725, 13.834, 13.527, 13.775], [1.91, 2.11, 2.14, 2.17, 2.28, 2.05, 2.38, 2.75, 2.71, 2.68, 3.31, 3.42, 3.41, 3.55, 3.48, 3.63, 4.32, 5.06, 5.18, 4.89, 5.685, 8.411, 11.089, 12.032, 10.861, 10.715, 12.432, 14.691, 15.871, 15.335, 13.534, 12.594, 12.396, 10.529, 6.969, 3.475, 2.64, 3.72, 4.581, 4.801, 5.16, 5.56, 4.92, 4.54, 4.5, 4.36, 3.96, 4.0, 4.07, 4.18, 4.15, 4.125, 4.522, 4.4, 4.43, 4.524, 4.061, 3.115, 2.12, 0, 1.35, 1.55, 1.6, 2.23, 2.363, 2.07, 1.86, 2.23, 2.73, 4.586, 6.395, 8.819, 11.095, 11.181, 10.934, 11.196, 11.612, 11.588, 11.506, 11.396, 11.661, 11.571, 11.878, 11.981, 11.683, 11.943], [1.78, 2.04, 2.19, 2.36, 2.45, 2.36, 2.79, 3.5, 3.74, 3.17, 3.18, 3.29, 3.3, 3.32, 3.23, 3.3, 3.95, 4.83, 4.91, 4.6, 5.11, 7.56, 9.952, 10.895, 9.981, 9.843, 11.648, 13.798, 15.001, 14.462, 12.601, 11.701, 11.357, 9.544, 5.927, 2.49, 2.67, 3.93, 4.914, 4.874, 5.244, 5.69, 5.05, 4.71, 4.61, 4.43, 4.17, 4.05, 4.16, 4.29, 4.299, 4.512, 5.052, 4.926, 4.92, 5.22, 4.981, 3.942, 3.195, 1.35, 0, 0.82, 1.07, 1.54, 1.71, 1.48, 2.25, 2.6, 2.34, 3.543, 5.388, 7.932, 10.142, 10.046, 9.833, 10.223, 10.608, 10.798, 10.556, 10.495, 10.7, 10.587, 10.894, 10.974, 10.702, 10.933], [1.84, 2.12, 2.27, 2.46, 2.53, 2.46, 2.99, 3.6, 3.813, 3.27, 3.22, 3.31, 3.34, 3.28, 3.19, 3.26, 3.87, 4.79, 4.99, 4.7, 5.27, 7.74, 10.009, 10.849, 9.758, 9.738, 11.45, 13.612, 14.841, 14.297, 12.455, 11.5, 11.231, 9.464, 5.878, 2.39, 2.73, 4.19, 5.297, 5.057, 5.387, 5.77, 5.19, 4.75, 4.69, 4.55, 4.19, 4.15, 4.2, 4.31, 4.26, 4.541, 4.835, 4.675, 4.745, 5.085, 5.079, 3.985, 3.286, 1.55, 0.82, 0, 0.77, 1.22, 1.69, 1.48, 1.99, 2.48, 2.38, 3.52, 5.28, 7.828, 10.041, 10.04, 9.77, 10.057, 10.476, 10.632, 10.473, 10.431, 10.585, 10.512, 10.836, 10.862, 10.578, 10.861], [2.11, 2.33, 2.5, 2.73, 2.8, 2.77, 3.18, 3.61, 3.79, 3.3, 3.31, 3.4, 3.43, 3.37, 3.36, 3.49, 4.02, 4.88, 5.14, 4.87, 5.58, 8.17, 10.36, 10.978, 9.9, 9.91, 11.43, 13.522, 14.722, 14.204, 12.419, 11.476, 11.25, 9.4, 5.874, 2.52, 2.66, 4.38, 5.504, 5.244, 5.234, 5.64, 5.0, 4.6, 4.56, 4.46, 4.12, 4.1, 4.21, 4.34, 4.35, 4.491, 4.608, 4.331, 4.578, 4.951, 5.026, 3.995, 3.28, 1.6, 1.07, 0.77, 0, 1.07, 1.68, 1.41, 1.8, 2.35, 2.31, 3.589, 5.333, 7.796, 10.0, 10.052, 9.817, 10.19, 10.503, 10.556, 10.466, 10.367, 10.558, 10.425, 10.749, 10.835, 10.534, 10.814], [2.52, 2.92, 3.07, 3.28, 3.31, 3.24, 3.71, 4.28, 4.52, 3.93, 3.92, 3.97, 4.0, 3.98, 3.87, 4.0, 4.41, 5.41, 5.55, 5.22, 5.85, 8.18, 9.9, 10.818, 9.977, 10.007, 11.481, 13.204, 14.387, 13.712, 11.798, 10.747, 10.534, 8.755, 5.279, 2.01, 2.35, 4.53, 5.648, 5.428, 5.078, 5.15, 4.55, 4.05, 4.03, 4.05, 3.69, 3.65, 3.86, 4.07, 4.26, 4.538, 4.715, 4.515, 4.785, 5.367, 5.721, 4.651, 3.926, 2.23, 1.54, 1.22, 1.07, 0, 1.15, 1.0, 1.59, 2.02, 1.82, 2.9, 4.74, 7.24, 9.43, 9.5, 9.29, 9.6, 9.917, 9.964, 9.974, 9.791, 9.937, 9.804, 10.125, 10.235, 9.887, 10.093], [2.39, 3.07, 3.26, 3.39, 3.42, 3.29, 3.92, 4.675, 4.875, 4.24, 4.33, 4.44, 4.47, 4.43, 4.34, 4.37, 4.76, 5.82, 5.86, 5.51, 5.68, 7.87, 9.53, 10.528, 9.844, 9.897, 11.391, 13.054, 14.257, 13.632, 11.556, 10.653, 10.247, 8.412, 4.843, 1.58, 2.0, 4.219, 5.331, 4.938, 4.505, 4.72, 4.02, 3.66, 3.66, 3.66, 3.46, 3.44, 3.59, 3.86, 4.162, 4.457, 4.875, 4.728, 5.081, 5.695, 5.815, 4.738, 4.121, 2.363, 1.71, 1.69, 1.68, 1.15, 0, 0.85, 1.94, 2.07, 1.31, 2.53, 4.31, 6.85, 9.06, 9.03, 8.86, 9.41, 9.72, 9.848, 9.598, 9.376, 9.596, 9.466, 9.773, 9.856, 9.583, 9.846], [2.46, 2.96, 3.11, 3.28, 3.37, 3.28, 3.69, 4.42, 4.559, 3.99, 4.2, 4.31, 4.32, 4.32, 4.21, 4.28, 4.69, 5.77, 5.85, 5.52, 5.93, 8.18, 9.88, 10.875, 10.14, 10.193, 11.761, 13.484, 14.707, 14.054, 11.909, 10.983, 10.589, 8.75, 5.259, 1.83, 2.05, 4.07, 5.174, 4.914, 4.624, 4.73, 4.05, 3.67, 3.73, 3.63, 3.37, 3.23, 3.34, 3.63, 3.859, 4.252, 4.712, 4.532, 4.862, 5.399, 5.599, 4.531, 3.875, 2.07, 1.48, 1.48, 1.41, 1.0, 0.85, 0, 1.59, 1.74, 1.46, 2.8, 4.64, 7.28, 9.45, 9.38, 9.27, 9.66, 10.054, 10.298, 10.068, 9.755, 9.929, 9.796, 10.123, 10.146, 9.902, 10.139], [2.33, 2.77, 2.92, 3.07, 3.08, 2.99, 3.38, 3.65, 3.45, 3.64, 4.35, 4.46, 4.49, 4.59, 4.6, 4.71, 5.18, 6.28, 6.46, 6.15, 6.865, 9.375, 11.173, 12.108, 11.15, 11.1, 12.688, 14.377, 15.52, 14.901, 13.084, 12.047, 11.921, 10.059, 6.525, 3.12, 1.88, 3.36, 4.59, 4.31, 4.04, 4.3, 3.82, 3.42, 3.46, 3.36, 2.96, 3.02, 3.03, 3.0, 3.09, 3.16, 3.38, 3.22, 3.455, 4.032, 4.291, 3.242, 2.78, 1.86, 2.25, 1.99, 1.8, 1.59, 1.94, 1.59, 0, 0.93, 2.31, 4.243, 6.03, 8.43, 10.688, 10.83, 10.64, 10.89, 11.267, 11.231, 11.241, 11.064, 11.261, 11.097, 11.415, 11.57, 11.217, 11.503], [2.78, 3.32, 3.43, 3.48, 3.55, 3.3, 3.67, 3.96, 3.72, 4.35, 5.12, 5.21, 5.24, 5.34, 5.33, 5.4, 5.83, 6.95, 7.11, 6.74, 7.141, 9.568, 11.243, 12.218, 11.38, 11.47, 12.91, 14.633, 15.85, 15.177, 13.195, 12.117, 11.877, 10.093, 6.618, 3.15, 1.41, 2.87, 4.1, 3.78, 3.43, 3.53, 3.05, 2.65, 2.71, 2.63, 2.27, 2.23, 2.3, 2.49, 2.68, 2.87, 3.258, 3.098, 3.299, 3.946, 4.203, 3.152, 2.766, 2.23, 2.6, 2.48, 2.35, 2.02, 2.07, 1.74, 0.93, 0, 1.98, 4.18, 6.0, 8.54, 10.77, 10.84, 10.67, 11.0, 11.343, 11.441, 11.331, 11.118, 11.252, 11.153, 11.459, 11.54, 11.213, 11.542], [2.96, 3.74, 3.85, 3.92, 3.95, 3.8, 4.23, 4.72, 4.89, 4.73, 5.28, 5.35, 5.4, 5.38, 5.27, 5.32, 5.73, 6.747, 6.79, 6.44, 6.501, 8.111, 9.609, 10.484, 10.069, 10.279, 11.613, 13.367, 14.604, 13.954, 11.852, 10.844, 10.463, 8.748, 5.219, 1.87, 1.71, 3.947, 5.057, 4.52, 4.11, 4.07, 3.63, 3.09, 2.99, 3.17, 3.15, 3.089, 3.35, 3.724, 4.074, 4.507, 4.911, 4.692, 5.076, 5.622, 5.761, 4.678, 4.188, 2.73, 2.34, 2.38, 2.31, 1.82, 1.31, 1.46, 2.31, 1.98, 0, 2.66, 4.5, 7.24, 9.362, 9.266, 9.17, 9.673, 9.82, 10.204, 9.934, 9.718, 9.874, 9.802, 10.1, 10.131, 9.876, 10.124], [4.136, 4.459, 4.749, 5.059, 4.869, 5.016, 5.766, 6.766, 7.059, 6.106, 5.06, 4.83, 4.96, 4.86, 4.65, 4.66, 5.03, 5.93, 5.95, 5.64, 5.55, 6.405, 7.646, 8.584, 8.166, 8.342, 9.713, 11.355, 12.555, 11.86, 9.658, 8.569, 8.064, 6.379, 3.09, 1.59, 3.95, 6.139, 7.159, 6.621, 6.09, 5.99, 5.55, 5.07, 5.05, 5.29, 5.265, 5.246, 