[[0, 0.92, 0.99, 1.73, 2.51, 2.73, 3.19, 3.41, 2.6, 1.83, 2.01, 2.23, 2.41, 3.18, 4.1, 4.33, 3.26, 2.93, 3.57, 3.64, 4.88, 6.05, 6.3, 5.73, 5.3, 6.97, 8.34, 8.96, 8.71, 8.81, 6.93, 4.88, 4.7, 4.36, 3.81, 3.65, 4.01, 3.93, 3.28, 2.77, 2.14, 1.55, 1.73, 2.32, 2.91, 3.52, 3.86, 4.19, 5.54, 7.12, 7.87, 7.83, 8.22, 8.05, 7.71, 7.52, 7.86, 7.19, 7.022, 7.022, 7.169, 7.822, 7.612, 8.015, 8.081, 7.881, 7.728, 7.643, 7.631, 8.081, 8.153, 7.641, 7.994, 7.711, 7.911, 8.108, 8.052, 6.756, 6.04, 6.18, 6.09, 5.69, 4.67, 3.15, 2.38, 2.02], [0.92, 0, 0.59, 1.39, 2.09, 2.39, 2.67, 2.91, 2.08, 1.47, 1.65, 1.77, 2.01, 2.58, 3.4, 3.65, 2.52, 2.31, 3.01, 3.06, 4.26, 5.35, 5.58, 5.01, 4.6, 6.19, 7.54, 8.16, 7.91, 8.09, 6.19, 4.1, 3.98, 3.64, 3.13, 2.91, 3.27, 3.23, 2.72, 2.15, 1.66, 1.39, 1.99, 2.88, 3.61, 4.26, 4.64, 4.95, 6.26, 7.84, 8.59, 8.55, 8.94, 8.79, 8.49, 8.3, 8.64, 7.97, 7.802, 7.773, 7.941, 8.593, 8.383, 8.786, 8.852, 8.652, 8.499, 8.414, 8.402, 8.852, 8.924, 8.412, 8.765, 8.482, 8.682, 8.879, 8.823, 7.528, 6.82, 6.96, 6.87, 6.45, 5.45, 3.83, 2.78, 2.56], [0.99, 0.59, 0, 1.14, 1.96, 2.16, 2.46, 2.72, 1.93, 1.4, 1.6, 1.6, 1.82, 2.47, 3.29, 3.6, 2.45, 2.18, 2.88, 2.97, 4.19, 5.36, 5.61, 5.06, 4.63, 6.22, 7.55, 8.19, 7.92, 8.12, 6.24, 4.15, 4.01, 3.67, 3.14, 2.94, 3.32, 3.34, 2.75, 2.26, 1.61, 1.66, 2.22, 3.05, 3.72, 4.29, 4.63, 4.96, 6.23, 7.81, 8.56, 8.52, 8.91, 8.84, 8.48, 8.29, 8.63, 7.96, 7.792, 7.781, 7.928, 8.581, 8.371, 8.773, 8.839, 8.639, 8.486, 8.401, 8.389, 8.839, 8.911, 8.399, 8.752, 8.469, 8.669, 8.866, 8.811, 7.515, 6.81, 6.95, 6.86, 6.46, 5.44, 3.84, 3.03, 2.81], [1.73, 1.39, 1.14, 0, 1.18, 1.42, 1.68, 1.78, 1.17, 1.46, 1.26, 1.32, 1.5, 1.95, 2.51, 2.86, 1.81, 1.52, 2.02, 2.11, 3.41, 4.82, 5.13, 4.56, 4.13, 5.76, 7.11, 7.73, 7.48, 7.66, 5.78, 3.67, 3.53, 3.25, 2.84, 2.58, 2.86, 3.36, 2.97, 2.68, 2.01, 2.24, 2.8, 3.61, 4.3, 4.85, 5.11, 5.3, 6.67, 8.25, 9.06, 8.98, 9.35, 9.12, 8.9, 8.71, 9.05, 8.44, 8.253, 8.226, 8.41, 9.063, 8.853, 9.256, 9.322, 9.122, 8.969, 8.875, 8.872, 9.322, 9.385, 8.882, 9.235, 8.952, 9.152, 9.349, 9.293, 7.998, 7.29, 7.43, 7.34, 6.82, 5.88, 4.46, 3.81, 3.53], [2.51, 2.09, 1.96, 1.18, 0, 1.04, 1.46, 1.56, 1.57, 1.96, 1.78, 1.88, 1.82, 1.71, 2.31, 2.72, 1.87, 1.72, 1.88, 2.17, 3.27, 4.94, 5.33, 4.74, 4.25, 5.84, 7.13, 7.81, 7.52, 7.72, 5.88, 3.81, 3.77, 3.59, 3.2, 3.1, 3.3, 3.86, 3.67, 3.36, 2.63, 2.82, 3.4, 4.21, 4.82, 5.21, 5.25, 5.4, 6.63, 8.13, 9.02, 8.945, 9.281, 9.15, 8.89, 8.74, 9.12, 8.458, 8.281, 8.274, 8.458, 9.111, 8.901, 9.295, 9.361, 9.17, 9.017, 8.923, 8.92, 9.37, 9.433, 8.93, 9.283, 9.0, 9.2, 9.412, 9.356, 8.06, 7.357, 7.497, 7.407, 6.86, 5.96, 5.16, 4.57, 4.33], [2.73, 2.39, 2.16, 1.42, 1.04, 0, 0.9, 1.12, 1.45, 1.8, 1.7, 1.68, 1.68, 1.57, 2.05, 2.5, 2.11, 1.84, 2.0, 2.29, 3.19, 4.88, 5.29, 4.66, 4.21, 5.82, 7.19, 7.81, 7.58, 7.7, 5.88, 3.81, 3.81, 3.75, 3.32, 3.18, 3.42, 3.96, 3.83, 3.58, 2.77, 3.1, 3.58, 4.37, 4.96, 5.39, 5.29, 5.28, 6.55, 8.11, 9.0, 8.905, 9.184, 8.98, 8.72, 8.583, 8.95, 8.31, 8.125, 8.117, 8.302, 8.955, 8.745, 9.141, 9.207, 9.013, 8.86, 8.766, 8.763, 9.213, 9.276, 8.773, 9.126, 8.843, 9.043, 9.255, 9.199, 7.903, 7.19, 7.33, 7.24, 6.7, 6.04, 5.38, 4.87, 4.63], [3.19, 2.67, 2.46, 1.68, 1.46, 0.9, 0, 0.68, 1.17, 2.0, 1.88, 1.8, 1.52, 1.53, 1.85, 2.34, 1.93, 1.58, 1.6, 2.01, 2.85, 4.52, 5.17, 4.48, 3.89, 5.5, 6.87, 7.49, 7.24, 7.38, 5.54, 3.59, 3.67, 3.61, 3.32, 3.02, 3.2, 4.02, 4.01, 3.78, 2.87, 3.34, 3.96, 4.87, 5.54, 5.95, 5.87, 5.68, 6.89, 8.45, 9.34, 9.245, 9.53, 9.34, 9.06, 8.93, 9.29, 8.656, 8.479, 8.457, 8.642, 9.295, 9.085, 9.487, 9.553, 9.353, 9.2, 9.106, 9.103, 9.553, 9.616, 9.113, 9.466, 9.183, 9.383, 9.595, 9.539, 8.243, 7.53, 7.67, 7.58, 7.04, 6.46, 5.94, 5.23, 4.99], [3.41, 2.91, 2.72, 1.78, 1.56, 1.12, 0.68, 0, 1.17, 2.1, 1.88, 1.8, 1.56, 1.27, 1.77, 2.46, 1.93, 1.52, 1.54, 1.97, 2.87, 4.6, 5.39, 4.72, 3.89, 5.42, 6.79, 7.45, 7.22, 7.36, 5.58, 3.65, 3.81, 3.85, 3.58, 3.2, 3.42, 4.36, 4.31, 4.08, 3.19, 3.62, 4.2, 5.11, 5.78, 6.17, 5.99, 5.8, 6.89, 8.45, 9.336, 9.239, 9.507, 9.331, 9.08, 8.941, 9.31, 8.67, 8.496, 8.469, 8.653, 9.326, 9.116, 9.499, 9.561, 9.365, 9.212, 9.117, 9.115, 9.565, 9.627, 9.125, 9.477, 9.195, 9.395, 9.609, 9.553, 8.27, 7.59, 7.71, 7.6, 7.12, 6.7, 6.18, 5.45, 5.21], [2.6, 2.08, 1.93, 1.17, 1.57, 1.45, 1.17, 1.17, 0, 1.25, 1.17, 1.11, 1.05, 1.14, 1.9, 2.43, 1.6, 1.27, 1.59, 1.84, 2.94, 4.59, 5.26, 4.65, 3.96, 5.59, 6.94, 7.58, 7.33, 7.51, 5.63, 3.62, 3.64, 3.48, 3.19, 2.77, 3.03, 3.75, 3.58, 3.27, 2.4, 2.65, 3.37, 4.3, 5.05, 5.52, 5.58, 5.57, 6.82, 8.4, 9.21, 9.13, 9.5, 9.29, 9.05, 8.86, 9.2, 8.59, 8.403, 8.376, 8.56, 9.213, 9.003, 9.406, 9.472, 9.272, 9.119, 9.025, 9.022, 9.472, 9.535, 9.032, 9.385, 9.102, 9.302, 9.499, 9.443, 8.148, 7.44, 7.58, 7.49, 7.01, 6.37, 5.41, 4.48, 4.2], [1.83, 1.47, 1.4, 1.46, 1.96, 1.8, 2.0, 2.1, 1.25, 0, 0.78, 0.8, 1.14, 1.63, 2.49, 3.02, 2.07, 1.78, 2.46, 2.57, 3.75, 5.42, 5.87, 5.24, 4.83, 6.42, 7.79, 8.43, 8.18, 8.34, 6.5, 4.41, 4.25, 4.01, 3.5, 3.2, 3.6, 3.76, 3.35, 2.86, 1.91, 1.94, 2.42, 3.37, 4.24, 4.75, 4.87, 4.88, 6.01, 7.55, 8.44, 8.36, 8.63, 8.52, 8.18, 8.05, 8.41, 7.793, 7.596, 7.575, 7.759, 8.412, 8.202, 8.619, 8.67, 8.47, 8.317, 8.223, 8.22, 8.67, 8.733, 8.23, 8.583, 8.3, 8.5, 8.712, 8.656, 7.39, 6.65, 6.79, 6.72, 6.26, 5.7, 4.56, 3.49, 3.25], [2.01, 1.65, 1.6, 1.26, 1.78, 1.7, 1.88, 1.88, 1.17, 0.78, 0, 0.66, 0.88, 1.55, 2.31, 2.84, 1.83, 1.66, 2.38, 2.45, 3.63, 5.26, 5.69, 5.04, 4.63, 6.2, 7.51, 8.19, 7.94, 8.12, 6.32, 4.23, 4.05, 3.85, 3.42, 3.06, 3.42, 3.8, 3.49, 3.04, 2.15, 2.2, 2.68, 3.51, 4.46, 5.01, 5.11, 5.1, 6.17, 7.73, 8.619, 8.54, 8.79, 8.72, 8.42, 8.29, 8.65, 8.005, 7.828, 7.803, 7.987, 8.64, 8.43, 8.833, 8.899, 8.699, 8.546, 8.452, 8.449, 8.899, 8.962, 8.459, 8.812, 8.529, 8.729, 8.943, 8.888, 7.65, 6.99, 7.13, 7.0, 6.54, 5.98, 4.82, 3.81, 3.55], [2.23, 1.77, 1.6, 1.32, 1.88, 1.68, 1.8, 1.8, 1.11, 0.8, 0.66, 0, 0.7, 1.31, 2.17, 2.82, 1.85, 1.6, 2.28, 2.39, 3.55, 5.26, 5.67, 5.0, 4.57, 6.12, 7.45, 8.09, 7.86, 8.04, 6.26, 4.17, 3.99, 3.81, 3.38, 3.08, 3.44, 3.78, 3.43, 3.02, 2.09, 2.2, 2.84, 3.71, 4.7, 5.17, 5.25, 5.2, 6.27, 7.79, 8.671, 8.573, 8.85, 8.7, 8.42, 8.29, 8.65, 8.033, 7.836, 7.863, 8.027, 8.686, 8.456, 8.853, 8.939, 8.719, 8.592, 8.512, 8.469, 8.919, 8.962, 8.459, 8.812, 8.529, 8.729, 8.943, 8.936, 7.73, 7.05, 7.21, 7.08, 6.6, 6.12, 5.02, 3.93, 3.71], [2.41, 2.01, 1.82, 1.5, 1.82, 1.68, 1.52, 1.56, 1.05, 1.14, 0.88, 0.7, 0, 1.23, 2.11, 2.78, 1.83, 1.6, 2.22, 2.35, 3.49, 5.18, 5.69, 5.02, 4.53, 6.08, 7.41, 8.07, 7.82, 8.0, 6.22, 4.15, 4.05, 3.93, 3.58, 3.16, 3.5, 3.94, 3.71, 3.3, 2.39, 2.58, 3.1, 3.95, 4.9, 5.39, 5.41, 5.34, 6.31, 7.83, 8.716, 8.619, 8.89, 8.76, 8.5, 8.37, 8.715, 8.108, 7.91, 7.941, 8.107, 8.761, 8.531, 8.933, 9.019, 8.799, 8.666, 8.589, 8.549, 8.999, 9.042, 8.539, 8.892, 8.609, 8.809, 9.023, 9.011, 7.81, 7.13, 7.29, 7.16, 6.7, 6.26, 5.18, 4.25, 3.99], [3.18, 2.58, 2.47, 1.95, 1.71, 1.57, 1.53, 1.27, 1.14, 1.63, 1.55, 1.31, 1.23, 0, 1.7, 2.57, 1.78, 1.41, 1.71, 2.1, 3.02, 4.93, 5.64, 5.01, 4.08, 5.55, 6.82, 7.54, 7.29, 7.49, 5.81, 3.88, 4.02, 4.02, 3.65, 3.25, 3.55, 4.19, 4.04, 3.71, 2.8, 3.05, 3.89, 4.8, 5.65, 6.1, 6.0, 5.93, 6.82, 8.313, 9.203, 9.106, 9.405, 9.286, 9.026, 8.896, 9.276, 8.625, 8.448, 8.441, 8.625, 9.282, 9.068, 9.451, 9.537, 9.317, 9.184, 9.09, 9.067, 9.517, 9.58, 9.077, 9.43, 9.147, 9.347, 9.561, 9.532, 8.32, 7.62, 7.78, 7.67, 7.25, 6.87, 6.01, 5.08, 4.84], [4.1, 3.4, 3.29, 2.51, 2.31, 2.05, 1.85, 1.77, 1.9, 2.49, 2.31, 2.17, 2.11, 1.7, 0, 1.35, 1.3, 1.53, 1.31, 1.64, 1.74, 3.53, 4.22, 3.61, 2.94, 4.29, 5.52, 6.22, 5.93, 6.19, 4.51, 2.68, 2.94, 3.12, 2.97, 2.69, 2.73, 3.79, 3.72, 3.51, 2.7, 3.51, 4.59, 5.54, 6.55, 7.08, 7.18, 7.09, 8.22, 9.768, 10.657, 10.561, 10.831, 10.716, 10.469, 10.339, 10.699, 10.042, 9.865, 9.858, 10.042, 10.677, 10.485, 10.87, 10.936, 10.753, 10.601, 10.507, 10.504, 10.954, 11.017, 10.514, 10.867, 10.584, 10.784, 10.998, 10.942, 9.679, 8.98, 9.12, 9.01, 8.49, 7.97, 6.83, 5.54, 5.34], [4.33, 3.65, 3.6, 2.86, 2.72, 2.5, 2.34, 2.46, 2.43, 3.02, 2.84, 2.82, 2.78, 2.57, 1.35, 0, 1.27, 1.96, 1.76, 2.05, 1.85, 2.5, 3.15, 2.62, 2.33, 3.56, 4.87, 5.49, 5.22, 5.36, 3.58, 1.91, 2.01, 2.11, 2.02, 2.1, 1.86, 2.72, 3.01, 2.82, 2.49, 3.64, 4.82, 5.67, 6.76, 7.37, 7.57, 7.68, 9.006, 10.566, 11.456, 11.359, 11.618, 11.433, 11.173, 11.043, 11.4, 10.756, 10.579, 10.572, 10.756, 11.394, 11.199, 11.59, 11.656, 11.467, 11.315, 11.22, 11.217, 11.667, 11.73, 11.227, 11.58, 11.297, 11.497, 11.712, 11.656, 10.363, 9.65, 9.79, 9.7, 9.14, 8.36, 7.08, 5.67, 5.37], [3.26, 2.52, 2.45, 1.81, 1.87, 2.11, 1.93, 1.93, 1.6, 2.07, 1.83, 1.85, 1.83, 1.78, 1.3, 1.27, 0, 1.01, 1.23, 1.42, 2.08, 3.49, 4.16, 3.55, 2.94, 4.49, 5.78, 6.44, 6.17, 6.39, 4.57, 2.5, 2.54, 2.5, 2.23, 1.85, 2.11, 2.81, 2.62, 2.37, 1.68, 2.55, 3.73, 4.62, 5.71, 6.28, 6.58, 6.73, 8.0, 9.56, 10.443, 10.346, 10.614, 10.492, 10.25, 10.102, 10.455, 9.829, 9.634, 9.627, 9.811, 10.458, 10.254, 10.651, 10.717, 10.523, 10.37, 10.276, 10.273, 10.723, 10.786, 10.283, 10.636, 10.353, 10.553, 10.767, 10.711, 9.422, 8.719, 8.859, 8.769, 8.21, 7.37, 6.03, 4.64, 4.34], [2.93, 2.31, 2.18, 1.52, 1.72, 1.84, 1.58, 1.52, 1.27, 1.78, 1.66, 1.6, 1.6, 1.41, 1.53, 1.96, 1.01, 0, 1.0, 1.29, 2.37, 4.14, 4.77, 4.16, 3.45, 4.98, 6.29, 6.91, 6.66, 6.88, 5.12, 3.07, 3.11, 3.17, 2.98, 2.46, 2.7, 3.46, 3.15, 2.9, 1.97, 2.52, 3.58, 4.53, 5.4, 5.89, 6.01, 6.16, 7.441, 9.001, 9.891, 9.793, 10.058, 9.908, 9.648, 9.518, 9.878, 9.224, 9.047, 9.04, 9.224, 9.865, 9.667, 10.058, 10.124, 9.936, 9.783, 9.689, 9.686, 10.136, 10.199, 9.696, 10.049, 9.766, 9.966, 10.18, 10.124, 8.838, 8.13, 8.27, 8.18, 7.62, 6.8, 5.76, 4.77, 4.53], [3.57, 3.01, 2.88, 2.02, 1.88, 2.0, 1.6, 1.54, 1.59, 2.46, 2.38, 2.28, 2.22, 1.71, 1.31, 1.76, 1.23, 1.0, 0, 0.73, 1.55, 3.44, 4.41, 3.78, 2.65, 4.12, 5.49, 6.11, 5.84, 5.98, 4.36, 2.65, 2.85, 2.95, 2.8, 2.42, 2.54, 3.62, 3.55, 3.32, 2.41, 3.06, 4.24, 5.19, 6.1, 6.57, 6.77, 6.96, 8.306, 9.866, 10.756, 10.659, 10.915, 10.733, 10.473, 10.343, 10.703, 10.056, 9.879, 9.872, 10.056, 10.694, 10.499, 10.887, 10.953, 10.767, 10.615, 10.52, 10.517, 10.967, 11.03, 10.527, 10.88, 10.597, 10.797, 11.012, 10.956, 9.663, 8.95, 9.09, 9.0, 8.44, 7.54, 6.38, 5.23, 5.01], [3.64, 3.06, 2.97, 2.11, 2.17, 2.29, 2.01, 1.97, 1.84, 2.57, 2.45, 2.39, 2.35, 2.1, 1.64, 2.05, 1.42, 1.29, 0.73, 0, 1.4, 3.33, 4.48, 3.85, 2.58, 4.11, 5.42, 6.04, 5.77, 5.91, 4.33, 2.82, 2.9, 3.08, 3.07, 2.63, 2.75, 3.81, 3.6, 3.33, 2.44, 3.09, 4.25, 5.18, 6.17, 6.66, 6.9, 7.07, 8.44, 10.0, 10.89, 10.795, 11.074, 10.85, 10.59, 10.456, 10.816, 10.183, 9.997, 9.99, 10.175, 10.821, 10.617, 11.014, 11.08, 10.886, 10.733, 10.639, 10.636, 11.086, 11.149, 10.646, 10.999, 10.716, 10.916, 11.128, 11.072, 9.776, 9.06, 9.2, 9.11, 8.55, 7.67, 6.43, 5.22, 5.0], [4.88, 4.26, 4.19, 3.41, 3.27, 3.19, 2.85, 2.87, 2.94, 3.75, 3.63, 3.55, 3.49, 3.02, 1.74, 1.85, 2.08, 2.37, 1.55, 1.4, 0, 2.79, 4.02, 3.67, 2.36, 3.23, 4.44, 4.98, 4.73, 4.89, 3.81, 2.84, 2.96, 3.42, 3.43, 3.15, 2.99, 4.19, 4.2, 3.97, 3.32, 4.23, 5.43, 6.3, 7.35, 7.9, 8.14, 8.29, 9.7, 11.26, 12.15, 12.055, 12.328, 12.09, 11.81, 11.68, 12.04, 11.4, 11.223, 11.216, 11.4, 12.041, 11.843, 12.234, 12.3, 12.112, 11.959, 11.865, 11.862, 12.312, 12.375, 11.872, 12.225, 11.942, 12.142, 12.354, 12.298, 11.0, 10.28, 10.42, 10.33, 9.77, 8.93, 7.59, 6.32, 6.1], [6.05, 5.35, 5.36, 4.82, 4.94, 4.88, 4.52, 4.6, 4.59, 5.42, 5.26, 5.26, 5.18, 4.93, 3.53, 2.5, 3.49, 4.14, 3.44, 3.33, 2.79, 0, 1.69, 1.98, 2.21, 2.3, 2.85, 3.39, 3.28, 3.14, 2.1, 2.15, 2.13, 2.53, 2.94, 3.06, 2.6, 3.04, 3.79, 3.84, 4.19, 5.42, 6.7, 7.63, 8.66, 9.37, 9.75, 9.94, 11.37, 12.95, 13.8, 13.714, 14.047, 13.74, 13.5, 13.33, 13.69, 13.071, 12.882, 12.875, 13.059, 13.706, 13.502, 13.902, 13.968, 13.771, 13.618, 13.524, 13.521, 13.971, 14.034, 13.531, 13.884, 13.601, 13.801, 14.004, 13.948, 12.65, 11.93, 12.07, 11.98, 11.42, 10.52, 8.92, 7.21, 6.89], [6.3, 5.58, 5.61, 5.13, 5.33, 5.29, 5.17, 5.39, 5.26, 5.87, 5.69, 5.67, 5.69, 5.64, 4.22, 3.15, 4.16, 4.77, 4.41, 4.48, 4.02, 1.69, 0, 1.21, 2.48, 2.71, 2.98, 3.3, 3.25, 2.89, 2.09, 2.04, 2.04, 2.2, 2.69, 2.95, 2.45, 2.57, 3.46, 3.87, 4.54, 5.81, 7.09, 7.94, 9.01, 9.74, 10.1, 10.29, 11.74, 13.32, 14.17, 14.084, 14.417, 14.11, 13.85, 13.68, 14.04, 13.421, 13.235, 13.228, 13.412, 14.062, 13.855, 14.255, 14.321, 14.124, 13.971, 13.877, 13.874, 14.324, 14.387, 13.884, 14.237, 13.954, 14.154, 14.357, 14.301, 13.0, 12.28, 12.42, 12.33, 11.77, 10.89, 9.17, 7.4, 7.24], [5.73, 5.01, 5.06, 4.56, 4.74, 4.66, 4.48, 4.72, 4.65, 5.24, 5.04, 5.0, 5.02, 5.01, 3.61, 2.62, 3.55, 4.16, 3.78, 3.85, 3.67, 1.98, 1.21, 0, 1.71, 2.38, 2.75, 3.29, 3.04, 3.16, 1.56, 1.47, 1.67, 1.75, 2.18, 2.38, 1.92, 2.12, 3.01, 3.44, 4.07, 5.28, 6.46, 7.31, 8.4, 9.15, 9.51, 9.68, 11.05, 12.61, 13.499, 13.402, 13.67, 13.46, 13.2, 13.07, 13.43, 12.799, 12.622, 12.632, 12.782, 13.435, 13.225, 13.627, 13.693, 13.493, 13.34, 13.281, 13.261, 13.711, 13.791, 13.271, 13.624, 13.341, 13.541, 13.738, 13.682, 12.386, 11.67, 11.81, 11.72, 11.2, 10.34, 8.7, 7.01, 6.75], [5.3, 4.6, 4.63, 4.13, 4.25, 4.21, 3.89, 3.89, 3.96, 4.83, 4.63, 4.57, 4.53, 4.08, 2.94, 2.33, 2.94, 3.45, 2.65, 2.58, 2.36, 2.21, 2.48, 1.71, 0, 1.81, 3.06, 3.72, 3.49, 3.61, 2.01, 0.98, 1.36, 1.58, 1.85, 1.95, 1.57, 2.33, 2.82, 3.05, 3.68, 4.81, 6.09, 6.92, 7.95, 8.68, 9.02, 9.19, 10.56, 12.12, 12.99, 12.901, 13.211, 12.93, 12.71, 12.56, 12.9, 12.29, 12.095, 12.105, 12.272, 12.916, 12.706, 13.109, 13.175, 12.975, 12.831, 12.774, 12.754, 13.224, 13.284, 12.784, 13.137, 12.854, 13.054, 13.251, 13.19, 11.86, 11.14, 11.3, 11.23, 10.71, 9.87, 8.27, 6.62, 6.36], [6.97, 6.19, 6.22, 5.76, 5.84, 5.82, 5.5, 5.42, 5.59, 6.42, 6.2, 6.12, 6.08, 5.55, 4.29, 3.56, 4.49, 4.98, 4.12, 4.11, 3.23, 2.3, 2.71, 2.38, 1.81, 0, 1.53, 2.09, 1.88, 2.1, 1.64, 2.31, 2.45, 2.83, 3.26, 3.42, 3.08, 3.58, 4.15, 4.7, 5.35, 6.5, 7.7, 8.57, 9.64, 10.35, 10.69, 10.84, 12.13, 13.67, 14.54, 14.46, 14.71, 14.54, 14.32, 14.19, 14.53, 13.88, 13.673, 13.686, 13.853, 14.503, 14.293, 14.679, 14.745, 14.565, 14.432, 14.355, 14.355, 14.825, 14.865, 14.385, 14.738, 14.455, 14.655, 14.85, 14.76, 13.49, 12.79, 12.95, 12.88, 12.38, 11.54, 9.94, 8.25, 8.05], [8.34, 7.54, 7.55, 7.11, 7.13, 7.19, 6.87, 6.79, 6.94, 7.79, 7.51, 7.45, 7.41, 6.82, 5.52, 4.87, 5.78, 6.29, 5.49, 5.42, 4.44, 2.85, 2.98, 2.75, 3.06, 1.53, 0, 1.0, 0.99, 1.17, 1.79, 3.56, 3.68, 4.04, 4.59, 4.77, 4.45, 4.69, 5.52, 6.07, 6.72, 7.87, 9.07, 9.94, 11.01, 11.72, 12.06, 12.23, 13.44, 14.98, 15.855, 15.77, 16.04, 15.949, 15.71, 15.58, 15.92, 15.272, 15.072, 15.065, 15.252, 15.889, 15.692, 16.065, 16.131, 15.948, 15.811, 15.733, 15.733, 16.203, 16.243, 15.763, 16.116, 15.833, 16.033, 16.251, 16.17, 14.88, 14.18, 14.34, 14.27, 13.75, 12.93, 11.31, 9.62, 9.42], [8.96, 8.16, 8.19, 7.73, 7.81, 7.81, 7.49, 7.45, 7.58, 8.43, 8.19, 8.09, 8.07, 7.54, 6.22, 5.49, 6.44, 6.91, 6.11, 6.04, 4.98, 3.39, 3.3, 3.29, 3.72, 2.09, 1.0, 0, 0.61, 0.75, 2.25, 4.18, 4.3, 4.68, 5.21, 5.39, 5.07, 5.31, 6.14, 6.69, 7.34, 8.49, 9.69, 10.56, 11.63, 12.36, 12.72, 12.89, 14.16, 15.7, 16.581, 16.49, 16.74, 16.61, 16.37, 16.24, 16.58, 15.941, 15.743, 15.753, 15.921, 16.547, 16.354, 16.74, 16.806, 16.623, 16.479, 16.422, 16.402, 16.872, 16.932, 16.432, 16.785, 16.502, 16.702, 16.919, 16.85, 15.54, 14.84, 15.0, 14.93, 14.41, 13.55, 11.93, 10.24, 10.04], [8.71, 7.91, 7.92, 7.48, 7.52, 7.58, 7.24, 7.22, 7.33, 8.18, 7.94, 7.86, 7.82, 7.29, 5.93, 5.22, 6.17, 6.66, 5.84, 5.77, 4.73, 3.28, 3.25, 3.04, 3.49, 1.88, 0.99, 0.61, 0, 0.86, 1.96, 3.93, 4.05, 4.39, 4.96, 5.14, 4.8, 5.04, 5.87, 6.42, 7.07, 8.24, 9.44, 10.31, 11.38, 12.11, 12.49, 12.66, 13.91, 15.45, 16.32, 16.24, 16.49, 16.36, 16.14, 16.01, 16.33, 15.7, 15.491, 15.521, 15.668, 16.291, 16.098, 16.484, 16.55, 16.379, 16.246, 16.189, 16.169, 16.639, 16.699, 16.199, 16.552, 16.269, 16.469, 16.686, 16.6, 15.31, 14.61, 14.77, 14.7, 14.18, 13.32, 11.66, 9.97, 9.77], [8.81, 8.09, 8.12, 7.66, 7.72, 7.7, 7.38, 7.36, 7.51, 8.34, 8.12, 8.04, 8.0, 7.49, 6.19, 5.36, 6.39, 6.88, 5.98, 5.91, 4.89, 3.14, 2.89, 3.16, 3.61, 2.1, 1.17, 0.75, 0.86, 0, 2.04, 4.07, 4.13, 4.49, 5.04, 5.24, 4.9, 5.14, 5.99, 6.52, 7.19, 8.38, 9.58, 10.45, 11.52, 12.25, 12.61, 12.78, 14.09, 15.63, 16.516, 16.439, 16.689, 16.5, 16.26, 16.13, 16.47, 15.856, 15.659, 15.669, 15.836, 16.469, 16.259, 16.662, 16.727, 16.527, 16.395, 16.338, 16.318, 16.788, 16.848, 16.348, 16.701, 16.418, 16.618, 16.815, 16.759, 15.43, 14.73, 14.89, 14.82, 14.3, 13.44, 11.78, 10.07, 9.89], [6.93, 6.19, 6.24, 5.78, 5.88, 5.88, 5.54, 5.58, 5.63, 6.5, 6.32, 6.26, 6.22, 5.81, 4.51, 3.58, 4.57, 5.12, 4.36, 4.33, 3.81, 2.1, 2.09, 1.56, 2.01, 1.64, 1.79, 2.25, 1.96, 2.04, 0, 2.11, 2.27, 2.57, 3.14, 3.36, 3.0, 3.18, 4.03, 4.56, 5.23, 6.46, 7.72, 8.55, 9.58, 10.33, 10.69, 10.86, 12.25, 13.83, 14.7, 14.611, 14.924, 14.64, 14.38, 14.23, 14.59, 13.965, 13.788, 13.798, 13.965, 14.609, 14.399, 14.802, 14.868, 14.668, 14.515, 14.447, 14.427, 14.897, 14.957, 14.457, 14.81, 14.527, 14.727, 14.924, 14.868, 13.55, 12.83, 12.97, 12.9, 12.38, 11.52, 9.84, 8.11, 7.93], [4.88, 4.1, 4.15, 3.67, 3.81, 3.81, 3.59, 3.65, 3.62, 4.41, 4.23, 4.17, 4.15, 3.88, 2.68, 1.91, 2.5, 3.07, 2.65, 2.82, 2.84, 2.15, 2.04, 1.47, 0.98, 2.31, 3.56, 4.18, 3.93, 4.07, 2.11, 0, 1.0, 1.06, 1.25, 1.41, 1.11, 1.69, 2.34, 2.57, 3.16, 4.35, 5.63, 6.46, 7.51, 8.26, 8.62, 8.79, 10.22, 11.8, 12.65, 12.564, 12.894, 12.59, 12.35, 12.18, 12.54, 11.924, 11.738, 11.748, 11.909, 12.562, 12.352, 12.755, 12.821, 12.621, 12.468, 12.394, 12.377, 12.821, 12.904, 12.387, 12.74, 12.457, 12.657, 12.854, 12.798, 11.5, 10.78, 10.92, 10.83, 10.29, 9.41, 7.77, 6.06, 5.86], [4.7, 3.98, 4.01, 3.53, 3.77, 3.81, 3.67, 3.81, 3.64, 4.25, 4.05, 3.99, 4.05, 4.02, 2.94, 2.01, 2.54, 3.11, 2.85, 2.9, 2.96, 2.13, 2.04, 1.67, 1.36, 2.45, 3.68, 4.3, 4.05, 4.13, 2.27, 1.0, 0, 0.74, 1.11, 1.27, 0.97, 1.69, 2.2, 2.43, 3.06, 4.25, 5.49, 6.36, 7.43, 8.18, 8.52, 8.69, 10.04, 11.62, 12.49, 12.401, 12.717, 12.47, 12.23, 12.08, 12.44, 11.806, 11.629, 11.639, 11.797, 12.45, 12.24, 12.643, 12.709, 12.509, 12.356, 12.282, 12.268, 12.709, 12.792, 12.278, 12.631, 12.348, 12.548, 12.745, 12.689, 11.393, 10.68, 10.82, 10.73, 10.19, 9.31, 7.65, 5.96, 5.76], [4.36, 3.64, 3.67, 3.25, 3.59, 3.75, 3.61, 3.85, 3.48, 4.01, 3.85, 3.81, 3.93, 4.02, 3.12, 2.11, 2.5, 3.17, 2.95, 3.08, 3.42, 2.53, 2.2, 1.75, 1.58, 2.83, 4.04, 4.68, 4.39, 4.49, 2.57, 1.06, 0.74, 0, 0.69, 1.05, 0.81, 1.19, 1.84, 2.09, 2.72, 3.97, 5.25, 6.1, 7.09, 7.82, 8.18, 8.39, 9.82, 11.4, 12.19, 12.11, 12.5, 12.21, 11.99, 11.8, 12.14, 11.51, 11.336, 11.322, 11.489, 12.142, 11.932, 12.335, 12.401, 12.201, 12.048, 11.957, 11.951, 12.401, 12.467, 11.961, 12.314, 12.031, 12.231, 12.428, 12.372, 11.076, 10.36, 10.5, 10.41, 9.91, 8.99, 7.31, 5.66, 5.42], [3.81, 3.13, 3.14, 2.84, 3.2, 3.32, 3.32, 3.58, 3.19, 3.5, 3.42, 3.38, 3.58, 3.65, 2.97, 2.02, 2.23, 2.98, 2.8, 3.07, 3.43, 2.94, 2.69, 2.18, 1.85, 3.26, 4.59, 5.21, 4.96, 5.04, 3.14, 1.25, 1.11, 0.69, 0, 0.74, 0.66, 1.2, 1.63, 1.66, 2.27, 3.48, 4.68, 5.53, 6.54, 7.29, 7.63, 7.84, 9.25, 10.83, 11.64, 11.56, 11.93, 11.68, 11.42, 11.23, 11.57, 10.96, 10.782, 10.772, 10.939, 11.592, 11.382, 11.785, 11.851, 11.651, 11.498, 11.404, 11.401, 11.851, 11.914, 11.411, 11.764, 11.481, 11.681, 11.878, 11.822, 10.526, 9.81, 9.95, 9.86, 9.34, 8.42, 6.76, 5.11, 4.87], [3.65, 2.91, 2.94, 2.58, 3.1, 3.18, 3.02, 3.2, 2.77, 3.2, 3.06, 3.08, 3.16, 3.25, 2.69, 2.1, 1.85, 2.46, 2.42, 2.63, 3.15, 3.06, 2.95, 2.38, 1.95, 3.42, 4.77, 5.39, 5.14, 5.24, 3.36, 1.41, 1.27, 1.05, 0.74, 0, 0.8, 1.62, 1.85, 1.8, 2.05, 3.3, 4.44, 5.31, 6.38, 7.13, 7.47, 7.66, 8.97, 10.55, 11.42, 11.34, 11.65, 11.48, 11.18, 11.03, 11.41, 10.753, 10.576, 10.58, 10.745, 11.406, 11.196, 11.59, 11.656, 11.456, 11.303, 11.209, 11.215, 11.656, 11.719, 11.216, 11.569, 11.286, 11.495, 11.692, 11.636, 10.341, 9.63, 9.77, 9.68, 9.14, 8.24, 6.6, 4.91, 4.75], [4.01, 3.27, 3.32, 2.86, 3.3, 3.42, 3.2, 3.42, 3.03, 3.6, 3.42, 3.44, 3.5, 3.55, 2.73, 1.86, 2.11, 2.7, 2.54, 2.75, 2.99, 2.6, 2.45, 1.92, 1.57, 3.08, 4.45, 5.07, 4.8, 4.9, 3.0, 1.11, 0.97, 0.81, 0.66, 0.8, 0, 1.46, 1.81, 1.82, 2.31, 3.6, 4.82, 5.69, 6.74, 7.47, 7.85, 8.04, 9.45, 11.03, 11.84, 11.76, 12.13, 11.88, 11.64, 11.45, 11.79, 11.18, 10.999, 10.972, 11.156, 11.809, 11.599, 12.002, 12.068, 11.868, 11.715, 11.621, 11.618, 12.068, 12.131, 11.628, 11.981, 11.698, 11.898, 12.095, 12.039, 10.743, 10.03, 10.17, 10.08, 9.56, 8.64, 6.96, 5.25, 5.01], [3.93, 3.23, 3.34, 3.36, 3.86, 3.96, 4.02, 4.36, 3.75, 3.76, 3.8, 3.78, 3.94, 4.19, 3.79, 2.72, 2.81, 3.46, 3.62, 3.81, 4.19, 3.04, 2.57, 2.12, 2.33, 3.58, 4.69, 5.31, 5.04, 5.14, 3.18, 1.69, 1.69, 1.19, 1.2, 1.62, 1.46, 0, 1.17, 1.44, 2.23, 3.52, 4.76, 5.65, 6.68, 7.35, 7.69, 7.96, 9.45, 11.03, 11.78, 11.74, 12.13, 11.86, 11.56, 11.37, 11.69, 11.02, 10.852, 10.836, 11.011, 11.664, 11.454, 11.857, 11.923, 11.723, 11.57, 11.484, 11.473, 11.923, 11.994, 11.483, 11.836, 11.553, 11.753, 11.95, 11.894, 10.59, 9.87, 10.01, 9.92, 9.48, 8.46, 6.74, 5.11, 4.83], [3.28, 2.72, 2.75, 2.97, 3.67, 3.83, 4.01, 4.31, 3.58, 3.35, 3.49, 3.43, 3.71, 4.04, 3.72, 3.01, 2.62, 3.15, 3.55, 3.6, 4.2, 3.79, 3.46, 3.01, 2.82, 4.15, 5.52, 6.14, 5.87, 5.99, 4.03, 2.34, 2.2, 1.84, 1.63, 1.85, 1.81, 1.17, 0, 0.77, 1.78, 2.97, 4.07, 4.98, 6.01, 6.68, 6.98, 7.25, 8.78, 10.36, 11.11, 11.07, 11.46, 11.21, 10.89, 10.7, 10.98, 10.35, 10.142, 10.063, 10.23, 10.892, 10.682, 11.084, 11.15, 10.95, 10.797, 10.712, 10.7, 11.15, 11.222, 10.71, 11.063, 10.78, 10.98, 11.177, 11.122, 9.8, 9.08, 9.22, 9.13, 8.81, 7.71, 5.95, 4.32, 4.04], [2.77, 2.15, 2.26, 2.68, 3.36, 3.58, 3.78, 4.08, 3.27, 2.86, 3.04, 3.02, 3.3, 3.71, 3.51, 2.82, 2.37, 2.9, 3.32, 3.33, 3.97, 3.84, 3.87, 3.44, 3.05, 4.7, 6.07, 6.69, 6.42, 6.52, 4.56, 2.57, 2.43, 2.09, 1.66, 1.8, 1.82, 1.44, 0.77, 0, 1.37, 2.46, 3.58, 4.43, 5.42, 6.09, 6.39, 6.7, 8.19, 9.77, 10.52, 10.48, 10.87, 10.64, 10.3, 10.11, 10.39, 9.76, 9.552, 9.482, 9.64, 10.302, 10.092, 10.494, 10.56, 10.36, 10.207, 10.122, 10.11, 10.56, 10.632, 10.12, 10.473, 10.19, 10.39, 10.587, 10.532, 9.21, 8.49, 8.63, 8.54, 8.26, 7.12, 5.38, 3.79, 3.49], [2.14, 1.66, 1.61, 2.01, 2.63, 2.77, 2.87, 3.19, 2.4, 1.91, 2.15, 2.09, 2.39, 2.8, 2.7, 2.49, 1.68, 1.97, 2.41, 2.44, 3.32, 4.19, 4.54, 4.07, 3.68, 5.35, 6.72, 7.34, 7.07, 7.19, 5.23, 3.16, 3.06, 2.72, 2.27, 2.05, 2.31, 2.23, 1.78, 1.37, 0, 1.55, 2.85, 3.72, 4.63, 5.32, 5.64, 5.87, 7.38, 8.96, 9.75, 9.67, 10.06, 9.79, 9.49, 9.3, 9.6, 8.99, 8.796, 8.783, 8.964, 9.617, 9.407, 9.81, 9.876, 9.676, 9.523, 9.431, 9.426, 9.876, 9.941, 9.436, 9.789, 9.506, 9.706, 9.903, 9.847, 8.54, 7.82, 7.96, 7.87, 7.41, 6.41, 4.77, 3.3, 3.0], [1.55, 1.39, 1.66, 2.24, 2.82, 3.1, 3.34, 3.62, 2.65, 1.94, 2.2, 2.2, 2.58, 3.05, 3.51, 3.64, 2.55, 2.52, 3.06, 3.09, 4.23, 5.42, 5.81, 5.28, 4.81, 6.5, 7.87, 8.49, 8.24, 8.38, 6.46, 4.35, 4.25, 3.97, 3.48, 3.3, 3.6, 3.52, 2.97, 2.46, 1.55, 0, 1.46, 2.45, 3.32, 4.03, 4.41, 4.62, 6.03, 7.61, 8.44, 8.36, 8.71, 8.44, 8.18, 7.99, 8.35, 7.737, 7.545, 7.535, 7.719, 8.372, 8.162, 8.565, 8.631, 8.431, 8.278, 8.184, 8.181, 8.631, 8.694, 8.191, 8.544, 8.261, 8.461, 8.661, 8.605, 7.309, 6.59, 6.73, 6.64, 6.1, 5.18, 3.66, 2.37, 2.07], [1.73, 1.99, 2.22, 2.8, 3.4, 3.58, 3.96, 4.2, 3.37, 2.42, 2.68, 2.84, 3.1, 3.89, 4.59, 4.82, 3.73, 3.58, 4.24, 4.25, 5.43, 6.7, 7.09, 6.46, 6.09, 7.7, 9.07, 9.69, 9.44, 9.58, 7.72, 5.63, 5.49, 5.25, 4.68, 4.44, 4.82, 4.76, 4.07, 3.58, 2.85, 1.46, 0, 1.27, 2.16, 2.87, 3.21, 3.42, 4.75, 6.31, 7.2, 7.12, 7.39, 7.26, 6.92, 6.79, 7.15, 6.516, 6.339, 6.349, 6.516, 7.155, 6.945, 7.347, 7.413, 7.213, 7.06, 6.966, 6.963, 7.413, 7.476, 6.973, 7.326, 7.043, 7.243, 7.455, 7.399, 6.103, 5.39, 5.53, 5.44, 4.88, 3.98, 2.6, 1.45, 1.31], [2.32, 2.88, 3.05, 3.61, 4.21, 4.37, 4.87, 5.11, 4.3, 3.37, 3.51, 3.71, 3.95, 4.8, 5.54, 5.67, 4.62, 4.53, 5.19, 5.18, 6.3, 7.63, 7.94, 7.31, 6.92, 8.57, 9.94, 10.56, 10.31, 10.45, 8.55, 6.46, 6.36, 6.1, 5.53, 5.31, 5.69, 5.65, 4.98, 4.43, 3.72, 2.45, 1.27, 0, 1.31, 2.0, 2.36, 2.61, 3.88, 5.4, 6.29, 6.25, 6.54, 6.45, 6.03, 5.84, 6.2, 5.572, 5.45, 5.54, 5.59, 6.225, 6.035, 6.403, 6.469, 6.269, 6.116, 6.022, 6.034, 6.484, 6.564, 6.029, 6.382, 6.099, 6.334, 6.511, 6.455, 5.159, 4.44, 4.62, 4.53, 3.99, 3.09, 1.71, 1.28, 1.44], [2.91, 3.61, 3.72, 4.3, 4.82, 4.96, 5.54, 5.78, 5.05, 4.24, 4.46, 4.7, 4.9, 5.65, 6.55, 6.76, 5.71, 5.4, 6.1, 6.17, 7.35, 8.66, 9.01, 8.4, 7.95, 9.64, 11.01, 11.63, 11.38, 11.52, 9.58, 7.51, 7.43, 7.09, 6.54, 6.38, 6.74, 6.68, 6.01, 5.42, 4.63, 3.32, 2.16, 1.31, 0, 0.87, 1.41, 1.6, 2.77, 4.35, 5.16, 5.1, 5.47, 5.34, 4.92, 4.71, 5.05, 4.44, 4.3, 4.45, 4.5, 5.098, 4.888, 5.291, 5.437, 5.157, 4.984, 4.907, 4.887, 5.337, 5.417, 4.897, 5.25, 5.066, 5.307, 5.45, 5.328, 4.03, 3.37, 3.59, 3.5, 3.28, 2.32, 1.06, 1.87, 2.07], [3.52, 4.26, 4.29, 4.85, 5.21, 5.39, 5.95, 6.17, 5.52, 4.75, 5.01, 5.17, 5.39, 6.1, 7.08, 7.37, 6.28, 5.89, 6.57, 6.66, 7.9, 9.37, 9.74, 9.15, 8.68, 10.35, 11.72, 12.36, 12.11, 12.25, 10.33, 8.26, 8.18, 7.82, 7.29, 7.13, 7.47, 7.35, 6.68, 6.09, 5.32, 4.03, 2.87, 2.0, 0.87, 0, 0.9, 1.41, 2.38, 3.84, 4.45, 4.45, 4.84, 4.71, 4.29, 4.06, 4.4, 3.73, 3.59, 3.76, 3.87, 4.4, 4.35, 4.71, 4.89, 4.69, 4.46, 4.44, 4.357, 4.667, 4.707, 4.33, 4.72, 4.48, 4.74, 4.78, 4.61, 3.36, 2.8, 3.02, 3.01, 2.89, 1.87, 0.95, 2.6, 2.76], [3.86, 4.64, 4.63, 5.11, 5.25, 5.29, 5.87, 5.99, 5.58, 4.87, 5.11, 5.25, 5.41, 6.0, 7.18, 7.57, 6.58, 6.01, 6.77, 6.9, 8.14, 9.75, 10.1, 9.51, 9.02, 10.69, 12.06, 12.72, 12.49, 12.61, 10.69, 8.62, 8.52, 8.18, 7.63, 7.47, 7.85, 7.69, 6.98, 6.39, 5.64, 4.41, 3.21, 2.36, 1.41, 0.9, 0, 0.99, 2.18, 3.54, 4.15, 4.11, 4.5, 4.37, 3.93, 3.74, 4.02, 3.41, 3.23, 3.26, 3.45, 4.06, 3.97, 4.35, 4.55, 4.35, 4.1, 4.08, 4.0, 4.299, 4.339, 3.97, 4.352, 4.16, 4.38, 4.42, 4.25, 3.02, 2.48, 2.6, 2.61, 2.63, 1.51, 1.47, 3.02, 3.24], [4.19, 4.95, 4.96, 5.3, 5.4, 5.28, 5.68, 5.8, 5.57, 4.88, 5.1, 5.2, 5.34, 5.93, 7.09, 7.68, 6.73, 6.16, 6.96, 7.07, 8.29, 9.94, 10.29, 9.68, 9.19, 10.84, 12.23, 12.89, 12.66, 12.78, 10.86, 8.79, 8.69, 8.39, 7.84, 7.66, 8.04, 7.96, 7.25, 6.7, 5.87, 4.62, 3.42, 2.61, 1.6, 1.41, 0.99, 0, 1.65, 3.25, 3.94, 3.86, 4.23, 4.0, 3.66, 3.51, 3.83, 3.24, 3.18, 3.39, 3.4, 3.91, 3.84, 4.22, 4.46, 4.12, 3.81, 3.79, 3.73, 4.109, 4.149, 3.76, 4.158, 4.07, 4.31, 4.39, 4.16, 2.89, 2.51, 2.79, 2.66, 2.66, 1.96, 1.88, 3.23, 3.45], [5.54, 6.26, 6.23, 6.67, 6.63, 6.55, 6.89, 6.89, 6.82, 6.01, 6.17, 6.27, 6.31, 6.82, 8.22, 9.006, 8.0, 7.441, 8.306, 8.44, 9.7, 11.37, 11.74, 11.05, 10.56, 12.13, 13.44, 14.16, 13.91, 14.09, 12.25, 10.22, 10.04, 9.82, 9.25, 8.97, 9.45, 9.45, 8.78, 8.19, 7.38, 6.03, 4.75, 3.88, 2.77, 2.38, 2.18, 1.65, 0, 1.76, 2.47, 2.57, 2.78, 2.89, 2.45, 2.34, 2.74, 2.27, 2.43, 2.7, 2.63, 3.02, 2.99, 3.29, 3.57, 3.15, 2.78, 2.84, 2.74, 3.03, 3.13, 2.81, 3.1, 3.16, 3.4, 3.46, 3.29, 2.2, 1.96, 2.24, 2.17, 2.41, 2.59, 2.99, 4.54, 4.74], [7.12, 7.84, 7.81, 8.25, 8.13, 8.11, 8.45, 8.45, 8.4, 7.55, 7.73, 7.79, 7.83, 8.313, 9.768, 10.566, 9.56, 9.001, 9.866, 10.0, 11.26, 12.95, 13.32, 12.61, 12.12, 13.67, 14.98, 15.7, 15.45, 15.63, 13.83, 11.8, 11.62, 11.4, 10.83, 10.55, 11.03, 11.03, 10.36, 9.77, 8.96, 7.61, 6.31, 5.4, 4.35, 3.84, 3.54, 3.25, 1.76, 0, 1.13, 1.51, 1.92, 2.21, 1.89, 1.58, 1.48, 1.25, 1.35, 1.74, 1.59, 1.78, 1.73, 1.91, 2.19, 1.93, 1.68, 1.7, 1.54, 1.75, 1.83, 1.57, 1.74, 1.84, 2.1, 2.1, 2.07, 1.44, 1.82, 1.94, 1.95, 2.49, 3.05, 4.45, 6.12, 6.32], [7.87, 8.59, 8.56, 9.06, 9.02, 9.0, 9.34, 9.336, 9.21, 8.44, 8.619, 8.671, 8.716, 9.203, 10.657, 11.456, 10.443, 9.891, 10.756, 10.89, 12.15, 13.8, 14.17, 13.499, 12.99, 14.54, 15.855, 16.581, 16.32, 16.516, 14.7, 12.65, 12.49, 12.19, 11.64, 11.42, 11.84, 11.78, 11.11, 10.52, 9.75, 8.44, 7.2, 6.29, 5.16, 4.45, 4.15, 3.94, 2.47, 1.13, 0, 0.86, 1.25, 1.52, 1.28, 1.13, 1.23, 1.3, 1.36, 1.53, 1.6, 1.63, 1.7, 1.68, 2.0, 1.72, 1.53, 1.55, 1.29, 1.22, 1.26, 1.48, 1.53, 1.71, 2.01, 1.63, 1.44, 1.67, 2.21, 2.23, 2.2, 2.66, 3.42, 5.18, 6.97, 7.11], [7.83, 8.55, 8.52, 8.98, 8.945, 8.905, 9.245, 9.239, 9.13, 8.36, 8.54, 8.573, 8.619, 9.106, 10.561, 11.359, 10.346, 9.793, 10.659, 10.795, 12.055, 13.714, 14.084, 13.402, 12.901, 14.46, 15.77, 16.49, 16.24, 16.439, 14.611, 12.564, 12.401, 12.11, 11.56, 11.34, 11.76, 11.74, 11.07, 10.48, 9.67, 8.36, 7.12, 6.25, 5.1, 4.45, 4.11, 3.86, 2.57, 1.51, 0.86, 0, 0.95, 1.1, 1.02, 0.99, 1.43, 1.32, 1.36, 1.61, 1.5, 1.61, 1.7, 1.74, 2.04, 1.84, 1.57, 1.53, 1.35, 1.24, 1.34, 1.64, 1.65, 1.69, 1.85, 1.69, 1.46, 1.81, 2.27, 2.13, 2.04, 2.52, 3.4, 5.16, 6.91, 7.09], [8.22, 8.94, 8.91, 9.35, 9.281, 9.184, 9.53, 9.507, 9.5, 8.63, 8.79, 8.85, 8.89, 9.405, 10.831, 11.618, 10.614, 10.058, 10.915, 11.074, 12.328, 14.047, 14.417, 13.67, 13.211, 14.71, 16.04, 16.74, 16.49, 16.689, 14.924, 12.894, 12.717, 12.5, 11.93, 11.65, 12.13, 12.13, 11.46, 10.87, 10.06, 8.71, 7.39, 6.54, 5.47, 4.84, 4.5, 4.23, 2.78, 1.92, 1.25, 0.95, 0, 0.89, 0.79, 1.12, 1.8, 1.89, 1.87, 2.14, 2.01, 2.12, 2.27, 2.23, 2.49, 2.35, 2.12, 2.08, 1.9, 1.53, 1.65, 2.21, 2.02, 2.08, 2.18, 2.12, 2.11, 2.54, 2.82, 2.78, 2.51, 2.81, 3.81, 5.55, 7.24, 7.48], [8.05, 8.79, 8.84, 9.12, 9.15, 8.98, 9.34, 9.331, 9.29, 8.52, 8.72, 8.7, 8.76, 9.286, 10.716, 11.433, 10.492, 9.908, 10.733, 10.85, 12.09, 13.74, 14.11, 13.46, 12.93, 14.54, 15.949, 16.61, 16.36, 16.5, 14.64, 12.59, 12.47, 12.21, 11.68, 11.48, 11.88, 11.86, 11.21, 10.64, 9.79, 8.44, 7.26, 6.45, 5.34, 4.71, 4.37, 4.0, 2.89, 2.21, 1.52, 1.1, 0.89, 0, 0.76, 1.11, 1.77, 1.84, 1.8, 2.03, 1.94, 1.87, 2.02, 2.04, 2.2, 2.18, 1.91, 1.83, 1.73, 1.5, 1.54, 2.28, 2.03, 2.03, 2.13, 2.01, 1.84, 2.41, 2.69, 2.63, 2.4, 2.6, 3.7, 5.4, 7.13, 7.35], [7.71, 8.49, 8.48, 8.9, 8.89, 8.72, 9.06, 9.08, 9.05, 8.18, 8.42, 8.42, 8.5, 9.026, 10.469, 11.173, 10.25, 9.648, 10.473, 10.59, 11.81, 13.5, 13.85, 13.2, 12.71, 14.32, 15.71, 16.37, 16.14, 16.26, 14.38, 12.35, 12.23, 11.99, 11.42, 11.18, 11.64, 11.56, 10.89, 10.3, 9.49, 8.18, 6.92, 6.03, 4.92, 4.29, 3.93, 3.66, 2.45, 1.89, 1.28, 1.02, 0.79, 0.76, 0, 0.77, 1.59, 1.62, 1.6, 1.79, 1.62, 1.81, 1.96, 1.96, 2.32, 2.12, 1.85, 1.77, 1.59, 1.38, 1.52, 2.14, 1.85, 1.91, 2.09, 1.93, 1.76, 1.97, 2.25, 2.19, 1.94, 2.18, 3.24, 4.98, 6.67, 6.91], [7.52, 8.3, 8.29, 8.71, 8.74, 8.583, 8.93, 8.941, 8.86, 8.05, 8.29, 8.29, 8.37, 8.896, 10.339, 11.043, 10.102, 9.518, 10.343, 10.456, 11.68, 13.33, 13.68, 13.07, 12.56, 14.19, 15.58, 16.24, 16.01, 16.13, 14.23, 12.18, 12.08, 11.8, 11.23, 11.03, 11.45, 11.37, 10.7, 10.11, 9.3, 7.99, 6.79, 5.84, 4.71, 4.06, 3.74, 3.51, 2.34, 1.58, 1.13, 0.99, 1.12, 1.11, 0.77, 0, 1.08, 1.11, 1.21, 1.64, 1.41, 1.68, 1.75, 1.83, 2.25, 1.95, 1.66, 1.58, 1.4, 1.27, 1.33, 1.69, 1.6, 1.68, 1.94, 1.84, 1.63, 1.58, 1.86, 1.82, 1.71, 2.01, 3.03, 4.77, 6.48, 6.66], [7.86, 8.64, 8.63, 9.05, 9.12, 8.95, 9.29, 9.31, 9.2, 8.41, 8.65, 8.65, 8.715, 9.276, 10.699, 11.4, 10.455, 9.878, 10.703, 10.816, 12.04, 13.69, 14.04, 13.43, 12.9, 14.53, 15.92, 16.58, 16.33, 16.47, 14.59, 12.54, 12.44, 12.14, 11.57, 11.41, 11.79, 11.69, 10.98, 10.39, 9.6, 8.35, 7.15, 6.2, 5.05, 4.4, 4.02, 3.83, 2.74, 1.48, 1.23, 1.43, 1.8, 1.77, 1.59, 1.08, 0, 0.97, 1.25, 1.62, 1.67, 1.58, 1.65, 1.57, 1.95, 1.61, 1.5, 1.52, 1.28, 1.21, 1.19, 1.31, 1.44, 1.68, 1.92, 1.72, 1.55, 1.56, 2.16, 2.14, 2.25, 2.63, 3.37, 5.05, 6.8, 6.94], [7.19, 7.97, 7.96, 8.44, 8.458, 8.31, 8.656, 8.67, 8.59, 7.793, 8.005, 8.033, 8.108, 8.625, 10.042, 10.756, 9.829, 9.224, 10.056, 10.183, 11.4, 13.071, 13.421, 12.799, 12.29, 13.88, 15.272, 15.941, 15.7, 15.856, 13.965, 11.924, 11.806, 11.51, 10.96, 10.753, 11.18, 11.02, 10.35, 9.76, 8.99, 7.737, 6.516, 5.572, 4.44, 3.73, 3.41, 3.24, 2.27, 1.25, 1.3, 1.32, 1.89, 1.84, 1.62, 1.11, 0.97, 0, 0.76, 1.09, 1.06, 1.05, 1.24, 1.34, 1.66, 1.3, 1.11, 1.15, 0.97, 1.22, 1.2, 1.0, 1.17, 1.19, 1.51, 1.53, 1.46, 1.13, 1.47, 1.47, 1.58, 2.02, 2.74, 4.42, 6.21, 6.35], [7.022, 7.802, 7.792, 8.253, 8.281, 8.125, 8.479, 8.496, 8.403, 7.596, 7.828, 7.836, 7.91, 8.448, 9.865, 10.579, 9.634, 9.047, 9.879, 9.997, 11.223, 12.882, 13.235, 12.622, 12.095, 13.673, 15.072, 15.743, 15.491, 15.659, 13.788, 11.738, 11.629, 11.336, 10.782, 10.576, 10.999, 10.852, 10.142, 9.552, 8.796, 7.545, 6.339, 5.45, 4.3, 3.59, 3.23, 3.18, 2.43, 1.35, 1.36, 1.36, 1.87, 1.8, 1.6, 1.21, 1.25, 0.76, 0, 0.87, 0.96, 1.13, 1.06, 1.26, 1.46, 1.4, 1.31, 1.23, 1.11, 1.42, 1.28, 1.12, 1.41, 1.31, 1.51, 1.47, 1.32, 1.07, 1.27, 1.21, 1.28, 1.94, 2.44, 4.22, 6.03, 6.19], [7.022, 7.773, 7.781, 8.226, 8.274, 8.117, 8.457, 8.469, 8.376, 7.575, 7.803, 7.863, 7.941, 8.441, 9.858, 10.572, 9.627, 9.04, 9.872, 9.99, 11.216, 12.875, 13.228, 12.632, 12.105, 13.686, 15.065, 15.753, 15.521, 15.669, 13.798, 11.748, 11.639, 11.322, 10.772, 10.58, 10.972, 10.836, 10.063, 9.482, 8.783, 7.535, 6.349, 5.54, 4.45, 3.76, 3.26, 3.39, 2.7, 1.74, 1.53, 1.61, 2.14, 2.03, 1.79, 1.64, 1.62, 1.09, 0.87, 0, 0.81, 1.22, 1.15, 1.35, 1.55, 1.33, 1.24, 1.1, 1.08, 1.39, 1.37, 1.23, 1.42, 1.28, 1.48, 1.44, 1.49, 1.38, 1.46, 1.3, 1.39, 1.99, 2.57, 4.31, 6.14, 6.36], [7.169, 7.941, 7.928, 8.41, 8.458, 8.302, 8.642, 8.653, 8.56, 7.759, 7.987, 8.027, 8.107, 8.625, 10.042, 10.756, 9.811, 9.224, 10.056, 10.175, 11.4, 13.059, 13.412, 12.782, 12.272, 13.853, 15.252, 15.921, 15.668, 15.836, 13.965, 11.909, 11.797, 11.489, 10.939, 10.745, 11.156, 11.011, 10.23, 9.64, 8.964, 7.719, 6.516, 5.59, 4.5, 3.87, 3.45, 3.4, 2.63, 1.59, 1.6, 1.5, 2.01, 1.94, 1.62, 1.41, 1.67, 1.06, 0.96, 0.81, 0, 0.97, 0.9, 1.08, 1.42, 1.2, 1.07, 0.95, 0.91, 1.2, 1.22, 1.26, 1.19, 1.01, 1.25, 1.37, 1.32, 1.29, 1.33, 1.19, 1.3, 1.94, 2.66, 4.34, 6.23, 6.43], [7.822, 8.593, 8.581, 9.063, 9.111, 8.955, 9.295, 9.326, 9.213, 8.412, 8.64, 8.686, 8.761, 9.282, 10.677, 11.394, 10.458, 9.865, 10.694, 10.821, 12.041, 13.706, 14.062, 13.435, 12.916, 14.503, 15.889, 16.547, 16.291, 16.469, 14.609, 12.562, 12.45, 12.142, 11.592, 11.406, 11.809, 11.664, 10.892, 10.302, 9.617, 8.372, 7.155, 6.225, 5.098, 4.4, 4.06, 3.91, 3.02, 1.78, 1.63, 1.61, 2.12, 1.87, 1.81, 1.68, 1.58, 1.05, 1.13, 1.22, 0.97, 0, 0.61, 0.69, 0.91, 0.85, 0.82, 0.86, 0.84, 1.03, 1.01, 1.19, 1.06, 1.02, 1.1, 1.08, 1.31, 1.48, 1.86, 1.72, 1.81, 2.45, 3.27, 4.959, 6.837, 6.96], [7.612, 8.383, 8.371, 8.853, 8.901, 8.745, 9.085, 9.116, 9.003, 8.202, 8.43, 8.456, 8.531, 9.068, 10.485, 11.199, 10.254, 9.667, 10.499, 10.617, 11.843, 13.502, 13.855, 13.225, 12.706, 14.293, 15.692, 16.354, 16.098, 16.259, 14.399, 12.352, 12.24, 11.932, 11.382, 11.196, 11.599, 11.454, 10.682, 10.092, 9.407, 8.162, 6.945, 6.035, 4.888, 4.35, 3.97, 3.84, 2.99, 1.73, 1.7, 1.7, 2.27, 2.02, 1.96, 1.75, 1.65, 1.24, 1.06, 1.15, 0.9, 0.61, 0, 0.56, 0.82, 0.78, 0.91, 0.89, 0.89, 1.16, 1.04, 1.26, 1.09, 1.03, 1.11, 1.09, 1.32, 1.51, 1.73, 1.59, 1.78, 2.28, 3.08, 4.78, 6.647, 6.79], [8.015, 8.786, 8.773, 9.256, 9.295, 9.141, 9.487, 9.499, 9.406, 8.619, 8.833, 8.853, 8.933, 9.451, 10.87, 11.59, 10.651, 10.058, 10.887, 11.014, 12.234, 13.902, 14.255, 13.627, 13.109, 14.679, 16.065, 16.74, 16.484, 16.662, 14.802, 12.755, 12.643, 12.335, 11.785, 11.59, 12.002, 11.857, 11.084, 10.494, 9.81, 8.565, 7.347, 6.403, 5.291, 4.71, 4.35, 4.22, 3.29, 1.91, 1.68, 1.74, 2.23, 2.04, 1.96, 1.83, 1.57, 1.34, 1.26, 1.35, 1.08, 0.69, 0.56, 0, 0.6, 0.76, 1.01, 0.93, 0.97, 1.08, 0.98, 1.2, 0.97, 0.97, 1.03, 0.89, 1.16, 1.67, 2.09, 1.95, 2.04, 2.58, 3.44, 5.157, 7.03, 7.153], [8.081, 8.852, 8.839, 9.322, 9.361, 9.207, 9.553, 9.561, 9.472, 8.67, 8.899, 8.939, 9.019, 9.537, 10.936, 11.656, 10.717, 10.124, 10.953, 11.08, 12.3, 13.968, 14.321, 13.693, 13.175, 14.745, 16.131, 16.806, 16.55, 16.727, 14.868, 12.821, 12.709, 12.401, 11.851, 11.656, 12.068, 11.923, 11.15, 10.56, 9.876, 8.631, 7.413, 6.469, 5.437, 4.89, 4.55, 4.46, 3.57, 2.19, 2.0, 2.04, 2.49, 2.2, 2.32, 2.25, 1.95, 1.66, 1.46, 1.55, 1.42, 0.91, 0.82, 0.6, 0, 0.82, 1.25, 1.19, 1.29, 1.4, 1.2, 1.38, 1.27, 1.17, 1.21, 1.11, 1.44, 1.83, 2.23, 2.13, 2.2, 2.76, 3.62, 5.277, 7.096, 7.259], [7.881, 8.652, 8.639, 9.122, 9.17, 9.013, 9.353, 9.365, 9.272, 8.47, 8.699, 8.719, 8.799, 9.317, 10.753, 11.467, 10.523, 9.936, 10.767, 10.886, 12.112, 13.771, 14.124, 13.493, 12.975, 14.565, 15.948, 16.623, 16.379, 16.527, 14.668, 12.621, 12.509, 12.201, 11.651, 11.456, 11.868, 11.723, 10.95, 10.36, 9.676, 8.431, 7.213, 6.269, 5.157, 4.69, 4.35, 4.12, 3.15, 1.93, 1.72, 1.84, 2.35, 2.18, 2.12, 1.95, 1.61, 1.3, 1.4, 1.33, 1.2, 0.85, 0.78, 0.76, 0.82, 0, 0.67, 0.73, 0.81, 0.96, 0.9, 0.98, 0.83, 0.85, 0.99, 0.87, 1.3, 1.69, 1.99, 1.91, 2.04, 2.6, 3.44, 5.057, 6.89, 7.039], [7.728, 8.499, 8.486, 8.969, 9.017, 8.86, 9.2, 9.212, 9.119, 8.317, 8.546, 8.592, 8.666, 9.184, 10.601, 11.315, 10.37, 9.783, 10.615, 10.733, 11.959, 13.618, 13.971, 13.34, 12.831, 14.432, 15.811, 16.479, 16.246, 16.395, 14.515, 12.468, 12.356, 12.048, 11.498, 11.303, 11.715, 11.57, 10.797, 10.207, 9.523, 8.278, 7.06, 6.116, 4.984, 4.46, 4.1, 3.81, 2.78, 1.68, 1.53, 1.57, 2.12, 1.91, 1.85, 1.66, 1.5, 1.11, 1.31, 1.24, 1.07, 0.82, 0.91, 1.01, 1.25, 0.67, 0, 0.52, 0.52, 0.85, 0.79, 0.89, 0.88, 0.88, 0.96, 1.0, 1.25, 1.5, 1.82, 1.74, 1.95, 2.43, 3.35, 4.924, 6.737, 6.866], [7.643, 8.414, 8.401, 8.875, 8.923, 8.766, 9.106, 9.117, 9.025, 8.223, 8.452, 8.512, 8.589, 9.09, 10.507, 11.22, 10.276, 9.689, 10.52, 10.639, 11.865, 13.524, 13.877, 13.281, 12.774, 14.355, 15.733, 16.422, 16.189, 16.338, 14.447, 12.394, 12.282, 11.957, 11.404, 11.209, 11.621, 11.484, 10.712, 10.122, 9.431, 8.184, 6.966, 6.022, 4.907, 4.44, 4.08, 3.79, 2.84, 1.7, 1.55, 1.53, 2.08, 1.83, 1.77, 1.58, 1.52, 1.15, 1.23, 1.1, 0.95, 0.86, 0.89, 0.93, 1.19, 0.73, 0.52, 0, 0.38, 0.75, 0.75, 0.87, 0.9, 0.88, 0.94, 0.98, 1.19, 1.44, 1.76, 1.7, 1.77, 2.29, 3.21, 4.847, 6.643, 6.809], [7.631, 8.402, 8.389, 8.872, 8.92, 8.763, 9.103, 9.115, 9.022, 8.22, 8.449, 8.469, 8.549, 9.067, 10.504, 11.217, 10.273, 9.686, 10.517, 10.636, 11.862, 13.521, 13.874, 13.261, 12.754, 14.355, 15.733, 16.402, 16.169, 16.318, 14.427, 12.377, 12.268, 11.951, 11.401, 11.215, 11.618, 11.473, 10.7, 10.11, 9.426, 8.181, 6.963, 6.034, 4.887, 4.357, 4.0, 3.73, 2.74, 1.54, 1.29, 1.35, 1.9, 1.73, 1.59, 1.4, 1.28, 0.97, 1.11, 1.08, 0.91, 0.84, 0.89, 0.97, 1.29, 0.81, 0.52, 0.38, 0, 0.55, 0.67, 0.89, 0.84, 0.86, 0.94, 0.96, 1.21, 1.44, 1.72, 1.62, 1.71, 2.27, 3.17, 4.827, 6.646, 6.789], [8.081, 8.852, 8.839, 9.322, 9.37, 9.213, 9.553, 9.565, 9.472, 8.67, 8.899, 8.919, 8.999, 9.517, 10.954, 11.667, 10.723, 10.136, 10.967, 11.086, 12.312, 13.971, 14.324, 13.711, 13.224, 14.825, 16.203, 16.872, 16.639, 16.788, 14.897, 12.821, 12.709, 12.401, 11.851, 11.656, 12.068, 11.923, 11.15, 10.56, 9.876, 8.631, 7.413, 6.484, 5.337, 4.667, 4.299, 4.109, 3.03, 1.75, 1.22, 1.24, 1.53, 1.5, 1.38, 1.27, 1.21, 1.22, 1.42, 1.39, 1.2, 1.03, 1.16, 1.08, 1.4, 0.96, 0.85, 0.75, 0.55, 0, 0.6, 1.08, 0.83, 0.93, 0.99, 0.83, 1.18, 1.71, 2.148, 2.01, 2.069, 2.62, 3.514, 5.217, 7.096, 7.219], [8.153, 8.924, 8.911, 9.385, 9.433, 9.276, 9.616, 9.627, 9.535, 8.733, 8.962, 8.962, 9.042, 9.58, 11.017, 11.73, 10.786, 10.199, 11.03, 11.149, 12.375, 14.034, 14.387, 13.791, 13.284, 14.865, 16.243, 16.932, 16.699, 16.848, 14.957, 12.904, 12.792, 12.467, 11.914, 11.719, 12.131, 11.994, 11.222, 10.632, 9.941, 8.694, 7.476, 6.564, 5.417, 4.707, 4.339, 4.149, 3.13, 1.83, 1.26, 1.34, 1.65, 1.54, 1.52, 1.33, 1.19, 1.2, 1.28, 1.37, 1.22, 1.01, 1.04, 0.98, 1.2, 0.9, 0.79, 0.75, 0.67, 0.6, 0, 1.0, 0.83, 0.93, 1.09, 0.93, 1.1, 1.67, 2.197, 2.056, 2.163, 2.72, 3.554, 5.292, 7.153, 7.319], [7.641, 8.412, 8.399, 8.882, 8.93, 8.773, 9.113, 9.125, 9.032, 8.23, 8.459, 8.459, 8.539, 9.077, 10.514, 11.227, 10.283, 9.696, 10.527, 10.646, 11.872, 13.531, 13.884, 13.271, 12.784, 14.385, 15.763, 16.432, 16.199, 16.348, 14.457, 12.387, 12.278, 11.961, 11.411, 11.216, 11.628, 11.483, 10.71, 10.12, 9.436, 8.191, 6.973, 6.029, 4.897, 4.33, 3.97, 3.76, 2.81, 1.57, 1.48, 1.64, 2.21, 2.28, 2.14, 1.69, 1.31, 1.0, 1.12, 1.23, 1.26, 1.19, 1.26, 1.2, 1.38, 0.98, 0.89, 0.87, 0.89, 1.08, 1.0, 0, 0.59, 0.77, 1.01, 0.97, 1.2, 1.31, 1.69, 1.67, 1.8, 2.5, 3.14, 4.817, 6.65, 6.779], [7.994, 8.765, 8.752, 9.235, 9.283, 9.126, 9.466, 9.477, 9.385, 8.583, 8.812, 8.812, 8.892, 9.43, 10.867, 11.58, 10.636, 10.049, 10.88, 10.999, 12.225, 13.884, 14.237, 13.624, 13.137, 14.738, 16.116, 16.785, 16.552, 16.701, 14.81, 12.74, 12.631, 12.314, 11.764, 11.569, 11.981, 11.836, 11.063, 10