[[0, 1.16, 3.08, 4.18, 4.05, 3.74, 3.5, 4.29, 3.7, 2.53, 2.25, 2.62, 2.72, 3.6, 4.94, 4.92, 5.04, 4.99, 4.7, 4.22, 4.16, 4.17, 4.23, 5.13, 5.32, 4.84, 4.58, 5.01, 4.87, 4.94, 4.9, 4.92, 4.44, 4.51, 4.59, 4.54, 4.9, 4.75, 4.39, 3.87, 3.48, 2.94, 2.96, 2.27, 2.12, 1.71, 1.61, 1.72, 1.93, 2.34, 2.18, 2.12, 2.45, 2.41, 2.15, 2.1, 2.2, 3.04, 3.96, 5.16, 5.9, 5.89, 5.85, 5.97, 5.88, 6.15, 7.49, 11.36, 13.78, 13.93, 13.71, 13.84, 14.15, 11.52, 7.02, 4.52, 3.79, 4.0, 4.47, 4.52, 3.71, 3.48, 3.72, 4.32, 3.09, 2.8], [1.16, 0, 2.12, 3.28, 3.09, 2.7, 2.5, 3.21, 2.6, 1.57, 1.53, 2.5, 2.62, 3.54, 4.76, 4.78, 4.96, 4.87, 4.66, 4.16, 4.04, 4.11, 4.39, 5.25, 5.22, 4.8, 4.46, 4.87, 4.71, 4.8, 4.72, 4.8, 4.28, 4.39, 4.45, 4.46, 4.8, 4.67, 4.39, 3.81, 3.48, 3.26, 3.46, 2.93, 2.88, 2.13, 2.19, 2.36, 2.19, 2.44, 2.44, 2.68, 3.11, 3.09, 2.87, 2.58, 2.74, 3.7, 4.72, 5.94, 6.66, 6.67, 6.67, 6.83, 6.8, 7.11, 8.53, 12.34, 14.76, 14.89, 14.67, 14.8, 15.15, 12.56, 8.04, 5.5, 4.57, 4.88, 5.53, 5.56, 4.83, 4.62, 4.86, 5.48, 4.13, 3.22], [3.08, 2.12, 0, 1.3, 1.27, 1.18, 1.14, 1.47, 1.1, 1.37, 1.79, 2.54, 2.9, 3.36, 4.38, 4.6, 4.72, 4.71, 4.5, 4.0, 3.92, 3.99, 4.61, 5.27, 5.16, 4.5, 3.98, 4.37, 4.29, 4.34, 4.4, 4.46, 3.96, 4.11, 4.15, 4.16, 4.6, 4.59, 4.37, 3.89, 3.82, 4.08, 4.6, 4.39, 4.08, 3.21, 3.19, 3.54, 3.21, 3.44, 3.66, 3.74, 4.35, 4.31, 4.27, 3.9, 4.04, 4.84, 5.94, 7.18, 7.98, 8.01, 8.03, 8.29, 8.24, 8.53, 10.01, 13.96, 16.34, 16.47, 16.23, 16.42, 16.77, 14.34, 9.72, 7.16, 6.27, 6.6, 7.33, 7.4, 6.75, 6.52, 6.76, 7.4, 5.99, 4.6], [4.18, 3.28, 1.3, 0, 0.83, 1.18, 1.48, 1.29, 1.38, 2.23, 2.59, 3.08, 3.54, 3.44, 4.22, 4.38, 4.46, 4.47, 4.32, 3.86, 3.86, 3.97, 4.81, 5.31, 5.1, 4.38, 3.84, 4.07, 4.13, 4.2, 4.24, 4.26, 3.96, 3.99, 4.01, 4.02, 4.54, 4.73, 4.57, 4.29, 4.48, 4.88, 5.42, 5.21, 4.86, 3.91, 3.93, 4.34, 4.13, 4.28, 4.5, 4.76, 5.21, 5.19, 5.07, 4.7, 4.82, 5.66, 6.66, 7.82, 8.76, 8.79, 8.79, 9.09, 9.02, 9.25, 10.81, 14.82, 17.18, 17.31, 17.11, 17.28, 17.63, 15.28, 10.62, 8.06, 7.21, 7.5, 8.23, 8.34, 7.69, 7.46, 7.7, 8.34, 6.93, 5.42], [4.05, 3.09, 1.27, 0.83, 0, 1.01, 1.31, 1.26, 1.27, 1.9, 2.4, 3.17, 3.63, 3.65, 4.31, 4.49, 4.59, 4.58, 4.47, 3.99, 3.95, 4.04, 4.78, 5.36, 4.99, 4.33, 3.77, 4.16, 4.14, 4.13, 4.21, 4.17, 3.85, 3.92, 3.94, 3.99, 4.63, 4.74, 4.72, 4.4, 4.51, 4.93, 5.51, 5.26, 4.97, 4.04, 4.04, 4.41, 4.2, 4.33, 4.59, 4.87, 5.38, 5.22, 4.94, 4.51, 4.65, 5.49, 6.65, 8.01, 8.77, 8.6, 8.68, 8.94, 8.93, 9.28, 10.76, 14.79, 17.07, 17.26, 17.18, 17.25, 17.62, 15.21, 10.57, 8.05, 7.18, 7.51, 8.16, 8.33, 7.64, 7.35, 7.59, 8.27, 6.88, 5.43], [3.74, 2.7, 1.18, 1.18, 1.01, 0, 0.92, 0.97, 1.08, 1.43, 1.93, 2.84, 3.22, 3.4, 4.22, 4.46, 4.58, 4.53, 4.4, 3.94, 3.92, 4.07, 4.89, 5.39, 5.2, 4.56, 3.94, 4.19, 4.35, 4.3, 4.44, 4.44, 3.86, 4.07, 4.09, 4.06, 4.7, 4.87, 4.81, 4.49, 4.48, 4.86, 5.34, 5.11, 4.82, 3.75, 3.79, 4.16, 3.67, 3.76, 4.0, 4.32, 4.79, 4.93, 4.73, 4.3, 4.44, 5.28, 6.5, 7.7, 8.5, 8.43, 8.47, 8.75, 8.8, 9.01, 10.55, 14.6, 16.82, 16.99, 16.97, 17.02, 17.39, 14.98, 10.34, 7.82, 6.95, 7.28, 7.91, 8.1, 7.41, 7.14, 7.38, 8.04, 6.63, 5.1], [3.5, 2.5, 1.14, 1.48, 1.31, 0.92, 0, 1.11, 1.24, 1.37, 1.97, 2.86, 3.12, 3.44, 4.2, 4.54, 4.66, 4.63, 4.46, 4.0, 4.0, 4.13, 4.93, 5.45, 5.32, 4.66, 4.1, 4.31, 4.51, 4.48, 4.54, 4.56, 3.98, 4.21, 4.23, 4.16, 4.76, 4.93, 4.83, 4.45, 4.4, 4.68, 5.1, 4.79, 4.48, 3.55, 3.59, 3.92, 3.23, 3.32, 3.48, 3.9, 4.45, 4.69, 4.41, 4.0, 4.16, 5.02, 6.14, 7.36, 8.18, 8.13, 8.17, 8.47, 8.5, 8.73, 10.29, 14.32, 16.6, 16.77, 16.71, 16.78, 17.15, 14.76, 10.12, 7.6, 6.73, 7.06, 7.69, 7.88, 7.19, 6.94, 7.18, 7.82, 6.41, 4.9], [4.29, 3.21, 1.47, 1.29, 1.26, 0.97, 1.11, 0, 0.95, 1.82, 2.24, 3.15, 3.63, 3.71, 4.35, 4.71, 4.81, 4.78, 4.59, 4.13, 4.13, 4.26, 5.08, 5.58, 5.47, 4.83, 4.27, 4.54, 4.68, 4.73, 4.77, 4.81, 4.25, 4.5, 4.5, 4.49, 4.95, 5.14, 5.06, 4.64, 4.79, 5.19, 5.77, 5.52, 5.25, 4.32, 4.32, 4.73, 4.02, 3.77, 4.15, 4.71, 5.3, 5.56, 5.26, 4.83, 4.97, 5.81, 6.93, 8.15, 9.01, 8.96, 9.02, 9.28, 9.27, 9.44, 11.0, 15.05, 17.41, 17.64, 17.5, 17.61, 18.02, 15.55, 10.93, 8.41, 7.52, 7.91, 8.58, 8.67, 7.98, 7.71, 7.95, 8.61, 7.2, 5.67], [3.7, 2.6, 1.1, 1.38, 1.27, 1.08, 1.24, 0.95, 0, 1.29, 1.87, 2.8, 3.16, 3.46, 4.46, 4.64, 4.76, 4.73, 4.52, 4.04, 3.98, 4.09, 4.77, 5.37, 5.34, 4.8, 4.24, 4.57, 4.61, 4.68, 4.72, 4.8, 4.26, 4.43, 4.45, 4.36, 4.82, 4.91, 4.79, 4.33, 4.32, 4.62, 5.18, 4.91, 4.68, 3.75, 3.75, 4.18, 3.67, 3.74, 4.04, 4.46, 4.97, 4.99, 4.73, 4.3, 4.46, 5.3, 6.4, 7.64, 8.52, 8.45, 8.51, 8.79, 8.78, 8.97, 10.49, 14.48, 16.94, 17.11, 16.89, 17.08, 17.47, 14.94, 10.42, 7.86, 6.93, 7.339, 8.05, 8.08, 7.33, 7.1, 7.34, 7.98, 6.59, 5.08], [2.53, 1.57, 1.37, 2.23, 1.9, 1.43, 1.37, 1.82, 1.29, 0, 1.06, 2.15, 2.31, 3.21, 4.35, 4.41, 4.57, 4.5, 4.25, 3.73, 3.63, 3.72, 4.16, 4.98, 5.13, 4.65, 4.15, 4.48, 4.56, 4.61, 4.59, 4.61, 4.09, 4.32, 4.28, 4.25, 4.63, 4.62, 4.44, 3.88, 3.63, 3.83, 4.23, 3.94, 3.73, 2.82, 2.86, 3.17, 2.8, 2.87, 3.09, 3.39, 3.96, 3.96, 3.72, 3.29, 3.43, 4.29, 5.41, 6.67, 7.51, 7.42, 7.48, 7.72, 7.69, 7.92, 9.42, 13.43, 15.83, 16.04, 15.84, 15.992, 16.419, 13.83, 9.298, 6.798, 5.839, 6.272, 6.936, 7.006, 6.214, 5.93, 6.17, 6.83, 5.42, 3.97], [2.25, 1.53, 1.79, 2.59, 2.4, 1.93, 1.97, 2.24, 1.87, 1.06, 0, 1.39, 1.81, 2.53, 3.67, 3.75, 3.93, 3.8, 3.57, 3.05, 2.91, 3.06, 3.46, 4.28, 4.57, 4.11, 3.65, 3.92, 4.04, 4.09, 4.03, 4.05, 3.51, 3.74, 3.76, 3.67, 4.05, 4.08, 3.82, 3.26, 2.99, 3.33, 3.93, 3.66, 3.41, 2.44, 2.44, 2.81, 2.32, 2.37, 2.61, 2.91, 3.48, 3.64, 3.44, 2.99, 3.13, 3.95, 5.13, 6.31, 7.13, 7.14, 7.18, 7.38, 7.39, 7.54, 9.06, 13.11, 15.51, 15.716, 15.54, 15.638, 16.065, 13.484, 8.943, 6.443, 5.485, 5.918, 6.582, 6.652, 5.86, 5.584, 5.822, 6.456, 5.046, 3.562], [2.62, 2.5, 2.54, 3.08, 3.17, 2.84, 2.86, 3.15, 2.8, 2.15, 1.39, 0, 0.68, 1.32, 2.48, 2.62, 2.72, 2.57, 2.34, 1.84, 1.8, 1.87, 2.31, 3.05, 3.44, 2.96, 2.56, 2.83, 2.95, 2.98, 2.92, 2.98, 2.7, 2.71, 2.67, 2.54, 2.9, 2.93, 2.67, 2.15, 2.06, 2.54, 3.028, 2.79, 2.7, 1.89, 2.01, 2.32, 2.21, 2.6, 2.54, 2.66, 3.05, 3.01, 2.87, 2.5, 2.62, 3.16, 4.3, 5.44, 6.3, 6.24, 6.277, 6.535, 6.516, 6.65, 8.19, 12.271, 14.645, 14.832, 14.661, 14.793, 15.201, 12.64, 8.116, 5.599, 4.655, 5.079, 5.752, 5.819, 5.033, 4.72, 4.977, 5.631, 4.222, 2.718], [2.72, 2.62, 2.9, 3.54, 3.63, 3.22, 3.12, 3.63, 3.16, 2.31, 1.81, 0.68, 0, 1.22, 2.38, 2.5, 2.58, 2.49, 2.26, 1.92, 1.96, 1.93, 2.23, 2.93, 3.36, 2.88, 2.62, 2.77, 2.89, 2.96, 3.0, 3.0, 2.72, 2.75, 2.67, 2.48, 2.78, 2.83, 2.57, 2.09, 1.84, 2.34, 2.66, 2.43, 2.38, 1.91, 1.99, 2.2, 2.21, 2.54, 2.48, 2.5, 2.85, 2.69, 2.57, 2.28, 2.4, 2.8, 3.9, 5.0, 5.84, 5.79, 5.8, 6.09, 6.04, 6.19, 7.73, 11.794, 14.168, 14.355, 14.184, 14.316, 14.723, 12.143, 7.622, 5.102, 4.164, 4.596, 5.261, 5.331, 4.539, 4.223, 4.48, 5.134, 3.724, 2.238], [3.6, 3.54, 3.36, 3.44, 3.65, 3.4, 3.44, 3.71, 3.46, 3.21, 2.53, 1.32, 1.22, 0, 1.58, 1.56, 1.58, 1.63, 1.52, 1.68, 1.9, 1.69, 1.99, 2.21, 2.3, 1.92, 1.96, 1.99, 2.05, 2.14, 2.3, 2.16, 2.18, 2.17, 1.93, 1.6, 1.84, 1.93, 1.87, 1.63, 1.76, 2.6, 2.94, 2.81, 2.82, 2.63, 2.71, 2.9, 3.05, 3.42, 3.36, 3.4, 3.59, 3.41, 3.21, 2.92, 3.06, 3.4, 3.98, 5.06, 5.86, 5.77, 5.83, 6.07, 6.0, 6.09, 7.71, 11.786, 14.212, 14.369, 14.178, 14.351, 14.738, 12.189, 7.686, 5.136, 4.213, 4.631, 5.315, 5.365, 4.67, 4.377, 4.614, 5.229, 3.93, 2.48], [4.94, 4.76, 4.38, 4.22, 4.31, 4.22, 4.2, 4.35, 4.46, 4.35, 3.67, 2.48, 2.38, 1.58, 0, 0.88, 0.9, 1.13, 1.28, 1.54, 1.72, 1.59, 1.69, 1.71, 1.46, 1.58, 1.6, 1.27, 1.67, 1.7, 1.7, 1.72, 1.92, 1.97, 1.73, 1.18, 1.4, 1.61, 1.71, 2.01, 2.74, 3.6, 3.9, 3.93, 3.9, 3.97, 4.03, 4.3, 4.25, 4.54, 4.48, 4.5, 4.67, 4.61, 4.25, 4.06, 4.3, 4.52, 4.66, 5.24, 5.985, 5.91, 5.999, 6.27, 6.257, 6.37, 7.95, 12.026, 14.452, 14.649, 14.438, 14.623, 14.998, 12.449, 7.946, 5.416, 4.473, 4.891, 5.593, 5.66, 5.01, 4.88, 5.08, 5.76, 4.43, 3.1], [4.92, 4.78, 4.6, 4.38, 4.49, 4.46, 4.54, 4.71, 4.64, 4.41, 3.75, 2.62, 2.5, 1.56, 0.88, 0, 0.68, 0.89, 1.02, 1.3, 1.48, 1.35, 1.57, 1.57, 1.08, 1.3, 1.42, 1.17, 1.49, 1.46, 1.54, 1.56, 1.82, 1.83, 1.59, 1.24, 1.38, 1.47, 1.51, 1.63, 2.28, 3.24, 3.58, 3.69, 3.74, 3.91, 3.97, 4.22, 4.35, 4.74, 4.68, 4.68, 4.81, 4.61, 4.21, 4.02, 4.24, 4.44, 4.56, 5.38, 5.92, 5.77, 5.85, 6.15, 6.08, 6.21, 7.75, 11.806, 14.232, 14.429, 14.218, 14.403, 14.778, 12.229, 7.726, 5.196, 4.253, 4.691, 5.373, 5.68, 4.93, 4.62, 4.8, 5.48, 4.19, 3.04], [5.04, 4.96, 4.72, 4.46, 4.59, 4.58, 4.66, 4.81, 4.76, 4.57, 3.93, 2.72, 2.58, 1.58, 0.9, 0.68, 0, 0.85, 0.84, 1.2, 1.46, 1.37, 1.61, 1.53, 0.96, 1.1, 1.28, 1.01, 1.29, 1.38, 1.38, 1.5, 1.82, 1.85, 1.57, 1.24, 1.34, 1.53, 1.69, 1.85, 2.38, 3.3, 3.62, 3.65, 3.72, 4.01, 4.07, 4.24, 4.45, 4.78, 4.7, 4.66, 4.83, 4.69, 4.19, 4.06, 4.28, 4.52, 4.66, 5.44, 6.12, 5.97, 6.07, 6.35, 6.2, 6.239, 7.827, 11.906, 14.332, 14.549, 14.338, 14.523, 14.898, 12.349, 7.846, 5.316, 4.373, 4.811, 5.493, 5.7, 4.99, 4.68, 4.9, 5.56, 4.23, 2.98], [4.99, 4.87, 4.71, 4.47, 4.58, 4.53, 4.63, 4.78, 4.73, 4.5, 3.8, 2.57, 2.49, 1.63, 1.13, 0.89, 0.85, 0, 0.57, 1.01, 1.17, 1.18, 1.92, 2.02, 1.41, 1.13, 1.35, 1.16, 1.36, 1.33, 1.39, 1.37, 1.77, 1.74, 1.56, 1.69, 1.87, 2.08, 2.045, 2.06, 2.57, 3.55, 3.87, 3.94, 3.97, 4.04, 4.12, 4.41, 4.44, 4.85, 4.79, 4.79, 4.94, 4.78, 4.38, 4.11, 4.33, 4.51, 5.03, 5.87, 6.508, 6.398, 6.484, 6.78, 6.727, 6.769, 8.377, 12.476, 14.902, 15.079, 14.908, 15.06, 15.465, 12.918, 8.406, 5.866, 4.928, 5.346, 6.025, 6.27, 5.44, 5.09, 5.264, 5.959, 4.62, 3.29], [4.7, 4.66, 4.5, 4.32, 4.47, 4.4, 4.46, 4.59, 4.52, 4.25, 3.57, 2.34, 2.26, 1.52, 1.28, 1.02, 0.84, 0.57, 0, 0.74, 0.98, 0.99, 1.85, 1.99, 1.58, 1.16, 1.24, 1.17, 1.37, 1.36, 1.46, 1.5, 1.82, 1.71, 1.59, 1.72, 1.82, 2.03, 2.038, 1.87, 2.3, 3.22, 3.58, 3.67, 3.58, 3.71, 3.79, 4.08, 4.21, 4.58, 4.52, 4.54, 4.71, 4.61, 4.15, 3.92, 4.06, 4.4, 4.92, 5.86, 6.56, 6.43, 6.53, 6.81, 6.7, 6.762, 8.37, 12.449, 14.874, 15.052, 14.881, 15.033, 15.441, 12.892, 8.379, 5.839, 4.901, 5.353, 5.998, 6.213, 5.409, 4.98, 5.257, 5.932, 4.582, 3.12], [4.22, 4.16, 4.0, 3.86, 3.99, 3.94, 4.0, 4.13, 4.04, 3.73, 3.05, 1.84, 1.92, 1.68, 1.54, 1.3, 1.2, 1.01, 0.74, 0, 0.56, 0.65, 1.81, 2.25, 2.0, 1.46, 1.14, 1.25, 1.51, 1.52, 1.48, 1.58, 1.56, 1.67, 1.59, 1.82, 2.199, 2.41, 2.418, 2.132, 2.56, 3.42, 3.84, 3.73, 3.54, 3.33, 3.43, 3.72, 3.83, 4.22, 4.18, 4.22, 4.49, 4.35, 3.85, 3.64, 3.76, 4.12, 4.88, 6.04, 6.921, 6.78, 6.857, 7.17, 7.056, 7.122, 8.73, 12.811, 15.205, 15.426, 15.243, 15.407, 15.809, 13.26, 8.736, 6.21, 5.275, 5.713, 6.372, 6.488, 5.696, 5.34, 5.597, 6.252, 4.842, 3.397], [4.16, 4.04, 3.92, 3.86, 3.95, 3.92, 4.0, 4.13, 3.98, 3.63, 2.91, 1.8, 1.96, 1.9, 1.72, 1.48, 1.46, 1.17, 0.98, 0.56, 0, 0.55, 1.83, 2.325, 2.04, 1.58, 1.28, 1.33, 1.47, 1.6, 1.5, 1.58, 1.7, 1.69, 1.71, 1.96, 2.32, 2.51, 2.498, 2.212, 2.568, 3.38, 3.86, 3.75, 3.46, 3.27, 3.39, 3.66, 3.75, 4.18, 4.14, 4.18, 4.47, 4.35, 3.85, 3.62, 3.76, 4.1, 5.06, 6.07, 6.961, 6.8, 6.897, 7.215, 7.096, 7.291, 8.835, 12.911, 15.305, 15.526, 15.343, 15.507, 15.909, 13.36, 8.836, 6.31, 5.375, 5.799, 6.472, 6.568, 5.756, 5.429, 5.689, 6.351, 4.942, 3.461], [4.17, 4.11, 3.99, 3.97, 4.04, 4.07, 4.13, 4.26, 4.09, 3.72, 3.06, 1.87, 1.93, 1.69, 1.59, 1.35, 1.37, 1.18, 0.99, 0.65, 0.55, 0, 1.58, 2.06, 1.91, 1.49, 1.27, 1.32, 1.46, 1.47, 1.45, 1.47, 1.53, 1.52, 1.46, 1.73, 2.09, 2.34, 2.285, 1.999, 2.33, 3.21, 3.63, 3.54, 3.35, 3.24, 3.26, 3.61, 3.76, 4.17, 4.11, 4.09, 4.4, 4.22, 3.74, 3.51, 3.63, 3.97, 4.73, 5.85, 6.768, 6.627, 6.735, 7.02, 6.843, 7.018, 8.582, 12.655, 15.052, 15.273, 15.09, 15.254, 15.653, 13.107, 8.583, 6.054, 5.119, 5.581, 6.219, 6.355, 5.563, 5.176, 5.436, 6.098, 4.689, 3.23], [4.23, 4.39, 4.61, 4.81, 4.78, 4.89, 4.93, 5.08, 4.77, 4.16, 3.46, 2.31, 2.23, 1.99, 1.69, 1.57, 1.61, 1.92, 1.85, 1.81, 1.83, 1.58, 0, 1.08, 1.63, 1.95, 1.89, 1.88, 2.08, 2.11, 2.09, 2.13, 2.25, 2.32, 2.06, 1.39, 1.45, 1.52, 1.52, 1.46, 1.93, 2.65, 2.97, 3.02, 3.09, 3.3, 3.38, 3.47, 3.76, 4.15, 4.07, 3.97, 4.14, 3.78, 3.36, 3.05, 3.33, 3.47, 3.95, 4.59, 5.35, 5.18, 5.28, 5.54, 5.41, 5.618, 7.109, 11.155, 13.549, 13.77, 13.587, 13.752, 14.153, 11.604, 7.08, 4.663, 3.72, 4.118, 4.722, 4.93, 4.22, 3.97, 4.15, 4.85, 3.52, 2.29], [5.13, 5.25, 5.27, 5.31, 5.36, 5.39, 5.45, 5.58, 5.37, 4.98, 4.28, 3.05, 2.93, 2.21, 1.71, 1.57, 1.53, 2.02, 1.99, 2.25, 2.325, 2.06, 1.08, 0, 1.37, 2.21, 2.37, 2.08, 2.38, 2.43, 2.37, 2.47, 2.75, 2.82, 2.5, 1.73, 1.31, 1.18, 1.38, 1.7, 2.23, 3.05, 3.39, 3.64, 3.77, 4.2, 4.28, 4.39, 4.66, 5.03, 4.95, 4.87, 4.98, 4.68, 4.26, 3.95, 4.25, 4.39, 4.51, 4.69, 5.19, 5.02, 5.1, 5.46, 5.15, 5.06, 6.6, 10.689, 13.083, 13.31, 13.139, 13.292, 13.699, 11.138, 6.638, 4.41, 3.52, 3.85, 4.356, 4.89, 4.44, 3.97, 4.05, 4.65, 3.62, 2.67], [5.32, 5.22, 5.16, 5.1, 4.99, 5.2, 5.32, 5.47, 5.34, 5.13, 4.57, 3.44, 3.36, 2.3, 1.46, 1.08, 0.96, 1.41, 1.58, 2.0, 2.04, 1.91, 1.63, 1.37, 0, 1.2, 1.52, 1.29, 1.43, 1.46, 1.44, 1.56, 2.02, 2.01, 1.73, 1.42, 1.36, 1.35, 1.45, 1.71, 2.28, 3.1, 3.42, 3.69, 4.02, 4.49, 4.57, 4.66, 5.07, 5.42, 5.34, 5.24, 5.37, 4.95, 4.39, 4.14, 4.4, 4.66, 4.82, 5.56, 6.02, 5.77, 5.87, 6.11, 5.86, 6.05, 7.49, 11.42, 13.8, 14.024, 13.809, 13.994, 14.389, 11.84, 7.317, 4.8, 3.87, 4.36, 4.97, 5.46, 4.77, 4.24, 4.42, 5.1, 3.95, 3.18], [4.84, 4.8, 4.5, 4.38, 4.33, 4.56, 4.66, 4.83, 4.8, 4.65, 4.11, 2.96, 2.88, 1.92, 1.58, 1.3, 1.1, 1.13, 1.16, 1.46, 1.58, 1.49, 1.95, 2.21, 1.2, 0, 0.82, 0.93, 0.83, 0.86, 0.88, 0.98, 1.3, 1.13, 1.05, 1.44, 1.82, 1.97, 2.03, 1.87, 2.34, 3.24, 3.58, 3.61, 3.58, 3.87, 3.97, 4.14, 4.45, 4.88, 4.8, 4.76, 4.97, 4.59, 4.01, 3.88, 4.0, 4.32, 4.7, 5.88, 6.54, 6.39, 6.49, 6.71, 6.64, 6.97, 8.45, 12.4, 14.78, 14.97, 14.83, 14.934, 15.335, 12.88, 8.257, 5.731, 4.844, 5.225, 5.91, 6.02, 5.39, 5.12, 5.34, 5.96, 4.65, 3.46], [4.58, 4.46, 3.98, 3.84, 3.77, 3.94, 4.1, 4.27, 4.24, 4.15, 3.65, 2.56, 2.62, 1.96, 1.6, 1.42, 1.28, 1.35, 1.24, 1.14, 1.28, 1.27, 1.89, 2.37, 1.52, 0.82, 0, 0.71, 0.71, 0.7, 0.9, 1.06, 1.2, 1.21, 1.03, 1.32, 1.92, 2.23, 2.25, 1.95, 2.44, 3.26, 3.72, 3.61, 3.48, 3.51, 3.59, 3.84, 4.09, 4.52, 4.46, 4.42, 4.65, 4.31, 3.85, 3.64, 3.74, 4.1, 4.74, 5.96, 6.78, 6.61, 6.67, 6.99, 6.84, 7.11, 8.61, 12.66, 14.98, 15.19, 15.092, 15.154, 15.555, 13.16, 8.517, 5.991, 5.121, 5.46, 6.124, 6.32, 5.65, 5.36, 5.6, 6.24, 4.87, 3.56], [5.01, 4.87, 4.37, 4.07, 4.16, 4.19, 4.31, 4.54, 4.57, 4.48, 3.92, 2.83, 2.77, 1.99, 1.27, 1.17, 1.01, 1.16, 1.17, 1.25, 1.33, 1.32, 1.88, 2.08, 1.29, 0.93, 0.71, 0, 0.7, 0.77, 0.83, 0.87, 1.37, 1.38, 1.2, 1.23, 1.67, 2.12, 2.1, 1.98, 2.53, 3.41, 3.79, 3.82, 3.71, 3.88, 3.94, 4.23, 4.4, 4.79, 4.73, 4.73, 4.86, 4.66, 4.18, 3.95, 4.09, 4.41, 4.79, 5.75, 6.63, 6.5, 6.58, 6.86, 6.67, 6.82, 8.38, 12.49, 14.81, 15.034, 14.922, 15.004, 15.408, 12.99, 8.347, 5.83, 4.96, 5.35, 5.974, 6.21, 5.54, 5.23, 5.45, 6.11, 4.76, 3.37], [4.87, 4.71, 4.29, 4.13, 4.14, 4.35, 4.51, 4.68, 4.61, 4.56, 4.04, 2.95, 2.89, 2.05, 1.67, 1.49, 1.29, 1.36, 1.37, 1.51, 1.47, 1.46, 2.08, 2.38, 1.43, 0.83, 0.71, 0.7, 0, 0.57, 0.79, 0.83, 1.39, 1.08, 0.96, 1.41, 1.95, 2.2, 2.24, 2.0, 2.39, 3.11, 3.57, 3.5, 3.53, 3.82, 3.9, 4.07, 4.42, 4.83, 4.77, 4.71, 4.94, 4.56, 4.02, 3.85, 4.01, 4.37, 4.93, 6.03, 6.81, 6.74, 6.82, 7.06, 6.85, 7.16, 8.62, 12.51, 14.89, 15.06, 14.92, 15.03, 15.437, 13.01, 8.37, 5.83, 4.94, 5.33, 6.04, 6.15, 5.5, 5.23, 5.45, 6.07, 4.84, 3.61], [4.94, 4.8, 4.34, 4.2, 4.13, 4.3, 4.48, 4.73, 4.68, 4.61, 4.09, 2.98, 2.96, 2.14, 1.7, 1.46, 1.38, 1.33, 1.36, 1.52, 1.6, 1.47, 2.11, 2.43, 1.46, 0.86, 0.7, 0.77, 0.57, 0, 0.62, 0.74, 1.14, 1.03, 0.85, 1.4, 1.94, 2.27, 2.27, 1.99, 2.4, 3.08, 3.48, 3.53, 3.56, 3.77, 3.85, 4.06, 4.37, 4.82, 4.76, 4.72, 4.89, 4.51, 4.01, 3.8, 3.96, 4.3, 4.96, 6.1, 6.78, 6.63, 6.71, 6.95, 6.8, 7.15, 8.61, 12.48, 14.729, 14.916, 14.893, 14.943, 15.321, 12.963, 8.303, 5.8, 4.93, 5.3, 5.95, 6.2, 5.53, 5.16, 5.42, 6.06, 4.83, 3.56], [4.9, 4.72, 4.4, 4.24, 4.21, 4.44, 4.54, 4.77, 4.72, 4.59, 4.03, 2.92, 3.0, 2.3, 1.7, 1.54, 1.38, 1.39, 1.46, 1.48, 1.5, 1.45, 2.09, 2.37, 1.44, 0.88, 0.9, 0.83, 0.79, 0.62, 0, 0.76, 1.26, 1.15, 0.95, 1.44, 1.96, 2.25, 2.25, 1.97, 2.5, 3.22, 3.7, 3.75, 3.68, 3.87, 3.95, 4.24, 4.55, 4.98, 4.94, 4.92, 5.15, 4.77, 4.21, 4.06, 4.16, 4.58, 4.96, 6.1, 6.86, 6.71, 6.81, 7.03, 6.82, 7.11, 8.57, 12.38, 14.729, 14.916, 14.813, 14.883, 15.281, 12.883, 8.223, 5.72, 4.87, 5.24, 5.97, 6.22, 5.55, 5.12, 5.34, 6.02, 4.85, 3.7], [4.92, 4.8, 4.46, 4.26, 4.17, 4.44, 4.56, 4.81, 4.8, 4.61, 4.05, 2.98, 3.0, 2.16, 1.72, 1.56, 1.5, 1.37, 1.5, 1.58, 1.58, 1.47, 2.13, 2.47, 1.56, 0.98, 1.06, 0.87, 0.83, 0.74, 0.76, 0, 0.96, 0.91, 0.81, 1.46, 2.04, 2.33, 2.31, 2.09, 2.64, 3.42, 3.8, 3.87, 3.82, 3.89, 3.93, 4.14, 4.47, 4.9, 4.84, 4.8, 4.99, 4.61, 4.07, 3.82, 4.02, 4.38, 4.98, 6.06, 6.88, 6.73, 6.83, 7.05, 6.86, 7.21, 8.67, 12.62, 14.9, 15.113, 15.024, 15.079, 15.481, 13.094, 8.443, 5.96, 5.09, 5.44, 6.13, 6.34, 5.67, 5.3, 5.52, 6.163, 4.91, 3.66], [4.44, 4.28, 3.96, 3.96, 3.85, 3.86, 3.98, 4.25, 4.26, 4.09, 3.51, 2.7, 2.72, 2.18, 1.92, 1.82, 1.82, 1.77, 1.82, 1.56, 1.7, 1.53, 2.25, 2.75, 2.02, 1.3, 1.2, 1.37, 1.39, 1.14, 1.26, 0.96, 0, 0.67, 0.79, 1.46, 2.26, 2.63, 2.59, 2.31, 2.76, 3.54, 3.94, 3.87, 3.78, 3.59, 3.53, 3.8, 3.75, 4.2, 4.14, 4.14, 4.41, 4.17, 3.61, 3.4, 3.58, 4.06, 4.84, 6.16, 7.0, 6.83, 6.87, 7.19, 7.14, 7.43, 8.91, 12.957, 15.209, 15.396, 15.375, 15.437, 15.818, 13.443, 8.8, 6.294, 5.407, 5.76, 6.387, 6.64, 5.95, 5.64, 5.869, 6.506, 5.15, 3.8], [4.51, 4.39, 4.11, 3.99, 3.92, 4.07, 4.21, 4.5, 4.43, 4.32, 3.74, 2.71, 2.75, 2.17, 1.97, 1.83, 1.85, 1.74, 1.71, 1.67, 1.69, 1.52, 2.32, 2.82, 2.01, 1.13, 1.21, 1.38, 1.08, 1.03, 1.15, 0.91, 0.67, 0, 0.64, 1.53, 2.29, 2.54, 2.52, 2.3, 2.55, 3.29, 3.77, 3.64, 3.67, 3.48, 3.48, 3.73, 3.96, 4.45, 4.37, 4.31, 4.48, 4.14, 3.56, 3.39, 3.55, 3.99, 4.91, 6.19, 6.99, 6.84, 6.92, 7.18, 7.19, 7.56, 9.04, 12.95, 15.222, 15.346, 15.329, 15.373, 15.76, 13.422, 8.756, 6.21, 5.34, 5.658, 6.32, 6.51, 5.84, 5.662, 5.89, 6.502, 5.14, 3.87], [4.59, 4.45, 4.15, 4.01, 3.94, 4.09, 4.23, 4.5, 4.45, 4.28, 3.76, 2.67, 2.67, 1.93, 1.73, 1.59, 1.57, 1.56, 1.59, 1.59, 1.71, 1.46, 2.06, 2.5, 1.73, 1.05, 1.03, 1.2, 0.96, 0.85, 0.95, 0.81, 0.79, 0.64, 0, 1.19, 1.93, 2.18, 2.2, 2.02, 2.37, 3.17, 3.61, 3.54, 3.45, 3.46, 3.52, 3.63, 3.98, 4.45, 4.39, 4.33, 4.54, 4.12, 3.58, 3.45, 3.59, 3.97, 4.57, 5.85, 6.63, 6.44, 6.54, 6.84, 6.81, 7.16, 8.62, 12.57, 14.85, 15.02, 15.02, 15.07, 15.448, 13.09, 8.43, 5.901, 5.034, 5.355, 6.0, 6.19, 5.5, 5.31, 5.51, 6.15, 4.8, 3.57], [4.54, 4.46, 4.16, 4.02, 3.99, 4.06, 4.16, 4.49, 4.36, 4.25, 3.67, 2.54, 2.48, 1.6, 1.18, 1.24, 1.24, 1.69, 1.72, 1.82, 1.96, 1.73, 1.39, 1.73, 1.42, 1.44, 1.32, 1.23, 1.41, 1.4, 1.44, 1.46, 1.46, 1.53, 1.19, 0, 1.04, 1.33, 1.45, 1.49, 2.18, 2.9, 3.28, 3.27, 3.24, 3.33, 3.37, 3.58, 3.87, 4.3, 4.22, 4.14, 4.25, 3.93, 3.47, 3.32, 3.54, 3.8, 4.0, 4.84, 5.64, 5.49, 5.53, 5.87, 5.8, 6.09, 7.57, 11.6, 13.88, 14.05, 14.05, 14.1, 14.49, 12.12, 7.46, 4.94, 4.07, 4.4, 5.03, 5.26, 4.61, 4.54, 4.7, 5.32, 4.07, 2.86], [4.9, 4.8, 4.6, 4.54, 4.63, 4.7, 4.76, 4.95, 4.82, 4.63, 4.05, 2.9, 2.78, 1.84, 1.4, 1.38, 1.34, 1.87, 1.82, 2.199, 2.32, 2.09, 1.45, 1.31, 1.36, 1.82, 1.92, 1.67, 1.95, 1.94, 1.96, 2.04, 2.26, 2.29, 1.93, 1.04, 0, 0.67, 1.21, 1.45, 2.1, 2.9, 2.96, 3.25, 3.28, 3.75, 3.81, 3.9, 4.21, 4.5, 4.42, 4.32, 4.41, 4.09, 3.71, 3.64, 3.9, 4.0, 3.9, 4.4, 5.06, 4.97, 5.03, 5.35, 5.16, 5.31, 6.85, 10.9, 13.28, 13.45, 13.31, 13.42, 13.81, 11.42, 6.76, 4.2, 3.35, 3.74, 4.39, 4.62, 4.15, 4.04, 4.2, 4.72, 3.49, 2.42], [4.75, 4.67, 4.59, 4.73, 4.74, 4.87, 4.93, 5.14, 4.91, 4.62, 4.08, 2.93, 2.83, 1.93, 1.61, 1.47, 1.53, 2.08, 2.03, 2.41, 2.51, 2.34, 1.52, 1.18, 1.35, 1.97, 2.23, 2.12, 2.2, 2.27, 2.25, 2.33, 2.63, 2.54, 2.18, 1.33, 0.67, 0, 0.92, 1.24, 1.87, 2.69, 2.85, 3.14, 3.31, 3.8, 3.88, 3.87, 4.28, 4.61, 4.53, 4.43, 4.52, 4.14, 3.72, 3.67, 3.91, 4.09, 3.97, 4.39, 4.83, 4.72, 4.82, 5.1, 5.01, 5.22, 6.7, 10.59, 13.03, 13.2, 12.98, 13.17, 13.54, 11.11, 6.51, 4.01, 3.16, 3.43, 4.16, 4.35, 3.96, 3.85, 3.93, 4.39, 3.3, 2.57], [4.39, 4.39, 4.37, 4.57, 4.72, 4.81, 4.83, 5.06, 4.79, 4.44, 3.82, 2.67, 2.57, 1.87, 1.71, 1.51, 1.69, 2.045, 2.038, 2.418, 2.498, 2.285, 1.52, 1.38, 1.45, 2.03, 2.25, 2.1, 2.24, 2.27, 2.25, 2.31, 2.59, 2.52, 2.2, 1.45, 1.21, 0.92, 0, 0.84, 1.41, 2.21, 2.55, 2.86, 3.01, 3.42, 3.48, 3.59, 3.94, 4.35, 4.29, 4.23, 4.4, 4.02, 3.68, 3.57, 3.73, 4.09, 4.13, 4.77, 5.15, 5.0, 5.04, 5.32, 5.11, 5.36, 6.84, 10.73, 13.13, 13.26, 12.98, 13.21, 13.56, 11.17, 6.55, 3.97, 3.1, 3.45, 4.18, 4.57, 4.0, 3.63, 3.83, 4.41, 3.16, 2.45], [3.87, 3.81, 3.89, 4.29, 4.4, 4.49, 4.45, 4.64, 4.33, 3.88, 3.26, 2.15, 2.09, 1.63, 2.01, 1.63, 1.85, 2.06, 1.87, 2.132, 2.212, 1.999, 1.46, 1.7, 1.71, 1.87, 1.95, 1.98, 2.0, 1.99, 1.97, 2.09, 2.31, 2.3, 2.02, 1.49, 1.45, 1.24, 0.84, 0, 0.97, 1.83, 2.25, 2.44, 2.49, 2.86, 2.92, 3.13, 3.48, 3.89, 3.83, 3.81, 4.02, 3.64, 3.14, 3.07, 3.15, 3.57, 3.85, 4.71, 5.23, 5.1, 5.16, 5.44, 5.25, 5.48, 6.96, 10.89, 13.25, 13.42, 13.22, 13.39, 13.757, 11.37, 6.73, 4.167, 3.32, 3.65, 4.36, 4.73, 4.06, 3.57, 3.81, 4.43, 3.18, 2.21], [3.48, 3.48, 3.82, 4.48, 4.51, 4.48, 4.4, 4.79, 4.32, 3.63, 2.99, 2.06, 1.84, 1.76, 2.74, 2.28, 2.38, 2.57, 2.3, 2.56, 2.568, 2.33, 1.93, 2.23, 2.28, 2.34, 2.44, 2.53, 2.39, 2.4, 2.5, 2.64, 2.76, 2.55, 2.37, 2.18, 2.1, 1.87, 1.41, 0.97, 0, 1.12, 1.64, 1.83, 2.12, 2.53, 2.61, 2.68, 3.07, 3.44, 3.38, 3.32, 3.53, 3.17, 2.67, 2.62, 2.66, 3.1, 3.72, 4.76, 5.24, 5.13, 5.23, 5.51, 5.32, 5.37, 6.83, 10.74, 13.14, 13.27, 13.03, 13.22, 13.57, 11.18, 6.56, 4.0, 3.09, 3.54, 4.19, 4.72, 4.03, 3.44, 3.66, 4.26, 3.01, 2.04], [2.94, 3.26, 4.08, 4.88, 4.93, 4.86, 4.68, 5.19, 4.62, 3.83, 3.33, 2.54, 2.34, 2.6, 3.6, 3.24, 3.3, 3.55, 3.22, 3.42, 3.38, 3.21, 2.65, 3.05, 3.1, 3.24, 3.26, 3.41, 3.11, 3.08, 3.22, 3.42, 3.54, 3.29, 3.17, 2.9, 2.9, 2.69, 2.21, 1.83, 1.12, 0, 1.0, 1.21, 1.66, 2.01, 2.07, 2.14, 2.51, 2.88, 2.86, 2.8, 3.03, 2.71, 2.25, 2.12, 2.26, 2.72, 3.56, 4.62, 5.18, 5.07, 5.11, 5.33, 5.12, 5.27, 6.71, 10.4, 12.74, 12.85, 12.59, 12.8, 13.15, 10.78, 6.14, 3.6, 2.77, 3.04, 3.97, 4.4, 3.65, 3.06, 3.34, 3.94, 2.95, 2.14], [2.96, 3.46, 4.6, 5.42, 5.51, 5.34, 5.1, 5.77, 5.18, 4.23, 3.93, 3.028, 2.66, 2.94, 3.9, 3.58, 3.62, 3.87, 3.58, 3.84, 3.86, 3.63, 2.97, 3.39, 3.42, 3.58, 3.72, 3.79, 3.57, 3.48, 3.7, 3.8, 3.94, 3.77, 3.61, 3.28, 2.96, 2.85, 2.55, 2.25, 1.64, 1.0, 0, 0.97, 1.46, 2.11, 2.23, 2.02, 2.47, 2.76, 2.6, 2.42, 2.57, 2.11, 1.73, 1.94, 1.98, 2.24, 2.94, 3.92, 4.46, 4.39, 4.45, 4.67, 4.44, 4.71, 6.15, 9.9, 12.2, 12.29, 12.01, 12.18, 12.53, 10.24, 5.56, 2.94, 2.13, 2.4, 3.39, 3.62, 2.83, 2.48, 2.82, 3.4, 2.23, 1.72], [2.27, 2.93, 4.39, 5.21, 5.26, 5.11, 4.79, 5.52, 4.91, 3.94, 3.66, 2.79, 2.43, 2.81, 3.93, 3.69, 3.65, 3.94, 3.67, 3.73, 3.75, 3.54, 3.02, 3.64, 3.69, 3.61, 3.61, 3.82, 3.5, 3.53, 3.75, 3.87, 3.87, 3.64, 3.54, 3.27, 3.25, 3.14, 2.86, 2.44, 1.83, 1.21, 0.97, 0, 1.01, 1.7, 1.64, 1.43, 2.12, 2.61, 2.15, 1.93, 2.06, 1.7, 1.3, 1.57, 1.57, 1.97, 2.69, 3.75, 4.37, 4.28, 4.34, 4.56, 4.35, 4.64, 6.08, 9.83, 12.21, 12.32, 12.06, 12.27, 12.62, 10.23, 5.61, 3.03, 2.3, 2.59, 3.36, 3.45, 2.68, 2.53, 2.81, 3.31, 2.2, 1.95], [2.12, 2.88, 4.08, 4.86, 4.97, 4.82, 4.48, 5.25, 4.68, 3.73, 3.41, 2.7, 2.38, 2.82, 3.9, 3.74, 3.72, 3.97, 3.58, 3.54, 3.46, 3.35, 3.09, 3.77, 4.02, 3.58, 3.48, 3.71, 3.53, 3.56, 3.68, 3.82, 3.78, 3.67, 3.45, 3.24, 3.28, 3.31, 3.01, 2.49, 2.12, 1.66, 1.46, 1.01, 0, 1.29, 1.29, 1.02, 1.65, 2.1, 1.8, 1.56, 1.87, 1.57, 1.37, 1.6, 1.6, 1.98, 2.62, 3.54, 4.2, 4.21, 4.21, 4.43, 4.28, 4.61, 6.09, 10.04, 12.4, 12.57, 12.39, 12.54, 12.907, 10.56, 5.9, 3.337, 2.71, 2.9, 3.55, 3.64, 3.03, 2.76, 3.0, 3.62, 2.35, 1.88], [1.71, 2.13, 3.21, 3.91, 4.04, 3.75, 3.55, 4.32, 3.75, 2.82, 2.44, 1.89, 1.91, 2.63, 3.97, 3.91, 4.01, 4.04, 3.71, 3.33, 3.27, 3.24, 3.3, 4.2, 4.49, 3.87, 3.51, 3.88, 3.82, 3.77, 3.87, 3.89, 3.59, 3.48, 3.46, 3.33, 3.75, 3.8, 3.42, 2.86, 2.53, 2.01, 2.11, 1.7, 1.29, 0, 0.44, 0.85, 1.08, 1.59, 1.53, 1.51, 1.94, 1.82, 1.68, 1.43, 1.53, 2.07, 3.31, 4.45, 5.27, 5.14, 5.2, 5.44, 5.49, 5.78, 7.28, 11.29, 13.57, 13.692, 13.609, 13.719, 14.066, 11.759, 7.099, 4.536, 3.726, 3.95, 4.678, 4.836, 4.186, 3.947, 4.184, 4.822, 3.501, 2.51], [1.61, 2.19, 3.19, 3.93, 4.04, 3.79, 3.59, 4.32, 3.75, 2.86, 2.44, 2.01, 1.99, 2.71, 4.03, 3.97, 4.07, 4.12, 3.79, 3.43, 3.39, 3.26, 3.38, 4.28, 4.57, 3.97, 3.59, 3.94, 3.9, 3.85, 3.95, 3.93, 3.53, 3.48, 3.52, 3.37, 3.81, 3.88, 3.48, 2.92, 2.61, 2.07, 2.23, 1.64, 1.29, 0.44, 0, 0.81, 1.08, 1.55, 1.51, 1.39, 1.82, 1.72, 1.6, 1.39, 1.53, 2.11, 3.21, 4.41, 5.21, 5.14, 5.14, 5.42, 5.43, 5.72, 7.22, 11.244, 13.524, 13.632, 13.549, 13.679, 14.026, 11.719, 7.059, 4.496, 3.78, 3.99, 4.629, 4.816, 4.186, 3.907, 4.144, 4.782, 3.5, 2.59], [1.72, 2.36, 3.54, 4.34, 4.41, 4.16, 3.92, 4.73, 4.18, 3.17, 2.81, 2.32, 2.2, 2.9, 4.3, 4.22, 4.24, 4.41, 4.08, 3.72, 3.66, 3.61, 3.47, 4.39, 4.66, 4.14, 3.84, 4.23, 4.07, 4.06, 4.24, 4.14, 3.8, 3.73, 3.63, 3.58, 3.9, 3.87, 3.59, 3.13, 2.68, 2.14, 2.02, 1.43, 1.02, 0.85, 0.81, 0, 0.97, 1.5, 1.2, 1.06, 1.51, 1.23, 1.27, 1.12, 1.04, 1.68, 2.94, 3.98, 4.74, 4.69, 4.69, 4.99, 5.0, 5.33, 6.83, 10.8, 13.074, 13.182, 13.099, 13.229, 13.576, 11.249, 6.589, 4.026, 3.49, 3.6, 4.23, 4.326, 3.676, 3.517, 3.749, 4.312, 2.99, 2.52], [1.93, 2.19, 3.21, 4.13, 4.2, 3.67, 3.23, 4.02, 3.67, 2.8, 2.32, 2.21, 2.21, 3.05, 4.25, 4.35, 4.45, 4.44, 4.21, 3.83, 3.75, 3.76, 3.76, 4.66, 5.07, 4.45, 4.09, 4.4, 4.42, 4.37, 4.55, 4.47, 3.75, 3.96, 3.98, 3.87, 4.21, 4.28, 3.94, 3.48, 3.07, 2.51, 2.47, 2.12, 1.65, 1.08, 1.08, 0.97, 0, 0.77, 0.69, 0.95, 1.5, 1.66, 1.58, 1.33, 1.29, 2.09, 3.33, 4.47, 5.29, 5.26, 5.3, 5.6, 5.67, 5.9, 7.46, 11.504, 13.784, 13.892, 13.809, 13.939, 14.286, 11.979, 7.319, 4.756, 4.02, 4.23, 4.869, 5.036, 4.386, 4.187, 4.404, 5.042, 3.649, 2.87], [2.34, 2.44, 3.44, 4.28, 4.33, 3.76, 3.32, 3.77, 3.74, 2.87, 2.37, 2.6, 2.54, 3.42, 4.54, 4.74, 4.78, 4.85, 4.58, 4.22, 4.18, 4.17, 4.15, 5.03, 5.42, 4.88, 4.52, 4.79, 4.83, 4.82, 4.98, 4.9, 4.2, 4.45, 4.45, 4.3, 4.5, 4.61, 4.35, 3.89, 3.44, 2.88, 2.76, 2.61, 2.1, 1.59, 1.55, 1.5, 0.77, 0, 0.58, 1.14, 1.75, 2.03, 1.97, 1.68, 1.66, 2.46, 3.66, 4.78, 5.6, 5.67, 5.69, 5.93, 6.0, 6.21, 7.77, 11.82, 14.12, 14.259, 14.136, 14.266, 14.613, 12.306, 7.646, 5.083, 4.27, 4.497, 5.196, 5.363, 4.713, 4.494, 4.732, 5.369, 3.956, 3.08], [2.18, 2.44, 3.66, 4.5, 4.59, 4.0, 3.48, 4.15, 4.04, 3.09, 2.61, 2.54, 2.48, 3.36, 4.48, 4.68, 4.7, 4.79, 4.52, 4.18, 4.14, 4.11, 4.07, 4.95, 5.34, 4.8, 4.46, 4.73, 4.77, 4.76, 4.94, 4.84, 4.14, 4.37, 4.39, 4.22, 4.42, 4.53, 4.29, 3.83, 3.38, 2.86, 2.6, 2.15, 1.8, 1.53, 1.51, 1.2, 0.69, 0.58, 0, 0.74, 1.27, 1.57, 1.55, 1.36, 1.3, 2.18, 3.3, 4.34, 5.16, 5.19, 5.23, 5.47, 5.54, 5.73, 7.29, 11.34, 13.64, 13.799, 13.676, 13.786, 14.133, 11.826, 7.166, 4.603, 3.83, 4.057, 4.736, 4.883, 4.233, 4.014, 4.252, 4.889, 3.496, 2.88], [2.12, 2.68, 3.74, 4.76, 4.87, 4.32, 3.9, 4.71, 4.46, 3.39, 2.91, 2.66, 2.5, 3.4, 4.5, 4.68, 4.66, 4.79, 4.54, 4.22, 4.18, 4.09, 3.97, 4.87, 5.24, 4.76, 4.42, 4.73, 4.71, 4.72, 4.92, 4.8, 4.14, 4.31, 4.33, 4.14, 4.32, 4.43, 4.23, 3.81, 3.32, 2.8, 2.42, 1.93, 1.56, 1.51, 1.39, 1.06, 0.95, 1.14, 0.74, 0, 0.77, 1.05, 1.27, 1.38, 1.18, 1.72, 2.78, 3.82, 4.62, 4.73, 4.73, 4.95, 5.0, 5.21, 6.75, 10.8, 13.08, 13.23, 13.11, 13.22, 13.57, 11.246, 6.566, 4.08, 3.61, 3.72, 4.27, 4.283, 3.653, 3.52, 3.78, 4.289, 3.07, 2.7], [2.45, 3.11, 4.35, 5.21, 5.38, 4.79, 4.45, 5.3, 4.97, 3.96, 3.48, 3.05, 2.85, 3.59, 4.67, 4.81, 4.83, 4.94, 4.71, 4.49, 4.47, 4.4, 4.14, 4.98, 5.37, 4.97, 4.65, 4.86, 4.94, 4.89, 5.15, 4.99, 4.41, 4.48, 4.54, 4.25, 4.41, 4.52, 4.4, 4.02, 3.53, 3.03, 2.57, 2.06, 1.87, 1.94, 1.82, 1.51, 1.5, 1.75, 1.27, 0.77, 0, 0.88, 1.36, 1.61, 1.49, 1.53, 2.51, 3.43, 4.23, 4.28, 4.22, 4.46, 4.51, 4.68, 6.22, 10.27, 12.55, 12.68, 12.62, 12.69, 13.04, 10.71, 6.05, 3.61, 3.52, 3.55, 3.92, 3.77, 3.18, 3.25, 3.43, 3.77, 2.82, 2.69], [2.41, 3.09, 4.31, 5.19, 5.22, 4.93, 4.69, 5.56, 4.99, 3.96, 3.64, 3.01, 2.69, 3.41, 4.61, 4.61, 4.69, 4.78, 4.61, 4.35, 4.35, 4.22, 3.78, 4.68, 4.95, 4.59, 4.31, 4.66, 4.56, 4.51, 4.77, 4.61, 4.17, 4.14, 4.12, 3.93, 4.09, 4.14, 4.02, 3.64, 3.17, 2.71, 2.11, 1.7, 1.57, 1.82, 1.72, 1.23, 1.66, 2.03, 1.57, 1.05, 0.88, 0, 0.92, 1.27, 1.11, 1.09, 2.13, 3.19, 3.89, 3.86, 3.84, 4.12, 4.21, 4.48, 5.94, 9.95, 12.23, 12.34, 12.26, 12.39, 12.74, 10.413, 5.753, 3.29, 3.02, 3.09, 3.54, 3.49, 2.88, 2.87, 3.07, 3.49, 2.44, 2.47], [2.15, 2.87, 4.27, 5.07, 4.94, 4.73, 4.41, 5.26, 4.73, 3.72, 3.44, 2.87, 2.57, 3.21, 4.25, 4.21, 4.19, 4.38, 4.15, 3.85, 3.85, 3.74, 3.36, 4.26, 4.39, 4.01, 3.85, 4.18, 4.02, 4.01, 4.21, 4.07, 3.61, 3.56, 3.58, 3.47, 3.71, 3.72, 3.68, 3.14, 2.67, 2.25, 1.73, 1.3, 1.37, 1.68, 1.6, 1.27, 1.58, 1.97, 1.55, 1.27, 1.36, 0.92, 0, 0.77, 0.77, 1.23, 2.11, 3.43, 4.17, 3.98, 4.06, 4.28, 4.39, 4.72, 6.2, 10.11, 12.342, 12.526, 12.505, 12.567, 12.951, 10.582, 5.93, 3.404, 2.84, 3.05, 3.52, 3.71, 3.02, 2.81, 3.03, 3.647, 2.38, 2.29], [2.1, 2.58, 3.9, 4.7, 4.51, 4.3, 4.0, 4.83, 4.3, 3.29, 2.99, 2.5, 2.28, 2.92, 4.06, 4.02, 4.06, 4.11, 3.92, 3.64, 3.62, 3.51, 3.05, 3.95, 4.14, 3.88, 3.64, 3.95, 3.85, 3.8, 4.06, 3.82, 3.4, 3.39, 3.45, 3.32, 3.64, 3.67, 3.57, 3.07, 2.62, 2.12, 1.94, 1.57, 1.6, 1.43, 1.39, 1.12, 1.33, 1.68, 1.36, 1.38, 1.61, 1.27, 0.77, 0, 0.56, 1.34, 2.58, 3.98, 4.76, 4.57, 4.67, 4.93, 4.94, 5.27, 6.75, 10.78, 12.986, 13.187, 13.175, 13.237, 13.621, 11.243, 6.6, 4.074, 3.25, 3.528, 4.19, 4.38, 3.69, 3.372, 3.64, 4.317, 2.95, 2.24], [2.2, 2.74, 4.04, 4.82, 4.65, 4.44, 4.16, 4.97, 4.46, 3.43, 3.13, 2.62, 2.4, 3.06, 4.3, 4.24, 4.28, 4.33, 4.06, 3.76, 3.76, 3.63, 3.33, 4.25, 4.4, 4.0, 3.74, 4.09, 4.01, 3.96, 4.16, 4.02, 3.58, 3.55, 3.59, 3.54, 3.9, 3.91, 3.73, 3.15, 2.66, 2.26, 1.98, 1.57, 1.6, 1.53, 1.53, 1.04, 1.29, 1.66, 1.3, 1.18, 1.49, 1.11, 0.77, 0.56, 0, 1.12, 2.42, 3.8, 4.58, 4.37, 4.49, 4.77, 4.82, 5.13, 6.63, 10.62, 12.814, 13.007, 12.995, 13.057, 13.441, 11.074, 6.42, 3.914, 3.27, 3.46, 4.07, 4.2, 3.51, 3.28, 3.52, 4.137, 2.77, 2.48], [3.04, 3.7, 4.84, 5.66, 5.49, 5.28, 5.02, 5.81, 5.3, 4.29, 3.95, 3.16, 2.8, 3.4, 4.52, 4.44, 4.52, 4.51, 4.4, 4.12, 4.1, 3.97, 3.47, 4.39, 4.66, 4.32, 4.1, 4.41, 4.37, 4.3, 4.58, 4.38, 4.06, 3.99, 3.97, 3.8, 4.0, 4.09, 4.09, 3.57, 3.1, 2.72, 2.24, 1.97, 1.98, 2.07, 2.11, 1.68, 2.09, 2.46, 2.18, 1.72, 1.53, 1.09, 1.23, 1.34, 1.12, 0, 1.62, 2.86, 3.58, 3.43, 3.53, 3.79, 3.88, 4.19, 5.67, 9.729, 11.969, 12.167, 12.155, 12.217, 12.598, 10.223, 5.58, 3.24, 3.31, 3.38, 3.55, 3.354, 2.73, 2.9, 2.92, 3.36, 2.67, 2.68], [3.96, 4.72, 5.94, 6.66, 6.65, 6.5, 6.14, 6.93, 6.4, 5.41, 5.13, 4.3, 3.9, 3.98, 4.66, 4.56, 4.66, 5.03, 4.92, 4.88, 5.06, 4.73, 3.95, 4.51, 4.82, 4.7, 4.74, 4.79, 4.93, 4.96, 4.96, 4.98, 4.84, 4.91, 4.57, 4.0, 3.9, 3.97, 4.13, 3.85, 3.72, 3.56, 2.94, 2.69, 2.62, 3.31, 3.21, 2.94, 3.33, 3.66, 3.3, 2.78, 2.51, 2.13, 2.11, 2.58, 2.42, 1.62, 0, 1.52, 2.48, 2.49, 2.51, 2.65, 2.62, 2.89, 4.39, 8.36, 10.72, 10.91, 10.81, 10.88, 11.29, 8.88, 4.22, 2.62, 2.83, 3.08, 3.11, 2.44, 2.17, 2.96, 2.8, 2.72, 2.73, 3.08], [5.16, 5.94, 7.18, 7.82, 8.01, 7.7, 7.36, 8.15, 7.64, 6.67, 6.31, 5.44, 5.0, 5.06, 5.24, 5.38, 5.44, 5.87, 5.86, 6.04, 6.07, 5.85, 4.59, 4.69, 5.56, 5.88, 5.96, 5.75, 6.03, 6.1, 6.1, 6.06, 6.16, 6.19, 5.85, 4.84, 4.4, 4.39, 4.77, 4.71, 4.76, 4.62, 3.92, 3.75, 3.54, 4.45, 4.41, 3.98, 4.47, 4.78, 4.34, 3.82, 3.43, 3.19, 3.43, 3.98, 3.8, 2.86, 1.52, 0, 1.22, 1.45, 1.33, 1.49, 1.56, 1.87, 3.11, 7.16, 9.52, 9.69, 9.53, 9.66, 10.03, 7.68, 3.02, 2.68, 2.99, 2.94, 2.91, 2.08, 2.49, 3.44, 3.12, 2.9, 3.15, 3.66], [5.9, 6.66, 7.98, 8.76, 8.77, 8.5, 8.18, 9.01, 8.52, 7.51, 7.13, 6.3, 5.84, 5.86, 5.985, 5.92, 6.12, 6.508, 6.56, 6.921, 6.961, 6.768, 5.35, 5.19, 6.02, 6.54, 6.78, 6.63, 6.81, 6.78, 6.86, 6.88, 7.0, 6.99, 6.63, 5.64, 5.06, 4.83, 5.15, 5.23, 5.24, 5.18, 4.46, 4.37, 4.2, 5.27, 5.21, 4.74, 5.29, 5.6, 5.16, 4.62, 4.23, 3.89, 4.17, 4.76, 4.58, 3.58, 2.48, 1.22, 0, 0.77, 0.77, 0.91, 1.14, 1.83, 2.35, 6.28, 8.58, 8.75, 8.69, 8.76, 9.127, 6.8, 2.68, 2.86, 3.19, 3.08, 2.75, 2.44, 3.01, 3.68, 3.4, 2.98, 3.39, 4.18], [5.89, 6.67, 8.01, 8.79, 8.6, 8.43, 8.13, 8.96, 8.45, 7.42, 7.14, 6.24, 5.79, 5.77, 5.91, 5.77, 5.97, 6.398, 6.43, 6.78, 6.8, 6.627, 5.18, 5.02, 5.77, 6.39, 6.61, 6.5, 6.74, 6.63, 6.71, 6.73, 6.83, 6.84, 6.44, 5.49, 4.97, 4.72, 5.0, 5.1, 5.13, 5.07, 4.39, 4.28, 4.21, 5.14, 5.14, 4.69, 5.26, 5.67, 5.19, 4.73, 4.28, 3.86, 3.98, 4.57, 4.37, 3.43, 2.49, 1.45, 0.77, 0, 0.48, 0.8, 1.17, 1.82, 2.42, 6.43, 8.67, 8.874, 8.862, 8.924, 9.308, 6.93, 2.63, 2.79, 3.1, 3.03, 2.62, 2.51, 2.98, 3.55, 3.25, 2.97, 3.32, 4.13], [5.85, 6.67, 8.03, 8.79, 8.68, 8.47, 8.17, 9.02, 8.51, 7.48, 7.18, 6.277, 5.8, 5.83, 5.999, 5.85, 6.07, 6.484, 6.53, 6.857, 6.897, 6.735, 5.28, 5.1, 5.87, 6.49, 6.67, 6.58, 6.82, 6.71, 6.81, 6.83, 6.87, 6.92, 6.54, 5.53, 5.03, 4.82, 5.04, 5.16, 5.23, 5.11, 4.45, 4.34, 4.21, 5.2, 5.14, 4.69, 5.3, 5.69, 5.23, 4.73, 4.22, 3.84, 4.06, 4.67, 4.49, 3.53, 2.51, 1.33, 0.77, 0.48, 0, 0.72, 1.11, 1.72, 2.32, 6.35, 8.61, 8.78, 8.762, 8.83, 9.208, 6.83, 2.49, 2.73, 3.06, 2.97, 2.64, 2.45, 2.94, 3.51, 3.19, 2.87, 3.28, 4.13], [5.97, 6.83, 8.29, 9.09, 8.94, 8.75, 8.47, 9.28, 8.79, 7.72, 7.38, 6.535, 6.09, 6.07, 6.27, 6.15, 6.35, 6.78, 6.81, 7.17, 7.215, 7.02, 5.54, 5.46, 6.11, 6.71, 6.99, 6.86, 7.06, 6.95, 7.03, 7.05, 7.19, 7.18, 6.84, 5.87, 5.35, 5.1, 5.32, 5.44, 5.51, 5.33, 4.67, 4.56, 4.43, 5.44, 5.42, 4.99, 5.6, 5.93, 5.47, 4.95, 4.46, 4.12, 4.28, 4.93, 4.77, 3.79, 2.65, 1.49, 0.91, 0.8, 0.72, 0, 0.93, 1.48, 1.96, 5.97, 8.21, 8.44, 8.42, 8.47, 8.831, 6.453, 2.25, 2.81, 3.24, 3.09, 2.72, 2.43, 3.06, 3.61, 3.29, 2.73, 3.46, 4.35], [5.88, 6.8, 8.24, 9.02, 8.93, 8.8, 8.5, 9.27, 8.78, 7.69, 7.39, 6.516, 6.04, 6.0, 6.257, 6.08, 6.2, 6.727, 6.7, 7.056, 7.096, 6.843, 5.41, 5.15, 5.86, 6.64, 6.84, 6.67, 6.85, 6.8, 6.82, 6.86, 7.14, 7.19, 6.81, 5.8, 5.16, 5.01, 5.11, 5.25, 5.32, 5.12, 4.44, 4.35, 4.28, 5.49, 5.43, 5.0, 5.67, 6.0, 5.54, 5.0, 4.51, 4.21, 4.39, 4.94, 4.82, 3.88, 2.62, 1.56, 1.14, 1.17, 1.11, 0.93, 0, 1.01, 1.91, 5.92, 8.24, 8.45, 8.37, 8.42, 8.83, 6.4, 2.1, 2.52, 2.97, 2.86, 2.41, 2.1, 2.81, 3.26, 2.98, 2.4, 3.21, 4.14], [6.15, 7.11, 8.53, 9.25, 9.28, 9.01, 8.73, 9.44, 8.97, 7.92, 7.54, 6.65, 6.19, 6.09, 6.37, 6.21, 6.239, 6.769, 6.762, 7.122, 7.291, 7.018, 5.618, 5.06, 6.05, 6.97, 7.11, 6.82, 7.16, 7.15, 7.11, 7.21, 7.43, 7.56, 7.16, 6.09, 5.31, 5.22, 5.36, 5.48, 5.37, 5.27, 4.71, 4.64, 4.61, 5.78, 5.72, 5.33, 5.9, 6.21, 5.73, 5.21, 4.68, 4.48, 4.72, 5.27, 5.13, 4.19, 2.89, 1.87, 1.83, 1.82, 1.72, 1.48, 1.01, 0, 1.68, 5.79, 8.21, 8.44, 8.3, 8.41, 8.748, 6.29, 1.97, 2.41, 2.96, 2.91, 2.22, 2.35, 3.04, 3.19, 2.89, 2.27, 3.28, 4.27], [7.49, 8.53, 10.01, 10.81, 10.76, 10.55, 10.29, 11.0, 10.49, 9.42, 9.06, 8.19, 7.73, 7.71, 7.95, 7.75, 7.827, 8.377, 8.37, 8.73, 8.835, 8.582, 7.109, 6.6, 7.49, 8.45, 8.61, 8.38, 8.62, 8.61, 8.57, 8.67, 8.91, 9.04, 8.62, 7.57, 6.85, 6.7, 6.84, 6.96, 6.83, 6.71, 6.15, 6.08, 6.09, 7.28, 7.22, 6.83, 7.46, 7.77, 7.29, 6.75, 6.22, 5.94, 6.2, 6.75, 6.63, 5.67, 4.39, 3.11, 2.35, 2.42, 2.32, 1.96, 1.91, 1.68, 0, 4.21, 6.65, 6.9, 6.74, 6.87, 7.18, 4.67, 1.67, 3.61, 4.32, 4.27, 3.46, 3.51, 4.26, 4.41, 4.09, 3.51, 4.66, 5.77], [11.36, 12.34, 13.96, 14.82, 14.79, 14.6, 14.32, 15.05, 14.48, 13.43, 13.11, 12.271, 11.794, 11.786, 12.026, 11.806, 11.906, 12.476, 12.449, 12.811, 12.911, 12.655, 11.155, 10.689, 11.42, 12.4, 12.66, 12.49, 12.51, 12.48, 12.38, 12.62, 12.957, 12.95, 12.57, 11.6, 10.9, 10.59, 10.73, 10.89, 10.74, 10.4, 9.9, 9.83, 10.04, 11.29, 11.244, 10.8, 11.504, 11.82, 11.34, 10.8, 10.27, 9.95, 10.11, 10.78, 10.62, 9.729, 8.36, 7.16, 6.28, 6.43, 6.35, 5.97, 5.92, 5.79, 4.21, 0, 2.58, 2.77, 2.59, 2.78, 3.15, 1.62, 4.82, 7.32, 8.01, 8.02, 7.27, 7.26, 8.03, 8.2, 7.76, 7.16, 8.53, 9.8], [13.78, 14.76, 16.34, 17.18, 17.07, 16.82, 16.6, 17.41, 16.94, 15.83, 15.51, 14.645, 14.168, 14.212, 14.452, 14.232, 14.332, 14.902, 14.874, 15.205, 15.305, 15.052, 13.549, 13.083, 13.8, 14.78, 14.98, 14.81, 14.89, 14.729, 14.729, 14.9, 15.209, 15.222, 14.85, 13.88, 13.28, 13.03, 13.13, 13.25, 13.14, 12.74, 12.2, 12.21, 12.4, 13.57, 13.524, 13.074, 13.784, 14.12, 13.64, 13.08, 12.55, 12.23, 12.342, 12.986, 12.814, 11.969, 10.72, 9.52, 8.58, 8.67, 8.61, 8.21, 8.24, 8.21, 6.65, 2.58, 0, 0.83, 0.99, 0.96, 1.51, 2.86, 7.12, 9.6, 10.41, 10.24, 9.55, 9.7, 10.45, 10.52, 10.18, 9.56, 10.95, 12.22], [13.93, 14.89, 16.47, 17.31, 17.26, 16.99, 16.77, 17.64, 17.11, 16.04, 15.716, 14.832, 14.355, 14.369, 14.649, 14.429, 14.549, 15.079, 15.052, 15.426, 15.526, 15.273, 13.77, 13.31, 14.024, 14.97, 15.19, 15.034, 15.06, 14.916, 14.916, 15.113, 15.396, 15.346, 15.02, 14.05, 13.45, 13.2, 13.26, 13.42, 13.27, 12.85, 12.29, 12.32, 12.57, 13.692, 13.632, 13.182, 13.892, 14.259, 13.799, 13.23, 12.68, 12.34, 12.526, 13.187, 13.007, 12.167, 10.91, 9.69, 8.75, 8.874, 8.78, 8.44, 8.45, 8.44, 6.9, 2.77, 0.83, 0, 0.84, 0.83, 1.24, 2.91, 7.19, 9.65, 10.46, 10.29, 9.64, 9.83, 10.54, 10.71, 10.37, 9.71, 11.1, 12.41], [13.71, 14.67, 16.23, 17.11, 17.18, 16.97, 16.71, 17.5, 16.89, 15.84, 15.54, 14.661, 14.184, 14.178, 14.438, 14.218, 14.338, 14.908, 14.881, 15.243, 15.343, 15.09, 13.587, 13.139, 13.809, 14.83, 15.092, 14.922, 14.92, 14.893, 14.813, 15.024, 15.375, 15.329, 15.02, 14.05, 13.31, 12.98, 12.98, 13.22, 13.03, 12.59, 12.01, 12.06, 12.39, 13.609, 13.549, 13.099, 13.809, 14.136, 13.676, 13.11, 12.62, 12.26, 12.505, 13.175, 12.995, 12.155, 10.81, 9.53, 8.69, 8.862, 8.762, 8.42, 8.37, 8.3, 6.74, 2.59, 0.99, 0.84, 0, 0.67, 1.0, 2.53, 7.03, 9.45, 10.24, 10.11, 9.56, 9.59, 10.32, 10.49, 10.15, 9.49, 10.86, 12.21], [13.84, 14.8, 16.42, 17.28, 17.25, 17.02, 16.78, 17.61, 17.08, 15.992, 15.638, 14.793, 14.316, 14.351, 14.623, 14.403, 14.523, 15.06, 15.033, 15.407, 15.507, 15.254, 13.752, 13.292, 13.994, 14.934, 15.154, 15.004, 15.03, 14.943, 14.883, 15.079, 15.437, 15.373, 15.07, 14.1, 13.42, 13.17, 13.21, 13.39, 13.22, 12.8, 12.18, 12.27, 12.54, 13.719, 13.679, 13.229, 13.939, 14.266, 13.786, 13.22, 12.69, 12.39, 12.567, 13.237, 13.057, 12.217, 10.88, 9.66, 8.76, 8.924, 8.83, 8.47, 8.42, 8.41, 6.87, 2.78, 0.96, 0.83, 0.67, 0, 0.97, 2.82, 7.08, 9.48, 10.33, 10.14, 9.57, 9.72, 10.41, 10.62, 10.28, 9.62, 10.99, 12.32], [14.15, 15.15, 16.77, 17.63, 17.62, 17.39, 17.15, 18.02, 17.47, 16.419, 16.065, 15.201, 14.723, 14.738, 14.998, 14.778, 14.898, 15.465, 15.441, 15.809, 15.909, 15.653, 14.153, 13.699, 14.389, 15.335, 15.555, 15.408, 15.437, 15.321, 15.281, 15.481, 15.818, 15.76, 15.448, 14.49, 13.81, 13.54, 13.56, 13.757, 13.57, 13.15, 12.53, 12.62, 12.907, 14.066, 14.026, 13.576, 14.286, 14.613, 14.133, 13.57, 13.04, 12.74, 12.951, 13.621, 13.441, 12.598, 11.29, 10.03, 9.127, 9.308, 9.208, 8.831, 8.83, 8.748, 7.18, 3.15, 1.51, 1.24, 1.0, 0.97, 0, 2.89, 7.41, 9.73, 10.64, 10.37, 9.84, 9.97, 10.68, 10.91, 10.59, 9.91, 11.32, 12.71], [11.52, 12.56, 14.34, 15.28, 15.21, 14.98, 14.76, 15.55, 14.94, 13.83, 13.484, 12.64, 12.143, 12.189, 12.449, 12.229, 12.349, 12.918, 12.892, 13.26, 13.36, 13.107, 11.604, 11.138, 11.84, 12.88, 13.16, 12.99, 13.01, 12.963, 12.883, 13.094, 13.443, 13.422, 13.09, 12.12, 11.42, 11.11, 11.17, 11.37, 11.18, 10.78, 10.24, 10.23, 10.56, 11.759, 11.719, 11.249, 11.979, 12.306, 11.826, 11.246, 10.71, 10.413, 10.582, 11.243, 11.074, 10.223, 8.88, 7.68, 6.8, 6.93, 6.83, 6.453, 6.4, 6.29, 4.67, 1.62, 2.86, 2.91, 2.53, 2.82, 2.89, 0, 4.9, 7.4, 8.19, 8.1, 7.43, 7.36, 8.05, 8.24, 7.96, 7.28, 8.67, 10.06], [7.02, 8.04, 9.72, 10.62, 10.57, 10.34, 10.12, 10.93, 10.42, 9.298, 8.943, 8.116, 7.622, 7.686, 7.946, 7.726, 7.846, 8.406, 8.379, 8.736, 8.836, 8.583, 7.08, 6.638, 7.317, 8.257, 8.517, 8.347, 8.37, 8.303, 8.223, 8.443, 8.8, 8.756, 8.43, 7.46, 6.76, 6.51, 6.55, 6.73, 6.56, 6.14, 5.56, 5.61, 5.9, 7.099, 7.059, 6.589, 7.319, 7.646, 7.166, 6.566, 6.05, 5.753, 5.93, 6.6, 6.42, 5.58, 4.22, 3.02, 2.68, 2.63, 2.49, 2.25, 2.1, 1.97, 1.67, 4.82, 7.12, 7.19, 7.03, 7.08, 7.41, 4.9, 0, 2.64, 3.57, 3.36, 2.87, 2.82, 3.49, 3.74, 3.46, 2.86, 4.17, 5.56], [4.52, 5.5, 7.16, 8.06, 8.05, 7.82, 7.6, 8.41, 7.86, 6.798, 6.443, 5.599, 5.102, 5.136, 5.416, 5.196, 5.316, 5.866, 5.839, 6.21, 6.31, 6.054, 4.663, 4.41, 4.8, 5.731, 5.991, 5.83, 5.83, 5.8, 5.72, 5.96, 6.294, 6.21, 5.901, 4.94, 4.2, 4.01, 3.97, 4.167, 4.0, 3.6, 2.94, 3.03, 3.337, 4.536, 4.496, 4.026, 4.756