[[0, 0.59, 0.96, 1.4, 1.32, 1.42, 2.16, 2.04, 2.09, 2.5, 2.15, 2.36, 2.91, 2.25, 3.44, 4.23, 4.747, 5.18, 5.176, 4.643, 4.4, 4.75, 4.38, 6.112, 7.182, 7.944, 7.883, 8.125, 8.98, 8.94, 8.41, 8.285, 8.36, 8.329, 8.08, 8.07, 7.87, 7.67, 6.88, 7.01, 6.68, 5.92, 6.57, 8.274, 8.7, 8.19, 8.0, 7.09, 5.0, 4.01, 4.25, 4.72, 4.73, 5.21, 5.09, 4.93, 4.09, 2.75, 1.94, 1.38, 1.36, 1.6, 1.95, 2.33, 2.93, 3.05, 3.03, 3.43, 3.54, 3.34, 3.19, 3.33, 3.5, 2.65, 2.12, 1.88, 2.26, 2.91, 2.04, 1.01, 1.23, 1.84, 1.61, 1.19, 1.22, 1.33], [0.59, 0, 0.75, 1.27, 1.17, 1.31, 2.03, 1.97, 1.98, 2.41, 2.0, 2.25, 2.86, 2.12, 3.37, 4.14, 4.654, 5.107, 5.106, 4.59, 4.27, 4.72, 4.27, 6.042, 7.109, 7.868, 7.787, 7.992, 8.888, 8.889, 8.319, 8.252, 8.289, 8.318, 8.089, 8.0, 7.8, 7.6, 6.89, 6.8, 6.55, 5.89, 6.44, 8.127, 8.59, 8.08, 8.05, 7.18, 4.99, 4.08, 4.36, 4.79, 4.82, 5.3, 5.08, 4.8, 3.94, 2.56, 1.69, 1.13, 1.05, 1.29, 1.78, 2.26, 2.9, 2.94, 3.02, 3.36, 3.51, 3.35, 3.1, 3.2, 3.33, 2.46, 1.79, 1.53, 2.05, 2.94, 2.03, 0.9, 1.08, 1.71, 1.64, 1.12, 1.15, 1.26], [0.96, 0.75, 0, 0.74, 1.0, 0.86, 1.32, 1.3, 1.41, 1.78, 1.77, 2.22, 2.87, 2.09, 2.7, 3.49, 3.99, 4.437, 4.427, 3.914, 3.82, 4.39, 3.82, 5.406, 6.462, 7.224, 7.156, 7.585, 8.5, 8.5, 7.95, 7.945, 7.98, 7.97, 7.82, 7.81, 7.47, 7.29, 6.64, 6.51, 6.24, 5.58, 6.07, 7.52, 8.14, 7.73, 7.74, 6.93, 4.54, 3.71, 3.99, 4.34, 4.41, 4.87, 4.75, 4.29, 3.45, 2.17, 1.46, 1.22, 0.84, 1.26, 1.99, 2.59, 3.19, 3.35, 3.43, 3.79, 3.88, 3.78, 3.35, 3.63, 3.76, 2.93, 2.04, 1.76, 2.34, 3.35, 2.38, 1.21, 1.39, 2.04, 1.89, 1.21, 1.42, 1.53], [1.4, 1.27, 0.74, 0, 0.66, 0.64, 0.94, 1.06, 1.33, 1.66, 1.81, 2.58, 3.21, 2.41, 2.42, 2.97, 3.51, 3.9, 3.87, 3.4, 3.76, 4.45, 3.68, 4.849, 5.966, 6.676, 6.722, 7.405, 8.279, 8.16, 7.73, 7.762, 7.819, 7.83, 7.66, 7.61, 7.27, 7.07, 6.44, 6.41, 6.1, 5.44, 5.87, 7.24, 7.86, 7.49, 7.5, 6.69, 4.38, 3.71, 3.79, 4.1, 4.21, 4.69, 4.57, 4.13, 3.25, 2.17, 1.84, 1.66, 1.18, 1.4, 2.31, 2.93, 3.51, 3.81, 3.87, 4.25, 4.28, 4.18, 3.89, 4.15, 4.34, 3.51, 2.5, 2.26, 2.88, 3.79, 2.96, 1.75, 1.93, 2.58, 2.37, 1.67, 1.9, 2.03], [1.32, 1.17, 1.0, 0.66, 0, 0.76, 1.2, 1.44, 1.73, 1.96, 2.13, 2.74, 3.33, 2.59, 2.76, 3.35, 3.91, 4.234, 4.196, 3.72, 4.18, 4.79, 4.12, 5.195, 6.303, 7.004, 7.039, 7.565, 8.44, 8.3, 7.87, 7.885, 7.94, 7.89, 7.72, 7.67, 7.37, 7.19, 6.46, 6.61, 6.22, 5.54, 6.13, 7.54, 8.14, 7.71, 7.5, 6.69, 4.44, 3.71, 3.75, 4.08, 4.23, 4.65, 4.57, 4.39, 3.55, 2.49, 2.16, 1.74, 1.2, 1.42, 2.37, 2.91, 3.49, 3.65, 3.71, 4.11, 4.2, 4.04, 3.83, 4.11, 4.3, 3.45, 2.58, 2.4, 2.84, 3.55, 2.78, 1.69, 1.89, 2.52, 2.29, 1.65, 2.02, 2.07], [1.42, 1.31, 0.86, 0.64, 0.76, 0, 0.92, 1.26, 1.65, 1.88, 2.19, 2.88, 3.53, 2.75, 2.74, 3.31, 3.79, 4.1, 3.99, 3.54, 4.14, 4.83, 4.1, 5.11, 6.002, 6.727, 6.714, 7.374, 8.2, 8.2, 7.73, 7.671, 7.74, 7.77, 7.74, 7.69, 7.41, 7.21, 6.56, 6.57, 6.2, 5.4, 5.75, 7.2, 7.7, 7.39, 7.34, 6.53, 4.44, 3.77, 3.65, 4.02, 4.07, 4.57, 4.47, 4.07, 3.33, 2.37, 2.1, 1.84, 1.12, 1.44, 2.51, 3.05, 3.65, 3.81, 3.87, 4.25, 4.36, 4.28, 3.97, 4.15, 4.34, 3.51, 2.58, 2.4, 2.9, 3.83, 2.96, 1.81, 1.85, 2.62, 2.39, 1.73, 1.96, 2.19], [2.16, 2.03, 1.32, 0.94, 1.2, 0.92, 0, 0.86, 1.19, 1.6, 2.05, 3.0, 3.61, 2.71, 2.1, 2.67, 3.19, 3.48, 3.35, 3.0, 3.68, 4.41, 3.58, 4.47, 5.366, 6.087, 6.156, 7.174, 7.94, 7.84, 7.51, 7.434, 7.5, 7.57, 7.56, 7.51, 7.17, 7.01, 6.36, 6.25, 6.02, 5.2, 5.43, 6.68, 7.22, 7.17, 7.14, 6.35, 4.3, 3.59, 3.53, 3.8, 3.87, 4.31, 4.25, 3.71, 2.91, 2.23, 2.0, 2.14, 1.5, 1.66, 2.75, 3.45, 4.07, 4.31, 4.51, 4.79, 4.86, 4.82, 4.31, 4.63, 4.86, 3.99, 3.0, 2.68, 3.48, 4.49, 3.6, 2.41, 2.55, 3.24, 3.01, 2.23, 2.52, 2.45], [2.04, 1.97, 1.3, 1.06, 1.44, 1.26, 0.86, 0, 0.65, 1.04, 1.75, 2.82, 3.41, 2.35, 1.78, 2.33, 2.81, 3.2, 3.23, 2.84, 3.16, 3.89, 3.1, 4.17, 5.214, 6.067, 6.079, 7.025, 7.88, 7.74, 7.39, 7.405, 7.44, 7.43, 7.34, 7.29, 6.91, 6.73, 6.14, 6.01, 5.76, 5.06, 5.37, 6.6, 7.24, 7.09, 7.12, 6.31, 4.04, 3.33, 3.33, 3.72, 3.81, 4.25, 4.13, 3.61, 2.67, 1.85, 1.7, 2.2, 1.54, 1.64, 2.69, 3.43, 4.09, 4.37, 4.57, 4.87, 4.84, 4.8, 4.27, 4.67, 4.96, 3.99, 2.98, 2.66, 3.56, 4.55, 3.64, 2.41, 2.59, 3.275, 2.97, 2.25, 2.48, 2.35], [2.09, 1.98, 1.41, 1.33, 1.73, 1.65, 1.19, 0.65, 0, 0.81, 1.52, 2.59, 3.18, 2.02, 1.61, 2.24, 2.8, 3.196, 3.226, 2.85, 2.75, 3.54, 2.89, 4.126, 5.29, 6.115, 6.149, 7.135, 8.009, 7.83, 7.48, 7.532, 7.569, 7.579, 7.41, 7.36, 6.96, 6.8, 6.19, 5.94, 5.79, 5.19, 5.56, 6.73, 7.43, 7.28, 7.31, 6.5, 4.15, 3.32, 3.5, 3.89, 4.0, 4.42, 4.28, 3.76, 2.72, 1.64, 1.53, 2.19, 1.69, 1.65, 2.66, 3.3, 3.98, 4.38, 4.6, 4.88, 4.83, 4.73, 4.28, 4.7, 4.95, 4.0, 3.03, 2.67, 3.558, 4.54, 3.65, 2.42, 2.6, 3.285, 3.04, 2.28, 2.49, 2.34], [2.5, 2.41, 1.78, 1.66, 1.96, 1.88, 1.6, 1.04, 0.81, 0, 1.53, 2.68, 3.29, 2.21, 1.5, 2.01, 2.57, 2.932, 2.97, 2.64, 2.88, 3.63, 3.0, 3.89, 4.94, 5.771, 6.119, 7.271, 8.1, 7.96, 7.65, 7.628, 7.66, 7.69, 7.56, 7.55, 7.13, 6.99, 6.36, 6.21, 6.0, 5.28, 5.59, 6.68, 7.34, 7.31, 7.34, 6.53, 4.26, 3.57, 3.57, 3.94, 4.03, 4.47, 4.35, 3.83, 2.83, 1.83, 1.8, 2.56, 1.88, 1.8, 2.89, 3.55, 4.25, 4.71, 4.97, 5.27, 5.14, 4.94, 4.65, 5.07, 5.339, 4.39, 3.376, 3.06, 3.96, 4.91, 4.04, 2.806, 2.97, 3.652, 3.35, 2.63, 2.86, 2.71], [2.15, 2.0, 1.77, 1.81, 2.13, 2.19, 2.05, 1.75, 1.52, 1.53, 0, 1.43, 2.1, 1.5, 2.41, 3.08, 3.6, 4.09, 4.057, 3.75, 3.69, 4.1, 3.65, 5.04, 6.157, 6.902, 7.249, 8.261, 9.129, 8.95, 8.6, 8.652, 8.689, 8.72, 8.61, 8.54, 8.14, 7.98, 7.35, 7.18, 7.01, 6.37, 6.7, 7.99, 8.71, 8.42, 8.45, 7.64, 5.33, 4.58, 4.64, 4.99, 5.12, 5.54, 5.4, 4.9, 3.92, 2.74, 1.59, 1.59, 1.99, 1.69, 1.78, 2.34, 3.06, 3.58, 3.84, 4.16, 4.01, 3.81, 3.64, 4.04, 4.23, 3.36, 2.31, 2.01, 2.85, 3.8, 2.93, 2.26, 2.26, 2.57, 2.34, 1.7, 1.77, 1.74], [2.36, 2.25, 2.22, 2.58, 2.74, 2.88, 3.0, 2.82, 2.59, 2.68, 1.43, 0, 1.07, 1.33, 3.5, 4.29, 4.836, 5.292, 5.302, 4.98, 4.22, 4.27, 4.4, 6.35, 7.39, 8.195, 8.381, 9.259, 10.115, 9.973, 9.569, 9.639, 9.733, 9.739, 9.512, 9.429, 8.95, 8.73, 8.06, 7.91, 7.92, 7.4, 7.81, 9.22, 9.94, 9.57, 9.56, 8.77, 6.22, 5.45, 5.65, 6.04, 6.17, 6.57, 6.41, 5.97, 4.91, 3.49, 2.14, 1.56, 2.4, 2.02, 1.07, 1.25, 1.85, 2.31, 2.57, 2.89, 2.74, 2.58, 2.39, 2.81, 2.96, 2.35, 2.02, 1.66, 1.8, 2.55, 2.14, 2.09, 2.27, 1.92, 2.11, 1.79, 1.94, 2.09], [2.91, 2.86, 2.87, 3.21, 3.33, 3.53, 3.61, 3.41, 3.18, 3.29, 2.1, 1.07, 0, 1.54, 4.05, 4.823, 5.383, 5.822, 5.832, 5.41, 4.45, 4.16, 4.77, 6.86, 7.937, 8.659, 8.927, 9.605, 10.224, 10.037, 9.834, 9.851, 10.004, 9.934, 9.736, 9.558, 8.98, 8.64, 8.21, 8.22, 8.41, 7.61, 8.2, 9.73, 10.45, 10.02, 9.848, 9.02, 6.41, 5.62, 5.78, 6.15, 6.32, 6.7, 6.56, 6.24, 5.26, 3.76, 2.57, 2.15, 3.05, 2.71, 1.48, 1.16, 1.28, 1.78, 2.02, 2.32, 2.17, 2.13, 2.36, 2.86, 2.85, 2.46, 2.31, 2.11, 1.91, 2.06, 1.93, 2.58, 2.6, 2.35, 2.48, 2.4, 2.27, 2.36], [2.25, 2.12, 2.09, 2.41, 2.59, 2.75, 2.71, 2.35, 2.02, 2.21, 1.5, 1.33, 1.54, 0, 2.85, 3.62, 4.18, 4.613, 4.626, 4.17, 3.27, 3.4, 3.47, 5.558, 6.634, 7.398, 7.49, 8.183, 9.016, 8.883, 8.473, 8.526, 8.66, 8.68, 8.416, 8.313, 7.8, 7.5, 6.97, 6.84, 6.93, 6.35, 6.74, 8.23, 8.93, 8.56, 8.51, 7.72, 5.13, 4.38, 4.56, 4.95, 5.1, 5.48, 5.32, 4.94, 3.82, 2.4, 1.65, 1.63, 2.33, 1.95, 1.62, 1.8, 2.46, 2.92, 3.18, 3.5, 3.35, 3.27, 3.14, 3.58, 3.67, 3.0, 2.53, 1.91, 2.45, 3.14, 2.51, 1.98, 2.2, 2.51, 2.6, 1.84, 1.97, 2.0], [3.44, 3.37, 2.7, 2.42, 2.76, 2.74, 2.1, 1.78, 1.61, 1.5, 2.41, 3.5, 4.05, 2.85, 0, 1.03, 1.61, 1.94, 1.93, 2.12, 2.58, 3.11, 2.48, 3.23, 4.36, 5.086, 5.719, 6.968, 7.82, 7.7, 7.35, 7.348, 7.38, 7.39, 7.24, 7.23, 6.81, 6.67, 6.0, 5.81, 5.66, 4.94, 5.27, 6.32, 6.92, 7.03, 7.04, 6.23, 3.98, 3.11, 3.25, 3.64, 3.73, 4.21, 4.13, 3.59, 2.65, 2.31, 2.8, 3.485, 3.08, 3.02, 3.79, 4.47, 5.247, 5.698, 5.926, 6.255, 6.194, 6.02, 5.629, 6.038, 6.305, 5.355, 4.44, 4.06, 4.931, 5.881, 5.031, 3.801, 3.98, 4.638, 4.343, 3.63, 3.86, 3.75], [4.23, 4.14, 3.49, 2.97, 3.35, 3.31, 2.67, 2.33, 2.24, 2.01, 3.08, 4.29, 4.823, 3.62, 1.03, 0, 0.96, 1.23, 1.46, 1.75, 2.23, 2.78, 2.21, 2.68, 3.85, 4.647, 5.186, 6.341, 7.19, 7.07, 6.72, 6.718, 6.75, 6.78, 6.63, 6.62, 6.22, 6.06, 5.43, 5.3, 5.09, 4.41, 4.76, 5.83, 6.49, 6.46, 6.47, 5.68, 3.43, 2.86, 2.78, 3.13, 3.22, 3.64, 3.58, 3.08, 2.24, 2.565, 3.499, 4.258, 3.69, 3.59, 4.563, 5.243, 6.02, 6.471, 6.699, 7.028, 6.967, 6.799, 6.402, 6.811, 7.078, 6.124, 5.115, 4.788, 5.703, 6.653, 5.783, 4.574, 4.693, 5.391, 5.156, 4.362, 4.607, 4.471], [4.747, 4.654, 3.99, 3.51, 3.91, 3.79, 3.19, 2.81, 2.8, 2.57, 3.6, 4.836, 5.383, 4.18, 1.61, 0.96, 0, 0.71, 0.96, 1.21, 1.85, 2.46, 1.87, 2.18, 3.31, 4.107, 4.629, 5.821, 6.63, 6.57, 6.2, 6.161, 6.21, 6.24, 6.15, 6.12, 5.72, 5.56, 4.93, 4.78, 4.59, 3.95, 4.2, 5.27, 5.91, 5.88, 5.87, 5.06, 2.97, 2.52, 2.6, 2.61, 2.7, 3.24, 3.14, 2.68, 2.24, 3.12, 4.058, 4.778, 4.27, 4.21, 5.123, 5.803, 6.58, 7.031, 7.225, 7.588, 7.527, 7.359, 6.942, 7.345, 7.615, 6.662, 5.634, 5.32, 6.223, 7.173, 6.303, 5.094, 5.213, 5.911, 5.636, 4.905, 5.127, 5.031], [5.18, 5.107, 4.437, 3.9, 4.234, 4.1, 3.48, 3.2, 3.196, 2.932, 4.09, 5.292, 5.822, 4.613, 1.94, 1.23, 0.71, 0, 0.71, 1.04, 2.02, 2.75, 2.18, 1.97, 3.04, 3.726, 4.445, 5.771, 6.62, 6.5, 6.15, 6.148, 6.18, 6.19, 6.14, 6.07, 5.75, 5.55, 4.98, 4.89, 4.7, 4.02, 4.15, 5.02, 5.66, 5.75, 5.82, 4.95, 3.06, 2.79, 2.81, 2.7, 2.81, 3.29, 3.15, 2.75, 2.47, 3.502, 4.475, 5.239, 4.625, 4.549, 5.562, 6.236, 7.019, 7.464, 7.692, 8.012, 7.96, 7.832, 7.395, 7.789, 8.056, 7.1, 6.101, 5.764, 6.682, 7.646, 6.77, 5.561, 5.683, 6.372, 6.028, 5.317, 5.594, 5.461], [5.176, 5.106, 4.427, 3.87, 4.196, 3.99, 3.35, 3.23, 3.226, 2.97, 4.057, 5.302, 5.832, 4.626, 1.93, 1.46, 0.96, 0.71, 0, 0.95, 2.23, 2.98, 2.31, 1.94, 2.83, 3.459, 4.229, 5.549, 6.35, 6.25, 5.92, 5.889, 5.93, 6.0, 6.05, 6.0, 5.68, 5.5, 4.91, 4.84, 4.65, 3.97, 4.0, 4.81, 5.39, 5.5, 5.55, 4.72, 3.09, 2.64, 2.5, 2.49, 2.5, 2.98, 2.86, 2.4, 2.3, 3.492, 4.465, 5.229, 4.664, 4.61, 5.612, 6.246, 7.009, 7.466, 7.682, 8.002, 7.95, 7.842, 7.425, 7.833, 8.046, 7.13, 6.091, 5.803, 6.672, 7.636, 6.766, 5.551, 5.676, 6.362, 6.018, 5.325, 5.59, 5.454], [4.643, 4.59, 3.914, 3.4, 3.72, 3.54, 3.0, 2.84, 2.85, 2.64, 3.75, 4.98, 5.41, 4.17, 2.12, 1.75, 1.21, 1.04, 0.95, 0, 1.68, 2.43, 1.74, 1.87, 2.82, 3.54, 3.971, 5.251, 6.06, 6.0, 5.63, 5.591, 5.64, 5.67, 5.6, 5.55, 5.21, 5.01, 4.42, 4.33, 4.12, 3.42, 3.59, 4.6, 5.2, 5.23, 5.26, 4.39, 2.5, 2.19, 2.21, 2.08, 2.19, 2.71, 2.63, 2.15, 2.09, 2.995, 4.048, 4.708, 4.18, 4.18, 5.19, 5.83, 6.544, 6.973, 7.155, 7.518, 7.48, 7.369, 6.99, 7.35, 7.545, 6.67, 5.625, 5.34, 6.153, 7.103, 6.233, 5.024, 5.163, 5.841, 5.526, 4.855, 5.057, 4.97], [4.4, 4.27, 3.82, 3.76, 4.18, 4.14, 3.68, 3.16, 2.75, 2.88, 3.69, 4.22, 4.45, 3.27, 2.58, 2.23, 1.85, 2.02, 2.23, 1.68, 0, 1.15, 0.94, 2.59, 3.59, 4.324, 4.667, 5.49, 6.263, 6.113, 5.723, 5.79, 5.927, 5.947, 5.7, 5.543, 5.03, 4.79, 4.24, 4.13, 4.26, 3.8, 4.19, 5.44, 6.14, 5.87, 5.82, 5.01, 2.5, 2.59, 2.91, 2.72, 2.83, 3.19, 2.99, 2.85, 2.41, 2.53, 3.38, 4.32, 4.18, 3.86, 4.35, 4.81, 5.57, 6.058, 6.309, 6.635, 6.509, 6.352, 6.11, 6.67, 6.82, 5.93, 5.12, 4.68, 5.6, 6.302, 5.413, 4.43, 4.63, 5.44, 5.49, 4.63, 4.52, 4.39], [4.75, 4.72, 4.39, 4.45, 4.79, 4.83, 4.41, 3.89, 3.54, 3.63, 4.1, 4.27, 4.16, 3.4, 3.11, 2.78, 2.46, 2.75, 2.98, 2.43, 1.15, 0, 1.37, 3.18, 4.18, 4.962, 5.287, 6.011, 6.656, 6.523, 6.293, 6.266, 6.408, 6.354, 6.176, 6.013, 5.48, 5.14, 4.65, 4.64, 4.83, 4.25, 4.76, 6.13, 6.85, 6.42, 6.27, 5.44, 3.09, 3.06, 3.42, 3.27, 3.38, 3.76, 3.6, 3.46, 3.1, 3.26, 3.97, 4.67, 4.95, 4.71, 4.56, 4.84, 5.32, 5.72, 5.956, 6.267, 6.15, 5.91, 6.22, 6.8, 6.79, 6.18, 5.61, 5.15, 5.61, 6.0, 5.53, 4.7, 4.92, 5.77, 5.88, 5.1, 4.95, 4.74], [4.38, 4.27, 3.82, 3.68, 4.12, 4.1, 3.58, 3.1, 2.89, 3.0, 3.65, 4.4, 4.77, 3.47, 2.48, 2.21, 1.87, 2.18, 2.31, 1.74, 0.94, 1.37, 0, 2.25, 3.364, 4.092, 4.427, 5.17, 5.989, 5.833, 5.429, 5.499, 5.63, 5.65, 5.39, 5.27, 4.81, 4.61, 4.0, 3.87, 3.92, 3.62, 3.91, 5.14, 5.84, 5.53, 5.5, 4.69, 2.4, 2.39, 2.69, 2.66, 2.79, 3.17, 2.99, 2.83, 2.39, 2.69, 3.52, 4.32, 4.28, 3.96, 4.55, 5.07, 5.77, 6.29, 6.526, 6.852, 6.72, 6.5, 6.35, 6.79, 6.98, 6.09, 5.2, 4.78, 5.72, 6.471, 5.631, 4.51, 4.67, 5.46, 5.43, 4.59, 4.54, 4.51], [6.112, 6.042, 5.406, 4.849, 5.195, 5.11, 4.47, 4.17, 4.126, 3.89, 5.04, 6.35, 6.86, 5.558, 3.23, 2.68, 2.18, 1.97, 1.94, 1.87, 2.59, 3.18, 2.25, 0, 1.39, 2.16, 2.77, 3.981, 4.83, 4.67, 4.36, 4.37, 4.39, 4.4, 4.35, 4.28, 3.98, 3.88, 3.35, 3.26, 3.29, 2.89, 2.82, 3.37, 4.01, 3.96, 4.03, 3.32, 2.65, 2.993, 3.2, 2.79, 2.54, 2.76, 2.6, 2.66, 3.2, 4.455, 5.488, 6.221, 5.618, 5.47, 6.5, 7.218, 7.923, 8.431, 8.627, 8.956, 8.85, 8.702, 8.385, 8.793, 9.026, 8.073, 7.054, 6.737, 7.626, 8.564, 7.686, 6.481, 6.615, 7.299, 7.001, 6.27, 6.497, 6.374], [7.182, 7.109, 6.462, 5.966, 6.303, 6.002, 5.366, 5.214, 5.29, 4.94, 6.157, 7.39, 7.937, 6.634, 4.36, 3.85, 3.31, 3.04, 2.83, 2.82, 3.59, 4.18, 3.364, 1.39, 0, 1.09, 2.06, 3.24, 4.0, 3.88, 3.65, 3.54, 3.6, 3.71, 3.82, 3.83, 3.65, 3.69, 3.2, 3.13, 3.26, 3.16, 2.67, 2.82, 3.26, 3.29, 3.26, 3.11, 3.239, 3.98, 4.135, 3.696, 3.28, 3.27, 3.11, 3.335, 4.132, 5.531, 6.573, 7.33, 6.691, 6.526, 7.579, 8.237, 9.054, 9.507, 9.758, 10.064, 9.943, 9.698, 9.458, 9.835, 10.082, 9.183, 8.15, 7.833, 8.702, 9.669, 8.756, 7.534, 7.668, 8.375, 8.077, 7.366, 7.587, 7.421], [7.944, 7.868, 7.224, 6.676, 7.004, 6.727, 6.087, 6.067, 6.115, 5.771, 6.902, 8.195, 8.659, 7.398, 5.086, 4.647, 4.107, 3.726, 3.459, 3.54, 4.324, 4.962, 4.092, 2.16, 1.09, 0, 1.75, 2.85, 3.61, 3.53, 3.3, 3.11, 3.13, 3.3, 3.51, 3.54, 3.44, 3.56, 3.11, 3.0, 3.19, 3.478, 2.72, 2.51, 2.87, 2.9, 2.95, 3.16, 3.891, 4.728, 4.854, 4.359, 4.011, 3.994, 3.834, 4.03, 4.927, 6.286, 7.379, 8.046, 7.461, 7.324, 8.334, 9.041, 9.781, 10.254, 10.479, 10.799, 10.71, 10.542, 10.289, 10.658, 10.848, 9.985, 8.946, 8.649, 9.428, 10.414, 9.503, 8.251, 8.392, 9.113, 8.833, 8.142, 8.335, 8.171], [7.883, 7.787, 7.156, 6.722, 7.039, 6.714, 6.156, 6.079, 6.149, 6.119, 7.249, 8.381, 8.927, 7.49, 5.719, 5.186, 4.629, 4.445, 4.229, 3.971, 4.667, 5.287, 4.427, 2.77, 2.06, 1.75, 0, 1.52, 2.34, 2.2, 2.03, 2.24, 2.28, 2.19, 2.32, 2.35, 2.07, 2.21, 2.36, 2.27, 2.56, 3.211, 2.423, 1.74, 2.24, 2.19, 2.46, 2.87, 3.709, 4.637, 4.839, 4.349, 4.01, 4.09, 3.93, 4.11, 4.878, 6.186, 7.221, 7.932, 7.407, 7.47, 8.593, 9.127, 9.886, 10.146, 10.32, 10.62, 10.645, 10.616, 10.174, 10.572, 10.698, 9.849, 8.792, 8.523, 9.291, 10.305, 9.424, 8.176, 8.353, 9.013, 8.769, 8.051, 8.238, 8.005], [8.125, 7.992, 7.585, 7.405, 7.565, 7.374, 7.174, 7.025, 7.135, 7.271, 8.261, 9.259, 9.605, 8.183, 6.968, 6.341, 5.821, 5.771, 5.549, 5.251, 5.49, 6.011, 5.17, 3.981, 3.24, 2.85, 1.52, 0, 1.18, 1.34, 1.09, 1.38, 1.42, 1.33, 1.6, 1.47, 1.63, 1.89, 2.235, 2.309, 2.499, 3.351, 2.741, 2.02, 2.1, 1.89, 2.06, 2.91, 3.768, 4.795, 5.021, 4.491, 4.086, 3.91, 3.71, 4.29, 5.161, 6.44, 7.679, 8.382, 7.988, 7.999, 9.272, 9.82, 10.376, 10.491, 10.496, 10.856, 11.058, 10.938, 10.537, 10.869, 10.896, 10.049, 8.97, 8.736, 9.479, 10.374, 9.377, 8.206, 8.331, 9.179, 9.115, 8.435, 8.35, 8.132], [8.98, 8.888, 8.5, 8.279, 8.44, 8.2, 7.94, 7.88, 8.009, 8.1, 9.129, 10.115, 10.224, 9.016, 7.82, 7.19, 6.63, 6.62, 6.35, 6.06, 6.263, 6.656, 5.989, 4.83, 4.0, 3.61, 2.34, 1.18, 0, 0.7, 0.95, 1.2, 1.24, 1.01, 1.5, 1.55, 1.89, 2.31, 2.815, 2.848, 3.218, 3.9, 3.45, 2.62, 2.32, 1.95, 2.2, 3.41, 4.52, 5.47, 5.63, 4.92, 4.63, 4.35, 4.17, 4.83, 5.83, 7.113, 8.472, 9.178, 8.74, 8.878, 10.108, 10.633, 10.933, 11.001, 11.067, 11.302, 11.643, 11.488, 11.259, 11.565, 11.569, 10.685, 9.57, 9.466, 10.115, 11.024, 10.029, 9.002, 9.023, 9.918, 9.97, 9.249, 9.138, 8.748], [8.94, 8.889, 8.5, 8.16, 8.3, 8.2, 7.84, 7.74, 7.83, 7.96, 8.95, 9.973, 10.037, 8.883, 7.7, 7.07, 6.57, 6.5, 6.25, 6.0, 6.113, 6.523, 5.833, 4.67, 3.88, 3.53, 2.2, 1.34, 0.7, 0, 0.95, 1.3, 1.26, 1.03, 1.48, 1.57, 1.81, 2.09, 2.716, 2.926, 3.256, 3.96, 3.59, 2.72, 2.58, 2.19, 2.3, 3.43, 4.48, 5.37, 5.47, 4.76, 4.51, 4.21, 4.09, 4.91, 5.89, 7.123, 8.473, 9.139, 8.72, 8.776, 9.949, 10.483, 10.714, 10.825, 10.927, 11.159, 11.501, 11.235, 11.26, 11.606, 11.693, 10.806, 9.733, 9.593, 10.176, 11.037, 9.95, 8.963, 9.09, 9.916, 9.97, 9.21, 9.11, 8.629], [8.41, 8.319, 7.95, 7.73, 7.87, 7.73, 7.51, 7.39, 7.48, 7.65, 8.6, 9.569, 9.834, 8.473, 7.35, 6.72, 6.2, 6.15, 5.92, 5.63, 5.723, 6.293, 5.429, 4.36, 3.65, 3.3, 2.03, 1.09, 0.95, 0.95, 0, 0.83, 0.95, 0.82, 1.09, 1.1, 1.44, 1.9, 2.29, 2.359, 2.489, 3.51, 2.9, 2.17, 2.05, 1.62, 1.93, 2.96, 3.89, 4.94, 5.24, 4.67, 4.3, 4.08, 3.82, 4.38, 5.26, 6.493, 7.846, 8.649, 8.25, 8.289, 9.599, 10.093, 10.628, 10.733, 10.661, 10.961, 11.299, 11.185, 10.739, 10.919, 10.923, 10.119, 8.99, 8.783, 9.549, 10.453, 9.408, 8.299, 8.4, 9.209, 9.2, 8.58, 8.37, 8.339], [8.285, 8.252, 7.945, 7.762, 7.885, 7.671, 7.434, 7.405, 7.532, 7.628, 8.652, 9.639, 9.851, 8.526, 7.348, 6.718, 6.161, 6.148, 5.889, 5.591, 5.79, 6.266, 5.499, 4.37, 3.54, 3.11, 2.24, 1.38, 1.2, 1.3, 0.83, 0, 0.58, 0.73, 1.02, 1.01, 1.59, 1.97, 2.079, 2.25, 2.382, 3.168, 2.698, 2.06, 1.68, 1.31, 1.58, 2.63, 3.788, 4.875, 5.098, 4.468, 4.041, 3.829, 3.609, 4.198, 5.178, 6.403, 7.779, 8.582, 8.268, 8.342, 9.632, 10.143, 10.621, 10.701, 10.661, 10.961, 11.3, 11.168, 10.729, 10.929, 10.939, 10.049, 8.899, 8.756, 9.519, 10.38, 9.341, 8.286, 8.369, 9.162, 9.075, 8.532, 8.382, 8.212], [8.36, 8.289, 7.98, 7.819, 7.94, 7.74, 7.5, 7.44, 7.569, 7.66, 8.689, 9.733, 10.004, 8.66, 7.38, 6.75, 6.21, 6.18, 5.93, 5.64, 5.927, 6.408, 5.63, 4.39, 3.6, 3.13, 2.28, 1.42, 1.24, 1.26, 0.95, 0.58, 0, 0.65, 1.08, 1.17, 1.73, 2.23, 2.3, 2.306, 2.553, 3.2, 2.79, 2.2, 1.7, 1.19, 1.58, 2.73, 3.96, 4.97, 5.17, 4.58, 4.09, 3.93, 3.69, 4.27, 5.29, 6.66, 7.97, 8.719, 8.26, 8.43, 9.729, 10.28, 10.778, 10.858, 10.838, 11.138, 11.457, 11.325, 10.874, 11.08, 11.113, 10.214, 9.067, 8.873, 9.616, 10.594, 9.514, 8.443, 8.497, 9.313, 9.19, 8.629, 8.51, 8.263], [8.329, 8.318, 7.97, 7.83, 7.89, 7.77, 7.57, 7.43, 7.579, 7.69, 8.72, 9.739, 9.934, 8.68, 7.39, 6.78, 6.24, 6.19, 6.0, 5.67, 5.947, 6.354, 5.65, 4.4, 3.71, 3.3, 2.19, 1.33, 1.01, 1.03, 0.82, 0.73, 0.65, 0, 0.83, 1.04, 1.5, 2.02, 2.19, 2.356, 2.486, 3.19, 2.86, 2.21, 1.91, 1.52, 1.67, 2.7, 3.93, 4.84, 5.08, 4.43, 4.08, 3.9, 3.7, 4.3, 5.32, 6.66, 8.016, 8.705, 8.27, 8.462, 9.749, 10.3, 10.643, 10.717, 10.68, 10.957, 11.393, 11.178, 10.857, 11.092, 11.073, 10.152, 9.11, 8.953, 9.602, 10.594, 9.49, 8.406, 8.477, 9.262, 9.219, 8.639, 8.6, 8.175], [8.08, 8.089, 7.82, 7.66, 7.72, 7.74, 7.56, 7.34, 7.41, 7.56, 8.61, 9.512, 9.736, 8.416, 7.24, 6.63, 6.15, 6.14, 6.05, 5.6, 5.7, 6.176, 5.39, 4.35, 3.82, 3.51, 2.32, 1.6, 1.5, 1.48, 1.09, 1.02, 1.08, 0.83, 0, 0.85, 1.25, 1.75, 1.82, 2.03, 2.12, 3.04, 2.73, 2.28, 2.1, 1.61, 1.8, 2.51, 3.58, 4.57, 4.89, 4.34, 4.11, 3.91, 3.77, 4.31, 5.11, 6.357, 7.689, 8.398, 8.12, 8.2, 9.508, 10.033, 10.453, 10.49, 10.49, 10.787, 11.203, 10.934, 10.673, 10.785, 10.866, 9.885, 8.84, 8.673, 9.295, 10.299, 9.16, 8.062, 8.27, 8.999, 8.89, 8.39, 8.279, 7.949], [8.07, 8.0, 7.81, 7.61, 7.67, 7.69, 7.51, 7.29, 7.36, 7.55, 8.54, 9.429, 9.558, 8.313, 7.23, 6.62, 6.12, 6.07, 6.0, 5.55, 5.543, 6.013, 5.27, 4.28, 3.83, 3.54, 2.35, 1.47, 1.55, 1.57, 1.1, 1.01, 1.17, 1.04, 0.85, 0, 0.98, 1.64, 1.81, 1.84, 1.95, 2.83, 2.44, 2.05, 1.95, 1.48, 1.67, 2.38, 3.57, 4.56, 4.92, 4.41, 4.12, 3.98, 3.76, 4.18, 4.96, 6.153, 7.566, 8.329, 8.11, 8.15, 9.459, 9.913, 10.294, 10.375, 10.334, 10.614, 11.01, 10.843, 10.479, 10.699, 10.666, 9.639, 8.57, 8.483, 9.249, 10.047, 9.0, 7.919, 8.08, 8.87, 8.88, 8.38, 8.15, 7.86], [7.87, 7.8, 7.47, 7.27, 7.37, 7.41, 7.17, 6.91, 6.96, 7.13, 8.14, 8.95, 8.98, 7.8, 6.81, 6.22, 5.72, 5.75, 5.68, 5.21, 5.03, 5.48, 4.81, 3.98, 3.65, 3.44, 2.07, 1.63, 1.89, 1.81, 1.44, 1.59, 1.73, 1.5, 1.25, 0.98, 0, 1.0, 1.43, 1.46, 1.83, 2.81, 2.44, 1.91, 2.23, 1.98, 1.81, 2.42, 3.23, 4.28, 4.72, 4.15, 3.96, 3.88, 3.64, 3.96, 4.76, 5.7, 7.11, 7.89, 7.75, 7.77, 8.96, 9.4, 9.74, 9.8, 9.84, 10.12, 10.49, 10.25, 10.08, 10.36, 10.23, 9.34, 8.33, 8.17, 8.83, 9.7, 8.73, 7.64, 7.76, 8.57, 8.72, 8.02, 7.87, 7.62], [7.67, 7.6, 7.29, 7.07, 7.19, 7.21, 7.01, 6.73, 6.8, 6.99, 7.98, 8.73, 8.64, 7.5, 6.67, 6.06, 5.56, 5.55, 5.5, 5.01, 4.79, 5.14, 4.61, 3.88, 3.69, 3.56, 2.21, 1.89, 2.31, 2.09, 1.9, 1.97, 2.23, 2.02, 1.75, 1.64, 1.0, 0, 1.27, 1.82, 2.13, 3.01, 2.62, 2.33, 2.71, 2.5, 2.31, 2.7, 3.15, 4.06, 4.24, 3.77, 3.72, 3.64, 3.6, 4.18, 4.86, 5.74, 6.99, 7.85, 7.65, 7.57, 8.74, 9.16, 9.32, 9.32, 9.42, 9.72, 10.07, 9.75, 9.84, 10.26, 10.21, 9.46, 8.47, 8.13, 8.79, 9.48, 8.35, 7.44, 7.7, 8.59, 8.68, 7.96, 7.73, 7.44], [6.88, 6.89, 6.64, 6.44, 6.46, 6.56, 6.36, 6.14, 6.19, 6.36, 7.35, 8.06, 8.21, 6.97, 6.0, 5.43, 4.93, 4.98, 4.91, 4.42, 4.24, 4.65, 4.0, 3.35, 3.2, 3.11, 2.36, 2.235, 2.815, 2.716, 2.29, 2.079, 2.3, 2.19, 1.82, 1.81, 1.43, 1.27, 0, 1.21, 1.28, 2.08, 1.77, 2.34, 2.8, 2.43, 1.9, 2.01, 2.34, 3.17, 3.59, 3.12, 2.87, 2.89, 2.87, 3.39, 4.11, 4.95, 6.18, 7.02, 7.0, 6.92, 8.07, 8.59, 8.93, 8.99, 8.99, 9.35, 9.7, 9.46, 9.23, 9.41, 9.54, 8.65, 7.66, 7.4, 8.02, 8.81, 7.68, 6.69, 6.97, 7.66, 7.75, 7.11, 7.02, 6.73], [7.01, 6.8, 6.51, 6.41, 6.61, 6.57, 6.25, 6.01, 5.94, 6.21, 7.18, 7.91, 8.22, 6.84, 5.81, 5.3, 4.78, 4.89, 4.84, 4.33, 4.13, 4.64, 3.87, 3.26, 3.13, 3.0, 2.27, 2.309, 2.848, 2.926, 2.359, 2.25, 2.306, 2.356, 2.03, 1.84, 1.46, 1.82, 1.21, 0, 0.99, 1.95, 1.5, 1.89, 2.47, 2.2, 1.93, 2.02, 2.67, 3.56, 4.3, 3.73, 3.46, 3.56, 3.26, 3.2, 3.9, 4.84, 6.01, 6.83, 6.79, 6.91, 7.98, 8.46, 9.0, 9.14, 9.22, 9.5, 9.75, 9.63, 9.16, 9.38, 9.27, 8.3, 7.49, 7.25, 7.85, 8.96, 8.09, 6.96, 7.0, 7.59, 7.86, 7.14, 7.09, 6.92], [6.68, 6.55, 6.24, 6.1, 6.22, 6.2, 6.02, 5.76, 5.79, 6.0, 7.01, 7.92, 8.41, 6.93, 5.66, 5.09, 4.59, 4.7, 4.65, 4.12, 4.26, 4.83, 3.92, 3.29, 3.26, 3.19, 2.56, 2.499, 3.218, 3.256, 2.489, 2.382, 2.553, 2.486, 2.12, 1.95, 1.83, 2.13, 1.28, 0.99, 0, 1.48, 1.19, 1.98, 2.56, 2.27, 2.04, 1.73, 2.36, 3.29, 3.87, 3.36, 3.07, 3.23, 2.95, 2.97, 3.73, 4.75, 6.08, 6.78, 6.58, 6.64, 8.01, 8.59, 9.19, 9.27, 9.23, 9.51, 9.86, 9.74, 9.21, 9.25, 9.28, 8.19, 7.28, 7.1, 7.86, 8.89, 7.86, 6.63, 6.77, 7.3, 7.33, 6.83, 6.82, 6.67], [5.92, 5.89, 5.58, 5.44, 5.54, 5.4, 5.2, 5.06, 5.19, 5.28, 6.37, 7.4, 7.61, 6.35, 4.94, 4.41, 3.95, 4.02, 3.97, 3.42, 3.8, 4.25, 3.62, 2.89, 3.16, 3.478, 3.211, 3.351, 3.9, 3.96, 3.51, 3.168, 3.2, 3.19, 3.04, 2.83, 2.81, 3.01, 2.08, 1.95, 1.48, 0, 1.17, 2.909, 3.4, 2.87, 2.68, 1.65, 1.78, 2.53, 2.87, 2.44, 2.11, 2.57, 2.29, 2.17, 3.03, 4.27, 5.64, 6.32, 5.86, 6.14, 7.41, 7.97, 8.39, 8.47, 8.45, 8.73, 9.08, 8.94, 8.55, 8.73, 8.68, 7.55, 6.6, 6.54, 7.22, 8.29, 7.14, 6.07, 6.09, 6.84, 6.71, 6.25, 6.2, 5.73], [6.57, 6.44, 6.07, 5.87, 6.13, 5.75, 5.43, 5.37, 5.56, 5.59, 6.7, 7.81, 8.2, 6.74, 5.27, 4.76, 4.2, 4.15, 4.0, 3.59, 4.19, 4.76, 3.91, 2.82, 2.67, 2.72, 2.423, 2.741, 3.45, 3.59, 2.9, 2.698, 2.79, 2.86, 2.73, 2.44, 2.44, 2.62, 1.77, 1.5, 1.19, 1.17, 0, 1.89, 2.39, 2.16, 2.03, 1.54, 2.31, 3.26, 3.62, 3.09, 2.66, 3.06, 2.76, 2.3, 3.14, 4.58, 5.91, 6.67, 6.27, 6.57, 7.82, 8.42, 9.02, 9.18, 9.22, 9.44, 9.67, 9.67, 9.02, 9.14, 9.11, 7.98, 6.93, 6.85, 7.81, 8.94, 7.93, 6.66, 6.66, 7.33, 7.16, 6.62, 6.75, 6.6], [8.274, 8.127, 7.52, 7.24, 7.54, 7.2, 6.68, 6.6, 6.73, 6.68, 7.99, 9.22, 9.73, 8.23, 6.32, 5.83, 5.27, 5.02, 4.81, 4.6, 5.44, 6.13, 5.14, 3.37, 2.82, 2.51, 1.74, 2.02, 2.62, 2.72, 2.17, 2.06, 2.2, 2.21, 2.28, 2.05, 1.91, 2.33, 2.34, 1.89, 1.98, 2.909, 1.89, 0, 1.08, 1.65, 1.8, 2.33, 3.84, 4.91, 5.31, 4.64, 4.27, 4.23, 4.03, 3.63, 4.51, 6.13, 7.36, 8.18, 7.64, 7.88, 9.25, 9.91, 10.59, 10.77, 10.87, 11.11, 11.28, 11.28, 10.49, 10.65, 10.74, 9.53, 8.6, 8.46, 9.44, 10.63, 9.68, 8.427, 8.31, 8.84, 8.69, 8.17, 8.48, 8.382], [8.7, 8.59, 8.14, 7.86, 8.14, 7.7, 7.22, 7.24, 7.43, 7.34, 8.71, 9.94, 10.45, 8.93, 6.92, 6.49, 5.91, 5.66, 5.39, 5.2, 6.14, 6.85, 5.84, 4.01, 3.26, 2.87, 2.24, 2.1, 2.32, 2.58, 2.05, 1.68, 1.7, 1.91, 2.1, 1.95, 2.23, 2.71, 2.8, 2.47, 2.56, 3.4, 2.39, 1.08, 0, 1.13, 1.72, 2.63, 4.38, 5.43, 5.75, 5.16, 4.69, 4.55, 4.37, 4.25, 5.19, 6.73, 8.02, 8.86, 8.3, 8.48, 9.89, 10.63, 11.29, 11.43, 11.45, 11.67, 11.94, 11.92, 11.11, 11.15, 11.34, 10.19, 9.16, 9.02, 10.02, 11.17, 10.12, 8.83, 8.81, 9.38, 9.09, 8.71, 8.92, 8.79], [8.19, 8.08, 7.73, 7.49, 7.71, 7.39, 7.17, 7.09, 7.28, 7.31, 8.42, 9.57, 10.02, 8.56, 7.03, 6.46, 5.88, 5.75, 5.5, 5.23, 5.87, 6.42, 5.53, 3.96, 3.29, 2.9, 2.19, 1.89, 1.95, 2.19, 1.62, 1.31, 1.19, 1.52, 1.61, 1.48, 1.98, 2.5, 2.43, 2.2, 2.27, 2.87, 2.16, 1.65, 1.13, 0, 1.25, 2.24, 3.99, 4.935, 5.28, 4.63, 4.2, 4.04, 3.82, 3.94, 5.02, 6.46, 7.79, 8.45, 8.03, 8.29, 9.62, 10.24, 10.82, 10.94, 10.94, 11.18, 11.49, 11.43, 10.84, 10.9, 10.97, 9.92, 8.87, 8.73, 9.51, 10.64, 9.59, 8.355, 8.46, 9.05, 8.78, 8.4, 8.49, 8.3], [8.0, 8.05, 7.74, 7.5, 7.5, 7.34, 7.14, 7.12, 7.31, 7.34, 8.45, 9.56, 9.848, 8.51, 7.04, 6.47, 5.87, 5.82, 5.55, 5.26, 5.82, 6.27, 5.5, 4.03, 3.26, 2.95, 2.46, 2.06, 2.2, 2.3, 1.93, 1.58, 1.58, 1.67, 1.8, 1.67, 1.81, 2.31, 1.9, 1.93, 2.04, 2.68, 2.03, 1.8, 1.72, 1.25, 0, 1.63, 3.52, 4.33, 4.55, 4.06, 3.67, 3.43, 3.37, 3.69, 4.85, 6.27, 7.6, 8.36, 8.02, 8.28, 9.57, 10.15, 10.585, 10.643, 10.625, 10.905, 11.318, 11.093, 10.77, 10.85, 10.84, 9.85, 8.76, 8.66, 9.28, 10.37, 9.275, 8.03, 8.21, 8.78, 8.75, 8.23, 8.28, 8.065], [7.09, 7.18, 6.93, 6.69, 6.69, 6.53, 6.35, 6.31, 6.5, 6.53, 7.64, 8.77, 9.02, 7.72, 6.23, 5.68, 5.06, 4.95, 4.72, 4.39, 5.01, 5.44, 4.69, 3.32, 3.11, 3.16, 2.87, 2.91, 3.41, 3.43, 2.96, 2.63, 2.73, 2.7, 2.51, 2.38, 2.42, 2.7, 2.01, 2.02, 1.73, 1.65, 1.54, 2.33, 2.63, 2.24, 1.63, 0, 2.71, 3.44, 3.58, 3.19, 2.86, 2.94, 2.84, 2.9, 4.0, 5.48, 6.85, 7.57, 7.23, 7.49, 8.78, 9.34, 9.76, 9.84, 9.8, 10.08, 10.49, 10.29, 9.94, 10.04, 9.99, 8.86, 7.87, 7.81, 8.49, 9.54, 8.29, 7.14, 7.32, 7.97, 7.76, 7.44, 7.41, 7.08], [5.0, 4.99, 4.54, 4.38, 4.44, 4.44, 4.3, 4.04, 4.15, 4.26, 5.33, 6.22, 6.41, 5.13, 3.98, 3.43, 2.97, 3.06, 3.09, 2.5, 2.5, 3.09, 2.4, 2.65, 3.239, 3.891, 3.709, 3.768, 4.52, 4.48, 3.89, 3.788, 3.96, 3.93, 3.58, 3.57, 3.23, 3.15, 2.34, 2.67, 2.36, 1.78, 2.31, 3.84, 4.38, 3.99, 3.52, 2.71, 0, 1.49, 2.13, 1.7, 1.65, 2.05, 1.87, 1.75, 2.23, 3.07, 4.34, 5.16, 4.94, 4.96, 6.21, 6.73, 7.17, 7.27, 7.21, 7.61, 7.88, 7.72, 7.37, 7.67, 7.72, 6.85, 5.68, 5.5, 6.2, 6.97, 6.0, 4.97, 4.99, 5.78, 5.79, 5.17, 5.08, 4.99], [4.01, 4.08, 3.71, 3.71, 3.71, 3.77, 3.59, 3.33, 3.32, 3.57, 4.58, 5.45, 5.62, 4.38, 3.11, 2.86, 2.52, 2.79, 2.64, 2.19, 2.59, 3.06, 2.39, 2.993, 3.98, 4.728, 4.637, 4.795, 5.47, 5.37, 4.94, 4.875, 4.97, 4.84, 4.57, 4.56, 4.28, 4.06, 3.17, 3.56, 3.29, 2.53, 3.26, 4.91, 5.43, 4.935, 4.33, 3.44, 1.49, 0, 1.2, 1.25, 1.3, 1.62, 1.72, 1.66, 1.92, 2.6, 3.77, 4.43, 4.29, 4.37, 5.44, 6.0, 6.34, 6.42, 6.38, 6.76, 7.09, 6.85, 6.64, 6.9, 7.03, 6.16, 5.13, 4.81, 5.41, 6.26, 5.11, 4.14, 4.36, 5.15, 5.08, 4.44, 4.41, 4.02], [4.25, 4.36, 3.99, 3.79, 3.75, 3.65, 3.53, 3.33, 3.5, 3.57, 4.64, 5.65, 5.78, 4.56, 3.25, 2.78, 2.6, 2.81, 2.5, 2.21, 2.91, 3.42, 2.69, 3.2, 4.135, 4.854, 4.839, 5.021, 5.63, 5.47, 5.24, 5.098, 5.17, 5.08, 4.89, 4.92, 4.72, 4.24, 3.59, 4.3, 3.87, 2.87, 3.62, 5.31, 5.75, 5.28, 4.55, 3.58, 2.13, 1.2, 0, 1.03, 1.22, 1.48, 1.68, 1.94, 1.96, 2.92, 4.17, 4.87, 4.39, 4.35, 5.62, 6.18, 6.48, 6.56, 6.62, 7.0, 7.25, 6.93, 6.94, 7.26, 7.41, 6.52, 5.43, 5.23, 5.87, 6.62, 5.31, 4.42, 4.7, 5.55, 5.42, 4.8, 4.57, 4.18], [4.72, 4.79, 4.34, 4.1, 4.08, 4.02, 3.8, 3.72, 3.89, 3.94, 4.99, 6.04, 6.15, 4.95, 3.64, 3.13, 2.61, 2.7, 2.49, 2.08, 2.72, 3.27, 2.66, 2.79, 3.696, 4.359, 4.349, 4.491, 4.92, 4.76, 4.67, 4.468, 4.58, 4.43, 4.34, 4.41, 4.15, 3.77, 3.12, 3.73, 3.36, 2.44, 3.09, 4.64, 5.16, 4.63, 4.06, 3.19, 1.7, 1.25, 1.03, 0, 0.79, 1.05, 1.23, 1.53, 1.93, 3.13, 4.4, 5.04, 4.7, 4.8, 6.01, 6.57, 6.81, 6.81, 6.81, 7.07, 7.56, 7.24, 7.23, 7.51, 7.66, 6.77, 5.7, 5.54, 6.1, 6.91, 5.64, 4.81, 5.05, 5.8, 5.71, 5.05, 5.0, 4.59], [4.73, 4.82, 4.41, 4.21, 4.23, 4.07, 3.87, 3.81, 4.0, 4.03, 5.12, 6.17, 6.32, 5.1, 3.73, 3.22, 2.7, 2.81, 2.5, 2.19, 2.83, 3.38, 2.79, 2.54, 3.28, 4.011, 4.01, 4.086, 4.63, 4.51, 4.3, 4.041, 4.09, 4.08, 4.11, 4.12, 3.96, 3.72, 2.87, 3.46, 3.07, 2.11, 2.66, 4.27, 4.69, 4.2, 3.67, 2.86, 1.65, 1.3, 1.22, 0.79, 0, 0.82, 0.96, 1.28, 2.0, 3.26, 4.51, 5.21, 4.79, 4.89, 6.16, 6.72, 7.0, 7.08, 7.04, 7.42, 7.75, 7.51, 7.3, 7.62, 7.75, 6.86, 5.77, 5.55, 6.17, 6.96, 5.79, 4.9, 5.12, 5.89, 5.72, 5.1, 5.09, 4.68], [5.21, 5.3, 4.87, 4.69, 4.65, 4.57, 4.31, 4.25, 4.42, 4.47, 5.54, 6.57, 6.7, 5.48, 4.21, 3.64, 3.24, 3.29, 2.98, 2.71, 3.19, 3.76, 3.17, 2.76, 3.27, 3.994, 4.09, 3.91, 4.35, 4.21, 4.08, 3.829, 3.93, 3.9, 3.91, 3.98, 3.88, 3.64, 2.89, 3.56, 3.23, 2.57, 3.06, 4.23, 4.55, 4.04, 3.43, 2.94, 2.05, 1.62, 1.48, 1.05, 0.82, 0, 0.64, 1.58, 2.46, 3.74, 4.99, 5.69, 5.21, 5.27, 6.54, 7.1, 7.38, 7.38, 7.4, 7.72, 8.11, 7.79, 7.74, 8.08, 8.23, 7.34, 6.25, 6.07, 6.69, 7.44, 6.17, 5.34, 5.56, 6.37, 6.26, 5.62, 5.51, 5.06], [5.09, 5.08, 4.75, 4.57, 4.57, 4.47, 4.25, 4.13, 4.28, 4.35, 5.4, 6.41, 6.56, 5.32, 4.13, 3.58, 3.14, 3.15, 2.86, 2.63, 2.99, 3.6, 2.99, 2.6, 3.11, 3.834, 3.93, 3.71, 4.17, 4.09, 3.82, 3.609, 3.69, 3.7, 3.77, 3.76, 3.64, 3.6, 2.87, 3.26, 2.95, 2.29, 2.76, 4.03, 4.37, 3.82, 3.37, 2.84, 1.87, 1.72, 1.68, 1.23, 0.96, 0.64, 0, 1.38, 2.24, 3.56, 4.85, 5.57, 5.03, 5.13, 6.38, 6.94, 7.3, 7.4, 7.44, 7.68, 8.03, 7.85, 7.64, 7.92, 8.01, 7.16, 6.05, 5.83, 6.47, 7.36, 6.17, 5.08, 5.36, 6.19, 6.08, 5.48, 5.21, 4.88], [4.93, 4.8, 4.29, 4.13, 4.39, 4.07, 3.71, 3.61, 3.76, 3.83, 4.9, 5.97, 6.24, 4.94, 3.59, 3.08, 2.68, 2.75, 2.4, 2.15, 2.85, 3.46, 2.83, 2.66, 3.335, 4.03, 4.11, 4.29, 4.83, 4.91, 4.38, 4.198, 4.27, 4.3, 4.31, 4.18, 3.96, 4.18, 3.39, 3.2, 2.97, 2.17, 2.3, 3.63, 4.25, 3.94, 3.69, 2.9, 1.75, 1.66, 1.94, 1.53, 1.28, 1.58, 1.38, 0, 1.24, 2.82, 4.11, 4.87, 4.51, 4.79, 5.98, 6.56, 7.08, 7.24, 7.3, 7.54, 7.75, 7.73, 7.18, 7.38, 7.29, 6.32, 5.25, 5.15, 5.97, 7.12, 6.13, 4.98, 4.82, 5.57, 5.58, 4.88, 5.03, 4.86], [4.09, 3.94, 3.45, 3.25, 3.55, 3.33, 2.91, 2.67, 2.72, 2.83, 3.92, 4.91, 5.26, 3.82, 2.65, 2.24, 2.24, 2.47, 2.3, 2.09, 2.41, 3.1, 2.39, 3.2, 4.132, 4.927, 4.878, 5.161, 5.83, 5.89, 5.26, 5.178, 5.29, 5.32, 5.11, 4.96, 4.76, 4.86, 4.11, 3.9, 3.73, 3.03, 3.14, 4.51, 5.19, 5.02, 4.85, 4.0, 2.23, 1.92, 1.96, 1.93, 2.0, 2.46, 2.24, 1.24, 0, 1.8, 3.03, 3.85, 3.57, 3.71, 4.9, 5.46, 6.12, 6.32, 6.4, 6.64, 6.83, 6.83, 6.1, 6.32, 6.35, 5.3, 4.23, 4.13, 5.09, 6.16, 5.25, 4.1, 3.92, 4.69, 4.7, 3.94, 4.03, 4.0], [2.75, 2.56, 2.17, 2.17, 2.49, 2.37, 2.23, 1.85, 1.64, 1.83, 2.74, 3.49, 3.76, 2.4, 2.31, 2.565, 3.12, 3.502, 3.492, 2.995, 2.53, 3.26, 2.69, 4.455, 5.531, 6.286, 6.186, 6.44, 7.113, 7.123, 6.493, 6.403, 6.66, 6.66, 6.357, 6.153, 5.7, 5.74, 4.95, 4.84, 4.75, 4.27, 4.58, 6.13, 6.73, 6.46, 6.27, 5.48, 3.07, 2.6, 2.92, 3.13, 3.26, 3.74, 3.56, 2.82, 1.8, 0, 1.49, 2.43, 2.39, 2.45, 3.52, 3.98, 4.58, 4.72, 4.76, 5.02, 5.23, 5.21, 4.62, 4.88, 4.93, 4.04, 3.03, 2.71, 3.69, 4.54, 3.65, 2.58, 2.6, 3.29, 3.4, 2.58, 2.65, 2.66], [1.94, 1.69, 1.46, 1.84, 2.16, 2.1, 2.0, 1.7, 1.53, 1.8, 1.59, 2.14, 2.57, 1.65, 2.8, 3.499, 4.058, 4.475, 4.465, 4.048, 3.38, 3.97, 3.52, 5.488, 6.573, 7.379, 7.221, 7.679, 8.472, 8.473, 7.846, 7.779, 7.97, 8.016, 7.689, 7.566, 7.11, 6.99, 6.18, 6.01, 6.08, 5.64, 5.91, 7.36, 8.02, 7.79, 7.6, 6.85, 4.34, 3.77, 4.17, 4.4, 4.51, 4.99, 4.85, 4.11, 3.03, 1.49, 0, 1.26, 1.76, 1.6, 2.17, 2.65, 3.31, 3.51, 3.63, 3.93, 4.02, 4.0, 3.43, 3.75, 3.8, 2.97, 2.06, 1.6, 2.54, 3.43, 2.54, 1.71, 1.67, 2.28, 2.37, 1.63, 1.66, 1.69], [1.38, 1.13, 1.22, 1.66, 1.74, 1.84, 2.14, 2.2, 2.19, 2.56, 1.59, 1.56, 2.15, 1.63, 3.485, 4.258, 4.778, 5.239, 5.229, 4.708, 4.32, 4.67, 4.32, 6.221, 7.33, 8.046, 7.932, 8.382, 9.178, 9.139, 8.649, 8.582, 8.719, 8.705, 8.398, 8.329, 7.89, 7.85, 7.02, 6.83, 6.78, 6.32, 6.67, 8.18, 8.86, 8.45, 8.36, 7.57, 5.16, 4.43, 4.87, 5.04, 5.21, 5.69, 5.57, 4.87, 3.85, 2.43, 1.26, 0, 1.38, 1.34, 1.33, 1.87, 2.47, 2.65, 2.75, 3.07, 3.22, 3.18, 2.67, 2.91, 3.0, 2.13, 1.44, 1.12, 1.64, 2.65, 1.84, 1.15, 1.19, 1.34, 1.53, 0.91, 1.12, 1.27], [1.36, 1.05, 0.84, 1.18, 1.2, 1.12, 1.5, 1.54, 1.69, 1.88, 1.99, 2.4, 3.05, 2.33, 3.08, 3.69, 4.27, 4.625, 4.664, 4.18, 4.18, 4.95, 4.28, 5.618, 6.691, 7.461, 7.407, 7.988, 8.74, 8.72, 8.25, 8.268, 8.26, 8.27, 8.12, 8.11, 7.75, 7.65, 7.0, 6.79, 6.58, 5.86, 6.27, 7.64, 8.3, 8.03, 8.02, 7.23, 4.94, 4.29, 4.39, 4.7, 4.79, 5.21, 5.03, 4.51, 3.57, 2.39, 1.76, 1.38, 0, 0.96, 1.77, 2.43, 3.09, 3.23, 3.45, 3.67, 3.76, 3.76, 3.19, 3.39, 3.54, 2.73, 1.86, 1.66, 2.3, 3.43, 2.58, 1.47, 1.39, 2.02, 1.93, 1.29, 1.64, 1.71], [1.6, 1.29, 1.26, 1.4, 1.42, 1.44, 1.66, 1.64, 1.65, 1.8, 1.69, 2.02, 2.71, 1.95, 3.02, 3.59, 4.21, 4.549, 4.61, 4.18, 3.86, 4.71, 3.96, 5.47, 6.526, 7.324, 7.47, 7.999, 8.878, 8.776, 8.289, 8.342, 8.43, 8.462, 8.2, 8.15, 7.77, 7.57, 6.92, 6.91, 6.64, 6.14, 6.57, 7.88, 8.48, 8.29, 8.28, 7.49, 4.96, 4.37, 4.35, 4.8, 4.89, 5.27, 5.13, 4.79, 3.71, 2.45, 1.6, 1.34, 0.96, 0, 1.57, 2.27, 2.93, 3.27, 3.49, 3.75, 3.66, 3.56, 3.17, 3.49, 3.74, 2.93, 2.0, 1.6, 2.42, 3.41, 2.56, 1.71, 1.63, 2.18, 2.19, 1.51, 1.68, 1.63], [1.95, 1.78, 1.99, 2.31, 2.37, 2.51, 2.75, 2.69, 2.66, 2.89, 1.78, 1.07, 1.48, 1.62, 3.79, 4.563, 5.123, 5.562, 5.612, 5.19, 4.35, 4.56, 4.55, 6.5, 7.579, 8.334, 8.593, 9.272, 10.108, 9.949, 9.599, 9.632, 9.729, 9.749, 9.508, 9.459, 8.96, 8.74, 8.07, 7.98, 8.01, 7.41, 7.82, 9.25, 9.89, 9.62, 9.57, 8.78, 6.21, 5.44, 5.62, 6.01, 6.16, 6.54, 6.38, 5.98, 4.9, 3.52, 2.17, 1.33, 1.77, 1.57, 0, 0.98, 1.72, 2.08, 2.38, 2.72, 2.53, 2.37, 2.2, 2.56, 2.79, 2.04, 1.67, 1.37, 1.67, 2.48, 1.95, 1.84, 1.8, 1.71, 1.86, 1.56, 1.65, 1.88], [2.33, 2.26, 2.59, 2.93, 2.91, 3.05, 3.45, 3.43, 3.3, 3.55, 2.34, 1.25, 1.16, 1.8, 4.47, 5.243, 5.803, 6.236, 6.246, 5.83, 4.81, 4.84, 5.07, 7.218, 8.237, 9.041, 9.127, 9.82, 10.633, 10.483, 10.093, 10.143, 10.28, 10.3, 10.033, 9.913, 9.4, 9.16, 8.59, 8.46, 8.59, 7.97, 8.42, 9.91, 10.63, 10.24, 10.15, 9.34, 6.73, 6.0, 6.18, 6.57, 6.72, 7.1, 6.94, 6.56, 5.46, 3.98, 2.65, 1.87, 2.43, 2.27, 0.98, 0, 1.08, 1.42, 1.7, 2.1, 1.87, 1.81, 1.82, 2.12, 2.19, 1.82, 1.99, 1.75, 1.51, 1.84, 1.77, 2.22, 2.16, 1.85, 2.0, 2.02, 1.97, 2.4], [2.93, 2.9, 3.19, 3.51, 3.49, 3.65, 4.07, 4.09, 3.98, 4.25, 3.06, 1.85, 1.28, 2.46, 5.247, 6.02, 6.58, 7.019, 7.009, 6.544, 5.57, 5.32, 5.77, 7.923, 9.054, 9.781, 9.886, 10.376, 10.933, 10.714, 10.628, 10.621, 10.778, 10.643, 10.453, 10.294, 9.74, 9.32, 8.93, 9.0, 9.19, 8.39, 9.02, 10.59, 11.29, 10.82, 10.585, 9.76, 7.17, 6.34, 6.48, 6.81, 7.0, 7.38, 7.3, 7.08, 6.12, 4.58, 3.31, 2.47, 3.09, 2.93, 1.72, 1.08, 0, 0.86, 1.02, 1.28, 1.21, 1.11, 1.6, 1.98, 1.95, 2.02, 2.27, 2.31, 1.63, 1.34, 1.63, 2.74, 2.6, 2.13, 2.4, 2.7, 2.53, 2.72], [3.05, 2.94, 3.35, 3.81, 3.65, 3.81, 4.31, 4.37, 4.38, 4.71, 3.58, 2.31, 1.78, 2.92, 5.698, 6.471, 7.031, 7.464, 7.466, 6.973, 6.058, 5.72, 6.29, 8.431, 9.507, 10.254, 10.146, 10.491, 11.001, 10.825, 10.733, 10.701, 10.858, 10.717, 10.49, 10.375, 9.8, 9.32, 8.99, 9.14, 9.27, 8.47, 9.18, 10.77, 11.43, 10.94, 10.643, 9.84, 7.27, 6.42, 6.56, 6.81, 7.08, 7.38, 7.4, 7.24, 6.32, 4.72, 3.51, 2.65, 3.23, 3.27, 2.08, 1.42, 0.86, 0, 0.66, 0.92, 1.07, 0.83, 1.44, 1.72, 1.69, 1.6, 2.33, 2.47, 1.51, 1.22, 1.67, 2.84, 2.68, 2.25, 2.52, 2.8, 2.67, 2.78], [3.03, 3.02, 3.43, 3.87, 3.71, 3.87, 4.51, 4.57, 4.6, 4.97, 3.84, 2.57, 2.02, 3.18, 5.926, 6.699, 7.225, 7.692, 7.682, 7.155, 6.309, 5.956, 6.526, 8.627, 9.758, 10.479, 10.32, 10.496, 11.067, 10.927, 10.661, 10.661, 10.838, 10.68, 10.49, 10.334, 9.84, 9.42, 8.99, 9.22, 9.23, 8.45, 9.22, 10.87, 11.45, 10.94, 10.625, 9.8, 7.21, 6.38, 6.62, 6.81, 7.04, 7.4, 7.44, 7.3, 6.4, 4.76, 3.63, 2.75, 3.45, 3.49, 2.38, 1.7, 1.02, 0.66, 0, 0.64, 0.93, 0.95, 1.44, 1.62, 1.75, 1.84, 2.41, 2.55, 1.57, 0.96, 1.57, 2.84, 2.68, 2.19, 2.48, 2.76, 2.67, 2.88], [3.43, 3.36, 3.79, 4.25, 4.11, 4.25, 4.79, 4.87, 4.88, 5.27, 4.16, 2.89, 2.32, 3.5, 6.255, 7.028, 7.588, 8.012, 8.002, 7.518, 6.635, 6.267, 6.852, 8.956, 10.064, 10.799, 10.62, 10.856, 11.302, 11.159, 10.961, 10.961, 11.138, 10.957, 10.787, 10.614, 10.12, 9.72, 9.35, 9.5, 9.51, 8.73, 9.44, 11.11, 11.67, 11.18, 10.905, 10.08, 7.61, 6.76, 7.0, 7.07, 7.42, 7.72, 7.68, 7.54, 6.64, 5.02, 3.93, 3.07, 3.67, 3.75, 2.72, 2.1, 1.28, 0.92, 0.64, 0, 0.81, 1.11, 1.52, 1.64, 1.75, 1.98, 2.59, 2.77, 1.79, 1.14, 1.93, 3.12, 3.0, 2.47, 2.78, 3.06, 2.95, 3.12], [3.54, 3.51, 3.88, 4.28, 4.2, 4.36, 4.86, 4.84, 4.83, 5.14, 4.01, 2.74, 2.17, 3.35, 6.194, 6.967, 7.527, 7.96, 7.95, 7.48, 6.509, 6.15, 6.72, 8.85, 9.943, 10.71, 10.645, 11.058, 11.643, 11.501, 11.299, 11.3, 11.457, 11.393, 11.203, 11.01, 10.49, 10.07, 9.7, 9.75, 9.86, 9.08, 9.67, 11.28, 11.94, 11.49, 11.318, 10.49, 7.88, 7.09, 7.25, 7.56, 7.75, 8.11, 8.03, 7.75, 6.83, 5.23, 4.02, 3.22, 3.76, 3.66, 2.53, 1.87, 1.21, 1.07, 0.93, 0.81, 0, 1.0, 1.39, 1.63, 1.7, 2.17, 2.8, 2.94, 2.1, 1.33, 2.26, 3.45, 3.29, 2.82, 3.11, 3.31, 3.2, 3.47], [3.34, 3.35, 3.78, 4.18, 4.04, 4.28, 4.82, 4.8, 4.73, 4.94, 3.81, 2.58, 2.13, 3.27, 6.02, 6.799, 7.359, 7.832, 7.842, 7.369, 6.352, 5.91, 6.5, 8.702, 9.698, 10.542, 10.616, 10.938, 11.488, 11.235, 11.185, 11.168, 11.325, 11.178, 10.934, 10.843, 10.25, 9.75, 9.46, 9.63, 9.74, 8.94, 9.67, 11.28, 11.92, 11.43, 11.093, 10.29, 7.72, 6.85, 6.93, 7.24, 7.51, 7.79, 7.85, 7.73, 6.83, 5.21, 4.0, 3.18, 3.76, 3.56, 2.37, 1.81, 1.11, 0.83, 0.95, 1.11, 1.0, 0, 1.21, 1.65, 1.78, 2.07, 2.82, 2.96, 2.04, 1.39, 2.1, 3.29, 3.17, 2.72, 3.03, 3.29, 3.12, 3.23], [3.19, 3.1, 3.35, 3.89, 3.83, 3.97, 4.31, 4.27, 4.28, 4.65, 3.64, 2.39, 2.36, 3.14, 5.629, 6.402, 6.942, 7.395, 7.425, 6.99, 6.11, 6.22, 6.35, 8.385, 9.458, 10.289, 10.174, 10.537, 11.259, 11.26, 10.739, 10.729, 10.874, 10.857, 10.673, 10.479, 10.08, 9.84, 9.23, 9.16, 9.21, 8.55, 9.02, 10.49, 11.11, 10.84, 10.77, 9.94, 7.37, 6.64, 6.94, 7.23, 7.3, 7.74, 7.64, 7.18, 6.1, 4.62, 3.43, 2.67, 3.19, 3.17, 2.2, 1.82, 1.6, 1.44, 1.44, 1.52, 1.39, 1.21, 0, 0.78, 1.15, 1.5, 2.21, 2.27, 1.67, 1.48, 2.05, 3.0, 2.84, 2.25, 2.46, 2.64, 2.73, 3.1], [3.33, 3.2, 3.63, 4.15, 4.11, 4.15, 4.63, 4.67, 4.7, 5.07, 4.04, 2.81, 2.86, 3.58, 6.038, 6.811, 7.345, 7.789, 7.833, 7.35, 6.67, 6.8, 6.79, 8.793, 9.835, 10.658, 10.572, 10.869, 11.565, 11.606, 10.919, 10.929, 11.08, 11.092, 10.785, 10.699, 10.36, 10.26, 9.41, 9.38, 9.25, 8.73, 9.14, 10.65, 11.15, 10.9, 10.85, 10.04, 7.67, 6.9, 7.26, 7.51, 7.62, 8.08, 7.92, 7.38, 6.32, 4.88, 3.75, 2.91, 3.39, 3.49, 2.56, 2.12, 1.98, 1.72, 1.62, 1.64, 1.63, 1.65, 0.78, 0, 0.81, 1.44, 2.37, 2.47, 1.75, 1.62, 2.39, 3.14, 3.0, 2.27, 2.46, 2.72, 2.89, 3.38], [3.5, 3.33, 3.76, 4.34, 4.3, 4.34, 4.86, 4.96, 4.95, 5.339, 4.23, 2.96, 2.85, 3.67, 6.305, 7.078, 7.615, 8.056, 8.046, 7.545, 6.82, 6.79, 6.98, 9.026, 10.082, 10.848, 10.698, 10.896, 11.569, 11.693, 10.923, 10.939, 11.113, 11.073, 10.866, 10.666, 10.23, 10.21, 9.54, 9.27, 9.28, 8.68, 9.11, 10.74, 11.34, 10.97, 10.84, 9.99, 7.72, 7.03, 7.41, 7.66, 7.75, 8.23, 8.01, 7.29, 6.35, 4.93, 3.8, 3.0, 3.54, 3.74, 2.79, 2.19, 1.95, 1.69, 1.75, 1.75, 1.7, 1.78, 1.15, 0.81, 0, 1.39, 2.34, 2.54, 1.78, 1.73, 2.44, 3.19, 2.91, 2.32, 2.59, 2.99, 2.98, 3.41], [2.65, 2.46, 2.93, 3.51, 3.45, 3.51, 3.99, 3.99, 4.0, 4.39, 3.36, 2.35, 2.46, 3.0, 5.355, 6.124, 6.662, 7.1, 7.13, 6.67, 5.93, 6.18, 6.09, 8.073, 9.183, 9.985, 9.849, 10.049, 10.685, 10.806, 10.119, 10.049, 10.214, 10.152, 9.885, 9.639, 9.34, 9.46, 8.65, 8.3, 8.19, 7.55, 7.98, 9.53, 10.19, 9.92, 9.85, 8.86, 6.85, 6.16, 6.52, 6.77, 6.86, 7.34, 7.16, 6.32, 5.3, 4.04, 2.97, 2.13, 2.73, 2.93, 2.04, 1.82, 2.02, 1.6, 1.84, 1.98, 2.17, 2.07, 1.5, 1.44, 1.39, 0, 1.33, 1.73, 1.21, 1.84, 1.87, 2.44, 2.1, 1.55, 1.82, 2.08, 2.17, 2.46], [2.12, 1.79, 2.04, 2.5, 2.58, 2.58, 3.0, 2.98, 3.03, 3.376, 2.31, 2.02, 2.31, 2.53, 4.44, 5.115, 5.634, 6.101, 6.091, 5.625, 5.12, 5.61, 5.2, 7.054, 8.15, 8.946, 8.792, 8.97, 9.57, 9.733, 8.99, 8.899, 9.067, 9.11, 8.84, 8.57, 8.33, 8.47, 7.66, 7.49, 7.28, 6.6, 6.93, 8.6, 9.16, 8.87, 8.76, 7.87, 5.68, 5.13, 5.43, 5.7, 5.77, 6.25, 6.05, 5.25, 4.23, 3.03, 2.06, 1.44, 1.86, 2.0, 1.67, 1.99, 2.27, 2.33, 2.41, 2.59, 2.8, 2.82, 2.21, 2.37, 2.34, 1.33, 0, 0.88, 1.3, 2.19, 1.62, 1.77, 1.39, 1.28, 1.45, 1.37, 1.22, 1.57], [1.88, 1.53, 1.76, 2.26, 2.4, 2.4, 2.68, 2.66, 2.67, 3.06, 2.01, 1.66, 2.11, 1.91, 4.06, 4.788, 5.32, 5.764, 5.803, 5.34, 4.68, 5.15, 4.78, 6.737, 7.833, 8.649, 8.523, 8.736, 9.466, 9.593, 8.783, 8.756, 8.873, 8.953, 8.673, 8.483, 8.17, 8.13, 7.4, 7.25, 7.1, 6.54, 6.85, 8.46, 9.02, 8.73, 8.66, 7.81, 5.5, 4.81