[[0, 0.48, 0.63, 0.97, 1.29, 1.33, 1.41, 2.05, 2.36, 2.23, 2.02, 1.73, 2.08, 2.33, 2.88, 2.66, 2.78, 3.31, 3.17, 3.32, 3.21, 2.86, 3.26, 3.88, 3.89, 4.23, 4.68, 5.38, 6.16, 6.17, 6.03, 6.14, 6.81, 7.205, 7.268, 8.03, 8.714, 8.627, 8.558, 8.19, 8.716, 9.273, 9.786, 10.806, 10.773, 10.144, 10.28, 11.002, 11.508, 11.516, 11.755, 11.722, 12.121, 12.189, 12.075, 11.834, 11.907, 12.17, 12.84, 12.96, 12.682, 13.042, 13.387, 12.738, 11.485, 10.748, 10.162, 10.313, 10.688, 10.226, 9.268, 9.57, 10.017, 10.467, 10.61, 10.35, 10.204, 8.509, 7.424, 6.805, 6.105, 5.33, 4.441, 4.233, 3.667, 3.741], [0.48, 0, 0.51, 0.89, 1.33, 1.43, 1.41, 2.03, 2.46, 2.27, 2.02, 1.77, 2.08, 2.31, 2.82, 2.62, 2.74, 3.31, 3.31, 3.4, 3.23, 2.86, 3.14, 3.8, 3.75, 4.11, 4.58, 5.3, 6.16, 6.37, 6.27, 6.38, 6.97, 7.322, 7.428, 8.164, 8.854, 8.778, 8.709, 8.324, 8.841, 9.425, 9.937, 10.954, 10.91, 10.278, 10.411, 11.173, 11.659, 11.67, 11.906, 11.868, 12.264, 12.332, 12.218, 11.968, 12.041, 12.31, 12.983, 13.108, 12.833, 13.191, 13.53, 12.88, 11.63, 10.894, 10.31, 10.465, 10.839, 10.369, 9.419, 9.721, 10.168, 10.618, 10.761, 10.501, 10.356, 8.66, 7.525, 6.94, 6.21, 5.438, 4.576, 4.367, 3.701, 3.744], [0.63, 0.51, 0, 0.66, 1.3, 1.5, 1.62, 2.28, 2.67, 2.48, 2.27, 1.94, 2.29, 2.48, 2.95, 2.73, 2.93, 3.46, 3.44, 3.53, 3.28, 2.91, 3.19, 3.81, 3.8, 4.18, 4.63, 5.43, 6.31, 6.58, 6.4, 6.45, 6.9, 7.152, 7.258, 8.014, 8.664, 8.597, 8.525, 8.163, 8.66, 9.246, 9.739, 10.773, 10.709, 10.083, 10.203, 10.955, 11.446, 11.46, 11.699, 11.666, 12.062, 12.142, 12.016, 11.766, 11.843, 12.105, 12.778, 12.904, 12.597, 12.972, 13.32, 12.67, 11.421, 10.681, 10.092, 10.243, 10.62, 10.162, 9.18, 9.508, 9.941, 10.399, 10.536, 10.27, 10.113, 8.408, 7.289, 6.621, 5.94, 5.197, 4.326, 4.128, 3.414, 3.517], [0.97, 0.89, 0.66, 0, 1.1, 1.54, 1.82, 2.64, 3.11, 2.946, 2.724, 2.32, 2.69, 2.88, 3.25, 3.01, 3.21, 3.72, 3.5, 3.57, 3.3, 2.87, 3.29, 3.89, 3.96, 4.42, 4.83, 5.61, 6.53, 6.72, 6.56, 6.51, 6.92, 6.95, 7.05, 7.78, 8.444, 8.357, 8.285, 7.898, 8.42, 8.986, 9.459, 10.473, 10.432, 9.797, 9.924, 10.658, 11.175, 11.186, 11.428, 11.39, 11.785, 11.868, 11.74, 11.486, 11.554, 11.814, 12.481, 12.601, 12.297, 12.686, 13.028, 12.384, 11.14, 10.38, 9.805, 9.954, 10.332, 9.864, 8.892, 9.212, 9.635, 10.114, 10.253, 9.979, 9.816, 8.107, 6.933, 6.299, 5.623, 4.856, 3.98, 3.822, 3.04, 3.117], [1.29, 1.33, 1.3, 1.1, 0, 1.12, 1.72, 2.54, 2.97, 2.829, 2.584, 2.12, 2.45, 2.68, 3.13, 2.79, 2.95, 3.4, 3.28, 3.27, 3.08, 2.67, 3.13, 3.71, 3.78, 4.14, 4.47, 5.27, 6.41, 6.52, 6.24, 6.33, 6.86, 7.07, 7.07, 7.74, 8.407, 8.334, 8.245, 7.878, 8.398, 8.993, 9.454, 10.514, 10.441, 9.817, 9.947, 10.672, 11.181, 11.189, 11.428, 11.392, 11.788, 11.856, 11.742, 11.504, 11.595, 11.857, 12.522, 12.63, 12.323, 12.701, 13.046, 12.402, 11.15, 10.418, 9.812, 9.961, 10.347, 9.894, 8.907, 9.214, 9.661, 10.117, 10.283, 9.988, 9.825, 8.187, 6.956, 6.385, 5.729, 5.005, 4.059, 3.923, 3.252, 3.209], [1.33, 1.43, 1.5, 1.54, 1.12, 0, 1.04, 1.94, 2.45, 2.183, 2.05, 1.74, 2.15, 2.3, 3.17, 2.87, 2.99, 3.34, 3.3, 3.47, 3.38, 2.95, 3.33, 4.09, 3.82, 4.06, 4.59, 5.39, 6.49, 6.42, 6.0, 6.33, 7.14, 7.53, 7.538, 8.223, 8.916, 8.831, 8.762, 8.412, 8.932, 9.521, 10.059, 11.082, 10.992, 10.369, 10.501, 11.241, 11.726, 11.726, 11.982, 11.941, 12.334, 12.411, 12.294, 12.053, 12.132, 12.4, 13.073, 13.193, 12.9, 13.27, 13.62, 12.968, 11.704, 10.981, 10.381, 10.535, 10.921, 10.46, 9.484, 9.817, 10.264, 10.694, 10.86, 10.583, 10.435, 8.777, 7.645, 7.006, 6.325, 5.644, 4.539, 4.49, 3.749, 3.709], [1.41, 1.41, 1.62, 1.82, 1.72, 1.04, 0, 1.18, 1.71, 1.52, 1.57, 1.5, 1.79, 2.06, 2.93, 2.59, 2.67, 3.04, 3.1, 3.31, 3.16, 2.83, 3.19, 3.87, 3.7, 3.86, 4.45, 5.05, 6.09, 6.06, 5.78, 6.17, 7.112, 7.549, 7.549, 8.288, 9.019, 8.946, 8.85, 8.538, 9.069, 9.653, 10.168, 11.194, 11.098, 10.487, 10.634, 11.356, 11.832, 11.828, 12.073, 12.012, 12.431, 12.517, 12.391, 12.17, 12.247, 12.532, 13.211, 13.348, 13.061, 13.433, 13.758, 13.126, 11.864, 11.142, 10.538, 10.695, 11.073, 10.605, 9.668, 9.995, 10.427, 10.881, 11.036, 10.747, 10.619, 8.935, 7.833, 7.219, 6.518, 5.861, 5.111, 4.982, 4.232, 4.146], [2.05, 2.03, 2.28, 2.64, 2.54, 1.94, 1.18, 0, 1.15, 0.94, 1.13, 1.24, 1.27, 1.4, 2.33, 2.13, 2.09, 2.68, 2.96, 3.15, 2.96, 2.93, 3.11, 3.63, 3.32, 3.34, 3.93, 4.475, 5.663, 5.74, 5.44, 5.85, 6.843, 7.295, 7.312, 8.034, 8.764, 8.717, 8.616, 8.287, 8.827, 9.435, 9.933, 10.945, 10.843, 10.212, 10.362, 11.107, 11.566, 11.56, 11.813, 11.755, 12.18, 12.263, 12.123, 11.908, 11.978, 12.269, 12.94, 13.109, 12.822, 13.176, 13.498, 12.854, 11.637, 10.9, 10.325, 10.485, 10.848, 10.384, 9.481, 9.815, 10.23, 10.662, 10.834, 10.586, 10.426, 8.768, 7.631, 7.064, 6.31, 5.774, 5.218, 5.132, 4.964, 5.064], [2.36, 2.46, 2.67, 3.11, 2.97, 2.45, 1.71, 1.15, 0, 0.89, 1.34, 1.59, 1.42, 1.35, 2.34, 2.24, 2.16, 2.43, 2.69, 2.98, 2.77, 2.88, 3.1, 3.6, 3.31, 3.27, 3.8, 4.38, 5.522, 5.59, 5.27, 5.76, 6.753, 7.166, 7.188, 7.919, 8.609, 8.576, 8.455, 8.111, 8.675, 9.271, 9.802, 10.784, 10.663, 10.046, 10.189, 10.946, 11.42, 11.408, 11.618, 11.577, 12.002, 12.079, 11.956, 11.729, 11.8, 12.089, 12.759, 12.905, 12.612, 12.981, 13.303, 12.662, 11.426, 10.74, 10.111, 10.291, 10.705, 10.379, 9.482, 9.69, 10.061, 10.435, 10.6, 10.341, 10.196, 8.611, 8.049, 7.464, 6.691, 6.238, 5.787, 5.325, 5.291, 5.394], [2.23, 2.27, 2.48, 2.946, 2.829, 2.183, 1.52, 0.94, 0.89, 0, 0.89, 1.38, 1.35, 1.44, 2.53, 2.33, 2.404, 2.911, 3.14, 3.333, 3.189, 3.13, 3.33, 3.83, 3.54, 3.54, 4.13, 4.704, 5.901, 5.982, 5.74, 6.147, 7.069, 7.53, 7.555, 8.315, 9.008, 8.955, 8.874, 8.521, 9.07, 9.685, 10.209, 11.18, 11.084, 10.47, 10.608, 11.348, 11.816, 11.809, 12.048, 12.004, 12.426, 12.506, 12.38, 12.159, 12.23, 12.513, 13.186, 13.329, 13.036, 13.408, 13.739, 13.095, 11.845, 11.131, 10.528, 10.699, 11.068, 10.612, 9.69, 10.007, 10.471, 10.87, 11.031, 10.767, 10.617, 9.004, 8.147, 7.532, 6.77, 6.181, 5.564, 5.308, 5.255, 5.318], [2.02, 2.02, 2.27, 2.724, 2.584, 2.05, 1.57, 1.13, 1.34, 0.89, 0, 1.11, 1.18, 1.45, 2.6, 2.42, 2.574, 2.958, 3.27, 3.468, 3.284, 3.162, 3.18, 3.86, 3.45, 3.43, 4.157, 4.891, 6.231, 6.41, 6.17, 6.56, 7.436, 7.874, 7.923, 8.633, 9.326, 9.253, 9.169, 8.817, 9.357, 9.977, 10.489, 11.475, 11.385, 10.745, 10.877, 11.62, 12.1, 12.099, 12.369, 12.311, 12.71, 12.787, 12.67, 12.432, 12.508, 12.785, 13.458, 13.592, 13.308, 13.671, 14.005, 13.356, 12.117, 11.392, 10.785, 10.949, 11.317, 10.864, 9.955, 10.289, 10.71, 11.117, 11.292, 11.023, 10.884, 9.254, 8.256, 7.633, 6.88, 6.234, 5.637, 5.459, 5.196, 5.259], [1.73, 1.77, 1.94, 2.32, 2.12, 1.74, 1.5, 1.24, 1.59, 1.38, 1.11, 0, 0.69, 1.12, 2.05, 1.85, 2.05, 2.4, 2.7, 2.85, 2.606, 2.41, 2.63, 3.07, 2.9, 3.0, 3.61, 4.444, 5.75, 6.04, 5.92, 6.17, 7.0, 7.361, 7.407, 8.063, 8.721, 8.671, 8.583, 8.213, 8.758, 9.375, 9.871, 10.839, 10.764, 10.129, 10.256, 10.97, 11.489, 11.512, 11.749, 11.707, 12.105, 12.174, 12.06, 11.815, 11.892, 12.151, 12.816, 12.93, 12.646, 13.009, 13.363, 12.711, 11.443, 10.721, 10.114, 10.269, 10.652, 10.217, 9.232, 9.611, 10.044, 10.416, 10.583, 10.331, 10.186, 8.546, 7.617, 6.926, 6.236, 5.566, 5.032, 4.892, 4.498, 4.558], [2.08, 2.08, 2.29, 2.69, 2.45, 2.15, 1.79, 1.27, 1.42, 1.35, 1.18, 0.69, 0, 0.87, 1.72, 1.66, 1.74, 2.17, 2.53, 2.68, 2.43, 2.34, 2.52, 3.0, 2.75, 2.75, 3.42, 4.114, 5.46, 5.79, 5.73, 5.96, 6.71, 7.051, 7.097, 7.784, 8.451, 8.381, 8.313, 7.934, 8.468, 9.085, 9.595, 10.569, 10.508, 9.882, 10.011, 10.737, 11.236, 11.25, 11.487, 11.448, 11.846, 11.924, 11.807, 11.568, 11.642, 11.907, 12.583, 12.697, 12.413, 12.785, 13.13, 12.481, 11.216, 10.491, 9.89, 10.042, 10.425, 10.001, 9.025, 9.4, 9.844, 10.206, 10.364, 10.105, 9.959, 8.371, 7.506, 6.816, 6.102, 5.565, 5.165, 4.985, 4.808, 4.894], [2.33, 2.31, 2.48, 2.88, 2.68, 2.3, 2.06, 1.4, 1.35, 1.44, 1.45, 1.12, 0.87, 0, 1.51, 1.73, 1.75, 2.22, 2.6, 2.67, 2.5, 2.55, 2.69, 3.19, 2.92, 2.9, 3.33, 4.164, 5.41, 5.76, 5.62, 5.91, 6.7, 7.001, 7.047, 7.772, 8.419, 8.349, 8.268, 7.907, 8.419, 9.004, 9.525, 10.545, 10.458, 9.841, 9.973, 10.724, 11.21, 11.209, 11.446, 11.41, 11.803, 11.88, 11.763, 11.528, 11.604, 11.878, 12.548, 12.676, 12.386, 12.756, 13.095, 12.451, 11.187, 10.47, 9.864, 10.021, 10.407, 10.054, 9.092, 9.321, 9.759, 10.168, 10.335, 10.075, 9.903, 8.278, 7.614, 7.008, 6.315, 5.723, 5.292, 4.995, 5.029, 5.115], [2.88, 2.82, 2.95, 3.25, 3.13, 3.17, 2.93, 2.33, 2.34, 2.53, 2.6, 2.05, 1.72, 1.51, 0, 0.96, 1.18, 1.47, 1.81, 1.76, 1.83, 2.14, 2.08, 2.46, 2.47, 2.51, 2.66, 3.18, 4.2, 4.71, 4.69, 4.94, 5.55, 5.74, 5.717, 6.499, 7.196, 7.102, 6.948, 6.61, 7.156, 7.761, 8.245, 9.251, 9.178, 8.544, 8.685, 9.412, 9.892, 9.891, 10.116, 10.086, 10.508, 10.577, 10.468, 10.233, 10.315, 10.598, 11.268, 11.408, 11.116, 11.47, 11.795, 11.148, 9.928, 9.205, 8.599, 8.761, 9.175, 8.864, 7.925, 8.134, 8.541, 8.942, 9.125, 8.883, 8.725, 7.489, 6.832, 6.53, 5.755, 5.674, 5.585, 5.386, 5.488, 5.534], [2.66, 2.62, 2.73, 3.01, 2.79, 2.87, 2.59, 2.13, 2.24, 2.33, 2.42, 1.85, 1.66, 1.73, 0.96, 0, 0.86, 1.33, 1.79, 1.66, 1.67, 1.86, 1.96, 2.4, 2.268, 2.47, 2.54, 3.18, 4.18, 4.63, 4.59, 4.84, 5.59, 5.703, 5.726, 6.505, 7.259, 7.148, 6.916, 6.636, 7.15, 7.787, 8.237, 9.243, 9.16, 8.538, 8.685, 9.41, 9.893, 9.877, 10.093, 10.069, 10.494, 10.574, 10.446, 10.236, 10.341, 10.592, 11.283, 11.449, 11.142, 11.502, 11.818, 11.166, 9.966, 9.232, 8.687, 8.842, 9.251, 8.687, 7.83, 8.181, 8.609, 9.079, 9.259, 8.973, 8.896, 7.653, 6.668, 6.279, 5.601, 5.531, 5.423, 5.189, 5.256, 5.305], [2.78, 2.74, 2.93, 3.21, 2.95, 2.99, 2.67, 2.09, 2.16, 2.404, 2.574, 2.05, 1.74, 1.75, 1.18, 0.86, 0, 1.09, 1.53, 1.42, 1.49, 1.86, 1.98, 2.28, 2.31, 2.41, 2.44, 2.9, 3.92, 4.35, 4.37, 4.7, 5.43, 5.54, 5.563, 6.453, 7.132, 7.022, 6.779, 6.461, 7.024, 7.664, 8.145, 9.129, 9.038, 8.39, 8.528, 9.265, 9.741, 9.723, 9.945, 9.927, 10.343, 10.423, 10.291, 10.088, 10.184, 10.45, 11.129, 11.291, 10.985, 11.345, 11.676, 11.02, 9.811, 9.085, 8.561, 8.707, 9.184, 8.571, 7.741, 8.084, 8.528, 8.893, 9.101, 8.724, 8.664, 7.576, 6.845, 6.274, 5.709, 5.605, 5.434, 5.166, 5.319, 5.405], [3.31, 3.31, 3.46, 3.72, 3.4, 3.34, 3.04, 2.68, 2.43, 2.911, 2.958, 2.4, 2.17, 2.22, 1.47, 1.33, 1.09, 0, 0.9, 1.09, 1.38, 1.79, 1.57, 1.97, 2.0, 1.98, 1.99, 2.35, 3.51, 3.9, 3.96, 4.41, 5.12, 5.23, 5.25, 6.1, 6.759, 6.687, 6.44, 6.054, 6.626, 7.248, 7.744, 8.71, 8.659, 7.974, 8.081, 8.821, 9.297, 9.287, 9.51, 9.48, 9.893, 9.964, 9.85, 9.674, 9.754, 9.974, 10.65, 10.83, 10.621, 10.923, 11.242, 10.576, 9.409, 8.707, 8.164, 8.298, 8.757, 8.352, 7.476, 7.825, 8.25, 8.483, 8.723, 8.512, 8.38, 7.633, 7.281, 6.869, 6.242, 6.235, 6.098, 5.813, 5.843, 5.892], [3.17, 3.31, 3.44, 3.5, 3.28, 3.3, 3.1, 2.96, 2.69, 3.14, 3.27, 2.7, 2.53, 2.6, 1.81, 1.79, 1.53, 0.9, 0, 0.99, 1.18, 1.57, 1.61, 1.99, 2.06, 2.08, 1.95, 2.55, 3.57, 3.7, 3.72, 4.15, 4.82, 5.047, 5.044, 5.9, 6.573, 6.5, 6.3, 5.834, 6.459, 7.054, 7.541, 8.504, 8.436, 7.765, 7.854, 8.641, 9.108, 9.073, 9.307, 9.28, 9.713, 9.761, 9.67, 9.449, 9.488, 9.782, 10.456, 10.596, 10.384, 10.672, 10.968, 10.348, 9.123, 8.449, 7.84, 8.061, 8.58, 8.234, 7.313, 7.65, 7.876, 8.248, 8.566, 8.377, 8.288, 7.606, 7.172, 6.707, 6.079, 6.049, 5.915, 5.61, 5.603, 5.666], [3.32, 3.4, 3.53, 3.57, 3.27, 3.47, 3.31, 3.15, 2.98, 3.333, 3.468, 2.85, 2.68, 2.67, 1.76, 1.66, 1.42, 1.09, 0.99, 0, 0.87, 1.36, 1.44, 1.68, 1.73, 1.83, 1.86, 2.44, 3.52, 3.75, 3.77, 4.1, 4.77, 4.92, 4.9, 5.765, 6.469, 6.376, 6.07, 5.749, 6.384, 6.95, 7.345, 8.314, 8.186, 7.538, 7.685, 8.437, 8.907, 8.846, 9.079, 9.064, 9.472, 9.54, 9.426, 9.19, 9.301, 9.604, 10.304, 10.509, 10.236, 10.469, 10.782, 10.175, 8.946, 8.243, 7.786, 8.003, 8.36, 7.837, 7.02, 7.462, 7.951, 8.45, 8.69, 8.456, 8.424, 7.53, 7.042, 6.591, 5.944, 5.919, 5.785, 5.52, 5.57, 5.599], [3.21, 3.23, 3.28, 3.3, 3.08, 3.38, 3.16, 2.96, 2.77, 3.189, 3.284, 2.606, 2.43, 2.5, 1.83, 1.67, 1.49, 1.38, 1.18, 0.87, 0, 0.85, 1.41, 1.65, 1.62, 1.98, 2.19, 2.77, 3.93, 4.3, 4.26, 4.45, 4.98, 5.15, 5.15, 5.9, 6.59, 6.52, 6.309, 5.939, 6.579, 7.1, 7.512, 8.461, 8.342, 7.719, 7.906, 8.611, 9.093, 9.084, 9.324, 9.305, 9.701, 9.77, 9.644, 9.42, 9.488, 9.773, 10.485, 10.644, 10.389, 10.701, 10.997, 10.388, 9.158, 8.435, 7.897, 8.1, 8.391, 7.928, 7.116, 7.523, 7.995, 8.448, 8.668, 8.471, 8.388, 7.345, 6.689, 6.198, 5.585, 5.509, 5.372, 5.104, 5.063, 5.109], [2.86, 2.86, 2.91, 2.87, 2.67, 2.95, 2.83, 2.93, 2.88, 3.13, 3.162, 2.41, 2.34, 2.55, 2.14, 1.86, 1.86, 1.79, 1.57, 1.36, 0.85, 0, 1.02, 1.38, 1.43, 1.97, 2.34, 3.12, 4.42, 4.81, 4.75, 4.88, 5.49, 5.56, 5.6, 6.25, 6.98, 6.85, 6.693, 6.346, 6.969, 7.46, 7.879, 8.787, 8.737, 8.126, 8.32, 9.021, 9.497, 9.471, 9.708, 9.678, 10.071, 10.154, 10.025, 9.813, 9.871, 10.166, 10.915, 11.048, 10.824, 11.145, 11.407, 10.78, 9.579, 8.872, 8.325, 8.519, 8.81, 8.27, 7.567, 7.925, 8.374, 8.835, 9.064, 8.821, 8.707, 7.529, 6.821, 6.29, 5.694, 5.499, 5.356, 5.102, 4.779, 4.85], [3.26, 3.14, 3.19, 3.29, 3.13, 3.33, 3.19, 3.11, 3.1, 3.33, 3.18, 2.63, 2.52, 2.69, 2.08, 1.96, 1.98, 1.57, 1.61, 1.44, 1.41, 1.02, 0, 1.1, 0.97, 1.37, 1.82, 2.82, 4.3, 4.81, 4.83, 5.22, 5.81, 5.74, 5.82, 6.53, 7.22, 7.15, 6.81, 6.5, 7.129, 7.69, 8.005, 8.977, 8.88, 8.264, 8.449, 9.162, 9.65, 9.597, 9.837, 9.801, 10.218, 10.286, 10.154, 9.933, 10.004, 10.307, 11.032, 11.214, 10.896, 11.231, 11.501, 10.915, 9.729, 8.966, 8.494, 8.677, 9.03, 8.501, 7.68, 8.119, 8.574, 9.044, 9.287, 9.033, 8.958, 8.087, 7.527, 6.993, 6.417, 6.222, 6.079, 5.776, 5.43, 5.504], [3.88, 3.8, 3.81, 3.89, 3.71, 4.09, 3.87, 3.63, 3.6, 3.83, 3.86, 3.07, 3.0, 3.19, 2.46, 2.4, 2.28, 1.97, 1.99, 1.68, 1.65, 1.38, 1.1, 0, 1.03, 1.43, 1.54, 2.58, 3.94, 4.55, 4.75, 5.12, 5.67, 5.48, 5.58, 6.29, 6.82, 6.67, 6.13, 5.92, 6.52, 7.084, 7.454, 8.437, 8.263, 7.567, 7.669, 8.426, 8.931, 8.812, 9.046, 9.014, 9.395, 9.478, 9.372, 9.154, 9.361, 9.619, 10.395, 10.58, 10.31, 10.537, 10.765, 10.184, 9.116, 8.46, 7.97, 8.156, 8.579, 7.928, 7.33, 7.792, 8.28, 8.545, 8.811, 8.537, 8.525, 8.071, 7.461, 6.927, 6.37, 6.168, 6.025, 5.725, 5.476, 5.542], [3.89, 3.75, 3.8, 3.96, 3.78, 3.82, 3.7, 3.32, 3.31, 3.54, 3.45, 2.9, 2.75, 2.92, 2.47, 2.268, 2.31, 2.0, 2.06, 1.73, 1.62, 1.43, 0.97, 1.03, 0, 0.94, 1.31, 2.53, 4.07, 4.56, 4.7, 5.13, 5.66, 5.71, 5.83, 6.52, 7.09, 6.96, 6.48, 6.302, 6.945, 7.482, 7.798, 8.795, 8.482, 7.926, 8.165, 8.893, 9.335, 9.226, 9.404, 9.34, 9.808, 9.937, 9.789, 9.579, 9.729, 10.089, 10.871, 11.131, 10.901, 11.111, 11.227, 10.703, 9.626, 8.912, 8.459, 8.737, 9.039, 8.304, 7.786, 8.377, 8.864, 9.143, 9.401, 9.155, 9.106, 8.442, 7.808, 7.252, 6.681, 6.504, 6.344, 6.038, 5.789, 5.852], [4.23, 4.11, 4.18, 4.42, 4.14, 4.06, 3.86, 3.34, 3.27, 3.54, 3.43, 3.0, 2.75, 2.9, 2.51, 2.47, 2.41, 1.98, 2.08, 1.83, 1.98, 1.97, 1.37, 1.43, 0.94, 0, 1.09, 2.27, 3.83, 4.24, 4.34, 4.79, 5.46, 5.51, 5.63, 6.36, 7.01, 6.88, 6.426, 6.262, 6.923, 7.402, 7.858, 8.85, 8.65, 8.015, 8.199, 8.945, 9.401, 9.368, 9.541, 9.532, 9.931, 10.008, 9.883, 9.682, 9.821, 10.147, 10.929, 11.247, 11.023, 11.163, 11.305, 10.777, 9.676, 9.041, 8.666, 8.983, 9.183, 8.484, 8.097, 8.645, 9.144, 9.37, 9.639, 9.45, 9.35, 8.841, 8.335, 7.821, 7.225, 7.104, 6.947, 6.644, 6.429, 6.469], [4.68, 4.58, 4.63, 4.83, 4.47, 4.59, 4.45, 3.93, 3.8, 4.13, 4.157, 3.61, 3.42, 3.33, 2.66, 2.54, 2.44, 1.99, 1.95, 1.86, 2.19, 2.34, 1.82, 1.54, 1.31, 1.09, 0, 1.72, 3.1, 3.57, 3.85, 4.32, 4.87, 4.92, 5.02, 5.75, 6.36, 6.25, 5.676, 5.549, 6.232, 6.692, 7.088, 8.103, 7.807, 7.27, 7.403, 8.135, 8.585, 8.453, 8.612, 8.573, 9.031, 9.145, 8.994, 8.866, 9.07, 9.414, 10.227, 10.451, 10.339, 10.37, 10.508, 10.055, 8.941, 8.39, 8.139, 8.459, 8.639, 8.057, 7.812, 8.238, 8.636, 8.8, 9.087, 8.898, 8.849, 8.631, 8.188, 7.694, 7.084, 7.02, 6.88, 6.575, 6.639, 6.691], [5.38, 5.3, 5.43, 5.61, 5.27, 5.39, 5.05, 4.475, 4.38, 4.704, 4.891, 4.444, 4.114, 4.164, 3.18, 3.18, 2.9, 2.35, 2.55, 2.44, 2.77, 3.12, 2.82, 2.58, 2.53, 2.27, 1.72, 0, 1.72, 2.23, 2.47, 2.92, 3.49, 3.6, 3.8, 4.55, 5.232, 5.042, 4.637, 4.613, 5.185, 5.714, 6.142, 7.054, 6.855, 6.325, 6.557, 7.307, 7.865, 7.69, 7.825, 7.819, 8.218, 8.179, 8.056, 7.985, 8.155, 8.429, 9.246, 9.696, 9.728, 9.567, 9.596, 9.249, 8.647, 8.273, 8.058, 8.398, 8.641, 8.241, 8.152, 8.403, 8.577, 8.548, 8.887, 8.63, 8.708, 8.813, 8.634, 8.26, 7.662, 7.669, 7.618, 7.421, 7.579, 7.645], [6.16, 6.16, 6.31, 6.53, 6.41, 6.49, 6.09, 5.663, 5.522, 5.901, 6.231, 5.75, 5.46, 5.41, 4.2, 4.18, 3.92, 3.51, 3.57, 3.52, 3.93, 4.42, 4.3, 3.94, 4.07, 3.83, 3.1, 1.72, 0, 1.11, 1.61, 1.84, 2.41, 2.74, 3.1, 3.888, 4.39, 4.057, 3.841, 4.129, 4.675, 5.07, 5.533, 6.012, 5.888, 5.597, 6.327, 6.964, 7.325, 7.008, 6.833, 7.086, 7.319, 7.153, 7.007, 7.145, 7.555, 7.7, 8.51, 9.327, 9.255, 9.024, 8.863, 8.885, 8.602, 8.321, 8.244, 8.596, 8.851, 8.593, 8.581, 8.672, 8.789, 8.715, 8.874, 8.68, 8.883, 9.145, 9.211, 8.942, 8.447, 8.461, 8.458, 8.283, 8.565, 8.668], [6.17, 6.37, 6.58, 6.72, 6.52, 6.42, 6.06, 5.74, 5.59, 5.982, 6.41, 6.04, 5.79, 5.76, 4.71, 4.63, 4.35, 3.9, 3.7, 3.75, 4.3, 4.81, 4.81, 4.55, 4.56, 4.24, 3.57, 2.23, 1.11, 0, 1.0, 1.25, 2.053, 2.684, 3.031, 3.88, 4.352, 4.054, 3.855, 4.107, 4.595, 5.086, 5.496, 5.999, 5.829, 5.558, 6.308, 7.027, 7.38, 6.998, 6.979, 7.252, 7.431, 7.301, 7.119, 7.145, 7.617, 7.734, 8.544, 9.397, 9.281, 9.065, 8.96, 9.002, 8.609, 8.278, 8.177, 8.503, 8.757, 8.466, 8.517, 8.657, 8.725, 8.67, 8.849, 8.607, 8.79, 9.064, 9.164, 8.915, 8.483, 8.533, 8.513, 8.376, 8.718, 8.821], [6.03, 6.27, 6.4, 6.56, 6.24, 6.0, 5.78, 5.44, 5.27, 5.74, 6.17, 5.92, 5.73, 5.62, 4.69, 4.59, 4.37, 3.96, 3.72, 3.77, 4.26, 4.75, 4.83, 4.75, 4.7, 4.34, 3.85, 2.47, 1.61, 1.0, 0, 1.03, 2.067, 2.79, 3.12, 3.951, 4.454, 4.16, 4.094, 4.187, 4.675, 5.101, 5.631, 6.199, 5.976, 5.669, 6.473, 7.239, 7.609, 7.263, 7.229, 7.409, 7.699, 7.629, 7.49, 7.539, 7.719, 7.972, 8.785, 9.485, 9.412, 9.344, 9.235, 9.118, 8.72, 8.249, 8.043, 8.357, 8.554, 8.334, 8.471, 8.685, 8.713, 8.564, 8.84, 8.615, 8.664, 8.835, 8.861, 8.609, 8.138, 8.188, 8.168, 8.028, 8.364, 8.467], [6.14, 6.38, 6.45, 6.51, 6.33, 6.33, 6.17, 5.85, 5.76, 6.147, 6.56, 6.17, 5.96, 5.91, 4.94, 4.84, 4.7, 4.41, 4.15, 4.1, 4.45, 4.88, 5.22, 5.12, 5.13, 4.79, 4.32, 2.92, 1.84, 1.25, 1.03, 0, 1.35, 2.151, 2.611, 3.264, 3.806, 3.489, 3.536, 3.649, 4.131, 4.533, 5.017, 5.561, 5.423, 5.048, 5.915, 6.706, 7.142, 6.865, 6.796, 6.97, 7.244, 7.132, 7.0, 6.969, 7.229, 7.436, 8.25, 8.923, 8.888, 8.78, 8.717, 8.568, 8.096, 7.648, 7.522, 7.824, 7.95, 7.899, 8.132, 8.275, 8.215, 8.023, 8.156, 8.02, 8.108, 8.239, 8.337, 8.108, 7.731, 7.781, 7.761, 7.664, 8.06, 8.18], [6.81, 6.97, 6.9, 6.92, 6.86, 7.14, 7.112, 6.843, 6.753, 7.069, 7.436, 7.0, 6.71, 6.7, 5.55, 5.59, 5.43, 5.12, 4.82, 4.77, 4.98, 5.49, 5.81, 5.67, 5.66, 5.46, 4.87, 3.49, 2.41, 2.053, 2.067, 1.35, 0, 1.15, 1.59, 2.24, 2.825, 2.495, 2.495, 2.61, 3.101, 3.52, 3.989, 4.61, 4.355, 4.142, 4.972, 5.691, 6.067, 5.682, 5.66, 5.836, 6.094, 6.054, 5.874, 5.902, 6.144, 6.404, 7.238, 7.922, 7.828, 7.731, 7.665, 7.604, 7.156, 6.762, 6.682, 6.951, 7.071, 7.074, 7.372, 7.515, 7.389, 7.151, 7.216, 7.12, 7.241, 7.462, 7.562, 7.365, 6.981, 7.031, 7.072, 7.009, 7.522, 7.633], [7.205, 7.322, 7.152, 6.95, 7.07, 7.53, 7.549, 7.295, 7.166, 7.53, 7.874, 7.361, 7.051, 7.001, 5.74, 5.703, 5.54, 5.23, 5.047, 4.92, 5.15, 5.56, 5.74, 5.48, 5.71, 5.51, 4.92, 3.6, 2.74, 2.684, 2.79, 2.151, 1.15, 0, 0.78, 1.47, 2.04, 1.83, 1.69, 1.7, 2.179, 2.753, 3.167, 3.917, 3.86, 3.535, 4.125, 4.853, 5.406, 5.132, 5.104, 5.236, 5.463, 5.411, 5.248, 5.143, 5.416, 5.538, 6.298, 6.926, 6.91, 6.765, 6.825, 6.559, 6.286, 5.902, 5.835, 6.098, 6.338, 6.164, 6.425, 6.605, 6.482, 6.281, 6.386, 6.204, 6.365, 6.715, 6.792, 6.655, 6.331, 6.381, 6.542, 6.479, 7.072, 7.197], [7.268, 7.428, 7.258, 7.05, 7.07, 7.538, 7.549, 7.312, 7.188, 7.555, 7.923, 7.407, 7.097, 7.047, 5.717, 5.726, 5.563, 5.25, 5.044, 4.9, 5.15, 5.6, 5.82, 5.58, 5.83, 5.63, 5.02, 3.8, 3.1, 3.031, 3.12, 2.611, 1.59, 0.78, 0, 1.03, 1.78, 1.65, 1.49, 1.32, 1.979, 2.65, 3.13, 3.879, 3.796, 3.592, 3.922, 4.61, 5.226, 5.029, 4.923, 5.073, 5.28, 5.295, 5.152, 4.88, 5.073, 5.244, 5.975, 6.469, 6.387, 6.365, 6.482, 6.296, 5.926, 5.619, 5.461, 5.755, 5.975, 5.964, 6.102, 6.262, 6.134, 5.918, 6.006, 5.858, 6.022, 6.392, 6.489, 6.332, 6.091, 6.161, 6.422, 6.319, 6.932, 7.015], [8.03, 8.164, 8.014, 7.78, 7.74, 8.223, 8.288, 8.034, 7.919, 8.315, 8.633, 8.063, 7.784, 7.772, 6.499, 6.505, 6.453, 6.1, 5.9, 5.765, 5.9, 6.25, 6.53, 6.29, 6.52, 6.36, 5.75, 4.55, 3.888, 3.88, 3.951, 3.264, 2.24, 1.47, 1.03, 0, 0.95, 0.98, 1.2, 1.23, 1.69, 2.236, 2.445, 3.214, 3.204, 3.041, 3.402, 4.075, 4.705, 4.498, 4.316, 4.506, 4.673, 4.645, 4.453, 4.288, 4.446, 4.64, 5.308, 5.804, 5.797, 5.664, 5.815, 5.669, 5.438, 5.418, 5.491, 5.591, 5.728, 5.825, 6.198, 6.278, 6.058, 5.578, 5.444, 5.515, 5.712, 6.248, 6.265, 6.188, 6.101, 6.183, 6.672, 6.575, 7.17, 7.265], [8.714, 8.854, 8.664, 8.444, 8.407, 8.916, 9.019, 8.764, 8.609, 9.008, 9.326, 8.721, 8.451, 8.419, 7.196, 7.259, 7.132, 6.759, 6.573, 6.469, 6.59, 6.98, 7.22, 6.82, 7.09, 7.01, 6.36, 5.232, 4.39, 4.352, 4.454, 3.806, 2.825, 2.04, 1.78, 0.95, 0, 0.69, 1.09, 1.42, 1.7, 2.18, 2.261, 2.666, 2.614, 2.579, 3.161, 3.829, 4.362, 4.142, 3.835, 4.136, 4.263, 4.083, 4.001, 3.781, 4.076, 4.23, 4.773, 5.557, 5.503, 5.313, 5.326, 5.42, 5.251, 5.451, 5.581, 5.641, 5.778, 5.875, 6.268, 6.391, 6.131, 5.525, 5.339, 5.485, 5.702, 6.275, 6.295, 6.221, 6.16, 6.333, 6.842, 6.765, 7.4, 7.48], [8.627, 8.778, 8.597, 8.357, 8.334, 8.831, 8.946, 8.717, 8.576, 8.955, 9.253, 8.671, 8.381, 8.349, 7.102, 7.148, 7.022, 6.687, 6.5, 6.376, 6.52, 6.85, 7.15, 6.67, 6.96, 6.88, 6.25, 5.042, 4.057, 4.054, 4.16, 3.489, 2.495, 1.83, 1.65, 0.98, 0.69, 0, 0.98, 1.39, 1.69, 2.15, 2.368, 2.614, 2.581, 2.552, 3.328, 3.909, 4.422, 4.172, 3.896, 4.206, 4.31, 4.107, 3.968, 3.888, 4.18, 4.357, 4.968, 5.781, 5.73, 5.541, 5.504, 5.584, 5.378, 5.558, 5.748, 5.808, 5.945, 5.942, 6.415, 6.518, 6.258, 5.695, 5.466, 5.632, 5.829, 6.465, 6.462, 6.408, 6.341, 6.514, 7.0, 6.96, 7.53, 7.63], [8.558, 8.709, 8.525, 8.285, 8.245, 8.762, 8.85, 8.616, 8.455, 8.874, 9.169, 8.583, 8.313, 8.268, 6.948, 6.916, 6.779, 6.44, 6.3, 6.07, 6.309, 6.693, 6.81, 6.13, 6.48, 6.426, 5.676, 4.637, 3.841, 3.855, 4.094, 3.536, 2.495, 1.69, 1.49, 1.2, 1.09, 0.98, 0, 1.07, 1.55, 2.05, 2.16, 2.654, 2.549, 2.572, 3.061, 3.618, 4.188, 4.012, 3.759, 3.949, 4.09, 4.05, 3.876, 3.622, 4.006, 4.14, 4.934, 5.721, 5.569, 5.37, 5.281, 5.366, 5.281, 5.301, 5.574, 5.651, 5.828, 5.625, 6.058, 6.164, 5.984, 5.515, 5.478, 5.484, 5.772, 6.405, 6.425, 6.351, 6.304, 6.457, 6.812, 6.72, 7.325, 7.47], [8.19, 8.324, 8.163, 7.898, 7.878, 8.412, 8.538, 8.287, 8.111, 8.521, 8.817, 8.213, 7.934, 7.907, 6.61, 6.636, 6.461, 6.054, 5.834, 5.749, 5.939, 6.346, 6.5, 5.92, 6.302, 6.262, 5.549, 4.613, 4.129, 4.107, 4.187, 3.649, 2.61, 1.7, 1.32, 1.23, 1.42, 1.39, 1.07, 0, 0.86, 1.68, 2.11, 2.927, 2.792, 2.411, 2.732, 3.447, 4.036, 3.839, 3.795, 3.91, 4.211, 4.232, 4.032, 3.756, 3.941, 4.161, 4.855, 5.38, 5.31, 5.285, 5.382, 5.156, 4.716, 4.628, 4.681, 4.801, 5.038, 5.035, 5.385, 5.485, 5.265, 4.825, 4.871, 4.796, 5.022, 5.635, 5.655, 5.555, 5.471, 5.624, 5.95, 5.85, 6.48, 6.62], [8.716, 8.841, 8.66, 8.42, 8.398, 8.932, 9.069, 8.827, 8.675, 9.07, 9.357, 8.758, 8.468, 8.419, 7.156, 7.15, 7.024, 6.626, 6.459, 6.384, 6.579, 6.969, 7.129, 6.52, 6.945, 6.923, 6.232, 5.185, 4.675, 4.595, 4.675, 4.131, 3.101, 2.179, 1.979, 1.69, 1.7, 1.69, 1.55, 0.86, 0, 1.14, 1.69, 2.55, 2.58, 2.1, 2.35, 3.07, 3.56, 3.26, 3.372, 3.58, 3.83, 3.91, 3.73, 3.47, 3.66, 3.704, 4.403, 5.022, 4.957, 4.922, 5.05, 4.764, 4.327, 4.24, 4.33, 4.37, 4.63, 4.55, 4.94, 5.06, 4.86, 4.36, 4.36, 4.26, 4.44, 5.17, 5.19, 5.09, 5.02, 5.29, 5.77, 5.83, 6.64, 6.9], [9.273, 9.425, 9.246, 8.986, 8.993, 9.521, 9.653, 9.435, 9.271, 9.685, 9.977, 9.375, 9.085, 9.004, 7.761, 7.787, 7.664, 7.248, 7.054, 6.95, 7.1, 7.46, 7.69, 7.084, 7.482, 7.402, 6.692, 5.714, 5.07, 5.086, 5.101, 4.533, 3.52, 2.753, 2.65, 2.236, 2.18, 2.15, 2.05, 1.68, 1.14, 0, 1.19, 1.95, 2.1, 1.88, 2.03, 2.51, 2.9, 2.76, 2.83, 2.96, 3.23, 3.33, 3.13, 3.01, 3.1, 3.14, 3.95, 4.62, 4.73, 4.62, 4.54, 4.23, 4.02, 3.88, 4.05, 4.13, 4.37, 4.17, 4.66, 4.76, 4.56, 4.16, 4.04, 4.12, 4.26, 4.87, 4.89, 4.79, 4.72, 5.17, 5.89, 6.07, 6.96, 7.24], [9.786, 9.937, 9.739, 9.459, 9.454, 10.059, 10.168, 9.933, 9.802, 10.209, 10.489, 9.871, 9.595, 9.525, 8.245, 8.237, 8.145, 7.744, 7.541, 7.345, 7.512, 7.879, 8.005, 7.454, 7.798, 7.858, 7.088, 6.142, 5.533, 5.496, 5.631, 5.017, 3.989, 3.167, 3.13, 2.445, 2.261, 2.368, 2.16, 2.11, 1.69, 1.19, 0, 1.44, 1.41, 1.29, 1.42, 1.88, 2.35, 2.27, 2.2, 2.29, 2.58, 2.64, 2.52, 2.3, 2.53, 2.67, 3.48, 4.17, 4.16, 4.048, 3.97, 3.74, 3.57, 3.67, 3.94, 4.0, 4.16, 3.9, 4.51, 4.63, 4.43, 3.87, 3.65, 3.73, 3.97, 4.7, 4.7, 4.8, 5.07, 5.54, 6.46, 6.6, 7.47, 7.71], [10.806, 10.954, 10.773, 10.473, 10.514, 11.082, 11.194, 10.945, 10.784, 11.18, 11.475, 10.839, 10.569, 10.545, 9.251, 9.243, 9.129, 8.71, 8.504, 8.314, 8.461, 8.787, 8.977, 8.437, 8.795, 8.85, 8.103, 7.054, 6.012, 5.999, 6.199, 5.561, 4.61, 3.917, 3.879, 3.214, 2.666, 2.614, 2.654, 2.927, 2.55, 1.95, 1.44, 0, 1.17, 1.49, 2.02, 2.1, 2.49, 2.49, 2.2, 2.37, 2.3, 2.06, 1.94, 2.04, 2.33, 2.55, 3.12, 3.95, 4.02, 3.79, 3.71, 3.88, 4.21, 4.43, 4.78, 4.8, 4.9, 4.8, 5.41, 5.53, 5.39, 4.81, 4.41, 4.55, 4.61, 5.5, 5.54, 5.76, 5.97, 6.54, 7.4, 7.52, 8.39, 8.65], [10.773, 10.91, 10.709, 10.432, 10.441, 10.992, 11.098, 10.843, 10.663, 11.084, 11.385, 10.764, 10.508, 10.458, 9.178, 9.16, 9.038, 8.659, 8.436, 8.186, 8.342, 8.737, 8.88, 8.263, 8.482, 8.65, 7.807, 6.855, 5.888, 5.829, 5.976, 5.423, 4.355, 3.86, 3.796, 3.204, 2.614, 2.581, 2.549, 2.792, 2.58, 2.1, 1.41, 1.17, 0, 1.12, 1.83, 2.29, 2.6, 2.38, 1.95, 2.26, 2.33, 2.21, 2.03, 2.21, 2.6, 2.86, 3.57, 4.36, 4.23, 4.04, 3.9, 4.09, 4.12, 4.4, 4.75, 4.79, 4.95, 4.77, 5.32, 5.42, 5.28, 4.74, 4.42, 4.52, 4.68, 5.49, 5.49, 5.63, 5.9, 6.37, 7.21, 7.37, 8.2, 8.48], [10.144, 10.278, 10.083, 9.797, 9.817, 10.369, 10.487, 10.212, 10.046, 10.47, 10.745, 10.129, 9.882, 9.841, 8.544, 8.538, 8.39, 7.974, 7.765, 7.538, 7.719, 8.126, 8.264, 7.567, 7.926, 8.015, 7.27, 6.325, 5.597, 5.558, 5.669, 5.048, 4.142, 3.535, 3.592, 3.041, 2.579, 2.552, 2.572, 2.411, 2.1, 1.88, 1.29, 1.49, 1.12, 0, 1.23, 1.97, 2.38, 2.06, 2.01, 2.22, 2.45, 2.29, 2.11, 2.23, 2.48, 2.66, 3.49, 4.22, 4.15, 3.98, 3.92, 3.79, 3.62, 3.72, 4.07, 4.13, 4.31, 4.07, 4.54, 4.7, 4.54, 4.02, 3.92, 3.86, 4.02, 4.87, 4.85, 4.99, 5.32, 5.75, 6.53, 6.59, 7.4, 7.7], [10.28, 10.411, 10.203, 9.924, 9.947, 10.501, 10.634, 10.362, 10.189, 10.608, 10.877, 10.256, 10.011, 9.973, 8.685, 8.685, 8.528, 8.081, 7.854, 7.685, 7.906, 8.32, 8.449, 7.669, 8.165, 8.199, 7.403, 6.557, 6.327, 6.308, 6.473, 5.915, 4.972, 4.125, 3.922, 3.402, 3.161, 3.328, 3.061, 2.732, 2.35, 2.03, 1.42, 2.02, 1.83, 1.23, 0, 1.1, 1.57, 1.81, 1.96, 1.83, 2.18, 2.26, 2.18, 1.84, 1.93, 2.21, 2.9, 3.33, 3.54, 3.33, 3.27, 3.06, 2.87, 3.13, 3.44, 3.52, 3.74, 3.6, 3.99, 3.99, 3.95, 3.43, 3.23, 3.21, 3.45, 4.3, 4.34, 4.6, 5.03, 5.5, 6.52, 6.72, 7.53, 7.79], [11.002, 11.173, 10.955, 10.658, 10.672, 11.241, 11.356, 11.107, 10.946, 11.348, 11.62, 10.97, 10.737, 10.724, 9.412, 9.41, 9.265, 8.821, 8.641, 8.437, 8.611, 9.021, 9.162, 8.426, 8.893, 8.945, 8.135, 7.307, 6.964, 7.027, 7.239, 6.706, 5.691, 4.853, 4.61, 4.075, 3.829, 3.909, 3.618, 3.447, 3.07, 2.51, 1.88, 2.1, 2.29, 1.97, 1.1, 0, 0.93, 1.71, 1.8, 1.67, 1.84, 1.9, 1.82, 1.5, 1.39, 1.89, 2.42, 2.71, 2.82, 2.73, 2.81, 2.44, 2.57, 3.03, 3.4, 3.48, 3.62, 3.54, 4.09, 4.07, 3.95, 3.43, 3.11, 3.15, 3.33, 4.28, 4.5, 4.92, 5.51, 6.18, 7.32, 7.48, 8.31, 8.55], [11.508, 11.659, 11.446, 11.175, 11.181, 11.726, 11.832, 11.566, 11.42, 11.816, 12.1, 11.489, 11.236, 11.21, 9.892, 9.893, 9.741, 9.297, 9.108, 8.907, 9.093, 9.497, 9.65, 8.931, 9.335, 9.401, 8.585, 7.865, 7.325, 7.38, 7.609, 7.142, 6.067, 5.406, 5.226, 4.705, 4.362, 4.422, 4.188, 4.036, 3.56, 2.9, 2.35, 2.49, 2.6, 2.38, 1.57, 0.93, 0, 1.32, 1.67, 1.46, 1.65, 1.55, 1.51, 1.47, 1.46, 2.08, 2.57, 2.92, 3.21, 3.16, 3.06, 2.91, 2.86, 3.34, 3.71, 3.81, 3.93, 3.91, 4.5, 4.48, 4.28, 3.76, 3.44, 3.46, 3.68, 4.59, 4.99, 5.51, 6.1, 6.77, 7.87, 8.05, 8.86, 9.1], [11.516, 11.67, 11.46, 11.186, 11.189, 11.726, 11.828, 11.56, 11.408, 11.809, 12.099, 11.512, 11.25, 11.209, 9.891, 9.877, 9.723, 9.287, 9.073, 8.846, 9.084, 9.471, 9.597, 8.812, 9.226, 9.368, 8.453, 7.69, 7.008, 6.998, 7.263, 6.865, 5.682, 5.132, 5.029, 4.498, 4.142, 4.172, 4.012, 3.839, 3.26, 2.76, 2.27, 2.49, 2.38, 2.06, 1.81, 1.71, 1.32, 0, 0.93, 1.32, 1.61, 1.69, 1.53, 1.73, 1.82, 1.96, 2.71, 3.38, 3.45, 3.26, 3.12, 3.05, 2.92, 3.3, 3.71, 3.79, 3.89, 4.03, 4.68, 4.66, 4.32, 3.84, 3.68, 3.5, 3.82, 4.73, 5.23, 5.65, 6.16, 6.79, 7.883, 8.05, 8.88, 9.18], [11.755, 11.906, 11.699, 11.428, 11.428, 11.982, 12.073, 11.813, 11.618, 12.048, 12.369, 11.749, 11.487, 11.446, 10.116, 10.093, 9.945, 9.51, 9.307, 9.079, 9.324, 9.708, 9.837, 9.046, 9.404, 9.541, 8.612, 7.825, 6.833, 6.979, 7.229, 6.796, 5.66, 5.104, 4.923, 4.316, 3.835, 3.896, 3.759, 3.795, 3.372, 2.83, 2.2, 2.2, 1.95, 2.01, 1.96, 1.8, 1.67, 0.93, 0, 0.93, 1.3, 1.3, 1.3, 1.6, 1.75, 1.85, 2.64, 3.448, 3.48, 3.23, 3.03, 3.14, 3.29, 3.85, 4.22, 4.3, 4.44, 4.42, 5.07, 5.05, 4.79, 4.29, 4.05, 3.97, 4.25, 5.12, 5.54, 5.96, 6.43, 7.08, 8.08, 8.28, 9.13, 9.41], [11.722, 11.868, 11.666, 11.39, 11.392, 11.941, 12.012, 11.755, 11.577, 12.004, 12.311, 11.707, 11.448, 11.41, 10.086, 10.069, 9.927, 9.48, 9.28, 9.064, 9.305, 9.678, 9.801, 9.014, 9.34, 9.532, 8.573, 7.819, 7.086, 7.252, 7.409, 6.97, 5.836, 5.236, 5.073, 4.506, 4.136, 4.206, 3.949, 3.91, 3.58, 2.96, 2.29, 2.37, 2.26, 2.22, 1.83, 1.67, 1.46, 1.32, 0.93, 0, 0.91, 1.23, 1.35, 1.63, 1.74, 2.04, 2.65, 3.3, 3.53, 3.28, 3.06, 3.13, 3.38, 3.96, 4.35, 4.45, 4.53, 4.59, 5.2, 5.18, 4.94, 4.44, 4.12, 4.08, 4.36, 5.31, 5.67, 6.13, 6.56, 7.15, 8.07, 8.23, 9.04, 9.3], [12.121, 12.264, 12.062, 11.785, 11.788, 12.334, 12.431, 12.18, 12.002, 12.426, 12.71, 12.105, 11.846, 11.803, 10.508, 10.494, 10.343, 9.893, 9.713, 9.472, 9.701, 10.071, 10.218, 9.395, 9.808, 9.931, 9.031, 8.218, 7.319, 7.431, 7.699, 7.244, 6.094, 5.463, 5.28, 4.673, 4.263, 4.31, 4.09, 4.211, 3.83, 3.23, 2.58, 2.3, 2.33, 2.45, 2.18, 1.84, 1.65, 1.61, 1.3, 0.91, 0, 0.64, 0.96, 1.38, 1.59, 1.87, 2.44, 2.91, 3.32, 2.91, 2.83, 3.12, 3.63, 4.15, 4.56, 4.66, 4.68, 4.86, 5.47, 5.53, 5.23, 4.71, 4.37, 4.31, 4.63, 5.54, 5.92, 6.42, 6.95, 7.52, 8.44, 8.56, 9.39, 9.63], [12.189, 12.332, 12.142, 11.868, 11.856, 12.411, 12.517, 12.263, 12.079, 12.506, 12.787, 12.174, 11.924, 11.88, 10.577, 10.574, 10.423, 9.964, 9.761, 9.54, 9.77, 10.154, 10.286, 9.478, 9.937, 10.008, 9.145, 8.179, 7.153, 7.301, 7.629, 7.132, 6.054, 5.411, 5.295, 4.645, 4.083, 4.107, 4.05, 4.232, 3.91, 3.33, 2.64, 2.06, 2.21, 2.29, 2.26, 1.9, 1.55, 1.69, 1.3, 1.23, 0.64, 0, 0.78, 1.24, 1.57, 2.01, 2.56, 2.99, 3.38, 2.93, 2.91, 3.26, 3.69, 4.27, 4.68, 4.78, 4.82, 4.94, 5.53, 5.51, 5.29, 4.77, 4.47, 4.41, 4.71, 5.62, 6.0, 6.52, 7.05, 7.64, 8.54, 8.66, 9.49, 9.75], [12.075, 12.218, 12.016, 11.74, 11.742, 12.294, 12.391, 12.123, 11.956, 12.38, 12.67, 12.06, 11.807, 11.763, 10.468, 10.446, 10.291, 9.85, 9.67, 9.426, 9.644, 10.025, 10.154, 9.372, 9.789, 9.883, 8.994, 8.056, 7.007, 7.119, 7.49, 7.0, 5.874, 5.248, 5.152, 4.453, 4.001, 3.968, 3.876, 4.032, 3.73, 3.13, 2.52, 1.94, 2.03, 2.11, 2.18, 1.82, 1.51, 1.53, 1.3, 1.35, 0.96, 0.78, 0, 1.14, 1.53, 1.95, 2.54, 3.01, 3.3, 2.99, 2.95, 3.22, 3.61, 4.13, 4.54, 4.66, 4.68, 4.86, 5.49, 5.49, 5.19, 4.67, 4.37, 4.31, 4.63, 5.54, 5.9, 6.38, 6.91, 7.54, 8.44, 8.56, 9.37, 9.63], [11.834, 11.968, 11.766, 11.486, 11.504, 12.053, 12.17, 11.908, 11.729, 12.159, 12.432, 11.815, 11.568, 11.528, 10.233, 10.236, 10.088, 9.674, 9.449, 9.19, 9.42, 9.813, 9.933, 9.154, 9.579, 9.682, 8.866, 7.985, 7.145, 7.145, 7.539, 6.969, 5.902, 5.143, 4.88, 4.288, 3.781, 3.888, 3.622, 3.756, 3.47, 3.01, 2.3, 2.04, 2.21, 2.23, 1.84, 1.5, 1.47, 1.73, 1.6, 1.63, 1.38, 1.24, 1.14, 0, 0.95, 1.59, 2.12, 2.43, 2.64, 2.37, 2.37, 2.72, 3.01, 3.39, 3.78, 3.86, 3.9, 4.14, 4.81, 4.93, 4.47, 3.97, 3.61, 3.55, 3.89, 4.78, 5.2, 5.74, 6.33, 6.98, 8.051, 8.22, 9.03, 9.27], [11.907, 12.041, 11.843, 11.554, 11.595, 12.132, 12.247, 11.978, 11.8, 12.23, 12.508, 11.892, 11.642, 11.604, 10.315, 10.341, 10.184, 9.754, 9.488, 9.301, 9.488, 9.871, 10.004, 9.361, 9.729, 9.821, 9.07, 8.155, 7.555, 7.617, 7.719, 7.229, 6.144, 5.416, 5.073, 4.446, 4.076, 4.18, 4.006, 3.941, 3.66, 3.1, 2.53, 2.33, 2.6, 2.48, 1.93, 1.39, 1.46, 1.82, 1.75, 1.74, 1.59, 1.57, 1.53, 0.95, 0, 1.02, 1.55, 1.88, 2.15, 2.02, 2.02, 2.01, 2.42, 2.86, 3.33, 3.35, 3.41, 3.69, 4.44, 4.58, 4.0, 3.42, 3.14, 3.08, 3.4, 4.35, 4.97, 5.55, 6.24, 6.97, 8.103, 8.243, 8.996, 9.22], [12.17, 12.31, 12.105, 11.814, 11.857, 12.4, 12.532, 12.269, 12.089, 12.513, 12.785, 12.151, 11.907, 11.878, 10.598, 10.592, 10.45, 9.974, 9.782, 9.604, 9.773, 10.166, 10.307, 9.619, 10.089, 10.147, 9.414, 8.429, 7.7, 7.734, 7.972, 7.436, 6.404, 5.538, 5.244, 4.64, 4.23, 4.357, 4.14, 4.161, 3.704, 3.14, 2.67, 2.55, 2.86, 2.66, 2.21, 1.89, 2.08, 1.96, 1.85, 2.04, 1.87, 2.01, 1.95, 1.59, 1.02, 0, 1.07, 2.0, 2.35, 2.12, 1.82, 1.75, 2.58, 2.94, 3.47, 3.47, 3.57, 3.73, 4.52, 4.64, 4.12, 3.5, 3.3, 3.2, 3.5, 4.55, 5.21, 5.79, 6.46, 7.226, 8.339, 8.489, 9.262, 9.52], [12.84, 12.983, 12.778, 12.481, 12.522, 13.073, 13.211, 12.94, 12.759, 13.186, 13.458, 12.816, 12.583, 12.548, 11.268, 11.283, 11.129, 10.65, 10.456, 10.304, 10.485, 10.915, 11.032, 10.395, 10.871, 10.929, 10.227, 9.246, 8.51, 8.544, 8.785, 8.25, 7.238, 6.298, 5.975, 5.308, 4.773, 4.968, 4.934, 4.855, 4.403, 3.95, 3.48, 3.12, 3.57, 3.49, 2.9, 2.42, 2.57, 2.71, 2.64, 2.65, 2.44, 2.56, 2.54, 2.12, 1.55, 1.07, 0, 1.57, 1.94, 1.67, 1.37, 1.44, 2.31, 2.77, 3.3, 3.26, 3.26, 3.58, 4.37, 4.41, 3.87, 3.27, 2.99, 2.93, 3.27, 4.68, 5.74, 6.34, 7.09, 7.841, 8.986, 9.135, 9.899, 10.072], [12.96, 13.108, 12.904, 12.601, 12.63, 13.193, 13.348, 13.109, 12.905, 13.329, 13.592, 12.93, 12.697, 12.676, 11.408, 11.449, 11.291, 10.83, 10.596, 10.509, 10.644, 11.048, 11.214, 10.58, 11.131, 11.247, 10.451, 9.696, 9.327, 9.397, 9.485, 8.923, 7.922, 6.926, 6.469, 5.804, 5.557, 5.781, 5.721, 5.38, 5.022, 4.62, 4.17, 3.95, 4.36, 4.22, 3.33, 2.71, 2.92, 3.38, 3.448, 3.3, 2.91, 2.99, 3.01, 2.43, 1.88, 2.0, 1.57, 0, 0.97, 1.02, 1.32, 1.13, 1.94, 2.46, 2.95, 2.79, 2.59, 3.25, 4.1, 3.94, 3.3, 2.72, 2.54, 2.82, 2.98, 4.69, 5.79, 6.386, 7.133, 7.913, 9.063, 9.209, 9.993, 10.196], [12.682, 12.833, 12.597, 12.297, 12.323, 12.9, 13.061, 12.822, 12.612, 13.036, 13.308, 12.646, 12.413, 12.386, 11.116, 11.142, 10.985, 10.621, 10.384, 10.236, 10.389, 10.824, 10.896, 10.31, 10.901, 11.023, 10.339, 9.728, 9.255, 9.281, 9.412, 8.888, 7.828, 6.91, 6.387, 5.797, 5.503, 5.73, 5.569, 5.31, 4.957, 4.73, 4.16, 4.02, 4.23, 4.15, 3.54, 2.82, 3.21, 3.45, 3.48, 3.53, 3.32, 3.38, 3.3, 2.64, 2.15, 2.35, 1.94, 0.97, 0, 1.05, 1.45, 1.4, 1.83, 2.29, 2.76, 2.5, 2.4, 3.0, 3.71, 3.67, 2.95, 2.39, 2.23, 2.49, 2.61, 4.36, 5.46, 6.076, 6.823, 7.613, 8.762, 8.91, 9.675, 9.837], [13.042, 13.191, 12.972, 12.686, 12.701, 13.27, 13.433, 13.176, 12.981, 13.408, 13.671, 13.009, 12.785, 12.756, 11.47, 11.502, 11.345, 10.923, 10.672, 10.469, 10.701, 11.145, 11.231, 10.537, 11.111, 11.163, 10.37, 9.567, 9.024, 9.065, 9.344, 8.78, 7.731, 6.765, 6.365, 5.664, 5.313, 5.541, 5.37, 5.285, 4.922, 4.62, 4.048, 3.79, 4.04, 3.98, 3.33, 2.73, 3.16, 3.26, 3.23, 3.28, 2.91, 2.93, 2.99, 2.37, 2.02, 2.12, 1.67, 1.02, 1.05, 0, 0.92, 1.21, 1.84, 2.46, 3.03, 2.91, 2.69, 3.31, 4.04, 3.98, 3.32, 2.78, 2.66, 2.84, 3.08, 4.75, 5.861, 6.486, 7.233, 8.016, 9.165, 9.309, 10.061, 10.239], [13.387, 13.53, 13.32, 13.028, 13.046, 13.62, 13.758, 13.498, 13.303, 13.739, 14.005, 13.363, 13.13, 13.095, 11.795, 11.818, 11.676, 11.242, 10.968, 10.782, 10.997, 11.407, 11.501, 10.765, 11.227, 11.305, 10.508, 9.596, 8.863, 8.96, 9.235, 8.717, 7.665, 6.825, 6.482, 5.815, 5.326, 5.504, 5.281, 5.382, 5.05, 4.54, 3.97, 3.71, 3.9, 3.92, 3.27, 2.81, 3.06, 3.12, 3.03, 3.06, 2.83, 2.91, 2.95, 2.37, 2.02, 1.82, 1.37, 1.32, 1.45, 0.92, 0, 1.11, 2.04, 2.7, 3.35, 3.23, 2.97, 3.45, 4.34, 4.26, 3.6, 3.12, 3.04, 3.24, 3.46, 5.11, 6.241, 6.866, 7.613, 8.393, 9.542, 9.686, 10.444, 10.607], [12.738, 12.88, 12.67, 12.384, 12.402, 12.968, 13.126, 12.854, 12.662, 13.095, 13.356, 12.711, 12.481, 12.451, 11.148, 11.166, 11.02, 10.576, 10.348, 10.175, 10.388, 10.78, 10.915, 10.184, 10.703, 10.777, 10.055, 9.249, 8.885, 9.002, 9.118, 8.568, 7.604, 6.559, 6.296, 5.669, 5.42, 5.584, 5.366, 5.156, 4.764, 4.23, 3.74, 3.88, 4.09, 3.79, 3.06, 2.44, 2.91, 3.05, 3.14, 3.13, 3.12, 3.26, 3.22, 2.72, 2.01, 1.75, 1.44, 1.13, 1.4, 1.21, 1.11, 0, 1.51, 2.09, 2.68, 2.52, 2.32, 2.68, 3.57, 3.49, 2.97, 2.49, 2.31, 2.55, 2.69, 4.44, 5.565, 6.191, 6.938, 7.717, 8.866, 9.01, 9.771, 9.934], [11.485, 11.63, 11.421, 11.14, 11.15, 11.704, 11.864, 11.637, 11.426, 11.845, 12.117, 11.443, 11.216, 11.187, 9.928, 9.966, 9.811, 9.409, 9.123, 8.946, 9.158, 9.579, 9.729, 9.116, 9.626, 9.676, 8.941, 8.647, 8.602, 8.609, 8.72, 8.096, 7.156, 6.286, 5.926, 5.438, 5.251, 5.378, 5.281, 4.716, 4.327, 4.02, 3.57, 4.21, 4.12, 3.62, 2.87, 2.57, 2.86, 2.92, 3.29, 3.38, 3.63, 3.69, 3.61, 3.01, 2.42, 2.58, 2.31, 1.94, 1.83, 1.84, 2.04, 1.51, 0, 1.0, 1.49, 1.39, 1.37, 1.79, 2.52, 2.44, 1.78, 1.44, 1.42, 1.54, 1.8, 3.23, 4.37, 4.926, 5.673, 6.45, 7.599, 7.739, 8.492, 8.655], [10.748, 10.894, 10.681, 10.38, 10.418, 10.981, 11.142, 10.9, 10.74, 11.131, 11.392, 10.721, 10.491, 10.47, 9.205, 9.232, 9.085, 8.707, 8.449, 8.243, 8.435, 8.872, 8.966, 8.46, 8.912, 9.041, 8.39, 8.273, 8.321, 8.278, 8.249, 7.648, 6.762, 5.902, 5.619, 5.418, 5.451, 5.558, 5.301, 4.628, 4.24, 3.88, 3.67, 4.43, 4.4, 3.72, 3.13, 3.03, 3.34, 3.3, 3.85, 3.96, 4.15, 4.27, 4.13, 3.39, 2.86, 2.94, 2.77, 2.46, 2.29, 2.46, 2.7, 2.09, 1.0, 0, 0.79, 0.91, 0.97, 1.55, 2.0, 2.06, 1.56, 1.36, 1.42, 1.4, 1.58, 2.73, 3.85, 4.37, 4.933, 5.716, 6.865, 7.012, 7.779, 7.962], [10.162, 10.31, 10.092, 9.805, 9.812, 10.381, 10.538, 10.325, 10.111, 10.528, 10.785, 10.114, 9.89, 9.864, 8.599, 8.687, 8.561, 8.164, 7.84, 7.786, 7.897, 8.325, 8.494, 7.97, 8.459, 8.666, 8.139, 8.058, 8.244, 8.177, 8.043, 7.522, 6.682, 5.835, 5.461, 5.491, 5.581, 5.748, 5.574, 4.681, 4.33, 4.05, 3.94, 4.78, 4.75, 4.07, 3.44, 3.4, 3.71, 3.71, 4.22, 4.35, 4.56, 4.68, 4.54, 3.78, 3.33, 3.47, 3.3, 2.95, 2.76, 3.03, 3.35, 2.68, 1.49, 0.79, 0, 0.58, 0.94, 1.42, 1.61, 1.67, 1.31, 1.23, 1.49, 1.33, 1.41, 2.18, 3.32, 3.82, 4.326, 5.096, 6.242, 6.382, 7.152, 7.335], [10.313, 10.465, 10.243, 9.954, 9.961, 10.535, 10.695, 10.485, 10.291, 10.699, 10.949, 10.269, 10.042, 10.021, 8.761, 8.842, 8.707, 8.298, 8.061, 8.003, 8.1, 8.519, 8.677, 8.156, 8.737, 8.983, 8.459, 8.398, 8.596, 8.503, 8.357, 7.824, 6.951, 6.098, 5.755, 5.591, 5.641, 5.808, 5.651, 4.801, 4.37, 4.13, 4.0, 4.8, 4.79, 4.13, 3.52, 3.48, 3.81, 3.79, 4.3, 4.45, 4.66, 4.78, 4.66, 3.86, 3.35, 3.47, 3.26, 2.79, 2.5, 2.91, 3.23, 2.52, 1.39, 0.91, 0.58, 0, 0.78, 1.26, 1.57, 1.61, 1.11, 0.87, 1.21, 1.05, 0.97, 2.12, 3.28, 3.8, 4.446, 5.233, 6.382, 6.527, 7.297, 7.46], [10.688, 10.839, 10.62, 10.332, 10.347, 10.921, 11.073, 10.848, 10.705, 11.068, 11.317, 10.652, 10.425, 10.407, 9.175, 9.251, 9.184, 8.757, 8.58, 8.36, 8.391, 8.81, 9.03, 8.579, 9.039, 9.183, 8.639, 8.641, 8.851, 8.757, 8.554, 7.95, 7.071, 6.338, 5.975, 5.728, 5.778, 5.945, 5.828, 5.038, 4.63, 4.37, 4.16, 4.9, 4.95, 4.31, 3.74, 3.62, 3.93, 3.89, 4.44, 4.53, 4.68, 4.82, 4.68, 3.9, 3.41, 3.57, 3.26, 2.59, 2.4, 2.69, 2.97, 2.32, 1.37, 0.97, 0.94, 0.78, 0, 1.28, 1.89, 1.87, 1.53, 1.25, 1.53, 1.53, 1.29, 2.48, 3.68, 4.22, 4.832, 5.622, 6.773, 6.962, 7.695, 7.858], [10.226, 10.369, 10.162, 9.864, 9.894, 10.46, 10.605, 10.384, 10.379, 10.612, 10.864, 10.217, 10.001, 10.054, 8.864, 8.687, 8.571, 8.352, 8.234, 7.837, 7.928, 8.27, 8.501, 7.928, 8.304, 8.484, 8.057, 8.241, 8.593, 8.466, 8.334, 7.899, 7.074, 6.164, 5.964, 5.825, 5.875, 5.942, 5.625, 5.035, 4.55, 4.17, 3.9, 4.8, 4.77, 4.07, 3.6, 3.54, 3.91, 4.03, 4.42, 4.59, 4.86, 4.94, 4.86, 4.14, 3.69, 3.73, 3.58, 3.25, 3.0, 3.31, 3.45, 2.68, 1.79, 1.55, 1.42, 1.26, 1.28, 0, 1.21, 1.39, 1.51, 1.51, 1.77, 1.87, 1.59, 2.28, 3.16, 3.72, 4.415, 5.204, 6.353, 6.513, 7.266, 7.432], [9.268, 9.419, 9.18, 8.892, 8.907, 9.48