[[0, 0.48, 0.55, 0.88, 1.05, 1.67, 2.0, 2.01, 2.34, 2.16, 1.49, 1.37, 1.64, 2.38, 2.17, 1.99, 2.2, 2.15, 1.93, 3.71, 5.01, 5.03, 5.1, 5.75, 6.01, 6.08, 8.22, 10.156, 11.694, 11.41, 11.99, 12.677, 12.744, 13.534, 13.609, 11.807, 11.42, 11.854, 12.316, 11.875, 11.682, 12.773, 12.793, 13.53, 16.374, 16.935, 16.722, 16.495, 15.896, 15.41, 15.256, 15.909, 15.838, 15.137, 14.464, 13.947, 12.933, 12.237, 12.54, 11.978, 11.975, 12.49, 12.587, 13.517, 13.375, 13.271, 12.893, 12.71, 13.289, 13.081, 13.477, 13.889, 14.976, 15.054, 15.68, 16.41, 17.446, 18.037, 19.001, 18.414, 16.08, 14.587, 14.068, 13.813, 14.163, 15.141], [0.48, 0, 0.71, 0.98, 0.99, 1.43, 1.86, 2.05, 2.26, 2.0, 1.49, 1.59, 1.76, 2.38, 2.21, 2.05, 2.3, 2.25, 2.01, 3.69, 4.95, 4.95, 5.02, 5.69, 5.93, 6.02, 8.14, 10.096, 11.614, 11.35, 11.93, 12.617, 12.684, 13.474, 13.529, 11.727, 11.322, 11.774, 12.236, 11.795, 11.59, 12.693, 12.713, 13.45, 16.294, 16.873, 16.642, 16.415, 15.816, 15.353, 15.196, 15.869, 15.767, 15.077, 14.441, 13.887, 12.893, 12.197, 12.5, 11.89, 11.927, 12.43, 12.487, 13.437, 13.335, 13.213, 12.833, 12.61, 13.229, 13.021, 13.417, 13.855, 14.936, 15.014, 15.6, 16.35, 17.386, 17.977, 18.924, 18.334, 16.0, 14.507, 14.011, 13.753, 14.129, 15.084], [0.55, 0.71, 0, 0.73, 0.94, 1.68, 2.09, 2.18, 2.45, 2.31, 1.58, 1.46, 1.85, 2.61, 2.36, 2.08, 2.19, 2.0, 2.06, 3.94, 5.24, 5.26, 5.33, 5.98, 6.24, 6.29, 8.43, 10.343, 11.884, 11.6, 12.18, 12.867, 12.934, 13.704, 13.802, 12.017, 11.592, 12.064, 12.518, 12.065, 11.872, 12.985, 12.982, 13.705, 16.564, 17.125, 16.912, 16.685, 16.068, 15.6, 15.452, 16.102, 16.028, 15.327, 14.631, 14.097, 13.123, 12.387, 12.673, 12.088, 12.125, 12.64, 12.757, 13.727, 13.579, 13.464, 13.083, 12.903, 13.479, 13.271, 13.667, 14.117, 15.163, 15.251, 15.89, 16.6, 17.618, 18.236, 19.188, 18.621, 16.273, 14.777, 14.258, 14.023, 14.377, 15.354], [0.88, 0.98, 0.73, 0, 0.99, 1.63, 2.1, 2.29, 2.56, 2.36, 1.61, 1.51, 2.04, 2.88, 2.63, 2.23, 2.14, 2.05, 2.15, 4.21, 5.49, 5.51, 5.62, 6.31, 6.53, 6.62, 8.736, 10.673, 12.185, 11.847, 12.427, 13.117, 13.204, 14.026, 14.12, 12.304, 11.883, 12.353, 12.804, 12.36, 12.167, 13.275, 13.292, 14.032, 16.88, 17.455, 17.233, 17.015, 16.398, 15.93, 15.77, 16.423, 16.358, 15.594, 14.898, 14.284, 13.293, 12.554, 12.84, 12.19, 12.338, 12.923, 12.999, 14.014, 13.795, 13.691, 13.313, 13.136, 13.786, 13.518, 13.937, 14.429, 15.484, 15.509, 16.185, 16.913, 17.926, 18.557, 19.518, 18.931, 16.583, 15.107, 14.588, 14.307, 14.647, 15.564], [1.05, 0.99, 0.94, 0.99, 0, 0.92, 1.33, 1.62, 1.87, 1.83, 1.36, 1.2, 1.47, 2.31, 2.16, 1.94, 2.15, 2.06, 1.92, 3.68, 4.94, 4.92, 5.03, 5.72, 5.94, 6.03, 8.13, 10.062, 11.595, 11.237, 11.817, 12.487, 12.574, 13.416, 13.501, 11.702, 11.273, 11.723, 12.202, 11.759, 11.566, 12.676, 12.699, 13.439, 16.275, 16.845, 16.632, 16.405, 15.808, 15.317, 15.157, 15.807, 15.748, 14.984, 14.182, 13.596, 12.482, 11.812, 11.99, 11.368, 11.673, 12.29, 12.389, 13.383, 13.156, 13.063, 12.683, 12.466, 13.149, 12.893, 13.344, 13.836, 14.843, 14.884, 15.572, 16.311, 17.33, 17.953, 18.91, 18.32, 15.99, 14.514, 13.989, 13.714, 14.033, 14.936], [1.67, 1.43, 1.68, 1.63, 0.92, 0, 0.83, 1.14, 1.33, 1.33, 1.5, 1.38, 1.39, 2.05, 1.98, 1.96, 2.33, 2.54, 1.94, 3.32, 4.56, 4.54, 4.61, 5.28, 5.48, 5.59, 7.67, 9.622, 11.135, 10.737, 11.352, 11.987, 12.112, 12.941, 13.041, 11.222, 10.813, 11.223, 11.722, 11.296, 11.103, 12.199, 12.228, 12.965, 15.798, 16.365, 16.152, 15.945, 15.348, 14.857, 14.697, 15.347, 15.288, 14.499, 13.685, 13.084, 11.951, 11.221, 11.444, 10.757, 11.173, 11.81, 11.909, 12.883, 12.642, 12.517, 12.162, 11.966, 12.686, 12.378, 12.844, 13.357, 14.363, 14.399, 15.092, 15.834, 16.859, 17.49, 18.447, 17.857, 15.527, 14.051, 13.526, 13.217, 13.527, 14.424], [2.0, 1.86, 2.09, 2.1, 1.33, 0.83, 0, 0.77, 1.08, 1.0, 1.41, 1.45, 1.14, 1.72, 1.77, 1.97, 2.38, 2.81, 1.93, 2.71, 3.95, 3.91, 3.98, 4.67, 4.89, 5.0, 7.06, 8.99, 10.554, 10.144, 10.759, 11.394, 11.519, 12.363, 12.457, 10.641, 10.221, 10.611, 11.089, 10.672, 10.479, 11.575, 11.595, 12.341, 15.177, 15.761, 15.559, 15.352, 14.761, 14.307, 14.147, 14.8, 14.704, 13.926, 13.092, 12.541, 11.37, 10.608, 10.817, 10.215, 10.643, 11.3, 11.334, 12.297, 12.029, 11.884, 11.559, 11.397, 12.066, 11.76, 12.243, 12.764, 13.83, 13.826, 14.459, 15.23, 16.246, 16.866, 17.827, 17.251, 14.906, 13.436, 12.937, 12.624, 12.94, 13.792], [2.01, 2.05, 2.18, 2.29, 1.62, 1.14, 0.77, 0, 0.77, 0.91, 1.42, 1.34, 1.05, 1.71, 1.66, 1.86, 2.37, 2.88, 1.86, 2.46, 3.68, 3.66, 3.75, 4.44, 4.64, 4.75, 6.81, 8.76, 10.295, 9.897, 10.485, 11.147, 11.251, 12.101, 12.201, 10.382, 10.033, 10.383, 10.822, 10.405, 10.232, 11.328, 11.328, 12.071, 14.918, 15.505, 15.312, 15.105, 14.508, 14.017, 13.857, 14.507, 14.448, 13.644, 12.868, 12.314, 11.263, 10.41, 10.733, 10.108, 10.365, 11.05, 11.069, 12.023, 11.766, 11.643, 11.282, 11.226, 11.799, 11.498, 11.944, 12.477, 13.503, 13.49, 14.192, 14.934, 15.944, 16.599, 17.548, 16.964, 14.639, 13.169, 12.627, 12.317, 12.627, 13.518], [2.34, 2.26, 2.45, 2.56, 1.87, 1.33, 1.08, 0.77, 0, 0.74, 1.61, 1.61, 1.36, 1.96, 1.81, 2.01, 2.52, 3.09, 2.03, 2.41, 3.47, 3.47, 3.58, 4.27, 4.47, 4.58, 6.64, 8.57, 10.105, 9.675, 10.295, 10.931, 11.061, 11.911, 12.011, 10.192, 9.87, 10.173, 10.632, 10.215, 10.062, 11.118, 11.138, 11.881, 14.728, 15.315, 15.122, 14.915, 14.318, 13.827, 13.667, 14.317, 14.258, 13.454, 12.727, 12.227, 11.173, 10.36, 10.663, 10.018, 10.27, 10.94, 11.039, 11.833, 11.576, 11.406, 11.092, 11.153, 11.629, 11.328, 11.754, 12.307, 13.333, 13.3, 14.002, 14.744, 15.754, 16.409, 17.358, 16.774, 14.449, 12.979, 12.437, 12.127, 12.457, 13.328], [2.16, 2.0, 2.31, 2.36, 1.83, 1.33, 1.0, 0.91, 0.74, 0, 1.33, 1.61, 1.46, 1.94, 1.69, 1.81, 2.32, 2.89, 1.89, 2.29, 3.55, 3.53, 3.64, 4.29, 4.53, 4.64, 6.72, 8.65, 10.214, 9.804, 10.419, 11.054, 11.179, 12.023, 12.117, 10.309, 9.95, 10.271, 10.749, 10.352, 10.179, 11.235, 11.255, 11.998, 14.837, 15.412, 15.219, 15.012, 14.415, 13.947, 13.787, 14.44, 14.364, 13.566, 12.861, 12.364, 11.25, 10.474, 10.737, 10.133, 10.444, 11.06, 11.124, 11.977, 11.729, 11.544, 11.219, 11.207, 11.746, 11.458, 11.883, 12.404, 13.47, 13.466, 14.119, 14.87, 15.886, 16.526, 17.487, 16.891, 14.566, 13.096, 12.577, 12.264, 12.58, 13.452], [1.49, 1.49, 1.58, 1.61, 1.36, 1.5, 1.41, 1.42, 1.61, 1.33, 0, 1.04, 1.33, 2.01, 1.6, 1.18, 1.49, 2.02, 1.34, 2.88, 4.18, 4.2, 4.31, 5.0, 5.22, 5.31, 7.43, 9.38, 10.904, 10.537, 11.137, 11.844, 11.929, 12.773, 12.867, 10.991, 10.622, 11.001, 11.494, 11.128, 10.918, 11.999, 12.022, 12.782, 15.598, 16.171, 15.929, 15.728, 15.131, 14.717, 14.557, 15.21, 15.094, 14.364, 13.731, 13.194, 12.16, 11.524, 11.827, 11.245, 11.294, 11.817, 11.814, 12.704, 12.542, 12.409, 12.02, 11.94, 12.545, 12.348, 12.724, 13.216, 14.271, 14.296, 14.875, 15.686, 16.69, 17.256, 18.245, 17.686, 15.287, 13.797, 13.375, 13.1, 13.479, 14.297], [1.37, 1.59, 1.46, 1.51, 1.2, 1.38, 1.45, 1.34, 1.61, 1.61, 1.04, 0, 0.95, 1.91, 1.56, 1.5, 1.77, 1.94, 1.48, 3.1, 4.4, 4.4, 4.51, 5.2, 5.44, 5.53, 7.63, 9.559, 11.092, 10.774, 11.354, 12.024, 12.112, 12.916, 13.016, 11.232, 10.89, 11.282, 11.716, 11.282, 11.149, 12.205, 12.216, 12.939, 15.772, 16.342, 16.129, 15.902, 15.305, 14.814, 14.654, 15.316, 15.245, 14.502, 13.751, 13.274, 12.28, 11.487, 11.81, 11.225, 11.323, 11.937, 12.017, 12.902, 12.67, 12.58, 12.2, 12.223, 12.696, 12.407, 12.841, 13.333, 14.34, 14.398, 15.098, 15.823, 16.85, 17.45, 18.407, 17.835, 15.487, 14.011, 13.486, 13.211, 13.524, 14.467], [1.64, 1.76, 1.85, 2.04, 1.47, 1.39, 1.14, 1.05, 1.36, 1.46, 1.33, 0.95, 0, 1.32, 1.27, 1.55, 2.18, 2.45, 1.69, 2.49, 3.73, 3.69, 3.8, 4.51, 4.75, 4.84, 6.92, 8.87, 10.4, 10.082, 10.662, 11.332, 11.419, 12.223, 12.303, 10.499, 10.177, 10.589, 11.01, 10.569, 10.473, 11.51, 11.504, 12.241, 15.08, 15.629, 15.416, 15.189, 14.61, 14.124, 13.97, 14.623, 14.541, 13.809, 13.041, 12.581, 11.567, 10.774, 11.077, 10.593, 10.693, 11.264, 11.31, 12.189, 11.977, 11.887, 11.507, 11.51, 11.983, 11.674, 12.148, 12.641, 13.69, 13.746, 14.386, 15.11, 16.157, 16.749, 17.712, 17.122, 14.792, 13.298, 12.799, 12.518, 12.832, 13.774], [2.38, 2.38, 2.61, 2.88, 2.31, 2.05, 1.72, 1.71, 1.96, 1.94, 2.01, 1.91, 1.32, 0, 1.07, 1.83, 2.4, 2.67, 1.97, 2.09, 3.05, 2.95, 3.12, 3.57, 3.89, 4.04, 5.96, 8.05, 9.552, 9.216, 9.787, 10.472, 10.548, 11.309, 11.372, 9.73, 9.48, 9.79, 10.168, 9.828, 9.884, 10.617, 10.632, 11.275, 14.142, 14.716, 14.496, 14.276, 13.745, 13.268, 13.042, 13.657, 13.572, 12.923, 12.741, 12.224, 11.458, 10.648, 11.023, 10.535, 10.438, 10.667, 10.753, 11.478, 11.455, 11.265, 10.768, 11.013, 11.377, 11.238, 11.398, 11.742, 12.762, 12.955, 13.512, 14.184, 15.177, 15.8, 16.737, 16.188, 13.843, 12.338, 11.851, 11.622, 12.235, 13.092], [2.17, 2.21, 2.36, 2.63, 2.16, 1.98, 1.77, 1.66, 1.81, 1.69, 1.6, 1.56, 1.27, 1.07, 0, 1.32, 1.87, 2.16, 1.46, 1.98, 3.4, 3.4, 3.51, 3.94, 4.38, 4.47, 6.39, 8.4, 10.062, 9.749, 10.346, 10.959, 11.052, 11.699, 11.839, 10.12, 9.79, 10.223, 10.675, 10.23, 10.137, 10.949, 10.949, 11.646, 14.444, 15.249, 14.959, 14.749, 14.195, 13.658, 13.572, 14.196, 13.946, 13.496, 13.234, 12.714, 11.88, 11.09, 11.45, 10.965, 10.848, 11.1, 10.983, 11.831, 12.008, 11.835, 11.238, 11.223, 11.73, 11.748, 11.868, 12.252, 13.155, 13.565, 13.942, 14.566, 15.539, 16.136, 17.08, 16.53, 14.246, 12.668, 12.17, 12.092, 12.788, 13.702], [1.99, 2.05, 2.08, 2.23, 1.94, 1.96, 1.97, 1.86, 2.01, 1.81, 1.18, 1.5, 1.55, 1.83, 1.32, 0, 0.93, 1.5, 1.16, 2.52, 4.02, 4.08, 4.15, 4.72, 5.04, 5.11, 7.11, 9.2, 10.713, 10.497, 11.12, 11.707, 11.789, 12.507, 12.587, 10.96, 10.607, 10.96, 11.404, 10.947, 10.823, 11.767, 11.694, 12.414, 15.302, 15.94, 15.67, 15.44, 14.832, 14.398, 14.3, 14.987, 14.712, 14.273, 13.951, 13.474, 12.637, 11.867, 12.227, 11.743, 11.623, 11.837, 11.7, 12.588, 12.682, 12.512, 12.032, 12.06, 12.487, 12.414, 12.608, 12.923, 13.972, 14.282, 14.687, 15.454, 16.381, 16.928, 17.877, 17.364, 14.997, 13.463, 12.998, 12.877, 13.482, 14.379], [2.2, 2.3, 2.19, 2.14, 2.15, 2.33, 2.38, 2.37, 2.52, 2.32, 1.49, 1.77, 2.18, 2.4, 1.87, 0.93, 0, 1.05, 1.27, 3.17, 4.69, 4.79, 4.84, 5.402, 5.77, 5.82, 7.834, 9.89, 11.452, 11.116, 11.753, 12.346, 12.442, 13.16, 13.286, 11.577, 11.26, 11.613, 12.137, 11.66, 11.59, 12.48, 12.433, 13.162, 15.994, 16.694, 16.421, 16.193, 15.605, 15.088, 15.002, 15.618, 15.447, 14.921, 14.644, 14.147, 13.31, 12.52, 12.88, 12.335, 12.233, 12.51, 12.45, 13.241, 13.398, 13.225, 12.668, 12.673, 13.2, 13.147, 13.278, 13.682, 14.625, 14.935, 15.372, 16.079, 17.048, 17.634, 18.598, 18.066, 15.745, 14.184, 13.685, 13.522, 14.158, 15.092], [2.15, 2.25, 2.0, 2.05, 2.06, 2.54, 2.81, 2.88, 3.09, 2.89, 2.02, 1.94, 2.45, 2.67, 2.16, 1.5, 1.05, 0, 1.44, 3.64, 5.22, 5.31, 5.368, 5.858, 6.3, 6.29, 8.25, 10.35, 11.948, 11.615, 12.224, 12.848, 12.958, 13.628, 13.745, 12.07, 11.753, 12.145, 12.65, 12.113, 12.063, 12.893, 12.849, 13.564, 16.445, 17.107, 16.837, 16.595, 16.058, 15.581, 15.478, 16.088, 15.846, 15.439, 15.197, 14.72, 13.863, 13.093, 13.453, 12.908, 12.825, 13.063, 12.943, 13.794, 13.951, 13.778, 13.181, 13.225, 13.693, 13.7, 13.831, 14.155, 15.098, 15.528, 15.888, 16.56, 17.49, 18.042, 18.988, 18.49, 16.144, 14.58, 14.15, 14.055, 14.751, 15.625], [1.93, 2.01, 2.06, 2.15, 1.92, 1.94, 1.93, 1.86, 2.03, 1.89, 1.34, 1.48, 1.69, 1.97, 1.46, 1.16, 1.27, 1.44, 0, 2.64, 4.26, 4.369, 4.419, 4.946, 5.34, 5.367, 7.327, 9.361, 10.982, 10.729, 11.364, 11.979, 12.058, 12.791, 12.857, 11.089, 10.63, 11.128, 11.661, 11.073, 10.912, 11.969, 12.004, 12.726, 15.57, 16.169, 15.897, 15.627, 15.115, 14.638, 14.589, 15.254, 14.966, 14.577, 14.189, 13.672, 12.663, 12.005, 12.31, 11.708, 11.697, 11.958, 11.852, 12.797, 12.974, 12.801, 12.255, 12.023, 12.576, 12.7, 12.897, 13.192, 14.227, 14.574, 14.942, 15.715, 16.701, 17.151, 18.128, 17.622, 15.221, 13.686, 13.241, 13.169, 13.797, 14.688], [3.71, 3.69, 3.94, 4.21, 3.68, 3.32, 2.71, 2.46, 2.41, 2.29, 2.88, 3.1, 2.49, 2.09, 1.98, 2.52, 3.17, 3.64, 2.64, 0, 1.82, 1.82, 1.91, 2.46, 2.88, 2.91, 4.79, 6.864, 8.482, 8.229, 8.863, 9.499, 9.592, 10.29, 10.376, 8.587, 8.21, 8.643, 9.153, 8.601, 8.48, 9.43, 9.403, 10.115, 13.048, 13.649, 13.377, 13.169, 12.575, 12.175, 12.112, 12.771, 12.449, 12.074, 11.769, 11.275, 10.36, 9.647, 9.99, 9.465, 9.363, 9.617, 9.397, 10.343, 10.514, 10.341, 9.764, 9.703, 10.147, 10.266, 10.437, 10.715, 11.721, 12.131, 12.408, 13.212, 14.144, 14.614, 15.588, 15.099, 12.678, 11.149, 10.744, 10.655, 11.354, 12.225], [5.01, 4.95, 5.24, 5.49, 4.94, 4.56, 3.95, 3.68, 3.47, 3.55, 4.18, 4.4, 3.73, 3.05, 3.4, 4.02, 4.69, 5.22, 4.26, 1.82, 0, 0.7, 0.95, 1.16, 1.62, 1.77, 3.35, 5.507, 6.871, 6.609, 7.221, 7.925, 8.001, 8.771, 8.805, 7.087, 6.81, 7.063, 7.545, 7.17, 7.177, 8.01, 7.939, 8.668, 11.507, 12.089, 11.829, 11.609, 11.081, 10.761, 10.541, 11.17, 10.977, 10.416, 10.254, 9.777, 8.905, 8.15, 8.535, 8.048, 7.948, 8.18, 8.105, 8.851, 8.891, 8.693, 8.221, 8.345, 8.73, 8.695, 8.846, 9.181, 10.275, 10.483, 10.817, 11.606, 12.636, 13.111, 14.134, 13.556, 11.166, 9.652, 9.301, 9.053, 9.717, 10.531], [5.03, 4.95, 5.26, 5.51, 4.92, 4.54, 3.91, 3.66, 3.47, 3.53, 4.2, 4.4, 3.69, 2.95, 3.4, 4.08, 4.79, 5.31, 4.369, 1.82, 0.7, 0, 0.67, 1.16, 1.52, 1.73, 3.37, 5.461, 6.882, 6.566, 7.14, 7.902, 7.995, 8.773, 8.813, 7.027, 6.827, 7.12, 7.525, 7.159, 7.234, 8.01, 7.961, 8.66, 11.516, 12.069, 11.826, 11.625, 11.115, 10.738, 10.532, 11.153, 10.994, 10.373, 10.151, 9.674, 8.823, 8.059, 8.445, 7.998, 7.905, 8.197, 8.143, 8.803, 8.823, 8.613, 8.115, 8.392, 8.73, 8.578, 8.786, 9.201, 10.292, 10.457, 10.791, 11.594, 12.636, 13.111, 14.134, 13.547, 11.148, 9.652, 9.316, 9.001, 9.637, 10.451], [5.1, 5.02, 5.33, 5.62, 5.03, 4.61, 3.98, 3.75, 3.58, 3.64, 4.31, 4.51, 3.8, 3.12, 3.51, 4.15, 4.84, 5.368, 4.419, 1.91, 0.95, 0.67, 0, 0.97, 1.45, 1.6, 3.2, 5.31, 6.709, 6.436, 6.99, 7.726, 7.825, 8.569, 8.643, 6.937, 6.72, 7.09, 7.394, 7.057, 7.115, 7.957, 7.853, 8.55, 11.371, 11.936, 11.716, 11.495, 10.925, 10.531, 10.339, 10.997, 10.824, 10.243, 10.024, 9.564, 8.733, 8.0, 8.363, 7.915, 7.815, 8.067, 7.993, 8.618, 8.681, 8.491, 7.957, 8.253, 8.637, 8.467, 8.636, 9.059, 10.082, 10.304, 10.655, 11.447, 12.483, 12.998, 13.981, 13.417, 11.046, 9.524, 9.128, 8.874, 9.504, 10.352], [5.75, 5.69, 5.98, 6.31, 5.72, 5.28, 4.67, 4.44, 4.27, 4.29, 5.0, 5.2, 4.51, 3.57, 3.94, 4.72, 5.402, 5.858, 4.946, 2.46, 1.16, 1.16, 0.97, 0, 0.96, 1.21, 2.55, 4.74, 6.171, 5.892, 6.441, 7.125, 7.261, 7.931, 8.002, 6.415, 6.227, 6.565, 6.887, 6.558, 6.737, 7.29, 7.264, 7.906, 10.722, 11.349, 11.099, 10.872, 10.381, 9.964, 9.741, 10.356, 10.166, 9.656, 9.557, 9.097, 8.328, 7.538, 7.958, 7.528, 7.428, 7.5, 7.505, 8.091, 8.174, 7.984, 7.427, 7.765, 8.07, 7.997, 8.134, 8.472, 9.455, 9.791, 10.105, 10.817, 11.853, 12.374, 13.331, 12.799, 10.425, 8.891, 8.49, 8.301, 9.008, 9.842], [6.01, 5.93, 6.24, 6.53, 5.94, 5.48, 4.89, 4.64, 4.47, 4.53, 5.22, 5.44, 4.75, 3.89, 4.38, 5.04, 5.77, 6.3, 5.34, 2.88, 1.62, 1.52, 1.45, 0.96, 0, 0.73, 2.35, 4.7, 5.983, 5.681, 6.244, 6.994, 7.161, 7.894, 7.914, 6.34, 6.081, 6.308, 6.69, 6.501, 6.54, 7.273, 7.147, 7.773, 10.556, 11.103, 10.835, 10.651, 10.284, 9.907, 9.644, 10.193, 10.02, 9.359, 9.283, 8.823, 8.051, 7.321, 7.741, 7.311, 7.211, 7.383, 7.371, 7.874, 7.837, 7.633, 7.233, 7.611, 7.933, 7.743, 7.957, 8.241, 9.361, 9.554, 9.894, 10.649, 11.699, 12.183, 13.203, 12.63, 10.208, 8.717, 8.373, 8.104, 8.711, 9.491], [6.08, 6.02, 6.29, 6.62, 6.03, 5.59, 5.0, 4.75, 4.58, 4.64, 5.31, 5.53, 4.84, 4.04, 4.47, 5.11, 5.82, 6.29, 5.367, 2.91, 1.77, 1.73, 1.6, 1.21, 0.73, 0, 2.38, 4.75, 5.973, 5.728, 6.3, 6.987, 7.157, 7.87, 7.907, 6.428, 6.165, 6.438, 6.805, 6.511, 6.581, 7.345, 7.14, 7.823, 10.534, 11.117, 10.823, 10.621, 10.234, 9.897, 9.594, 10.143, 9.959, 9.427, 9.453, 8.993, 8.181, 7.468, 7.871, 7.441, 7.341, 7.435, 7.458, 7.907, 7.99, 7.783, 7.283, 7.638, 7.943, 7.913, 8.007, 8.168, 9.274, 9.59, 9.947, 10.59, 11.626, 12.115, 13.121, 12.592, 10.158, 8.67, 8.36, 8.2, 8.764, 9.524], [8.22, 8.14, 8.43, 8.736, 8.13, 7.67, 7.06, 6.81, 6.64, 6.72, 7.43, 7.63, 6.92, 5.96, 6.39, 7.11, 7.834, 8.25, 7.327, 4.79, 3.35, 3.37, 3.2, 2.55, 2.35, 2.38, 0, 2.61, 4.0, 3.777, 4.271, 4.921, 5.151, 5.741, 5.781, 4.41, 4.229, 4.459, 4.771, 4.56, 4.779, 5.18, 5.16, 5.62, 8.415, 9.002, 8.709, 8.528, 8.114, 7.697, 7.554, 8.106, 7.827, 7.418, 7.393, 6.933, 6.324, 5.6, 5.971, 5.567, 5.484, 5.421, 5.341, 5.821, 6.004, 5.785, 5.225, 5.624, 5.785, 5.853, 5.967, 6.111, 7.171, 7.604, 7.841, 8.55, 9.512, 9.964, 10.942, 10.46, 8.028, 6.502, 6.138, 6.074, 6.841, 7.621], [10.156, 10.096, 10.343, 10.673, 10.062, 9.622, 8.99, 8.76, 8.57, 8.65, 9.38, 9.559, 8.87, 8.05, 8.4, 9.2, 9.89, 10.35, 9.361, 6.864, 5.507, 5.461, 5.31, 4.74, 4.7, 4.75, 2.61, 0, 1.85, 1.86, 2.28, 2.85, 2.92, 3.57, 3.63, 2.22, 2.04, 2.47, 2.53, 2.32, 2.623, 3.007, 3.207, 3.664, 6.299, 6.946, 6.696, 6.5, 5.94, 5.46, 5.38, 6.01, 5.82, 5.313, 5.03, 4.57, 4.03, 3.38, 3.72, 3.35, 3.23, 3.09, 3.01, 3.65, 3.81, 3.58, 3.02, 3.37, 3.52, 3.59, 3.81, 4.14, 5.0, 5.362, 5.679, 6.437, 7.476, 7.985, 8.954, 8.407, 6.08, 4.67, 4.13, 3.98, 4.65, 5.439], [11.694, 11.614, 11.884, 12.185, 11.595, 11.135, 10.554, 10.295, 10.105, 10.214, 10.904, 11.092, 10.4, 9.552, 10.062, 10.713, 11.452, 11.948, 10.982, 8.482, 6.871, 6.882, 6.709, 6.171, 5.983, 5.973, 4.0, 1.85, 0, 1.21, 1.11, 1.42, 1.39, 2.08, 2.1, 1.35, 1.61, 1.56, 1.29, 1.41, 1.68, 1.91, 1.91, 2.27, 4.76, 5.31, 5.08, 4.87, 4.33, 4.03, 3.73, 4.4, 4.33, 3.68, 3.72, 3.28, 2.86, 2.33, 2.59, 2.32, 2.2, 2.02, 1.86, 2.16, 2.28, 2.15, 1.85, 2.24, 2.25, 2.26, 2.38, 2.59, 3.53, 3.74, 4.095, 4.87, 5.92, 6.43, 7.401, 6.8, 4.53, 3.2, 2.66, 2.37, 3.04, 3.749], [11.41, 11.35, 11.6, 11.847, 11.237, 10.737, 10.144, 9.897, 9.675, 9.804, 10.537, 10.774, 10.082, 9.216, 9.749, 10.497, 11.116, 11.615, 10.729, 8.229, 6.609, 6.566, 6.436, 5.892, 5.681, 5.728, 3.777, 1.86, 1.21, 0, 0.96, 1.45, 1.68, 2.45, 2.53, 1.6, 1.74, 1.99, 2.02, 1.96, 2.19, 2.36, 2.32, 2.64, 5.15, 5.76, 5.53, 5.28, 4.94, 4.56, 4.32, 4.77, 4.62, 4.01, 3.99, 3.57, 2.85, 2.24, 2.58, 2.31, 2.33, 2.41, 2.29, 2.63, 2.61, 2.42, 2.2, 2.45, 2.7, 2.67, 2.77, 3.08, 4.0, 4.25, 4.57, 5.208, 6.25, 6.836, 7.805, 7.209, 4.9, 3.49, 3.05, 2.76, 3.43, 4.13], [11.99, 11.93, 12.18, 12.427, 11.817, 11.352, 10.759, 10.485, 10.295, 10.419, 11.137, 11.354, 10.662, 9.787, 10.346, 11.12, 11.753, 12.224, 11.364, 8.863, 7.221, 7.14, 6.99, 6.441, 6.244, 6.3, 4.271, 2.28, 1.11, 0.96, 0, 1.01, 1.46, 1.93, 1.93, 1.76, 2.02, 2.11, 1.94, 2.12, 2.43, 2.46, 2.34, 2.68, 4.57, 5.14, 4.91, 4.74, 4.28, 3.92, 3.62, 4.11, 4.02, 3.35, 3.45, 3.01, 2.73, 2.5, 2.52, 2.53, 2.35, 2.09, 2.19, 2.11, 2.19, 1.96, 1.84, 2.41, 2.26, 2.03, 2.13, 2.58, 3.42, 3.59, 3.97, 4.608, 5.61, 6.176, 7.145, 6.589, 4.28, 2.91, 2.49, 2.18, 2.81, 3.51], [12.677, 12.617, 12.867, 13.117, 12.487, 11.987, 11.394, 11.147, 10.931, 11.054, 11.844, 12.024, 11.332, 10.472, 10.959, 11.707, 12.346, 12.848, 11.979, 9.499, 7.925, 7.902, 7.726, 7.125, 6.994, 6.987, 4.921, 2.85, 1.42, 1.45, 1.01, 0, 0.83, 1.2, 1.22, 1.55, 1.97, 1.88, 1.69, 2.15, 2.1, 1.93, 1.81, 2.17, 3.86, 4.51, 4.28, 4.07, 3.57, 3.13, 2.89, 3.6, 3.53, 2.9, 2.94, 2.64, 2.38, 2.27, 2.17, 2.36, 2.3, 1.94, 1.94, 1.6, 1.74, 1.57, 1.71, 2.14, 1.91, 1.86, 1.78, 2.15, 2.65, 2.92, 3.22, 3.93, 5.0, 5.59, 6.53, 5.94, 3.71, 2.54, 1.98, 1.47, 2.04, 2.82], [12.744, 12.684, 12.934, 13.204, 12.574, 12.112, 11.519, 11.251, 11.061, 11.179, 11.929, 12.112, 11.419, 10.548, 11.052, 11.789, 12.442, 12.958, 12.058, 9.592, 8.001, 7.995, 7.825, 7.261, 7.161, 7.157, 5.151, 2.92, 1.39, 1.68, 1.46, 0.83, 0, 1.01, 1.05, 1.38, 1.82, 1.57, 1.26, 1.74, 1.77, 1.38, 1.3, 1.62, 3.73, 4.36, 4.15, 3.98, 3.42, 3.0, 2.76, 3.49, 3.58, 2.93, 2.87, 2.63, 2.19, 1.96, 1.9, 2.17, 2.09, 1.83, 1.73, 1.45, 1.57, 1.62, 1.66, 1.87, 1.94, 2.05, 2.01, 2.28, 2.68, 2.77, 3.11, 3.84, 4.93, 5.52, 6.46, 5.83, 3.72, 2.73, 2.09, 1.46, 2.01, 2.67], [13.534, 13.474, 13.704, 14.026, 13.416, 12.941, 12.363, 12.101, 11.911, 12.023, 12.773, 12.916, 12.223, 11.309, 11.699, 12.507, 13.16, 13.628, 12.791, 10.29, 8.771, 8.773, 8.569, 7.931, 7.894, 7.87, 5.741, 3.57, 2.08, 2.45, 1.93, 1.2, 1.01, 0, 0.74, 1.99, 2.47, 2.3, 1.89, 2.39, 2.34, 1.43, 1.35, 1.23, 2.9, 3.63, 3.38, 3.23, 2.85, 2.69, 2.53, 3.22, 3.37, 2.76, 2.86, 2.66, 2.56, 2.57, 2.49, 2.84, 2.72, 2.2, 2.14, 1.68, 1.9, 1.77, 2.01, 2.4, 2.17, 2.26, 2.2, 2.25, 2.43, 2.42, 2.62, 3.11, 4.18, 4.75, 5.65, 5.06, 3.35, 2.58, 1.96, 1.27, 1.72, 2.26], [13.609, 13.529, 13.802, 14.12, 13.501, 13.041, 12.457, 12.201, 12.011, 12.117, 12.867, 13.016, 12.303, 11.372, 11.839, 12.587, 13.286, 13.745, 12.857, 10.376, 8.805, 8.813, 8.643, 8.002, 7.914, 7.907, 5.781, 3.63, 2.1, 2.53, 1.93, 1.22, 1.05, 0.74, 0, 1.97, 2.55, 2.24, 1.81, 2.35, 2.4, 1.51, 1.57, 1.37, 2.94, 3.49, 3.28, 3.13, 2.81, 2.51, 2.31, 3.0, 3.07, 2.58, 2.76, 2.54, 2.52, 2.47, 2.43, 2.76, 2.58, 2.1, 2.08, 1.62, 1.9, 1.69, 1.85, 2.3, 1.97, 2.1, 1.94, 2.05, 2.33, 2.44, 2.56, 3.11, 4.16, 4.65, 5.57, 5.04, 3.21, 2.42, 1.76, 1.15, 1.58, 2.12], [11.807, 11.727, 12.017, 12.304, 11.702, 11.222, 10.641, 10.382, 10.192, 10.309, 10.991, 11.232, 10.499, 9.73, 10.12, 10.96, 11.577, 12.07, 11.089, 8.587, 7.087, 7.027, 6.937, 6.415, 6.34, 6.428, 4.41, 2.22, 1.35, 1.6, 1.76, 1.55, 1.38, 1.99, 1.97, 0, 0.94, 1.05, 1.2, 1.34, 1.21, 1.26, 1.4, 1.94, 4.75, 5.36, 5.13, 5.02, 4.44, 3.98, 3.86, 4.59, 4.58, 4.01, 3.93, 3.65, 2.95, 2.3, 2.66, 2.37, 2.35, 2.57, 2.29, 2.41, 2.61, 2.62, 2.36, 2.43, 2.48, 2.81, 2.95, 3.36, 3.88, 3.97, 4.15, 4.88, 6.03, 6.44, 7.451, 6.85, 4.72, 3.67, 3.17, 2.44, 3.03, 3.83], [11.42, 11.322, 11.592, 11.883, 11.273, 10.813, 10.221, 10.033, 9.87, 9.95, 10.622, 10.89, 10.177, 9.48, 9.79, 10.607, 11.26, 11.753, 10.63, 8.21, 6.81, 6.827, 6.72, 6.227, 6.081, 6.165, 4.229, 2.04, 1.61, 1.74, 2.02, 1.97, 1.82, 2.47, 2.55, 0.94, 0, 0.87, 1.3, 1.14, 0.99, 1.64, 1.76, 2.4, 5.29, 5.92, 5.63, 5.5, 4.92, 4.46, 4.3, 4.99, 4.8, 4.35, 4.11, 3.81, 2.97, 2.48, 2.84, 2.49, 2.51, 2.61, 2.27, 2.63, 2.75, 2.82, 2.52, 2.31, 2.54, 2.99, 3.25, 3.56, 4.2, 4.49, 4.63, 5.48, 6.59, 6.96, 8.02, 7.37, 5.1, 3.93, 3.47, 2.98, 3.53, 4.37], [11.854, 11.774, 12.064, 12.353, 11.723, 11.223, 10.611, 10.383, 10.173, 10.271, 11.001, 11.282, 10.589, 9.79, 10.223, 10.96, 11.613, 12.145, 11.128, 8.643, 7.063, 7.12, 7.09, 6.565, 6.308, 6.438, 4.459, 2.47, 1.56, 1.99, 2.11, 1.88, 1.57, 2.3, 2.24, 1.05, 0.87, 0, 0.91, 1.09, 0.9, 1.29, 1.51, 2.03, 4.88, 5.47, 5.18, 5.13, 4.57, 4.17, 4.01, 4.64, 4.43, 3.8, 3.76, 3.54, 2.74, 2.23, 2.59, 2.22, 2.2, 2.44, 2.04, 2.28, 2.36, 2.33, 2.15, 2.1, 2.35, 2.66, 2.88, 3.09, 3.89, 4.06, 4.24, 5.15, 6.26, 6.63, 7.69, 7.04, 4.79, 3.52, 3.08, 2.63, 3.2, 3.88], [12.316, 12.236, 12.518, 12.804, 12.202, 11.722, 11.089, 10.822, 10.632, 10.749, 11.494, 11.716, 11.01, 10.168, 10.675, 11.404, 12.137, 12.65, 11.661, 9.153, 7.545, 7.525, 7.394, 6.887, 6.69, 6.805, 4.771, 2.53, 1.29, 2.02, 1.94, 1.69, 1.26, 1.89, 1.81, 1.2, 1.3, 0.91, 0, 0.92, 1.11, 1.04, 1.34, 1.54, 4.29, 4.84, 4.61, 4.54, 3.94, 3.54, 3.34, 4.01, 3.96, 3.25, 3.25, 3.03, 2.47, 1.94, 2.24, 1.99, 1.99, 2.01, 1.77, 1.79, 1.79, 1.76, 1.7, 1.91, 1.92, 2.07, 2.29, 2.58, 3.28, 3.33, 3.59, 4.48, 5.63, 6.02, 7.06, 6.41, 4.22, 3.03, 2.53, 2.04, 2.51, 3.21], [11.875, 11.795, 12.065, 12.36, 11.759, 11.296, 10.672, 10.405, 10.215, 10.352, 11.128, 11.282, 10.569, 9.828, 10.23, 10.947, 11.66, 12.113, 11.073, 8.601, 7.17, 7.159, 7.057, 6.558, 6.501, 6.511, 4.56, 2.32, 1.41, 1.96, 2.12, 2.15, 1.74, 2.39, 2.35, 1.34, 1.14, 1.09, 0.92, 0, 1.01, 1.24, 1.5, 1.88, 4.73, 5.28, 5.05, 4.88, 4.36, 3.98, 3.9, 4.55, 4.42, 3.77, 3.73, 3.47, 2.71, 2.12, 2.54, 2.19, 2.11, 2.27, 1.93, 2.27, 2.37, 2.34, 2.0, 2.07, 2.16, 2.41, 2.75, 3.0, 3.78, 3.97, 4.17, 5.02, 6.15, 6.48, 7.5, 6.89, 4.74, 3.53, 3.01, 2.64, 3.17, 3.81], [11.682, 11.59, 11.872, 12.167, 11.566, 11.103, 10.479, 10.232, 10.062, 10.179, 10.918, 11.149, 10.473, 9.884, 10.137, 10.823, 11.59, 12.063, 10.912, 8.48, 7.177, 7.234, 7.115, 6.737, 6.54, 6.581, 4.779, 2.623, 1.68, 2.19, 2.43, 2.1, 1.77, 2.34, 2.4, 1.21, 0.99, 0.9, 1.11, 1.01, 0, 1.29, 1.41, 2.05, 5.0, 5.55, 5.28, 5.17, 4.57, 4.13, 4.09, 4.82, 4.59, 4.08, 3.9, 3.62, 2.7, 2.19, 2.53, 2.12, 2.12, 2.46, 1.98, 2.44, 2.46, 2.53, 2.43, 2.18, 2.33, 2.74, 3.04, 3.15, 3.95, 4.1, 4.38, 5.25, 6.32, 6.61, 7.65, 7.06, 4.83, 3.66, 3.14, 2.81, 3.24, 3.96], [12.773, 12.693, 12.985, 13.275, 12.676, 12.199, 11.575, 11.328, 11.118, 11.235, 11.999, 12.205, 11.51, 10.617, 10.949, 11.767, 12.48, 12.893, 11.969, 9.43, 8.01, 8.01, 7.957, 7.29, 7.273, 7.345, 5.18, 3.007, 1.91, 2.36, 2.46, 1.93, 1.38, 1.43, 1.51, 1.26, 1.64, 1.29, 1.04, 1.24, 1.29, 0, 0.72, 0.9, 3.73, 4.54, 4.25, 4.12, 3.64, 3.46, 3.38, 4.07, 3.98, 3.59, 3.59, 3.37, 2.75, 2.16, 2.52, 2.25, 2.29, 2.35, 2.07, 2.19, 2.31, 2.3, 2.18, 2.17, 2.24, 2.63, 2.83, 2.86, 3.28, 3.33, 3.43, 4.1, 5.11, 5.52, 6.52, 5.97, 4.1, 3.13, 2.59, 2.02, 2.57, 3.13], [12.793, 12.713, 12.982, 13.292, 12.699, 12.228, 11.595, 11.328, 11.138, 11.255, 12.022, 12.216, 11.504, 10.632, 10.949, 11.694, 12.433, 12.849, 12.004, 9.403, 7.939, 7.961, 7.853, 7.264, 7.147, 7.14, 5.16, 3.207, 1.91, 2.32, 2.34, 1.81, 1.3, 1.35, 1.57, 1.4, 1.76, 1.51, 1.34, 1.5, 1.41, 0.72, 0, 0.96, 3.83, 4.54, 4.27, 4.16, 3.74, 3.68, 3.54, 4.17, 4.14, 3.67, 3.91, 3.73, 3.19, 2.58, 2.98, 2.73, 2.73, 2.87, 2.55, 2.43, 2.55, 2.64, 2.58, 2.67, 2.76, 3.03, 3.03, 3.04, 3.46, 3.45, 3.59, 4.14, 5.19, 5.62, 6.54, 6.05, 4.22, 3.29, 2.79, 2.2, 2.73, 3.23], [13.53, 13.45, 13.705, 14.032, 13.439, 12.965, 12.341, 12.071, 11.881, 11.998, 12.782, 12.939, 12.241, 11.275, 11.646, 12.414, 13.162, 13.564, 12.726, 10.115, 8.668, 8.66, 8.55, 7.906, 7.773, 7.823, 5.62, 3.664, 2.27, 2.64, 2.68, 2.17, 1.62, 1.23, 1.37, 1.94, 2.4, 2.03, 1.54, 1.88, 2.05, 0.9, 0.96, 0, 3.11, 3.78, 3.57, 3.46, 3.34, 3.34, 3.2, 3.71, 3.76, 3.29, 3.55, 3.39, 3.01, 2.38, 2.78, 2.65, 2.61, 2.63, 2.35, 2.23, 2.29, 2.4, 2.32, 2.51, 2.58, 2.85, 2.91, 2.66, 3.02, 3.05, 3.15, 3.52, 4.49, 4.92, 5.72, 5.33, 3.66, 2.87, 2.39, 1.88, 2.37, 2.85], [16.374, 16.294, 16.564, 16.88, 16.275, 15.798, 15.177, 14.918, 14.728, 14.837, 15.598, 15.772, 15.08, 14.142, 14.444, 15.302, 15.994, 16.445, 15.57, 13.048, 11.507, 11.516, 11.371, 10.722, 10.556, 10.534, 8.415, 6.299, 4.76, 5.15, 4.57, 3.86, 3.73, 2.9, 2.94, 4.75, 5.29, 4.88, 4.29, 4.73, 5.0, 3.73, 3.83, 3.11, 0, 1.11, 1.14, 1.41, 1.53, 1.81, 1.75, 2.12, 2.45, 2.08, 2.74, 2.98, 4.0, 4.63, 4.55, 5.16, 4.64, 4.02, 4.0, 3.0, 3.26, 3.41, 3.87, 4.02, 3.41, 3.5, 3.2, 3.15, 2.03, 1.62, 1.66, 1.57, 2.18, 2.33, 2.99, 2.82, 1.89, 3.38, 2.98, 2.85, 2.7, 2.08], [16.935, 16.873, 17.125, 17.455, 16.845, 16.365, 15.761, 15.505, 15.315, 15.412, 16.171, 16.342, 15.629, 14.716, 15.249, 15.94, 16.694, 17.107, 16.169, 13.649, 12.089, 12.069, 11.936, 11.349, 11.103, 11.117, 9.002, 6.946, 5.31, 5.76, 5.14, 4.51, 4.36, 3.63, 3.49, 5.36, 5.92, 5.47, 4.84, 5.28, 5.55, 4.54, 4.54, 3.78, 1.11, 0, 0.99, 1.26, 1.38, 1.72, 1.88, 1.69, 2.18, 2.15, 2.75, 3.31, 4.55, 5.22, 5.14, 5.75, 5.21, 4.63, 4.61, 3.63, 3.81, 3.96, 4.42, 4.73, 3.94, 4.05, 3.61, 3.46, 2.4, 2.07, 1.73, 1.5, 1.89, 1.76, 2.42, 2.13, 1.68, 3.87, 3.63, 3.36, 3.09, 2.37], [16.722, 16.642, 16.912, 17.233, 16.632, 16.152, 15.559, 15.312, 15.122, 15.219, 15.929, 16.129, 15.416, 14.496, 14.959, 15.67, 16.421, 16.837, 15.897, 13.377, 11.829, 11.826, 11.716, 11.099, 10.835, 10.823, 8.709, 6.696, 5.08, 5.53, 4.91, 4.28, 4.15, 3.38, 3.28, 5.13, 5.63, 5.18, 4.61, 5.05, 5.28, 4.25, 4.27, 3.57, 1.14, 0.99, 0, 0.79, 1.29, 1.61, 1.63, 1.76, 2.03, 2.04, 2.64, 3.1, 4.36, 5.03, 4.95, 5.56, 5.02, 4.38, 4.32, 3.38, 3.6, 3.77, 4.23, 4.5, 3.69, 3.86, 3.38, 2.99, 1.93, 1.92, 1.38, 1.25, 1.82, 1.97, 2.81, 2.36, 1.43, 3.12, 3.26, 3.15, 2.86, 2.02], [16.495, 16.415, 16.685, 17.015, 16.405, 15.945, 15.352, 15.105, 14.915, 15.012, 15.728, 15.902, 15.189, 14.276, 14.749, 15.44, 16.193, 16.595, 15.627, 13.169, 11.609, 11.625, 11.495, 10.872, 10.651, 10.621, 8.528, 6.5, 4.87, 5.28, 4.74, 4.07, 3.98, 3.23, 3.13, 5.02, 5.5, 5.13, 4.54, 4.88, 5.17, 4.12, 4.16, 3.46, 1.41, 1.26, 0.79, 0, 1.22, 1.66, 1.48, 1.59, 1.86, 1.83, 2.51, 2.91, 4.23, 4.86, 4.8, 5.39, 4.85, 4.17, 4.15, 3.21, 3.45, 3.62, 4.06, 4.33, 3.56, 3.69, 3.17, 2.74, 1.7, 1.87, 1.25, 1.24, 1.93, 2.18, 3.02, 2.63, 1.28, 3.01, 2.99, 2.98, 2.73, 1.87], [15.896, 15.816, 16.068, 16.398, 15.808, 15.348, 14.761, 14.508, 14.318, 14.415, 15.131, 15.305, 14.61, 13.745, 14.195, 14.832, 15.605, 16.058, 15.115, 12.575, 11.081, 11.115, 10.925, 10.381, 10.284, 10.234, 8.114, 5.94, 4.33, 4.94, 4.28, 3.57, 3.42, 2.85, 2.81, 4.44, 4.92, 4.57, 3.94, 4.36, 4.57, 3.64, 3.74, 3.34, 1.53, 1.38, 1.29, 1.22, 0, 0.76, 1.06, 1.53, 1.9, 1.61, 2.01, 2.33, 3.63, 4.22, 4.16, 4.75, 4.21, 3.55, 3.53, 2.63, 2.85, 3.04, 3.5, 3.75, 3.0, 3.07, 2.59, 2.62, 1.56, 1.25, 1.19, 1.36, 2.19, 2.48, 3.36, 2.83, 1.46, 3.25, 2.79, 2.5, 2.23, 1.79], [15.41, 15.353, 15.6, 15.93, 15.317, 14.857, 14.307, 14.017, 13.827, 13.947, 14.717, 14.814, 14.124, 13.268, 13.658, 14.398, 15.088, 15.581, 14.638, 12.175, 10.761, 10.738, 10.531, 9.964, 9.907, 9.897, 7.697, 5.46, 4.03, 4.56, 3.92, 3.13, 3.0, 2.69, 2.51, 3.98, 4.46, 4.17, 3.54, 3.98, 4.13, 3.46, 3.68, 3.34, 1.81, 1.72, 1.61, 1.66, 0.76, 0, 0.78, 1.37, 1.76, 1.47, 1.49, 1.91, 3.17, 3.76, 3.68, 4.25, 3.71, 3.05, 3.11, 2.21, 2.45, 2.62, 3.02, 3.25, 2.54, 2.61, 2.17, 2.42, 1.38, 1.13, 1.19, 1.46, 2.37, 2.8, 3.74, 3.11, 1.48, 3.13, 2.53, 2.14, 2.11, 1.87], [15.256, 15.196, 15.452, 15.77, 15.157, 14.697, 14.147, 13.857, 13.667, 13.787, 14.557, 14.654, 13.97, 13.042, 13.572, 14.3, 15.002, 15.478, 14.589, 12.112, 10.541, 10.532, 10.339, 9.741, 9.644, 9.594, 7.554, 5.38, 3.73, 4.32, 3.62, 2.89, 2.76, 2.53, 2.31, 3.86, 4.3, 4.01, 3.34, 3.9, 4.09, 3.38, 3.54, 3.2, 1.75, 1.88, 1.63, 1.48, 1.06, 0.78, 0, 1.05, 1.54, 1.07, 1.43, 1.71, 3.01, 3.6, 3.52, 4.09, 3.55, 2.93, 3.03, 2.09, 2.27, 2.42, 2.82, 3.15, 2.42, 2.45, 1.97, 1.94, 0.96, 1.03, 0.93, 1.38, 2.45, 2.98, 3.92, 3.25, 1.32, 2.69, 2.11, 1.82, 1.67, 1.37], [15.909, 15.869, 16.102, 16.423, 15.807, 15.347, 14.8, 14.507, 14.317, 14.44, 15.21, 15.316, 14.623, 13.657, 14.196, 14.987, 15.618, 16.088, 15.254, 12.771, 11.17, 11.153, 10.997, 10.356, 10.193, 10.143, 8.106, 6.01, 4.4, 4.77, 4.11, 3.6, 3.49, 3.22, 3.0, 4.59, 4.99, 4.64, 4.01, 4.55, 4.82, 4.07, 4.17, 3.71, 2.12, 1.69, 1.76, 1.59, 1.53, 1.37, 1.05, 0, 0.95, 1.04, 1.82, 2.32, 3.62, 4.23, 4.15, 4.74, 4.2, 3.6, 3.72, 2.76, 3.0, 3.03, 3.45, 3.8, 3.09, 3.14, 2.6, 2.39, 1.49, 1.84, 1.34, 1.11, 1.92, 2.39, 3.31, 2.66, 1.11, 2.78, 2.48, 2.59, 2.34, 1.82], [15.838, 15.767, 16.028, 16.358, 15.748, 15.288, 14.704, 14.448, 14.258, 14.364, 15.094, 15.245, 14.541, 13.572, 13.946, 14.712, 15.447, 15.846, 14.966, 12.449, 10.977, 10.994, 10.824, 10.166, 10.02, 9.959, 7.827, 5.82, 4.33, 4.62, 4.02, 3.53, 3.58, 3.37, 3.07, 4.58, 4.8, 4.43, 3.96, 4.42, 4.59, 3.98, 4.14, 3.76, 2.45, 2.18, 2.03, 1.86, 1.9, 1.76, 1.54, 0.95, 0, 1.19, 1.87, 2.41, 3.55, 4.2, 4.16, 4.69, 4.15, 3.49, 3.51, 2.71, 2.97, 3.0, 3.4, 3.59, 3.0, 2.99, 2.55, 2.12, 1.62, 2.39, 1.75, 1.64, 2.15, 2.52, 3.42, 2.89, 1.28, 2.33, 2.21, 2.7, 2.53, 1.91], [15.137, 15.077, 15.327, 15.594, 14.984, 14.499, 13.926, 13.644, 13.454, 13.566, 14.364, 14.502, 13.809, 12.923, 13.496, 14.273, 14.921, 15.439, 14.577, 12.074, 10.416, 10.373, 10.243, 9.656, 9.359, 9.427, 7.418, 5.313, 3.68, 4.01, 3.35, 2.9, 2.93, 2.76, 2.58, 4.01, 4.35, 3.8, 3.25, 3.77, 4.08, 3.59, 3.67, 3.29, 2.08, 2.15, 2.04, 1.83, 1.61, 1.47, 1.07, 1.04, 1.19, 0, 1.28, 1.56, 2.84, 3.43, 3.39, 3.94, 3.4, 2.88, 3.02, 2.08, 2.14, 2.17, 2.65, 3.06, 2.47, 2.26, 1.78, 1.87, 1.41, 1.5, 1.36, 1.65, 2.72, 3.29, 4.23, 3.58, 1.59, 2.54, 2.1, 2.07, 1.82, 1.42], [14.464, 14.441, 14.631, 14.898, 14.182, 13.685, 13.092, 12.868, 12.727, 12.861, 13.731, 13.751, 13.041, 12.741, 13.234, 13.951, 14.644, 15.197, 14.189, 11.769, 10.254, 10.151, 10.024, 9.557, 9.283, 9.453, 7.393, 5.03, 3.72, 3.99, 3.45, 2.94, 2.87, 2.86, 2.76, 3.93, 4.11, 3.76, 3.25, 3.73, 3.9, 3.59, 3.91, 3.55, 2.74, 2.75, 2.64, 2.51, 2.01, 1.49, 1.43, 1.82, 1.87, 1.28, 0, 0.74, 1.9, 2.51, 2.47, 3.04, 2.68, 2.38, 2.58, 2.0, 1.82, 1.89, 2.45, 2.62, 2.09, 1.72, 1.78, 2.19, 1.69, 1.54, 1.62, 2.33, 3.38, 3.99, 4.93, 4.28, 2.15, 3.06, 2.54, 2.21, 1.88, 1.6], [13.947, 13.887, 14.097, 14.284, 13.596, 13.084, 12.541, 12.314, 12.227, 12.364, 13.194, 13.274, 12.581, 12.224, 12.714, 13.474, 14.147, 14.72, 13.672, 11.275, 9.777, 9.674, 9.564, 9.097, 8.823, 8.993, 6.933, 4.57, 3.28, 3.57, 3.01, 2.64, 2.63, 2.66, 2.54, 3.65, 3.81, 3.54, 3.03, 3.47, 3.62, 3.37, 3.73, 3.39, 2.98, 3.31, 3.1, 2.91, 2.33, 1.91, 1.71, 2.32, 2.41, 1.56, 0.74, 0, 1.44, 2.01, 2.01, 2.52, 2.12, 1.8, 2.06, 1.7, 1.56, 1.51, 2.01, 2.12, 1.67, 1.36, 1.38, 1.95, 1.71, 1.58, 2.06, 2.83, 3.88, 4.53, 5.47, 4.82, 2.61, 2.88, 2.36, 2.01, 1.68, 1.64], [12.933, 12.893, 13.123, 13.293, 12.482, 11.951, 11.37, 11.263, 11.173, 11.25, 12.16, 12.28, 11.567, 11.458, 11.88, 12.637, 13.31, 13.863, 12.663, 10.36, 8.905, 8.823, 8.733, 8.328, 8.051, 8.181, 6.324, 4.03, 2.86, 2.85, 2.73, 2.38, 2.19, 2.56, 2.52, 2.95, 2.97, 2.74, 2.47, 2.71, 2.7, 2.75, 3.19, 3.01, 4.0, 4.55, 4.36, 4.23, 3.63, 3.17, 3.01, 3.62, 3.55, 2.84, 1.9, 1.44, 0, 0.99, 0.89, 1.36, 1.24, 1.26, 1.32, 1.44, 1.14, 1.23, 1.57, 1.14, 1.45, 1.42, 1.84, 2.29, 2.81, 2.78, 3.32, 4.11, 5.2, 5.71, 6.71, 6.1, 3.81, 3.02, 2.58, 2.23, 2.04, 2.6], [12.237, 12.197, 12.387, 12.554, 11.812, 11.221, 10.608, 10.41, 10.36, 10.474, 11.524, 11.487, 10.774, 10.648, 11.09, 11.867, 12.52, 13.093, 12.005, 9.647, 8.15, 8.059, 8.0, 7.538, 7.321, 7.468, 5.6, 3.38, 2.33, 2.24, 2.5, 2.27, 1.96, 2.57, 2.47, 2.3, 2.48, 2.23, 1.94, 2.12, 2.19, 2.16, 2.58, 2.38, 4.63, 5.22, 5.03, 4.86, 4.22, 3.76, 3.6, 4.23, 4.2, 3.43, 2.51, 2.01, 0.99, 0, 0.84, 0.67, 0.77, 1.25, 1.41, 1.97, 1.65, 1.56, 1.62, 1.31, 1.92, 1.77, 2.13, 2.48, 3.36, 3.33, 3.95, 4.68, 5.73, 6.38, 7.32, 6.69, 4.44, 3.25, 2.67, 2.34, 2.39, 3.23], [12.54, 12.5, 12.673, 12.84, 11.99, 11.444, 10.817, 10.733, 10.663, 10.737, 11.827, 11.81, 11.077, 11.023, 11.45, 12.227, 12.88, 13.453, 12.31, 9.99, 8.535, 8.445, 8.363, 7.958, 7.741, 7.871, 5.971, 3.72, 2.59, 2.58, 2.52, 2.17, 1.9, 2.49, 2.43, 2.66, 2.84, 2.59, 2.24, 2.54, 2.53, 2.52, 2.98, 2.78, 4.55, 5.14, 4.95, 4.8, 4.16, 3.68, 3.52, 4.15, 4.16, 3.39, 2.47, 2.01, 0.89, 0.84, 0, 0.79, 1.07, 1.25, 1.41, 1.87, 1.69, 1.56, 1.76, 1.43, 1.86, 1.63, 2.09, 2.54, 3.3, 3.23, 3.87, 4.58, 5.63, 6.28, 7.22, 6.61, 4.36, 3.17, 2.57, 2.14, 2.29, 3.15], [11.978, 11.89, 12.088, 12.19, 11.368, 10.757, 10.215, 10.108, 10.018, 10.133, 11.245, 11.225, 10.593, 10.535, 10.965, 11.743, 12.335, 12.908, 11.708, 9.465, 8.048, 7.998, 7.915, 7.528, 7.311, 7.441, 5.567, 3.35, 2.32, 2.31, 2.53, 2.36, 2.17, 2.84, 2.76, 2.37, 2.49, 2.22, 1.99, 2.19, 2.12, 2.25, 2.73, 2.65, 5.16, 5.75, 5.56, 5.39, 4.75, 4.25, 4.09, 4.74, 4.69, 3.94, 3.04, 2.52, 1.36, 0.67, 0.79, 0, 0.74, 1.48, 1.62, 2.4, 2.1, 1.97, 1.91, 1.56, 2.27, 2.04, 2.46, 2.89, 3.81, 3.78, 4.46, 5.19, 6.2, 6.87, 7.81, 7.22, 4.93, 3.56, 3.0, 2.61, 2.88, 3.76], [11.975, 11.927, 12.125, 12.338, 11.673, 11.173, 10.643, 10.365, 10.27, 10.444, 11.294, 11.323, 10.693, 10.438, 10.848, 11.623, 12.233, 12.825, 11.697, 9.363, 7.948, 7.905, 7.815, 7.428, 7.211, 7.341, 5.484, 3.23, 2.2, 2.33, 2.35, 2.3, 2.09, 2.72, 2.58, 2.35, 2.51, 2.2, 1.99, 2.11, 2.12, 2.29, 2.73, 2.61, 4.64, 5.21, 5.02, 4.85, 4.21, 3.71, 3.55, 4.2, 4.15, 3.4, 2.68, 2.12, 1.24, 0.77, 1.07, 0.74, 0, 1.1, 1.24, 1.9, 1.7, 1.69, 1.53, 1.22, 1.85, 1.58, 1.96, 2.37, 3.27, 3.28, 3.94, 4.67, 5.7, 6.35, 7.29, 6.7, 4.41, 3.2, 2.66, 2.41, 2.46, 3.34], [12.49, 12.43, 12.64, 12.923, 12.29, 11.81, 11.3, 11.05, 10.94, 11.06, 11.817, 11.937, 11.264, 10.667, 11.1, 11.837, 12.51, 13.063, 11.958, 9.617, 8.18, 8.197, 8.067, 7.5, 7.383, 7.435, 5.421, 3.09, 2.02, 2.41, 2.09, 1.94, 1.83, 2.2, 2.1, 2.57, 2.61, 2.44, 2.01, 2.27, 2.46, 2.35, 2.87, 2.63, 4.02, 4.63, 4.38, 4.17, 3.55, 3.05, 2.93, 3.6, 3.49, 2.88, 2.38, 1.8, 1.26, 1.25, 1.25, 1.48, 1.1, 0, 0.88, 1.38, 1.44, 1.17, 1.37, 1.06, 1.19, 1.24, 1.36, 1.79, 2.63, 2.78, 3.38, 4.09, 5.12, 5.73, 6.67, 6.08, 3.79, 2.66, 1.96, 1.89, 2.04, 2.98], [12.587, 12.487, 12.757, 12.999, 12.389, 11.909, 11.334, 11.069, 11.039, 11.124, 11.814, 12.017, 11.31, 10.753, 10.983, 11.7, 12.45, 12.943, 11.852, 9.397, 8.105, 8.143, 7.993, 7.505, 7.371, 7.458, 5.341, 3.01, 1.86, 2.29, 2.19, 1.94, 1.73, 2.14, 2.08, 2.29, 2.27, 2.04, 1.77, 1.93, 1.98, 2.07, 2.55, 2.35, 4.0, 4.61, 4.32, 4.15, 3.53, 3.11, 3.03, 3.72, 3.51, 3.02, 2.58, 2.06, 1.32, 1.41, 1.41, 1.62, 1.24, 0.88, 0, 1.2, 1.42, 1.33, 1.15, 0.78, 1.17, 1.42, 1.6, 1.83, 2.69, 2.96, 3.34, 4.17, 5.12, 5.59, 6.61, 6.08, 3.69, 2.5, 1.98, 1.79, 2.24, 3.1], [13.517, 13.437, 13.727, 14.014, 13.383, 12.883, 12.297, 12.023, 11.833, 11.977, 12.704, 12.902, 12.189, 11.478, 11.831, 12.588, 13.241, 13.794, 12.797, 10.343, 8.851, 8.803, 8.618, 8.091, 7.874, 7.907, 5.821, 3.65, 2.16, 2.63, 2.11, 1.6, 1.45, 1.68, 1.62, 2.41, 2.63, 2.28, 1.79, 2.27, 2.44, 2.19, 2.43, 2.23, 3.0, 3.63, 3.38, 3.21, 2.63, 2.21, 2.09, 2.76, 2.71, 2.08, 2.0, 1.7, 1.44, 1.97, 1.87, 2.4, 1.9, 1.38, 1.2, 0, 0.74, 0.95, 1.11, 1.26, 1.01, 1.14, 1.14, 1.61, 1.81, 2.0, 2.3, 3.17, 4.26, 4.73, 5.73, 5.12, 2.91, 2.22, 1.64, 1.35, 1.48, 2.02], [13.375, 13.335, 13.579, 13.795, 13.156, 12.642, 12.029, 11.766, 11.576, 11.729, 12.542, 12.67, 11.977, 11.455, 12.008, 12.682, 13.398, 13.951, 12.974, 10.514, 8.891, 8.823, 8.681, 8.174, 7.837, 7.99, 6.004, 3.81, 2.28, 2.61, 2.19, 1.74, 1.57, 1.9, 1.9, 2.61, 2.75, 2.36, 1.79, 2.37, 2.46, 2.31, 2.55, 2.29, 3.26, 3.81, 3.6, 3.45, 2.85, 2.45, 2.27, 3.0, 2.97, 2.14, 1.82, 1.56, 1.14, 1.65, 1.69, 2.1, 1.7, 1.44, 1.42, 0.74, 0, 0.83, 1.11, 1.36, 1.35, 1.06, 1.42, 1.71, 2.11, 2.04, 2.58, 3.43, 4.5, 5.03, 6.03, 5.4, 3.17, 2.48, 2.0, 1.59, 1.46, 1.94], [13.271, 13.213, 13.464, 13.691, 13.063, 12.517, 11.884, 11.643, 11.406, 11.544, 12.409, 12.58, 11.887, 11.265, 11.835, 12.512, 13.225, 13.778, 12.801, 10.341, 8.693, 8.613, 8.491, 7.984, 7.633, 7.783, 5.785, 3.58, 2.15, 2.42, 1.96, 1.57, 1.62, 1.77, 1.69, 2.62, 2.82, 2.33, 1.76, 2.34, 2.53, 2.3, 2.64, 2.4, 3.41, 3.96, 3.77, 3.62, 3.04, 2.62, 2.42, 3.03, 3.0, 2.17, 1.89, 1.51, 1.23, 1.56, 1.56, 1.97, 1.69, 1.17, 1.33, 0.95, 0.83, 0, 0.88, 1.47, 1.12, 0.91, 1.11, 1.54, 2.22, 2.21, 2.73, 3.54, 4.63, 5.14, 6.14, 5.51, 3.3, 2.25, 1.65, 1.4, 1.35, 2.03], [12.893, 12.833, 13.083, 13.313, 12.683, 12.162, 11.559, 11.282, 11.092, 11.219, 12.02, 12.2, 11.507, 10.768, 11.238, 12.032, 12.668, 13.181, 12.255, 9.764, 8.221, 8.115, 7.957, 7.427, 7.233, 7.283, 5.225, 3.02, 1.85, 2.2, 1.84, 1.71, 1.66, 2.01, 1.85, 2.36, 2.52, 2.15, 1.7, 2.0, 2.43, 2.18, 2.58, 2.32, 3.87, 4.42, 4.23, 4.06, 3.5, 3.02, 2.82, 3.45, 3.4, 2.65, 2.45, 2.01, 1.57, 1.62, 1.76, 1.91, 1.53, 1.37, 1.15, 1.11, 1.11, 0.88, 0, 1.25, 1.32, 1.21, 1.47, 1.84, 2.6, 2.81, 3.17, 3.96, 5.05, 5.56, 6.56, 5.95, 3.66, 2.51, 2.03, 1.66, 1.97, 2.67], [12.71, 12.61, 12.903, 13.136, 12.466, 11.966, 11.397, 11.226, 11.153, 11.207, 11.94, 12.223, 11.51, 11.013, 11.223, 12.06, 12.673, 13.225, 12.023, 9.703, 8.345, 8.392, 8.253, 7.765, 7.611, 7.638, 5.624, 3.37, 2.24, 2.45, 2.41, 2.14, 1.87, 2.4, 2.3, 2.43, 2.31, 2.1, 1.91, 2.07, 2.18, 2.17, 2.67, 2.51, 4.02, 4.73, 4.5, 4.33, 3.75, 3.25, 3.15, 3.8, 3.59, 3.06, 2.62, 2.12, 1.14, 1.31, 1.43, 1.56, 1.22, 1.06, 0.78, 1.26, 1.36, 1.47, 1.25, 0, 1.25, 1.54, 1.84, 2.23, 2.89, 3.08, 3.42, 4.21, 5.28, 5.73, 6.73, 6.16, 3.87, 2.7, 2.32, 2.13, 2.3, 3.16], [13.289, 13.229, 13.479, 13.786, 13.149, 12.686, 12.066, 11.799, 11.629, 11.746, 12.545, 12.696, 11.983, 11.377, 11.73, 12.487, 13.2, 13.693, 12.576, 10.147, 8.73, 8.73, 8.637, 8.07, 7.933, 7.943, 5.785, 3.52, 2.25, 2.7, 2.26, 1.91, 1.94, 2.17, 1.97, 2.48, 2.54, 2.35, 1.92, 2.16, 2.33, 2.24, 2.76, 2.58, 3.41, 3.94, 3.69, 3.56, 3.0, 2.54, 2.42, 3.09, 3.0, 2.47, 2.09, 1.67, 1.45, 1.92, 1.86, 2.27, 1.85, 1.19, 1.17, 1.01, 1.35, 1.12, 1.32, 1.25, 0, 1.09, 1.13, 1.9, 2.2, 2.37, 2.67, 3.52, 4.63, 4.98, 6.04, 5.41, 3.08, 2.51, 2.03, 1.7, 1.91, 2.47], [13.081, 13.021, 13.271, 13.518, 12.893, 12.378, 11.76, 11.498, 11.328, 11.458, 12.348, 12.407, 11.674, 11.238, 11.748, 12.414, 13.147, 13.7, 12.7, 10.266, 8.695, 8.578, 8.467, 7.997, 7.743, 7.913, 5.853, 3.59, 2.26, 2.67, 2.03, 1.86, 2.05, 2.26, 2.1, 2.81, 2.99, 2.66, 2.07, 2.41,