[[0, 0.73, 1.0, 1.85, 2.62, 2.25, 2.39, 1.79, 1.77, 2.164, 2.379, 2.851, 3.084, 3.07, 2.74, 3.02, 2.92, 3.19, 3.16, 3.08, 3.01, 2.71, 2.83, 3.17, 3.38, 3.34, 3.21, 3.35, 3.48, 3.46, 3.42, 4.03, 4.6, 5.06, 4.41, 4.23, 4.1, 4.37, 4.14, 3.87, 3.89, 3.8, 4.63, 4.54, 3.62, 3.51, 4.1, 4.47, 4.0, 3.81, 4.01, 4.37, 4.07, 4.27, 4.57, 4.74, 4.84, 5.36, 5.36, 5.05, 4.88, 4.54, 4.15, 4.45, 4.63, 4.61, 4.11, 4.24, 5.207, 4.767, 4.39, 4.209, 4.12, 5.575, 8.606, 10.516, 10.029, 10.263, 11.147, 10.931, 10.677, 11.004, 11.469, 11.622, 11.84, 11.717], [0.73, 0, 0.83, 1.7, 2.35, 1.96, 2.1, 1.46, 1.539, 1.94, 2.17, 2.57, 2.76, 2.72, 2.45, 2.79, 2.71, 3.08, 3.03, 2.93, 2.92, 2.56, 2.76, 3.14, 3.27, 3.31, 3.3, 3.4, 3.53, 3.37, 3.43, 4.04, 4.81, 5.09, 4.5, 4.52, 4.27, 4.46, 4.23, 3.96, 4.12, 3.87, 4.74, 4.63, 3.75, 3.68, 4.25, 4.8, 4.31, 4.18, 4.34, 4.7, 4.48, 4.68, 5.04, 5.19, 5.31, 5.79, 5.79, 5.48, 5.29, 4.97, 4.52, 4.7, 4.82, 4.8, 4.12, 4.23, 5.24, 4.83, 4.413, 4.297, 4.19, 5.599, 8.657, 10.532, 10.057, 10.259, 11.174, 10.973, 10.722, 11.034, 11.49, 11.612, 11.864, 11.732], [1.0, 0.83, 0, 1.19, 1.88, 1.65, 1.69, 1.25, 1.604, 1.592, 1.859, 2.2, 2.361, 2.41, 2.22, 2.42, 2.32, 2.61, 2.64, 2.54, 2.55, 2.29, 2.79, 3.11, 3.2, 3.3, 3.23, 3.33, 3.32, 3.32, 3.46, 3.95, 4.7, 4.98, 4.61, 4.85, 4.64, 4.53, 4.08, 3.93, 4.35, 4.08, 4.79, 4.52, 3.78, 3.85, 4.56, 5.21, 4.7, 4.55, 4.65, 5.05, 4.83, 5.09, 5.47, 5.6, 5.72, 6.2, 6.2, 5.89, 5.74, 5.38, 4.93, 5.03, 4.79, 4.63, 4.07, 4.02, 4.777, 4.51, 4.21, 3.88, 3.8, 5.146, 8.19, 10.089, 9.582, 9.775, 10.653, 10.443, 10.194, 10.516, 10.975, 11.128, 11.369, 11.24], [1.85, 1.7, 1.19, 0, 1.39, 1.54, 1.4, 1.38, 2.227, 2.06, 2.269, 2.29, 2.6, 2.94, 2.73, 2.77, 2.69, 2.7, 2.65, 2.47, 2.56, 2.84, 3.48, 3.64, 3.71, 3.71, 3.86, 3.92, 3.87, 3.93, 4.03, 4.5, 5.19, 5.39, 5.02, 5.52, 5.41, 5.26, 4.51, 4.62, 5.18, 4.91, 5.46, 5.07, 4.35, 4.64, 5.37, 6.0, 5.35, 5.2, 5.36, 5.58, 5.48, 5.8, 6.16, 6.21, 6.35, 6.89, 6.89, 6.6, 6.45, 6.09, 5.7, 5.68, 5.4, 5.08, 4.64, 4.31, 4.31, 4.48, 4.56, 3.87, 3.95, 4.61, 7.451, 9.351, 8.861, 9.082, 9.926, 9.71, 9.458, 9.786, 10.239, 10.398, 10.622, 10.475], [2.62, 2.35, 1.88, 1.39, 0, 1.05, 1.39, 1.83, 2.651, 2.32, 2.51, 2.544, 3.05, 3.35, 3.12, 3.14, 3.0, 2.63, 2.46, 2.46, 2.73, 3.47, 4.21, 4.35, 4.56, 4.54, 4.51, 4.53, 4.48, 4.6, 4.66, 5.15, 5.837, 6.017, 5.767, 6.13, 5.94, 5.85, 5.16, 5.23, 5.73, 5.52, 6.09, 5.74, 5.057, 5.23, 5.96, 6.59, 6.04, 5.99, 6.09, 6.307, 6.25, 6.49, 6.87, 7.04, 7.18, 7.74, 7.74, 7.43, 7.18, 6.82, 6.39, 6.37, 6.15, 5.89, 5.17, 4.877, 4.454, 4.887, 5.224, 4.474, 4.48, 4.8, 6.934, 8.754, 8.318, 8.518, 9.414, 9.239, 8.974, 9.257, 9.694, 9.811, 10.036, 9.9], [2.25, 1.96, 1.65, 1.54, 1.05, 0, 0.96, 1.3, 2.02, 1.84, 1.991, 2.09, 2.68, 3.02, 2.79, 2.87, 2.77, 2.44, 2.29, 2.31, 2.68, 3.4, 4.1, 4.22, 4.49, 4.49, 4.58, 4.52, 4.59, 4.71, 4.77, 5.274, 5.987, 6.184, 5.657, 6.08, 5.71, 5.68, 5.27, 5.26, 5.52, 5.29, 6.2, 5.847, 5.064, 5.12, 5.79, 6.34, 5.884, 5.76, 5.837, 6.114, 6.037, 6.24, 6.6, 6.79, 6.95, 7.47, 7.47, 7.16, 6.93, 6.59, 6.08, 6.16, 5.98, 5.854, 5.08, 5.024, 4.784, 4.994, 5.334, 4.644, 4.504, 4.907, 7.445, 9.264, 8.783, 8.954, 9.881, 9.742, 9.462, 9.741, 10.19, 10.375, 10.56, 10.416], [2.39, 2.1, 1.69, 1.4, 1.39, 0.96, 0, 1.34, 2.029, 1.82, 1.95, 1.89, 2.32, 2.72, 2.65, 2.67, 2.63, 2.38, 2.19, 2.15, 2.5, 3.1, 3.78, 3.88, 4.13, 4.11, 4.3, 4.3, 4.407, 4.47, 4.57, 5.074, 5.867, 5.984, 5.757, 6.1, 5.61, 5.52, 5.01, 5.02, 5.4, 5.17, 5.96, 5.647, 4.964, 4.98, 5.73, 6.38, 5.987, 5.88, 5.937, 6.214, 6.177, 6.36, 6.68, 6.87, 7.01, 7.55, 7.57, 7.26, 7.01, 6.67, 6.16, 6.257, 6.017, 5.757, 5.017, 4.864, 4.784, 5.157, 5.234, 4.584, 4.407, 4.827, 7.508, 9.3, 8.849, 8.962, 9.912, 9.776, 9.493, 9.758, 10.222, 10.381, 10.571, 10.384], [1.79, 1.46, 1.25, 1.38, 1.83, 1.3, 1.34, 0, 1.12, 1.14, 1.23, 1.57, 1.82, 2.14, 1.97, 2.19, 2.13, 2.26, 2.19, 2.15, 2.2, 2.44, 3.06, 3.22, 3.49, 3.47, 3.732, 3.846, 4.07, 4.033, 4.193, 4.739, 5.467, 5.629, 5.097, 5.503, 5.039, 5.006, 4.596, 4.452, 4.792, 4.542, 5.486, 5.227, 4.558, 4.483, 5.116, 5.763, 5.344, 5.143, 5.237, 5.559, 5.437, 5.643, 5.932, 6.045, 6.185, 6.702, 6.705, 6.412, 6.222, 5.956, 5.446, 5.6, 5.5, 5.291, 4.534, 4.475, 5.0, 4.978, 4.988, 4.42, 4.121, 5.366, 8.279, 10.145, 9.639, 9.795, 10.727, 10.531, 10.245, 10.581, 11.037, 11.179, 11.397, 11.271], [1.77, 1.539, 1.604, 2.227, 2.651, 2.02, 2.029, 1.12, 0, 0.84, 1.07, 1.55, 1.58, 1.84, 1.99, 2.41, 2.43, 2.58, 2.59, 2.59, 2.84, 2.617, 3.02, 3.14, 3.45, 3.57, 3.912, 4.146, 4.538, 4.378, 4.478, 5.079, 5.898, 5.949, 5.377, 5.523, 5.079, 5.106, 5.013, 4.632, 4.812, 4.539, 5.683, 5.558, 4.732, 4.603, 5.116, 5.683, 5.301, 5.174, 5.245, 5.596, 5.428, 5.543, 5.772, 5.885, 6.025, 6.562, 6.545, 6.289, 6.122, 5.876, 5.366, 5.571, 5.711, 5.585, 4.945, 5.123, 5.92, 5.658, 5.447, 5.134, 4.835, 6.24, 9.254, 11.151, 10.651, 10.792, 11.67, 11.494, 11.22, 11.533, 11.997, 12.19, 12.401, 12.291], [2.164, 1.94, 1.592, 2.06, 2.32, 1.84, 1.82, 1.14, 0.84, 0, 0.57, 1.15, 1.28, 1.72, 1.79, 2.17, 2.15, 2.18, 2.25, 2.27, 2.42, 2.58, 3.12, 3.28, 3.57, 3.65, 3.932, 4.168, 4.543, 4.452, 4.603, 5.179, 5.938, 6.069, 5.577, 5.74, 5.259, 5.226, 5.11, 4.632, 4.872, 4.739, 5.74, 5.618, 4.809, 4.757, 5.356, 6.077, 5.701, 5.608, 5.762, 6.173, 5.948, 6.017, 6.132, 6.245, 6.385, 6.942, 6.945, 6.669, 6.522, 6.276, 5.726, 6.011, 5.891, 5.705, 5.065, 5.155, 5.657, 5.484, 5.436, 4.966, 4.709, 6.03, 8.937, 10.806, 10.3, 10.472, 11.362, 11.218, 10.902, 11.199, 11.648, 11.887, 12.078, 11.916], [2.379, 2.17, 1.859, 2.269, 2.51, 1.991, 1.95, 1.23, 1.07, 0.57, 0, 0.88, 1.15, 1.55, 1.78, 2.1, 2.04, 2.01, 2.1, 2.199, 2.37, 2.59, 3.13, 3.29, 3.6, 3.68, 4.002, 4.303, 4.716, 4.673, 4.793, 5.358, 6.093, 6.239, 5.709, 5.87, 5.383, 5.353, 5.236, 4.682, 4.862, 4.766, 5.79, 5.785, 4.996, 4.767, 5.443, 6.147, 5.888, 5.735, 5.926, 6.363, 6.075, 6.104, 6.242, 6.335, 6.455, 6.932, 6.955, 6.696, 6.572, 6.363, 5.813, 6.201, 6.101, 5.935, 5.249, 5.345, 5.79, 5.688, 5.666, 5.253, 4.813, 6.145, 9.112, 10.961, 10.447, 10.607, 11.474, 11.319, 11.022, 11.314, 11.767, 12.026, 12.234, 12.089], [2.851, 2.57, 2.2, 2.29, 2.544, 2.09, 1.89, 1.57, 1.55, 1.15, 0.88, 0, 0.97, 1.43, 1.74, 1.94, 1.86, 1.77, 1.88, 1.88, 2.19, 2.51, 3.19, 3.31, 3.54, 3.6, 4.022, 4.441, 4.742, 4.688, 4.888, 5.401, 6.162, 6.451, 6.158, 6.364, 5.717, 5.524, 5.151, 4.796, 5.179, 5.009, 5.85, 5.911, 5.491, 5.224, 5.82, 6.59, 6.391, 6.284, 6.541, 6.918, 6.641, 6.607, 6.67, 6.755, 6.895, 7.372, 7.415, 7.156, 7.006, 6.803, 6.33, 6.707, 6.487, 6.344, 5.621, 5.488, 5.765, 5.945, 5.923, 5.487, 5.171, 6.13, 9.085, 10.899, 10.305, 10.406, 11.325, 11.221, 10.89, 11.179, 11.56, 11.781, 12.027, 11.848], [3.084, 2.76, 2.361, 2.6, 3.05, 2.68, 2.32, 1.82, 1.58, 1.28, 1.15, 0.97, 0, 0.96, 1.39, 1.59, 1.51, 1.7, 1.81, 1.73, 1.98, 1.86, 2.52, 2.62, 2.81, 2.93, 3.414, 4.045, 4.397, 4.215, 4.415, 5.108, 5.811, 6.178, 6.316, 6.457, 5.644, 5.231, 4.766, 4.34, 4.88, 4.71, 5.357, 5.578, 5.438, 5.117, 5.767, 6.597, 6.458, 6.351, 6.468, 6.845, 6.645, 6.614, 6.777, 6.79, 6.93, 7.43, 7.41, 7.22, 7.07, 6.89, 6.377, 6.734, 6.534, 6.171, 5.468, 5.443, 6.019, 5.932, 6.067, 5.754, 5.395, 6.4, 9.493, 11.24, 10.551, 10.397, 11.227, 11.142, 10.817, 11.087, 11.55, 11.783, 11.991, 11.941], [3.07, 2.72, 2.41, 2.94, 3.35, 3.02, 2.72, 2.14, 1.84, 1.72, 1.55, 1.43, 0.96, 0, 0.91, 1.17, 1.25, 1.64, 1.75, 1.89, 2.02, 1.76, 2.1, 2.28, 2.55, 2.63, 3.02, 3.69, 4.208, 3.877, 4.043, 4.924, 5.668, 5.954, 6.304, 6.162, 5.389, 5.044, 4.694, 4.036, 4.32, 4.17, 4.657, 5.212, 5.163, 4.759, 5.244, 6.094, 6.155, 6.002, 6.273, 6.713, 6.49, 6.322, 6.38, 6.41, 6.49, 6.81, 6.91, 6.62, 6.51, 6.35, 5.894, 6.311, 6.111, 5.888, 5.336, 5.454, 6.208, 5.872, 5.972, 5.879, 5.511, 6.726, 9.88, 11.605, 10.929, 10.776, 11.541, 11.427, 11.048, 11.395, 11.887, 12.14, 12.379, 12.312], [2.74, 2.45, 2.22, 2.73, 3.12, 2.79, 2.65, 1.97, 1.99, 1.79, 1.78, 1.74, 1.39, 0.91, 0, 0.9, 1.06, 1.37, 1.5, 1.58, 1.69, 1.57, 2.07, 2.37, 2.56, 2.74, 3.05, 3.549, 3.891, 3.596, 3.782, 4.544, 5.391, 5.814, 5.944, 5.952, 5.18, 4.746, 4.474, 3.71, 4.13, 3.92, 4.481, 5.185, 4.942, 4.555, 5.0, 5.884, 5.985, 5.812, 6.032, 6.452, 6.252, 6.132, 6.25, 6.36, 6.36, 6.66, 6.76, 6.43, 6.36, 6.14, 5.71, 6.121, 6.038, 5.818, 5.192, 5.156, 6.0, 5.678, 5.678, 5.639, 5.094, 6.474, 9.627, 11.417, 10.749, 10.636, 11.307, 11.084, 10.774, 11.134, 11.75, 12.006, 12.219, 12.184], [3.02, 2.79, 2.42, 2.77, 3.14, 2.87, 2.67, 2.19, 2.41, 2.17, 2.1, 1.94, 1.59, 1.17, 0.9, 0, 0.64, 1.15, 1.32, 1.32, 1.31, 1.17, 1.93, 2.07, 2.36, 2.72, 2.95, 3.589, 3.711, 3.396, 3.659, 4.404, 5.411, 5.959, 6.189, 6.272, 5.499, 4.966, 4.474, 3.849, 4.27, 4.14, 4.587, 5.345, 5.222, 4.875, 5.354, 6.247, 6.305, 6.132, 6.369, 6.752, 6.569, 6.452, 6.53, 6.56, 6.6, 6.94, 7.02, 6.73, 6.64, 6.5, 6.044, 6.441, 6.278, 6.078, 5.449, 5.319, 5.77, 5.658, 5.898, 5.642, 5.159, 6.376, 9.53, 11.254, 10.58, 10.308, 10.759, 10.57, 10.289, 10.676, 11.385, 11.678, 12.005, 11.898], [2.92, 2.71, 2.32, 2.69, 3.0, 2.77, 2.63, 2.13, 2.43, 2.15, 2.04, 1.86, 1.51, 1.25, 1.06, 0.64, 0, 0.99, 1.18, 1.2, 1.21, 1.15, 2.03, 2.17, 2.32, 2.68, 2.89, 3.489, 3.494, 3.176, 3.562, 4.366, 5.231, 5.842, 6.129, 6.261, 5.468, 4.915, 4.396, 3.77, 4.39, 4.2, 4.567, 5.265, 5.205, 4.901, 5.434, 6.327, 6.305, 6.115, 6.332, 6.732, 6.532, 6.441, 6.527, 6.6, 6.64, 7.02, 7.08, 6.83, 6.74, 6.58, 6.124, 6.521, 6.341, 6.098, 5.392, 5.259, 5.682, 5.538, 5.764, 5.574, 5.162, 6.33, 9.45, 11.174, 10.481, 10.117, 10.694, 10.565, 10.156, 10.534, 11.157, 11.487, 11.823, 11.716], [3.19, 3.08, 2.61, 2.7, 2.63, 2.44, 2.38, 2.26, 2.58, 2.18, 2.01, 1.77, 1.7, 1.64, 1.37, 1.15, 0.99, 0, 0.55, 0.73, 1.06, 1.76, 2.66, 2.86, 2.93, 3.25, 3.32, 3.865, 3.946, 3.635, 4.095, 4.736, 5.449, 6.058, 6.299, 6.471, 5.684, 5.085, 4.566, 4.04, 4.68, 4.49, 4.937, 5.538, 5.415, 5.131, 5.684, 6.577, 6.515, 6.328, 6.525, 6.925, 6.725, 6.654, 6.757, 6.89, 6.95, 7.27, 7.39, 7.1, 6.99, 6.827, 6.374, 6.754, 6.554, 6.268, 5.562, 5.329, 5.221, 5.468, 5.856, 5.544, 5.152, 5.86, 8.916, 10.641, 9.972, 9.814, 10.423, 10.173, 9.853, 10.217, 10.917, 11.184, 11.42, 11.39], [3.16, 3.03, 2.64, 2.65, 2.46, 2.29, 2.19, 2.19, 2.59, 2.25, 2.1, 1.88, 1.81, 1.75, 1.5, 1.32, 1.18, 0.55, 0, 0.7, 1.11, 1.73, 2.65, 2.83, 2.96, 3.22, 3.37, 3.795, 3.976, 3.665, 4.105, 4.746, 5.479, 6.068, 6.309, 6.521, 5.74, 5.141, 4.556, 4.07, 4.85, 4.64, 4.947, 5.491, 5.425, 5.181, 5.76, 6.647, 6.531, 6.361, 6.535, 6.935, 6.741, 6.724, 6.83, 6.9, 6.98, 7.38, 7.48, 7.21, 7.12, 6.94, 6.444, 6.824, 6.644, 6.341, 5.572, 5.339, 5.171, 5.498, 5.886, 5.594, 5.162, 5.691, 8.689, 10.413, 9.722, 9.53, 10.201, 9.975, 9.663, 10.007, 10.661, 10.903, 11.193, 11.1], [3.08, 2.93, 2.54, 2.47, 2.46, 2.31, 2.15, 2.15, 2.59, 2.27, 2.199, 1.88, 1.73, 1.89, 1.58, 1.32, 1.2, 0.73, 0.7, 0, 0.83, 1.61, 2.59, 2.73, 2.86, 3.16, 3.31, 3.85, 3.836, 3.6, 4.04, 4.59, 5.42, 6.14, 6.29, 6.53, 5.8, 5.15, 4.42, 4.07, 4.87, 4.7, 4.95, 5.54, 5.46, 5.19, 5.8, 6.67, 6.56, 6.39, 6.57, 6.97, 6.77, 6.71, 6.89, 6.96, 7.06, 7.48, 7.56, 7.29, 7.2, 7.0, 6.47, 6.83, 6.63, 6.29, 5.59, 5.319, 5.036, 5.335, 5.766, 5.436, 5.18, 5.551, 8.623, 10.348, 9.682, 9.478, 10.129, 9.84, 9.548, 9.912, 10.609, 10.854, 11.118, 11.042], [3.01, 2.92, 2.55, 2.56, 2.73, 2.68, 2.5, 2.2, 2.84, 2.42, 2.37, 2.19, 1.98, 2.02, 1.69, 1.31, 1.21, 1.06, 1.11, 0.83, 0, 1.22, 2.22, 2.4, 2.57, 2.87, 3.06, 3.64, 3.606, 3.25, 3.77, 4.3, 5.19, 5.91, 6.159, 6.34, 5.53, 4.96, 4.31, 3.86, 4.56, 4.39, 4.72, 5.35, 5.29, 4.96, 5.53, 6.44, 6.39, 6.2, 6.4, 6.8, 6.6, 6.52, 6.64, 6.77, 6.85, 7.23, 7.35, 7.02, 6.93, 6.73, 6.22, 6.58, 6.38, 6.08, 5.439, 5.229, 5.021, 5.245, 5.674, 5.384, 5.049, 5.721, 8.81, 10.538, 9.872, 9.651, 10.174, 9.95, 9.581, 9.974, 10.745, 11.018, 11.254, 11.227], [2.71, 2.56, 2.29, 2.84, 3.47, 3.4, 3.1, 2.44, 2.617, 2.58, 2.59, 2.51, 1.86, 1.76, 1.57, 1.17, 1.15, 1.76, 1.73, 1.61, 1.22, 0, 1.42, 1.48, 1.73, 2.11, 2.54, 3.22, 3.27, 2.87, 3.15, 3.94, 4.99, 5.57, 5.88, 5.88, 5.11, 4.54, 4.13, 3.32, 4.02, 3.89, 4.32, 4.95, 4.85, 4.54, 5.11, 6.02, 5.93, 5.74, 5.94, 6.36, 6.14, 6.08, 6.2, 6.17, 6.21, 6.63, 6.69, 6.5, 6.41, 6.27, 5.8, 6.18, 5.98, 5.68, 5.02, 4.99, 5.734, 5.36, 5.44, 5.41, 5.13, 6.338, 9.491, 11.227, 10.556, 10.252, 10.744, 10.588, 10.214, 10.621, 11.326, 11.619, 11.949, 11.842], [2.83, 2.76, 2.79, 3.48, 4.21, 4.1, 3.78, 3.06, 3.02, 3.12, 3.13, 3.19, 2.52, 2.1, 2.07, 1.93, 2.03, 2.66, 2.65, 2.59, 2.22, 1.42, 0, 0.86, 1.21, 1.57, 2.4, 3.338, 3.537, 3.057, 3.23, 4.156, 4.79, 5.486, 6.094, 5.4, 4.61, 4.459, 4.29, 3.26, 3.28, 3.39, 3.7, 4.43, 4.63, 3.9, 4.51, 5.26, 5.33, 5.24, 5.52, 5.96, 5.72, 5.5, 5.54, 5.53, 5.49, 5.97, 5.97, 5.8, 5.71, 5.55, 5.08, 5.56, 5.48, 5.32, 4.92, 5.265, 6.332, 5.928, 5.69, 5.837, 5.465, 6.815, 9.985, 11.71, 11.037, 10.733, 11.253, 11.083, 10.714, 11.07, 11.815, 12.122, 12.381, 12.314], [3.17, 3.14, 3.11, 3.64, 4.35, 4.22, 3.88, 3.22, 3.14, 3.28, 3.29, 3.31, 2.62, 2.28, 2.37, 2.07, 2.17, 2.86, 2.83, 2.73, 2.4, 1.48, 0.86, 0, 1.05, 1.49, 2.4, 3.387, 3.64, 3.023, 3.244, 4.21, 4.755, 5.523, 6.107, 5.46, 4.69, 4.436, 4.191, 3.334, 3.46, 3.59, 3.88, 4.45, 4.63, 4.08, 4.63, 5.44, 5.43, 5.34, 5.554, 5.959, 5.734, 5.58, 5.66, 5.65, 5.69, 6.17, 6.15, 5.98, 5.89, 5.73, 5.26, 5.62, 5.44, 5.22, 4.896, 5.231, 6.215, 5.938, 5.813, 5.88, 5.433, 6.703, 9.893, 11.58, 10.907, 10.549, 11.034, 11.002, 10.653, 10.957, 11.66, 11.979, 12.283, 12.159], [3.38, 3.27, 3.2, 3.71, 4.56, 4.49, 4.13, 3.49, 3.45, 3.57, 3.6, 3.54, 2.81, 2.55, 2.56, 2.36, 2.32, 2.93, 2.96, 2.86, 2.57, 1.73, 1.21, 1.05, 0, 1.24, 2.27, 3.143, 3.353, 2.722, 3.139, 4.132, 4.785, 5.379, 5.871, 5.51, 4.72, 4.43, 3.965, 3.249, 3.59, 3.38, 3.69, 4.46, 4.62, 4.13, 4.64, 5.53, 5.56, 5.45, 5.689, 6.109, 5.849, 5.69, 5.77, 5.74, 5.7, 6.12, 6.1, 5.93, 5.88, 5.76, 5.33, 5.71, 5.53, 5.25, 4.809, 4.981, 5.851, 5.631, 5.549, 5.57, 5.284, 6.373, 9.549, 11.233, 10.502, 10.039, 10.73, 10.632, 10.243, 10.57, 11.087, 11.434, 11.816, 11.709], [3.34, 3.31, 3.3, 3.71, 4.54, 4.49, 4.11, 3.47, 3.57, 3.65, 3.68, 3.6, 2.93, 2.63, 2.74, 2.72, 2.68, 3.25, 3.22, 3.16, 2.87, 2.11, 1.57, 1.49, 1.24, 0, 1.69, 2.73, 3.22, 2.62, 2.88, 3.93, 4.34, 4.76, 5.314, 4.77, 3.94, 3.93, 3.56, 2.91, 2.89, 2.72, 3.11, 3.58, 3.96, 3.31, 3.74, 4.53, 4.7, 4.65, 4.89, 5.35, 5.13, 4.85, 4.89, 4.9, 4.84, 5.3, 5.28, 5.11, 4.94, 4.78, 4.33, 4.75, 4.59, 4.35, 4.09, 4.438, 5.353, 5.268, 5.14, 5.087, 4.641, 5.827, 8.997, 10.687, 9.976, 9.558, 10.498, 10.497, 10.094, 10.358, 10.735, 10.982, 11.304, 11.194], [3.21, 3.3, 3.23, 3.86, 4.51, 4.58, 4.3, 3.732, 3.912, 3.932, 4.002, 4.022, 3.414, 3.02, 3.05, 2.95, 2.89, 3.32, 3.37, 3.31, 3.06, 2.54, 2.4, 2.4, 2.27, 1.69, 0, 1.3, 1.69, 1.23, 1.39, 2.34, 2.93, 3.47, 4.06, 3.6, 2.83, 2.66, 2.31, 1.76, 2.14, 1.89, 2.24, 2.59, 2.73, 2.26, 2.79, 3.66, 3.55, 3.46, 3.68, 4.1, 3.9, 3.72, 3.86, 3.97, 4.13, 4.77, 4.91, 4.48, 4.31, 4.01, 3.44, 3.86, 3.7, 3.46, 3.04, 3.15, 4.16, 3.94, 3.64, 3.65, 3.37, 4.691, 7.861, 9.591, 8.928, 8.627, 9.413, 9.312, 8.986, 9.276, 9.744, 10.003, 10.316, 10.212], [3.35, 3.4, 3.33, 3.92, 4.53, 4.52, 4.3, 3.846, 4.146, 4.168, 4.303, 4.441, 4.045, 3.69, 3.549, 3.589, 3.489, 3.865, 3.795, 3.85, 3.64, 3.22, 3.338, 3.387, 3.143, 2.73, 1.3, 0, 0.99, 1.09, 1.05, 1.68, 2.37, 2.75, 3.1, 3.2, 2.51, 2.12, 1.67, 1.72, 2.3, 2.11, 2.1, 2.31, 1.99, 1.98, 2.71, 3.34, 3.03, 2.84, 2.96, 3.36, 3.2, 3.38, 3.88, 4.07, 4.39, 5.11, 5.25, 4.7, 4.47, 4.01, 3.3, 3.46, 3.4, 3.12, 2.42, 2.33, 3.35, 2.88, 2.8, 2.79, 2.43, 3.85, 7.02, 8.75, 8.068, 7.756, 8.579, 8.452, 8.106, 8.436, 8.876, 9.126, 9.499, 9.349], [3.48, 3.53, 3.32, 3.87, 4.48, 4.59, 4.407, 4.07, 4.538, 4.543, 4.716, 4.742, 4.397, 4.208, 3.891, 3.711, 3.494, 3.946, 3.976, 3.836, 3.606, 3.27, 3.537, 3.64, 3.353, 3.22, 1.69, 0.99, 0, 0.96, 1.0, 1.47, 2.02, 2.88, 3.37, 3.61, 3.04, 2.45, 1.82, 2.15, 2.77, 2.64, 2.41, 2.54, 2.36, 2.41, 3.2, 3.77, 3.34, 3.19, 3.27, 3.61, 3.49, 3.71, 4.33, 4.64, 5.08, 5.76, 5.92, 5.31, 5.08, 4.52, 3.89, 3.87, 3.73, 3.45, 2.85, 2.52, 3.22, 2.73, 2.59, 2.6, 2.62, 3.74, 6.89, 8.62, 7.918, 7.6, 8.149, 8.042, 7.616, 8.046, 8.657, 8.99, 9.289, 9.202], [3.46, 3.37, 3.32, 3.93, 4.6, 4.71, 4.47, 4.033, 4.378, 4.452, 4.673, 4.688, 4.215, 3.877, 3.596, 3.396, 3.176, 3.635, 3.665, 3.6, 3.25, 2.87, 3.057, 3.023, 2.722, 2.62, 1.23, 1.09, 0.96, 0, 0.94, 1.71, 2.54, 3.26, 3.79, 3.77, 3.16, 2.65, 2.08, 2.01, 2.81, 2.58, 2.31, 2.52, 2.54, 2.45, 3.14, 3.95, 3.58, 3.39, 3.53, 3.89, 3.73, 3.91, 4.47, 4.68, 5.04, 5.64, 5.78, 5.23, 5.02, 4.48, 3.85, 3.97, 3.81, 3.49, 2.87, 2.76, 3.6, 3.31, 3.21, 3.24, 3.1, 4.34, 7.51, 9.24, 8.538, 8.146, 8.729, 8.602, 8.196, 8.566, 9.206, 9.536, 9.889, 9.782], [3.42, 3.43, 3.46, 4.03, 4.66, 4.77, 4.57, 4.193, 4.478, 4.603, 4.793, 4.888, 4.415, 4.043, 3.782, 3.659, 3.562, 4.095, 4.105, 4.04, 3.77, 3.15, 3.23, 3.244, 3.139, 2.88, 1.39, 1.05, 1.0, 0.94, 0, 1.31, 2.24, 2.94, 3.59, 3.35, 2.76, 2.39, 1.98, 1.71, 2.25, 2.18, 2.13, 2.26, 2.04, 1.99, 2.78, 3.49, 3.1, 2.95, 3.03, 3.37, 3.29, 3.49, 4.11, 4.28, 4.62, 5.26, 5.42, 4.85, 4.66, 4.12, 3.55, 3.57, 3.47, 3.15, 2.51, 2.54, 3.555, 3.05, 2.81, 2.96, 2.8, 4.22, 7.328, 9.075, 8.415, 8.12, 8.683, 8.562, 8.156, 8.586, 9.177, 9.513, 9.846, 9.736], [4.03, 4.04, 3.95, 4.5, 5.15, 5.274, 5.074, 4.739, 5.079, 5.179, 5.358, 5.401, 5.108, 4.924, 4.544, 4.404, 4.366, 4.736, 4.746, 4.59, 4.3, 3.94, 4.156, 4.21, 4.132, 3.93, 2.34, 1.68, 1.47, 1.71, 1.31, 0, 1.61, 2.19, 2.78, 2.86, 2.29, 1.72, 1.49, 1.6, 2.68, 2.53, 1.96, 1.91, 1.63, 2.1, 2.81, 3.34, 3.05, 2.62, 2.66, 2.8, 2.78, 3.22, 4.16, 4.41, 4.59, 5.41, 5.47, 4.72, 4.41, 3.75, 3.14, 3.12, 2.94, 2.56, 2.02, 1.79, 2.67, 2.16, 1.9, 2.07, 2.11, 3.35, 6.398, 8.182, 7.525, 7.407, 7.85, 7.649, 7.326, 7.739, 8.419, 8.718, 8.999, 8.907], [4.6, 4.81, 4.7, 5.19, 5.837, 5.987, 5.867, 5.467, 5.898, 5.938, 6.093, 6.162, 5.811, 5.668, 5.391, 5.411, 5.231, 5.449, 5.479, 5.42, 5.19, 4.99, 4.79, 4.755, 4.785, 4.34, 2.93, 2.37, 2.02, 2.54, 2.24, 1.61, 0, 1.56, 2.41, 2.57, 2.34, 1.75, 1.74, 2.29, 3.05, 3.12, 2.09, 1.68, 1.98, 2.47, 3.04, 3.39, 3.04, 2.63, 2.49, 2.45, 2.33, 3.21, 4.23, 4.58, 4.78, 5.64, 5.64, 4.85, 4.38, 3.68, 2.91, 2.53, 2.35, 2.07, 1.97, 1.68, 2.34, 2.03, 1.61, 2.04, 2.52, 3.32, 5.791, 7.521, 6.838, 6.657, 7.257, 7.102, 6.755, 7.101, 7.706, 7.965, 8.192, 8.157], [5.06, 5.09, 4.98, 5.39, 6.017, 6.184, 5.984, 5.629, 5.949, 6.069, 6.239, 6.451, 6.178, 5.954, 5.814, 5.959, 5.842, 6.058, 6.068, 6.14, 5.91, 5.57, 5.486, 5.523, 5.379, 4.76, 3.47, 2.75, 2.88, 3.26, 2.94, 2.19, 1.56, 0, 1.71, 2.39, 2.28, 1.69, 2.0, 2.67, 3.55, 3.42, 2.43, 1.66, 2.0, 2.75, 3.5, 3.63, 3.32, 2.95, 2.63, 2.51, 2.63, 3.47, 4.61, 5.02, 5.24, 6.18, 6.14, 5.39, 4.78, 4.08, 3.13, 2.57, 2.29, 1.91, 1.83, 1.6, 2.12, 1.87, 1.51, 2.1, 2.14, 2.8, 4.751, 6.481, 5.798, 5.837, 6.771, 6.598, 6.255, 6.556, 7.008, 7.159, 7.377, 7.267], [4.41, 4.5, 4.61, 5.02, 5.767, 5.657, 5.757, 5.097, 5.377, 5.577, 5.709, 6.158, 6.316, 6.304, 5.944, 6.189, 6.129, 6.299, 6.309, 6.29, 6.159, 5.88, 6.094, 6.107, 5.871, 5.314, 4.06, 3.1, 3.37, 3.79, 3.59, 2.78, 2.41, 1.71, 0, 1.68, 2.13, 1.82, 2.21, 3.02, 3.6, 3.35, 3.08, 2.33, 1.95, 2.72, 3.23, 3.3, 2.85, 2.48, 2.26, 2.26, 2.08, 2.96, 4.04, 4.43, 4.63, 5.55, 5.51, 4.76, 4.19, 3.55, 2.68, 2.28, 2.14, 2.02, 1.74, 1.55, 2.43, 1.94, 1.74, 1.85, 1.71, 2.25, 4.672, 6.584, 6.19, 6.49, 7.51, 7.26, 6.94, 7.158, 7.593, 7.743, 7.97, 7.846], [4.23, 4.52, 4.85, 5.52, 6.13, 6.08, 6.1, 5.503, 5.523, 5.74, 5.87, 6.364, 6.457, 6.162, 5.952, 6.272, 6.261, 6.471, 6.521, 6.53, 6.34, 5.88, 5.4, 5.46, 5.51, 4.77, 3.6, 3.2, 3.61, 3.77, 3.35, 2.86, 2.57, 2.39, 1.68, 0, 1.07, 1.7, 2.49, 2.6, 2.48, 2.67, 2.18, 1.97, 1.85, 1.76, 2.05, 1.9, 1.79, 1.4, 1.58, 1.66, 1.46, 1.7, 2.56, 2.89, 3.11, 4.13, 4.09, 3.36, 2.79, 2.15, 1.66, 1.72, 1.72, 2.0, 2.02, 2.47, 3.67, 3.1, 2.54, 2.41, 2.17, 3.29, 6.18, 7.999, 7.704, 8.03, 9.07, 8.82, 8.52, 8.78, 9.203, 9.314, 9.47, 9.34], [4.1, 4.27, 4.64, 5.41, 5.94, 5.71, 5.61, 5.039, 5.079, 5.259, 5.383, 5.717, 5.644, 5.389, 5.18, 5.499, 5.468, 5.684, 5.74, 5.8, 5.53, 5.11, 4.61, 4.69, 4.72, 3.94, 2.83, 2.51, 3.04, 3.16, 2.76, 2.29, 2.34, 2.28, 2.13, 1.07, 0, 1.19, 1.98, 1.85, 1.89, 1.84, 1.65, 1.52, 1.66, 1.29, 1.54, 1.77, 1.88, 1.61, 1.73, 1.99, 1.83, 1.71, 2.45, 2.9, 3.1, 4.08, 4.04, 3.31, 2.76, 2.24, 1.59, 1.71, 1.77, 1.95, 1.75, 2.26, 3.54, 2.97, 2.41, 2.44, 2.12, 3.4, 6.482, 8.289, 7.72, 7.96, 8.928, 8.726, 8.449, 8.713, 9.151, 9.333, 9.494, 9.35], [4.37, 4.46, 4.53, 5.26, 5.85, 5.68, 5.52, 5.006, 5.106, 5.226, 5.353, 5.524, 5.231, 5.044, 4.746, 4.966, 4.915, 5.085, 5.141, 5.15, 4.96, 4.54, 4.459, 4.436, 4.43, 3.93, 2.66, 2.12, 2.45, 2.65, 2.39, 1.72, 1.75, 1.69, 1.82, 1.7, 1.19, 0, 1.21, 1.54, 2.24, 2.13, 1.6, 1.61, 1.73, 1.94, 2.43, 2.8, 2.75, 2.36, 2.26, 2.54, 2.28, 2.64, 3.52, 3.95, 4.17, 5.05, 5.05, 4.26, 3.77, 3.23, 2.46, 2.4, 2.2, 2.12, 1.68, 1.87, 2.97, 2.24, 2.0, 2.33, 2.05, 2.87, 5.955, 7.739, 7.122, 7.13, 7.884, 7.651, 7.351, 7.63, 8.213, 8.489, 8.654, 8.615], [4.14, 4.23, 4.08, 4.51, 5.16, 5.27, 5.01, 4.596, 5.013, 5.11, 5.236, 5.151, 4.766, 4.694, 4.474, 4.474, 4.396, 4.566, 4.556, 4.42, 4.31, 4.13, 4.29, 4.191, 3.965, 3.56, 2.31, 1.67, 1.82, 2.08, 1.98, 1.49, 1.74, 2.0, 2.21, 2.49, 1.98, 1.21, 0, 1.41, 2.544, 2.3, 1.31, 1.48, 1.74, 2.13, 2.78, 3.27, 3.22, 2.85, 2.77, 3.11, 2.99, 3.21, 4.03, 4.38, 4.6, 5.46, 5.44, 4.75, 4.48, 3.98, 3.25, 3.23, 2.95, 2.63, 2.07, 1.9, 2.64, 2.21, 2.27, 2.26, 1.92, 2.678, 5.848, 7.578, 6.915, 6.769, 7.508, 7.339, 7.052, 7.351, 7.94, 8.139, 8.367, 8.325], [3.87, 3.96, 3.93, 4.62, 5.23, 5.26, 5.02, 4.452, 4.632, 4.632, 4.682, 4.796, 4.34, 4.036, 3.71, 3.849, 3.77, 4.04, 4.07, 4.07, 3.86, 3.32, 3.26, 3.334, 3.249, 2.91, 1.76, 1.72, 2.15, 2.01, 1.71, 1.6, 2.29, 2.67, 3.02, 2.6, 1.85, 1.54, 1.41, 0, 1.46, 1.41, 1.42, 1.85, 1.71, 1.74, 2.29, 3.0, 3.01, 2.6, 2.76, 3.16, 2.92, 3.04, 3.48, 3.63, 3.79, 4.53, 4.61, 4.0, 3.87, 3.59, 2.92, 3.18, 2.94, 2.64, 2.2, 2.39, 3.51, 2.9, 2.68, 2.81, 2.41, 3.845, 6.995, 8.802, 8.131, 8.102, 8.713, 8.412, 8.169, 8.527, 9.236, 9.472, 9.677, 9.658], [3.89, 4.12, 4.35, 5.18, 5.73, 5.52, 5.4, 4.792, 4.812, 4.872, 4.862, 5.179, 4.88, 4.32, 4.13, 4.27, 4.39, 4.68, 4.85, 4.87, 4.56, 4.02, 3.28, 3.46, 3.59, 2.89, 2.14, 2.3, 2.77, 2.81, 2.25, 2.68, 3.05, 3.55, 3.6, 2.48, 1.89, 2.24, 2.544, 1.46, 0, 0.91, 1.84, 2.43, 2.19, 1.54, 1.79, 2.18, 2.39, 2.42, 2.66, 3.04, 2.92, 2.66, 2.86, 2.91, 3.11, 3.63, 3.75, 3.26, 3.11, 2.87, 2.42, 2.84, 2.82, 2.86, 2.86, 3.43, 4.59, 3.98, 3.56, 3.73, 3.21, 4.782, 7.915, 9.759, 9.136, 9.179, 9.796, 9.628, 9.371, 9.67, 10.333, 10.609, 10.762, 10.729], [3.8, 3.87, 4.08, 4.91, 5.52, 5.29, 5.17, 4.542, 4.539, 4.739, 4.766, 5.009, 4.71, 4.17, 3.92, 4.14, 4.2, 4.49, 4.64, 4.7, 4.39, 3.89, 3.39, 3.59, 3.38, 2.72, 1.89, 2.11, 2.64, 2.58, 2.18, 2.53, 3.12, 3.42, 3.35, 2.67, 1.84, 2.13, 2.3, 1.41, 0.91, 0, 1.79, 2.4, 2.22, 1.63, 1.64, 2.27, 2.54, 2.65, 2.89, 3.31, 3.11, 2.79, 3.03, 3.18, 3.36, 3.86, 3.98, 3.49, 3.28, 3.0, 2.51, 2.75, 2.81, 2.81, 2.69, 3.16, 4.36, 3.75, 3.41, 3.44, 3.0, 4.552, 7.665, 9.529, 8.909, 8.912, 9.586, 9.393, 9.101, 9.449, 10.066, 10.302, 10.481, 10.462], [4.63, 4.74, 4.79, 5.46, 6.09, 6.2, 5.96, 5.486, 5.683, 5.74, 5.79, 5.85, 5.357, 4.657, 4.481, 4.587, 4.567, 4.937, 4.947, 4.95, 4.72, 4.32, 3.7, 3.88, 3.69, 3.11, 2.24, 2.1, 2.41, 2.31, 2.13, 1.96, 2.09, 2.43, 3.08, 2.18, 1.65, 1.6, 1.31, 1.42, 1.84, 1.79, 0, 1.27, 1.97, 1.7, 2.09, 2.58, 2.87, 2.6, 2.82, 3.12, 2.98, 2.76, 3.44, 3.75, 3.85, 4.65, 4.65, 3.92, 3.67, 3.19, 2.54, 2.72, 2.54, 2.48, 2.52, 2.75, 3.61, 3.06, 2.88, 3.03, 2.75, 3.85, 7.02, 8.728, 8.003, 7.719, 8.47, 8.301, 7.972, 8.287, 8.87, 9.089, 9.382, 9.298], [4.54, 4.63, 4.52, 5.07, 5.74, 5.847, 5.647, 5.227, 5.558, 5.618, 5.785, 5.911, 5.578, 5.212, 5.185, 5.345, 5.265, 5.538, 5.491, 5.54, 5.35, 4.95, 4.43, 4.45, 4.46, 3.58, 2.59, 2.31, 2.54, 2.52, 2.26, 1.91, 1.68, 1.66, 2.33, 1.97, 1.52, 1.61, 1.48, 1.85, 2.43, 2.4, 1.27, 0, 1.3, 1.57, 2.22, 2.57, 2.3, 2.11, 2.13, 2.45, 2.21, 2.55, 3.49, 3.86, 4.1, 4.96, 4.92, 4.13, 3.74, 3.08, 2.41, 2.11, 1.83, 1.59, 1.67, 1.88, 2.72, 2.45, 2.09, 2.12, 1.92, 2.9, 6.03, 7.72, 7.04, 7.04, 7.982, 7.87, 7.546, 7.805, 8.26, 8.479, 8.68, 8.496], [3.62, 3.75, 3.78, 4.35, 5.057, 5.064, 4.964, 4.558, 4.732, 4.809, 4.996, 5.491, 5.438, 5.163, 4.942, 5.222, 5.205, 5.415, 5.425, 5.46, 5.29, 4.85, 4.63, 4.63, 4.62, 3.96, 2.73, 1.99, 2.36, 2.54, 2.04, 1.63, 1.98, 2.0, 1.95, 1.85, 1.66, 1.73, 1.74, 1.71, 2.19, 2.22, 1.97, 1.3, 0, 1.27, 2.06, 2.43, 1.94, 1.61, 1.61, 1.87, 1.79, 2.29, 3.19, 3.44, 3.68, 4.54, 4.56, 3.77, 3.52, 2.88, 2.21, 2.03, 1.91, 1.59, 1.39, 1.44, 2.5, 2.07, 1.67, 1.68, 1.36, 2.96, 5.97, 7.82, 7.32, 7.54, 8.38, 8.21, 7.93, 8.219, 8.7, 8.95, 9.14, 9.01], [3.51, 3.68, 3.85, 4.64, 5.23, 5.12, 4.98, 4.483, 4.603, 4.757, 4.767, 5.224, 5.117, 4.759, 4.555, 4.875, 4.901, 5.131, 5.181, 5.19, 4.96, 4.54, 3.9, 4.08, 4.13, 3.31, 2.26, 1.98, 2.41, 2.45, 1.99, 2.1, 2.47, 2.75, 2.72, 1.76, 1.29, 1.94, 2.13, 1.74, 1.54, 1.63, 1.7, 1.57, 1.27, 0, 1.19, 1.62, 1.63, 1.6, 1.86, 2.2, 2.06, 1.78, 2.36, 2.57, 2.99, 3.87, 3.83, 3.16, 2.87, 2.29, 1.74, 1.94, 1.9, 1.86, 1.74, 2.21, 3.49, 3.02, 2.5, 2.59, 2.21, 3.81, 6.92, 8.79, 8.25, 8.447, 9.352, 9.159, 8.873, 9.192, 9.667, 9.84, 10.027, 9.92], [4.1, 4.25, 4.56, 5.37, 5.96, 5.79, 5.73, 5.116, 5.116, 5.356, 5.443, 5.82, 5.767, 5.244, 5.0, 5.354, 5.434, 5.684, 5.76, 5.8, 5.53, 5.11, 4.51, 4.63, 4.64, 3.74, 2.79, 2.71, 3.2, 3.14, 2.78, 2.81, 3.04, 3.5, 3.23, 2.05, 1.54, 2.43, 2.78, 2.29, 1.79, 1.64, 2.09, 2.22, 2.06, 1.19, 0, 1.01, 1.6, 1.75, 2.13, 2.45, 2.23, 1.81, 1.95, 2.24, 2.26, 3.02, 3.04, 2.35, 2.1, 1.54, 1.37, 1.75, 2.03, 2.33, 2.35, 2.86, 4.14, 3.65, 3.11, 3.2, 2.84, 4.48, 7.59, 9.48, 8.92, 9.16, 10.06, 9.83, 9.57, 9.899, 10.32, 10.49, 10.72, 10.59], [4.47, 4.8, 5.21, 6.0, 6.59, 6.34, 6.38, 5.763, 5.683, 6.077, 6.147, 6.59, 6.597, 6.094, 5.884, 6.247, 6.327, 6.577, 6.647, 6.67, 6.44, 6.02, 5.26, 5.44, 5.53, 4.53, 3.66, 3.34, 3.77, 3.95, 3.49, 3.34, 3.39, 3.63, 3.3, 1.9, 1.77, 2.8, 3.27, 3.0, 2.18, 2.27, 2.58, 2.57, 2.43, 1.62, 1.01, 0, 1.07, 1.34, 1.68, 2.0, 1.88, 1.34, 1.58, 2.05, 2.13, 2.89, 2.93, 2.24, 1.95, 1.37, 1.62, 1.9, 2.24, 2.64, 2.72, 3.31, 4.61, 4.14, 3.52, 3.47, 3.01, 4.57, 7.66, 9.53, 8.97, 9.27, 10.21, 10.04, 9.76, 10.049, 10.47, 10.64, 10.83, 10.68], [4.0, 4.31, 4.7, 5.35, 6.04, 5.884, 5.987, 5.344, 5.301, 5.701, 5.888, 6.391, 6.458, 6.155, 5.985, 6.305, 6.305, 6.515, 6.531, 6.56, 6.39, 5.93, 5.33, 5.43, 5.56, 4.7, 3.55, 3.03, 3.34, 3.58, 3.1, 3.05, 3.04, 3.32, 2.85, 1.79, 1.88, 2.75, 3.22, 3.01, 2.39, 2.54, 2.87, 2.3, 1.94, 1.63, 1.6, 1.07, 0, 0.87, 1.19, 1.39, 1.27, 1.07, 1.61, 2.0, 2.44, 3.32, 3.42, 2.69, 2.36, 1.82, 1.95, 1.95, 2.09, 2.27, 2.49, 2.88, 4.18, 3.67, 3.05, 2.96, 2.52, 4.18, 7.21, 9.12, 8.66, 8.94, 9.84, 9.67, 9.39, 9.68, 10.1, 10.29, 10.48, 10.35], [3.81, 4.18, 4.55, 5.2, 5.99, 5.76, 5.88, 5.143, 5.174, 5.608, 5.735, 6.284, 6.351, 6.002, 5.812, 6.132, 6.115, 6.328, 6.361, 6.39, 6.2, 5.74, 5.24, 5.34, 5.45, 4.65, 3.46, 2.84, 3.19, 3.39, 2.95, 2.62, 2.63, 2.95, 2.48, 1.4, 1.61, 2.36, 2.85, 2.6, 2.42, 2.65, 2.6, 2.11, 1.61, 1.6, 1.75, 1.34, 0.87, 0, 0.9, 1.14, 1.02, 1.0, 1.86, 2.27, 2.57, 3.47, 3.57, 2.82, 2.47, 1.81, 1.7, 1.7, 1.82, 2.0, 2.06, 2.47, 3.79, 3.2, 2.62, 2.53, 2.15, 3.87, 6.88, 8.77, 8.31, 8.61, 9.49, 9.28, 8.98, 9.31, 9.71, 9.9, 10.11, 9.98], [4.01, 4.34, 4.65, 5.36, 6.09, 5.837, 5.937, 5.237, 5.245, 5.762, 5.926, 6.541, 6.468, 6.273, 6.032, 6.369, 6.332, 6.525, 6.535, 6.57, 6.4, 5.94, 5.52, 5.554, 5.689, 4.89, 3.68, 2.96, 3.27, 3.53, 3.03, 2.66, 2.49, 2.63, 2.26, 1.58, 1.73, 2.26, 2.77, 2.76, 2.66, 2.89, 2.82, 2.13, 1.61, 1.86, 2.13, 1.68, 1.19, 0.9, 0, 0.74, 0.76, 1.18, 2.3, 2.73, 3.13, 4.07, 4.07, 3.3, 2.93, 2.23, 1.98, 1.92, 2.12, 2.12, 2.0, 2.31, 3.65, 3.0, 2.48, 2.43, 2.05, 3.51, 6.48, 8.37, 7.83, 8.17, 9.07, 8.92, 8.58, 8.77, 9.21, 9.42, 9.61, 9.46], [4.37, 4.7, 5.05, 5.58, 6.307, 6.114, 6.214, 5.559, 5.596, 6.173, 6.363, 6.918, 6.845, 6.713, 6.452, 6.752, 6.732, 6.925, 6.935, 6.97, 6.8, 6.36, 5.96, 5.959, 6.109, 5.35, 4.1, 3.36, 3.61, 3.89, 3.37, 2.8, 2.45, 2.51, 2.26, 1.66, 1.99, 2.54, 3.11, 3.16, 3.04, 3.31, 3.12, 2.45, 1.87, 2.2, 2.45, 2.0, 1.39, 1.14, 0.74, 0, 0.68, 1.28, 2.44, 2.85, 3.21, 4.19, 4.17, 3.4, 2.91, 2.23, 2.24, 2.02, 2.18, 2.14, 2.24, 2.27, 3.53, 2.96, 2.44, 2.43, 2.35, 3.73, 6.3, 8.21, 7.71, 7.99, 8.91, 8.72, 8.38, 8.65, 9.09, 9.24, 9.43, 9.32], [4.07, 4.48, 4.83, 5.48, 6.25, 6.037, 6.177, 5.437, 5.428, 5.948, 6.075, 6.641, 6.645, 6.49, 6.252, 6.569, 6.532, 6.725, 6.741, 6.77, 6.6, 6.14, 5.72, 5.734, 5.849, 5.13, 3.9, 3.2, 3.49, 3.73, 3.29, 2.78, 2.33, 2.63, 2.08, 1.46, 1.83, 2.28, 2.99, 2.92, 2.92, 3.11, 2.98, 2.21, 1.79, 2.06, 2.23, 1.88, 1.27, 1.02, 0.76, 0.68, 0, 1.06, 2.16, 2.61, 2.89, 3.89, 3.85, 3.06, 2.63, 2.03, 1.96, 1.74, 1.9, 1.98, 1.98, 2.23, 3.53, 3.02, 2.42, 2.37, 2.23, 3.69, 6.44, 8.35, 7.87, 8.21, 9.11, 8.92, 8.6, 8.89, 9.31, 9.5, 9.69, 9.56], [4.27, 4.68, 5.09, 5.8, 6.49, 6.24, 6.36, 5.643, 5.543, 6.017, 6.104, 6.607, 6.614, 6.322, 6.132, 6.452, 6.441, 6.654, 6.724, 6.71, 6.52, 6.08, 5.5, 5.58, 5.69, 4.85, 3.72, 3.38, 3.71, 3.91, 3.49, 3.22, 3.21, 3.47, 2.96, 1.7, 1.71, 2.64, 3.21, 3.04, 2.66, 2.79, 2.76, 2.55, 2.29, 1.78, 1.81, 1.34, 1.07, 1.0, 1.18, 1.28, 1.06, 0, 1.38, 1.73, 2.05, 3.05, 3.05, 2.3, 2.03, 1.55, 1.9, 2.04, 2.2, 2.52, 2.58, 3.07, 4.39, 3.84, 3.28, 3.17, 2.77, 4.35, 7.38, 9.29, 8.77, 9.09, 9.99, 9.82, 9.52, 9.83, 10.25, 10.42, 10.61, 10.48], [4.57, 5.04, 5.47, 6.16, 6.87, 6.6, 6.68, 5.932, 5.772, 6.132, 6.242, 6.67, 6.777, 6.38, 6.25, 6.53, 6.527, 6.757, 6.83, 6.89, 6.64, 6.2, 5.54, 5.66, 5.77, 4.89, 3.86, 3.88, 4.33, 4.47, 4.11, 4.16, 4.23, 4.61, 4.04, 2.56, 2.45, 3.52, 4.03, 3.48, 2.86, 3.03, 3.44, 3.49, 3.19, 2.36, 1.95, 1.58, 1.61, 1.86, 2.3, 2.44, 2.16, 1.38, 0, 0.87, 1.27, 2.15, 2.15, 1.8, 1.43, 1.63, 2.18, 2.72, 2.9, 3.36, 3.6, 4.11, 5.41, 4.92, 4.36, 4.11, 3.69, 5.43, 8.46, 10.37, 9.95, 10.31, 11.21, 11.04, 10.74, 11.05, 11.458, 11.64, 11.81, 11.66], [4.74, 5.19, 5.6, 6.21, 7.04, 6.79, 6.87, 6.045, 5.885, 6.245, 6.335, 6.755, 6.79, 6.41, 6.36, 6.56, 6.6, 6.89, 6.9, 6.96, 6.77, 6.17, 5.53, 5.65, 5.74, 4.9, 3.97, 4.07, 4.64, 4.68, 4.28, 4.41, 4.58, 5.02, 4.43, 2.89, 2.9, 3.95, 4.38, 3.63, 2.91, 3.18, 3.75, 3.86, 3.44, 2.57, 2.24, 2.05, 2.0, 2.27, 2.73, 2.85, 2.61, 1.73, 0.87, 0, 0.98, 1.7, 1.64, 1.39, 1.38, 1.88, 2.41, 3.01, 3.15, 3.59, 3.85, 4.38, 5.62, 5.21, 4.629, 4.42, 4.06, 5.82, 8.87, 10.78, 10.38, 10.74, 11.64, 11.45, 11.15, 11.48, 11.888, 12.05, 12.24, 12.09], [4.84, 5.31, 5.72, 6.35, 7.18, 6.95, 7.01, 6.185, 6.025, 6.385, 6.455, 6.895, 6.93, 6.49, 6.36, 6.6, 6.64, 6.95, 6.98, 7.06, 6.85, 6.21, 5.49, 5.69, 5.7, 4.84, 4.13, 4.39, 5.08, 5.04, 4.62, 4.59, 4.78, 5.24, 4.63, 3.11, 3.1, 4.17, 4.6, 3.79, 3.11, 3.36, 3.85, 4.1, 3.68, 2.99, 2.26, 2.13, 2.44, 2.57, 3.13, 3.21, 2.89, 2.05, 1.27, 0.98, 0, 1.28, 1.22, 1.11, 1.1, 1.48, 2.31, 3.01, 3.35, 3.81, 3.99, 4.5, 5.8, 5.41, 4.79, 4.64, 4.36, 6.1, 9.15, 11.06, 10.66, 10.94, 11.899, 11.67, 11.41, 11.739, 12.16, 12.29, 12.5, 12.35], [5.36, 5.79, 6.2, 6.89, 7.74, 7.47, 7.55, 6.702, 6.562, 6.942, 6.932, 7.372, 7.43, 6.81, 6.66, 6.94, 7.02, 7.27, 7.38, 7.48, 7.23, 6.63, 5.97, 6.17, 6.12, 5.3, 4.77, 5.11, 5.76, 5.64, 5.26, 5.41, 5.64, 6.18, 5.55, 4.13, 4.08, 5.05, 5.46, 4.53, 3.63, 3.86, 4.65, 4.96, 4.54, 3.87, 3.02, 2.89, 3.32, 3.47, 4.07, 4.19, 3.89, 3.05, 2.15, 1.7, 1.28, 0, 0.68, 1.05, 1.56, 2.22, 3.23, 3.97, 4.33, 4.77, 4.95, 5.5, 6.74, 6.289, 5.67, 5.68, 5.28, 7.04, 10.19, 12.1, 11.64, 11.94, 12.805, 12.57, 12.272, 12.642, 13.054, 13.267, 13.497, 13.37], [5.36, 5.79, 6.2, 6.89, 7.74, 7.47, 7.57, 6.705, 6.545, 6.945, 6.955, 7.415, 7.41, 6.91, 6.76, 7.02, 7.08, 7.39, 7.48, 7.56, 7.35, 6.69, 5.97, 6.15, 6.1, 5.28, 4.91, 5.25, 5.92, 5.78, 5.42, 5.47, 5.64, 6.14, 5.51, 4.09, 4.04, 5.05, 5.44, 4.61, 3.75, 3.98, 4.65, 4.92, 4.56, 3.83, 3.04, 2.93, 3.42, 3.57, 4.07, 4.17, 3.85, 3.05, 2.15, 1.64, 1.22, 0.68, 0, 0.91, 1.52, 2.2, 3.19, 3.95, 4.31, 4.747, 4.924, 5.46, 6.72, 6.306, 5.73, 5.66, 5.32, 7.02, 10.17, 12.08, 11.62, 11.9, 12.822, 12.589, 12.326, 12.645, 13.094, 13.244, 13.474, 13.35], [5.05, 5.48, 5.89, 6.6, 7.43, 7.16, 7.26, 6.412, 6.289, 6.669, 6.696, 7.156, 7.22, 6.62, 6.43, 6.73, 6.83, 7.1, 7.21, 7.29, 7.02, 6.5, 5.8, 5.98, 5.93, 5.11, 4.48, 4.7, 5.31, 5.23, 4.85, 4.72, 4.85, 5.39, 4.76, 3.36, 3.31, 4.26, 4.75, 4.0, 3.26, 3.49, 3.92, 4.13, 3.77, 3.16, 2.35, 2.24, 2.69, 2.82, 3.3, 3.4, 3.06, 2.3, 1.8, 1.39, 1.11, 1.05, 0.91, 0, 0.89, 1.43, 2.42, 3.12, 3.5, 3.94, 4.1, 4.65, 5.89, 5.44, 4.86, 4.83, 4.57, 6.21, 9.36, 11.27, 10.81, 11.09, 11.97, 11.74, 11.48, 11.809, 12.23, 12.42, 12.65, 12.52], [4.88, 5.29, 5.74, 6.45, 7.18, 6.93, 7.01, 6.222, 6.122, 6.522, 6.572, 7.006, 7.07, 6.51, 6.36, 6.64, 6.74, 6.99, 7.12, 7.2, 6.93, 6.41, 5.71, 5.89, 5.88, 4.94, 4.31, 4.47, 5.08, 5.02, 4.66, 4.41, 4.38, 4.78, 4.19, 2.79, 2.76, 3.77, 4.48, 3.87, 3.11, 3.28, 3.67, 3.74, 3.52, 2.87, 2.1, 1.95, 2.36, 2.47, 2.93, 2.91, 2.63, 2.03, 1.43, 1.38, 1.1, 1.56, 1.52, 0.89, 0, 0.84, 1.81, 2.47, 2.85, 3.35, 3.49, 4.06, 5.36, 4.95, 4.35, 4.22, 4.16, 5.64, 8.75, 10.62, 10.18, 10.46, 11.44, 11.21, 10.95, 11.279, 11.7, 11.77, 12.0, 11.87], [4.54, 4.97, 5.38, 6.09, 6.82, 6.59, 6.67, 5.956, 5.876, 6.276, 6.363, 6.803, 6.89, 6.35, 6.14, 6.5, 6.58, 6.827, 6.94, 7.0, 6.73, 6.27, 5.55, 5.73, 5.76, 4.78, 4.01, 4.01, 4.52, 4.48, 4.12, 3.75, 3.68, 4.08, 3.55, 2.15, 2.24, 3.23, 3.98, 3.59, 2.87, 3.0, 3.19, 3.08, 2.88, 2.29, 1.54, 1.37, 1.82, 1.81, 2.23, 2.23, 2.03, 1.55, 1.63, 1.88, 1.48, 2.22, 2.2, 1.43, 0.84, 0, 1.19, 1.77, 2.19, 2.65, 2.81, 3.38, 4.68, 4.27, 3.67, 3.56, 3.48, 4.98, 8.07, 9.94, 9.48, 9.76, 10.74, 10.53, 10.25, 10.579, 11.0, 11.09, 11.3, 11.17], [4.15, 4.52, 4.93, 5.7, 6.39, 6.08, 6.16, 5.446, 5.366, 5.726, 5.813, 6.33, 6.377, 5.894, 5.71, 6.044, 6.124, 6.374, 6.444, 6.47, 6.22, 5.8, 5.08, 5.26, 5.33, 4.33, 3.44, 3.3, 3.89, 3.85, 3.55, 3.14, 2.91, 3.13, 2.68, 1.66, 1.59, 2.46, 3.25, 2.92, 2.42, 2.51, 2.54, 2.41, 2.21, 1.74, 1.37, 1.62, 1.95, 1.7, 1.98, 2.24, 1.96, 1.9, 2.18, 2.41, 2.31, 3.23, 3.19, 2.42, 1.81, 1.19, 0, 1.06, 1.32, 1.68, 1.9, 2.49, 3.77, 3.32, 2.8, 2.91, 2.81, 4.25, 7.12, 8.97, 8.47, 8.73, 9.75, 9.58, 9.3, 9.569, 10.01, 10.18, 10.37, 10.16], [4.45, 4.7, 5.03, 5.68, 6.37, 6.16, 6.257, 5.6, 5.571, 6.011, 6.201, 6.707, 6.734, 6.311, 6.121, 6.441, 6.521, 6.754, 6.824, 6.83, 6.58, 6.18, 5.56, 5.62, 5.71, 4.75, 3.86, 3.46, 3.87, 3.97, 3.57, 3.12, 2.53, 2.57, 2.28, 1.72, 1.71, 2.4, 3.23, 3.18, 2.84, 2.75, 2.72, 2.11, 2.03, 1.94, 1.75, 1.9, 1.95, 1.7, 1.92, 2.02, 1.74, 2.04, 2.72, 3.01, 3.01, 3.97, 3.95, 3.12, 2.47, 1.77, 1.06, 0, 0.74, 1.2, 1.54, 2.11, 3.31, 2.88, 2.34, 2.53, 2.47, 3.81, 6.48, 8.23, 7.79, 8.07, 9.11, 8.94, 8.66, 8.929, 9.366, 9.488, 9.65, 9.44], [4.63, 4.82, 4.79, 5.4, 6.15, 5.98, 6.017, 5.5, 5.711, 5.891, 6.101, 6.487, 6.534, 6.111, 6.038, 6.278, 6.341, 6.554, 6.644, 6.63, 6.38, 5.98, 5.48, 5.44, 5.53, 4.59, 3.7, 3.4, 3.73, 3.81, 3.47, 2.94, 2.35, 2.29, 2.14, 1.72, 1.77, 2.2, 2.95, 2.94, 2.82, 2.81, 2.54, 1.83, 1.91, 1.9, 2.03, 2.24, 2.09, 1.82, 2.12, 2.18, 1.9, 2.2, 2.9, 3.15, 3.35, 4.33, 4.31, 3.5, 2.85, 2.19, 1.32, 0.74, 0, 0.72, 1.34, 1.93, 2.99, 2.6, 2.08, 2.19, 2.15, 3.41, 5.98, 7.77, 7.33, 7.71, 8.69, 8.54, 8.24, 8.51, 8.929, 9.08, 9.25, 9.04], [4.61, 4.8, 4.63, 5.08, 5.89, 5.854, 5.757, 5.291, 5.585, 5.705, 5.935, 6.344, 6.171, 5.888, 5.818, 6.078, 6.098, 6.268, 6.341, 6.29, 6.08, 5.68, 5.32, 5.22, 5.25, 4.35, 3.46, 3.12, 3.45, 3.49, 3.15, 2.56, 2.07, 1.91, 2.02, 2.0, 1.95, 2.12, 2.63, 2.64, 2.86, 2.81, 2.48, 1.59, 1.59, 1.86, 2.33, 2.64, 2.27, 2.0, 2.12, 2.14, 1.98, 2.52, 3.36, 3.59, 3.81, 4.77, 4.747, 3.94, 3.35, 2.65, 1.68, 1.2, 0.72, 0, 1.12, 1.51, 2.49, 2.14, 1.72, 2.01, 1.99, 3.21, 5.58, 7.47, 6.97, 7.19, 8.129, 7.96, 7.68, 7.932, 8.39, 8.577, 8.77, 8.66], [4.11, 4.12, 4.07, 4.64, 5.17, 5.08, 5.017, 4.534, 4.945, 5.065, 5.249, 5.621, 5.468, 5.336, 5.192, 5.449, 5.392, 5.562, 5.572, 5.59, 5.439, 5.02, 4.92, 4.896, 4.809, 4.09, 3.04, 2.42, 2.85, 2.87, 2.51, 2.02, 1.97, 1.83, 1.74, 2.02, 1.75, 1.68, 2.07, 2.2, 2.86, 2.69, 2.52, 1.67, 1.39, 1.74, 2.35, 2.72, 2.49, 2.06, 2.0, 2.24, 1.98, 2.58, 3.6, 3.85, 3.99, 4.95, 4.924, 4.1, 3.49, 2.81, 1.9, 1.54, 1.34, 1.12, 0, 0.89, 2.13, 1.72, 1.5, 1.67, 1.59, 2.75, 5.46, 7.33, 6.77, 7.03, 7.95, 7.78, 7.5, 7.789, 8.23, 8.4, 8.59, 8.46], [4.24, 4.23, 4.02, 4.31, 4.877, 5.024, 4.864, 4.475, 5.123, 5.155, 5.345, 5.488, 5.443, 5.454, 5.156, 5.319, 5.259, 5.329, 5.339, 5.319, 5.229, 4.99, 5.265, 5.231, 4.981, 4.438, 3.15, 2.33, 2.52, 2.76, 2.54, 1.79, 1.68, 1.6, 1.55, 2.47, 2.26, 1.87, 1.9, 2.39, 3.43, 3.16, 2.75, 1.88, 1.44, 2.21, 2.86, 3.31, 2.88, 2.47, 2.31, 2.27, 2.23, 3.07, 4.11, 4.38, 4.5, 5.5, 5.46, 4.65, 4.06, 3.38, 2.49, 2.11, 1.93, 1.51, 0.89, 0, 1.52, 1.31, 1.15, 1.26, 1.46, 2.44, 5.01, 6.82, 6.3, 6.48, 7.44, 7.23, 6.97, 7.28, 7.72, 7.83, 8.06, 7.95], [5.207, 5.24, 4.777, 4.31, 4.454, 4.784, 4.784, 5.0, 5.92, 5.657, 5.79, 5.765, 6.019, 6.208, 6.0, 5.77, 5.682, 5.221, 5.171, 5.036, 5.021, 5.734, 6.332, 6.215, 5.851, 5.353, 4.16, 3.35, 3.22, 3.6, 3.555, 2.67, 2.34, 2.12, 2.43, 3.67, 3.54, 2.97, 2.64, 3.51, 4.59, 4.36, 3.61, 2.72, 2.5, 3.49, 4.14, 4.61, 4.18, 3.79, 3.65, 3.53, 3.53, 4.39, 5.41, 5.62, 5.8, 6.74, 6.72, 5.89, 5.36, 4.68, 3.77, 3.31, 2.99, 2.49, 2.13, 1.52, 0, 1.21, 1.55, 1.54, 2.06, 1.8, 3.97, 5.72, 5.16, 5.36, 6.279, 6.05, 5.79, 6.119, 6.54, 6.71, 6.94, 6.81], [4.767, 4.83, 4.51, 4.48, 4.887, 4.994, 5.157, 4.978, 5.658, 5.484, 5.688, 5.945, 5.932, 5.872, 5.678, 5.658, 5.538, 5.468, 5.498, 5.335, 5.245, 5.36, 5.928, 5.938, 5.631, 5.268, 3.94, 2.88, 2.73, 3.31, 3.05, 2.16, 2.03, 1.87, 1.94, 3.1, 2.97, 2.24, 2.21, 2.9, 3.98, 3.75, 3.06, 2.45, 2.07, 3.02, 3.65, 4.14, 3.67, 3.2, 3.0, 2.96, 3.02, 3.84, 4.92, 5.21, 5.41, 6.289, 6.306, 5.44, 4.95, 4.27, 3.32, 2.88, 2.6, 2.14, 1.72, 1.31, 1.21, 0, 1.02, 1.23, 1.85, 2.09, 4.46, 6.29, 5.77, 5.91, 6.71, 6.44, 6.16, 6.51, 7.03, 7.24, 7.47, 7.4], [4.39, 4.413, 4.21, 4.56, 5.224, 5.334, 5.234, 4.988, 5.447, 5.436, 5.666, 5.923, 6.067, 5.972, 5.678, 5.898, 5.764, 5.856, 5.886, 5.766, 5.674, 5.44, 5.69, 5.813, 5.549, 5.14, 3.64, 2.8, 2.59, 3.21, 2.81, 1.9, 1.61, 1.51, 1.74, 2.54, 2.41, 2.0, 2.27, 2.68, 3.56, 3.41, 2.88, 2.09, 1.67, 2.5, 3.11, 3.52, 3.05, 2.62, 2.48, 2.44, 2.42, 3.28, 4.36, 4.629, 4.79, 5.67, 5.73, 4.86, 4.35, 3.67, 2.8, 2.34, 2.08, 1.72, 1.5, 1.15, 1.55, 1.02, 0, 1.05, 1.85, 2.41, 4.82, 6.67, 6.15, 6.39, 7.25, 7.02, 6.74, 7.07, 7.49, 7.7, 7.93, 7.8], [4.209, 4.297, 3.88, 3.87, 4.474, 4.644, 4.584, 4.42, 5.134, 4.966, 5.253, 5.487, 5.754, 5.879, 5.639, 5.642, 5.574, 5.544, 5.594, 5.436, 5.384, 5.41, 5.837, 5.88, 5.57, 5.087, 3.65, 2.79, 2.6, 3.24, 2.96, 2.07, 2.04, 2.1, 1.85, 2.41, 2.44, 2.33, 2.26, 2.81, 3.73, 3.44, 3.03, 2.12, 1.68, 2.59, 3.2, 3.47, 2.96, 2.53, 2.43, 2.43, 2.37, 3.17, 4.11, 4.42, 4.64, 5.68, 5.66, 4.83, 4.22, 3.56, 2.91, 2.53, 2.19, 2.01, 1.67, 1.26, 1.54, 1.23, 1.05, 0, 1.24, 1.96, 4.67, 6.5, 6.12, 6.44, 7.38, 7.19, 6.91, 7.22, 7.64, 7.71, 7.9, 7.77], [4.12, 4.19, 3.8, 3.95, 4.48, 4.504, 4.407, 4.121, 4.835, 4.709, 4.813, 5.171, 5.395, 5.511, 5.094, 5.159, 5.162, 5.152, 5.162, 5.18, 5.049, 5.13, 5.465, 5.433, 5.284, 4.641, 3.37, 2.43, 2.62, 3.1, 2.8, 2.11, 2.52, 2.14, 1.71, 2.17, 2.12, 2.05, 1.92, 2.41, 3.21, 3.0, 2.75, 1.92, 1.36, 2.21, 2.84, 3.01, 2.52, 2.15, 2.05, 2.35, 2.23, 2.77, 3.69, 4.06, 4.36, 5.28, 5.32, 4.57, 4.16, 3.48, 2.81, 2.47, 2.15, 1.99, 1.59, 1.46, 2.06, 1.85, 1.85, 1.24, 0, 1.9, 4.99, 6.84, 6.36, 6.72, 7.68, 7.51, 7.21, 7.48, 7.917, 8.07, 8.26, 8.09], [5.575, 5.599, 5.146, 4.61, 4.8, 4.907, 4.827, 5.366, 6.24, 6.03, 6.145, 6.13, 6.4, 6.726, 6.474, 6.376, 6.33, 5.86, 5.691, 5.551, 5.721, 6.338, 6.815, 6.703, 6.373, 5.827, 4.691, 3.85, 3.74, 4.34, 4.22, 3.35, 3.32, 2.8, 2.25, 3.29, 3.4, 2.87, 2.678, 3.845, 4.782, 4.552, 3.85, 2.9, 2.96, 3.81, 4.48, 4.57, 4.18, 3.87, 3.51, 3.73, 3.69, 4.35, 5.43, 5.82, 6.1, 7.04, 7.02, 6.21, 5.64, 4.98, 4.25, 3.81, 3.41, 3.21, 2.75, 2.44, 1.8, 2.09, 2.41, 1.96, 1.9, 0, 3.43, 5.12, 4.68, 5.1, 6.1, 5.91, 5.57, 5.76, 6.2, 6.37, 6.56, 6.35], [8.606, 8.657, 8.19, 7.451, 6.934, 7.445, 7.508, 8.279, 9.254, 8.937, 9.112, 9.085, 9.493, 9.88, 9.627, 9.53, 9.45, 8.916, 8.689, 8.623, 8.81, 9.491, 9.985, 9.893, 9.549, 8.997, 7.861, 7.02, 6.89, 7.51, 7.328, 6.398, 5.791