[[0, 0.8, 1.16, 1.1, 1.1, 1.5, 1.67, 1.37, 1.49, 1.5, 1.23, 1.28, 1.29, 1.53, 1.27, 1.39, 2.17, 2.73, 3.81, 4.19, 3.95, 3.98, 4.09, 4.64, 4.55, 4.1, 3.5, 3.81, 4.57, 4.72, 4.26, 4.14, 4.71, 4.71, 4.36, 4.06, 4.8, 5.82, 5.84, 6.22, 6.37, 6.6, 6.93, 7.03, 6.65, 6.38, 6.92, 7.35, 7.57, 8.19, 9.77, 10.606, 10.624, 10.553, 10.636, 11.426, 11.552, 11.12, 11.796, 11.673, 11.315, 11.45, 11.59, 11.41, 10.43, 10.06, 10.02, 10.41, 10.52, 10.65, 9.96, 8.75, 6.84, 5.42, 4.82, 4.75, 4.32, 4.1, 4.41, 4.36, 4.44, 4.34, 4.12, 4.13, 4.28, 4.58], [0.8, 0, 1.02, 0.94, 1.28, 1.82, 1.97, 1.69, 1.71, 1.86, 1.51, 1.48, 1.35, 1.87, 1.55, 1.41, 2.21, 2.73, 3.79, 4.19, 3.99, 4.0, 4.15, 4.74, 4.63, 4.26, 3.68, 3.91, 4.45, 4.5, 4.18, 4.08, 4.57, 4.65, 4.42, 4.12, 4.92, 5.9, 5.89, 6.23, 6.37, 6.6, 6.93, 7.01, 6.65, 6.36, 6.94, 7.39, 7.628, 8.225, 9.957, 10.495, 10.379, 10.385, 10.485, 11.275, 11.498, 11.121, 11.665, 11.588, 11.321, 11.491, 11.617, 11.434, 10.44, 10.053, 10.013, 10.42, 10.57, 10.737, 10.047, 8.694, 6.82, 5.46, 4.84, 4.83, 4.44, 4.2, 4.45, 4.36, 4.42, 4.34, 4.16, 4.19, 4.34, 4.58], [1.16, 1.02, 0, 0.84, 1.34, 1.8, 1.85, 1.75, 1.91, 2.04, 1.85, 1.86, 1.89, 2.03, 1.51, 2.03, 2.73, 3.29, 4.45, 4.79, 4.55, 4.66, 4.81, 5.34, 5.23, 4.86, 4.28, 4.59, 5.13, 5.18, 4.86, 4.84, 5.19, 5.33, 5.02, 4.74, 5.56, 6.638, 6.61, 6.91, 7.025, 7.1, 7.47, 7.69, 7.29, 7.0, 7.6, 8.07, 8.343, 8.885, 10.617, 11.235, 11.119, 11.122, 11.225, 12.032, 12.235, 11.838, 12.422, 12.285, 12.038, 12.191, 12.297, 12.114, 11.12, 10.733, 10.693, 11.1, 11.21, 11.337, 10.667, 9.428, 7.5, 6.08, 5.5, 5.37, 4.86, 4.7, 4.79, 4.72, 4.74, 4.78, 4.52, 4.63, 4.86, 5.18], [1.1, 0.94, 0.84, 0, 0.82, 1.42, 1.55, 1.51, 1.55, 1.68, 1.45, 1.46, 1.47, 1.73, 1.61, 1.75, 2.33, 2.95, 4.15, 4.45, 4.25, 4.28, 4.41, 4.98, 4.87, 4.52, 3.92, 4.23, 4.75, 4.76, 4.46, 4.46, 4.79, 4.91, 4.6, 4.3, 5.14, 6.32, 6.34, 6.62, 6.77, 6.86, 7.25, 7.39, 7.01, 6.72, 7.32, 7.79, 8.05, 8.63, 10.29, 10.872, 10.736, 10.742, 10.862, 11.652, 11.875, 11.498, 12.042, 11.925, 11.698, 11.868, 11.95, 11.79, 10.79, 10.42, 10.38, 10.75, 10.86, 10.97, 10.32, 9.068, 7.14, 5.78, 5.08, 5.09, 4.64, 4.46, 4.59, 4.78, 4.84, 4.76, 4.6, 4.55, 4.66, 4.9], [1.1, 1.28, 1.34, 0.82, 0, 0.98, 1.45, 1.47, 1.45, 1.42, 1.13, 1.18, 1.17, 1.55, 1.75, 1.71, 1.97, 2.55, 3.71, 4.03, 3.87, 3.84, 3.99, 4.52, 4.43, 4.08, 3.48, 3.79, 4.39, 4.54, 4.16, 4.08, 4.41, 4.51, 4.12, 3.84, 4.62, 5.84, 5.86, 6.16, 6.35, 6.58, 6.91, 6.95, 6.59, 6.32, 6.92, 7.35, 7.61, 8.17, 9.83, 10.44, 10.39, 10.37, 10.43, 11.26, 11.38, 10.98, 11.63, 11.49, 11.18, 11.35, 11.47, 11.29, 10.31, 9.94, 9.9, 10.29, 10.4, 10.49, 9.84, 8.55, 6.68, 5.34, 4.62, 4.77, 4.58, 4.36, 4.53, 4.82, 4.96, 4.88, 4.7, 4.55, 4.42, 4.6], [1.5, 1.82, 1.8, 1.42, 0.98, 0, 0.87, 0.99, 1.19, 1.04, 1.09, 1.0, 1.19, 1.37, 1.71, 1.59, 1.97, 2.47, 3.39, 3.77, 3.67, 3.86, 4.11, 4.52, 4.33, 3.94, 3.5, 3.97, 4.87, 5.1, 4.64, 4.42, 4.91, 4.85, 4.38, 4.14, 4.86, 5.86, 5.76, 5.96, 6.11, 6.26, 6.55, 6.55, 6.17, 5.88, 6.6, 7.13, 7.37, 7.93, 9.77, 10.5, 10.682, 10.599, 10.702, 11.34, 11.42, 11.04, 11.764, 11.67, 11.12, 11.23, 11.27, 11.13, 10.03, 9.62, 9.6, 10.05, 10.22, 10.37, 9.64, 8.724, 6.72, 5.02, 4.72, 4.59, 4.38, 4.12, 4.33, 4.66, 4.82, 4.78, 4.58, 4.35, 4.18, 4.38], [1.67, 1.97, 1.85, 1.55, 1.45, 0.87, 0, 0.76, 1.1, 1.05, 1.42, 1.39, 1.38, 1.28, 1.62, 1.74, 2.36, 2.96, 3.8, 4.06, 4.08, 4.41, 4.78, 5.17, 4.84, 4.53, 4.17, 4.66, 5.56, 5.81, 5.35, 5.03, 5.56, 5.54, 5.05, 4.81, 5.53, 6.41, 6.27, 6.47, 6.36, 6.37, 6.74, 6.88, 6.5, 6.19, 7.15, 7.62, 7.8, 8.42, 10.3, 11.05, 11.252, 11.206, 11.292, 11.847, 11.91, 11.567, 12.332, 12.254, 11.63, 11.7, 11.76, 11.6, 10.54, 10.01, 10.03, 10.56, 10.71, 10.9, 10.15, 9.312, 7.31, 5.65, 5.37, 5.0, 4.53, 4.25, 4.38, 4.51, 4.65, 4.61, 4.41, 4.24, 4.29, 4.53], [1.37, 1.69, 1.75, 1.51, 1.47, 0.99, 0.76, 0, 0.8, 0.89, 1.34, 1.09, 1.12, 1.26, 1.58, 1.64, 2.4, 2.92, 3.9, 4.16, 4.04, 4.35, 4.6, 5.07, 4.86, 4.47, 4.09, 4.54, 5.4, 5.65, 5.17, 4.95, 5.42, 5.5, 5.01, 4.71, 5.45, 6.41, 6.33, 6.51, 6.48, 6.49, 6.84, 7.0, 6.62, 6.31, 7.09, 7.66, 7.86, 8.46, 10.36, 11.11, 11.192, 11.14, 11.177, 11.95, 12.03, 11.63, 12.34, 12.24, 11.75, 11.84, 11.88, 11.72, 10.64, 10.11, 10.13, 10.62, 10.79, 10.94, 10.23, 9.257, 7.25, 5.59, 5.29, 4.94, 4.51, 4.25, 4.42, 4.51, 4.55, 4.53, 4.35, 4.2, 4.25, 4.53], [1.49, 1.71, 1.91, 1.55, 1.45, 1.19, 1.1, 0.8, 0, 0.65, 1.18, 1.11, 1.06, 0.84, 1.56, 1.28, 1.92, 2.72, 3.66, 3.8, 3.88, 4.13, 4.32, 4.65, 4.42, 4.05, 3.77, 4.3, 5.18, 5.43, 4.95, 4.67, 5.18, 5.24, 4.69, 4.47, 5.15, 6.11, 5.93, 6.15, 6.12, 6.13, 6.44, 6.7, 6.32, 5.99, 6.75, 7.28, 7.4, 8.06, 9.92, 10.97, 11.132, 11.074, 11.112, 11.81, 11.87, 11.527, 12.237, 12.114, 11.55, 11.58, 11.62, 11.48, 10.34, 9.79, 9.79, 10.34, 10.49, 10.52, 9.91, 9.137, 7.17, 5.43, 5.13, 4.64, 4.03, 3.79, 3.98, 4.25, 4.35, 4.25, 4.07, 3.98, 3.97, 4.13], [1.5, 1.86, 2.04, 1.68, 1.42, 1.04, 1.05, 0.89, 0.65, 0, 1.15, 1.2, 1.09, 1.01, 1.55, 1.51, 2.05, 2.95, 3.77, 4.01, 4.03, 4.24, 4.49, 4.76, 4.49, 4.14, 3.86, 4.47, 5.29, 5.56, 5.08, 4.8, 5.29, 5.37, 4.82, 4.56, 5.28, 6.16, 5.98, 6.14, 6.11, 6.3, 6.65, 6.75, 6.37, 6.12, 6.82, 7.29, 7.41, 8.07, 9.93, 11.04, 11.222, 11.193, 11.202, 11.86, 11.92, 11.577, 12.307, 12.164, 11.62, 11.63, 11.67, 11.55, 10.37, 9.78, 9.82, 10.39, 10.54, 10.57, 9.96, 9.207, 7.26, 5.52, 5.22, 4.85, 4.32, 4.04, 4.25, 4.48, 4.56, 4.46, 4.3, 4.19, 4.14, 4.32], [1.23, 1.51, 1.85, 1.45, 1.13, 1.09, 1.42, 1.34, 1.18, 1.15, 0, 0.69, 1.02, 1.28, 1.62, 1.46, 1.82, 2.3, 3.22, 3.7, 3.68, 3.59, 3.84, 4.17, 3.98, 3.67, 3.15, 3.58, 4.42, 4.67, 4.21, 3.97, 4.44, 4.4, 3.91, 3.67, 4.41, 5.45, 5.35, 5.59, 5.92, 6.19, 6.46, 6.4, 6.02, 5.79, 6.43, 6.76, 7.04, 7.58, 9.32, 10.13, 10.34, 10.26, 10.32, 10.97, 11.03, 10.69, 11.42, 11.3, 10.77, 10.92, 10.98, 10.82, 9.78, 9.39, 9.35, 9.76, 9.85, 9.98, 9.31, 8.32, 6.37, 4.93, 4.39, 4.48, 4.37, 4.11, 4.32, 4.53, 4.65, 4.57, 4.39, 4.24, 4.13, 4.33], [1.28, 1.48, 1.86, 1.46, 1.18, 1.0, 1.39, 1.09, 1.11, 1.2, 0.69, 0, 0.77, 1.31, 1.75, 1.47, 2.01, 2.45, 3.31, 3.79, 3.71, 3.76, 3.85, 4.3, 4.09, 3.76, 3.28, 3.73, 4.57, 4.78, 4.34, 4.22, 4.65, 4.67, 4.12, 3.88, 4.64, 5.62, 5.52, 5.74, 5.99, 6.18, 6.45, 6.37, 5.99, 5.74, 6.36, 6.87, 7.11, 7.69, 9.53, 10.34, 10.37, 10.31, 10.35, 11.16, 11.26, 10.84, 11.55, 11.45, 10.98, 11.09, 11.13, 10.97, 9.89, 9.44, 9.42, 9.89, 10.02, 10.17, 9.46, 8.43, 6.46, 4.84, 4.54, 4.47, 4.36, 4.16, 4.29, 4.52, 4.68, 4.6, 4.44, 4.25, 4.1, 4.3], [1.29, 1.35, 1.89, 1.47, 1.17, 1.19, 1.38, 1.12, 1.06, 1.09, 1.02, 0.77, 0, 1.32, 1.66, 1.28, 1.78, 2.36, 3.26, 3.68, 3.48, 3.61, 3.86, 4.37, 4.16, 3.85, 3.41, 3.8, 4.64, 4.83, 4.41, 4.21, 4.72, 4.76, 4.21, 3.99, 4.73, 5.65, 5.53, 5.71, 5.82, 6.03, 6.38, 6.4, 6.06, 5.79, 6.41, 6.88, 7.08, 7.7, 9.58, 10.35, 10.36, 10.34, 10.36, 11.17, 11.27, 10.85, 11.56, 11.48, 11.01, 11.1, 11.14, 10.96, 9.88, 9.43, 9.39, 9.86, 10.05, 10.18, 9.49, 8.44, 6.49, 4.99, 4.53, 4.42, 4.09, 3.87, 4.08, 4.31, 4.45, 4.39, 4.25, 4.1, 4.01, 4.15], [1.53, 1.87, 2.03, 1.73, 1.55, 1.37, 1.28, 1.26, 0.84, 1.01, 1.28, 1.31, 1.32, 0, 1.22, 1.52, 2.14, 2.96, 3.76, 4.04, 4.02, 4.29, 4.6, 4.99, 4.72, 4.29, 3.97, 4.52, 5.38, 5.63, 5.17, 4.77, 5.42, 5.44, 4.99, 4.75, 5.45, 6.21, 5.95, 6.25, 6.26, 6.35, 6.68, 6.9, 6.5, 6.17, 7.13, 7.38, 7.52, 8.12, 9.94, 11.13, 11.38, 11.36, 11.36, 11.93, 11.97, 11.65, 12.46, 12.3, 11.65, 11.68, 11.72, 11.58, 10.44, 9.97, 9.97, 10.46, 10.59, 10.72, 10.07, 9.36, 7.41, 5.73, 5.39, 4.84, 4.47, 4.09, 4.46, 4.47, 4.61, 4.43, 4.21, 4.26, 4.21, 4.37], [1.27, 1.55, 1.51, 1.61, 1.75, 1.71, 1.62, 1.58, 1.56, 1.55, 1.62, 1.75, 1.66, 1.22, 0, 1.74, 2.48, 3.22, 4.24, 4.5, 4.4, 4.59, 4.8, 5.19, 5.02, 4.67, 4.17, 4.66, 5.52, 5.79, 5.31, 4.99, 5.52, 5.56, 5.13, 4.83, 5.55, 6.43, 6.33, 6.63, 6.76, 6.81, 7.18, 7.42, 7.04, 6.75, 7.43, 7.8, 8.0, 8.64, 10.32, 11.31, 11.492, 11.429, 11.472, 12.15, 12.21, 11.847, 12.574, 12.46, 11.91, 11.98, 12.02, 11.88, 10.84, 10.47, 10.43, 10.82, 10.97, 11.08, 10.39, 9.474, 7.51, 5.97, 5.47, 5.18, 4.61, 4.37, 4.62, 4.47, 4.53, 4.49, 4.27, 4.34, 4.61, 4.87], [1.39, 1.41, 2.03, 1.75, 1.71, 1.59, 1.74, 1.64, 1.28, 1.51, 1.46, 1.47, 1.28, 1.52, 1.74, 0, 1.26, 2.0, 2.78, 3.1, 3.1, 3.31, 3.5, 3.83, 3.6, 3.11, 2.77, 3.38, 4.26, 4.51, 4.07, 3.75, 4.38, 4.38, 3.87, 3.65, 4.37, 5.15, 4.95, 5.23, 5.3, 5.45, 5.78, 5.9, 5.54, 5.27, 5.87, 6.3, 6.48, 7.08, 8.94, 10.05, 10.212, 10.134, 10.192, 10.89, 10.95, 10.607, 11.317, 11.194, 10.63, 10.66, 10.7, 10.56, 9.42, 8.95, 8.93, 9.42, 9.57, 9.68, 9.01, 8.217, 6.227, 4.49, 4.19, 3.86, 3.29, 3.09, 3.42, 3.51, 3.79, 3.55, 3.31, 3.28, 3.33, 3.47], [2.17, 2.21, 2.73, 2.33, 1.97, 1.97, 2.36, 2.4, 1.92, 2.05, 1.82, 2.01, 1.78, 2.14, 2.48, 1.26, 0, 1.54, 2.32, 2.56, 2.62, 2.77, 2.92, 3.21, 2.96, 2.63, 2.23, 2.86, 3.6, 3.77, 3.55, 3.31, 3.62, 3.64, 3.19, 2.95, 3.65, 4.73, 4.47, 4.73, 4.88, 5.07, 5.38, 5.48, 5.1, 4.85, 5.55, 5.9, 6.06, 6.68, 8.44, 9.57, 9.78, 9.72, 9.76, 10.41, 10.45, 10.13, 10.86, 10.74, 10.13, 10.14, 10.18, 10.06, 8.88, 8.49, 8.45, 8.92, 9.05, 9.1, 8.51, 7.76, 5.77, 4.11, 3.67, 3.44, 2.97, 2.73, 2.98, 3.47, 3.85, 3.73, 3.39, 3.18, 3.07, 3.21], [2.73, 2.73, 3.29, 2.95, 2.55, 2.47, 2.96, 2.92, 2.72, 2.95, 2.3, 2.45, 2.36, 2.96, 3.22, 2.0, 1.54, 0, 1.38, 1.72, 1.62, 1.69, 2.16, 2.55, 2.32, 2.23, 1.77, 2.02, 2.8, 3.11, 2.85, 2.37, 2.92, 2.98, 2.61, 2.33, 2.89, 3.71, 3.65, 3.89, 4.08, 4.15, 4.42, 4.54, 4.16, 3.83, 4.69, 5.02, 5.28, 5.82, 7.68, 8.35, 8.489, 8.463, 8.48, 9.17, 9.27, 8.89, 9.597, 9.46, 9.03, 9.18, 9.24, 9.08, 8.02, 7.61, 7.57, 8.02, 8.09, 8.3, 7.63, 6.5, 4.55, 3.11, 2.59, 2.5, 2.43, 2.31, 2.5, 3.25, 3.57, 3.55, 3.19, 2.9, 2.67, 2.79], [3.81, 3.79, 4.45, 4.15, 3.71, 3.39, 3.8, 3.9, 3.66, 3.77, 3.22, 3.31, 3.26, 3.76, 4.24, 2.78, 2.32, 1.38, 0, 1.0, 1.32, 1.13, 1.38, 1.73, 1.52, 1.71, 1.57, 1.68, 2.32, 2.79, 2.55, 2.13, 2.66, 2.62, 2.29, 2.15, 2.51, 2.91, 2.57, 2.79, 2.86, 3.07, 3.44, 3.4, 3.14, 2.85, 3.61, 3.98, 4.1, 4.72, 6.62, 7.53, 7.78, 7.76, 7.78, 8.31, 8.35, 8.03, 8.86, 8.74, 8.05, 8.12, 8.14, 8.02, 6.9, 6.37, 6.37, 6.88, 7.07, 7.24, 6.59, 5.8, 3.81, 2.43, 2.11, 1.98, 2.17, 2.13, 2.38, 2.91, 3.23, 3.07, 2.75, 2.42, 2.31, 2.33], [4.19, 4.19, 4.79, 4.45, 4.03, 3.77, 4.06, 4.16, 3.8, 4.01, 3.7, 3.79, 3.68, 4.04, 4.5, 3.1, 2.56, 1.72, 1.0, 0, 0.78, 1.01, 1.26, 1.57, 1.6, 1.99, 2.11, 1.92, 2.38, 3.01, 2.73, 2.29, 2.72, 2.72, 2.49, 2.35, 2.55, 2.97, 2.65, 2.91, 2.64, 2.65, 2.96, 3.06, 2.7, 2.39, 3.23, 3.74, 3.9, 4.5, 6.48, 7.407, 7.623, 7.574, 7.603, 8.247, 8.29, 7.965, 8.709, 8.569, 7.97, 8.0, 8.04, 7.9, 6.74, 6.17, 6.21, 6.76, 6.91, 6.98, 6.35, 5.629, 3.63, 2.25, 1.97, 1.78, 1.77, 1.67, 1.74, 2.73, 2.91, 2.59, 2.27, 2.16, 1.85, 1.83], [3.95, 3.99, 4.55, 4.25, 3.87, 3.67, 4.08, 4.04, 3.88, 4.03, 3.68, 3.71, 3.48, 4.02, 4.4, 3.1, 2.62, 1.62, 1.32, 0.78, 0, 0.79, 1.4, 1.79, 1.86, 2.25, 2.27, 1.94, 2.44, 2.95, 2.65, 2.19, 2.66, 2.72, 2.53, 2.25, 2.61, 3.05, 2.81, 3.13, 2.88, 2.89, 3.2, 3.34, 2.96, 2.63, 3.47, 3.92, 4.12, 4.7, 6.62, 7.376, 7.529, 7.523, 7.526, 8.176, 8.276, 7.853, 8.623, 8.503, 8.019, 8.095, 8.135, 7.958, 6.88, 6.39, 6.39, 6.88, 7.01, 7.18, 6.49, 5.546, 3.57, 2.35, 1.97, 1.74, 1.87, 1.81, 1.92, 2.59, 2.81, 2.49, 2.25, 2.14, 1.81, 1.83], [3.98, 4.0, 4.66, 4.28, 3.84, 3.86, 4.41, 4.35, 4.13, 4.24, 3.59, 3.76, 3.61, 4.29, 4.59, 3.31, 2.77, 1.69, 1.13, 1.01, 0.79, 0, 0.85, 1.44, 1.47, 1.86, 1.66, 1.35, 1.85, 2.38, 2.12, 1.66, 2.19, 2.19, 2.02, 1.78, 2.06, 2.62, 2.46, 2.74, 2.89, 3.16, 3.49, 3.43, 3.23, 2.92, 3.42, 3.77, 3.99, 4.505, 6.314, 7.049, 7.196, 7.179, 7.199, 7.869, 7.975, 7.578, 8.293, 8.176, 7.718, 7.851, 7.911, 7.751, 6.683, 6.298, 6.278, 6.677, 6.787, 6.957, 6.307, 5.199, 3.241, 2.24, 1.68, 1.79, 2.08, 2.16, 2.31, 3.06, 3.28, 3.06, 2.8, 2.61, 2.34, 2.4], [4.09, 4.15, 4.81, 4.41, 3.99, 4.11, 4.78, 4.6, 4.32, 4.49, 3.84, 3.85, 3.86, 4.6, 4.8, 3.5, 2.92, 2.16, 1.38, 1.26, 1.4, 0.85, 0, 1.01, 1.16, 1.43, 1.49, 1.16, 1.54, 1.99, 1.89, 1.77, 2.02, 1.98, 1.87, 1.69, 1.75, 2.47, 2.19, 2.55, 3.1, 3.37, 3.74, 3.56, 3.4, 3.09, 3.25, 3.66, 3.9, 4.42, 6.1, 7.036, 7.094, 7.023, 7.08, 7.873, 7.956, 7.553, 8.263, 8.143, 7.659, 7.712, 7.78, 7.64, 6.54, 6.19, 6.17, 6.56, 6.67, 6.78, 6.13, 5.16, 3.19, 2.19, 1.81, 1.96, 2.15, 2.31, 2.54, 3.51, 3.77, 3.47, 3.15, 3.0, 2.75, 2.81], [4.64, 4.74, 5.34, 4.98, 4.52, 4.52, 5.17, 5.07, 4.65, 4.76, 4.17, 4.3, 4.37, 4.99, 5.19, 3.83, 3.21, 2.55, 1.73, 1.57, 1.79, 1.44, 1.01, 0, 0.91, 1.42, 1.8, 1.51, 1.49, 2.06, 1.94, 1.92, 1.71, 1.75, 1.62, 1.66, 1.46, 2.1, 1.86, 2.24, 3.11, 3.3, 3.69, 3.39, 3.13, 2.88, 3.0, 3.41, 3.65, 4.31, 5.582, 6.643, 6.804, 6.727, 6.784, 7.483, 7.546, 7.2, 7.91, 7.787, 7.249, 7.305, 7.345, 7.185, 6.09, 5.82, 5.86, 6.07, 6.24, 6.27, 5.64, 4.81, 2.98, 2.3, 2.06, 2.09, 2.18, 2.36, 2.61, 3.86, 4.18, 3.72, 3.42, 3.17, 2.96, 2.96], [4.55, 4.63, 5.23, 4.87, 4.43, 4.33, 4.84, 4.86, 4.42, 4.49, 3.98, 4.09, 4.16, 4.72, 5.02, 3.6, 2.96, 2.32, 1.52, 1.6, 1.86, 1.47, 1.16, 0.91, 0, 0.99, 1.49, 1.38, 1.32, 1.81, 1.99, 1.85, 1.86, 1.76, 1.63, 1.59, 1.51, 2.03, 1.87, 2.17, 2.96, 3.39, 3.74, 3.48, 3.28, 3.03, 3.19, 3.48, 3.6, 4.22, 5.732, 6.833, 7.032, 6.989, 7.012, 7.673, 7.733, 7.39, 8.12, 7.977, 7.416, 7.455, 7.495, 7.358, 6.26, 5.85, 5.89, 6.22, 6.365, 6.44, 5.808, 5.02, 3.09, 2.13, 1.91, 1.86, 1.95, 2.17, 2.36, 3.61, 4.07, 3.67, 3.33, 3.04, 2.81, 2.91], [4.1, 4.26, 4.86, 4.52, 4.08, 3.94, 4.53, 4.47, 4.05, 4.14, 3.67, 3.76, 3.85, 4.29, 4.67, 3.11, 2.63, 2.23, 1.71, 1.99, 2.25, 1.86, 1.43, 1.42, 0.99, 0, 1.1, 1.45, 1.71, 1.86, 1.82, 1.7, 1.95, 1.77, 1.76, 1.64, 1.82, 2.58, 2.38, 2.76, 3.55, 3.88, 4.23, 3.97, 3.77, 3.48, 3.68, 4.07, 4.15, 4.75, 6.282, 7.443, 7.624, 7.562, 7.604, 8.283, 8.346, 7.98, 8.707, 8.593, 8.049, 8.082, 8.122, 7.976, 6.85, 6.38, 6.48, 6.842, 6.992, 7.01, 6.412, 5.607, 3.7, 2.58, 2.36, 2.25, 2.24, 2.18, 2.69, 3.8, 4.38, 4.08, 3.68, 3.43, 3.24, 3.38], [3.5, 3.68, 4.28, 3.92, 3.48, 3.5, 4.17, 4.09, 3.77, 3.86, 3.15, 3.28, 3.41, 3.97, 4.17, 2.77, 2.23, 1.77, 1.57, 2.11, 2.27, 1.66, 1.49, 1.8, 1.49, 1.1, 0, 1.19, 1.73, 1.96, 1.86, 1.82, 2.15, 2.05, 1.9, 1.68, 2.08, 2.98, 2.94, 3.24, 3.99, 4.3, 4.67, 4.45, 4.29, 3.98, 4.18, 4.53, 4.67, 5.25, 6.69, 7.823, 7.956, 7.887, 7.936, 8.663, 8.732, 8.372, 9.07, 8.953, 8.432, 8.528, 8.59, 8.47, 7.37, 6.98, 6.94, 7.37, 7.46, 7.59, 6.94, 5.97, 4.04, 2.88, 2.5, 2.49, 2.52, 2.5, 3.01, 3.98, 4.48, 4.3, 3.92, 3.67, 3.5, 3.64], [3.81, 3.91, 4.59, 4.23, 3.79, 3.97, 4.66, 4.54, 4.3, 4.47, 3.58, 3.73, 3.8, 4.52, 4.66, 3.38, 2.86, 2.02, 1.68, 1.92, 1.94, 1.35, 1.16, 1.51, 1.38, 1.45, 1.19, 0, 1.24, 1.53, 1.39, 1.31, 1.72, 1.64, 1.67, 1.43, 1.55, 2.37, 2.39, 2.81, 3.56, 3.95, 4.3, 4.06, 3.88, 3.57, 3.65, 4.0, 4.2, 4.82, 6.264, 7.179, 7.269, 7.18, 7.269, 7.999, 8.099, 7.711, 8.403, 8.266, 7.851, 7.981, 8.087, 7.924, 6.913, 6.59, 6.57, 6.89, 7.0, 7.107, 6.457, 5.324, 3.41, 2.41, 1.93, 2.1, 2.29, 2.37, 2.76, 3.73, 4.21, 4.07, 3.81, 3.62, 3.27, 3.43], [4.57, 4.45, 5.13, 4.75, 4.39, 4.87, 5.56, 5.4, 5.18, 5.29, 4.42, 4.57, 4.64, 5.38, 5.52, 4.26, 3.6, 2.8, 2.32, 2.38, 2.44, 1.85, 1.54, 1.49, 1.32, 1.71, 1.73, 1.24, 0, 0.95, 1.21, 1.43, 1.16, 1.2, 1.61, 1.45, 1.35, 2.23, 2.39, 2.83, 3.98, 4.39, 4.74, 4.48, 4.3, 4.01, 4.05, 4.3, 4.5, 5.1, 6.016, 6.592, 6.521, 6.493, 6.63, 7.395, 7.635, 7.34, 7.785, 7.69, 7.523, 7.736, 7.925, 7.676, 6.798, 6.603, 6.643, 6.753, 6.855, 6.922, 6.272, 4.939, 3.31, 2.89, 2.33, 2.62, 2.73, 2.91, 3.28, 4.47, 4.87, 4.53, 4.19, 4.02, 3.69, 3.87], [4.72, 4.5, 5.18, 4.76, 4.54, 5.1, 5.81, 5.65, 5.43, 5.56, 4.67, 4.78, 4.83, 5.63, 5.79, 4.51, 3.77, 3.11, 2.79, 3.01, 2.95, 2.38, 1.99, 2.06, 1.81, 1.86, 1.96, 1.53, 0.95, 0, 0.94, 1.42, 1.29, 1.29, 1.76, 1.62, 1.7, 2.64, 2.96, 3.46, 4.51, 4.94, 5.29, 5.03, 4.87, 4.56, 4.58, 4.85, 5.05, 5.63, 6.535, 7.108, 6.886, 6.946, 7.123, 7.91, 8.145, 7.876, 8.298, 8.206, 8.056, 8.286, 8.538, 8.229, 7.494, 7.253, 7.293, 7.361, 7.468, 7.515, 6.865, 5.512, 3.9, 3.38, 2.82, 3.05, 3.14, 3.24, 3.73, 4.86, 5.34, 5.06, 4.68, 4.51, 4.28, 4.44], [4.26, 4.18, 4.86, 4.46, 4.16, 4.64, 5.35, 5.17, 4.95, 5.08, 4.21, 4.34, 4.41, 5.17, 5.31, 4.07, 3.55, 2.85, 2.55, 2.73, 2.65, 2.12, 1.89, 1.94, 1.99, 1.82, 1.86, 1.39, 1.21, 0.94, 0, 0.9, 1.01, 1.21, 1.62, 1.36, 1.64, 2.7, 2.998, 3.5, 4.41, 4.7, 5.07, 4.77, 4.55, 4.26, 4.42, 4.73, 5.049, 5.61, 6.665, 7.11, 6.957, 6.932, 7.22, 7.947, 8.167, 7.933, 8.337, 8.26, 8.13, 8.36, 8.665, 8.303, 7.608, 7.313, 7.333, 7.485, 7.595, 7.625, 6.975, 5.603, 3.93, 3.24, 2.6, 2.85, 2.96, 2.88, 3.43, 4.5, 5.02, 4.8, 4.46, 4.31, 4.02, 4.18], [4.14, 4.08, 4.84, 4.46, 4.08, 4.42, 5.03, 4.95, 4.67, 4.8, 3.97, 4.22, 4.21, 4.77, 4.99, 3.75, 3.31, 2.37, 2.13, 2.29, 2.19, 1.66, 1.77, 1.92, 1.85, 1.7, 1.82, 1.31, 1.43, 1.42, 0.9, 0, 1.09, 1.19, 1.58, 1.3, 1.42, 2.298, 2.578, 3.04, 3.85, 4.14, 4.51, 4.23, 4.03, 3.72, 4.02, 4.21, 4.529, 5.149, 6.365, 6.85, 6.874, 6.88, 7.02, 7.647, 7.841, 7.59, 8.057, 7.96, 7.77, 8.0, 8.265, 7.94, 7.188, 6.833, 6.813, 7.085, 7.195, 7.285, 6.635, 5.283, 3.61, 2.8, 2.16, 2.33, 2.54, 2.5, 2.99, 3.98, 4.5, 4.26, 3.94, 3.89, 3.52, 3.62], [4.71, 4.57, 5.19, 4.79, 4.41, 4.91, 5.56, 5.42, 5.18, 5.29, 4.44, 4.65, 4.72, 5.42, 5.52, 4.38, 3.62, 2.92, 2.66, 2.72, 2.66, 2.19, 2.02, 1.71, 1.86, 1.95, 2.15, 1.72, 1.16, 1.29, 1.01, 1.09, 0, 0.72, 1.23, 1.11, 0.97, 2.09, 2.51, 2.99, 4.0, 4.29, 4.66, 4.36, 4.14, 3.87, 4.09, 4.3, 4.66, 5.26, 6.04, 6.47, 6.42, 6.42, 6.56, 7.27, 7.51, 7.23, 7.66, 7.56, 7.41, 7.64, 7.94, 7.58, 6.88, 6.71, 6.75, 6.76, 6.87, 6.9, 6.25, 4.88, 3.39, 2.83, 2.17, 2.44, 2.69, 2.79, 3.18, 4.41, 4.91, 4.59, 4.41, 4.26, 3.83, 3.89], [4.71, 4.65, 5.33, 4.91, 4.51, 4.85, 5.54, 5.5, 5.24, 5.37, 4.4, 4.67, 4.76, 5.44, 5.56, 4.38, 3.64, 2.98, 2.62, 2.72, 2.72, 2.19, 1.98, 1.75, 1.76, 1.77, 2.05, 1.64, 1.2, 1.29, 1.21, 1.19, 0.72, 0, 1.01, 1.13, 0.93, 2.03, 2.41, 3.01, 4.08, 4.43, 4.8, 4.52, 4.32, 4.05, 4.17, 4.4, 4.76, 5.28, 5.92, 6.33, 6.42, 6.36, 6.5, 7.13, 7.37, 7.09, 7.56, 7.5, 7.27, 7.5, 7.8, 7.44, 6.82, 6.77, 6.81, 6.64, 6.73, 6.76, 6.11, 4.8, 3.51, 2.95, 2.37, 2.6, 2.79, 2.85, 3.2, 4.43, 4.99, 4.67, 4.43, 4.24, 3.81, 3.89], [4.36, 4.42, 5.02, 4.6, 4.12, 4.38, 5.05, 5.01, 4.69, 4.82, 3.91, 4.12, 4.21, 4.99, 5.13, 3.87, 3.19, 2.61, 2.29, 2.49, 2.53, 2.02, 1.87, 1.62, 1.63, 1.76, 1.9, 1.67, 1.61, 1.76, 1.62, 1.58, 1.23, 1.01, 0, 0.68, 1.06, 2.14, 2.28, 2.78, 3.83, 4.08, 4.49, 4.17, 3.91, 3.68, 3.84, 4.17, 4.47, 5.07, 5.89, 6.6, 6.79, 6.67, 6.75, 7.44, 7.52, 7.22, 7.87, 7.75, 7.32, 7.47, 7.63, 7.39, 6.69, 6.58, 6.62, 6.51, 6.6, 6.65, 5.96, 4.81, 3.3, 2.68, 2.12, 2.35, 2.54, 2.62, 2.89, 4.1, 4.62, 4.26, 4.1, 3.85, 3.4, 3.46], [4.06, 4.12, 4.74, 4.3, 3.84, 4.14, 4.81, 4.71, 4.47, 4.56, 3.67, 3.88, 3.99, 4.75, 4.83, 3.65, 2.95, 2.33, 2.15, 2.35, 2.25, 1.78, 1.69, 1.66, 1.59, 1.64, 1.68, 1.43, 1.45, 1.62, 1.36, 1.3, 1.11, 1.13, 0.68, 0, 1.08, 2.36, 2.48, 2.96, 3.85, 4.1, 4.49, 4.19, 3.89, 3.7, 3.9, 4.23, 4.51, 5.11, 6.19, 6.94, 7.022, 6.95, 7.01, 7.74, 7.9, 7.52, 8.13, 8.03, 7.68, 7.85, 8.01, 7.77, 6.97, 6.72, 6.74, 6.83, 6.94, 6.99, 6.34, 5.09, 3.38, 2.64, 2.04, 2.29, 2.54, 2.46, 2.81, 3.9, 4.36, 4.04, 3.9, 3.75, 3.3, 3.36], [4.8, 4.92, 5.56, 5.14, 4.62, 4.86, 5.53, 5.45, 5.15, 5.28, 4.41, 4.64, 4.73, 5.45, 5.55, 4.37, 3.65, 2.89, 2.51, 2.55, 2.61, 2.06, 1.75, 1.46, 1.51, 1.82, 2.08, 1.55, 1.35, 1.7, 1.64, 1.42, 0.97, 0.93, 1.06, 1.08, 0, 1.5, 1.86, 2.34, 3.39, 3.74, 4.09, 3.83, 3.67, 3.38, 3.44, 3.73, 4.05, 4.65, 5.39, 6.1, 6.242, 6.164, 6.222, 6.94, 7.02, 6.68, 7.347, 7.23, 6.78, 6.99, 7.23, 6.93, 6.19, 6.1, 6.14, 6.05, 6.16, 6.19, 5.54, 4.31, 2.84, 2.22, 1.7, 1.89, 2.26, 2.56, 2.91, 4.36, 4.84, 4.42, 4.24, 4.09, 3.56, 3.52], [5.82, 5.9, 6.638, 6.32, 5.84, 5.86, 6.41, 6.41, 6.11, 6.16, 5.45, 5.62, 5.65, 6.21, 6.43, 5.15, 4.73, 3.71, 2.91, 2.97, 3.05, 2.62, 2.47, 2.1, 2.03, 2.58, 2.98, 2.37, 2.23, 2.64, 2.7, 2.298, 2.09, 2.03, 2.14, 2.36, 1.5, 0, 1.06, 1.4, 2.41, 2.96, 3.43, 3.17, 3.01, 2.84, 2.88, 2.87, 3.03, 3.63, 4.31, 5.16, 5.373, 5.353, 5.336, 5.9, 5.94, 5.6, 6.447, 6.33, 5.66, 5.81, 6.01, 5.71, 5.03, 5.0, 5.02, 4.93, 5.02, 5.13, 4.5, 3.43, 2.16, 2.02, 1.72, 1.97, 2.58, 3.18, 3.51, 4.54, 5.02, 4.52, 4.42, 4.43, 3.8, 3.56], [5.84, 5.89, 6.61, 6.34, 5.86, 5.76, 6.27, 6.33, 5.93, 5.98, 5.35, 5.52, 5.53, 5.95, 6.33, 4.95, 4.47, 3.65, 2.57, 2.65, 2.81, 2.46, 2.19, 1.86, 1.87, 2.38, 2.94, 2.39, 2.39, 2.96, 2.998, 2.578, 2.51, 2.41, 2.28, 2.48, 1.86, 1.06, 0, 0.96, 1.85, 2.2, 2.71, 2.59, 2.49, 2.26, 2.54, 2.45, 2.63, 3.27, 4.39, 5.56, 5.827, 5.79, 5.77, 6.26, 6.24, 5.92, 6.887, 6.761, 5.98, 5.99, 5.93, 5.81, 4.87, 4.62, 4.58, 4.65, 4.94, 5.07, 4.58, 3.83, 2.1, 1.9, 1.82, 1.91, 2.44, 2.92, 3.29, 4.08, 4.58, 3.96, 3.86, 3.95, 3.36, 2.96], [6.22, 6.23, 6.91, 6.62, 6.16, 5.96, 6.47, 6.51, 6.15, 6.14, 5.59, 5.74, 5.71, 6.25, 6.63, 5.23, 4.73, 3.89, 2.79, 2.91, 3.13, 2.74, 2.55, 2.24, 2.17, 2.76, 3.24, 2.81, 2.83, 3.46, 3.5, 3.04, 2.99, 3.01, 2.78, 2.96, 2.34, 1.4, 0.96, 0, 1.47, 2.12, 2.59, 2.37, 2.33, 2.2, 2.3, 2.13, 2.29, 2.75, 4.21, 5.26, 5.527, 5.49, 5.47, 5.96, 5.92, 5.62, 6.587, 6.461, 5.68, 5.71, 5.63, 5.49, 4.45, 3.98, 4.02, 4.37, 4.66, 4.71, 4.22, 3.55, 1.76, 1.88, 1.94, 1.97, 2.58, 3.12, 3.49, 4.34, 4.8, 4.28, 4.16, 4.13, 3.62, 3.32], [6.37, 6.37, 7.025, 6.77, 6.35, 6.11, 6.36, 6.48, 6.12, 6.11, 5.92, 5.99, 5.82, 6.26, 6.76, 5.3, 4.88, 4.08, 2.86, 2.64, 2.88, 2.89, 3.1, 3.11, 2.96, 3.55, 3.99, 3.56, 3.98, 4.51, 4.41, 3.85, 4.0, 4.08, 3.83, 3.85, 3.39, 2.41, 1.85, 1.47, 0, 1.07, 1.74, 1.76, 1.86, 1.75, 2.21, 2.22, 2.36, 2.74, 4.799, 5.861, 6.097, 6.057, 6.088, 6.51, 6.43, 6.15, 7.157, 7.088, 6.247, 6.22, 6.12, 5.98, 5.0, 4.21, 4.19, 4.74, 5.15, 5.18, 4.81, 4.2, 2.35, 1.81, 1.99, 1.86, 2.55, 2.99, 3.3, 3.93, 4.27, 3.87, 3.79, 3.74, 3.21, 2.83], [6.6, 6.6, 7.1, 6.86, 6.58, 6.26, 6.37, 6.49, 6.13, 6.3, 6.19, 6.18, 6.03, 6.35, 6.81, 5.45, 5.07, 4.15, 3.07, 2.65, 2.89, 3.16, 3.37, 3.3, 3.39, 3.88, 4.3, 3.95, 4.39, 4.94, 4.7, 4.14, 4.29, 4.43, 4.08, 4.1, 3.74, 2.96, 2.2, 2.12, 1.07, 0, 0.95, 1.27, 1.49, 1.38, 1.9, 2.33, 2.31, 2.95, 5.009, 6.051, 6.287, 6.247, 6.278, 6.7, 6.64, 6.34, 7.347, 7.278, 6.437, 6.41, 6.31, 6.17, 5.181, 4.34, 4.377, 4.91, 5.34, 5.37, 4.988, 4.39, 2.56, 2.08, 2.36, 2.11, 2.64, 2.82, 3.03, 3.7, 4.02, 3.6, 3.48, 3.43, 2.98, 2.46], [6.93, 6.93, 7.47, 7.25, 6.91, 6.55, 6.74, 6.84, 6.44, 6.65, 6.46, 6.45, 6.38, 6.68, 7.18, 5.78, 5.38, 4.42, 3.44, 2.96, 3.2, 3.49, 3.74, 3.69, 3.74, 4.23, 4.67, 4.3, 4.74, 5.29, 5.07, 4.51, 4.66, 4.8, 4.49, 4.49, 4.09, 3.43, 2.71, 2.59, 1.74, 0.95, 0, 0.98, 1.16, 1.15, 1.85, 2.2, 2.1, 2.7, 4.782, 5.804, 6.04, 6.0, 6.031, 6.456, 6.424, 6.124, 7.1, 7.031, 6.196, 6.163, 6.114, 5.997, 4.954, 4.05, 4.17, 4.76, 5.11, 5.16, 4.761, 4.2, 2.75, 2.29, 2.81, 2.6, 3.05, 3.07, 3.14, 3.77, 4.13, 3.69, 3.51, 3.48, 3.07, 2.53], [7.03, 7.01, 7.69, 7.39, 6.95, 6.55, 6.88, 7.0, 6.7, 6.75, 6.4, 6.37, 6.4, 6.9, 7.42, 5.9, 5.48, 4.54, 3.4, 3.06, 3.34, 3.43, 3.56, 3.39, 3.48, 3.97, 4.45, 4.06, 4.48, 5.03, 4.77, 4.23, 4.36, 4.52, 4.17, 4.19, 3.83, 3.17, 2.59, 2.37, 1.76, 1.27, 0.98, 0, 0.84, 0.89, 1.17, 1.5, 1.64, 2.24, 4.32, 5.202, 5.449, 5.403, 5.469, 5.984, 6.007, 5.704, 6.529, 6.472, 5.684, 5.652, 5.697, 5.597, 4.417, 3.57, 3.75, 4.32, 4.61, 4.68, 4.17, 3.58, 2.01, 1.93, 2.61, 2.62, 3.29, 3.35, 3.44, 4.29, 4.63, 4.15, 3.93, 3.88, 3.35, 3.01], [6.65, 6.65, 7.29, 7.01, 6.59, 6.17, 6.5, 6.62, 6.32, 6.37, 6.02, 5.99, 6.06, 6.5, 7.04, 5.54, 5.1, 4.16, 3.14, 2.7, 2.96, 3.23, 3.4, 3.13, 3.28, 3.77, 4.29, 3.88, 4.3, 4.87, 4.55, 4.03, 4.14, 4.32, 3.91, 3.89, 3.67, 3.01, 2.49, 2.33, 1.86, 1.49, 1.16, 0.84, 0, 0.69, 1.47, 1.8, 1.98, 2.62, 4.64, 5.576, 5.746, 5.726, 5.829, 6.27, 6.25, 5.99, 6.869, 6.743, 5.993, 5.949, 5.966, 5.843, 4.726, 3.95, 4.13, 4.7, 4.99, 5.08, 4.51, 3.94, 2.25, 1.89, 2.59, 2.56, 3.17, 3.01, 3.02, 3.93, 4.27, 3.77, 3.63, 3.62, 3.09, 2.69], [6.38, 6.36, 7.0, 6.72, 6.32, 5.88, 6.19, 6.31, 5.99, 6.12, 5.79, 5.74, 5.79, 6.17, 6.75, 5.27, 4.85, 3.83, 2.85, 2.39, 2.63, 2.92, 3.09, 2.88, 3.03, 3.48, 3.98, 3.57, 4.01, 4.56, 4.26, 3.72, 3.87, 4.05, 3.68, 3.7, 3.38, 2.84, 2.26, 2.2, 1.75, 1.38, 1.15, 0.89, 0.69, 0, 1.28, 1.77, 1.91, 2.63, 4.65, 5.497, 5.733, 5.696, 5.719, 6.24, 6.28, 5.96, 6.799, 6.747, 5.949, 5.962, 6.002, 5.873, 4.762, 3.98, 4.16, 4.77, 5.04, 5.13, 4.5, 3.85, 2.12, 1.48, 2.24, 2.15, 2.7, 2.74, 2.97, 3.92, 4.26, 3.68, 3.54, 3.65, 3.12, 2.66], [6.92, 6.94, 7.6, 7.32, 6.92, 6.6, 7.15, 7.09, 6.75, 6.82, 6.43, 6.36, 6.41, 7.13, 7.43, 5.87, 5.55, 4.69, 3.61, 3.23, 3.47, 3.42, 3.25, 3.0, 3.19, 3.68, 4.18, 3.65, 4.05, 4.58, 4.42, 4.02, 4.09, 4.17, 3.84, 3.9, 3.44, 2.88, 2.54, 2.3, 2.21, 1.9, 1.85, 1.17, 1.47, 1.28, 0, 1.03, 1.11, 1.85, 3.702, 4.623, 4.784, 4.707, 4.764, 5.463, 5.523, 5.18, 5.89, 5.787, 5.206, 5.222, 5.262, 5.136, 3.965, 3.26, 3.415, 3.99, 4.16, 4.23, 3.592, 2.91, 1.78, 1.84, 2.54, 2.63, 3.18, 3.56, 3.85, 5.034, 5.394, 4.794, 4.634, 4.73, 4.16, 3.8], [7.35, 7.39, 8.07, 7.79, 7.35, 7.13, 7.62, 7.66, 7.28, 7.29, 6.76, 6.87, 6.88, 7.38, 7.8, 6.3, 5.9, 5.02, 3.98, 3.74, 3.92, 3.77, 3.66, 3.41, 3.48, 4.07, 4.53, 4.0, 4.3, 4.85, 4.73, 4.21, 4.3, 4.4, 4.17, 4.23, 3.73, 2.87, 2.45, 2.13, 2.22, 2.33, 2.2, 1.5, 1.8, 1.77, 1.03, 0, 0.88, 1.18, 2.94, 4.022, 4.269, 4.243, 4.249, 4.824, 4.847, 4.544, 5.349, 5.232, 4.524, 4.54, 4.54, 4.437, 3.26, 2.73, 2.77, 3.24, 3.41, 3.5, 2.97, 2.5, 1.71, 2.23, 2.79, 2.96, 3.63, 4.19, 4.52, 5.47, 5.85, 5.21, 5.03, 5.18, 4.63, 4.21], [7.57, 7.628, 8.343, 8.05, 7.61, 7.37, 7.8, 7.86, 7.4, 7.41, 7.04, 7.11, 7.08, 7.52, 8.0, 6.48, 6.06, 5.28, 4.1, 3.9, 4.12, 3.99, 3.9, 3.65, 3.6, 4.15, 4.67, 4.2, 4.5, 5.05, 5.049, 4.529, 4.66, 4.76, 4.47, 4.51, 4.05, 3.03, 2.63, 2.29, 2.36, 2.31, 2.1, 1.64, 1.98, 1.91, 1.11, 0.88, 0, 1.12, 2.82, 3.99, 4.24, 4.22, 4.2, 4.71, 4.73, 4.41, 5.3, 5.18, 4.45, 4.46, 4.46, 4.34, 3.16, 2.51, 2.57, 3.12, 3.37, 3.46, 2.93, 2.56, 1.87, 2.41, 3.09, 3.14, 3.75, 4.25, 4.62, 5.51, 5.924, 5.19, 5.044, 5.314, 4.764, 4.264], [8.19, 8.225, 8.885, 8.63, 8.17, 7.93, 8.42, 8.46, 8.06, 8.07, 7.58, 7.69, 7.7, 8.12, 8.64, 7.08, 6.68, 5.82, 4.72, 4.5, 4.7, 4.505, 4.42, 4.31, 4.22, 4.75, 5.25, 4.82, 5.1, 5.63, 5.61, 5.149, 5.26, 5.28, 5.07, 5.11, 4.65, 3.63, 3.27, 2.75, 2.74, 2.95, 2.7, 2.24, 2.62, 2.63, 1.85, 1.18, 1.12, 0, 2.14, 3.33, 3.58, 3.56, 3.54, 4.09, 4.11, 3.81, 4.64, 4.5, 3.79, 3.76, 3.8, 3.7, 2.5, 1.97, 1.99, 2.44, 2.63, 2.72, 2.35, 2.42, 2.21, 2.99, 3.63, 3.7, 4.41, 4.97, 5.28, 6.19, 6.578, 5.95, 5.77, 5.949, 5.379, 4.956], [9.77, 9.957, 10.617, 10.29, 9.83, 9.77, 10.3, 10.36, 9.92, 9.93, 9.32, 9.53, 9.58, 9.94, 10.32, 8.94, 8.44, 7.68, 6.62, 6.48, 6.62, 6.314, 6.1, 5.582, 5.732, 6.282, 6.69, 6.264, 6.016, 6.535, 6.665, 6.365, 6.04, 5.92, 5.89, 6.19, 5.39, 4.31, 4.39, 4.21, 4.799, 5.009, 4.782, 4.32, 4.64, 4.65, 3.702, 2.94, 2.82, 2.14, 0, 1.55, 1.9, 1.76, 1.82, 2.21, 2.23, 1.97, 2.82, 2.58, 1.93, 1.98, 2.14, 2.02, 1.36, 1.57, 1.53, 1.1, 1.19, 1.24, 1.13, 1.92, 3.37, 4.85, 5.33, 5.54, 6.23, 6.89, 7.3, 8.269, 8.672, 7.97, 7.81, 7.994, 7.424, 7.012], [10.606, 10.495, 11.235, 10.872, 10.44, 10.5, 11.05, 11.11, 10.97, 11.04, 10.13, 10.34, 10.35, 11.13, 11.31, 10.05, 9.57, 8.35, 7.53, 7.407, 7.376, 7.049, 7.036, 6.643, 6.833, 7.443, 7.823, 7.179, 6.592, 7.108, 7.11, 6.85, 6.47, 6.33, 6.6, 6.94, 6.1, 5.16, 5.56, 5.26, 5.861, 6.051, 5.804, 5.202, 5.576, 5.497, 4.623, 4.022, 3.99, 3.33, 1.55, 0, 0.81, 0.87, 0.93, 1.08, 1.24, 1.24, 1.47, 1.51, 1.1, 1.33, 1.67, 1.37, 1.69, 2.08, 2.14, 1.77, 1.42, 1.59, 1.6, 1.99, 3.9, 5.66, 6.04, 6.496, 7.36, 8.04, 8.31, 9.38, 9.723, 9.14, 8.983, 9.056, 8.486, 8.123], [10.624, 10.379, 11.119, 10.736, 10.39, 10.682, 11.252, 11.192, 11.132, 11.222, 10.34, 10.37, 10.36, 11.38, 11.492, 10.212, 9.78, 8.489, 7.78, 7.623, 7.529, 7.196, 7.094, 6.804, 7.032, 7.624, 7.956, 7.269, 6.521, 6.886, 6.957, 6.874, 6.42, 6.42, 6.79, 7.022, 6.242, 5.373, 5.827, 5.527, 6.097, 6.287, 6.04, 5.449, 5.746, 5.733, 4.784, 4.269, 4.24, 3.58, 1.9, 0.81, 0, 0.7, 1.04, 1.53, 1.73, 1.55, 1.74, 1.94, 1.67, 1.94, 2.24, 1.94, 2.04, 2.41, 2.35, 2.02, 1.75, 2.08, 2.19, 2.2, 4.03, 5.802, 6.17, 6.669, 7.522, 8.25, 8.492, 9.647, 9.99, 9.407, 9.25, 9.306, 8.736, 8.373], [10.553, 10.385, 11.122, 10.742, 10.37, 10.599, 11.206, 11.14, 11.074, 11.193, 10.26, 10.31, 10.34, 11.36, 11.429, 10.134, 9.72, 8.463, 7.76, 7.574, 7.523, 7.179, 7.023, 6.727, 6.989, 7.562, 7.887, 7.18, 6.493, 6.946, 6.932, 6.88, 6.42, 6.36, 6.67, 6.95, 6.164, 5.353, 5.79, 5.49, 6.057, 6.247, 6.0, 5.403, 5.726, 5.696, 4.707, 4.243, 4.22, 3.56, 1.76, 0.87, 0.7, 0, 0.74, 1.19, 1.43, 1.41, 1.74, 1.74, 1.47, 1.78, 2.12, 1.84, 1.96, 2.21, 2.19, 1.86, 1.63, 2.0, 2.09, 2.16, 3.99, 5.75, 6.11, 6.663, 7.444, 8.17, 8.446, 9.61, 9.953, 9.37, 9.213, 9.283, 8.713, 8.353], [10.636, 10.485, 11.225, 10.862, 10.43, 10.702, 11.292, 11.177, 11.112, 11.202, 10.32, 10.35, 10.36, 11.36, 11.472, 10.192, 9.76, 8.48, 7.78, 7.603, 7.526, 7.199, 7.08, 6.784, 7.012, 7.604, 7.936, 7.269, 6.63, 7.123, 7.22, 7.02, 6.56, 6.5, 6.75, 7.01, 6.222, 5.336, 5.77, 5.47, 6.088, 6.278, 6.031, 5.469, 5.829, 5.719, 4.764, 4.249, 4.2, 3.54, 1.82, 0.93, 1.04, 0.74, 0, 1.01, 1.19, 1.17, 1.5, 1.48, 1.11, 1.52, 1.78, 1.56, 1.8, 2.23, 2.09, 1.72, 1.49, 1.68, 1.93, 2.08, 3.99, 5.802, 6.15, 6.649, 7.502, 8.23, 8.472, 9.59, 9.933, 9.35, 9.193, 9.306, 8.736, 8.336], [11.426, 11.275, 12.032, 11.652, 11.26, 11.34, 11.847, 11.95, 11.81, 11.86, 10.97, 11.16, 11.17, 11.93, 12.15, 10.89, 10.41, 9.17, 8.31, 8.247, 8.176, 7.869, 7.873, 7.483, 7.673, 8.283, 8.663, 7.999, 7.395, 7.91, 7.947, 7.647, 7.27, 7.13, 7.44, 7.74, 6.94, 5.9, 6.26, 5.96, 6.51, 6.7, 6.456, 5.984, 6.27, 6.24, 5.463, 4.824, 4.71, 4.09, 2.21, 1.08, 1.53, 1.19, 1.01, 0, 0.64, 1.08, 1.19, 1.23, 1.02, 1.09, 1.35, 1.17, 1.91, 2.46, 2.34, 1.93, 1.62, 1.95, 2.34, 2.79, 4.72, 6.5, 6.86, 7.313, 8.2, 8.88, 9.15, 10.08, 10.426, 9.84, 9.692, 9.822, 9.252, 8.849], [11.552, 11.498, 12.235, 11.875, 11.38, 11.42, 11.91, 12.03, 11.87, 11.92, 11.03, 11.26, 11.27, 11.97, 12.21, 10.95, 10.45, 9.27, 8.35, 8.29, 8.276, 7.975, 7.956, 7.546, 7.733, 8.346, 8.732, 8.099, 7.635, 8.145, 8.167, 7.841, 7.51, 7.37, 7.52, 7.9, 7.02, 5.94, 6.24, 5.92, 6.43, 6.64, 6.424, 6.007, 6.25, 6.28, 5.523, 4.847, 4.73, 4.11, 2.23, 1.24, 1.73, 1.43, 1.19, 0.64, 0, 1.0, 1.31, 1.31, 1.02, 1.07, 1.23, 1.05, 1.81, 2.5, 2.38, 1.95, 1.68, 1.95, 2.3, 2.85, 4.84, 6.58, 6.96, 7.396, 8.26, 8.94, 9.21, 10.06, 10.394, 9.82, 9.694, 9.824, 9.254, 8.834], [11.12, 11.121, 11.838, 11.498, 10.98, 11.04, 11.567, 11.63, 11.527, 11.577, 10.69, 10.84, 10.85, 11.65, 11.847, 10.607, 10.13, 8.89, 8.03, 7.965, 7.853, 7.578, 7.553, 7.2, 7.39, 7.98, 8.372, 7.711, 7.34, 7.876, 7.933, 7.59, 7.23, 7.09, 7.22, 7.52, 6.68, 5.6, 5.92, 5.62, 6.15, 6.34, 6.124, 5.704, 5.99, 5.96, 5.18, 4.544, 4.41, 3.81, 1.97, 1.24, 1.55, 1.41, 1.17, 1.08, 1.0, 0, 1.21, 1.25, 0.84, 1.03, 1.17, 1.11, 1.57, 2.2, 2.04, 1.63, 1.44, 1.79, 2.16, 2.57, 4.44, 6.18, 6.56, 6.993, 7.917, 8.6, 8.867, 9.74, 10.094, 9.52, 9.394, 9.524, 8.954, 8.534], [11.796, 11.665, 12.422, 12.042, 11.63, 11.764, 12.332, 12.34, 12.237, 12.307, 11.42, 11.55, 11.56, 12.46, 12.574, 11.317, 10.86, 9.597, 8.86, 8.709, 8.623, 8.293, 8.263, 7.91, 8.12, 8.707, 9.07, 8.403, 7.785, 8.298, 8.337, 8.057, 7.66, 7.56, 7.87, 8.13, 7.347, 6.447, 6.887, 6.587, 7.157, 7.347, 7.1, 6.529, 6.869, 6.799, 5.89, 5.349, 5.3, 4.64, 2.82, 1.47, 1.74, 1.74, 1.5, 1.19, 1.31, 1.21, 0, 0.74, 1.13, 1.18, 1.44, 1.44, 2.26, 3.13, 3.01, 2.54, 2.15, 2.36, 2.67, 3.12, 5.13, 6.89, 7.25, 7.763, 8.627, 9.33, 9.577, 10.707, 11.05, 10.467, 10.31, 10.386, 9.816, 9.436], [11.673, 11.588, 12.285, 11.925, 11.49, 11.67, 12.254, 12.24, 12.114, 12.164, 11.3, 11.45, 11.48, 12.3, 12.46, 11.194, 10.74, 9.46, 8.74, 8.569, 8.503, 8.176, 8.143, 7.787, 7.977, 8.593, 8.953, 8.266, 7.69, 8.206, 8.26, 7.96, 7.56, 7.5, 7.75, 8.03, 7.23, 6.33, 6.761, 6.461, 7.088, 7.278, 7.031, 6.472, 6.743, 6.747, 5.787, 5.232, 5.18, 4.5, 2.58, 1.51, 1.94, 1.74, 1.48, 1.23, 1.31, 1.25, 0.74, 0, 1.09, 1.18, 1.46, 1.44, 2.12, 3.01, 2.93, 2.42, 1.99, 2.32, 2.65, 3.14, 5.09, 6.81, 7.15, 7.623, 8.504, 9.23, 9.454, 10.581, 10.924, 10.341, 10.202, 10.212, 9.622, 9.304], [11.315, 11.321, 12.038, 11.698, 11.18, 11.12, 11.63, 11.75, 11.55, 11.62, 10.77, 10.98, 11.01, 11.65, 11.91, 10.63, 10.13, 9.03, 8.05, 7.97, 8.019, 7.718, 7.659, 7.249, 7.416, 8.049, 8.432, 7.851, 7.523, 8.056, 8.13, 7.77, 7.41, 7.27, 7.32, 7.68, 6.78, 5.66, 5.98, 5.68, 6.247, 6.437, 6.196, 5.684, 5.993, 5.949, 5.206, 4.524, 4.45, 3.79, 1.93, 1.1, 1.67, 1.47, 1.11, 1.02, 1.02, 0.84, 1.13, 1.09, 0, 0.69, 0.87, 0.85, 1.55, 2.2, 2.1, 1.71, 1.4, 1.55, 1.9, 2.65, 4.6, 6.28, 6.72, 7.119, 7.96, 8.62, 8.89, 9.8, 10.146, 9.56, 9.42, 9.539, 8.969, 8.569], [11.45, 11.491, 12.191, 11.868, 11.35, 11.23, 11.7, 11.84, 11.58, 11.63, 10.92, 11.09, 11.1, 11.68, 11.98, 10.66, 10.14, 9.18, 8.12, 8.0, 8.095, 7.851, 7.712, 7.305, 7.455, 8.082, 8.528, 7.981, 7.736, 8.286, 8.36, 8.0, 7.64, 7.5, 7.47, 7.85, 6.99, 5.81, 5.99, 5.71, 6.22, 6.41, 6.163, 5.652, 5.949, 5.962, 5.222, 4.54, 4.46, 3.76, 1.98, 1.33, 1.94, 1.78, 1.52, 1.09, 1.07, 1.03, 1.18, 1.18, 0.69, 0, 0.74, 0.8, 1.44, 2.21, 2.13, 1.68, 1.31, 1.6, 1.89, 2.88, 4.73, 6.33, 6.87, 7.195, 7.99, 8.63, 8.88, 9.79, 10.133, 9.57, 9.41, 9.509, 8.939, 8.539], [11.59, 11.617, 12.297, 11.95, 11.47, 11.27, 11.76, 11.88, 11.62, 11.67, 10.98, 11.13, 11.14, 11.72, 12.02, 10.7, 10.18, 9.24, 8.14, 8.04, 8.135, 7.911, 7.78, 7.345, 7.495, 8.122, 8.59, 8.087, 7.925, 8.538, 8.665, 8.265, 7.94, 7.8, 7.63, 8.01, 7.23, 6.01, 5.93, 5.63, 6.12, 6.31, 6.114, 5.697, 5.966, 6.002, 5.262, 4.54, 4.46, 3.8, 2.14, 1.67, 2.24, 2.12, 1.78, 1.35, 1.23, 1.17, 1.44, 1.46, 0.87, 0.74, 0, 0.68, 1.4, 2.21, 2.07, 1.64, 1.31, 1.44, 1.89, 3.12, 4.81, 6.37, 6.95, 7.235, 8.03, 8.67, 8.94, 9.73, 10.084, 9.51, 9.39, 9.514, 8.944, 8.524], [11.41, 11.434, 12.114, 11.79, 11.29, 11.13, 11.6, 11.72, 11.48, 11.55, 10.82, 10.97, 10.96, 11.58, 11.88, 10.56, 10.06, 9.08, 8.02, 7.9, 7.958, 7.751, 7.64, 7.185, 7.358, 7.976, 8.47, 7.924, 7.676, 8.229, 8.303, 7.94, 7.58, 7.44, 7.39, 7.77, 6.93, 5.71, 5.81, 5.49, 5.98, 6.17, 5.997, 5.597, 5.843, 5.873, 5.136, 4.437, 4.34, 3.7, 2.02, 1.37, 1.94, 1.84, 1.56, 1.17, 1.05, 1.11, 1.44, 1.44, 0.85, 0.8, 0.68, 0, 1.42, 2.15, 2.05, 1.64, 1.29, 1.46, 1.85, 2.76, 4.65, 6.23, 6.79, 7.058, 7.89, 8.55, 8.82, 9.61, 9.967, 9.39, 9.27, 9.397, 8.827, 8.407], [10.43, 10.44, 11.12, 10.79, 10.31, 10.03, 10.54, 10.64, 10.34, 10.37, 9.78, 9.89, 9.88, 10.44, 10.84, 9.42, 8.88, 8.02, 6.9, 6.74, 6.88, 6.683, 6.54, 6.09, 6.26, 6.85, 7.37, 6.913, 6.798, 7.494, 7.608, 7.188, 6.88, 6.82, 6.69, 6.97, 6.19, 5.03, 4.87, 4.45, 5.0, 5.181, 4.954, 4.417, 4.726, 4.762, 3.965, 3.26, 3.16, 2.5, 1.36, 1.69, 2.04, 1.96, 1.8, 1.91, 1.81, 1.57, 2.26, 2.12, 1.55, 1.44, 1.4, 1.42, 0, 1.15, 1.07, 0.9, 0.97, 1.18, 1.59, 2.56, 3.69, 5.11, 5.77, 5.98, 6.73, 7.35, 7.62, 8.51, 8.864, 8.27, 8.124, 8.214, 7.644, 7.264], [10.06, 10.053, 10.733, 10.42, 9.94, 9.62, 10.01, 10.11, 9.79, 9.78, 9.39, 9.44, 9.43, 9.97, 10.47, 8.95, 8.49, 7.61, 6.37, 6.17, 6.39, 6.298, 6.19, 5.82, 5.85, 6.38, 6.98, 6.59, 6.603, 7.253, 7.313, 6.833, 6.71, 6.77, 6.58, 6.72, 6.1, 5.0, 4.62, 3.98, 4.21, 4.34, 4.05, 3.57, 3.95, 3.98, 3.26, 2.73, 2.51, 1.97, 1.57, 2.08, 2.41, 2.21, 2.23, 2.46, 2.5, 2.2, 3.13, 3.01, 2.2, 2.21, 2.21, 2.15, 1.15, 0, 0.62, 1.11, 1.18, 1.53, 1.86, 2.67, 3.4, 4.66, 5.4, 5.51, 6.18, 6.64, 6.83, 7.66, 7.98, 7.42, 7.28, 7.402, 6.832, 6.409], [10.02, 10.013, 10.693, 10.38, 9.9, 9.6, 10.03, 10.13, 9.79, 9.82, 9.35, 9.42, 9.39, 9.97, 10.43, 8.93, 8.45, 7.57, 6.37, 6.21, 6.39, 6.278, 6.17, 5.86, 5.89, 6.48, 6.94, 6.57, 6.643, 7.293, 7.333, 6.813, 6.75, 6.81, 6.62, 6.74, 6.14, 5.02, 4.58, 4.02, 4.19, 4.377, 4.17, 3.75, 4.13, 4.16, 3.415, 2.77, 2.57, 1.99, 1.53, 2.14, 2.35, 2.19, 2.09, 2.34, 2.38, 2.04, 3.01, 2.93, 2.1, 2.13, 2.07, 2.05, 1.07, 0.62, 0, 0.81, 1.08, 1.39, 1.84, 2.75, 3.44, 4.64, 5.36, 5.51, 6.18, 6.8, 7.05, 7.76, 8.12, 7.58, 7.44, 7.547, 6.977, 6.54], [10.41, 10.42, 11.1, 10.75, 10.29, 10.05, 10.56, 10.62, 10.34, 10.39, 9.76, 9.89, 9.86, 10.46, 10.82, 9.42, 8.92, 8.02, 6.88, 6.76, 6.88, 6.677, 6.56, 6.07, 6.22, 6.842, 7.37, 6.89, 6.753, 7.361, 7.485, 7.085, 6.76, 6.64, 6.51, 6.83, 6.05, 4.93, 4.65, 4.37, 4.74, 4.91, 4.76, 4.32, 4.7, 4.77, 3.99, 3.24, 3.12, 2.44, 1.1, 1.77, 2.02, 1.86, 1.72, 1.93, 1.95, 1.63, 2.54, 2.42, 1.71, 1.68, 1.64, 1.64, 0.9, 1.11, 0.81, 0, 0.69, 0.96, 1.51, 2.42, 3.63, 5.13, 5.75, 5.98, 6.75, 7.37, 7.6, 8.35, 8.69, 8.17, 8.03, 8.0, 7.43, 7.05], [10.52, 10.57, 11.21, 10.86, 10.4, 10.22, 10.71, 10.79, 10.49, 10.54, 9.85, 10.02, 10.05, 10.59, 10.97, 9.57, 9.05, 8.09, 7.07, 6.91, 7.01, 6.787, 6.67, 6.24, 6.365, 6.992, 7.46, 7.0, 6.855, 7.468, 7.595, 7.195, 6.87, 6.73, 6.6, 6.94, 6.16, 5.02, 4.94, 4.66, 5.15, 5.34, 5.11, 4.61, 4.99, 5.04, 4.16, 3.41, 3.37, 2.63, 1.19, 1.42, 1.75, 1.63, 1.49, 1.62, 1.68, 1.44, 2.15, 1.99, 1.4, 1.31, 1.31, 1.29, 0.97, 1.18, 1.08, 0.69, 0, 0.85, 1.44, 2.35, 3.8, 5.28, 5.84, 6.11, 6.9, 7.52, 7.77, 8.66, 9.0, 8.44, 8.28, 8.327, 7.737, 7.377], [10.65, 10.737, 11.337, 10.97, 10.49, 10.37, 10.9, 10.94, 10.52, 10.57, 9.98, 10.17, 10.18, 10.72, 11.08, 9.68, 9.1, 8.3, 7.24, 6.98, 7.18, 6.957, 6.78, 6.27, 6.44, 7.01, 7.59, 7.107, 6.922, 7.515, 7.625, 7.285, 6.9, 6.76, 6.65, 6.99, 6.19, 5.13, 5.07, 4.71, 5.18, 5.37, 5.16, 4.68, 5.08, 5.13, 4.23, 3.5, 3.46, 2.72, 1.24, 1.59, 2.08, 2.0, 1.68, 1.95, 1.95, 1.79, 2.36, 2.32, 1.55, 1.6, 1.44, 1.46, 1.18, 1.53, 1.39, 0.96, 0.85, 0, 0.95, 2.3, 3.99, 5.41, 5.99, 6.2, 6.93, 7.59, 7.78, 8.75, 9.07, 8.53, 8.37, 8.32, 7.73, 7.43], [9.96, 10.047, 10.667, 10.32, 9.84, 9.64, 10.15, 10.23, 9.91, 9.96, 9.31, 9.46, 9.49, 10.07, 10.39, 9.01, 8.51, 7.63, 6.59, 6.35, 6.49, 6.307, 6.13, 5.64, 5.808, 6.412, 6.94, 6.457, 6.272, 6.865, 6.975, 6.635, 6.25, 6.11, 5.96, 6.34, 5.54, 4.5, 4.58, 4.22, 4.81, 4.988, 4.761, 4.17, 4.51, 4.5, 3.592, 2.97, 2.93, 2.35, 1.13, 1.6, 2.19, 2.09, 1.93, 2.34, 2.3, 2.16, 2.67, 2.65, 1.9, 1.89, 1.89, 1.85, 1.59, 1.86, 1.84, 1.51, 1.44, 0.95, 0, 1.53, 3.28, 4.7, 5.32, 5.55, 6.32, 7.0, 7.21, 8.3, 8.634, 8.06, 7.914, 7.899, 7.309, 7.014], [8.75, 8.694, 9.428, 9.068, 8.55, 8.724, 9.312, 9.257, 9.137, 9.207, 8.32, 8.43, 8.44, 9.36, 9.474, 8.217, 7.76, 6.5, 5.8, 5.629, 5.546, 5.199, 5.16, 4.81, 5.02, 5.607, 5.97, 5.324, 4.939, 5.512, 5.603, 5.283, 4.88, 4.8, 4.81, 5.09, 4.31, 3.43, 3.83, 3.55, 4.2, 4.39, 4.2, 3.58, 3.94, 3.85, 2.91, 2.5, 2.56, 2.42, 1.92, 1.99, 2.2, 2.16, 2.08, 2.79, 2.85, 2.57, 3.12, 3.14, 2.65, 2.88, 3.12, 2.76, 2.56, 2.67, 2.75, 2.42, 2.35, 2.3, 1.53, 0, 2.05, 3.83, 4.15, 4.657, 5.53, 6.23, 6.477, 7.63, 7.99, 7.387, 7.23, 7.306, 6.756, 6.37], [6.84, 6.82, 7.5, 7.14, 6.68, 6.72, 7.31, 7.25, 7.17, 7.26, 6.37, 6.46, 6.49, 7.41, 7.51, 6.227, 5.77, 4.55, 3.81, 3.63, 3.57, 3.241, 3.19, 2.98, 3.09, 3.7, 4.04, 3.41, 3.31, 3.9, 3.93, 3.61, 3.39, 3.51, 3.3, 3.38, 2.84, 2.16, 2.1, 1.76, 2.35, 2.56, 2.75, 2.01, 2.25, 2.12, 1.78, 1.71, 1.87, 2.21, 3.37, 3.9, 4.03, 3.99, 3.99, 4.72, 4.84, 4.44, 5.13, 5.09, 4.6, 4.73, 4.81, 4.65, 3.69, 3.4, 3.44, 3.63, 3.8, 3.99, 3.28, 2.05, 0, 1.82, 2.2, 2.71, 3.54, 4.24, 4.51, 5.64, 6.0, 5.4, 5.28, 5.333, 4.78, 4.4], [5.42, 5.46, 6.08, 5.78, 5.34, 5.02, 5.65, 5.59, 5.43, 5.52, 4.93, 4.84, 4.99, 5.73, 5.97, 4.49, 4.11, 3.11, 2.43, 2.25, 2.35, 2.24, 2.19, 2.3, 2.13, 2.58, 2.88, 2.41, 2.89, 3.38, 3.24, 2.8, 2.83, 2.95, 2.68, 2.64, 2.22, 2.02, 1.9, 1.88, 1.81, 2.08, 2.29, 1.93, 1.89, 1.48, 1.84, 2.23, 2.41, 2.99, 4.85, 5.66, 5.802, 5.75, 5.802, 6.5, 6.58, 6.18, 6.89, 6.81, 6.28, 6.33, 6.37, 6.23, 5.11, 4.66, 4.64, 5.13, 5.28, 5.41, 4.7, 3.83, 1.82, 0, 1.02, 1.25, 1.8, 2.54, 2.75, 4.04, 4.52, 4.14, 4.0, 3.81, 3.2, 3.0], [4.82, 4.84, 5.5, 5.08, 4.62, 4.72, 5.37, 5.29, 5.13, 5.22, 4.39, 4.54, 4.53, 5.39, 5.47, 4.19, 3.67, 2.59, 2.11, 1.97, 1.97, 1.68, 1.81, 2.06, 1.91, 2.36, 2.5, 1.93, 2.33, 2.82, 2.6, 2.16, 2.17, 2.37, 2.12, 2.04, 1.7, 1.72, 1.82, 1.94, 1.99, 2.36, 2.81, 2.61, 2.59, 2.24, 2.54, 2.79, 3.09, 3.63, 5.33, 6.04, 6.17, 6.11, 6.15, 6.86, 6.96, 6.56, 7.25, 7.15, 6.72, 6.87, 6.95, 6.79, 5.77, 5.4, 5.36, 5.75, 5.84, 5.99, 5.32, 4.15, 2.2, 1.02, 0, 0.83, 1.54, 2.22, 2.49, 3.78, 4.26, 3.86, 3.74, 3.53, 2.96, 2.8], [4.75, 4.83, 5.37, 5.09, 4.77, 4.59, 5.0, 4.94, 4.64, 4.85, 4.48, 4.47, 4.42, 4.84, 5.18, 3.86, 3.44, 2.5, 1.98, 1.78, 1.74, 1.79, 1.96, 2.09, 1.86, 2.25, 2.49, 2.1, 2.62, 3.05, 2.85, 2.33, 2.44, 2.6, 2.35, 2.29, 1.89, 1.97, 1.91, 1.97, 1.86, 2.11, 2.6, 2.62, 2.56, 2.15, 2.63, 2.96, 3.14