[[0, 1.38, 1.11, 2.04, 2.85, 2.59, 2.57, 2.8, 2.89, 3.0, 3.09, 3.44, 3.02, 2.24, 2.13, 2.3, 2.3, 2.08, 2.26, 1.96, 1.83, 1.62, 1.73, 1.87, 2.03, 2.19, 2.21, 2.39, 1.91, 1.86, 2.06, 2.26, 1.76, 1.56, 2.17, 3.17, 1.96, 0.97, 1.03, 1.22, 2.27, 4.1, 5.49, 5.66, 6.44, 7.14, 7.34, 8.0, 9.178, 10.058, 11.51, 11.28, 10.73, 9.958, 10.06, 10.08, 9.38, 8.56, 7.85, 7.51, 7.42, 7.51, 7.59, 7.208, 6.51, 6.51, 6.62, 6.41, 6.76, 5.43, 2.95, 2.85, 4.18, 5.46, 4.51, 3.2, 3.52, 4.67, 4.33, 3.7, 3.12, 3.11, 3.46, 2.63, 1.74, 1.74], [1.38, 0, 0.89, 2.02, 2.55, 2.35, 2.45, 2.62, 2.35, 2.48, 2.43, 2.8, 2.66, 2.12, 2.95, 3.04, 2.82, 2.86, 3.16, 2.78, 2.73, 2.34, 2.35, 2.65, 2.25, 2.47, 2.75, 3.41, 2.95, 2.88, 3.06, 3.04, 2.2, 2.54, 3.23, 4.29, 2.9, 2.09, 2.15, 1.74, 1.97, 3.22, 4.33, 4.56, 5.34, 5.94, 6.08, 6.72, 7.88, 8.76, 10.21, 9.98, 9.43, 8.66, 8.76, 8.78, 8.08, 7.26, 6.59, 6.37, 6.18, 6.21, 6.31, 5.99, 5.29, 5.77, 6.14, 6.07, 6.38, 5.17, 2.95, 2.77, 3.54, 4.68, 3.81, 2.56, 2.94, 3.99, 3.65, 3.18, 2.98, 2.71, 2.82, 2.55, 2.16, 2.52], [1.11, 0.89, 0, 1.75, 2.3, 2.12, 2.2, 2.41, 2.48, 2.61, 2.7, 3.09, 2.71, 2.07, 2.62, 2.67, 2.39, 2.47, 2.77, 2.41, 2.34, 2.03, 2.02, 2.08, 1.88, 2.1, 2.3, 3.0, 2.54, 2.49, 2.67, 2.63, 1.93, 2.17, 2.92, 3.94, 2.59, 1.72, 1.8, 1.49, 1.84, 3.43, 4.64, 4.81, 5.63, 6.19, 6.39, 7.05, 8.23, 9.11, 10.56, 10.33, 9.78, 9.01, 9.11, 9.13, 8.43, 7.61, 6.88, 6.64, 6.57, 6.56, 6.68, 6.26, 5.64, 5.84, 6.07, 5.9, 6.27, 5.06, 2.72, 2.48, 3.81, 5.01, 4.12, 2.73, 3.09, 4.22, 3.86, 3.33, 3.05, 2.8, 3.03, 2.62, 1.87, 2.21], [2.04, 2.02, 1.75, 0, 1.31, 1.11, 1.03, 1.48, 1.71, 2.0, 2.33, 2.6, 2.34, 1.34, 2.07, 2.34, 2.1, 2.22, 2.44, 1.96, 1.81, 1.66, 1.57, 1.47, 1.09, 1.03, 1.35, 2.49, 2.35, 2.42, 2.54, 2.34, 1.6, 2.46, 3.27, 3.95, 2.94, 2.15, 2.07, 1.64, 1.67, 3.68, 5.07, 5.24, 6.02, 6.72, 6.92, 7.58, 8.76, 9.64, 11.09, 10.86, 10.31, 9.54, 9.64, 9.66, 8.96, 8.14, 7.39, 6.91, 7.0, 7.09, 7.17, 6.79, 6.026, 5.71, 5.7, 5.33, 5.72, 4.13, 1.37, 1.19, 3.58, 4.94, 3.79, 2.68, 2.8, 3.95, 3.93, 3.3, 2.32, 2.53, 3.2, 2.73, 1.52, 2.06], [2.85, 2.55, 2.3, 1.31, 0, 0.88, 1.12, 1.53, 1.82, 1.87, 2.04, 2.09, 1.83, 1.55, 2.98, 2.99, 2.55, 2.83, 3.09, 2.63, 2.46, 2.53, 2.38, 2.3, 1.66, 1.64, 2.24, 3.14, 2.92, 3.01, 3.13, 2.97, 2.35, 3.23, 4.12, 4.62, 3.55, 2.94, 2.96, 2.43, 1.3, 2.77, 4.1, 4.29, 5.03, 5.73, 5.93, 6.59, 7.77, 8.65, 10.1, 9.87, 9.32, 8.55, 8.65, 8.67, 7.97, 7.15, 6.4, 5.92, 6.01, 6.1, 6.18, 5.8, 5.04, 4.7, 4.59, 4.4, 4.77, 3.46, 1.02, 1.32, 2.89, 4.25, 3.14, 1.99, 2.17, 3.22, 3.14, 2.69, 2.07, 2.08, 2.63, 2.42, 1.91, 2.59], [2.59, 2.35, 2.12, 1.11, 0.88, 0, 0.8, 1.31, 1.66, 1.61, 1.74, 2.01, 1.71, 1.39, 2.88, 2.93, 2.61, 2.81, 3.07, 2.65, 2.4, 2.33, 2.12, 2.12, 1.64, 1.52, 2.18, 3.1, 2.92, 3.01, 3.17, 2.83, 2.23, 2.95, 3.8, 4.38, 3.39, 2.64, 2.66, 2.13, 1.28, 2.89, 4.18, 4.37, 5.15, 5.87, 6.03, 6.69, 7.87, 8.75, 10.2, 9.97, 9.42, 8.65, 8.75, 8.77, 8.07, 7.25, 6.5, 6.02, 6.11, 6.2, 6.28, 5.9, 5.14, 4.88, 4.83, 4.58, 4.97, 3.4, 1.22, 1.24, 2.83, 4.21, 3.12, 2.07, 2.19, 3.26, 3.08, 2.43, 1.85, 1.88, 2.53, 2.2, 1.63, 2.49], [2.57, 2.45, 2.2, 1.03, 1.12, 0.8, 0, 1.05, 1.3, 1.51, 1.88, 2.03, 1.85, 1.23, 2.56, 2.97, 2.69, 2.85, 3.11, 2.73, 2.38, 2.29, 2.14, 2.0, 1.58, 1.36, 2.04, 3.16, 3.0, 3.07, 3.31, 2.99, 2.25, 3.23, 3.98, 4.64, 3.61, 2.8, 2.72, 2.25, 1.28, 3.29, 4.66, 4.83, 5.61, 6.31, 6.51, 7.17, 8.35, 9.23, 10.68, 10.45, 9.9, 9.13, 9.23, 9.25, 8.55, 7.73, 6.98, 6.5, 6.59, 6.68, 6.76, 6.38, 5.616, 5.28, 5.23, 4.84, 5.19, 3.7, 1.3, 1.3, 3.11, 4.43, 3.28, 2.21, 2.25, 3.46, 3.42, 2.91, 2.15, 2.18, 3.01, 2.56, 1.63, 2.47], [2.8, 2.62, 2.41, 1.48, 1.53, 1.31, 1.05, 0, 0.93, 1.5, 1.83, 1.88, 1.8, 1.86, 3.19, 3.66, 3.36, 3.5, 3.74, 3.3, 2.93, 2.68, 2.47, 2.49, 2.15, 1.85, 2.53, 3.73, 3.61, 3.7, 3.88, 3.56, 2.74, 3.46, 4.29, 5.15, 4.1, 3.17, 3.07, 2.54, 1.57, 3.16, 4.55, 4.72, 5.5, 6.22, 6.4, 7.06, 8.24, 9.12, 10.57, 10.34, 9.79, 9.02, 9.12, 9.14, 8.44, 7.62, 6.87, 6.39, 6.48, 6.57, 6.65, 6.27, 5.51, 5.27, 5.18, 4.89, 5.28, 3.59, 1.65, 1.85, 2.94, 4.18, 3.15, 2.18, 2.34, 3.39, 3.37, 3.0, 2.12, 2.29, 3.1, 2.71, 2.0, 3.0], [2.89, 2.35, 2.48, 1.71, 1.82, 1.66, 1.3, 0.93, 0, 0.97, 1.3, 1.33, 1.65, 2.07, 3.44, 3.95, 3.71, 3.85, 4.05, 3.51, 3.28, 2.85, 2.66, 2.76, 2.48, 2.18, 2.78, 3.92, 3.96, 4.03, 4.21, 3.89, 2.95, 3.69, 4.66, 5.52, 4.35, 3.6, 3.5, 2.87, 1.8, 2.81, 4.12, 4.29, 5.07, 5.89, 5.99, 6.63, 7.81, 8.69, 10.14, 9.91, 9.36, 8.59, 8.69, 8.71, 8.01, 7.21, 6.48, 5.98, 6.05, 6.14, 6.22, 5.9, 5.08, 4.98, 5.19, 4.98, 5.33, 3.74, 1.82, 2.1, 2.73, 3.75, 2.68, 1.71, 1.77, 2.96, 2.98, 2.67, 2.19, 2.02, 2.85, 2.58, 2.21, 3.35], [3.0, 2.48, 2.61, 2.0, 1.87, 1.61, 1.51, 1.5, 0.97, 0, 0.75, 1.06, 1.2, 2.18, 3.65, 4.12, 3.94, 4.08, 4.28, 3.82, 3.55, 3.14, 2.99, 3.17, 2.83, 2.55, 3.11, 4.33, 4.17, 4.22, 4.4, 4.1, 3.22, 3.84, 4.79, 5.65, 4.48, 3.73, 3.63, 3.0, 1.87, 2.62, 3.67, 3.82, 4.56, 5.42, 5.56, 6.12, 7.3, 8.18, 9.63, 9.4, 8.85, 8.14, 8.2, 8.2, 7.5, 6.72, 5.97, 5.55, 5.54, 5.71, 5.83, 5.51, 4.65, 4.63, 4.84, 4.67, 5.1, 3.51, 2.01, 2.37, 2.62, 3.56, 2.35, 1.66, 1.32, 2.43, 2.41, 2.08, 1.58, 1.43, 2.06, 1.87, 2.34, 3.58], [3.09, 2.43, 2.7, 2.33, 2.04, 1.74, 1.88, 1.83, 1.3, 0.75, 0, 0.93, 1.17, 2.51, 4.08, 4.41, 4.07, 4.27, 4.53, 4.07, 3.78, 3.47, 3.36, 3.46, 3.02, 2.7, 3.46, 4.62, 4.38, 4.45, 4.65, 4.39, 3.47, 4.01, 4.92, 5.84, 4.59, 3.8, 3.7, 3.13, 2.0, 2.39, 3.24, 3.31, 4.07, 4.97, 5.07, 5.61, 6.788, 7.668, 9.12, 8.89, 8.34, 7.57, 7.69, 7.69, 6.99, 6.21, 5.54, 5.12, 5.03, 5.18, 5.36, 5.06, 4.14, 4.44, 4.57, 4.48, 5.01, 3.36, 2.28, 2.7, 2.41, 3.17, 2.14, 1.49, 1.37, 2.04, 2.02, 1.79, 1.59, 1.28, 1.85, 1.72, 2.65, 3.81], [3.44, 2.8, 3.09, 2.6, 2.09, 2.01, 2.03, 1.88, 1.33, 1.06, 0.93, 0, 1.34, 2.86, 4.39, 4.8, 4.4, 4.58, 4.84, 4.42, 4.01, 3.7, 3.59, 3.71, 3.29, 2.99, 3.71, 4.93, 4.71, 4.82, 5.0, 4.74, 3.82, 4.38, 5.29, 6.23, 4.98, 4.21, 4.09, 3.52, 2.11, 2.28, 3.21, 3.28, 4.1, 5.08, 5.24, 5.52, 6.635, 7.515, 8.97, 8.74, 8.19, 7.62, 7.76, 7.64, 6.94, 6.28, 5.65, 5.29, 5.06, 5.21, 5.31, 5.21, 4.29, 4.49, 4.68, 4.57, 5.04, 3.41, 2.27, 2.97, 2.2, 2.98, 1.77, 1.28, 1.38, 2.11, 2.29, 2.3, 2.12, 1.89, 2.4, 2.37, 2.96, 4.1], [3.02, 2.66, 2.71, 2.34, 1.83, 1.71, 1.85, 1.8, 1.65, 1.2, 1.17, 1.34, 0, 2.4, 4.01, 4.36, 4.12, 4.24, 4.5, 4.16, 3.85, 3.52, 3.45, 3.59, 3.13, 2.83, 3.49, 4.73, 4.35, 4.4, 4.62, 4.36, 3.52, 3.96, 4.79, 5.77, 4.52, 3.71, 3.59, 3.06, 1.89, 2.08, 3.15, 3.32, 4.1, 4.82, 5.0, 5.68, 6.84, 7.72, 9.17, 8.94, 8.39, 7.62, 7.72, 7.74, 7.04, 6.22, 5.49, 5.05, 5.08, 5.17, 5.25, 4.87, 4.17, 4.03, 4.12, 3.99, 4.38, 2.81, 2.13, 2.71, 1.98, 2.86, 2.09, 1.28, 1.16, 2.05, 1.91, 1.82, 1.48, 1.25, 1.84, 1.71, 2.68, 3.82], [2.24, 2.12, 2.07, 1.34, 1.55, 1.39, 1.23, 1.86, 2.07, 2.18, 2.51, 2.86, 2.4, 0, 2.03, 2.3, 2.36, 2.52, 2.74, 2.32, 2.29, 2.1, 1.95, 2.03, 1.75, 1.71, 1.99, 2.67, 2.49, 2.62, 2.74, 2.72, 1.94, 2.86, 3.33, 4.05, 3.1, 2.35, 2.31, 1.82, 1.67, 3.72, 5.09, 5.26, 6.04, 6.76, 6.94, 7.6, 8.78, 9.66, 11.11, 10.88, 10.33, 9.56, 9.66, 9.68, 8.98, 8.16, 7.41, 6.93, 7.02, 7.11, 7.19, 6.81, 6.05, 5.71, 5.6, 5.23, 5.48, 4.33, 1.75, 1.51, 3.76, 5.04, 3.99, 2.84, 2.88, 4.09, 3.97, 3.2, 2.38, 2.53, 3.1, 2.57, 1.32, 2.04], [2.13, 2.95, 2.62, 2.07, 2.98, 2.88, 2.56, 3.19, 3.44, 3.65, 4.08, 4.39, 4.01, 2.03, 0, 1.35, 1.77, 1.59, 1.63, 1.55, 1.5, 1.59, 1.6, 1.52, 1.68, 1.9, 1.5, 1.44, 1.48, 1.79, 1.59, 1.99, 1.83, 2.27, 2.8, 2.9, 2.21, 1.84, 1.62, 1.75, 3.38, 5.63, 7.02, 7.19, 7.97, 8.67, 8.87, 9.53, 10.71, 11.59, 13.04, 12.81, 12.26, 11.49, 11.59, 11.61, 10.91, 10.09, 9.34, 8.86, 8.95, 9.04, 9.12, 8.74, 7.979, 7.64, 7.51, 7.099, 7.35, 5.98, 2.9, 2.32, 5.41, 6.71, 5.64, 4.61, 4.65, 5.88, 5.78, 5.03, 3.83, 4.32, 4.95, 3.84, 1.93, 1.95], [2.3, 3.04, 2.67, 2.34, 2.99, 2.93, 2.97, 3.66, 3.95, 4.12, 4.41, 4.8, 4.36, 2.3, 1.35, 0, 1.08, 1.04, 1.04, 1.08, 1.23, 1.6, 1.63, 1.75, 1.77, 2.07, 1.49, 1.39, 1.21, 1.32, 1.3, 1.82, 1.6, 1.96, 2.49, 2.67, 2.02, 1.67, 1.77, 1.9, 3.21, 5.44, 6.75, 6.94, 7.74, 8.46, 8.62, 9.26, 10.44, 11.32, 12.77, 12.54, 11.99, 11.22, 11.32, 11.34, 10.64, 9.82, 9.07, 8.59, 8.68, 8.77, 8.85, 8.47, 7.71, 7.41, 7.38, 6.91, 7.16, 6.13, 3.13, 2.27, 5.56, 6.86, 5.89, 4.66, 4.74, 5.99, 5.79, 5.0, 3.98, 4.33, 4.78, 3.77, 2.12, 2.0], [2.3, 2.82, 2.39, 2.1, 2.55, 2.61, 2.69, 3.36, 3.71, 3.94, 4.07, 4.4, 4.12, 2.36, 1.77, 1.08, 0, 0.7, 0.86, 0.94, 1.17, 1.62, 1.65, 1.59, 1.59, 1.75, 1.39, 1.53, 1.33, 1.38, 1.34, 1.58, 1.4, 1.9, 2.63, 2.75, 1.98, 1.85, 1.95, 1.82, 2.73, 4.92, 6.25, 6.44, 7.26, 7.9, 8.06, 8.6, 9.78, 10.66, 12.11, 11.88, 11.33, 10.56, 10.66, 10.68, 9.98, 9.16, 8.41, 7.93, 8.02, 8.11, 8.19, 7.83, 7.17, 6.79, 6.76, 6.43, 6.74, 5.77, 2.91, 1.99, 5.1, 6.5, 5.45, 4.28, 4.46, 5.59, 5.43, 4.66, 3.72, 3.91, 4.44, 3.49, 2.08, 1.96], [2.08, 2.86, 2.47, 2.22, 2.83, 2.81, 2.85, 3.5, 3.85, 4.08, 4.27, 4.58, 4.24, 2.52, 1.59, 1.04, 0.7, 0, 0.56, 0.76, 0.89, 1.36, 1.41, 1.53, 1.59, 1.91, 1.39, 1.37, 1.13, 1.14, 1.18, 1.16, 1.26, 1.7, 2.43, 2.41, 1.82, 1.63, 1.73, 1.7, 2.95, 5.2, 6.59, 6.78, 7.58, 8.24, 8.4, 8.96, 10.14, 11.02, 12.47, 12.24, 11.69, 10.92, 11.02, 11.04, 10.34, 9.52, 8.77, 8.29, 8.38, 8.47, 8.55, 8.19, 7.51, 7.13, 7.06, 6.63, 6.96, 5.93, 3.07, 2.21, 5.3, 6.68, 5.65, 4.5, 4.66, 5.77, 5.61, 4.9, 3.9, 4.13, 4.72, 3.69, 2.1, 1.84], [2.26, 3.16, 2.77, 2.44, 3.09, 3.07, 3.11, 3.74, 4.05, 4.28, 4.53, 4.84, 4.5, 2.74, 1.63, 1.04, 0.86, 0.56, 0, 0.8, 1.19, 1.44, 1.59, 1.61, 1.83, 2.17, 1.53, 1.21, 1.07, 1.12, 0.96, 1.12, 1.4, 1.66, 2.47, 2.43, 1.86, 1.71, 1.85, 1.98, 3.29, 5.52, 6.89, 7.1, 7.9, 8.54, 8.7, 9.22, 10.36, 11.24, 12.69, 12.46, 11.91, 11.14, 11.24, 11.26, 10.56, 9.74, 8.99, 8.51, 8.6, 8.69, 8.77, 8.45, 7.81, 7.45, 7.32, 6.87, 7.1, 6.15, 3.23, 2.35, 5.58, 7.02, 5.95, 4.8, 4.92, 6.13, 5.97, 5.2, 4.08, 4.41, 5.0, 3.97, 2.26, 1.9], [1.96, 2.78, 2.41, 1.96, 2.63, 2.65, 2.73, 3.3, 3.51, 3.82, 4.07, 4.42, 4.16, 2.32, 1.55, 1.08, 0.94, 0.76, 0.8, 0, 0.71, 0.98, 1.07, 1.15, 1.35, 1.67, 1.11, 1.21, 1.05, 0.92, 1.08, 1.18, 0.86, 1.44, 2.31, 2.53, 1.7, 1.53, 1.67, 1.68, 2.87, 5.04, 6.43, 6.62, 7.42, 8.08, 8.24, 8.78, 9.96, 10.84, 12.29, 12.06, 11.51, 10.74, 10.84, 10.86, 10.16, 9.34, 8.59, 8.11, 8.2, 8.29, 8.37, 8.01, 7.35, 6.97, 6.88, 6.41, 6.66, 5.69, 2.73, 1.99, 5.14, 6.52, 5.47, 4.34, 4.5, 5.65, 5.47, 4.76, 3.64, 4.07, 4.58, 3.57, 1.86, 1.68], [1.83, 2.73, 2.34, 1.81, 2.46, 2.4, 2.38, 2.93, 3.28, 3.55, 3.78, 4.01, 3.85, 2.29, 1.5, 1.23, 1.17, 0.89, 1.19, 0.71, 0, 0.91, 0.84, 1.06, 1.16, 1.42, 1.06, 1.44, 1.16, 1.07, 1.35, 1.23, 1.09, 1.47, 2.26, 2.7, 1.69, 1.4, 1.52, 1.43, 2.68, 4.87, 6.24, 6.41, 7.23, 7.93, 8.09, 8.67, 9.85, 10.73, 12.18, 11.95, 11.4, 10.63, 10.73, 10.75, 10.05, 9.23, 8.48, 8.0, 8.09, 8.18, 8.26, 7.88, 7.16, 6.82, 6.65, 6.3, 6.67, 5.34, 2.5, 1.94, 4.83, 6.25, 5.12, 4.11, 4.31, 5.42, 5.24, 4.53, 3.41, 3.82, 4.45, 3.38, 1.61, 1.53], [1.62, 2.34, 2.03, 1.66, 2.53, 2.33, 2.29, 2.68, 2.85, 3.14, 3.47, 3.7, 3.52, 2.1, 1.59, 1.6, 1.62, 1.36, 1.44, 0.98, 0.91, 0, 0.73, 1.11, 1.33, 1.45, 1.29, 1.59, 1.41, 1.38, 1.52, 1.5, 0.72, 1.3, 2.17, 2.87, 1.78, 1.37, 1.49, 1.28, 2.55, 4.64, 5.95, 6.12, 6.94, 7.66, 7.82, 8.44, 9.62, 10.5, 11.95, 11.72, 11.17, 10.4, 10.5, 10.52, 9.82, 9.0, 8.25, 7.77, 7.86, 7.95, 8.03, 7.65, 6.89, 6.55, 6.54, 6.19, 6.5, 5.15, 2.29, 2.01, 4.58, 6.04, 4.87, 3.84, 4.0, 5.19, 4.99, 4.26, 3.1, 3.57, 4.16, 3.07, 1.52, 1.6], [1.73, 2.35, 2.02, 1.57, 2.38, 2.12, 2.14, 2.47, 2.66, 2.99, 3.36, 3.59, 3.45, 1.95, 1.6, 1.63, 1.65, 1.41, 1.59, 1.07, 0.84, 0.73, 0, 0.96, 1.02, 1.26, 1.08, 1.6, 1.66, 1.53, 1.85, 1.37, 0.97, 1.59, 2.46, 3.1, 2.07, 1.56, 1.7, 1.47, 2.42, 4.55, 5.9, 6.07, 6.89, 7.61, 7.77, 8.39, 9.57, 10.45, 11.9, 11.67, 11.12, 10.35, 10.45, 10.47, 9.77, 8.95, 8.2, 7.72, 7.81, 7.9, 7.98, 7.6, 6.84, 6.52, 6.39, 6.06, 6.43, 5.02, 2.2, 1.7, 4.45, 5.89, 4.76, 3.73, 3.91, 5.06, 4.86, 4.11, 3.05, 3.5, 4.11, 3.16, 1.55, 1.79], [1.87, 2.65, 2.08, 1.47, 2.3, 2.12, 2.0, 2.49, 2.76, 3.17, 3.46, 3.71, 3.59, 2.03, 1.52, 1.75, 1.59, 1.53, 1.61, 1.15, 1.06, 1.11, 0.96, 0, 0.96, 1.12, 0.92, 1.5, 1.64, 1.63, 1.85, 1.67, 1.21, 1.85, 2.7, 3.2, 2.23, 1.72, 1.78, 1.79, 2.66, 4.61, 5.98, 6.15, 6.95, 7.67, 7.83, 8.49, 9.67, 10.55, 12.0, 11.77, 11.22, 10.45, 10.55, 10.57, 9.87, 9.05, 8.3, 7.82, 7.91, 8.0, 8.08, 7.7, 6.94, 6.6, 6.51, 6.14, 6.41, 4.98, 2.06, 1.6, 4.55, 5.91, 4.84, 3.83, 4.03, 5.06, 4.92, 4.25, 3.21, 3.66, 4.33, 3.52, 1.61, 1.71], [2.03, 2.25, 1.88, 1.09, 1.66, 1.64, 1.58, 2.15, 2.48, 2.83, 3.02, 3.29, 3.13, 1.75, 1.68, 1.77, 1.59, 1.59, 1.83, 1.35, 1.16, 1.33, 1.02, 0.96, 0, 0.7, 0.98, 1.86, 1.82, 1.81, 2.05, 1.77, 1.21, 2.09, 2.96, 3.42, 2.43, 1.9, 1.92, 1.75, 2.16, 4.09, 5.46, 5.63, 6.43, 7.15, 7.31, 7.97, 9.15, 10.03, 11.48, 11.25, 10.7, 9.93, 10.03, 10.05, 9.35, 8.53, 7.78, 7.3, 7.39, 7.48, 7.56, 7.18, 6.42, 6.08, 5.97, 5.68, 6.01, 4.66, 1.74, 1.24, 4.21, 5.53, 4.44, 3.37, 3.51, 4.58, 4.5, 3.83, 2.91, 3.18, 3.79, 3.08, 1.73, 1.91], [2.19, 2.47, 2.1, 1.03, 1.64, 1.52, 1.36, 1.85, 2.18, 2.55, 2.7, 2.99, 2.83, 1.71, 1.9, 2.07, 1.75, 1.91, 2.17, 1.67, 1.42, 1.45, 1.26, 1.12, 0.7, 0, 0.94, 2.2, 2.16, 2.17, 2.43, 2.05, 1.53, 2.39, 3.18, 3.62, 2.69, 2.14, 2.06, 1.83, 2.08, 4.03, 5.38, 5.55, 6.33, 7.03, 7.21, 7.87, 9.05, 9.93, 11.38, 11.15, 10.6, 9.83, 9.93, 9.95, 9.25, 8.43, 7.68, 7.2, 7.29, 7.38, 7.46, 7.08, 6.32, 5.98, 5.93, 5.62, 6.01, 4.42, 1.58, 1.28, 3.97, 5.31, 4.16, 3.15, 3.31, 4.38, 4.32, 3.65, 2.59, 2.96, 3.63, 2.86, 1.73, 2.19], [2.21, 2.75, 2.3, 1.35, 2.24, 2.18, 2.04, 2.53, 2.78, 3.11, 3.46, 3.71, 3.49, 1.99, 1.5, 1.49, 1.39, 1.39, 1.53, 1.11, 1.06, 1.29, 1.08, 0.92, 0.98, 0.94, 0, 1.62, 1.82, 1.81, 2.05, 1.69, 1.39, 2.25, 3.04, 3.3, 2.57, 2.1, 1.98, 1.97, 2.68, 4.73, 6.06, 6.23, 7.03, 7.73, 7.85, 8.51, 9.69, 10.57, 12.02, 11.81, 11.24, 10.47, 10.57, 10.59, 9.89, 9.07, 8.36, 7.88, 7.95, 8.02, 8.1, 7.72, 6.96, 6.62, 6.51, 6.12, 6.33, 5.02, 2.04, 1.62, 4.67, 5.93, 4.84, 3.89, 4.01, 5.16, 5.02, 4.35, 3.17, 3.66, 4.33, 3.5, 1.73, 2.03], [2.39, 3.41, 3.0, 2.49, 3.14, 3.1, 3.16, 3.73, 3.92, 4.33, 4.62, 4.93, 4.73, 2.67, 1.44, 1.39, 1.53, 1.37, 1.21, 1.21, 1.44, 1.59, 1.6, 1.5, 1.86, 2.2, 1.62, 0, 1.3, 1.39, 1.15, 1.43, 1.59, 1.89, 2.66, 2.7, 1.93, 1.94, 2.02, 2.31, 3.56, 5.65, 7.02, 7.21, 8.01, 8.69, 8.85, 9.43, 10.61, 11.49, 12.94, 12.71, 12.16, 11.39, 11.49, 11.51, 10.81, 9.99, 9.24, 8.76, 8.85, 8.94, 9.02, 8.64, 7.94, 7.58, 7.41, 7.08, 7.27, 6.14, 3.16, 2.28, 5.69, 7.17, 6.02, 4.97, 5.13, 6.28, 6.1, 5.33, 4.25, 4.7, 5.23, 4.26, 2.39, 1.83], [1.91, 2.95, 2.54, 2.35, 2.92, 2.92, 3.0, 3.61, 3.96, 4.17, 4.38, 4.71, 4.35, 2.49, 1.48, 1.21, 1.33, 1.13, 1.07, 1.05, 1.16, 1.41, 1.66, 1.64, 1.82, 2.16, 1.82, 1.3, 0, 0.83, 0.83, 1.55, 1.47, 1.21, 1.88, 2.18, 1.25, 1.2, 1.14, 1.49, 3.14, 5.37, 6.7, 6.93, 7.73, 8.35, 8.51, 9.07, 10.25, 11.13, 12.58, 12.35, 11.8, 11.03, 11.13, 11.15, 10.45, 9.63, 8.88, 8.4, 8.49, 8.58, 8.66, 8.28, 7.64, 7.28, 7.11, 6.76, 7.05, 6.04, 3.14, 2.4, 5.47, 6.85, 5.8, 4.67, 4.77, 5.96, 5.8, 5.05, 3.97, 4.26, 4.75, 3.74, 1.93, 1.11], [1.86, 2.88, 2.49, 2.42, 3.01, 3.01, 3.07, 3.7, 4.03, 4.22, 4.45, 4.82, 4.4, 2.62, 1.79, 1.32, 1.38, 1.14, 1.12, 0.92, 1.07, 1.38, 1.53, 1.63, 1.81, 2.17, 1.81, 1.39, 0.83, 0, 0.74, 1.24, 1.34, 1.1, 1.55, 1.97, 1.06, 1.15, 1.31, 1.66, 3.15, 5.4, 6.71, 6.92, 7.72, 8.34, 8.5, 9.12, 10.3, 11.18, 12.63, 12.4, 11.85, 11.08, 11.18, 11.2, 10.5, 9.68, 8.93, 8.45, 8.54, 8.63, 8.71, 8.33, 7.65, 7.29, 7.26, 6.85, 7.16, 6.15, 3.27, 2.41, 5.52, 6.86, 5.89, 4.68, 4.82, 6.01, 5.81, 5.04, 4.02, 4.35, 4.74, 3.77, 2.06, 1.36], [2.06, 3.06, 2.67, 2.54, 3.13, 3.17, 3.31, 3.88, 4.21, 4.4, 4.65, 5.0, 4.62, 2.74, 1.59, 1.3, 1.34, 1.18, 0.96, 1.08, 1.35, 1.52, 1.85, 1.85, 2.05, 2.43, 2.05, 1.15, 0.83, 0.74, 0, 1.2, 1.4, 1.42, 1.87, 2.11, 1.24, 1.45, 1.57, 1.86, 3.29, 5.52, 6.85, 7.06, 7.86, 8.5, 8.66, 9.2, 10.34, 11.22, 12.67, 12.44, 11.89, 11.12, 11.22, 11.24, 10.54, 9.72, 8.97, 8.49, 8.58, 8.67, 8.75, 8.43, 7.77, 7.43, 7.36, 6.95, 7.28, 6.31, 3.43, 2.63, 5.68, 7.06, 6.07, 4.86, 5.0, 6.17, 6.01, 5.24, 4.2, 4.51, 4.9, 3.93, 2.26, 1.66], [2.26, 3.04, 2.63, 2.34, 2.97, 2.83, 2.99, 3.56, 3.89, 4.1, 4.39, 4.74, 4.36, 2.72, 1.99, 1.82, 1.58, 1.16, 1.12, 1.18, 1.23, 1.5, 1.37, 1.67, 1.77, 2.05, 1.69, 1.43, 1.55, 1.24, 1.2, 0, 1.38, 1.7, 2.29, 2.31, 1.68, 1.83, 1.97, 2.02, 3.25, 5.5, 6.83, 7.04, 7.84, 8.44, 8.6, 9.1, 10.2, 11.08, 12.53, 12.3, 11.75, 10.98, 11.08, 11.12, 10.42, 9.58, 8.83, 8.35, 8.44, 8.53, 8.63, 8.33, 7.75, 7.39, 7.22, 6.93, 7.24, 5.99, 3.19, 2.33, 5.5, 7.0, 5.85, 4.74, 4.9, 6.09, 5.89, 5.12, 4.1, 4.41, 4.88, 3.99, 2.34, 2.16], [1.76, 2.2, 1.93, 1.6, 2.35, 2.23, 2.25, 2.74, 2.95, 3.22, 3.47, 3.82, 3.52, 1.94, 1.83, 1.6, 1.4, 1.26, 1.4, 0.86, 1.09, 0.72, 0.97, 1.21, 1.21, 1.53, 1.39, 1.59, 1.47, 1.34, 1.4, 1.38, 0, 1.44, 2.31, 2.95, 1.84, 1.49, 1.71, 1.42, 2.31, 4.44, 5.83, 6.02, 6.82, 7.48, 7.64, 8.2, 9.38, 10.26, 11.71, 11.48, 10.93, 10.16, 10.26, 10.28, 9.58, 8.76, 8.01, 7.53, 7.62, 7.71, 7.79, 7.43, 6.75, 6.37, 6.34, 5.95, 6.22, 5.17, 2.37, 1.77, 4.56, 5.96, 4.87, 3.74, 3.9, 5.07, 4.89, 4.18, 3.16, 3.43, 4.04, 3.23, 1.82, 1.76], [1.56, 2.54, 2.17, 2.46, 3.23, 2.95, 3.23, 3.46, 3.69, 3.84, 4.01, 4.38, 3.96, 2.86, 2.27, 1.96, 1.9, 1.7, 1.66, 1.44, 1.47, 1.3, 1.59, 1.85, 2.09, 2.39, 2.25, 1.89, 1.21, 1.1, 1.42, 1.7, 1.44, 0, 1.29, 2.05, 1.0, 1.13, 1.23, 1.46, 3.09, 5.0, 6.35, 6.54, 7.34, 7.98, 8.14, 8.72, 9.9, 10.78, 12.23, 12.0, 11.45, 10.68, 10.78, 10.8, 10.1, 9.28, 8.53, 8.05, 8.14, 8.23, 8.31, 7.93, 7.29, 7.07, 7.1, 6.91, 7.26, 5.99, 3.39, 2.75, 5.12, 6.52, 5.41, 4.32, 4.54, 5.61, 5.41, 4.66, 3.82, 4.07, 4.48, 3.47, 1.98, 1.36], [2.17, 3.23, 2.92, 3.27, 4.12, 3.8, 3.98, 4.29, 4.66, 4.79, 4.92, 5.29, 4.79, 3.33, 2.8, 2.49, 2.63, 2.43, 2.47, 2.31, 2.26, 2.17, 2.46, 2.7, 2.96, 3.18, 3.04, 2.66, 1.88, 1.55, 1.87, 2.29, 2.31, 1.29, 0, 1.18, 1.23, 1.46, 1.66, 2.15, 3.82, 5.89, 7.22, 7.39, 8.19, 8.91, 9.07, 9.73, 10.91, 11.79, 13.24, 13.01, 12.46, 11.69, 11.79, 11.81, 11.11, 10.29, 9.54, 9.06, 9.15, 9.24, 9.32, 8.94, 8.2, 8.02, 8.09, 7.76, 8.19, 6.86, 4.2, 3.74, 5.99, 7.29, 6.32, 5.13, 5.35, 6.42, 6.22, 5.49, 4.61, 4.82, 5.27, 4.26, 2.77, 1.91], [3.17, 4.29, 3.94, 3.95, 4.62, 4.38, 4.64, 5.15, 5.52, 5.65, 5.84, 6.23, 5.77, 4.05, 2.9, 2.67, 2.75, 2.41, 2.43, 2.53, 2.7, 2.87, 3.1, 3.2, 3.42, 3.62, 3.3, 2.7, 2.18, 1.97, 2.11, 2.31, 2.95, 2.05, 1.18, 0, 1.57, 2.36, 2.5, 2.93, 4.74, 6.85, 8.22, 8.43, 9.21, 9.85, 10.01, 10.67, 11.85, 12.73, 14.18, 13.95, 13.4, 12.63, 12.73, 12.75, 12.05, 11.23, 10.48, 10.0, 10.09, 10.18, 10.26, 9.88, 9.18, 8.86, 8.83, 8.6, 8.97, 7.66, 4.86, 4.2, 6.99, 8.35, 7.28, 6.13, 6.29, 7.42, 7.24, 6.45, 5.47, 5.74, 6.23, 5.2, 3.61, 2.53], [1.96, 2.9, 2.59, 2.94, 3.55, 3.39, 3.61, 4.1, 4.35, 4.48, 4.59, 4.98, 4.52, 3.1, 2.21, 2.02, 1.98, 1.82, 1.86, 1.7, 1.69, 1.78, 2.07, 2.23, 2.43, 2.69, 2.57, 1.93, 1.25, 1.06, 1.24, 1.68, 1.84, 1.0, 1.23, 1.57, 0, 1.29, 1.41, 1.7, 3.53, 5.54, 6.85, 7.06, 7.86, 8.46, 8.62, 9.16, 10.34, 11.22, 12.67, 12.44, 11.89, 11.12, 11.22, 11.24, 10.54, 9.72, 8.97, 8.49, 8.58, 8.67, 8.75, 8.39, 7.73, 7.57, 7.6, 7.47, 7.84, 6.63, 3.89, 3.19, 5.64, 7.08, 6.01, 4.86, 5.1, 6.17, 5.97, 5.2, 4.42, 4.57, 4.94, 3.93, 2.56, 1.68], [0.97, 2.09, 1.72, 2.15, 2.94, 2.64, 2.8, 3.17, 3.6, 3.73, 3.8, 4.21, 3.71, 2.35, 1.84, 1.67, 1.85, 1.63, 1.71, 1.53, 1.4, 1.37, 1.56, 1.72, 1.9, 2.14, 2.1, 1.94, 1.2, 1.15, 1.45, 1.83, 1.49, 1.13, 1.46, 2.36, 1.29, 0, 0.56, 0.99, 2.56, 4.69, 6.06, 6.23, 7.05, 7.77, 7.93, 8.55, 9.73, 10.61, 12.06, 11.83, 11.28, 10.51, 10.61, 10.63, 9.93, 9.11, 8.36, 7.96, 7.97, 8.06, 8.14, 7.76, 7.0, 6.9, 6.93, 6.62, 7.03, 5.66, 3.02, 2.66, 4.77, 6.11, 5.18, 3.89, 4.23, 5.32, 5.0, 4.25, 3.53, 3.68, 4.09, 3.08, 1.73, 1.27], [1.03, 2.15, 1.8, 2.07, 2.96, 2.66, 2.72, 3.07, 3.5, 3.63, 3.7, 4.09, 3.59, 2.31, 1.62, 1.77, 1.95, 1.73, 1.85, 1.67, 1.52, 1.49, 1.7, 1.78, 1.92, 2.06, 1.98, 2.02, 1.14, 1.31, 1.57, 1.97, 1.71, 1.23, 1.66, 2.5, 1.41, 0.56, 0, 1.05, 2.66, 4.77, 6.14, 6.31, 7.13, 7.85, 8.01, 8.63, 9.81, 10.69, 12.14, 11.91, 11.36, 10.59, 10.69, 10.71, 10.01, 9.19, 8.44, 8.04, 8.05, 8.14, 8.22, 7.84, 7.1, 7.02, 7.01, 6.74, 7.11, 5.66, 2.98, 2.72, 4.69, 5.99, 5.06, 3.87, 4.21, 5.24, 4.98, 4.31, 3.49, 3.74, 4.15, 3.12, 1.75, 1.29], [1.22, 1.74, 1.49, 1.64, 2.43, 2.13, 2.25, 2.54, 2.87, 3.0, 3.13, 3.52, 3.06, 1.82, 1.75, 1.9, 1.82, 1.7, 1.98, 1.68, 1.43, 1.28, 1.47, 1.79, 1.75, 1.83, 1.97, 2.31, 1.49, 1.66, 1.86, 2.02, 1.42, 1.46, 2.15, 2.93, 1.7, 0.99, 1.05, 0, 1.95, 4.16, 5.57, 5.74, 6.56, 7.24, 7.4, 7.96, 9.14, 10.02, 11.47, 11.24, 10.69, 9.92, 10.02, 10.04, 9.34, 8.52, 7.77, 7.35, 7.38, 7.47, 7.55, 7.19, 6.49, 6.27, 6.2, 5.97, 6.4, 5.05, 2.49, 2.19, 4.18, 5.58, 4.51, 3.38, 3.66, 4.75, 4.47, 3.78, 2.88, 3.11, 3.6, 2.53, 1.22, 1.28], [2.27, 1.97, 1.84, 1.67, 1.3, 1.28, 1.28, 1.57, 1.8, 1.87, 2.0, 2.11, 1.89, 1.67, 3.38, 3.21, 2.73, 2.95, 3.29, 2.87, 2.68, 2.55, 2.42, 2.66, 2.16, 2.08, 2.68, 3.56, 3.14, 3.15, 3.29, 3.25, 2.31, 3.09, 3.82, 4.74, 3.53, 2.56, 2.66, 1.95, 0, 2.41, 3.76, 3.93, 4.75, 5.43, 5.59, 6.15, 7.33, 8.21, 9.66, 9.43, 8.88, 8.11, 8.21, 8.23, 7.53, 6.71, 5.96, 5.54, 5.57, 5.66, 5.74, 5.38, 4.68, 4.58, 4.59, 4.28, 4.61, 3.52, 1.6, 1.66, 2.51, 3.83, 2.98, 1.71, 2.03, 3.08, 2.76, 2.27, 2.07, 1.98, 2.43, 2.26, 1.97, 2.73], [4.1, 3.22, 3.43, 3.68, 2.77, 2.89, 3.29, 3.16, 2.81, 2.62, 2.39, 2.28, 2.08, 3.72, 5.63, 5.44, 4.92, 5.2, 5.52, 5.04, 4.87, 4.64, 4.55, 4.61, 4.09, 4.03, 4.73, 5.65, 5.37, 5.4, 5.52, 5.5, 4.44, 5.0, 5.89, 6.85, 5.54, 4.69, 4.77, 4.16, 2.41, 0, 1.59, 1.62, 2.44, 3.14, 3.34, 4.02, 5.08, 5.96, 7.41, 7.18, 6.63, 5.86, 5.96, 5.98, 5.28, 4.5, 4.01, 3.85, 3.46, 3.41, 3.57, 3.27, 2.75, 3.11, 3.4, 3.31, 3.7, 2.59, 2.99, 3.65, 1.34, 2.14, 1.53, 1.42, 1.76, 1.91, 1.79, 2.44, 2.82, 2.43, 2.52, 2.77, 4.0, 4.82], [5.49, 4.33, 4.64, 5.07, 4.1, 4.18, 4.66, 4.55, 4.12, 3.67, 3.24, 3.21, 3.15, 5.09, 7.02, 6.75, 6.25, 6.59, 6.89, 6.43, 6.24, 5.95, 5.9, 5.98, 5.46, 5.38, 6.06, 7.02, 6.7, 6.71, 6.85, 6.83, 5.83, 6.35, 7.22, 8.22, 6.85, 6.06, 6.14, 5.57, 3.76, 1.59, 0, 0.83, 1.41, 2.13, 2.33, 2.83, 3.83, 4.65, 6.02, 5.83, 5.24, 4.51, 4.61, 4.59, 3.99, 3.29, 2.86, 2.78, 2.37, 2.32, 2.4, 2.22, 1.62, 2.3, 2.61, 2.62, 3.01, 2.2, 4.2, 4.98, 2.01, 1.87, 1.8, 2.59, 2.65, 1.9, 1.82, 2.73, 3.57, 3.2, 2.91, 3.54, 5.29, 6.21], [5.66, 4.56, 4.81, 5.24, 4.29, 4.37, 4.83, 4.72, 4.29, 3.82, 3.31, 3.28, 3.32, 5.26, 7.19, 6.94, 6.44, 6.78, 7.1, 6.62, 6.41, 6.12, 6.07, 6.15, 5.63, 5.55, 6.23, 7.21, 6.93, 6.92, 7.06, 7.04, 6.02, 6.54, 7.39, 8.43, 7.06, 6.23, 6.31, 5.74, 3.93, 1.62, 0.83, 0, 1.06, 1.96, 2.14, 2.58, 3.58, 4.46, 5.85, 5.62, 5.07, 4.38, 4.5, 4.42, 3.74, 3.12, 2.77, 2.87, 2.24, 2.11, 2.41, 2.07, 1.67, 2.39, 2.58, 2.65, 3.02, 2.23, 4.39, 5.21, 2.02, 1.94, 1.89, 2.72, 2.8, 1.69, 1.79, 2.68, 3.5, 3.05, 2.86, 3.45, 5.46, 6.38], [6.44, 5.34, 5.63, 6.02, 5.03, 5.15, 5.61, 5.5, 5.07, 4.56, 4.07, 4.1, 4.1, 6.04, 7.97, 7.74, 7.26, 7.58, 7.9, 7.42, 7.23, 6.94, 6.89, 6.95, 6.43, 6.33, 7.03, 8.01, 7.73, 7.72, 7.86, 7.84, 6.82, 7.34, 8.19, 9.21, 7.86, 7.05, 7.13, 6.56, 4.75, 2.44, 1.41, 1.06, 0, 1.34, 1.54, 1.86, 2.78, 3.64, 5.07, 4.84, 4.31, 3.82, 3.76, 3.64, 3.0, 2.32, 2.11, 2.49, 2.12, 1.97, 2.07, 1.69, 1.41, 2.03, 2.24, 2.39, 2.64, 2.51, 5.19, 6.01, 2.72, 1.96, 2.55, 3.52, 3.58, 2.27, 2.21, 3.02, 4.22, 3.71, 3.16, 4.21, 6.24, 7.2], [7.14, 5.94, 6.19, 6.72, 5.73, 5.87, 6.31, 6.22, 5.89, 5.42, 4.97, 5.08, 4.82, 6.76, 8.67, 8.46, 7.9, 8.24, 8.54, 8.08, 7.93, 7.66, 7.61, 7.67, 7.15, 7.03, 7.73, 8.69, 8.35, 8.34, 8.5, 8.44, 7.48, 7.98, 8.91, 9.85, 8.46, 7.77, 7.85, 7.24, 5.43, 3.14, 2.13, 1.96, 1.34, 0, 0.72, 1.14, 2.08, 2.92, 4.37, 4.14, 3.59, 2.88, 2.96, 2.98, 2.26, 1.52, 1.47, 1.97, 1.7, 1.39, 1.51, 1.11, 1.51, 1.73, 1.98, 2.21, 2.24, 3.01, 5.85, 6.65, 3.54, 2.44, 3.51, 4.38, 4.44, 3.21, 3.09, 3.78, 4.94, 4.49, 3.9, 4.91, 6.96, 7.9], [7.34, 6.08, 6.39, 6.92, 5.93, 6.03, 6.51, 6.4, 5.99, 5.56, 5.07, 5.24, 5.0, 6.94, 8.87, 8.62, 8.06, 8.4, 8.7, 8.24, 8.09, 7.82, 7.77, 7.83, 7.31, 7.21, 7.85, 8.85, 8.51, 8.5, 8.66, 8.6, 7.64, 8.14, 9.07, 10.01, 8.62, 7.93, 8.01, 7.4, 5.59, 3.34, 2.33, 2.14, 1.54, 0.72, 0, 1.12, 1.94, 2.8, 4.19, 3.98, 3.39, 2.78, 2.84, 2.84, 2.16, 1.5, 1.21, 1.61, 1.48, 1.23, 1.35, 0.95, 1.37, 1.65, 1.84, 2.19, 2.06, 3.07, 6.03, 6.81, 3.78, 2.5, 3.65, 4.48, 4.54, 3.29, 3.15, 3.86, 5.1, 4.63, 4.1, 5.11, 7.14, 8.06], [8.0, 6.72, 7.05, 7.58, 6.59, 6.69, 7.17, 7.06, 6.63, 6.12, 5.61, 5.52, 5.68, 7.6, 9.53, 9.26, 8.6, 8.96, 9.22, 8.78, 8.67, 8.44, 8.39, 8.49, 7.97, 7.87, 8.51, 9.43, 9.07, 9.12, 9.2, 9.1, 8.2, 8.72, 9.73, 10.67, 9.16, 8.55, 8.63, 7.96, 6.15, 4.02, 2.83, 2.58, 1.86, 1.14, 1.12, 0, 1.18, 2.08, 3.55, 3.36, 2.75, 2.42, 2.32, 2.22, 1.58, 1.24, 1.45, 2.01, 1.76, 1.67, 1.51, 1.49, 1.93, 2.39, 2.5, 2.81, 2.64, 3.65, 6.69, 7.45, 4.3, 3.0, 4.03, 5.04, 5.14, 3.73, 3.77, 4.52, 5.76, 5.27, 4.66, 5.77, 7.8, 8.68], [9.178, 7.88, 8.23, 8.76, 7.77, 7.87, 8.35, 8.24, 7.81, 7.3, 6.788, 6.635, 6.84, 8.78, 10.71, 10.44, 9.78, 10.14, 10.36, 9.96, 9.85, 9.62, 9.57, 9.67, 9.15, 9.05, 9.69, 10.61, 10.25, 10.3, 10.34, 10.2, 9.38, 9.9, 10.91, 11.85, 10.34, 9.73, 9.81, 9.14, 7.33, 5.08, 3.83, 3.58, 2.78, 2.08, 1.94, 1.18, 0, 1.06, 2.37, 2.2, 1.87, 1.9, 1.78, 1.5, 1.0, 1.5, 2.07, 2.57, 2.36, 2.13, 2.09, 2.27, 2.97, 3.41, 3.52, 3.85, 3.64, 4.83, 7.87, 8.63, 5.36, 4.08, 5.15, 6.22, 6.32, 4.91, 4.93, 5.7, 6.94, 6.45, 5.78, 6.95, 8.98, 9.86], [10.058, 8.76, 9.11, 9.64, 8.65, 8.75, 9.23, 9.12, 8.69, 8.18, 7.668, 7.515, 7.72, 9.66, 11.59, 11.32, 10.66, 11.02, 11.24, 10.84, 10.73, 10.5, 10.45, 10.55, 10.03, 9.93, 10.57, 11.49, 11.13, 11.18, 11.22, 11.08, 10.26, 10.78, 11.79, 12.73, 11.22, 10.61, 10.69, 10.02, 8.21, 5.96, 4.65, 4.46, 3.64, 2.92, 2.8, 2.08, 1.06, 0, 1.59, 1.56, 1.31, 1.68, 1.52, 1.26, 1.46, 2.02, 2.61, 3.09, 2.96, 2.93, 2.85, 3.01, 3.77, 4.11, 4.22, 4.57, 4.4, 5.69, 8.75, 9.51, 6.24, 4.96, 6.03, 7.1, 7.2, 5.79, 5.81, 6.58, 7.82, 7.33, 6.66, 7.83, 9.86, 10.74], [11.51, 10.21, 10.56, 11.09, 10.1, 10.2, 10.68, 10.57, 10.14, 9.63, 9.12, 8.97, 9.17, 11.11, 13.04, 12.77, 12.11, 12.47, 12.69, 12.29, 12.18, 11.95, 11.9, 12.0, 11.48, 11.38, 12.02, 12.94, 12.58, 12.63, 12.67, 12.53, 11.71, 12.23, 13.24, 14.18, 12.67, 12.06, 12.14, 11.47, 9.66, 7.41, 6.02, 5.85, 5.07, 4.37, 4.19, 3.55, 2.37, 1.59, 0, 0.63, 1.0, 1.67, 1.67, 1.57, 2.29, 3.01, 3.72, 4.28, 4.17, 4.08, 4.0, 4.36, 5.16, 5.5, 5.59, 6.02, 5.85, 7.18, 10.2, 10.96, 7.69, 6.41, 7.48, 8.55, 8.65, 7.24, 7.26, 8.03, 9.27, 8.78, 8.11, 9.28, 11.31, 12.19], [11.28, 9.98, 10.33, 10.86, 9.87, 9.97, 10.45, 10.34, 9.91, 9.4, 8.89, 8.74, 8.94, 10.88, 12.81, 12.54, 11.88, 12.24, 12.46, 12.06, 11.95, 11.72, 11.67, 11.77, 11.25, 11.15, 11.81, 12.71, 12.35, 12.4, 12.44, 12.3, 11.48, 12.0, 13.01, 13.95, 12.44, 11.83, 11.91, 11.24, 9.43, 7.18, 5.83, 5.62, 4.84, 4.14, 3.98, 3.36, 2.2, 1.56, 0.63, 0, 0.87, 1.58, 1.5, 1.48, 2.06, 2.74, 3.49, 3.97, 3.88, 3.83, 3.81, 4.13, 4.97, 5.29, 5.38, 5.81, 5.68, 6.99, 9.97, 10.73, 7.46, 6.18, 7.25, 8.32, 8.42, 7.01, 7.03, 7.8, 9.04, 8.55, 7.88, 9.05, 11.08, 11.96], [10.73, 9.43, 9.78, 10.31, 9.32, 9.42, 9.9, 9.79, 9.36, 8.85, 8.34, 8.19, 8.39, 10.33, 12.26, 11.99, 11.33, 11.69, 11.91, 11.51, 11.4, 11.17, 11.12, 11.22, 10.7, 10.6, 11.24, 12.16, 11.8, 11.85, 11.89, 11.75, 10.93, 11.45, 12.46, 13.4, 11.89, 11.28, 11.36, 10.69, 8.88, 6.63, 5.24, 5.07, 4.31, 3.59, 3.39, 2.75, 1.87, 1.31, 1.0, 0.87, 0, 1.01, 0.87, 0.87, 1.47, 2.23, 2.94, 3.46, 3.37, 3.26, 3.22, 3.54, 4.38, 4.7, 4.79, 5.24, 5.07, 6.4, 9.42, 10.18, 6.91, 5.63, 6.7, 7.77, 7.87, 6.46, 6.48, 7.25, 8.49, 8.0, 7.33, 8.5, 10.53, 11.41], [9.958, 8.66, 9.01, 9.54, 8.55, 8.65, 9.13, 9.02, 8.59, 8.14, 7.57, 7.62, 7.62, 9.56, 11.49, 11.22, 10.56, 10.92, 11.14, 10.74, 10.63, 10.4, 10.35, 10.45, 9.93, 9.83, 10.47, 11.39, 11.03, 11.08, 11.12, 10.98, 10.16, 10.68, 11.69, 12.63, 11.12, 10.51, 10.59, 9.92, 8.11, 5.86, 4.51, 4.38, 3.82, 2.88, 2.78, 2.42, 1.9, 1.68, 1.67, 1.58, 1.01, 0, 0.66, 1.06, 1.4, 1.96, 2.49, 2.87, 2.92, 2.67, 2.63, 2.87, 3.63, 4.09, 4.18, 4.55, 4.36, 5.63, 8.65, 9.41, 6.14, 4.88, 6.05, 7.02, 7.14, 5.87, 5.77, 6.52, 7.72, 7.29, 6.68, 7.73, 9.76, 10.64], [10.06, 8.76, 9.11, 9.64, 8.65, 8.75, 9.23, 9.12, 8.69, 8.2, 7.69, 7.76, 7.72, 9.66, 11.59, 11.32, 10.66, 11.02, 11.24, 10.84, 10.73, 10.5, 10.45, 10.55, 10.03, 9.93, 10.57, 11.49, 11.13, 11.18, 11.22, 11.08, 10.26, 10.78, 11.79, 12.73, 11.22, 10.61, 10.69, 10.02, 8.21, 5.96, 4.61, 4.5, 3.76, 2.96, 2.84, 2.32, 1.78, 1.52, 1.67, 1.5, 0.87, 0.66, 0, 0.68, 1.1, 1.72, 2.39, 2.89, 2.9, 2.75, 2.69, 2.99, 3.73, 4.13, 4.22, 4.63, 4.46, 5.73, 8.75, 9.51, 6.24, 5.02, 6.19, 7.16, 7.22, 5.87, 5.81, 6.58, 7.82, 7.33, 6.66, 7.83, 9.86, 10.74], [10.08, 8.78, 9.13, 9.66, 8.67, 8.77, 9.25, 9.14, 8.71, 8.2, 7.69, 7.64, 7.74, 9.68, 11.61, 11.34, 10.68, 11.04, 11.26, 10.86, 10.75, 10.52, 10.47, 10.57, 10.05, 9.95, 10.59, 11.51, 11.15, 11.2, 11.24, 11.12, 10.28, 10.8, 11.81, 12.75, 11.24, 10.63, 10.71, 10.04, 8.23, 5.98, 4.59, 4.42, 3.64, 2.98, 2.84, 2.22, 1.5, 1.26, 1.57, 1.48, 0.87, 1.06, 0.68, 0, 0.86, 1.76, 2.43, 2.99, 2.88, 2.75, 2.67, 3.01, 3.75, 4.15, 4.24, 4.63, 4.48, 5.75, 8.77, 9.53, 6.26, 4.98, 6.07, 7.12, 7.22, 5.83, 5.83, 6.6, 7.84, 7.35, 6.68, 7.85, 9.88, 10.76], [9.38, 8.08, 8.43, 8.96, 7.97, 8.07, 8.55, 8.44, 8.01, 7.5, 6.99, 6.94, 7.04, 8.98, 10.91, 10.64, 9.98, 10.34, 10.56, 10.16, 10.05, 9.82, 9.77, 9.87, 9.35, 9.25, 9.89, 10.81, 10.45, 10.5, 10.54, 10.42, 9.58, 10.1, 11.11, 12.05, 10.54, 9.93, 10.01, 9.34, 7.53, 5.28, 3.99, 3.74, 3.0, 2.26, 2.16, 1.58, 1.0, 1.46, 2.29, 2.06, 1.47, 1.4, 1.1, 0.86, 0, 1.14, 1.83, 2.39, 2.28, 2.07, 2.03, 2.33, 3.07, 3.47, 3.56, 3.95, 3.8, 5.09, 8.07, 8.83, 5.56, 4.28, 5.39, 6.42, 6.52, 5.15, 5.13, 5.9, 7.14, 6.65, 5.98, 7.15, 9.18, 10.06], [8.56, 7.26, 7.61, 8.14, 7.15, 7.25, 7.73, 7.62, 7.21, 6.72, 6.21, 6.28, 6.22, 8.16, 10.09, 9.82, 9.16, 9.52, 9.74, 9.34, 9.23, 9.0, 8.95, 9.05, 8.53, 8.43, 9.07, 9.99, 9.63, 9.68, 9.72, 9.58, 8.76, 9.28, 10.29, 11.23, 9.72, 9.11, 9.19, 8.52, 6.71, 4.5, 3.29, 3.12, 2.32, 1.52, 1.5, 1.24, 1.5, 2.02, 3.01, 2.74, 2.23, 1.96, 1.72, 1.76, 1.14, 0, 0.91, 1.41, 1.38, 1.57, 1.49, 1.69, 2.31, 2.61, 2.7, 3.11, 2.98, 4.27, 7.25, 8.01, 4.74, 3.54, 4.71, 5.64, 5.74, 4.41, 4.33, 5.08, 6.32, 5.83, 5.16, 6.33, 8.36, 9.24], [7.85, 6.59, 6.88, 7.39, 6.4, 6.5, 6.98, 6.87, 6.48, 5.97, 5.54, 5.65, 5.49, 7.41, 9.34, 9.07, 8.41, 8.77, 8.99, 8.59, 8.48, 8.25, 8.2, 8.3, 7.78, 7.68, 8.36, 9.24, 8.88, 8.93, 8.97, 8.83, 8.01, 8.53, 9.54, 10.48, 8.97, 8.36, 8.44, 7.77, 5.96, 4.01, 2.86, 2.77, 2.11, 1.47, 1.21, 1.45, 2.07, 2.61, 3.72, 3.49, 2.94, 2.49, 2.39, 2.43, 1.83, 0.91, 0, 0.86, 1.11, 1.38, 1.46, 1.44, 1.72, 1.92, 1.97, 2.38, 2.31, 3.54, 6.5, 7.26, 4.23, 2.99, 4.1, 4.97, 4.99, 3.72, 3.66, 4.33, 5.57, 5.08, 4.57, 5.6, 7.61, 8.49], [7.51, 6.37, 6.64, 6.91, 5.92, 6.02, 6.5, 6.39, 5.98, 5.55, 5.12, 5.29, 5.05, 6.93, 8.86, 8.59, 7.93, 8.29, 8.51, 8.11, 8.0, 7.77, 7.72, 7.82, 7.3, 7.2, 7.88, 8.76, 8.4, 8.45, 8.49, 8.35, 7.53, 8.05, 9.06, 10.0, 8.49, 7.96, 8.04, 7.35, 5.54, 3.85, 2.78, 2.87, 2.49, 1.97, 1.61, 2.01, 2.57, 3.09, 4.28, 3.97, 3.46, 2.87, 2.89, 2.99, 2.39, 1.41, 0.86, 0, 1.03, 1.42, 1.62, 1.68, 1.6, 1.46, 1.67, 1.92, 2.11, 3.18, 6.02, 6.78, 3.91, 2.75, 3.82, 4.59, 4.55, 3.62, 3.72, 4.29, 5.29, 4.92, 4.73, 5.42, 7.13, 8.01], [7.42, 6.18, 6.57, 7.0, 6.01, 6.11, 6.59, 6.48, 6.05, 5.54, 5.03, 5.06, 5.08, 7.02, 8.95, 8.68, 8.02, 8.38, 8.6, 8.2, 8.09, 7.86, 7.81, 7.91, 7.39, 7.29, 7.95, 8.85, 8.49, 8.54, 8.58, 8.44, 7.62, 8.14, 9.15, 10.09, 8.58, 7.97, 8.05, 7.38, 5.57, 3.46, 2.37, 2.24, 2.12, 1.7, 1.48, 1.76, 2.36, 2.96, 4.17, 3.88, 3.37, 2.92, 2.9, 2.88, 2.28, 1.38, 1.11, 1.03, 0, 0.97, 1.35, 1.65, 1.65, 1.85, 1.98, 2.21, 2.6, 3.41, 6.11, 6.87, 3.68, 2.48, 3.51, 4.5, 4.56, 3.43, 3.49, 4.4, 5.36, 4.93, 4.52, 5.31, 7.22, 8.1], [7.51, 6.21, 6.56, 7.09, 6.1, 6.2, 6.68, 6.57, 6.14, 5.71, 5.18, 5.21, 5.17, 7.11, 9.04, 8.77, 8.11, 8.47, 8.69, 8.29, 8.18, 7.95, 7.9, 8.0, 7.48, 7.38, 8.02, 8.94, 8.58, 8.63, 8.67, 8.53, 7.71, 8.23, 9.24, 10.18, 8.67, 8.06, 8.14, 7.47, 5.66, 3.41, 2.32, 2.11, 1.97, 1.39, 1.23, 1.67, 2.13, 2.93, 4.08, 3.83, 3.26, 2.67, 2.75, 2.75, 2.07, 1.57, 1.38, 1.42, 0.97, 0, 0.98, 1.22, 1.5, 1.78, 1.87, 2.14, 2.41, 3.28, 6.2, 6.96, 3.73, 2.51, 3.58, 4.57, 4.67, 3.62, 3.5, 4.37, 5.37, 4.98, 4.57, 5.38, 7.31, 8.19], [7.59, 6.31, 6.68, 7.17, 6.18, 6.28, 6.76, 6.65, 6.22, 5.83, 5.36, 5.31, 5.25, 7.19, 9.12, 8.85, 8.19, 8.55, 8.77, 8.37, 8.26, 8.03, 7.98, 8.08, 7.56, 7.46, 8.1, 9.02, 8.66, 8.71, 8.75, 8.63, 7.79, 8.31, 9.32, 10.26, 8.75, 8.14, 8.22, 7.55, 5.74, 3.57, 2.4, 2.41, 2.07, 1.51, 1.35, 1.51, 2.09, 2.85, 4.0, 3.81, 3.22, 2.63, 2.69, 2.67, 2.03, 1.49, 1.46, 1.62, 1.35, 0.98, 0, 0.98, 1.34, 1.88, 2.05, 2.3, 2.15, 3.28, 6.28, 7.04, 3.79, 2.73, 3.76, 4.65, 4.75, 3.78, 3.68, 4.55, 5.55, 5.24, 4.73, 5.62, 7.39, 8.27], [7.208, 5.99, 6.26, 6.79, 5.8, 5.9, 6.38, 6.27, 5.9, 5.51, 5.06, 5.21, 4.87, 6.81, 8.74, 8.47, 7.83, 8.19, 8.45, 8.01, 7.88, 7.65, 7.6, 7.7, 7.18, 7.08, 7.72, 8.64, 8.28, 8.33, 8.43, 8.33, 7.43, 7.93, 8.94, 9.88, 8.39, 7.76, 7.84, 7.19, 5.38, 3.27, 2.22, 2.07, 1.69, 1.11, 0.95, 1.49, 2.27, 3.01, 4.36, 4.13, 3.54, 2.87, 2.99, 3.01, 2.33, 1.69, 1.44, 1.68, 1.65, 1.22, 0.98, 0, 1.06, 1.52, 1.73, 2.02, 1.99, 2.86, 5.9, 6.66, 3.57, 2.71, 3.6, 4.41, 4.49, 3.34, 3.2, 3.89, 5.01, 4.6, 4.19, 5.06, 7.01, 7.89], [6.51, 5.29, 5.64, 6.026, 5.04, 5.14, 5.616, 5.51, 5.08, 4.65, 4.14, 4.29, 4.17, 6.05, 7.979, 7.71, 7.17, 7.51, 7.81, 7.35, 7.16, 6.89, 6.84, 6.94, 6.42, 6.32, 6.96, 7.94, 7.64, 7.65, 7.77, 7.75, 6.75, 7.29, 8.2, 9.18, 7.73, 7.0, 7.1, 6.49, 4.68, 2.75, 1.62, 1.67, 1.41, 1.51, 1.37, 1.93, 2.97, 3.77, 5.16, 4.97, 4.38, 3.63, 3.73, 3.75, 3.07, 2.31, 1.72, 1.6, 1.65, 1.5, 1.34, 1.06, 0, 1.14, 1.59, 1.6, 1.81, 2.26, 5.14, 5.96, 2.95, 1.97, 2.74, 3.57, 3.63, 2.7, 2.6, 3.39, 4.39, 4.06, 3.75, 4.44, 6.25, 7.15], [6.51, 5.77, 5.84, 5.71, 4.7, 4.88, 5.28, 5.27, 4.98, 4.63, 4.44, 4.49, 4.03, 5.71, 7.64, 7.41, 6.79, 7.13, 7.45, 6.97, 6.82, 6.55, 6.52, 6.6, 6.08, 5.98, 6.62, 7.58, 7.28, 7.29, 7.43, 7.39, 6.37, 7.07, 8.02, 8.86, 7.57, 6.9, 7.02, 6.27, 4.58, 3.11, 2.3, 2.39, 2.03, 1.73, 1.65, 2.39, 3.41, 4.11, 5.5, 5.29, 4.7, 4.09, 4.13, 4.15, 3.47, 2.61, 1.92, 1.46, 1.85, 1.78, 1.88, 1.52, 1.14, 0, 0.79, 0.92, 1.23, 1.94, 4.8, 5.6, 3.09, 2.11, 3.04, 3.77, 3.61, 2.98, 3.12, 3.57, 4.25, 3.98, 4.07, 4.6, 5.91, 6.79], [6.62, 6.14, 6.07, 5.7, 4.59, 4.83, 5.23, 5.18, 5.19, 4.84, 4.57, 4.68, 4.12, 5.6, 7.51, 7.38, 6.76, 7.06, 7.32, 6.88, 6.65, 6.54, 6.39, 6.51, 5.97, 5.93, 6.51, 7.41, 7.11, 7.26, 7.36, 7.22, 6.34, 7.1, 8.09, 8.83, 7.6, 6.93, 7.01, 6.2, 4.59, 3.4, 2.61, 2.58, 2.24, 1.98, 1.84, 2.5, 3.52, 4.22, 5.59, 5.38, 4.79, 4.18, 4.22, 4.24, 3.56, 2.7, 1.97, 1.67, 1.98, 1.87, 2.05, 1.73, 1.59, 0.79, 0, 0.83, 1.06, 1.75, 4.75, 5.43, 3.28, 2.34, 3.19, 4.04, 3.94, 3.03, 3.17, 3.6, 4.04, 3.99, 4.06, 4.55, 5.84, 6.66], [6.41, 6.07, 5.9, 5.33, 4.4, 4.58, 4.84, 4.89, 4.98, 4.67, 4.48, 4.57, 3.99, 5.23, 7.099, 6.91, 6.43, 6.63, 6.87, 6.41, 6.3, 6.19, 6.06, 6.14, 5.68, 5.62, 6.12, 7.08, 6.76, 6.85, 6.95, 6.93, 5.95, 6.91, 7.76, 8.6, 7.47, 6.62, 6.74, 5.97, 4.28, 3.31, 2.62, 2.65, 2.39, 2.21, 2.19, 2.81, 3.85, 4.57, 6.02, 5.81, 5.24, 4.55, 4.63, 4.63, 3.95, 3.11, 2.38, 1.92, 2.21, 2.14, 2.3, 2.02, 1.6, 0.92, 0.83, 0, 0.91, 1.66, 4.34, 5.12, 3.13, 2.33, 3.14, 3.91, 3.67, 3.12, 3.24, 3.73, 3.99, 4.02, 4.29, 4.56, 5.51, 6.35], [6.76, 6.38, 6.27, 5.72, 4.77, 4.97, 5.19, 5.28, 5.33, 5.1, 5.01, 5.04, 4.38, 5.48, 7.35, 7.16, 6.74, 6.96, 7.1, 6.66, 6.67, 6.5, 6.43, 6.41, 6.01, 6.01, 6.33, 7.27, 7.05, 7.16, 7.28, 7.24, 6.22, 7.26, 8.19, 8.97, 7.84, 7.03, 7.11, 6.4, 4.61, 3.7, 3.01, 3.02, 2.64, 2.24, 2.06, 2.64, 3.64, 4.4, 5.85, 5.68, 5.07, 4.36, 4.46, 4.48, 3.8, 2.98, 2.31, 2.11, 2.6, 2.41, 2.15, 1.99, 1.81, 1.23, 1.06, 0.91, 0, 1.89, 4.65, 5.33, 3.42, 2.64, 3.61, 4.22, 4.06, 3.47, 3.57, 3.96, 4.4, 4.43, 4.52, 4.95, 5.9, 6.68], [5.43, 5.17, 5.06, 4.13, 3.46, 3.4, 3.7, 3.59, 3.74, 3.51, 3.36, 3.41, 2.81, 4.33, 5.98, 6.13, 5.77, 5.93, 6.15, 5.69, 5.34, 5.15, 5.02, 4.98, 4.66, 4.42, 5.02, 6.14, 6.04, 6.15, 6.31, 5.99, 5.17, 5.99, 6.86, 7.66, 6.63, 5.66, 5.66, 5.05, 3.52, 2.59, 2.2, 2.23, 2.51, 3.01, 3.07, 3.65, 4.83, 5.69, 7.18, 6.99, 6.4, 5.63, 5.73, 5.75, 5.09, 4.27, 3.54, 3.18, 3.41, 3.28, 3.28, 2.86, 2.26, 1.94, 1.75, 1.66, 1.89, 0, 3.16, 4.18, 2.19, 2.33, 2.16, 2.89, 2.77, 2.06, 2.2, 2.69, 2.77, 3.04, 3.35, 3.64, 4.47, 5.49], [2.95, 2.95, 2.72, 1.37, 1.02, 1.22, 1.3, 1.65, 1.82, 2.01, 2.28, 2.27, 2.13, 1.75, 2.9, 3.13, 2.91, 3.07, 3.23, 2.73, 2.5, 2.29, 2.2, 2.06, 1.74, 1.58, 2.04, 3.16, 3.14, 3.27, 3.43, 3.19, 2.37, 3.39, 4.2, 4.86, 3.89, 3.02, 2.98, 2.49, 1.6, 2.99, 4.2, 4.39, 5.19, 5.85, 6.03, 6.69, 7.87, 8.75, 10.2, 9.97, 9.42, 8.65, 8.75, 8.77, 8.07, 7.25, 6.5, 6.02, 6.11, 6.2, 6.28, 5.9, 5.14, 4.8, 4.75, 4.34, 4.65, 3.16, 0, 1.42, 3.03, 4.41, 3.26, 2.21, 2.41, 3.46, 3.34, 2.73, 2.05, 2.36, 3.01, 2.7, 2.05, 2.73], [2.85, 2.77, 2.48, 1.19, 1.32, 1.24, 1.3, 1.85, 2.1, 2.37, 2.7, 2.97, 2.71, 1.51, 2.32, 2.27, 1.99, 2.21, 2.35, 1.99, 1.94, 2.01, 1.7, 1.6, 1.24, 1.28, 1.62, 2.28, 2.4, 2.41, 2.63, 2.33, 1.77, 2.75, 3.74, 4.2, 3.19, 2.66, 2.72, 2.19, 1.66, 3.65, 4.98, 5.21, 6.01, 6.65, 6.81, 7.45, 8.63, 9.51, 10.96, 10.73, 10.18, 9.41, 9.51, 9.53, 8.83, 8.01, 7.26, 6.78, 6.87, 6.96, 7.04, 6.66, 5.96, 5.6, 5.43, 5.12, 5.33, 4.18, 1.42, 0, 3.71, 5.13, 4.02, 2.91, 3.05, 4.2, 4.04, 3.37, 2.63, 2.76, 3.37, 3.06, 2.01, 2.41], [4.18, 3.54, 3.81, 3.58, 2.89, 2.83, 3.11, 2.94, 2.73, 2.62, 2.41, 2.2, 1.98, 3.76, 5.41, 5.56, 5.1, 5.3, 5.58, 5.14, 4.83, 4.58, 4.45, 4.55, 4.21, 3.97, 4.67, 5.69, 5.47, 5.52, 5.68, 5.5, 4.56, 5.12, 5.99, 6.99, 5.64, 4.77, 4.69, 4.18, 2.51, 1.34, 2.01, 2.02, 2.72, 3.54, 3.78, 4.3, 5.36, 6.24, 7.69, 7.46, 6.91, 6.14, 6.24, 6.26, 5.56, 4.74, 4.23, 3.91, 3.68, 3.73, 3.79, 3.57, 2.95, 3.09, 3.28, 3.13, 3.42, 2.19, 3.03, 3.71, 0, 1.7, 1.15, 1.54, 1.78, 1.75, 1.81, 2.48, 2.8, 2.63, 2.88, 3.11, 3.9, 4.92], [5.46, 4.68, 5.01, 4.94, 4.25, 4.21, 4.43, 4.18, 3.75, 3.56, 3.17, 2.98, 2.86, 5.04, 6.71, 6.86, 6.5, 6.68, 7.02, 6.52, 6.25, 6.04, 5.89, 5.91, 5.53, 5.31, 5.93, 7.17, 6.85, 6.86, 7.06, 7.0, 5.96, 6.52, 7.29, 8.35, 7.08, 6.11, 5.99, 5.58, 3.83, 2.14, 1.87, 1.94, 1.96, 2.44, 2.5, 3.0, 4.08, 4.96, 6.41, 6.18, 5.63, 4.88, 5.02, 4.98, 4.28, 3.54, 2.99, 2.75, 2.48, 2.51, 2.73, 2.71, 1.97, 2.11, 2.34, 2.33, 2.64, 2.33, 4.41, 5.13, 1.7, 0, 1.51, 2.5, 2.6, 1.95, 1.97, 2.88, 3.54, 3.33, 3.3, 3.81, 5.26, 6.28], [4.51, 3.81, 4.12, 3.79, 3.14, 3.12, 3.28, 3.15, 2.68, 2.35, 2.14, 1.77, 2.09, 3.99, 5.64, 5.89, 5.45, 5.65, 5.95, 5.47, 5.12, 4.87, 4.76, 4.84, 4.44, 4.16, 4.84, 6.02, 5.8, 5.89, 6.07, 5.85, 4.87, 5.41, 6.32, 7.28, 6.01, 5.18, 5.06, 4.51, 2.98, 1.53, 1.8, 1.89, 2.55, 3.51, 3.65, 4.03, 5.15, 6.03, 7.48, 7.25, 6.7, 6.05, 6.19, 6.07, 5.39, 4.71, 4.1, 3.82, 3.51, 3.58, 3.76, 3.6, 2.74, 3.04, 3.19, 3.14, 3.61, 2.16, 3.26, 4.02, 1.15, 1.51, 0, 1.45, 1.67, 1.38, 1.62, 2.43, 2.77, 2.62, 2.85, 3.06, 4.13, 5.19], [3.2, 2.56, 2.73, 2.68, 1.99, 2.07, 2.21, 2.18, 1.71, 1.66, 1.49, 1.28, 1.28, 2.84, 4.61, 4.66, 4.28, 4.5, 4.8, 4.34, 4.11, 3.84, 3.73, 3.83, 3.37, 3.15, 3.89, 4.97, 4.67, 4.68, 4.86, 4.74, 3.74, 4.32, 5.13, 6.13, 4.86, 3.89, 3.87, 3.38, 1.71, 1.42, 2.59, 2.72, 3.52, 4.38, 4.48, 5.04, 6.22, 7.1, 8.55, 8.32, 7.77, 7.02, 7.16, 7.12, 6.42, 5.64, 4.97, 4.59, 4.5, 4.57, 4.65, 4.41, 3.57, 3.77, 4.04, 3.91, 4.22, 2.89, 2.21, 2.91, 1.54, 2.5, 1.45, 0, 0.92, 1.69, 1.59, 1.7, 2.08, 1.71, 2.1, 2.11, 3.1, 4.1], [3.52, 2.94, 3.09, 2.8, 2.17, 2.19, 2.25, 2.34, 1.77, 1.32, 1.37, 1.38, 1.16, 2.88, 4.65, 4.74, 4.46, 4.66, 4.92, 4.5, 4.31, 4.0, 3.91, 4.03, 3.51, 3.31, 4.01, 5.13, 4.77, 4.82, 5.0, 4.9, 3.9, 4.54, 5.35, 6.29, 5.1, 4.23, 4.21, 3.66, 2.03, 1.76, 2.65, 2.8, 3.58, 4.44, 4.54, 5.14, 6.32, 7.2, 8.65, 8.42, 7.87, 7.14, 7.22, 7.22, 6.52, 5.74, 4.99, 4.55, 4.56, 4.67, 4.75, 4.49, 3.63, 3.61, 3.94, 3.67, 4.06, 2.77, 2.41, 3.05, 1.78, 2.6, 1.67, 0.92, 0, 1.51, 1.55, 1.64, 1.88, 1.57, 2.12, 2.11, 3.14, 4.2], [4.67, 3.99, 4.22, 3.95, 3.22, 3.26, 3.46, 3.39, 2.96, 2.43, 2.04, 2.11, 2.05, 4.09, 5.88, 5.99, 5.59, 5.77, 6.13, 5.65, 5.42, 5.19, 5.06, 5.06, 4.58, 4.38, 5.16, 6.28, 5.96, 6.01, 6.17, 6.09, 5.07, 5.61, 6.42, 7.42, 6.17, 5.32, 5.24, 4.75, 3.08, 1.91, 1.9, 1.69, 2.27, 3.21, 3.29, 3.73, 4.91, 5.79, 7.24, 7.01, 6.46, 5.87, 5.87, 5.83, 5.15, 4.41, 3.72, 3.62, 3.43, 3.62, 3.78, 3.34, 2.7, 2.98, 3.03, 3.12, 3.47, 2.06, 3.46, 4.2, 1.75, 1.95, 1.38, 1.69, 1.51, 0, 0.82, 1.53, 