[[0, 0.96, 2.21, 2.76, 2.39, 1.81, 1.61, 1.49, 1.36, 1.83, 2.05, 2.07, 2.31, 2.27, 2.54, 2.56, 2.68, 3.14, 3.29, 3.91, 4.59, 4.49, 4.34, 4.19, 4.08, 4.49, 4.87, 5.02, 5.27, 4.88, 5.26, 5.43, 5.23, 4.93, 4.55, 4.32, 4.79, 4.45, 3.97, 4.28, 4.26, 3.65, 3.79, 3.69, 3.47, 3.16, 3.16, 2.99, 2.92, 3.22, 3.76, 3.5, 3.48, 3.41, 3.07, 2.59, 2.83, 3.14, 3.26, 3.38, 3.38, 3.69, 3.75, 3.01, 3.0, 3.75, 3.59, 2.91, 3.11, 3.27, 3.51, 3.52, 3.47, 4.21, 3.86, 3.74, 3.95, 3.13, 3.23, 2.84, 2.76, 2.29, 2.1, 2.43, 3.15, 4.09], [0.96, 0, 1.83, 2.46, 2.13, 1.71, 1.37, 1.21, 1.24, 1.69, 2.13, 2.09, 2.33, 2.29, 2.64, 2.72, 2.74, 3.14, 3.47, 3.95, 4.79, 4.67, 4.44, 4.37, 4.3, 4.95, 5.21, 5.4, 5.61, 5.1, 5.6, 5.85, 5.57, 5.33, 4.99, 4.68, 5.21, 4.79, 4.33, 4.56, 4.48, 3.85, 3.97, 3.85, 3.81, 3.34, 3.42, 3.17, 3.06, 3.46, 3.96, 3.7, 3.58, 3.57, 3.17, 2.73, 2.99, 3.32, 3.42, 3.58, 3.48, 3.73, 3.83, 3.09, 3.08, 3.73, 3.49, 2.93, 3.27, 3.27, 3.45, 3.56, 3.47, 4.25, 3.88, 3.76, 3.95, 3.09, 3.31, 3.0, 2.9, 2.37, 2.2, 2.49, 3.27, 4.21], [2.21, 1.83, 0, 0.93, 0.96, 1.44, 1.68, 1.62, 1.63, 1.48, 2.22, 1.98, 1.72, 2.16, 2.89, 3.19, 3.43, 4.05, 4.6, 5.12, 5.98, 5.8, 5.69, 5.48, 5.49, 6.42, 6.8, 6.97, 7.2, 6.61, 7.07, 7.34, 7.16, 6.94, 6.54, 6.33, 6.84, 6.38, 5.86, 5.99, 5.71, 5.18, 5.34, 5.14, 4.56, 4.23, 4.37, 3.9, 3.33, 3.85, 4.13, 3.51, 3.21, 3.3, 3.0, 2.68, 3.42, 3.77, 3.63, 3.47, 3.17, 2.96, 3.2, 2.8, 2.67, 2.72, 2.48, 2.14, 2.38, 2.28, 2.54, 2.55, 2.6, 3.64, 3.37, 3.21, 3.12, 2.58, 3.2, 3.61, 3.89, 3.4, 3.09, 2.7, 3.14, 3.94], [2.76, 2.46, 0.93, 0, 0.73, 1.63, 2.19, 2.05, 2.02, 1.77, 2.55, 2.19, 1.77, 2.17, 3.16, 3.5, 3.74, 4.42, 5.15, 5.69, 6.53, 6.37, 6.24, 6.03, 6.04, 6.97, 7.35, 7.52, 7.75, 7.16, 7.62, 7.89, 7.71, 7.49, 7.09, 6.88, 7.39, 6.93, 6.41, 6.52, 6.24, 5.73, 5.89, 5.67, 5.01, 4.68, 4.88, 4.41, 3.68, 4.3, 4.44, 3.66, 3.26, 3.27, 3.01, 2.91, 3.69, 4.06, 3.9, 3.68, 3.1, 2.95, 3.17, 2.77, 2.62, 2.39, 2.29, 2.15, 2.29, 2.13, 1.93, 2.1, 2.31, 3.47, 3.22, 3.06, 3.03, 2.51, 3.41, 4.04, 4.36, 3.87, 3.48, 2.99, 3.31, 4.01], [2.39, 2.13, 0.96, 0.73, 0, 1.12, 1.66, 1.48, 1.47, 1.64, 2.44, 2.12, 1.7, 2.12, 3.17, 3.49, 3.71, 4.31, 4.84, 5.4, 6.18, 6.06, 5.91, 5.72, 5.65, 6.58, 6.96, 7.13, 7.36, 6.77, 7.27, 7.54, 7.32, 7.1, 6.7, 6.49, 7.0, 6.54, 6.04, 6.21, 5.93, 5.4, 5.58, 5.34, 4.66, 4.41, 4.55, 4.18, 3.57, 4.15, 4.31, 3.63, 3.27, 3.32, 3.04, 2.86, 3.64, 4.01, 3.91, 3.69, 3.15, 3.0, 3.22, 2.86, 2.63, 2.52, 2.54, 2.22, 2.32, 2.12, 2.14, 2.29, 2.4, 3.56, 3.31, 3.13, 3.04, 2.48, 3.34, 3.83, 4.13, 3.64, 3.27, 2.96, 3.32, 4.06], [1.81, 1.71, 1.44, 1.63, 1.12, 0, 1.0, 1.14, 0.99, 1.3, 2.02, 1.74, 1.46, 1.8, 2.77, 3.05, 3.21, 3.79, 4.08, 4.74, 5.44, 5.3, 5.27, 4.98, 4.89, 5.78, 6.16, 6.35, 6.58, 5.99, 6.49, 6.76, 6.52, 6.3, 5.9, 5.69, 6.2, 5.76, 5.26, 5.47, 5.17, 4.68, 4.86, 4.58, 3.9, 3.79, 3.85, 3.58, 2.97, 3.61, 3.87, 3.21, 2.95, 2.92, 2.6, 2.42, 3.1, 3.47, 3.51, 3.29, 2.85, 3.04, 3.18, 2.58, 2.41, 3.18, 3.02, 2.48, 2.4, 2.4, 2.6, 2.77, 2.8, 3.34, 3.13, 2.93, 2.98, 2.16, 2.94, 3.27, 3.47, 3.04, 2.63, 2.56, 2.84, 3.64], [1.61, 1.37, 1.68, 2.19, 1.66, 1.0, 0, 0.9, 1.09, 1.52, 2.14, 2.0, 1.98, 2.22, 2.77, 2.95, 3.25, 3.79, 4.08, 4.62, 5.4, 5.24, 5.13, 4.94, 4.77, 5.62, 6.06, 6.13, 6.38, 5.87, 6.35, 6.58, 6.32, 6.1, 5.68, 5.53, 5.96, 5.56, 5.08, 5.23, 4.97, 4.46, 4.64, 4.4, 3.96, 3.65, 3.77, 3.44, 3.09, 3.49, 4.01, 3.55, 3.33, 3.36, 3.02, 2.78, 3.2, 3.51, 3.51, 3.49, 3.37, 3.68, 3.72, 2.96, 2.83, 3.64, 3.5, 2.88, 3.04, 3.02, 3.28, 3.43, 3.42, 4.16, 3.75, 3.65, 3.74, 2.8, 3.34, 3.27, 3.37, 2.9, 2.65, 2.54, 3.12, 4.0], [1.49, 1.21, 1.62, 2.05, 1.48, 1.14, 0.9, 0, 0.91, 1.52, 2.28, 2.14, 2.1, 2.24, 2.97, 3.07, 3.19, 3.79, 4.1, 4.58, 5.36, 5.18, 5.03, 4.9, 4.83, 5.56, 5.96, 6.13, 6.38, 5.77, 6.35, 6.62, 6.36, 6.1, 5.7, 5.47, 5.98, 5.54, 5.1, 5.29, 5.09, 4.52, 4.62, 4.42, 4.2, 3.87, 3.99, 3.62, 3.29, 3.79, 4.29, 3.83, 3.65, 3.62, 3.26, 2.9, 3.32, 3.65, 3.67, 3.77, 3.57, 3.78, 3.88, 3.16, 3.09, 3.78, 3.62, 2.96, 3.14, 3.2, 3.44, 3.59, 3.52, 4.14, 3.87, 3.67, 3.74, 2.8, 3.38, 3.39, 3.53, 3.0, 2.75, 2.76, 3.38, 4.3], [1.36, 1.24, 1.63, 2.02, 1.47, 0.99, 1.09, 0.91, 0, 1.07, 1.93, 1.83, 1.69, 1.87, 2.62, 2.74, 2.8, 3.26, 3.59, 4.17, 4.97, 4.81, 4.66, 4.47, 4.52, 5.25, 5.55, 5.74, 5.97, 5.38, 5.92, 6.19, 5.91, 5.71, 5.29, 5.08, 5.59, 5.15, 4.69, 4.86, 4.64, 4.11, 4.25, 4.01, 3.85, 3.42, 3.52, 3.29, 2.84, 3.36, 3.94, 3.46, 3.26, 3.27, 2.89, 2.55, 2.87, 3.22, 3.32, 3.4, 3.16, 3.39, 3.49, 2.83, 2.72, 3.59, 3.47, 2.75, 2.63, 2.69, 3.01, 3.18, 3.23, 3.73, 3.4, 3.18, 3.27, 2.61, 3.11, 2.94, 3.02, 2.53, 2.22, 2.11, 2.99, 3.95], [1.83, 1.69, 1.48, 1.77, 1.64, 1.3, 1.52, 1.52, 1.07, 0, 1.04, 0.94, 0.98, 0.98, 1.71, 2.01, 2.25, 2.97, 3.6, 4.1, 4.98, 4.78, 4.67, 4.46, 4.47, 5.4, 5.78, 5.95, 6.18, 5.59, 6.07, 6.34, 6.14, 5.92, 5.52, 5.31, 5.82, 5.36, 4.86, 4.95, 4.67, 4.18, 4.3, 4.1, 3.56, 3.19, 3.37, 2.9, 2.37, 2.77, 3.09, 2.55, 2.39, 2.36, 1.96, 1.64, 2.2, 2.61, 2.43, 2.43, 2.21, 2.72, 2.84, 1.94, 1.97, 2.98, 2.86, 2.14, 1.96, 2.06, 2.4, 2.55, 2.6, 2.98, 2.53, 2.39, 2.62, 1.9, 2.12, 2.53, 2.85, 2.36, 2.19, 1.82, 2.18, 2.98], [2.05, 2.13, 2.22, 2.55, 2.44, 2.02, 2.14, 2.28, 1.93, 1.04, 0, 0.7, 1.16, 0.98, 0.97, 1.21, 1.47, 2.19, 2.94, 3.48, 4.34, 4.16, 4.03, 3.9, 3.83, 4.76, 5.18, 5.29, 5.52, 4.95, 5.39, 5.66, 5.48, 5.26, 4.88, 4.65, 5.16, 4.7, 4.18, 4.29, 4.01, 3.5, 3.64, 3.44, 2.88, 2.39, 2.63, 2.28, 2.17, 2.15, 2.25, 1.83, 1.93, 1.84, 1.6, 1.18, 1.5, 1.95, 1.67, 1.65, 2.11, 2.74, 2.96, 1.9, 1.81, 3.16, 3.04, 2.34, 2.04, 2.18, 2.58, 2.77, 2.82, 2.96, 2.57, 2.61, 2.88, 2.12, 1.52, 1.73, 2.01, 1.68, 1.87, 1.8, 1.82, 2.5], [2.07, 2.09, 1.98, 2.19, 2.12, 1.74, 2.0, 2.14, 1.83, 0.94, 0.7, 0, 0.82, 0.94, 1.33, 1.63, 1.83, 2.57, 3.24, 3.78, 4.64, 4.46, 4.33, 4.22, 4.11, 5.08, 5.48, 5.59, 5.82, 5.25, 5.69, 5.96, 5.78, 5.56, 5.18, 4.95, 5.46, 5.0, 4.48, 4.59, 4.31, 3.8, 3.94, 3.76, 3.14, 2.71, 2.93, 2.5, 2.09, 2.39, 2.57, 1.85, 1.71, 1.76, 1.5, 1.32, 1.86, 2.31, 2.01, 1.81, 1.85, 2.38, 2.6, 1.6, 1.45, 2.78, 2.64, 1.98, 1.68, 1.96, 2.34, 2.37, 2.42, 2.62, 2.23, 2.21, 2.54, 1.88, 1.8, 2.07, 2.29, 1.92, 1.93, 1.68, 1.64, 2.28], [2.31, 2.33, 1.72, 1.77, 1.7, 1.46, 1.98, 2.1, 1.69, 0.98, 1.16, 0.82, 0, 0.94, 1.75, 2.09, 2.29, 3.05, 3.8, 4.34, 5.2, 5.02, 4.91, 4.7, 4.71, 5.64, 6.02, 6.19, 6.42, 5.83, 6.29, 6.56, 6.4, 6.16, 5.76, 5.55, 6.06, 5.6, 5.08, 5.19, 4.91, 4.4, 4.56, 4.4, 3.74, 3.35, 3.55, 3.06, 2.45, 2.99, 3.05, 2.11, 1.79, 1.84, 1.66, 1.58, 2.36, 2.77, 2.53, 2.25, 1.79, 2.22, 2.46, 1.72, 1.49, 2.62, 2.46, 1.86, 1.42, 1.62, 2.02, 2.15, 2.2, 2.44, 2.09, 2.03, 2.18, 1.48, 1.9, 2.55, 2.95, 2.44, 2.29, 1.96, 1.94, 2.46], [2.27, 2.29, 2.16, 2.17, 2.12, 1.8, 2.22, 2.24, 1.87, 0.98, 0.98, 0.94, 0.94, 0, 1.33, 1.61, 1.89, 2.77, 3.5, 4.04, 4.9, 4.72, 4.61, 4.4, 4.41, 5.34, 5.72, 5.89, 6.12, 5.53, 5.99, 6.26, 6.12, 5.86, 5.46, 5.25, 5.76, 5.3, 4.78, 4.91, 4.61, 4.1, 4.28, 4.12, 3.48, 3.13, 3.25, 2.78, 2.39, 2.67, 2.69, 2.25, 2.15, 2.16, 1.82, 1.66, 2.06, 2.51, 2.25, 1.99, 1.99, 2.58, 2.78, 1.96, 1.93, 3.08, 2.9, 2.16, 1.7, 1.92, 2.36, 2.59, 2.64, 2.78, 2.45, 2.33, 2.6, 1.86, 1.68, 2.31, 2.67, 2.42, 2.43, 2.2, 1.76, 2.38], [2.54, 2.64, 2.89, 3.16, 3.17, 2.77, 2.77, 2.97, 2.62, 1.71, 0.97, 1.33, 1.75, 1.33, 0, 0.7, 1.3, 2.04, 2.73, 3.27, 4.13, 3.95, 3.8, 3.69, 3.58, 4.51, 4.97, 4.98, 5.21, 4.68, 5.14, 5.37, 5.21, 4.97, 4.63, 4.38, 4.87, 4.43, 3.91, 3.98, 3.7, 3.19, 3.41, 3.23, 2.73, 2.24, 2.48, 2.21, 2.2, 2.1, 2.04, 1.94, 1.98, 2.01, 1.75, 1.65, 1.55, 1.86, 1.62, 1.66, 2.12, 2.67, 2.85, 2.13, 2.38, 3.47, 3.13, 2.47, 2.15, 2.23, 2.73, 2.82, 2.95, 2.97, 2.58, 2.76, 3.07, 2.55, 1.63, 1.8, 1.96, 1.87, 2.22, 2.03, 1.75, 2.31], [2.56, 2.72, 3.19, 3.5, 3.49, 3.05, 2.95, 3.07, 2.74, 2.01, 1.21, 1.63, 2.09, 1.61, 0.7, 0, 0.86, 1.56, 2.31, 2.83, 3.69, 3.51, 3.36, 3.25, 3.18, 4.07, 4.53, 4.52, 4.75, 4.24, 4.66, 4.89, 4.73, 4.51, 4.15, 3.96, 4.41, 3.95, 3.43, 3.52, 3.24, 2.73, 2.91, 2.81, 2.47, 1.8, 1.96, 1.73, 2.06, 1.82, 1.9, 1.88, 1.94, 1.91, 1.73, 1.57, 1.21, 1.52, 1.38, 1.5, 2.18, 2.77, 2.97, 2.11, 2.32, 3.53, 3.37, 2.59, 2.41, 2.51, 3.05, 3.06, 3.07, 3.17, 2.84, 3.08, 3.49, 2.85, 1.51, 1.32, 1.52, 1.51, 1.92, 1.85, 1.67, 2.23], [2.68, 2.74, 3.43, 3.74, 3.71, 3.21, 3.25, 3.19, 2.8, 2.25, 1.47, 1.83, 2.29, 1.89, 1.3, 0.86, 0, 1.1, 2.03, 2.43, 3.31, 3.07, 2.94, 2.77, 3.0, 3.85, 4.05, 4.18, 4.41, 3.82, 4.28, 4.55, 4.41, 4.15, 3.91, 3.56, 4.05, 3.59, 3.09, 3.18, 2.98, 2.39, 2.57, 2.59, 2.41, 1.56, 1.74, 1.45, 1.9, 1.68, 1.94, 1.88, 2.06, 2.09, 1.83, 1.43, 1.03, 1.22, 1.3, 1.4, 2.4, 3.03, 3.15, 2.23, 2.38, 3.75, 3.71, 2.836, 2.81, 3.07, 3.55, 3.4, 3.27, 3.35, 3.08, 3.32, 3.91, 3.33, 1.67, 1.14, 1.2, 1.17, 1.68, 1.75, 1.69, 2.37], [3.14, 3.14, 4.05, 4.42, 4.31, 3.79, 3.79, 3.79, 3.26, 2.97, 2.19, 2.57, 3.05, 2.77, 2.04, 1.56, 1.1, 0, 1.23, 1.73, 2.55, 2.37, 2.2, 2.11, 2.38, 3.09, 3.11, 3.26, 3.49, 2.94, 3.36, 3.63, 3.49, 3.27, 3.07, 2.64, 3.13, 2.71, 2.39, 2.3, 2.2, 1.57, 1.77, 2.01, 2.01, 1.5, 1.52, 1.53, 2.12, 1.96, 1.96, 2.44, 2.66, 2.77, 2.67, 2.23, 1.39, 1.26, 1.32, 1.74, 3.36, 3.97, 4.07, 3.13, 3.22, 4.73, 4.63, 3.77, 3.71, 3.99, 4.49, 4.34, 4.11, 4.37, 4.08, 4.34, 4.77, 4.13, 2.29, 1.12, 1.32, 1.57, 2.26, 2.35, 2.45, 3.13], [3.29, 3.47, 4.6, 5.15, 4.84, 4.08, 4.08, 4.1, 3.59, 3.6, 2.94, 3.24, 3.8, 3.5, 2.73, 2.31, 2.03, 1.23, 0, 1.08, 1.68, 1.44, 1.43, 1.28, 1.43, 2.14, 2.28, 2.39, 2.62, 2.05, 2.49, 2.76, 2.62, 2.38, 2.14, 1.75, 2.26, 2.26, 2.02, 1.59, 1.41, 0.86, 1.18, 1.48, 1.64, 1.53, 1.35, 1.52, 2.39, 2.41, 2.53, 3.07, 3.27, 3.6, 3.5, 3.02, 2.14, 1.89, 2.03, 2.65, 4.29, 4.86, 4.98, 4.08, 4.11, 5.52, 5.46, 4.672, 4.509, 4.72, 5.229, 5.185, 5.12, 5.18, 4.89, 5.11, 5.64, 4.977, 3.06, 1.75, 1.71, 2.1, 2.85, 3.16, 3.3, 3.86], [3.91, 3.95, 5.12, 5.69, 5.4, 4.74, 4.62, 4.58, 4.17, 4.1, 3.48, 3.78, 4.34, 4.04, 3.27, 2.83, 2.43, 1.73, 1.08, 0, 1.06, 0.98, 0.73, 0.68, 1.09, 1.58, 1.78, 1.85, 2.12, 1.59, 2.01, 2.38, 2.24, 1.9, 1.62, 1.43, 2.18, 2.46, 2.26, 1.47, 1.41, 1.06, 1.2, 1.26, 1.72, 1.75, 1.57, 1.58, 2.41, 2.35, 2.51, 3.05, 3.53, 3.94, 3.7, 3.36, 2.4, 2.05, 2.23, 2.87, 4.57, 5.14, 5.14, 4.3, 4.39, 5.9, 5.86, 5.069, 5.003, 5.192, 5.752, 5.642, 5.42, 5.62, 5.31, 5.67, 6.18, 5.514, 3.54, 2.15, 2.27, 2.54, 3.27, 3.42, 3.58, 3.78], [4.59, 4.79, 5.98, 6.53, 6.18, 5.44, 5.4, 5.36, 4.97, 4.98, 4.34, 4.64, 5.2, 4.9, 4.13, 3.69, 3.31, 2.55, 1.68, 1.06, 0, 0.86, 0.91, 0.7, 1.01, 0.84, 1.2, 1.23, 1.42, 1.01, 1.21, 1.64, 1.54, 1.32, 1.16, 1.41, 2.26, 2.68, 2.6, 1.77, 1.51, 1.66, 1.62, 1.68, 2.22, 2.37, 2.13, 2.38, 3.27, 2.93, 3.15, 3.63, 4.37, 4.82, 4.6, 4.26, 3.26, 2.73, 2.99, 3.63, 5.47, 6.04, 6.06, 5.14, 5.19, 6.78, 6.72, 5.952, 5.894, 6.069, 6.614, 6.524, 6.269, 6.46, 6.21, 6.53, 7.04, 6.377, 4.4, 2.89, 2.87, 3.26, 3.99, 4.28, 4.42, 4.38], [4.49, 4.67, 5.8, 6.37, 6.06, 5.3, 5.24, 5.18, 4.81, 4.78, 4.16, 4.46, 5.02, 4.72, 3.95, 3.51, 3.07, 2.37, 1.44, 0.98, 0.86, 0, 0.61, 0.62, 0.99, 1.14, 1.28, 1.37, 1.76, 1.33, 1.59, 2.04, 1.84, 1.52, 1.4, 1.25, 2.4, 2.72, 2.5, 1.79, 1.53, 1.4, 1.44, 1.7, 2.22, 2.25, 2.03, 2.18, 3.01, 3.05, 3.17, 3.77, 4.15, 4.52, 4.36, 3.96, 3.08, 2.73, 2.93, 3.55, 5.21, 5.78, 5.82, 4.94, 4.99, 6.54, 6.52, 5.797, 5.723, 5.906, 6.426, 6.336, 6.14, 6.2, 5.91, 6.31, 6.9, 6.234, 4.26, 2.79, 2.73, 3.08, 3.79, 4.14, 4.2, 4.46], [4.34, 4.44, 5.69, 6.24, 5.91, 5.27, 5.13, 5.03, 4.66, 4.67, 4.03, 4.33, 4.91, 4.61, 3.8, 3.36, 2.94, 2.2, 1.43, 0.73, 0.91, 0.61, 0, 0.71, 1.04, 1.23, 1.39, 1.42, 1.75, 1.38, 1.58, 2.05, 1.89, 1.55, 1.39, 1.32, 2.31, 2.63, 2.41, 1.64, 1.48, 1.27, 1.37, 1.53, 1.99, 2.08, 1.88, 1.99, 2.84, 2.78, 2.88, 3.5, 3.92, 4.37, 4.15, 3.87, 2.93, 2.54, 2.74, 3.34, 5.04, 5.61, 5.61, 4.67, 4.76, 6.33, 6.33, 5.613, 5.556, 5.776, 6.276, 6.186, 5.97, 6.05, 5.8, 6.199, 6.73, 6.067, 4.11, 2.64, 2.62, 2.83, 3.62, 3.83, 3.97, 4.19], [4.19, 4.37, 5.48, 6.03, 5.72, 4.98, 4.94, 4.9, 4.47, 4.46, 3.9, 4.22, 4.7, 4.4, 3.69, 3.25, 2.77, 2.11, 1.28, 0.68, 0.7, 0.62, 0.71, 0, 0.81, 1.22, 1.54, 1.55, 1.84, 1.31, 1.71, 2.16, 1.94, 1.54, 1.48, 1.25, 2.42, 2.76, 2.58, 1.81, 1.49, 1.34, 1.54, 1.6, 2.08, 2.03, 1.85, 1.98, 2.87, 2.85, 2.97, 3.53, 3.97, 4.38, 4.14, 3.74, 2.82, 2.43, 2.69, 3.33, 5.03, 5.58, 5.58, 4.76, 4.83, 6.34, 6.3, 5.483, 5.406, 5.612, 6.172, 6.062, 5.88, 6.0, 5.71, 6.03, 6.58, 5.917, 3.94, 2.49, 2.57, 2.88, 3.63, 3.9, 4.02, 4.26], [4.08, 4.3, 5.49, 6.04, 5.65, 4.89, 4.77, 4.83, 4.52, 4.47, 3.83, 4.11, 4.71, 4.41, 3.58, 3.18, 3.0, 2.38, 1.43, 1.09, 1.01, 0.99, 1.04, 0.81, 0, 1.23, 1.93, 1.74, 2.05, 1.44, 1.88, 2.15, 1.97, 1.67, 1.45, 1.36, 2.63, 2.91, 2.71, 2.06, 1.6, 1.49, 1.79, 1.75, 1.97, 2.02, 1.88, 2.03, 2.8, 2.88, 2.96, 3.62, 3.82, 4.19, 4.05, 3.71, 2.89, 2.58, 2.74, 3.34, 4.86, 5.49, 5.53, 4.67, 4.7, 6.17, 6.23, 5.479, 5.37, 5.533, 6.053, 5.963, 5.89, 5.91, 5.6, 6.0, 6.53, 5.864, 3.91, 2.56, 2.76, 2.97, 3.72, 4.03, 3.89, 4.29], [4.49, 4.95, 6.42, 6.97, 6.58, 5.78, 5.62, 5.56, 5.25, 5.4, 4.76, 5.08, 5.64, 5.34, 4.51, 4.07, 3.85, 3.09, 2.14, 1.58, 0.84, 1.14, 1.23, 1.22, 1.23, 0, 0.94, 1.15, 1.44, 1.15, 1.31, 1.6, 1.26, 0.96, 0.84, 1.09, 2.16, 2.68, 2.58, 2.05, 1.93, 2.1, 2.02, 1.94, 2.64, 2.83, 2.59, 2.82, 3.67, 3.49, 3.73, 4.23, 4.89, 5.26, 5.08, 4.72, 3.72, 3.33, 3.55, 4.13, 5.89, 6.5, 6.54, 5.66, 5.77, 7.28, 7.2, 6.437, 6.357, 6.477, 6.997, 6.927, 6.7, 6.98, 6.69, 7.01, 7.48, 6.808, 4.84, 3.35, 3.29, 3.82, 4.43, 4.78, 4.94, 4.96], [4.87, 5.21, 6.8, 7.35, 6.96, 6.16, 6.06, 5.96, 5.55, 5.78, 5.18, 5.48, 6.02, 5.72, 4.97, 4.53, 4.05, 3.11, 2.28, 1.78, 1.2, 1.28, 1.39, 1.54, 1.93, 0.94, 0, 0.81, 1.12, 1.19, 1.35, 1.54, 1.44, 1.14, 1.04, 1.09, 1.86, 2.44, 2.3, 1.81, 2.13, 2.2, 1.98, 2.12, 2.9, 3.15, 2.89, 3.16, 4.01, 3.77, 4.01, 4.49, 5.23, 5.64, 5.44, 5.06, 4.06, 3.57, 3.81, 4.47, 6.29, 6.86, 6.9, 6.0, 6.05, 7.64, 7.56, 6.772, 6.714, 6.892, 7.452, 7.344, 7.086, 7.3, 7.01, 7.35, 7.88, 7.214, 5.24, 3.71, 3.41, 4.0, 4.67, 5.04, 5.28, 5.24], [5.02, 5.4, 6.97, 7.52, 7.13, 6.35, 6.13, 6.13, 5.74, 5.95, 5.29, 5.59, 6.19, 5.89, 4.98, 4.52, 4.18, 3.26, 2.39, 1.85, 1.23, 1.37, 1.42, 1.55, 1.74, 1.15, 0.81, 0, 0.71, 0.88, 0.92, 1.15, 1.17, 0.99, 1.03, 1.18, 1.65, 2.17, 2.01, 1.46, 1.66, 1.95, 1.67, 2.13, 2.71, 2.98, 2.72, 3.15, 3.88, 3.52, 3.72, 4.42, 5.02, 5.45, 5.29, 5.13, 4.19, 3.72, 3.94, 4.48, 6.12, 6.77, 6.67, 5.75, 5.84, 7.39, 7.49, 6.841, 6.784, 6.953, 7.433, 7.343, 7.187, 7.33, 7.02, 7.473, 8.01, 7.295, 5.39, 3.86, 3.4, 3.89, 4.48, 4.89, 5.03, 5.03], [5.27, 5.61, 7.2, 7.75, 7.36, 6.58, 6.38, 6.38, 5.97, 6.18, 5.52, 5.82, 6.42, 6.12, 5.21, 4.75, 4.41, 3.49, 2.62, 2.12, 1.42, 1.76, 1.75, 1.84, 2.05, 1.44, 1.12, 0.71, 0, 1.05, 1.11, 1.16, 1.28, 1.12, 1.34, 1.33, 1.5, 2.04, 2.0, 1.61, 1.79, 2.08, 1.92, 2.24, 2.88, 3.21, 2.95, 3.38, 4.11, 3.59, 3.67, 4.57, 5.23, 5.58, 5.48, 5.36, 4.42, 3.91, 4.15, 4.71, 6.27, 6.98, 6.76, 5.82, 5.91, 7.52, 7.7, 7.065, 7.008, 7.188, 7.657, 7.567, 7.399, 7.553, 7.243, 7.703, 8.233, 7.519, 5.62, 4.09, 3.59, 4.08, 4.67, 5.06, 5.16, 5.18], [4.88, 5.1, 6.61, 7.16, 6.77, 5.99, 5.87, 5.77, 5.38, 5.59, 4.95, 5.25, 5.83, 5.53, 4.68, 4.24, 3.82, 2.94, 2.05, 1.59, 1.01, 1.33, 1.38, 1.31, 1.44, 1.15, 1.19, 0.88, 1.05, 0, 0.82, 1.01, 1.07, 0.95, 1.15, 1.24, 1.69, 2.29, 2.13, 1.42, 1.44, 1.75, 1.47, 1.83, 2.55, 2.76, 2.52, 2.87, 3.64, 3.36, 3.6, 4.18, 4.82, 5.25, 5.03, 4.79, 3.83, 3.36, 3.6, 4.22, 5.92, 6.47, 6.49, 5.57, 5.66, 7.21, 7.23, 6.564, 6.507, 6.667, 7.17, 7.08, 6.861, 6.99, 6.7, 7.12, 7.69, 7.018, 5.05, 3.52, 3.14, 3.61, 4.24, 4.67, 4.85, 4.85], [5.26, 5.6, 7.07, 7.62, 7.27, 6.49, 6.35, 6.35, 5.92, 6.07, 5.39, 5.69, 6.29, 5.99, 5.14, 4.66, 4.28, 3.36, 2.49, 2.01, 1.21, 1.59, 1.58, 1.71, 1.88, 1.31, 1.35, 0.92, 1.11, 0.82, 0, 0.77, 0.83, 0.93, 1.29, 1.68, 1.93, 2.45, 2.27, 1.66, 1.84, 2.19, 1.83, 2.43, 2.79, 3.18, 2.9, 3.25, 4.1, 3.62, 3.86, 4.38, 5.24, 5.71, 5.53, 5.25, 4.29, 3.8, 4.04, 4.64, 6.38, 6.97, 6.85, 5.91, 5.9, 7.57, 7.59, 6.87, 6.813, 7.013, 7.519, 7.463, 7.307, 7.47, 7.18, 7.58, 8.11, 7.404, 5.49, 3.96, 3.62, 4.09, 4.72, 4.99, 5.23, 5.15], [5.43, 5.85, 7.34, 7.89, 7.54, 6.76, 6.58, 6.62, 6.19, 6.34, 5.66, 5.96, 6.56, 6.26, 5.37, 4.89, 4.55, 3.63, 2.76, 2.38, 1.64, 2.04, 2.05, 2.16, 2.15, 1.6, 1.54, 1.15, 1.16, 1.01, 0.77, 0, 0.78, 1.02, 1.52, 1.75, 2.04, 2.62, 2.3, 1.77, 1.91, 2.38, 2.14, 2.5, 3.1, 3.29, 3.13, 3.5, 4.27, 3.93, 4.05, 4.71, 5.45, 5.82, 5.72, 5.5, 4.56, 4.11, 4.31, 4.89, 6.45, 7.18, 6.98, 6.06, 6.17, 7.74, 7.84, 7.154, 7.077, 7.237, 7.757, 7.687, 7.551, 7.7, 7.41, 7.843, 8.38, 7.668, 5.76, 4.23, 3.85, 4.3, 4.91, 5.32, 5.38, 5.34], [5.23, 5.57, 7.16, 7.71, 7.32, 6.52, 6.32, 6.36, 5.91, 6.14, 5.48, 5.78, 6.4, 6.12, 5.21, 4.73, 4.41, 3.49, 2.62, 2.24, 1.54, 1.84, 1.89, 1.94, 1.97, 1.26, 1.44, 1.17, 1.28, 1.07, 0.83, 0.78, 0, 0.78, 1.24, 1.43, 2.04, 2.64, 2.36, 1.83, 1.97, 2.3, 2.1, 2.66, 3.1, 3.31, 3.07, 3.4, 4.27, 4.07, 4.25, 4.69, 5.39, 5.78, 5.64, 5.36, 4.38, 3.99, 4.21, 4.71, 6.43, 7.06, 6.94, 6.08, 6.21, 7.7, 7.62, 6.988, 6.94, 7.1, 7.6, 7.544, 7.4, 7.6, 7.31, 7.67, 8.179, 7.482, 5.576, 4.05, 3.59, 4.2, 4.87, 5.18, 5.38, 5.4], [4.93, 5.33, 6.94, 7.49, 7.1, 6.3, 6.1, 6.1, 5.71, 5.92, 5.26, 5.56, 6.16, 5.86, 4.97, 4.51, 4.15, 3.27, 2.38, 1.9, 1.32, 1.52, 1.55, 1.54, 1.67, 0.96, 1.14, 0.99, 1.12, 0.95, 0.93, 1.02, 0.78, 0, 0.98, 1.13, 1.94, 2.52, 2.2, 1.83, 1.81, 2.1, 1.98, 2.46, 2.98, 3.09, 2.87, 3.18, 3.97, 3.91, 4.07, 4.65, 5.17, 5.58, 5.4, 5.14, 4.16, 3.73, 3.95, 4.53, 6.23, 6.82, 6.84, 5.92, 6.03, 7.56, 7.56, 6.834, 6.777, 6.937, 7.452, 7.362, 7.18, 7.36, 7.07, 7.47, 7.98, 7.288, 5.36, 3.83, 3.43, 3.94, 4.61, 5.02, 5.2, 5.36], [4.55, 4.99, 6.54, 7.09, 6.7, 5.9, 5.68, 5.7, 5.29, 5.52, 4.88, 5.18, 5.76, 5.46, 4.63, 4.15, 3.91, 3.07, 2.14, 1.62, 1.16, 1.4, 1.39, 1.48, 1.45, 0.84, 1.04, 1.03, 1.34, 1.15, 1.29, 1.52, 1.24, 0.98, 0, 1.09, 1.9, 2.42, 2.28, 1.87, 1.83, 1.98, 1.86, 2.16, 2.64, 2.75, 2.55, 2.82, 3.75, 3.61, 3.79, 4.23, 4.87, 5.32, 5.18, 4.84, 3.82, 3.35, 3.59, 4.17, 5.97, 6.58, 6.52, 5.6, 5.65, 7.22, 7.16, 6.409, 6.317, 6.449, 6.994, 6.947, 6.8, 7.04, 6.79, 7.11, 7.58, 6.871, 4.96, 3.45, 3.23, 3.78, 4.37, 4.68, 4.88, 5.02], [4.32, 4.68, 6.33, 6.88, 6.49, 5.69, 5.53, 5.47, 5.08, 5.31, 4.65, 4.95, 5.55, 5.25, 4.38, 3.96, 3.56, 2.64, 1.75, 1.43, 1.41, 1.25, 1.32, 1.25, 1.36, 1.09, 1.09, 1.18, 1.33, 1.24, 1.68, 1.75, 1.43, 1.13, 1.09, 0, 1.57, 2.03, 1.91, 1.56, 1.88, 1.69, 1.75, 2.09, 2.61, 2.68, 2.44, 2.69, 3.58, 3.6, 3.72, 4.3, 4.7, 5.07, 4.89, 4.53, 3.59, 3.26, 3.42, 4.02, 5.68, 6.29, 6.35, 5.47, 5.6, 7.07, 7.01, 6.287, 6.224, 6.376, 6.859, 6.774, 6.61, 6.79, 6.5, 6.84, 7.39, 6.715, 4.75, 3.24, 2.92, 3.47, 4.16, 4.53, 4.75, 5.01], [4.79, 5.21, 6.84, 7.39, 7.0, 6.2, 5.96, 5.98, 5.59, 5.82, 5.16, 5.46, 6.06, 5.76, 4.87, 4.41, 4.05, 3.13, 2.26, 2.18, 2.26, 2.4, 2.31, 2.42, 2.63, 2.16, 1.86, 1.65, 1.5, 1.69, 1.93, 2.04, 2.04, 1.94, 1.9, 1.57, 0, 1.06, 1.28, 1.21, 1.75, 1.9, 1.7, 2.18, 2.6, 2.91, 2.67, 3.04, 3.87, 3.39, 3.55, 4.17, 4.97, 5.4, 5.26, 5.02, 4.06, 3.55, 3.79, 4.35, 6.05, 6.7, 6.6, 5.68, 5.75, 7.32, 7.3, 6.665, 6.608, 6.786, 7.266, 7.176, 7.06, 7.22, 6.95, 7.35, 7.868, 7.159, 5.26, 3.73, 3.23, 3.82, 4.43, 4.7, 4.98, 4.9], [4.45, 4.79, 6.38, 6.93, 6.54, 5.76, 5.56, 5.54, 5.15, 5.36, 4.7, 5.0, 5.6, 5.3, 4.43, 3.95, 3.59, 2.71, 2.26, 2.46, 2.68, 2.72, 2.63, 2.76, 2.91, 2.68, 2.44, 2.17, 2.04, 2.29, 2.45, 2.62, 2.64, 2.52, 2.42, 2.03, 1.06, 0, 1.04, 1.39, 2.01, 1.82, 1.66, 2.28, 2.18, 2.53, 2.27, 2.76, 3.39, 2.91, 3.05, 3.71, 4.47, 4.94, 4.76, 4.54, 3.6, 3.09, 3.35, 3.93, 5.63, 6.24, 6.06, 5.14, 5.13, 6.8, 6.86, 6.177, 6.1, 6.223, 6.803, 6.753, 6.597, 6.73, 6.45, 6.86, 7.42, 6.711, 4.8, 3.27, 2.83, 3.32, 3.95, 4.28, 4.46, 4.38], [3.97, 4.33, 5.86, 6.41, 6.04, 5.26, 5.08, 5.1, 4.69, 4.86, 4.18, 4.48, 5.08, 4.78, 3.91, 3.43, 3.09, 2.39, 2.02, 2.26, 2.6, 2.5, 2.41, 2.58, 2.71, 2.58, 2.3, 2.01, 2.0, 2.13, 2.27, 2.3, 2.36, 2.2, 2.28, 1.91, 1.28, 1.04, 0, 1.15, 1.63, 1.56, 1.3, 2.24, 2.2, 2.23, 2.01, 2.52, 2.93, 2.59, 2.75, 3.29, 3.91, 4.34, 4.18, 4.02, 3.08, 2.77, 2.95, 3.59, 5.03, 5.68, 5.48, 4.58, 4.59, 6.24, 6.34, 5.657, 5.58, 5.72, 6.28, 6.23, 6.074, 6.213, 5.91, 6.343, 6.9, 6.191, 4.28, 2.77, 2.31, 2.78, 3.39, 3.8, 3.88, 3.98], [4.28, 4.56, 5.99, 6.52, 6.21, 5.47, 5.23, 5.29, 4.86, 4.95, 4.29, 4.59, 5.19, 4.91, 3.98, 3.52, 3.18, 2.3, 1.59, 1.47, 1.77, 1.79, 1.64, 1.81, 2.06, 2.05, 1.81, 1.46, 1.61, 1.42, 1.66, 1.77, 1.83, 1.83, 1.87, 1.56, 1.21, 1.39, 1.15, 0, 1.02, 1.07, 0.93, 1.53, 1.85, 2.06, 1.86, 2.21, 2.94, 2.62, 2.72, 3.4, 4.04, 4.43, 4.31, 4.13, 3.19, 2.76, 2.94, 3.48, 5.12, 5.77, 5.59, 4.69, 4.8, 6.33, 6.39, 5.758, 5.741, 5.93, 6.381, 6.311, 6.158, 6.33, 6.04, 6.462, 6.992, 6.292, 4.389, 2.86, 2.42, 2.87, 3.54, 3.85, 3.99, 4.01], [4.26, 4.48, 5.71, 6.24, 5.93, 5.17, 4.97, 5.09, 4.64, 4.67, 4.01, 4.31, 4.91, 4.61, 3.7, 3.24, 2.98, 2.2, 1.41, 1.41, 1.51, 1.53, 1.48, 1.49, 1.6, 1.93, 2.13, 1.66, 1.79, 1.44, 1.84, 1.91, 1.97, 1.81, 1.83, 1.88, 1.75, 2.01, 1.63, 1.02, 0, 0.91, 1.01, 1.43, 1.77, 1.82, 1.62, 1.99, 2.64, 2.38, 2.4, 3.18, 3.76, 4.03, 4.03, 3.85, 2.91, 2.48, 2.66, 3.2, 4.76, 5.49, 5.17, 4.41, 4.56, 6.01, 6.15, 5.486, 5.449, 5.649, 6.089, 5.996, 5.881, 6.05, 5.74, 6.185, 6.715, 5.998, 4.11, 2.58, 2.28, 2.71, 3.3, 3.61, 3.67, 3.79], [3.65, 3.85, 5.18, 5.73, 5.4, 4.68, 4.46, 4.52, 4.11, 4.18, 3.5, 3.8, 4.4, 4.1, 3.19, 2.73, 2.39, 1.57, 0.86, 1.06, 1.66, 1.4, 1.27, 1.34, 1.49, 2.1, 2.2, 1.95, 2.08, 1.75, 2.19, 2.38, 2.3, 2.1, 1.98, 1.69, 1.9, 1.82, 1.56, 1.07, 0.91, 0, 0.82, 1.34, 1.38, 1.43, 1.23, 1.54, 2.23, 2.13, 2.17, 3.03, 3.23, 3.56, 3.46, 3.34, 2.42, 2.07, 2.25, 2.77, 4.29, 4.96, 4.74, 3.92, 4.07, 5.5, 5.64, 5.005, 4.968, 5.148, 5.608, 5.498, 5.44, 5.56, 5.23, 5.678, 6.208, 5.499, 3.62, 2.11, 1.87, 2.08, 2.87, 3.14, 3.18, 3.6], [3.79, 3.97, 5.34, 5.89, 5.58, 4.86, 4.64, 4.62, 4.25, 4.3, 3.64, 3.94, 4.56, 4.28, 3.41, 2.91, 2.57, 1.77, 1.18, 1.2, 1.62, 1.44, 1.37, 1.54, 1.79, 2.02, 1.98, 1.67, 1.92, 1.47, 1.83, 2.14, 2.1, 1.98, 1.86, 1.75, 1.7, 1.66, 1.3, 0.93, 1.01, 0.82, 0, 1.3, 1.56, 1.63, 1.45, 1.7, 2.37, 2.15, 2.31, 2.87, 3.45, 3.92, 3.74, 3.48, 2.54, 2.15, 2.31, 2.89, 4.59, 5.2, 5.14, 4.22, 4.27, 5.86, 5.88, 5.2, 5.18, 5.36, 5.88, 5.773, 5.557, 5.68, 5.39, 5.821, 6.36, 5.654, 3.74, 2.25, 1.99, 2.34, 3.09, 3.34, 3.5, 3.58], [3.69, 3.85, 5.14, 5.67, 5.34, 4.58, 4.4, 4.42, 4.01, 4.1, 3.44, 3.76, 4.4, 4.12, 3.23, 2.81, 2.59, 2.01, 1.48, 1.26, 1.68, 1.7, 1.53, 1.6, 1.75, 1.94, 2.12, 2.13, 2.24, 1.83, 2.43, 2.5, 2.66, 2.46, 2.16, 2.09, 2.18, 2.28, 2.24, 1.53, 1.43, 1.34, 1.3, 0, 1.24, 1.35, 1.35, 1.58, 2.17, 1.91, 2.09, 2.77, 3.33, 3.62, 3.48, 3.28, 2.36, 1.99, 2.13, 2.71, 4.31, 4.96, 4.94, 4.02, 4.13, 5.66, 5.74, 5.08, 5.04, 5.2, 5.7, 5.61, 5.351, 5.52, 5.19, 5.629, 6.16, 5.488, 3.56, 2.15, 2.09, 2.3, 2.87, 3.22, 3.32, 3.36], [3.47, 3.81, 4.56, 5.01, 4.66, 3.9, 3.96, 4.2, 3.85, 3.56, 2.88, 3.14, 3.74, 3.48, 2.73, 2.47, 2.41, 2.01, 1.64, 1.72, 2.22, 2.22, 1.99, 2.08, 1.97, 2.64, 2.9, 2.71, 2.88, 2.55, 2.79, 3.1, 3.1, 2.98, 2.64, 2.61, 2.6, 2.18, 2.2, 1.85, 1.77, 1.38, 1.56, 1.24, 0, 1.11, 1.07, 1.32, 1.63, 1.49, 1.43, 1.99, 2.57, 3.0, 2.8, 2.6, 1.9, 1.47, 1.57, 2.03, 3.67, 4.32, 4.16, 3.22, 3.21, 4.86, 4.92, 4.3, 4.22, 4.42, 4.92, 4.87, 4.677, 4.799, 4.51, 4.929, 5.48, 4.771, 2.92, 1.87, 1.95, 2.14, 2.65, 2.72, 2.56, 2.68], [3.16, 3.34, 4.23, 4.68, 4.41, 3.79, 3.65, 3.87, 3.42, 3.19, 2.39, 2.71, 3.35, 3.13, 2.24, 1.8, 1.56, 1.5, 1.53, 1.75, 2.37, 2.25, 2.08, 2.03, 2.02, 2.83, 3.15, 2.98, 3.21, 2.76, 3.18, 3.29, 3.31, 3.09, 2.75, 2.68, 2.91, 2.53, 2.23, 2.06, 1.82, 1.43, 1.63, 1.35, 1.11, 0, 0.74, 0.87, 1.4, 1.24, 1.46, 1.9, 2.22, 2.59, 2.45, 2.23, 1.39, 1.1, 1.32, 1.78, 3.24, 3.91, 3.81, 2.89, 2.98, 4.51, 4.59, 3.93, 3.93, 4.15, 4.59, 4.48, 4.33, 4.43, 4.14, 4.58, 5.11, 4.398, 2.49, 1.22, 1.18, 1.39, 1.86, 2.21, 2.21, 2.53], [3.16, 3.42, 4.37, 4.88, 4.55, 3.85, 3.77, 3.99, 3.52, 3.37, 2.63, 2.93, 3.55, 3.25, 2.48, 1.96, 1.74, 1.52, 1.35, 1.57, 2.13, 2.03, 1.88, 1.85, 1.88, 2.59, 2.89, 2.72, 2.95, 2.52, 2.9, 3.13, 3.07, 2.87, 2.55, 2.44, 2.67, 2.27, 2.01, 1.86, 1.62, 1.23, 1.45, 1.35, 1.07, 0.74, 0, 0.87, 1.48, 1.34, 1.54, 2.06, 2.4, 2.85, 2.67, 2.47, 1.65, 1.26, 1.52, 1.98, 3.52, 4.15, 4.03, 3.13, 3.22, 4.75, 4.81, 4.127, 4.11, 4.33, 4.81, 4.683, 4.547, 4.67, 4.36, 4.805, 5.35, 4.641, 2.73, 1.28, 1.22, 1.57, 2.12, 2.43, 2.41, 2.65], [2.99, 3.17, 3.9, 4.41, 4.18, 3.58, 3.44, 3.62, 3.29, 2.9, 2.28, 2.5, 3.06, 2.78, 2.21, 1.73, 1.45, 1.53, 1.52, 1.58, 2.38, 2.18, 1.99, 1.98, 2.03, 2.82, 3.16, 3.15, 3.38, 2.87, 3.25, 3.5, 3.4, 3.18, 2.82, 2.69, 3.04, 2.76, 2.52, 2.21, 1.99, 1.54, 1.7, 1.58, 1.32, 0.87, 0.87, 0, 1.11, 1.17, 1.61, 1.83, 2.17, 2.54, 2.36, 2.02, 1.48, 1.11, 1.37, 1.75, 3.17, 3.78, 3.76, 2.9, 2.95, 4.5, 4.44, 3.714, 3.66, 3.9, 4.38, 4.236, 4.1, 4.26, 3.99, 4.35, 4.88, 4.18, 2.32, 1.35, 1.37, 1.54, 2.23, 2.24, 2.16, 2.42], [2.92, 3.06, 3.33, 3.68, 3.57, 2.97, 3.09, 3.29, 2.84, 2.37, 2.17, 2.09, 2.45, 2.39, 2.2, 2.06, 1.9, 2.12, 2.39, 2.41, 3.27, 3.01, 2.84, 2.87, 2.8, 3.67, 4.01, 3.88, 4.11, 3.64, 4.1, 4.27, 4.27, 3.97, 3.75, 3.58, 3.87, 3.39, 2.93, 2.94, 2.64, 2.23, 2.37, 2.17, 1.63, 1.4, 1.48, 1.11, 0, 1.02, 1.42, 1.54, 1.52, 1.87, 1.59, 1.73, 1.65, 1.44, 1.48, 1.58, 2.44, 2.95, 2.91, 2.13, 2.24, 3.63, 3.71, 3.067, 3.01, 3.21, 3.69, 3.56, 3.39, 3.51, 3.22, 3.64, 4.15, 3.55, 2.25, 1.76, 1.92, 1.79, 1.98, 1.71, 1.47, 1.79], [3.22, 3.46, 3.85, 4.3, 4.15, 3.61, 3.49, 3.79, 3.36, 2.77, 2.15, 2.39, 2.99, 2.67, 2.1, 1.82, 1.68, 1.96, 2.41, 2.35, 2.93, 3.05, 2.78, 2.85, 2.88, 3.49, 3.77, 3.52, 3.59, 3.36, 3.62, 3.93, 4.07, 3.91, 3.61, 3.6, 3.39, 2.91, 2.59, 2.62, 2.38, 2.13, 2.15, 1.91, 1.49, 1.24, 1.34, 1.17, 1.02, 0, 0.92, 1.24, 1.74, 2.17, 1.97, 1.93, 1.45, 1.22, 1.26, 1.5, 2.84, 3.47, 3.31, 2.37, 2.38, 4.03, 4.17, 3.504, 3.467, 3.667, 4.13, 4.02, 3.881, 4.018, 3.708, 4.168, 4.71, 4.01, 2.29, 1.68, 1.64, 1.71, 2.04, 1.87, 1.69, 1.73], [3.76, 3.96, 4.13, 4.44, 4.31, 3.87, 4.01, 4.29, 3.94, 3.09, 2.25, 2.57, 3.05, 2.69, 2.04, 1.9, 1.94, 1.96, 2.53, 2.51, 3.15, 3.17, 2.88, 2.97, 2.96, 3.73, 4.01, 3.72, 3.67, 3.6, 3.86, 4.05, 4.25, 4.07, 3.79, 3.72, 3.55, 3.05, 2.75, 2.72, 2.4, 2.17, 2.31, 2.09, 1.43, 1.46, 1.54, 1.61, 1.42, 0.92, 0, 1.2, 1.8, 2.01, 1.99, 1.99, 1.63, 1.38, 1.22, 1.36, 2.74, 3.49, 3.11, 2.29, 2.42, 3.95, 4.15, 3.575, 3.478, 3.678, 4.118, 4.048, 3.901, 4.055, 3.745, 4.205, 4.735, 4.05, 2.25, 1.82, 1.94, 2.13, 2.44, 2.31, 1.67, 1.79], [3.5, 3.7, 3.51, 3.66, 3.63, 3.21, 3.55, 3.83, 3.46, 2.55, 1.83, 1.85, 2.11, 2.25, 1.94, 1.88, 1.88, 2.44, 3.07, 3.05, 3.63, 3.77, 3.5, 3.53, 3.62, 4.23, 4.49, 4.42, 4.57, 4.18, 4.38, 4.71, 4.69, 4.65, 4.23, 4.3, 4.17, 3.71, 3.29, 3.4, 3.18, 3.03, 2.87, 2.77, 1.99, 1.9, 2.06, 1.83, 1.54, 1.24, 1.2, 0, 1.16, 1.45, 1.49, 1.53, 1.63, 1.64, 1.44, 1.34, 2.1, 2.69, 2.57, 1.79, 1.72, 3.31, 3.27, 2.71, 2.59, 2.81, 3.31, 3.22, 2.99, 3.19, 2.9, 3.28, 3.81, 3.11, 1.85, 1.9, 1.82, 1.93, 2.22, 1.75, 1.45, 1.15], [3.48, 3.58, 3.21, 3.26, 3.27, 2.95, 3.33, 3.65, 3.26, 2.39, 1.93, 1.71, 1.79, 2.15, 1.98, 1.94, 2.06, 2.66, 3.27, 3.53, 4.37, 4.15, 3.92, 3.97, 3.82, 4.89, 5.23, 5.02, 5.23, 4.82, 5.24, 5.45, 5.39, 5.17, 4.87, 4.7, 4.97, 4.47, 3.91, 4.04, 3.76, 3.23, 3.45, 3.33, 2.57, 2.22, 2.4, 2.17, 1.52, 1.74, 1.8, 1.16, 0, 0.79, 0.87, 1.37, 1.87, 2.02, 1.7, 1.48, 1.56, 1.83, 1.93, 1.51, 1.48, 2.49, 2.49, 2.19, 2.03, 2.25, 2.63, 2.48, 2.37, 2.37, 2.12, 2.56, 3.09, 2.41, 1.61, 2.02, 2.1, 1.89, 2.06, 1.71, 1.13, 1.17], [3.41, 3.57, 3.3, 3.27, 3.32, 2.92, 3.36, 3.62, 3.27, 2.36, 1.84, 1.76, 1.84, 2.16, 2.01, 1.91, 2.09, 2.77, 3.6, 3.94, 4.82, 4.52, 4.37, 4.38, 4.19, 5.26, 5.64, 5.45, 5.58, 5.25, 5.71, 5.82, 5.78, 5.58, 5.32, 5.07, 5.4, 4.94, 4.34, 4.43, 4.03, 3.56, 3.92, 3.62, 3.0, 2.59, 2.85, 2.54, 1.87, 2.17, 2.01, 1.45, 0.79, 0, 0.8, 1.18, 1.94, 2.23, 1.97, 1.53, 1.13, 1.64, 1.66, 1.26, 1.45, 2.2, 2.34, 2.08, 2.02, 2.12, 2.54, 2.41, 2.14, 2.16, 1.85, 2.25, 2.8, 2.14, 1.6, 2.19, 2.31, 1.96, 1.97, 1.66, 1.1, 1.4], [3.07, 3.17, 3.0, 3.01, 3.04, 2.6, 3.02, 3.26, 2.89, 1.96, 1.6, 1.5, 1.66, 1.82, 1.75, 1.73, 1.83, 2.67, 3.5, 3.7, 4.6, 4.36, 4.15, 4.14, 4.05, 5.08, 5.44, 5.29, 5.48, 5.03, 5.53, 5.72, 5.64, 5.4, 5.18, 4.89, 5.26, 4.76, 4.18, 4.31, 4.03, 3.46, 3.74, 3.48, 2.8, 2.45, 2.67, 2.36, 1.59, 1.97, 1.99, 1.49, 0.87, 0.8, 0, 0.82, 1.64, 2.07, 1.81, 1.45, 1.15, 1.62, 1.68, 1.22, 1.41, 2.32, 2.36, 1.96, 1.9, 2.04, 2.46, 2.33, 2.02, 2.12, 1.85, 2.23, 2.76, 2.12, 1.52, 2.15, 2.21, 1.7, 1.63, 1.42, 1.2, 1.48], [2.59, 2.73, 2.68, 2.91, 2.86, 2.42, 2.78, 2.9, 2.55, 1.64, 1.18, 1.32, 1.58, 1.66, 1.65, 1.57, 1.43, 2.23, 3.02, 3.36, 4.26, 3.96, 3.87, 3.74, 3.71, 4.72, 5.06, 5.13, 5.36, 4.79, 5.25, 5.5, 5.36, 5.14, 4.84, 4.53, 5.02, 4.54, 4.02, 4.13, 3.85, 3.34, 3.48, 3.28, 2.6, 2.23, 2.47, 2.02, 1.73, 1.93, 1.99, 1.53, 1.37, 1.18, 0.82, 0, 1.2, 1.71, 1.55, 1.37, 1.51, 2.1, 2.24, 1.52, 1.61, 2.8, 2.78, 2.08, 2.18, 2.36, 2.8, 2.63, 2.3, 2.38, 2.11, 2.37, 2.96, 2.32, 1.3, 1.65, 1.93, 1.36, 1.53, 1.4, 1.48, 1.92], [2.83, 2.99, 3.42, 3.69, 3.64, 3.1, 3.2, 3.32, 2.87, 2.2, 1.5, 1.86, 2.36, 2.06, 1.55, 1.21, 1.03, 1.39, 2.14, 2.4, 3.26, 3.08, 2.93, 2.82, 2.89, 3.72, 4.06, 4.19, 4.42, 3.83, 4.29, 4.56, 4.38, 4.16, 3.82, 3.59, 4.06, 3.6, 3.08, 3.19, 2.91, 2.42, 2.54, 2.36, 1.9, 1.39, 1.65, 1.48, 1.65, 1.45, 1.63, 1.63, 1.87, 1.94, 1.64, 1.2, 0, 0.83, 0.95, 1.23, 2.39, 3.04, 3.16, 2.28, 2.43, 3.78, 3.7, 2.96, 2.98, 3.26, 3.72, 3.57, 3.18, 3.32, 3.11, 3.31, 3.9, 3.26, 1.46, 0.95, 1.33, 1.32, 1.79, 1.7, 1.8, 2.28], [3.14, 3.32, 3.77, 4.06, 4.01, 3.47, 3.51, 3.65, 3.22, 2.61, 1.95, 2.31, 2.77, 2.51, 1.86, 1.52, 1.22, 1.26, 1.89, 2.05, 2.73, 2.73, 2.54, 2.43, 2.58, 3.33, 3.57, 3.72, 3.91, 3.36, 3.8, 4.11, 3.99, 3.73, 3.35, 3.26, 3.55, 3.09, 2.77, 2.76, 2.48, 2.07, 2.15, 1.99, 1.47, 1.1, 1.26, 1.11, 1.44, 1.22, 1.38, 1.64, 2.02, 2.23, 2.07, 1.71, 0.83, 0, 0.6, 1.16, 2.92, 3.47, 3.61, 2.67, 2.76, 4.19, 4.17, 3.45, 3.47, 3.75, 4.23, 4.08, 3.67, 3.79, 3.6, 3.86, 4.39, 3.73, 1.81, 1.02, 1.38, 1.59, 2.14, 2.01, 2.03, 2.31], [3.26, 3.42, 3.63, 3.9, 3.91, 3.51, 3.51, 3.67, 3.32, 2.43, 1.67, 2.01, 2.53, 2.25, 1.62, 1.38, 1.3, 1.32, 2.03, 2.23, 2.99, 2.93, 2.74, 2.69, 2.74, 3.55, 3.81, 3.94, 4.15, 3.6, 4.04, 4.31, 4.21, 3.95, 3.59, 3.42, 3.79, 3.35, 2.95, 2.94, 2.66, 2.25, 2.31, 2.13, 1.57, 1.32, 1.52, 1.37, 1.48, 1.26, 1.22, 1.44, 1.7, 1.97, 1.81, 1.55, 0.95, 0.6, 0, 0.86, 2.54, 3.11, 3.25, 2.29, 2.46, 3.85, 3.79, 3.07, 3.11, 3.39, 3.89, 3.68, 3.31, 3.53, 3.3, 3.6, 4.11, 3.45, 1.69, 1.12, 1.46, 1.67, 2.06, 1.91, 1.75, 2.03], [3.38, 3.58, 3.47, 3.68, 3.69, 3.29, 3.49, 3.77, 3.4, 2.43, 1.65, 1.81, 2.25, 1.99, 1.66, 1.5, 1.4, 1.74, 2.65, 2.87, 3.63, 3.55, 3.34, 3.33, 3.34, 4.13, 4.47, 4.48, 4.71, 4.22, 4.64, 4.89, 4.71, 4.53, 4.17, 4.02, 4.35, 3.93, 3.59, 3.48, 3.2, 2.77, 2.89, 2.71, 2.03, 1.78, 1.98, 1.75, 1.58, 1.5, 1.36, 1.34, 1.48, 1.53, 1.45, 1.37, 1.23, 1.16, 0.86, 0, 1.86, 2.49, 2.61, 1.71, 1.98, 3.21, 3.15, 2.49, 2.53, 2.77, 3.21, 3.06, 2.73, 2.99, 2.7, 3.04, 3.53, 2.95, 1.51, 1.48, 1.82, 1.83, 2.0, 1.71, 1.31, 1.61], [3.38, 3.48, 3.17, 3.1, 3.15, 2.85, 3.37, 3.57, 3.16, 2.21, 2.11, 1.85, 1.79, 1.99, 2.12, 2.18, 2.4, 3.36, 4.29, 4.57, 5.47, 5.21, 5.04, 5.03, 4.86, 5.89, 6.29, 6.12, 6.27, 5.92, 6.38, 6.45, 6.43, 6.23, 5.97, 5.68, 6.05, 5.63, 5.03, 5.12, 4.76, 4.29, 4.59, 4.31, 3.67, 3.24, 3.52, 3.17, 2.44, 2.84, 2.74, 2.1, 1.56, 1.13, 1.15, 1.51, 2.39, 2.92, 2.54, 1.86, 0, 1.05, 1.09, 0.97, 1.34, 1.79, 1.63, 1.49, 1.43, 1.55, 1.93, 1.66, 1.39, 1.55, 1.18, 1.56, 2.05, 1.59, 2.01, 2.74, 2.92, 2.39, 2.0, 1.75, 1.37, 1.63], [3.69, 3.73, 2.96, 2.95, 3.0, 3.04, 3.68, 3.78, 3.39, 2.72, 2.74, 2.38, 2.22, 2.58, 2.67, 2.77, 3.03, 3.97, 4.86, 5.14, 6.04, 5.78, 5.61, 5.58, 5.49, 6.5, 6.86, 6.77, 6.98, 6.47, 6.97, 7.18, 7.06, 6.82, 6.58, 6.29, 6.7, 6.24, 5.68, 5.77, 5.49, 4.96, 5.2, 4.96, 4.32, 3.91, 4.15, 3.78, 2.95, 3.47, 3.49, 2.69, 1.83, 1.64, 1.62, 2.1, 3.04, 3.47, 3.11, 2.49, 1.05, 0, 1.12, 1.5, 1.71, 1.32, 1.22, 1.2, 1.42, 1.54, 1.84, 1.45, 1.1, 1.32, 1.21, 1.61, 1.88, 1.68, 2.52, 3.37, 3.55, 2.96, 2.45, 2.12, 1.98, 2.02], [3.75, 3.83, 3.2, 3.17, 3.22, 3.18, 3.72, 3.88, 3.49, 2.84, 2.96, 2.6, 2.46, 2.78, 2.85, 2.97, 3.15, 4.07, 4.98, 5.14, 6.06, 5.82, 5.61, 5.58, 5.53, 6.54, 6.9, 6.67, 6.76, 6.49, 6.85, 6.98, 6.94, 6.84, 6.52, 6.35, 6.6, 6.06, 5.48, 5.59, 5.17, 4.74, 5.14, 4.94, 4.16, 3.81, 4.03, 3.76, 2.91, 3.31, 3.11, 2.57, 1.93, 1.66, 1.68, 2.24, 3.16, 3.61, 3.25, 2.61, 1.09, 1.12, 0, 1.28, 1.63, 1.56, 1.48, 1.4, 1.66, 1.8, 2.04, 1.67, 1.44, 2.02, 1.59, 2.11, 2.36, 2.18, 2.74, 3.49, 3.59, 3.0, 2.41, 2.08, 1.84, 1.94], [3.01, 3.09, 2.8, 2.77, 2.86, 2.58, 2.96, 3.16, 2.83, 1.94, 1.9, 1.6, 1.72, 1.96, 2.13, 2.11, 2.23, 3.13, 4.08, 4.3, 5.14, 4.94, 4.67, 4.76, 4.67, 5.66, 6.0, 5.75, 5.82, 5.57, 5.91, 6.06, 6.08, 5.92, 5.6, 5.47, 5.68, 5.14, 4.58, 4.69, 4.41, 3.92, 4.22, 4.02, 3.22, 2.89, 3.13, 2.9, 2.13, 2.37, 2.29, 1.79, 1.51, 1.26, 1.22, 1.52, 2.28, 2.67, 2.29, 1.71, 0.97, 1.5, 1.28, 0, 0.73, 1.72, 1.9, 1.46, 1.64, 1.92, 2.14, 1.97, 1.74, 2.08, 1.69, 2.19, 2.64, 2.18, 2.24, 2.59, 2.65, 2.08, 1.57, 1.16, 0.94, 1.58], [3.0, 3.08, 2.67, 2.62, 2.63, 2.41, 2.83, 3.09, 2.72, 1.97, 1.81, 1.45, 1.49, 1.93, 2.38, 2.32, 2.38, 3.22, 4.11, 4.39, 5.19, 4.99, 4.76, 4.83, 4.7, 5.77, 6.05, 5.84, 5.91, 5.66, 5.9, 6.17, 6.21, 6.03, 5.65, 5.6, 5.75, 5.13, 4.59, 4.8, 4.56, 4.07, 4.27, 4.13, 3.21, 2.98, 3.22, 2.95, 2.24, 2.38, 2.42, 1.72, 1.48, 1.45, 1.41, 1.61, 2.43, 2.76, 2.46, 1.98, 1.34, 1.71, 1.63, 0.73, 0, 1.79, 1.97, 1.61, 1.55, 1.85, 2.15, 1.94, 1.81, 2.11, 1.78, 2.16, 2.59, 2.11, 2.39, 2.66, 2.78, 2.19, 1.78, 1.49, 1.19, 1.83], [3.75, 3.73, 2.72, 2.39, 2.52, 3.18, 3.64, 3.78, 3.59, 2.98, 3.16, 2.78, 2.62, 3.08, 3.47, 3.53, 3.75, 4.73, 5.52, 5.9, 6.78, 6.54, 6.33, 6.34, 6.17, 7.28, 7.64, 7.39, 7.52, 7.21, 7.57, 7.74, 7.7, 7.56, 7.22, 7.07, 7.32, 6.8, 6.24, 6.33, 6.01, 5.5, 5.86, 5.66, 4.86, 4.51, 4.75, 4.5, 3.63, 4.03, 3.95, 3.31, 2.49, 2.2, 2.32, 2.8, 3.78, 4.19, 3.85, 3.21, 1.79, 1.32, 1.56, 1.72, 1.79, 0, 1.08, 1.56, 1.86, 1.84, 1.62, 1.41, 1.3, 1.82, 1.87, 2.11, 2.32, 2.22, 3.24, 4.15, 4.27, 3.66, 3.03, 2.64, 2.48, 2.72], [3.59, 3.49, 2.48, 2.29, 2.54, 3.02, 3.5, 3.62, 3.47, 2.86, 3.04, 2.64, 2.46, 2.9, 3.13, 3.37, 3.71, 4.63, 5.46, 5.86, 6.72, 6.52, 6.33, 6.3, 6.23, 7.2, 7.56, 7.49, 7.7, 7.23, 7.59, 7.84, 7.62, 7.56, 7.16, 7.01, 7.3, 6.86, 6.34, 6.39, 6.15, 5.64, 5.88, 5.74, 4.92, 4.59, 4.81, 4.44, 3.71, 4.17, 4.15, 3.27, 2.49, 2.34, 2.36, 2.78, 3.7, 4.17, 3.79, 3.15, 1.63, 1.22, 1.48, 1.9, 1.97, 1.08, 0, 1.08, 1.44, 1.64, 1.62, 1.15, 1.06, 1.58, 1.33, 1.55, 1.76, 1.7, 3.06, 4.03, 4.21, 3.68, 3.07, 2.68, 2.58, 2.72], [2.91, 2.93, 2.14, 2.15, 2.22, 2.48, 2.88, 2.96, 2.75, 2.14, 2.34, 1.98, 1.86, 2.16, 2.47, 2.59, 2.836, 3.77, 4.672, 5.069, 5.952, 5.797, 5.613, 5.483, 5.479, 6.437, 6.772, 6.841, 7.065, 6.564, 6.87, 7.154, 6.988, 6.834, 6.409, 6.287, 6.665, 6.177, 5.657, 5.758, 5.486, 5.005, 5.2, 5.08, 4.3, 3.93, 4.127, 3.714, 3.067, 3.504, 3.575, 2.71, 2.19, 2.08, 1.96, 2.08, 2.96, 3.45, 3.07, 2.49, 1.49, 1.2, 1.4, 1.46, 1.61, 1.56, 1.08, 0, 0.92, 1.26, 1.54, 1.19, 0.92, 1.82, 1.57, 1.67, 1.98, 1.66, 2.44, 3.19, 3.55, 3.06, 2.47, 2.08, 2.06, 2.28], [3.11, 3.27, 2.38, 2.29, 2.32, 2.4, 3.04, 3.14, 2.63, 1.96, 2.04, 1.68, 1.42, 1.7, 2.15, 2.41, 2.81, 3.71, 4.509, 5.003, 5.894, 5.723, 5.556, 5.406, 5.37, 6.357, 6.714, 6.784, 7.008, 6.507, 6.813, 7.077, 6.94, 6.777, 6.317, 6.224, 6.608, 6.1, 5.58, 5.741, 5.449, 4.968, 5.18, 5.04, 4.22, 3.93, 4.11, 3.66, 3.01, 3.467, 3.478, 2.59, 2.03, 2.02, 1.9, 2.18, 2.98, 3.47, 3.11, 2.53, 1.43, 1.42, 1.66, 1.64, 1.55, 1.86, 1.44, 0.92, 0, 0.84, 1.24, 1.23, 1.3, 1.68, 1.45, 1.47, 1.64, 1.44, 2.22, 3.19, 3.51, 3.14, 2.75, 2.3, 1.98, 2.16], [3.27, 3.27, 2.28, 2.13, 2.12, 2.4, 3.02, 3.2, 2.69, 2.06, 2.18, 1.96, 1.62, 1.92, 2.23, 2.51, 3.07, 3.99, 4.72, 5.192, 6.069, 5.906, 5.776, 5.612, 5.533, 6.477, 6.892, 6.953, 7.188, 6.667, 7.013, 7.237, 7.1, 6.937, 6.449, 6.376, 6.786, 6.223, 5.72, 5.93, 5.649, 5.148, 5.36, 5.2, 4.42, 4.15, 4.33, 3.9, 3.21, 3.667, 3.678, 2.81, 2.25, 2.12, 2.04, 2.36, 3.26, 3.75, 3.39, 2.77, 1.55, 1.54, 1.8, 1.92, 1.85, 1.84, 1.64, 1.26, 0.84, 0, 0.9, 1.13, 1.32, 1.94, 1.73, 1.83, 1.76, 1.5, 2.36, 3.51, 3.77, 3.36, 2.93, 2.42, 2.28, 2.48], [3.51, 3.45, 2.54, 1.93, 2.14, 2.6, 3.28, 3.44, 3.01, 2.4, 2.58, 2.34, 2.02, 2.36, 2.73, 3.05, 3.55, 4.49, 5.229, 5.752, 6.614, 6.426, 6.276, 6.172, 6.053, 6.997, 7.452, 7.433, 7.657, 7.17, 7.519, 7.757, 7.6, 7.452, 6.994, 6.859, 7.266, 6.803, 6.28, 6.381, 6.089, 5.608, 5.88, 5.7, 4.92, 4.59, 4.81, 4.38, 3.69, 4.13, 4.118, 3.31, 2.63, 2.54, 2.46, 2.8, 3.72, 4.23, 3.89, 3.21, 1.93, 1.84, 2.04, 2.14, 2.15, 1.62, 1.62, 1.54, 1.24, 0.9, 0, 0.77, 1.32, 2.2, 1.99, 2.13, 2.04, 1.68, 2.9, 4.03, 4.21, 3.78, 3.23, 2.74, 2.72, 2.96], [3.52, 3.56, 2.55, 2.1, 2.29, 2.77, 3.43, 3.59, 3.18, 2.55, 2.77, 2.37, 2.15, 2.59, 2.82, 3.06, 3.4, 4.34, 5.185, 5.642, 6.524, 6.336, 6.186, 6.062, 5.963, 6.927, 7.344, 7.343, 7.567, 7.08, 7.463, 7.687, 7.544, 7.362, 6.947, 6.774, 7.176, 6.753, 6.23, 6.311, 5.996, 5.498, 5.773, 5.61, 4.87, 4.48, 4.683, 4.236, 3.56, 4.02, 4.048, 3.22, 2.48, 2.41, 2.33, 2.63, 3.57, 4.08, 3.68, 3.06, 1.66, 1.45, 1.67, 1.97, 1.94, 1.41, 1.15, 1.19, 1.23, 1.13, 0.77, 0, 0.85, 1.95, 1.7, 1.74, 1.85, 1.63, 2.81, 3.84, 4.06, 3.59, 3.02, 2.59, 2.53, 2.83], [3.47, 3.47, 2.6, 2.31, 2.4, 2.8, 3.42, 3.52, 3.23, 2.6, 2.82, 2.42, 2.2, 2.64, 2.95, 3.07, 3.27, 4.11, 5.12, 5.42, 6.269, 6.14, 5.97, 5.88, 5.89, 6.7, 7.086, 7.187, 7.399, 6.861, 7.307, 7.551, 7.4, 7.18, 6.8, 6.61, 7.06, 6.597, 6.074, 6.158, 5.881, 5.44, 5.557, 5.351, 4.677, 4.33, 4.547, 4.1, 3.39, 3.881, 3.901, 2.99, 2.37, 2.14, 2.02, 2.3, 3.18, 3.67, 3.31, 2.73, 1.39, 1.1, 1.44, 1.74, 1.81, 1.3, 1.06, 0.92, 1.3, 1.32, 1.32, 0.85, 0, 1.66, 1.47, 1.63, 1.8, 1.66, 2.62, 3.53, 3.833, 3.4, 2.79, 2.44, 2.46, 2.54], [4.21, 4.25, 3.64, 3.47, 3.56, 3.34, 4.16, 4.14, 3.73, 2.98, 2.96, 2.62, 2.44, 2.78, 2.97, 3.17, 3.35, 4.37, 5.18, 5.62, 6.46, 6.2, 6.05, 6.0, 5.91, 6.98, 7.3, 7.33, 7.553, 6.99, 7.47, 7.7, 7.6, 7.36, 7.04, 6.79, 7.22, 6.73, 6.213, 6.33, 6.05, 5.56, 5.68, 5.52, 4.799, 4.43, 4.67, 4.26, 3.51, 4.018, 4.055, 3.19, 2.37, 2.16, 2.12, 2.38, 3.32, 3.79, 3.53, 2.99, 1.55, 1.32, 2.02, 2.08, 2.11, 1.82, 1.58, 1.82, 1.68, 1.94, 2.2, 1.95, 1.66, 0, 0.79, 0.91, 1.3, 1.72, 2.72, 3.77, 4.05, 3.54, 3.05, 2.8, 2.52, 2.56], [3.86, 3.88, 3.37, 3.22, 3.31, 3.13, 3.75, 3.87, 3.4, 2.53, 2.57, 2.23, 2.09, 2.45, 2.58, 2.84, 3.08, 4.08, 4.89, 5.31, 6.21, 5.91, 5.8, 5.71, 5.6, 6.69, 7.01, 7.02, 7.243, 6.7, 7.18, 7.41, 7.31, 7.07, 6.79, 6.5, 6.95, 6.45, 5.91, 6.04, 5.74, 5.23, 5.39, 5.19, 4.51, 4.14, 4.36, 3.99, 3.22, 3.708, 3.745, 2.9, 2.12, 1.85, 1.85, 2.11, 3.11, 3.6, 3.3, 2.7, 1.18, 1.21, 1.59, 1.69, 1.78, 1.87, 1.33, 1.57, 1.45, 1.73, 1.99, 1.7, 1.47, 0.79, 0, 0.68, 1.13, 1.41, 2.47, 3.48, 3.8, 3.19, 2.78, 2.45, 2.19, 2.39], [3.74, 3.76, 3.21, 3.06, 3.13, 2.93, 3.65, 3.67, 3.18, 2.39, 2.61, 2.21, 2.03, 2.33, 2.76, 3.08, 3.32, 4.34, 5.11, 5.67, 6.53, 6.31, 6.199, 6.03, 6.0, 7.01, 7.35, 7.473, 7.703, 7.12, 7.58, 7.843, 7.67, 7.47, 7.11, 6.84, 7.35, 6.86, 6.343, 6.462, 6.185, 5.678, 5.821, 5.629, 4.929, 4.58, 4.805, 4.35, 3.64, 4.168, 4.205, 3.28, 2.56, 2.25, 2.23, 2.37, 3.31, 3.86, 3.6, 3.04, 1.56, 1.61, 2.11, 2.19, 2.16, 2.11, 1.55, 1.67, 1.47, 1.83, 2.13, 1.74, 1.63, 0.91, 0.68, 0, 0.77, 1.27, 2.57, 3.74, 4.12, 3.65, 3.22, 2.85, 2.65, 2.83], [3.95, 3.95, 3.12, 3.03, 3.04, 2.98, 3.74, 3.74, 3.27, 2.62, 2.88, 2.54, 2.18, 2.6, 3.07, 3.49, 3.91, 4.77, 5.64, 6.18, 7.04, 6.9, 6.73, 6.58, 6.53, 7.48, 7.88, 8.01, 8.233, 7.69, 8.11, 8.38, 8.179, 7.98, 7.58, 7.39, 7.868, 7.42, 6.9, 6.992, 6.715, 6.208, 6.36, 6.16, 5.48, 5.11, 5.35, 4.88, 4.15, 4.71, 4.735, 3.81, 3.09, 2.8, 2.76, 2.96, 3.9, 4.39, 4.11, 3.53, 2.05, 1.88, 2.36, 2.64, 2.59, 2.32, 1.76, 1.98, 1.64, 1.76, 2.04, 1.85, 1.8, 1.3, 1.13, 0.77, 0, 1.16, 2.72, 4.17, 4.646, 4.16, 3.65, 3.3, 3.18, 3.34], [3.13, 3.09, 2.58, 2.51, 2.48, 2.16, 2.8, 2.8, 2.61, 1.9, 2.12, 1.88, 1.48, 1.86, 2.55, 2.85, 3.33, 4.13, 4.977, 5.514, 6.377, 6.234, 6.067, 5.917, 5.864, 6.808, 7.214, 7.295, 7.519, 7.018, 7.404, 7.668, 7.482, 7.288, 6.871, 6.715, 7.159, 6.711, 6.191, 6.292, 5.998, 5.499, 5.654, 5.488, 4.771, 4.398, 4.641, 4.18, 3.55, 4.01, 4.05, 3.11, 2.41, 2.14, 2.12, 2.32, 3.26, 3.73, 3.45, 2.95, 1.59, 1.68, 2.18, 2.18, 2.11, 2.22, 1.7, 1.66, 1.44, 1.5, 1.68, 1.63, 1.66, 1.72, 1.41, 1.27, 1.16, 0, 2.06, 3.53, 3.97, 3.465, 2.97, 2.76, 2.64, 2.92], [3.23, 3.31, 3.2, 3.41, 3.34, 2.94, 3