[[0, 0.82, 0.98, 1.42, 1.65, 1.89, 1.46, 1.61, 2.72, 3.18, 3.73, 4.44, 4.07, 3.07, 2.43, 2.53, 2.65, 2.66, 3.1, 3.73, 4.81, 5.22, 4.66, 4.62, 5.4, 7.58, 9.89, 10.65, 10.59, 11.33, 12.21, 12.35, 12.15, 10.95, 9.62, 9.93, 10.59, 10.36, 10.19, 9.65, 9.11, 9.43, 10.37, 10.93, 10.63, 9.54, 10.32, 11.63, 12.29, 12.08, 11.57, 11.26, 11.32, 11.61, 11.2, 10.67, 10.63, 10.81, 10.279, 9.02, 7.62, 7.41, 7.44, 7.35, 7.94, 7.69, 7.0, 7.17, 6.92, 6.93, 7.33, 7.44, 7.89, 8.28, 9.03, 9.07, 9.04, 9.02, 8.63, 8.28, 8.57, 8.06, 7.47, 7.882, 8.386, 8.673], [0.82, 0, 0.88, 1.34, 1.57, 1.75, 1.62, 1.87, 2.88, 3.2, 3.77, 4.5, 4.17, 3.11, 2.53, 2.65, 2.63, 2.76, 3.16, 4.01, 5.01, 5.4, 4.86, 4.74, 5.44, 7.64, 9.93, 10.73, 10.77, 11.57, 12.33, 12.49, 12.43, 11.15, 9.6, 9.91, 10.63, 10.44, 10.29, 9.67, 9.13, 9.53, 10.41, 10.99, 10.71, 9.54, 10.34, 11.65, 12.33, 12.16, 11.57, 11.32, 11.38, 11.67, 11.2, 10.69, 10.65, 10.85, 10.34, 9.1, 7.78, 7.57, 7.54, 7.45, 8.12, 7.95, 7.3, 7.43, 7.14, 7.17, 7.43, 7.42, 7.95, 8.42, 9.11, 9.15, 9.24, 9.18, 8.81, 8.46, 8.61, 8.2, 7.65, 7.983, 8.474, 8.745], [0.98, 0.88, 0, 1.0, 1.25, 1.37, 1.32, 1.97, 3.06, 3.6, 4.17, 4.86, 4.47, 3.41, 2.85, 2.93, 2.99, 3.1, 3.52, 4.17, 5.23, 5.6, 5.08, 5.1, 5.86, 8.06, 10.37, 11.11, 10.87, 11.55, 12.61, 12.85, 12.61, 11.23, 10.0, 10.37, 10.97, 10.78, 10.61, 10.01, 9.55, 9.95, 10.87, 11.29, 10.99, 9.98, 10.76, 12.07, 12.73, 12.58, 12.03, 11.76, 11.84, 12.13, 11.66, 11.15, 11.11, 11.31, 10.8, 9.54, 8.14, 7.912, 7.86, 7.796, 8.397, 8.198, 7.36, 7.47, 7.18, 7.29, 7.83, 7.869, 8.367, 8.68, 9.35, 9.39, 9.4, 9.38, 8.93, 8.657, 8.91, 8.38, 7.839, 8.364, 8.86, 9.158], [1.42, 1.34, 1.0, 0, 1.19, 1.23, 1.56, 2.19, 3.1, 3.62, 4.17, 4.92, 4.53, 3.53, 2.97, 3.03, 3.13, 3.28, 3.68, 4.13, 5.23, 5.68, 5.08, 5.14, 5.9, 8.0, 10.33, 11.13, 10.81, 11.47, 12.69, 12.81, 12.51, 11.21, 10.12, 10.43, 11.01, 10.82, 10.63, 10.07, 9.63, 9.87, 10.85, 11.35, 11.05, 10.04, 10.8, 12.11, 12.73, 12.58, 12.05, 11.76, 11.82, 12.15, 11.68, 11.15, 11.13, 11.27, 10.76, 9.5, 8.1, 7.93, 7.86, 7.804, 8.357, 8.098, 7.18, 7.41, 7.22, 7.264, 7.824, 7.954, 8.39, 8.74, 9.45, 9.45, 9.44, 9.38, 8.97, 8.737, 8.97, 8.46, 7.916, 8.371, 8.855, 9.125], [1.65, 1.57, 1.25, 1.19, 0, 0.98, 1.45, 1.82, 2.81, 3.35, 3.82, 4.39, 3.94, 2.9, 2.46, 2.54, 2.66, 2.83, 3.21, 3.82, 4.76, 5.11, 4.73, 4.87, 5.63, 7.65, 9.94, 10.64, 10.28, 10.66, 12.2, 12.399, 12.12, 10.52, 9.57, 9.92, 10.42, 10.27, 10.08, 9.44, 9.02, 9.48, 10.44, 10.82, 10.46, 9.57, 10.27, 11.52, 12.3, 12.13, 11.52, 11.33, 11.41, 11.7, 11.23, 10.72, 10.7, 10.88, 10.363, 9.11, 7.706, 7.476, 7.41, 7.369, 7.892, 7.687, 6.769, 6.76, 6.57, 6.8, 7.348, 7.399, 7.88, 8.19, 8.7, 8.72, 8.83, 8.75, 8.18, 8.099, 8.403, 7.887, 7.312, 7.919, 8.427, 8.713], [1.89, 1.75, 1.37, 1.23, 0.98, 0, 1.21, 2.16, 3.39, 3.93, 4.48, 5.11, 4.68, 3.6, 3.06, 3.24, 3.32, 3.45, 3.89, 4.52, 5.46, 5.77, 5.43, 5.57, 6.35, 8.39, 10.66, 11.38, 11.0, 11.38, 12.88, 13.108, 12.84, 11.24, 10.25, 10.6, 11.2, 11.03, 10.84, 10.24, 9.76, 10.26, 11.16, 11.5, 11.18, 10.25, 11.03, 12.28, 13.04, 12.889, 12.26, 12.05, 12.13, 12.42, 11.95, 11.44, 11.4, 11.6, 11.09, 9.83, 8.429, 8.205, 8.118, 8.065, 8.655, 8.433, 7.472, 7.5, 7.27, 7.471, 8.091, 8.113, 8.628, 8.89, 9.4, 9.48, 9.61, 9.47, 8.92, 8.853, 9.088, 8.624, 8.014, 8.605, 9.144, 9.411], [1.46, 1.62, 1.32, 1.56, 1.45, 1.21, 0, 1.77, 2.94, 3.44, 4.01, 4.68, 4.27, 3.33, 2.71, 2.85, 3.07, 3.2, 3.64, 4.17, 5.11, 5.46, 5.06, 5.2, 5.98, 8.02, 10.21, 10.95, 10.73, 11.27, 12.45, 12.661, 12.45, 10.97, 9.86, 10.23, 10.87, 10.68, 10.43, 9.89, 9.45, 9.83, 10.71, 11.07, 10.75, 9.84, 10.68, 11.97, 12.65, 12.46, 11.91, 11.6, 11.68, 11.97, 11.54, 10.99, 10.95, 11.15, 10.64, 9.4, 7.98, 7.77, 7.7, 7.653, 8.225, 8.087, 7.22, 7.23, 6.94, 7.11, 7.673, 7.743, 8.23, 8.44, 9.07, 9.19, 9.22, 9.16, 8.73, 8.523, 8.75, 8.26, 7.619, 8.178, 8.711, 8.978], [1.61, 1.87, 1.97, 2.19, 1.82, 2.16, 1.77, 0, 1.41, 2.01, 2.58, 3.17, 2.94, 2.14, 1.42, 1.64, 2.04, 2.11, 2.57, 3.02, 3.88, 4.27, 3.87, 4.01, 4.71, 6.73, 8.76, 9.5, 9.38, 10.14, 11.04, 11.2, 11.08, 9.7, 8.53, 8.82, 9.46, 9.27, 9.02, 8.48, 8.04, 8.38, 9.22, 9.56, 9.26, 8.43, 9.25, 10.56, 11.22, 11.01, 10.4, 10.09, 10.17, 10.48, 10.05, 9.48, 9.42, 9.62, 9.11, 7.95, 6.59, 6.32, 6.21, 6.32, 6.89, 6.74, 6.03, 6.0, 5.73, 5.96, 6.32, 6.33, 6.76, 7.11, 7.72, 7.84, 7.79, 7.73, 7.4, 7.27, 7.32, 6.97, 6.34, 6.737, 7.25, 7.497], [2.72, 2.88, 3.06, 3.1, 2.81, 3.39, 2.94, 1.41, 0, 0.68, 1.29, 2.12, 1.93, 1.39, 1.27, 1.35, 1.55, 1.48, 1.66, 1.91, 2.83, 3.22, 2.78, 3.0, 3.52, 5.48, 7.47, 8.29, 8.45, 9.35, 9.99, 10.11, 10.05, 8.83, 7.46, 7.69, 8.25, 8.06, 7.85, 7.33, 6.83, 7.11, 7.93, 8.35, 8.07, 7.2, 8.04, 9.35, 9.95, 9.76, 9.15, 8.84, 8.86, 9.19, 8.76, 8.23, 8.11, 8.27, 7.8, 6.64, 5.42, 5.23, 5.08, 5.29, 5.92, 5.75, 5.22, 5.21, 5.1, 5.23, 5.45, 5.46, 5.71, 6.1, 6.85, 6.87, 6.68, 6.7, 6.55, 6.3, 6.33, 5.98, 5.45, 5.543, 5.997, 6.29], [3.18, 3.2, 3.6, 3.62, 3.35, 3.93, 3.44, 2.01, 0.68, 0, 0.79, 1.7, 1.53, 1.45, 1.63, 1.61, 1.53, 1.54, 1.38, 1.69, 2.53, 2.92, 2.46, 2.6, 3.04, 4.98, 6.95, 7.77, 8.19, 9.05, 9.59, 9.69, 9.73, 8.59, 6.96, 7.15, 7.79, 7.6, 7.35, 6.81, 6.29, 6.57, 7.39, 7.93, 7.63, 6.66, 7.5, 8.81, 9.43, 9.24, 8.61, 8.34, 8.34, 8.67, 8.22, 7.71, 7.59, 7.73, 7.28, 6.12, 4.98, 4.77, 4.68, 4.89, 5.48, 5.35, 5.02, 4.99, 5.06, 4.99, 5.05, 5.02, 5.27, 5.7, 6.49, 6.47, 6.36, 6.42, 6.25, 5.9, 5.93, 5.64, 5.13, 5.03, 5.478, 5.77], [3.73, 3.77, 4.17, 4.17, 3.82, 4.48, 4.01, 2.58, 1.29, 0.79, 0, 1.15, 1.14, 1.54, 1.92, 1.8, 1.66, 1.71, 1.45, 1.2, 2.0, 2.37, 1.93, 2.01, 2.55, 4.43, 6.42, 7.28, 7.7, 8.62, 9.16, 9.16, 9.16, 8.1, 6.57, 6.66, 7.36, 7.21, 6.94, 6.38, 5.86, 6.04, 6.84, 7.48, 7.18, 6.23, 7.07, 8.38, 8.96, 8.75, 8.18, 7.89, 7.79, 8.2, 7.79, 7.24, 7.08, 7.18, 6.73, 5.57, 4.47, 4.28, 4.27, 4.52, 4.95, 4.82, 4.45, 4.62, 4.77, 4.62, 4.56, 4.63, 4.78, 5.27, 6.06, 6.04, 5.95, 5.97, 5.82, 5.49, 5.5, 5.23, 4.7, 4.62, 4.988, 5.26], [4.44, 4.5, 4.86, 4.92, 4.39, 5.11, 4.68, 3.17, 2.12, 1.7, 1.15, 0, 0.87, 1.73, 2.19, 2.01, 2.05, 2.14, 1.8, 1.27, 1.45, 1.78, 1.44, 1.62, 2.26, 3.98, 5.79, 6.59, 6.87, 7.67, 8.29, 8.39, 8.39, 7.15, 5.82, 5.85, 6.53, 6.46, 6.07, 5.51, 5.05, 5.37, 6.23, 6.69, 6.33, 5.48, 6.28, 7.59, 8.21, 7.98, 7.39, 7.12, 7.12, 7.43, 7.02, 6.53, 6.37, 6.53, 6.04, 4.88, 3.76, 3.51, 3.44, 3.77, 4.12, 4.07, 3.66, 3.83, 3.88, 3.85, 3.77, 3.78, 4.07, 4.46, 5.11, 5.11, 5.08, 5.16, 4.87, 4.66, 4.57, 4.34, 3.85, 3.97, 4.264, 4.49], [4.07, 4.17, 4.47, 4.53, 3.94, 4.68, 4.27, 2.94, 1.93, 1.53, 1.14, 0.87, 0, 1.28, 1.82, 1.76, 1.76, 1.87, 1.55, 1.36, 1.8, 2.11, 1.83, 2.03, 2.41, 4.35, 6.18, 6.82, 7.22, 8.0, 8.66, 8.84, 8.92, 7.44, 5.93, 6.12, 6.68, 6.57, 6.2, 5.66, 5.24, 5.68, 6.66, 7.14, 6.82, 5.75, 6.47, 7.76, 8.46, 8.23, 7.72, 7.45, 7.55, 7.84, 7.39, 6.92, 6.84, 7.04, 6.51, 5.25, 4.13, 3.92, 3.79, 3.94, 4.43, 4.36, 3.93, 3.96, 3.95, 3.92, 3.88, 3.85, 4.22, 4.61, 5.3, 5.24, 5.33, 5.43, 5.08, 4.75, 4.9, 4.59, 3.92, 4.22, 4.597, 4.88], [3.07, 3.11, 3.41, 3.53, 2.9, 3.6, 3.33, 2.14, 1.39, 1.45, 1.54, 1.73, 1.28, 0, 0.96, 0.9, 0.94, 1.07, 1.23, 1.78, 2.52, 2.83, 2.51, 2.67, 3.15, 5.11, 7.22, 7.9, 8.16, 8.92, 9.64, 9.86, 9.9, 8.48, 6.83, 7.04, 7.66, 7.65, 7.4, 6.74, 6.2, 6.76, 7.72, 8.18, 7.9, 6.81, 7.49, 8.72, 9.48, 9.329, 8.7, 8.57, 8.61, 8.9, 8.43, 7.96, 7.9, 8.1, 7.55, 6.31, 5.19, 4.96, 4.85, 4.88, 5.47, 5.38, 4.89, 4.9, 4.71, 4.76, 4.88, 4.67, 5.2, 5.69, 6.22, 6.24, 6.45, 6.45, 6.0, 5.73, 5.88, 5.53, 4.92, 5.244, 5.714, 5.98], [2.43, 2.53, 2.85, 2.97, 2.46, 3.06, 2.71, 1.42, 1.27, 1.63, 1.92, 2.19, 1.82, 0.96, 0, 0.64, 1.14, 1.29, 1.61, 2.02, 2.76, 3.07, 2.79, 2.95, 3.49, 5.45, 7.72, 8.48, 8.56, 9.38, 10.06, 10.22, 10.24, 8.82, 7.45, 7.76, 8.4, 8.25, 7.98, 7.4, 6.98, 7.3, 8.16, 8.6, 8.28, 7.39, 8.19, 9.5, 10.16, 9.93, 9.38, 9.07, 9.11, 9.42, 9.01, 8.48, 8.4, 8.62, 8.07, 6.87, 5.61, 5.36, 5.25, 5.36, 5.93, 5.82, 5.27, 5.24, 4.99, 5.18, 5.34, 5.29, 5.72, 6.07, 6.76, 6.78, 6.85, 6.85, 6.54, 6.31, 6.3, 6.03, 5.36, 5.669, 6.219, 6.466], [2.53, 2.65, 2.93, 3.03, 2.54, 3.24, 2.85, 1.64, 1.35, 1.61, 1.8, 2.01, 1.76, 0.9, 0.64, 0, 0.92, 1.07, 1.29, 1.72, 2.56, 2.89, 2.51, 2.63, 3.29, 5.31, 7.6, 8.36, 8.32, 9.12, 9.84, 9.98, 9.94, 8.68, 7.29, 7.62, 8.28, 8.11, 7.86, 7.3, 6.86, 7.18, 8.04, 8.46, 8.16, 7.27, 8.09, 9.4, 10.0, 9.81, 9.22, 8.87, 8.97, 9.3, 8.87, 8.3, 8.24, 8.44, 7.89, 6.73, 5.37, 5.12, 5.03, 5.06, 5.65, 5.58, 4.99, 5.0, 4.79, 4.9, 5.1, 5.17, 5.56, 5.93, 6.66, 6.72, 6.73, 6.71, 6.38, 6.09, 6.1, 5.77, 5.18, 5.509, 6.042, 6.289], [2.65, 2.63, 2.99, 3.13, 2.66, 3.32, 3.07, 2.04, 1.55, 1.53, 1.66, 2.05, 1.76, 0.94, 1.14, 0.92, 0, 0.63, 0.83, 1.56, 2.56, 2.93, 2.49, 2.43, 3.09, 5.27, 7.62, 8.38, 8.36, 9.04, 9.9, 10.08, 10.0, 8.72, 7.19, 7.52, 8.22, 8.01, 7.86, 7.24, 6.72, 7.2, 8.06, 8.58, 8.28, 7.23, 7.99, 9.26, 9.96, 9.81, 9.14, 8.91, 9.01, 9.3, 8.83, 8.34, 8.3, 8.5, 7.95, 6.75, 5.37, 5.16, 5.13, 5.06, 5.71, 5.58, 4.95, 4.96, 4.71, 4.78, 5.08, 5.05, 5.52, 5.95, 6.62, 6.68, 6.81, 6.77, 6.32, 6.01, 6.12, 5.77, 5.22, 5.55, 6.064, 6.326], [2.66, 2.76, 3.1, 3.28, 2.83, 3.45, 3.2, 2.11, 1.48, 1.54, 1.71, 2.14, 1.87, 1.07, 1.29, 1.07, 0.63, 0, 0.78, 1.53, 2.51, 2.9, 2.42, 2.32, 3.06, 5.32, 7.67, 8.43, 8.37, 9.11, 9.83, 10.03, 10.03, 8.73, 7.22, 7.51, 8.13, 8.0, 7.85, 7.25, 6.71, 7.25, 8.11, 8.53, 8.29, 7.26, 8.02, 9.25, 10.01, 9.84, 9.11, 8.94, 9.04, 9.35, 8.86, 8.37, 8.33, 8.53, 7.98, 6.8, 5.36, 5.13, 5.06, 5.11, 5.76, 5.57, 5.08, 5.11, 4.86, 4.93, 5.21, 5.12, 5.53, 5.94, 6.53, 6.65, 6.82, 6.74, 6.27, 5.98, 6.11, 5.78, 5.21, 5.573, 6.071, 6.338], [3.1, 3.16, 3.52, 3.68, 3.21, 3.89, 3.64, 2.57, 1.66, 1.38, 1.45, 1.8, 1.55, 1.23, 1.61, 1.29, 0.83, 0.78, 0, 1.07, 2.03, 2.44, 1.94, 1.98, 2.62, 4.78, 7.13, 7.89, 7.91, 8.61, 9.35, 9.57, 9.55, 8.33, 6.72, 7.03, 7.67, 7.48, 7.33, 6.73, 6.21, 6.71, 7.57, 8.09, 7.81, 6.74, 7.48, 8.75, 9.47, 9.3, 8.59, 8.4, 8.5, 8.81, 8.32, 7.83, 7.79, 7.99, 7.44, 6.26, 4.84, 4.59, 4.58, 4.63, 5.26, 5.15, 4.68, 4.65, 4.6, 4.49, 4.79, 4.74, 5.07, 5.4, 6.17, 6.21, 6.34, 6.26, 5.83, 5.46, 5.65, 5.3, 4.75, 5.042, 5.531, 5.822], [3.73, 4.01, 4.17, 4.13, 3.82, 4.52, 4.17, 3.02, 1.91, 1.69, 1.2, 1.27, 1.36, 1.78, 2.02, 1.72, 1.56, 1.53, 1.07, 0, 1.2, 1.65, 1.21, 1.49, 2.19, 4.05, 6.44, 7.34, 7.24, 8.06, 8.76, 8.84, 8.74, 7.64, 6.41, 6.6, 7.26, 7.07, 6.86, 6.32, 5.84, 6.0, 6.86, 7.36, 7.06, 6.25, 7.07, 8.38, 8.94, 8.73, 8.14, 7.83, 7.81, 8.2, 7.79, 7.26, 7.12, 7.26, 6.69, 5.53, 4.11, 3.94, 3.91, 4.16, 4.65, 4.36, 3.87, 4.08, 4.21, 4.16, 4.3, 4.49, 4.66, 4.87, 5.7, 5.74, 5.61, 5.55, 5.3, 5.03, 5.16, 4.73, 4.24, 4.54, 4.905, 5.157], [4.81, 5.01, 5.23, 5.23, 4.76, 5.46, 5.11, 3.88, 2.83, 2.53, 2.0, 1.45, 1.8, 2.52, 2.76, 2.56, 2.56, 2.51, 2.03, 1.2, 0, 0.63, 0.75, 1.19, 1.61, 3.13, 5.44, 6.32, 6.42, 7.1, 7.78, 8.0, 8.0, 6.82, 5.73, 5.88, 6.3, 6.05, 5.88, 5.3, 4.8, 5.1, 5.9, 6.22, 5.94, 5.21, 6.03, 7.34, 7.96, 7.69, 7.16, 6.83, 6.83, 7.18, 6.79, 6.26, 6.08, 6.28, 5.73, 4.59, 3.19, 3.16, 3.13, 3.46, 3.81, 3.72, 3.47, 3.52, 3.67, 3.7, 3.82, 3.91, 3.96, 4.07, 4.64, 4.68, 4.53, 4.49, 4.32, 4.21, 4.24, 3.87, 3.6, 3.84, 4.07, 4.22], [5.22, 5.4, 5.6, 5.68, 5.11, 5.77, 5.46, 4.27, 3.22, 2.92, 2.37, 1.78, 2.11, 2.83, 3.07, 2.89, 2.93, 2.9, 2.44, 1.65, 0.63, 0, 0.84, 1.14, 1.32, 2.88, 5.21, 6.09, 6.11, 6.77, 7.51, 7.69, 7.69, 6.47, 5.46, 5.57, 5.99, 5.78, 5.57, 5.01, 4.55, 4.85, 5.67, 5.97, 5.65, 4.96, 5.8, 7.09, 7.73, 7.46, 6.93, 6.6, 6.6, 6.95, 6.56, 6.03, 5.85, 6.01, 5.5, 4.36, 3.1, 2.93, 3.06, 3.19, 3.52, 3.45, 3.36, 3.43, 3.48, 3.51, 3.53, 3.6, 3.67, 3.86, 4.29, 4.35, 4.26, 4.26, 4.03, 3.96, 3.91, 3.58, 3.35, 3.59, 3.789, 3.956], [4.66, 4.86, 5.08, 5.08, 4.73, 5.43, 5.06, 3.87, 2.78, 2.46, 1.93, 1.44, 1.83, 2.51, 2.79, 2.51, 2.49, 2.42, 1.94, 1.21, 0.75, 0.84, 0, 0.72, 1.28, 3.18, 5.51, 6.37, 6.35, 7.23, 7.85, 7.97, 7.89, 6.79, 5.68, 5.79, 6.33, 6.14, 5.93, 5.39, 4.91, 5.09, 5.89, 6.37, 6.07, 5.28, 6.12, 7.43, 8.03, 7.8, 7.25, 6.9, 6.86, 7.25, 6.86, 6.29, 6.13, 6.31, 5.78, 4.62, 3.26, 3.05, 3.12, 3.39, 3.74, 3.51, 3.4, 3.59, 3.76, 3.65, 3.67, 3.86, 3.91, 4.1, 4.77, 4.81, 4.7, 4.66, 4.43, 4.26, 4.25, 3.84, 3.59, 3.73, 4.034, 4.282], [4.62, 4.74, 5.1, 5.14, 4.87, 5.57, 5.2, 4.01, 3.0, 2.6, 2.01, 1.62, 2.03, 2.67, 2.95, 2.63, 2.43, 2.32, 1.98, 1.49, 1.19, 1.14, 0.72, 0, 1.16, 3.16, 5.63, 6.59, 6.63, 7.53, 8.13, 8.09, 8.05, 7.09, 5.82, 5.91, 6.63, 6.38, 6.21, 5.67, 5.11, 5.23, 6.07, 6.69, 6.39, 5.48, 6.32, 7.63, 8.23, 8.0, 7.39, 7.1, 7.02, 7.45, 7.04, 6.49, 6.33, 6.41, 5.9, 4.72, 3.46, 3.29, 3.52, 3.55, 3.92, 3.59, 3.68, 3.87, 4.04, 3.81, 3.69, 3.9, 3.95, 4.4, 5.05, 5.11, 5.06, 5.02, 4.75, 4.48, 4.51, 4.18, 3.83, 3.99, 4.169, 4.476], [5.4, 5.44, 5.86, 5.9, 5.63, 6.35, 5.98, 4.71, 3.52, 3.04, 2.55, 2.26, 2.41, 3.15, 3.49, 3.29, 3.09, 3.06, 2.62, 2.19, 1.61, 1.32, 1.28, 1.16, 0, 2.46, 4.83, 5.75, 6.19, 7.11, 7.65, 7.67, 7.77, 6.67, 5.24, 5.25, 5.79, 5.62, 5.39, 4.85, 4.27, 4.41, 5.31, 6.03, 5.75, 4.62, 5.46, 6.77, 7.39, 7.16, 6.55, 6.24, 6.24, 6.63, 6.18, 5.63, 5.55, 5.69, 5.12, 3.98, 3.2, 3.01, 3.22, 3.09, 3.5, 3.21, 3.44, 3.75, 3.72, 3.33, 3.13, 3.26, 3.21, 3.86, 4.55, 4.53, 4.42, 4.46, 4.31, 4.06, 3.99, 3.74, 3.39, 3.25, 3.42, 3.77], [7.58, 7.64, 8.06, 8.0, 7.65, 8.39, 8.02, 6.73, 5.48, 4.98, 4.43, 3.98, 4.35, 5.11, 5.45, 5.31, 5.27, 5.32, 4.78, 4.05, 3.13, 2.88, 3.18, 3.16, 2.46, 0, 2.53, 3.63, 4.59, 5.33, 5.81, 5.91, 6.23, 5.25, 3.96, 3.91, 4.11, 3.9, 3.65, 3.17, 2.59, 2.45, 3.25, 3.91, 3.63, 2.48, 3.22, 4.51, 5.15, 4.9, 4.29, 4.04, 3.98, 4.33, 3.96, 3.45, 3.33, 3.39, 2.84, 2.54, 3.16, 3.39, 3.64, 3.49, 3.14, 3.23, 4.2, 4.67, 4.5, 3.69, 2.95, 3.02, 2.91, 3.18, 3.41, 2.99, 2.82, 2.74, 3.13, 3.18, 2.81, 2.78, 3.05, 2.45, 2.08, 2.17], [9.89, 9.93, 10.37, 10.33, 9.94, 10.66, 10.21, 8.76, 7.47, 6.95, 6.42, 5.79, 6.18, 7.22, 7.72, 7.6, 7.62, 7.67, 7.13, 6.44, 5.44, 5.21, 5.51, 5.63, 4.83, 2.53, 0, 1.42, 2.96, 3.92, 4.14, 4.38, 4.64, 3.88, 3.03, 3.34, 3.16, 3.09, 2.8, 3.0, 2.78, 1.64, 1.34, 1.88, 1.6, 1.13, 1.25, 2.04, 2.7, 2.51, 2.24, 1.97, 1.83, 1.96, 1.93, 1.74, 1.68, 1.92, 2.33, 3.05, 4.13, 4.32, 4.49, 4.5, 4.11, 4.48, 5.37, 5.74, 5.59, 4.94, 4.0, 3.89, 3.8, 3.83, 3.64, 3.42, 3.23, 3.11, 3.7, 3.83, 3.28, 3.53, 4.14, 3.42, 2.97, 2.8], [10.65, 10.73, 11.11, 11.13, 10.64, 11.38, 10.95, 9.5, 8.29, 7.77, 7.28, 6.59, 6.82, 7.9, 8.48, 8.36, 8.38, 8.43, 7.89, 7.34, 6.32, 6.09, 6.37, 6.59, 5.75, 3.63, 1.42, 0, 2.14, 3.04, 3.12, 3.66, 3.9, 2.98, 2.35, 2.8, 2.44, 2.45, 2.14, 2.46, 2.44, 1.76, 1.18, 1.36, 1.24, 1.53, 1.33, 1.44, 2.1, 1.97, 1.82, 1.51, 1.35, 1.6, 1.93, 1.72, 1.6, 2.04, 2.45, 3.09, 4.05, 4.16, 4.25, 4.42, 4.01, 4.44, 5.41, 5.52, 5.47, 4.92, 4.14, 4.05, 3.68, 3.53, 3.2, 3.04, 2.91, 2.85, 3.38, 3.49, 3.28, 3.71, 4.26, 3.74, 3.19, 3.04], [10.59, 10.77, 10.87, 10.81, 10.28, 11.0, 10.73, 9.38, 8.45, 8.19, 7.7, 6.87, 7.22, 8.16, 8.56, 8.32, 8.36, 8.37, 7.91, 7.24, 6.42, 6.11, 6.35, 6.63, 6.19, 4.59, 2.96, 2.14, 0, 1.32, 2.06, 2.38, 2.18, 1.12, 1.75, 2.16, 1.86, 2.09, 2.24, 2.82, 3.3, 2.58, 2.24, 2.14, 2.38, 2.91, 2.61, 2.68, 2.6, 2.49, 2.5, 1.99, 1.97, 2.3, 2.59, 2.5, 2.4, 2.86, 3.35, 4.13, 4.31, 4.02, 4.05, 4.06, 3.67, 4.0, 4.75, 4.6, 4.65, 4.48, 4.16, 4.19, 3.74, 3.29, 2.82, 2.86, 3.05, 2.87, 3.02, 3.21, 3.06, 3.41, 4.14, 4.04, 3.79, 3.5], [11.33, 11.57, 11.55, 11.47, 10.66, 11.38, 11.27, 10.14, 9.35, 9.05, 8.62, 7.67, 8.0, 8.92, 9.38, 9.12, 9.04, 9.11, 8.61, 8.06, 7.1, 6.77, 7.23, 7.53, 7.11, 5.33, 3.92, 3.04, 1.32, 0, 1.64, 1.94, 1.88, 1.14, 2.41, 2.64, 2.26, 2.53, 2.78, 3.36, 3.78, 3.36, 3.1, 2.92, 3.12, 3.73, 3.35, 3.2, 2.86, 3.03, 2.98, 2.59, 2.63, 2.86, 3.31, 3.24, 2.94, 3.42, 3.83, 4.55, 4.91, 4.8, 4.77, 4.68, 4.35, 4.7, 5.23, 5.04, 5.07, 4.96, 4.86, 4.87, 4.5, 3.87, 3.22, 3.16, 3.39, 3.31, 3.46, 3.79, 3.68, 4.05, 4.7, 4.78, 4.49, 4.14], [12.21, 12.33, 12.61, 12.69, 12.2, 12.88, 12.45, 11.04, 9.99, 9.59, 9.16, 8.29, 8.66, 9.64, 10.06, 9.84, 9.9, 9.83, 9.35, 8.76, 7.78, 7.51, 7.85, 8.13, 7.65, 5.81, 4.14, 3.12, 2.06, 1.64, 0, 1.02, 1.2, 1.78, 2.97, 3.06, 2.6, 2.81, 3.08, 3.76, 4.26, 3.76, 3.28, 3.18, 3.4, 4.05, 3.79, 3.48, 2.92, 2.95, 3.18, 2.69, 2.77, 3.08, 3.63, 3.64, 3.28, 3.68, 4.01, 4.81, 5.29, 5.2, 5.23, 5.2, 4.83, 5.16, 6.09, 5.96, 5.99, 5.78, 5.36, 5.45, 5.0, 4.31, 3.96, 3.92, 3.91, 3.99, 4.32, 4.41, 4.24, 4.65, 5.26, 5.08, 4.81, 4.42], [12.35, 12.49, 12.85, 12.81, 12.399, 13.108, 12.661, 11.2, 10.11, 9.69, 9.16, 8.39, 8.84, 9.86, 10.22, 9.98, 10.08, 10.03, 9.57, 8.84, 8.0, 7.69, 7.97, 8.09, 7.67, 5.91, 4.38, 3.66, 2.38, 1.94, 1.02, 0, 0.8, 2.04, 3.17, 3.14, 2.72, 2.87, 3.12, 3.74, 4.52, 3.88, 3.54, 3.62, 3.86, 4.45, 4.13, 3.9, 3.28, 3.23, 3.28, 2.91, 2.99, 3.42, 3.95, 3.9, 3.46, 3.68, 3.99, 4.81, 5.31, 5.24, 5.27, 5.16, 4.71, 5.02, 5.83, 5.82, 5.93, 5.72, 5.28, 5.49, 4.94, 4.47, 4.08, 4.18, 4.15, 4.07, 4.48, 4.51, 4.24, 4.71, 5.36, 5.02, 4.81, 4.42], [12.15, 12.43, 12.61, 12.51, 12.12, 12.84, 12.45, 11.08, 10.05, 9.73, 9.16, 8.39, 8.92, 9.9, 10.24, 9.94, 10.0, 10.03, 9.55, 8.74, 8.0, 7.69, 7.89, 8.05, 7.77, 6.23, 4.64, 3.9, 2.18, 1.88, 1.2, 0.8, 0, 1.8, 3.27, 3.3, 2.98, 3.17, 3.38, 4.0, 4.78, 4.14, 3.8, 3.8, 4.0, 4.73, 4.41, 4.18, 3.6, 3.57, 3.6, 3.21, 3.27, 3.7, 4.25, 4.2, 3.76, 3.96, 4.35, 5.19, 5.57, 5.32, 5.39, 5.2, 4.75, 4.98, 5.57, 5.56, 5.73, 5.56, 5.34, 5.61, 5.1, 4.55, 4.26, 4.46, 4.43, 4.27, 4.5, 4.55, 4.42, 4.75, 5.34, 5.18, 5.05, 4.7], [10.95, 11.15, 11.23, 11.21, 10.52, 11.24, 10.97, 9.7, 8.83, 8.59, 8.1, 7.15, 7.44, 8.48, 8.82, 8.68, 8.72, 8.73, 8.33, 7.64, 6.82, 6.47, 6.79, 7.09, 6.67, 5.25, 3.88, 2.98, 1.12, 1.14, 1.78, 2.04, 1.8, 0, 1.87, 2.08, 1.84, 2.13, 2.36, 2.82, 3.52, 3.18, 3.02, 2.9, 3.06, 3.75, 3.37, 3.2, 2.96, 2.85, 2.98, 2.47, 2.51, 2.86, 3.37, 3.32, 2.98, 3.32, 3.69, 4.41, 4.65, 4.3, 4.23, 4.18, 3.89, 4.04, 4.63, 4.44, 4.49, 4.5, 4.18, 4.29, 3.92, 3.19, 2.94, 3.16, 3.21, 3.13, 3.16, 3.37, 3.26, 3.59, 4.12, 4.14, 3.97, 3.78], [9.62, 9.6, 10.0, 10.12, 9.57, 10.25, 9.86, 8.53, 7.46, 6.96, 6.57, 5.82, 5.93, 6.83, 7.45, 7.29, 7.19, 7.22, 6.72, 6.41, 5.73, 5.46, 5.68, 5.82, 5.24, 3.96, 3.03, 2.35, 1.75, 2.41, 2.97, 3.17, 3.27, 1.87, 0, 0.99, 1.37, 1.52, 1.59, 1.83, 2.19, 2.09, 2.25, 2.35, 2.57, 2.72, 2.42, 2.81, 3.07, 2.78, 2.41, 2.16, 2.1, 2.45, 2.7, 2.41, 2.11, 2.59, 2.84, 3.36, 3.56, 3.23, 3.08, 2.95, 3.04, 3.23, 3.92, 3.87, 3.72, 3.37, 2.81, 2.66, 2.53, 2.08, 2.07, 2.39, 2.58, 2.42, 2.49, 2.3, 2.33, 2.6, 2.91, 2.71, 2.8, 2.67], [9.93, 9.91, 10.37, 10.43, 9.92, 10.6, 10.23, 8.82, 7.69, 7.15, 6.66, 5.85, 6.12, 7.04, 7.76, 7.62, 7.52, 7.51, 7.03, 6.6, 5.88, 5.57, 5.79, 5.91, 5.25, 3.91, 3.34, 2.8, 2.16, 2.64, 3.06, 3.14, 3.3, 2.08, 0.99, 0, 1.08, 1.11, 1.46, 1.68, 1.98, 2.12, 2.48, 2.56, 2.88, 2.83, 2.71, 2.98, 3.18, 2.67, 2.34, 2.27, 2.07, 2.5, 2.67, 2.46, 2.14, 2.4, 2.39, 2.99, 3.43, 3.04, 2.95, 2.84, 2.79, 2.94, 3.83, 3.84, 3.79, 3.48, 2.8, 2.59, 2.42, 2.11, 1.8, 2.16, 2.31, 2.29, 2.4, 2.21, 2.16, 2.57, 2.96, 2.58, 2.47, 2.44], [10.59, 10.63, 10.97, 11.01, 10.42, 11.2, 10.87, 9.46, 8.25, 7.79, 7.36, 6.53, 6.68, 7.66, 8.4, 8.28, 8.22, 8.13, 7.67, 7.26, 6.3, 5.99, 6.33, 6.63, 5.79, 4.11, 3.16, 2.44, 1.86, 2.26, 2.6, 2.72, 2.98, 1.84, 1.37, 1.08, 0, 0.67, 1.02, 1.44, 2.06, 2.1, 2.42, 2.38, 2.68, 2.83, 2.45, 2.68, 2.76, 2.31, 1.96, 1.77, 1.87, 2.34, 2.61, 2.42, 2.04, 2.38, 2.47, 3.17, 3.75, 3.58, 3.43, 3.44, 3.09, 3.44, 4.35, 4.28, 4.27, 4.04, 3.48, 3.43, 3.02, 2.49, 2.06, 2.2, 2.27, 2.35, 2.5, 2.53, 2.42, 2.89, 3.46, 3.08, 2.75, 2.54], [10.36, 10.44, 10.78, 10.82, 10.27, 11.03, 10.68, 9.27, 8.06, 7.6, 7.21, 6.46, 6.57, 7.65, 8.25, 8.11, 8.01, 8.0, 7.48, 7.07, 6.05, 5.78, 6.14, 6.38, 5.62, 3.9, 3.09, 2.45, 2.09, 2.53, 2.81, 2.87, 3.17, 2.13, 1.52, 1.11, 0.67, 0, 0.89, 1.33, 1.87, 1.99, 2.29, 2.33, 2.63, 2.66, 2.44, 2.79, 2.83, 2.38, 1.91, 1.74, 1.94, 2.39, 2.56, 2.33, 1.91, 2.27, 2.26, 2.94, 3.42, 3.31, 3.26, 3.23, 2.86, 3.15, 4.14, 3.99, 4.08, 3.79, 3.25, 3.26, 2.77, 2.32, 1.85, 2.03, 2.0, 2.1, 2.31, 2.3, 2.31, 2.7, 3.27, 2.89, 2.54, 2.37], [10.19, 10.29, 10.61, 10.63, 10.08, 10.84, 10.43, 9.02, 7.85, 7.35, 6.94, 6.07, 6.2, 7.4, 7.98, 7.86, 7.86, 7.85, 7.33, 6.86, 5.88, 5.57, 5.93, 6.21, 5.39, 3.65, 2.8, 2.14, 2.24, 2.78, 3.08, 3.12, 3.38, 2.36, 1.59, 1.46, 1.02, 0.89, 0, 0.96, 1.7, 1.58, 2.04, 2.02, 2.26, 2.27, 2.15, 2.64, 2.9, 2.41, 2.02, 1.75, 1.97, 2.4, 2.63, 2.28, 1.74, 2.0, 1.95, 2.53, 3.25, 3.12, 3.11, 3.06, 2.55, 3.0, 3.87, 3.88, 3.79, 3.6, 3.04, 3.11, 2.58, 2.11, 1.82, 1.88, 1.85, 1.85, 2.08, 2.13, 2.04, 2.53, 3.0, 2.66, 2.31, 2.08], [9.65, 9.67, 10.01, 10.07, 9.44, 10.24, 9.89, 8.48, 7.33, 6.81, 6.38, 5.51, 5.66, 6.74, 7.4, 7.3, 7.24, 7.25, 6.73, 6.32, 5.3, 5.01, 5.39, 5.67, 4.85, 3.17, 3.0, 2.46, 2.82, 3.36, 3.76, 3.74, 4.0, 2.82, 1.83, 1.68, 1.44, 1.33, 0.96, 0, 1.14, 1.58, 2.18, 2.5, 2.46, 2.31, 2.35, 3.06, 3.44, 3.01, 2.42, 2.27, 2.53, 2.88, 2.75, 2.36, 1.94, 2.1, 1.81, 2.21, 2.85, 2.68, 2.65, 2.54, 2.15, 2.56, 3.39, 3.42, 3.33, 3.06, 2.52, 2.51, 2.04, 1.69, 1.34, 1.5, 1.47, 1.39, 1.58, 1.55, 1.5, 1.93, 2.5, 2.16, 1.81, 1.64], [9.11, 9.13, 9.55, 9.63, 9.02, 9.76, 9.45, 8.04, 6.83, 6.29, 5.86, 5.05, 5.24, 6.2, 6.98, 6.86, 6.72, 6.71, 6.21, 5.84, 4.8, 4.55, 4.91, 5.11, 4.27, 2.59, 2.78, 2.44, 3.3, 3.78, 4.26, 4.52, 4.78, 3.52, 2.19, 1.98, 2.06, 1.87, 1.7, 1.14, 0, 1.56, 2.26, 2.7, 2.66, 2.07, 2.15, 2.94, 3.5, 3.21, 2.6, 2.49, 2.57, 2.94, 2.69, 2.32, 1.96, 2.12, 1.77, 1.69, 2.29, 2.44, 2.39, 2.42, 2.15, 2.44, 3.37, 3.46, 3.37, 2.84, 2.08, 1.95, 1.62, 1.53, 1.36, 1.44, 1.25, 1.17, 1.48, 1.45, 1.5, 1.81, 2.26, 1.86, 1.41, 1.52], [9.43, 9.53, 9.95, 9.87, 9.48, 10.26, 9.83, 8.38, 7.11, 6.57, 6.04, 5.37, 5.68, 6.76, 7.3, 7.18, 7.2, 7.25, 6.71, 6.0, 5.1, 4.85, 5.09, 5.23, 4.41, 2.45, 1.64, 1.76, 2.58, 3.36, 3.76, 3.88, 4.14, 3.18, 2.09, 2.12, 2.1, 1.99, 1.58, 1.58, 1.56, 0, 1.36, 2.06, 1.78, 1.13, 1.31, 2.42, 3.08, 2.79, 2.34, 2.11, 2.05, 2.4, 2.23, 1.74, 1.52, 1.72, 1.79, 2.19, 2.97, 2.9, 3.13, 3.14, 2.67, 3.0, 3.99, 4.32, 4.23, 3.66, 2.74, 2.67, 2.44, 2.41, 2.26, 2.18, 2.07, 1.91, 2.28, 2.43, 2.0, 2.39, 3.0, 2.32, 1.81, 1.7], [10.37, 10.41, 10.87, 10.85, 10.44, 11.16, 10.71, 9.22, 7.93, 7.39, 6.84, 6.23, 6.66, 7.72, 8.16, 8.04, 8.06, 8.11, 7.57, 6.86, 5.9, 5.67, 5.89, 6.07, 5.31, 3.25, 1.34, 1.18, 2.24, 3.1, 3.28, 3.54, 3.8, 3.02, 2.25, 2.48, 2.42, 2.29, 2.04, 2.18, 2.26, 1.36, 0, 1.02, 0.98, 1.35, 1.57, 1.84, 2.34, 2.19, 1.82, 1.61, 1.33, 1.56, 1.49, 1.18, 1.02, 1.32, 1.77, 2.47, 3.45, 3.62, 3.67, 3.88, 3.45, 3.8, 4.73, 4.94, 4.93, 4.48, 3.7, 3.67, 3.26, 2.99, 2.72, 2.6, 2.43, 2.37, 3.04, 3.13, 2.84, 3.29, 3.92, 3.2, 2.75, 2.56], [10.93, 10.99, 11.29, 11.35, 10.82, 11.5, 11.07, 9.56, 8.35, 7.93, 7.48, 6.69, 7.14, 8.18, 8.6, 8.46, 8.58, 8.53, 8.09, 7.36, 6.22, 5.97, 6.37, 6.69, 6.03, 3.91, 1.88, 1.36, 2.14, 2.92, 3.18, 3.62, 3.8, 2.9, 2.35, 2.56, 2.38, 2.33, 2.02, 2.5, 2.7, 2.06, 1.02, 0, 0.56, 1.79, 1.91, 1.7, 2.08, 1.99, 1.78, 1.59, 1.41, 1.5, 1.73, 1.42, 1.34, 1.7, 2.31, 3.01, 3.97, 4.08, 3.97, 4.28, 3.89, 4.36, 5.21, 5.18, 5.13, 4.86, 4.26, 4.21, 3.76, 3.29, 2.88, 2.82, 2.61, 2.65, 3.26, 3.43, 3.08, 3.59, 4.2, 3.76, 3.35, 3.06], [10.63, 10.71, 10.99, 11.05, 10.46, 11.18, 10.75, 9.26, 8.07, 7.63, 7.18, 6.33, 6.82, 7.9, 8.28, 8.16, 8.28, 8.29, 7.81, 7.06, 5.94, 5.65, 6.07, 6.39, 5.75, 3.63, 1.6, 1.24, 2.38, 3.12, 3.4, 3.86, 4.0, 3.06, 2.57, 2.88, 2.68, 2.63, 2.26, 2.46, 2.66, 1.78, 0.98, 0.56, 0, 1.55, 1.65, 1.8, 2.34, 2.33, 1.98, 1.87, 1.65, 1.7, 1.75, 1.48, 1.46, 1.8, 2.39, 3.07, 3.97, 4.08, 4.03, 4.26, 3.87, 4.34, 5.17, 5.16, 5.07, 4.72, 4.08, 3.99, 3.62, 3.35, 3.0, 2.84, 2.63, 2.61, 3.14, 3.39, 2.9, 3.35, 3.98, 3.56, 3.15, 2.88], [9.54, 9.54, 9.98, 10.04, 9.57, 10.25, 9.84, 8.43, 7.2, 6.66, 6.23, 5.48, 5.75, 6.81, 7.39, 7.27, 7.23, 7.26, 6.74, 6.25, 5.21, 4.96, 5.28, 5.48, 4.62, 2.48, 1.13, 1.53, 2.91, 3.73, 4.05, 4.45, 4.73, 3.75, 2.72, 2.83, 2.83, 2.66, 2.27, 2.31, 2.07, 1.13, 1.35, 1.79, 1.55, 0, 1.32, 2.15, 2.91, 2.68, 2.19, 2.12, 2.08, 2.17, 1.9, 1.45, 1.53, 1.67, 1.96, 2.54, 3.52, 3.59, 3.78, 3.71, 3.44, 3.77, 4.74, 4.95, 4.76, 4.11, 3.19, 3.02, 3.05, 3.0, 2.89, 2.67, 2.54, 2.46, 2.85, 3.02, 2.47, 2.74, 3.29, 2.71, 2.28, 2.17], [10.32, 10.34, 10.76, 10.8, 10.27, 11.03, 10.68, 9.25, 8.04, 7.5, 7.07, 6.28, 6.47, 7.49, 8.19, 8.09, 7.99, 8.02, 7.48, 7.07, 6.03, 5.8, 6.12, 6.32, 5.46, 3.22, 1.25, 1.33, 2.61, 3.35, 3.79, 4.13, 4.41, 3.37, 2.42, 2.71, 2.45, 2.44, 2.15, 2.35, 2.15, 1.31, 1.57, 1.91, 1.65, 1.32, 0, 1.37, 2.13, 1.92, 1.75, 1.6, 1.54, 1.63, 1.66, 1.67, 1.57, 1.79, 2.2, 2.9, 3.9, 4.01, 4.14, 4.21, 3.82, 4.25, 5.24, 5.39, 5.26, 4.67, 3.81, 3.46, 3.43, 3.4, 3.09, 2.85, 2.82, 2.72, 3.19, 3.32, 2.93, 3.36, 3.95, 3.39, 2.88, 2.79], [11.63, 11.65, 12.07, 12.11, 11.52, 12.28, 11.97, 10.56, 9.35, 8.81, 8.38, 7.59, 7.76, 8.72, 9.5, 9.4, 9.26, 9.25, 8.75, 8.38, 7.34, 7.09, 7.43, 7.63, 6.77, 4.51, 2.04, 1.44, 2.68, 3.2, 3.48, 3.9, 4.18, 3.2, 2.81, 2.98, 2.68, 2.79, 2.64, 3.06, 2.94, 2.42, 1.84, 1.7, 1.8, 2.15, 1.37, 0, 1.14, 1.17, 1.56, 1.53, 1.47, 1.22, 1.57, 1.8, 1.98, 2.12, 2.69, 3.59, 4.75, 4.88, 4.97, 5.12, 4.73, 5.16, 6.17, 6.26, 6.17, 5.66, 4.9, 4.59, 4.36, 4.29, 3.8, 3.6, 3.59, 3.59, 4.04, 4.17, 3.96, 4.45, 5.04, 4.56, 3.97, 3.84], [12.29, 12.33, 12.73, 12.73, 12.3, 13.04, 12.65, 11.22, 9.95, 9.43, 8.96, 8.21, 8.46, 9.48, 10.16, 10.0, 9.96, 10.01, 9.47, 8.94, 7.96, 7.73, 8.03, 8.23, 7.39, 5.15, 2.7, 2.1, 2.6, 2.86, 2.92, 3.28, 3.6, 2.96, 3.07, 3.18, 2.76, 2.83, 2.9, 3.44, 3.5, 3.08, 2.34, 2.08, 2.34, 2.91, 2.13, 1.14, 0, 1.01, 1.68, 1.61, 1.61, 1.26, 1.63, 1.98, 2.14, 2.22, 2.79, 3.91, 5.13, 5.32, 5.33, 5.34, 5.01, 5.36, 6.39, 6.42, 6.37, 6.02, 5.3, 5.19, 4.84, 4.53, 4.18, 3.9, 3.79, 3.91, 4.56, 4.59, 4.46, 4.87, 5.56, 4.96, 4.39, 4.18], [12.08, 12.16, 12.58, 12.58, 12.13, 12.889, 12.46, 11.01, 9.76, 9.24, 8.75, 7.98, 8.23, 9.329, 9.93, 9.81, 9.81, 9.84, 9.3, 8.73, 7.69, 7.46, 7.8, 8.0, 7.16, 4.9, 2.51, 1.97, 2.49, 3.03, 2.95, 3.23, 3.57, 2.85, 2.78, 2.67, 2.31, 2.38, 2.41, 3.01, 3.21, 2.79, 2.19, 1.99, 2.33, 2.68, 1.92, 1.17, 1.01, 0, 1.21, 1.16, 1.2, 0.99, 1.54, 1.91, 1.75, 1.89, 2.36, 3.48, 4.78, 4.99, 5.06, 4.99, 4.54, 4.87, 5.92, 5.89, 5.92, 5.69, 4.97, 4.88, 4.55, 4.14, 3.81, 3.61, 3.36, 3.66, 4.23, 4.3, 4.13, 4.58, 5.19, 4.59, 4.04, 3.81], [11.57, 11.57, 12.03, 12.05, 11.52, 12.26, 11.91, 10.4, 9.15, 8.61, 8.18, 7.39, 7.72, 8.7, 9.38, 9.22, 9.14, 9.11, 8.59, 8.14, 7.16, 6.93, 7.25, 7.39, 6.55, 4.29, 2.24, 1.82, 2.5, 2.98, 3.18, 3.28, 3.6, 2.98, 2.41, 2.34, 1.96, 1.91, 2.02, 2.42, 2.6, 2.34, 1.82, 1.78, 1.98, 2.19, 1.75, 1.56, 1.68, 1.21, 0, 0.85, 1.11, 1.2, 1.39, 1.52, 1.32, 1.36, 1.79, 2.93, 4.25, 4.42, 4.43, 4.44, 4.17, 4.4, 5.41, 5.28, 5.37, 5.04, 4.42, 4.27, 3.88, 3.59, 3.18, 3.08, 2.95, 3.07, 3.6, 3.69, 3.48, 3.97, 4.64, 4.06, 3.49, 3.24], [11.26, 11.32, 11.76, 11.76, 11.33, 12.05, 11.6, 10.09, 8.84, 8.34, 7.89, 7.12, 7.45, 8.57, 9.07, 8.87, 8.91, 8.94, 8.4, 7.83, 6.83, 6.6, 6.9, 7.1, 6.24, 4.04, 1.97, 1.51, 1.99, 2.59, 2.69, 2.91, 3.21, 2.47, 2.16, 2.27, 1.77, 1.74, 1.75, 2.27, 2.49, 2.11, 1.61, 1.59, 1.87, 2.12, 1.6, 1.53, 1.61, 1.16, 0.85, 0, 0.94, 1.19, 1.58, 1.43, 1.09, 1.25, 1.76, 2.78, 3.98, 4.11, 4.18, 4.19, 3.86, 4.15, 5.14, 5.01, 5.12, 4.79, 4.15, 4.24, 3.67, 3.32, 3.03, 2.89, 2.64, 2.82, 3.45, 3.54, 3.27, 3.76, 4.39, 3.77, 3.26, 2.99], [11.32, 11.38, 11.84, 11.82, 11.41, 12.13, 11.68, 10.17, 8.86, 8.34, 7.79, 7.12, 7.55, 8.61, 9.11, 8.97, 9.01, 9.04, 8.5, 7.81, 6.83, 6.6, 6.86, 7.02, 6.24, 3.98, 1.83, 1.35, 1.97, 2.63, 2.77, 2.99, 3.27, 2.51, 2.1, 2.07, 1.87, 1.94, 1.97, 2.53, 2.57, 2.05, 1.33, 1.41, 1.65, 2.08, 1.54, 1.47, 1.61, 1.2, 1.11, 0.94, 0, 0.85, 1.32, 1.39, 1.13, 1.31, 1.78, 2.88, 4.04, 4.25, 4.32, 4.35, 3.92, 4.27, 5.24, 5.33, 5.32, 5.03, 4.31, 4.24, 3.85, 3.52, 3.17, 2.99, 2.76, 2.98, 3.65, 3.72, 3.45, 3.94, 4.61, 3.91, 3.32, 3.09], [11.61, 11.67, 12.13, 12.15, 11.7, 12.42, 11.97, 10.48, 9.19, 8.67, 8.2, 7.43, 7.84, 8.9, 9.42, 9.3, 9.3, 9.35, 8.81, 8.2, 7.18, 6.95, 7.25, 7.45, 6.63, 4.33, 1.96, 1.6, 2.3, 2.86, 3.08, 3.42, 3.7, 2.86, 2.45, 2.5, 2.34, 2.39, 2.4, 2.88, 2.94, 2.4, 1.56, 1.5, 1.7, 2.17, 1.63, 1.22, 1.26, 0.99, 1.2, 1.19, 0.85, 0, 1.01, 1.3, 1.24, 1.4, 2.01, 3.17, 4.45, 4.6, 4.67, 4.72, 4.33, 4.7, 5.71, 5.68, 5.69, 5.42, 4.74, 4.55, 4.18, 3.89, 3.52, 3.26, 3.15, 3.39, 4.02, 4.07, 3.84, 4.31, 4.96, 4.3, 3.73, 3.5], [11.2, 11.2, 11.66, 11.68, 11.23, 11.95, 11.54, 10.05, 8.76, 8.22, 7.79, 7.02, 7.39, 8.43, 9.01, 8.87, 8.83, 8.86, 8.32, 7.79, 6.79, 6.56, 6.86, 7.04, 6.18, 3.96, 1.93, 1.93, 2.59, 3.31, 3.63, 3.95, 4.25, 3.37, 2.7, 2.67, 2.61, 2.56, 2.63, 2.75, 2.69, 2.23, 1.49, 1.73, 1.75, 1.9, 1.66, 1.57, 1.63, 1.54, 1.39, 1.58, 1.32, 1.01, 0, 0.81, 1.21, 1.19, 1.88, 3.04, 4.2, 4.27, 4.28, 4.47, 4.2, 4.53, 5.56, 5.51, 5.46, 5.19, 4.49, 4.26, 3.95, 3.66, 3.35, 2.99, 2.92, 3.14, 3.73, 3.78, 3.51, 4.02, 4.71, 4.07, 3.48, 3.31], [10.67, 10.69, 11.15, 11.15, 10.72, 11.44, 10.99, 9.48, 8.23, 7.71, 7.24, 6.53, 6.92, 7.96, 8.48, 8.3, 8.34, 8.37, 7.83, 7.26, 6.26, 6.03, 6.29, 6.49, 5.63, 3.45, 1.74, 1.72, 2.5, 3.24, 3.64, 3.9, 4.2, 3.32, 2.41, 2.46, 2.42, 2.33, 2.28, 2.36, 2.32, 1.74, 1.18, 1.42, 1.48, 1.45, 1.67, 1.8, 1.98, 1.91, 1.52, 1.43, 1.39, 1.3, 0.81, 0, 0.82, 0.9, 1.59, 2.67, 3.73, 3.76, 3.83, 4.06, 3.73, 4.1, 5.11, 5.08, 5.09, 4.7, 4.0, 3.89, 3.46, 3.17, 2.92, 2.6, 2.47, 2.67, 3.28, 3.33, 3.06, 3.57, 4.24, 3.58, 3.05, 2.86], [10.63, 10.65, 11.11, 11.13, 10.7, 11.4, 10.95, 9.42, 8.11, 7.59, 7.08, 6.37, 6.84, 7.9, 8.4, 8.24, 8.3, 8.33, 7.79, 7.12, 6.08, 5.85, 6.13, 6.33, 5.55, 3.33, 1.68, 1.6, 2.4, 2.94, 3.28, 3.46, 3.76, 2.98, 2.11, 2.14, 2.04, 1.91, 1.74, 1.94, 1.96, 1.52, 1.02, 1.34, 1.46, 1.53, 1.57, 1.98, 2.14, 1.75, 1.32, 1.09, 1.13, 1.24, 1.21, 0.82, 0, 0.68, 1.19, 2.25, 3.43, 3.56, 3.67, 3.72, 3.35, 3.7, 4.69, 4.72, 4.71, 4.38, 3.68, 3.65, 3.2, 2.83, 2.56, 2.38, 2.15, 2.35, 2.96, 3.03, 2.78, 3.29, 3.9, 3.22, 2.69, 2.44], [10.81, 10.85, 11.31, 11.27, 10.88, 11.6, 11.15, 9.62, 8.27, 7.73, 7.18, 6.53, 7.04, 8.1, 8.62, 8.44, 8.5, 8.53, 7.99, 7.26, 6.28, 6.01, 6.31, 6.41, 5.69, 3.39, 1.92, 2.04, 2.86, 3.42, 3.68, 3.68, 3.96, 3.32, 2.59, 2.4, 2.38, 2.27, 2.0, 2.1, 2.12, 1.72, 1.32, 1.7, 1.8, 1.67, 1.79, 2.12, 2.22, 1.89, 1.36, 1.25, 1.31, 1.4, 1.19, 0.9, 0.68, 0, 0.95, 2.07, 3.41, 3.62, 3.75, 3.76, 3.35, 3.66, 4.59, 4.68, 4.69, 4.4, 3.7, 3.71, 3.22, 2.91, 2.74, 2.46, 2.29, 2.43, 3.04, 3.11, 2.88, 3.33, 3.98, 3.32, 2.71, 2.48], [10.279, 10.34, 10.8, 10.76, 10.363, 11.09, 10.64, 9.11, 7.8, 7.28, 6.73, 6.04, 6.51, 7.55, 8.07, 7.89, 7.95, 7.98, 7.44, 6.69, 5.73, 5.5, 5.78, 5.9, 5.12, 2.84, 2.33, 2.45, 3.35, 3.83, 4.01, 3.99, 4.35, 3.69, 2.84, 2.39, 2.47, 2.26, 1.95, 1.81, 1.77, 1.79, 1.77, 2.31, 2.39, 1.96, 2.2, 2.69, 2.79, 2.36, 1.79, 1.76, 1.78, 2.01, 1.88, 1.59, 1.19, 0.95, 0, 1.4, 2.82, 3.07, 3.22, 3.17, 2.72, 2.95, 3.88, 4.05, 4.1, 3.79, 3.09, 3.1, 2.65, 2.42, 2.53, 2.01, 1.84, 2.02, 2.51, 2.6, 2.37, 2.84, 3.39, 2.75, 2.16, 1.93], [9.02, 9.1, 9.54, 9.5, 9.11, 9.83, 9.4, 7.95, 6.64, 6.12, 5.57, 4.88, 5.25, 6.31, 6.87, 6.73, 6.75, 6.8, 6.26, 5.53, 4.59, 4.36, 4.62, 4.72, 3.98, 2.54, 3.05, 3.09, 4.13, 4.55, 4.81, 4.81, 5.19, 4.41, 3.36, 2.99, 3.17, 2.94, 2.53, 2.21, 1.69, 2.19, 2.47, 3.01, 3.07, 2.54, 2.9, 3.59, 3.91, 3.48, 2.93, 2.78, 2.88, 3.17, 3.04, 2.67, 2.25, 2.07, 1.4, 0, 1.68, 2.05, 2.28, 2.05, 1.6, 1.87, 2.8, 3.13, 3.04, 2.67, 2.15, 2.24, 1.83, 2.08, 2.47, 1.97, 1.52, 1.76, 2.35, 2.32, 2.25, 2.4, 2.55, 2.13, 1.72, 1.83], [7.62, 7.78, 8.14, 8.1, 7.706, 8.429, 7.98, 6.59, 5.42, 4.98, 4.47, 3.76, 4.13, 5.19, 5.61, 5.37, 5.37, 5.36, 4.84, 4.11, 3.19, 3.1, 3.26, 3.46, 3.2, 3.16, 4.13, 4.05, 4.31, 4.91, 5.29, 5.31, 5.57, 4.65, 3.56, 3.43, 3.75, 3.42, 3.25, 2.85, 2.29, 2.97, 3.45, 3.97, 3.97, 3.52, 3.9, 4.75, 5.13, 4.78, 4.25, 3.98, 4.04, 4.45, 4.2, 3.73, 3.43, 3.41, 2.82, 1.68, 0, 0.85, 1.08, 1.35, 1.48, 1.55, 1.68, 1.83, 2.0, 2.15, 1.99, 2.24, 1.85, 1.96, 2.31, 2.19, 2.0, 1.98, 2.03, 2.1, 2.21, 2.3, 2.37, 2.33, 2.16, 2.23], [7.41, 7.57, 7.912, 7.93, 7.476, 8.205, 7.77, 6.32, 5.23, 4.77, 4.28, 3.51, 3.92, 4.96, 5.36, 5.12, 5.16, 5.13, 4.59, 3.94, 3.16, 2.93, 3.05, 3.29, 3.01, 3.39, 4.32, 4.16, 4.02, 4.8, 5.2, 5.24, 5.32, 4.3, 3.23, 3.04, 3.58, 3.31, 3.12, 2.68, 2.44, 2.9, 3.62, 4.08, 4.08, 3.59, 4.01, 4.88, 5.32, 4.99, 4.42, 4.11, 4.25, 4.6, 4.27, 3.76, 3.56, 3.62, 3.07, 2.05, 0.85, 0, 0.83, 1.1, 1.21, 1.36, 1.67, 1.72, 1.91, 2.02, 1.86, 1.91, 1.54, 1.81, 2.18, 2.22, 2.13, 2.13, 2.02, 1.83, 1.98, 2.05, 2.12, 2.02, 1.97, 2.2], [7.44, 7.54, 7.86, 7.86, 7.41, 8.118, 7.7, 6.21, 5.08, 4.68, 4.27, 3.44, 3.79, 4.85, 5.25, 5.03, 5.13, 5.06, 4.58, 3.91, 3.13, 3.06, 3.12, 3.52, 3.22, 3.64, 4.49, 4.25, 4.05, 4.77, 5.23, 5.27, 5.39, 4.23, 3.08, 2.95, 3.43, 3.26, 3.11, 2.65, 2.39, 3.13, 3.67, 3.97, 4.03, 3.78, 4.14, 4.97, 5.33, 5.06, 4.43, 4.18, 4.32, 4.67, 4.28, 3.83, 3.67, 3.75, 3.22, 2.28, 1.08, 0.83, 0, 1.09, 1.52, 1.59, 1.64, 1.47, 1.68, 1.97, 1.93, 1.94, 1.67, 1.62, 2.03, 2.11, 2.0, 2.04, 2.05, 1.78, 1.93, 2.06, 2.01, 1.97, 2.16, 2.41], [7.35, 7.45, 7.796, 7.804, 7.369, 8.065, 7.653, 6.32, 5.29, 4.89, 4.52, 3.77, 3.94, 4.88, 5.36, 5.06, 5.06, 5.11, 4.63, 4.16, 3.46, 3.19, 3.39, 3.55, 3.09, 3.49, 4.5, 4.42, 4.06, 4.68, 5.2, 5.16, 5.2, 4.18, 2.95, 2.84, 3.44, 3.23, 3.06, 2.54, 2.42, 3.14, 3.88, 4.28, 4.26, 3.71, 4.21, 5.12, 5.34, 4.99, 4.44, 4.19, 4.35, 4.72, 4.47, 4.06, 3.72, 3.76, 3.17, 2.05, 1.35, 1.1, 1.09, 0, 0.93, 1.02, 1.23, 1.38, 1.31, 1.34, 1.24, 1.47, 1.34, 1.57, 2.06, 2.12, 2.03, 2.09, 1.92, 1.55, 1.76, 1.67, 1.64, 1.76, 1.95, 2.14], [7.94, 8.12, 8.397, 8.357, 7.892, 8.655, 8.225, 6.89, 5.92, 5.48, 4.95, 4.12, 4.43, 5.47, 5.93, 5.65, 5.71, 5.76, 5.26, 4.65, 3.81, 3.52, 3.74, 3.92, 3.5, 3.14, 4.11, 4.01, 3.67, 4.35, 4.83, 4.71, 4.75, 3.89, 3.04, 2.79, 3.09, 2.86, 2.55, 2.15, 2.15, 2.67, 3.45, 3.89, 3.87, 3.44, 3.82, 4.73, 5.01, 4.54, 4.17, 3.86, 3.92, 4.33, 4.2, 3.73, 3.35, 3.35, 2.72, 1.6, 1.48, 1.21, 1.52, 0.93, 0, 0.83, 1.58, 1.83, 1.8, 1.63, 1.43, 1.66, 1.39, 1.44, 1.77, 1.79, 1.66, 1.74, 1.59, 1.38, 1.51, 1.48, 1.59, 1.73, 1.68, 1.77], [7.69, 7.95, 8.198, 8.098, 7.687, 8.433, 8.087, 6.74, 5.75, 5.35, 4.82, 4.07, 4.36, 5.38, 5.82, 5.58, 5.58, 5.57, 5.15, 4.36, 3.72, 3.45, 3.51, 3.59, 3.21, 3.23, 4.48, 4.44, 4.0, 4.7, 5.16, 5.02, 4.98, 4.04, 3.23, 2.94, 3.44, 3.15, 3.0, 2.56, 2.44, 3.0, 3.8, 4.36, 4.34, 3.77, 4.25, 5.16, 5.36, 4.87, 4.4, 4.15, 4.27, 4.7, 4.53, 4.1, 3.7, 3.66, 2.95, 1.87, 1.55, 1.36, 1.59, 1.02, 0.83, 0, 1.35, 1.74, 1.65, 1.38, 1.32, 1.79, 1.46, 1.59, 2.04, 2.2, 2.03, 2.15, 1.74, 1.53, 1.76, 1.57, 1.62, 1.74, 1.81, 1.98], [7.0, 7.3, 7.36, 7.18, 6.769, 7.472, 7.22, 6.03, 5.22, 5.02, 4.45, 3.66, 3.93, 4.89, 5.27, 4.99, 4.95, 5.08, 4.68, 3.87, 3.47, 3.36, 3.4, 3.68, 3.44, 4.2, 5.37, 5.41, 4.75, 5.23, 6.09, 5.83, 5.57, 4.63, 3.92, 3.83, 4.35, 4.14, 3.87, 3.39, 3.37, 3.99, 4.73, 5.21, 5.17, 4.74, 5.24, 6.17, 6.39, 5.92, 5.41, 5.14, 5.24, 5.71, 5.56, 5.11, 4.69, 4.59, 3.88, 2.8, 1.68, 1.67, 1.64, 1.23, 1.58, 1.35, 0, 1.01, 0.98, 1.23, 1.75, 2.2, 2.13, 2.22, 2.89, 3.15, 2.94, 2.9, 2.47, 2.3, 2.65, 2.36, 2.07, 2.45, 2.82, 2.95], [7.17, 7.43, 7.47, 7.41, 6.76, 7.5, 7.23, 6.0, 5.21, 4.99, 4.62, 3.83, 3.96, 4.9, 5.24, 5.0, 4.96, 5.11, 4.65, 4.08, 3.52, 3.43, 3.59, 3.87, 3.75, 4.67, 5.74, 5.52, 4.6, 5.04, 5.96, 5.82, 5.56, 4.44, 3.87, 3.84, 4.28, 3.99, 3.88, 3.42, 3.46, 4.32, 4.94, 5.18, 5.16, 4.95, 5.39, 6.26, 6.42, 5.89, 5.28, 5.01, 5.33, 5.68, 5.51, 5.08, 4.72, 4.68, 4.05, 3.13, 1.83, 1.72, 1.47, 1.38, 1.83, 1.74, 1.01, 0, 0.95, 1.54, 2.12, 2.39, 2.22, 2.07, 2.78, 3.0, 2.79, 2.81, 2.46, 2.29, 2.74, 2.53, 2.16, 2.68, 3.11, 3.22], [6.92, 7.14, 7.18, 7.22, 6.57, 7.27, 6.94, 5.73, 5.1, 5.06, 4.77, 3.88, 3.95, 4.71, 4.99, 4.79, 4.71, 4.86, 4.6, 4.21, 3.67, 3.48, 3.76, 4.04, 3.72, 4.5, 5.59, 5.47, 4.65, 5.07, 5.99, 5.93, 5.73, 4.49, 3.72, 3.79, 4.27, 4.08, 3.79, 3.33, 3.37, 4.23, 4.93, 5.13, 5.07, 4.76, 5.26, 6.17, 6.37, 5.92, 5.37, 5.12, 5.32, 5.69, 5.46, 5.09, 4.71, 4.69, 4.1, 3.04, 2.0, 1.91, 1.68, 1.31, 1.8, 1.65, 0.98, 0.95, 0, 1.09, 1.79, 2.0, 2.05, 2.02, 2.69, 2.91, 2.78, 2.86, 2.35, 2.14, 2.53, 2.36, 1.89, 2.47, 3.0, 3.11], [6.93, 7.17, 7.29, 7.264, 6.8, 7.471, 7.11, 5.96, 5.23, 4.99, 4.62, 3.85, 3.92, 4.76, 5.18, 4.9, 4.78, 4.93, 4.49, 4.16, 3.7, 3.51, 3.65, 3.81, 3.33, 3.69, 4.94, 4.92, 4.48, 4.96, 5.78, 5.72, 5.56, 4.5, 3.37, 3.48, 4.04, 3.79, 3.6, 3.06, 2.84, 3.66, 4.48, 4.86, 4.72, 4.11, 4.67, 5.66, 6.02, 5.69, 5.04, 4.79, 5.03, 5.42, 5.19, 4.7, 4.38, 4.4, 3.79, 2.67, 2.15, 2.02, 1.97, 1.34, 1.63, 1.38, 1.23, 1.54, 1.09, 0, 1.06, 1.43, 1.44, 1.75, 2.48, 2.76, 2.67, 2.51, 2.1, 1.77, 2.04, 1.75, 1.36, 1.78, 2.25, 2.38], [7.33, 7.43, 7.83, 7.824, 7.348, 8.091, 7.673, 6.32, 5.45, 5.05, 4.56, 3.77, 3.88, 4.88, 5.34, 5.1, 5.08, 5.21, 4.79, 4.3, 3.82, 3.53, 3.67, 3.69, 3.13, 2.95, 4.0, 4.14, 4.16, 4.86, 5.36, 5.28, 5.34, 4.18, 2.81, 2.8, 3.48, 3.25, 3.04, 2.52, 2.08, 2.74, 3.7, 4.26, 4.08, 3.19, 3.81, 4.9, 5.3, 4.97, 4.42, 4.15, 4.31, 4.74, 4.49, 4.0, 3.68, 3.7, 3.09, 2.15, 1.99, 1.86, 1.93, 1.24, 1.43, 1.32, 1.75, 2.12, 1.79, 1.06, 0, 0.83, 0.98, 1.33, 2.04, 2.22, 2.21, 2.05, 1.74, 1.51, 1.54, 1.39, 1.04, 1.18, 1.49, 1.72], [7.44, 7.42, 7.869, 7.954, 7.399, 8.113, 7.743, 6.33, 5.46, 5.02, 4.63, 3.78, 3.85, 4.67, 5.29, 5.17, 5.05, 5.12, 4.74, 4.49, 3.91, 3.6, 3.86, 3.9, 3.26, 3.02, 3.89, 4.05, 4.19, 4.87, 5.45, 5.49, 5.61, 4.29, 2.66, 2.59, 3.43, 3.26, 3.11, 2.51, 1.95, 2.67, 3.67, 4.21, 3.99, 3.02, 3.46, 4.59, 5.19, 4.88, 4.27, 4.24, 4.24, 4.55, 4.26, 3.89, 3.65, 3.71, 3.1, 2.24, 2.24, 1.91, 1.94, 1.47, 1.66, 1.79, 2.2, 2.39, 2.0, 1.43, 0.83, 0, 0.91, 1.54, 2.17, 2.25, 2.34, 2.26, 1.91, 1.62, 1.61, 1.56, 1.29, 1.23, 1.64, 1.89], [7.89, 7.95, 8.367, 8.39, 7.88, 8.628, 8.23, 6.76, 5.71, 5.27, 4.78, 4.07, 4.22, 5.2, 5.72, 5.56, 5.52, 5.53, 5.07, 4.66, 3.96, 3.67, 3.91, 3.95, 3.21, 2.91, 3.8, 3.68, 3.74, 4.5, 5.0, 4.94, 5.1, 3.92, 2.53, 2.42, 3.02, 2.77, 2.58, 2.04, 1.62, 2.44, 3.26, 3.76, 3.62, 3.05, 3.43, 4.36, 4.84, 4.55, 3.88, 3.67, 3.85, 4.18, 3.95, 3.46, 3.2, 3.22, 2.65, 1.83, 1.85, 1.54, 1.67, 1.34, 1.39, 1.46, 2.13, 2.22, 2.05, 1.44, 0.98, 0.91, 0, 1.25, 1.76, 1.82, 1.81, 1.77, 1.56, 1.37, 1.38, 1.45, 1.48, 1.34, 1.49, 1.62], [8.28, 8.42, 8.68, 8.74, 8.19, 8.89, 8.44, 7.11, 6.1, 5.7, 5.27, 4.46, 4.61, 5.69, 6.07, 5.93, 5.95, 5.94, 5.4, 4.87, 4.07, 3.86, 4.1, 4.4, 3.86, 3.18, 3.83, 3.53, 3.29, 3.87, 4.31, 4.47, 4.55, 3.19, 2.08, 2.11, 2.49, 2.32, 2.11, 1.69, 1.53, 2.41, 2.99, 3.29, 3.35, 3.0, 3.4, 4.29, 4.53, 4.14, 3.59, 3.32, 3.52, 3.89, 3.66, 3.17, 2.83, 2.91, 2.42, 2.08, 1.96, 1.81, 1.62, 1.57, 1.44, 1.59, 2.22, 2.07, 2.02, 1.75, 1.33, 1.54, 1.25, 0, 1.15, 1.47, 1.44, 1.3, 1.13, 0.8, 1.29, 1.26, 1.21, 1.33, 1.5, 1.57], [9.03, 9.11, 9.35, 9.45, 8.7, 9.4, 9.07, 7.72, 6.85, 6.49, 6.06, 5.11, 5.3, 6.22, 6.76, 6.66, 6.62, 6.53, 6.17, 5.7, 4.64, 4.29, 4.77, 5.05, 4.55, 3.41, 3.64, 3.2, 2.82, 3.22, 3.96, 4.08, 4.26, 2.94, 2.07, 1.8, 2.06, 1.85, 1.82, 1.34, 1.36, 2.26, 2.72, 2.88, 3.0, 2.89, 3.09, 3.8, 4.18, 3.81, 3.18, 3.03, 3.17, 3.52, 3.35, 2.92, 2.56, 2.74, 2.53, 2.47, 2.31, 2.18, 2.03, 2.06, 1.77, 2.04, 2.89, 2.78, 2.69, 2.48, 2.04, 2.17, 1.76, 1.15, 0, 1.02, 1.39, 1.09, 0.92, 1.05, 1.34, 1.57, 1.88, 2.08, 1.89, 1.88], [9.07, 9.15, 9.39, 9.45, 8.72, 9.48, 9.19, 7.84, 6.87, 6.47, 6.04, 5.11, 5.24, 6.24, 6.78, 6.72, 6.68, 6.65, 6.21, 5.74, 4.68, 4.35, 4.81, 5.11, 4.53, 2.99, 3.42, 3.04, 2.86, 3.16, 3.92, 4.18, 4.46, 3.16, 2.39, 2.16, 2.2, 2.03, 1.88, 1.5, 1.44, 2.18, 2.6, 2.82, 2.84, 2.67, 2.85, 3.6, 3.9, 3.61, 3.08, 2.89, 2.99, 3.26, 2.99, 2.6, 2.38, 2.46, 2.01, 1.97, 2.19, 2.22, 2.11, 2.12, 1.79, 2.2, 3.15, 3.0, 2.91, 2.76, 2.22, 2.25, 1.82, 1.47, 1.02, 0, 1.01, 1.07, 1.18, 1.31, 1.6, 1.87, 2.14, 2.22, 1.87, 1.8], [9.04, 9.24, 9.4, 9.44, 8.83, 9.61, 9.22, 7.79, 6.68, 6.36, 5.95, 5.08, 5.33, 6.45, 6.85, 6.73, 6.81, 6.82, 6.34, 5.61, 4.53, 4.26, 4.7, 5.06, 4.42, 2.82, 3.23, 2.91, 3.05, 3.39, 3.91, 4.15, 4.43, 3.21, 2.58, 2.31, 2.27, 2.0, 1.85, 1.47, 1.25, 2.07, 2.43, 2.61, 2.63, 2.54, 2.82, 3.59, 3.79, 3.36, 2.95, 2.64, 2.76, 3.15, 2.92, 2.47, 2.15, 2.29, 1.84, 1.52, 2.0, 2.13, 2.0, 2.03, 1.66, 2.03, 2.94, 2.79, 2.78, 2.67, 2.21, 2.34, 1.81, 1.44, 1.39, 1.01, 0, 0.9, 1.47, 1.58, 1.63, 1.86, 2.21, 2.01, 1.72, 1.79], [9.02, 9.18, 9.38, 9.38, 8.75, 9.47, 9.16, 7.73, 6.7, 6.42, 5.97, 5.16, 5.43, 6.45, 6.85, 6.71, 6.77, 6.74, 6.26, 5.55, 4.49, 4.26, 4.66, 5.02, 4.46, 2.74, 3.11, 2.85, 2.87, 3.31, 3.99, 4.07, 4.27, 3.13, 2.42, 2.29, 2.35, 2.1, 1.85, 1.39, 1.17, 1.91, 2.37, 2.65, 2.61, 2.46, 2.72, 3.59, 3.91, 3.66, 3.07, 2.82, 2.98, 3.39, 3.14, 2.67, 2.35, 2.43, 2.02, 1.76, 1.98,