[[0, 0.8, 0.85, 1.33, 1.59, 2.09, 3.41, 4.02, 4.55, 4.51, 4.826, 4.519, 4.739, 6.106, 6.453, 6.41, 6.47, 6.67, 7.224, 7.62, 7.16, 6.35, 6.33, 7.15, 8.395, 8.25, 7.418, 7.476, 7.66, 7.587, 7.85, 8.232, 8.653, 9.102, 9.069, 9.397, 9.482, 9.282, 8.798, 7.72, 6.541, 5.744, 5.1, 3.39, 2.04, 2.42, 4.33, 5.605, 8.026, 10.899, 12.681, 13.168, 13.295, 13.568, 13.991, 14.657, 15.097, 15.357, 15.369, 15.573, 15.708, 15.753, 16.132, 16.78, 17.373, 17.336, 17.375, 17.645, 17.786, 18.154, 19.682, 20.892, 20.952, 20.742, 20.775, 21.173, 21.622, 21.882, 21.922, 21.603, 21.124, 20.206, 18.978, 16.949, 14.618, 13.182], [0.8, 0, 0.73, 1.11, 1.39, 1.53, 2.71, 3.36, 3.993, 3.973, 4.306, 3.999, 4.199, 5.586, 5.933, 5.89, 5.95, 6.15, 6.687, 7.1, 6.68, 6.03, 5.93, 6.71, 7.9, 7.776, 6.923, 7.039, 7.206, 7.11, 7.376, 7.7, 8.119, 8.585, 8.552, 8.885, 8.988, 8.791, 8.336, 7.284, 6.202, 5.461, 4.828, 3.13, 1.64, 2.12, 3.99, 5.308, 7.618, 10.428, 12.169, 12.656, 12.783, 13.06, 13.483, 14.169, 14.63, 14.903, 14.957, 15.169, 15.369, 15.377, 15.792, 16.342, 16.956, 16.907, 16.936, 17.168, 17.309, 17.68, 19.208, 20.407, 20.476, 20.271, 20.313, 20.694, 21.134, 21.408, 21.451, 21.132, 20.654, 19.719, 18.471, 16.426, 14.093, 12.694], [0.85, 0.73, 0, 1.04, 1.32, 1.54, 2.82, 3.39, 4.023, 4.04, 4.37, 4.066, 4.226, 5.613, 5.96, 5.92, 5.977, 6.177, 6.717, 7.11, 6.67, 5.92, 5.84, 6.66, 7.89, 7.763, 6.893, 7.006, 7.153, 7.1, 7.363, 7.724, 8.143, 8.606, 8.573, 8.906, 8.958, 8.758, 8.291, 7.228, 6.114, 5.377, 4.813, 3.0, 1.63, 2.17, 3.88, 5.198, 7.545, 10.392, 12.174, 12.66, 12.787, 13.061, 13.484, 14.153, 14.597, 14.87, 14.894, 15.101, 15.301, 15.309, 15.733, 16.336, 16.918, 16.847, 16.879, 17.152, 17.268, 17.641, 19.166, 20.422, 20.482, 20.235, 20.303, 20.692, 21.135, 21.381, 21.418, 21.1, 20.621, 19.734, 18.486, 16.433, 14.114, 12.698], [1.33, 1.11, 1.04, 0, 0.78, 1.66, 2.98, 3.53, 4.225, 4.24, 4.47, 4.146, 4.306, 5.693, 6.04, 6.0, 6.057, 6.32, 6.916, 7.23, 6.73, 5.74, 5.82, 6.58, 7.927, 7.866, 6.933, 7.066, 7.276, 7.197, 7.505, 7.878, 8.314, 8.777, 8.744, 9.0, 9.018, 8.761, 8.208, 7.124, 5.911, 5.151, 4.415, 2.7, 1.43, 1.91, 3.74, 5.0, 7.436, 10.329, 12.228, 12.715, 12.842, 13.115, 13.538, 14.209, 14.579, 14.789, 14.789, 14.986, 15.244, 15.326, 15.79, 16.408, 16.991, 17.0, 16.868, 17.248, 17.401, 17.666, 19.211, 20.435, 20.507, 20.24, 20.324, 20.713, 21.148, 21.34, 21.383, 21.064, 20.585, 19.79, 18.607, 16.595, 14.264, 12.855], [1.59, 1.39, 1.32, 0.78, 0, 1.58, 2.88, 3.37, 4.082, 4.08, 4.31, 3.98, 4.16, 5.527, 5.891, 5.831, 5.891, 6.18, 6.773, 7.09, 6.53, 5.42, 5.554, 6.389, 7.744, 7.648, 6.767, 6.857, 7.081, 7.014, 7.342, 7.72, 8.165, 8.608, 8.572, 8.834, 8.783, 8.506, 7.951, 6.881, 5.657, 4.742, 4.04, 2.34, 1.39, 1.67, 3.42, 4.62, 7.127, 10.112, 11.996, 12.483, 12.61, 12.9, 13.343, 13.997, 14.362, 14.503, 14.468, 14.75, 14.976, 15.117, 15.572, 16.253, 16.776, 16.75, 16.642, 17.044, 17.197, 17.446, 18.962, 20.223, 20.279, 20.002, 20.054, 20.444, 20.897, 21.05, 21.094, 20.775, 20.297, 19.594, 18.421, 16.394, 14.084, 12.666], [2.09, 1.53, 1.54, 1.66, 1.58, 0, 1.48, 2.11, 2.8, 2.84, 3.27, 2.98, 3.1, 4.33, 4.68, 4.66, 4.7, 4.9, 5.5, 5.89, 5.47, 4.94, 4.82, 5.42, 6.57, 6.48, 5.61, 5.76, 5.89, 5.88, 6.1, 6.484, 6.883, 7.332, 7.302, 7.603, 7.658, 7.438, 7.025, 6.002, 5.063, 4.45, 3.98, 2.36, 1.51, 1.85, 3.1, 4.3, 6.39, 9.087, 10.867, 11.357, 11.484, 11.755, 12.178, 12.884, 13.386, 13.686, 13.64, 13.916, 14.25, 14.234, 14.805, 15.351, 16.066, 15.632, 15.604, 15.881, 15.981, 16.34, 17.886, 19.136, 19.221, 18.966, 19.065, 19.463, 19.877, 20.12, 20.14, 19.824, 19.342, 18.454, 17.262, 15.198, 12.845, 11.427], [3.41, 2.71, 2.82, 2.98, 2.88, 1.48, 0, 0.79, 1.46, 1.74, 2.27, 2.04, 2.12, 3.13, 3.44, 3.4, 3.5, 3.74, 4.4, 4.99, 4.71, 4.54, 4.44, 4.92, 5.71, 5.64, 5.03, 5.02, 5.23, 5.12, 5.18, 5.31, 5.59, 6.046, 6.04, 6.349, 6.678, 6.544, 6.251, 5.43, 4.614, 4.07, 3.74, 3.0, 2.51, 2.63, 2.96, 3.88, 5.71, 8.213, 9.84, 10.23, 10.43, 10.68, 11.093, 11.893, 12.684, 13.009, 12.964, 13.304, 13.658, 13.69, 14.12, 14.734, 15.549, 15.179, 14.873, 14.958, 15.05, 15.384, 16.821, 17.984, 18.043, 17.973, 18.132, 18.423, 18.798, 19.134, 19.135, 18.822, 18.341, 17.311, 16.043, 13.952, 11.681, 10.405], [4.02, 3.36, 3.39, 3.53, 3.37, 2.11, 0.79, 0, 0.97, 1.41, 1.84, 1.83, 1.79, 2.54, 2.83, 2.85, 2.91, 3.13, 3.83, 4.46, 4.2, 4.09, 3.99, 4.43, 5.22, 5.15, 4.62, 4.55, 4.76, 4.61, 4.67, 4.74, 4.997, 5.42, 5.41, 5.703, 6.148, 6.014, 5.761, 4.96, 4.147, 3.7, 3.43, 3.19, 3.1, 3.02, 3.01, 3.45, 5.22, 7.723, 9.27, 9.697, 9.89, 10.17, 10.543, 11.383, 12.196, 12.522, 12.474, 12.814, 13.168, 13.22, 13.65, 14.264, 15.081, 14.714, 14.383, 14.471, 14.543, 14.897, 16.331, 17.454, 17.536, 17.483, 17.608, 17.856, 18.271, 18.647, 18.648, 18.335, 17.853, 16.824, 15.436, 13.342, 11.171, 9.878], [4.55, 3.993, 4.023, 4.225, 4.082, 2.8, 1.46, 0.97, 0, 0.74, 1.17, 1.28, 1.38, 1.87, 2.12, 2.1, 2.24, 2.5, 3.28, 3.81, 3.63, 3.7, 3.6, 3.94, 4.71, 4.74, 4.33, 4.14, 4.37, 4.1, 4.08, 4.09, 4.238, 4.741, 4.734, 5.047, 5.401, 5.35, 5.12, 4.516, 3.77, 3.33, 3.16, 3.28, 3.71, 3.15, 2.88, 3.12, 4.67, 7.041, 8.508, 9.0, 9.21, 9.58, 9.98, 10.758, 11.58, 11.907, 11.95, 12.234, 12.64, 12.77, 13.2, 13.8, 14.64, 14.29, 13.76, 13.89, 13.921, 14.276, 15.592, 16.716, 16.805, 16.758, 16.93, 17.167, 17.539, 17.917, 17.919, 17.601, 17.123, 16.088, 14.664, 12.586, 10.476, 9.198], [4.51, 3.973, 4.04, 4.24, 4.08, 2.84, 1.74, 1.41, 0.74, 0, 0.97, 1.42, 1.6, 1.95, 2.2, 2.1, 2.22, 2.42, 3.32, 3.79, 3.65, 3.76, 3.68, 3.96, 4.73, 4.82, 4.39, 4.22, 4.39, 4.14, 4.12, 4.03, 4.27, 4.781, 4.777, 5.11, 5.461, 5.33, 5.12, 4.536, 3.783, 3.41, 3.24, 3.28, 3.75, 3.17, 2.84, 3.1, 4.67, 7.064, 8.563, 9.04, 9.25, 9.58, 10.02, 10.74, 11.561, 11.888, 11.97, 12.237, 12.66, 12.79, 13.22, 13.82, 14.66, 14.313, 13.78, 13.89, 13.924, 14.257, 15.679, 16.806, 16.886, 16.838, 16.956, 17.227, 17.622, 17.988, 18.013, 17.689, 17.211, 16.167, 14.654, 12.629, 10.499, 9.213], [4.826, 4.306, 4.37, 4.47, 4.31, 3.27, 2.27, 1.84, 1.17, 0.97, 0, 1.01, 1.19, 1.58, 1.91, 1.75, 1.83, 2.09, 3.19, 3.38, 3.36, 3.53, 3.45, 3.59, 4.36, 4.65, 4.26, 4.09, 4.16, 4.01, 3.83, 3.8, 4.029, 4.486, 4.433, 4.7, 4.969, 4.86, 4.639, 4.169, 3.46, 3.18, 2.91, 3.25, 3.98, 3.2, 2.49, 2.61, 4.3, 6.597, 8.053, 8.53, 8.76, 9.13, 9.55, 10.27, 11.091, 11.42, 11.58, 11.87, 12.31, 12.52, 13.01, 13.61, 14.436, 14.066, 13.41, 13.5, 13.557, 13.867, 15.175, 16.296, 16.387, 16.345, 16.478, 16.732, 17.129, 17.49, 17.518, 17.205, 16.716, 15.751, 14.465, 12.379, 10.151, 8.848], [4.519, 3.999, 4.066, 4.146, 3.98, 2.98, 2.04, 1.83, 1.28, 1.42, 1.01, 0, 0.72, 1.75, 2.12, 2.08, 2.26, 2.64, 3.48, 3.93, 3.63, 3.62, 3.56, 4.0, 4.73, 4.86, 4.33, 4.22, 4.43, 4.22, 4.26, 4.35, 4.478, 4.941, 4.89, 5.147, 5.404, 5.247, 5.1, 4.473, 3.73, 3.27, 2.82, 2.72, 3.55, 2.71, 2.08, 2.84, 4.49, 7.12, 8.548, 9.04, 9.19, 9.48, 9.98, 10.76, 11.54, 11.907, 11.964, 12.294, 12.74, 12.85, 13.36, 13.977, 14.774, 14.384, 13.84, 13.99, 14.06, 14.357, 15.509, 16.574, 16.665, 16.635, 16.804, 17.041, 17.399, 17.777, 17.893, 17.626, 17.14, 16.168, 14.941, 12.84, 10.671, 9.358], [4.739, 4.199, 4.226, 4.306, 4.16, 3.1, 2.12, 1.79, 1.38, 1.6, 1.19, 0.72, 0, 1.67, 1.96, 1.96, 2.18, 2.56, 3.56, 3.95, 3.71, 3.7, 3.64, 4.08, 4.81, 4.9, 4.43, 4.3, 4.55, 4.24, 4.34, 4.31, 4.378, 4.81, 4.75, 4.99, 5.404, 5.25, 5.12, 4.573, 3.87, 3.35, 2.96, 2.86, 3.71, 2.91, 2.4, 3.08, 4.59, 7.14, 8.548, 9.02, 9.21, 9.5, 10.04, 10.78, 11.561, 11.928, 12.047, 12.357, 12.82, 12.95, 13.46, 14.077, 14.877, 14.487, 13.92, 14.03, 14.08, 14.377, 15.46, 16.526, 16.615, 16.587, 16.819, 17.016, 17.354, 17.766, 17.863, 17.584, 17.101, 16.118, 14.846, 12.749, 10.674, 9.358], [6.106, 5.586, 5.613, 5.693, 5.527, 4.33, 3.13, 2.54, 1.87, 1.95, 1.58, 1.75, 1.67, 0, 0.65, 0.73, 0.99, 1.21, 2.09, 2.46, 2.26, 2.33, 2.23, 2.55, 3.28, 3.43, 3.14, 2.99, 3.14, 2.95, 2.87, 2.9, 3.07, 3.35, 3.48, 3.53, 3.917, 3.92, 3.69, 3.043, 2.5, 2.26, 2.73, 4.21, 5.12, 4.28, 2.79, 2.29, 3.2, 5.671, 7.058, 7.57, 7.78, 8.13, 8.55, 9.328, 10.15, 10.477, 10.534, 10.864, 11.31, 11.4, 11.91, 12.527, 13.327, 12.94, 12.41, 12.56, 12.611, 12.926, 14.077, 15.203, 15.286, 15.271, 15.497, 15.677, 16.021, 16.416, 16.398, 16.108, 15.631, 14.648, 13.377, 11.276, 9.206, 7.891], [6.453, 5.933, 5.96, 6.04, 5.891, 4.68, 3.44, 2.83, 2.12, 2.2, 1.91, 2.12, 1.96, 0.65, 0, 0.56, 0.8, 0.86, 1.84, 2.17, 2.09, 2.36, 2.14, 2.28, 3.03, 3.2, 3.11, 3.02, 3.15, 2.84, 2.74, 2.85, 2.9, 3.16, 3.31, 3.274, 3.604, 3.613, 3.403, 2.916, 2.39, 2.37, 2.96, 4.6, 5.49, 4.67, 3.08, 2.46, 3.01, 5.364, 6.728, 7.244, 7.53, 7.88, 8.3, 9.06, 9.864, 10.19, 10.29, 10.577, 11.04, 11.19, 11.7, 12.3, 13.12, 12.73, 12.14, 12.27, 12.304, 12.6, 13.777, 14.892, 14.984, 14.953, 15.202, 15.382, 15.72, 16.132, 16.103, 15.787, 15.307, 14.304, 13.037, 10.971, 8.881, 7.526], [6.41, 5.89, 5.92, 6.0, 5.831, 4.66, 3.4, 2.85, 2.1, 2.1, 1.75, 2.08, 1.96, 0.73, 0.56, 0, 0.66, 0.9, 1.82, 2.09, 2.07, 2.4, 2.2, 2.26, 2.93, 3.28, 3.19, 3.14, 3.19, 2.94, 2.72, 2.89, 3.0, 3.28, 3.41, 3.411, 3.561, 3.513, 3.303, 2.845, 2.25, 2.27, 2.88, 4.54, 5.43, 4.61, 3.04, 2.28, 2.89, 5.284, 6.703, 7.144, 7.41, 7.76, 8.18, 8.94, 9.744, 10.07, 10.19, 10.497, 10.96, 11.11, 11.62, 12.22, 13.043, 12.656, 12.06, 12.19, 12.224, 12.52, 13.726, 14.842, 14.932, 14.884, 15.099, 15.296, 15.668, 16.08, 16.051, 15.755, 15.275, 14.292, 13.026, 10.931, 8.801, 7.48], [6.47, 5.95, 5.977, 6.057, 5.891, 4.7, 3.5, 2.91, 2.24, 2.22, 1.83, 2.26, 2.18, 0.99, 0.8, 0.66, 0, 0.68, 1.82, 1.95, 2.13, 2.42, 2.24, 2.26, 2.89, 3.26, 3.17, 3.06, 3.15, 2.92, 2.68, 2.55, 2.8, 3.12, 3.25, 3.245, 3.435, 3.313, 3.063, 2.7, 2.29, 2.23, 2.8, 4.56, 5.45, 4.63, 3.04, 2.18, 2.81, 5.127, 6.577, 7.047, 7.25, 7.6, 8.04, 8.74, 9.484, 9.83, 10.039, 10.329, 10.76, 10.97, 11.46, 12.04, 12.875, 12.548, 11.86, 11.99, 12.067, 12.323, 13.657, 14.749, 14.837, 14.807, 14.931, 15.188, 15.579, 15.945, 15.977, 15.681, 15.235, 14.22, 12.937, 10.854, 8.647, 7.311], [6.67, 6.15, 6.177, 6.32, 6.18, 4.9, 3.74, 3.13, 2.5, 2.42, 2.09, 2.64, 2.56, 1.21, 0.86, 0.9, 0.68, 0, 1.32, 1.53, 1.77, 2.24, 1.98, 1.9, 2.55, 2.82, 2.75, 2.64, 2.67, 2.44, 2.2, 2.17, 2.6, 2.9, 2.97, 3.0, 3.195, 3.116, 2.786, 2.44, 2.07, 2.27, 3.1, 4.86, 5.75, 4.95, 3.36, 2.46, 2.51, 4.787, 6.277, 6.787, 6.99, 7.36, 7.8, 8.46, 9.227, 9.57, 9.756, 10.006, 10.4, 10.59, 11.1, 11.7, 12.526, 12.142, 11.52, 11.61, 11.707, 11.983, 13.437, 14.538, 14.62, 14.601, 14.674, 14.967, 15.373, 15.722, 15.791, 15.452, 14.963, 13.92, 12.594, 10.517, 8.287, 6.951], [7.224, 6.687, 6.717, 6.916, 6.773, 5.5, 4.4, 3.83, 3.28, 3.32, 3.19, 3.48, 3.56, 2.09, 1.84, 1.82, 1.82, 1.32, 0, 0.75, 0.97, 1.8, 1.64, 1.6, 1.73, 1.86, 2.03, 2.1, 2.15, 1.76, 1.72, 2.13, 2.7, 3.02, 3.11, 3.2, 2.866, 3.052, 2.53, 2.18, 2.11, 2.55, 3.58, 5.44, 6.349, 5.53, 3.94, 3.06, 1.71, 4.018, 5.643, 6.138, 6.285, 6.6, 7.04, 7.715, 8.417, 8.744, 8.764, 9.054, 9.46, 9.55, 9.98, 10.597, 11.42, 11.07, 10.6, 10.79, 10.941, 11.293, 12.782, 13.891, 13.98, 13.949, 13.981, 14.335, 14.715, 15.075, 15.092, 14.782, 14.299, 13.261, 11.896, 9.827, 7.546, 6.273], [7.62, 7.1, 7.11, 7.23, 7.09, 5.89, 4.99, 4.46, 3.81, 3.79, 3.38, 3.93, 3.95, 2.46, 2.17, 2.09, 1.95, 1.53, 0.75, 0, 0.86, 1.91, 1.71, 1.37, 1.58, 1.83, 2.0, 2.21, 2.16, 1.75, 1.65, 2.0, 2.77, 2.93, 2.96, 2.99, 2.487, 2.685, 2.2, 2.15, 2.34, 2.84, 3.87, 5.74, 6.659, 5.836, 4.25, 3.27, 1.52, 3.454, 5.087, 5.582, 5.76, 6.13, 6.57, 7.23, 7.851, 8.18, 8.346, 8.596, 9.01, 9.26, 9.83, 10.373, 11.222, 10.835, 10.13, 10.36, 10.454, 10.767, 12.226, 13.42, 13.521, 13.387, 13.441, 13.823, 14.179, 14.526, 14.56, 14.238, 13.761, 12.816, 11.601, 9.551, 7.229, 5.786], [7.16, 6.68, 6.67, 6.73, 6.53, 5.47, 4.71, 4.2, 3.63, 3.65, 3.36, 3.63, 3.71, 2.26, 2.09, 2.07, 2.13, 1.77, 0.97, 0.86, 0, 1.27, 1.15, 1.21, 1.68, 1.73, 1.98, 2.07, 2.06, 1.67, 1.73, 2.44, 3.15, 3.37, 3.48, 3.53, 2.987, 3.065, 2.5, 2.03, 2.06, 2.26, 3.29, 5.063, 5.98, 5.16, 3.57, 2.73, 1.42, 3.862, 5.584, 6.091, 6.22, 6.59, 7.09, 7.713, 8.227, 8.454, 8.54, 8.824, 9.33, 9.44, 10.03, 10.63, 11.433, 11.086, 10.49, 10.88, 10.971, 11.25, 12.624, 13.92, 14.0, 13.821, 13.884, 14.215, 14.581, 14.879, 14.91, 14.637, 14.219, 13.374, 12.172, 10.126, 7.774, 6.357], [6.35, 6.03, 5.92, 5.74, 5.42, 4.94, 4.54, 4.09, 3.7, 3.76, 3.53, 3.62, 3.7, 2.33, 2.36, 2.4, 2.42, 2.24, 1.8, 1.91, 1.27, 0, 0.62, 1.32, 2.43, 2.4, 2.11, 2.26, 2.39, 2.1, 2.36, 3.15, 3.8, 4.06, 4.15, 4.2, 3.772, 3.78, 3.105, 2.1, 1.53, 1.39, 2.42, 3.98, 4.97, 4.27, 2.66, 1.92, 1.93, 4.82, 6.662, 7.157, 7.224, 7.489, 7.986, 8.649, 9.027, 9.23, 9.201, 9.455, 9.684, 9.843, 10.333, 11.094, 11.691, 11.644, 11.344, 11.729, 11.854, 12.148, 13.56, 14.831, 14.912, 14.688, 14.746, 15.157, 15.534, 15.735, 15.799, 15.522, 15.034, 14.289, 13.103, 11.057, 8.744, 7.354], [6.33, 5.93, 5.84, 5.82, 5.554, 4.82, 4.44, 3.99, 3.6, 3.68, 3.45, 3.56, 3.64, 2.23, 2.14, 2.2, 2.24, 1.98, 1.64, 1.71, 1.15, 0.62, 0, 1.08, 2.262, 2.24, 1.93, 2.0, 2.13, 1.94, 2.16, 2.89, 3.5, 3.78, 3.87, 3.9, 3.446, 3.452, 2.85, 1.98, 1.51, 1.43, 2.48, 4.133, 5.05, 4.29, 2.74, 2.04, 1.79, 4.723, 6.516, 7.003, 7.07, 7.363, 7.846, 8.512, 8.911, 9.136, 9.139, 9.39, 9.664, 9.771, 10.248, 10.945, 11.543, 11.461, 11.221, 11.602, 11.756, 12.029, 13.452, 14.729, 14.811, 14.559, 14.645, 15.022, 15.429, 15.679, 15.718, 15.445, 14.964, 14.17, 12.975, 10.917, 8.604, 7.2], [7.15, 6.71, 6.66, 6.58, 6.389, 5.42, 4.92, 4.43, 3.94, 3.96, 3.59, 4.0, 4.08, 2.55, 2.28, 2.26, 2.26, 1.9, 1.6, 1.37, 1.21, 1.32, 1.08, 0, 1.45, 1.78, 1.61, 1.64, 1.75, 1.48, 1.46, 2.13, 2.78, 3.02, 3.11, 3.12, 2.82, 2.78, 2.27, 1.66, 1.69, 2.01, 3.2, 4.979, 5.898, 5.11, 3.52, 2.54, 1.59, 3.843, 5.673, 6.16, 6.299, 6.577, 7.029, 7.683, 8.166, 8.4, 8.35, 8.597, 8.98, 9.15, 9.72, 10.34, 11.043, 10.816, 10.4, 10.759, 10.881, 11.149, 12.694, 13.938, 14.032, 13.812, 13.91, 14.303, 14.691, 14.903, 14.965, 14.643, 14.131, 13.334, 12.135, 10.069, 7.73, 6.369], [8.395, 7.9, 7.89, 7.927, 7.744, 6.57, 5.71, 5.22, 4.71, 4.73, 4.36, 4.73, 4.81, 3.28, 3.03, 2.93, 2.89, 2.55, 1.73, 1.58, 1.68, 2.43, 2.262, 1.45, 0, 0.97, 1.46, 1.71, 1.56, 1.25, 1.19, 1.68, 2.25, 2.43, 2.6, 2.47, 2.13, 2.29, 2.12, 1.95, 2.62, 3.3, 4.446, 6.345, 7.268, 6.462, 4.849, 3.87, 1.68, 2.65, 4.367, 4.807, 4.964, 5.262, 5.704, 6.357, 7.036, 7.324, 7.317, 7.661, 8.07, 8.22, 8.79, 9.387, 10.176, 9.786, 9.27, 9.487, 9.58, 9.896, 11.376, 12.618, 12.722, 12.509, 12.642, 13.021, 13.403, 13.66, 13.688, 13.36, 12.896, 12.013, 10.855, 8.759, 6.424, 5.028], [8.25, 7.776, 7.763, 7.866, 7.648, 6.48, 5.64, 5.15, 4.74, 4.82, 4.65, 4.86, 4.9, 3.43, 3.2, 3.28, 3.26, 2.82, 1.86, 1.83, 1.73, 2.4, 2.24, 1.78, 0.97, 0, 1.31, 1.5, 1.45, 1.12, 1.26, 1.67, 2.34, 2.5, 2.65, 2.68, 2.62, 2.94, 2.65, 2.24, 2.67, 3.21, 4.476, 6.209, 7.16, 6.335, 4.785, 4.02, 2.17, 2.78, 4.474, 4.923, 5.09, 5.38, 5.82, 6.521, 7.166, 7.394, 7.384, 7.69, 8.098, 8.15, 8.74, 9.354, 10.134, 9.687, 9.29, 9.604, 9.644, 9.975, 11.48, 12.774, 12.859, 12.649, 12.743, 13.105, 13.494, 13.776, 13.791, 13.478, 13.0, 12.104, 10.917, 8.846, 6.525, 5.12], [7.418, 6.923, 6.893, 6.933, 6.767, 5.61, 5.03, 4.62, 4.33, 4.39, 4.26, 4.33, 4.43, 3.14, 3.11, 3.19, 3.17, 2.75, 2.03, 2.0, 1.98, 2.11, 1.93, 1.61, 1.46, 1.31, 0, 1.07, 1.12, 0.99, 1.29, 1.76, 2.37, 2.51, 2.56, 2.71, 2.63, 2.83, 2.68, 2.09, 2.34, 2.58, 3.85, 5.409, 6.351, 5.52, 4.29, 3.75, 2.26, 3.59, 5.317, 5.787, 5.914, 6.217, 6.619, 7.308, 7.876, 8.178, 8.182, 8.495, 8.877, 8.878, 9.444, 10.0, 10.773, 10.306, 10.154, 10.417, 10.526, 10.822, 12.33, 13.58, 13.663, 13.428, 13.556, 13.921, 14.321, 14.574, 14.593, 14.28, 13.802, 12.956, 11.767, 9.69, 7.395, 6.031], [7.476, 7.039, 7.006, 7.066, 6.857, 5.76, 5.02, 4.55, 4.14, 4.22, 4.09, 4.22, 4.3, 2.99, 3.02, 3.14, 3.06, 2.64, 2.1, 2.21, 2.07, 2.26, 2.0, 1.64, 1.71, 1.5, 1.07, 0, 0.69, 0.82, 1.02, 1.33, 1.86, 2.06, 2.19, 2.32, 2.5, 2.92, 2.79, 2.18, 2.35, 2.57, 3.8, 5.455, 6.394, 5.641, 4.2, 3.64, 2.27, 3.52, 5.31, 5.8, 5.922, 6.214, 6.634, 7.28, 7.905, 8.148, 8.064, 8.315, 8.66, 8.71, 9.28, 9.917, 10.614, 10.404, 10.02, 10.272, 10.46, 10.796, 12.304, 13.509, 13.594, 13.434, 13.551, 13.933, 14.307, 14.587, 14.598, 14.28, 13.798, 12.833, 11.679, 9.6, 7.271, 5.88], [7.66, 7.206, 7.153, 7.276, 7.081, 5.89, 5.23, 4.76, 4.37, 4.39, 4.16, 4.43, 4.55, 3.14, 3.15, 3.19, 3.15, 2.67, 2.15, 2.16, 2.06, 2.39, 2.13, 1.75, 1.56, 1.45, 1.12, 0.69, 0, 0.85, 0.99, 1.3, 1.75, 1.93, 2.04, 2.27, 2.47, 3.01, 2.92, 2.27, 2.42, 2.76, 3.926, 5.699, 6.631, 5.845, 4.41, 3.69, 2.26, 3.31, 5.04, 5.53, 5.657, 5.944, 6.367, 7.053, 7.654, 7.941, 7.838, 8.128, 8.503, 8.478, 9.105, 9.684, 10.441, 10.1, 9.78, 10.074, 10.156, 10.545, 12.047, 13.314, 13.403, 13.192, 13.297, 13.684, 14.064, 14.345, 14.355, 14.04, 13.56, 12.645, 11.45, 9.368, 7.026, 5.656], [7.587, 7.11, 7.1, 7.197, 7.014, 5.88, 5.12, 4.61, 4.1, 4.14, 4.01, 4.22, 4.24, 2.95, 2.84, 2.94, 2.92, 2.44, 1.76, 1.75, 1.67, 2.1, 1.94, 1.48, 1.25, 1.12, 0.99, 0.82, 0.85, 0, 0.72, 1.29, 2.0, 2.22, 2.37, 2.54, 2.54, 2.8, 2.61, 2.2, 2.45, 2.69, 3.9, 5.619, 6.538, 5.732, 4.28, 3.66, 1.95, 3.372, 5.128, 5.62, 5.767, 6.08, 6.54, 7.14, 7.711, 7.978, 7.987, 8.217, 8.62, 8.75, 9.34, 9.977, 10.717, 10.427, 9.9, 10.19, 10.292, 10.675, 12.174, 13.396, 13.504, 13.348, 13.411, 13.825, 14.188, 14.463, 14.494, 14.176, 13.681, 12.748, 11.558, 9.475, 7.16, 5.732], [7.85, 7.376, 7.363, 7.505, 7.342, 6.1, 5.18, 4.67, 4.08, 4.12, 3.83, 4.26, 4.34, 2.87, 2.74, 2.72, 2.68, 2.2, 1.72, 1.65, 1.73, 2.36, 2.16, 1.46, 1.19, 1.26, 1.29, 1.02, 0.99, 0.72, 0, 0.99, 1.68, 1.92, 2.05, 2.22, 2.18, 2.48, 2.31, 2.0, 2.43, 2.93, 4.133, 5.944, 6.848, 6.09, 4.58, 3.7, 1.95, 3.18, 4.913, 5.403, 5.53, 5.84, 6.3, 6.913, 7.671, 7.938, 7.89, 8.18, 8.56, 8.73, 9.22, 9.84, 10.626, 10.356, 9.74, 9.97, 10.055, 10.487, 11.951, 13.154, 13.263, 13.122, 13.216, 13.6, 13.966, 14.261, 14.275, 13.959, 13.467, 12.502, 11.284, 9.195, 6.883, 5.46], [8.232, 7.7, 7.724, 7.878, 7.72, 6.484, 5.31, 4.74, 4.09, 4.03, 3.8, 4.35, 4.31, 2.9, 2.85, 2.89, 2.55, 2.17, 2.13, 2.0, 2.44, 3.15, 2.89, 2.13, 1.68, 1.67, 1.76, 1.33, 1.3, 1.29, 0.99, 0, 1.19, 1.47, 1.46, 1.57, 2.19, 2.49, 2.62, 2.57, 3.02, 3.38, 4.506, 6.319, 7.241, 6.427, 4.935, 4.17, 2.68, 3.19, 4.704, 5.21, 5.48, 5.73, 6.21, 6.79, 7.543, 7.9, 8.206, 8.456, 8.75, 9.06, 9.47, 10.016, 10.902, 10.595, 9.97, 9.92, 10.023, 10.322, 11.858, 12.943, 13.029, 13.02, 13.07, 13.409, 13.806, 14.149, 14.236, 13.908, 13.411, 12.408, 10.93, 8.862, 6.635, 5.35], [8.653, 8.119, 8.143, 8.314, 8.165, 6.883, 5.59, 4.997, 4.238, 4.27, 4.029, 4.478, 4.378, 3.07, 2.9, 3.0, 2.8, 2.6, 2.7, 2.77, 3.15, 3.8, 3.5, 2.78, 2.25, 2.34, 2.37, 1.86, 1.75, 2.0, 1.68, 1.19, 0, 0.74, 0.93, 1.06, 2.0, 2.8, 2.97, 2.94, 3.55, 3.87, 4.885, 6.788, 7.72, 6.883, 5.371, 4.56, 3.23, 3.16, 4.35, 4.88, 5.19, 5.54, 5.96, 6.68, 7.48, 7.81, 7.98, 8.23, 8.64, 8.83, 9.24, 9.83, 10.673, 10.343, 9.76, 9.85, 9.86, 10.183, 11.434, 12.551, 12.639, 12.612, 12.841, 13.038, 13.378, 13.75, 13.767, 13.446, 12.959, 11.922, 10.514, 8.447, 6.38, 5.08], [9.102, 8.585, 8.606, 8.777, 8.608, 7.332, 6.046, 5.42, 4.741, 4.781, 4.486, 4.941, 4.81, 3.35, 3.16, 3.28, 3.12, 2.9, 3.02, 2.93, 3.37, 4.06, 3.78, 3.02, 2.43, 2.5, 2.51, 2.06, 1.93, 2.22, 1.92, 1.47, 0.74, 0, 0.73, 0.96, 2.14, 2.9, 2.99, 3.1, 3.73, 4.27, 5.328, 7.215, 8.143, 7.326, 5.753, 4.94, 3.49, 3.18, 3.97, 4.46, 4.75, 5.1, 5.5, 6.26, 7.06, 7.39, 7.52, 7.77, 8.18, 8.37, 8.84, 9.43, 10.253, 9.889, 9.3, 9.41, 9.42, 9.76, 11.01, 12.112, 12.211, 12.163, 12.395, 12.572, 12.947, 13.359, 13.316, 13.0, 12.528, 11.494, 10.17, 8.104, 5.974, 4.64], [9.069, 8.552, 8.573, 8.744, 8.572, 7.302, 6.04, 5.41, 4.734, 4.777, 4.433, 4.89, 4.75, 3.48, 3.31, 3.41, 3.25, 2.97, 3.11, 2.96, 3.48, 4.15, 3.87, 3.11, 2.6, 2.65, 2.56, 2.19, 2.04, 2.37, 2.05, 1.46, 0.93, 0.73, 0, 0.77, 1.97, 2.69, 2.8, 3.03, 3.82, 4.34, 5.318, 7.147, 8.084, 7.279, 5.843, 5.07, 3.52, 3.15, 4.0, 4.45, 4.78, 5.09, 5.51, 6.23, 7.048, 7.38, 7.59, 7.84, 8.21, 8.46, 8.93, 9.5, 10.343, 9.98, 9.37, 9.4, 9.41, 9.753, 11.021, 12.13, 12.233, 12.213, 12.428, 12.619, 12.977, 13.383, 13.366, 13.039, 12.555, 11.538, 10.187, 8.085, 5.987, 4.79], [9.397, 8.885, 8.906, 9.0, 8.834, 7.603, 6.349, 5.703, 5.047, 5.11, 4.7, 5.147, 4.99, 3.53, 3.274, 3.411, 3.245, 3.0, 3.2, 2.99, 3.53, 4.2, 3.9, 3.12, 2.47, 2.68, 2.71, 2.32, 2.27, 2.54, 2.22, 1.57, 1.06, 0.96, 0.77, 0, 1.56, 2.32, 2.43, 2.9, 3.85, 4.479, 5.492, 7.392, 8.342, 7.52, 5.921, 5.025, 3.41, 2.88, 3.75, 4.22, 4.59, 4.86, 5.28, 5.98, 6.8, 7.15, 7.48, 7.73, 8.06, 8.39, 8.88, 9.39, 10.259, 9.97, 9.24, 9.19, 9.2, 9.51, 10.755, 11.863, 11.963, 11.943, 12.186, 12.375, 12.71, 13.116, 13.102, 12.783, 12.339, 11.312, 9.999, 7.895, 5.83, 4.6], [9.482, 8.988, 8.958, 9.018, 8.783, 7.658, 6.678, 6.148, 5.401, 5.461, 4.969, 5.404, 5.404, 3.917, 3.604, 3.561, 3.435, 3.195, 2.866, 2.487, 2.987, 3.772, 3.446, 2.82, 2.13, 2.62, 2.63, 2.5, 2.47, 2.54, 2.18, 2.19, 2.0, 2.14, 1.97, 1.56, 0, 1.28, 1.55, 2.42, 3.507, 4.284, 5.393, 7.29, 8.235, 7.419, 5.813, 4.73, 2.63, 2.44, 3.49, 3.96, 4.25, 4.64, 5.1, 5.7, 6.42, 6.67, 7.18, 7.55, 7.98, 8.25, 8.86, 9.31, 10.12, 9.85, 9.1, 9.01, 9.02, 9.27, 10.367, 11.678, 11.787, 11.602, 11.797, 12.1, 12.379, 12.643, 12.663, 12.393, 12.035, 11.204, 10.042, 7.98, 5.77, 4.32], [9.282, 8.791, 8.758, 8.761, 8.506, 7.438, 6.544, 6.014, 5.35, 5.33, 4.86, 5.247, 5.25, 3.92, 3.613, 3.513, 3.313, 3.116, 3.052, 2.685, 3.065, 3.78, 3.452, 2.78, 2.29, 2.94, 2.83, 2.92, 3.01, 2.8, 2.48, 2.49, 2.8, 2.9, 2.69, 2.32, 1.28, 0, 1.15, 2.26, 3.17, 4.004, 4.837, 6.752, 7.767, 7.036, 5.314, 4.28, 2.29, 2.98, 4.21, 4.54, 4.89, 5.18, 5.72, 6.28, 6.9, 7.11, 7.68, 8.09, 8.56, 8.85, 9.46, 9.93, 10.72, 10.47, 9.7, 9.61, 9.58, 9.77, 10.968, 12.09, 12.2, 12.035, 12.167, 12.422, 12.774, 13.026, 13.103, 12.864, 12.613, 11.868, 10.685, 8.66, 6.35, 4.88], [8.798, 8.336, 8.291, 8.208, 7.951, 7.025, 6.251, 5.761, 5.12, 5.12, 4.639, 5.1, 5.12, 3.69, 3.403, 3.303, 3.063, 2.786, 2.53, 2.2, 2.5, 3.105, 2.85, 2.27, 2.12, 2.65, 2.68, 2.79, 2.92, 2.61, 2.31, 2.62, 2.97, 2.99, 2.8, 2.43, 1.55, 1.15, 0, 1.37, 2.46, 3.34, 4.314, 6.173, 7.189, 6.509, 4.776, 3.561, 1.84, 3.09, 4.56, 4.99, 5.18, 5.53, 6.05, 6.59, 7.07, 7.22, 7.55, 7.86, 8.43, 8.72, 9.33, 9.82, 10.59, 10.4, 9.57, 9.8, 9.85, 10.04, 11.435, 12.673, 12.817, 12.62, 12.689, 13.001, 13.325, 13.543, 13.563, 13.31, 12.962, 12.235, 11.052, 9.029, 6.699, 5.31], [7.72, 7.284, 7.228, 7.124, 6.881, 6.002, 5.43, 4.96, 4.516, 4.536, 4.169, 4.473, 4.573, 3.043, 2.916, 2.845, 2.7, 2.44, 2.18, 2.15, 2.03, 2.1, 1.98, 1.66, 1.95, 2.24, 2.09, 2.18, 2.27, 2.2, 2.0, 2.57, 2.94, 3.1, 3.03, 2.9, 2.42, 2.26, 1.37, 0, 1.41, 2.307, 3.284, 5.146, 6.219, 5.531, 3.783, 2.649, 1.73, 3.78, 5.526, 6.016, 6.166, 6.456, 6.893, 7.556, 8.05, 8.132, 8.124, 8.38, 8.96, 9.03, 9.62, 10.23, 10.95, 10.663, 10.26, 10.632, 10.779, 10.973, 12.48, 13.766, 13.84, 13.602, 13.661, 13.952, 14.333, 14.568, 14.505, 14.252, 13.895, 13.153, 11.961, 9.944, 7.652, 6.34], [6.541, 6.202, 6.114, 5.911, 5.657, 5.063, 4.614, 4.147, 3.77, 3.783, 3.46, 3.73, 3.87, 2.5, 2.39, 2.25, 2.29, 2.07, 2.11, 2.34, 2.06, 1.53, 1.51, 1.69, 2.62, 2.67, 2.34, 2.35, 2.42, 2.45, 2.43, 3.02, 3.55, 3.73, 3.82, 3.85, 3.507, 3.17, 2.46, 1.41, 0, 1.24, 2.17, 3.976, 5.104, 4.441, 2.71, 1.69, 2.18, 4.79, 6.639, 7.166, 7.336, 7.615, 8.055, 8.71, 9.088, 9.196, 9.222, 9.442, 9.77, 9.88, 10.425, 11.115, 11.771, 11.687, 11.377, 11.768, 11.932, 12.134, 13.643, 14.903, 14.975, 14.769, 14.806, 15.122, 15.497, 15.719, 15.646, 15.376, 15.006, 14.277, 13.097, 11.089, 8.807, 7.458], [5.744, 5.461, 5.377, 5.151, 4.742, 4.45, 4.07, 3.7, 3.33, 3.41, 3.18, 3.27, 3.35, 2.26, 2.37, 2.27, 2.23, 2.27, 2.55, 2.84, 2.26, 1.39, 1.43, 2.01, 3.3, 3.21, 2.58, 2.57, 2.76, 2.69, 2.93, 3.38, 3.87, 4.27, 4.34, 4.479, 4.284, 4.004, 3.34, 2.307, 1.24, 0, 1.57, 3.17, 4.22, 3.7, 2.11, 1.59, 2.7, 5.636, 7.522, 8.013, 8.074, 8.367, 8.847, 9.478, 9.821, 10.015, 9.976, 10.209, 10.523, 10.693, 11.106, 11.839, 12.436, 12.444, 12.139, 12.559, 12.695, 12.937, 14.397, 15.669, 15.727, 15.462, 15.571, 15.941, 16.345, 16.514, 16.557, 16.278, 15.799, 15.096, 13.913, 11.892, 9.602, 8.209], [5.1, 4.828, 4.813, 4.415, 4.04, 3.98, 3.74, 3.43, 3.16, 3.24, 2.91, 2.82, 2.96, 2.73, 2.96, 2.88, 2.8, 3.1, 3.58, 3.87, 3.29, 2.42, 2.48, 3.2, 4.446, 4.476, 3.85, 3.8, 3.926, 3.9, 4.133, 4.506, 4.885, 5.328, 5.318, 5.492, 5.393, 4.837, 4.314, 3.284, 2.17, 1.57, 0, 2.32, 3.73, 3.01, 1.68, 1.8, 3.43, 6.76, 8.626, 9.136, 9.237, 9.458, 9.993, 10.653, 10.98, 11.079, 11.174, 11.4, 11.68, 11.746, 12.204, 12.845, 13.415, 13.465, 13.34, 13.714, 13.864, 14.113, 15.526, 16.738, 16.768, 16.513, 16.558, 16.847, 17.301, 17.488, 17.59, 17.351, 16.968, 16.221, 15.067, 13.055, 10.739, 9.355], [3.39, 3.13, 3.0, 2.7, 2.34, 2.36, 3.0, 3.19, 3.28, 3.28, 3.25, 2.72, 2.86, 4.21, 4.6, 4.54, 4.56, 4.86, 5.44, 5.74, 5.063, 3.98, 4.133, 4.979, 6.345, 6.209, 5.409, 5.455, 5.699, 5.619, 5.944, 6.319, 6.788, 7.215, 7.147, 7.392, 7.29, 6.752, 6.173, 5.146, 3.976, 3.17, 2.32, 0, 1.71, 1.49, 1.84, 2.86, 5.25, 8.608, 10.508, 11.018, 11.114, 11.333, 11.884, 12.521, 12.89, 13.011, 12.976, 13.267, 13.558, 13.668, 14.197, 14.907, 15.539, 15.392, 15.15, 15.576, 15.735, 15.972, 17.388, 18.608, 18.66, 18.405, 18.49, 18.8, 19.185, 19.398, 19.458, 19.222, 18.81, 18.08, 16.95, 14.929, 12.636, 11.247], [2.04, 1.64, 1.63, 1.43, 1.39, 1.51, 2.51, 3.1, 3.71, 3.75, 3.98, 3.55, 3.71, 5.12, 5.49, 5.43, 5.45, 5.75, 6.349, 6.659, 5.98, 4.97, 5.05, 5.898, 7.268, 7.16, 6.351, 6.394, 6.631, 6.538, 6.848, 7.241, 7.72, 8.143, 8.084, 8.342, 8.235, 7.767, 7.189, 6.219, 5.104, 4.22, 3.73, 1.71, 0, 1.34, 2.55, 3.89, 6.332, 9.579, 11.465, 11.969, 12.056, 12.332, 12.823, 13.463, 13.884, 14.011, 13.976, 14.229, 14.609, 14.781, 15.235, 15.935, 16.49, 16.436, 16.173, 16.551, 16.695, 16.925, 18.371, 19.66, 19.752, 19.489, 19.567, 19.87, 20.254, 20.476, 20.498, 20.251, 19.848, 19.129, 17.932, 15.88, 13.575, 12.166], [2.42, 2.12, 2.17, 1.91, 1.67, 1.85, 2.63, 3.02, 3.15, 3.17, 3.2, 2.71, 2.91, 4.28, 4.67, 4.61, 4.63, 4.95, 5.53, 5.836, 5.16, 4.27, 4.29, 5.11, 6.462, 6.335, 5.52, 5.641, 5.845, 5.732, 6.09, 6.427, 6.883, 7.326, 7.279, 7.52, 7.419, 7.036, 6.509, 5.531, 4.441, 3.7, 3.01, 1.49, 1.34, 0, 2.11, 3.45, 5.74, 8.77, 10.648, 11.158, 11.26, 11.51, 12.033, 12.693, 13.06, 13.174, 13.215, 13.506, 13.847, 13.976, 14.452, 15.119, 15.615, 15.558, 15.397, 15.737, 15.922, 16.158, 17.566, 18.853, 18.933, 18.644, 18.746, 19.065, 19.481, 19.648, 19.705, 19.426, 19.047, 18.312, 17.137, 15.089, 12.79, 11.398], [4.33, 3.99, 3.88, 3.74, 3.42, 3.1, 2.96, 3.01, 2.88, 2.84, 2.49, 2.08, 2.4, 2.79, 3.08, 3.04, 3.04, 3.36, 3.94, 4.25, 3.57, 2.66, 2.74, 3.52, 4.849, 4.785, 4.29, 4.2, 4.41, 4.28, 4.58, 4.935, 5.371, 5.753, 5.843, 5.921, 5.813, 5.314, 4.776, 3.783, 2.71, 2.11, 1.68, 1.84, 2.55, 2.11, 0, 1.56, 3.91, 7.177, 9.05, 9.547, 9.635, 9.879, 10.413, 11.073, 11.51, 11.659, 11.578, 11.88, 12.247, 12.403, 12.908, 13.565, 14.243, 14.085, 13.767, 14.137, 14.267, 14.527, 15.926, 17.209, 17.288, 17.037, 17.159, 17.458, 17.817, 18.047, 18.1, 17.85, 17.43, 16.693, 15.553, 13.481, 11.157, 9.75], [5.605, 5.308, 5.198, 5.0, 4.62, 4.3, 3.88, 3.45, 3.12, 3.1, 2.61, 2.84, 3.08, 2.29, 2.46, 2.28, 2.18, 2.46, 3.06, 3.27, 2.73, 1.92, 2.04, 2.54, 3.87, 4.02, 3.75, 3.64, 3.69, 3.66, 3.7, 4.17, 4.56, 4.94, 5.07, 5.025, 4.73, 4.28, 3.561, 2.649, 1.69, 1.59, 1.8, 2.86, 3.89, 3.45, 1.56, 0, 2.75, 6.047, 7.951, 8.464, 8.554, 8.864, 9.353, 10.004, 10.414, 10.524, 10.523, 10.782, 11.093, 11.286, 11.793, 12.534, 13.194, 13.127, 12.673, 13.065, 13.192, 13.451, 14.88, 16.157, 16.259, 16.037, 16.099, 16.424, 16.767, 17.006, 16.973, 16.748, 16.341, 15.607, 14.446, 12.392, 10.108, 8.712], [8.026, 7.618, 7.545, 7.436, 7.127, 6.39, 5.71, 5.22, 4.67, 4.67, 4.3, 4.49, 4.59, 3.2, 3.01, 2.89, 2.81, 2.51, 1.71, 1.52, 1.42, 1.93, 1.79, 1.59, 1.68, 2.17, 2.26, 2.27, 2.26, 1.95, 1.95, 2.68, 3.23, 3.49, 3.52, 3.41, 2.63, 2.29, 1.84, 1.73, 2.18, 2.7, 3.43, 5.25, 6.332, 5.74, 3.91, 2.75, 0, 3.466, 5.413, 5.903, 6.064, 6.366, 6.9, 7.48, 7.984, 8.111, 8.12, 8.344, 8.87, 9.12, 9.69, 10.37, 11.073, 10.892, 10.2, 10.653, 10.742, 10.942, 12.35, 13.499, 13.615, 13.38, 13.503, 13.77, 14.147, 14.42, 14.488, 14.252, 13.857, 13.086, 11.945, 9.913, 7.581, 6.128], [10.899, 10.428, 10.392, 10.329, 10.112, 9.087, 8.213, 7.723, 7.041, 7.064, 6.597, 7.12, 7.14, 5.671, 5.364, 5.284, 5.127, 4.787, 4.018, 3.454, 3.862, 4.82, 4.723, 3.843, 2.65, 2.78, 3.59, 3.52, 3.31, 3.372, 3.18, 3.19, 3.16, 3.18, 3.15, 2.88, 2.44, 2.98, 3.09, 3.78, 4.79, 5.636, 6.76, 8.608, 9.579, 8.77, 7.177, 6.047, 3.466, 0, 2.09, 2.54, 2.79, 3.14, 3.62, 4.14, 4.86, 4.97, 5.34, 5.63, 6.16, 6.47, 7.08, 7.57, 8.34, 8.13, 7.26, 7.33, 7.34, 7.641, 9.092, 10.358, 10.461, 10.218, 10.405, 10.685, 11.039, 11.203, 11.263, 10.942, 10.604, 9.827, 8.597, 6.557, 4.198, 2.74], [12.681, 12.169, 12.174, 12.228, 11.996, 10.867, 9.84, 9.27, 8.508, 8.563, 8.053, 8.548, 8.548, 7.058, 6.728, 6.703, 6.577, 6.277, 5.643, 5.087, 5.584, 6.662, 6.516, 5.673, 4.367, 4.474, 5.317, 5.31, 5.04, 5.128, 4.913, 4.704, 4.35, 3.97, 4.0, 3.75, 3.49, 4.21, 4.56, 5.526, 6.639, 7.522, 8.626, 10.508, 11.465, 10.648, 9.05, 7.951, 5.413, 2.09, 0, 0.97, 1.54, 1.79, 2.07, 2.73, 3.43, 3.7, 4.19, 4.5, 4.95, 5.22, 5.83, 6.28, 7.13, 6.84, 6.07, 6.0, 6.01, 6.251, 7.332, 8.481, 8.615, 8.521, 8.661, 8.876, 9.182, 9.542, 9.613, 9.288, 8.855, 8.025, 6.832, 4.855, 2.68, 1.53], [13.168, 12.656, 12.66, 12.715, 12.483, 11.357, 10.23, 9.697, 9.0, 9.04, 8.53, 9.04, 9.02, 7.57, 7.244, 7.144, 7.047, 6.787, 6.138, 5.582, 6.091, 7.157, 7.003, 6.16, 4.807, 4.923, 5.787, 5.8, 5.53, 5.62, 5.403, 5.21, 4.88, 4.46, 4.45, 4.22, 3.96, 4.54, 4.99, 6.016, 7.166, 8.013, 9.136, 11.018, 11.969, 11.158, 9.547, 8.464, 5.903, 2.54, 0.97, 0, 0.99, 1.32, 1.42, 2.2, 2.98, 3.15, 3.72, 4.11, 4.46, 4.73, 5.26, 5.77, 6.54, 6.25, 5.6, 5.39, 5.36, 5.609, 6.785, 7.962, 8.056, 7.916, 8.091, 8.294, 8.688, 9.003, 9.092, 8.783, 8.421, 7.535, 6.345, 4.245, 2.03, 1.16], [13.295, 12.783, 12.787, 12.842, 12.61, 11.484, 10.43, 9.89, 9.21, 9.25, 8.76, 9.19, 9.21, 7.78, 7.53, 7.41, 7.25, 6.99, 6.285, 5.76, 6.22, 7.224, 7.07, 6.299, 4.964, 5.09, 5.914, 5.922, 5.657, 5.767, 5.53, 5.48, 5.19, 4.75, 4.78, 4.59, 4.25, 4.89, 5.18, 6.166, 7.336, 8.074, 9.237, 11.114, 12.056, 11.26, 9.635, 8.554, 6.064, 2.79, 1.54, 0.99, 0, 0.67, 1.03, 1.83, 2.61, 3.04, 3.53, 4.0, 4.29, 4.56, 5.01, 5.52, 6.25, 5.98, 5.39, 5.1, 5.13, 5.465, 6.629, 7.86, 7.933, 7.761, 7.792, 8.122, 8.502, 8.881, 8.975, 8.799, 8.328, 7.399, 6.135, 4.109, 1.78, 1.19], [13.568, 13.06, 13.061, 13.115, 12.9, 11.755, 10.68, 10.17, 9.58, 9.58, 9.13, 9.48, 9.5, 8.13, 7.88, 7.76, 7.6, 7.36, 6.6, 6.13, 6.59, 7.489, 7.363, 6.577, 5.262, 5.38, 6.217, 6.214, 5.944, 6.08, 5.84, 5.73, 5.54, 5.1, 5.09, 4.86, 4.64, 5.18, 5.53, 6.456, 7.615, 8.367, 9.458, 11.333, 12.332, 11.51, 9.879, 8.864, 6.366, 3.14, 1.79, 1.32, 0.67, 0, 0.76, 1.68, 2.36, 2.87, 3.38, 3.87, 4.1, 4.39, 4.82, 5.33, 6.06, 5.79, 5.3, 4.83, 4.86, 5.235, 6.364, 7.547, 7.656, 7.444, 7.545, 7.838, 8.229, 8.623, 8.824, 8.647, 8.156, 7.146, 5.953, 3.859, 1.69, 1.6], [13.991, 13.483, 13.484, 13.538, 13.343, 12.178, 11.093, 10.543, 9.98, 10.02, 9.55, 9.98, 10.04, 8.55, 8.3, 8.18, 8.04, 7.8, 7.04, 6.57, 7.09, 7.986, 7.846, 7.029, 5.704, 5.82, 6.619, 6.634, 6.367, 6.54, 6.3, 6.21, 5.96, 5.5, 5.51, 5.28, 5.1, 5.72, 6.05, 6.893, 8.055, 8.847, 9.993, 11.884, 12.823, 12.033, 10.413, 9.353, 6.9, 3.62, 2.07, 1.42, 1.03, 0.76, 0, 1.22, 2.02, 2.41, 2.94, 3.39, 3.58, 3.89, 4.3, 4.79, 5.54, 5.29, 4.82, 4.37, 4.4, 4.781, 5.939, 7.113, 7.219, 7.025, 7.133, 7.407, 7.796, 8.2, 8.293, 8.093, 7.622, 6.622, 5.419, 3.339, 1.39, 1.58], [14.657, 14.169, 14.153, 14.209, 13.997, 12.884, 11.893, 11.383, 10.758, 10.74, 10.27, 10.76, 10.78, 9.328, 9.06, 8.94, 8.74, 8.46, 7.715, 7.23, 7.713, 8.649, 8.512, 7.683, 6.357, 6.521, 7.308, 7.28, 7.053, 7.14, 6.913, 6.79, 6.68, 6.26, 6.23, 5.98, 5.7, 6.28, 6.59, 7.556, 8.71, 9.478, 10.653, 12.521, 13.463, 12.693, 11.073, 10.004, 7.48, 4.14, 2.73, 2.2, 1.83, 1.68, 1.22, 0, 1.0, 1.43, 2.02, 2.41, 2.66, 2.95, 3.42, 3.95, 4.66, 4.45, 3.86, 3.45, 3.54, 3.89, 5.18, 6.407, 6.48, 6.293, 6.422, 6.761, 7.154, 7.419, 7.514, 7.28, 6.83, 5.897, 4.668, 2.68, 1.27, 1.94], [15.097, 14.63, 14.597, 14.579, 14.362, 13.386, 12.684, 12.196, 11.58, 11.561, 11.091, 11.54, 11.561, 10.15, 9.864, 9.744, 9.484, 9.227, 8.417, 7.851, 8.227, 9.027, 8.911, 8.166, 7.036, 7.166, 7.876, 7.905, 7.654, 7.711, 7.671, 7.543, 7.48, 7.06, 7.048, 6.8, 6.42, 6.9, 7.07, 8.05, 9.088, 9.821, 10.98, 12.89, 13.884, 13.06, 11.51, 10.414, 7.984, 4.86, 3.43, 2.98, 2.61, 2.36, 2.02, 1.0, 0, 0.77, 1.42, 1.79, 2.08, 2.41, 2.86, 3.35, 4.06, 3.89, 3.44, 3.11, 3.26, 3.49, 4.701, 5.972, 6.07, 5.815, 5.936, 6.324, 6.678, 6.899, 7.075, 6.865, 6.392, 5.5, 4.305, 2.28, 1.73, 2.7], [15.357, 14.903, 14.87, 14.789, 14.503, 13.686, 13.009, 12.522, 11.907, 11.888, 11.42, 11.907, 11.928, 10.477, 10.19, 10.07, 9.83, 9.57, 8.744, 8.18, 8.454, 9.23, 9.136, 8.4, 7.324, 7.394, 8.178, 8.148, 7.941, 7.978, 7.938, 7.9, 7.81, 7.39, 7.38, 7.15, 6.67, 7.11, 7.22, 8.132, 9.196, 10.015, 11.079, 13.011, 14.011, 13.174, 11.659, 10.524, 8.111, 4.97, 3.7, 3.15, 3.04, 2.87, 2.41, 1.43, 0.77, 0, 0.99, 1.32, 1.67, 2.0, 2.49, 3.04, 3.73, 3.6, 3.01, 2.96, 3.05, 3.24, 4.564, 5.848, 5.924, 5.71, 5.822, 6.118, 6.473, 6.648, 6.745, 6.481, 6.166, 5.375, 4.201, 2.21, 2.02, 3.05], [15.369, 14.957, 14.894, 14.789, 14.468, 13.64, 12.964, 12.474, 11.95, 11.97, 11.58, 11.964, 12.047, 10.534, 10.29, 10.19, 10.039, 9.756, 8.764, 8.346, 8.54, 9.201, 9.139, 8.35, 7.317, 7.384, 8.182, 8.064, 7.838, 7.987, 7.89, 8.206, 7.98, 7.52, 7.59, 7.48, 7.18, 7.68, 7.55, 8.124, 9.222, 9.976, 11.174, 12.976, 13.976, 13.215, 11.578, 10.523, 8.12, 5.34, 4.19, 3.72, 3.53, 3.38, 2.94, 2.02, 1.42, 0.99, 0, 0.83, 1.52, 1.51, 1.92, 2.51, 3.18, 3.01, 2.38, 2.71, 2.86, 3.07, 4.515, 5.792, 5.869, 5.632, 5.718, 6.074, 6.48, 6.661, 6.684, 6.411, 6.017, 5.238, 4.039, 2.34, 2.63, 3.68], [15.573, 15.169, 15.101, 14.986, 14.75, 13.916, 13.304, 12.814, 12.234, 12.237, 11.87, 12.294, 12.357, 10.864, 10.577, 10.497, 10.329, 10.006, 9.054, 8.596, 8.824, 9.455, 9.39, 8.597, 7.661, 7.69, 8.495, 8.315, 8.128, 8.217, 8.18, 8.456, 8.23, 7.77, 7.84, 7.73, 7.55, 8.09, 7.86, 8.38, 9.442, 10.209, 11.4, 13.267, 14.229, 13.506, 11.88, 10.782, 8.344, 5.63, 4.5, 4.11, 4.0, 3.87, 3.39, 2.41, 1.79, 1.32, 0.83, 0, 1.01, 1.14, 1.63, 2.18, 2.87, 2.76, 2.17, 2.6, 2.73, 2.9, 4.404, 5.588, 5.66, 5.424, 5.531, 5.895, 6.259, 6.472, 6.521, 6.222, 5.779, 4.953, 3.873, 2.53, 2.86, 4.07], [15.708, 15.369, 15.301, 15.244, 14.976, 14.25, 13.658, 13.168, 12.64, 12.66, 12.31, 12.74, 12.82, 11.31, 11.04, 10.96, 10.76, 10.4, 9.46, 9.01, 9.33, 9.684, 9.664, 8.98, 8.07, 8.098, 8.877, 8.66, 8.503, 8.62, 8.56, 8.75, 8.64, 8.18, 8.21, 8.06, 7.98, 8.56, 8.43, 8.96, 9.77, 10.523, 11.68, 13.558, 14.609, 13.847, 12.247, 11.093, 8.87, 6.16, 4.95, 4.46, 4.29, 4.1, 3.58, 2.66, 2.08, 1.67, 1.52, 1.01, 0, 0.81, 1.24, 1.85, 2.48, 2.61, 2.3, 2.41, 2.52, 2.796, 4.324, 5.421, 5.495, 5.271, 5.389, 5.789, 6.199, 6.452, 6.513, 6.216, 5.701, 4.804, 3.766, 2.68, 3.05, 4.26], [15.753, 15.377, 15.309, 15.326, 15.117, 14.234, 13.69, 13.22, 12.77, 12.79, 12.52, 12.85, 12.95, 11.4, 11.19, 11.11, 10.97, 10.59, 9.55, 9.26, 9.44, 9.843, 9.771, 9.15, 8.22, 8.15, 8.878, 8.71, 8.478, 8.75, 8.73, 9.06, 8.83, 8.37, 8.46, 8.39, 8.25, 8.85, 8.72, 9.03, 9.88, 10.693, 11.746, 13.668, 14.781, 13.976, 12.403, 11.286, 9.12, 6.47, 5.22, 4.73, 4.56, 4.39, 3.89, 2.95, 2.41, 2.0, 1.51, 1.14, 0.81, 0, 0.81, 1.42, 2.09, 2.06, 1.97, 2.2, 2.27, 2.609, 4.108, 5.258, 5.366, 5.113, 5.221, 5.614, 6.044, 6.34, 6.359, 6.022, 5.608, 4.669, 3.53, 2.67, 3.36, 4.57], [16.132, 15.792, 15.733, 15.79, 15.572, 14.805, 14.12, 13.65, 13.2, 13.22, 13.01, 13.36, 13.46, 11.91, 11.7, 11.62, 11.46, 11.1, 9.98, 9.83, 10.03, 10.333, 10.248, 9.72, 8.79, 8.74, 9.444, 9.28, 9.105, 9.34, 9.22, 9.47, 9.24, 8.84, 8.93, 8.88, 8.86, 9.46, 9.33, 9.62, 10.425, 11.106, 12.204, 14.197, 15.235, 14.452, 12.908, 11.793, 9.69, 7.08, 5.83, 5.26, 5.01, 4.82, 4.3, 3.42, 2.86, 2.49, 1.92, 1.63, 1.24, 0.81, 0, 0.93, 1.56, 1.75, 1.9, 1.87, 2.02, 2.339, 3.838, 4.941, 4.98, 4.854, 4.909, 5.299, 5.749, 6.039, 6.102, 5.845, 5.349, 4.291, 3.12, 2.5, 3.67, 4.92], [16.78, 16.342, 16.336, 16.408, 16.253, 15.351, 14.734, 14.264, 13.8, 13.82, 13.61, 13.977, 14.077, 12.527, 12.3, 12.22, 12.04, 11.7, 10.597, 10.373, 10.63, 11.094, 10.945, 10.34, 9.387, 9.354, 10.0, 9.917, 9.684, 9.977, 9.84, 10.016, 9.83, 9.43, 9.5, 9.39, 9.31, 9.93, 9.82, 10.23, 11.115, 11.839, 12.845, 14.907, 15.935, 15.119, 13.565, 12.534, 10.37, 7.57, 6.28, 5.77, 5.52, 5.33, 4.79, 3.95, 3.35, 3.04, 2.51, 2.18, 1.85, 1.42, 0.93, 0, 1.01, 1.3, 1.51, 1.26, 1.45, 1.68, 3.105, 4.217, 4.326, 4.167, 4.299, 4.694, 5.084, 5.364, 5.467, 5.198, 4.645, 3.634, 2.53, 2.61, 4.14, 5.43], [17.373, 16.956, 16.918, 16.991, 16.776, 16.066, 15.549, 15.081, 14.64, 14.66, 14.436, 14.774, 14.877, 13.327, 13.12, 13.043, 12.875, 12.526, 11.42, 11.222, 11.433, 11.691, 11.543, 11.043, 10.176, 10.134, 10.773, 10.614, 10.441, 10.717, 10.626, 10.902, 10.673, 10.253, 10.343, 10.259, 10.12, 10.72, 10.59, 10.95, 11.771, 12.436, 13.415, 15.539, 16.49, 15.615, 14.243, 13.194, 11.073, 8.34, 7.13, 6.54, 6.25, 6.06, 5.54, 4.66, 4.06, 3.73, 3.18, 2.87, 2.48, 2.09, 1.56, 1.01, 0, 0.99, 1.58, 1.31, 1.48, 1.45, 2.76, 3.747, 3.867, 3.63, 3.805, 4.174, 4.604, 4.864, 4.904, 4.653, 4.1, 3.092, 2.3, 3.22, 4.85, 6.16], [17.336, 16.907, 16.847, 17.0, 16.75, 15.632, 15.179, 14.714, 14.29, 14.313, 14.066, 14.384, 14.487, 12.94, 12.73, 12.656, 12.548, 12.142, 11.07, 10.835, 11.086, 11.644, 11.461, 10.816, 9.786, 9.687, 10.306, 10.404, 10.1, 10.427, 10.356, 10.595, 10.343, 9.889, 9.98, 9.97, 9.85, 10.47, 10.4, 10.663, 11.687, 12.444, 13.465, 15.392, 16.436, 15.558, 14.085, 13.127, 10.892, 8.13, 6.84, 6.25, 5.98, 5.79, 5.29, 4.45, 3.89, 3.6, 3.01, 2.76, 2.61, 2.06, 1.75, 1.3, 0.99, 0, 1.17, 1.42, 1.49, 1.48, 2.49, 3.648, 3.717, 3.47, 3.518, 3.895, 4.325, 4.618, 4.688, 4.412, 3.92, 2.967, 2.51, 3.27, 4.7, 5.97], [17.375, 16.936, 16.879, 16.868, 16.642, 15.604, 14.873, 14.383, 13.76, 13.78, 13.41, 13.84, 13.92, 12.41, 12.14, 12.06, 11.86, 11.52, 10.6, 10.13, 10.49, 11.344, 11.221, 10.4, 9.27, 9.29, 10.154, 10.02, 9.78, 9.9, 9.74, 9.97, 9.76, 9.3, 9.37, 9.24, 9.1, 9.7, 9.57, 10.26, 11.377, 12.139, 13.34, 15.15, 16.173, 15.397, 13.767, 12.673, 10.2, 7.26, 6.07, 5.6, 5.39, 5.3, 4.82, 3.86, 3.44, 3.01, 2.38, 2.17, 2.3, 1.97, 1.9, 1.51, 1.58, 1.17, 0, 1.27, 1.38, 1.33, 2.523, 3.729, 3.869, 3.621, 3.725, 4.068, 4.418, 4.683, 4.716, 4.452, 3.954, 3.036, 2.443, 3.02, 4.31, 5.48], [17.645, 17.168, 17.152, 17.248, 17.044, 15.881, 14.958, 14.471, 13.89, 13.89, 13.5, 13.99, 14.03, 12.56, 12.27, 12.19, 11.99, 11.61, 10.79, 10.36, 10.88, 11.729, 11.602, 10.759, 9.487, 9.604, 10.417, 10.272, 10.074, 10.19, 9.97, 9.92, 9.85, 9.41, 9.4, 9.19, 9.01, 9.61, 9.8, 10.632, 11.768, 12.559, 13.714, 15.576, 16.551, 15.737, 14.137, 13.065, 10.653, 7.33, 6.0, 5.39, 5.1, 4.83, 4.37, 3.45, 3.11, 2.96, 2.71, 2.6, 2.41, 2.2, 1.87, 1.26, 1.31, 1.42, 1.27, 0, 0.57, 0.78, 2.171, 3.334, 3.509, 3.275, 3.451, 3.788, 4.207, 4.504, 4.551, 4.312, 3.742, 2.741, 1.77, 2.23, 3.68, 5.11], [17.786, 17.309, 17.268, 17.401, 17.197, 15.981, 15.05, 14.543, 13.921, 13.924, 13.557, 14.06, 14.08, 12.611, 12.304, 12.224, 12.067, 11.707, 10.941, 10.454, 10.971, 11.854, 11.756, 10.881, 9.58, 9.644, 10.526, 10.46, 10.156, 10.292, 10.055, 10.023, 9.86, 9.42, 9.41, 9.2, 9.02, 9.58, 9.85, 10.779, 11.932, 12.695, 13.864, 15.735, 16.695, 15.922, 14.267, 13.192, 10.742, 7.34, 6.01, 5.36, 5.13, 4.86, 4.4, 3.54, 3.26, 3.05, 2.86, 2.73, 2.52, 2.27, 2.02, 1.45, 1.48, 1.49, 1.38, 0.57, 0, 0.61, 1.955, 3.216, 3.364, 3.115, 3.336, 3.698, 4.077, 4.385, 4.433, 4.147, 3.578, 2.646, 1.64, 2.14, 3.73, 5.04], [18.154, 17.68, 17.641, 17.666, 17.446, 16.34, 15.384, 14.897, 14.276, 14.257, 13.867, 14.357, 14.377, 12.926, 12.6, 12.52, 12.323, 11.983, 11.293, 10.767, 11.25, 12.148, 12.029, 11.149, 9.896, 9.975, 10.822, 10.796, 10.545, 10.675, 10.487, 10.322, 10.183, 9.76, 9.753, 9.51, 9.27, 9.77, 10.04, 10.973, 12.134, 12.937, 14.113, 15.972, 16.925, 16.158, 14.527, 13.451, 10.942, 7.641, 6.251, 5.609, 5.465, 5.235, 4.781, 3.89, 3.49, 3.2