[[0, 0.9, 1.29, 2.3, 2.99, 1.77, 1.8, 2.17, 2.36, 2.47, 2.49, 3.92, 6.194, 7.682, 8.646, 8.093, 7.023, 6.91, 7.76, 8.231, 7.9, 8.118, 9.15, 9.796, 9.297, 8.927, 9.25, 9.704, 9.62, 10.396, 9.767, 8.516, 8.113, 8.133, 7.767, 8.629, 9.68, 10.097, 7.386, 5.3, 5.48, 4.71, 4.75, 4.5, 4.07, 5.04, 4.48, 5.41, 6.5, 6.626, 6.62, 7.13, 7.26, 7.29, 7.55, 7.83, 8.66, 9.91, 10.64, 10.79, 10.901, 11.203, 10.722, 9.176, 8.531, 8.003, 7.491, 7.731, 8.123, 8.376, 8.496, 8.053, 6.97, 7.06, 7.2, 6.14, 5.18, 6.15, 6.4, 7.08, 7.48, 8.13, 9.37, 9.861, 9.313, 8.421], [0.9, 0, 0.81, 1.94, 2.57, 1.49, 1.5, 2.05, 2.22, 2.51, 2.73, 4.197, 6.54, 8.065, 9.0, 8.37, 7.392, 7.319, 8.18, 8.606, 8.272, 8.475, 9.519, 10.142, 9.669, 9.296, 9.662, 10.11, 9.98, 10.731, 10.058, 8.827, 8.49, 8.459, 8.133, 8.974, 9.94, 10.397, 7.671, 5.66, 5.86, 5.09, 5.15, 4.92, 4.51, 5.48, 4.88, 5.79, 6.88, 7.009, 7.0, 7.51, 7.64, 7.67, 7.93, 8.21, 9.04, 10.29, 11.02, 11.17, 11.283, 11.583, 11.099, 9.559, 8.91, 8.386, 7.873, 8.113, 8.506, 8.759, 8.879, 8.436, 7.35, 7.44, 7.58, 6.52, 5.56, 6.53, 6.78, 7.46, 7.86, 8.51, 9.75, 10.243, 9.696, 8.803], [1.29, 0.81, 0, 1.25, 1.98, 1.2, 1.45, 2.18, 2.49, 2.8, 3.24, 4.724, 7.018, 8.543, 9.527, 8.985, 8.022, 7.982, 8.832, 9.28, 8.958, 9.161, 10.154, 10.757, 10.284, 9.911, 10.297, 10.745, 10.544, 11.309, 10.637, 9.402, 9.054, 9.026, 8.68, 9.575, 10.43, 10.887, 8.383, 6.39, 6.59, 5.82, 5.88, 5.63, 5.18, 6.19, 5.61, 6.52, 7.61, 7.731, 7.73, 8.24, 8.37, 8.4, 8.66, 8.94, 9.77, 11.02, 11.75, 11.9, 12.005, 12.301, 11.817, 10.281, 9.628, 9.108, 8.595, 8.835, 9.228, 9.481, 9.601, 9.158, 8.08, 8.17, 8.31, 7.25, 6.29, 7.26, 7.51, 8.19, 8.59, 9.24, 10.48, 10.965, 10.418, 9.525], [2.3, 1.94, 1.25, 0, 1.15, 1.65, 2.16, 3.05, 3.4, 3.69, 4.25, 5.669, 8.076, 9.441, 10.448, 10.077, 9.083, 9.034, 9.877, 10.38, 10.053, 10.297, 11.266, 11.829, 11.324, 10.937, 11.334, 11.797, 11.539, 12.295, 11.623, 10.384, 10.006, 9.989, 9.646, 10.59, 11.443, 11.829, 9.545, 7.54, 7.74, 6.97, 7.01, 6.76, 6.31, 7.32, 6.74, 7.67, 8.76, 8.872, 8.88, 9.39, 9.52, 9.55, 9.81, 10.09, 10.92, 12.17, 12.896, 13.046, 13.146, 13.434, 12.949, 11.422, 10.761, 10.249, 9.736, 9.976, 10.369, 10.622, 10.742, 10.299, 9.23, 9.32, 9.46, 8.4, 7.44, 8.41, 8.66, 9.34, 9.74, 10.39, 11.626, 12.106, 11.559, 10.666], [2.99, 2.57, 1.98, 1.15, 0, 1.92, 2.53, 3.46, 3.99, 4.3, 4.86, 6.159, 8.646, 9.992, 11.057, 10.672, 9.658, 9.65, 10.479, 10.982, 10.651, 10.893, 11.867, 12.425, 11.937, 11.564, 11.916, 12.393, 12.183, 12.942, 12.288, 11.048, 10.67, 10.639, 10.31, 11.252, 12.093, 12.439, 10.135, 8.15, 8.35, 7.58, 7.62, 7.35, 6.92, 7.91, 7.33, 8.28, 9.35, 9.48, 9.47, 9.98, 10.11, 10.14, 10.4, 10.68, 11.53, 12.78, 13.49, 13.64, 13.753, 14.039, 13.568, 12.012, 11.366, 10.859, 10.343, 10.583, 10.979, 11.232, 11.352, 10.909, 9.84, 9.93, 10.07, 8.99, 8.05, 9.04, 9.29, 9.95, 10.35, 11.0, 12.22, 12.696, 12.169, 11.256], [1.77, 1.49, 1.2, 1.65, 1.92, 0, 1.01, 1.64, 2.25, 2.6, 3.14, 4.644, 6.977, 8.431, 9.418, 8.965, 7.976, 7.88, 8.718, 9.192, 8.904, 9.116, 10.08, 10.691, 10.21, 9.837, 10.235, 10.659, 10.455, 11.209, 10.554, 9.311, 8.937, 8.937, 8.574, 9.496, 10.444, 10.884, 8.33, 6.35, 6.55, 5.82, 5.88, 5.63, 5.22, 6.29, 5.59, 6.48, 7.55, 7.66, 7.67, 8.16, 8.29, 8.32, 8.6, 8.88, 9.73, 10.96, 11.65, 11.8, 11.9, 12.191, 11.717, 10.183, 9.518, 9.011, 8.49, 8.73, 9.131, 9.403, 9.523, 9.07, 8.02, 8.11, 8.23, 7.19, 6.29, 7.24, 7.49, 8.15, 8.55, 9.18, 10.38, 10.86, 10.33, 9.42], [1.8, 1.5, 1.45, 2.16, 2.53, 1.01, 0, 1.05, 1.56, 1.91, 2.41, 3.88, 6.244, 7.667, 8.645, 8.229, 7.24, 7.192, 8.042, 8.516, 8.228, 8.446, 9.406, 9.984, 9.499, 9.126, 9.515, 9.946, 9.731, 10.478, 9.813, 8.59, 8.212, 8.184, 7.841, 8.782, 9.634, 10.072, 7.68, 5.72, 5.9, 5.23, 5.33, 5.14, 4.73, 5.8, 5.06, 5.85, 6.9, 7.01, 7.02, 7.51, 7.64, 7.67, 7.95, 8.23, 9.08, 10.31, 11.0, 11.15, 11.25, 11.535, 11.061, 9.528, 8.862, 8.355, 7.84, 8.08, 8.475, 8.748, 8.868, 8.42, 7.37, 7.46, 7.58, 6.54, 5.72, 6.63, 6.84, 7.5, 7.9, 8.53, 9.73, 10.21, 9.68, 8.77], [2.17, 2.05, 2.18, 3.05, 3.46, 1.64, 1.05, 0, 0.75, 1.08, 1.76, 3.27, 5.38, 6.834, 7.841, 7.348, 6.347, 6.269, 7.104, 7.575, 7.264, 7.519, 8.477, 9.097, 8.627, 8.245, 8.631, 9.042, 8.875, 9.626, 8.988, 7.746, 7.357, 7.334, 6.974, 7.893, 8.844, 9.284, 6.73, 4.83, 5.01, 4.38, 4.64, 4.45, 4.04, 5.11, 4.31, 4.96, 5.99, 6.1, 6.09, 6.58, 6.69, 6.72, 7.0, 7.3, 8.13, 9.36, 10.05, 10.2, 10.3, 10.591, 10.12, 8.583, 7.918, 7.411, 6.89, 7.13, 7.531, 7.803, 7.923, 7.47, 6.42, 6.51, 6.67, 5.61, 4.99, 5.84, 5.89, 6.55, 6.97, 7.58, 8.78, 9.26, 8.73, 7.82], [2.36, 2.22, 2.49, 3.4, 3.99, 2.25, 1.56, 0.75, 0, 0.77, 1.35, 2.82, 4.853, 6.309, 7.359, 6.764, 5.797, 5.735, 6.547, 7.05, 6.728, 7.004, 7.984, 8.615, 8.14, 7.761, 8.107, 8.552, 8.434, 9.184, 8.533, 7.29, 6.904, 6.861, 6.521, 7.42, 8.406, 8.78, 6.22, 4.4, 4.6, 3.99, 4.25, 4.06, 3.67, 4.74, 4.02, 4.53, 5.48, 5.61, 5.6, 6.09, 6.2, 6.23, 6.49, 6.79, 7.64, 8.87, 9.56, 9.71, 9.81, 10.09, 9.616, 8.08, 7.42, 6.91, 6.4, 6.64, 7.03, 7.3, 7.42, 6.96, 5.93, 6.02, 6.2, 5.18, 4.64, 5.57, 5.42, 6.06, 6.48, 7.09, 8.29, 8.75, 8.22, 7.31], [2.47, 2.51, 2.8, 3.69, 4.3, 2.6, 1.91, 1.08, 0.77, 0, 1.0, 2.41, 4.463, 5.994, 7.024, 6.448, 5.427, 5.425, 6.272, 6.755, 6.417, 6.693, 7.662, 8.291, 7.792, 7.419, 7.805, 8.247, 8.052, 8.808, 8.117, 6.894, 6.525, 6.488, 6.145, 7.075, 7.973, 8.33, 5.93, 4.01, 4.21, 3.6, 3.92, 3.71, 3.32, 4.39, 3.77, 4.16, 5.17, 5.28, 5.27, 5.78, 5.91, 5.94, 6.2, 6.5, 7.35, 8.58, 9.27, 9.42, 9.52, 9.8, 9.326, 7.79, 7.13, 6.62, 6.11, 6.35, 6.74, 7.01, 7.13, 6.67, 5.64, 5.73, 5.85, 4.85, 4.33, 5.34, 5.11, 5.77, 6.17, 6.8, 8.0, 8.46, 7.93, 7.02], [2.49, 2.73, 3.24, 4.25, 4.86, 3.14, 2.41, 1.76, 1.35, 1.0, 0, 1.89, 3.926, 5.497, 6.486, 5.919, 4.887, 4.882, 5.706, 6.229, 5.872, 6.156, 7.108, 7.734, 7.238, 6.845, 7.25, 7.701, 7.495, 8.254, 7.577, 6.334, 5.965, 5.923, 5.588, 6.518, 7.436, 7.81, 5.41, 3.51, 3.71, 3.04, 3.34, 3.15, 2.96, 3.85, 3.35, 3.66, 4.67, 4.78, 4.77, 5.26, 5.39, 5.42, 5.7, 6.0, 6.85, 8.06, 8.75, 8.9, 9.0, 9.28, 8.803, 7.27, 6.61, 6.1, 5.59, 5.83, 6.22, 6.49, 6.61, 6.15, 5.12, 5.21, 5.35, 4.31, 3.87, 4.9, 4.61, 5.25, 5.65, 6.28, 7.48, 7.94, 7.41, 6.5], [3.92, 4.197, 4.724, 5.669, 6.159, 4.644, 3.88, 3.27, 2.82, 2.41, 1.89, 0, 2.95, 4.367, 5.271, 4.664, 3.68, 3.77, 4.667, 5.101, 4.702, 4.932, 5.881, 6.49, 6.031, 5.658, 6.026, 6.466, 6.294, 7.021, 6.407, 5.147, 4.787, 4.747, 4.39, 5.32, 6.28, 6.6, 4.22, 2.88, 3.08, 2.99, 3.35, 3.54, 3.85, 4.2, 4.08, 3.17, 3.68, 3.71, 3.68, 4.23, 4.36, 4.31, 4.63, 5.15, 5.72, 6.91, 7.58, 7.73, 7.83, 8.07, 7.58, 6.06, 5.42, 4.89, 4.4, 4.64, 5.01, 5.28, 5.42, 5.06, 4.73, 4.48, 4.28, 3.7, 4.32, 5.39, 4.16, 4.32, 4.72, 5.35, 6.33, 6.79, 6.26, 5.43], [6.194, 6.54, 7.018, 8.076, 8.646, 6.977, 6.244, 5.38, 4.853, 4.463, 3.926, 2.95, 0, 1.65, 2.62, 2.09, 1.47, 1.26, 1.921, 2.381, 2.15, 2.42, 3.371, 4.06, 3.65, 3.3, 3.445, 3.94, 3.83, 4.417, 3.82, 2.92, 2.62, 2.4, 2.48, 3.03, 3.71, 4.07, 2.69, 3.61, 3.869, 4.099, 4.26, 4.33, 4.94, 5.11, 5.03, 4.0, 3.55, 3.62, 3.49, 3.44, 3.61, 3.52, 3.94, 4.56, 4.09, 4.56, 5.09, 5.26, 5.3, 5.52, 5.03, 3.91, 3.65, 3.2, 2.97, 3.15, 3.52, 3.85, 4.57, 4.65, 4.6, 4.37, 4.07, 4.41, 5.329, 5.96, 4.71, 4.53, 4.59, 5.02, 5.62, 5.92, 5.47, 5.08], [7.682, 8.065, 8.543, 9.441, 9.992, 8.431, 7.667, 6.834, 6.309, 5.994, 5.497, 4.367, 1.65, 0, 1.23, 1.44, 1.8, 1.59, 1.12, 1.36, 1.36, 1.85, 2.67, 3.39, 2.92, 2.65, 2.59, 3.17, 3.2, 3.41, 2.99, 2.65, 2.53, 2.13, 2.31, 2.66, 3.06, 3.1, 3.14, 4.679, 4.959, 5.229, 5.369, 5.42, 5.99, 6.16, 6.099, 5.11, 4.379, 4.33, 4.24, 4.05, 4.2, 4.05, 4.39, 5.09, 4.42, 4.05, 4.36, 4.67, 4.67, 4.53, 4.2, 3.9, 3.84, 3.61, 3.66, 3.72, 4.09, 4.48, 5.12, 5.28, 5.37, 5.18, 5.04, 5.46, 6.399, 6.75, 5.66, 5.18, 5.22, 5.37, 5.85, 6.11, 5.72, 5.35], [8.646, 9.0, 9.527, 10.448, 11.057, 9.418, 8.645, 7.841, 7.359, 7.024, 6.486, 5.271, 2.62, 1.23, 0, 1.29, 2.33, 2.18, 1.53, 1.35, 1.61, 1.94, 2.36, 2.96, 2.59, 2.38, 2.3, 2.7, 2.67, 2.74, 2.58, 2.4, 2.4, 1.96, 2.24, 2.31, 2.53, 2.49, 3.13, 5.017, 5.26, 5.527, 5.707, 5.911, 6.259, 6.29, 6.289, 5.501, 4.569, 4.516, 4.449, 4.1, 4.19, 4.08, 4.36, 5.08, 4.37, 3.86, 4.09, 4.28, 4.3, 4.16, 3.79, 3.73, 3.87, 3.78, 3.93, 3.85, 4.12, 4.45, 5.15, 5.39, 5.48, 5.329, 5.15, 5.59, 6.569, 6.86, 5.77, 5.29, 5.31, 5.4, 5.82, 6.02, 5.63, 5.38], [8.093, 8.37, 8.985, 10.077, 10.672, 8.965, 8.229, 7.348, 6.764, 6.448, 5.919, 4.664, 2.09, 1.44, 1.29, 0, 1.58, 1.57, 1.26, 1.28, 1.48, 1.53, 1.97, 2.55, 2.18, 1.95, 1.95, 2.27, 2.42, 2.71, 2.33, 1.97, 1.89, 1.63, 1.85, 1.82, 2.1, 2.38, 2.24, 4.27, 4.45, 4.777, 4.997, 5.207, 5.54, 5.345, 5.462, 4.734, 3.733, 3.74, 3.622, 3.29, 3.24, 3.11, 3.41, 4.09, 3.4, 3.09, 3.52, 3.67, 3.69, 3.75, 3.26, 2.92, 3.16, 3.15, 3.4, 3.18, 3.33, 3.6, 4.18, 4.38, 4.53, 4.382, 4.165, 4.64, 5.622, 5.826, 4.72, 4.28, 4.32, 4.59, 5.03, 5.25, 4.86, 4.55], [7.023, 7.392, 8.022, 9.083, 9.658, 7.976, 7.24, 6.347, 5.797, 5.427, 4.887, 3.68, 1.47, 1.8, 2.33, 1.58, 0, 0.91, 1.2, 1.74, 1.56, 1.57, 2.47, 3.13, 2.62, 2.33, 2.63, 3.05, 2.92, 3.664, 3.03, 1.95, 1.73, 1.61, 1.71, 2.26, 3.04, 3.32, 1.84, 3.436, 3.613, 3.943, 4.097, 4.264, 4.686, 4.7, 4.696, 3.854, 3.1, 3.13, 3.0, 2.87, 2.92, 2.77, 3.15, 3.79, 3.3, 3.59, 4.12, 4.27, 4.35, 4.55, 4.06, 3.26, 3.06, 2.89, 2.76, 2.7, 2.89, 3.26, 3.86, 3.94, 4.07, 3.76, 3.54, 4.0, 4.979, 5.31, 4.18, 3.82, 3.84, 4.07, 4.65, 4.91, 4.46, 4.15], [6.91, 7.319, 7.982, 9.034, 9.65, 7.88, 7.192, 6.269, 5.735, 5.425, 4.882, 3.77, 1.26, 1.59, 2.18, 1.57, 0.91, 0, 0.97, 1.51, 1.53, 1.7, 2.58, 3.22, 2.73, 2.46, 2.66, 3.16, 3.07, 3.7, 3.08, 2.18, 1.88, 1.7, 1.82, 2.33, 3.13, 3.55, 2.09, 3.457, 3.6, 3.927, 4.099, 4.31, 4.74, 4.71, 4.689, 3.844, 3.05, 3.02, 2.99, 2.78, 2.91, 2.8, 3.22, 3.9, 3.29, 3.64, 4.11, 4.34, 4.42, 4.56, 4.17, 3.13, 2.91, 2.66, 2.59, 2.53, 2.82, 3.19, 3.85, 4.01, 3.98, 3.79, 3.61, 4.01, 4.969, 5.46, 4.27, 3.93, 3.99, 4.36, 4.94, 5.22, 4.81, 4.4], [7.76, 8.18, 8.832, 9.877, 10.479, 8.718, 8.042, 7.104, 6.547, 6.272, 5.706, 4.667, 1.921, 1.12, 1.53, 1.26, 1.2, 0.97, 0, 0.72, 1.04, 1.17, 1.99, 2.81, 2.32, 2.03, 2.03, 2.53, 2.62, 2.95, 2.43, 1.99, 1.91, 1.59, 1.73, 2.1, 2.6, 2.82, 2.46, 4.127, 4.23, 4.623, 4.754, 5.0, 5.41, 5.3, 5.296, 4.531, 3.6, 3.57, 3.46, 3.23, 3.32, 3.21, 3.53, 4.23, 3.52, 3.19, 3.46, 3.75, 3.77, 3.79, 3.42, 3.02, 3.0, 2.87, 3.04, 2.94, 3.17, 3.56, 4.18, 4.4, 4.51, 4.32, 4.18, 4.6, 5.559, 5.89, 4.8, 4.3, 4.34, 4.45, 4.97, 5.19, 4.8, 4.47], [8.231, 8.606, 9.28, 10.38, 10.982, 9.192, 8.516, 7.575, 7.05, 6.755, 6.229, 5.101, 2.381, 1.36, 1.35, 1.28, 1.74, 1.51, 0.72, 0, 1.02, 1.15, 1.85, 2.57, 2.18, 1.95, 1.97, 2.27, 2.42, 2.71, 2.29, 2.05, 2.15, 1.85, 2.07, 2.28, 2.56, 2.6, 2.7, 4.356, 4.456, 4.803, 4.966, 5.196, 5.689, 5.48, 5.539, 4.686, 3.719, 3.71, 3.58, 3.43, 3.5, 3.39, 3.73, 4.41, 3.58, 3.11, 3.38, 3.51, 3.51, 3.49, 3.14, 3.02, 3.08, 2.91, 3.06, 3.0, 3.31, 3.64, 4.26, 4.5, 4.63, 4.519, 4.32, 4.78, 5.759, 6.01, 4.9, 4.44, 4.46, 4.51, 4.91, 5.11, 4.72, 4.45], [7.9, 8.272, 8.958, 10.053, 10.651, 8.904, 8.228, 7.264, 6.728, 6.417, 5.872, 4.702, 2.15, 1.36, 1.61, 1.48, 1.56, 1.53, 1.04, 1.02, 0, 0.89, 1.93, 2.71, 2.32, 2.09, 2.05, 2.43, 2.5, 2.77, 2.39, 2.17, 2.25, 1.75, 2.09, 2.22, 2.78, 2.62, 2.9, 4.436, 4.653, 4.963, 5.063, 5.17, 5.729, 5.76, 5.759, 4.8, 4.039, 4.006, 3.899, 3.61, 3.66, 3.53, 3.91, 4.55, 3.86, 3.37, 3.66, 3.77, 3.83, 3.89, 3.56, 3.26, 3.24, 3.07, 3.1, 3.2, 3.49, 3.86, 4.62, 4.88, 4.93, 4.819, 4.6, 5.06, 6.059, 6.37, 5.24, 4.8, 4.84, 4.95, 5.35, 5.57, 5.18, 4.91], [8.118, 8.475, 9.161, 10.297, 10.893, 9.116, 8.446, 7.519, 7.004, 6.693, 6.156, 4.932, 2.42, 1.85, 1.94, 1.53, 1.57, 1.7, 1.17, 1.15, 0.89, 0, 1.5, 2.18, 1.91, 1.74, 1.82, 2.04, 2.03, 2.6, 2.14, 1.84, 1.92, 1.58, 1.78, 1.99, 2.69, 2.63, 2.41, 4.08, 4.34, 4.633, 4.767, 4.957, 5.47, 5.31, 5.363, 4.507, 3.683, 3.64, 3.53, 3.28, 3.27, 3.16, 3.36, 4.1, 3.23, 2.92, 3.15, 3.26, 3.32, 3.54, 3.07, 2.93, 3.01, 2.86, 2.89, 2.89, 3.1, 3.37, 3.95, 4.25, 4.496, 4.369, 4.15, 4.61, 5.609, 5.74, 4.69, 4.25, 4.17, 4.24, 4.7, 4.88, 4.49, 4.24], [9.15, 9.519, 10.154, 11.266, 11.867, 10.08, 9.406, 8.477, 7.984, 7.662, 7.108, 5.881, 3.371, 2.67, 2.36, 1.97, 2.47, 2.58, 1.99, 1.85, 1.93, 1.5, 0, 1.02, 0.83, 0.86, 1.04, 1.12, 1.07, 1.82, 1.56, 1.66, 1.72, 1.68, 1.92, 1.73, 1.89, 2.01, 2.289, 4.257, 4.4, 4.901, 4.935, 5.158, 5.507, 5.389, 5.56, 4.72, 3.823, 3.733, 3.62, 3.24, 3.25, 3.116, 3.08, 3.86, 2.89, 2.24, 2.25, 2.38, 2.24, 2.46, 2.03, 2.55, 2.89, 2.82, 2.99, 2.85, 3.0, 3.23, 3.769, 4.126, 4.476, 4.289, 4.029, 4.569, 5.566, 5.5, 4.689, 4.089, 3.81, 3.6, 3.86, 4.06, 3.67, 3.54], [9.796, 10.142, 10.757, 11.829, 12.425, 10.691, 9.984, 9.097, 8.615, 8.291, 7.734, 6.49, 4.06, 3.39, 2.96, 2.55, 3.13, 3.22, 2.81, 2.57, 2.71, 2.18, 1.02, 0, 0.93, 1.38, 1.48, 1.08, 0.99, 1.68, 1.46, 1.92, 2.04, 2.24, 2.44, 1.93, 1.73, 1.83, 2.614, 4.852, 4.75, 5.46, 5.468, 5.658, 5.948, 5.747, 6.059, 5.048, 4.179, 4.149, 3.999, 3.507, 3.44, 3.31, 3.136, 3.76, 2.79, 2.24, 2.17, 2.2, 2.06, 2.08, 1.73, 2.59, 3.11, 3.16, 3.45, 3.23, 3.1, 3.23, 3.709, 4.106, 4.513, 4.279, 3.985, 4.768, 5.622, 5.4, 4.808, 4.145, 3.73, 3.48, 3.4, 3.5, 3.15, 3.34], [9.297, 9.669, 10.284, 11.324, 11.937, 10.21, 9.499, 8.627, 8.14, 7.792, 7.238, 6.031, 3.65, 2.92, 2.59, 2.18, 2.62, 2.73, 2.32, 2.18, 2.32, 1.91, 0.83, 0.93, 0, 0.65, 1.03, 1.07, 1.08, 1.89, 1.53, 1.45, 1.61, 1.85, 1.99, 1.52, 1.7, 2.08, 2.16, 4.296, 4.347, 4.869, 4.963, 5.176, 5.46, 5.099, 5.387, 4.703, 3.507, 3.494, 3.367, 2.95, 2.9, 2.75, 2.71, 3.47, 2.54, 2.01, 2.24, 2.39, 2.31, 2.39, 1.94, 2.32, 2.64, 2.69, 2.98, 2.74, 2.67, 2.86, 3.34, 3.679, 4.026, 3.879, 3.619, 4.259, 5.196, 5.09, 4.279, 3.659, 3.42, 3.19, 3.45, 3.63, 3.28, 3.23], [8.927, 9.296, 9.911, 10.937, 11.564, 9.837, 9.126, 8.245, 7.761, 7.419, 6.845, 5.658, 3.3, 2.65, 2.38, 1.95, 2.33, 2.46, 2.03, 1.95, 2.09, 1.74, 0.86, 1.38, 0.65, 0, 0.94, 1.12, 1.13, 2.08, 1.7, 1.44, 1.66, 1.48, 1.78, 1.41, 1.91, 2.33, 2.03, 3.97, 4.07, 4.539, 4.633, 4.903, 5.22, 4.91, 5.11, 4.393, 3.29, 3.22, 3.13, 2.78, 2.81, 2.68, 2.72, 3.48, 2.67, 2.08, 2.53, 2.64, 2.62, 2.74, 2.25, 2.27, 2.47, 2.4, 2.67, 2.43, 2.58, 2.91, 3.37, 3.67, 3.98, 3.83, 3.59, 4.17, 5.11, 5.14, 4.25, 3.63, 3.49, 3.34, 3.64, 3.86, 3.49, 3.32], [9.25, 9.662, 10.297, 11.334, 11.916, 10.235, 9.515, 8.631, 8.107, 7.805, 7.25, 6.026, 3.445, 2.59, 2.3, 1.95, 2.63, 2.66, 2.03, 1.97, 2.05, 1.82, 1.04, 1.48, 1.03, 0.94, 0, 1.02, 1.29, 1.88, 1.72, 1.7, 1.94, 1.58, 1.96, 1.53, 1.89, 2.17, 2.41, 4.382, 4.37, 4.886, 5.013, 5.201, 5.572, 5.25, 5.53, 4.686, 3.67, 3.6, 3.49, 3.0, 3.01, 2.88, 2.84, 3.6, 2.71, 2.04, 2.19, 2.44, 2.42, 2.38, 1.97, 2.05, 2.47, 2.54, 2.83, 2.67, 2.7, 2.95, 3.51, 3.85, 4.18, 3.99, 3.81, 4.51, 5.35, 5.3, 4.47, 3.79, 3.67, 3.46, 3.88, 4.14, 3.81, 3.78], [9.704, 10.11, 10.745, 11.797, 12.393, 10.659, 9.946, 9.042, 8.552, 8.247, 7.701, 6.466, 3.94, 3.17, 2.7, 2.27, 3.05, 3.16, 2.53, 2.27, 2.43, 2.04, 1.12, 1.08, 1.07, 1.12, 1.02, 0, 0.81, 1.44, 1.34, 1.84, 2.12, 2.04, 2.353, 1.85, 1.77, 1.91, 2.67, 4.783, 4.83, 5.254, 5.433, 5.68, 5.98, 5.59, 5.89, 5.182, 4.09, 4.04, 3.91, 3.44, 3.37, 3.24, 3.32, 4.1, 3.19, 2.36, 2.35, 2.42, 2.28, 2.18, 1.81, 2.47, 3.07, 3.1, 3.365, 3.17, 3.22, 3.43, 3.99, 4.33, 4.68, 4.49, 4.25, 4.83, 5.79, 5.78, 4.83, 4.29, 4.13, 3.86, 3.92, 4.04, 3.67, 3.68], [9.62, 9.98, 10.544, 11.539, 12.183, 10.455, 9.731, 8.875, 8.434, 8.052, 7.495, 6.294, 3.83, 3.2, 2.67, 2.42, 2.92, 3.07, 2.62, 2.42, 2.5, 2.03, 1.07, 0.99, 1.08, 1.13, 1.29, 0.81, 0, 1.33, 1.37, 1.71, 1.89, 1.81, 2.05, 1.78, 1.58, 1.82, 2.64, 4.76, 4.96, 5.27, 5.53, 5.78, 6.03, 5.66, 5.88, 5.29, 4.1, 4.01, 3.94, 3.57, 3.54, 3.41, 3.49, 4.27, 3.34, 2.63, 2.62, 2.65, 2.49, 2.49, 2.16, 2.84, 3.26, 3.23, 3.42, 3.26, 3.39, 3.62, 4.16, 4.5, 4.85, 4.66, 4.42, 4.94, 5.98, 5.93, 4.98, 4.46, 4.26, 3.97, 3.91, 4.03, 3.68, 3.57], [10.396, 10.731, 11.309, 12.295, 12.942, 11.209, 10.478, 9.626, 9.184, 8.808, 8.254, 7.021, 4.417, 3.41, 2.74, 2.71, 3.664, 3.7, 2.95, 2.71, 2.77, 2.6, 1.82, 1.68, 1.89, 2.08, 1.88, 1.44, 1.33, 0, 1.3, 2.36, 2.66, 2.44, 2.82, 2.49, 1.91, 1.73, 3.35, 5.77, 5.93, 6.293, 6.493, 6.717, 6.98, 6.65, 6.91, 6.27, 5.15, 5.14, 5.01, 4.58, 4.51, 4.4, 4.46, 5.24, 4.29, 3.36, 3.25, 3.4, 3.2, 2.6, 2.65, 3.57, 4.19, 4.26, 4.505, 4.29, 4.36, 4.61, 5.15, 5.49, 5.84, 5.67, 5.41, 5.89, 6.93, 6.88, 5.95, 5.47, 5.21, 4.92, 4.6, 4.44, 4.25, 4.2], [9.767, 10.058, 10.637, 11.623, 12.288, 10.554, 9.813, 8.988, 8.533, 8.117, 7.577, 6.407, 3.82, 2.99, 2.58, 2.33, 3.03, 3.08, 2.43, 2.29, 2.39, 2.14, 1.56, 1.46, 1.53, 1.7, 1.72, 1.34, 1.37, 1.3, 0, 1.44, 1.94, 1.78, 2.18, 1.79, 1.39, 1.45, 2.73, 5.245, 5.39, 5.858, 5.975, 6.145, 6.415, 6.17, 6.43, 5.778, 4.71, 4.72, 4.57, 4.12, 4.01, 3.88, 3.9, 4.54, 3.57, 2.84, 2.79, 3.02, 2.8, 2.46, 2.35, 3.21, 3.75, 3.8, 4.07, 3.91, 3.84, 4.03, 4.47, 4.91, 5.32, 5.11, 4.81, 5.21, 6.39, 6.16, 5.21, 4.85, 4.53, 4.24, 4.1, 4.14, 3.81, 3.68], [8.516, 8.827, 9.402, 10.384, 11.048, 9.311, 8.59, 7.746, 7.29, 6.894, 6.334, 5.147, 2.92, 2.65, 2.4, 1.97, 1.95, 2.18, 1.99, 2.05, 2.17, 1.84, 1.66, 1.92, 1.45, 1.44, 1.7, 1.84, 1.71, 2.36, 1.44, 0, 0.82, 1.06, 1.26, 1.11, 1.71, 2.17, 1.71, 4.385, 4.53, 4.958, 5.115, 5.305, 5.575, 5.31, 5.53, 4.918, 3.85, 3.9, 3.75, 3.4, 3.33, 3.18, 3.22, 4.0, 3.09, 2.74, 3.17, 3.32, 3.32, 3.48, 2.99, 2.91, 3.21, 3.24, 3.37, 3.15, 3.04, 3.33, 3.71, 4.09, 4.5, 4.29, 3.99, 4.45, 5.57, 5.46, 4.49, 4.03, 3.81, 3.66, 4.04, 4.28, 3.89, 3.58], [8.113, 8.49, 9.054, 10.006, 10.67, 8.937, 8.212, 7.357, 6.904, 6.525, 5.965, 4.787, 2.62, 2.53, 2.4, 1.89, 1.73, 1.88, 1.91, 2.15, 2.25, 1.92, 1.72, 2.04, 1.61, 1.66, 1.94, 2.12, 1.89, 2.66, 1.94, 0.82, 0, 0.98, 1.0, 1.27, 2.01, 2.45, 1.49, 3.985, 4.13, 4.558, 4.715, 4.905, 5.175, 4.91, 5.13, 4.518, 3.41, 3.44, 3.31, 2.94, 2.83, 2.7, 2.74, 3.58, 2.69, 2.84, 3.37, 3.52, 3.54, 3.72, 3.23, 2.75, 2.97, 2.96, 3.03, 2.81, 2.86, 3.01, 3.41, 3.75, 4.1, 3.93, 3.65, 4.13, 5.21, 5.12, 4.17, 3.73, 3.43, 3.54, 4.06, 4.34, 3.93, 3.52], [8.133, 8.459, 9.026, 9.989, 10.639, 8.937, 8.184, 7.334, 6.861, 6.488, 5.923, 4.747, 2.4, 2.13, 1.96, 1.63, 1.61, 1.7, 1.59, 1.85, 1.75, 1.58, 1.68, 2.24, 1.85, 1.48, 1.58, 2.04, 1.81, 2.44, 1.78, 1.06, 0.98, 0, 0.84, 1.15, 1.87, 2.33, 1.91, 4.15, 4.37, 4.7, 4.86, 5.01, 5.34, 5.37, 5.41, 4.658, 3.71, 3.66, 3.57, 3.2, 3.21, 3.1, 3.3, 4.08, 3.27, 2.9, 3.31, 3.52, 3.58, 3.7, 3.23, 2.77, 2.85, 2.88, 2.97, 2.87, 3.1, 3.41, 3.99, 4.31, 4.54, 4.43, 4.21, 4.67, 5.67, 5.78, 4.75, 4.27, 4.15, 4.12, 4.66, 4.96, 4.55, 4.14], [7.767, 8.133, 8.68, 9.646, 10.31, 8.574, 7.841, 6.974, 6.521, 6.145, 5.588, 4.39, 2.48, 2.31, 2.24, 1.85, 1.71, 1.82, 1.73, 2.07, 2.09, 1.78, 1.92, 2.44, 1.99, 1.78, 1.96, 2.353, 2.05, 2.82, 2.18, 1.26, 1.0, 0.84, 0, 1.23, 2.17, 2.63, 1.75, 3.75, 3.97, 4.34, 4.48, 4.65, 4.92, 4.89, 4.99, 4.3, 3.31, 3.26, 3.15, 2.82, 2.77, 2.64, 2.76, 3.56, 2.81, 2.94, 3.51, 3.66, 3.72, 3.9, 3.41, 2.61, 2.73, 2.64, 2.81, 2.61, 2.96, 2.99, 3.43, 3.77, 4.12, 3.95, 3.69, 4.17, 5.21, 5.22, 4.21, 3.75, 3.61, 3.74, 4.34, 4.64, 4.29, 3.72], [8.629, 8.974, 9.575, 10.59, 11.252, 9.496, 8.782, 7.893, 7.42, 7.075, 6.518, 5.32, 3.03, 2.66, 2.31, 1.82, 2.26, 2.33, 2.1, 2.28, 2.22, 1.99, 1.73, 1.93, 1.52, 1.41, 1.53, 1.85, 1.78, 2.49, 1.79, 1.11, 1.27, 1.15, 1.23, 0, 1.48, 2.0, 1.6, 4.3, 4.46, 4.81, 5.05, 5.3, 5.53, 5.06, 5.3, 4.83, 3.58, 3.61, 3.5, 2.99, 2.88, 2.75, 2.81, 3.45, 2.6, 2.07, 2.62, 2.75, 2.85, 3.01, 2.6, 2.4, 2.72, 2.87, 3.14, 2.9, 2.79, 2.84, 3.32, 3.72, 4.23, 3.94, 3.72, 4.04, 5.24, 5.07, 4.08, 3.64, 3.48, 3.39, 3.83, 4.09, 3.7, 3.35], [9.68, 9.94, 10.43, 11.443, 12.093, 10.444, 9.634, 8.844, 8.406, 7.973, 7.436, 6.28, 3.71, 3.06, 2.53, 2.1, 3.04, 3.13, 2.6, 2.56, 2.78, 2.69, 1.89, 1.73, 1.7, 1.91, 1.89, 1.77, 1.58, 1.91, 1.39, 1.71, 2.01, 1.87, 2.17, 1.48, 0, 0.98, 2.68, 5.435, 5.593, 5.925, 6.2, 6.45, 6.68, 6.184, 6.424, 5.963, 4.72, 4.75, 4.6, 4.117, 4.01, 3.88, 3.91, 4.51, 3.5, 2.55, 2.66, 2.77, 2.55, 2.39, 2.24, 3.12, 3.78, 3.91, 4.18, 3.98, 3.91, 4.06, 4.46, 4.92, 5.36, 5.13, 4.83, 5.233, 6.43, 6.07, 5.213, 4.853, 4.4, 4.05, 3.97, 4.15, 3.76, 3.55], [10.097, 10.397, 10.887, 11.829, 12.439, 10.884, 10.072, 9.284, 8.78, 8.33, 7.81, 6.6, 4.07, 3.1, 2.49, 2.38, 3.32, 3.55, 2.82, 2.6, 2.62, 2.63, 2.01, 1.83, 2.08, 2.33, 2.17, 1.91, 1.82, 1.73, 1.45, 2.17, 2.45, 2.33, 2.63, 2.0, 0.98, 0, 3.0, 5.753, 5.91, 6.245, 6.517, 6.767, 6.997, 6.54, 6.76, 6.28, 5.04, 5.07, 4.94, 4.49, 4.38, 4.25, 4.27, 4.87, 3.86, 2.89, 2.88, 2.89, 2.63, 2.47, 2.48, 3.54, 4.18, 4.29, 4.58, 4.36, 4.27, 4.42, 4.82, 5.28, 5.69, 5.5, 5.2, 5.58, 6.78, 6.45, 5.58, 5.22, 4.76, 4.43, 4.13, 4.23, 3.9, 3.85], [7.386, 7.671, 8.383, 9.545, 10.135, 8.33, 7.68, 6.73, 6.22, 5.93, 5.41, 4.22, 2.69, 3.14, 3.13, 2.24, 1.84, 2.09, 2.46, 2.7, 2.9, 2.41, 2.289, 2.614, 2.16, 2.03, 2.41, 2.67, 2.64, 3.35, 2.73, 1.71, 1.49, 1.91, 1.75, 1.6, 2.68, 3.0, 0, 2.88, 3.04, 3.39, 3.63, 3.9, 4.15, 3.68, 3.92, 3.41, 2.44, 2.51, 2.38, 2.17, 2.12, 1.97, 1.97, 2.77, 2.4, 2.85, 3.4, 3.55, 3.65, 3.943, 3.456, 2.68, 2.78, 2.79, 2.82, 2.5, 2.43, 2.5, 2.72, 2.76, 3.13, 2.84, 2.42, 2.9, 3.96, 3.99, 2.94, 2.48, 2.36, 2.55, 3.13, 3.43, 3.04, 2.71], [5.3, 5.66, 6.39, 7.54, 8.15, 6.35, 5.72, 4.83, 4.4, 4.01, 3.51, 2.88, 3.61, 4.679, 5.017, 4.27, 3.436, 3.457, 4.127, 4.356, 4.436, 4.08, 4.257, 4.852, 4.296, 3.97, 4.382, 4.783, 4.76, 5.77, 5.245, 4.385, 3.985, 4.15, 3.75, 4.3, 5.435, 5.753, 2.88, 0, 0.88, 0.91, 1.03, 1.3, 1.67, 1.72, 1.68, 0.97, 1.42, 1.43, 1.44, 1.93, 2.12, 2.15, 2.27, 2.69, 3.38, 4.65, 5.36, 5.51, 5.63, 5.949, 5.462, 3.902, 3.26, 2.83, 2.64, 2.58, 2.99, 3.122, 3.24, 2.8, 2.21, 2.04, 1.96, 1.32, 1.78, 2.69, 1.6, 1.98, 2.3, 3.01, 4.09, 4.586, 4.08, 3.29], [5.48, 5.86, 6.59, 7.74, 8.35, 6.55, 5.9, 5.01, 4.6, 4.21, 3.71, 3.08, 3.869, 4.959, 5.26, 4.45, 3.613, 3.6, 4.23, 4.456, 4.653, 4.34, 4.4, 4.75, 4.347, 4.07, 4.37, 4.83, 4.96, 5.93, 5.39, 4.53, 4.13, 4.37, 3.97, 4.46, 5.593, 5.91, 3.04, 0.88, 0, 1.03, 1.27, 1.68, 1.81, 2.0, 1.88, 0.87, 1.52, 1.59, 1.44, 1.89, 2.14, 2.17, 2.17, 2.37, 3.18, 4.47, 5.16, 5.31, 5.43, 5.75, 5.277, 3.708, 3.06, 2.65, 2.54, 2.34, 2.69, 2.928, 3.18, 2.74, 2.11, 1.88, 1.86, 1.4, 1.72, 2.77, 1.94, 2.06, 2.38, 3.03, 3.95, 4.43, 3.9, 3.47], [4.71, 5.09, 5.82, 6.97, 7.58, 5.82, 5.23, 4.38, 3.99, 3.6, 3.04, 2.99, 4.099, 5.229, 5.527, 4.777, 3.943, 3.927, 4.623, 4.803, 4.963, 4.633, 4.901, 5.46, 4.869, 4.539, 4.886, 5.254, 5.27, 6.293, 5.858, 4.958, 4.558, 4.7, 4.34, 4.81, 5.925, 6.245, 3.39, 0.91, 1.03, 0, 0.9, 1.21, 1.32, 1.47, 1.33, 1.16, 1.83, 1.92, 1.91, 2.42, 2.57, 2.62, 2.84, 3.14, 3.97, 5.2, 5.93, 6.08, 6.196, 6.499, 6.032, 4.472, 3.826, 3.38, 3.13, 3.07, 3.459, 3.672, 3.81, 3.349, 2.5, 2.47, 2.49, 1.55, 1.49, 2.62, 1.85, 2.37, 2.77, 3.42, 4.66, 5.156, 4.629, 3.8], [4.75, 5.15, 5.88, 7.01, 7.62, 5.88, 5.33, 4.64, 4.25, 3.92, 3.34, 3.35, 4.26, 5.369, 5.707, 4.997, 4.097, 4.099, 4.754, 4.966, 5.063, 4.767, 4.935, 5.468, 4.963, 4.633, 5.013, 5.433, 5.53, 6.493, 5.975, 5.115, 4.715, 4.86, 4.48, 5.05, 6.2, 6.517, 3.63, 1.03, 1.27, 0.9, 0, 0.71, 1.16, 1.21, 1.47, 1.18, 2.03, 2.04, 2.07, 2.58, 2.77, 2.8, 2.88, 3.3, 3.99, 5.22, 5.95, 6.1, 6.22, 6.536, 6.067, 4.489, 3.843, 3.44, 3.17, 3.19, 3.456, 3.689, 3.789, 3.386, 2.54, 2.53, 2.53, 1.79, 1.35, 2.36, 1.97, 2.39, 2.75, 3.44, 4.68, 5.173, 4.646, 3.9], [4.5, 4.92, 5.63, 6.76, 7.35, 5.63, 5.14, 4.45, 4.06, 3.71, 3.15, 3.54, 4.33, 5.42, 5.911, 5.207, 4.264, 4.31, 5.0, 5.196, 5.17, 4.957, 5.158, 5.658, 5.176, 4.903, 5.201, 5.68, 5.78, 6.717, 6.145, 5.305, 4.905, 5.01, 4.65, 5.3, 6.45, 6.767, 3.9, 1.3, 1.68, 1.21, 0.71, 0, 1.03, 1.24, 1.42, 1.47, 2.42, 2.41, 2.52, 2.89, 3.04, 3.07, 3.17, 3.51, 4.3, 5.53, 6.251, 6.401, 6.521, 6.823, 6.356, 4.796, 4.2, 3.81, 3.44, 3.54, 3.93, 4.016, 4.096, 3.653, 2.65, 2.66, 2.82, 2.08, 1.42, 2.29, 2.24, 2.68, 3.06, 3.75, 4.99, 5.481, 4.96, 4.29], [4.07, 4.51, 5.18, 6.31, 6.92, 5.22, 4.73, 4.04, 3.67, 3.32, 2.96, 3.85, 4.94, 5.99, 6.259, 5.54, 4.686, 4.74, 5.41, 5.689, 5.729, 5.47, 5.507, 5.948, 5.46, 5.22, 5.572, 5.98, 6.03, 6.98, 6.415, 5.575, 5.175, 5.34, 4.92, 5.53, 6.68, 6.997, 4.15, 1.67, 1.81, 1.32, 1.16, 1.03, 0, 1.53, 1.27, 1.78, 2.81, 2.8, 2.87, 3.26, 3.41, 3.44, 3.58, 3.86, 4.71, 5.94, 6.658, 6.808, 6.928, 7.231, 6.763, 5.203, 4.61, 4.28, 4.13, 4.01, 4.171, 4.403, 4.503, 4.061, 3.0, 3.07, 3.23, 2.27, 1.65, 2.7, 2.57, 3.09, 3.47, 4.16, 5.4, 5.888, 5.341, 4.64], [5.04, 5.48, 6.19, 7.32, 7.91, 6.29, 5.8, 5.11, 4.74, 4.39, 3.85, 4.2, 5.11, 6.16, 6.29, 5.345, 4.7, 4.71, 5.3, 5.48, 5.76, 5.31, 5.389, 5.747, 5.099, 4.91, 5.25, 5.59, 5.66, 6.65, 6.17, 5.31, 4.91, 5.37, 4.89, 5.06, 6.184, 6.54, 3.68, 1.72, 2.0, 1.47, 1.21, 1.24, 1.53, 0, 1.08, 2.05, 2.12, 2.23, 2.34, 2.59, 2.58, 2.63, 2.83, 3.11, 3.78, 5.01, 5.8, 5.89, 6.01, 6.33, 5.9, 4.32, 4.0, 3.91, 3.92, 3.68, 3.49, 3.56, 3.597, 3.18, 2.31, 2.22, 2.34, 1.52, 1.04, 1.75, 1.56, 2.2, 2.6, 3.23, 4.47, 4.97, 4.52, 3.71], [4.48, 4.88, 5.61, 6.74, 7.33, 5.59, 5.06, 4.31, 4.02, 3.77, 3.35, 4.08, 5.03, 6.099, 6.289, 5.462, 4.696, 4.689, 5.296, 5.539, 5.759, 5.363, 5.56, 6.059, 5.387, 5.11, 5.53, 5.89, 5.88, 6.91, 6.43, 5.53, 5.13, 5.41, 4.99, 5.3, 6.424, 6.76, 3.92, 1.68, 1.88, 1.33, 1.47, 1.42, 1.27, 1.08, 0, 1.95, 2.24, 2.33, 2.4, 2.77, 2.92, 2.97, 3.21, 3.43, 4.28, 5.49, 6.22, 6.37, 6.49, 6.81, 6.34, 4.765, 4.14, 3.99, 3.98, 3.76, 3.83, 4.0, 4.065, 3.622, 2.53, 2.62, 2.78, 1.8, 1.28, 2.09, 2.08, 2.7, 3.06, 3.71, 4.95, 5.449, 4.94, 4.07], [5.41, 5.79, 6.52, 7.67, 8.28, 6.48, 5.85, 4.96, 4.53, 4.16, 3.66, 3.17, 4.0, 5.11, 5.501, 4.734, 3.854, 3.844, 4.531, 4.686, 4.8, 4.507, 4.72, 5.048, 4.703, 4.393, 4.686, 5.182, 5.29, 6.27, 5.778, 4.918, 4.518, 4.658, 4.3, 4.83, 5.963, 6.28, 3.41, 0.97, 0.87, 1.16, 1.18, 1.47, 1.78, 2.05, 1.95, 0, 1.67, 1.6, 1.69, 2.2, 2.37, 2.44, 2.42, 2.56, 3.29, 4.64, 5.23, 5.4, 5.56, 5.88, 5.39, 3.792, 3.13, 2.74, 2.47, 2.55, 2.76, 2.992, 3.11, 2.65, 1.9, 1.81, 1.79, 1.43, 1.75, 2.68, 2.05, 2.19, 2.37, 3.18, 4.1, 4.48, 4.01, 3.62], [6.5, 6.88, 7.61, 8.76, 9.35, 7.55, 6.9, 5.99, 5.48, 5.17, 4.67, 3.68, 3.55, 4.379, 4.569, 3.733, 3.1, 3.05, 3.6, 3.719, 4.039, 3.683, 3.823, 4.179, 3.507, 3.29, 3.67, 4.09, 4.1, 5.15, 4.71, 3.85, 3.41, 3.71, 3.31, 3.58, 4.72, 5.04, 2.44, 1.42, 1.52, 1.83, 2.03, 2.42, 2.81, 2.12, 2.24, 1.67, 0, 0.45, 0.5, 1.07, 1.22, 1.23, 1.37, 1.83, 2.22, 3.51, 4.26, 4.33, 4.43, 4.77, 4.346, 2.72, 2.12, 1.87, 1.96, 1.68, 1.87, 2.08, 2.22, 1.92, 1.53, 1.24, 1.44, 1.44, 2.18, 2.77, 1.76, 1.62, 1.88, 2.69, 3.35, 3.77, 3.48, 2.77], [6.626, 7.009, 7.731, 8.872, 9.48, 7.66, 7.01, 6.1, 5.61, 5.28, 4.78, 3.71, 3.62, 4.33, 4.516, 3.74, 3.13, 3.02, 3.57, 3.71, 4.006, 3.64, 3.733, 4.149, 3.494, 3.22, 3.6, 4.04, 4.01, 5.14, 4.72, 3.9, 3.44, 3.66, 3.26, 3.61, 4.75, 5.07, 2.51, 1.43, 1.59, 1.92, 2.04, 2.41, 2.8, 2.23, 2.33, 1.6, 0.45, 0, 0.51, 1.06, 1.27, 1.26, 1.4, 1.76, 2.17, 3.42, 4.15, 4.24, 4.34, 4.7, 4.23, 2.59, 2.05, 1.82, 1.89, 1.61, 1.86, 1.93, 2.15, 1.89, 1.5, 1.25, 1.43, 1.47, 2.27, 2.74, 1.83, 1.69, 1.89, 2.6, 3.3, 3.64, 3.41, 2.72], [6.62, 7.0, 7.73, 8.88, 9.47, 7.67, 7.02, 6.09, 5.6, 5.27, 4.77, 3.68, 3.49, 4.24, 4.449, 3.622, 3.0, 2.99, 3.46, 3.58, 3.899, 3.53, 3.62, 3.999, 3.367, 3.13, 3.49, 3.91, 3.94, 5.01, 4.57, 3.75, 3.31, 3.57, 3.15, 3.5, 4.6, 4.94, 2.38, 1.44, 1.44, 1.91, 2.07, 2.52, 2.87, 2.34, 2.4, 1.69, 0.5, 0.51, 0, 0.93, 1.14, 1.11, 1.23, 1.69, 2.08, 3.35, 4.12, 4.19, 4.31, 4.63, 4.22, 2.6, 1.96, 1.63, 1.72, 1.44, 1.77, 2.0, 2.28, 1.98, 1.67, 1.38, 1.44, 1.58, 2.32, 2.95, 1.94, 1.84, 2.0, 2.67, 3.37, 3.75, 3.42, 2.81], [7.13, 7.51, 8.24, 9.39, 9.98, 8.16, 7.51, 6.58, 6.09, 5.78, 5.26, 4.23, 3.44, 4.05, 4.1, 3.29, 2.87, 2.78, 3.23, 3.43, 3.61, 3.28, 3.24, 3.507, 2.95, 2.78, 3.0, 3.44, 3.57, 4.58, 4.12, 3.4, 2.94, 3.2, 2.82, 2.99, 4.117, 4.49, 2.17, 1.93, 1.89, 2.42, 2.58, 2.89, 3.26, 2.59, 2.77, 2.2, 1.07, 1.06, 0.93, 0, 0.53, 0.56, 0.96, 1.42, 1.69, 2.8, 3.53, 3.66, 3.78, 4.1, 3.627, 2.09, 1.57, 1.64, 1.71, 1.53, 1.52, 1.65, 2.05, 1.93, 1.72, 1.37, 1.51, 1.93, 2.69, 3.14, 2.05, 1.89, 2.09, 2.68, 3.32, 3.66, 3.47, 3.02], [7.26, 7.64, 8.37, 9.52, 10.11, 8.29, 7.64, 6.69, 6.2, 5.91, 5.39, 4.36, 3.61, 4.2, 4.19, 3.24, 2.92, 2.91, 3.32, 3.5, 3.66, 3.27, 3.25, 3.44, 2.9, 2.81, 3.01, 3.37, 3.54, 4.51, 4.01, 3.33, 2.83, 3.21, 2.77, 2.88, 4.01, 4.38, 2.12, 2.12, 2.14, 2.57, 2.77, 3.04, 3.41, 2.58, 2.92, 2.37, 1.22, 1.27, 1.14, 0.53, 0, 0.29, 0.93, 1.33, 1.52, 2.67, 3.38, 3.53, 3.65, 3.97, 3.52, 2.0, 1.74, 1.81, 1.92, 1.7, 1.55, 1.54, 1.84, 1.76, 1.65, 1.34, 1.36, 1.92, 2.72, 3.03, 1.82, 1.76, 2.08, 2.71, 3.33, 3.65, 3.5, 2.99], [7.29, 7.67, 8.4, 9.55, 10.14, 8.32, 7.67, 6.72, 6.23, 5.94, 5.42, 4.31, 3.52, 4.05, 4.08, 3.11, 2.77, 2.8, 3.21, 3.39, 3.53, 3.16, 3.116, 3.31, 2.75, 2.68, 2.88, 3.24, 3.41, 4.4, 3.88, 3.18, 2.7, 3.1, 2.64, 2.75, 3.88, 4.25, 1.97, 2.15, 2.17, 2.62, 2.8, 3.07, 3.44, 2.63, 2.97, 2.44, 1.23, 1.26, 1.11, 0.56, 0.29, 0, 0.8, 1.32, 1.45, 2.64, 3.35, 3.5, 3.62, 3.937, 3.47, 1.97, 1.71, 1.78, 1.87, 1.71, 1.6, 1.53, 1.83, 1.71, 1.7, 1.37, 1.35, 1.97, 2.79, 3.02, 1.87, 1.69, 1.99, 2.66, 3.3, 3.6, 3.43, 2.92], [7.55, 7.93, 8.66, 9.81, 10.4, 8.6, 7.95, 7.0, 6.49, 6.2, 5.7, 4.63, 3.94, 4.39, 4.36, 3.41, 3.15, 3.22, 3.53, 3.73, 3.91, 3.36, 3.08, 3.136, 2.71, 2.72, 2.84, 3.32, 3.49, 4.46, 3.9, 3.22, 2.74, 3.3, 2.76, 2.81, 3.91, 4.27, 1.97, 2.27, 2.17, 2.84, 2.88, 3.17, 3.58, 2.83, 3.21, 2.42, 1.37, 1.4, 1.23, 0.96, 0.93, 0.8, 0, 1.06, 1.21, 2.44, 3.11, 3.26, 3.4, 3.7, 3.23, 1.89, 1.87, 1.98, 1.99, 1.85, 1.72, 1.53, 1.45, 1.41, 1.66, 1.33, 1.35, 1.93, 2.77, 2.58, 1.87, 1.39, 1.63, 2.3, 2.92, 3.24, 3.05, 2.66], [7.83, 8.21, 8.94, 10.09, 10.68, 8.88, 8.23, 7.3, 6.79, 6.5, 6.0, 5.15, 4.56, 5.09, 5.08, 4.09, 3.79, 3.9, 4.23, 4.41, 4.55, 4.1, 3.86, 3.76, 3.47, 3.48, 3.6, 4.1, 4.27, 5.24, 4.54, 4.0, 3.58, 4.08, 3.56, 3.45, 4.51, 4.87, 2.77, 2.69, 2.37, 3.14, 3.3, 3.51, 3.86, 3.11, 3.43, 2.56, 1.83, 1.76, 1.69, 1.42, 1.33, 1.32, 1.06, 0, 1.17, 2.54, 2.99, 3.2, 3.36, 3.7, 3.17, 1.95, 1.89, 2.26, 2.39, 2.19, 1.9, 1.47, 1.45, 1.35, 1.54, 1.11, 1.41, 2.07, 2.89, 2.44, 1.93, 1.77, 1.97, 2.54, 3.12, 3.34, 3.21, 3.12], [8.66, 9.04, 9.77, 10.92, 11.53, 9.73, 9.08, 8.13, 7.64, 7.35, 6.85, 5.72, 4.09, 4.42, 4.37, 3.4, 3.3, 3.29, 3.52, 3.58, 3.86, 3.23, 2.89, 2.79, 2.54, 2.67, 2.71, 3.19, 3.34, 4.29, 3.57, 3.09, 2.69, 3.27, 2.81, 2.6, 3.5, 3.86, 2.4, 3.38, 3.18, 3.97, 3.99, 4.3, 4.71, 3.78, 4.28, 3.29, 2.22, 2.17, 2.08, 1.69, 1.52, 1.45, 1.21, 1.17, 0, 1.55, 2.06, 2.17, 2.31, 2.65, 2.24, 1.32, 1.6, 1.91, 2.02, 1.82, 1.47, 1.26, 1.36, 1.68, 2.23, 1.92, 1.84, 2.68, 3.62, 2.83, 2.46, 1.94, 1.72, 2.21, 2.79, 3.05, 2.9, 2.83], [9.91, 10.29, 11.02, 12.17, 12.78, 10.96, 10.31, 9.36, 8.87, 8.58, 8.06, 6.91, 4.56, 4.05, 3.86, 3.09, 3.59, 3.64, 3.19, 3.11, 3.37, 2.92, 2.24, 2.24, 2.01, 2.08, 2.04, 2.36, 2.63, 3.36, 2.84, 2.74, 2.84, 2.9, 2.94, 2.07, 2.55, 2.89, 2.85, 4.65, 4.47, 5.2, 5.22, 5.53, 5.94, 5.01, 5.49, 4.64, 3.51, 3.42, 3.35, 2.8, 2.67, 2.64, 2.44, 2.54, 1.55, 0, 1.05, 1.04, 1.14, 1.44, 1.39, 1.63, 2.13, 2.5, 2.89, 2.65, 2.28, 2.27, 2.53, 2.93, 3.5, 3.25, 3.15, 3.89, 4.91, 4.04, 3.55, 2.91, 2.71, 2.32, 2.66, 3.06, 2.85, 3.06], [10.64, 11.02, 11.75, 12.896, 13.49, 11.65, 11.0, 10.05, 9.56, 9.27, 8.75, 7.58, 5.09, 4.36, 4.09, 3.52, 4.12, 4.11, 3.46, 3.38, 3.66, 3.15, 2.25, 2.17, 2.24, 2.53, 2.19, 2.35, 2.62, 3.25, 2.79, 3.17, 3.37, 3.31, 3.51, 2.62, 2.66, 2.88, 3.4, 5.36, 5.16, 5.93, 5.95, 6.251, 6.658, 5.8, 6.22, 5.23, 4.26, 4.15, 4.12, 3.53, 3.38, 3.35, 3.11, 2.99, 2.06, 1.05, 0, 0.57, 0.73, 1.17, 1.14, 2.02, 2.6, 3.01, 3.42, 3.2, 2.75, 2.7, 2.92, 3.34, 4.05, 3.8, 3.72, 4.58, 5.64, 4.67, 4.32, 3.66, 3.36, 2.79, 2.89, 3.31, 3.12, 3.47], [10.79, 11.17, 11.9, 13.046, 13.64, 11.8, 11.15, 10.2, 9.71, 9.42, 8.9, 7.73, 5.26, 4.67, 4.28, 3.67, 4.27, 4.34, 3.75, 3.51, 3.77, 3.26, 2.38, 2.2, 2.39, 2.64, 2.44, 2.42, 2.65, 3.4, 3.02, 3.32, 3.52, 3.52, 3.66, 2.75, 2.77, 2.89, 3.55, 5.51, 5.31, 6.08, 6.1, 6.401, 6.808, 5.89, 6.37, 5.4, 4.33, 4.24, 4.19, 3.66, 3.53, 3.5, 3.26, 3.2, 2.17, 1.04, 0.57, 0, 0.54, 1.2, 1.31, 2.23, 2.79, 3.18, 3.61, 3.33, 2.84, 2.85, 3.05, 3.47, 4.2, 3.95, 3.85, 4.73, 5.75, 4.78, 4.41, 3.75, 3.41, 2.84, 2.76, 3.2, 3.01, 3.4], [10.901, 11.283, 12.005, 13.146, 13.753, 11.9, 11.25, 10.3, 9.81, 9.52, 9.0, 7.83, 5.3, 4.67, 4.3, 3.69, 4.35, 4.42, 3.77, 3.51, 3.83, 3.32, 2.24, 2.06, 2.31, 2.62, 2.42, 2.28, 2.49, 3.2, 2.8, 3.32, 3.54, 3.58, 3.72, 2.85, 2.55, 2.63, 3.65, 5.63, 5.43, 6.196, 6.22, 6.521, 6.928, 6.01, 6.49, 5.56, 4.43, 4.34, 4.31, 3.78, 3.65, 3.62, 3.4, 3.36, 2.31, 1.14, 0.73, 0.54, 0, 0.9, 1.13, 2.33, 2.91, 3.28, 3.75, 3.47, 2.98, 2.99, 3.19, 3.63, 4.36, 4.11, 4.01, 4.83, 5.85, 4.88, 4.53, 3.85, 3.53, 2.84, 2.5, 2.98, 2.81, 3.22], [11.203, 11.583, 12.301, 13.434, 14.039, 12.191, 11.535, 10.591, 10.09, 9.8, 9.28, 8.07, 5.52, 4.53, 4.16, 3.75, 4.55, 4.56, 3.79, 3.49, 3.89, 3.54, 2.46, 2.08, 2.39, 2.74, 2.38, 2.18, 2.49, 2.6, 2.46, 3.48, 3.72, 3.7, 3.9, 3.01, 2.39, 2.47, 3.943, 5.949, 5.75, 6.499, 6.536, 6.823, 7.231, 6.33, 6.81, 5.88, 4.77, 4.7, 4.63, 4.1, 3.97, 3.937, 3.7, 3.7, 2.65, 1.44, 1.17, 1.2, 0.9, 0, 0.83, 2.51, 3.15, 3.54, 4.03, 3.79, 3.26, 3.31, 3.57, 4.01, 4.74, 4.49, 4.39, 5.17, 6.21, 5.28, 4.85, 4.19, 3.89, 3.22, 2.68, 2.92, 2.83, 3.3], [10.722, 11.099, 11.817, 12.949, 13.568, 11.717, 11.061, 10.12, 9.616, 9.326, 8.803, 7.58, 5.03, 4.2, 3.79, 3.26, 4.06, 4.17, 3.42, 3.14, 3.56, 3.07, 2.03, 1.73, 1.94, 2.25, 1.97, 1.81, 2.16, 2.65, 2.35, 2.99, 3.23, 3.23, 3.41, 2.6, 2.24, 2.48, 3.456, 5.462, 5.277, 6.032, 6.067, 6.356, 6.763, 5.9, 6.34, 5.39, 4.346, 4.23, 4.22, 3.627, 3.52, 3.47, 3.23, 3.17, 2.24, 1.39, 1.14, 1.31, 1.13, 0.83, 0, 1.94, 2.62, 3.03, 3.5, 3.3, 2.81, 2.74, 3.0, 3.46, 4.21, 4.0, 3.88, 4.76, 5.76, 4.93, 4.56, 3.88, 3.56, 3.11, 3.03, 3.15, 2.98, 3.39], [9.176, 9.559, 10.281, 11.422, 12.012, 10.183, 9.528, 8.583, 8.08, 7.79, 7.27, 6.06, 3.91, 3.9, 3.73, 2.92, 3.26, 3.13, 3.02, 3.02, 3.26, 2.93, 2.55, 2.59, 2.32, 2.27, 2.05, 2.47, 2.84, 3.57, 3.21, 2.91, 2.75, 2.77, 2.61, 2.4, 3.12, 3.54, 2.68, 3.902, 3.708, 4.472, 4.489, 4.796, 5.203, 4.32, 4.765, 3.792, 2.72, 2.59, 2.6, 2.09, 2.0, 1.97, 1.89, 1.95, 1.32, 1.63, 2.02, 2.23, 2.33, 2.51, 1.94, 0, 1.0, 1.33, 1.76, 1.56, 1.33, 1.16, 1.8, 2.14, 2.47, 2.28, 2.14, 3.32, 4.2, 3.81, 3.42, 2.74, 2.64, 3.05, 3.57, 3.67, 3.58, 3.61], [8.531, 8.91, 9.628, 10.761, 11.366, 9.518, 8.862, 7.918, 7.42, 7.13, 6.61, 5.42, 3.65, 3.84, 3.87, 3.16, 3.06, 2.91, 3.0, 3.08, 3.24, 3.01, 2.89, 3.11, 2.64, 2.47, 2.47, 3.07, 3.26, 4.19, 3.75, 3.21, 2.97, 2.85, 2.73, 2.72, 3.78, 4.18, 2.78, 3.26, 3.06, 3.826, 3.843, 4.2, 4.61, 4.0, 4.14, 3.13, 2.12, 2.05, 1.96, 1.57, 1.74, 1.71, 1.87, 1.89, 1.6, 2.13, 2.6, 2.79, 2.91, 3.15, 2.62, 1.0, 0, 0.83, 1.22, 1.04, 1.03, 1.1, 1.8, 2.0, 2.03, 2.02, 2.0, 3.06, 3.72, 3.79, 3.36, 2.76, 2.7, 3.15, 3.61, 3.75, 3.82, 3.75], [8.003, 8.386, 9.108, 10.249, 10.859, 9.011, 8.355, 7.411, 6.91, 6.62, 6.1, 4.89, 3.2, 3.61, 3.78, 3.15, 2.89, 2.66, 2.87, 2.91, 3.07, 2.86, 2.82, 3.16, 2.69, 2.4, 2.54, 3.1, 3.23, 4.26, 3.8, 3.24, 2.96, 2.88, 2.64, 2.87, 3.91, 4.29, 2.79, 2.83, 2.65, 3.38, 3.44, 3.81, 4.28, 3.91, 3.99, 2.74, 1.87, 1.82, 1.63, 1.64, 1.81, 1.78, 1.98, 2.26, 1.91, 2.5, 3.01, 3.18, 3.28, 3.54, 3.03, 1.33, 0.83, 0, 0.83, 0.71, 1.2, 1.43, 2.11, 2.35, 2.28, 2.19, 2.09, 2.99, 3.63, 4.0, 3.39, 2.85, 2.77, 3.24, 3.74, 3.86, 3.83, 3.76], [7.491, 7.873, 8.595, 9.736, 10.343, 8.49, 7.84, 6.89, 6.4, 6.11, 5.59, 4.4, 2.97, 3.66, 3.93, 3.4, 2.76, 2.59, 3.04, 3.06, 3.1, 2.89, 2.99, 3.45, 2.98, 2.67, 2.83, 3.365, 3.42, 4.505, 4.07, 3.37, 3.03, 2.97, 2.81, 3.14, 4.18, 4.58, 2.82, 2.64, 2.54, 3.13, 3.17, 3.44, 4.13, 3.92, 3.98, 2.47, 1.96, 1.89, 1.72, 1.71, 1.92, 1.87, 1.99, 2.39, 2.02, 2.89, 3.42, 3.61, 3.75, 4.03, 3.5, 1.76, 1.22, 0.83, 0, 0.66, 1.35, 1.54, 2.34, 2.56, 2.45, 2.3, 2.18, 3.0, 3.66, 4.11, 3.44, 2.98, 2.88, 3.51, 4.03, 4.21, 4.06, 3.89], [7.731, 8.113, 8.835, 9.976, 10.583, 8.73, 8.08, 7.13, 6.64, 6.35, 5.83, 4.64, 3.15, 3.72, 3.85, 3.18, 2.7, 2.53, 2.94, 3.0, 3.2, 2.89, 2.85, 3.23, 2.74, 2.43, 2.67, 3.17, 3.26, 4.29, 3.91, 3.15, 2.81, 2.87, 2.61, 2.9, 3.98, 4.36, 2.5, 2.58, 2.34, 3.07, 3.19, 3.54, 4.01, 3.68, 3.76, 2.55, 1.68, 1.61, 1.44, 1.53, 1.7, 1.71, 1.85, 2.19, 1.82, 2.65, 3.2, 3.33, 3.47, 3.79, 3.3, 1.56, 1.04, 0.71, 0.66, 0, 1.03, 1.34, 2.1, 2.34, 2.23, 2.06, 1.98, 2.74, 3.4, 3.91, 3.2, 2.74, 2.64, 3.23, 3.73, 3.93, 3.74, 3.57], [8.123, 8.506, 9.228, 10.369, 10.979, 9.131, 8.475, 7.531, 7.03, 6.74, 6.22, 5.01, 3.52, 4.09, 4.12, 3.33, 2.89, 2.82, 3.17, 3.31, 3.49, 3.1, 3.0, 3.1, 2.67, 2.58, 2.7, 3.22, 3.39, 4.36, 3.84, 3.04, 2.86, 3.1, 2.96, 2.79, 3.91, 4.27, 2.43, 2.99, 2.69, 3.459, 3.456, 3.93, 4.171, 3.49, 3.83, 2.76, 1.87, 1.86, 1.77, 1.52, 1.55, 1.6, 1.72, 1.9, 1.47, 2.28, 2.75, 2.84, 2.98, 3.26, 2.81, 1.33, 1.03, 1.2, 1.35, 1.03, 0, 1.01, 1.85, 2.01, 1.98, 1.87, 1.85, 2.67, 3.27, 3.62, 2.97, 2.47, 2.41, 2.8, 3.32, 3.54, 3.33, 3.4], [8.376, 8.759, 9.481, 10.622, 11.232, 9.403, 8.748, 7.803, 7.3, 7.01, 6.49, 5.28, 3.85, 4.48, 4.45, 3.6, 3.26, 3.19, 3.56, 3.64, 3.86, 3.37, 3.23, 3.23, 2.86, 2.91, 2.95, 3.43, 3.62, 4.61, 4.03, 3.33, 3.01, 3.41, 2.99, 2.84, 4.06, 4.42, 2.5, 3.122, 2.928, 3.672, 3.689, 4.016, 4.403, 3.56, 4.0, 2.992, 2.08, 1.93, 2.0, 1.65, 1.54, 1.53, 1.53, 1.47, 1.26, 2.27, 2.7, 2.85, 2.99, 3.31, 2.74, 1.16, 1.1, 1.43, 1.54, 1.34, 1.01, 0, 1.16, 1.36, 1.61, 1.56, 1.44, 2.46, 3.3, 3.13, 2.62, 2.16, 2.1, 2.67, 3.13, 3.29, 3.28, 3.21], [8.496, 8.879, 9.601, 10.742, 11.352, 9.523, 8.868, 7.923, 7.42, 7.13, 6.61, 5.42, 4.57, 5.12, 5.15, 4.18, 3.86, 3.85, 4.18, 4.26, 4.62, 3.95, 3.769, 3.709, 3.34, 3.37, 3.51, 3.99, 4.16, 5.15, 4.47, 3.71, 3.41, 3.99, 3.43, 3.32, 4.46, 4.82, 2.72, 3.24, 3.18, 3.81, 3.789, 4.096, 4.503, 3.597, 4.065, 3.11, 2.22, 2.15, 2.28, 2.05, 1.84, 1.83, 1.45, 1.45, 1.36, 2.53, 2.92, 3.05, 3.19, 3.57, 3.0, 1.8, 1.8, 2.11, 2.34, 2.1, 1.85, 1.16, 0, 0.62, 1.61, 1.56, 1.52, 2.44, 3.369, 2.67, 2.32, 1.72, 1.88, 2.45, 2.83, 3.15, 3.22, 3.01], [8.053, 8.436, 9.158, 10.299, 10.909, 9.07, 8.42, 7.47, 6.96, 6.67, 6.15, 5.06, 4.65, 5.28, 5.39, 4.38, 3.94, 4.01, 4.4, 4.5, 4.88, 4.25, 4.126, 4.106, 3.679, 3.67, 3.85, 4.33, 4.5, 5.49, 4.91, 4.09, 3.75, 4.31, 3.77, 3.72, 4.92, 5.28, 2.76, 2.8, 2.74, 3.349, 3.386, 3.653, 4.061, 3.18, 3.622, 2.65, 1.92, 1.89, 1.98, 1.93, 1.76, 1.71, 1.41, 1.35, 1.68, 2.93, 3.34, 3.47, 3.63, 4.01, 3.46, 2.14, 2.0, 2.35, 2.56, 2.34, 2.01, 1.36, 0.62, 0, 1.23, 1.2, 1.2, 2.06, 2.92, 2.41, 1.98, 1.38, 1.72, 2.31, 2.73, 3.11, 3.16, 2.91], [6.97, 7.35, 8.08, 9.23, 9.84, 8.02, 7.37, 6.42, 5.93, 5.64, 5.12, 4.73, 4.6, 5.37, 5.48, 4.53, 4.07, 3.98, 4.51, 4.63, 4.93, 4.496, 4.476, 4.513, 4.026, 3.98, 4.18, 4.68, 4.85, 5.84, 5.32, 4.5, 4.1, 4.54, 4.12, 4.23, 5.36, 5.69, 3.13, 2.21, 2.11, 2.5, 2.54, 2.65, 3.0, 2.31, 2.53, 1.9, 1.53, 1.5, 1.67, 1.72, 1.65, 1.7, 1.66, 1.54, 2.23, 3.5, 4.05, 4.2, 4.36, 4.74, 4.21, 2.47, 2.03, 2.28, 2.45, 2.23, 1.98, 1.61, 1.61, 1.23, 0, 0.83, 1.21, 1.59, 1.99, 2.0, 1.75, 1.69, 1.97, 2.7, 3.28, 3.6, 3.61, 3.24], [7.06, 7.44, 8.17, 9.32, 9.93, 8.11, 7.46, 6.51, 6.02, 5.73, 5.21, 4.48, 4.37, 5.18, 5.329, 4.382, 3.76, 3.79, 4.32, 4.519, 4.819, 4.369, 4.289, 4.279, 3.879, 3.83, 3.99, 4.49, 4.66, 5.67, 5.11, 4.29, 3.93, 4.43, 3.95, 3.94, 5.13, 5.5, 2.84, 2.04, 1.88, 2.47, 2.53, 2.66, 3.07, 2.22, 2.62, 1.81, 1.24, 1.25, 1.38, 1.37, 1.34, 1.37, 1.33, 1.11, 1.92, 3.25, 3.8, 3.95, 4.11, 4.49, 4.0, 2.28, 2.02, 2.19, 2.3, 2.06, 1.87, 1.56, 1.56, 1.2, 0.83, 0, 0.9, 1.32, 1.96, 2.01, 1.56, 1.42, 1.7, 2.49, 3.13, 3.37, 3.22, 2.93], [7.2, 7.58, 8.31, 9.46, 10.07, 8.23, 7.58, 6.67, 6.2, 5.85, 5.35, 4.28, 4.07, 5.04, 5.15, 4.165, 3.54, 3.61, 4.18, 4.32, 4.6, 4.15, 4.029, 3.985, 3.619, 3.59, 3.81, 4.25, 4.42, 5.41, 4.81, 3.99, 3.65, 4.21, 3.69, 3.72, 4.83, 5.2, 2.42, 1.96, 1.86, 2.49, 2.53, 2.82, 3.23, 2.34, 2.78, 1.79, 1.44, 1.43, 1.44, 1.51, 1.36, 1.35, 1.35, 1.41, 1.84, 3.15, 3.72, 3.85, 4.01, 4.39, 3.88, 2.14, 2.0, 2.09, 2.18, 1.98, 1.85, 1.44, 1.52, 1.2, 1.21, 0.9, 0, 1.38, 2.12, 2.19, 1.62, 1.32, 1.42, 2.09, 2.77, 3.03, 2.84, 2.61], [6.14, 6.52, 7.25, 8.4, 8.99, 7.19, 6.54, 5.61, 5.18, 4.85, 4.31, 3.7, 4.41, 5.46, 5.59, 4.64, 4.0, 4.01, 4.6, 4.78, 5.06, 4.61, 4.569, 4.768, 4.259, 4.17, 4.51, 4.83, 4.94, 5.89, 5.21, 4.45, 4.13, 4.67, 4.17, 4.04, 5.233, 5.58, 2.9, 1.32, 1.4, 1.55, 1.79, 2.08, 2.27, 1.52, 1.8, 1.43, 1.44, 1.47, 1.58, 1.93, 1.92, 1.97, 1.93, 2.07, 2.68, 3.89, 4.58, 4.73,