[[0, 0.83, 0.84, 0.98, 0.97, 0.95, 1.09, 0.81, 1.8, 2.48, 2.38, 2.59, 3.15, 3.15, 3.16, 3.2, 4.0, 4.09, 3.73, 3.07, 3.32, 4.2, 4.77, 5.27, 5.45, 5.72, 5.76, 6.24, 5.65, 5.24, 4.85, 4.87, 6.14, 8.753, 11.52, 12.24, 12.67, 13.288, 13.246, 12.987, 12.884, 13.741, 12.466, 10.24, 10.15, 10.36, 11.38, 11.27, 8.95, 7.71, 7.45, 7.05, 8.02, 8.05, 7.64, 7.74, 7.04, 6.79, 6.54, 6.47, 6.42, 6.03, 6.02, 6.12, 6.15, 6.22, 6.23, 6.09, 6.09, 5.88, 5.59, 5.66, 5.09, 5.08, 4.79, 4.16, 3.82, 3.47, 3.74, 4.28, 4.66, 5.91, 7.87, 8.802, 8.69, 9.62], [0.83, 0, 0.59, 0.91, 0.78, 1.26, 1.2, 1.14, 1.91, 2.69, 2.53, 2.28, 2.62, 2.62, 2.69, 2.93, 3.61, 3.8, 3.58, 2.94, 3.03, 3.85, 4.38, 4.94, 5.12, 5.43, 5.55, 5.91, 5.36, 4.89, 4.5, 4.5, 5.61, 8.48, 11.323, 12.053, 12.413, 13.078, 13.076, 12.797, 12.674, 13.551, 12.276, 10.03, 9.78, 10.01, 10.93, 10.82, 8.58, 7.28, 7.0, 6.6, 7.57, 7.6, 7.19, 7.29, 6.59, 6.3, 6.07, 5.94, 5.91, 5.56, 5.53, 5.63, 5.64, 5.71, 5.76, 5.62, 5.6, 5.33, 5.1, 5.13, 4.52, 4.55, 4.26, 3.71, 3.39, 3.2, 3.51, 4.01, 4.39, 5.7, 7.78, 8.592, 8.38, 9.352], [0.84, 0.59, 0, 0.66, 0.75, 1.27, 1.05, 1.11, 1.96, 2.7, 2.58, 2.41, 2.79, 2.75, 2.86, 3.0, 3.64, 3.73, 3.59, 2.87, 3.0, 3.76, 4.35, 4.91, 5.09, 5.32, 5.44, 5.88, 5.29, 4.88, 4.53, 4.49, 5.68, 8.33, 11.109, 11.846, 12.29, 12.94, 12.93, 12.587, 12.484, 13.361, 12.086, 9.9, 9.79, 9.98, 11.0, 10.89, 8.57, 7.33, 7.07, 6.67, 7.64, 7.67, 7.24, 7.36, 6.62, 6.33, 6.1, 6.03, 6.02, 5.65, 5.62, 5.72, 5.75, 5.78, 5.79, 5.65, 5.63, 5.42, 5.19, 5.28, 4.67, 4.68, 4.37, 3.78, 3.46, 3.17, 3.46, 3.84, 4.24, 5.63, 7.67, 8.402, 8.21, 9.18], [0.98, 0.91, 0.66, 0, 0.73, 1.31, 1.17, 1.03, 1.94, 2.56, 2.44, 2.39, 2.73, 2.71, 2.9, 2.98, 3.7, 3.65, 3.49, 2.79, 2.96, 3.68, 4.15, 4.75, 4.85, 5.12, 5.2, 5.66, 5.09, 4.88, 4.59, 4.49, 5.8, 8.354, 11.101, 11.755, 12.328, 12.855, 12.769, 12.481, 12.393, 13.267, 12.016, 10.0, 9.728, 9.88, 10.96, 10.81, 8.47, 7.25, 6.99, 6.59, 7.56, 7.59, 7.14, 7.28, 6.52, 6.25, 6.0, 5.93, 5.92, 5.57, 5.56, 5.6, 5.63, 5.68, 5.69, 5.61, 5.63, 5.42, 5.17, 5.26, 4.69, 4.64, 4.39, 3.74, 3.4, 3.01, 3.32, 3.7, 4.06, 5.61, 7.55, 8.328, 8.098, 9.115], [0.97, 0.78, 0.75, 0.73, 0, 1.2, 1.22, 1.2, 1.91, 2.67, 2.47, 2.26, 2.62, 2.56, 2.77, 2.97, 3.63, 3.66, 3.54, 2.88, 2.95, 3.65, 4.12, 4.66, 4.84, 5.13, 5.27, 5.67, 5.04, 4.79, 4.38, 4.42, 5.67, 8.44, 11.205, 11.931, 12.4, 12.981, 12.962, 12.683, 12.577, 13.477, 12.199, 9.936, 9.58, 9.71, 10.75, 10.64, 8.32, 7.08, 6.82, 6.42, 7.39, 7.42, 7.03, 7.11, 6.43, 6.16, 5.91, 5.8, 5.77, 5.44, 5.39, 5.47, 5.5, 5.57, 5.6, 5.48, 5.5, 5.29, 5.02, 5.09, 4.54, 4.49, 4.18, 3.61, 3.31, 3.04, 3.35, 3.95, 4.252, 5.62, 7.68, 8.474, 8.305, 9.315], [0.95, 1.26, 1.27, 1.31, 1.2, 0, 0.86, 1.18, 2.43, 3.13, 2.97, 3.04, 3.48, 3.5, 3.63, 3.75, 4.57, 4.64, 4.3, 3.64, 3.83, 4.65, 5.1, 5.52, 5.72, 6.01, 6.09, 6.53, 5.86, 5.15, 4.82, 4.94, 6.13, 8.44, 11.188, 11.83, 12.26, 12.861, 12.759, 12.483, 12.38, 13.274, 12.033, 9.99, 10.18, 10.45, 11.47, 11.38, 9.12, 7.88, 7.56, 7.14, 8.11, 8.16, 7.85, 7.85, 7.31, 7.08, 6.81, 6.76, 6.69, 6.4, 6.31, 6.39, 6.44, 6.51, 6.5, 6.38, 6.4, 6.17, 5.88, 5.89, 5.4, 5.31, 5.04, 4.51, 4.17, 3.76, 3.97, 4.19, 4.59, 5.82, 7.96, 8.63, 8.6, 9.47], [1.09, 1.2, 1.05, 1.17, 1.22, 0.86, 0, 1.14, 2.49, 3.21, 3.07, 2.96, 3.26, 3.3, 3.55, 3.77, 4.55, 4.6, 4.42, 3.7, 3.87, 4.57, 4.82, 5.14, 5.26, 5.55, 5.57, 6.07, 5.38, 4.97, 4.58, 4.62, 5.81, 8.3, 10.986, 11.69, 12.132, 12.65, 12.622, 12.34, 12.255, 13.14, 11.862, 9.75, 9.92, 10.07, 11.17, 11.06, 8.76, 7.58, 7.26, 6.84, 7.81, 7.86, 7.49, 7.53, 6.95, 6.74, 6.45, 6.46, 6.55, 6.32, 6.19, 6.27, 6.26, 6.21, 6.16, 6.0, 6.02, 5.79, 5.52, 5.53, 5.08, 4.93, 4.72, 4.27, 3.93, 3.46, 3.59, 3.75, 4.15, 5.5, 7.56, 8.27, 8.1, 9.13], [0.81, 1.14, 1.11, 1.03, 1.2, 1.18, 1.14, 0, 1.65, 2.27, 2.21, 2.56, 3.16, 3.14, 3.21, 3.25, 4.05, 4.04, 3.66, 3.0, 3.29, 4.09, 4.62, 5.12, 5.28, 5.61, 5.61, 6.11, 5.4, 5.19, 4.94, 4.86, 6.17, 8.88, 11.63, 12.322, 12.82, 13.338, 13.29, 13.038, 12.935, 13.829, 12.557, 10.35, 10.16, 10.13, 11.21, 11.1, 8.82, 7.6, 7.3, 6.9, 7.85, 7.88, 7.53, 7.57, 6.97, 6.72, 6.47, 6.42, 6.39, 6.04, 6.03, 6.09, 6.1, 6.15, 6.16, 6.04, 6.06, 5.83, 5.54, 5.57, 5.06, 4.99, 4.7, 4.23, 3.91, 3.54, 3.77, 4.27, 4.65, 5.98, 7.96, 8.792, 8.58, 9.65], [1.8, 1.91, 1.96, 1.94, 1.91, 2.43, 2.49, 1.65, 0, 1.24, 1.12, 1.97, 2.57, 2.51, 2.5, 2.46, 3.12, 3.31, 2.69, 2.03, 2.54, 3.48, 4.17, 4.91, 4.99, 5.22, 5.62, 6.08, 6.122, 6.16, 5.79, 5.67, 7.1, 9.773, 12.566, 13.303, 13.79, 14.405, 14.406, 14.107, 14.005, 14.899, 13.612, 11.4, 10.71, 10.32, 11.12, 11.07, 8.85, 7.69, 7.43, 7.03, 7.96, 7.79, 7.46, 7.58, 6.46, 6.05, 5.86, 5.77, 5.72, 5.33, 5.34, 5.34, 5.35, 5.48, 5.55, 5.67, 5.55, 5.68, 5.67, 6.138, 5.53, 5.1, 5.002, 4.32, 4.06, 4.09, 4.74, 5.257, 5.68, 7.03, 8.935, 9.859, 9.575, 10.642], [2.48, 2.69, 2.7, 2.56, 2.67, 3.13, 3.21, 2.27, 1.24, 0, 0.94, 2.33, 3.03, 2.87, 2.44, 2.52, 3.18, 3.29, 2.47, 2.21, 2.98, 3.86, 4.648, 5.43, 5.548, 5.658, 6.075, 6.504, 6.508, 6.68, 6.35, 6.25, 7.68, 10.433, 13.178, 13.898, 14.422, 14.96, 14.886, 14.648, 14.553, 15.437, 14.153, 11.943, 11.313, 10.778, 11.66, 11.603, 9.323, 8.26, 8.025, 7.543, 8.515, 8.365, 8.033, 8.15, 7.04, 6.41, 6.2, 5.61, 5.42, 5.03, 5.1, 5.12, 5.19, 5.44, 5.83, 6.068, 6.008, 6.173, 6.174, 6.681, 6.054, 5.587, 5.543, 4.903, 4.583, 4.61, 5.22, 5.84, 6.24, 7.481, 9.392, 10.364, 10.098, 11.172], [2.38, 2.53, 2.58, 2.44, 2.47, 2.97, 3.07, 2.21, 1.12, 0.94, 0, 1.91, 2.47, 2.29, 1.9, 1.94, 2.82, 2.85, 2.17, 1.83, 2.5, 3.34, 4.094, 4.87, 4.994, 5.175, 5.635, 6.084, 6.145, 6.26, 5.89, 5.81, 7.22, 9.953, 12.695, 13.418, 13.902, 14.485, 14.446, 14.187, 14.108, 14.982, 13.695, 11.521, 10.873, 10.21, 11.08, 11.097, 8.837, 7.72, 7.44, 7.077, 8.007, 7.8, 7.487, 7.627, 6.38, 5.71, 5.52, 5.03, 4.86, 4.47, 4.54, 4.52, 4.63, 4.82, 5.17, 5.465, 5.42, 5.707, 5.714, 6.221, 5.63, 5.127, 5.105, 4.5, 4.18, 4.15, 4.88, 5.48, 5.8, 7.115, 9.01, 9.947, 9.643, 10.737], [2.59, 2.28, 2.41, 2.39, 2.26, 3.04, 2.96, 2.56, 1.97, 2.33, 1.91, 0, 0.94, 0.92, 1.11, 1.37, 2.09, 2.6, 2.04, 1.46, 1.81, 2.59, 3.14, 3.9, 4.02, 4.23, 4.621, 5.012, 4.928, 4.75, 4.6, 4.5, 5.77, 8.712, 11.615, 12.337, 12.848, 13.515, 13.487, 13.231, 13.128, 14.008, 12.733, 10.361, 9.592, 8.91, 9.49, 9.42, 7.36, 6.2, 5.84, 5.42, 6.35, 6.18, 5.89, 5.99, 4.91, 4.42, 4.19, 4.0, 3.99, 3.68, 3.63, 3.73, 3.88, 3.79, 3.92, 3.92, 3.8, 3.95, 4.018, 4.522, 3.84, 3.37, 3.563, 3.27, 2.95, 3.1, 3.87, 4.57, 4.93, 6.079, 7.961, 8.941, 8.629, 9.676], [3.15, 2.62, 2.79, 2.73, 2.62, 3.48, 3.26, 3.16, 2.57, 3.03, 2.47, 0.94, 0, 0.64, 1.11, 1.13, 1.95, 2.46, 2.12, 1.78, 1.73, 2.35, 2.64, 3.3, 3.44, 3.73, 4.141, 4.572, 4.408, 4.25, 4.1, 4.0, 5.19, 8.162, 11.063, 11.826, 12.34, 13.01, 12.98, 12.73, 12.629, 13.515, 12.236, 9.81, 9.028, 8.25, 8.83, 8.92, 6.86, 5.68, 5.28, 4.88, 5.81, 5.62, 5.39, 5.47, 4.27, 3.92, 3.69, 3.48, 3.55, 3.36, 3.21, 3.27, 3.38, 3.33, 3.38, 3.38, 3.26, 3.43, 3.52, 3.902, 3.28, 2.87, 2.98, 2.79, 2.57, 2.64, 3.45, 4.21, 4.55, 5.6, 7.436, 8.419, 8.124, 9.151], [3.15, 2.62, 2.75, 2.71, 2.56, 3.5, 3.3, 3.14, 2.51, 2.87, 2.29, 0.92, 0.64, 0, 0.73, 1.03, 1.85, 2.38, 1.94, 1.54, 1.67, 2.25, 2.76, 3.58, 3.693, 3.95, 4.378, 4.829, 4.725, 4.53, 4.4, 4.299, 5.53, 8.473, 11.392, 12.123, 12.648, 13.315, 13.287, 13.031, 12.928, 13.799, 12.524, 10.141, 9.345, 8.53, 8.97, 9.1, 7.1, 5.9, 5.42, 5.1, 5.97, 5.82, 5.55, 5.71, 4.35, 3.88, 3.63, 3.46, 3.53, 3.3, 3.17, 3.25, 3.4, 3.27, 3.36, 3.44, 3.3, 3.69, 3.76, 4.19, 3.46, 2.97, 3.3, 3.01, 2.77, 2.84, 3.65, 4.41, 4.75, 5.879, 7.758, 8.738, 8.421, 9.474], [3.16, 2.69, 2.86, 2.9, 2.77, 3.63, 3.55, 3.21, 2.5, 2.44, 1.9, 1.11, 1.11, 0.73, 0, 0.84, 1.72, 2.23, 1.67, 1.37, 1.82, 2.56, 3.189, 4.023, 4.163, 4.327, 4.807, 5.229, 5.215, 5.02, 4.89, 4.79, 6.02, 8.963, 11.882, 12.613, 13.138, 13.805, 13.783, 13.525, 13.422, 14.296, 13.018, 10.631, 9.835, 9.04, 9.48, 9.61, 7.63, 6.45, 5.95, 5.61, 6.48, 6.37, 6.04, 6.2, 4.9, 4.19, 3.98, 3.45, 3.46, 3.19, 3.08, 3.2, 3.39, 3.34, 3.61, 3.87, 3.85, 4.2, 4.25, 4.68, 3.97, 3.5, 3.79, 3.42, 3.22, 3.31, 4.12, 4.84, 5.2, 6.37, 8.249, 9.229, 8.911, 9.964], [3.2, 2.93, 3.0, 2.98, 2.97, 3.75, 3.77, 3.25, 2.46, 2.52, 1.94, 1.37, 1.13, 1.03, 0.84, 0, 1.34, 1.77, 1.47, 1.35, 1.34, 2.22, 2.93, 3.79, 3.95, 4.12, 4.564, 5.019, 4.99, 4.82, 4.69, 4.59, 5.78, 8.73, 11.631, 12.413, 12.93, 13.6, 13.57, 13.32, 13.219, 14.093, 12.81, 10.4, 9.615, 8.94, 9.42, 9.53, 7.53, 6.37, 5.91, 5.51, 6.42, 6.27, 5.94, 6.12, 4.84, 4.19, 3.98, 3.55, 3.5, 3.11, 3.1, 3.18, 3.39, 3.38, 3.69, 3.87, 3.77, 4.06, 4.07, 4.4, 3.89, 3.44, 3.55, 3.32, 3.08, 3.19, 4.08, 4.84, 5.18, 6.21, 8.01, 8.996, 8.702, 9.736], [4.0, 3.61, 3.64, 3.7, 3.63, 4.57, 4.55, 4.05, 3.12, 3.18, 2.82, 2.09, 1.95, 1.85, 1.72, 1.34, 0, 0.73, 1.37, 1.75, 1.32, 1.44, 2.21, 3.03, 3.15, 3.34, 3.78, 4.193, 4.23, 4.26, 4.21, 4.13, 5.24, 8.03, 10.86, 11.66, 12.19, 12.86, 12.83, 12.58, 12.48, 13.36, 12.07, 9.66, 8.85, 8.1, 8.74, 8.71, 6.59, 5.43, 5.09, 4.67, 5.62, 5.43, 5.1, 5.24, 4.2, 3.61, 3.42, 2.99, 2.94, 2.57, 2.52, 2.58, 2.73, 2.8, 3.07, 3.15, 3.03, 3.24, 3.25, 3.88, 3.57, 3.08, 3.09, 2.88, 2.72, 2.87, 3.74, 4.48, 4.9, 5.77, 7.25, 8.24, 7.95, 8.98], [4.09, 3.8, 3.73, 3.65, 3.66, 4.64, 4.6, 4.04, 3.31, 3.29, 2.85, 2.6, 2.46, 2.38, 2.23, 1.77, 0.73, 0, 1.28, 1.78, 1.35, 1.53, 2.26, 3.12, 3.18, 3.37, 3.69, 4.05, 4.08, 4.31, 4.22, 4.12, 5.37, 7.96, 10.67, 11.47, 12.06, 12.65, 12.66, 12.37, 12.27, 13.15, 11.86, 9.61, 8.84, 8.33, 9.13, 8.96, 6.74, 5.54, 5.3, 4.9, 5.81, 5.72, 5.25, 5.41, 4.45, 3.84, 3.71, 3.28, 3.11, 2.72, 2.79, 2.67, 2.9, 2.99, 3.34, 3.5, 3.44, 3.57, 3.46, 4.05, 3.74, 3.31, 3.22, 2.99, 2.85, 2.94, 3.63, 4.35, 4.75, 5.64, 7.1, 8.03, 7.74, 8.77], [3.73, 3.58, 3.59, 3.49, 3.54, 4.3, 4.42, 3.66, 2.69, 2.47, 2.17, 2.04, 2.12, 1.94, 1.67, 1.47, 1.37, 1.28, 0, 0.98, 1.51, 2.27, 3.14, 4.08, 4.16, 4.25, 4.65, 5.03, 5.14, 5.23, 5.02, 4.9, 6.33, 9.0, 11.77, 12.53, 13.12, 13.67, 13.64, 13.35, 13.23, 14.09, 12.86, 10.67, 9.92, 9.21, 9.91, 9.78, 7.66, 6.46, 6.14, 5.72, 6.67, 6.58, 6.13, 6.25, 5.15, 4.56, 4.41, 3.94, 3.81, 3.42, 3.47, 3.43, 3.68, 3.79, 4.04, 4.3, 4.24, 4.47, 4.4, 4.97, 4.36, 3.79, 4.02, 3.59, 3.47, 3.44, 4.17, 4.89, 5.29, 6.34, 8.14, 9.006, 8.7, 9.75], [3.07, 2.94, 2.87, 2.79, 2.88, 3.64, 3.7, 3.0, 2.03, 2.21, 1.83, 1.46, 1.78, 1.54, 1.37, 1.35, 1.75, 1.78, 0.98, 0, 1.51, 2.47, 3.34, 4.22, 4.34, 4.59, 4.95, 5.35, 5.36, 5.41, 5.2, 5.08, 6.53, 9.22, 12.01, 12.747, 13.32, 13.87, 13.893, 13.59, 13.486, 14.37, 13.1, 10.89, 10.14, 9.31, 9.97, 9.94, 7.8, 6.6, 6.24, 5.92, 6.81, 6.64, 6.31, 6.43, 5.29, 4.68, 4.63, 4.38, 4.25, 3.84, 3.85, 3.83, 4.06, 4.17, 4.32, 4.5, 4.38, 4.65, 4.64, 5.21, 4.52, 3.99, 4.24, 3.75, 3.59, 3.6, 4.25, 4.91, 5.27, 6.52, 8.382, 9.303, 8.979, 10.07], [3.32, 3.03, 3.0, 2.96, 2.95, 3.83, 3.87, 3.29, 2.54, 2.98, 2.5, 1.81, 1.73, 1.67, 1.82, 1.34, 1.32, 1.35, 1.51, 1.51, 0, 1.32, 2.15, 3.03, 3.19, 3.38, 3.7, 4.08, 4.15, 4.14, 3.91, 3.81, 5.2, 7.89, 10.731, 11.5, 12.03, 12.68, 12.71, 12.4, 12.28, 13.12, 11.91, 9.64, 8.79, 8.34, 9.1, 9.01, 6.81, 5.63, 5.33, 4.93, 5.86, 5.73, 5.32, 5.44, 4.38, 3.89, 3.78, 3.59, 3.52, 3.13, 3.14, 3.12, 3.17, 3.34, 3.47, 3.57, 3.45, 3.58, 3.57, 4.04, 3.51, 3.08, 2.89, 2.54, 2.34, 2.45, 3.2, 3.94, 4.28, 5.35, 7.17, 8.033, 7.729, 8.765], [4.2, 3.85, 3.76, 3.68, 3.65, 4.65, 4.57, 4.09, 3.48, 3.86, 3.34, 2.59, 2.35, 2.25, 2.56, 2.22, 1.44, 1.53, 2.27, 2.47, 1.32, 0, 1.09, 2.01, 2.13, 2.36, 2.68, 3.06, 3.25, 3.7, 3.53, 3.39, 4.6, 7.15, 9.78, 10.6, 11.17, 11.78, 11.81, 11.5, 11.38, 12.22, 11.01, 8.74, 8.01, 7.22, 8.12, 8.03, 5.73, 4.61, 4.33, 4.01, 4.92, 4.71, 4.38, 4.5, 3.4, 3.01, 2.82, 2.71, 2.7, 2.41, 2.34, 2.32, 2.27, 2.42, 2.49, 2.59, 2.45, 2.66, 2.69, 3.34, 3.19, 2.86, 2.63, 2.32, 2.06, 2.49, 3.08, 3.76, 4.08, 4.81, 6.25, 7.1, 6.81, 7.84], [4.77, 4.38, 4.35, 4.15, 4.12, 5.1, 4.82, 4.62, 4.17, 4.648, 4.094, 3.14, 2.64, 2.76, 3.189, 2.93, 2.21, 2.26, 3.14, 3.34, 2.15, 1.09, 0, 1.08, 1.14, 1.47, 1.79, 2.19, 2.4, 3.45, 3.4, 3.2, 4.13, 6.38, 8.95, 9.75, 10.38, 10.91, 10.94, 10.63, 10.51, 11.35, 10.14, 7.93, 7.22, 6.37, 7.25, 7.2, 4.94, 3.84, 3.56, 3.24, 4.19, 3.96, 3.63, 3.73, 2.63, 2.6, 2.33, 2.12, 2.21, 2.1, 2.03, 1.99, 1.94, 1.99, 1.78, 2.0, 1.92, 1.99, 1.98, 2.77, 2.94, 2.63, 2.34, 2.21, 2.03, 2.46, 2.93, 3.57, 3.87, 4.42, 5.36, 6.23, 5.92, 6.97], [5.27, 4.94, 4.91, 4.75, 4.66, 5.52, 5.14, 5.12, 4.91, 5.43, 4.87, 3.9, 3.3, 3.58, 4.023, 3.79, 3.03, 3.12, 4.08, 4.22, 3.03, 2.01, 1.08, 0, 0.72, 1.31, 1.37, 1.73, 1.92, 3.27, 3.24, 3.02, 3.75, 5.42, 8.03, 8.81, 9.42, 10.01, 10.02, 9.73, 9.63, 10.51, 9.22, 6.99, 6.26, 5.53, 6.35, 6.36, 4.06, 2.98, 2.72, 2.38, 3.33, 3.12, 2.81, 2.87, 2.19, 2.48, 2.11, 1.96, 2.07, 2.34, 2.21, 2.11, 2.02, 1.99, 1.54, 1.72, 1.66, 1.55, 1.66, 2.37, 2.96, 2.59, 2.36, 2.29, 2.35, 2.62, 3.01, 3.37, 3.67, 4.12, 4.44, 5.39, 5.08, 6.13], [5.45, 5.12, 5.09, 4.85, 4.84, 5.72, 5.26, 5.28, 4.99, 5.548, 4.994, 4.02, 3.44, 3.693, 4.163, 3.95, 3.15, 3.18, 4.16, 4.34, 3.19, 2.13, 1.14, 0.72, 0, 0.89, 1.03, 1.41, 1.62, 3.07, 2.96, 2.76, 3.53, 5.3, 7.87, 8.65, 9.28, 9.83, 9.84, 9.55, 9.45, 10.33, 9.04, 6.83, 6.14, 5.45, 6.33, 6.26, 4.0, 2.9, 2.64, 2.3, 3.25, 3.04, 2.73, 2.79, 1.97, 2.12, 1.79, 1.68, 1.97, 2.16, 2.07, 1.95, 1.88, 1.85, 1.44, 1.44, 1.4, 1.37, 1.32, 2.17, 2.68, 2.29, 2.04, 2.05, 2.15, 2.38, 2.71, 3.03, 3.31, 3.8, 4.26, 5.21, 4.9, 5.95], [5.72, 5.43, 5.32, 5.12, 5.13, 6.01, 5.55, 5.61, 5.22, 5.658, 5.175, 4.23, 3.73, 3.95, 4.327, 4.12, 3.34, 3.37, 4.25, 4.59, 3.38, 2.36, 1.47, 1.31, 0.89, 0, 0.82, 1.12, 1.65, 2.9, 2.75, 2.53, 3.38, 5.29, 7.86, 8.64, 9.27, 9.76, 9.71, 9.44, 9.34, 10.2, 8.95, 6.82, 6.11, 5.52, 6.4, 6.31, 4.05, 3.07, 3.01, 2.51, 3.36, 3.11, 2.76, 2.9, 1.94, 2.01, 1.7, 1.91, 2.34, 2.43, 2.36, 2.22, 2.19, 2.12, 1.63, 1.61, 1.53, 1.6, 1.63, 2.12, 2.63, 2.16, 2.05, 2.26, 2.36, 2.69, 2.96, 3.12, 3.1, 3.57, 4.15, 5.08, 4.73, 5.84], [5.76, 5.55, 5.44, 5.2, 5.27, 6.09, 5.57, 5.61, 5.62, 6.075, 5.635, 4.621, 4.141, 4.378, 4.807, 4.564, 3.78, 3.69, 4.65, 4.95, 3.7, 2.68, 1.79, 1.37, 1.03, 0.82, 0, 1.04, 1.65, 2.86, 2.83, 2.53, 3.3, 4.93, 7.46, 8.26, 8.83, 9.28, 9.27, 8.96, 8.84, 9.72, 8.47, 6.38, 5.85, 5.38, 6.3, 6.13, 3.83, 2.99, 3.05, 2.49, 3.18, 2.97, 2.64, 2.7, 2.04, 2.29, 2.06, 2.27, 2.58, 2.85, 2.72, 2.64, 2.57, 2.52, 1.95, 1.95, 1.93, 1.7, 1.77, 2.14, 2.81, 2.46, 2.35, 2.52, 2.56, 2.75, 2.96, 3.16, 3.16, 3.39, 3.71, 4.6, 4.27, 5.4], [6.24, 5.91, 5.88, 5.66, 5.67, 6.53, 6.07, 6.11, 6.08, 6.504, 6.084, 5.012, 4.572, 4.829, 5.229, 5.019, 4.193, 4.05, 5.03, 5.35, 4.08, 3.06, 2.19, 1.73, 1.41, 1.12, 1.04, 0, 1.39, 2.76, 2.65, 2.49, 3.16, 4.51, 7.06, 7.86, 8.47, 8.94, 8.85, 8.6, 8.46, 9.3, 8.15, 6.02, 5.35, 4.98, 5.92, 5.77, 3.39, 2.41, 2.57, 2.05, 2.7, 2.55, 2.12, 2.2, 1.68, 1.95, 1.82, 2.37, 2.86, 3.135, 3.042, 2.92, 2.69, 2.66, 2.09, 1.95, 1.89, 1.62, 1.65, 1.9, 2.45, 2.32, 2.29, 2.54, 2.72, 3.075, 3.06, 3.14, 3.0, 3.29, 3.35, 4.14, 3.81, 4.94], [5.65, 5.36, 5.29, 5.09, 5.04, 5.86, 5.38, 5.4, 6.122, 6.508, 6.145, 4.928, 4.408, 4.725, 5.215, 4.99, 4.23, 4.08, 5.14, 5.36, 4.15, 3.25, 2.4, 1.92, 1.62, 1.65, 1.65, 1.39, 0, 1.79, 1.76, 1.66, 2.15, 4.1, 6.81, 7.55, 8.16, 8.65, 8.62, 8.37, 8.27, 9.15, 7.88, 5.65, 5.04, 4.85, 5.93, 5.8, 3.46, 2.56, 2.58, 2.0, 2.57, 2.62, 2.25, 2.31, 1.93, 2.22, 1.99, 2.5, 3.01, 3.16, 3.11, 3.01, 2.88, 2.77, 2.38, 2.02, 1.94, 1.49, 1.4, 1.33, 1.8, 2.11, 1.66, 2.17, 2.43, 2.641, 2.31, 2.25, 2.09, 2.42, 3.08, 4.049, 3.78, 4.87], [5.24, 4.89, 4.88, 4.88, 4.79, 5.15, 4.97, 5.19, 6.16, 6.68, 6.26, 4.75, 4.25, 4.53, 5.02, 4.82, 4.26, 4.31, 5.23, 5.41, 4.14, 3.7, 3.45, 3.27, 3.07, 2.9, 2.86, 2.76, 1.79, 0, 0.87, 0.87, 1.42, 4.01, 6.96, 7.64, 8.15, 8.796, 8.763, 8.505, 8.413, 9.288, 8.009, 5.74, 5.47, 5.72, 6.54, 6.53, 4.63, 3.61, 3.53, 3.03, 3.2, 3.43, 3.26, 3.04, 2.96, 2.95, 2.88, 3.63, 4.04, 3.93, 3.78, 3.72, 3.77, 3.52, 3.33, 2.91, 2.87, 2.54, 2.43, 1.74, 1.53, 1.98, 1.85, 2.36, 2.44, 2.51, 1.94, 1.96, 1.66, 1.93, 3.53, 4.42, 4.55, 5.4], [4.85, 4.5, 4.53, 4.59, 4.38, 4.82, 4.58, 4.94, 5.79, 6.35, 5.89, 4.6, 4.1, 4.4, 4.89, 4.69, 4.21, 4.22, 5.02, 5.2, 3.91, 3.53, 3.4, 3.24, 2.96, 2.75, 2.83, 2.65, 1.76, 0.87, 0, 0.62, 1.53, 4.186, 7.09, 7.833, 8.292, 8.929, 8.908, 8.649, 8.546, 9.441, 8.162, 5.853, 5.624, 5.837, 6.74, 6.619, 4.62, 3.68, 3.74, 3.18, 3.47, 3.64, 3.39, 3.19, 3.15, 3.18, 3.05, 3.76, 4.19, 4.12, 3.99, 3.85, 3.86, 3.75, 3.5, 3.12, 3.06, 2.67, 2.5, 1.85, 1.66, 2.01, 1.74, 2.23, 2.15, 2.26, 1.77, 1.81, 1.59, 1.76, 3.6, 4.481, 4.54, 5.39], [4.87, 4.5, 4.49, 4.49, 4.42, 4.94, 4.62, 4.86, 5.67, 6.25, 5.81, 4.5, 4.0, 4.299, 4.79, 4.59, 4.13, 4.12, 4.9, 5.08, 3.81, 3.39, 3.2, 3.02, 2.76, 2.53, 2.53, 2.49, 1.66, 0.87, 0.62, 0, 1.49, 4.266, 7.188, 7.913, 8.392, 9.047, 9.008, 8.749, 8.646, 9.541, 8.262, 5.971, 5.461, 5.737, 6.623, 6.519, 4.52, 3.6, 3.6, 2.96, 3.29, 3.44, 3.21, 3.03, 2.99, 3.0, 2.91, 3.6, 3.99, 3.9, 3.79, 3.63, 3.62, 3.49, 3.26, 2.96, 2.94, 2.55, 2.34, 1.77, 1.56, 1.87, 1.64, 2.05, 1.95, 2.08, 1.67, 1.81, 1.51, 1.84, 3.545, 4.481, 4.46, 5.361], [6.14, 5.61, 5.68, 5.8, 5.67, 6.13, 5.81, 6.17, 7.1, 7.68, 7.22, 5.77, 5.19, 5.53, 6.02, 5.78, 5.24, 5.37, 6.33, 6.53, 5.2, 4.6, 4.13, 3.75, 3.53, 3.38, 3.3, 3.16, 2.15, 1.42, 1.53, 1.49, 0, 3.13, 5.976, 6.722, 7.172, 7.839, 7.818, 7.559, 7.456, 8.351, 7.072, 4.738, 4.45, 4.78, 5.633, 5.73, 4.37, 3.85, 3.83, 3.31, 3.12, 3.45, 3.44, 3.14, 3.28, 3.55, 3.48, 4.13, 4.58, 4.59, 4.54, 4.48, 4.55, 4.38, 4.07, 3.57, 3.31, 2.8, 2.77, 2.0, 2.25, 2.72, 2.45, 2.98, 3.16, 3.31, 2.84, 2.68, 2.34, 1.65, 2.65, 3.78, 3.95, 4.64], [8.753, 8.48, 8.33, 8.354, 8.44, 8.44, 8.3, 8.88, 9.773, 10.433, 9.953, 8.712, 8.162, 8.473, 8.963, 8.73, 8.03, 7.96, 9.0, 9.22, 7.89, 7.15, 6.38, 5.42, 5.3, 5.29, 4.93, 4.51, 4.1, 4.01, 4.186, 4.266, 3.13, 0, 3.05, 3.75, 4.28, 4.95, 4.88, 4.59, 4.49, 5.363, 4.08, 2.23, 2.48, 3.37, 4.23, 4.44, 3.48, 3.54, 3.94, 3.96, 3.35, 3.58, 3.63, 3.39, 4.53, 5.34, 5.39, 5.92, 6.41, 6.74, 6.75, 6.61, 6.48, 6.37, 5.8, 5.4, 5.32, 4.89, 4.82, 4.41, 5.193, 5.623, 5.22, 5.67, 6.03, 6.03, 5.48, 5.043, 4.643, 3.284, 1.72, 2.07, 2.36, 2.97], [11.52, 11.323, 11.109, 11.101, 11.205, 11.188, 10.986, 11.63, 12.566, 13.178, 12.695, 11.615, 11.063, 11.392, 11.882, 11.631, 10.86, 10.67, 11.77, 12.01, 10.731, 9.78, 8.95, 8.03, 7.87, 7.86, 7.46, 7.06, 6.81, 6.96, 7.09, 7.188, 5.976, 3.05, 0, 1.1, 1.53, 2.04, 2.07, 1.8, 1.94, 2.54, 1.57, 1.7, 2.15, 3.2, 3.3, 3.43, 4.59, 5.71, 6.17, 6.39, 5.58, 5.75, 5.96, 5.82, 7.18, 8.13, 8.2, 8.79, 9.276, 9.626, 9.613, 9.5, 9.29, 9.22, 8.61, 8.25, 8.15, 7.76, 7.69, 7.285, 8.101, 8.539, 8.118, 8.511, 8.857, 8.797, 8.165, 7.687, 7.347, 5.939, 4.21, 3.52, 3.61, 2.74], [12.24, 12.053, 11.846, 11.755, 11.931, 11.83, 11.69, 12.322, 13.303, 13.898, 13.418, 12.337, 11.826, 12.123, 12.613, 12.413, 11.66, 11.47, 12.53, 12.747, 11.5, 10.6, 9.75, 8.81, 8.65, 8.64, 8.26, 7.86, 7.55, 7.64, 7.833, 7.913, 6.722, 3.75, 1.1, 0, 0.79, 1.44, 1.65, 1.56, 1.7, 1.78, 1.13, 2.12, 2.81, 3.88, 3.74, 3.93, 5.33, 6.49, 6.97, 7.19, 6.38, 6.55, 6.76, 6.64, 7.98, 8.93, 8.98, 9.57, 10.079, 10.409, 10.4, 10.26, 10.07, 10.0, 9.41, 9.03, 8.95, 8.52, 8.45, 8.06, 8.843, 9.291, 8.89, 9.28, 9.577, 9.499, 8.872, 8.31, 8.021, 6.642, 4.95, 4.24, 4.37, 3.24], [12.67, 12.413, 12.29, 12.328, 12.4, 12.26, 12.132, 12.82, 13.79, 14.422, 13.902, 12.848, 12.34, 12.648, 13.138, 12.93, 12.19, 12.06, 13.12, 13.32, 12.03, 11.17, 10.38, 9.42, 9.28, 9.27, 8.83, 8.47, 8.16, 8.15, 8.292, 8.392, 7.172, 4.28, 1.53, 0.79, 0, 1.03, 1.42, 1.49, 1.69, 1.55, 1.16, 2.59, 3.34, 4.47, 4.17, 4.12, 5.88, 7.02, 7.5, 7.72, 6.91, 7.08, 7.29, 7.17, 8.51, 9.44, 9.49, 10.06, 10.57, 10.92, 10.89, 10.77, 10.6, 10.53, 9.94, 9.56, 9.48, 9.05, 8.98, 8.59, 9.368, 9.81, 9.42, 9.79, 10.01, 9.983, 9.351, 8.777, 8.474, 7.143, 5.46, 4.73, 4.88, 3.73], [13.288, 13.078, 12.94, 12.855, 12.981, 12.861, 12.65, 13.338, 14.405, 14.96, 14.485, 13.515, 13.01, 13.315, 13.805, 13.6, 12.86, 12.65, 13.67, 13.87, 12.68, 11.78, 10.91, 10.01, 9.83, 9.76, 9.28, 8.94, 8.65, 8.796, 8.929, 9.047, 7.839, 4.95, 2.04, 1.44, 1.03, 0, 1.01, 1.34, 1.54, 1.34, 1.41, 3.22, 4.01, 5.0, 4.82, 4.65, 6.49, 7.69, 8.15, 8.39, 7.58, 7.75, 7.96, 7.82, 9.16, 10.09, 10.16, 10.73, 11.24, 11.586, 11.56, 11.44, 11.27, 11.2, 10.61, 10.23, 10.15, 9.72, 9.65, 9.26, 10.035, 10.48, 10.09, 10.46, 10.665, 10.612, 9.84, 9.224, 8.884, 7.53, 5.89, 5.04, 5.25, 4.16], [13.246, 13.076, 12.93, 12.769, 12.962, 12.759, 12.622, 13.29, 14.406, 14.886, 14.446, 13.487, 12.98, 13.287, 13.783, 13.57, 12.83, 12.66, 13.64, 13.893, 12.71, 11.81, 10.94, 10.02, 9.84, 9.71, 9.27, 8.85, 8.62, 8.763, 8.908, 9.008, 7.818, 4.88, 2.07, 1.65, 1.42, 1.01, 0, 0.95, 1.33, 1.61, 1.48, 3.21, 3.98, 4.97, 4.73, 4.56, 6.46, 7.68, 8.14, 8.36, 7.55, 7.72, 7.97, 7.85, 9.19, 10.12, 10.13, 10.7, 11.19, 11.54, 11.53, 11.41, 11.26, 11.17, 10.6, 10.2, 10.12, 9.69, 9.62, 9.23, 10.007, 10.45, 10.06, 10.43, 10.643, 10.591, 9.801, 9.205, 8.865, 7.471, 5.68, 4.83, 5.14, 4.15], [12.987, 12.797, 12.587, 12.481, 12.683, 12.483, 12.34, 13.038, 14.107, 14.648, 14.187, 13.231, 12.73, 13.031, 13.525, 13.32, 12.58, 12.37, 13.35, 13.59, 12.4, 11.5, 10.63, 9.73, 9.55, 9.44, 8.96, 8.6, 8.37, 8.505, 8.649, 8.749, 7.559, 4.59, 1.8, 1.56, 1.49, 1.34, 0.95, 0, 0.74, 1.46, 1.33, 3.04, 3.73, 4.72, 4.5, 4.67, 6.21, 7.41, 7.87, 8.11, 7.3, 7.47, 7.68, 7.54, 8.88, 9.81, 9.88, 10.45, 10.94, 11.29, 11.28, 11.16, 10.99, 10.92, 10.33, 9.95, 9.87, 9.44, 9.37, 8.98, 9.751, 10.2, 9.81, 10.18, 10.381, 10.309, 9.522, 8.894, 8.549, 7.196, 5.49, 4.54, 4.85, 3.88], [12.884, 12.674, 12.484, 12.393, 12.577, 12.38, 12.255, 12.935, 14.005, 14.553, 14.108, 13.128, 12.629, 12.928, 13.422, 13.219, 12.48, 12.27, 13.23, 13.486, 12.28, 11.38, 10.51, 9.63, 9.45, 9.34, 8.84, 8.46, 8.27, 8.413, 8.546, 8.646, 7.456, 4.49, 1.94, 1.7, 1.69, 1.54, 1.33, 0.74, 0, 1.54, 1.31, 2.88, 3.63, 4.64, 4.6, 4.95, 6.13, 7.33, 7.81, 8.01, 7.2, 7.37, 7.58, 7.44, 8.76, 9.71, 9.78, 10.35, 10.86, 11.203, 11.18, 11.06, 10.89, 10.82, 10.23, 9.85, 9.77, 9.34, 9.27, 8.88, 9.648, 10.099, 9.709, 10.079, 10.278, 10.209, 9.419, 8.817, 8.446, 7.127, 5.41, 4.48, 4.71, 3.72], [13.741, 13.551, 13.361, 13.267, 13.477, 13.274, 13.14, 13.829, 14.899, 15.437, 14.982, 14.008, 13.515, 13.799, 14.296, 14.093, 13.36, 13.15, 14.09, 14.37, 13.12, 12.22, 11.35, 10.51, 10.33, 10.2, 9.72, 9.3, 9.15, 9.288, 9.441, 9.541, 8.351, 5.363, 2.54, 1.78, 1.55, 1.34, 1.61, 1.46, 1.54, 0, 1.29, 3.72, 4.51, 5.52, 5.38, 5.49, 7.03, 8.19, 8.65, 8.89, 8.08, 8.25, 8.46, 8.32, 9.64, 10.59, 10.66, 11.25, 11.748, 12.078, 12.08, 11.94, 11.77, 11.7, 11.11, 10.73, 10.65, 10.22, 10.15, 9.76, 10.519, 10.973, 10.583, 10.953, 11.158, 11.077, 10.313, 9.671, 9.292, 7.984, 6.35, 5.32, 5.55, 4.48], [12.466, 12.276, 12.086, 12.016, 12.199, 12.033, 11.862, 12.557, 13.612, 14.153, 13.695, 12.733, 12.236, 12.524, 13.018, 12.81, 12.07, 11.86, 12.86, 13.1, 11.91, 11.01, 10.14, 9.22, 9.04, 8.95, 8.47, 8.15, 7.88, 8.009, 8.162, 8.262, 7.072, 4.08, 1.57, 1.13, 1.16, 1.41, 1.48, 1.33, 1.31, 1.29, 0, 2.47, 3.34, 4.51, 4.61, 4.76, 5.86, 6.9, 7.38, 7.6, 6.79, 6.96, 7.17, 7.05, 8.39, 9.32, 9.37, 9.96, 10.469, 10.799, 10.79, 10.65, 10.48, 10.41, 9.82, 9.44, 9.36, 8.93, 8.86, 8.47, 9.244, 9.69, 9.3, 9.67, 9.883, 9.802, 9.039, 8.384, 8.036, 6.734, 5.1, 4.23, 4.42, 3.29], [10.24, 10.03, 9.9, 10.0, 9.936, 9.99, 9.75, 10.35, 11.4, 11.943, 11.521, 10.361, 9.81, 10.141, 10.631, 10.4, 9.66, 9.61, 10.67, 10.89, 9.64, 8.74, 7.93, 6.99, 6.83, 6.82, 6.38, 6.02, 5.65, 5.74, 5.853, 5.971, 4.738, 2.23, 1.7, 2.12, 2.59, 3.22, 3.21, 3.04, 2.88, 3.72, 2.47, 0, 1.33, 2.52, 3.28, 3.81, 3.85, 4.73, 5.19, 5.27, 4.5, 4.73, 4.92, 4.78, 6.12, 7.05, 7.06, 7.57, 8.06, 8.41, 8.36, 8.34, 8.19, 8.1, 7.53, 7.03, 6.95, 6.52, 6.45, 6.06, 6.85, 7.3, 6.89, 7.26, 7.52, 7.557, 6.907, 6.67, 6.29, 4.73, 3.11, 2.74, 2.89, 2.44], [10.15, 9.78, 9.79, 9.728, 9.58, 10.18, 9.92, 10.16, 10.71, 11.313, 10.873, 9.592, 9.028, 9.345, 9.835, 9.615, 8.85, 8.84, 9.92, 10.14, 8.79, 8.01, 7.22, 6.26, 6.14, 6.11, 5.85, 5.35, 5.04, 5.47, 5.624, 5.461, 4.45, 2.48, 2.15, 2.81, 3.34, 4.01, 3.98, 3.73, 3.63, 4.51, 3.34, 1.33, 0, 1.83, 2.49, 2.84, 2.98, 3.86, 4.32, 4.4, 3.65, 3.86, 4.09, 3.95, 5.27, 6.22, 6.23, 6.78, 7.284, 7.614, 7.61, 7.51, 7.34, 7.25, 6.66, 6.22, 6.14, 5.71, 5.66, 5.39, 6.16, 6.51, 6.14, 6.61, 6.99, 7.201, 6.757, 6.654, 6.22, 4.97, 2.98, 2.83, 2.84, 2.53], [10.36, 10.01, 9.98, 9.88, 9.71, 10.45, 10.07, 10.13, 10.32, 10.778, 10.21, 8.91, 8.25, 8.53, 9.04, 8.94, 8.1, 8.33, 9.21, 9.31, 8.34, 7.22, 6.37, 5.53, 5.45, 5.52, 5.38, 4.98, 4.85, 5.72, 5.837, 5.737, 4.78, 3.37, 3.2, 3.88, 4.47, 5.0, 4.97, 4.72, 4.64, 5.52, 4.51, 2.52, 1.83, 0, 1.24, 1.63, 1.89, 3.17, 3.57, 3.73, 2.94, 2.97, 3.44, 3.24, 4.4, 5.327, 5.337, 5.87, 6.363, 6.745, 6.7, 6.64, 6.49, 6.36, 5.75, 5.33, 5.23, 5.1, 5.25, 5.22, 5.91, 6.08, 5.93, 6.64, 6.98, 7.297, 6.95, 6.85, 6.473, 5.203, 3.19, 2.96, 2.79, 2.54], [11.38, 10.93, 11.0, 10.96, 10.75, 11.47, 11.17, 11.21, 11.12, 11.66, 11.08, 9.49, 8.83, 8.97, 9.48, 9.42, 8.74, 9.13, 9.91, 9.97, 9.1, 8.12, 7.25, 6.35, 6.33, 6.4, 6.3, 5.92, 5.93, 6.54, 6.74, 6.623, 5.633, 4.23, 3.3, 3.74, 4.17, 4.82, 4.73, 4.5, 4.6, 5.38, 4.61, 3.28, 2.49, 1.24, 0, 0.97, 2.55, 3.81, 4.11, 4.39, 3.54, 3.45, 4.0, 3.78, 4.82, 5.75, 5.76, 6.27, 6.77, 7.17, 7.098, 7.08, 7.07, 6.8, 6.17, 5.85, 5.75, 5.78, 5.97, 5.88, 6.59, 6.66, 6.71, 7.48, 7.88, 8.203, 8.033, 7.933, 7.613, 6.346, 4.33, 4.1, 3.83, 3.18], [11.27, 10.82, 10.89, 10.81, 10.64, 11.38, 11.06, 11.1, 11.07, 11.603, 11.097, 9.42, 8.92, 9.1, 9.61, 9.53, 8.71, 8.96, 9.78, 9.94, 9.01, 8.03, 7.2, 6.36, 6.26, 6.31, 6.13, 5.77, 5.8, 6.53, 6.619, 6.519, 5.73, 4.44, 3.43, 3.93, 4.12, 4.65, 4.56, 4.67, 4.95, 5.49, 4.76, 3.81, 2.84, 1.63, 0.97, 0, 2.4, 3.68, 4.02, 4.32, 3.61, 3.46, 3.89, 3.69, 4.89, 5.82, 5.81, 6.44, 6.957, 7.327, 7.29, 7.17, 7.16, 6.87, 6.24, 5.9, 5.86, 5.71, 5.9, 5.79, 6.46, 6.59, 6.6, 7.39, 7.79, 8.13, 7.909, 7.743, 7.446, 6.236, 4.4, 4.01, 3.64, 2.99], [8.95, 8.58, 8.57, 8.47, 8.32, 9.12, 8.76, 8.82, 8.85, 9.323, 8.837, 7.36, 6.86, 7.1, 7.63, 7.53, 6.59, 6.74, 7.66, 7.8, 6.81, 5.73, 4.94, 4.06, 4.0, 4.05, 3.83, 3.39, 3.46, 4.63, 4.62, 4.52, 4.37, 3.48, 4.59, 5.33, 5.88, 6.49, 6.46, 6.21, 6.13, 7.03, 5.86, 3.85, 2.98, 1.89, 2.55, 2.4, 0, 1.5, 2.16, 2.38, 1.91, 1.6, 1.79, 1.85, 2.89, 3.843, 3.853, 4.46, 4.954, 5.318, 5.285, 5.17, 5.04, 4.91, 4.28, 3.9, 3.82, 3.55, 3.68, 3.69, 4.46, 4.51, 4.52, 5.13, 5.45, 5.742, 5.692, 5.538, 5.238, 4.26, 3.2, 2.49, 2.16, 2.95], [7.71, 7.28, 7.33, 7.25, 7.08, 7.88, 7.58, 7.6, 7.69, 8.26, 7.72, 6.2, 5.68, 5.9, 6.45, 6.37, 5.43, 5.54, 6.46, 6.6, 5.63, 4.61, 3.84, 2.98, 2.9, 3.07, 2.99, 2.41, 2.56, 3.61, 3.68, 3.6, 3.85, 3.54, 5.71, 6.49, 7.02, 7.69, 7.68, 7.41, 7.33, 8.19, 6.9, 4.73, 3.86, 3.17, 3.81, 3.68, 1.5, 0, 1.0, 1.38, 1.45, 1.14, 1.11, 1.05, 1.79, 2.66, 2.63, 3.26, 3.737, 4.107, 4.07, 3.93, 3.8, 3.67, 3.04, 2.7, 2.62, 2.37, 2.38, 2.51, 3.18, 3.29, 3.24, 3.93, 4.27, 4.545, 4.43, 4.33, 4.17, 3.9, 3.34, 3.19, 2.9, 3.79], [7.45, 7.0, 7.07, 6.99, 6.82, 7.56, 7.26, 7.3, 7.43, 8.025, 7.44, 5.84, 5.28, 5.42, 5.95, 5.91, 5.09, 5.3, 6.14, 6.24, 5.33, 4.33, 3.56, 2.72, 2.64, 3.01, 3.05, 2.57, 2.58, 3.53, 3.74, 3.6, 3.83, 3.94, 6.17, 6.97, 7.5, 8.15, 8.14, 7.87, 7.81, 8.65, 7.38, 5.19, 4.32, 3.57, 4.11, 4.02, 2.16, 1.0, 0, 0.9, 1.03, 1.04, 1.01, 1.05, 1.67, 2.48, 2.35, 2.74, 3.314, 3.681, 3.648, 3.55, 3.52, 3.25, 2.52, 2.26, 2.26, 2.13, 2.22, 2.45, 3.08, 3.13, 3.06, 3.69, 4.09, 4.424, 4.169, 4.09, 4.17, 4.22, 3.68, 3.65, 3.42, 4.33], [7.05, 6.6, 6.67, 6.59, 6.42, 7.14, 6.84, 6.9, 7.03, 7.543, 7.077, 5.42, 4.88, 5.1, 5.61, 5.51, 4.67, 4.9, 5.72, 5.92, 4.93, 4.01, 3.24, 2.38, 2.3, 2.51, 2.49, 2.05, 2.0, 3.03, 3.18, 2.96, 3.31, 3.96, 6.39, 7.19, 7.72, 8.39, 8.36, 8.11, 8.01, 8.89, 7.6, 5.27, 4.4, 3.73, 4.39, 4.32, 2.38, 1.38, 0.9, 0, 1.09, 1.2, 1.05, 0.99, 1.39, 2.06, 1.97, 2.42, 2.99, 3.38, 3.31, 3.23, 3.22, 2.97, 2.3, 1.92, 1.9, 1.65, 1.72, 1.89, 2.58, 2.59, 2.46, 3.23, 3.61, 3.964, 3.73, 3.71, 3.69, 3.84, 3.62, 3.77, 3.56, 4.53], [8.02, 7.57, 7.64, 7.56, 7.39, 8.11, 7.81, 7.85, 7.96, 8.515, 8.007, 6.35, 5.81, 5.97, 6.48, 6.42, 5.62, 5.81, 6.67, 6.81, 5.86, 4.92, 4.19, 3.33, 3.25, 3.36, 3.18, 2.7, 2.57, 3.2, 3.47, 3.29, 3.12, 3.35, 5.58, 6.38, 6.91, 7.58, 7.55, 7.3, 7.2, 8.08, 6.79, 4.5, 3.65, 2.94, 3.54, 3.61, 1.91, 1.45, 1.03, 1.09, 0, 0.79, 0.88, 0.8, 1.86, 2.65, 2.7, 3.31, 3.88, 4.25, 4.22, 4.14, 4.13, 3.84, 3.11, 2.77, 2.75, 2.6, 2.65, 2.52, 3.17, 3.32, 3.41, 4.2, 4.6, 4.903, 4.653, 4.54, 4.28, 3.83, 3.11, 3.1, 3.17, 4.04], [8.05, 7.6, 7.67, 7.59, 7.42, 8.16, 7.86, 7.88, 7.79, 8.365, 7.8, 6.18, 5.62, 5.82, 6.37, 6.27, 5.43, 5.72, 6.58, 6.64, 5.73, 4.71, 3.96, 3.12, 3.04, 3.11, 2.97, 2.55, 2.62, 3.43, 3.64, 3.44, 3.45, 3.58, 5.75, 6.55, 7.08, 7.75, 7.72, 7.47, 7.37, 8.25, 6.96, 4.73, 3.86, 2.97, 3.45, 3.46, 1.6, 1.14, 1.04, 1.2, 0.79, 0, 0.81, 0.79, 1.67, 2.5, 2.53, 3.16, 3.65, 4.01, 3.95, 3.83, 3.8, 3.53, 2.96, 2.62, 2.54, 2.45, 2.64, 2.57, 3.3, 3.45, 3.38, 4.15, 4.55, 4.873, 4.686, 4.61, 4.31, 3.82, 3.28, 3.21, 2.96, 3.97], [7.64, 7.19, 7.24, 7.14, 7.03, 7.85, 7.49, 7.53, 7.46, 8.033, 7.487, 5.89, 5.39, 5.55, 6.04, 5.94, 5.1, 5.25, 6.13, 6.31, 5.32, 4.38, 3.63, 2.81, 2.73, 2.76, 2.64, 2.12, 2.25, 3.26, 3.39, 3.21, 3.44, 3.63, 5.96, 6.76, 7.29, 7.96, 7.97, 7.68, 7.58, 8.46, 7.17, 4.92, 4.09, 3.44, 4.0, 3.89, 1.79, 1.11, 1.01, 1.05, 0.88, 0.81, 0, 0.62, 1.28, 2.23, 2.28, 2.87, 3.44, 3.791, 3.76, 3.66, 3.63, 3.36, 2.67, 2.35, 2.27, 2.06, 2.13, 2.16, 2.85, 2.88, 3.09, 3.76, 4.14, 4.472, 4.402, 4.26, 3.98, 3.67, 3.29, 3.4, 3.09, 4.1], [7.74, 7.29, 7.36, 7.28, 7.11, 7.85, 7.53, 7.57, 7.58, 8.15, 7.627, 5.99, 5.47, 5.71, 6.2, 6.12, 5.24, 5.41, 6.25, 6.43, 5.44, 4.5, 3.73, 2.87, 2.79, 2.9, 2.7, 2.2, 2.31, 3.04, 3.19, 3.03, 3.14, 3.39, 5.82, 6.64, 7.17, 7.82, 7.85, 7.54, 7.44, 8.32, 7.05, 4.78, 3.95, 3.24, 3.78, 3.69, 1.85, 1.05, 1.05, 0.99, 0.8, 0.79, 0.62, 0, 1.44, 2.37, 2.44, 3.03, 3.56, 3.911, 3.88, 3.78, 3.73, 3.5, 2.83, 2.51, 2.41, 2.18, 2.35, 2.26, 2.99, 3.06, 3.09, 3.86, 4.24, 4.563, 4.379, 4.205, 3.94, 3.59, 3.07, 3.24, 3.07, 4.0], [7.04, 6.59, 6.62, 6.52, 6.43, 7.31, 6.95, 6.97, 6.46, 7.04, 6.38, 4.91, 4.27, 4.35, 4.9, 4.84, 4.2, 4.45, 5.15, 5.29, 4.38, 3.4, 2.63, 2.19, 1.97, 1.94, 2.04, 1.68, 1.93, 2.96, 3.15, 2.99, 3.28, 4.53, 7.18, 7.98, 8.51, 9.16, 9.19, 8.88, 8.76, 9.64, 8.39, 6.12, 5.27, 4.4, 4.82, 4.89, 2.89, 1.79, 1.67, 1.39, 1.86, 1.67, 1.28, 1.44, 0, 1.01, 1.08, 1.77, 2.38, 2.61, 2.58, 2.5, 2.47, 2.2, 1.63, 1.37, 1.23, 1.38, 1.69, 1.82, 2.33, 2.34, 2.49, 3.1, 3.42, 3.855, 3.84, 3.76, 3.58, 3.75, 3.97, 4.52, 4.23, 5.26], [6.79, 6.3, 6.33, 6.25, 6.16, 7.08, 6.74, 6.72, 6.05, 6.41, 5.71, 4.42, 3.92, 3.88, 4.19, 4.19, 3.61, 3.84, 4.56, 4.68, 3.89, 3.01, 2.6, 2.48, 2.12, 2.01, 2.29, 1.95, 2.22, 2.95, 3.18, 3.0, 3.55, 5.34, 8.13, 8.93, 9.44, 10.09, 10.12, 9.81, 9.71, 10.59, 9.32, 7.05, 6.22, 5.327, 5.75, 5.82, 3.843, 2.66, 2.48, 2.06, 2.65, 2.5, 2.23, 2.37, 1.01, 0, 0.63, 1.48, 2.07, 2.02, 1.87, 1.83, 1.9, 1.65, 1.46, 1.3, 1.2, 1.61, 1.84, 2.05, 2.12, 2.17, 2.28, 2.77, 3.07, 3.588, 3.57, 3.61, 3.55, 4.1, 4.64, 5.47, 5.18, 6.21], [6.54, 6.07, 6.1, 6.0, 5.91, 6.81, 6.45, 6.47, 5.86, 6.2, 5.52, 4.19, 3.69, 3.63, 3.98, 3.98, 3.42, 3.71, 4.41, 4.63, 3.78, 2.82, 2.33, 2.11, 1.79, 1.7, 2.06, 1.82, 1.99, 2.88, 3.05, 2.91, 3.48, 5.39, 8.2, 8.98, 9.49, 10.16, 10.13, 9.88, 9.78, 10.66, 9.37, 7.06, 6.23, 5.337, 5.76, 5.81, 3.853, 2.63, 2.35, 1.97, 2.7, 2.53, 2.28, 2.44, 1.08, 0.63, 0, 1.15, 1.74, 1.79, 1.62, 1.58, 1.69, 1.42, 1.07, 0.95, 0.97, 1.3, 1.49, 1.86, 2.09, 1.94, 2.17, 2.56, 2.86, 3.338, 3.4, 3.46, 3.56, 4.05, 4.65, 5.54, 5.25, 6.28], [6.47, 5.94, 6.03, 5.93, 5.8, 6.76, 6.46, 6.42, 5.77, 5.61, 5.03, 4.0, 3.48, 3.46, 3.45, 3.55, 2.99, 3.28, 3.94, 4.38, 3.59, 2.71, 2.12, 1.96, 1.68, 1.91, 2.27, 2.37, 2.5, 3.63, 3.76, 3.6, 4.13, 5.92, 8.79, 9.57, 10.06, 10.73, 10.7, 10.45, 10.35, 11.25, 9.96, 7.57, 6.78, 5.87, 6.27, 6.44, 4.46, 3.26, 2.74, 2.42, 3.31, 3.16, 2.87, 3.03, 1.77, 1.48, 1.15, 0, 0.79, 1.06, 0.97, 0.97, 1.14, 0.87, 0.86, 1.12, 1.08, 1.49, 1.7, 2.53, 2.8, 2.53, 2.66, 2.55, 2.83, 3.32, 3.65, 4.09, 4.37, 4.78, 5.12, 6.11, 5.84, 6.85], [6.42, 5.91, 6.02, 5.92, 5.77, 6.69, 6.55, 6.39, 5.72, 5.42, 4.86, 3.99, 3.55, 3.53, 3.46, 3.5, 2.94, 3.11, 3.81, 4.25, 3.52, 2.7, 2.21, 2.07, 1.97, 2.34, 2.58, 2.86, 3.01, 4.04, 4.19, 3.99, 4.58, 6.41, 9.276, 10.079, 10.57, 11.24, 11.19, 10.94, 10.86, 11.748, 10.469, 8.06, 7.284, 6.363, 6.77, 6.957, 4.954, 3.737, 3.314, 2.99, 3.88, 3.65, 3.44, 3.56, 2.38, 2.07, 1.74, 0.79, 0, 0.71, 0.76, 0.86, 1.09, 1.1, 1.43, 1.69, 1.71, 1.98, 2.07, 3.0, 3.35, 3.06, 3.13, 2.8, 2.92, 3.41, 4.0, 4.56, 4.84, 5.23, 5.65, 6.628, 6.338, 7.368], [6.03, 5.56, 5.65, 5.57, 5.44, 6.4, 6.32, 6.04, 5.33, 5.03, 4.47, 3.68, 3.36, 3.3, 3.19, 3.11, 2.57, 2.72, 3.42, 3.84, 3.13, 2.41, 2.1, 2.34, 2.16, 2.43, 2.85, 3.135, 3.16, 3.93, 4.12, 3.9, 4.59, 6.74, 9.626, 10.409, 10.92, 11.586, 11.54, 11.29, 11.203, 12.078, 10.799, 8.41, 7.614, 6.745, 7.17, 7.327, 5.318, 4.107, 3.681, 3.38, 4.25, 4.01, 3.791, 3.911, 2.61, 2.02, 1.79, 1.06, 0.71, 0, 0.55, 0.83, 1.16, 1.13, 1.62, 1.78, 1.86, 2.21, 2.2, 3.07, 3.24, 2.95, 3.04, 2.67, 2.81, 3.3, 3.89, 4.47, 4.71, 5.2, 6.0, 6.978, 6.686, 7.718], [6.02, 5.53, 5.62, 5.56, 5.39, 6.31, 6.19, 6.03, 5.34, 5.1, 4.54, 3.63, 3.21, 3.17, 3.08, 3.1, 2.52, 2.79, 3.47, 3.85, 3.14, 2.34, 2.03, 2.21, 2.07, 2.36, 2.72, 3.042, 3.11, 3.78, 3.99, 3.79, 4.54, 6.75, 9.613, 10.4, 10.89, 11.56, 11.53, 11.28, 11.18, 12.08, 10.79, 8.36, 7.61, 6.7, 7.098, 7.29, 5.285, 4.07, 3.648, 3.31, 4.22, 3.95, 3.76, 3.88, 2.58, 1.87, 1.62, 0.97, 0.76, 0.55, 0, 0.48, 0.81, 0.88, 1.41, 1.57, 1.67, 2.1, 2.13, 3.0, 3.07, 2.78, 2.85, 2.5, 2.64, 3.09, 3.72, 4.32, 4.6, 5.17, 5.97, 6.96, 6.675, 7.693], [6.12, 5.63, 5.72, 5.6, 5.47, 6.39, 6.27, 6.09, 5.34, 5.12, 4.52, 3.73, 3.27, 3.25, 3.2, 3.18, 2.58, 2.67, 3.43, 3.83, 3.12, 2.32, 1.99, 2.11, 1.95, 2.22, 2.64, 2.92, 3.01, 3.72, 3.85, 3.63, 4.48, 6.61, 9.5, 10.26, 10.77, 11.44, 11.41, 11.16, 11.06, 11.94, 10.65, 8.34, 7.51, 6.64, 7.08, 7.17, 5.17, 3.93, 3.55, 3.23, 4.14, 3.83, 3.66, 3.78, 2.5, 1.83, 1.58, 0.97, 0.86, 0.83, 0.48, 0, 0.59, 0.7, 1.23, 1.51, 1.63, 2.06, 2.17, 2.94, 3.03, 2.72, 2.75, 2.44, 2.62, 3.05, 3.6, 4.18, 4.48, 5.11, 5.87, 6.84, 6.543, 7.573], [6.15, 5.64, 5.75, 5.63, 5.5, 6.44, 6.26, 6.1, 5.35, 5.19, 4.63, 3.88, 3.38, 3.4, 3.39, 3.39, 2.73, 2.9, 3.68, 4.06, 3.17, 2.27, 1.94, 2.02, 1.88, 2.19, 2.57, 2.69, 2.88, 3.77, 3.86, 3.62, 4.55, 6.48, 9.29, 10.07, 10.6, 11.27, 11.26, 10.99, 10.89, 11.77, 10.48, 8.19, 7.34, 6.49, 7.07, 7.16, 5.04, 3.8, 3.52, 3.22, 4.13, 3.8, 3.63, 3.73, 2.47, 1.9, 1.69, 1.14, 1.09, 1.16, 0.81, 0.59, 0, 0.67, 1.2, 1.58, 1.72, 2.03, 2.24, 3.03, 3.16, 2.83, 2.72, 2.43, 2.59, 3.02, 3.49, 4.11, 4.43, 5.12, 5.7, 6.65, 6.36, 7.39], [6.22, 5.71, 5.78, 5.68, 5.57, 6.51, 6.21, 6.15, 5.48, 5.44, 4.82, 3.79, 3.33, 3.27, 3.34, 3.38, 2.8, 2.99, 3.79, 4.17, 3.34, 2.42, 1.99, 1.99, 1.85, 2.12, 2.52, 2.66, 2.77, 3.52, 3.75, 3.49, 4.38, 6.37, 9.22, 10.0, 10.53, 11.2, 11.17, 10.92, 10.82, 11.7, 10.41, 8.1, 7.25, 6.36, 6.8, 6.87, 4.91, 3.67, 3.25, 2.97, 3.84, 3.53, 3.36, 3.5, 2.2, 1.65, 1.42, 0.87, 1.1, 1.13, 0.88, 0.7, 0.67, 0, 0.97, 1.23, 1.37, 1.82, 2.05, 2.7, 2.83, 2.52, 2.57, 2.48, 2.62, 3.13, 3.44, 4.0, 4.3, 5.01, 5.61, 6.58, 6.29, 7.32], [6.23, 5.76, 5.79, 5.69, 5.6, 6.5, 6.16, 6.16, 5.55, 5.83, 5.17, 3.92, 3.38, 3.36, 3.61, 3.69, 3.07, 3.34, 4.04, 4.32, 3.47, 2.49, 1.78, 1.54, 1.44, 1.63, 1.95, 2.09, 2.38, 3.33, 3.5, 3.26, 4.07, 5.8, 8.61, 9.41, 9.94, 10.61, 10.6, 10.33, 10.23, 11.11, 9.82, 7.53, 6.66, 5.75, 6.17, 6.24, 4.28, 3.04, 2.52, 2.3, 3.11, 2.96, 2.67, 2.83, 1.63, 1.46, 1.07, 0.86, 1.43, 1.62, 1.41, 1.23, 1.2, 0.97, 0, 0.78, 1.1, 1.49, 1.66, 2.37, 2.64, 2.27, 2.48, 2.57, 2.73, 3.08, 3.41, 3.81, 4.13, 4.68, 5.02, 5.99, 5.68, 6.71], [6.09, 5.62, 5.65, 5.61, 5.48, 6.38, 6.0, 6.04, 5.67, 6.068, 5.465, 3.92, 3.38, 3.44, 3.87, 3.87, 3.15, 3.5, 4.3, 4.5, 3.57, 2.59, 2.0, 1.72, 1.44, 1.61, 1.95, 1.95, 2.02, 2.91, 3.12, 2.96, 3.57, 5.4, 8.25, 9.03, 9.56, 10.23, 10.2, 9.95, 9.85, 10.73, 9.44, 7.03, 6.22, 5.33, 5.85, 5.9, 3.9, 2.7, 2.26, 1.92, 2.77, 2.62, 2.35, 2.51, 1.37, 1.3, 0.95, 1.12, 1.69, 1.78, 1.57, 1.51, 1.58, 1.23, 0.78, 0, 0.6, 1.01, 1.3, 1.87, 2.1, 1.85, 1.96, 2.19, 2.49, 2.96, 3.19, 3.45, 3.69, 4.26, 4.7, 5.63, 5.333, 6.363], [6.09, 5.6, 5.63, 5.63, 5.5, 6.4, 6.02, 6.06, 5.55, 6.008, 5.42, 3.8, 3.26, 3.3, 3.85, 3.77, 3.03, 3.44, 4.24, 4.38, 3.45, 2.45, 1.92, 1.66, 1.4, 1.53, 1.93, 1.89, 1.94, 2.87, 3.06, 2.94, 3.31, 5.32, 8.15, 8.95, 9.48, 10.15, 10.12, 9.87, 9.77, 10.65, 9.36, 6.95, 6.14, 5.23, 5.75, 5.86, 3.82, 2.62, 2.26, 1.9, 2.75, 2.54, 2.27, 2.41, 1.23, 1.2, 0.97, 1.08, 1.71, 1.86, 1.67, 1.63, 1.72, 1.37, 1.1, 0.6, 0, 0.83, 1.2, 1.57, 2.0, 1.81, 1.84, 2.11, 2.41, 2.98, 3.23, 3.39, 3.55, 3.96, 4.54, 5.53, 5.24, 6.27], [5.88, 5.33, 5.42, 5.42, 5.29, 6.17, 5.79, 5.83, 5.68, 6.173, 5.707, 3.95, 3.43, 3.69, 4.2, 4.06, 3.24, 3.57, 4.47, 4.65, 3.58, 2.66, 1.99, 1.55, 1.37, 1.6, 1.7, 1.62, 1.49, 2.54, 2.67, 2.55, 2.8, 4.89, 7.76, 8.52, 9.05, 9.72, 9.69, 9.44, 9.34, 10.22, 8.93, 6.52, 5.71, 5.1, 5.78, 5.71, 3.55, 2.37, 2.13, 1.65, 2.6, 2.45, 2.06, 2.18, 1.38, 1.61, 1.3, 1.49, 1.98, 2.21, 2.1, 2.06, 2.03, 1.82, 1.49, 1.01, 0.83, 0, 0.79, 1.24, 1.79, 1.56, 1.41, 1.9, 2.2, 2.67, 2.86, 3.04, 3.18, 3.55, 4.13, 5.136, 4.823, 5.856], [5.59, 5.1, 5.19, 5.17, 5.02, 5.88, 5.52, 5.54, 5.67, 6.174, 5.714, 4.018, 3.52, 3.76, 4.25, 4.07, 3.25, 3.46, 4.4, 4.64, 3.57, 2.69, 1.98, 1.66, 1.32, 1.63, 1.77, 1.65, 1.4, 2.43, 2.5, 2.34, 2.77, 4.82, 7.69, 8.45, 8.98, 9.65, 9.62, 9.37, 9.27, 10.15, 8.86, 6.45, 5.66, 5.25, 5.97, 5.9, 3.68, 2.38, 2.22, 1.72, 2.65, 2.64, 2.13, 2.35, 1.69, 1.84, 1.49, 1.7, 2.07, 2.2, 2.13, 2.17, 2.24, 2.05, 1.66, 1.3, 1.2, 0.79, 0, 1.15, 1.62, 1.43, 1.52, 1.85, 2.15, 2.44, 2.67, 2.89, 3.09, 3.36, 4.08, 5.066, 4.753, 5.786], [5.66, 5.13, 5.28, 5.26, 5.09, 5.89, 5.53, 5.57, 6.138, 6.681, 6.221, 4.522, 3.902, 4.19, 4.68, 4.4, 3.88, 4.05, 4.97, 5.21, 4.04, 3.34, 2.77, 2.37, 2.17, 2.12, 2.14, 1.9, 1.33, 1.74, 1.85, 1.77, 2.0, 4.41, 7.285, 8.06, 8.59, 9.26, 9.23, 8.98, 8.88, 9.76, 8.47, 6.06, 5.39, 5.22, 5.88, 5.79, 3.69, 2.51, 2.45, 1.89, 2.52, 2.57, 2.16, 2.26, 1.82, 2.05, 1.86, 2.53, 3.0, 3.07, 3.0, 2.94, 3.03, 2.7, 2.37, 1.87, 1.57, 1.24, 1.15, 0, 1.19, 1.36, 1.41, 2.04, 2.34, 2.552, 2.54, 2.52, 2.44, 2.57, 3.71, 4.656, 4.363, 5.396], [5.09, 4.52, 4.67, 4.69, 4.54, 5.4, 5.08, 5.06, 5.53, 6.054, 5.63, 3.84, 3.28, 3.46, 3.97, 3.89, 3.57, 3.74, 4.36, 4.52, 3.51, 3.19, 2.94, 2.96, 2.68, 2.63, 2.81, 2.45, 1.8, 1.53, 1.66, 1.56, 2.25, 5.193, 8.101, 8.843, 9.368, 10.035, 10.007, 9.751, 9.648, 10.519, 9.244, 6.85, 6.16, 5.91, 6.59, 6.46, 4.46, 3.18, 3.08, 2.58, 3.17, 3.3, 2.85, 2.99, 2.33, 2.12, 2.09, 2.8, 3.35, 3.24, 3.07, 3.03, 3.16, 2.83, 2.64, 2.1, 2.0, 1.79, 1.62, 1.19, 0, 0.99, 1.16, 1.65, 1.93, 2.18, 1.95, 2.07, 2.03, 2.76, 4.48, 5.456, 5.156, 6.206], [5.08, 4.55, 4.68, 4.64, 4.49, 5.31, 4.93, 4.99, 5.1, 5.587, 5.127, 3.37, 2.87, 2.97, 3.5, 3.44, 3.08, 3.31, 3.79, 3.99, 3.08, 2.86, 2.63, 2.59, 2.29, 2.16, 2.46, 2.32, 2.11, 1.98, 2.01, 1.87, 2.72, 5.623, 8.539, 9.291, 9.81, 10.48, 10.45, 10.2, 10.099, 10.973, 9.69, 7.3, 6.51, 6.08, 6.66, 6.59, 4.51, 3.29, 3.13, 2.59, 3.32, 3.45, 2.88, 3.06, 2.34, 2.17, 1.94, 2.53, 3.06, 2.95, 2.78, 2.72, 2.83, 2.52, 2.27, 1.85, 1.81, 1.56, 1.43, 1.36, 0.99, 0, 1.15, 1.62, 1.82, 1.87, 2.18, 2.26, 2.42, 3.27, 4.909, 5.899, 5.609, 6.639], [4.79, 4.26, 4.37, 4.39, 4.18, 5.04, 4.72, 4.7, 5.002, 5.543, 5.105, 3.563, 2.98, 3.3, 3.79, 3.55, 3.09, 3.22, 4.02, 4.24, 2.89, 2.63, 2.34, 2.36, 2.04, 2.05, 2.35, 2.29, 1.66, 1.85, 1.74, 1.64, 2.45, 5.22, 8.118, 8.89, 9.42, 10.09, 10.06, 9.81, 9.709, 10.583, 9.3, 6.89, 6.14, 5.93, 6.71, 6.6, 4.52, 3.24, 3.06, 2.46, 3.41, 3.38, 3.09, 3.09, 2.49, 2.28, 2.17, 2.66, 3.13, 3.04, 2.85, 2.75, 2.72, 2.57, 2.48, 1.96, 1.84, 1.41, 1.52, 1.41, 1.16, 1.15, 0, 1.23, 1.43, 1.78, 1.79, 2.07, 2.27, 3.0, 4.5, 5.486, 5.22, 6.27], [4.16, 3.71, 3.78, 3.74, 3.61, 4.51, 4.27, 4.23, 4.32, 4.903, 4.5, 3.27, 2.79, 3.01, 3.42, 3.32, 2.88, 2.99, 3.59, 3.75, 2.54, 2.32, 2.21, 2.29, 2.05, 2.26, 2.52, 2.54, 2.17, 2.36, 2.23, 2.05, 2.98, 5.67, 8.511, 9.28, 9.79, 10.46, 10.43, 10.18, 10.079, 10.953, 9.67, 7.26, 6.61, 6.64, 7.48, 7.39, 5.13, 3.93, 3.69, 3.23, 4.2, 4.15, 3.76, 3.86, 3.1, 2.77, 2.56, 2.55, 2.8, 2.67, 2.5, 2.44, 2.43, 2.48, 2