[[0, 0.98, 1.32, 1.19, 0.88, 1.02, 1.03, 2.16, 3.827, 3.783, 3.408, 3.258, 3.489, 3.592, 5.063, 5.699, 5.497, 5.914, 6.137, 5.656, 5.487, 6.36, 6.41, 6.123, 5.74, 4.82, 4.23, 3.83, 3.63, 3.56, 3.66, 3.07, 2.35, 2.82, 3.27, 3.417, 3.57, 3.63, 3.89, 3.86, 4.28, 3.27, 2.02, 1.71, 2.49, 2.82, 2.63, 2.58, 2.44, 2.61, 3.33, 3.21, 3.96, 5.12, 5.004, 4.32, 4.22, 4.97, 5.4, 4.95, 5.42, 6.89, 7.019, 7.06, 6.57, 6.37, 6.28, 6.18, 5.82, 5.7, 5.73, 5.39, 4.67, 3.97, 3.55, 3.33, 3.49, 3.34, 3.62, 4.73, 5.35, 5.045, 4.215, 3.87, 3.703, 4.636], [0.98, 0, 0.7, 1.21, 1.02, 1.42, 1.19, 2.78, 4.484, 4.391, 4.048, 3.838, 4.077, 4.175, 5.7, 6.259, 6.076, 6.516, 6.719, 6.238, 6.116, 6.932, 7.021, 6.659, 6.303, 5.18, 4.45, 4.21, 3.93, 3.82, 4.055, 3.479, 2.91, 3.392, 3.77, 4.017, 4.07, 4.07, 4.45, 4.54, 4.88, 3.87, 2.4, 2.21, 2.97, 3.437, 3.056, 3.117, 2.9, 3.13, 4.024, 3.83, 4.6, 5.76, 5.667, 4.8, 4.74, 5.47, 5.88, 5.35, 5.88, 7.504, 7.68, 7.7, 7.164, 6.93, 6.92, 6.819, 6.439, 6.32, 6.43, 6.09, 5.37, 4.67, 4.19, 3.95, 4.15, 3.98, 4.26, 5.37, 5.97, 5.545, 4.898, 4.53, 4.283, 5.224], [1.32, 0.7, 0, 1.15, 1.2, 1.78, 1.53, 3.24, 4.958, 4.865, 4.495, 4.275, 4.537, 4.472, 5.985, 6.682, 6.493, 6.944, 7.138, 6.652, 6.499, 7.333, 7.368, 7.021, 6.632, 5.549, 4.759, 4.33, 4.13, 4.08, 4.426, 3.919, 3.23, 3.766, 4.259, 4.5, 4.59, 4.55, 4.886, 5.02, 5.259, 4.306, 2.76, 2.57, 3.376, 3.726, 3.376, 3.42, 3.22, 3.543, 4.47, 4.25, 4.991, 6.153, 6.09, 5.22, 4.84, 5.67, 6.26, 5.75, 6.4, 7.963, 8.151, 8.153, 7.623, 7.39, 7.336, 7.293, 6.913, 6.78, 6.73, 6.39, 5.67, 5.03, 4.63, 4.39, 4.57, 4.42, 4.7, 5.81, 6.419, 5.939, 5.309, 4.989, 4.752, 5.644], [1.19, 1.21, 1.15, 0, 1.13, 1.51, 1.7, 2.87, 4.539, 4.47, 4.1, 3.87, 4.25, 4.19, 5.663, 6.326, 6.106, 6.486, 6.684, 6.195, 6.003, 6.894, 6.921, 6.639, 6.25, 5.093, 4.46, 3.96, 3.86, 3.77, 4.13, 3.497, 2.9, 3.45, 3.88, 4.09, 4.28, 4.28, 4.54, 4.55, 4.85, 3.879, 2.47, 2.2, 3.12, 3.43, 3.08, 3.05, 2.87, 3.12, 4.08, 3.8, 4.59, 5.69, 5.62, 4.91, 4.67, 5.34, 5.95, 5.46, 6.05, 7.6, 7.75, 7.77, 7.28, 7.02, 6.95, 6.89, 6.53, 6.35, 6.38, 6.04, 5.34, 4.64, 4.16, 3.94, 4.12, 3.99, 4.27, 5.34, 5.9, 5.62, 4.91, 4.54, 4.35, 5.36], [0.88, 1.02, 1.2, 1.13, 0, 0.84, 1.01, 2.38, 4.067, 3.98, 3.71, 3.48, 3.86, 3.88, 5.29, 5.962, 5.774, 6.062, 6.302, 5.779, 5.651, 6.518, 6.607, 6.437, 6.06, 5.0, 4.51, 4.09, 3.93, 3.8, 3.92, 3.25, 2.65, 3.06, 3.49, 3.72, 3.91, 3.93, 4.09, 4.18, 4.34, 3.41, 2.1, 1.83, 2.73, 3.06, 2.89, 2.8, 2.7, 2.71, 3.63, 3.49, 4.22, 5.3, 5.25, 4.62, 4.66, 5.37, 5.82, 5.15, 5.68, 7.13, 7.26, 7.28, 6.79, 6.67, 6.48, 6.4, 6.04, 5.9, 5.97, 5.65, 4.95, 4.25, 3.79, 3.57, 3.75, 3.56, 3.78, 4.89, 5.55, 5.33, 4.54, 4.07, 3.9, 4.93], [1.02, 1.42, 1.78, 1.51, 0.84, 0, 1.07, 1.9, 3.51, 3.4, 3.05, 2.84, 3.24, 3.26, 4.79, 5.368, 5.25, 5.533, 5.719, 5.233, 5.17, 6.1, 6.23, 5.94, 5.76, 4.8, 4.31, 3.97, 3.79, 3.68, 3.66, 2.91, 2.19, 2.5, 2.99, 3.1, 3.27, 3.35, 3.59, 3.68, 3.94, 3.17, 2.1, 1.53, 2.31, 2.64, 2.67, 2.62, 2.44, 2.35, 3.09, 3.19, 3.98, 4.92, 4.71, 4.24, 4.36, 5.01, 5.44, 4.85, 5.12, 6.53, 6.68, 6.7, 6.21, 6.05, 5.86, 5.82, 5.52, 5.46, 5.45, 5.15, 4.43, 3.73, 3.25, 3.01, 3.21, 3.1, 3.26, 4.37, 4.99, 4.69, 3.9, 3.45, 3.3, 4.35], [1.03, 1.19, 1.53, 1.7, 1.01, 1.07, 0, 2.13, 3.94, 3.83, 3.5, 3.35, 3.61, 3.71, 5.24, 5.835, 5.66, 6.04, 6.232, 5.766, 5.68, 6.49, 6.64, 6.348, 6.07, 5.15, 4.72, 4.28, 4.14, 4.03, 3.99, 3.32, 2.7, 2.99, 3.34, 3.61, 3.68, 3.76, 3.98, 4.01, 4.37, 3.64, 2.59, 2.18, 2.76, 2.95, 2.94, 2.87, 2.77, 2.82, 3.54, 3.56, 4.35, 5.37, 5.12, 4.61, 4.77, 5.46, 5.81, 5.26, 5.51, 6.98, 7.13, 7.17, 6.68, 6.54, 6.37, 6.27, 5.93, 5.81, 5.84, 5.52, 4.82, 4.12, 3.68, 3.48, 3.62, 3.49, 3.77, 4.86, 5.42, 5.16, 4.35, 4.0, 3.77, 4.76], [2.16, 2.78, 3.24, 2.87, 2.38, 1.9, 2.13, 0, 2.23, 2.3, 2.19, 2.24, 2.56, 2.74, 4.41, 4.67, 4.59, 4.63, 4.71, 4.37, 4.65, 5.64, 5.99, 5.52, 5.3, 4.64, 4.35, 3.95, 3.95, 3.58, 3.5, 2.89, 2.31, 2.22, 2.43, 2.26, 2.19, 2.51, 3.11, 3.14, 3.44, 3.07, 2.28, 1.89, 2.15, 2.5, 2.13, 2.06, 1.98, 1.87, 2.53, 2.75, 3.52, 4.4, 4.19, 4.04, 4.3, 4.89, 5.34, 4.75, 4.66, 5.31, 5.64, 6.08, 5.49, 5.65, 5.32, 5.12, 4.9, 4.62, 4.57, 4.39, 3.53, 2.71, 2.07, 2.09, 2.15, 2.46, 2.74, 3.25, 3.75, 3.79, 3.2, 2.95, 2.5, 3.23], [3.827, 4.484, 4.958, 4.539, 4.067, 3.51, 3.94, 2.23, 0, 0.75, 1.16, 1.23, 1.47, 1.65, 2.68, 3.12, 3.08, 2.78, 3.0, 3.04, 3.48, 4.09, 4.28, 4.05, 3.89, 3.41, 3.26, 2.96, 3.16, 2.73, 2.41, 2.24, 2.38, 1.79, 1.72, 1.73, 1.62, 1.52, 1.62, 2.07, 2.25, 2.24, 2.41, 2.534, 2.02, 1.93, 2.06, 2.01, 2.07, 1.64, 1.64, 1.82, 1.75, 2.59, 2.92, 3.01, 2.91, 3.36, 3.77, 3.34, 3.27, 3.64, 3.71, 4.19, 3.66, 4.0, 3.77, 3.39, 3.29, 2.97, 2.98, 2.7, 2.12, 1.82, 1.64, 1.82, 1.66, 1.83, 1.91, 1.62, 2.28, 2.34, 1.67, 1.42, 1.25, 1.44], [3.783, 4.391, 4.865, 4.47, 3.98, 3.4, 3.83, 2.3, 0.75, 0, 0.75, 1.08, 1.36, 1.54, 2.45, 3.13, 3.27, 2.99, 3.25, 3.11, 3.53, 4.08, 4.15, 4.04, 3.94, 3.4, 3.23, 2.99, 3.19, 2.86, 2.42, 2.25, 2.37, 1.88, 1.93, 1.94, 1.81, 1.79, 1.59, 2.12, 2.24, 2.15, 2.34, 2.41, 2.03, 1.88, 2.13, 2.28, 2.26, 1.75, 1.67, 1.81, 1.68, 2.42, 2.79, 2.96, 2.88, 3.21, 3.62, 3.23, 3.22, 3.63, 3.72, 3.84, 3.57, 3.81, 3.58, 3.22, 3.18, 2.96, 2.91, 2.61, 2.15, 1.99, 1.87, 2.01, 2.01, 1.94, 1.92, 1.49, 2.01, 1.95, 1.34, 1.29, 1.14, 1.41], [3.408, 4.048, 4.495, 4.1, 3.71, 3.05, 3.5, 2.19, 1.16, 0.75, 0, 0.65, 1.29, 1.57, 2.66, 3.36, 3.62, 3.38, 3.52, 3.5, 3.92, 4.39, 4.48, 4.29, 4.21, 3.61, 3.4, 3.18, 3.44, 3.17, 2.55, 2.26, 1.96, 1.73, 1.94, 1.91, 1.78, 1.86, 1.72, 2.23, 2.65, 2.56, 2.39, 2.28, 2.04, 1.97, 1.96, 2.23, 2.15, 1.56, 1.72, 1.92, 2.07, 2.83, 3.1, 3.19, 3.01, 3.4, 3.83, 3.44, 3.49, 3.88, 4.09, 4.19, 3.88, 3.98, 3.83, 3.65, 3.45, 3.31, 3.32, 3.02, 2.5, 2.12, 1.78, 1.88, 2.06, 2.11, 2.05, 1.82, 2.2, 1.9, 1.35, 1.32, 1.31, 1.68], [3.258, 3.838, 4.275, 3.87, 3.48, 2.84, 3.35, 2.24, 1.23, 1.08, 0.65, 0, 1.06, 1.32, 2.51, 3.15, 3.33, 3.23, 3.47, 3.39, 3.63, 4.16, 4.27, 4.06, 4.02, 3.32, 3.05, 2.89, 3.15, 2.86, 2.26, 1.89, 1.81, 1.44, 1.65, 1.76, 1.67, 1.65, 1.53, 2.06, 2.42, 2.37, 2.16, 2.05, 1.75, 1.72, 1.91, 2.28, 2.2, 1.55, 1.59, 1.81, 2.02, 2.92, 2.89, 2.84, 2.62, 3.07, 3.52, 3.17, 3.24, 3.93, 4.14, 4.28, 3.77, 3.81, 3.74, 3.6, 3.34, 3.24, 3.19, 2.91, 2.29, 1.97, 1.69, 1.75, 1.89, 1.86, 1.78, 2.01, 2.49, 2.11, 1.4, 1.23, 1.16, 1.75], [3.489, 4.077, 4.537, 4.25, 3.86, 3.24, 3.61, 2.56, 1.47, 1.36, 1.29, 1.06, 0, 0.88, 2.15, 2.69, 2.93, 3.03, 3.17, 2.95, 3.31, 3.9, 4.01, 3.62, 3.48, 2.98, 2.71, 2.49, 2.67, 2.38, 1.92, 1.67, 1.89, 1.44, 1.37, 1.56, 1.43, 1.55, 1.53, 1.9, 2.0, 2.11, 2.36, 2.23, 1.63, 1.58, 1.99, 2.3, 2.3, 1.79, 1.39, 1.59, 1.92, 2.52, 2.49, 2.42, 2.3, 2.83, 3.28, 2.85, 2.94, 3.69, 3.96, 4.14, 3.45, 3.45, 3.28, 3.16, 3.18, 3.04, 2.85, 2.59, 1.97, 1.55, 1.49, 1.55, 1.61, 1.42, 1.5, 1.69, 2.15, 1.83, 1.2, 1.33, 0.86, 1.35], [3.592, 4.175, 4.472, 4.19, 3.88, 3.26, 3.71, 2.74, 1.65, 1.54, 1.57, 1.32, 0.88, 0, 1.91, 2.51, 2.63, 2.83, 2.89, 2.63, 2.79, 3.6, 3.79, 3.28, 3.14, 2.44, 2.21, 1.97, 2.29, 2.12, 1.5, 1.45, 1.69, 1.34, 1.23, 1.5, 1.39, 1.39, 1.29, 1.44, 1.68, 1.83, 2.42, 2.25, 1.43, 1.22, 1.79, 2.02, 2.04, 1.65, 1.45, 1.47, 1.78, 2.3, 2.15, 1.94, 1.98, 2.51, 2.98, 2.49, 2.66, 3.69, 3.92, 4.06, 3.37, 3.31, 3.26, 3.1, 3.06, 2.9, 2.61, 2.27, 1.63, 1.27, 1.35, 1.59, 1.61, 1.3, 1.24, 1.65, 2.15, 1.89, 1.56, 1.43, 0.88, 1.55], [5.063, 5.7, 5.985, 5.663, 5.29, 4.79, 5.24, 4.41, 2.68, 2.45, 2.66, 2.51, 2.15, 1.91, 0, 1.36, 1.72, 1.82, 1.98, 1.88, 1.96, 2.19, 2.06, 2.03, 1.87, 1.57, 1.88, 2.26, 2.56, 2.59, 1.89, 2.5, 3.3, 2.73, 2.54, 2.69, 2.707, 2.52, 1.8, 1.77, 1.45, 2.5, 3.871, 3.701, 2.96, 2.69, 3.4, 3.63, 3.708, 3.281, 2.42, 2.327, 1.89, 1.29, 1.22, 1.47, 1.65, 1.66, 1.43, 1.18, 1.61, 2.22, 2.43, 2.51, 2.0, 1.88, 1.85, 1.71, 1.69, 1.69, 1.52, 1.52, 1.64, 2.32, 2.93, 3.18, 2.98, 2.32, 2.07, 1.92, 2.4, 2.38, 2.03, 1.88, 1.99, 1.76], [5.699, 6.259, 6.682, 6.326, 5.962, 5.368, 5.835, 4.67, 3.12, 3.13, 3.36, 3.15, 2.69, 2.51, 1.36, 0, 1.06, 1.3, 1.4, 1.3, 1.26, 1.43, 1.66, 1.17, 1.21, 1.55, 2.22, 2.72, 2.88, 2.95, 2.325, 3.033, 3.721, 3.151, 2.781, 2.86, 2.89, 2.748, 2.296, 2.07, 1.81, 2.918, 4.431, 4.295, 3.447, 3.171, 3.879, 4.028, 4.068, 3.656, 2.9, 2.88, 2.61, 2.01, 1.12, 1.616, 2.23, 2.0, 1.59, 1.28, 0.99, 1.72, 1.89, 2.13, 1.5, 1.48, 1.37, 1.27, 1.41, 1.49, 1.28, 1.46, 1.9, 2.679, 3.236, 3.485, 3.294, 2.749, 2.49, 2.48, 3.12, 3.16, 2.89, 2.62, 2.45, 2.44], [5.497, 6.076, 6.493, 6.106, 5.774, 5.25, 5.66, 4.59, 3.08, 3.27, 3.62, 3.33, 2.93, 2.63, 1.72, 1.06, 0, 0.84, 1.16, 1.24, 1.14, 1.43, 1.72, 1.29, 1.21, 1.39, 2.06, 2.42, 2.66, 2.69, 2.23, 2.74, 3.61, 2.99, 2.62, 2.88, 2.873, 2.7, 2.34, 2.01, 1.89, 2.72, 4.145, 4.186, 3.436, 2.95, 3.39, 3.511, 3.611, 3.46, 2.78, 2.66, 2.55, 2.11, 1.48, 1.71, 2.13, 2.06, 1.87, 1.52, 1.35, 2.12, 2.33, 2.59, 1.9, 2.1, 1.99, 1.73, 1.55, 1.49, 1.3, 1.42, 1.8, 2.52, 3.1, 3.44, 3.191, 2.65, 2.27, 2.56, 3.28, 3.4, 3.15, 2.68, 2.57, 2.38], [5.914, 6.516, 6.944, 6.486, 6.062, 5.533, 6.04, 4.63, 2.78, 2.99, 3.38, 3.23, 3.03, 2.83, 1.82, 1.3, 0.84, 0, 0.68, 1.34, 1.44, 1.53, 1.7, 1.55, 1.61, 1.85, 2.46, 2.82, 3.1, 3.15, 2.599, 3.209, 3.987, 3.347, 2.887, 3.04, 3.09, 2.788, 2.38, 2.27, 2.03, 3.1, 4.448, 4.495, 3.816, 3.332, 3.841, 3.888, 3.848, 3.584, 2.88, 2.88, 2.53, 2.15, 1.88, 2.35, 2.59, 2.36, 2.33, 1.96, 1.73, 1.92, 2.07, 2.41, 1.84, 2.16, 2.07, 1.83, 1.71, 1.55, 1.5, 1.56, 1.9, 2.56, 3.096, 3.445, 3.159, 2.809, 2.45, 2.28, 2.98, 3.28, 3.01, 2.5, 2.63, 2.28], [6.137, 6.719, 7.138, 6.684, 6.302, 5.719, 6.232, 4.71, 3.0, 3.25, 3.52, 3.47, 3.17, 2.89, 1.98, 1.4, 1.16, 0.68, 0, 1.2, 1.54, 1.59, 1.78, 1.61, 1.73, 1.93, 2.68, 2.96, 3.28, 3.35, 2.81, 3.375, 4.034, 3.502, 3.012, 3.06, 3.11, 2.808, 2.54, 2.53, 2.39, 3.5, 4.728, 4.675, 3.953, 3.525, 4.101, 4.094, 4.025, 3.732, 3.24, 3.24, 3.07, 2.31, 2.04, 2.53, 2.87, 2.58, 2.55, 2.08, 1.91, 1.94, 2.21, 2.47, 1.9, 2.08, 2.03, 1.89, 1.95, 1.79, 1.7, 1.78, 2.08, 2.576, 3.136, 3.405, 3.176, 3.026, 2.69, 2.44, 3.08, 3.4, 3.13, 2.86, 2.75, 2.48], [5.656, 6.238, 6.652, 6.195, 5.779, 5.233, 5.766, 4.37, 3.04, 3.11, 3.5, 3.39, 2.95, 2.63, 1.88, 1.3, 1.24, 1.34, 1.2, 0, 1.02, 1.79, 2.08, 1.67, 1.61, 1.71, 2.32, 2.68, 2.74, 2.874, 2.53, 2.929, 3.674, 3.186, 2.699, 2.8, 2.979, 2.796, 2.499, 2.13, 1.91, 2.8, 4.163, 4.206, 3.54, 3.132, 3.819, 3.646, 3.925, 3.56, 2.98, 2.88, 2.89, 2.01, 1.6, 2.01, 2.63, 2.44, 2.35, 1.82, 1.81, 2.38, 2.55, 2.87, 2.18, 2.3, 2.03, 1.91, 2.05, 1.99, 1.74, 1.68, 1.88, 2.34, 2.979, 3.079, 3.059, 2.564, 2.33, 2.38, 3.16, 3.4, 3.13, 2.82, 2.45, 2.52], [5.487, 6.116, 6.499, 6.003, 5.651, 5.17, 5.68, 4.65, 3.48, 3.53, 3.92, 3.63, 3.31, 2.79, 1.96, 1.26, 1.14, 1.44, 1.54, 1.02, 0, 1.31, 1.54, 1.15, 1.23, 1.33, 2.04, 2.36, 2.641, 2.812, 2.33, 2.736, 3.687, 3.16, 2.86, 3.05, 3.16, 3.14, 2.52, 2.15, 1.87, 2.62, 4.051, 4.087, 3.476, 3.03, 3.72, 3.828, 3.968, 3.58, 3.14, 2.84, 2.91, 2.13, 1.44, 1.77, 2.45, 2.32, 2.03, 1.52, 1.39, 2.52, 2.57, 2.77, 2.2, 2.22, 2.01, 1.97, 1.91, 2.03, 1.82, 1.82, 2.24, 2.78, 3.34, 3.74, 3.6, 2.81, 2.41, 3.04, 3.76, 3.92, 3.57, 2.92, 2.89, 3.14], [6.36, 6.932, 7.333, 6.894, 6.518, 6.1, 6.49, 5.64, 4.09, 4.08, 4.39, 4.16, 3.9, 3.6, 2.19, 1.43, 1.43, 1.53, 1.59, 1.79, 1.31, 0, 0.73, 0.88, 1.06, 1.92, 2.724, 3.196, 3.42, 3.594, 3.0, 3.71, 4.67, 4.04, 3.61, 3.86, 4.01, 3.71, 3.03, 2.8, 2.54, 3.47, 5.0, 5.07, 4.49, 3.96, 4.47, 4.635, 4.76, 4.25, 3.63, 3.53, 3.02, 2.5, 1.91, 2.52, 3.0, 2.43, 2.04, 1.77, 1.5, 1.79, 1.92, 1.98, 1.55, 1.59, 1.6, 1.58, 1.46, 1.72, 1.81, 2.13, 2.83, 3.67, 4.29, 4.67, 4.41, 3.72, 3.22, 3.37, 3.93, 4.11, 3.8, 3.43, 3.54, 3.45], [6.41, 7.021, 7.368, 6.921, 6.607, 6.23, 6.64, 5.99, 4.28, 4.15, 4.48, 4.27, 4.01, 3.79, 2.06, 1.66, 1.72, 1.7, 1.78, 2.08, 1.54, 0.73, 0, 0.83, 1.23, 2.085, 2.855, 3.221, 3.547, 3.734, 3.048, 3.8, 4.96, 4.35, 4.04, 4.27, 4.38, 4.04, 3.22, 3.15, 2.71, 3.64, 5.09, 5.14, 4.64, 4.17, 4.791, 5.048, 5.17, 4.66, 3.96, 3.62, 2.93, 2.37, 2.1, 2.53, 2.91, 2.32, 1.89, 1.78, 1.75, 1.78, 1.87, 1.77, 1.5, 1.56, 1.53, 1.57, 1.73, 1.99, 1.96, 2.3, 3.14, 3.96, 4.6, 4.92, 4.66, 3.95, 3.45, 3.54, 4.08, 4.18, 3.77, 3.5, 3.73, 3.54], [6.123, 6.659, 7.021, 6.639, 6.437, 5.94, 6.348, 5.52, 4.05, 4.04, 4.29, 4.06, 3.62, 3.28, 2.03, 1.17, 1.29, 1.55, 1.61, 1.67, 1.15, 0.88, 0.83, 0, 0.88, 1.62, 2.367, 2.899, 3.137, 3.299, 2.68, 3.39, 4.33, 3.86, 3.45, 3.66, 3.69, 3.45, 2.91, 2.7, 2.46, 3.368, 4.855, 4.83, 4.09, 3.74, 4.25, 4.497, 4.56, 4.23, 3.55, 3.25, 2.98, 2.38, 1.73, 2.04, 2.62, 2.21, 1.84, 1.63, 1.38, 1.79, 1.98, 2.16, 1.63, 1.59, 1.68, 1.72, 1.72, 1.96, 1.77, 1.99, 2.63, 3.41, 4.05, 4.41, 4.15, 3.46, 3.1, 3.37, 3.91, 3.95, 3.72, 3.39, 3.34, 3.27], [5.74, 6.303, 6.632, 6.25, 6.06, 5.76, 6.07, 5.3, 3.89, 3.94, 4.21, 4.02, 3.48, 3.14, 1.87, 1.21, 1.21, 1.61, 1.73, 1.61, 1.23, 1.06, 1.23, 0.88, 0, 1.2, 2.03, 2.43, 2.69, 2.835, 2.4, 3.13, 4.13, 3.58, 3.11, 3.42, 3.57, 3.35, 2.81, 2.48, 2.16, 3.03, 4.46, 4.61, 4.01, 3.44, 3.71, 3.938, 4.02, 3.83, 3.19, 2.95, 2.76, 2.28, 1.53, 1.96, 2.44, 2.13, 1.58, 1.31, 1.2, 2.07, 2.28, 2.52, 1.97, 1.99, 1.88, 1.72, 1.56, 1.68, 1.53, 1.89, 2.45, 3.11, 3.85, 4.23, 4.01, 3.34, 2.96, 3.11, 3.75, 3.83, 3.6, 3.33, 3.22, 3.07], [4.82, 5.18, 5.549, 5.093, 5.0, 4.8, 5.15, 4.64, 3.41, 3.4, 3.61, 3.32, 2.98, 2.44, 1.57, 1.55, 1.39, 1.85, 1.93, 1.71, 1.33, 1.92, 2.085, 1.62, 1.2, 0, 0.97, 1.41, 1.71, 1.878, 1.52, 2.27, 3.21, 2.74, 2.41, 2.68, 2.85, 2.77, 2.05, 1.76, 1.54, 2.19, 3.58, 3.67, 3.11, 2.64, 2.99, 3.2, 3.32, 3.01, 2.75, 2.35, 2.4, 1.98, 1.29, 1.24, 1.7, 1.93, 1.72, 1.05, 1.4, 2.95, 3.12, 3.24, 2.65, 2.47, 2.4, 2.32, 1.94, 1.9, 1.85, 1.83, 2.05, 2.55, 3.23, 3.63, 3.49, 2.7, 2.26, 2.91, 3.55, 3.51, 3.12, 2.71, 2.6, 2.79], [4.23, 4.45, 4.759, 4.46, 4.51, 4.31, 4.72, 4.35, 3.26, 3.23, 3.4, 3.05, 2.71, 2.21, 1.88, 2.22, 2.06, 2.46, 2.68, 2.32, 2.04, 2.724, 2.855, 2.367, 2.03, 0.97, 0, 1.04, 1.12, 1.33, 1.17, 1.82, 2.68, 2.27, 2.04, 2.29, 2.48, 2.38, 1.84, 1.63, 1.51, 1.82, 3.05, 3.2, 2.6, 2.21, 2.74, 2.87, 2.87, 2.66, 2.5, 2.14, 2.31, 2.29, 1.82, 1.33, 1.57, 2.04, 1.99, 1.52, 2.13, 3.76, 3.95, 4.03, 3.44, 3.08, 3.11, 3.07, 2.77, 2.67, 2.68, 2.46, 2.24, 2.36, 3.02, 3.38, 3.28, 2.47, 2.11, 2.88, 3.48, 3.34, 2.99, 2.62, 2.45, 2.64], [3.83, 4.21, 4.33, 3.96, 4.09, 3.97, 4.28, 3.95, 2.96, 2.99, 3.18, 2.89, 2.49, 1.97, 2.26, 2.72, 2.42, 2.82, 2.96, 2.68, 2.36, 3.196, 3.221, 2.899, 2.43, 1.41, 1.04, 0, 0.78, 0.95, 1.09, 1.5, 2.46, 2.01, 1.82, 2.09, 2.2, 2.12, 1.88, 1.75, 1.81, 1.9, 2.65, 2.78, 2.34, 1.95, 2.4, 2.45, 2.57, 2.52, 2.52, 2.02, 2.23, 2.59, 2.2, 1.65, 1.69, 2.3, 2.63, 2.02, 2.63, 4.2, 4.37, 4.41, 3.9, 3.68, 3.51, 3.51, 3.19, 3.11, 3.08, 2.84, 2.3, 2.14, 2.7, 2.94, 2.8, 2.11, 2.01, 2.82, 3.4, 3.34, 2.77, 2.44, 2.29, 2.66], [3.63, 3.93, 4.13, 3.86, 3.93, 3.79, 4.14, 3.95, 3.16, 3.19, 3.44, 3.15, 2.67, 2.29, 2.56, 2.88, 2.66, 3.1, 3.28, 2.74, 2.641, 3.42, 3.547, 3.137, 2.69, 1.71, 1.12, 0.78, 0, 0.67, 1.41, 1.62, 2.36, 2.03, 1.8, 2.03, 2.22, 2.1, 2.1, 1.95, 1.99, 1.7, 2.41, 2.66, 2.2, 2.09, 2.6, 2.47, 2.47, 2.64, 2.58, 2.24, 2.47, 2.87, 2.48, 1.91, 2.03, 2.66, 2.93, 2.34, 2.83, 4.38, 4.55, 4.67, 4.08, 3.94, 3.79, 3.71, 3.41, 3.31, 3.34, 3.08, 2.68, 2.52, 2.88, 3.02, 2.96, 2.27, 2.23, 3.02, 3.66, 3.66, 3.11, 2.76, 2.47, 2.84], [3.56, 3.82, 4.08, 3.77, 3.8, 3.68, 4.03, 3.58, 2.73, 2.86, 3.17, 2.86, 2.38, 2.12, 2.59, 2.95, 2.69, 3.15, 3.35, 2.874, 2.812, 3.594, 3.734, 3.299, 2.835, 1.878, 1.33, 0.95, 0.67, 0, 1.28, 1.43, 2.25, 1.8, 1.53, 1.82, 1.93, 1.83, 1.93, 1.8, 1.82, 1.55, 2.18, 2.37, 2.03, 1.88, 2.27, 2.18, 2.16, 2.33, 2.25, 1.87, 2.12, 2.7, 2.51, 1.88, 2.0, 2.59, 2.94, 2.39, 2.78, 4.27, 4.44, 4.66, 3.95, 3.95, 3.8, 3.62, 3.36, 3.22, 3.29, 3.03, 2.57, 2.41, 2.55, 2.67, 2.67, 2.0, 2.02, 2.75, 3.41, 3.49, 3.04, 2.55, 2.16, 2.57], [3.66, 4.055, 4.426, 4.13, 3.92, 3.66, 3.99, 3.5, 2.41, 2.42, 2.55, 2.26, 1.92, 1.5, 1.89, 2.325, 2.23, 2.599, 2.81, 2.53, 2.33, 3.0, 3.048, 2.68, 2.4, 1.52, 1.17, 1.09, 1.41, 1.28, 0, 1.09, 2.15, 1.7, 1.31, 1.62, 1.67, 1.51, 1.21, 1.12, 1.24, 1.45, 2.4, 2.47, 1.93, 1.54, 2.17, 2.38, 2.46, 2.13, 1.97, 1.47, 1.6, 2.06, 1.83, 1.12, 1.16, 1.69, 2.12, 1.51, 2.08, 3.63, 3.86, 3.9, 3.31, 3.09, 3.04, 2.96, 2.66, 2.52, 2.63, 2.39, 1.83, 1.79, 2.23, 2.57, 2.53, 1.72, 1.42, 2.17, 2.81, 2.67, 2.2, 1.77, 1.66, 2.13], [3.07, 3.479, 3.919, 3.497, 3.25, 2.91, 3.32, 2.89, 2.24, 2.25, 2.26, 1.89, 1.67, 1.45, 2.5, 3.033, 2.74, 3.209, 3.375, 2.929, 2.736, 3.71, 3.8, 3.39, 3.13, 2.27, 1.82, 1.5, 1.62, 1.43, 1.09, 0, 1.32, 1.05, 1.08, 1.47, 1.3, 1.44, 1.54, 1.61, 1.81, 1.4, 1.73, 1.82, 1.42, 1.11, 1.62, 1.65, 1.67, 1.62, 1.56, 1.22, 1.93, 2.51, 2.4, 1.73, 1.87, 2.58, 2.95, 2.32, 2.73, 4.28, 4.49, 4.53, 3.96, 3.82, 3.69, 3.63, 3.33, 3.15, 3.18, 2.82, 2.14, 1.74, 1.86, 2.06, 2.1, 1.59, 1.53, 2.42, 2.96, 2.58, 2.11, 1.66, 1.45, 2.16], [2.35, 2.91, 3.23, 2.9, 2.65, 2.19, 2.7, 2.31, 2.38, 2.37, 1.96, 1.81, 1.89, 1.69, 3.3, 3.721, 3.61, 3.987, 4.034, 3.674, 3.687, 4.67, 4.96, 4.33, 4.13, 3.21, 2.68, 2.46, 2.36, 2.25, 2.15, 1.32, 0, 0.97, 1.5, 1.71, 1.62, 1.76, 2.06, 2.05, 2.55, 2.06, 1.79, 1.58, 1.44, 1.41, 1.54, 1.57, 1.33, 1.22, 1.74, 1.74, 2.65, 3.47, 3.1, 2.61, 2.83, 3.56, 3.97, 3.42, 3.43, 4.95, 5.17, 5.29, 4.72, 4.56, 4.53, 4.45, 3.99, 3.91, 3.76, 3.4, 2.66, 2.08, 1.98, 2.04, 2.2, 2.03, 2.01, 2.86, 3.42, 2.84, 2.47, 2.12, 1.91, 2.68], [2.82, 3.392, 3.766, 3.45, 3.06, 2.5, 2.99, 2.22, 1.79, 1.88, 1.73, 1.44, 1.44, 1.34, 2.73, 3.151, 2.99, 3.347, 3.502, 3.186, 3.16, 4.04, 4.35, 3.86, 3.58, 2.74, 2.27, 2.01, 2.03, 1.8, 1.7, 1.05, 0.97, 0, 0.85, 1.06, 1.07, 1.19, 1.65, 1.64, 1.98, 1.73, 1.72, 1.57, 1.17, 1.06, 1.53, 1.44, 1.3, 1.03, 1.25, 1.35, 2.18, 3.0, 2.53, 2.14, 2.36, 3.07, 3.52, 2.97, 2.96, 4.27, 4.5, 4.64, 4.09, 4.07, 3.9, 3.8, 3.4, 3.26, 3.13, 2.89, 2.15, 1.53, 1.47, 1.67, 1.71, 1.42, 1.38, 2.37, 2.93, 2.47, 1.8, 1.53, 1.34, 1.99], [3.27, 3.77, 4.259, 3.88, 3.49, 2.99, 3.34, 2.43, 1.72, 1.93, 1.94, 1.65, 1.37, 1.23, 2.54, 2.781, 2.62, 2.887, 3.012, 2.699, 2.86, 3.61, 4.04, 3.45, 3.11, 2.41, 2.04, 1.82, 1.8, 1.53, 1.31, 1.08, 1.5, 0.85, 0, 0.57, 0.82, 0.94, 1.24, 1.23, 1.61, 1.44, 1.95, 1.96, 1.36, 1.07, 1.68, 1.67, 1.61, 1.3, 1.3, 1.44, 2.05, 2.67, 2.2, 1.89, 2.13, 2.8, 3.17, 2.56, 2.49, 3.74, 4.03, 4.27, 3.66, 3.74, 3.57, 3.39, 2.87, 2.65, 2.76, 2.54, 1.82, 1.2, 1.2, 1.52, 1.6, 1.21, 1.05, 2.0, 2.56, 2.5, 1.95, 1.58, 1.33, 1.88], [3.417, 4.017, 4.5, 4.09, 3.72, 3.1, 3.61, 2.26, 1.73, 1.94, 1.91, 1.76, 1.56, 1.5, 2.69, 2.86, 2.88, 3.04, 3.06, 2.8, 3.05, 3.86, 4.27, 3.66, 3.42, 2.68, 2.29, 2.09, 2.03, 1.82, 1.62, 1.47, 1.71, 1.06, 0.57, 0, 0.65, 0.97, 1.47, 1.42, 1.84, 1.57, 2.16, 2.05, 1.51, 1.4, 2.03, 1.94, 1.92, 1.53, 1.49, 1.73, 2.36, 2.84, 2.31, 2.12, 2.4, 3.03, 3.38, 2.85, 2.7, 3.65, 4.06, 4.38, 3.81, 3.85, 3.62, 3.5, 3.1, 2.84, 2.85, 2.69, 1.85, 1.27, 1.13, 1.53, 1.45, 1.3, 1.26, 2.03, 2.37, 2.39, 1.9, 1.77, 1.52, 1.97], [3.57, 4.07, 4.59, 4.28, 3.91, 3.27, 3.68, 2.19, 1.62, 1.81, 1.78, 1.67, 1.43, 1.39, 2.707, 2.89, 2.873, 3.09, 3.11, 2.979, 3.16, 4.01, 4.38, 3.69, 3.57, 2.85, 2.48, 2.2, 2.22, 1.93, 1.67, 1.3, 1.62, 1.07, 0.82, 0.65, 0, 0.86, 1.48, 1.51, 1.95, 1.82, 2.27, 2.2, 1.44, 1.55, 2.02, 1.99, 1.93, 1.62, 1.52, 1.7, 2.33, 2.91, 2.42, 2.09, 2.33, 3.0, 3.35, 2.92, 2.75, 3.6, 4.09, 4.41, 3.82, 3.86, 3.67, 3.53, 3.19, 2.95, 2.94, 2.76, 1.94, 1.28, 1.06, 1.44, 1.44, 1.43, 1.49, 1.96, 2.34, 2.18, 1.91, 1.76, 1.43, 1.82], [3.63, 4.07, 4.55, 4.28, 3.93, 3.35, 3.76, 2.51, 1.52, 1.79, 1.86, 1.65, 1.55, 1.39, 2.52, 2.748, 2.7, 2.788, 2.808, 2.796, 3.14, 3.71, 4.04, 3.45, 3.35, 2.77, 2.38, 2.12, 2.1, 1.83, 1.51, 1.44, 1.76, 1.19, 0.94, 0.97, 0.86, 0, 1.18, 1.39, 1.93, 1.86, 2.33, 2.3, 1.56, 1.51, 2.12, 1.95, 1.89, 1.68, 1.8, 1.8, 1.91, 2.61, 2.38, 1.99, 2.07, 2.74, 3.17, 2.6, 2.65, 3.52, 3.87, 4.19, 3.62, 3.64, 3.59, 3.39, 3.01, 2.59, 2.74, 2.46, 1.82, 1.34, 1.3, 1.42, 1.3, 1.39, 1.35, 1.78, 2.36, 2.28, 1.85, 1.64, 1.47, 1.7], [3.89, 4.45, 4.886, 4.54, 4.09, 3.59, 3.98, 3.11, 1.62, 1.59, 1.72, 1.53, 1.53, 1.29, 1.8, 2.296, 2.34, 2.38, 2.54, 2.499, 2.52, 3.03, 3.22, 2.91, 2.81, 2.05, 1.84, 1.88, 2.1, 1.93, 1.21, 1.54, 2.06, 1.65, 1.24, 1.47, 1.48, 1.18, 0, 0.89, 1.21, 1.46, 2.53, 2.62, 1.96, 1.49, 2.2, 2.37, 2.37, 1.8, 1.84, 1.78, 1.59, 1.85, 1.84, 1.65, 1.85, 2.32, 2.53, 1.9, 2.03, 3.16, 3.29, 3.45, 2.98, 2.98, 2.87, 2.73, 2.33, 2.17, 2.36, 2.02, 1.48, 1.58, 1.88, 2.1, 1.88, 1.53, 1.13, 1.56, 2.22, 2.3, 1.87, 1.48, 1.41, 1.86], [3.86, 4.54, 5.02, 4.55, 4.18, 3.68, 4.01, 3.14, 2.07, 2.12, 2.23, 2.06, 1.9, 1.44, 1.77, 2.07, 2.01, 2.27, 2.53, 2.13, 2.15, 2.8, 3.15, 2.7, 2.48, 1.76, 1.63, 1.75, 1.95, 1.8, 1.12, 1.61, 2.05, 1.64, 1.23, 1.42, 1.51, 1.39, 0.89, 0, 0.94, 1.37, 2.64, 2.63, 2.03, 1.54, 2.27, 2.28, 2.38, 1.97, 1.69, 1.59, 1.74, 1.96, 1.49, 1.24, 1.72, 2.19, 2.3, 1.81, 1.8, 3.11, 3.24, 3.48, 2.93, 2.81, 2.68, 2.58, 2.2, 2.06, 2.19, 1.93, 1.51, 1.49, 1.91, 2.27, 2.13, 1.52, 1.06, 1.57, 2.27, 2.33, 2.06, 1.57, 1.62, 1.95], [4.28, 4.88, 5.259, 4.85, 4.34, 3.94, 4.37, 3.44, 2.25, 2.24, 2.65, 2.42, 2.0, 1.68, 1.45, 1.81, 1.89, 2.03, 2.39, 1.91, 1.87, 2.54, 2.71, 2.46, 2.16, 1.54, 1.51, 1.81, 1.99, 1.82, 1.24, 1.81, 2.55, 1.98, 1.61, 1.84, 1.95, 1.93, 1.21, 0.94, 0, 1.43, 2.72, 2.85, 2.31, 1.82, 2.55, 2.66, 2.76, 2.27, 1.73, 1.51, 1.44, 1.38, 1.21, 1.16, 1.72, 2.01, 2.12, 1.49, 1.68, 2.89, 3.0, 3.16, 2.61, 2.61, 2.38, 2.14, 1.96, 1.86, 1.91, 1.75, 1.41, 1.63, 2.21, 2.63, 2.49, 1.76, 1.18, 1.67, 2.37, 2.65, 2.3, 1.81, 1.64, 1.95], [3.27, 3.87, 4.306, 3.879, 3.41, 3.17, 3.64, 3.07, 2.24, 2.15, 2.56, 2.37, 2.11, 1.83, 2.5, 2.918, 2.72, 3.1, 3.5, 2.8, 2.62, 3.47, 3.64, 3.368, 3.03, 2.19, 1.82, 1.9, 1.7, 1.55, 1.45, 1.4, 2.06, 1.73, 1.44, 1.57, 1.82, 1.86, 1.46, 1.37, 1.43, 0, 1.73, 2.04, 1.76, 1.47, 2.22, 2.05, 2.09, 1.92, 1.62, 1.52, 1.57, 2.27, 2.18, 1.69, 2.01, 2.66, 2.85, 2.3, 2.57, 3.94, 3.99, 4.05, 3.58, 3.62, 3.39, 3.09, 2.81, 2.85, 2.88, 2.72, 2.36, 2.1, 2.24, 2.5, 2.42, 1.79, 1.55, 2.3, 2.88, 3.06, 2.69, 2.04, 1.85, 2.38], [2.02, 2.4, 2.76, 2.47, 2.1, 2.1, 2.59, 2.28, 2.41, 2.34, 2.39, 2.16, 2.36, 2.42, 3.871, 4.431, 4.145, 4.448, 4.728, 4.163, 4.051, 5.0, 5.09, 4.855, 4.46, 3.58, 3.05, 2.65, 2.41, 2.18, 2.4, 1.73, 1.79, 1.72, 1.95, 2.16, 2.27, 2.33, 2.53, 2.64, 2.72, 1.73, 0, 0.89, 1.35, 1.54, 1.69, 1.54, 1.6, 1.69, 1.99, 1.79, 2.5, 3.58, 3.73, 3.1, 3.18, 3.87, 4.26, 3.69, 4.08, 5.43, 5.52, 5.64, 5.09, 5.13, 4.9, 4.66, 4.36, 4.28, 4.37, 4.03, 3.37, 2.69, 2.35, 2.41, 2.57, 2.08, 2.18, 3.27, 4.03, 3.93, 3.1, 2.55, 2.3, 3.342], [1.71, 2.21, 2.57, 2.2, 1.83, 1.53, 2.18, 1.89, 2.534, 2.41, 2.28, 2.05, 2.23, 2.25, 3.701, 4.295, 4.186, 4.495, 4.675, 4.206, 4.087, 5.07, 5.14, 4.83, 4.61, 3.67, 3.2, 2.78, 2.66, 2.37, 2.47, 1.82, 1.58, 1.57, 1.96, 2.05, 2.2, 2.3, 2.62, 2.63, 2.85, 2.04, 0.89, 0, 1.18, 1.55, 1.76, 1.67, 1.63, 1.7, 2.02, 1.98, 2.69, 3.75, 3.62, 3.01, 3.23, 3.88, 4.37, 3.84, 4.09, 5.46, 5.61, 5.67, 5.14, 5.04, 4.91, 4.75, 4.53, 4.37, 4.36, 4.08, 3.38, 2.72, 2.24, 2.16, 2.32, 2.01, 2.29, 3.3, 3.96, 3.78, 2.97, 2.54, 2.29, 3.263], [2.49, 2.97, 3.376, 3.12, 2.73, 2.31, 2.76, 2.15, 2.02, 2.03, 2.04, 1.75, 1.63, 1.43, 2.96, 3.447, 3.436, 3.816, 3.953, 3.54, 3.476, 4.49, 4.64, 4.09, 4.01, 3.11, 2.6, 2.34, 2.2, 2.03, 1.93, 1.42, 1.44, 1.17, 1.36, 1.51, 1.44, 1.56, 1.96, 2.03, 2.31, 1.76, 1.35, 1.18, 0, 0.95, 1.66, 1.59, 1.63, 1.68, 1.64, 1.68, 2.29, 3.19, 2.94, 2.31, 2.49, 3.24, 3.73, 3.24, 3.39, 4.72, 4.91, 5.03, 4.4, 4.34, 4.23, 4.09, 3.91, 3.83, 3.62, 3.38, 2.6, 1.98, 1.74, 1.76, 1.8, 1.45, 1.65, 2.58, 3.2, 2.88, 2.39, 2.06, 1.69, 2.5], [2.82, 3.437, 3.726, 3.43, 3.06, 2.64, 2.95, 2.5, 1.93, 1.88, 1.97, 1.72, 1.58, 1.22, 2.69, 3.171, 2.95, 3.332, 3.525, 3.132, 3.03, 3.96, 4.17, 3.74, 3.44, 2.64, 2.21, 1.95, 2.09, 1.88, 1.54, 1.11, 1.41, 1.06, 1.07, 1.4, 1.55, 1.51, 1.49, 1.54, 1.82, 1.47, 1.54, 1.55, 0.95, 0, 1.19, 1.3, 1.32, 1.43, 1.37, 1.43, 1.94, 2.74, 2.49, 2.06, 2.24, 2.95, 3.36, 2.75, 2.94, 4.39, 4.6, 4.62, 4.07, 4.01, 3.86, 3.72, 3.44, 3.28, 3.13, 2.79, 2.13, 1.67, 1.63, 1.91, 1.95, 1.58, 1.32, 2.21, 2.89, 2.67, 2.12, 1.85, 1.44, 2.23], [2.63, 3.056, 3.376, 3.08, 2.89, 2.67, 2.94, 2.13, 2.06, 2.13, 1.96, 1.91, 1.99, 1.79, 3.4, 3.879, 3.39, 3.841, 4.101, 3.819, 3.72, 4.47, 4.791, 4.25, 3.71, 2.99, 2.74, 2.4, 2.6, 2.27, 2.17, 1.62, 1.54, 1.53, 1.68, 2.03, 2.02, 2.12, 2.2, 2.27, 2.55, 2.22, 1.69, 1.76, 1.66, 1.19, 0, 0.79, 1.05, 1.32, 1.72, 1.54, 2.29, 3.23, 3.24, 2.87, 2.85, 3.56, 3.89, 3.26, 3.57, 4.98, 5.17, 5.39, 4.68, 4.78, 4.65, 4.39, 4.09, 3.83, 3.7, 3.26, 2.6, 2.16, 1.74, 2.02, 2.12, 1.95, 2.01, 2.74, 3.42, 3.16, 2.69, 2.3, 1.85, 2.6], [2.58, 3.117, 3.42, 3.05, 2.8, 2.62, 2.87, 2.06, 2.01, 2.28, 2.23, 2.28, 2.3, 2.02, 3.63, 4.028, 3.511, 3.888, 4.094, 3.646, 3.828, 4.635, 5.048, 4.497, 3.938, 3.2, 2.87, 2.45, 2.47, 2.18, 2.38, 1.65, 1.57, 1.44, 1.67, 1.94, 1.99, 1.95, 2.37, 2.28, 2.66, 2.05, 1.54, 1.67, 1.59, 1.3, 0.79, 0, 0.84, 1.35, 1.75, 1.77, 2.5, 3.46, 3.39, 3.04, 3.22, 3.97, 4.24, 3.59, 3.82, 5.07, 5.24, 5.58, 4.93, 5.03, 4.82, 4.56, 4.24, 3.88, 3.79, 3.35, 2.67, 2.13, 1.87, 2.07, 2.03, 1.88, 2.1, 2.75, 3.55, 3.41, 2.88, 2.55, 2.08, 2.73], [2.44, 2.9, 3.22, 2.87, 2.7, 2.44, 2.77, 1.98, 2.07, 2.26, 2.15, 2.2, 2.3, 2.04, 3.708, 4.068, 3.611, 3.848, 4.025, 3.925, 3.968, 4.76, 5.17, 4.56, 4.02, 3.32, 2.87, 2.57, 2.47, 2.16, 2.46, 1.67, 1.33, 1.3, 1.61, 1.92, 1.93, 1.89, 2.37, 2.38, 2.76, 2.09, 1.6, 1.63, 1.63, 1.32, 1.05, 0.84, 0, 0.99, 1.67, 1.81, 2.66, 3.6, 3.43, 3.02, 3.22, 3.99, 4.34, 3.69, 3.84, 4.97, 5.3, 5.56, 4.89, 5.05, 4.88, 4.62, 4.22, 3.88, 3.87, 3.61, 2.95, 2.19, 1.97, 2.11, 2.21, 2.16, 2.18, 2.87, 3.55, 3.41, 2.9, 2.59, 2.06, 2.71], [2.61, 3.13, 3.543, 3.12, 2.71, 2.35, 2.82, 1.87, 1.64, 1.75, 1.56, 1.55, 1.79, 1.65, 3.281, 3.656, 3.46, 3.584, 3.732, 3.56, 3.58, 4.25, 4.66, 4.23, 3.83, 3.01, 2.66, 2.52, 2.64, 2.33, 2.13, 1.62, 1.22, 1.03, 1.3, 1.53, 1.62, 1.68, 1.8, 1.97, 2.27, 1.92, 1.69, 1.7, 1.68, 1.43, 1.32, 1.35, 0.99, 0, 1.32, 1.48, 2.27, 3.23, 2.9, 2.73, 2.85, 3.56, 3.95, 3.22, 3.31, 4.48, 4.73, 4.97, 4.44, 4.5, 4.31, 4.11, 3.61, 3.33, 3.5, 3.2, 2.5, 1.9, 1.72, 2.06, 2.08, 1.91, 1.77, 2.52, 3.06, 2.92, 2.31, 1.96, 1.57, 2.36], [3.33, 4.024, 4.47, 4.08, 3.63, 3.09, 3.54, 2.53, 1.64, 1.67, 1.72, 1.59, 1.39, 1.45, 2.42, 2.9, 2.78, 2.88, 3.24, 2.98, 3.14, 3.63, 3.96, 3.55, 3.19, 2.75, 2.5, 2.52, 2.58, 2.25, 1.97, 1.56, 1.74, 1.25, 1.3, 1.49, 1.52, 1.8, 1.84, 1.69, 1.73, 1.62, 1.99, 2.02, 1.64, 1.37, 1.72, 1.75, 1.67, 1.32, 0, 0.92, 1.57, 2.53, 2.24, 2.25, 2.39, 2.76, 3.17, 2.74, 2.79, 3.66, 3.87, 4.07, 3.48, 3.58, 3.41, 3.09, 2.87, 2.67, 2.72, 2.66, 1.92, 1.54, 1.64, 1.96, 2.0, 1.65, 1.49, 1.82, 2.38, 2.22, 1.69, 1.42, 1.03, 1.6], [3.21, 3.83, 4.25, 3.8, 3.49, 3.19, 3.56, 2.75, 1.82, 1.81, 1.92, 1.81, 1.59, 1.47, 2.327, 2.88, 2.66, 2.88, 3.24, 2.88, 2.84, 3.53, 3.62, 3.25, 2.95, 2.35, 2.14, 2.02, 2.24, 1.87, 1.47, 1.22, 1.74, 1.35, 1.44, 1.73, 1.7, 1.8, 1.78, 1.59, 1.51, 1.52, 1.79, 1.98, 1.68, 1.43, 1.54, 1.77, 1.81, 1.48, 0.92, 0, 1.21, 2.13, 2.2, 1.91, 1.93, 2.46, 2.89, 2.38, 2.77, 3.9, 3.99, 4.21, 3.56, 3.7, 3.53, 3.21, 3.03, 2.81, 2.76, 2.56, 1.9, 1.64, 1.76, 2.14, 2.2, 1.59, 1.29, 1.88, 2.6, 2.4, 1.91, 1.4, 1.05, 1.74], [3.96, 4.6, 4.991, 4.59, 4.22, 3.98, 4.35, 3.52, 1.75, 1.68, 2.07, 2.02, 1.92, 1.78, 1.89, 2.61, 2.55, 2.53, 3.07, 2.89, 2.91, 3.02, 2.93, 2.98, 2.76, 2.4, 2.31, 2.23, 2.47, 2.12, 1.6, 1.93, 2.65, 2.18, 2.05, 2.36, 2.33, 1.91, 1.59, 1.74, 1.44, 1.57, 2.5, 2.69, 2.29, 1.94, 2.29, 2.5, 2.66, 2.27, 1.57, 1.21, 0, 1.62, 2.07, 1.82, 1.82, 2.05, 2.42, 2.11, 2.56, 3.35, 3.34, 3.46, 2.99, 3.15, 3.1, 2.66, 2.46, 2.22, 2.43, 2.23, 2.11, 2.21, 2.35, 2.63, 2.51, 2.08, 1.78, 1.61, 2.23, 2.27, 1.9, 1.43, 1.5, 1.45], [5.12, 5.76, 6.153, 5.69, 5.3, 4.92, 5.37, 4.4, 2.59, 2.42, 2.83, 2.92, 2.52, 2.3, 1.29, 2.01, 2.11, 2.15, 2.31, 2.01, 2.13, 2.5, 2.37, 2.38, 2.28, 1.98, 2.29, 2.59, 2.87, 2.7, 2.06, 2.51, 3.47, 3.0, 2.67, 2.84, 2.91, 2.61, 1.85, 1.96, 1.38, 2.27, 3.58, 3.75, 3.19, 2.74, 3.23, 3.46, 3.6, 3.23, 2.53, 2.13, 1.62, 0, 1.51, 1.66, 2.06, 1.85, 1.86, 1.49, 2.04, 2.41, 2.36, 2.42, 2.29, 2.43, 2.3, 1.82, 1.72, 1.68, 1.65, 1.53, 1.77, 2.29, 2.87, 3.09, 2.95, 2.34, 1.94, 1.79, 2.09, 2.35, 2.18, 2.01, 2.24, 2.01], [5.004, 5.667, 6.09, 5.62, 5.25, 4.71, 5.12, 4.19, 2.92, 2.79, 3.1, 2.89, 2.49, 2.15, 1.22, 1.12, 1.48, 1.88, 2.04, 1.6, 1.44, 1.91, 2.1, 1.73, 1.53, 1.29, 1.82, 2.2, 2.48, 2.51, 1.83, 2.4, 3.1, 2.53, 2.2, 2.31, 2.42, 2.38, 1.84, 1.49, 1.21, 2.18, 3.73, 3.62, 2.94, 2.49, 3.24, 3.39, 3.43, 2.9, 2.24, 2.2, 2.07, 1.51, 0, 1.05, 1.73, 1.82, 1.49, 0.98, 0.97, 2.08, 2.25, 2.37, 1.92, 1.84, 1.69, 1.43, 1.41, 1.47, 1.18, 1.34, 1.42, 2.08, 2.76, 3.18, 2.98, 2.37, 1.83, 2.14, 2.82, 2.94, 2.53, 2.26, 2.13, 2.2], [4.32, 4.8, 5.22, 4.91, 4.62, 4.24, 4.61, 4.04, 3.01, 2.96, 3.19, 2.84, 2.42, 1.94, 1.47, 1.616, 1.71, 2.35, 2.53, 2.01, 1.77, 2.52, 2.53, 2.04, 1.96, 1.24, 1.33, 1.65, 1.91, 1.88, 1.12, 1.73, 2.61, 2.14, 1.89, 2.12, 2.09, 1.99, 1.65, 1.24, 1.16, 1.69, 3.1, 3.01, 2.31, 2.06, 2.87, 3.04, 3.02, 2.73, 2.25, 1.91, 1.82, 1.66, 1.05, 0, 1.14, 1.53, 1.54, 1.19, 1.38, 2.91, 3.1, 3.16, 2.55, 2.35, 2.38, 2.22, 1.96, 1.98, 1.91, 1.87, 1.75, 1.99, 2.65, 2.97, 2.83, 2.0, 1.68, 2.37, 3.03, 2.91, 2.66, 2.17, 2.18, 2.33], [4.22, 4.74, 4.84, 4.67, 4.66, 4.36, 4.77, 4.3, 2.91, 2.88, 3.01, 2.62, 2.3, 1.98, 1.65, 2.23, 2.13, 2.59, 2.87, 2.63, 2.45, 3.0, 2.91, 2.62, 2.44, 1.7, 1.57, 1.69, 2.03, 2.0, 1.16, 1.87, 2.83, 2.36, 2.13, 2.4, 2.33, 2.07, 1.85, 1.72, 1.72, 2.01, 3.18, 3.23, 2.49, 2.24, 2.85, 3.22, 3.22, 2.85, 2.39, 1.93, 1.82, 2.06, 1.73, 1.14, 0, 1.23, 1.84, 1.43, 2.02, 3.45, 3.6, 3.66, 3.11, 2.83, 2.86, 2.76, 2.58, 2.44, 2.33, 2.15, 1.85, 2.25, 2.75, 3.09, 3.01, 2.26, 1.94, 2.43, 3.07, 2.77, 2.48, 2.11, 2.1, 2.27], [4.97, 5.47, 5.67, 5.34, 5.37, 5.01, 5.46, 4.89, 3.36, 3.21, 3.4, 3.07, 2.83, 2.51, 1.66, 2.0, 2.06, 2.36, 2.58, 2.44, 2.32, 2.43, 2.32, 2.21, 2.13, 1.93, 2.04, 2.3, 2.66, 2.59, 1.69, 2.58, 3.56, 3.07, 2.8, 3.03, 3.0, 2.74, 2.32, 2.19, 2.01, 2.66, 3.87, 3.88, 3.24, 2.95, 3.56, 3.97, 3.99, 3.56, 2.76, 2.46, 2.05, 1.85, 1.82, 1.53, 1.23, 0, 1.11, 1.32, 1.87, 2.78, 2.97, 2.95, 2.58, 2.16, 2.25, 2.25, 1.99, 2.05, 1.96, 2.14, 2.3, 2.82, 3.42, 3.78, 3.58, 2.87, 2.49, 2.54, 3.02, 2.92, 2.61, 2.46, 2.63, 2.6], [5.4, 5.88, 6.26, 5.95, 5.82, 5.44, 5.81, 5.34, 3.77, 3.62, 3.83, 3.52, 3.28, 2.98, 1.43, 1.59, 1.87, 2.33, 2.55, 2.35, 2.03, 2.04, 1.89, 1.84, 1.58, 1.72, 1.99, 2.63, 2.93, 2.94, 2.12, 2.95, 3.97, 3.52, 3.17, 3.38, 3.35, 3.17, 2.53, 2.3, 2.12, 2.85, 4.26, 4.37, 3.73, 3.36, 3.89, 4.24, 4.34, 3.95, 3.17, 2.89, 2.42, 1.86, 1.49, 1.54, 1.84, 1.11, 0, 0.87, 1.32, 2.31, 2.44, 2.44, 2.19, 1.83, 1.86, 1.72, 1.48, 1.7, 1.73, 2.05, 2.53, 3.25, 3.93, 4.31, 4.09, 3.32, 2.84, 3.07, 3.31, 3.21, 3.02, 2.93, 3.12, 2.93], [4.95, 5.35, 5.75, 5.46, 5.15, 4.85, 5.26, 4.75, 3.34, 3.23, 3.44, 3.17, 2.85, 2.49, 1.18, 1.28, 1.52, 1.96, 2.08, 1.82, 1.52, 1.77, 1.78, 1.63, 1.31, 1.05, 1.52, 2.02, 2.34, 2.39, 1.51, 2.32, 3.42, 2.97, 2.56, 2.85, 2.92, 2.6, 1.9, 1.81, 1.49, 2.3, 3.69, 3.84, 3.24, 2.75, 3.26, 3.59, 3.69, 3.22, 2.74, 2.38, 2.11, 1.49, 0.98, 1.19, 1.43, 1.32, 0.87, 0, 1.03, 2.38, 2.59, 2.59, 2.12, 1.82, 1.79, 1.73, 1.51, 1.55, 1.6, 1.66, 1.94, 2.72, 3.34, 3.72, 3.52, 2.73, 2.21, 2.62, 3.3, 3.26, 2.85, 2.5, 2.53, 2.62], [5.42, 5.88, 6.4, 6.05, 5.68, 5.12, 5.51, 4.66, 3.27, 3.22, 3.49, 3.24, 2.94, 2.66, 1.61, 0.99, 1.35, 1.73, 1.91, 1.81, 1.39, 1.5, 1.75, 1.38, 1.2, 1.4, 2.13, 2.63, 2.83, 2.78, 2.08, 2.73, 3.43, 2.96, 2.49, 2.7, 2.75, 2.65, 2.03, 1.8, 1.68, 2.57, 4.08, 4.09, 3.39, 2.94, 3.57, 3.82, 3.84, 3.31, 2.79, 2.77, 2.56, 2.04, 0.97, 1.38, 2.02, 1.87, 1.32, 1.03, 0, 1.73, 1.9, 2.08, 1.51, 1.45, 1.52, 1.32, 1.14, 1.28, 1.33, 1.47, 2.03, 2.71, 3.31, 3.71, 3.53, 2.9, 2.4, 2.73, 3.37, 3.35, 3.08, 2.65, 2.62, 2.69], [6.89, 7.504, 7.963, 7.6, 7.13, 6.53, 6.98, 5.31, 3.64, 3.63, 3.88, 3.93, 3.69, 3.69, 2.22, 1.72, 2.12, 1.92, 1.94, 2.38, 2.52, 1.79, 1.78, 1.79, 2.07, 2.95, 3.76, 4.2, 4.38, 4.27, 3.63, 4.28, 4.95, 4.27, 3.74, 3.65, 3.6, 3.52, 3.16, 3.11, 2.89, 3.94, 5.43, 5.46, 4.72, 4.39, 4.98, 5.07, 4.97, 4.48, 3.66, 3.9, 3.35, 2.41, 2.08, 2.91, 3.45, 2.78, 2.31, 2.38, 1.73, 0, 0.83, 1.07, 1.0, 1.4, 1.33, 1.21, 1.37, 1.47, 1.52, 2.12, 2.76, 3.4, 3.84, 4.16, 3.92, 3.79, 3.47, 2.9, 3.1, 3.42, 3.25, 3.38, 3.39, 2.9], [7.019, 7.68, 8.151, 7.75, 7.26, 6.68, 7.13, 5.64, 3.71, 3.72, 4.09, 4.14, 3.96, 3.92, 2.43, 1.89, 2.33, 2.07, 2.21, 2.55, 2.57, 1.92, 1.87, 1.98, 2.28, 3.12, 3.95, 4.37, 4.55, 4.44, 3.86, 4.49, 5.17, 4.5, 4.03, 4.06, 4.09, 3.87, 3.29, 3.24, 3.0, 3.99, 5.52, 5.61, 4.91, 4.6, 5.17, 5.24, 5.3, 4.73, 3.87, 3.99, 3.34, 2.36, 2.25, 3.1, 3.6, 2.97, 2.44, 2.59, 1.9, 0.83, 0, 0.86, 1.19, 1.67, 1.52, 1.2, 1.56, 1.7, 1.75, 2.21, 2.87, 3.73, 4.25, 4.53, 4.29, 3.9, 3.52, 3.09, 3.33, 3.61, 3.48, 3.41, 3.62, 3.19], [7.06, 7.7, 8.153, 7.77, 7.28, 6.7, 7.17, 6.08, 4.19, 3.84, 4.19, 4.28, 4.14, 4.06, 2.51, 2.13, 2.59, 2.41, 2.47, 2.87, 2.77, 1.98, 1.77, 2.16, 2.52, 3.24, 4.03, 4.41, 4.67, 4.66, 3.9, 4.53, 5.29, 4.64, 4.27, 4.38, 4.41, 4.19, 3.45, 3.48, 3.16, 4.05, 5.64, 5.67, 5.03, 4.62, 5.39, 5.58, 5.56, 4.97, 4.07, 4.21, 3.46, 2.42, 2.37, 3.16, 3.66, 2.95, 2.44, 2.59, 2.08, 1.07, 0.86, 0, 1.01, 1.31, 1.32, 1.18, 1.52, 1.86, 1.97, 2.41, 3.25, 4.05, 4.67, 4.85, 4.73, 4.22, 3.74, 3.35, 3.47, 3.67, 3.48, 3.41, 3.8, 3.41], [6.57, 7.164, 7.623, 7.28, 6.79, 6.21, 6.68, 5.49, 3.66, 3.57, 3.88, 3.77, 3.45, 3.37, 2.0, 1.5, 1.9, 1.84, 1.9, 2.18, 2.2, 1.55, 1.5, 1.63, 1.97, 2.65, 3.44, 3.9, 4.08, 3.95, 3.31, 3.96, 4.72, 4.09, 3.66, 3.81, 3.82, 3.62, 2.98, 2.93, 2.61, 3.58, 5.09, 5.14, 4.4, 4.07, 4.68, 4.93, 4.89, 4.44, 3.48, 3.56, 2.99, 2.29, 1.92, 2.55, 3.11, 2.58, 2.19, 2.12, 1.51, 1.0, 1.19, 1.01, 0, 0.8, 0.99, 0.93, 1.33, 1.67, 1.62, 1.94, 2.66, 3.48, 4.04, 4.18, 4.04, 3.47, 3.13, 2.9, 3.52, 3.68, 3.41, 3.06, 3.09, 2.96], [6.37, 6.93, 7.39, 7.02, 6.67, 6.05, 6.54, 5.65, 4.0, 3.81, 3.98, 3.81, 3.45, 3.31, 1.88, 1.48, 2.1, 2.16, 2.08, 2.3, 2.22, 1.59, 1.56, 1.59, 1.99, 2.47, 3.08, 3.68, 3.94, 3.95, 3.09, 3.82, 4.56, 4.07, 3.74, 3.85, 3.86, 3.64, 2.98, 2.81, 2.61, 3.62, 5.13, 5.04, 4.34, 4.01, 4.78, 5.03, 5.05, 4.5, 3.58, 3.7, 3.15, 2.43, 1.84, 2.35, 2.83, 2.16, 1.83, 1.82, 1.45, 1.4, 1.67, 1.31, 0.8, 0, 0.67, 1.03, 1.53, 1.83, 1.84, 2.18, 2.84, 3.62, 4.2, 4.34, 4.24, 3.61, 3.27, 3.04, 3.64, 3.6, 3.29, 3.18, 3.25, 3.26], [6.28, 6.92, 7.336, 6.95, 6.48, 5.86, 6.37, 5.32, 3.77, 3.58, 3.83, 3.74, 3.28, 3.26, 1.85, 1.37, 1.99, 2.07, 2.03, 2.03, 2.01, 1.6, 1.53, 1.68, 1.88, 2.4, 3.11, 3.51, 3.79, 3.8, 3.04, 3.69, 4.53, 3.9, 3.57, 3.62, 3.67, 3.59, 2.87, 2.68, 2.38, 3.39, 4.9, 4.91, 4.23, 3.86, 4.65, 4.82, 4.88, 4.31, 3.41, 3.53, 3.1, 2.3, 1.69, 2.38, 2.86, 2.25, 1.86, 1.79, 1.52, 1.33, 1.52, 1.32, 0.99, 0.67, 0, 0.82, 1.34, 1.7, 1.63, 2.11, 2.69, 3.41, 3.95, 4.09, 3.99, 3.46, 3.06, 2.89, 3.45, 3.55, 3.14, 3.07, 3.02, 3.11], [6.18, 6.819, 7.293, 6.89, 6.4, 5.82, 6.27, 5.12, 3.39, 3.22, 3.65, 3.6, 3.16, 3.1, 1.71, 1.27, 1.73, 1.83, 1.89, 1.91, 1.97, 1.58, 1.57, 1.72, 1.72, 2.32, 3.07, 3.51, 3.71, 3.62, 2.96, 3.63, 4.45, 3.8, 3.39, 3.5, 3.53, 3.39, 2.73, 2.58, 2.14, 3.09, 4.66, 4.75, 4.09, 3.72, 4.39, 4.56, 4.62, 4.11, 3.09, 3.21, 2.66, 1.82, 1.43, 2.22, 2.76, 2.25, 1.72, 1.73, 1.32, 1.21, 1.2, 1.18, 0.93, 1.03, 0.82, 0, 0.96, 1.28, 1.27, 1.67, 2.35, 3.11, 3.69, 3.93, 3.79, 3.16, 2.78, 2.63, 3.21, 3.43, 3.02, 2.91, 2.8, 2.73], [5.82, 6.439, 6.913, 6.53, 6.04, 5.52, 5.93, 4.9, 3.29, 3.18, 3.45, 3.34, 3.18, 3.06, 1.69, 1.41, 1.55, 1.71, 1.95, 2.05, 1.91, 1.46, 1.73, 1.72, 1.56, 1.94, 2.77, 3.19, 3.41, 3.36, 2.66, 3.33, 3.99, 3.4, 2.87, 3.1, 3.19, 3.01, 2.33, 2.2, 1.96, 2.81, 4.36, 4.53, 3.91, 3.44, 4.09, 4.24, 4.22, 3.61, 2.87, 3.03, 2.46, 1.72, 1.41, 1.96, 2.58, 1.99, 1.48, 1.51, 1.14, 1.37, 1.56, 1.52, 1.33, 1.53, 1.34, 0.96, 0, 0.84, 0.91, 1.37, 2.15, 2.93, 3.57, 3.93, 3.69, 3.14, 2.6, 2.61, 2.93, 3.09, 2.9, 2.67, 2.86, 2.65], [5.7, 6.32, 6.78, 6.35, 5.9, 5.46, 5.81, 4.62, 2.97, 2.96, 3.31, 3.24, 3.04, 2.9, 1.69, 1.49, 1.49, 1.55, 1.79, 1.99, 2.03, 1.72, 1.99, 1.96, 1.68, 1.9, 2.67, 3.11, 3.31, 3.22, 2.52, 3.15, 3.91, 3.26, 2.65, 2.84, 2.95, 2.59, 2.17, 2.06, 1.86, 2.85, 4.28, 4.37, 3.83, 3.28, 3.83, 3.88, 3.88, 3.33, 2.67, 2.81, 2.22, 1.68, 1.47, 1.98, 2.44, 2.05, 1.7, 1.55, 1.28, 1.47, 1.7, 1.86, 1.67, 1.83, 1.7, 1.28, 0.84, 0, 0.73, 1.17, 1.77, 2.55, 3.13, 3.49, 3.21, 2.88, 2.44, 2.19, 2.57, 2.85, 2.68, 2.55, 2.68, 2.25], [5.73, 6.43, 6.73, 6.38, 5.97, 5.45, 5.84, 4.57, 2.98, 2.91, 3.32, 3.19, 2.85, 2.61, 1.52, 1.28, 1.3, 1.5, 1.7, 1.74, 1.82, 1.81, 1.96, 1.77, 1.53, 1.85, 2.68, 3.08, 3.34, 3.29, 2.63, 3.18, 3.76, 3.13, 2.76, 2.85, 2.94, 2.74, 2.36, 2.19, 1.91, 2.88, 4.37, 4.36, 3.62, 3.13, 3.7, 3.79, 3.87, 3.5, 2.72, 2.76, 2.43, 1.65, 1.18, 1.91, 2.33, 1.96, 1.73, 1.6, 1.33, 1.52, 1.75, 1.97, 1.62, 1.84, 1.63, 1.27, 0.91, 0.73, 0, 0.86, 1.46, 2.38, 3.04, 3.4, 3.12, 2.71, 2.39, 2.16, 2.7, 2.84, 2.59, 2.58, 2.53, 2.22], [5.39, 6.09, 6.39, 6.04, 5.65, 5.15, 5.52, 4.39, 2.7, 2.61, 3.02, 2.91, 2.59, 2.27, 1.52, 1.46, 1.42, 1.56, 1.78, 1.68, 1.82, 2.13, 2.3, 1.99, 1.89, 1.83, 2.46, 2.84, 3.08, 3.03, 2.39, 2.82, 3.4, 2.89, 2.54, 2.69, 2.76, 2.46, 2.02, 1.93, 1.75, 2.72, 4.03, 4.08, 3.38, 2.79, 3.26, 3.35, 3.61, 3.2, 2.66, 2.56, 2.23, 1.53, 1.34, 1.87, 2.15, 2.14, 2.05, 1.66, 1.47, 2.12, 2.21, 2.41, 1.94, 2.18, 2.11, 1.67, 1.37, 1.17, 0.86, 0, 1.08, 1.98, 2.7, 2.98, 2.78, 2.37, 2.07, 2.0, 2.62, 2.74, 2.55, 2.26, 2.29, 2.14], [4.67, 5.37, 5.67, 5.34, 4.95, 4.43, 4.82, 3.53, 2.12, 2.15, 2.5, 2.29, 1.97, 1.63, 1.64, 1.9, 1.8, 1.9, 2.08, 1.88, 2.24, 2.83, 3.14, 2.63, 2.45, 2.05, 2.24, 2.3, 2.68, 2.57, 1.83, 2.14, 2.66, 2.15, 1.82, 1.85, 1.94, 1.82, 1.48, 1.51, 1.41, 2.36, 3.37, 3.38, 2.6, 2.13, 2.6, 2.67, 2.95, 2.5, 1.92, 1.9, 2.11, 1.77, 1.42, 1.75, 1.85, 2.3, 2.53, 1.94, 2.03, 2.76, 2.87, 3.25, 2.66, 2.84, 2.69, 2.35, 2.15, 1.77, 1.46, 1.08, 0, 1.14, 1.8, 2.16, 1.92, 1.59, 1.33, 1.4, 2.22, 2.28, 1.99, 1.84, 1.63, 1.84], [3.97, 4.67, 5.03, 4.64, 4.25, 3.73, 4.12, 2.71, 1.82, 1.99, 2.12, 1.97, 1.55, 1.27, 2.32, 2.679, 2.52, 2.56, 2.576, 2.34, 2.78, 3.67, 3.96, 3.41, 3.11, 2.55, 2.36, 2.14, 2.52, 2.41, 1.79, 1.74, 2.08, 1.53, 1.2, 1.27, 1.28, 1.34, 1.58, 1.49, 1.63, 2.1, 2.69, 2.72, 1.98, 1.67, 2.16, 2.13, 2.19, 1.9, 1.54, 1.64, 2.21, 2.29, 2.08, 1.99, 2.25, 2.82, 3.25, 2.72, 2.71, 3.4, 3.73, 4.05, 3.48, 3.62, 3.41, 3.11, 2.93, 2.55, 2.38, 1.98, 1.14, 0, 0.9, 1.3, 1.26, 1.07, 0.99, 1.58, 2.14, 2.24, 1.93, 1.82, 1.47, 1.78], [3.55, 4.19, 4.63, 4.16, 3.79, 3.25, 3.68, 2.07, 1.64, 1.87, 1.78, 1.69, 1.49, 1.35, 2.93, 3.236, 3.1, 3.096, 3.136, 2.979, 3.34, 4.29, 4.6, 4.05, 3.85, 3.23, 3.02, 2.7, 2.88, 2.55, 2.23, 1.86, 1.98, 1.47, 1.2, 1.13, 1.06, 1.3, 1.88, 1.91, 2.21, 2.24, 2.35, 2.24, 1.74, 1.63, 1.74, 1.87, 1.97, 1.72, 1.64, 1.76, 2.35, 2.87, 2.76, 2.65, 2.75, 3.42, 3.93, 3.34, 3.31, 3.84, 4.25, 4.67, 4.04, 4.2, 3.95, 3.69, 3.57, 3.13, 3.04, 2.7, 1.8, 0.9, 0, 0.68, 0.9, 1.11, 1.33, 1.78, 2.22, 2.32, 2.05, 1.96, 1.39, 1.9], [3.33, 3.95, 4.39, 3.94, 3.57, 3.01, 3.48, 2.09, 1.82, 2.01, 1.88, 1.75, 1.55, 1.59, 3.18, 3.485, 3.44, 3.445, 3.405, 3.079, 3.74, 4.67, 4.92, 4.41, 4.23, 3.63, 3.38, 2.94, 3.02, 2.67, 2.57, 2.06, 2.04, 1.67, 1.52, 1.53, 1.44, 1.42, 2.1, 2.27, 2.63, 2.5, 2.41, 2.16, 1.76, 1.91, 2.02, 2.07, 2.11, 2.06, 1.96, 2.14, 2.63, 3.09, 3.18, 2.97, 3.09, 3.78, 4.31, 3.72, 3.71, 4.16, 4.53, 4.85, 4.18, 4.34, 4.09, 3.93, 3.93, 3.49, 3.4, 2.98, 2.16, 1.3, 0.68, 0, 0.7, 1.25, 1.69, 1.9, 2.4, 2.44, 2.13, 2.12, 1.57, 2.02], [3.49, 4.15, 4.57, 4.12, 3.75, 3.21, 3.62, 2.15, 1.66, 2.01, 2.06, 1.89, 1.61, 1.61, 2.98, 3.294, 3.191, 3.159, 3.176, 3.059, 3.6, 4.41, 4.66, 4.15, 4.01, 3.49, 3.28, 2.8, 2.96, 2.67, 2.53, 2.1, 2.2, 1.71, 1.6, 1.45, 1.44, 1.3, 1.88, 2.13, 2.49, 2.42, 2.57, 2.32, 1.8, 1.95, 2.12, 2.03, 2.21, 2.08, 2.0, 2.2, 2.51, 2.95, 2.98, 2.83, 3.01, 3.58, 4.09, 3.52, 3.53, 3.92, 4.29, 4.73, 4.04, 4.24, 3.99, 3.79, 3.69, 3.21, 3.12, 2.78, 1.92, 1.26, 0.9, 0.7, 0, 1.03, 1.59, 1.84, 2.42, 2.54, 2.17, 2.16, 1.63, 2.02], [3.34, 3.98, 4.42, 3.99, 3.56, 3.1, 3.49, 2.46, 1.83, 1.94, 2.11, 1.86, 1.42, 1.3, 2.32, 2.749, 2.65, 2.809, 3.026, 2.564, 2.81, 3.72, 3.95, 3.46, 3.34, 2.7, 2.47, 2.11, 2.27, 2.0, 1.72, 1.59, 2.03, 1.42, 1.21, 1.3, 1.43, 1.39, 1.53, 1.52, 1.76, 1.79, 2.08, 2.01, 1.45, 1.58, 1.95, 1.88, 2.16, 1.91, 1.65, 1.59, 2.08, 2.34, 2.37, 2.0, 2.26, 2.87, 3.32, 2.73, 2.9, 3.79, 3.9, 4.22, 3.47, 3.61, 3.46, 3.16, 3.14, 2.88, 2.71, 2.37, 