[[0, 1.08, 1.08, 1.28, 3.24, 3.79, 4.13, 4.59, 4.62, 4.93, 5.26, 5.78, 5.18, 4.85, 4.73, 5.4, 6.0, 6.27, 6.82, 6.87, 6.89, 6.84, 6.94, 6.97, 6.71, 6.36, 4.39, 2.84, 5.04, 6.842, 6.575, 6.15, 6.107, 6.653, 6.92, 7.057, 7.918, 7.601, 6.699, 6.767, 6.391, 5.802, 5.499, 5.7, 5.852, 6.18, 7.013, 6.77, 6.33, 5.97, 6.82, 6.61, 6.724, 8.557, 9.075, 8.648, 8.158, 8.052, 7.739, 7.369, 7.333, 6.713, 7.046, 8.29, 9.487, 10.06, 10.32, 10.98, 10.173, 7.653, 6.104, 5.78, 6.2, 7.1, 6.51, 5.51, 4.93, 4.68, 4.86, 5.54, 5.23, 4.42, 3.5, 2.07, 1.29, 1.56], [1.08, 0, 0.64, 1.26, 2.92, 3.85, 4.37, 4.73, 4.92, 5.03, 5.42, 5.82, 5.38, 5.09, 4.85, 5.5, 6.14, 6.41, 6.9, 7.01, 6.99, 6.86, 6.96, 7.05, 6.63, 6.3, 4.35, 2.74, 4.62, 6.76, 6.484, 5.75, 5.63, 6.348, 6.595, 6.675, 7.49, 7.205, 6.386, 6.354, 5.886, 5.38, 5.04, 5.2, 5.386, 5.72, 6.61, 6.41, 5.91, 5.55, 6.394, 6.184, 6.304, 8.117, 8.685, 8.235, 7.808, 7.722, 7.474, 7.124, 7.031, 6.371, 6.721, 7.968, 8.987, 9.56, 9.875, 10.489, 9.688, 7.271, 5.89, 5.34, 5.78, 6.66, 6.11, 5.23, 4.55, 4.28, 4.58, 5.1, 4.83, 4.04, 3.04, 1.65, 0.87, 1.18], [1.08, 0.64, 0, 1.3, 2.94, 3.85, 4.43, 4.79, 4.96, 5.05, 5.46, 5.86, 5.38, 5.09, 4.93, 5.56, 6.16, 6.43, 6.9, 6.97, 6.99, 6.8, 6.96, 7.11, 6.81, 6.4, 4.53, 2.68, 4.78, 7.005, 6.584, 5.959, 5.81, 6.465, 6.792, 6.852, 7.684, 7.453, 6.58, 6.625, 6.22, 5.724, 5.413, 5.557, 5.66, 6.017, 6.904, 6.67, 6.21, 5.85, 6.691, 6.481, 6.604, 8.348, 8.859, 8.409, 7.922, 7.836, 7.571, 7.221, 7.148, 6.548, 6.838, 8.125, 9.242, 9.794, 10.072, 10.723, 9.907, 7.568, 6.09, 5.56, 6.06, 6.88, 6.31, 5.37, 4.69, 4.52, 4.7, 5.3, 4.95, 4.2, 3.22, 1.91, 0.93, 0.98], [1.28, 1.26, 1.3, 0, 2.22, 3.09, 3.61, 4.01, 4.14, 4.29, 4.7, 5.12, 4.48, 4.29, 4.11, 4.8, 5.36, 5.59, 6.1, 5.95, 5.97, 6.0, 6.18, 6.29, 6.09, 5.46, 3.61, 2.5, 4.3, 6.314, 5.95, 5.453, 5.31, 5.919, 6.266, 6.403, 7.212, 6.921, 5.988, 6.099, 5.748, 5.175, 4.868, 5.1, 5.166, 5.5, 6.316, 6.07, 5.63, 5.27, 6.12, 5.91, 6.03, 7.782, 8.364, 7.897, 7.407, 7.301, 7.005, 6.635, 6.562, 6.002, 6.289, 7.619, 8.759, 9.332, 9.606, 10.263, 9.444, 7.016, 5.45, 5.06, 5.56, 6.46, 5.83, 4.81, 4.27, 4.04, 4.14, 4.86, 4.51, 3.7, 2.8, 1.65, 1.45, 1.56], [3.24, 2.92, 2.94, 2.22, 0, 1.19, 1.87, 2.21, 2.24, 2.45, 2.78, 3.14, 2.8, 2.61, 2.43, 2.92, 3.5, 3.75, 4.2, 4.21, 4.25, 4.14, 4.26, 4.43, 4.25, 3.84, 2.65, 1.84, 2.32, 4.354, 3.878, 3.336, 3.15, 3.799, 4.206, 4.286, 5.055, 4.798, 4.022, 4.05, 3.628, 3.117, 2.88, 3.02, 3.1, 3.4, 4.264, 4.001, 3.59, 3.33, 4.06, 3.93, 4.15, 5.688, 6.227, 5.74, 5.236, 5.13, 4.848, 4.481, 4.408, 3.902, 4.195, 5.53, 6.613, 7.149, 7.449, 8.086, 7.262, 5.002, 3.37, 3.08, 3.48, 4.34, 3.71, 2.91, 2.57, 2.42, 2.34, 2.84, 2.45, 1.94, 2.1, 2.51, 3.19, 3.34], [3.79, 3.85, 3.85, 3.09, 1.19, 0, 1.28, 1.66, 1.69, 1.76, 1.83, 2.35, 2.43, 2.02, 1.96, 2.23, 2.59, 2.76, 3.21, 3.42, 3.42, 3.17, 3.29, 3.46, 3.42, 3.17, 2.62, 2.09, 2.01, 3.615, 3.082, 2.7, 2.58, 3.134, 3.49, 3.633, 4.387, 4.161, 3.383, 3.433, 3.008, 2.78, 2.71, 2.61, 2.67, 2.91, 3.66, 3.46, 3.12, 3.16, 3.81, 3.66, 3.9, 5.058, 5.542, 5.035, 4.485, 4.399, 4.049, 3.679, 3.797, 3.266, 3.513, 4.834, 6.0, 6.516, 6.796, 7.436, 6.629, 4.383, 2.74, 2.75, 2.93, 3.71, 3.2, 2.54, 2.42, 2.25, 2.31, 2.49, 2.28, 2.03, 2.61, 3.24, 4.06, 3.85], [4.13, 4.37, 4.43, 3.61, 1.87, 1.28, 0, 1.24, 1.61, 1.68, 1.61, 2.35, 2.11, 1.92, 1.94, 1.93, 2.31, 2.72, 3.13, 3.48, 3.48, 3.29, 3.23, 3.44, 3.58, 3.47, 2.64, 2.51, 2.35, 3.633, 3.13, 2.74, 2.68, 3.06, 3.41, 3.63, 4.282, 4.021, 3.56, 3.503, 3.14, 3.0, 3.15, 2.93, 3.07, 3.21, 3.82, 3.64, 3.42, 3.56, 4.17, 4.06, 4.24, 5.048, 5.476, 5.001, 4.411, 4.285, 3.92, 3.49, 3.7, 3.48, 3.55, 4.78, 5.96, 6.382, 6.662, 7.282, 6.554, 4.393, 3.02, 3.15, 3.23, 3.77, 3.38, 2.96, 2.84, 2.89, 2.75, 2.77, 2.6, 2.55, 2.97, 3.54, 4.58, 4.43], [4.59, 4.73, 4.79, 4.01, 2.21, 1.66, 1.24, 0, 1.09, 1.26, 1.29, 1.69, 1.55, 1.3, 1.5, 1.55, 1.97, 2.32, 2.85, 2.94, 3.04, 2.91, 2.91, 3.14, 3.22, 3.07, 2.38, 2.53, 1.97, 3.275, 2.89, 2.48, 2.28, 2.8, 3.17, 3.343, 3.964, 3.978, 3.52, 3.509, 2.96, 3.14, 3.41, 3.23, 3.27, 3.39, 4.02, 3.96, 3.8, 4.12, 4.55, 4.4, 4.66, 4.942, 5.229, 4.845, 4.39, 4.29, 3.94, 3.39, 3.82, 3.54, 3.67, 4.52, 5.72, 6.161, 6.361, 7.001, 6.302, 4.219, 3.04, 3.33, 3.45, 3.91, 3.5, 3.32, 3.42, 3.47, 3.41, 3.35, 3.16, 3.07, 3.35, 4.06, 5.04, 4.77], [4.62, 4.92, 4.96, 4.14, 2.24, 1.69, 1.61, 1.09, 0, 1.07, 1.24, 1.62, 1.46, 1.31, 1.45, 1.6, 1.88, 2.13, 2.62, 2.59, 2.69, 2.62, 2.66, 2.95, 2.99, 2.66, 2.21, 2.52, 1.78, 3.095, 2.682, 2.31, 2.13, 2.71, 3.06, 3.119, 3.794, 3.865, 3.35, 3.36, 2.95, 3.17, 3.36, 3.3, 3.26, 3.4, 4.05, 4.07, 3.89, 4.19, 4.7, 4.41, 4.73, 5.01, 5.288, 4.936, 4.46, 4.32, 3.95, 3.66, 3.93, 3.53, 3.64, 4.45, 5.67, 6.12, 6.34, 6.98, 6.235, 4.09, 3.11, 3.38, 3.68, 4.1, 3.69, 3.51, 3.63, 3.62, 3.58, 3.58, 3.45, 3.3, 3.82, 4.45, 5.31, 5.1], [4.93, 5.03, 5.05, 4.29, 2.45, 1.76, 1.68, 1.26, 1.07, 0, 0.83, 1.21, 1.27, 1.34, 1.24, 1.19, 1.43, 1.96, 2.39, 2.56, 2.56, 2.45, 2.43, 2.82, 2.8, 2.49, 2.1, 2.57, 1.69, 2.968, 2.567, 2.28, 2.12, 2.68, 2.91, 3.09, 3.836, 3.793, 3.3, 3.21, 2.82, 3.18, 3.47, 3.23, 3.23, 3.29, 3.9, 3.98, 3.92, 4.26, 4.67, 4.46, 4.62, 4.84, 5.113, 4.76, 4.29, 4.15, 3.86, 3.61, 3.94, 3.54, 3.53, 4.28, 5.54, 6.05, 6.31, 6.933, 6.14, 3.92, 3.08, 3.55, 3.67, 4.01, 3.72, 3.62, 3.74, 3.67, 3.71, 3.75, 3.56, 3.35, 3.87, 4.58, 5.36, 5.13], [5.26, 5.42, 5.46, 4.7, 2.78, 1.83, 1.61, 1.29, 1.24, 0.83, 0, 0.9, 1.36, 1.39, 1.31, 1.06, 1.18, 1.71, 2.1, 2.51, 2.45, 2.26, 2.18, 2.47, 2.51, 2.38, 2.37, 2.92, 1.6, 2.572, 2.174, 1.95, 1.81, 2.29, 2.5, 2.66, 3.386, 3.397, 2.97, 2.94, 2.63, 3.01, 3.34, 3.1, 2.92, 2.96, 3.59, 3.77, 3.67, 4.01, 4.52, 4.27, 4.51, 4.43, 4.688, 4.35, 3.88, 3.82, 3.59, 3.28, 3.73, 3.29, 3.24, 3.85, 5.001, 5.506, 5.766, 6.406, 5.639, 3.63, 2.89, 3.4, 3.54, 3.86, 3.49, 3.43, 3.53, 3.58, 3.58, 3.54, 3.43, 3.28, 3.9, 4.67, 5.65, 5.38], [5.78, 5.82, 5.86, 5.12, 3.14, 2.35, 2.35, 1.69, 1.62, 1.21, 0.9, 0, 1.06, 1.31, 1.53, 1.26, 1.32, 1.63, 2.0, 2.37, 2.37, 2.14, 2.12, 2.51, 2.55, 2.24, 2.51, 3.34, 1.88, 2.73, 2.34, 2.23, 2.13, 2.49, 2.76, 2.84, 3.54, 3.56, 3.35, 3.28, 3.15, 3.59, 3.94, 3.72, 3.48, 3.44, 4.09, 4.25, 4.19, 4.63, 5.14, 4.89, 5.11, 4.85, 4.894, 4.59, 4.28, 4.22, 4.05, 3.76, 4.27, 3.83, 3.72, 4.11, 5.15, 5.591, 5.9, 6.451, 5.721, 3.93, 3.45, 3.94, 4.12, 4.46, 4.07, 4.03, 4.17, 4.16, 4.12, 4.12, 3.95, 3.78, 4.46, 5.23, 6.07, 5.8], [5.18, 5.38, 5.38, 4.48, 2.8, 2.43, 2.11, 1.55, 1.46, 1.27, 1.36, 1.06, 0, 0.81, 1.11, 1.2, 1.48, 2.01, 2.44, 2.53, 2.45, 2.54, 2.54, 2.99, 3.09, 2.64, 1.83, 2.94, 2.02, 3.306, 2.896, 2.67, 2.35, 2.85, 3.251, 3.351, 4.008, 3.954, 3.59, 3.6, 3.53, 3.91, 4.26, 4.08, 3.82, 3.74, 4.45, 4.53, 4.45, 4.91, 5.46, 5.19, 5.45, 5.25, 5.422, 5.03, 4.68, 4.52, 4.39, 4.2, 4.53, 4.05, 4.12, 4.85, 5.89, 6.3, 6.44, 7.111, 6.449, 4.51, 3.75, 4.24, 4.54, 4.88, 4.49, 4.39, 4.53, 4.5, 4.42, 4.38, 4.17, 4.1, 4.38, 4.95, 5.61, 5.38], [4.85, 5.09, 5.09, 4.29, 2.61, 2.02, 1.92, 1.3, 1.31, 1.34, 1.39, 1.31, 0.81, 0, 0.76, 1.07, 1.57, 1.96, 2.45, 2.56, 2.6, 2.53, 2.51, 2.92, 3.0, 2.67, 1.72, 2.59, 1.71, 3.119, 2.709, 2.52, 2.14, 2.62, 3.043, 3.163, 3.824, 3.784, 3.2, 3.31, 3.3, 3.54, 3.81, 3.63, 3.39, 3.33, 4.12, 4.04, 4.02, 4.52, 5.05, 4.8, 5.02, 4.98, 5.209, 4.825, 4.45, 4.29, 4.16, 3.97, 4.26, 3.66, 3.73, 4.68, 5.76, 6.19, 6.31, 6.981, 6.302, 4.38, 3.4, 3.83, 4.07, 4.55, 4.02, 3.96, 4.1, 4.09, 4.01, 3.97, 3.76, 3.67, 3.89, 4.56, 5.4, 5.13], [4.73, 4.85, 4.93, 4.11, 2.43, 1.96, 1.94, 1.5, 1.45, 1.24, 1.31, 1.53, 1.11, 0.76, 0, 0.79, 1.53, 2.12, 2.59, 2.74, 2.7, 2.61, 2.63, 2.88, 2.92, 2.67, 1.48, 2.43, 1.37, 2.865, 2.475, 2.32, 2.02, 2.48, 2.764, 2.933, 3.756, 3.579, 2.92, 3.07, 3.0, 3.16, 3.49, 3.43, 3.05, 3.01, 3.82, 3.78, 3.7, 4.18, 4.77, 4.48, 4.76, 4.74, 5.042, 4.64, 4.19, 4.03, 3.94, 3.77, 4.04, 3.42, 3.45, 4.48, 5.54, 6.03, 6.21, 6.87, 6.129, 4.12, 3.08, 3.49, 3.77, 4.25, 3.8, 3.68, 3.8, 3.71, 3.69, 3.73, 3.46, 3.33, 3.49, 4.38, 5.26, 5.01], [5.4, 5.5, 5.56, 4.8, 2.92, 2.23, 1.93, 1.55, 1.6, 1.19, 1.06, 1.26, 1.2, 1.07, 0.79, 0, 0.94, 1.69, 2.1, 2.37, 2.31, 2.08, 2.08, 2.39, 2.45, 2.3, 1.95, 3.02, 1.54, 2.51, 2.1, 2.01, 1.71, 2.07, 2.36, 2.5, 3.283, 3.16, 2.81, 2.88, 2.87, 3.19, 3.62, 3.54, 3.24, 3.16, 3.85, 3.81, 3.89, 4.41, 4.86, 4.63, 4.83, 4.51, 4.666, 4.31, 3.96, 3.8, 3.75, 3.6, 3.97, 3.47, 3.46, 4.19, 5.21, 5.62, 5.78, 6.42, 5.71, 3.89, 3.23, 3.7, 3.9, 4.24, 3.89, 3.85, 4.01, 3.96, 3.92, 3.9, 3.71, 3.56, 3.94, 4.81, 5.79, 5.54], [6.0, 6.14, 6.16, 5.36, 3.5, 2.59, 2.31, 1.97, 1.88, 1.43, 1.18, 1.32, 1.48, 1.57, 1.53, 0.94, 0, 1.07, 1.48, 1.75, 1.61, 1.46, 1.48, 1.81, 1.97, 1.82, 2.47, 3.68, 2.04, 2.21, 1.94, 2.19, 1.87, 2.21, 2.44, 2.58, 3.08, 3.18, 3.15, 3.1, 3.25, 3.67, 4.1, 3.88, 3.74, 3.62, 4.17, 4.19, 4.35, 4.87, 5.32, 5.11, 5.29, 4.67, 4.44, 4.27, 4.12, 4.04, 4.01, 3.8, 4.33, 3.95, 3.84, 4.15, 4.95, 5.36, 5.48, 6.08, 5.39, 4.05, 3.67, 4.18, 4.38, 4.58, 4.33, 4.33, 4.47, 4.46, 4.42, 4.38, 4.25, 4.14, 4.8, 5.49, 6.37, 6.1], [6.27, 6.41, 6.43, 5.59, 3.75, 2.76, 2.72, 2.32, 2.13, 1.96, 1.71, 1.63, 2.01, 1.96, 2.12, 1.69, 1.07, 0, 0.77, 1.22, 1.14, 1.03, 0.97, 1.3, 1.52, 1.51, 2.76, 3.93, 2.39, 1.76, 1.53, 1.94, 1.92, 2.12, 2.29, 2.33, 2.63, 2.85, 3.02, 2.89, 3.12, 3.58, 4.07, 3.93, 3.77, 3.65, 4.16, 4.1, 4.38, 4.96, 5.19, 5.02, 5.06, 4.42, 4.01, 3.92, 3.83, 3.79, 3.72, 3.55, 4.08, 3.82, 3.71, 3.88, 4.54, 4.91, 5.15, 5.57, 4.92, 3.8, 3.62, 4.29, 4.37, 4.49, 4.28, 4.36, 4.44, 4.61, 4.55, 4.43, 4.5, 4.45, 5.17, 5.82, 6.56, 6.29], [6.82, 6.9, 6.9, 6.1, 4.2, 3.21, 3.13, 2.85, 2.62, 2.39, 2.1, 2.0, 2.44, 2.45, 2.59, 2.1, 1.48, 0.77, 0, 1.03, 1.07, 0.96, 0.9, 1.09, 1.47, 1.58, 3.21, 4.4, 2.88, 1.75, 1.58, 2.23, 2.07, 2.39, 2.54, 2.56, 2.64, 2.96, 3.09, 3.04, 3.33, 3.95, 4.32, 4.22, 4.16, 4.0, 4.31, 4.31, 4.67, 5.15, 5.32, 5.21, 5.21, 4.43, 4.0, 3.93, 3.84, 3.84, 3.75, 3.62, 4.15, 3.95, 3.88, 3.91, 4.41, 4.74, 5.1, 5.18, 4.73, 3.83, 3.81, 4.5, 4.52, 4.54, 4.35, 4.49, 4.59, 4.82, 4.82, 4.66, 4.81, 4.86, 5.58, 6.21, 6.99, 6.72], [6.87, 7.01, 6.97, 5.95, 4.21, 3.42, 3.48, 2.94, 2.59, 2.56, 2.51, 2.37, 2.53, 2.56, 2.74, 2.37, 1.75, 1.22, 1.03, 0, 0.78, 0.99, 1.15, 1.44, 1.7, 1.59, 3.22, 4.59, 3.13, 2.12, 1.85, 2.5, 2.28, 2.54, 2.75, 2.75, 2.91, 3.35, 3.5, 3.47, 3.74, 4.28, 4.71, 4.59, 4.47, 4.31, 4.72, 4.66, 4.96, 5.56, 5.73, 5.64, 5.62, 4.92, 4.55, 4.48, 4.33, 4.31, 4.22, 4.13, 4.56, 4.36, 4.29, 4.42, 5.0, 5.27, 5.65, 5.67, 5.2, 4.26, 4.2, 4.87, 4.93, 4.95, 4.76, 4.9, 5.0, 5.21, 5.11, 4.99, 5.08, 5.17, 5.91, 6.58, 7.08, 6.95], [6.89, 6.99, 6.99, 5.97, 4.25, 3.42, 3.48, 3.04, 2.69, 2.56, 2.45, 2.37, 2.45, 2.6, 2.7, 2.31, 1.61, 1.14, 1.07, 0.78, 0, 0.61, 0.81, 1.18, 1.46, 1.41, 3.14, 4.57, 3.11, 2.1, 1.91, 2.62, 2.34, 2.6, 2.83, 2.81, 2.89, 3.39, 3.54, 3.51, 3.78, 4.3, 4.69, 4.57, 4.53, 4.33, 4.78, 4.72, 5.04, 5.58, 5.77, 5.64, 5.68, 4.96, 4.59, 4.54, 4.41, 4.39, 4.34, 4.19, 4.54, 4.36, 4.35, 4.38, 4.96, 5.21, 5.51, 5.57, 5.16, 4.3, 4.26, 4.89, 4.95, 4.97, 4.8, 4.92, 5.02, 5.23, 5.19, 5.03, 5.1, 5.15, 5.87, 6.56, 7.06, 6.91], [6.84, 6.86, 6.8, 6.0, 4.14, 3.17, 3.29, 2.91, 2.62, 2.45, 2.26, 2.14, 2.54, 2.53, 2.61, 2.08, 1.46, 1.03, 0.96, 0.99, 0.61, 0, 0.46, 0.85, 1.03, 1.16, 3.05, 4.38, 2.8, 1.81, 1.58, 2.35, 2.19, 2.31, 2.52, 2.5, 2.68, 3.1, 3.27, 3.24, 3.49, 3.99, 4.4, 4.28, 4.16, 4.02, 4.47, 4.41, 4.73, 5.29, 5.5, 5.37, 5.41, 4.75, 4.36, 4.31, 4.18, 4.14, 4.11, 3.98, 4.33, 4.07, 4.04, 4.13, 4.71, 5.0, 5.3, 5.38, 4.91, 4.03, 4.01, 4.62, 4.66, 4.7, 4.57, 4.67, 4.77, 4.96, 4.94, 4.78, 4.81, 4.82, 5.54, 6.21, 6.87, 6.64], [6.94, 6.96, 6.96, 6.18, 4.26, 3.29, 3.23, 2.91, 2.66, 2.43, 2.18, 2.12, 2.54, 2.51, 2.63, 2.08, 1.48, 0.97, 0.9, 1.15, 0.81, 0.46, 0, 0.75, 0.99, 1.18, 3.21, 4.48, 2.96, 1.85, 1.64, 2.47, 2.25, 2.41, 2.56, 2.58, 2.78, 3.24, 3.39, 3.34, 3.59, 4.09, 4.5, 4.38, 4.28, 4.14, 4.57, 4.55, 4.85, 5.39, 5.64, 5.51, 5.53, 4.87, 4.46, 4.41, 4.32, 4.28, 4.19, 4.06, 4.49, 4.19, 4.14, 4.27, 4.83, 5.1, 5.4, 5.44, 5.01, 4.19, 4.11, 4.72, 4.8, 4.88, 4.71, 4.79, 4.89, 5.04, 5.06, 4.9, 4.93, 4.94, 5.66, 6.31, 7.07, 6.82], [6.97, 7.05, 7.11, 6.29, 4.43, 3.46, 3.44, 3.14, 2.95, 2.82, 2.47, 2.51, 2.99, 2.92, 2.88, 2.39, 1.81, 1.3, 1.09, 1.44, 1.18, 0.85, 0.75, 0, 0.62, 1.25, 3.38, 4.65, 2.97, 1.84, 1.67, 2.46, 2.28, 2.54, 2.53, 2.57, 2.83, 3.19, 3.32, 3.29, 3.54, 4.08, 4.47, 4.33, 4.25, 4.11, 4.52, 4.5, 4.84, 5.36, 5.57, 5.44, 5.5, 4.88, 4.37, 4.44, 4.37, 4.35, 4.28, 4.15, 4.6, 4.2, 4.11, 4.32, 4.68, 5.09, 5.47, 5.43, 4.96, 4.12, 4.08, 4.69, 4.71, 4.85, 4.7, 4.76, 4.88, 5.07, 5.11, 4.99, 5.0, 5.03, 5.73, 6.28, 7.18, 7.01], [6.71, 6.63, 6.81, 6.09, 4.25, 3.42, 3.58, 3.22, 2.99, 2.8, 2.51, 2.55, 3.09, 3.0, 2.92, 2.45, 1.97, 1.52, 1.47, 1.7, 1.46, 1.03, 0.99, 0.62, 0, 1.03, 2.94, 4.35, 2.69, 1.64, 1.57, 2.38, 2.28, 2.46, 2.35, 2.41, 2.89, 3.23, 3.14, 3.11, 3.24, 3.64, 4.07, 3.99, 4.01, 3.89, 4.36, 4.28, 4.58, 5.12, 5.39, 5.24, 5.32, 4.86, 4.49, 4.5, 4.45, 4.39, 4.36, 4.21, 4.66, 4.16, 4.09, 4.26, 4.8, 5.25, 5.63, 5.61, 5.08, 3.88, 3.88, 4.59, 4.45, 4.71, 4.58, 4.68, 4.74, 4.81, 5.05, 4.91, 4.92, 4.91, 5.55, 6.08, 7.0, 6.87], [6.36, 6.3, 6.4, 5.46, 3.84, 3.17, 3.47, 3.07, 2.66, 2.49, 2.38, 2.24, 2.64, 2.67, 2.67, 2.3, 1.82, 1.51, 1.58, 1.59, 1.41, 1.16, 1.18, 1.25, 1.03, 0, 2.37, 3.96, 2.58, 1.87, 1.84, 2.57, 2.37, 2.53, 2.52, 2.56, 3.16, 3.5, 3.33, 3.38, 3.39, 3.75, 4.16, 4.12, 4.12, 4.0, 4.59, 4.59, 4.67, 5.19, 5.68, 5.41, 5.61, 5.09, 4.72, 4.71, 4.66, 4.62, 4.63, 4.48, 4.89, 4.41, 4.36, 4.47, 5.05, 5.48, 5.86, 5.94, 5.29, 4.21, 4.01, 4.64, 4.64, 4.98, 4.81, 4.79, 4.93, 4.82, 4.96, 4.9, 4.83, 4.74, 5.4, 5.91, 6.37, 6.26], [4.39, 4.35, 4.53, 3.61, 2.65, 2.62, 2.64, 2.38, 2.21, 2.1, 2.37, 2.51, 1.83, 1.72, 1.48, 1.95, 2.47, 2.76, 3.21, 3.22, 3.14, 3.05, 3.21, 3.38, 2.94, 2.37, 0, 2.05, 1.87, 3.193, 2.97, 2.84, 2.62, 3.12, 3.187, 3.43, 4.313, 4.084, 3.3, 3.49, 3.4, 3.46, 3.71, 3.79, 3.57, 3.51, 4.28, 4.24, 4.14, 4.6, 5.17, 4.86, 5.14, 5.22, 5.547, 5.18, 4.79, 4.65, 4.52, 4.49, 4.68, 4.04, 4.09, 4.98, 6.02, 6.59, 6.79, 7.41, 6.614, 4.44, 3.56, 4.07, 4.21, 4.75, 4.4, 4.3, 4.42, 4.13, 4.25, 4.39, 4.08, 3.89, 3.81, 4.08, 4.54, 4.51], [2.84, 2.74, 2.68, 2.5, 1.84, 2.09, 2.51, 2.53, 2.52, 2.57, 2.92, 3.34, 2.94, 2.59, 2.43, 3.02, 3.68, 3.93, 4.4, 4.59, 4.57, 4.38, 4.48, 4.65, 4.35, 3.96, 2.05, 0, 2.42, 4.525, 4.104, 3.63, 3.47, 3.976, 4.343, 4.463, 5.329, 5.109, 4.185, 4.241, 3.896, 3.53, 3.34, 3.32, 3.417, 3.74, 4.65, 4.43, 4.15, 4.07, 4.6, 4.35, 4.57, 6.017, 6.481, 5.994, 5.453, 5.347, 5.062, 4.8, 4.77, 4.239, 4.389, 5.676, 6.91, 7.446, 7.726, 8.366, 7.559, 5.193, 3.65, 3.42, 3.94, 4.66, 4.09, 3.43, 3.31, 3.16, 3.2, 3.56, 3.41, 2.82, 2.48, 2.43, 3.11, 3.12], [5.04, 4.62, 4.78, 4.3, 2.32, 2.01, 2.35, 1.97, 1.78, 1.69, 1.6, 1.88, 2.02, 1.71, 1.37, 1.54, 2.04, 2.39, 2.88, 3.13, 3.11, 2.8, 2.96, 2.97, 2.69, 2.58, 1.87, 2.42, 0, 2.405, 2.0, 1.31, 1.33, 1.75, 2.1, 2.16, 2.946, 2.761, 1.97, 2.04, 1.97, 2.19, 2.7, 2.6, 2.08, 2.06, 2.93, 3.03, 2.83, 3.19, 3.78, 3.49, 3.77, 3.93, 4.164, 3.822, 3.54, 3.42, 3.25, 3.18, 3.29, 2.59, 2.7, 3.51, 4.53, 5.1, 5.36, 6.02, 5.19, 3.01, 2.25, 2.68, 2.84, 3.3, 2.97, 2.97, 2.99, 2.88, 2.94, 2.88, 2.69, 2.44, 3.02, 3.89, 4.99, 5.06], [6.842, 6.76, 7.005, 6.314, 4.354, 3.615, 3.633, 3.275, 3.095, 2.968, 2.572, 2.73, 3.306, 3.119, 2.865, 2.51, 2.21, 1.76, 1.75, 2.12, 2.1, 1.81, 1.85, 1.84, 1.64, 1.87, 3.193, 4.525, 2.405, 0, 1.13, 1.7, 1.72, 1.58, 1.45, 1.59, 1.79, 1.93, 2.02, 1.91, 2.2, 2.64, 3.33, 3.47, 3.31, 3.09, 3.26, 3.24, 3.6, 4.14, 4.31, 4.26, 4.18, 3.54, 3.19, 3.18, 3.21, 3.21, 3.12, 3.11, 3.48, 3.04, 3.03, 3.0, 3.68, 4.11, 4.43, 4.73, 3.9, 2.64, 2.9, 3.65, 3.49, 3.61, 3.56, 3.72, 3.82, 3.93, 4.17, 3.99, 4.04, 4.29, 5.05, 6.09, 7.141, 7.128], [6.575, 6.484, 6.584, 5.95, 3.878, 3.082, 3.13, 2.89, 2.682, 2.567, 2.174, 2.34, 2.896, 2.709, 2.475, 2.1, 1.94, 1.53, 1.58, 1.85, 1.91, 1.58, 1.64, 1.67, 1.57, 1.84, 2.97, 4.104, 2.0, 1.13, 0, 1.21, 1.61, 1.57, 1.66, 1.78, 1.98, 2.12, 2.07, 1.94, 2.21, 2.65, 3.3, 3.26, 2.96, 2.8, 3.25, 3.23, 3.51, 4.09, 4.32, 4.17, 4.15, 3.61, 3.32, 3.21, 3.1, 3.06, 3.01, 3.04, 3.37, 3.05, 3.0, 3.27, 3.81, 4.22, 4.64, 4.82, 4.11, 2.89, 2.75, 3.56, 3.52, 3.7, 3.57, 3.69, 3.89, 3.94, 3.86, 3.74, 3.81, 3.88, 4.58, 5.53, 6.688, 6.535], [6.15, 5.75, 5.959, 5.453, 3.336, 2.7, 2.74, 2.48, 2.31, 2.28, 1.95, 2.23, 2.67, 2.52, 2.32, 2.01, 2.19, 1.94, 2.23, 2.5, 2.62, 2.35, 2.47, 2.46, 2.38, 2.57, 2.84, 3.63, 1.31, 1.7, 1.21, 0, 1.0, 1.22, 1.45, 1.55, 2.01, 1.79, 1.62, 1.51, 1.54, 1.9, 2.51, 2.51, 2.17, 2.01, 2.68, 2.7, 2.76, 3.26, 3.43, 3.28, 3.32, 3.22, 3.19, 2.96, 2.71, 2.63, 2.58, 2.51, 2.72, 2.16, 2.45, 2.86, 3.66, 4.15, 4.47, 4.97, 4.24, 2.28, 2.1, 2.67, 2.73, 2.97, 2.74, 2.94, 3.12, 3.23, 3.11, 2.85, 2.92, 3.05, 3.81, 4.7, 6.0, 6.05], [6.107, 5.63, 5.81, 5.31, 3.15, 2.58, 2.68, 2.28, 2.13, 2.12, 1.81, 2.13, 2.35, 2.14, 2.02, 1.71, 1.87, 1.92, 2.07, 2.28, 2.34, 2.19, 2.25, 2.28, 2.28, 2.37, 2.62, 3.47, 1.33, 1.72, 1.61, 1.0, 0, 1.14, 1.41, 1.39, 1.97, 1.95, 1.66, 1.65, 1.6, 2.14, 2.65, 2.61, 2.47, 2.27, 2.78, 2.84, 2.88, 3.38, 3.69, 3.52, 3.62, 3.4, 3.53, 3.22, 2.91, 2.71, 2.78, 2.69, 2.92, 2.38, 2.51, 3.16, 3.94, 4.31, 4.53, 5.11, 4.36, 2.72, 2.34, 2.79, 2.87, 3.21, 2.86, 3.0, 3.02, 3.25, 3.31, 2.97, 3.1, 3.27, 3.97, 4.8, 5.96, 6.05], [6.653, 6.348, 6.465, 5.919, 3.799, 3.134, 3.06, 2.8, 2.71, 2.68, 2.29, 2.49, 2.85, 2.62, 2.48, 2.07, 2.21, 2.12, 2.39, 2.54, 2.6, 2.31, 2.41, 2.54, 2.46, 2.53, 3.12, 3.976, 1.75, 1.58, 1.57, 1.22, 1.14, 0, 0.89, 1.05, 1.55, 1.57, 1.28, 1.43, 1.6, 2.1, 2.85, 2.81, 2.41, 2.23, 2.62, 2.62, 2.74, 3.3, 3.59, 3.48, 3.5, 3.22, 3.07, 2.84, 2.57, 2.41, 2.46, 2.35, 2.62, 2.12, 2.19, 2.72, 3.6, 3.95, 4.17, 4.67, 3.98, 2.48, 2.2, 2.67, 2.73, 2.95, 2.72, 2.9, 3.1, 3.01, 3.03, 2.85, 2.78, 3.09, 3.87, 5.178, 6.518, 6.462], [6.92, 6.595, 6.792, 6.266, 4.206, 3.49, 3.41, 3.17, 3.06, 2.91, 2.5, 2.76, 3.251, 3.043, 2.764, 2.36, 2.44, 2.29, 2.54, 2.75, 2.83, 2.52, 2.56, 2.53, 2.35, 2.52, 3.187, 4.343, 2.1, 1.45, 1.66, 1.45, 1.41, 0.89, 0, 0.66, 1.26, 1.32, 1.33, 1.56, 1.65, 2.21, 3.04, 3.02, 2.54, 2.24, 2.43, 2.43, 2.63, 3.19, 3.46, 3.37, 3.37, 3.01, 2.74, 2.63, 2.4, 2.32, 2.31, 2.26, 2.67, 2.07, 2.14, 2.53, 3.43, 3.9, 4.1, 4.58, 3.77, 2.15, 2.03, 2.54, 2.46, 2.8, 2.61, 2.79, 3.03, 2.86, 2.98, 2.86, 2.83, 3.28, 4.12, 5.57, 6.89, 6.82], [7.057, 6.675, 6.852, 6.403, 4.286, 3.633, 3.63, 3.343, 3.119, 3.09, 2.66, 2.84, 3.351, 3.163, 2.933, 2.5, 2.58, 2.33, 2.56, 2.75, 2.81, 2.5, 2.58, 2.57, 2.41, 2.56, 3.43, 4.463, 2.16, 1.59, 1.78, 1.55, 1.39, 1.05, 0.66, 0, 1.08, 1.26, 1.57, 1.7, 1.81, 2.43, 3.26, 3.24, 2.72, 2.44, 2.49, 2.47, 2.79, 3.33, 3.54, 3.53, 3.37, 3.01, 2.74, 2.69, 2.46, 2.34, 2.43, 2.38, 2.65, 2.13, 2.18, 2.49, 3.33, 3.72, 3.92, 4.38, 3.65, 2.09, 2.09, 2.56, 2.48, 2.8, 2.53, 2.77, 3.05, 3.12, 3.2, 2.82, 2.95, 3.48, 4.28, 5.69, 6.97, 7.04], [7.918, 7.49, 7.684, 7.212, 5.055, 4.387, 4.282, 3.964, 3.794, 3.836, 3.386, 3.54, 4.008, 3.824, 3.756, 3.283, 3.08, 2.63, 2.64, 2.91, 2.89, 2.68, 2.78, 2.83, 2.89, 3.16, 4.313, 5.329, 2.946, 1.79, 1.98, 2.01, 1.97, 1.55, 1.26, 1.08, 0, 1.02, 1.59, 1.58, 1.95, 2.71, 3.52, 3.44, 2.92, 2.6, 2.37, 2.47, 2.93, 3.33, 3.32, 3.43, 3.17, 2.61, 2.24, 2.25, 2.2, 2.14, 2.23, 2.16, 2.45, 2.11, 2.38, 2.49, 2.73, 3.0, 3.22, 3.66, 2.97, 1.97, 2.37, 2.8, 2.78, 2.64, 2.67, 2.99, 3.41, 3.64, 3.52, 3.04, 3.15, 3.88, 4.72, 6.11, 7.662, 7.734], [7.601, 7.205, 7.453, 6.921, 4.798, 4.161, 4.021, 3.978, 3.865, 3.793, 3.397, 3.56, 3.954, 3.784, 3.579, 3.16, 3.18, 2.85, 2.96, 3.35, 3.39, 3.1, 3.24, 3.19, 3.23, 3.5, 4.084, 5.109, 2.761, 1.93, 2.12, 1.79, 1.95, 1.57, 1.32, 1.26, 1.02, 0, 1.33, 1.34, 1.69, 2.37, 3.24, 3.16, 2.573, 2.12, 1.83, 1.99, 2.41, 2.83, 2.9, 2.97, 2.71, 2.05, 1.92, 1.77, 1.64, 1.62, 1.71, 1.82, 1.95, 1.57, 1.86, 2.05, 2.53, 2.94, 3.2, 3.74, 2.93, 1.49, 1.81, 2.2, 2.16, 2.18, 2.21, 2.67, 3.11, 3.38, 3.14, 2.68, 2.87, 3.593, 4.54, 5.981, 7.363, 7.514], [6.699, 6.386, 6.58, 5.988, 4.022, 3.383, 3.56, 3.52, 3.35, 3.3, 2.97, 3.35, 3.59, 3.2, 2.92, 2.81, 3.15, 3.02, 3.09, 3.5, 3.54, 3.27, 3.39, 3.32, 3.14, 3.33, 3.3, 4.185, 1.97, 2.02, 2.07, 1.62, 1.66, 1.28, 1.33, 1.57, 1.59, 1.33, 0, 0.81, 1.14, 1.66, 2.33, 2.45, 1.83, 1.67, 2.02, 1.88, 2.1, 2.52, 2.65, 2.68, 2.62, 2.52, 2.59, 2.28, 2.09, 1.95, 1.92, 1.93, 2.14, 1.48, 1.91, 2.54, 3.22, 3.73, 3.93, 4.55, 3.7, 1.82, 1.64, 2.15, 2.01, 2.29, 2.1, 2.34, 2.6, 2.71, 2.71, 2.57, 2.54, 2.89, 3.71, 5.173, 6.63, 6.633], [6.767, 6.354, 6.625, 6.099, 4.05, 3.433, 3.503, 3.509, 3.36, 3.21, 2.94, 3.28, 3.6, 3.31, 3.07, 2.88, 3.1, 2.89, 3.04, 3.47, 3.51, 3.24, 3.34, 3.29, 3.11, 3.38, 3.49, 4.241, 2.04, 1.91, 1.94, 1.51, 1.65, 1.43, 1.56, 1.7, 1.58, 1.34, 0.81, 0, 0.87, 1.49, 2.12, 2.16, 1.86, 1.74, 1.83, 1.87, 2.23, 2.67, 2.68, 2.73, 2.55, 2.29, 2.48, 2.23, 2.14, 2.08, 2.07, 2.1, 2.19, 1.79, 2.04, 2.57, 3.17, 3.66, 3.86, 4.46, 3.59, 1.67, 1.89, 2.42, 2.16, 2.2, 2.29, 2.65, 2.85, 3.0, 3.1, 2.86, 2.79, 3.18, 3.78, 5.123, 6.663, 6.778], [6.391, 5.886, 6.22, 5.748, 3.628, 3.008, 3.14, 2.96, 2.95, 2.82, 2.63, 3.15, 3.53, 3.3, 3.0, 2.87, 3.25, 3.12, 3.33, 3.74, 3.78, 3.49, 3.59, 3.54, 3.24, 3.39, 3.4, 3.896, 1.97, 2.2, 2.21, 1.54, 1.6, 1.6, 1.65, 1.81, 1.95, 1.69, 1.14, 0.87, 0, 1.04, 1.69, 1.71, 1.55, 1.51, 1.9, 1.88, 1.94, 2.36, 2.57, 2.48, 2.54, 2.48, 2.97, 2.56, 2.27, 2.23, 2.06, 1.89, 2.1, 1.74, 2.11, 2.86, 3.46, 3.97, 4.27, 4.87, 3.98, 1.88, 1.7, 2.15, 1.89, 2.05, 2.06, 2.4, 2.56, 2.67, 2.79, 2.59, 2.52, 2.87, 3.47, 4.659, 6.187, 6.385], [5.802, 5.38, 5.724, 5.175, 3.117, 2.78, 3.0, 3.14, 3.17, 3.18, 3.01, 3.59, 3.91, 3.54, 3.16, 3.19, 3.67, 3.58, 3.95, 4.28, 4.3, 3.99, 4.09, 4.08, 3.64, 3.75, 3.46, 3.53, 2.19, 2.64, 2.65, 1.9, 2.14, 2.1, 2.21, 2.43, 2.71, 2.37, 1.66, 1.49, 1.04, 0, 1.09, 1.31, 1.17, 1.19, 1.92, 1.7, 1.52, 1.86, 2.13, 2.04, 2.3, 3.16, 3.69, 3.28, 2.95, 2.85, 2.64, 2.35, 2.32, 1.9, 2.45, 3.58, 4.16, 4.67, 4.97, 5.59, 4.7, 2.46, 1.86, 1.97, 1.75, 2.19, 2.06, 2.18, 2.34, 2.35, 2.37, 2.31, 2.16, 2.31, 2.97, 4.2, 5.686, 5.872], [5.499, 5.04, 5.413, 4.868, 2.88, 2.71, 3.15, 3.41, 3.36, 3.47, 3.34, 3.94, 4.26, 3.81, 3.49, 3.62, 4.1, 4.07, 4.32, 4.71, 4.69, 4.4, 4.5, 4.47, 4.07, 4.16, 3.71, 3.34, 2.7, 3.33, 3.3, 2.51, 2.65, 2.85, 3.04, 3.26, 3.52, 3.24, 2.33, 2.12, 1.69, 1.09, 0, 0.88, 1.34, 1.64, 2.17, 1.87, 1.65, 1.71, 1.82, 1.73, 2.01, 3.57, 4.184, 3.92, 3.64, 3.56, 3.35, 3.06, 2.95, 2.47, 3.14, 4.27, 4.75, 5.26, 5.44, 6.02, 5.03, 3.03, 2.35, 2.1, 2.16, 2.76, 2.47, 2.31, 2.33, 2.32, 2.44, 2.46, 2.35, 2.28, 2.82, 3.81, 5.372, 5.622], [5.7, 5.2, 5.557, 5.1, 3.02, 2.61, 2.93, 3.23, 3.3, 3.23, 3.1, 3.72, 4.08, 3.63, 3.43, 3.54, 3.88, 3.93, 4.22, 4.59, 4.57, 4.28, 4.38, 4.33, 3.99, 4.12, 3.79, 3.32, 2.6, 3.47, 3.26, 2.51, 2.61, 2.81, 3.02, 3.24, 3.44, 3.16, 2.45, 2.16, 1.71, 1.31, 0.88, 0, 1.12, 1.48, 2.01, 1.87, 1.79, 1.89, 1.78, 1.59, 1.97, 3.414, 4.027, 3.81, 3.53, 3.47, 3.25, 2.98, 2.81, 2.47, 2.96, 4.07, 4.49, 4.98, 5.22, 5.74, 4.83, 2.97, 2.29, 2.1, 2.12, 2.56, 2.45, 2.35, 2.51, 2.46, 2.56, 2.58, 2.47, 2.44, 3.0, 3.927, 5.53, 5.777], [5.852, 5.386, 5.66, 5.166, 3.1, 2.67, 3.07, 3.27, 3.26, 3.23, 2.92, 3.48, 3.82, 3.39, 3.05, 3.24, 3.74, 3.77, 4.16, 4.47, 4.53, 4.16, 4.28, 4.25, 4.01, 4.12, 3.57, 3.417, 2.08, 3.31, 2.96, 2.17, 2.47, 2.41, 2.54, 2.72, 2.92, 2.573, 1.83, 1.86, 1.55, 1.17, 1.34, 1.12, 0, 0.64, 1.65, 1.47, 1.25, 1.51, 1.74, 1.61, 1.81, 3.02, 3.653, 3.28, 2.95, 2.83, 2.71, 2.48, 2.39, 1.79, 2.38, 3.61, 3.89, 4.4, 4.78, 5.3, 4.49, 2.47, 1.81, 1.72, 1.84, 2.34, 2.07, 2.11, 2.25, 2.34, 2.28, 2.28, 2.13, 1.98, 2.68, 4.01, 5.593, 5.84], [6.18, 5.72, 6.017, 5.5, 3.4, 2.91, 3.21, 3.39, 3.4, 3.29, 2.96, 3.44, 3.74, 3.33, 3.01, 3.16, 3.62, 3.65, 4.0, 4.31, 4.33, 4.02, 4.14, 4.11, 3.89, 4.0, 3.51, 3.74, 2.06, 3.09, 2.8, 2.01, 2.27, 2.23, 2.24, 2.44, 2.6, 2.12, 1.67, 1.74, 1.51, 1.19, 1.64, 1.48, 0.64, 0, 1.27, 1.17, 1.03, 1.41, 1.76, 1.63, 1.83, 2.65, 3.267, 2.83, 2.52, 2.44, 2.33, 2.22, 2.13, 1.47, 2.06, 3.27, 3.47, 4.0, 4.36, 4.94, 4.13, 2.11, 1.53, 1.64, 1.64, 2.04, 1.93, 2.15, 2.25, 2.44, 2.24, 2.18, 1.97, 2.12, 3.0, 4.37, 5.91, 6.157], [7.013, 6.61, 6.904, 6.316, 4.264, 3.66, 3.82, 4.02, 4.05, 3.9, 3.59, 4.09, 4.45, 4.12, 3.82, 3.85, 4.17, 4.16, 4.31, 4.72, 4.78, 4.47, 4.57, 4.52, 4.36, 4.59, 4.28, 4.65, 2.93, 3.26, 3.25, 2.68, 2.78, 2.62, 2.43, 2.49, 2.37, 1.83, 2.02, 1.83, 1.9, 1.92, 2.17, 2.01, 1.65, 1.27, 0, 0.78, 1.1, 1.3, 1.33, 1.38, 1.26, 1.84, 2.45, 2.22, 1.95, 1.85, 1.84, 1.93, 1.6, 1.24, 1.63, 2.82, 2.96, 3.45, 3.53, 4.13, 3.3, 1.58, 1.46, 1.59, 1.43, 1.73, 1.9, 2.12, 2.54, 2.73, 2.552, 2.15, 2.24, 2.97, 3.87, 5.32, 6.8, 7.018], [6.77, 6.41, 6.67, 6.07, 4.001, 3.46, 3.64, 3.96, 4.07, 3.98, 3.77, 4.25, 4.53, 4.04, 3.78, 3.81, 4.19, 4.1, 4.31, 4.66, 4.72, 4.41, 4.55, 4.5, 4.28, 4.59, 4.24, 4.43, 3.03, 3.24, 3.23, 2.7, 2.84, 2.62, 2.43, 2.47, 2.47, 1.99, 1.88, 1.87, 1.88, 1.7, 1.87, 1.87, 1.47, 1.17, 0.78, 0, 0.82, 1.28, 1.21, 1.38, 1.34, 2.2, 2.75, 2.58, 2.23, 2.19, 2.14, 2.01, 1.78, 1.44, 1.95, 3.2, 3.4, 3.91, 3.89, 4.47, 3.62, 1.82, 1.66, 1.63, 1.49, 1.93, 1.84, 2.06, 2.32, 2.57, 2.35, 2.15, 2.1, 2.75, 3.63, 5.1, 6.54, 6.775], [6.33, 5.91, 6.21, 5.63, 3.59, 3.12, 3.42, 3.8, 3.89, 3.92, 3.67, 4.19, 4.45, 4.02, 3.7, 3.89, 4.35, 4.38, 4.67, 4.96, 5.04, 4.73, 4.85, 4.84, 4.58, 4.67, 4.14, 4.15, 2.83, 3.6, 3.51, 2.76, 2.88, 2.74, 2.63, 2.79, 2.93, 2.41, 2.1, 2.23, 1.94, 1.52, 1.65, 1.79, 1.25, 1.03, 1.1, 0.82, 0, 0.78, 1.27, 1.18, 1.52, 2.58, 3.275, 2.925, 2.59, 2.51, 2.46, 2.29, 2.04, 1.6, 2.29, 3.56, 3.64, 4.13, 4.35, 4.91, 4.1, 2.2, 1.64, 1.53, 1.49, 2.05, 1.88, 1.92, 2.1, 2.19, 1.97, 1.79, 1.6, 2.27, 3.17, 4.56, 6.1, 6.35], [5.97, 5.55, 5.85, 5.27, 3.33, 3.16, 3.56, 4.12, 4.19, 4.26, 4.01, 4.63, 4.91, 4.52, 4.18, 4.41, 4.87, 4.96, 5.15, 5.56, 5.58, 5.29, 5.39, 5.36, 5.12, 5.19, 4.6, 4.07, 3.19, 4.14, 4.09, 3.26, 3.38, 3.3, 3.19, 3.33, 3.33, 2.83, 2.52, 2.67, 2.36, 1.86, 1.71, 1.89, 1.51, 1.41, 1.3, 1.28, 0.78, 0, 1.13, 1.06, 1.38, 2.939, 3.692, 3.318, 2.971, 2.812, 2.74, 2.59, 2.32, 1.84, 2.55, 3.8, 3.96, 4.43, 4.73, 5.31, 4.461, 2.5, 1.8, 1.41, 1.61, 2.25, 2.04, 1.72, 1.82, 1.77, 1.57, 1.53, 1.6, 1.97, 2.83, 4.2, 5.74, 5.99], [6.82, 6.394, 6.691, 6.12, 4.06, 3.81, 4.17, 4.55, 4.7, 4.67, 4.52, 5.14, 5.46, 5.05, 4.77, 4.86, 5.32, 5.19, 5.32, 5.73, 5.77, 5.5, 5.64, 5.57, 5.39, 5.68, 5.17, 4.6, 3.78, 4.31, 4.32, 3.43, 3.69, 3.59, 3.46, 3.54, 3.32, 2.9, 2.65, 2.68, 2.57, 2.13, 1.82, 1.78, 1.74, 1.76, 1.33, 1.21, 1.27, 1.13, 0, 0.73, 0.77, 2.47, 3.288, 3.141, 2.831, 2.588, 2.55, 2.58, 2.13, 1.75, 2.44, 3.67, 3.67, 4.08, 4.18, 4.62, 3.81, 2.39, 1.97, 1.76, 1.6, 2.1, 1.99, 1.95, 2.17, 2.56, 2.38, 2.16, 2.27, 2.82, 3.66, 4.998, 6.578, 6.825], [6.61, 6.184, 6.481, 5.91, 3.93, 3.66, 4.06, 4.4, 4.41, 4.46, 4.27, 4.89, 5.19, 4.8, 4.48, 4.63, 5.11, 5.02, 5.21, 5.64, 5.64, 5.37, 5.51, 5.44, 5.24, 5.41, 4.86, 4.35, 3.49, 4.26, 4.17, 3.28, 3.52, 3.48, 3.37, 3.53, 3.43, 2.97, 2.68, 2.73, 2.48, 2.04, 1.73, 1.59, 1.61, 1.63, 1.38, 1.38, 1.18, 1.06, 0.73, 0, 0.9, 2.68, 3.401, 3.351, 3.041, 2.832, 2.74, 2.79, 2.38, 1.96, 2.65, 3.92, 3.96, 4.41, 4.51, 4.87, 4.02, 2.64, 1.94, 1.77, 1.85, 2.43, 2.26, 2.14, 2.28, 2.43, 2.25, 2.11, 2.12, 2.55, 3.45, 4.788, 6.38, 6.615], [6.724, 6.304, 6.604, 6.03, 4.15, 3.9, 4.24, 4.66, 4.73, 4.62, 4.51, 5.11, 5.45, 5.02, 4.76, 4.83, 5.29, 5.06, 5.21, 5.62, 5.68, 5.41, 5.53, 5.5, 5.32, 5.61, 5.14, 4.57, 3.77, 4.18, 4.15, 3.32, 3.62, 3.5, 3.37, 3.37, 3.17, 2.71, 2.62, 2.55, 2.54, 2.3, 2.01, 1.97, 1.81, 1.83, 1.26, 1.34, 1.52, 1.38, 0.77, 0.9, 0, 2.38, 3.09, 3.02, 2.69, 2.53, 2.48, 2.57, 2.2, 1.74, 2.37, 3.62, 3.68, 4.13, 4.21, 4.59, 3.76, 2.32, 1.94, 1.71, 1.77, 2.27, 2.14, 1.98, 2.14, 2.45, 2.33, 2.17, 2.3, 2.83, 3.67, 4.911, 6.5, 6.718], [8.557, 8.117, 8.348, 7.782, 5.688, 5.058, 5.048, 4.942, 5.01, 4.84, 4.43, 4.85, 5.25, 4.98, 4.74, 4.51, 4.67, 4.42, 4.43, 4.92, 4.96, 4.75, 4.87, 4.88, 4.86, 5.09, 5.22, 6.017, 3.93, 3.54, 3.61, 3.22, 3.4, 3.22, 3.01, 3.01, 2.61, 2.05, 2.52, 2.29, 2.48, 3.16, 3.57, 3.414, 3.02, 2.65, 1.84, 2.2, 2.58, 2.939, 2.47, 2.68, 2.38, 0, 1.11, 0.94, 1.21, 1.27, 1.54, 1.81, 1.64, 2.1, 1.75, 1.94, 1.82, 2.19, 2.25, 2.67, 1.9, 1.48, 2.649, 2.994, 2.471, 1.85, 2.46, 3.315, 3.861, 4.125, 3.914, 3.288, 3.62, 4.379, 5.294, 6.733, 8.324, 8.427], [9.075, 8.685, 8.859, 8.364, 6.227, 5.542, 5.476, 5.229, 5.288, 5.113, 4.688, 4.894, 5.422, 5.209, 5.042, 4.666, 4.44, 4.01, 4.0, 4.55, 4.59, 4.36, 4.46, 4.37, 4.49, 4.72, 5.547, 6.481, 4.164, 3.19, 3.32, 3.19, 3.53, 3.07, 2.74, 2.74, 2.24, 1.92, 2.59, 2.48, 2.97, 3.69, 4.184, 4.027, 3.653, 3.267, 2.45, 2.75, 3.275, 3.692, 3.288, 3.401, 3.09, 1.11, 0, 0.87, 1.38, 1.5, 1.73, 2.168, 2.17, 2.63, 2.319, 2.05, 1.79, 2.06, 1.96, 2.4, 1.63, 1.69, 3.082, 3.519, 3.101, 2.3, 2.905, 3.754, 4.409, 4.645, 4.404, 3.804, 4.131, 4.908, 5.845, 7.309, 8.829, 8.912], [8.648, 8.235, 8.409, 7.897, 5.74, 5.035, 5.001, 4.845, 4.936, 4.76, 4.35, 4.59, 5.03, 4.825, 4.64, 4.31, 4.27, 3.92, 3.93, 4.48, 4.54, 4.31, 4.41, 4.44, 4.5, 4.71, 5.18, 5.994, 3.822, 3.18, 3.21, 2.96, 3.22, 2.84, 2.63, 2.69, 2.25, 1.77, 2.28, 2.23, 2.56, 3.28, 3.92, 3.81, 3.28, 2.83, 2.22, 2.58, 2.925, 3.318, 3.141, 3.351, 3.02, 0.94, 0.87, 0, 0.71, 1.13, 1.3, 1.63, 1.714, 2.228, 1.89, 1.66, 1.66, 2.11, 2.23, 2.77, 1.98, 1.4, 2.712, 3.161, 2.714, 1.81, 2.47, 3.387, 3.979, 4.117, 3.975, 3.424, 3.743, 4.441, 5.401, 6.908, 8.416, 8.405], [8.158, 7.808, 7.922, 7.407, 5.236, 4.485, 4.411, 4.39, 4.46, 4.29, 3.88, 4.28, 4.68, 4.45, 4.19, 3.96, 4.12, 3.83, 3.84, 4.33, 4.41, 4.18, 4.32, 4.37, 4.45, 4.66, 4.79, 5.453, 3.54, 3.21, 3.1, 2.71, 2.91, 2.57, 2.4, 2.46, 2.2, 1.64, 2.09, 2.14, 2.27, 2.95, 3.64, 3.53, 2.95, 2.52, 1.95, 2.23, 2.59, 2.971, 2.831, 3.041, 2.69, 1.21, 1.38, 0.71, 0, 0.56, 0.79, 1.08, 1.25, 1.77, 1.44, 1.61, 2.01, 2.48, 2.66, 3.2, 2.41, 1.17, 2.31, 2.694, 2.267, 1.48, 1.99, 2.843, 3.415, 3.656, 3.41, 2.97, 3.256, 3.911, 4.863, 6.518, 7.918, 7.835], [8.052, 7.722, 7.836, 7.301, 5.13, 4.399, 4.285, 4.29, 4.32, 4.15, 3.82, 4.22, 4.52, 4.29, 4.03, 3.8, 4.04, 3.79, 3.84, 4.31, 4.39, 4.14, 4.28, 4.35, 4.39, 4.62, 4.65, 5.347, 3.42, 3.21, 3.06, 2.63, 2.71, 2.41, 2.32, 2.34, 2.14, 1.62, 1.95, 2.08, 2.23, 2.85, 3.56, 3.47, 2.83, 2.44, 1.85, 2.19, 2.51, 2.812, 2.588, 2.832, 2.53, 1.27, 1.5, 1.13, 0.56, 0, 0.63, 1.0, 1.03, 1.57, 1.2, 1.73, 2.11, 2.48, 2.7, 3.24, 2.49, 1.25, 2.162, 2.481, 2.047, 1.46, 1.83, 2.637, 3.289, 3.53, 3.268, 2.767, 3.085, 3.785, 4.734, 6.435, 7.832, 7.729], [7.739, 7.474, 7.571, 7.005, 4.848, 4.049, 3.92, 3.94, 3.95, 3.86, 3.59, 4.05, 4.39, 4.16, 3.94, 3.75, 4.01, 3.72, 3.75, 4.22, 4.34, 4.11, 4.19, 4.28, 4.36, 4.63, 4.52, 5.062, 3.25, 3.12, 3.01, 2.58, 2.78, 2.46, 2.31, 2.43, 2.23, 1.71, 1.92, 2.07, 2.06, 2.64, 3.35, 3.25, 2.71, 2.33, 1.84, 2.14, 2.46, 2.74, 2.55, 2.74, 2.48, 1.54, 1.73, 1.3, 0.79, 0.63, 0, 0.83, 0.92, 1.42, 1.17, 1.7, 2.32, 2.75, 3.03, 3.57, 2.82, 1.14, 1.82, 2.27, 1.826, 1.29, 1.54, 2.338, 3.024, 3.197, 2.965, 2.557, 2.868, 3.525, 4.488, 6.175, 7.584, 7.399], [7.369, 7.124, 7.221, 6.635, 4.481, 3.679, 3.49, 3.39, 3.66, 3.61, 3.28, 3.76, 4.2, 3.97, 3.77, 3.6, 3.8, 3.55, 3.62, 4.13, 4.19, 3.98, 4.06, 4.15, 4.21, 4.48, 4.49, 4.8, 3.18, 3.11, 3.04, 2.51, 2.69, 2.35, 2.26, 2.38, 2.16, 1.82, 1.93, 2.1, 1.89, 2.35, 3.06, 2.98, 2.48, 2.22, 1.93, 2.01, 2.29, 2.59, 2.58, 2.79, 2.57, 1.81, 2.168, 1.63, 1.08, 1.0, 0.83, 0, 0.79, 1.31, 1.36, 1.99, 2.73, 3.1, 3.38, 3.94, 3.25, 1.35, 1.71, 2.02, 1.66, 1.24, 1.35, 2.051, 2.778, 2.847, 2.608, 2.276, 2.618, 3.165, 4.121, 5.825, 7.234, 7.029], [7.333, 7.031, 7.148, 6.562, 4.408, 3.797, 3.7, 3.82, 3.93, 3.94, 3.73, 4.27, 4.53, 4.26, 4.04, 3.97, 4.33, 4.08, 4.15, 4.56, 4.54, 4.33, 4.49, 4.6, 4.66, 4.89, 4.68, 4.77, 3.29, 3.48, 3.37, 2.72, 2.92, 2.62, 2.67, 2.65, 2.45, 1.95, 2.14, 2.19, 2.1, 2.32, 2.95, 2.81, 2.39, 2.13, 1.6, 1.78, 2.04, 2.32, 2.13, 2.38, 2.2, 1.64, 2.17, 1.714, 1.25, 1.03, 0.92, 0.79, 0, 1.04, 1.05, 1.92, 2.6, 2.97, 3.21, 3.73, 3.1, 1.3, 1.58, 1.77, 1.39, 0.99, 1.18, 1.878, 2.581, 2.934, 2.543, 2.03, 2.353, 3.143, 4.085, 5.753, 7.141, 7.099], [6.713, 6.371, 6.548, 6.002, 3.902, 3.266, 3.48, 3.54, 3.53, 3.54, 3.29, 3.83, 4.05, 3.66, 3.42, 3.47, 3.95, 3.82, 3.95, 4.36, 4.36, 4.07, 4.19, 4.2, 4.16, 4.41, 4.04, 4.239, 2.59, 3.04, 3.05, 2.16, 2.38, 2.12, 2.07, 2.13, 2.11, 1.57, 1.48, 1.79, 1.74, 1.9, 2.47, 2.47, 1.79, 1.47, 1.24, 1.44, 1.6, 1.84, 1.75, 1.96, 1.74, 2.1, 2.63, 2.228, 1.77, 1.57, 1.42, 1.31, 1.04, 0, 1.01, 2.28, 3.04, 3.51, 3.71, 4.33, 3.62, 1.5, 1.06, 1.21, 1.03, 1.47, 1.2, 1.56, 2.078, 2.314, 2.151, 1.65, 1.82, 2.583, 3.651, 5.153, 6.535, 6.559], [7.046, 6.721, 6.838, 6.289, 4.195, 3.513, 3.55, 3.67, 3.64, 3.53, 3.24, 3.72, 4.12, 3.73, 3.45, 3.46, 3.84, 3.71, 3.88, 4.29, 4.35, 4.04, 4.14, 4.11, 4.09, 4.36, 4.09, 4.389, 2.7, 3.03, 3.0, 2.45, 2.51, 2.19, 2.14, 2.18, 2.38, 1.86, 1.91, 2.04, 2.11, 2.45, 3.14, 2.96, 2.38, 2.06, 1.63, 1.95, 2.29, 2.55, 2.44, 2.65, 2.37, 1.75, 2.319, 1.89, 1.44, 1.2, 1.17, 1.36, 1.05, 1.01, 0, 1.65, 2.63, 3.16, 3.42, 4.04, 3.25, 1.53, 1.43, 1.696, 1.32, 1.26, 1.31, 1.93, 2.39, 2.681, 2.673, 1.984, 2.314, 3.053, 4.121, 5.611, 6.891, 6.858], [8.29, 7.968, 8.125, 7.619, 5.53, 4.834, 4.78, 4.52, 4.45, 4.28, 3.85, 4.11, 4.85, 4.68, 4.48, 4.19, 4.15, 3.88, 3.91, 4.42, 4.38, 4.13, 4.27, 4.32, 4.26, 4.47, 4.98, 5.676, 3.51, 3.0, 3.27, 2.86, 3.16, 2.72, 2.53, 2.49, 2.49, 2.05, 2.54, 2.57, 2.86, 3.58, 4.27, 4.07, 3.61, 3.27, 2.82, 3.2, 3.56, 3.8, 3.67, 3.92, 3.62, 1.94, 2.05, 1.66, 1.61, 1.73, 1.7, 1.99, 1.92, 2.28, 1.65, 0, 1.48, 2.01, 2.31, 2.79, 2.08, 1.6, 2.52, 3.05, 2.47, 1.81, 2.2, 3.0, 3.62, 3.85, 3.91, 3.25, 3.66, 4.29, 5.268, 6.853, 8.198, 8.182], [9.487, 8.987, 9.242, 8.759, 6.613, 6.0, 5.96, 5.72, 5.67, 5.54, 5.001, 5.15, 5.89, 5.76, 5.54, 5.21, 4.95, 4.54, 4.41, 5.0, 4.96, 4.71, 4.83, 4.68, 4.8, 5.05, 6.02, 6.91, 4.53, 3.68, 3.81, 3.66, 3.94, 3.6, 3.43, 3.33, 2.73, 2.53, 3.22, 3.17, 3.46, 4.16, 4.75, 4.49, 3.89, 3.47, 2.96, 3.4, 3.64, 3.96, 3.67, 3.96, 3.68, 1.82, 1.79, 1.66, 2.01, 2.11, 2.32, 2.73, 2.6, 3.04, 2.63, 1.48, 0, 0.77, 1.31, 1.61, 1.02, 2.02, 3.48, 3.79, 3.31, 2.49, 3.083, 4.08, 4.66, 5.05, 4.899, 4.204, 4.5, 5.307, 6.19, 7.58, 9.123, 9.333], [10.06, 9.56, 9.794, 9.332, 7.149, 6.516, 6.382, 6.161, 6.12, 6.05, 5.506, 5.591, 6.3, 6.19, 6.03, 5.62, 5.36, 4.91, 4.74, 5.27, 5.21, 5.0, 5.1, 5.09, 5.25, 5.48, 6.59, 7.446, 5.1, 4.11, 4.22, 4.15, 4.31, 3.95, 3.9, 3.72, 3.0, 2.94, 3.73, 3.66, 3.97, 4.67, 5.26, 4.98, 4.4, 4.0, 3.45, 3.91, 4.13, 4.43, 4.08, 4.41, 4.13, 2.19, 2.06, 2.11, 2.48, 2.48, 2.75, 3.1, 2.97, 3.51, 3.16, 2.01, 0.77, 0, 0.9, 1.08, 1.13, 2.53, 4.03, 4.303, 3.869, 3.02, 3.576, 4.553, 5.153, 5.586, 5.312, 4.617, 4.964, 5.746, 6.646, 8.117, 9.696, 9.886], [10.32, 9.875, 10.072, 9.606, 7.449, 6.796, 6.662, 6.361, 6.34, 6.31, 5.766, 5.9, 6.44, 6.31, 6.21, 5.78, 5.48, 5.15, 5.1, 5.65, 5.51, 5.3, 5.4, 5.47, 5.63, 5.86, 6.79, 7.726, 5.36, 4.43, 4.64, 4.47, 4.53, 4.17, 4.1, 3.92, 3.22, 3.2, 3.93, 3.86, 4.27, 4.97, 5.44, 5.22, 4.78, 4.36, 3.53, 3.89, 4.35, 4.73, 4.18, 4.51, 4.21, 2.25, 1.96, 2.23, 2.66, 2.7, 3.03, 3.38, 3.21, 3.71, 3.42, 2.31, 1.31, 0.9, 0, 0.98, 1.31, 2.79, 4.35, 4.612, 4.209, 3.28, 3.879, 4.836, 5.422, 5.846, 5.612, 4.895, 5.162, 6.006, 6.972, 8.454, 10.022, 10.146], [10.98, 10.489, 10.723, 10.263, 8.086, 7.436, 7.282, 7.001, 6.98, 6.933, 6.406, 6.451, 7.111, 6.981, 6.87, 6.42, 6.08, 5.57, 5.18, 5.67, 5.57, 5.38, 5.44, 5.43, 5.61, 5.94, 7.41, 8.366, 6.02, 4.73, 4.82, 4.97, 5.11, 4.67, 4.58, 4.38, 3.66, 3.74, 4.55, 4.46, 4.87, 5.59, 6.02, 5.74, 5.3, 4.94, 4.13, 4.47, 4.91, 5.31, 4.62, 4.87, 4.59, 2.67, 2.4, 2.77, 3.2, 3.24, 3.57, 3.94, 3.73, 4.33, 4.04, 2.79, 1.61, 1.08, 0.98, 0, 1.11, 3.37, 4.93, 5.229, 4.849, 3.897, 4.539, 5.496, 6.096, 6.506, 6.192, 5.457, 5.804, 6.646, 7.589, 9.025, 10.659, 10.806], [10.173, 9.688, 9.907, 9.444, 7.262, 6.629, 6.554, 6.302, 6.235, 6.14, 5.639, 5.721, 6.449, 6.302, 6.129, 5.71, 5.39, 4.92, 4.73, 5.2, 5.16, 4.91, 5.01, 4.96, 5.08, 5.29, 6.614, 7.559, 5.19, 3.9, 4.11, 4.24, 4.36, 3.98, 3.77, 3.65, 2.97, 2.93, 3.7, 3.59, 3.98, 4.7, 5.03, 4.83, 4.49, 4.13, 3.3, 3.62, 4.1, 4.461, 3.81, 4.02, 3.76, 1.9, 1.63, 1.98, 2.41, 2.49, 2.82, 3.25, 3.1, 3.62, 3.25, 2.08, 1.02, 1.13, 1.31, 1.11, 0, 2.56, 4.166, 4.456, 3.982, 3.111, 3.729, 4.726, 5.306, 5.699, 5.504, 4.848, 5.117, 5.899, 6.799, 8.241, 9.809, 9.999], [7.653, 7.271, 7.568, 7.016, 5.002, 4.383, 4.393, 4.219, 4.09, 3.92, 3.63, 3.93, 4.51, 4.38, 4.12, 3.89, 4.05, 3.8, 3.83, 4.26, 4.3, 4.03, 4.19, 4.12, 3.88, 4.21, 4.44, 5.193, 3.01, 2.64, 2.89, 2.28, 2.72, 2.48, 2.15, 2.09, 1.97, 1.49, 1.82, 1.67, 1.88, 2.46, 3.03, 2.97, 2.47, 2.11, 1.58, 1.82, 2.2, 2.5, 2.39, 2.64, 2.32, 1.48, 1.69, 1.4, 1.17, 1.25, 1.14, 1.35, 1.3, 1.5, 1.53, 1.6, 2.02, 2.53, 2.79, 3.37, 2.56, 0, 1.92, 2.29, 1.75, 1.41, 1.7, 2.489, 3.078, 3.354, 3.255, 2.83, 3.04, 3.723, 4.6, 6.17, 7.601, 7.726], [6.104, 5.89, 6.09, 5.45, 3.37, 2.74, 3.02, 3.04, 3.11, 3.08, 2.89, 3.45, 3.75, 3.4, 3.08, 3.23, 3.67, 3.62, 3.81, 4.2, 4.26, 4.01, 4.11, 4.08, 3.88, 4.01, 3.56, 3.65, 2.25, 2.9, 2.75, 2.1, 2.34, 2.2, 2.03, 2.09, 2.37, 1.81, 1.64, 1.89, 1.7, 1.86, 2.35, 2.29, 1.81, 1.53, 1.46, 1.66, 1.64, 1.8, 1.97, 1.94, 1.94, 2.649, 3.082, 2.712, 2.31, 2.162, 1.82, 1.71, 1.58, 1.06, 1.43, 2.52, 3.48, 4.03, 4.35, 4.93, 4.166, 1.92, 0, 0.99, 1.05, 1.73, 1.3, 1.26, 1.8, 1.99, 1.85, 1.33, 1.66, 2.43, 3.39, 4.8, 6.04, 6.09], [5.78, 5.34, 5.56, 5.06, 3.08, 2.75, 3.15, 3.33, 3.38, 3.55, 3.4, 3.94, 4.24, 3.83, 3.49, 3.7, 4.18, 4.29, 4.5, 4.87, 4.89, 4.62, 4.72, 4.69, 4.59, 4.64, 4.07, 3.42, 2.68, 3.65, 3.56, 2.67, 2.79, 2.67, 2.54, 2.56, 2.8, 2.2, 2.15, 2.42, 2.15, 1.97, 2.1, 2.1, 1.72, 1.64, 1.59, 1.63, 1.53, 1.41, 1.76, 1.77, 1.71, 2.994, 3.519, 3.161, 2.694, 2.481, 2.27, 2.02, 1.77, 1.21, 1.696, 3.05, 3.79, 4.303, 4.612, 5.229, 4.456, 2.29, 0.99, 0, 0.9, 1.68, 1.15, 0.93, 1.27, 1.44, 1.28, 1.0, 1.29, 1.8, 2.74, 4.17, 5.49, 5.68], [6.2, 5.78, 6.06, 5.56, 3.48, 2.93, 3.23, 3.45, 3.68, 3.67, 3.54, 4.12, 4.54, 4.07, 3.77, 3.9, 4.38, 4.37, 4.52, 4.93, 4.95, 4.66, 4.8, 4.71, 4.45, 4.64, 4.21, 3.94, 2.84, 3.49, 3.52, 2.73, 2.87, 2.73, 2.46, 2.48, 2.78, 2.16, 2.01, 2.16, 1.89, 1.75, 2.16, 2.12, 1.84, 1.64, 1.43, 1.49, 1.49, 1.61, 1.6, 1.85, 1.77, 2.471, 3.101, 2.714, 2.267, 2.047, 1.826, 1.66, 1.39, 1.03, 1.32, 2.47, 3.31, 3.869, 4.209, 4.849, 3.982, 1.75, 1.05, 0.9, 0, 1.08, 0.71, 1.01, 1.53, 1.84, 1.86, 1.26, 1.59, 2.26, 3.2, 4.69, 6.03, 6.26], [7.1, 6.66, 6.88, 6.46, 4.34, 3.71, 3.77, 3.91, 4.1, 4.01, 3.86, 4.46, 4.88, 4.55, 4.25, 4.24, 4.58, 4.49, 4.54, 4.95, 4.97, 4.7, 4.88, 4.85, 4.71, 4.98, 4.75, 4.66, 3.3, 3.61, 3.7, 2.97, 3.21, 2.95, 2.8, 2.8, 2.64, 2.18, 2.29, 2.2, 2.05, 2.19, 2.76, 2.56, 2.34, 2.04, 1.73, 1.93, 2.05, 2.25, 2.1, 2.43, 2.27, 1.85, 2.3, 1.81, 1.48, 1.46, 1.29, 1.24, 0.99, 1.47, 1.26, 1.81, 2.49, 3.02, 3.28, 3.897, 3.111, 1.41, 1.73, 1.68, 1.08, 0, 0.95, 1.81, 2.37, 2.62, 2.6, 1.94, 2.23, 2.94, 3.9, 5.39, 6.97, 7.08], [6.51, 6.11, 6.31, 5.83, 3.71, 3.2, 3.38, 3.5, 3.69, 3.72, 3.49, 4.07, 4.49, 4.02, 3.8, 3.89, 4.33, 4.28, 4.35, 4.76, 4.8, 4.57, 4.71, 4.7, 4.58, 4.81, 4.4, 4.09, 2.97, 3.56, 3.57, 2.74, 2.86, 2.72, 2.61, 2.53, 2.67, 2.21, 2.1, 2.29, 2.06, 2.06, 2.47, 2.45, 2.07, 1.93, 1.9, 1.84, 1.88, 2.04, 1.99, 2.26, 2.14, 2.46, 2.905, 2.47, 1.99, 1.83, 1.54, 1.35, 1.18, 1.2, 1.31, 2.2, 3.083, 3.576, 3.879, 4.539, 3.729, 1.7, 1.3, 1.15, 0.71, 0.95, 0, 1.06, 1.7, 2.13, 2.01, 1.59, 1.94, 2.47, 3.39, 4.96, 6.26, 6.43], [5.51, 5.23, 5.37, 4.81, 2.91, 2.54, 2.96, 3.32, 3.51, 3.62, 3.43, 4.03, 4.39, 3.96, 3.68, 3.85, 4.33, 4.36, 4.49, 4.9, 4.92, 4.67, 4.79, 4.76, 4.68, 4.79, 4.3, 3.43, 2.97, 3.72, 3.69, 2.94, 3.0, 2.9, 2.79, 2.77, 2.99, 2.67, 2.34, 2.65, 2.4, 2.18, 2.31, 2.35, 2.11, 2.15, 2.12, 2.06, 1.92, 1.72, 1.95, 2.14, 1.98, 3.315, 3.754, 3.387, 2.843, 2.637, 2.338, 2.051, 1.878, 1.56, 1.93, 3.0, 4.08, 4.553, 4.836, 5.496, 4.726, 2.489, 1.26, 0.93, 1.01, 1.81, 1.06, 0, 0.92, 1.29, 1.25, 1.09, 1.44, 1.75, 2.61, 4.12, 5.38, 5.43], [4.93, 4.55, 4.69, 4.27, 2.57, 2.42, 2.84, 3.42, 3.63, 3.74, 3.53, 4.17, 4.53, 4.1, 3.8, 4.01, 4.47, 4.44, 4.59, 5.0, 5.02, 4.77, 4.89, 4.88, 4.74, 4.93, 4.42, 3.31, 2.99, 3.82, 3.89, 3.12, 3.02, 3.1, 3.03, 3.05, 3.41, 3.11, 2.6, 2.85, 2.56, 2.34, 2.33, 2.51, 2.25, 2.25, 2.54, 2.32, 2.1, 1.82, 2.17, 2.28, 2.14, 3.861, 4.409, 3.979, 3.415, 3.289, 3.024, 2.778, 2.581, 2.078, 2.39, 3.62, 4.66, 5.153, 5.422, 6.096, 5.306, 3.078, 1.8, 1.27, 1.53, 2.37, 1