[[0, 0.58, 0.86, 1.18, 1.42, 1.58, 1.68, 1.63, 1.66, 2.84, 3.16, 2.93, 2.97, 2.52, 2.04, 2.1, 2.33, 2.32, 2.19, 2.55, 2.69, 2.89, 2.82, 2.49, 2.4, 2.68, 3.87, 4.01, 4.26, 4.76, 4.99, 2.8, 4.874, 6.028, 6.35, 7.818, 8.24, 8.311, 8.161, 7.835, 7.888, 7.565, 7.202, 8.332, 8.467, 8.175, 8.559, 8.529, 8.052, 8.059, 9.819, 10.325, 9.809, 10.132, 10.183, 10.645, 11.006, 11.103, 11.044, 11.4, 11.543, 11.811, 12.027, 13.021, 13.479, 12.741, 11.357, 9.31, 7.77, 7.0, 7.43, 7.377, 8.417, 8.38, 7.96, 8.974, 8.522, 7.112, 6.672, 6.33, 6.55, 6.707, 6.41, 4.58, 2.8, 3.17], [0.58, 0, 0.92, 1.24, 1.58, 1.6, 1.72, 1.61, 1.76, 2.96, 3.12, 2.85, 2.93, 2.56, 2.06, 2.18, 2.27, 2.36, 2.17, 2.47, 2.69, 2.89, 2.94, 2.57, 2.58, 2.88, 3.93, 4.03, 4.28, 4.78, 5.05, 2.86, 5.074, 6.154, 6.35, 7.805, 8.209, 8.28, 8.143, 7.841, 7.828, 7.525, 7.182, 8.292, 8.429, 8.135, 8.522, 8.515, 8.02, 8.005, 9.776, 10.313, 9.806, 10.146, 10.178, 10.636, 11.02, 11.097, 11.047, 11.36, 11.463, 11.722, 11.958, 12.987, 13.439, 12.744, 11.3, 9.27, 7.71, 6.96, 7.35, 7.317, 8.357, 8.32, 7.9, 8.897, 8.45, 7.04, 6.62, 6.25, 6.57, 6.707, 6.43, 4.6, 3.0, 3.27], [0.86, 0.92, 0, 0.86, 0.88, 1.02, 1.24, 1.19, 1.5, 3.1, 3.34, 3.09, 3.19, 2.64, 2.06, 2.26, 2.43, 2.5, 2.35, 2.61, 2.77, 3.05, 2.92, 2.57, 2.56, 2.94, 4.07, 4.15, 4.4, 4.92, 5.19, 2.98, 4.66, 5.743, 6.059, 7.616, 8.094, 8.186, 7.968, 7.636, 7.703, 7.397, 7.037, 8.164, 8.287, 8.009, 8.379, 8.347, 7.857, 7.877, 9.613, 10.224, 9.731, 10.051, 10.088, 10.579, 10.943, 11.04, 10.97, 11.297, 11.4, 11.659, 11.895, 12.909, 13.361, 12.648, 11.226, 9.23, 7.65, 6.9, 7.29, 7.183, 8.192, 8.2, 7.82, 8.823, 8.393, 6.915, 6.418, 6.002, 6.328, 6.484, 6.19, 4.1, 2.9, 3.51], [1.18, 1.24, 0.86, 0, 0.8, 1.1, 1.12, 1.07, 1.42, 3.36, 3.58, 3.37, 3.41, 2.92, 2.4, 2.54, 2.67, 2.8, 2.65, 2.99, 3.07, 3.31, 3.18, 2.85, 2.8, 3.16, 4.35, 4.43, 4.68, 5.2, 5.43, 3.24, 4.246, 5.428, 5.739, 7.396, 7.871, 7.963, 7.746, 7.413, 7.48, 7.174, 6.814, 7.941, 8.055, 7.767, 8.142, 8.144, 7.637, 7.657, 9.401, 10.004, 9.5, 9.828, 9.883, 10.353, 10.706, 10.814, 10.747, 11.068, 11.171, 11.439, 11.675, 12.689, 13.141, 12.431, 10.989, 8.99, 7.41, 6.66, 7.05, 6.946, 7.952, 7.96, 7.58, 8.586, 8.173, 6.712, 6.172, 5.782, 6.122, 6.201, 5.89, 3.92, 2.6, 3.41], [1.42, 1.58, 0.88, 0.8, 0, 0.82, 0.9, 0.97, 1.32, 3.28, 3.68, 3.45, 3.47, 2.9, 2.54, 2.62, 2.79, 2.78, 2.81, 3.09, 3.21, 3.37, 3.16, 2.87, 2.82, 3.1, 4.15, 4.23, 4.48, 5.0, 5.23, 3.18, 4.103, 5.303, 5.908, 7.556, 8.071, 8.163, 7.946, 7.596, 7.659, 7.357, 6.997, 8.123, 8.229, 7.949, 8.322, 8.287, 7.777, 7.817, 9.581, 10.201, 9.691, 10.011, 10.065, 10.515, 10.882, 11.014, 10.944, 11.248, 11.351, 11.599, 11.834, 12.849, 13.292, 12.597, 11.186, 9.19, 7.61, 6.86, 7.25, 7.143, 8.143, 8.16, 7.78, 8.783, 8.353, 6.86, 6.232, 5.916, 6.25, 6.298, 5.985, 3.76, 2.7, 3.41], [1.58, 1.6, 1.02, 1.1, 0.82, 0, 0.54, 0.83, 1.5, 3.7, 4.0, 3.81, 3.87, 3.3, 2.8, 2.96, 3.13, 3.12, 3.13, 3.33, 3.53, 3.75, 3.56, 3.23, 3.2, 3.52, 4.69, 4.77, 5.02, 5.54, 5.77, 3.64, 4.286, 5.252, 5.714, 7.039, 7.612, 7.634, 7.417, 7.061, 7.128, 6.826, 6.48, 7.593, 7.704, 7.421, 7.811, 7.773, 7.26, 7.283, 9.059, 9.676, 9.166, 9.486, 9.54, 9.99, 10.36, 10.483, 10.416, 10.76, 10.863, 11.116, 11.352, 12.372, 12.815, 12.092, 10.729, 8.69, 7.13, 6.4, 6.79, 6.686, 7.686, 7.7, 7.32, 8.326, 7.859, 6.369, 5.778, 5.459, 5.748, 5.824, 5.53, 3.4, 3.06, 3.85], [1.68, 1.72, 1.24, 1.12, 0.9, 0.54, 0, 0.65, 1.4, 3.46, 3.8, 3.59, 3.69, 3.14, 2.7, 2.92, 2.91, 3.02, 3.05, 3.23, 3.45, 3.51, 3.36, 2.99, 2.96, 3.28, 4.45, 4.53, 4.78, 5.3, 5.55, 3.62, 4.323, 5.343, 5.948, 7.279, 7.849, 7.871, 7.654, 7.298, 7.366, 7.063, 6.7, 7.83, 7.944, 7.658, 8.048, 8.01, 7.48, 7.505, 9.302, 9.916, 9.406, 9.726, 9.78, 10.23, 10.606, 10.72, 10.656, 10.986, 11.089, 11.337, 11.575, 12.587, 13.018, 12.329, 10.952, 8.91, 7.35, 6.62, 7.01, 6.909, 7.909, 7.92, 7.54, 8.549, 8.082, 6.572, 5.983, 5.682, 5.95, 5.884, 5.65, 3.62, 3.06, 3.85], [1.63, 1.61, 1.19, 1.07, 0.97, 0.83, 0.65, 0, 1.03, 3.13, 3.45, 3.3, 3.34, 2.83, 2.45, 2.59, 2.66, 2.75, 2.8, 3.0, 3.22, 3.3, 3.13, 2.72, 2.73, 2.95, 4.16, 4.24, 4.49, 5.01, 5.24, 3.29, 4.35, 5.507, 6.069, 7.563, 8.116, 8.187, 7.97, 7.597, 7.664, 7.361, 6.998, 8.128, 8.243, 7.957, 8.336, 8.283, 7.778, 7.804, 9.617, 10.232, 9.722, 10.042, 10.096, 10.546, 10.936, 11.036, 10.986, 11.336, 11.439, 11.678, 11.922, 12.928, 13.359, 12.645, 11.302, 9.26, 7.7, 6.97, 7.36, 7.259, 8.259, 8.27, 7.89, 8.899, 8.432, 6.922, 6.322, 6.032, 6.243, 6.231, 5.938, 3.83, 2.95, 3.68], [1.66, 1.76, 1.5, 1.42, 1.32, 1.5, 1.4, 1.03, 0, 2.34, 2.7, 2.49, 2.59, 2.12, 1.94, 1.84, 1.91, 1.92, 2.01, 2.27, 2.41, 2.41, 2.28, 2.07, 1.88, 2.18, 3.37, 3.45, 3.7, 4.22, 4.49, 3.18, 4.754, 5.974, 6.59, 8.27, 8.783, 8.874, 8.657, 8.318, 8.386, 8.083, 7.72, 8.85, 8.964, 8.678, 9.057, 9.004, 8.5, 8.525, 10.304, 10.919, 10.409, 10.729, 10.783, 11.233, 11.606, 11.723, 11.656, 12.006, 12.109, 12.354, 12.592, 13.604, 14.038, 13.329, 11.972, 9.93, 8.37, 7.64, 8.03, 7.929, 8.929, 8.94, 8.56, 9.569, 9.102, 7.592, 7.006, 6.722, 6.967, 6.935, 6.642, 4.52, 2.84, 3.55], [2.84, 2.96, 3.1, 3.36, 3.28, 3.7, 3.46, 3.13, 2.34, 0, 1.68, 1.65, 1.51, 1.5, 1.82, 1.56, 1.49, 1.44, 1.65, 1.89, 2.03, 1.71, 1.52, 1.33, 1.18, 0.86, 1.25, 1.39, 1.6, 2.1, 2.41, 2.38, 5.903, 7.833, 8.712, 10.506, 10.954, 11.045, 10.868, 10.537, 10.605, 10.302, 9.939, 11.069, 11.183, 10.897, 11.276, 11.223, 10.704, 10.744, 12.535, 13.058, 12.508, 12.828, 12.882, 13.332, 13.722, 13.822, 13.772, 14.006, 14.169, 14.408, 14.632, 15.598, 16.001, 15.431, 13.992, 11.99, 10.45, 9.7, 10.09, 10.049, 11.049, 11.06, 10.64, 11.609, 11.162, 9.792, 9.172, 8.942, 9.206, 9.099, 8.846, 6.669, 3.601, 3.43], [3.16, 3.12, 3.34, 3.58, 3.68, 4.0, 3.8, 3.45, 2.7, 1.68, 0, 0.83, 1.29, 1.54, 1.96, 1.84, 1.89, 1.74, 1.55, 1.41, 1.43, 1.39, 1.54, 1.65, 1.52, 1.72, 1.79, 1.89, 2.18, 2.26, 2.41, 3.24, 6.311, 8.385, 8.915, 10.485, 11.032, 11.123, 10.921, 10.522, 10.58, 10.283, 9.914, 11.044, 11.176, 10.882, 11.269, 11.216, 10.703, 10.734, 12.568, 13.176, 12.672, 12.998, 13.046, 13.505, 13.909, 13.969, 13.944, 14.303, 14.406, 14.665, 14.901, 15.915, 16.35, 15.641, 14.277, 12.23, 10.67, 9.94, 10.33, 10.26, 11.277, 11.26, 10.86, 11.874, 11.407, 9.917, 9.383, 9.09, 9.23, 9.126, 8.83, 6.9, 4.28, 4.33], [2.93, 2.85, 3.09, 3.37, 3.45, 3.81, 3.59, 3.3, 2.49, 1.65, 0.83, 0, 1.08, 1.33, 1.61, 1.65, 1.82, 1.61, 1.3, 1.18, 1.22, 1.14, 1.27, 1.46, 1.41, 1.63, 1.96, 2.08, 2.37, 2.47, 2.68, 3.33, 5.92, 7.875, 8.543, 10.243, 10.684, 10.776, 10.607, 10.271, 10.338, 10.035, 9.672, 10.802, 10.928, 10.631, 11.015, 10.968, 10.47, 10.492, 12.266, 12.823, 12.322, 12.641, 12.69, 13.16, 13.53, 13.624, 13.572, 13.865, 13.968, 14.226, 14.462, 15.476, 15.908, 15.259, 13.824, 11.78, 10.22, 9.49, 9.88, 9.79, 10.83, 10.79, 10.41, 11.422, 10.954, 9.53, 8.953, 8.7, 9.0, 8.901, 8.62, 6.55, 3.99, 4.06], [2.97, 2.93, 3.19, 3.41, 3.47, 3.87, 3.69, 3.34, 2.59, 1.51, 1.29, 1.08, 0, 1.03, 1.63, 1.53, 1.46, 1.33, 1.18, 0.92, 1.0, 1.12, 1.19, 1.52, 1.55, 1.69, 1.96, 2.16, 2.53, 2.53, 2.58, 3.43, 6.538, 7.87, 8.676, 10.447, 10.912, 11.003, 10.826, 10.499, 10.566, 10.263, 9.9, 11.03, 11.144, 10.856, 11.234, 11.184, 10.671, 10.703, 12.496, 13.025, 12.418, 12.735, 12.789, 13.239, 13.615, 13.732, 13.702, 13.976, 14.139, 14.387, 14.608, 15.577, 15.988, 15.399, 13.942, 11.96, 10.4, 9.65, 10.04, 10.01, 11.002, 11.01, 10.59, 11.559, 11.132, 9.778, 9.133, 8.92, 9.208, 9.141, 8.868, 6.67, 4.21, 4.2], [2.52, 2.56, 2.64, 2.92, 2.9, 3.3, 3.14, 2.83, 2.12, 1.5, 1.54, 1.33, 1.03, 0, 0.98, 0.94, 1.13, 1.02, 0.91, 0.91, 1.17, 1.17, 0.84, 1.05, 1.2, 1.42, 1.91, 2.07, 2.32, 2.54, 2.89, 3.48, 6.17, 7.483, 8.248, 10.057, 10.534, 10.628, 10.436, 10.123, 10.181, 9.878, 9.525, 10.642, 10.748, 10.468, 10.841, 10.788, 10.278, 10.315, 12.08, 12.621, 12.074, 12.394, 12.448, 12.895, 13.265, 13.396, 13.329, 13.597, 13.739, 13.99, 14.209, 15.18, 15.621, 15.0, 13.554, 11.57, 10.01, 9.24, 9.63, 9.58, 10.56, 10.557, 10.137, 11.174, 10.727, 9.356, 8.68, 8.486, 8.826, 8.759, 8.486, 6.34, 4.02, 4.25], [2.04, 2.06, 2.06, 2.4, 2.54, 2.8, 2.7, 2.45, 1.94, 1.82, 1.96, 1.61, 1.63, 0.98, 0, 0.76, 1.23, 1.08, 0.83, 1.05, 1.37, 1.49, 1.28, 1.13, 1.3, 1.56, 2.35, 2.59, 2.84, 3.22, 3.55, 3.74, 6.19, 7.237, 7.79, 9.358, 9.783, 9.894, 9.722, 9.409, 9.436, 9.133, 8.79, 9.894, 10.017, 9.72, 10.108, 10.097, 9.599, 9.619, 11.358, 11.887, 11.357, 11.7, 11.734, 12.204, 12.571, 12.665, 12.601, 12.886, 13.028, 13.296, 13.512, 14.506, 14.962, 14.297, 12.829, 10.85, 9.29, 8.5, 8.89, 8.82, 9.84, 9.82, 9.42, 10.46, 10.03, 8.66, 8.12, 7.79, 8.13, 8.2, 7.87, 5.88, 4.2, 4.53], [2.1, 2.18, 2.26, 2.54, 2.62, 2.96, 2.92, 2.59, 1.84, 1.56, 1.84, 1.65, 1.53, 0.94, 0.76, 0, 0.91, 0.7, 0.99, 1.25, 1.43, 1.45, 1.14, 1.05, 0.94, 1.28, 2.29, 2.41, 2.66, 3.02, 3.45, 3.52, 6.11, 7.403, 7.847, 9.552, 10.003, 10.111, 9.928, 9.621, 9.659, 9.356, 9.005, 10.117, 10.235, 9.943, 10.316, 10.283, 9.785, 9.793, 11.572, 12.11, 11.611, 11.937, 11.974, 12.424, 12.808, 12.925, 12.87, 13.114, 13.217, 13.471, 13.709, 14.723, 15.164, 14.532, 13.054, 11.11, 9.49, 8.76, 9.11, 9.04, 10.06, 10.06, 9.64, 10.64, 10.23, 8.84, 8.26, 7.99, 8.31, 8.36, 8.05, 5.94, 3.96, 4.29], [2.33, 2.27, 2.43, 2.67, 2.79, 3.13, 2.91, 2.66, 1.91, 1.49, 1.89, 1.82, 1.46, 1.13, 1.23, 0.91, 0, 0.67, 1.08, 1.2, 1.58, 1.44, 1.25, 1.14, 1.01, 1.25, 2.12, 2.18, 2.31, 2.81, 3.32, 3.29, 6.24, 7.458, 7.874, 9.683, 10.201, 10.31, 10.093, 9.763, 9.81, 9.507, 9.147, 10.268, 10.374, 10.094, 10.467, 10.414, 9.904, 9.941, 11.711, 12.328, 11.818, 12.138, 12.193, 12.643, 13.016, 13.141, 13.074, 13.378, 13.481, 13.729, 13.97, 14.979, 15.417, 14.745, 13.319, 11.34, 9.76, 9.01, 9.38, 9.27, 10.27, 10.29, 9.91, 10.91, 10.5, 9.01, 8.37, 8.08, 8.42, 8.33, 8.06, 6.03, 3.91, 4.1], [2.32, 2.36, 2.5, 2.8, 2.78, 3.12, 3.02, 2.75, 1.92, 1.44, 1.74, 1.61, 1.33, 1.02, 1.08, 0.7, 0.67, 0, 0.83, 1.15, 1.35, 1.25, 1.1, 0.97, 0.96, 1.24, 2.19, 2.23, 2.44, 2.8, 3.29, 3.48, 6.29, 7.557, 7.984, 9.727, 10.197, 10.308, 10.117, 9.767, 9.814, 9.526, 9.168, 10.278, 10.412, 10.115, 10.5, 10.452, 9.948, 9.957, 11.747, 12.339, 11.835, 12.149, 12.214, 12.653, 13.04, 13.134, 13.084, 13.38, 13.483, 13.737, 13.973, 14.987, 15.43, 14.77, 13.357, 11.33, 9.77, 9.04, 9.41, 9.34, 10.36, 10.34, 9.94, 10.96, 10.507, 9.04, 8.4, 8.21, 8.45, 8.46, 8.13, 6.06, 3.98, 4.27], [2.19, 2.17, 2.35, 2.65, 2.81, 3.13, 3.05, 2.8, 2.01, 1.65, 1.55, 1.3, 1.18, 0.91, 0.83, 0.99, 1.08, 0.83, 0, 0.72, 0.86, 1.18, 1.19, 1.28, 1.33, 1.65, 2.12, 2.18, 2.45, 2.79, 3.2, 3.61, 6.36, 7.598, 7.994, 9.677, 10.136, 10.227, 10.03, 9.717, 9.758, 9.461, 9.098, 10.222, 10.345, 10.068, 10.438, 10.405, 9.924, 9.938, 11.683, 12.28, 11.773, 12.113, 12.144, 12.623, 12.987, 13.084, 13.014, 13.316, 13.419, 13.678, 13.913, 14.928, 15.38, 14.71, 13.242, 11.24, 9.66, 8.91, 9.28, 9.19, 10.19, 10.19, 9.81, 10.839, 10.412, 8.97, 8.402, 8.08, 8.42, 8.49, 8.16, 6.15, 4.19, 4.38], [2.55, 2.47, 2.61, 2.99, 3.09, 3.33, 3.23, 3.0, 2.27, 1.89, 1.41, 1.18, 0.92, 0.91, 1.05, 1.25, 1.2, 1.15, 0.72, 0, 0.64, 1.08, 1.09, 1.36, 1.45, 1.81, 2.16, 2.3, 2.59, 2.65, 2.94, 3.91, 6.68, 7.767, 8.28, 9.991, 10.452, 10.544, 10.361, 10.031, 10.092, 9.789, 9.432, 10.556, 10.673, 10.382, 10.766, 10.719, 10.212, 10.249, 12.011, 12.582, 12.084, 12.407, 12.458, 12.914, 13.278, 13.395, 13.331, 13.607, 13.71, 13.966, 14.202, 15.216, 15.663, 15.022, 13.536, 11.56, 9.96, 9.21, 9.58, 9.49, 10.484, 10.49, 10.11, 11.133, 10.7, 9.264, 8.639, 8.4, 8.74, 8.725, 8.42, 6.43, 4.47, 4.64], [2.69, 2.69, 2.77, 3.07, 3.21, 3.53, 3.45, 3.22, 2.41, 2.03, 1.43, 1.22, 1.0, 1.17, 1.37, 1.43, 1.58, 1.35, 0.86, 0.64, 0, 0.82, 1.15, 1.64, 1.65, 1.93, 2.1, 2.4, 2.71, 2.77, 3.0, 3.89, 6.664, 8.073, 8.494, 10.237, 10.709, 10.807, 10.59, 10.277, 10.338, 10.035, 9.678, 10.796, 10.916, 10.628, 10.995, 10.985, 10.478, 10.498, 12.245, 12.839, 12.344, 12.673, 12.704, 13.197, 13.544, 13.658, 13.594, 13.878, 13.981, 14.24, 14.476, 15.49, 15.931, 15.27, 13.81, 11.82, 10.24, 9.49, 9.854, 9.767, 10.762, 10.764, 10.384, 11.407, 10.98, 9.507, 8.922, 8.623, 8.963, 8.994, 8.7, 6.61, 4.49, 4.7], [2.89, 2.89, 3.05, 3.31, 3.37, 3.75, 3.51, 3.3, 2.41, 1.71, 1.39, 1.14, 1.12, 1.17, 1.49, 1.45, 1.44, 1.25, 1.18, 1.08, 0.82, 0, 0.73, 1.16, 1.15, 1.49, 1.86, 2.24, 2.55, 2.69, 2.98, 3.81, 6.584, 8.135, 8.725, 10.46, 10.944, 11.036, 10.833, 10.52, 10.567, 10.264, 9.901, 11.031, 11.151, 10.857, 11.244, 11.191, 10.701, 10.721, 12.494, 13.089, 12.579, 12.916, 12.953, 13.423, 13.787, 13.887, 13.817, 14.142, 14.245, 14.503, 14.739, 15.753, 16.188, 15.513, 14.082, 12.06, 10.48, 9.75, 10.14, 10.047, 11.047, 11.05, 10.67, 11.679, 11.232, 9.742, 9.193, 8.883, 9.203, 9.087, 8.794, 6.75, 4.33, 4.56], [2.82, 2.94, 2.92, 3.18, 3.16, 3.56, 3.36, 3.13, 2.28, 1.52, 1.54, 1.27, 1.19, 0.84, 1.28, 1.14, 1.25, 1.1, 1.19, 1.09, 1.15, 0.73, 0, 0.89, 0.9, 1.26, 1.75, 2.07, 2.32, 2.48, 2.93, 3.62, 6.331, 7.839, 8.589, 10.387, 10.86, 10.951, 10.751, 10.441, 10.499, 10.196, 9.842, 10.963, 11.072, 10.789, 11.165, 11.112, 10.616, 10.636, 12.409, 12.992, 12.482, 12.814, 12.857, 13.307, 13.697, 13.802, 13.741, 14.008, 14.111, 14.365, 14.603, 15.615, 16.049, 15.418, 13.949, 11.97, 10.37, 9.62, 9.99, 9.9, 10.886, 10.88, 10.5, 11.546, 11.107, 9.654, 9.0, 8.79, 9.121, 8.994, 8.741, 6.58, 4.1, 4.41], [2.49, 2.57, 2.57, 2.85, 2.87, 3.23, 2.99, 2.72, 2.07, 1.33, 1.65, 1.46, 1.52, 1.05, 1.13, 1.05, 1.14, 0.97, 1.28, 1.36, 1.64, 1.16, 0.89, 0, 0.55, 0.87, 1.86, 2.02, 2.25, 2.61, 3.08, 3.41, 5.921, 7.535, 8.162, 9.917, 10.367, 10.458, 10.287, 9.948, 10.015, 9.727, 9.349, 10.479, 10.602, 10.311, 10.695, 10.642, 10.127, 10.158, 11.943, 12.483, 11.979, 12.302, 12.353, 12.797, 13.188, 13.284, 13.229, 13.525, 13.628, 13.881, 14.12, 15.131, 15.56, 14.914, 13.502, 11.46, 9.9, 9.17, 9.56, 9.49, 10.504, 10.49, 10.09, 11.099, 10.632, 9.202, 8.61, 8.38, 8.66, 8.498, 8.265, 6.21, 3.81, 4.18], [2.4, 2.58, 2.56, 2.8, 2.82, 3.2, 2.96, 2.73, 1.88, 1.18, 1.52, 1.41, 1.55, 1.2, 1.3, 0.94, 1.01, 0.96, 1.33, 1.45, 1.65, 1.15, 0.9, 0.55, 0, 0.74, 1.83, 1.97, 2.14, 2.58, 3.05, 3.12, 5.77, 7.482, 8.115, 9.833, 10.28, 10.371, 10.215, 9.878, 9.928, 9.643, 9.262, 10.392, 10.536, 10.227, 10.611, 10.576, 10.077, 10.074, 11.862, 12.419, 11.929, 12.235, 12.286, 12.741, 13.123, 13.232, 13.182, 13.46, 13.563, 13.82, 14.055, 15.07, 15.501, 14.852, 13.454, 11.41, 9.85, 9.12, 9.51, 9.42, 10.454, 10.42, 10.04, 11.052, 10.584, 9.154, 8.563, 8.33, 8.59, 8.466, 8.198, 6.16, 3.5, 3.89], [2.68, 2.88, 2.94, 3.16, 3.1, 3.52, 3.28, 2.95, 2.18, 0.86, 1.72, 1.63, 1.69, 1.42, 1.56, 1.28, 1.25, 1.24, 1.65, 1.81, 1.93, 1.49, 1.26, 0.87, 0.74, 0, 1.43, 1.63, 1.82, 2.26, 2.67, 2.76, 5.745, 7.713, 8.478, 10.255, 10.714, 10.806, 10.614, 10.289, 10.356, 10.071, 9.69, 10.82, 10.941, 10.652, 11.031, 10.981, 10.462, 10.499, 12.284, 12.81, 12.283, 12.6, 12.654, 13.104, 13.492, 13.591, 13.539, 13.812, 13.955, 14.197, 14.421, 15.407, 15.816, 15.204, 13.812, 11.77, 10.23, 9.46, 9.89, 9.82, 10.832, 10.82, 10.42, 11.429, 10.942, 9.552, 8.932, 8.724, 8.989, 8.842, 8.609, 6.46, 3.54, 3.59], [3.87, 3.93, 4.07, 4.35, 4.15, 4.69, 4.45, 4.16, 3.37, 1.25, 1.79, 1.96, 1.96, 1.91, 2.35, 2.29, 2.12, 2.19, 2.12, 2.16, 2.1, 1.86, 1.75, 1.86, 1.83, 1.43, 0, 0.6, 0.97, 1.31, 1.6, 2.51, 6.492, 8.849, 9.655, 11.516, 11.989, 12.087, 11.909, 11.579, 11.64, 11.337, 10.98, 12.098, 12.204, 11.924, 12.297, 12.244, 11.731, 11.771, 13.539, 14.079, 13.529, 13.849, 13.904, 14.353, 14.721, 14.852, 14.782, 15.089, 15.232, 15.46, 15.69, 16.65, 17.041, 16.415, 15.05, 13.02, 11.5, 10.71, 11.114, 11.027, 12.047, 12.044, 11.644, 12.667, 12.22, 10.807, 10.13, 9.896, 10.236, 10.129, 9.876, 7.623, 4.539, 4.103], [4.01, 4.03, 4.15, 4.43, 4.23, 4.77, 4.53, 4.24, 3.45, 1.39, 1.89, 2.08, 2.16, 2.07, 2.59, 2.41, 2.18, 2.23, 2.18, 2.3, 2.4, 2.24, 2.07, 2.02, 1.97, 1.63, 0.6, 0, 0.65, 1.01, 1.36, 2.55, 6.586, 8.969, 9.704, 11.568, 12.029, 12.127, 11.95, 11.631, 11.692, 11.389, 11.032, 12.15, 12.256, 11.973, 12.346, 12.296, 11.78, 11.82, 13.584, 14.153, 13.646, 13.966, 14.024, 14.471, 14.838, 14.972, 14.902, 15.183, 15.286, 15.511, 15.764, 16.761, 17.15, 16.526, 15.124, 13.14, 11.56, 10.81, 11.18, 11.09, 12.087, 12.084, 11.704, 12.727, 12.3, 10.847, 10.17, 9.968, 10.308, 10.181, 9.948, 7.695, 4.593, 4.183], [4.26, 4.28, 4.4, 4.68, 4.48, 5.02, 4.78, 4.49, 3.7, 1.6, 2.18, 2.37, 2.53, 2.32, 2.84, 2.66, 2.31, 2.44, 2.45, 2.59, 2.71, 2.55, 2.32, 2.25, 2.14, 1.82, 0.97, 0.65, 0, 0.74, 1.43, 2.52, 6.813, 9.159, 9.914, 11.795, 12.243, 12.334, 12.157, 11.841, 11.899, 11.596, 11.242, 12.363, 12.463, 12.183, 12.556, 12.503, 11.99, 12.03, 13.795, 14.363, 13.857, 14.177, 14.231, 14.681, 15.048, 15.179, 15.109, 15.391, 15.493, 15.715, 15.968, 16.965, 17.36, 16.733, 15.331, 13.35, 11.77, 11.02, 11.39, 11.3, 12.314, 12.28, 11.9, 12.934, 12.507, 11.097, 10.36, 10.21, 10.55, 10.431, 10.19, 7.92, 4.823, 4.413], [4.76, 4.78, 4.92, 5.2, 5.0, 5.54, 5.3, 5.01, 4.22, 2.1, 2.26, 2.47, 2.53, 2.54, 3.22, 3.02, 2.81, 2.8, 2.79, 2.65, 2.77, 2.69, 2.48, 2.61, 2.58, 2.26, 1.31, 1.01, 0.74, 0, 1.07, 3.0, 7.37, 9.699, 10.451, 12.338, 12.783, 12.894, 12.717, 12.398, 12.445, 12.142, 11.799, 12.9, 13.02, 12.72, 13.093, 13.06, 12.527, 12.567, 14.332, 14.883, 14.377, 14.697, 14.771, 15.201, 15.568, 15.705, 15.635, 15.913, 16.016, 16.258, 16.494, 17.491, 17.894, 17.256, 15.857, 13.89, 12.31, 11.56, 11.91, 11.84, 12.86, 12.82, 12.42, 13.474, 13.047, 11.64, 10.92, 10.75, 11.09, 10.988, 10.73, 8.46, 5.36, 4.95], [4.99, 5.05, 5.19, 5.43, 5.23, 5.77, 5.55, 5.24, 4.49, 2.41, 2.41, 2.68, 2.58, 2.89, 3.55, 3.45, 3.32, 3.29, 3.2, 2.94, 3.0, 2.98, 2.93, 3.08, 3.05, 2.67, 1.6, 1.36, 1.43, 1.07, 0, 3.09, 7.589, 9.852, 10.758, 12.604, 13.058, 13.149, 12.972, 12.645, 12.708, 12.406, 12.046, 13.173, 13.275, 12.995, 13.368, 13.315, 12.802, 12.842, 14.622, 15.142, 14.601, 14.921, 14.975, 15.425, 15.792, 15.923, 15.853, 16.089, 16.252, 16.477, 16.709, 17.667, 18.033, 17.477, 16.05, 14.1, 12.54, 11.77, 12.16, 12.13, 13.13, 13.13, 12.71, 13.67, 13.263, 11.906, 11.233, 11.04, 11.376, 11.249, 11.016, 8.75, 5.596, 5.106], [2.8, 2.86, 2.98, 3.24, 3.18, 3.64, 3.62, 3.29, 3.18, 2.38, 3.24, 3.33, 3.43, 3.48, 3.74, 3.52, 3.29, 3.48, 3.61, 3.91, 3.89, 3.81, 3.62, 3.41, 3.12, 2.76, 2.51, 2.55, 2.52, 3.0, 3.09, 0, 4.87, 7.099, 8.036, 9.886, 10.353, 10.451, 10.264, 9.957, 10.007, 9.704, 9.358, 10.459, 10.565, 10.282, 10.652, 10.605, 10.086, 10.126, 11.897, 12.434, 11.853, 12.173, 12.23, 12.674, 13.041, 13.182, 13.132, 13.388, 13.551, 13.781, 14.011, 14.971, 15.349, 14.779, 13.348, 11.43, 9.87, 9.1, 9.45, 9.4, 10.4, 10.38, 9.96, 10.98, 10.57, 9.2, 8.5, 8.31, 8.65, 8.56, 8.29, 6.06, 2.82, 2.47], [4.874, 5.074, 4.66, 4.246, 4.103, 4.286, 4.323, 4.35, 4.754, 5.903, 6.311, 5.92, 6.538, 6.17, 6.19, 6.11, 6.24, 6.29, 6.36, 6.68, 6.664, 6.584, 6.331, 5.921, 5.77, 5.745, 6.492, 6.586, 6.813, 7.37, 7.589, 4.87, 0, 2.44, 3.41, 5.079, 5.538, 5.641, 5.452, 5.142, 5.197, 4.912, 4.569, 5.658, 5.784, 5.507, 5.857, 5.804, 5.297, 5.357, 7.099, 7.628, 7.118, 7.438, 7.498, 7.945, 8.312, 8.449, 8.379, 8.627, 8.749, 8.977, 9.201, 10.204, 10.607, 10.006, 8.564, 6.64, 5.06, 4.63, 4.8, 4.91, 5.67, 5.69, 5.35, 6.25, 5.86, 4.79, 4.59, 4.48, 4.98, 4.61, 4.52, 3.15, 2.61, 2.96], [6.028, 6.154, 5.743, 5.428, 5.303, 5.252, 5.343, 5.507, 5.974, 7.833, 8.385, 7.875, 7.87, 7.483, 7.237, 7.403, 7.458, 7.557, 7.598, 7.767, 8.073, 8.135, 7.839, 7.535, 7.482, 7.713, 8.849, 8.969, 9.159, 9.699, 9.852, 7.099, 2.44, 0, 1.37, 2.92, 3.286, 3.463, 3.343, 3.18, 3.19, 2.97, 2.41, 3.58, 3.68, 3.44, 3.723, 3.68, 3.121, 3.17, 4.893, 5.367, 4.855, 5.175, 5.223, 5.653, 6.015, 6.19, 6.076, 6.37, 6.504, 6.766, 6.947, 7.91, 8.322, 7.744, 6.29, 4.6, 4.1, 4.19, 4.42, 4.57, 5.07, 5.01, 4.67, 5.07, 4.86, 4.35, 4.29, 4.26, 4.72, 4.67, 4.58, 3.53, 4.45, 5.034], [6.35, 6.35, 6.059, 5.739, 5.908, 5.714, 5.948, 6.069, 6.59, 8.712, 8.915, 8.543, 8.676, 8.248, 7.79, 7.847, 7.874, 7.984, 7.994, 8.28, 8.494, 8.725, 8.589, 8.162, 8.115, 8.478, 9.655, 9.704, 9.914, 10.451, 10.758, 8.036, 3.41, 1.37, 0, 1.95, 2.42, 2.64, 2.48, 2.37, 2.4, 2.24, 1.76, 2.87, 2.81, 2.69, 2.88, 2.75, 2.26, 2.32, 4.05, 4.57, 4.16, 4.54, 4.56, 4.91, 5.24, 5.4, 5.33, 5.66, 5.7, 5.947, 6.16, 7.149, 7.58, 6.909, 5.58, 4.21, 3.99, 4.3, 4.69, 4.64, 5.06, 4.98, 4.72, 4.9, 4.67, 4.32, 4.4, 4.39, 4.83, 4.92, 4.83, 4.114, 5.277, 5.969], [7.818, 7.805, 7.616, 7.396, 7.556, 7.039, 7.279, 7.563, 8.27, 10.506, 10.485, 10.243, 10.447, 10.057, 9.358, 9.552, 9.683, 9.727, 9.677, 9.991, 10.237, 10.46, 10.387, 9.917, 9.833, 10.255, 11.516, 11.568, 11.795, 12.338, 12.604, 9.886, 5.079, 2.92, 1.95, 0, 0.95, 1.11, 1.33, 1.22, 1.45, 1.47, 1.59, 2.16, 1.6, 1.28, 1.27, 1.2, 0.91, 1.01, 2.62, 3.2, 3.09, 3.25, 3.23, 3.42, 3.67, 3.89, 3.98, 4.27, 4.09, 4.3, 4.57, 5.49, 5.962, 5.213, 4.19, 3.24, 3.54, 3.99, 4.48, 4.31, 4.75, 4.59, 4.41, 4.17, 4.14, 4.09, 4.51, 4.42, 4.62, 4.75, 4.62, 4.67, 7.106, 7.807], [8.24, 8.209, 8.094, 7.871, 8.071, 7.612, 7.849, 8.116, 8.783, 10.954, 11.032, 10.684, 10.912, 10.534, 9.783, 10.003, 10.201, 10.197, 10.136, 10.452, 10.709, 10.944, 10.86, 10.367, 10.28, 10.714, 11.989, 12.029, 12.243, 12.783, 13.058, 10.353, 5.538, 3.286, 2.42, 0.95, 0, 0.9, 1.24, 1.29, 1.54, 1.6, 1.92, 1.97, 1.67, 1.39, 1.12, 1.31, 1.4, 1.42, 2.37, 2.79, 2.72, 2.9, 2.8, 3.07, 3.36, 3.58, 3.61, 3.8, 3.62, 3.83, 3.98, 4.975, 5.533, 4.72, 3.66, 2.97, 3.35, 3.82, 4.33, 4.12, 4.58, 4.38, 4.28, 4.0, 3.97, 4.08, 4.48, 4.51, 4.75, 4.88, 4.79, 4.76, 7.559, 8.251], [8.311, 8.28, 8.186, 7.963, 8.163, 7.634, 7.871, 8.187, 8.874, 11.045, 11.123, 10.776, 11.003, 10.628, 9.894, 10.111, 10.31, 10.308, 10.227, 10.544, 10.807, 11.036, 10.951, 10.458, 10.371, 10.806, 12.087, 12.127, 12.334, 12.894, 13.149, 10.451, 5.641, 3.463, 2.64, 1.11, 0.9, 0, 0.74, 0.99, 1.18, 1.4, 1.56, 1.55, 1.29, 1.29, 1.42, 1.31, 1.3, 1.12, 1.93, 2.43, 2.3, 2.56, 2.52, 2.75, 3.08, 3.3, 3.31, 3.64, 3.46, 3.71, 3.94, 4.881, 5.419, 4.615, 3.52, 2.59, 2.87, 3.26, 3.73, 3.62, 4.06, 3.88, 3.74, 3.52, 3.47, 3.56, 3.96, 4.03, 4.27, 4.52, 4.51, 4.82, 7.665, 8.362], [8.161, 8.143, 7.968, 7.746, 7.946, 7.417, 7.654, 7.97, 8.657, 10.868, 10.921, 10.607, 10.826, 10.436, 9.722, 9.928, 10.093, 10.117, 10.03, 10.361, 10.59, 10.833, 10.751, 10.287, 10.215, 10.614, 11.909, 11.95, 12.157, 12.717, 12.972, 10.264, 5.452, 3.343, 2.48, 1.33, 1.24, 0.74, 0, 0.71, 0.94, 1.32, 1.5, 1.39, 1.23, 1.39, 1.58, 1.51, 1.46, 1.24, 2.09, 2.55, 2.48, 2.8, 2.8, 3.07, 3.38, 3.62, 3.53, 3.92, 3.72, 3.93, 4.14, 5.1, 5.564, 4.72, 3.74, 2.83, 2.89, 3.24, 3.65, 3.62, 4.02, 3.92, 3.74, 3.66, 3.51, 3.52, 3.92, 3.99, 4.19, 4.42, 4.47, 4.72, 7.482, 8.182], [7.835, 7.841, 7.636, 7.413, 7.596, 7.061, 7.298, 7.597, 8.318, 10.537, 10.522, 10.271, 10.499, 10.123, 9.409, 9.621, 9.763, 9.767, 9.717, 10.031, 10.277, 10.52, 10.441, 9.948, 9.878, 10.289, 11.579, 11.631, 11.841, 12.398, 12.645, 9.957, 5.142, 3.18, 2.37, 1.22, 1.29, 0.99, 0.71, 0, 0.83, 1.01, 1.37, 1.58, 1.34, 1.26, 1.37, 1.42, 1.27, 1.11, 2.42, 3.04, 2.95, 3.23, 3.27, 3.54, 3.85, 4.05, 3.94, 4.27, 4.11, 4.36, 4.57, 5.55, 6.045, 5.21, 4.17, 3.28, 3.38, 3.75, 4.16, 4.11, 4.53, 4.39, 4.21, 4.11, 3.94, 3.91, 4.23, 4.24, 4.4, 4.65, 4.6, 4.71, 7.177, 7.866], [7.888, 7.828, 7.703, 7.48, 7.659, 7.128, 7.366, 7.664, 8.386, 10.605, 10.58, 10.338, 10.566, 10.181, 9.436, 9.659, 9.81, 9.814, 9.758, 10.092, 10.338, 10.567, 10.499, 10.015, 9.928, 10.356, 11.64, 11.692, 11.899, 12.445, 12.708, 10.007, 5.197, 3.19, 2.4, 1.45, 1.54, 1.18, 0.94, 0.83, 0, 0.72, 1.14, 1.27, 1.25, 1.09, 1.36, 1.37, 1.28, 1.2, 2.43, 3.01, 2.94, 3.22, 3.18, 3.49, 3.78, 3.98, 3.89, 4.12, 4.04, 4.31, 4.484, 5.507, 6.047, 5.24, 4.12, 3.31, 3.37, 3.66, 3.99, 4.08, 4.44, 4.38, 4.18, 4.16, 4.05, 4.02, 4.36, 4.37, 4.55, 4.82, 4.73, 4.88, 7.225, 7.913], [7.565, 7.525, 7.397, 7.174, 7.357, 6.826, 7.063, 7.361, 8.083, 10.302, 10.283, 10.035, 10.263, 9.878, 9.133, 9.356, 9.507, 9.526, 9.461, 9.789, 10.035, 10.264, 10.196, 9.727, 9.643, 10.071, 11.337, 11.389, 11.596, 12.142, 12.406, 9.704, 4.912, 2.97, 2.24, 1.47, 1.6, 1.4, 1.32, 1.01, 0.72, 0, 0.94, 1.43, 1.33, 1.17, 1.36, 1.57, 1.42, 1.4, 2.73, 3.29, 3.2, 3.38, 3.32, 3.65, 3.96, 4.14, 4.07, 4.38, 4.36, 4.69, 4.87, 5.907, 6.467, 5.62, 4.34, 3.47, 3.57, 3.86, 4.17, 4.28, 4.64, 4.58, 4.38, 4.36, 4.21, 4.22, 4.54, 4.53, 4.73, 4.98, 4.89, 4.8, 6.925, 7.613], [7.202, 7.182, 7.037, 6.814, 6.997, 6.48, 6.7, 6.998, 7.72, 9.939, 9.914, 9.672, 9.9, 9.525, 8.79, 9.005, 9.147, 9.168, 9.098, 9.432, 9.678, 9.901, 9.842, 9.349, 9.262, 9.69, 10.98, 11.032, 11.242, 11.799, 12.046, 9.358, 4.569, 2.41, 1.76, 1.59, 1.92, 1.56, 1.5, 1.37, 1.14, 0.94, 0, 1.43, 1.45, 1.27, 1.66, 1.63, 1.38, 1.26, 2.83, 3.43, 3.16, 3.36, 3.38, 3.81, 4.22, 4.28, 4.29, 4.56, 4.64, 4.945, 5.168, 6.156, 6.716, 5.932, 4.6, 3.23, 3.19, 3.42, 3.83, 3.82, 4.3, 4.2, 3.9, 4.06, 3.77, 3.72, 4.1, 4.11, 4.29, 4.56, 4.45, 4.48, 6.579, 7.267], [8.332, 8.292, 8.164, 7.941, 8.123, 7.593, 7.83, 8.128, 8.85, 11.069, 11.044, 10.802, 11.03, 10.642, 9.894, 10.117, 10.268, 10.278, 10.222, 10.556, 10.796, 11.031, 10.963, 10.479, 10.392, 10.82, 12.098, 12.15, 12.363, 12.9, 13.173, 10.459, 5.658, 3.58, 2.87, 2.16, 1.97, 1.55, 1.39, 1.58, 1.27, 1.43, 1.43, 0, 0.9, 1.5, 1.61, 1.88, 1.85, 1.53, 2.18, 2.7, 2.53, 2.71, 2.71, 3.02, 3.29, 3.43, 3.46, 3.67, 3.73, 4.08, 4.223, 5.223, 5.783, 4.9, 3.59, 2.78, 2.7, 3.01, 3.3, 3.45, 3.75, 3.67, 3.47, 3.67, 3.34, 3.39, 3.79, 3.84, 3.96, 4.35, 4.36, 4.69, 7.68, 8.363], [8.467, 8.429, 8.287, 8.055, 8.229, 7.704, 7.944, 8.243, 8.964, 11.183, 11.176, 10.928, 11.144, 10.748, 10.017, 10.235, 10.374, 10.412, 10.345, 10.673, 10.916, 11.151, 11.072, 10.602, 10.536, 10.941, 12.204, 12.256, 12.463, 13.02, 13.275, 10.565, 5.784, 3.68, 2.81, 1.6, 1.67, 1.29, 1.23, 1.34, 1.25, 1.33, 1.45, 0.9, 0, 0.96, 1.13, 1.32, 1.27, 1.03, 2.0, 2.66, 2.55, 2.67, 2.69, 3.04, 3.31, 3.49, 3.42, 3.59, 3.63, 3.94, 4.05, 5.037, 5.597, 4.731, 3.47, 2.7, 2.84, 3.29, 3.78, 3.67, 3.99, 3.87, 3.75, 3.59, 3.48, 3.63, 4.11, 4.24, 4.3, 4.65, 4.7, 5.13, 7.786, 8.469], [8.175, 8.135, 8.009, 7.767, 7.949, 7.421, 7.658, 7.957, 8.678, 10.897, 10.882, 10.631, 10.856, 10.468, 9.72, 9.943, 10.094, 10.115, 10.068, 10.382, 10.628, 10.857, 10.789, 10.311, 10.227, 10.652, 11.924, 11.973, 12.183, 12.72, 12.995, 10.282, 5.507, 3.44, 2.69, 1.28, 1.39, 1.29, 1.39, 1.26, 1.09, 1.17, 1.27, 1.5, 0.96, 0, 0.75, 1.1, 0.97, 0.95, 2.48, 3.08, 3.07, 3.05, 3.09, 3.26, 3.51, 3.73, 3.7, 3.79, 3.79, 4.1, 4.23, 5.27, 5.797, 4.93, 3.73, 3.02, 3.38, 3.83, 4.26, 4.19, 4.55, 4.43, 4.31, 4.05, 4.04, 4.17, 4.61, 4.68, 4.78, 5.01, 4.92, 5.21, 7.5, 8.186], [8.559, 8.522, 8.379, 8.142, 8.322, 7.811, 8.048, 8.336, 9.057, 11.276, 11.269, 11.015, 11.234, 10.841, 10.108, 10.316, 10.467, 10.5, 10.438, 10.766, 10.995, 11.244, 11.165, 10.695, 10.611, 11.031, 12.297, 12.346, 12.556, 13.093, 13.368, 10.652, 5.857, 3.723, 2.88, 1.27, 1.12, 1.42, 1.58, 1.37, 1.36, 1.36, 1.66, 1.61, 1.13, 0.75, 0, 0.91, 1.12, 1.18, 2.43, 3.01, 3.14, 3.06, 3.02, 3.21, 3.48, 3.72, 3.69, 3.64, 3.54, 3.83, 3.98, 5.02, 5.527, 4.64, 3.6, 3.09, 3.51, 3.98, 4.47, 4.32, 4.68, 4.56, 4.48, 4.2, 4.17, 4.32, 4.76, 4.77, 4.93, 5.08, 4.93, 5.24, 7.875, 8.561], [8.529, 8.515, 8.347, 8.144, 8.287, 7.773, 8.01, 8.283, 9.004, 11.223, 11.216, 10.968, 11.184, 10.788, 10.097, 10.283, 10.414, 10.452, 10.405, 10.719, 10.985, 11.191, 11.112, 10.642, 10.576, 10.981, 12.244, 12.296, 12.503, 13.06, 13.315, 10.605, 5.804, 3.68, 2.75, 1.2, 1.31, 1.31, 1.51, 1.42, 1.37, 1.57, 1.63, 1.88, 1.32, 1.1, 0.91, 0, 0.93, 1.07, 2.5, 3.16, 3.05, 3.19, 3.03, 3.3, 3.53, 3.71, 3.74, 3.67, 3.57, 3.84, 4.09, 4.99, 5.45, 4.662, 3.63, 3.04, 3.5, 4.01, 4.52, 4.27, 4.75, 4.55, 4.43, 4.13, 4.12, 4.23, 4.61, 4.62, 4.78, 5.03, 5.0, 5.29, 7.826, 8.509], [8.052, 8.02, 7.857, 7.637, 7.777, 7.26, 7.48, 7.778, 8.5, 10.704, 10.703, 10.47, 10.671, 10.278, 9.599, 9.785, 9.904, 9.948, 9.924, 10.212, 10.478, 10.701, 10.616, 10.127, 10.077, 10.462, 11.731, 11.78, 11.99, 12.527, 12.802, 10.086, 5.297, 3.121, 2.26, 0.91, 1.4, 1.3, 1.46, 1.27, 1.28, 1.42, 1.38, 1.85, 1.27, 0.97, 1.12, 0.93, 0, 0.74, 2.37, 3.05, 2.88, 3.04, 3.0, 3.21, 3.4, 3.64, 3.53, 3.74, 3.76, 4.07, 4.303, 5.263, 5.716, 4.986, 3.8, 2.91, 3.23, 3.7, 4.21, 4.0, 4.46, 4.28, 4.12, 3.86, 3.81, 3.8, 4.24, 4.31, 4.39, 4.68, 4.71, 4.94, 7.313, 7.996], [8.059, 8.005, 7.877, 7.657, 7.817, 7.283, 7.505, 7.804, 8.525, 10.744, 10.734, 10.492, 10.703, 10.315, 9.619, 9.793, 9.941, 9.957, 9.938, 10.249, 10.498, 10.721, 10.636, 10.158, 10.074, 10.499, 11.771, 11.82, 12.03, 12.567, 12.842, 10.126, 5.357, 3.17, 2.32, 1.01, 1.42, 1.12, 1.24, 1.11, 1.2, 1.4, 1.26, 1.53, 1.03, 0.95, 1.18, 1.07, 0.74, 0, 2.13, 2.79, 2.66, 2.9, 2.88, 3.15, 3.48, 3.66, 3.67, 3.88, 3.82, 4.13, 4.366, 5.336, 5.814, 5.066, 3.94, 2.83, 3.09, 3.5, 3.99, 3.86, 4.3, 4.14, 3.96, 3.74, 3.71, 3.72, 4.1, 4.17, 4.27, 4.56, 4.53, 4.9, 7.35, 8.036], [9.819, 9.776, 9.613, 9.401, 9.581, 9.059, 9.302, 9.617, 10.304, 12.535, 12.568, 12.266, 12.496, 12.08, 11.358, 11.572, 11.711, 11.747, 11.683, 12.011, 12.245, 12.494, 12.409, 11.943, 11.862, 12.284, 13.539, 13.584, 13.795, 14.332, 14.622, 11.897, 7.099, 4.893, 4.05, 2.62, 2.37, 1.93, 2.09, 2.42, 2.43, 2.73, 2.83, 2.18, 2.0, 2.48, 2.43, 2.5, 2.37, 2.13, 0, 1.0, 1.13, 1.35, 1.29, 1.56, 1.99, 2.17, 2.06, 2.29, 2.11, 2.32, 2.59, 3.514, 4.074, 3.25, 2.41, 1.68, 2.44, 3.11, 3.2, 3.21, 2.81, 2.71, 2.91, 2.41, 2.28, 3.03, 3.75, 3.92, 3.86, 4.19, 4.3, 5.95, 9.117, 9.821], [10.325, 10.313, 10.224, 10.004, 10.201, 9.676, 9.916, 10.232, 10.919, 13.058, 13.176, 12.823, 13.025, 12.621, 11.887, 12.11, 12.328, 12.339, 12.28, 12.582, 12.839, 13.089, 12.992, 12.483, 12.419, 12.81, 14.079, 14.153, 14.363, 14.883, 15.142, 12.434, 7.628, 5.367, 4.57, 3.2, 2.79, 2.43, 2.55, 3.04, 3.01, 3.29, 3.43, 2.7, 2.66, 3.08, 3.01, 3.16, 3.05, 2.79, 1.0, 0, 0.81, 0.87, 0.85, 0.86, 1.31, 1.39, 1.46, 1.71, 1.53, 1.72, 1.91, 2.917, 3.477, 2.61, 1.93, 1.96, 2.94, 3.527, 3.48, 3.53, 2.85, 2.87, 3.25, 2.33, 2.16, 3.376, 4.15, 4.343, 4.26, 4.51, 4.74, 6.567, 9.666, 10.341], [9.809, 9.806, 9.731, 9.5, 9.691, 9.166, 9.406, 9.722, 10.409, 12.508, 12.672, 12.322, 12.418, 12.074, 11.357, 11.611, 11.818, 11.835, 11.773, 12.084, 12.344, 12.579, 12.482, 11.979, 11.929, 12.283, 13.529, 13.646, 13.857, 14.377, 14.601, 11.853, 7.118, 4.855, 4.16, 3.09, 2.72, 2.3, 2.48, 2.95, 2.94, 3.2, 3.16, 2.53, 2.55, 3.07, 3.14, 3.05, 2.88, 2.66, 1.13, 0.81, 0, 0.74, 0.72, 1.05, 1.42, 1.6, 1.71, 1.94, 2.0, 2.21, 2.395, 3.381, 3.921, 3.1, 2.22, 1.83, 2.59, 3.14, 3.23, 3.3, 2.72, 2.66, 3.0, 2.24, 1.87, 3.04, 3.78, 3.95, 3.87, 4.34, 4.45, 6.057, 9.156, 9.74], [10.132, 10.146, 10.051, 9.828, 10.011, 9.486, 9.726, 10.042, 10.729, 12.828, 12.998, 12.641, 12.735, 12.394, 11.7, 11.937, 12.138, 12.149, 12.113, 12.407, 12.673, 12.916, 12.814, 12.302, 12.235, 12.6, 13.849, 13.966, 14.177, 14.697, 14.921, 12.173, 7.438, 5.175, 4.54, 3.25, 2.9, 2.56, 2.8, 3.23, 3.22, 3.38, 3.36, 2.71, 2.67, 3.05, 3.06, 3.19, 3.04, 2.9, 1.35, 0.87, 0.74, 0, 0.6, 0.77, 1.08, 1.22, 1.43, 1.64, 1.76, 2.01, 2.19, 3.167, 3.667, 2.84, 1.96, 1.67, 2.83, 3.32, 3.29, 3.34, 2.7, 2.64, 3.06, 2.1, 1.97, 3.26, 3.94, 4.138, 3.95, 4.34, 4.55, 6.377, 9.476, 10.06], [10.183, 10.178, 10.088, 9.883, 10.065, 9.54, 9.78, 10.096, 10.783, 12.882, 13.046, 12.69, 12.789, 12.448, 11.734, 11.974, 12.193, 12.214, 12.144, 12.458, 12.704, 12.953, 12.857, 12.353, 12.286, 12.654, 13.904, 14.024, 14.231, 14.771, 14.975, 12.23, 7.498, 5.223, 4.56, 3.23, 2.8, 2.52, 2.8, 3.27, 3.18, 3.32, 3.38, 2.71, 2.69, 3.09, 3.02, 3.03, 3.0, 2.88, 1.29, 0.85, 0.72, 0.6, 0, 0.69, 1.08, 1.24, 1.49, 1.64, 1.7, 1.99, 2.16, 3.07, 3.63, 2.82, 1.84, 1.71, 2.81, 3.4, 3.41, 3.48, 2.82, 2.82, 3.2, 2.26, 2.05, 3.32, 4.057, 4.27, 4.15, 4.52, 4.65, 6.431, 9.536, 10.117], [10.645, 10.636, 10.579, 10.353, 10.515, 9.99, 10.23, 10.546, 11.233, 13.332, 13.505, 13.16, 13.239, 12.895, 12.204, 12.424, 12.643, 12.653, 12.623, 12.914, 13.197, 13.423, 13.307, 12.797, 12.741, 13.104, 14.353, 14.471, 14.681, 15.201, 15.425, 12.674, 7.945, 5.653, 4.91, 3.42, 3.07, 2.75, 3.07, 3.54, 3.49, 3.65, 3.81, 3.02, 3.04, 3.26, 3.21, 3.3, 3.21, 3.15, 1.56, 0.86, 1.05, 0.77, 0.69, 0, 0.73, 0.93, 1.38, 1.65, 1.55, 1.78, 1.85, 2.74, 3.24, 2.47, 1.75, 1.98, 3.14, 3.79, 3.7, 3.71, 3.07, 3.03, 3.45, 2.45, 2.44, 3.696, 4.407, 4.64, 4.48, 4.73, 4.96, 6.881, 9.983, 10.567], [11.006, 11.02, 10.943, 10.706, 10.882, 10.36, 10.606, 10.936, 11.606, 13.722, 13.909, 13.53, 13.615, 13.265, 12.571, 12.808, 13.016, 13.04, 12.987, 13.278, 13.544, 13.787, 13.697, 13.188, 13.123, 13.492, 14.721, 14.838, 15.048, 15.568, 15.792, 13.041, 8.312, 6.015, 5.24, 3.67, 3.36, 3.08, 3.38, 3.85, 3.78, 3.96, 4.22, 3.29, 3.31, 3.51, 3.48, 3.53, 3.4, 3.48, 1.99, 1.31, 1.42, 1.08, 1.08, 0.73, 0, 0.64, 0.95, 1.24, 1.14, 1.45, 1.56, 2.315, 2.795, 2.04, 1.38, 2.09, 3.47, 4.132, 3.83, 3.9, 3.2, 3.16, 3.58, 2.54, 2.71, 4.06, 4.748, 4.987, 4.75, 4.94, 5.19, 7.251, 10.353, 10.934], [11.103, 11.097, 11.04, 10.814, 11.014, 10.483, 10.72, 11.036, 11.723, 13.822, 13.969, 13.624, 13.732, 13.396, 12.665, 12.925, 13.141, 13.134, 13.084, 13.395, 13.658, 13.887, 13.802, 13.284, 13.232, 13.591, 14.852, 14.972, 15.179, 15.705, 15.923, 13.182, 8.449, 6.19, 5.4, 3.89, 3.58, 3.3, 3.62, 4.05, 3.98, 4.14, 4.28, 3.43, 3.49, 3.73, 3.72, 3.71, 3.64, 3.66, 2.17, 1.39, 1.6, 1.22, 1.24, 0.93, 0.64, 0, 0.79, 1.1, 1.18, 1.37, 1.48, 2.278, 2.781, 2.02, 1.38, 1.97, 3.49, 4.22, 3.91, 3.94, 3.08, 3.04, 3.5, 2.46, 2.77, 4.16, 4.871, 5.104, 4.83, 4.92, 5.27, 7.38, 10.487, 11.068], [11.044, 11.047, 10.97, 10.747, 10.944, 10.416, 10.656, 10.986, 11.656, 13.772, 13.944, 13.572, 13.702, 13.329, 12.601, 12.87, 13.074, 13.084, 13.014, 13.331, 13.594, 13.817, 13.741, 13.229, 13.182, 13.539, 14.782, 14.902, 15.109, 15.635, 15.853, 13.132, 8.379, 6.076, 5.33, 3.98, 3.61, 3.31, 3.53, 3.94, 3.89, 4.07, 4.29, 3.46, 3.42, 3.7, 3.69, 3.74, 3.53, 3.67, 2.06, 1.46, 1.71, 1.43, 1.49, 1.38, 0.95, 0.79, 0, 0.81, 1.03, 1.36, 1.47, 2.205, 2.665, 1.87, 1.17, 2.0, 3.42, 4.15, 3.82, 3.87, 2.93, 2.95, 3.35, 2.27, 2.66, 4.09, 4.81, 5.034, 4.78, 4.89, 5.24, 7.31, 10.417, 11.032], [11.4, 11.36, 11.297, 11.068, 11.248, 10.76, 10.986, 11.336, 12.006, 14.006, 14.303, 13.865, 13.976, 13.597, 12.886, 13.114, 13.378, 13.38, 13.316, 13.607, 13.878, 14.142, 14.008, 13.525, 13.46, 13.812, 15.089, 15.183, 15.391, 15.913, 16.089, 13.388, 8.627, 6.37, 5.66, 4.27, 3.8, 3.64, 3.92, 4.27, 4.12, 4.38, 4.56, 3.67, 3.59, 3.79, 3.64, 3.67, 3.74, 3.88, 2.29, 1.71, 1.94, 1.64, 1.64, 1.65, 1.24, 1.1, 0.81, 0, 0.62, 0.97, 1.0, 1.76, 2.255, 1.66, 1.06, 2.19, 3.708, 4.458, 4.09, 4.16, 3.2, 3.22, 3.591, 2.54, 2.93, 4.423, 5.088, 5.338, 5.133, 5.229, 5.582, 7.651, 10.631, 11.297], [11.543, 11.463, 11.4, 11.171, 11.351, 10.863, 11.089, 11.439, 12.109, 14.169, 14.406, 13.968, 14.139, 13.739, 13.028, 13.217, 13.481, 13.483, 13.419, 13.71, 13.981, 14.245, 14.111, 13.628, 13.563, 13.955, 15.232, 15.286, 15.493, 16.016, 16.252, 13.551, 8.749, 6.504, 5.7, 4.09, 3.62, 3.46, 3.72, 4.11, 4.04, 4.36, 4.64, 3.73, 3.63, 3.79, 3.54, 3.57, 3.76, 3.82, 2.11, 1.53, 2.0, 1.76, 1.7, 1.55, 1.14, 1.18, 1.03, 0.62, 0, 0.55, 0.84, 1.66, 2.155, 1.56, 1.24, 2.41, 3.83, 4.601, 4.19, 4.28, 3.38, 3.44, 3.8, 2.76, 3.07, 4.526, 5.191, 5.441, 5.236, 5.354, 5.684, 7.754, 10.754, 11.46], [11.811, 11.722, 11.659, 11.439, 11.599, 11.116, 11.337, 11.678, 12.354, 14.408, 14.665, 14.226, 14.387, 13.99, 13.296, 13.471, 13.729, 13.737, 13.678, 13.966, 14.24, 14.503, 14.365, 13.881, 13.82, 14.197, 15.46, 15.511, 15.715, 16.258, 16.477, 13.781, 8.977, 6.766, 5.947, 4.3, 3.83, 3.71, 3.93, 4.36, 4.31, 4.69, 4.945, 4.08, 3.94, 4.1, 3.83, 3.84, 4.07, 4.13, 2.32, 1.72, 2.21, 2.01, 1.99, 1.78, 1.45, 1.37, 1.36, 0.97, 0.55, 0, 0.69, 1.53, 1.89, 1.25, 1.51, 2.72, 4.16, 4.892, 4.495, 4.61, 3.67, 3.71, 4.084, 3.03, 3.332, 4.785, 5.439, 5.695, 5.489, 5.588, 5.944, 7.993, 10.993, 11.688], [12.027, 11.958, 11.895, 11.675, 11.834, 11.352, 11.575, 11.922, 12.592, 14.632, 14.901, 14.462, 14.608, 14.209, 13.512, 13.709, 13.97, 13.973, 13.913, 14.202, 14.476, 14.739, 14.603, 14.12, 14.055, 14.421, 15.69, 15.764, 15.968, 16.494, 16.709, 14.011, 9.201, 6.947, 6.16, 4.57, 3.98, 3.94, 4.14, 4.57, 4.484, 4.87, 5.168, 4.223, 4.05, 4.23, 3.98, 4.09, 4.303, 4.366, 2.59, 1.91, 2.395, 2.19, 2.16, 1.85, 1.56, 1.48, 1.47, 1.0, 0.84, 0.69, 0, 1.14, 1.66, 1.22, 1.38, 2.911, 4.338, 5.105, 4.721, 4.802, 3.864, 3.9, 4.252, 3.209, 3.554, 5.027, 5.683, 5.933, 5.728, 5.821, 6.183, 8.238, 11.234, 11.918], [13.021, 12.987, 12.909, 12.689, 12.849, 12.372, 12.587, 12.928, 13.604, 15.598, 15.915, 15.476, 15.577, 15.18, 14.506, 14.723, 14.979, 14.987, 14.928, 15.216, 15.49, 15.753, 15.615, 15.131, 15.07, 15.407, 16.65, 16.761, 16.965, 17.491, 17.667, 14.971, 10.204, 7.91, 7.149, 5.49, 4.975, 4.881, 5.1, 5.55, 5.507, 5.907, 6.156, 5.223, 5.037, 5.27, 5.02, 4.99, 5.263, 5.336, 3.514, 2.917, 3.381, 3.167, 3.07, 2.74, 2.315, 2.278, 2.205, 1.76, 1.66, 1.53, 1.14, 0, 0.7, 1.12, 1.96, 3.794, 5.354, 6.102, 5.737, 5.819, 4.864, 4.88, 5.232, 4.184, 4.559, 6.035, 6.695, 6.95, 6.745, 6.835, 7.194, 9.252, 12.246, 12.881], [13.479, 13.439, 13.361, 13.141, 13.292, 12.815, 13.018, 13.359, 14.038, 16.001, 16.35, 15.908, 15.988, 15.621, 14.962, 15.164, 15.417, 15.43, 15.38, 15.663, 15.931, 16.188, 16.049, 15.56, 15.501, 15.816, 17.041, 17.15, 17.36, 17.894, 18.033, 15.349, 10.607, 8.322, 7.58, 5.962, 5.533, 5.419, 5.564, 6.045, 6.047, 6.467, 6.716, 5.783, 5.597, 5.797, 5.527, 5.45, 5.716, 5.814, 4.074, 3.477, 3.921, 3.667, 3.63, 3.24, 2.795, 2.781, 2.665, 2.255, 2.155, 1.89, 1.66, 0.7, 0, 1.12, 2.36, 4.254, 5.814, 6.562, 6.177, 6.279, 5.324, 5.341, 5.713, 4.604, 5.02, 6.484, 7.138, 7.403, 7.194, 7.267, 7.626, 9.687, 12.652, 13.261], [12.741, 12.744, 12.648, 12.431, 12.597, 12.092, 12.329, 12.645, 13.329, 15.431, 15.641, 15.259, 15.399, 15.0, 14.297, 14.532, 14.745, 14.77, 14.71, 15.022, 15.27, 15.513, 15.418, 14.914, 14.852, 15.204, 16.415, 16.526, 16.733, 17.256, 17.477, 14.779, 10.006, 7.744, 6.909, 5.213, 4.72, 4.615, 4.72, 5.21, 5.24, 5.62, 5.932, 4.9, 4.731, 4.93, 4.64, 4.662, 4.986, 5.066, 3.25, 2.61, 3.1, 2.84, 2.82, 2.47, 2.04, 2.02, 1.87, 1.66, 1.56, 1.25, 1.22, 1.12, 1.12, 0, 1.68, 3.517, 5.122, 5.861, 5.536, 5.549, 4.614, 4.592, 5.054, 3.983, 4.362, 5.783, 6.486, 6.707, 6.465, 6.555, 6.916, 8.96, 12.065, 12.68], [11.357, 11.3, 11.226, 10.989, 11.186, 10.729, 10.952, 11.302, 11.972, 13.992, 14.277, 13.824, 13.942, 13.554, 12.829, 13.054, 13.319, 13.357, 13.242, 13.536, 13.81, 14.082, 13.949, 13.502, 13.454, 13.812, 15.05, 15.124, 15.331, 15.857, 16.05, 13.348, 8.564, 6.29, 5.58, 4.19, 3.66, 3.52, 3.74, 4.17, 4.12, 4.34, 4.6, 3.59, 3.47, 3.73, 3.6, 3.63, 3.8, 3.94, 2.41, 1.93, 2.22, 1.96, 1.84, 1.75, 1.38, 1.38, 1.17, 1.06, 1.24, 1.51, 1.38, 1.96, 2.36, 1.68, 0, 2.11, 3.63, 4.36, 3.99, 4.074, 3.16, 3.2, 3.54, 2.52, 3.01, 4.38, 5.02, 5.27, 5.11, 5.22, 5.57, 7.609, 10.568, 11.272], [9.31, 9.27, 9.23, 8.99, 9.19, 8.69, 8.91, 9.26, 9.93, 11.99, 12.23, 11.78, 11.96, 11.57, 10.85, 11.11, 11.34, 11.33, 11.24, 11.56, 11.82, 12.06, 11.97, 11.46, 11.41, 11.77, 13.02, 13.14, 13.35, 13.89, 14.1, 11.43, 6.64, 4.6, 4.21, 3.24, 2.97, 2.59, 2.83, 3.28, 3.31, 3.47, 3.23, 2.78, 2.7, 3.02, 3.09, 3.04, 2.91, 2.83, 1.68, 1.96, 1.83, 1.67, 1.71, 1.98, 2.09, 1.97, 2.0, 2.19, 2.41, 2.72, 2.911, 3.794, 4.254, 3.517, 2.11, 0, 1.74, 2.37, 2.18, 2.21, 1.93, 1.77, 1.81, 1.45, 1.78, 2.61, 3.17, 3.4, 3.34, 3.35, 3.64, 5.61, 8.69, 9.356], [7.77, 7.71, 7.65, 7.41, 7.61, 7.13, 7.35, 7.7, 8.37, 10.45, 10.67, 10.22, 10.4, 10.01, 9.29, 9.49, 9.76, 9.77, 9.66, 9.96, 10.24, 10.48, 10.37, 9.9, 9.85, 10.23, 11.5, 11.56, 11.77, 12.31, 12.54, 9.87, 5.06, 4.1, 3.99, 3.54, 3.35, 2.87, 2.89, 3.38, 3.37, 3.57, 3.19, 2.7, 2.84, 3.38, 3.51, 3.5, 3.23, 3.09, 2.44, 2.94, 2.59, 2.83, 2.81, 3.14, 3.47, 3.49, 3.42, 3.708, 3.83, 4.16, 4.338, 5.354, 5.814, 5.122, 3.63, 1.74, 0, 0.99, 1.46, 1.11, 1.39, 1.19, 1.15, 1.45, 1.3, 1.59, 2.13, 2.3, 2.5, 2.67, 2.86, 4.03, 7.07, 7.8], [7.0, 6.96, 6.9, 6.66, 6.86, 6.4, 6.62, 6.97, 7.64, 9.7, 9.94, 9.49, 9.65, 9.24, 8.5, 8.76, 9.01, 9.04, 8.91, 9.21, 9.49, 9.75, 9.62, 9.17, 9.12, 9.46, 10.71, 10.81, 11.02, 11.56, 11.77, 9.1, 4.63, 4.19, 4.3, 3.99, 3.82, 3.26, 3.24, 3.75, 3.66, 3.86, 3.42, 3.01, 3.29, 3.83, 3.98, 4.01, 3.7, 3.5, 3.11, 3.527, 3.14, 3.32, 3.4, 3