[[0, 0.79, 1.07, 1.32, 1.1, 1.95, 1.73, 1.71, 2.19, 2.15, 2.11, 1.79, 1.62, 1.44, 2.16, 3.32, 4.82, 5.62, 6.08, 6.16, 5.6, 5.07, 5.6, 5.72, 6.08, 7.33, 7.98, 8.31, 8.22, 7.33, 7.34, 7.97, 8.09, 7.86, 7.82, 7.53, 7.64, 7.32, 6.04, 5.72, 6.72, 6.91, 6.43, 6.94, 7.03, 7.1, 7.24, 8.14, 8.15, 6.56, 6.3, 7.49, 7.59, 7.21, 7.72, 8.21, 8.36, 8.16, 7.82, 7.21, 7.08, 7.6, 7.89, 8.43, 8.45, 9.15, 9.74, 9.55, 9.17, 8.78, 8.42, 8.41, 8.4, 8.09, 8.38, 8.09, 8.12, 8.14, 7.86, 7.37, 6.59, 5.81, 6.19, 7.55, 7.56, 6.98], [0.79, 0, 0.82, 1.11, 0.89, 1.5, 1.52, 1.52, 1.88, 1.9, 1.98, 1.54, 1.21, 1.09, 1.69, 2.89, 4.51, 5.31, 5.81, 5.85, 5.37, 4.74, 5.31, 5.39, 5.77, 7.08, 7.77, 7.98, 7.73, 6.84, 6.89, 7.5, 7.66, 7.43, 7.37, 7.1, 7.21, 6.91, 5.69, 5.31, 6.27, 6.44, 5.96, 6.49, 6.58, 6.69, 6.81, 7.67, 7.7, 6.17, 5.87, 7.06, 7.14, 6.74, 7.27, 7.74, 7.95, 7.73, 7.49, 6.96, 6.77, 7.27, 7.56, 8.08, 8.04, 8.76, 9.31, 9.1, 8.82, 8.41, 8.05, 7.98, 8.03, 7.76, 8.07, 7.76, 7.81, 7.83, 7.53, 7.04, 6.26, 5.46, 5.78, 7.1, 7.11, 6.51], [1.07, 0.82, 0, 0.85, 1.01, 1.82, 1.76, 1.74, 2.04, 1.9, 1.92, 1.36, 1.05, 1.35, 1.95, 3.05, 4.77, 5.61, 6.09, 6.15, 5.67, 5.0, 5.63, 5.65, 6.07, 7.34, 7.99, 8.18, 7.93, 7.0, 7.05, 7.68, 7.78, 7.53, 7.43, 7.28, 7.25, 6.97, 5.51, 5.27, 6.25, 6.46, 5.86, 6.25, 6.38, 6.43, 6.65, 7.55, 7.44, 5.87, 5.79, 6.9, 7.08, 6.76, 7.21, 7.62, 7.95, 7.77, 7.13, 6.58, 6.29, 6.79, 7.08, 7.6, 7.72, 8.48, 9.15, 9.1, 8.64, 8.07, 7.85, 7.8, 7.71, 7.28, 7.63, 7.34, 7.33, 7.37, 7.05, 6.58, 5.78, 4.96, 5.62, 6.94, 7.11, 6.63], [1.32, 1.11, 0.85, 0, 1.2, 2.17, 2.13, 2.03, 2.09, 2.11, 2.19, 1.65, 1.34, 1.54, 2.18, 3.26, 4.94, 5.82, 6.32, 6.34, 5.8, 5.21, 5.88, 5.96, 6.34, 7.49, 8.22, 8.29, 8.12, 7.21, 7.22, 7.87, 7.97, 7.7, 7.66, 7.47, 7.42, 7.06, 5.56, 5.24, 6.32, 6.63, 6.05, 6.22, 6.41, 6.42, 6.66, 7.6, 7.45, 5.9, 5.8, 6.91, 7.15, 6.83, 7.34, 7.81, 8.12, 7.98, 7.28, 6.61, 6.28, 6.8, 7.05, 7.51, 7.53, 8.51, 9.24, 9.21, 8.83, 8.18, 7.987, 7.917, 7.8, 7.23, 7.48, 7.25, 7.24, 7.24, 6.9, 6.47, 5.63, 5.01, 5.83, 7.15, 7.36, 6.84], [1.1, 0.89, 1.01, 1.2, 0, 1.35, 1.25, 1.21, 1.63, 1.69, 1.61, 1.33, 1.12, 1.4, 1.74, 2.72, 4.34, 5.04, 5.5, 5.52, 5.1, 4.45, 5.08, 5.2, 5.6, 6.85, 7.48, 7.79, 7.58, 6.69, 6.76, 7.35, 7.47, 7.26, 7.14, 6.95, 7.0, 6.76, 5.42, 5.02, 6.12, 6.25, 5.75, 6.24, 6.35, 6.44, 6.58, 7.46, 7.43, 5.86, 5.7, 6.89, 6.99, 6.59, 7.04, 7.53, 7.74, 7.54, 7.08, 6.61, 6.34, 6.84, 7.13, 7.67, 7.79, 8.49, 9.1, 8.95, 8.59, 8.1, 7.76, 7.75, 7.74, 7.33, 7.66, 7.39, 7.38, 7.4, 7.1, 6.61, 5.83, 5.03, 5.53, 6.83, 6.92, 6.32], [1.95, 1.5, 1.82, 2.17, 1.35, 0, 0.78, 0.72, 1.04, 1.2, 1.34, 1.3, 1.51, 1.97, 2.09, 1.69, 3.19, 3.95, 4.45, 4.47, 4.03, 3.42, 3.99, 4.07, 4.45, 5.72, 6.39, 6.66, 6.45, 5.6, 5.67, 6.24, 6.4, 6.21, 6.13, 5.86, 5.99, 5.69, 4.49, 4.07, 5.09, 5.22, 4.78, 5.31, 5.4, 5.55, 5.65, 6.49, 6.52, 5.03, 4.73, 5.9, 5.98, 5.54, 6.07, 6.56, 6.77, 6.55, 6.35, 5.84, 5.63, 6.13, 6.42, 6.94, 6.88, 7.62, 8.13, 7.92, 7.68, 7.25, 6.89, 6.84, 6.89, 6.62, 6.93, 6.62, 6.67, 6.69, 6.39, 5.9, 5.12, 4.3, 4.62, 5.94, 5.87, 5.29], [1.73, 1.52, 1.76, 2.13, 1.25, 0.78, 0, 0.62, 0.82, 1.18, 1.12, 1.28, 1.63, 1.83, 1.85, 1.69, 3.19, 4.01, 4.43, 4.53, 4.05, 3.48, 3.97, 4.03, 4.41, 5.72, 6.35, 6.7, 6.55, 5.66, 5.71, 6.32, 6.48, 6.27, 6.21, 5.88, 6.05, 5.75, 4.67, 4.27, 5.15, 5.36, 4.92, 5.51, 5.56, 5.79, 5.87, 6.65, 6.72, 5.27, 4.95, 6.06, 6.16, 5.72, 6.27, 6.8, 6.89, 6.75, 6.57, 6.0, 5.83, 6.33, 6.62, 7.16, 7.12, 7.86, 8.37, 8.12, 7.86, 7.47, 7.13, 7.04, 7.13, 6.82, 7.17, 6.92, 6.91, 6.93, 6.59, 6.16, 5.32, 4.54, 4.86, 6.16, 5.99, 5.39], [1.71, 1.52, 1.74, 2.03, 1.21, 0.72, 0.62, 0, 0.86, 1.16, 1.28, 1.42, 1.61, 1.81, 2.01, 1.89, 3.31, 4.11, 4.49, 4.57, 4.05, 3.54, 4.09, 4.13, 4.49, 5.72, 6.41, 6.78, 6.73, 5.88, 5.93, 6.54, 6.68, 6.47, 6.41, 6.08, 6.25, 5.93, 4.71, 4.33, 5.33, 5.5, 5.04, 5.61, 5.68, 5.85, 5.93, 6.77, 6.82, 5.33, 5.01, 6.16, 6.26, 5.82, 6.35, 6.86, 7.01, 6.83, 6.69, 6.12, 5.95, 6.45, 6.74, 7.26, 7.18, 7.92, 8.43, 8.2, 7.92, 7.53, 7.19, 7.12, 7.19, 6.94, 7.29, 7.0, 6.99, 7.03, 6.71, 6.24, 5.44, 4.62, 4.92, 6.24, 6.15, 5.53], [2.19, 1.88, 2.04, 2.09, 1.63, 1.04, 0.82, 0.86, 0, 0.88, 1.2, 1.2, 1.65, 1.89, 1.87, 1.37, 2.99, 3.93, 4.47, 4.53, 3.93, 3.44, 3.99, 4.03, 4.39, 5.5, 6.25, 6.34, 6.27, 5.34, 5.41, 6.06, 6.18, 5.95, 5.89, 5.54, 5.77, 5.41, 4.23, 3.69, 4.81, 5.08, 4.56, 5.13, 5.2, 5.39, 5.47, 6.29, 6.34, 4.87, 4.55, 5.68, 5.78, 5.36, 5.89, 6.42, 6.53, 6.49, 6.37, 5.8, 5.63, 6.11, 6.38, 6.9, 6.76, 7.5, 7.99, 7.7, 7.5, 7.13, 6.81, 6.64, 6.81, 6.6, 6.99, 6.76, 6.73, 6.73, 6.39, 5.98, 5.12, 4.32, 4.48, 5.8, 5.65, 5.09], [2.15, 1.9, 1.9, 2.11, 1.69, 1.2, 1.18, 1.16, 0.88, 0, 0.8, 1.0, 1.57, 2.03, 2.11, 1.73, 3.17, 4.21, 4.75, 4.85, 4.17, 3.72, 4.19, 4.27, 4.59, 5.64, 6.45, 6.54, 6.55, 5.6, 5.65, 6.34, 6.42, 6.17, 6.13, 5.82, 5.99, 5.61, 4.27, 3.97, 5.01, 5.32, 4.74, 5.15, 5.26, 5.37, 5.45, 6.39, 6.36, 4.83, 4.57, 5.72, 5.8, 5.46, 5.99, 6.46, 6.67, 6.51, 6.27, 5.68, 5.53, 6.01, 6.3, 6.82, 6.72, 7.44, 7.97, 7.74, 7.44, 7.09, 6.77, 6.7, 6.73, 6.5, 6.85, 6.56, 6.55, 6.59, 6.27, 5.8, 5.02, 4.24, 4.52, 5.84, 5.85, 5.37], [2.11, 1.98, 1.92, 2.19, 1.61, 1.34, 1.12, 1.28, 1.2, 0.8, 0, 0.96, 1.49, 2.17, 2.41, 2.01, 3.37, 4.37, 4.87, 4.99, 4.37, 3.84, 4.31, 4.33, 4.65, 5.7, 6.51, 6.74, 6.75, 5.88, 5.93, 6.56, 6.66, 6.45, 6.41, 6.06, 6.23, 5.91, 4.49, 4.29, 5.33, 5.5, 5.0, 5.43, 5.56, 5.55, 5.71, 6.71, 6.62, 5.05, 4.85, 6.0, 6.12, 5.78, 6.29, 6.76, 6.95, 6.73, 6.25, 5.64, 5.47, 5.97, 6.26, 6.82, 6.9, 7.62, 8.21, 8.04, 7.58, 7.15, 6.87, 6.86, 6.85, 6.46, 6.81, 6.54, 6.53, 6.55, 6.23, 5.78, 4.98, 4.28, 4.78, 6.04, 6.11, 5.55], [1.79, 1.54, 1.36, 1.65, 1.33, 1.3, 1.28, 1.42, 1.2, 1.0, 0.96, 0, 1.07, 1.89, 2.27, 2.19, 3.83, 4.77, 5.37, 5.35, 4.89, 4.3, 4.81, 4.81, 5.19, 6.28, 7.01, 7.16, 7.05, 6.12, 6.17, 6.84, 6.92, 6.71, 6.67, 6.34, 6.51, 6.15, 4.79, 4.45, 5.51, 5.82, 5.24, 5.67, 5.76, 5.77, 5.89, 6.89, 6.84, 5.25, 5.03, 6.22, 6.3, 5.98, 6.51, 6.94, 7.17, 6.97, 6.39, 5.82, 5.65, 6.15, 6.44, 7.0, 7.12, 7.8, 8.43, 8.24, 7.8, 7.33, 7.11, 7.08, 7.07, 6.64, 6.97, 6.68, 6.69, 6.71, 6.41, 5.94, 5.2, 4.46, 5.0, 6.3, 6.37, 5.89], [1.62, 1.21, 1.05, 1.34, 1.12, 1.51, 1.63, 1.61, 1.65, 1.57, 1.49, 1.07, 0, 1.46, 1.9, 2.64, 4.46, 5.24, 5.82, 5.82, 5.38, 4.79, 5.32, 5.36, 5.74, 6.99, 7.68, 7.79, 7.52, 6.57, 6.64, 7.31, 7.39, 7.14, 7.1, 6.85, 6.94, 6.52, 5.2, 4.8, 5.92, 6.21, 5.61, 5.94, 6.07, 6.06, 6.22, 7.22, 7.13, 5.56, 5.38, 6.55, 6.65, 6.33, 6.86, 7.31, 7.62, 7.42, 6.68, 6.11, 5.88, 6.38, 6.69, 7.27, 7.41, 8.11, 8.72, 8.59, 8.21, 7.66, 7.48, 7.49, 7.38, 6.87, 7.18, 6.87, 6.92, 6.94, 6.64, 6.17, 5.39, 4.69, 5.33, 6.71, 6.78, 6.36], [1.44, 1.09, 1.35, 1.54, 1.4, 1.97, 1.83, 1.81, 1.89, 2.03, 2.17, 1.89, 1.46, 0, 1.14, 2.42, 4.24, 5.3, 5.86, 5.92, 5.44, 4.79, 5.32, 5.2, 5.56, 6.89, 7.66, 7.71, 7.3, 6.25, 6.4, 7.05, 7.01, 6.82, 6.76, 6.51, 6.62, 6.34, 5.44, 5.18, 6.08, 6.17, 5.47, 5.86, 5.97, 6.02, 6.08, 7.04, 7.05, 5.56, 5.26, 6.45, 6.51, 6.07, 6.62, 7.11, 7.28, 7.32, 7.06, 6.75, 6.34, 6.8, 7.07, 7.57, 7.45, 8.11, 8.62, 8.41, 8.27, 7.88, 7.62, 7.53, 7.64, 7.31, 7.72, 7.45, 7.42, 7.44, 7.08, 6.71, 5.85, 5.03, 5.23, 6.61, 6.52, 6.3], [2.16, 1.69, 1.95, 2.18, 1.74, 2.09, 1.85, 2.01, 1.87, 2.11, 2.41, 2.27, 1.9, 1.14, 0, 1.94, 3.38, 4.56, 5.12, 5.18, 4.7, 4.07, 4.58, 4.4, 4.8, 6.07, 6.84, 6.75, 6.38, 5.39, 5.58, 6.21, 6.27, 6.12, 5.94, 5.77, 5.88, 5.68, 5.02, 4.68, 5.54, 5.71, 5.05, 5.54, 5.51, 5.84, 5.9, 6.54, 6.63, 5.34, 5.02, 6.01, 6.15, 5.83, 6.36, 6.97, 6.84, 7.02, 6.92, 6.55, 6.24, 6.62, 6.89, 7.41, 7.25, 7.93, 8.46, 8.17, 8.11, 7.7, 7.44, 7.19, 7.38, 7.21, 7.58, 7.37, 7.32, 7.34, 6.96, 6.63, 5.71, 4.89, 4.95, 6.21, 6.06, 5.8], [3.32, 2.89, 3.05, 3.26, 2.72, 1.69, 1.69, 1.89, 1.37, 1.73, 2.01, 2.19, 2.64, 2.42, 1.94, 0, 1.96, 3.02, 3.62, 3.7, 3.22, 2.59, 3.08, 3.0, 3.3, 4.59, 5.38, 5.37, 5.06, 4.09, 4.2, 4.79, 4.87, 4.68, 4.66, 4.33, 4.52, 4.26, 3.36, 3.0, 3.86, 4.05, 3.47, 4.0, 4.03, 4.32, 4.36, 5.12, 5.17, 3.88, 3.5, 4.53, 4.65, 4.37, 4.82, 5.47, 5.48, 5.7, 5.62, 5.37, 4.84, 5.3, 5.57, 6.07, 5.93, 6.53, 6.98, 6.63, 6.63, 6.16, 5.88, 5.73, 6.04, 6.01, 6.54, 6.31, 6.22, 6.28, 5.84, 5.49, 4.41, 3.49, 3.49, 4.75, 4.46, 4.16], [4.82, 4.51, 4.77, 4.94, 4.34, 3.19, 3.19, 3.31, 2.99, 3.17, 3.37, 3.83, 4.46, 4.24, 3.38, 1.96, 0, 1.42, 1.86, 2.0, 1.62, 1.15, 1.48, 1.48, 1.8, 2.77, 3.6, 3.67, 3.6, 2.79, 2.98, 3.55, 3.65, 3.48, 3.42, 3.09, 3.4, 3.12, 2.34, 2.16, 2.92, 3.09, 2.61, 3.2, 3.19, 3.58, 3.56, 4.16, 4.31, 3.2, 2.94, 3.65, 3.77, 3.69, 4.2, 4.91, 4.88, 5.2, 5.2, 4.85, 4.46, 4.88, 5.03, 5.51, 5.49, 5.99, 6.42, 5.97, 6.07, 5.62, 5.32, 5.15, 5.4, 5.71, 6.32, 6.03, 5.86, 6.0, 5.58, 5.17, 4.07, 3.03, 2.87, 3.85, 3.62, 3.16], [5.62, 5.31, 5.61, 5.82, 5.04, 3.95, 4.01, 4.11, 3.93, 4.21, 4.37, 4.77, 5.24, 5.3, 4.56, 3.02, 1.42, 0, 0.82, 0.86, 0.76, 1.09, 1.22, 1.52, 1.78, 2.03, 2.64, 3.03, 3.02, 2.43, 2.44, 2.91, 3.07, 2.82, 2.92, 2.69, 3.06, 2.74, 2.14, 2.06, 2.5, 2.55, 2.55, 2.98, 3.21, 3.7, 3.5, 4.14, 4.31, 3.74, 3.5, 3.49, 3.57, 3.69, 4.44, 5.09, 5.14, 5.46, 5.68, 5.39, 4.98, 5.36, 5.23, 5.73, 5.87, 6.29, 6.62, 6.17, 6.33, 5.94, 5.68, 5.61, 5.76, 6.29, 6.94, 6.67, 6.44, 6.6, 6.16, 5.75, 4.63, 3.63, 3.21, 3.61, 3.32, 2.8], [6.08, 5.81, 6.09, 6.32, 5.5, 4.45, 4.43, 4.49, 4.47, 4.75, 4.87, 5.37, 5.82, 5.86, 5.12, 3.62, 1.86, 0.82, 0, 0.52, 0.88, 1.25, 1.22, 1.6, 1.84, 1.75, 2.22, 2.67, 2.86, 2.51, 2.3, 2.75, 2.93, 2.68, 2.76, 2.49, 2.86, 2.54, 2.14, 2.06, 2.38, 2.35, 2.63, 2.92, 3.13, 3.62, 3.42, 4.06, 4.25, 3.94, 3.8, 3.47, 3.39, 3.69, 4.34, 4.99, 5.06, 5.36, 5.62, 5.43, 4.94, 5.3, 5.15, 5.65, 5.77, 6.21, 6.54, 6.09, 6.27, 5.84, 5.68, 5.59, 5.78, 6.33, 7.02, 6.77, 6.52, 6.64, 6.2, 5.85, 4.77, 3.75, 3.23, 3.43, 3.1, 2.56], [6.16, 5.85, 6.15, 6.34, 5.52, 4.47, 4.53, 4.57, 4.53, 4.85, 4.99, 5.35, 5.82, 5.92, 5.18, 3.7, 2.0, 0.86, 0.52, 0, 0.92, 1.45, 1.36, 1.72, 1.92, 1.79, 2.26, 2.67, 2.78, 2.53, 2.22, 2.65, 2.85, 2.6, 2.72, 2.51, 2.8, 2.5, 2.2, 2.02, 2.34, 2.33, 2.57, 2.9, 3.19, 3.68, 3.48, 4.06, 4.27, 3.98, 3.88, 3.49, 3.39, 3.65, 4.38, 5.03, 5.08, 5.4, 5.64, 5.45, 4.96, 5.32, 5.17, 5.67, 5.81, 6.21, 6.56, 6.13, 6.25, 5.88, 5.68, 5.59, 5.78, 6.33, 7.02, 6.77, 6.52, 6.64, 6.22, 5.89, 4.85, 3.79, 3.23, 3.41, 3.06, 2.54], [5.6, 5.37, 5.67, 5.8, 5.1, 4.03, 4.05, 4.05, 3.93, 4.17, 4.37, 4.89, 5.38, 5.44, 4.7, 3.22, 1.62, 0.76, 0.88, 0.92, 0, 1.09, 1.48, 1.74, 1.92, 1.97, 2.72, 3.11, 3.36, 2.79, 2.84, 3.27, 3.43, 3.22, 3.34, 3.13, 3.48, 3.16, 2.52, 2.36, 2.92, 2.99, 2.95, 3.36, 3.57, 4.06, 3.9, 4.56, 4.75, 4.1, 3.9, 3.91, 4.01, 4.17, 4.82, 5.49, 5.56, 5.86, 6.0, 5.73, 5.3, 5.68, 5.65, 6.15, 6.25, 6.71, 7.06, 6.63, 6.75, 6.3, 6.0, 5.93, 6.12, 6.63, 7.28, 7.01, 6.78, 6.94, 6.5, 6.09, 4.97, 3.91, 3.53, 4.01, 3.72, 3.18], [5.07, 4.74, 5.0, 5.21, 4.45, 3.42, 3.48, 3.54, 3.44, 3.72, 3.84, 4.3, 4.79, 4.79, 4.07, 2.59, 1.15, 1.09, 1.25, 1.45, 1.09, 0, 1.03, 1.39, 1.77, 2.44, 3.15, 3.52, 3.61, 2.86, 3.03, 3.5, 3.66, 3.43, 3.51, 3.24, 3.61, 3.29, 2.53, 2.43, 2.97, 3.08, 2.86, 3.37, 3.48, 3.91, 3.83, 4.37, 4.56, 3.57, 3.51, 3.92, 4.04, 4.02, 4.51, 5.2, 5.23, 5.55, 5.55, 5.2, 4.73, 5.21, 5.38, 5.86, 5.84, 6.34, 6.77, 6.32, 6.42, 5.95, 5.61, 5.48, 5.75, 5.96, 6.57, 6.28, 6.15, 6.27, 5.85, 5.48, 4.38, 3.34, 3.12, 4.1, 3.81, 3.25], [5.6, 5.31, 5.63, 5.88, 5.08, 3.99, 3.97, 4.09, 3.99, 4.19, 4.31, 4.81, 5.32, 5.32, 4.58, 3.08, 1.48, 1.22, 1.22, 1.36, 1.48, 1.03, 0, 0.88, 1.22, 1.97, 2.76, 3.19, 3.26, 2.43, 2.66, 3.21, 3.39, 3.1, 3.18, 2.87, 3.1, 2.82, 2.48, 2.52, 2.68, 2.61, 2.69, 2.96, 3.01, 3.48, 3.4, 3.86, 4.03, 3.26, 3.38, 3.43, 3.53, 3.47, 3.94, 4.55, 4.6, 4.92, 5.04, 4.69, 4.34, 4.72, 4.73, 5.21, 5.29, 5.75, 6.1, 5.73, 5.79, 5.36, 5.04, 4.95, 5.12, 5.57, 6.18, 5.89, 5.72, 5.86, 5.46, 5.17, 4.09, 3.13, 2.61, 3.61, 3.3, 2.8], [5.72, 5.39, 5.65, 5.96, 5.2, 4.07, 4.03, 4.13, 4.03, 4.27, 4.33, 4.81, 5.36, 5.2, 4.4, 3.0, 1.48, 1.52, 1.6, 1.72, 1.74, 1.39, 0.88, 0, 0.78, 1.85, 2.72, 3.11, 3.14, 2.35, 2.66, 3.33, 3.47, 3.18, 3.3, 3.05, 3.18, 2.94, 2.64, 2.76, 2.96, 2.93, 2.99, 3.22, 3.09, 3.58, 3.38, 3.82, 3.99, 3.02, 3.08, 3.37, 3.49, 3.33, 3.8, 4.41, 4.44, 4.76, 4.8, 4.47, 4.06, 4.5, 4.57, 5.05, 5.11, 5.57, 5.96, 5.57, 5.63, 5.2, 4.86, 4.73, 4.96, 5.31, 5.92, 5.63, 5.48, 5.62, 5.2, 4.83, 3.73, 2.83, 2.51, 3.53, 3.24, 2.82], [6.08, 5.77, 6.07, 6.34, 5.6, 4.45, 4.41, 4.49, 4.39, 4.59, 4.65, 5.19, 5.74, 5.56, 4.8, 3.3, 1.8, 1.78, 1.84, 1.92, 1.92, 1.77, 1.22, 0.78, 0, 1.57, 2.5, 2.99, 2.92, 2.19, 2.82, 3.37, 3.45, 3.2, 3.34, 3.17, 3.26, 3.02, 2.8, 2.98, 3.16, 3.13, 3.21, 3.36, 3.21, 3.62, 3.36, 3.62, 3.77, 3.04, 3.12, 3.43, 3.35, 3.17, 3.48, 4.17, 4.16, 4.48, 4.56, 4.23, 3.86, 4.24, 4.33, 4.81, 4.85, 5.27, 5.72, 5.27, 5.35, 4.98, 4.6, 4.53, 4.74, 5.09, 5.7, 5.41, 5.24, 5.38, 4.96, 4.55, 3.41, 2.93, 2.57, 3.37, 3.08, 2.82], [7.33, 7.08, 7.34, 7.49, 6.85, 5.72, 5.72, 5.72, 5.5, 5.64, 5.7, 6.28, 6.99, 6.89, 6.07, 4.59, 2.77, 2.03, 1.75, 1.79, 1.97, 2.44, 1.97, 1.85, 1.57, 0, 1.27, 1.86, 2.03, 1.9, 2.39, 2.86, 2.94, 2.67, 2.87, 2.82, 2.87, 2.67, 2.61, 2.93, 2.79, 2.76, 3.08, 3.13, 3.1, 3.53, 3.05, 3.23, 3.38, 3.65, 3.89, 3.12, 2.92, 3.06, 3.35, 4.0, 4.07, 4.37, 4.59, 4.38, 4.11, 4.31, 4.18, 4.7, 4.88, 5.22, 5.55, 5.1, 5.26, 4.85, 4.61, 4.52, 4.71, 5.26, 5.97, 5.68, 5.45, 5.57, 5.23, 5.04, 4.1, 4.062, 2.98, 2.78, 2.45, 2.23], [7.98, 7.77, 7.99, 8.22, 7.48, 6.39, 6.35, 6.41, 6.25, 6.45, 6.51, 7.01, 7.68, 7.66, 6.84, 5.38, 3.6, 2.64, 2.22, 2.26, 2.72, 3.15, 2.76, 2.72, 2.5, 1.27, 0, 1.01, 1.48, 2.45, 2.24, 2.39, 2.41, 2.18, 2.5, 2.47, 2.52, 2.6, 3.1, 3.38, 2.76, 2.51, 3.21, 3.26, 3.51, 3.76, 3.48, 3.3, 3.39, 4.16, 4.44, 3.43, 2.97, 3.29, 3.5, 3.83, 3.9, 4.2, 4.54, 4.63, 4.34, 4.3, 4.05, 4.51, 4.65, 5.01, 5.34, 4.89, 5.11, 4.68, 4.54, 4.45, 4.64, 5.19, 6.02, 5.85, 5.56, 5.64, 5.62, 5.59, 4.97, 4.835, 3.529, 2.39, 2.02, 1.96], [8.31, 7.98, 8.18, 8.29, 7.79, 6.66, 6.7, 6.78, 6.34, 6.54, 6.74, 7.16, 7.79, 7.71, 6.75, 5.37, 3.67, 3.03, 2.67, 2.67, 3.11, 3.52, 3.19, 3.11, 2.99, 1.86, 1.01, 0, 1.19, 2.32, 2.05, 2.0, 1.98, 1.83, 2.07, 2.16, 2.19, 2.35, 2.99, 3.33, 2.57, 2.38, 2.86, 3.05, 3.3, 3.53, 3.31, 3.19, 3.32, 3.97, 4.23, 3.34, 2.94, 3.26, 3.35, 3.48, 3.35, 3.75, 4.37, 4.62, 4.33, 4.11, 3.9, 4.08, 4.06, 4.38, 4.77, 4.34, 4.7, 4.37, 4.33, 4.18, 4.39, 4.9, 5.83, 5.74, 5.35, 5.51, 5.59, 5.56, 4.92, 4.662, 3.4, 2.3, 1.83, 1.91], [8.22, 7.73, 7.93, 8.12, 7.58, 6.45, 6.55, 6.73, 6.27, 6.55, 6.75, 7.05, 7.52, 7.3, 6.38, 5.06, 3.6, 3.02, 2.86, 2.78, 3.36, 3.61, 3.26, 3.14, 2.92, 2.03, 1.48, 1.19, 0, 1.51, 1.46, 1.69, 1.63, 1.56, 1.64, 1.61, 1.64, 1.76, 2.7, 3.04, 2.24, 2.11, 2.51, 2.56, 2.61, 2.84, 2.6, 2.52, 2.57, 3.36, 3.62, 2.71, 2.13, 2.47, 2.6, 2.95, 2.9, 3.16, 3.52, 3.83, 3.6, 3.32, 3.13, 3.51, 3.59, 3.85, 4.24, 3.79, 4.11, 3.9, 3.9, 3.69, 3.74, 4.19, 5.0, 4.89, 4.5, 4.62, 4.68, 4.61, 4.05, 4.03, 2.87, 1.65, 1.38, 1.54], [7.33, 6.84, 7.0, 7.21, 6.69, 5.6, 5.66, 5.88, 5.34, 5.6, 5.88, 6.12, 6.57, 6.25, 5.39, 4.09, 2.79, 2.43, 2.51, 2.53, 2.79, 2.86, 2.43, 2.35, 2.19, 1.9, 2.45, 2.32, 1.51, 0, 1.33, 2.08, 1.92, 1.77, 1.65, 1.72, 1.75, 1.45, 2.19, 2.63, 2.23, 2.32, 2.46, 2.17, 1.64, 2.01, 1.67, 1.97, 2.18, 2.17, 2.33, 1.74, 1.76, 1.88, 2.53, 3.32, 3.19, 3.43, 3.59, 3.36, 3.21, 3.27, 3.14, 3.56, 3.58, 4.0, 4.37, 4.1, 4.34, 4.39, 4.21, 4.02, 3.93, 4.22, 4.69, 4.38, 4.23, 4.31, 4.01, 3.76, 3.06, 2.68, 1.84, 2.04, 1.99, 2.01], [7.34, 6.89, 7.05, 7.22, 6.76, 5.67, 5.71, 5.93, 5.41, 5.65, 5.93, 6.17, 6.64, 6.4, 5.58, 4.2, 2.98, 2.44, 2.3, 2.22, 2.84, 3.03, 2.66, 2.66, 2.82, 2.39, 2.24, 2.05, 1.46, 1.33, 0, 1.25, 1.27, 1.12, 1.16, 1.19, 1.1, 0.94, 1.92, 2.08, 1.52, 1.57, 1.81, 1.8, 1.93, 2.36, 2.2, 2.62, 2.79, 2.9, 3.08, 2.21, 1.97, 2.43, 2.98, 3.65, 3.56, 3.84, 4.14, 4.05, 3.84, 3.8, 3.69, 4.05, 4.21, 4.57, 4.96, 4.55, 4.77, 4.7, 4.58, 4.35, 4.4, 4.85, 5.56, 5.35, 5.06, 5.18, 4.9, 4.77, 3.91, 3.15, 2.21, 2.05, 1.78, 1.66], [7.97, 7.5, 7.68, 7.87, 7.35, 6.24, 6.32, 6.54, 6.06, 6.34, 6.56, 6.84, 7.31, 7.05, 6.21, 4.79, 3.55, 2.91, 2.75, 2.65, 3.27, 3.5, 3.21, 3.33, 3.37, 2.86, 2.39, 2.0, 1.69, 2.08, 1.25, 0, 0.66, 1.05, 1.25, 1.36, 1.55, 1.57, 2.53, 2.77, 1.81, 1.72, 2.14, 2.33, 2.82, 2.99, 2.99, 3.45, 3.64, 3.75, 3.83, 3.12, 2.82, 3.22, 3.57, 4.0, 3.97, 4.41, 4.83, 4.96, 4.51, 4.49, 4.34, 4.52, 4.7, 4.98, 5.37, 5.0, 5.44, 5.07, 5.03, 4.9, 5.07, 5.52, 6.35, 6.16, 5.87, 5.95, 5.77, 5.7, 4.88, 4.18, 2.94, 2.74, 2.19, 1.97], [8.09, 7.66, 7.78, 7.97, 7.47, 6.4, 6.48, 6.68, 6.18, 6.42, 6.66, 6.92, 7.39, 7.01, 6.27, 4.87, 3.65, 3.07, 2.93, 2.85, 3.43, 3.66, 3.39, 3.47, 3.45, 2.94, 2.41, 1.98, 1.63, 1.92, 1.27, 0.66, 0, 0.87, 0.93, 1.12, 1.31, 1.43, 2.55, 2.85, 1.85, 1.76, 2.1, 2.23, 2.58, 2.69, 2.61, 3.11, 3.32, 3.39, 3.49, 2.8, 2.48, 2.84, 3.25, 3.72, 3.67, 4.09, 4.49, 4.68, 4.17, 4.09, 4.04, 4.16, 4.32, 4.66, 5.05, 4.66, 5.08, 4.91, 4.91, 4.7, 4.81, 5.18, 6.03, 5.82, 5.57, 5.63, 5.37, 5.3, 4.54, 3.94, 2.74, 2.5, 2.09, 1.95], [7.86, 7.43, 7.53, 7.7, 7.26, 6.21, 6.27, 6.47, 5.95, 6.17, 6.45, 6.71, 7.14, 6.82, 6.12, 4.68, 3.48, 2.82, 2.68, 2.6, 3.22, 3.43, 3.1, 3.18, 3.2, 2.67, 2.18, 1.83, 1.56, 1.77, 1.12, 1.05, 0.87, 0, 0.82, 1.09, 1.24, 1.22, 2.36, 2.64, 1.74, 1.61, 1.97, 1.84, 2.37, 2.38, 2.34, 2.8, 3.03, 3.14, 3.24, 2.57, 2.19, 2.53, 2.98, 3.41, 3.36, 3.82, 4.1, 4.43, 3.9, 3.84, 3.73, 3.85, 4.07, 4.35, 4.74, 4.43, 4.83, 4.64, 4.6, 4.43, 4.58, 4.93, 5.74, 5.51, 5.28, 5.26, 5.04, 4.97, 4.23, 3.75, 2.53, 2.21, 1.76, 1.68], [7.82, 7.37, 7.43, 7.66, 7.14, 6.13, 6.21, 6.41, 5.89, 6.13, 6.41, 6.67, 7.1, 6.76, 5.94, 4.66, 3.42, 2.92, 2.76, 2.72, 3.34, 3.51, 3.18, 3.3, 3.34, 2.87, 2.5, 2.07, 1.64, 1.65, 1.16, 1.25, 0.93, 0.82, 0, 0.75, 0.96, 1.04, 2.26, 2.54, 1.54, 1.43, 1.85, 1.82, 2.15, 2.24, 2.28, 2.6, 2.79, 2.94, 3.12, 2.43, 2.13, 2.45, 2.88, 3.35, 3.24, 3.62, 4.02, 4.19, 3.84, 3.72, 3.45, 3.63, 3.81, 4.15, 4.54, 4.19, 4.61, 4.58, 4.52, 4.29, 4.28, 4.63, 5.48, 5.29, 5.02, 5.06, 4.94, 4.87, 4.13, 3.47, 2.37, 1.99, 1.72, 1.6], [7.53, 7.1, 7.28, 7.47, 6.95, 5.86, 5.88, 6.08, 5.54, 5.82, 6.06, 6.34, 6.85, 6.51, 5.77, 4.33, 3.09, 2.69, 2.49, 2.51, 3.13, 3.24, 2.87, 3.05, 3.17, 2.82, 2.47, 2.16, 1.61, 1.72, 1.19, 1.36, 1.12, 1.09, 0.75, 0, 0.77, 0.93, 2.07, 2.37, 1.43, 1.32, 1.72, 1.81, 2.06, 2.27, 2.37, 2.75, 2.92, 3.07, 3.15, 2.44, 2.1, 2.64, 3.17, 3.46, 3.31, 3.59, 4.03, 4.28, 4.01, 3.75, 3.56, 3.86, 3.92, 4.26, 4.65, 4.2, 4.5, 4.55, 4.53, 4.3, 4.37, 4.7, 5.55, 5.4, 5.07, 5.15, 5.09, 5.02, 4.18, 3.48, 2.36, 1.96, 1.69, 1.53], [7.64, 7.21, 7.25, 7.42, 7.0, 5.99, 6.05, 6.25, 5.77, 5.99, 6.23, 6.51, 6.94, 6.62, 5.88, 4.52, 3.4, 3.06, 2.86, 2.8, 3.48, 3.61, 3.1, 3.18, 3.26, 2.87, 2.52, 2.19, 1.64, 1.75, 1.1, 1.55, 1.31, 1.24, 0.96, 0.77, 0, 0.74, 1.96, 2.3, 1.26, 1.11, 1.59, 1.6, 1.67, 2.12, 2.18, 2.3, 2.47, 2.76, 2.98, 2.05, 1.81, 2.33, 2.72, 3.15, 2.96, 3.28, 3.66, 3.83, 3.56, 3.32, 3.19, 3.41, 3.49, 3.91, 4.32, 3.91, 4.27, 4.36, 4.28, 4.05, 4.06, 4.43, 5.18, 4.97, 4.74, 4.74, 4.6, 4.53, 3.79, 3.07, 2.11, 1.63, 1.48, 1.36], [7.32, 6.91, 6.97, 7.06, 6.76, 5.69, 5.75, 5.93, 5.41, 5.61, 5.91, 6.15, 6.52, 6.34, 5.68, 4.26, 3.12, 2.74, 2.54, 2.5, 3.16, 3.29, 2.82, 2.94, 3.02, 2.67, 2.6, 2.35, 1.76, 1.45, 0.94, 1.57, 1.43, 1.22, 1.04, 0.93, 0.74, 0, 1.6, 2.0, 1.14, 1.27, 1.53, 1.32, 1.41, 1.66, 1.72, 2.04, 2.31, 2.42, 2.52, 1.73, 1.57, 2.03, 2.56, 3.21, 3.1, 3.4, 3.64, 3.63, 3.4, 3.24, 3.13, 3.43, 3.51, 3.91, 4.28, 3.89, 4.25, 4.38, 4.32, 4.09, 4.02, 4.41, 5.08, 4.85, 4.58, 4.64, 4.4, 4.29, 3.49, 2.77, 1.87, 1.69, 1.56, 1.46], [6.04, 5.69, 5.51, 5.56, 5.42, 4.49, 4.67, 4.71, 4.23, 4.27, 4.49, 4.79, 5.2, 5.44, 5.02, 3.36, 2.34, 2.14, 2.14, 2.2, 2.52, 2.53, 2.48, 2.64, 2.8, 2.61, 3.1, 2.99, 2.7, 2.19, 1.92, 2.53, 2.55, 2.36, 2.26, 2.07, 1.96, 1.6, 0, 1.06, 1.16, 1.61, 1.27, 1.34, 1.47, 1.9, 1.8, 2.56, 2.43, 2.26, 2.36, 1.77, 1.85, 2.15, 2.66, 3.35, 3.52, 3.8, 3.76, 3.59, 3.16, 3.42, 3.27, 3.71, 3.85, 4.39, 4.76, 4.45, 4.65, 4.24, 4.14, 3.91, 4.0, 4.47, 5.18, 4.93, 4.7, 4.8, 4.38, 4.11, 3.17, 2.37, 1.61, 1.97, 2.08, 1.7], [5.72, 5.31, 5.27, 5.24, 5.02, 4.07, 4.27, 4.33, 3.69, 3.97, 4.29, 4.45, 4.8, 5.18, 4.68, 3.0, 2.16, 2.06, 2.06, 2.02, 2.36, 2.43, 2.52, 2.76, 2.98, 2.93, 3.38, 3.33, 3.04, 2.63, 2.08, 2.77, 2.85, 2.64, 2.54, 2.37, 2.3, 2.0, 1.06, 0, 1.26, 1.61, 1.33, 1.7, 2.01, 2.46, 2.44, 3.1, 3.21, 2.74, 2.74, 2.43, 2.35, 2.45, 3.06, 3.71, 3.94, 4.26, 4.34, 4.23, 3.72, 4.04, 3.87, 4.25, 4.43, 4.87, 5.3, 4.93, 5.21, 4.82, 4.7, 4.51, 4.58, 5.05, 5.76, 5.51, 5.28, 5.4, 4.94, 4.57, 3.61, 2.77, 2.07, 2.59, 2.34, 1.92], [6.72, 6.27, 6.25, 6.32, 6.12, 5.09, 5.15, 5.33, 4.81, 5.01, 5.33, 5.51, 5.92, 6.08, 5.54, 3.86, 2.92, 2.5, 2.38, 2.34, 2.92, 2.97, 2.68, 2.96, 3.16, 2.79, 2.76, 2.57, 2.24, 2.23, 1.52, 1.81, 1.85, 1.74, 1.54, 1.43, 1.26, 1.14, 1.16, 1.26, 0, 0.77, 0.91, 1.2, 1.57, 1.98, 2.04, 2.54, 2.67, 2.66, 2.74, 2.07, 1.95, 2.31, 2.62, 3.15, 3.32, 3.66, 3.94, 3.93, 3.44, 3.48, 3.37, 3.63, 3.79, 4.23, 4.66, 4.27, 4.63, 4.34, 4.24, 4.05, 4.1, 4.55, 5.4, 5.21, 4.92, 5.0, 4.74, 4.59, 3.77, 3.01, 1.95, 2.01, 1.66, 1.28], [6.91, 6.44, 6.46, 6.63, 6.25, 5.22, 5.36, 5.5, 5.08, 5.32, 5.5, 5.82, 6.21, 6.17, 5.71, 4.05, 3.09, 2.55, 2.35, 2.33, 2.99, 3.08, 2.61, 2.93, 3.13, 2.76, 2.51, 2.38, 2.11, 2.32, 1.57, 1.72, 1.76, 1.61, 1.43, 1.32, 1.11, 1.27, 1.61, 1.61, 0.77, 0, 0.96, 1.29, 1.92, 2.33, 2.39, 2.75, 2.84, 2.95, 3.19, 2.34, 2.14, 2.58, 2.85, 3.18, 3.23, 3.63, 4.01, 4.1, 3.73, 3.71, 3.5, 3.72, 3.82, 4.26, 4.69, 4.3, 4.66, 4.31, 4.15, 4.06, 4.17, 4.64, 5.55, 5.38, 5.09, 5.17, 5.01, 4.88, 4.14, 3.36, 2.2, 1.9, 1.45, 1.07], [6.43, 5.96, 5.86, 6.05, 5.75, 4.78, 4.92, 5.04, 4.56, 4.74, 5.0, 5.24, 5.61, 5.47, 5.05, 3.47, 2.61, 2.55, 2.63, 2.57, 2.95, 2.86, 2.69, 2.99, 3.21, 3.08, 3.21, 2.86, 2.51, 2.46, 1.81, 2.14, 2.1, 1.97, 1.85, 1.72, 1.59, 1.53, 1.27, 1.33, 0.91, 0.96, 0, 1.03, 1.64, 1.99, 2.19, 2.71, 2.72, 2.65, 2.83, 2.26, 2.14, 2.36, 2.63, 3.06, 3.29, 3.53, 3.83, 3.9, 3.45, 3.43, 3.3, 3.52, 3.72, 4.14, 4.59, 4.22, 4.62, 4.21, 4.11, 4.0, 4.09, 4.48, 5.35, 5.16, 4.89, 4.99, 4.71, 4.52, 3.72, 2.92, 1.76, 2.02, 1.71, 1.37], [6.94, 6.49, 6.25, 6.22, 6.24, 5.31, 5.51, 5.61, 5.13, 5.15, 5.43, 5.67, 5.94, 5.86, 5.54, 4.0, 3.2, 2.98, 2.92, 2.9, 3.36, 3.37, 2.96, 3.22, 3.36, 3.13, 3.26, 3.05, 2.56, 2.17, 1.8, 2.33, 2.23, 1.84, 1.82, 1.81, 1.6, 1.32, 1.34, 1.7, 1.2, 1.29, 1.03, 0, 1.15, 1.42, 1.56, 2.22, 2.11, 2.16, 2.46, 1.65, 1.67, 2.01, 2.42, 2.91, 3.18, 3.46, 3.34, 3.45, 2.88, 2.98, 2.77, 2.93, 3.17, 3.77, 4.24, 4.03, 4.39, 4.16, 4.08, 3.93, 3.86, 4.05, 4.7, 4.47, 4.28, 4.24, 3.98, 3.83, 3.07, 2.53, 1.61, 1.81, 1.74, 1.7], [7.03, 6.58, 6.38, 6.41, 6.35, 5.4, 5.56, 5.68, 5.2, 5.26, 5.56, 5.76, 6.07, 5.97, 5.51, 4.03, 3.19, 3.21, 3.13, 3.19, 3.57, 3.48, 3.01, 3.09, 3.21, 3.1, 3.51, 3.3, 2.61, 1.64, 1.93, 2.82, 2.58, 2.37, 2.15, 2.06, 1.67, 1.41, 1.47, 2.01, 1.57, 1.92, 1.64, 1.15, 0, 0.89, 1.05, 1.49, 1.54, 1.53, 1.73, 1.16, 1.44, 1.72, 2.19, 2.9, 3.01, 3.15, 3.01, 2.98, 2.65, 2.63, 2.52, 2.7, 2.82, 3.4, 3.81, 3.7, 4.0, 4.13, 4.01, 3.8, 3.61, 3.8, 4.05, 3.88, 3.75, 3.77, 3.33, 3.2, 2.62, 2.1, 1.28, 1.68, 2.05, 1.99], [7.1, 6.69, 6.43, 6.42, 6.44, 5.55, 5.79, 5.85, 5.39, 5.37, 5.55, 5.77, 6.06, 6.02, 5.84, 4.32, 3.58, 3.7, 3.62, 3.68, 4.06, 3.91, 3.48, 3.58, 3.62, 3.53, 3.76, 3.53, 2.84, 2.01, 2.36, 2.99, 2.69, 2.38, 2.24, 2.27, 2.12, 1.66, 1.9, 2.46, 1.98, 2.33, 1.99, 1.42, 0.89, 0, 0.94, 1.74, 1.69, 1.38, 1.56, 1.41, 1.67, 1.73, 2.2, 2.75, 2.98, 3.0, 2.6, 2.73, 2.54, 2.34, 2.19, 2.25, 2.39, 2.87, 3.38, 3.51, 3.69, 3.8, 3.72, 3.61, 3.3, 3.41, 3.76, 3.53, 3.42, 3.4, 2.98, 2.89, 2.45, 2.03, 1.37, 1.85, 2.26, 2.2], [7.24, 6.81, 6.65, 6.66, 6.58, 5.65, 5.87, 5.93, 5.47, 5.45, 5.71, 5.89, 6.22, 6.08, 5.9, 4.36, 3.56, 3.5, 3.42, 3.48, 3.9, 3.83, 3.4, 3.38, 3.36, 3.05, 3.48, 3.31, 2.6, 1.67, 2.2, 2.99, 2.61, 2.34, 2.28, 2.37, 2.18, 1.72, 1.8, 2.44, 2.04, 2.39, 2.19, 1.56, 1.05, 0.94, 0, 1.42, 1.41, 1.24, 1.38, 1.03, 1.17, 1.33, 1.96, 2.67, 2.88, 3.04, 2.72, 2.71, 2.32, 2.34, 2.17, 2.47, 2.55, 3.05, 3.46, 3.49, 3.81, 3.7, 3.7, 3.55, 3.3, 3.49, 3.76, 3.49, 3.34, 3.38, 3.12, 2.87, 2.51, 2.15, 1.57, 1.71, 2.04, 2.04], [8.14, 7.67, 7.55, 7.6, 7.46, 6.49, 6.65, 6.77, 6.29, 6.39, 6.71, 6.89, 7.22, 7.04, 6.54, 5.12, 4.16, 4.14, 4.06, 4.06, 4.56, 4.37, 3.86, 3.82, 3.62, 3.23, 3.3, 3.19, 2.52, 1.97, 2.62, 3.45, 3.11, 2.8, 2.6, 2.75, 2.3, 2.04, 2.56, 3.1, 2.54, 2.75, 2.71, 2.22, 1.49, 1.74, 1.42, 0, 0.77, 1.78, 2.0, 1.17, 1.23, 1.39, 1.76, 2.35, 2.32, 2.48, 2.42, 2.51, 2.3, 2.16, 1.95, 2.05, 2.05, 2.59, 2.98, 2.99, 3.33, 3.56, 3.44, 3.21, 3.02, 3.29, 3.38, 3.09, 3.08, 3.06, 3.02, 3.13, 3.05, 2.93, 2.15, 1.89, 2.1, 2.34], [8.15, 7.7, 7.44, 7.45, 7.43, 6.52, 6.72, 6.82, 6.34, 6.36, 6.62, 6.84, 7.13, 7.05, 6.63, 5.17, 4.31, 4.31, 4.25, 4.27, 4.75, 4.56, 4.03, 3.99, 3.77, 3.38, 3.39, 3.32, 2.57, 2.18, 2.79, 3.64, 3.32, 3.03, 2.79, 2.92, 2.47, 2.31, 2.43, 3.21, 2.67, 2.84, 2.72, 2.11, 1.54, 1.69, 1.41, 0.77, 0, 1.69, 1.95, 1.08, 1.26, 1.38, 1.75, 2.22, 2.31, 2.41, 2.21, 2.22, 2.09, 1.85, 1.56, 1.82, 1.78, 2.46, 2.85, 2.9, 3.22, 3.31, 3.17, 2.96, 2.75, 2.9, 2.93, 2.74, 2.69, 2.73, 2.73, 2.88, 2.86, 2.78, 2.12, 1.54, 1.97, 2.35], [6.56, 6.17, 5.87, 5.9, 5.86, 5.03, 5.27, 5.33, 4.87, 4.83, 5.05, 5.25, 5.56, 5.56, 5.34, 3.88, 3.2, 3.74, 3.94, 3.98, 4.1, 3.57, 3.26, 3.02, 3.04, 3.65, 4.16, 3.97, 3.36, 2.17, 2.9, 3.75, 3.39, 3.14, 2.94, 3.07, 2.76, 2.42, 2.26, 2.74, 2.66, 2.95, 2.65, 2.16, 1.53, 1.38, 1.24, 1.78, 1.69, 0, 0.88, 1.25, 1.65, 1.61, 2.1, 2.83, 3.0, 3.02, 2.56, 2.19, 2.0, 2.08, 2.11, 2.47, 2.53, 3.09, 3.7, 3.73, 3.77, 3.78, 3.44, 3.33, 3.08, 3.05, 3.28, 2.99, 2.9, 3.04, 2.6, 2.51, 1.99, 1.55, 1.39, 2.19, 2.76, 2.72], [6.3, 5.87, 5.79, 5.8, 5.7, 4.73, 4.95, 5.01, 4.55, 4.57, 4.85, 5.03, 5.38, 5.26, 5.02, 3.5, 2.94, 3.5, 3.8, 3.88, 3.9, 3.51, 3.38, 3.08, 3.12, 3.89, 4.44, 4.23, 3.62, 2.33, 3.08, 3.83, 3.49, 3.24, 3.12, 3.15, 2.98, 2.52, 2.36, 2.74, 2.74, 3.19, 2.83, 2.46, 1.73, 1.56, 1.38, 2.0, 1.95, 0.88, 0, 1.51, 1.99, 1.83, 2.52, 3.25, 3.34, 3.38, 3.02, 2.69, 2.48, 2.58, 2.67, 2.97, 2.81, 3.41, 3.9, 3.97, 4.15, 4.2, 3.98, 3.73, 3.58, 3.59, 3.58, 3.31, 3.24, 3.28, 3.0, 2.65, 2.21, 1.73, 1.69, 2.67, 3.06, 3.04], [7.49, 7.06, 6.9, 6.91, 6.89, 5.9, 6.06, 6.16, 5.68, 5.72, 6.0, 6.22, 6.55, 6.45, 6.01, 4.53, 3.65, 3.49, 3.47, 3.49, 3.91, 3.92, 3.43, 3.37, 3.43, 3.12, 3.43, 3.34, 2.71, 1.74, 2.21, 3.12, 2.8, 2.57, 2.43, 2.44, 2.05, 1.73, 1.77, 2.43, 2.07, 2.34, 2.26, 1.65, 1.16, 1.41, 1.03, 1.17, 1.08, 1.25, 1.51, 0, 0.86, 1.36, 2.09, 2.8, 2.83, 2.93, 2.77, 2.5, 2.41, 2.43, 2.16, 2.62, 2.56, 3.12, 3.51, 3.48, 3.8, 3.91, 3.77, 3.48, 3.29, 3.5, 3.77, 3.4, 3.39, 3.41, 3.13, 3.1, 2.84, 2.38, 1.84, 1.72, 2.15, 2.17], [7.59, 7.14, 7.08, 7.15, 6.99, 5.98, 6.16, 6.26, 5.78, 5.8, 6.12, 6.3, 6.65, 6.51, 6.15, 4.65, 3.77, 3.57, 3.39, 3.39, 4.01, 4.04, 3.53, 3.49, 3.35, 2.92, 2.97, 2.94, 2.13, 1.76, 1.97, 2.82, 2.48, 2.19, 2.13, 2.1, 1.81, 1.57, 1.85, 2.35, 1.95, 2.14, 2.14, 1.67, 1.44, 1.67, 1.17, 1.23, 1.26, 1.65, 1.99, 0.86, 0, 0.9, 1.69, 2.32, 2.43, 2.63, 2.57, 2.46, 2.15, 2.23, 2.06, 2.42, 2.6, 2.88, 3.33, 3.04, 3.42, 3.45, 3.35, 3.1, 2.99, 3.36, 3.89, 3.62, 3.45, 3.51, 3.23, 3.48, 2.96, 2.68, 1.9, 1.4, 1.63, 1.67], [7.21, 6.74, 6.76, 6.83, 6.59, 5.54, 5.72, 5.82, 5.36, 5.46, 5.78, 5.98, 6.33, 6.07, 5.83, 4.37, 3.69, 3.69, 3.69, 3.65, 4.17, 4.02, 3.47, 3.33, 3.17, 3.06, 3.29, 3.26, 2.47, 1.88, 2.43, 3.22, 2.84, 2.53, 2.45, 2.64, 2.33, 2.03, 2.15, 2.45, 2.31, 2.58, 2.36, 2.01, 1.72, 1.73, 1.33, 1.39, 1.38, 1.61, 1.83, 1.36, 0.9, 0, 1.33, 1.92, 2.21, 2.33, 2.33, 2.26, 1.83, 1.93, 1.84, 2.08, 2.36, 2.72, 3.13, 2.98, 3.28, 3.15, 3.03, 2.94, 2.73, 3.06, 3.55, 3.26, 3.09, 3.13, 2.77, 2.98, 2.46, 2.32, 1.72, 1.78, 1.89, 2.07], [7.72, 7.27, 7.21, 7.34, 7.04, 6.07, 6.27, 6.35, 5.89, 5.99, 6.29, 6.51, 6.86, 6.62, 6.36, 4.82, 4.2, 4.44, 4.34, 4.38, 4.82, 4.51, 3.94, 3.8, 3.48, 3.35, 3.5, 3.35, 2.6, 2.53, 2.98, 3.57, 3.25, 2.98, 2.88, 3.17, 2.72, 2.56, 2.66, 3.06, 2.62, 2.85, 2.63, 2.42, 2.19, 2.2, 1.96, 1.76, 1.75, 2.1, 2.52, 2.09, 1.69, 1.33, 0, 1.09, 1.62, 1.88, 1.9, 2.23, 1.84, 1.82, 1.67, 1.87, 2.23, 2.37, 2.72, 2.57, 2.93, 2.56, 2.54, 2.45, 2.38, 2.53, 3.36, 3.11, 2.86, 2.96, 2.82, 2.97, 2.57, 2.85, 1.99, 2.03, 2.02, 2.36], [8.21, 7.74, 7.62, 7.81, 7.53, 6.56, 6.8, 6.86, 6.42, 6.46, 6.76, 6.94, 7.31, 7.11, 6.97, 5.47, 4.91, 5.09, 4.99, 5.03, 5.49, 5.2, 4.55, 4.41, 4.17, 4.0, 3.83, 3.48, 2.95, 3.32, 3.65, 4.0, 3.72, 3.41, 3.35, 3.46, 3.15, 3.21, 3.35, 3.71, 3.15, 3.18, 3.06, 2.91, 2.9, 2.75, 2.67, 2.35, 2.22, 2.83, 3.25, 2.8, 2.32, 1.92, 1.09, 0, 1.05, 1.21, 1.53, 2.44, 2.01, 1.85, 1.62, 1.76, 2.06, 1.82, 2.01, 1.88, 2.14, 1.85, 1.81, 1.8, 1.67, 1.9, 3.07, 2.96, 2.47, 2.65, 2.93, 3.2, 3.08, 3.48, 2.54, 2.2, 2.19, 2.69], [8.36, 7.95, 7.95, 8.12, 7.74, 6.77, 6.89, 7.01, 6.53, 6.67, 6.95, 7.17, 7.62, 7.28, 6.84, 5.48, 4.88, 5.14, 5.06, 5.08, 5.56, 5.23, 4.6, 4.44, 4.16, 4.07, 3.9, 3.35, 2.9, 3.19, 3.56, 3.97, 3.67, 3.36, 3.24, 3.31, 2.96, 3.1, 3.52, 3.94, 3.32, 3.23, 3.29, 3.18, 3.01, 2.98, 2.88, 2.32, 2.31, 3.0, 3.34, 2.83, 2.43, 2.21, 1.62, 1.05, 0, 0.84, 1.56, 2.41, 2.34, 1.96, 1.89, 2.01, 1.93, 1.69, 1.86, 1.57, 1.81, 1.88, 1.9, 1.55, 1.64, 2.05, 3.24, 3.01, 2.56, 2.76, 3.02, 3.45, 3.428, 3.77, 2.75, 2.27, 2.3, 2.88], [8.16, 7.73, 7.77, 7.98, 7.54, 6.55, 6.75, 6.83, 6.49, 6.51, 6.73, 6.97, 7.42, 7.32, 7.02, 5.7, 5.2, 5.46, 5.36, 5.4, 5.86, 5.55, 4.92, 4.76, 4.48, 4.37, 4.2, 3.75, 3.16, 3.43, 3.84, 4.41, 4.09, 3.82, 3.62, 3.59, 3.28, 3.4, 3.8, 4.26, 3.66, 3.63, 3.53, 3.46, 3.15, 3.0, 3.04, 2.48, 2.41, 3.02, 3.38, 2.93, 2.63, 2.33, 1.88, 1.21, 0.84, 0, 1.18, 2.05, 2.16, 1.72, 1.69, 1.77, 1.79, 1.71, 1.9, 1.65, 1.69, 1.96, 1.96, 1.79, 1.62, 1.81, 2.82, 2.59, 2.3, 2.46, 2.7, 3.07, 3.25, 3.67, 2.83, 2.51, 2.7, 3.12], [7.82, 7.49, 7.13, 7.28, 7.08, 6.35, 6.57, 6.69, 6.37, 6.27, 6.25, 6.39, 6.68, 7.06, 6.92, 5.62, 5.2, 5.68, 5.62, 5.64, 6.0, 5.55, 5.04, 4.8, 4.56, 4.59, 4.54, 4.37, 3.52, 3.59, 4.14, 4.83, 4.49, 4.1, 4.02, 4.03, 3.66, 3.64, 3.76, 4.34, 3.94, 4.01, 3.83, 3.34, 3.01, 2.6, 2.72, 2.42, 2.21, 2.56, 3.02, 2.77, 2.57, 2.33, 1.9, 1.53, 1.56, 1.18, 0, 1.21, 1.3, 1.02, 1.25, 1.43, 1.77, 1.87, 2.38, 2.41, 2.17, 2.2, 2.18, 2.05, 1.72, 1.37, 2.0, 1.83, 1.62, 1.68, 1.86, 2.25, 2.33, 2.97, 2.67, 2.53, 3.02, 3.52], [7.21, 6.96, 6.58, 6.61, 6.61, 5.84, 6.0, 6.12, 5.8, 5.68, 5.64, 5.82, 6.11, 6.75, 6.55, 5.37, 4.85, 5.39, 5.43, 5.45, 5.73, 5.2, 4.69, 4.47, 4.23, 4.38, 4.63, 4.62, 3.83, 3.36, 4.05, 4.96, 4.68, 4.43, 4.19, 4.28, 3.83, 3.63, 3.59, 4.23, 3.93, 4.1, 3.9, 3.45, 2.98, 2.73, 2.71, 2.51, 2.22, 2.19, 2.69, 2.5, 2.46, 2.26, 2.23, 2.44, 2.41, 2.05, 1.21, 0, 1.11, 1.03, 1.32, 1.86, 2.08, 2.64, 3.23, 3.34, 2.989, 2.899, 2.802, 2.54, 2.19, 1.6, 1.73, 1.52, 1.49, 1.49, 1.73, 1.96, 2.08, 2.56, 2.6, 2.84, 3.39, 3.67], [7.08, 6.77, 6.29, 6.28, 6.34, 5.63, 5.83, 5.95, 5.63, 5.53, 5.47, 5.65, 5.88, 6.34, 6.24, 4.84, 4.46, 4.98, 4.94, 4.96, 5.3, 4.73, 4.34, 4.06, 3.86, 4.11, 4.34, 4.33, 3.6, 3.21, 3.84, 4.51, 4.17, 3.9, 3.84, 4.01, 3.56, 3.4, 3.16, 3.72, 3.44, 3.73, 3.45, 2.88, 2.65, 2.54, 2.32, 2.3, 2.09, 2.0, 2.48, 2.41, 2.15, 1.83, 1.84, 2.01, 2.34, 2.16, 1.3, 1.11, 0, 0.8, 1.21, 1.67, 2.07, 2.61, 3.3, 3.31, 3.07, 2.62, 2.58, 2.45, 2.16, 1.73, 2.2, 1.95, 1.84, 1.86, 1.82, 2.15, 1.85, 2.17, 2.31, 2.57, 2.94, 3.2], [7.6, 7.27, 6.79, 6.8, 6.84, 6.13, 6.33, 6.45, 6.11, 6.01, 5.97, 6.15, 6.38, 6.8, 6.62, 5.3, 4.88, 5.36, 5.3, 5.32, 5.68, 5.21, 4.72, 4.5, 4.24, 4.31, 4.3, 4.11, 3.32, 3.27, 3.8, 4.49, 4.09, 3.84, 3.72, 3.75, 3.32, 3.24, 3.42, 4.04, 3.48, 3.71, 3.43, 2.98, 2.63, 2.34, 2.34, 2.16, 1.85, 2.08, 2.58, 2.43, 2.23, 1.93, 1.82, 1.85, 1.96, 1.72, 1.02, 1.03, 0.8, 0, 0.87, 1.31, 1.67, 2.23, 2.92, 2.93, 2.65, 2.48, 2.48, 2.33, 2.06, 1.55, 1.98, 1.77, 1.64, 1.66, 1.8, 2.23, 1.87, 2.41, 2.37, 2.29, 2.78, 3.18], [7.89, 7.56, 7.08, 7.05, 7.13, 6.42, 6.62, 6.74, 6.38, 6.3, 6.26, 6.44, 6.69, 7.07, 6.89, 5.57, 5.03, 5.23, 5.15, 5.17, 5.65, 5.38, 4.73, 4.57, 4.33, 4.18, 4.05, 3.9, 3.13, 3.14, 3.69, 4.34, 4.04, 3.73, 3.45, 3.56, 3.19, 3.13, 3.27, 3.87, 3.37, 3.5, 3.3, 2.77, 2.52, 2.19, 2.17, 1.95, 1.56, 2.11, 2.67, 2.16, 2.06, 1.84, 1.67, 1.62, 1.89, 1.69, 1.25, 1.32, 1.21, 0.87, 0, 1.02, 1.52, 2.04, 2.65, 2.8, 2.64, 2.47, 2.55, 2.42, 1.93, 1.64, 2.15, 2.04, 1.77, 1.87, 2.05, 2.32, 2.26, 2.58, 2.38, 2.04, 2.47, 2.97], [8.43, 8.08, 7.6, 7.51, 7.67, 6.94, 7.16, 7.26, 6.9, 6.82, 6.82, 7.0, 7.27, 7.57, 7.41, 6.07, 5.51, 5.73, 5.65, 5.67, 6.15, 5.86, 5.21, 5.05, 4.81, 4.7, 4.51, 4.08, 3.51, 3.56, 4.05, 4.52, 4.16, 3.85, 3.63, 3.86, 3.41, 3.43, 3.71, 4.25, 3.63, 3.72, 3.52, 2.93, 2.7, 2.25, 2.47, 2.05, 1.82, 2.47, 2.97, 2.62, 2.42, 2.08, 1.87, 1.76, 2.01, 1.77, 1.43, 1.86, 1.67, 1.31, 1.02, 0, 1.18, 1.8, 2.45, 2.74, 2.78, 2.85, 2.99, 2.86, 2.35, 2.0, 2.37, 2.4, 2.25, 2.29, 2.15, 2.44, 2.48, 2.92, 2.76, 2.5, 2.97, 3.27], [8.45, 8.04, 7.72, 7.53, 7.79, 6.88, 7.12, 7.18, 6.76, 6.72, 6.9, 7.12, 7.41, 7.45, 7.25, 5.93, 5.49, 5.87, 5.77, 5.81, 6.25, 5.84, 5.29, 5.11, 4.85, 4.88, 4.65, 4.06, 3.59, 3.58, 4.21, 4.7, 4.32, 4.07, 3.81, 3.92, 3.49, 3.51, 3.85, 4.43, 3.79, 3.82, 3.72, 3.17, 2.82, 2.39, 2.55, 2.05, 1.78, 2.53, 2.81, 2.56, 2.6, 2.36, 2.23, 2.06, 1.93, 1.79, 1.77, 2.08, 2.07, 1.67, 1.52, 1.18, 0, 1.6, 2.21, 2.54, 2.68, 2.93, 2.99, 2.7, 2.41, 2.2, 2.47, 2.5, 2.33, 2.41, 2.41, 2.7, 2.9, 3.14, 2.94, 2.62, 2.99, 3.51], [9.15, 8.76, 8.48, 8.51, 8.49, 7.62, 7.86, 7.92, 7.5, 7.44, 7.62, 7.8, 8.11, 8.11, 7.93, 6.53, 5.99, 6.29, 6.21, 6.21, 6.71, 6.34, 5.75, 5.57, 5.27, 5.22, 5.01, 4.38, 3.85, 4.0, 4.57, 4.98, 4.66, 4.35, 4.15, 4.26, 3.91, 3.91, 4.39, 4.87, 4.23, 4.26, 4.14, 3.77, 3.4, 2.87, 3.05, 2.59, 2.46, 3.09, 3.41, 3.12, 2.88, 2.72, 2.37, 1.82, 1.69, 1.71, 1.87, 2.64, 2.61, 2.23, 2.04, 1.8, 1.6, 0, 1.07, 1.66, 1.98, 2.23, 2.23, 2.18, 1.89, 2.24, 3.07, 2.92, 2.63, 2.77, 2.95, 3.24, 3.58, 3.92, 3.48, 3.0, 3.29, 3.83], [9.74, 9.31, 9.15, 9.24, 9.1, 8.13, 8.37, 8.43, 7.99, 7.97, 8.21, 8.43, 8.72, 8.62, 8.46, 6.98, 6.42, 6.62, 6.54, 6.56, 7.06, 6.77, 6.1, 5.96, 5.72, 5.55, 5.34, 4.77, 4.24, 4.37, 4.96, 5.37, 5.05, 4.74, 4.54, 4.65, 4.32, 4.28, 4.76, 5.3, 4.66, 4.69, 4.59, 4.24, 3.81, 3.38, 3.46, 2.98, 2.85, 3.7, 3.9, 3.51, 3.33, 3.13, 2.72, 2.01, 1.86, 1.9, 2.38, 3.23, 3.3, 2.92, 2.65, 2.45, 2.21, 1.07, 0, 1.03, 1.57, 1.88, 1.94, 1.85, 1.76, 2.55, 3.5, 3.21, 2.84, 2.96, 3.36, 3.79, 4.29, 4.55, 3.87, 3.39, 3.64, 4.22], [9.55, 9.1, 9.1, 9.21, 8.95, 7.92, 8.12, 8.2, 7.7, 7.74, 8.04, 8.24, 8.59, 8.41, 8.17, 6.63, 5.97, 6.17, 6.09, 6.13, 6.63, 6.32, 5.73, 5.57, 5.27, 5.1, 4.89, 4.34, 3.79, 4.1, 4.55, 5.0, 4.66, 4.43, 4.19, 4.2, 3.91, 3.89, 4.45, 4.93, 4.27, 4.3, 4.22, 4.03, 3.7, 3.51, 3.49, 2.99, 2.9, 3.73, 3.97, 3.48, 3.04, 2.98, 2.57, 1.88, 1.57, 1.65, 2.41, 3.34, 3.31, 2.93, 2.8, 2.74, 2.54, 1.66, 1.03, 0, 1.02, 1.43, 1.63, 1.54, 1.61, 2.54, 3.825, 3.426, 3.05, 3.19, 3.659, 4.16, 4.4, 4.62, 3.7, 3.08, 3.25, 3.83], [9.17, 8.82, 8.64, 8.83, 8.59, 7.68, 7.86, 7.92, 7.5, 7.44, 7.58, 7.8, 8.21, 8.27, 8.11, 6.63, 6.07, 6.33, 6.27, 6.25, 6.75, 6.42, 5.79, 5.63, 5.35, 5.26, 5.11, 4.7, 4.11, 4.34, 4.77, 5.44, 5.08, 4.83, 4.61, 4.5, 4.27, 4.25, 4.65, 5.21, 4.63, 4.66, 4.62, 4.39, 4.0, 3.69, 3.81, 3.33, 3.22, 3.77, 4.15, 3.8, 3.42, 3.28, 2.93, 2.14, 1.81, 1.69, 2.17, 2.989, 3.07, 2.65, 2.64, 2.78, 2.68, 1.98, 1.57, 1.02, 0, 1.03, 1.35, 1.36, 1.35, 2.26, 3.525, 3.212, 2.799, 2.933, 3.415, 3.918, 4.2, 4.48, 3.72, 3.2, 3.53, 4.07], [8.78, 8.41, 8.07, 8.18, 8.1, 7.25, 7.47, 7.53, 7.13, 7.09, 7.15, 7.33, 7.66, 7.88, 7.7, 6.16, 5.62, 5.94, 5.84, 5.88, 6.3, 5.95, 5.36, 5.2, 4.98, 4.85, 4.68, 4.37, 3.9, 4.39, 4.7, 5.07, 4.91, 4.64, 4.58, 4.55, 4.36, 4.38, 4.24, 4.82, 4.34, 4.31, 4.21, 4.16, 4.13, 3.8, 3.7, 3.56, 3.31, 3.78, 4.2, 3.91, 3.45, 3.15, 2.56, 1.85, 1.88, 1.96, 2.2, 2.899, 2.62, 2.48, 2.47, 2.85, 2.93, 2.23, 1.88, 1.43, 1.03, 0, 0.82, 0.91, 1.06, 1.91, 3.451, 3.096, 2.595, 2.854, 3.437, 3.869, 3.958, 4.25, 3.65, 3.05, 3.12, 3.62], [8.42, 8.05, 7.85, 7.987, 7.76, 6.89, 7.13, 7.19, 6.81, 6.77, 6.87, 7.11, 7.48, 7.62, 7.44, 5.88, 5.32, 5.68, 5.68, 5.68, 6.0, 5.61, 5.04, 4.86, 4.6, 4.61, 4.54, 4.33, 3.9, 4.21, 4.58, 5.03, 4.91, 4.6, 4.52, 4.53, 4.28, 4.32, 4.14, 4.7, 4.24, 4.15, 4.11, 4.08, 4.01, 3.72, 3.7, 3.44, 3.17, 3.44, 3.98, 3.77, 3.35, 3.03, 2.54, 1.81, 1.9, 1.96, 2.18, 2.802, 2.58, 2.48, 2.55, 2.99, 2.99, 2.23, 1.94, 1.63, 1.35, 0.82, 0, 0.79, 0.9, 1.91, 3.408, 3.081, 2.48, 2.88, 3.411, 3.872, 3.841, 4.143, 3.33, 2.93, 3.04, 3.48], [8.41, 7.98, 7.8, 7.917, 7.75, 6.84, 7.04, 7.12, 6.64, 6.7, 6.86, 7.08, 7.49, 7.53, 7.19, 5.73, 5.15, 5.61, 5.59, 5.59, 5.93, 5.48, 4.95, 4.73, 4.53, 4.52, 4.45, 4.18, 3.69, 4.02, 4.35, 4.9, 4.7, 4.43, 4.29, 4.3, 4.05, 4.09, 3.91, 4.51, 4.05, 4.06, 4.0, 3.93, 3.8, 3.61, 3.55, 3.21, 2.96, 3.33, 3.73, 3.48, 3.1, 2.94, 2.45, 1.8, 1.55, 1.79, 2.05, 2.54, 2.45, 2.33, 2.42, 2.86, 2.7, 2.18, 1.85, 1.54, 1.36, 0.91, 0.79, 0, 0.71, 1.7, 3.198, 2.885, 2.352, 2.63, 3.169, 3.639, 3.719, 4.02, 3.18, 2.76, 2.97, 3.47], [8.4, 8.03, 7.71, 7.8, 7.74, 6.89, 7.13, 7.19, 6.81, 6.73, 6.85, 7.07, 7.38, 7.64, 7.38, 6.04, 5.4, 5.76, 5.78, 5.78, 6.12, 5.75, 5.12, 4.96, 4.74, 4.71, 4.64, 4.39, 3.74, 3.93, 4.4, 5.07, 4.81, 4.58, 4.28, 4.37, 4.06, 4.02, 4.0, 4.58, 4.1, 4.17, 4.09, 3.86, 3.61, 3.3, 3.3, 3.02, 2.75, 3.08, 3.58, 3.29, 2.99, 2.73, 2.38, 1.67, 1.64, 1.62, 1.72, 2.19, 2.16, 2.06, 1.93, 2.35, 2.41, 1.89, 1.76, 1.61, 1.35, 1.06, 0.9, 0.71, 0, 1.33, 2.808, 2.515, 1.96, 2.32, 2.879, 3.269, 3.429, 3.67, 3.15, 2.81, 3.1, 3.64], [8.09, 7.76, 7.28, 7.23, 7.33, 6.62, 6.82, 6.94, 6.6, 6.5, 6.46, 6.64, 6.87, 7.31, 7.21, 6.01, 5.71, 6.29, 6.33, 6.33, 6.63, 5.96, 5.57, 5.31, 5.09, 5.26, 5.19, 4.9, 4.19, 4.22, 4.85, 5.52, 5.18, 4.93, 4.63, 4.7, 4.43, 4.41, 4.47, 5.05, 4.55, 4.64, 4.48, 4.05, 3.8, 3.41, 3.49, 3.29, 2.9, 3.05, 3.59, 3.5, 3.36, 3.06, 2.53, 1.9, 2.05, 1.81, 1.37, 1.6, 1.73, 1.55, 1.64, 2.0, 2.2, 2.24, 2.55, 2.54, 2.26, 1.91, 1.91, 1.7, 1.33, 0, 1.79, 1.58, 1.11, 1.49, 1.93, 2.28, 2.6, 3.22, 3.34, 3.2, 3.53, 4.11], [8.38, 8.07, 7.63, 7.48, 7.66, 6.93, 7.17, 7.29, 6.99, 6.85, 6.81, 6.97, 7.18, 7.72, 7.58, 6.54, 6.32, 6.94, 7.02, 7.02, 7.28, 6.57, 6.18, 5.92, 5.7, 5.97, 6.02, 5.83, 5.0, 4.69, 5.56, 6.35, 6.03, 5.74, 5.48, 5.55, 5.18, 5.08, 5.18, 5.76, 5.4, 5.55, 5.35, 4.7, 4.05, 3.76, 3.76, 3.38, 2.93, 3.28, 3.58, 3.77, 3.89, 3.55, 3.36, 3.07, 3.24, 2.82, 2.0, 1.73, 2.2, 1.98, 2.15, 2.37, 2.47, 3.07, 3.5, 3.825, 3.525, 3.451, 3.408, 3.198, 2.808, 1.79, 0, 0.97, 1.22, 1.22, 1.52, 2.07, 2.69, 3.55, 3.85, 3.93, 4.38, 5.0], [8.09, 7.76, 7.34, 7.25, 7.39, 6.62, 6.92, 7.0, 6.76, 6.56, 6.54, 6.68, 6.87, 7.45, 7.37, 6.31, 6.03, 6.67, 6.77, 6.77, 7.01, 6.28, 5.89, 5.63, 5.41, 5.68, 5.85, 5.74, 4.89, 4.38, 5.35, 6.16, 5.82, 5.51, 5.29, 5.4, 4.97, 4.85, 4.93, 5.51, 5.21, 5.38, 5.16, 4.47, 3.88, 3.53, 3.49, 3.09, 2.74, 2.99, 3.31, 3.4, 3.62, 3.26, 3.11, 2.96, 3.01, 2.59, 1.83, 1.52, 1.95, 1.77, 2.04, 2.4, 2.5, 2.92, 3.21, 3.426, 3.212, 3.096, 3.081, 2.885, 2.515, 1.58, 0.97, 0, 0.87, 1.09, 1.61, 1.84, 2.44, 3.26, 3.64, 3.84, 4.29, 4.83], [8.12, 7.81, 7.33, 7.24, 7.38, 6.67, 6.91, 6.99, 6.73, 6.55, 6.53, 6.69, 6.92, 7.42, 7.32, 6.22, 5.86, 6.44, 6.52, 6.52, 6.78, 6.15, 5.72, 5.48, 5.24, 5.45, 5.56, 5.35, 4.5, 4.23, 5.06, 5.87, 5.57, 5.28, 5.02, 5.07, 4.74, 4.58, 4.7, 5.28, 4.92, 5.09, 4.89, 4.28, 3.75, 3.42, 3.34, 3.08, 2.69, 2.9, 3.24, 3.39, 3.45, 3.09, 2.86, 2.47, 2.56, 2.3, 1.62, 1.49, 1.84, 1.64, 1.77, 2.25, 2.33, 2.63, 2.84, 3.05, 2.799, 2.595, 2.48, 2.352, 1.96, 1.11, 1.22, 0.87, 0, 0.86, 1.66, 1.81, 2.41, 3.17, 3.51, 3.47, 3.9, 4.52], [8.14, 7.83, 7.37, 7.24, 7.4, 6.69, 6.93, 7.03, 6.73, 6.59, 6.55, 6.71, 6.94, 7.44, 7.34, 6.28, 6.0, 6.6, 6.64, 6.64, 6.94, 6.27, 5.86, 5.62, 5.38, 5.57, 5.64, 5.51, 4.62, 4.31, 5.18, 5.95, 5.63, 5.26, 5.06, 5.15, 4.74, 4.64, 4.8, 5.4, 5.0, 5.17, 4.99, 4.24, 3.77, 3.4, 3.38, 3.06, 2.73, 3.04, 3.28, 3.41, 3.51, 3.13, 2.96, 2.65, 2.76, 2.46, 1.68, 1.49, 1.86, 1.66, 1.87, 2.29, 2.41, 2.77, 2.96, 3.19, 2.933, 2.854, 2.88, 2.63, 2.32, 1.49, 1.22, 1.09, 0.86, 0, 1.34, 1.59, 2.35, 3.27, 3.55, 3.61, 4.08, 4.62], [7.86, 7.53, 7.05, 6.9, 7.1, 6.39, 6.59, 6.71, 6.39, 6.27, 6.23, 6.41, 6.64, 7.08, 6.96, 5.84, 5.58, 6.16, 6.2, 6.22, 6.5, 5.85, 5.46, 5.2, 4.96, 5.23, 5.62, 5.59, 4.68, 4.01, 4.9, 5.77, 5.37, 5.04, 4.94, 5.09, 4.6, 4.4, 4.38, 4.94, 4.74, 5.01, 4.71, 3.98, 3.33, 2.98, 3.12, 3.02, 2.73, 2.6, 3.0, 3.13, 3.23, 2.77, 2.82, 2.93, 3.02, 2.7, 1.86, 1.73, 1.82, 1.8, 2.05, 2.15, 2.41, 2.95, 3.36, 3.659, 3.415, 3.437, 3.411,