[[0, 1.3, 1.63, 1.69, 1.52, 1.95, 1.62, 2.06, 2.49, 2.37, 1.65, 1.37, 2.08, 3.06, 3.56, 3.0, 2.98, 2.39, 1.59, 1.36, 1.48, 1.84, 1.89, 2.04, 2.04, 1.85, 2.23, 3.06, 3.17, 3.73, 4.22, 4.16, 3.69, 3.3, 4.16, 4.32, 4.33, 4.12, 4.21, 3.66, 2.83, 2.79, 3.52, 3.85, 3.36, 3.72, 5.22, 7.56, 8.61, 7.85, 4.83, 2.69, 2.77, 2.16, 2.21, 1.68, 1.65, 1.69, 1.64, 2.16, 2.22, 2.88, 2.98, 3.01, 2.62, 2.9, 2.66, 2.7, 3.42, 4.12, 4.67, 5.46, 6.07, 6.4, 6.31, 6.12, 6.45, 6.72, 5.86, 5.7, 6.38, 6.64, 6.32, 5.91, 4.78, 3.62], [1.3, 0, 0.79, 1.23, 2.22, 2.57, 2.26, 2.7, 3.23, 3.21, 2.37, 1.83, 2.52, 3.7, 4.22, 3.5, 3.52, 3.01, 2.09, 1.66, 1.24, 1.18, 1.15, 1.42, 1.46, 1.05, 1.65, 2.32, 2.67, 3.29, 3.56, 3.5, 3.25, 2.94, 3.64, 3.78, 3.81, 3.44, 3.59, 3.16, 2.39, 2.47, 2.8, 3.07, 2.62, 2.94, 4.24, 6.6, 7.61, 6.85, 3.87, 1.99, 2.25, 1.76, 1.95, 1.62, 1.75, 2.01, 1.92, 2.28, 2.36, 2.92, 3.1, 3.21, 3.0, 3.28, 2.94, 2.8, 3.34, 4.44, 4.89, 5.38, 6.15, 6.28, 6.33, 6.24, 6.71, 6.88, 6.28, 6.16, 6.76, 7.08, 6.76, 6.23, 5.08, 3.76], [1.63, 0.79, 0, 1.28, 2.41, 2.84, 2.61, 2.93, 3.44, 3.36, 2.52, 2.1, 2.71, 3.91, 4.45, 3.65, 3.61, 3.08, 2.24, 1.71, 1.21, 1.17, 1.28, 1.37, 1.49, 1.1, 1.7, 2.27, 2.68, 3.38, 3.65, 3.51, 3.36, 3.07, 3.67, 3.77, 3.74, 3.25, 3.42, 3.01, 2.34, 2.44, 2.79, 2.84, 2.55, 2.89, 4.19, 6.49, 7.44, 6.68, 3.7, 2.04, 2.02, 1.71, 1.88, 1.71, 1.92, 2.18, 2.11, 2.57, 2.73, 3.21, 3.25, 3.36, 3.31, 3.57, 3.29, 3.23, 3.65, 4.89, 5.26, 5.71, 6.48, 6.49, 6.5, 6.53, 6.96, 7.17, 6.57, 6.49, 7.09, 7.33, 7.07, 6.56, 5.39, 4.13], [1.69, 1.23, 1.28, 0, 1.51, 2.1, 1.95, 2.13, 2.62, 2.6, 1.84, 1.88, 2.07, 3.21, 3.73, 2.99, 2.91, 2.36, 1.68, 1.41, 1.15, 0.95, 1.04, 1.21, 1.13, 1.4, 1.98, 2.69, 2.74, 3.44, 3.77, 3.79, 3.46, 3.11, 3.73, 3.89, 3.96, 3.77, 3.8, 3.29, 2.54, 2.6, 3.13, 3.42, 2.93, 3.41, 4.85, 7.23, 8.18, 7.42, 4.44, 2.64, 2.74, 2.25, 2.06, 1.63, 1.84, 2.06, 1.83, 2.21, 2.29, 2.91, 3.27, 3.4, 3.07, 3.29, 2.95, 2.87, 3.33, 4.33, 4.88, 5.49, 6.14, 6.43, 6.4, 6.27, 6.76, 7.03, 6.25, 6.09, 6.79, 7.09, 6.75, 6.24, 4.97, 3.75], [1.52, 2.22, 2.41, 1.51, 0, 1.13, 1.04, 1.08, 1.47, 1.37, 1.25, 1.65, 1.7, 2.18, 2.8, 2.3, 2.24, 1.65, 1.63, 1.58, 1.82, 2.02, 2.13, 2.28, 2.16, 2.61, 3.07, 3.98, 3.97, 4.55, 5.02, 5.0, 4.51, 4.0, 4.86, 5.1, 5.13, 4.98, 5.03, 4.34, 3.47, 3.49, 4.4, 4.71, 4.26, 4.7, 6.18, 8.52, 9.55, 8.79, 5.77, 3.53, 3.61, 3.1, 2.77, 2.18, 2.23, 2.29, 1.98, 2.42, 2.52, 3.12, 3.4, 3.41, 2.92, 2.94, 2.72, 2.82, 3.5, 3.92, 4.55, 5.28, 5.89, 6.22, 6.11, 5.92, 6.11, 6.28, 5.44, 5.3, 5.98, 6.16, 5.86, 5.49, 4.4, 3.24], [1.95, 2.57, 2.84, 2.1, 1.13, 0, 0.95, 0.69, 1.06, 1.24, 1.76, 2.1, 1.91, 1.63, 2.13, 1.97, 1.95, 1.48, 1.7, 2.13, 2.57, 2.61, 2.5, 2.67, 2.71, 3.2, 3.68, 4.57, 4.68, 5.22, 5.69, 5.63, 5.18, 4.69, 5.53, 5.75, 5.78, 5.59, 5.72, 5.17, 4.28, 4.28, 4.97, 5.3, 4.87, 5.29, 6.73, 9.07, 10.12, 9.36, 6.34, 4.0, 4.0, 3.39, 2.88, 2.51, 2.42, 2.5, 2.19, 2.55, 2.59, 3.13, 3.47, 3.4, 2.89, 2.81, 2.63, 2.91, 3.55, 3.85, 4.44, 5.17, 5.8, 6.11, 6.02, 5.81, 6.0, 5.97, 5.21, 5.03, 5.53, 5.61, 5.39, 5.02, 4.07, 2.97], [1.62, 2.26, 2.61, 1.95, 1.04, 0.95, 0, 0.84, 1.29, 1.41, 1.47, 1.87, 1.84, 1.8, 2.4, 2.04, 2.04, 1.57, 1.55, 1.9, 2.24, 2.28, 2.13, 2.38, 2.42, 2.89, 3.35, 4.28, 4.37, 4.93, 5.46, 5.4, 4.91, 4.52, 5.32, 5.58, 5.53, 5.42, 5.41, 4.82, 3.97, 3.91, 4.7, 5.01, 4.58, 5.0, 6.42, 8.78, 9.79, 9.01, 6.03, 3.65, 3.59, 2.94, 2.59, 2.14, 2.21, 2.41, 2.02, 2.44, 2.28, 2.92, 3.3, 3.09, 2.6, 2.56, 2.4, 2.6, 3.2, 3.56, 4.21, 4.88, 5.57, 5.86, 5.75, 5.58, 5.73, 5.84, 5.0, 4.88, 5.4, 5.54, 5.3, 4.93, 3.9, 2.78], [2.06, 2.7, 2.93, 2.13, 1.08, 0.69, 0.84, 0, 0.83, 0.95, 1.41, 1.89, 1.7, 1.48, 2.14, 1.8, 1.76, 1.35, 1.61, 1.84, 2.4, 2.66, 2.61, 2.88, 2.9, 3.31, 3.85, 4.78, 4.73, 5.33, 5.8, 5.8, 5.31, 4.82, 5.62, 5.9, 5.89, 5.74, 5.65, 4.86, 3.95, 3.93, 5.08, 5.39, 4.94, 5.44, 6.92, 9.3, 10.25, 9.51, 6.53, 4.07, 4.03, 3.44, 3.01, 2.66, 2.63, 2.69, 2.18, 2.68, 2.68, 3.3, 3.68, 3.51, 2.96, 2.98, 2.8, 3.02, 3.66, 3.98, 4.61, 5.26, 5.97, 6.28, 6.17, 6.0, 6.17, 6.06, 5.32, 5.2, 5.72, 5.84, 5.6, 5.23, 4.24, 3.16], [2.49, 3.23, 3.44, 2.62, 1.47, 1.06, 1.29, 0.83, 0, 0.68, 1.32, 1.86, 1.69, 1.09, 1.65, 1.67, 1.55, 1.22, 1.64, 1.99, 2.79, 3.19, 3.14, 3.41, 3.43, 3.84, 4.38, 5.31, 5.2, 5.84, 6.31, 6.33, 5.82, 5.27, 6.01, 6.37, 6.42, 6.29, 6.2, 5.31, 4.36, 4.48, 5.59, 5.9, 5.45, 5.99, 7.45, 9.83, 10.78, 10.04, 7.06, 4.58, 4.42, 3.85, 3.36, 3.05, 2.98, 2.78, 2.39, 2.69, 2.85, 3.39, 3.73, 3.66, 3.09, 3.11, 2.95, 3.17, 3.75, 4.13, 4.74, 5.37, 6.1, 6.41, 6.3, 6.13, 6.2, 6.11, 5.39, 5.23, 5.69, 5.79, 5.57, 5.2, 4.25, 3.29], [2.37, 3.21, 3.36, 2.6, 1.37, 1.24, 1.41, 0.95, 0.68, 0, 1.12, 1.78, 1.51, 1.31, 1.89, 1.89, 1.69, 1.28, 1.58, 1.95, 2.73, 3.17, 3.12, 3.39, 3.41, 3.82, 4.36, 5.29, 5.18, 5.82, 6.29, 6.31, 5.8, 5.25, 6.03, 6.35, 6.4, 6.25, 6.1, 5.17, 4.2, 4.3, 5.51, 5.8, 5.37, 5.95, 7.43, 9.81, 10.76, 10.02, 7.04, 4.56, 4.42, 3.77, 3.22, 2.89, 2.86, 2.74, 2.31, 2.53, 2.69, 3.25, 3.61, 3.42, 2.87, 2.93, 2.77, 2.93, 3.51, 3.93, 4.62, 5.27, 5.98, 6.27, 6.14, 5.99, 6.2, 6.09, 5.35, 5.27, 5.87, 5.95, 5.75, 5.36, 4.35, 3.25], [1.65, 2.37, 2.52, 1.84, 1.25, 1.76, 1.47, 1.41, 1.32, 1.12, 0, 1.04, 1.11, 1.87, 2.49, 2.17, 1.93, 1.44, 1.1, 1.15, 1.83, 2.25, 2.38, 2.59, 2.57, 2.9, 3.44, 4.37, 4.26, 4.92, 5.37, 5.43, 4.92, 4.37, 5.09, 5.47, 5.52, 5.39, 5.28, 4.45, 3.54, 3.62, 4.69, 5.0, 4.55, 5.09, 6.57, 8.93, 9.88, 9.1, 6.12, 3.66, 3.56, 3.03, 2.8, 2.37, 2.48, 2.36, 1.99, 2.27, 2.59, 3.19, 3.49, 3.48, 3.01, 3.13, 2.95, 3.05, 3.67, 4.25, 4.86, 5.65, 6.3, 6.61, 6.48, 6.33, 6.62, 6.69, 5.85, 5.81, 6.47, 6.61, 6.35, 6.0, 4.91, 3.77], [1.37, 1.83, 2.1, 1.88, 1.65, 2.1, 1.87, 1.89, 1.86, 1.78, 1.04, 0, 0.93, 2.23, 3.09, 2.69, 2.41, 1.9, 1.22, 1.05, 1.47, 1.95, 2.14, 2.39, 2.33, 2.44, 2.9, 3.79, 3.68, 4.34, 4.79, 4.85, 4.34, 3.79, 4.53, 4.89, 4.98, 4.89, 4.82, 3.93, 2.96, 3.08, 4.17, 4.48, 4.03, 4.55, 5.99, 8.35, 9.3, 8.52, 5.54, 3.28, 3.3, 2.79, 2.84, 2.35, 2.42, 2.38, 2.03, 2.45, 2.85, 3.45, 3.69, 3.72, 3.31, 3.43, 3.31, 3.39, 4.05, 4.75, 5.38, 6.07, 6.78, 7.07, 6.98, 6.81, 7.1, 7.25, 6.43, 6.39, 7.05, 7.21, 6.95, 6.56, 5.49, 4.33], [2.08, 2.52, 2.71, 2.07, 1.7, 1.91, 1.84, 1.7, 1.69, 1.51, 1.11, 0.93, 0, 1.7, 2.84, 2.52, 2.42, 1.91, 1.35, 1.46, 1.88, 2.34, 2.27, 2.58, 2.62, 2.91, 3.43, 4.36, 4.25, 4.95, 5.4, 5.42, 4.91, 4.36, 5.1, 5.48, 5.59, 5.5, 5.41, 4.54, 3.55, 3.69, 4.74, 5.05, 4.6, 5.16, 6.56, 8.92, 9.87, 9.09, 6.11, 3.81, 3.89, 3.22, 3.13, 2.66, 2.73, 2.77, 2.28, 2.7, 3.08, 3.66, 3.96, 3.95, 3.48, 3.64, 3.5, 3.56, 4.22, 4.82, 5.43, 6.22, 6.87, 7.18, 7.05, 6.9, 7.19, 7.08, 6.32, 6.28, 6.94, 7.04, 6.82, 6.43, 5.4, 4.28], [3.06, 3.7, 3.91, 3.21, 2.18, 1.63, 1.8, 1.48, 1.09, 1.31, 1.87, 2.23, 1.7, 0, 1.38, 1.42, 1.3, 1.35, 1.91, 2.4, 3.24, 3.6, 3.53, 3.78, 3.8, 4.21, 4.75, 5.68, 5.57, 6.25, 6.72, 6.74, 6.21, 5.68, 6.42, 6.8, 6.93, 6.82, 6.75, 5.92, 4.97, 5.11, 6.06, 6.39, 5.92, 6.46, 7.86, 10.22, 11.17, 10.41, 7.43, 4.97, 4.83, 4.16, 3.85, 3.5, 3.39, 3.23, 2.82, 2.72, 3.24, 3.64, 3.94, 3.73, 3.22, 3.22, 3.04, 3.34, 3.98, 4.12, 4.61, 5.22, 5.91, 6.22, 6.13, 5.94, 5.91, 5.84, 5.14, 4.98, 5.48, 5.58, 5.36, 4.99, 4.04, 3.28], [3.56, 4.22, 4.45, 3.73, 2.8, 2.13, 2.4, 2.14, 1.65, 1.89, 2.49, 3.09, 2.84, 1.38, 0, 1.02, 1.26, 1.83, 2.49, 3.04, 3.92, 4.1, 4.07, 4.32, 4.4, 4.75, 5.27, 6.16, 6.15, 6.81, 7.28, 7.22, 6.71, 6.2, 6.98, 7.38, 7.51, 7.48, 7.43, 6.66, 5.75, 5.85, 6.6, 7.03, 6.52, 7.04, 8.3, 10.68, 11.63, 10.87, 7.89, 5.41, 5.27, 4.52, 3.87, 3.7, 3.59, 3.43, 3.02, 2.78, 3.08, 3.42, 3.7, 3.47, 2.94, 2.88, 2.74, 3.08, 3.64, 3.6, 4.05, 4.46, 5.13, 5.32, 5.25, 5.08, 5.05, 4.92, 4.22, 4.04, 4.52, 4.58, 4.38, 4.03, 3.16, 3.2], [3.0, 3.5, 3.65, 2.99, 2.3, 1.97, 2.04, 1.8, 1.67, 1.89, 2.17, 2.69, 2.52, 1.42, 1.02, 0, 0.76, 1.25, 1.99, 2.36, 3.14, 3.32, 3.23, 3.52, 3.62, 3.95, 4.51, 5.46, 5.37, 6.01, 6.4, 6.48, 6.05, 5.48, 6.18, 6.56, 6.71, 6.62, 6.61, 5.94, 5.03, 5.07, 5.82, 6.27, 5.72, 6.22, 7.62, 9.96, 10.91, 10.13, 7.15, 4.67, 4.55, 3.9, 3.39, 3.3, 3.21, 3.05, 2.56, 2.34, 2.72, 3.1, 3.4, 3.15, 2.66, 2.66, 2.4, 2.76, 3.36, 3.3, 3.73, 4.22, 4.95, 5.24, 5.13, 4.96, 5.03, 5.0, 4.24, 4.1, 4.74, 4.88, 4.62, 4.21, 3.18, 2.94], [2.98, 3.52, 3.61, 2.91, 2.24, 1.95, 2.04, 1.76, 1.55, 1.69, 1.93, 2.41, 2.42, 1.3, 1.26, 0.76, 0, 0.85, 1.79, 2.2, 3.04, 3.28, 3.21, 3.48, 3.54, 3.91, 4.47, 5.4, 5.31, 6.03, 6.42, 6.46, 6.01, 5.46, 6.12, 6.5, 6.63, 6.46, 6.41, 5.62, 4.73, 4.85, 5.82, 6.21, 5.68, 6.18, 7.64, 9.96, 10.91, 10.11, 7.13, 4.67, 4.53, 3.9, 3.41, 3.36, 3.25, 3.07, 2.6, 2.4, 2.82, 3.22, 3.52, 3.27, 2.76, 2.74, 2.52, 2.9, 3.5, 3.56, 3.97, 4.48, 5.25, 5.52, 5.41, 5.24, 5.39, 5.44, 4.66, 4.5, 5.16, 5.3, 5.04, 4.69, 3.58, 3.02], [2.39, 3.01, 3.08, 2.36, 1.65, 1.48, 1.57, 1.35, 1.22, 1.28, 1.44, 1.9, 1.91, 1.35, 1.83, 1.25, 0.85, 0, 1.18, 1.73, 2.49, 2.73, 2.68, 2.95, 2.97, 3.38, 3.92, 4.85, 4.78, 5.52, 5.91, 5.97, 5.52, 4.97, 5.59, 5.97, 6.04, 5.89, 5.8, 5.15, 4.26, 4.32, 5.31, 5.64, 5.13, 5.65, 7.13, 9.45, 10.38, 9.58, 6.6, 4.12, 3.96, 3.37, 2.9, 2.81, 2.7, 2.52, 2.05, 2.11, 2.45, 2.91, 3.25, 3.06, 2.53, 2.57, 2.39, 2.65, 3.29, 3.47, 4.2, 4.89, 5.58, 5.85, 5.72, 5.57, 5.82, 5.85, 5.01, 4.93, 5.59, 5.77, 5.49, 5.12, 4.01, 2.95], [1.59, 2.09, 2.24, 1.68, 1.63, 1.7, 1.55, 1.61, 1.64, 1.58, 1.1, 1.22, 1.35, 1.91, 2.49, 1.99, 1.79, 1.18, 0, 0.95, 1.77, 1.99, 1.9, 2.19, 2.25, 2.5, 3.04, 3.97, 3.9, 4.6, 5.05, 5.07, 4.58, 4.09, 4.83, 5.15, 5.26, 5.15, 5.12, 4.47, 3.58, 3.6, 4.47, 4.82, 4.29, 4.79, 6.19, 8.51, 9.46, 8.7, 5.72, 3.24, 3.1, 2.45, 2.14, 2.01, 1.9, 1.82, 1.37, 1.75, 2.05, 2.59, 2.91, 2.92, 2.43, 2.61, 2.45, 2.49, 3.17, 3.85, 4.46, 5.17, 5.9, 6.17, 6.08, 5.91, 6.26, 6.41, 5.59, 5.51, 6.19, 6.39, 6.11, 5.72, 4.59, 3.45], [1.36, 1.66, 1.71, 1.41, 1.58, 2.13, 1.9, 1.84, 1.99, 1.95, 1.15, 1.05, 1.46, 2.4, 3.04, 2.36, 2.2, 1.73, 0.95, 0, 1.14, 1.72, 1.77, 2.04, 1.98, 1.99, 2.49, 3.42, 3.31, 3.99, 4.44, 4.46, 3.97, 3.42, 4.14, 4.5, 4.61, 4.52, 4.45, 3.68, 2.77, 2.85, 3.78, 4.15, 3.64, 4.18, 5.6, 7.96, 8.91, 8.15, 5.17, 2.71, 2.63, 2.16, 2.23, 1.88, 1.75, 1.59, 1.4, 1.9, 2.34, 2.92, 3.04, 3.09, 2.78, 2.96, 2.82, 2.9, 3.52, 4.32, 4.93, 5.54, 6.35, 6.6, 6.55, 6.36, 6.73, 6.96, 6.1, 6.0, 6.7, 6.94, 6.62, 6.19, 5.06, 3.92], [1.48, 1.24, 1.21, 1.15, 1.82, 2.57, 2.24, 2.4, 2.79, 2.73, 1.83, 1.47, 1.88, 3.24, 3.92, 3.14, 3.04, 2.49, 1.77, 1.14, 0, 1.1, 1.19, 1.38, 1.28, 1.27, 1.69, 2.56, 2.47, 3.15, 3.58, 3.64, 3.19, 2.68, 3.4, 3.68, 3.77, 3.66, 3.59, 2.88, 1.97, 2.07, 2.94, 3.27, 2.76, 3.34, 4.8, 7.14, 8.09, 7.29, 4.31, 2.39, 2.61, 2.24, 2.41, 1.86, 2.07, 2.01, 1.84, 2.34, 2.74, 3.38, 3.56, 3.75, 3.52, 3.7, 3.46, 3.3, 3.98, 4.9, 5.45, 6.06, 6.79, 7.04, 7.05, 6.84, 7.33, 7.6, 6.8, 6.6, 7.36, 7.66, 7.3, 6.81, 5.6, 4.38], [1.84, 1.18, 1.17, 0.95, 2.02, 2.61, 2.28, 2.66, 3.19, 3.17, 2.25, 1.95, 2.34, 3.6, 4.1, 3.32, 3.28, 2.73, 1.99, 1.72, 1.1, 0, 0.73, 0.94, 0.88, 1.13, 1.61, 2.2, 2.53, 3.21, 3.5, 3.46, 3.17, 2.86, 3.46, 3.64, 3.71, 3.5, 3.61, 3.14, 2.59, 2.63, 3.0, 3.25, 2.76, 3.16, 4.42, 6.72, 7.65, 6.85, 3.87, 2.37, 2.59, 2.18, 2.23, 1.88, 2.09, 2.29, 2.08, 2.48, 2.6, 3.14, 3.46, 3.57, 3.32, 3.52, 3.12, 3.02, 3.62, 4.58, 5.09, 5.7, 6.39, 6.62, 6.63, 6.44, 6.93, 7.18, 6.44, 6.32, 6.94, 7.26, 6.94, 6.41, 5.28, 3.98], [1.89, 1.15, 1.28, 1.04, 2.13, 2.5, 2.13, 2.61, 3.14, 3.12, 2.38, 2.14, 2.27, 3.53, 4.07, 3.23, 3.21, 2.68, 1.9, 1.77, 1.19, 0.73, 0, 0.65, 0.83, 1.06, 1.6, 2.39, 2.74, 3.42, 3.71, 3.75, 3.48, 3.15, 3.75, 3.89, 3.98, 3.73, 3.9, 3.47, 2.76, 2.8, 3.11, 3.5, 3.05, 3.33, 4.55, 6.81, 7.74, 6.92, 3.92, 2.24, 2.48, 1.99, 1.92, 1.63, 1.84, 2.16, 1.85, 2.25, 2.25, 2.77, 3.11, 3.22, 2.99, 3.21, 2.85, 2.85, 3.33, 4.35, 4.8, 5.39, 6.18, 6.37, 6.36, 6.23, 6.68, 6.93, 6.19, 6.05, 6.73, 7.01, 6.69, 6.16, 4.99, 3.75], [2.04, 1.42, 1.37, 1.21, 2.28, 2.67, 2.38, 2.88, 3.41, 3.39, 2.59, 2.39, 2.58, 3.78, 4.32, 3.52, 3.48, 2.95, 2.19, 2.04, 1.38, 0.94, 0.65, 0, 0.58, 0.99, 1.39, 2.24, 2.67, 3.39, 3.76, 3.72, 3.37, 3.12, 3.76, 3.9, 4.01, 3.56, 3.93, 3.52, 2.81, 2.87, 3.2, 3.41, 3.06, 3.18, 4.46, 6.62, 7.69, 6.79, 3.75, 2.15, 2.27, 1.92, 1.97, 1.62, 1.93, 2.13, 2.14, 2.48, 2.42, 2.98, 3.14, 3.41, 3.24, 3.4, 3.02, 2.94, 3.5, 4.54, 4.93, 5.66, 6.13, 6.4, 6.45, 6.22, 6.71, 7.04, 6.26, 6.1, 6.78, 7.0, 6.7, 6.19, 5.04, 3.72], [2.04, 1.46, 1.49, 1.13, 2.16, 2.71, 2.42, 2.9, 3.43, 3.41, 2.57, 2.33, 2.62, 3.8, 4.4, 3.62, 3.54, 2.97, 2.25, 1.98, 1.28, 0.88, 0.83, 0.58, 0, 0.97, 1.31, 2.02, 2.47, 3.21, 3.6, 3.5, 3.19, 2.94, 3.58, 3.7, 3.81, 3.42, 3.69, 3.28, 2.63, 2.61, 3.08, 3.33, 2.84, 3.16, 4.46, 6.64, 7.73, 6.83, 3.79, 2.17, 2.27, 2.0, 2.11, 1.78, 1.97, 2.15, 2.2, 2.54, 2.5, 3.12, 3.36, 3.65, 3.46, 3.5, 3.18, 3.08, 3.62, 4.64, 5.03, 5.84, 6.27, 6.64, 6.69, 6.44, 6.97, 7.3, 6.52, 6.24, 6.98, 7.28, 6.94, 6.41, 5.16, 3.86], [1.85, 1.05, 1.1, 1.4, 2.61, 3.2, 2.89, 3.31, 3.84, 3.82, 2.9, 2.44, 2.91, 4.21, 4.75, 3.95, 3.91, 3.38, 2.5, 1.99, 1.27, 1.13, 1.06, 0.99, 0.97, 0, 0.9, 1.67, 2.08, 2.84, 3.13, 3.13, 2.92, 2.69, 3.17, 3.29, 3.4, 3.03, 3.24, 2.83, 2.08, 2.12, 2.51, 2.78, 2.37, 2.59, 3.85, 6.11, 7.06, 6.24, 3.22, 1.76, 1.96, 1.71, 2.04, 1.85, 1.98, 2.08, 2.21, 2.63, 2.83, 3.41, 3.53, 3.68, 3.49, 3.79, 3.49, 3.39, 3.85, 5.03, 5.46, 5.99, 6.64, 6.89, 6.88, 6.77, 7.26, 7.51, 6.81, 6.69, 7.29, 7.61, 7.29, 6.76, 5.59, 4.27], [2.23, 1.65, 1.7, 1.98, 3.07, 3.68, 3.35, 3.85, 4.38, 4.36, 3.44, 2.9, 3.43, 4.75, 5.27, 4.51, 4.47, 3.92, 3.04, 2.49, 1.69, 1.61, 1.6, 1.39, 1.31, 0.9, 0, 1.15, 1.7, 2.48, 2.83, 2.69, 2.6, 2.33, 2.89, 2.93, 3.04, 2.65, 2.96, 2.53, 1.8, 1.82, 2.25, 2.58, 2.11, 2.33, 3.57, 5.73, 6.82, 5.92, 2.88, 1.38, 1.64, 1.75, 2.46, 2.21, 2.24, 2.3, 2.69, 3.13, 3.25, 3.83, 3.99, 4.2, 4.05, 4.19, 4.01, 3.83, 4.31, 5.49, 5.82, 6.57, 7.02, 7.37, 7.4, 7.25, 7.74, 8.07, 7.31, 7.07, 7.73, 8.09, 7.71, 7.18, 5.85, 4.61], [3.06, 2.32, 2.27, 2.69, 3.98, 4.57, 4.28, 4.78, 5.31, 5.29, 4.37, 3.79, 4.36, 5.68, 6.16, 5.46, 5.4, 4.85, 3.97, 3.42, 2.56, 2.2, 2.39, 2.24, 2.02, 1.67, 1.15, 0, 1.07, 1.69, 1.94, 1.76, 1.75, 1.66, 2.06, 2.12, 2.11, 1.7, 1.99, 1.76, 1.87, 1.81, 1.58, 1.65, 1.32, 1.52, 2.62, 4.78, 5.85, 5.01, 2.01, 1.85, 2.05, 2.44, 3.25, 3.16, 3.19, 3.23, 3.64, 4.04, 4.22, 4.78, 4.92, 5.11, 4.98, 5.12, 4.88, 4.66, 5.22, 6.42, 6.79, 7.42, 7.95, 8.18, 8.19, 8.16, 8.65, 8.92, 8.26, 8.0, 8.62, 9.02, 8.64, 8.11, 6.78, 5.48], [3.17, 2.67, 2.68, 2.74, 3.97, 4.68, 4.37, 4.73, 5.2, 5.18, 4.26, 3.68, 4.25, 5.57, 6.15, 5.37, 5.31, 4.78, 3.9, 3.31, 2.47, 2.53, 2.74, 2.67, 2.47, 2.08, 1.7, 1.07, 0, 1.14, 1.51, 1.57, 1.4, 1.27, 1.49, 1.53, 1.56, 1.63, 1.66, 1.51, 1.66, 1.62, 1.57, 1.5, 1.29, 1.37, 2.41, 4.67, 5.74, 4.9, 1.98, 2.52, 2.88, 3.19, 3.8, 3.53, 3.56, 3.5, 3.69, 4.25, 4.51, 5.19, 5.37, 5.54, 5.35, 5.49, 5.33, 5.11, 5.59, 6.75, 7.24, 7.89, 8.48, 8.73, 8.7, 8.63, 9.16, 9.41, 8.65, 8.47, 9.15, 9.47, 9.11, 8.62, 7.33, 6.09], [3.73, 3.29, 3.38, 3.44, 4.55, 5.22, 4.93, 5.33, 5.84, 5.82, 4.92, 4.34, 4.95, 6.25, 6.81, 6.01, 6.03, 5.52, 4.6, 3.99, 3.15, 3.21, 3.42, 3.39, 3.21, 2.84, 2.48, 1.69, 1.14, 0, 0.69, 0.83, 0.84, 1.05, 0.73, 0.91, 1.0, 1.53, 1.56, 1.73, 2.4, 2.2, 1.61, 1.7, 1.71, 1.47, 1.95, 4.01, 5.06, 4.26, 1.9, 3.16, 3.56, 3.95, 4.56, 4.17, 4.18, 4.12, 4.35, 4.87, 5.07, 5.81, 5.95, 6.18, 5.97, 6.15, 5.91, 5.71, 6.29, 7.35, 7.86, 8.55, 9.12, 9.43, 9.42, 9.25, 9.76, 10.11, 9.29, 9.03, 9.79, 10.09, 9.73, 9.24, 7.95, 6.73], [4.22, 3.56, 3.65, 3.77, 5.02, 5.69, 5.46, 5.8, 6.31, 6.29, 5.37, 4.79, 5.4, 6.72, 7.28, 6.4, 6.42, 5.91, 5.05, 4.44, 3.58, 3.5, 3.71, 3.76, 3.6, 3.13, 2.83, 1.94, 1.51, 0.69, 0, 0.56, 1.09, 1.48, 0.96, 0.9, 1.11, 1.64, 1.57, 2.04, 2.77, 2.67, 1.88, 2.05, 2.1, 1.86, 1.9, 3.56, 4.57, 3.77, 1.87, 3.43, 3.85, 4.2, 4.81, 4.58, 4.61, 4.57, 4.74, 5.26, 5.5, 6.22, 6.4, 6.55, 6.36, 6.52, 6.3, 6.1, 6.64, 7.78, 8.25, 8.86, 9.49, 9.74, 9.73, 9.64, 10.15, 10.42, 9.7, 9.5, 10.16, 10.48, 10.14, 9.63, 8.36, 7.1], [4.16, 3.5, 3.51, 3.79, 5.0, 5.63, 5.4, 5.8, 6.33, 6.31, 5.43, 4.85, 5.42, 6.74, 7.22, 6.48, 6.46, 5.97, 5.07, 4.46, 3.64, 3.46, 3.75, 3.72, 3.5, 3.13, 2.69, 1.76, 1.57, 0.83, 0.56, 0, 0.87, 1.28, 1.02, 0.98, 1.11, 1.54, 1.59, 2.04, 2.75, 2.67, 1.92, 2.01, 2.04, 1.82, 1.84, 3.58, 4.65, 3.87, 1.79, 3.25, 3.59, 3.92, 4.49, 4.44, 4.49, 4.43, 4.66, 5.2, 5.36, 6.06, 6.18, 6.37, 6.18, 6.34, 6.16, 5.92, 6.42, 7.6, 8.05, 8.66, 9.23, 9.5, 9.51, 9.44, 9.91, 10.2, 9.52, 9.24, 9.94, 10.28, 9.92, 9.43, 8.08, 6.82], [3.69, 3.25, 3.36, 3.46, 4.51, 5.18, 4.91, 5.31, 5.82, 5.8, 4.92, 4.34, 4.91, 6.21, 6.71, 6.05, 6.01, 5.52, 4.58, 3.97, 3.19, 3.17, 3.48, 3.37, 3.19, 2.92, 2.6, 1.75, 1.4, 0.84, 1.09, 0.87, 0, 0.79, 1.07, 1.09, 1.3, 1.63, 1.72, 2.07, 2.58, 2.46, 1.99, 2.04, 1.93, 1.77, 1.97, 4.15, 5.26, 4.5, 1.98, 3.38, 3.62, 3.93, 4.5, 4.17, 4.14, 4.06, 4.29, 4.83, 5.05, 5.75, 5.83, 5.98, 5.81, 5.97, 5.79, 5.55, 6.27, 7.21, 7.7, 8.37, 8.92, 9.27, 9.28, 9.03, 9.56, 9.91, 9.11, 8.83, 9.57, 9.87, 9.53, 9.04, 7.69, 6.41], [3.3, 2.94, 3.07, 3.11, 4.0, 4.69, 4.52, 4.82, 5.27, 5.25, 4.37, 3.79, 4.36, 5.68, 6.2, 5.48, 5.46, 4.97, 4.09, 3.42, 2.68, 2.86, 3.15, 3.12, 2.94, 2.69, 2.33, 1.66, 1.27, 1.05, 1.48, 1.28, 0.79, 0, 1.0, 1.28, 1.61, 1.96, 2.13, 2.28, 2.29, 2.31, 2.16, 2.15, 1.86, 1.64, 2.4, 4.64, 5.75, 4.99, 2.19, 3.21, 3.55, 3.68, 4.25, 3.86, 3.83, 3.63, 3.8, 4.36, 4.72, 5.42, 5.46, 5.65, 5.44, 5.64, 5.42, 5.22, 6.0, 6.86, 7.39, 8.06, 8.63, 8.96, 8.99, 8.68, 9.23, 9.58, 8.72, 8.42, 9.22, 9.52, 9.14, 8.69, 7.44, 6.2], [4.16, 3.64, 3.67, 3.73, 4.86, 5.53, 5.32, 5.62, 6.01, 6.03, 5.09, 4.53, 5.1, 6.42, 6.98, 6.18, 6.12, 5.59, 4.83, 4.14, 3.4, 3.46, 3.75, 3.76, 3.58, 3.17, 2.89, 2.06, 1.49, 0.73, 0.96, 1.02, 1.07, 1.0, 0, 0.72, 1.07, 1.74, 1.75, 1.98, 2.59, 2.41, 1.82, 1.91, 1.9, 1.74, 2.08, 3.88, 4.91, 4.15, 2.21, 3.51, 3.87, 4.34, 4.97, 4.62, 4.61, 4.49, 4.64, 5.1, 5.48, 6.22, 6.36, 6.49, 6.28, 6.5, 6.3, 6.12, 6.66, 7.66, 8.23, 8.82, 9.45, 9.76, 9.75, 9.58, 10.09, 10.38, 9.56, 9.36, 10.12, 10.42, 10.06, 9.57, 8.3, 7.06], [4.32, 3.78, 3.77, 3.89, 5.1, 5.75, 5.58, 5.9, 6.37, 6.35, 5.47, 4.89, 5.48, 6.8, 7.38, 6.56, 6.5, 5.97, 5.15, 4.5, 3.68, 3.64, 3.89, 3.9, 3.7, 3.29, 2.93, 2.12, 1.53, 0.91, 0.9, 0.98, 1.09, 1.28, 0.72, 0, 0.83, 1.42, 1.51, 2.02, 2.67, 2.47, 1.92, 1.93, 1.86, 1.6, 1.62, 3.52, 4.61, 3.85, 1.87, 3.53, 3.81, 4.4, 5.03, 4.76, 4.75, 4.73, 4.92, 5.44, 5.68, 6.36, 6.5, 6.67, 6.46, 6.66, 6.44, 6.26, 6.78, 7.86, 8.33, 8.96, 9.55, 9.84, 9.83, 9.7, 10.19, 10.52, 9.72, 9.48, 10.22, 10.52, 10.16, 9.67, 8.36, 7.16], [4.33, 3.81, 3.74, 3.96, 5.13, 5.78, 5.53, 5.89, 6.42, 6.4, 5.52, 4.98, 5.59, 6.93, 7.51, 6.71, 6.63, 6.04, 5.26, 4.61, 3.77, 3.71, 3.98, 4.01, 3.81, 3.4, 3.04, 2.11, 1.56, 1.0, 1.11, 1.11, 1.3, 1.61, 1.07, 0.83, 0, 1.13, 1.16, 1.65, 2.58, 2.3, 1.51, 1.56, 1.63, 1.39, 1.51, 3.45, 4.54, 3.8, 1.84, 3.4, 3.7, 4.47, 5.06, 4.85, 4.86, 4.82, 5.07, 5.59, 5.75, 6.47, 6.63, 6.76, 6.55, 6.75, 6.55, 6.35, 6.83, 7.97, 8.46, 9.01, 9.64, 9.85, 9.82, 9.81, 10.3, 10.57, 9.83, 9.63, 10.31, 10.63, 10.27, 9.78, 8.49, 7.25], [4.12, 3.44, 3.25, 3.77, 4.98, 5.59, 5.42, 5.74, 6.29, 6.25, 5.39, 4.89, 5.5, 6.82, 7.48, 6.62, 6.46, 5.89, 5.15, 4.52, 3.66, 3.5, 3.73, 3.56, 3.42, 3.03, 2.65, 1.7, 1.63, 1.53, 1.64, 1.54, 1.63, 1.96, 1.74, 1.42, 1.13, 0, 0.69, 1.44, 2.37, 2.15, 1.52, 1.07, 1.24, 0.94, 1.5, 3.64, 4.75, 3.99, 1.53, 2.87, 3.09, 3.9, 4.63, 4.58, 4.65, 4.71, 5.04, 5.46, 5.6, 6.22, 6.24, 6.39, 6.3, 6.56, 6.24, 6.1, 6.58, 7.8, 8.19, 8.7, 9.31, 9.42, 9.41, 9.44, 9.87, 10.12, 9.54, 9.34, 10.0, 10.26, 9.96, 9.47, 8.24, 6.935], [4.21, 3.59, 3.42, 3.8, 5.03, 5.72, 5.41, 5.65, 6.2, 6.1, 5.28, 4.82, 5.41, 6.75, 7.43, 6.61, 6.41, 5.8, 5.12, 4.45, 3.59, 3.61, 3.9, 3.93, 3.69, 3.24, 2.96, 1.99, 1.66, 1.56, 1.57, 1.59, 1.72, 2.13, 1.75, 1.51, 1.16, 0.69, 0, 1.15, 2.18, 1.96, 1.49, 1.22, 1.27, 1.33, 1.79, 3.79, 4.8, 4.06, 1.9, 3.24, 3.54, 4.35, 5.02, 4.85, 4.86, 4.88, 5.13, 5.61, 5.77, 6.47, 6.61, 6.66, 6.45, 6.73, 6.49, 6.29, 6.75, 7.95, 8.42, 8.91, 9.64, 9.77, 9.76, 9.79, 10.26, 10.43, 9.83, 9.69, 10.29, 10.63, 10.31, 9.78, 8.55, 7.25], [3.66, 3.16, 3.01, 3.29, 4.34, 5.17, 4.82, 4.86, 5.31, 5.17, 4.45, 3.93, 4.54, 5.92, 6.66, 5.94, 5.62, 5.15, 4.47, 3.68, 2.88, 3.14, 3.47, 3.52, 3.28, 2.83, 2.53, 1.76, 1.51, 1.73, 2.04, 2.04, 2.07, 2.28, 1.98, 2.02, 1.65, 1.44, 1.15, 0, 1.13, 1.13, 1.06, 1.29, 1.14, 1.72, 2.66, 4.84, 5.87, 5.13, 2.73, 2.95, 3.27, 3.98, 4.57, 4.38, 4.39, 4.39, 4.54, 5.1, 5.28, 6.0, 6.12, 6.17, 5.94, 6.18, 6.0, 5.78, 6.24, 7.4, 7.91, 8.42, 9.11, 9.3, 9.27, 9.28, 9.77, 9.96, 9.3, 9.16, 9.78, 10.12, 9.78, 9.27, 8.0, 6.74], [2.83, 2.39, 2.34, 2.54, 3.47, 4.28, 3.97, 3.95, 4.36, 4.2, 3.54, 2.96, 3.55, 4.97, 5.75, 5.03, 4.73, 4.26, 3.58, 2.77, 1.97, 2.59, 2.76, 2.81, 2.63, 2.08, 1.8, 1.87, 1.66, 2.4, 2.77, 2.75, 2.58, 2.29, 2.59, 2.67, 2.58, 2.37, 2.18, 1.13, 0, 0.64, 1.65, 1.94, 1.47, 2.09, 3.53, 5.95, 6.979, 6.236, 3.38, 2.46, 2.76, 3.17, 3.76, 3.55, 3.56, 3.52, 3.65, 4.21, 4.45, 5.17, 5.27, 5.32, 5.09, 5.33, 5.15, 4.91, 5.35, 6.49, 7.0, 7.47, 8.16, 8.37, 8.36, 8.33, 8.82, 9.01, 8.35, 8.19, 8.83, 9.17, 8.83, 8.32, 7.05, 5.79], [2.79, 2.47, 2.44, 2.6, 3.49, 4.28, 3.91, 3.93, 4.48, 4.3, 3.62, 3.08, 3.69, 5.11, 5.85, 5.07, 4.85, 4.32, 3.6, 2.85, 2.07, 2.63, 2.8, 2.87, 2.61, 2.12, 1.82, 1.81, 1.62, 2.2, 2.67, 2.67, 2.46, 2.31, 2.41, 2.47, 2.3, 2.15, 1.96, 1.13, 0.64, 0, 1.39, 1.72, 1.33, 1.89, 3.31, 5.718, 6.759, 6.016, 3.24, 2.4, 2.7, 3.23, 3.82, 3.49, 3.5, 3.48, 3.67, 4.21, 4.39, 5.11, 5.21, 5.3, 5.07, 5.31, 5.11, 4.91, 5.33, 6.43, 6.96, 7.51, 8.18, 8.43, 8.4, 8.31, 8.82, 9.07, 8.31, 8.13, 8.85, 9.15, 8.81, 8.3, 6.99, 5.79], [3.52, 2.8, 2.79, 3.13, 4.4, 4.97, 4.7, 5.08, 5.59, 5.51, 4.69, 4.17, 4.74, 6.06, 6.6, 5.82, 5.82, 5.31, 4.47, 3.78, 2.94, 3.0, 3.11, 3.2, 3.08, 2.51, 2.25, 1.58, 1.57, 1.61, 1.88, 1.92, 1.99, 2.16, 1.82, 1.92, 1.51, 1.52, 1.49, 1.06, 1.65, 1.39, 0, 1.11, 1.04, 1.64, 2.46, 4.44, 5.449, 4.706, 2.57, 2.69, 3.01, 3.64, 4.25, 3.98, 3.99, 4.01, 4.26, 4.74, 4.88, 5.6, 5.68, 5.73, 5.52, 5.78, 5.54, 5.38, 5.74, 6.92, 7.39, 7.9, 8.61, 8.82, 8.79, 8.74, 9.25, 9.46, 8.78, 8.64, 9.26, 9.58, 9.26, 8.73, 7.48, 6.22], [3.85, 3.07, 2.84, 3.42, 4.71, 5.3, 5.01, 5.39, 5.9, 5.8, 5.0, 4.48, 5.05, 6.39, 7.03, 6.27, 6.21, 5.64, 4.82, 4.15, 3.27, 3.25, 3.5, 3.41, 3.33, 2.78, 2.58, 1.65, 1.5, 1.7, 2.05, 2.01, 2.04, 2.15, 1.91, 1.93, 1.56, 1.07, 1.22, 1.29, 1.94, 1.72, 1.11, 0, 0.87, 1.03, 1.85, 4.121, 5.16, 4.399, 1.9, 2.66, 2.86, 3.65, 4.44, 4.25, 4.34, 4.44, 4.73, 5.15, 5.31, 5.91, 5.85, 5.92, 5.81, 6.15, 5.85, 5.73, 6.11, 7.33, 7.76, 8.13, 8.86, 8.89, 8.86, 8.97, 9.38, 9.53, 8.99, 8.91, 9.51, 9.77, 9.49, 9.0, 7.83, 6.522], [3.36, 2.62, 2.55, 2.93, 4.26, 4.87, 4.58, 4.94, 5.45, 5.37, 4.55, 4.03, 4.6, 5.92, 6.52, 5.72, 5.68, 5.13, 4.29, 3.64, 2.76, 2.76, 3.05, 3.06, 2.84, 2.37, 2.11, 1.32, 1.29, 1.71, 2.1, 2.04, 1.93, 1.86, 1.9, 1.86, 1.63, 1.24, 1.27, 1.14, 1.47, 1.33, 1.04, 0.87, 0, 0.98, 2.14, 4.58, 5.59, 4.829, 1.99, 2.41, 2.71, 3.46, 4.11, 3.9, 3.93, 3.95, 4.22, 4.68, 4.84, 5.54, 5.64, 5.67, 5.5, 5.76, 5.52, 5.3, 5.72, 6.92, 7.39, 7.84, 8.55, 8.68, 8.67, 8.72, 9.17, 9.34, 8.74, 8.62, 9.2, 9.54, 9.22, 8.69, 7.48, 6.16], [3.72, 2.94, 2.89, 3.41, 4.7, 5.29, 5.0, 5.44, 5.99, 5.95, 5.09, 4.55, 5.16, 6.46, 7.04, 6.22, 6.18, 5.65, 4.79, 4.18, 3.34, 3.16, 3.33, 3.18, 3.16, 2.59, 2.33, 1.52, 1.37, 1.47, 1.86, 1.82, 1.77, 1.64, 1.74, 1.6, 1.39, 0.94, 1.33, 1.72, 2.09, 1.89, 1.64, 1.03, 0.98, 0, 1.54, 3.92, 5.03, 4.25, 1.57, 2.55, 2.81, 3.46, 4.23, 4.06, 4.15, 4.25, 4.58, 5.0, 5.12, 5.72, 5.72, 5.83, 5.76, 6.02, 5.7, 5.58, 6.02, 7.26, 7.65, 8.12, 8.79, 8.818, 8.81, 8.88, 9.31, 9.52, 8.96, 8.84, 9.44, 9.7, 9.42, 8.91, 7.74, 6.435], [5.22, 4.24, 4.19, 4.85, 6.18, 6.73, 6.42, 6.92, 7.45, 7.43, 6.57, 5.99, 6.56, 7.86, 8.3, 7.62, 7.64, 7.13, 6.19, 5.6, 4.8, 4.42, 4.55, 4.46, 4.46, 3.85, 3.57, 2.62, 2.41, 1.95, 1.9, 1.84, 1.97, 2.4, 2.08, 1.62, 1.51, 1.5, 1.79, 2.66, 3.53, 3.31, 2.46, 1.85, 2.14, 1.54, 0, 2.44, 3.57, 2.81, 1.05, 3.47, 3.71, 4.28, 5.07, 5.2, 5.33, 5.45, 5.76, 6.08, 6.16, 6.52, 6.42, 6.63, 6.72, 6.8, 6.8, 6.68, 6.94, 8.22, 8.67, 8.96, 9.65, 9.618, 9.55, 9.62, 10.05, 10.22, 9.7, 9.56, 10.16, 10.46, 10.2, 9.67, 8.52, 7.437], [7.56, 6.6, 6.49, 7.23, 8.52, 9.07, 8.78, 9.3, 9.83, 9.81, 8.93, 8.35, 8.92, 10.22, 10.68, 9.96, 9.96, 9.45, 8.51, 7.96, 7.14, 6.72, 6.81, 6.62, 6.64, 6.11, 5.73, 4.78, 4.67, 4.01, 3.56, 3.58, 4.15, 4.64, 3.88, 3.52, 3.45, 3.64, 3.79, 4.84, 5.95, 5.718, 4.44, 4.121, 4.58, 3.92, 2.44, 0, 1.65, 1.11, 2.95, 5.55, 5.75, 6.4, 7.21, 7.46, 7.57, 7.67, 8.06, 8.38, 8.44, 8.6, 8.4, 8.85, 9.0, 9.02, 9.12, 8.94, 9.24, 10.46, 10.93, 11.28, 11.824, 11.772, 11.71, 11.76, 12.13, 12.32, 11.86, 11.68, 12.34, 12.632, 12.392, 11.842, 10.712, 9.634], [8.61, 7.61, 7.44, 8.18, 9.55, 10.12, 9.79, 10.25, 10.78, 10.76, 9.88, 9.3, 9.87, 11.17, 11.63, 10.91, 10.91, 10.38, 9.46, 8.91, 8.09, 7.65, 7.74, 7.69, 7.73, 7.06, 6.82, 5.85, 5.74, 5.06, 4.57, 4.65, 5.26, 5.75, 4.91, 4.61, 4.54, 4.75, 4.8, 5.87, 6.979, 6.759, 5.449, 5.16, 5.59, 5.03, 3.57, 1.65, 0, 1.12, 4.02, 6.66, 6.86, 7.47, 8.3, 8.57, 8.7, 8.8, 9.07, 9.37, 9.49, 9.67, 9.51, 9.9, 10.05, 10.13, 10.21, 10.07, 10.35, 11.51, 12.14, 12.35, 13.009, 12.959, 12.84, 12.97, 13.26, 13.37, 12.99, 12.85, 13.49, 13.796, 13.542, 12.994, 11.862, 10.804], [7.85, 6.85, 6.68, 7.42, 8.79, 9.36, 9.01, 9.51, 10.04, 10.02, 9.1, 8.52, 9.09, 10.41, 10.87, 10.13, 10.11, 9.58, 8.7, 8.15, 7.29, 6.85, 6.92, 6.79, 6.83, 6.24, 5.92, 5.01, 4.9, 4.26, 3.77, 3.87, 4.5, 4.99, 4.15, 3.85, 3.8, 3.99, 4.06, 5.13, 6.236, 6.016, 4.706, 4.399, 4.829, 4.25, 2.81, 1.11, 1.12, 0, 3.1, 5.72, 5.98, 6.63, 7.42, 7.69, 7.84, 7.92, 8.23, 8.55, 8.65, 8.87, 8.73, 9.06, 9.21, 9.31, 9.43, 9.29, 9.47, 10.67, 11.26, 11.53, 12.172, 12.113, 12.1, 12.19, 12.44, 12.65, 12.17, 12.05, 12.71, 12.95, 12.73, 12.18, 11.05, 9.962], [4.83, 3.87, 3.7, 4.44, 5.77, 6.34, 6.03, 6.53, 7.06, 7.04, 6.12, 5.54, 6.11, 7.43, 7.89, 7.15, 7.13, 6.6, 5.72, 5.17, 4.31, 3.87, 3.92, 3.75, 3.79, 3.22, 2.88, 2.01, 1.98, 1.9, 1.87, 1.79, 1.98, 2.19, 2.21, 1.87, 1.84, 1.53, 1.9, 2.73, 3.38, 3.24, 2.57, 1.9, 1.99, 1.57, 1.05, 2.95, 4.02, 3.1, 0, 2.76, 2.96, 3.57, 4.44, 4.65, 4.8, 4.9, 5.25, 5.57, 5.69, 5.99, 5.89, 6.16, 6.29, 6.41, 6.37, 6.23, 6.53, 7.77, 8.26, 8.57, 9.206, 9.159, 9.18, 9.25, 9.58, 9.83, 9.31, 9.19, 9.79, 10.03, 9.77, 9.3, 8.13, 6.987], [2.69, 1.99, 2.04, 2.64, 3.53, 4.0, 3.65, 4.07, 4.58, 4.56, 3.66, 3.28, 3.81, 4.97, 5.41, 4.67, 4.67, 4.12, 3.24, 2.71, 2.39, 2.37, 2.24, 2.15, 2.17, 1.76, 1.38, 1.85, 2.52, 3.16, 3.43, 3.25, 3.38, 3.21, 3.51, 3.53, 3.4, 2.87, 3.24, 2.95, 2.46, 2.4, 2.69, 2.66, 2.41, 2.55, 3.47, 5.55, 6.66, 5.72, 2.76, 0, 0.86, 1.55, 2.3, 2.37, 2.42, 2.4, 2.81, 3.13, 3.21, 3.71, 3.81, 4.02, 3.97, 4.15, 4.03, 3.75, 4.15, 5.41, 5.84, 6.41, 6.938, 7.09, 7.1, 7.13, 7.58, 7.75, 7.15, 7.03, 7.61, 7.91, 7.55, 7.0, 5.79, 4.488], [2.77, 2.25, 2.02, 2.74, 3.61, 4.0, 3.59, 4.03, 4.42, 4.42, 3.56, 3.3, 3.89, 4.83, 5.27, 4.55, 4.53, 3.96, 3.1, 2.63, 2.61, 2.59, 2.48, 2.27, 2.27, 1.96, 1.64, 2.05, 2.88, 3.56, 3.85, 3.59, 3.62, 3.55, 3.87, 3.81, 3.7, 3.09, 3.54, 3.27, 2.76, 2.7, 3.01, 2.86, 2.71, 2.81, 3.71, 5.75, 6.86, 5.98, 2.96, 0.86, 0, 1.25, 2.08, 2.27, 2.3, 2.28, 2.71, 3.13, 3.27, 3.67, 3.61, 3.86, 3.91, 4.07, 3.87, 3.69, 4.13, 5.45, 5.72, 6.25, 6.769, 6.89, 6.9, 6.91, 7.32, 7.61, 6.99, 6.81, 7.43, 7.69, 7.41, 6.94, 5.59, 4.356], [2.16, 1.76, 1.71, 2.25, 3.1, 3.39, 2.94, 3.44, 3.85, 3.77, 3.03, 2.79, 3.22, 4.16, 4.52, 3.9, 3.9, 3.37, 2.45, 2.16, 2.24, 2.18, 1.99, 1.92, 2.0, 1.71, 1.75, 2.44, 3.19, 3.95, 4.2, 3.92, 3.93, 3.68, 4.34, 4.4, 4.47, 3.9, 4.35, 3.98, 3.17, 3.23, 3.64, 3.65, 3.46, 3.46, 4.28, 6.4, 7.47, 6.63, 3.57, 1.55, 1.25, 0, 1.15, 1.48, 1.55, 1.61, 1.94, 2.24, 2.4, 2.72, 2.62, 2.93, 3.02, 3.12, 3.0, 2.8, 3.26, 4.54, 4.89, 5.32, 5.836, 5.92, 5.95, 5.94, 6.33, 6.6, 6.04, 5.84, 6.46, 6.74, 6.46, 5.97, 4.7, 3.56], [2.21, 1.95, 1.88, 2.06, 2.77, 2.88, 2.59, 3.01, 3.36, 3.22, 2.8, 2.84, 3.13, 3.85, 3.87, 3.39, 3.41, 2.9, 2.14, 2.23, 2.41, 2.23, 1.92, 1.97, 2.11, 2.04, 2.46, 3.25, 3.8, 4.56, 4.81, 4.49, 4.5, 4.25, 4.97, 5.03, 5.06, 4.63, 5.02, 4.57, 3.76, 3.82, 4.25, 4.44, 4.11, 4.23, 5.07, 7.21, 8.3, 7.42, 4.44, 2.3, 2.08, 1.15, 0, 0.97, 1.2, 1.44, 1.31, 1.47, 1.39, 1.69, 1.83, 2.0, 2.05, 2.13, 2.15, 2.03, 2.25, 3.45, 3.98, 4.35, 4.9, 5.11, 5.08, 5.05, 5.48, 5.77, 5.09, 4.87, 5.57, 5.89, 5.51, 5.04, 3.79, 2.71], [1.68, 1.62, 1.71, 1.63, 2.18, 2.51, 2.14, 2.66, 3.05, 2.89, 2.37, 2.35, 2.66, 3.5, 3.7, 3.3, 3.36, 2.81, 2.01, 1.88, 1.86, 1.88, 1.63, 1.62, 1.78, 1.85, 2.21, 3.16, 3.53, 4.17, 4.58, 4.44, 4.17, 3.86, 4.62, 4.76, 4.85, 4.58, 4.85, 4.38, 3.55, 3.49, 3.98, 4.25, 3.9, 4.06, 5.2, 7.46, 8.57, 7.69, 4.65, 2.37, 2.27, 1.48, 0.97, 0, 0.73, 0.95, 1.0, 1.28, 1.24, 1.76, 1.96, 2.11, 2.0, 2.14, 1.88, 1.84, 2.3, 3.4, 3.83, 4.46, 5.03, 5.28, 5.31, 5.12, 5.65, 5.96, 5.16, 4.98, 5.68, 5.96, 5.62, 5.11, 3.9, 2.72], [1.65, 1.75, 1.92, 1.84, 2.23, 2.42, 2.21, 2.63, 2.98, 2.86, 2.48, 2.42, 2.73, 3.39, 3.59, 3.21, 3.25, 2.7, 1.9, 1.75, 2.07, 2.09, 1.84, 1.93, 1.97, 1.98, 2.24, 3.19, 3.56, 4.18, 4.61, 4.49, 4.14, 3.83, 4.61, 4.75, 4.86, 4.65, 4.86, 4.39, 3.56, 3.5, 3.99, 4.34, 3.93, 4.15, 5.33, 7.57, 8.7, 7.84, 4.8, 2.42, 2.3, 1.55, 1.2, 0.73, 0, 0.76, 0.85, 1.33, 1.25, 1.71, 1.97, 2.04, 1.93, 2.05, 1.85, 1.81, 2.29, 3.33, 3.74, 4.49, 5.02, 5.33, 5.36, 5.11, 5.7, 5.99, 5.13, 4.95, 5.63, 5.95, 5.59, 5.1, 3.89, 2.77], [1.69, 2.01, 2.18, 2.06, 2.29, 2.5, 2.41, 2.69, 2.78, 2.74, 2.36, 2.38, 2.77, 3.23, 3.43, 3.05, 3.07, 2.52, 1.82, 1.59, 2.01, 2.29, 2.16, 2.13, 2.15, 2.08, 2.3, 3.23, 3.5, 4.12, 4.57, 4.43, 4.06, 3.63, 4.49, 4.73, 4.82, 4.71, 4.88, 4.39, 3.52, 3.48, 4.01, 4.44, 3.95, 4.25, 5.45, 7.67, 8.8, 7.92, 4.9, 2.4, 2.28, 1.61, 1.44, 0.95, 0.76, 0, 0.69, 1.03, 1.35, 1.89, 2.03, 2.2, 2.07, 2.19, 1.99, 1.87, 2.53, 3.41, 3.96, 4.71, 5.26, 5.53, 5.6, 5.29, 5.88, 6.17, 5.27, 5.07, 5.83, 6.13, 5.75, 5.28, 4.09, 2.93], [1.64, 1.92, 2.11, 1.83, 1.98, 2.19, 2.02, 2.18, 2.39, 2.31, 1.99, 2.03, 2.28, 2.82, 3.02, 2.56, 2.6, 2.05, 1.37, 1.4, 1.84, 2.08, 1.85, 2.14, 2.2, 2.21, 2.69, 3.64, 3.69, 4.35, 4.74, 4.66, 4.29, 3.8, 4.64, 4.92, 5.07, 5.04, 5.13, 4.54, 3.65, 3.67, 4.26, 4.73, 4.22, 4.58, 5.76, 8.06, 9.07, 8.23, 5.25, 2.81, 2.71, 1.94, 1.31, 1.0, 0.85, 0.69, 0, 0.94, 1.32, 1.88, 1.98, 2.09, 1.84, 2.02, 1.86, 1.8, 2.5, 3.34, 3.93, 4.56, 5.31, 5.54, 5.55, 5.28, 5.79, 6.02, 5.14, 5.02, 5.76, 6.0, 5.68, 5.25, 4.1, 2.96], [2.16, 2.28, 2.57, 2.21, 2.42, 2.55, 2.44, 2.68, 2.69, 2.53, 2.27, 2.45, 2.7, 2.72, 2.78, 2.34, 2.4, 2.11, 1.75, 1.9, 2.34, 2.48, 2.25, 2.48, 2.54, 2.63, 3.13, 4.04, 4.25, 4.87, 5.26, 5.2, 4.83, 4.36, 5.1, 5.44, 5.59, 5.46, 5.61, 5.1, 4.21, 4.21, 4.74, 5.15, 4.68, 5.0, 6.08, 8.38, 9.37, 8.55, 5.57, 3.13, 3.13, 2.24, 1.47, 1.28, 1.33, 1.03, 0.94, 0, 1.14, 1.7, 1.72, 1.73, 1.64, 1.68, 1.48, 1.48, 2.1, 2.84, 3.49, 4.08, 4.73, 5.04, 5.03, 4.76, 5.33, 5.6, 4.7, 4.56, 5.3, 5.58, 5.24, 4.77, 3.58, 2.38], [2.22, 2.36, 2.73, 2.29, 2.52, 2.59, 2.28, 2.68, 2.85, 2.69, 2.59, 2.85, 3.08, 3.24, 3.08, 2.72, 2.82, 2.45, 2.05, 2.34, 2.74, 2.6, 2.25, 2.42, 2.5, 2.83, 3.25, 4.22, 4.51, 5.07, 5.5, 5.36, 5.05, 4.72, 5.48, 5.68, 5.75, 5.6, 5.77, 5.28, 4.45, 4.39, 4.88, 5.31, 4.84, 5.12, 6.16, 8.44, 9.49, 8.65, 5.69, 3.21, 3.27, 2.4, 1.39, 1.24, 1.25, 1.35, 1.32, 1.14, 0, 0.98, 1.46, 1.37, 1.1, 1.36, 1.14, 1.02, 1.44, 2.3, 2.93, 3.6, 4.09, 4.44, 4.45, 4.24, 4.73, 5.06, 4.22, 4.02, 4.76, 5.04, 4.68, 4.21, 2.96, 2.18], [2.88, 2.92, 3.21, 2.91, 3.12, 3.13, 2.92, 3.3, 3.39, 3.25, 3.19, 3.45, 3.66, 3.64, 3.42, 3.1, 3.22, 2.91, 2.59, 2.92, 3.38, 3.14, 2.77, 2.98, 3.12, 3.41, 3.83, 4.78, 5.19, 5.81, 6.22, 6.06, 5.75, 5.42, 6.22, 6.36, 6.47, 6.22, 6.47, 6.0, 5.17, 5.11, 5.6, 5.91, 5.54, 5.72, 6.52, 8.6, 9.67, 8.87, 5.99, 3.71, 3.67, 2.72, 1.69, 1.76, 1.71, 1.89, 1.88, 1.7, 0.98, 0, 0.84, 0.97, 1.08, 1.22, 1.24, 1.22, 1.38, 2.08, 2.73, 3.26, 3.83, 3.98, 3.93, 3.92, 4.25, 4.42, 3.66, 3.54, 4.22, 4.7, 4.14, 3.53, 2.62, 2.28], [2.98, 3.1, 3.25, 3.27, 3.4, 3.47, 3.3, 3.68, 3.73, 3.61, 3.49, 3.69, 3.96, 3.94, 3.7, 3.4, 3.52, 3.25, 2.91, 3.04, 3.56, 3.46, 3.11, 3.14, 3.36, 3.53, 3.99, 4.92, 5.37, 5.95, 6.4, 6.18, 5.83, 5.46, 6.36, 6.5, 6.63, 6.24, 6.61, 6.12, 5.27, 5.21, 5.68, 5.85, 5.64, 5.72, 6.42, 8.4, 9.51, 8.73, 5.89, 3.81, 3.61, 2.62, 1.83, 1.96, 1.97, 2.03, 1.98, 1.72, 1.46, 0.84, 0, 0.91, 1.24, 1.4, 1.52, 1.42, 1.74, 2.44, 3.09, 3.56, 4.09, 4.18, 4.17, 3.96, 4.29, 4.48, 3.82, 3.68, 4.38, 4.74, 4.3, 3.79, 2.92, 2.52], [3.01, 3.21, 3.36, 3.4, 3.41, 3.4, 3.09, 3.51, 3.66, 3.42, 3.48, 3.72, 3.95, 3.73, 3.47, 3.15, 3.27, 3.06, 2.92, 3.09, 3.75, 3.57, 3.22, 3.41, 3.65, 3.68, 4.2, 5.11, 5.54, 6.18, 6.55, 6.37, 5.98, 5.65, 6.49, 6.67, 6.76, 6.39, 6.66, 6.17, 5.32, 5.3, 5.73, 5.92, 5.67, 5.83, 6.63, 8.85, 9.9, 9.06, 6.16, 4.02, 3.86, 2.93, 2.0, 2.11, 2.04, 2.2, 2.09, 1.73, 1.37, 0.97, 0.91, 0, 0.73, 0.91, 1.11, 1.19, 1.33, 1.89, 2.58, 2.91, 3.66, 3.73, 3.76, 3.71, 3.9, 4.15, 3.31, 3.43, 3.95, 4.25, 3.83, 3.32, 2.55, 2.19], [2.62, 3.0, 3.31, 3.07, 2.92, 2.89, 2.6, 2.96, 3.09, 2.87, 3.01, 3.31, 3.48, 3.22, 2.94, 2.66, 2.76, 2.53, 2.43, 2.78, 3.52, 3.32, 2.99, 3.24, 3.46, 3.49, 4.05, 4.98, 5.35, 5.97, 6.36, 6.18, 5.81, 5.44, 6.28, 6.46, 6.55, 6.3, 6.45, 5.94, 5.09, 5.07, 5.52, 5.81, 5.5, 5.76, 6.72, 9.0, 10.05, 9.21, 6.29, 3.97, 3.91, 3.02, 2.05, 2.0, 1.93, 2.07, 1.84, 1.64, 1.1, 1.08, 1.24, 0.73, 0, 0.9, 0.92, 1.06, 1.36, 1.9, 2.59, 3.06, 3.75, 3.96, 3.99, 3.88, 4.17, 4.34, 3.46, 3.5, 4.04, 4.38, 3.94, 3.53, 2.58, 2.04], [2.9, 3.28, 3.57, 3.29, 2.94, 2.81, 2.56, 2.98, 3.11, 2.93, 3.13, 3.43, 3.64, 3.22, 2.88, 2.66, 2.74, 2.57, 2.61, 2.96, 3.7, 3.52, 3.21, 3.4, 3.5, 3.79, 4.19, 5.12, 5.49, 6.15, 6.52, 6.34, 5.97, 5.64, 6.5, 6.66, 6.75, 6.56, 6.73, 6.18, 5.33, 5.31, 5.78, 6.15, 5.76, 6.02, 6.8, 9.02, 10.13, 9.31, 6.41, 4.15, 4.07, 3.12, 2.13, 2.14, 2.05, 2.19, 2.02, 1.68, 1.36, 1.22, 1.4, 0.91, 0.9, 0, 0.8, 1.16, 1.32, 1.9, 2.49, 3.0, 3.67, 3.9, 3.79, 3.64, 3.97, 4.16, 3.32, 3.32, 3.9, 4.2, 3.9, 3.43, 2.48, 2.08], [2.66, 2.94, 3.29, 2.95, 2.72, 2.63, 2.4, 2.8, 2.95, 2.77, 2.95, 3.31, 3.5, 3.04, 2.74, 2.4, 2.52, 2.39, 2.45, 2.82, 3.46, 3.12, 2.85, 3.02, 3.18, 3.49, 4.01, 4.88, 5.33, 5.91, 6.3, 6.16, 5.79, 5.42, 6.3, 6.44, 6.55, 6.24, 6.49, 6.0, 5.15, 5.11, 5.54, 5.85, 5.52, 5.7, 6.8, 9.12, 10.21, 9.43, 6.37, 4.03, 3.87, 3.0, 2.15, 1.88, 1.85, 1.99, 1.86, 1.48, 1.14, 1.24, 1.52, 1.11, 0.92, 0.8, 0, 0.78, 1.18, 1.88, 2.25, 2.9, 3.63, 3.78, 3.79, 3.56, 4.03, 4.3, 3.48, 3.38, 4.02, 4.26, 3.98, 3.49, 2.52, 1.96], [2.7, 2.8, 3.23, 2.87, 2.82, 2.91, 2.6, 3.02, 3.17, 2.93, 3.05, 3.39, 3.56, 3.34, 3.08, 2.76, 2.9, 2.65, 2.49, 2.9, 3.3, 3.02, 2.85, 2.94, 3.08, 3.39, 3.83, 4.66, 5.11, 5.71, 6.1, 5.92, 5.55, 5.22, 6.12, 6.26, 6.35, 6.1, 6.29, 5.78, 4.91, 4.91, 5.38, 5.73, 5.3, 5.58, 6.68, 8.94, 10.07, 9.29, 6.23, 3.75, 3.69, 2.8, 2.03, 1.84, 1.81, 1.87, 1.8, 1.48, 1.02, 1.22, 1.42, 1.19, 1.06, 1.16, 0.78, 0, 1.1, 1.92, 2.39, 3.12, 3.61, 3.86, 3.89, 3.64, 4.21, 4.48, 3.72, 3.56, 4.12, 4.48, 4.14, 3.61, 2.64, 2.06], [3.42, 3.34, 3.65, 3.33, 3.5, 3.55, 3.2, 3.66, 3.75, 3.51, 3.67, 4.05, 4.22, 3.98, 3.64, 3.36, 3.5, 3.29, 3.17, 3.52, 3.98, 3.62, 3.33, 3.5, 3.62, 3.85, 4.31, 5.22, 5.59, 6.29, 6.64, 6.42, 6.27, 6.0, 6.66, 6.78, 6.83, 6.58, 6.75, 6.24, 5.35, 5.33, 5.74, 6.11, 5.72, 6.02, 6.94, 9.24, 10.35, 9.47, 6.53, 4.15, 4.13, 3.26, 2.25, 2.3, 2.29, 2.53, 2.5, 2.1, 1.44, 1.38, 1.74, 1.33, 1.36, 1.32, 1.18, 1.1, 0, 1.38, 1.87, 2.44, 3.03, 3.26, 3.25, 3.22, 3.63, 3.86, 3.12, 3.02, 3.66, 3.92, 3.62, 3.07, 2.28, 2.18], [4.12, 4.44, 4.89, 4.33, 3.92, 3.85, 3.56, 3.98, 4.13, 3.93, 4.25, 4.75, 4.82, 4.12, 3.6, 3.3, 3.56, 3.47, 3.85, 4.32, 4.9, 4.58, 4.35, 4.54, 4.64, 5.03, 5.49, 6.42, 6.75, 7.35, 7.78, 7.6, 7.21, 6.86, 7.66, 7.86, 7.97, 7.8, 7.95, 7.4, 6.49, 6.43, 6.92, 7.33, 6.92, 7.26, 8.22, 10.46, 11.51, 10.67, 7.77, 5.41, 5.45, 4.54, 3.45, 3.4, 3.33, 3.41, 3.34, 2.84, 2.3, 2.08, 2.44, 1.89, 1.9, 1.9, 1.88, 1.92, 1.38, 0, 1.17, 1.7, 2.25, 2.48, 2.39, 2.38, 2.63, 2.82, 2.02, 1.92, 2.58, 3.0, 2.58, 2.33, 2.02, 2.38], [4.67, 4.89, 5.26, 4.88, 4.55, 4.44, 4.21, 4.61, 4.74, 4.62, 4.86, 5.38, 5.43, 4.61, 4.05, 3.73, 3.97, 4.2, 4.46, 4.93, 5.45, 5.09, 4.8, 4.93, 5.03, 5.46, 5.82, 6.79, 7.24, 7.86, 8.25, 8.05, 7.7, 7.39, 8.23, 8.33, 8.46, 8.19, 8.42, 7.91, 7.0, 6.96, 7.39, 7.76, 7.39, 7.65, 8.67, 10.93, 12.14, 11.26, 8.26, 5.84, 5.72, 4.89, 3.98, 3.83, 3.74, 3.96, 3.93, 3.49, 2.93, 2.73, 3.09, 2.58, 2.59, 2.49, 2.25, 2.39, 1.87, 1.17, 0, 1.07, 1.54, 1.83, 1.84, 1.69, 2.1, 2.29, 1.55, 1.55, 2.03, 2.35, 2.37, 2.22, 2.29, 2.93], [5.46, 5.38, 5.71, 5.49, 5.28, 5.17, 4.88, 5.26, 5.37, 5.27, 5.65, 6.07, 6.22, 5.22, 4.46, 4.22, 4.48, 4.89, 5.17, 5.54, 6.06, 5.7, 5.39, 5.66, 5.84, 5.99, 6.57, 7.42, 7.89, 8.55, 8.86, 8.66, 8.37, 8.06, 8.82, 8.96, 9.01, 8.7, 8.91, 8.42, 7.47, 7.51, 7.9, 8.13, 7.84, 8.12, 8.96, 11.28, 12.35, 11.53, 8.57, 6.41, 6.25, 5.32, 4.35, 4.46, 4.49, 4.71, 4.56, 4.08, 3.6, 3.26, 3.56, 2.91, 3.06, 3.0, 2.9, 3.12, 2.44, 1.7, 1.07, 0, 1.09, 1.18, 1.17, 1.22, 1.37, 1.6, 1.18, 1.56, 1.8, 2.12, 2.42, 2.47, 2.64, 3.48], [6.07, 6.15, 6.48, 6.14, 5.89, 5.8, 5.57, 5.97, 6.1, 5.98, 6.3, 6.78, 6.87, 5.91, 5.13, 4.95, 5.25, 5.58, 5.9, 6.35, 6.79, 6.39, 6.18, 6.13, 6.27, 6.64, 7.02, 7.95, 8.48, 9.12, 9.49, 9.23, 8.92, 8.63, 9.45, 9.55, 9.64, 9.31, 9.64, 9.11, 8.16, 8.18, 8.61, 8.86, 8.55, 8.79, 9.65, 11.824, 13.009, 12.172, 9.206, 6.938, 6.769, 5.836, 4.9, 5.03, 5.02, 5.26, 5.31, 4.73, 4.09, 3.83, 4.09, 3.66, 3.75, 3.67, 3.63, 3.61, 3.03, 2.25, 1.54, 1.09, 0, 0.99, 1.16, 1.09, 1.3, 1.53, 1.49, 1.73, 1.95, 2.23, 2.51, 2.6, 2.79, 3.69], [6.4, 6.28, 6.49, 6.43, 6.22, 6.11, 5.86, 6.28, 6.41, 6.27, 6.61, 7.07, 7.18, 6.22, 5.32, 5.24, 5.52, 5.85, 6.17, 6.6, 7.04, 6.62, 6.37, 6.4, 6.64, 6.89, 7.37, 8.18, 8.73, 9.43, 9.74, 9.5, 9.27, 8.96, 9.76, 9.84, 9.85, 9.42, 9.77, 9.3, 8.37, 8.43, 8.82, 8.89, 8.68, 8.818, 9.618, 11.772, 12.959, 12.113, 9.159, 7.09, 6.89, 5.92, 5.11, 5.28, 5.33, 5.53, 5.54, 5.04, 4.44, 3.98, 4.18, 3.73, 3.96, 3.9, 3.78, 3.86, 3.26, 2.48, 1.83, 1.18, 0.99, 0, 0.73, 0.88, 1.01, 1.3, 1.46, 1.84, 1.9, 2.14, 2.5, 2.61, 2.98, 4.08], [6.31, 6.33, 6.5, 6.4, 6.11, 6.02, 5.75, 6.17, 6.3, 6.14, 6.48, 6.98, 7.05, 6.13, 5.25, 5.13, 5.41, 5.72, 6.08, 6.55, 7.05, 6.63, 6.36, 6.45, 6.69, 6.88, 7.4, 8.19, 8.7, 9.42, 9.73, 9.51, 9.28, 8.99, 9.75, 9.83, 9.82, 9.41, 9.76, 9.27, 8.36, 8.4, 8.79, 8.86, 8.67, 8.81, 9.55, 11.71, 12.84, 12.1, 9.18, 7.1, 6.9, 5.95, 5.08, 5.31, 5.36, 5.6, 5.55, 5.03, 4.45, 3.93, 4.17, 3.76, 3.99, 3.79, 3.79, 3.89, 3.25, 2.39, 1.84, 1.17, 1.16, 0.73, 0, 0.69, 0.92, 1.09, 1.27, 1.63, 1.69, 1.95, 2.35, 2.48, 2.99, 4.17], [6.12, 6.24, 6.53, 6.27, 5.92, 5.81, 5.58, 6.0, 6.13, 5.99, 6.33, 6.81, 6.9, 5.94, 5.08, 4.96, 5.24, 5.57, 5.91, 6.36, 6.84, 6.44, 6.23, 6.22, 6.44, 6.77, 7.25, 8.16, 8.63, 9.25, 9.64, 9.44, 9.03, 8.68, 9.58, 9.7, 9.81, 9.44, 9.79, 9.28, 8.33, 8.31, 8.74, 8.97, 8.72, 8.88, 9.62, 11.76, 12.97, 12.19, 9.25, 7.13, 6.91, 5.94, 5.05, 5.12, 5.11, 5.29, 5.28, 4.76, 4.24, 3.92, 3.96, 3.71, 3.88, 3.64, 3.56, 3.64, 3.22, 2.38, 1.69, 1.22, 1.09, 0.88, 0.69, 0, 0.89, 1.18, 1.22, 1.5, 1.58, 1.74, 2.24, 2.33, 3.0, 4.12], [6.45, 6.71, 6.96, 6.76, 6.11, 6.0, 5.73, 6.17, 6.2, 6.2, 6.62, 7.1, 7.19, 5.91, 5.05, 5.03, 5.39, 5.82, 6.26, 6.73, 7.33, 6.93, 6.68, 6.71, 6.97, 7.26, 7.74, 8.65, 9.16, 9.76, 10.15, 9.91, 9.56, 9.23, 10.09, 10.19, 10.3, 9.87, 10.26, 9.77, 8.82, 8.82, 9.25, 9.38, 9.17, 9.31, 10.05, 12.13, 13.26, 12.44, 9.58, 7.58, 7.32, 6.33, 5.48, 5.65, 5.7, 5.88, 5.79, 5.33, 4.73, 4.25, 4.29, 3.9, 4.17, 3.97, 4.03, 4.21, 3.63, 2.63, 2.1, 1.37, 1.3, 1.01, 0.92, 0.89, 0, 0.83, 1.11, 1.31, 1.31, 1.41, 1.91, 2.12, 2.91, 4.29], [6.72, 6.88, 7.17, 7.03, 6.28, 5.97, 5.84, 6.06, 6.11, 6.09, 6.69, 7.25, 7.08, 5.84, 4.92, 5.0, 5.44, 5.85, 6.41, 6.96, 7.6, 7.18, 6.93, 7.04, 7.3, 7.51, 8.07, 8.92, 9.41, 10.11, 10.42, 10.2, 9.91, 9.58, 10.38, 10.52, 10.57, 10.12, 10.43, 9.96, 9.01, 9.07, 9.46, 9.53, 9.34, 9.52, 10.22, 12.32, 13.37, 12.65, 9.83, 7.75, 7.61, 6.6, 5.77, 5.96, 5.99, 6.17, 6.02, 5.6, 5.06, 4.42, 4.48, 4.15, 4.34, 4.16, 4.3, 4.48, 3.86, 2.82, 2.29, 1.6, 1.53, 1.3, 1.09, 1.18, 0.83, 0, 1.06, 1.32, 1.26, 1.38, 1.8, 1.95, 2.92, 4.4], [5.86, 6.28, 6.57, 6.25, 5.44, 5.21, 5.0, 5.32, 5.39, 5.35, 5.85, 6.43, 6.32, 5.14, 4.22, 4.24, 4.66, 5.01, 5.59, 6.1, 6.8, 6.44, 6.19, 6.26, 6.52, 6.81, 7.31, 8.26, 8.65, 9.29, 9.7, 9.52, 9.11, 8.72, 9.56, 9.72, 9.83, 9.54, 9.83, 9.3, 8.35, 8.31, 8.78, 8.99, 8.74, 8.96, 9.7, 11.86, 12.99, 12.17, 9.31