[[0, 0.64, 1.25, 1.69, 1.81, 1.9, 1.95, 1.98, 2.36, 2.59, 2.71, 3.32, 2.93, 3.47, 4.4, 4.65, 5.11, 5.09, 5.29, 4.89, 4.69, 4.75, 4.6, 4.66, 5.46, 6.37, 6.14, 5.23, 4.31, 3.49, 3.94, 4.12, 4.16, 4.02, 3.9, 3.25, 2.67, 2.58, 2.13, 2.25, 2.41, 2.25, 2.52, 2.37, 2.39, 3.17, 3.68, 4.4, 4.09, 3.87, 3.96, 3.73, 3.98, 4.03, 3.65, 3.45, 3.51, 3.35, 3.31, 3.6, 3.54, 2.72, 2.27, 2.38, 2.71, 2.9, 3.15, 3.06, 2.62, 2.11, 2.65, 3.34, 3.17, 2.81, 2.17, 1.92, 1.87, 2.09, 2.13, 1.6, 1.69, 1.58, 1.49, 1.68, 1.71, 1.54], [0.64, 0, 1.03, 1.47, 1.71, 1.76, 1.77, 1.68, 2.02, 2.39, 2.67, 3.22, 2.93, 3.45, 4.3, 4.61, 5.11, 5.03, 5.25, 4.95, 4.71, 4.71, 4.7, 4.7, 5.44, 6.33, 6.24, 5.31, 4.31, 3.39, 3.9, 4.02, 4.08, 3.98, 3.76, 3.11, 2.65, 2.56, 2.01, 2.07, 2.23, 2.13, 2.58, 2.33, 2.15, 2.97, 3.46, 4.1, 3.75, 3.53, 3.62, 3.45, 3.78, 3.89, 3.51, 3.25, 3.37, 3.13, 3.05, 3.4, 3.34, 2.5, 2.15, 2.36, 2.63, 2.74, 2.99, 2.9, 2.48, 1.91, 2.63, 3.38, 3.25, 2.87, 2.29, 1.9, 1.83, 2.11, 2.13, 1.56, 1.43, 1.44, 1.33, 1.48, 1.55, 1.28], [1.25, 1.03, 0, 0.96, 1.38, 1.51, 1.44, 1.27, 1.71, 1.94, 2.4, 2.97, 2.86, 3.18, 4.07, 4.28, 4.76, 4.68, 5.0, 4.84, 4.58, 4.5, 4.45, 4.59, 5.19, 6.02, 5.79, 4.88, 3.8, 2.72, 3.31, 3.43, 3.59, 3.53, 3.11, 2.52, 2.2, 2.29, 1.88, 1.88, 1.84, 1.88, 2.23, 2.16, 1.86, 2.24, 2.77, 3.47, 3.14, 2.82, 2.93, 3.0, 3.73, 3.76, 3.4, 2.98, 2.98, 2.88, 3.1, 3.63, 3.37, 2.43, 1.96, 2.11, 2.32, 2.35, 2.48, 2.37, 1.99, 1.54, 2.22, 3.07, 2.82, 2.64, 2.16, 1.77, 1.52, 1.72, 1.98, 1.43, 1.22, 1.51, 1.26, 1.41, 1.66, 1.49], [1.69, 1.47, 0.96, 0, 1.04, 1.37, 1.16, 1.35, 1.69, 1.96, 2.38, 2.97, 2.84, 3.2, 4.03, 4.12, 4.74, 4.68, 4.9, 4.78, 4.54, 4.42, 4.37, 4.55, 5.09, 5.96, 5.61, 4.62, 3.54, 2.48, 3.05, 3.21, 3.35, 3.17, 2.87, 2.22, 1.86, 1.93, 1.78, 1.82, 1.7, 2.02, 2.27, 2.24, 1.76, 2.12, 2.29, 2.83, 2.56, 2.34, 2.47, 2.64, 3.59, 3.78, 3.2, 2.68, 2.76, 2.74, 3.08, 3.85, 3.69, 2.41, 1.72, 2.07, 2.34, 2.27, 2.24, 2.09, 1.61, 1.16, 2.14, 2.81, 2.48, 2.5, 2.32, 1.77, 1.2, 1.54, 1.86, 1.33, 1.1, 1.59, 1.3, 1.77, 1.94, 1.79], [1.81, 1.71, 1.38, 1.04, 0, 0.75, 0.94, 1.49, 1.89, 2.38, 2.8, 3.45, 3.16, 3.54, 4.45, 4.7, 5.22, 5.26, 5.42, 5.18, 4.96, 4.96, 4.69, 4.89, 5.71, 6.6, 6.21, 5.28, 4.1, 3.0, 3.57, 3.75, 3.85, 3.77, 3.31, 2.76, 2.48, 2.11, 1.82, 2.0, 2.12, 2.3, 2.55, 2.5, 2.3, 2.44, 2.83, 3.23, 2.92, 2.7, 2.91, 2.54, 2.95, 3.16, 2.6, 2.34, 2.4, 2.24, 2.5, 3.29, 3.15, 1.89, 1.12, 1.45, 1.74, 1.69, 2.02, 1.93, 1.41, 1.2, 2.66, 3.23, 3.12, 2.76, 2.5, 1.87, 1.44, 1.14, 1.56, 1.05, 1.12, 1.37, 1.2, 1.57, 1.74, 1.59], [1.9, 1.76, 1.51, 1.37, 0.75, 0, 0.83, 1.28, 1.9, 2.53, 3.01, 3.68, 3.37, 3.77, 4.7, 4.97, 5.47, 5.49, 5.67, 5.37, 5.19, 5.21, 4.94, 5.12, 5.98, 6.85, 6.5, 5.57, 4.43, 3.31, 3.88, 4.02, 4.1, 4.08, 3.6, 3.11, 2.81, 2.3, 1.93, 2.09, 2.09, 2.35, 2.78, 2.71, 2.55, 2.55, 2.94, 3.18, 2.85, 2.63, 2.74, 2.47, 2.72, 2.89, 2.43, 2.19, 2.27, 1.99, 2.17, 2.92, 2.78, 1.66, 1.07, 1.36, 1.65, 1.62, 1.91, 1.86, 1.52, 1.31, 2.85, 3.54, 3.43, 3.09, 2.65, 2.16, 1.77, 1.33, 1.75, 1.18, 1.01, 1.14, 1.03, 1.36, 1.49, 1.62], [1.95, 1.77, 1.44, 1.16, 0.94, 0.83, 0, 1.17, 1.89, 2.32, 2.8, 3.45, 3.28, 3.64, 4.45, 4.64, 5.2, 5.22, 5.5, 5.26, 5.02, 4.98, 4.83, 4.93, 5.73, 6.6, 6.15, 5.1, 4.02, 2.9, 3.45, 3.61, 3.67, 3.67, 3.33, 2.78, 2.38, 1.85, 1.7, 1.86, 1.76, 2.2, 2.69, 2.56, 2.3, 2.48, 2.79, 3.05, 2.66, 2.54, 2.53, 2.48, 3.03, 3.28, 2.8, 2.4, 2.44, 2.28, 2.56, 3.33, 3.15, 2.05, 1.38, 1.67, 1.98, 2.01, 2.06, 1.95, 1.57, 1.22, 2.4, 3.21, 3.02, 2.88, 2.6, 2.05, 1.62, 1.56, 1.94, 1.43, 1.18, 1.35, 1.14, 1.59, 1.84, 1.77], [1.98, 1.68, 1.27, 1.35, 1.49, 1.28, 1.17, 0, 1.02, 1.63, 2.07, 2.72, 2.55, 2.85, 3.74, 4.03, 4.53, 4.53, 4.71, 4.49, 4.25, 4.21, 4.1, 4.2, 4.96, 5.87, 5.58, 4.65, 3.55, 2.53, 3.1, 3.18, 3.22, 3.24, 2.82, 2.43, 2.05, 2.06, 1.45, 1.53, 1.41, 1.55, 1.96, 1.95, 1.95, 2.03, 2.5, 2.96, 2.63, 2.35, 2.46, 2.75, 3.56, 3.75, 3.21, 2.73, 2.89, 2.63, 2.97, 3.78, 3.64, 2.46, 1.77, 2.1, 2.45, 2.44, 2.65, 2.54, 2.18, 1.47, 2.11, 2.66, 2.55, 2.25, 2.05, 1.72, 1.75, 2.01, 2.55, 1.94, 1.47, 1.78, 1.43, 1.8, 2.07, 2.0], [2.36, 2.02, 1.71, 1.69, 1.89, 1.9, 1.89, 1.02, 0, 1.09, 1.71, 2.04, 1.79, 2.29, 3.18, 3.55, 4.01, 3.87, 3.99, 3.69, 3.49, 3.55, 3.54, 3.58, 4.32, 5.21, 5.12, 4.21, 3.15, 2.11, 2.56, 2.68, 2.72, 2.82, 2.48, 2.01, 1.85, 1.88, 1.61, 1.69, 1.53, 1.31, 1.58, 1.63, 1.39, 1.75, 2.2, 2.86, 2.67, 2.35, 2.48, 2.85, 4.1, 4.25, 3.45, 3.07, 3.29, 3.37, 3.39, 4.26, 4.12, 2.78, 2.11, 2.64, 2.85, 2.96, 3.17, 2.94, 2.26, 1.49, 1.77, 2.22, 2.11, 2.19, 2.13, 1.78, 1.89, 2.47, 3.09, 2.4, 2.03, 2.3, 1.85, 2.24, 2.51, 2.36], [2.59, 2.39, 1.94, 1.96, 2.38, 2.53, 2.32, 1.63, 1.09, 0, 1.24, 1.51, 1.36, 1.9, 2.73, 2.88, 3.32, 3.24, 3.3, 3.22, 3.04, 2.84, 3.01, 3.17, 3.67, 4.46, 4.39, 3.48, 2.58, 1.86, 2.21, 2.31, 2.27, 2.31, 2.17, 1.66, 1.48, 1.67, 1.94, 1.9, 1.38, 1.24, 1.37, 1.48, 1.0, 1.58, 1.99, 2.81, 2.74, 2.44, 2.67, 3.26, 4.87, 5.06, 4.22, 3.68, 3.7, 4.02, 4.2, 5.01, 4.87, 3.55, 2.84, 3.41, 3.6, 3.51, 3.56, 3.25, 2.59, 1.7, 1.28, 1.67, 1.5, 1.82, 1.96, 1.79, 1.82, 2.68, 3.3, 2.81, 2.56, 3.03, 2.52, 2.85, 3.12, 2.85], [2.71, 2.67, 2.4, 2.38, 2.8, 3.01, 2.8, 2.07, 1.71, 1.24, 0, 0.89, 0.92, 1.18, 2.03, 2.22, 2.6, 2.64, 2.74, 2.56, 2.3, 2.2, 2.19, 2.27, 2.99, 3.86, 3.65, 2.72, 2.1, 1.84, 1.85, 1.95, 2.03, 1.57, 1.57, 1.3, 1.6, 2.23, 2.46, 2.48, 2.08, 1.4, 1.39, 1.6, 1.38, 1.7, 2.33, 3.13, 3.2, 2.94, 3.23, 3.78, 5.31, 5.52, 4.7, 4.2, 4.3, 4.54, 4.76, 5.65, 5.51, 4.09, 3.3, 3.87, 4.06, 4.09, 4.16, 3.89, 3.23, 2.26, 1.34, 1.07, 1.32, 1.74, 2.1, 1.97, 2.14, 3.08, 3.58, 3.09, 2.94, 3.43, 3.08, 3.49, 3.713, 3.47], [3.32, 3.22, 2.97, 2.97, 3.45, 3.68, 3.45, 2.72, 2.04, 1.51, 0.89, 0, 0.89, 1.07, 1.88, 1.97, 2.27, 2.19, 2.15, 2.11, 1.95, 1.69, 1.9, 2.0, 2.5, 3.29, 3.3, 2.45, 1.99, 2.01, 1.96, 2.08, 2.04, 1.76, 1.82, 1.81, 2.03, 2.52, 2.89, 2.89, 2.45, 1.63, 1.46, 1.75, 1.61, 2.11, 2.58, 3.42, 3.51, 3.31, 3.62, 4.11, 5.94, 6.13, 5.29, 4.69, 4.85, 5.15, 5.27, 5.98, 5.86, 4.6, 3.95, 4.5, 4.69, 4.72, 4.73, 4.42, 3.74, 2.87, 1.59, 1.14, 1.53, 2.13, 2.47, 2.54, 2.83, 3.77, 4.27, 3.82, 3.59, 4.02, 3.59, 3.82, 4.11, 3.84], [2.93, 2.93, 2.86, 2.84, 3.16, 3.37, 3.28, 2.55, 1.79, 1.36, 0.92, 0.89, 0, 1.18, 2.21, 2.32, 2.76, 2.72, 2.44, 2.06, 1.98, 1.92, 2.11, 2.15, 2.87, 3.66, 3.69, 2.78, 2.28, 2.16, 2.11, 2.21, 2.21, 1.89, 1.93, 1.64, 1.9, 2.49, 2.7, 2.76, 2.4, 1.42, 1.37, 1.36, 1.42, 1.9, 2.53, 3.47, 3.5, 3.3, 3.63, 4.18, 5.69, 5.84, 5.02, 4.68, 4.82, 5.02, 4.94, 5.63, 5.55, 4.31, 3.64, 4.21, 4.48, 4.61, 4.74, 4.45, 3.79, 2.76, 1.58, 1.03, 1.32, 1.68, 1.94, 1.99, 2.48, 3.4, 3.92, 3.43, 3.32, 3.73, 3.26, 3.53, 3.78, 3.49], [3.47, 3.45, 3.18, 3.2, 3.54, 3.77, 3.64, 2.85, 2.29, 1.9, 1.18, 1.07, 1.18, 0, 1.41, 1.64, 1.98, 1.98, 1.96, 1.72, 1.68, 1.56, 1.45, 1.59, 2.31, 3.1, 2.99, 2.22, 2.16, 2.36, 2.45, 2.41, 2.31, 2.09, 2.09, 1.96, 2.2, 2.77, 2.96, 2.92, 2.54, 1.76, 1.49, 1.74, 1.88, 2.2, 3.05, 3.87, 3.82, 3.66, 4.03, 4.58, 6.15, 6.26, 5.4, 4.96, 5.16, 5.34, 5.54, 6.35, 6.21, 4.85, 4.06, 4.67, 4.86, 4.89, 5.06, 4.79, 4.11, 3.04, 2.0, 1.03, 1.64, 2.06, 2.48, 2.69, 2.98, 3.86, 4.36, 3.81, 3.72, 4.21, 3.88, 4.19, 4.413, 4.19], [4.4, 4.3, 4.07, 4.03, 4.45, 4.7, 4.45, 3.74, 3.18, 2.73, 2.03, 1.88, 2.21, 1.41, 0, 1.05, 1.17, 0.99, 1.27, 1.63, 2.01, 1.61, 1.5, 1.42, 1.74, 2.25, 2.36, 2.13, 2.49, 2.97, 2.96, 2.88, 2.6, 2.62, 2.54, 2.77, 3.13, 3.6, 3.95, 3.87, 3.43, 2.71, 2.7, 2.95, 2.75, 3.07, 3.6, 4.4, 4.37, 4.39, 4.68, 5.15, 6.92, 7.11, 6.29, 5.77, 5.87, 6.11, 6.41, 7.3, 7.16, 5.72, 4.99, 5.54, 5.77, 5.76, 5.81, 5.5, 4.84, 3.87, 2.83, 1.98, 2.63, 3.19, 3.57, 3.74, 3.85, 4.81, 5.27, 4.7, 4.47, 5.06, 4.73, 5.12, 5.35, 5.12], [4.65, 4.61, 4.28, 4.12, 4.7, 4.97, 4.64, 4.03, 3.55, 2.88, 2.22, 1.97, 2.32, 1.64, 1.05, 0, 1.06, 1.0, 1.5, 1.94, 1.96, 1.6, 1.55, 1.41, 1.71, 2.04, 1.89, 1.58, 2.06, 2.7, 2.63, 2.57, 2.29, 2.27, 2.39, 2.78, 3.06, 3.67, 4.16, 4.1, 3.56, 3.0, 2.87, 3.18, 2.9, 3.16, 3.29, 4.13, 4.22, 4.32, 4.67, 5.26, 7.19, 7.46, 6.66, 6.06, 6.08, 6.38, 6.72, 7.67, 7.53, 6.09, 5.34, 5.87, 6.08, 5.99, 5.86, 5.63, 4.95, 4.08, 2.86, 2.03, 2.46, 3.18, 3.62, 3.77, 3.9, 4.86, 5.34, 4.91, 4.78, 5.43, 5.06, 5.49, 5.68, 5.45], [5.11, 5.11, 4.76, 4.74, 5.22, 5.47, 5.2, 4.53, 4.01, 3.32, 2.6, 2.27, 2.76, 1.98, 1.17, 1.06, 0, 0.7, 1.06, 1.82, 2.04, 1.74, 1.51, 1.49, 1.53, 1.72, 1.83, 1.52, 2.38, 3.12, 2.93, 2.97, 2.55, 2.67, 2.85, 3.4, 3.62, 4.159, 4.586, 4.58, 4.08, 3.32, 3.21, 3.26, 3.32, 3.68, 3.87, 4.73, 4.82, 4.92, 5.23, 5.8, 7.73, 7.96, 7.14, 6.54, 6.6, 6.9, 7.22, 8.13, 7.99, 6.55, 5.8, 6.33, 6.54, 6.49, 6.42, 6.15, 5.49, 4.62, 3.18, 2.31, 2.82, 3.54, 4.0, 4.19, 4.46, 5.36, 5.92, 5.53, 5.36, 5.91, 5.52, 5.95, 6.145, 5.864], [5.09, 5.03, 4.68, 4.68, 5.26, 5.49, 5.22, 4.53, 3.87, 3.24, 2.64, 2.19, 2.72, 1.98, 0.99, 1.0, 0.7, 0, 1.16, 1.84, 2.06, 1.7, 1.67, 1.57, 1.47, 1.6, 1.83, 1.6, 2.38, 3.12, 2.93, 2.89, 2.59, 2.69, 2.87, 3.4, 3.62, 4.17, 4.6, 4.54, 4.02, 3.34, 3.21, 3.34, 3.3, 3.66, 3.77, 4.67, 4.72, 4.82, 5.17, 5.7, 7.73, 7.94, 7.12, 6.5, 6.54, 6.9, 7.06, 7.99, 7.85, 6.45, 5.78, 6.35, 6.54, 6.51, 6.38, 6.11, 5.45, 4.58, 3.3, 2.55, 2.96, 3.72, 4.18, 4.35, 4.5, 5.5, 6.04, 5.51, 5.32, 5.85, 5.4, 5.81, 5.98, 5.79], [5.29, 5.25, 5.0, 4.9, 5.42, 5.67, 5.5, 4.71, 3.99, 3.3, 2.74, 2.15, 2.44, 1.96, 1.27, 1.5, 1.06, 1.16, 0, 1.02, 1.4, 1.06, 1.25, 1.19, 1.27, 1.54, 1.97, 1.92, 2.96, 3.6, 3.45, 3.51, 3.09, 3.07, 3.19, 3.54, 3.86, 4.445, 4.806, 4.8, 4.3, 3.42, 2.99, 3.1, 3.36, 3.86, 4.19, 5.15, 5.18, 5.22, 5.59, 6.12, 8.01, 8.18, 7.32, 6.68, 6.88, 7.14, 7.24, 7.85, 7.75, 6.59, 5.96, 6.57, 6.76, 6.69, 6.74, 6.43, 5.77, 4.84, 3.46, 2.45, 2.82, 3.3, 3.76, 4.03, 4.56, 5.4, 6.06, 5.71, 5.52, 5.99, 5.64, 5.71, 5.98, 5.673], [4.89, 4.95, 4.84, 4.78, 5.18, 5.37, 5.26, 4.49, 3.69, 3.22, 2.56, 2.11, 2.06, 1.72, 1.63, 1.94, 1.82, 1.84, 1.02, 0, 0.86, 0.88, 1.19, 0.97, 1.41, 1.94, 2.33, 2.16, 3.1, 3.68, 3.61, 3.65, 3.19, 3.07, 3.15, 3.38, 3.681, 4.388, 4.615, 4.62, 4.18, 3.26, 2.85, 2.8, 3.22, 3.64, 4.17, 5.21, 5.22, 5.22, 5.55, 6.04, 7.71, 7.8, 7.0, 6.58, 6.76, 6.98, 6.86, 7.47, 7.35, 6.25, 5.6, 6.21, 6.44, 6.57, 6.68, 6.37, 5.73, 4.7, 3.26, 2.21, 2.58, 2.8, 3.12, 3.57, 4.2, 5.1, 5.8, 5.41, 5.28, 5.67, 5.3, 5.43, 5.64, 5.362], [4.69, 4.71, 4.58, 4.54, 4.96, 5.19, 5.02, 4.25, 3.49, 3.04, 2.3, 1.95, 1.98, 1.68, 2.01, 1.96, 2.04, 2.06, 1.4, 0.86, 0, 0.72, 0.97, 0.87, 1.41, 2.0, 2.13, 1.84, 2.76, 3.34, 3.25, 3.29, 2.89, 2.69, 2.79, 3.1, 3.421, 4.168, 4.395, 4.38, 3.96, 3.04, 2.71, 2.68, 2.96, 3.32, 3.81, 4.85, 4.96, 4.98, 5.29, 5.74, 7.47, 7.6, 6.76, 6.32, 6.5, 6.72, 6.68, 7.41, 7.29, 6.03, 5.4, 5.99, 6.18, 6.35, 6.44, 6.13, 5.51, 4.48, 3.0, 1.97, 2.32, 2.6, 2.92, 3.39, 3.94, 4.84, 5.58, 5.15, 5.02, 5.43, 5.08, 5.31, 5.52, 5.279], [4.75, 4.71, 4.5, 4.42, 4.96, 5.21, 4.98, 4.21, 3.55, 2.84, 2.2, 1.69, 1.92, 1.56, 1.61, 1.6, 1.74, 1.7, 1.06, 0.88, 0.72, 0, 0.81, 0.91, 1.37, 1.84, 2.01, 1.64, 2.68, 3.2, 3.13, 3.17, 2.79, 2.53, 2.63, 2.998, 3.315, 3.988, 4.349, 4.32, 3.86, 3.0, 2.67, 2.66, 2.86, 3.22, 3.67, 4.67, 4.78, 4.8, 5.11, 5.64, 7.49, 7.68, 6.82, 6.24, 6.38, 6.66, 6.76, 7.45, 7.33, 6.11, 5.46, 6.05, 6.24, 6.27, 6.28, 5.97, 5.35, 4.38, 2.86, 1.89, 2.2, 2.64, 3.08, 3.45, 3.92, 4.82, 5.5, 5.15, 4.98, 5.51, 5.12, 5.29, 5.56, 5.219], [4.6, 4.7, 4.45, 4.37, 4.69, 4.94, 4.83, 4.1, 3.54, 3.01, 2.19, 1.9, 2.11, 1.45, 1.5, 1.55, 1.51, 1.67, 1.25, 1.19, 0.97, 0.81, 0, 0.72, 1.44, 1.99, 1.82, 1.49, 2.41, 3.01, 2.96, 3.0, 2.54, 2.46, 2.48, 2.83, 3.13, 3.798, 4.122, 4.11, 3.69, 2.85, 2.68, 2.73, 2.91, 3.11, 3.68, 4.5, 4.59, 4.61, 5.02, 5.51, 7.34, 7.43, 6.63, 6.23, 6.29, 6.55, 6.81, 7.64, 7.5, 6.1, 5.27, 5.84, 6.05, 6.06, 6.17, 5.86, 5.2, 4.19, 2.75, 1.7, 2.19, 2.61, 3.03, 3.5, 3.89, 4.75, 5.39, 4.92, 4.95, 5.46, 5.09, 5.5, 5.703, 5.459], [4.66, 4.7, 4.59, 4.55, 4.89, 5.12, 4.93, 4.2, 3.58, 3.17, 2.27, 2.0, 2.15, 1.59, 1.42, 1.41, 1.49, 1.57, 1.19, 0.97, 0.87, 0.91, 0.72, 0, 1.16, 1.85, 1.7, 1.61, 2.51, 3.19, 3.06, 3.12, 2.72, 2.64, 2.7, 3.07, 3.37, 4.035, 4.325, 4.31, 3.89, 2.97, 2.8, 2.75, 3.05, 3.35, 3.86, 4.7, 4.79, 4.83, 5.16, 5.61, 7.34, 7.51, 6.65, 6.25, 6.43, 6.61, 6.79, 7.64, 7.5, 6.12, 5.39, 5.96, 6.21, 6.28, 6.33, 6.04, 5.4, 4.39, 2.85, 1.9, 2.33, 2.67, 3.07, 3.54, 3.93, 4.91, 5.53, 5.04, 4.95, 5.42, 5.17, 5.48, 5.686, 5.46], [5.46, 5.44, 5.19, 5.09, 5.71, 5.98, 5.73, 4.96, 4.32, 3.67, 2.99, 2.5, 2.87, 2.31, 1.74, 1.71, 1.53, 1.47, 1.27, 1.41, 1.41, 1.37, 1.44, 1.16, 0, 0.99, 1.46, 1.95, 2.83, 3.55, 3.38, 3.42, 3.12, 2.94, 3.08, 3.53, 3.902, 4.606, 5.093, 5.03, 4.53, 3.71, 3.56, 3.59, 3.63, 3.89, 4.08, 5.08, 5.21, 5.31, 5.66, 6.21, 8.18, 8.37, 7.55, 6.93, 7.05, 7.31, 7.55, 8.42, 8.28, 6.9, 6.23, 6.8, 7.01, 6.98, 6.85, 6.62, 5.96, 5.09, 3.53, 2.64, 2.87, 3.33, 3.77, 4.1, 4.57, 5.53, 6.21, 5.84, 5.69, 6.26, 5.87, 6.24, 6.487, 6.163], [6.37, 6.33, 6.02, 5.96, 6.6, 6.85, 6.6, 5.87, 5.21, 4.46, 3.86, 3.29, 3.66, 3.1, 2.25, 2.04, 1.72, 1.6, 1.54, 1.94, 2.0, 1.84, 1.99, 1.85, 0.99, 0, 1.37, 2.28, 3.48, 4.3, 4.03, 4.11, 3.65, 3.65, 3.862, 4.372, 4.749, 5.476, 5.963, 5.9, 5.4, 4.62, 4.35, 4.38, 4.4, 4.7, 4.83, 5.85, 6.0, 6.12, 6.49, 7.1, 9.11, 9.3, 8.44, 7.82, 7.92, 8.24, 8.38, 9.19, 9.05, 7.73, 7.1, 7.71, 7.9, 7.87, 7.72, 7.49, 6.83, 5.96, 4.4, 3.51, 3.7, 4.18, 4.6, 4.95, 5.4, 6.36, 7.1, 6.75, 6.58, 7.15, 6.72, 7.03, 7.28, 6.953], [6.14, 6.24, 5.79, 5.61, 6.21, 6.5, 6.15, 5.58, 5.12, 4.39, 3.65, 3.3, 3.69, 2.99, 2.36, 1.89, 1.83, 1.83, 1.97, 2.33, 2.13, 2.01, 1.82, 1.7, 1.46, 1.37, 0, 1.33, 2.59, 3.53, 3.32, 3.18, 2.866, 2.98, 3.42, 3.947, 4.213, 4.974, 5.602, 5.59, 5.03, 4.35, 4.24, 4.33, 4.35, 4.29, 4.28, 5.06, 5.33, 5.49, 5.92, 6.73, 8.82, 9.01, 8.17, 7.63, 7.67, 7.95, 8.39, 9.26, 9.12, 7.7, 6.87, 7.4, 7.63, 7.52, 7.23, 7.02, 6.42, 5.53, 3.91, 3.08, 3.25, 3.89, 4.37, 4.74, 5.05, 6.03, 6.71, 6.44, 6.35, 7.0, 6.65, 7.1, 7.306, 7.011], [5.23, 5.31, 4.88, 4.62, 5.28, 5.57, 5.1, 4.65, 4.21, 3.48, 2.72, 2.45, 2.78, 2.22, 2.13, 1.58, 1.52, 1.6, 1.92, 2.16, 1.84, 1.64, 1.49, 1.61, 1.95, 2.28, 1.33, 0, 1.56, 2.52, 2.23, 2.13, 1.85, 1.89, 2.45, 2.96, 3.08, 3.882, 4.68, 4.654, 4.08, 3.44, 3.35, 3.44, 3.44, 3.48, 3.39, 3.99, 4.22, 4.34, 4.77, 5.8, 7.83, 8.08, 7.26, 6.72, 6.74, 7.0, 7.46, 8.35, 8.21, 6.79, 5.98, 6.49, 6.72, 6.59, 6.24, 5.97, 5.35, 4.46, 2.96, 2.19, 2.42, 3.24, 3.78, 4.07, 4.28, 5.2, 5.66, 5.47, 5.42, 6.05, 5.74, 6.19, 6.396, 6.101], [4.31, 4.31, 3.8, 3.54, 4.1, 4.43, 4.02, 3.55, 3.15, 2.58, 2.1, 1.99, 2.28, 2.16, 2.49, 2.06, 2.38, 2.38, 2.96, 3.1, 2.76, 2.68, 2.41, 2.51, 2.83, 3.48, 2.59, 1.56, 0, 1.28, 1.11, 1.07, 1.33, 1.35, 1.65, 1.96, 2.38, 2.95, 3.74, 3.68, 3.16, 2.58, 2.79, 3.2, 2.6, 2.48, 2.35, 2.67, 2.86, 3.08, 3.63, 4.72, 6.75, 6.94, 6.1, 5.62, 5.66, 5.9, 6.38, 7.27, 7.13, 5.71, 4.8, 5.37, 5.58, 5.41, 5.14, 4.83, 4.23, 3.28, 2.18, 1.83, 2.06, 2.84, 3.42, 3.51, 3.4, 4.3, 4.72, 4.43, 4.42, 4.97, 4.66, 5.11, 5.356, 5.072], [3.49, 3.39, 2.72, 2.48, 3.0, 3.31, 2.9, 2.53, 2.11, 1.86, 1.84, 2.01, 2.16, 2.36, 2.97, 2.7, 3.12, 3.12, 3.6, 3.68, 3.34, 3.2, 3.01, 3.19, 3.55, 4.3, 3.53, 2.52, 1.28, 0, 0.93, 1.13, 1.43, 1.39, 1.47, 1.6, 1.74, 2.21, 2.92, 2.94, 2.36, 2.16, 2.35, 2.56, 1.92, 1.9, 1.73, 1.95, 2.14, 2.18, 2.57, 3.6, 5.63, 5.8, 4.98, 4.46, 4.56, 4.82, 5.28, 6.15, 5.99, 4.59, 3.68, 4.19, 4.42, 4.27, 4.02, 3.71, 3.11, 2.36, 1.74, 1.89, 1.94, 2.68, 2.96, 2.83, 2.48, 3.36, 3.78, 3.41, 3.34, 3.83, 3.52, 3.95, 4.18, 3.929], [3.94, 3.9, 3.31, 3.05, 3.57, 3.88, 3.45, 3.1, 2.56, 2.21, 1.85, 1.96, 2.11, 2.45, 2.96, 2.63, 2.93, 2.93, 3.45, 3.61, 3.25, 3.13, 2.96, 3.06, 3.38, 4.03, 3.32, 2.23, 1.11, 0.93, 0, 0.72, 1.24, 1.1, 1.48, 1.65, 2.01, 2.6, 3.43, 3.45, 2.87, 2.35, 2.54, 2.85, 2.23, 2.17, 1.9, 2.08, 2.37, 2.47, 2.98, 4.19, 6.24, 6.45, 5.63, 5.07, 5.11, 5.37, 5.85, 6.76, 6.6, 5.18, 4.33, 4.84, 5.07, 4.86, 4.59, 4.28, 3.64, 2.79, 1.79, 1.88, 1.91, 2.71, 3.23, 3.12, 2.93, 3.81, 4.19, 3.92, 3.91, 4.42, 4.11, 4.56, 4.775, 4.531], [4.12, 4.02, 3.43, 3.21, 3.75, 4.02, 3.61, 3.18, 2.68, 2.31, 1.95, 2.08, 2.21, 2.41, 2.88, 2.57, 2.97, 2.89, 3.51, 3.65, 3.29, 3.17, 3.0, 3.12, 3.42, 4.11, 3.18, 2.13, 1.07, 1.13, 0.72, 0, 1.0, 1.04, 1.42, 1.59, 2.01, 2.6, 3.41, 3.43, 2.93, 2.41, 2.68, 2.97, 2.25, 2.19, 1.88, 2.18, 2.37, 2.57, 3.08, 4.31, 6.36, 6.57, 5.75, 5.19, 5.21, 5.49, 5.97, 6.88, 6.72, 5.3, 4.45, 4.96, 5.19, 5.0, 4.71, 4.4, 3.76, 2.91, 2.07, 1.86, 2.05, 2.93, 3.47, 3.42, 3.19, 4.07, 4.41, 4.06, 4.03, 4.58, 4.21, 4.66, 4.83, 4.56], [4.16, 4.08, 3.59, 3.35, 3.85, 4.1, 3.67, 3.22, 2.72, 2.27, 2.03, 2.04, 2.21, 2.31, 2.6, 2.29, 2.55, 2.59, 3.09, 3.19, 2.89, 2.79, 2.54, 2.72, 3.12, 3.65, 2.866, 1.85, 1.33, 1.43, 1.24, 1.0, 0, 1.1, 1.52, 1.93, 2.03, 2.58, 3.29, 3.39, 2.95, 2.43, 2.58, 2.71, 2.29, 2.33, 2.08, 2.68, 2.73, 2.89, 3.4, 4.41, 6.46, 6.65, 5.83, 5.29, 5.31, 5.57, 6.07, 6.98, 6.82, 5.4, 4.53, 5.06, 5.29, 5.04, 4.83, 4.6, 3.94, 3.05, 1.99, 1.72, 1.87, 2.67, 3.07, 3.14, 3.19, 4.01, 4.53, 4.22, 4.13, 4.68, 4.31, 4.76, 4.93, 4.62], [4.02, 3.98, 3.53, 3.17, 3.77, 4.08, 3.67, 3.24, 2.82, 2.31, 1.57, 1.76, 1.89, 2.09, 2.62, 2.27, 2.67, 2.69, 3.07, 3.07, 2.69, 2.53, 2.46, 2.64, 2.94, 3.65, 2.98, 1.89, 1.35, 1.39, 1.1, 1.04, 1.1, 0, 0.96, 1.29, 1.83, 2.5, 3.37, 3.47, 2.99, 2.37, 2.58, 2.87, 2.15, 1.91, 1.82, 2.42, 2.53, 2.65, 3.28, 4.41, 6.46, 6.65, 5.83, 5.29, 5.31, 5.57, 6.07, 6.98, 6.82, 5.4, 4.53, 5.06, 5.29, 5.06, 4.81, 4.52, 3.88, 2.93, 1.85, 1.54, 1.69, 2.45, 2.99, 2.94, 2.93, 3.73, 4.21, 3.98, 4.05, 4.64, 4.31, 4.76, 4.93, 4.62], [3.9, 3.76, 3.11, 2.87, 3.31, 3.6, 3.33, 2.82, 2.48, 2.17, 1.57, 1.82, 1.93, 2.09, 2.54, 2.39, 2.85, 2.87, 3.19, 3.15, 2.79, 2.63, 2.48, 2.7, 3.08, 3.862, 3.42, 2.45, 1.65, 1.47, 1.48, 1.42, 1.52, 0.96, 0, 0.99, 1.97, 2.42, 3.25, 3.21, 2.79, 2.29, 2.56, 2.85, 1.93, 1.39, 1.7, 2.32, 2.27, 2.45, 3.06, 3.95, 5.94, 6.11, 5.27, 4.77, 4.79, 5.05, 5.55, 6.46, 6.3, 4.88, 3.95, 4.52, 4.75, 4.56, 4.43, 4.1, 3.44, 2.61, 1.93, 1.52, 1.71, 2.43, 3.01, 2.9, 2.57, 3.31, 3.81, 3.54, 3.53, 4.14, 3.83, 4.28, 4.41, 4.1], [3.25, 3.11, 2.52, 2.22, 2.76, 3.11, 2.78, 2.43, 2.01, 1.66, 1.3, 1.81, 1.64, 1.96, 2.77, 2.78, 3.4, 3.4, 3.54, 3.38, 3.1, 2.998, 2.83, 3.07, 3.53, 4.372, 3.947, 2.96, 1.96, 1.6, 1.65, 1.59, 1.93, 1.29, 0.99, 0, 1.34, 1.81, 2.64, 2.6, 2.1, 1.7, 1.97, 2.3, 1.46, 1.22, 1.73, 2.31, 2.32, 2.16, 2.71, 3.74, 5.45, 5.62, 4.78, 4.28, 4.36, 4.6, 5.06, 5.97, 5.81, 4.39, 3.46, 4.01, 4.22, 4.03, 3.98, 3.63, 2.91, 2.04, 1.52, 1.51, 1.36, 2.02, 2.48, 2.35, 2.12, 2.9, 3.32, 2.97, 3.04, 3.63, 3.3, 3.75, 3.92, 3.63], [2.67, 2.65, 2.2, 1.86, 2.48, 2.81, 2.38, 2.05, 1.85, 1.48, 1.6, 2.03, 1.9, 2.2, 3.13, 3.06, 3.62, 3.62, 3.86, 3.681, 3.421, 3.315, 3.13, 3.37, 3.902, 4.749, 4.213, 3.08, 2.38, 1.74, 2.01, 2.01, 2.03, 1.83, 1.97, 1.34, 0, 1.29, 1.92, 1.9, 1.58, 1.48, 1.57, 1.64, 1.36, 1.68, 2.11, 2.39, 2.4, 2.02, 2.53, 3.58, 5.15, 5.32, 4.54, 4.0, 4.06, 4.3, 4.78, 5.67, 5.51, 4.11, 3.2, 3.71, 3.94, 3.79, 3.62, 3.33, 2.71, 1.72, 1.16, 1.61, 1.3, 1.68, 1.96, 1.89, 2.06, 2.82, 3.14, 2.79, 2.76, 3.33, 3.0, 3.47, 3.64, 3.33], [2.58, 2.56, 2.29, 1.93, 2.11, 2.3, 1.85, 2.06, 1.88, 1.67, 2.23, 2.52, 2.49, 2.77, 3.6, 3.67, 4.159, 4.17, 4.445, 4.388, 4.168, 3.988, 3.798, 4.035, 4.606, 5.476, 4.974, 3.882, 2.95, 2.21, 2.6, 2.6, 2.58, 2.5, 2.42, 1.81, 1.29, 0, 1.39, 1.39, 1.27, 1.73, 2.08, 2.07, 1.61, 2.09, 2.42, 2.76, 2.23, 2.15, 2.48, 2.97, 4.5, 4.65, 3.83, 3.37, 3.47, 3.71, 4.17, 5.0, 4.84, 3.46, 2.53, 3.06, 3.25, 3.08, 2.97, 2.64, 1.98, 1.17, 1.43, 2.22, 1.99, 2.37, 2.71, 2.14, 2.01, 2.71, 3.05, 2.64, 2.47, 2.9, 2.39, 2.82, 3.05, 2.84], [2.13, 2.01, 1.88, 1.78, 1.82, 1.93, 1.7, 1.45, 1.61, 1.94, 2.46, 2.89, 2.7, 2.96, 3.95, 4.16, 4.586, 4.6, 4.806, 4.615, 4.395, 4.349, 4.122, 4.325, 5.093, 5.963, 5.602, 4.68, 3.74, 2.92, 3.43, 3.41, 3.29, 3.37, 3.25, 2.64, 1.92, 1.39, 0, 0.6, 1.22, 1.64, 1.97, 1.94, 2.04, 2.6, 3.03, 3.55, 2.94, 2.76, 3.09, 3.1, 3.93, 4.06, 3.5, 3.14, 3.22, 3.24, 3.52, 4.27, 4.11, 2.95, 2.12, 2.45, 2.7, 2.67, 3.0, 2.75, 2.11, 1.54, 2.22, 2.69, 2.583, 2.26, 2.26, 1.91, 2.12, 2.56, 3.12, 2.49, 2.18, 2.53, 1.92, 2.37, 2.58, 2.41], [2.25, 2.07, 1.88, 1.82, 2.0, 2.09, 1.86, 1.53, 1.69, 1.9, 2.48, 2.89, 2.76, 2.92, 3.87, 4.1, 4.58, 4.54, 4.8, 4.62, 4.38, 4.32, 4.11, 4.31, 5.03, 5.9, 5.59, 4.654, 3.68, 2.94, 3.45, 3.43, 3.39, 3.47, 3.21, 2.6, 1.9, 1.39, 0.6, 0, 1.06, 1.7, 2.01, 1.92, 2.04, 2.6, 3.09, 3.59, 2.98, 2.8, 3.07, 3.04, 3.93, 4.02, 3.52, 3.14, 3.24, 3.24, 3.56, 4.33, 4.17, 2.97, 2.16, 2.53, 2.72, 2.75, 3.0, 2.73, 2.13, 1.56, 2.22, 2.69, 2.64, 2.26, 2.3, 2.07, 2.06, 2.68, 3.2, 2.51, 2.26, 2.63, 2.06, 2.51, 2.72, 2.53], [2.41, 2.23, 1.84, 1.7, 2.12, 2.09, 1.76, 1.41, 1.53, 1.38, 2.08, 2.45, 2.4, 2.54, 3.43, 3.56, 4.08, 4.02, 4.3, 4.18, 3.96, 3.86, 3.69, 3.89, 4.53, 5.4, 5.03, 4.08, 3.16, 2.36, 2.87, 2.93, 2.95, 2.99, 2.79, 2.1, 1.58, 1.27, 1.22, 1.06, 0, 1.14, 1.53, 1.54, 1.56, 2.1, 2.51, 3.13, 2.78, 2.52, 2.77, 3.14, 4.25, 4.44, 3.88, 3.38, 3.48, 3.42, 3.84, 4.61, 4.45, 3.31, 2.48, 2.91, 3.14, 3.11, 3.22, 2.97, 2.31, 1.48, 1.64, 2.27, 2.12, 2.04, 2.16, 2.17, 2.22, 2.7, 3.2, 2.61, 2.34, 2.77, 2.14, 2.63, 2.96, 2.73], [2.25, 2.13, 1.88, 2.02, 2.3, 2.35, 2.2, 1.55, 1.31, 1.24, 1.4, 1.63, 1.42, 1.76, 2.71, 3.0, 3.32, 3.34, 3.42, 3.26, 3.04, 3.0, 2.85, 2.97, 3.71, 4.62, 4.35, 3.44, 2.58, 2.16, 2.35, 2.41, 2.43, 2.37, 2.29, 1.7, 1.48, 1.73, 1.64, 1.7, 1.14, 0, 0.87, 1.1, 1.28, 1.8, 2.57, 3.29, 3.22, 2.8, 3.15, 3.6, 4.77, 4.84, 4.22, 3.78, 4.0, 3.9, 4.2, 5.03, 4.87, 3.65, 2.88, 3.37, 3.7, 3.57, 3.82, 3.63, 2.95, 1.82, 1.36, 1.55, 1.44, 1.4, 1.64, 1.89, 2.3, 2.74, 3.26, 2.77, 2.52, 2.89, 2.5, 2.89, 3.16, 2.93], [2.52, 2.58, 2.23, 2.27, 2.55, 2.78, 2.69, 1.96, 1.58, 1.37, 1.39, 1.46, 1.37, 1.49, 2.7, 2.87, 3.21, 3.21, 2.99, 2.85, 2.71, 2.67, 2.68, 2.8, 3.56, 4.35, 4.24, 3.35, 2.79, 2.35, 2.54, 2.68, 2.58, 2.58, 2.56, 1.97, 1.57, 2.08, 1.97, 2.01, 1.53, 0.87, 0, 0.81, 1.49, 2.19, 2.8, 3.66, 3.63, 3.23, 3.62, 3.97, 5.18, 5.25, 4.53, 4.01, 4.29, 4.39, 4.53, 5.2, 5.06, 3.86, 3.11, 3.68, 3.91, 3.88, 4.13, 3.96, 3.24, 2.15, 1.65, 1.56, 1.51, 1.31, 1.65, 1.9, 2.47, 2.97, 3.57, 3.08, 2.95, 3.26, 2.93, 3.1, 3.33, 3.16], [2.37, 2.33, 2.16, 2.24, 2.5, 2.71, 2.56, 1.95, 1.63, 1.48, 1.6, 1.75, 1.36, 1.74, 2.95, 3.18, 3.26, 3.34, 3.1, 2.8, 2.68, 2.66, 2.73, 2.75, 3.59, 4.38, 4.33, 3.44, 3.2, 2.56, 2.85, 2.97, 2.71, 2.87, 2.85, 2.3, 1.64, 2.07, 1.94, 1.92, 1.54, 1.1, 0.81, 0, 1.38, 2.28, 2.91, 3.69, 3.64, 3.26, 3.47, 4.06, 5.01, 5.14, 4.48, 4.06, 4.28, 4.34, 4.34, 5.05, 4.89, 3.65, 2.98, 3.53, 3.82, 3.95, 4.12, 3.95, 3.33, 2.24, 1.64, 1.67, 1.6, 1.36, 1.44, 1.63, 2.36, 2.96, 3.48, 2.87, 2.72, 2.97, 2.7, 2.85, 3.06, 2.79], [2.39, 2.15, 1.86, 1.76, 2.3, 2.55, 2.3, 1.95, 1.39, 1.0, 1.38, 1.61, 1.42, 1.88, 2.75, 2.9, 3.32, 3.3, 3.36, 3.22, 2.96, 2.86, 2.91, 3.05, 3.63, 4.4, 4.35, 3.44, 2.6, 1.92, 2.23, 2.25, 2.29, 2.15, 1.93, 1.46, 1.36, 1.61, 2.04, 2.04, 1.56, 1.28, 1.49, 1.38, 0, 1.26, 1.77, 2.57, 2.56, 2.4, 2.63, 3.16, 4.83, 5.0, 4.18, 3.52, 3.64, 3.94, 4.16, 5.01, 4.85, 3.49, 2.78, 3.37, 3.56, 3.53, 3.6, 3.37, 2.67, 1.68, 1.22, 1.69, 1.58, 1.96, 2.12, 1.71, 1.68, 2.46, 3.04, 2.51, 2.4, 2.81, 2.46, 2.79, 2.98, 2.704], [3.17, 2.97, 2.24, 2.12, 2.44, 2.55, 2.48, 2.03, 1.75, 1.58, 1.7, 2.11, 1.9, 2.2, 3.07, 3.16, 3.68, 3.66, 3.86, 3.64, 3.32, 3.22, 3.11, 3.35, 3.89, 4.7, 4.29, 3.48, 2.48, 1.9, 2.17, 2.19, 2.33, 1.91, 1.39, 1.22, 1.68, 2.09, 2.6, 2.6, 2.1, 1.8, 2.19, 2.28, 1.26, 0, 1.13, 2.09, 1.96, 1.8, 2.25, 3.02, 4.85, 4.96, 4.12, 3.62, 3.64, 3.94, 4.32, 5.21, 5.05, 3.65, 2.84, 3.41, 3.54, 3.39, 3.4, 3.21, 2.83, 2.0, 1.6, 1.81, 1.64, 2.24, 2.58, 2.35, 1.88, 2.42, 3.16, 2.75, 2.5, 3.11, 2.8, 3.17, 3.34, 3.15], [3.68, 3.46, 2.77, 2.29, 2.83, 2.94, 2.79, 2.5, 2.2, 1.99, 2.33, 2.58, 2.53, 3.05, 3.6, 3.29, 3.87, 3.77, 4.19, 4.17, 3.81, 3.67, 3.68, 3.86, 4.08, 4.83, 4.28, 3.39, 2.35, 1.73, 1.9, 1.88, 2.08, 1.82, 1.7, 1.73, 2.11, 2.42, 3.03, 3.09, 2.51, 2.57, 2.8, 2.91, 1.77, 1.13, 0, 1.52, 1.43, 1.61, 2.06, 3.11, 5.16, 5.35, 4.53, 3.93, 3.99, 4.31, 4.63, 5.54, 5.38, 3.98, 3.37, 3.84, 3.91, 3.8, 3.59, 3.36, 3.08, 2.51, 2.11, 2.46, 2.21, 2.89, 3.11, 2.74, 2.35, 2.87, 3.65, 3.3, 2.95, 3.44, 3.21, 3.62, 3.75, 3.64], [4.4, 4.1, 3.47, 2.83, 3.23, 3.18, 3.05, 2.96, 2.86, 2.81, 3.13, 3.42, 3.47, 3.87, 4.4, 4.13, 4.73, 4.67, 5.15, 5.21, 4.85, 4.67, 4.5, 4.7, 5.08, 5.85, 5.06, 3.99, 2.67, 1.95, 2.08, 2.18, 2.68, 2.42, 2.32, 2.31, 2.39, 2.76, 3.55, 3.59, 3.13, 3.29, 3.66, 3.69, 2.57, 2.09, 1.52, 0, 1.05, 1.09, 1.62, 2.77, 4.82, 4.99, 4.15, 3.65, 3.67, 3.95, 4.43, 5.34, 5.18, 4.02, 3.49, 3.92, 4.03, 3.9, 3.73, 3.46, 3.3, 2.69, 2.63, 3.22, 3.07, 3.73, 4.05, 3.7, 3.03, 3.45, 3.93, 3.52, 3.23, 3.74, 3.59, 3.98, 4.09, 4.18], [4.09, 3.75, 3.14, 2.56, 2.92, 2.85, 2.66, 2.63, 2.67, 2.74, 3.2, 3.51, 3.5, 3.82, 4.37, 4.22, 4.82, 4.72, 5.18, 5.22, 4.96, 4.78, 4.59, 4.79, 5.21, 6.0, 5.33, 4.22, 2.86, 2.14, 2.37, 2.37, 2.73, 2.53, 2.27, 2.32, 2.4, 2.23, 2.94, 2.98, 2.78, 3.22, 3.63, 3.64, 2.56, 1.96, 1.43, 1.05, 0, 0.74, 1.33, 2.52, 4.51, 4.68, 3.84, 3.34, 3.38, 3.66, 4.12, 5.03, 4.87, 3.73, 3.14, 3.61, 3.66, 3.53, 3.4, 3.09, 2.87, 2.34, 2.58, 3.17, 3.1, 3.72, 4.06, 3.43, 2.84, 3.28, 3.76, 3.33, 2.94, 3.43, 3.24, 3.65, 3.78, 3.87], [3.87, 3.53, 2.82, 2.34, 2.7, 2.63, 2.54, 2.35, 2.35, 2.44, 2.94, 3.31, 3.3, 3.66, 4.39, 4.32, 4.92, 4.82, 5.22, 5.22, 4.98, 4.8, 4.61, 4.83, 5.31, 6.12, 5.49, 4.34, 3.08, 2.18, 2.47, 2.57, 2.89, 2.65, 2.45, 2.16, 2.02, 2.15, 2.76, 2.8, 2.52, 2.8, 3.23, 3.26, 2.4, 1.8, 1.61, 1.09, 0.74, 0, 0.97, 2.32, 4.19, 4.34, 3.52, 3.02, 3.08, 3.36, 3.82, 4.69, 4.53, 3.45, 2.92, 3.35, 3.4, 3.27, 3.16, 2.87, 2.71, 2.16, 2.32, 3.09, 2.84, 3.4, 3.76, 3.21, 2.72, 3.08, 3.56, 3.13, 2.7, 3.21, 3.04, 3.43, 3.56, 3.65], [3.96, 3.62, 2.93, 2.47, 2.91, 2.74, 2.53, 2.46, 2.48, 2.67, 3.23, 3.62, 3.63, 4.03, 4.68, 4.67, 5.23, 5.17, 5.59, 5.55, 5.29, 5.11, 5.02, 5.16, 5.66, 6.49, 5.92, 4.77, 3.63, 2.57, 2.98, 3.08, 3.4, 3.28, 3.06, 2.71, 2.53, 2.48, 3.09, 3.07, 2.77, 3.15, 3.62, 3.47, 2.63, 2.25, 2.06, 1.62, 1.33, 0.97, 0, 1.53, 3.34, 3.55, 2.75, 2.29, 2.31, 2.71, 3.07, 3.86, 3.7, 3.1, 2.85, 3.16, 3.17, 3.22, 2.99, 2.76, 2.76, 2.37, 2.53, 3.46, 3.27, 3.97, 4.11, 3.4, 2.79, 3.19, 3.57, 3.18, 2.69, 3.22, 2.97, 3.34, 3.49, 3.62], [3.73, 3.45, 3.0, 2.64, 2.54, 2.47, 2.48, 2.75, 2.85, 3.26, 3.78, 4.11, 4.18, 4.58, 5.15, 5.26, 5.8, 5.7, 6.12, 6.04, 5.74, 5.64, 5.51, 5.61, 6.21, 7.1, 6.73, 5.8, 4.72, 3.6, 4.19, 4.31, 4.41, 4.41, 3.95, 3.74, 3.58, 2.97, 3.1, 3.04, 3.14, 3.6, 3.97, 4.06, 3.16, 3.02, 3.11, 2.77, 2.52, 2.32, 1.53, 0, 2.25, 2.4, 1.72, 1.3, 1.46, 1.82, 2.1, 2.81, 2.69, 2.23, 2.16, 2.47, 2.44, 2.47, 2.58, 2.41, 2.43, 2.38, 3.34, 4.25, 4.18, 4.46, 4.48, 3.71, 2.6, 2.94, 3.28, 2.75, 2.46, 2.93, 2.6, 2.95, 3.06, 3.21], [3.98, 3.78, 3.73, 3.59, 2.95, 2.72, 3.03, 3.56, 4.1, 4.87, 5.31, 5.94, 5.69, 6.15, 6.92, 7.19, 7.73, 7.73, 8.01, 7.71, 7.47, 7.49, 7.34, 7.34, 8.18, 9.11, 8.82, 7.83, 6.75, 5.63, 6.24, 6.36, 6.46, 6.46, 5.94, 5.45, 5.15, 4.5, 3.93, 3.93, 4.25, 4.77, 5.18, 5.01, 4.83, 4.85, 5.16, 4.82, 4.51, 4.19, 3.34, 2.25, 0, 0.77, 0.95, 1.53, 1.39, 1.19, 1.19, 1.34, 1.38, 1.72, 2.35, 1.9, 1.95, 2.08, 2.31, 2.42, 2.82, 3.61, 5.09, 5.94, 5.81, 5.43, 5.11, 4.44, 3.91, 3.25, 2.99, 3.04, 2.93, 2.88, 2.85, 3.06, 3.19, 3.4], [4.03, 3.89, 3.76, 3.78, 3.16, 2.89, 3.28, 3.75, 4.25, 5.06, 5.52, 6.13, 5.84, 6.26, 7.11, 7.46, 7.96, 7.94, 8.18, 7.8, 7.6, 7.68, 7.43, 7.51, 8.37, 9.3, 9.01, 8.08, 6.94, 5.8, 6.45, 6.57, 6.65, 6.65, 6.11, 5.62, 5.32, 4.65, 4.06, 4.02, 4.44, 4.84, 5.25, 5.14, 5.0, 4.96, 5.35, 4.99, 4.68, 4.34, 3.55, 2.4, 0.77, 0, 0.9, 1.6, 1.54, 1.34, 1.32, 1.35, 1.25, 1.69, 2.42, 1.87, 1.9, 1.91, 2.24, 2.37, 2.93, 3.8, 5.32, 6.11, 6.02, 5.56, 5.28, 4.69, 4.08, 3.48, 3.16, 3.07, 3.04, 2.85, 3.0, 3.09, 3.18, 3.49], [3.65, 3.51, 3.4, 3.2, 2.6, 2.43, 2.8, 3.21, 3.45, 4.22, 4.7, 5.29, 5.02, 5.4, 6.29, 6.66, 7.14, 7.12, 7.32, 7.0, 6.76, 6.82, 6.63, 6.65, 7.55, 8.44, 8.17, 7.26, 6.1, 4.98, 5.63, 5.75, 5.83, 5.83, 5.27, 4.78, 4.54, 3.83, 3.5, 3.52, 3.88, 4.22, 4.53, 4.48, 4.18, 4.12, 4.53, 4.15, 3.84, 3.52, 2.75, 1.72, 0.95, 0.9, 0, 1.0, 1.0, 1.08, 1.14, 1.43, 1.39, 1.35, 1.84, 1.65, 1.72, 1.79, 2.14, 2.07, 2.33, 3.06, 4.48, 5.29, 5.22, 4.96, 4.8, 4.15, 3.36, 3.0, 2.8, 2.73, 2.68, 2.57, 2.54, 2.77, 2.9, 3.09], [3.45, 3.25, 2.98, 2.68, 2.34, 2.19, 2.4, 2.73, 3.07, 3.68, 4.2, 4.69, 4.68, 4.96, 5.77, 6.06, 6.54, 6.5, 6.68, 6.58, 6.32, 6.24, 6.23, 6.25, 6.93, 7.82, 7.63, 6.72, 5.62, 4.46, 5.07, 5.19, 5.29, 5.29, 4.77, 4.28, 4.0, 3.37, 3.14, 3.14, 3.38, 3.78, 4.01, 4.06, 3.52, 3.62, 3.93, 3.65, 3.34, 3.02, 2.29, 1.3, 1.53, 1.6, 1.0, 0, 0.66, 0.94, 1.32, 1.93, 1.75, 1.37, 1.66, 1.69, 1.74, 1.55, 1.84, 1.65, 1.85, 2.64, 4.02, 4.87, 4.68, 4.56, 4.54, 3.73, 2.86, 2.5, 2.6, 2.39, 2.32, 2.29, 2.3, 2.43, 2.6, 2.77], [3.51, 3.37, 2.98, 2.76, 2.4, 2.27, 2.44, 2.89, 3.29, 3.7, 4.3, 4.85, 4.82, 5.16, 5.87, 6.08, 6.6, 6.54, 6.88, 6.76, 6.5, 6.38, 6.29, 6.43, 7.05, 7.92, 7.67, 6.74, 5.66, 4.56, 5.11, 5.21, 5.31, 5.31, 4.79, 4.36, 4.06, 3.47, 3.22, 3.24, 3.48, 4.0, 4.29, 4.28, 3.64, 3.64, 3.99, 3.67, 3.38, 3.08, 2.31, 1.46, 1.39, 1.54, 1.0, 0.66, 0, 0.78, 1.22, 1.89, 1.75, 1.31, 1.7, 1.57, 1.58, 1.35, 1.56, 1.51, 1.91, 2.62, 4.04, 4.95, 4.72, 4.7, 4.66, 3.83, 2.86, 2.58, 2.44, 2.45, 2.4, 2.43, 2.34, 2.61, 2.76, 2.93], [3.35, 3.13, 2.88, 2.74, 2.24, 1.99, 2.28, 2.63, 3.37, 4.02, 4.54, 5.15, 5.02, 5.34, 6.11, 6.38, 6.9, 6.9, 7.14, 6.98, 6.72, 6.66, 6.55, 6.61, 7.31, 8.24, 7.95, 7.0, 5.9, 4.82, 5.37, 5.49, 5.57, 5.57, 5.05, 4.6, 4.3, 3.71, 3.24, 3.24, 3.42, 3.9, 4.39, 4.34, 3.94, 3.94, 4.31, 3.95, 3.66, 3.36, 2.71, 1.82, 1.19, 1.34, 1.08, 0.94, 0.78, 0, 0.84, 1.51, 1.41, 1.23, 1.64, 1.49, 1.48, 1.33, 1.66, 1.75, 2.09, 2.78, 4.28, 5.15, 4.96, 4.64, 4.32, 3.75, 3.1, 2.4, 2.18, 2.19, 2.24, 2.27, 2.28, 2.45, 2.64, 2.81], [3.31, 3.05, 3.1, 3.08, 2.5, 2.17, 2.56, 2.97, 3.39, 4.2, 4.76, 5.27, 4.94, 5.54, 6.41, 6.72, 7.22, 7.06, 7.24, 6.86, 6.68, 6.76, 6.81, 6.79, 7.55, 8.38, 8.39, 7.46, 6.38, 5.28, 5.85, 5.97, 6.07, 6.07, 5.55, 5.06, 4.78, 4.17, 3.52, 3.56, 3.84, 4.2, 4.53, 4.34, 4.16, 4.32, 4.63, 4.43, 4.12, 3.82, 3.07, 2.1, 1.19, 1.32, 1.14, 1.32, 1.22, 0.84, 0, 1.03, 0.99, 1.11, 1.76, 1.59, 1.64, 1.83, 2.12, 2.23, 2.59, 3.22, 4.7, 5.51, 5.4, 5.0, 4.44, 3.91, 3.42, 2.7, 2.58, 2.53, 2.4, 2.31, 2.2, 2.31, 2.38, 2.67], [3.6, 3.4, 3.63, 3.85, 3.29, 2.92, 3.33, 3.78, 4.26, 5.01, 5.65, 5.98, 5.63, 6.35, 7.3, 7.67, 8.13, 7.99, 7.85, 7.47, 7.41, 7.45, 7.64, 7.64, 8.42, 9.19, 9.26, 8.35, 7.27, 6.15, 6.76, 6.88, 6.98, 6.98, 6.46, 5.97, 5.67, 5.0, 4.27, 4.33, 4.61, 5.03, 5.2, 5.05, 5.01, 5.21, 5.54, 5.34, 5.03, 4.69, 3.86, 2.81, 1.34, 1.35, 1.43, 1.93, 1.89, 1.51, 1.03, 0, 0.58, 1.72, 2.51, 2.12, 2.11, 2.3, 2.61, 2.8, 3.3, 4.13, 5.59, 6.4, 6.29, 5.89, 5.25, 4.8, 4.27, 3.53, 2.93, 3.08, 3.03, 2.66, 2.73, 2.42, 2.45, 2.74], [3.54, 3.34, 3.37, 3.69, 3.15, 2.78, 3.15, 3.64, 4.12, 4.87, 5.51, 5.86, 5.55, 6.21, 7.16, 7.53, 7.99, 7.85, 7.75, 7.35, 7.29, 7.33, 7.5, 7.5, 8.28, 9.05, 9.12, 8.21, 7.13, 5.99, 6.6, 6.72, 6.82, 6.82, 6.3, 5.81, 5.51, 4.84, 4.11, 4.17, 4.45, 4.87, 5.06, 4.89, 4.85, 5.05, 5.38, 5.18, 4.87, 4.53, 3.7, 2.69, 1.38, 1.25, 1.39, 1.75, 1.75, 1.41, 0.99, 0.58, 0, 1.56, 2.37, 1.88, 1.83, 2.02, 2.29, 2.52, 3.08, 3.97, 5.45, 6.26, 6.15, 5.75, 5.13, 4.66, 4.13, 3.37, 2.83, 2.88, 2.81, 2.42, 2.61, 2.26, 2.29, 2.68], [2.72, 2.5, 2.43, 2.41, 1.89, 1.66, 2.05, 2.46, 2.78, 3.55, 4.09, 4.6, 4.31, 4.85, 5.72, 6.09, 6.55, 6.45, 6.59, 6.25, 6.03, 6.11, 6.1, 6.12, 6.9, 7.73, 7.7, 6.79, 5.71, 4.59, 5.18, 5.3, 5.4, 5.4, 4.88, 4.39, 4.11, 3.46, 2.95, 2.97, 3.31, 3.65, 3.86, 3.65, 3.49, 3.65, 3.98, 4.02, 3.73, 3.45, 3.1, 2.23, 1.72, 1.69, 1.35, 1.37, 1.31, 1.23, 1.11, 1.72, 1.56, 0, 1.11, 0.78, 0.81, 1.1, 1.41, 1.42, 1.82, 2.57, 4.03, 4.84, 4.75, 4.41, 3.99, 3.3, 2.73, 2.17, 2.11, 1.84, 1.73, 1.58, 1.67, 1.66, 1.73, 2.02], [2.27, 2.15, 1.96, 1.72, 1.12, 1.07, 1.38, 1.77, 2.11, 2.84, 3.3, 3.95, 3.64, 4.06, 4.99, 5.34, 5.8, 5.78, 5.96, 5.6, 5.4, 5.46, 5.27, 5.39, 6.23, 7.1, 6.87, 5.98, 4.8, 3.68, 4.33, 4.45, 4.53, 4.53, 3.95, 3.46, 3.2, 2.53, 2.12, 2.16, 2.48, 2.88, 3.11, 2.98, 2.78, 2.84, 3.37, 3.49, 3.14, 2.92, 2.85, 2.16, 2.35, 2.42, 1.84, 1.66, 1.7, 1.64, 1.76, 2.51, 2.37, 1.11, 0, 0.83, 1.06, 1.25, 1.62, 1.47, 1.39, 1.66, 3.24, 3.95, 3.88, 3.5, 3.24, 2.63, 2.04, 1.58, 1.92, 1.33, 1.34, 1.43, 1.18, 1.47, 1.56, 1.75], [2.38, 2.36, 2.11, 2.07, 1.45, 1.36, 1.67, 2.1, 2.64, 3.41, 3.87, 4.5, 4.21, 4.67, 5.54, 5.87, 6.33, 6.35, 6.57, 6.21, 5.99, 6.05, 5.84, 5.96, 6.8, 7.71, 7.4, 6.49, 5.37, 4.19, 4.84, 4.96, 5.06, 5.06, 4.52, 4.01, 3.71, 3.06, 2.45, 2.53, 2.91, 3.37, 3.68, 3.53, 3.37, 3.41, 3.84, 3.92, 3.61, 3.35, 3.16, 2.47, 1.9, 1.87, 1.65, 1.69, 1.57, 1.49, 1.59, 2.12, 1.88, 0.78, 0.83, 0, 0.51, 0.9, 1.09, 1.12, 1.38, 2.21, 3.75, 4.48, 4.37, 4.07, 3.63, 3.02, 2.45, 1.73, 1.71, 1.56, 1.51, 1.42, 1.39, 1.52, 1.61, 1.92], [2.71, 2.63, 2.32, 2.34, 1.74, 1.65, 1.98, 2.45, 2.85, 3.6, 4.06, 4.69, 4.48, 4.86, 5.77, 6.08, 6.54, 6.54, 6.76, 6.44, 6.18, 6.24, 6.05, 6.21, 7.01, 7.9, 7.63, 6.72, 5.58, 4.42, 5.07, 5.19, 5.29, 5.29, 4.75, 4.22, 3.94, 3.25, 2.7, 2.72, 3.14, 3.7, 3.91, 3.82, 3.56, 3.54, 3.91, 4.03, 3.66, 3.4, 3.17, 2.44, 1.95, 1.9, 1.72, 1.74, 1.58, 1.48, 1.64, 2.11, 1.83, 0.81, 1.06, 0.51, 0, 0.81, 1.08, 1.25, 1.61, 2.46, 3.98, 4.71, 4.6, 4.32, 3.92, 3.29, 2.68, 2.1, 1.96, 1.77, 1.72, 1.61, 1.76, 1.75, 1.9, 2.21], [2.9, 2.74, 2.35, 2.27, 1.69, 1.62, 2.01, 2.44, 2.96, 3.51, 4.09, 4.72, 4.61, 4.89, 5.76, 5.99, 6.49, 6.51, 6.69, 6.57, 6.35, 6.27, 6.06, 6.28, 6.98, 7.87, 7.52, 6.59, 5.41, 4.27, 4.86, 5.0, 5.04, 5.06, 4.56, 4.03, 3.79, 3.08, 2.67, 2.75, 3.11, 3.57, 3.88, 3.95, 3.53, 3.39, 3.8, 3.9, 3.53, 3.27, 3.22, 2.47, 2.08, 1.91, 1.79, 1.55, 1.35, 1.33, 1.83, 2.3, 2.02, 1.1, 1.25, 0.9, 0.81, 0, 0.71, 0.84, 1.4, 2.23, 3.87, 4.62, 4.43, 4.23, 4.05, 3.36, 2.61, 1.97, 1.57, 1.72, 1.75, 1.72, 1.97, 2.04, 2.17, 2.4], [3.15, 2.99, 2.48, 2.24, 2.02, 1.91, 2.06, 2.65, 3.17, 3.56, 4.16, 4.73, 4.74, 5.06, 5.81, 5.86, 6.42, 6.38, 6.74, 6.68, 6.44, 6.28, 6.17, 6.33, 6.85, 7.72, 7.23, 6.24, 5.14, 4.02, 4.59, 4.71, 4.83, 4.81, 4.43, 3.98, 3.62, 2.97, 3.0, 3.0, 3.22, 3.82, 4.13, 4.12, 3.6, 3.4, 3.59, 3.73, 3.4, 3.16, 2.99, 2.58, 2.31, 2.24, 2.14, 1.84, 1.56, 1.66, 2.12, 2.61, 2.29, 1.41, 1.62, 1.09, 1.08, 0.71, 0, 0.69, 1.35, 2.34, 3.72, 4.59, 4.3, 4.46, 4.32, 3.53, 2.6, 2.14, 1.68, 1.97, 1.94, 2.01, 2.18, 2.25, 2.38, 2.63], [3.06, 2.9, 2.37, 2.09, 1.93, 1.86, 1.95, 2.54, 2.94, 3.25, 3.89, 4.42, 4.45, 4.79, 5.5, 5.63, 6.15, 6.11, 6.43, 6.37, 6.13, 5.97, 5.86, 6.04, 6.62, 7.49, 7.02, 5.97, 4.83, 3.71, 4.28, 4.4, 4.6, 4.52, 4.1, 3.63, 3.33, 2.64, 2.75, 2.73, 2.97, 3.63, 3.96, 3.95, 3.37, 3.21, 3.36, 3.46, 3.09, 2.87, 2.76, 2.41, 2.42, 2.37, 2.07, 1.65, 1.51, 1.75, 2.23, 2.8, 2.52, 1.42, 1.47, 1.12, 1.25, 0.84, 0.69, 0, 0.96, 2.07, 3.39, 4.32, 4.05, 4.21, 4.15, 3.42, 2.33, 2.05, 1.69, 1.88, 1.81, 1.98, 2.03, 2.18, 2.37, 2.62], [2.62, 2.48, 1.99, 1.61, 1.41, 1.52, 1.57, 2.18, 2.26, 2.59, 3.23, 3.74, 3.79, 4.11, 4.84, 4.95, 5.49, 5.45, 5.77, 5.73, 5.51, 5.35, 5.2, 5.4, 5.96, 6.83, 6.42, 5.35, 4.23, 3.11, 3.64, 3.76, 3.94, 3.88, 3.44, 2.91, 2.71, 1.98, 2.11, 2.13, 2.31, 2.95, 3.24, 3.33, 2.67, 2.83, 3.08, 3.3, 2.87, 2.71, 2.76, 2.43, 2.82, 2.93, 2.33, 1.85, 1.91, 2.09, 2.59, 3.3, 3.08, 1.82, 1.39, 1.38, 1.61, 1.4, 1.35, 0.96, 0, 1.35, 2.79, 3.7, 3.33, 3.49, 3.51, 2.78, 1.83, 1.65, 1.75, 1.6, 1.67, 1.92, 1.69, 1.98, 2.23, 2.3], [2.11, 1.91, 1.54, 1.16, 1.2, 1.31, 1.22, 1.47, 1.49, 1.7, 2.26, 2.87, 2.76, 3.04, 3.87, 4.08, 4.62, 4.58, 4.84, 4.7, 4.48, 4.38, 4.19, 4.39, 5.09, 5.96, 5.53, 4.46, 3.28, 2.36, 2.79, 2.91, 3.05, 2.93, 2.61, 2.04, 1.72, 1.17, 1.54, 1.56, 1.48, 1.82, 2.15, 2.24, 1.68, 2.0, 2.51, 2.69, 2.34, 2.16, 2.37, 2.38, 3.61, 3.8, 3.06, 2.64, 2.62, 2.78, 3.22, 4.13, 3.97, 2.57, 1.66, 2.21, 2.46, 2.23, 2.34, 2.07, 1.35, 0, 1.76, 2.61, 2.36, 2.42, 2.58, 1.85, 1.36, 1.72, 2.1, 1.65, 1.56, 2.01, 1.62, 2.05, 2.32, 2.17], [2.65, 2.63, 2.22, 2.14, 2.66, 2.85, 2.4, 2.11, 1.77, 1.28, 1.34, 1.59, 1.58, 2.0, 2.83, 2.86, 3.18, 3.3, 3.46, 3.26, 3.0, 2.86, 2.75, 2.85, 3.53, 4.4, 3.91, 2.96, 2.18, 1.74, 1.79, 2.07, 1.99, 1.85, 1.93, 1.52, 1.16, 1.43, 2.22, 2.22, 1.64, 1.36, 1.65, 1.64, 1.22, 1.6, 2.11, 2.63, 2.58, 2.32, 2.53, 3.34, 5.09, 5.32, 4.48, 4.02, 4.04, 4.28, 4.7, 5.59, 5.45, 4.03, 3.24, 3.75, 3.98, 3.87, 3.72, 3.39, 2.79, 1.76, 0, 1.23, 1.12, 1.74, 2.04, 1.97, 2.14, 2.98, 3.32, 3.01, 2.88, 3.39, 3.0, 3.45, 3.72, 3.47], [3.34, 3.38, 3.07, 2.81, 3.23, 3.54, 3.21, 2.66, 2.22, 1.67, 1.07, 1.14, 1.03, 1.03, 1.98, 2.03, 2.31, 2.55, 2.45, 2.21, 1.97, 1.89, 1.7, 1.9, 2.64, 3.51, 3.08, 2.19, 1.83, 1.89, 1.88, 1.86, 1.72, 1.54, 1.52, 1.51, 1.61, 2.22, 2.69, 2.69, 2.27, 1.55, 1.56, 1.67, 1.69, 1.81, 2.46, 3.22, 3.17, 3.09, 3.46, 4.25, 5.94, 6.11, 5.29, 4.87, 4.95, 5.15, 5.51, 6.4, 6.26, 4.84, 3.95, 4.48, 4.71, 4.62, 4.59, 4.32, 3.7, 2.61, 1.23, 0, 0.81, 1.53, 1.95, 2.26, 2.61, 3.43, 3.87, 3.58, 3.51, 4.1, 3.79, 4.24, 4.441, 4.156], [3.17, 3.25, 2.82, 2.48, 3.12, 3.43, 3.02, 2.55, 2.11, 1.5, 1.32, 1.53, 1.32, 1.64, 2.63, 2.46, 2.82, 2.96, 2.82, 2.58, 2.32, 2.2, 2.19, 2.33, 2.87, 3.7, 3.25, 2.42, 2.06, 1.94, 1.91, 2.05, 1.87, 1.69, 1.71, 1.36, 1.3, 1.99, 2.583, 2.64, 2.12, 1.44, 1.51, 1.6, 1.58, 1.64, 2.21, 3.07, 3.1, 2.84, 3.27, 4.18, 5.81, 6.02, 5.22, 4.68, 4.72, 4.96, 5.4, 6.29, 6.15, 4.75, 3.88, 4.37, 4.6, 4.43, 4.3, 4.05, 3.33, 2.36, 1.12, 0.81, 0, 1.16, 1.56, 1.87, 2.3, 2.98, 3.54, 3.41, 3.34, 3.99, 3.68, 4.13, 4.325, 4.021], [2.81, 2.87, 2.64, 2.5, 2.76, 3.09, 2.88, 2.25, 2.19, 1.82, 1.74, 2.13, 1.68, 2.06, 3.19, 3.18, 3.54, 3.72, 3.3, 2.8, 2.6, 2.64, 2.61, 2.67, 3.33, 4.18, 3.89, 3.24, 2.84, 2.68, 2.71, 2.93, 2.67, 2.45, 2.43, 2.02, 1.68, 2.37, 2.26, 2.26, 2.04, 1.4, 1.31, 1.36, 1.96, 2.24, 2.89, 3.73, 3.72, 3.4, 3.97, 4.46, 5.43, 5.56, 4.96, 4.56, 4.7, 4.64, 5.0, 5.89, 5.75, 4.41, 3.5, 4.07, 4.32, 4.23, 4.46, 4.21, 3.49, 2.42, 1.74, 1.53, 1.16, 0, 0.82, 1.33, 2.28, 2.66, 3.4, 3.03, 3.02, 3.59, 3.34, 3.73, 3.933, 3.609], [2.17, 2.29, 2.16, 2.32, 2.5, 2.65, 2.6, 2.05, 2.13, 1.96, 2.1, 2.47, 1.94, 2.48, 3.57, 3.62, 4.0, 4.18, 3.76, 3.12, 2.92, 3.08, 3.03, 3.07, 3.77, 4.6, 4.37, 3.78, 3.42, 2.96, 3.23, 3.47, 3.07, 2.99, 3.01, 2.48, 1.96, 2.71, 2.26, 2.3, 2.16, 1.64, 1.65, 1.44, 2.12, 2.58, 3.11, 4.05, 4.06, 3.76, 4.11, 4.48, 5.11, 5.28, 4.8, 4.54, 4.66, 4.32, 4.44, 5.25, 5.13, 3.99, 3.24, 3.63, 3.92, 4.05, 4.32, 4.15, 3.51, 2.58, 2.04, 1.95, 1.56, 0.82, 0, 1.13, 2.16, 2.26, 3.0, 2.75, 2.62, 3.07, 2.8, 3.15, 3.32, 3.089], [1.92, 1.9, 1.77, 1.77, 1.87, 2.16, 2.05, 1.72, 1.78, 1.79, 1.97, 2.54, 1.99, 2.69, 3.74, 3.77, 4.19, 4.35, 4.03, 3.57, 3.39, 3.45, 3.5, 3.54, 4.1, 4.95, 4.74, 4.07, 3.51, 2.83, 3.12, 3.42, 3.14, 2.94, 2.9, 2.35, 1.89, 2.14, 1.91, 2.07, 2.17, 1.89, 1.9, 1.63, 1.71, 2.35, 2.74, 3.7, 3.43, 3.21, 3.4, 3.71, 4.44, 4.69, 4.15, 3.73, 3.83, 3.75, 3.91, 4.8, 4.66, 3.3, 2.63, 3.02, 3.29, 3.36, 3.53, 3.42, 2.78, 1.85, 1.97, 2.26, 1.87, 1.33, 1.13, 0, 1.39, 1.75, 2.51, 2.16, 2.03, 2.56, 2.25, 2.64, 2.86, 2.64], [1.87, 1.83, 1.52, 1.2, 1.44, 1.77, 1.62, 1.75, 1.89, 1.82, 2.14, 2.83, 2.48, 2.98, 3.85, 3.9, 4.46, 4.5, 4.56, 4.2, 3.94, 3.92, 3.89, 3.93, 4.57, 5.4, 5.05, 4.28, 3.4, 2.48, 2.93, 3.19, 3.19, 2.93, 2.57, 2.12, 2.06, 2.01, 2.12, 2.06, 2.22, 2.3, 2.47, 2.36, 1.68, 1.88, 2.35, 3.03, 2.84, 2.72, 2.79, 2.6, 3.91, 4.08, 3.36, 2.86, 2.86, 3.1, 3.42, 4.27, 4.13, 2.73, 2.04, 2.45, 2.68, 2.61, 2.6, 2.33, 1.83, 1.36, 2.14, 2.61, 2.3, 2.28, 2.16, 1.39, 0, 1.32, 1.92, 1.59, 1.42, 2.03, 1.82, 2.21, 2.38, 2.11], [2.09, 2.11, 1.72, 1.54, 1.14, 1.33, 1.56, 2.01, 2.47, 2.68, 3.08, 3.77, 3.4, 3.86, 4.81, 4.86, 5.36, 5.5, 5.4, 5.1, 4.84, 4.82, 4.75, 4.91, 5.53, 6.36, 6.03, 5.2, 4.3, 3.36, 3.81, 4.07, 4.01, 3.73, 3.31, 2.9, 2.82, 2.71, 2.56, 2.68, 2.7, 2.74, 2.97, 2.96, 2.46, 2.42, 2.87, 3.45, 3.28, 3.08, 3.19, 2.94, 3.25, 3.48, 3.0, 2.5, 2.58, 2.4, 2.7, 3.53, 3.37, 2.17, 1.58, 1.73, 2.1, 1.97, 2.14, 2.05, 1.65, 1.72, 2.98, 3.43, 2.98, 2.66, 2.26, 1.75, 1.32, 0, 1.14, 1.21, 1.3, 1.87, 1.72, 1.99, 2.1, 2.03], [2.13, 2.13, 1.98, 1.86, 1.56, 1.75, 1.94, 2.55, 3.09, 3.3, 3.58, 4.27, 3.92, 4.36, 5.27, 5.34, 5.92, 6.04, 6.06, 5.8, 5.58, 5.5, 5.39, 5.53, 6.21, 7.1, 6.71, 5.66, 4.72, 3.78, 4.19, 4.41, 4.53, 4.21, 3.81, 3.32, 3.14, 3.05, 3.12, 3.2, 3.2, 3.26, 3.57, 3.48, 3.04, 3.16, 3.65, 3.93, 3.76, 3.56, 3.57, 3.28, 2.99, 3.16, 2.8, 2.6, 2.44, 2.18, 2.58, 2.93, 2.83, 2.11, 1.92, 1.71, 1.96, 1.57, 1.68, 1.69, 1.75, 2.1, 3.32, 3.87, 3.54, 3.4, 3.0, 2.51, 1.92, 1.14, 0, 