[[0, 0.87, 1.07, 1.94, 2.0, 2.229, 2.24, 2.269, 2.45, 3.982, 5.492, 6.473, 7.156, 7.506, 7.896, 9.236, 10.019, 10.366, 10.279, 9.809, 9.089, 8.729, 7.416, 7.08, 7.68, 6.1, 5.23, 5.62, 6.21, 6.21, 5.84, 5.81, 5.69, 5.31, 5.38, 5.57, 5.37, 5.21, 5.24, 5.36, 4.67, 4.41, 4.05, 4.59, 5.23, 5.87, 6.53, 7.18, 7.78, 6.21, 5.58, 5.95, 6.69, 6.23, 6.34, 5.86, 5.62, 7.19, 7.67, 7.55, 6.78, 7.05, 7.53, 7.04, 6.48, 5.54, 6.13, 6.62, 5.76, 5.64, 5.7, 5.2, 4.6, 4.34, 4.41, 4.25, 4.35, 4.55, 3.13, 2.93, 2.64, 2.47, 2.7, 2.84, 2.78, 2.98], [0.87, 0, 0.9, 1.79, 2.09, 2.4, 2.45, 2.419, 2.6, 4.232, 5.742, 6.729, 7.409, 7.776, 8.146, 9.486, 10.269, 10.616, 10.529, 10.059, 9.339, 8.979, 7.686, 7.35, 7.95, 6.37, 5.5, 5.89, 6.48, 6.48, 6.11, 6.1, 5.98, 5.58, 5.65, 5.84, 5.64, 5.5, 5.53, 5.67, 4.98, 4.78, 4.44, 4.92, 5.54, 6.18, 6.8, 7.45, 8.03, 6.44, 5.83, 6.2, 6.96, 6.5, 6.61, 6.15, 5.91, 7.48, 7.94, 7.82, 7.05, 7.32, 7.8, 7.31, 6.75, 5.83, 6.42, 6.91, 6.07, 5.93, 5.97, 5.47, 4.89, 4.63, 4.68, 4.52, 4.62, 4.82, 3.38, 3.06, 2.77, 2.88, 3.05, 3.13, 3.31, 3.59], [1.07, 0.9, 0, 1.35, 1.85, 1.94, 1.77, 1.96, 2.08, 3.678, 5.188, 6.178, 6.841, 7.211, 7.581, 8.898, 9.678, 10.028, 9.938, 9.508, 8.788, 8.408, 7.09, 6.81, 7.41, 5.83, 4.98, 5.31, 5.94, 5.94, 5.59, 5.58, 5.44, 5.04, 5.11, 5.3, 5.12, 4.98, 5.07, 5.21, 4.52, 4.34, 4.02, 4.46, 5.12, 5.72, 6.24, 6.95, 7.57, 5.98, 5.33, 5.66, 6.42, 6.02, 6.09, 5.57, 5.41, 7.0, 7.42, 7.3, 6.53, 6.78, 7.26, 6.73, 6.17, 5.27, 5.84, 6.33, 5.51, 5.39, 5.47, 5.03, 4.43, 4.15, 4.24, 3.98, 4.14, 4.26, 2.96, 2.72, 2.53, 2.7, 2.85, 3.01, 3.13, 3.45], [1.94, 1.79, 1.35, 0, 1.12, 1.79, 2.02, 2.47, 2.61, 3.22, 4.669, 5.639, 6.302, 6.672, 7.042, 8.316, 9.096, 9.446, 9.356, 8.969, 8.249, 7.886, 6.56, 6.3, 6.9, 5.38, 4.71, 4.84, 5.45, 5.45, 5.1, 5.15, 5.03, 4.55, 4.62, 4.77, 4.57, 4.57, 4.8, 4.88, 4.41, 4.21, 3.91, 4.27, 4.83, 5.31, 5.81, 6.44, 7.06, 5.49, 4.82, 5.17, 5.93, 5.51, 5.58, 5.1, 5.02, 6.49, 6.85, 6.79, 5.98, 6.23, 6.71, 6.2, 5.7, 4.88, 5.41, 6.02, 5.32, 5.12, 5.02, 4.54, 3.96, 3.72, 3.67, 3.49, 3.57, 3.77, 2.39, 2.37, 2.14, 2.17, 2.26, 2.62, 2.8, 3.06], [2.0, 2.09, 1.85, 1.12, 0, 1.25, 1.58, 2.17, 2.35, 3.3, 4.55, 5.42, 6.06, 6.37, 6.74, 7.96, 8.78, 9.11, 9.0, 8.59, 7.91, 7.61, 6.38, 6.24, 6.8, 5.52, 4.87, 4.92, 5.45, 5.29, 5.04, 5.13, 5.09, 4.55, 4.42, 4.51, 4.51, 4.73, 4.98, 5.08, 4.61, 4.43, 4.11, 4.47, 4.99, 5.39, 5.81, 6.3, 6.76, 5.41, 4.64, 4.99, 5.75, 5.31, 5.4, 5.14, 5.1, 6.39, 6.71, 6.71, 6.0, 6.29, 6.69, 6.28, 5.82, 5.08, 5.61, 6.24, 5.58, 5.38, 5.24, 4.62, 4.04, 3.9, 3.81, 3.47, 3.45, 3.71, 2.43, 2.45, 2.14, 2.19, 2.36, 2.52, 2.74, 3.04], [2.229, 2.4, 1.94, 1.79, 1.25, 0, 1.17, 1.78, 1.7, 2.93, 4.26, 5.09, 5.65, 5.98, 6.35, 7.59, 8.45, 8.76, 8.61, 8.14, 7.56, 7.28, 6.07, 5.97, 6.57, 5.29, 4.64, 4.69, 5.14, 5.02, 4.81, 4.92, 4.88, 4.34, 4.13, 4.2, 4.26, 4.52, 4.75, 4.87, 4.38, 4.2, 3.88, 4.26, 4.78, 5.2, 5.6, 6.05, 6.53, 5.4, 4.55, 4.74, 5.52, 5.16, 5.21, 5.05, 4.97, 6.28, 6.58, 6.52, 5.89, 6.18, 6.56, 6.15, 5.69, 4.95, 5.5, 6.11, 5.47, 5.27, 5.07, 4.43, 3.87, 3.81, 3.72, 3.34, 3.26, 3.5, 2.22, 2.4, 2.21, 2.56, 2.71, 2.81, 2.97, 3.31], [2.24, 2.45, 1.77, 2.02, 1.58, 1.17, 0, 0.97, 1.37, 2.82, 4.11, 4.94, 5.46, 5.79, 6.14, 7.36, 8.24, 8.53, 8.4, 7.95, 7.35, 7.09, 5.9, 5.9, 6.44, 5.2, 4.59, 4.54, 5.03, 4.91, 4.7, 4.81, 4.77, 4.23, 4.02, 4.07, 4.19, 4.49, 4.76, 4.82, 4.37, 4.17, 3.89, 4.25, 4.69, 5.09, 5.49, 5.9, 6.4, 5.03, 4.32, 4.61, 5.37, 4.95, 5.04, 4.86, 4.76, 6.09, 6.47, 6.41, 5.78, 6.07, 6.45, 6.04, 5.58, 4.86, 5.41, 6.04, 5.36, 5.14, 4.94, 4.32, 3.88, 3.96, 3.69, 3.21, 3.23, 3.49, 2.57, 3.07, 3.04, 3.15, 3.24, 3.54, 3.52, 3.84], [2.269, 2.419, 1.96, 2.47, 2.17, 1.78, 0.97, 0, 1.28, 2.83, 4.14, 5.07, 5.71, 5.96, 6.35, 7.55, 8.43, 8.74, 8.63, 8.22, 7.52, 7.22, 5.99, 5.99, 6.57, 5.23, 4.6, 4.55, 5.08, 5.02, 4.89, 4.92, 4.84, 4.3, 4.19, 4.28, 4.3, 4.52, 4.79, 4.83, 4.38, 4.22, 4.02, 4.32, 4.72, 5.16, 5.62, 6.17, 6.63, 5.22, 4.51, 4.78, 5.56, 5.14, 5.25, 4.93, 4.87, 6.22, 6.6, 6.46, 5.83, 6.12, 6.52, 6.09, 5.63, 4.87, 5.42, 6.05, 5.35, 5.15, 4.91, 4.33, 3.95, 4.15, 3.84, 3.4, 3.4, 3.58, 2.96, 3.427, 3.42, 3.56, 3.65, 3.83, 3.95, 4.15], [2.45, 2.6, 2.08, 2.61, 2.35, 1.7, 1.37, 1.28, 0, 2.13, 3.46, 4.39, 5.07, 5.38, 5.75, 7.13, 7.91, 8.26, 8.17, 7.7, 6.96, 6.64, 5.41, 5.31, 5.87, 4.49, 3.86, 3.93, 4.4, 4.36, 4.13, 4.22, 4.18, 3.68, 3.51, 3.6, 3.58, 3.7, 3.97, 4.05, 3.6, 3.38, 3.26, 3.54, 4.06, 4.46, 4.92, 5.61, 6.03, 5.1, 4.19, 4.22, 4.94, 4.68, 4.75, 4.53, 4.35, 5.72, 5.98, 5.88, 5.19, 5.5, 5.9, 5.45, 5.01, 4.19, 4.76, 5.35, 4.67, 4.49, 4.31, 3.69, 3.29, 3.39, 3.26, 2.9, 2.84, 2.92, 2.28, 2.66, 2.67, 2.86, 3.01, 3.07, 3.19, 3.45], [3.982, 4.232, 3.678, 3.22, 3.3, 2.93, 2.82, 2.83, 2.13, 0, 1.53, 2.54, 3.22, 3.67, 4.0, 5.34, 6.12, 6.47, 6.38, 5.89, 5.17, 4.83, 3.56, 3.38, 3.94, 2.44, 2.03, 2.14, 2.49, 2.61, 2.44, 2.25, 2.17, 1.77, 1.72, 1.79, 1.65, 1.91, 2.18, 2.12, 1.85, 1.61, 1.59, 1.85, 2.05, 2.45, 2.95, 3.8, 4.44, 3.65, 2.64, 2.45, 3.15, 2.87, 2.96, 2.62, 2.4, 3.95, 4.11, 3.97, 3.32, 3.49, 3.93, 3.44, 2.98, 2.18, 2.71, 3.32, 2.84, 2.62, 2.46, 2.0, 1.8, 2.12, 1.93, 1.63, 1.63, 1.75, 2.01, 2.83, 2.76, 2.73, 2.62, 2.76, 2.7, 2.78], [5.492, 5.742, 5.188, 4.669, 4.55, 4.26, 4.11, 4.14, 3.46, 1.53, 0, 1.31, 2.19, 2.7, 2.63, 3.99, 4.77, 5.12, 5.03, 4.54, 3.82, 3.48, 2.27, 2.17, 2.53, 1.33, 1.68, 1.47, 1.56, 1.92, 2.17, 1.34, 1.3, 1.26, 1.27, 1.06, 0.94, 1.44, 1.63, 1.55, 1.8, 1.82, 2.06, 1.82, 1.5, 1.7, 2.08, 2.91, 3.69, 3.4, 2.17, 1.72, 2.22, 2.0, 2.03, 1.81, 1.97, 2.84, 2.96, 3.0, 2.37, 2.38, 2.74, 2.35, 1.85, 1.53, 2.06, 2.47, 2.13, 1.77, 2.03, 1.93, 1.91, 2.45, 2.2, 1.94, 1.92, 1.96, 2.74, 3.72, 3.71, 3.7, 3.35, 3.37, 3.41, 3.53], [6.473, 6.729, 6.178, 5.639, 5.42, 5.09, 4.94, 5.07, 4.39, 2.54, 1.31, 0, 1.56, 2.11, 1.68, 2.98, 3.72, 4.11, 4.02, 3.51, 2.81, 2.43, 1.34, 1.36, 1.66, 1.14, 1.67, 1.46, 1.15, 1.29, 1.9, 1.15, 1.31, 1.45, 1.28, 1.37, 1.33, 1.51, 1.6, 1.54, 2.23, 2.461, 2.815, 2.269, 1.79, 2.01, 2.05, 2.48, 3.52, 3.49, 2.3, 1.63, 1.73, 1.55, 1.56, 1.74, 1.86, 2.03, 2.13, 2.29, 1.66, 1.87, 1.85, 1.76, 1.18, 1.5, 1.51, 1.82, 1.76, 1.56, 1.54, 1.72, 2.16, 2.76, 2.47, 2.49, 2.47, 2.45, 3.449, 4.39, 4.64, 4.578, 4.171, 4.0, 4.12, 4.22], [7.156, 7.409, 6.841, 6.302, 6.06, 5.65, 5.46, 5.71, 5.07, 3.22, 2.19, 1.56, 0, 0.99, 1.04, 2.2, 2.98, 3.31, 3.22, 2.73, 2.21, 2.07, 1.56, 1.84, 1.5, 1.94, 2.59, 2.3, 1.93, 2.05, 2.48, 2.15, 2.25, 2.41, 2.14, 2.05, 2.13, 2.29, 2.4, 2.38, 3.11, 3.33, 3.69, 3.23, 2.55, 2.21, 1.75, 1.72, 2.68, 2.83, 1.98, 1.59, 0.99, 1.29, 1.38, 1.76, 2.06, 1.49, 1.51, 1.35, 1.66, 1.89, 1.55, 1.66, 1.9, 2.42, 2.39, 2.32, 2.64, 2.48, 2.48, 2.66, 3.02, 3.74, 3.53, 3.35, 3.19, 3.21, 4.17, 5.21, 5.46, 5.31, 4.98, 4.78, 4.9, 4.96], [7.506, 7.776, 7.211, 6.672, 6.37, 5.98, 5.79, 5.96, 5.38, 3.67, 2.7, 2.11, 0.99, 0, 1.05, 1.95, 2.57, 2.9, 2.85, 2.36, 1.84, 1.7, 1.63, 2.17, 1.67, 2.39, 3.06, 2.79, 2.44, 2.54, 3.07, 2.78, 2.84, 3.02, 2.77, 2.58, 2.8, 2.94, 2.85, 2.85, 3.62, 3.84, 4.2, 3.7, 3.16, 2.32, 1.66, 1.57, 2.21, 2.42, 2.05, 1.74, 1.46, 1.62, 1.67, 2.13, 2.47, 1.88, 1.78, 1.68, 2.05, 2.44, 1.94, 1.89, 2.33, 2.89, 2.9, 2.91, 3.11, 2.97, 2.99, 3.11, 3.59, 4.23, 4.08, 3.76, 3.6, 3.6, 4.68, 5.9, 5.95, 5.76, 5.51, 5.15, 5.25, 5.45], [7.896, 8.146, 7.581, 7.042, 6.74, 6.35, 6.14, 6.35, 5.75, 4.0, 2.63, 1.68, 1.04, 1.05, 0, 1.56, 2.26, 2.53, 2.48, 2.03, 1.51, 1.51, 1.16, 1.6, 1.26, 2.2, 2.85, 2.5, 1.95, 2.05, 2.7, 2.35, 2.35, 2.67, 2.7, 2.51, 2.65, 2.81, 2.8, 2.84, 3.69, 3.918, 4.264, 3.67, 2.89, 2.49, 1.97, 1.94, 2.76, 2.91, 2.46, 2.09, 1.47, 1.77, 1.82, 2.36, 2.56, 1.77, 1.63, 1.65, 1.94, 1.91, 1.49, 1.64, 1.76, 2.6, 2.35, 2.4, 2.72, 2.64, 2.52, 2.9, 3.44, 4.1, 3.81, 3.79, 3.71, 3.57, 4.87, 5.79, 6.04, 5.978, 5.565, 5.34, 5.5, 5.64], [9.236, 9.486, 8.898, 8.316, 7.96, 7.59, 7.36, 7.55, 7.13, 5.34, 3.99, 2.98, 2.2, 1.95, 1.56, 0, 1.18, 1.43, 1.54, 1.23, 1.25, 1.27, 1.92, 2.36, 1.86, 3.38, 4.07, 3.68, 3.11, 3.15, 3.72, 3.55, 3.61, 3.97, 4.06, 3.87, 4.01, 4.17, 4.16, 4.197, 5.027, 5.278, 5.624, 5.004, 4.227, 3.55, 2.89, 2.6, 3.14, 3.57, 3.82, 3.341, 2.65, 3.078, 3.04, 3.471, 3.76, 2.33, 1.89, 2.09, 2.64, 2.59, 2.03, 2.32, 2.92, 3.8, 3.25, 3.16, 3.74, 3.713, 3.64, 4.14, 4.714, 5.1, 4.952, 5.046, 4.97, 4.75, 6.21, 7.15, 7.34, 7.238, 6.845, 6.637, 6.8, 6.997], [10.019, 10.269, 9.678, 9.096, 8.78, 8.45, 8.24, 8.43, 7.91, 6.12, 4.77, 3.72, 2.98, 2.57, 2.26, 1.18, 0, 0.73, 1.16, 1.03, 1.45, 1.69, 2.64, 3.2, 2.64, 4.12, 4.821, 4.46, 3.93, 3.91, 4.34, 4.35, 4.41, 4.759, 4.86, 4.69, 4.796, 4.956, 4.946, 4.98, 5.81, 6.061, 6.407, 5.787, 5.01, 4.339, 3.61, 3.1, 3.24, 3.97, 4.531, 4.144, 3.464, 3.881, 3.86, 4.254, 4.531, 2.93, 2.456, 2.593, 3.34, 3.11, 2.59, 3.054, 3.64, 4.594, 4.01, 3.62, 4.46, 4.476, 4.439, 4.905, 5.497, 5.78, 5.715, 5.829, 5.79, 5.55, 6.993, 7.933, 8.123, 8.021, 7.628, 7.42, 7.58, 7.78], [10.366, 10.616, 10.028, 9.446, 9.11, 8.76, 8.53, 8.74, 8.26, 6.47, 5.12, 4.11, 3.31, 2.9, 2.53, 1.43, 0.73, 0, 0.85, 1.04, 1.56, 1.98, 2.99, 3.45, 2.99, 4.45, 5.18, 4.85, 4.28, 4.26, 4.67, 4.7, 4.76, 5.1, 5.19, 5.0, 5.14, 5.3, 5.29, 5.33, 6.157, 6.408, 6.754, 6.134, 5.36, 4.68, 3.94, 3.27, 3.11, 4.24, 4.878, 4.471, 3.771, 4.208, 4.17, 4.601, 4.878, 3.26, 2.8, 2.94, 3.67, 3.38, 3.0, 3.39, 3.99, 4.93, 4.36, 3.89, 4.81, 4.85, 4.79, 5.27, 5.844, 6.107, 6.08, 6.176, 6.12, 5.88, 7.34, 8.28, 8.47, 8.368, 7.975, 7.767, 7.927, 8.127], [10.279, 10.529, 9.938, 9.356, 9.0, 8.61, 8.4, 8.63, 8.17, 6.38, 5.03, 4.02, 3.22, 2.85, 2.48, 1.54, 1.16, 0.85, 0, 0.83, 1.39, 1.81, 2.88, 3.4, 2.92, 4.4, 5.101, 4.78, 4.19, 4.17, 4.551, 4.61, 4.67, 5.019, 5.103, 4.916, 5.056, 5.216, 5.22, 5.26, 6.07, 6.321, 6.667, 6.067, 5.29, 4.599, 3.87, 3.171, 2.88, 4.161, 4.791, 4.384, 3.684, 4.121, 4.074, 4.514, 4.791, 3.27, 2.79, 2.87, 3.586, 3.41, 2.93, 3.334, 3.98, 4.86, 4.31, 3.9, 4.78, 4.756, 4.74, 5.2, 5.777, 6.06, 6.01, 6.089, 6.03, 5.804, 7.253, 8.193, 8.383, 8.281, 7.888, 7.68, 7.84, 8.04], [9.809, 10.059, 9.508, 8.969, 8.59, 8.14, 7.95, 8.22, 7.7, 5.89, 4.54, 3.51, 2.73, 2.36, 2.03, 1.23, 1.03, 1.04, 0.83, 0, 0.94, 1.36, 2.47, 2.85, 2.37, 3.884, 4.611, 4.31, 3.68, 3.68, 4.061, 4.112, 4.18, 4.569, 4.63, 4.44, 4.566, 4.726, 4.716, 4.75, 5.58, 5.831, 6.177, 5.577, 4.82, 4.109, 3.38, 2.71, 2.65, 3.68, 4.301, 3.894, 3.194, 3.651, 3.584, 4.084, 4.301, 2.96, 2.44, 2.44, 3.196, 3.08, 2.54, 3.01, 3.627, 4.504, 3.92, 3.57, 4.338, 4.372, 4.246, 4.715, 5.307, 5.73, 5.639, 5.653, 5.54, 5.374, 6.783, 7.703, 7.953, 7.891, 7.478, 7.23, 7.35, 7.55], [9.089, 9.339, 8.788, 8.249, 7.91, 7.56, 7.35, 7.52, 6.96, 5.17, 3.82, 2.81, 2.21, 1.84, 1.51, 1.25, 1.45, 1.56, 1.39, 0.94, 0, 0.68, 1.73, 2.09, 1.63, 3.164, 3.891, 3.57, 2.96, 2.98, 3.41, 3.4, 3.452, 3.849, 3.91, 3.74, 3.86, 4.006, 3.996, 4.03, 4.86, 5.111, 5.457, 4.857, 4.08, 3.4, 2.66, 2.19, 2.59, 3.08, 3.63, 3.22, 2.54, 2.971, 2.95, 3.364, 3.581, 2.56, 2.22, 2.14, 2.59, 2.54, 2.16, 2.45, 2.907, 3.784, 3.194, 2.97, 3.598, 3.652, 3.526, 3.975, 4.587, 5.01, 4.919, 4.933, 4.84, 4.66, 6.063, 7.0, 7.233, 7.171, 6.758, 6.51, 6.63, 6.83], [8.729, 8.979, 8.408, 7.886, 7.61, 7.28, 7.09, 7.22, 6.64, 4.83, 3.48, 2.43, 2.07, 1.7, 1.51, 1.27, 1.69, 1.98, 1.81, 1.36, 0.68, 0, 1.35, 1.75, 1.39, 2.824, 3.531, 3.175, 2.62, 2.64, 3.13, 3.06, 3.12, 3.48, 3.59, 3.46, 3.54, 3.666, 3.67, 3.69, 4.52, 4.771, 5.117, 4.497, 3.72, 3.06, 2.38, 2.13, 2.91, 3.12, 3.31, 2.92, 2.34, 2.68, 2.77, 3.004, 3.41, 2.38, 1.98, 1.88, 2.21, 2.28, 1.84, 2.11, 2.527, 3.404, 2.814, 2.67, 3.178, 3.272, 3.189, 3.635, 4.207, 4.63, 4.545, 4.599, 4.52, 4.3, 5.703, 6.66, 6.853, 6.791, 6.378, 6.13, 6.29, 6.49], [7.416, 7.686, 7.09, 6.56, 6.38, 6.07, 5.9, 5.99, 5.41, 3.56, 2.27, 1.34, 1.56, 1.63, 1.16, 1.92, 2.64, 2.99, 2.88, 2.47, 1.73, 1.35, 0, 1.02, 0.94, 1.58, 2.23, 1.98, 1.51, 1.57, 2.12, 1.77, 1.89, 2.19, 2.34, 2.25, 2.23, 2.35, 2.36, 2.38, 3.207, 3.458, 3.804, 3.19, 2.47, 2.07, 1.75, 2.1, 3.18, 3.13, 2.5, 1.85, 1.59, 1.71, 1.82, 1.88, 2.28, 1.61, 1.47, 1.63, 1.42, 1.49, 1.31, 1.2, 1.4, 2.12, 1.59, 1.76, 1.98, 1.98, 1.96, 2.34, 2.9, 3.36, 3.23, 3.29, 3.21, 3.03, 4.39, 5.33, 5.52, 5.47, 5.06, 4.82, 4.977, 5.177], [7.08, 7.35, 6.81, 6.3, 6.24, 5.97, 5.9, 5.99, 5.31, 3.38, 2.17, 1.36, 1.84, 2.17, 1.6, 2.36, 3.2, 3.45, 3.4, 2.85, 2.09, 1.75, 1.02, 0, 0.94, 1.18, 1.87, 1.6, 1.11, 1.29, 1.82, 1.47, 1.57, 1.99, 2.06, 2.05, 1.91, 1.95, 1.94, 2.0, 2.81, 3.07, 3.41, 2.81, 2.07, 1.95, 2.05, 2.42, 3.56, 3.49, 2.66, 1.85, 1.47, 1.67, 1.6, 1.72, 1.96, 1.73, 1.61, 1.87, 1.58, 1.47, 1.29, 1.18, 1.06, 1.74, 1.23, 1.32, 1.58, 1.64, 1.58, 2.02, 2.6, 2.98, 2.95, 3.07, 2.95, 2.71, 4.09, 4.95, 5.2, 5.13, 4.72, 4.48, 4.58, 4.8], [7.68, 7.95, 7.41, 6.9, 6.8, 6.57, 6.44, 6.57, 5.87, 3.94, 2.53, 1.66, 1.5, 1.67, 1.26, 1.86, 2.64, 2.99, 2.92, 2.37, 1.63, 1.39, 0.94, 0.94, 0, 1.62, 2.47, 2.22, 1.61, 1.65, 2.12, 1.89, 2.03, 2.41, 2.5, 2.43, 2.39, 2.49, 2.52, 2.5, 3.31, 3.61, 3.99, 3.41, 2.63, 2.09, 1.93, 2.1, 3.12, 3.13, 2.56, 1.99, 1.45, 1.79, 1.78, 2.04, 2.24, 1.51, 1.35, 1.45, 1.42, 1.43, 1.17, 1.2, 1.5, 2.32, 1.73, 1.76, 2.18, 2.24, 2.1, 2.56, 3.14, 3.58, 3.49, 3.57, 3.49, 3.31, 4.63, 5.57, 5.84, 5.75, 5.32, 5.08, 5.2, 5.42], [6.1, 6.37, 5.83, 5.38, 5.52, 5.29, 5.2, 5.23, 4.49, 2.44, 1.33, 1.14, 1.94, 2.39, 2.2, 3.38, 4.12, 4.45, 4.4, 3.884, 3.164, 2.824, 1.58, 1.18, 1.62, 0, 1.25, 1.28, 0.99, 1.07, 1.5, 1.07, 1.11, 1.29, 1.36, 1.55, 1.19, 1.07, 1.14, 1.02, 1.73, 2.03, 2.43, 1.89, 1.55, 1.79, 1.95, 2.48, 3.7, 3.57, 2.38, 1.73, 1.65, 1.51, 1.4, 1.5, 1.44, 1.83, 1.95, 2.01, 1.36, 1.37, 1.69, 1.32, 1.02, 1.1, 1.05, 1.3, 1.2, 1.1, 1.2, 1.36, 1.76, 2.22, 2.17, 2.21, 2.09, 1.97, 3.21, 4.11, 4.34, 4.25, 3.8, 3.54, 3.62, 3.86], [5.23, 5.5, 4.98, 4.71, 4.87, 4.64, 4.59, 4.6, 3.86, 2.03, 1.68, 1.67, 2.59, 3.06, 2.85, 4.07, 4.821, 5.18, 5.101, 4.611, 3.891, 3.531, 2.23, 1.87, 2.47, 1.25, 0, 0.89, 1.12, 1.62, 1.59, 1.22, 1.18, 1.08, 1.31, 1.24, 1.04, 1.04, 1.19, 1.19, 1.42, 1.42, 1.76, 1.34, 1.38, 2.2, 2.5, 3.01, 4.17, 4.02, 2.77, 2.22, 2.32, 2.08, 1.95, 1.83, 1.35, 2.44, 2.66, 2.74, 2.01, 2.18, 2.38, 1.91, 1.47, 0.87, 1.1, 1.57, 1.03, 0.91, 1.09, 1.19, 1.13, 1.55, 1.5, 1.7, 1.7, 1.66, 2.64, 3.48, 3.59, 3.4, 2.97, 2.73, 2.91, 3.09], [5.62, 5.89, 5.31, 4.84, 4.92, 4.69, 4.54, 4.55, 3.93, 2.14, 1.47, 1.46, 2.3, 2.79, 2.5, 3.68, 4.46, 4.85, 4.78, 4.31, 3.57, 3.175, 1.98, 1.6, 2.22, 1.28, 0.89, 0, 0.87, 1.47, 1.7, 1.23, 1.05, 1.13, 1.42, 1.27, 1.01, 1.19, 1.46, 1.44, 1.91, 1.97, 2.15, 1.79, 1.31, 2.13, 2.41, 2.8, 3.98, 3.81, 2.58, 2.05, 2.03, 1.77, 1.76, 1.6, 1.44, 2.27, 2.49, 2.63, 2.1, 2.13, 2.11, 1.88, 1.3, 0.8, 1.17, 1.76, 1.26, 1.08, 1.2, 1.3, 1.46, 2.0, 1.61, 1.61, 1.67, 1.65, 2.75, 3.71, 3.86, 3.71, 3.26, 3.12, 3.28, 3.46], [6.21, 6.48, 5.94, 5.45, 5.45, 5.14, 5.03, 5.08, 4.4, 2.49, 1.56, 1.15, 1.93, 2.44, 1.95, 3.11, 3.93, 4.28, 4.19, 3.68, 2.96, 2.62, 1.51, 1.11, 1.61, 0.99, 1.12, 0.87, 0, 0.9, 1.47, 0.9, 0.84, 1.06, 1.29, 1.28, 1.14, 1.24, 1.43, 1.39, 1.98, 2.24, 2.54, 2.04, 1.36, 1.84, 2.16, 2.57, 3.69, 3.58, 2.45, 1.84, 1.7, 1.62, 1.47, 1.59, 1.53, 2.0, 2.0, 2.18, 1.71, 1.66, 1.74, 1.49, 1.01, 1.09, 1.0, 1.47, 1.21, 1.15, 1.21, 1.49, 1.75, 2.25, 2.04, 2.14, 2.1, 2.12, 3.2, 4.08, 4.37, 4.3, 3.87, 3.63, 3.73, 3.91], [6.21, 6.48, 5.94, 5.45, 5.29, 5.02, 4.91, 5.02, 4.36, 2.61, 1.92, 1.29, 2.05, 2.54, 2.05, 3.15, 3.91, 4.26, 4.17, 3.68, 2.98, 2.64, 1.57, 1.29, 1.65, 1.07, 1.62, 1.47, 0.9, 0, 0.99, 1.12, 1.26, 1.28, 1.33, 1.62, 1.46, 1.52, 1.49, 1.59, 2.0, 2.3, 2.56, 2.06, 2.02, 2.34, 2.5, 2.87, 3.97, 3.96, 2.83, 2.16, 1.82, 1.76, 1.79, 1.95, 1.77, 1.96, 2.0, 2.14, 1.53, 1.54, 1.8, 1.57, 1.27, 1.57, 1.28, 1.63, 1.55, 1.57, 1.13, 1.21, 1.71, 2.17, 2.04, 2.08, 1.96, 1.78, 3.14, 4.06, 4.35, 4.28, 3.87, 3.63, 3.71, 3.93], [5.84, 6.11, 5.59, 5.1, 5.04, 4.81, 4.7, 4.89, 4.13, 2.44, 2.17, 1.9, 2.48, 3.07, 2.7, 3.72, 4.34, 4.67, 4.551, 4.061, 3.41, 3.13, 2.12, 1.82, 2.12, 1.5, 1.59, 1.7, 1.47, 0.99, 0, 1.39, 1.57, 1.33, 1.46, 1.77, 1.55, 1.61, 1.76, 1.8, 2.13, 2.19, 2.41, 2.05, 2.29, 2.79, 2.97, 3.24, 4.44, 4.35, 3.08, 2.51, 2.15, 2.17, 2.12, 2.18, 1.52, 2.07, 2.23, 2.31, 1.74, 1.73, 2.09, 2.08, 1.82, 1.84, 1.47, 1.72, 1.8, 1.72, 1.2, 1.2, 1.48, 1.82, 1.81, 1.79, 1.83, 1.77, 2.91, 3.83, 4.12, 3.97, 3.54, 3.36, 3.42, 3.64], [5.81, 6.1, 5.58, 5.15, 5.13, 4.92, 4.81, 4.92, 4.22, 2.25, 1.34, 1.15, 2.15, 2.78, 2.35, 3.55, 4.35, 4.7, 4.61, 4.112, 3.4, 3.06, 1.77, 1.47, 1.89, 1.07, 1.22, 1.23, 0.9, 1.12, 1.39, 0, 0.6, 0.72, 1.03, 1.28, 0.9, 1.1, 1.25, 1.37, 1.7, 1.84, 2.16, 1.64, 1.26, 1.66, 2.0, 2.67, 3.65, 3.48, 2.31, 1.82, 1.92, 1.72, 1.67, 1.61, 1.47, 2.12, 2.18, 2.38, 1.65, 1.72, 2.0, 1.79, 1.17, 1.09, 1.1, 1.65, 1.39, 0.99, 1.23, 1.43, 1.63, 2.05, 1.84, 1.98, 2.1, 2.12, 2.92, 3.8, 4.11, 4.0, 3.61, 3.43, 3.51, 3.69], [5.69, 5.98, 5.44, 5.03, 5.09, 4.88, 4.77, 4.84, 4.18, 2.17, 1.3, 1.31, 2.25, 2.84, 2.35, 3.61, 4.41, 4.76, 4.67, 4.18, 3.452, 3.12, 1.89, 1.57, 2.03, 1.11, 1.18, 1.05, 0.84, 1.26, 1.57, 0.6, 0, 0.7, 1.17, 1.28, 0.98, 1.06, 1.33, 1.45, 1.8, 1.98, 2.14, 1.66, 1.0, 1.66, 2.14, 2.73, 3.81, 3.52, 2.37, 1.88, 1.98, 1.76, 1.69, 1.59, 1.39, 2.16, 2.3, 2.42, 1.79, 1.78, 2.0, 1.77, 1.11, 0.95, 1.16, 1.65, 1.35, 1.07, 1.33, 1.51, 1.63, 1.97, 1.66, 1.82, 1.98, 2.08, 2.82, 3.68, 3.99, 3.88, 3.47, 3.31, 3.41, 3.55], [5.31, 5.58, 5.04, 4.55, 4.55, 4.34, 4.23, 4.3, 3.68, 1.77, 1.26, 1.45, 2.41, 3.02, 2.67, 3.97, 4.759, 5.1, 5.019, 4.569, 3.849, 3.48, 2.19, 1.99, 2.41, 1.29, 1.08, 1.13, 1.06, 1.28, 1.33, 0.72, 0.7, 0, 0.75, 1.02, 0.78, 1.04, 1.33, 1.39, 1.56, 1.62, 1.76, 1.4, 1.24, 1.86, 2.28, 2.93, 3.89, 3.6, 2.43, 2.02, 2.14, 1.92, 1.85, 1.69, 1.47, 2.36, 2.46, 2.62, 1.85, 1.94, 2.36, 2.01, 1.43, 1.03, 1.38, 1.97, 1.49, 1.25, 1.23, 1.23, 1.17, 1.61, 1.34, 1.44, 1.64, 1.66, 2.36, 3.24, 3.53, 3.44, 2.99, 2.97, 3.13, 3.23], [5.38, 5.65, 5.11, 4.62, 4.42, 4.13, 4.02, 4.19, 3.51, 1.72, 1.27, 1.28, 2.14, 2.77, 2.7, 4.06, 4.86, 5.19, 5.103, 4.63, 3.91, 3.59, 2.34, 2.06, 2.5, 1.36, 1.31, 1.42, 1.29, 1.33, 1.46, 1.03, 1.17, 0.75, 0, 0.83, 0.87, 1.01, 1.26, 1.36, 1.37, 1.61, 1.87, 1.59, 1.59, 2.05, 2.25, 2.78, 3.7, 3.59, 2.32, 1.83, 1.99, 1.73, 1.72, 1.8, 1.58, 2.49, 2.65, 2.67, 1.96, 2.25, 2.59, 2.26, 1.74, 1.48, 1.73, 2.22, 1.8, 1.62, 1.44, 1.28, 1.3, 1.76, 1.63, 1.43, 1.57, 1.73, 2.37, 3.37, 3.58, 3.47, 3.12, 3.02, 3.08, 3.12], [5.57, 5.84, 5.3, 4.77, 4.51, 4.2, 4.07, 4.28, 3.6, 1.79, 1.06, 1.37, 2.05, 2.58, 2.51, 3.87, 4.69, 5.0, 4.916, 4.44, 3.74, 3.46, 2.25, 2.05, 2.43, 1.55, 1.24, 1.27, 1.28, 1.62, 1.77, 1.28, 1.28, 1.02, 0.83, 0, 0.78, 1.12, 1.35, 1.37, 1.56, 1.72, 2.0, 1.68, 1.54, 1.92, 2.1, 2.61, 3.55, 3.46, 2.23, 1.58, 1.94, 1.74, 1.67, 1.59, 1.63, 2.52, 2.62, 2.76, 2.25, 2.46, 2.6, 2.23, 1.77, 1.33, 1.84, 2.27, 1.93, 1.63, 1.71, 1.49, 1.61, 2.17, 1.96, 1.76, 1.8, 1.8, 2.56, 3.64, 3.71, 3.7, 3.35, 3.19, 3.29, 3.39], [5.37, 5.64, 5.12, 4.57, 4.51, 4.26, 4.19, 4.3, 3.58, 1.65, 0.94, 1.33, 2.13, 2.8, 2.65, 4.01, 4.796, 5.14, 5.056, 4.566, 3.86, 3.54, 2.23, 1.91, 2.39, 1.19, 1.04, 1.01, 1.14, 1.46, 1.55, 0.9, 0.98, 0.78, 0.87, 0.78, 0, 0.8, 1.17, 1.13, 1.44, 1.56, 1.8, 1.48, 1.36, 1.86, 2.18, 2.65, 3.77, 3.6, 2.31, 1.78, 1.88, 1.76, 1.69, 1.63, 1.49, 2.48, 2.6, 2.74, 2.05, 2.16, 2.44, 2.05, 1.57, 1.09, 1.58, 1.97, 1.61, 1.33, 1.33, 1.31, 1.35, 1.87, 1.66, 1.54, 1.52, 1.6, 2.38, 3.3, 3.49, 3.46, 3.03, 2.93, 3.05, 3.17], [5.21, 5.5, 4.98, 4.57, 4.73, 4.52, 4.49, 4.52, 3.7, 1.91, 1.44, 1.51, 2.29, 2.94, 2.81, 4.17, 4.956, 5.3, 5.216, 4.726, 4.006, 3.666, 2.35, 1.95, 2.49, 1.07, 1.04, 1.19, 1.24, 1.52, 1.61, 1.1, 1.06, 1.04, 1.01, 1.12, 0.8, 0, 0.77, 0.83, 1.12, 1.28, 1.54, 1.24, 1.38, 2.02, 2.26, 2.81, 3.99, 3.86, 2.55, 2.08, 2.06, 1.82, 1.73, 1.63, 1.25, 2.44, 2.62, 2.7, 1.79, 2.1, 2.46, 1.99, 1.43, 1.05, 1.4, 1.75, 1.27, 1.03, 1.21, 0.95, 1.13, 1.63, 1.54, 1.66, 1.56, 1.56, 2.46, 3.26, 3.55, 3.4, 3.01, 2.75, 2.89, 3.03], [5.24, 5.53, 5.07, 4.8, 4.98, 4.75, 4.76, 4.79, 3.97, 2.18, 1.63, 1.6, 2.4, 2.85, 2.8, 4.16, 4.946, 5.29, 5.22, 4.716, 3.996, 3.67, 2.36, 1.94, 2.52, 1.14, 1.19, 1.46, 1.43, 1.49, 1.76, 1.25, 1.33, 1.33, 1.26, 1.35, 1.17, 0.77, 0, 0.58, 0.99, 1.27, 1.51, 1.17, 1.37, 1.87, 2.13, 2.78, 3.92, 3.79, 2.58, 2.01, 2.05, 1.75, 1.8, 1.64, 1.44, 2.39, 2.63, 2.69, 1.78, 2.01, 2.41, 1.98, 1.46, 1.1, 1.37, 1.6, 1.26, 1.1, 1.08, 1.14, 1.42, 1.92, 1.87, 1.87, 1.87, 1.77, 2.77, 3.61, 3.66, 3.59, 3.2, 2.9, 3.0, 3.18], [5.36, 5.67, 5.21, 4.88, 5.08, 4.87, 4.82, 4.83, 4.05, 2.12, 1.55, 1.54, 2.38, 2.85, 2.84, 4.197, 4.98, 5.33, 5.26, 4.75, 4.03, 3.69, 2.38, 2.0, 2.5, 1.02, 1.19, 1.44, 1.39, 1.59, 1.8, 1.37, 1.45, 1.39, 1.36, 1.37, 1.13, 0.83, 0.58, 0, 0.93, 1.15, 1.55, 1.19, 1.23, 1.77, 2.13, 2.74, 3.86, 3.69, 2.52, 1.95, 2.03, 1.79, 1.82, 1.62, 1.5, 2.43, 2.71, 2.75, 1.86, 2.05, 2.45, 1.96, 1.42, 1.1, 1.41, 1.6, 1.16, 1.2, 1.24, 1.22, 1.56, 2.1, 2.03, 2.01, 1.91, 1.87, 2.81, 3.81, 3.82, 3.77, 3.38, 3.1, 3.2, 3.4], [4.67, 4.98, 4.52, 4.41, 4.61, 4.38, 4.37, 4.38, 3.6, 1.85, 1.8, 2.23, 3.11, 3.62, 3.69, 5.027, 5.81, 6.157, 6.07, 5.58, 4.86, 4.52, 3.207, 2.81, 3.31, 1.73, 1.42, 1.91, 1.98, 2.0, 2.13, 1.7, 1.8, 1.56, 1.37, 1.56, 1.44, 1.12, 0.99, 0.93, 0, 0.76, 1.0, 0.9, 1.5, 2.14, 2.62, 3.43, 4.31, 4.0, 2.75, 2.34, 2.76, 2.46, 2.43, 2.17, 1.95, 3.14, 3.46, 3.48, 2.57, 2.8, 3.28, 2.77, 2.23, 1.61, 2.0, 2.31, 1.69, 1.67, 1.65, 1.43, 1.41, 1.81, 1.82, 1.82, 1.82, 1.88, 2.58, 3.5, 3.45, 3.36, 3.01, 2.71, 2.69, 2.87], [4.41, 4.78, 4.34, 4.21, 4.43, 4.2, 4.17, 4.22, 3.38, 1.61, 1.82, 2.461, 3.33, 3.84, 3.918, 5.278, 6.061, 6.408, 6.321, 5.831, 5.111, 4.771, 3.458, 3.07, 3.61, 2.03, 1.42, 1.97, 2.24, 2.3, 2.19, 1.84, 1.98, 1.62, 1.61, 1.72, 1.56, 1.28, 1.27, 1.15, 0.76, 0, 0.7, 0.7, 1.48, 2.1, 2.66, 3.57, 4.47, 3.98, 2.85, 2.5, 2.98, 2.64, 2.67, 2.29, 2.01, 3.38, 3.72, 3.76, 2.83, 3.08, 3.56, 3.03, 2.45, 1.71, 2.2, 2.59, 1.89, 1.75, 1.85, 1.49, 1.47, 1.87, 1.9, 1.88, 1.96, 2.06, 2.56, 3.24, 3.13, 2.98, 2.73, 2.79, 2.75, 2.91], [4.05, 4.44, 4.02, 3.91, 4.11, 3.88, 3.89, 4.02, 3.26, 1.59, 2.06, 2.815, 3.69, 4.2, 4.264, 5.624, 6.407, 6.754, 6.667, 6.177, 5.457, 5.117, 3.804, 3.41, 3.99, 2.43, 1.76, 2.15, 2.54, 2.56, 2.41, 2.16, 2.14, 1.76, 1.87, 2.0, 1.8, 1.54, 1.51, 1.55, 1.0, 0.7, 0, 0.92, 1.66, 2.34, 3.0, 3.97, 4.85, 4.24, 3.15, 2.86, 3.32, 3.04, 3.03, 2.65, 2.31, 3.78, 4.08, 4.1, 3.17, 3.42, 3.9, 3.39, 2.81, 1.95, 2.48, 2.93, 2.21, 2.15, 2.17, 1.71, 1.51, 1.67, 1.78, 1.64, 1.72, 1.88, 2.26, 2.88, 2.81, 2.7, 2.33, 2.47, 2.45, 2.55], [4.59, 4.92, 4.46, 4.27, 4.47, 4.26, 4.25, 4.32, 3.54, 1.85, 1.82, 2.269, 3.23, 3.7, 3.67, 5.004, 5.787, 6.134, 6.067, 5.577, 4.857, 4.497, 3.19, 2.81, 3.41, 1.89, 1.34, 1.79, 2.04, 2.06, 2.05, 1.64, 1.66, 1.4, 1.59, 1.68, 1.48, 1.24, 1.17, 1.19, 0.9, 0.7, 0.92, 0, 1.26, 2.18, 2.66, 3.55, 4.49, 4.08, 2.93, 2.62, 2.94, 2.56, 2.57, 2.25, 1.97, 3.2, 3.5, 3.56, 2.65, 2.84, 3.3, 2.83, 2.21, 1.53, 2.08, 2.35, 1.77, 1.61, 1.71, 1.39, 1.27, 1.65, 1.68, 1.7, 1.8, 1.9, 2.42, 3.2, 3.17, 2.98, 2.67, 2.67, 2.77, 2.85], [5.23, 5.54, 5.12, 4.83, 4.99, 4.78, 4.69, 4.72, 4.06, 2.05, 1.5, 1.79, 2.55, 3.16, 2.89, 4.227, 5.01, 5.36, 5.29, 4.82, 4.08, 3.72, 2.47, 2.07, 2.63, 1.55, 1.38, 1.31, 1.36, 2.02, 2.29, 1.26, 1.0, 1.24, 1.59, 1.54, 1.36, 1.38, 1.37, 1.23, 1.5, 1.48, 1.66, 1.26, 0, 1.36, 2.04, 2.89, 3.83, 3.32, 2.31, 2.02, 2.28, 1.94, 1.97, 1.63, 1.73, 2.5, 2.74, 2.86, 2.27, 2.42, 2.52, 2.17, 1.55, 1.13, 1.42, 1.87, 1.45, 1.37, 1.73, 1.77, 1.93, 2.29, 2.04, 2.12, 2.22, 2.44, 2.9, 3.6, 3.75, 3.66, 3.35, 3.47, 3.57, 3.63], [5.87, 6.18, 5.72, 5.31, 5.39, 5.2, 5.09, 5.16, 4.46, 2.45, 1.7, 2.01, 2.21, 2.32, 2.49, 3.55, 4.339, 4.68, 4.599, 4.109, 3.4, 3.06, 2.07, 1.95, 2.09, 1.79, 2.2, 2.13, 1.84, 2.34, 2.79, 1.66, 1.66, 1.86, 2.05, 1.92, 1.86, 2.02, 1.87, 1.77, 2.14, 2.1, 2.34, 2.18, 1.36, 0, 1.04, 1.95, 2.77, 2.16, 1.69, 1.32, 1.88, 1.68, 1.69, 1.45, 2.07, 2.4, 2.54, 2.7, 2.59, 2.68, 2.46, 1.71, 1.65, 1.85, 2.12, 2.43, 2.19, 2.13, 2.59, 2.65, 2.75, 3.21, 3.04, 2.86, 2.94, 3.08, 3.58, 4.4, 4.43, 4.46, 4.13, 4.23, 4.27, 4.39], [6.53, 6.8, 6.24, 5.81, 5.81, 5.6, 5.49, 5.62, 4.92, 2.95, 2.08, 2.05, 1.75, 1.66, 1.97, 2.89, 3.61, 3.94, 3.87, 3.38, 2.66, 2.38, 1.75, 2.05, 1.93, 1.95, 2.5, 2.41, 2.16, 2.5, 2.97, 2.0, 2.14, 2.28, 2.25, 2.1, 2.18, 2.26, 2.13, 2.13, 2.62, 2.66, 3.0, 2.66, 2.04, 1.04, 0, 1.21, 2.07, 1.78, 1.53, 1.26, 1.62, 1.54, 1.63, 1.49, 2.27, 2.34, 2.36, 2.24, 2.37, 2.62, 2.26, 1.91, 1.85, 2.25, 2.4, 2.55, 2.59, 2.37, 2.75, 2.83, 3.01, 3.65, 3.46, 3.22, 3.26, 3.36, 4.0, 4.96, 4.99, 4.88, 4.57, 4.55, 4.63, 4.71], [7.18, 7.45, 6.95, 6.44, 6.3, 6.05, 5.9, 6.17, 5.61, 3.8, 2.91, 2.48, 1.72, 1.57, 1.94, 2.6, 3.1, 3.27, 3.171, 2.71, 2.19, 2.13, 2.1, 2.42, 2.1, 2.48, 3.01, 2.8, 2.57, 2.87, 3.24, 2.67, 2.73, 2.93, 2.78, 2.61, 2.65, 2.81, 2.78, 2.74, 3.43, 3.57, 3.97, 3.55, 2.89, 1.95, 1.21, 0, 1.34, 1.47, 1.72, 1.49, 1.51, 1.47, 1.5, 1.78, 2.44, 2.45, 2.53, 2.27, 2.66, 2.99, 2.57, 2.24, 2.38, 2.86, 2.97, 3.14, 3.08, 2.86, 3.14, 3.14, 3.48, 4.14, 3.91, 3.65, 3.69, 3.85, 4.45, 5.73, 5.88, 5.61, 5.28, 5.18, 5.22, 5.36], [7.78, 8.03, 7.57, 7.06, 6.76, 6.53, 6.4, 6.63, 6.03, 4.44, 3.69, 3.52, 2.68, 2.21, 2.76, 3.14, 3.24, 3.11, 2.88, 2.65, 2.59, 2.91, 3.18, 3.56, 3.12, 3.7, 4.17, 3.98, 3.69, 3.97, 4.44, 3.65, 3.81, 3.89, 3.7, 3.55, 3.77, 3.99, 3.92, 3.86, 4.31, 4.47, 4.85, 4.49, 3.83, 2.77, 2.07, 1.34, 0, 1.67, 2.28, 2.21, 2.61, 2.49, 2.58, 2.9, 3.62, 3.49, 3.47, 3.17, 3.66, 4.09, 3.63, 3.38, 3.6, 4.02, 4.17, 4.36, 4.28, 4.06, 4.38, 4.28, 4.48, 5.16, 4.99, 4.65, 4.69, 4.85, 5.37, 6.65, 6.72, 6.49, 6.24, 6.18, 6.14, 6.28], [6.21, 6.44, 5.98, 5.49, 5.41, 5.4, 5.03, 5.22, 5.1, 3.65, 3.4, 3.49, 2.83, 2.42, 2.91, 3.57, 3.97, 4.24, 4.161, 3.68, 3.08, 3.12, 3.13, 3.49, 3.13, 3.57, 4.02, 3.81, 3.58, 3.96, 4.35, 3.48, 3.52, 3.6, 3.59, 3.46, 3.6, 3.86, 3.79, 3.69, 4.0, 3.98, 4.24, 4.08, 3.32, 2.16, 1.78, 1.47, 1.67, 0, 1.45, 1.92, 2.54, 2.32, 2.47, 2.55, 3.41, 3.44, 3.56, 3.24, 3.71, 4.06, 3.64, 3.33, 3.45, 3.83, 4.04, 4.25, 4.05, 3.87, 4.21, 4.13, 4.31, 4.85, 4.7, 4.44, 4.54, 4.76, 5.02, 6.02, 6.07, 5.92, 5.77, 5.97, 5.93, 6.05], [5.58, 5.83, 5.33, 4.82, 4.64, 4.55, 4.32, 4.51, 4.19, 2.64, 2.17, 2.3, 1.98, 2.05, 2.46, 3.82, 4.531, 4.878, 4.791, 4.301, 3.63, 3.31, 2.5, 2.66, 2.56, 2.38, 2.77, 2.58, 2.45, 2.83, 3.08, 2.31, 2.37, 2.43, 2.32, 2.23, 2.31, 2.55, 2.58, 2.52, 2.75, 2.85, 3.15, 2.93, 2.31, 1.69, 1.53, 1.72, 2.28, 1.45, 0, 1.07, 1.81, 1.35, 1.66, 1.74, 2.24, 2.53, 2.75, 2.49, 2.74, 3.03, 2.73, 2.82, 2.4, 2.58, 2.89, 3.14, 2.98, 2.68, 3.06, 3.0, 3.1, 3.76, 3.55, 3.27, 3.29, 3.47, 3.87, 5.03, 5.08, 4.91, 4.68, 4.74, 4.72, 4.84], [5.95, 6.2, 5.66, 5.17, 4.99, 4.74, 4.61, 4.78, 4.22, 2.45, 1.72, 1.63, 1.59, 1.74, 2.09, 3.341, 4.144, 4.471, 4.384, 3.894, 3.22, 2.92, 1.85, 1.85, 1.99, 1.73, 2.22, 2.05, 1.84, 2.16, 2.51, 1.82, 1.88, 2.02, 1.83, 1.58, 1.78, 2.08, 2.01, 1.95, 2.34, 2.5, 2.86, 2.62, 2.02, 1.32, 1.26, 1.49, 2.21, 1.92, 1.07, 0, 1.22, 0.92, 1.03, 1.07, 1.81, 2.06, 2.28, 2.08, 2.29, 2.5, 2.16, 1.97, 1.77, 2.09, 2.28, 2.53, 2.41, 2.17, 2.47, 2.41, 2.65, 3.29, 3.1, 2.76, 2.76, 2.92, 3.46, 4.74, 4.71, 4.56, 4.31, 4.21, 4.17, 4.31], [6.69, 6.96, 6.42, 5.93, 5.75, 5.52, 5.37, 5.56, 4.94, 3.15, 2.22, 1.73, 0.99, 1.46, 1.47, 2.65, 3.464, 3.771, 3.684, 3.194, 2.54, 2.34, 1.59, 1.47, 1.45, 1.65, 2.32, 2.03, 1.7, 1.82, 2.15, 1.92, 1.98, 2.14, 1.99, 1.94, 1.88, 2.06, 2.05, 2.03, 2.76, 2.98, 3.32, 2.94, 2.28, 1.88, 1.62, 1.51, 2.61, 2.54, 1.81, 1.22, 0, 0.86, 1.01, 1.27, 1.67, 1.36, 1.54, 1.5, 1.69, 1.8, 1.5, 1.39, 1.59, 2.19, 2.14, 2.13, 2.29, 2.11, 2.09, 2.29, 2.65, 3.37, 3.16, 2.98, 2.92, 2.92, 3.78, 4.88, 5.19, 5.0, 4.65, 4.53, 4.55, 4.67], [6.23, 6.5, 6.02, 5.51, 5.31, 5.16, 4.95, 5.14, 4.68, 2.87, 2.0, 1.55, 1.29, 1.62, 1.77, 3.078, 3.881, 4.208, 4.121, 3.651, 2.971, 2.68, 1.71, 1.67, 1.79, 1.51, 2.08, 1.77, 1.62, 1.76, 2.17, 1.72, 1.76, 1.92, 1.73, 1.74, 1.76, 1.82, 1.75, 1.79, 2.46, 2.64, 3.04, 2.56, 1.94, 1.68, 1.54, 1.47, 2.49, 2.32, 1.35, 0.92, 0.86, 0, 0.81, 1.09, 1.35, 1.5, 1.78, 1.7, 1.77, 2.1, 1.76, 1.81, 1.43, 1.85, 2.02, 2.21, 2.05, 1.83, 2.03, 1.99, 2.33, 3.05, 2.82, 2.6, 2.54, 2.64, 3.44, 4.68, 4.85, 4.58, 4.29, 4.13, 4.21, 4.35], [6.34, 6.61, 6.09, 5.58, 5.4, 5.21, 5.04, 5.25, 4.75, 2.96, 2.03, 1.56, 1.38, 1.67, 1.82, 3.04, 3.86, 4.17, 4.074, 3.584, 2.95, 2.77, 1.82, 1.6, 1.78, 1.4, 1.95, 1.76, 1.47, 1.79, 2.12, 1.67, 1.69, 1.85, 1.72, 1.67, 1.69, 1.73, 1.8, 1.82, 2.43, 2.67, 3.03, 2.57, 1.97, 1.69, 1.63, 1.5, 2.58, 2.47, 1.66, 1.03, 1.01, 0.81, 0, 0.82, 1.28, 1.55, 1.81, 1.85, 1.98, 2.27, 1.99, 1.58, 1.34, 1.72, 1.81, 2.08, 2.04, 1.74, 1.92, 1.96, 2.32, 3.02, 2.81, 2.61, 2.55, 2.73, 3.55, 4.75, 4.96, 4.73, 4.34, 4.16, 4.26, 4.36], [5.86, 6.15, 5.57, 5.1, 5.14, 5.05, 4.86, 4.93, 4.53, 2.62, 1.81, 1.74, 1.76, 2.13, 2.36, 3.471, 4.254, 4.601, 4.514, 4.084, 3.364, 3.004, 1.88, 1.72, 2.04, 1.5, 1.83, 1.6, 1.59, 1.95, 2.18, 1.61, 1.59, 1.69, 1.8, 1.59, 1.63, 1.63, 1.64, 1.62, 2.17, 2.29, 2.65, 2.25, 1.63, 1.45, 1.49, 1.78, 2.9, 2.55, 1.74, 1.07, 1.27, 1.09, 0.82, 0, 1.26, 1.77, 2.09, 2.03, 2.06, 2.31, 2.13, 1.48, 1.24, 1.52, 1.65, 1.94, 1.88, 1.54, 1.8, 1.88, 2.14, 2.86, 2.63, 2.43, 2.53, 2.59, 3.31, 4.43, 4.54, 4.35, 3.96, 3.94, 4.1, 4.16], [5.62, 5.91, 5.41, 5.02, 5.1, 4.97, 4.76, 4.87, 4.35, 2.4, 1.97, 1.86, 2.06, 2.47, 2.56, 3.76, 4.531, 4.878, 4.791, 4.301, 3.581, 3.41, 2.28, 1.96, 2.24, 1.44, 1.35, 1.44, 1.53, 1.77, 1.52, 1.47, 1.39, 1.47, 1.58, 1.63, 1.49, 1.25, 1.44, 1.5, 1.95, 2.01, 2.31, 1.97, 1.73, 2.07, 2.27, 2.44, 3.62, 3.41, 2.24, 1.81, 1.67, 1.35, 1.28, 1.26, 0, 1.83, 2.27, 2.07, 1.84, 2.07, 2.13, 1.78, 1.42, 1.22, 1.39, 1.8, 1.6, 1.42, 1.36, 1.44, 1.68, 2.2, 2.05, 2.05, 2.09, 2.07, 3.07, 4.15, 4.3, 4.05, 3.68, 3.44, 3.48, 3.68], [7.19, 7.48, 7.0, 6.49, 6.39, 6.28, 6.09, 6.22, 5.72, 3.95, 2.84, 2.03, 1.49, 1.88, 1.77, 2.33, 2.93, 3.26, 3.27, 2.96, 2.56, 2.38, 1.61, 1.73, 1.51, 1.83, 2.44, 2.27, 2.0, 1.96, 2.07, 2.12, 2.16, 2.36, 2.49, 2.52, 2.48, 2.44, 2.39, 2.43, 3.14, 3.38, 3.78, 3.2, 2.5, 2.4, 2.34, 2.45, 3.49, 3.44, 2.53, 2.06, 1.36, 1.5, 1.55, 1.77, 1.83, 0, 0.82, 1.06, 1.27, 1.34, 1.06, 1.33, 1.65, 2.29, 1.9, 1.61, 2.05, 1.99, 2.01, 2.31, 2.83, 3.33, 3.16, 3.26, 3.36, 3.26, 4.4, 5.44, 5.73, 5.52, 5.11, 4.97, 5.07, 5.29], [7.67, 7.94, 7.42, 6.85, 6.71, 6.58, 6.47, 6.6, 5.98, 4.11, 2.96, 2.13, 1.51, 1.78, 1.63, 1.89, 2.456, 2.8, 2.79, 2.44, 2.22, 1.98, 1.47, 1.61, 1.35, 1.95, 2.66, 2.49, 2.0, 2.0, 2.23, 2.18, 2.3, 2.46, 2.65, 2.62, 2.6, 2.62, 2.63, 2.71, 3.46, 3.72, 4.08, 3.5, 2.74, 2.54, 2.36, 2.53, 3.47, 3.56, 2.75, 2.28, 1.54, 1.78, 1.81, 2.09, 2.27, 0.82, 0, 0.74, 1.09, 1.2, 0.96, 1.35, 1.69, 2.41, 1.98, 1.71, 2.27, 2.19, 2.25, 2.59, 3.13, 3.45, 3.38, 3.54, 3.54, 3.4, 4.62, 5.58, 5.89, 5.74, 5.37, 5.15, 5.27, 5.51], [7.55, 7.82, 7.3, 6.79, 6.71, 6.52, 6.41, 6.46, 5.88, 3.97, 3.0, 2.29, 1.35, 1.68, 1.65, 2.09, 2.593, 2.94, 2.87, 2.44, 2.14, 1.88, 1.63, 1.87, 1.45, 2.01, 2.74, 2.63, 2.18, 2.14, 2.31, 2.38, 2.42, 2.62, 2.67, 2.76, 2.74, 2.7, 2.69, 2.75, 3.48, 3.76, 4.1, 3.56, 2.86, 2.7, 2.24, 2.27, 3.17, 3.24, 2.49, 2.08, 1.5, 1.7, 1.85, 2.03, 2.07, 1.06, 0.74, 0, 1.19, 1.38, 1.0, 1.59, 1.93, 2.59, 2.16, 1.83, 2.41, 2.37, 2.35, 2.69, 3.15, 3.55, 3.56, 3.56, 3.58, 3.48, 4.62, 5.64, 5.87, 5.76, 5.41, 5.15, 5.21, 5.41], [6.78, 7.05, 6.53, 5.98, 6.0, 5.89, 5.78, 5.83, 5.19, 3.32, 2.37, 1.66, 1.66, 2.05, 1.94, 2.64, 3.34, 3.67, 3.586, 3.196, 2.59, 2.21, 1.42, 1.58, 1.42, 1.36, 2.01, 2.1, 1.71, 1.53, 1.74, 1.65, 1.79, 1.85, 1.96, 2.25, 2.05, 1.79, 1.78, 1.86, 2.57, 2.83, 3.17, 2.65, 2.27, 2.59, 2.37, 2.66, 3.66, 3.71, 2.74, 2.29, 1.69, 1.77, 1.98, 2.06, 1.84, 1.27, 1.09, 1.19, 0, 0.85, 1.11, 1.4, 1.54, 1.86, 1.53, 1.42, 1.6, 1.64, 1.5, 1.72, 2.24, 2.54, 2.57, 2.73, 2.73, 2.57, 3.79, 4.69, 5.0, 4.87, 4.46, 4.24, 4.4, 4.64], [7.05, 7.32, 6.78, 6.23, 6.29, 6.18, 6.07, 6.12, 5.5, 3.49, 2.38, 1.87, 1.89, 2.44, 1.91, 2.59, 3.11, 3.38, 3.41, 3.08, 2.54, 2.28, 1.49, 1.47, 1.43, 1.37, 2.18, 2.13, 1.66, 1.54, 1.73, 1.72, 1.78, 1.94, 2.25, 2.46, 2.16, 2.1, 2.01, 2.05, 2.8, 3.08, 3.42, 2.84, 2.42, 2.68, 2.62, 2.99, 4.09, 4.06, 3.03, 2.5, 1.8, 2.1, 2.27, 2.31, 2.07, 1.34, 1.2, 1.38, 0.85, 0, 0.9, 1.29, 1.43, 1.93, 1.52, 1.05, 1.73, 1.79, 1.55, 2.05, 2.57, 2.75, 2.74, 3.0, 3.02, 2.78, 4.14, 5.0, 5.21, 5.1, 4.69, 4.49, 4.63, 4.87], [7.53, 7.8, 7.26, 6.71, 6.69, 6.56, 6.45, 6.52, 5.9, 3.93, 2.74, 1.85, 1.55, 1.94, 1.49, 2.03, 2.59, 3.0, 2.93, 2.54, 2.16, 1.84, 1.31, 1.29, 1.17, 1.69, 2.38, 2.11, 1.74, 1.8, 2.09, 2.0, 2.0, 2.36, 2.59, 2.6, 2.44, 2.46, 2.41, 2.45, 3.28, 3.56, 3.9, 3.3, 2.52, 2.46, 2.26, 2.57, 3.63, 3.64, 2.73, 2.16, 1.5, 1.76, 1.99, 2.13, 2.13, 1.06, 0.96, 1.0, 1.11, 0.9, 0, 1.19, 1.43, 2.13, 1.62, 1.35, 1.93, 1.95, 1.95, 2.49, 3.01, 3.31, 3.24, 3.42, 3.44, 3.28, 4.58, 5.46, 5.67, 5.54, 5.17, 4.95, 5.09, 5.33], [7.04, 7.31, 6.73, 6.2, 6.28, 6.15, 6.04, 6.09, 5.45, 3.44, 2.35, 1.76, 1.66, 1.89, 1.64, 2.32, 3.054, 3.39, 3.334, 3.01, 2.45, 2.11, 1.2, 1.18, 1.2, 1.32, 1.91, 1.88, 1.49, 1.57, 2.08, 1.79, 1.77, 2.01, 2.26, 2.23, 2.05, 1.99, 1.98, 1.96, 2.77, 3.03, 3.39, 2.83, 2.17, 1.71, 1.91, 2.24, 3.38, 3.33, 2.82, 1.97, 1.39, 1.81, 1.58, 1.48, 1.78, 1.33, 1.35, 1.59, 1.4, 1.29, 1.19, 0, 1.02, 1.64, 1.33, 1.38, 1.72, 1.66, 1.72, 2.18, 2.58, 2.96, 2.87, 3.01, 2.97, 2.77, 4.13, 5.01, 5.18, 5.05, 4.64, 4.42, 4.58, 4.82], [6.48, 6.75, 6.17, 5.7, 5.82, 5.69, 5.58, 5.63, 5.01, 2.98, 1.85, 1.18, 1.9, 2.33, 1.76, 2.92, 3.64, 3.99, 3.98, 3.627, 2.907, 2.527, 1.4, 1.06, 1.5, 1.02, 1.47, 1.3, 1.01, 1.27, 1.82, 1.17, 1.11, 1.43, 1.74, 1.77, 1.57, 1.43, 1.46, 1.42, 2.23, 2.45, 2.81, 2.21, 1.55, 1.65, 1.85, 2.38, 3.6, 3.45, 2.4, 1.77, 1.59, 1.43, 1.34, 1.24, 1.42, 1.65, 1.69, 1.93, 1.54, 1.43, 1.43, 1.02, 0, 0.98, 0.89, 1.16, 1.2, 1.08, 1.32, 1.7, 2.12, 2.5, 2.29, 2.53, 2.55, 2.43, 3.67, 4.53, 4.72, 4.59, 4.16, 3.94, 4.12, 4.32], [5.54, 5.83, 5.27, 4.88, 5.08, 4.95, 4.86, 4.87, 4.19, 2.18, 1.53, 1.5, 2.42, 2.89, 2.6, 3.8, 4.594, 4.93, 4.86, 4.504, 3.784, 3.404, 2.12, 1.74, 2.32, 1.1, 0.87, 0.8, 1.09, 1.57, 1.84, 1.09, 0.95, 1.03, 1.48, 1.33, 1.09, 1.05, 1.1, 1.1, 1.61, 1.71, 1.95, 1.53, 1.13, 1.85, 2.25, 2.86, 4.02, 3.83, 2.58, 2.09, 2.19, 1.85, 1.72, 1.52, 1.22, 2.29, 2.41, 2.59, 1.86, 1.93, 2.13, 1.64, 0.98, 0, 0.79, 1.36, 1.12, 0.92, 1.28, 1.34, 1.52, 1.84, 1.65, 1.83, 1.77, 1.67, 2.81, 3.75, 3.86, 3.73, 3.3, 3.06, 3.28, 3.42], [6.13, 6.42, 5.84, 5.41, 5.61, 5.5, 5.41, 5.42, 4.76, 2.71, 2.06, 1.51, 2.39, 2.9, 2.35, 3.25, 4.01, 4.36, 4.31, 3.92, 3.194, 2.814, 1.59, 1.23, 1.73, 1.05, 1.1, 1.17, 1.0, 1.28, 1.47, 1.1, 1.16, 1.38, 1.73, 1.84, 1.58, 1.4, 1.37, 1.41, 2.0, 2.2, 2.48, 2.08, 1.42, 2.12, 2.4, 2.97, 4.17, 4.04, 2.89, 2.28, 2.14, 2.02, 1.81, 1.65, 1.39, 1.9, 1.98, 2.16, 1.53, 1.52, 1.62, 1.33, 0.89, 0.79, 0, 0.91, 0.93, 0.99, 0.99, 1.43, 1.79, 2.07, 1.98, 2.34, 2.28, 2.06, 3.38, 4.2, 4.39, 4.26, 3.83, 3.59, 3.75, 3.99], [6.62, 6.91, 6.33, 6.02, 6.24, 6.11, 6.04, 6.05, 5.35, 3.32, 2.47, 1.82, 2.32, 2.91, 2.4, 3.16, 3.62, 3.89, 3.9, 3.57, 2.97, 2.67, 1.76, 1.32, 1.76, 1.3, 1.57, 1.76, 1.47, 1.63, 1.72, 1.65, 1.65, 1.97, 2.22, 2.27, 1.97, 1.75, 1.6, 1.6, 2.31, 2.59, 2.93, 2.35, 1.87, 2.43, 2.55, 3.14, 4.36, 4.25, 3.14, 2.53, 2.13, 2.21, 2.08, 1.94, 1.8, 1.61, 1.71, 1.83, 1.42, 1.05, 1.35, 1.38, 1.16, 1.36, 0.91, 0, 1.14, 1.28, 1.34, 1.9, 2.4, 2.48, 2.63, 2.99, 2.93, 2.67, 3.97, 4.79, 4.96, 4.81, 4.4, 4.14, 4.26, 4.5], [5.76, 6.07, 5.51, 5.32, 5.58, 5.47, 5.36, 5.35, 4.67, 2.84, 2.13, 1.76, 2.64, 3.11, 2.72, 3.74, 4.46, 4.81, 4.78, 4.338, 3.598, 3.178, 1.98, 1.58, 2.18, 1.2, 1.03, 1.26, 1.21, 1.55, 1.8, 1.39, 1.35, 1.49, 1.8, 1.93, 1.61, 1.27, 1.26, 1.16, 1.69, 1.89, 2.21, 1.77, 1.45, 2.19, 2.59, 3.08, 4.28, 4.05, 2.98, 2.41, 2.29, 2.05, 2.04, 1.88, 1.6, 2.05, 2.27, 2.41, 1.6, 1.73, 1.93, 1.72, 1.2, 1.12, 0.93, 1.14, 0, 0.7, 1.08, 1.32, 1.8, 1.98, 1.95, 2.31, 2.43, 2.27, 3.41, 4.15, 4.32, 4.07, 3.64, 3.44, 3.62, 3.84], [5.64, 5.93, 5.39, 5.12, 5.38, 5.27, 5.14, 5.15, 4.49, 2.62, 1.77, 1.56, 2.48, 2.97, 2.64, 3.713, 4.476, 4.85, 4.756, 4.372, 3.652, 3.272, 1.98, 1.64, 2.24, 1.1, 0.91, 1.08, 1.15, 1.57, 1.72, 0.99, 1.07, 1.25, 1.62, 1.63, 1.33, 1.03, 1.1, 1.2, 1.67, 1.75, 2.15, 1.61, 1.37, 2.13, 2.37, 2.86, 4.06, 3.87, 2.68, 2.17, 2.11, 1.83, 1.74, 1.54, 1.42, 1.99, 2.19, 2.37, 1.64, 1.79, 1.95, 1.66, 1.08, 0.92, 0.99, 1.28, 0.7, 0, 0.94, 1.2, 1.5, 1.82, 1.69, 2.09, 2.25, 2.13, 3.21, 3.95, 4.14, 3.89, 3.46, 3.3, 3.46, 3.7], [5.7, 5.97, 5.47, 5.02, 5.24, 5.07, 4.94, 4.91, 4.31, 2.46, 2.03, 1.54, 2.48, 2.99, 2.52, 3.64, 4.439, 4.79, 4.74, 4.246, 3.526, 3.189, 1.96, 1.58, 2.1, 1.2, 1.09, 1.2, 1.21, 1.13, 1.2, 1.23, 1.33, 1.23, 1.44, 1.71, 1.33, 1.21, 1.08, 1.24, 1.65, 1.85, 2.17, 1.71, 1.73, 2.59, 2.75, 3.14, 4.38, 4.21, 3.06, 2.47, 2.09, 2.03, 1.92, 1.8, 1.36, 2.01, 2.25, 2.35, 1.5, 1.55, 1.95, 1.72, 1.32, 1.28, 0.99, 1.34, 1.08, 0.94, 0, 0.78, 1.34, 1.84, 1.59, 1.87, 1.97, 1.79, 2.99, 3.85, 4.1, 3.93, 3.46, 3.3, 3.46, 3.7], [5.2, 5.47, 5.03, 4.54, 4.62, 4.43, 4.32, 4.33, 3.69, 2.0, 1.93, 1.72, 2.66, 3.11, 2.9, 4.14, 4.905, 5.27, 5.2, 4.715, 3.975, 3.635, 2.34, 2.02, 2.56, 1.36, 1.19, 1.3, 1.49, 1.21, 1.2, 1.43, 1.51, 1.23, 1.28, 1.49, 1.31, 0.95, 1.14, 1.22, 1.43, 1.49, 1.71, 1.39, 1.77, 2.65, 2.83, 3.14, 4.28, 4.13, 3.0, 2.41, 2.29, 1.99, 1.96, 1.88, 1.44, 2.31, 2.59, 2.69, 1.72, 2.05, 2.49, 2.18, 1.7, 1.34, 1.43, 1.9, 1.32, 1.2, 0.78, 0, 0.88, 1.46, 1.19, 1.37, 1.39, 1.33, 2.37, 3.33, 3.62, 3.43, 3.02, 2.84, 3.0, 3.2], [4.6, 4.89, 4.43, 3.96, 4.04, 3.87, 3.88, 3.95, 3.29, 1.8, 1.91, 2.16, 3.02, 3.59, 3.44, 4.714, 5.497, 5.844, 5.777, 5.307, 4.587, 4.207, 2.9, 2.6, 3.14, 1.76, 1.13, 1.46, 1.75, 1.71, 1.48, 1.63, 1.63, 1.17, 1.3, 1.61, 1.35, 1.13, 1.42, 1.56, 1.41, 1.47, 1.51, 1.27, 1.93, 2.75, 3.01, 3.48, 4.48, 4.31, 3.1, 2.65, 2.65, 2.33, 2.32, 2.14, 1.68, 2.83, 3.13, 3.15, 2.24, 2.57, 3.01, 2.58, 2.12, 1.52, 1.79, 2.4, 1.8, 1.5, 1.34, 0.88, 0, 0.88, 0.93, 1.07, 1.11, 1.21, 1.87, 2.71, 3.0, 2.85, 2.44, 2.24, 2.46, 2.62], [4.34, 4.63, 4.15, 3.72, 3.9, 3.81, 3.96, 4.15, 3.39, 2.12, 2.45, 2.76, 3.74, 4.23, 4.1, 5.1, 5.78, 6.107, 6.06, 5.73, 5.01, 4.63, 3.36, 2.98, 3.58, 2.22, 1.55, 2.0, 2.25, 2.17, 1.82, 2.05, 1.97, 1.61, 1.76, 2.17, 1.87, 1.63, 1.92, 2.1, 1.81, 1.87, 1.67, 1.65, 2.29, 3.21, 3.65, 4.14, 5.16, 4.85, 3.76, 3.29, 3.37, 3.05, 3.02, 2.86, 2.2, 3.33, 3.45, 3.55, 2.54, 2.75, 3.31, 2.96, 2.5, 1.84, 2.07, 2.48, 1.98, 1.82, 1.84, 1.46, 0.88, 0, 0.91, 1.07, 1.31, 1.37, 1.79, 2.49, 2.72, 2.57, 2.16, 2.06, 2.08, 2.32], [4.41, 4.68, 4.24, 3.67, 3.81, 3.72, 3.69, 3.84, 3.26, 1.93, 2.2, 2.47, 3.53, 4.08, 3.81, 4.952, 5.715, 6.08, 6.01, 5.639, 4.919, 4.545, 3.23, 2.95, 3.49, 2.17, 1.5, 1.61, 2.04, 2.04, 1.81, 1.84, 1.66, 1.34, 1.63, 1.96, 1.66, 1.54, 1.87, 2.03, 1.82, 1.9, 1.78, 1.68, 2.04, 3.04, 3.46, 3.91, 4.99, 4.7, 3.55, 3.1, 3.16, 2.82, 2.81, 2.63, 2.05, 3.16, 3.38, 3.56, 2.57, 2.74, 3.24, 2.87, 2.29, 1.65, 1.98, 2.63, 1.95, 1.69, 1.59, 1.19, 0.93, 0.91, 0, 0.88, 1.04, 1.18, 1.66, 2.56, 2.79, 2.56, 2.15, 2.09, 2.21, 2.39], [4.25, 4.52, 3.98, 3.49, 3.47, 3.34, 3.21, 3.4, 2.9, 1.63, 1.94, 2.49, 3.35, 3.76, 3.79, 5.046, 5.829, 6.176, 6.089, 5.653, 4.933, 4.599, 3.29, 3.07, 3.57, 2.21, 1.7, 1.61, 2.14, 2.08, 1.79, 1.98, 1.82, 1.44, 1.43, 1.76, 1.54, 1.66, 1.87, 2.01, 1.82, 1.88, 1.64, 1.7, 2.12, 2.86, 3.22, 3.65, 4.65, 4.44, 3.27, 2.76, 2.98, 2.6, 2.61, 2.43, 2.05, 3.26, 3.54, 3.56, 2.73, 3.0, 3.42, 3.01, 2.53, 1.83, 2.34, 2.99, 2.31, 2.09, 1.87, 1.37, 1.07, 1.07, 0.88, 0, 0.72, 1.0, 1.46, 2.46, 2.55, 2.4, 1.99, 1.97, 2.07, 2.27], [4.35, 4.62, 4.14, 3.57, 3.45, 3.26, 3.23, 3.4, 2.84, 1.63, 1.92, 2.47, 3.19, 3.6, 3.71, 4.97, 5.79, 6.12, 6.03, 5.54, 4.84, 4.52, 3.21, 2.95, 3.49, 2.09, 1.7, 1.67, 2.1, 1.96, 1.83, 2.1, 1.98, 1.64, 1.57, 1.8, 1.52, 1.56, 1.87, 1.91, 1.82, 1.96, 1.72, 1.8, 2.22, 2.94, 3.26, 3.69, 4.69, 4.54, 3.29, 2.76, 2.92, 2.54, 2.55, 2.53, 2.09, 3.36, 3.54, 3.58, 2.73, 3.02, 3.44, 2.97, 2.55, 1.77, 2.28, 2.93, 2.43, 2.25, 1.97, 1.39, 1.11, 1.31, 1.04, 0.72, 0, 0.66, 1.38, 2.46, 2.57, 2.4, 2.05, 1.85, 1.99, 2.21], [4.55, 4.82, 4.26, 3.77, 3.71, 3.5, 3.49, 3.58, 2.92, 1.75, 1.96, 2.45, 3.21, 3.6, 3.57, 4.75, 5.55, 5.88, 5.804, 5.374, 4.66, 4.3, 3.03, 2.71, 3.31, 1.97, 1.66, 1.65, 2.12, 1.78, 1.77, 2.12, 2.08, 1.66, 1.73, 1.8, 1.6, 1.56, 1.77, 1.87, 1.88, 2.06, 1.88, 1.9, 2.44, 3.08, 3.36, 3.85, 4.85, 4.76, 3.47, 2.92, 2.92, 2.64, 2.73, 2.59, 2.07, 3.26, 3.4, 3.48, 2.57, 2.78, 3.28, 2.77, 2.43, 1.67, 2.06, 2.67, 2.27, 2.13, 1.79, 1.33, 1.21, 1.37, 1.18, 1.0, 0.66, 0, 1.56, 2.6, 2.73, 2.62, 