[[0, 0.93, 1.57, 2.06, 2.52, 2.85, 2.85, 2.79, 2.38, 2.42, 2.76, 4.28, 5.29, 5.41, 6.63, 6.81, 5.997, 5.889, 6.25, 5.96, 5.77, 4.734, 4.53, 4.43, 4.817, 6.429, 7.039, 7.442, 7.16, 4.58, 3.3, 3.53, 4.08, 3.56, 3.34, 3.25, 3.86, 3.89, 3.93, 3.6, 3.99, 4.6, 4.46, 4.52, 4.5, 4.63, 4.73, 5.18, 5.796, 5.246, 4.37, 4.47, 4.67, 4.92, 4.36, 4.16, 4.93, 6.17, 6.942, 6.232, 5.673, 5.971, 4.759, 3.32, 3.18, 2.94, 3.86, 4.54, 4.16, 4.07, 4.68, 4.73, 4.73, 4.55, 4.25, 3.71, 3.52, 3.44, 3.4, 3.4, 3.47, 3.38, 3.79, 4.15, 4.44, 5.04], [0.93, 0, 1.12, 1.69, 2.25, 2.4, 2.42, 2.36, 2.15, 2.31, 2.73, 4.21, 5.18, 5.26, 6.42, 6.56, 5.862, 5.739, 6.06, 5.73, 5.54, 4.53, 4.38, 4.4, 4.61, 6.239, 6.789, 7.352, 7.03, 4.65, 3.35, 3.46, 3.95, 3.51, 3.19, 3.38, 3.97, 4.1, 4.2, 3.91, 4.28, 4.79, 4.57, 4.63, 4.63, 4.7, 4.78, 5.17, 5.83, 5.26, 4.4, 4.5, 4.8, 4.99, 4.49, 4.31, 5.06, 6.26, 6.872, 6.167, 5.653, 5.953, 4.692, 3.33, 3.15, 2.97, 3.93, 4.59, 4.19, 4.06, 4.69, 4.78, 4.82, 4.54, 4.36, 3.72, 3.55, 3.49, 3.39, 3.35, 3.46, 3.39, 3.7, 3.98, 4.29, 4.99], [1.57, 1.12, 0, 0.95, 1.39, 1.54, 1.54, 1.48, 1.37, 1.63, 2.05, 3.498, 4.48, 4.528, 5.66, 5.74, 5.17, 5.004, 5.234, 4.97, 4.76, 3.79, 3.66, 3.7, 3.91, 5.467, 6.046, 6.568, 6.313, 3.97, 2.75, 2.82, 3.07, 2.67, 2.43, 2.92, 3.41, 3.62, 3.78, 3.63, 4.16, 4.67, 4.35, 4.51, 4.57, 5.08, 5.4, 5.79, 6.39, 5.86, 4.9, 4.953, 5.2, 5.39, 4.85, 4.47, 5.16, 6.8, 7.587, 6.865, 6.345, 6.657, 5.14, 3.732, 3.435, 3.27, 4.15, 4.85, 4.65, 4.64, 5.27, 5.34, 5.22, 4.86, 4.52, 3.74, 3.23, 3.07, 2.79, 2.65, 2.8, 2.79, 3.06, 3.38, 3.67, 4.29], [2.06, 1.69, 0.95, 0, 0.96, 1.29, 1.35, 1.81, 1.52, 1.8, 2.4, 3.86, 4.81, 4.87, 6.01, 6.11, 5.54, 5.38, 5.59, 5.24, 5.09, 4.1, 3.81, 3.95, 4.22, 5.834, 6.344, 6.915, 6.628, 4.1, 2.8, 2.81, 3.22, 2.68, 2.38, 2.77, 3.2, 3.39, 3.71, 3.62, 4.01, 4.28, 3.94, 4.2, 4.16, 4.85, 5.11, 5.56, 6.18, 5.73, 4.69, 4.73, 4.93, 5.16, 4.6, 4.14, 4.81, 6.63, 7.412, 6.626, 6.26, 6.54, 4.986, 3.496, 3.238, 3.28, 3.86, 4.6, 4.46, 4.47, 5.04, 5.09, 5.01, 4.644, 4.31, 3.57, 3.0, 2.68, 2.32, 2.2, 2.59, 2.74, 3.11, 3.33, 3.46, 4.1], [2.52, 2.25, 1.39, 0.96, 0, 0.83, 0.93, 1.33, 1.34, 1.7, 2.14, 3.4, 4.37, 4.43, 5.59, 5.67, 5.1, 4.94, 5.15, 4.78, 4.63, 3.78, 3.41, 3.61, 3.8, 5.4, 5.95, 6.489, 6.2, 3.64, 2.9, 2.87, 3.06, 2.58, 2.36, 2.81, 3.36, 3.63, 3.89, 3.8, 4.35, 4.52, 4.38, 4.58, 4.64, 5.23, 5.51, 5.96, 6.58, 6.136, 5.11, 5.09, 5.33, 5.58, 5.0, 4.56, 5.19, 6.99, 7.852, 7.052, 6.718, 6.98, 5.451, 3.922, 3.678, 3.7, 4.32, 5.02, 4.8, 4.922, 5.459, 5.49, 5.43, 5.059, 4.73, 4.05, 3.36, 3.08, 2.48, 2.2, 2.63, 2.88, 3.25, 3.37, 3.54, 4.24], [2.85, 2.4, 1.54, 1.29, 0.83, 0, 0.76, 1.12, 1.23, 1.69, 1.97, 2.85, 3.74, 3.78, 4.94, 5.04, 4.49, 4.31, 4.56, 4.19, 4.04, 3.45, 3.18, 3.44, 3.43, 4.73, 5.22, 5.82, 5.53, 3.61, 3.09, 3.0, 3.03, 2.71, 2.53, 3.18, 3.67, 3.84, 4.16, 4.09, 4.74, 4.93, 4.79, 5.07, 5.17, 5.9, 6.22, 6.67, 7.258, 6.826, 5.82, 5.82, 6.08, 6.29, 5.71, 5.23, 5.86, 7.68, 8.502, 7.736, 7.375, 7.667, 6.13, 4.603, 4.345, 4.365, 4.97, 5.71, 5.53, 5.569, 6.141, 6.22, 6.14, 5.769, 5.42, 4.72, 3.99, 3.61, 3.07, 2.75, 3.1, 3.27, 3.6, 3.8, 3.93, 4.57], [2.85, 2.42, 1.54, 1.35, 0.93, 0.76, 0, 0.92, 1.11, 1.49, 1.77, 2.69, 3.66, 3.7, 4.82, 4.92, 4.35, 4.17, 4.38, 4.17, 3.96, 3.37, 3.08, 3.28, 3.31, 4.61, 5.18, 5.72, 5.43, 3.35, 2.81, 2.72, 2.83, 2.37, 2.21, 2.84, 3.35, 3.62, 3.9, 4.07, 4.72, 4.99, 4.87, 5.07, 5.19, 5.94, 6.266, 6.65, 7.261, 6.78, 5.786, 5.813, 6.04, 6.263, 5.67, 5.19, 5.82, 7.6, 8.462, 7.716, 7.333, 7.598, 6.098, 4.58, 4.295, 4.23, 4.93, 5.67, 5.506, 5.539, 6.109, 6.16, 6.086, 5.726, 5.38, 4.659, 3.87, 3.51, 2.95, 2.55, 2.72, 2.93, 3.24, 3.34, 3.55, 4.23], [2.79, 2.36, 1.48, 1.81, 1.33, 1.12, 0.92, 0, 0.81, 1.09, 1.45, 2.33, 3.24, 3.26, 4.38, 4.46, 3.93, 3.75, 3.96, 3.61, 3.46, 2.69, 2.52, 2.74, 2.79, 4.19, 4.78, 5.32, 5.03, 2.93, 2.61, 2.34, 2.31, 1.99, 1.91, 2.76, 3.43, 3.8, 4.04, 4.21, 5.0, 5.43, 5.35, 5.53, 5.73, 6.46, 6.72, 7.13, 7.73, 7.18, 6.24, 6.28, 6.5, 6.73, 6.15, 5.67, 6.32, 8.06, 8.85, 8.139, 7.628, 7.917, 6.423, 5.003, 4.655, 4.595, 5.39, 6.13, 5.986, 5.939, 6.57, 6.62, 6.52, 6.14, 5.78, 4.999, 4.29, 3.93, 3.41, 2.85, 2.82, 2.79, 3.02, 3.14, 3.31, 4.05], [2.38, 2.15, 1.37, 1.52, 1.34, 1.23, 1.11, 0.81, 0, 0.74, 1.2, 2.44, 3.41, 3.47, 4.63, 4.75, 4.18, 4.0, 4.19, 3.9, 3.73, 2.92, 2.73, 2.71, 2.84, 4.48, 4.97, 5.51, 5.24, 2.92, 2.66, 2.37, 2.34, 1.96, 1.8, 2.61, 3.34, 3.65, 3.89, 3.92, 4.59, 5.2, 5.14, 5.3, 5.42, 6.11, 6.478, 6.908, 7.528, 7.018, 6.037, 6.054, 6.31, 6.525, 5.92, 5.5, 6.11, 7.83, 8.73, 8.029, 7.502, 7.812, 6.301, 4.893, 4.556, 4.336, 5.2, 5.94, 5.748, 5.781, 6.431, 6.478, 6.358, 5.998, 5.681, 4.941, 4.18, 3.84, 3.36, 2.78, 2.85, 2.84, 3.13, 3.13, 3.3, 4.0], [2.42, 2.31, 1.63, 1.8, 1.7, 1.69, 1.49, 1.09, 0.74, 0, 0.66, 2.16, 3.15, 3.23, 4.41, 4.59, 3.92, 3.78, 4.03, 3.78, 3.53, 2.8, 2.71, 2.59, 2.76, 4.26, 4.87, 5.29, 5.0, 2.78, 2.74, 2.45, 2.28, 1.94, 1.78, 2.51, 3.38, 3.73, 3.93, 3.98, 4.69, 5.46, 5.34, 5.6, 5.72, 6.37, 6.726, 7.196, 7.816, 7.277, 6.297, 6.297, 6.557, 6.813, 6.16, 5.5, 6.23, 8.05, 9.013, 8.305, 7.771, 8.065, 6.572, 5.176, 4.865, 4.645, 5.38, 6.08, 6.036, 6.069, 6.719, 6.766, 6.646, 6.286, 5.926, 5.189, 4.48, 3.96, 3.46, 2.8, 2.87, 2.88, 3.13, 3.07, 3.34, 4.0], [2.76, 2.73, 2.05, 2.4, 2.14, 1.97, 1.77, 1.45, 1.2, 0.66, 0, 1.62, 2.71, 2.81, 4.11, 4.27, 3.52, 3.34, 3.73, 3.56, 3.33, 2.66, 2.59, 2.37, 2.52, 3.84, 4.45, 4.89, 4.54, 2.62, 2.88, 2.47, 2.22, 2.12, 1.96, 2.69, 3.54, 3.87, 4.07, 4.14, 4.95, 5.72, 5.68, 5.98, 6.14, 6.869, 7.246, 7.716, 8.327, 7.797, 6.837, 6.797, 7.057, 7.327, 6.671, 6.02, 6.69, 8.578, 9.533, 8.825, 8.282, 8.559, 7.089, 5.696, 5.405, 5.145, 5.859, 6.556, 6.556, 6.589, 7.239, 7.286, 7.186, 6.826, 6.446, 5.706, 4.913, 4.373, 3.8, 3.04, 3.09, 3.12, 3.31, 3.27, 3.58, 4.18], [4.28, 4.21, 3.498, 3.86, 3.4, 2.85, 2.69, 2.33, 2.44, 2.16, 1.62, 0, 1.37, 1.55, 2.61, 2.77, 2.2, 2.12, 2.79, 2.74, 2.33, 2.0, 2.23, 1.99, 1.76, 2.34, 2.97, 3.29, 3.02, 2.56, 3.38, 2.87, 2.16, 2.38, 2.44, 3.31, 4.12, 4.43, 4.81, 5.18, 6.29, 7.1, 7.2, 7.52, 7.7, 8.438, 8.798, 9.188, 9.799, 9.272, 8.32, 8.272, 8.532, 8.796, 8.133, 7.48, 8.13, 10.041, 11.005, 10.306, 9.756, 10.039, 8.57, 7.17, 6.868, 6.608, 7.322, 8.019, 8.019, 8.052, 8.702, 8.749, 8.649, 8.298, 7.921, 7.172, 6.356, 5.816, 5.176, 4.162, 3.85, 3.96, 4.07, 3.77, 4.0, 4.64], [5.29, 5.18, 4.48, 4.81, 4.37, 3.74, 3.66, 3.24, 3.41, 3.15, 2.71, 1.37, 0, 0.98, 1.72, 1.9, 1.69, 1.59, 2.16, 2.17, 1.64, 1.63, 1.86, 1.9, 1.53, 1.59, 2.32, 2.48, 2.59, 2.41, 3.83, 3.16, 2.39, 2.91, 3.19, 3.98, 4.55, 5.12, 5.58, 6.13, 7.24, 8.07, 8.17, 8.49, 8.65, 9.4, 9.765, 10.155, 10.752, 10.239, 9.282, 9.242, 9.499, 9.749, 9.103, 8.43, 9.08, 11.013, 11.958, 11.256, 10.718, 11.007, 9.54, 8.138, 7.821, 7.581, 8.295, 8.992, 8.992, 9.025, 9.67, 9.7, 9.622, 9.242, 8.865, 8.125, 7.309, 6.769, 6.129, 5.095, 4.645, 4.618, 4.648, 4.28, 4.29, 4.61], [5.41, 5.26, 4.528, 4.87, 4.43, 3.78, 3.7, 3.26, 3.47, 3.23, 2.81, 1.55, 0.98, 0, 1.34, 1.62, 1.25, 1.21, 1.64, 1.51, 1.14, 1.21, 1.5, 1.54, 1.29, 1.27, 1.98, 2.4, 2.09, 2.01, 3.89, 3.2, 2.33, 2.93, 3.23, 4.02, 4.61, 5.12, 5.7, 6.19, 7.28, 8.11, 8.23, 8.55, 8.71, 9.48, 9.851, 10.221, 10.812, 10.302, 9.348, 9.305, 9.559, 9.809, 9.163, 8.49, 9.14, 11.073, 12.018, 11.319, 10.787, 11.076, 9.611, 8.198, 7.861, 7.621, 8.335, 9.052, 9.052, 9.085, 9.73, 9.76, 9.682, 9.308, 8.931, 8.185, 7.369, 6.829, 6.189, 5.135, 4.691, 4.701, 4.708, 4.36, 4.31, 4.27], [6.63, 6.42, 5.66, 6.01, 5.59, 4.94, 4.82, 4.38, 4.63, 4.41, 4.11, 2.61, 1.72, 1.34, 0, 0.64, 1.27, 1.53, 1.72, 1.71, 1.56, 2.25, 2.62, 2.62, 2.27, 1.45, 1.9, 1.94, 1.95, 2.81, 4.93, 4.28, 3.41, 3.99, 4.33, 5.16, 5.73, 6.24, 6.82, 7.37, 8.46, 9.27, 9.39, 9.71, 9.87, 10.6, 10.974, 11.344, 11.864, 11.354, 10.434, 10.356, 10.605, 10.855, 10.21, 9.55, 10.22, 12.12, 13.07, 12.371, 11.842, 12.136, 10.666, 9.244, 8.927, 8.667, 9.421, 10.13, 10.118, 10.131, 10.79, 10.82, 10.748, 10.414, 10.017, 9.251, 8.435, 7.89, 7.25, 6.221, 5.76, 5.787, 5.734, 5.4, 5.39, 5.27], [6.81, 6.56, 5.74, 6.11, 5.67, 5.04, 4.92, 4.46, 4.75, 4.59, 4.27, 2.77, 1.9, 1.62, 0.64, 0, 1.11, 1.43, 1.76, 1.91, 1.82, 2.39, 2.78, 2.86, 2.49, 1.55, 1.96, 2.1, 2.23, 3.05, 5.03, 4.44, 3.65, 4.27, 4.61, 5.42, 5.95, 6.46, 7.0, 7.55, 8.6, 9.39, 9.49, 9.81, 9.99, 10.72, 11.08, 11.45, 11.964, 11.434, 10.514, 10.425, 10.679, 10.95, 10.29, 9.65, 10.32, 12.16, 13.17, 12.454, 11.919, 12.214, 10.735, 9.327, 9.01, 8.75, 9.49, 10.19, 10.181, 10.214, 10.884, 10.92, 10.82, 10.52, 10.137, 9.354, 8.51, 7.97, 7.33, 6.31, 5.86, 5.887, 5.88, 5.58, 5.57, 5.47], [5.997, 5.862, 5.17, 5.54, 5.1, 4.49, 4.35, 3.93, 4.18, 3.92, 3.52, 2.2, 1.69, 1.25, 1.27, 1.11, 0, 1.04, 1.65, 1.82, 1.55, 1.8, 2.25, 2.31, 2.2, 1.5, 2.25, 2.45, 2.16, 2.88, 4.46, 3.95, 3.2, 3.74, 4.06, 4.81, 5.42, 5.95, 6.47, 6.98, 8.07, 8.78, 8.86, 9.18, 9.38, 10.09, 10.464, 10.814, 11.391, 10.869, 9.961, 9.846, 10.086, 10.368, 9.725, 9.04, 9.73, 11.61, 12.585, 11.869, 11.343, 11.638, 10.15, 8.725, 8.46, 8.2, 8.954, 9.651, 9.611, 9.624, 10.234, 10.281, 10.221, 9.924, 9.498, 8.715, 7.928, 7.388, 6.78, 5.794, 5.31, 5.34, 5.37, 5.11, 5.1, 5.08], [5.889, 5.739, 5.004, 5.38, 4.94, 4.31, 4.17, 3.75, 4.0, 3.78, 3.34, 2.12, 1.59, 1.21, 1.53, 1.43, 1.04, 0, 1.07, 1.3, 1.07, 1.54, 1.99, 1.89, 1.84, 1.16, 1.87, 2.39, 2.12, 2.5, 4.28, 3.65, 2.84, 3.4, 3.74, 4.49, 5.1, 5.63, 6.23, 6.72, 7.87, 8.58, 8.7, 9.02, 9.22, 9.964, 10.344, 10.694, 11.259, 10.749, 9.829, 9.743, 9.983, 10.253, 9.605, 8.92, 9.59, 11.509, 12.465, 11.766, 11.24, 11.526, 10.05, 8.622, 8.317, 8.057, 8.811, 9.528, 9.488, 9.521, 10.131, 10.178, 10.118, 9.784, 9.378, 8.612, 7.813, 7.265, 6.66, 5.611, 5.124, 5.154, 5.17, 4.81, 4.78, 4.72], [6.25, 6.06, 5.234, 5.59, 5.15, 4.56, 4.38, 3.96, 4.19, 4.03, 3.73, 2.79, 2.16, 1.64, 1.72, 1.76, 1.65, 1.07, 0, 0.91, 1.16, 1.85, 2.12, 2.22, 2.15, 1.27, 1.84, 2.34, 2.09, 2.17, 4.57, 3.9, 2.89, 3.39, 3.77, 4.46, 5.19, 5.74, 6.36, 6.87, 7.98, 8.77, 8.89, 9.21, 9.41, 10.154, 10.554, 10.964, 11.552, 11.054, 10.082, 10.022, 10.262, 10.512, 9.898, 9.201, 9.86, 11.785, 12.758, 12.044, 11.527, 11.836, 10.325, 8.9, 8.592, 8.332, 9.046, 9.763, 9.763, 9.796, 10.406, 10.453, 10.393, 10.074, 9.651, 8.89, 8.092, 7.541, 6.901, 5.866, 5.377, 5.327, 5.359, 4.92, 4.75, 4.59], [5.96, 5.73, 4.97, 5.24, 4.78, 4.19, 4.17, 3.61, 3.9, 3.78, 3.56, 2.74, 2.17, 1.51, 1.71, 1.91, 1.82, 1.3, 0.91, 0, 0.85, 1.44, 1.81, 1.85, 1.78, 1.3, 1.91, 2.45, 2.04, 1.92, 4.22, 3.53, 2.42, 3.02, 3.4, 4.15, 4.82, 5.39, 6.01, 6.52, 7.63, 8.42, 8.54, 8.86, 9.06, 9.804, 10.184, 10.594, 11.182, 10.684, 9.712, 9.652, 9.892, 10.162, 9.528, 8.851, 9.51, 11.415, 12.388, 11.674, 11.177, 11.458, 9.961, 8.53, 8.222, 7.962, 8.676, 9.393, 9.393, 9.426, 10.056, 10.103, 10.023, 9.704, 9.301, 8.54, 7.731, 7.191, 6.551, 5.496, 5.027, 5.017, 4.969, 4.57, 4.36, 4.2], [5.77, 5.54, 4.76, 5.09, 4.63, 4.04, 3.96, 3.46, 3.73, 3.53, 3.33, 2.33, 1.64, 1.14, 1.56, 1.82, 1.55, 1.07, 1.16, 0.85, 0, 1.37, 1.74, 1.76, 1.43, 1.21, 2.06, 2.52, 2.21, 2.17, 4.03, 3.36, 2.39, 2.91, 3.29, 4.06, 4.73, 5.36, 5.96, 6.45, 7.6, 8.33, 8.41, 8.73, 8.93, 9.674, 10.054, 10.404, 10.989, 10.479, 9.539, 9.47, 9.71, 9.98, 9.335, 8.67, 9.32, 11.236, 12.195, 11.493, 10.979, 11.271, 9.78, 8.349, 8.044, 7.784, 8.498, 9.215, 9.215, 9.248, 9.878, 9.925, 9.845, 9.494, 9.108, 8.359, 7.552, 7.012, 6.372, 5.318, 4.834, 4.896, 4.811, 4.36, 4.29, 4.23], [4.734, 4.53, 3.79, 4.1, 3.78, 3.45, 3.37, 2.69, 2.92, 2.8, 2.66, 2.0, 1.63, 1.21, 2.25, 2.39, 1.8, 1.54, 1.85, 1.44, 1.37, 0, 0.91, 0.99, 1.08, 1.84, 2.49, 3.11, 2.8, 1.8, 3.1, 2.47, 1.62, 2.28, 2.58, 3.21, 3.84, 4.47, 5.07, 5.54, 6.67, 7.36, 7.4, 7.72, 7.9, 8.65, 9.03, 9.44, 10.011, 9.507, 8.541, 8.495, 8.712, 9.005, 8.351, 7.66, 8.33, 10.25, 11.217, 10.5, 9.989, 10.281, 8.787, 7.35, 7.059, 6.819, 7.573, 8.271, 8.211, 8.263, 8.853, 8.901, 8.89, 8.55, 8.11, 7.34, 6.542, 5.988, 5.388, 4.373, 3.85, 3.84, 3.95, 3.57, 3.42, 3.58], [4.53, 4.38, 3.66, 3.81, 3.41, 3.18, 3.08, 2.52, 2.73, 2.71, 2.59, 2.23, 1.86, 1.5, 2.62, 2.78, 2.25, 1.99, 2.12, 1.81, 1.74, 0.91, 0, 0.94, 1.07, 2.27, 2.76, 3.38, 3.17, 1.53, 2.83, 2.2, 1.57, 2.07, 2.41, 2.94, 3.43, 4.12, 4.72, 5.17, 6.22, 6.87, 6.89, 7.23, 7.43, 8.3, 8.663, 9.133, 9.709, 9.222, 8.242, 8.219, 8.418, 8.709, 8.046, 7.349, 8.019, 9.98, 10.915, 10.21, 9.707, 10.013, 8.502, 7.057, 6.761, 6.541, 7.275, 7.992, 7.925, 7.965, 8.555, 8.622, 8.603, 8.243, 7.79, 7.027, 6.248, 5.685, 5.089, 4.055, 3.565, 3.59, 3.74, 3.34, 3.25, 3.37], [4.43, 4.4, 3.7, 3.95, 3.61, 3.44, 3.28, 2.74, 2.71, 2.59, 2.37, 1.99, 1.9, 1.54, 2.62, 2.86, 2.31, 1.89, 2.22, 1.85, 1.76, 0.99, 0.94, 0, 0.83, 2.15, 2.82, 3.38, 3.07, 1.63, 2.83, 2.2, 1.49, 1.99, 2.33, 2.88, 3.53, 4.1, 4.68, 5.11, 6.2, 6.93, 7.03, 7.37, 7.581, 8.357, 8.777, 9.187, 9.775, 9.265, 8.305, 8.262, 8.479, 8.732, 8.118, 7.378, 8.068, 10.002, 10.981, 10.264, 9.747, 10.03, 8.551, 7.117, 6.797, 6.549, 7.263, 7.981, 7.981, 8.013, 8.603, 8.651, 8.631, 8.291, 7.834, 7.067, 6.289, 5.746, 5.106, 4.123, 3.617, 3.627, 3.736, 3.36, 3.21, 3.41], [4.817, 4.61, 3.91, 4.22, 3.8, 3.43, 3.31, 2.79, 2.84, 2.76, 2.52, 1.76, 1.53, 1.29, 2.27, 2.49, 2.2, 1.84, 2.15, 1.78, 1.43, 1.08, 1.07, 0.83, 0, 1.84, 2.53, 2.95, 2.86, 1.76, 3.1, 2.41, 1.52, 2.08, 2.38, 3.17, 3.8, 4.41, 4.93, 5.42, 6.57, 7.3, 7.4, 7.74, 7.954, 8.71, 9.13, 9.48, 10.079, 9.575, 8.632, 8.569, 8.797, 9.059, 8.419, 7.702, 8.352, 10.33, 11.285, 10.586, 10.077, 10.372, 8.876, 7.436, 7.116, 6.873, 7.587, 8.305, 8.305, 8.338, 8.928, 8.975, 8.95, 8.587, 8.144, 7.386, 6.607, 6.065, 5.425, 4.39, 3.901, 3.931, 3.961, 3.564, 3.54, 3.8], [6.429, 6.239, 5.467, 5.834, 5.4, 4.73, 4.61, 4.19, 4.48, 4.26, 3.84, 2.34, 1.59, 1.27, 1.45, 1.55, 1.5, 1.16, 1.27, 1.3, 1.21, 1.84, 2.27, 2.15, 1.84, 0, 1.23, 1.69, 1.42, 2.24, 4.736, 4.05, 2.96, 3.5, 3.92, 4.63, 5.4, 5.99, 6.59, 7.1, 8.19, 8.98, 9.1, 9.44, 9.651, 10.407, 10.827, 11.177, 11.745, 11.235, 10.295, 10.226, 10.463, 10.716, 10.088, 9.362, 10.012, 11.986, 12.951, 12.249, 11.731, 12.018, 10.533, 9.102, 8.782, 8.534, 9.248, 9.965, 9.965, 9.998, 10.588, 10.635, 10.607, 10.258, 9.804, 9.052, 8.273, 7.73, 7.09, 6.056, 5.567, 5.597, 5.512, 5.03, 4.96, 4.8], [7.039, 6.789, 6.046, 6.344, 5.95, 5.22, 5.18, 4.78, 4.97, 4.87, 4.45, 2.97, 2.32, 1.98, 1.9, 1.96, 2.25, 1.87, 1.84, 1.91, 2.06, 2.49, 2.76, 2.82, 2.53, 1.23, 0, 0.88, 0.91, 2.59, 5.389, 4.699, 3.57, 4.15, 4.53, 5.16, 5.89, 6.52, 7.14, 7.63, 8.72, 9.47, 9.59, 9.93, 10.141, 10.937, 11.357, 11.767, 12.369, 11.887, 10.928, 10.859, 11.09, 11.349, 10.712, 9.995, 10.645, 12.619, 13.575, 12.876, 12.37, 12.671, 11.168, 9.729, 9.409, 9.166, 9.881, 10.597, 10.597, 10.631, 11.221, 11.268, 11.248, 10.897, 10.456, 9.679, 8.917, 8.357, 7.717, 6.683, 6.211, 6.161, 6.144, 5.673, 5.458, 5.199], [7.442, 7.352, 6.568, 6.915, 6.489, 5.82, 5.72, 5.32, 5.51, 5.29, 4.89, 3.29, 2.48, 2.4, 1.94, 2.1, 2.45, 2.39, 2.34, 2.45, 2.52, 3.11, 3.38, 3.38, 2.95, 1.69, 0.88, 0, 0.99, 3.07, 5.93, 5.24, 4.11, 4.65, 5.03, 5.74, 6.49, 7.04, 7.62, 8.15, 9.22, 10.09, 10.19, 10.53, 10.75, 11.488, 11.908, 12.298, 12.909, 12.399, 11.45, 11.398, 11.639, 11.889, 11.26, 10.543, 11.193, 13.167, 14.115, 13.416, 12.892, 13.187, 11.697, 10.277, 9.957, 9.715, 10.429, 11.146, 11.146, 11.179, 11.769, 11.816, 11.776, 11.416, 10.979, 10.227, 9.449, 8.906, 8.266, 7.232, 6.75, 6.72, 6.685, 6.196, 6.001, 5.741], [7.16, 7.03, 6.313, 6.628, 6.2, 5.53, 5.43, 5.03, 5.24, 5.0, 4.54, 3.02, 2.59, 2.09, 1.95, 2.23, 2.16, 2.12, 2.09, 2.04, 2.21, 2.8, 3.17, 3.07, 2.86, 1.42, 0.91, 0.99, 0, 2.86, 5.6, 4.91, 3.8, 4.32, 4.7, 5.43, 6.2, 6.75, 7.35, 7.88, 8.95, 9.8, 9.9, 10.24, 10.46, 11.201, 11.621, 11.971, 12.587, 12.077, 11.123, 11.075, 11.315, 11.565, 10.936, 10.219, 10.869, 12.843, 13.793, 13.094, 12.565, 12.854, 11.378, 9.953, 9.633, 9.39, 10.105, 10.822, 10.822, 10.855, 11.445, 11.492, 11.452, 11.089, 10.652, 9.903, 9.125, 8.582, 7.942, 6.907, 6.421, 6.451, 6.378, 5.884, 5.711, 5.451], [4.58, 4.65, 3.97, 4.1, 3.64, 3.61, 3.35, 2.93, 2.92, 2.78, 2.62, 2.56, 2.41, 2.01, 2.81, 3.05, 2.88, 2.5, 2.17, 1.92, 2.17, 1.8, 1.53, 1.63, 1.76, 2.24, 2.59, 3.07, 2.86, 0, 2.98, 2.35, 1.62, 1.72, 2.2, 2.79, 3.52, 4.09, 4.69, 5.2, 6.31, 7.12, 7.24, 7.56, 7.76, 8.521, 8.921, 9.351, 9.965, 9.455, 8.495, 8.443, 8.683, 8.933, 8.313, 7.616, 8.286, 10.221, 11.17, 10.463, 9.948, 10.243, 8.75, 7.322, 7.002, 6.759, 7.482, 8.199, 8.19, 8.223, 8.822, 8.869, 8.829, 8.463, 8.043, 7.292, 6.493, 5.97, 5.336, 4.322, 3.792, 3.782, 3.729, 3.275, 3.162, 3.02], [3.3, 3.35, 2.75, 2.8, 2.9, 3.09, 2.81, 2.61, 2.66, 2.74, 2.88, 3.38, 3.83, 3.89, 4.93, 5.03, 4.46, 4.28, 4.57, 4.22, 4.03, 3.1, 2.83, 2.83, 3.1, 4.736, 5.389, 5.93, 5.6, 2.98, 0, 0.89, 1.96, 1.72, 1.74, 1.55, 1.24, 1.77, 2.23, 2.82, 3.95, 4.54, 4.56, 4.9, 5.06, 5.83, 6.213, 6.583, 7.063, 6.562, 5.633, 5.51, 5.761, 6.02, 5.397, 4.66, 5.33, 7.29, 8.269, 7.536, 7.136, 7.345, 5.98, 4.42, 4.063, 3.82, 4.557, 5.274, 5.234, 5.276, 5.886, 5.953, 5.933, 5.653, 5.196, 4.376, 3.611, 3.14, 2.46, 1.92, 1.17, 1.14, 1.41, 1.63, 1.88, 2.4], [3.53, 3.46, 2.82, 2.81, 2.87, 3.0, 2.72, 2.34, 2.37, 2.45, 2.47, 2.87, 3.16, 3.2, 4.28, 4.44, 3.95, 3.65, 3.9, 3.53, 3.36, 2.47, 2.2, 2.2, 2.41, 4.05, 4.699, 5.24, 4.91, 2.35, 0.89, 0, 1.19, 1.27, 1.43, 1.66, 1.75, 2.36, 2.88, 3.47, 4.6, 5.15, 5.17, 5.53, 5.67, 6.46, 6.846, 7.216, 7.713, 7.232, 6.266, 6.203, 6.442, 6.71, 6.047, 5.35, 6.0, 7.98, 8.919, 8.217, 7.782, 8.055, 6.601, 5.081, 4.744, 4.536, 5.218, 5.915, 5.915, 5.966, 6.576, 6.646, 6.626, 6.286, 5.829, 5.066, 4.284, 3.712, 3.052, 2.21, 1.62, 1.676, 1.76, 1.54, 1.85, 2.29], [4.08, 3.95, 3.07, 3.22, 3.06, 3.03, 2.83, 2.31, 2.34, 2.28, 2.22, 2.16, 2.39, 2.33, 3.41, 3.65, 3.2, 2.84, 2.89, 2.42, 2.39, 1.62, 1.57, 1.49, 1.52, 2.96, 3.57, 4.11, 3.8, 1.62, 1.96, 1.19, 0, 1.0, 1.3, 2.07, 2.6, 3.19, 3.79, 4.42, 5.53, 6.16, 6.22, 6.54, 6.74, 7.519, 7.913, 8.283, 8.837, 8.339, 7.37, 7.327, 7.543, 7.817, 7.174, 6.476, 7.126, 9.09, 10.043, 9.335, 8.849, 9.159, 7.665, 6.182, 5.868, 5.608, 6.322, 7.039, 7.039, 7.093, 7.662, 7.733, 7.733, 7.393, 6.924, 6.161, 5.362, 4.816, 4.176, 3.162, 2.687, 2.706, 2.71, 2.29, 2.3, 2.78], [3.56, 3.51, 2.67, 2.68, 2.58, 2.71, 2.37, 1.99, 1.96, 1.94, 2.12, 2.38, 2.91, 2.93, 3.99, 4.27, 3.74, 3.4, 3.39, 3.02, 2.91, 2.28, 2.07, 1.99, 2.08, 3.5, 4.15, 4.65, 4.32, 1.72, 1.72, 1.27, 1.0, 0, 0.64, 1.41, 2.24, 2.75, 3.27, 3.82, 4.87, 5.58, 5.66, 5.98, 6.18, 6.944, 7.344, 7.694, 8.279, 7.781, 6.829, 6.76, 7.0, 7.25, 6.625, 5.922, 6.59, 8.526, 9.485, 8.783, 8.312, 8.587, 7.093, 5.639, 5.334, 5.074, 5.788, 6.505, 6.505, 6.538, 7.128, 7.175, 7.135, 6.781, 6.367, 5.609, 4.81, 4.282, 3.642, 2.688, 2.244, 2.36, 2.33, 1.83, 1.88, 2.48], [3.34, 3.19, 2.43, 2.38, 2.36, 2.53, 2.21, 1.91, 1.8, 1.78, 1.96, 2.44, 3.19, 3.23, 4.33, 4.61, 4.06, 3.74, 3.77, 3.4, 3.29, 2.58, 2.41, 2.33, 2.38, 3.92, 4.53, 5.03, 4.7, 2.2, 1.74, 1.43, 1.3, 0.64, 0, 1.17, 2.06, 2.55, 3.07, 3.54, 4.45, 5.2, 5.26, 5.62, 5.8, 6.521, 6.941, 7.291, 7.89, 7.415, 6.458, 6.377, 6.617, 6.867, 6.239, 5.522, 6.192, 8.146, 9.096, 8.397, 7.932, 8.224, 6.727, 5.256, 4.974, 4.754, 5.428, 6.145, 6.125, 6.158, 6.748, 6.795, 6.755, 6.398, 5.967, 5.206, 4.445, 3.885, 3.262, 2.36, 1.97, 2.16, 2.21, 1.75, 1.92, 2.58], [3.25, 3.38, 2.92, 2.77, 2.81, 3.18, 2.84, 2.76, 2.61, 2.51, 2.69, 3.31, 3.98, 4.02, 5.16, 5.42, 4.81, 4.49, 4.46, 4.15, 4.06, 3.21, 2.94, 2.88, 3.17, 4.63, 5.16, 5.74, 5.43, 2.79, 1.55, 1.66, 2.07, 1.41, 1.17, 0, 1.51, 2.14, 2.7, 3.01, 3.8, 4.47, 4.55, 4.89, 5.07, 5.837, 6.237, 6.687, 7.292, 6.791, 5.822, 5.782, 6.007, 6.272, 5.635, 4.938, 5.588, 7.542, 8.497, 7.802, 7.377, 7.607, 6.169, 4.746, 4.469, 4.197, 4.843, 5.541, 5.521, 5.553, 6.143, 6.191, 6.171, 5.811, 5.35, 4.596, 3.857, 3.274, 2.77, 2.11, 1.62, 1.65, 1.94, 1.6, 1.75, 2.21], [3.86, 3.97, 3.41, 3.2, 3.36, 3.67, 3.35, 3.43, 3.34, 3.38, 3.54, 4.12, 4.55, 4.61, 5.73, 5.95, 5.42, 5.1, 5.19, 4.82, 4.73, 3.84, 3.43, 3.53, 3.8, 5.4, 5.89, 6.49, 6.2, 3.52, 1.24, 1.75, 2.6, 2.24, 2.06, 1.51, 0, 1.05, 1.63, 2.24, 3.09, 3.72, 3.72, 4.1, 4.26, 5.096, 5.536, 6.006, 6.607, 6.138, 5.157, 5.097, 5.302, 5.587, 4.942, 4.225, 4.895, 6.87, 7.813, 7.097, 7.023, 6.984, 5.893, 4.16, 3.839, 3.659, 4.131, 4.848, 4.809, 4.861, 5.451, 5.536, 5.496, 5.136, 4.704, 3.946, 3.28, 2.98, 2.4, 2.12, 1.39, 1.22, 1.57, 1.45, 1.5, 1.96], [3.89, 4.1, 3.62, 3.39, 3.63, 3.84, 3.62, 3.8, 3.65, 3.73, 3.87, 4.43, 5.12, 5.12, 6.24, 6.46, 5.95, 5.63, 5.74, 5.39, 5.36, 4.47, 4.12, 4.1, 4.41, 5.99, 6.52, 7.04, 6.75, 4.09, 1.77, 2.36, 3.19, 2.75, 2.55, 2.14, 1.05, 0, 0.94, 1.71, 2.58, 3.09, 3.21, 3.57, 3.73, 4.471, 4.871, 5.321, 5.943, 5.473, 4.473, 4.41, 4.65, 4.9, 4.278, 3.601, 4.251, 6.2, 7.169, 6.485, 6.52, 6.419, 5.389, 3.83, 3.372, 3.232, 3.546, 4.183, 4.163, 4.216, 4.826, 4.853, 4.793, 4.433, 4.056, 3.436, 2.83, 2.83, 2.31, 2.35, 1.72, 1.79, 2.06, 2.06, 2.01, 2.35], [3.93, 4.2, 3.78, 3.71, 3.89, 4.16, 3.9, 4.04, 3.89, 3.93, 4.07, 4.81, 5.58, 5.7, 6.82, 7.0, 6.47, 6.23, 6.36, 6.01, 5.96, 5.07, 4.72, 4.68, 4.93, 6.59, 7.14, 7.62, 7.35, 4.69, 2.23, 2.88, 3.79, 3.27, 3.07, 2.7, 1.63, 0.94, 0, 0.95, 1.84, 2.55, 2.63, 2.97, 3.17, 3.905, 4.305, 4.766, 5.343, 4.889, 4.0, 4.08, 4.3, 4.403, 3.79, 3.25, 3.673, 5.608, 6.549, 6.191, 6.32, 6.22, 5.27, 3.89, 3.261, 3.146, 3.21, 3.71, 3.606, 3.8, 4.51, 4.32, 4.236, 3.96, 3.72, 3.26, 2.93, 3.03, 2.59, 2.67, 2.14, 2.13, 2.48, 2.6, 2.57, 3.03], [3.6, 3.91, 3.63, 3.62, 3.8, 4.09, 4.07, 4.21, 3.92, 3.98, 4.14, 5.18, 6.13, 6.19, 7.37, 7.55, 6.98, 6.72, 6.87, 6.52, 6.45, 5.54, 5.17, 5.11, 5.42, 7.1, 7.63, 8.15, 7.88, 5.2, 2.82, 3.47, 4.42, 3.82, 3.54, 3.01, 2.24, 1.71, 0.95, 0, 1.23, 1.94, 2.1, 2.42, 2.62, 3.398, 3.838, 4.351, 4.898, 4.421, 3.61, 3.69, 3.91, 4.008, 3.4, 2.96, 3.29, 5.172, 6.104, 5.804, 5.99, 5.83, 4.86, 3.74, 2.88, 2.779, 2.82, 3.34, 3.211, 3.45, 4.22, 3.99, 3.89, 3.67, 3.47, 3.11, 2.98, 3.14, 2.7, 2.74, 2.71, 2.66, 3.05, 3.25, 3.26, 3.74], [3.99, 4.28, 4.16, 4.01, 4.35, 4.74, 4.72, 5.0, 4.59, 4.69, 4.95, 6.29, 7.24, 7.28, 8.46, 8.6, 8.07, 7.87, 7.98, 7.63, 7.6, 6.67, 6.22, 6.2, 6.57, 8.19, 8.72, 9.22, 8.95, 6.31, 3.95, 4.6, 5.53, 4.87, 4.45, 3.8, 3.09, 2.58, 1.84, 1.23, 0, 1.19, 1.23, 1.37, 1.65, 2.488, 2.928, 3.44, 3.962, 3.53, 2.82, 2.92, 3.12, 3.21, 2.57, 2.29, 2.44, 4.261, 5.168, 5.014, 5.46, 5.08, 4.29, 3.65, 2.59, 2.45, 2.33, 2.59, 2.43, 2.74, 3.51, 3.26, 3.24, 3.1, 3.02, 2.72, 2.79, 2.91, 2.81, 3.29, 3.46, 3.35, 3.66, 3.84, 3.91, 4.21], [4.6, 4.79, 4.67, 4.28, 4.52, 4.93, 4.99, 5.43, 5.2, 5.46, 5.72, 7.1, 8.07, 8.11, 9.27, 9.39, 8.78, 8.58, 8.77, 8.42, 8.33, 7.36, 6.87, 6.93, 7.3, 8.98, 9.47, 10.09, 9.8, 7.12, 4.54, 5.15, 6.16, 5.58, 5.2, 4.47, 3.72, 3.09, 2.55, 1.94, 1.19, 0, 0.72, 0.94, 1.0, 1.77, 2.23, 2.78, 3.28, 3.07, 2.55, 2.53, 2.53, 2.64, 2.34, 2.26, 2.03, 3.57, 4.475, 4.686, 5.47, 4.71, 4.28, 3.72, 2.92, 2.78, 2.06, 2.04, 2.1, 2.67, 2.98, 2.73, 2.57, 2.47, 2.51, 2.43, 2.58, 2.76, 2.88, 3.68, 3.95, 3.92, 4.21, 4.47, 4.54, 4.7], [4.46, 4.57, 4.35, 3.94, 4.38, 4.79, 4.87, 5.35, 5.14, 5.34, 5.68, 7.2, 8.17, 8.23, 9.39, 9.49, 8.86, 8.7, 8.89, 8.54, 8.41, 7.4, 6.89, 7.03, 7.4, 9.1, 9.59, 10.19, 9.9, 7.24, 4.56, 5.17, 6.22, 5.66, 5.26, 4.55, 3.72, 3.21, 2.63, 2.1, 1.23, 0.72, 0, 0.54, 0.8, 1.63, 2.07, 2.48, 3.036, 2.75, 2.29, 2.23, 2.29, 2.4, 2.12, 2.06, 1.79, 3.37, 4.222, 4.326, 5.17, 4.35, 4.0, 3.5, 2.56, 2.5, 1.84, 1.92, 1.88, 2.37, 2.76, 2.51, 2.39, 2.23, 2.13, 1.93, 2.2, 2.36, 2.8, 3.6, 3.89, 3.86, 4.11, 4.47, 4.58, 4.76], [4.52, 4.63, 4.51, 4.2, 4.58, 5.07, 5.07, 5.53, 5.3, 5.6, 5.98, 7.52, 8.49, 8.55, 9.71, 9.81, 9.18, 9.02, 9.21, 8.86, 8.73, 7.72, 7.23, 7.37, 7.74, 9.44, 9.93, 10.53, 10.24, 7.56, 4.9, 5.53, 6.54, 5.98, 5.62, 4.89, 4.1, 3.57, 2.97, 2.42, 1.37, 0.94, 0.54, 0, 0.72, 1.23, 1.75, 2.22, 2.74, 2.49, 2.13, 2.05, 2.15, 2.22, 1.94, 1.96, 1.53, 3.01, 3.859, 4.149, 5.01, 4.19, 3.9, 3.64, 2.62, 2.42, 1.86, 1.74, 1.78, 2.23, 2.62, 2.35, 2.29, 2.27, 2.23, 2.11, 2.42, 2.74, 3.2, 3.98, 4.25, 4.2, 4.43, 4.79, 4.9, 5.1], [4.5, 4.63, 4.57, 4.16, 4.64, 5.17, 5.19, 5.73, 5.42, 5.72, 6.14, 7.7, 8.65, 8.71, 9.87, 9.99, 9.38, 9.22, 9.41, 9.06, 8.93, 7.9, 7.43, 7.581, 7.954, 9.651, 10.141, 10.75, 10.46, 7.76, 5.06, 5.67, 6.74, 6.18, 5.8, 5.07, 4.26, 3.73, 3.17, 2.62, 1.65, 1.0, 0.8, 0.72, 0, 1.23, 1.73, 2.18, 2.66, 2.55, 2.13, 2.01, 2.03, 2.12, 1.84, 2.02, 1.67, 2.85, 3.796, 4.246, 5.03, 4.23, 3.92, 3.46, 2.52, 2.48, 1.74, 1.54, 1.74, 2.33, 2.44, 2.13, 2.05, 1.95, 2.01, 2.07, 2.36, 2.74, 3.16, 4.04, 4.37, 4.32, 4.57, 4.93, 5.04, 5.22], [4.63, 4.7, 5.08, 4.85, 5.23, 5.9, 5.94, 6.46, 6.11, 6.37, 6.869, 8.438, 9.4, 9.48, 10.6, 10.72, 10.09, 9.964, 10.154, 9.804, 9.674, 8.65, 8.3, 8.357, 8.71, 10.407, 10.937, 11.488, 11.201, 8.521, 5.83, 6.46, 7.519, 6.944, 6.521, 5.837, 5.096, 4.471, 3.905, 3.398, 2.488, 1.77, 1.63, 1.23, 1.23, 0, 0.94, 1.43, 1.79, 1.94, 1.7, 1.64, 1.7, 1.69, 1.69, 2.03, 1.68, 2.08, 2.93, 3.619, 4.62, 3.72, 3.55, 3.47, 2.61, 2.47, 1.89, 1.51, 1.39, 1.92, 2.07, 1.78, 1.88, 1.94, 1.96, 2.24, 2.85, 3.33, 3.81, 4.73, 5.02, 4.93, 5.18, 5.56, 5.67, 5.91], [4.73, 4.78, 5.4, 5.11, 5.51, 6.22, 6.266, 6.72, 6.478, 6.726, 7.246, 8.798, 9.765, 9.851, 10.974, 11.08, 10.464, 10.344, 10.554, 10.184, 10.054, 9.03, 8.663, 8.777, 9.13, 10.827, 11.357, 11.908, 11.621, 8.921, 6.213, 6.846, 7.913, 7.344, 6.941, 6.237, 5.536, 4.871, 4.305, 3.838, 2.928, 2.23, 2.07, 1.75, 1.73, 0.94, 0, 1.13, 1.53, 1.56, 1.48, 1.72, 1.76, 1.67, 1.69, 2.15, 1.78, 1.8, 2.47, 3.18, 4.18, 3.36, 3.35, 3.35, 2.57, 2.53, 2.07, 1.63, 1.37, 1.56, 1.81, 1.66, 1.86, 2.0, 2.18, 2.42, 3.07, 3.57, 4.01, 4.97, 5.34, 5.27, 5.5, 5.88, 6.01, 6.27], [5.18, 5.17, 5.79, 5.56, 5.96, 6.67, 6.65, 7.13, 6.908, 7.196, 7.716, 9.188, 10.155, 10.221, 11.344, 11.45, 10.814, 10.694, 10.964, 10.594, 10.404, 9.44, 9.133, 9.187, 9.48, 11.177, 11.767, 12.298, 11.971, 9.351, 6.583, 7.216, 8.283, 7.694, 7.291, 6.687, 6.006, 5.321, 4.766, 4.351, 3.44, 2.78, 2.48, 2.22, 2.18, 1.43, 1.13, 0, 0.94, 1.01, 1.23, 1.49, 1.55, 1.36, 1.52, 2.18, 1.75, 1.79, 2.12, 2.43, 3.67, 2.75, 3.18, 3.34, 2.92, 2.9, 2.12, 1.9, 1.6, 1.57, 1.36, 1.53, 1.95, 1.99, 2.09, 2.57, 3.24, 3.84, 4.36, 5.36, 5.71, 5.7, 5.87, 6.25, 6.44, 6.7], [5.796, 5.83, 6.39, 6.18, 6.58, 7.258, 7.261, 7.73, 7.528, 7.816, 8.327, 9.799, 10.752, 10.812, 11.864, 11.964, 11.391, 11.259, 11.552, 11.182, 10.989, 10.011, 9.709, 9.775, 10.079, 11.745, 12.369, 12.909, 12.587, 9.965, 7.063, 7.713, 8.837, 8.279, 7.89, 7.292, 6.607, 5.943, 5.343, 4.898, 3.962, 3.28, 3.036, 2.74, 2.66, 1.79, 1.53, 0.94, 0, 0.71, 1.63, 1.97, 1.95, 1.72, 2.04, 2.7, 1.89, 1.53, 1.36, 1.95, 3.23, 2.55, 3.34, 3.62, 3.26, 3.36, 2.62, 2.3, 1.96, 1.89, 1.6, 2.13, 2.45, 2.63, 2.65, 2.99, 3.7, 4.22, 4.8, 5.78, 6.19, 6.24, 6.31, 6.75, 7.0, 7.28], [5.246, 5.26, 5.86, 5.73, 6.136, 6.826, 6.78, 7.18, 7.018, 7.277, 7.797, 9.272, 10.239, 10.302, 11.354, 11.434, 10.869, 10.749, 11.054, 10.684, 10.479, 9.507, 9.222, 9.265, 9.575, 11.235, 11.887, 12.399, 12.077, 9.455, 6.562, 7.232, 8.339, 7.781, 7.415, 6.791, 6.138, 5.473, 4.889, 4.421, 3.53, 3.07, 2.75, 2.49, 2.55, 1.94, 1.56, 1.01, 0.71, 0, 1.32, 1.92, 2.04, 1.83, 1.83, 2.47, 1.78, 1.7, 1.83, 1.96, 3.08, 2.38, 3.11, 3.37, 2.83, 2.91, 2.27, 2.35, 1.79, 1.54, 1.67, 2.1, 2.54, 2.64, 2.66, 2.74, 3.37, 3.97, 4.43, 5.35, 5.74, 5.77, 5.84, 6.24, 6.47, 6.75], [4.37, 4.4, 4.9, 4.69, 5.11, 5.82, 5.786, 6.24, 6.037, 6.297, 6.837, 8.32, 9.282, 9.348, 10.434, 10.514, 9.961, 9.829, 10.082, 9.712, 9.539, 8.541, 8.242, 8.305, 8.632, 10.295, 10.928, 11.45, 11.123, 8.495, 5.633, 6.266, 7.37, 6.829, 6.458, 5.822, 5.157, 4.473, 4.0, 3.61, 2.82, 2.55, 2.29, 2.13, 2.13, 1.7, 1.48, 1.23, 1.63, 1.32, 0, 0.92, 1.16, 1.05, 0.79, 1.39, 1.48, 2.46, 2.89, 2.38, 3.14, 2.52, 2.57, 2.57, 1.95, 2.01, 1.31, 1.41, 0.95, 0.98, 1.03, 1.42, 1.66, 1.68, 1.74, 1.92, 2.49, 3.01, 3.37, 4.37, 4.76, 4.77, 4.88, 5.28, 5.51, 5.81], [4.47, 4.5, 4.953, 4.73, 5.09, 5.82, 5.813, 6.28, 6.054, 6.297, 6.797, 8.272, 9.242, 9.305, 10.356, 10.425, 9.846, 9.743, 10.022, 9.652, 9.47, 8.495, 8.219, 8.262, 8.569, 10.226, 10.859, 11.398, 11.075, 8.443, 5.51, 6.203, 7.327, 6.76, 6.377, 5.782, 5.097, 4.41, 4.08, 3.69, 2.92, 2.53, 2.23, 2.05, 2.01, 1.64, 1.72, 1.49, 1.97, 1.92, 0.92, 0, 0.66, 0.91, 0.91, 1.33, 1.74, 2.7, 3.19, 2.74, 3.62, 2.88, 2.55, 2.43, 1.87, 1.95, 1.39, 1.25, 1.11, 1.26, 1.25, 1.26, 1.38, 1.36, 1.3, 1.6, 2.19, 2.71, 3.25, 4.25, 4.683, 4.747, 4.76, 5.237, 5.458, 5.735], [4.67, 4.8, 5.2, 4.93, 5.33, 6.08, 6.04, 6.5, 6.31, 6.557, 7.057, 8.532, 9.499, 9.559, 10.605, 10.679, 10.086, 9.983, 10.262, 9.892, 9.71, 8.712, 8.418, 8.479, 8.797, 10.463, 11.09, 11.639, 11.315, 8.683, 5.761, 6.442, 7.543, 7.0, 6.617, 6.007, 5.302, 4.65, 4.3, 3.91, 3.12, 2.53, 2.29, 2.15, 2.03, 1.7, 1.76, 1.55, 1.95, 2.04, 1.16, 0.66, 0, 0.73, 1.01, 1.31, 1.62, 2.64, 3.19, 2.86, 3.8, 3.14, 2.81, 2.67, 2.19, 2.23, 1.57, 1.13, 1.23, 1.52, 1.27, 1.22, 1.24, 1.26, 1.2, 1.68, 2.41, 2.81, 3.41, 4.43, 4.922, 4.981, 5.02, 5.5, 5.738, 6.015], [4.92, 4.99, 5.39, 5.16, 5.58, 6.29, 6.263, 6.73, 6.525, 6.813, 7.327, 8.796, 9.749, 9.809, 10.855, 10.95, 10.368, 10.253, 10.512, 10.162, 9.98, 9.005, 8.709, 8.732, 9.059, 10.716, 11.349, 11.889, 11.565, 8.933, 6.02, 6.71, 7.817, 7.25, 6.867, 6.272, 5.587, 4.9, 4.403, 4.008, 3.21, 2.64, 2.4, 2.22, 2.12, 1.69, 1.67, 1.36, 1.72, 1.83, 1.05, 0.91, 0.73, 0, 0.88, 1.4, 1.49, 2.39, 2.92, 2.85, 3.81, 3.21, 3.16, 3.02, 2.48, 2.48, 1.74, 1.2, 1.26, 1.47, 1.18, 1.17, 1.11, 1.21, 1.37, 1.97, 2.64, 3.16, 3.72, 4.74, 5.19, 5.237, 5.27, 5.75, 6.0, 6.28], [4.36, 4.49, 4.85, 4.6, 5.0, 5.71, 5.67, 6.15, 5.92, 6.16, 6.671, 8.133, 9.103, 9.163, 10.21, 10.29, 9.725, 9.605, 9.898, 9.528, 9.335, 8.351, 8.046, 8.118, 8.419, 10.088, 10.712, 11.26, 10.936, 8.313, 5.397, 6.047, 7.174, 6.625, 6.239, 5.635, 4.942, 4.278, 3.79, 3.4, 2.57, 2.34, 2.12, 1.94, 1.84, 1.69, 1.69, 1.52, 2.04, 1.83, 0.79, 0.91, 1.01, 0.88, 0, 0.98, 1.27, 2.51, 3.31, 2.884, 3.63, 3.11, 2.94, 2.7, 2.12, 2.04, 1.28, 1.22, 1.06, 1.19, 1.32, 1.25, 1.45, 1.51, 1.57, 1.89, 2.46, 2.82, 3.16, 4.14, 4.53, 4.58, 4.67, 5.11, 5.36, 5.64], [4.16, 4.31, 4.47, 4.14, 4.56, 5.23, 5.19, 5.67, 5.5, 5.5, 6.02, 7.48, 8.43, 8.49, 9.55, 9.65, 9.04, 8.92, 9.201, 8.851, 8.67, 7.66, 7.349, 7.378, 7.702, 9.362, 9.995, 10.543, 10.219, 7.616, 4.66, 5.35, 6.476, 5.922, 5.522, 4.938, 4.225, 3.601, 3.25, 2.96, 2.29, 2.26, 2.06, 1.96, 2.02, 2.03, 2.15, 2.18, 2.7, 2.47, 1.39, 1.33, 1.31, 1.4, 0.98, 0, 1.13, 3.11, 3.944, 3.295, 3.91, 3.59, 2.98, 2.54, 1.96, 1.9, 1.42, 1.12, 1.4, 1.39, 1.62, 1.73, 2.05, 1.89, 1.89, 1.91, 2.42, 2.52, 2.62, 3.46, 3.87, 3.98, 4.09, 4.51, 4.74, 5.08], [4.93, 5.06, 5.16, 4.81, 5.19, 5.86, 5.82, 6.32, 6.11, 6.23, 6.69, 8.13, 9.08, 9.14, 10.22, 10.32, 9.73, 9.59, 9.86, 9.51, 9.32, 8.33, 8.019, 8.068, 8.352, 10.012, 10.645, 11.193, 10.869, 8.286, 5.33, 6.0, 7.126, 6.59, 6.192, 5.588, 4.895, 4.251, 3.673, 3.29, 2.44, 2.03, 1.79, 1.53, 1.67, 1.68, 1.78, 1.75, 1.89, 1.78, 1.48, 1.74, 1.62, 1.49, 1.27, 1.13, 0, 2.36, 3.197, 2.96, 4.12, 3.54, 3.45, 3.35, 2.59, 2.53, 1.65, 1.35, 1.43, 1.72, 1.89, 2.06, 2.24, 2.34, 2.46, 2.34, 2.73, 2.89, 3.23, 4.09, 4.56, 4.65, 4.72, 5.18, 5.41, 5.69], [6.17, 6.26, 6.8, 6.63, 6.99, 7.68, 7.6, 8.06, 7.83, 8.05, 8.578, 10.041, 11.013, 11.073, 12.12, 12.16, 11.61, 11.509, 11.785, 11.415, 11.236, 10.25, 9.98, 10.002, 10.33, 11.986, 12.619, 13.167, 12.843, 10.221, 7.29, 7.98, 9.09, 8.526, 8.146, 7.542, 6.87, 6.2, 5.608, 5.172, 4.261, 3.57, 3.37, 3.01, 2.85, 2.08, 1.8, 1.79, 1.53, 1.7, 2.46, 2.7, 2.64, 2.39, 2.51, 3.11, 2.36, 0, 1.63, 3.06, 4.32, 3.76, 4.53, 4.73, 3.97, 3.79, 3.05, 2.65, 2.57, 2.74, 2.57, 2.62, 2.86, 3.18, 3.28, 3.54, 4.19, 4.69, 5.27, 6.11, 6.5, 6.53, 6.6, 7.04, 7.27, 7.55], [6.942, 6.872, 7.587, 7.412, 7.852, 8.502, 8.462, 8.85, 8.73, 9.013, 9.533, 11.005, 11.958, 12.018, 13.07, 13.17, 12.585, 12.465, 12.758, 12.388, 12.195, 11.217, 10.915, 10.981, 11.285, 12.951, 13.575, 14.115, 13.793, 11.17, 8.269, 8.919, 10.043, 9.485, 9.096, 8.497, 7.813, 7.169, 6.549, 6.104, 5.168, 4.475, 4.222, 3.859, 3.796, 2.93, 2.47, 2.12, 1.36, 1.83, 2.89, 3.19, 3.19, 2.92, 3.31, 3.944, 3.197, 1.63, 0, 2.15, 3.29, 3.05, 4.12, 4.48, 4.34, 4.54, 3.88, 3.46, 3.28, 3.05, 2.82, 3.09, 3.47, 3.65, 3.71, 4.05, 4.84, 5.4, 6.08, 7.0, 7.41, 7.46, 7.51, 7.95, 8.22, 8.5], [6.232, 6.167, 6.865, 6.626, 7.052, 7.736, 7.716, 8.139, 8.029, 8.305, 8.825, 10.306, 11.256, 11.319, 12.371, 12.454, 11.869, 11.766, 12.044, 11.674, 11.493, 10.5, 10.21, 10.264, 10.586, 12.249, 12.876, 13.416, 13.094, 10.463, 7.536, 8.217, 9.335, 8.783, 8.397, 7.802, 7.097, 6.485, 6.191, 5.804, 5.014, 4.686, 4.326, 4.149, 4.246, 3.619, 3.18, 2.43, 1.95, 1.96, 2.38, 2.74, 2.86, 2.85, 2.884, 3.295, 2.96, 3.06, 2.15, 0, 1.58, 1.56, 2.31, 3.23, 3.502, 3.736, 3.23, 3.178, 2.83, 2.52, 2.45, 3.151, 3.66, 3.68, 3.64, 3.62, 4.28, 4.7, 5.182, 6.202, 6.694, 6.732, 6.783, 7.254, 7.489, 7.806], [5.673, 5.653, 6.345, 6.26, 6.718, 7.375, 7.333, 7.628, 7.502, 7.771, 8.282, 9.756, 10.718, 10.787, 11.842, 11.919, 11.343, 11.24, 11.527, 11.177, 10.979, 9.989, 9.707, 9.747, 10.077, 11.731, 12.37, 12.892, 12.565, 9.948, 7.136, 7.782, 8.849, 8.312, 7.932, 7.377, 7.023, 6.52, 6.32, 5.99, 5.46, 5.47, 5.17, 5.01, 5.03, 4.62, 4.18, 3.67, 3.23, 3.08, 3.14, 3.62, 3.8, 3.81, 3.63, 3.91, 4.12, 4.32, 3.29, 1.58, 0, 1.36, 1.73, 3.19, 3.33, 3.43, 3.71, 3.97, 3.59, 2.94, 3.11, 3.88, 4.5, 4.38, 4.28, 4.06, 4.546, 4.903, 5.306, 6.003, 6.391, 6.489, 6.5, 7.08, 7.586, 7.966], [5.971, 5.953, 6.657, 6.54, 6.98, 7.667, 7.598, 7.917, 7.812, 8.065, 8.559, 10.039, 11.007, 11.076, 12.136, 12.214, 11.638, 11.526, 11.836, 11.458, 11.271, 10.281, 10.013, 10.03, 10.372, 12.018, 12.671, 13.187, 12.854, 10.243, 7.345, 8.055, 9.159, 8.587, 8.224, 7.607, 6.984, 6.419, 6.22, 5.83, 5.08, 4.71, 4.35, 4.19, 4.23, 3.72, 3.36, 2.75, 2.55, 2.38, 2.52, 2.88, 3.14, 3.21, 3.11, 3.59, 3.54, 3.76, 3.05, 1.56, 1.36, 0, 1.87, 3.343, 3.53, 3.662, 3.17, 3.53, 3.07, 2.68, 2.69, 3.28, 3.8, 3.78, 3.7, 3.58, 4.046, 4.68, 5.242, 6.108, 6.541, 6.55, 6.56, 7.037, 7.326, 7.683], [4.759, 4.692, 5.14, 4.986, 5.451, 6.13, 6.098, 6.423, 6.301, 6.572, 7.089, 8.57, 9.54, 9.611, 10.666, 10.735, 10.15, 10.05, 10.325, 9.961, 9.78, 8.787, 8.502, 8.551, 8.876, 10.533, 11.168, 11.697, 11.378, 8.75, 5.98, 6.601, 7.665, 7.093, 6.727, 6.169, 5.893, 5.389, 5.27, 4.86, 4.29, 4.28, 4.0, 3.9, 3.92, 3.55, 3.35, 3.18, 3.34, 3.11, 2.57, 2.55, 2.81, 3.16, 2.94, 2.98, 3.45, 4.53, 4.12, 2.31, 1.73, 1.87, 0, 2.02, 2.14, 2.38, 2.88, 3.06, 2.72, 2.29, 2.74, 3.17, 3.57, 3.49, 3.23, 3.03, 3.439, 3.756, 4.136, 4.82, 5.23, 5.319, 5.35, 5.91, 6.44, 6.82], [3.32, 3.33, 3.732, 3.496, 3.922, 4.603, 4.58, 5.003, 4.893, 5.176, 5.696, 7.17, 8.138, 8.198, 9.244, 9.327, 8.725, 8.622, 8.9, 8.53, 8.349, 7.35, 7.057, 7.117, 7.436, 9.102, 9.729, 10.277, 9.953, 7.322, 4.42, 5.081, 6.182, 5.639, 5.256, 4.746, 4.16, 3.83, 3.89, 3.74, 3.65, 3.72, 3.5, 3.64, 3.46, 3.47, 3.35, 3.34, 3.62, 3.37, 2.57, 2.43, 2.67, 3.02, 2.7, 2.54, 3.35, 4.73, 4.48, 3.23, 3.19, 3.343, 2.02, 0, 1.48, 1.84, 2.38, 2.8, 2.42, 2.23, 2.48, 2.73, 2.91, 2.65, 2.37, 1.97, 2.1, 2.34, 2.52, 3.1, 3.561, 3.66, 3.89, 4.23, 4.64, 5.18], [3.18, 3.15, 3.435, 3.238, 3.678, 4.345, 4.295, 4.655, 4.556, 4.865, 5.405, 6.868, 7.821, 7.861, 8.927, 9.01, 8.46, 8.317, 8.592, 8.222, 8.044, 7.059, 6.761, 6.797, 7.116, 8.782, 9.409, 9.957, 9.633, 7.002, 4.063, 4.744, 5.868, 5.334, 4.974, 4.469, 3.839, 3.372, 3.261, 2.88, 2.59, 2.92, 2.56, 2.62, 2.52, 2.61, 2.57, 2.92, 3.26, 2.83, 1.95, 1.87, 2.19, 2.48, 2.12, 1.96, 2.59, 3.97, 4.34, 3.502, 3.33, 3.53, 2.14, 1.48, 0, 0.78, 1.54, 2.08, 1.58, 1.51, 2.2, 2.37, 2.39, 2.25, 2.03, 1.63, 1.96, 2.32, 2.38, 2.86, 3.33, 3.42, 3.57, 4.07, 4.46, 4.9], [2.94, 2.97, 3.27, 3.28, 3.7, 4.365, 4.23, 4.595, 4.336, 4.645, 5.145, 6.608, 7.581, 7.621, 8.667, 8.75, 8.2, 8.057, 8.332, 7.962, 7.784, 6.819, 6.541, 6.549, 6.873, 8.534, 9.166, 9.715, 9.39, 6.759, 3.82, 4.536, 5.608, 5.074, 4.754, 4.197, 3.659, 3.232, 3.146, 2.779, 2.45, 2.78, 2.5, 2.42, 2.48, 2.47, 2.53, 2.9, 3.36, 2.91, 2.01, 1.95, 2.23, 2.48, 2.04, 1.9, 2.53, 3.79, 4.54, 3.736, 3.43, 3.662, 2.38, 1.84, 0.78, 0, 1.42, 1.92, 1.52, 1.55, 2.24, 2.39, 2.45, 2.35, 2.13, 1.75, 1.98, 2.32, 2.36, 2.86, 3.13, 3.2, 3.31, 3.83, 4.32, 4.7], [3.86, 3.93, 4.15, 3.86, 4.32, 4.97, 4.93, 5.39, 5.2, 5.38, 5.859, 7.322, 8.295, 8.335, 9.421, 9.49, 8.954, 8.811, 9.046, 8.676, 8.498, 7.573, 7.275, 7.263, 7.587, 9.248, 9.881, 10.429, 10.105, 7.482, 4.557, 5.218, 6.322, 5.788, 5.428, 4.843, 4.131, 3.546, 3.21, 2.82, 2.33, 2.06, 1.84, 1.86, 1.74, 1.89, 2.07, 2.12, 2.62, 2.27, 1.31, 1.39, 1.57, 1.74, 1.28, 1.42, 1.65, 3.05, 3.88, 3.23, 3.71, 3.17, 2.88, 2.38, 1.54, 1.42, 0, 1.14, 1.0, 1.39, 1.7, 1.65, 1.75, 1.67, 1.67, 1.53, 1.8, 2.1, 2.42, 3.28, 3.77, 3.82, 3.89, 4.35, 4.64, 4.92], [4.54, 4.59, 4.85, 4.6, 5.02, 5.71, 5.67, 6.13, 5.94, 6.08, 6.556, 8.019, 8.992, 9.052, 10.13, 10.19, 9.651, 9.528, 9.763, 9.393, 9.215, 8.271, 7.992, 7.981, 8.305, 9.965, 10.597, 11.146, 10.822, 8.199, 5.274, 5.915, 7.039, 6.505, 6.145, 5.541, 4.848, 4.183, 3.71, 3.34, 2.59, 2.04, 1.92, 1.74, 1.54, 1.51, 1.63, 1.9, 2.3, 2.35, 1.41, 1.25, 1.13, 1.2, 1.22, 1.12, 1.35, 2.65, 3.46, 3.178, 3.97, 3.53, 3.06, 2.8, 2.08, 1.92, 1.14, 0, 0.98, 1.37, 1.36, 1.31, 1.47, 1.53, 1.63, 1.81, 2.48, 2.62, 3.02, 3.98, 4.45, 4.54, 4.59, 5.03, 5.28, 5.54], [4.16, 4.19, 4.65, 4.46, 4.8, 5.53, 5.506, 5.986, 5.748, 6.036, 6.556, 8.019, 8.992, 9.052, 10.118, 10.181, 9.611, 9.488, 9.763, 9.393, 9.215, 8.211, 7.925, 7.981, 8.305, 9.965, 10.597, 11.146, 10.822, 8.19, 5.234, 5.915, 7.039, 6.505, 6.125, 5.521, 4.809, 4.163, 3.606, 3.211, 2.43, 2.1, 1.88, 1.78, 1.74, 1.39, 1.37, 1.6, 1.96, 1.79, 0.95, 1.11, 1.23, 1.26, 1.06, 1.4, 1.43, 2.57, 3.28, 2.83, 3.59, 3.07, 2.72, 2.42, 1.58, 1.52, 1.0, 0.98, 0, 0.97, 1.34, 1.19, 1.39, 1.49, 1.61, 1.61, 2.14, 2.58, 2.98, 3.92, 4.41, 4.5, 4.53, 4.99, 5.22, 5.5], [4.07, 4.06, 4.64, 4.47, 4.922, 5.569, 5.539, 5.939, 5.781, 6.069, 6.589, 8.052, 9.025, 9.085, 10.131, 10.214, 9.624, 9.521, 9.796, 9.426, 9.248, 8.263, 7.965, 8.013, 8.338, 9.998, 10.631, 11.179, 10.855, 8.223, 5.276, 5.966, 7.093, 6.538, 6.158, 5.553, 4.861, 4.216, 3.8, 3.45, 2.74, 2.67, 2.37, 2.23, 2.33, 1.92, 1.56, 1.57, 1.89, 1.54, 0.98, 1.26, 1.52, 1.47, 1.19, 1.39, 1.72, 2.74, 3.05, 2.52, 2.94, 2.68, 2.29, 2.23, 1.51, 1.55, 1.39, 1.37, 0.97, 0, 1.17, 1.48, 1.94, 1.94, 1.88, 1.76, 2.39, 2.79, 3.11, 4.03, 4.44, 4.49, 4.54, 5.02, 5.27, 5.55], [4.68, 4.69, 5.27, 5.04, 5.459, 6.141, 6.109, 6.57, 6.431, 6.719, 7.239, 8.702, 9.67, 9.73, 10.79, 10.884, 10.234, 10.131, 10.406, 10.056, 9.878, 8.853, 8.555, 8.603, 8.928, 10.588, 11.221, 11.769, 11.445, 8.822, 5.886, 6.576, 7.662, 7.128, 6.748, 6.143, 5.451, 4.826, 4.51, 4.22, 3.51, 2.98, 2.76, 2.62, 2.44, 2.07, 1.81, 1.36, 1.6, 1.67, 1.03, 1.25, 1.27, 1.18, 1.32, 1.62, 1.89, 2.57, 2.82, 2.45, 3.11, 2.69, 2.74, 2.48, 2.2, 2.24, 1.7, 1.36, 1.34, 1.17, 0, 1.09, 1.67, 1.63, 1.53, 1.81, 2.6, 3.04, 3.6, 4.62, 5.07, 5.14, 5.19, 5.67, 5.92, 6.2], [4.73, 4.78, 5.34, 5.09, 5.49, 6.22, 6.16, 6.62, 6.478, 6.766, 7.286, 8.749, 9.7, 9.76, 10.82, 10.92, 10.281, 10.178, 10.453, 10.103, 9.925, 8.901, 8.622, 8.651, 8.975, 10.635, 11.268, 11.816, 11.492, 8.869, 5.953, 6.646, 7.733, 7.175, 6.795, 6.191, 5.536, 4.853, 4.32, 3.99, 3.26, 2.73, 2.51, 2.35, 2.13, 1.78, 1.66, 1.53, 2.13, 2.1, 1.42, 1.26, 1.22, 1.17, 1.25, 1.73, 2.06, 2.62, 3.09, 3.151, 3.88, 3.28, 3.17, 2.73, 2.37, 2.39, 1.65, 1.31, 1.19, 1.48, 1.09, 0, 0.92, 1.16, 1.18, 1.84, 2.57, 3.15, 3.71, 4.73, 5.16, 5.19, 5.28, 5.72, 5.97, 6.25], [4.73, 4.82, 5.22, 5.01, 5.43, 6.14, 6.086, 6.52, 6.358, 6.646, 7.186, 8.649, 9.622, 9.682, 10.748, 10.82, 10.221, 10.118, 10.393, 10.023, 9.845, 8.89, 8.603, 8.631, 8.95, 10.607, 11.248, 11.776, 11.452, 8.829, 5.933, 6.626, 7.733, 7.135, 6.755, 6.171, 5.496, 4.793, 4.236, 3.89, 3.24, 2.57, 2.39, 2.29, 2.05, 1.88, 1.86, 1.95, 2.45, 2.54, 1.66, 1.38, 1.24, 1.11, 1.45, 2.05, 2.24, 2.86, 3.47, 3.66, 4.5, 3.8, 3.57, 2.91, 2.39, 2.45, 1.75, 1.47, 1.39, 1.94, 1.67, 0.92, 0, 0.62, 1.08, 1.82, 2.55, 3.17, 3.69, 4.69, 5.12, 5.15, 5.2, 5.64, 5.85, 6.13], [4.55, 4.54, 4.86, 4.644, 5.059, 5.769, 5.726, 6.14, 5.998, 6.286, 6.826, 8.298, 9.242, 9.308, 10.414, 10.52, 9.924, 9.784, 10.074, 9.704, 9.494, 8.55, 8.243, 8.291, 8.587, 10.258, 10.897, 11.416, 11.089, 8.463, 5.653, 6.286, 7.393, 6.781, 6.398, 5.811, 5.136, 4.433, 3.96, 3.67, 3.1, 2.47, 2.23, 2.2