[[0, 1.01, 1.86, 2.12, 2.15, 2.66, 2.61, 2.04, 1.84, 2.13, 2.01, 2.14, 2.46, 2.24, 2.05, 1.62, 1.89, 2.34, 2.36, 1.68, 1.88, 3.77, 4.65, 4.95, 5.1, 5.5, 5.35, 5.33, 6.07, 5.23, 3.91, 3.25, 3.97, 4.03, 3.82, 3.79, 3.91, 3.7, 2.4, 2.54, 2.94, 3.5, 3.8, 4.51, 4.73, 4.9, 4.91, 5.17, 4.95, 4.36, 4.51, 4.46, 4.77, 4.99, 5.29, 5.52, 5.89, 6.88, 8.19, 10.383, 11.655, 11.788, 11.658, 11.058, 10.508, 9.868, 9.508, 8.973, 8.18, 8.76, 10.21, 10.46, 10.68, 10.84, 11.04, 10.92, 10.66, 10.67, 10.83, 10.867, 11.07, 11.333, 11.093, 10.92, 10.493, 10.77], [1.01, 0, 1.09, 1.21, 1.3, 1.83, 1.9, 1.49, 1.27, 1.74, 1.94, 1.87, 2.17, 2.05, 1.68, 1.55, 2.24, 2.81, 2.77, 1.99, 1.55, 3.14, 4.0, 4.28, 4.39, 4.79, 4.66, 4.54, 5.34, 4.54, 3.32, 2.72, 3.24, 3.32, 3.15, 3.04, 3.16, 3.13, 2.37, 2.75, 3.41, 3.89, 4.29, 5.16, 5.32, 5.53, 5.5, 5.82, 5.6, 4.93, 5.1, 5.03, 5.36, 5.48, 5.84, 6.13, 6.52, 7.55, 8.86, 10.995, 12.245, 12.378, 12.248, 11.654, 11.104, 10.501, 10.138, 9.543, 8.75, 9.408, 10.84, 11.15, 11.29, 11.45, 11.61, 11.546, 11.348, 11.36, 11.48, 11.437, 11.734, 11.925, 11.703, 11.55, 11.103, 11.4], [1.86, 1.09, 0, 0.86, 1.21, 1.2, 1.79, 1.54, 1.54, 2.13, 2.23, 2.2, 2.3, 2.3, 2.01, 2.1, 3.03, 3.4, 3.3, 2.64, 1.96, 2.95, 3.53, 3.89, 3.94, 4.34, 4.17, 3.97, 4.75, 4.23, 3.29, 2.85, 3.07, 3.15, 2.92, 2.69, 2.67, 3.0, 2.74, 3.46, 4.16, 4.5, 5.02, 5.93, 6.07, 6.32, 6.29, 6.65, 6.41, 5.78, 5.77, 5.7, 6.01, 5.99, 6.47, 6.88, 7.23, 8.278, 9.65, 11.728, 12.875, 13.014, 12.924, 12.375, 11.82, 11.274, 10.808, 10.195, 9.42, 9.96, 11.47, 11.78, 11.96, 12.1, 12.28, 12.18, 11.94, 12.01, 12.09, 12.087, 12.367, 12.613, 12.313, 12.18, 11.773, 12.09], [2.12, 1.21, 0.86, 0, 0.93, 0.9, 1.53, 1.36, 1.2, 1.81, 2.17, 2.04, 2.18, 2.12, 1.65, 1.86, 2.69, 3.2, 3.18, 2.4, 1.74, 2.73, 3.29, 3.67, 3.66, 4.1, 3.99, 3.79, 4.53, 3.95, 2.97, 2.49, 2.83, 2.95, 2.7, 2.45, 2.51, 2.82, 2.62, 3.28, 4.02, 4.3, 4.8, 5.71, 5.83, 6.12, 6.09, 6.43, 6.19, 5.6, 5.63, 5.54, 5.89, 5.89, 6.37, 6.72, 7.07, 8.1, 9.43, 11.525, 12.773, 12.908, 12.721, 12.129, 11.634, 11.111, 10.685, 10.053, 9.32, 10.132, 11.556, 11.966, 11.88, 12.04, 12.14, 12.207, 11.955, 12.01, 12.122, 12.081, 12.421, 12.733, 12.452, 12.24, 11.933, 12.217], [2.15, 1.3, 1.21, 0.93, 0, 0.93, 1.24, 1.25, 1.15, 1.64, 1.92, 1.79, 1.89, 1.91, 1.56, 1.69, 2.6, 3.05, 3.03, 2.21, 1.41, 2.34, 3.12, 3.46, 3.55, 3.99, 3.96, 3.76, 4.52, 3.66, 2.74, 2.44, 2.76, 2.78, 2.61, 2.46, 2.52, 2.69, 2.39, 2.99, 3.77, 3.95, 4.51, 5.48, 5.64, 5.79, 5.76, 6.06, 5.86, 5.21, 5.38, 5.25, 5.52, 5.6, 6.0, 6.37, 6.68, 7.77, 9.12, 11.195, 12.56, 12.71, 12.468, 11.939, 11.404, 10.701, 10.59, 10.017, 9.27, 10.164, 11.754, 11.867, 11.873, 11.91, 12.15, 12.14, 11.825, 11.98, 12.055, 12.028, 12.411, 12.793, 12.534, 12.058, 11.95, 12.214], [2.66, 1.83, 1.2, 0.9, 0.93, 0, 1.19, 1.42, 1.34, 1.83, 2.11, 1.98, 1.96, 1.96, 1.69, 2.1, 3.11, 3.38, 3.28, 2.58, 1.78, 2.03, 2.51, 2.89, 2.98, 3.36, 3.41, 3.19, 3.85, 3.25, 2.79, 2.47, 2.71, 2.65, 2.44, 2.23, 2.15, 2.64, 2.64, 3.58, 4.32, 4.5, 4.98, 5.95, 6.13, 6.34, 6.31, 6.61, 6.37, 5.72, 5.75, 5.66, 5.91, 5.95, 6.39, 6.838, 7.13, 8.258, 9.65, 11.765, 13.23, 13.38, 13.035, 12.441, 11.925, 11.248, 11.12, 10.567, 9.78, 10.763, 12.324, 12.523, 12.443, 12.52, 12.72, 12.747, 12.395, 12.57, 12.602, 12.598, 13.021, 13.4, 13.109, 12.765, 12.554, 12.826], [2.61, 1.9, 1.79, 1.53, 1.24, 1.19, 0, 1.27, 1.37, 1.22, 1.66, 1.23, 1.15, 1.37, 1.18, 1.89, 2.84, 3.07, 2.69, 2.21, 1.17, 1.46, 2.28, 2.5, 2.67, 3.13, 3.06, 2.88, 3.64, 2.74, 2.08, 1.64, 2.0, 1.84, 1.69, 1.62, 1.7, 1.87, 2.41, 3.43, 4.07, 4.07, 4.45, 5.34, 5.72, 5.95, 5.86, 5.82, 5.76, 5.21, 5.04, 5.19, 5.44, 5.42, 5.5, 5.89, 6.2, 7.29, 8.878, 11.23, 12.851, 13.064, 12.603, 11.99, 11.557, 10.893, 10.955, 10.327, 9.696, 10.742, 12.311, 12.502, 12.33, 12.39, 12.559, 12.594, 12.196, 12.468, 12.594, 12.584, 12.947, 13.39, 13.102, 12.678, 12.547, 12.799], [2.04, 1.49, 1.54, 1.36, 1.25, 1.42, 1.27, 0, 0.58, 1.01, 1.29, 1.2, 1.26, 1.4, 1.27, 1.44, 2.51, 2.48, 2.26, 1.92, 1.32, 2.23, 2.97, 3.23, 3.4, 3.82, 3.65, 3.65, 4.41, 3.61, 2.75, 2.09, 2.49, 2.55, 2.26, 2.23, 2.33, 2.2, 1.74, 3.12, 3.68, 3.82, 4.4, 5.37, 5.59, 5.84, 5.83, 5.99, 5.75, 5.12, 4.85, 4.86, 5.09, 5.09, 5.53, 6.038, 6.348, 7.475, 9.03, 11.26, 12.787, 12.918, 12.573, 11.929, 11.456, 10.805, 10.54, 9.967, 9.178, 10.172, 11.564, 11.997, 11.866, 12.04, 12.095, 12.19, 11.895, 11.81, 12.085, 12.138, 12.441, 12.846, 12.601, 12.268, 12.003, 12.273], [1.84, 1.27, 1.54, 1.2, 1.15, 1.34, 1.37, 0.58, 0, 0.97, 1.19, 1.2, 1.4, 1.4, 1.21, 1.22, 2.33, 2.36, 2.2, 1.78, 1.36, 2.37, 3.17, 3.47, 3.62, 4.08, 3.91, 3.83, 4.63, 3.77, 2.87, 2.17, 2.65, 2.69, 2.38, 2.39, 2.51, 2.34, 1.94, 2.9, 3.6, 3.78, 4.3, 5.23, 5.41, 5.68, 5.65, 5.93, 5.69, 5.02, 4.83, 4.84, 5.05, 5.03, 5.51, 6.035, 6.325, 7.475, 8.95, 11.125, 12.57, 12.7, 12.375, 11.761, 11.265, 10.628, 10.32, 9.727, 8.92, 9.986, 11.382, 11.783, 11.686, 11.82, 11.92, 12.007, 11.675, 11.61, 11.822, 11.878, 12.241, 12.643, 12.389, 12.065, 11.8, 12.052], [2.13, 1.74, 2.13, 1.81, 1.64, 1.83, 1.22, 1.01, 0.97, 0, 1.08, 0.93, 1.25, 1.53, 1.14, 1.25, 2.3, 2.37, 1.97, 1.73, 1.19, 2.06, 2.84, 3.08, 3.31, 3.83, 3.7, 3.64, 4.38, 3.46, 2.5, 1.76, 2.34, 2.42, 2.17, 2.28, 2.32, 2.13, 2.15, 3.07, 3.75, 3.77, 4.17, 5.06, 5.4, 5.67, 5.54, 5.48, 5.36, 4.83, 4.52, 4.71, 4.86, 4.86, 5.0, 5.388, 5.68, 6.808, 8.715, 10.947, 12.623, 12.776, 12.346, 11.684, 11.261, 10.564, 10.424, 9.888, 9.142, 10.282, 11.769, 12.102, 11.873, 12.03, 12.131, 12.205, 11.779, 11.84, 12.097, 12.187, 12.539, 12.976, 12.711, 12.323, 12.147, 12.399], [2.01, 1.94, 2.23, 2.17, 1.92, 2.11, 1.66, 1.29, 1.19, 1.08, 0, 1.11, 1.27, 1.51, 1.42, 1.47, 2.26, 2.25, 1.93, 1.63, 1.41, 2.4, 2.92, 3.26, 3.41, 3.83, 3.64, 3.58, 4.38, 3.56, 2.48, 1.72, 2.28, 2.28, 2.05, 2.06, 2.18, 1.97, 1.69, 2.83, 3.47, 3.45, 3.97, 4.88, 5.16, 5.41, 5.34, 5.38, 5.22, 4.59, 4.26, 4.45, 4.48, 4.54, 4.78, 5.2, 5.53, 6.7, 8.535, 10.73, 12.409, 12.542, 12.092, 11.484, 11.05, 10.287, 10.227, 9.671, 8.922, 9.993, 11.54, 11.793, 11.693, 11.75, 11.931, 11.985, 11.539, 11.74, 11.8, 11.873, 12.279, 12.685, 12.416, 12.026, 11.842, 12.093], [2.14, 1.87, 2.2, 2.04, 1.79, 1.98, 1.23, 1.2, 1.2, 0.93, 1.11, 0, 0.84, 0.94, 0.71, 1.06, 2.07, 2.26, 1.8, 1.54, 1.04, 2.15, 2.85, 3.13, 3.34, 3.84, 3.63, 3.65, 4.41, 3.53, 2.43, 1.73, 2.31, 2.31, 2.0, 2.03, 2.17, 1.94, 1.7, 2.72, 3.44, 3.44, 3.78, 4.73, 5.07, 5.3, 5.29, 5.23, 5.13, 4.62, 4.35, 4.42, 4.59, 4.55, 4.77, 5.218, 5.51, 6.655, 8.308, 10.577, 12.199, 12.412, 11.913, 11.357, 10.941, 10.243, 10.19, 9.672, 8.926, 10.089, 11.596, 11.889, 11.617, 11.714, 11.909, 11.918, 11.406, 11.71, 11.864, 11.972, 12.334, 12.758, 12.489, 12.045, 11.954, 12.203], [2.46, 2.17, 2.3, 2.18, 1.89, 1.96, 1.15, 1.26, 1.4, 1.25, 1.27, 0.84, 0, 0.72, 1.03, 1.62, 2.59, 2.62, 2.12, 2.02, 1.4, 1.87, 2.47, 2.75, 2.94, 3.44, 3.23, 3.25, 4.01, 3.13, 2.19, 1.61, 2.11, 2.03, 1.68, 1.71, 1.89, 1.82, 2.08, 3.34, 3.98, 3.98, 4.26, 5.11, 5.59, 5.84, 5.69, 5.61, 5.59, 5.02, 4.57, 4.897, 4.99, 4.97, 4.95, 5.455, 5.745, 6.895, 8.702, 11.116, 12.707, 12.837, 12.473, 11.788, 11.424, 10.683, 10.582, 10.103, 9.337, 10.457, 11.953, 12.297, 12.14, 12.255, 12.321, 12.461, 11.96, 12.147, 12.33, 12.403, 12.686, 13.158, 12.924, 12.571, 12.323, 12.558], [2.24, 2.05, 2.3, 2.12, 1.91, 1.96, 1.37, 1.4, 1.4, 1.53, 1.51, 0.94, 0.72, 0, 0.89, 1.34, 2.23, 2.38, 2.02, 1.76, 1.5, 2.31, 2.79, 3.07, 3.26, 3.76, 3.57, 3.59, 4.35, 3.47, 2.25, 1.75, 2.43, 2.33, 2.1, 2.07, 2.15, 2.1, 1.8, 2.96, 3.6, 3.72, 4.02, 4.89, 5.27, 5.52, 5.41, 5.51, 5.39, 4.78, 4.53, 4.72, 4.87, 4.77, 4.99, 5.535, 5.825, 6.975, 8.49, 10.883, 12.324, 12.474, 12.155, 11.538, 11.062, 10.428, 10.225, 9.723, 8.974, 10.114, 11.636, 11.917, 11.74, 11.86, 11.967, 12.064, 11.563, 11.767, 11.967, 12.02, 12.354, 12.792, 12.541, 12.171, 11.98, 12.229], [2.05, 1.68, 2.01, 1.65, 1.56, 1.69, 1.18, 1.27, 1.21, 1.14, 1.42, 0.71, 1.03, 0.89, 0, 1.09, 2.12, 2.33, 2.05, 1.57, 1.01, 2.16, 2.84, 3.14, 3.33, 3.85, 3.7, 3.68, 4.44, 3.56, 2.4, 1.72, 2.34, 2.36, 2.05, 2.06, 2.26, 2.15, 1.93, 2.77, 3.51, 3.61, 3.83, 4.76, 5.14, 5.33, 5.34, 5.46, 5.24, 4.71, 4.6, 4.61, 4.9, 4.82, 5.08, 5.45, 5.76, 6.85, 8.34, 10.713, 12.209, 12.362, 11.945, 11.328, 10.943, 10.318, 10.186, 9.69, 8.984, 10.084, 11.617, 11.864, 11.647, 11.739, 11.87, 11.965, 11.447, 11.752, 11.914, 11.967, 12.307, 12.756, 12.465, 12.075, 11.91, 12.162], [1.62, 1.55, 2.1, 1.86, 1.69, 2.1, 1.89, 1.44, 1.22, 1.25, 1.47, 1.06, 1.62, 1.34, 1.09, 0, 1.37, 1.78, 1.66, 0.98, 1.16, 2.87, 3.67, 3.93, 4.14, 4.58, 4.33, 4.33, 5.11, 4.33, 3.07, 2.35, 3.05, 3.07, 2.78, 2.79, 2.97, 2.76, 1.9, 2.08, 2.92, 3.16, 3.44, 4.43, 4.61, 4.8, 4.87, 5.11, 4.83, 4.34, 4.33, 4.22, 4.45, 4.45, 4.81, 5.18, 5.49, 6.58, 8.05, 10.265, 11.61, 11.78, 11.401, 10.869, 10.414, 9.791, 9.52, 9.047, 8.24, 9.352, 10.859, 11.172, 10.877, 11.014, 11.209, 11.195, 10.709, 10.953, 11.144, 11.254, 11.614, 12.04, 11.772, 11.345, 11.234, 11.486], [1.89, 2.24, 3.03, 2.69, 2.6, 3.11, 2.84, 2.51, 2.33, 2.3, 2.26, 2.07, 2.59, 2.23, 2.12, 1.37, 0, 1.01, 1.15, 1.05, 1.93, 4.0, 4.8, 5.04, 5.27, 5.71, 5.48, 5.5, 6.22, 5.44, 4.18, 3.34, 4.16, 4.16, 3.91, 3.94, 4.06, 3.83, 2.33, 1.27, 1.89, 2.29, 2.43, 3.36, 3.48, 3.71, 3.76, 3.98, 3.78, 3.23, 3.38, 3.35, 3.58, 3.64, 3.98, 4.29, 4.64, 5.69, 7.04, 9.135, 10.42, 10.593, 10.328, 9.756, 9.244, 8.681, 8.315, 7.843, 7.07, 8.162, 9.649, 9.982, 9.707, 9.844, 10.019, 10.028, 9.556, 9.76, 9.974, 10.067, 10.407, 10.87, 10.587, 10.2, 10.027, 10.279], [2.34, 2.81, 3.4, 3.2, 3.05, 3.38, 3.07, 2.48, 2.36, 2.37, 2.25, 2.26, 2.62, 2.38, 2.33, 1.78, 1.01, 0, 0.76, 1.38, 2.46, 4.21, 5.03, 5.27, 5.5, 5.94, 5.69, 5.71, 6.43, 5.67, 4.41, 3.53, 4.35, 4.35, 4.08, 4.13, 4.25, 4.0, 2.36, 1.74, 2.08, 2.0, 2.2, 3.13, 3.33, 3.6, 3.61, 3.83, 3.61, 2.94, 2.83, 2.84, 3.15, 3.13, 3.55, 3.96, 4.27, 5.36, 6.85, 9.025, 10.524, 10.655, 10.293, 9.661, 9.185, 8.528, 8.237, 7.747, 6.952, 8.077, 9.504, 9.917, 9.743, 9.9, 9.943, 10.075, 9.629, 9.71, 9.97, 10.023, 10.309, 10.778, 10.544, 10.193, 9.943, 10.161], [2.36, 2.77, 3.3, 3.18, 3.03, 3.28, 2.69, 2.26, 2.2, 1.97, 1.93, 1.8, 2.12, 2.02, 2.05, 1.66, 1.15, 0.76, 0, 1.12, 2.2, 3.75, 4.57, 4.81, 5.04, 5.48, 5.17, 5.19, 5.93, 5.21, 3.95, 3.13, 3.81, 3.79, 3.5, 3.59, 3.71, 3.46, 2.02, 1.82, 2.24, 2.16, 2.52, 3.43, 3.73, 3.98, 3.91, 4.01, 3.91, 3.24, 2.91, 3.1, 3.31, 3.35, 3.59, 4.02, 4.33, 5.438, 7.05, 9.34, 10.899, 11.052, 10.655, 10.029, 9.565, 8.905, 8.688, 8.146, 7.406, 8.54, 9.982, 10.38, 10.22, 10.36, 10.392, 10.547, 10.106, 10.147, 10.43, 10.503, 10.786, 11.241, 11.024, 10.671, 10.406, 10.641], [1.68, 1.99, 2.64, 2.4, 2.21, 2.58, 2.21, 1.92, 1.78, 1.73, 1.63, 1.54, 2.02, 1.76, 1.57, 0.98, 1.05, 1.38, 1.12, 0, 1.48, 3.39, 4.21, 4.45, 4.68, 5.12, 4.81, 4.81, 5.57, 4.85, 3.59, 2.79, 3.45, 3.37, 3.06, 3.17, 3.31, 3.06, 1.64, 1.6, 2.18, 2.38, 2.74, 3.69, 3.91, 4.12, 4.17, 4.33, 4.09, 3.56, 3.57, 3.48, 3.73, 3.75, 4.15, 4.56, 4.87, 5.96, 7.31, 9.563, 11.01, 11.18, 10.835, 10.235, 9.742, 9.148, 8.9, 8.427, 7.7, 8.732, 10.262, 10.532, 10.277, 10.414, 10.54, 10.589, 10.166, 10.379, 10.584, 10.617, 10.957, 11.403, 11.132, 10.725, 10.577, 10.829], [1.88, 1.55, 1.96, 1.74, 1.41, 1.78, 1.17, 1.32, 1.36, 1.19, 1.41, 1.04, 1.4, 1.5, 1.01, 1.16, 1.93, 2.46, 2.2, 1.48, 0, 2.17, 3.01, 3.33, 3.44, 3.86, 3.67, 3.63, 4.43, 3.63, 2.65, 2.03, 2.41, 2.35, 2.12, 2.07, 2.21, 2.08, 2.06, 2.56, 3.1, 3.28, 3.44, 4.41, 4.77, 4.94, 4.93, 4.95, 4.77, 4.28, 4.33, 4.32, 4.59, 4.59, 4.79, 5.1, 5.43, 6.5, 7.95, 10.24, 11.873, 12.083, 11.573, 11.063, 10.638, 9.925, 10.01, 9.443, 8.791, 9.837, 11.441, 11.566, 11.377, 11.432, 11.663, 11.655, 11.206, 11.549, 11.664, 11.649, 12.046, 12.469, 12.16, 11.702, 11.652, 11.88], [3.77, 3.14, 2.95, 2.73, 2.34, 2.03, 1.46, 2.23, 2.37, 2.06, 2.4, 2.15, 1.87, 2.31, 2.16, 2.87, 4.0, 4.21, 3.75, 3.39, 2.17, 0, 1.28, 1.68, 1.93, 2.09, 1.98, 2.06, 2.54, 2.04, 2.0, 1.86, 2.1, 1.62, 1.63, 1.82, 1.98, 1.95, 3.21, 4.49, 4.89, 4.95, 5.33, 6.331, 6.802, 6.921, 6.831, 6.46, 6.414, 6.224, 5.94, 6.101, 6.04, 6.06, 5.42, 5.625, 5.673, 6.763, 9.106, 11.86, 13.607, 13.837, 13.418, 12.941, 12.598, 11.805, 12.134, 11.533, 10.855, 11.927, 13.525, 13.627, 13.469, 13.409, 13.724, 13.635, 13.226, 13.67, 13.742, 13.69, 14.078, 14.487, 14.187, 13.617, 13.678, 13.901], [4.65, 4.0, 3.53, 3.29, 3.12, 2.51, 2.28, 2.97, 3.17, 2.84, 2.92, 2.85, 2.47, 2.79, 2.84, 3.67, 4.8, 5.03, 4.57, 4.21, 3.01, 1.28, 0, 0.92, 1.17, 1.45, 1.46, 1.54, 1.86, 1.62, 1.64, 2.12, 1.6, 1.42, 1.61, 1.76, 1.84, 1.63, 3.57, 5.39, 5.85, 5.91, 6.23, 7.271, 7.771, 7.89, 7.791, 7.411, 7.374, 7.184, 6.851, 7.018, 6.788, 6.914, 6.243, 6.331, 6.487, 7.577, 10.066, 12.82, 14.567, 14.757, 14.407, 13.873, 13.53, 12.719, 12.969, 12.453, 11.747, 12.827, 14.417, 14.547, 14.347, 14.358, 14.624, 14.564, 14.081, 14.525, 14.617, 14.65, 15.035, 15.444, 15.147, 14.574, 14.635, 14.858], [4.95, 4.28, 3.89, 3.67, 3.46, 2.89, 2.5, 3.23, 3.47, 3.08, 3.26, 3.13, 2.75, 3.07, 3.14, 3.93, 5.04, 5.27, 4.81, 4.45, 3.33, 1.68, 0.92, 0, 0.81, 1.23, 1.16, 1.18, 1.52, 1.02, 1.86, 2.26, 1.58, 1.64, 1.85, 2.04, 2.06, 1.75, 3.77, 5.65, 6.15, 6.19, 6.51, 7.554, 8.008, 8.164, 8.054, 7.72, 7.643, 7.467, 7.134, 7.284, 7.108, 7.177, 6.629, 6.499, 6.273, 7.796, 10.4, 13.172, 14.887, 15.094, 14.664, 14.096, 13.793, 13.034, 13.226, 12.696, 12.004, 13.07, 14.674, 14.83, 14.578, 14.609, 14.87, 14.79, 14.341, 14.785, 14.874, 14.913, 15.304, 15.712, 15.413, 14.866, 14.909, 15.135], [5.1, 4.39, 3.94, 3.66, 3.55, 2.98, 2.67, 3.4, 3.62, 3.31, 3.41, 3.34, 2.94, 3.26, 3.33, 4.14, 5.27, 5.5, 5.04, 4.68, 3.44, 1.93, 1.17, 0.81, 0, 0.98, 1.07, 1.19, 1.33, 1.15, 1.91, 2.47, 1.77, 1.65, 1.98, 2.19, 2.15, 1.84, 4.0, 5.82, 6.34, 6.36, 6.7, 7.707, 8.178, 8.32, 8.23, 7.91, 7.836, 7.623, 7.287, 7.443, 7.324, 7.373, 6.859, 6.686, 6.362, 8.029, 10.633, 13.405, 15.103, 15.31, 14.823, 14.277, 13.954, 13.21, 13.43, 12.863, 12.191, 13.257, 14.861, 14.983, 14.771, 14.786, 15.06, 14.988, 14.534, 14.969, 15.061, 15.066, 15.462, 15.871, 15.571, 15.027, 15.065, 15.294], [5.5, 4.79, 4.34, 4.1, 3.99, 3.36, 3.13, 3.82, 4.08, 3.83, 3.83, 3.84, 3.44, 3.76, 3.85, 4.58, 5.71, 5.94, 5.48, 5.12, 3.86, 2.09, 1.45, 1.23, 0.98, 0, 0.79, 0.97, 1.03, 1.51, 2.33, 2.81, 2.03, 1.93, 2.3, 2.39, 2.35, 2.3, 4.36, 6.2, 6.64, 6.58, 6.993, 7.966, 8.435, 8.485, 8.415, 8.069, 8.072, 7.891, 7.583, 7.742, 7.646, 7.669, 7.039, 6.751, 6.488, 7.94, 10.624, 13.419, 15.112, 15.424, 15.079, 14.553, 14.251, 13.453, 13.849, 13.188, 12.562, 13.582, 15.192, 15.31, 15.158, 15.119, 15.367, 15.313, 14.933, 15.377, 15.457, 15.348, 15.636, 16.045, 15.819, 15.161, 15.236, 15.539], [5.35, 4.66, 4.17, 3.99, 3.96, 3.41, 3.06, 3.65, 3.91, 3.7, 3.64, 3.63, 3.23, 3.57, 3.7, 4.33, 5.48, 5.69, 5.17, 4.81, 3.67, 1.98, 1.46, 1.16, 1.07, 0.79, 0, 0.64, 0.98, 1.52, 2.3, 2.72, 1.9, 1.78, 2.15, 2.16, 2.12, 1.99, 4.01, 5.89, 6.29, 6.257, 6.657, 7.608, 8.082, 8.109, 8.102, 7.734, 7.722, 7.563, 7.25, 7.42, 7.316, 7.312, 6.706, 6.456, 6.147, 7.539, 10.191, 12.946, 14.653, 14.966, 14.632, 14.109, 13.908, 13.124, 13.512, 12.852, 12.226, 13.243, 14.833, 14.986, 14.822, 14.788, 15.03, 14.973, 14.593, 15.037, 15.12, 14.997, 15.306, 15.575, 15.406, 14.814, 14.886, 15.203], [5.33, 4.54, 3.97, 3.79, 3.76, 3.19, 2.88, 3.65, 3.83, 3.64, 3.58, 3.65, 3.25, 3.59, 3.68, 4.33, 5.5, 5.71, 5.19, 4.81, 3.63, 2.06, 1.54, 1.18, 1.19, 0.97, 0.64, 0, 1.04, 1.38, 2.06, 2.44, 1.6, 1.56, 1.93, 1.84, 1.76, 1.87, 3.99, 5.885, 6.31, 6.266, 6.671, 7.611, 8.087, 8.141, 8.108, 7.731, 7.722, 7.577, 7.244, 7.411, 7.293, 7.326, 6.689, 6.481, 6.287, 7.645, 10.237, 13.012, 14.659, 14.969, 14.623, 14.101, 13.928, 13.145, 13.509, 12.866, 12.22, 13.246, 14.836, 14.98, 14.839, 14.788, 15.045, 14.985, 14.594, 15.038, 15.118, 14.998, 15.312, 15.601, 15.432, 14.854, 14.892, 15.209], [6.07, 5.34, 4.75, 4.53, 4.52, 3.85, 3.64, 4.41, 4.63, 4.38, 4.38, 4.41, 4.01, 4.35, 4.44, 5.11, 6.22, 6.43, 5.93, 5.57, 4.43, 2.54, 1.86, 1.52, 1.33, 1.03, 0.98, 1.04, 0, 1.32, 2.52, 3.04, 2.24, 2.26, 2.71, 2.66, 2.54, 2.67, 4.73, 6.65, 7.05, 7.026, 7.437, 8.37, 8.859, 8.909, 8.859, 8.479, 8.482, 8.329, 8.026, 8.167, 8.035, 8.075, 7.402, 7.166, 6.901, 8.259, 10.891, 13.691, 15.375, 15.731, 15.42, 14.891, 14.662, 13.853, 14.284, 13.635, 12.992, 14.009, 15.599, 15.745, 15.585, 15.53, 15.811, 15.736, 15.365, 15.809, 15.889, 15.775, 16.051, 16.38, 16.203, 15.542, 15.651, 15.942], [5.23, 4.54, 4.23, 3.95, 3.66, 3.25, 2.74, 3.61, 3.77, 3.46, 3.56, 3.53, 3.13, 3.47, 3.56, 4.33, 5.44, 5.67, 5.21, 4.85, 3.63, 2.04, 1.62, 1.02, 1.15, 1.51, 1.52, 1.38, 1.32, 0, 1.82, 2.36, 1.82, 1.78, 2.09, 2.36, 2.32, 2.09, 4.15, 5.97, 6.45, 6.51, 6.87, 7.857, 8.334, 8.467, 8.377, 8.04, 7.963, 7.77, 7.457, 7.61, 7.466, 7.559, 6.966, 6.859, 6.547, 8.116, 10.746, 13.506, 15.224, 15.429, 14.987, 14.442, 14.139, 13.357, 13.6, 13.03, 12.358, 13.418, 15.028, 15.153, 14.938, 14.924, 15.236, 15.156, 14.698, 15.133, 15.228, 15.236, 15.592, 16.001, 15.738, 15.168, 15.195, 15.441], [3.91, 3.32, 3.29, 2.97, 2.74, 2.79, 2.08, 2.75, 2.87, 2.5, 2.48, 2.43, 2.19, 2.25, 2.4, 3.07, 4.18, 4.41, 3.95, 3.59, 2.65, 2.0, 1.64, 1.86, 1.91, 2.33, 2.3, 2.06, 2.52, 1.82, 0, 1.14, 1.18, 1.38, 1.51, 1.62, 1.7, 1.53, 2.93, 4.69, 5.29, 5.19, 5.51, 6.44, 7.0, 7.07, 7.04, 6.72, 6.732, 6.436, 6.077, 6.261, 6.263, 6.212, 5.732, 5.851, 6.064, 7.254, 9.586, 12.186, 13.859, 14.084, 13.637, 13.077, 12.788, 12.052, 12.319, 11.667, 11.041, 12.041, 13.631, 13.813, 13.658, 13.693, 13.864, 13.879, 13.476, 13.87, 13.969, 13.896, 14.213, 14.61, 14.344, 13.829, 13.833, 14.107], [3.25, 2.72, 2.85, 2.49, 2.44, 2.47, 1.64, 2.09, 2.17, 1.76, 1.72, 1.73, 1.61, 1.75, 1.72, 2.35, 3.34, 3.53, 3.13, 2.79, 2.03, 1.86, 2.12, 2.26, 2.47, 2.81, 2.72, 2.44, 3.04, 2.36, 1.14, 0, 1.14, 1.42, 1.27, 1.54, 1.76, 1.69, 2.33, 3.85, 4.51, 4.45, 4.73, 5.68, 6.14, 6.35, 6.3, 6.06, 5.98, 5.716, 5.32, 5.51, 5.523, 5.414, 5.14, 5.317, 5.65, 6.817, 8.846, 11.498, 13.122, 13.332, 12.848, 12.254, 11.988, 11.34, 11.476, 10.816, 10.164, 11.176, 12.754, 13.056, 12.836, 12.873, 13.001, 13.002, 12.616, 13.005, 13.109, 13.099, 13.422, 13.799, 13.547, 13.109, 13.062, 13.33], [3.97, 3.24, 3.07, 2.83, 2.76, 2.71, 2.0, 2.49, 2.65, 2.34, 2.28, 2.31, 2.11, 2.43, 2.34, 3.05, 4.16, 4.35, 3.81, 3.45, 2.41, 2.1, 1.6, 1.58, 1.77, 2.03, 1.9, 1.6, 2.24, 1.82, 1.18, 1.14, 0, 0.96, 1.11, 1.44, 1.36, 1.21, 2.73, 4.57, 5.17, 5.09, 5.43, 6.34, 6.86, 6.97, 6.9, 6.6, 6.614, 6.296, 5.94, 6.139, 6.166, 6.154, 5.597, 5.531, 5.627, 7.011, 9.498, 12.135, 13.8, 13.981, 13.551, 12.994, 12.674, 11.912, 12.188, 11.544, 10.898, 11.938, 13.548, 13.676, 13.546, 13.556, 13.744, 13.765, 13.339, 13.719, 13.829, 13.739, 14.093, 14.513, 14.25, 13.712, 13.702, 13.95], [4.03, 3.32, 3.15, 2.95, 2.78, 2.65, 1.84, 2.55, 2.69, 2.42, 2.28, 2.31, 2.03, 2.33, 2.36, 3.07, 4.16, 4.35, 3.79, 3.37, 2.35, 1.62, 1.42, 1.64, 1.65, 1.93, 1.78, 1.56, 2.26, 1.78, 1.38, 1.42, 0.96, 0, 0.79, 1.08, 1.2, 0.99, 2.77, 4.47, 4.99, 4.95, 5.35, 6.305, 6.825, 6.89, 6.82, 6.44, 6.452, 6.213, 5.902, 6.07, 5.937, 6.034, 5.429, 5.451, 5.67, 6.857, 9.217, 11.926, 13.628, 13.863, 13.494, 12.945, 12.619, 11.74, 12.116, 11.524, 10.858, 11.918, 13.528, 13.598, 13.455, 13.444, 13.709, 13.656, 13.227, 13.647, 13.728, 13.704, 14.058, 14.467, 14.21, 13.6, 13.669, 13.912], [3.82, 3.15, 2.92, 2.7, 2.61, 2.44, 1.69, 2.26, 2.38, 2.17, 2.05, 2.0, 1.68, 2.1, 2.05, 2.78, 3.91, 4.08, 3.5, 3.06, 2.12, 1.63, 1.61, 1.85, 1.98, 2.3, 2.15, 1.93, 2.71, 2.09, 1.51, 1.27, 1.11, 0.79, 0, 0.93, 1.15, 0.96, 2.5, 4.04, 4.64, 4.6, 4.9, 5.89, 6.367, 6.54, 6.47, 6.17, 6.099, 5.903, 5.51, 5.697, 5.667, 5.584, 5.205, 5.341, 5.62, 6.767, 8.982, 11.639, 13.323, 13.525, 13.058, 12.478, 12.172, 11.513, 11.692, 11.043, 10.394, 11.397, 13.004, 13.246, 13.057, 13.068, 13.228, 13.209, 12.811, 13.232, 13.316, 13.289, 13.628, 14.04, 13.754, 13.273, 13.251, 13.517], [3.79, 3.04, 2.69, 2.45, 2.46, 2.23, 1.62, 2.23, 2.39, 2.28, 2.06, 2.03, 1.71, 2.07, 2.06, 2.79, 3.94, 4.13, 3.59, 3.17, 2.07, 1.82, 1.76, 2.04, 2.19, 2.39, 2.16, 1.84, 2.66, 2.36, 1.62, 1.54, 1.44, 1.08, 0.93, 0, 0.68, 0.97, 2.25, 4.11, 4.61, 4.51, 4.91, 5.839, 6.362, 6.41, 6.36, 6.1, 6.08, 5.801, 5.479, 5.672, 5.592, 5.594, 5.34, 5.68, 6.07, 7.12, 8.952, 11.46, 13.122, 13.401, 13.05, 12.543, 12.193, 11.392, 11.736, 11.081, 10.455, 11.455, 13.045, 13.215, 13.078, 13.066, 13.263, 13.302, 12.869, 13.264, 13.348, 13.261, 13.555, 13.955, 13.695, 13.169, 13.175, 13.458], [3.91, 3.16, 2.67, 2.51, 2.52, 2.15, 1.7, 2.33, 2.51, 2.32, 2.18, 2.17, 1.89, 2.15, 2.26, 2.97, 4.06, 4.25, 3.71, 3.31, 2.21, 1.98, 1.84, 2.06, 2.15, 2.35, 2.12, 1.76, 2.54, 2.32, 1.7, 1.76, 1.36, 1.2, 1.15, 0.68, 0, 1.07, 2.39, 4.31, 4.87, 4.77, 5.23, 6.14, 6.6, 6.65, 6.56, 6.28, 6.3, 6.016, 5.72, 5.924, 5.86, 5.9, 5.64, 5.94, 6.29, 7.34, 9.392, 11.781, 13.437, 13.747, 13.332, 12.878, 12.465, 11.621, 11.951, 11.315, 10.649, 11.709, 13.319, 13.429, 13.329, 13.284, 13.529, 13.505, 13.107, 13.47, 13.579, 13.432, 13.79, 14.144, 13.95, 13.275, 13.37, 13.644], [3.7, 3.13, 3.0, 2.82, 2.69, 2.64, 1.87, 2.2, 2.34, 2.13, 1.97, 1.94, 1.82, 2.1, 2.15, 2.76, 3.83, 4.0, 3.46, 3.06, 2.08, 1.95, 1.63, 1.75, 1.84, 2.3, 1.99, 1.87, 2.67, 2.09, 1.53, 1.69, 1.21, 0.99, 0.96, 0.97, 1.07, 0, 2.26, 4.08, 4.58, 4.56, 5.0, 5.95, 6.418, 6.54, 6.45, 6.11, 6.13, 5.823, 5.507, 5.7, 5.61, 5.67, 5.225, 5.481, 5.594, 6.881, 9.179, 11.662, 13.381, 13.634, 13.167, 12.653, 12.287, 11.448, 11.727, 11.12, 10.448, 11.508, 13.118, 13.203, 13.054, 13.06, 13.351, 13.251, 12.863, 13.252, 13.318, 13.306, 13.683, 14.088, 13.811, 13.221, 13.282, 13.514], [2.4, 2.37, 2.74, 2.62, 2.39, 2.64, 2.41, 1.74, 1.94, 2.15, 1.69, 1.7, 2.08, 1.8, 1.93, 1.9, 2.33, 2.36, 2.02, 1.64, 2.06, 3.21, 3.57, 3.77, 4.0, 4.36, 4.01, 3.99, 4.73, 4.15, 2.93, 2.33, 2.73, 2.77, 2.5, 2.25, 2.39, 2.26, 0, 2.18, 2.72, 2.84, 3.42, 4.47, 4.75, 4.86, 4.85, 4.97, 4.77, 4.24, 3.99, 3.94, 3.97, 4.07, 4.43, 4.94, 5.29, 6.413, 7.99, 10.24, 11.745, 11.958, 11.615, 11.052, 10.559, 9.845, 9.86, 9.284, 8.558, 9.412, 10.984, 11.106, 11.078, 11.12, 11.353, 11.31, 11.035, 11.25, 11.305, 11.301, 11.661, 12.023, 11.741, 11.248, 11.191, 11.467], [2.54, 2.75, 3.46, 3.28, 2.99, 3.58, 3.43, 3.12, 2.9, 3.07, 2.83, 2.72, 3.34, 2.96, 2.77, 2.08, 1.27, 1.74, 1.82, 1.6, 2.56, 4.49, 5.39, 5.65, 5.82, 6.2, 5.89, 5.885, 6.65, 5.97, 4.69, 3.85, 4.57, 4.47, 4.04, 4.11, 4.31, 4.08, 2.18, 0, 1.14, 1.54, 1.8, 2.81, 2.91, 3.08, 3.09, 3.35, 3.07, 2.62, 2.85, 2.66, 2.89, 2.91, 3.31, 3.66, 4.01, 5.08, 6.41, 8.425, 9.77, 9.963, 9.678, 9.175, 8.657, 8.051, 7.823, 7.327, 6.56, 7.5, 9.064, 9.226, 9.117, 9.14, 9.36, 9.31, 8.938, 9.241, 9.324, 9.381, 9.704, 10.114, 9.846, 9.37, 9.291, 9.557], [2.94, 3.41, 4.16, 4.02, 3.77, 4.32, 4.07, 3.68, 3.6, 3.75, 3.47, 3.44, 3.98, 3.6, 3.51, 2.92, 1.89, 2.08, 2.24, 2.18, 3.1, 4.89, 5.85, 6.15, 6.34, 6.64, 6.29, 6.31, 7.05, 6.45, 5.29, 4.51, 5.17, 4.99, 4.64, 4.61, 4.87, 4.58, 2.72, 1.14, 0, 1.12, 1.24, 2.29, 2.43, 2.58, 2.61, 2.71, 2.41, 2.06, 2.23, 2.04, 2.21, 2.35, 2.61, 2.9, 3.19, 4.18, 5.59, 7.843, 9.35, 9.563, 9.275, 8.815, 8.302, 7.648, 7.545, 7.04, 6.3, 7.14, 8.655, 8.803, 8.66, 8.66, 9.08, 8.89, 8.655, 8.93, 8.985, 8.924, 9.301, 9.669, 9.328, 8.848, 8.806, 9.101], [3.5, 3.89, 4.5, 4.3, 3.95, 4.5, 4.07, 3.82, 3.78, 3.77, 3.45, 3.44, 3.98, 3.72, 3.61, 3.16, 2.29, 2.0, 2.16, 2.38, 3.28, 4.95, 5.91, 6.19, 6.36, 6.58, 6.257, 6.266, 7.026, 6.51, 5.19, 4.45, 5.09, 4.95, 4.6, 4.51, 4.77, 4.56, 2.84, 1.54, 1.12, 0, 0.92, 1.87, 2.07, 2.26, 2.31, 2.33, 2.07, 1.72, 1.83, 1.64, 1.81, 1.91, 2.19, 2.62, 2.95, 3.84, 5.27, 7.44, 9.122, 9.355, 8.95, 8.466, 8.03, 7.285, 7.477, 6.88, 6.22, 7.16, 8.69, 8.76, 8.66, 8.62, 8.947, 8.867, 8.595, 8.89, 8.923, 8.818, 9.181, 9.563, 9.263, 8.745, 8.742, 9.008], [3.8, 4.29, 5.02, 4.8, 4.51, 4.98, 4.45, 4.4, 4.3, 4.17, 3.97, 3.78, 4.26, 4.02, 3.83, 3.44, 2.43, 2.2, 2.52, 2.74, 3.44, 5.33, 6.23, 6.51, 6.7, 6.993, 6.657, 6.671, 7.437, 6.87, 5.51, 4.73, 5.43, 5.35, 4.9, 4.91, 5.23, 5.0, 3.42, 1.8, 1.24, 0.92, 0, 1.29, 1.61, 1.86, 1.95, 1.97, 1.79, 1.2, 1.33, 1.34, 1.67, 1.67, 1.89, 2.2, 2.59, 3.4, 4.69, 6.96, 8.519, 8.712, 8.393, 7.819, 7.433, 6.765, 6.935, 6.38, 5.72, 6.76, 8.29, 8.383, 8.26, 8.255, 8.417, 8.421, 8.04, 8.421, 8.484, 8.446, 8.82, 9.234, 8.928, 8.427, 8.42, 8.671], [4.51, 5.16, 5.93, 5.71, 5.48, 5.95, 5.34, 5.37, 5.23, 5.06, 4.88, 4.73, 5.11, 4.89, 4.76, 4.43, 3.36, 3.13, 3.43, 3.69, 4.41, 6.331, 7.271, 7.554, 7.707, 7.966, 7.608, 7.611, 8.37, 7.857, 6.44, 5.68, 6.34, 6.305, 5.89, 5.839, 6.14, 5.95, 4.47, 2.81, 2.29, 1.87, 1.29, 0, 0.96, 1.01, 1.02, 1.28, 1.24, 1.03, 1.26, 1.39, 1.56, 1.64, 1.76, 2.13, 2.66, 2.67, 3.78, 6.055, 7.64, 7.79, 7.403, 6.82, 6.472, 5.798, 5.999, 5.43, 4.77, 5.83, 7.3, 7.424, 7.367, 7.382, 7.496, 7.608, 7.176, 7.465, 7.617, 7.507, 7.793, 8.225, 7.933, 7.56, 7.43, 7.676], [4.73, 5.32, 6.07, 5.83, 5.64, 6.13, 5.72, 5.59, 5.41, 5.4, 5.16, 5.07, 5.59, 5.27, 5.14, 4.61, 3.48, 3.33, 3.73, 3.91, 4.77, 6.802, 7.771, 8.008, 8.178, 8.435, 8.082, 8.087, 8.859, 8.334, 7.0, 6.14, 6.86, 6.825, 6.367, 6.362, 6.6, 6.418, 4.75, 2.91, 2.43, 2.07, 1.61, 0.96, 0, 0.77, 0.94, 1.08, 0.98, 0.99, 1.4, 1.35, 1.64, 1.64, 1.96, 2.17, 2.68, 2.63, 3.74, 5.755, 7.312, 7.465, 7.091, 6.584, 6.124, 5.541, 5.598, 4.95, 4.33, 5.37, 6.88, 7.056, 6.833, 6.87, 7.07, 7.073, 6.75, 7.011, 7.154, 7.007, 7.359, 7.744, 7.482, 7.077, 6.922, 7.21], [4.9, 5.53, 6.32, 6.12, 5.79, 6.34, 5.95, 5.84, 5.68, 5.67, 5.41, 5.3, 5.84, 5.52, 5.33, 4.8, 3.71, 3.6, 3.98, 4.12, 4.94, 6.921, 7.89, 8.164, 8.32, 8.485, 8.109, 8.141, 8.909, 8.467, 7.07, 6.35, 6.97, 6.89, 6.54, 6.41, 6.65, 6.54, 4.86, 3.08, 2.58, 2.26, 1.86, 1.01, 0.77, 0, 0.79, 1.03, 1.09, 1.3, 1.83, 1.74, 1.91, 1.95, 2.15, 2.48, 2.95, 2.52, 3.47, 5.523, 7.102, 7.295, 6.978, 6.484, 6.019, 5.328, 5.475, 4.88, 4.26, 5.3, 6.823, 6.932, 6.793, 6.792, 6.993, 7.04, 6.669, 6.961, 7.084, 6.914, 7.24, 7.629, 7.377, 6.867, 6.8, 7.12], [4.91, 5.5, 6.29, 6.09, 5.76, 6.31, 5.86, 5.83, 5.65, 5.54, 5.34, 5.29, 5.69, 5.41, 5.34, 4.87, 3.76, 3.61, 3.91, 4.17, 4.93, 6.831, 7.791, 8.054, 8.23, 8.415, 8.102, 8.108, 8.859, 8.377, 7.04, 6.3, 6.9, 6.82, 6.47, 6.36, 6.56, 6.45, 4.85, 3.09, 2.61, 2.31, 1.95, 1.02, 0.94, 0.79, 0, 0.76, 0.9, 1.19, 1.76, 1.87, 2.02, 2.02, 2.2, 2.41, 2.86, 2.49, 3.5, 5.615, 7.16, 7.353, 7.045, 6.556, 6.086, 5.361, 5.508, 4.87, 4.23, 5.29, 6.84, 6.95, 6.87, 6.83, 7.076, 7.102, 6.739, 6.993, 7.116, 6.967, 7.276, 7.69, 7.473, 6.94, 6.856, 7.141], [5.17, 5.82, 6.65, 6.43, 6.06, 6.61, 5.82, 5.99, 5.93, 5.48, 5.38, 5.23, 5.61, 5.51, 5.46, 5.11, 3.98, 3.83, 4.01, 4.33, 4.95, 6.46, 7.411, 7.72, 7.91, 8.069, 7.734, 7.731, 8.479, 8.04, 6.72, 6.06, 6.6, 6.44, 6.17, 6.1, 6.28, 6.11, 4.97, 3.35, 2.71, 2.33, 1.97, 1.28, 1.08, 1.03, 0.76, 0, 0.76, 1.19, 1.72, 1.83, 1.96, 2.04, 1.76, 1.95, 2.36, 2.11, 3.48, 5.618, 7.317, 7.567, 7.249, 6.735, 6.342, 5.501, 5.848, 5.255, 4.59, 5.69, 7.219, 7.286, 7.21, 7.17, 7.409, 7.414, 7.016, 7.353, 7.456, 7.304, 7.67, 8.067, 7.807, 7.24, 7.241, 7.489], [4.95, 5.6, 6.41, 6.19, 5.86, 6.37, 5.76, 5.75, 5.69, 5.36, 5.22, 5.13, 5.59, 5.39, 5.24, 4.83, 3.78, 3.61, 3.91, 4.09, 4.77, 6.414, 7.374, 7.643, 7.836, 8.072, 7.722, 7.722, 8.482, 7.963, 6.732, 5.98, 6.614, 6.452, 6.099, 6.08, 6.3, 6.13, 4.77, 3.07, 2.41, 2.07, 1.79, 1.24, 0.98, 1.09, 0.9, 0.76, 0, 1.07, 1.62, 1.65, 1.6, 1.6, 1.8, 1.93, 2.34, 2.27, 3.5, 5.73, 7.423, 7.636, 7.246, 6.77, 6.409, 5.655, 5.868, 5.29, 4.61, 5.69, 7.2, 7.33, 7.184, 7.101, 7.389, 7.362, 6.962, 7.351, 7.436, 7.313, 7.696, 8.076, 7.796, 7.234, 7.27, 7.498], [4.36, 4.93, 5.78, 5.6, 5.21, 5.72, 5.21, 5.12, 5.02, 4.83, 4.59, 4.62, 5.02, 4.78, 4.71, 4.34, 3.23, 2.94, 3.24, 3.56, 4.28, 6.224, 7.184, 7.467, 7.623, 7.891, 7.563, 7.577, 8.329, 7.77, 6.436, 5.716, 6.296, 6.213, 5.903, 5.801, 6.016, 5.823, 4.24, 2.62, 2.06, 1.72, 1.2, 1.03, 0.99, 1.3, 1.19, 1.19, 1.07, 0, 0.97, 1.2, 1.49, 1.53, 1.73, 2.04, 2.41, 2.8, 4.05, 6.2, 7.839, 7.972, 7.633, 7.077, 6.619, 5.885, 6.07, 5.5, 4.84, 5.96, 7.39, 7.44, 7.42, 7.4, 7.629, 7.683, 7.289, 7.51, 7.63, 7.54, 7.883, 8.295, 8.043, 7.553, 7.463, 7.72], [4.51, 5.1, 5.77, 5.63, 5.38, 5.75, 5.04, 4.85, 4.83, 4.52, 4.26, 4.35, 4.57, 4.53, 4.6, 4.33, 3.38, 2.83, 2.91, 3.57, 4.33, 5.94, 6.851, 7.134, 7.287, 7.583, 7.25, 7.244, 8.026, 7.457, 6.077, 5.32, 5.94, 5.902, 5.51, 5.479, 5.72, 5.507, 3.99, 2.85, 2.23, 1.83, 1.33, 1.26, 1.4, 1.83, 1.76, 1.72, 1.62, 0.97, 0, 0.83, 1.1, 1.24, 1.44, 1.79, 2.24, 2.81, 4.36, 6.66, 8.291, 8.404, 8.043, 7.414, 7.014, 6.4, 6.518, 5.95, 5.33, 6.41, 7.8, 7.83, 7.83, 7.87, 7.916, 8.07, 7.73, 7.88, 8.06, 7.95, 8.219, 8.688, 8.433, 8.043, 7.85, 8.085], [4.46, 5.03, 5.7, 5.54, 5.25, 5.66, 5.19, 4.86, 4.84, 4.71, 4.45, 4.42, 4.897, 4.72, 4.61, 4.22, 3.35, 2.84, 3.1, 3.48, 4.32, 6.101, 7.018, 7.284, 7.443, 7.742, 7.42, 7.411, 8.167, 7.61, 6.261, 5.51, 6.139, 6.07, 5.697, 5.672, 5.924, 5.7, 3.94, 2.66, 2.04, 1.64, 1.34, 1.39, 1.35, 1.74, 1.87, 1.83, 1.65, 1.2, 0.83, 0, 0.75, 1.09, 1.51, 1.94, 2.37, 2.82, 4.23, 6.49, 8.107, 8.24, 7.893, 7.293, 6.85, 6.23, 6.35, 5.84, 5.14, 6.2, 7.65, 7.62, 7.52, 7.52, 7.72, 7.76, 7.42, 7.67, 7.81, 7.76, 8.063, 8.463, 8.22, 7.77, 7.68, 7.912], [4.77, 5.36, 6.01, 5.89, 5.52, 5.91, 5.44, 5.09, 5.05, 4.86, 4.48, 4.59, 4.99, 4.87, 4.9, 4.45, 3.58, 3.15, 3.31, 3.73, 4.59, 6.04, 6.788, 7.108, 7.324, 7.646, 7.316, 7.293, 8.035, 7.466, 6.263, 5.523, 6.166, 5.937, 5.667, 5.592, 5.86, 5.61, 3.97, 2.89, 2.21, 1.81, 1.67, 1.56, 1.64, 1.91, 2.02, 1.96, 1.6, 1.49, 1.1, 0.75, 0, 0.92, 1.32, 1.75, 2.22, 2.67, 4.24, 6.5, 8.117, 8.33, 7.983, 7.5, 7.06, 6.32, 6.5, 6.07, 5.39, 6.41, 7.86, 7.79, 7.61, 7.59, 7.95, 7.87, 7.49, 7.82, 7.92, 7.93, 8.273, 8.656, 8.39, 7.82, 7.853, 8.093], [4.99, 5.48, 5.99, 5.89, 5.6, 5.95, 5.42, 5.09, 5.03, 4.86, 4.54, 4.55, 4.97, 4.77, 4.82, 4.45, 3.64, 3.13, 3.35, 3.75, 4.59, 6.06, 6.914, 7.177, 7.373, 7.669, 7.312, 7.326, 8.075, 7.559, 6.212, 5.414, 6.154, 6.034, 5.584, 5.594, 5.9, 5.67, 4.07, 2.91, 2.35, 1.91, 1.67, 1.64, 1.64, 1.95, 2.02, 2.04, 1.6, 1.53, 1.24, 1.09, 0.92, 0, 1.18, 1.79, 2.2, 2.61, 4.08, 6.36, 8.011, 8.204, 7.763, 7.26, 6.874, 6.3, 6.44, 5.91, 5.23, 6.29, 7.74, 7.81, 7.61, 7.57, 7.81, 7.77, 7.41, 7.78, 7.88, 7.87, 8.176, 8.596, 8.316, 7.837, 7.796, 8.036], [5.29, 5.84, 6.47, 6.37, 6.0, 6.39, 5.5, 5.53, 5.51, 5.0, 4.78, 4.77, 4.95, 4.99, 5.08, 4.81, 3.98, 3.55, 3.59, 4.15, 4.79, 5.42, 6.243, 6.629, 6.859, 7.039, 6.706, 6.689, 7.402, 6.966, 5.732, 5.14, 5.597, 5.429, 5.205, 5.34, 5.64, 5.225, 4.43, 3.31, 2.61, 2.19, 1.89, 1.76, 1.96, 2.15, 2.2, 1.76, 1.8, 1.73, 1.44, 1.51, 1.32, 1.18, 0, 1.15, 1.6, 2.07, 4.08, 6.66, 8.413, 8.572, 8.322, 7.799, 7.47, 6.689, 7.111, 6.55, 5.89, 6.97, 8.46, 8.43, 8.29, 8.25, 8.498, 8.447, 8.07, 8.5, 8.58, 8.53, 8.833, 9.25, 9.007, 8.42, 8.453, 8.693], [5.52, 6.13, 6.88, 6.72, 6.37, 6.838, 5.89, 6.038, 6.035, 5.388, 5.2, 5.218, 5.455, 5.535, 5.45, 5.18, 4.29, 3.96, 4.02, 4.56, 5.1, 5.625, 6.331, 6.499, 6.686, 6.751, 6.456, 6.481, 7.166, 6.859, 5.851, 5.317, 5.531, 5.451, 5.341, 5.68, 5.94, 5.481, 4.94, 3.66, 2.9, 2.62, 2.2, 2.13, 2.17, 2.48, 2.41, 1.95, 1.93, 2.04, 1.79, 1.94, 1.75, 1.79, 1.15, 0, 0.85, 1.6, 3.99, 6.784, 8.457, 8.73, 8.4, 7.868, 7.597, 6.81, 7.29, 6.7, 6.06, 7.12, 8.63, 8.62, 8.471, 8.402, 8.685, 8.605, 8.24, 8.69, 8.77, 8.66, 8.977, 9.38, 9.154, 8.47, 8.577, 8.834], [5.89, 6.52, 7.23, 7.07, 6.68, 7.13, 6.2, 6.348, 6.325, 5.68, 5.53, 5.51, 5.745, 5.825, 5.76, 5.49, 4.64, 4.27, 4.33, 4.87, 5.43, 5.673, 6.487, 6.273, 6.362, 6.488, 6.147, 6.287, 6.901, 6.547, 6.064, 5.65, 5.627, 5.67, 5.62, 6.07, 6.29, 5.594, 5.29, 4.01, 3.19, 2.95, 2.59, 2.66, 2.68, 2.95, 2.86, 2.36, 2.34, 2.41, 2.24, 2.37, 2.22, 2.2, 1.6, 0.85, 0, 1.73, 4.44, 7.232, 8.944, 9.22, 8.813, 8.293, 8.007, 7.22, 7.66, 7.11, 6.45, 7.53, 9.04, 9.03, 8.866, 8.812, 9.126, 9.029, 8.643, 9.093, 9.173, 9.109, 9.424, 9.827, 9.604, 8.9, 9.024, 9.281], [6.88, 7.55, 8.278, 8.1, 7.77, 8.258, 7.29, 7.475, 7.475, 6.808, 6.7, 6.655, 6.895, 6.975, 6.85, 6.58, 5.69, 5.36, 5.438, 5.96, 6.5, 6.763, 7.577, 7.796, 8.029, 7.94, 7.539, 7.645, 8.259, 8.116, 7.254, 6.817, 7.011, 6.857, 6.767, 7.12, 7.34, 6.881, 6.413, 5.08, 4.18, 3.84, 3.4, 2.67, 2.63, 2.52, 2.49, 2.11, 2.27, 2.8, 2.81, 2.82, 2.67, 2.61, 2.07, 1.6, 1.73, 0, 2.89, 5.739, 7.469, 7.821, 7.545, 7.027, 6.765, 6.01, 6.49, 5.88, 5.28, 6.34, 7.81, 7.84, 7.688, 7.608, 7.864, 7.813, 7.46, 7.91, 7.99, 7.82, 8.11, 8.425, 8.265, 7.53, 7.685, 7.996], [8.19, 8.86, 9.65, 9.43, 9.12, 9.65, 8.878, 9.03, 8.95, 8.715, 8.535, 8.308, 8.702, 8.49, 8.34, 8.05, 7.04, 6.85, 7.05, 7.31, 7.95, 9.106, 10.066, 10.4, 10.633, 10.624, 10.191, 10.237, 10.891, 10.746, 9.586, 8.846, 9.498, 9.217, 8.982, 8.952, 9.392, 9.179, 7.99, 6.41, 5.59, 5.27, 4.69, 3.78, 3.74, 3.47, 3.5, 3.48, 3.5, 4.05, 4.36, 4.23, 4.24, 4.08, 4.08, 3.99, 4.44, 2.89, 0, 3.16, 4.736, 4.988, 4.818, 4.401, 4.078, 3.34, 3.76, 3.23, 2.87, 3.65, 5.02, 5.05, 4.892, 4.812, 5.066, 5.058, 4.75, 5.12, 5.196, 5.041, 5.292, 5.601, 5.452, 4.76, 4.892, 5.2], [10.383, 10.995, 11.728, 11.525, 11.195, 11.765, 11.23, 11.26, 11.125, 10.947, 10.73, 10.577, 11.116, 10.883, 10.713, 10.265, 9.135, 9.025, 9.34, 9.563, 10.24, 11.86, 12.82, 13.172, 13.405, 13.419, 12.946, 13.012, 13.691, 13.506, 12.186, 11.498, 12.135, 11.926, 11.639, 11.46, 11.781, 11.662, 10.24, 8.425, 7.843, 7.44, 6.96, 6.055, 5.755, 5.523, 5.615, 5.618, 5.73, 6.2, 6.66, 6.49, 6.5, 6.36, 6.66, 6.784, 7.232, 5.739, 3.16, 0, 1.93, 2.24, 2.03, 1.71, 1.39, 1.22, 1.56, 1.97, 2.81, 2.75, 2.78, 2.37, 2.19, 2.05, 2.41, 2.57, 2.45, 2.52, 2.46, 2.33, 2.55, 2.85, 2.73, 2.54, 2.55, 2.55], [11.655, 12.245, 12.875, 12.773, 12.56, 13.23, 12.851, 12.787, 12.57, 12.623, 12.409, 12.199, 12.707, 12.324, 12.209, 11.61, 10.42, 10.524, 10.899, 11.01, 11.873, 13.607, 14.567, 14.887, 15.103, 15.112, 14.653, 14.659, 15.375, 15.224, 13.859, 13.122, 13.8, 13.628, 13.323, 13.122, 13.437, 13.381, 11.745, 9.77, 9.35, 9.122, 8.519, 7.64, 7.312, 7.102, 7.16, 7.317, 7.423, 7.839, 8.291, 8.107, 8.117, 8.011, 8.413, 8.457, 8.944, 7.469, 4.736, 1.93, 0, 0.79, 1.0, 1.34, 1.6, 2.33, 2.51, 3.08, 3.933, 3.728, 3.07, 2.12, 1.68, 1.54, 2.12, 2.28, 2.46, 2.51, 2.21, 2.3, 2.26, 2.2, 2.5, 2.81, 2.9, 2.58], [11.788, 12.378, 13.014, 12.908, 12.71, 13.38, 13.064, 12.918, 12.7, 12.776, 12.542, 12.412, 12.837, 12.474, 12.362, 11.78, 10.593, 10.655, 11.052, 11.18, 12.083, 13.837, 14.757, 15.094, 15.31, 15.424, 14.966, 14.969, 15.731, 15.429, 14.084, 13.332, 13.981, 13.863, 13.525, 13.401, 13.747, 13.634, 11.958, 9.963, 9.563, 9.355, 8.712, 7.79, 7.465, 7.295, 7.353, 7.567, 7.636, 7.972, 8.404, 8.24, 8.33, 8.204, 8.572, 8.73, 9.22, 7.821, 4.988, 2.24, 0.79, 0, 1.01, 1.51, 1.73, 2.5, 2.62, 3.206, 4.066, 3.755, 3.1, 2.15, 1.67, 1.67, 2.19, 2.51, 2.59, 2.5, 2.2, 2.23, 2.15, 2.07, 2.31, 2.88, 2.81, 2.49], [11.658, 12.248, 12.924, 12.721, 12.468, 13.035, 12.603, 12.573, 12.375, 12.346, 12.092, 11.913, 12.473, 12.155, 11.945, 11.401, 10.328, 10.293, 10.655, 10.835, 11.573, 13.418, 14.407, 14.664, 14.823, 15.079, 14.632, 14.623, 15.42, 14.987, 13.637, 12.848, 13.551, 13.494, 13.058, 13.05, 13.332, 13.167, 11.615, 9.678, 9.275, 8.95, 8.393, 7.403, 7.091, 6.978, 7.045, 7.249, 7.246, 7.633, 8.043, 7.893, 7.983, 7.763, 8.322, 8.4, 8.813, 7.545, 4.818, 2.03, 1.0, 1.01, 0, 1.04, 1.46, 2.17, 2.49, 3.04, 3.93, 3.671, 2.97, 2.24, 1.62, 1.52, 2.16, 2.36, 2.44, 2.43, 2.13, 2.28, 2.28, 2.2, 2.38, 2.85, 2.94, 2.56], [11.058, 11.654, 12.375, 12.129, 11.939, 12.441, 11.99, 11.929, 11.761, 11.684, 11.484, 11.357, 11.788, 11.538, 11.328, 10.869, 9.756, 9.661, 10.029, 10.235, 11.063, 12.941, 13.873, 14.096, 14.277, 14.553, 14.109, 14.101, 14.891, 14.442, 13.077, 12.254, 12.994, 12.945, 12.478, 12.543, 12.878, 12.653, 11.052, 9.175, 8.815, 8.466, 7.819, 6.82, 6.584, 6.484, 6.556, 6.735, 6.77, 7.077, 7.414, 7.293, 7.5, 7.26, 7.799, 7.868, 8.293, 7.027, 4.401, 1.71, 1.34, 1.51, 1.04, 0, 0.86, 1.89, 2.07, 2.62, 3.491, 3.411, 3.07, 2.3, 1.74, 1.82, 1.96, 2.26, 2.36, 2.31, 2.09, 2.22, 2.18, 2.3, 2.52, 2.87, 2.74, 2.3], [10.508, 11.104, 11.82, 11.634, 11.404, 11.925, 11.557, 11.456, 11.265, 11.261, 11.05, 10.941, 11.424, 11.062, 10.943, 10.414, 9.244, 9.185, 9.565, 9.742, 10.638, 12.598, 13.53, 13.793, 13.954, 14.251, 13.908, 13.928, 14.662, 14.139, 12.788, 11.988, 12.674, 12.619, 12.172, 12.193, 12.465, 12.287, 10.559, 8.657, 8.302, 8.03, 7.433, 6.472, 6.124, 6.019, 6.086, 6.342, 6.409, 6.619, 7.014, 6.85, 7.06, 6.874, 7.47, 7.597, 8.007, 6.765, 4.078, 1.39, 1.6, 1.73, 1.46, 0.86, 0, 1.47, 1.65, 2.12, 2.916, 2.86, 2.65, 1.86, 1.62, 1.64, 1.84, 2.22, 2.26, 2.17, 1.97, 1.94, 1.98, 2.28, 2.32, 2.43, 2.26, 1.98], [9.868, 10.501, 11.274, 11.111, 10.701, 11.248, 10.893, 10.805, 10.628, 10.564, 10.287, 10.243, 10.683, 10.428, 10.318, 9.791, 8.681, 8.528, 8.905, 9.148, 9.925, 11.805, 12.719, 13.034, 13.21, 13.453, 13.124, 13.145, 13.853, 13.357, 12.052, 11.34, 11.912, 11.74, 11.513, 11.392, 11.621, 11.448, 9.845, 8.051, 7.648, 7.285, 6.765, 5.798, 5.541, 5.328, 5.361, 5.501, 5.655, 5.885, 6.4, 6.23, 6.32, 6.3, 6.689, 6.81, 7.22, 6.01, 3.34, 1.22, 2.33, 2.5, 2.17, 1.89, 1.47, 0, 1.3, 1.71, 2.303, 2.17, 2.34, 2.01, 1.91, 1.89, 2.21, 2.57, 2.21, 2.2, 2.18, 2.23, 2.41, 2.77, 2.53, 2.18, 2.19, 2.35], [9.508, 10.138, 10.808, 10.685, 10.59, 11.12, 10.955, 10.54, 10.32, 10.424, 10.227, 10.19, 10.582, 10.225, 10.186, 9.52, 8.315, 8.237, 8.688, 8.9, 10.01, 12.134, 12.969, 13.226, 13.43, 13.849, 13.512, 13.509, 14.284, 13.6, 12.319, 11.476, 12.188, 12.116, 11.692, 11.736, 11.951, 11.727, 9.86, 7.823, 7.545, 7.477, 6.935, 5.999, 5.598, 5.475, 5.508, 5.848, 5.868, 6.07, 6.518, 6.35, 6.5, 6.44, 7.111, 7.29, 7.66, 6.49, 3.76, 1.56, 2.51, 2.62, 2.49, 2.07, 1.65, 1.3, 0, 1.11, 1.67, 1.59, 1.74, 1.79, 1.67, 1.73, 1.91, 2.23, 1.87, 1.72, 1.82, 1.87, 2.17, 2.63, 2.39, 2.36, 2.17, 2.17], [8.973, 9.543, 10.195, 10.053, 10.017, 10.567, 10.327, 9.967, 9.727, 9.888, 9.671, 9.672, 10.103, 9.723, 9.69, 9.047, 7.843, 7.747, 8.146, 8.427, 9.443, 11.533, 12.453, 12.696, 12.863, 13.188, 12.852, 12.866, 13.635, 13.03, 11.667, 10.816, 11.544, 11.524, 11.043, 11.081, 11.315, 11.12, 9.284, 7.327, 7.04, 6.88, 6.38, 5.43, 4.95, 4.88, 4.87, 5.255, 5.29, 5.5, 5.95, 5.84, 6.07, 5.91, 6.55, 6.7, 7.11, 5.88, 3.23, 1.97, 3.08, 3.206, 3.04, 2.62, 2.12, 1.71, 1.11, 0, 1.2, 1.38, 2.03, 2.38, 2.28, 2.4, 2.44, 2.68, 2.46, 2.37, 2.45, 2.4, 2.76, 3.16, 2.92, 2.77, 2.5, 2.68], [8.18, 8.75, 9.42, 9.32, 9.27, 9.78, 9.696, 9.178, 8.92, 9.142, 8.922, 8.926, 9.337, 8.974, 8.984, 8.24, 7.07, 6.952, 7.406, 7.7, 8.791, 10.855, 11.747, 12.004, 12.191, 12.562, 12.226, 12.22, 12.992, 12.358, 11.041, 10.164, 10.898, 10.858, 10.394, 10.455, 10.649, 10.448, 8.558, 6.56, 6.3, 6.22, 5.72, 4.77, 4.33, 4.26, 4.23, 4.59, 4.61, 4.84, 5.33, 5.14, 5.39, 5.23, 5.89, 6.06, 6.45, 5.28, 2.87, 2.81, 3.933, 4.066, 3.93, 3.491, 2.916, 2.303, 1.67, 1.2, 0, 1.38, 2.67, 3.1, 3.1, 3.12, 3.14, 3.22, 2.9, 2.95, 3.11, 3.14, 3.52, 3.866, 3.695, 3.43, 3.12, 3.294], [8.76, 9.408, 9.96, 10.132, 10.164, 10.763, 10.742, 10.172, 9.986, 10.282, 9.993, 10.089, 10.457, 10.114, 10.084, 9.352, 8.162, 8.077, 8.54, 8.732, 9.837, 11.927, 12.827, 13.07, 13.257, 13.582, 13.243, 13.246, 14.009, 13.418, 12.041, 11.176, 11.938, 11.918, 11.397, 11.455, 11.709, 11.508, 9.412, 7.5, 7.14, 7.16, 6.76, 5.83, 5.37, 5.3, 5.29, 5.69, 5.69, 5.96, 6.41, 6.2, 6.41, 6.29, 6.97, 7.12, 7.53, 6.34, 3.65, 2.75, 3.728, 3.755, 3.671, 3.411, 2.86, 2.17, 1.59, 1.38, 1.38, 0, 1.73, 2.26, 2.54, 2.52, 2.46, 2.48, 2.26, 2.13, 2.29, 2.28, 2.5, 2.938, 2.7, 2.65, 2.3, 2.4], [10.21, 10.84, 11.47, 11.556, 11.754, 12.324, 12.311, 11.564, 11.382, 11.769, 11.54, 11.596, 11.953, 11.636, 11.617, 10.859, 9.649, 9.504, 9.982, 10.262, 11.441, 13.525, 14.417, 14.674, 14.861, 15.192, 14.833, 14.836, 15.599, 15.028, 13.631, 12.754, 13.548, 13.528, 13.004, 13.045, 13.319, 13.118, 10.984, 9.064, 8.655, 8.69, 8.29, 7.3, 6.88, 6.823, 6.84, 7.219, 7.2, 7.39, 7.8, 7.65, 7.86, 7.74, 8.46, 8.63, 9.04, 7.81, 5.02, 2.78, 3.07, 3.1, 2.97, 3.07, 2.65, 2.34, 1.74, 2.03, 2.67, 1.73, 0, 1.31, 1.73, 1.83, 1.97, 2.19, 2.13, 1.72, 1.62, 1.55, 1.67, 2.03, 1.83, 2.12, 1.71, 1.55], [10.46, 11.15, 11.78, 11.966, 11.867, 12.523, 12.502, 11.997, 11.783, 12.102, 11.793, 11.889, 12.297, 11.917, 11.864, 11.172, 9.982, 9.917, 10.38, 10.532, 11.566, 13.627, 14.547, 14.83, 14.983, 15.31, 14.986, 14.98, 15.745, 15.153, 13.813, 13.056, 