[[0, 0.81, 0.92, 1.07, 1.94, 2.23, 2.5, 1.92, 2.16, 1.84, 1.98, 1.79, 1.44, 1.41, 1.56, 2.12, 2.9, 3.98, 4.19, 3.8, 3.45, 4.3, 5.84, 5.9, 5.18, 5.5, 4.36, 3.03, 2.28, 2.2, 2.96, 6.853, 8.247, 7.951, 7.491, 7.01, 6.41, 6.27, 5.404, 3.81, 4.14, 4.642, 4.939, 5.592, 5.999, 6.089, 5.661, 5.454, 5.624, 5.634, 5.501, 5.704, 6.247, 7.044, 7.264, 7.347, 7.532, 7.518, 8.998, 9.765, 10.967, 11.307, 9.354, 6.75, 3.979, 4.84, 6.5, 3.89, 2.14, 4.074, 4.64, 4.54, 4.61, 5.46, 6.51, 6.83, 6.37, 6.054, 5.621, 6.024, 7.19, 6.453, 6.448, 7.108, 7.525, 7.53], [0.81, 0, 0.75, 0.9, 1.65, 2.54, 2.77, 2.25, 2.27, 1.85, 1.89, 1.76, 1.33, 1.32, 1.51, 2.09, 2.93, 3.81, 3.94, 3.51, 3.14, 3.95, 5.49, 5.57, 4.83, 5.15, 4.03, 2.96, 2.17, 1.87, 3.207, 7.16, 8.583, 8.316, 7.833, 7.354, 6.757, 6.617, 5.76, 4.02, 4.307, 4.897, 5.263, 5.936, 6.343, 6.401, 6.008, 5.801, 5.971, 5.981, 5.848, 6.034, 6.577, 7.374, 7.594, 7.694, 7.879, 7.865, 9.345, 10.112, 11.299, 11.639, 9.701, 7.057, 4.289, 4.59, 6.25, 3.68, 2.23, 4.384, 4.987, 4.767, 4.897, 5.807, 6.857, 7.177, 6.717, 6.401, 5.968, 6.397, 7.537, 6.8, 6.795, 7.455, 7.872, 7.877], [0.92, 0.75, 0, 0.77, 2.22, 2.41, 2.62, 2.18, 2.38, 2.16, 2.36, 2.09, 1.36, 1.25, 1.6, 2.26, 3.38, 4.36, 4.49, 4.0, 3.63, 4.56, 6.1, 6.16, 5.44, 5.74, 4.6, 3.43, 2.7, 2.3, 2.82, 6.81, 8.093, 7.778, 7.312, 6.827, 6.227, 6.087, 5.31, 3.67, 3.957, 4.507, 4.862, 5.494, 5.902, 5.932, 5.459, 5.272, 5.442, 5.452, 5.319, 5.522, 6.064, 6.862, 7.082, 7.164, 7.347, 7.336, 8.816, 9.583, 10.784, 11.124, 9.172, 6.687, 3.885, 5.08, 6.78, 3.93, 1.86, 3.852, 4.437, 4.26, 4.35, 5.277, 6.31, 6.63, 6.17, 5.854, 5.442, 5.867, 7.007, 6.253, 6.266, 6.926, 7.34, 7.347], [1.07, 0.9, 0.77, 0, 1.79, 2.64, 2.85, 1.93, 2.15, 2.17, 2.01, 1.78, 1.29, 1.2, 1.57, 2.19, 2.99, 3.91, 4.04, 3.69, 3.3, 4.05, 5.53, 5.59, 4.87, 5.17, 4.09, 3.14, 2.43, 1.85, 3.133, 7.046, 8.477, 8.244, 7.784, 7.305, 6.711, 6.571, 5.706, 3.946, 4.213, 4.817, 5.24, 5.893, 6.3, 6.324, 5.942, 5.755, 5.925, 5.935, 5.814, 5.957, 6.5, 7.297, 7.557, 7.648, 7.836, 7.822, 9.302, 10.069, 11.256, 11.596, 9.655, 6.923, 3.937, 4.57, 6.37, 3.68, 2.15, 4.327, 4.921, 4.741, 4.851, 5.761, 6.811, 7.131, 6.671, 6.355, 5.934, 6.325, 7.491, 6.754, 6.752, 7.412, 7.829, 7.831], [1.94, 1.65, 2.22, 1.79, 0, 3.47, 3.62, 2.7, 2.1, 1.62, 1.4, 1.15, 1.84, 2.079, 1.8, 1.58, 1.82, 2.52, 2.73, 2.5, 2.27, 2.8, 4.14, 4.12, 3.38, 3.78, 3.04, 2.09, 1.48, 1.74, 4.56, 8.416, 9.898, 9.725, 9.265, 8.786, 8.192, 8.052, 7.196, 5.356, 5.597, 6.267, 6.69, 7.383, 7.81, 7.805, 7.463, 7.236, 7.406, 7.416, 7.283, 7.438, 7.921, 8.738, 9.026, 9.126, 9.309, 9.295, 10.775, 11.542, 12.729, 13.069, 11.133, 8.373, 5.236, 3.68, 5.7, 3.55, 3.505, 5.836, 6.442, 6.202, 6.332, 7.242, 8.312, 8.632, 8.152, 7.833, 7.403, 7.806, 8.972, 8.232, 8.225, 8.885, 9.302, 9.309], [2.23, 2.54, 2.41, 2.64, 3.47, 0, 1.31, 1.57, 2.17, 3.09, 3.17, 2.92, 2.39, 2.18, 1.97, 2.55, 3.83, 4.95, 5.64, 5.49, 5.16, 5.89, 7.13, 7.17, 6.45, 6.99, 5.95, 4.6, 3.65, 3.87, 3.05, 5.362, 6.882, 6.697, 6.217, 5.768, 5.168, 5.028, 4.185, 3.26, 3.57, 4.04, 4.18, 4.79, 5.1, 5.19, 5.0, 4.75, 4.86, 4.85, 4.5, 4.7, 5.08, 5.742, 6.062, 6.125, 6.325, 6.361, 7.781, 8.528, 9.725, 10.035, 8.099, 5.322, 2.34, 5.85, 7.81, 5.5, 2.93, 3.45, 4.01, 4.23, 4.34, 4.57, 5.448, 5.748, 5.308, 4.912, 4.459, 4.822, 5.948, 5.231, 5.278, 5.891, 6.288, 6.288], [2.5, 2.77, 2.62, 2.85, 3.62, 1.31, 0, 1.48, 1.98, 3.08, 3.18, 2.91, 2.5, 2.39, 2.32, 2.84, 4.06, 5.1, 5.75, 5.54, 5.17, 5.96, 7.38, 7.46, 6.74, 7.18, 6.12, 4.75, 3.82, 4.04, 3.2, 5.01, 6.464, 6.287, 5.847, 5.369, 4.749, 4.629, 3.826, 3.15, 3.46, 3.85, 4.01, 4.5, 4.85, 4.92, 4.73, 4.5, 4.59, 4.58, 4.25, 4.41, 4.83, 5.47, 5.683, 5.746, 5.946, 5.986, 7.389, 8.136, 9.326, 9.646, 7.693, 4.99, 2.31, 6.08, 8.1, 5.41, 3.24, 3.6, 3.78, 3.96, 4.19, 4.4, 5.109, 5.389, 4.949, 4.52, 4.13, 4.483, 5.569, 4.852, 4.919, 5.519, 5.899, 5.889], [1.92, 2.25, 2.18, 1.93, 2.7, 1.57, 1.48, 0, 1.18, 2.46, 2.42, 1.99, 1.66, 1.75, 1.68, 2.24, 3.16, 4.22, 4.81, 4.68, 4.35, 5.06, 6.36, 6.4, 5.68, 6.2, 5.12, 3.85, 2.98, 2.94, 3.5, 5.97, 7.477, 7.288, 6.828, 6.375, 5.775, 5.635, 4.79, 3.47, 3.8, 4.25, 4.47, 5.04, 5.43, 5.46, 5.21, 4.98, 5.13, 5.12, 4.87, 5.05, 5.59, 6.33, 6.63, 6.75, 6.932, 6.912, 8.355, 9.122, 10.332, 10.652, 8.719, 5.93, 2.73, 5.14, 7.36, 4.91, 2.92, 3.88, 4.2, 4.3, 4.53, 4.94, 6.01, 6.31, 5.83, 5.44, 4.99, 5.43, 6.595, 5.858, 5.845, 6.485, 6.905, 6.915], [2.16, 2.27, 2.38, 2.15, 2.1, 2.17, 1.98, 1.18, 0, 1.74, 1.74, 1.67, 1.54, 1.97, 1.6, 1.7, 2.52, 3.54, 3.97, 3.74, 3.43, 4.2, 5.66, 5.74, 5.04, 5.397, 4.36, 3.01, 2.26, 2.88, 3.78, 6.77, 8.176, 7.969, 7.509, 7.056, 6.456, 6.298, 5.45, 3.79, 4.18, 4.63, 5.01, 5.64, 6.09, 6.08, 5.75, 5.52, 5.69, 5.72, 5.53, 5.67, 6.21, 6.99, 7.27, 7.39, 7.59, 7.575, 9.018, 9.785, 10.995, 11.315, 9.371, 6.63, 3.63, 4.68, 7.04, 4.59, 3.2, 4.36, 4.76, 4.6, 4.83, 5.54, 6.63, 6.95, 6.47, 6.08, 5.65, 6.07, 7.25, 6.521, 6.508, 7.148, 7.568, 7.578], [1.84, 1.85, 2.16, 2.17, 1.62, 3.09, 3.08, 2.46, 1.74, 0, 0.92, 1.31, 1.76, 1.99, 1.78, 1.76, 1.78, 2.5, 2.95, 2.6, 2.49, 3.12, 4.66, 4.74, 4.02, 4.4, 3.32, 1.95, 1.3, 2.08, 3.92, 7.87, 9.213, 9.032, 8.572, 8.119, 7.519, 7.369, 6.53, 4.71, 5.04, 5.63, 6.05, 6.72, 7.17, 7.14, 6.81, 6.58, 6.75, 6.76, 6.59, 6.73, 7.23, 8.03, 8.33, 8.45, 8.646, 8.626, 10.069, 10.836, 12.046, 12.366, 10.422, 7.77, 4.95, 3.56, 5.86, 3.43, 3.06, 5.18, 5.82, 5.58, 5.69, 6.6, 7.69, 8.01, 7.53, 7.14, 6.71, 7.13, 8.309, 7.572, 7.559, 8.199, 8.619, 8.629], [1.98, 1.89, 2.36, 2.01, 1.4, 3.17, 3.18, 2.42, 1.74, 0.92, 0, 1.21, 1.8, 2.05, 1.74, 1.56, 1.64, 2.22, 2.69, 2.54, 2.31, 2.94, 4.4, 4.48, 3.76, 4.14, 3.1, 1.93, 1.22, 2.1, 4.22, 8.01, 9.473, 9.282, 8.822, 8.349, 7.769, 7.629, 6.75, 4.91, 5.22, 5.87, 6.29, 6.94, 7.39, 7.4, 7.07, 6.84, 7.01, 7.02, 6.87, 7.01, 7.49, 8.31, 8.61, 8.71, 8.895, 8.881, 10.349, 11.108, 12.295, 12.635, 10.702, 7.93, 4.95, 3.36, 5.8, 3.39, 3.18, 5.46, 6.06, 5.82, 5.93, 6.84, 7.93, 8.25, 7.77, 7.402, 6.99, 7.39, 8.569, 7.832, 7.819, 8.459, 8.879, 8.889], [1.79, 1.76, 2.09, 1.78, 1.15, 2.92, 2.91, 1.99, 1.67, 1.31, 1.21, 0, 1.37, 1.6, 1.27, 1.33, 1.77, 2.55, 3.1, 2.93, 2.64, 3.35, 4.73, 4.81, 4.09, 4.53, 3.71, 2.44, 1.65, 1.77, 3.89, 7.62, 9.154, 8.969, 8.509, 8.036, 7.456, 7.316, 6.44, 4.6, 4.85, 5.52, 5.94, 6.63, 7.08, 7.09, 6.76, 6.53, 6.7, 6.71, 6.559, 6.7, 7.18, 8.0, 8.3, 8.399, 8.582, 8.568, 10.036, 10.795, 11.982, 12.318, 10.389, 7.62, 4.52, 3.79, 6.31, 3.64, 2.89, 5.17, 5.75, 5.51, 5.62, 6.53, 7.62, 7.94, 7.46, 7.089, 6.659, 7.08, 8.256, 7.519, 7.506, 8.146, 8.566, 8.576], [1.44, 1.33, 1.36, 1.29, 1.84, 2.39, 2.5, 1.66, 1.54, 1.76, 1.8, 1.37, 0, 0.77, 0.9, 1.36, 2.48, 3.56, 3.93, 3.7, 3.37, 4.16, 5.54, 5.6, 4.92, 5.283, 4.26, 2.89, 1.98, 1.98, 3.1, 6.87, 8.372, 8.12, 7.66, 7.172, 6.589, 6.449, 5.57, 3.79, 4.04, 4.69, 5.07, 5.76, 6.21, 6.26, 5.89, 5.66, 5.83, 5.84, 5.69, 5.87, 6.41, 7.21, 7.43, 7.53, 7.73, 7.718, 9.175, 9.945, 11.132, 11.472, 9.539, 6.81, 3.75, 4.64, 6.68, 3.87, 2.38, 4.26, 4.86, 4.62, 4.73, 5.64, 6.73, 7.05, 6.57, 6.239, 5.809, 6.21, 7.37, 6.65, 6.645, 7.285, 7.702, 7.709], [1.41, 1.32, 1.25, 1.2, 2.079, 2.18, 2.39, 1.75, 1.97, 1.99, 2.05, 1.6, 0.77, 0, 0.93, 1.55, 2.83, 3.87, 4.36, 4.09, 3.74, 4.49, 5.95, 6.01, 5.29, 5.75, 4.65, 3.28, 2.45, 2.11, 2.65, 6.42, 7.936, 7.772, 7.312, 6.825, 6.242, 6.102, 5.24, 3.4, 3.63, 4.311, 4.74, 5.43, 5.86, 5.87, 5.56, 5.33, 5.5, 5.49, 5.342, 5.5, 5.98, 6.793, 7.1, 7.182, 7.365, 7.351, 8.828, 9.598, 10.785, 11.118, 9.192, 6.4, 3.34, 4.89, 6.69, 3.86, 1.87, 3.91, 4.51, 4.27, 4.4, 5.31, 6.38, 6.7, 6.22, 5.91, 5.462, 5.88, 7.039, 6.302, 6.278, 6.938, 7.355, 7.362], [1.56, 1.51, 1.6, 1.57, 1.8, 1.97, 2.32, 1.68, 1.6, 1.78, 1.74, 1.27, 0.9, 0.93, 0, 0.92, 2.28, 3.3, 3.89, 3.7, 3.39, 4.06, 5.48, 5.531, 4.794, 5.283, 4.32, 2.93, 2.08, 2.22, 3.3, 6.89, 8.463, 8.296, 7.836, 7.349, 6.766, 6.626, 5.763, 3.93, 4.14, 4.849, 5.27, 5.96, 6.41, 6.46, 6.15, 5.92, 6.09, 6.08, 5.89, 6.03, 6.51, 7.33, 7.63, 7.726, 7.909, 7.895, 9.352, 10.122, 11.309, 11.639, 9.716, 6.93, 3.73, 4.48, 6.7, 4.25, 2.48, 4.52, 5.08, 4.82, 4.95, 5.86, 6.95, 7.25, 6.79, 6.46, 6.01, 6.41, 7.563, 6.846, 6.822, 7.462, 7.879, 7.886], [2.12, 2.09, 2.26, 2.19, 1.58, 2.55, 2.84, 2.24, 1.7, 1.76, 1.56, 1.33, 1.36, 1.55, 0.92, 0, 1.6, 2.6, 3.19, 3.18, 3.05, 3.5, 4.8, 4.851, 4.114, 4.583, 3.82, 2.57, 1.76, 2.66, 4.0, 7.65, 9.201, 9.031, 8.571, 8.083, 7.5, 7.36, 6.497, 4.67, 4.88, 5.59, 6.01, 6.7, 7.15, 7.18, 6.87, 6.64, 6.81, 6.8, 6.63, 6.77, 7.25, 8.06, 8.37, 8.46, 8.643, 8.629, 10.086, 10.856, 12.043, 12.371, 10.45, 7.67, 4.39, 4.32, 6.8, 4.59, 3.16, 5.24, 5.82, 5.56, 5.67, 6.6, 7.69, 7.99, 7.51, 7.18, 6.74, 7.15, 8.297, 7.58, 7.556, 8.196, 8.613, 8.62], [2.9, 2.93, 3.38, 2.99, 1.82, 3.83, 4.06, 3.16, 2.52, 1.78, 1.64, 1.77, 2.48, 2.83, 2.28, 1.6, 0, 1.62, 2.63, 2.82, 2.85, 3.04, 3.6, 3.6, 3.02, 3.42, 3.0, 2.09, 1.66, 2.9, 5.34, 8.91, 10.472, 10.285, 9.825, 9.357, 8.754, 8.614, 7.77, 5.93, 6.16, 6.85, 7.29, 8.0, 8.45, 8.48, 8.17, 7.94, 8.11, 8.1, 7.89, 8.05, 8.51, 9.33, 9.65, 9.73, 9.917, 9.923, 11.34, 12.11, 13.317, 13.637, 11.704, 8.93, 5.67, 3.96, 6.66, 4.53, 4.38, 6.52, 7.12, 6.86, 6.97, 7.9, 8.99, 9.29, 8.81, 8.44, 8.01, 8.43, 9.568, 8.85, 8.85, 9.47, 9.887, 9.894], [3.98, 3.81, 4.36, 3.91, 2.52, 4.95, 5.1, 4.22, 3.54, 2.5, 2.22, 2.55, 3.56, 3.87, 3.3, 2.6, 1.62, 0, 1.39, 1.8, 1.95, 1.98, 2.46, 2.408, 1.98, 2.4, 2.08, 1.73, 2.04, 2.66, 6.32, 9.97, 11.521, 11.362, 10.902, 10.43, 9.849, 9.709, 8.83, 6.99, 7.16, 7.87, 8.33, 9.06, 9.51, 9.56, 9.25, 9.02, 9.19, 9.18, 8.93, 9.11, 9.57, 10.37, 10.69, 10.77, 10.95, 10.95, 12.429, 13.179, 14.37, 14.692, 12.779, 9.99, 6.79, 2.88, 5.573, 3.75, 5.24, 7.62, 8.2, 7.94, 8.07, 8.98, 10.07, 10.37, 9.91, 9.5, 9.05, 9.49, 10.65, 9.91, 9.88, 10.54, 10.96, 10.97], [4.19, 3.94, 4.49, 4.04, 2.73, 5.64, 5.75, 4.81, 3.97, 2.95, 2.69, 3.1, 3.93, 4.36, 3.89, 3.19, 2.63, 1.39, 0, 0.87, 1.14, 0.93, 1.85, 1.97, 1.69, 1.73, 1.59, 1.78, 2.47, 2.61, 6.79, 10.64, 12.08, 11.847, 11.387, 10.92, 10.334, 10.194, 9.32, 7.52, 7.75, 8.38, 8.8, 9.51, 9.96, 9.99, 9.64, 9.41, 9.58, 9.59, 9.4, 9.58, 10.14, 10.9, 11.14, 11.26, 11.44, 11.46, 12.914, 13.681, 14.86, 15.191, 13.25, 10.52, 7.48, 1.97, 4.45, 2.84, 5.73, 8.01, 8.65, 8.41, 8.52, 9.43, 10.52, 10.84, 10.36, 9.95, 9.52, 9.96, 11.14, 10.4, 10.39, 11.044, 11.45, 11.46], [3.8, 3.51, 4.0, 3.69, 2.5, 5.49, 5.54, 4.68, 3.74, 2.6, 2.54, 2.93, 3.7, 4.09, 3.7, 3.18, 2.82, 1.8, 0.87, 0, 0.65, 0.82, 2.16, 2.34, 1.84, 1.94, 1.54, 1.77, 2.32, 2.42, 6.42, 10.43, 11.767, 11.512, 11.052, 10.579, 9.999, 9.859, 9.01, 7.23, 7.58, 8.13, 8.53, 9.18, 9.59, 9.6, 9.23, 9.02, 9.19, 9.2, 9.07, 9.23, 9.79, 10.57, 10.81, 10.921, 11.101, 11.081, 12.564, 13.331, 14.521, 14.861, 12.916, 10.29, 7.35, 2.18, 4.34, 2.59, 5.34, 7.6, 8.24, 8.0, 8.15, 9.06, 10.11, 10.43, 9.97, 9.616, 9.19, 9.59, 10.784, 10.027, 10.014, 10.674, 11.094, 11.104], [3.45, 3.14, 3.63, 3.3, 2.27, 5.16, 5.17, 4.35, 3.43, 2.49, 2.31, 2.64, 3.37, 3.74, 3.39, 3.05, 2.85, 1.95, 1.14, 0.65, 0, 1.01, 2.51, 2.61, 2.19, 2.31, 1.85, 1.92, 2.15, 2.15, 6.07, 10.06, 11.392, 11.144, 10.684, 10.212, 9.632, 9.492, 8.66, 6.86, 7.21, 7.78, 8.18, 8.83, 9.24, 9.23, 8.86, 8.65, 8.82, 8.83, 8.7, 8.86, 9.42, 10.2, 10.44, 10.551, 10.731, 10.711, 12.194, 12.961, 14.151, 14.491, 12.55, 9.92, 6.98, 2.45, 4.51, 2.28, 4.97, 7.23, 7.87, 7.63, 7.78, 8.69, 9.74, 10.06, 9.6, 9.246, 8.82, 9.22, 10.414, 9.657, 9.644, 10.304, 10.724, 10.752], [4.3, 3.95, 4.56, 4.05, 2.8, 5.89, 5.96, 5.06, 4.2, 3.12, 2.94, 3.35, 4.16, 4.49, 4.06, 3.5, 3.04, 1.98, 0.93, 0.82, 1.01, 0, 1.56, 1.88, 1.46, 1.52, 1.36, 2.03, 2.74, 2.74, 6.9, 10.87, 12.27, 12.068, 11.608, 11.135, 10.555, 10.415, 9.57, 7.73, 8.009, 8.636, 9.05, 9.74, 10.13, 10.16, 9.81, 9.62, 9.79, 9.8, 9.638, 9.81, 10.327, 11.104, 11.404, 11.492, 11.672, 11.652, 13.135, 13.902, 15.092, 15.432, 13.499, 10.75, 7.75, 2.04, 4.1, 2.79, 5.86, 8.2, 8.84, 8.6, 8.735, 9.66, 10.71, 11.03, 10.57, 10.199, 9.758, 10.19, 11.355, 10.598, 10.585, 11.245, 11.665, 11.675], [5.84, 5.49, 6.1, 5.53, 4.14, 7.13, 7.38, 6.36, 5.66, 4.66, 4.4, 4.73, 5.54, 5.95, 5.48, 4.8, 3.6, 2.46, 1.85, 2.16, 2.51, 1.56, 0, 1.1, 1.26, 1.32, 1.72, 2.93, 3.8, 4.16, 8.46, 12.281, 13.8, 13.591, 13.131, 12.658, 12.078, 11.938, 11.075, 9.241, 9.428, 10.118, 10.55, 11.26, 11.67, 11.68, 11.35, 11.14, 11.31, 11.32, 11.161, 11.33, 11.861, 12.638, 12.93, 13.015, 13.195, 13.175, 14.658, 15.425, 16.615, 16.952, 15.022, 12.25, 9.07, 2.38, 4.4, 3.81, 7.4, 9.74, 10.38, 10.14, 10.27, 11.18, 12.25, 12.57, 12.09, 11.722, 11.281, 11.71, 12.878, 12.121, 12.108, 12.768, 13.188, 13.198], [5.9, 5.57, 6.16, 5.59, 4.12, 7.17, 7.46, 6.4, 5.74, 4.74, 4.48, 4.81, 5.6, 6.01, 5.531, 4.851, 3.6, 2.408, 1.97, 2.34, 2.61, 1.88, 1.1, 0, 1.26, 1.48, 1.94, 3.05, 3.9, 4.26, 8.52, 12.358, 13.875, 13.654, 13.194, 12.721, 12.141, 12.001, 11.138, 9.318, 9.505, 10.175, 10.603, 11.32, 11.71, 11.74, 11.39, 11.2, 11.37, 11.38, 11.223, 11.39, 11.938, 12.715, 12.975, 13.078, 13.258, 13.238, 14.721, 15.488, 16.678, 17.012, 15.085, 12.33, 9.11, 2.88, 5.04, 4.19, 7.48, 9.78, 10.42, 10.18, 10.321, 11.24, 12.29, 12.61, 12.15, 11.785, 11.343, 11.77, 12.941, 12.184, 12.171, 12.831, 13.251, 13.261], [5.18, 4.83, 5.44, 4.87, 3.38, 6.45, 6.74, 5.68, 5.04, 4.02, 3.76, 4.09, 4.92, 5.29, 4.794, 4.114, 3.02, 1.98, 1.69, 1.84, 2.19, 1.46, 1.26, 1.26, 0, 0.98, 1.14, 2.25, 3.14, 3.68, 7.78, 11.635, 13.155, 12.968, 12.508, 12.035, 11.455, 11.315, 10.452, 8.612, 8.782, 9.489, 9.918, 10.64, 11.03, 11.06, 10.69, 10.52, 10.69, 10.7, 10.538, 10.709, 11.215, 11.992, 12.289, 12.392, 12.572, 12.552, 14.035, 14.802, 15.992, 16.323, 14.399, 11.61, 8.37, 2.62, 4.78, 4.17, 6.76, 9.08, 9.72, 9.5, 9.635, 10.545, 11.61, 11.93, 11.47, 11.099, 10.658, 11.09, 12.255, 11.498, 11.485, 12.145, 12.565, 12.575], [5.5, 5.15, 5.74, 5.17, 3.78, 6.99, 7.18, 6.2, 5.397, 4.4, 4.14, 4.53, 5.283, 5.75, 5.283, 4.583, 3.42, 2.4, 1.73, 1.94, 2.31, 1.52, 1.32, 1.48, 0.98, 0, 1.18, 2.57, 3.48, 3.88, 8.18, 12.09, 13.533, 13.314, 12.854, 12.361, 11.781, 11.641, 10.79, 8.97, 9.217, 9.867, 10.304, 10.98, 11.37, 11.4, 11.03, 10.86, 11.03, 11.04, 10.884, 11.047, 11.59, 12.367, 12.627, 12.718, 12.898, 12.898, 14.361, 15.128, 16.318, 16.658, 14.725, 11.987, 8.887, 2.52, 4.34, 3.99, 7.14, 9.42, 10.06, 9.84, 9.961, 10.871, 11.95, 12.27, 11.801, 11.425, 11.004, 11.43, 12.581, 11.824, 11.811, 12.471, 12.891, 12.901], [4.36, 4.03, 4.6, 4.09, 3.04, 5.95, 6.12, 5.12, 4.36, 3.32, 3.1, 3.71, 4.26, 4.65, 4.32, 3.82, 3.0, 2.08, 1.59, 1.54, 1.85, 1.36, 1.72, 1.94, 1.14, 1.18, 0, 1.55, 2.46, 2.98, 7.08, 11.03, 12.453, 12.163, 11.703, 11.23, 10.65, 10.51, 9.65, 7.89, 8.16, 8.79, 9.17, 9.82, 10.21, 10.3, 9.87, 9.7, 9.87, 9.88, 9.73, 9.95, 10.51, 11.287, 11.507, 11.587, 11.767, 11.747, 13.23, 13.997, 15.187, 15.527, 13.594, 10.89, 7.81, 2.5, 4.44, 3.53, 6.04, 8.28, 8.9, 8.68, 8.83, 9.74, 10.79, 11.11, 10.65, 10.294, 9.85, 10.27, 11.45, 10.693, 10.68, 11.34, 11.76, 11.77], [3.03, 2.96, 3.43, 3.14, 2.09, 4.6, 4.75, 3.85, 3.01, 1.95, 1.93, 2.44, 2.89, 3.28, 2.93, 2.57, 2.09, 1.73, 1.78, 1.77, 1.92, 2.03, 2.93, 3.05, 2.25, 2.57, 1.55, 0, 1.25, 2.27, 5.73, 9.64, 11.063, 10.773, 10.313, 9.84, 9.26, 9.12, 8.24, 6.48, 6.784, 7.394, 7.78, 8.41, 8.82, 8.91, 8.48, 8.29, 8.46, 8.47, 8.34, 8.54, 9.1, 9.88, 10.1, 10.197, 10.377, 10.357, 11.84, 12.607, 13.797, 14.137, 12.19, 9.5, 6.46, 2.95, 5.13, 3.36, 4.77, 6.87, 7.49, 7.27, 7.42, 8.33, 9.38, 9.7, 9.24, 8.89, 8.46, 8.86, 10.06, 9.303, 9.29, 9.95, 10.37, 10.38], [2.28, 2.17, 2.7, 2.43, 1.48, 3.65, 3.82, 2.98, 2.26, 1.3, 1.22, 1.65, 1.98, 2.45, 2.08, 1.76, 1.66, 2.04, 2.47, 2.32, 2.15, 2.74, 3.8, 3.9, 3.14, 3.48, 2.46, 1.25, 0, 1.84, 4.78, 8.69, 10.17, 9.9, 9.44, 8.967, 8.387, 8.247, 7.37, 5.59, 5.828, 6.478, 6.87, 7.54, 7.95, 8.02, 7.61, 7.42, 7.59, 7.6, 7.469, 7.65, 8.21, 8.99, 9.21, 9.324, 9.504, 9.484, 10.967, 11.734, 12.924, 13.264, 11.319, 8.59, 5.57, 3.68, 5.68, 3.49, 3.88, 5.98, 6.62, 6.4, 6.55, 7.46, 8.51, 8.83, 8.37, 8.019, 7.589, 7.99, 9.187, 8.43, 8.417, 9.077, 9.497, 9.507], [2.2, 1.87, 2.3, 1.85, 1.74, 3.87, 4.04, 2.94, 2.88, 2.08, 2.1, 1.77, 1.98, 2.11, 2.22, 2.66, 2.9, 2.66, 2.61, 2.42, 2.15, 2.74, 4.16, 4.26, 3.68, 3.88, 2.98, 2.27, 1.84, 0, 4.44, 8.39, 9.85, 9.58, 9.12, 8.647, 8.067, 7.927, 7.05, 5.27, 5.537, 6.161, 6.55, 7.22, 7.63, 7.7, 7.29, 7.1, 7.27, 7.28, 7.149, 7.33, 7.89, 8.67, 8.89, 9.004, 9.184, 9.164, 10.647, 11.414, 12.604, 12.944, 10.999, 8.27, 5.25, 3.34, 5.14, 2.53, 3.44, 5.66, 6.3, 6.08, 6.23, 7.14, 8.19, 8.51, 8.05, 7.699, 7.269, 7.67, 8.867, 8.11, 8.097, 8.757, 9.177, 9.187], [2.96, 3.207, 2.82, 3.133, 4.56, 3.05, 3.2, 3.5, 3.78, 3.92, 4.22, 3.89, 3.1, 2.65, 3.3, 4.0, 5.34, 6.32, 6.79, 6.42, 6.07, 6.9, 8.46, 8.52, 7.78, 8.18, 7.08, 5.73, 4.78, 4.44, 0, 4.09, 5.53, 5.304, 4.842, 4.47, 3.93, 3.71, 2.85, 1.49, 1.58, 1.95, 2.23, 2.92, 3.31, 3.34, 2.97, 2.78, 2.95, 2.96, 2.83, 2.97, 3.47, 4.27, 4.57, 4.666, 4.846, 4.826, 6.309, 7.076, 8.266, 8.606, 6.662, 4.07, 2.55, 7.26, 8.94, 5.55, 1.54, 1.52, 2.08, 2.08, 2.03, 2.84, 3.87, 4.21, 3.73, 3.42, 2.97, 3.37, 4.529, 3.93, 3.94, 4.419, 4.839, 4.849], [6.853, 7.16, 6.81, 7.046, 8.416, 5.362, 5.01, 5.97, 6.77, 7.87, 8.01, 7.62, 6.87, 6.42, 6.89, 7.65, 8.91, 9.97, 10.64, 10.43, 10.06, 10.87, 12.281, 12.358, 11.635, 12.09, 11.03, 9.64, 8.69, 8.39, 4.09, 0, 1.82, 1.75, 1.85, 2.2, 2.12, 2.0, 2.02, 3.52, 3.43, 2.94, 2.56, 2.33, 2.4, 2.61, 2.66, 2.57, 2.54, 2.53, 2.36, 2.34, 2.1, 2.24, 1.92, 1.78, 1.84, 1.96, 2.496, 3.235, 4.442, 4.762, 3.15, 1.92, 3.52, 10.91, 12.775, 9.532, 5.37, 3.23, 2.87, 3.57, 3.22, 2.35, 1.68, 1.74, 1.54, 1.71, 1.9, 1.76, 1.6, 1.74, 1.89, 1.75, 1.77, 1.7], [8.247, 8.583, 8.093, 8.477, 9.898, 6.882, 6.464, 7.477, 8.176, 9.213, 9.473, 9.154, 8.372, 7.936, 8.463, 9.201, 10.472, 11.521, 12.08, 11.767, 11.392, 12.27, 13.8, 13.875, 13.155, 13.533, 12.453, 11.063, 10.17, 9.85, 5.53, 1.82, 0, 0.93, 1.33, 1.92, 2.42, 2.42, 2.98, 4.88, 4.87, 4.16, 3.82, 3.37, 3.42, 3.55, 3.7, 3.61, 3.54, 3.59, 3.42, 3.44, 3.08, 2.88, 2.36, 2.26, 2.16, 2.22, 1.8, 2.53, 3.18, 3.38, 2.91, 2.68, 4.985, 12.452, 14.298, 10.854, 6.565, 4.41, 4.15, 4.73, 4.42, 3.45, 2.54, 2.48, 2.64, 2.91, 3.16, 2.82, 2.06, 2.48, 2.57, 2.17, 2.07, 1.92], [7.951, 8.316, 7.778, 8.244, 9.725, 6.697, 6.287, 7.288, 7.969, 9.032, 9.282, 8.969, 8.12, 7.772, 8.296, 9.031, 10.285, 11.362, 11.847, 11.512, 11.144, 12.068, 13.591, 13.654, 12.968, 13.314, 12.163, 10.773, 9.9, 9.58, 5.304, 1.75, 0.93, 0, 0.74, 1.57, 1.97, 2.01, 2.651, 4.631, 4.68, 3.93, 3.492, 3.256, 3.341, 3.591, 3.552, 3.5, 3.41, 3.44, 3.306, 3.27, 3.01, 2.93, 2.41, 2.17, 2.13, 2.25, 1.93, 2.5, 3.33, 3.51, 2.82, 2.71, 4.818, 12.271, 14.127, 10.707, 6.318, 4.118, 3.7, 4.34, 4.03, 3.14, 2.31, 2.29, 2.29, 2.54, 2.788, 2.53, 1.89, 2.15, 2.24, 1.9, 1.86, 1.67], [7.491, 7.833, 7.312, 7.784, 9.265, 6.217, 5.847, 6.828, 7.509, 8.572, 8.822, 8.509, 7.66, 7.312, 7.836, 8.571, 9.825, 10.902, 11.387, 11.052, 10.684, 11.608, 13.131, 13.194, 12.508, 12.854, 11.703, 10.313, 9.44, 9.12, 4.842, 1.85, 1.33, 0.74, 0, 1.01, 1.39, 1.47, 2.19, 4.111, 4.16, 3.41, 3.124, 3.16, 3.361, 3.634, 3.438, 3.3, 3.33, 3.34, 3.09, 3.13, 3.03, 3.03, 2.55, 2.33, 2.31, 2.39, 2.11, 2.86, 3.77, 3.93, 3.2, 2.87, 4.358, 11.811, 13.667, 10.247, 5.786, 3.7, 3.22, 3.76, 3.59, 2.96, 2.43, 2.45, 2.21, 2.28, 2.49, 2.33, 1.85, 1.93, 1.7, 1.72, 1.8, 1.65], [7.01, 7.354, 6.827, 7.305, 8.786, 5.768, 5.369, 6.375, 7.056, 8.119, 8.349, 8.036, 7.172, 6.825, 7.349, 8.083, 9.357, 10.43, 10.92, 10.579, 10.212, 11.135, 12.658, 12.721, 12.035, 12.361, 11.23, 9.84, 8.967, 8.647, 4.47, 2.2, 1.92, 1.57, 1.01, 0, 0.76, 1.02, 1.92, 3.62, 3.77, 3.34, 3.08, 3.31, 3.5, 3.79, 3.56, 3.49, 3.5, 3.51, 3.26, 3.28, 3.18, 3.14, 2.72, 2.46, 2.48, 2.66, 2.56, 3.47, 4.14, 4.4, 3.63, 3.1, 3.925, 11.338, 13.175, 9.754, 5.313, 3.67, 2.97, 3.43, 3.4, 3.01, 2.54, 2.46, 2.28, 2.33, 2.46, 2.28, 2.0, 1.92, 1.65, 1.73, 1.91, 1.86], [6.41, 6.757, 6.227, 6.711, 8.192, 5.168, 4.749, 5.775, 6.456, 7.519, 7.769, 7.456, 6.589, 6.242, 6.766, 7.5, 8.754, 9.849, 10.334, 9.999, 9.632, 10.555, 12.078, 12.141, 11.455, 11.781, 10.65, 9.26, 8.387, 8.067, 3.93, 2.12, 2.42, 1.97, 1.39, 0.76, 0, 0.6, 1.5, 3.14, 3.39, 3.02, 2.78, 3.03, 3.26, 3.55, 3.34, 3.23, 3.24, 3.29, 3.0, 3.0, 2.98, 2.94, 2.56, 2.4, 2.4, 2.52, 2.76, 3.63, 4.62, 4.9, 3.75, 3.1, 3.36, 10.758, 12.595, 9.174, 4.75, 3.31, 2.61, 3.15, 3.04, 2.73, 2.34, 2.3, 2.04, 2.01, 2.16, 2.08, 2.08, 1.7, 1.57, 1.79, 2.03, 2.0], [6.27, 6.617, 6.087, 6.571, 8.052, 5.028, 4.629, 5.635, 6.298, 7.369, 7.629, 7.316, 6.449, 6.102, 6.626, 7.36, 8.614, 9.709, 10.194, 9.859, 9.492, 10.415, 11.938, 12.001, 11.315, 11.641, 10.51, 9.12, 8.247, 7.927, 3.71, 2.0, 2.42, 2.01, 1.47, 1.02, 0.6, 0, 1.3, 3.02, 3.21, 2.84, 2.64, 2.97, 3.18, 3.47, 3.24, 3.15, 3.2, 3.23, 2.92, 2.92, 2.92, 2.9, 2.48, 2.28, 2.28, 2.4, 2.84, 3.75, 4.84, 5.04, 3.79, 2.86, 3.22, 10.618, 12.455, 9.054, 4.63, 3.19, 2.53, 2.97, 2.88, 2.61, 2.18, 2.16, 1.96, 1.93, 2.02, 1.9, 1.94, 1.52, 1.45, 1.65, 1.93, 1.82], [5.404, 5.76, 5.31, 5.706, 7.196, 4.185, 3.826, 4.79, 5.45, 6.53, 6.75, 6.44, 5.57, 5.24, 5.763, 6.497, 7.77, 8.83, 9.32, 9.01, 8.66, 9.57, 11.075, 11.138, 10.452, 10.79, 9.65, 8.24, 7.37, 7.05, 2.85, 2.02, 2.98, 2.651, 2.19, 1.92, 1.5, 1.3, 0, 2.18, 2.39, 1.88, 1.7, 1.97, 2.28, 2.61, 2.48, 2.33, 2.36, 2.41, 2.1, 2.12, 2.18, 2.32, 2.24, 2.22, 2.26, 2.32, 3.64, 4.43, 5.58, 5.905, 4.23, 2.3, 2.36, 9.755, 11.592, 8.252, 3.93, 2.19, 1.83, 2.39, 2.26, 1.79, 1.64, 1.84, 1.58, 1.57, 1.4, 1.4, 2.12, 1.5, 1.43, 1.95, 2.23, 2.22], [3.81, 4.02, 3.67, 3.946, 5.356, 3.26, 3.15, 3.47, 3.79, 4.71, 4.91, 4.6, 3.79, 3.4, 3.93, 4.67, 5.93, 6.99, 7.52, 7.23, 6.86, 7.73, 9.241, 9.318, 8.612, 8.97, 7.89, 6.48, 5.59, 5.27, 1.49, 3.52, 4.88, 4.631, 4.111, 3.62, 3.14, 3.02, 2.18, 0, 0.77, 1.1, 1.52, 2.13, 2.54, 2.61, 2.3, 2.17, 2.3, 2.35, 2.18, 2.18, 2.62, 3.42, 3.72, 3.8, 4.0, 4.02, 5.488, 6.206, 7.413, 7.733, 5.801, 3.4, 2.1, 7.935, 9.752, 6.412, 2.17, 1.77, 1.75, 1.33, 1.38, 2.21, 3.22, 3.48, 2.98, 2.69, 2.18, 2.54, 3.66, 3.08, 3.09, 3.578, 3.998, 4.0], [4.14, 4.307, 3.957, 4.213, 5.597, 3.57, 3.46, 3.8, 4.18, 5.04, 5.22, 4.85, 4.04, 3.63, 4.14, 4.88, 6.16, 7.16, 7.75, 7.58, 7.21, 8.009, 9.428, 9.505, 8.782, 9.217, 8.16, 6.784, 5.828, 5.537, 1.58, 3.43, 4.87, 4.68, 4.16, 3.77, 3.39, 3.21, 2.39, 0.77, 0, 0.85, 1.37, 2.06, 2.35, 2.42, 2.19, 2.2, 2.23, 2.28, 2.19, 2.11, 2.55, 3.27, 3.57, 3.63, 3.87, 3.83, 5.35, 6.042, 7.23, 7.552, 5.62, 3.51, 2.39, 8.122, 9.922, 6.719, 2.48, 2.04, 1.84, 1.28, 1.29, 2.36, 3.35, 3.57, 3.13, 2.76, 2.23, 2.59, 3.63, 3.23, 3.12, 3.44, 3.82, 3.83], [4.642, 4.897, 4.507, 4.817, 6.267, 4.04, 3.85, 4.25, 4.63, 5.63, 5.87, 5.52, 4.69, 4.311, 4.849, 5.59, 6.85, 7.87, 8.38, 8.13, 7.78, 8.636, 10.118, 10.175, 9.489, 9.867, 8.79, 7.394, 6.478, 6.161, 1.95, 2.94, 4.16, 3.93, 3.41, 3.34, 3.02, 2.84, 1.88, 1.1, 0.85, 0, 0.84, 1.33, 1.74, 1.87, 1.7, 1.69, 1.88, 1.93, 1.8, 1.56, 1.92, 2.56, 2.88, 2.92, 3.12, 3.14, 4.66, 5.338, 6.52, 6.848, 4.95, 3.14, 2.64, 8.812, 10.629, 7.329, 3.05, 1.85, 1.39, 1.21, 1.04, 1.73, 2.7, 2.92, 2.52, 2.31, 1.88, 2.04, 2.94, 2.6, 2.45, 2.75, 3.11, 3.12], [4.939, 5.263, 4.862, 5.24, 6.69, 4.18, 4.01, 4.47, 5.01, 6.05, 6.29, 5.94, 5.07, 4.74, 5.27, 6.01, 7.29, 8.33, 8.8, 8.53, 8.18, 9.05, 10.55, 10.603, 9.918, 10.304, 9.17, 7.78, 6.87, 6.55, 2.23, 2.56, 3.82, 3.492, 3.124, 3.08, 2.78, 2.64, 1.7, 1.52, 1.37, 0.84, 0, 1.03, 1.3, 1.59, 1.26, 1.23, 1.44, 1.53, 1.4, 1.22, 1.58, 2.24, 2.42, 2.52, 2.72, 2.72, 4.26, 4.904, 6.114, 6.414, 4.51, 2.9, 2.6, 9.25, 11.066, 7.76, 3.35, 1.69, 1.19, 1.45, 1.16, 1.47, 2.24, 2.52, 2.12, 1.91, 1.66, 1.8, 2.58, 2.32, 2.23, 2.53, 2.75, 2.82], [5.592, 5.936, 5.494, 5.893, 7.383, 4.79, 4.5, 5.04, 5.64, 6.72, 6.94, 6.63, 5.76, 5.43, 5.96, 6.7, 8.0, 9.06, 9.51, 9.18, 8.83, 9.74, 11.26, 11.32, 10.64, 10.98, 9.82, 8.41, 7.54, 7.22, 2.92, 2.33, 3.37, 3.256, 3.16, 3.31, 3.03, 2.97, 1.97, 2.13, 2.06, 1.33, 1.03, 0, 0.63, 0.88, 0.81, 0.9, 1.01, 1.0, 1.05, 0.95, 1.15, 1.65, 1.79, 1.91, 2.15, 2.11, 3.51, 4.298, 5.41, 5.75, 3.88, 2.83, 3.13, 9.96, 11.799, 8.43, 4.02, 2.02, 1.34, 1.7, 1.45, 1.04, 1.67, 1.93, 1.77, 1.88, 1.71, 1.67, 2.31, 2.13, 2.36, 2.28, 2.26, 2.35], [5.999, 6.343, 5.902, 6.3, 7.81, 5.1, 4.85, 5.43, 6.09, 7.17, 7.39, 7.08, 6.21, 5.86, 6.41, 7.15, 8.45, 9.51, 9.96, 9.59, 9.24, 10.13, 11.67, 11.71, 11.03, 11.37, 10.21, 8.82, 7.95, 7.63, 3.31, 2.4, 3.42, 3.341, 3.361, 3.5, 3.26, 3.18, 2.28, 2.54, 2.35, 1.74, 1.3, 0.63, 0, 0.47, 0.8, 0.99, 0.98, 0.89, 1.22, 0.98, 0.9, 1.38, 1.62, 1.58, 1.96, 1.94, 3.26, 3.91, 5.018, 5.358, 3.49, 2.82, 3.5, 10.39, 12.19, 8.82, 4.43, 2.23, 1.57, 1.99, 1.78, 1.15, 1.5, 1.74, 1.7, 1.83, 1.74, 1.78, 2.24, 2.22, 2.47, 2.31, 2.15, 2.14], [6.089, 6.401, 5.932, 6.324, 7.805, 5.19, 4.92, 5.46, 6.08, 7.14, 7.4, 7.09, 6.26, 5.87, 6.46, 7.18, 8.48, 9.56, 9.99, 9.6, 9.23, 10.16, 11.68, 11.74, 11.06, 11.4, 10.3, 8.91, 8.02, 7.7, 3.34, 2.61, 3.55, 3.591, 3.634, 3.79, 3.55, 3.47, 2.61, 2.61, 2.42, 1.87, 1.59, 0.88, 0.47, 0, 0.79, 0.94, 0.89, 0.82, 1.31, 1.01, 1.03, 1.37, 1.67, 1.79, 2.13, 2.09, 3.27, 3.9, 4.988, 5.328, 3.48, 2.87, 3.59, 10.4, 12.22, 8.79, 4.4, 2.24, 1.76, 2.12, 1.93, 1.3, 1.69, 1.91, 1.89, 1.98, 1.87, 1.99, 2.47, 2.49, 2.74, 2.62, 2.42, 2.37], [5.661, 6.008, 5.459, 5.942, 7.463, 5.0, 4.73, 5.21, 5.75, 6.81, 7.07, 6.76, 5.89, 5.56, 6.15, 6.87, 8.17, 9.25, 9.64, 9.23, 8.86, 9.81, 11.35, 11.39, 10.69, 11.03, 9.87, 8.48, 7.61, 7.29, 2.97, 2.66, 3.7, 3.552, 3.438, 3.56, 3.34, 3.24, 2.48, 2.3, 2.19, 1.7, 1.26, 0.81, 0.8, 0.79, 0, 0.37, 0.58, 0.65, 0.88, 0.76, 1.04, 1.62, 1.74, 1.92, 2.22, 2.14, 3.54, 4.25, 5.352, 5.7, 3.75, 2.96, 3.38, 10.07, 11.85, 8.4, 4.01, 1.85, 1.37, 1.63, 1.6, 1.11, 1.68, 2.0, 1.64, 1.73, 1.64, 1.76, 2.34, 2.34, 2.49, 2.49, 2.31, 2.42], [5.454, 5.801, 5.272, 5.755, 7.236, 4.75, 4.5, 4.98, 5.52, 6.58, 6.84, 6.53, 5.66, 5.33, 5.92, 6.64, 7.94, 9.02, 9.41, 9.02, 8.65, 9.62, 11.14, 11.2, 10.52, 10.86, 9.7, 8.29, 7.42, 7.1, 2.78, 2.57, 3.61, 3.5, 3.3, 3.49, 3.23, 3.15, 2.33, 2.17, 2.2, 1.69, 1.23, 0.9, 0.99, 0.94, 0.37, 0, 0.49, 0.56, 0.81, 0.81, 1.17, 1.79, 1.87, 2.09, 2.33, 2.25, 3.63, 4.4, 5.53, 5.87, 3.9, 2.87, 3.19, 9.86, 11.68, 8.23, 3.8, 1.62, 1.2, 1.6, 1.53, 0.94, 1.67, 2.05, 1.61, 1.6, 1.53, 1.71, 2.35, 2.29, 2.44, 2.54, 2.48, 2.57], [5.624, 5.971, 5.442, 5.925, 7.406, 4.86, 4.59, 5.13, 5.69, 6.75, 7.01, 6.7, 5.83, 5.5, 6.09, 6.81, 8.11, 9.19, 9.58, 9.19, 8.82, 9.79, 11.31, 11.37, 10.69, 11.03, 9.87, 8.46, 7.59, 7.27, 2.95, 2.54, 3.54, 3.41, 3.33, 3.5, 3.24, 3.2, 2.36, 2.3, 2.23, 1.88, 1.44, 1.01, 0.98, 0.89, 0.58, 0.49, 0, 0.39, 0.88, 0.84, 1.26, 1.74, 1.74, 2.04, 2.32, 2.18, 3.56, 4.31, 5.38, 5.74, 3.79, 2.8, 3.26, 10.03, 11.85, 8.4, 3.97, 1.69, 1.35, 1.75, 1.7, 1.11, 1.66, 2.06, 1.62, 1.59, 1.48, 1.74, 2.44, 2.32, 2.49, 2.53, 2.45, 2.52], [5.634, 5.981, 5.452, 5.935, 7.416, 4.85, 4.58, 5.12, 5.72, 6.76, 7.02, 6.71, 5.84, 5.49, 6.08, 6.8, 8.1, 9.18, 9.59, 9.2, 8.83, 9.8, 11.32, 11.38, 10.7, 11.04, 9.88, 8.47, 7.6, 7.28, 2.96, 2.53, 3.59, 3.44, 3.34, 3.51, 3.29, 3.23, 2.41, 2.35, 2.28, 1.93, 1.53, 1.0, 0.89, 0.82, 0.65, 0.56, 0.39, 0, 0.71, 0.89, 1.21, 1.73, 1.85, 1.99, 2.31, 2.13, 3.51, 4.238, 5.35, 5.69, 3.78, 2.79, 3.21, 10.04, 11.86, 8.41, 3.96, 1.66, 1.4, 1.8, 1.81, 1.16, 1.67, 1.97, 1.63, 1.62, 1.53, 1.75, 2.41, 2.31, 2.48, 2.5, 2.36, 2.45], [5.501, 5.848, 5.319, 5.814, 7.283, 4.5, 4.25, 4.87, 5.53, 6.59, 6.87, 6.559, 5.69, 5.342, 5.89, 6.63, 7.89, 8.93, 9.4, 9.07, 8.7, 9.638, 11.161, 11.223, 10.538, 10.884, 9.73, 8.34, 7.469, 7.149, 2.83, 2.36, 3.42, 3.306, 3.09, 3.26, 3.0, 2.92, 2.1, 2.18, 2.19, 1.8, 1.4, 1.05, 1.22, 1.31, 0.88, 0.81, 0.88, 0.71, 0, 0.9, 1.24, 1.68, 1.86, 1.96, 2.22, 2.14, 3.575, 4.345, 5.5, 5.832, 3.87, 2.68, 2.9, 9.86, 11.686, 8.26, 3.79, 1.67, 1.43, 1.85, 1.84, 1.29, 1.64, 2.0, 1.66, 1.61, 1.36, 1.6, 2.3, 2.1, 2.29, 2.35, 2.33, 2.46], [5.704, 6.034, 5.522, 5.957, 7.438, 4.7, 4.41, 5.05, 5.67, 6.73, 7.01, 6.7, 5.87, 5.5, 6.03, 6.77, 8.05, 9.11, 9.58, 9.23, 8.86, 9.81, 11.33, 11.39, 10.709, 11.047, 9.95, 8.54, 7.65, 7.33, 2.97, 2.34, 3.44, 3.27, 3.13, 3.28, 3.0, 2.92, 2.12, 2.18, 2.11, 1.56, 1.22, 0.95, 0.98, 1.01, 0.76, 0.81, 0.84, 0.89, 0.9, 0, 0.74, 1.44, 1.72, 1.82, 2.02, 2.04, 3.478, 4.225, 5.36, 5.7, 3.75, 2.42, 3.1, 10.03, 11.849, 8.42, 3.95, 1.83, 1.31, 1.75, 1.6, 0.97, 1.5, 1.7, 1.38, 1.47, 1.32, 1.52, 2.12, 2.04, 2.19, 2.31, 2.11, 2.18], [6.247, 6.577, 6.064, 6.5, 7.921, 5.08, 4.83, 5.59, 6.21, 7.23, 7.49, 7.18, 6.41, 5.98, 6.51, 7.25, 8.51, 9.57, 10.14, 9.79, 9.42, 10.327, 11.861, 11.938, 11.215, 11.59, 10.51, 9.1, 8.21, 7.89, 3.47, 2.1, 3.08, 3.01, 3.03, 3.18, 2.98, 2.92, 2.18, 2.62, 2.55, 1.92, 1.58, 1.15, 0.9, 1.03, 1.04, 1.17, 1.26, 1.21, 1.24, 0.74, 0, 0.96, 1.42, 1.38, 1.62, 1.62, 2.98, 3.71, 4.84, 5.18, 3.35, 2.28, 3.38, 10.53, 12.355, 8.912, 4.47, 2.27, 1.77, 2.15, 1.98, 1.11, 1.22, 1.4, 1.32, 1.61, 1.66, 1.58, 1.86, 1.84, 2.03, 2.13, 1.97, 1.96], [7.044, 7.374, 6.862, 7.297, 8.738, 5.742, 5.47, 6.33, 6.99, 8.03, 8.31, 8.0, 7.21, 6.793, 7.33, 8.06, 9.33, 10.37, 10.9, 10.57, 10.2, 11.104, 12.638, 12.715, 11.992, 12.367, 11.287, 9.88, 8.99, 8.67, 4.27, 2.24, 2.88, 2.93, 3.03, 3.14, 2.94, 2.9, 2.32, 3.42, 3.27, 2.56, 2.24, 1.65, 1.38, 1.37, 1.62, 1.79, 1.74, 1.73, 1.68, 1.44, 0.96, 0, 0.88, 1.0, 1.12, 1.2, 2.36, 2.95, 4.06, 4.38, 2.75, 2.22, 3.94, 11.33, 13.132, 9.709, 5.25, 3.01, 2.45, 2.81, 2.64, 1.75, 1.28, 1.38, 1.58, 1.85, 1.98, 1.66, 1.76, 1.88, 2.07, 1.95, 1.73, 1.76], [7.264, 7.594, 7.082, 7.557, 9.026, 6.062, 5.683, 6.63, 7.27, 8.33, 8.61, 8.3, 7.43, 7.1, 7.63, 8.37, 9.65, 10.69, 11.14, 10.81, 10.44, 11.404, 12.93, 12.975, 12.289, 12.627, 11.507, 10.1, 9.21, 8.89, 4.57, 1.92, 2.36, 2.41, 2.55, 2.72, 2.56, 2.48, 2.24, 3.72, 3.57, 2.88, 2.42, 1.79, 1.62, 1.67, 1.74, 1.87, 1.74, 1.85, 1.86, 1.72, 1.42, 0.88, 0, 0.62, 0.78, 0.78, 2.1, 2.71, 3.76, 4.1, 2.35, 2.18, 4.22, 11.63, 13.429, 10.009, 5.55, 3.23, 2.67, 3.03, 2.88, 1.95, 1.14, 1.12, 1.24, 1.63, 1.86, 1.46, 1.26, 1.34, 1.73, 1.37, 1.27, 1.32], [7.347, 7.694, 7.164, 7.648, 9.126, 6.125, 5.746, 6.75, 7.39, 8.45, 8.71, 8.399, 7.53, 7.182, 7.726, 8.46, 9.73, 10.77, 11.26, 10.921, 10.551, 11.492, 13.015, 13.078, 12.392, 12.718, 11.587, 10.197, 9.324, 9.004, 4.666, 1.78, 2.26, 2.17, 2.33, 2.46, 2.4, 2.28, 2.22, 3.8, 3.63, 2.92, 2.52, 1.91, 1.58, 1.79, 1.92, 2.09, 2.04, 1.99, 1.96, 1.82, 1.38, 1.0, 0.62, 0, 0.62, 0.72, 1.88, 2.53, 3.64, 3.96, 2.23, 2.14, 4.3, 11.715, 13.532, 10.088, 5.67, 3.37, 2.75, 3.07, 2.86, 1.97, 0.98, 0.94, 1.22, 1.61, 1.88, 1.36, 1.0, 1.18, 1.53, 1.13, 0.93, 0.96], [7.532, 7.879, 7.347, 7.836, 9.309, 6.325, 5.946, 6.932, 7.59, 8.646, 8.895, 8.582, 7.73, 7.365, 7.909, 8.643, 9.917, 10.95, 11.44, 11.101, 10.731, 11.672, 13.195, 13.258, 12.572, 12.898, 11.767, 10.377, 9.504, 9.184, 4.846, 1.84, 2.16, 2.13, 2.31, 2.48, 2.4, 2.28, 2.26, 4.0, 3.87, 3.12, 2.72, 2.15, 1.96, 2.13, 2.22, 2.33, 2.32, 2.31, 2.22, 2.02, 1.62, 1.12, 0.78, 0.62, 0, 0.56, 1.7, 2.33, 3.48, 3.8, 2.15, 2.12, 4.5, 11.895, 13.712, 10.248, 5.85, 3.55, 2.95, 3.21, 3.0, 2.13, 1.14, 0.84, 1.28, 1.69, 2.04, 1.56, 0.92, 1.18, 1.55, 1.05, 0.91, 0.98], [7.518, 7.865, 7.336, 7.822, 9.295, 6.361, 5.986, 6.912, 7.575, 8.626, 8.881, 8.568, 7.718, 7.351, 7.895, 8.629, 9.923, 10.95, 11.46, 11.081, 10.711, 11.652, 13.175, 13.238, 12.552, 12.898, 11.747, 10.357, 9.484, 9.164, 4.826, 1.96, 2.22, 2.25, 2.39, 2.66, 2.52, 2.4, 2.32, 4.02, 3.83, 3.14, 2.72, 2.11, 1.94, 2.09, 2.14, 2.25, 2.18, 2.13, 2.14, 2.04, 1.62, 1.2, 0.78, 0.72, 0.56, 0, 1.64, 2.35, 3.52, 3.84, 2.33, 2.2, 4.502, 11.875, 13.712, 10.248, 5.812, 3.533, 2.965, 3.23, 3.02, 2.13, 1.2, 0.98, 1.34, 1.71, 2.1, 1.68, 1.14, 1.4, 1.53, 1.15, 1.01, 1.18], [8.998, 9.345, 8.816, 9.302, 10.775, 7.781, 7.389, 8.355, 9.018, 10.069, 10.349, 10.036, 9.175, 8.828, 9.352, 10.086, 11.34, 12.429, 12.914, 12.564, 12.194, 13.135, 14.658, 14.721, 14.035, 14.361, 13.23, 11.84, 10.967, 10.647, 6.309, 2.496, 1.8, 1.93, 2.11, 2.56, 2.76, 2.84, 3.64, 5.488, 5.35, 4.66, 4.26, 3.51, 3.26, 3.27, 3.54, 3.63, 3.56, 3.51, 3.575, 3.478, 2.98, 2.36, 2.1, 1.88, 1.7, 1.64, 0, 1.13, 2.14, 2.42, 1.75, 2.58, 5.925, 13.338, 15.175, 11.711, 7.275, 4.987, 4.43, 4.75, 4.54, 3.59, 2.52, 2.26, 2.68, 3.01, 3.5, 3.14, 2.04, 2.6, 2.61, 2.11, 1.79, 1.8], [9.765, 10.112, 9.583, 10.069, 11.542, 8.528, 8.136, 9.122, 9.785, 10.836, 11.108, 10.795, 9.945, 9.598, 10.122, 10.856, 12.11, 13.179, 13.681, 13.331, 12.961, 13.902, 15.425, 15.488, 14.802, 15.128, 13.997, 12.607, 11.734, 11.414, 7.076, 3.235, 2.53, 2.5, 2.86, 3.47, 3.63, 3.75, 4.43, 6.206, 6.042, 5.338, 4.904, 4.298, 3.91, 3.9, 4.25, 4.4, 4.31, 4.238, 4.345, 4.225, 3.71, 2.95, 2.71, 2.53, 2.33, 2.35, 1.13, 0, 1.35, 1.61, 1.3, 3.252, 6.672, 14.105, 15.942, 12.478, 8.062, 5.783, 5.24, 5.46, 5.29, 4.36, 3.33, 3.03, 3.47, 3.76, 4.187, 3.79, 2.67, 3.39, 3.36, 2.78, 2.44, 2.47], [10.967, 11.299, 10.784, 11.256, 12.729, 9.725, 9.326, 10.332, 10.995, 12.046, 12.295, 11.982, 11.132, 10.785, 11.309, 12.043, 13.317, 14.37, 14.86, 14.521, 14.151, 15.092, 16.615, 16.678, 15.992, 16.318, 15.187, 13.797, 12.924, 12.604, 8.266, 4.442, 3.18, 3.33, 3.77, 4.14, 4.62, 4.84, 5.58, 7.413, 7.23, 6.52, 6.114, 5.41, 5.018, 4.988, 5.352, 5.53, 5.38, 5.35, 5.5, 5.36, 4.84, 4.06, 3.76, 3.64, 3.48, 3.52, 2.14, 1.35, 0, 0.64, 1.73, 4.46, 7.862, 15.295, 17.132, 13.668, 9.27, 6.97, 6.35, 6.63, 6.44, 5.51, 4.48, 4.16, 4.62, 4.97, 5.38, 4.98, 3.84, 4.56, 4.57, 3.93, 3.49, 3.5], [11.307, 11.639, 11.124, 11.596, 13.069, 10.035, 9.646, 10.652, 11.315, 12.366, 12.635, 12.318, 11.472, 11.118, 11.639, 12.371, 13.637, 14.692, 15.191, 14.861, 14.491, 15.432, 16.952, 17.012, 16.323, 16.658, 15.527, 14.137, 13.264, 12.944, 8.606, 4.762, 3.38, 3.51, 3.93, 4.4, 4.9, 5.04, 5.905, 7.733, 7.552, 6.848, 6.414, 5.75, 5.358, 5.328, 5.7, 5.87, 5.74, 5.69, 5.832, 5.7, 5.18, 4.38, 4.1, 3.96, 3.8, 3.84, 2.42, 1.61, 0.64, 0, 1.97, 4.742, 8.182, 15.625, 17.463, 14.028, 9.61, 7.31, 6.69, 6.99, 6.8, 5.87, 4.84, 4.52, 4.98, 5.33, 5.694, 5.294, 4.14, 4.9, 4.91, 4.25, 3.81, 3.78], [9.354, 9.701, 9.172, 9.655, 11.133, 8.099, 7.693, 8.719, 9.371, 10.422, 10.702, 10.389, 9.539, 9.192, 9.716, 10.45, 11.704, 12.779, 13.25, 12.916, 12.55, 13.499, 15.022, 15.085, 14.399, 14.725, 13.594, 12.19, 11.319, 10.999, 6.662, 3.15, 2.91, 2.82, 3.2, 3.63, 3.75, 3.79, 4.23, 5.801, 5.62, 4.95, 4.51, 3.88, 3.49, 3.48, 3.75, 3.9, 3.79, 3.78, 3.87, 3.75, 3.35, 2.75, 2.35, 2.23, 2.15, 2.33, 1.75, 1.3, 1.73, 1.97, 0, 2.89, 6.27, 13.702, 15.539, 12.115, 7.66, 5.34, 4.78, 5.06, 4.93, 4.02, 3.03, 2.79, 3.11, 3.38, 3.75, 3.41, 2.31, 3.05, 3.3, 2.76, 2.32, 2.27], [6.75, 7.057, 6.687, 6.923, 8.373, 5.322, 4.99, 5.93, 6.63, 7.77, 7.93, 7.62, 6.81, 6.4, 6.93, 7.67, 8.93, 9.99, 10.52, 10.29, 9.92, 10.75, 12.25, 12.33, 11.61, 11.987, 10.89, 9.5, 8.59, 8.27, 4.07, 1.92, 2.68, 2.71, 2.87, 3.1, 3.1, 2.86, 2.3, 3.4, 3.51, 3.14, 2.9, 2.83, 2.82, 2.87, 2.96, 2.87, 2.8, 2.79, 2.68, 2.42, 2.28, 2.22, 2.18, 2.14, 2.12, 2.2, 2.58, 3.252, 4.46, 4.742, 2.89, 0, 3.48, 10.93, 12.752, 9.46, 5.23, 3.03, 2.87, 3.53, 3.34, 2.45, 1.9, 1.84, 1.84, 1.65, 1.8, 1.7, 1.74, 1.96, 2.07, 2.35, 2.27, 2.14], [3.979, 4.289, 3.885, 3.937, 5.236, 2.34, 2.31, 2.73, 3.63, 4.95, 4.95, 4.52, 3.75, 3.34, 3.73, 4.39, 5.67, 6.79, 7.48, 7.35, 6.98, 7.75, 9.07, 9.11, 8.37, 8.887, 7.81, 6.46, 5.57, 5.25, 2.55, 3.52, 4.985, 4.818, 4.358, 3.925, 3.36, 3.22, 2.36, 2.1, 2.39, 2.64, 2.6, 3.13, 3.5, 3.59, 3.38, 3.19, 3.26, 3.21, 2.9, 3.1, 3.38, 3.94, 4.22, 4.3, 4.5, 4.502, 5.925, 6.672, 7.862, 8.182, 6.27, 3.48, 0, 7.59, 9.55, 6.44, 2.77, 2.57, 2.69, 3.01, 3.1, 2.99, 3.62, 3.96, 3.5, 3.15, 2.76, 3.0, 4.125, 3.46, 3.49, 4.035, 4.435, 4.445], [4.84, 4.59, 5.08, 4.57, 3.68, 5.85, 6.08, 5.14, 4.68, 3.56, 3.36, 3.79, 4.64, 4.89, 4.48, 4.32, 3.96, 2.88, 1.97, 2.18, 2.45, 2.04, 2.38, 2.88, 2.62, 2.52, 2.5, 2.95, 3.68, 3.34, 7.26, 10.91, 12.452, 12.271, 11.811, 11.338, 10.758, 10.618, 9.755, 7.935, 8.122, 8.812, 9.25, 9.96, 10.39, 10.4, 10.07, 9.86, 10.03, 10.04, 9.86, 10.03, 10.53, 11.33, 11.63, 11.715, 11.895, 11.875, 13.338, 14.105, 15.295, 15.625, 13.702, 10.93, 7.59, 0, 3.2, 2.59, 6.16, 8.52, 9.12, 8.86, 8.97, 9.88, 10.97, 11.29, 10.81, 10.402, 9.96, 10.41, 11.558, 10.821, 10.808, 11.448, 11.868, 11.878], [6.5, 6.25, 6.78, 6.37, 5.7, 7.81, 8.1, 7.36, 7.04, 5.86, 5.8, 6.31, 6.68, 6.69, 6.7, 6.8, 6.66, 5.573, 4.45, 4.34, 4.51, 4.1, 4.4, 5.04, 4.78, 4.34, 4.44, 5.13, 5.68, 5.14, 8.94, 12.775, 14.298, 14.127, 13.667, 13.175, 12.595, 12.455, 11.592, 9.752, 9.922, 10.629, 11.066, 11.799, 12.19, 12.22, 11.85, 11.68, 11.85, 11.86, 11.686, 11.849, 12.355, 13.132, 13.429, 13.532, 13.712, 13.712, 15.175, 15.942, 17.132, 17.463, 15.539, 12.752, 9.55, 3.2, 0, 3.69, 7.94, 10.24, 10.88, 10.66, 10.775, 11.685, 12.77, 13.09, 12.615, 12.239, 11.806, 12.249, 13.395, 12.638, 12.625, 13.285, 13.705, 13.715], [3.89, 3.68, 3.93, 3.68, 3.55, 5.5, 5.41, 4.91, 4.59, 3.43, 3.39, 3.64, 3.87, 3.86, 4.25, 4.59, 4.53, 3.75, 2.84, 2.59, 2.28, 2.79, 3.81, 4.19, 4.17, 3.99, 3.53, 3.36, 3.49, 2.53, 5.55, 9.532, 10.854, 10.707, 10.247, 9.754, 9.174, 9.054, 8.252, 6.412, 6.719, 7.329, 7.76, 8.43, 8.82, 8.79, 8.4, 8.23, 8.4, 8.41, 8.26, 8.42, 8.912, 9.709, 10.009, 10.088, 10.248, 10.248, 11.711, 12.478, 13.668, 14.028, 12.115, 9.46, 6.44, 2.59, 3.69, 0, 4.47, 6.79, 7.43, 7.201, 7.311, 8.221, 9.311, 9.631, 9.151, 8.775, 8.38, 8.8, 9.931, 9.173, 9.161, 9.821, 10.241, 10.291], [2.14, 2.23, 1.86, 2.15, 3.505, 2.93, 3.24, 2.92, 3.2, 3.06, 3.18, 2.89, 2.38, 1.87, 2.48, 3.16, 4.38, 5.24, 5.73, 5.34, 4.97, 5.86, 7.4, 7.48, 6.76, 7.14, 6.04, 4.77, 3.88, 3.44, 1.54, 5.37, 6.565, 6.318, 5.786, 5.313, 4.75, 4.63, 3.93, 2.17, 2.48, 3.05, 3.35, 4.02, 4.43, 4.4, 4.01, 3.8, 3.97, 3.96, 3.79, 3.95, 4.47, 5.25, 5.55, 5.67, 5.85, 5.812, 7.275, 8.062, 9.27, 9.61, 7.66, 5.23, 2.77, 6.16, 7.94, 4.47, 0, 2.44, 3.0, 2.78, 2.91, 3.8, 4.87, 5.23, 4.73, 4.4, 3.97, 4.43, 5.55, 4.819, 4.805, 5.425, 5.843, 5.856], [4.074, 4.384, 3.852, 4.327, 5.836, 3.45, 3.6, 3.88, 4.36, 5.18, 5.46, 5.17, 4.26, 3.91, 4.52, 5.24, 6.52, 7.62, 8.01, 7.6, 7.23, 8.2, 9.74, 9.78, 9.08, 9.42, 8.28, 6.87, 5.98, 5.66, 1.52, 3.23, 4.41, 4.118, 3.7, 3.67, 3.31, 3.19, 2.19, 1.77, 2.04, 1.85, 1.69, 2.02, 2.23, 2.24, 1.85, 1.62, 1.69, 1.66, 1.67, 1.83, 2.27, 3.01, 3.23, 3.37, 3.55, 3.533, 4.987, 5.783, 6.97, 7.31, 5.34, 3.03, 2.57, 8.52, 10.24, 6.79, 2.44, 0, 1.22, 1.9, 1.79, 1.66, 2.53, 2.89, 2.43, 2.06, 1.89, 2.29, 3.27, 2.81, 2.84, 3.42, 3.64, 3.59], [4.64, 4.987, 4.437, 4.921, 6.442, 4.01, 3.78, 4.2, 4.76, 5.82, 6.06, 5.75, 4.86, 4.51, 5.08, 5.82, 7.12, 8.2, 8.65, 8.24, 7.87, 8.84, 10.38, 10.42, 9.72, 10.06, 8.9, 7.49, 6.62, 6.3, 2.08, 2.87, 4.15, 3.7, 3.22, 2.97, 2.61, 2.53, 1.83, 1.75, 1.84, 1.39, 1.19, 1.34, 1.57, 1.76, 1.37, 1.2, 1.35, 1.4, 1.43, 1.31, 1.77, 2.45, 2.67, 2.75, 2.95, 2.965, 4.43, 5.24, 6.35, 6.69, 4.78, 2.87, 2.69, 9.12, 10.88, 7.43, 3.0, 1.22, 0, 1.18, 1.07, 1.08, 1.97, 2.27, 1.83, 1.66, 1.53, 1.69, 2.67, 2.13, 2.16, 2.68, 2.94, 2.99], [4.54, 4.767, 4.26, 4.741, 6.202, 4.23, 3.96, 4.3, 4.6, 5.58, 5.82, 5.51, 4.62, 4.27, 4.82, 5.56, 6.86, 7.94, 8.41, 8.0, 7.63, 8.6, 10.14, 10.18, 9.5, 9.84, 8.68, 7.27, 6.4, 6.08, 2.08, 3.57, 4.73, 4.34, 3.76, 3.43, 3.15, 2.97, 2.39, 1.33, 1.28, 1.21, 1.45, 1.7, 1.99, 2.12, 1.63, 1.6, 1.75, 1.8, 1.85, 1.75, 2.15, 2.81, 3.03, 3.07, 3.21, 3.23, 4.75, 5.46, 6.63, 6.99, 5.06, 3.53, 3.01, 8.86, 10.66, 7.201, 2.78, 1.9, 1.18, 0, 0.73, 1.68, 2.55, 2.77, 2.33, 2.1, 1.85, 1.99, 2.95, 2.53, 2.44, 2.8, 3.18, 3.29], [4.61, 4.897, 4.35, 4.851, 6.332, 4.34, 4.19, 4.53, 4.83, 5.69, 5.93, 5.62, 4.73, 4.4, 4.95, 5.67, 6.97, 8.07, 8.52, 8.15, 7.78, 8.735, 10.27, 10.321, 9.635, 9.961, 8.83, 7.42, 6.55, 6.23, 2.03, 3.22, 4.42, 4.03, 3.59, 3.4, 3.04, 2.88, 2.26, 1.38, 1.29, 1.04, 1.16, 1.45, 1.78, 1.93, 1.6, 1.53, 1.7, 1.81, 1.84, 1.6, 1.98, 2.64, 2.88, 2.86, 3.0, 3.02, 4.54, 5.29, 6.44, 6.8, 4.93, 3.34, 3.1, 8.97, 10.775, 7.311, 2.91, 1.79, 1.07, 0.73, 0, 1.35, 2.26, 2.5, 2.02, 1.87, 1.82, 1.88, 2.76, 2.36, 2.35, 2.61, 2.99, 3.06], [5.46, 5.807, 5.277, 5.761, 7.242, 4.57, 4.4, 4.94, 5.54, 6.6, 6.84, 6.53, 5.64, 5.31, 5.86, 6.6, 7.9, 8.98, 9.43, 9.06, 8.69, 9.66, 11.18, 11.24, 10.545, 10.871, 9.74, 8.33, 7.46, 7.14, 2.84, 2.35, 3.45, 3.14, 2.96, 3.01, 2.73, 2.61, 1.79, 2.21, 2.36, 1.73, 1.47, 1.04, 1.15, 1.3, 1.11, 0.94, 1.11, 1.16, 1.29, 0.97, 1.11, 1.75, 1.95, 1.97, 2.13, 2.13, 3.59