[[0, 1.2, 1.84, 2.299, 2.483, 2.12, 2.08, 2.32, 2.43, 2.58, 2.397, 2.898, 2.741, 2.999, 2.999, 2.86, 2.81, 3.259, 3.783, 4.266, 3.983, 3.729, 4.666, 6.621, 6.737, 5.802, 4.997, 4.451, 3.973, 4.057, 4.59, 5.071, 5.226, 5.833, 6.284, 5.738, 4.514, 3.923, 2.921, 1.79, 1.49, 1.64, 1.83, 1.71, 1.66, 1.51, 1.96, 2.1, 2.18, 1.98, 1.83, 1.82, 1.67, 2.19, 2.13, 1.91, 1.7, 1.43, 1.19, 1.5, 1.94, 2.988, 3.855, 4.462, 4.603, 4.347, 4.294, 4.244, 4.769, 5.65, 6.838, 7.969, 9.246, 12.089, 13.619, 14.33, 14.352, 14.565, 13.784, 14.067, 14.081, 13.928, 13.906, 14.597, 15.058, 14.915], [1.2, 0, 1.16, 1.66, 2.05, 1.8, 1.76, 2.02, 2.49, 2.78, 2.4, 2.63, 2.31, 2.46, 2.46, 2.54, 2.63, 2.82, 3.358, 3.881, 3.583, 3.441, 4.392, 6.111, 6.298, 5.31, 4.542, 4.023, 3.541, 3.546, 4.115, 4.666, 4.895, 5.414, 5.868, 5.196, 4.145, 3.699, 2.83, 1.77, 1.47, 1.86, 1.97, 1.95, 2.0, 2.05, 2.3, 2.44, 2.56, 2.04, 1.79, 2.0, 2.05, 2.51, 2.39, 2.35, 2.16, 1.77, 1.53, 1.78, 1.52, 2.68, 3.527, 4.071, 4.229, 3.742, 3.707, 3.873, 4.356, 5.17, 6.398, 7.475, 8.853, 11.709, 13.197, 13.933, 13.958, 14.137, 13.413, 13.747, 13.681, 13.579, 13.586, 14.214, 14.692, 14.492], [1.84, 1.16, 0, 0.88, 1.19, 1.14, 1.06, 1.26, 1.55, 1.96, 1.5, 1.81, 1.63, 1.7, 1.66, 1.82, 1.87, 2.12, 2.59, 3.129, 2.881, 2.71, 3.644, 5.368, 5.575, 4.638, 3.918, 3.423, 2.902, 2.871, 3.424, 3.972, 4.192, 4.691, 5.165, 4.498, 3.479, 3.022, 2.39, 1.65, 1.95, 2.4, 2.45, 2.51, 2.54, 2.59, 2.78, 2.94, 3.08, 2.6, 2.41, 2.66, 2.81, 3.33, 3.15, 3.11, 2.9, 2.57, 2.37, 2.64, 1.92, 2.16, 2.91, 3.491, 3.718, 3.088, 3.02, 3.122, 3.599, 4.409, 5.667, 6.769, 8.17, 11.004, 12.477, 13.256, 13.238, 13.414, 12.71, 13.07, 13.032, 12.922, 12.926, 13.551, 14.03, 13.83], [2.299, 1.66, 0.88, 0, 0.75, 1.02, 1.1, 1.04, 1.61, 2.1, 1.46, 1.41, 1.35, 1.36, 1.54, 1.72, 1.93, 2.2, 2.39, 2.87, 2.59, 2.25, 2.984, 4.694, 4.873, 4.072, 3.45, 2.88, 2.39, 2.4, 2.839, 3.374, 3.512, 4.042, 4.539, 3.875, 2.95, 2.61, 2.15, 1.77, 2.47, 2.96, 2.99, 3.07, 3.12, 3.15, 3.32, 3.498, 3.655, 3.14, 2.77, 2.94, 3.25, 3.53, 3.23, 3.33, 3.34, 2.85, 2.61, 3.0, 2.18, 1.94, 2.63, 3.06, 3.15, 2.58, 2.6, 2.57, 3.024, 3.737, 4.976, 6.129, 7.516, 10.295, 11.78, 12.585, 12.569, 12.691, 12.047, 12.421, 12.39, 12.274, 12.269, 12.888, 13.372, 13.172], [2.483, 2.05, 1.19, 0.75, 0, 0.87, 1.07, 0.89, 1.46, 2.23, 1.53, 1.48, 1.44, 1.37, 1.55, 1.73, 1.88, 2.03, 2.14, 2.54, 2.26, 2.0, 2.68, 4.472, 4.677, 3.805, 3.12, 2.59, 2.12, 2.17, 2.6, 3.121, 3.28, 3.844, 4.29, 3.597, 2.72, 2.24, 1.74, 1.7, 2.64, 3.079, 3.1, 3.1, 3.17, 3.22, 3.23, 3.55, 3.73, 3.27, 2.9, 3.01, 3.2, 3.38, 3.0, 3.26, 3.33, 2.9, 2.62, 3.25, 2.21, 1.59, 2.28, 2.79, 2.8, 2.31, 2.33, 2.276, 2.88, 3.607, 4.845, 5.901, 7.317, 10.1, 11.592, 12.369, 12.349, 12.553, 11.818, 12.186, 12.194, 12.152, 12.11, 12.727, 13.174, 12.977], [2.12, 1.8, 1.14, 1.02, 0.87, 0, 0.62, 0.8, 1.47, 2.14, 1.58, 1.55, 1.47, 1.36, 1.46, 1.6, 1.65, 2.06, 2.31, 2.75, 2.55, 2.37, 3.17, 4.903, 5.087, 4.132, 3.379, 2.907, 2.41, 2.52, 2.937, 3.464, 3.674, 4.226, 4.777, 4.032, 3.098, 2.57, 1.91, 1.47, 2.27, 2.58, 2.59, 2.73, 2.72, 2.75, 2.88, 3.2, 3.36, 2.94, 2.65, 2.72, 2.91, 3.21, 2.93, 2.93, 2.9, 2.63, 2.39, 2.94, 2.14, 1.72, 2.41, 2.98, 3.038, 2.653, 2.58, 2.628, 3.19, 3.928, 5.115, 6.325, 7.721, 10.45, 11.972, 12.757, 12.751, 12.943, 12.219, 12.573, 12.65, 12.59, 12.529, 13.137, 13.616, 13.433], [2.08, 1.76, 1.06, 1.1, 1.07, 0.62, 0, 0.78, 1.17, 1.78, 1.32, 1.45, 1.41, 1.34, 1.38, 1.54, 1.69, 2.12, 2.53, 2.981, 2.73, 2.53, 3.393, 5.137, 5.324, 4.358, 3.619, 3.117, 2.55, 2.62, 3.12, 3.595, 3.804, 4.417, 5.02, 4.259, 3.289, 2.75, 2.09, 1.59, 2.17, 2.34, 2.45, 2.61, 2.58, 2.69, 2.8, 3.06, 3.24, 2.8, 2.65, 2.78, 2.97, 3.45, 3.13, 3.11, 3.0, 2.71, 2.41, 2.94, 2.2, 2.1, 2.63, 3.068, 3.241, 2.855, 2.758, 2.765, 3.32, 4.071, 5.284, 6.474, 7.907, 10.598, 12.134, 12.916, 12.901, 13.136, 12.367, 12.715, 12.737, 12.687, 12.682, 13.334, 13.815, 13.618], [2.32, 2.02, 1.26, 1.04, 0.89, 0.8, 0.78, 0, 1.05, 1.62, 1.08, 1.29, 1.41, 1.34, 1.46, 1.6, 1.71, 2.18, 2.41, 2.81, 2.53, 2.31, 3.153, 4.937, 5.083, 4.138, 3.396, 2.912, 2.39, 2.44, 2.839, 3.452, 3.638, 4.185, 4.751, 4.072, 3.082, 2.59, 1.85, 1.51, 2.39, 2.6, 2.79, 2.81, 2.7, 2.91, 3.2, 3.4, 3.5, 3.16, 2.93, 2.98, 3.07, 3.51, 3.31, 3.31, 3.32, 3.05, 2.65, 3.04, 2.42, 2.02, 2.45, 3.08, 3.19, 2.642, 2.56, 2.584, 3.162, 3.909, 5.114, 6.231, 7.676, 10.429, 11.922, 12.733, 12.66, 12.879, 12.164, 12.544, 12.535, 12.482, 12.431, 13.074, 13.564, 13.358], [2.43, 2.49, 1.55, 1.61, 1.46, 1.47, 1.17, 1.05, 0, 0.89, 0.83, 1.42, 1.58, 1.67, 1.65, 1.75, 1.68, 2.39, 2.68, 3.111, 2.94, 2.7, 3.512, 5.393, 5.533, 4.585, 3.88, 3.39, 2.84, 2.85, 3.26, 3.842, 4.01, 4.583, 5.169, 4.476, 3.432, 2.98, 2.26, 1.86, 2.42, 2.37, 2.48, 2.48, 2.31, 2.46, 2.95, 3.27, 3.33, 3.21, 3.14, 3.13, 3.12, 3.76, 3.66, 3.62, 3.53, 3.28, 2.88, 3.15, 2.83, 2.55, 3.06, 3.47, 3.751, 3.05, 2.87, 2.914, 3.409, 4.24, 5.517, 6.613, 8.061, 10.861, 12.36, 13.122, 13.11, 13.317, 12.559, 12.945, 12.849, 12.793, 12.811, 13.471, 13.952, 13.755], [2.58, 2.78, 1.96, 2.1, 2.23, 2.14, 1.78, 1.62, 0.89, 0, 0.8, 1.73, 1.93, 2.08, 2.02, 2.0, 2.13, 2.92, 3.19, 3.57, 3.31, 3.11, 3.962, 5.883, 6.063, 5.192, 4.47, 4.06, 3.49, 3.46, 3.85, 4.4, 4.492, 5.042, 5.69, 5.009, 3.99, 3.61, 2.91, 2.27, 2.63, 2.4, 2.61, 2.67, 2.5, 2.37, 3.06, 3.4, 3.3, 3.4, 3.41, 3.46, 3.39, 4.09, 4.01, 3.99, 4.0, 3.75, 3.23, 3.24, 3.14, 3.24, 3.71, 4.16, 4.401, 3.7, 3.46, 3.484, 3.962, 4.771, 6.017, 7.099, 8.462, 11.254, 12.761, 13.529, 13.49, 13.686, 12.966, 13.36, 13.257, 13.161, 13.15, 13.804, 14.32, 14.143], [2.397, 2.4, 1.5, 1.46, 1.53, 1.58, 1.32, 1.08, 0.83, 0.8, 0, 1.11, 1.33, 1.46, 1.42, 1.46, 1.69, 2.4, 2.69, 3.03, 2.75, 2.51, 3.359, 5.197, 5.42, 4.546, 3.83, 3.44, 2.95, 2.88, 3.27, 3.78, 3.866, 4.407, 5.007, 4.366, 3.33, 3.05, 2.41, 2.01, 2.53, 2.56, 2.83, 2.87, 2.78, 2.74, 3.28, 3.4, 3.48, 3.38, 3.21, 3.28, 3.33, 3.93, 3.81, 3.79, 3.68, 3.37, 2.89, 3.2, 2.88, 2.7, 3.11, 3.5, 3.77, 3.08, 2.94, 2.89, 3.359, 4.163, 5.411, 6.519, 7.854, 10.668, 12.153, 12.938, 12.885, 13.093, 12.378, 12.76, 12.665, 12.549, 12.553, 13.213, 13.728, 13.531], [2.898, 2.63, 1.81, 1.41, 1.48, 1.55, 1.45, 1.29, 1.42, 1.73, 1.11, 0, 0.9, 1.15, 1.23, 1.23, 1.8, 2.33, 2.48, 2.72, 2.36, 2.0, 2.56, 4.373, 4.599, 3.84, 3.4, 2.93, 2.64, 2.49, 2.66, 3.11, 3.13, 3.72, 4.34, 3.73, 3.0, 2.64, 2.22, 2.1, 2.94, 3.205, 3.32, 3.36, 3.384, 3.544, 3.698, 3.998, 4.214, 3.71, 3.48, 3.63, 3.68, 4.108, 3.92, 3.9, 3.81, 3.52, 3.22, 3.65, 2.89, 2.43, 2.86, 3.23, 3.3, 2.65, 2.43, 2.22, 2.7, 3.43, 4.63, 5.738, 7.075, 9.812, 11.332, 12.125, 12.058, 12.339, 11.559, 11.905, 11.948, 11.878, 11.879, 12.539, 13.006, 12.824], [2.741, 2.31, 1.63, 1.35, 1.44, 1.47, 1.41, 1.41, 1.58, 1.93, 1.33, 0.9, 0, 0.71, 0.89, 0.97, 1.78, 2.01, 2.14, 2.38, 1.94, 1.74, 2.42, 4.313, 4.479, 3.6, 2.98, 2.55, 2.22, 2.23, 2.4, 2.83, 2.91, 3.5, 4.12, 3.47, 2.62, 2.22, 2.0, 2.18, 3.02, 3.365, 3.455, 3.375, 3.481, 3.558, 3.691, 4.081, 4.228, 3.763, 3.514, 3.506, 3.728, 3.959, 3.816, 3.711, 3.49, 3.16, 3.06, 3.57, 2.57, 2.09, 2.42, 2.81, 2.94, 2.33, 2.13, 1.98, 2.44, 3.27, 4.456, 5.614, 6.906, 9.727, 11.219, 11.982, 11.96, 12.176, 11.41, 11.767, 11.748, 11.678, 11.676, 12.336, 12.818, 12.624], [2.999, 2.46, 1.7, 1.36, 1.37, 1.36, 1.34, 1.34, 1.67, 2.08, 1.46, 1.15, 0.71, 0, 0.44, 0.94, 1.59, 1.76, 1.85, 2.11, 1.75, 1.59, 2.33, 4.134, 4.289, 3.39, 2.69, 2.42, 1.99, 1.92, 2.23, 2.76, 2.88, 3.43, 4.03, 3.32, 2.53, 2.15, 2.05, 2.15, 3.023, 3.286, 3.325, 3.365, 3.446, 3.647, 3.581, 3.977, 4.177, 3.602, 3.344, 3.394, 3.755, 3.906, 3.624, 3.721, 3.513, 3.17, 3.13, 3.76, 2.48, 1.86, 2.15, 2.52, 2.71, 2.16, 1.94, 1.95, 2.37, 3.12, 4.349, 5.51, 6.9, 9.594, 11.099, 11.94, 11.88, 12.072, 11.415, 11.783, 11.776, 11.726, 11.695, 12.352, 12.819, 12.637], [2.999, 2.46, 1.66, 1.54, 1.55, 1.46, 1.38, 1.46, 1.65, 2.02, 1.42, 1.23, 0.89, 0.44, 0, 0.9, 1.53, 1.7, 1.89, 2.13, 1.77, 1.65, 2.51, 4.283, 4.441, 3.53, 2.89, 2.62, 2.21, 2.14, 2.41, 2.9, 3.06, 3.61, 4.17, 3.48, 2.77, 2.33, 2.23, 2.21, 2.91, 3.183, 3.17, 3.22, 3.323, 3.494, 3.419, 3.819, 4.036, 3.496, 3.304, 3.374, 3.758, 3.946, 3.644, 3.71, 3.491, 3.19, 3.19, 3.78, 2.56, 2.08, 2.25, 2.62, 2.83, 2.24, 2.04, 2.09, 2.53, 3.28, 4.589, 5.67, 7.051, 9.778, 11.271, 12.109, 12.08, 12.295, 11.587, 11.949, 11.996, 11.966, 11.935, 12.572, 12.982, 12.819], [2.86, 2.54, 1.82, 1.72, 1.73, 1.6, 1.54, 1.6, 1.75, 2.0, 1.46, 1.23, 0.97, 0.94, 0.9, 0, 1.21, 1.74, 1.97, 2.23, 1.89, 1.59, 2.51, 4.343, 4.521, 3.65, 3.01, 2.8, 2.63, 2.52, 2.65, 3.06, 3.26, 3.75, 4.29, 3.62, 3.01, 2.57, 2.43, 2.33, 2.89, 3.117, 3.033, 3.19, 3.289, 3.359, 3.36, 3.78, 3.994, 3.52, 3.23, 3.279, 3.701, 3.85, 3.586, 3.63, 3.22, 3.21, 3.11, 3.76, 2.72, 2.22, 2.39, 2.8, 2.95, 2.52, 2.44, 2.31, 2.69, 3.48, 4.661, 5.87, 7.164, 9.84, 11.314, 12.167, 12.112, 12.418, 11.629, 11.989, 12.276, 12.212, 12.073, 12.672, 13.114, 12.931], [2.81, 2.63, 1.87, 1.93, 1.88, 1.65, 1.69, 1.71, 1.68, 2.13, 1.69, 1.8, 1.78, 1.59, 1.53, 1.21, 0, 1.05, 1.38, 1.84, 1.76, 1.72, 2.68, 4.353, 4.563, 3.68, 3.26, 3.13, 2.9, 2.85, 2.98, 3.31, 3.69, 4.22, 4.64, 3.91, 3.34, 2.8, 2.36, 2.24, 2.9, 3.19, 3.14, 3.3, 3.31, 3.342, 3.37, 3.81, 3.95, 3.49, 3.3, 3.39, 3.72, 3.98, 3.56, 3.6, 3.25, 3.22, 3.18, 3.77, 2.91, 2.15, 2.26, 2.53, 2.72, 2.59, 2.67, 2.74, 3.058, 3.8, 5.06, 6.299, 7.551, 9.963, 11.485, 12.406, 12.52, 12.754, 11.974, 12.234, 12.735, 12.693, 12.512, 13.043, 13.45, 13.25], [3.259, 2.82, 2.12, 2.2, 2.03, 2.06, 2.12, 2.18, 2.39, 2.92, 2.4, 2.33, 2.01, 1.76, 1.7, 1.74, 1.05, 0, 0.91, 1.41, 1.47, 1.71, 2.43, 3.836, 4.219, 3.47, 3.13, 2.96, 2.79, 2.7, 2.93, 3.3, 3.68, 4.19, 4.53, 3.74, 3.21, 2.63, 2.21, 2.53, 3.326, 3.587, 3.503, 3.66, 3.744, 3.834, 3.509, 4.008, 4.242, 3.699, 3.55, 3.676, 4.115, 4.19, 3.73, 3.91, 3.52, 3.37, 3.49, 4.16, 2.96, 2.04, 2.11, 2.22, 2.33, 2.44, 2.584, 2.714, 2.994, 3.738, 5.008, 6.252, 7.498, 9.816, 11.352, 12.308, 12.432, 12.627, 11.873, 12.136, 12.705, 12.68, 12.482, 12.95, 13.377, 13.183], [3.783, 3.358, 2.59, 2.39, 2.14, 2.31, 2.53, 2.41, 2.68, 3.19, 2.69, 2.48, 2.14, 1.85, 1.89, 1.97, 1.38, 0.91, 0, 0.9, 1.26, 1.46, 1.84, 3.221, 3.581, 2.86, 2.58, 2.53, 2.32, 2.35, 2.42, 2.71, 3.07, 3.62, 3.96, 3.19, 2.72, 2.26, 2.18, 2.94, 3.871, 4.206, 4.122, 4.225, 4.363, 4.47, 4.118, 4.589, 4.829, 4.256, 4.039, 4.141, 4.591, 4.571, 4.06, 4.4, 4.018, 3.82, 3.98, 4.65, 3.23, 1.93, 1.78, 1.79, 1.82, 2.03, 2.11, 2.22, 2.5, 3.168, 4.431, 5.655, 6.888, 9.18, 10.762, 11.686, 11.842, 12.023, 11.291, 11.511, 12.114, 12.07, 11.894, 12.331, 12.778, 12.601], [4.266, 3.881, 3.129, 2.87, 2.54, 2.75, 2.981, 2.81, 3.111, 3.57, 3.03, 2.72, 2.38, 2.11, 2.13, 2.23, 1.84, 1.41, 0.9, 0, 1.02, 1.44, 1.7, 2.692, 3.155, 2.46, 2.2, 2.21, 2.0, 2.05, 2.14, 2.33, 2.67, 3.14, 3.52, 2.75, 2.34, 2.12, 2.3, 3.393, 4.37, 4.711, 4.642, 4.707, 4.851, 5.047, 4.647, 5.144, 5.412, 4.835, 4.525, 4.623, 5.05, 4.976, 4.439, 4.851, 4.581, 4.4, 4.451, 5.035, 3.57, 2.03, 1.8, 1.77, 1.78, 1.79, 1.79, 2.04, 2.26, 2.77, 3.99, 5.21, 6.428, 8.754, 10.302, 11.223, 11.382, 11.605, 10.828, 11.031, 11.634, 11.59, 11.414, 11.905, 12.338, 12.121], [3.983, 3.583, 2.881, 2.59, 2.26, 2.55, 2.73, 2.53, 2.94, 3.31, 2.75, 2.36, 1.94, 1.75, 1.77, 1.89, 1.76, 1.47, 1.26, 1.02, 0, 0.88, 1.46, 2.814, 3.169, 2.32, 2.08, 1.93, 1.88, 1.75, 1.84, 2.05, 2.37, 2.9, 3.32, 2.59, 2.18, 1.82, 2.06, 3.176, 4.193, 4.598, 4.489, 4.55, 4.72, 4.871, 4.53, 4.956, 5.23, 4.67, 4.331, 4.349, 4.744, 4.579, 4.033, 4.593, 4.383, 4.113, 4.104, 4.767, 3.13, 1.65, 1.8, 1.97, 1.94, 1.73, 1.81, 2.1, 2.38, 2.61, 3.75, 4.935, 6.21, 8.654, 10.11, 11.094, 11.17, 11.434, 10.665, 10.882, 11.374, 11.304, 11.191, 11.745, 12.158, 11.955], [3.729, 3.441, 2.71, 2.25, 2.0, 2.37, 2.53, 2.31, 2.7, 3.11, 2.51, 2.0, 1.74, 1.59, 1.65, 1.59, 1.72, 1.71, 1.46, 1.44, 0.88, 0, 1.3, 3.016, 3.374, 2.54, 2.14, 2.15, 2.06, 2.01, 2.02, 2.27, 2.39, 2.9, 3.3, 2.63, 2.26, 1.92, 2.2, 3.02, 4.037, 4.431, 4.341, 4.38, 4.536, 4.626, 4.425, 4.825, 5.022, 4.567, 4.167, 4.153, 4.571, 4.376, 3.816, 4.397, 4.143, 3.851, 3.904, 4.568, 2.97, 1.53, 1.86, 2.25, 2.18, 1.99, 2.07, 2.16, 2.58, 2.83, 3.87, 5.0, 6.104, 8.708, 10.199, 11.082, 11.059, 11.251, 10.528, 10.927, 11.271, 11.227, 11.051, 11.562, 11.955, 11.798], [4.666, 4.392, 3.644, 2.984, 2.68, 3.17, 3.393, 3.153, 3.512, 3.962, 3.359, 2.56, 2.42, 2.33, 2.51, 2.51, 2.68, 2.43, 1.84, 1.7, 1.46, 1.3, 0, 2.22, 2.56, 1.98, 1.94, 2.13, 2.22, 2.09, 1.96, 2.05, 1.95, 2.56, 2.84, 2.27, 1.98, 1.86, 2.4, 3.881, 5.027, 5.468, 5.435, 5.366, 5.519, 5.641, 5.451, 5.805, 6.003, 5.554, 5.241, 5.197, 5.534, 5.308, 4.863, 5.361, 5.094, 4.841, 4.841, 5.517, 3.93, 2.07, 1.76, 2.07, 1.88, 1.91, 2.05, 2.14, 2.42, 2.71, 3.57, 4.48, 5.36, 7.891, 9.438, 10.117, 10.293, 10.479, 9.702, 9.962, 10.485, 10.46, 10.265, 10.722, 11.149, 10.972], [6.621, 6.111, 5.368, 4.694, 4.472, 4.903, 5.137, 4.937, 5.393, 5.883, 5.197, 4.373, 4.313, 4.134, 4.283, 4.343, 4.353, 3.836, 3.221, 2.692, 2.814, 3.016, 2.22, 0, 1.26, 1.66, 2.18, 2.69, 3.156, 3.146, 2.54, 2.15, 2.19, 2.3, 2.14, 1.85, 2.62, 3.16, 4.096, 5.78, 6.915, 7.306, 7.201, 7.25, 7.42, 7.521, 7.147, 7.681, 7.909, 7.315, 7.042, 7.005, 7.452, 7.189, 6.607, 7.237, 6.973, 6.68, 6.76, 7.435, 5.731, 3.91, 3.1, 2.59, 2.4, 2.89, 3.01, 3.16, 2.84, 2.39, 2.61, 3.38, 4.24, 6.279, 7.944, 8.805, 8.998, 9.142, 8.43, 8.65, 9.31, 9.34, 9.09, 9.47, 9.9, 9.74], [6.737, 6.298, 5.575, 4.873, 4.677, 5.087, 5.324, 5.083, 5.533, 6.063, 5.42, 4.599, 4.479, 4.289, 4.441, 4.521, 4.563, 4.219, 3.581, 3.155, 3.169, 3.374, 2.56, 1.26, 0, 1.28, 1.92, 2.512, 2.993, 3.012, 2.482, 2.19, 2.19, 2.04, 1.72, 1.69, 2.7, 3.18, 4.162, 5.956, 7.091, 7.458, 7.386, 7.433, 7.606, 7.708, 7.508, 7.956, 8.165, 7.537, 7.287, 7.233, 7.653, 7.373, 6.8, 7.448, 7.17, 6.83, 6.924, 7.619, 5.883, 3.981, 3.14, 2.79, 2.66, 2.99, 3.13, 3.3, 2.92, 2.35, 2.25, 2.84, 3.54, 5.759, 7.324, 8.205, 8.378, 8.522, 7.79, 8.03, 8.69, 8.7, 8.45, 8.85, 9.28, 9.1], [5.802, 5.31, 4.638, 4.072, 3.805, 4.132, 4.358, 4.138, 4.585, 5.192, 4.546, 3.84, 3.6, 3.39, 3.53, 3.65, 3.68, 3.47, 2.86, 2.46, 2.32, 2.54, 1.98, 1.66, 1.28, 0, 1.2, 1.73, 2.16, 2.21, 1.84, 1.75, 1.83, 1.84, 1.7, 1.51, 2.06, 2.4, 3.24, 4.982, 6.097, 6.502, 6.398, 6.454, 6.624, 6.761, 6.557, 6.96, 7.162, 6.603, 6.289, 6.239, 6.677, 6.416, 5.835, 6.518, 6.269, 5.877, 5.927, 6.625, 4.886, 2.99, 2.2, 2.01, 1.96, 2.19, 2.51, 2.72, 2.66, 2.11, 2.55, 3.34, 4.238, 6.64, 8.11, 9.09, 9.081, 9.342, 8.63, 8.888, 9.35, 9.38, 9.17, 9.67, 10.1, 9.92], [4.997, 4.542, 3.918, 3.45, 3.12, 3.379, 3.619, 3.396, 3.88, 4.47, 3.83, 3.4, 2.98, 2.69, 2.89, 3.01, 3.26, 3.13, 2.58, 2.2, 2.08, 2.14, 1.94, 2.18, 1.92, 1.2, 0, 1.17, 1.48, 1.63, 1.52, 1.55, 1.73, 1.88, 1.9, 1.61, 1.42, 1.74, 2.52, 4.215, 5.306, 5.716, 5.663, 5.746, 5.876, 5.955, 5.914, 6.317, 6.514, 5.949, 5.539, 5.451, 5.906, 5.667, 5.153, 5.707, 5.458, 5.058, 5.128, 5.837, 4.092, 2.23, 1.66, 1.75, 2.0, 1.95, 2.09, 2.44, 2.48, 2.21, 2.746, 3.576, 4.607, 7.19, 8.737, 9.585, 9.519, 9.802, 9.059, 9.41, 9.677, 9.67, 9.454, 10.062, 10.478, 10.309], [4.451, 4.023, 3.423, 2.88, 2.59, 2.907, 3.117, 2.912, 3.39, 4.06, 3.44, 2.93, 2.55, 2.42, 2.62, 2.8, 3.13, 2.96, 2.53, 2.21, 1.93, 2.15, 2.13, 2.69, 2.512, 1.73, 1.17, 0, 0.91, 1.02, 1.03, 1.26, 1.68, 1.85, 2.17, 1.62, 1.25, 1.49, 1.95, 3.59, 4.87, 5.252, 5.262, 5.282, 5.412, 5.502, 5.563, 5.918, 6.144, 5.538, 5.108, 4.941, 5.307, 5.065, 4.727, 5.102, 4.873, 4.505, 4.55, 5.219, 3.509, 2.22, 1.73, 1.84, 1.95, 1.58, 1.58, 1.79, 1.93, 2.04, 2.876, 3.774, 5.055, 7.812, 9.355, 10.021, 10.115, 10.464, 9.518, 9.778, 10.159, 10.109, 9.993, 10.561, 11.017, 10.817], [3.973, 3.541, 2.902, 2.39, 2.12, 2.41, 2.55, 2.39, 2.84, 3.49, 2.95, 2.64, 2.22, 1.99, 2.21, 2.63, 2.9, 2.79, 2.32, 2.0, 1.88, 2.06, 2.22, 3.156, 2.993, 2.16, 1.48, 0.91, 0, 0.59, 0.98, 1.51, 1.79, 2.106, 2.74, 1.959, 1.36, 1.48, 1.66, 3.16, 4.3, 4.653, 4.68, 4.72, 4.824, 4.96, 4.963, 5.336, 5.507, 4.948, 4.546, 4.388, 4.878, 4.66, 4.2, 4.62, 4.57, 4.06, 4.091, 4.749, 3.05, 1.71, 1.76, 1.97, 2.02, 1.47, 1.41, 1.88, 2.06, 2.17, 3.119, 4.117, 5.536, 8.256, 9.766, 10.577, 10.553, 10.76, 10.031, 10.393, 10.432, 10.382, 10.354, 11.011, 11.458, 11.295], [4.057, 3.546, 2.871, 2.4, 2.17, 2.52, 2.62, 2.44, 2.85, 3.46, 2.88, 2.49, 2.23, 1.92, 2.14, 2.52, 2.85, 2.7, 2.35, 2.05, 1.75, 2.01, 2.09, 3.146, 3.012, 2.21, 1.63, 1.02, 0.59, 0, 0.95, 1.6, 1.94, 2.15, 2.753, 2.02, 1.45, 1.51, 1.79, 3.25, 4.29, 4.615, 4.602, 4.77, 4.84, 5.017, 4.933, 5.293, 5.519, 4.899, 4.522, 4.421, 4.92, 4.73, 4.243, 4.785, 4.735, 4.188, 4.19, 4.805, 3.06, 1.8, 1.97, 2.06, 2.13, 1.54, 1.4, 1.91, 2.11, 2.18, 3.033, 4.108, 5.574, 8.226, 9.725, 10.607, 10.517, 10.758, 10.081, 10.426, 10.473, 10.4, 10.395, 11.055, 11.502, 11.339], [4.59, 4.115, 3.424, 2.839, 2.6, 2.937, 3.12, 2.839, 3.26, 3.85, 3.27, 2.66, 2.4, 2.23, 2.41, 2.65, 2.98, 2.93, 2.42, 2.14, 1.84, 2.02, 1.96, 2.54, 2.482, 1.84, 1.52, 1.03, 0.98, 0.95, 0, 0.87, 1.39, 1.635, 2.232, 1.57, 1.18, 1.44, 2.06, 3.68, 4.894, 5.23, 5.24, 5.3, 5.41, 5.58, 5.565, 5.927, 6.142, 5.542, 5.086, 4.962, 5.417, 5.16, 4.74, 5.22, 5.11, 4.7, 4.748, 5.383, 3.595, 2.29, 2.06, 2.21, 2.06, 1.45, 1.27, 1.54, 1.74, 1.83, 2.726, 3.633, 5.042, 7.671, 9.184, 10.0, 9.979, 10.377, 9.491, 9.817, 10.092, 10.042, 9.963, 10.594, 11.027, 10.844], [5.071, 4.666, 3.972, 3.374, 3.121, 3.464, 3.595, 3.452, 3.842, 4.4, 3.78, 3.11, 2.83, 2.76, 2.9, 3.06, 3.31, 3.3, 2.71, 2.33, 2.05, 2.27, 2.05, 2.15, 2.19, 1.75, 1.55, 1.26, 1.51, 1.6, 0.87, 0, 0.86, 1.23, 1.71, 1.22, 1.15, 1.63, 2.47, 4.222, 5.493, 5.863, 5.833, 5.922, 6.051, 6.142, 6.154, 6.517, 6.732, 6.126, 5.696, 5.558, 5.987, 5.719, 5.302, 5.756, 5.53, 5.144, 5.224, 5.888, 4.174, 2.62, 2.13, 2.08, 1.95, 1.68, 1.56, 1.55, 1.41, 1.38, 2.273, 3.285, 4.547, 7.153, 8.715, 9.479, 9.555, 9.944, 8.961, 9.244, 9.642, 9.592, 9.493, 10.084, 10.52, 10.334], [5.226, 4.895, 4.192, 3.512, 3.28, 3.674, 3.804, 3.638, 4.01, 4.492, 3.866, 3.13, 2.91, 2.88, 3.06, 3.26, 3.69, 3.68, 3.07, 2.67, 2.37, 2.39, 1.95, 2.19, 2.19, 1.83, 1.73, 1.68, 1.79, 1.94, 1.39, 0.86, 0, 1.09, 1.53, 1.2, 1.33, 1.81, 2.59, 4.39, 5.693, 6.089, 6.114, 6.082, 6.2, 6.311, 6.364, 6.724, 6.878, 6.367, 5.959, 5.755, 6.176, 5.905, 5.533, 5.929, 5.665, 5.265, 5.338, 6.051, 4.392, 2.64, 2.17, 2.26, 2.19, 2.1, 1.9, 1.79, 1.55, 1.3, 2.18, 3.045, 4.229, 7.004, 8.508, 9.229, 9.249, 9.504, 8.675, 8.966, 9.182, 9.149, 9.065, 9.681, 10.129, 9.949], [5.833, 5.414, 4.691, 4.042, 3.844, 4.226, 4.417, 4.185, 4.583, 5.042, 4.407, 3.72, 3.5, 3.43, 3.61, 3.75, 4.22, 4.19, 3.62, 3.14, 2.9, 2.9, 2.56, 2.3, 2.04, 1.84, 1.88, 1.85, 2.106, 2.15, 1.635, 1.23, 1.09, 0, 0.88, 0.99, 1.64, 2.32, 3.18, 5.015, 6.263, 6.679, 6.684, 6.632, 6.753, 6.85, 6.914, 7.3, 7.443, 6.942, 6.529, 6.325, 6.741, 6.458, 6.104, 6.524, 6.257, 5.911, 5.983, 6.678, 4.976, 3.31, 2.74, 2.67, 2.58, 2.41, 2.37, 2.3, 1.72, 1.27, 1.49, 2.28, 3.556, 6.356, 7.86, 8.585, 8.621, 8.848, 8.059, 8.41, 8.566, 8.507, 8.397, 9.022, 9.464, 9.272], [6.284, 5.868, 5.165, 4.539, 4.29, 4.777, 5.02, 4.751, 5.169, 5.69, 5.007, 4.34, 4.12, 4.03, 4.17, 4.29, 4.64, 4.53, 3.96, 3.52, 3.32, 3.3, 2.84, 2.14, 1.72, 1.7, 1.9, 2.17, 2.74, 2.753, 2.232, 1.71, 1.53, 0.88, 0, 1.01, 1.98, 2.58, 3.7, 5.624, 6.784, 7.254, 7.232, 7.141, 7.299, 7.312, 7.382, 7.757, 7.917, 7.409, 6.979, 6.831, 7.212, 6.984, 6.57, 7.041, 6.766, 6.363, 6.451, 7.161, 5.504, 3.79, 3.08, 2.95, 2.94, 2.83, 2.87, 2.74, 2.22, 1.47, 1.55, 2.18, 3.156, 6.012, 7.533, 8.2, 8.253, 8.525, 7.662, 8.008, 8.26, 8.2, 8.04, 8.562, 8.978, 8.804], [5.738, 5.196, 4.498, 3.875, 3.597, 4.032, 4.259, 4.072, 4.476, 5.009, 4.366, 3.73, 3.47, 3.32, 3.48, 3.62, 3.91, 3.74, 3.19, 2.75, 2.59, 2.63, 2.27, 1.85, 1.69, 1.51, 1.61, 1.62, 1.959, 2.02, 1.57, 1.22, 1.2, 0.99, 1.01, 0, 1.49, 2.25, 3.11, 4.928, 6.025, 6.495, 6.503, 6.428, 6.61, 6.662, 6.635, 7.016, 7.219, 6.659, 6.24, 6.178, 6.563, 6.308, 5.785, 6.445, 6.145, 5.819, 5.807, 6.505, 4.795, 3.14, 2.55, 2.38, 2.33, 2.14, 2.16, 2.17, 1.73, 1.36, 1.74, 2.71, 3.892, 6.698, 8.166, 8.887, 8.986, 9.178, 8.375, 8.729, 9.038, 8.991, 8.818, 9.329, 9.762, 9.565], [4.514, 4.145, 3.479, 2.95, 2.72, 3.098, 3.289, 3.082, 3.432, 3.99, 3.33, 3.0, 2.62, 2.53, 2.77, 3.01, 3.34, 3.21, 2.72, 2.34, 2.18, 2.26, 1.98, 2.62, 2.7, 2.06, 1.42, 1.25, 1.36, 1.45, 1.18, 1.15, 1.33, 1.64, 1.98, 1.49, 0, 1.24, 2.0, 3.895, 5.024, 5.494, 5.532, 5.312, 5.482, 5.547, 5.758, 6.106, 6.251, 5.777, 5.358, 5.134, 5.433, 5.258, 4.936, 5.425, 5.125, 4.653, 4.646, 5.291, 3.77, 2.15, 1.94, 2.13, 2.16, 1.67, 1.53, 1.7, 1.78, 2.03, 2.843, 3.624, 4.884, 7.798, 9.262, 10.004, 10.003, 10.161, 9.473, 9.822, 9.811, 9.621, 9.508, 10.196, 10.66, 10.494], [3.923, 3.699, 3.022, 2.61, 2.24, 2.57, 2.75, 2.59, 2.98, 3.61, 3.05, 2.64, 2.22, 2.15, 2.33, 2.57, 2.8, 2.63, 2.26, 2.12, 1.82, 1.92, 1.86, 3.16, 3.18, 2.4, 1.74, 1.49, 1.48, 1.51, 1.44, 1.63, 1.81, 2.32, 2.58, 2.25, 1.24, 0, 1.24, 3.155, 4.4, 4.81, 4.817, 4.832, 4.942, 5.075, 5.133, 5.502, 5.691, 5.119, 4.687, 4.474, 4.909, 4.658, 4.316, 4.664, 4.446, 4.02, 4.046, 4.724, 3.15, 1.63, 1.5, 2.09, 2.12, 1.57, 1.43, 1.56, 2.1, 2.535, 3.546, 4.196, 5.475, 8.275, 9.811, 10.505, 10.535, 10.902, 9.997, 10.228, 10.451, 10.401, 10.348, 11.002, 11.432, 11.269], [2.921, 2.83, 2.39, 2.15, 1.74, 1.91, 2.09, 1.85, 2.26, 2.91, 2.41, 2.22, 2.0, 2.05, 2.23, 2.43, 2.36, 2.21, 2.18, 2.3, 2.06, 2.2, 2.4, 4.096, 4.162, 3.24, 2.52, 1.95, 1.66, 1.79, 2.06, 2.47, 2.59, 3.18, 3.7, 3.11, 2.0, 1.24, 0, 2.12, 3.34, 3.77, 3.82, 3.84, 3.83, 3.947, 4.23, 4.53, 4.65, 4.27, 3.78, 3.59, 3.86, 3.72, 3.42, 3.78, 3.73, 3.34, 2.96, 3.63, 2.49, 1.57, 1.74, 2.49, 2.44, 1.79, 1.93, 2.0, 2.608, 3.235, 4.286, 5.233, 6.572, 9.435, 10.939, 11.659, 11.66, 11.942, 11.127, 11.384, 11.471, 11.421, 11.368, 12.022, 12.469, 12.309], [1.79, 1.77, 1.65, 1.77, 1.7, 1.47, 1.59, 1.51, 1.86, 2.27, 2.01, 2.1, 2.18, 2.15, 2.21, 2.33, 2.24, 2.53, 2.94, 3.393, 3.176, 3.02, 3.881, 5.78, 5.956, 4.982, 4.215, 3.59, 3.16, 3.25, 3.68, 4.222, 4.39, 5.015, 5.624, 4.928, 3.895, 3.155, 2.12, 0, 1.48, 1.89, 2.0, 2.02, 2.09, 2.34, 2.51, 2.77, 2.89, 2.49, 2.04, 2.11, 2.12, 2.38, 2.32, 2.44, 2.43, 2.18, 1.94, 2.17, 1.83, 2.168, 3.14, 3.85, 3.822, 3.207, 3.085, 3.252, 3.925, 4.646, 5.96, 7.036, 8.455, 11.298, 12.785, 13.522, 13.547, 13.817, 12.971, 13.302, 13.412, 13.379, 13.323, 13.974, 14.404, 14.224], [1.49, 1.47, 1.95, 2.47, 2.64, 2.27, 2.17, 2.39, 2.42, 2.63, 2.53, 2.94, 3.02, 3.023, 2.91, 2.89, 2.9, 3.326, 3.871, 4.37, 4.193, 4.037, 5.027, 6.915, 7.091, 6.097, 5.306, 4.87, 4.3, 4.29, 4.894, 5.493, 5.693, 6.263, 6.784, 6.025, 5.024, 4.4, 3.34, 1.48, 0, 0.97, 1.14, 1.14, 1.23, 1.4, 1.57, 1.59, 1.69, 1.39, 1.1, 1.31, 1.28, 1.92, 1.74, 1.88, 1.91, 1.64, 1.32, 1.29, 1.61, 3.188, 4.194, 4.71, 4.799, 4.397, 4.312, 4.495, 4.981, 5.782, 7.094, 8.221, 9.698, 12.482, 13.954, 14.771, 14.735, 14.931, 14.248, 14.616, 14.551, 14.487, 14.511, 15.151, 15.592, 15.396], [1.64, 1.86, 2.4, 2.96, 3.079, 2.58, 2.34, 2.6, 2.37, 2.4, 2.56, 3.205, 3.365, 3.286, 3.183, 3.117, 3.19, 3.587, 4.206, 4.711, 4.598, 4.431, 5.468, 7.306, 7.458, 6.502, 5.716, 5.252, 4.653, 4.615, 5.23, 5.863, 6.089, 6.679, 7.254, 6.495, 5.494, 4.81, 3.77, 1.89, 0.97, 0, 0.73, 0.97, 0.9, 1.25, 1.3, 1.3, 1.36, 1.3, 1.37, 1.54, 1.51, 2.17, 1.93, 2.01, 2.1, 1.85, 1.63, 1.66, 2.0, 3.618, 4.562, 5.034, 5.17, 4.807, 4.697, 4.868, 5.382, 6.215, 7.51, 8.663, 10.154, 12.8, 14.322, 15.181, 15.111, 15.301, 14.655, 15.004, 14.97, 14.926, 14.941, 15.601, 16.082, 15.886], [1.83, 1.97, 2.45, 2.99, 3.1, 2.59, 2.45, 2.79, 2.48, 2.61, 2.83, 3.32, 3.455, 3.325, 3.17, 3.033, 3.14, 3.503, 4.122, 4.642, 4.489, 4.341, 5.435, 7.201, 7.386, 6.398, 5.663, 5.262, 4.68, 4.602, 5.24, 5.833, 6.114, 6.684, 7.232, 6.503, 5.532, 4.817, 3.82, 2.0, 1.14, 0.73, 0, 0.9, 0.91, 1.22, 1.17, 1.17, 1.41, 1.11, 1.3, 1.43, 1.62, 2.16, 1.92, 2.0, 2.15, 1.94, 1.8, 1.83, 2.25, 3.622, 4.489, 4.921, 5.066, 4.738, 4.747, 4.9, 5.398, 6.148, 7.471, 8.647, 10.144, 12.759, 14.227, 15.177, 15.089, 15.291, 14.657, 14.997, 15.04, 14.973, 14.991, 15.631, 16.078, 15.915], [1.71, 1.95, 2.51, 3.07, 3.1, 2.73, 2.61, 2.81, 2.48, 2.67, 2.87, 3.36, 3.375, 3.365, 3.22, 3.19, 3.3, 3.66, 4.225, 4.707, 4.55, 4.38, 5.366, 7.25, 7.433, 6.454, 5.746, 5.282, 4.72, 4.77, 5.3, 5.922, 6.082, 6.632, 7.141, 6.428, 5.312, 4.832, 3.84, 2.02, 1.14, 0.97, 0.9, 0, 0.73, 0.98, 1.25, 1.31, 1.39, 1.33, 1.36, 1.33, 1.28, 1.8, 1.74, 1.84, 1.87, 1.66, 1.58, 1.53, 2.19, 3.622, 4.532, 5.012, 5.156, 4.898, 4.844, 4.933, 5.458, 6.297, 7.597, 8.65, 10.098, 12.921, 14.345, 15.193, 15.147, 15.279, 14.642, 15.01, 14.949, 14.816, 14.774, 15.451, 15.921, 15.729], [1.66, 2.0, 2.54, 3.12, 3.17, 2.72, 2.58, 2.7, 2.31, 2.5, 2.78, 3.384, 3.481, 3.446, 3.323, 3.289, 3.31, 3.744, 4.363, 4.851, 4.72, 4.536, 5.519, 7.42, 7.606, 6.624, 5.876, 5.412, 4.824, 4.84, 5.41, 6.051, 6.2, 6.753, 7.299, 6.61, 5.482, 4.942, 3.83, 2.09, 1.23, 0.9, 0.91, 0.73, 0, 0.77, 1.24, 1.52, 1.54, 1.54, 1.59, 1.58, 1.45, 2.11, 2.09, 2.03, 2.12, 1.83, 1.57, 1.56, 2.38, 3.778, 4.687, 5.186, 5.304, 4.988, 4.934, 5.037, 5.568, 6.427, 7.704, 8.757, 10.216, 13.031, 14.473, 15.321, 15.257, 15.401, 14.769, 15.135, 15.039, 14.923, 14.941, 15.581, 16.082, 15.905], [1.51, 2.05, 2.59, 3.15, 3.22, 2.75, 2.69, 2.91, 2.46, 2.37, 2.74, 3.544, 3.558, 3.647, 3.494, 3.359, 3.342, 3.834, 4.47, 5.047, 4.871, 4.626, 5.641, 7.521, 7.708, 6.761, 5.955, 5.502, 4.96, 5.017, 5.58, 6.142, 6.311, 6.85, 7.312, 6.662, 5.547, 5.075, 3.947, 2.34, 1.4, 1.25, 1.22, 0.98, 0.77, 0, 1.21, 1.49, 1.45, 1.59, 1.72, 1.65, 1.52, 2.16, 2.08, 2.02, 2.09, 1.9, 1.66, 1.71, 2.61, 3.863, 4.827, 5.289, 5.459, 5.191, 5.122, 5.221, 5.711, 6.56, 7.782, 8.933, 10.317, 13.099, 14.604, 15.406, 15.351, 15.518, 14.829, 15.229, 15.174, 15.052, 15.024, 15.635, 16.142, 15.954], [1.96, 2.3, 2.78, 3.32, 3.23, 2.88, 2.8, 3.2, 2.95, 3.06, 3.28, 3.698, 3.691, 3.581, 3.419, 3.36, 3.37, 3.509, 4.118, 4.647, 4.53, 4.425, 5.451, 7.147, 7.508, 6.557, 5.914, 5.563, 4.963, 4.933, 5.565, 6.154, 6.364, 6.914, 7.382, 6.635, 5.758, 5.133, 4.23, 2.51, 1.57, 1.3, 1.17, 1.25, 1.24, 1.21, 0, 0.98, 1.2, 1.14, 1.45, 1.62, 1.69, 2.09, 1.75, 1.91, 1.84, 1.81, 1.95, 2.26, 2.62, 3.855, 4.714, 5.147, 5.265, 5.011, 5.1, 5.253, 5.755, 6.505, 7.79, 8.954, 10.41, 13.041, 14.449, 15.447, 15.384, 15.494, 14.924, 15.264, 15.272, 15.222, 15.202, 15.831, 16.278, 16.075], [2.1, 2.44, 2.94, 3.498, 3.55, 3.2, 3.06, 3.4, 3.27, 3.4, 3.4, 3.998, 4.081, 3.977, 3.819, 3.78, 3.81, 4.008, 4.589, 5.144, 4.956, 4.825, 5.805, 7.681, 7.956, 6.96, 6.317, 5.918, 5.336, 5.293, 5.927, 6.517, 6.724, 7.3, 7.757, 7.016, 6.106, 5.502, 4.53, 2.77, 1.59, 1.3, 1.17, 1.31, 1.52, 1.49, 0.98, 0, 0.54, 0.76, 1.11, 1.3, 1.31, 1.77, 1.65, 1.51, 1.82, 1.85, 2.01, 2.02, 2.68, 4.224, 5.122, 5.646, 5.679, 5.387, 5.475, 5.651, 6.123, 6.898, 8.179, 9.324, 10.79, 13.439, 14.883, 15.83, 15.755, 15.88, 15.305, 15.644, 15.646, 15.585, 15.586, 16.214, 16.658, 16.458], [2.18, 2.56, 3.08, 3.655, 3.73, 3.36, 3.24, 3.5, 3.33, 3.3, 3.48, 4.214, 4.228, 4.177, 4.036, 3.994, 3.95, 4.242, 4.829, 5.412, 5.23, 5.022, 6.003, 7.909, 8.165, 7.162, 6.514, 6.144, 5.507, 5.519, 6.142, 6.732, 6.878, 7.443, 7.917, 7.219, 6.251, 5.691, 4.65, 2.89, 1.69, 1.36, 1.41, 1.39, 1.54, 1.45, 1.2, 0.54, 0, 0.96, 1.29, 1.4, 1.27, 1.69, 1.65, 1.43, 1.74, 1.97, 2.07, 2.02, 2.9, 4.384, 5.3, 5.8, 5.91, 5.624, 5.695, 5.871, 6.335, 7.063, 8.393, 9.5, 10.938, 13.63, 15.097, 16.004, 15.95, 16.02, 15.482, 15.839, 15.789, 15.73, 15.729, 16.357, 16.801, 16.601], [1.98, 2.04, 2.6, 3.14, 3.27, 2.94, 2.8, 3.16, 3.21, 3.4, 3.38, 3.71, 3.763, 3.602, 3.496, 3.52, 3.49, 3.699, 4.256, 4.835, 4.67, 4.567, 5.554, 7.315, 7.537, 6.603, 5.949, 5.538, 4.948, 4.899, 5.542, 6.126, 6.367, 6.942, 7.409, 6.659, 5.777, 5.119, 4.27, 2.49, 1.39, 1.3, 1.11, 1.33, 1.54, 1.59, 1.14, 0.76, 0.96, 0, 0.89, 1.22, 1.33, 1.77, 1.43, 1.41, 1.6, 1.63, 1.97, 1.82, 2.3, 3.921, 4.805, 5.172, 5.353, 5.0, 5.055, 5.25, 5.757, 6.442, 7.799, 8.933, 10.418, 13.064, 14.472, 15.476, 15.398, 15.556, 14.953, 15.293, 15.32, 15.25, 15.262, 15.894, 16.301, 16.138], [1.83, 1.79, 2.41, 2.77, 2.9, 2.65, 2.65, 2.93, 3.14, 3.41, 3.21, 3.48, 3.514, 3.344, 3.304, 3.23, 3.3, 3.55, 4.039, 4.525, 4.331, 4.167, 5.241, 7.042, 7.287, 6.289, 5.539, 5.108, 4.546, 4.522, 5.086, 5.696, 5.959, 6.529, 6.979, 6.24, 5.358, 4.687, 3.78, 2.04, 1.1, 1.37, 1.3, 1.36, 1.59, 1.72, 1.45, 1.11, 1.29, 0.89, 0, 0.79, 1.08, 1.34, 1.06, 1.16, 1.39, 1.3, 1.58, 1.59, 1.85, 3.508, 4.503, 5.036, 5.154, 4.69, 4.669, 4.822, 5.298, 6.131, 7.369, 8.516, 9.999, 12.711, 14.178, 15.029, 14.965, 15.246, 14.503, 14.843, 14.895, 14.825, 14.84, 15.477, 15.884, 15.721], [1.82, 2.0, 2.66, 2.94, 3.01, 2.72, 2.78, 2.98, 3.13, 3.46, 3.28, 3.63, 3.506, 3.394, 3.374, 3.279, 3.39, 3.676, 4.141, 4.623, 4.349, 4.153, 5.197, 7.005, 7.233, 6.239, 5.451, 4.941, 4.388, 4.421, 4.962, 5.558, 5.755, 6.325, 6.831, 6.178, 5.134, 4.474, 3.59, 2.11, 1.31, 1.54, 1.43, 1.33, 1.58, 1.65, 1.62, 1.3, 1.4, 1.22, 0.79, 0, 0.95, 1.09, 1.03, 1.03, 1.16, 1.15, 1.37, 1.48, 1.84, 3.41, 4.493, 5.06, 5.147, 4.719, 4.646, 4.825, 5.249, 5.989, 7.289, 8.347, 9.775, 12.58, 14.056, 14.853, 14.812, 15.079, 14.296, 14.67, 14.657, 14.601, 14.596, 15.23, 15.677, 15.514], [1.67, 2.05, 2.81, 3.25, 3.2, 2.91, 2.97, 3.07, 3.12, 3.39, 3.33, 3.68, 3.728, 3.755, 3.758, 3.701, 3.72, 4.115, 4.591, 5.05, 4.744, 4.571, 5.534, 7.452, 7.653, 6.677, 5.906, 5.307, 4.878, 4.92, 5.417, 5.987, 6.176, 6.741, 7.212, 6.563, 5.433, 4.909, 3.86, 2.12, 1.28, 1.51, 1.62, 1.28, 1.45, 1.52, 1.69, 1.31, 1.27, 1.33, 1.08, 0.95, 0, 0.9, 1.16, 1.04, 1.27, 1.26, 1.26, 1.09, 2.048, 3.806, 4.743, 5.367, 5.365, 5.008, 4.934, 5.033, 5.65, 6.469, 7.712, 8.805, 10.171, 13.059, 14.529, 15.242, 15.288, 15.466, 14.725, 15.062, 15.024, 14.951, 14.892, 15.52, 16.004, 15.824], [2.19, 2.51, 3.33, 3.53, 3.38, 3.21, 3.45, 3.51, 3.76, 4.09, 3.93, 4.108, 3.959, 3.906, 3.946, 3.85, 3.98, 4.19, 4.571, 4.976, 4.579, 4.376, 5.308, 7.189, 7.373, 6.416, 5.667, 5.065, 4.66, 4.73, 5.16, 5.719, 5.905, 6.458, 6.984, 6.308, 5.258, 4.658, 3.72, 2.38, 1.92, 2.17, 2.16, 1.8, 2.11, 2.16, 2.09, 1.77, 1.69, 1.77, 1.34, 1.09, 0.9, 0, 0.84, 0.9, 1.21, 1.4, 1.54, 1.63, 2.01, 3.632, 4.631, 5.344, 5.334, 4.875, 4.768, 4.948, 5.588, 6.315, 7.54, 8.517, 9.887, 12.796, 14.26, 14.982, 15.036, 15.266, 14.471, 14.788, 14.832, 14.779, 14.723, 15.354, 15.804, 15.604], [2.13, 2.39, 3.15, 3.23, 3.0, 2.93, 3.13, 3.31, 3.66, 4.01, 3.81, 3.92, 3.816, 3.624, 3.644, 3.586, 3.56, 3.73, 4.06, 4.439, 4.033, 3.816, 4.863, 6.607, 6.8, 5.835, 5.153, 4.727, 4.2, 4.243, 4.74, 5.302, 5.533, 6.104, 6.57, 5.785, 4.936, 4.316, 3.42, 2.32, 1.74, 1.93, 1.92, 1.74, 2.09, 2.08, 1.75, 1.65, 1.65, 1.43, 1.06, 1.03, 1.16, 0.84, 0, 1.0, 1.31, 1.34, 1.5, 1.71, 1.83, 3.126, 4.197, 4.821, 4.826, 4.386, 4.462, 4.731, 5.285, 5.888, 7.136, 8.126, 9.579, 12.268, 13.741, 14.625, 14.585, 14.752, 14.1, 14.437, 14.527, 14.474, 14.412, 15.04, 15.453, 15.267], [1.91, 2.35, 3.11, 3.33, 3.26, 2.93, 3.11, 3.31, 3.62, 3.99, 3.79, 3.9, 3.711, 3.721, 3.71, 3.63, 3.6, 3.91, 4.4, 4.851, 4.593, 4.397, 5.361, 7.237, 7.448, 6.518, 5.707, 5.102, 4.62, 4.785, 5.22, 5.756, 5.929, 6.524, 7.041, 6.445, 5.425, 4.664, 3.78, 2.44, 1.88, 2.01, 2.0, 1.84, 2.03, 2.02, 1.91, 1.51, 1.43, 1.41, 1.16, 1.03, 1.04, 0.9, 1.0, 0, 0.89, 1.18, 1.46, 1.63, 2.19, 3.674, 4.612, 5.218, 5.219, 4.947, 4.861, 4.924, 5.402, 6.29, 7.534, 8.605, 9.994, 12.791, 14.328, 15.029, 15.057, 15.344, 14.452, 14.837, 14.922, 14.877, 14.841, 15.481, 15.914, 15.754], [1.7, 2.16, 2.9, 3.34, 3.33, 2.9, 3.0, 3.32, 3.53, 4.0, 3.68, 3.81, 3.49, 3.513, 3.491, 3.22, 3.25, 3.52, 4.018, 4.581, 4.383, 4.143, 5.094, 6.973, 7.17, 6.269, 5.458, 4.873, 4.57, 4.735, 5.11, 5.53, 5.665, 6.257, 6.766, 6.145, 5.125, 4.446, 3.73, 2.43, 1.91, 2.1, 2.15, 1.87, 2.12, 2.09, 1.84, 1.82, 1.74, 1.6, 1.39, 1.16, 1.27, 1.21, 1.31, 0.89, 0, 0.81, 1.43, 1.78, 2.3, 3.467, 4.338, 4.848, 4.949, 4.917, 4.809, 4.674, 5.204, 6.102, 7.266, 8.422, 9.71, 12.535, 14.065, 14.722, 14.807, 15.062, 14.17, 14.45, 14.68, 14.62, 14.509, 15.136, 15.561, 15.375], [1.43, 1.77, 2.57, 2.85, 2.9, 2.63, 2.71, 3.05, 3.28, 3.75, 3.37, 3.52, 3.16, 3.17, 3.19, 3.21, 3.22, 3.37, 3.82, 4.4, 4.113, 3.851, 4.841, 6.68, 6.83, 5.877, 5.058, 4.505, 4.06, 4.188, 4.7, 5.144, 5.265, 5.911, 6.363, 5.819, 4.653, 4.02, 3.34, 2.18, 1.64, 1.85, 1.94, 1.66, 1.83, 1.9, 1.81, 1.85, 1.97, 1.63, 1.3, 1.15, 1.26, 1.4, 1.34, 1.18, 0.81, 0, 0.98, 1.45, 1.63, 3.09, 4.007, 4.606, 4.676, 4.53, 4.433, 4.42, 4.896, 5.711, 6.898, 8.016, 9.327, 12.161, 13.68, 14.365, 14.421, 14.661, 13.831, 14.094, 14.119, 14.054, 14.049, 14.715, 15.176, 14.979], [1.19, 1.53, 2.37, 2.61, 2.62, 2.39, 2.41, 2.65, 2.88, 3.23, 2.89, 3.22, 3.06, 3.13, 3.19, 3.11, 3.18, 3.49, 3.98, 4.451, 4.104, 3.904, 4.841, 6.76, 6.924, 5.927, 5.128, 4.55, 4.091, 4.19, 4.748, 5.224, 5.338, 5.983, 6.451, 5.807, 4.646, 4.046, 2.96, 1.94, 1.32, 1.63, 1.8, 1.58, 1.57, 1.66, 1.95, 2.01, 2.07, 1.97, 1.58, 1.37, 1.26, 1.54, 1.5, 1.46, 1.43, 0.98, 0, 0.93, 1.61, 3.092, 4.045, 4.71, 4.736, 4.478, 4.376, 4.332, 4.978, 5.794, 6.924, 8.045, 9.38, 12.232, 13.744, 14.465, 14.474, 14.723, 13.931, 14.199, 14.201, 14.076, 14.086, 14.766, 15.261, 15.064], [1.5, 1.78, 2.64, 3.0, 3.25, 2.94, 2.94, 3.04, 3.15, 3.24, 3.2, 3.65, 3.57, 3.76, 3.78, 3.76, 3.77, 4.16, 4.65, 5.035, 4.767, 4.568, 5.517, 7.435, 7.619, 6.625, 5.837, 5.219, 4.749, 4.805, 5.383, 5.888, 6.051, 6.678, 7.161, 6.505, 5.291, 4.724, 3.63, 2.17, 1.29, 1.66, 1.83, 1.53, 1.56, 1.71, 2.26, 2.02, 2.02, 1.82, 1.59, 1.48, 1.09, 1.63, 1.71, 1.63, 1.78, 1.45, 0.93, 0, 1.86, 3.75, 4.752, 5.393, 5.423, 4.985, 4.874, 4.899, 5.584, 6.445, 7.651, 8.751, 10.11, 12.959, 14.463, 15.18, 15.219, 15.412, 14.643, 14.92, 14.916, 14.734, 14.73, 15.464, 15.939, 15.777], [1.94, 1.52, 1.92, 2.18, 2.21, 2.14, 2.2, 2.42, 2.83, 3.14, 2.88, 2.89, 2.57, 2.48, 2.56, 2.72, 2.91, 2.96, 3.23, 3.57, 3.13, 2.97, 3.93, 5.731, 5.883, 4.886, 4.092, 3.509, 3.05, 3.06, 3.595, 4.174, 4.392, 4.976, 5.504, 4.795, 3.77, 3.15, 2.49, 1.83, 1.61, 2.0, 2.25, 2.19, 2.38, 2.61, 2.62, 2.68, 2.9, 2.3, 1.85, 1.84, 2.048, 2.01, 1.83, 2.19, 2.3, 1.63, 1.61, 1.86, 0, 2.2, 3.17, 3.84, 3.85, 3.3, 3.18, 3.43, 4.09, 4.8, 5.94, 6.991, 8.402, 11.214, 12.732, 13.449, 13.471, 13.732, 12.943, 13.249, 13.218, 13.171, 13.189, 13.849, 14.331, 14.134], [2.988, 2.68, 2.16, 1.94, 1.59, 1.72, 2.1, 2.02, 2.55, 3.24, 2.7, 2.43, 2.09, 1.86, 2.08, 2.22, 2.15, 2.04, 1.93, 2.03, 1.65, 1.53, 2.07, 3.91, 3.981, 2.99, 2.23, 2.22, 1.71, 1.8, 2.29, 2.62, 2.64, 3.31, 3.79, 3.14, 2.15, 1.63, 1.57, 2.168, 3.188, 3.618, 3.622, 3.622, 3.778, 3.863, 3.855, 4.224, 4.384, 3.921, 3.508, 3.41, 3.806, 3.632, 3.126, 3.674, 3.467, 3.09, 3.092, 3.75, 2.2, 0, 1.57, 2.12, 2.15, 2.08, 2.06, 2.47, 2.89, 3.18, 4.27, 5.305, 6.61, 9.348, 10.816, 11.68, 11.622, 11.769, 11.154, 11.532, 11.558, 11.49, 11.412, 12.049, 12.476, 12.296], [3.855, 3.527, 2.91, 2.63, 2.28, 2.41, 2.63, 2.45, 3.06, 3.71, 3.11, 2.86, 2.42, 2.15, 2.25, 2.39, 2.26, 2.11, 1.78, 1.8, 1.8, 1.86, 1.76, 3.1, 3.14, 2.2, 1.66, 1.73, 1.76, 1.97, 2.06, 2.13, 2.17, 2.74, 3.08, 2.55, 1.94, 1.5, 1.74, 3.14, 4.194, 4.562, 4.489, 4.532, 4.687, 4.827, 4.714, 5.122, 5.3, 4.805, 4.503, 4.493, 4.743, 4.631, 4.197, 4.612, 4.338, 4.007, 4.045, 4.752, 3.17, 1.57, 0, 1.07, 1.26, 1.47, 1.81, 1.94, 2.28, 2.71, 3.823, 4.624, 5.79, 8.459, 9.926, 10.754, 10.752, 11.082, 10.279, 10.573, 10.93, 10.9, 10.745, 11.339, 11.755, 11.569], [4.462, 4.071, 3.491, 3.06, 2.79, 2.98, 3.068, 3.08, 3.47, 4.16, 3.5, 3.23, 2.81, 2.52, 2.62, 2.8, 2.53, 2.22, 1.79, 1.77, 1.97, 2.25, 2.07, 2.59, 2.79, 2.01, 1.75, 1.84, 1.97, 2.06, 2.21, 2.08, 2.26, 2.67, 2.95, 2.38, 2.13, 2.09, 2.49, 3.85, 4.71, 5.034, 4.921, 5.012, 5.186, 5.289, 5.147, 5.646, 5.8, 5.172, 5.036, 5.06, 5.367, 5.344, 4.821, 5.218, 4.848, 4.606, 4.71, 5.393, 3.84, 2.12, 1.07, 0, 0.85, 1.72, 2.02, 2.07, 2.03, 2.4, 3.54, 4.59, 5.73, 8.086, 9.639, 10.569, 10.679, 10.94, 10.16, 10.38, 10.92, 10.89, 10.72, 11.24, 11.69, 11.47], [4.603, 4.229, 3.718, 3.15, 2.8, 3.038, 3.241, 3.19, 3.751, 4.401, 3.77, 3.3, 2.94, 2.71, 2.83, 2.95, 2.72, 2.33, 1.82, 1.78, 1.94, 2.18, 1.88, 2.4, 2.66, 1.96, 2.0, 1.95, 2.02, 2.13, 2.06, 1.95, 2.19, 2.58, 2.94, 2.33, 2.16, 2.12, 2.44, 3.822, 4.799, 5.17, 5.066, 5.156, 5.304, 5.459, 5.265, 5.679, 5.91, 5.353, 5.154, 5.147, 5.365, 5.334, 4.826, 5.219, 4.949, 4.676, 4.736, 5.423, 3.85, 2.15, 1.26, 0.85, 0, 1.47, 1.85, 1.84, 1.9, 2.23, 3.35, 4.48, 5.6, 7.93, 9.48, 10.43, 10.56, 10.77, 10.03, 10.27, 10.85, 10.84, 10.63, 11.09, 11.56, 11.38], [4.347, 3.742, 3.088, 2.58, 2.31, 2.653, 2.855, 2.642, 3.05, 3.7, 3.08, 2.65, 2.33, 2.16, 2.24, 2.52, 2.59, 2.44, 2.03, 1.79, 1.73, 1.99, 1.91, 2.89, 2.99, 2.19, 1.95, 1.58, 1.47, 1.54, 1.45, 1.68, 2.1, 2.41, 2.83, 2.14, 1.67, 1.57, 1.79, 3.207, 4.397, 4.807, 4.738, 4.898, 4.988, 5.191, 5.011, 5.387, 5.624, 5.0, 4.69, 4.719, 5.008, 4.875, 4.386, 4.947, 4.917, 4.53, 4.478, 4.985, 3.3, 2.08, 1.47, 1.72, 1.47, 0, 0.84, 1.21, 1.55, 2.02, 3.18, 4.25, 5.67, 8.26, 9.687, 10.672, 10.65, 10.92, 10.2, 10.5, 10.82, 10.75, 10.66, 11.26, 11.65, 11.47], [4.294, 3.707, 3.02, 2.6, 2.33, 2.58, 2.758, 2.56, 2.87, 3.46, 2.94, 2.43, 2.13, 1.94, 2.04, 2.44, 2.67, 2.584, 2.11, 1.79, 1.81, 2.07, 2.05, 3.01, 3.13, 2.51, 2.09, 1.58, 1.41, 1.4, 1.27, 1.56, 1.9, 2.37, 2.87, 2.16, 1.53, 1.43, 1.93, 3.085, 4.312, 4.697, 4.747, 4.844, 4.934, 5.122, 5.1, 5.475, 5.695, 5.055, 4.669, 4.646, 4.934, 4.768, 4.462, 4.861, 4.809, 4.433, 4.376, 4.874, 3.18, 2.06, 1.81, 2.02, 1.85, 0.84, 0, 0.97, 1.23, 1.8, 3.1, 4.19, 5.63, 8.28, 9.807, 10.595, 10.65, 10.96, 10.14, 10.414, 10.7, 10.65, 10.58, 11.22, 11.65, 11.47], [4.244, 3.873, 3.122, 2.57, 2.276, 2.628, 2.765, 2.584, 2.914, 3.484, 2.89, 2.22, 1.98, 1.95, 2.09, 2.31, 2.74, 2.714, 2.22, 2.04, 2.1, 2.16, 2.14, 3.16, 3.3, 2.72, 2.44, 1.79, 1.88, 1.91, 1.54, 1.55, 1.79, 2.3, 2.74, 2.17, 1.7, 1.56, 2.0, 3.252, 4.495, 4.868, 4.9, 4.933, 5.037, 5.221, 5.253, 5.651, 5.871, 5.25, 4.822, 4.825, 5.033, 4.948, 4.731, 4.924, 4.674, 4.42, 4.332, 4.899, 3.43, 2.47, 1.94, 2.07, 1.84, 1.21, 0.97, 0, 1.02, 1.75, 3.01, 4.12, 5.48, 8.255, 9.779, 10.482, 10.52, 10.93, 9.99, 10.21, 10.57, 10.52, 10.43, 11.05, 11.48, 11.3], [4.769, 4.356, 3.599, 3.024, 2.88, 3.19, 3.32, 3.162, 3.409, 3.962, 3.359, 2.7, 2.44, 2.37, 2.53, 2.69, 3.058, 2.994, 2.5, 2.26, 2.38, 2.58, 2.42, 2.84, 2.92, 2.66, 2.48, 1.93, 2.06, 2.11, 1.74, 1.41, 1.55, 1.72, 2.22, 1.73, 1.78, 2.1, 2.608, 3.925, 4.981, 5.382, 5.398, 5.458, 5.568, 5.711, 5.755, 6.123, 6.335, 5.757, 5.298, 5.249, 5.65, 5.588, 5.285, 5.402, 5.204, 4.896, 4.978, 5.584, 4.09, 2.89, 2.28, 2.03, 1.9, 1.55, 1.23, 1.02, 0, 1.13, 2.41, 3.54, 4.88, 7.63, 9.16, 9.85, 9.96, 10.33, 9.43, 9.71, 10.03, 9.98, 9.87, 10.49, 10.92, 10.74], [5.65, 5.17, 4.409, 3.737, 3.607, 3.928, 4.071, 3.909, 4.24, 4.771, 4.163, 3.43, 3.27, 3.12, 3.28, 3.48, 3.8, 3.738, 3.168, 2.77, 2.61, 2.83, 2.71, 2.39, 2.35, 2.11, 2.21, 2.04, 2.17, 2.18, 1.83, 1.38, 1.3, 1.27, 1.47, 1.36, 2.03, 2.535, 3.235, 4.646, 5.782, 6.215, 6.148, 6.297, 6.427, 6.56, 6.505, 6.898, 7.063, 6.442, 6.131, 5.989, 6.469, 6.315, 5.888, 6.29, 6.102, 5.711, 5.794, 6.445, 4.8, 3.18, 2.71, 2.4, 2.23, 2.02, 1.8, 1.75, 1.13, 0, 1.58, 2.61, 4.05, 6.76, 8.21, 9.08, 9.11, 9.44, 8.64, 8.94, 9.2, 9.13, 9.06, 9.68, 10.11, 9.93], [6.838, 6.398, 5.667, 4.976, 4.845, 5.115, 5.284, 5.114, 5.517, 6.017, 5.411, 4.63, 4.456, 4.349, 4.589, 4.661, 5.06, 5.008, 4.431, 3.99, 3.75, 3.87, 3.57, 2.61, 2.25, 2.55, 2.746, 2.876, 3.119, 3.033, 2.726, 2.273, 2.18, 1.49, 1.55, 1.74, 2.843, 3.546, 4.286, 5.96, 7.094, 7.51, 7.471, 7.597, 7.704, 7.782, 7.79, 8.179, 8.393, 7.799, 7.369, 7.289, 7.712, 7.54, 7.136, 7.534, 7.266, 6.898, 6.924, 7.651, 5.94, 4.27, 3.823, 3.54, 3.35, 3.18, 3.1, 3.01, 2.41, 1.58, 0, 1.43, 2.75, 5.48, 6.97, 7.78, 7.77, 8.08, 7.3, 7.66, 7.84, 7.79, 7.64, 8.28, 8.73, 8.57], [7.969, 7.475, 6.769, 6.129, 5.901, 6.325, 6.474, 6.231, 6.613, 7.099, 6.519, 5.738, 5.614, 5.51, 5.67, 5.87, 6.299, 6.252, 5.655, 5.21, 4.935, 5.0, 4.48, 3.38, 2.84, 3.34, 3.576, 3.774, 4.117, 4.108, 3.633, 3.285, 3.045, 2.28, 2.18, 2.71, 3.624, 4.196, 5.233, 7.036, 8.221, 8.663, 8.647, 8.65, 8.757, 8.933, 8.954, 9.324, 9.5, 8.933, 8.516, 8.347, 8.805, 8.517, 8.126, 8.605, 8.422, 8.016, 8.045, 8.751, 6.991, 5.305, 4.624, 4.59, 4.48, 4.25, 4.19, 4.12, 3.54, 2.61, 1.43, 0, 1.62, 