[[0, 1.34, 2.34, 3.14, 3.96, 4.1, 5.05, 6.59, 6.43, 5.32, 5.15, 5.52, 4.85, 4.36, 5.11, 6.02, 6.88, 5.84, 5.66, 6.7, 6.97, 6.56, 6.9, 6.69, 5.87, 5.6, 6.4, 6.84, 6.65, 7.0, 7.46, 8.23, 7.91, 9.32, 10.68, 10.77, 11.13, 11.94, 14.01, 13.0, 12.03, 11.93, 12.31, 12.68, 12.06, 10.69, 10.31, 9.94, 8.18, 6.64, 5.04, 3.5, 3.55, 4.31, 4.48, 4.27, 3.58, 3.39, 3.33, 3.36, 2.98, 2.81, 3.1, 2.85, 3.01, 2.94, 2.99, 3.22, 3.51, 3.81, 4.03, 4.07, 4.15, 4.04, 3.91, 4.09, 4.67, 4.53, 4.65, 4.87, 4.83, 4.73, 4.81, 4.12, 3.72, 3.11], [1.34, 0, 1.16, 2.18, 2.98, 2.88, 3.77, 5.27, 5.11, 4.0, 3.85, 4.2, 3.59, 3.12, 3.79, 4.7, 5.56, 4.52, 4.34, 5.4, 5.67, 5.26, 5.58, 5.39, 4.59, 4.32, 5.12, 5.56, 5.35, 5.7, 6.16, 6.93, 6.61, 8.0, 9.36, 9.45, 9.81, 10.62, 12.69, 11.68, 10.71, 10.61, 10.99, 11.36, 10.74, 9.37, 8.99, 8.62, 6.86, 5.32, 3.76, 2.44, 2.53, 3.31, 3.4, 3.11, 2.62, 2.35, 2.39, 2.76, 2.42, 2.07, 2.34, 2.23, 2.51, 2.48, 2.71, 2.72, 2.95, 3.17, 3.47, 3.53, 3.61, 3.46, 3.53, 3.97, 4.79, 4.87, 5.03, 5.23, 5.23, 4.97, 5.11, 4.52, 4.06, 3.55], [2.34, 1.16, 0, 1.3, 2.16, 1.94, 2.85, 4.27, 4.19, 3.2, 2.93, 3.26, 2.79, 2.34, 2.83, 3.7, 4.56, 3.52, 3.34, 4.4, 4.67, 4.26, 4.58, 4.39, 3.59, 3.5, 4.12, 4.54, 4.35, 4.7, 5.16, 5.93, 5.61, 7.0, 8.36, 8.45, 8.81, 9.62, 11.69, 10.68, 9.71, 9.61, 9.99, 10.36, 9.74, 8.37, 7.99, 7.62, 5.86, 4.32, 2.9, 2.0, 2.23, 2.81, 2.9, 2.85, 2.78, 2.49, 2.15, 2.62, 2.4, 2.11, 2.18, 1.99, 2.31, 2.26, 2.57, 2.5, 2.43, 2.69, 2.73, 2.81, 2.97, 3.02, 3.31, 3.85, 4.75, 4.99, 5.19, 5.37, 5.37, 5.01, 5.39, 4.88, 4.5, 4.27], [3.14, 2.18, 1.3, 0, 1.16, 1.06, 1.97, 3.51, 3.49, 2.6, 2.41, 2.62, 2.11, 2.08, 2.45, 3.02, 3.84, 3.06, 3.12, 3.98, 4.13, 3.94, 4.14, 3.79, 3.45, 3.56, 3.72, 3.88, 3.73, 3.96, 4.42, 5.195, 4.87, 6.28, 7.66, 7.75, 8.106, 8.905, 10.963, 9.971, 9.006, 8.898, 9.286, 9.659, 9.04, 7.65, 7.289, 6.902, 5.159, 3.64, 2.48, 2.14, 2.51, 2.69, 2.46, 3.15, 3.32, 3.15, 2.57, 3.02, 2.96, 3.03, 2.78, 2.61, 3.15, 3.0, 3.33, 3.24, 2.79, 3.05, 3.11, 3.09, 3.47, 3.6, 3.95, 4.45, 5.39, 5.71, 5.95, 6.09, 6.07, 5.79, 6.39, 5.94, 5.6, 5.17], [3.96, 2.98, 2.16, 1.16, 0, 1.08, 1.61, 2.79, 2.67, 2.3, 2.87, 2.66, 2.37, 2.56, 2.73, 2.5, 3.26, 3.02, 3.02, 3.68, 3.79, 3.62, 3.8, 3.77, 3.59, 3.84, 3.84, 3.54, 3.43, 3.4, 3.74, 4.53, 4.17, 5.574, 6.951, 7.038, 7.389, 8.188, 10.246, 9.253, 8.289, 8.181, 8.569, 8.942, 8.331, 6.944, 6.572, 6.185, 4.46, 3.2, 2.34, 2.6, 3.01, 2.89, 2.66, 3.57, 3.76, 3.63, 3.17, 3.5, 3.7, 3.77, 3.56, 3.41, 3.95, 3.82, 4.17, 4.12, 3.43, 3.53, 3.59, 3.47, 3.85, 4.24, 4.67, 5.07, 6.21, 6.61, 6.87, 6.93, 6.87, 6.73, 7.29, 6.82, 6.4, 5.89], [4.1, 2.88, 1.94, 1.06, 1.08, 0, 1.29, 2.607, 2.53, 1.72, 2.05, 2.06, 1.77, 1.86, 1.99, 2.12, 2.92, 2.56, 2.58, 3.32, 3.49, 3.3, 3.5, 3.21, 3.07, 3.26, 3.18, 3.1, 3.05, 3.14, 3.476, 4.243, 3.898, 5.3, 6.677, 6.764, 7.115, 7.913, 9.972, 8.979, 8.015, 7.906, 8.295, 8.668, 8.066, 6.676, 6.298, 5.911, 4.188, 2.88, 1.94, 2.28, 2.63, 2.55, 2.16, 2.99, 3.16, 3.11, 2.61, 3.06, 2.98, 3.13, 2.84, 2.79, 3.35, 3.22, 3.61, 3.52, 3.03, 3.33, 3.43, 3.29, 3.75, 3.88, 4.31, 4.97, 5.93, 6.21, 6.45, 6.61, 6.61, 6.29, 6.91, 6.46, 6.08, 5.75], [5.05, 3.77, 2.85, 1.97, 1.61, 1.29, 0, 1.62, 1.72, 1.65, 2.08, 1.99, 1.94, 2.19, 2.04, 1.75, 2.55, 2.47, 2.55, 2.97, 2.98, 2.95, 3.03, 3.14, 3.14, 3.43, 3.31, 3.03, 3.02, 2.69, 2.61, 3.38, 3.08, 4.407, 5.784, 5.871, 6.222, 7.021, 9.079, 8.086, 7.122, 7.013, 7.402, 7.775, 7.164, 5.777, 5.405, 5.018, 3.45, 2.45, 1.89, 2.83, 2.94, 2.72, 2.47, 3.26, 3.47, 3.4, 2.88, 3.27, 3.43, 3.8, 3.65, 3.58, 4.2, 4.15, 4.52, 4.41, 3.78, 4.04, 4.16, 4.02, 4.44, 4.79, 5.26, 5.82, 6.92, 7.22, 7.46, 7.6, 7.6, 7.3, 7.92, 7.47, 7.13, 6.8], [6.59, 5.27, 4.27, 3.51, 2.79, 2.607, 1.62, 0, 1.16, 1.95, 2.24, 1.91, 2.26, 2.71, 1.86, 1.21, 1.49, 1.83, 2.13, 2.17, 2.24, 2.37, 2.25, 2.48, 2.72, 3.19, 2.93, 2.61, 2.4, 2.01, 1.65, 2.16, 1.88, 2.83, 4.19, 4.28, 4.64, 5.45, 7.52, 6.51, 5.56, 5.46, 5.84, 6.19, 5.57, 4.18, 3.82, 3.45, 2.23, 1.73, 2.27, 3.91, 3.94, 3.46, 3.19, 3.7, 4.13, 4.3, 3.8, 4.05, 4.49, 4.82, 4.49, 4.36, 4.96, 4.81, 5.42, 5.17, 4.42, 4.44, 4.52, 4.4, 4.78, 5.23, 5.72, 6.26, 7.4, 8.02, 8.34, 8.34, 8.06, 8.26, 9.06, 8.71, 8.385, 8.135], [6.43, 5.11, 4.19, 3.49, 2.67, 2.53, 1.72, 1.16, 0, 1.43, 1.84, 1.55, 2.02, 2.35, 2.06, 1.53, 1.73, 2.15, 2.27, 2.39, 2.48, 2.71, 2.67, 2.74, 3.24, 3.75, 3.45, 3.09, 2.92, 2.47, 2.09, 2.36, 2.02, 2.93, 4.29, 4.38, 4.74, 5.55, 7.62, 6.63, 5.66, 5.56, 5.94, 6.29, 5.67, 4.28, 3.94, 3.55, 2.15, 1.93, 2.11, 3.51, 3.44, 2.84, 2.63, 3.1, 3.55, 3.96, 3.62, 4.01, 4.33, 4.78, 4.71, 4.6, 5.2, 5.23, 5.66, 5.55, 4.86, 4.96, 5.08, 4.94, 5.38, 5.79, 6.26, 6.78, 7.92, 8.32, 8.58, 8.76, 8.58, 8.46, 9.06, 8.59, 8.21, 7.915], [5.32, 4.0, 3.2, 2.6, 2.3, 1.72, 1.65, 1.95, 1.43, 0, 1.31, 1.16, 1.41, 1.7, 1.59, 1.48, 1.9, 1.92, 2.04, 2.6, 2.85, 2.86, 2.86, 2.61, 2.87, 3.26, 3.1, 2.9, 2.85, 2.7, 2.88, 3.33, 2.99, 4.14, 5.42, 5.51, 5.87, 6.68, 8.75, 7.78, 6.81, 6.71, 7.09, 7.42, 6.8, 5.51, 5.15, 4.68, 2.98, 2.04, 1.56, 2.48, 2.33, 1.91, 1.58, 2.05, 2.46, 2.83, 2.79, 3.38, 3.44, 3.67, 3.84, 3.71, 4.33, 4.36, 4.71, 4.52, 4.13, 4.41, 4.55, 4.45, 4.89, 5.14, 5.61, 6.21, 7.25, 7.53, 7.73, 8.05, 7.93, 7.55, 7.97, 7.52, 7.12, 6.81], [5.15, 3.85, 2.93, 2.41, 2.87, 2.05, 2.08, 2.24, 1.84, 1.31, 0, 0.61, 0.92, 1.15, 0.88, 1.45, 1.87, 1.23, 1.53, 2.23, 2.56, 2.43, 2.39, 1.84, 2.08, 2.43, 2.25, 2.49, 2.48, 2.51, 2.83, 3.26, 2.96, 4.29, 5.53, 5.62, 5.98, 6.79, 8.86, 7.89, 6.92, 6.82, 7.2, 7.53, 6.95, 5.64, 5.24, 4.89, 3.13, 2.07, 1.39, 2.19, 2.06, 1.78, 1.63, 1.76, 2.13, 2.48, 2.14, 2.59, 2.79, 3.28, 3.11, 3.14, 3.64, 3.69, 4.06, 3.91, 3.64, 3.74, 3.84, 3.96, 4.28, 4.25, 4.72, 5.36, 6.4, 6.72, 6.96, 7.36, 7.12, 6.82, 7.56, 7.11, 6.77, 6.535], [5.52, 4.2, 3.26, 2.62, 2.66, 2.06, 1.99, 1.91, 1.55, 1.16, 0.61, 0, 0.95, 1.32, 0.85, 1.16, 1.48, 1.26, 1.56, 2.28, 2.63, 2.52, 2.42, 1.67, 2.15, 2.5, 2.26, 2.3, 2.51, 2.36, 2.52, 2.93, 2.61, 3.92, 5.18, 5.27, 5.63, 6.44, 8.51, 7.52, 6.55, 6.45, 6.83, 7.18, 6.58, 5.25, 4.91, 4.54, 2.82, 1.92, 1.38, 2.54, 2.47, 2.01, 1.9, 2.07, 2.5, 2.85, 2.39, 2.86, 3.18, 3.65, 3.44, 3.41, 3.97, 4.02, 4.39, 4.26, 3.79, 3.83, 3.95, 4.03, 4.37, 4.52, 4.99, 5.55, 6.65, 7.01, 7.27, 7.63, 7.39, 7.13, 7.89, 7.48, 7.14, 6.908], [4.85, 3.59, 2.79, 2.11, 2.37, 1.77, 1.94, 2.26, 2.02, 1.41, 0.92, 0.95, 0, 0.85, 0.82, 1.45, 2.23, 1.63, 1.71, 2.55, 2.7, 2.65, 2.61, 2.12, 2.18, 2.43, 2.43, 2.63, 2.64, 2.65, 2.97, 3.52, 3.3, 4.67, 5.99, 6.06, 6.36, 7.11, 9.18, 8.21, 7.3, 7.14, 7.58, 7.93, 7.37, 6.0, 5.58, 5.11, 3.47, 2.11, 1.37, 2.01, 1.84, 1.72, 1.45, 1.68, 2.01, 2.32, 2.08, 2.47, 2.71, 3.34, 3.07, 3.0, 3.6, 3.65, 4.1, 4.09, 3.64, 3.84, 3.92, 3.94, 4.18, 4.29, 4.74, 5.34, 6.4, 6.74, 6.92, 7.32, 7.12, 6.94, 7.66, 7.19, 6.81, 6.42], [4.36, 3.12, 2.34, 2.08, 2.56, 1.86, 2.19, 2.71, 2.35, 1.7, 1.15, 1.32, 0.85, 0, 0.95, 1.92, 2.68, 1.82, 1.82, 2.64, 2.95, 2.86, 2.9, 2.49, 2.27, 2.52, 2.56, 3.02, 3.03, 3.1, 3.48, 3.99, 3.71, 5.06, 6.4, 6.47, 6.79, 7.6, 9.67, 8.66, 7.71, 7.61, 7.99, 8.34, 7.78, 6.41, 5.99, 5.6, 3.84, 2.38, 1.56, 1.72, 1.35, 1.43, 1.24, 1.47, 1.82, 2.09, 2.03, 2.48, 2.6, 3.11, 2.92, 2.83, 3.37, 3.42, 3.89, 3.82, 3.57, 3.79, 3.91, 3.95, 4.15, 4.16, 4.57, 5.29, 6.19, 6.49, 6.75, 6.99, 6.89, 6.73, 7.41, 6.92, 6.54, 6.11], [5.11, 3.79, 2.83, 2.45, 2.73, 1.99, 2.04, 1.86, 2.06, 1.59, 0.88, 0.85, 0.82, 0.95, 0, 1.17, 1.93, 1.21, 1.59, 2.29, 2.6, 2.43, 2.31, 1.78, 1.84, 2.11, 1.99, 2.23, 2.36, 2.31, 2.63, 3.18, 2.94, 4.33, 5.67, 5.74, 6.04, 6.83, 8.9, 7.89, 6.96, 6.84, 7.24, 7.61, 7.05, 5.68, 5.26, 4.83, 3.13, 1.81, 1.49, 2.33, 2.14, 1.92, 1.83, 1.9, 2.37, 2.66, 2.24, 2.69, 2.91, 3.42, 3.03, 2.92, 3.5, 3.45, 4.0, 3.89, 3.42, 3.56, 3.68, 3.7, 3.9, 4.01, 4.48, 5.12, 6.12, 6.62, 6.88, 7.04, 6.84, 6.88, 7.68, 7.27, 6.93, 6.695], [6.02, 4.7, 3.7, 3.02, 2.5, 2.12, 1.75, 1.21, 1.53, 1.48, 1.45, 1.16, 1.45, 1.92, 1.17, 0, 1.1, 1.3, 1.42, 1.88, 2.13, 2.06, 1.88, 1.71, 2.03, 2.54, 2.12, 1.86, 1.93, 1.8, 1.78, 2.31, 1.99, 3.4, 4.72, 4.77, 5.11, 5.92, 7.99, 6.98, 6.03, 5.93, 6.31, 6.66, 6.12, 4.75, 4.31, 3.92, 2.28, 1.48, 1.54, 3.02, 3.05, 2.65, 2.36, 2.83, 3.26, 3.51, 3.01, 3.32, 3.7, 3.99, 3.66, 3.71, 4.17, 4.06, 4.67, 4.4, 3.77, 3.81, 3.87, 3.87, 4.23, 4.54, 5.01, 5.53, 6.71, 7.19, 7.53, 7.79, 7.39, 7.53, 8.29, 7.94, 7.669, 7.479], [6.88, 5.56, 4.56, 3.84, 3.26, 2.92, 2.55, 1.49, 1.73, 1.9, 1.87, 1.48, 2.23, 2.68, 1.93, 1.1, 0, 1.26, 1.42, 1.38, 1.65, 1.78, 1.62, 1.39, 2.05, 2.56, 2.06, 1.88, 1.61, 1.46, 1.42, 1.73, 1.31, 2.8, 3.82, 3.91, 4.27, 5.08, 7.15, 6.16, 5.19, 5.09, 5.47, 5.82, 5.26, 3.95, 3.55, 3.24, 1.86, 1.44, 2.14, 3.82, 3.87, 3.37, 3.1, 3.41, 3.9, 4.09, 3.71, 3.84, 4.36, 4.43, 4.2, 4.41, 4.63, 4.74, 5.25, 4.68, 4.15, 3.91, 3.95, 4.01, 4.31, 4.66, 5.15, 5.65, 6.83, 7.53, 7.97, 8.39, 7.69, 8.044, 8.69, 8.44, 8.183, 8.176], [5.84, 4.52, 3.52, 3.06, 3.02, 2.56, 2.47, 1.83, 2.15, 1.92, 1.23, 1.26, 1.63, 1.82, 1.21, 1.3, 1.26, 0, 0.72, 1.28, 1.65, 1.52, 1.48, 1.49, 1.45, 2.02, 1.78, 1.94, 1.63, 1.76, 2.0, 2.51, 2.19, 3.58, 4.86, 4.95, 5.31, 6.12, 8.19, 7.22, 6.23, 6.11, 6.49, 6.86, 6.3, 4.93, 4.53, 4.22, 2.56, 1.26, 1.58, 2.8, 2.89, 2.43, 2.3, 2.57, 2.94, 3.15, 2.65, 2.9, 3.38, 3.63, 3.4, 3.41, 3.87, 3.86, 4.37, 4.06, 3.47, 3.27, 3.23, 3.37, 3.63, 4.02, 4.49, 5.05, 6.11, 6.87, 7.21, 7.45, 6.91, 7.13, 7.91, 7.58, 7.309, 7.179], [5.66, 4.34, 3.34, 3.12, 3.02, 2.58, 2.55, 2.13, 2.27, 2.04, 1.53, 1.56, 1.71, 1.82, 1.59, 1.42, 1.42, 0.72, 0, 1.08, 1.47, 1.3, 1.56, 1.87, 1.57, 1.96, 2.06, 2.2, 1.73, 1.98, 2.26, 2.65, 2.33, 3.78, 5.04, 5.11, 5.47, 6.28, 8.35, 7.36, 6.37, 6.27, 6.65, 7.02, 6.48, 5.13, 4.69, 4.4, 2.78, 1.44, 1.38, 2.6, 2.67, 2.27, 2.3, 2.61, 2.68, 2.99, 2.47, 2.74, 3.18, 3.35, 3.16, 3.25, 3.69, 3.66, 4.21, 3.78, 3.23, 3.09, 3.09, 3.15, 3.49, 3.84, 4.33, 4.81, 5.99, 6.61, 6.93, 7.29, 6.75, 6.95, 7.71, 7.38, 7.129, 7.036], [6.7, 5.4, 4.4, 3.98, 3.68, 3.32, 2.97, 2.17, 2.39, 2.6, 2.23, 2.28, 2.55, 2.64, 2.29, 1.88, 1.38, 1.28, 1.08, 0, 0.85, 1.06, 1.18, 1.67, 1.73, 2.14, 1.98, 1.94, 1.39, 1.5, 1.6, 1.83, 1.55, 3.12, 4.12, 4.11, 4.43, 5.24, 7.31, 6.3, 5.33, 5.23, 5.61, 6.0, 5.56, 4.31, 3.79, 3.48, 2.22, 1.1, 2.12, 3.58, 3.59, 3.07, 2.86, 3.13, 3.52, 3.79, 3.47, 3.58, 4.12, 4.21, 4.0, 4.23, 4.43, 4.54, 5.03, 4.46, 3.91, 3.55, 3.51, 3.65, 3.87, 4.2, 4.61, 5.19, 6.31, 7.21, 7.69, 8.204, 7.39, 7.847, 8.49, 8.18, 7.903, 8.007], [6.97, 5.67, 4.67, 4.13, 3.79, 3.49, 2.98, 2.24, 2.48, 2.85, 2.56, 2.63, 2.7, 2.95, 2.6, 2.13, 1.65, 1.65, 1.47, 0.85, 0, 1.11, 1.41, 2.04, 2.02, 2.31, 2.25, 2.15, 1.6, 1.61, 1.61, 1.84, 1.62, 2.95, 3.83, 3.88, 4.18, 5.03, 7.06, 6.09, 5.1, 4.98, 5.36, 5.75, 5.35, 4.12, 3.62, 3.31, 2.19, 1.37, 2.37, 3.77, 3.82, 3.48, 3.15, 3.62, 3.93, 4.06, 3.68, 3.81, 4.33, 4.44, 4.19, 4.44, 4.64, 4.73, 5.28, 4.69, 4.14, 3.76, 3.72, 3.82, 3.9, 4.23, 4.76, 5.32, 6.46, 7.42, 7.92, 8.462, 7.64, 8.072, 8.68, 8.467, 8.17, 8.265], [6.56, 5.26, 4.26, 3.94, 3.62, 3.3, 2.95, 2.37, 2.71, 2.86, 2.43, 2.52, 2.65, 2.86, 2.43, 2.06, 1.78, 1.52, 1.3, 1.06, 1.11, 0, 1.08, 1.79, 1.69, 1.82, 1.8, 1.7, 1.47, 1.68, 1.84, 2.01, 2.05, 3.6, 4.38, 4.27, 4.59, 5.54, 7.45, 6.48, 5.49, 5.37, 5.75, 6.18, 5.98, 4.73, 4.27, 4.04, 2.88, 1.78, 2.1, 3.48, 3.59, 3.27, 3.3, 3.53, 3.66, 3.61, 3.31, 3.38, 3.96, 4.03, 3.86, 4.07, 4.27, 4.36, 4.87, 4.28, 3.73, 3.39, 3.37, 3.35, 3.53, 3.64, 4.09, 4.61, 5.97, 6.83, 7.55, 8.061, 7.25, 7.621, 8.19, 7.963, 7.666, 7.864], [6.9, 5.58, 4.58, 4.14, 3.8, 3.5, 3.03, 2.25, 2.67, 2.86, 2.39, 2.42, 2.61, 2.9, 2.31, 1.88, 1.62, 1.48, 1.56, 1.18, 1.41, 1.08, 0, 1.37, 1.43, 1.62, 1.4, 1.22, 1.07, 1.2, 1.44, 1.65, 1.91, 3.76, 4.44, 4.27, 4.51, 5.4, 7.11, 6.1, 5.17, 5.05, 5.53, 6.18, 6.06, 4.89, 4.31, 3.94, 2.94, 1.74, 2.26, 3.72, 3.81, 3.43, 3.24, 3.51, 3.72, 3.79, 3.65, 3.66, 4.22, 4.37, 4.1, 4.37, 4.51, 4.62, 5.203, 4.62, 4.03, 3.69, 3.65, 3.77, 3.77, 3.88, 4.15, 4.67, 6.03, 6.89, 7.79, 8.386, 7.55, 7.929, 8.472, 8.256, 7.982, 8.189], [6.69, 5.39, 4.39, 3.79, 3.77, 3.21, 3.14, 2.48, 2.74, 2.61, 1.84, 1.67, 2.12, 2.49, 1.78, 1.71, 1.39, 1.49, 1.87, 1.67, 2.04, 1.79, 1.37, 0, 1.14, 1.61, 1.07, 1.13, 1.3, 1.29, 1.51, 1.76, 1.76, 3.73, 4.53, 4.4, 4.64, 5.47, 7.34, 6.37, 5.44, 5.28, 5.74, 6.23, 6.09, 4.86, 4.28, 3.89, 2.79, 1.99, 2.23, 3.41, 3.48, 3.14, 2.91, 2.98, 3.45, 3.62, 3.48, 3.49, 4.01, 4.18, 3.91, 4.18, 4.3, 4.39, 4.98, 4.41, 3.94, 3.6, 3.56, 3.8, 3.76, 3.85, 4.14, 4.82, 5.92, 6.84, 7.508, 8.151, 7.3, 7.711, 8.271, 8.041, 7.743, 7.953], [5.87, 4.59, 3.59, 3.45, 3.59, 3.07, 3.14, 2.72, 3.24, 2.87, 2.08, 2.15, 2.18, 2.27, 1.84, 2.03, 2.05, 1.45, 1.57, 1.73, 2.02, 1.69, 1.43, 1.14, 0, 0.97, 1.09, 1.41, 1.38, 1.61, 2.01, 2.52, 2.56, 4.47, 5.39, 5.28, 5.48, 6.35, 8.153, 7.163, 6.28, 6.12, 6.54, 7.13, 6.97, 5.7, 5.16, 4.77, 3.41, 2.15, 2.17, 2.93, 2.94, 2.78, 2.85, 2.76, 2.83, 2.92, 2.78, 2.75, 3.33, 3.52, 3.21, 3.48, 3.66, 3.59, 4.22, 3.77, 3.2, 2.98, 3.0, 3.22, 3.16, 3.29, 3.56, 4.12, 5.26, 6.12, 6.82, 7.36, 6.6, 6.916, 7.52, 7.23, 6.949, 7.119], [5.6, 4.32, 3.5, 3.56, 3.84, 3.26, 3.43, 3.19, 3.75, 3.26, 2.43, 2.5, 2.43, 2.52, 2.11, 2.54, 2.56, 2.02, 1.96, 2.14, 2.31, 1.82, 1.62, 1.61, 0.97, 0, 1.06, 1.46, 1.53, 1.92, 2.38, 2.89, 3.03, 5.02, 5.62, 5.47, 5.69, 6.64, 8.43, 7.42, 6.45, 6.35, 6.73, 7.38, 7.26, 6.13, 5.57, 5.24, 4.14, 2.82, 2.52, 3.16, 3.05, 3.17, 3.32, 3.03, 2.86, 2.85, 2.65, 2.62, 3.2, 3.29, 3.0, 3.27, 3.33, 3.32, 3.93, 3.32, 2.87, 2.49, 2.75, 2.95, 2.75, 2.52, 2.91, 3.45, 4.65, 5.55, 6.495, 7.075, 6.25, 6.635, 7.16, 6.945, 6.667, 6.877], [6.4, 5.12, 4.12, 3.72, 3.84, 3.18, 3.31, 2.93, 3.45, 3.1, 2.25, 2.26, 2.43, 2.56, 1.99, 2.12, 2.06, 1.78, 2.06, 1.98, 2.25, 1.8, 1.4, 1.07, 1.09, 1.06, 0, 0.74, 1.25, 1.46, 1.94, 2.31, 2.49, 4.44, 5.0, 4.83, 5.09, 6.0, 7.71, 6.653, 5.744, 5.61, 6.07, 6.74, 6.62, 5.53, 4.97, 4.58, 3.62, 2.5, 2.56, 3.48, 3.61, 3.35, 3.22, 3.17, 3.5, 3.47, 3.41, 3.42, 3.94, 4.01, 3.72, 4.05, 4.09, 4.12, 4.69, 4.02, 3.61, 3.31, 3.37, 3.23, 3.27, 3.2, 3.51, 4.19, 5.45, 6.39, 7.232, 7.852, 6.99, 7.392, 7.915, 7.682, 7.445, 7.652], [6.84, 5.56, 4.54, 3.88, 3.54, 3.1, 3.03, 2.61, 3.09, 2.9, 2.49, 2.3, 2.63, 3.02, 2.23, 1.86, 1.88, 1.94, 2.2, 1.94, 2.15, 1.7, 1.22, 1.13, 1.41, 1.46, 0.74, 0, 1.05, 1.18, 1.6, 1.97, 2.23, 4.12, 4.58, 4.41, 4.65, 5.52, 7.266, 6.193, 5.304, 5.19, 5.67, 6.3, 6.24, 5.19, 4.65, 4.26, 3.36, 2.34, 2.44, 3.88, 4.07, 3.63, 3.38, 3.61, 3.96, 3.97, 3.83, 3.8, 4.38, 4.47, 4.16, 4.51, 4.55, 4.56, 5.15, 4.48, 3.93, 3.63, 3.65, 3.53, 3.55, 3.62, 3.97, 4.61, 5.91, 6.81, 7.649, 8.309, 7.43, 7.806, 8.329, 8.116, 7.876, 8.086], [6.65, 5.35, 4.35, 3.73, 3.43, 3.05, 3.02, 2.4, 2.92, 2.85, 2.48, 2.51, 2.64, 3.03, 2.36, 1.93, 1.61, 1.63, 1.73, 1.39, 1.6, 1.47, 1.07, 1.3, 1.38, 1.53, 1.25, 1.05, 0, 0.77, 1.27, 1.84, 1.9, 3.91, 4.53, 4.48, 4.66, 5.45, 7.393, 6.383, 5.5, 5.359, 5.759, 6.35, 6.13, 5.02, 4.44, 3.99, 3.05, 1.93, 2.35, 3.77, 3.96, 3.48, 3.27, 3.48, 3.83, 3.86, 3.72, 3.69, 4.23, 4.36, 4.03, 4.34, 4.38, 4.37, 4.96, 4.33, 3.74, 3.34, 3.32, 3.38, 3.42, 3.59, 3.98, 4.68, 5.76, 6.64, 7.439, 8.09, 7.231, 7.696, 8.223, 7.999, 7.709, 7.893], [7.0, 5.7, 4.7, 3.96, 3.4, 3.14, 2.69, 2.01, 2.47, 2.7, 2.51, 2.36, 2.65, 3.1, 2.31, 1.8, 1.46, 1.76, 1.98, 1.5, 1.61, 1.68, 1.2, 1.29, 1.61, 1.92, 1.46, 1.18, 0.77, 0, 0.82, 1.41, 1.45, 3.38, 4.12, 4.05, 4.29, 5.1, 7.023, 6.073, 5.19, 5.03, 5.45, 5.9, 5.68, 4.51, 3.93, 3.48, 2.66, 1.78, 2.42, 3.98, 4.11, 3.65, 3.4, 3.65, 4.08, 4.13, 3.95, 3.98, 4.5, 4.61, 4.28, 4.59, 4.65, 4.72, 5.27, 4.64, 4.07, 3.69, 3.65, 3.75, 3.79, 4.0, 4.43, 5.11, 6.19, 7.17, 7.79, 8.443, 7.59, 8.003, 8.587, 8.386, 8.086, 8.246], [7.46, 6.16, 5.16, 4.42, 3.74, 3.476, 2.61, 1.65, 2.09, 2.88, 2.83, 2.52, 2.97, 3.48, 2.63, 1.78, 1.42, 2.0, 2.26, 1.6, 1.61, 1.84, 1.44, 1.51, 2.01, 2.38, 1.94, 1.6, 1.27, 0.82, 0, 0.97, 0.93, 2.86, 3.58, 3.53, 3.77, 4.58, 6.56, 5.58, 4.67, 4.51, 4.93, 5.42, 5.16, 3.97, 3.41, 2.96, 2.28, 1.82, 2.78, 4.32, 4.49, 4.03, 3.78, 4.03, 4.46, 4.53, 4.33, 4.36, 4.88, 5.01, 4.7, 5.01, 5.09, 5.16, 5.75, 5.12, 4.59, 4.23, 4.13, 4.35, 4.35, 4.58, 5.03, 5.65, 6.71, 7.63, 8.27, 8.923, 8.067, 8.542, 9.082, 8.869, 8.574, 8.726], [8.23, 6.93, 5.93, 5.195, 4.53, 4.243, 3.38, 2.16, 2.36, 3.33, 3.26, 2.93, 3.52, 3.99, 3.18, 2.31, 1.73, 2.51, 2.65, 1.83, 1.84, 2.01, 1.65, 1.76, 2.52, 2.89, 2.31, 1.97, 1.84, 1.41, 0.97, 0, 0.8, 2.31, 3.01, 2.9, 3.1, 3.97, 5.78, 4.81, 3.88, 3.72, 4.2, 4.75, 4.59, 3.42, 2.86, 2.49, 2.25, 2.01, 3.27, 4.95, 4.98, 4.48, 4.21, 4.44, 4.97, 5.14, 4.98, 5.01, 5.55, 5.72, 5.43, 5.7, 5.84, 5.95, 6.54, 5.91, 5.36, 4.98, 4.84, 4.94, 4.92, 5.11, 5.4, 6.1, 7.34, 8.36, 9.068, 9.711, 8.848, 9.271, 9.811, 9.566, 9.303, 9.513], [7.91, 6.61, 5.61, 4.87, 4.17, 3.898, 3.08, 1.88, 2.02, 2.99, 2.96, 2.61, 3.3, 3.71, 2.94, 1.99, 1.31, 2.19, 2.33, 1.55, 1.62, 2.05, 1.91, 1.76, 2.56, 3.03, 2.49, 2.23, 1.9, 1.45, 0.93, 0.8, 0, 2.11, 3.01, 3.04, 3.28, 4.07, 6.11, 5.11, 4.14, 4.04, 4.42, 4.85, 4.49, 3.24, 2.66, 2.35, 1.61, 1.75, 3.01, 4.71, 4.8, 4.28, 4.01, 4.24, 4.71, 4.9, 4.62, 4.67, 5.25, 5.38, 5.17, 5.38, 5.6, 5.61, 6.22, 5.63, 5.12, 4.7, 4.62, 4.82, 4.88, 5.23, 5.64, 6.28, 7.36, 8.28, 8.86, 9.405, 8.54, 9.04, 9.64, 9.387, 9.07, 9.188], [9.32, 8.0, 7.0, 6.28, 5.574, 5.3, 4.407, 2.83, 2.93, 4.14, 4.29, 3.92, 4.67, 5.06, 4.33, 3.4, 2.8, 3.58, 3.78, 3.12, 2.95, 3.6, 3.76, 3.73, 4.47, 5.02, 4.44, 4.12, 3.91, 3.38, 2.86, 2.31, 2.11, 0, 1.62, 1.63, 2.21, 3.12, 4.75, 4.06, 2.91, 2.85, 3.05, 3.38, 2.8, 1.79, 1.79, 1.68, 2.0, 2.88, 4.54, 6.3, 6.21, 5.57, 5.2, 5.59, 6.32, 6.69, 6.21, 6.46, 6.88, 7.09, 6.82, 6.89, 7.33, 7.2, 7.85, 7.34, 6.75, 6.45, 6.29, 6.25, 6.43, 6.96, 7.45, 8.17, 9.37, 10.31, 10.63, 10.89, 10.25, 10.65, 11.43, 11.1, 10.849, 10.676], [10.68, 9.36, 8.36, 7.66, 6.951, 6.677, 5.784, 4.19, 4.29, 5.42, 5.53, 5.18, 5.99, 6.4, 5.67, 4.72, 3.82, 4.86, 5.04, 4.12, 3.83, 4.38, 4.44, 4.53, 5.39, 5.62, 5.0, 4.58, 4.53, 4.12, 3.58, 3.01, 3.01, 1.62, 0, 0.77, 0.97, 1.84, 3.35, 2.52, 1.61, 1.79, 1.83, 2.1, 1.9, 1.39, 1.35, 1.82, 2.9, 4.14, 5.84, 7.6, 7.57, 6.91, 6.5, 6.79, 7.6, 7.87, 7.49, 7.62, 8.16, 8.21, 8.0, 8.21, 8.41, 8.54, 9.05, 8.34, 7.79, 7.39, 7.27, 7.21, 6.97, 7.44, 8.05, 8.89, 9.93, 11.007, 11.736, 12.193, 11.41, 11.799, 12.37, 12.206, 11.929, 11.996], [10.77, 9.45, 8.45, 7.75, 7.038, 6.764, 5.871, 4.28, 4.38, 5.51, 5.62, 5.27, 6.06, 6.47, 5.74, 4.77, 3.91, 4.95, 5.11, 4.11, 3.88, 4.27, 4.27, 4.4, 5.28, 5.47, 4.83, 4.41, 4.48, 4.05, 3.53, 2.9, 3.04, 1.63, 0.77, 0, 0.92, 2.07, 3.26, 2.55, 1.68, 1.66, 1.88, 2.15, 2.13, 1.54, 1.58, 2.01, 3.05, 4.19, 5.85, 7.63, 7.6, 6.98, 6.57, 6.84, 7.59, 7.82, 7.52, 7.63, 8.17, 8.237, 8.047, 8.28, 8.44, 8.57, 9.08, 8.398, 7.88, 7.48, 7.34, 7.3, 7.06, 7.35, 7.94, 8.7, 9.76, 10.943, 11.72, 12.271, 11.417, 11.831, 12.357, 12.193, 11.896, 12.074], [11.13, 9.81, 8.81, 8.106, 7.389, 7.115, 6.222, 4.64, 4.74, 5.87, 5.98, 5.63, 6.36, 6.79, 6.04, 5.11, 4.27, 5.31, 5.47, 4.43, 4.18, 4.59, 4.51, 4.64, 5.48, 5.69, 5.09, 4.65, 4.66, 4.29, 3.77, 3.1, 3.28, 2.21, 0.97, 0.92, 0, 1.29, 2.94, 2.07, 1.7, 1.82, 1.74, 1.95, 2.05, 1.7, 1.5, 2.01, 3.31, 4.51, 6.11, 7.87, 7.88, 7.28, 6.87, 7.08, 7.79, 8.02, 7.836, 7.89, 8.47, 8.579, 8.332, 8.6, 8.74, 8.85, 9.436, 8.749, 8.236, 7.836, 7.696, 7.656, 7.36, 7.69, 8.22, 9.02, 10.0, 11.132, 12.005, 12.622, 11.739, 12.182, 12.725, 12.532, 12.235, 12.425], [11.94, 10.62, 9.62, 8.905, 8.188, 7.913, 7.021, 5.45, 5.55, 6.68, 6.79, 6.44, 7.11, 7.6, 6.83, 5.92, 5.08, 6.12, 6.28, 5.24, 5.03, 5.54, 5.4, 5.47, 6.35, 6.64, 6.0, 5.52, 5.45, 5.1, 4.58, 3.97, 4.07, 3.12, 1.84, 2.07, 1.29, 0, 2.15, 1.54, 2.09, 2.25, 1.57, 1.52, 1.66, 1.99, 1.91, 2.54, 3.92, 5.3, 6.9, 8.6, 8.61, 8.01, 7.6, 7.81, 8.54, 8.81, 8.635, 8.7, 9.24, 9.378, 9.108, 9.41, 9.55, 9.66, 10.235, 9.548, 9.035, 8.65, 8.51, 8.455, 8.17, 8.62, 9.17, 9.99, 10.97, 12.007, 12.769, 13.414, 12.538, 13.061, 13.596, 13.352, 13.074, 13.223], [14.01, 12.69, 11.69, 10.963, 10.246, 9.972, 9.079, 7.52, 7.62, 8.75, 8.86, 8.51, 9.18, 9.67, 8.9, 7.99, 7.15, 8.19, 8.35, 7.31, 7.06, 7.45, 7.11, 7.34, 8.153, 8.43, 7.71, 7.266, 7.393, 7.023, 6.56, 5.78, 6.11, 4.75, 3.35, 3.26, 2.94, 2.15, 0, 1.45, 2.68, 2.76, 2.16, 1.93, 2.35, 3.36, 3.72, 4.25, 5.91, 7.37, 8.97, 10.629, 10.68, 10.06, 9.67, 9.86, 10.6, 10.836, 10.693, 10.743, 11.3, 11.436, 11.166, 11.48, 11.62, 11.72, 12.293, 11.606, 11.093, 10.693, 10.552, 10.513, 10.213, 10.523, 10.98, 11.656, 12.796, 13.879, 14.78, 15.442, 14.534, 14.977, 15.483, 15.313, 15.054, 15.254], [13.0, 11.68, 10.68, 9.971, 9.253, 8.979, 8.086, 6.51, 6.63, 7.78, 7.89, 7.52, 8.21, 8.66, 7.89, 6.98, 6.16, 7.22, 7.36, 6.3, 6.09, 6.48, 6.1, 6.37, 7.163, 7.42, 6.653, 6.193, 6.383, 6.073, 5.58, 4.81, 5.11, 4.06, 2.52, 2.55, 2.07, 1.54, 1.45, 0, 1.59, 1.99, 1.61, 1.66, 2.2, 2.63, 2.75, 3.4, 4.98, 6.42, 7.96, 9.7, 9.71, 9.11, 8.7, 8.91, 9.6, 9.863, 9.71, 9.76, 10.3, 10.47, 10.2, 10.47, 10.61, 10.72, 11.301, 10.613, 10.101, 9.701, 9.561, 9.521, 9.221, 9.531, 9.941, 10.643, 11.803, 12.886, 13.816, 14.467, 13.55, 13.999, 14.499, 14.303, 14.066, 14.276], [12.03, 10.71, 9.71, 9.006, 8.289, 8.015, 7.122, 5.56, 5.66, 6.81, 6.92, 6.55, 7.3, 7.71, 6.96, 6.03, 5.19, 6.23, 6.37, 5.33, 5.1, 5.49, 5.17, 5.44, 6.28, 6.45, 5.744, 5.304, 5.5, 5.19, 4.67, 3.88, 4.14, 2.91, 1.61, 1.68, 1.7, 2.09, 2.68, 1.59, 0, 1.26, 1.44, 2.11, 2.43, 2.2, 2.14, 2.79, 4.05, 5.45, 7.01, 8.77, 8.78, 8.18, 7.77, 8.0, 8.69, 8.92, 8.74, 8.79, 9.37, 9.5, 9.25, 9.5, 9.64, 9.75, 10.336, 9.649, 9.136, 8.736, 8.596, 8.556, 8.256, 8.566, 8.976, 9.694, 10.839, 11.957, 12.905, 13.522, 12.616, 13.05, 13.556, 13.36, 13.115, 13.325], [11.93, 10.61, 9.61, 8.898, 8.181, 7.906, 7.013, 5.46, 5.56, 6.71, 6.82, 6.45, 7.14, 7.61, 6.84, 5.93, 5.09, 6.11, 6.27, 5.23, 4.98, 5.37, 5.05, 5.28, 6.12, 6.35, 5.61, 5.19, 5.359, 5.03, 4.51, 3.72, 4.04, 2.85, 1.79, 1.66, 1.82, 2.25, 2.76, 1.99, 1.26, 0, 1.26, 2.01, 2.39, 2.28, 2.34, 2.97, 4.03, 5.37, 6.89, 8.61, 8.62, 8.02, 7.61, 7.86, 8.55, 8.82, 8.64, 8.678, 9.23, 9.391, 9.13, 9.4, 9.54, 9.65, 10.228, 9.541, 9.028, 8.628, 8.488, 8.448, 8.148, 8.458, 8.868, 9.591, 10.731, 11.851, 12.745, 13.412, 12.495, 12.938, 13.444, 13.248, 13.005, 13.215], [12.31, 10.99, 9.99, 9.286, 8.569, 8.295, 7.402, 5.84, 5.94, 7.09, 7.2, 6.83, 7.58, 7.99, 7.24, 6.31, 5.47, 6.49, 6.65, 5.61, 5.36, 5.75, 5.53, 5.74, 6.54, 6.73, 6.07, 5.67, 5.759, 5.45, 4.93, 4.2, 4.42, 3.05, 1.83, 1.88, 1.74, 1.57, 2.16, 1.61, 1.44, 1.26, 0, 1.21, 1.57, 1.88, 2.16, 3.17, 4.37, 5.75, 7.29, 9.05, 9.06, 8.46, 8.07, 8.3, 8.95, 9.18, 9.02, 9.066, 9.65, 9.779, 9.53, 9.78, 9.92, 10.03, 10.616, 9.929, 9.416, 9.016, 8.876, 8.836, 8.536, 8.846, 9.3, 10.08, 11.14, 12.202, 13.182, 13.798, 12.881, 13.362, 13.873, 13.672, 13.392, 13.601], [12.68, 11.36, 10.36, 9.659, 8.942, 8.668, 7.775, 6.19, 6.29, 7.42, 7.53, 7.18, 7.93, 8.34, 7.61, 6.66, 5.82, 6.86, 7.02, 6.0, 5.75, 6.18, 6.18, 6.23, 7.13, 7.38, 6.74, 6.3, 6.35, 5.9, 5.42, 4.75, 4.85, 3.38, 2.1, 2.15, 1.95, 1.52, 1.93, 1.66, 2.11, 2.01, 1.21, 0, 1.12, 2.03, 2.39, 3.34, 4.64, 6.06, 7.7, 9.48, 9.45, 8.85, 8.44, 8.67, 9.42, 9.65, 9.39, 9.46, 10.04, 10.132, 9.908, 10.15, 10.31, 10.42, 10.99, 10.302, 9.789, 9.389, 9.249, 9.209, 8.93, 9.28, 9.83, 10.63, 11.67, 12.83, 13.587, 14.175, 13.304, 13.735, 14.27, 14.083, 13.786, 13.978], [12.06, 10.74, 9.74, 9.04, 8.331, 8.066, 7.164, 5.57, 5.67, 6.8, 6.95, 6.58, 7.37, 7.78, 7.05, 6.12, 5.26, 6.3, 6.48, 5.56, 5.35, 5.98, 6.06, 6.09, 6.97, 7.26, 6.62, 6.24, 6.13, 5.68, 5.16, 4.59, 4.49, 2.8, 1.9, 2.13, 2.05, 1.66, 2.35, 2.2, 2.43, 2.39, 1.57, 1.12, 0, 1.43, 2.07, 2.96, 4.4, 5.54, 7.26, 9.02, 8.99, 8.29, 7.92, 8.19, 9.04, 9.33, 8.93, 9.08, 9.58, 9.65, 9.4, 9.59, 9.81, 9.94, 10.45, 9.76, 9.17, 8.83, 8.71, 8.61, 8.45, 9.08, 9.69, 10.51, 11.59, 12.61, 13.182, 13.596, 12.83, 13.304, 13.902, 13.674, 13.417, 13.402], [10.69, 9.37, 8.37, 7.65, 6.944, 6.676, 5.777, 4.18, 4.28, 5.51, 5.64, 5.25, 6.0, 6.41, 5.68, 4.75, 3.95, 4.93, 5.13, 4.31, 4.12, 4.73, 4.89, 4.86, 5.7, 6.13, 5.53, 5.19, 5.02, 4.51, 3.97, 3.42, 3.24, 1.79, 1.39, 1.54, 1.7, 1.99, 3.36, 2.63, 2.2, 2.28, 1.88, 2.03, 1.43, 0, 1.0, 2.29, 3.31, 4.33, 5.91, 7.67, 7.64, 7.0, 6.73, 7.04, 7.69, 8.0, 7.58, 7.77, 8.23, 8.3, 8.05, 8.22, 8.48, 8.57, 9.08, 8.47, 7.88, 7.56, 7.46, 7.4, 7.44, 8.01, 8.58, 9.32, 10.5, 11.44, 11.86, 12.206, 11.48, 11.974, 12.6, 12.367, 12.11, 12.034], [10.31, 8.99, 7.99, 7.289, 6.572, 6.298, 5.405, 3.82, 3.94, 5.15, 5.24, 4.91, 5.58, 5.99, 5.26, 4.31, 3.55, 4.53, 4.69, 3.79, 3.62, 4.27, 4.31, 4.28, 5.16, 5.57, 4.97, 4.65, 4.44, 3.93, 3.41, 2.86, 2.66, 1.79, 1.35, 1.58, 1.5, 1.91, 3.72, 2.75, 2.14, 2.34, 2.16, 2.39, 2.07, 1.0, 0, 1.51, 2.61, 3.83, 5.35, 7.15, 7.14, 6.58, 6.25, 6.52, 7.15, 7.44, 7.06, 7.21, 7.69, 7.84, 7.55, 7.78, 7.94, 8.07, 8.62, 8.03, 7.5, 7.16, 6.98, 7.04, 7.06, 7.53, 8.0, 8.76, 9.9, 10.86, 11.314, 11.805, 10.98, 11.554, 12.18, 11.89, 11.593, 11.654], [9.94, 8.62, 7.62, 6.902, 6.185, 5.911, 5.018, 3.45, 3.55, 4.68, 4.89, 4.54, 5.11, 5.6, 4.83, 3.92, 3.24, 4.22, 4.4, 3.48, 3.31, 4.04, 3.94, 3.89, 4.77, 5.24, 4.58, 4.26, 3.99, 3.48, 2.96, 2.49, 2.35, 1.68, 1.82, 2.01, 2.01, 2.54, 4.25, 3.4, 2.79, 2.97, 3.17, 3.34, 2.96, 2.29, 1.51, 0, 1.94, 3.32, 5.04, 6.66, 6.65, 6.01, 5.64, 5.89, 6.72, 7.09, 6.77, 6.94, 7.32, 7.55, 7.16, 7.41, 7.61, 7.66, 8.27, 7.72, 7.13, 6.83, 6.63, 6.65, 6.71, 7.24, 7.71, 8.53, 9.55, 10.55, 10.944, 11.459, 10.65, 11.267, 11.91, 11.64, 11.343, 11.307], [8.18, 6.86, 5.86, 5.159, 4.46, 4.188, 3.45, 2.23, 2.15, 2.98, 3.13, 2.82, 3.47, 3.84, 3.13, 2.28, 1.86, 2.56, 2.78, 2.22, 2.19, 2.88, 2.94, 2.79, 3.41, 4.14, 3.62, 3.36, 3.05, 2.66, 2.28, 2.25, 1.61, 2.0, 2.9, 3.05, 3.31, 3.92, 5.91, 4.98, 4.05, 4.03, 4.37, 4.64, 4.4, 3.31, 2.61, 1.94, 0, 1.68, 3.32, 5.08, 4.97, 4.35, 3.94, 4.33, 5.08, 5.47, 5.01, 5.24, 5.64, 5.93, 5.64, 5.73, 6.11, 6.06, 6.67, 6.4, 5.79, 5.67, 5.57, 5.67, 5.89, 6.32, 6.77, 7.31, 8.33, 9.13, 9.43, 9.73, 9.17, 9.55, 10.29, 9.96, 9.666, 9.556], [6.64, 5.32, 4.32, 3.64, 3.2, 2.88, 2.45, 1.73, 1.93, 2.04, 2.07, 1.92, 2.11, 2.38, 1.81, 1.48, 1.44, 1.26, 1.44, 1.1, 1.37, 1.78, 1.74, 1.99, 2.15, 2.82, 2.5, 2.34, 1.93, 1.78, 1.82, 2.01, 1.75, 2.88, 4.14, 4.19, 4.51, 5.3, 7.37, 6.42, 5.45, 5.37, 5.75, 6.06, 5.54, 4.33, 3.83, 3.32, 1.68, 0, 2.08, 3.64, 3.51, 2.93, 2.54, 2.97, 3.72, 4.15, 3.67, 3.96, 4.38, 4.67, 4.38, 4.35, 4.87, 4.66, 5.35, 5.12, 4.45, 4.31, 4.19, 4.27, 4.49, 5.0, 5.41, 5.99, 7.03, 7.89, 8.23, 8.39, 7.87, 8.29, 9.05, 8.7, 8.372, 8.182], [5.04, 3.76, 2.9, 2.48, 2.34, 1.94, 1.89, 2.27, 2.11, 1.56, 1.39, 1.38, 1.37, 1.56, 1.49, 1.54, 2.14, 1.58, 1.38, 2.12, 2.37, 2.1, 2.26, 2.23, 2.17, 2.52, 2.56, 2.44, 2.35, 2.42, 2.78, 3.27, 3.01, 4.54, 5.84, 5.85, 6.11, 6.9, 8.97, 7.96, 7.01, 6.89, 7.29, 7.7, 7.26, 5.91, 5.35, 5.04, 3.32, 2.08, 0, 1.96, 2.17, 2.17, 1.94, 2.49, 2.46, 2.35, 1.81, 2.14, 2.48, 3.07, 2.82, 2.83, 3.29, 3.38, 3.83, 3.7, 3.21, 3.19, 3.31, 3.33, 3.67, 3.84, 4.29, 4.81, 5.91, 6.33, 6.59, 7.07, 6.69, 6.61, 7.35, 6.88, 6.52, 6.405], [3.5, 2.44, 2.0, 2.14, 2.6, 2.28, 2.83, 3.91, 3.51, 2.48, 2.19, 2.54, 2.01, 1.72, 2.33, 3.02, 3.82, 2.8, 2.6, 3.58, 3.77, 3.48, 3.72, 3.41, 2.93, 3.16, 3.48, 3.88, 3.77, 3.98, 4.32, 4.95, 4.71, 6.3, 7.6, 7.63, 7.87, 8.6, 10.629, 9.7, 8.77, 8.61, 9.05, 9.48, 9.02, 7.67, 7.15, 6.66, 5.08, 3.64, 1.96, 0, 0.95, 1.39, 1.44, 1.51, 1.52, 1.55, 1.81, 2.36, 2.28, 2.53, 2.72, 2.73, 3.09, 3.18, 3.61, 3.42, 3.33, 3.49, 3.57, 3.71, 3.97, 3.98, 4.39, 5.09, 5.99, 6.23, 6.41, 6.99, 6.71, 6.43, 6.69, 6.28, 5.74, 5.23], [3.55, 2.53, 2.23, 2.51, 3.01, 2.63, 2.94, 3.94, 3.44, 2.33, 2.06, 2.47, 1.84, 1.35, 2.14, 3.05, 3.87, 2.89, 2.67, 3.59, 3.82, 3.59, 3.81, 3.48, 2.94, 3.05, 3.61, 4.07, 3.96, 4.11, 4.49, 4.98, 4.8, 6.21, 7.57, 7.6, 7.88, 8.61, 10.68, 9.71, 8.78, 8.62, 9.06, 9.45, 8.99, 7.64, 7.14, 6.65, 4.97, 3.51, 2.17, 0.95, 0, 1.02, 1.15, 1.14, 1.15, 1.42, 2.02, 2.53, 2.47, 2.74, 2.93, 2.98, 3.34, 3.39, 3.84, 3.63, 3.78, 3.96, 4.1, 4.32, 4.42, 4.31, 4.66, 5.4, 6.3, 6.54, 6.68, 7.16, 6.96, 6.68, 7.0, 6.55, 6.01, 5.46], [4.31, 3.31, 2.81, 2.69, 2.89, 2.55, 2.72, 3.46, 2.84, 1.91, 1.78, 2.01, 1.72, 1.43, 1.92, 2.65, 3.37, 2.43, 2.27, 3.07, 3.48, 3.27, 3.43, 3.14, 2.78, 3.17, 3.35, 3.63, 3.48, 3.65, 4.03, 4.48, 4.28, 5.57, 6.91, 6.98, 7.28, 8.01, 10.06, 9.11, 8.18, 8.02, 8.46, 8.85, 8.29, 7.0, 6.58, 6.01, 4.35, 2.93, 2.17, 1.39, 1.02, 0, 0.83, 1.16, 1.49, 2.2, 2.5, 3.09, 3.13, 3.56, 3.61, 3.58, 4.08, 4.17, 4.58, 4.45, 4.08, 4.3, 4.4, 4.44, 4.72, 4.89, 5.38, 5.98, 7.02, 7.3, 7.42, 7.86, 7.74, 7.4, 7.82, 7.37, 6.87, 6.26], [4.48, 3.4, 2.9, 2.46, 2.66, 2.16, 2.47, 3.19, 2.63, 1.58, 1.63, 1.9, 1.45, 1.24, 1.83, 2.36, 3.1, 2.3, 2.3, 2.86, 3.15, 3.3, 3.24, 2.91, 2.85, 3.32, 3.22, 3.38, 3.27, 3.4, 3.78, 4.21, 4.01, 5.2, 6.5, 6.57, 6.87, 7.6, 9.67, 8.7, 7.77, 7.61, 8.07, 8.44, 7.92, 6.73, 6.25, 5.64, 3.94, 2.54, 1.94, 1.44, 1.15, 0.83, 0, 1.11, 1.64, 2.31, 2.71, 3.28, 3.26, 3.67, 3.72, 3.69, 4.19, 4.26, 4.67, 4.54, 4.27, 4.51, 4.61, 4.57, 4.93, 5.02, 5.51, 6.17, 7.13, 7.41, 7.53, 7.95, 7.85, 7.51, 7.91, 7.48, 6.96, 6.35], [4.27, 3.11, 2.85, 3.15, 3.57, 2.99, 3.26, 3.7, 3.1, 2.05, 1.76, 2.07, 1.68, 1.47, 1.9, 2.83, 3.41, 2.57, 2.61, 3.13, 3.62, 3.53, 3.51, 2.98, 2.76, 3.03, 3.17, 3.61, 3.48, 3.65, 4.03, 4.44, 4.24, 5.59, 6.79, 6.84, 7.08, 7.81, 9.86, 8.91, 8.0, 7.86, 8.3, 8.67, 8.19, 7.04, 6.52, 5.89, 4.33, 2.97, 2.49, 1.51, 1.14, 1.16, 1.11, 0, 1.27, 1.86, 2.56, 2.95, 2.93, 3.18, 3.45, 3.54, 3.78, 3.93, 4.28, 4.17, 4.34, 4.52, 4.64, 4.84, 4.92, 4.83, 5.08, 5.88, 6.72, 6.94, 7.12, 7.68, 7.4, 7.08, 7.34, 6.91, 6.37, 5.88], [3.58, 2.62, 2.78, 3.32, 3.76, 3.16, 3.47, 4.13, 3.55, 2.46, 2.13, 2.5, 2.01, 1.82, 2.37, 3.26, 3.9, 2.94, 2.68, 3.52, 3.93, 3.66, 3.72, 3.45, 2.83, 2.86, 3.5, 3.96, 3.83, 4.08, 4.46, 4.97, 4.71, 6.32, 7.6, 7.59, 7.79, 8.54, 10.6, 9.6, 8.69, 8.55, 8.95, 9.42, 9.04, 7.69, 7.15, 6.72, 5.08, 3.72, 2.46, 1.52, 1.15, 1.49, 1.64, 1.27, 0, 1.09, 1.75, 2.18, 2.22, 2.49, 2.8, 2.91, 3.31, 3.28, 3.67, 3.62, 3.81, 3.95, 4.21, 4.49, 4.53, 4.18, 4.45, 5.03, 5.93, 6.19, 6.43, 7.07, 6.75, 6.39, 6.67, 6.22, 5.68, 5.21], [3.39, 2.35, 2.49, 3.15, 3.63, 3.11, 3.4, 4.3, 3.96, 2.83, 2.48, 2.85, 2.32, 2.09, 2.66, 3.51, 4.09, 3.15, 2.99, 3.79, 4.06, 3.61, 3.79, 3.62, 2.92, 2.85, 3.47, 3.97, 3.86, 4.13, 4.53, 5.14, 4.9, 6.69, 7.87, 7.82, 8.02, 8.81, 10.836, 9.863, 8.92, 8.82, 9.18, 9.65, 9.33, 8.0, 7.44, 7.09, 5.47, 4.15, 2.35, 1.55, 1.42, 2.2, 2.31, 1.86, 1.09, 0, 1.3, 1.57, 1.63, 1.72, 2.03, 2.22, 2.5, 2.63, 2.92, 2.79, 3.14, 3.24, 3.68, 3.98, 3.98, 3.49, 3.66, 4.22, 5.1, 5.32, 5.68, 6.32, 5.96, 5.62, 5.88, 5.33, 4.83, 4.62], [3.33, 2.39, 2.15, 2.57, 3.17, 2.61, 2.88, 3.8, 3.62, 2.79, 2.14, 2.39, 2.08, 2.03, 2.24, 3.01, 3.71, 2.65, 2.47, 3.47, 3.68, 3.31, 3.65, 3.48, 2.78, 2.65, 3.41, 3.83, 3.72, 3.95, 4.33, 4.98, 4.62, 6.21, 7.49, 7.52, 7.836, 8.635, 10.693, 9.71, 8.74, 8.64, 9.02, 9.39, 8.93, 7.58, 7.06, 6.77, 5.01, 3.67, 1.81, 1.81, 2.02, 2.5, 2.71, 2.56, 1.75, 1.3, 0, 0.77, 0.93, 1.44, 1.39, 1.46, 2.0, 2.01, 2.3, 2.41, 2.22, 2.32, 2.66, 2.98, 2.96, 2.73, 3.04, 3.54, 4.54, 4.86, 5.12, 5.62, 5.3, 5.08, 5.68, 5.23, 4.87, 4.698], [3.36, 2.76, 2.62, 3.02, 3.5, 3.06, 3.27, 4.05, 4.01, 3.38, 2.59, 2.86, 2.47, 2.48, 2.69, 3.32, 3.84, 2.9, 2.74, 3.58, 3.81, 3.38, 3.66, 3.49, 2.75, 2.62, 3.42, 3.8, 3.69, 3.98, 4.36, 5.01, 4.67, 6.46, 7.62, 7.63, 7.89, 8.7, 10.743, 9.76, 8.79, 8.678, 9.066, 9.46, 9.08, 7.77, 7.21, 6.94, 5.24, 3.96, 2.14, 2.36, 2.53, 3.09, 3.28, 2.95, 2.18, 1.57, 0.77, 0, 0.82, 1.41, 1.3, 1.45, 1.79, 1.88, 2.15, 2.28, 2.13, 2.09, 2.47, 2.81, 2.77, 2.52, 2.63, 3.09, 4.09, 4.39, 4.81, 5.33, 4.93, 4.77, 5.43, 4.96, 4.6, 4.585], [2.98, 2.42, 2.4, 2.96, 3.7, 2.98, 3.43, 4.49, 4.33, 3.44, 2.79, 3.18, 2.71, 2.6, 2.91, 3.7, 4.36, 3.38, 3.18, 4.12, 4.33, 3.96, 4.22, 4.01, 3.33, 3.2, 3.94, 4.38, 4.23, 4.5, 4.88, 5.55, 5.25, 6.88, 8.16, 8.17, 8.47, 9.24, 11.3, 10.3, 9.37, 9.23, 9.65, 10.04, 9.58, 8.23, 7.69, 7.32, 5.64, 4.38, 2.48, 2.28, 2.47, 3.13, 3.26, 2.93, 2.22, 1.63, 0.93, 0.82, 0, 1.03, 1.02, 1.13, 1.41, 1.54, 1.71, 1.9, 2.01, 2.15, 2.59, 2.83, 2.91, 2.48, 2.57, 3.15, 3.97, 4.21, 4.35, 4.95, 4.61, 4.39, 4.99, 4.52, 4.16, 4.027], [2.81, 2.07, 2.11, 3.03, 3.77, 3.13, 3.8, 4.82, 4.78, 3.67, 3.28, 3.65, 3.34, 3.11, 3.42, 3.99, 4.43, 3.63, 3.35, 4.21, 4.44, 4.03, 4.37, 4.18, 3.52, 3.29, 4.01, 4.47, 4.36, 4.61, 5.01, 5.72, 5.38, 7.09, 8.21, 8.237, 8.579, 9.378, 11.436, 10.47, 9.5, 9.391, 9.779, 10.132, 9.65, 8.3, 7.84, 7.55, 5.93, 4.67, 3.07, 2.53, 2.74, 3.56, 3.67, 3.18, 2.49, 1.72, 1.44, 1.41, 1.03, 0, 0.89, 1.18, 1.28, 1.47, 1.68, 1.45, 1.92, 2.0, 2.48, 2.72, 2.78, 2.35, 2.38, 3.02, 3.84, 4.02, 4.3, 4.92, 4.5, 4.34, 4.5, 4.19, 3.89, 3.92], [3.1, 2.34, 2.18, 2.78, 3.56, 2.84, 3.65, 4.49, 4.71, 3.84, 3.11, 3.44, 3.07, 2.92, 3.03, 3.66, 4.2, 3.4, 3.16, 4.0, 4.19, 3.86, 4.1, 3.91, 3.21, 3.0, 3.72, 4.16, 4.03, 4.28, 4.7, 5.43, 5.17, 6.82, 8.0, 8.047, 8.332, 9.108, 11.166, 10.2, 9.25, 9.13, 9.53, 9.908, 9.4, 8.05, 7.55, 7.16, 5.64, 4.38, 2.82, 2.72, 2.93, 3.61, 3.72, 3.45, 2.8, 2.03, 1.39, 1.3, 1.02, 0.89, 0, 0.81, 1.03, 1.08, 1.35, 1.42, 1.53, 1.67, 2.15, 2.31, 2.33, 1.96, 2.13, 2.59, 3.45, 3.77, 4.05, 4.61, 4.23, 4.13, 4.79, 4.48, 4.22, 4.167], [2.85, 2.23, 1.99, 2.61, 3.41, 2.79, 3.58, 4.36, 4.6, 3.71, 3.14, 3.41, 3.0, 2.83, 2.92, 3.71, 4.41, 3.41, 3.25, 4.23, 4.44, 4.07, 4.37, 4.18, 3.48, 3.27, 4.05, 4.51, 4.34, 4.59, 5.01, 5.7, 5.38, 6.89, 8.21, 8.28, 8.6, 9.41, 11.48, 10.47, 9.5, 9.4, 9.78, 10.15, 9.59, 8.22, 7.78, 7.41, 5.73, 4.35, 2.83, 2.73, 2.98, 3.58, 3.69, 3.54, 2.91, 2.22, 1.46, 1.45, 1.13, 1.18, 0.81, 0, 0.86, 0.85, 1.26, 1.27, 1.24, 1.5, 1.88, 2.0, 2.04, 1.83, 2.08, 2.64, 3.58, 3.88, 4.14, 4.5, 4.28, 4.12, 4.82, 4.47, 4.162, 4.009], [3.01, 2.51, 2.31, 3.15, 3.95, 3.35, 4.2, 4.96, 5.2, 4.33, 3.64, 3.97, 3.6, 3.37, 3.5, 4.17, 4.63, 3.87, 3.69, 4.43, 4.64, 4.27, 4.51, 4.3, 3.66, 3.33, 4.09, 4.55, 4.38, 4.65, 5.09, 5.84, 5.6, 7.33, 8.41, 8.44, 8.74, 9.55, 11.62, 10.61, 9.64, 9.54, 9.92, 10.31, 9.81, 8.48, 7.94, 7.61, 6.11, 4.87, 3.29, 3.09, 3.34, 4.08, 4.19, 3.78, 3.31, 2.5, 2.0, 1.79, 1.41, 1.28, 1.03, 0.86, 0, 0.77, 0.9, 0.75, 1.18, 1.44, 1.76, 1.98, 1.96, 1.59, 1.6, 2.18, 3.02, 3.3, 3.62, 4.22, 3.8, 3.76, 4.3, 4.03, 3.733, 3.734], [2.94, 2.48, 2.26, 3.0, 3.82, 3.22, 4.15, 4.81, 5.23, 4.36, 3.69, 4.02, 3.65, 3.42, 3.45, 4.06, 4.74, 3.86, 3.66, 4.54, 4.73, 4.36, 4.62, 4.39, 3.59, 3.32, 4.12, 4.56, 4.37, 4.72, 5.16, 5.95, 5.61, 7.2, 8.54, 8.57, 8.85, 9.66, 11.72, 10.72, 9.75, 9.65, 10.03, 10.42, 9.94, 8.57, 8.07, 7.66, 6.06, 4.66, 3.38, 3.18, 3.39, 4.17, 4.26, 3.93, 3.28, 2.63, 2.01, 1.88, 1.54, 1.47, 1.08, 0.85, 0.77, 0, 0.89, 0.96, 1.17, 1.43, 1.69, 1.75, 1.93, 1.68, 1.71, 2.11, 3.03, 3.39, 3.69, 4.13, 3.73, 3.73, 4.47, 4.12, 3.829, 3.696], [2.99, 2.71, 2.57, 3.33, 4.17, 3.61, 4.52, 5.42, 5.66, 4.71, 4.06, 4.39, 4.1, 3.89, 4.0, 4.67, 5.25, 4.37, 4.21, 5.03, 5.28, 4.87, 5.203, 4.98, 4.22, 3.93, 4.69, 5.15, 4.96, 5.27, 5.75, 6.54, 6.22, 7.85, 9.05, 9.08, 9.436, 10.235, 12.293, 11.301, 10.336, 10.228, 10.616, 10.99, 10.45, 9.08, 8.62, 8.27, 6.67, 5.35, 3.83, 3.61, 3.84, 4.58, 4.67, 4.28, 3.67, 2.92, 2.3, 2.15, 1.71, 1.68, 1.35, 1.26, 0.9, 0.89, 0, 1.05, 1.5, 1.82, 2.02, 2.22, 2.28, 1.95, 1.76, 1.82, 2.6, 2.88, 3.1, 3.62, 3.24, 3.14, 3.8, 3.47, 3.17, 3.1], [3.22, 2.72, 2.5, 3.24, 4.12, 3.52, 4.41, 5.17, 5.55, 4.52, 3.91, 4.26, 4.09, 3.82, 3.89, 4.4, 4.68, 4.06, 3.78, 4.46, 4.69, 4.28, 4.62, 4.41, 3.77, 3.32, 4.02, 4.48, 4.33, 4.64, 5.12, 5.91, 5.63, 7.34, 8.34, 8.398, 8.749, 9.548, 11.606, 10.613, 9.649, 9.541, 9.929, 10.302, 9.76, 8.47, 8.03, 7.72, 6.4, 5.12, 3.7, 3.42, 3.63, 4.45, 4.54, 4.17, 3.62, 2.79, 2.41, 2.28, 1.9, 1.45, 1.42, 1.27, 0.75, 0.96, 1.05, 0, 1.01, 1.19, 1.51, 1.65, 1.83, 1.46, 1.59, 2.05, 2.93, 3.35, 3.69, 4.31, 3.69, 3.75, 4.23, 4.02, 3.74, 3.71], [3.51, 2.95, 2.43, 2.79, 3.43, 3.03, 3.78, 4.42, 4.86, 4.13, 3.64, 3.79, 3.64, 3.57, 3.42, 3.77, 4.15, 3.47, 3.23, 3.91, 4.14, 3.73, 4.03, 3.94, 3.2, 2.87, 3.61, 3.93, 3.74, 4.07, 4.59, 5.36, 5.12, 6.75, 7.79, 7.88, 8.236, 9.035, 11.093, 10.101, 9.136, 9.028, 9.416, 9.789, 9.17, 7.88, 7.5, 7.13, 5.79, 4.45, 3.21, 3.33, 3.78, 4.08, 4.27, 4.34, 3.81, 3.14, 2.22, 2.13, 2.01, 1.92, 1.53, 1.24, 1.18, 1.17, 1.5, 1.01, 0, 0.7, 1.02, 1.08, 1.34, 1.41, 1.7, 2.18, 3.24, 3.78, 4.26, 4.66, 4.16, 4.334, 4.937, 4.724, 4.467, 4.377], [3.81, 3.17, 2.69, 3.05, 3.53, 3.33, 4.04, 4.44, 4.96, 4.41, 3.74, 3.83, 3.84, 3.79, 3.56, 3.81, 3.91, 3.27, 3.09, 3.55, 3.76, 3.39, 3.69, 3.6, 2.98, 2.49, 3.31, 3.63, 3.34, 3.69, 4.23, 4.98, 4.7, 6.45, 7.39, 7.48, 7.836, 8.65, 10.693, 9.701, 8.736, 8.628, 9.016, 9.389, 8.83, 7.56, 7.16, 6.83, 5.67, 4.31, 3.19, 3.49, 3.96, 4.3, 4.51, 4.52, 3.95, 3.24, 2.32, 2.09, 2.15, 2.0, 1.67, 1.5, 1.44, 1.43, 1.82, 1.19, 0.7, 0, 0.68, 0.92, 1.1, 1.11, 1.46, 1.96, 3.16, 3.92, 4.4, 4.84, 4.14, 4.514, 5.14, 4.907, 4.65, 4.646], [4.03, 3.47, 2.73, 3.11, 3.59, 3.43, 4.16, 4.52, 5.08, 4.55, 3.84, 3.95, 3.92, 3.91, 3.68, 3.87, 3.95, 3.23, 3.09, 3.51, 3.72, 3.37, 3.65, 3.56, 3.0, 2.75, 3.37, 3.65, 3.32, 3.65, 4.13, 4.84, 4.62, 6.29, 7.27, 7.34, 7.696, 8.51, 10.552, 9.561, 8.596, 8.488, 8.876, 9.249, 8.71, 7.46, 6.98, 6.63, 5.57, 4.19, 3.31, 3.57, 4.1, 4.4, 4.61, 4.64, 4.21, 3.68, 2.66, 2.47, 2.59, 2.48, 2.15, 1.88, 1.76, 1.69, 2.02, 1.51, 1.02, 0.68, 0, 0.86, 1.04, 1.27, 1.56, 2.14, 3.22, 4.08, 4.48, 4.98, 4.22, 4.64, 5.3, 5.03, 4.773, 4.766], [4.07, 3.53, 2.81, 3.09, 3.47, 3.29, 4.02, 4.4, 4.94, 4.45, 3.96, 4.03, 3.94, 3.95, 3.7, 3.87, 4.01, 3.37, 3.15, 3.65, 3.82, 3.35, 3.77, 3.8, 3.22, 2.95, 3.23, 3.53, 3.38, 3.75, 4.35, 4.94, 4.82, 6.25, 7.21, 7.3, 7.656, 8.455, 10.513, 9.521, 8.556, 8.448, 8.836, 9.209, 8.61, 7.4, 7.04, 6.65, 5.67, 4.27, 3.33, 3.71, 4.32, 4.44, 4.57, 4.84, 4.49, 3.98, 2.98, 2.81, 2.83, 2.72, 2.31, 2.0, 1.98, 1.75, 2.22, 1.65, 1.08, 0.92, 0.86, 0, 0.94, 1.35, 1.86, 2.28, 3.52, 4.36, 4.777, 5.089, 4.42, 4.917, 5.58, 5.33, 5.073, 4.94], [4.15, 3.61, 2.97, 3.47, 3.85, 3.75, 4.44, 4.78, 5.38, 4.89, 4.28, 4.37, 4.18, 4.15, 3.9, 4.23, 4.31, 3.63, 3.49, 3.87, 3.9, 3.53, 3.77, 3.76, 3.16, 2.75, 3.27, 3.55, 3.42, 3.79, 4.35, 4.92, 4.88, 6.43, 6.97, 7.06, 7.36, 8.17, 10.213, 9.221, 8.256, 8.148, 8.536, 8.93, 8.45, 7.44, 7.06, 6.71, 5.89, 4.49, 3.67, 3.97, 4.42, 4.72, 4.93, 4.92, 4.53, 3.98, 2.96, 2.77, 2.91, 2.78, 2.33, 2.04, 1.96, 1.93, 2.28, 1.83, 1.34, 1.1, 1.04, 0.94, 0, 1.03, 1.58, 2.32, 3.34, 4.36, 4.972, 5.372, 4.64, 5.152, 5.729, 5.522, 5.244, 5.234], [4.04, 3.46, 3.02, 3.6, 4.24, 3.88, 4.79, 5.23, 5.79, 5.14, 4.25, 4.52, 4.29, 4.16, 4.01, 4.54, 4.66, 4.02, 3.84, 4.2, 4.23, 3.64, 3.88, 3.85, 3.29, 2.52, 3.2, 3.62, 3.59, 4.0, 4.58, 5.11, 5.23, 6.96, 7.44, 7.35, 7.69, 8.62, 10.523, 9.531, 8.566, 8.458, 8.846, 9.28, 9.08, 8.01, 7.53, 7.24, 6.32, 5.0, 3.84, 3.98, 4.31, 4.89, 5.02, 4.83, 4.18, 3.49, 2.73, 2.52, 2.48, 2.35, 1.96, 1.83, 1.59, 1.68, 1.95, 1.46, 1.41, 1.11, 1.27, 1.35, 1.03, 0, 0.83, 1.69, 2.69, 3.644, 4.39, 4.975, 4.19, 4.535, 5.065, 4.886, 4.606, 4.758], [3.91, 3.53, 3.31, 3.95, 4.67, 4.31, 5.26, 5.72, 6.26, 5.61, 4.72, 4.99, 4.74, 4.57, 4.48, 5.01, 5.15, 4.49, 4.33, 4.61, 4.76, 4.09, 4.15, 4.14, 3.56, 2.91, 3.51, 3.97, 3.98, 4.43, 5.03, 5.4, 5.64, 7.45, 8.05, 7.94, 8.22, 9.17, 10.98, 9.941, 8.976, 8.868, 9.3, 9.83, 9.69, 8.58, 8.0, 7.71, 6.77, 5.41, 4.29, 4.39, 4.66, 5.38, 5.51, 5.08, 4.45, 3.66, 3.04, 2.63, 2.57, 2.38, 2.13, 2.08, 1.6, 1.71, 1.76, 1.59, 1.7, 1.46, 1.56, 1.86, 1.58, 0.83, 0, 1.34, 2.24, 3.18, 3.971, 4.58, 3.74, 4.14, 4.646, 4.406, 4.141, 4.351], [4.09, 3.97, 3.85, 4.45, 5.07, 4.97, 5.82, 6.26, 6.78, 6.21, 5.36, 5.55, 5.34, 5.29, 5.12, 5.53, 5.65, 5.05, 4.81, 5.19, 5.32, 4.61, 4.67, 4.82, 4.12, 3.45, 4.19, 4.61, 4.68, 5.11, 5.65, 6.1, 6.28, 8.17, 8.89, 8.7, 9.02, 9.99, 11.656, 10.643, 9.694, 9.591, 10.08, 10.63, 10.51, 9.32, 8.76, 8.53, 7.31, 5.99, 4.81, 5.09, 5.4, 5.98, 6.17, 5.88, 5.03, 4.22, 3.54, 3.09, 3.15, 3.02, 2.59, 2.64, 2.18, 2.11, 1.82, 2.05, 2.18, 1.96, 2.14, 2.28, 2.32, 1.69, 1.34, 0, 1.64, 2.44, 3.3, 3.86, 3.04, 3.376, 3.928, 3.695, 3.47, 3.76], [4.67, 4.79, 4.75, 5.39, 6.21, 5.93, 6.92, 7.4, 7.92, 7.25, 6.4, 6.65, 6.4, 6.19, 6.12, 6.71, 6.83, 6.11, 5.99, 6.31, 6.46, 5.97, 6.03, 5.92, 5.26, 4.65, 5.45, 5.91, 5.76, 6.19, 6.71, 7.34, 7.36, 9.37, 9.93, 9.76, 10.0, 10.97, 12.796, 11.803, 10.839, 10.731, 11.14, 11.67, 11.59, 10.5, 9.9, 9.55, 8.33, 7.03, 5.91, 5.99, 6.3, 7.02, 7.13, 6.72, 5.93, 5.1, 4.54, 4.09, 3.97, 3.84, 3.45, 3.58, 3.02, 3.03, 2.6, 2.93, 3.24, 3.16, 3.22, 3.52, 3.34, 2.69, 2.24, 1.64, 0, 1.32, 2.16, 2.7, 1.88, 2.26, 2.765, 2.65, 2.