[[0, 0.82, 1.39, 1.47, 1.38, 1.76, 2.4, 2.99, 3.65, 3.26, 2.54, 2.59, 1.97, 2.22, 2.62, 2.56, 2.51, 1.8, 2.19, 2.6, 3.03, 3.02, 3.16, 4.34, 5.209, 5.299, 6.432, 6.942, 6.492, 7.515, 7.585, 7.772, 8.985, 10.871, 11.481, 11.123, 10.381, 9.641, 9.968, 9.488, 8.558, 7.574, 7.792, 9.152, 9.422, 8.93, 8.46, 8.44, 8.35, 8.605, 9.542, 10.345, 10.655, 10.712, 10.672, 10.462, 10.289, 8.41, 7.21, 7.7, 7.36, 7.2, 7.25, 7.95, 8.36, 7.54, 6.21, 5.36, 4.45, 3.57, 3.33, 2.71, 1.73, 1.5, 1.29, 1.3, 1.56, 2.06, 2.45, 2.72, 2.61, 2.87, 3.02, 2.8, 2.64, 2.89], [0.82, 0, 1.09, 1.21, 1.2, 1.9, 2.58, 3.13, 3.87, 3.5, 2.78, 2.73, 2.15, 2.46, 2.817, 2.817, 2.73, 1.6, 1.97, 2.4, 2.91, 2.92, 3.16, 4.54, 5.409, 5.499, 6.632, 7.142, 6.703, 7.726, 7.785, 8.009, 9.242, 11.068, 11.718, 11.332, 10.589, 9.849, 10.168, 9.688, 8.74, 7.782, 8.018, 9.409, 9.679, 9.169, 8.688, 8.668, 8.601, 8.888, 9.828, 10.571, 10.872, 10.909, 10.872, 10.662, 10.489, 8.61, 7.43, 7.92, 7.62, 7.34, 7.49, 8.11, 8.6, 7.76, 6.409, 5.54, 4.67, 3.85, 3.51, 2.97, 1.99, 1.44, 1.49, 1.66, 1.82, 1.92, 2.35, 2.66, 2.63, 2.83, 3.0, 2.72, 2.58, 2.71], [1.39, 1.09, 0, 0.78, 0.97, 1.41, 2.27, 2.56, 3.4, 3.25, 2.29, 2.2, 1.86, 2.15, 2.41, 2.35, 2.26, 1.39, 1.52, 1.73, 2.24, 2.25, 2.53, 3.91, 4.78, 4.87, 6.02, 6.53, 6.1, 7.151, 7.221, 7.491, 8.724, 10.57, 11.2, 10.757, 9.974, 9.234, 9.584, 9.124, 8.231, 7.341, 7.594, 8.891, 9.161, 8.651, 8.264, 8.244, 8.214, 8.464, 9.384, 10.107, 10.354, 10.391, 10.26, 10.05, 9.86, 8.06, 6.9, 7.39, 7.25, 6.99, 7.1, 7.72, 8.19, 7.29, 5.86, 4.99, 4.18, 3.58, 3.3, 2.98, 2.02, 1.81, 1.84, 1.85, 1.93, 2.29, 2.62, 2.99, 2.92, 3.14, 3.33, 3.11, 2.93, 3.06], [1.47, 1.21, 0.78, 0, 0.59, 1.43, 2.49, 2.82, 3.42, 3.15, 2.23, 2.34, 1.96, 2.25, 2.63, 2.63, 2.36, 1.15, 1.32, 1.83, 2.08, 2.11, 2.41, 3.77, 4.64, 4.73, 5.88, 6.39, 5.98, 7.1, 7.13, 7.437, 8.69, 10.536, 11.126, 10.683, 9.877, 9.137, 9.47, 9.01, 8.212, 7.35, 7.6, 8.817, 9.09, 8.6, 8.35, 8.35, 8.28, 8.51, 9.39, 10.113, 10.28, 10.317, 10.12, 9.91, 9.74, 8.02, 6.86, 7.33, 7.39, 7.13, 7.22, 7.9, 8.29, 7.33, 5.78, 5.15, 4.26, 3.8, 3.44, 3.12, 2.34, 1.73, 1.86, 1.79, 1.51, 2.09, 2.4, 2.71, 2.66, 2.86, 3.05, 2.85, 2.85, 2.84], [1.38, 1.2, 0.97, 0.59, 0, 1.52, 2.4, 2.85, 3.47, 3.14, 2.36, 2.49, 1.97, 2.34, 2.7, 2.72, 2.51, 1.2, 1.15, 1.62, 2.07, 2.1, 2.5, 3.8, 4.67, 4.76, 5.91, 6.42, 6.01, 7.13, 7.16, 7.467, 8.72, 10.566, 11.156, 10.713, 9.907, 9.167, 9.5, 9.04, 8.284, 7.42, 7.65, 8.85, 9.16, 8.69, 8.44, 8.44, 8.37, 8.58, 9.42, 10.152, 10.319, 10.347, 10.15, 9.94, 9.77, 8.05, 6.97, 7.44, 7.5, 7.24, 7.33, 8.05, 8.44, 7.44, 5.81, 5.3, 4.37, 3.67, 3.39, 2.91, 2.25, 1.66, 1.65, 1.68, 1.42, 1.94, 2.11, 2.42, 2.37, 2.61, 2.78, 2.6, 2.7, 2.67], [1.76, 1.9, 1.41, 1.43, 1.52, 0, 1.58, 2.01, 2.69, 2.58, 1.84, 1.83, 1.77, 1.8, 1.8, 1.64, 1.55, 1.88, 1.89, 1.66, 1.75, 1.78, 1.8, 2.8, 3.61, 3.7, 4.85, 5.36, 5.09, 6.23, 6.22, 6.55, 7.803, 9.649, 10.239, 9.776, 8.953, 8.21, 8.523, 8.063, 7.319, 6.48, 6.73, 7.93, 8.2, 7.69, 7.46, 7.46, 7.39, 7.64, 8.52, 9.243, 9.373, 9.41, 9.15, 8.9, 8.77, 7.15, 5.97, 6.44, 6.5, 6.18, 6.27, 6.93, 7.38, 6.36, 4.87, 4.2, 3.35, 2.95, 2.51, 2.49, 1.89, 2.06, 2.09, 1.8, 1.66, 2.42, 2.69, 3.0, 2.93, 3.23, 3.52, 3.44, 3.48, 3.79], [2.4, 2.58, 2.27, 2.49, 2.4, 1.58, 0, 1.05, 1.63, 1.52, 1.64, 1.91, 2.05, 1.74, 1.34, 1.18, 1.27, 2.64, 2.75, 2.2, 2.27, 2.42, 2.2, 2.12, 2.83, 3.02, 4.07, 4.58, 4.21, 5.284, 5.285, 5.635, 6.877, 8.703, 9.324, 8.901, 8.158, 7.418, 7.668, 7.188, 6.316, 5.46, 5.727, 7.035, 7.305, 6.81, 6.42, 6.42, 6.37, 6.62, 7.517, 8.24, 8.498, 8.535, 8.35, 8.1, 7.93, 6.19, 5.15, 5.6, 5.56, 5.18, 5.35, 6.07, 6.44, 5.38, 3.97, 3.34, 2.45, 1.83, 1.63, 1.63, 2.05, 2.46, 2.39, 2.04, 2.28, 3.04, 3.13, 3.44, 3.33, 3.69, 3.98, 3.98, 4.14, 4.31], [2.99, 3.13, 2.56, 2.82, 2.85, 2.01, 1.05, 0, 1.04, 1.41, 1.83, 2.04, 2.22, 1.83, 1.59, 1.27, 1.5, 3.01, 3.26, 2.71, 2.7, 2.81, 2.65, 2.21, 2.48, 2.61, 3.62, 4.09, 3.62, 4.72, 4.73, 5.014, 6.267, 8.113, 8.703, 8.3, 7.545, 6.805, 7.107, 6.627, 5.746, 4.89, 5.157, 6.414, 6.684, 6.174, 5.85, 5.85, 5.8, 6.05, 6.947, 7.67, 7.877, 7.914, 7.799, 7.578, 7.4, 5.58, 4.48, 4.91, 4.91, 4.59, 4.72, 5.36, 5.75, 4.81, 3.38, 2.61, 1.78, 1.66, 1.64, 1.74, 2.24, 2.75, 2.78, 2.35, 2.69, 3.57, 3.76, 4.03, 3.88, 4.16, 4.45, 4.47, 4.57, 4.86], [3.65, 3.87, 3.4, 3.42, 3.47, 2.69, 1.63, 1.04, 0, 1.03, 1.77, 1.9, 2.48, 2.21, 1.83, 1.65, 1.66, 3.39, 3.84, 3.41, 3.02, 3.27, 3.09, 2.49, 2.28, 2.47, 2.98, 3.45, 2.88, 3.92, 3.99, 4.168, 5.407, 7.253, 7.857, 7.514, 6.756, 6.016, 6.321, 5.861, 4.926, 4.07, 4.277, 5.568, 5.838, 5.34, 4.97, 4.97, 4.92, 5.17, 6.067, 6.83, 7.031, 7.088, 7.025, 6.815, 6.64, 4.76, 3.62, 4.11, 4.07, 3.81, 3.9, 4.64, 4.99, 4.03, 2.56, 2.21, 1.52, 1.68, 1.76, 1.98, 2.8, 3.31, 3.36, 2.91, 3.19, 4.27, 4.36, 4.55, 4.44, 4.84, 5.15, 5.21, 5.41, 5.6], [3.26, 3.5, 3.25, 3.15, 3.14, 2.58, 1.52, 1.41, 1.03, 0, 1.52, 1.77, 2.05, 1.62, 1.28, 1.3, 1.37, 2.98, 3.49, 3.18, 2.69, 2.9, 2.82, 2.26, 2.57, 2.74, 3.55, 3.92, 3.43, 4.47, 4.54, 4.669, 5.848, 7.733, 8.378, 8.001, 7.258, 6.558, 6.881, 6.402, 5.567, 4.62, 4.63, 6.03, 6.34, 5.85, 5.34, 5.38, 5.35, 5.56, 6.44, 7.269, 7.578, 7.609, 7.586, 7.396, 7.21, 5.33, 4.23, 4.66, 4.6, 4.4, 4.55, 5.27, 5.56, 4.64, 3.17, 2.84, 2.07, 1.77, 1.75, 1.83, 2.51, 2.86, 3.13, 2.66, 2.9, 4.06, 4.05, 4.28, 4.17, 4.59, 4.82, 4.88, 5.16, 5.19], [2.54, 2.78, 2.29, 2.23, 2.36, 1.84, 1.64, 1.83, 1.77, 1.52, 0, 0.77, 1.43, 1.16, 1.28, 1.34, 1.03, 2.34, 2.81, 2.38, 1.97, 2.28, 2.18, 2.8, 3.45, 3.54, 4.33, 4.84, 4.29, 5.29, 5.36, 5.49, 6.66, 8.529, 9.199, 8.766, 7.969, 7.303, 7.653, 7.193, 6.359, 5.5, 5.59, 6.81, 7.04, 6.51, 6.22, 6.22, 6.17, 6.36, 7.22, 8.146, 8.356, 8.418, 8.357, 8.147, 7.99, 6.15, 4.99, 5.32, 5.36, 5.22, 5.29, 5.99, 6.36, 5.44, 3.95, 3.44, 2.77, 2.71, 2.39, 2.43, 2.21, 2.54, 2.59, 2.24, 2.3, 3.34, 3.53, 3.82, 3.73, 4.03, 4.32, 4.26, 4.36, 4.41], [2.59, 2.73, 2.2, 2.34, 2.49, 1.83, 1.91, 2.04, 1.9, 1.77, 0.77, 0, 1.06, 1.19, 1.43, 1.43, 1.12, 2.27, 2.84, 2.37, 2.1, 2.43, 2.45, 2.93, 3.54, 3.61, 4.38, 4.91, 4.36, 5.36, 5.43, 5.56, 6.747, 8.613, 9.277, 8.894, 8.093, 7.44, 7.74, 7.3, 6.383, 5.55, 5.64, 6.92, 7.17, 6.64, 6.23, 6.21, 6.2, 6.45, 7.327, 8.17, 8.411, 8.488, 8.458, 8.231, 8.061, 6.2, 5.2, 5.39, 5.43, 5.21, 5.28, 5.92, 6.31, 5.43, 4.02, 3.35, 2.9, 2.9, 2.64, 2.7, 2.1, 2.55, 2.58, 2.15, 2.31, 3.31, 3.54, 3.87, 3.8, 4.1, 4.37, 4.31, 4.29, 4.54], [1.97, 2.15, 1.86, 1.96, 1.97, 1.77, 2.05, 2.22, 2.48, 2.05, 1.43, 1.06, 0, 0.95, 1.49, 1.59, 1.34, 1.71, 2.42, 2.29, 2.26, 2.47, 2.57, 3.23, 3.98, 4.13, 5.14, 5.63, 5.16, 6.18, 6.25, 6.42, 7.59, 9.45, 10.14, 9.7, 8.92, 8.26, 8.58, 8.1, 7.135, 6.25, 6.4, 7.78, 8.03, 7.5, 7.01, 6.97, 6.96, 7.21, 8.13, 8.95, 9.256, 9.336, 9.307, 9.08, 8.91, 7.06, 5.86, 6.23, 6.11, 5.97, 6.04, 6.68, 7.07, 6.23, 4.83, 3.95, 3.3, 3.0, 2.68, 2.48, 1.48, 1.97, 1.96, 1.65, 1.69, 2.77, 2.98, 3.31, 3.2, 3.5, 3.73, 3.67, 3.67, 3.94], [2.22, 2.46, 2.15, 2.25, 2.34, 1.8, 1.74, 1.83, 2.21, 1.62, 1.16, 1.19, 0.95, 0, 0.84, 1.08, 0.99, 2.14, 2.85, 2.52, 2.35, 2.54, 2.42, 2.96, 3.69, 3.88, 4.89, 5.36, 4.91, 5.93, 6.0, 6.134, 7.267, 9.161, 9.831, 9.434, 8.67, 8.01, 8.327, 7.834, 6.902, 5.98, 6.05, 7.47, 7.68, 7.15, 6.6, 6.62, 6.63, 6.78, 7.72, 8.66, 8.96, 9.04, 9.054, 8.827, 8.657, 6.81, 5.57, 6.0, 5.78, 5.7, 5.77, 6.41, 6.78, 5.94, 4.577, 3.74, 2.85, 2.59, 2.43, 2.21, 1.65, 2.02, 2.23, 1.82, 2.06, 3.12, 3.41, 3.72, 3.61, 3.95, 4.16, 4.08, 4.06, 4.41], [2.62, 2.817, 2.41, 2.63, 2.7, 1.8, 1.34, 1.59, 1.83, 1.28, 1.28, 1.43, 1.49, 0.84, 0, 0.76, 0.85, 2.48, 3.07, 2.76, 2.49, 2.54, 2.44, 2.54, 3.17, 3.34, 4.35, 4.82, 4.37, 5.39, 5.46, 5.617, 6.75, 8.664, 9.314, 8.931, 8.15, 7.49, 7.81, 7.33, 6.391, 5.48, 5.55, 6.937, 7.159, 6.629, 6.1, 6.08, 6.13, 6.3, 7.24, 8.18, 8.442, 8.542, 8.537, 8.31, 8.14, 6.29, 5.05, 5.52, 5.38, 5.22, 5.27, 5.97, 6.32, 5.46, 4.06, 3.36, 2.43, 2.23, 2.05, 2.03, 2.03, 2.48, 2.71, 2.16, 2.48, 3.48, 3.79, 4.1, 4.01, 4.33, 4.58, 4.48, 4.52, 4.77], [2.56, 2.817, 2.35, 2.63, 2.72, 1.64, 1.18, 1.27, 1.65, 1.3, 1.34, 1.43, 1.59, 1.08, 0.76, 0, 0.77, 2.6, 3.11, 2.62, 2.37, 2.48, 2.34, 2.26, 2.95, 3.1, 4.15, 4.66, 4.21, 5.23, 5.3, 5.47, 6.639, 8.553, 9.178, 8.81, 8.05, 7.33, 7.673, 7.193, 6.235, 5.317, 5.39, 6.79, 7.06, 6.55, 6.0, 6.0, 6.03, 6.26, 7.22, 8.04, 8.312, 8.386, 8.39, 8.173, 8.003, 6.13, 4.95, 5.4, 5.2, 5.04, 5.09, 5.75, 6.12, 5.3, 3.93, 3.12, 2.19, 2.05, 1.83, 1.87, 1.79, 2.34, 2.63, 2.12, 2.46, 3.52, 3.81, 4.14, 4.03, 4.33, 4.58, 4.52, 4.52, 4.81], [2.51, 2.73, 2.26, 2.36, 2.51, 1.55, 1.27, 1.5, 1.66, 1.37, 1.03, 1.12, 1.34, 0.99, 0.85, 0.77, 0, 2.23, 2.84, 2.27, 1.9, 2.03, 1.95, 2.19, 2.84, 3.01, 4.04, 4.53, 4.08, 5.12, 5.19, 5.36, 6.535, 8.41, 9.071, 8.676, 7.933, 7.24, 7.549, 7.069, 6.146, 5.23, 5.357, 6.72, 6.97, 6.46, 6.03, 6.03, 5.98, 6.23, 7.127, 7.91, 8.205, 8.282, 8.26, 8.04, 7.87, 6.02, 4.82, 5.29, 5.25, 4.99, 5.06, 5.76, 6.11, 5.17, 3.8, 3.11, 2.22, 2.28, 2.0, 2.06, 1.92, 2.41, 2.44, 2.05, 2.27, 3.35, 3.62, 3.95, 3.84, 4.16, 4.39, 4.33, 4.39, 4.6], [1.8, 1.6, 1.39, 1.15, 1.2, 1.88, 2.64, 3.01, 3.39, 2.98, 2.34, 2.27, 1.71, 2.14, 2.48, 2.6, 2.23, 0, 1.19, 2.1, 2.29, 2.2, 2.58, 3.78, 4.61, 4.72, 5.85, 6.34, 5.93, 7.01, 7.02, 7.358, 8.591, 10.42, 11.047, 10.624, 9.878, 9.158, 9.388, 8.911, 8.027, 7.16, 7.444, 8.758, 9.028, 8.518, 8.12, 8.1, 8.067, 8.317, 9.234, 9.957, 10.221, 10.258, 10.07, 9.856, 9.67, 7.91, 6.81, 7.3, 7.14, 6.84, 6.93, 7.63, 8.06, 7.04, 5.65, 4.9, 4.17, 3.87, 3.65, 3.27, 2.27, 1.98, 1.97, 1.82, 1.58, 2.3, 2.57, 2.86, 2.85, 2.99, 3.16, 2.86, 2.86, 3.11], [2.19, 1.97, 1.52, 1.32, 1.15, 1.89, 2.75, 3.26, 3.84, 3.49, 2.81, 2.84, 2.42, 2.85, 3.07, 3.11, 2.84, 1.19, 0, 1.77, 2.24, 2.19, 2.55, 3.89, 4.72, 4.81, 5.96, 6.47, 6.22, 7.36, 7.35, 7.64, 8.899, 10.744, 11.334, 10.892, 10.06, 9.34, 9.63, 9.17, 8.517, 7.67, 7.9, 9.06, 9.39, 8.92, 8.69, 8.69, 8.62, 8.83, 9.67, 10.402, 10.532, 10.52, 10.26, 10.01, 9.9, 8.28, 7.22, 7.67, 7.81, 7.49, 7.64, 8.34, 8.71, 7.65, 6.02, 5.59, 4.7, 3.98, 3.7, 3.44, 2.8, 2.23, 2.36, 2.47, 2.07, 2.33, 2.18, 2.27, 2.32, 2.58, 2.73, 2.77, 2.99, 2.84], [2.6, 2.4, 1.73, 1.83, 1.62, 1.66, 2.2, 2.71, 3.41, 3.18, 2.38, 2.37, 2.29, 2.52, 2.76, 2.62, 2.27, 2.1, 1.77, 0, 1.09, 1.16, 1.38, 2.56, 3.39, 3.52, 4.63, 5.24, 4.99, 6.05, 6.08, 6.29, 7.554, 9.406, 9.99, 9.553, 8.71, 8.21, 8.3, 7.9, 7.368, 6.66, 6.85, 7.89, 8.3, 7.85, 7.64, 7.62, 7.53, 7.76, 8.54, 9.22, 9.33, 9.17, 8.93, 8.78, 8.59, 7.39, 6.65, 6.98, 7.32, 6.44, 6.79, 7.51, 7.82, 6.8, 5.27, 5.0, 4.07, 3.63, 3.23, 3.11, 2.61, 2.54, 2.39, 2.62, 2.32, 2.84, 2.65, 2.92, 3.05, 3.29, 3.48, 3.46, 3.7, 3.69], [3.03, 2.91, 2.24, 2.08, 2.07, 1.75, 2.27, 2.7, 3.02, 2.69, 1.97, 2.1, 2.26, 2.35, 2.49, 2.37, 1.9, 2.29, 2.24, 1.09, 0, 0.65, 0.93, 2.11, 2.86, 2.85, 4.02, 4.73, 4.54, 5.54, 5.59, 5.72, 6.91, 8.865, 9.395, 8.949, 8.04, 7.66, 7.73, 7.39, 6.892, 6.19, 6.38, 7.44, 7.83, 7.38, 7.17, 7.15, 7.1, 7.29, 8.07, 8.79, 8.86, 8.62, 8.46, 8.29, 8.08, 6.94, 6.18, 6.49, 6.87, 5.95, 6.32, 7.04, 7.35, 6.35, 4.82, 4.55, 3.7, 3.66, 3.24, 3.36, 3.02, 3.15, 3.06, 2.95, 2.63, 3.49, 3.36, 3.65, 3.8, 4.06, 4.31, 4.31, 4.53, 4.5], [3.02, 2.92, 2.25, 2.11, 2.1, 1.78, 2.42, 2.81, 3.27, 2.9, 2.28, 2.43, 2.47, 2.54, 2.54, 2.48, 2.03, 2.2, 2.19, 1.16, 0.65, 0, 0.86, 2.0, 2.85, 2.86, 4.03, 4.76, 4.57, 5.57, 5.62, 5.77, 6.96, 8.912, 9.442, 8.999, 8.09, 7.65, 7.76, 7.42, 6.925, 6.24, 6.43, 7.47, 7.88, 7.43, 7.22, 7.2, 7.13, 7.34, 8.12, 8.82, 8.89, 8.65, 8.49, 8.32, 8.11, 6.97, 6.21, 6.62, 7.02, 6.0, 6.37, 7.09, 7.4, 6.4, 4.83, 4.56, 3.79, 3.79, 3.37, 3.47, 3.15, 3.28, 3.15, 3.02, 2.78, 3.6, 3.47, 3.72, 3.91, 4.11, 4.36, 4.34, 4.52, 4.51], [3.16, 3.16, 2.53, 2.41, 2.5, 1.8, 2.2, 2.65, 3.09, 2.82, 2.18, 2.45, 2.57, 2.42, 2.44, 2.34, 1.95, 2.58, 2.55, 1.38, 0.93, 0.86, 0, 1.52, 2.45, 2.46, 3.57, 4.4, 4.25, 5.17, 5.28, 5.33, 6.577, 8.458, 9.071, 8.565, 7.75, 7.43, 7.38, 7.06, 6.59, 5.94, 6.15, 7.19, 7.6, 7.13, 6.92, 6.88, 6.79, 7.02, 7.8, 8.48, 8.55, 8.25, 8.17, 7.96, 7.77, 6.83, 6.07, 6.42, 6.9, 5.82, 6.11, 6.79, 7.08, 6.12, 4.71, 4.46, 3.59, 3.55, 3.13, 3.25, 3.23, 3.44, 3.29, 3.04, 2.88, 3.74, 3.57, 3.8, 4.03, 4.31, 4.58, 4.64, 4.82, 4.83], [4.34, 4.54, 3.91, 3.77, 3.8, 2.8, 2.12, 2.21, 2.49, 2.26, 2.8, 2.93, 3.23, 2.96, 2.54, 2.26, 2.19, 3.78, 3.89, 2.56, 2.11, 2.0, 1.52, 0, 1.19, 1.2, 2.27, 3.04, 2.83, 3.77, 3.88, 3.97, 5.18, 7.072, 7.651, 7.173, 6.33, 6.13, 6.12, 5.66, 5.37, 4.82, 5.11, 5.91, 6.3, 5.77, 5.58, 5.52, 5.43, 5.64, 6.42, 7.16, 7.29, 7.15, 6.95, 6.84, 6.69, 5.83, 5.15, 5.5, 5.98, 4.8, 4.83, 5.39, 5.68, 5.02, 3.65, 3.4, 2.83, 2.89, 2.77, 3.17, 3.71, 4.1, 4.15, 3.72, 3.68, 4.74, 4.57, 4.72, 4.89, 5.23, 5.5, 5.64, 6.0, 6.11], [5.209, 5.409, 4.78, 4.64, 4.67, 3.61, 2.83, 2.48, 2.28, 2.57, 3.45, 3.54, 3.98, 3.69, 3.17, 2.95, 2.84, 4.61, 4.72, 3.39, 2.86, 2.85, 2.45, 1.19, 0, 0.57, 1.34, 1.99, 1.86, 2.82, 2.87, 3.06, 4.29, 6.176, 6.738, 6.3, 5.4, 5.16, 5.15, 4.79, 4.38, 3.99, 4.26, 4.88, 5.23, 4.76, 4.57, 4.49, 4.4, 4.65, 5.41, 6.11, 6.22, 6.32, 6.04, 5.87, 5.72, 4.88, 4.34, 4.63, 5.13, 3.93, 3.78, 4.42, 4.69, 4.03, 2.72, 2.65, 2.34, 2.7, 2.82, 3.32, 4.1, 4.75, 4.96, 4.53, 4.43, 5.47, 5.16, 5.29, 5.46, 5.86, 6.23, 6.45, 6.83, 6.94], [5.299, 5.499, 4.87, 4.73, 4.76, 3.7, 3.02, 2.61, 2.47, 2.74, 3.54, 3.61, 4.13, 3.88, 3.34, 3.1, 3.01, 4.72, 4.81, 3.52, 2.85, 2.86, 2.46, 1.2, 0.57, 0, 1.43, 2.16, 2.01, 2.91, 3.0, 3.11, 4.317, 6.195, 6.788, 6.31, 5.45, 5.33, 5.36, 4.88, 4.61, 4.2, 4.49, 5.13, 5.48, 4.97, 4.78, 4.7, 4.61, 4.82, 5.56, 6.3, 6.43, 6.47, 6.27, 6.04, 5.91, 5.09, 4.61, 4.84, 5.34, 4.14, 3.99, 4.61, 4.88, 4.24, 2.95, 2.76, 2.59, 2.93, 3.09, 3.55, 4.29, 4.84, 5.09, 4.72, 4.62, 5.66, 5.43, 5.54, 5.73, 6.09, 6.42, 6.62, 7.0, 7.09], [6.432, 6.632, 6.02, 5.88, 5.91, 4.85, 4.07, 3.62, 2.98, 3.55, 4.33, 4.38, 5.14, 4.89, 4.35, 4.15, 4.04, 5.85, 5.96, 4.63, 4.02, 4.03, 3.57, 2.27, 1.34, 1.43, 0, 1.23, 1.08, 1.86, 2.01, 1.98, 3.11, 5.01, 5.7, 5.08, 4.42, 4.22, 4.23, 3.77, 3.48, 3.07, 3.36, 4.0, 4.37, 3.86, 3.67, 3.59, 3.5, 3.69, 4.49, 5.23, 5.36, 5.3, 5.12, 4.93, 4.76, 3.98, 3.58, 3.77, 4.23, 3.03, 2.94, 3.52, 3.79, 3.15, 2.14, 2.35, 2.78, 3.4, 3.7, 4.22, 5.2, 5.99, 6.2, 5.73, 5.67, 6.69, 6.26, 6.33, 6.6, 7.08, 7.45, 7.69, 8.05, 8.153], [6.942, 7.142, 6.53, 6.39, 6.42, 5.36, 4.58, 4.09, 3.45, 3.92, 4.84, 4.91, 5.63, 5.36, 4.82, 4.66, 4.53, 6.34, 6.47, 5.24, 4.73, 4.76, 4.4, 3.04, 1.99, 2.16, 1.23, 0, 0.91, 1.45, 1.42, 1.87, 2.62, 4.42, 4.99, 4.51, 3.71, 3.51, 3.7, 3.14, 2.89, 2.4, 2.67, 3.27, 3.52, 2.99, 2.84, 2.82, 2.75, 2.88, 3.6, 4.36, 4.55, 4.89, 4.53, 4.38, 4.29, 3.27, 2.83, 3.06, 3.54, 2.36, 2.01, 2.59, 2.86, 2.44, 1.81, 2.44, 3.03, 3.77, 4.09, 4.59, 5.69, 6.5, 6.69, 6.22, 6.16, 7.18, 6.71, 6.8, 7.05, 7.53, 7.92, 8.16, 8.56, 8.643], [6.492, 6.703, 6.1, 5.98, 6.01, 5.09, 4.21, 3.62, 2.88, 3.43, 4.29, 4.36, 5.16, 4.91, 4.37, 4.21, 4.08, 5.93, 6.22, 4.99, 4.54, 4.57, 4.25, 2.83, 1.86, 2.01, 1.08, 0.91, 0, 1.26, 1.29, 1.68, 2.75, 4.596, 5.186, 4.76, 4.0, 3.84, 3.87, 3.27, 2.86, 2.41, 2.7, 3.3, 3.61, 3.1, 2.91, 2.87, 2.74, 2.89, 3.69, 4.45, 4.66, 4.98, 4.7, 4.53, 4.4, 3.3, 2.94, 3.15, 3.57, 2.37, 2.14, 2.68, 2.91, 2.49, 1.56, 1.93, 2.46, 3.24, 3.52, 4.1, 5.24, 6.05, 6.24, 5.75, 5.77, 6.79, 6.4, 6.57, 6.72, 7.24, 7.55, 7.75, 8.11, 8.22], [7.515, 7.726, 7.151, 7.1, 7.13, 6.23, 5.284, 4.72, 3.92, 4.47, 5.29, 5.36, 6.18, 5.93, 5.39, 5.23, 5.12, 7.01, 7.36, 6.05, 5.54, 5.57, 5.17, 3.77, 2.82, 2.91, 1.86, 1.45, 1.26, 0, 0.51, 0.82, 1.81, 3.51, 4.14, 3.68, 3.22, 3.14, 3.17, 2.77, 2.42, 2.05, 2.32, 2.68, 2.93, 2.52, 2.37, 2.33, 2.14, 2.17, 2.83, 3.57, 3.9, 4.22, 4.12, 3.93, 3.66, 2.86, 2.7, 2.91, 3.17, 2.17, 1.94, 2.16, 2.37, 2.05, 1.88, 2.63, 3.38, 4.2, 4.52, 5.1, 6.28, 7.09, 7.28, 6.81, 6.87, 7.91, 7.54, 7.65, 7.86, 8.38, 8.67, 8.85, 9.187, 9.32], [7.585, 7.785, 7.221, 7.13, 7.16, 6.22, 5.285, 4.73, 3.99, 4.54, 5.36, 5.43, 6.25, 6.0, 5.46, 5.3, 5.19, 7.02, 7.35, 6.08, 5.59, 5.62, 5.28, 3.88, 2.87, 3.0, 2.01, 1.42, 1.29, 0.51, 0, 0.79, 1.88, 3.52, 4.09, 3.67, 3.17, 3.01, 3.02, 2.64, 2.33, 2.06, 2.27, 2.51, 2.8, 2.47, 2.38, 2.34, 2.01, 2.04, 2.7, 3.44, 3.75, 4.17, 3.97, 3.76, 3.53, 2.79, 2.69, 2.88, 3.12, 2.18, 1.97, 2.09, 2.3, 2.02, 1.91, 2.68, 3.45, 4.29, 4.59, 5.17, 6.35, 7.16, 7.35, 6.86, 6.88, 7.9, 7.53, 7.64, 7.85, 8.37, 8.66, 8.84, 9.237, 9.35], [7.772, 8.009, 7.491, 7.437, 7.467, 6.55, 5.635, 5.014, 4.168, 4.669, 5.49, 5.56, 6.42, 6.134, 5.617, 5.47, 5.36, 7.358, 7.64, 6.29, 5.72, 5.77, 5.33, 3.97, 3.06, 3.11, 1.98, 1.87, 1.68, 0.82, 0.79, 0, 1.59, 3.25, 3.88, 3.48, 3.12, 3.02, 3.03, 2.73, 2.54, 2.29, 2.38, 2.5, 2.85, 2.56, 2.59, 2.45, 2.16, 2.07, 2.73, 3.47, 3.76, 3.96, 4.0, 3.85, 3.56, 2.92, 2.74, 2.85, 3.19, 2.47, 2.26, 2.44, 2.55, 2.37, 2.1, 2.81, 3.52, 4.32, 4.66, 5.3, 6.519, 7.298, 7.525, 6.981, 7.15, 8.21, 7.82, 7.89, 8.16, 8.68, 8.95, 9.15, 9.527, 9.577], [8.985, 9.242, 8.724, 8.69, 8.72, 7.803, 6.877, 6.267, 5.407, 5.848, 6.66, 6.747, 7.59, 7.267, 6.75, 6.639, 6.535, 8.591, 8.899, 7.554, 6.91, 6.96, 6.577, 5.18, 4.29, 4.317, 3.11, 2.62, 2.75, 1.81, 1.88, 1.59, 0, 2.12, 2.79, 2.41, 2.17, 2.39, 2.32, 2.02, 2.05, 2.24, 2.15, 2.27, 2.42, 2.21, 2.28, 2.22, 1.99, 1.84, 2.08, 2.72, 2.99, 3.29, 3.35, 3.16, 2.89, 2.51, 2.75, 2.6, 2.94, 2.74, 2.51, 2.55, 2.36, 2.58, 2.99, 3.96, 4.65, 5.51, 5.81, 6.489, 7.652, 8.451, 8.758, 8.217, 8.383, 9.463, 9.076, 9.152, 9.416, 9.936, 10.209, 10.406, 10.78, 10.77], [10.871, 11.068, 10.57, 10.536, 10.566, 9.649, 8.703, 8.113, 7.253, 7.733, 8.529, 8.613, 9.45, 9.161, 8.664, 8.553, 8.41, 10.42, 10.744, 9.406, 8.865, 8.912, 8.458, 7.072, 6.176, 6.195, 5.01, 4.42, 4.596, 3.51, 3.52, 3.25, 2.12, 0, 1.13, 0.93, 1.35, 2.07, 1.82, 2.24, 2.93, 3.74, 3.45, 2.21, 2.12, 2.33, 2.76, 2.72, 2.67, 2.5, 1.82, 1.6, 1.55, 1.71, 1.87, 1.74, 1.71, 2.69, 3.699, 3.312, 3.631, 3.985, 3.852, 3.355, 2.862, 3.531, 4.836, 5.714, 6.527, 7.386, 7.67, 8.332, 9.538, 10.336, 10.61, 10.103, 10.249, 11.309, 10.922, 10.997, 11.262, 11.782, 12.054, 12.252, 12.626, 12.616], [11.481, 11.718, 11.2, 11.126, 11.156, 10.239, 9.324, 8.703, 7.857, 8.378, 9.199, 9.277, 10.14, 9.831, 9.314, 9.178, 9.071, 11.047, 11.334, 9.99, 9.395, 9.442, 9.071, 7.651, 6.738, 6.788, 5.7, 4.99, 5.186, 4.14, 4.09, 3.88, 2.79, 1.13, 0, 0.96, 1.64, 2.32, 2.11, 2.61, 3.48, 4.29, 4.02, 2.56, 2.39, 2.8, 3.329, 3.326, 3.36, 3.19, 2.41, 1.89, 1.6, 1.58, 1.78, 1.79, 1.82, 3.2, 4.389, 3.982, 4.235, 4.595, 4.445, 3.885, 3.45, 4.181, 5.48, 6.384, 7.117, 8.022, 8.365, 8.985, 10.208, 10.989, 11.214, 10.69, 10.859, 11.899, 11.512, 11.587, 11.852, 12.372, 12.644, 12.842, 13.216, 13.286], [11.123, 11.332, 10.757, 10.683, 10.713, 9.776, 8.901, 8.3, 7.514, 8.001, 8.766, 8.894, 9.7, 9.434, 8.931, 8.81, 8.676, 10.624, 10.892, 9.553, 8.949, 8.999, 8.565, 7.173, 6.3, 6.31, 5.08, 4.51, 4.76, 3.68, 3.67, 3.48, 2.41, 0.93, 0.96, 0, 1.1, 1.82, 1.93, 2.19, 3.16, 3.99, 3.72, 2.24, 2.07, 2.38, 2.93, 2.93, 2.92, 2.81, 2.07, 1.69, 1.42, 1.52, 1.56, 1.49, 1.6, 2.82, 3.937, 3.55, 3.858, 4.232, 4.099, 3.54, 3.11, 3.83, 5.077, 5.99, 6.794, 7.653, 7.919, 8.619, 9.811, 10.603, 10.859, 10.347, 10.407, 11.49, 11.049, 11.104, 11.386, 11.889, 12.202, 12.41, 12.79, 12.803], [10.381, 10.589, 9.974, 9.877, 9.907, 8.953, 8.158, 7.545, 6.756, 7.258, 7.969, 8.093, 8.92, 8.67, 8.15, 8.05, 7.933, 9.878, 10.06, 8.71, 8.04, 8.09, 7.75, 6.33, 5.4, 5.45, 4.42, 3.71, 4.0, 3.22, 3.17, 3.12, 2.17, 1.35, 1.64, 1.1, 0, 1.26, 1.41, 1.59, 2.56, 3.35, 3.08, 1.76, 1.59, 1.82, 2.19, 2.19, 2.14, 2.17, 1.71, 1.49, 1.52, 1.6, 1.5, 1.27, 1.3, 2.08, 3.22, 2.79, 3.155, 3.549, 3.48, 2.92, 2.49, 3.09, 4.32, 5.27, 6.06, 6.92, 7.16, 7.876, 9.068, 9.821, 10.116, 9.583, 9.624, 10.721, 10.28, 10.259, 10.563, 11.066, 11.387, 11.641, 12.004, 12.042], [9.641, 9.849, 9.234, 9.137, 9.167, 8.21, 7.418, 6.805, 6.016, 6.558, 7.303, 7.44, 8.26, 8.01, 7.49, 7.33, 7.24, 9.158, 9.34, 8.21, 7.66, 7.65, 7.43, 6.13, 5.16, 5.33, 4.22, 3.51, 3.84, 3.14, 3.01, 3.02, 2.39, 2.07, 2.32, 1.82, 1.26, 0, 1.01, 1.41, 2.04, 2.77, 2.46, 1.62, 1.73, 1.84, 2.05, 2.03, 1.96, 1.99, 1.69, 1.67, 1.7, 1.82, 1.64, 1.35, 1.34, 1.7, 2.68, 2.37, 2.59, 2.93, 3.06, 2.54, 2.21, 2.45, 3.66, 4.59, 5.38, 6.22, 6.52, 7.156, 8.388, 9.161, 9.376, 8.843, 8.924, 9.99, 9.54, 9.49, 9.82, 10.303, 10.647, 10.901, 11.264, 11.342], [9.968, 10.168, 9.584, 9.47, 9.5, 8.523, 7.668, 7.107, 6.321, 6.881, 7.653, 7.74, 8.58, 8.327, 7.81, 7.673, 7.549, 9.388, 9.63, 8.3, 7.73, 7.76, 7.38, 6.12, 5.15, 5.36, 4.23, 3.7, 3.87, 3.17, 3.02, 3.03, 2.32, 1.82, 2.11, 1.93, 1.41, 1.01, 0, 1.04, 1.69, 2.58, 2.37, 1.61, 1.92, 1.99, 2.24, 2.18, 2.09, 2.12, 1.74, 1.54, 1.59, 1.35, 1.33, 1.16, 0.99, 1.93, 3.05, 2.72, 2.98, 2.999, 3.21, 2.69, 2.32, 2.54, 3.81, 4.74, 5.563, 6.478, 6.786, 7.455, 8.689, 9.493, 9.681, 9.188, 9.154, 10.217, 9.776, 9.832, 10.133, 10.636, 10.94, 11.157, 11.597, 11.71], [9.488, 9.688, 9.124, 9.01, 9.04, 8.063, 7.188, 6.627, 5.861, 6.402, 7.193, 7.3, 8.1, 7.834, 7.33, 7.193, 7.069, 8.911, 9.17, 7.9, 7.39, 7.42, 7.06, 5.66, 4.79, 4.88, 3.77, 3.14, 3.27, 2.77, 2.64, 2.73, 2.02, 2.24, 2.61, 2.19, 1.59, 1.41, 1.04, 0, 1.23, 2.02, 1.87, 1.57, 1.86, 1.79, 1.94, 1.94, 1.81, 1.84, 1.6, 1.72, 1.81, 1.99, 1.97, 1.9, 1.73, 1.79, 2.69, 2.4, 2.7, 2.64, 2.83, 2.31, 2.04, 2.3, 3.39, 4.32, 5.081, 5.998, 6.306, 6.975, 8.209, 9.013, 9.201, 8.714, 8.694, 9.757, 9.316, 9.377, 9.673, 10.176, 10.48, 10.697, 11.137, 11.23], [8.558, 8.74, 8.231, 8.212, 8.284, 7.319, 6.316, 5.746, 4.926, 5.567, 6.359, 6.383, 7.135, 6.902, 6.391, 6.235, 6.146, 8.027, 8.517, 7.368, 6.892, 6.925, 6.59, 5.37, 4.38, 4.61, 3.48, 2.89, 2.86, 2.42, 2.33, 2.54, 2.05, 2.93, 3.48, 3.16, 2.56, 2.04, 1.69, 1.23, 0, 1.17, 1.16, 1.66, 2.07, 1.72, 1.67, 1.57, 1.46, 1.59, 1.79, 2.11, 2.32, 2.58, 2.58, 2.49, 2.22, 1.7, 2.18, 2.13, 2.29, 2.05, 2.28, 1.86, 1.75, 1.65, 2.58, 3.37, 4.146, 5.077, 5.44, 6.068, 7.262, 8.142, 8.286, 7.79, 7.922, 8.979, 8.72, 8.85, 8.997, 9.512, 9.847, 9.982, 10.296, 10.417], [7.574, 7.782, 7.341, 7.35, 7.42, 6.48, 5.46, 4.89, 4.07, 4.62, 5.5, 5.55, 6.25, 5.98, 5.48, 5.317, 5.23, 7.16, 7.67, 6.66, 6.19, 6.24, 5.94, 4.82, 3.99, 4.2, 3.07, 2.4, 2.41, 2.05, 2.06, 2.29, 2.24, 3.74, 4.29, 3.99, 3.35, 2.77, 2.58, 2.02, 1.17, 0, 0.73, 2.21, 2.56, 2.13, 1.92, 1.82, 1.73, 1.84, 2.3, 2.86, 3.29, 3.37, 3.41, 3.28, 3.03, 1.93, 1.89, 1.96, 2.12, 1.58, 1.73, 1.79, 1.84, 1.34, 1.85, 2.62, 3.23, 4.11, 4.51, 5.07, 6.318, 7.18, 7.37, 6.914, 7.08, 8.14, 7.87, 7.98, 8.15, 8.67, 8.98, 9.14, 9.44, 9.55], [7.792, 8.018, 7.594, 7.6, 7.65, 6.73, 5.727, 5.157, 4.277, 4.63, 5.59, 5.64, 6.4, 6.05, 5.55, 5.39, 5.357, 7.444, 7.9, 6.85, 6.38, 6.43, 6.15, 5.11, 4.26, 4.49, 3.36, 2.67, 2.7, 2.32, 2.27, 2.38, 2.15, 3.45, 4.02, 3.72, 3.08, 2.46, 2.37, 1.87, 1.16, 0.73, 0, 1.84, 2.27, 1.9, 1.63, 1.61, 1.52, 1.59, 2.01, 2.69, 3.04, 3.1, 3.14, 3.03, 2.78, 1.7, 1.66, 1.65, 1.83, 1.49, 1.84, 1.86, 1.73, 1.33, 2.04, 2.91, 3.46, 4.237, 4.58, 5.251, 6.468, 7.23, 7.594, 7.104, 7.31, 8.39, 8.08, 8.19, 8.38, 8.9, 9.21, 9.37, 9.687, 9.7], [9.152, 9.409, 8.891, 8.817, 8.85, 7.93, 7.035, 6.414, 5.568, 6.03, 6.81, 6.92, 7.78, 7.47, 6.937, 6.79, 6.72, 8.758, 9.06, 7.89, 7.44, 7.47, 7.19, 5.91, 4.88, 5.13, 4.0, 3.27, 3.3, 2.68, 2.51, 2.5, 2.27, 2.21, 2.56, 2.24, 1.76, 1.62, 1.61, 1.57, 1.66, 2.21, 1.84, 0, 0.85, 0.68, 1.21, 1.21, 1.24, 1.19, 1.03, 1.63, 1.78, 2.04, 1.86, 1.89, 1.72, 1.28, 2.06, 1.73, 1.93, 2.33, 2.4, 1.94, 1.83, 2.07, 3.16, 4.03, 4.82, 5.66, 5.98, 6.676, 7.839, 8.638, 8.925, 8.381, 8.55, 9.61, 9.24, 9.37, 9.56, 10.08, 10.37, 10.57, 10.924, 10.92], [9.422, 9.679, 9.161, 9.09, 9.16, 8.2, 7.305, 6.684, 5.838, 6.34, 7.04, 7.17, 8.03, 7.68, 7.159, 7.06, 6.97, 9.028, 9.39, 8.3, 7.83, 7.88, 7.6, 6.3, 5.23, 5.48, 4.37, 3.52, 3.61, 2.93, 2.8, 2.85, 2.42, 2.12, 2.39, 2.07, 1.59, 1.73, 1.92, 1.86, 2.07, 2.56, 2.27, 0.85, 0, 0.71, 1.3, 1.38, 1.43, 1.46, 1.1, 1.56, 1.69, 2.05, 1.89, 1.94, 1.81, 1.43, 2.29, 1.9, 2.16, 2.68, 2.63, 2.15, 2.0, 2.36, 3.45, 4.32, 5.07, 5.93, 6.25, 6.946, 8.069, 8.92, 9.195, 8.651, 8.84, 9.88, 9.57, 9.68, 9.87, 10.39, 10.7, 10.88, 11.194, 11.19], [8.93, 9.169, 8.651, 8.6, 8.69, 7.69, 6.81, 6.174, 5.34, 5.85, 6.51, 6.64, 7.5, 7.15, 6.629, 6.55, 6.46, 8.518, 8.92, 7.85, 7.38, 7.43, 7.13, 5.77, 4.76, 4.97, 3.86, 2.99, 3.1, 2.52, 2.47, 2.56, 2.21, 2.33, 2.8, 2.38, 1.82, 1.84, 1.99, 1.79, 1.72, 2.13, 1.9, 0.68, 0.71, 0, 0.73, 0.85, 0.98, 1.13, 1.11, 1.93, 2.14, 2.52, 2.36, 2.23, 2.12, 1.36, 1.82, 1.63, 1.79, 2.13, 2.08, 1.58, 1.57, 1.95, 3.0, 3.81, 4.56, 5.42, 5.72, 6.44, 7.559, 8.41, 8.7, 8.141, 8.35, 9.37, 9.12, 9.25, 9.4, 9.9, 10.25, 10.39, 10.684, 10.7], [8.46, 8.688, 8.264, 8.35, 8.44, 7.46, 6.42, 5.85, 4.97, 5.34, 6.22, 6.23, 7.01, 6.6, 6.1, 6.0, 6.03, 8.12, 8.69, 7.64, 7.17, 7.22, 6.92, 5.58, 4.57, 4.78, 3.67, 2.84, 2.91, 2.37, 2.38, 2.59, 2.28, 2.76, 3.329, 2.93, 2.19, 2.05, 2.24, 1.94, 1.67, 1.92, 1.63, 1.21, 1.3, 0.73, 0, 0.44, 0.77, 0.98, 1.38, 2.2, 2.57, 3.03, 2.89, 2.68, 2.55, 1.39, 1.71, 1.6, 1.54, 1.64, 1.65, 1.33, 1.24, 1.66, 2.75, 3.4, 4.15, 4.93, 5.29, 5.97, 7.09, 7.88, 8.29, 7.78, 8.08, 9.12, 8.89, 9.02, 9.17, 9.67, 10.02, 10.14, 10.38, 10.45], [8.44, 8.668, 8.244, 8.35, 8.44, 7.46, 6.42, 5.85, 4.97, 5.38, 6.22, 6.21, 6.97, 6.62, 6.08, 6.0, 6.03, 8.1, 8.69, 7.62, 7.15, 7.2, 6.88, 5.52, 4.49, 4.7, 3.59, 2.82, 2.87, 2.33, 2.34, 2.45, 2.22, 2.72, 3.326, 2.93, 2.19, 2.03, 2.18, 1.94, 1.57, 1.82, 1.61, 1.21, 1.38, 0.85, 0.44, 0, 0.59, 0.9, 1.28, 2.22, 2.61, 3.03, 2.89, 2.7, 2.55, 1.37, 1.75, 1.64, 1.52, 1.6, 1.63, 1.35, 1.2, 1.68, 2.77, 3.4, 4.17, 4.95, 5.29, 5.95, 7.07, 7.92, 8.27, 7.76, 8.08, 9.12, 8.89, 9.02, 9.17, 9.67, 10.02, 10.14, 10.38, 10.45], [8.35, 8.601, 8.214, 8.28, 8.37, 7.39, 6.37, 5.8, 4.92, 5.35, 6.17, 6.2, 6.96, 6.63, 6.13, 6.03, 5.98, 8.067, 8.62, 7.53, 7.1, 7.13, 6.79, 5.43, 4.4, 4.61, 3.5, 2.75, 2.74, 2.14, 2.01, 2.16, 1.99, 2.67, 3.36, 2.92, 2.14, 1.96, 2.09, 1.81, 1.46, 1.73, 1.52, 1.24, 1.43, 0.98, 0.77, 0.59, 0, 0.69, 1.29, 2.15, 2.58, 3.04, 2.92, 2.71, 2.56, 1.42, 1.66, 1.61, 1.59, 1.55, 1.52, 1.16, 1.05, 1.41, 2.66, 3.35, 4.1, 4.88, 5.26, 5.86, 7.0, 7.87, 8.22, 7.724, 8.01, 9.05, 8.84, 8.97, 9.1, 9.6, 9.95, 10.07, 10.33, 10.38], [8.605, 8.888, 8.464, 8.51, 8.58, 7.64, 6.62, 6.05, 5.17, 5.56, 6.36, 6.45, 7.21, 6.78, 6.3, 6.26, 6.23, 8.317, 8.83, 7.76, 7.29, 7.34, 7.02, 5.64, 4.65, 4.82, 3.69, 2.88, 2.89, 2.17, 2.04, 2.07, 1.84, 2.5, 3.19, 2.81, 2.17, 1.99, 2.12, 1.84, 1.59, 1.84, 1.59, 1.19, 1.46, 1.13, 0.98, 0.9, 0.69, 0, 1.06, 2.1, 2.59, 3.03, 2.91, 2.7, 2.51, 1.65, 1.89, 1.78, 1.74, 1.82, 1.79, 1.29, 1.14, 1.6, 2.85, 3.56, 4.33, 5.11, 5.49, 6.09, 7.278, 8.08, 8.47, 7.974, 8.24, 9.3, 9.05, 9.18, 9.31, 9.83, 10.16, 10.3, 10.58, 10.61], [9.542, 9.828, 9.384, 9.39, 9.42, 8.52, 7.517, 6.947, 6.067, 6.44, 7.22, 7.327, 8.13, 7.72, 7.24, 7.22, 7.127, 9.234, 9.67, 8.54, 8.07, 8.12, 7.8, 6.42, 5.41, 5.56, 4.49, 3.6, 3.69, 2.83, 2.7, 2.73, 2.08, 1.82, 2.41, 2.07, 1.71, 1.69, 1.74, 1.6, 1.79, 2.3, 2.01, 1.03, 1.1, 1.11, 1.38, 1.28, 1.29, 1.06, 0, 1.1, 1.65, 2.19, 2.17, 2.0, 1.81, 1.57, 2.55, 2.14, 2.3, 2.72, 2.63, 2.01, 1.78, 2.34, 3.67, 4.46, 5.244, 6.047, 6.37, 7.061, 8.218, 9.0, 9.384, 8.894, 9.1, 10.18, 9.85, 9.98, 10.15, 10.67, 10.98, 11.14, 11.477, 11.47], [10.345, 10.571, 10.107, 10.113, 10.152, 9.243, 8.24, 7.67, 6.83, 7.269, 8.146, 8.17, 8.95, 8.66, 8.18, 8.04, 7.91, 9.957, 10.402, 9.22, 8.79, 8.82, 8.48, 7.16, 6.11, 6.3, 5.23, 4.36, 4.45, 3.57, 3.44, 3.47, 2.72, 1.6, 1.89, 1.69, 1.49, 1.67, 1.54, 1.72, 2.11, 2.86, 2.69, 1.63, 1.56, 1.93, 2.2, 2.22, 2.15, 2.1, 1.1, 0, 0.83, 1.43, 1.55, 1.54, 1.33, 2.147, 3.316, 2.94, 3.114, 3.499, 3.41, 2.83, 2.5, 2.96, 4.404, 5.177, 6.027, 6.85, 7.156, 7.824, 9.041, 9.843, 10.147, 9.677, 9.826, 10.903, 10.584, 10.697, 10.882, 11.399, 11.714, 11.869, 12.2, 12.196], [10.655, 10.872, 10.354, 10.28, 10.319, 9.373, 8.498, 7.877, 7.031, 7.578, 8.356, 8.411, 9.256, 8.96, 8.442, 8.312, 8.205, 10.221, 10.532, 9.33, 8.86, 8.89, 8.55, 7.29, 6.22, 6.43, 5.36, 4.55, 4.66, 3.9, 3.75, 3.76, 2.99, 1.55, 1.6, 1.42, 1.52, 1.7, 1.59, 1.81, 2.32, 3.29, 3.04, 1.78, 1.69, 2.14, 2.57, 2.61, 2.58, 2.59, 1.65, 0.83, 0, 1.18, 1.4, 1.39, 1.24, 2.36, 3.506, 3.11, 3.409, 3.809, 3.76, 3.24, 2.89, 3.33, 4.594, 5.478, 6.271, 7.131, 7.459, 8.119, 9.362, 10.161, 10.388, 9.864, 10.016, 11.067, 10.694, 10.807, 11.009, 11.529, 11.844, 12.039, 12.387, 12.406], [10.712, 10.909, 10.391, 10.317, 10.347, 9.41, 8.535, 7.914, 7.088, 7.609, 8.418, 8.488, 9.336, 9.04, 8.542, 8.386, 8.282, 10.258, 10.52, 9.17, 8.62, 8.65, 8.25, 7.15, 6.32, 6.47, 5.3, 4.89, 4.98, 4.22, 4.17, 3.96, 3.29, 1.71, 1.58, 1.52, 1.6, 1.82, 1.35, 1.99, 2.58, 3.37, 3.1, 2.04, 2.05, 2.52, 3.03, 3.03, 3.04, 3.03, 2.19, 1.43, 1.18, 0, 0.82, 0.95, 1.1, 2.4, 3.58, 3.15, 3.452, 3.85, 4.28, 3.74, 3.31, 3.45, 4.68, 5.67, 6.34, 7.188, 7.513, 8.19, 9.436, 10.238, 10.445, 9.921, 10.041, 11.104, 10.68, 10.75, 11.02, 11.54, 11.83, 12.05, 12.424, 12.457], [10.672, 10.872, 10.26, 10.12, 10.15, 9.15, 8.35, 7.799, 7.025, 7.586, 8.357, 8.458, 9.307, 9.054, 8.537, 8.39, 8.26, 10.07, 10.26, 8.93, 8.46, 8.49, 8.17, 6.95, 6.04, 6.27, 5.12, 4.53, 4.7, 4.12, 3.97, 4.0, 3.35, 1.87, 1.78, 1.56, 1.5, 1.64, 1.33, 1.97, 2.58, 3.41, 3.14, 1.86, 1.89, 2.36, 2.89, 2.89, 2.92, 2.91, 2.17, 1.55, 1.4, 0.82, 0, 0.75, 0.98, 2.32, 3.533, 3.11, 3.429, 3.71, 4.02, 3.54, 3.15, 3.29, 4.54, 5.49, 6.28, 7.18, 7.5, 8.179, 9.413, 10.197, 10.385, 9.872, 9.83, 10.89, 10.46, 10.49, 10.76, 11.3, 11.59, 11.85, 12.27, 12.393], [10.462, 10.662, 10.05, 9.91, 9.94, 8.9, 8.1, 7.578, 6.815, 7.396, 8.147, 8.231, 9.08, 8.827, 8.31, 8.173, 8.04, 9.856, 10.01, 8.78, 8.29, 8.32, 7.96, 6.84, 5.87, 6.04, 4.93, 4.38, 4.53, 3.93, 3.76, 3.85, 3.16, 1.74, 1.79, 1.49, 1.27, 1.35, 1.16, 1.9, 2.49, 3.28, 3.03, 1.89, 1.94, 2.23, 2.68, 2.7, 2.71, 2.7, 2.0, 1.54, 1.39, 0.95, 0.75, 0, 0.73, 2.07, 3.323, 2.9, 3.219, 3.5, 3.83, 3.33, 2.94, 3.04, 4.29, 5.3, 6.05, 6.969, 7.277, 7.949, 9.183, 9.987, 10.175, 9.662, 9.62, 10.676, 10.23, 10.28, 10.53, 11.09, 11.4, 11.64, 12.06, 12.183], [10.289, 10.489, 9.86, 9.74, 9.77, 8.77, 7.93, 7.4, 6.64, 7.21, 7.99, 8.061, 8.91, 8.657, 8.14, 8.003, 7.87, 9.67, 9.9, 8.59, 8.08, 8.11, 7.77, 6.69, 5.72, 5.91, 4.76, 4.29, 4.4, 3.66, 3.53, 3.56, 2.89, 1.71, 1.82, 1.6, 1.3, 1.34, 0.99, 1.73, 2.22, 3.03, 2.78, 1.72, 1.81, 2.12, 2.55, 2.55, 2.56, 2.51, 1.81, 1.33, 1.24, 1.1, 0.98, 0.73, 0, 1.88, 3.16, 2.79, 3.046, 3.33, 3.68, 3.14, 2.75, 2.87, 4.08, 5.01, 5.86, 6.799, 7.12, 7.776, 9.01, 9.814, 10.0, 9.489, 9.43, 10.49, 10.1, 10.17, 10.4, 10.96, 11.25, 11.47, 11.87, 12.02], [8.41, 8.61, 8.06, 8.02, 8.05, 7.15, 6.19, 5.58, 4.76, 5.33, 6.15, 6.2, 7.06, 6.81, 6.29, 6.13, 6.02, 7.91, 8.28, 7.39, 6.94, 6.97, 6.83, 5.83, 4.88, 5.09, 3.98, 3.27, 3.3, 2.86, 2.79, 2.92, 2.51, 2.69, 3.2, 2.82, 2.08, 1.7, 1.93, 1.79, 1.7, 1.93, 1.7, 1.28, 1.43, 1.36, 1.39, 1.37, 1.42, 1.65, 1.57, 2.147, 2.36, 2.4, 2.32, 2.07, 1.88, 0, 1.42, 1.19, 1.31, 1.87, 2.28, 1.9, 1.81, 1.69, 2.44, 3.37, 4.06, 4.92, 5.24, 5.9, 7.14, 7.95, 8.12, 7.61, 7.73, 8.81, 8.46, 8.57, 8.78, 9.3, 9.59, 9.77, 10.11, 10.18], [7.21, 7.43, 6.9, 6.86, 6.97, 5.97, 5.15, 4.48, 3.62, 4.23, 4.99, 5.2, 5.86, 5.57, 5.05, 4.95, 4.82, 6.81, 7.22, 6.65, 6.18, 6.21, 6.07, 5.15, 4.34, 4.61, 3.58, 2.83, 2.94, 2.7, 2.69, 2.74, 2.75, 3.699, 4.389, 3.937, 3.22, 2.68, 3.05, 2.69, 2.18, 1.89, 1.66, 2.06, 2.29, 1.82, 1.71, 1.75, 1.66, 1.89, 2.55, 3.316, 3.506, 3.58, 3.533, 3.323, 3.16, 1.42, 0, 0.69, 1.07, 1.37, 1.76, 1.96, 2.03, 1.83, 1.86, 2.71, 2.96, 3.9, 4.2, 4.76, 5.9, 6.69, 6.98, 6.41, 6.57, 7.65, 7.52, 7.61, 7.7, 8.2, 8.55, 8.63, 8.95, 9.0], [7.7, 7.92, 7.39, 7.33, 7.44, 6.44, 5.6, 4.91, 4.11, 4.66, 5.32, 5.39, 6.23, 6.0, 5.52, 5.4, 5.29, 7.3, 7.67, 6.98, 6.49, 6.62, 6.42, 5.5, 4.63, 4.84, 3.77, 3.06, 3.15, 2.91, 2.88, 2.85, 2.6, 3.312, 3.982, 3.55, 2.79, 2.37, 2.72, 2.4, 2.13, 1.96, 1.65, 1.73, 1.9, 1.63, 1.6, 1.64, 1.61, 1.78, 2.14, 2.94, 3.11, 3.15, 3.11, 2.9, 2.79, 1.19, 0.69, 0, 0.94, 1.56, 1.93, 2.07, 2.1, 1.88, 2.13, 2.98, 3.41, 4.31, 4.57, 5.23, 6.37, 7.14, 7.47, 6.9, 7.06, 8.1, 7.93, 8.06, 8.15, 8.63, 9.0, 9.08, 9.42, 9.47], [7.36, 7.62, 7.25, 7.39, 7.5, 6.5, 5.56, 4.91, 4.07, 4.6, 5.36, 5.43, 6.11, 5.78, 5.38, 5.2, 5.25, 7.14, 7.81, 7.32, 6.87, 7.02, 6.9, 5.98, 5.13, 5.34, 4.23, 3.54, 3.57, 3.17, 3.12, 3.19, 2.94, 3.631, 4.235, 3.858, 3.155, 2.59, 2.98, 2.7, 2.29, 2.12, 1.83, 1.93, 2.16, 1.79, 1.54, 1.52, 1.59, 1.74, 2.3, 3.114, 3.409, 3.452, 3.429, 3.219, 3.046, 1.31, 1.07, 0.94, 0, 1.52, 1.87, 1.83, 1.94, 1.92, 2.51, 3.0, 3.45, 4.21, 4.69, 5.05, 6.07, 6.98, 7.33, 6.72, 7.08, 8.14, 8.13, 8.22, 8.31, 8.77, 9.12, 9.18, 9.34, 9.59], [7.2, 7.34, 6.99, 7.13, 7.24, 6.18, 5.18, 4.59, 3.81, 4.4, 5.22, 5.21, 5.97, 5.7, 5.22, 5.04, 4.99, 6.84, 7.49, 6.44, 5.95, 6.0, 5.82, 4.8, 3.93, 4.14, 3.03, 2.36, 2.37, 2.17, 2.18, 2.47, 2.74, 3.985, 4.595, 4.232, 3.549, 2.93, 2.999, 2.64, 2.05, 1.58, 1.49, 2.33, 2.68, 2.13, 1.64, 1.6, 1.55, 1.82, 2.72, 3.499, 3.809, 3.85, 3.71, 3.5, 3.33, 1.87, 1.37, 1.56, 1.52, 0, 1.05, 1.41, 1.66, 1.32, 1.81, 2.42, 3.05, 3.99, 4.41, 4.79, 5.93, 6.9, 7.11, 6.58, 6.86, 7.9, 7.73, 7.84, 7.95, 8.41, 8.8, 8.9, 9.16, 9.37], [7.25, 7.49, 7.1, 7.22, 7.33, 6.27, 5.35, 4.72, 3.9, 4.55, 5.29, 5.28, 6.04, 5.77, 5.27, 5.09, 5.06, 6.93, 7.64, 6.79, 6.32, 6.37, 6.11, 4.83, 3.78, 3.99, 2.94, 2.01, 2.14, 1.94, 1.97, 2.26, 2.51, 3.852, 4.445, 4.099, 3.48, 3.06, 3.21, 2.83, 2.28, 1.73, 1.84, 2.4, 2.63, 2.08, 1.65, 1.63, 1.52, 1.79, 2.63, 3.41, 3.76, 4.28, 4.02, 3.83, 3.68, 2.28, 1.76, 1.93, 1.87, 1.05, 0, 0.96, 1.33, 1.31, 1.84, 2.29, 3.08, 4.08, 4.5, 4.94, 6.04, 6.95, 7.18, 6.63, 6.95, 7.99, 7.94, 8.05, 8.12, 8.58, 8.93, 9.01, 9.23, 9.48], [7.95, 8.11, 7.72, 7.9, 8.05, 6.93, 6.07, 5.36, 4.64, 5.27, 5.99, 5.92, 6.68, 6.41, 5.97, 5.75, 5.76, 7.63, 8.34, 7.51, 7.04, 7.09, 6.79, 5.39, 4.42, 4.61, 3.52, 2.59, 2.68, 2.16, 2.09, 2.44, 2.55, 3.355, 3.885, 3.54, 2.92, 2.54, 2.69, 2.31, 1.86, 1.79, 1.86, 1.94, 2.15, 1.58, 1.33, 1.35, 1.16, 1.29, 2.01, 2.83, 3.24, 3.74, 3.54, 3.33, 3.14, 1.9, 1.96, 2.07, 1.83, 1.41, 0.96, 0, 0.87, 1.25, 2.42, 2.85, 3.78, 4.8, 5.22, 5.66, 6.64, 7.65, 7.92, 7.35, 7.63, 8.67, 8.64, 8.75, 8.84, 9.3, 9.65, 9.71, 9.89, 10.2], [8.36, 8.6, 8.19, 8.29, 8.44, 7.38, 6.44, 5.75, 4.99, 5.56, 6.36, 6.31, 7.07, 6.78, 6.32, 6.12, 6.11, 8.06, 8.71, 7.82, 7.35, 7.4, 7.08, 5.68, 4.69, 4.88, 3.79, 2.86, 2.91, 2.37, 2.3, 2.55, 2.36, 2.862, 3.45, 3.11, 2.49, 2.21, 2.32, 2.04, 1.75, 1.84, 1.73, 1.83, 2.0, 1.57, 1.24, 1.2, 1.05, 1.14, 1.78, 2.5, 2.89, 3.31, 3.15, 2.94, 2.75, 1.81, 2.03, 2.1, 1.94, 1.66, 1.33, 0.87, 0, 1.28, 2.75, 3.26, 4.11, 5.07, 5.51, 5.97, 7.09, 8.02, 8.29, 7.76, 8.04, 9.08, 8.99, 9.12, 9.21, 9.67, 10.04, 10.12, 10.32, 10.57], [7.54, 7.76, 7.29, 7.33, 7.44, 6.36, 5.38, 4.81, 4.03, 4.64, 5.44, 5.43, 6.23, 5.94, 5.46, 5.3, 5.17, 7.04, 7.65, 6.8, 6.35, 6.4, 6.12, 5.02, 4.03, 4.24, 3.15, 2.44, 2.49, 2.05, 2.02, 2.37, 2.58, 3.531, 4.181, 3.83, 3.09, 2.45, 2.54, 2.3, 1.65, 1.34, 1.33, 2.07, 2.36, 1.95, 1.66, 1.68, 1.41, 1.6, 2.34, 2.96, 3.33, 3.45, 3.29, 3.04, 2.87, 1.69, 1.83, 1.88, 1.92, 1.32, 1.31, 1.25, 1.28, 0, 1.71, 2.38, 3.17, 4.15, 4.57, 5.09, 6.29, 7.16, 7.35, 6.86, 7.02, 8.04, 7.91, 8.04, 8.13, 8.63, 9.0, 9.1, 9.36, 9.57], [6.21, 6.409, 5.86, 5.78, 5.81, 4.87, 3.97, 3.38, 2.56, 3.17, 3.95, 4.02, 4.83, 4.577, 4.06, 3.93, 3.8, 5.65, 6.02, 5.27, 4.82, 4.83, 4.71, 3.65, 2.72, 2.95, 2.14, 1.81, 1.56, 1.88, 1.91, 2.1, 2.99, 4.836, 5.48, 5.077, 4.32, 3.66, 3.81, 3.39, 2.58, 1.85, 2.04, 3.16, 3.45, 3.0, 2.75, 2.77, 2.66, 2.85, 3.67, 4.404, 4.594, 4.68, 4.54, 4.29, 4.08, 2.44, 1.86, 2.13, 2.51, 1.81, 1.84, 2.42, 2.75, 1.71, 0, 1.19, 1.82, 2.78, 3.12, 3.76, 4.93, 5.75, 5.92, 5.41, 5.45, 6.53, 6.28, 6.41, 6.54, 7.06, 7.33, 7.49, 7.89, 7.98], [5.36, 5.54, 4.99, 5.15, 5.3, 4.2, 3.34, 2.61, 2.21, 2.84, 3.44, 3.35, 3.95, 3.74, 3.36, 3.12, 3.11, 4.9, 5.59, 5.0, 4.55, 4.56, 4.46, 3.4, 2.65, 2.76, 2.35, 2.44, 1.93, 2.63, 2.68, 2.81, 3.96, 5.714, 6.384, 5.99, 5.27, 4.59, 4.74, 4.32, 3.37, 2.62, 2.91, 4.03, 4.32, 3.81, 3.4, 3.4, 3.35, 3.56, 4.46, 5.177, 5.478, 5.67, 5.49, 5.3, 5.01, 3.37, 2.71, 2.98, 3.0, 2.42, 2.29, 2.85, 3.26, 2.38, 1.19, 0, 1.23, 2.25, 2.55, 3.09, 4.03, 5.0, 5.19, 4.64, 4.86, 5.92, 5.87, 6.0, 6.09, 6.55, 6.9, 6.96, 7.14, 7.45], [4.45, 4.67, 4.18, 4.26, 4.37, 3.35, 2.45, 1.78, 1.52, 2.07, 2.77, 2.9, 3.3, 2.85, 2.43, 2.19, 2.22, 4.17, 4.7, 4.07, 3.7, 3.79, 3.59, 2.83, 2.34, 2.59, 2.78, 3.03, 2.46, 3.38, 3.45, 3.52, 4.65, 6.527, 7.117, 6.794, 6.06, 5.38, 5.563, 5.081, 4.146, 3.23, 3.46, 4.82, 5.07, 4.56, 4.15, 4.17, 4.1, 4.33, 5.244, 6.027, 6.271, 6.34, 6.28, 6.05, 5.86, 4.06, 2.96, 3.41, 3.45, 3.05, 3.08, 3.78, 4.11, 3.17, 1.82, 1.23, 0, 1.3, 1.6, 2.12, 3.16, 4.07, 4.24, 3.69, 3.99, 5.01, 4.98, 5.09, 5.18, 5.64, 5.99, 6.05, 6.27, 6.52], [3.57, 3.85, 3.58, 3.8, 3.67, 2.95, 1.83, 1.66, 1.68, 1.77, 2.71, 2.9, 3.0, 2.59, 2.23, 2.05, 2.28, 3.87, 3.98, 3.63, 3.66, 3.79, 3.55, 2.89, 2.7, 2.93, 3.4, 3.77, 3.24, 4.2, 4.29, 4.32, 5.51, 7.386, 8.022, 7.653, 6.92, 6.22, 6.478, 5.998, 5.077, 4.11, 4.237, 5.66, 5.93, 5.42, 4.93, 4.95, 4.88, 5.11, 6.047, 6.85, 7.131, 7.188, 7.18, 6.969, 6.799, 4.92, 3.9, 4.31, 4.21, 3.99, 4.08, 4.8, 5.07, 4.15, 2.78, 2.25, 1.3, 0, 0.86, 1.14, 2.46, 3.15, 3.4, 3.03, 3.41, 4.21, 4.02, 4.15, 4.26, 4.78, 5.11, 5.23, 5.49, 5.6], [3.33, 3.51, 3.3, 3.44, 3.39, 2.51, 1.63, 1.64, 1.76, 1.75, 2.39, 2.64, 2.68, 2.43, 2.05, 1.83, 2.0, 3.65, 3.7, 3.23, 3.24, 3.37, 3.13, 2.77, 2.82, 3.09, 3.7, 4.09, 3.52, 4.52, 4.59, 4.66, 5.81, 7.67, 8.365, 7.919, 7.16, 6.52, 6.786, 6.306, 5.44, 4.51, 4.58, 5.98, 6.25, 5.72, 5.29, 5.29, 5.26, 5.49, 6.37, 7.156, 7.459, 7.513, 7.5, 7.277, 7.12, 5.24, 4.2, 4.57, 4.69, 4.41, 4.5, 5.22, 5.51, 4.57, 3.12, 2.55, 1.6, 0.86, 0, 1.08, 2.28, 2.85, 3.06, 2.79, 3.11, 3.85, 3.62, 3.77, 3.88, 4.38, 4.73, 4.85, 5.15, 5.16], [2.71, 2.97, 2.98, 3.12, 2.91, 2.49, 1.63, 1.74, 1.98, 1.83, 2.43, 2.7, 2.48, 2.21, 2.03, 1.87, 2.06, 3.27, 3.44, 3.11, 3.36, 3.47, 3.25, 3.17, 3.32, 3.55, 4.22, 4.59, 4.1, 5.1, 5.17, 5.3, 6.489, 8.332, 8.985, 8.619, 7.876, 7.156, 7.455, 6.975, 6.068, 5.07, 5.251, 6.676, 6.946, 6.44, 5.97, 5.95, 5.86, 6.09, 7.061, 7.824, 8.119, 8.19, 8.179, 7.949, 7.776, 5.9, 4.76, 5.23, 5.05, 4.79, 4.94, 5.66, 5.97, 5.09, 3.76, 3.09, 2.12, 1.14, 1.08, 0, 1.66, 2.37, 2.44, 2.19, 2.57, 3.27, 3.2, 3.33, 3.42, 3.88, 4.21, 4.27, 4.53, 4.7], [1.73, 1.99, 2.02, 2.34, 2.25, 1.89, 2.05, 2.24, 2.8, 2.51, 2.21, 2.1, 1.48, 1.65, 2.03, 1.79, 1.92, 2.27, 2.8, 2.61, 3.02, 3.15, 3.23, 3.71, 4.1, 4.29, 5.2, 5.69, 5.24, 6.28, 6.35, 6.519, 7.652, 9.538, 10.208, 9.811, 9.068, 8.388, 8.689, 8.209, 7.262, 6.318, 6.468, 7.839, 8.069, 7.559, 7.09, 7.07, 7.0, 7.278, 8.218, 9.041, 9.362, 9.436, 9.413, 9.183, 9.01, 7.14, 5.9, 6.37, 6.07, 5.93, 6.04, 6.64, 7.09, 6.29, 4.93, 4.03, 3.16, 2.46, 2.28, 1.66, 0, 1.41, 1.62, 1.37, 1.65, 2.51, 2.76, 2.99, 2.9, 3.22, 3.53, 3.51, 3.57, 3.9], [1.5, 1.44, 1.81, 1.73, 1.66, 2.06, 2.46, 2.75, 3.31, 2.86, 2.54, 2.55, 1.97, 2.02, 2.48, 2.34, 2.41, 1.98, 2.23, 2.54, 3.15, 3.28, 3.44, 4.1, 4.75, 4.84, 5.99, 6.5, 6.05, 7.09, 7.16, 7.298, 8.451, 10.336, 10.989, 10.603, 9.821, 9.161, 9.493, 9.013, 8.142, 7.18, 7.23, 8.638, 8.92, 8.41, 7.88, 7.92, 7.87, 8.08, 9.0, 9.843, 10.161, 10.238, 10.197, 9.987, 9.814, 7.95, 6.69, 7.14, 6.98, 6.9, 6.95, 7.65, 8.02, 7.16, 5.75, 5.0, 4.07, 3.15, 2.85, 2.37, 1.41, 0, 1.33, 1.46, 1.5, 1.88, 2.21, 2.36, 2.29, 2.47, 2.72, 2.58, 2.76, 3.03], [1.29, 1.49, 1.84, 1.86, 1.65, 2.09, 2.39, 2.78, 3.36, 3.13, 2.59, 2.58, 1.96, 2.23, 2.71, 2.63, 2.44, 1.97, 2.36, 2.39, 3.06, 3.15, 3.29, 4.15, 4.96, 5.09, 6.2, 6.69, 6.24, 7.28, 7.35, 7.525, 8.758, 10.61, 11.214, 10.859, 10.116, 9.376, 9.681, 9.201, 8.286, 7.37, 7.594, 8.925, 9.195, 8.7, 8.29, 8.27, 8.22, 8.47, 9.384, 10.147, 10.388, 10.445, 10.385, 10.175, 10.0, 8.12, 6.98, 7.47, 7.33, 7.11, 7.18, 7.92, 8.29, 7.35, 5.92, 5.19, 4.24, 3.4, 3.06, 2.44, 1.62, 1.33, 0, 1.07, 1.27, 1.83, 2.14, 2.35, 2.28, 2.42, 2.37, 2.23, 2.37, 2.86], [1.3, 1.66, 1.85, 1.79, 1.68, 1.8, 2.04, 2.35, 2.91, 2.66, 2.24, 2.15, 1.65, 1.82, 2.16, 2.12, 2.05, 1.82, 2.47, 2.62, 2.95, 3.02, 3.04, 3.72, 4.53, 4.72, 5.73, 6.22, 5.75, 6.81, 6.86, 6.981, 8.217, 10.103, 10.69, 10.347, 9.583, 8.843, 9.188, 8.714, 7.79, 6.914, 7.104, 8.381, 8.651, 8.141, 7.78, 7.76, 7.724, 7.974, 8.894, 9.677, 9.864, 9.921, 9.872, 9.662, 9.489, 7.61, 6.41, 6.9, 6.72, 6.58, 6.63, 7.35, 7.76, 6.86, 5.41, 4.64, 3.69, 3.03, 2.79, 2.19, 1.37, 1.46, 1.07, 0, 0.92, 1.92, 2.31, 2.6, 2.49, 2.79, 2.82, 2.64, 2.72, 3.33],