[[0, 0.66, 1.0, 1.38, 1.76, 1.38, 1.78, 2.79, 2.97, 3.35, 2.64, 2.04, 1.75, 1.84, 1.83, 1.94, 2.06, 2.3, 3.83, 4.23, 4.7, 5.51, 5.76, 5.23, 5.21, 5.65, 4.09, 2.51, 2.02, 1.99, 2.19, 2.27, 2.24, 2.5, 2.63, 2.32, 2.02, 2.24, 2.54, 2.84, 3.56, 4.41, 4.01, 3.44, 2.57, 2.75, 2.99, 3.38, 3.54, 3.44, 3.35, 2.53, 1.76, 1.72, 2.27, 2.42, 2.69, 3.52, 2.99, 3.3, 4.14, 3.37, 2.34, 2.0, 2.16, 2.35, 3.73, 3.17, 2.43, 3.07, 2.04, 1.92, 2.02, 2.51, 2.04, 1.84, 2.22, 2.27, 2.09, 3.5, 4.01, 4.07, 3.86, 3.31, 2.79, 3.41], [0.66, 0, 0.8, 1.22, 1.86, 1.26, 1.72, 2.89, 3.11, 3.39, 2.76, 2.02, 1.61, 1.7, 1.65, 1.84, 1.96, 2.36, 3.97, 4.31, 4.74, 5.61, 5.84, 5.25, 5.31, 5.77, 4.25, 2.49, 1.86, 1.91, 2.11, 2.15, 2.12, 2.34, 2.39, 2.12, 1.8, 2.0, 2.4, 2.66, 3.36, 4.21, 3.81, 3.22, 2.43, 2.59, 2.81, 3.2, 3.38, 3.24, 3.13, 2.47, 1.72, 1.48, 2.09, 2.26, 2.57, 3.3, 2.77, 3.1, 3.94, 3.17, 2.24, 2.0, 2.22, 2.47, 3.59, 3.13, 2.41, 2.99, 2.1, 1.96, 2.02, 2.39, 1.94, 1.88, 2.18, 2.19, 1.91, 3.34, 3.81, 3.87, 3.66, 3.11, 2.55, 3.21], [1.0, 0.8, 0, 1.36, 1.98, 1.16, 1.76, 2.93, 3.11, 3.47, 2.94, 2.02, 1.63, 1.62, 1.55, 1.68, 2.04, 2.68, 4.27, 4.65, 5.06, 5.862, 6.08, 5.59, 5.568, 5.99, 4.53, 2.85, 1.96, 1.89, 2.13, 1.99, 2.06, 2.34, 2.35, 2.18, 1.58, 1.78, 2.36, 2.62, 3.36, 4.15, 3.77, 3.2, 2.35, 2.67, 2.93, 3.32, 3.42, 3.36, 3.21, 2.57, 1.82, 1.34, 1.89, 1.96, 2.31, 3.22, 2.77, 3.1, 3.9, 3.13, 2.28, 2.2, 2.56, 2.59, 3.77, 3.29, 2.59, 3.11, 2.06, 2.0, 1.92, 2.39, 2.0, 1.68, 1.96, 1.81, 1.83, 3.38, 3.75, 3.81, 3.58, 3.01, 2.35, 3.11], [1.38, 1.22, 1.36, 0, 1.08, 1.32, 1.34, 2.13, 2.23, 2.55, 2.06, 1.5, 1.39, 1.78, 1.87, 2.04, 2.08, 1.98, 3.27, 3.79, 4.1, 4.73, 5.02, 4.49, 4.47, 4.95, 3.55, 2.21, 1.88, 2.21, 2.51, 2.79, 2.78, 3.02, 2.47, 1.96, 2.06, 2.64, 3.26, 3.54, 4.28, 5.13, 4.75, 4.1, 3.11, 3.43, 3.81, 4.2, 4.32, 4.22, 4.13, 3.45, 2.74, 2.32, 2.21, 2.88, 3.41, 4.26, 3.71, 4.08, 4.92, 4.13, 3.2, 2.92, 3.18, 3.25, 4.61, 4.13, 3.35, 4.03, 3.06, 2.84, 3.0, 3.43, 2.96, 2.6, 2.74, 2.23, 2.83, 4.32, 4.73, 4.79, 4.56, 3.99, 3.37, 4.11], [1.76, 1.86, 1.98, 1.08, 0, 1.54, 1.2, 1.67, 1.93, 2.01, 1.56, 1.24, 1.41, 1.88, 1.91, 2.44, 2.32, 1.52, 2.57, 3.13, 3.44, 4.19, 4.26, 3.85, 3.73, 4.19, 2.69, 1.85, 2.06, 2.73, 3.01, 3.27, 3.24, 3.42, 2.85, 2.26, 2.4, 3.12, 3.76, 4.0, 4.74, 5.59, 5.19, 4.58, 3.63, 3.79, 4.23, 4.58, 4.74, 4.62, 4.53, 3.69, 2.92, 2.66, 2.69, 3.46, 4.11, 4.86, 4.25, 4.44, 5.28, 4.61, 3.62, 3.24, 3.3, 3.49, 4.95, 4.33, 3.49, 4.15, 3.1, 3.0, 3.2, 3.75, 3.0, 2.8, 3.06, 2.43, 3.33, 4.92, 5.25, 5.29, 5.12, 4.57, 4.01, 4.65], [1.38, 1.26, 1.16, 1.32, 1.54, 0, 1.18, 2.57, 2.91, 3.17, 2.44, 1.4, 1.13, 1.34, 1.25, 1.38, 1.7, 2.06, 3.83, 4.21, 4.76, 5.61, 5.7, 5.19, 5.19, 5.61, 4.03, 2.15, 1.4, 1.67, 1.93, 2.03, 2.04, 2.32, 1.91, 1.64, 1.3, 1.98, 2.56, 2.76, 3.46, 4.31, 3.93, 3.26, 2.41, 2.57, 2.97, 3.34, 3.56, 3.4, 3.31, 2.77, 2.08, 1.42, 1.67, 2.08, 2.67, 3.44, 2.91, 3.2, 4.0, 3.31, 2.52, 2.44, 2.72, 2.79, 3.79, 3.37, 2.75, 3.19, 2.3, 2.24, 2.12, 2.47, 2.02, 1.86, 1.98, 1.97, 2.13, 3.5, 3.89, 3.95, 3.72, 3.17, 2.57, 3.29], [1.78, 1.72, 1.76, 1.34, 1.2, 1.18, 0, 1.95, 2.37, 2.67, 1.94, 1.2, 1.39, 1.88, 1.75, 1.78, 1.82, 1.44, 3.07, 3.37, 3.94, 4.83, 5.06, 4.43, 4.51, 4.97, 3.29, 1.59, 1.44, 2.03, 2.39, 2.63, 2.64, 2.84, 2.17, 1.66, 1.88, 2.46, 3.16, 3.38, 4.12, 4.93, 4.59, 4.04, 3.03, 3.25, 3.63, 4.0, 4.12, 4.0, 3.91, 3.25, 2.48, 2.08, 1.93, 2.68, 3.33, 4.1, 3.53, 3.82, 4.7, 3.91, 2.96, 2.76, 3.08, 2.99, 4.39, 3.77, 3.07, 3.59, 2.96, 2.94, 2.88, 3.21, 2.6, 2.5, 2.7, 2.39, 2.89, 4.14, 4.49, 4.53, 4.4, 3.91, 3.25, 3.91], [2.79, 2.89, 2.93, 2.13, 1.67, 2.57, 1.95, 0, 0.88, 1.0, 0.93, 1.43, 1.92, 2.49, 2.86, 3.37, 3.27, 1.97, 1.96, 2.48, 2.73, 3.48, 3.55, 3.2, 3.06, 3.44, 2.08, 1.94, 2.85, 3.62, 4.1, 4.36, 4.33, 4.49, 3.82, 3.21, 3.55, 4.25, 4.87, 5.11, 5.87, 6.7, 6.32, 5.61, 4.74, 5.0, 5.4, 5.75, 5.89, 5.79, 5.66, 4.88, 4.17, 3.79, 3.66, 4.37, 5.04, 5.81, 5.28, 5.53, 6.39, 5.68, 4.73, 4.19, 4.23, 4.6, 6.2, 5.62, 4.72, 5.36, 4.15, 3.89, 4.03, 4.78, 4.03, 3.67, 3.85, 3.12, 4.32, 5.85, 6.26, 6.34, 6.09, 5.56, 4.94, 5.6], [2.97, 3.11, 3.11, 2.23, 1.93, 2.91, 2.37, 0.88, 0, 1.12, 0.89, 1.69, 2.22, 2.83, 3.26, 3.75, 3.63, 2.19, 2.18, 2.84, 2.93, 3.42, 3.51, 3.28, 3.0, 3.4, 2.32, 2.16, 3.13, 3.98, 4.44, 4.74, 4.73, 4.91, 4.24, 3.55, 3.91, 4.61, 5.25, 5.51, 6.23, 7.08, 6.68, 5.93, 5.08, 5.32, 5.74, 6.11, 6.27, 6.19, 6.08, 5.24, 4.53, 4.21, 4.06, 4.77, 5.36, 6.23, 5.668, 5.95, 6.81, 6.1, 5.09, 4.59, 4.67, 4.96, 6.52, 5.96, 5.08, 5.74, 4.43, 4.03, 4.07, 4.98, 4.31, 3.83, 3.91, 3.24, 4.58, 6.19, 6.66, 6.74, 6.49, 5.92, 5.26, 5.98], [3.35, 3.39, 3.47, 2.55, 2.01, 3.17, 2.67, 1.0, 1.12, 0, 1.09, 1.97, 2.5, 3.15, 3.46, 4.01, 3.83, 2.15, 1.68, 2.24, 2.23, 2.96, 3.03, 2.72, 2.56, 2.96, 1.78, 2.34, 3.35, 4.16, 4.64, 4.94, 4.91, 5.09, 4.42, 3.75, 4.11, 4.83, 5.43, 5.71, 6.43, 7.28, 6.88, 6.13, 5.28, 5.52, 5.96, 6.31, 6.45, 6.37, 6.24, 5.44, 4.73, 4.41, 4.34, 5.09, 5.68, 6.49, 5.92, 6.13, 6.99, 6.3, 5.37, 4.87, 4.85, 5.3, 6.74, 6.18, 5.32, 5.98, 4.77, 4.27, 4.47, 5.26, 4.61, 4.19, 4.31, 3.58, 4.94, 6.55, 6.92, 6.98, 6.73, 6.16, 5.58, 6.3], [2.64, 2.76, 2.94, 2.06, 1.56, 2.44, 1.94, 0.93, 0.89, 1.09, 0, 1.22, 1.81, 2.52, 2.77, 3.28, 3.1, 1.6, 1.97, 2.65, 2.88, 3.61, 3.66, 3.25, 3.13, 3.51, 2.11, 1.63, 2.64, 3.45, 3.93, 4.21, 4.2, 4.38, 3.71, 3.04, 3.4, 4.1, 4.74, 5.02, 5.74, 6.59, 6.17, 5.42, 4.57, 4.77, 5.19, 5.58, 5.74, 5.64, 5.55, 4.75, 3.98, 3.7, 3.61, 4.36, 4.99, 5.76, 5.19, 5.44, 6.3, 5.59, 4.58, 4.26, 4.3, 4.59, 5.97, 5.43, 4.67, 5.25, 4.1, 3.78, 3.86, 4.51, 3.8, 3.52, 3.62, 3.17, 4.23, 5.8, 6.17, 6.25, 5.98, 5.41, 4.81, 5.53], [2.04, 2.02, 2.02, 1.5, 1.24, 1.4, 1.2, 1.43, 1.69, 1.97, 1.22, 0, 0.93, 1.62, 1.83, 2.28, 2.38, 1.48, 2.89, 3.41, 3.8, 4.63, 4.68, 4.25, 4.15, 4.53, 3.03, 1.63, 1.74, 2.49, 2.95, 3.23, 3.2, 3.4, 2.69, 2.1, 2.42, 3.12, 3.76, 4.04, 4.74, 5.59, 5.17, 4.44, 3.61, 3.83, 4.25, 4.6, 4.76, 4.64, 4.53, 3.87, 3.08, 2.68, 2.61, 3.34, 3.93, 4.74, 4.17, 4.42, 5.28, 4.57, 3.7, 3.52, 3.72, 3.85, 5.05, 4.57, 3.85, 4.39, 3.3, 3.08, 3.06, 3.61, 3.0, 2.72, 2.76, 2.41, 3.27, 4.82, 5.19, 5.25, 4.98, 4.41, 3.83, 4.55], [1.75, 1.61, 1.63, 1.39, 1.41, 1.13, 1.39, 1.92, 2.22, 2.5, 1.81, 0.93, 0, 0.81, 1.28, 1.75, 1.81, 1.63, 3.4, 3.8, 4.27, 5.1, 5.17, 4.78, 4.64, 5.08, 3.6, 1.86, 1.59, 2.12, 2.44, 2.66, 2.63, 2.79, 2.18, 1.81, 1.97, 2.73, 3.29, 3.45, 4.21, 5.0, 4.58, 3.97, 3.2, 3.46, 3.74, 4.09, 4.33, 4.13, 4.12, 3.56, 2.79, 2.27, 2.36, 2.89, 3.48, 4.21, 3.66, 3.97, 4.73, 4.06, 3.41, 3.27, 3.37, 3.56, 4.64, 4.24, 3.54, 4.04, 2.93, 2.83, 2.85, 3.32, 2.73, 2.55, 2.63, 2.3, 2.8, 4.29, 4.62, 4.66, 4.41, 3.84, 3.26, 3.98], [1.84, 1.7, 1.62, 1.78, 1.88, 1.34, 1.88, 2.49, 2.83, 3.15, 2.52, 1.62, 0.81, 0, 1.11, 1.48, 1.52, 2.26, 4.05, 4.45, 4.94, 5.73, 5.8, 5.45, 5.31, 5.71, 4.27, 2.31, 1.68, 1.87, 2.05, 2.19, 2.2, 2.34, 1.89, 1.76, 1.8, 2.42, 2.94, 3.06, 3.78, 4.55, 4.19, 3.58, 2.93, 3.21, 3.49, 3.8, 4.06, 3.88, 3.81, 3.31, 2.58, 1.94, 2.37, 2.6, 3.15, 3.8, 3.29, 3.6, 4.32, 3.65, 3.14, 3.12, 3.26, 3.37, 4.35, 3.99, 3.33, 3.77, 2.72, 2.72, 2.62, 3.13, 2.52, 2.6, 2.64, 2.47, 2.63, 4.0, 4.19, 4.23, 4.0, 3.47, 2.93, 3.51], [1.83, 1.65, 1.55, 1.87, 1.91, 1.25, 1.75, 2.86, 3.26, 3.46, 2.77, 1.83, 1.28, 1.11, 0, 1.03, 1.27, 2.23, 4.14, 4.52, 5.07, 5.92, 6.03, 5.54, 5.48, 5.9, 4.34, 2.16, 1.33, 1.46, 1.7, 1.84, 1.69, 1.77, 1.48, 1.39, 1.35, 1.95, 2.49, 2.57, 3.31, 4.02, 3.68, 3.13, 2.5, 2.78, 3.04, 3.39, 3.57, 3.45, 3.38, 2.88, 2.17, 1.61, 2.1, 2.13, 2.66, 3.23, 2.86, 3.13, 3.83, 3.24, 2.81, 2.79, 2.89, 2.94, 3.9, 3.56, 2.9, 3.42, 2.69, 2.69, 2.49, 2.68, 2.37, 2.55, 2.73, 2.8, 2.44, 3.59, 3.68, 3.66, 3.43, 2.9, 2.38, 3.0], [1.94, 1.84, 1.68, 2.04, 2.44, 1.38, 1.78, 3.37, 3.75, 4.01, 3.28, 2.28, 1.75, 1.48, 1.03, 0, 0.86, 2.48, 4.63, 4.91, 5.52, 6.35, 6.62, 5.99, 6.09, 6.51, 4.87, 2.35, 1.16, 1.07, 1.19, 1.29, 1.22, 1.46, 1.41, 1.52, 1.5, 1.86, 2.2, 2.28, 2.92, 3.59, 3.21, 2.82, 2.09, 2.41, 2.67, 3.0, 3.22, 3.04, 3.05, 2.61, 1.98, 1.42, 1.95, 2.0, 2.19, 2.7, 2.37, 2.84, 3.52, 2.77, 2.3, 2.36, 2.72, 2.57, 3.55, 3.19, 2.65, 2.99, 2.62, 2.7, 2.4, 2.39, 2.2, 2.7, 2.9, 3.09, 2.37, 3.04, 3.11, 3.11, 2.84, 2.35, 2.01, 2.59], [2.06, 1.96, 2.04, 2.08, 2.32, 1.7, 1.82, 3.27, 3.63, 3.83, 3.1, 2.38, 1.81, 1.52, 1.27, 0.86, 0, 2.1, 4.29, 4.51, 5.14, 6.03, 6.3, 5.67, 5.77, 6.25, 4.51, 1.97, 1.02, 1.07, 1.21, 1.43, 1.32, 1.52, 1.31, 1.3, 1.56, 1.86, 2.3, 2.3, 2.96, 3.61, 3.33, 3.0, 2.27, 2.51, 2.75, 2.96, 3.18, 3.04, 3.09, 2.75, 2.08, 1.54, 2.05, 2.14, 2.37, 2.94, 2.55, 2.98, 3.6, 2.89, 2.52, 2.62, 2.78, 2.61, 3.51, 3.19, 2.83, 3.13, 3.02, 3.1, 2.8, 2.67, 2.54, 3.08, 3.24, 3.51, 2.73, 3.22, 3.27, 3.21, 3.14, 2.69, 2.27, 2.75], [2.3, 2.36, 2.68, 1.98, 1.52, 2.06, 1.44, 1.97, 2.19, 2.15, 1.6, 1.48, 1.63, 2.26, 2.23, 2.48, 2.1, 0, 2.19, 2.49, 3.06, 3.95, 4.2, 3.57, 3.67, 4.15, 2.45, 1.37, 1.88, 2.63, 3.03, 3.29, 3.24, 3.4, 2.75, 2.16, 2.54, 3.26, 3.88, 4.04, 4.76, 5.55, 5.15, 4.7, 3.71, 3.93, 4.25, 4.58, 4.76, 4.64, 4.59, 3.85, 3.22, 2.9, 2.77, 3.52, 4.23, 4.92, 4.302, 4.6, 5.42, 4.67, 3.82, 3.44, 3.52, 3.67, 5.03, 4.47, 3.79, 4.35, 3.78, 3.58, 3.72, 3.95, 3.42, 3.44, 3.62, 3.35, 3.77, 4.92, 5.19, 5.23, 5.12, 4.59, 4.05, 4.71], [3.83, 3.97, 4.27, 3.27, 2.57, 3.83, 3.07, 1.96, 2.18, 1.68, 1.97, 2.89, 3.4, 4.05, 4.14, 4.63, 4.29, 2.19, 0, 0.92, 1.17, 1.88, 2.03, 1.52, 1.5, 2.04, 0.78, 2.56, 3.79, 4.62, 5.02, 5.34, 5.33, 5.51, 4.82, 4.13, 4.45, 5.29, 5.91, 6.13, 6.73, 7.58, 7.3, 6.75, 5.66, 5.84, 6.2, 6.65, 6.83, 6.75, 6.66, 5.78, 4.99, 4.91, 4.894, 5.69, 6.343, 7.056, 6.429, 6.659, 7.533, 6.82, 5.81, 5.13, 5.03, 5.34, 6.84, 6.22, 5.36, 6.08, 5.23, 4.97, 5.35, 5.88, 5.11, 4.93, 5.29, 4.7, 5.36, 6.99, 7.32, 7.36, 7.27, 6.72, 6.16, 6.84], [4.23, 4.31, 4.65, 3.79, 3.13, 4.21, 3.37, 2.48, 2.84, 2.24, 2.65, 3.41, 3.8, 4.45, 4.52, 4.91, 4.51, 2.49, 0.92, 0, 0.79, 1.58, 1.87, 1.24, 1.38, 1.8, 1.16, 2.84, 4.03, 4.9, 5.32, 5.6, 5.57, 5.79, 5.1, 4.51, 4.87, 5.59, 6.21, 6.35, 7.03, 7.8, 7.54, 7.05, 5.96, 6.08, 6.42, 6.81, 7.03, 6.99, 6.98, 6.16, 5.41, 5.25, 5.14, 5.99, 6.649, 7.322, 6.695, 7.002, 7.879, 7.089, 6.07, 5.49, 5.43, 5.62, 7.1, 6.52, 5.68, 6.36, 5.63, 5.39, 5.77, 6.24, 5.49, 5.31, 5.71, 5.14, 5.76, 7.17, 7.5, 7.52, 7.49, 6.96, 6.48, 7.18], [4.7, 4.74, 5.06, 4.1, 3.44, 4.76, 3.94, 2.73, 2.93, 2.23, 2.88, 3.8, 4.27, 4.94, 5.07, 5.52, 5.14, 3.06, 1.17, 0.79, 0, 0.95, 1.28, 0.77, 0.91, 1.27, 1.29, 3.41, 4.62, 5.49, 5.91, 6.23, 6.22, 6.44, 5.73, 5.1, 5.42, 6.14, 6.8, 7.0, 7.66, 8.47, 8.17, 7.66, 6.55, 6.71, 7.07, 7.48, 7.7, 7.64, 7.59, 6.75, 6.0, 5.84, 5.75, 6.58, 7.256, 7.949, 7.322, 7.589, 8.449, 7.696, 6.68, 6.04, 5.96, 6.19, 7.73, 7.13, 6.25, 6.97, 6.1, 5.9, 6.26, 6.81, 6.06, 5.84, 6.22, 5.49, 6.27, 7.82, 8.15, 8.19, 8.14, 7.59, 7.07, 7.77], [5.51, 5.61, 5.862, 4.73, 4.19, 5.61, 4.83, 3.48, 3.42, 2.96, 3.61, 4.63, 5.1, 5.73, 5.92, 6.35, 6.03, 3.95, 1.88, 1.58, 0.95, 0, 0.87, 0.9, 0.86, 1.06, 1.9, 4.26, 5.51, 6.36, 6.78, 7.12, 7.13, 7.31, 6.62, 5.95, 6.29, 7.03, 7.65, 7.85, 8.53, 9.38, 9.04, 8.49, 7.38, 7.56, 7.94, 8.39, 8.61, 8.53, 8.46, 7.58, 6.85, 6.69, 6.64, 7.43, 8.086, 8.796, 8.169, 8.422, 9.299, 8.543, 7.53, 6.81, 6.77, 7.02, 8.6, 7.98, 7.06, 7.82, 6.91, 6.73, 7.09, 7.66, 6.91, 6.67, 7.05, 6.2, 7.12, 8.73, 9.06, 9.1, 8.99, 8.44, 7.9, 8.6], [5.76, 5.84, 6.08, 5.02, 4.26, 5.7, 5.06, 3.55, 3.51, 3.03, 3.66, 4.68, 5.17, 5.8, 6.03, 6.62, 6.3, 4.2, 2.03, 1.87, 1.28, 0.87, 0, 0.85, 1.03, 1.07, 1.93, 4.49, 5.76, 6.61, 7.01, 7.35, 7.36, 7.54, 6.85, 6.16, 6.46, 7.28, 7.9, 8.12, 8.76, 9.61, 9.31, 8.66, 7.65, 7.83, 8.21, 8.66, 8.84, 8.76, 8.662, 7.742, 7.0, 6.88, 6.902, 7.672, 8.324, 9.037, 8.41, 8.6, 9.474, 8.804, 7.8, 6.98, 6.8, 7.21, 8.81, 8.17, 7.25, 8.07, 7.02, 6.74, 7.12, 7.77, 6.94, 6.72, 7.1, 6.27, 7.29, 9.0, 9.33, 9.37, 9.26, 8.71, 8.15, 8.79], [5.23, 5.25, 5.59, 4.49, 3.85, 5.19, 4.43, 3.2, 3.28, 2.72, 3.25, 4.25, 4.78, 5.45, 5.54, 5.99, 5.67, 3.57, 1.52, 1.24, 0.77, 0.9, 0.85, 0, 0.74, 0.98, 1.46, 3.86, 5.11, 5.98, 6.38, 6.72, 6.71, 6.89, 6.24, 5.55, 5.87, 6.63, 7.25, 7.47, 8.13, 8.98, 8.66, 8.07, 7.0, 7.18, 7.56, 8.03, 8.21, 8.13, 8.04, 7.16, 6.43, 6.29, 6.26, 7.03, 7.706, 8.399, 7.772, 7.999, 8.879, 8.166, 7.15, 6.37, 6.27, 6.6, 8.18, 7.54, 6.6, 7.46, 6.61, 6.31, 6.69, 7.22, 6.47, 6.29, 6.65, 6.0, 6.72, 8.35, 8.7, 8.74, 8.61, 8.06, 7.52, 8.18], [5.21, 5.31, 5.568, 4.47, 3.73, 5.19, 4.51, 3.06, 3.0, 2.56, 3.13, 4.15, 4.64, 5.31, 5.48, 6.09, 5.77, 3.67, 1.5, 1.38, 0.91, 0.86, 1.03, 0.74, 0, 0.7, 1.44, 3.94, 5.21, 6.06, 6.46, 6.82, 6.79, 6.97, 6.3, 5.61, 5.91, 6.73, 7.37, 7.59, 8.21, 9.06, 8.76, 8.15, 7.12, 7.3, 7.66, 8.13, 8.31, 8.23, 8.129, 7.214, 6.45, 6.33, 6.354, 7.144, 7.797, 8.51, 7.883, 8.09, 8.947, 8.277, 7.27, 6.47, 6.29, 6.72, 8.26, 7.62, 6.72, 7.54, 6.51, 6.23, 6.59, 7.26, 6.43, 6.21, 6.57, 5.84, 6.74, 8.45, 8.8, 8.84, 8.73, 8.18, 7.62, 8.28], [5.65, 5.77, 5.99, 4.95, 4.19, 5.61, 4.97, 3.44, 3.4, 2.96, 3.51, 4.53, 5.08, 5.71, 5.9, 6.51, 6.25, 4.15, 2.04, 1.8, 1.27, 1.06, 1.07, 0.98, 0.7, 0, 1.74, 4.42, 5.67, 6.52, 6.94, 7.32, 7.31, 7.49, 6.82, 6.13, 6.43, 7.19, 7.81, 8.05, 8.73, 9.58, 9.24, 8.55, 7.54, 7.72, 8.12, 8.61, 8.81, 8.73, 8.623, 7.703, 6.953, 6.796, 6.809, 7.579, 8.214, 8.944, 8.317, 8.522, 9.399, 8.712, 7.699, 6.91, 6.71, 7.16, 8.78, 8.14, 7.18, 8.02, 6.89, 6.59, 6.95, 7.66, 6.81, 6.59, 6.95, 6.24, 7.18, 8.91, 9.28, 9.32, 9.15, 8.6, 8.04, 8.7], [4.09, 4.25, 4.53, 3.55, 2.69, 4.03, 3.29, 2.08, 2.32, 1.78, 2.11, 3.03, 3.6, 4.27, 4.34, 4.87, 4.51, 2.45, 0.78, 1.16, 1.29, 1.9, 1.93, 1.46, 1.44, 1.74, 0, 2.72, 3.99, 4.84, 5.26, 5.6, 5.63, 5.81, 5.1, 4.41, 4.71, 5.51, 6.17, 6.37, 7.03, 7.86, 7.54, 6.95, 5.9, 6.08, 6.44, 6.87, 7.09, 7.01, 6.914, 6.04, 5.25, 5.11, 5.134, 5.924, 6.577, 7.29, 6.663, 6.873, 7.733, 7.057, 6.05, 5.23, 5.07, 5.46, 7.06, 6.42, 5.5, 6.3, 5.41, 5.17, 5.43, 6.06, 5.27, 5.09, 5.41, 4.9, 5.62, 7.23, 7.56, 7.58, 7.51, 6.96, 6.4, 7.06], [2.51, 2.49, 2.85, 2.21, 1.85, 2.15, 1.59, 1.94, 2.16, 2.34, 1.63, 1.63, 1.86, 2.31, 2.16, 2.35, 1.97, 1.37, 2.56, 2.84, 3.41, 4.26, 4.49, 3.86, 3.94, 4.42, 2.72, 0, 1.37, 2.26, 2.6, 3.14, 2.95, 3.17, 2.46, 1.91, 2.27, 2.89, 3.55, 3.73, 4.45, 5.26, 4.9, 4.39, 3.34, 3.56, 3.86, 4.23, 4.49, 4.39, 4.38, 3.7, 2.93, 2.63, 2.64, 3.33, 3.94, 4.67, 4.1, 4.35, 5.19, 4.42, 3.55, 3.29, 3.41, 3.36, 4.52, 4.06, 3.42, 4.18, 3.79, 3.65, 3.57, 3.7, 3.27, 3.69, 3.73, 3.68, 3.66, 4.57, 4.9, 4.94, 4.85, 4.34, 3.8, 4.46], [2.02, 1.86, 1.96, 1.88, 2.06, 1.4, 1.44, 2.85, 3.13, 3.35, 2.64, 1.74, 1.59, 1.68, 1.33, 1.16, 1.02, 1.88, 3.79, 4.03, 4.62, 5.51, 5.76, 5.11, 5.21, 5.67, 3.99, 1.37, 0, 1.03, 1.43, 1.89, 1.74, 2.0, 1.45, 1.16, 1.38, 1.94, 2.52, 2.64, 3.28, 4.07, 3.73, 3.3, 2.35, 2.67, 2.91, 3.28, 3.48, 3.4, 3.43, 2.95, 2.24, 1.64, 1.95, 2.24, 2.77, 3.44, 2.99, 3.38, 4.08, 3.37, 2.64, 2.64, 2.88, 2.77, 3.67, 3.35, 2.81, 3.35, 3.04, 2.98, 2.74, 2.83, 2.56, 3.02, 3.08, 3.23, 2.73, 3.46, 3.73, 3.77, 3.62, 3.17, 2.65, 3.35], [1.99, 1.91, 1.89, 2.21, 2.73, 1.67, 2.03, 3.62, 3.98, 4.16, 3.45, 2.49, 2.12, 1.87, 1.46, 1.07, 1.07, 2.63, 4.62, 4.9, 5.49, 6.36, 6.61, 5.98, 6.06, 6.52, 4.84, 2.26, 1.03, 0, 0.76, 1.22, 1.11, 1.17, 1.14, 1.13, 1.29, 1.43, 1.69, 1.83, 2.53, 3.24, 2.96, 2.53, 1.7, 2.0, 2.18, 2.57, 2.75, 2.71, 2.74, 2.32, 1.69, 1.45, 1.96, 2.03, 2.02, 2.63, 2.44, 2.81, 3.29, 2.72, 2.17, 2.29, 2.45, 2.24, 3.0, 2.68, 2.38, 2.9, 2.71, 2.69, 2.45, 2.38, 2.27, 3.01, 3.21, 3.44, 2.5, 2.79, 2.94, 2.92, 2.85, 2.5, 2.14, 2.58], [2.19, 2.11, 2.13, 2.51, 3.01, 1.93, 2.39, 4.1, 4.44, 4.64, 3.93, 2.95, 2.44, 2.05, 1.7, 1.19, 1.21, 3.03, 5.02, 5.32, 5.91, 6.78, 7.01, 6.38, 6.46, 6.94, 5.26, 2.6, 1.43, 0.76, 0, 0.82, 0.85, 1.23, 1.28, 1.33, 1.33, 1.61, 1.75, 1.89, 2.25, 2.9, 2.62, 2.31, 1.84, 2.06, 2.16, 2.37, 2.63, 2.59, 2.56, 2.22, 1.73, 1.45, 2.04, 2.09, 1.9, 2.29, 2.18, 2.55, 2.97, 2.42, 2.09, 2.23, 2.43, 2.2, 2.84, 2.56, 2.36, 2.72, 2.67, 2.75, 2.55, 2.3, 2.41, 3.13, 3.25, 3.54, 2.54, 2.63, 2.6, 2.48, 2.45, 2.2, 2.06, 2.24], [2.27, 2.15, 1.99, 2.79, 3.27, 2.03, 2.63, 4.36, 4.74, 4.94, 4.21, 3.23, 2.66, 2.19, 1.84, 1.29, 1.43, 3.29, 5.34, 5.6, 6.23, 7.12, 7.35, 6.72, 6.82, 7.32, 5.6, 3.14, 1.89, 1.22, 0.82, 0, 0.71, 1.25, 1.7, 1.73, 1.43, 1.71, 1.81, 1.97, 2.25, 2.7, 2.44, 2.15, 1.74, 2.14, 1.98, 2.13, 2.33, 2.25, 2.22, 1.92, 1.61, 1.37, 2.06, 2.01, 1.88, 2.01, 1.86, 2.27, 2.77, 2.06, 1.91, 2.03, 2.21, 2.02, 2.64, 2.34, 2.4, 2.4, 2.59, 2.71, 2.51, 2.06, 2.27, 2.93, 3.09, 3.4, 2.44, 2.67, 2.42, 2.2, 2.21, 1.9, 1.9, 2.04], [2.24, 2.12, 2.06, 2.78, 3.24, 2.04, 2.64, 4.33, 4.73, 4.91, 4.2, 3.2, 2.63, 2.2, 1.69, 1.22, 1.32, 3.24, 5.33, 5.57, 6.22, 7.13, 7.36, 6.71, 6.79, 7.31, 5.63, 2.95, 1.74, 1.11, 0.85, 0.71, 0, 0.94, 1.41, 1.58, 1.3, 1.62, 1.72, 1.74, 2.16, 2.73, 2.55, 2.34, 1.81, 2.05, 1.87, 2.16, 2.34, 2.34, 2.37, 2.01, 1.52, 1.38, 2.05, 1.96, 1.73, 2.08, 1.95, 2.38, 2.98, 2.27, 1.96, 2.1, 2.28, 2.09, 2.73, 2.37, 2.29, 2.63, 2.64, 2.74, 2.48, 2.13, 2.22, 3.02, 3.22, 3.51, 2.63, 2.56, 2.39, 2.19, 2.18, 1.99, 1.93, 2.15], [2.5, 2.34, 2.34, 3.02, 3.42, 2.32, 2.84, 4.49, 4.91, 5.09, 4.38, 3.4, 2.79, 2.34, 1.77, 1.46, 1.52, 3.4, 5.51, 5.79, 6.44, 7.31, 7.54, 6.89, 6.97, 7.49, 5.81, 3.17, 2.0, 1.17, 1.23, 1.25, 0.94, 0, 0.99, 1.5, 1.46, 1.58, 1.3, 1.4, 2.0, 2.49, 2.43, 2.38, 1.73, 1.85, 1.85, 2.12, 2.34, 2.36, 2.43, 2.21, 1.74, 1.74, 2.33, 2.2, 2.05, 2.3, 2.41, 2.64, 3.08, 2.59, 2.42, 2.64, 2.7, 2.35, 2.65, 2.43, 2.45, 3.17, 3.12, 3.08, 2.82, 2.47, 2.56, 3.4, 3.6, 3.91, 2.93, 2.56, 2.27, 2.23, 2.42, 2.25, 2.05, 2.29], [2.63, 2.39, 2.35, 2.47, 2.85, 1.91, 2.17, 3.82, 4.24, 4.42, 3.71, 2.69, 2.18, 1.89, 1.48, 1.41, 1.31, 2.75, 4.82, 5.1, 5.73, 6.62, 6.85, 6.24, 6.3, 6.82, 5.1, 2.46, 1.45, 1.14, 1.28, 1.7, 1.41, 0.99, 0, 0.79, 1.13, 1.69, 1.87, 1.99, 2.59, 3.14, 3.02, 2.93, 2.2, 2.38, 2.54, 2.67, 2.89, 2.89, 2.92, 2.72, 2.21, 1.93, 2.06, 2.23, 2.44, 2.87, 2.98, 3.15, 3.61, 3.12, 2.95, 3.09, 3.13, 2.84, 3.18, 2.94, 2.9, 3.68, 3.53, 3.45, 3.29, 3.06, 2.93, 3.51, 3.53, 3.7, 3.18, 3.19, 2.94, 2.9, 3.13, 2.94, 2.58, 2.92], [2.32, 2.12, 2.18, 1.96, 2.26, 1.64, 1.66, 3.21, 3.55, 3.75, 3.04, 2.1, 1.81, 1.76, 1.39, 1.52, 1.3, 2.16, 4.13, 4.51, 5.1, 5.95, 6.16, 5.55, 5.61, 6.13, 4.41, 1.91, 1.16, 1.13, 1.33, 1.73, 1.58, 1.5, 0.79, 0, 0.84, 1.74, 2.24, 2.4, 2.98, 3.67, 3.51, 3.14, 2.37, 2.65, 2.83, 3.12, 3.32, 3.28, 3.21, 2.85, 2.22, 1.88, 1.77, 2.1, 2.51, 3.2, 2.99, 3.32, 3.84, 3.33, 2.98, 2.96, 3.08, 2.93, 3.55, 3.25, 2.97, 3.65, 3.46, 3.42, 3.24, 3.13, 2.94, 3.34, 3.3, 3.35, 3.15, 3.5, 3.45, 3.35, 3.48, 3.19, 2.75, 3.15], [2.02, 1.8, 1.58, 2.06, 2.4, 1.3, 1.88, 3.55, 3.91, 4.11, 3.4, 2.42, 1.97, 1.8, 1.35, 1.5, 1.56, 2.54, 4.45, 4.87, 5.42, 6.29, 6.46, 5.87, 5.91, 6.43, 4.71, 2.27, 1.38, 1.29, 1.33, 1.43, 1.3, 1.46, 1.13, 0.84, 0, 1.18, 1.74, 1.92, 2.56, 3.27, 3.09, 2.68, 1.77, 2.13, 2.33, 2.72, 2.8, 2.7, 2.61, 2.19, 1.56, 1.2, 1.39, 1.62, 2.13, 2.72, 2.45, 2.7, 3.32, 2.79, 2.32, 2.34, 2.46, 2.39, 3.03, 2.61, 2.25, 3.03, 2.76, 2.72, 2.52, 2.45, 2.24, 2.62, 2.68, 2.75, 2.51, 2.96, 3.07, 3.03, 3.12, 2.71, 2.21, 2.65], [2.24, 2.0, 1.78, 2.64, 3.12, 1.98, 2.46, 4.25, 4.61, 4.83, 4.1, 3.12, 2.73, 2.42, 1.95, 1.86, 1.86, 3.26, 5.29, 5.59, 6.14, 7.03, 7.28, 6.63, 6.73, 7.19, 5.51, 2.89, 1.94, 1.43, 1.61, 1.71, 1.62, 1.58, 1.69, 1.74, 1.18, 0, 1.02, 1.14, 1.78, 2.55, 2.27, 1.9, 1.19, 1.39, 1.57, 2.22, 2.06, 1.96, 1.87, 1.55, 1.34, 0.96, 1.15, 1.12, 1.43, 1.94, 1.73, 1.96, 2.48, 1.87, 1.56, 1.84, 2.1, 2.19, 2.23, 1.79, 1.61, 2.29, 2.02, 2.08, 1.94, 1.61, 1.5, 2.1, 2.34, 2.63, 1.89, 2.1, 2.21, 2.23, 2.26, 1.89, 1.39, 1.83], [2.54, 2.4, 2.36, 3.26, 3.76, 2.56, 3.16, 4.87, 5.25, 5.43, 4.74, 3.76, 3.29, 2.94, 2.49, 2.2, 2.3, 3.88, 5.91, 6.21, 6.8, 7.65, 7.9, 7.25, 7.37, 7.81, 6.17, 3.55, 2.52, 1.69, 1.75, 1.81, 1.72, 1.3, 1.87, 2.24, 1.74, 1.02, 0, 0.7, 1.24, 1.87, 1.67, 1.52, 1.23, 1.31, 1.15, 1.56, 1.46, 1.42, 1.39, 1.27, 1.22, 1.46, 1.79, 1.72, 1.57, 1.72, 1.55, 1.76, 2.22, 1.73, 1.46, 1.84, 2.04, 2.05, 1.61, 1.35, 1.47, 2.15, 2.06, 2.08, 1.98, 1.51, 1.68, 2.54, 2.82, 3.19, 2.35, 1.82, 1.67, 1.89, 2.0, 1.77, 1.47, 1.73], [2.84, 2.66, 2.62, 3.54, 4.0, 2.76, 3.38, 5.11, 5.51, 5.71, 5.02, 4.04, 3.45, 3.06, 2.57, 2.28, 2.3, 4.04, 6.13, 6.35, 7.0, 7.85, 8.12, 7.47, 7.59, 8.05, 6.37, 3.73, 2.64, 1.83, 1.89, 1.97, 1.74, 1.4, 1.99, 2.4, 1.92, 1.14, 0.7, 0, 0.84, 1.63, 1.39, 1.7, 1.45, 1.47, 1.27, 1.62, 1.54, 1.48, 1.47, 1.55, 1.48, 1.56, 1.95, 1.74, 1.59, 1.52, 1.47, 1.6, 1.96, 1.61, 1.56, 1.98, 2.26, 2.31, 1.61, 1.41, 1.47, 1.99, 1.98, 2.34, 2.12, 1.63, 1.82, 2.44, 2.74, 3.35, 2.39, 1.74, 1.51, 1.59, 1.74, 1.47, 1.41, 1.55], [3.56, 3.36, 3.36, 4.28, 4.74, 3.46, 4.12, 5.87, 6.23, 6.43, 5.74, 4.74, 4.21, 3.78, 3.31, 2.92, 2.96, 4.76, 6.73, 7.03, 7.66, 8.53, 8.76, 8.13, 8.21, 8.73, 7.03, 4.45, 3.28, 2.53, 2.25, 2.25, 2.16, 2.0, 2.59, 2.98, 2.56, 1.78, 1.24, 0.84, 0, 0.91, 0.93, 1.48, 1.67, 1.59, 1.41, 1.7, 1.6, 1.48, 1.35, 1.81, 2.04, 2.2, 2.45, 2.0, 1.73, 1.34, 1.39, 1.4, 1.6, 1.35, 1.66, 2.42, 2.7, 2.73, 1.47, 1.41, 1.91, 1.63, 2.26, 2.7, 2.52, 1.73, 2.26, 2.8, 2.96, 3.51, 2.45, 1.5, 1.07, 1.25, 1.44, 1.35, 1.45, 1.51], [4.41, 4.21, 4.15, 5.13, 5.59, 4.31, 4.93, 6.7, 7.08, 7.28, 6.59, 5.59, 5.0, 4.55, 4.02, 3.59, 3.61, 5.55, 7.58, 7.8, 8.47, 9.38, 9.61, 8.98, 9.06, 9.58, 7.86, 5.26, 4.07, 3.24, 2.9, 2.7, 2.73, 2.49, 3.14, 3.67, 3.27, 2.55, 1.87, 1.63, 0.91, 0, 0.9, 1.65, 2.24, 2.2, 1.92, 1.89, 1.77, 1.65, 1.58, 2.22, 2.75, 2.99, 3.2, 2.55, 2.22, 1.41, 1.8, 1.61, 1.47, 1.42, 2.23, 3.05, 3.31, 3.22, 1.62, 1.7, 2.64, 2.0, 2.99, 3.41, 3.33, 2.32, 3.05, 3.59, 3.51, 4.2, 2.9, 1.53, 0.98, 1.2, 1.57, 1.58, 1.9, 1.62], [4.01, 3.81, 3.77, 4.75, 5.19, 3.93, 4.59, 6.32, 6.68, 6.88, 6.17, 5.17, 4.58, 4.19, 3.68, 3.21, 3.33, 5.15, 7.3, 7.54, 8.17, 9.04, 9.31, 8.66, 8.76, 9.24, 7.54, 4.9, 3.73, 2.96, 2.62, 2.44, 2.55, 2.43, 3.02, 3.51, 3.09, 2.27, 1.67, 1.39, 0.93, 0.9, 0, 1.21, 1.8, 1.92, 1.62, 1.59, 1.51, 1.33, 1.3, 1.84, 2.47, 2.67, 2.88, 2.25, 1.98, 1.05, 1.42, 1.35, 1.17, 1.14, 1.81, 2.61, 2.81, 2.68, 1.48, 1.46, 2.24, 1.74, 2.63, 3.03, 2.95, 1.9, 2.67, 3.19, 3.17, 3.82, 2.44, 1.19, 0.68, 1.1, 1.25, 1.2, 1.56, 1.26], [3.44, 3.22, 3.2, 4.1, 4.58, 3.26, 4.04, 5.61, 5.93, 6.13, 5.42, 4.44, 3.97, 3.58, 3.13, 2.82, 3.0, 4.7, 6.75, 7.05, 7.66, 8.49, 8.66, 8.07, 8.15, 8.55, 6.95, 4.39, 3.3, 2.53, 2.31, 2.15, 2.34, 2.38, 2.93, 3.14, 2.68, 1.9, 1.52, 1.7, 1.48, 1.65, 1.21, 0, 1.29, 1.31, 1.11, 1.44, 1.38, 1.36, 1.09, 1.33, 2.0, 2.18, 2.43, 1.96, 1.65, 1.4, 1.55, 1.56, 1.84, 1.45, 1.74, 2.34, 2.46, 2.31, 1.47, 1.61, 2.33, 1.97, 2.5, 2.62, 2.54, 1.41, 2.2, 2.96, 2.92, 3.21, 2.27, 1.66, 1.53, 1.55, 1.6, 1.53, 1.55, 1.25], [2.57, 2.43, 2.35, 3.11, 3.63, 2.41, 3.03, 4.74, 5.08, 5.28, 4.57, 3.61, 3.2, 2.93, 2.5, 2.09, 2.27, 3.71, 5.66, 5.96, 6.55, 7.38, 7.65, 7.0, 7.12, 7.54, 5.9, 3.34, 2.35, 1.7, 1.84, 1.74, 1.81, 1.73, 2.2, 2.37, 1.77, 1.19, 1.23, 1.45, 1.67, 2.24, 1.8, 1.29, 0, 0.74, 1.02, 1.71, 1.73, 1.57, 1.44, 1.36, 1.47, 1.55, 1.8, 1.65, 1.7, 1.85, 1.78, 1.89, 2.43, 1.8, 1.59, 2.07, 2.25, 2.0, 1.68, 1.54, 1.96, 2.1, 2.35, 2.35, 2.17, 1.48, 1.83, 2.51, 2.67, 2.88, 2.02, 1.79, 1.9, 1.88, 1.99, 1.7, 1.52, 1.66], [2.75, 2.59, 2.67, 3.43, 3.79, 2.57, 3.25, 5.0, 5.32, 5.52, 4.77, 3.83, 3.46, 3.21, 2.78, 2.41, 2.51, 3.93, 5.84, 6.08, 6.71, 7.56, 7.83, 7.18, 7.3, 7.72, 6.08, 3.56, 2.67, 2.0, 2.06, 2.14, 2.05, 1.85, 2.38, 2.65, 2.13, 1.39, 1.31, 1.47, 1.59, 2.2, 1.92, 1.31, 0.74, 0, 0.84, 1.59, 1.65, 1.69, 1.58, 1.56, 1.71, 1.77, 1.9, 1.91, 1.82, 2.03, 2.02, 2.19, 2.69, 2.1, 1.87, 2.31, 2.51, 2.32, 1.56, 1.5, 2.04, 2.24, 2.31, 2.39, 2.25, 1.62, 1.83, 2.51, 2.65, 2.96, 2.04, 1.71, 1.9, 1.96, 2.09, 1.88, 1.58, 1.78], [2.99, 2.81, 2.93, 3.81, 4.23, 2.97, 3.63, 5.4, 5.74, 5.96, 5.19, 4.25, 3.74, 3.49, 3.04, 2.67, 2.75, 4.25, 6.2, 6.42, 7.07, 7.94, 8.21, 7.56, 7.66, 8.12, 6.44, 3.86, 2.91, 2.18, 2.16, 1.98, 1.87, 1.85, 2.54, 2.83, 2.33, 1.57, 1.15, 1.27, 1.41, 1.92, 1.62, 1.11, 1.02, 0.84, 0, 1.13, 1.11, 1.15, 1.18, 1.12, 1.65, 1.93, 2.14, 2.13, 1.88, 1.79, 1.8, 2.01, 2.43, 1.9, 1.79, 2.09, 2.17, 2.08, 1.2, 1.2, 1.92, 2.1, 2.33, 2.49, 2.39, 1.54, 1.93, 2.79, 3.05, 3.36, 2.4, 1.79, 1.7, 1.62, 1.91, 1.88, 1.8, 1.68], [3.38, 3.2, 3.32, 4.2, 4.58, 3.34, 4.0, 5.75, 6.11, 6.31, 5.58, 4.6, 4.09, 3.8, 3.39, 3.0, 2.96, 4.58, 6.65, 6.81, 7.48, 8.39, 8.66, 8.03, 8.13, 8.61, 6.87, 4.23, 3.28, 2.57, 2.37, 2.13, 2.16, 2.12, 2.67, 3.12, 2.72, 2.22, 1.56, 1.62, 1.7, 1.89, 1.59, 1.44, 1.71, 1.59, 1.13, 0, 0.66, 1.0, 1.21, 1.35, 1.86, 2.32, 2.83, 2.8, 2.49, 1.94, 1.93, 2.0, 2.38, 2.09, 1.92, 2.1, 2.22, 1.61, 0.95, 1.25, 2.09, 2.25, 2.74, 2.74, 2.72, 1.91, 2.66, 3.42, 3.58, 4.09, 3.13, 2.08, 1.83, 1.75, 2.24, 2.23, 2.37, 2.05], [3.54, 3.38, 3.42, 4.32, 4.74, 3.56, 4.12, 5.89, 6.27, 6.45, 5.74, 4.76, 4.33, 4.06, 3.57, 3.22, 3.18, 4.76, 6.83, 7.03, 7.7, 8.61, 8.84, 8.21, 8.31, 8.81, 7.09, 4.49, 3.48, 2.75, 2.63, 2.33, 2.34, 2.34, 2.89, 3.32, 2.8, 2.06, 1.46, 1.54, 1.6, 1.77, 1.51, 1.38, 1.73, 1.65, 1.11, 0.66, 0, 0.62, 0.79, 1.23, 1.9, 2.34, 2.65, 2.64, 2.39, 1.78, 1.71, 1.76, 2.1, 1.87, 1.68, 2.14, 2.28, 1.85, 0.77, 1.01, 1.89, 2.03, 2.48, 2.7, 2.6, 1.83, 2.56, 3.26, 3.48, 4.03, 3.17, 1.98, 1.81, 1.79, 2.22, 2.17, 2.31, 1.97], [3.44, 3.24, 3.36, 4.22, 4.62, 3.4, 4.0, 5.79, 6.19, 6.37, 5.64, 4.64, 4.13, 3.88, 3.45, 3.04, 3.04, 4.64, 6.75, 6.99, 7.64, 8.53, 8.76, 8.13, 8.23, 8.73, 7.01, 4.39, 3.4, 2.71, 2.59, 2.25, 2.34, 2.36, 2.89, 3.28, 2.7, 1.96, 1.42, 1.48, 1.48, 1.65, 1.33, 1.36, 1.57, 1.69, 1.15, 1.0, 0.62, 0, 0.57, 1.07, 1.8, 2.24, 2.49, 2.38, 2.19, 1.5, 1.29, 1.32, 1.68, 1.39, 1.46, 2.0, 2.2, 1.85, 0.69, 0.95, 1.69, 1.67, 2.26, 2.551, 2.54, 1.61, 2.28, 2.96, 3.22, 3.77, 2.85, 1.78, 1.69, 1.67, 2.0, 1.85, 1.97, 1.67], [3.35, 3.13, 3.21, 4.13, 4.53, 3.31, 3.91, 5.66, 6.08, 6.24, 5.55, 4.53, 4.12, 3.81, 3.38, 3.05, 3.09, 4.59, 6.66, 6.98, 7.59, 8.46, 8.662, 8.04, 8.129, 8.623, 6.914, 4.38, 3.43, 2.74, 2.56, 2.22, 2.37, 2.43, 2.92, 3.21, 2.61, 1.87, 1.39, 1.47, 1.35, 1.58, 1.3, 1.09, 1.44, 1.58, 1.18, 1.21, 0.79, 0.57, 0, 0.96, 1.69, 2.03, 2.36, 2.21, 2.06, 1.43, 1.3, 1.31, 1.81, 1.4, 1.33, 1.93, 2.11, 2.02, 0.96, 0.96, 1.74, 1.7, 2.25, 2.464, 2.43, 1.5, 2.23, 2.89, 3.09, 3.6, 2.78, 1.81, 1.72, 1.7, 1.99, 1.8, 1.88, 1.54], [2.53, 2.47, 2.57, 3.45, 3.69, 2.77, 3.25, 4.88, 5.24, 5.44, 4.75, 3.87, 3.56, 3.31, 2.88, 2.61, 2.75, 3.85, 5.78, 6.16, 6.75, 7.58, 7.742, 7.16, 7.214, 7.703, 6.04, 3.7, 2.95, 2.32, 2.22, 1.92, 2.01, 2.21, 2.72, 2.85, 2.19, 1.55, 1.27, 1.55, 1.81, 2.22, 1.84, 1.33, 1.36, 1.56, 1.12, 1.35, 1.23, 1.07, 0.96, 0, 0.99, 1.65, 2.24, 2.25, 2.14, 1.77, 1.6, 1.69, 2.23, 1.64, 1.33, 1.27, 1.39, 1.42, 1.46, 1.14, 1.38, 1.78, 1.91, 1.83, 1.87, 1.22, 1.73, 2.53, 2.93, 3.28, 2.6, 2.11, 2.12, 2.14, 2.19, 1.94, 1.92, 1.72], [1.76, 1.72, 1.82, 2.74, 2.92, 2.08, 2.48, 4.17, 4.53, 4.73, 3.98, 3.08, 2.79, 2.58, 2.17, 1.98, 2.08, 3.22, 4.99, 5.41, 6.0, 6.85, 7.0, 6.43, 6.45, 6.953, 5.25, 2.93, 2.24, 1.69, 1.73, 1.61, 1.52, 1.74, 2.21, 2.22, 1.56, 1.34, 1.22, 1.48, 2.04, 2.75, 2.47, 2.0, 1.47, 1.71, 1.65, 1.86, 1.9, 1.8, 1.69, 0.99, 0, 1.08, 1.97, 2.06, 1.93, 2.22, 1.73, 1.9, 2.64, 1.99, 1.2, 1.22, 1.28, 1.35, 2.11, 1.59, 1.25, 1.93, 1.78, 1.58, 1.54, 1.35, 1.4, 2.24, 2.64, 2.95, 2.19, 2.28, 2.53, 2.57, 2.54, 2.15, 1.87, 2.09], [1.72, 1.48, 1.34, 2.32, 2.66, 1.42, 2.08, 3.79, 4.21, 4.41, 3.7, 2.68, 2.27, 1.94, 1.61, 1.42, 1.54, 2.9, 4.91, 5.25, 5.84, 6.69, 6.88, 6.29, 6.33, 6.796, 5.11, 2.63, 1.64, 1.45, 1.45, 1.37, 1.38, 1.74, 1.93, 1.88, 1.2, 0.96, 1.46, 1.56, 2.2, 2.99, 2.67, 2.18, 1.55, 1.77, 1.93, 2.32, 2.34, 2.24, 2.03, 1.65, 1.08, 0, 1.19, 1.28, 1.55, 2.22, 1.67, 1.9, 2.7, 1.99, 1.34, 1.54, 1.92, 2.11, 2.63, 2.27, 1.77, 2.09, 1.76, 1.86, 1.56, 1.57, 1.34, 1.82, 2.06, 2.33, 1.73, 2.44, 2.63, 2.65, 2.52, 2.07, 1.53, 2.05], [2.27, 2.09, 1.89, 2.21, 2.69, 1.67, 1.93, 3.66, 4.06, 4.34, 3.61, 2.61, 2.36, 2.37, 2.1, 1.95, 2.05, 2.77, 4.894, 5.14, 5.75, 6.64, 6.902, 6.26, 6.354, 6.809, 5.134, 2.64, 1.95, 1.96, 2.04, 2.06, 2.05, 2.33, 2.06, 1.77, 1.39, 1.15, 1.79, 1.95, 2.45, 3.2, 2.88, 2.43, 1.8, 1.9, 2.14, 2.83, 2.65, 2.49, 2.36, 2.24, 1.97, 1.19, 0, 0.93, 1.54, 2.29, 1.84, 2.31, 3.01, 2.26, 1.75, 2.29, 2.69, 2.86, 2.92, 2.54, 2.32, 2.5, 2.33, 2.59, 2.23, 2.04, 1.81, 1.97, 1.93, 1.86, 2.02, 2.47, 2.76, 2.76, 2.63, 2.38, 1.84, 2.36], [2.42, 2.26, 1.96, 2.88, 3.46, 2.08, 2.68, 4.37, 4.77, 5.09, 4.36, 3.34, 2.89, 2.6, 2.13, 2.0, 2.14, 3.52, 5.69, 5.99, 6.58, 7.43, 7.672, 7.03, 7.144, 7.579, 5.924, 3.33, 2.24, 2.03, 2.09, 2.01, 1.96, 2.2, 2.23, 2.1, 1.62, 1.12, 1.72, 1.74, 2.0, 2.55, 2.25, 1.96, 1.65, 1.91, 2.13, 2.8, 2.64, 2.38, 2.21, 2.25, 2.06, 1.28, 0.93, 0, 0.85, 1.58, 1.53, 1.68, 2.32, 1.61, 1.6, 2.3, 2.7, 2.99, 2.77, 2.55, 2.33, 2.19, 2.3, 2.6, 2.24, 1.83, 1.76, 1.88, 1.68, 2.01, 1.53, 1.88, 2.13, 2.07, 1.96, 1.77, 1.21, 1.59], [2.69, 2.57, 2.31, 3.41, 4.11, 2.67, 3.33, 5.04, 5.36, 5.68, 4.99, 3.93, 3.48, 3.15, 2.66, 2.19, 2.37, 4.23, 6.343, 6.649, 7.256, 8.086, 8.324, 7.706, 7.797, 8.214, 6.577, 3.94, 2.77, 2.02, 1.9, 1.88, 1.73, 2.05, 2.44, 2.51, 2.13, 1.43, 1.57, 1.59, 1.73, 2.22, 1.98, 1.65, 1.7, 1.82, 1.88, 2.49, 2.39, 2.19, 2.06, 2.14, 1.93, 1.55, 1.54, 0.85, 0, 1.19, 1.26, 1.47, 2.11, 1.44, 1.55, 2.19, 2.59, 2.8, 2.52, 2.32, 2.3, 2.1, 2.31, 2.59, 2.23, 1.62, 1.77, 2.29, 2.11, 2.62, 1.7, 1.69, 1.82, 1.64, 1.57, 1.52, 1.22, 1.32], [3.52, 3.3, 3.22, 4.26, 4.86, 3.44, 4.1, 5.81, 6.23, 6.49, 5.76, 4.74, 4.21, 3.8, 3.23, 2.7, 2.94, 4.92, 7.056, 7.322, 7.949, 8.796, 9.037, 8.399, 8.51, 8.944, 7.29, 4.67, 3.44, 2.63, 2.29, 2.01, 2.08, 2.3, 2.87, 3.2, 2.72, 1.94, 1.72, 1.52, 1.34, 1.41, 1.05, 1.4, 1.85, 2.03, 1.79, 1.94, 1.78, 1.5, 1.43, 1.77, 2.22, 2.22, 2.29, 1.58, 1.19, 0, 0.85, 0.98, 1.38, 0.79, 1.52, 2.28, 2.46, 2.49, 1.85, 1.79, 2.13, 1.65, 2.38, 2.74, 2.614, 1.63, 2.312, 2.82, 2.72, 3.47, 2.39, 1.42, 1.07, 0.91, 0.98, 1.01, 1.33, 1.05], [2.99, 2.77, 2.77, 3.71, 4.25, 2.91, 3.53, 5.28, 5.668, 5.92, 5.19, 4.17, 3.66, 3.29, 2.86, 2.37, 2.55, 4.302, 6.429, 6.695, 7.322, 8.169, 8.41, 7.772, 7.883, 8.317, 6.663, 4.1, 2.99, 2.44, 2.18, 1.86, 1.95, 2.41, 2.98, 2.99, 2.45, 1.73, 1.55, 1.47, 1.39, 1.8, 1.42, 1.55, 1.78, 2.02, 1.8, 1.93, 1.71, 1.29, 1.3, 1.6, 1.73, 1.67, 1.84, 1.53, 1.26, 0.85, 0, 0.71, 1.45, 0.8, 0.97, 1.71, 2.09, 2.24, 1.72, 1.64, 1.56, 1.2, 1.75, 2.24, 2.084, 1.34, 1.85, 2.35, 2.37, 3.08, 2.12, 1.63, 1.52, 1.58, 1.55, 1.28, 1.34, 1.38], [3.3, 3.1, 3.1, 4.08, 4.44, 3.2, 3.82, 5.53, 5.95, 6.13, 5.44, 4.42, 3.97, 3.6, 3.13, 2.84, 2.98, 4.6, 6.659, 7.002, 7.589, 8.422, 8.6, 7.999, 8.09, 8.522, 6.873, 4.35, 3.38, 2.81, 2.55, 2.27, 2.38, 2.64, 3.15, 3.32, 2.7, 1.96, 1.76, 1.6, 1.4, 1.61, 1.35, 1.56, 1.89, 2.19, 2.01, 2.0, 1.76, 1.32, 1.31, 1.69, 1.9, 1.9, 2.31, 1.68, 1.47, 0.98, 0.71, 0, 1.08, 0.69, 1.16, 1.9, 2.22, 2.39, 1.67, 1.69, 1.57, 1.25, 1.88, 2.44, 2.291, 1.41, 2.04, 2.482, 2.44, 3.138, 2.15, 1.7, 1.55, 1.61, 1.76, 1.55, 1.51, 1.39], [4.14, 3.94, 3.9, 4.92, 5.28, 4.0, 4.7, 6.39, 6.81, 6.99, 6.3, 5.28, 4.73, 4.32, 3.83, 3.52, 3.6, 5.42, 7.533, 7.879, 8.449, 9.299, 9.474, 8.879, 8.947, 9.399, 7.733, 5.19, 4.08, 3.29, 2.97, 2.77, 2.98, 3.08, 3.61, 3.84, 3.32, 2.48, 2.22, 1.96, 1.6, 1.47, 1.17, 1.84, 2.43, 2.69, 2.43, 2.38, 2.1, 1.68, 1.81, 2.23, 2.64, 2.7, 3.01, 2.32, 2.11, 1.38, 1.45, 1.08, 0, 1.03, 1.92, 2.7, 2.94, 2.99, 2.07, 2.17, 2.41, 1.67, 2.74, 3.237, 3.128, 2.09, 2.863, 3.379, 3.28, 3.975, 2.55, 1.52, 1.29, 1.67, 1.7, 1.65, 1.99, 1.59], [3.37, 3.17, 3.13, 4.13, 4.61, 3.31, 3.91, 5.68, 6.1, 6.3, 5.59, 4.57, 4.06, 3.65, 3.24, 2.77, 2.89, 4.67, 6.82, 7.089, 7.696, 8.543, 8.804, 8.166, 8.277, 8.712, 7.057, 4.42, 3.37, 2.72, 2.42, 2.06, 2.27, 2.59, 3.12, 3.33, 2.79, 1.87, 1.73, 1.61, 1.35, 1.42, 1.14, 1.45, 1.8, 2.1, 1.9, 2.09, 1.87, 1.39, 1.4, 1.64, 1.99, 1.99, 2.26, 1.61, 1.44, 0.79, 0.8, 0.69, 1.03, 0, 1.19, 2.11, 2.33, 2.46, 1.8, 1.78, 1.9, 1.24, 2.07, 2.55, 2.438, 1.52, 2.15, 2.709, 2.59, 3.265, 2.1, 1.43, 1.2, 1.3, 1.31, 1.14, 1.34, 1.08], [2.34, 2.24, 2.28, 3.2, 3.62, 2.52, 2.96, 4.73, 5.09, 5.37, 4.58, 3.7, 3.41, 3.14, 2.81, 2.3, 2.52, 3.82, 5.81, 6.07, 6.68, 7.53, 7.8, 7.15, 7.27, 7.699, 6.05, 3.55, 2.64, 2.17, 2.09, 1.91, 1.96, 2.42, 2.95, 2.98, 2.32, 1.56, 1.46, 1.56, 1.66, 2.23, 1.81, 1.74, 1.59, 1.87, 1.79, 1.92, 1.68, 1.46, 1.33, 1.33, 1.2, 1.34, 1.75, 1.6, 1.55, 1.52, 0.97, 1.16, 1.92, 1.19, 0, 1.06, 1.48, 1.77, 1.79, 1.41, 1.13, 1.09, 1.34, 1.62, 1.46, 1.17, 1.44, 2.04, 2.28, 2.61, 1.91, 1.74, 1.95, 2.05, 1.94, 1.57, 1.49, 1.69], [2.0, 2.0, 2.2, 2.92, 3.24, 2.44, 2.76, 4.19, 4.59, 4.87, 4.26, 3.52, 3.27, 3.12, 2.79, 2.36, 2.62, 3.44, 5.13, 5.49, 6.04, 6.81, 6.98, 6.37, 6.47, 6.91, 5.23, 3.29, 2.64, 2.29, 2.23, 2.03, 2.1, 2.64, 3.09, 2.96, 2.34, 1.84, 1.84, 1.98, 2.42, 3.05, 2.61, 2.34, 2.07, 2.31, 2.09, 2.1, 2.14, 2.0, 1.93, 1.27, 1.22, 1.54, 2.29, 2.3, 2.19, 2.28, 1.71, 1.9, 2.7, 2.11, 1.06, 0, 0.82, 1.25, 2.17, 1.65, 1.09, 1.63, 1.6, 1.4, 1.62, 1.43, 1.56, 2.14, 2.68, 3.01, 2.41, 2.58, 2.79, 2.89, 2.8, 2.39, 2.25, 2.35], [2.16, 2.22, 2.56, 3.18, 3.3, 2.72, 3.08, 4.23, 4.67, 4.85, 4.3, 3.72, 3.37, 3.26, 2.89, 2.72, 2.78, 3.52, 5.03, 5.43, 5.96, 6.77, 6.8, 6.27, 6.29, 6.71, 5.07, 3.41, 2.88, 2.45, 2.43, 2.21, 2.28, 2.7, 3.13, 3.08, 2.46, 2.1, 2.04, 2.26, 2.7, 3.31, 2.81, 2.46, 2.25, 2.51, 2.17, 2.22, 2.28, 2.2, 2.11, 1.39, 1.28, 1.92, 2.69, 2.7, 2.59, 2.46, 2.09, 2.22, 2.94, 2.33, 1.48, 0.82, 0, 1.13, 2.35, 1.73, 1.29, 1.97, 1.9, 1.62, 1.9, 1.59, 1.8, 2.54, 3.1, 3.39, 2.83, 2.86, 2.91, 2.93, 2.96, 2.65, 2.55, 2.55], [2.35, 2.47, 2.59, 3.25, 3.49, 2.79, 2.99, 4.6, 4.96, 5.3, 4.59, 3.85, 3.56, 3.37, 2.94, 2.57, 2.61, 3.67, 5.34, 5.62, 6.19, 7.02, 7.21, 6.6, 6.72, 7.16, 5.46, 3.36, 2.77, 2.24, 2.2, 2.02, 2.09, 2.35, 2.84, 2.93, 2.39, 2.19, 2.05, 2.31, 2.73, 3.22, 2.68, 2.31, 2.0, 2.32, 2.08, 1.61, 1.85, 1.85, 2.02, 1.42, 1.35, 2.11, 2.86, 2.99, 2.8, 2.49, 2.24, 2.39, 2.99, 2.46, 1.77, 1.25, 1.13, 0, 1.88, 1.58, 1.44, 2.12, 2.33, 2.09, 2.29, 1.78, 2.19, 2.97, 3.53, 3.78, 3.12, 2.87, 2.84, 2.82, 2.99, 2.7, 2.74, 2.66], [3.73, 3.59, 3.77, 4.61, 4.95, 3.79, 4.39, 6.2, 6.52, 6.74, 5.97, 5.05, 4.64, 4.35, 3.9, 3.55, 3.51, 5.03, 6.84, 7.1, 7.73, 8.6, 8.81, 8.18, 8.26, 8.78, 7.06, 4.52, 3.67, 3.0, 2.84, 2.64, 2.73, 2.65, 3.18, 3.55, 3.03, 2.23, 1.61, 1.61, 1.47, 1.62, 1.48, 1.47, 1.68, 1.56, 1.2, 0.95, 0.77, 0.69, 0.96, 1.46, 2.11, 2.63, 2.92, 2.77, 2.52, 1.85, 1.72, 1.67, 2.07, 1.8, 1.79, 2.17, 2.35, 1.88, 0, 0.92, 1.76, 1.76, 2.31, 2.65, 2.65, 1.8, 2.47, 3.09, 3.41, 4.0, 3.06, 1.95, 1.76, 1.7, 2.23, 2.14, 2.3, 2.0], [3.17, 3.13, 3.29, 4.13, 4.33, 3.37, 3.77, 5.62, 5.96, 6.18, 5.43, 4.57, 4.24, 3.99, 3.56, 3.19, 3.19, 4.47, 6.22, 6.52, 7.13, 7.98, 8.17, 7.54, 7.62, 8.14, 6.42, 4.06, 3.35, 2.68, 2.56, 2.34, 2.37, 2.43, 2.94, 3.25, 2.61, 1.79, 1.35, 1.41, 1.41, 1.7, 1.46, 1.61, 1.54, 1.5, 1.2, 1.25, 1.01, 0.95, 0.96, 1.14, 1.59, 2.27, 2.54, 2.55, 2.32, 1.79, 1.64, 1.69, 2.17, 1.78, 1.41, 1.65, 1.73, 1.58, 0.92, 0, 1.26, 1.58, 1.93, 2.07, 2.23, 1.4, 1.91, 2.63, 3.09, 3.58, 2.82, 1.93, 1.78, 1.88, 2.21, 2.0, 2.12, 1.98], [2.43, 2.41, 2.59, 3.35, 3.49, 2.75, 3.07, 4.72, 5.08, 5.32, 4.67, 3.85, 3.54, 3.33, 2.9, 2.65, 2.83, 3.79, 5.36, 5.68, 6.25, 7.06, 7.25, 6.6, 6.72, 7.18, 5.5, 3.42, 2.81, 2.38, 2.36, 2.4, 2.29, 2.45, 2.9, 2.97, 2.25, 1.61, 1.47, 1.47, 1.91, 2.64, 2.24, 2.33, 1.96, 2.04, 1.92, 2.09, 1.89, 1.69, 1.74, 1.38, 1.25, 1.77, 2.32, 2.33, 2.3, 2.13, 1.56, 1.57, 2.41, 1.9, 1.13, 1.09, 1.29, 1.44, 1.76, 1.26, 0, 1.34, 1.27, 1.45, 1.63, 1.54, 1.41, 2.03, 2.69, 3.12, 2.48, 2.25, 2.46, 2.58, 2.65, 2.22, 2.08, 2.34], [3.07, 2.99, 3.11, 4.03, 4.15, 3.19, 3.59, 5.36, 5.74, 5.98, 5.25, 4.39, 4.04, 3.77, 3.42, 2.99, 3.13, 4.35, 6.08, 6.36, 6.97, 7.82, 8.07, 7.46, 7.54, 8.02, 6.3, 4.18, 3.35, 2.9, 2.72, 2.4, 2.63, 3.17, 3.68, 3.65, 3.03, 2.29, 2.15, 1.99, 1.63, 2.0, 1.74, 1.97, 2.1, 2.24, 2.1, 2.25, 2.03, 1.67, 1.7, 1.78, 1.93, 2.09, 2.5, 2.19, 2.1, 1.65, 1.2, 1.25, 1.67, 1.24, 1.09, 1.63, 1.97, 2.12, 1.76, 1.58, 1.34, 0, 1.43, 2.11, 2.07, 1.46, 1.71, 2.17, 2.45, 2.96, 2.22, 2.09, 2.0, 2.12, 2.01, 1.6, 1.8, 1.92], [2.04, 2.1, 2.06, 3.06, 3.1, 2.3, 2.96, 4.15, 4.43, 4.77, 4.1, 3.3, 2.93, 2.72, 2.69, 2.62, 3.02, 3.78, 5.23, 5.63, 6.1, 6.91, 7.02, 6.61, 6.51, 6.89, 5.41, 3.79, 3.04, 2.71, 2.67, 2.59, 2.64, 3.12, 3.53, 3.46, 2.76, 2.02, 2.06, 1.98, 2.26, 2.99, 2.63, 2.5, 2.35, 2.31, 2.33, 2.74, 2.48, 2.26, 2.25, 1.91, 1.78, 1.76, 2.33, 2.3, 2.31, 2.38, 1.75, 1.88, 2.74, 2.07, 1.34, 1.6, 1.9, 2.33, 2.31, 1.93, 1.27, 1.43, 0, 1.08, 1.1, 1.37, 1.1, 1.18, 1.8, 2.01, 1.79, 2.52, 2.73, 2.83, 2.66, 2.17, 2.01, 2.35], [1.92, 1.96, 2.0, 2.84, 3.0, 2.24, 2.94, 3.89, 4.03, 4.27, 3.78, 3.08, 2.83, 2.72, 2.69, 2.7, 3.1, 3.58, 4.97, 5.39, 5.9, 6.73, 6.74, 6.31, 6.23, 6.59, 5.17, 3.65, 2.98, 2.69, 2.75, 2.71, 2.74, 3.08, 3.45, 3.42, 2.72, 2.08, 2.08, 2.34, 2.7, 3.41, 3.03, 2.62, 2.35, 2.39, 2.49, 2.74, 2.7, 2.551, 2.464, 1.83, 1.58, 1.86, 2.59, 2.6, 2.59, 2.74, 2.24, 2.44, 3.237, 2.55, 1.62, 1.4, 1.62, 2.09, 2.65, 2.07, 1.45, 2.11, 1.08, 0, 0.86, 1.45, 1.14, 1.46, 2.0, 2.15, 1.95, 2.76, 3.07, 3.19, 3.02, 2.51, 2.27, 2.71], [2.02, 2.02, 1.92, 3.0, 3.2, 2.12, 2.88, 4.03, 4.07, 4.47, 3.86, 3.06, 2.85, 2.62, 2.49, 2.4, 2.8, 3.72, 5.35, 5.77, 6.26, 7.09, 7.12, 6.69, 6.59, 6.95, 5.43, 3.57, 2.74, 2.45, 2.55, 2.51, 2.48, 2.82, 3.29, 3.24, 2.52, 1.94, 1.98, 2.12, 2.52, 3.33, 2.95, 2.54, 2.17, 2.25, 2.39, 2.72, 2.6, 2.54, 2.43, 1.87, 1.54, 1.56, 2.23, 2.24, 2.23, 2.614, 2.084, 2.291, 3.128, 2.438, 1.46, 1.62, 1.9, 2.29, 2.65, 2.23, 1.63, 2.07, 1.1, 0.86, 0, 1.37, 1.14, 1.3, 1.6, 2.05, 1.89, 2.42, 2.99, 3.05, 2.82, 2.33, 1.97, 2.47], [2.51, 2.39, 2.39, 3.43, 3.75, 2.47, 3.21, 4.78, 4.98, 5.26, 4.51, 3.61, 3.32, 3.13, 2.68, 2.39, 2.67, 3.95, 5.88, 6.24, 6.81, 7.66, 7.77, 7.22, 7.26, 7.66, 6.06, 3.7, 2.83, 2.38, 2.3, 2.06, 2.13, 2.47, 3.06, 3.13, 2.45, 1.61, 1.51, 1.63, 1.73, 2.32, 1.9, 1.41, 1.48, 1.62, 1.54, 1.91, 1.83, 1.61, 1.5, 1.22, 1.35, 1.57, 2.04, 1.83, 1.62, 1.63, 1.34, 1.41, 2.09, 1.52, 1.17, 1.43, 1.59, 1.78, 1.8, 1.4, 1.54, 1.46, 1.37, 1.45, 1.37, 0, 1.09, 1.75, 1.95, 2.46, 1.86, 1.95, 2.0, 2.12, 1.99, 1.56, 1.42, 1.64], [2.04, 1.94, 2.0, 2.96, 3.0, 2.02, 2.6, 4.03, 4.31, 4.61, 3.8, 3.0, 2.73, 2.52, 2.37, 2.2, 2.54, 3.42, 5.11, 5.49, 6.06, 6.91, 6.94, 6.47, 6.43, 6.81, 5.27, 3.27, 2.56, 2.27, 2.41, 2.27, 2.22, 2.56, 2.93, 2.94, 2.24, 1.5, 1.68, 1.82, 2.26, 3.05, 2.67, 2.2, 1.83, 1.83, 1.93, 2.66, 2.56, 2.28, 2.23, 1.73, 1.4, 1.34, 1.81, 1.76, 1.77, 2.312, 1.85, 2.04, 2.863, 2.15, 1.44, 1.56, 1.8, 2.19, 2.47, 1.91, 1.41, 1.71, 1.1, 1.14, 1.14, 1.09, 0, 1.1, 1.52, 1.93, 1.59, 2.36, 2.69, 2.71, 2.52, 1.97, 1.53, 2.09], [1.84, 1.88, 1.68, 2.6, 2.8, 1.86, 2.5, 3.67, 3.83, 4.19, 3.52, 2.72, 2.55, 2.6, 2.55, 2.7, 3.08, 3.44, 4.93, 5.31, 5.84, 6.67, 6.72, 6.29, 6.21, 6.59, 5.09, 3.69, 3.02, 3.01, 3.13, 2.93, 3.02, 3.4, 3.51, 3.34, 2.62, 2.1, 2.54, 2.44, 2.8, 3.59, 3.19, 2.96, 2.51, 2.51, 2.79, 3.42, 3.26, 2.96, 2.89, 2.53, 2.24, 1.82, 1.97, 1.88, 2.29, 2.82, 2.35, 2.482, 3.379, 2.709, 2.04, 2.14, 2.54, 2.97, 3.09, 2.63, 2.03, 2.17, 1.18, 1.46, 1.3, 1.75, 1.1, 0, 0.84, 1.33, 1.65, 2.86, 3.29, 3.31, 3.08, 2.51, 1.99, 2.61], [2.22, 2.18, 1.96, 2.74, 3.06, 1.98, 2.7, 3.85, 3.91, 4.31, 3.62, 2.76, 2.63, 2.64, 2.73, 2.9, 3.24, 3.62, 5.29, 5.71, 6.22, 7.05, 7.1, 6.65, 6.57, 6.95, 5.41, 3.73, 3.08, 3.21, 3.25, 3.09, 3.22, 3.6, 3.53, 3.3, 2.68, 2.34, 2.82, 2.74, 2.96, 3.51, 3.17, 2.92, 2.67, 2.65, 3.05, 3.58, 3.48, 3.22, 3.09, 2.93, 2.64, 2.06, 1.93, 1.68, 2.11, 2.72, 2.37, 2.44, 3.28, 2.59, 2.28, 2.68, 3.1, 3.53, 3.41, 3.09, 2.69, 2.45, 1.8, 2.0, 1.6, 1.95, 1.52, 0.84, 0, 1.23, 1.57, 2.66, 3.17, 3.23, 3.02, 2.49, 1.97, 2.45], [2.27, 2.19, 1.81, 2.23, 2.43, 1.97, 2.39, 3.12, 3.24, 3.58, 3.17, 2.41, 2.3, 2.47, 2.8, 3.09, 3.51, 3.35, 4.7, 5.14, 5.49, 6.2, 6.27, 6.0, 5.84, 6.24, 4.9, 3.68, 3.23, 3.44, 3.54, 3.4, 3.51, 3.91, 3.7, 3.35, 2.75, 2.63, 3.19, 3.35, 3.51, 4.2, 3.82, 3.21, 2.88, 2.96, 3.36, 4.09, 4.03, 3.77, 3.6, 3.28, 2.95, 2.33, 1.86, 2.01, 2.62, 3.47, 3.08, 3.138, 3.975, 3.265, 2.61, 3.01, 3.39, 3.78, 4.0, 3.58, 3.12, 2.96, 2.01, 2.15, 2.05, 2.46, 1.93, 1.33, 1.23, 0, 1.76, 3.31, 3.8, 3.86, 3.67, 3.12, 2.54, 3.2], [2.09, 1.91, 1.83, 2.83, 3.33, 2.13, 2.89, 4.32, 4.58, 4.94, 4.23, 3.27, 2.8, 2.63, 2.44, 2.37, 2.73, 3.77, 5.36, 5.76, 6.27, 7.12, 7.29, 6.72, 6.74, 7.18, 5.62, 3.66, 2.73, 2.5, 2.54, 2.44, 2.63, 2.93, 3.18, 3.15, 2.51, 1.89, 2.35, 2.39, 2.45, 2.9, 2.44, 2.27, 2.02, 2.04, 2.4, 3.13, 3.17, 2.85, 2.78, 2.6, 2.19, 1.73, 2.02, 1.53, 1.7, 2.39, 2.12, 2.1