[[0, 1.17, 1.41, 1.72, 1.92, 2.61, 2.99, 2.73, 2.66, 2.43, 2.45, 2.61, 3.37, 3.9, 4.17, 4.36, 4.9, 4.98, 4.85, 5.05, 4.32, 3.74, 3.81, 4.28, 4.52, 4.62, 4.61, 4.78, 5.758, 6.514, 6.644, 6.958, 8.114, 10.036, 10.533, 9.21, 10.359, 10.155, 9.211, 9.618, 9.236, 8.869, 9.299, 9.996, 10.192, 10.732, 10.06, 9.683, 11.083, 11.116, 10.536, 10.156, 9.305, 9.203, 8.168, 6.6, 6.0, 5.591, 5.648, 5.62, 5.664, 5.608, 5.544, 5.63, 5.67, 5.138, 4.78, 4.35, 2.87, 2.46, 2.25, 2.53, 3.12, 3.31, 3.47, 3.85, 3.55, 2.84, 2.7, 3.83, 5.59, 6.91, 8.373, 8.943, 8.773, 7.09], [1.17, 0, 0.9, 1.47, 1.75, 2.38, 2.84, 2.68, 2.39, 2.04, 2.16, 2.2, 2.58, 3.03, 3.2, 3.39, 3.97, 4.05, 3.96, 4.16, 3.45, 2.87, 2.86, 3.33, 3.57, 3.69, 3.7, 3.83, 4.85, 5.6, 5.75, 6.07, 7.2, 9.163, 9.677, 8.372, 9.466, 9.259, 8.278, 8.739, 8.463, 8.076, 8.506, 9.203, 9.379, 9.919, 9.224, 8.827, 10.25, 10.323, 9.743, 9.323, 8.44, 8.32, 7.28, 5.73, 5.08, 4.66, 4.72, 4.74, 4.75, 4.675, 4.65, 4.78, 4.72, 4.27, 3.87, 3.36, 2.1, 2.15, 1.9, 2.44, 3.39, 3.78, 3.9, 4.28, 3.86, 3.15, 2.97, 4.54, 6.42, 7.74, 9.206, 9.776, 9.606, 7.92], [1.41, 0.9, 0, 1.03, 1.43, 2.02, 2.52, 2.42, 2.29, 1.86, 2.08, 2.14, 2.52, 3.05, 3.28, 3.49, 4.01, 3.99, 4.0, 4.24, 3.57, 3.01, 3.1, 3.55, 3.79, 3.81, 3.76, 3.99, 4.89, 5.52, 5.65, 5.89, 7.16, 8.9, 9.34, 8.0, 9.18, 9.05, 8.16, 8.53, 8.14, 7.77, 8.18, 8.837, 9.01, 9.55, 8.85, 8.53, 9.91, 9.957, 9.38, 9.0, 8.2, 8.28, 7.24, 5.73, 5.04, 4.6, 4.62, 4.74, 4.67, 4.56, 4.63, 4.82, 4.8, 4.31, 3.89, 3.46, 2.44, 2.13, 1.92, 2.4, 3.53, 4.0, 4.2, 4.54, 4.04, 3.27, 3.11, 4.84, 6.72, 8.02, 9.47, 10.04, 9.87, 8.2], [1.72, 1.47, 1.03, 0, 1.12, 1.75, 1.97, 1.85, 2.1, 1.99, 2.21, 2.47, 3.07, 3.68, 3.89, 4.12, 4.62, 4.62, 4.59, 4.89, 4.22, 3.68, 3.77, 4.24, 4.46, 4.48, 4.33, 4.6, 5.38, 5.99, 6.08, 6.28, 7.63, 9.19, 9.55, 8.29, 9.47, 9.4, 8.55, 8.84, 8.29, 7.9, 8.333, 9.033, 9.246, 9.786, 9.1, 8.86, 10.12, 10.17, 9.63, 9.33, 8.65, 8.81, 7.85, 6.32, 5.61, 5.17, 5.17, 5.21, 5.14, 4.95, 5.08, 5.35, 5.31, 4.8, 4.44, 4.05, 2.91, 2.52, 2.09, 2.47, 3.66, 4.07, 4.19, 4.59, 4.15, 3.4, 3.22, 4.81, 6.69, 7.99, 9.44, 10.01, 9.84, 8.17], [1.92, 1.75, 1.43, 1.12, 0, 1.31, 1.79, 1.75, 1.68, 1.69, 1.89, 2.03, 2.75, 3.38, 3.79, 4.0, 4.34, 4.32, 4.31, 4.57, 3.98, 3.68, 3.81, 4.1, 4.36, 4.24, 4.03, 4.28, 4.94, 5.51, 5.64, 5.88, 7.25, 8.99, 9.41, 8.07, 9.37, 9.24, 8.29, 8.64, 7.95, 7.5, 8.05, 8.69, 8.96, 9.48, 8.92, 8.7, 9.98, 9.87, 9.37, 9.15, 8.41, 8.47, 7.53, 6.0, 5.29, 4.83, 4.89, 4.91, 4.84, 4.71, 4.68, 4.97, 4.93, 4.42, 4.22, 3.95, 2.79, 2.74, 2.29, 2.97, 4.1, 4.49, 4.63, 5.01, 4.57, 3.84, 3.68, 5.288, 7.168, 8.471, 9.924, 10.494, 10.327, 8.651], [2.61, 2.38, 2.02, 1.75, 1.31, 0, 0.74, 1.26, 1.61, 1.96, 2.34, 2.16, 2.8, 3.49, 3.96, 4.15, 4.35, 4.49, 4.44, 4.32, 4.05, 4.09, 4.14, 4.21, 4.53, 4.23, 3.78, 4.21, 4.75, 4.98, 4.87, 5.23, 6.6, 7.9, 8.42, 7.18, 8.28, 8.15, 7.3, 7.55, 7.02, 6.75, 7.28, 8.02, 8.19, 8.69, 8.01, 7.69, 9.05, 9.14, 8.54, 8.1, 7.68, 7.84, 7.04, 5.83, 4.98, 4.6, 4.76, 4.7, 4.37, 4.16, 4.23, 4.62, 4.7, 4.51, 4.45, 4.2, 3.16, 3.15, 2.76, 3.38, 4.45, 4.92, 5.06, 5.44, 4.98, 4.21, 4.01, 5.798, 7.704, 9.024, 10.494, 11.064, 10.897, 9.204], [2.99, 2.84, 2.52, 1.97, 1.79, 0.74, 0, 1.26, 1.55, 2.22, 2.7, 2.56, 3.1, 3.79, 4.26, 4.51, 4.69, 4.87, 4.74, 4.7, 4.55, 4.61, 4.62, 4.67, 4.87, 4.59, 4.04, 4.47, 5.03, 5.18, 4.95, 5.33, 6.7, 7.9, 8.54, 7.34, 8.2, 8.09, 7.3, 7.59, 7.16, 6.93, 7.42, 8.16, 8.33, 8.83, 8.15, 7.79, 9.19, 9.28, 8.68, 8.22, 7.8, 7.88, 7.16, 6.09, 5.22, 4.94, 5.12, 5.06, 4.59, 4.36, 4.49, 4.82, 4.96, 4.81, 4.75, 4.56, 3.56, 3.47, 3.0, 3.54, 4.43, 4.88, 5.0, 5.38, 4.9, 4.21, 4.07, 5.68, 7.581, 8.901, 10.371, 10.941, 10.774, 9.081], [2.73, 2.68, 2.42, 1.85, 1.75, 1.26, 1.26, 0, 1.41, 2.04, 2.54, 2.62, 3.22, 3.93, 4.44, 4.69, 4.81, 5.01, 4.92, 4.78, 4.55, 4.59, 4.54, 4.63, 4.91, 4.67, 4.24, 4.67, 5.21, 5.44, 5.49, 5.79, 7.2, 8.76, 9.38, 8.1, 9.14, 8.91, 8.02, 8.35, 7.94, 7.69, 8.22, 8.94, 9.11, 9.61, 8.95, 8.55, 9.97, 10.06, 9.46, 9.02, 8.28, 8.4, 7.46, 6.29, 5.44, 5.06, 5.2, 5.14, 4.77, 4.62, 4.77, 5.02, 5.18, 4.95, 4.89, 4.66, 3.6, 3.55, 2.92, 3.02, 3.77, 4.22, 4.32, 4.72, 4.28, 3.65, 3.55, 4.918, 6.82, 8.104, 9.554, 10.124, 9.957, 8.284], [2.66, 2.39, 2.29, 2.1, 1.68, 1.61, 1.55, 1.41, 0, 1.17, 1.73, 1.75, 2.27, 2.98, 3.65, 3.88, 4.06, 4.24, 3.93, 3.93, 3.68, 3.84, 3.71, 3.74, 3.92, 3.72, 3.25, 3.68, 4.4, 4.97, 4.9, 5.28, 6.37, 8.43, 9.19, 7.89, 8.81, 8.58, 7.47, 8.08, 7.85, 7.6, 8.11, 8.81, 8.98, 9.48, 8.82, 8.44, 9.82, 9.91, 9.31, 8.83, 7.85, 7.49, 6.61, 5.28, 4.51, 4.33, 4.47, 4.39, 4.18, 4.03, 4.02, 4.07, 4.19, 3.94, 3.94, 3.81, 2.93, 2.86, 2.27, 2.73, 3.64, 4.23, 4.33, 4.65, 4.15, 3.36, 3.34, 4.93, 6.826, 8.126, 9.596, 10.166, 9.999, 8.306], [2.43, 2.04, 1.86, 1.99, 1.69, 1.96, 2.22, 2.04, 1.17, 0, 0.8, 1.14, 1.76, 2.35, 2.86, 3.05, 3.45, 3.47, 3.26, 3.46, 3.07, 2.85, 2.78, 2.97, 3.25, 3.21, 2.94, 3.19, 4.01, 4.74, 4.75, 5.15, 6.28, 8.32, 8.96, 7.68, 8.7, 8.47, 7.42, 7.91, 7.62, 7.35, 7.88, 8.58, 8.75, 9.25, 8.59, 8.21, 9.61, 9.7, 9.1, 8.62, 7.7, 7.5, 6.44, 4.93, 4.24, 3.96, 3.98, 4.04, 3.99, 3.88, 3.79, 3.8, 3.84, 3.39, 3.17, 2.94, 2.06, 2.01, 1.5, 2.42, 3.65, 4.28, 4.46, 4.74, 4.26, 3.39, 3.29, 5.14, 7.053, 8.373, 9.843, 10.413, 10.246, 8.553], [2.45, 2.16, 2.08, 2.21, 1.89, 2.34, 2.7, 2.54, 1.73, 0.8, 0, 0.86, 1.8, 2.25, 2.74, 2.91, 3.37, 3.37, 3.08, 3.32, 2.69, 2.41, 2.42, 2.73, 2.95, 2.97, 2.92, 3.15, 3.95, 4.76, 4.87, 5.21, 6.3, 8.34, 9.0, 7.68, 8.74, 8.53, 7.48, 7.93, 7.56, 7.33, 7.86, 8.56, 8.75, 9.25, 8.59, 8.21, 9.57, 9.66, 9.06, 8.62, 7.7, 7.5, 6.42, 4.87, 4.3, 3.92, 3.98, 4.02, 4.01, 3.96, 3.83, 3.74, 3.88, 3.23, 3.05, 2.78, 1.56, 1.53, 1.24, 2.24, 3.53, 4.3, 4.5, 4.62, 4.16, 3.27, 3.23, 5.16, 7.073, 8.393, 9.863, 10.433, 10.266, 8.573], [2.61, 2.2, 2.14, 2.47, 2.03, 2.16, 2.56, 2.62, 1.75, 1.14, 0.86, 0, 1.4, 1.75, 2.36, 2.57, 2.93, 3.01, 2.7, 2.9, 2.35, 2.41, 2.36, 2.43, 2.55, 2.53, 2.46, 2.61, 3.51, 4.5, 4.47, 4.79, 5.86, 7.92, 8.64, 7.32, 8.32, 8.11, 7.04, 7.53, 7.28, 7.05, 7.56, 8.26, 8.43, 8.93, 8.27, 7.89, 9.27, 9.36, 8.76, 8.28, 7.36, 7.06, 5.96, 4.35, 3.86, 3.54, 3.6, 3.68, 3.67, 3.56, 3.41, 3.26, 3.36, 2.81, 2.81, 2.58, 1.44, 1.43, 1.34, 2.5, 3.83, 4.64, 4.78, 4.92, 4.4, 3.53, 3.55, 5.44, 7.356, 8.676, 10.146, 10.716, 10.549, 8.856], [3.37, 2.58, 2.52, 3.07, 2.75, 2.8, 3.1, 3.22, 2.27, 1.76, 1.8, 1.4, 0, 0.93, 1.72, 1.95, 2.19, 2.25, 1.98, 2.2, 1.83, 1.89, 1.78, 1.91, 2.05, 1.87, 1.58, 1.77, 2.69, 3.7, 3.65, 4.01, 5.1, 7.08, 7.84, 6.56, 7.42, 7.19, 6.04, 6.79, 6.6, 6.31, 6.74, 7.46, 7.63, 8.13, 7.45, 7.07, 8.49, 8.58, 7.98, 7.5, 6.52, 6.08, 5.0, 3.37, 2.9, 2.68, 2.66, 2.76, 2.75, 2.58, 2.41, 2.34, 2.38, 2.01, 2.09, 2.08, 2.0, 2.41, 2.32, 3.64, 4.73, 5.36, 5.48, 5.8, 5.28, 4.55, 4.47, 6.26, 8.108, 9.44, 10.91, 11.468, 11.301, 9.62], [3.9, 3.03, 3.05, 3.68, 3.38, 3.49, 3.79, 3.93, 2.98, 2.35, 2.25, 1.75, 0.93, 0, 1.23, 1.32, 1.54, 1.7, 1.51, 1.63, 1.38, 1.64, 1.61, 1.64, 1.44, 1.48, 1.43, 1.36, 2.32, 3.31, 3.24, 3.54, 4.63, 6.57, 7.39, 6.07, 6.89, 6.68, 5.59, 6.3, 6.11, 5.88, 6.31, 7.01, 7.18, 7.68, 7.02, 6.64, 8.02, 8.11, 7.51, 7.03, 6.05, 5.61, 4.55, 2.94, 2.47, 2.19, 2.27, 2.41, 2.46, 2.19, 2.02, 2.01, 2.05, 1.82, 1.88, 1.83, 1.89, 2.48, 2.43, 3.83, 5.08, 5.85, 5.99, 6.15, 5.63, 4.88, 4.88, 6.63, 8.538, 9.87, 11.328, 11.898, 11.731, 10.05], [4.17, 3.2, 3.28, 3.89, 3.79, 3.96, 4.26, 4.44, 3.65, 2.86, 2.74, 2.36, 1.72, 1.23, 0, 0.53, 1.17, 1.39, 1.38, 1.72, 1.37, 1.31, 1.32, 1.29, 1.27, 1.65, 1.68, 1.55, 2.41, 3.28, 3.29, 3.45, 4.62, 6.32, 7.24, 5.96, 6.72, 6.53, 5.64, 6.17, 5.9, 5.69, 6.16, 6.86, 7.03, 7.53, 6.87, 6.49, 7.87, 7.96, 7.36, 6.88, 5.94, 5.76, 4.7, 3.09, 2.5, 2.24, 2.36, 2.52, 2.55, 2.26, 2.03, 2.06, 2.1, 1.87, 1.83, 1.48, 1.7, 2.31, 2.4, 3.9, 5.21, 6.04, 6.26, 6.42, 5.78, 5.09, 5.15, 6.9, 8.76, 10.08, 11.529, 12.099, 11.952, 10.239], [4.36, 3.39, 3.49, 4.12, 4.0, 4.15, 4.51, 4.69, 3.88, 3.05, 2.91, 2.57, 1.95, 1.32, 0.53, 0, 0.92, 1.2, 1.21, 1.43, 1.32, 1.34, 1.49, 1.4, 1.44, 1.64, 1.65, 1.46, 2.2, 3.05, 3.12, 3.24, 4.37, 6.05, 6.95, 5.67, 6.47, 6.3, 5.39, 5.88, 5.63, 5.44, 5.89, 6.57, 6.74, 7.24, 6.58, 6.2, 7.58, 7.67, 7.07, 6.59, 5.71, 5.47, 4.43, 2.84, 2.25, 1.95, 2.09, 2.23, 2.28, 2.03, 1.78, 1.85, 1.93, 1.82, 1.82, 1.39, 1.87, 2.52, 2.61, 4.11, 5.5, 6.31, 6.55, 6.67, 6.07, 5.34, 5.38, 7.15, 9.03, 10.35, 11.802, 12.372, 12.225, 10.512], [4.9, 3.97, 4.01, 4.62, 4.34, 4.35, 4.69, 4.81, 4.06, 3.45, 3.37, 2.93, 2.19, 1.54, 1.17, 0.92, 0, 0.78, 1.01, 1.01, 1.26, 2.0, 2.15, 1.82, 1.76, 1.6, 1.53, 1.16, 1.7, 2.37, 2.52, 2.58, 3.65, 5.43, 6.27, 4.99, 5.79, 5.6, 4.65, 5.16, 4.93, 4.72, 5.21, 5.89, 6.06, 6.56, 5.9, 5.52, 6.9, 6.99, 6.39, 5.91, 4.95, 4.75, 3.73, 2.14, 1.55, 1.17, 1.33, 1.55, 1.64, 1.37, 1.14, 1.37, 1.35, 1.42, 1.54, 1.19, 2.45, 3.32, 3.35, 4.91, 6.24, 7.03, 7.23, 7.35, 6.81, 6.0, 6.02, 7.85, 9.75, 11.07, 12.516, 13.086, 12.919, 11.226], [4.98, 4.05, 3.99, 4.62, 4.32, 4.49, 4.87, 5.01, 4.24, 3.47, 3.37, 3.01, 2.25, 1.7, 1.39, 1.2, 0.78, 0, 0.55, 0.99, 1.52, 2.08, 2.27, 2.04, 1.96, 1.88, 1.77, 1.56, 1.9, 2.43, 2.66, 2.7, 3.53, 5.29, 6.01, 4.73, 5.61, 5.46, 4.61, 5.1, 4.83, 4.64, 4.95, 5.63, 5.8, 6.3, 5.64, 5.28, 6.64, 6.73, 6.13, 5.65, 4.73, 4.59, 3.55, 1.96, 1.43, 1.19, 1.33, 1.41, 1.56, 1.29, 1.22, 1.23, 1.19, 1.12, 1.22, 0.97, 2.59, 3.4, 3.41, 4.97, 6.36, 7.17, 7.39, 7.51, 6.99, 6.14, 6.18, 8.01, 9.935, 11.27, 12.725, 13.295, 13.128, 11.435], [4.85, 3.96, 4.0, 4.59, 4.31, 4.44, 4.74, 4.92, 3.93, 3.26, 3.08, 2.7, 1.98, 1.51, 1.38, 1.21, 1.01, 0.55, 0, 0.92, 1.45, 1.89, 2.06, 1.91, 1.77, 1.79, 1.58, 1.53, 1.81, 2.6, 2.77, 2.89, 3.66, 5.52, 6.32, 5.04, 5.84, 5.67, 4.68, 5.29, 5.04, 4.85, 5.26, 5.94, 6.11, 6.59, 5.93, 5.55, 6.93, 7.02, 6.42, 5.94, 4.98, 4.64, 3.58, 1.97, 1.5, 1.36, 1.36, 1.44, 1.53, 1.4, 1.27, 1.08, 1.08, 1.01, 1.03, 0.98, 2.46, 3.27, 3.3, 4.78, 6.11, 6.9, 7.1, 7.22, 6.7, 5.91, 5.95, 7.74, 9.645, 10.98, 12.435, 13.005, 12.838, 11.145], [5.05, 4.16, 4.24, 4.89, 4.57, 4.32, 4.7, 4.78, 3.93, 3.46, 3.32, 2.9, 2.2, 1.63, 1.72, 1.43, 1.01, 0.99, 0.92, 0, 1.21, 2.03, 2.16, 1.85, 1.83, 1.49, 1.24, 1.27, 1.43, 2.14, 2.29, 2.51, 3.32, 5.32, 5.98, 4.68, 5.62, 5.39, 4.42, 4.95, 4.74, 4.53, 4.9, 5.6, 5.77, 6.27, 5.61, 5.23, 6.61, 6.7, 6.1, 5.62, 4.7, 4.38, 3.34, 1.79, 1.24, 1.04, 1.22, 1.28, 1.37, 1.2, 0.97, 0.86, 1.2, 1.37, 1.51, 1.36, 2.78, 3.63, 3.64, 5.04, 6.35, 7.18, 7.36, 7.5, 6.98, 6.11, 6.15, 7.98, 9.913, 11.24, 12.703, 13.273, 13.106, 11.413], [4.32, 3.45, 3.57, 4.22, 3.98, 4.05, 4.55, 4.55, 3.68, 3.07, 2.69, 2.35, 1.83, 1.38, 1.37, 1.32, 1.26, 1.52, 1.45, 1.21, 0, 0.98, 1.19, 1.18, 1.32, 1.32, 1.57, 1.54, 2.2, 3.03, 3.2, 3.46, 4.45, 6.47, 7.03, 5.65, 6.69, 6.56, 5.57, 6.04, 5.75, 5.5, 5.87, 6.47, 6.68, 7.18, 6.54, 6.16, 7.48, 7.55, 6.95, 6.55, 5.67, 5.45, 4.35, 2.76, 2.25, 1.87, 1.89, 1.99, 2.06, 2.05, 1.98, 1.89, 1.97, 1.68, 1.86, 1.55, 2.07, 2.86, 2.97, 4.01, 5.46, 6.25, 6.45, 6.55, 6.03, 5.12, 5.12, 7.03, 8.97, 10.29, 11.76, 12.33, 12.171, 10.47], [3.74, 2.87, 3.01, 3.68, 3.68, 4.09, 4.61, 4.59, 3.84, 2.85, 2.41, 2.41, 1.89, 1.64, 1.31, 1.34, 2.0, 2.08, 1.89, 2.03, 0.98, 0, 0.69, 1.1, 1.3, 1.76, 2.13, 2.08, 2.88, 3.77, 4.0, 4.26, 5.31, 7.27, 7.77, 6.43, 7.53, 7.38, 6.41, 6.86, 6.47, 6.12, 6.53, 7.17, 7.38, 7.92, 7.26, 6.84, 8.24, 8.29, 7.71, 7.35, 6.49, 6.33, 5.25, 3.66, 3.13, 2.75, 2.75, 2.73, 2.82, 2.83, 2.76, 2.69, 2.77, 2.2, 2.1, 1.81, 1.67, 2.22, 2.43, 3.31, 4.82, 5.55, 5.75, 5.93, 5.39, 4.5, 4.48, 6.39, 8.33, 9.65, 11.12, 11.69, 11.525, 9.83], [3.81, 2.86, 3.1, 3.77, 3.81, 4.14, 4.62, 4.54, 3.71, 2.78, 2.42, 2.36, 1.78, 1.61, 1.32, 1.49, 2.15, 2.27, 2.06, 2.16, 1.19, 0.69, 0, 0.81, 0.93, 1.35, 1.88, 1.93, 2.93, 3.94, 4.07, 4.47, 5.46, 7.46, 8.0, 6.68, 7.68, 7.51, 6.5, 7.07, 6.74, 6.41, 6.82, 7.42, 7.63, 8.17, 7.49, 7.11, 8.45, 8.54, 7.96, 7.56, 6.64, 6.38, 5.26, 3.59, 3.16, 2.82, 2.78, 2.76, 2.91, 2.92, 2.87, 2.74, 2.8, 2.37, 2.29, 2.02, 1.92, 2.29, 2.54, 3.36, 4.73, 5.44, 5.62, 5.74, 5.2, 4.29, 4.23, 6.14, 8.08, 9.4, 10.87, 11.44, 11.278, 9.58], [4.28, 3.33, 3.55, 4.24, 4.1, 4.21, 4.67, 4.63, 3.74, 2.97, 2.73, 2.43, 1.91, 1.64, 1.29, 1.4, 1.82, 2.04, 1.91, 1.85, 1.18, 1.1, 0.81, 0, 0.6, 1.12, 1.67, 1.68, 2.7, 3.65, 3.74, 4.14, 5.13, 7.13, 7.69, 6.45, 7.45, 7.22, 6.17, 6.74, 6.47, 6.22, 6.61, 7.31, 7.48, 7.98, 7.32, 6.94, 8.34, 8.43, 7.83, 7.35, 6.43, 6.15, 5.03, 3.32, 2.93, 2.61, 2.59, 2.67, 2.68, 2.63, 2.56, 2.39, 2.51, 2.08, 2.22, 1.89, 1.99, 2.54, 2.73, 3.79, 5.04, 5.77, 6.03, 6.11, 5.55, 4.56, 4.54, 6.29, 8.23, 9.541, 11.011, 11.581, 11.413, 9.73], [4.52, 3.57, 3.79, 4.46, 4.36, 4.53, 4.87, 4.91, 3.92, 3.25, 2.95, 2.55, 2.05, 1.44, 1.27, 1.44, 1.76, 1.96, 1.77, 1.83, 1.32, 1.3, 0.93, 0.6, 0, 1.04, 1.65, 1.52, 2.58, 3.65, 3.64, 4.02, 5.01, 7.03, 7.71, 6.43, 7.31, 7.12, 6.03, 6.68, 6.43, 6.22, 6.61, 7.31, 7.48, 7.98, 7.32, 6.94, 8.32, 8.41, 7.81, 7.35, 6.35, 5.99, 4.87, 3.16, 2.79, 2.49, 2.53, 2.67, 2.78, 2.59, 2.44, 2.29, 2.39, 2.16, 2.3, 2.07, 2.23, 2.64, 2.89, 3.87, 5.08, 5.81, 6.13, 6.09, 5.61, 4.58, 4.58, 6.31, 8.23, 9.55, 11.011, 11.581, 11.413, 9.73], [4.62, 3.69, 3.81, 4.48, 4.24, 4.23, 4.59, 4.67, 3.72, 3.21, 2.97, 2.53, 1.87, 1.48, 1.65, 1.64, 1.6, 1.88, 1.79, 1.49, 1.32, 1.76, 1.35, 1.12, 1.04, 0, 0.95, 1.08, 2.02, 3.07, 3.2, 3.58, 4.57, 6.59, 7.19, 5.91, 6.83, 6.64, 5.57, 6.2, 5.99, 5.68, 6.03, 6.79, 6.96, 7.46, 6.78, 6.38, 7.82, 7.91, 7.31, 6.83, 5.85, 5.49, 4.37, 2.68, 2.39, 2.05, 2.07, 2.11, 2.28, 2.11, 1.92, 1.99, 2.05, 1.98, 2.12, 1.93, 2.47, 3.02, 3.21, 4.33, 5.7, 6.39, 6.45, 6.67, 6.13, 5.18, 5.12, 6.89, 8.79, 10.11, 11.576, 12.146, 11.979, 10.31], [4.61, 3.7, 3.76, 4.33, 4.03, 3.78, 4.04, 4.24, 3.25, 2.94, 2.92, 2.46, 1.58, 1.43, 1.68, 1.65, 1.53, 1.77, 1.58, 1.24, 1.57, 2.13, 1.88, 1.67, 1.65, 0.95, 0, 0.69, 1.41, 2.4, 2.49, 2.89, 3.9, 5.9, 6.56, 5.26, 6.16, 5.95, 4.86, 5.55, 5.36, 5.05, 5.42, 6.16, 6.33, 6.83, 6.15, 5.75, 7.19, 7.28, 6.68, 6.2, 5.22, 4.86, 3.7, 2.21, 1.84, 1.62, 1.66, 1.6, 1.67, 1.56, 1.35, 1.5, 1.54, 1.73, 1.85, 1.78, 2.72, 3.39, 3.36, 4.7, 5.97, 6.68, 6.74, 6.96, 6.5, 5.67, 5.65, 7.46, 9.396, 10.716, 12.186, 12.756, 12.589, 10.896], [4.78, 3.83, 3.99, 4.6, 4.28, 4.21, 4.47, 4.67, 3.68, 3.19, 3.15, 2.61, 1.77, 1.36, 1.55, 1.46, 1.16, 1.56, 1.53, 1.27, 1.54, 2.08, 1.93, 1.68, 1.52, 1.08, 0.69, 0, 1.34, 2.41, 2.5, 2.84, 3.87, 5.91, 6.67, 5.39, 6.27, 6.06, 4.91, 5.58, 5.35, 5.04, 5.53, 6.29, 6.46, 6.96, 6.28, 5.88, 7.32, 7.41, 6.81, 6.33, 5.35, 4.93, 3.77, 2.06, 1.87, 1.65, 1.65, 1.75, 1.9, 1.75, 1.34, 1.49, 1.41, 1.68, 1.68, 1.63, 2.65, 3.38, 3.41, 4.83, 6.08, 6.79, 6.83, 7.05, 6.57, 5.78, 5.72, 7.53, 9.406, 10.706, 12.196, 12.746, 12.599, 10.926], [5.758, 4.85, 4.89, 5.38, 4.94, 4.75, 5.03, 5.21, 4.4, 4.01, 3.95, 3.51, 2.69, 2.32, 2.41, 2.2, 1.7, 1.9, 1.81, 1.43, 2.2, 2.88, 2.93, 2.7, 2.58, 2.02, 1.41, 1.34, 0, 1.29, 1.6, 1.82, 2.89, 4.89, 5.61, 4.33, 5.25, 5.04, 3.89, 4.54, 4.21, 3.88, 4.39, 5.17, 5.34, 5.88, 5.18, 4.78, 6.2, 6.29, 5.71, 5.27, 4.27, 3.99, 2.83, 1.68, 1.35, 1.37, 1.41, 1.47, 1.64, 1.63, 1.3, 1.51, 1.61, 1.8, 1.94, 2.01, 3.51, 4.34, 4.45, 5.87, 7.18, 7.91, 8.03, 8.23, 7.73, 6.9, 6.94, 8.79, 10.674, 11.994, 13.464, 14.022, 13.855, 12.174], [6.514, 5.6, 5.52, 5.99, 5.51, 4.98, 5.18, 5.44, 4.97, 4.74, 4.76, 4.5, 3.7, 3.31, 3.28, 3.05, 2.37, 2.43, 2.6, 2.14, 3.03, 3.77, 3.94, 3.65, 3.65, 3.07, 2.4, 2.41, 1.29, 0, 0.89, 1.01, 2.02, 3.9, 4.48, 3.24, 4.3, 4.03, 3.1, 3.55, 3.2, 2.93, 3.28, 4.08, 4.25, 4.75, 4.07, 3.67, 5.11, 5.2, 4.6, 4.14, 3.2, 3.16, 2.42, 2.37, 1.86, 1.76, 1.86, 1.94, 1.73, 1.72, 1.75, 2.1, 2.24, 2.57, 2.69, 2.64, 4.34, 5.25, 5.28, 6.82, 8.19, 8.94, 9.12, 9.32, 8.86, 7.95, 7.93, 9.858, 11.764, 13.084, 14.539, 15.109, 14.942, 13.264], [6.644, 5.75, 5.65, 6.08, 5.64, 4.87, 4.95, 5.49, 4.9, 4.75, 4.87, 4.47, 3.65, 3.24, 3.29, 3.12, 2.52, 2.66, 2.77, 2.29, 3.2, 4.0, 4.07, 3.74, 3.64, 3.2, 2.49, 2.5, 1.6, 0.89, 0, 0.94, 1.81, 3.65, 4.45, 3.15, 4.05, 3.8, 2.75, 3.34, 3.07, 2.88, 3.39, 4.07, 4.24, 4.74, 4.08, 3.7, 5.08, 5.17, 4.57, 4.09, 3.21, 3.03, 2.51, 2.54, 1.91, 2.03, 2.25, 2.25, 2.0, 2.07, 1.9, 2.25, 2.43, 2.82, 2.92, 2.91, 4.37, 5.28, 5.31, 6.83, 8.1, 8.87, 9.07, 9.25, 8.75, 7.92, 7.9, 9.73, 11.631, 12.951, 14.421, 14.991, 14.824, 13.131], [6.958, 6.07, 5.89, 6.28, 5.88, 5.23, 5.33, 5.79, 5.28, 5.15, 5.21, 4.79, 4.01, 3.54, 3.45, 3.24, 2.58, 2.7, 2.89, 2.51, 3.46, 4.26, 4.47, 4.14, 4.02, 3.58, 2.89, 2.84, 1.82, 1.01, 0.94, 0, 1.57, 3.25, 4.11, 2.91, 3.65, 3.5, 2.61, 3.04, 2.73, 2.58, 3.13, 3.73, 3.94, 4.4, 3.76, 3.4, 4.74, 4.83, 4.23, 3.75, 2.95, 2.95, 2.55, 2.54, 2.01, 2.17, 2.33, 2.39, 2.22, 2.13, 2.2, 2.41, 2.63, 3.04, 3.14, 3.11, 4.65, 5.52, 5.55, 7.05, 8.44, 9.25, 9.47, 9.63, 9.03, 8.22, 8.28, 10.09, 11.99, 13.31, 14.744, 15.314, 15.147, 13.454], [8.114, 7.2, 7.16, 7.63, 7.25, 6.6, 6.7, 7.2, 6.37, 6.28, 6.3, 5.86, 5.1, 4.63, 4.62, 4.37, 3.65, 3.53, 3.66, 3.32, 4.45, 5.31, 5.46, 5.13, 5.01, 4.57, 3.9, 3.87, 2.89, 2.02, 1.81, 1.57, 0, 2.08, 2.92, 1.88, 2.58, 2.37, 1.54, 2.07, 1.96, 1.85, 2.36, 2.62, 2.71, 3.21, 2.67, 2.23, 3.55, 3.64, 3.04, 2.56, 1.8, 1.64, 1.68, 2.39, 2.6, 2.94, 3.04, 2.9, 2.81, 3.0, 2.95, 3.14, 3.08, 3.63, 3.87, 3.98, 5.76, 6.65, 6.66, 8.18, 9.51, 10.36, 10.54, 10.66, 10.1, 9.29, 9.35, 11.16, 13.079, 14.4, 15.849, 16.419, 16.252, 14.559], [10.036, 9.163, 8.9, 9.19, 8.99, 7.9, 7.9, 8.76, 8.43, 8.32, 8.34, 7.92, 7.08, 6.57, 6.32, 6.05, 5.43, 5.29, 5.52, 5.32, 6.47, 7.27, 7.46, 7.13, 7.03, 6.59, 5.9, 5.91, 4.89, 3.9, 3.65, 3.25, 2.08, 0, 1.2, 1.48, 1.5, 1.21, 1.64, 1.51, 1.9, 1.81, 2.08, 1.78, 1.51, 1.65, 1.53, 1.15, 1.75, 1.96, 1.62, 1.3, 1.36, 1.76, 2.62, 4.21, 4.44, 4.76, 4.86, 4.82, 4.67, 4.7, 4.79, 5.04, 4.96, 5.53, 5.81, 5.96, 7.72, 8.51, 8.52, 10.06, 11.49, 12.32, 12.54, 12.7, 12.08, 11.35, 11.41, 13.18, 15.06, 16.38, 17.832, 18.402, 18.235, 16.542], [10.533, 9.677, 9.34, 9.55, 9.41, 8.42, 8.54, 9.38, 9.19, 8.96, 9.0, 8.64, 7.84, 7.39, 7.24, 6.95, 6.27, 6.01, 6.32, 5.98, 7.03, 7.77, 8.0, 7.69, 7.71, 7.19, 6.56, 6.67, 5.61, 4.48, 4.45, 4.11, 2.92, 1.2, 0, 1.58, 1.34, 1.27, 2.2, 1.83, 2.0, 2.05, 1.9, 1.38, 1.13, 1.29, 1.37, 1.21, 1.07, 1.1, 0.86, 0.9, 1.58, 2.18, 3.3, 5.01, 5.24, 5.38, 5.42, 5.4, 5.25, 5.34, 5.55, 5.82, 5.72, 6.27, 6.55, 6.68, 8.44, 9.23, 9.22, 10.74, 12.25, 13.04, 13.26, 13.42, 12.92, 12.01, 12.03, 13.96, 15.893, 17.213, 18.683, 19.253, 19.086, 17.393], [9.21, 8.372, 8.0, 8.29, 8.07, 7.18, 7.34, 8.1, 7.89, 7.68, 7.68, 7.32, 6.56, 6.07, 5.96, 5.67, 4.99, 4.73, 5.04, 4.68, 5.65, 6.43, 6.68, 6.45, 6.43, 5.91, 5.26, 5.39, 4.33, 3.24, 3.15, 2.91, 1.88, 1.48, 1.58, 0, 1.44, 1.55, 1.68, 1.51, 1.66, 1.41, 1.78, 1.82, 1.69, 2.01, 1.77, 1.35, 2.13, 2.12, 1.56, 1.22, 1.4, 1.96, 2.68, 3.75, 3.86, 4.04, 4.18, 4.14, 4.03, 4.14, 4.33, 4.56, 4.6, 5.17, 5.35, 5.46, 7.12, 7.93, 7.92, 9.32, 10.83, 11.68, 11.92, 11.98, 11.46, 10.55, 10.57, 12.5, 14.44, 15.76, 17.23, 17.8, 17.647, 15.94], [10.359, 9.466, 9.18, 9.47, 9.37, 8.28, 8.2, 9.14, 8.81, 8.7, 8.74, 8.32, 7.42, 6.89, 6.72, 6.47, 5.79, 5.61, 5.84, 5.62, 6.69, 7.53, 7.68, 7.45, 7.31, 6.83, 6.16, 6.27, 5.25, 4.3, 4.05, 3.65, 2.58, 1.5, 1.34, 1.44, 0, 0.95, 1.64, 1.57, 2.02, 2.13, 2.38, 1.96, 1.83, 2.01, 2.15, 1.75, 1.63, 1.62, 1.34, 1.3, 1.8, 2.32, 3.24, 4.47, 4.6, 4.94, 5.04, 5.04, 4.93, 5.02, 5.15, 5.4, 5.34, 5.97, 6.17, 6.36, 8.12, 8.91, 8.88, 10.32, 11.71, 12.54, 12.78, 12.86, 12.26, 11.49, 11.55, 13.34, 15.24, 16.56, 18.03, 18.6, 18.444, 16.74], [10.155, 9.259, 9.05, 9.4, 9.24, 8.15, 8.09, 8.91, 8.58, 8.47, 8.53, 8.11, 7.19, 6.68, 6.53, 6.3, 5.6, 5.46, 5.67, 5.39, 6.56, 7.38, 7.51, 7.22, 7.12, 6.64, 5.95, 6.06, 5.04, 4.03, 3.8, 3.5, 2.37, 1.21, 1.27, 1.55, 0.95, 0, 1.19, 1.06, 1.71, 1.96, 2.25, 1.81, 1.58, 1.66, 1.82, 1.4, 1.42, 1.69, 1.41, 1.35, 1.53, 2.05, 3.01, 4.32, 4.53, 4.83, 4.93, 4.91, 4.72, 4.81, 4.92, 5.17, 5.09, 5.66, 5.94, 6.15, 7.95, 8.76, 8.73, 10.23, 11.54, 12.37, 12.59, 12.75, 12.15, 11.4, 11.46, 13.23, 15.13, 16.45, 17.916, 18.486, 18.319, 16.626], [9.211, 8.278, 8.16, 8.55, 8.29, 7.3, 7.3, 8.02, 7.47, 7.42, 7.48, 7.04, 6.04, 5.59, 5.64, 5.39, 4.65, 4.61, 4.68, 4.42, 5.57, 6.41, 6.5, 6.17, 6.03, 5.57, 4.86, 4.91, 3.89, 3.1, 2.75, 2.61, 1.54, 1.64, 2.2, 1.68, 1.64, 1.19, 0, 0.83, 1.2, 1.69, 2.52, 2.42, 2.25, 2.35, 2.25, 1.91, 2.47, 2.66, 2.38, 2.22, 2.06, 2.28, 2.6, 3.51, 3.64, 3.96, 4.0, 3.98, 3.81, 3.9, 3.91, 4.12, 4.14, 4.75, 4.91, 5.14, 6.96, 7.77, 7.78, 9.32, 10.51, 11.32, 11.5, 11.66, 11.12, 10.35, 10.39, 12.18, 14.088, 15.408, 16.878, 17.448, 17.281, 15.588], [9.618, 8.739, 8.53, 8.84, 8.64, 7.55, 7.59, 8.35, 8.08, 7.91, 7.93, 7.53, 6.79, 6.3, 6.17, 5.88, 5.16, 5.1, 5.29, 4.95, 6.04, 6.86, 7.07, 6.74, 6.68, 6.2, 5.55, 5.58, 4.54, 3.55, 3.34, 3.04, 2.07, 1.51, 1.83, 1.51, 1.57, 1.06, 0.83, 0, 1.07, 1.58, 2.45, 2.31, 1.94, 1.98, 1.98, 1.7, 1.98, 2.27, 2.09, 1.97, 2.13, 2.63, 3.21, 4.22, 4.31, 4.53, 4.61, 4.59, 4.4, 4.41, 4.54, 4.79, 4.85, 5.42, 5.56, 5.65, 7.35, 8.2, 8.21, 9.77, 11.2, 12.03, 12.25, 12.37, 11.87, 10.98, 11.02, 12.91, 14.832, 16.152, 17.622, 18.192, 18.025, 16.332], [9.236, 8.463, 8.14, 8.29, 7.95, 7.02, 7.16, 7.94, 7.85, 7.62, 7.56, 7.28, 6.6, 6.11, 5.9, 5.63, 4.93, 4.83, 5.04, 4.74, 5.75, 6.47, 6.74, 6.47, 6.43, 5.99, 5.36, 5.35, 4.21, 3.2, 3.07, 2.73, 1.96, 1.9, 2.0, 1.66, 2.02, 1.71, 1.2, 1.07, 0, 0.95, 1.68, 1.74, 1.59, 1.83, 1.61, 1.75, 2.25, 2.24, 2.18, 2.26, 2.52, 2.86, 3.1, 4.05, 4.14, 4.3, 4.34, 4.32, 4.13, 4.22, 4.33, 4.56, 4.6, 5.21, 5.39, 5.5, 7.06, 7.91, 7.94, 9.48, 11.01, 11.84, 12.06, 12.18, 11.68, 10.77, 10.79, 12.72, 14.627, 15.947, 17.417, 17.987, 17.82, 16.127], [8.869, 8.076, 7.77, 7.9, 7.5, 6.75, 6.93, 7.69, 7.6, 7.35, 7.33, 7.05, 6.31, 5.88, 5.69, 5.44, 4.72, 4.64, 4.85, 4.53, 5.5, 6.12, 6.41, 6.22, 6.22, 5.68, 5.05, 5.04, 3.88, 2.93, 2.88, 2.58, 1.85, 1.81, 2.05, 1.41, 2.13, 1.96, 1.69, 1.58, 0.95, 0, 1.15, 1.57, 1.64, 2.08, 1.68, 1.52, 2.58, 2.47, 2.07, 2.05, 2.19, 2.53, 2.87, 3.88, 3.99, 4.13, 4.15, 4.01, 3.9, 3.99, 4.06, 4.41, 4.37, 4.98, 5.14, 5.21, 6.85, 7.68, 7.73, 9.27, 10.78, 11.57, 11.75, 11.95, 11.45, 10.54, 10.56, 12.49, 14.403, 15.723, 17.193, 17.763, 17.596, 15.903], [9.299, 8.506, 8.18, 8.333, 8.05, 7.28, 7.42, 8.22, 8.11, 7.88, 7.86, 7.56, 6.74, 6.31, 6.16, 5.89, 5.21, 4.95, 5.26, 4.9, 5.87, 6.53, 6.82, 6.61, 6.61, 6.03, 5.42, 5.53, 4.39, 3.28, 3.39, 3.13, 2.36, 2.08, 1.9, 1.78, 2.38, 2.25, 2.52, 2.45, 1.68, 1.15, 0, 0.96, 1.31, 1.85, 1.59, 1.47, 2.35, 2.34, 1.94, 1.88, 1.9, 2.24, 2.88, 4.07, 4.26, 4.36, 4.4, 4.28, 4.15, 4.26, 4.45, 4.8, 4.72, 5.25, 5.45, 5.54, 7.38, 8.17, 8.16, 9.66, 11.17, 11.96, 12.14, 12.34, 11.84, 10.93, 10.95, 12.88, 14.813, 16.133, 17.597, 18.167, 18.0, 16.313], [9.996, 9.203, 8.837, 9.033, 8.69, 8.02, 8.16, 8.94, 8.81, 8.58, 8.56, 8.26, 7.46, 7.01, 6.86, 6.57, 5.89, 5.63, 5.94, 5.6, 6.47, 7.17, 7.42, 7.31, 7.31, 6.79, 6.16, 6.29, 5.17, 4.08, 4.07, 3.73, 2.62, 1.78, 1.38, 1.82, 1.96, 1.81, 2.42, 2.31, 1.74, 1.57, 0.96, 0, 0.83, 1.35, 1.31, 1.17, 1.63, 1.62, 1.28, 1.46, 1.72, 2.16, 3.0, 4.55, 4.78, 4.9, 4.92, 4.84, 4.77, 4.96, 5.17, 5.44, 5.34, 5.89, 6.17, 6.3, 8.06, 8.85, 8.84, 10.26, 11.79, 12.58, 12.82, 12.96, 12.46, 11.55, 11.57, 13.5, 15.44, 16.76, 18.23, 18.8, 18.638, 16.94], [10.192, 9.379, 9.01, 9.246, 8.96, 8.19, 8.33, 9.11, 8.98, 8.75, 8.75, 8.43, 7.63, 7.18, 7.03, 6.74, 6.06, 5.8, 6.11, 5.77, 6.68, 7.38, 7.63, 7.48, 7.48, 6.96, 6.33, 6.46, 5.34, 4.25, 4.24, 3.94, 2.71, 1.51, 1.13, 1.69, 1.83, 1.58, 2.25, 1.94, 1.59, 1.64, 1.31, 0.83, 0, 0.84, 0.94, 1.08, 1.32, 1.37, 1.23, 1.31, 1.69, 2.11, 3.03, 4.7, 4.93, 5.05, 5.07, 5.05, 4.96, 5.13, 5.34, 5.61, 5.51, 6.06, 6.34, 6.47, 8.23, 9.02, 9.01, 10.43, 11.96, 12.75, 12.99, 13.13, 12.63, 11.72, 11.74, 13.67, 15.61, 16.93, 18.4, 18.97, 18.808, 17.11], [10.732, 9.919, 9.55, 9.786, 9.48, 8.69, 8.83, 9.61, 9.48, 9.25, 9.25, 8.93, 8.13, 7.68, 7.53, 7.24, 6.56, 6.3, 6.59, 6.27, 7.18, 7.92, 8.17, 7.98, 7.98, 7.46, 6.83, 6.96, 5.88, 4.75, 4.74, 4.4, 3.21, 1.65, 1.29, 2.01, 2.01, 1.66, 2.35, 1.98, 1.83, 2.08, 1.85, 1.35, 0.84, 0, 0.96, 1.26, 1.3, 1.27, 1.47, 1.61, 1.95, 2.45, 3.33, 5.16, 5.39, 5.51, 5.51, 5.57, 5.44, 5.61, 5.84, 6.11, 5.99, 6.56, 6.84, 6.97, 8.73, 9.52, 9.51, 10.91, 12.44, 13.25, 13.49, 13.61, 13.11, 12.2, 12.22, 14.15, 16.09, 17.41, 18.88, 19.45, 19.291, 17.59], [10.06, 9.224, 8.85, 9.1, 8.92, 8.01, 8.15, 8.95, 8.82, 8.59, 8.59, 8.27, 7.45, 7.02, 6.87, 6.58, 5.9, 5.64, 5.93, 5.61, 6.54, 7.26, 7.49, 7.32, 7.32, 6.78, 6.15, 6.28, 5.18, 4.07, 4.08, 3.76, 2.67, 1.53, 1.37, 1.77, 2.15, 1.82, 2.25, 1.98, 1.61, 1.68, 1.59, 1.31, 0.94, 0.96, 0, 0.78, 1.6, 1.65, 1.63, 1.57, 1.83, 2.13, 2.65, 4.54, 4.77, 4.89, 4.89, 4.87, 4.76, 4.93, 5.16, 5.45, 5.31, 5.88, 6.16, 6.29, 8.07, 8.86, 8.85, 10.29, 11.82, 12.61, 12.81, 12.99, 12.49, 11.58, 11.6, 13.53, 15.47, 16.79, 18.26, 18.83, 18.665, 16.97], [9.683, 8.827, 8.53, 8.86, 8.7, 7.69, 7.79, 8.55, 8.44, 8.21, 8.21, 7.89, 7.07, 6.64, 6.49, 6.2, 5.52, 5.28, 5.55, 5.23, 6.16, 6.84, 7.11, 6.94, 6.94, 6.38, 5.75, 5.88, 4.78, 3.67, 3.7, 3.4, 2.23, 1.15, 1.21, 1.35, 1.75, 1.4, 1.91, 1.7, 1.75, 1.52, 1.47, 1.17, 1.08, 1.26, 0.78, 0, 1.58, 1.65, 1.33, 1.11, 1.13, 1.57, 2.37, 4.16, 4.39, 4.51, 4.51, 4.47, 4.36, 4.53, 4.76, 5.07, 4.91, 5.48, 5.76, 5.89, 7.69, 8.5, 8.47, 9.91, 11.44, 12.23, 12.41, 12.61, 12.11, 11.2, 11.22, 13.15, 15.09, 16.41, 17.88, 18.45, 18.285, 16.59], [11.083, 10.25, 9.91, 10.12, 9.98, 9.05, 9.19, 9.97, 9.82, 9.61, 9.57, 9.27, 8.49, 8.02, 7.87, 7.58, 6.9, 6.64, 6.93, 6.61, 7.48, 8.24, 8.45, 8.34, 8.32, 7.82, 7.19, 7.32, 6.2, 5.11, 5.08, 4.74, 3.55, 1.75, 1.07, 2.13, 1.63, 1.42, 2.47, 1.98, 2.25, 2.58, 2.35, 1.63, 1.32, 1.3, 1.6, 1.58, 0, 0.75, 1.05, 1.19, 1.97, 2.51, 3.65, 5.52, 5.75, 5.87, 5.89, 5.85, 5.78, 5.97, 6.2, 6.45, 6.35, 6.92, 7.2, 7.33, 9.07, 9.86, 9.85, 11.27, 12.8, 13.61, 13.85, 13.97, 13.47, 12.56, 12.58, 14.51, 16.45, 17.77, 19.24, 19.81, 19.648, 17.95], [11.116, 10.323, 9.957, 10.17, 9.87, 9.14, 9.28, 10.06, 9.91, 9.7, 9.66, 9.36, 8.58, 8.11, 7.96, 7.67, 6.99, 6.73, 7.02, 6.7, 7.55, 8.29, 8.54, 8.43, 8.41, 7.91, 7.28, 7.41, 6.29, 5.2, 5.17, 4.83, 3.64, 1.96, 1.1, 2.12, 1.62, 1.69, 2.66, 2.27, 2.24, 2.47, 2.34, 1.62, 1.37, 1.27, 1.65, 1.65, 0.75, 0, 0.8, 1.24, 2.14, 2.74, 3.72, 5.59, 5.82, 5.94, 5.96, 5.94, 5.87, 6.06, 6.29, 6.54, 6.44, 7.01, 7.29, 7.42, 9.16, 9.95, 9.94, 11.34, 12.87, 13.7, 13.94, 14.04, 13.54, 12.63, 12.65, 14.58, 16.52, 17.84, 19.31, 19.88, 19.721, 18.02], [10.536, 9.743, 9.38, 9.63, 9.37, 8.54, 8.68, 9.46, 9.31, 9.1, 9.06, 8.76, 7.98, 7.51, 7.36, 7.07, 6.39, 6.13, 6.42, 6.1, 6.95, 7.71, 7.96, 7.83, 7.81, 7.31, 6.68, 6.81, 5.71, 4.6, 4.57, 4.23, 3.04, 1.62, 0.86, 1.56, 1.34, 1.41, 2.38, 2.09, 2.18, 2.07, 1.94, 1.28, 1.23, 1.47, 1.63, 1.33, 1.05, 0.8, 0, 0.64, 1.6, 2.3, 3.36, 4.97, 5.2, 5.34, 5.36, 5.36, 5.27, 5.46, 5.69, 5.94, 5.84, 6.41, 6.69, 6.82, 8.56, 9.35, 9.34, 10.74, 12.27, 13.1, 13.34, 13.42, 12.92, 12.01, 12.03, 13.96, 15.9, 17.22, 18.69, 19.26, 19.104, 17.4], [10.156, 9.323, 9.0, 9.33, 9.15, 8.1, 8.22, 9.02, 8.83, 8.62, 8.62, 8.28, 7.5, 7.03, 6.88, 6.59, 5.91, 5.65, 5.94, 5.62, 6.55, 7.35, 7.56, 7.35, 7.35, 6.83, 6.2, 6.33, 5.27, 4.14, 4.09, 3.75, 2.56, 1.3, 0.9, 1.22, 1.3, 1.35, 2.22, 1.97, 2.26, 2.05, 1.88, 1.46, 1.31, 1.61, 1.57, 1.11, 1.19, 1.24, 0.64, 0, 1.12, 1.78, 2.84, 4.49, 4.72, 4.88, 4.9, 4.96, 4.83, 4.98, 5.21, 5.46, 5.36, 5.93, 6.21, 6.34, 8.08, 8.87, 8.86, 10.28, 11.79, 12.62, 12.86, 12.94, 12.44, 11.53, 11.55, 13.48, 15.42, 16.74, 18.21, 18.78, 18.624, 16.92], [9.305, 8.44, 8.2, 8.65, 8.41, 7.68, 7.8, 8.28, 7.85, 7.7, 7.7, 7.36, 6.52, 6.05, 5.94, 5.71, 4.95, 4.73, 4.98, 4.7, 5.67, 6.49, 6.64, 6.43, 6.35, 5.85, 5.22, 5.35, 4.27, 3.2, 3.21, 2.95, 1.8, 1.36, 1.58, 1.4, 1.8, 1.53, 2.06, 2.13, 2.52, 2.19, 1.9, 1.72, 1.69, 1.95, 1.83, 1.13, 1.97, 2.14, 1.6, 1.12, 0, 0.9, 1.88, 3.57, 3.8, 3.92, 3.94, 3.96, 3.83, 4.04, 4.23, 4.48, 4.38, 4.95, 5.23, 5.36, 7.16, 7.99, 7.96, 9.44, 10.85, 11.66, 11.88, 12.02, 11.52, 10.61, 10.63, 12.56, 14.5, 15.82, 17.29, 17.86, 17.695, 16.0], [9.203, 8.32, 8.28, 8.81, 8.47, 7.84, 7.88, 8.4, 7.49, 7.5, 7.5, 7.06, 6.08, 5.61, 5.76, 5.47, 4.75, 4.59, 4.64, 4.38, 5.45, 6.33, 6.38, 6.15, 5.99, 5.49, 4.86, 4.93, 3.99, 3.16, 3.03, 2.95, 1.64, 1.76, 2.18, 1.96, 2.32, 2.05, 2.28, 2.63, 2.86, 2.53, 2.24, 2.16, 2.11, 2.45, 2.13, 1.57, 2.51, 2.74, 2.3, 1.78, 0.9, 0, 1.3, 3.09, 3.4, 3.74, 3.82, 3.72, 3.69, 3.92, 3.89, 4.02, 3.96, 4.49, 4.83, 5.12, 6.96, 7.79, 7.78, 9.16, 10.43, 11.26, 11.42, 11.54, 11.02, 10.21, 10.23, 12.02, 13.96, 15.28, 16.75, 17.32, 17.161, 15.46], [8.168, 7.28, 7.24, 7.85, 7.53, 7.04, 7.16, 7.46, 6.61, 6.44, 6.42, 5.96, 5.0, 4.55, 4.7, 4.43, 3.73, 3.55, 3.58, 3.34, 4.35, 5.25, 5.26, 5.03, 4.87, 4.37, 3.7, 3.77, 2.83, 2.42, 2.51, 2.55, 1.68, 2.62, 3.3, 2.68, 3.24, 3.01, 2.6, 3.21, 3.1, 2.87, 2.88, 3.0, 3.03, 3.33, 2.65, 2.37, 3.65, 3.72, 3.36, 2.84, 1.88, 1.3, 0, 1.91, 2.4, 2.72, 2.7, 2.68, 2.77, 3.02, 2.93, 2.9, 2.82, 3.39, 3.71, 4.1, 5.92, 6.77, 6.76, 8.1, 9.35, 10.14, 10.26, 10.38, 9.9, 9.13, 9.11, 10.9, 12.82, 14.14, 15.61, 16.18, 16.021, 14.32], [6.6, 5.73, 5.73, 6.32, 6.0, 5.83, 6.09, 6.29, 5.28, 4.93, 4.87, 4.35, 3.37, 2.94, 3.09, 2.84, 2.14, 1.96, 1.97, 1.79, 2.76, 3.66, 3.59, 3.32, 3.16, 2.68, 2.21, 2.06, 1.68, 2.37, 2.54, 2.54, 2.39, 4.21, 5.01, 3.75, 4.47, 4.32, 3.51, 4.22, 4.05, 3.88, 4.07, 4.55, 4.7, 5.16, 4.54, 4.16, 5.52, 5.59, 4.97, 4.49, 3.57, 3.09, 1.91, 0, 1.03, 1.27, 1.25, 1.27, 1.7, 1.87, 1.66, 1.47, 1.35, 1.86, 2.1, 2.55, 4.35, 5.18, 5.19, 6.49, 7.74, 8.51, 8.59, 8.75, 8.17, 7.42, 7.4, 9.11, 10.93, 12.25, 13.72, 14.29, 14.14, 12.45], [6.0, 5.08, 5.04, 5.61, 5.29, 4.98, 5.22, 5.44, 4.51, 4.24, 4.3, 3.86, 2.9, 2.47, 2.5, 2.25, 1.55, 1.43, 1.5, 1.24, 2.25, 3.13, 3.16, 2.93, 2.79, 2.39, 1.84, 1.87, 1.35, 1.86, 1.91, 2.01, 2.6, 4.44, 5.24, 3.86, 4.6, 4.53, 3.64, 4.31, 4.14, 3.99, 4.26, 4.78, 4.93, 5.39, 4.77, 4.39, 5.75, 5.82, 5.2, 4.72, 3.8, 3.4, 2.4, 1.03, 0, 0.68, 0.74, 0.8, 1.05, 1.22, 1.01, 1.06, 1.1, 1.55, 1.67, 1.94, 3.76, 4.59, 4.58, 5.96, 7.23, 8.06, 8.24, 8.32, 7.74, 6.97, 7.01, 8.78, 10.7, 12.02, 13.49, 14.06, 13.907, 12.2], [5.591, 4.66, 4.6, 5.17, 4.83, 4.6, 4.94, 5.06, 4.33, 3.96, 3.92, 3.54, 2.68, 2.19, 2.24, 1.95, 1.17, 1.19, 1.36, 1.04, 1.87, 2.75, 2.82, 2.61, 2.49, 2.05, 1.62, 1.65, 1.37, 1.76, 2.03, 2.17, 2.94, 4.76, 5.38, 4.04, 4.94, 4.83, 3.96, 4.53, 4.3, 4.13, 4.36, 4.9, 5.05, 5.51, 4.89, 4.51, 5.87, 5.94, 5.34, 4.88, 3.92, 3.74, 2.72, 1.27, 0.68, 0, 0.6, 0.66, 0.89, 1.0, 0.87, 1.08, 1.08, 1.37, 1.59, 1.66, 3.4, 4.25, 4.24, 5.64, 6.99, 7.82, 8.02, 8.1, 7.62, 6.71, 6.71, 8.64, 10.58, 11.9, 13.37, 13.94, 13.781, 12.08], [5.648, 4.72, 4.62, 5.17, 4.89, 4.76, 5.12, 5.2, 4.47, 3.98, 3.98, 3.6, 2.66, 2.27, 2.36, 2.09, 1.33, 1.33, 1.36, 1.22, 1.89, 2.75, 2.78, 2.59, 2.53, 2.07, 1.66, 1.65, 1.41, 1.86, 2.25, 2.33, 3.04, 4.86, 5.42, 4.18, 5.04, 4.93, 4.0, 4.61, 4.34, 4.15, 4.4, 4.92, 5.07, 5.51, 4.89, 4.51, 5.89, 5.96, 5.36, 4.9, 3.94, 3.82, 2.7, 1.25, 0.74, 0.6, 0, 0.68, 0.83, 0.98, 0.99, 1.12, 0.94, 1.27, 1.45, 1.64, 3.48, 4.35, 4.34, 5.72, 7.05, 7.84, 7.98, 8.12, 7.66, 6.75, 6.71, 8.64, 10.58, 11.9, 13.37, 13.94, 13.781, 12.08], [5.62, 4.74, 4.74, 5.21, 4.91, 4.7, 5.06, 5.14, 4.39, 4.04, 4.02, 3.68, 2.76, 2.41, 2.52, 2.23, 1.55, 1.41, 1.44, 1.28, 1.99, 2.73, 2.76, 2.67, 2.67, 2.11, 1.6, 1.75, 1.47, 1.94, 2.25, 2.39, 2.9, 4.82, 5.4, 4.14, 5.04, 4.91, 3.98, 4.59, 4.32, 4.01, 4.28, 4.84, 5.05, 5.57, 4.87, 4.47, 5.85, 5.94, 5.36, 4.96, 3.96, 3.72, 2.68, 1.27, 0.8, 0.66, 0.68, 0, 0.65, 0.94, 1.01, 1.1, 0.9, 1.29, 1.45, 1.7, 3.58, 4.45, 4.44, 5.84, 7.17, 7.94, 8.02, 8.24, 7.78, 6.87, 6.83, 8.76, 10.7, 12.02, 13.49, 14.06, 13.895, 12.2], [5.664, 4.75, 4.67, 5.14, 4.84, 4.37, 4.59, 4.77, 4.18, 3.99, 4.01, 3.67, 2.75, 2.46, 2.55, 2.28, 1.64, 1.56, 1.53, 1.37, 2.06, 2.82, 2.91, 2.68, 2.78, 2.28, 1.67, 1.9, 1.64, 1.73, 2.0, 2.22, 2.81, 4.67, 5.25, 4.03, 4.93, 4.72, 3.81, 4.4, 4.13, 3.9, 4.15, 4.77, 4.96, 5.44, 4.76, 4.36, 5.78, 5.87, 5.27, 4.83, 3.83, 3.69, 2.77, 1.7, 1.05, 0.89, 0.83, 0.65, 0, 0.61, 0.96, 1.15, 1.05, 1.34, 1.5, 1.65, 3.55, 4.42, 4.41, 5.85, 7.18, 7.95, 8.09, 8.29, 7.79, 6.88, 6.9, 8.83, 10.769, 12.089, 13.559, 14.129, 13.962, 12.269], [5.608, 4.675, 4.56, 4.95, 4.71, 4.16, 4.36, 4.62, 4.03, 3.88, 3.96, 3.56, 2.58, 2.19, 2.26, 2.03, 1.37, 1.29, 1.4, 1.2, 2.05, 2.83, 2.92, 2.63, 2.59, 2.11, 1.56, 1.75, 1.63, 1.72, 2.07, 2.13, 3.0, 4.7, 5.34, 4.14, 5.02, 4.81, 3.9, 4.41, 4.22, 3.99, 4.26, 4.96, 5.13, 5.61, 4.93, 4.53, 5.97, 6.06, 5.46, 4.98, 4.04, 3.92, 3.02, 1.87, 1.22, 1.0, 0.98, 0.94, 0.61, 0, 0.75, 1.0, 1.04, 1.27, 1.43, 1.48, 3.4, 4.23, 4.22, 5.8, 7.13, 7.88, 8.02, 8.24, 7.76, 6.85, 6.85, 8.76, 10.688, 12.008, 13.478, 14.044, 13.881, 12.2], [5.544, 4.65, 4.63, 5.08, 4.68, 4.23, 4.49, 4.77, 4.02, 3.79, 3.83, 3.41, 2.41, 2.02, 2.03, 1.78, 1.14, 1.22, 1.27, 0.97, 1.98, 2.76, 2.87, 2.56, 2.44, 1.92, 1.35, 1.34, 1.3, 1.75, 1.9, 2.2, 2.95, 4.79, 5.55, 4.33, 5.15, 4.92, 3.91, 4.54, 4.33, 4.06, 4.45, 5.17, 5.34, 5.84, 5.16, 4.76, 6.2, 6.29, 5.69, 5.21, 4.23, 3.89, 2.93, 1.66, 1.01, 0.87, 0.99, 1.01, 0.96, 0.75, 0, 0.89, 0.87, 1.22, 1.42, 1.53, 3.27, 4.1, 4.17, 5.71, 6.96, 7.71, 7.85, 8.09, 7.59, 6.8, 6.8, 8.59, 10.506, 11.826, 13.296, 13.865, 13.699, 12.026], [5.63, 4.78, 4.82, 5.35, 4.97, 4.62, 4.82, 5.02, 4.07, 3.8, 3.74, 3.26, 2.34, 2.01, 2.06, 1.85, 1.37, 1.23, 1.08, 0.86, 1.89, 2.69, 2.74, 2.39, 2.29, 1.99, 1.5, 1.49, 1.51, 2.1, 2.25, 2.41, 3.14, 5.04, 5.82, 4.56, 5.4, 5.17, 4.12, 4.79, 4.56, 4.41, 4.8, 5.44, 5.61, 6.11, 5.45, 5.07, 6.45, 6.54, 5.94, 5.46, 4.48, 4.02, 2.9, 1.47, 1.06, 1.08, 1.12, 1.1, 1.15, 1.0, 0.89, 0, 0.64, 1.07, 1.25, 1.6, 3.22, 4.03, 4.14, 5.6, 6.81, 7.56, 7.64, 7.88, 7.38, 6.63, 6.61, 8.38, 10.18, 11.5, 12.97, 13.539, 13.39, 11.7], [5.67, 4.72, 4.8, 5.31, 4.93, 4.7, 4.96, 5.18, 4.19, 3.84, 3.88, 3.36, 2.38, 2.05, 2.1, 1.93, 1.35, 1.19, 1.08, 1.2, 1.97, 2.77, 2.8, 2.51, 2.39, 2.05, 1.54, 1.41, 1.61, 2.24, 2.43, 2.63, 3.08, 4.96, 5.72, 4.6, 5.34, 5.09, 4.14, 4.85, 4.6, 4.37, 4.72, 5.34, 5.51, 5.99, 5.31, 4.91, 6.35, 6.44, 5.84, 5.36, 4.38, 3.96, 2.82, 1.35, 1.1, 1.08, 0.94, 0.9, 1.05, 1.04, 0.87, 0.64, 0, 0.87, 1.07, 1.46, 3.3, 4.15, 4.22, 5.74, 6.95, 7.7, 7.72, 8.0, 7.5, 6.75, 6.73, 8.5, 10.36, 11.656, 13.15, 13.716, 13.569, 11.88], [5.138, 4.27, 4.31, 4.8, 4.42, 4.51, 4.81, 4.95, 3.94, 3.39, 3.23, 2.81, 2.01, 1.82, 1.87, 1.82, 1.42, 1.12, 1.01, 1.37, 1.68, 2.2, 2.37, 2.08, 2.16, 1.98, 1.73, 1.68, 1.8, 2.57, 2.82, 3.04, 3.63, 5.53, 6.27, 5.17, 5.97, 5.66, 4.75, 5.42, 5.21, 4.98, 5.25, 5.89, 6.06, 6.56, 5.88, 5.48, 6.92, 7.01, 6.41, 5.93, 4.95, 4.49, 3.39, 1.86, 1.55, 1.37, 1.27, 1.29, 1.34, 1.27, 1.22, 1.07, 0.87, 0, 0.72, 1.07, 2.75, 3.58, 3.67, 5.09, 6.34, 7.09, 7.17, 7.43, 6.89, 6.12, 6.12, 7.91, 9.806, 11.126, 12.596, 13.166, 12.999, 11.326], [4.78, 3.87, 3.89, 4.44, 4.22, 4.45, 4.75, 4.89, 3.94, 3.17, 3.05, 2.81, 2.09, 1.88, 1.83, 1.82, 1.54, 1.22, 1.03, 1.51, 1.86, 2.1, 2.29, 2.22, 2.3, 2.12, 1.85, 1.68, 1.94, 2.69, 2.92, 3.14, 3.87, 5.81, 6.55, 5.35, 6.17, 5.94, 4.91, 5.56, 5.39, 5.14, 5.45, 6.17, 6.34, 6.84, 6.16, 5.76, 7.2, 7.29, 6.69, 6.21, 5.23, 4.83, 3.71, 2.1, 1.67, 1.59, 1.45, 1.45, 1.5, 1.43, 1.42, 1.25, 1.07, 0.72, 0, 0.73, 2.51, 3.3, 3.39, 4.85, 6.1, 6.83, 6.89, 7.13, 6.63, 5.86, 5.86, 7.65, 9.529, 10.849, 12.319, 12.882, 12.722, 11.049], [4.35, 3.36, 3.46, 4.05, 3.95, 4.2, 4.56, 4.66, 3.81, 2.94, 2.78, 2.58, 2.08, 1.83, 1.48, 1.39, 1.19, 0.97, 0.98, 1.36, 1.55, 1.81, 2.02, 1.89, 2.07, 1.93, 1.78, 1.63, 2.01, 2.64, 2.91, 3.11, 3.98, 5.96, 6.68, 5.46, 6.36, 6.15, 5.14, 5.65, 5.5, 5.21, 5.54, 6.3, 6.47, 6.97, 6.29, 5.89, 7.33, 7.42, 6.82, 6.34, 5.36, 5.12, 4.1, 2.55, 1.94, 1.66, 1.64, 1.7, 1.65, 1.48, 1.53, 1.6, 1.46, 1.07, 0.73, 0, 2.04, 2.87, 2.9, 4.44, 5.73, 6.54, 6.7, 6.9, 6.4, 5.53, 5.57, 7.44, 9.362, 10.682, 12.148, 12.718, 12.551, 10.862], [2.87, 2.1, 2.44, 2.91, 2.79, 3.16, 3.56, 3.6, 2.93, 2.06, 1.56, 1.44, 2.0, 1.89, 1.7, 1.87, 2.45, 2.59, 2.46, 2.78, 2.07, 1.67, 1.92, 1.99, 2.23, 2.47, 2.72, 2.65, 3.51, 4.34, 4.37, 4.65, 5.76, 7.72, 8.44, 7.12, 8.12, 7.95, 6.96, 7.35, 7.06, 6.85, 7.38, 8.06, 8.23, 8.73, 8.07, 7.69, 9.07, 9.16, 8.56, 8.08, 7.16, 6.96, 5.92, 4.35, 3.76, 3.4, 3.48, 3.58, 3.55, 3.4, 3.27, 3.22, 3.3, 2.75, 2.51, 2.04, 0, 1.01, 1.16, 2.52, 3.95, 4.78, 5.02, 5.12, 4.62, 3.71, 3.75, 5.66, 7.573, 8.893, 10.363, 10.933, 10.766, 9.073], [2.46, 2.15, 2.13, 2.52, 2.74, 3.15, 3.47, 3.55, 2.86, 2.01, 1.53, 1.43, 2.41, 2.48, 2.31, 2.52, 3.32, 3.4, 3.27, 3.63, 2.86, 2.22, 2.29, 2.54, 2.64, 3.02, 3.39, 3.38, 4.34, 5.25, 5.28, 5.52, 6.65, 8.51, 9.23, 7.93, 8.91, 8.76, 7.77, 8.2, 7.91, 7.68, 8.17, 8.85, 9.02, 9.52, 8.86, 8.5, 9.86, 9.95, 9.35, 8.87, 7.99, 7.79, 6.77, 5.18, 4.59, 4.25, 4.35, 4.45, 4.42, 4.23, 4.1, 4.03, 4.15, 3.58, 3.3, 2.87, 1.01, 0, 0.83, 1.85, 3.16, 3.97, 4.33, 4.35, 3.87, 2.92, 2.96, 4.83, 6.749, 8.069, 9.539, 10.109, 9.942, 8.249], [2.25, 1.9, 1.92, 2.09, 2.29, 2.76, 3.0, 2.92, 2.27, 1.5, 1.24, 1.34, 2.32, 2.43, 2.4, 2.61, 3.35, 3.41, 3.3, 3.64, 2.97, 2.43, 2.54, 2.73, 2.89, 3.21, 3.36, 3.41, 4.45, 5.28, 5.31, 5.55, 6.66, 8.52, 9.22, 7.92, 8.88, 8.73, 7.78, 8.21, 7.94, 7.73, 8.16, 8.84, 9.01, 9.51, 8.85, 8.47, 9.85, 9.94, 9.34, 8.86, 7.96, 7.78, 6.76, 5.19, 4.58, 4.24, 4.34, 4.44, 4.41, 4.22, 4.17, 4.14, 4.22, 3.67, 3.39, 2.9, 1.16, 0.83, 0, 1.64, 3.07, 3.9, 4.16, 4.24, 3.74, 2.85, 2.89, 4.78, 6.708, 8.028, 9.498, 10.068, 9.901, 8.208], [2.53, 2.44, 2.4, 2.47, 2.97, 3.38, 3.54, 3.02, 2.73, 2.42, 2.24, 2.5, 3.64, 3.83, 3.9, 4.11, 4.91, 4.97, 4.78, 5.04, 4.01, 3.31, 3.36, 3.79, 3.87, 4.33, 4.7, 4.83, 5.87, 6.82, 6.83, 7.05, 8.18, 10.06, 10.74, 9.32, 10.32, 10.23, 9.32, 9.77, 9.48, 9.27, 9.66, 10.26, 10.43, 10.91, 10.29, 9.91, 11.27, 11.34, 10.74, 10.28, 9.44, 9.16, 8.1, 6.49, 5.96, 5.64, 5.72, 5.84, 5.85, 5.8, 5.71, 5.6, 5.74, 5.09, 4.85, 4.44, 2.52, 1.85, 1.64, 0, 1.63, 2.42, 2.76, 2.78, 2.2, 1.45, 1.55, 3.24, 5.18, 6.5, 7.97, 8.54, 8.381, 6.68], [3.12, 3.39, 3.53, 3.66, 4.1, 4.45, 4.43, 3.77, 3.64, 3.65, 3.53, 3.83, 4.73, 5.08, 5.21, 5.5, 6.24, 6.36, 6.11, 6.35, 5.46, 4.82, 4.73, 5.04, 5.08, 5.7, 5.97, 6.08, 7.18, 8.19, 8.1, 8.44, 9.51, 11.49, 12.25, 10.83, 11.71, 11.54, 10.51, 11.2, 11.01, 10.78, 11.17, 11.79, 11.96, 12.44, 11.82, 11.44, 12.8, 12.87, 12.27, 11.79, 10.85, 10.43, 9.35, 7.74, 7.23, 6.99, 7.05, 7.17, 7.18, 7.13, 6.96, 6.81, 6.95, 6.34, 6.1, 5.73, 3.95, 3.16, 3.07, 1.63, 0, 1.05, 1.59, 1.37, 0.99, 1.12, 1.46, 1.75, 3.65, 4.97, 6.44, 7.01, 6.851, 5.15], [3.31, 3.78, 4.0, 4.07, 4.49, 4.92, 4.88, 4.22, 4.23, 4.28, 4.3, 4.64, 5.36, 5.85, 6.04, 6.31, 7.03, 7.17, 6.9, 7.18, 6.25, 5.55, 5.44, 5.77, 5.81, 6.39, 6.68, 6.79, 7.91, 8.94, 8.87, 9.25, 10.36, 12.32, 13.04, 11.68, 12.54, 12.37, 11.32, 12.03, 11.84, 11.57, 11.96, 12.58, 12.75, 13.25, 12.61, 12.23, 13.61, 13.7, 13.1, 12.62, 11.66, 11.26, 10.14, 8.51, 8.06, 7.82, 7.84, 7.94, 7.95, 7.88, 7.71, 7.56, 7.7, 7.09, 6.83, 6.54, 4.78, 3.97, 3.9, 2.42, 1.05, 0, 0.8, 0.86, 0.8, 1.75, 1.95, 1.42, 2.86, 4.18, 5.65, 6.22, 6.058, 4.36], [3.47, 3.9, 4.2, 4.19, 4.63, 5.06, 5.0, 4.32, 4.33, 4.46, 4.5, 4.78, 5.48, 5.99, 6.26, 6.55, 7.23, 7.39, 7.1, 7.36, 6.45, 5.75, 5.62, 6.03, 6.13, 6.45, 6.74, 6.83, 8.03, 9.12, 9.07, 9.47, 10.54, 12.54, 13.26, 11.92, 12.78, 12.59, 11.5, 12.25, 12.06, 11.75, 12.14, 12.82, 12.99, 13.49, 12.81, 12.41, 13.85, 13.94, 13.34, 12.86, 11.88, 11.42, 10.26, 8.59, 8.24, 8.02, 7.98, 8.02, 8.09, 8.02, 7.85, 7.64, 7.72, 7.17, 6.89, 6.7, 5.02, 4.33, 4.16, 2.76, 1.59, 0.8, 0, 0.8, 1.0, 2.37, 2.51, 1.78, 2.68, 4.0, 5.47, 6.04, 5.89, 4.18], [3.85, 4.28, 4.54, 4.59, 5.01, 5.44, 5.38, 4.72, 4.65, 4.74, 4.62, 4.92, 5.8, 6.15, 6.42, 6.67, 7.35, 7.51, 7.22, 7.5, 6.55, 5.93, 5.74, 6.11, 6.09, 6.67, 6.96, 7.05, 8.23, 9.32, 9.25, 9.63, 10.66, 12.7, 13.42, 11.98, 12.86, 12.75, 11.66, 12.37, 12.18, 11.95, 12.34, 12.96, 13.13, 13.61, 12.99, 12.61, 13.97, 14.04, 13.42, 12.94, 12.02, 11.54, 10.38, 8.75, 8.32, 8.1, 8.12, 8.24, 8.29, 8.24, 8.09, 7.88, 8.0, 7.43, 7.13, 6.9, 5.12, 4.35, 4.24, 2.78, 1.37, 0.86, 0.8, 0, 0.96, 2.13, 2.31, 1.66, 2.48, 3.8, 5.27, 5.84, 5.684, 3.98], [3.55, 3.86, 4.04, 4.15, 4.57, 4.98, 4.9, 4.28, 4.15, 4.26, 4.16, 4.4, 5.28, 5.63, 5.78, 6.07, 6.81, 6.99, 6.7, 6.98, 6.03, 5.39, 5.2, 5.55, 5.61, 6.13, 6.5, 6.57, 7.73, 8.86, 8.75, 9.03, 10.1, 12.08, 12.92, 11.46, 12.26, 12.15, 11.12, 11.87, 11.68, 11.45, 11.84, 12.46, 12.63, 13.11, 12.49, 12.11, 13.47, 13.54, 12.92, 12.44, 11.52, 11.02, 9.9, 8.17, 7.74, 7.62, 7.66, 7.78, 7.79, 7.76, 7.59, 7.38, 7.5, 6.89, 6.63, 6.4, 4.62, 3.87, 3.74, 2.