[[0, 0.94, 1.11, 0.78, 1.12, 1.47, 1.82, 2.01, 2.39, 2.81, 2.54, 2.88, 3.09, 3.84, 3.75, 3.65, 3.71, 3.52, 2.5, 2.34, 2.61, 2.88, 2.98, 3.15, 2.3, 2.69, 3.17, 2.87, 2.99, 3.51, 4.52, 6.37, 6.68, 6.4, 7.33, 7.82, 6.97, 6.7, 6.66, 5.7, 4.8, 3.58, 2.97, 3.3, 2.91, 2.65, 2.93, 3.55, 3.21, 3.54, 3.3, 3.08, 3.3, 3.94, 4.73, 5.83, 4.3, 2.14, 1.98, 1.66, 1.77, 2.07, 1.89, 2.25, 2.59, 2.63, 2.21, 2.17, 2.08, 2.01, 1.44, 1.45, 2.16, 3.12, 3.13, 3.64, 4.05, 4.2, 4.7, 4.8, 5.02, 5.05, 4.72, 3.39, 3.5, 3.75], [0.94, 0, 0.67, 1.12, 1.26, 1.21, 1.58, 1.69, 2.15, 2.65, 2.62, 3.12, 3.55, 4.28, 4.19, 4.09, 4.19, 3.98, 3.02, 2.68, 2.95, 3.04, 3.36, 3.49, 2.46, 2.63, 3.27, 2.89, 2.99, 3.55, 4.98, 6.81, 7.14, 6.84, 7.77, 8.26, 7.39, 7.14, 7.1, 6.14, 5.26, 4.04, 3.45, 3.74, 3.27, 2.99, 3.41, 3.89, 3.61, 3.9, 3.82, 3.54, 3.78, 4.38, 5.17, 6.27, 4.74, 2.3, 1.84, 1.84, 1.75, 1.93, 1.81, 2.11, 2.17, 2.19, 2.07, 2.05, 1.92, 1.93, 1.32, 1.53, 2.34, 3.573, 3.569, 4.0, 4.43, 4.6, 5.14, 5.24, 5.462, 5.47, 5.04, 3.55, 3.8, 4.21], [1.11, 0.67, 0, 0.99, 1.11, 1.04, 1.43, 1.52, 2.12, 2.62, 2.79, 3.35, 3.68, 4.47, 4.42, 4.32, 4.32, 4.13, 3.07, 2.71, 2.82, 2.83, 3.43, 3.58, 2.49, 2.6, 3.24, 2.76, 2.92, 3.5, 5.09, 7.0, 7.25, 6.95, 7.9, 8.39, 7.58, 7.29, 7.19, 6.23, 5.33, 4.07, 3.54, 3.91, 3.34, 3.04, 3.42, 3.9, 3.52, 3.97, 3.85, 3.57, 3.83, 4.55, 5.36, 6.38, 4.85, 2.23, 1.65, 1.73, 1.7, 1.68, 1.7, 1.84, 1.9, 1.9, 1.86, 1.92, 1.75, 1.88, 1.27, 1.52, 2.45, 3.69, 3.679, 4.09, 4.56, 4.75, 5.25, 5.35, 5.59, 5.58, 5.15, 3.6, 3.85, 4.32], [0.78, 1.12, 0.99, 0, 0.92, 1.33, 1.66, 1.93, 2.27, 2.67, 2.68, 3.1, 3.35, 4.14, 4.09, 3.99, 3.99, 3.8, 2.7, 2.46, 2.75, 2.78, 3.14, 3.29, 2.36, 2.53, 3.13, 2.91, 2.93, 3.55, 4.76, 6.63, 6.8, 6.6, 7.55, 8.06, 7.25, 6.98, 6.86, 5.92, 4.9, 3.66, 3.19, 3.58, 3.13, 2.79, 2.93, 3.45, 3.17, 3.44, 3.42, 3.18, 3.42, 4.18, 5.03, 5.97, 4.38, 2.2, 1.94, 1.56, 1.43, 1.93, 1.77, 2.15, 2.43, 2.39, 2.13, 2.13, 2.06, 1.93, 1.38, 1.45, 2.14, 3.3, 3.21, 3.64, 4.07, 4.26, 4.8, 4.94, 5.12, 5.13, 4.68, 3.27, 3.48, 3.93], [1.12, 1.26, 1.11, 0.92, 0, 0.89, 1.16, 1.41, 1.85, 2.23, 2.36, 2.86, 3.13, 3.92, 3.87, 3.77, 3.77, 3.58, 2.58, 2.16, 2.35, 2.38, 2.84, 3.05, 2.1, 2.21, 2.81, 2.59, 2.65, 3.23, 4.56, 6.45, 6.6, 6.42, 7.37, 7.88, 7.07, 6.8, 6.68, 5.74, 4.72, 3.42, 3.01, 3.4, 2.85, 2.55, 3.01, 3.35, 2.93, 3.52, 3.36, 3.06, 3.24, 3.96, 4.85, 5.75, 4.18, 1.84, 1.6, 1.34, 1.37, 1.51, 1.55, 1.73, 1.97, 2.15, 1.55, 1.83, 1.74, 1.71, 1.2, 1.39, 1.96, 3.1, 2.93, 3.46, 3.93, 4.08, 4.62, 4.74, 4.92, 4.93, 4.54, 2.93, 3.14, 3.71], [1.47, 1.21, 1.04, 1.33, 0.89, 0, 0.65, 1.12, 1.72, 2.26, 2.51, 3.09, 3.42, 4.21, 4.22, 4.18, 4.22, 3.97, 3.09, 2.61, 2.68, 2.59, 3.15, 3.3, 2.17, 2.16, 2.88, 2.52, 2.6, 3.26, 4.85, 6.76, 6.87, 6.69, 7.64, 8.23, 7.36, 7.09, 6.95, 6.01, 4.99, 3.69, 3.28, 3.67, 3.12, 2.6, 3.04, 3.32, 2.94, 3.53, 3.49, 3.21, 3.51, 4.33, 5.18, 6.02, 4.51, 1.97, 1.25, 1.41, 1.4, 1.36, 1.4, 1.62, 1.5, 1.54, 1.38, 1.72, 1.65, 1.66, 1.17, 1.38, 2.13, 3.37, 3.24, 3.77, 4.24, 4.39, 4.89, 5.01, 5.23, 5.2, 4.83, 3.2, 3.47, 3.98], [1.82, 1.58, 1.43, 1.66, 1.16, 0.65, 0, 0.81, 1.51, 1.97, 2.3, 2.88, 3.29, 4.12, 4.19, 4.21, 4.17, 3.94, 3.16, 2.68, 2.47, 2.32, 2.94, 3.09, 1.92, 1.91, 2.61, 2.27, 2.43, 3.07, 4.64, 6.55, 6.64, 6.46, 7.43, 8.04, 7.17, 6.88, 6.82, 5.86, 4.78, 3.46, 3.11, 3.5, 2.93, 2.45, 2.83, 3.13, 2.75, 3.34, 3.3, 3.0, 3.4, 4.26, 4.99, 5.79, 4.28, 1.7, 1.1, 1.44, 1.43, 1.21, 1.31, 1.45, 1.25, 1.45, 1.11, 1.57, 1.52, 1.53, 1.3, 1.49, 1.94, 3.12, 3.01, 3.62, 4.09, 4.2, 4.68, 4.82, 5.04, 5.01, 4.66, 3.05, 3.28, 3.77], [2.01, 1.69, 1.52, 1.93, 1.41, 1.12, 0.81, 0, 1.02, 1.5, 1.91, 2.49, 3.02, 3.85, 3.92, 3.96, 3.9, 3.67, 2.93, 2.51, 2.24, 1.99, 2.45, 2.66, 1.59, 1.46, 2.16, 1.78, 1.9, 2.52, 4.15, 6.14, 6.19, 6.03, 6.98, 7.55, 6.76, 6.45, 6.57, 5.63, 4.33, 3.19, 2.8, 3.15, 2.58, 2.6, 2.76, 3.22, 2.92, 3.39, 3.15, 2.79, 3.23, 4.01, 4.64, 5.38, 3.89, 1.63, 1.33, 1.73, 1.74, 1.34, 1.34, 1.3, 1.52, 1.7, 1.0, 1.14, 1.21, 1.34, 1.41, 1.52, 1.63, 2.71, 2.8, 3.33, 3.76, 3.85, 4.31, 4.43, 4.65, 4.6, 4.31, 2.9, 3.03, 3.4], [2.39, 2.15, 2.12, 2.27, 1.85, 1.72, 1.51, 1.02, 0, 0.88, 1.47, 1.97, 2.62, 3.37, 3.24, 3.52, 3.34, 3.05, 2.63, 2.39, 2.0, 1.63, 1.91, 1.94, 1.31, 1.16, 1.78, 1.52, 1.48, 1.94, 3.45, 5.48, 5.55, 5.37, 6.32, 6.87, 6.1, 5.77, 5.95, 4.99, 3.93, 3.11, 2.74, 2.75, 2.7, 3.0, 3.06, 3.48, 3.36, 3.53, 3.15, 2.75, 3.17, 3.71, 4.12, 4.82, 3.33, 1.67, 1.83, 2.29, 2.32, 1.88, 1.78, 1.58, 2.02, 2.2, 1.22, 1.08, 1.25, 1.06, 1.63, 1.8, 1.33, 2.17, 2.2, 2.61, 3.0, 3.07, 3.59, 3.71, 3.97, 3.92, 3.55, 2.62, 2.67, 2.72], [2.81, 2.65, 2.62, 2.67, 2.23, 2.26, 1.97, 1.5, 0.88, 0, 1.07, 1.77, 2.68, 3.47, 3.22, 3.64, 3.42, 3.07, 2.77, 2.33, 2.0, 1.53, 1.73, 1.8, 1.45, 1.22, 1.52, 1.42, 1.58, 1.5, 2.95, 5.0, 4.97, 4.77, 5.78, 6.41, 5.74, 5.37, 5.57, 4.65, 3.73, 3.01, 2.62, 2.77, 2.68, 3.0, 3.22, 3.38, 3.36, 3.47, 3.17, 2.65, 3.29, 3.75, 4.16, 4.38, 3.19, 1.71, 2.09, 2.35, 2.42, 2.0, 2.02, 2.0, 2.56, 2.66, 1.6, 1.34, 1.47, 1.48, 1.83, 1.96, 1.43, 1.89, 2.1, 2.15, 2.54, 2.61, 3.13, 3.23, 3.35, 3.36, 3.01, 2.3, 2.37, 2.5], [2.54, 2.62, 2.79, 2.68, 2.36, 2.51, 2.3, 1.91, 1.47, 1.07, 0, 1.04, 2.01, 2.76, 2.59, 2.83, 2.77, 2.4, 2.24, 1.68, 1.71, 1.62, 1.4, 1.33, 1.26, 1.33, 1.51, 1.43, 1.75, 1.65, 2.56, 4.61, 4.74, 4.52, 5.41, 5.98, 5.15, 4.86, 5.1, 4.04, 3.32, 2.56, 2.15, 2.1, 2.11, 2.33, 2.71, 3.07, 2.95, 3.1, 2.58, 2.12, 2.64, 3.12, 3.65, 4.25, 2.8, 1.4, 2.08, 2.06, 2.23, 2.01, 2.09, 2.23, 2.91, 3.03, 1.81, 1.45, 1.62, 1.77, 2.04, 1.87, 1.1, 1.58, 1.81, 2.02, 2.39, 2.44, 2.96, 3.02, 3.22, 3.29, 3.04, 2.27, 2.28, 2.37], [2.88, 3.12, 3.35, 3.1, 2.86, 3.09, 2.88, 2.49, 1.97, 1.77, 1.04, 0, 1.75, 2.46, 2.31, 2.53, 2.41, 2.16, 2.26, 2.04, 2.01, 1.84, 1.46, 1.39, 1.38, 1.49, 1.55, 1.81, 1.85, 1.77, 2.1, 4.13, 4.32, 4.02, 4.95, 5.68, 4.77, 4.34, 4.72, 3.96, 3.22, 2.52, 2.21, 2.14, 2.41, 2.69, 2.97, 3.37, 3.17, 3.12, 2.56, 2.22, 2.68, 2.98, 3.41, 4.23, 2.74, 1.82, 2.78, 2.46, 2.69, 2.63, 2.65, 2.87, 3.59, 3.73, 2.49, 1.97, 2.16, 2.13, 2.48, 2.31, 1.58, 1.8, 1.91, 2.02, 2.39, 2.54, 3.08, 3.18, 3.12, 3.09, 2.74, 2.33, 2.28, 2.19], [3.09, 3.55, 3.68, 3.35, 3.13, 3.42, 3.29, 3.02, 2.62, 2.68, 2.01, 1.75, 0, 1.09, 1.04, 1.24, 1.08, 1.01, 1.09, 1.69, 1.72, 1.95, 1.59, 1.46, 1.71, 2.32, 2.38, 2.4, 2.4, 2.46, 2.19, 3.48, 3.83, 3.55, 4.46, 5.01, 4.16, 3.95, 4.01, 3.03, 2.13, 1.37, 1.32, 1.21, 1.44, 1.78, 1.88, 2.3, 2.04, 1.93, 1.51, 1.33, 1.27, 1.49, 2.12, 3.08, 1.81, 2.07, 3.33, 2.57, 2.94, 3.06, 3.08, 3.38, 4.08, 4.26, 3.08, 2.62, 2.81, 2.58, 2.75, 2.52, 1.83, 1.83, 1.74, 2.29, 2.32, 2.29, 2.75, 2.77, 2.91, 2.96, 2.91, 3.24, 2.85, 2.52], [3.84, 4.28, 4.47, 4.14, 3.92, 4.21, 4.12, 3.85, 3.37, 3.47, 2.76, 2.46, 1.09, 0, 0.97, 0.97, 0.97, 1.0, 1.64, 2.38, 2.47, 2.64, 2.08, 2.03, 2.44, 3.23, 3.25, 3.19, 3.09, 3.21, 2.56, 2.91, 3.32, 3.1, 3.81, 4.34, 3.43, 3.3, 3.36, 2.36, 1.72, 1.32, 1.53, 1.08, 1.67, 2.27, 2.01, 2.17, 1.97, 1.86, 1.68, 1.62, 1.08, 0.94, 1.49, 2.41, 1.66, 2.8, 4.12, 3.32, 3.71, 3.85, 3.87, 4.17, 4.89, 5.05, 3.85, 3.47, 3.62, 3.27, 3.54, 3.25, 2.52, 2.4, 2.35, 2.92, 2.99, 2.62, 2.6, 2.42, 2.66, 2.75, 3.38, 4.17, 3.74, 3.33], [3.75, 4.19, 4.42, 4.09, 3.87, 4.22, 4.19, 3.92, 3.24, 3.22, 2.59, 2.31, 1.04, 0.97, 0, 0.92, 0.8, 0.73, 1.45, 2.21, 2.28, 2.43, 1.91, 1.76, 2.45, 3.14, 3.08, 3.16, 2.86, 2.74, 2.13, 2.82, 3.29, 3.07, 3.86, 4.37, 3.5, 3.41, 3.45, 2.47, 2.03, 1.55, 1.76, 1.47, 1.96, 2.44, 2.36, 2.64, 2.44, 2.31, 1.97, 1.85, 1.47, 1.39, 1.56, 2.42, 1.45, 2.91, 4.23, 3.45, 3.76, 3.96, 3.98, 4.28, 4.98, 5.16, 3.92, 3.46, 3.63, 3.36, 3.47, 3.24, 2.41, 2.01, 1.88, 2.43, 2.44, 2.17, 2.41, 2.35, 2.51, 2.56, 2.85, 4.08, 3.67, 3.02], [3.65, 4.09, 4.32, 3.99, 3.77, 4.18, 4.21, 3.96, 3.52, 3.64, 2.83, 2.53, 1.24, 0.97, 0.92, 0, 0.78, 0.99, 1.43, 2.19, 2.34, 2.65, 2.27, 2.18, 2.61, 3.22, 3.24, 3.34, 3.26, 3.3, 2.71, 3.0, 3.31, 3.05, 3.9, 4.37, 3.5, 3.37, 3.39, 2.47, 1.91, 1.67, 1.8, 1.43, 2.0, 2.5, 2.3, 2.52, 2.42, 2.23, 2.05, 2.05, 1.51, 1.23, 1.7, 2.64, 2.07, 2.95, 4.25, 3.43, 3.74, 3.98, 3.98, 4.3, 5.02, 5.2, 3.94, 3.58, 3.77, 3.44, 3.47, 3.24, 2.73, 2.47, 2.36, 2.95, 2.88, 2.57, 2.47, 2.35, 2.51, 2.56, 3.33, 4.2, 3.77, 3.28], [3.71, 4.19, 4.32, 3.99, 3.77, 4.22, 4.17, 3.9, 3.34, 3.42, 2.77, 2.41, 1.08, 0.97, 0.8, 0.78, 0, 0.69, 1.39, 2.09, 2.18, 2.35, 1.91, 1.84, 2.47, 3.06, 3.02, 3.12, 2.98, 2.92, 2.35, 2.8, 3.17, 2.91, 3.82, 4.33, 3.52, 3.29, 3.33, 2.41, 1.75, 1.43, 1.58, 1.25, 1.86, 2.44, 2.2, 2.46, 2.28, 2.19, 1.95, 1.97, 1.45, 1.27, 1.54, 2.46, 1.75, 2.91, 4.21, 3.45, 3.78, 3.94, 3.96, 4.26, 4.96, 5.14, 3.92, 3.44, 3.65, 3.38, 3.47, 3.22, 2.59, 2.23, 2.12, 2.65, 2.52, 2.31, 2.39, 2.29, 2.31, 2.34, 3.01, 3.98, 3.55, 2.96], [3.52, 3.98, 4.13, 3.8, 3.58, 3.97, 3.94, 3.67, 3.05, 3.07, 2.4, 2.16, 1.01, 1.0, 0.73, 0.99, 0.69, 0, 1.18, 1.88, 2.07, 2.24, 1.84, 1.67, 2.28, 2.93, 2.85, 2.97, 2.69, 2.57, 2.18, 2.95, 3.3, 3.04, 3.95, 4.46, 3.61, 3.34, 3.36, 2.42, 1.96, 1.46, 1.59, 1.24, 1.79, 2.35, 2.13, 2.49, 2.25, 2.16, 1.82, 1.84, 1.46, 1.34, 1.71, 2.55, 1.62, 2.68, 3.98, 3.2, 3.53, 3.71, 3.71, 4.03, 4.73, 4.91, 3.67, 3.27, 3.5, 3.15, 3.26, 3.01, 2.2, 1.78, 1.73, 2.32, 2.29, 1.96, 2.18, 2.16, 2.34, 2.41, 2.72, 3.85, 3.42, 2.77], [2.5, 3.02, 3.07, 2.7, 2.58, 3.09, 3.16, 2.93, 2.63, 2.77, 2.24, 2.26, 1.09, 1.64, 1.45, 1.43, 1.39, 1.18, 0, 1.26, 1.57, 1.82, 1.72, 1.69, 1.78, 2.49, 2.55, 2.55, 2.45, 2.59, 2.54, 3.97, 4.22, 3.98, 4.93, 5.44, 4.63, 4.34, 4.26, 3.3, 2.46, 1.68, 1.37, 1.3, 1.39, 1.77, 1.81, 2.37, 2.03, 2.12, 1.62, 1.46, 1.42, 1.82, 2.55, 3.39, 2.06, 2.04, 3.18, 2.32, 2.57, 2.87, 2.85, 3.23, 3.95, 4.13, 2.93, 2.59, 2.84, 2.47, 2.44, 2.19, 1.74, 1.58, 1.63, 2.4, 2.47, 2.42, 2.8, 2.9, 3.12, 3.19, 3.12, 3.41, 3.06, 2.61], [2.34, 2.68, 2.71, 2.46, 2.16, 2.61, 2.68, 2.51, 2.39, 2.33, 1.68, 2.04, 1.69, 2.38, 2.21, 2.19, 2.09, 1.88, 1.26, 0, 0.83, 1.3, 1.52, 1.63, 1.72, 2.11, 2.45, 2.33, 2.53, 2.63, 2.94, 4.61, 4.94, 4.68, 5.63, 6.12, 5.29, 4.98, 4.94, 3.98, 3.12, 2.16, 1.83, 1.9, 1.71, 1.87, 2.23, 2.55, 2.33, 2.68, 2.14, 1.64, 1.94, 2.46, 3.37, 4.23, 2.74, 1.74, 2.7, 1.84, 2.01, 2.45, 2.61, 2.97, 3.39, 3.59, 2.47, 2.25, 2.54, 2.33, 2.02, 1.83, 1.54, 2.04, 2.29, 2.7, 3.03, 3.02, 3.44, 3.52, 3.74, 3.77, 3.64, 2.97, 2.96, 2.97], [2.61, 2.95, 2.82, 2.75, 2.35, 2.68, 2.47, 2.24, 2.0, 2.0, 1.71, 2.01, 1.72, 2.47, 2.28, 2.34, 2.18, 2.07, 1.57, 0.83, 0, 0.85, 1.39, 1.48, 1.47, 1.8, 2.28, 2.12, 2.24, 2.56, 2.93, 4.7, 5.01, 4.77, 5.72, 6.21, 5.38, 5.07, 5.03, 4.11, 3.17, 2.19, 1.86, 1.85, 1.88, 2.1, 2.36, 2.7, 2.36, 2.83, 2.27, 1.67, 2.05, 2.49, 3.34, 4.3, 2.75, 1.47, 2.63, 1.99, 2.18, 2.34, 2.6, 2.72, 3.02, 3.16, 2.04, 2.02, 2.33, 2.14, 1.97, 1.76, 1.45, 2.09, 2.16, 2.59, 2.96, 3.01, 3.45, 3.55, 3.75, 3.78, 3.65, 3.06, 2.97, 2.9], [2.88, 3.04, 2.83, 2.78, 2.38, 2.59, 2.32, 1.99, 1.63, 1.53, 1.62, 1.84, 1.95, 2.64, 2.43, 2.65, 2.35, 2.24, 1.82, 1.3, 0.85, 0, 1.16, 1.29, 1.1, 1.47, 1.85, 1.69, 1.71, 2.01, 2.72, 4.59, 4.82, 4.6, 5.53, 6.08, 5.35, 5.02, 5.1, 4.16, 3.14, 2.34, 1.99, 2.02, 2.03, 2.29, 2.43, 2.71, 2.49, 2.86, 2.34, 1.82, 2.24, 2.78, 3.29, 4.03, 2.66, 1.46, 2.48, 2.08, 2.23, 2.27, 2.49, 2.53, 2.95, 3.11, 1.89, 1.73, 2.02, 1.77, 1.94, 1.89, 1.36, 1.9, 2.13, 2.32, 2.83, 2.96, 3.38, 3.48, 3.6, 3.63, 3.54, 2.85, 2.86, 2.85], [2.98, 3.36, 3.43, 3.14, 2.84, 3.15, 2.94, 2.45, 1.91, 1.73, 1.4, 1.46, 1.59, 2.08, 1.91, 2.27, 1.91, 1.84, 1.72, 1.52, 1.39, 1.16, 0, 0.77, 1.32, 1.43, 1.55, 1.63, 1.55, 1.75, 1.86, 3.81, 3.98, 3.8, 4.81, 5.28, 4.67, 4.34, 4.6, 3.66, 2.5, 1.9, 1.69, 1.6, 1.77, 2.19, 2.23, 2.47, 2.31, 2.4, 1.8, 1.48, 1.9, 2.44, 2.65, 3.37, 2.08, 1.72, 2.86, 2.32, 2.69, 2.67, 2.67, 2.87, 3.67, 3.81, 2.51, 2.03, 2.22, 2.07, 2.5, 2.33, 1.6, 1.66, 1.89, 1.92, 2.33, 2.4, 2.76, 2.88, 2.84, 2.91, 2.88, 2.53, 2.5, 2.21], [3.15, 3.49, 3.58, 3.29, 3.05, 3.3, 3.09, 2.66, 1.94, 1.8, 1.33, 1.39, 1.46, 2.03, 1.76, 2.18, 1.84, 1.67, 1.69, 1.63, 1.48, 1.29, 0.77, 0, 1.25, 1.52, 1.62, 1.74, 1.52, 1.72, 1.71, 3.74, 3.89, 3.61, 4.54, 5.19, 4.46, 4.15, 4.37, 3.43, 2.53, 1.89, 1.64, 1.49, 1.66, 2.12, 2.2, 2.58, 2.52, 2.55, 1.91, 1.65, 2.07, 2.49, 2.7, 3.4, 1.97, 1.73, 2.91, 2.43, 2.76, 2.74, 2.72, 3.04, 3.76, 3.9, 2.64, 2.14, 2.35, 2.16, 2.61, 2.4, 1.45, 1.47, 1.66, 1.75, 2.1, 2.29, 2.69, 2.75, 2.71, 2.76, 2.75, 2.66, 2.45, 2.08], [2.3, 2.46, 2.49, 2.36, 2.1, 2.17, 1.92, 1.59, 1.31, 1.45, 1.26, 1.38, 1.71, 2.44, 2.45, 2.61, 2.47, 2.28, 1.78, 1.72, 1.47, 1.1, 1.32, 1.25, 0, 1.15, 1.47, 1.19, 1.25, 1.69, 2.74, 4.73, 4.96, 4.72, 5.59, 6.16, 5.37, 5.06, 5.26, 4.24, 3.22, 2.24, 1.79, 1.88, 1.87, 2.07, 2.25, 2.71, 2.49, 2.64, 2.08, 1.86, 2.22, 2.88, 3.17, 4.17, 2.7, 1.02, 1.92, 1.66, 1.81, 1.73, 1.81, 2.09, 2.65, 2.83, 1.69, 1.33, 1.44, 1.15, 1.5, 1.53, 0.98, 1.7, 1.89, 2.34, 2.77, 2.86, 3.36, 3.42, 3.62, 3.67, 3.46, 2.73, 2.68, 2.53], [2.69, 2.63, 2.6, 2.53, 2.21, 2.16, 1.91, 1.46, 1.16, 1.22, 1.33, 1.49, 2.32, 3.23, 3.14, 3.22, 3.06, 2.93, 2.49, 2.11, 1.8, 1.47, 1.43, 1.52, 1.15, 0, 1.04, 1.12, 1.12, 1.62, 2.87, 4.88, 4.91, 4.75, 5.72, 6.45, 5.76, 5.39, 5.59, 4.73, 3.39, 2.61, 2.4, 2.55, 2.48, 2.74, 2.82, 3.04, 2.96, 3.15, 2.61, 2.37, 2.87, 3.47, 3.8, 4.54, 3.15, 1.53, 1.91, 2.03, 2.1, 1.82, 1.74, 1.88, 2.48, 2.64, 1.44, 1.32, 1.39, 1.38, 1.85, 1.86, 1.39, 2.19, 2.22, 2.39, 2.76, 2.95, 3.49, 3.59, 3.41, 3.42, 3.15, 2.14, 2.13, 2.32], [3.17, 3.27, 3.24, 3.13, 2.81, 2.88, 2.61, 2.16, 1.78, 1.52, 1.51, 1.55, 2.38, 3.25, 3.08, 3.24, 3.02, 2.85, 2.55, 2.45, 2.28, 1.85, 1.55, 1.62, 1.47, 1.04, 0, 0.82, 1.2, 1.38, 2.73, 4.74, 4.51, 4.39, 5.62, 6.21, 5.68, 5.31, 5.49, 4.55, 3.11, 2.69, 2.48, 2.51, 2.62, 2.94, 3.06, 3.3, 3.36, 3.19, 2.83, 2.67, 3.13, 3.55, 3.86, 4.24, 3.15, 1.75, 2.25, 2.39, 2.58, 2.2, 2.14, 2.26, 3.22, 3.337, 2.14, 1.64, 1.77, 1.88, 2.51, 2.44, 1.83, 1.89, 2.14, 2.29, 2.6, 2.81, 3.11, 3.19, 3.17, 3.22, 2.47, 1.7, 1.65, 1.54], [2.87, 2.89, 2.76, 2.91, 2.59, 2.52, 2.27, 1.78, 1.52, 1.42, 1.43, 1.81, 2.4, 3.19, 3.16, 3.34, 3.12, 2.97, 2.55, 2.33, 2.12, 1.69, 1.63, 1.74, 1.19, 1.12, 0.82, 0, 0.9, 1.5, 3.11, 5.14, 5.01, 4.77, 6.0, 6.47, 5.98, 5.61, 5.83, 4.77, 3.35, 2.63, 2.2, 2.43, 2.36, 2.6, 2.82, 3.06, 3.16, 3.09, 2.73, 2.47, 2.95, 3.49, 3.84, 4.48, 3.29, 1.47, 1.81, 2.15, 2.32, 1.78, 1.74, 1.82, 2.72, 2.86, 1.74, 1.32, 1.23, 1.52, 2.17, 2.16, 1.59, 1.99, 2.32, 2.65, 2.96, 3.01, 3.35, 3.43, 3.61, 3.7, 3.09, 2.1, 2.09, 2.06], [2.99, 2.99, 2.92, 2.93, 2.65, 2.6, 2.43, 1.9, 1.48, 1.58, 1.75, 1.85, 2.4, 3.09, 2.86, 3.26, 2.98, 2.69, 2.45, 2.53, 2.24, 1.71, 1.55, 1.52, 1.25, 1.12, 1.2, 0.9, 0, 1.08, 2.71, 4.74, 4.57, 4.45, 5.58, 6.13, 5.62, 5.25, 5.43, 4.51, 3.39, 2.67, 2.28, 2.45, 2.46, 2.86, 2.9, 3.12, 3.1, 3.01, 2.67, 2.57, 2.95, 3.39, 3.44, 4.08, 2.83, 1.65, 2.19, 2.27, 2.46, 2.04, 1.9, 2.1, 2.86, 3.04, 1.9, 1.64, 1.53, 1.62, 2.31, 2.26, 1.53, 1.85, 2.06, 2.43, 2.72, 2.91, 3.33, 3.45, 3.41, 3.42, 3.07, 2.58, 2.53, 2.32], [3.51, 3.55, 3.5, 3.55, 3.23, 3.26, 3.07, 2.52, 1.94, 1.5, 1.65, 1.77, 2.46, 3.21, 2.74, 3.3, 2.92, 2.57, 2.59, 2.63, 2.56, 2.01, 1.75, 1.72, 1.69, 1.62, 1.38, 1.5, 1.08, 0, 1.87, 3.86, 3.83, 3.63, 4.74, 5.37, 4.74, 4.41, 4.55, 3.75, 3.35, 3.01, 2.76, 2.73, 2.96, 3.38, 3.38, 3.76, 3.64, 3.53, 3.05, 2.89, 3.29, 3.63, 3.52, 3.58, 2.55, 2.25, 2.85, 2.89, 3.08, 2.64, 2.58, 2.8, 3.66, 3.76, 2.62, 2.06, 2.13, 2.2, 2.87, 2.82, 1.89, 1.55, 2.04, 1.75, 2.12, 2.23, 2.77, 2.89, 2.75, 2.82, 2.61, 2.74, 2.71, 2.44], [4.52, 4.98, 5.09, 4.76, 4.56, 4.85, 4.64, 4.15, 3.45, 2.95, 2.56, 2.1, 2.19, 2.56, 2.13, 2.71, 2.35, 2.18, 2.54, 2.94, 2.93, 2.72, 1.86, 1.71, 2.74, 2.87, 2.73, 3.11, 2.71, 1.87, 0, 2.33, 2.4, 2.14, 3.13, 3.92, 3.23, 2.78, 3.14, 2.9, 2.8, 2.68, 2.61, 2.46, 2.71, 3.09, 3.13, 3.43, 3.29, 3.06, 2.48, 2.36, 2.72, 2.96, 2.75, 2.75, 1.84, 3.26, 4.46, 3.9, 4.27, 4.25, 4.23, 4.51, 5.31, 5.45, 4.19, 3.59, 3.72, 3.61, 4.146, 3.93, 2.88, 1.96, 2.19, 1.74, 1.83, 1.84, 2.34, 2.54, 2.12, 2.05, 2.14, 3.47, 3.24, 2.61], [6.37, 6.81, 7.0, 6.63, 6.45, 6.76, 6.55, 6.14, 5.48, 5.0, 4.61, 4.13, 3.48, 2.91, 2.82, 3.0, 2.8, 2.95, 3.97, 4.61, 4.7, 4.59, 3.81, 3.74, 4.73, 4.88, 4.74, 5.14, 4.74, 3.86, 2.33, 0, 1.21, 1.21, 1.6, 2.01, 1.72, 1.43, 1.37, 2.05, 2.53, 3.31, 3.72, 3.39, 4.02, 4.72, 4.32, 4.16, 4.16, 3.81, 3.41, 3.71, 3.25, 2.77, 2.02, 1.8, 2.45, 5.27, 6.51, 5.85, 6.22, 6.24, 6.26, 6.54, 7.28, 7.46, 6.16, 5.64, 5.77, 5.58, 6.059, 5.76, 4.75, 3.73, 3.9, 3.41, 2.94, 2.81, 2.69, 2.77, 2.19, 2.26, 3.47, 5.44, 5.07, 4.48], [6.68, 7.14, 7.25, 6.8, 6.6, 6.87, 6.64, 6.19, 5.55, 4.97, 4.74, 4.32, 3.83, 3.32, 3.29, 3.31, 3.17, 3.3, 4.22, 4.94, 5.01, 4.82, 3.98, 3.89, 4.96, 4.91, 4.51, 5.01, 4.57, 3.83, 2.4, 1.21, 0, 0.98, 2.07, 2.32, 2.41, 1.9, 1.8, 2.52, 2.82, 3.4, 3.85, 3.52, 4.05, 4.77, 4.27, 4.05, 4.27, 3.88, 3.84, 4.1, 3.86, 3.46, 2.89, 2.35, 2.92, 5.28, 6.44, 5.88, 6.25, 6.17, 6.17, 6.41, 7.29, 7.39, 6.17, 5.67, 5.78, 5.71, 6.311, 6.038, 4.96, 3.74, 3.81, 3.36, 2.85, 2.72, 2.54, 2.62, 1.94, 1.95, 2.98, 5.01, 4.68, 4.05], [6.4, 6.84, 6.95, 6.6, 6.42, 6.69, 6.46, 6.03, 5.37, 4.77, 4.52, 4.02, 3.55, 3.1, 3.07, 3.05, 2.91, 3.04, 3.98, 4.68, 4.77, 4.6, 3.8, 3.61, 4.72, 4.75, 4.39, 4.77, 4.45, 3.63, 2.14, 1.21, 0.98, 0, 1.65, 2.24, 1.91, 1.56, 1.74, 2.22, 2.68, 3.1, 3.57, 3.22, 3.75, 4.47, 4.05, 3.75, 3.99, 3.62, 3.64, 3.88, 3.68, 3.18, 2.55, 1.89, 2.76, 5.0, 6.12, 5.66, 6.03, 5.97, 5.93, 6.17, 7.03, 7.19, 5.91, 5.37, 5.52, 5.47, 6.011, 5.761, 4.7, 3.5, 3.65, 3.26, 2.73, 2.54, 2.14, 2.06, 1.62, 1.73, 2.88, 4.97, 4.64, 4.05], [7.33, 7.77, 7.9, 7.55, 7.37, 7.64, 7.43, 6.98, 6.32, 5.78, 5.41, 4.95, 4.46, 3.81, 3.86, 3.9, 3.82, 3.95, 4.93, 5.63, 5.72, 5.53, 4.81, 4.54, 5.59, 5.72, 5.62, 6.0, 5.58, 4.74, 3.13, 1.6, 2.07, 1.65, 0, 1.09, 1.06, 1.19, 1.67, 2.03, 2.99, 4.07, 4.52, 4.11, 4.76, 5.42, 5.02, 4.94, 5.04, 4.63, 4.27, 4.63, 4.27, 3.61, 2.8, 2.0, 3.35, 5.99, 7.23, 6.67, 7.04, 7.0, 7.02, 7.3, 8.06, 8.2, 6.96, 6.34, 6.55, 6.38, 6.95, 6.7, 5.63, 4.51, 4.66, 4.25, 3.76, 3.59, 3.25, 3.11, 2.79, 2.82, 4.21, 6.28, 5.93, 5.36], [7.82, 8.26, 8.39, 8.06, 7.88, 8.23, 8.04, 7.55, 6.87, 6.41, 5.98, 5.68, 5.01, 4.34, 4.37, 4.37, 4.33, 4.46, 5.44, 6.12, 6.21, 6.08, 5.28, 5.19, 6.16, 6.45, 6.21, 6.47, 6.13, 5.37, 3.92, 2.01, 2.32, 2.24, 1.09, 0, 1.13, 1.62, 1.82, 2.48, 3.58, 4.76, 5.23, 4.78, 5.37, 6.09, 5.65, 5.51, 5.57, 5.14, 4.88, 5.26, 4.82, 4.06, 3.25, 2.49, 3.88, 6.68, 7.86, 7.32, 7.69, 7.67, 7.65, 7.91, 8.73, 8.87, 7.57, 7.01, 7.14, 7.01, 7.474, 7.23, 6.24, 5.14, 5.33, 4.96, 4.45, 4.2, 3.78, 3.7, 3.48, 3.45, 4.96, 6.95, 6.56, 5.99], [6.97, 7.39, 7.58, 7.25, 7.07, 7.36, 7.17, 6.76, 6.1, 5.74, 5.15, 4.77, 4.16, 3.43, 3.5, 3.5, 3.52, 3.61, 4.63, 5.29, 5.38, 5.35, 4.67, 4.46, 5.37, 5.76, 5.68, 5.98, 5.62, 4.74, 3.23, 1.72, 2.41, 1.91, 1.06, 1.13, 0, 1.01, 1.39, 1.75, 2.93, 3.97, 4.36, 3.85, 4.52, 5.2, 4.84, 4.86, 4.82, 4.49, 4.13, 4.43, 3.93, 3.19, 2.58, 2.0, 3.09, 5.79, 7.03, 6.43, 6.8, 6.78, 6.8, 7.08, 7.84, 8.0, 6.72, 6.22, 6.43, 6.18, 6.616, 6.36, 5.37, 4.35, 4.44, 4.19, 3.72, 3.47, 3.17, 3.03, 2.83, 2.9, 4.39, 6.4, 6.03, 5.48], [6.7, 7.14, 7.29, 6.98, 6.8, 7.09, 6.88, 6.45, 5.77, 5.37, 4.86, 4.34, 3.95, 3.3, 3.41, 3.37, 3.29, 3.34, 4.34, 4.98, 5.07, 5.02, 4.34, 4.15, 5.06, 5.39, 5.31, 5.61, 5.25, 4.41, 2.78, 1.43, 1.9, 1.56, 1.19, 1.62, 1.01, 0, 0.88, 1.38, 2.54, 3.62, 4.01, 3.58, 4.19, 4.89, 4.55, 4.49, 4.49, 4.16, 3.72, 4.06, 3.72, 3.0, 2.35, 1.97, 2.82, 5.46, 6.68, 6.1, 6.47, 6.43, 6.45, 6.73, 7.49, 7.65, 6.39, 5.87, 6.1, 5.83, 6.326, 6.07, 5.08, 4.0, 4.11, 3.82, 3.35, 3.14, 2.92, 2.8, 2.48, 2.49, 3.9, 5.97, 5.62, 5.05], [6.66, 7.1, 7.19, 6.86, 6.68, 6.95, 6.82, 6.57, 5.95, 5.57, 5.1, 4.72, 4.01, 3.36, 3.45, 3.39, 3.33, 3.36, 4.26, 4.94, 5.03, 5.1, 4.6, 4.37, 5.26, 5.59, 5.49, 5.83, 5.43, 4.55, 3.14, 1.37, 1.8, 1.74, 1.67, 1.82, 1.39, 0.88, 0, 1.48, 2.78, 3.74, 4.17, 3.74, 4.39, 5.03, 4.77, 4.73, 4.63, 4.38, 3.94, 4.26, 3.76, 3.0, 2.67, 2.23, 3.04, 5.52, 6.74, 6.04, 6.41, 6.47, 6.45, 6.77, 7.49, 7.67, 6.43, 6.07, 6.3, 5.95, 6.26, 6.03, 5.06, 4.16, 4.19, 3.92, 3.51, 3.32, 3.12, 3.04, 2.68, 2.61, 4.12, 6.13, 5.76, 5.27], [5.7, 6.14, 6.23, 5.92, 5.74, 6.01, 5.86, 5.63, 4.99, 4.65, 4.04, 3.96, 3.03, 2.36, 2.47, 2.47, 2.41, 2.42, 3.3, 3.98, 4.11, 4.16, 3.66, 3.43, 4.24, 4.73, 4.55, 4.77, 4.51, 3.75, 2.9, 2.05, 2.52, 2.22, 2.03, 2.48, 1.75, 1.38, 1.48, 0, 1.64, 2.7, 3.13, 2.68, 3.33, 3.95, 3.67, 3.65, 3.61, 3.34, 2.88, 3.2, 2.74, 2.08, 1.71, 1.33, 2.1, 4.44, 5.7, 4.98, 5.39, 5.45, 5.47, 5.77, 6.49, 6.61, 5.45, 4.95, 5.22, 4.87, 5.28, 5.03, 4.06, 3.2, 3.17, 3.18, 2.95, 2.68, 2.26, 2.06, 2.2, 2.31, 3.6, 5.25, 4.88, 4.35], [4.8, 5.26, 5.33, 4.9, 4.72, 4.99, 4.78, 4.33, 3.93, 3.73, 3.32, 3.22, 2.13, 1.72, 2.03, 1.91, 1.75, 1.96, 2.46, 3.12, 3.17, 3.14, 2.5, 2.53, 3.22, 3.39, 3.11, 3.35, 3.39, 3.35, 2.8, 2.53, 2.82, 2.68, 2.99, 3.58, 2.93, 2.54, 2.78, 1.64, 0, 1.42, 1.97, 1.78, 2.17, 2.81, 2.45, 2.37, 2.43, 2.14, 1.74, 2.12, 1.92, 1.64, 1.53, 1.79, 1.8, 3.36, 4.44, 3.94, 4.33, 4.19, 4.21, 4.43, 5.33, 5.43, 4.27, 3.71, 3.86, 3.79, 4.4, 4.15, 3.42, 2.66, 2.55, 2.9, 2.65, 2.56, 2.4, 2.14, 2.36, 2.37, 2.98, 3.81, 3.42, 3.09], [3.58, 4.04, 4.07, 3.66, 3.42, 3.69, 3.46, 3.19, 3.11, 3.01, 2.56, 2.52, 1.37, 1.32, 1.55, 1.67, 1.43, 1.46, 1.68, 2.16, 2.19, 2.34, 1.9, 1.89, 2.24, 2.61, 2.69, 2.63, 2.67, 3.01, 2.68, 3.31, 3.4, 3.1, 4.07, 4.76, 3.97, 3.62, 3.74, 2.7, 1.42, 0, 0.93, 1.02, 1.17, 1.77, 1.53, 1.49, 1.45, 1.24, 1.2, 1.34, 1.26, 1.54, 1.85, 2.61, 1.74, 2.32, 3.24, 2.64, 3.01, 3.03, 3.05, 3.41, 4.03, 4.17, 3.05, 2.71, 2.82, 2.87, 3.18, 2.97, 2.42, 2.22, 1.91, 2.44, 2.51, 2.2, 2.36, 2.12, 2.42, 2.37, 2.82, 3.17, 2.82, 2.77], [2.97, 3.45, 3.54, 3.19, 3.01, 3.28, 3.11, 2.8, 2.74, 2.62, 2.15, 2.21, 1.32, 1.53, 1.76, 1.8, 1.58, 1.59, 1.37, 1.83, 1.86, 1.99, 1.69, 1.64, 1.79, 2.4, 2.48, 2.2, 2.28, 2.76, 2.61, 3.72, 3.85, 3.57, 4.52, 5.23, 4.36, 4.01, 4.17, 3.13, 1.97, 0.93, 0, 0.75, 0.86, 1.34, 1.22, 1.46, 1.42, 1.41, 1.23, 1.15, 1.17, 1.73, 2.22, 3.1, 2.03, 1.81, 2.81, 2.27, 2.68, 2.64, 2.66, 2.98, 3.66, 3.8, 2.74, 2.32, 2.29, 2.36, 2.65, 2.44, 1.95, 1.85, 1.78, 2.31, 2.4, 2.19, 2.41, 2.43, 2.63, 2.76, 2.85, 2.98, 2.69, 2.58], [3.3, 3.74, 3.91, 3.58, 3.4, 3.67, 3.5, 3.15, 2.75, 2.77, 2.1, 2.14, 1.21, 1.08, 1.47, 1.43, 1.25, 1.24, 1.3, 1.9, 1.85, 2.02, 1.6, 1.49, 1.88, 2.55, 2.51, 2.43, 2.45, 2.73, 2.46, 3.39, 3.52, 3.22, 4.11, 4.78, 3.85, 3.58, 3.74, 2.68, 1.78, 1.02, 0.75, 0, 0.87, 1.59, 1.33, 1.67, 1.57, 1.64, 1.36, 1.38, 1.18, 1.48, 1.93, 2.83, 1.96, 2.0, 3.24, 2.68, 3.07, 3.03, 3.07, 3.31, 4.09, 4.25, 3.07, 2.59, 2.82, 2.55, 2.94, 2.67, 2.0, 1.74, 1.79, 2.32, 2.41, 2.12, 2.08, 2.1, 2.42, 2.51, 2.8, 3.29, 2.94, 2.59], [2.91, 3.27, 3.34, 3.13, 2.85, 3.12, 2.93, 2.58, 2.7, 2.68, 2.11, 2.41, 1.44, 1.67, 1.96, 2.0, 1.86, 1.79, 1.39, 1.71, 1.88, 2.03, 1.77, 1.66, 1.87, 2.48, 2.62, 2.36, 2.46, 2.96, 2.71, 4.02, 4.05, 3.75, 4.76, 5.37, 4.52, 4.19, 4.39, 3.33, 2.17, 1.17, 0.86, 0.87, 0, 0.98, 0.92, 1.32, 1.14, 1.39, 1.29, 1.19, 1.31, 1.95, 2.46, 3.3, 2.25, 1.63, 2.57, 2.09, 2.5, 2.4, 2.48, 2.78, 3.58, 3.7, 2.6, 2.24, 2.39, 2.28, 2.45, 2.26, 1.85, 1.77, 1.98, 2.65, 2.72, 2.45, 2.59, 2.67, 2.93, 3.04, 3.15, 3.12, 2.91, 2.82], [2.65, 2.99, 3.04, 2.79, 2.55, 2.6, 2.45, 2.6, 3.0, 3.0, 2.33, 2.69, 1.78, 2.27, 2.44, 2.5, 2.44, 2.35, 1.77, 1.87, 2.1, 2.29, 2.19, 2.12, 2.07, 2.74, 2.94, 2.6, 2.86, 3.38, 3.09, 4.72, 4.77, 4.47, 5.42, 6.09, 5.2, 4.89, 5.03, 3.95, 2.81, 1.77, 1.34, 1.59, 0.98, 0, 0.9, 1.26, 1.1, 1.53, 1.43, 1.29, 1.65, 2.51, 3.12, 4.0, 2.69, 1.51, 1.97, 1.65, 1.94, 2.0, 2.18, 2.66, 3.08, 3.12, 2.58, 2.44, 2.49, 2.44, 2.19, 2.02, 2.03, 2.13, 2.26, 3.01, 3.08, 3.01, 3.29, 3.37, 3.71, 3.84, 3.57, 3.2, 3.07, 3.1], [2.93, 3.41, 3.42, 2.93, 3.01, 3.04, 2.83, 2.76, 3.06, 3.22, 2.71, 2.97, 1.88, 2.01, 2.36, 2.3, 2.2, 2.13, 1.81, 2.23, 2.36, 2.43, 2.23, 2.2, 2.25, 2.82, 3.06, 2.82, 2.9, 3.38, 3.13, 4.32, 4.27, 4.05, 5.02, 5.65, 4.84, 4.55, 4.77, 3.67, 2.45, 1.53, 1.22, 1.33, 0.92, 0.9, 0, 1.02, 0.9, 1.27, 1.41, 1.43, 1.49, 2.29, 2.74, 3.52, 2.53, 1.89, 2.41, 1.97, 2.3, 2.44, 2.5, 2.9, 3.5, 3.5, 2.92, 2.62, 2.73, 2.58, 2.63, 2.38, 2.27, 2.19, 2.42, 3.05, 3.14, 2.83, 2.91, 2.95, 3.33, 3.4, 3.51, 3.56, 3.39, 3.22], [3.55, 3.89, 3.9, 3.45, 3.35, 3.32, 3.13, 3.22, 3.48, 3.38, 3.07, 3.37, 2.3, 2.17, 2.64, 2.52, 2.46, 2.49, 2.37, 2.55, 2.7, 2.71, 2.47, 2.58, 2.71, 3.04, 3.3, 3.06, 3.12, 3.76, 3.43, 4.16, 4.05, 3.75, 4.94, 5.51, 4.86, 4.49, 4.73, 3.65, 2.37, 1.49, 1.46, 1.67, 1.32, 1.26, 1.02, 0, 0.7, 0.85, 1.49, 1.55, 1.63, 2.29, 2.7, 3.3, 2.67, 2.37, 2.75, 2.37, 2.58, 2.78, 2.92, 3.26, 3.54, 3.58, 3.14, 3.04, 3.07, 3.1, 3.11, 2.84, 2.75, 2.77, 2.84, 3.39, 3.46, 3.09, 2.87, 2.83, 3.21, 3.26, 3.55, 3.48, 3.37, 3.46], [3.21, 3.61, 3.52, 3.17, 2.93, 2.94, 2.75, 2.92, 3.36, 3.36, 2.95, 3.17, 2.04, 1.97, 2.44, 2.42, 2.28, 2.25, 2.03, 2.33, 2.36, 2.49, 2.31, 2.52, 2.49, 2.96, 3.36, 3.16, 3.1, 3.64, 3.29, 4.16, 4.27, 3.99, 5.04, 5.57, 4.82, 4.49, 4.63, 3.61, 2.43, 1.45, 1.42, 1.57, 1.14, 1.1, 0.9, 0.7, 0, 0.99, 1.29, 1.31, 1.39, 2.07, 2.62, 3.34, 2.53, 2.19, 2.61, 2.13, 2.42, 2.52, 2.76, 3.06, 3.32, 3.42, 2.82, 2.88, 2.91, 2.9, 2.81, 2.58, 2.47, 2.63, 2.66, 3.25, 3.38, 3.07, 3.03, 3.11, 3.39, 3.44, 3.67, 3.62, 3.49, 3.56], [3.54, 3.9, 3.97, 3.44, 3.52, 3.53, 3.34, 3.39, 3.53, 3.47, 3.1, 3.12, 1.93, 1.86, 2.31, 2.23, 2.19, 2.16, 2.12, 2.68, 2.83, 2.86, 2.4, 2.55, 2.64, 3.15, 3.19, 3.09, 3.01, 3.53, 3.06, 3.81, 3.88, 3.62, 4.63, 5.14, 4.49, 4.16, 4.38, 3.34, 2.14, 1.24, 1.41, 1.64, 1.39, 1.53, 1.27, 0.85, 0.99, 0, 1.16, 1.42, 1.34, 1.84, 2.31, 2.93, 2.22, 2.56, 3.14, 2.52, 2.79, 3.03, 3.01, 3.59, 3.91, 3.95, 3.37, 3.17, 3.12, 3.19, 3.24, 2.99, 2.76, 2.62, 2.59, 3.24, 3.29, 2.88, 2.74, 2.8, 3.1, 3.05, 3.46, 3.63, 3.34, 3.31], [3.3, 3.82, 3.85, 3.42, 3.36, 3.49, 3.3, 3.15, 3.15, 3.17, 2.58, 2.56, 1.51, 1.68, 1.97, 2.05, 1.95, 1.82, 1.62, 2.14, 2.27, 2.34, 1.8, 1.91, 2.08, 2.61, 2.83, 2.73, 2.67, 3.05, 2.48, 3.41, 3.84, 3.64, 4.27, 4.88, 4.13, 3.72, 3.94, 2.88, 1.74, 1.2, 1.23, 1.36, 1.29, 1.43, 1.41, 1.49, 1.29, 1.16, 0, 0.82, 0.94, 1.62, 1.95, 2.87, 1.72, 2.42, 3.16, 2.6, 2.95, 2.97, 2.95, 3.51, 3.93, 4.07, 3.25, 2.87, 2.88, 2.71, 3.02, 2.85, 2.36, 2.26, 2.25, 2.7, 2.73, 2.66, 2.86, 2.88, 3.14, 3.15, 3.34, 3.39, 3.12, 2.95], [3.08, 3.54, 3.57, 3.18, 3.06, 3.21, 3.0, 2.79, 2.75, 2.65, 2.12, 2.22, 1.33, 1.62, 1.85, 2.05, 1.97, 1.84, 1.46, 1.64, 1.67, 1.82, 1.48, 1.65, 1.86, 2.37, 2.67, 2.47, 2.57, 2.89, 2.36, 3.71, 4.1, 3.88, 4.63, 5.26, 4.43, 4.06, 4.26, 3.2, 2.12, 1.34, 1.15, 1.38, 1.19, 1.29, 1.43, 1.55, 1.31, 1.42, 0.82, 0, 0.9, 1.76, 2.31, 3.17, 1.76, 2.06, 2.9, 2.2, 2.57, 2.73, 2.81, 3.19, 3.63, 3.77, 2.81, 2.41, 2.5, 2.45, 2.66, 2.47, 1.98, 2.12, 2.11, 2.54, 2.77, 2.82, 3.06, 3.1, 3.36, 3.41, 3.42, 3.09, 2.9, 2.85], [3.3, 3.78, 3.83, 3.42, 3.24, 3.51, 3.4, 3.23, 3.17, 3.29, 2.64, 2.68, 1.27, 1.08, 1.47, 1.51, 1.45, 1.46, 1.42, 1.94, 2.05, 2.24, 1.9, 2.07, 2.22, 2.87, 3.13, 2.95, 2.95, 3.29, 2.72, 3.25, 3.86, 3.68, 4.27, 4.82, 3.93, 3.72, 3.76, 2.74, 1.92, 1.26, 1.17, 1.18, 1.31, 1.65, 1.49, 1.63, 1.39, 1.34, 0.94, 0.9, 0, 1.04, 1.77, 2.75, 1.84, 2.44, 3.46, 2.66, 3.01, 3.17, 3.23, 3.61, 4.13, 4.31, 3.27, 3.01, 3.1, 2.89, 2.96, 2.75, 2.26, 2.38, 2.37, 2.94, 3.01, 2.74, 2.84, 2.92, 3.18, 3.21, 3.54, 3.73, 3.46, 3.31], [3.94, 4.38, 4.55, 4.18, 3.96, 4.33, 4.26, 4.01, 3.71, 3.75, 3.12, 2.98, 1.49, 0.94, 1.39, 1.23, 1.27, 1.34, 1.82, 2.46, 2.49, 2.78, 2.44, 2.49, 2.88, 3.47, 3.55, 3.49, 3.39, 3.63, 2.96, 2.77, 3.46, 3.18, 3.61, 4.06, 3.19, 3.0, 3.0, 2.08, 1.64, 1.54, 1.73, 1.48, 1.95, 2.51, 2.29, 2.29, 2.07, 1.84, 1.62, 1.76, 1.04, 0, 1.23, 2.07, 1.66, 3.06, 4.32, 3.52, 3.87, 4.01, 4.03, 4.33, 5.03, 5.21, 3.99, 3.73, 3.88, 3.67, 3.66, 3.43, 2.76, 2.74, 2.61, 3.26, 3.29, 2.92, 2.78, 2.52, 2.78, 2.83, 3.68, 4.39, 3.98, 3.59], [4.73, 5.17, 5.36, 5.03, 4.85, 5.18, 4.99, 4.64, 4.12, 4.16, 3.65, 3.41, 2.12, 1.49, 1.56, 1.7, 1.54, 1.71, 2.55, 3.37, 3.34, 3.29, 2.65, 2.7, 3.17, 3.8, 3.86, 3.84, 3.44, 3.52, 2.75, 2.02, 2.89, 2.55, 2.8, 3.25, 2.58, 2.35, 2.67, 1.71, 1.53, 1.85, 2.22, 1.93, 2.46, 3.12, 2.74, 2.7, 2.62, 2.31, 1.95, 2.31, 1.77, 1.23, 0, 1.32, 1.53, 3.67, 4.93, 4.29, 4.66, 4.68, 4.7, 4.98, 5.72, 5.9, 4.64, 4.22, 4.25, 4.0, 4.424, 4.12, 3.27, 2.85, 2.8, 3.23, 3.12, 2.89, 2.63, 2.15, 2.49, 2.5, 3.51, 4.86, 4.41, 3.82], [5.83, 6.27, 6.38, 5.97, 5.75, 6.02, 5.79, 5.38, 4.82, 4.38, 4.25, 4.23, 3.08, 2.41, 2.42, 2.64, 2.46, 2.55, 3.39, 4.23, 4.3, 4.03, 3.37, 3.4, 4.17, 4.54, 4.24, 4.48, 4.08, 3.58, 2.75, 1.8, 2.35, 1.89, 2.0, 2.49, 2.0, 1.97, 2.23, 1.33, 1.79, 2.61, 3.1, 2.83, 3.3, 4.0, 3.52, 3.3, 3.34, 2.93, 2.87, 3.17, 2.75, 2.07, 1.32, 0, 1.79, 4.49, 5.63, 5.05, 5.42, 5.4, 5.38, 5.64, 6.46, 6.6, 5.3, 4.9, 5.01, 4.96, 5.449, 5.2, 4.09, 3.11, 3.12, 3.31, 2.96, 2.77, 2.07, 1.81, 2.09, 2.1, 3.47, 5.16, 4.75, 4.14], [4.3, 4.74, 4.85, 4.38, 4.18, 4.51, 4.28, 3.89, 3.33, 3.19, 2.8, 2.74, 1.81, 1.66, 1.45, 2.07, 1.75, 1.62, 2.06, 2.74, 2.75, 2.66, 2.08, 1.97, 2.7, 3.15, 3.15, 3.29, 2.83, 2.55, 1.84, 2.45, 2.92, 2.76, 3.35, 3.88, 3.09, 2.82, 3.04, 2.1, 1.8, 1.74, 2.03, 1.96, 2.25, 2.69, 2.53, 2.67, 2.53, 2.22, 1.72, 1.76, 1.84, 1.66, 1.53, 1.79, 0, 3.02, 4.2, 3.58, 3.89, 3.87, 3.87, 4.15, 4.93, 5.09, 3.79, 3.55, 3.74, 3.55, 3.929, 3.67, 2.62, 2.0, 1.73, 2.22, 2.27, 2.26, 2.36, 2.26, 2.48, 2.49, 2.86, 4.03, 3.64, 3.09], [2.14, 2.3, 2.23, 2.2, 1.84, 1.97, 1.7, 1.63, 1.67, 1.71, 1.4, 1.82, 2.07, 2.8, 2.91, 2.95, 2.91, 2.68, 2.04, 1.74, 1.47, 1.46, 1.72, 1.73, 1.02, 1.53, 1.75, 1.47, 1.65, 2.25, 3.26, 5.27, 5.28, 5.0, 5.99, 6.68, 5.79, 5.46, 5.52, 4.44, 3.36, 2.32, 1.81, 2.0, 1.63, 1.51, 1.89, 2.37, 2.19, 2.56, 2.42, 2.06, 2.44, 3.06, 3.67, 4.49, 3.02, 0, 1.38, 1.04, 1.39, 1.17, 1.45, 1.55, 2.27, 2.39, 1.39, 1.35, 1.56, 1.37, 1.38, 1.25, 1.08, 1.82, 1.95, 2.64, 3.05, 3.16, 3.46, 3.56, 3.86, 3.93, 3.62, 2.67, 2.66, 2.81], [1.98, 1.84, 1.65, 1.94, 1.6, 1.25, 1.1, 1.33, 1.83, 2.09, 2.08, 2.78, 3.33, 4.12, 4.23, 4.25, 4.21, 3.98, 3.18, 2.7, 2.63, 2.48, 2.86, 2.91, 1.92, 1.91, 2.25, 1.81, 2.19, 2.85, 4.46, 6.51, 6.44, 6.12, 7.23, 7.86, 7.03, 6.68, 6.74, 5.7, 4.44, 3.24, 2.81, 3.24, 2.57, 1.97, 2.41, 2.75, 2.61, 3.14, 3.16, 2.9, 3.46, 4.32, 4.93, 5.63, 4.2, 1.38, 0, 1.24, 1.39, 0.89, 0.95, 1.11, 1.49, 1.49, 1.19, 1.45, 1.36, 1.65, 1.46, 1.53, 2.02, 2.8, 2.93, 3.62, 4.01, 4.04, 4.34, 4.36, 4.78, 4.83, 4.32, 2.73, 2.94, 3.37], [1.66, 1.84, 1.73, 1.56, 1.34, 1.41, 1.44, 1.73, 2.29, 2.35, 2.06, 2.46, 2.57, 3.32, 3.45, 3.43, 3.45, 3.2, 2.32, 1.84, 1.99, 2.08, 2.32, 2.43, 1.66, 2.03, 2.39, 2.15, 2.27, 2.89, 3.9, 5.85, 5.88, 5.66, 6.67, 7.32, 6.43, 6.1, 6.04, 4.98, 3.94, 2.64, 2.27, 2.68, 2.09, 1.65, 1.97, 2.37, 2.13, 2.52, 2.6, 2.2, 2.66, 3.52, 4.29, 5.05, 3.58, 1.04, 1.24, 0, 0.73, 1.03, 1.23, 1.75, 2.15, 2.07, 1.75, 1.75, 1.86, 1.83, 1.44, 1.25, 1.66, 2.44, 2.39, 3.1, 3.59, 3.7, 4.06, 4.16, 4.46, 4.47, 4.14, 2.93, 3.02, 3.33], [1.77, 1.75, 1.7, 1.43, 1.37, 1.4, 1.43, 1.74, 2.32, 2.42, 2.23, 2.69, 2.94, 3.71, 3.76, 3.74, 3.78, 3.53, 2.57, 2.01, 2.18, 2.23, 2.69, 2.76, 1.81, 2.1, 2.58, 2.32, 2.46, 3.08, 4.27, 6.22, 6.25, 6.03, 7.04, 7.69, 6.8, 6.47, 6.41, 5.39, 4.33, 3.01, 2.68, 3.07, 2.5, 1.94, 2.3, 2.58, 2.42, 2.79, 2.95, 2.57, 3.01, 3.87, 4.66, 5.42, 3.89, 1.39, 1.39, 0.73, 0, 1.02, 1.32, 1.86, 2.04, 1.98, 1.7, 2.0, 2.11, 2.08, 1.51, 1.22, 1.65, 2.77, 2.72, 3.43, 3.94, 4.03, 4.43, 4.55, 4.79, 4.78, 4.45, 3.14, 3.33, 3.7], [2.07, 1.93, 1.68, 1.93, 1.51, 1.36, 1.21, 1.34, 1.88, 2.0, 2.01, 2.63, 3.06, 3.85, 3.96, 3.98, 3.94, 3.71, 2.87, 2.45, 2.34, 2.27, 2.67, 2.74, 1.73, 1.82, 2.2, 1.78, 2.04, 2.64, 4.25, 6.24, 6.17, 5.97, 7.0, 7.67, 6.78, 6.43, 6.47, 5.45, 4.19, 3.03, 2.64, 3.03, 2.4, 2.0, 2.44, 2.78, 2.52, 3.03, 2.97, 2.73, 3.17, 4.01, 4.68, 5.4, 3.87, 1.17, 0.89, 1.03, 1.02, 0, 0.68, 1.02, 1.56, 1.6, 1.18, 1.48, 1.45, 1.76, 1.45, 1.38, 1.77, 2.63, 2.58, 3.37, 3.8, 3.89, 4.27, 4.39, 4.63, 4.72, 4.27, 2.84, 2.97, 3.4], [1.89, 1.81, 1.7, 1.77, 1.55, 1.4, 1.31, 1.34, 1.78, 2.02, 2.09, 2.65, 3.08, 3.87, 3.98, 3.98, 3.96, 3.71, 2.85, 2.61, 2.6, 2.49, 2.67, 2.72, 1.81, 1.74, 2.14, 1.74, 1.9, 2.58, 4.23, 6.26, 6.17, 5.93, 7.02, 7.65, 6.8, 6.45, 6.45, 5.47, 4.21, 3.05, 2.66, 3.07, 2.48, 2.18, 2.5, 2.92, 2.76, 3.01, 2.95, 2.81, 3.23, 4.03, 4.7, 5.38, 3.87, 1.45, 0.95, 1.23, 1.32, 0.68, 0, 0.94, 1.5, 1.62, 1.28, 1.42, 1.35, 1.58, 1.41, 1.44, 1.83, 2.61, 2.54, 3.33, 3.72, 3.79, 4.19, 4.27, 4.53, 4.58, 4.15, 2.74, 2.87, 3.28], [2.25, 2.11, 1.84, 2.15, 1.73, 1.62, 1.45, 1.3, 1.58, 2.0, 2.23, 2.87, 3.38, 4.17, 4.28, 4.3, 4.26, 4.03, 3.23, 2.97, 2.72, 2.53, 2.87, 3.04, 2.09, 1.88, 2.26, 1.82, 2.1, 2.8, 4.51, 6.54, 6.41, 6.17, 7.3, 7.91, 7.08, 6.73, 6.77, 5.77, 4.43, 3.41, 2.98, 3.31, 2.78, 2.66, 2.9, 3.26, 3.06, 3.59, 3.51, 3.19, 3.61, 4.33, 4.98, 5.64, 4.15, 1.55, 1.11, 1.75, 1.86, 1.02, 0.94, 0, 1.2, 1.3, 1.06, 1.22, 1.29, 1.46, 1.67, 1.82, 2.07, 2.83, 2.7, 3.41, 3.8, 3.89, 4.27, 4.33, 4.63, 4.72, 4.17, 2.7, 2.87, 3.32], [2.59, 2.17, 1.9, 2.43, 1.97, 1.5, 1.25, 1.52, 2.02, 2.56, 2.91, 3.59, 4.08, 4.89, 4.98, 5.02, 4.96, 4.73, 3.95, 3.39, 3.02, 2.95, 3.67, 3.76, 2.65, 2.48, 3.22, 2.72, 2.86, 3.66, 5.31, 7.28, 7.29, 7.03, 8.06, 8.73, 7.84, 7.49, 7.49, 6.49, 5.33, 4.03, 3.66, 4.09, 3.58, 3.08, 3.5, 3.54, 3.32, 3.91, 3.93, 3.63, 4.13, 5.03, 5.72, 6.46, 4.93, 2.27, 1.49, 2.15, 2.04, 1.56, 1.5, 1.2, 0, 0.68, 1.24, 1.9, 1.87, 2.0, 1.93, 2.18, 2.63, 3.79, 3.52, 4.19, 4.62, 4.77, 5.23, 5.33, 5.55, 5.54, 5.11, 3.34, 3.67, 4.32], [2.63, 2.19, 1.9, 2.39, 2.15, 1.54, 1.45, 1.7, 2.2, 2.66, 3.03, 3.73, 4.26, 5.05, 5.16, 5.2, 5.14, 4.91, 4.13, 3.59, 3.16, 3.11, 3.81, 3.9, 2.83, 2.64, 3.337, 2.86, 3.04, 3.76, 5.45, 7.46, 7.39, 7.19, 8.2, 8.87, 8.0, 7.65, 7.67, 6.61, 5.43, 4.17, 3.8, 4.25, 3.7, 3.12, 3.5, 3.58, 3.42, 3.95, 4.07, 3.77, 4.31, 5.21, 5.9, 6.6, 5.09, 2.39, 1.49, 2.07, 1.98, 1.6, 1.62, 1.3, 0.68, 0, 1.48, 2.0, 1.97, 2.2, 2.03, 2.22, 2.81, 3.91, 3.74, 4.37, 4.78, 4.89, 5.33, 5.45, 5.69, 5.66, 5.21, 3.48, 3.77, 4.4], [2.21, 2.07, 1.86, 2.13, 1.55, 1.38, 1.11, 1.0, 1.22, 1.6, 1.81, 2.49, 3.08, 3.85, 3.92, 3.94, 3.92, 3.67, 2.93, 2.47, 2.04, 1.89, 2.51, 2.64, 1.69, 1.44, 2.14, 1.74, 1.9, 2.62, 4.19, 6.16, 6.17, 5.91, 6.96, 7.57, 6.72, 6.39, 6.43, 5.45, 4.27, 3.05, 2.74, 3.07, 2.6, 2.58, 2.92, 3.14, 2.82, 3.37, 3.25, 2.81, 3.27, 3.99, 4.64, 5.3, 3.79, 1.39, 1.19, 1.75, 1.7, 1.18, 1.28, 1.06, 1.24, 1.48, 0, 1.14, 1.19, 1.24, 1.37, 1.5, 1.65, 2.67, 2.54, 3.19, 3.6, 3.69, 4.15, 4.25, 4.45, 4.44, 4.07, 2.68, 2.75, 3.26], [2.17, 2.05, 1.92, 2.13, 1.83, 1.72, 1.57, 1.14, 1.08, 1.34, 1.45, 1.97, 2.62, 3.47, 3.46, 3.58, 3.44, 3.27, 2.59, 2.25, 2.02, 1.73, 2.03, 2.14, 1.33, 1.32, 1.64, 1.32, 1.64, 2.06, 3.59, 5.64, 5.67, 5.37, 6.34, 7.01, 6.22, 5.87, 6.07, 4.95, 3.71, 2.71, 2.32, 2.59, 2.24, 2.44, 2.62, 3.04, 2.88, 3.17, 2.87, 2.41, 3.01, 3.73, 4.22, 4.9, 3.55, 1.35, 1.45, 1.75, 2.0, 1.48, 1.42, 1.22, 1.9, 2.0, 1.14, 0, 0.61, 0.82, 1.39, 1.54, 1.53, 2.25, 2.28, 2.65, 3.0, 3.07, 3.61, 3.65, 3.97, 3.98, 3.49, 2.2, 2.31, 2.6], [2.08, 1.92, 1.75, 2.06, 1.74, 1.65, 1.52, 1.21, 1.25, 1.47, 1.62, 2.16, 2.81, 3.62, 3.63, 3.77, 3.65, 3.5, 2.84, 2.54, 2.33, 2.02, 2.22, 2.35, 1.44, 1.39, 1.77, 1.23, 1.53, 2.13, 3.72, 5.77, 5.78, 5.52, 6.55, 7.14, 6.43, 6.1, 6.3, 5.22, 3.86, 2.82, 2.29, 2.82, 2.39, 2.49, 2.73, 3.07, 2.91, 3.12, 2.88, 2.5, 3.1, 3.88, 4.25, 5.01, 3.74, 1.56, 1.36, 1.86, 2.11, 1.45, 1.35, 1.29, 1.87, 1.97, 1.19, 0.61, 0, 0.87, 1.46, 1.69, 1.7, 2.5, 2.49, 2.74, 3.11, 3.22, 3.84, 3.9, 4.1, 4.15, 3.62, 2.19, 2.36, 2.77], [2.01, 1.93, 1.88, 1.93, 1.71, 1.66, 1.53, 1.34, 1.06, 1.48, 1.77, 2.13, 2.58, 3.27, 3.36, 3.44, 3.38, 3.15, 2.47, 2.33, 2.14, 1.77, 2.07, 2.16, 1.15, 1.38, 1.88, 1.52, 1.62, 2.2, 3.61, 5.58, 5.71, 5.47, 6.38, 7.01, 6.18, 5.83, 5.95, 4.87, 3.79, 2.87, 2.36, 2.55, 2.28, 2.44, 2.58, 3.1, 2.9, 3.19, 2.71, 2.45, 2.89, 3.67, 4.0, 4.96, 3.55, 1.37, 1.65, 1.83, 2.08, 1.76, 1.58, 1.46, 2.0, 2.2, 1.24, 0.82, 0.87, 0, 1.03, 1.46, 1.41, 2.25, 2.28, 2.61, 3.02, 3.17, 3.71, 3.79, 4.05, 4.06, 3.55, 2.42, 2.49, 2.78], [1.44, 1.32, 1.27, 1.38, 1.2, 1.17, 1.3, 1.41, 1.63, 1.83, 2.04, 2.48, 2.75, 3.54, 3.47, 3.47, 3.47, 3.26, 2.44, 2.02, 1.97, 1.94, 2.5, 2.61, 1.5, 1.85, 2.51, 2.17, 2.31, 2.87, 4.146, 6.059, 6.311, 6.011, 6.95, 7.474, 6.616, 6.326, 6.26, 5.28, 4.4, 3.18, 2.65, 2.94, 2.45, 2.19, 2.63, 3.11, 2.81, 3.24, 3.02, 2.66, 2.96, 3.66, 4.424, 5.449, 3.929, 1.38, 1.46, 1.44, 1.51, 1.45, 1.41, 1.67, 1.93, 2.03, 1.37, 1.39, 1.46, 1.03, 0, 0.87, 1.56, 2.771, 2.75, 3.22, 3.67, 3.82, 4.293, 4.399, 4.648, 4.623, 4.22, 2.83, 2.94, 3.389], [1.45, 1.53, 1.52, 1.45, 1.39, 1.38, 1.49, 1.52, 1.8, 1.96, 1.87, 2.31, 2.52, 3.25, 3.24, 3.24, 3.22, 3.01, 2.19, 1.83, 1.76, 1.89, 2.33, 2.4, 1.53, 1.86, 2.44, 2.16, 2.26, 2.82, 3.93, 5.76, 6.038, 5.761, 6.7, 7.23, 6.36, 6.07, 6.03, 5.03, 4.15, 2.97, 2.44, 2.67, 2.26, 2.02, 2.38, 2.84, 2.58, 2.99, 2.85, 2.47, 2.75, 3.43, 4.12, 5.2, 3.67, 1.25, 1.53, 1.25, 1.22, 1.38, 1.44, 1.82, 2.18, 2.22, 1.5, 1.54, 1.69, 1.46, 0.87, 0, 1.21, 2.501, 2.6, 3.15, 3.6, 3.71, 4.17, 4.25, 4.47, 4.44, 4.19, 3.12, 3.03, 3.32], [2.16, 2.34, 2.45, 2.14, 1.96, 2.13, 1.94, 1.63, 1.33, 1.43, 1.1, 1.58, 1.83, 2.52, 2.41, 2.73, 2.59, 2.2, 1.74, 1.54, 1.45, 1.36, 1.6, 1.45, 0.98, 1.39, 1.83, 1.59, 1.53, 1.89, 2.88, 4.75, 4.96, 4.7, 5.63, 6.24, 5.37, 5.08, 5.06, 4.06, 3.42, 2.42, 1.95, 2.0, 1.85, 2.03, 2.27, 2.75, 2.47, 2.76, 2.36, 1.98, 2.26, 2.76, 3.27, 4.09, 2.62, 1.08, 2.02, 1.66, 1.65, 1.77, 1.83, 2.07, 2.63, 2.81, 1.65, 1.53, 1.7, 1.41, 1.56, 1.21, 0, 1.46, 1.69, 2.32, 2.73, 2.8, 3.2, 3.3, 3.56, 3.55, 3.38, 2.85, 2.7, 2.61], [3.12, 3.573, 3.69, 3.3, 3.1, 3.37, 3.12, 2.71, 2.17, 1.89, 1.58, 1.8, 1.83, 2.4, 2.01, 2.47, 2.23, 1.78, 1.58, 2.04, 2.09, 1.9, 1.66, 1.47, 1.7, 2.19, 1.89, 1.99, 1.85, 1.55, 1.96, 3.73, 3.74, 3.5, 4.51, 5.14, 4.35, 4.0, 4.16, 3.2, 2.66, 2.22, 1.85, 1.74, 1.77, 2.13, 2.19, 2.77, 2.63, 2.62, 2.26, 2.12, 2.38, 2.74, 2.85, 3.11, 2.0, 1.82, 2.8, 2.44, 2.77, 2.63, 2.61, 2.83, 3.79, 3.91, 2.67, 2.25, 2.5, 2.25, 2.771, 2.501, 1.46, 0, 0.93, 1.4, 1.59, 1.54, 1.98, 2.04, 2.3, 2.45, 2.18, 2.73, 2.5, 2.05], [3.13, 3.569, 3.679, 3.21, 2.93, 3.24, 3.01, 2.8, 2.2, 2.1, 1.81, 1.91, 1.74, 2.35, 1.88, 2.36, 2.12, 1.73, 1.63, 2.29, 2.16, 2.13, 1.89, 1.66, 1.89, 2.22, 2.14, 2.32, 2.06, 2.04, 2.19, 3.9, 3.81, 3.65, 4.66, 5.33, 4.44, 4.11, 4.19, 3.17, 2.55, 1.91, 1.78, 1.79, 1.98, 2.26, 2.42, 2.84, 2.66, 2.59, 2.25, 2.11, 2.37, 2.61, 2.8, 3.12, 1.73, 1.95, 2.93, 2.39, 2.72, 2.58, 2.54, 2.7, 3.52, 3.74, 2.54, 2.28, 2.49, 2.28, 2.75, 2.6, 1.69, 0.93, 0, 1.29, 1.36, 1.45, 1.91, 2.01, 2.23, 2.34, 1.99, 2.76, 2.37, 1.96], [3.64, 4.0, 4.09, 3.64, 3.46, 3.77, 3.62, 3.33, 2.61, 2.15, 2.02, 2.02, 2.29, 2.92, 2.43, 2.95, 2.65, 2.32, 2.4, 2.7, 2.59, 2.32, 1.92, 1.75, 2.34, 2.39, 2.29, 2.65, 2.43, 1.75, 1.74, 3.41, 3.36, 3.26, 4.25, 4.96, 4.19, 3.82, 3.92, 3.18, 2.9, 2.44, 2.31, 2.32, 2.65, 3.01, 3.05, 3.39, 3.25, 3.24, 2.7, 2.54, 2.94, 3.26, 3.23, 3.31, 2.22, 2.64, 3.62, 3.1, 3.43, 3.37, 3.33, 3.41, 4.19, 4.37, 3.19, 2.65, 2.74, 2.61, 3.22, 3.15, 2.32, 1.4, 1.29, 0, 0.91, 1.22, 1.82, 2.02, 1.92, 1.99, 1.66, 2.41, 2.32, 2.13], [4.05, 4.43, 4.56, 4.07, 3.93, 4.24, 4.09, 3.76, 3.0, 2.54, 2.39, 2.39, 2.32, 2.99, 2.44, 2.88, 2.52, 2.29, 2.47, 3.03, 2.96, 2.83, 2.33, 2.1, 2.77, 2.76, 2.6, 2.96, 2.72, 2.12, 1.83, 2.94, 2.85, 2.73, 3.76, 4.45, 3.72, 3.35, 3.51, 2.95, 2.65, 2.51, 2.4, 2.41, 2.72, 3.08, 3.14, 3.46, 3.38, 3.29, 2.73, 2.77, 3.01, 3.29, 3.12, 2.96, 2.27, 3.05, 4.01, 3.59, 3.94, 3.8, 3.72, 3.8, 4.62, 4.78, 3.6, 3.0, 3.11, 3.02, 3.67, 3.6, 2.73, 1.59, 1.36, 0.91, 0, 0.87, 1.51, 1.85, 1.33, 1.72, 1.47, 2.78, 2.57, 2.18], [4.2, 4.6, 4.75, 4.26, 4.08, 4.39, 4.2, 3.85, 3.07, 2.61, 2.44, 2.54, 2.29, 2.62, 2.17, 2.57, 2.31, 1.96, 2.42, 3.02, 3.01, 2.96, 2.4, 2.29, 2.86, 2.95, 2.81, 3.01, 2.91, 2.23, 1.84, 2.81, 2.72, 2.54, 3.59, 4.2, 3.47, 3.14, 3.32, 2.68, 2.56, 2.2, 2.19, 2.12, 2.45, 3.01, 2.83, 3.09, 3.07, 2.88, 2.66, 2.82, 2.74, 2.92, 2.89, 2.77, 2.26, 3.16, 4.04, 3.7, 4.03, 3.89, 3.79, 3.89, 4.77, 4.89, 3.69, 3.07, 3.22, 3.17, 3.82, 3.71, 2.8, 1.54, 1.45, 1.22, 0.87, 0, 1.12, 1.42, 1.1, 1.49, 1.44, 3.13, 2.8, 2.35], [4.7, 5.14, 5.25, 4.8, 4.62, 4.89, 4.68, 4.31, 3.59, 3.13, 2.96, 3.08, 2.75, 2.6, 2.41, 2.47, 2.39, 2.18, 2.8, 3.44, 3.45, 3.38, 2.76, 2.69, 3.36, 3.49, 3.11, 3.35, 3.33, 2.77, 2.34, 2.69, 2.54, 2.14, 3.25, 3.78, 3.17, 2.92, 3.12, 2.26, 2.4, 2.36, 2.41, 2.08, 2.59, 3.29, 2.91, 2.87, 3.03, 2.74, 2.86, 3.06, 2.84, 2.78, 2.63, 2.07, 2.36, 3.46, 4.34, 4.06, 4.43, 4.27, 4.19, 4.27, 5.23, 5.33, 4.15, 3.61, 3.84, 3.71