[[0, 0.95, 1.15, 1.49, 1.79, 1.84, 2.18, 2.09, 1.81, 3.16, 4.71, 5.13, 5.69, 5.52, 5.65, 5.745, 5.185, 5.14, 5.348, 5.03, 5.16, 5.94, 5.23, 5.47, 5.59, 5.28, 5.45, 5.02, 5.37, 5.69, 5.23, 5.41, 5.46, 5.17, 4.82, 4.45, 4.33, 3.92, 3.75, 3.5, 3.58, 3.71, 3.91, 4.31, 4.25, 4.358, 3.91, 3.57, 3.54, 3.62, 4.25, 4.61, 4.99, 4.65, 4.57, 4.58, 4.93, 5.01, 4.11, 4.1, 4.24, 4.17, 4.42, 4.28, 4.22, 4.16, 4.04, 3.84, 3.75, 3.31, 3.36, 2.97, 2.72, 3.31, 3.37, 2.98, 2.21, 2.23, 2.32, 2.2, 1.69, 1.39, 1.45, 2.0, 2.29, 2.69], [0.95, 0, 0.7, 1.1, 1.64, 1.75, 2.21, 2.26, 2.18, 3.79, 5.32, 5.76, 6.26, 6.19, 6.225, 6.335, 5.77, 5.75, 5.97, 5.78, 5.91, 6.67, 6.02, 6.24, 6.36, 6.01, 6.16, 5.75, 6.16, 6.44, 5.96, 6.14, 6.19, 5.9, 5.55, 5.18, 5.04, 4.65, 4.5, 4.25, 4.27, 4.42, 4.48, 4.76, 4.78, 5.02, 4.58, 4.2, 4.21, 4.37, 5.0, 5.38, 5.76, 5.46, 5.36, 5.31, 5.64, 5.72, 4.86, 4.79, 4.89, 4.86, 5.13, 4.97, 4.93, 4.87, 4.73, 4.51, 4.44, 3.96, 3.99, 3.64, 3.41, 3.94, 3.5, 3.27, 2.68, 2.82, 2.89, 2.85, 2.48, 2.14, 2.24, 2.75, 3.04, 3.46], [1.15, 0.7, 0, 0.94, 1.66, 1.83, 2.39, 2.56, 2.44, 3.87, 5.38, 5.82, 6.4, 6.27, 6.38, 6.443, 5.95, 5.85, 6.026, 5.62, 5.69, 6.43, 5.82, 6.04, 6.18, 5.83, 5.92, 5.51, 6.04, 6.28, 5.74, 5.96, 5.99, 5.72, 5.41, 5.06, 4.92, 4.49, 4.36, 4.05, 4.17, 4.36, 4.42, 4.9, 4.88, 5.12, 4.54, 4.12, 4.03, 4.15, 4.8, 5.22, 5.6, 5.36, 5.14, 5.07, 5.48, 5.6, 4.68, 4.55, 4.67, 4.7, 4.97, 4.81, 4.77, 4.65, 4.53, 4.31, 4.24, 3.78, 3.79, 3.44, 3.19, 3.82, 3.48, 3.11, 2.52, 2.62, 2.75, 2.67, 2.34, 2.14, 2.24, 2.55, 2.8, 3.26], [1.49, 1.1, 0.94, 0, 1.06, 1.45, 2.09, 2.12, 2.32, 3.89, 5.18, 5.66, 6.24, 6.19, 6.2, 6.172, 5.85, 5.83, 5.91, 5.62, 5.63, 6.39, 5.8, 5.96, 6.1, 5.73, 5.88, 5.47, 6.02, 6.28, 5.72, 5.88, 5.91, 5.6, 5.33, 4.98, 4.84, 4.45, 4.28, 3.97, 4.17, 4.4, 4.4, 4.8, 4.9, 5.06, 4.52, 4.0, 3.95, 4.05, 4.66, 5.08, 5.48, 5.32, 5.12, 5.01, 5.42, 5.56, 4.68, 4.45, 4.49, 4.58, 4.87, 4.77, 4.73, 4.65, 4.53, 4.23, 4.08, 3.66, 3.77, 3.44, 3.19, 3.92, 3.7, 3.45, 2.74, 2.7, 2.69, 2.79, 2.5, 2.26, 2.24, 2.59, 2.9, 3.22], [1.79, 1.64, 1.66, 1.06, 0, 1.03, 1.73, 1.7, 1.74, 3.39, 4.76, 5.16, 5.68, 5.67, 5.62, 5.652, 5.23, 5.23, 5.33, 5.22, 5.31, 6.05, 5.42, 5.66, 5.74, 5.39, 5.52, 5.11, 5.68, 5.94, 5.38, 5.56, 5.53, 5.24, 5.09, 4.8, 4.72, 4.33, 4.14, 3.75, 3.95, 4.14, 4.3, 4.72, 4.64, 4.6, 4.06, 3.54, 3.57, 3.75, 4.54, 4.94, 5.3, 5.2, 5.0, 4.79, 5.4, 5.68, 4.8, 4.29, 4.35, 4.54, 4.83, 4.83, 4.73, 4.69, 4.59, 4.23, 3.94, 3.62, 3.87, 3.62, 3.31, 4.14, 3.96, 3.73, 3.1, 2.92, 3.07, 3.05, 2.68, 2.4, 2.16, 2.59, 2.96, 3.2], [1.84, 1.75, 1.83, 1.45, 1.03, 0, 1.1, 1.41, 1.47, 2.86, 4.23, 4.65, 5.17, 5.06, 5.07, 5.162, 4.64, 4.66, 4.72, 4.79, 5.1, 5.96, 5.15, 5.51, 5.55, 5.28, 5.37, 4.84, 5.25, 5.51, 5.33, 5.69, 5.68, 5.43, 5.2, 4.93, 4.81, 4.62, 4.41, 3.82, 3.72, 3.85, 3.99, 4.37, 4.35, 4.11, 3.63, 3.11, 3.24, 3.84, 4.77, 5.05, 5.31, 5.11, 4.93, 4.92, 5.57, 5.77, 4.75, 4.38, 4.46, 4.63, 4.9, 4.84, 4.78, 4.72, 4.6, 4.28, 4.03, 3.71, 3.86, 3.57, 3.38, 4.13, 3.93, 3.76, 3.13, 2.95, 3.22, 2.94, 2.41, 1.97, 1.91, 2.52, 2.97, 3.21], [2.18, 2.21, 2.39, 2.09, 1.73, 1.1, 0, 0.91, 1.41, 2.6, 3.91, 4.37, 4.85, 4.8, 4.67, 4.42, 4.18, 4.32, 4.4, 4.73, 5.2, 5.96, 5.17, 5.43, 5.57, 5.3, 5.39, 4.86, 5.25, 5.53, 5.33, 5.79, 5.72, 5.53, 5.18, 4.93, 4.77, 4.72, 4.49, 3.82, 3.74, 3.89, 3.93, 4.05, 4.03, 3.65, 3.31, 3.17, 3.38, 4.02, 4.83, 5.17, 5.39, 5.15, 4.97, 5.1, 5.87, 6.05, 5.01, 4.54, 4.48, 4.75, 5.02, 5.04, 4.94, 4.9, 4.8, 4.44, 4.17, 4.05, 4.18, 3.91, 3.54, 4.39, 4.37, 4.0, 3.37, 3.17, 3.54, 3.24, 2.67, 2.23, 2.15, 2.78, 3.23, 3.53], [2.09, 2.26, 2.56, 2.12, 1.7, 1.41, 0.91, 0, 1.18, 2.83, 4.12, 4.64, 5.12, 5.09, 4.94, 4.63, 4.45, 4.61, 4.71, 4.9, 5.39, 6.17, 5.32, 5.54, 5.66, 5.37, 5.58, 5.05, 5.42, 5.64, 5.52, 5.86, 5.85, 5.54, 5.19, 4.92, 4.76, 4.65, 4.54, 3.89, 3.65, 3.78, 3.94, 4.06, 3.96, 3.78, 3.44, 3.14, 3.31, 3.85, 4.72, 5.02, 5.22, 4.98, 4.88, 5.07, 5.94, 6.16, 5.26, 4.71, 4.65, 4.96, 5.23, 5.29, 5.17, 5.11, 5.03, 4.67, 4.42, 4.12, 4.31, 4.02, 3.71, 4.56, 4.62, 4.39, 3.62, 3.36, 3.53, 3.27, 2.64, 2.28, 2.22, 2.87, 3.36, 3.66], [1.81, 2.18, 2.44, 2.32, 1.74, 1.47, 1.41, 1.18, 0, 2.11, 3.58, 4.08, 4.52, 4.51, 4.42, 4.47, 3.95, 4.01, 4.23, 4.34, 4.69, 5.57, 4.74, 5.02, 5.14, 4.89, 4.94, 4.43, 4.82, 5.08, 4.94, 5.36, 5.35, 5.06, 4.73, 4.46, 4.32, 4.15, 3.96, 3.37, 3.13, 3.26, 3.32, 3.68, 3.58, 3.4, 3.08, 2.8, 2.97, 3.41, 4.3, 4.52, 4.76, 4.52, 4.36, 4.45, 5.3, 5.48, 4.66, 4.23, 4.21, 4.28, 4.55, 4.65, 4.51, 4.49, 4.47, 4.15, 3.82, 3.52, 3.77, 3.64, 3.25, 4.22, 4.42, 4.13, 3.4, 3.16, 3.33, 2.87, 2.38, 2.0, 1.74, 2.37, 2.88, 3.16], [3.16, 3.79, 3.87, 3.89, 3.39, 2.86, 2.6, 2.83, 2.11, 0, 1.67, 2.19, 2.73, 2.58, 2.75, 2.9, 2.34, 2.28, 2.52, 2.51, 2.94, 3.72, 2.99, 3.27, 3.33, 3.12, 3.01, 2.6, 3.03, 3.29, 3.29, 3.73, 3.64, 3.53, 3.32, 3.07, 2.95, 3.14, 3.49, 2.26, 1.84, 2.03, 2.09, 2.63, 2.71, 2.31, 1.77, 1.73, 1.84, 2.44, 3.19, 3.67, 3.77, 3.45, 3.25, 3.56, 4.33, 4.59, 3.71, 3.2, 2.92, 2.87, 3.18, 3.32, 3.2, 3.18, 3.22, 3.1, 2.75, 2.95, 3.1, 3.13, 3.4, 4.71, 5.507, 4.914, 3.995, 3.652, 4.136, 3.031, 2.71, 2.61, 2.27, 2.48, 3.13, 3.35], [4.71, 5.32, 5.38, 5.18, 4.76, 4.23, 3.91, 4.12, 3.58, 1.67, 0, 0.8, 1.36, 1.41, 1.4, 1.49, 1.17, 1.31, 1.13, 1.5, 3.13, 3.53, 2.68, 3.02, 2.64, 2.53, 2.1, 1.85, 2.08, 2.44, 2.9, 3.58, 3.59, 3.72, 3.23, 3.0, 3.256, 4.161, 4.931, 3.486, 1.91, 1.78, 1.74, 2.48, 2.56, 1.84, 1.32, 1.68, 2.03, 2.89, 3.6, 4.14, 3.9, 3.48, 3.02, 3.97, 5.549, 5.68, 5.08, 4.33, 3.69, 3.84, 3.87, 4.01, 3.77, 3.61, 4.01, 4.05, 3.98, 4.18, 4.41, 4.52, 4.85, 6.168, 6.957, 6.404, 5.465, 5.122, 5.606, 4.521, 4.159, 4.06, 3.76, 3.964, 4.62, 4.837], [5.13, 5.76, 5.82, 5.66, 5.16, 4.65, 4.37, 4.64, 4.08, 2.19, 0.8, 0, 0.76, 0.97, 1.04, 1.15, 0.83, 0.89, 0.79, 1.38, 3.43, 3.91, 3.0, 3.36, 2.86, 2.87, 2.24, 2.01, 2.06, 2.46, 3.28, 3.94, 3.99, 4.102, 3.57, 3.359, 3.692, 4.648, 5.405, 3.952, 2.35, 2.16, 1.94, 2.48, 2.54, 1.7, 1.64, 2.04, 2.45, 3.33, 4.0, 4.52, 4.16, 3.64, 3.32, 4.43, 6.046, 6.177, 5.5, 4.73, 4.05, 4.28, 4.29, 4.43, 4.19, 4.05, 4.43, 4.43, 4.36, 4.6, 4.85, 4.94, 5.25, 6.665, 7.494, 6.912, 5.982, 5.619, 6.103, 5.026, 4.676, 4.56, 4.24, 4.441, 5.097, 5.314], [5.69, 6.26, 6.4, 6.24, 5.68, 5.17, 4.85, 5.12, 4.52, 2.73, 1.36, 0.76, 0, 0.63, 0.88, 1.15, 1.03, 1.21, 1.05, 1.88, 4.03, 4.51, 3.56, 3.86, 3.42, 3.377, 2.72, 2.51, 2.52, 2.78, 3.86, 4.528, 4.558, 4.55, 4.012, 3.844, 4.235, 5.171, 5.938, 4.495, 2.85, 2.64, 2.28, 2.48, 2.64, 1.9, 2.06, 2.6, 2.99, 3.89, 4.56, 5.019, 4.66, 4.08, 3.813, 4.975, 6.586, 6.717, 6.06, 5.31, 4.63, 4.84, 4.83, 4.97, 4.77, 4.63, 5.01, 5.01, 4.94, 5.16, 5.43, 5.52, 5.83, 7.205, 8.034, 7.435, 6.51, 6.167, 6.643, 5.549, 5.216, 5.1, 4.78, 5.001, 5.637, 5.854], [5.52, 6.19, 6.27, 6.19, 5.67, 5.06, 4.8, 5.09, 4.51, 2.58, 1.41, 0.97, 0.63, 0, 0.73, 1.22, 1.12, 1.44, 1.22, 1.97, 4.06, 4.44, 3.53, 3.61, 3.31, 3.32, 2.69, 2.46, 2.47, 2.83, 3.85, 4.51, 4.48, 4.392, 3.822, 3.729, 4.142, 5.058, 5.795, 4.342, 2.8, 2.47, 2.21, 2.31, 2.31, 1.73, 1.95, 2.55, 2.88, 3.72, 4.39, 4.886, 4.48, 3.83, 3.63, 4.82, 6.436, 6.567, 5.89, 5.14, 4.54, 4.69, 4.72, 4.88, 4.6, 4.52, 4.82, 4.88, 4.85, 5.05, 5.22, 5.33, 5.66, 7.055, 7.864, 7.302, 6.357, 6.009, 6.493, 5.416, 5.066, 4.892, 4.592, 4.831, 5.487, 5.704], [5.65, 6.225, 6.38, 6.2, 5.62, 5.07, 4.67, 4.94, 4.42, 2.75, 1.4, 1.04, 0.88, 0.73, 0, 0.77, 0.95, 1.33, 1.21, 2.08, 4.19, 4.59, 3.66, 3.82, 3.4, 3.47, 2.88, 2.57, 2.64, 3.0, 3.98, 4.64, 4.63, 4.602, 4.032, 3.918, 4.329, 5.245, 6.012, 4.562, 2.93, 2.62, 2.36, 2.5, 2.4, 1.62, 2.06, 2.64, 3.01, 3.91, 4.613, 5.09, 4.693, 4.04, 3.825, 5.035, 6.626, 6.757, 6.1, 5.29, 4.61, 4.84, 4.91, 5.01, 4.75, 4.61, 4.97, 4.99, 4.94, 5.18, 5.41, 5.5, 5.83, 7.245, 8.054, 7.509, 6.562, 6.219, 6.683, 5.618, 5.236, 5.1, 4.8, 5.041, 5.697, 5.914], [5.745, 6.335, 6.443, 6.172, 5.652, 5.162, 4.42, 4.63, 4.47, 2.9, 1.49, 1.15, 1.15, 1.22, 0.77, 0, 0.74, 1.24, 1.14, 2.03, 4.34, 4.78, 3.79, 4.23, 3.67, 3.66, 3.11, 2.78, 2.81, 3.07, 4.09, 4.83, 4.848, 4.857, 4.295, 4.151, 4.562, 5.498, 6.248, 4.822, 3.18, 3.01, 2.77, 2.91, 2.73, 1.93, 2.23, 2.71, 3.2, 4.12, 4.826, 5.326, 5.07, 4.49, 4.15, 5.265, 6.896, 7.007, 6.31, 5.42, 4.7, 5.07, 5.12, 5.22, 4.98, 4.8, 5.18, 5.18, 5.15, 5.402, 5.6, 5.71, 6.02, 7.512, 8.324, 7.762, 6.817, 6.455, 6.942, 5.876, 5.486, 5.332, 5.032, 5.291, 5.947, 6.144], [5.185, 5.77, 5.95, 5.85, 5.23, 4.64, 4.18, 4.45, 3.95, 2.34, 1.17, 0.83, 1.03, 1.12, 0.95, 0.74, 0, 0.8, 0.8, 1.59, 3.8, 4.22, 3.17, 3.75, 3.21, 3.1, 2.59, 2.32, 2.31, 2.63, 3.49, 4.21, 4.24, 4.266, 3.802, 3.649, 3.962, 4.898, 5.655, 4.242, 2.62, 2.51, 2.33, 2.67, 2.59, 1.71, 1.77, 2.21, 2.64, 3.54, 4.246, 4.786, 4.55, 4.05, 3.63, 4.665, 6.279, 6.407, 5.71, 4.9, 4.24, 4.55, 4.62, 4.7, 4.42, 4.24, 4.64, 4.62, 4.59, 4.81, 5.06, 5.15, 5.46, 6.915, 7.744, 7.162, 6.232, 5.875, 6.353, 5.268, 4.886, 4.752, 4.43, 4.691, 5.347, 5.544], [5.14, 5.75, 5.85, 5.83, 5.23, 4.66, 4.32, 4.61, 4.01, 2.28, 1.31, 0.89, 1.21, 1.44, 1.33, 1.24, 0.8, 0, 0.62, 1.41, 3.56, 4.06, 3.07, 3.81, 3.31, 3.12, 2.71, 2.36, 2.39, 2.55, 3.29, 3.976, 4.046, 4.15, 3.92, 3.752, 3.866, 4.741, 5.454, 4.022, 2.68, 2.49, 2.21, 2.89, 2.75, 1.85, 1.69, 2.11, 2.52, 3.32, 4.25, 4.83, 4.61, 4.09, 3.71, 4.66, 6.087, 6.17, 5.49, 4.68, 4.08, 4.35, 4.38, 4.48, 4.2, 4.02, 4.44, 4.42, 4.47, 4.63, 4.82, 4.93, 5.22, 6.698, 7.527, 6.957, 6.0, 5.657, 6.125, 5.039, 4.669, 4.555, 4.235, 4.474, 5.13, 5.339], [5.348, 5.97, 6.026, 5.91, 5.33, 4.72, 4.4, 4.71, 4.23, 2.52, 1.13, 0.79, 1.05, 1.22, 1.21, 1.14, 0.8, 0.62, 0, 1.31, 3.74, 4.181, 3.224, 3.75, 3.27, 3.157, 2.63, 2.24, 2.35, 2.53, 3.459, 4.207, 4.257, 4.327, 3.865, 3.732, 3.985, 4.95, 5.697, 4.242, 2.64, 2.49, 2.33, 2.81, 2.73, 1.81, 1.55, 2.09, 2.58, 3.52, 4.286, 4.806, 4.57, 4.05, 3.67, 4.723, 6.367, 6.413, 5.722, 4.8, 4.16, 4.49, 4.48, 4.62, 4.38, 4.2, 4.56, 4.58, 4.59, 4.824, 5.0, 5.13, 5.417, 6.938, 7.756, 7.197, 6.22, 5.889, 6.345, 5.279, 4.889, 4.735, 4.415, 4.703, 5.373, 5.579], [5.03, 5.78, 5.62, 5.62, 5.22, 4.79, 4.73, 4.9, 4.34, 2.51, 1.5, 1.38, 1.88, 1.97, 2.08, 2.03, 1.59, 1.41, 1.31, 0, 2.57, 3.09, 2.14, 2.86, 2.34, 2.07, 1.54, 1.23, 1.46, 1.6, 2.369, 3.137, 3.167, 3.272, 2.81, 2.622, 2.915, 3.823, 4.57, 3.152, 2.03, 1.96, 2.48, 3.52, 3.48, 2.46, 2.06, 2.0, 1.95, 2.43, 3.139, 3.736, 3.7, 3.26, 2.68, 3.593, 5.257, 5.303, 4.612, 3.77, 3.25, 3.5, 3.45, 3.55, 3.29, 3.11, 3.49, 3.63, 3.7, 3.88, 4.11, 4.2, 4.47, 5.828, 6.631, 6.072, 5.205, 4.822, 5.255, 4.301, 4.1, 4.14, 3.86, 3.87, 4.44, 4.489], [5.16, 5.91, 5.69, 5.63, 5.31, 5.1, 5.2, 5.39, 4.69, 2.94, 3.13, 3.43, 4.03, 4.06, 4.19, 4.34, 3.8, 3.56, 3.74, 2.57, 0, 1.4, 1.37, 2.03, 1.79, 1.78, 1.87, 2.08, 2.13, 2.03, 1.23, 1.27, 1.4, 1.89, 2.28, 2.47, 2.19, 2.14, 2.73, 2.16, 3.2, 3.45, 3.99, 5.11, 5.15, 4.41, 3.71, 3.39, 2.92, 2.06, 2.41, 2.47, 2.63, 3.03, 2.71, 2.26, 2.89, 2.89, 2.59, 2.54, 2.46, 2.41, 2.18, 2.3, 2.24, 2.26, 2.5, 2.82, 2.81, 3.17, 3.46, 3.29, 3.38, 3.77, 4.51, 4.04, 3.75, 3.59, 3.62, 3.28, 3.55, 3.91, 3.79, 3.22, 3.15, 2.89], [5.94, 6.67, 6.43, 6.39, 6.05, 5.96, 5.96, 6.17, 5.57, 3.72, 3.53, 3.91, 4.51, 4.44, 4.59, 4.78, 4.22, 4.06, 4.181, 3.09, 1.4, 0, 1.35, 1.91, 1.85, 1.84, 2.05, 2.3, 2.37, 2.27, 1.27, 1.05, 0.96, 1.39, 2.04, 2.37, 2.13, 2.22, 2.75, 2.62, 3.48, 3.63, 4.21, 5.489, 5.43, 4.69, 4.05, 3.75, 3.44, 2.62, 2.29, 2.27, 2.39, 3.01, 2.67, 1.96, 2.53, 2.75, 2.97, 3.08, 3.08, 2.91, 2.7, 2.94, 2.88, 2.74, 2.88, 3.22, 3.29, 3.57, 3.88, 3.97, 3.96, 4.05, 4.83, 4.64, 4.31, 4.09, 4.08, 4.02, 4.41, 4.83, 4.71, 4.04, 3.75, 3.39], [5.23, 6.02, 5.82, 5.8, 5.42, 5.15, 5.17, 5.32, 4.74, 2.99, 2.68, 3.0, 3.56, 3.53, 3.66, 3.79, 3.17, 3.07, 3.224, 2.14, 1.37, 1.35, 0, 1.52, 1.2, 1.23, 1.74, 1.61, 1.24, 1.26, 0.84, 1.22, 1.15, 1.46, 1.59, 1.7, 1.56, 2.07, 2.84, 2.13, 2.49, 2.64, 3.22, 4.44, 4.38, 3.66, 3.0, 2.76, 2.41, 2.03, 2.14, 2.44, 2.32, 2.14, 1.8, 1.83, 3.44, 3.54, 3.36, 3.01, 2.85, 3.0, 2.91, 2.97, 2.81, 2.77, 3.07, 3.45, 3.52, 3.66, 3.95, 3.92, 3.99, 4.4, 5.14, 4.59, 3.98, 3.84, 3.79, 3.45, 3.6, 4.02, 3.88, 3.37, 3.36, 3.06], [5.47, 6.24, 6.04, 5.96, 5.66, 5.51, 5.43, 5.54, 5.02, 3.27, 3.02, 3.36, 3.86, 3.61, 3.82, 4.23, 3.75, 3.81, 3.75, 2.86, 2.03, 1.91, 1.52, 0, 0.9, 1.27, 1.86, 1.91, 1.62, 1.76, 1.62, 1.84, 1.75, 1.54, 1.19, 1.56, 1.82, 2.03, 2.72, 2.07, 2.09, 2.22, 2.96, 3.78, 3.78, 3.16, 2.9, 3.12, 2.77, 2.33, 1.6, 1.7, 1.5, 1.58, 1.58, 1.97, 3.4, 3.52, 3.28, 2.99, 2.99, 2.96, 2.99, 3.11, 3.09, 2.99, 3.13, 3.51, 3.5, 3.56, 3.83, 3.86, 3.79, 4.16, 4.9, 4.49, 4.08, 3.8, 3.79, 3.57, 3.9, 4.34, 4.22, 3.71, 3.66, 3.44], [5.59, 6.36, 6.18, 6.1, 5.74, 5.55, 5.57, 5.66, 5.14, 3.33, 2.64, 2.86, 3.42, 3.31, 3.4, 3.67, 3.21, 3.31, 3.27, 2.34, 1.79, 1.85, 1.2, 0.9, 0, 1.09, 1.6, 1.63, 1.14, 1.2, 1.22, 1.66, 1.61, 1.58, 1.35, 1.54, 1.8, 2.37, 3.18, 2.37, 2.25, 2.32, 3.04, 4.08, 3.98, 3.2, 2.92, 3.06, 2.77, 2.39, 2.14, 2.06, 1.76, 1.64, 1.56, 2.11, 3.72, 3.86, 3.64, 3.31, 3.21, 3.32, 3.21, 3.31, 3.21, 3.11, 3.41, 3.79, 3.86, 3.94, 4.21, 4.18, 4.25, 4.54, 5.3, 4.73, 4.3, 4.1, 4.09, 3.79, 4.04, 4.48, 4.36, 3.79, 3.82, 3.62], [5.28, 6.01, 5.83, 5.73, 5.39, 5.28, 5.3, 5.37, 4.89, 3.12, 2.53, 2.87, 3.377, 3.32, 3.47, 3.66, 3.1, 3.12, 3.157, 2.07, 1.78, 1.84, 1.23, 1.27, 1.09, 0, 1.07, 1.14, 1.17, 1.25, 1.09, 1.61, 1.52, 1.53, 1.34, 1.41, 1.57, 2.24, 3.01, 2.0, 2.2, 2.35, 2.97, 4.25, 4.17, 3.41, 2.85, 2.81, 2.58, 1.92, 1.81, 2.17, 2.19, 2.29, 1.87, 2.2, 3.77, 3.89, 3.45, 2.92, 2.76, 2.87, 2.8, 2.9, 2.68, 2.6, 2.9, 3.38, 3.35, 3.43, 3.72, 3.69, 3.78, 4.31, 5.15, 4.66, 4.15, 3.75, 3.96, 3.38, 3.73, 4.19, 4.07, 3.52, 3.65, 3.53], [5.45, 6.16, 5.92, 5.88, 5.52, 5.37, 5.39, 5.58, 4.94, 3.01, 2.1, 2.24, 2.72, 2.69, 2.88, 3.11, 2.59, 2.71, 2.63, 1.54, 1.87, 2.05, 1.74, 1.86, 1.6, 1.07, 0, 0.81, 1.34, 1.52, 1.64, 2.12, 2.05, 2.18, 1.75, 1.88, 2.22, 2.85, 3.52, 2.43, 2.45, 2.52, 3.14, 4.26, 4.2, 3.36, 2.94, 2.86, 2.63, 2.07, 2.18, 2.72, 2.78, 2.86, 2.28, 2.67, 4.1, 4.28, 3.68, 3.11, 2.71, 2.8, 2.69, 2.77, 2.55, 2.45, 2.71, 3.15, 3.04, 3.34, 3.61, 3.6, 3.73, 4.76, 5.58, 5.11, 4.5, 4.14, 4.53, 3.79, 4.02, 4.44, 4.3, 3.81, 3.94, 3.88], [5.02, 5.75, 5.51, 5.47, 5.11, 4.84, 4.86, 5.05, 4.43, 2.6, 1.85, 2.01, 2.51, 2.46, 2.57, 2.78, 2.32, 2.36, 2.24, 1.23, 2.08, 2.3, 1.61, 1.91, 1.63, 1.14, 0.81, 0, 1.13, 1.31, 1.73, 2.33, 2.28, 2.25, 1.82, 1.81, 2.11, 2.891, 3.63, 2.32, 1.84, 1.89, 2.51, 3.65, 3.55, 2.75, 2.29, 2.27, 2.06, 1.72, 2.19, 2.75, 2.69, 2.53, 2.01, 2.7, 4.282, 4.37, 3.71, 2.96, 2.56, 2.71, 2.78, 2.84, 2.6, 2.42, 2.68, 3.1, 2.97, 3.23, 3.44, 3.49, 3.66, 4.833, 5.636, 5.134, 4.37, 4.07, 4.456, 3.7, 3.73, 3.95, 3.83, 3.44, 3.87, 3.77], [5.37, 6.16, 6.04, 6.02, 5.68, 5.25, 5.25, 5.42, 4.82, 3.03, 2.08, 2.06, 2.52, 2.47, 2.64, 2.81, 2.31, 2.39, 2.35, 1.46, 2.13, 2.37, 1.24, 1.62, 1.14, 1.17, 1.34, 1.13, 0, 0.66, 1.46, 2.2, 2.23, 2.34, 1.93, 2.06, 2.38, 3.055, 3.88, 2.67, 2.11, 2.04, 2.7, 3.72, 3.7, 2.8, 2.54, 2.66, 2.41, 2.39, 2.42, 2.8, 2.5, 2.06, 1.68, 2.75, 4.46, 4.52, 3.96, 3.43, 3.21, 3.38, 3.27, 3.37, 3.17, 3.11, 3.41, 3.81, 3.9, 4.0, 4.27, 4.28, 4.35, 5.02, 5.86, 5.281, 4.52, 4.38, 4.47, 3.89, 3.84, 4.16, 4.02, 3.67, 4.04, 3.88], [5.69, 6.44, 6.28, 6.28, 5.94, 5.51, 5.53, 5.64, 5.08, 3.29, 2.44, 2.46, 2.78, 2.83, 3.0, 3.07, 2.63, 2.55, 2.53, 1.6, 2.03, 2.27, 1.26, 1.76, 1.2, 1.25, 1.52, 1.31, 0.66, 0, 1.24, 2.0, 2.09, 2.12, 1.91, 2.18, 2.4, 3.03, 3.92, 2.87, 2.37, 2.44, 3.1, 4.18, 4.14, 3.26, 2.9, 2.96, 2.67, 2.57, 2.54, 2.7, 2.5, 2.1, 1.88, 2.67, 4.32, 4.4, 3.92, 3.57, 3.39, 3.58, 3.47, 3.57, 3.35, 3.29, 3.59, 4.03, 4.08, 4.18, 4.45, 4.46, 4.53, 4.98, 5.78, 5.21, 4.64, 4.52, 4.51, 4.09, 4.12, 4.5, 4.34, 3.99, 4.22, 3.98], [5.23, 5.96, 5.74, 5.72, 5.38, 5.33, 5.33, 5.52, 4.94, 3.29, 2.9, 3.28, 3.86, 3.85, 3.98, 4.09, 3.49, 3.29, 3.459, 2.369, 1.23, 1.27, 0.84, 1.62, 1.22, 1.09, 1.64, 1.73, 1.46, 1.24, 0, 0.92, 1.05, 1.12, 1.55, 1.7, 1.66, 2.07, 2.86, 2.13, 2.71, 2.86, 3.4, 4.72, 4.66, 3.86, 3.24, 2.92, 2.65, 1.99, 2.0, 2.2, 2.18, 2.32, 1.96, 1.71, 3.1, 3.22, 3.1, 2.81, 2.77, 2.9, 2.77, 2.87, 2.71, 2.67, 2.97, 3.41, 3.42, 3.48, 3.75, 3.72, 3.77, 4.0, 4.76, 4.23, 3.8, 3.66, 3.67, 3.39, 3.68, 4.12, 4.0, 3.35, 3.3, 3.0], [5.41, 6.14, 5.96, 5.88, 5.56, 5.69, 5.79, 5.86, 5.36, 3.73, 3.58, 3.94, 4.528, 4.51, 4.64, 4.83, 4.21, 3.976, 4.207, 3.137, 1.27, 1.05, 1.22, 1.84, 1.66, 1.61, 2.12, 2.33, 2.2, 2.0, 0.92, 0, 0.47, 0.96, 1.87, 2.1, 1.94, 1.81, 2.34, 2.23, 3.33, 3.54, 4.16, 5.399, 5.32, 4.62, 3.96, 3.66, 3.23, 2.43, 2.24, 2.28, 2.38, 2.86, 2.54, 1.83, 2.5, 2.68, 2.84, 2.65, 2.63, 2.64, 2.49, 2.61, 2.47, 2.41, 2.69, 3.15, 3.14, 3.28, 3.57, 3.56, 3.61, 3.8, 4.56, 4.15, 3.82, 3.6, 3.55, 3.67, 4.04, 4.5, 4.38, 3.71, 3.4, 2.94], [5.46, 6.19, 5.99, 5.91, 5.53, 5.68, 5.72, 5.85, 5.35, 3.64, 3.59, 3.99, 4.558, 4.48, 4.63, 4.848, 4.24, 4.046, 4.257, 3.167, 1.4, 0.96, 1.15, 1.75, 1.61, 1.52, 2.05, 2.28, 2.23, 2.09, 1.05, 0.47, 0, 0.87, 1.72, 2.01, 1.83, 1.76, 2.25, 2.18, 3.279, 3.49, 4.109, 5.35, 5.27, 4.57, 3.91, 3.59, 3.18, 2.38, 2.13, 2.33, 2.43, 2.81, 2.49, 1.68, 2.51, 2.71, 2.85, 2.64, 2.62, 2.55, 2.46, 2.56, 2.42, 2.34, 2.6, 3.04, 3.07, 3.21, 3.5, 3.51, 3.56, 3.79, 4.53, 4.1, 3.83, 3.57, 3.52, 3.68, 4.07, 4.53, 4.41, 3.74, 3.41, 2.97], [5.17, 5.9, 5.72, 5.6, 5.24, 5.43, 5.53, 5.54, 5.06, 3.53, 3.72, 4.102, 4.55, 4.392, 4.602, 4.857, 4.266, 4.15, 4.327, 3.272, 1.89, 1.39, 1.46, 1.54, 1.58, 1.53, 2.18, 2.25, 2.34, 2.12, 1.12, 0.96, 0.87, 0, 1.15, 1.44, 1.46, 1.45, 2.02, 1.95, 2.81, 3.04, 3.58, 4.86, 4.78, 4.06, 3.52, 3.16, 2.89, 2.19, 1.66, 1.9, 2.04, 2.22, 2.04, 1.39, 2.44, 2.58, 2.72, 2.39, 2.53, 2.56, 2.65, 2.77, 2.69, 2.55, 2.71, 3.07, 3.06, 3.02, 3.29, 3.26, 3.39, 3.56, 4.26, 3.85, 3.56, 3.3, 3.23, 3.39, 3.78, 4.24, 4.12, 3.45, 3.12, 2.74], [4.82, 5.55, 5.41, 5.33, 5.09, 5.2, 5.18, 5.19, 4.73, 3.32, 3.23, 3.57, 4.012, 3.822, 4.032, 4.295, 3.802, 3.92, 3.865, 2.81, 2.28, 2.04, 1.59, 1.19, 1.35, 1.34, 1.75, 1.82, 1.93, 1.91, 1.55, 1.87, 1.72, 1.15, 0, 0.67, 1.01, 1.42, 2.21, 1.66, 1.94, 2.17, 2.77, 3.85, 3.79, 3.13, 2.83, 2.83, 2.56, 1.86, 1.33, 1.61, 1.75, 1.67, 1.23, 1.5, 3.19, 3.41, 3.33, 2.8, 2.68, 2.97, 3.06, 3.22, 3.02, 2.86, 3.1, 3.4, 3.31, 3.21, 3.46, 3.53, 3.56, 4.03, 4.79, 4.1, 3.53, 3.17, 3.34, 3.08, 3.47, 3.87, 3.75, 3.2, 3.01, 2.83], [4.45, 5.18, 5.06, 4.98, 4.8, 4.93, 4.93, 4.92, 4.46, 3.07, 3.0, 3.359, 3.844, 3.729, 3.918, 4.151, 3.649, 3.752, 3.732, 2.622, 2.47, 2.37, 1.7, 1.56, 1.54, 1.41, 1.88, 1.81, 2.06, 2.18, 1.7, 2.1, 2.01, 1.44, 0.67, 0, 0.72, 1.51, 2.4, 1.59, 1.71, 1.94, 2.52, 3.62, 3.54, 3.06, 2.62, 2.48, 2.25, 1.65, 1.44, 1.84, 2.0, 1.9, 1.5, 1.69, 3.52, 3.68, 3.62, 3.01, 2.83, 3.08, 3.17, 3.33, 3.09, 2.87, 3.15, 3.35, 3.28, 3.18, 3.49, 3.54, 3.67, 4.24, 4.98, 4.29, 3.44, 3.06, 3.39, 2.81, 3.24, 3.48, 3.38, 2.87, 2.88, 2.98], [4.33, 5.04, 4.92, 4.84, 4.72, 4.81, 4.77, 4.76, 4.32, 2.95, 3.256, 3.692, 4.235, 4.142, 4.329, 4.562, 3.962, 3.866, 3.985, 2.915, 2.19, 2.13, 1.56, 1.82, 1.8, 1.57, 2.22, 2.11, 2.38, 2.4, 1.66, 1.94, 1.83, 1.46, 1.01, 0.72, 0, 1.23, 2.06, 1.51, 2.05, 2.2, 2.779, 3.9, 3.8, 3.4, 2.86, 2.64, 2.33, 1.47, 1.6, 1.96, 2.06, 1.96, 1.56, 1.65, 3.26, 3.46, 3.46, 2.89, 2.73, 2.92, 3.05, 3.23, 2.95, 2.77, 3.01, 3.27, 3.18, 3.08, 3.37, 3.38, 3.49, 4.04, 4.8, 4.07, 3.28, 3.0, 3.19, 2.65, 3.06, 3.36, 3.26, 2.77, 2.72, 2.76], [3.92, 4.65, 4.49, 4.45, 4.33, 4.62, 4.72, 4.65, 4.15, 3.14, 4.161, 4.648, 5.171, 5.058, 5.245, 5.498, 4.898, 4.741, 4.95, 3.823, 2.14, 2.22, 2.07, 2.03, 2.37, 2.24, 2.85, 2.891, 3.055, 3.03, 2.07, 1.81, 1.76, 1.45, 1.42, 1.51, 1.23, 0, 1.15, 1.44, 2.587, 2.837, 3.417, 4.383, 4.43, 4.103, 3.588, 3.23, 2.76, 1.78, 1.59, 2.05, 2.25, 2.27, 2.03, 1.52, 2.39, 2.57, 2.61, 2.2, 2.22, 2.47, 2.5, 2.7, 2.6, 2.6, 2.56, 2.76, 2.57, 2.41, 2.78, 2.57, 2.66, 3.07, 3.75, 3.1, 2.57, 2.29, 2.3, 2.28, 2.71, 3.09, 2.95, 2.44, 2.13, 1.95], [3.75, 4.5, 4.36, 4.28, 4.14, 4.41, 4.49, 4.54, 3.96, 3.49, 4.931, 5.405, 5.938, 5.795, 6.012, 6.248, 5.655, 5.454, 5.697, 4.57, 2.73, 2.75, 2.84, 2.72, 3.18, 3.01, 3.52, 3.63, 3.88, 3.92, 2.86, 2.34, 2.25, 2.02, 2.21, 2.4, 2.06, 1.15, 0, 1.65, 3.31, 3.7, 4.24, 5.075, 5.153, 4.813, 4.352, 3.998, 3.508, 2.531, 2.12, 2.48, 2.76, 2.94, 2.78, 2.23, 2.1, 2.26, 2.1, 1.93, 2.37, 2.14, 2.21, 2.37, 2.35, 2.51, 2.31, 2.41, 2.1, 2.1, 2.25, 2.12, 2.03, 2.3, 3.04, 2.65, 2.24, 1.88, 1.97, 2.23, 2.64, 2.96, 2.8, 2.35, 2.0, 1.76], [3.5, 4.25, 4.05, 3.97, 3.75, 3.82, 3.82, 3.89, 3.37, 2.26, 3.486, 3.952, 4.495, 4.342, 4.562, 4.822, 4.242, 4.022, 4.242, 3.152, 2.16, 2.62, 2.13, 2.07, 2.37, 2.0, 2.43, 2.32, 2.67, 2.87, 2.13, 2.23, 2.18, 1.95, 1.66, 1.59, 1.51, 1.44, 1.65, 0, 2.1, 2.51, 3.05, 3.888, 4.01, 3.65, 3.11, 2.81, 2.3, 1.64, 1.63, 2.05, 2.33, 2.39, 2.27, 2.0, 3.13, 3.31, 2.73, 2.2, 2.2, 2.27, 2.48, 2.6, 2.52, 2.44, 2.48, 2.64, 2.37, 2.47, 2.52, 2.57, 2.38, 3.15, 3.91, 3.32, 2.49, 2.05, 2.38, 1.9, 2.17, 2.51, 2.37, 1.94, 2.01, 2.01], [3.58, 4.27, 4.17, 4.17, 3.95, 3.72, 3.74, 3.65, 3.13, 1.84, 1.91, 2.35, 2.85, 2.8, 2.93, 3.18, 2.62, 2.68, 2.64, 2.03, 3.2, 3.48, 2.49, 2.09, 2.25, 2.2, 2.45, 1.84, 2.11, 2.37, 2.71, 3.33, 3.279, 2.81, 1.94, 1.71, 2.05, 2.587, 3.31, 2.1, 0, 0.83, 1.27, 2.17, 2.21, 1.79, 1.31, 1.43, 1.28, 1.74, 1.95, 2.39, 2.31, 1.95, 1.67, 2.64, 4.41, 4.49, 4.11, 3.26, 2.86, 3.05, 3.44, 3.66, 3.5, 3.26, 3.48, 3.42, 3.27, 2.97, 3.24, 3.37, 3.62, 4.825, 5.625, 5.015, 3.928, 3.585, 4.009, 3.098, 2.93, 3.01, 2.63, 2.76, 3.39, 3.55], [3.71, 4.42, 4.36, 4.4, 4.14, 3.85, 3.89, 3.78, 3.26, 2.03, 1.78, 2.16, 2.64, 2.47, 2.62, 3.01, 2.51, 2.49, 2.49, 1.96, 3.45, 3.63, 2.64, 2.22, 2.32, 2.35, 2.52, 1.89, 2.04, 2.44, 2.86, 3.54, 3.49, 3.04, 2.17, 1.94, 2.2, 2.837, 3.7, 2.51, 0.83, 0, 0.9, 1.92, 1.9, 1.52, 1.22, 1.32, 1.29, 1.83, 2.26, 2.84, 2.5, 1.98, 1.66, 2.81, 4.68, 4.84, 4.52, 3.55, 3.21, 3.56, 3.81, 3.95, 3.73, 3.53, 3.79, 3.79, 3.72, 3.32, 3.65, 3.7, 3.93, 5.16, 5.935, 5.345, 4.238, 3.935, 4.279, 3.268, 3.08, 3.06, 2.72, 2.95, 3.64, 3.88], [3.91, 4.48, 4.42, 4.4, 4.3, 3.99, 3.93, 3.94, 3.32, 2.09, 1.74, 1.94, 2.28, 2.21, 2.36, 2.77, 2.33, 2.21, 2.33, 2.48, 3.99, 4.21, 3.22, 2.96, 3.04, 2.97, 3.14, 2.51, 2.7, 3.1, 3.4, 4.16, 4.109, 3.58, 2.77, 2.52, 2.779, 3.417, 4.24, 3.05, 1.27, 0.9, 0, 1.4, 1.48, 1.32, 1.2, 1.5, 1.77, 2.45, 2.64, 3.3, 2.96, 2.38, 2.22, 3.17, 5.09, 5.32, 4.94, 3.99, 3.67, 3.98, 4.31, 4.51, 4.27, 4.07, 4.33, 4.23, 4.14, 3.74, 4.05, 4.1, 4.37, 5.61, 6.355, 5.745, 4.598, 4.355, 4.639, 3.568, 3.44, 3.26, 2.94, 3.31, 4.04, 4.32], [4.31, 4.76, 4.9, 4.8, 4.72, 4.37, 4.05, 4.06, 3.68, 2.63, 2.48, 2.48, 2.48, 2.31, 2.5, 2.91, 2.67, 2.89, 2.81, 3.52, 5.11, 5.489, 4.44, 3.78, 4.08, 4.25, 4.26, 3.65, 3.72, 4.18, 4.72, 5.399, 5.35, 4.86, 3.85, 3.62, 3.9, 4.383, 5.075, 3.888, 2.17, 1.92, 1.4, 0, 0.9, 1.34, 1.76, 2.3, 2.51, 3.45, 3.5, 4.08, 3.76, 3.06, 3.16, 4.21, 6.139, 6.36, 5.88, 4.85, 4.61, 4.92, 5.29, 5.41, 5.29, 5.15, 5.35, 5.07, 4.9, 4.6, 4.89, 4.88, 5.15, 6.49, 7.215, 6.577, 5.438, 5.195, 5.439, 4.428, 4.232, 3.98, 3.66, 4.17, 4.898, 5.172], [4.25, 4.78, 4.88, 4.9, 4.64, 4.35, 4.03, 3.96, 3.58, 2.71, 2.56, 2.54, 2.64, 2.31, 2.4, 2.73, 2.59, 2.75, 2.73, 3.48, 5.15, 5.43, 4.38, 3.78, 3.98, 4.17, 4.2, 3.55, 3.7, 4.14, 4.66, 5.32, 5.27, 4.78, 3.79, 3.54, 3.8, 4.43, 5.153, 4.01, 2.21, 1.9, 1.48, 0.9, 0, 1.14, 1.68, 2.22, 2.53, 3.21, 3.5, 3.98, 3.7, 3.0, 3.04, 4.09, 6.16, 6.46, 5.96, 4.85, 4.57, 5.04, 5.39, 5.55, 5.33, 5.13, 5.33, 5.19, 5.08, 4.66, 4.83, 4.92, 5.21, 6.627, 7.272, 6.665, 5.538, 5.298, 5.488, 4.568, 4.3, 4.04, 3.72, 4.31, 4.995, 5.215], [4.358, 5.02, 5.12, 5.06, 4.6, 4.11, 3.65, 3.78, 3.4, 2.31, 1.84, 1.7, 1.9, 1.73, 1.62, 1.93, 1.71, 1.85, 1.81, 2.46, 4.41, 4.69, 3.66, 3.16, 3.2, 3.41, 3.36, 2.75, 2.8, 3.26, 3.86, 4.62, 4.57, 4.06, 3.13, 3.06, 3.4, 4.103, 4.813, 3.65, 1.79, 1.52, 1.32, 1.34, 1.14, 0, 0.92, 1.58, 1.99, 2.75, 3.32, 3.817, 3.46, 2.84, 2.6, 3.859, 5.76, 5.858, 5.38, 4.21, 3.73, 4.3, 4.61, 4.73, 4.51, 4.31, 4.55, 4.49, 4.46, 4.2, 4.41, 4.54, 4.75, 6.167, 6.964, 6.354, 5.375, 4.996, 5.422, 4.419, 3.98, 3.86, 3.572, 3.931, 4.613, 4.846], [3.91, 4.58, 4.54, 4.52, 4.06, 3.63, 3.31, 3.44, 3.08, 1.77, 1.32, 1.64, 2.06, 1.95, 2.06, 2.23, 1.77, 1.69, 1.55, 2.06, 3.71, 4.05, 3.0, 2.9, 2.92, 2.85, 2.94, 2.29, 2.54, 2.9, 3.24, 3.96, 3.91, 3.52, 2.83, 2.62, 2.86, 3.588, 4.352, 3.11, 1.31, 1.22, 1.2, 1.76, 1.68, 0.92, 0, 0.98, 1.35, 2.19, 2.92, 3.48, 3.28, 2.86, 2.48, 3.45, 5.22, 5.273, 4.84, 3.65, 3.25, 3.7, 3.97, 4.07, 3.81, 3.67, 3.91, 3.93, 3.92, 3.7, 3.87, 3.98, 4.19, 5.681, 6.506, 5.902, 4.889, 4.532, 4.944, 3.944, 3.526, 3.429, 3.063, 3.431, 4.172, 4.386], [3.57, 4.2, 4.12, 4.0, 3.54, 3.11, 3.17, 3.14, 2.8, 1.73, 1.68, 2.04, 2.6, 2.55, 2.64, 2.71, 2.21, 2.11, 2.09, 2.0, 3.39, 3.75, 2.76, 3.12, 3.06, 2.81, 2.86, 2.27, 2.66, 2.96, 2.92, 3.66, 3.59, 3.16, 2.83, 2.48, 2.64, 3.23, 3.998, 2.81, 1.43, 1.32, 1.5, 2.3, 2.22, 1.58, 0.98, 0, 0.79, 1.75, 2.62, 3.24, 3.36, 3.04, 2.5, 2.97, 4.74, 4.817, 4.4, 3.19, 2.65, 3.24, 3.57, 3.63, 3.45, 3.21, 3.43, 3.45, 3.4, 3.1, 3.25, 3.36, 3.77, 5.188, 5.924, 5.42, 4.433, 4.096, 4.463, 3.463, 3.075, 2.98, 2.62, 2.951, 3.695, 3.807], [3.54, 4.21, 4.03, 3.95, 3.57, 3.24, 3.38, 3.31, 2.97, 1.84, 2.03, 2.45, 2.99, 2.88, 3.01, 3.2, 2.64, 2.52, 2.58, 1.95, 2.92, 3.44, 2.41, 2.77, 2.77, 2.58, 2.63, 2.06, 2.41, 2.67, 2.65, 3.23, 3.18, 2.89, 2.56, 2.25, 2.33, 2.76, 3.508, 2.3, 1.28, 1.29, 1.77, 2.51, 2.53, 1.99, 1.35, 0.79, 0, 1.36, 2.21, 2.85, 3.05, 2.77, 2.23, 2.62, 4.33, 4.443, 3.91, 2.78, 2.4, 2.83, 3.08, 3.18, 2.98, 2.86, 3.06, 3.02, 3.01, 2.69, 2.92, 2.99, 3.36, 4.763, 5.494, 4.99, 3.983, 3.648, 3.973, 3.08, 2.83, 2.91, 2.55, 2.74, 3.41, 3.362], [3.62, 4.37, 4.15, 4.05, 3.75, 3.84, 4.02, 3.85, 3.41, 2.44, 2.89, 3.33, 3.89, 3.72, 3.91, 4.12, 3.54, 3.32, 3.52, 2.43, 2.06, 2.62, 2.03, 2.33, 2.39, 1.92, 2.07, 1.72, 2.39, 2.57, 1.99, 2.43, 2.38, 2.19, 1.86, 1.65, 1.47, 1.78, 2.531, 1.64, 1.74, 1.83, 2.45, 3.45, 3.21, 2.75, 2.19, 1.75, 1.36, 0, 1.51, 2.21, 2.51, 2.51, 1.93, 1.92, 3.53, 3.61, 3.15, 2.22, 1.92, 2.29, 2.44, 2.56, 2.2, 2.14, 2.4, 2.56, 2.51, 2.21, 2.48, 2.49, 2.78, 3.897, 4.602, 4.075, 3.21, 2.89, 3.18, 2.54, 2.59, 2.85, 2.67, 2.46, 2.83, 2.73], [4.25, 5.0, 4.8, 4.66, 4.54, 4.77, 4.83, 4.72, 4.3, 3.19, 3.6, 4.0, 4.56, 4.39, 4.613, 4.826, 4.246, 4.25, 4.286, 3.139, 2.41, 2.29, 2.14, 1.6, 2.14, 1.81, 2.18, 2.19, 2.42, 2.54, 2.0, 2.24, 2.13, 1.66, 1.33, 1.44, 1.6, 1.59, 2.12, 1.63, 1.95, 2.26, 2.64, 3.5, 3.5, 3.32, 2.92, 2.62, 2.21, 1.51, 0, 1.14, 1.44, 1.76, 1.6, 1.31, 2.82, 3.18, 2.74, 2.23, 2.39, 2.4, 2.69, 2.89, 2.85, 2.69, 2.67, 2.91, 2.74, 2.46, 2.77, 2.78, 2.75, 3.4, 4.08, 3.73, 3.16, 2.92, 2.89, 2.61, 3.06, 3.4, 3.22, 2.87, 2.88, 2.74], [4.61, 5.38, 5.22, 5.08, 4.94, 5.05, 5.17, 5.02, 4.52, 3.67, 4.14, 4.52, 5.019, 4.886, 5.09, 5.326, 4.786, 4.83, 4.806, 3.736, 2.47, 2.27, 2.44, 1.7, 2.06, 2.17, 2.72, 2.75, 2.8, 2.7, 2.2, 2.28, 2.33, 1.9, 1.61, 1.84, 1.96, 2.05, 2.48, 2.05, 2.39, 2.84, 3.3, 4.08, 3.98, 3.817, 3.48, 3.24, 2.85, 2.21, 1.14, 0, 1.04, 1.66, 1.7, 1.51, 2.8, 3.12, 3.16, 2.97, 3.25, 3.2, 3.45, 3.69, 3.71, 3.57, 3.51, 3.75, 3.5, 3.22, 3.47, 3.56, 3.51, 3.66, 4.12, 3.91, 3.48, 3.3, 3.13, 3.05, 3.4, 3.9, 3.66, 3.33, 3.24, 2.86], [4.99, 5.76, 5.6, 5.48, 5.3, 5.31, 5.39, 5.22, 4.76, 3.77, 3.9, 4.16, 4.66, 4.48, 4.693, 5.07, 4.55, 4.61, 4.57, 3.7, 2.63, 2.39, 2.32, 1.5, 1.76, 2.19, 2.78, 2.69, 2.5, 2.5, 2.18, 2.38, 2.43, 2.04, 1.75, 2.0, 2.06, 2.25, 2.76, 2.33, 2.31, 2.5, 2.96, 3.76, 3.7, 3.46, 3.28, 3.36, 3.05, 2.51, 1.44, 1.04, 0, 1.02, 1.36, 1.61, 2.94, 3.36, 3.6, 3.37, 3.57, 3.64, 3.89, 4.09, 4.13, 3.91, 3.93, 4.23, 4.0, 3.72, 3.91, 3.98, 3.79, 3.98, 4.6, 4.19, 3.72, 3.58, 3.45, 3.25, 3.56, 4.0, 3.82, 3.49, 3.34, 3.06], [4.65, 5.46, 5.36, 5.32, 5.2, 5.11, 5.15, 4.98, 4.52, 3.45, 3.48, 3.64, 4.08, 3.83, 4.04, 4.49, 4.05, 4.09, 4.05, 3.26, 3.03, 3.01, 2.14, 1.58, 1.64, 2.29, 2.86, 2.53, 2.06, 2.1, 2.32, 2.86, 2.81, 2.22, 1.67, 1.9, 1.96, 2.27, 2.94, 2.39, 1.95, 1.98, 2.38, 3.06, 3.0, 2.84, 2.86, 3.04, 2.77, 2.51, 1.76, 1.66, 1.02, 0, 1.0, 1.77, 3.68, 4.06, 4.12, 3.61, 3.63, 3.94, 4.21, 4.35, 4.27, 4.13, 4.23, 4.49, 4.28, 3.94, 4.21, 4.16, 4.13, 4.48, 5.06, 4.41, 3.7, 3.7, 3.49, 3.19, 3.38, 3.74, 3.54, 3.35, 3.36, 3.12], [4.57, 5.36, 5.14, 5.12, 5.0, 4.93, 4.97, 4.88, 4.36, 3.25, 3.02, 3.32, 3.813, 3.63, 3.825, 4.15, 3.63, 3.71, 3.67, 2.68, 2.71, 2.67, 1.8, 1.58, 1.56, 1.87, 2.28, 2.01, 1.68, 1.88, 1.96, 2.54, 2.49, 2.04, 1.23, 1.5, 1.56, 2.03, 2.78, 2.27, 1.67, 1.66, 2.22, 3.16, 3.04, 2.6, 2.48, 2.5, 2.23, 1.93, 1.6, 1.7, 1.36, 1.0, 0, 1.55, 3.66, 3.88, 3.98, 3.39, 3.21, 3.6, 3.71, 3.87, 3.71, 3.55, 3.75, 4.05, 3.94, 3.6, 3.93, 3.92, 4.05, 4.54, 5.1, 4.47, 3.66, 3.5, 3.45, 2.95, 3.16, 3.6, 3.36, 3.15, 3.12, 2.78], [4.58, 5.31, 5.07, 5.01, 4.79, 4.92, 5.1, 5.07, 4.45, 3.56, 3.97, 4.43, 4.975, 4.82, 5.035, 5.265, 4.665, 4.66, 4.723, 3.593, 2.26, 1.96, 1.83, 1.97, 2.11, 2.2, 2.67, 2.7, 2.75, 2.67, 1.71, 1.83, 1.68, 1.39, 1.5, 1.69, 1.65, 1.52, 2.23, 2.0, 2.64, 2.81, 3.17, 4.21, 4.09, 3.859, 3.45, 2.97, 2.62, 1.92, 1.31, 1.51, 1.61, 1.77, 1.55, 0, 2.51, 2.89, 3.23, 2.74, 2.72, 3.05, 3.22, 3.34, 3.3, 3.18, 3.3, 3.56, 3.37, 3.07, 3.38, 3.31, 3.4, 3.73, 4.17, 3.6, 3.19, 3.07, 2.86, 2.78, 3.27, 3.67, 3.49, 3.02, 2.69, 2.29], [4.93, 5.64, 5.48, 5.42, 5.4, 5.57, 5.87, 5.94, 5.3, 4.33, 5.549, 6.046, 6.586, 6.436, 6.626, 6.896, 6.279, 6.087, 6.367, 5.257, 2.89, 2.53, 3.44, 3.4, 3.72, 3.77, 4.1, 4.282, 4.46, 4.32, 3.1, 2.5, 2.51, 2.44, 3.19, 3.52, 3.26, 2.39, 2.1, 3.13, 4.41, 4.68, 5.09, 6.139, 6.16, 5.76, 5.22, 4.74, 4.33, 3.53, 2.82, 2.8, 2.94, 3.68, 3.66, 2.51, 0, 1.14, 1.58, 2.05, 2.73, 2.34, 2.39, 2.47, 2.53, 2.55, 2.27, 2.41, 2.3, 2.06, 2.31, 2.44, 2.67, 2.32, 3.12, 3.09, 3.1, 2.98, 2.81, 3.25, 3.64, 4.02, 3.98, 3.25, 2.9, 2.5], [5.01, 5.72, 5.6, 5.56, 5.68, 5.77, 6.05, 6.16, 5.48, 4.59, 5.68, 6.177, 6.717, 6.567, 6.757, 7.007, 6.407, 6.17, 6.413, 5.303, 2.89, 2.75, 3.54, 3.52, 3.86, 3.89, 4.28, 4.37, 4.52, 4.4, 3.22, 2.68, 2.71, 2.58, 3.41, 3.68, 3.46, 2.57, 2.26, 3.31, 4.49, 4.84, 5.32, 6.36, 6.46, 5.858, 5.273, 4.817, 4.443, 3.61, 3.18, 3.12, 3.36, 4.06, 3.88, 2.89, 1.14, 0, 1.44, 2.19, 2.77, 2.26, 2.19, 2.03, 2.35, 2.43, 2.13, 2.41, 2.36, 2.3, 2.25, 2.42, 2.67, 2.06, 2.9, 3.07, 3.24, 3.16, 3.01, 3.45, 3.74, 4.18, 4.18, 3.39, 3.08, 2.66], [4.11, 4.86, 4.68, 4.68, 4.8, 4.75, 5.01, 5.26, 4.66, 3.71, 5.08, 5.5, 6.06, 5.89, 6.1, 6.31, 5.71, 5.49, 5.722, 4.612, 2.59, 2.97, 3.36, 3.28, 3.64, 3.45, 3.68, 3.71, 3.96, 3.92, 3.1, 2.84, 2.85, 2.72, 3.33, 3.62, 3.46, 2.61, 2.1, 2.73, 4.11, 4.52, 4.94, 5.88, 5.96, 5.38, 4.84, 4.4, 3.91, 3.15, 2.74, 3.16, 3.6, 4.12, 3.98, 3.23, 1.58, 1.44, 0, 1.45, 2.17, 1.58, 1.63, 1.49, 1.67, 1.75, 1.37, 1.47, 1.48, 1.58, 1.65, 1.54, 1.73, 1.64, 2.56, 2.63, 2.72, 2.52, 2.47, 2.79, 3.02, 3.4, 3.36, 2.71, 2.6, 2.22], [4.1, 4.79, 4.55, 4.45, 4.29, 4.38, 4.54, 4.71, 4.23, 3.2, 4.33, 4.73, 5.31, 5.14, 5.29, 5.42, 4.9, 4.68, 4.8, 3.77, 2.54, 3.08, 3.01, 2.99, 3.31, 2.92, 3.11, 2.96, 3.43, 3.57, 2.81, 2.65, 2.64, 2.39, 2.8, 3.01, 2.89, 2.2, 1.93, 2.2, 3.26, 3.55, 3.99, 4.85, 4.85, 4.21, 3.65, 3.19, 2.78, 2.22, 2.23, 2.97, 3.37, 3.61, 3.39, 2.74, 2.05, 2.19, 1.45, 0, 1.08, 1.11, 1.22, 1.18, 1.2, 1.34, 1.22, 1.32, 1.23, 1.21, 1.36, 1.41, 1.78, 2.37, 3.27, 3.12, 2.85, 2.53, 2.66, 2.86, 3.01, 3.33, 3.23, 2.8, 2.87, 2.51], [4.24, 4.89, 4.67, 4.49, 4.35, 4.46, 4.48, 4.65, 4.21, 2.92, 3.69, 4.05, 4.63, 4.54, 4.61, 4.7, 4.24, 4.08, 4.16, 3.25, 2.46, 3.08, 2.85, 2.99, 3.21, 2.76, 2.71, 2.56, 3.21, 3.39, 2.77, 2.63, 2.62, 2.53, 2.68, 2.83, 2.73, 2.22, 2.37, 2.2, 2.86, 3.21, 3.67, 4.61, 4.57, 3.73, 3.25, 2.65, 2.4, 1.92, 2.39, 3.25, 3.57, 3.63, 3.21, 2.72, 2.73, 2.77, 2.17, 1.08, 0, 0.99, 1.3, 1.36, 1.24, 1.28, 1.3, 1.5, 1.33, 1.53, 1.56, 1.71, 2.06, 3.11, 3.89, 3.52, 3.11, 2.89, 3.06, 3.12, 3.25, 3.55, 3.47, 3.02, 3.11, 2.77], [4.17, 4.86, 4.7, 4.58, 4.54, 4.63, 4.75, 4.96, 4.28, 2.87, 3.84, 4.28, 4.84, 4.69, 4.84, 5.07, 4.55, 4.35, 4.49, 3.5, 2.41, 2.91, 3.0, 2.96, 3.32, 2.87, 2.8, 2.71, 3.38, 3.58, 2.9, 2.64, 2.55, 2.56, 2.97, 3.08, 2.92, 2.47, 2.14, 2.27, 3.05, 3.56, 3.98, 4.92, 5.04, 4.3, 3.7, 3.24, 2.83, 2.29, 2.4, 3.2, 3.64, 3.94, 3.6, 3.05, 2.34, 2.26, 1.58, 1.11, 0.99, 0, 0.69, 0.85, 0.91, 0.97, 0.91, 1.03, 0.92, 1.28, 1.29, 1.48, 1.71, 2.64, 3.4, 3.39, 3.12, 2.86, 3.03, 3.15, 3.2, 3.46, 3.42, 2.97, 3.08, 2.8], [4.42, 5.13, 4.97, 4.87, 4.83, 4.9, 5.02, 5.23, 4.55, 3.18, 3.87, 4.29, 4.83, 4.72, 4.91, 5.12, 4.62, 4.38, 4.48, 3.45, 2.18, 2.7, 2.91, 2.99, 3.21, 2.8, 2.69, 2.78, 3.27, 3.47, 2.77, 2.49, 2.46, 2.65, 3.06, 3.17, 3.05, 2.5, 2.21, 2.48, 3.44, 3.81, 4.31, 5.29, 5.39, 4.61, 3.97, 3.57, 3.08, 2.44, 2.69, 3.45, 3.89, 4.21, 3.71, 3.22, 2.39, 2.19, 1.63, 1.22, 1.3, 0.69, 0, 0.58, 0.64, 0.96, 0.88, 1.06, 1.15, 1.51, 1.58, 1.69, 1.94, 2.71, 3.47, 3.48, 3.21, 2.91, 3.1, 3.18, 3.33, 3.61, 3.57, 3.06, 3.15, 2.85], [4.28, 4.97, 4.81, 4.77, 4.83, 4.84, 5.04, 5.29, 4.65, 3.32, 4.01, 4.43, 4.97, 4.88, 5.01, 5.22, 4.7, 4.48, 4.62, 3.55, 2.3, 2.94, 2.97, 3.11, 3.31, 2.9, 2.77, 2.84, 3.37, 3.57, 2.87, 2.61, 2.56, 2.77, 3.22, 3.33, 3.23, 2.7, 2.37, 2.6, 3.66, 3.95, 4.51, 5.41, 5.55, 4.73, 4.07, 3.63, 3.18, 2.56, 2.89, 3.69, 4.09, 4.35, 3.87, 3.34, 2.47, 2.03, 1.49, 1.18, 1.36, 0.85, 0.58, 0, 0.54, 0.8, 0.8, 1.12, 1.21, 1.59, 1.46, 1.53, 1.84, 2.53, 3.29, 3.3, 3.05, 2.85, 3.0, 3.12, 3.21, 3.53, 3.55, 3.0, 3.05, 2.79], [4.22, 4.93, 4.77, 4.73, 4.73, 4.78, 4.94, 5.17, 4.51, 3.2, 3.77, 4.19, 4.77, 4.6, 4.75, 4.98, 4.42, 4.2, 4.38, 3.29, 2.24, 2.88, 2.81, 3.09, 3.21, 2.68, 2.55, 2.6, 3.17, 3.35, 2.71, 2.47, 2.42, 2.69, 3.02, 3.09, 2.95, 2.6, 2.35, 2.52, 3.5, 3.73, 4.27, 5.29, 5.33, 4.51, 3.81, 3.45, 2.98, 2.2, 2.85, 3.71, 4.13, 4.27, 3.71, 3.3, 2.53, 2.35, 1.67, 1.2, 1.24, 0.91, 0.64, 0.54, 0, 0.66, 0.72, 1.04, 1.23, 1.49, 1.44, 1.59, 1.92, 2.77, 3.55, 3.38, 3.13, 2.81, 3.08, 3.08, 3.23, 3.51, 3.49, 2.96, 3.03, 2.77], [4.16, 4.87, 4.65, 4.65, 4.69, 4.72, 4.9, 5.11, 4.49, 3.18, 3.61, 4.05, 4.63, 4.52, 4.61, 4.8, 4.24, 4.02, 4.2, 3.11, 2.26, 2.74, 2.77, 2.99, 3.11, 2.6, 2.45, 2.42, 3.11, 3.29, 2.67, 2.41, 2.34, 2.55, 2.86, 2.87, 2.77, 2.6, 2.51, 2.44, 3.26, 3.53, 4.07, 5.15, 5.13, 4.31, 3.67, 3.21, 2.86, 2.14, 2.69, 3.57, 3.91, 4.13, 3.55, 3.18, 2.55, 2.43, 1.75, 1.34, 1.28, 0.97, 0.96, 0.8, 0.66, 0, 0.6, 1.08, 1.33, 1.45, 1.44, 1.59, 1.82, 2.91, 3.707, 3.38, 3.15, 2.77, 3.06, 3.04, 3.17, 3.47, 3.45, 2.88, 2.97, 2.79], [4.04, 4.73, 4.53, 4.53, 4.59, 4.6, 4.8, 5.03, 4.47, 3.22, 4.01, 4.43, 5.01, 4.82, 4.97, 5.18, 4.64, 4.44, 4.56, 3.49, 2.5, 2.88, 3.07, 3.13, 3.41, 2.9, 2.71, 2.68, 3.41, 3.59, 2.97, 2.69, 2.6, 2.71, 3.1, 3.15, 3.01, 2.56, 2.31, 2.48, 3.48, 3.79, 4.33, 5.35, 5.33, 4.55, 3.91, 3.43, 3.06, 2.4, 2.67, 3.51, 3.93, 4.23, 3.75, 3.3, 2.27, 2.13, 1.37, 1.22, 1.3, 0.91, 0.88, 0.8, 0.72, 0.6, 0, 0.94, 1.09, 1.29, 1.2, 1.37, 1.6, 2.55, 3.33, 3.18, 2.97, 2.63, 2.84, 2.9, 3.01, 3.35, 3.35, 2.76, 2.83, 2.65], [3.84, 4.51, 4.31, 4.23, 4.23, 4.28, 4.44, 4.67, 4.15, 3.1, 4.05, 4.43, 5.01, 4.88, 4.99, 5.18, 4.62, 4.42, 4.58, 3.63, 2.82, 3.22, 3.45, 3.51, 3.79, 3.38, 3.15, 3.1, 3.81, 4.03, 3.41, 3.15, 3.04, 3.07, 3.4, 3.35, 3.27, 2.76, 2.41, 2.64, 3.42, 3.79, 4.23, 5.07, 5.19, 4.49, 3.93, 3.45, 3.02, 2.56, 2.91, 3.75, 4.23, 4.49, 4.05, 3.56, 2.41, 2.41, 1.47, 1.32, 1.5, 1.03, 1.06, 1.12, 1.04, 1.08, 0.94, 0, 0.71, 1.15, 1.2, 1.31, 1.6, 2.49, 3.45, 3.36, 3.01, 2.71, 3.0, 2.98, 3.05, 3.25, 3.15, 2.76, 2.95, 2.73], [3.75, 4.44, 4.24, 4.08, 3.94, 4.03, 4.17, 4.42, 3.82, 2.75, 3.98, 4.36, 4.94, 4.85, 4.94, 5.15, 4.59, 4.47, 4.59, 3.7, 2.81, 3.29, 3.52, 3.5, 3.86, 3.35, 3.04, 2.97, 3.9, 4.08, 3.42, 3.14, 3.07, 3.06, 3.31, 3.28, 3.18, 2.57, 2.1, 2.37, 3.27, 3.72, 4.14, 4.9, 5.08, 4.46, 3.92, 3.4, 3.01, 2.51, 2.74, 3.5, 4.0, 4.28, 3.94, 3.37, 2.3, 2.36, 1.48, 1.23, 1.33, 0.92, 1.15, 1.21, 1.23, 1.33, 1.09, 0.71, 0, 0.94, 1.11, 1.2, 1.57, 2.46, 3.34, 3.33, 2.9, 2.54, 2.85, 2.81, 2.92, 3.14, 3.0, 2.59, 2.76, 2.54], [3.31, 3.96, 3.78, 3.66, 3.62, 3.71, 4.05, 4.12, 3.52, 2.95, 4.18, 4.6, 5.16, 5.05, 5.18, 5.402, 4.81, 4.63, 4.824, 3.88, 3.17, 3.57, 3.66, 3.56, 3.94, 3.43, 3.34, 3.23, 4.0, 4.18, 3.48, 3.28, 3.21, 3.02, 3.21, 3.18, 3.08, 2.41, 2.1, 2.47, 2.97, 3.32, 3.74, 4.6, 4.66, 4.2, 3.7, 3.1, 2.69, 2.21, 2.46, 3.22, 3.72, 3.94, 3.6, 3.07, 2.06, 2.3, 1.58, 1.21, 1.53, 1.28, 1.51, 1.59, 1.49, 1.45, 1.29, 1.15, 0.94, 0, 0.83, 0.86, 1.37, 2.3, 3.08, 2.99, 2.54, 2.16, 2.45, 2.39, 2.5, 2.74, 2.6, 2.27, 2.42, 2.18], [3.36, 3.99, 3.79, 3.77, 3.87, 3.86, 4.18, 4.31, 3.77, 3.1, 4.41, 4.85, 5.43, 5.22, 5.41, 5.6, 5.06, 4.82, 5.0, 4.11, 3.46, 3.88, 3.95, 3.83, 4.21, 3.72, 3.61, 3.44, 4.27, 4.45, 3.75, 3.57, 3.5, 3.29, 3.46, 3.49, 3.37, 2.78, 2.25, 2.52, 3.24, 3.65, 4.05, 4.89, 4.83, 4.41, 3.87, 3.25, 2.92, 2.48, 2.77, 3.47, 3.91, 4.21, 3.93, 3.38, 2.31, 2.25, 1.65, 1.36, 1.56, 1.29, 1.58, 1.46, 1.44, 1.44, 1.2, 1.2, 1.11, 0.83, 0, 0.81, 1.26, 2.21, 2.93, 2.92, 2.67, 2.39, 2.62, 2.66, 2.69, 2.93, 2.85, 2.52, 2.65, 2.43], [2.97, 3.64, 3.44, 3.44, 3.62, 3.57, 3.91, 4.02, 3.64, 3.13, 4.52, 4.94, 5.52, 5.33, 5.5, 5.71, 5.15, 4.93, 5.13, 4.2, 3.29, 3.97, 3.92, 3.86, 4.18, 3.69, 3.6, 3.49, 4.28, 4.46, 3.72, 3.56, 3.51, 3.26, 3.53, 3.54, 3.38, 2.57, 2.12, 2.57, 3.37, 3.7, 4.1, 4.88, 4.92, 4.54, 3.98, 3.36, 2.99, 2.49, 2.78, 3.56, 3.98, 4.16, 3.92, 3.31, 2.44, 2.42, 1.54, 1.41, 1.71, 1.48, 1.69, 1.53, 1.59, 1.59, 1.37, 1.31, 1.2, 0.86, 0.81, 0, 1.01, 2.02, 2.72, 2.51, 2.2, 1.98, 2.21, 2.19, 2.2, 2.54, 2.52, 2.09, 2.2, 2.0], [2.72, 3.41, 3.19, 3.19, 3.31, 3.38, 3.54, 3.71, 3.25, 3.4, 4.85, 5.25, 5.83, 5.66, 5.83, 6.02, 5.46, 5.22, 5.417, 4.47, 3.38, 3.96, 3.99, 3.79, 4.25, 3.78, 3.73, 3.66, 4.35, 4.53, 3.77, 3.61, 3.56, 3.39, 3.56, 3.67, 3.49, 2.66, 2.03, 2.38, 3.62, 3.93, 4.37, 5.15, 5.21, 4.75, 4.19, 3.77, 3.36, 2.78, 2.75, 3.51, 3.79, 4.13, 4.05, 3.4, 2.67, 2.67, 1.73, 1.78, 2.06, 1.71, 1.94, 1.84, 1.92, 1.82, 1.6, 1.6, 1.57, 1.37, 1.26, 1.01, 0, 1.71, 2.43, 2.14, 1.89, 1.61, 1.82, 2.04, 2.09, 2.21, 2.19, 1.9, 2.01, 1.87], [3.31, 3.94, 3.82, 3.92, 4.14, 4.13, 4.39, 4.56, 4.22, 4.71, 6.168, 6.665, 7.205, 7.055, 7.245, 7.512, 6.915, 6.698, 6.938, 5.828, 3.77, 4.05, 4.4, 4.16, 4.54, 4.31, 4.76, 4.833, 5.02, 4.98, 4.0, 3.8, 3.79, 3.56, 4.03, 4.24, 4.04, 3.07, 2.3, 3.15, 4.825, 5.16, 5.61, 6.49, 6.627, 6.167, 5.681, 5.188, 4.763, 3.897, 3.4, 3.66, 3.98, 4.48, 4.54, 3.73, 2.32, 2.06, 1.64, 2.37, 3.11, 2.64, 2.71, 2.53, 2.77, 2.91, 2.55, 2.49, 2.46, 2.3, 2.21, 2.02, 1.71, 0, 1.2, 1.39, 1.8, 1.74, 1.55, 2.39, 2.62, 2.76, 3.08, 2.53, 2.24, 2.24], [3.37, 3.5, 3.48, 3.7, 3.96, 3.93, 4.37, 4.62, 4.42, 5.507, 6.957, 7.494, 8.034, 7.864, 8.054, 8.324, 7.744, 7.527, 7.756, 6.631, 4.51, 4.83, 5.14, 4.9, 5.3, 5.15, 5.58, 5.636, 5.86, 5.78, 4.76, 4.56, 4.53, 4.26, 4.79, 4.98, 4.8, 3.75, 3.04, 3.91, 5.625, 5.935, 6.355, 7.215, 7.272, 6.964, 6.506, 5.924, 5.494, 4.602, 4.08, 4.12, 4.6, 5.06, 5.1, 4.17, 3.12, 2.9, 2.56, 3.27, 3.89, 3.4, 3.47, 3.29, 3.55, 3.707, 3.33, 3.45, 3.34, 3.08, 2.93, 2.72, 2.43, 1.2, 0, 1.03, 1.88, 2.16, 1.91, 2.85, 3.08, 3.32, 3.64, 3.17, 2.68, 2.56], [2.98, 3.27, 3.11, 3.45, 3.73, 3.76, 4.0, 4.39, 4.13, 4.914, 6.404, 6.912, 7.435, 7.302, 7.509, 7.762, 7.162, 6.957, 7.197, 6.072, 4.04, 4.64, 4.59, 4.49, 4.73, 4.66, 5.11, 5.134, 5.281, 5.21, 4.23, 4.15, 4.1, 3.85, 4.1, 4.29, 4.07, 3.1, 2.65, 3.32, 5.015, 5.345, 5.745, 6.577, 6.665, 6.354, 5.902, 5.42, 4.99, 4.075, 3.73, 3.91, 4.19, 4.41, 4.47, 3.6, 3.09, 3.07, 2.63, 3.12, 3.52, 3.39, 3.48, 3.3, 3.38, 3.38, 3.18, 3.36, 3.33, 2.99, 2.92, 2.51, 2.14, 1.39, 1.03, 0, 1.19, 1.57, 1.44, 2.22, 2.49, 2.71, 3.05, 2.58, 2.07, 2.07], [2.21, 2.68, 2.52, 2.74, 3.1, 3.13, 3.37, 3.62, 3.4, 3.995, 5.465, 5.982, 6.51, 6.357, 6.562, 6.817, 6.232, 6.0, 6.22, 5.205, 3.75, 4.31, 3.98, 4.08, 4.3, 4.15, 4.5, 4.37, 4.52, 4.64, 3.8, 3.82, 3.83, 3.56, 3.53, 3.44, 3.28, 2.57, 2.24, 2.49, 3.928, 4.238, 4.598, 5.438, 5.538, 5.375, 4.889, 4.433, 3.983, 3.21, 3.16, 3.48, 3.72, 3.7, 3.66, 3.19, 3.1, 3.24, 2.72, 2.85, 3.11, 3.12, 3.21, 3.05, 3.13, 3.15, 2.97, 3.01, 2.9, 2.54, 2.67, 2.2, 1.89, 1.8, 1.88, 1.19, 0, 0.94, 0.83, 1.33, 1.52, 1.68, 2.0, 1.67, 1.38, 1.48], [2.23, 2.82, 2.62, 2.7, 2.92, 2.95, 3.17, 3.36, 3.16, 3.652, 5.122, 5.619, 6.167, 6.009, 6.219, 6.455, 5.875, 5.657, 5.889, 4.822, 3.59, 4.09, 3.84, 3.8, 4.1, 3.75, 4.14, 4.07, 4.38, 4.52, 3.66, 3.6, 3.57, 3.3, 3.17, 3.06, 3.0, 2.29, 1.88, 2.05, 3.585, 3.935, 4.355, 5.195, 5.298, 4.996, 4.532, 4.096, 3.648, 2.89, 2.92, 3.3, 3.58, 3.7, 3.5, 3.07, 2.98, 3.16, 2.52, 2.53, 2.89, 