[[0, 0.89, 1.38, 1.42, 1.37, 1.92, 2.01, 1.9, 2.26, 3.16, 3.13, 3.24, 2.38, 2.13, 1.84, 1.75, 2.32, 2.0, 2.38, 2.73, 2.68, 2.53, 2.52, 3.33, 2.78, 2.25, 2.57, 3.2, 3.43, 2.83, 2.78, 3.33, 3.83, 4.65, 4.91, 4.36, 4.13, 4.32, 5.67, 5.3, 5.67, 7.02, 7.96, 8.23, 7.72, 7.42, 7.39, 7.51, 7.14, 6.35, 5.87, 5.6, 5.57, 6.103, 6.524, 6.574, 6.609, 6.502, 6.536, 6.978, 7.795, 8.39, 8.705, 8.83, 9.907, 10.269, 10.634, 10.676, 10.199, 10.203, 9.754, 9.911, 10.374, 10.423, 9.982, 9.129, 9.655, 9.635, 9.08, 9.4, 9.8, 9.69, 9.66, 9.73, 9.89, 11.158], [0.89, 0, 0.87, 1.01, 1.04, 1.53, 1.76, 1.85, 2.07, 2.93, 3.02, 3.07, 2.27, 2.0, 1.77, 1.56, 2.27, 2.07, 2.33, 2.52, 2.57, 2.64, 2.77, 3.6, 3.03, 2.62, 3.04, 3.59, 3.8, 3.1, 2.95, 3.6, 4.14, 4.9, 5.26, 4.63, 4.32, 4.83, 6.12, 5.802, 6.12, 7.45, 8.37, 8.64, 8.11, 7.85, 7.88, 8.0, 7.63, 6.9, 6.34, 6.05, 6.02, 6.59, 6.992, 7.022, 7.082, 6.994, 7.003, 7.384, 8.005, 8.72, 9.135, 9.314, 10.317, 10.753, 11.103, 11.156, 10.682, 10.69, 10.167, 10.375, 10.792, 10.787, 10.354, 9.37, 9.87, 9.93, 9.41, 9.71, 10.17, 9.94, 9.99, 10.08, 10.26, 11.533], [1.38, 0.87, 0, 0.68, 0.95, 1.06, 1.37, 1.64, 1.84, 2.48, 2.55, 2.62, 1.84, 1.71, 1.46, 1.59, 2.3, 2.48, 2.46, 2.63, 2.88, 3.11, 3.36, 4.23, 3.54, 3.31, 3.69, 4.22, 4.49, 3.61, 3.38, 4.03, 4.65, 5.49, 5.87, 5.24, 4.61, 5.38, 6.79, 6.469, 6.65, 8.14, 9.06, 9.31, 8.78, 8.5, 8.53, 8.65, 8.32, 7.45, 6.97, 6.72, 6.67, 7.252, 7.679, 7.709, 7.769, 7.682, 7.65, 8.034, 8.603, 9.299, 9.75, 9.99, 10.975, 11.4, 11.77, 11.829, 11.332, 11.352, 10.822, 11.039, 11.465, 11.443, 10.998, 9.992, 10.455, 10.549, 10.0, 10.12, 10.44, 10.19, 10.42, 10.55, 10.91, 12.189], [1.42, 1.01, 0.68, 0, 0.81, 1.02, 1.25, 1.52, 1.78, 2.38, 2.43, 2.44, 1.72, 1.57, 1.4, 1.49, 2.16, 2.12, 2.2, 2.37, 2.62, 2.75, 2.94, 3.87, 3.1, 3.03, 3.59, 4.18, 4.43, 3.61, 3.38, 4.05, 4.67, 5.45, 5.83, 5.2, 4.69, 5.34, 6.73, 6.434, 6.65, 8.1, 9.06, 9.33, 8.78, 8.44, 8.47, 8.59, 8.28, 7.41, 6.93, 6.7, 6.73, 7.254, 7.684, 7.714, 7.754, 7.667, 7.71, 8.057, 8.623, 9.322, 9.779, 9.999, 10.961, 11.373, 11.716, 11.775, 11.312, 11.312, 10.791, 10.999, 11.422, 11.423, 10.944, 10.043, 10.56, 10.577, 10.02, 10.22, 10.46, 10.29, 10.56, 10.55, 10.91, 12.163], [1.37, 1.04, 0.95, 0.81, 0, 1.19, 1.26, 1.27, 1.71, 2.25, 2.22, 2.31, 1.61, 1.5, 1.45, 1.44, 1.93, 1.99, 1.99, 2.08, 2.27, 2.52, 2.69, 3.6, 2.87, 2.62, 3.12, 3.97, 4.32, 3.62, 3.05, 3.7, 4.3, 5.1, 5.44, 4.95, 4.54, 5.11, 6.38, 6.259, 6.52, 7.89, 8.89, 9.2, 8.55, 8.13, 8.14, 8.36, 8.01, 7.1, 6.64, 6.49, 6.62, 7.133, 7.52, 7.51, 7.51, 7.463, 7.606, 7.942, 8.682, 9.38, 9.632, 9.88, 10.555, 10.932, 11.273, 11.329, 10.923, 10.993, 10.422, 10.564, 11.007, 10.99, 10.632, 10.039, 10.559, 10.519, 9.99, 10.09, 10.59, 10.46, 10.63, 10.6, 10.82, 12.142], [1.92, 1.53, 1.06, 1.02, 1.19, 0, 1.09, 1.54, 1.8, 2.06, 2.17, 2.12, 1.68, 1.97, 1.54, 1.79, 2.42, 2.74, 2.64, 2.53, 2.98, 3.21, 3.44, 4.37, 3.62, 3.47, 3.95, 4.68, 4.91, 4.07, 3.62, 4.21, 5.05, 5.97, 6.33, 5.68, 4.89, 5.78, 7.15, 6.877, 7.084, 8.58, 9.52, 9.79, 9.22, 8.9, 8.93, 9.07, 8.68, 7.85, 7.41, 7.16, 7.23, 7.737, 8.147, 8.177, 8.172, 8.11, 8.19, 8.54, 9.057, 9.793, 10.256, 10.459, 11.404, 11.773, 12.097, 12.153, 11.679, 11.752, 11.2, 11.411, 11.834, 11.863, 11.407, 10.572, 11.092, 11.117, 10.514, 10.54, 10.74, 10.65, 10.974, 11.024, 11.37, 12.655], [2.01, 1.76, 1.37, 1.25, 1.26, 1.09, 0, 0.79, 1.25, 1.59, 1.58, 1.59, 1.07, 1.34, 1.25, 1.56, 2.17, 2.25, 2.15, 2.2, 2.53, 2.86, 3.09, 4.1, 3.31, 3.2, 3.82, 4.85, 5.12, 4.3, 3.79, 4.54, 5.24, 6.16, 6.44, 5.93, 5.08, 5.97, 7.3, 7.067, 7.3, 8.77, 9.75, 10.0, 9.47, 8.97, 9.02, 9.18, 8.83, 8.0, 7.54, 7.37, 7.44, 7.95, 8.357, 8.387, 8.364, 8.3, 8.403, 8.79, 9.356, 10.02, 10.477, 10.672, 11.455, 11.82, 12.032, 12.07, 11.604, 11.864, 11.227, 11.379, 11.842, 11.964, 11.483, 10.913, 11.43, 11.43, 10.81, 10.83, 11.23, 11.14, 11.27, 11.3, 11.58, 12.873], [1.9, 1.85, 1.64, 1.52, 1.27, 1.54, 0.79, 0, 0.98, 1.72, 1.63, 1.74, 1.14, 1.15, 1.08, 1.33, 1.92, 2.04, 1.98, 2.01, 2.32, 2.63, 2.86, 3.85, 3.06, 2.93, 3.55, 4.58, 4.89, 4.35, 3.74, 4.39, 4.97, 5.87, 6.17, 5.66, 4.99, 5.86, 7.05, 6.846, 7.23, 8.5, 9.5, 9.85, 9.2, 8.7, 8.73, 8.91, 8.56, 7.75, 7.27, 7.1, 7.23, 7.746, 8.09, 8.117, 8.094, 8.039, 8.199, 8.598, 9.375, 10.07, 10.325, 10.43, 11.182, 11.533, 11.724, 11.803, 11.357, 11.577, 10.998, 11.086, 11.554, 11.674, 11.262, 10.792, 11.315, 11.278, 10.7, 10.92, 11.44, 11.33, 11.36, 11.39, 11.47, 12.758], [2.26, 2.07, 1.84, 1.78, 1.71, 1.8, 1.25, 0.98, 0, 1.2, 1.35, 1.48, 1.1, 1.13, 1.14, 1.37, 1.92, 2.3, 2.14, 2.13, 2.54, 2.87, 3.16, 4.17, 3.36, 3.33, 4.19, 5.08, 5.43, 4.81, 4.28, 5.01, 5.57, 6.45, 6.73, 6.24, 5.57, 6.32, 7.59, 7.38, 7.77, 9.06, 10.06, 10.35, 9.76, 9.28, 9.29, 9.41, 9.1, 8.27, 7.79, 7.62, 7.73, 8.223, 8.63, 8.64, 8.66, 8.513, 8.676, 9.126, 9.818, 10.49, 10.828, 10.967, 11.785, 12.064, 12.302, 12.357, 11.874, 12.063, 11.515, 11.649, 12.149, 12.272, 11.799, 11.306, 11.806, 11.818, 11.24, 11.44, 11.94, 11.83, 11.8, 11.85, 11.91, 13.209], [3.16, 2.93, 2.48, 2.38, 2.25, 2.06, 1.59, 1.72, 1.2, 0, 0.77, 0.94, 1.54, 1.77, 1.8, 2.17, 2.58, 3.08, 2.9, 2.83, 3.28, 3.53, 3.88, 4.87, 4.14, 4.07, 5.01, 5.98, 6.35, 5.61, 4.92, 5.63, 6.41, 7.27, 7.59, 7.14, 6.31, 7.12, 8.43, 8.283, 8.55, 9.94, 10.96, 11.27, 10.64, 10.2, 10.15, 10.29, 9.96, 9.05, 8.67, 8.52, 8.65, 9.143, 9.513, 9.52, 9.52, 9.416, 9.596, 10.046, 10.709, 11.35, 11.693, 11.87, 12.61, 12.859, 13.09, 13.146, 12.717, 12.926, 12.406, 12.523, 13.017, 13.08, 12.639, 12.226, 12.726, 12.706, 12.12, 12.06, 12.48, 12.47, 12.6, 12.57, 12.81, 14.129], [3.13, 3.02, 2.55, 2.43, 2.22, 2.17, 1.58, 1.63, 1.35, 0.77, 0, 0.75, 1.41, 1.78, 1.91, 2.28, 2.73, 3.01, 2.69, 2.56, 3.07, 3.36, 3.77, 4.82, 3.87, 3.86, 4.66, 5.93, 6.34, 5.68, 4.85, 5.54, 6.3, 7.04, 7.4, 7.07, 6.32, 7.13, 8.36, 8.259, 8.54, 9.87, 10.95, 11.26, 10.53, 10.09, 10.06, 10.24, 9.89, 8.98, 8.6, 8.45, 8.62, 9.139, 9.426, 9.396, 9.416, 9.432, 9.592, 10.042, 10.762, 11.42, 11.652, 11.86, 12.48, 12.686, 12.852, 12.959, 12.559, 12.882, 12.282, 12.359, 12.836, 12.859, 12.612, 12.239, 12.759, 12.719, 12.13, 12.11, 12.59, 12.58, 12.67, 12.66, 12.86, 14.182], [3.24, 3.07, 2.62, 2.44, 2.31, 2.12, 1.59, 1.74, 1.48, 0.94, 0.75, 0, 1.24, 1.61, 1.8, 2.15, 2.56, 2.84, 2.5, 2.39, 2.76, 3.19, 3.54, 4.63, 3.78, 3.81, 4.79, 6.1, 6.43, 5.75, 4.92, 5.65, 6.43, 7.17, 7.53, 7.2, 6.43, 7.26, 8.47, 8.406, 8.67, 10.02, 11.04, 11.37, 10.66, 10.22, 10.23, 10.41, 10.06, 9.15, 8.77, 8.62, 8.79, 9.306, 9.596, 9.566, 9.566, 9.599, 9.759, 10.132, 10.849, 11.53, 11.796, 11.99, 12.63, 12.816, 12.982, 13.046, 12.689, 13.049, 12.409, 12.486, 12.966, 12.989, 12.702, 12.329, 12.849, 12.809, 12.22, 12.2, 12.6, 12.59, 12.78, 12.75, 12.99, 14.312], [2.38, 2.27, 1.84, 1.72, 1.61, 1.68, 1.07, 1.14, 1.1, 1.54, 1.41, 1.24, 0, 0.81, 0.82, 1.21, 1.54, 1.86, 1.52, 1.49, 1.88, 2.15, 2.62, 3.71, 2.92, 2.97, 4.05, 5.16, 5.57, 4.89, 4.1, 4.87, 5.57, 6.41, 6.71, 6.34, 5.57, 6.34, 7.63, 7.506, 7.79, 9.14, 10.18, 10.49, 9.82, 9.36, 9.35, 9.47, 9.14, 8.23, 7.85, 7.7, 7.85, 8.346, 8.693, 8.683, 8.686, 8.639, 8.799, 9.272, 9.989, 10.63, 10.896, 11.07, 11.79, 12.002, 12.184, 12.223, 11.766, 12.126, 11.529, 11.646, 12.126, 12.226, 11.902, 11.469, 11.989, 11.949, 11.36, 11.42, 11.9, 11.81, 11.88, 11.87, 12.07, 13.392], [2.13, 2.0, 1.71, 1.57, 1.5, 1.97, 1.34, 1.15, 1.13, 1.77, 1.78, 1.61, 0.81, 0, 0.69, 0.96, 1.51, 1.63, 1.33, 1.44, 1.79, 1.98, 2.39, 3.52, 2.81, 2.94, 4.04, 4.97, 5.36, 4.7, 4.17, 4.88, 5.42, 6.32, 6.6, 6.13, 5.6, 6.15, 7.48, 7.296, 7.62, 8.95, 9.97, 10.28, 9.65, 9.17, 9.18, 9.3, 8.97, 8.08, 7.66, 7.51, 7.64, 8.136, 8.52, 8.53, 8.53, 8.409, 8.589, 9.062, 9.782, 10.44, 10.692, 10.86, 11.657, 11.917, 12.132, 12.207, 11.724, 11.953, 11.387, 11.536, 12.019, 12.142, 11.712, 11.259, 11.779, 11.739, 11.15, 11.29, 11.75, 11.66, 11.71, 11.7, 11.86, 13.182], [1.84, 1.77, 1.46, 1.4, 1.45, 1.54, 1.25, 1.08, 1.14, 1.8, 1.91, 1.8, 0.82, 0.69, 0, 0.77, 1.42, 1.68, 1.54, 1.51, 1.94, 2.15, 2.5, 3.57, 2.9, 2.97, 4.05, 4.74, 5.13, 4.49, 4.08, 4.67, 5.31, 6.23, 6.57, 5.94, 5.19, 5.98, 7.35, 7.006, 7.29, 8.74, 9.68, 9.99, 9.44, 9.08, 9.05, 9.11, 8.72, 7.99, 7.55, 7.3, 7.33, 7.823, 8.227, 8.274, 8.312, 8.156, 8.276, 8.735, 9.532, 10.15, 10.445, 10.55, 11.573, 11.838, 12.147, 12.194, 11.705, 11.829, 11.363, 11.5, 12.0, 12.069, 11.642, 10.932, 11.452, 11.418, 10.82, 11.04, 11.52, 11.41, 11.44, 11.49, 11.57, 12.895], [1.75, 1.56, 1.59, 1.49, 1.44, 1.79, 1.56, 1.33, 1.37, 2.17, 2.28, 2.15, 1.21, 0.96, 0.77, 0, 1.13, 1.47, 1.25, 1.32, 1.61, 1.94, 2.15, 3.1, 2.57, 2.58, 3.68, 4.43, 4.78, 4.38, 3.95, 4.54, 5.1, 5.94, 6.28, 5.73, 5.3, 5.87, 7.12, 6.69, 7.24, 8.37, 9.39, 9.76, 9.11, 8.73, 8.7, 8.74, 8.35, 7.74, 7.3, 6.95, 6.96, 7.456, 7.82, 7.844, 7.876, 7.749, 7.924, 8.454, 9.37, 9.94, 10.22, 10.24, 11.197, 11.44, 11.739, 11.789, 11.324, 11.45, 11.051, 11.25, 11.687, 11.711, 11.352, 10.608, 11.19, 11.25, 10.71, 11.01, 11.47, 11.36, 11.31, 11.4, 11.38, 12.591], [2.32, 2.27, 2.3, 2.16, 1.93, 2.42, 2.17, 1.92, 1.92, 2.58, 2.73, 2.56, 1.54, 1.51, 1.42, 1.13, 0, 1.16, 0.96, 1.27, 1.22, 1.67, 1.68, 2.75, 2.24, 2.27, 3.43, 4.58, 4.81, 4.59, 4.22, 4.89, 5.25, 5.81, 6.15, 5.72, 5.69, 6.02, 7.03, 6.74, 7.59, 8.36, 9.44, 9.81, 9.08, 8.5, 8.43, 8.61, 8.32, 7.69, 7.21, 6.92, 6.93, 7.46, 7.83, 7.82, 7.78, 7.691, 7.877, 8.524, 9.4, 10.03, 10.33, 10.29, 10.87, 11.136, 11.415, 11.477, 11.061, 11.212, 10.884, 11.02, 11.4, 11.464, 11.071, 10.66, 11.26, 11.36, 10.98, 11.4, 11.78, 11.63, 11.6, 11.57, 11.53, 12.624], [2.0, 2.07, 2.48, 2.12, 1.99, 2.74, 2.25, 2.04, 2.3, 3.08, 3.01, 2.84, 1.86, 1.63, 1.68, 1.47, 1.16, 0, 1.02, 1.55, 1.3, 1.31, 1.24, 2.35, 1.88, 1.89, 2.91, 4.16, 4.45, 4.21, 3.94, 4.75, 5.13, 5.57, 5.77, 5.5, 5.65, 5.64, 6.55, 6.42, 7.33, 7.96, 9.02, 9.37, 8.62, 8.14, 8.09, 8.21, 7.88, 7.21, 6.79, 6.5, 6.61, 7.14, 7.416, 7.386, 7.44, 7.402, 7.582, 8.101, 8.94, 9.57, 9.87, 9.89, 10.55, 10.756, 10.976, 11.049, 10.592, 10.852, 10.378, 10.52, 10.938, 10.978, 10.702, 10.275, 10.838, 10.9, 10.62, 11.16, 11.44, 11.33, 11.18, 11.09, 11.09, 12.221], [2.38, 2.33, 2.46, 2.2, 1.99, 2.64, 2.15, 1.98, 2.14, 2.9, 2.69, 2.5, 1.52, 1.33, 1.54, 1.25, 0.96, 1.02, 0, 0.97, 0.9, 1.41, 1.56, 2.87, 2.14, 2.21, 3.35, 4.7, 5.07, 4.67, 4.24, 4.95, 5.29, 5.79, 6.09, 5.86, 5.75, 6.14, 7.17, 6.958, 7.67, 8.62, 9.68, 10.07, 9.28, 8.78, 8.77, 8.87, 8.54, 7.77, 7.35, 7.12, 7.27, 7.769, 8.062, 8.052, 8.089, 8.042, 8.222, 8.801, 9.618, 10.27, 10.528, 10.57, 11.17, 11.336, 11.404, 11.489, 11.112, 11.532, 11.058, 11.098, 11.538, 11.578, 11.385, 10.975, 11.538, 11.54, 11.06, 11.48, 11.86, 11.73, 11.68, 11.71, 11.67, 12.921], [2.73, 2.52, 2.63, 2.37, 2.08, 2.53, 2.2, 2.01, 2.13, 2.83, 2.56, 2.39, 1.49, 1.44, 1.51, 1.32, 1.27, 1.55, 0.97, 0, 0.93, 1.52, 1.81, 3.06, 2.17, 2.3, 3.6, 5.07, 5.36, 5.04, 4.47, 5.14, 5.58, 6.18, 6.5, 6.25, 5.94, 6.53, 7.54, 7.31, 7.96, 8.91, 9.99, 10.36, 9.61, 9.01, 9.0, 9.14, 8.85, 8.18, 7.76, 7.49, 7.54, 8.07, 8.36, 8.31, 8.35, 8.272, 8.507, 9.057, 9.95, 10.58, 10.88, 10.84, 11.38, 11.486, 11.56, 11.627, 11.342, 11.742, 11.274, 11.27, 11.77, 11.754, 11.515, 11.19, 11.81, 11.91, 11.45, 11.77, 12.25, 12.12, 12.07, 12.1, 12.04, 13.154], [2.68, 2.57, 2.88, 2.62, 2.27, 2.98, 2.53, 2.32, 2.54, 3.28, 3.07, 2.76, 1.88, 1.79, 1.94, 1.61, 1.22, 1.3, 0.9, 0.93, 0, 0.89, 1.4, 2.71, 1.8, 1.83, 3.31, 4.92, 5.11, 4.97, 4.56, 5.27, 5.65, 6.01, 6.33, 6.06, 6.13, 6.38, 7.19, 6.96, 7.99, 8.62, 9.72, 10.01, 9.24, 8.64, 8.67, 8.87, 8.58, 7.91, 7.45, 7.16, 7.17, 7.7, 7.95, 7.94, 8.02, 7.925, 8.145, 8.701, 9.56, 10.21, 10.53, 10.47, 11.01, 11.096, 11.13, 11.186, 10.878, 11.375, 10.97, 10.88, 11.38, 11.418, 11.188, 10.88, 11.46, 11.54, 11.38, 11.8, 12.16, 12.01, 11.96, 11.85, 11.87, 12.821], [2.53, 2.64, 3.11, 2.75, 2.52, 3.21, 2.86, 2.63, 2.87, 3.53, 3.36, 3.19, 2.15, 1.98, 2.15, 1.94, 1.67, 1.31, 1.41, 1.52, 0.89, 0, 1.01, 2.34, 1.55, 1.74, 3.08, 4.47, 4.8, 4.62, 4.59, 5.3, 5.6, 6.06, 6.16, 6.03, 6.3, 6.09, 6.66, 6.69, 7.8, 8.25, 9.27, 9.5, 8.73, 8.17, 8.18, 8.4, 8.09, 7.5, 6.96, 6.65, 6.7, 7.17, 7.495, 7.53, 7.57, 7.498, 7.718, 8.205, 9.03, 9.66, 9.96, 9.96, 10.56, 10.683, 10.723, 10.724, 10.428, 10.902, 10.448, 10.35, 10.908, 10.988, 10.678, 10.365, 10.93, 10.99, 10.97, 11.53, 11.79, 11.7, 11.51, 11.36, 11.4, 12.39], [2.52, 2.77, 3.36, 2.94, 2.69, 3.44, 3.09, 2.86, 3.16, 3.88, 3.77, 3.54, 2.62, 2.39, 2.5, 2.15, 1.68, 1.24, 1.56, 1.81, 1.4, 1.01, 0, 1.53, 1.08, 1.41, 2.61, 3.8, 4.35, 4.23, 4.28, 4.93, 5.21, 5.59, 5.63, 5.74, 6.03, 5.68, 5.95, 6.08, 7.23, 7.56, 8.56, 8.79, 7.98, 7.36, 7.37, 7.57, 7.32, 6.71, 6.25, 5.92, 5.91, 6.38, 6.69, 6.64, 6.74, 6.668, 6.908, 7.464, 8.32, 8.95, 9.25, 9.23, 9.75, 9.859, 10.036, 10.089, 9.758, 10.092, 9.684, 9.8, 10.18, 10.164, 9.931, 9.6, 10.22, 10.28, 10.26, 10.88, 11.1, 11.03, 10.84, 10.65, 10.71, 11.64], [3.33, 3.6, 4.23, 3.87, 3.6, 4.37, 4.1, 3.85, 4.17, 4.87, 4.82, 4.63, 3.71, 3.52, 3.57, 3.1, 2.75, 2.35, 2.87, 3.06, 2.71, 2.34, 1.53, 0, 1.71, 1.88, 2.86, 3.93, 4.38, 4.42, 4.51, 5.32, 5.58, 5.72, 5.74, 5.99, 6.38, 5.85, 5.58, 5.95, 7.14, 7.27, 7.95, 7.96, 7.05, 6.31, 6.44, 6.68, 6.45, 5.9, 5.58, 5.29, 4.98, 5.21, 5.58, 5.77, 5.91, 6.1, 6.2, 6.57, 7.21, 7.84, 8.18, 8.04, 8.5, 8.558, 8.84, 8.91, 8.674, 8.828, 8.628, 8.67, 9.05, 9.034, 8.764, 8.43, 9.33, 9.47, 9.75, 10.53, 10.81, 10.7, 10.51, 10.18, 10.3, 10.93], [2.78, 3.03, 3.54, 3.1, 2.87, 3.62, 3.31, 3.06, 3.36, 4.14, 3.87, 3.78, 2.92, 2.81, 2.9, 2.57, 2.24, 1.88, 2.14, 2.17, 1.8, 1.55, 1.08, 1.71, 0, 1.39, 2.75, 4.12, 4.59, 4.53, 4.56, 5.27, 5.53, 5.75, 5.91, 6.06, 6.37, 5.98, 6.29, 6.3, 7.45, 7.74, 8.84, 9.09, 8.34, 7.44, 7.63, 7.87, 7.66, 7.03, 6.55, 6.26, 6.19, 6.62, 6.93, 6.9, 6.96, 6.785, 7.105, 7.653, 8.58, 9.25, 9.59, 9.49, 9.75, 9.65, 9.591, 9.75, 9.85, 10.09, 9.913, 9.88, 10.32, 10.29, 10.0, 9.82, 10.52, 10.58, 10.54, 11.08, 11.34, 11.23, 11.08, 10.95, 10.99, 11.778], [2.25, 2.62, 3.31, 3.03, 2.62, 3.47, 3.2, 2.93, 3.33, 4.07, 3.86, 3.81, 2.97, 2.94, 2.97, 2.58, 2.27, 1.89, 2.21, 2.3, 1.83, 1.74, 1.41, 1.88, 1.39, 0, 1.9, 3.51, 3.72, 3.62, 3.59, 4.22, 4.52, 4.76, 5.04, 5.03, 5.32, 5.03, 5.72, 5.53, 6.64, 7.17, 8.25, 8.52, 7.77, 6.97, 7.06, 7.3, 7.09, 6.46, 5.98, 5.69, 5.62, 6.07, 6.44, 6.37, 6.39, 6.295, 6.555, 7.177, 8.07, 8.7, 9.02, 8.96, 9.36, 9.398, 9.383, 9.419, 9.274, 9.694, 9.394, 9.37, 9.83, 9.874, 9.584, 9.31, 9.95, 10.03, 9.93, 10.39, 10.73, 10.56, 10.49, 10.38, 10.4, 11.285], [2.57, 3.04, 3.69, 3.59, 3.12, 3.95, 3.82, 3.55, 4.19, 5.01, 4.66, 4.79, 4.05, 4.04, 4.05, 3.68, 3.43, 2.91, 3.35, 3.6, 3.31, 3.08, 2.61, 2.86, 2.75, 1.9, 0, 1.93, 2.04, 1.96, 1.99, 2.82, 3.1, 3.16, 3.24, 3.39, 3.76, 3.33, 4.08, 3.91, 4.9, 5.55, 6.57, 6.94, 6.15, 5.55, 5.52, 5.7, 5.43, 4.76, 4.3, 4.01, 4.08, 4.61, 4.9, 4.868, 4.87, 4.901, 5.064, 5.654, 6.51, 7.14, 7.42, 7.44, 7.92, 8.066, 8.237, 8.299, 8.008, 8.345, 7.891, 7.91, 8.328, 8.351, 8.121, 7.808, 8.39, 8.45, 8.21, 8.71, 9.01, 8.88, 8.75, 8.66, 8.68, 9.808], [3.2, 3.59, 4.22, 4.18, 3.97, 4.68, 4.85, 4.58, 5.08, 5.98, 5.93, 6.1, 5.16, 4.97, 4.74, 4.43, 4.58, 4.16, 4.7, 5.07, 4.92, 4.47, 3.8, 3.93, 4.12, 3.51, 1.93, 0, 1.01, 1.11, 1.48, 1.81, 2.27, 2.55, 2.59, 2.58, 2.89, 2.22, 3.05, 2.9, 3.47, 4.14, 5.2, 5.53, 4.92, 4.66, 4.61, 4.71, 4.38, 3.63, 3.05, 2.68, 2.73, 3.309, 3.69, 3.672, 3.706, 3.642, 3.802, 4.318, 5.14, 5.77, 5.91, 6.09, 7.112, 7.452, 7.848, 7.901, 7.462, 7.428, 7.058, 7.212, 7.625, 7.628, 7.265, 6.432, 6.895, 6.9, 6.5, 7.12, 7.4, 7.27, 7.08, 7.17, 7.07, 8.338], [3.43, 3.8, 4.49, 4.43, 4.32, 4.91, 5.12, 4.89, 5.43, 6.35, 6.34, 6.43, 5.57, 5.36, 5.13, 4.78, 4.81, 4.45, 5.07, 5.36, 5.11, 4.8, 4.35, 4.38, 4.59, 3.72, 2.04, 1.01, 0, 0.96, 1.59, 1.72, 2.12, 2.28, 2.32, 2.25, 2.7, 1.95, 2.96, 2.65, 3.3, 3.89, 4.99, 5.3, 4.81, 4.47, 4.48, 4.66, 4.35, 3.76, 3.1, 2.57, 2.6, 3.25, 3.6, 3.59, 3.59, 3.529, 3.667, 4.071, 4.89, 5.56, 5.74, 5.96, 6.953, 7.337, 7.757, 7.81, 7.381, 7.301, 6.892, 7.09, 7.449, 7.452, 6.965, 6.125, 6.51, 6.59, 6.35, 6.95, 7.31, 7.14, 7.03, 7.06, 6.96, 7.951], [2.83, 3.1, 3.61, 3.61, 3.62, 4.07, 4.3, 4.35, 4.81, 5.61, 5.68, 5.75, 4.89, 4.7, 4.49, 4.38, 4.59, 4.21, 4.67, 5.04, 4.97, 4.62, 4.23, 4.42, 4.53, 3.62, 1.96, 1.11, 0.96, 0, 1.09, 1.58, 2.12, 2.5, 2.7, 2.37, 2.48, 2.07, 3.32, 3.17, 3.46, 4.53, 5.53, 5.8, 5.31, 5.026, 5.04, 5.14, 4.87, 4.06, 3.46, 3.11, 3.22, 3.75, 4.197, 4.184, 4.242, 4.194, 4.263, 4.593, 5.136, 5.86, 6.197, 6.515, 7.502, 7.93, 8.306, 8.379, 7.916, 7.882, 7.358, 7.557, 7.977, 7.998, 7.511, 6.673, 7.153, 7.17, 6.67, 7.05, 7.33, 7.2, 7.11, 7.2, 7.32, 8.636], [2.78, 2.95, 3.38, 3.38, 3.05, 3.62, 3.79, 3.74, 4.28, 4.92, 4.85, 4.92, 4.1, 4.17, 4.08, 3.95, 4.22, 3.94, 4.24, 4.47, 4.56, 4.59, 4.28, 4.51, 4.56, 3.59, 1.99, 1.48, 1.59, 1.09, 0, 1.29, 2.05, 2.57, 3.01, 2.64, 2.37, 2.6, 3.91, 3.78, 3.87, 5.16, 6.24, 6.55, 5.92, 5.66, 5.63, 5.79, 5.52, 4.55, 4.07, 3.76, 4.01, 4.526, 4.876, 4.803, 4.866, 4.899, 5.039, 5.389, 5.989, 6.73, 6.916, 7.27, 8.11, 8.458, 8.827, 8.88, 8.489, 8.469, 7.949, 8.179, 8.546, 8.502, 8.139, 7.466, 7.929, 7.906, 7.32, 7.48, 7.94, 7.87, 7.9, 7.93, 8.09, 9.392], [3.33, 3.6, 4.03, 4.05, 3.7, 4.21, 4.54, 4.39, 5.01, 5.63, 5.54, 5.65, 4.87, 4.88, 4.67, 4.54, 4.89, 4.75, 4.95, 5.14, 5.27, 5.3, 4.93, 5.32, 5.27, 4.22, 2.82, 1.81, 1.72, 1.58, 1.29, 0, 1.14, 1.94, 2.48, 2.05, 1.92, 2.15, 3.48, 3.23, 3.36, 4.63, 5.69, 6.0, 5.31, 5.09, 5.12, 5.26, 4.97, 4.06, 3.58, 3.21, 3.62, 4.11, 4.34, 4.302, 4.356, 4.349, 4.469, 4.845, 5.542, 6.26, 6.415, 6.74, 7.64, 8.019, 8.36, 8.433, 8.015, 7.979, 7.545, 7.742, 8.063, 8.026, 7.635, 6.842, 7.282, 7.242, 6.73, 6.93, 7.43, 7.38, 7.47, 7.48, 7.58, 8.845], [3.83, 4.14, 4.65, 4.67, 4.3, 5.05, 5.24, 4.97, 5.57, 6.41, 6.3, 6.43, 5.57, 5.42, 5.31, 5.1, 5.25, 5.13, 5.29, 5.58, 5.65, 5.6, 5.21, 5.58, 5.53, 4.52, 3.1, 2.27, 2.12, 2.12, 2.05, 1.14, 0, 1.18, 1.78, 1.71, 2.12, 2.13, 3.04, 2.63, 2.94, 4.05, 5.13, 5.48, 4.71, 4.39, 4.44, 4.64, 4.37, 3.44, 2.98, 2.95, 3.56, 3.97, 3.96, 3.91, 3.99, 3.86, 3.9, 4.388, 4.99, 5.76, 5.915, 6.2, 6.916, 7.267, 7.634, 7.691, 7.332, 7.322, 6.888, 7.045, 7.329, 7.312, 6.935, 6.205, 6.565, 6.688, 6.15, 6.59, 7.07, 6.96, 6.97, 7.04, 7.08, 8.308], [4.65, 4.9, 5.49, 5.45, 5.1, 5.97, 6.16, 5.87, 6.45, 7.27, 7.04, 7.17, 6.41, 6.32, 6.23, 5.94, 5.81, 5.57, 5.79, 6.18, 6.01, 6.06, 5.59, 5.72, 5.75, 4.76, 3.16, 2.55, 2.28, 2.5, 2.57, 1.94, 1.18, 0, 1.0, 1.27, 2.16, 1.67, 2.4, 2.17, 2.7, 3.53, 4.63, 4.98, 4.17, 3.79, 3.78, 4.02, 3.79, 2.94, 2.62, 2.77, 3.48, 3.87, 3.68, 3.47, 3.47, 3.36, 3.54, 4.11, 4.69, 5.36, 5.58, 5.74, 6.24, 6.526, 6.78, 6.893, 6.648, 6.668, 6.308, 6.425, 6.685, 6.628, 6.338, 5.645, 5.945, 6.17, 5.77, 6.37, 6.75, 6.6, 6.59, 6.6, 6.58, 7.828], [4.91, 5.26, 5.87, 5.83, 5.44, 6.33, 6.44, 6.17, 6.73, 7.59, 7.4, 7.53, 6.71, 6.6, 6.57, 6.28, 6.15, 5.77, 6.09, 6.5, 6.33, 6.16, 5.63, 5.74, 5.91, 5.04, 3.24, 2.59, 2.32, 2.7, 3.01, 2.48, 1.78, 1.0, 0, 1.05, 2.06, 1.41, 1.72, 1.57, 2.18, 2.85, 3.93, 4.26, 3.43, 2.99, 3.04, 3.22, 3.01, 2.34, 2.16, 2.39, 3.1, 3.47, 3.16, 2.87, 2.91, 2.86, 3.22, 3.55, 4.23, 4.74, 5.04, 5.02, 5.52, 5.866, 6.13, 6.216, 5.84, 5.922, 5.408, 5.588, 5.868, 5.865, 5.575, 5.002, 5.468, 5.59, 5.17, 5.73, 6.13, 5.96, 5.97, 5.96, 5.94, 7.171], [4.36, 4.63, 5.24, 5.2, 4.95, 5.68, 5.93, 5.66, 6.24, 7.14, 7.07, 7.2, 6.34, 6.13, 5.94, 5.73, 5.72, 5.5, 5.86, 6.25, 6.06, 6.03, 5.74, 5.99, 6.06, 5.03, 3.39, 2.58, 2.25, 2.37, 2.64, 2.05, 1.71, 1.27, 1.05, 0, 1.29, 1.18, 1.99, 1.74, 2.29, 3.0, 4.04, 4.39, 3.74, 3.4, 3.33, 3.51, 3.32, 2.83, 2.49, 2.5, 3.17, 3.54, 3.35, 3.14, 3.12, 3.05, 3.49, 3.86, 4.54, 5.03, 5.35, 5.33, 5.91, 6.298, 6.634, 6.666, 6.253, 6.252, 5.798, 5.95, 6.28, 6.306, 5.902, 5.175, 5.718, 5.718, 5.38, 5.86, 6.26, 6.05, 6.1, 6.05, 6.07, 7.318], [4.13, 4.32, 4.61, 4.69, 4.54, 4.89, 5.08, 4.99, 5.57, 6.31, 6.32, 6.43, 5.57, 5.6, 5.19, 5.3, 5.69, 5.65, 5.75, 5.94, 6.13, 6.3, 6.03, 6.38, 6.37, 5.32, 3.76, 2.89, 2.7, 2.48, 2.37, 1.92, 2.12, 2.16, 2.06, 1.29, 0, 1.47, 2.68, 2.41, 2.64, 3.91, 4.85, 5.12, 4.61, 4.37, 4.24, 4.4, 4.19, 3.64, 3.42, 3.41, 3.78, 4.33, 4.2, 3.95, 3.97, 3.94, 4.22, 4.59, 5.21, 5.66, 6.1, 6.04, 6.84, 7.223, 7.553, 7.58, 7.123, 7.099, 6.636, 6.793, 7.21, 7.276, 6.786, 5.982, 6.442, 6.522, 5.91, 6.01, 6.53, 6.38, 6.49, 6.5, 6.74, 7.985], [4.32, 4.83, 5.38, 5.34, 5.11, 5.78, 5.97, 5.86, 6.32, 7.12, 7.13, 7.26, 6.34, 6.15, 5.98, 5.87, 6.02, 5.64, 6.14, 6.53, 6.38, 6.09, 5.68, 5.85, 5.98, 5.03, 3.33, 2.22, 1.95, 2.07, 2.6, 2.15, 2.13, 1.67, 1.41, 1.18, 1.47, 0, 1.71, 1.52, 1.95, 2.92, 3.98, 4.25, 3.7, 3.52, 3.45, 3.59, 3.24, 2.51, 2.45, 2.48, 2.85, 3.38, 3.19, 3.0, 2.9, 2.79, 3.25, 3.58, 4.3, 4.71, 4.99, 4.93, 5.93, 6.249, 6.649, 6.685, 6.219, 6.223, 5.754, 5.911, 6.391, 6.394, 6.002, 5.209, 5.669, 5.609, 5.12, 5.52, 5.86, 5.71, 5.74, 5.73, 5.81, 7.052], [5.67, 6.12, 6.79, 6.73, 6.38, 7.15, 7.3, 7.05, 7.59, 8.43, 8.36, 8.47, 7.63, 7.48, 7.35, 7.12, 7.03, 6.55, 7.17, 7.54, 7.19, 6.66, 5.95, 5.58, 6.29, 5.72, 4.08, 3.05, 2.96, 3.32, 3.91, 3.48, 3.04, 2.4, 1.72, 1.99, 2.68, 1.71, 0, 1.21, 2.1, 2.07, 2.75, 2.98, 2.27, 2.19, 1.98, 2.26, 1.97, 1.62, 1.46, 1.75, 2.24, 2.61, 2.34, 2.03, 2.05, 2.0, 2.4, 2.39, 3.11, 3.52, 3.84, 3.74, 4.38, 4.66, 5.031, 5.066, 4.661, 4.716, 4.168, 4.339, 4.77, 4.773, 4.432, 3.882, 4.41, 4.37, 4.33, 5.03, 5.29, 5.16, 5.03, 4.78, 4.96, 5.93], [5.3, 5.802, 6.469, 6.434, 6.259, 6.877, 7.067, 6.846, 7.38, 8.283, 8.259, 8.406, 7.506, 7.296, 7.006, 6.69, 6.74, 6.42, 6.958, 7.31, 6.96, 6.69, 6.08, 5.95, 6.3, 5.53, 3.91, 2.9, 2.65, 3.17, 3.78, 3.23, 2.63, 2.17, 1.57, 1.74, 2.41, 1.52, 1.21, 0, 1.57, 2.02, 2.92, 3.19, 2.64, 2.66, 2.35, 2.51, 2.14, 2.03, 2.13, 2.32, 2.73, 3.04, 2.77, 2.48, 2.48, 2.27, 2.49, 2.52, 3.4, 3.69, 3.99, 3.89, 4.77, 5.087, 5.486, 5.516, 5.056, 5.02, 4.64, 4.76, 5.2, 5.26, 4.825, 4.02, 4.58, 4.66, 4.5, 4.98, 5.32, 5.15, 5.04, 4.99, 5.07, 6.06], [5.67, 6.12, 6.65, 6.65, 6.52, 7.084, 7.3, 7.23, 7.77, 8.55, 8.54, 8.67, 7.79, 7.62, 7.29, 7.24, 7.59, 7.33, 7.67, 7.96, 7.99, 7.8, 7.23, 7.14, 7.45, 6.64, 4.9, 3.47, 3.3, 3.46, 3.87, 3.36, 2.94, 2.7, 2.18, 2.29, 2.64, 1.95, 2.1, 1.57, 0, 1.63, 2.63, 2.9, 2.67, 3.07, 2.5, 2.5, 2.37, 2.22, 2.38, 2.53, 3.04, 3.35, 3.12, 2.81, 2.87, 2.64, 2.82, 2.77, 3.41, 3.62, 3.76, 3.86, 4.76, 5.133, 5.536, 5.606, 5.31, 5.07, 4.69, 4.718, 5.123, 5.141, 4.76, 3.81, 4.222, 4.19, 3.59, 3.89, 4.37, 4.26, 4.27, 4.34, 4.44, 5.705], [7.02, 7.45, 8.14, 8.1, 7.89, 8.58, 8.77, 8.5, 9.06, 9.94, 9.87, 10.02, 9.14, 8.95, 8.74, 8.37, 8.36, 7.96, 8.62, 8.91, 8.62, 8.25, 7.56, 7.27, 7.74, 7.17, 5.55, 4.14, 3.89, 4.53, 5.16, 4.63, 4.05, 3.53, 2.85, 3.0, 3.91, 2.92, 2.07, 2.02, 1.63, 0, 1.34, 1.61, 1.64, 2.28, 1.81, 1.79, 1.76, 2.07, 2.31, 2.5, 3.07, 3.22, 2.65, 2.38, 2.22, 2.03, 2.33, 2.12, 2.74, 2.91, 3.01, 3.01, 3.55, 3.87, 4.21, 4.3, 4.16, 3.84, 3.5, 3.36, 3.72, 3.665, 3.31, 2.76, 2.96, 3.04, 2.8, 3.48, 3.72, 3.61, 3.46, 3.43, 3.39, 4.37], [7.96, 8.37, 9.06, 9.06, 8.89, 9.52, 9.75, 9.5, 10.06, 10.96, 10.95, 11.04, 10.18, 9.97, 9.68, 9.39, 9.44, 9.02, 9.68, 9.99, 9.72, 9.27, 8.56, 7.95, 8.84, 8.25, 6.57, 5.2, 4.99, 5.53, 6.24, 5.69, 5.13, 4.63, 3.93, 4.04, 4.85, 3.98, 2.75, 2.92, 2.63, 1.34, 0, 0.75, 1.34, 2.26, 1.95, 1.97, 1.92, 2.49, 2.61, 2.92, 3.47, 3.42, 2.89, 2.6, 2.5, 2.41, 2.51, 2.18, 2.46, 2.25, 2.45, 2.33, 2.89, 3.15, 3.37, 3.48, 3.38, 3.04, 2.72, 2.44, 2.72, 2.78, 2.89, 2.5, 2.16, 2.28, 1.98, 2.68, 2.96, 2.89, 2.64, 2.43, 2.49, 3.46], [8.23, 8.64, 9.31, 9.33, 9.2, 9.79, 10.0, 9.85, 10.35, 11.27, 11.26, 11.37, 10.49, 10.28, 9.99, 9.76, 9.81, 9.37, 10.07, 10.36, 10.01, 9.5, 8.79, 7.96, 9.09, 8.52, 6.94, 5.53, 5.3, 5.8, 6.55, 6.0, 5.48, 4.98, 4.26, 4.39, 5.12, 4.25, 2.98, 3.19, 2.9, 1.61, 0.75, 0, 1.23, 2.17, 1.9, 2.02, 1.95, 2.7, 2.88, 3.13, 3.44, 3.23, 2.7, 2.47, 2.41, 2.48, 2.52, 1.89, 2.07, 1.86, 2.0, 2.04, 2.64, 2.92, 3.18, 3.29, 3.19, 2.83, 2.45, 2.27, 2.63, 2.63, 2.62, 2.25, 2.01, 2.17, 2.19, 2.91, 3.09, 3.06, 2.87, 2.64, 2.7, 3.37], [7.72, 8.11, 8.78, 8.78, 8.55, 9.22, 9.47, 9.2, 9.76, 10.64, 10.53, 10.66, 9.82, 9.65, 9.44, 9.11, 9.08, 8.62, 9.28, 9.61, 9.24, 8.73, 7.98, 7.05, 8.34, 7.77, 6.15, 4.92, 4.81, 5.31, 5.92, 5.31, 4.71, 4.17, 3.43, 3.74, 4.61, 3.7, 2.27, 2.64, 2.67, 1.64, 1.34, 1.23, 0, 1.34, 1.21, 1.39, 1.2, 1.79, 2.03, 2.38, 2.75, 2.52, 1.87, 1.86, 1.88, 1.97, 2.09, 1.48, 1.62, 1.71, 2.01, 1.97, 2.45, 2.87, 3.238, 3.268, 2.88, 2.82, 2.42, 2.56, 2.851, 2.86, 2.87, 2.52, 2.7, 2.94, 3.06, 3.74, 4.08, 3.99, 3.84, 3.51, 3.59, 4.32], [7.42, 7.85, 8.5, 8.44, 8.13, 8.9, 8.97, 8.7, 9.28, 10.2, 10.09, 10.22, 9.36, 9.17, 9.08, 8.73, 8.5, 8.14, 8.78, 9.01, 8.64, 8.17, 7.36, 6.31, 7.44, 6.97, 5.55, 4.66, 4.47, 5.026, 5.66, 5.09, 4.39, 3.79, 2.99, 3.4, 4.37, 3.52, 2.19, 2.66, 3.07, 2.28, 2.26, 2.17, 1.34, 0, 0.87, 1.39, 1.4, 1.53, 1.67, 2.06, 2.27, 1.9, 1.51, 1.6, 1.54, 1.61, 1.81, 1.64, 1.9, 2.35, 2.73, 2.53, 2.77, 3.13, 3.398, 3.528, 3.14, 3.08, 2.77, 3.02, 3.24, 3.327, 2.93, 2.72, 3.54, 3.68, 4.08, 4.78, 5.1, 4.93, 4.84, 4.49, 4.53, 5.04], [7.39, 7.88, 8.53, 8.47, 8.14, 8.93, 9.02, 8.73, 9.29, 10.15, 10.06, 10.23, 9.35, 9.18, 9.05, 8.7, 8.43, 8.09, 8.77, 9.0, 8.67, 8.18, 7.37, 6.44, 7.63, 7.06, 5.52, 4.61, 4.48, 5.04, 5.63, 5.12, 4.44, 3.78, 3.04, 3.33, 4.24, 3.45, 1.98, 2.35, 2.5, 1.81, 1.95, 1.9, 1.21, 0.87, 0, 0.68, 0.75, 1.38, 1.68, 2.03, 2.3, 2.09, 1.76, 1.65, 1.69, 1.9, 1.8, 1.71, 2.19, 2.4, 2.7, 2.58, 2.7, 3.046, 3.356, 3.42, 3.15, 3.03, 2.75, 2.87, 3.15, 3.254, 2.781, 2.41, 3.31, 3.55, 3.81, 4.51, 4.79, 4.66, 4.47, 4.12, 4.18, 4.81], [7.51, 8.0, 8.65, 8.59, 8.36, 9.07, 9.18, 8.91, 9.41, 10.29, 10.24, 10.41, 9.47, 9.3, 9.11, 8.74, 8.61, 8.21, 8.87, 9.14, 8.87, 8.4, 7.57, 6.68, 7.87, 7.3, 5.7, 4.71, 4.66, 5.14, 5.79, 5.26, 4.64, 4.02, 3.22, 3.51, 4.4, 3.59, 2.26, 2.51, 2.5, 1.79, 1.97, 2.02, 1.39, 1.39, 0.68, 0, 0.77, 1.52, 1.88, 2.21, 2.44, 2.17, 1.98, 1.97, 2.07, 2.22, 2.08, 1.91, 2.15, 2.44, 2.62, 2.52, 2.7, 2.98, 3.265, 3.335, 3.11, 2.93, 2.69, 2.77, 3.09, 3.174, 2.76, 2.43, 3.41, 3.63, 3.79, 4.51, 4.77, 4.62, 4.43, 4.08, 4.14, 4.81], [7.14, 7.63, 8.32, 8.28, 8.01, 8.68, 8.83, 8.56, 9.1, 9.96, 9.89, 10.06, 9.14, 8.97, 8.72, 8.35, 8.32, 7.88, 8.54, 8.85, 8.58, 8.09, 7.32, 6.45, 7.66, 7.09, 5.43, 4.38, 4.35, 4.87, 5.52, 4.97, 4.37, 3.79, 3.01, 3.32, 4.19, 3.24, 1.97, 2.14, 2.37, 1.76, 1.92, 1.95, 1.2, 1.4, 0.75, 0.77, 0, 1.15, 1.57, 1.96, 2.19, 2.0, 1.55, 1.6, 1.56, 1.85, 1.63, 1.48, 2.1, 2.29, 2.55, 2.35, 2.89, 3.196, 3.552, 3.622, 3.32, 3.252, 2.94, 3.0, 3.414, 3.421, 3.105, 2.6, 3.42, 3.62, 3.76, 4.46, 4.74, 4.61, 4.42, 4.09, 4.13, 4.84], [6.35, 6.9, 7.45, 7.41, 7.1, 7.85, 8.0, 7.75, 8.27, 9.05, 8.98, 9.15, 8.23, 8.08, 7.99, 7.74, 7.69, 7.21, 7.77, 8.18, 7.91, 7.5, 6.71, 5.9, 7.03, 6.46, 4.76, 3.63, 3.76, 4.06, 4.55, 4.06, 3.44, 2.94, 2.34, 2.83, 3.64, 2.51, 1.62, 2.03, 2.22, 2.07, 2.49, 2.7, 1.79, 1.53, 1.38, 1.52, 1.15, 0, 0.98, 1.43, 1.9, 1.97, 1.54, 1.49, 1.57, 1.78, 1.7, 1.79, 2.35, 2.86, 3.1, 3.08, 3.74, 4.0, 4.367, 4.42, 4.028, 4.022, 3.768, 3.885, 4.245, 4.248, 3.998, 3.45, 4.17, 4.21, 4.09, 4.77, 5.05, 4.86, 4.81, 4.44, 4.58, 5.61], [5.87, 6.34, 6.97, 6.93, 6.64, 7.41, 7.54, 7.27, 7.79, 8.67, 8.6, 8.77, 7.85, 7.66, 7.55, 7.3, 7.21, 6.79, 7.35, 7.76, 7.45, 6.96, 6.25, 5.58, 6.55, 5.98, 4.3, 3.05, 3.1, 3.46, 4.07, 3.58, 2.98, 2.62, 2.16, 2.49, 3.42, 2.45, 1.46, 2.13, 2.38, 2.31, 2.61, 2.88, 2.03, 1.67, 1.68, 1.88, 1.57, 0.98, 0, 0.73, 1.38, 1.51, 1.26, 1.25, 1.39, 1.4, 1.44, 1.75, 2.41, 3.02, 3.28, 3.36, 4.137, 4.502, 4.876, 4.929, 4.489, 4.462, 4.068, 4.222, 4.618, 4.653, 4.295, 3.71, 4.27, 4.37, 4.31, 5.03, 5.31, 5.18, 4.99, 4.7, 4.82, 5.73], [5.6, 6.05, 6.72, 6.7, 6.49, 7.16, 7.37, 7.1, 7.62, 8.52, 8.45, 8.62, 7.7, 7.51, 7.3, 6.95, 6.92, 6.5, 7.12, 7.49, 7.16, 6.65, 5.92, 5.29, 6.26, 5.69, 4.01, 2.68, 2.57, 3.11, 3.76, 3.21, 2.95, 2.77, 2.39, 2.5, 3.41, 2.48, 1.75, 2.32, 2.53, 2.5, 2.92, 3.13, 2.38, 2.06, 2.03, 2.21, 1.96, 1.43, 0.73, 0, 0.95, 1.22, 1.21, 1.24, 1.38, 1.57, 1.53, 1.96, 2.62, 3.29, 3.47, 3.65, 4.572, 4.923, 5.32, 5.373, 4.939, 4.892, 4.558, 4.698, 5.058, 5.088, 4.688, 3.915, 4.48, 4.56, 4.62, 5.38, 5.66, 5.53, 5.32, 5.05, 5.05, 5.94], [5.57, 6.02, 6.67, 6.73, 6.62, 7.23, 7.44, 7.23, 7.73, 8.65, 8.62, 8.79, 7.85, 7.64, 7.33, 6.96, 6.93, 6.61, 7.27, 7.54, 7.17, 6.7, 5.91, 4.98, 6.19, 5.62, 4.08, 2.73, 2.6, 3.22, 4.01, 3.62, 3.56, 3.48, 3.1, 3.17, 3.78, 2.85, 2.24, 2.73, 3.04, 3.07, 3.47, 3.44, 2.75, 2.27, 2.3, 2.44, 2.19, 1.9, 1.38, 0.95, 0, 0.91, 1.3, 1.55, 1.59, 1.78, 1.54, 2.05, 2.85, 3.4, 3.62, 3.66, 4.74, 5.047, 5.462, 5.495, 5.092, 5.028, 4.771, 4.93, 5.308, 5.351, 4.901, 3.908, 4.63, 4.95, 5.05, 5.77, 6.09, 5.84, 5.71, 5.56, 5.62, 6.25], [6.103, 6.59, 7.252, 7.254, 7.133, 7.737, 7.95, 7.746, 8.223, 9.143, 9.139, 9.306, 8.346, 8.136, 7.823, 7.456, 7.46, 7.14, 7.769, 8.07, 7.7, 7.17, 6.38, 5.21, 6.62, 6.07, 4.61, 3.309, 3.25, 3.75, 4.526, 4.11, 3.97, 3.87, 3.47, 3.54, 4.33, 3.38, 2.61, 3.04, 3.35, 3.22, 3.42, 3.23, 2.52, 1.9, 2.09, 2.17, 2.0, 1.97, 1.51, 1.22, 0.91, 0, 0.91, 1.26, 1.4, 1.65, 1.49, 1.8, 2.3, 2.73, 3.07, 3.11, 4.05, 4.346, 4.755, 4.825, 4.4, 4.32, 4.1, 4.26, 4.62, 4.68, 4.21, 3.42, 4.48, 4.64, 5.14, 5.86, 6.1, 6.01, 5.8, 5.51, 5.59, 6.04], [6.524, 6.992, 7.679, 7.684, 7.52, 8.147, 8.357, 8.09, 8.63, 9.513, 9.426, 9.596, 8.693, 8.52, 8.227, 7.82, 7.83, 7.416, 8.062, 8.36, 7.95, 7.495, 6.69, 5.58, 6.93, 6.44, 4.9, 3.69, 3.6, 4.197, 4.876, 4.34, 3.96, 3.68, 3.16, 3.35, 4.2, 3.19, 2.34, 2.77, 3.12, 2.65, 2.89, 2.7, 1.87, 1.51, 1.76, 1.98, 1.55, 1.54, 1.26, 1.21, 1.3, 0.91, 0, 0.71, 0.89, 1.1, 1.2, 1.35, 1.93, 2.48, 2.72, 2.66, 3.62, 3.925, 4.339, 4.389, 3.97, 3.95, 3.65, 3.79, 4.17, 4.15, 3.84, 3.17, 4.01, 4.17, 4.67, 5.31, 5.59, 5.52, 5.31, 5.04, 5.08, 5.51], [6.574, 7.022, 7.709, 7.714, 7.51, 8.177, 8.387, 8.117, 8.64, 9.52, 9.396, 9.566, 8.683, 8.53, 8.274, 7.844, 7.82, 7.386, 8.052, 8.31, 7.94, 7.53, 6.64, 5.77, 6.9, 6.37, 4.868, 3.672, 3.59, 4.184, 4.803, 4.302, 3.91, 3.47, 2.87, 3.14, 3.95, 3.0, 2.03, 2.48, 2.81, 2.38, 2.6, 2.47, 1.86, 1.6, 1.65, 1.97, 1.6, 1.49, 1.25, 1.24, 1.55, 1.26, 0.71, 0, 0.78, 1.07, 1.21, 1.34, 2.16, 2.53, 2.75, 2.75, 3.63, 3.95, 4.349, 4.379, 3.98, 3.94, 3.64, 3.82, 4.16, 4.12, 3.81, 3.16, 3.9, 4.0, 4.4, 5.06, 5.34, 5.27, 5.06, 4.77, 4.77, 5.3], [6.609, 7.082, 7.769, 7.754, 7.51, 8.172, 8.364, 8.094, 8.66, 9.52, 9.416, 9.566, 8.686, 8.53, 8.312, 7.876, 7.78, 7.44, 8.089, 8.35, 8.02, 7.57, 6.74, 5.91, 6.96, 6.39, 4.87, 3.706, 3.59, 4.242, 4.866, 4.356, 3.99, 3.47, 2.91, 3.12, 3.97, 2.9, 2.05, 2.48, 2.87, 2.22, 2.5, 2.41, 1.88, 1.54, 1.69, 2.07, 1.56, 1.57, 1.39, 1.38, 1.59, 1.4, 0.89, 0.78, 0, 0.81, 1.21, 1.58, 2.4, 2.77, 2.97, 2.85, 3.63, 3.97, 4.383, 4.433, 4.0, 3.98, 3.72, 3.94, 4.2, 4.26, 3.93, 3.26, 3.8, 3.98, 4.14, 4.84, 5.18, 5.05, 4.88, 4.69, 4.73, 5.34], [6.502, 6.994, 7.682, 7.667, 7.463, 8.11, 8.3, 8.039, 8.513, 9.416, 9.432, 9.599, 8.639, 8.409, 8.156, 7.749, 7.691, 7.402, 8.042, 8.272, 7.925, 7.498, 6.668, 6.1, 6.785, 6.295, 4.901, 3.642, 3.529, 4.194, 4.899, 4.349, 3.86, 3.36, 2.86, 3.05, 3.94, 2.79, 2.0, 2.27, 2.64, 2.03, 2.41, 2.48, 1.97, 1.61, 1.9, 2.22, 1.85, 1.78, 1.4, 1.57, 1.78, 1.65, 1.1, 1.07, 0.81, 0, 1.08, 1.65, 2.49, 2.86, 3.12, 2.92, 3.76, 4.04, 4.42, 4.49, 4.03, 3.97, 3.79, 3.99, 4.33, 4.35, 3.94, 3.37, 3.85, 3.93, 4.05, 4.65, 4.91, 4.92, 4.67, 4.52, 4.58, 5.15], [6.536, 7.003, 7.65, 7.71, 7.606, 8.19, 8.403, 8.199, 8.676, 9.596, 9.592, 9.759, 8.799, 8.589, 8.276, 7.924, 7.877, 7.582, 8.222, 8.507, 8.145, 7.718, 6.908, 6.2, 7.105, 6.555, 5.064, 3.802, 3.667, 4.263, 5.039, 4.469, 3.9, 3.54, 3.22, 3.49, 4.22, 3.25, 2.4, 2.49, 2.82, 2.33, 2.51, 2.52, 2.09, 1.81, 1.8, 2.08, 1.63, 1.7, 1.44, 1.53, 1.54, 1.49, 1.2, 1.21, 1.21, 1.08, 0, 1.19, 2.07, 2.6, 2.84, 2.8, 3.84, 4.14, 4.54, 4.589, 4.15, 4.09, 3.87, 4.03, 4.41, 4.45, 4.02, 3.31, 3.73, 3.95, 4.11, 4.71, 5.03, 4.9, 4.75, 4.54, 4.62, 5.17], [6.978, 7.384, 8.034, 8.057, 7.942, 8.54, 8.79, 8.598, 9.126, 10.046, 10.042, 10.132, 9.272, 9.062, 8.735, 8.454, 8.524, 8.101, 8.801, 9.057, 8.701, 8.205, 7.464, 6.57, 7.653, 7.177, 5.654, 4.318, 4.071, 4.593, 5.389, 4.845, 4.388, 4.11, 3.55, 3.86, 4.59, 3.58, 2.39, 2.52, 2.77, 2.12, 2.18, 1.89, 1.48, 1.64, 1.71, 1.91, 1.48, 1.79, 1.75, 1.96, 2.05, 1.8, 1.35, 1.34, 1.58, 1.65, 1.19, 0, 1.28, 1.79, 2.09, 2.19, 3.21, 3.627, 4.009, 4.042, 3.559, 3.519, 3.12, 3.32, 3.72, 3.66, 3.25, 2.76, 3.2, 3.4, 3.76, 4.46, 4.76, 4.63, 4.48, 4.23, 4.25, 4.62], [7.795, 8.005, 8.603, 8.623, 8.682, 9.057, 9.356, 9.375, 9.818, 10.709, 10.762, 10.849, 9.989, 9.782, 9.532, 9.37, 9.4, 8.94, 9.618, 9.95, 9.56, 9.03, 8.32, 7.21, 8.58, 8.07, 6.51, 5.14, 4.89, 5.136, 5.989, 5.542, 4.99, 4.69, 4.23, 4.54, 5.21, 4.3, 3.11, 3.4, 3.41, 2.74, 2.46, 2.07, 1.62, 1.9, 2.19, 2.15, 2.1, 2.35, 2.41, 2.62, 2.85, 2.3, 1.93, 2.16, 2.4, 2.49, 2.07, 1.28, 0, 1.03, 1.35, 1.65, 2.71, 3.09, 3.49, 3.531, 3.031, 2.951, 2.5, 2.659, 3.04, 3.045, 2.95, 2.98, 3.52, 3.66, 3.92, 4.66, 4.7, 4.65, 4.36, 4.17, 4.23, 4.52], [8.39, 8.72, 9.299, 9.322, 9.38, 9.793, 10.02, 10.07, 10.49, 11.35, 11.42, 11.53, 10.63, 10.44, 10.15, 9.94, 10.03, 9.57, 10.27, 10.58, 10.21, 9.66, 8.95, 7.84, 9.25, 8.7, 7.14, 5.77, 5.56, 5.86, 6.73, 6.26, 5.76, 5.36, 4.74, 5.03, 5.66, 4.71, 3.52, 3.69, 3.62, 2.91, 2.25, 1.86, 1.71, 2.35, 2.4, 2.44, 2.29, 2.86, 3.02, 3.29, 3.4, 2.73, 2.48, 2.53, 2.77, 2.86, 2.6, 1.79, 1.03, 0, 0.8, 0.98, 1.98, 2.4, 2.84, 2.87, 2.43, 2.31, 1.95, 2.05, 2.47, 2.67, 3.04, 3.11, 3.41, 3.53, 3.71, 4.39, 4.39, 4.36, 4.05, 3.94, 3.92, 4.05], [8.705, 9.135, 9.75, 9.779, 9.632, 10.256, 10.477, 10.325, 10.828, 11.693, 11.652, 11.796, 10.896, 10.692, 10.445, 10.22, 10.33, 9.87, 10.528, 10.88, 10.53, 9.96, 9.25, 8.18, 9.59, 9.02, 7.42, 5.91, 5.74, 6.197, 6.916, 6.415, 5.915, 5.58, 5.04, 5.35, 6.1, 4.99, 3.84, 3.99, 3.76, 3.01, 2.45, 2.0, 2.01, 2.73, 2.7, 2.62, 2.55, 3.1, 3.28, 3.47, 3.62, 3.07, 2.72, 2.75, 2.97, 3.12, 2.84, 2.09, 1.35, 0.8, 0, 0.88, 1.9, 2.22, 2.7, 2.69, 2.37, 2.11, 1.93, 2.01, 2.37, 2.59, 3.04, 3.15, 3.33, 3.43, 3.63, 4.35, 4.45, 4.44, 4.09, 4.04, 3.96, 4.09], [8.83, 9.314, 9.99, 9.999, 9.88, 10.459, 10.672, 10.43, 10.967, 11.87, 11.86, 11.99, 11.07, 10.86, 10.55, 10.24, 10.29, 9.89, 10.57, 10.84, 10.47, 9.96, 9.23, 8.04, 9.49, 8.96, 7.44, 6.09, 5.96, 6.515, 7.27, 6.74, 6.2, 5.74, 5.02, 5.33, 6.04, 4.93, 3.74, 3.89, 3.86, 3.01, 2.33, 2.04, 1.97, 2.53, 2.58, 2.52, 2.35, 3.08, 3.36, 3.65, 3.66, 3.11, 2.66, 2.75, 2.85, 2.92, 2.8, 2.19, 1.65, 0.98, 0.88, 0, 1.48, 1.76, 2.22, 2.25, 1.99, 1.75, 1.71, 1.81, 2.19, 2.51, 3.1, 3.21, 3.45, 3.53, 3.73, 4.43, 4.57, 4.5, 4.21, 4.08, 3.92, 3.93], [9.907, 10.317, 10.975, 10.961, 10.555, 11.404, 11.455, 11.182, 11.785, 12.61, 12.48, 12.63, 11.79, 11.657, 11.573, 11.197, 10.87, 10.55, 11.17, 11.38, 11.01, 10.56, 9.75, 8.5, 9.75, 9.36, 7.92, 7.112, 6.953, 7.502, 8.11, 7.64, 6.916, 6.24, 5.52, 5.91, 6.84, 5.93, 4.38, 4.77, 4.76, 3.55, 2.89, 2.64, 2.45, 2.77, 2.7, 2.7, 2.89, 3.74, 4.137, 4.572, 4.74, 4.05, 3.62, 3.63, 3.63, 3.76, 3.84, 3.21, 2.71, 1.98, 1.9, 1.48, 0, 0.84, 1.48, 1.53, 1.37, 1.29, 1.61, 1.73, 1.77, 1.97, 2.56, 3.69, 4.13, 4.17, 4.43, 4.87, 4.91, 4.92, 4.79, 4.6, 4.44, 4.13], [10.269, 10.753, 11.4, 11.373, 10.932, 11.773, 11.82, 11.533, 12.064, 12.859, 12.686, 12.816, 12.002, 11.917, 11.838, 11.44, 11.136, 10.756, 11.336, 11.486, 11.096, 10.683, 9.859, 8.558, 9.65, 9.398, 8.066, 7.452, 7.337, 7.93, 8.458, 8.019, 7.267, 6.526, 5.866, 6.298, 7.223, 6.249, 4.66, 5.087, 5.133, 3.87, 3.15, 2.92, 2.87, 3.13, 3.046, 2.98, 3.196, 4.0, 4.502, 4.923, 5.047, 4.346, 3.925, 3.95, 3.97, 4.04, 4.14, 3.627, 3.09, 2.4, 2.22, 1.76, 0.84, 0, 0.98, 1.05, 1.27, 1.33, 1.65, 1.63, 1.61, 1.77, 2.52, 3.93, 4.31, 4.35, 4.63, 5.15, 5.25, 5.2, 4.97, 4.76, 4.6, 4.43], [10.634, 11.103, 11.77, 11.716, 11.273, 12.097, 12.032, 11.724, 12.302, 13.09, 12.852, 12.982, 12.184, 12.132, 12.147, 11.739, 11.415, 10.976, 11.404, 11.56, 11.13, 10.723, 10.036, 8.84, 9.591, 9.383, 8.237, 7.848, 7.757, 8.306, 8.827, 8.36, 7.634, 6.78, 6.13, 6.634, 7.553, 6.649, 5.031, 5.486, 5.536, 4.21, 3.37, 3.18, 3.238, 3.398, 3.356, 3.265, 3.552, 4.367, 4.876, 5.32, 5.462, 4.755, 4.339, 4.349, 4.383, 4.42, 4.54, 4.009, 3.49, 2.84, 2.7, 2.22, 1.48, 0.98, 0, 0.69, 1.27, 1.51, 1.65, 1.57, 1.81, 2.01, 2.78, 4.13, 4.63, 4.65, 4.91, 5.51, 5.59, 5.52, 5.35, 5.14, 4.96, 4.75], [10.676, 11.156, 11.829, 11.775, 11.329, 12.153, 12.07, 11.803, 12.357, 13.146, 12.959, 13.046, 12.223, 12.207, 12.194, 11.789, 11.477, 11.049, 11.489, 11.627, 11.186, 10.724, 10.089, 8.91, 9.75, 9.419, 8.299, 7.901, 7.81, 8.379, 8.88, 8.433, 7.691, 6.893, 6.216, 6.666, 7.58, 6.685, 5.066, 5.516, 5.606, 4.3, 3.48, 3.29, 3.268, 3.528, 3.42, 3.335, 3.622, 4.42, 4.929, 5.373, 5.495, 4.825, 4.389, 4.379, 4.433, 4.49, 4.589, 4.042, 3.531, 2.87, 2.69, 2.25, 1.53, 1.05, 0.69, 0, 1.06, 1.34, 1.6, 1.54, 1.78, 1.98, 2.77, 4.18, 4.64, 4.68, 4.96, 5.56, 5.6, 5.57, 5.38, 5.17, 4.99, 4.7], [10.199, 10.682, 11.332, 11.312, 10.923, 11.679, 11.604, 11.357, 11.874, 12.717, 12.559, 12.689, 11.766, 11.724, 11.705, 11.324, 11.061, 10.592, 11.112, 11.342, 10.878, 10.428, 9.758, 8.674, 9.85, 9.274, 8.008, 7.462, 7.381, 7.916, 8.489, 8.015, 7.332, 6.648, 5.84, 6.253, 7.123, 6.219, 4.661, 5.056, 5.31, 4.16, 3.38, 3.19, 2.88, 3.14, 3.15, 3.11, 3.32, 4.028, 4.489, 4.939, 5.092, 4.4, 3.97, 3.98, 4.0, 4.03, 4.15, 3.559, 3.031, 2.43, 2.37, 1.99, 1.37, 1.27, 1.27, 1.06, 0, 1.1, 1.18, 1.48, 1.5, 1.88, 2.65, 4.0, 4.52, 4.54, 4.82, 5.3, 5.34, 5.31, 5.12, 4.97, 4.79, 4.5], [10.203, 10.69, 11.352, 11.312, 10.993, 11.752, 11.864, 11.577, 12.063, 12.926, 12.882, 13.049, 12.126, 11.953, 11.829, 11.45, 11.212, 10.852, 11.532, 11.742, 11.375, 10.902, 10.092, 8.828, 10.09, 9.694, 8.345, 7.428, 7.301, 7.882, 8.469, 7.979, 7.322, 6.668, 5.922, 6.252, 7.099, 6.223, 4.716, 5.02, 5.07, 3.84, 3.04, 2.83, 2.82, 3.08, 3.03, 2.93, 3.252, 4.022, 4.462, 4.892, 5.028, 4.32, 3.95, 3.94, 3.98, 3.97, 4.09, 3.519, 2.951, 2.31, 2.11, 1.75, 1.29, 1.33, 1.51, 1.34, 1.1, 0, 1.08, 1.24, 1.36, 1.66, 2.31, 3.4, 3.8, 3.86, 4.14, 4.78, 4.82, 4.81, 4.56, 4.37, 4.19, 3.96], [9.754, 10.167, 10.822, 10.791, 10.422, 11.2, 11.227, 10.998, 11.515, 12.406, 12.282, 12.409, 11.529, 11.387, 11.363, 11.051, 10.884, 10.378, 11.058, 11.274, 10.97, 10.448, 9.684, 8.628, 9.913, 9.394, 7.891, 7.058, 6.892, 7.358, 7.949, 7.545, 6.888, 6.308, 5.408, 5.798, 6.636, 5.754, 4.168, 4.64, 4.69, 3.5, 2.72, 2.45, 2.42, 2.77, 2.75, 2.69, 2.94, 3.768, 4.068, 4.558, 4.771, 4.1, 3.65, 3.64, 3.72, 3.79, 3.87, 3.12, 2.5, 1.95, 1.93, 1.71, 1.61, 1.65, 1.65, 1.6, 1.18, 1.08, 0, 0.92, 1.08, 1.42, 2.07, 2.94, 3.42, 3.44, 3.72, 4.34, 4.48, 4.45, 4.18, 3.91, 3.79, 3.82], [9.911, 10.375, 11.039, 10.999, 10.564, 11.411, 11.379, 11.086, 11.649, 12.523, 12.359, 12.486, 11.646, 11.536, 11.5, 11.25, 11.02, 10.52, 11.098, 11.27, 10.88, 10.35, 9.8, 8.67, 9.88, 9.37, 7.91, 7.212, 7.09, 7.557, 8.179, 7.742, 7.045, 6.425, 5.588, 5.95, 6.793, 5.911, 4.339, 4.76, 4.718, 3.36, 2.44, 2.27, 2.56, 3.02, 2.87, 2.77, 3.0, 3.885, 4.222, 4.698, 4.93, 4.26, 3.79, 3.82, 3.94, 3.99, 4.03, 3.32, 2.659, 2.05, 2.01, 1.81, 1.73, 1.63, 1.57, 1.54, 1.48, 1.24, 0.92, 0, 0.88, 1.2, 1.89, 2.92, 3.32, 3.36, 3.62, 4.3, 4.38, 4.33, 4.06, 3.87, 3.71, 3.72], [10.374, 10.792, 11.465, 11.422, 11.007, 11.834, 11.842, 11.554, 12.149, 13.017, 12.836, 12.966, 12.126, 12.019, 12.0, 11.687, 11.4, 10.938, 11.538, 11.77, 11.38, 10.908, 10.18, 9.05, 10.32, 9.83, 8.328, 7.625, 7.449, 7.977, 8.546, 8.063, 7.329, 6.685, 5.868, 6.28, 7.21, 6.391, 4.77, 5.2, 5.123, 3.72, 2.72, 2.63, 2.851, 3.24, 3.15, 3.09, 3.414, 4.245, 4.618, 5.058, 5.308, 4.62, 4.17, 4.16, 4.2, 4.33, 4.41, 3.72, 3.04, 2.47, 2.37, 2.19, 1.77, 1.61, 1.81, 1.78, 1.5, 1.36, 1.08, 0.88, 0, 0.9, 1.77, 3.06, 3.34, 3.38, 3.62, 4.34, 4.5, 4.43, 4.18, 3.95, 3.81, 3.78], [10.423, 10.787, 11.443, 11.423, 10.99, 11.863, 11.964, 11.674, 12.272, 13.08, 12.859, 12.989, 12.226, 12.142, 12.069, 11.711, 11.464, 10.978, 11.578, 11.754, 11.418, 10.988, 10.164, 9.034, 10.29, 9.874, 8.351, 7.628, 7.452, 7.998, 8.502, 8.026, 7.312, 6.628, 5.865, 6.306, 7.276, 6.394, 4.773, 5.26, 5.141, 3.665, 2.78, 2.63, 2.86, 3.327, 3.254, 3.174, 3.421, 4.248, 4.653, 5.088, 5.351, 4.68, 4.15, 4.12, 4.26, 4.35, 4.45, 3.66, 3.045, 2.67, 2.59, 2.51, 1.97, 1.77, 2.01, 1.98, 1.88, 1.66, 1.42, 1.2, 0.9, 0, 1.43, 2.82, 3.26, 3.36, 3.72, 4.46, 4.68, 4.63, 4.36, 4.11, 3.97, 3.96], [9.982, 10.354, 10.998, 10.944, 10.632, 11.407, 11.483, 11.262, 11.799, 12.639, 12.612, 12.702,