[[0, 0.92, 1.07, 1.31, 1.43, 1.47, 1.41, 1.67, 1.96, 1.89, 2.27, 2.84, 2.98, 2.9, 2.73, 2.66, 2.2, 2.07, 1.94, 1.79, 1.8, 2.04, 2.85, 2.64, 1.7, 2.22, 2.06, 2.44, 3.01, 2.62, 2.26, 2.3, 2.14, 2.07, 1.9, 2.23, 2.52, 2.33, 1.93, 1.95, 2.3, 2.76, 3.12, 3.6, 3.49, 2.49, 2.1, 1.84, 1.93, 2.88, 3.83, 4.61, 4.99, 5.87, 6.23, 6.13, 5.68, 4.81, 3.91, 3.5, 3.48, 4.48, 4.22, 4.22, 4.21, 3.73, 3.44, 3.08, 2.93, 2.67, 2.16, 1.65, 2.62, 3.8, 4.21, 4.68, 5.33, 5.93, 6.62, 7.2, 7.23, 6.47, 5.27, 5.46, 6.41, 6.78], [0.92, 0, 0.93, 1.23, 1.37, 1.63, 1.21, 1.53, 1.6, 1.63, 2.07, 2.44, 2.64, 2.6, 2.55, 2.5, 2.12, 2.15, 2.06, 2.05, 2.04, 2.28, 2.79, 2.72, 2.08, 2.4, 2.2, 2.6, 3.23, 2.9, 2.4, 2.42, 2.2, 2.29, 2.18, 2.57, 2.62, 2.35, 2.03, 2.09, 2.44, 2.84, 3.1, 3.5, 3.35, 2.37, 2.06, 1.74, 2.05, 2.56, 3.51, 4.27, 4.63, 5.57, 5.91, 5.93, 5.36, 4.51, 3.65, 3.4, 3.42, 4.16, 4.04, 4.14, 4.15, 3.81, 3.4, 3.0, 2.79, 2.69, 2.12, 2.13, 2.94, 3.98, 4.41, 4.94, 5.59, 6.17, 6.88, 7.48, 7.53, 6.79, 5.59, 5.8, 6.75, 7.1], [1.07, 0.93, 0, 0.92, 1.34, 1.28, 1.04, 1.44, 1.65, 1.72, 2.16, 2.83, 3.11, 2.99, 2.82, 2.75, 2.33, 2.14, 1.93, 1.82, 2.03, 2.39, 3.04, 2.79, 1.81, 1.91, 1.71, 2.09, 2.76, 2.51, 1.83, 2.19, 1.97, 1.98, 1.93, 2.5, 2.87, 2.56, 2.14, 2.18, 2.51, 2.95, 3.33, 3.71, 3.56, 2.52, 2.23, 1.83, 1.94, 2.89, 3.94, 4.72, 5.08, 6.0, 6.32, 6.26, 5.75, 4.92, 4.0, 3.69, 3.67, 4.45, 4.41, 4.47, 4.48, 4.0, 3.69, 3.33, 3.14, 2.94, 2.41, 1.96, 2.59, 3.73, 4.08, 4.55, 5.18, 5.76, 6.51, 7.15, 7.2, 6.48, 5.26, 5.47, 6.42, 6.781], [1.31, 1.23, 0.92, 0, 0.88, 1.12, 1.16, 1.42, 1.53, 1.6, 2.02, 2.55, 2.89, 2.73, 2.52, 2.31, 1.79, 1.74, 1.59, 1.52, 1.57, 1.93, 2.6, 2.39, 1.93, 2.23, 2.03, 2.33, 3.12, 2.75, 2.25, 2.33, 2.03, 2.02, 1.85, 2.2, 2.55, 2.18, 1.66, 1.8, 2.15, 2.51, 2.85, 3.29, 3.18, 2.32, 2.07, 1.57, 1.72, 2.51, 3.56, 4.32, 4.68, 5.56, 5.98, 5.9, 5.35, 4.48, 3.7, 3.19, 3.23, 4.11, 3.93, 3.95, 3.88, 3.4, 3.13, 2.75, 2.68, 2.48, 2.05, 1.84, 2.69, 3.79, 4.22, 4.71, 5.3, 5.88, 6.63, 7.35, 7.44, 6.736, 5.516, 5.71, 6.676, 7.046], [1.43, 1.37, 1.34, 0.88, 0, 0.84, 1.42, 1.42, 1.39, 1.24, 1.62, 2.19, 2.47, 2.23, 1.98, 1.73, 1.31, 1.44, 1.39, 1.36, 1.27, 1.49, 2.02, 1.91, 2.07, 2.59, 2.43, 2.91, 3.64, 3.39, 2.75, 2.67, 2.25, 2.36, 2.01, 2.2, 2.45, 1.94, 1.24, 1.48, 1.55, 1.87, 2.21, 2.69, 2.48, 1.86, 1.81, 1.41, 1.3, 1.85, 2.92, 3.68, 4.02, 4.9, 5.3, 5.22, 4.69, 3.84, 3.02, 2.53, 2.53, 3.49, 3.39, 3.35, 3.32, 2.78, 2.53, 2.13, 2.24, 2.1, 1.93, 1.96, 3.21, 4.31, 4.68, 5.37, 5.96, 6.52, 7.29, 7.992, 8.099, 7.396, 6.176, 6.37, 7.336, 7.706], [1.47, 1.63, 1.28, 1.12, 0.84, 0, 1.34, 1.4, 1.39, 1.24, 1.58, 2.25, 2.51, 2.39, 2.2, 2.07, 1.63, 1.46, 1.27, 1.36, 1.15, 1.47, 2.08, 2.01, 2.01, 2.45, 2.27, 2.75, 3.44, 3.15, 2.69, 2.83, 2.31, 2.26, 1.93, 2.22, 2.69, 2.1, 1.52, 1.8, 1.93, 2.05, 2.63, 3.05, 2.88, 2.22, 1.99, 1.77, 1.7, 2.25, 3.3, 4.08, 4.42, 5.28, 5.68, 5.48, 5.03, 4.22, 3.36, 2.77, 2.89, 3.85, 3.81, 3.59, 3.44, 2.92, 2.69, 2.35, 2.54, 2.44, 2.27, 2.06, 3.07, 4.13, 4.56, 5.13, 5.7, 6.24, 6.99, 7.71, 7.8, 7.1, 5.88, 6.07, 7.04, 7.409], [1.41, 1.21, 1.04, 1.16, 1.42, 1.34, 0, 0.76, 1.55, 1.82, 2.1, 2.69, 3.09, 2.87, 2.82, 2.59, 2.23, 2.0, 1.79, 2.04, 2.09, 2.47, 2.94, 2.99, 1.79, 1.91, 1.61, 2.07, 2.74, 2.51, 1.87, 1.89, 1.55, 1.7, 1.77, 2.28, 2.65, 2.52, 2.22, 2.4, 2.75, 3.05, 3.35, 3.75, 3.5, 2.8, 2.33, 1.99, 1.96, 2.79, 3.86, 4.6, 4.98, 5.78, 6.28, 6.24, 5.57, 4.72, 4.06, 3.59, 3.73, 4.61, 4.63, 4.43, 4.38, 4.02, 3.65, 3.17, 3.14, 3.04, 2.23, 2.04, 2.81, 3.61, 4.0, 4.49, 5.08, 5.6, 6.35, 7.05, 7.14, 6.44, 5.22, 5.41, 6.38, 6.75], [1.67, 1.53, 1.44, 1.42, 1.42, 1.4, 0.76, 0, 1.51, 1.72, 1.98, 2.61, 3.09, 2.81, 2.6, 2.39, 2.07, 1.8, 1.57, 1.92, 2.07, 2.41, 2.76, 2.97, 1.89, 2.05, 1.87, 2.33, 2.98, 2.81, 2.19, 1.99, 1.59, 1.8, 1.85, 2.1, 2.51, 2.42, 2.22, 2.4, 2.73, 3.01, 3.27, 3.61, 3.4, 2.82, 2.49, 2.01, 1.9, 2.47, 3.62, 4.36, 4.74, 5.52, 6.08, 6.0, 5.25, 4.44, 3.84, 3.37, 3.51, 4.41, 4.43, 4.19, 4.14, 3.8, 3.45, 2.99, 3.16, 2.98, 2.41, 2.2, 3.11, 3.81, 4.2, 4.75, 5.32, 5.9, 6.67, 7.355, 7.462, 6.779, 5.559, 5.749, 6.719, 7.089], [1.96, 1.6, 1.65, 1.53, 1.39, 1.39, 1.55, 1.51, 0, 1.13, 1.45, 1.54, 1.9, 1.74, 1.63, 1.6, 1.38, 1.37, 1.56, 1.75, 1.96, 2.16, 2.37, 2.78, 2.58, 2.96, 2.58, 3.2, 3.91, 3.64, 2.96, 2.9, 2.56, 2.63, 2.46, 2.49, 2.62, 2.09, 2.11, 2.27, 2.56, 2.76, 2.8, 3.02, 2.89, 2.25, 2.16, 1.82, 1.65, 1.84, 2.63, 3.47, 3.91, 4.71, 5.05, 5.15, 4.56, 3.67, 3.07, 2.92, 3.08, 3.56, 3.64, 3.6, 3.59, 3.41, 2.9, 2.72, 2.95, 2.85, 2.68, 2.71, 3.64, 4.54, 4.95, 5.52, 6.19, 6.75, 7.54, 8.213, 8.321, 7.638, 6.418, 6.608, 7.578, 7.948], [1.89, 1.63, 1.72, 1.6, 1.24, 1.24, 1.82, 1.72, 1.13, 0, 0.72, 1.35, 1.83, 1.57, 1.6, 1.55, 1.47, 1.62, 1.77, 1.68, 1.73, 1.77, 1.88, 2.27, 2.75, 3.17, 2.85, 3.31, 3.92, 3.75, 3.05, 3.35, 2.89, 2.94, 2.73, 2.78, 2.81, 2.24, 2.0, 2.12, 2.27, 2.37, 2.57, 2.83, 2.56, 2.06, 2.05, 1.91, 1.76, 1.61, 2.7, 3.4, 3.78, 4.6, 5.08, 4.98, 4.31, 3.52, 2.72, 2.51, 2.65, 3.25, 3.39, 3.25, 3.24, 3.0, 2.57, 2.29, 2.68, 2.7, 2.65, 2.86, 3.69, 4.85, 5.36, 5.75, 6.4, 6.96, 7.77, 8.41, 8.479, 7.776, 6.556, 6.746, 7.716, 8.086], [2.27, 2.07, 2.16, 2.02, 1.62, 1.58, 2.1, 1.98, 1.45, 0.72, 0, 1.11, 1.59, 1.21, 1.5, 1.55, 1.55, 1.72, 1.97, 1.84, 1.97, 1.89, 1.96, 2.39, 3.05, 3.51, 3.21, 3.63, 4.22, 4.01, 3.43, 3.63, 3.19, 3.16, 3.05, 2.94, 3.03, 2.46, 2.22, 2.34, 2.47, 2.57, 2.57, 2.71, 2.5, 2.18, 2.15, 2.03, 1.96, 1.63, 2.52, 3.18, 3.62, 4.4, 4.84, 4.8, 4.11, 3.32, 2.72, 2.55, 2.71, 3.13, 3.29, 3.15, 3.2, 2.88, 2.57, 2.43, 2.94, 2.9, 2.85, 3.06, 4.13, 5.21, 5.72, 6.03, 6.62, 7.2, 7.99, 8.61, 8.682, 7.999, 6.78, 6.969, 7.939, 8.309], [2.84, 2.44, 2.83, 2.55, 2.19, 2.25, 2.69, 2.61, 1.54, 1.35, 1.11, 0, 0.9, 0.64, 1.15, 1.28, 1.56, 2.03, 2.48, 2.35, 2.38, 2.26, 2.09, 2.64, 3.64, 4.3, 3.88, 4.48, 5.15, 4.9, 4.12, 4.04, 3.72, 3.69, 3.52, 3.33, 3.1, 2.61, 2.49, 2.61, 2.7, 2.86, 2.46, 2.44, 2.31, 2.05, 2.06, 2.08, 2.25, 1.54, 1.93, 2.51, 2.99, 3.63, 3.99, 4.31, 3.5, 2.77, 2.51, 2.76, 2.9, 2.82, 3.12, 3.12, 3.13, 3.01, 2.62, 2.68, 3.19, 3.07, 3.06, 3.59, 4.78, 5.86, 6.33, 6.76, 7.31, 7.85, 8.66, 9.34, 9.43, 8.73, 7.51, 7.7, 8.67, 9.04], [2.98, 2.64, 3.11, 2.89, 2.47, 2.51, 3.09, 3.09, 1.9, 1.83, 1.59, 0.9, 0, 0.72, 1.19, 1.34, 1.72, 2.21, 2.78, 2.71, 2.62, 2.36, 2.23, 2.74, 3.82, 4.58, 4.3, 4.82, 5.49, 5.18, 4.5, 4.46, 4.14, 4.09, 3.8, 3.53, 3.32, 2.75, 2.71, 2.77, 2.86, 3.06, 2.64, 2.48, 2.39, 2.19, 2.34, 2.34, 2.47, 1.78, 2.13, 2.59, 2.99, 3.31, 3.61, 3.97, 3.56, 2.95, 2.77, 2.86, 3.02, 2.98, 3.24, 3.2, 3.23, 3.09, 2.74, 2.78, 3.27, 3.15, 3.26, 3.77, 5.1, 6.14, 6.61, 7.1, 7.67, 8.19, 9.02, 9.68, 9.77, 9.07, 7.85, 8.04, 9.01, 9.38], [2.9, 2.6, 2.99, 2.73, 2.23, 2.39, 2.87, 2.81, 1.74, 1.57, 1.21, 0.64, 0.72, 0, 1.01, 1.14, 1.62, 2.13, 2.66, 2.61, 2.58, 2.36, 2.21, 2.66, 3.64, 4.28, 4.08, 4.58, 5.25, 5.04, 4.3, 4.28, 3.9, 3.89, 3.7, 3.43, 3.2, 2.69, 2.61, 2.73, 2.78, 2.92, 2.64, 2.58, 2.39, 2.19, 2.26, 2.18, 2.33, 1.66, 2.13, 2.69, 3.15, 3.57, 3.83, 4.25, 3.68, 2.95, 2.67, 2.82, 2.94, 2.8, 3.2, 3.22, 3.25, 3.07, 2.7, 2.74, 3.25, 3.17, 3.14, 3.63, 5.0, 6.02, 6.49, 6.96, 7.53, 8.07, 8.88, 9.551, 9.658, 8.97, 7.75, 7.94, 8.91, 9.28], [2.73, 2.55, 2.82, 2.52, 1.98, 2.2, 2.82, 2.6, 1.63, 1.6, 1.5, 1.15, 1.19, 1.01, 0, 0.81, 1.13, 1.58, 2.31, 2.34, 2.25, 1.97, 1.82, 2.43, 3.29, 4.17, 3.93, 4.55, 5.26, 4.97, 4.31, 4.11, 3.79, 3.72, 3.31, 2.8, 2.53, 2.0, 1.96, 2.1, 2.33, 2.43, 2.41, 2.53, 2.42, 2.04, 2.07, 2.03, 2.28, 1.77, 2.02, 2.76, 3.14, 3.48, 3.8, 4.02, 3.63, 2.94, 2.3, 2.45, 2.61, 2.81, 2.99, 2.91, 2.9, 2.74, 2.31, 2.33, 2.72, 2.62, 2.59, 3.12, 4.71, 5.77, 6.24, 6.79, 7.34, 7.9, 8.69, 9.393, 9.488, 8.8, 7.58, 7.77, 8.74, 9.11], [2.66, 2.5, 2.75, 2.31, 1.73, 2.07, 2.59, 2.39, 1.6, 1.55, 1.55, 1.28, 1.34, 1.14, 0.81, 0, 0.76, 1.31, 2.1, 2.07, 2.16, 1.98, 1.67, 2.16, 3.1, 4.04, 3.78, 4.42, 5.11, 4.84, 4.14, 3.88, 3.6, 3.47, 3.16, 2.69, 2.34, 1.99, 1.89, 2.07, 2.1, 2.22, 2.12, 2.4, 2.35, 2.15, 2.14, 2.12, 2.17, 1.48, 1.97, 2.67, 2.93, 3.45, 3.89, 3.85, 3.48, 2.83, 2.29, 2.18, 2.48, 2.88, 3.02, 2.72, 2.69, 2.55, 2.1, 2.02, 2.55, 2.51, 2.38, 3.03, 4.62, 5.68, 6.13, 6.7, 7.23, 7.77, 8.58, 9.257, 9.37, 8.67, 7.45, 7.64, 8.61, 8.98], [2.2, 2.12, 2.33, 1.79, 1.31, 1.63, 2.23, 2.07, 1.38, 1.47, 1.55, 1.56, 1.72, 1.62, 1.13, 0.76, 0, 0.75, 1.46, 1.53, 1.64, 1.62, 1.49, 2.06, 2.64, 3.54, 3.32, 3.86, 4.57, 4.16, 3.7, 3.42, 3.18, 3.05, 2.56, 2.15, 2.12, 1.79, 1.57, 1.85, 1.98, 2.16, 2.2, 2.64, 2.57, 2.29, 2.16, 2.1, 2.03, 1.58, 2.31, 3.15, 3.43, 4.15, 4.53, 4.41, 4.0, 3.27, 2.53, 2.24, 2.58, 3.3, 3.14, 2.8, 2.67, 2.45, 2.0, 2.02, 2.51, 2.37, 2.06, 2.47, 3.96, 5.02, 5.47, 6.0, 6.55, 7.11, 7.92, 8.58, 8.67, 7.97, 6.75, 6.94, 7.91, 8.28], [2.07, 2.15, 2.14, 1.74, 1.44, 1.46, 2.0, 1.8, 1.37, 1.62, 1.72, 2.03, 2.21, 2.13, 1.58, 1.31, 0.75, 0, 0.89, 1.06, 1.35, 1.49, 1.64, 2.23, 2.41, 3.19, 2.97, 3.45, 4.16, 3.63, 3.51, 3.25, 3.01, 2.82, 2.11, 1.76, 2.15, 1.74, 1.64, 1.92, 2.21, 2.37, 2.65, 3.07, 3.02, 2.64, 2.55, 2.37, 2.06, 2.09, 2.82, 3.66, 3.98, 4.76, 5.14, 4.88, 4.53, 3.76, 3.0, 2.49, 2.93, 3.73, 3.41, 2.91, 2.74, 2.54, 2.21, 2.27, 2.72, 2.46, 2.05, 2.3, 3.47, 4.49, 4.94, 5.43, 5.92, 6.5, 7.31, 7.99, 8.08, 7.38, 6.16, 6.33, 7.3, 7.69], [1.94, 2.06, 1.93, 1.59, 1.39, 1.27, 1.79, 1.57, 1.56, 1.77, 1.97, 2.48, 2.78, 2.66, 2.31, 2.1, 1.46, 0.89, 0, 0.69, 1.0, 1.4, 2.07, 2.18, 2.14, 2.54, 2.48, 2.88, 3.49, 2.92, 2.96, 2.74, 2.54, 2.37, 1.64, 1.73, 2.5, 2.09, 1.73, 2.07, 2.36, 2.4, 2.84, 3.28, 3.31, 2.91, 2.58, 2.52, 2.13, 2.64, 3.51, 4.33, 4.71, 5.53, 5.91, 5.63, 5.26, 4.49, 3.61, 2.92, 3.26, 4.28, 3.82, 3.34, 3.11, 2.65, 2.66, 2.62, 2.87, 2.55, 2.22, 2.17, 2.9, 3.64, 4.11, 4.6, 5.15, 5.73, 6.56, 7.24, 7.37, 6.59, 5.37, 5.56, 6.53, 6.9], [1.79, 2.05, 1.82, 1.52, 1.36, 1.36, 2.04, 1.92, 1.75, 1.68, 1.84, 2.35, 2.71, 2.61, 2.34, 2.07, 1.53, 1.06, 0.69, 0, 0.85, 1.27, 2.0, 1.97, 2.25, 2.79, 2.57, 2.99, 3.68, 3.11, 3.05, 2.91, 2.73, 2.46, 1.71, 1.86, 2.41, 2.02, 1.7, 1.92, 2.19, 2.37, 2.67, 3.13, 3.2, 2.62, 2.43, 2.33, 1.98, 2.59, 3.52, 4.28, 4.66, 5.48, 5.86, 5.58, 5.21, 4.44, 3.54, 2.93, 3.21, 4.195, 3.75, 3.27, 3.08, 2.54, 2.77, 2.63, 2.8, 2.4, 2.23, 2.16, 2.77, 3.79, 4.28, 4.73, 5.24, 5.82, 6.65, 7.31, 7.42, 6.64, 5.42, 5.61, 6.58, 6.97], [1.8, 2.04, 2.03, 1.57, 1.27, 1.15, 2.09, 2.07, 1.96, 1.73, 1.97, 2.38, 2.62, 2.58, 2.25, 2.16, 1.64, 1.35, 1.0, 0.85, 0, 0.74, 1.65, 1.48, 2.2, 2.9, 2.7, 3.22, 3.85, 3.28, 3.34, 3.1, 2.86, 2.65, 1.84, 1.87, 2.36, 1.77, 1.35, 1.53, 1.92, 1.84, 2.42, 2.96, 2.95, 2.25, 1.98, 2.02, 1.93, 2.52, 3.33, 4.13, 4.51, 5.33, 5.71, 5.43, 5.06, 4.29, 3.33, 2.66, 2.973, 4.045, 3.6, 3.08, 2.81, 2.35, 2.46, 2.2, 2.27, 1.91, 1.9, 1.91, 2.82, 3.9, 4.35, 4.82, 5.37, 5.91, 6.76, 7.5, 7.59, 6.83, 5.59, 5.8, 6.73, 7.1], [2.04, 2.28, 2.39, 1.93, 1.49, 1.47, 2.47, 2.41, 2.16, 1.77, 1.89, 2.26, 2.36, 2.36, 1.97, 1.98, 1.62, 1.49, 1.4, 1.27, 0.74, 0, 1.33, 1.32, 2.5, 3.32, 3.14, 3.62, 4.31, 3.74, 3.72, 3.44, 3.24, 3.03, 2.24, 2.09, 2.22, 1.65, 1.31, 1.45, 1.76, 1.68, 1.96, 2.5, 2.47, 1.93, 1.88, 2.02, 1.91, 2.22, 2.93, 3.63, 4.01, 4.85, 5.21, 4.93, 4.58, 3.83, 2.83, 2.24, 2.5, 3.545, 3.099, 2.56, 2.39, 2.01, 2.1, 1.92, 2.11, 1.91, 1.92, 2.13, 3.34, 4.4, 4.83, 5.3, 5.89, 6.39, 7.34, 8.1, 8.17, 7.39, 6.17, 6.36, 7.23, 7.6], [2.85, 2.79, 3.04, 2.6, 2.02, 2.08, 2.94, 2.76, 2.37, 1.88, 1.96, 2.09, 2.23, 2.21, 1.82, 1.67, 1.49, 1.64, 2.07, 2.0, 1.65, 1.33, 0, 1.19, 3.07, 3.97, 3.77, 4.37, 5.08, 4.63, 4.43, 4.11, 3.83, 3.66, 2.95, 2.32, 2.25, 1.9, 1.48, 1.64, 1.77, 1.59, 1.59, 1.81, 1.72, 1.7, 1.99, 2.45, 2.52, 1.93, 1.96, 2.56, 2.94, 3.76, 4.14, 3.9, 3.49, 2.72, 1.86, 1.49, 1.67, 2.57, 2.21, 1.73, 1.66, 1.44, 1.43, 1.35, 1.68, 1.84, 1.77, 2.68, 4.29, 5.35, 5.84, 6.37, 6.96, 7.46, 8.31, 9.027, 9.1, 8.42, 7.2, 7.39, 8.34, 8.71], [2.64, 2.72, 2.79, 2.39, 1.91, 2.01, 2.99, 2.97, 2.78, 2.27, 2.39, 2.64, 2.74, 2.66, 2.43, 2.16, 2.06, 2.23, 2.18, 1.97, 1.48, 1.32, 1.19, 0, 2.18, 3.14, 3.04, 3.64, 4.21, 3.92, 3.82, 3.5, 3.56, 3.21, 2.6, 2.63, 2.76, 2.29, 1.49, 1.71, 1.76, 1.46, 1.88, 2.2, 2.23, 1.69, 1.82, 2.2, 2.25, 2.34, 2.77, 3.39, 3.77, 4.59, 4.97, 4.73, 4.32, 3.55, 2.67, 2.02, 2.18, 3.24, 3.02, 2.66, 2.49, 1.91, 1.92, 1.72, 1.85, 1.95, 2.0, 2.11, 3.42, 4.48, 4.95, 5.58, 6.17, 6.67, 7.52, 8.188, 8.295, 7.61, 6.39, 6.58, 7.55, 7.92], [1.7, 2.08, 1.81, 1.93, 2.07, 2.01, 1.79, 1.89, 2.58, 2.75, 3.05, 3.64, 3.82, 3.64, 3.29, 3.1, 2.64, 2.41, 2.14, 2.25, 2.2, 2.5, 3.07, 2.18, 0, 1.16, 1.34, 2.0, 2.25, 2.26, 1.96, 1.74, 1.76, 1.39, 1.52, 2.05, 2.82, 2.83, 2.33, 2.53, 2.86, 3.06, 3.64, 4.08, 4.03, 3.09, 2.52, 2.28, 2.37, 3.48, 4.47, 5.21, 5.61, 6.39, 6.89, 6.67, 6.16, 5.33, 4.53, 3.94, 4.06, 5.08, 5.0, 4.72, 4.51, 3.93, 3.84, 3.44, 3.39, 3.15, 2.3, 1.11, 1.82, 2.68, 3.17, 3.78, 4.37, 4.91, 5.72, 6.388, 6.495, 5.81, 4.59, 4.78, 5.75, 6.12], [2.22, 2.4, 1.91, 2.23, 2.59, 2.45, 1.91, 2.05, 2.96, 3.17, 3.51, 4.3, 4.58, 4.28, 4.17, 4.04, 3.54, 3.19, 2.54, 2.79, 2.9, 3.32, 3.97, 3.14, 1.16, 0, 0.94, 1.36, 1.51, 1.6, 1.28, 1.36, 1.52, 1.37, 1.86, 2.69, 3.56, 3.63, 3.11, 3.37, 3.62, 3.8, 4.52, 5.0, 4.87, 3.83, 3.36, 3.06, 2.99, 4.14, 5.27, 6.03, 6.41, 7.29, 7.71, 7.47, 7.04, 6.23, 5.37, 4.76, 4.86, 5.62, 5.76, 5.6, 5.45, 4.83, 4.6, 4.32, 4.21, 4.05, 3.24, 1.63, 1.64, 2.28, 2.55, 3.14, 3.81, 4.35, 5.16, 5.818, 5.938, 5.242, 4.05, 4.212, 5.182, 5.552], [2.06, 2.2, 1.71, 2.03, 2.43, 2.27, 1.61, 1.87, 2.58, 2.85, 3.21, 3.88, 4.3, 4.08, 3.93, 3.78, 3.32, 2.97, 2.48, 2.57, 2.7, 3.14, 3.77, 3.04, 1.34, 0.94, 0, 1.22, 1.59, 1.62, 1.44, 1.66, 1.94, 1.61, 2.1, 2.91, 3.54, 3.45, 2.93, 3.17, 3.38, 3.62, 4.24, 4.76, 4.67, 3.55, 3.0, 2.82, 2.79, 3.94, 4.93, 5.73, 6.09, 7.01, 7.45, 7.19, 6.76, 5.95, 5.11, 4.62, 4.72, 5.6, 5.52, 5.4, 5.29, 4.65, 4.42, 4.16, 4.03, 3.87, 3.1, 1.77, 1.96, 2.68, 3.01, 3.32, 3.97, 4.47, 5.3, 5.968, 6.075, 5.392, 4.19, 4.362, 5.319, 5.702], [2.44, 2.6, 2.09, 2.33, 2.91, 2.75, 2.07, 2.33, 3.2, 3.31, 3.63, 4.48, 4.82, 4.58, 4.55, 4.42, 3.86, 3.45, 2.88, 2.99, 3.22, 3.62, 4.37, 3.64, 2.0, 1.36, 1.22, 0, 0.91, 1.12, 1.16, 1.76, 2.2, 1.91, 2.0, 2.99, 4.02, 3.99, 3.49, 3.71, 4.0, 4.22, 4.9, 5.38, 5.29, 4.25, 3.76, 3.52, 3.47, 4.62, 5.67, 6.47, 6.83, 7.75, 8.11, 7.89, 7.48, 6.69, 5.79, 5.16, 5.24, 6.14, 6.06, 5.92, 5.83, 5.21, 5.02, 4.72, 4.57, 4.39, 3.56, 2.33, 2.3, 2.8, 3.13, 3.02, 3.51, 3.99, 4.66, 5.305, 5.412, 4.729, 3.69, 3.9, 4.75, 5.059], [3.01, 3.23, 2.76, 3.12, 3.64, 3.44, 2.74, 2.98, 3.91, 3.92, 4.22, 5.15, 5.49, 5.25, 5.26, 5.11, 4.57, 4.16, 3.49, 3.68, 3.85, 4.31, 5.08, 4.21, 2.25, 1.51, 1.59, 0.91, 0, 0.95, 1.43, 1.93, 2.35, 2.06, 2.49, 3.48, 4.65, 4.7, 4.18, 4.46, 4.71, 4.85, 5.61, 6.09, 5.98, 4.94, 4.45, 4.19, 4.14, 5.31, 6.36, 7.16, 7.52, 8.42, 8.82, 8.58, 8.17, 7.36, 6.48, 5.85, 5.97, 6.89, 6.85, 6.69, 6.52, 5.9, 5.67, 5.41, 5.3, 5.14, 4.29, 2.64, 2.23, 2.69, 3.02, 2.81, 3.26, 3.7, 4.25, 4.77, 4.76, 4.02, 3.18, 3.39, 4.22, 4.43], [2.62, 2.9, 2.51, 2.75, 3.39, 3.15, 2.51, 2.81, 3.64, 3.75, 4.01, 4.9, 5.18, 5.04, 4.97, 4.84, 4.16, 3.63, 2.92, 3.11, 3.28, 3.74, 4.63, 3.92, 2.26, 1.6, 1.62, 1.12, 0.95, 0, 1.4, 1.68, 2.12, 1.83, 1.98, 2.91, 4.1, 4.11, 3.67, 3.91, 4.32, 4.48, 5.22, 5.76, 5.69, 4.69, 4.14, 3.92, 3.87, 5.08, 6.05, 6.85, 7.25, 8.15, 8.49, 8.21, 7.9, 7.09, 6.15, 5.52, 5.72, 6.713, 6.4, 6.16, 6.01, 5.39, 5.28, 5.04, 4.85, 4.63, 3.8, 2.27, 2.04, 2.38, 2.63, 2.52, 2.97, 3.51, 4.28, 4.8, 4.85, 4.135, 3.01, 3.22, 4.17, 4.46], [2.26, 2.4, 1.83, 2.25, 2.75, 2.69, 1.87, 2.19, 2.96, 3.05, 3.43, 4.12, 4.5, 4.3, 4.31, 4.14, 3.7, 3.51, 2.96, 3.05, 3.34, 3.72, 4.43, 3.82, 1.96, 1.28, 1.44, 1.16, 1.43, 1.4, 0, 1.02, 1.44, 1.27, 1.86, 2.87, 3.96, 4.07, 3.53, 3.65, 3.88, 4.32, 4.62, 5.06, 4.93, 3.91, 3.44, 3.16, 3.15, 4.3, 5.39, 6.15, 6.51, 7.39, 7.79, 7.75, 7.16, 6.33, 5.53, 5.16, 5.14, 5.96, 6.0, 6.02, 5.97, 5.35, 5.14, 4.78, 4.65, 4.47, 3.7, 2.27, 2.12, 2.44, 2.83, 3.0, 3.69, 4.27, 5.06, 5.676, 5.763, 5.061, 3.85, 4.024, 4.994, 5.371], [2.3, 2.42, 2.19, 2.33, 2.67, 2.83, 1.89, 1.99, 2.9, 3.35, 3.63, 4.04, 4.46, 4.28, 4.11, 3.88, 3.42, 3.25, 2.74, 2.91, 3.1, 3.44, 4.11, 3.5, 1.74, 1.36, 1.66, 1.76, 1.93, 1.68, 1.02, 0, 0.94, 0.97, 1.56, 2.53, 3.68, 3.81, 3.27, 3.39, 3.7, 4.04, 4.28, 4.78, 4.75, 3.73, 3.1, 2.82, 2.79, 3.98, 4.95, 5.79, 6.23, 7.05, 7.51, 7.43, 6.8, 5.99, 5.27, 4.88, 4.96, 5.88, 5.74, 5.74, 5.67, 5.07, 4.88, 4.52, 4.43, 4.19, 3.4, 1.99, 2.18, 2.46, 2.67, 3.14, 3.85, 4.35, 5.2, 5.828, 5.935, 5.232, 4.012, 4.202, 5.172, 5.542], [2.14, 2.2, 1.97, 2.03, 2.25, 2.31, 1.55, 1.59, 2.56, 2.89, 3.19, 3.72, 4.14, 3.9, 3.79, 3.6, 3.18, 3.01, 2.54, 2.73, 2.86, 3.24, 3.83, 3.56, 1.76, 1.52, 1.94, 2.2, 2.35, 2.12, 1.44, 0.94, 0, 0.81, 1.6, 2.27, 3.36, 3.51, 2.95, 3.13, 3.48, 3.78, 4.04, 4.44, 4.31, 3.45, 2.84, 2.52, 2.35, 3.5, 4.71, 5.45, 5.85, 6.59, 7.19, 7.21, 6.36, 5.55, 5.03, 4.58, 4.58, 5.48, 5.5, 5.38, 5.29, 4.71, 4.56, 4.14, 4.07, 3.85, 3.06, 1.81, 2.24, 2.72, 3.15, 3.74, 4.33, 4.85, 5.68, 6.365, 6.472, 5.789, 4.569, 4.759, 5.729, 6.099], [2.07, 2.29, 1.98, 2.02, 2.36, 2.26, 1.7, 1.8, 2.63, 2.94, 3.16, 3.69, 4.09, 3.89, 3.72, 3.47, 3.05, 2.82, 2.37, 2.46, 2.65, 3.03, 3.66, 3.21, 1.39, 1.37, 1.61, 1.91, 2.06, 1.83, 1.27, 0.97, 0.81, 0, 1.25, 2.0, 3.19, 3.38, 2.8, 3.04, 3.37, 3.67, 4.03, 4.43, 4.4, 3.46, 2.65, 2.51, 2.48, 3.69, 4.74, 5.54, 5.92, 6.68, 7.2, 7.1, 6.39, 5.62, 4.96, 4.49, 4.61, 5.59, 5.55, 5.31, 5.12, 4.6, 4.47, 4.05, 4.0, 3.74, 2.89, 1.6, 2.05, 2.61, 3.06, 3.57, 4.1, 4.62, 5.45, 6.144, 6.26, 5.56, 4.34, 4.53, 5.5, 5.87], [1.9, 2.18, 1.93, 1.85, 2.01, 1.93, 1.77, 1.85, 2.46, 2.73, 3.05, 3.52, 3.8, 3.7, 3.31, 3.16, 2.56, 2.11, 1.64, 1.71, 1.84, 2.24, 2.95, 2.6, 1.52, 1.86, 2.1, 2.0, 2.49, 1.98, 1.86, 1.56, 1.6, 1.25, 0, 1.29, 2.52, 2.55, 2.09, 2.25, 2.74, 3.1, 3.58, 4.14, 4.09, 3.17, 2.6, 2.46, 2.39, 3.6, 4.45, 5.27, 5.65, 6.47, 6.87, 6.59, 6.22, 5.43, 4.47, 3.96, 4.18, 5.251, 4.86, 4.48, 4.29, 3.79, 3.8, 3.44, 3.39, 2.97, 2.2, 1.53, 2.16, 2.72, 3.17, 3.68, 4.17, 4.69, 5.56, 6.22, 6.35, 5.65, 4.43, 4.62, 5.59, 5.96], [2.23, 2.57, 2.5, 2.2, 2.2, 2.22, 2.28, 2.1, 2.49, 2.78, 2.94, 3.33, 3.53, 3.43, 2.8, 2.69, 2.15, 1.76, 1.73, 1.86, 1.87, 2.09, 2.32, 2.63, 2.05, 2.69, 2.91, 2.99, 3.48, 2.91, 2.87, 2.53, 2.27, 2.0, 1.29, 0, 1.49, 1.8, 1.7, 1.88, 2.47, 2.63, 3.23, 3.69, 3.56, 3.06, 2.69, 2.49, 2.54, 3.05, 3.74, 4.56, 4.94, 5.76, 6.18, 5.9, 5.53, 4.74, 3.8, 3.19, 3.51, 4.546, 4.13, 3.542, 3.3, 2.96, 2.97, 2.83, 2.88, 2.46, 1.63, 1.58, 2.67, 3.55, 3.92, 4.47, 4.9, 5.42, 6.37, 7.09, 7.18, 6.5, 5.28, 5.45, 6.36, 6.75], [2.52, 2.62, 2.87, 2.55, 2.45, 2.69, 2.65, 2.51, 2.62, 2.81, 3.03, 3.1, 3.32, 3.2, 2.53, 2.34, 2.12, 2.15, 2.5, 2.41, 2.36, 2.22, 2.25, 2.76, 2.82, 3.56, 3.54, 4.02, 4.65, 4.1, 3.96, 3.68, 3.36, 3.19, 2.52, 1.49, 0, 1.09, 1.71, 1.63, 2.14, 2.42, 2.9, 3.36, 3.21, 2.93, 2.7, 2.54, 2.95, 2.86, 3.13, 3.97, 4.25, 5.07, 5.481, 5.198, 4.9, 4.09, 3.21, 2.7, 3.176, 3.965, 3.696, 2.973, 2.77, 2.71, 2.66, 2.34, 2.39, 1.81, 1.24, 2.15, 3.42, 4.4, 4.73, 5.32, 5.67, 6.19, 7.34, 8.12, 8.17, 7.41, 6.23, 6.38, 7.17, 7.6], [2.33, 2.35, 2.56, 2.18, 1.94, 2.1, 2.52, 2.42, 2.09, 2.24, 2.46, 2.61, 2.75, 2.69, 2.0, 1.99, 1.79, 1.74, 2.09, 2.02, 1.77, 1.65, 1.9, 2.29, 2.83, 3.63, 3.45, 3.99, 4.7, 4.11, 4.07, 3.81, 3.51, 3.38, 2.55, 1.8, 1.09, 0, 1.16, 1.22, 1.81, 1.99, 2.57, 3.15, 2.9, 2.38, 2.37, 1.87, 2.28, 2.41, 2.74, 3.56, 3.92, 4.72, 5.1, 4.86, 4.53, 3.78, 2.82, 2.41, 2.91, 3.623, 3.423, 2.78, 2.58, 2.44, 2.29, 1.99, 2.0, 1.62, 1.31, 2.26, 3.55, 4.55, 4.92, 5.45, 6.02, 6.54, 7.57, 8.33, 8.42, 7.66, 6.44, 6.63, 7.46, 7.85], [1.93, 2.03, 2.14, 1.66, 1.24, 1.52, 2.22, 2.22, 2.11, 2.0, 2.22, 2.49, 2.71, 2.61, 1.96, 1.89, 1.57, 1.64, 1.73, 1.7, 1.35, 1.31, 1.48, 1.49, 2.33, 3.11, 2.93, 3.49, 4.18, 3.67, 3.53, 3.27, 2.95, 2.8, 2.09, 1.7, 1.71, 1.16, 0, 0.72, 1.07, 1.23, 1.81, 2.45, 2.3, 1.66, 1.59, 1.47, 1.7, 2.15, 2.6, 3.42, 3.8, 4.66, 5.04, 4.76, 4.43, 3.66, 2.64, 2.13, 2.33, 3.292, 3.005, 2.677, 2.6, 2.13, 1.95, 1.65, 1.62, 1.38, 1.25, 1.76, 3.41, 4.45, 4.84, 5.47, 6.08, 6.62, 7.45, 8.13, 8.24, 7.56, 6.34, 6.53, 7.493, 7.87], [1.95, 2.09, 2.18, 1.8, 1.48, 1.8, 2.4, 2.4, 2.27, 2.12, 2.34, 2.61, 2.77, 2.73, 2.1, 2.07, 1.85, 1.92, 2.07, 1.92, 1.53, 1.45, 1.64, 1.71, 2.53, 3.37, 3.17, 3.71, 4.46, 3.91, 3.65, 3.39, 3.13, 3.04, 2.25, 1.88, 1.63, 1.22, 0.72, 0, 0.93, 1.35, 1.73, 2.31, 2.24, 1.68, 1.55, 1.33, 1.78, 2.17, 2.42, 3.24, 3.62, 4.46, 4.86, 4.62, 4.23, 3.46, 2.46, 2.05, 2.19, 3.132, 2.785, 2.55, 2.66, 2.16, 2.07, 1.65, 1.54, 1.12, 1.19, 1.98, 3.63, 4.67, 5.08, 5.67, 6.26, 6.78, 7.63, 8.35, 8.44, 7.78, 6.56, 6.75, 7.68, 8.05], [2.3, 2.44, 2.51, 2.15, 1.55, 1.93, 2.75, 2.73, 2.56, 2.27, 2.47, 2.7, 2.86, 2.78, 2.33, 2.1, 1.98, 2.21, 2.36, 2.19, 1.92, 1.76, 1.77, 1.76, 2.86, 3.62, 3.38, 4.0, 4.71, 4.32, 3.88, 3.7, 3.48, 3.37, 2.74, 2.47, 2.14, 1.81, 1.07, 0.93, 0, 0.86, 1.14, 1.74, 1.85, 1.57, 1.78, 1.68, 1.95, 2.06, 2.11, 2.67, 3.03, 3.95, 4.33, 4.07, 3.74, 2.91, 2.03, 1.66, 1.76, 2.652, 2.432, 2.36, 2.55, 1.79, 1.5, 1.26, 1.35, 1.23, 1.62, 2.35, 4.08, 5.2, 5.53, 6.24, 6.87, 7.39, 8.24, 8.92, 9.03, 8.35, 7.13, 7.32, 8.281, 8.651], [2.76, 2.84, 2.95, 2.51, 1.87, 2.05, 3.05, 3.01, 2.76, 2.37, 2.57, 2.86, 3.06, 2.92, 2.43, 2.22, 2.16, 2.37, 2.4, 2.37, 1.84, 1.68, 1.59, 1.46, 3.06, 3.8, 3.62, 4.22, 4.85, 4.48, 4.32, 4.04, 3.78, 3.67, 3.1, 2.63, 2.42, 1.99, 1.23, 1.35, 0.86, 0, 0.98, 1.7, 1.81, 1.73, 2.0, 2.24, 2.33, 2.26, 2.15, 2.53, 2.87, 3.79, 4.17, 3.87, 3.58, 2.75, 1.87, 1.3, 1.62, 2.44, 2.22, 2.14, 2.27, 1.53, 1.06, 0.98, 1.13, 1.33, 1.78, 2.57, 4.28, 5.38, 5.69, 6.4, 7.05, 7.57, 8.42, 9.082, 9.209, 8.512, 7.292, 7.482, 8.451, 8.822], [3.12, 3.1, 3.33, 2.85, 2.21, 2.63, 3.35, 3.27, 2.8, 2.57, 2.57, 2.46, 2.64, 2.64, 2.41, 2.12, 2.2, 2.65, 2.84, 2.67, 2.42, 1.96, 1.59, 1.88, 3.64, 4.52, 4.24, 4.9, 5.61, 5.22, 4.62, 4.28, 4.04, 4.03, 3.58, 3.23, 2.9, 2.57, 1.81, 1.73, 1.14, 0.98, 0, 0.98, 1.27, 1.51, 1.9, 2.3, 2.35, 2.04, 1.81, 1.97, 2.25, 3.05, 3.47, 3.41, 2.9, 2.05, 1.49, 1.44, 1.5, 2.1, 1.86, 1.92, 2.19, 1.57, 1.24, 1.26, 1.41, 1.69, 2.38, 3.25, 5.0, 6.06, 6.49, 7.08, 7.69, 8.23, 9.06, 9.74, 9.85, 9.17, 7.95, 8.14, 9.103, 9.473], [3.6, 3.5, 3.71, 3.29, 2.69, 3.05, 3.75, 3.61, 3.02, 2.83, 2.71, 2.44, 2.48, 2.58, 2.53, 2.4, 2.64, 3.07, 3.28, 3.13, 2.96, 2.5, 1.81, 2.2, 4.08, 5.0, 4.76, 5.38, 6.09, 5.76, 5.06, 4.78, 4.44, 4.43, 4.14, 3.69, 3.36, 3.15, 2.45, 2.31, 1.74, 1.7, 0.98, 0, 0.67, 1.55, 2.1, 2.44, 2.49, 2.02, 1.53, 1.51, 1.99, 2.73, 3.07, 3.37, 2.58, 1.69, 1.59, 1.68, 1.48, 1.78, 1.68, 1.92, 2.15, 1.77, 1.7, 1.62, 1.91, 2.21, 2.98, 3.83, 5.58, 6.64, 7.09, 7.7, 8.25, 8.79, 9.62, 10.3, 10.41, 9.73, 8.51, 8.7, 9.67, 10.04], [3.49, 3.35, 3.56, 3.18, 2.48, 2.88, 3.5, 3.4, 2.89, 2.56, 2.5, 2.31, 2.39, 2.39, 2.42, 2.35, 2.57, 3.02, 3.31, 3.2, 2.95, 2.47, 1.72, 2.23, 4.03, 4.87, 4.67, 5.29, 5.98, 5.69, 4.93, 4.75, 4.31, 4.4, 4.09, 3.56, 3.21, 2.9, 2.3, 2.24, 1.85, 1.81, 1.27, 0.67, 0, 1.34, 1.97, 2.29, 2.36, 1.79, 1.38, 1.62, 2.1, 2.9, 3.24, 3.52, 2.75, 1.78, 1.52, 1.63, 1.41, 1.71, 1.69, 1.93, 2.08, 1.78, 1.81, 1.55, 1.98, 2.3, 2.91, 3.76, 5.53, 6.61, 6.98, 7.69, 8.26, 8.78, 9.63, 10.309, 10.42, 9.739, 8.519, 8.709, 9.679, 10.049], [2.49, 2.37, 2.52, 2.32, 1.86, 2.22, 2.8, 2.82, 2.25, 2.06, 2.18, 2.05, 2.19, 2.19, 2.04, 2.15, 2.29, 2.64, 2.91, 2.62, 2.25, 1.93, 1.7, 1.69, 3.09, 3.83, 3.55, 4.25, 4.94, 4.69, 3.91, 3.73, 3.45, 3.46, 3.17, 3.06, 2.93, 2.38, 1.66, 1.68, 1.57, 1.73, 1.51, 1.55, 1.34, 0, 1.13, 1.33, 1.56, 1.57, 1.86, 2.38, 2.82, 3.68, 4.1, 4.22, 3.55, 2.54, 2.0, 2.13, 1.77, 2.45, 2.35, 2.61, 2.64, 2.32, 2.17, 1.83, 1.92, 2.06, 2.43, 2.88, 4.49, 5.61, 5.94, 6.65, 7.28, 7.8, 8.65, 9.321, 9.44, 8.751, 7.531, 7.714, 8.684, 9.061], [2.1, 2.06, 2.23, 2.07, 1.81, 1.99, 2.33, 2.49, 2.16, 2.05, 2.15, 2.06, 2.34, 2.26, 2.07, 2.14, 2.16, 2.55, 2.58, 2.43, 1.98, 1.88, 1.99, 1.82, 2.52, 3.36, 3.0, 3.76, 4.45, 4.14, 3.44, 3.1, 2.84, 2.65, 2.6, 2.69, 2.7, 2.37, 1.59, 1.55, 1.78, 2.0, 1.9, 2.1, 1.97, 1.13, 0, 1.08, 1.43, 1.8, 2.19, 3.05, 3.51, 4.31, 4.83, 4.91, 4.12, 3.17, 2.61, 2.46, 2.46, 3.275, 3.118, 3.18, 3.15, 2.71, 2.56, 2.12, 2.05, 1.97, 2.06, 2.37, 3.94, 5.0, 5.41, 6.02, 6.53, 7.05, 7.9, 8.58, 8.69, 8.01, 6.79, 6.98, 7.95, 8.32], [1.84, 1.74, 1.83, 1.57, 1.41, 1.77, 1.99, 2.01, 1.82, 1.91, 2.03, 2.08, 2.34, 2.18, 2.03, 2.12, 2.1, 2.37, 2.52, 2.33, 2.02, 2.02, 2.45, 2.2, 2.28, 3.06, 2.82, 3.52, 4.19, 3.92, 3.16, 2.82, 2.52, 2.51, 2.46, 2.49, 2.54, 1.87, 1.47, 1.33, 1.68, 2.24, 2.3, 2.44, 2.29, 1.33, 1.08, 0, 1.01, 1.58, 2.37, 3.19, 3.71, 4.45, 4.93, 5.21, 4.32, 3.35, 2.87, 2.76, 2.76, 3.358, 3.34, 3.58, 3.63, 3.21, 2.96, 2.46, 2.35, 2.13, 1.94, 2.11, 3.78, 4.82, 5.21, 5.88, 6.49, 7.01, 7.86, 8.533, 8.65, 7.963, 6.743, 6.933, 7.903, 8.273], [1.93, 2.05, 1.94, 1.72, 1.3, 1.7, 1.96, 1.9, 1.65, 1.76, 1.96, 2.25, 2.47, 2.33, 2.28, 2.17, 2.03, 2.06, 2.13, 1.98, 1.93, 1.91, 2.52, 2.25, 2.37, 2.99, 2.79, 3.47, 4.14, 3.87, 3.15, 2.79, 2.35, 2.48, 2.39, 2.54, 2.95, 2.28, 1.7, 1.78, 1.95, 2.33, 2.35, 2.49, 2.36, 1.56, 1.43, 1.01, 0, 1.47, 2.64, 3.44, 3.96, 4.66, 5.22, 5.38, 4.51, 3.52, 3.12, 2.95, 2.89, 3.57, 3.55, 3.75, 3.78, 3.26, 3.01, 2.67, 2.88, 2.66, 2.47, 2.34, 3.83, 4.83, 5.16, 5.85, 6.5, 7.02, 7.87, 8.535, 8.66, 7.965, 6.745, 6.935, 7.905, 8.275], [2.88, 2.56, 2.89, 2.51, 1.85, 2.25, 2.79, 2.47, 1.84, 1.61, 1.63, 1.54, 1.78, 1.66, 1.77, 1.48, 1.58, 2.09, 2.64, 2.59, 2.52, 2.22, 1.93, 2.34, 3.48, 4.14, 3.94, 4.62, 5.31, 5.08, 4.3, 3.98, 3.5, 3.69, 3.6, 3.05, 2.86, 2.41, 2.15, 2.17, 2.06, 2.26, 2.04, 2.02, 1.79, 1.57, 1.8, 1.58, 1.47, 0, 1.51, 2.23, 2.71, 3.51, 4.01, 4.19, 3.28, 2.35, 2.11, 2.1, 2.14, 2.3, 2.44, 2.74, 2.79, 2.49, 2.08, 2.12, 2.59, 2.53, 2.6, 3.39, 5.0, 6.08, 6.37, 7.1, 7.75, 8.27, 9.119, 9.782, 9.909, 9.212, 7.992, 8.181, 9.151, 9.522], [3.83, 3.51, 3.94, 3.56, 2.92, 3.3, 3.86, 3.62, 2.63, 2.7, 2.52, 1.93, 2.13, 2.13, 2.02, 1.97, 2.31, 2.82, 3.51, 3.52, 3.33, 2.93, 1.96, 2.77, 4.47, 5.27, 4.93, 5.67, 6.36, 6.05, 5.39, 4.95, 4.71, 4.74, 4.45, 3.74, 3.13, 2.74, 2.6, 2.42, 2.11, 2.15, 1.81, 1.53, 1.38, 1.86, 2.19, 2.37, 2.64, 1.51, 0, 1.16, 1.68, 2.48, 2.76, 3.06, 2.31, 1.46, 1.14, 1.43, 1.55, 1.45, 1.61, 1.89, 2.1, 2.02, 1.71, 1.67, 2.08, 2.4, 2.81, 4.14, 5.93, 6.97, 7.3, 7.97, 8.62, 9.14, 9.989, 10.652, 10.779, 10.082, 8.862, 9.052, 10.022, 10.392], [4.61, 4.27, 4.72, 4.32, 3.68, 4.08, 4.6, 4.36, 3.47, 3.4, 3.18, 2.51, 2.59, 2.69, 2.76, 2.67, 3.15, 3.66, 4.33, 4.28, 4.13, 3.63, 2.56, 3.39, 5.21, 6.03, 5.73, 6.47, 7.16, 6.85, 6.15, 5.79, 5.45, 5.54, 5.27, 4.56, 3.97, 3.56, 3.42, 3.24, 2.67, 2.53, 1.97, 1.51, 1.62, 2.38, 3.05, 3.19, 3.44, 2.23, 1.16, 0, 0.74, 1.5, 1.86, 2.1, 1.33, 0.94, 1.08, 1.63, 1.43, 1.05, 1.21, 1.53, 1.94, 2.12, 1.87, 2.01, 2.5, 2.94, 3.63, 4.92, 6.71, 7.77, 8.1, 8.79, 9.44, 9.96, 10.81, 11.478, 11.6, 10.908, 9.688, 9.878, 10.848, 11.218], [4.99, 4.63, 5.08, 4.68, 4.02, 4.42, 4.98, 4.74, 3.91, 3.78, 3.62, 2.99, 2.99, 3.15, 3.14, 2.93, 3.43, 3.98, 4.71, 4.66, 4.51, 4.01, 2.94, 3.77, 5.61, 6.41, 6.09, 6.83, 7.52, 7.25, 6.51, 6.23, 5.85, 5.92, 5.65, 4.94, 4.25, 3.92, 3.8, 3.62, 3.03, 2.87, 2.25, 1.99, 2.1, 2.82, 3.51, 3.71, 3.96, 2.71, 1.68, 0.74, 0, 1.04, 1.48, 1.62, 0.99, 0.92, 1.38, 1.87, 1.65, 1.43, 1.35, 1.67, 2.08, 2.46, 2.17, 2.37, 2.8, 3.3, 4.01, 5.3, 7.03, 8.15, 8.5, 9.21, 9.82, 10.34, 11.19, 11.863, 11.98, 11.293, 10.073, 10.263, 11.23, 11.603], [5.87, 5.57, 6.0, 5.56, 4.9, 5.28, 5.78, 5.52, 4.71, 4.6, 4.4, 3.63, 3.31, 3.57, 3.48, 3.45, 4.15, 4.76, 5.53, 5.48, 5.33, 4.85, 3.76, 4.59, 6.39, 7.29, 7.01, 7.75, 8.42, 8.15, 7.39, 7.05, 6.59, 6.68, 6.47, 5.76, 5.07, 4.72, 4.66, 4.46, 3.95, 3.79, 3.05, 2.73, 2.9, 3.68, 4.31, 4.45, 4.66, 3.51, 2.48, 1.5, 1.04, 0, 0.82, 1.16, 0.81, 1.34, 2.16, 2.71, 2.53, 2.17, 2.21, 2.43, 2.82, 3.3, 3.05, 3.19, 3.54, 4.08, 4.83, 6.16, 7.95, 8.99, 9.4, 10.07, 10.64, 11.16, 12.01, 12.689, 12.8, 12.119, 10.899, 11.089, 12.059, 12.429], [6.23, 5.91, 6.32, 5.98, 5.3, 5.68, 6.28, 6.08, 5.05, 5.08, 4.84, 3.99, 3.61, 3.83, 3.8, 3.89, 4.53, 5.14, 5.91, 5.86, 5.71, 5.21, 4.14, 4.97, 6.89, 7.71, 7.45, 8.11, 8.82, 8.49, 7.79, 7.51, 7.19, 7.2, 6.87, 6.18, 5.481, 5.1, 5.04, 4.86, 4.33, 4.17, 3.47, 3.07, 3.24, 4.1, 4.83, 4.93, 5.22, 4.01, 2.76, 1.86, 1.48, 0.82, 0, 0.96, 1.07, 1.86, 2.46, 3.07, 2.93, 2.35, 2.41, 2.81, 3.2, 3.7, 3.39, 3.61, 3.88, 4.46, 5.21, 6.54, 8.33, 9.37, 9.74, 10.39, 11.02, 11.54, 12.39, 13.066, 13.18, 12.491, 11.271, 11.461, 12.431, 12.801], [6.13, 5.93, 6.26, 5.9, 5.22, 5.48, 6.24, 6.0, 5.15, 4.98, 4.8, 4.31, 3.97, 4.25, 4.02, 3.85, 4.41, 4.88, 5.63, 5.58, 5.43, 4.93, 3.9, 4.73, 6.67, 7.47, 7.19, 7.89, 8.58, 8.21, 7.75, 7.43, 7.21, 7.1, 6.59, 5.9, 5.198, 4.86, 4.76, 4.62, 4.07, 3.87, 3.41, 3.37, 3.52, 4.22, 4.91, 5.21, 5.38, 4.19, 3.06, 2.1, 1.62, 1.16, 0.96, 0, 1.05, 2.1, 2.52, 2.85, 2.81, 2.59, 2.49, 2.53, 2.92, 3.42, 3.11, 3.37, 3.62, 4.18, 4.93, 6.26, 8.05, 9.09, 9.44, 10.09, 10.74, 11.26, 12.11, 12.783, 12.9, 12.208, 10.988, 11.178, 12.148, 12.518], [5.68, 5.36, 5.75, 5.35, 4.69, 5.03, 5.57, 5.25, 4.56, 4.31, 4.11, 3.5, 3.56, 3.68, 3.63, 3.48, 4.0, 4.53, 5.26, 5.21, 5.06, 4.58, 3.49, 4.32, 6.16, 7.04, 6.76, 7.48, 8.17, 7.9, 7.16, 6.8, 6.36, 6.39, 6.22, 5.53, 4.9, 4.53, 4.43, 4.23, 3.74, 3.58, 2.9, 2.58, 2.75, 3.55, 4.12, 4.32, 4.51, 3.28, 2.31, 1.33, 0.99, 0.81, 1.07, 1.05, 0, 1.23, 1.91, 2.44, 2.32, 2.0, 2.0, 2.16, 2.55, 3.05, 2.8, 2.94, 3.25, 3.81, 4.56, 5.91, 7.7, 8.74, 9.15, 9.8, 10.37, 10.89, 11.74, 12.425, 12.53, 11.849, 10.629, 10.819, 11.789, 12.159], [4.81, 4.51, 4.92, 4.48, 3.84, 4.22, 4.72, 4.44, 3.67, 3.52, 3.32, 2.77, 2.95, 2.95, 2.94, 2.83, 3.27, 3.76, 4.49, 4.44, 4.29, 3.83, 2.72, 3.55, 5.33, 6.23, 5.95, 6.69, 7.36, 7.09, 6.33, 5.99, 5.55, 5.62, 5.43, 4.74, 4.09, 3.78, 3.66, 3.46, 2.91, 2.75, 2.05, 1.69, 1.78, 2.54, 3.17, 3.35, 3.52, 2.35, 1.46, 0.94, 0.92, 1.34, 1.86, 2.1, 1.23, 0, 1.16, 1.71, 1.53, 1.17, 1.17, 1.55, 1.98, 2.3, 2.05, 2.21, 2.6, 3.08, 3.79, 5.12, 6.89, 7.97, 8.34, 9.05, 9.6, 10.12, 10.97, 11.65, 11.76, 11.08, 9.86, 10.05, 11.02, 11.39], [3.91, 3.65, 4.0, 3.7, 3.02, 3.36, 4.06, 3.84, 3.07, 2.72, 2.72, 2.51, 2.77, 2.67, 2.3, 2.29, 2.53, 3.0, 3.61, 3.54, 3.33, 2.83, 1.86, 2.67, 4.53, 5.37, 5.11, 5.79, 6.48, 6.15, 5.53, 5.27, 5.03, 4.96, 4.47, 3.8, 3.21, 2.82, 2.64, 2.46, 2.03, 1.87, 1.49, 1.59, 1.52, 2.0, 2.61, 2.87, 3.12, 2.11, 1.14, 1.08, 1.38, 2.16, 2.46, 2.52, 1.91, 1.16, 0, 1.01, 0.99, 1.09, 1.15, 1.29, 1.68, 1.66, 1.39, 1.39, 1.86, 2.22, 2.83, 4.18, 5.97, 7.01, 7.38, 8.01, 8.64, 9.16, 10.01, 10.69, 10.8, 10.12, 8.9, 9.09, 10.051, 10.43], [3.5, 3.4, 3.69, 3.19, 2.53, 2.77, 3.59, 3.37, 2.92, 2.51, 2.55, 2.76, 2.86, 2.82, 2.45, 2.18, 2.24, 2.49, 2.92, 2.93, 2.66, 2.24, 1.49, 2.02, 3.94, 4.76, 4.62, 5.16, 5.85, 5.52, 5.16, 4.88, 4.58, 4.49, 3.96, 3.19, 2.7, 2.41, 2.13, 2.05, 1.66, 1.3, 1.44, 1.68, 1.63, 2.13, 2.46, 2.76, 2.95, 2.1, 1.43, 1.63, 1.87, 2.71, 3.07, 2.85, 2.44, 1.71, 1.01, 0, 0.8, 1.54, 1.42, 1.06, 1.37, 1.21, 1.04, 0.84, 1.27, 1.67, 2.18, 3.51, 5.26, 6.3, 6.71, 7.38, 7.99, 8.51, 9.34, 10.022, 10.149, 9.446, 8.226, 8.416, 9.386, 9.756], [3.48, 3.42, 3.67, 3.23, 2.53, 2.89, 3.73, 3.51, 3.08, 2.65, 2.71, 2.9, 3.02, 2.94, 2.61, 2.48, 2.58, 2.93, 3.26, 3.21, 2.973, 2.5, 1.67, 2.18, 4.06, 4.86, 4.72, 5.24, 5.97, 5.72, 5.14, 4.96, 4.58, 4.61, 4.18, 3.51, 3.176, 2.91, 2.33, 2.19, 1.76, 1.62, 1.5, 1.48, 1.41, 1.77, 2.46, 2.76, 2.89, 2.14, 1.55, 1.43, 1.65, 2.53, 2.93, 2.81, 2.32, 1.53, 0.99, 0.8, 0, 1.14, 1.0, 1.14, 1.47, 1.33, 1.34, 1.26, 1.65, 1.97, 2.54, 3.73, 5.48, 6.58, 6.95, 7.68, 8.286, 8.806, 9.653, 10.339, 10.446, 9.763, 8.543, 8.733, 9.703, 10.073], [4.48, 4.16, 4.45, 4.11, 3.49, 3.85, 4.61, 4.41, 3.56, 3.25, 3.13, 2.82, 2.98, 2.8, 2.81, 2.88, 3.3, 3.73, 4.28, 4.195, 4.045, 3.545, 2.57, 3.24, 5.08, 5.62, 5.6, 6.14, 6.89, 6.713, 5.96, 5.88, 5.48, 5.59, 5.251, 4.546, 3.965, 3.623, 3.292, 3.132, 2.652, 2.44, 2.1, 1.78, 1.71, 2.45, 3.275, 3.358, 3.57, 2.3, 1.45, 1.05, 1.43, 2.17, 2.35, 2.59, 2.0, 1.17, 1.09, 1.54, 1.14, 0, 0.92, 1.5, 1.91, 2.01, 1.88, 2.02, 2.39, 2.77, 3.52, 4.77, 6.54, 7.66, 7.97, 8.705, 9.358, 9.878, 10.725, 11.398, 11.518, 10.822, 9.602, 9.792, 10.762, 11.132], [4.22, 4.04, 4.41, 3.93, 3.39, 3.81, 4.63, 4.43, 3.64, 3.39, 3.29, 3.12, 3.24, 3.2, 2.99, 3.02, 3.14, 3.41, 3.82, 3.75, 3.6, 3.099, 2.21, 3.02, 5.0, 5.76, 5.52, 6.06, 6.85, 6.4, 6.0, 5.74, 5.5, 5.55, 4.86, 4.13, 3.696, 3.423, 3.005, 2.785, 2.432, 2.22, 1.86, 1.68, 1.69, 2.35, 3.118, 3.34, 3.55, 2.44, 1.61, 1.21, 1.35, 2.21, 2.41, 2.49, 2.0, 1.17, 1.15, 1.42, 1.0, 0.92, 0, 1.0, 1.53, 1.51, 1.62, 1.88, 2.11, 2.35, 3.16, 4.45, 6.1, 7.2, 7.51, 8.259, 8.895, 9.415, 10.28, 11.0, 11.09, 10.39, 9.17, 9.36, 10.312, 10.682], [4.22, 4.14, 4.47, 3.95, 3.35, 3.59, 4.43, 4.19, 3.6, 3.25, 3.15, 3.12, 3.2, 3.22, 2.91, 2.72, 2.8, 2.91, 3.34, 3.27, 3.08, 2.56, 1.73, 2.66, 4.72, 5.6, 5.4, 5.92, 6.69, 6.16, 6.02, 5.74, 5.38, 5.31, 4.48, 3.542, 2.973, 2.78, 2.677, 2.55, 2.36, 2.14, 1.92, 1.92, 1.93, 2.61, 3.18, 3.58, 3.75, 2.74, 1.89, 1.53, 1.67, 2.43, 2.81, 2.53, 2.16, 1.55, 1.29, 1.06, 1.14, 1.5, 1.0, 0, 0.69, 1.15, 1.46, 1.66, 1.91, 2.05, 2.54, 4.13, 5.74, 6.76, 7.19, 7.76, 8.35, 8.87, 9.76, 10.56, 10.63, 9.89, 8.67, 8.86, 9.75, 10.12], [4.21, 4.15, 4.48, 3.88, 3.32, 3.44, 4.38, 4.14, 3.59, 3.24, 3.2, 3.13, 3.23, 3.25, 2.9, 2.69, 2.67, 2.74, 3.11, 3.08, 2.81, 2.39, 1.66, 2.49, 4.51, 5.45, 5.29, 5.83, 6.52, 6.01, 5.97, 5.67, 5.29, 5.12, 4.29, 3.3, 2.77, 2.58, 2.6, 2.66, 2.55, 2.27, 2.19, 2.15, 2.08, 2.64, 3.15, 3.63, 3.78, 2.79, 2.1, 1.94, 2.08, 2.82, 3.2, 2.92, 2.55, 1.98, 1.68, 1.37, 1.47, 1.91, 1.53, 0.69, 0, 1.22, 1.67, 1.77, 2.06, 2.18, 2.43, 3.96, 5.47, 6.47, 6.88, 7.45, 7.92, 8.44, 9.41, 10.21, 10.26, 9.52, 8.3, 8.47, 9.34, 9.73], [3.73, 3.81, 4.0, 3.4, 2.78, 2.92, 4.02, 3.8, 3.41, 3.0, 2.88, 3.01, 3.09, 3.07, 2.74, 2.55, 2.45, 2.54, 2.65, 2.54, 2.35, 2.01, 1.44, 1.91, 3.93, 4.83, 4.65, 5.21, 5.9, 5.39, 5.35, 5.07, 4.71, 4.6, 3.79, 2.96, 2.71, 2.44, 2.13, 2.16, 1.79, 1.53, 1.57, 1.77, 1.78, 2.32, 2.71, 3.21, 3.26, 2.49, 2.02, 2.12, 2.46, 3.3, 3.7, 3.42, 3.05, 2.3, 1.66, 1.21, 1.33, 2.01, 1.51, 1.15, 1.22, 0, 1.09, 1.37, 1.5, 1.48, 2.27, 3.32, 4.73, 5.77, 6.18, 6.89, 7.462, 7.982, 8.85, 9.59, 9.7, 8.94, 7.74, 7.91, 8.879, 9.31], [3.44, 3.4, 3.69, 3.13, 2.53, 2.69, 3.65, 3.45, 2.9, 2.57, 2.57, 2.62, 2.74, 2.7, 2.31, 2.1, 2.0, 2.21, 2.66, 2.77, 2.46, 2.1, 1.43, 1.92, 3.84, 4.6, 4.42, 5.02, 5.67, 5.28, 5.14, 4.88, 4.56, 4.47, 3.8, 2.97, 2.66, 2.29, 1.95, 2.07, 1.5, 1.06, 1.24, 1.7, 1.81, 2.17, 2.56, 2.96, 3.01, 2.08, 1.71, 1.87, 2.17, 3.05, 3.39, 3.11, 2.8, 2.05, 1.39, 1.04, 1.34, 1.88, 1.62, 1.46, 1.67, 1.09, 0, 0.82, 1.21, 1.61, 2.16, 3.33, 4.96, 6.06, 6.37, 7.1, 7.77, 8.281, 9.108, 9.84, 9.901, 9.23, 8.01, 8.2, 9.158, 9.528], [3.08, 3.0, 3.33, 2.75, 2.13, 2.35, 3.17, 2.99, 2.72, 2.29, 2.43, 2.68, 2.78, 2.74, 2.33, 2.02, 2.02, 2.27, 2.62, 2.63, 2.2, 1.92, 1.35, 1.72, 3.44, 4.32, 4.16, 4.72, 5.41, 5.04, 4.78, 4.52, 4.14, 4.05, 3.44, 2.83, 2.34, 1.99, 1.65, 1.65, 1.26, 0.98, 1.26, 1.62, 1.55, 1.83, 2.12, 2.46, 2.67, 2.12, 1.67, 2.01, 2.37, 3.19, 3.61, 3.37, 2.94, 2.21, 1.39, 0.84, 1.26, 2.02, 1.88, 1.66, 1.77, 1.37, 0.82, 0, 0.91, 1.33, 1.82, 3.05, 4.76, 5.82, 6.21, 6.9, 7.47, 7.99, 8.84, 9.525, 9.63, 8.949, 7.729, 7.919, 8.889, 9.259], [2.93, 2.79, 3.14, 2.68, 2.24, 2.54, 3.14, 3.16, 2.95, 2.68, 2.94, 3.19, 3.27, 3.25, 2.72, 2.55, 2.51, 2.72, 2.87, 2.8, 2.27, 2.11, 1.68, 1.85, 3.39, 4.21, 4.03, 4.57, 5.3, 4.85, 4.65, 4.43, 4.07, 4.0, 3.39, 2.88, 2.39, 2.0, 1.62, 1.54, 1.35, 1.13, 1.41, 1.91, 1.98, 1.92, 2.05, 2.35, 2.88, 2.59, 2.08, 2.5, 2.8, 3.54, 3.88, 3.62, 3.25, 2.6, 1.86, 1.27, 1.65, 2.39, 2.11, 1.91, 2.06, 1.5, 1.21, 0.91, 0, 0.92, 1.65, 2.88, 4.45, 5.53, 5.9, 6.63, 7.24, 7.759, 8.586, 9.292, 9.4, 8.696, 7.476, 7.666, 8.636, 9.01], [2.67, 2.69, 2.94, 2.48, 2.1, 2.44, 3.04, 2.98, 2.85, 2.7, 2.9, 3.07, 3.15, 3.17, 2.62, 2.51, 2.37, 2.46, 2.55, 2.4, 1.91, 1.91, 1.84, 1.95, 3.15, 4.05, 3.87, 4.39, 5.14, 4.63, 4.47, 4.19, 3.85, 3.74, 2.97, 2.46, 1.81, 1.62, 1.38, 1.12, 1.23, 1.33, 1.69, 2.21, 2.3, 2.06, 1.97, 2.13, 2.66, 2.53, 2.4, 2.94, 3.3, 4.08, 4.46, 4.18, 3.81, 3.08, 2.22, 1.67, 1.97, 2.77, 2.35, 2.05, 2.18, 1.48, 1.61, 1.33, 0.92, 0, 1.29, 2.58, 4.03, 5.05, 5.48, 6.13, 6.668, 7.188, 8.03, 8.79, 8.88, 8.14, 6.94, 7.11, 8.08, 8.51], [2.16, 2.12, 2.41, 2.05, 1.93, 2.27, 2.23, 2.41, 2.68, 2.65, 2.85, 3.06, 3.26, 3.14, 2.59, 2.38, 2.06, 2.05, 2.22, 2.23, 1.9, 1.92, 1.77, 2.0, 2.3, 3.24, 3.1, 3.56, 4.29, 3.8, 3.7, 3.4, 3.06, 2.89, 2.2, 1.63, 1.24, 1.31, 1.25, 1.19, 1.62, 1.78, 2.38, 2.98, 2.91, 2.43, 2.06, 1.94, 2.47, 2.6, 2.81, 3.63, 4.01, 4.83, 5.21, 4.93, 4.56, 3.79, 2.83, 2.18, 2.54, 3.52, 3.16, 2.54, 2.43, 2.27, 2.16, 1.82, 1.65, 1.29, 0, 1.75, 3.36, 4.4, 4.83, 5.38, 5.89, 6.41, 7.32, 8.077, 8.17, 7.45, 6.23, 6.42, 7.29, 7.66], [1.65, 2.13, 1.96, 1.84, 1.96, 2.06, 2.04, 2.2, 2.71, 2.86, 3.06, 3.59, 3.77, 3.63, 3.12, 3.03, 2.47, 2.3, 2.17, 2.16, 1.91, 2.13, 2.68, 2.11, 1.11, 1.63, 1.77, 2.33, 2.64, 2.27, 2.27, 1.99, 1.81, 1.6, 1.53, 1.58, 2.15, 2.26, 1.76, 1.98, 2.35, 2.57, 3.25, 3.83, 3.76, 2.88, 2.37, 2.11, 2.34, 3.39, 4.14, 4.92, 5.3, 6.16, 6.54, 6.26, 5.91, 5.12, 4.18, 3.51, 3.73, 4.77, 4.45, 4.13, 3.96, 3.32, 3.33, 3.05, 2.88, 2.58, 1.75, 0, 1.85, 2.91, 3.34, 4.01, 4.619, 5.14, 5.97, 6.679, 6.78, 6.08, 4.86, 5.05, 6.016, 6.386], [2.62, 2.94, 2.59, 2.69, 3.21, 3.07, 2.81, 3.11, 3.64, 3.69, 4.13, 4.78, 5.1, 5.0, 4.71, 4.62, 3.96, 3.47, 2.9, 2.77, 2.82, 3.34, 4.29, 3.42, 1.82, 1.64, 1.96, 2.3, 2.23, 2.04, 2.12, 2.18, 2.24, 2.05, 2.16, 2.67, 3.42, 3.55, 3.41, 3.63, 4.08, 4.28, 5.0, 5.58, 5.53, 4.49, 3.94, 3.78, 3.83, 5.0, 5.93, 6.71, 7.03, 7.95, 8.33, 8.05, 7.7, 6.89, 5.97, 5.26, 5.48, 6.54, 6.1, 5.74, 5.47, 4.73, 4.96, 4.76, 4.45, 4.03, 3.36, 1.85, 0, 1.36, 1.83, 2.26, 2.91, 3.45, 4.3, 5.04, 5.13, 4.35, 3.23, 3.42, 4.25, 4.76], [3.8, 3.98, 3.73, 3.79, 4.31, 4.13, 3.61, 3.81, 4.54, 4.85, 5.21, 5.86, 6.14, 6.02, 5.77, 5.68, 5.02, 4.49, 3.64, 3.79, 3.9, 4.4, 5.35, 4.48, 2.68, 2.28, 2.68, 2.8, 2.69, 2.38, 2.44, 2.46, 2.72, 2.61, 2.72, 3.55, 4.4, 4.55, 4.45, 4.67, 5.2, 5.38, 6.06, 6.64, 6.61, 5.61, 5.0, 4.82, 4.83, 6.08, 6.97, 7.77, 8.15, 8.99, 9.37, 9.09, 8.74, 7.97, 7.01, 6.3, 6.58, 7.66, 7.2, 6.76, 6.47, 5.77, 6.06, 5.82, 5.53, 5.05, 4.4, 2.91, 1.36, 0, 0.87, 1.36, 1.95, 2.51, 3.2, 3.94, 4.03, 3.23, 2.25, 2.5, 3.23, 3.68], [4.21, 4.41, 4.08, 4.22, 4.68, 4.56, 4.0, 4.2, 4.95, 5.36, 5.72, 6.33, 6.61, 6.49, 6.24, 6.13, 5.47, 4.94, 4.11, 4.28, 4.35, 4.83, 5.84, 4.95, 3.17, 2.55, 3.01, 3.13, 3.02, 2.63, 2.83, 2.67, 3.15, 3.06, 3.17, 3.92, 4.73, 4.92, 4.84, 5.08, 5.53, 5.69, 6.49, 7.09, 6.98, 5.94, 5.41, 5.21, 5.16, 6.37, 7.3, 8.1, 8.5, 9.4, 9.74, 9.44, 9.15, 8.34, 7.38, 6.71, 6.95, 7.97, 7.51, 7.19, 6.88, 6.18, 6.37, 6.21, 5.9, 5.48, 4.83, 3.34, 1.83, 0.87, 0, 1.39, 1.58, 2.1, 2.99, 3.75, 3.84, 3.0, 1.92, 2.09, 2.88, 3.29], [4.68, 4.94, 4.55, 4.71, 5.37, 5.13, 4.49, 4.75, 5.52, 5.75, 6.03, 6.76, 7.1, 6.96, 6.79, 6.7, 6.0, 5.43, 4.6, 4.73, 4.82, 5.3, 6.37, 5.58, 3.78, 3.14, 3.32, 3.02, 2.81, 2.52, 3.0, 3.14, 3.74, 3.57, 3.68, 4.47, 5.32, 5.45, 5.47, 5.67, 6.24, 6.4, 7.08, 7.7, 7.69, 6.65, 6.02, 5.88, 5.85, 7.1, 7.97, 8.79, 9.21, 10.07, 10.39, 10.09, 9.8, 9.05, 8.01, 7.38, 7.68, 8.705, 8.259, 7.76, 7.45, 6.89, 7.1, 6.9, 6.63, 6.13, 5.38, 4.01, 2.26, 1.36, 1.39, 0, 0.93, 1.55, 2.26, 3.06, 3.11, 2.29, 1.45, 1.66, 2.09, 2.62], [5.33, 5.59, 5.18, 5.3, 5.96, 5.7, 5.08, 5.32, 6.19, 6.4, 6.62, 7.31, 7.67, 7.53, 7.34, 7.23, 6.55, 5.92, 5.15, 5.24, 5.37, 5.89, 6.96, 6.17, 4.37, 3.81, 3.97, 3.51, 3.26, 2.97, 3.69, 3.85, 4.33, 4.1, 4.17, 4.9, 5.67, 6.02, 6.08, 6.26, 6.87, 7.05, 7.69, 8.25, 8.26, 7.28, 6.53, 6.49, 6.5, 7.75, 8.62, 9.44, 9.82, 10.64, 11.02, 10.74, 10.37, 9.6, 8.64, 7.99, 8.286, 9.358, 8.895, 8.35, 7.92, 7.462, 7.77, 7.47, 7.24, 6.668, 5.89, 4.619, 2.91, 1.95, 1.58, 0.93, 0, 1.02, 1.87, 2.63, 2.64, 1.84, 1.34, 1.45, 1.68, 2.11], [5.93, 6.17, 5.76, 5.88, 6.52, 6.24, 5.6, 5.9, 6.75, 6.96, 7.2, 7.85, 8.19, 8.07, 7.9, 7.77, 7.11, 6.5, 5.73, 5.82, 5.91, 6.39, 7.46, 6.67, 4.91, 4.35, 4.47, 3.99, 3.7, 3.51, 4.27, 4.35, 4.85, 4.62, 4.69, 5.42, 6.19, 6.54, 6.62, 6.78, 7.39, 7.57, 8.23, 8.79, 8.78, 7.8, 7.05, 7.01, 7.02, 8.27, 9.14, 9.96, 10.34, 11.16, 11.54, 11.26, 10.89, 10.12, 9.16, 8.51, 8.806, 9.878, 9.415, 8.87, 8.44, 7.982, 8.281, 7.99, 7.759, 7.188, 6.41, 5.14, 3.45, 2.51, 2.1, 1.55, 1.02, 0, 1.35, 2.19, 2.24, 1.5, 1.2, 1.19, 1.4, 1.83], [6.62, 6.88, 6.51, 6.63, 7.29, 6.99, 6.35, 6.67, 7.54, 7.77, 7.99, 8.6