[[0, 1.21, 1.34, 1.13, 1.03, 1.0, 1.63, 2.15, 1.98, 1.91, 1.94, 2.0, 2.09, 2.88, 3.41, 2.7, 2.41, 2.44, 2.62, 2.51, 2.52, 2.65, 2.77, 3.24, 3.77, 5.33, 4.97, 4.75, 4.9, 5.47, 5.55, 5.42, 4.87, 4.66, 4.91, 5.3, 5.87, 5.82, 5.93, 6.55, 6.52, 5.92, 4.93, 4.24, 3.93, 4.11, 4.43, 4.35, 4.29, 3.75, 3.02, 2.63, 2.92, 2.85, 2.64, 3.21, 3.29, 3.25, 3.16, 2.83, 2.41, 2.5, 2.69, 2.43, 3.12, 3.51, 3.85, 3.98, 3.85, 3.47, 3.22, 1.85, 2.35, 2.69, 1.8, 2.01, 2.45, 2.7, 2.83, 3.11, 2.78, 3.13, 3.66, 3.63, 3.44, 3.8], [1.21, 0, 0.73, 1.04, 1.32, 1.05, 1.28, 1.56, 1.87, 1.88, 1.87, 1.99, 2.04, 2.25, 2.74, 2.65, 2.6, 2.55, 2.75, 2.64, 2.61, 2.86, 2.96, 3.37, 3.96, 5.52, 5.14, 4.94, 5.05, 5.6, 5.72, 5.57, 4.98, 4.85, 5.08, 5.45, 6.0, 6.05, 6.16, 6.84, 6.83, 6.23, 5.18, 4.43, 4.12, 4.34, 4.7, 4.62, 4.58, 4.06, 3.45, 2.88, 3.17, 3.16, 2.99, 3.56, 3.9, 3.64, 3.63, 3.34, 2.98, 3.13, 3.42, 3.2, 3.33, 3.9, 4.2, 4.37, 4.52, 3.98, 3.61, 2.3, 1.86, 2.32, 1.65, 2.2, 2.96, 3.31, 3.56, 3.82, 3.49, 3.92, 4.37, 4.34, 4.15, 4.57], [1.34, 0.73, 0, 0.97, 1.33, 1.12, 1.21, 1.69, 1.86, 1.93, 1.9, 1.84, 1.87, 2.26, 2.79, 2.64, 2.61, 2.58, 2.76, 2.69, 2.68, 2.91, 3.01, 3.46, 4.03, 5.57, 5.19, 5.01, 5.1, 5.65, 5.77, 5.62, 5.03, 4.88, 5.13, 5.5, 6.05, 6.1, 6.21, 7.01, 7.04, 6.46, 5.37, 4.5, 4.23, 4.43, 4.87, 4.83, 4.81, 4.29, 3.54, 3.15, 3.28, 3.33, 3.2, 3.95, 4.23, 3.95, 3.92, 3.71, 3.25, 3.38, 3.49, 3.29, 3.3, 4.01, 4.29, 4.44, 4.63, 4.13, 3.8, 2.39, 1.63, 2.19, 1.56, 2.19, 2.93, 3.28, 3.53, 3.79, 3.48, 3.93, 4.38, 4.35, 4.16, 4.58], [1.13, 1.04, 0.97, 0, 0.8, 0.87, 1.28, 1.96, 2.03, 2.0, 1.95, 1.93, 2.1, 2.73, 3.3, 2.75, 2.6, 2.73, 2.85, 2.64, 2.61, 2.8, 2.86, 3.41, 3.98, 5.48, 5.06, 4.92, 4.99, 5.56, 5.68, 5.59, 4.96, 4.73, 5.04, 5.57, 6.08, 5.97, 6.1, 6.88, 6.95, 6.35, 5.24, 4.41, 4.14, 4.34, 4.76, 4.72, 4.68, 4.16, 3.35, 2.98, 3.21, 3.18, 3.11, 3.7, 3.96, 3.8, 3.55, 3.36, 2.92, 3.05, 3.2, 2.86, 2.91, 3.56, 3.9, 4.05, 4.06, 3.64, 3.33, 1.86, 2.02, 2.4, 1.57, 1.98, 2.54, 2.79, 3.04, 3.3, 2.99, 3.38, 3.87, 3.84, 3.63, 4.05], [1.03, 1.32, 1.33, 0.8, 0, 0.87, 1.72, 2.54, 2.29, 2.32, 2.29, 2.21, 2.4, 3.27, 3.84, 3.11, 2.88, 2.95, 3.11, 2.98, 2.91, 3.1, 3.22, 3.59, 4.28, 5.8, 5.4, 5.24, 5.35, 5.92, 6.02, 5.91, 5.3, 5.09, 5.36, 5.85, 6.38, 6.27, 6.38, 7.1, 7.07, 6.49, 5.44, 4.71, 4.42, 4.58, 4.96, 4.88, 4.84, 4.32, 3.49, 3.1, 3.37, 3.36, 3.17, 3.78, 3.98, 3.72, 3.51, 3.2, 2.78, 2.93, 2.9, 2.46, 2.65, 3.16, 3.5, 3.65, 3.58, 3.24, 2.99, 1.6, 2.28, 2.52, 1.53, 1.62, 2.06, 2.27, 2.44, 2.72, 2.47, 2.92, 3.25, 3.28, 3.23, 3.67], [1.0, 1.05, 1.12, 0.87, 0.87, 0, 1.39, 2.21, 2.02, 1.97, 1.96, 2.06, 2.25, 2.94, 3.49, 2.74, 2.53, 2.56, 2.74, 2.65, 2.66, 2.79, 2.91, 3.38, 3.97, 5.49, 5.09, 4.91, 5.08, 5.63, 5.71, 5.56, 4.99, 4.86, 5.07, 5.42, 5.97, 5.96, 6.09, 6.85, 6.84, 6.26, 5.17, 4.38, 4.11, 4.31, 4.71, 4.63, 4.61, 4.09, 3.34, 2.89, 3.18, 3.11, 2.98, 3.53, 3.81, 3.71, 3.5, 3.23, 2.81, 2.92, 3.13, 2.81, 2.86, 3.45, 3.77, 3.9, 3.87, 3.45, 3.22, 1.97, 2.33, 2.55, 1.6, 1.89, 2.41, 2.64, 2.81, 3.07, 2.86, 3.13, 3.66, 3.63, 3.42, 3.84], [1.63, 1.28, 1.21, 1.28, 1.72, 1.39, 0, 1.22, 1.99, 1.86, 1.59, 1.49, 1.52, 1.97, 2.44, 2.67, 2.66, 2.71, 2.79, 2.6, 2.79, 2.98, 3.0, 3.71, 4.06, 5.52, 5.08, 4.96, 4.91, 5.38, 5.64, 5.35, 4.84, 4.79, 5.02, 5.19, 5.74, 5.95, 6.14, 7.04, 7.17, 6.57, 5.46, 4.41, 4.16, 4.4, 4.98, 4.94, 4.9, 4.38, 3.75, 3.4, 3.61, 3.42, 3.31, 4.06, 4.48, 4.3, 4.19, 4.04, 3.58, 3.69, 3.86, 3.56, 3.53, 4.2, 4.6, 4.77, 4.88, 4.36, 3.97, 2.52, 1.68, 1.74, 1.55, 2.58, 3.36, 3.71, 3.96, 4.22, 3.89, 4.26, 4.73, 4.7, 4.53, 4.91], [2.15, 1.56, 1.69, 1.96, 2.54, 2.21, 1.22, 0, 1.47, 1.64, 1.43, 1.43, 1.28, 1.37, 1.92, 2.27, 2.32, 2.35, 2.43, 2.28, 2.49, 2.7, 2.78, 3.35, 3.74, 5.18, 4.72, 4.7, 4.59, 5.02, 5.34, 5.01, 4.28, 4.29, 4.56, 4.69, 5.26, 5.55, 5.84, 6.78, 6.89, 6.27, 5.16, 4.13, 3.9, 4.18, 4.68, 4.68, 4.56, 4.04, 3.53, 3.06, 3.25, 3.18, 3.13, 3.8, 4.34, 4.2, 4.29, 3.98, 3.46, 3.55, 4.02, 4.12, 4.17, 4.9, 5.32, 5.552, 5.8, 5.18, 4.79, 3.26, 1.52, 1.66, 2.37, 3.5, 4.3, 4.65, 4.9, 5.16, 4.83, 5.22, 5.73, 5.7, 5.53, 5.89], [1.98, 1.87, 1.86, 2.03, 2.29, 2.02, 1.99, 1.47, 0, 0.95, 1.28, 1.58, 1.59, 1.76, 1.89, 1.34, 1.27, 1.16, 1.28, 1.33, 1.38, 1.67, 2.03, 2.2, 2.51, 3.97, 3.47, 3.41, 3.44, 3.97, 4.13, 3.92, 3.35, 3.22, 3.45, 3.84, 4.39, 4.42, 4.61, 5.47, 5.56, 4.94, 3.85, 2.88, 2.83, 2.95, 3.35, 3.37, 3.29, 2.97, 2.52, 2.01, 1.92, 2.07, 2.0, 3.03, 3.43, 3.41, 3.72, 3.31, 2.63, 2.84, 3.35, 3.65, 3.6, 4.33, 4.75, 5.088, 5.37, 4.73, 4.34, 2.93, 1.71, 2.33, 2.58, 3.29, 3.89, 4.18, 4.43, 4.69, 4.5, 4.81, 5.3, 5.27, 5.1, 5.5], [1.91, 1.88, 1.93, 2.0, 2.32, 1.97, 1.86, 1.64, 0.95, 0, 1.03, 1.33, 1.4, 1.55, 1.98, 1.35, 1.32, 1.17, 1.31, 1.06, 1.27, 1.52, 1.76, 2.07, 2.4, 3.8, 3.36, 3.28, 3.31, 3.9, 3.96, 3.77, 3.16, 3.09, 3.28, 3.71, 4.2, 4.27, 4.46, 5.34, 5.47, 4.91, 3.92, 2.87, 2.58, 2.9, 3.34, 3.28, 3.28, 2.82, 2.39, 1.96, 2.11, 2.04, 1.97, 3.18, 3.62, 3.54, 3.79, 3.38, 2.84, 2.91, 3.38, 3.5, 3.466, 4.156, 4.596, 4.946, 5.18, 4.56, 4.11, 2.66, 1.52, 2.14, 2.47, 3.2, 3.8, 4.03, 4.28, 4.54, 4.35, 4.66, 5.07, 5.04, 4.866, 5.23], [1.94, 1.87, 1.9, 1.95, 2.29, 1.96, 1.59, 1.43, 1.28, 1.03, 0, 0.8, 0.95, 1.46, 1.99, 1.64, 1.47, 1.36, 1.54, 1.39, 1.7, 1.95, 2.03, 2.54, 2.93, 4.29, 3.85, 3.81, 3.66, 4.13, 4.39, 4.1, 3.41, 3.38, 3.59, 3.84, 4.43, 4.6, 4.83, 5.85, 6.02, 5.48, 4.55, 3.32, 3.05, 3.27, 3.89, 3.85, 3.85, 3.37, 2.78, 2.41, 2.62, 2.67, 2.54, 3.37, 3.89, 3.69, 3.74, 3.37, 2.87, 3.0, 3.35, 3.49, 3.52, 4.17, 4.61, 4.948, 5.17, 4.57, 4.1, 2.73, 1.29, 1.77, 2.26, 2.99, 3.69, 4.04, 4.29, 4.55, 4.22, 4.63, 5.02, 4.99, 4.86, 5.26], [2.0, 1.99, 1.84, 1.93, 2.21, 2.06, 1.49, 1.43, 1.58, 1.33, 0.8, 0, 0.69, 1.54, 2.23, 2.08, 1.87, 1.88, 1.96, 1.83, 1.96, 2.25, 2.31, 2.8, 3.29, 4.73, 4.25, 4.19, 4.08, 4.57, 4.85, 4.54, 3.69, 3.72, 3.95, 4.1, 4.71, 4.96, 5.25, 6.23, 6.36, 5.78, 4.83, 3.7, 3.47, 3.63, 4.21, 4.17, 4.17, 3.69, 2.96, 2.77, 2.84, 2.91, 2.74, 3.67, 4.13, 3.93, 4.0, 3.63, 3.01, 3.08, 3.37, 3.45, 3.46, 4.11, 4.538, 4.888, 5.11, 4.51, 4.08, 2.69, 1.27, 1.55, 2.12, 2.89, 3.63, 4.0, 4.23, 4.49, 4.16, 4.61, 4.96, 4.95, 4.78, 5.2], [2.09, 2.04, 1.87, 2.1, 2.4, 2.25, 1.52, 1.28, 1.59, 1.4, 0.95, 0.69, 0, 1.25, 2.1, 2.11, 2.0, 1.95, 2.11, 1.94, 2.11, 2.38, 2.62, 2.99, 3.46, 4.86, 4.42, 4.36, 4.23, 4.68, 4.98, 4.67, 3.8, 3.79, 4.1, 4.21, 4.84, 5.09, 5.4, 6.4, 6.55, 5.95, 4.92, 3.85, 3.64, 3.8, 4.4, 4.36, 4.3, 3.78, 3.09, 2.82, 2.89, 2.94, 2.85, 3.8, 4.3, 4.1, 4.23, 3.8, 3.14, 3.27, 3.56, 3.72, 3.69, 4.388, 4.828, 5.178, 5.4, 4.78, 4.35, 2.9, 1.1, 1.38, 2.15, 3.14, 3.9, 4.27, 4.5, 4.78, 4.43, 4.9, 5.23, 5.2, 5.07, 5.51], [2.88, 2.25, 2.26, 2.73, 3.27, 2.94, 1.97, 1.37, 1.76, 1.55, 1.46, 1.54, 1.25, 0, 1.07, 1.72, 1.95, 1.92, 1.88, 1.77, 2.4, 2.71, 3.01, 3.34, 3.37, 4.61, 4.17, 4.15, 3.94, 4.33, 4.61, 4.28, 3.53, 3.52, 3.83, 3.92, 4.53, 4.78, 5.11, 6.23, 6.42, 5.9, 4.99, 3.8, 3.51, 3.91, 4.27, 4.21, 4.23, 3.97, 3.44, 3.01, 3.04, 3.09, 3.12, 4.27, 4.69, 4.71, 5.0, 4.53, 3.97, 3.98, 4.53, 4.81, 4.725, 5.435, 5.875, 6.265, 6.49, 5.87, 5.38, 3.81, 1.37, 1.81, 3.04, 4.19, 4.99, 5.34, 5.59, 5.85, 5.52, 5.89, 6.3, 6.29, 6.14, 6.46], [3.41, 2.74, 2.79, 3.3, 3.84, 3.49, 2.44, 1.92, 1.89, 1.98, 1.99, 2.23, 2.1, 1.07, 0, 1.27, 1.86, 1.81, 1.61, 1.8, 2.59, 2.86, 3.18, 3.37, 2.86, 3.88, 3.48, 3.4, 3.09, 3.52, 3.74, 3.45, 2.98, 3.01, 3.18, 3.25, 3.86, 3.99, 4.36, 5.44, 5.61, 5.25, 4.52, 3.27, 3.34, 3.58, 3.86, 3.82, 3.94, 3.9, 3.61, 3.16, 3.03, 3.16, 3.27, 4.42, 5.02, 5.04, 5.31, 5.02, 4.32, 4.49, 5.08, 5.4, 5.335, 6.045, 6.485, 6.835, 7.062, 6.44, 5.97, 4.4, 1.92, 2.52, 3.61, 4.76, 5.56, 5.91, 6.16, 6.42, 6.09, 6.46, 6.87, 6.86, 6.703, 7.03], [2.7, 2.65, 2.64, 2.75, 3.11, 2.74, 2.67, 2.27, 1.34, 1.35, 1.64, 2.08, 2.11, 1.72, 1.27, 0, 0.97, 0.96, 0.8, 1.15, 1.68, 1.95, 2.27, 2.48, 2.01, 3.19, 2.93, 2.73, 2.7, 3.19, 3.23, 3.12, 2.65, 2.52, 2.69, 2.9, 3.49, 3.52, 3.61, 4.73, 4.9, 4.52, 3.61, 2.46, 2.47, 2.75, 3.05, 3.03, 3.11, 3.05, 2.7, 2.19, 2.12, 2.27, 2.38, 3.39, 4.05, 4.07, 4.38, 4.09, 3.37, 3.54, 4.11, 4.41, 4.36, 5.07, 5.51, 5.88, 6.07, 5.47, 5.06, 3.69, 2.11, 2.79, 3.2, 4.03, 4.59, 4.96, 5.19, 5.45, 5.24, 5.49, 6.02, 5.99, 5.8, 6.1], [2.41, 2.6, 2.61, 2.6, 2.88, 2.53, 2.66, 2.32, 1.27, 1.32, 1.47, 1.87, 2.0, 1.95, 1.86, 0.97, 0, 0.79, 0.77, 0.94, 1.33, 1.56, 1.74, 1.93, 1.86, 3.14, 2.86, 2.72, 2.75, 3.42, 3.44, 3.31, 2.72, 2.51, 2.74, 3.13, 3.66, 3.55, 3.64, 4.66, 4.83, 4.33, 3.4, 2.45, 2.28, 2.4, 2.82, 2.94, 2.84, 2.58, 2.19, 1.84, 1.83, 2.02, 1.99, 2.94, 3.58, 3.48, 3.71, 3.48, 2.82, 3.01, 3.52, 3.78, 3.73, 4.44, 4.88, 5.23, 5.48, 4.88, 4.47, 3.38, 2.12, 2.7, 3.01, 3.56, 4.02, 4.33, 4.58, 4.88, 4.69, 4.92, 5.43, 5.44, 5.19, 5.55], [2.44, 2.55, 2.58, 2.73, 2.95, 2.56, 2.71, 2.35, 1.16, 1.17, 1.36, 1.88, 1.95, 1.92, 1.81, 0.96, 0.79, 0, 0.52, 0.75, 1.22, 1.45, 1.73, 1.92, 1.93, 3.13, 2.91, 2.85, 2.82, 3.53, 3.55, 3.36, 2.67, 2.52, 2.79, 3.06, 3.61, 3.62, 3.75, 4.67, 4.84, 4.42, 3.49, 2.66, 2.37, 2.47, 2.85, 2.81, 2.91, 2.61, 2.14, 1.69, 1.64, 1.87, 1.98, 3.01, 3.43, 3.41, 3.7, 3.45, 2.69, 2.94, 3.41, 3.69, 3.64, 4.35, 4.79, 5.14, 5.39, 4.77, 4.44, 3.39, 2.07, 2.65, 2.98, 3.57, 4.01, 4.2, 4.47, 4.79, 4.7, 4.87, 5.36, 5.45, 5.16, 5.48], [2.62, 2.75, 2.76, 2.85, 3.11, 2.74, 2.79, 2.43, 1.28, 1.31, 1.54, 1.96, 2.11, 1.88, 1.61, 0.8, 0.77, 0.52, 0, 0.75, 1.26, 1.53, 1.87, 2.1, 1.83, 2.93, 2.73, 2.71, 2.54, 3.21, 3.19, 3.04, 2.43, 2.28, 2.51, 2.82, 3.33, 3.36, 3.49, 4.61, 4.82, 4.4, 3.49, 2.5, 2.33, 2.47, 2.87, 2.77, 2.91, 2.67, 2.28, 1.77, 1.76, 1.93, 2.02, 3.09, 3.61, 3.63, 3.9, 3.61, 2.87, 3.1, 3.65, 3.93, 3.9, 4.61, 5.05, 5.405, 5.63, 4.99, 4.6, 3.63, 2.25, 2.85, 3.2, 3.75, 4.15, 4.5, 4.71, 4.99, 4.84, 5.05, 5.56, 5.63, 5.4, 5.7], [2.51, 2.64, 2.69, 2.64, 2.98, 2.65, 2.6, 2.28, 1.33, 1.06, 1.39, 1.83, 1.94, 1.77, 1.8, 1.15, 0.94, 0.75, 0.75, 0, 1.09, 1.38, 1.74, 1.95, 1.94, 3.06, 2.68, 2.72, 2.65, 3.36, 3.38, 3.21, 2.56, 2.37, 2.64, 3.01, 3.52, 3.47, 3.66, 4.72, 4.87, 4.51, 3.56, 2.61, 2.18, 2.56, 2.94, 2.72, 2.9, 2.54, 2.13, 1.7, 1.73, 1.82, 1.87, 2.94, 3.5, 3.48, 3.73, 3.36, 2.72, 2.89, 3.38, 3.66, 3.606, 4.316, 4.756, 5.106, 5.333, 4.7, 4.27, 3.34, 2.08, 2.76, 3.11, 3.66, 3.96, 4.19, 4.48, 4.76, 4.63, 4.76, 5.23, 5.32, 5.05, 5.37], [2.52, 2.61, 2.68, 2.61, 2.91, 2.66, 2.79, 2.49, 1.38, 1.27, 1.7, 1.96, 2.11, 2.4, 2.59, 1.68, 1.33, 1.22, 1.26, 1.09, 0, 0.75, 1.13, 1.26, 1.77, 3.09, 2.79, 2.79, 3.08, 3.99, 3.85, 3.84, 3.05, 2.62, 2.93, 3.5, 3.73, 3.54, 3.57, 4.43, 4.6, 4.02, 3.01, 2.38, 2.07, 1.95, 2.45, 2.47, 2.41, 2.07, 1.8, 1.45, 1.46, 1.57, 1.46, 2.25, 2.65, 2.61, 2.94, 2.67, 2.01, 2.12, 2.61, 2.89, 2.856, 3.566, 4.006, 4.356, 4.61, 3.99, 3.62, 2.99, 2.33, 2.93, 3.1, 3.37, 3.49, 3.6, 3.79, 4.11, 4.14, 4.23, 4.54, 4.75, 4.42, 4.68], [2.65, 2.86, 2.91, 2.8, 3.1, 2.79, 2.98, 2.7, 1.67, 1.52, 1.95, 2.25, 2.38, 2.71, 2.86, 1.95, 1.56, 1.45, 1.53, 1.38, 0.75, 0, 0.74, 0.93, 1.6, 2.94, 2.72, 2.82, 3.15, 4.08, 3.84, 3.83, 3.18, 2.67, 2.9, 3.57, 3.72, 3.27, 3.36, 4.14, 4.21, 3.67, 2.68, 2.35, 1.88, 1.7, 2.18, 2.22, 2.08, 1.72, 1.77, 1.64, 1.73, 1.6, 1.51, 2.08, 2.52, 2.48, 2.77, 2.66, 2.14, 2.15, 2.6, 2.82, 2.79, 3.44, 3.88, 4.243, 4.5, 3.88, 3.57, 3.02, 2.6, 3.24, 3.31, 3.58, 3.74, 3.65, 3.88, 4.2, 4.35, 4.32, 4.59, 4.82, 4.35, 4.55], [2.77, 2.96, 3.01, 2.86, 3.22, 2.91, 3.0, 2.78, 2.03, 1.76, 2.03, 2.31, 2.62, 3.01, 3.18, 2.27, 1.74, 1.73, 1.87, 1.74, 1.13, 0.74, 0, 0.91, 1.52, 2.9, 2.82, 3.06, 3.27, 4.236, 4.06, 3.989, 3.3, 2.65, 2.94, 3.69, 3.84, 3.21, 3.28, 4.14, 4.25, 3.71, 2.94, 2.61, 1.9, 1.78, 2.36, 2.52, 2.32, 1.9, 1.99, 1.96, 2.01, 1.94, 1.91, 2.14, 2.52, 2.34, 2.57, 2.58, 2.4, 2.25, 2.58, 2.8, 2.83, 3.32, 3.76, 4.09, 4.3, 3.68, 3.55, 3.04, 2.84, 3.36, 3.33, 3.6, 3.78, 3.79, 4.0, 4.24, 4.39, 4.36, 4.65, 4.86, 4.29, 4.51], [3.24, 3.37, 3.46, 3.41, 3.59, 3.38, 3.71, 3.35, 2.2, 2.07, 2.54, 2.8, 2.99, 3.34, 3.37, 2.48, 1.93, 1.92, 2.1, 1.95, 1.26, 0.93, 0.91, 0, 1.47, 2.93, 2.79, 2.95, 3.36, 4.326, 4.089, 4.059, 3.31, 2.68, 2.95, 3.76, 3.87, 3.0, 2.87, 3.57, 3.62, 3.06, 2.61, 2.5, 1.63, 1.41, 1.87, 1.99, 1.75, 1.49, 1.76, 1.87, 1.82, 1.87, 1.72, 2.05, 2.47, 2.33, 2.64, 2.67, 2.31, 2.38, 2.63, 2.85, 2.84, 3.33, 3.75, 4.04, 4.25, 3.65, 3.58, 3.17, 3.07, 3.73, 3.8, 3.89, 4.01, 3.96, 4.17, 4.41, 4.62, 4.59, 4.72, 4.97, 4.4, 4.58], [3.77, 3.96, 4.03, 3.98, 4.28, 3.97, 4.06, 3.74, 2.51, 2.4, 2.93, 3.29, 3.46, 3.37, 2.86, 2.01, 1.86, 1.93, 1.83, 1.94, 1.77, 1.6, 1.52, 1.47, 0, 1.9, 1.72, 1.88, 2.23, 3.12, 2.94, 2.83, 2.22, 1.65, 1.9, 2.55, 2.76, 2.15, 2.28, 3.04, 3.19, 2.89, 2.28, 1.69, 1.82, 1.84, 2.08, 2.34, 2.26, 2.2, 2.21, 2.2, 2.09, 2.06, 2.31, 2.92, 3.46, 3.42, 3.69, 3.64, 3.2, 3.31, 3.76, 3.96, 3.99, 4.54, 4.94, 5.249, 5.46, 4.84, 4.63, 4.18, 3.56, 4.16, 4.35, 4.66, 4.92, 4.97, 5.24, 5.44, 5.57, 5.56, 5.87, 6.0, 5.47, 5.67], [5.33, 5.52, 5.57, 5.48, 5.8, 5.49, 5.52, 5.18, 3.97, 3.8, 4.29, 4.73, 4.86, 4.61, 3.88, 3.19, 3.14, 3.13, 2.93, 3.06, 3.09, 2.94, 2.9, 2.93, 1.9, 0, 1.0, 1.2, 1.65, 1.94, 1.72, 1.63, 1.42, 1.45, 1.24, 1.61, 1.72, 1.83, 2.42, 2.26, 2.91, 3.51, 2.58, 2.29, 2.66, 3.08, 3.54, 3.52, 3.58, 3.56, 3.67, 3.52, 3.41, 3.44, 3.73, 4.42, 4.88, 4.9, 5.25, 5.22, 4.64, 4.79, 5.2, 5.52, 5.49, 6.039, 6.499, 6.829, 7.036, 6.4, 6.19, 5.68, 5.0, 5.54, 5.93, 6.28, 6.44, 6.39, 6.6, 6.88, 7.05, 7.04, 7.33, 7.5, 7.05, 7.23], [4.97, 5.14, 5.19, 5.06, 5.4, 5.09, 5.08, 4.72, 3.47, 3.36, 3.85, 4.25, 4.42, 4.17, 3.48, 2.93, 2.86, 2.91, 2.73, 2.68, 2.79, 2.72, 2.82, 2.79, 1.72, 1.0, 0, 1.12, 1.75, 2.02, 1.84, 1.67, 1.36, 1.09, 1.1, 1.77, 1.98, 1.73, 2.46, 2.44, 2.75, 3.27, 2.34, 1.79, 2.32, 3.02, 3.429, 3.5, 3.432, 3.46, 3.45, 3.22, 3.01, 3.04, 3.35, 4.24, 4.76, 4.7, 5.03, 4.9, 4.36, 4.55, 4.96, 5.26, 5.23, 5.833, 6.273, 6.64, 6.871, 6.248, 5.81, 5.18, 4.56, 5.16, 5.59, 5.92, 6.12, 6.15, 6.36, 6.54, 6.65, 6.76, 7.05, 7.1, 6.65, 6.91], [4.75, 4.94, 5.01, 4.92, 5.24, 4.91, 4.96, 4.7, 3.41, 3.28, 3.81, 4.19, 4.36, 4.15, 3.4, 2.73, 2.72, 2.85, 2.71, 2.72, 2.79, 2.82, 3.06, 2.95, 1.88, 1.2, 1.12, 0, 1.21, 1.66, 1.52, 1.49, 1.42, 1.55, 1.36, 1.71, 1.94, 2.05, 2.52, 2.44, 2.93, 3.63, 2.72, 1.83, 2.48, 2.94, 3.249, 3.22, 3.277, 3.44, 3.483, 3.18, 2.95, 3.08, 3.25, 4.22, 4.88, 4.84, 5.17, 4.98, 4.3, 4.55, 4.987, 5.31, 5.254, 5.926, 6.366, 6.736, 6.99, 6.367, 5.93, 5.02, 4.52, 5.14, 5.41, 5.82, 6.04, 6.15, 6.3, 6.46, 6.53, 6.66, 6.89, 6.92, 6.68, 6.861], [4.9, 5.05, 5.1, 4.99, 5.35, 5.08, 4.91, 4.59, 3.44, 3.31, 3.66, 4.08, 4.23, 3.94, 3.09, 2.7, 2.75, 2.82, 2.54, 2.65, 3.08, 3.15, 3.27, 3.36, 2.23, 1.65, 1.75, 1.21, 0, 1.21, 1.37, 1.38, 1.49, 1.76, 1.67, 1.84, 2.09, 2.56, 2.77, 3.31, 3.76, 4.38, 3.47, 2.32, 2.95, 3.31, 3.67, 3.67, 3.85, 3.95, 4.02, 3.59, 3.4, 3.53, 3.64, 4.65, 5.37, 5.31, 5.64, 5.45, 4.71, 4.94, 5.47, 5.789, 5.722, 6.432, 6.872, 7.232, 7.449, 6.85, 6.379, 5.41, 4.43, 5.05, 5.5, 5.99, 6.31, 6.56, 6.65, 6.87, 6.74, 6.99, 7.28, 7.35, 7.139, 7.38], [5.47, 5.6, 5.65, 5.56, 5.92, 5.63, 5.38, 5.02, 3.97, 3.9, 4.13, 4.57, 4.68, 4.33, 3.52, 3.19, 3.42, 3.53, 3.21, 3.36, 3.99, 4.08, 4.236, 4.326, 3.12, 1.94, 2.02, 1.66, 1.21, 0, 1.06, 1.07, 1.54, 2.23, 1.74, 1.57, 1.74, 2.71, 3.4, 3.48, 4.05, 4.69, 3.72, 2.73, 3.46, 4.18, 4.6, 4.58, 4.62, 4.92, 5.03, 4.56, 4.39, 4.52, 4.63, 5.68, 6.4, 6.36, 6.67, 6.46, 5.76, 5.93, 6.52, 6.82, 6.752, 7.462, 7.902, 8.252, 8.496, 7.88, 7.39, 6.18, 4.92, 5.56, 6.11, 6.74, 7.1, 7.39, 7.6, 7.86, 7.65, 7.9, 8.29, 8.34, 8.146, 8.368], [5.55, 5.72, 5.77, 5.68, 6.02, 5.71, 5.64, 5.34, 4.13, 3.96, 4.39, 4.85, 4.98, 4.61, 3.74, 3.23, 3.44, 3.55, 3.19, 3.38, 3.85, 3.84, 4.06, 4.089, 2.94, 1.72, 1.84, 1.52, 1.37, 1.06, 0, 0.77, 1.56, 2.09, 1.52, 1.53, 1.58, 2.49, 3.06, 2.96, 3.43, 4.07, 3.1, 2.25, 3.06, 3.96, 4.36, 4.36, 4.4, 4.7, 4.81, 4.34, 4.19, 4.34, 4.45, 5.44, 6.16, 6.12, 6.43, 6.22, 5.56, 5.69, 6.3, 6.6, 6.555, 7.245, 7.685, 8.035, 8.262, 7.64, 7.17, 6.02, 5.14, 5.8, 6.21, 6.76, 7.04, 7.19, 7.36, 7.64, 7.59, 7.82, 8.07, 8.1, 7.912, 8.148], [5.42, 5.57, 5.62, 5.59, 5.91, 5.56, 5.35, 5.01, 3.92, 3.77, 4.1, 4.54, 4.67, 4.28, 3.45, 3.12, 3.31, 3.36, 3.04, 3.21, 3.84, 3.83, 3.989, 4.059, 2.83, 1.63, 1.67, 1.49, 1.38, 1.07, 0.77, 0, 1.27, 1.84, 1.35, 1.36, 1.43, 2.36, 3.07, 2.93, 3.36, 3.98, 3.01, 2.14, 2.99, 3.93, 4.35, 4.347, 4.37, 4.65, 4.76, 4.29, 4.14, 4.27, 4.4, 5.39, 6.11, 6.07, 6.4, 6.19, 5.51, 5.64, 6.25, 6.552, 6.505, 7.195, 7.635, 7.992, 8.212, 7.61, 7.14, 5.99, 4.85, 5.49, 6.04, 6.67, 7.03, 7.12, 7.33, 7.61, 7.6, 7.81, 8.04, 8.09, 7.882, 8.121], [4.87, 4.98, 5.03, 4.96, 5.3, 4.99, 4.84, 4.28, 3.35, 3.16, 3.41, 3.69, 3.8, 3.53, 2.98, 2.65, 2.72, 2.67, 2.43, 2.56, 3.05, 3.18, 3.3, 3.31, 2.22, 1.42, 1.36, 1.42, 1.49, 1.54, 1.56, 1.27, 0, 1.01, 0.86, 1.09, 1.4, 1.95, 2.78, 3.02, 3.49, 3.99, 3.1, 2.17, 2.9, 3.58, 4.04, 4.02, 3.98, 4.04, 4.03, 3.6, 3.43, 3.68, 3.87, 4.9, 5.42, 5.32, 5.65, 5.44, 4.72, 4.89, 5.46, 5.8, 5.738, 6.428, 6.848, 7.218, 7.465, 6.84, 6.39, 5.4, 4.16, 4.66, 5.31, 5.88, 6.16, 6.37, 6.6, 6.9, 6.79, 6.96, 7.27, 7.32, 7.123, 7.423], [4.66, 4.85, 4.88, 4.73, 5.09, 4.86, 4.79, 4.29, 3.22, 3.09, 3.38, 3.72, 3.79, 3.52, 3.01, 2.52, 2.51, 2.52, 2.28, 2.37, 2.62, 2.67, 2.65, 2.68, 1.65, 1.45, 1.09, 1.55, 1.76, 2.23, 2.09, 1.84, 1.01, 0, 0.95, 1.6, 1.85, 1.68, 2.39, 2.91, 3.1, 3.4, 2.57, 1.74, 2.39, 2.97, 3.41, 3.45, 3.39, 3.41, 3.3, 3.03, 2.82, 3.03, 3.28, 4.21, 4.67, 4.59, 4.92, 4.73, 4.09, 4.28, 4.71, 5.05, 4.98, 5.681, 6.121, 6.477, 6.69, 6.07, 5.64, 4.95, 4.05, 4.61, 5.14, 5.53, 5.73, 5.9, 6.09, 6.31, 6.3, 6.41, 6.7, 6.77, 6.4, 6.64], [4.91, 5.08, 5.13, 5.04, 5.36, 5.07, 5.02, 4.56, 3.45, 3.28, 3.59, 3.95, 4.1, 3.83, 3.18, 2.69, 2.74, 2.79, 2.51, 2.64, 2.93, 2.9, 2.94, 2.95, 1.9, 1.24, 1.1, 1.36, 1.67, 1.74, 1.52, 1.35, 0.86, 0.95, 0, 1.23, 1.42, 1.55, 2.38, 2.64, 3.05, 3.61, 2.7, 2.01, 2.6, 3.28, 3.68, 3.64, 3.64, 3.72, 3.75, 3.42, 3.31, 3.46, 3.69, 4.54, 5.08, 5.02, 5.31, 5.14, 4.58, 4.67, 5.2, 5.48, 5.45, 6.105, 6.545, 6.895, 7.12, 6.5, 6.07, 5.32, 4.3, 4.9, 5.43, 5.8, 6.1, 6.25, 6.5, 6.78, 6.69, 6.88, 7.05, 7.08, 6.81, 7.05], [5.3, 5.45, 5.5, 5.57, 5.85, 5.42, 5.19, 4.69, 3.84, 3.71, 3.84, 4.1, 4.21, 3.92, 3.25, 2.9, 3.13, 3.06, 2.82, 3.01, 3.5, 3.57, 3.69, 3.76, 2.55, 1.61, 1.77, 1.71, 1.84, 1.57, 1.53, 1.36, 1.09, 1.6, 1.23, 0, 0.99, 2.06, 2.93, 3.03, 3.62, 4.14, 3.19, 2.54, 3.19, 3.81, 4.19, 4.17, 4.21, 4.41, 4.52, 4.13, 4.02, 4.17, 4.26, 5.15, 5.83, 5.79, 6.1, 5.91, 5.21, 5.38, 5.95, 6.25, 6.22, 6.921, 7.361, 7.707, 7.93, 7.31, 6.86, 6.15, 4.61, 5.07, 5.82, 6.27, 6.59, 6.9, 7.15, 7.45, 7.28, 7.37, 7.8, 7.91, 7.6, 7.853], [5.87, 6.0, 6.05, 6.08, 6.38, 5.97, 5.74, 5.26, 4.39, 4.2, 4.43, 4.71, 4.84, 4.53, 3.86, 3.49, 3.66, 3.61, 3.33, 3.52, 3.73, 3.72, 3.84, 3.87, 2.76, 1.72, 1.98, 1.94, 2.09, 1.74, 1.58, 1.43, 1.4, 1.85, 1.42, 0.99, 0, 1.77, 2.64, 2.62, 3.19, 3.79, 2.94, 2.77, 3.38, 3.92, 4.24, 4.1, 4.1, 4.4, 4.65, 4.4, 4.33, 4.5, 4.59, 5.26, 5.8, 5.88, 6.13, 6.04, 5.3, 5.35, 5.84, 6.14, 6.13, 6.76, 7.18, 7.57, 7.88, 7.28, 7.09, 6.6, 5.2, 5.64, 6.37, 6.68, 6.98, 6.99, 7.34, 7.64, 7.67, 7.46, 7.85, 8.18, 7.83, 7.93], [5.82, 6.05, 6.1, 5.97, 6.27, 5.96, 5.95, 5.55, 4.42, 4.27, 4.6, 4.96, 5.09, 4.78, 3.99, 3.52, 3.55, 3.62, 3.36, 3.47, 3.54, 3.27, 3.21, 3.0, 2.15, 1.83, 1.73, 2.05, 2.56, 2.71, 2.49, 2.36, 1.95, 1.68, 1.55, 2.06, 1.77, 0, 1.31, 1.71, 2.06, 2.86, 2.69, 2.62, 2.81, 2.95, 3.23, 3.03, 2.97, 3.33, 3.92, 3.99, 3.84, 3.89, 4.08, 4.51, 4.95, 5.11, 5.38, 5.37, 4.93, 4.94, 5.21, 5.35, 5.34, 5.59, 6.09, 6.4, 6.85, 6.37, 6.38, 5.95, 5.27, 5.91, 6.34, 6.55, 6.75, 6.66, 6.95, 7.21, 7.38, 7.13, 7.24, 7.59, 7.04, 6.92], [5.93, 6.16, 6.21, 6.1, 6.38, 6.09, 6.14, 5.84, 4.61, 4.46, 4.83, 5.25, 5.4, 5.11, 4.36, 3.61, 3.64, 3.75, 3.49, 3.66, 3.57, 3.36, 3.28, 2.87, 2.28, 2.42, 2.46, 2.52, 2.77, 3.4, 3.06, 3.07, 2.78, 2.39, 2.38, 2.93, 2.64, 1.31, 0, 1.48, 1.99, 2.63, 3.0, 2.69, 2.72, 2.5, 2.56, 2.42, 2.38, 2.94, 3.67, 3.78, 3.61, 3.64, 3.85, 4.06, 4.52, 4.72, 4.95, 5.06, 4.74, 4.77, 4.94, 5.1, 5.09, 5.24, 5.66, 5.93, 6.18, 5.92, 6.09, 5.72, 5.5, 6.18, 6.45, 6.64, 6.7, 6.61, 6.84, 6.98, 7.21, 6.92, 7.01, 7.38, 6.81, 6.67], [6.55, 6.84, 7.01, 6.88, 7.1, 6.85, 7.04, 6.78, 5.47, 5.34, 5.85, 6.23, 6.4, 6.23, 5.44, 4.73, 4.66, 4.67, 4.61, 4.72, 4.43, 4.14, 4.14, 3.57, 3.04, 2.26, 2.44, 2.44, 3.31, 3.48, 2.96, 2.93, 3.02, 2.91, 2.64, 3.03, 2.62, 1.71, 1.48, 0, 1.07, 2.15, 2.62, 3.09, 3.16, 3.06, 2.76, 2.62, 2.66, 3.24, 4.07, 4.26, 4.05, 4.02, 4.25, 4.42, 4.86, 5.06, 5.29, 5.4, 5.22, 5.23, 5.32, 5.54, 5.59, 5.6, 6.02, 6.29, 6.54, 6.28, 6.45, 6.18, 6.48, 7.12, 7.25, 7.24, 7.16, 7.07, 7.32, 7.44, 7.67, 7.36, 7.39, 7.82, 7.21, 7.01], [6.52, 6.83, 7.04, 6.95, 7.07, 6.84, 7.17, 6.89, 5.56, 5.47, 6.02, 6.36, 6.55, 6.42, 5.61, 4.9, 4.83, 4.84, 4.82, 4.87, 4.6, 4.21, 4.25, 3.62, 3.19, 2.91, 2.75, 2.93, 3.76, 4.05, 3.43, 3.36, 3.49, 3.1, 3.05, 3.62, 3.19, 2.06, 1.99, 1.07, 0, 1.42, 2.15, 2.96, 3.17, 2.99, 2.61, 2.53, 2.51, 3.07, 3.92, 4.17, 3.98, 3.95, 4.1, 4.21, 4.69, 4.89, 5.12, 5.21, 5.11, 5.06, 5.15, 5.45, 5.5, 5.43, 5.87, 6.16, 6.41, 6.07, 6.24, 6.03, 6.59, 7.29, 7.32, 7.23, 7.09, 7.0, 7.19, 7.33, 7.54, 7.23, 7.24, 7.67, 7.04, 6.82], [5.92, 6.23, 6.46, 6.35, 6.49, 6.26, 6.57, 6.27, 4.94, 4.91, 5.48, 5.78, 5.95, 5.9, 5.25, 4.52, 4.33, 4.42, 4.4, 4.51, 4.02, 3.67, 3.71, 3.06, 2.89, 3.51, 3.27, 3.63, 4.38, 4.69, 4.07, 3.98, 3.99, 3.4, 3.61, 4.14, 3.79, 2.86, 2.63, 2.15, 1.42, 0, 1.51, 2.58, 2.77, 2.39, 2.21, 2.45, 2.25, 2.35, 3.3, 3.59, 3.38, 3.33, 3.48, 3.53, 4.01, 4.21, 4.44, 4.57, 4.51, 4.44, 4.57, 4.79, 4.98, 4.81, 5.29, 5.54, 5.81, 5.43, 5.54, 5.47, 6.05, 6.73, 6.78, 6.69, 6.55, 6.38, 6.57, 6.71, 6.98, 6.69, 6.76, 7.15, 6.48, 6.32], [4.93, 5.18, 5.37, 5.24, 5.44, 5.17, 5.46, 5.16, 3.85, 3.92, 4.55, 4.83, 4.92, 4.99, 4.52, 3.61, 3.4, 3.49, 3.49, 3.56, 3.01, 2.68, 2.94, 2.61, 2.28, 2.58, 2.34, 2.72, 3.47, 3.72, 3.1, 3.01, 3.1, 2.57, 2.7, 3.19, 2.94, 2.69, 3.0, 2.62, 2.15, 1.51, 0, 1.65, 2.3, 2.58, 2.76, 2.9, 2.66, 2.76, 3.05, 2.98, 2.87, 2.88, 2.99, 3.5, 4.12, 4.14, 4.45, 4.4, 3.86, 3.85, 4.22, 4.48, 4.49, 5.016, 5.48, 5.846, 6.14, 5.58, 5.37, 4.96, 5.14, 5.74, 5.69, 5.72, 5.76, 5.69, 5.92, 6.06, 6.29, 6.1, 6.33, 6.62, 6.19, 6.27], [4.24, 4.43, 4.5, 4.41, 4.71, 4.38, 4.41, 4.13, 2.88, 2.87, 3.32, 3.7, 3.85, 3.8, 3.27, 2.46, 2.45, 2.66, 2.5, 2.61, 2.38, 2.35, 2.61, 2.5, 1.69, 2.29, 1.79, 1.83, 2.32, 2.73, 2.25, 2.14, 2.17, 1.74, 2.01, 2.54, 2.77, 2.62, 2.69, 3.09, 2.96, 2.58, 1.65, 0, 1.53, 2.21, 2.77, 3.09, 2.83, 2.99, 3.1, 2.71, 2.54, 2.55, 2.62, 3.59, 4.31, 4.27, 4.6, 4.39, 3.77, 3.96, 4.47, 4.75, 4.711, 5.363, 5.803, 6.173, 6.418, 5.81, 5.32, 4.39, 4.09, 4.65, 4.96, 5.39, 5.53, 5.62, 5.75, 5.89, 5.98, 6.15, 6.38, 6.35, 6.1, 6.381], [3.93, 4.12, 4.23, 4.14, 4.42, 4.11, 4.16, 3.9, 2.83, 2.58, 3.05, 3.47, 3.64, 3.51, 3.34, 2.47, 2.28, 2.37, 2.33, 2.18, 2.07, 1.88, 1.9, 1.63, 1.82, 2.66, 2.32, 2.48, 2.95, 3.46, 3.06, 2.99, 2.9, 2.39, 2.6, 3.19, 3.38, 2.81, 2.72, 3.16, 3.17, 2.77, 2.3, 1.53, 0, 1.44, 2.08, 2.28, 2.16, 2.22, 2.65, 2.5, 2.37, 2.26, 2.27, 2.8, 3.48, 3.44, 3.73, 3.72, 3.48, 3.45, 3.82, 4.04, 4.03, 4.58, 4.96, 5.281, 5.5, 4.88, 4.59, 3.94, 3.84, 4.54, 4.71, 5.02, 5.04, 5.03, 5.28, 5.48, 5.61, 5.7, 5.93, 5.98, 5.49, 5.67], [4.11, 4.34, 4.43, 4.34, 4.58, 4.31, 4.4, 4.18, 2.95, 2.9, 3.27, 3.63, 3.8, 3.91, 3.58, 2.75, 2.4, 2.47, 2.47, 2.56, 1.95, 1.7, 1.78, 1.41, 1.84, 3.08, 3.02, 2.94, 3.31, 4.18, 3.96, 3.93, 3.58, 2.97, 3.28, 3.81, 3.92, 2.95, 2.5, 3.06, 2.99, 2.39, 2.58, 2.21, 1.44, 0, 1.12, 1.48, 1.32, 1.26, 1.99, 2.12, 2.03, 1.86, 1.83, 2.22, 2.68, 2.86, 3.07, 3.18, 2.92, 3.07, 3.26, 3.48, 3.35, 3.7, 4.14, 4.41, 4.68, 4.1, 4.07, 3.8, 3.98, 4.6, 4.85, 5.02, 4.94, 4.77, 4.96, 5.1, 5.43, 5.3, 5.39, 5.72, 5.05, 4.99], [4.43, 4.7, 4.87, 4.76, 4.96, 4.71, 4.98, 4.68, 3.35, 3.34, 3.89, 4.21, 4.4, 4.27, 3.86, 3.05, 2.82, 2.85, 2.87, 2.94, 2.45, 2.18, 2.36, 1.87, 2.08, 3.54, 3.429, 3.249, 3.67, 4.6, 4.36, 4.35, 4.04, 3.41, 3.68, 4.19, 4.24, 3.23, 2.56, 2.76, 2.61, 2.21, 2.76, 2.77, 2.08, 1.12, 0, 0.88, 1.0, 1.34, 1.95, 2.14, 1.89, 1.8, 2.01, 2.18, 2.64, 2.84, 3.03, 3.2, 3.08, 3.09, 3.34, 3.62, 3.65, 3.66, 4.1, 4.39, 4.56, 4.12, 4.15, 4.04, 4.5, 5.2, 5.31, 5.32, 5.14, 5.01, 5.16, 5.32, 5.59, 5.4, 5.51, 5.86, 5.19, 5.03], [4.35, 4.62, 4.83, 4.72, 4.88, 4.63, 4.94, 4.68, 3.37, 3.28, 3.85, 4.17, 4.36, 4.21, 3.82, 3.03, 2.94, 2.81, 2.77, 2.72, 2.47, 2.22, 2.52, 1.99, 2.34, 3.52, 3.5, 3.22, 3.67, 4.58, 4.36, 4.347, 4.02, 3.45, 3.64, 4.17, 4.1, 3.03, 2.42, 2.62, 2.53, 2.45, 2.9, 3.09, 2.28, 1.48, 0.88, 0, 0.96, 1.36, 2.03, 2.2, 2.01, 1.88, 2.07, 2.22, 2.68, 3.0, 3.23, 3.22, 3.16, 3.13, 3.3, 3.56, 3.45, 3.56, 4.02, 4.33, 4.52, 4.1, 4.17, 4.1, 4.44, 5.16, 5.23, 5.2, 5.18, 5.05, 5.24, 5.36, 5.67, 5.42, 5.51, 5.92, 5.21, 4.99], [4.29, 4.58, 4.81, 4.68, 4.84, 4.61, 4.9, 4.56, 3.29, 3.28, 3.85, 4.17, 4.3, 4.23, 3.94, 3.11, 2.84, 2.91, 2.91, 2.9, 2.41, 2.08, 2.32, 1.75, 2.26, 3.58, 3.432, 3.277, 3.85, 4.62, 4.4, 4.37, 3.98, 3.39, 3.64, 4.21, 4.1, 2.97, 2.38, 2.66, 2.51, 2.25, 2.66, 2.83, 2.16, 1.32, 1.0, 0.96, 0, 1.12, 2.01, 2.26, 2.11, 1.98, 2.01, 2.24, 2.66, 2.88, 3.13, 3.22, 3.1, 3.07, 3.24, 3.56, 3.47, 3.64, 4.06, 4.35, 4.54, 4.12, 4.25, 4.06, 4.44, 5.06, 5.07, 5.04, 5.06, 4.99, 5.22, 5.34, 5.57, 5.3, 5.41, 5.8, 5.13, 4.95], [3.75, 4.06, 4.29, 4.16, 4.32, 4.09, 4.38, 4.04, 2.97, 2.82, 3.37, 3.69, 3.78, 3.97, 3.9, 3.05, 2.58, 2.61, 2.67, 2.54, 2.07, 1.72, 1.9, 1.49, 2.2, 3.56, 3.46, 3.44, 3.95, 4.92, 4.7, 4.65, 4.04, 3.41, 3.72, 4.41, 4.4, 3.33, 2.94, 3.24, 3.07, 2.35, 2.76, 2.99, 2.22, 1.26, 1.34, 1.36, 1.12, 0, 1.33, 1.62, 1.59, 1.5, 1.37, 1.48, 1.9, 2.12, 2.31, 2.4, 2.4, 2.41, 2.52, 2.76, 2.91, 2.88, 3.24, 3.53, 3.76, 3.18, 3.29, 3.3, 3.96, 4.6, 4.61, 4.56, 4.32, 4.23, 4.38, 4.52, 4.73, 4.5, 4.59, 4.92, 4.25, 4.13], [3.02, 3.45, 3.54, 3.35, 3.49, 3.34, 3.75, 3.53, 2.52, 2.39, 2.78, 2.96, 3.09, 3.44, 3.61, 2.7, 2.19, 2.14, 2.28, 2.13, 1.8, 1.77, 1.99, 1.76, 2.21, 3.67, 3.45, 3.483, 4.02, 5.03, 4.81, 4.76, 4.03, 3.3, 3.75, 4.52, 4.65, 3.92, 3.67, 4.07, 3.92, 3.3, 3.05, 3.1, 2.65, 1.99, 1.95, 2.03, 2.01, 1.33, 0, 0.87, 1.0, 1.01, 1.12, 1.61, 2.03, 2.11, 2.18, 1.99, 1.53, 1.68, 1.83, 2.09, 2.4, 2.67, 2.892, 3.274, 3.55, 2.93, 2.68, 2.51, 3.11, 3.69, 3.76, 3.73, 3.39, 3.3, 3.49, 3.61, 3.82, 3.73, 3.94, 4.17, 3.58, 3.7], [2.63, 2.88, 3.15, 2.98, 3.1, 2.89, 3.4, 3.06, 2.01, 1.96, 2.41, 2.77, 2.82, 3.01, 3.16, 2.19, 1.84, 1.69, 1.77, 1.7, 1.45, 1.64, 1.96, 1.87, 2.2, 3.52, 3.22, 3.18, 3.59, 4.56, 4.34, 4.29, 3.6, 3.03, 3.42, 4.13, 4.4, 3.99, 3.78, 4.26, 4.17, 3.59, 2.98, 2.71, 2.5, 2.12, 2.14, 2.2, 2.26, 1.62, 0.87, 0, 0.69, 0.86, 1.05, 1.9, 2.36, 2.4, 2.55, 2.26, 1.54, 1.73, 2.22, 2.38, 2.63, 3.04, 3.382, 3.764, 4.02, 3.4, 3.05, 2.42, 2.94, 3.46, 3.49, 3.52, 3.32, 3.29, 3.46, 3.62, 3.75, 3.76, 4.07, 4.22, 3.87, 4.17], [2.92, 3.17, 3.28, 3.21, 3.37, 3.18, 3.61, 3.25, 1.92, 2.11, 2.62, 2.84, 2.89, 3.04, 3.03, 2.12, 1.83, 1.64, 1.76, 1.73, 1.46, 1.73, 2.01, 1.82, 2.09, 3.41, 3.01, 2.95, 3.4, 4.39, 4.19, 4.14, 3.43, 2.82, 3.31, 4.02, 4.33, 3.84, 3.61, 4.05, 3.98, 3.38, 2.87, 2.54, 2.37, 2.03, 1.89, 2.01, 2.11, 1.59, 1.0, 0.69, 0, 0.81, 1.06, 1.95, 2.39, 2.35, 2.64, 2.31, 1.69, 1.86, 2.29, 2.59, 2.78, 3.21, 3.575, 3.957, 4.21, 3.57, 3.26, 2.51, 3.07, 3.63, 3.68, 3.81, 3.61, 3.68, 3.73, 3.83, 4.02, 4.15, 4.36, 4.47, 4.06, 4.34], [2.85, 3.16, 3.33, 3.18, 3.36, 3.11, 3.42, 3.18, 2.07, 2.04, 2.67, 2.91, 2.94, 3.09, 3.16, 2.27, 2.02, 1.87, 1.93, 1.82, 1.57, 1.6, 1.94, 1.87, 2.06, 3.44, 3.04, 3.08, 3.53, 4.52, 4.34, 4.27, 3.68, 3.03, 3.46, 4.17, 4.5, 3.89, 3.64, 4.02, 3.95, 3.33, 2.88, 2.55, 2.26, 1.86, 1.8, 1.88, 1.98, 1.5, 1.01, 0.86, 0.81, 0, 0.79, 1.84, 2.3, 2.4, 2.67, 2.28, 2.04, 2.19, 2.42, 2.62, 2.65, 3.04, 3.439, 3.809, 4.06, 3.44, 3.03, 2.58, 3.14, 3.68, 3.73, 3.92, 3.82, 3.81, 3.94, 4.06, 4.21, 4.16, 4.37, 4.48, 3.91, 4.11], [2.64, 2.99, 3.2, 3.11, 3.17, 2.98, 3.31, 3.13, 2.0, 1.97, 2.54, 2.74, 2.85, 3.12, 3.27, 2.38, 1.99, 1.98, 2.02, 1.87, 1.46, 1.51, 1.91, 1.72, 2.31, 3.73, 3.35, 3.25, 3.64, 4.63, 4.45, 4.4, 3.87, 3.28, 3.69, 4.26, 4.59, 4.08, 3.85, 4.25, 4.1, 3.48, 2.99, 2.62, 2.27, 1.83, 2.01, 2.07, 2.01, 1.37, 1.12, 1.05, 1.06, 0.79, 0, 1.65, 2.13, 2.27, 2.5, 2.11, 1.73, 1.94, 2.23, 2.47, 2.62, 2.95, 3.303, 3.673, 3.93, 3.31, 2.88, 2.37, 3.01, 3.61, 3.66, 3.59, 3.45, 3.6, 3.59, 3.69, 3.86, 3.87, 3.96, 4.19, 3.7, 3.96], [3.21, 3.56, 3.95, 3.7, 3.78, 3.53, 4.06, 3.8, 3.03, 3.18, 3.37, 3.67, 3.8, 4.27, 4.42, 3.39, 2.94, 3.01, 3.09, 2.94, 2.25, 2.08, 2.14, 2.05, 2.92, 4.42, 4.24, 4.22, 4.65, 5.68, 5.44, 5.39, 4.9, 4.21, 4.54, 5.15, 5.26, 4.51, 4.06, 4.42, 4.21, 3.53, 3.5, 3.59, 2.8, 2.22, 2.18, 2.22, 2.24, 1.48, 1.61, 1.9, 1.95, 1.84, 1.65, 0, 1.04, 1.06, 1.19, 1.3, 1.8, 1.65, 1.88, 2.22, 2.75, 2.64, 2.5, 2.73, 2.96, 2.32, 2.31, 2.78, 4.06, 4.52, 4.19, 4.04, 3.64, 3.47, 3.66, 3.68, 3.85, 3.66, 3.75, 4.0, 3.37, 3.27], [3.29, 3.9, 4.23, 3.96, 3.98, 3.81, 4.48, 4.34, 3.43, 3.62, 3.89, 4.13, 4.3, 4.69, 5.02, 4.05, 3.58, 3.43, 3.61, 3.5, 2.65, 2.52, 2.52, 2.47, 3.46, 4.88, 4.76, 4.88, 5.37, 6.4, 6.16, 6.11, 5.42, 4.67, 5.08, 5.83, 5.8, 4.95, 4.52, 4.86, 4.69, 4.01, 4.12, 4.31, 3.48, 2.68, 2.64, 2.68, 2.66, 1.9, 2.03, 2.36, 2.39, 2.3, 2.13, 1.04, 0, 0.8, 0.91, 1.24, 1.94, 1.89, 1.88, 2.2, 3.01, 2.7, 2.2, 2.29, 2.7, 2.18, 2.43, 2.96, 4.56, 4.96, 4.45, 4.18, 3.66, 3.41, 3.58, 3.6, 3.91, 3.58, 3.63, 4.04, 3.37, 3.19], [3.25, 3.64, 3.95, 3.8, 3.72, 3.71, 4.3, 4.2, 3.41, 3.54, 3.69, 3.93, 4.1, 4.71, 5.04, 4.07, 3.48, 3.41, 3.63, 3.48, 2.61, 2.48, 2.34, 2.33, 3.42, 4.9, 4.7, 4.84, 5.31, 6.36, 6.12, 6.07, 5.32, 4.59, 5.02, 5.79, 5.88, 5.11, 4.72, 5.06, 4.89, 4.21, 4.14, 4.27, 3.44, 2.86, 2.84, 3.0, 2.88, 2.12, 2.11, 2.4, 2.35, 2.4, 2.27, 1.06, 0.8, 0, 0.83, 0.98, 1.86, 1.77, 1.7, 2.02, 2.75, 2.5, 2.0, 2.25, 2.7, 2.08, 2.19, 2.76, 4.36, 4.68, 4.03, 3.74, 3.32, 3.09, 3.28, 3.34, 3.63, 3.48, 3.39, 3.78, 3.13, 3.15], [3.16, 3.63, 3.92, 3.55, 3.51, 3.5, 4.19, 4.29, 3.72, 3.79, 3.74, 4.0, 4.23, 5.0, 5.31, 4.38, 3.71, 3.7, 3.9, 3.73, 2.94, 2.77, 2.57, 2.64, 3.69, 5.25, 5.03, 5.17, 5.64, 6.67, 6.43, 6.4, 5.65, 4.92, 5.31, 6.1, 6.13, 5.38, 4.95, 5.29, 5.12, 4.44, 4.45, 4.6, 3.73, 3.07, 3.03, 3.23, 3.13, 2.31, 2.18, 2.55, 2.64, 2.67, 2.5, 1.19, 0.91, 0.83, 0, 1.03, 1.93, 1.9, 1.89, 1.99, 2.84, 2.55, 2.11, 2.14, 2.35, 1.93, 2.08, 2.65, 4.49, 4.83, 4.1, 3.77, 3.31, 3.06, 3.23, 3.21, 3.4, 3.21, 3.18, 3.55, 2.92, 2.86], [2.83, 3.34, 3.71, 3.36, 3.2, 3.23, 4.04, 3.98, 3.31, 3.38, 3.37, 3.63, 3.8, 4.53, 5.02, 4.09, 3.48, 3.45, 3.61, 3.36, 2.67, 2.66, 2.58, 2.67, 3.64, 5.22, 4.9, 4.98, 5.45, 6.46, 6.22, 6.19, 5.44, 4.73, 5.14, 5.91, 6.04, 5.37, 5.06, 5.4, 5.21, 4.57, 4.4, 4.39, 3.72, 3.18, 3.2, 3.22, 3.22, 2.4, 1.99, 2.26, 2.31, 2.28, 2.11, 1.3, 1.24, 0.98, 1.03, 0, 1.32, 1.25, 1.28, 1.52, 2.55, 2.34, 2.2, 2.35, 2.38, 1.78, 1.91, 2.24, 3.92, 4.36, 3.67, 3.38, 2.82, 2.81, 2.84, 2.76, 2.87, 2.88, 2.69, 2.98, 2.45, 2.61], [2.41, 2.98, 3.25, 2.92, 2.78, 2.81, 3.58, 3.46, 2.63, 2.84, 2.87, 3.01, 3.14, 3.97, 4.32, 3.37, 2.82, 2.69, 2.87, 2.72, 2.01, 2.14, 2.4, 2.31, 3.2, 4.64, 4.36, 4.3, 4.71, 5.76, 5.56, 5.51, 4.72, 4.09, 4.58, 5.21, 5.3, 4.93, 4.74, 5.22, 5.11, 4.51, 3.86, 3.77, 3.48, 2.92, 3.08, 3.16, 3.1, 2.4, 1.53, 1.54, 1.69, 2.04, 1.73, 1.8, 1.94, 1.86, 1.93, 1.32, 0, 0.75, 1.08, 1.38, 2.37, 2.64, 2.84, 3.01, 3.0, 2.38, 2.33, 2.02, 3.18, 3.58, 3.25, 3.02, 2.48, 2.39, 2.36, 2.46, 2.65, 2.76, 2.93, 3.16, 2.85, 3.23], [2.5, 3.13, 3.38, 3.05, 2.93, 2.92, 3.69, 3.55, 2.84, 2.91, 3.0, 3.08, 3.27, 3.98, 4.49, 3.54, 3.01, 2.94, 3.1, 2.89, 2.12, 2.15, 2.25, 2.38, 3.31, 4.79, 4.55, 4.55, 4.94, 5.93, 5.69, 5.64, 4.89, 4.28, 4.67, 5.38, 5.35, 4.94, 4.77, 5.23, 5.06, 4.44, 3.85, 3.96, 3.45, 3.07, 3.09, 3.13, 3.07, 2.41, 1.68, 1.73, 1.86, 2.19, 1.94, 1.65, 1.89, 1.77, 1.9, 1.25, 0.75, 0, 0.87, 1.39, 2.28, 2.45, 2.65, 2.88, 2.87, 2.29, 2.38, 2.19, 3.39, 3.77, 3.36, 3.13, 2.59, 2.36, 2.37, 2.51, 2.7, 2.69, 2.82, 3.15, 2.8, 3.12], [2.69, 3.42, 3.49, 3.2, 2.9, 3.13, 3.86, 4.02, 3.35, 3.38, 3.35, 3.37, 3.56, 4.53, 5.08, 4.11, 3.52, 3.41, 3.65, 3.38, 2.61, 2.6, 2.58, 2.63, 3.76, 5.2, 4.96, 4.987, 5.47, 6.52, 6.3, 6.25, 5.46, 4.71, 5.2, 5.95, 5.84, 5.21, 4.94, 5.32, 5.15, 4.57, 4.22, 4.47, 3.82, 3.26, 3.34, 3.3, 3.24, 2.52, 1.83, 2.22, 2.29, 2.42, 2.23, 1.88, 1.88, 1.7, 1.89, 1.28, 1.08, 0.87, 0, 0.94, 1.69, 1.82, 2.04, 2.27, 2.26, 1.74, 1.95, 1.94, 3.54, 3.86, 3.11, 2.9, 2.34, 2.17, 2.24, 2.28, 2.61, 2.6, 2.53, 2.96, 2.59, 2.87], [2.43, 3.2, 3.29, 2.86, 2.46, 2.81, 3.56, 4.12, 3.65, 3.5, 3.49, 3.45, 3.72, 4.81, 5.4, 4.41, 3.78, 3.69, 3.93, 3.66, 2.89, 2.82, 2.8, 2.85, 3.96, 5.52, 5.26, 5.31, 5.789, 6.82, 6.6, 6.552, 5.8, 5.05, 5.48, 6.25, 6.14, 5.35, 5.1, 5.54, 5.45, 4.79, 4.48, 4.75, 4.04, 3.48, 3.62, 3.56, 3.56, 2.76, 2.09, 2.38, 2.59, 2.62, 2.47, 2.22, 2.2, 2.02, 1.99, 1.52, 1.38, 1.39, 0.94, 0, 1.51, 1.52, 1.66, 1.77, 1.88, 1.5, 1.65, 1.44, 3.64, 3.76, 2.79, 2.5, 2.02, 1.79, 1.86, 2.0, 2.39, 2.4, 2.35, 2.82, 2.45, 2.59], [3.12, 3.33, 3.3, 2.91, 2.65, 2.86, 3.53, 4.17, 3.6, 3.466, 3.52, 3.46, 3.69, 4.725, 5.335, 4.36, 3.73, 3.64, 3.9, 3.606, 2.856, 2.79, 2.83, 2.84, 3.99, 5.49, 5.23, 5.254, 5.722, 6.752, 6.555, 6.505, 5.738, 4.98, 5.45, 6.22, 6.13, 5.34, 5.09, 5.59, 5.5, 4.98, 4.49, 4.711, 4.03, 3.35, 3.65, 3.45, 3.47, 2.91, 2.4, 2.63, 2.78, 2.65, 2.62, 2.75, 3.01, 2.75, 2.84, 2.55, 2.37, 2.28, 1.69, 1.51, 0, 0.93, 1.45, 1.66, 2.03, 1.63, 1.8, 2.01, 3.53, 3.45, 2.34, 2.09, 2.01, 1.88, 2.11, 2.33, 2.82, 2.91, 2.76, 3.13, 2.98, 3.18], [3.51, 3.9, 4.01, 3.56, 3.16, 3.45, 4.2, 4.9, 4.33, 4.156, 4.17, 4.11, 4.388, 5.435, 6.045, 5.07, 4.44, 4.35, 4.61, 4.316, 3.566, 3.44, 3.32, 3.33, 4.54, 6.039, 5.833, 5.926, 6.432, 7.462, 7.245, 7.195, 6.428, 5.681, 6.105, 6.921, 6.76, 5.59, 5.24, 5.6, 5.43, 4.81, 5.016, 5.363, 4.58, 3.7, 3.66, 3.56, 3.64, 2.88, 2.67, 3.04, 3.21, 3.04, 2.95, 2.64, 2.7, 2.5, 2.55, 2.34, 2.64, 2.45, 1.82, 1.52, 0.93, 0, 0.86, 1.25, 1.64, 1.38, 1.65, 2.24, 4.24, 4.06, 2.85, 2.52, 2.2, 2.07, 2.38, 2.64, 3.07, 3.0, 2.83, 3.28, 2.97, 2.93], [3.85, 4.2, 4.29, 3.9, 3.5, 3.77, 4.6, 5.32, 4.75, 4.596, 4.61, 4.538, 4.828, 5.875, 6.485, 5.51, 4.88, 4.79, 5.05, 4.756, 4.006, 3.88, 3.76, 3.75, 4.94, 6.499, 6.273, 6.366, 6.872, 7.902, 7.685, 7.635, 6.848, 6.121, 6.545, 7.361, 7.18, 6.09, 5.66, 6.02, 5.87, 5.29, 5.48, 5.803, 4.96, 4.14, 4.1, 4.02, 4.06, 3.24, 2.892, 3.382, 3.575, 3.439, 3.303, 2.5, 2.2, 2.0, 2.11, 2.2, 2.84, 2.65, 2.04, 1.66, 1.45, 0.86, 0, 0.67, 1.36, 1.08, 1.39, 2.54, 4.7, 4.48, 3.35, 2.88, 2.38, 2.13, 2.38, 2.54, 3.01, 2.86, 2.59, 3.16, 2.81, 2.71], [3.98, 4.37, 4.44, 4.05, 3.65, 3.9, 4.77, 5.552, 5.088, 4.946, 4.948, 4.888, 5.178, 6.265, 6.835, 5.88, 5.23, 5.14, 5.405, 5.106, 4.356, 4.243, 4.09, 4.04, 5.249, 6.829, 6.64, 6.736, 7.232, 8.252, 8.035, 7.992, 7.218, 6.477, 6.895, 7.707, 7.57, 6.4, 5.93, 6.29, 6.16, 5.54, 5.846, 6.173, 5.281, 4.41, 4.39, 4.33, 4.35, 3.53, 3.274, 3.764, 3.957, 3.809, 3.673, 2.73, 2.29, 2.25, 2.14, 2.35, 3.01, 2.88, 2.27, 1.77, 1.66, 1.25, 0.67, 0, 1.13, 0.99, 1.36, 2.69, 5.03, 4.942, 3.58, 2.85, 2.27, 1.98, 2.19, 2.27, 2.78, 2.67, 2.54, 2.89, 2.74, 2.62], [3.85, 4.52, 4.63, 4.06, 3.58, 3.87, 4.88, 5.8, 5.37, 5.18, 5.17, 5.11, 5.4, 6.49, 7.062, 6.07, 5.48, 5.39, 5.63, 5.333, 4.61, 4.5, 4.3, 4.25, 5.46, 7.036, 6.871, 6.99, 7.449, 8.496, 8.262, 8.212, 7.465, 6.69, 7.12, 7.93, 7.88, 6.85, 6.18, 6.54, 6.41, 5.81, 6.14, 6.418, 5.5, 4.68, 4.56, 4.52, 4.54, 3.76, 3.55, 4.02, 4.21, 4.06, 3.93, 2.96, 2.7, 2.7, 2.35, 2.38, 3.0, 2.87, 2.26, 1.88, 2.03, 1.64, 1.36, 1.13, 0, 0.86, 1.53, 2.74, 5.24, 5.22, 3.73, 2.96, 2.4, 2.27, 2.28, 2.24, 2.69, 2.68, 2.43, 2.78, 2.61, 2.55], [3.47, 3.98, 4.13, 3.64, 3.24, 3.45, 4.36, 5.18, 4.73, 4.56, 4.57, 4.51, 4.78, 5.87, 6.44, 5.47, 4.88, 4.77, 4.99, 4.7, 3.99, 3.88, 3.68, 3.65, 4.84, 6.4, 6.248, 6.367, 6.85, 7.88, 7.64, 7.61, 6.84, 6.07, 6.5, 7.31, 7.28, 6.37, 5.92, 6.28, 6.07, 5.43, 5.58, 5.81, 4.88, 4.1, 4.12, 4.1, 4.12, 3.18, 2.93, 3.4, 3.57, 3.44, 3.31, 2.32, 2.18, 2.08, 1.93, 1.78, 2.38, 2.29, 1.74, 1.5, 1.63, 1.38, 1.08, 0.99, 0.86, 0, 0.99, 2.28, 4.62, 4.6, 3.29, 2.8, 2.2, 1.95, 1.94, 1.98, 2.29, 2.24, 2.05, 2.44, 2.21, 2.19], [3.22, 3.61, 3.8, 3.33, 2.99, 3.22, 3.97, 4.79, 4.34, 4.11, 4.1, 4.08, 4.35, 5.38, 5.97, 5.06, 4.47, 4.44, 4.6, 4.27, 3.62, 3.57, 3.55, 3.58, 4.63, 6.19, 5.81, 5.93, 6.379, 7.39, 7.17, 7.14, 6.39, 5.64, 6.07, 6.86, 7.09, 6.38, 6.09, 6.45, 6.24, 5.54, 5.37, 5.32, 4.59, 4.07, 4.15, 4.17, 4.25, 3.29, 2.68, 3.05, 3.26, 3.03, 2.88, 2.31, 2.43, 2.19, 2.08, 1.91, 2.33, 2.38, 1.95, 1.65, 1.8, 1.65, 1.39, 1.36, 1.53, 0.99, 0, 2.03, 4.37, 4.37, 3.32, 2.73, 2.09, 1.9, 1.95, 1.91, 2.1, 2.13, 2.18, 2.37, 2.06, 2.0], [1.85, 2.3, 2.39, 1.86, 1.6, 1.97, 2.52, 3.26, 2.93, 2.66, 2.73, 2.69, 2.9, 3.81, 4.4, 3.69, 3.38, 3.39, 3.63, 3.34, 2.99, 3.02, 3.04, 3.17, 4.18, 5.68, 5.18, 5.02, 5.41, 6.18, 6.02, 5.99, 5.4, 4.95, 5.32, 6.15, 6.6, 5.95, 5.72, 6.18, 6.03, 5.47, 4.96, 4.39, 3.94, 3.8, 4.04, 4.1, 4.06, 3.3, 2.51, 2.42, 2.51, 2.58, 2.37, 2.78, 2.96, 2.76, 2.65, 2.24, 2.02, 2.19, 1.94, 1.44, 2.01, 2.24, 2.54, 2.69, 2.74, 2.28, 2.03, 0, 2.74, 2.98, 2.15, 2.24, 2.12, 2.21, 2.24, 2.32, 2.39, 2.88, 2.75, 2.86, 2.75, 3.07], [2.35, 1.86, 1.63, 2.02, 2.28, 2.33, 1.68, 1.52, 1.71, 1.52, 1.29, 1.27, 1.1, 1.37, 1.92, 2.11, 2.12, 2.07, 2.25, 2.08, 2.33, 2.6, 2.84, 3.07, 3.56, 5.0, 4.56, 4.52, 4.43, 4.92, 5.14, 4.85, 4.16, 4.05, 4.3, 4.61, 5.2, 5.27, 5.5, 6.48, 6.59, 6.05, 5.14, 4.09, 3.84, 3.98, 4.5, 4.44, 4.44, 3.96, 3.11, 2.94, 3.07, 3.14, 3.01, 4.06, 4.56, 4.36, 4.49, 3.92, 3.18, 3.39, 3.54, 3.64, 3.53, 4.24, 4.7, 5.03, 5.24, 4.62, 4.37, 2.74, 0, 1.3, 1.85, 2.92, 3.74, 4.07, 4.32, 4.66, 4.31, 5.0, 5.11, 5.04, 5.15, 5.63], [2.69, 2.32, 2.19, 2.4, 2.52, 2.55, 1.74, 1.66, 2.33, 2.14, 1.77, 1.55, 1.38, 1.81, 2.52, 2.79, 2.7, 2.65, 2.85, 2.76, 2.93, 3.24, 3.36, 3.73, 4.16, 5.54, 5.16, 5.14, 5.05, 5.56, 5.8, 5.49, 4.66, 4.61, 4.9, 5.07, 5.64, 5.91, 6.18, 7.12, 7.29, 6.73, 5.74, 4.65, 4.54, 4.6, 5.2, 5.16, 5.06, 4.6, 3.69, 3.46, 3.63, 3.68, 3.61, 4.52, 4.96, 4.68, 4.83, 4.36, 3.58, 3.77, 3.86, 3.76, 3.45, 4.06, 4.48, 4.942, 5.22, 4.6, 4.37, 2.98, 1.3, 0, 1.63, 2.72, 3.5, 3.89, 4.2, 4.54, 4.27, 4.86, 5.09, 5.22, 5.19, 5.65], [1.8, 1.65, 1.56, 1.57, 1.53, 1.6, 1.55, 2.37, 2.58, 2.47, 2.26, 2.12, 2.15, 3.04, 3.61, 3.2, 3.01, 2.98, 3.2, 3.11, 3.1, 3.31, 3.33, 3.8, 4.35, 5.93, 5.59, 5.41, 5.5, 6.11, 6.21, 6.04, 5.31, 5.14, 5.43, 5.82, 6.37, 6.34, 6.45, 7.25, 7.32, 6.78, 5.69, 4.96, 4.71, 4.85, 5.31, 5.23, 5.07, 4.61, 3.76, 3.49, 3.68, 3.73, 3.66, 4.19, 4.45, 4.03, 4.1, 3.67, 3.25, 3.36, 3.11, 2.79, 2.34, 2.85, 3.35, 3.58, 3.73, 3.29, 3.32, 2.15, 1.85, 1.63, 0, 1.23, 1.97, 2.44, 2.83, 3.21, 2.98, 3.61, 3.78, 3.83, 4.02, 4.46], [2.01, 2.2, 2.19, 1.98, 1.62, 1.89, 2.58, 3.5, 3.29, 3.2, 2.99, 2.89, 3.14, 4.19, 4.76, 4.03, 3.56, 3.57, 3.75, 3.66, 3.37, 3.58, 3.6, 3.89, 4.66, 6.28, 5.92, 5.82, 5.99, 6.74, 6.76, 6.67, 5.88, 5.53, 5.8, 6.27, 6.68, 6.55, 6.64, 7.24, 7.23, 6.69, 5.72, 5.39, 5.02, 5.02, 5.32, 5.2, 5.04, 4.56, 3.73, 3.52, 3.81, 3.92, 3.59, 4.04, 4.18, 3.74, 3.77, 3.38, 3.02, 3.13, 2.9, 2.5, 2.09, 2.52, 2.88, 2.85, 2.96, 2.8, 2.73, 2.24, 2.92, 2.72, 1.23, 0, 1.02, 1.69, 1.92, 2.24, 2.17, 2.8, 2.93, 3.04, 3.27, 3.69], [2.45, 2.96, 2.93, 2.54, 2.06, 2.41, 3.36, 4.3, 3.89, 3.8, 3.69, 3.63, 3.9, 4.99, 5.56, 4.59, 4.02, 4.01, 4.15, 3.96, 3.49, 3.74, 3.78, 4.01, 4.92, 6.44, 6.12, 6.04, 6.31, 7.1, 7.04, 7.03, 6.16, 5.73, 6.1, 6.59, 6.98, 6.75, 6.7, 7.16, 7.09, 6.55, 5.76, 5.53, 5.04, 4.94, 5.14, 5.18, 5.06, 4.32, 3.39, 3.32, 3.61, 3.82, 3.45, 3.64, 3.66, 3.32, 3.31, 2.82, 2.48, 2.59, 2.34, 2.02, 2.01, 2.2, 2.38, 2.27, 2.4, 2.2, 2.09, 2.12, 3.74, 3.5, 1.97, 1.02, 0, 0.89, 1.18, 1.54, 1.53, 1.98, 2.31, 2.3, 2.65, 2.99], [2.7, 3.31, 3.28, 2.79, 2.27, 2.64, 3.71, 4.65, 4.18, 4.03, 4.04, 4.0, 4.27, 5.34, 5.91, 4.96, 4.33, 4.2, 4.5, 4.19, 3.6, 3.65, 3.79, 3.96, 4.97, 6.39, 6.15, 6.15, 6.56, 7.39, 7.19, 7.12, 6.37, 5.9, 6.25, 6.9, 6.99, 6.66, 6.61, 7.07, 7.0, 6.38, 5.69, 5.62, 5.03, 4.77, 5.01, 5.05, 4.99, 4.23, 3.3, 3.29, 3.68, 3.81, 3.6, 3.47, 3.41, 3.09, 3.06, 2.81, 2.39, 2.36, 2.17, 1.79, 1.88, 2.07, 2.13, 1.98, 2.27, 1.95, 1.9, 2.21, 4.07, 3.89, 2.44, 1.69, 0.89, 0, 0.73, 1.19, 1.58, 1.87, 2.06, 2.19, 2.48, 2.72], [2.83, 3.56, 3.53, 3.04, 2.44, 2.81, 3.96, 4.9, 4.43, 4.28, 4.29, 4.23, 4.5, 5.59, 6.16, 5.19, 4.58, 4.47, 4.71, 4.48, 3.79, 3.88, 4.0, 4.17, 5.24, 6.6, 6.36, 6.3, 6.65, 7.6, 7.36, 7.33, 6.6, 6.09, 6.5, 7.15, 7.34, 6.95, 6.84, 7.32, 7.19, 6.57, 5.92, 5.75, 5.28, 4.96, 5