[[0, 0.71, 1.21, 2.55, 3.37, 3.22, 2.55, 2.32, 3.05, 4.11, 4.644, 4.71, 4.092, 3.92, 4.09, 4.944, 7.118, 7.413, 7.286, 7.122, 6.743, 6.928, 6.855, 5.868, 5.05, 4.77, 4.316, 3.84, 3.41, 3.61, 3.96, 4.85, 5.36, 5.58, 6.14, 5.88, 5.48, 5.41, 5.6, 5.72, 5.77, 5.74, 5.81, 5.57, 5.88, 6.09, 6.41, 6.62, 6.77, 6.44, 6.45, 6.29, 6.2, 6.21, 6.48, 6.93, 7.65, 9.06, 11.1, 12.009, 11.719, 10.54, 9.808, 9.21, 8.45, 8.424, 8.517, 8.777, 8.916, 8.796, 8.091, 7.791, 8.257, 8.808, 7.687, 6.18, 5.46, 4.8, 4.33, 4.21, 4.2, 4.67, 4.56, 5.05, 5.32, 5.34], [0.71, 0, 0.88, 2.26, 3.02, 2.87, 2.34, 2.23, 2.76, 3.74, 4.3, 4.34, 3.83, 3.79, 3.86, 4.64, 6.82, 7.071, 6.93, 6.72, 6.367, 6.55, 6.482, 5.498, 4.68, 4.42, 3.98, 3.45, 3.46, 3.42, 3.79, 4.82, 5.27, 5.49, 6.09, 5.81, 5.53, 5.46, 5.83, 5.87, 5.9, 5.81, 5.98, 5.9, 6.21, 6.4, 6.74, 6.93, 7.06, 6.71, 6.8, 6.66, 6.59, 6.6, 6.75, 7.14, 7.5, 8.93, 10.753, 11.627, 11.349, 10.31, 9.58, 9.1, 8.3, 8.02, 8.11, 8.41, 8.514, 8.406, 7.69, 7.421, 7.887, 8.424, 7.4, 6.07, 5.43, 4.77, 4.32, 4.22, 4.29, 4.84, 4.67, 5.14, 5.41, 5.43], [1.21, 0.88, 0, 1.66, 2.62, 2.69, 2.28, 2.17, 2.62, 3.46, 4.0, 4.1, 3.53, 3.57, 3.7, 4.3, 6.32, 6.574, 6.467, 6.372, 5.933, 6.159, 6.006, 5.033, 4.36, 4.12, 3.64, 3.15, 2.92, 3.02, 3.43, 4.24, 4.81, 5.03, 5.57, 5.33, 5.01, 5.0, 5.43, 5.43, 5.5, 5.43, 5.6, 5.5, 5.89, 6.12, 6.44, 6.73, 6.84, 6.49, 6.66, 6.52, 6.47, 6.48, 6.51, 6.74, 7.12, 8.67, 10.413, 11.287, 11.029, 10.03, 9.36, 8.78, 7.98, 7.68, 7.75, 8.07, 8.14, 7.969, 7.282, 6.933, 7.396, 7.944, 7.0, 5.59, 4.97, 4.25, 3.86, 3.7, 3.93, 4.46, 4.37, 4.74, 4.93, 4.91], [2.55, 2.26, 1.66, 0, 1.24, 1.47, 1.84, 1.83, 1.82, 2.46, 2.96, 2.98, 2.65, 2.79, 2.98, 3.38, 5.14, 5.36, 5.39, 5.14, 4.55, 4.75, 4.58, 3.67, 3.26, 3.08, 2.62, 2.19, 2.32, 2.3, 2.61, 3.46, 4.13, 4.37, 4.87, 4.65, 4.55, 4.6, 5.07, 5.09, 5.18, 5.09, 5.28, 5.24, 5.61, 5.88, 6.16, 6.51, 6.6, 6.25, 6.42, 6.36, 6.31, 6.3, 6.27, 6.3, 6.46, 7.89, 9.17, 9.95, 9.78, 9.23, 8.56, 8.16, 7.3, 6.86, 6.77, 6.87, 6.86, 6.64, 6.11, 5.79, 6.27, 6.71, 5.96, 4.97, 4.63, 3.87, 3.36, 3.04, 3.31, 3.9, 3.79, 4.08, 4.31, 4.27], [3.37, 3.02, 2.62, 1.24, 0, 0.99, 2.0, 2.07, 1.68, 1.96, 2.3, 2.36, 2.09, 2.25, 2.48, 2.74, 4.62, 4.8, 4.79, 4.24, 3.67, 3.75, 3.72, 2.89, 2.54, 2.34, 2.0, 1.77, 2.22, 1.88, 2.15, 3.14, 3.39, 3.59, 4.09, 4.45, 4.45, 4.5, 4.97, 4.99, 5.08, 4.99, 5.16, 5.12, 5.55, 5.82, 6.1, 6.47, 6.56, 6.27, 6.44, 6.36, 6.33, 6.3, 6.19, 6.16, 6.26, 7.13, 8.31, 9.03, 8.94, 8.45, 7.78, 7.4, 6.52, 6.28, 6.15, 6.01, 5.96, 5.88, 5.29, 5.15, 5.63, 6.03, 5.32, 4.73, 4.71, 3.95, 3.36, 3.26, 3.49, 4.12, 3.87, 3.9, 4.21, 4.15], [3.22, 2.87, 2.69, 1.47, 0.99, 0, 1.25, 1.42, 1.41, 2.01, 2.37, 2.41, 2.18, 2.42, 2.57, 3.13, 5.09, 5.23, 5.2, 4.75, 4.08, 4.02, 4.03, 3.12, 2.77, 2.55, 2.17, 2.2, 2.65, 2.23, 2.74, 3.89, 4.0, 4.12, 4.64, 5.08, 5.0, 5.01, 5.42, 5.48, 5.53, 5.46, 5.61, 5.57, 5.88, 6.09, 6.41, 6.66, 6.83, 6.52, 6.55, 6.41, 6.34, 6.33, 6.5, 6.65, 6.99, 7.68, 8.68, 9.36, 9.31, 8.86, 8.27, 7.93, 7.17, 6.79, 6.7, 6.5, 6.41, 6.25, 5.64, 5.54, 6.0, 6.4, 5.83, 5.4, 5.28, 4.52, 3.89, 3.67, 3.8, 4.35, 4.0, 4.19, 4.66, 4.74], [2.55, 2.34, 2.28, 1.84, 2.0, 1.25, 0, 0.71, 1.5, 2.4, 3.16, 3.28, 2.77, 2.97, 3.16, 4.06, 6.14, 6.3, 6.27, 5.88, 5.11, 5.03, 5.002, 3.99, 3.4, 3.14, 2.92, 2.79, 2.66, 2.72, 3.51, 4.86, 5.05, 5.19, 5.69, 5.79, 5.21, 5.18, 5.57, 5.65, 5.72, 5.69, 5.74, 5.6, 5.89, 6.06, 6.42, 6.57, 6.72, 6.43, 6.36, 6.2, 6.13, 6.14, 6.43, 6.68, 7.44, 8.77, 9.73, 10.37, 10.34, 9.95, 9.36, 9.0, 8.22, 7.84, 7.75, 7.57, 7.5, 7.24, 6.65, 6.59, 6.95, 7.31, 6.92, 6.15, 5.61, 4.91, 3.96, 3.66, 3.67, 4.16, 3.83, 4.12, 4.75, 4.83], [2.32, 2.23, 2.17, 1.83, 2.07, 1.42, 0.71, 0, 1.41, 2.49, 3.17, 3.35, 2.66, 2.76, 3.01, 3.91, 6.05, 6.19, 6.14, 5.85, 5.188, 5.28, 5.252, 4.202, 3.43, 3.19, 2.85, 2.8, 2.71, 2.71, 3.4, 4.77, 4.92, 5.06, 5.58, 5.72, 5.2, 5.13, 5.48, 5.62, 5.67, 5.62, 5.67, 5.41, 5.66, 5.83, 6.19, 6.38, 6.55, 6.24, 6.15, 5.99, 5.94, 5.95, 6.24, 6.41, 7.37, 8.62, 9.7, 10.44, 10.35, 9.78, 9.19, 8.85, 8.09, 7.67, 7.66, 7.48, 7.49, 7.27, 6.66, 6.5, 6.96, 7.42, 6.79, 6.06, 5.54, 4.8, 3.83, 3.47, 3.56, 4.05, 3.68, 3.95, 4.6, 4.66], [3.05, 2.76, 2.62, 1.82, 1.68, 1.41, 1.5, 1.41, 0, 1.5, 2.04, 2.18, 1.59, 1.67, 1.86, 2.76, 5.04, 5.18, 5.07, 4.9, 4.27, 4.33, 4.28, 3.25, 2.42, 2.26, 2.16, 2.19, 2.3, 2.04, 2.43, 3.68, 3.79, 4.01, 4.51, 4.69, 4.33, 4.36, 4.63, 4.73, 4.88, 4.85, 4.9, 4.76, 5.05, 5.22, 5.54, 5.79, 5.9, 5.59, 5.66, 5.6, 5.61, 5.6, 5.55, 5.72, 6.46, 7.51, 8.57, 9.35, 9.22, 8.63, 8.06, 7.72, 7.02, 6.46, 6.55, 6.43, 6.54, 6.3, 5.65, 5.53, 5.93, 6.33, 5.66, 4.93, 4.51, 3.73, 3.14, 3.0, 3.07, 3.58, 3.17, 3.5, 3.97, 4.11], [4.11, 3.74, 3.46, 2.46, 1.96, 2.01, 2.4, 2.49, 1.5, 0, 0.9, 1.12, 0.97, 0.97, 1.2, 1.9, 3.96, 3.98, 3.95, 3.74, 2.97, 2.97, 3.02, 2.13, 1.44, 1.16, 1.38, 1.41, 1.86, 1.6, 1.83, 3.04, 3.19, 3.33, 3.85, 4.01, 3.85, 3.86, 4.21, 4.31, 4.4, 4.27, 4.38, 4.44, 4.87, 4.96, 5.24, 5.57, 5.7, 5.47, 5.8, 5.82, 6.03, 5.78, 5.29, 5.3, 5.76, 6.75, 7.55, 8.19, 8.12, 7.79, 7.22, 6.92, 6.24, 5.7, 5.65, 5.45, 5.38, 5.12, 4.53, 4.45, 4.79, 5.15, 4.68, 4.13, 3.73, 3.09, 2.56, 2.5, 2.91, 3.48, 3.19, 3.04, 3.41, 3.43], [4.644, 4.3, 4.0, 2.96, 2.3, 2.37, 3.16, 3.17, 2.04, 0.9, 0, 0.68, 0.91, 0.95, 1.06, 1.38, 3.5, 3.52, 3.41, 3.24, 2.63, 2.53, 2.6, 1.83, 1.16, 1.1, 1.22, 1.53, 2.2, 1.78, 1.61, 2.74, 2.83, 2.89, 3.41, 3.77, 3.69, 3.7, 4.07, 4.17, 4.26, 4.13, 4.28, 4.3, 4.85, 4.92, 5.2, 5.63, 5.74, 5.69, 6.12, 6.18, 6.39, 6.06, 5.29, 5.18, 5.5, 6.21, 6.81, 7.53, 7.42, 7.09, 6.64, 6.38, 5.78, 5.24, 5.19, 4.97, 5.02, 4.76, 4.09, 4.01, 4.31, 4.63, 4.06, 3.83, 3.57, 2.91, 2.56, 2.78, 3.37, 3.92, 3.63, 3.18, 3.37, 3.45], [4.71, 4.34, 4.1, 2.98, 2.36, 2.41, 3.28, 3.35, 2.18, 1.12, 0.68, 0, 1.01, 0.99, 0.96, 1.34, 3.5, 3.54, 3.43, 3.3, 2.77, 2.63, 2.74, 1.97, 1.42, 1.38, 1.52, 1.79, 2.5, 2.02, 1.45, 2.6, 2.71, 2.77, 3.13, 3.53, 3.65, 3.64, 4.07, 4.15, 4.3, 4.13, 4.22, 4.36, 4.79, 4.94, 5.08, 5.51, 5.7, 5.57, 6.1, 6.14, 6.35, 6.0, 5.27, 5.1, 5.28, 5.89, 6.65, 7.53, 7.26, 6.81, 6.36, 6.08, 5.54, 5.08, 5.09, 5.01, 5.04, 4.74, 4.09, 4.01, 4.33, 4.65, 3.98, 3.77, 3.71, 3.09, 2.82, 3.0, 3.63, 4.1, 3.81, 3.34, 3.55, 3.59], [4.092, 3.83, 3.53, 2.65, 2.09, 2.18, 2.77, 2.66, 1.59, 0.97, 0.91, 1.01, 0, 0.66, 0.87, 1.53, 3.75, 3.83, 3.78, 3.53, 3.2, 3.2, 3.29, 2.48, 1.65, 1.51, 1.39, 1.62, 2.01, 1.65, 1.68, 2.95, 3.02, 3.08, 3.54, 3.9, 3.76, 3.75, 4.0, 4.12, 4.31, 4.18, 4.25, 4.27, 4.78, 4.87, 5.09, 5.42, 5.61, 5.38, 5.75, 5.79, 5.96, 5.73, 5.16, 5.09, 5.57, 6.34, 7.28, 8.1, 7.87, 7.26, 6.77, 6.51, 5.93, 5.45, 5.48, 5.4, 5.35, 5.11, 4.42, 4.26, 4.84, 5.18, 4.33, 4.04, 3.7, 3.02, 2.63, 2.63, 3.0, 3.55, 3.34, 3.07, 3.36, 3.38], [3.92, 3.79, 3.57, 2.79, 2.25, 2.42, 2.97, 2.76, 1.67, 0.97, 0.95, 0.99, 0.66, 0, 0.53, 1.33, 3.71, 3.91, 3.8, 3.59, 3.18, 3.34, 3.33, 2.44, 1.55, 1.41, 1.33, 1.5, 1.81, 1.59, 1.46, 2.57, 2.78, 2.88, 3.32, 3.62, 3.4, 3.41, 3.68, 3.78, 3.97, 3.86, 3.91, 3.89, 4.36, 4.45, 4.71, 5.06, 5.19, 5.1, 5.47, 5.53, 5.76, 5.43, 4.76, 4.75, 5.35, 6.22, 7.32, 8.26, 8.01, 7.28, 6.67, 6.37, 5.81, 5.27, 5.26, 5.32, 5.39, 5.19, 4.5, 4.32, 4.9, 5.28, 4.27, 3.78, 3.42, 2.74, 2.31, 2.45, 2.9, 3.35, 3.1, 2.83, 3.08, 3.12], [4.09, 3.86, 3.7, 2.98, 2.48, 2.57, 3.16, 3.01, 1.86, 1.2, 1.06, 0.96, 0.87, 0.53, 0, 1.26, 3.6, 3.82, 3.69, 3.52, 3.17, 3.29, 3.26, 2.35, 1.52, 1.34, 1.36, 1.65, 2.04, 1.66, 1.31, 2.48, 2.63, 2.69, 3.17, 3.41, 3.23, 3.24, 3.57, 3.63, 3.78, 3.69, 3.74, 3.76, 4.21, 4.42, 4.6, 5.01, 5.14, 5.19, 5.46, 5.54, 5.75, 5.4, 4.71, 4.68, 5.22, 6.01, 7.21, 8.21, 7.88, 7.03, 6.44, 6.18, 5.64, 5.18, 5.23, 5.27, 5.38, 5.12, 4.41, 4.25, 4.81, 5.21, 4.16, 3.67, 3.33, 2.65, 2.42, 2.64, 3.09, 3.54, 3.19, 2.9, 3.13, 3.21], [4.944, 4.64, 4.3, 3.38, 2.74, 3.13, 4.06, 3.91, 2.76, 1.9, 1.38, 1.34, 1.53, 1.33, 1.26, 0, 2.58, 2.8, 2.65, 2.52, 2.37, 2.41, 2.44, 1.75, 1.18, 1.38, 1.56, 1.97, 2.52, 1.94, 1.33, 1.88, 1.91, 2.05, 2.33, 2.79, 2.95, 2.9, 3.27, 3.37, 3.5, 3.33, 3.44, 3.66, 4.45, 4.68, 4.92, 5.47, 5.6, 5.73, 6.3, 6.394, 6.586, 6.16, 5.01, 4.36, 4.56, 4.99, 6.37, 7.25, 7.02, 6.23, 5.62, 5.28, 4.76, 4.3, 4.29, 4.31, 4.48, 4.22, 3.43, 3.27, 3.89, 4.25, 3.28, 2.87, 2.79, 2.15, 2.32, 2.98, 3.67, 4.16, 3.79, 2.74, 2.59, 2.67], [7.118, 6.82, 6.32, 5.14, 4.62, 5.09, 6.14, 6.05, 5.04, 3.96, 3.5, 3.5, 3.75, 3.71, 3.6, 2.58, 0, 0.82, 0.79, 1.0, 1.73, 2.41, 2.38, 2.77, 3.02, 3.38, 3.4, 4.03, 4.6, 4.12, 3.53, 3.339, 2.71, 2.65, 2.31, 2.73, 4.475, 4.348, 4.135, 4.418, 4.551, 4.561, 4.828, 5.561, 6.605, 6.807, 6.941, 7.554, 7.698, 7.966, 8.595, 8.758, 8.913, 8.38, 6.59, 4.76, 3.54, 3.37, 4.61, 5.37, 5.22, 4.37, 3.84, 3.6, 3.14, 2.74, 2.51, 2.63, 2.62, 2.14, 1.51, 1.15, 1.83, 2.29, 1.56, 2.35, 3.21, 3.49, 3.92, 4.64, 5.55, 6.18, 5.95, 4.4, 3.63, 3.49], [7.413, 7.071, 6.574, 5.36, 4.8, 5.23, 6.3, 6.19, 5.18, 3.98, 3.52, 3.54, 3.83, 3.91, 3.82, 2.8, 0.82, 0, 0.65, 0.88, 1.75, 2.45, 2.36, 2.85, 3.06, 3.4, 3.62, 4.23, 4.94, 4.42, 3.81, 3.659, 3.09, 3.09, 2.69, 3.035, 4.755, 4.615, 4.315, 4.638, 4.798, 4.828, 5.108, 5.821, 6.908, 7.092, 7.241, 7.874, 8.018, 8.283, 8.91, 9.058, 9.216, 8.683, 6.817, 4.72, 3.38, 3.39, 4.25, 4.99, 4.84, 4.19, 3.84, 3.68, 3.22, 2.7, 2.43, 2.47, 2.36, 1.94, 1.23, 1.13, 1.61, 1.89, 1.36, 2.35, 3.23, 3.67, 4.26, 5.04, 5.89, 6.54, 6.31, 4.649, 3.804, 3.77], [7.286, 6.93, 6.467, 5.39, 4.79, 5.2, 6.27, 6.14, 5.07, 3.95, 3.41, 3.43, 3.78, 3.8, 3.69, 2.65, 0.79, 0.65, 0, 0.83, 1.82, 2.44, 2.41, 2.88, 3.01, 3.37, 3.53, 4.2, 4.85, 4.33, 3.66, 3.53, 3.06, 3.1, 2.74, 2.859, 4.599, 4.445, 4.239, 4.522, 4.635, 4.665, 4.932, 5.691, 6.735, 6.919, 7.051, 7.684, 7.852, 8.119, 8.725, 8.888, 9.061, 8.528, 6.72, 4.73, 3.37, 3.5, 4.32, 5.08, 4.91, 4.2, 3.95, 3.75, 3.35, 2.85, 2.62, 2.62, 2.61, 2.09, 1.4, 1.26, 1.74, 2.02, 1.41, 2.24, 3.2, 3.6, 4.13, 4.93, 5.78, 6.45, 6.18, 4.59, 3.74, 3.7], [7.122, 6.72, 6.372, 5.14, 4.24, 4.75, 5.88, 5.85, 4.9, 3.74, 3.24, 3.3, 3.53, 3.59, 3.52, 2.52, 1.0, 0.88, 0.83, 0, 1.35, 1.97, 2.04, 2.51, 2.72, 3.0, 3.1, 3.65, 4.48, 3.92, 3.47, 3.32, 2.87, 2.91, 2.57, 2.81, 4.409, 4.302, 4.049, 4.332, 4.465, 4.515, 4.782, 5.498, 6.577, 6.784, 6.942, 7.575, 7.742, 7.966, 8.579, 8.742, 8.928, 8.375, 6.55, 4.6, 3.72, 3.83, 4.73, 5.45, 5.32, 4.63, 4.28, 4.04, 3.58, 3.04, 2.79, 2.77, 2.74, 2.42, 1.59, 1.57, 2.09, 2.37, 1.7, 2.35, 3.03, 3.39, 3.86, 4.78, 5.61, 6.26, 5.942, 4.28, 3.57, 3.43], [6.743, 6.367, 5.933, 4.55, 3.67, 4.08, 5.11, 5.188, 4.27, 2.97, 2.63, 2.77, 3.2, 3.18, 3.17, 2.37, 1.73, 1.75, 1.82, 1.35, 0, 1.24, 1.39, 1.52, 2.01, 2.29, 2.57, 3.16, 3.967, 3.509, 3.08, 2.95, 2.58, 2.84, 2.54, 3.0, 4.065, 3.938, 3.74, 4.1, 4.33, 4.28, 4.55, 5.12, 6.219, 6.446, 6.618, 7.251, 7.358, 7.62, 8.215, 8.378, 8.568, 7.997, 6.16, 4.87, 4.35, 4.7, 5.52, 6.22, 6.09, 5.7, 5.21, 4.91, 4.27, 3.77, 3.56, 3.46, 3.39, 3.01, 2.3, 2.16, 2.54, 2.98, 2.51, 2.74, 3.18, 3.16, 3.53, 4.33, 5.177, 5.747, 5.454, 3.85, 3.2, 3.16], [6.928, 6.55, 6.159, 4.75, 3.75, 4.02, 5.03, 5.28, 4.33, 2.97, 2.53, 2.63, 3.2, 3.34, 3.29, 2.41, 2.41, 2.45, 2.44, 1.97, 1.24, 0, 0.95, 1.46, 2.03, 2.31, 2.73, 3.28, 4.03, 3.61, 3.2, 3.19, 2.8, 2.88, 3.0, 3.62, 4.28, 4.11, 4.14, 4.42, 4.61, 4.5, 4.81, 5.263, 6.356, 6.586, 6.71, 7.34, 7.47, 7.68, 8.31, 8.467, 8.633, 8.081, 6.38, 5.35, 5.21, 5.26, 5.68, 6.1, 6.23, 6.04, 5.71, 5.45, 4.91, 4.65, 4.32, 4.2, 4.07, 3.51, 2.84, 2.84, 3.18, 3.36, 3.33, 3.58, 3.8, 3.56, 3.75, 4.57, 5.38, 5.95, 5.6, 3.99, 3.48, 3.58], [6.855, 6.482, 6.006, 4.58, 3.72, 4.03, 5.002, 5.252, 4.28, 3.02, 2.6, 2.74, 3.29, 3.33, 3.26, 2.44, 2.38, 2.36, 2.41, 2.04, 1.39, 0.95, 0, 1.19, 1.98, 2.32, 2.7, 3.31, 4.06, 3.58, 3.21, 3.22, 2.85, 3.03, 3.07, 3.65, 4.21, 4.16, 4.43, 4.43, 4.66, 4.55, 4.72, 5.3, 6.455, 6.64, 6.82, 7.41, 7.56, 7.75, 8.32, 8.48, 8.632, 8.099, 6.53, 5.54, 5.34, 5.45, 5.85, 6.37, 6.48, 6.27, 5.94, 5.72, 5.16, 4.74, 4.45, 4.39, 4.28, 3.7, 2.99, 2.91, 3.21, 3.41, 3.36, 3.69, 3.85, 3.57, 3.76, 4.38, 5.27, 5.88, 5.509, 4.02, 3.71, 3.63], [5.868, 5.498, 5.033, 3.67, 2.89, 3.12, 3.99, 4.202, 3.25, 2.13, 1.83, 1.97, 2.48, 2.44, 2.35, 1.75, 2.77, 2.85, 2.88, 2.51, 1.52, 1.46, 1.19, 0, 1.01, 1.35, 1.69, 2.28, 3.012, 2.57, 2.26, 2.65, 2.7, 2.98, 3.1, 3.42, 3.56, 3.51, 3.94, 3.98, 4.07, 4.04, 4.19, 4.49, 5.48, 5.71, 6.01, 6.6, 6.71, 6.9, 7.37, 7.55, 7.7, 7.15, 5.92, 5.13, 5.19, 5.84, 6.54, 7.12, 7.15, 6.9, 6.39, 6.09, 5.45, 4.89, 4.78, 4.6, 4.51, 4.13, 3.46, 3.28, 3.58, 3.94, 3.63, 3.48, 3.52, 3.02, 3.01, 3.51, 4.34, 4.89, 4.54, 3.35, 3.24, 3.14], [5.05, 4.68, 4.36, 3.26, 2.54, 2.77, 3.4, 3.43, 2.42, 1.44, 1.16, 1.42, 1.65, 1.55, 1.52, 1.18, 3.02, 3.06, 3.01, 2.72, 2.01, 2.03, 1.98, 1.01, 0, 0.74, 1.22, 1.65, 2.28, 1.78, 1.63, 2.32, 2.47, 2.71, 2.95, 3.21, 2.97, 3.0, 3.49, 3.51, 3.62, 3.53, 3.7, 3.84, 4.65, 4.9, 5.24, 5.81, 5.9, 6.01, 6.48, 6.6, 6.75, 6.32, 5.21, 4.64, 4.94, 5.79, 6.53, 7.23, 7.18, 6.83, 6.34, 6.04, 5.38, 4.84, 4.77, 4.57, 4.56, 4.32, 3.53, 3.51, 3.75, 4.11, 3.7, 3.33, 3.13, 2.49, 2.36, 3.0, 3.67, 4.2, 3.77, 2.66, 2.73, 2.69], [4.77, 4.42, 4.12, 3.08, 2.34, 2.55, 3.14, 3.19, 2.26, 1.16, 1.1, 1.38, 1.51, 1.41, 1.34, 1.38, 3.38, 3.4, 3.37, 3.0, 2.29, 2.31, 2.32, 1.35, 0.74, 0, 1.14, 1.37, 2.02, 1.62, 1.59, 2.48, 2.65, 2.89, 3.27, 3.47, 3.25, 3.28, 3.65, 3.71, 3.82, 3.75, 3.84, 3.86, 4.51, 4.78, 5.06, 5.63, 5.72, 5.81, 6.26, 6.38, 6.49, 6.1, 5.09, 4.78, 5.22, 6.11, 6.93, 7.67, 7.58, 7.19, 6.68, 6.36, 5.68, 5.16, 5.07, 4.91, 4.84, 4.68, 3.93, 3.87, 4.25, 4.63, 4.04, 3.59, 3.31, 2.61, 2.22, 2.76, 3.43, 3.96, 3.59, 2.74, 2.95, 2.95], [4.316, 3.98, 3.64, 2.62, 2.0, 2.17, 2.92, 2.85, 2.16, 1.38, 1.22, 1.52, 1.39, 1.33, 1.36, 1.56, 3.4, 3.62, 3.53, 3.1, 2.57, 2.73, 2.7, 1.69, 1.22, 1.14, 0, 1.09, 1.6, 1.34, 1.43, 2.52, 2.65, 2.85, 3.37, 3.71, 3.51, 3.46, 3.85, 3.91, 4.0, 3.93, 4.08, 4.1, 4.63, 4.94, 5.22, 5.73, 5.82, 5.81, 6.3, 6.32, 6.49, 6.06, 5.33, 5.0, 5.4, 6.17, 7.39, 8.11, 8.04, 7.39, 6.74, 6.4, 5.72, 5.16, 5.07, 4.93, 4.92, 4.78, 4.09, 3.93, 4.41, 4.85, 4.18, 3.67, 3.39, 2.69, 2.22, 2.52, 3.15, 3.66, 3.45, 2.9, 3.09, 3.03], [3.84, 3.45, 3.15, 2.19, 1.77, 2.2, 2.79, 2.8, 2.19, 1.41, 1.53, 1.79, 1.62, 1.5, 1.65, 1.97, 4.03, 4.23, 4.2, 3.65, 3.16, 3.28, 3.31, 2.28, 1.65, 1.37, 1.09, 0, 1.09, 0.83, 1.32, 2.45, 2.88, 3.08, 3.58, 3.48, 3.28, 3.31, 3.76, 3.8, 3.89, 3.8, 3.95, 3.93, 4.36, 4.59, 4.91, 5.36, 5.47, 5.34, 5.77, 5.81, 5.94, 5.59, 5.04, 4.89, 5.21, 6.54, 7.96, 8.68, 8.61, 7.88, 7.19, 6.81, 6.03, 5.67, 5.58, 5.52, 5.47, 5.45, 4.7, 4.58, 5.12, 5.52, 4.71, 3.68, 3.34, 2.62, 2.09, 2.19, 2.72, 3.25, 3.0, 2.65, 3.02, 3.0], [3.41, 3.46, 2.92, 2.32, 2.22, 2.65, 2.66, 2.71, 2.3, 1.86, 2.2, 2.5, 2.01, 1.81, 2.04, 2.52, 4.6, 4.94, 4.85, 4.48, 3.967, 4.03, 4.06, 3.012, 2.28, 2.02, 1.6, 1.09, 0, 1.02, 1.73, 2.46, 3.15, 3.39, 3.81, 3.53, 2.97, 2.96, 3.27, 3.39, 3.48, 3.43, 3.52, 3.4, 3.87, 4.12, 4.4, 4.85, 4.94, 4.85, 5.22, 5.28, 5.43, 5.1, 4.53, 4.42, 5.08, 7.05, 8.69, 9.43, 9.36, 8.45, 7.88, 7.32, 6.54, 6.28, 6.29, 6.27, 6.28, 6.16, 5.41, 5.19, 5.71, 6.21, 5.36, 3.99, 3.19, 2.47, 1.64, 1.7, 2.17, 2.64, 2.43, 2.18, 2.55, 2.43], [3.61, 3.42, 3.02, 2.3, 1.88, 2.23, 2.72, 2.71, 2.04, 1.6, 1.78, 2.02, 1.65, 1.59, 1.66, 1.94, 4.12, 4.42, 4.33, 3.92, 3.509, 3.61, 3.58, 2.57, 1.78, 1.62, 1.34, 0.83, 1.02, 0, 1.17, 2.22, 2.59, 2.79, 3.25, 3.21, 2.91, 2.92, 3.35, 3.41, 3.48, 3.39, 3.54, 3.52, 4.01, 4.26, 4.64, 5.11, 5.24, 5.19, 5.48, 5.52, 5.57, 5.36, 4.85, 4.54, 4.92, 6.43, 8.05, 8.81, 8.74, 7.85, 7.22, 6.78, 5.96, 5.68, 5.69, 5.73, 5.72, 5.64, 4.89, 4.71, 5.19, 5.71, 4.78, 3.53, 3.07, 2.39, 2.0, 2.06, 2.51, 3.06, 2.83, 2.4, 2.63, 2.67], [3.96, 3.79, 3.43, 2.61, 2.15, 2.74, 3.51, 3.4, 2.43, 1.83, 1.61, 1.45, 1.68, 1.46, 1.31, 1.33, 3.53, 3.81, 3.66, 3.47, 3.08, 3.2, 3.21, 2.26, 1.63, 1.59, 1.43, 1.32, 1.73, 1.17, 0, 1.51, 1.9, 2.06, 2.54, 2.6, 2.62, 2.57, 2.98, 3.0, 3.15, 3.04, 3.23, 3.27, 3.84, 4.05, 4.35, 4.84, 4.95, 4.96, 5.47, 5.45, 5.68, 5.25, 4.52, 4.21, 4.31, 5.46, 7.2, 8.14, 7.83, 6.9, 6.25, 5.81, 5.05, 4.89, 4.96, 5.08, 5.19, 5.13, 4.42, 4.18, 4.72, 5.2, 4.03, 2.88, 2.76, 2.16, 2.03, 2.35, 2.92, 3.39, 3.16, 2.59, 2.52, 2.58], [4.85, 4.82, 4.24, 3.46, 3.14, 3.89, 4.86, 4.77, 3.68, 3.04, 2.74, 2.6, 2.95, 2.57, 2.48, 1.88, 3.339, 3.659, 3.53, 3.32, 2.95, 3.19, 3.22, 2.65, 2.32, 2.48, 2.52, 2.45, 2.46, 2.22, 1.51, 0, 1.13, 1.65, 1.91, 1.59, 1.93, 1.78, 2.11, 2.27, 2.32, 2.25, 2.54, 2.78, 3.53, 3.7, 3.96, 4.53, 4.68, 4.85, 5.44, 5.54, 5.75, 5.22, 4.09, 3.52, 3.66, 5.23, 7.09, 8.05, 7.76, 6.67, 6.08, 5.4, 4.6, 4.66, 4.77, 4.89, 5.06, 4.96, 4.25, 3.99, 4.505, 5.03, 3.86, 2.45, 1.97, 1.71, 1.96, 2.78, 3.33, 3.6, 3.29, 2.36, 2.01, 2.07], [5.36, 5.27, 4.81, 4.13, 3.39, 4.0, 5.05, 4.92, 3.79, 3.19, 2.83, 2.71, 3.02, 2.78, 2.63, 1.91, 2.71, 3.09, 3.06, 2.87, 2.58, 2.8, 2.85, 2.7, 2.47, 2.65, 2.65, 2.88, 3.15, 2.59, 1.9, 1.13, 0, 0.8, 1.26, 1.88, 2.52, 2.43, 2.66, 2.8, 2.81, 2.78, 3.05, 3.31, 4.24, 4.37, 4.55, 5.12, 5.31, 5.54, 6.07, 6.21, 6.351, 5.85, 4.72, 4.27, 3.99, 4.52, 6.42, 7.32, 7.05, 5.98, 5.35, 4.65, 3.93, 4.11, 4.08, 4.26, 4.37, 4.21, 3.58, 3.28, 3.88, 4.46, 3.45, 2.5, 2.6, 2.3, 2.45, 3.57, 4.22, 4.49, 4.08, 3.01, 2.62, 2.78], [5.58, 5.49, 5.03, 4.37, 3.59, 4.12, 5.19, 5.06, 4.01, 3.33, 2.89, 2.77, 3.08, 2.88, 2.69, 2.05, 2.65, 3.09, 3.1, 2.91, 2.84, 2.88, 3.03, 2.98, 2.71, 2.89, 2.85, 3.08, 3.39, 2.79, 2.06, 1.65, 0.8, 0, 1.24, 2.24, 3.0, 2.89, 3.2, 3.36, 3.35, 3.34, 3.59, 3.85, 4.68, 4.77, 5.05, 5.66, 5.79, 5.98, 6.47, 6.61, 6.743, 6.23, 5.32, 4.77, 4.29, 4.1, 6.02, 6.92, 6.61, 5.54, 4.91, 4.25, 3.71, 4.15, 4.02, 4.18, 4.27, 4.03, 3.46, 3.28, 3.98, 4.52, 3.59, 2.98, 3.1, 2.8, 2.97, 3.85, 4.5, 4.85, 4.42, 3.45, 3.06, 3.18], [6.14, 6.09, 5.57, 4.87, 4.09, 4.64, 5.69, 5.58, 4.51, 3.85, 3.41, 3.13, 3.54, 3.32, 3.17, 2.33, 2.31, 2.69, 2.74, 2.57, 2.54, 3.0, 3.07, 3.1, 2.95, 3.27, 3.37, 3.58, 3.81, 3.25, 2.54, 1.91, 1.26, 1.24, 0, 1.64, 2.82, 2.69, 2.74, 3.02, 3.09, 2.98, 3.31, 3.97, 5.037, 5.227, 5.35, 5.92, 6.17, 6.4, 6.93, 7.07, 7.206, 6.69, 5.3, 4.17, 3.35, 3.58, 5.4, 6.38, 6.11, 4.96, 4.37, 3.75, 3.07, 3.31, 3.4, 3.44, 3.53, 3.53, 2.92, 2.82, 3.32, 3.96, 3.03, 2.52, 2.82, 2.6, 3.23, 4.21, 4.88, 5.29, 4.86, 3.47, 2.78, 2.92], [5.88, 5.81, 5.33, 4.65, 4.45, 5.08, 5.79, 5.72, 4.69, 4.01, 3.77, 3.53, 3.9, 3.62, 3.41, 2.79, 2.73, 3.035, 2.859, 2.81, 3.0, 3.62, 3.65, 3.42, 3.21, 3.47, 3.71, 3.48, 3.53, 3.21, 2.6, 1.59, 1.88, 2.24, 1.64, 0, 1.96, 1.85, 1.6, 1.86, 1.97, 1.96, 2.23, 2.95, 4.063, 4.25, 4.35, 5.0, 5.21, 5.48, 6.05, 6.173, 6.283, 5.77, 4.24, 2.99, 2.39, 4.36, 6.32, 7.3, 7.01, 5.84, 5.17, 4.47, 3.79, 3.93, 4.12, 4.22, 4.35, 4.29, 3.6, 3.34, 3.86, 4.361, 3.214, 1.88, 1.6, 1.8, 2.67, 3.73, 4.26, 4.59, 4.14, 2.69, 1.94, 2.06], [5.48, 5.53, 5.01, 4.55, 4.45, 5.0, 5.21, 5.2, 4.33, 3.85, 3.69, 3.65, 3.76, 3.4, 3.23, 2.95, 4.475, 4.755, 4.599, 4.409, 4.065, 4.28, 4.21, 3.56, 2.97, 3.25, 3.51, 3.28, 2.97, 2.91, 2.62, 1.93, 2.52, 3.0, 2.82, 1.96, 0, 0.63, 1.12, 0.98, 1.07, 1.0, 1.05, 1.33, 2.42, 2.65, 2.95, 3.6, 3.89, 4.12, 4.43, 4.59, 4.68, 4.15, 2.84, 2.59, 3.69, 6.14, 8.033, 9.02, 8.73, 7.58, 6.91, 6.21, 5.61, 5.7, 5.864, 5.981, 6.114, 6.06, 5.353, 5.093, 5.604, 6.121, 4.934, 3.261, 2.06, 1.74, 2.11, 2.97, 3.36, 3.41, 2.94, 1.87, 1.6, 1.74], [5.41, 5.46, 5.0, 4.6, 4.5, 5.01, 5.18, 5.13, 4.36, 3.86, 3.7, 3.64, 3.75, 3.41, 3.24, 2.9, 4.348, 4.615, 4.445, 4.302, 3.938, 4.11, 4.16, 3.51, 3.0, 3.28, 3.46, 3.31, 2.96, 2.92, 2.57, 1.78, 2.43, 2.89, 2.69, 1.85, 0.63, 0, 1.03, 0.97, 0.88, 0.89, 1.0, 1.4, 2.47, 2.68, 3.0, 3.65, 3.9, 4.17, 4.58, 4.72, 4.81, 4.28, 3.01, 2.4, 3.5, 5.99, 7.886, 8.883, 8.573, 7.435, 6.76, 6.08, 5.48, 5.562, 5.726, 5.843, 5.976, 5.922, 5.206, 4.946, 5.457, 5.974, 4.807, 3.094, 1.99, 1.79, 2.02, 2.76, 3.17, 3.34, 2.89, 1.7, 1.37, 1.57], [5.6, 5.83, 5.43, 5.07, 4.97, 5.42, 5.57, 5.48, 4.63, 4.21, 4.07, 4.07, 4.0, 3.68, 3.57, 3.27, 4.135, 4.315, 4.239, 4.049, 3.74, 4.14, 4.43, 3.94, 3.49, 3.65, 3.85, 3.76, 3.27, 3.35, 2.98, 2.11, 2.66, 3.2, 2.74, 1.6, 1.12, 1.03, 0, 0.74, 0.97, 1.0, 1.25, 1.65, 2.82, 3.01, 3.27, 3.96, 4.17, 4.5, 4.89, 5.09, 5.2, 4.63, 2.96, 2.39, 3.29, 5.58, 7.573, 8.571, 8.281, 7.1, 6.35, 5.61, 5.05, 5.26, 5.424, 5.541, 5.674, 5.62, 4.913, 4.653, 5.164, 5.681, 4.494, 2.761, 1.68, 1.66, 2.29, 3.37, 3.84, 4.03, 3.58, 2.11, 1.3, 1.74], [5.72, 5.87, 5.43, 5.09, 4.99, 5.48, 5.65, 5.62, 4.73, 4.31, 4.17, 4.15, 4.12, 3.78, 3.63, 3.37, 4.418, 4.638, 4.522, 4.332, 4.1, 4.42, 4.43, 3.98, 3.51, 3.71, 3.91, 3.8, 3.39, 3.41, 3.0, 2.27, 2.8, 3.36, 3.02, 1.86, 0.98, 0.97, 0.74, 0, 0.71, 0.8, 0.79, 1.41, 2.6, 2.73, 3.03, 3.68, 3.91, 4.18, 4.59, 4.77, 4.88, 4.37, 2.9, 2.49, 3.61, 5.891, 7.896, 8.893, 8.603, 7.425, 6.69, 5.93, 5.39, 5.592, 5.756, 5.873, 6.006, 5.952, 5.236, 4.976, 5.487, 6.004, 4.817, 3.064, 1.88, 1.84, 2.49, 3.37, 3.78, 3.99, 3.54, 2.15, 1.6, 1.86], [5.77, 5.9, 5.5, 5.18, 5.08, 5.53, 5.72, 5.67, 4.88, 4.4, 4.26, 4.3, 4.31, 3.97, 3.78, 3.5, 4.551, 4.798, 4.635, 4.465, 4.33, 4.61, 4.66, 4.07, 3.62, 3.82, 4.0, 3.89, 3.48, 3.48, 3.15, 2.32, 2.81, 3.35, 3.09, 1.97, 1.07, 0.88, 0.97, 0.71, 0, 0.51, 0.76, 1.26, 2.37, 2.56, 2.92, 3.55, 3.78, 4.05, 4.44, 4.68, 4.73, 4.14, 2.93, 2.64, 3.539, 5.963, 8.049, 9.046, 8.756, 7.578, 6.762, 6.025, 5.491, 5.741, 5.909, 6.026, 6.159, 6.105, 5.389, 5.129, 5.64, 6.157, 4.984, 3.217, 2.15, 2.21, 2.58, 3.3, 3.73, 3.92, 3.47, 2.22, 1.83, 2.11], [5.74, 5.81, 5.43, 5.09, 4.99, 5.46, 5.69, 5.62, 4.85, 4.27, 4.13, 4.13, 4.18, 3.86, 3.69, 3.33, 4.561, 4.828, 4.665, 4.515, 4.28, 4.5, 4.55, 4.04, 3.53, 3.75, 3.93, 3.8, 3.43, 3.39, 3.04, 2.25, 2.78, 3.34, 2.98, 1.96, 1.0, 0.89, 1.0, 0.8, 0.51, 0, 0.67, 1.33, 2.42, 2.67, 2.91, 3.54, 3.81, 4.04, 4.47, 4.67, 4.74, 4.15, 2.9, 2.67, 3.61, 6.033, 8.079, 9.076, 8.786, 7.608, 6.832, 6.075, 5.541, 5.775, 5.959, 6.056, 6.189, 6.135, 5.419, 5.159, 5.67, 6.187, 5.014, 3.227, 2.06, 2.06, 2.55, 3.31, 3.72, 3.91, 3.46, 2.21, 1.74, 2.02], [5.81, 5.98, 5.6, 5.28, 5.16, 5.61, 5.74, 5.67, 4.9, 4.38, 4.28, 4.22, 4.25, 3.91, 3.74, 3.44, 4.828, 5.108, 4.932, 4.782, 4.55, 4.81, 4.72, 4.19, 3.7, 3.84, 4.08, 3.95, 3.52, 3.54, 3.23, 2.54, 3.05, 3.59, 3.31, 2.23, 1.05, 1.0, 1.25, 0.79, 0.76, 0.67, 0, 0.96, 2.13, 2.34, 2.52, 3.17, 3.44, 3.73, 4.08, 4.34, 4.43, 3.86, 2.53, 2.36, 3.84, 6.321, 8.366, 9.363, 9.073, 7.895, 7.099, 6.342, 5.82, 6.062, 6.226, 6.343, 6.476, 6.422, 5.706, 5.446, 5.957, 6.474, 5.287, 3.514, 2.21, 2.13, 2.52, 3.12, 3.41, 3.6, 3.17, 2.04, 1.85, 1.93], [5.57, 5.9, 5.5, 5.24, 5.12, 5.57, 5.6, 5.41, 4.76, 4.44, 4.3, 4.36, 4.27, 3.89, 3.76, 3.66, 5.561, 5.821, 5.691, 5.498, 5.12, 5.263, 5.3, 4.49, 3.84, 3.86, 4.1, 3.93, 3.4, 3.52, 3.27, 2.78, 3.31, 3.85, 3.97, 2.95, 1.33, 1.4, 1.65, 1.41, 1.26, 1.33, 0.96, 0, 1.37, 1.6, 1.82, 2.53, 2.7, 3.01, 3.38, 3.68, 3.71, 3.04, 2.05, 2.58, 4.556, 7.041, 9.106, 10.083, 9.793, 8.595, 7.799, 7.042, 6.508, 6.741, 6.905, 7.043, 7.176, 7.122, 6.417, 6.166, 6.674, 7.176, 6.006, 4.236, 2.836, 2.47, 2.36, 2.86, 2.99, 3.06, 2.69, 1.92, 2.13, 2.29], [5.88, 6.21, 5.89, 5.61, 5.55, 5.88, 5.89, 5.66, 5.05, 4.87, 4.85, 4.79, 4.78, 4.36, 4.21, 4.45, 6.605, 6.908, 6.735, 6.577, 6.219, 6.356, 6.455, 5.48, 4.65, 4.51, 4.63, 4.36, 3.87, 4.01, 3.84, 3.53, 4.24, 4.68, 5.037, 4.063, 2.42, 2.47, 2.82, 2.6, 2.37, 2.42, 2.13, 1.37, 0, 0.71, 1.13, 1.6, 1.85, 2.18, 2.57, 2.67, 2.66, 2.13, 1.7, 2.79, 5.653, 8.154, 10.22, 11.191, 10.898, 9.711, 8.933, 8.176, 7.638, 7.825, 7.989, 8.133, 8.272, 8.212, 7.516, 7.25, 7.752, 8.275, 7.113, 5.329, 3.915, 3.549, 3.269, 3.15, 2.98, 2.87, 2.7, 2.71, 3.24, 3.362], [6.09, 6.4, 6.12, 5.88, 5.82, 6.09, 6.06, 5.83, 5.22, 4.96, 4.92, 4.94, 4.87, 4.45, 4.42, 4.68, 6.807, 7.092, 6.919, 6.784, 6.446, 6.586, 6.64, 5.71, 4.9, 4.78, 4.94, 4.59, 4.12, 4.26, 4.05, 3.7, 4.37, 4.77, 5.227, 4.25, 2.65, 2.68, 3.01, 2.73, 2.56, 2.67, 2.34, 1.6, 0.71, 0, 0.84, 1.33, 1.52, 1.75, 2.28, 2.4, 2.49, 2.04, 1.77, 2.9, 5.839, 8.323, 10.387, 11.358, 11.065, 9.898, 9.102, 8.385, 7.811, 8.012, 8.196, 8.32, 8.459, 8.399, 7.683, 7.417, 7.919, 8.442, 7.292, 5.522, 4.142, 3.83, 3.48, 3.22, 3.19, 3.12, 2.89, 2.86, 3.41, 3.512], [6.41, 6.74, 6.44, 6.16, 6.1, 6.41, 6.42, 6.19, 5.54, 5.24, 5.2, 5.08, 5.09, 4.71, 4.6, 4.92, 6.941, 7.241, 7.051, 6.942, 6.618, 6.71, 6.82, 6.01, 5.24, 5.06, 5.22, 4.91, 4.4, 4.64, 4.35, 3.96, 4.55, 5.05, 5.35, 4.35, 2.95, 3.0, 3.27, 3.03, 2.92, 2.91, 2.52, 1.82, 1.13, 0.84, 0, 1.03, 1.14, 1.49, 2.1, 2.44, 2.53, 2.1, 1.61, 2.94, 6.0, 8.47, 10.546, 11.452, 11.173, 10.053, 9.246, 8.546, 7.928, 8.162, 8.346, 8.423, 8.576, 8.502, 7.826, 7.566, 8.054, 8.536, 7.425, 5.674, 4.317, 3.97, 3.5, 3.46, 3.37, 3.18, 3.05, 3.04, 3.57, 3.669], [6.62, 6.93, 6.73, 6.51, 6.47, 6.66, 6.57, 6.38, 5.79, 5.57, 5.63, 5.51, 5.42, 5.06, 5.01, 5.47, 7.554, 7.874, 7.684, 7.575, 7.251, 7.34, 7.41, 6.6, 5.81, 5.63, 5.73, 5.36, 4.85, 5.11, 4.84, 4.53, 5.12, 5.66, 5.92, 5.0, 3.6, 3.65, 3.96, 3.68, 3.55, 3.54, 3.17, 2.53, 1.6, 1.33, 1.03, 0, 0.67, 1.0, 1.49, 1.81, 2.0, 1.73, 1.4, 3.51, 6.633, 9.097, 11.174, 12.143, 11.862, 10.683, 9.87, 9.139, 8.579, 8.795, 8.979, 9.076, 9.249, 9.143, 8.459, 8.199, 8.704, 9.201, 8.039, 6.327, 4.95, 4.55, 4.09, 3.95, 3.44, 3.05, 3.0, 3.49, 4.24, 4.326], [6.77, 7.06, 6.84, 6.6, 6.56, 6.83, 6.72, 6.55, 5.9, 5.7, 5.74, 5.7, 5.61, 5.19, 5.14, 5.6, 7.698, 8.018, 7.852, 7.742, 7.358, 7.47, 7.56, 6.71, 5.9, 5.72, 5.82, 5.47, 4.94, 5.24, 4.95, 4.68, 5.31, 5.79, 6.17, 5.21, 3.89, 3.9, 4.17, 3.91, 3.78, 3.81, 3.44, 2.7, 1.85, 1.52, 1.14, 0.67, 0, 0.79, 1.46, 1.92, 2.07, 1.74, 1.61, 3.76, 6.84, 9.347, 11.407, 12.382, 12.072, 10.91, 10.157, 9.4, 8.786, 8.994, 9.146, 9.276, 9.423, 9.302, 8.606, 8.326, 8.837, 9.345, 8.207, 6.454, 5.117, 4.73, 4.2, 4.0, 3.51, 3.14, 3.13, 3.66, 4.37, 4.49], [6.44, 6.71, 6.49, 6.25, 6.27, 6.52, 6.43, 6.24, 5.59, 5.47, 5.69, 5.57, 5.38, 5.1, 5.19, 5.73, 7.966, 8.283, 8.119, 7.966, 7.62, 7.68, 7.75, 6.9, 6.01, 5.81, 5.81, 5.34, 4.85, 5.19, 4.96, 4.85, 5.54, 5.98, 6.4, 5.48, 4.12, 4.17, 4.5, 4.18, 4.05, 4.04, 3.73, 3.01, 2.18, 1.75, 1.49, 1.0, 0.79, 0, 1.21, 1.59, 1.82, 1.37, 1.68, 3.99, 7.067, 9.554, 11.634, 12.589, 12.279, 11.1, 10.35, 9.59, 8.99, 9.23, 9.35, 9.52, 9.644, 9.578, 8.871, 8.605, 9.116, 9.642, 8.489, 6.742, 5.359, 4.92, 4.37, 3.97, 3.32, 2.61, 2.74, 3.91, 4.72, 4.72], [6.45, 6.8, 6.66, 6.42, 6.44, 6.55, 6.36, 6.15, 5.66, 5.8, 6.12, 6.1, 5.75, 5.47, 5.46, 6.3, 8.595, 8.91, 8.725, 8.579, 8.215, 8.31, 8.32, 7.37, 6.48, 6.26, 6.3, 5.77, 5.22, 5.48, 5.47, 5.44, 6.07, 6.47, 6.93, 6.05, 4.43, 4.58, 4.89, 4.59, 4.44, 4.47, 4.08, 3.38, 2.57, 2.28, 2.1, 1.49, 1.46, 1.21, 0, 0.74, 0.89, 0.86, 2.13, 4.48, 7.64, 10.13, 12.199, 13.179, 12.886, 11.71, 10.9, 10.16, 9.62, 9.836, 10.0, 10.157, 10.294, 10.228, 9.521, 9.223, 9.734, 10.251, 9.089, 7.311, 5.894, 5.474, 4.94, 4.44, 3.73, 2.9, 2.97, 4.44, 5.25, 5.31], [6.29, 6.66, 6.52, 6.36, 6.36, 6.41, 6.2, 5.99, 5.6, 5.82, 6.18, 6.14, 5.79, 5.53, 5.54, 6.394, 8.758, 9.058, 8.888, 8.742, 8.378, 8.467, 8.48, 7.55, 6.6, 6.38, 6.32, 5.81, 5.28, 5.52, 5.45, 5.54, 6.21, 6.61, 7.07, 6.173, 4.59, 4.72, 5.09, 4.77, 4.68, 4.67, 4.34, 3.68, 2.67, 2.4, 2.44, 1.81, 1.92, 1.59, 0.74, 0, 0.53, 0.9, 2.39, 4.66, 7.812, 10.31, 12.362, 13.342, 13.049, 11.879, 11.08, 10.36, 9.8, 10.002, 10.166, 10.303, 10.46, 10.382, 9.666, 9.386, 9.897, 10.414, 9.244, 7.474, 6.077, 5.637, 5.14, 4.5, 3.75, 2.96, 3.09, 4.6, 5.39, 5.49], [6.2, 6.59, 6.47, 6.31, 6.33, 6.34, 6.13, 5.94, 5.61, 6.03, 6.39, 6.35, 5.96, 5.76, 5.75, 6.586, 8.913, 9.216, 9.061, 8.928, 8.568, 8.633, 8.632, 7.7, 6.75, 6.49, 6.49, 5.94, 5.43, 5.57, 5.68, 5.75, 6.351, 6.743, 7.206, 6.283, 4.68, 4.81, 5.2, 4.88, 4.73, 4.74, 4.43, 3.71, 2.66, 2.49, 2.53, 2.0, 2.07, 1.82, 0.89, 0.53, 0, 0.89, 2.56, 4.85, 7.982, 10.495, 12.552, 13.532, 13.259, 12.049, 11.265, 10.522, 9.985, 10.172, 10.336, 10.453, 10.583, 10.52, 9.807, 9.541, 10.044, 10.566, 9.416, 7.646, 6.247, 5.787, 5.286, 4.59, 3.88, 3.07, 3.24, 4.79, 5.54, 5.679], [6.21, 6.6, 6.48, 6.3, 6.3, 6.33, 6.14, 5.95, 5.6, 5.78, 6.06, 6.0, 5.73, 5.43, 5.4, 6.16, 8.38, 8.683, 8.528, 8.375, 7.997, 8.081, 8.099, 7.15, 6.32, 6.1, 6.06, 5.59, 5.1, 5.36, 5.25, 5.22, 5.85, 6.23, 6.69, 5.77, 4.15, 4.28, 4.63, 4.37, 4.14, 4.15, 3.86, 3.04, 2.13, 2.04, 2.1, 1.73, 1.74, 1.37, 0.86, 0.9, 0.89, 0, 1.95, 4.297, 7.446, 9.936, 12.013, 12.987, 12.694, 11.516, 10.714, 9.98, 9.423, 9.639, 9.785, 9.92, 10.05, 9.987, 9.274, 9.008, 9.511, 10.034, 8.884, 7.094, 5.714, 5.234, 4.713, 4.26, 3.59, 2.74, 2.83, 4.26, 5.01, 5.126], [6.48, 6.75, 6.51, 6.27, 6.19, 6.5, 6.43, 6.24, 5.55, 5.29, 5.29, 5.27, 5.16, 4.76, 4.71, 5.01, 6.59, 6.817, 6.72, 6.55, 6.16, 6.38, 6.53, 5.92, 5.21, 5.09, 5.33, 5.04, 4.53, 4.85, 4.52, 4.09, 4.72, 5.32, 5.3, 4.24, 2.84, 3.01, 2.96, 2.9, 2.93, 2.9, 2.53, 2.05, 1.7, 1.77, 1.61, 1.4, 1.61, 1.68, 2.13, 2.39, 2.56, 1.95, 0, 2.39, 5.53, 8.02, 10.1, 11.08, 10.79, 9.62, 8.81, 8.07, 7.53, 7.746, 7.91, 8.068, 8.204, 8.138, 7.428, 7.162, 7.641, 8.198, 7.016, 5.278, 3.86, 3.5, 3.39, 3.65, 3.14, 2.63, 2.7, 2.85, 3.3, 3.24], [6.93, 7.14, 6.74, 6.3, 6.16, 6.65, 6.68, 6.41, 5.72, 5.3, 5.18, 5.1, 5.09, 4.75, 4.68, 4.36, 4.76, 4.72, 4.73, 4.6, 4.87, 5.35, 5.54, 5.13, 4.64, 4.78, 5.0, 4.89, 4.42, 4.54, 4.21, 3.52, 4.27, 4.77, 4.17, 2.99, 2.59, 2.4, 2.39, 2.49, 2.64, 2.67, 2.36, 2.58, 2.79, 2.9, 2.94, 3.51, 3.76, 3.99, 4.48, 4.66, 4.85, 4.297, 2.39, 0, 3.28, 5.87, 7.73, 8.73, 8.46, 7.29, 6.66, 6.08, 5.46, 5.46, 5.63, 5.73, 5.86, 5.8, 5.09, 4.83, 5.342, 5.87, 4.698, 3.05, 2.23, 2.79, 3.24, 3.6, 3.67, 3.52, 3.43, 2.64, 2.25, 2.25], [7.65, 7.5, 7.12, 6.46, 6.26, 6.99, 7.44, 7.37, 6.46, 5.76, 5.5, 5.28, 5.57, 5.35, 5.22, 4.56, 3.54, 3.38, 3.37, 3.72, 4.35, 5.21, 5.34, 5.19, 4.94, 5.22, 5.4, 5.21, 5.08, 4.92, 4.31, 3.66, 3.99, 4.29, 3.35, 2.39, 3.69, 3.5, 3.29, 3.61, 3.539, 3.61, 3.84, 4.556, 5.653, 5.839, 6.0, 6.633, 6.84, 7.067, 7.64, 7.812, 7.982, 7.446, 5.53, 3.28, 0, 2.65, 4.61, 5.61, 5.36, 4.37, 3.6, 3.26, 2.76, 2.68, 2.75, 2.79, 2.86, 2.88, 2.95, 2.95, 2.71, 3.01, 2.4, 2.27, 2.77, 3.39, 4.28, 4.94, 5.55, 6.06, 5.71, 4.02, 3.19, 3.07], [9.06, 8.93, 8.67, 7.89, 7.13, 7.68, 8.77, 8.62, 7.51, 6.75, 6.21, 5.89, 6.34, 6.22, 6.01, 4.99, 3.37, 3.39, 3.5, 3.83, 4.7, 5.26, 5.45, 5.84, 5.79, 6.11, 6.17, 6.54, 7.05, 6.43, 5.46, 5.23, 4.52, 4.1, 3.58, 4.36, 6.14, 5.99, 5.58, 5.891, 5.963, 6.033, 6.321, 7.041, 8.154, 8.323, 8.47, 9.097, 9.347, 9.554, 10.13, 10.31, 10.495, 9.936, 8.02, 5.87, 2.65, 0, 2.24, 3.28, 3.11, 2.18, 1.31, 1.13, 1.21, 1.53, 1.56, 1.68, 1.73, 2.07, 2.76, 2.86, 2.74, 2.64, 2.67, 3.6, 4.86, 5.38, 6.33, 7.37, 8.1, 8.63, 8.32, 6.65, 5.66, 5.6], [11.1, 10.753, 10.413, 9.17, 8.31, 8.68, 9.73, 9.7, 8.57, 7.55, 6.81, 6.65, 7.28, 7.32, 7.21, 6.37, 4.61, 4.25, 4.32, 4.73, 5.52, 5.68, 5.85, 6.54, 6.53, 6.93, 7.39, 7.96, 8.69, 8.05, 7.2, 7.09, 6.42, 6.02, 5.4, 6.32, 8.033, 7.886, 7.573, 7.896, 8.049, 8.079, 8.366, 9.106, 10.22, 10.387, 10.546, 11.174, 11.407, 11.634, 12.199, 12.362, 12.552, 12.013, 10.1, 7.73, 4.61, 2.24, 0, 1.12, 1.27, 1.48, 1.61, 2.27, 2.85, 2.87, 2.8, 2.74, 2.65, 2.89, 3.58, 3.84, 3.5, 3.04, 3.81, 5.5, 6.8, 7.32, 8.07, 9.01, 9.82, 10.39, 10.0, 8.245, 7.332, 7.36], [12.009, 11.627, 11.287, 9.95, 9.03, 9.36, 10.37, 10.44, 9.35, 8.19, 7.53, 7.53, 8.1, 8.26, 8.21, 7.25, 5.37, 4.99, 5.08, 5.45, 6.22, 6.1, 6.37, 7.12, 7.23, 7.67, 8.11, 8.68, 9.43, 8.81, 8.14, 8.05, 7.32, 6.92, 6.38, 7.3, 9.02, 8.883, 8.571, 8.893, 9.046, 9.076, 9.363, 10.083, 11.191, 11.358, 11.452, 12.143, 12.382, 12.589, 13.179, 13.342, 13.532, 12.987, 11.08, 8.73, 5.61, 3.28, 1.12, 0, 0.85, 1.92, 2.43, 3.15, 3.73, 3.73, 3.66, 3.48, 3.35, 3.51, 4.28, 4.6, 4.16, 3.62, 4.61, 6.34, 7.7, 8.16, 8.81, 9.81, 10.58, 11.19, 10.817, 9.016, 8.18, 8.14], [11.719, 11.349, 11.029, 9.78, 8.94, 9.31, 10.34, 10.35, 9.22, 8.12, 7.42, 7.26, 7.87, 8.01, 7.88, 7.02, 5.22, 4.84, 4.91, 5.32, 6.09, 6.23, 6.48, 7.15, 7.18, 7.58, 8.04, 8.61, 9.36, 8.74, 7.83, 7.76, 7.05, 6.61, 6.11, 7.01, 8.73, 8.573, 8.281, 8.603, 8.756, 8.786, 9.073, 9.793, 10.898, 11.065, 11.173, 11.862, 12.072, 12.279, 12.886, 13.049, 13.259, 12.694, 10.79, 8.46, 5.36, 3.11, 1.27, 0.85, 0, 1.39, 2.12, 2.84, 3.38, 3.52, 3.43, 3.31, 3.24, 3.42, 4.17, 4.49, 4.09, 3.63, 4.42, 6.07, 7.39, 7.93, 8.72, 9.7, 10.49, 11.04, 10.67, 8.929, 8.01, 8.03], [10.54, 10.31, 10.03, 9.23, 8.45, 8.86, 9.95, 9.78, 8.63, 7.79, 7.09, 6.81, 7.26, 7.28, 7.03, 6.23, 4.37, 4.19, 4.2, 4.63, 5.7, 6.04, 6.27, 6.9, 6.83, 7.19, 7.39, 7.88, 8.45, 7.85, 6.9, 6.67, 5.98, 5.54, 4.96, 5.84, 7.58, 7.435, 7.1, 7.425, 7.578, 7.608, 7.895, 8.595, 9.711, 9.898, 10.053, 10.683, 10.91, 11.1, 11.71, 11.879, 12.049, 11.516, 9.62, 7.29, 4.37, 2.18, 1.48, 1.92, 1.39, 0, 1.19, 1.65, 2.29, 2.49, 2.64, 2.7, 2.71, 2.99, 3.56, 3.68, 3.6, 3.42, 3.63, 4.96, 6.26, 6.8, 7.69, 8.75, 9.46, 9.99, 9.68, 8.01, 7.02, 6.98], [9.808, 9.58, 9.36, 8.56, 7.78, 8.27, 9.36, 9.19, 8.06, 7.22, 6.64, 6.36, 6.77, 6.67, 6.44, 5.62, 3.84, 3.84, 3.95, 4.28, 5.21, 5.71, 5.94, 6.39, 6.34, 6.68, 6.74, 7.19, 7.88, 7.22, 6.25, 6.08, 5.35, 4.91, 4.37, 5.17, 6.91, 6.76, 6.35, 6.69, 6.762, 6.832, 7.099, 7.799, 8.933, 9.102, 9.246, 9.87, 10.157, 10.35, 10.9, 11.08, 11.265, 10.714, 8.81, 6.66, 3.6, 1.31, 1.61, 2.43, 2.12, 1.19, 0, 0.86, 1.6, 1.88, 1.93, 2.01, 2.02, 2.42, 3.07, 3.23, 3.17, 3.05, 3.06, 4.31, 5.61, 6.15, 7.1, 8.14, 8.89, 9.44, 9.13, 7.44, 6.45, 6.41], [9.21, 9.1, 8.78, 8.16, 7.4, 7.93, 9.0, 8.85, 7.72, 6.92, 6.38, 6.08, 6.51, 6.37, 6.18, 5.28, 3.6, 3.68, 3.75, 4.04, 4.91, 5.45, 5.72, 6.09, 6.04, 6.36, 6.4, 6.81, 7.32, 6.78, 5.81, 5.4, 4.65, 4.25, 3.75, 4.47, 6.21, 6.08, 5.61, 5.93, 6.025, 6.075, 6.342, 7.042, 8.176, 8.385, 8.546, 9.139, 9.4, 9.59, 10.16, 10.36, 10.522, 9.98, 8.07, 6.08, 3.26, 1.13, 2.27, 3.15, 2.84, 1.65, 0.86, 0, 1.0, 1.48, 1.65, 1.79, 1.9, 2.28, 3.01, 3.01, 3.01, 3.03, 3.0, 3.79, 4.93, 5.49, 6.5, 7.64, 8.35, 8.84, 8.53, 6.88, 5.91, 5.83], [8.45, 8.3, 7.98, 7.3, 6.52, 7.17, 8.22, 8.09, 7.02, 6.24, 5.78, 5.54, 5.93, 5.81, 5.64, 4.76, 3.14, 3.22, 3.35, 3.58, 4.27, 4.91, 5.16, 5.45, 5.38, 5.68, 5.72, 6.03, 6.54, 5.96, 5.05, 4.6, 3.93, 3.71, 3.07, 3.79, 5.61, 5.48, 5.05, 5.39, 5.491, 5.541, 5.82, 6.508, 7.638, 7.811, 7.928, 8.579, 8.786, 8.99, 9.62, 9.8, 9.985, 9.423, 7.53, 5.46, 2.76, 1.21, 2.85, 3.73, 3.38, 2.29, 1.6, 1.0, 0, 1.14, 1.19, 1.25, 1.38, 1.88, 2.57, 2.51, 2.55, 2.65, 2.64, 3.13, 4.21, 4.77, 5.74, 6.88, 7.59, 8.02, 7.73, 6.08, 5.13, 5.03], [8.424, 8.02, 7.68, 6.86, 6.28, 6.79, 7.84, 7.67, 6.46, 5.7, 5.24, 5.08, 5.45, 5.27, 5.18, 4.3, 2.74, 2.7, 2.85, 3.04, 3.77, 4.65, 4.74, 4.89, 4.84, 5.16, 5.16, 5.67, 6.28, 5.68, 4.89, 4.66, 4.11, 4.15, 3.31, 3.93, 5.7, 5.562, 5.26, 5.592, 5.741, 5.775, 6.062, 6.741, 7.825, 8.012, 8.162, 8.795, 8.994, 9.23, 9.836, 10.002, 10.172, 9.639, 7.746, 5.46, 2.68, 1.53, 2.87, 3.73, 3.52, 2.49, 1.88, 1.48, 1.14, 0, 0.65, 0.89, 1.1, 1.58, 2.13, 2.15, 1.93, 2.11, 1.98, 2.89, 4.13, 4.57, 5.32, 6.36, 7.17, 7.78, 7.47, 5.92, 4.93, 4.89], [8.517, 8.11, 7.75, 6.77, 6.15, 6.7, 7.75, 7.66, 6.55, 5.65, 5.19, 5.09, 5.48, 5.26, 5.23, 4.29, 2.51, 2.43, 2.62, 2.79, 3.56, 4.32, 4.45, 4.78, 4.77, 5.07, 5.07, 5.58, 6.29, 5.69, 4.96, 4.77, 4.08, 4.02, 3.4, 4.12, 5.864, 5.726, 5.424, 5.756, 5.909, 5.959, 6.226, 6.905, 7.989, 8.196, 8.346, 8.979, 9.146, 9.35, 10.0, 10.166, 10.336, 9.785, 7.91, 5.63, 2.75, 1.56, 2.8, 3.66, 3.43, 2.64, 1.93, 1.65, 1.19, 0.65, 0, 0.6, 0.85, 1.19, 1.76, 1.86, 1.74, 1.82, 1.77, 3.0, 4.22, 4.76, 5.39, 6.37, 7.26, 7.89, 7.56, 5.95, 5.02, 5.06], [8.777, 8.41, 8.07, 6.87, 6.01, 6.5, 7.57, 7.48, 6.43, 5.45, 4.97, 5.01, 5.4, 5.32, 5.27, 4.31, 2.63, 2.47, 2.62, 2.77, 3.46, 4.2, 4.39, 4.6, 4.57, 4.91, 4.93, 5.52, 6.27, 5.73, 5.08, 4.89, 4.26, 4.18, 3.44, 4.22, 5.981, 5.843, 5.541, 5.873, 6.026, 6.056, 6.343, 7.043, 8.133, 8.32, 8.423, 9.076, 9.276, 9.52, 10.157, 10.303, 10.453, 9.92, 8.068, 5.73, 2.79, 1.68, 2.74, 3.48, 3.31, 2.7, 2.01, 1.79, 1.25, 0.89, 0.6, 0, 0.57, 0.97, 1.6, 1.86, 1.62, 1.56, 1.77, 3.1, 4.4, 4.94, 5.61, 6.61, 7.42, 8.03, 7.68, 5.97, 5.08, 5.08], [8.916, 8.514, 8.14, 6.86, 5.96, 6.41, 7.5, 7.49, 6.54, 5.38, 5.02, 5.04, 5.35, 5.39, 5.38, 4.48, 2.62, 2.36, 2.61, 2.74, 3.39, 4.07, 4.28, 4.51, 4.56, 4.84, 4.92, 5.47, 6.28, 5.72, 5.19, 5.06, 4.37, 4.27, 3.53, 4.35, 6.114, 5.976, 5.674, 6.006, 6.159, 6.189, 6.476, 7.176, 8.272, 8.459, 8.576, 9.249, 9.423, 9.644, 10.294, 10.46, 10.583, 10.05, 8.204, 5.86, 2.86, 1.73, 2.65, 3.35, 3.24, 2.71, 2.02, 1.9, 1.38, 1.1, 0.85, 0.57, 0, 0.9, 1.53, 1.77, 1.59, 1.47, 1.86, 3.25, 4.55, 5.09, 5.66, 6.64, 7.43, 8.06, 7.71, 5.94, 5.13, 5.07], [8.796, 8.406, 7.969, 6.64, 5.88, 6.25, 7.24, 7.27, 6.3, 5.12, 4.76, 4.74, 5.11, 5.19, 5.12, 4.22, 2.14, 1.94, 2.09, 2.42, 3.01, 3.51, 3.7, 4.13, 4.32, 4.68, 4.78, 5.45, 6.16, 5.64, 5.13, 4.96, 4.21, 4.03, 3.53, 4.29, 6.06, 5.922, 5.62, 5.952, 6.105, 6.135, 6.422, 7.122, 8.212, 8.399, 8.502, 9.143, 9.302, 9.578, 10.228, 10.382, 10.52, 9.987, 8.138, 5.8, 2.88, 2.07, 2.89, 3.51, 3.42, 2.99, 2.42, 2.28, 1.88, 1.58, 1.19, 0.97, 0.9, 0, 1.07, 1.37, 1.17, 1.21, 1.64, 3.11, 4.49, 5.03, 5.56, 6.42, 7.23, 7.86, 7.55, 5.86, 5.052, 4.95], [8.091, 7.69, 7.282, 6.11, 5.29, 5.64, 6.65, 6.66, 5.65, 4.53, 4.09, 4.09, 4.42, 4.5, 4.41, 3.43, 1.51, 1.23, 1.4, 1.59, 2.3, 2.84, 2.99, 3.46, 3.53, 3.93, 4.09, 4.7, 5.41, 4.89, 4.42, 4.25, 3.58, 3.46, 2.92, 3.6, 5.353, 5.206, 4.913, 5.236, 5.389, 5.419, 5.706, 6.417, 7.516, 7.683, 7.826, 8.459, 8.606, 8.871, 9.521, 9.666, 9.807, 9.274, 7.428, 5.09, 2.95, 2.76, 3.58, 4.28, 4.17, 3.56, 3.07, 3.01, 2.57, 2.13, 1.76, 1.6, 1.53, 1.07, 0, 0.7, 0.9, 1.24, 1.27, 2.44, 3.74, 4.28, 4.81, 5.77, 6.54, 7.17, 6.88, 5.168, 4.376, 4.28], [7.791, 7.421, 6.933, 5.79, 5.15, 5.54, 6.59, 6.5, 5.53, 4.45, 4.01, 4.01, 4.26, 4.32, 4.25, 3.27, 1.15, 1.13, 1.26, 1.57, 2.16, 2.84, 2.91, 3.28, 3.51, 3.87, 3.93, 4.58, 5.19, 4.71, 4.18, 3.99, 3.28, 3.28, 2.82, 3.34, 5.093, 4.946, 4.653, 4.976, 5.129, 5.159, 5.446, 6.166, 7.25, 7.417, 7.566, 8.199, 8.326, 8.605, 9.223, 9.386, 9.541, 9.008, 7.162, 4.83, 2.95, 2.86, 3.84, 4.6, 4.49, 3.68, 3.23, 3.01, 2.51, 2.15, 1.86, 1.86, 1.77, 1.37, 0.7, 0, 0.9, 1.44, 1.05, 2.18, 3.44, 3.98, 4.53, 5.33, 6.18, 6.81, 6.56, 4.89, 4.116, 3.98], [8.257, 7.887, 7.396, 6.27, 5.63, 6.0, 6.95, 6.96, 5.93, 4.79, 4.31, 4.33, 4.84, 4.9, 4.81, 3.89, 1.83, 1.61, 1.74, 2.09, 2.54, 3.18, 3.21, 3.58, 3.75, 4.25, 4.41, 5.12, 5.71, 5.19, 4.72, 4.505, 3.88, 3.98, 3.32, 3.86, 5.604, 5.457, 5.164, 5.487, 5.64, 5.67, 5.957, 6.674, 7.752, 7.919, 8.054, 8.704, 8.837, 9.116, 9.734, 9.897, 10.044, 9.511, 7.641, 5.342, 2.71, 2.74, 3.5, 4.16, 4.09, 3.6, 3.17, 3.01, 2.55, 1.93, 1.74, 1.62, 1.59, 1.17, 0.9, 0.9, 0, 0.84, 1.11, 2.52, 3.86, 4.38, 4.97, 5.87, 6.68, 7.29, 7.08, 5.47, 4.64, 4.5], [8.808, 8.424, 7.944, 6.71, 6.03, 6.4, 7.31, 7.42, 6.33, 5.15, 4.63, 4.65, 5.18, 5.28, 5.21, 4.25, 2.29, 1.89, 2.02, 2.37, 2.98, 3.36, 3.41, 3.94, 4.11, 4.63, 4.85, 5.52, 6.21, 5.71, 5.2, 5.03, 4.46, 4.52, 3.96, 4.361, 6.121, 5.974, 5.681, 6.004, 6.157, 6.187, 6.474, 7.176, 8.275, 8.442, 8.536, 9.201, 9.345, 9.642, 10.251, 10.414, 10.566, 10.034, 8.198, 5.87, 3.01, 2.64, 3.04, 3.62, 3.63, 3.42, 3.05, 3.03, 2.65, 2.11, 1.82, 1.56, 1.47, 1.21, 1.24, 1.44, 0.84, 0, 1.35, 2.98, 4.4, 4.94, 5.55, 6.45, 7.26, 7.87, 7.634, 5.968, 5.144, 5.08], [7.687, 7.4, 7.0, 5.96, 5.32, 5.83, 6.92, 6.79, 5.66, 4.68, 4.06, 3.98, 4.33, 4.27, 4.16, 3.28, 1.56, 1.36, 1.41, 1.7, 2.51, 3.33, 3.36, 3.63, 3.7, 4.04, 4.18, 4.71, 5.36, 4.78, 4.03, 3.86, 3.45, 3.59, 3.03, 3.214, 4.934, 4.807, 4.494, 4.817, 4.984, 5.014, 5.287, 6.006, 7.113, 7.292, 7.425, 8.039, 8.207, 8.489, 9.089, 9.244, 9.416, 8.884, 7.016, 4.698, 2.4, 2.67, 3.81, 4.61, 4.42, 3.63, 3.06, 3.0, 2.64, 1.98, 1.77, 1.77, 1.86, 1.64, 1.27, 1.05, 1.11, 1.35, 0, 1.83, 3.23, 3.81, 4.56, 5.42, 6.25, 6.9, 6.63, 5.018, 4.082, 4.09], [6.18, 6.07, 5.59, 4.97, 4.73, 5.4, 6.15, 6.06, 4.93, 4.13, 3.83, 3.77, 4.04, 3.78, 3.67, 2.87, 2.35, 2.35, 2.24, 2.35, 2.74, 3.58, 3.69, 3.48, 3.33, 3.59, 3.67, 3.68, 3.99, 3.53, 2.88, 2.45, 2.5, 2.98, 2.52, 1.88, 3.261, 3.094, 2.761, 3.064, 3.217, 3.227, 3.514, 4.236, 5.329, 5.522, 5.674, 6.327, 6.454, 6.742, 7.311, 7.474, 7.646, 7.094, 5.278, 3.05, 2.27, 3.6, 5.5, 6.34, 6.07, 4.96, 4.31, 3.79, 3.13, 2.89, 3.0, 3.1, 3.25, 3.11, 2.44, 2.18, 2.52, 2.98, 1.83, 0, 1.46, 2.04, 3.07, 4.17, 4.88, 5.29, 5.06, 3.57, 2.58, 2.52], [5.46, 5.43, 4.97, 4.63, 4.71, 5.28, 5.61, 5.54, 4.51, 3.73, 3.57, 3.71, 3.7, 3.42, 3.33, 2.79, 3.21, 3.23, 3.2, 3.03, 3.18, 3.8, 3.85, 3.52, 3.13, 3.31, 3.39, 3.34, 3.19, 3.07, 2.76, 1.97, 2.6, 3.1, 2.82, 1.6, 2.06, 1.99, 1.68, 1.88, 2.15, 2.06, 2.21,