[[0, 0.83, 1.18, 1.09, 1.18, 1.41, 1.55, 2.06, 2.29, 2.28, 2.22, 2.92, 3.232, 3.012, 2.412, 1.7, 1.9, 2.24, 2.24, 2.32, 2.33, 3.93, 5.06, 5.785, 7.556, 9.751, 10.628, 10.956, 10.626, 10.311, 10.567, 10.112, 9.289, 9.706, 9.796, 8.945, 8.134, 7.623, 7.133, 6.587, 6.508, 6.558, 6.217, 6.393, 7.412, 6.6, 5.195, 4.3, 5.372, 6.442, 5.93, 5.34, 5.14, 5.25, 4.73, 2.98, 1.36, 3.02, 5.83, 6.36, 3.78, 3.74, 3.9, 2.71, 2.66, 3.04, 2.94, 3.58, 3.63, 2.68, 5.197, 6.828, 6.988, 7.237, 7.297, 6.435, 6.684, 7.554, 8.134, 7.944, 7.948, 8.812, 8.545, 8.219, 8.488, 8.613], [0.83, 0, 0.73, 0.92, 1.21, 1.42, 1.48, 2.33, 2.82, 2.75, 2.49, 2.73, 2.908, 2.688, 2.13, 2.11, 1.85, 1.93, 1.97, 2.05, 2.08, 3.82, 4.83, 5.618, 7.218, 9.304, 10.176, 10.503, 10.173, 9.859, 10.115, 9.668, 8.908, 9.317, 9.407, 8.567, 7.75, 7.339, 6.869, 6.292, 6.264, 6.411, 6.036, 6.166, 7.125, 6.39, 5.09, 4.27, 5.168, 6.115, 5.76, 5.23, 5.05, 5.2, 4.7, 2.87, 1.21, 3.25, 6.3, 6.83, 4.25, 4.17, 4.31, 3.16, 3.17, 3.51, 3.41, 3.93, 3.92, 3.17, 5.181, 6.861, 6.981, 7.121, 7.173, 6.446, 6.64, 7.587, 8.167, 7.974, 7.921, 8.693, 8.448, 8.205, 8.395, 8.525], [1.18, 0.73, 0, 0.79, 1.18, 1.43, 1.69, 2.46, 2.91, 2.82, 2.38, 2.28, 2.48, 2.28, 1.92, 2.2, 1.94, 1.64, 1.66, 1.66, 1.79, 3.37, 4.36, 5.128, 6.751, 8.857, 9.734, 10.061, 9.731, 9.437, 9.693, 9.249, 8.441, 8.875, 8.954, 8.148, 7.288, 6.806, 6.336, 5.745, 5.82, 5.921, 5.548, 5.625, 6.638, 5.88, 4.56, 3.78, 4.678, 5.65, 5.31, 4.78, 4.72, 4.89, 4.43, 2.58, 1.3, 3.64, 6.73, 7.26, 4.68, 4.6, 4.7, 3.51, 3.52, 3.9, 3.74, 4.28, 4.23, 3.44, 4.826, 6.437, 6.56, 6.685, 6.705, 6.096, 6.233, 7.143, 7.717, 7.524, 7.491, 8.225, 8.03, 7.779, 8.004, 8.084], [1.09, 0.92, 0.79, 0, 0.97, 1.22, 1.5, 2.13, 2.4, 2.25, 1.91, 2.23, 2.425, 2.21, 1.69, 1.79, 1.59, 1.51, 1.55, 1.63, 1.76, 3.34, 4.39, 5.175, 6.798, 8.879, 9.744, 10.071, 9.741, 9.447, 9.712, 9.262, 8.488, 8.884, 8.949, 8.158, 7.318, 6.839, 6.389, 5.818, 5.841, 5.968, 5.595, 5.675, 6.688, 5.95, 4.61, 3.79, 4.725, 5.655, 5.28, 4.73, 4.57, 4.64, 4.28, 2.45, 1.19, 3.83, 6.72, 7.25, 4.67, 4.59, 4.69, 3.38, 3.31, 3.81, 3.63, 4.13, 4.12, 3.15, 4.69, 6.333, 6.475, 6.635, 6.693, 5.946, 6.074, 7.018, 7.581, 7.428, 7.438, 8.213, 7.965, 7.703, 7.926, 8.02], [1.18, 1.21, 1.18, 0.97, 0, 0.65, 1.19, 1.66, 1.91, 1.94, 1.54, 1.86, 2.152, 1.972, 1.48, 1.28, 1.3, 1.46, 1.44, 1.54, 1.47, 2.93, 3.98, 4.745, 6.525, 8.737, 9.614, 9.941, 9.611, 9.317, 9.59, 9.123, 8.294, 8.66, 8.748, 7.936, 7.165, 6.523, 6.033, 5.505, 5.448, 5.521, 5.222, 5.319, 6.395, 5.58, 4.22, 3.38, 4.312, 5.362, 4.87, 4.32, 4.12, 4.27, 3.81, 2.0, 1.36, 4.04, 6.85, 7.42, 4.78, 4.7, 4.76, 3.33, 3.28, 3.86, 3.5, 4.06, 4.09, 2.84, 4.271, 5.851, 6.008, 6.22, 6.28, 5.516, 5.71, 6.577, 7.157, 6.964, 6.968, 7.798, 7.548, 7.25, 7.502, 7.64], [1.41, 1.42, 1.43, 1.22, 0.65, 0, 1.02, 1.55, 1.94, 1.99, 1.63, 1.91, 1.99, 1.85, 1.31, 1.33, 1.17, 1.25, 1.19, 1.29, 1.3, 2.74, 3.85, 4.555, 6.349, 8.547, 9.424, 9.751, 9.421, 9.127, 9.4, 8.933, 8.116, 8.473, 8.543, 7.746, 6.952, 6.336, 5.866, 5.312, 5.255, 5.328, 5.032, 5.166, 6.202, 5.39, 4.03, 3.19, 4.13, 5.154, 4.68, 4.27, 4.09, 4.28, 3.54, 1.89, 1.33, 4.07, 7.04, 7.61, 4.97, 4.89, 4.97, 3.54, 3.51, 4.07, 3.71, 4.25, 4.3, 3.05, 4.261, 5.924, 5.984, 6.104, 6.084, 5.523, 5.74, 6.65, 7.23, 6.997, 6.904, 7.601, 7.411, 7.173, 7.41, 7.511], [1.55, 1.48, 1.69, 1.5, 1.19, 1.02, 0, 1.07, 1.84, 2.21, 1.61, 1.91, 1.91, 1.73, 1.49, 1.09, 0.87, 1.15, 1.21, 1.27, 1.22, 2.74, 3.79, 4.515, 6.158, 8.293, 9.17, 9.497, 9.176, 8.879, 9.134, 8.667, 7.897, 8.308, 8.378, 7.535, 6.715, 6.256, 5.786, 5.232, 5.253, 5.32, 4.94, 5.066, 6.025, 5.29, 4.01, 3.17, 4.11, 5.075, 4.62, 4.25, 4.11, 4.28, 3.56, 1.89, 1.65, 4.11, 7.3, 7.83, 5.25, 5.17, 5.23, 3.88, 3.75, 4.33, 3.79, 4.23, 4.34, 3.21, 4.281, 5.981, 6.044, 6.164, 6.084, 5.52, 5.76, 6.707, 7.287, 7.057, 6.947, 7.578, 7.454, 7.227, 7.464, 7.507], [2.06, 2.33, 2.46, 2.13, 1.66, 1.55, 1.07, 0, 1.41, 1.98, 1.38, 1.76, 1.88, 1.82, 1.52, 1.14, 1.28, 1.74, 1.74, 1.68, 1.55, 2.35, 3.56, 4.19, 6.082, 8.252, 9.129, 9.456, 9.126, 8.829, 9.084, 8.617, 7.854, 8.272, 8.356, 7.502, 6.622, 6.134, 5.667, 5.147, 5.048, 4.935, 4.71, 4.97, 5.952, 5.22, 3.78, 2.92, 3.88, 4.962, 4.43, 3.86, 3.76, 3.87, 3.13, 1.54, 2.38, 4.54, 7.43, 7.857, 5.34, 5.208, 5.28, 3.85, 3.78, 4.38, 3.66, 3.94, 4.03, 2.72, 3.628, 5.331, 5.454, 5.694, 5.674, 4.887, 5.167, 6.057, 6.637, 6.407, 6.334, 7.132, 6.861, 6.577, 6.854, 6.974], [2.29, 2.82, 2.91, 2.4, 1.91, 1.94, 1.84, 1.41, 0, 1.21, 1.61, 2.49, 2.77, 2.71, 2.21, 1.45, 1.91, 2.41, 2.39, 2.37, 2.26, 3.08, 4.33, 4.98, 7.074, 9.324, 10.201, 10.528, 10.198, 9.901, 10.177, 9.73, 8.907, 9.244, 9.314, 8.534, 7.734, 7.039, 6.494, 6.06, 5.877, 5.799, 5.66, 5.86, 6.924, 6.17, 4.63, 3.59, 4.69, 5.806, 5.22, 4.57, 4.45, 4.5, 3.84, 2.45, 2.93, 4.47, 6.62, 6.99, 4.47, 4.21, 4.21, 2.76, 2.65, 3.39, 2.67, 3.13, 3.28, 1.87, 4.056, 5.767, 5.916, 6.398, 6.418, 5.511, 5.677, 6.401, 6.838, 6.648, 6.901, 7.816, 7.473, 7.195, 7.509, 7.663], [2.28, 2.75, 2.82, 2.25, 1.94, 1.99, 2.21, 1.98, 1.21, 0, 1.44, 2.64, 3.02, 2.92, 2.42, 1.78, 2.24, 2.6, 2.56, 2.64, 2.57, 3.33, 4.62, 5.227, 7.384, 9.634, 10.499, 10.838, 10.528, 10.251, 10.527, 10.08, 9.237, 9.554, 9.624, 8.844, 8.024, 7.323, 6.753, 6.356, 6.156, 6.114, 5.97, 6.15, 7.22, 6.44, 4.72, 3.78, 4.94, 6.11, 5.527, 4.857, 4.717, 4.747, 4.07, 2.68, 2.86, 4.96, 6.85, 7.06, 4.84, 4.26, 3.94, 2.51, 2.46, 3.28, 2.78, 3.28, 3.51, 2.14, 4.131, 5.859, 6.034, 6.557, 6.574, 5.649, 5.758, 6.468, 6.823, 6.61, 6.965, 7.871, 7.465, 7.276, 7.739, 7.866], [2.22, 2.49, 2.38, 1.91, 1.54, 1.63, 1.61, 1.38, 1.61, 1.44, 0, 1.46, 1.84, 1.86, 1.64, 1.36, 1.58, 1.84, 1.82, 1.88, 1.85, 2.15, 3.4, 4.01, 6.21, 8.434, 9.311, 9.638, 9.32, 9.06, 9.367, 8.92, 8.06, 8.394, 8.47, 7.69, 6.85, 6.16, 5.57, 5.17, 4.996, 4.92, 4.79, 4.91, 6.0, 5.2, 3.46, 2.56, 3.74, 4.91, 4.33, 3.66, 3.58, 3.55, 2.89, 1.64, 2.48, 5.1, 7.57, 7.957, 5.44, 5.1, 5.126, 3.71, 3.58, 4.3, 3.86, 4.36, 4.49, 2.78, 3.16, 4.805, 4.988, 5.379, 5.359, 4.496, 4.644, 5.471, 6.011, 5.841, 5.868, 6.726, 6.435, 6.193, 6.616, 6.739], [2.92, 2.73, 2.28, 2.23, 1.86, 1.91, 1.91, 1.76, 2.49, 2.64, 1.46, 0, 0.74, 1.0, 1.2, 1.72, 1.64, 1.62, 1.54, 1.56, 1.51, 1.51, 2.2, 2.97, 4.89, 7.111, 7.98, 8.295, 7.98, 7.72, 8.07, 7.64, 6.82, 7.04, 7.13, 6.41, 5.65, 4.88, 4.39, 3.95, 3.77, 3.9, 3.69, 3.75, 4.8, 4.14, 2.94, 2.14, 2.62, 3.57, 3.29, 2.84, 2.76, 2.97, 2.59, 1.42, 2.82, 5.74, 8.627, 9.209, 6.572, 6.42, 6.46, 4.99, 4.874, 5.597, 4.84, 4.98, 4.95, 3.52, 2.71, 4.234, 4.308, 4.463, 4.563, 4.025, 4.085, 4.94, 5.52, 5.29, 5.271, 6.043, 5.822, 5.699, 5.781, 6.013], [3.232, 2.908, 2.48, 2.425, 2.152, 1.99, 1.91, 1.88, 2.77, 3.02, 1.84, 0.74, 0, 0.62, 1.04, 1.9, 1.66, 1.44, 1.44, 1.34, 1.51, 1.33, 2.12, 2.81, 4.55, 6.7, 7.551, 7.861, 7.56, 7.3, 7.67, 7.26, 6.42, 6.72, 6.79, 6.05, 5.31, 4.62, 4.17, 3.67, 3.63, 3.72, 3.49, 3.53, 4.56, 3.9, 2.8, 2.22, 2.46, 3.33, 3.15, 2.76, 2.78, 2.89, 2.31, 1.22, 2.92, 5.9, 8.953, 9.549, 6.912, 6.78, 6.843, 5.37, 5.288, 5.937, 5.2, 5.14, 5.09, 3.72, 2.67, 4.317, 4.36, 4.454, 4.449, 4.062, 4.182, 5.023, 5.583, 5.353, 5.257, 5.905, 5.779, 5.599, 5.784, 5.893], [3.012, 2.688, 2.28, 2.21, 1.972, 1.85, 1.73, 1.82, 2.71, 2.92, 1.86, 1.0, 0.62, 0, 0.76, 1.62, 1.46, 1.14, 1.12, 1.16, 1.25, 1.63, 2.52, 3.03, 4.73, 6.82, 7.677, 8.007, 7.68, 7.44, 7.83, 7.4, 6.54, 6.88, 6.97, 6.21, 5.43, 4.86, 4.41, 3.87, 3.91, 4.0, 3.65, 3.61, 4.64, 3.96, 2.92, 2.34, 2.78, 3.65, 3.51, 3.12, 3.14, 3.21, 2.63, 1.28, 2.66, 5.64, 8.787, 9.329, 6.752, 6.651, 6.711, 5.229, 5.167, 5.814, 5.023, 4.96, 5.01, 3.76, 3.05, 4.7, 4.703, 4.763, 4.763, 4.462, 4.542, 5.406, 5.946, 5.693, 5.52, 6.197, 6.113, 6.013, 6.167, 6.267], [2.412, 2.13, 1.92, 1.69, 1.48, 1.31, 1.49, 1.52, 2.21, 2.42, 1.64, 1.2, 1.04, 0.76, 0, 1.28, 1.14, 1.08, 1.0, 1.08, 1.17, 1.95, 2.86, 3.59, 5.29, 7.4, 8.26, 8.587, 8.26, 8.04, 8.41, 7.98, 7.12, 7.46, 7.55, 6.77, 5.99, 5.44, 4.99, 4.45, 4.39, 4.48, 4.19, 4.21, 5.2, 4.58, 3.48, 2.76, 3.26, 4.09, 3.85, 3.34, 3.26, 3.33, 2.81, 1.42, 2.12, 5.22, 8.207, 8.746, 6.172, 6.071, 6.131, 4.649, 4.588, 5.234, 4.46, 4.44, 4.41, 3.18, 3.25, 4.897, 4.954, 5.094, 5.134, 4.596, 4.716, 5.62, 6.2, 5.967, 5.894, 6.623, 6.381, 6.19, 6.381, 6.507], [1.7, 2.11, 2.2, 1.79, 1.28, 1.33, 1.09, 1.14, 1.45, 1.78, 1.36, 1.72, 1.9, 1.62, 1.28, 0, 0.86, 1.46, 1.46, 1.6, 1.37, 2.51, 3.6, 4.29, 6.13, 8.343, 9.2, 9.51, 9.2, 8.98, 9.35, 8.92, 8.06, 8.38, 8.49, 7.69, 6.85, 6.32, 5.87, 5.33, 5.19, 5.16, 4.87, 5.01, 5.98, 5.24, 4.04, 3.24, 4.02, 5.01, 4.45, 3.84, 3.68, 3.77, 3.23, 1.78, 2.26, 4.64, 7.307, 7.823, 5.24, 5.148, 5.208, 3.766, 3.685, 4.311, 3.52, 3.66, 3.69, 2.48, 3.648, 5.245, 5.408, 5.714, 5.754, 4.887, 5.104, 5.934, 6.514, 6.341, 6.383, 7.25, 6.985, 6.656, 6.922, 7.042], [1.9, 1.85, 1.94, 1.59, 1.3, 1.17, 0.87, 1.28, 1.91, 2.24, 1.58, 1.64, 1.66, 1.46, 1.14, 0.86, 0, 0.98, 1.04, 1.08, 1.17, 2.43, 3.34, 4.11, 5.83, 8.0, 8.86, 9.17, 8.84, 8.64, 9.01, 8.58, 7.72, 8.04, 8.15, 7.35, 6.51, 6.02, 5.57, 5.01, 4.91, 5.0, 4.69, 4.77, 5.72, 5.02, 3.76, 2.96, 3.8, 4.67, 4.23, 3.7, 3.5, 3.69, 3.15, 1.66, 1.98, 4.64, 7.641, 8.18, 5.597, 5.496, 5.565, 4.15, 4.04, 4.668, 3.9, 4.26, 4.25, 3.08, 3.71, 5.351, 5.471, 5.591, 5.643, 4.933, 5.15, 6.077, 6.657, 6.464, 6.411, 7.163, 6.918, 6.674, 6.891, 7.0], [2.24, 1.93, 1.64, 1.51, 1.46, 1.25, 1.15, 1.74, 2.41, 2.6, 1.84, 1.62, 1.44, 1.14, 1.08, 1.46, 0.98, 0, 0.38, 0.48, 0.73, 2.27, 3.22, 3.87, 5.51, 7.569, 8.446, 8.773, 8.443, 8.18, 8.55, 8.12, 7.3, 7.66, 7.75, 6.97, 6.13, 5.68, 5.23, 4.67, 4.67, 4.78, 4.37, 4.43, 5.4, 4.66, 3.46, 2.66, 3.5, 4.41, 4.17, 3.8, 3.8, 3.89, 3.25, 1.58, 1.84, 4.8, 8.03, 8.56, 5.98, 5.9, 5.96, 4.53, 4.42, 5.06, 4.4, 4.9, 4.93, 3.8, 3.794, 5.457, 5.46, 5.577, 5.517, 5.142, 5.276, 6.163, 6.74, 6.49, 6.354, 7.017, 6.91, 6.73, 6.924, 7.007], [2.24, 1.97, 1.66, 1.55, 1.44, 1.19, 1.21, 1.74, 2.39, 2.56, 1.82, 1.54, 1.44, 1.12, 1.0, 1.46, 1.04, 0.38, 0, 0.42, 0.77, 2.17, 3.16, 3.81, 5.508, 7.649, 8.506, 8.85, 8.503, 8.26, 8.63, 8.194, 7.377, 7.74, 7.83, 7.03, 6.15, 5.68, 5.23, 4.67, 4.59, 4.74, 4.35, 4.41, 5.36, 4.64, 3.42, 2.56, 3.48, 4.45, 4.13, 3.74, 3.7, 3.83, 3.21, 1.52, 1.84, 4.82, 7.97, 8.5, 5.92, 5.84, 5.9, 4.45, 4.36, 5.0, 4.36, 4.86, 4.89, 3.76, 3.694, 5.357, 5.36, 5.457, 5.457, 5.042, 5.176, 6.063, 6.623, 6.373, 6.2, 6.937, 6.79, 6.63, 6.824, 6.947], [2.32, 2.05, 1.66, 1.63, 1.54, 1.29, 1.27, 1.68, 2.37, 2.64, 1.88, 1.56, 1.34, 1.16, 1.08, 1.6, 1.08, 0.48, 0.42, 0, 0.85, 2.07, 3.08, 3.788, 5.431, 7.572, 8.449, 8.776, 8.446, 8.149, 8.484, 8.049, 7.254, 7.66, 7.722, 6.91, 6.07, 5.58, 5.13, 4.55, 4.55, 4.64, 4.23, 4.33, 5.352, 4.54, 3.3, 2.48, 3.36, 4.35, 4.03, 3.64, 3.62, 3.73, 3.11, 1.38, 1.88, 4.84, 8.021, 8.554, 5.98, 5.885, 5.96, 4.49, 4.42, 5.06, 4.44, 4.92, 4.95, 3.84, 3.634, 5.297, 5.32, 5.414, 5.394, 4.962, 5.113, 6.003, 6.563, 6.313, 6.214, 6.903, 6.75, 6.55, 6.764, 6.864], [2.33, 2.08, 1.79, 1.76, 1.47, 1.3, 1.22, 1.55, 2.26, 2.57, 1.85, 1.51, 1.51, 1.25, 1.17, 1.37, 1.17, 0.73, 0.77, 0.85, 0, 2.1, 3.11, 3.64, 5.34, 7.504, 8.382, 8.709, 8.379, 8.102, 8.397, 7.956, 7.193, 7.59, 7.66, 6.84, 6.02, 5.55, 5.1, 4.54, 4.48, 4.45, 4.1, 4.28, 5.202, 4.49, 3.11, 2.37, 3.27, 4.38, 4.12, 3.69, 3.73, 3.86, 3.18, 1.45, 2.11, 5.05, 8.1, 8.624, 6.05, 5.955, 6.015, 4.56, 4.472, 5.118, 4.33, 4.69, 4.74, 3.61, 3.476, 5.116, 5.136, 5.219, 5.219, 4.952, 5.052, 5.839, 6.356, 6.103, 6.004, 6.661, 6.609, 6.549, 6.603, 6.743], [3.93, 3.82, 3.37, 3.34, 2.93, 2.74, 2.74, 2.35, 3.08, 3.33, 2.15, 1.51, 1.33, 1.63, 1.95, 2.51, 2.43, 2.27, 2.17, 2.07, 2.1, 0, 1.59, 2.02, 4.3, 6.546, 7.38, 7.711, 7.401, 7.123, 7.479, 7.05, 6.25, 6.526, 6.5, 5.856, 5.04, 4.29, 3.68, 3.32, 3.06, 3.09, 3.08, 3.36, 4.35, 3.67, 2.45, 1.95, 2.01, 2.96, 2.44, 1.93, 2.05, 2.14, 1.6, 1.29, 3.83, 6.65, 9.44, 10.016, 7.404, 7.173, 7.23, 5.7, 5.59, 6.35, 5.61, 5.61, 5.46, 3.63, 1.88, 3.427, 3.35, 3.587, 3.527, 3.072, 3.223, 4.073, 4.613, 4.363, 4.207, 4.927, 4.78, 4.809, 5.034, 5.194], [5.06, 4.83, 4.36, 4.39, 3.98, 3.85, 3.79, 3.56, 4.33, 4.62, 3.4, 2.2, 2.12, 2.52, 2.86, 3.6, 3.34, 3.22, 3.16, 3.08, 3.11, 1.59, 0, 1.13, 3.23, 5.3, 6.14, 6.41, 6.08, 5.86, 6.23, 5.88, 5.08, 5.26, 5.31, 4.71, 3.99, 3.38, 2.93, 2.51, 2.19, 2.16, 2.27, 2.57, 3.54, 2.98, 2.34, 2.44, 1.74, 1.95, 1.63, 1.34, 1.38, 1.51, 1.39, 2.36, 4.88, 7.64, 10.707, 11.286, 8.674, 8.463, 8.5, 6.976, 6.903, 7.643, 6.857, 6.9, 6.69, 4.54, 1.41, 2.366, 2.331, 2.449, 2.445, 2.16, 2.26, 3.04, 3.58, 3.33, 3.254, 3.905, 3.822, 3.839, 3.933, 4.093], [5.785, 5.618, 5.128, 5.175, 4.745, 4.555, 4.515, 4.19, 4.98, 5.227, 4.01, 2.97, 2.81, 3.03, 3.59, 4.29, 4.11, 3.87, 3.81, 3.788, 3.64, 2.02, 1.13, 0, 2.52, 4.67, 5.51, 5.833, 5.51, 5.29, 5.68, 5.25, 4.45, 4.65, 4.66, 4.04, 3.28, 2.73, 2.26, 1.96, 1.78, 1.63, 1.74, 2.12, 2.99, 2.41, 1.69, 2.15, 1.39, 1.68, 1.38, 1.33, 1.59, 1.78, 1.88, 2.93, 5.645, 8.33, 11.363, 11.899, 9.313, 9.056, 9.113, 7.569, 7.456, 8.216, 7.51, 7.55, 7.36, 5.15, 1.98, 2.14, 2.24, 2.1, 2.06, 2.01, 2.21, 2.785, 3.236, 2.986, 2.81, 3.367, 3.472, 3.632, 3.703, 3.903], [7.556, 7.218, 6.751, 6.798, 6.525, 6.349, 6.158, 6.082, 7.074, 7.384, 6.21, 4.89, 4.55, 4.73, 5.29, 6.13, 5.83, 5.51, 5.508, 5.431, 5.34, 4.3, 3.23, 2.52, 0, 2.43, 3.23, 3.5, 3.17, 2.93, 3.28, 2.87, 2.23, 2.59, 2.48, 1.82, 1.16, 1.27, 1.72, 1.82, 2.12, 2.11, 1.96, 1.84, 1.63, 1.77, 3.11, 4.28, 2.83, 2.5, 2.58, 3.03, 3.17, 3.38, 3.72, 4.919, 7.228, 10.128, 13.323, 13.879, 11.276, 11.178, 11.241, 9.756, 9.683, 10.338, 9.536, 9.39, 9.16, 7.31, 4.28, 3.44, 3.54, 3.2, 3.1, 3.55, 3.71, 3.72, 3.78, 3.61, 3.04, 2.96, 4.05, 4.35, 4.01, 3.93], [9.751, 9.304, 8.857, 8.879, 8.737, 8.547, 8.293, 8.252, 9.324, 9.634, 8.434, 7.111, 6.7, 6.82, 7.4, 8.343, 8.0, 7.569, 7.649, 7.572, 7.504, 6.546, 5.3, 4.67, 2.43, 0, 0.98, 1.27, 1.38, 1.32, 1.37, 1.46, 1.9, 1.68, 1.71, 2.07, 2.03, 2.42, 3.13, 3.55, 3.87, 3.86, 3.89, 3.59, 2.52, 3.317, 5.299, 6.51, 5.033, 3.85, 4.401, 5.02, 5.18, 5.21, 5.75, 7.171, 9.249, 12.294, 15.567, 16.106, 13.517, 13.428, 13.485, 12.006, 11.936, 12.591, 11.791, 11.6, 11.39, 9.48, 6.33, 5.01, 4.91, 4.41, 4.31, 5.08, 5.16, 5.05, 4.91, 4.98, 4.47, 3.83, 4.88, 5.12, 4.64, 4.38], [10.628, 10.176, 9.734, 9.744, 9.614, 9.424, 9.17, 9.129, 10.201, 10.499, 9.311, 7.98, 7.551, 7.677, 8.26, 9.2, 8.86, 8.446, 8.506, 8.449, 8.382, 7.38, 6.14, 5.51, 3.23, 0.98, 0, 0.89, 1.0, 1.1, 1.05, 1.3, 2.02, 1.8, 1.89, 2.31, 2.59, 3.259, 3.958, 4.338, 4.57, 4.54, 4.666, 4.449, 3.36, 4.174, 6.173, 7.372, 5.908, 4.689, 5.258, 5.848, 5.985, 5.961, 6.589, 8.048, 10.126, 13.171, 16.444, 16.983, 14.394, 14.305, 14.362, 12.883, 12.813, 13.468, 12.668, 12.46, 12.27, 10.36, 7.05, 5.69, 5.59, 4.97, 4.95, 5.82, 5.78, 5.51, 5.33, 5.44, 4.93, 4.41, 5.16, 5.26, 4.76, 4.54], [10.956, 10.503, 10.061, 10.071, 9.941, 9.751, 9.497, 9.456, 10.528, 10.838, 9.638, 8.295, 7.861, 8.007, 8.587, 9.51, 9.17, 8.773, 8.85, 8.776, 8.709, 7.711, 6.41, 5.833, 3.5, 1.27, 0.89, 0, 0.65, 0.85, 1.06, 1.41, 2.25, 2.01, 2.0, 2.44, 2.9, 3.59, 4.3, 4.68, 4.9, 4.87, 4.996, 4.78, 3.69, 4.49, 6.503, 7.714, 6.238, 5.02, 5.579, 6.19, 6.33, 6.3, 6.916, 8.358, 10.453, 13.498, 16.771, 17.31, 14.721, 14.632, 14.689, 13.21, 13.14, 13.795, 12.995, 12.79, 12.6, 10.69, 7.34, 5.94, 5.82, 5.24, 5.22, 6.09, 6.05, 5.76, 5.52, 5.65, 5.2, 4.64, 5.33, 5.43, 4.89, 4.65], [10.626, 10.173, 9.731, 9.741, 9.611, 9.421, 9.176, 9.126, 10.198, 10.528, 9.32, 7.98, 7.56, 7.68, 8.26, 9.2, 8.84, 8.443, 8.503, 8.446, 8.379, 7.401, 6.08, 5.51, 3.17, 1.38, 1.0, 0.65, 0, 0.72, 0.91, 1.34, 2.12, 1.88, 1.85, 2.29, 2.65, 3.28, 3.99, 4.37, 4.63, 4.58, 4.67, 4.47, 3.36, 4.16, 6.193, 7.404, 5.928, 4.71, 5.25, 5.88, 6.02, 5.99, 6.61, 8.045, 10.123, 13.168, 16.441, 16.98, 14.391, 14.302, 14.359, 12.88, 12.81, 13.465, 12.665, 12.46, 12.27, 10.38, 6.99, 5.61, 5.51, 4.91, 4.89, 5.76, 5.72, 5.49, 5.33, 5.42, 4.89, 4.35, 5.14, 5.24, 4.74, 4.5], [10.311, 9.859, 9.437, 9.447, 9.317, 9.127, 8.879, 8.829, 9.901, 10.251, 9.06, 7.72, 7.3, 7.44, 8.04, 8.98, 8.64, 8.18, 8.26, 8.149, 8.102, 7.123, 5.86, 5.29, 2.93, 1.32, 1.1, 0.85, 0.72, 0, 0.83, 0.98, 1.66, 1.44, 1.47, 1.81, 2.27, 3.0, 3.71, 4.09, 4.33, 4.3, 4.37, 4.19, 3.14, 3.88, 5.896, 7.107, 5.651, 4.47, 5.03, 5.66, 5.8, 5.77, 6.37, 7.788, 9.829, 12.854, 16.127, 16.666, 14.077, 13.988, 14.065, 12.586, 12.516, 13.171, 12.368, 12.16, 11.97, 10.1, 6.79, 5.41, 5.31, 4.71, 4.71, 5.58, 5.52, 5.19, 4.95, 5.14, 4.69, 4.11, 4.8, 4.86, 4.34, 4.16], [10.567, 10.115, 9.693, 9.712, 9.59, 9.4, 9.134, 9.084, 10.177, 10.527, 9.367, 8.07, 7.67, 7.83, 8.41, 9.35, 9.01, 8.55, 8.63, 8.484, 8.397, 7.479, 6.23, 5.68, 3.28, 1.37, 1.05, 1.06, 0.91, 0.83, 0, 0.79, 1.57, 1.47, 1.44, 1.96, 2.56, 3.29, 4.0, 4.36, 4.62, 4.61, 4.66, 4.54, 3.45, 4.23, 6.192, 7.423, 5.97, 4.84, 5.4, 6.05, 6.19, 6.16, 6.72, 8.064, 10.087, 13.11, 16.383, 16.921, 14.333, 14.244, 14.321, 12.865, 12.792, 13.427, 12.644, 12.47, 12.26, 10.41, 7.2, 5.8, 5.68, 5.14, 5.12, 6.01, 5.95, 5.58, 5.32, 5.51, 5.12, 4.5, 5.13, 5.15, 4.59, 4.39], [10.112, 9.668, 9.249, 9.262, 9.123, 8.933, 8.667, 8.617, 9.73, 10.08, 8.92, 7.64, 7.26, 7.4, 7.98, 8.92, 8.58, 8.12, 8.194, 8.049, 7.956, 7.05, 5.88, 5.25, 2.87, 1.46, 1.3, 1.41, 1.34, 0.98, 0.79, 0, 1.4, 1.4, 1.31, 1.57, 2.11, 2.92, 3.59, 3.91, 4.19, 4.18, 4.23, 4.11, 3.1, 3.8, 5.745, 6.976, 5.54, 4.43, 4.97, 5.62, 5.76, 5.73, 6.29, 7.617, 9.641, 12.643, 15.916, 16.454, 13.866, 13.777, 13.874, 12.418, 12.345, 12.98, 12.197, 12.02, 11.83, 9.98, 6.91, 5.51, 5.41, 4.81, 4.81, 5.66, 5.62, 5.27, 5.03, 5.24, 4.79, 4.21, 4.84, 4.9, 4.38, 4.22], [9.289, 8.908, 8.441, 8.488, 8.294, 8.116, 7.897, 7.854, 8.907, 9.237, 8.06, 6.82, 6.42, 6.54, 7.12, 8.06, 7.72, 7.3, 7.377, 7.254, 7.193, 6.25, 5.08, 4.45, 2.23, 1.9, 2.02, 2.25, 2.12, 1.66, 1.57, 1.4, 0, 0.68, 0.81, 0.79, 1.35, 2.06, 2.71, 3.05, 3.33, 3.32, 3.39, 3.29, 2.54, 2.98, 4.942, 6.133, 4.68, 3.63, 4.13, 4.78, 4.92, 4.87, 5.47, 6.792, 8.858, 11.849, 15.096, 15.643, 13.054, 12.957, 13.014, 11.575, 11.505, 12.12, 11.354, 11.18, 10.99, 9.14, 6.07, 4.67, 4.55, 4.01, 3.99, 4.88, 4.82, 4.45, 4.19, 4.4, 4.01, 3.41, 3.96, 3.86, 3.42, 3.42], [9.706, 9.317, 8.875, 8.884, 8.66, 8.473, 8.308, 8.272, 9.244, 9.554, 8.394, 7.04, 6.72, 6.88, 7.46, 8.38, 8.04, 7.66, 7.74, 7.66, 7.59, 6.526, 5.26, 4.65, 2.59, 1.68, 1.8, 2.01, 1.88, 1.44, 1.47, 1.4, 0.68, 0, 0.81, 1.01, 1.77, 2.3, 2.989, 3.37, 3.59, 3.58, 3.67, 3.57, 2.72, 3.3, 5.26, 6.45, 4.98, 3.83, 4.35, 5.02, 5.16, 5.13, 5.71, 7.069, 9.275, 12.266, 15.478, 16.04, 13.42, 13.303, 13.363, 11.893, 11.808, 12.48, 11.686, 11.58, 11.35, 9.42, 6.25, 4.85, 4.73, 4.19, 4.17, 5.06, 5.02, 4.61, 4.33, 4.56, 4.17, 3.55, 4.14, 4.02, 3.48, 3.5], [9.796, 9.407, 8.954, 8.949, 8.748, 8.543, 8.378, 8.356, 9.314, 9.624, 8.47, 7.13, 6.79, 6.97, 7.55, 8.49, 8.15, 7.75, 7.83, 7.722, 7.66, 6.5, 5.31, 4.66, 2.48, 1.71, 1.89, 2.0, 1.85, 1.47, 1.44, 1.31, 0.81, 0.81, 0, 0.92, 1.76, 2.35, 2.98, 3.36, 3.62, 3.59, 3.74, 3.58, 2.57, 3.35, 5.23, 6.4, 4.97, 3.82, 4.38, 5.01, 5.15, 5.12, 5.7, 7.179, 9.38, 12.356, 15.568, 16.13, 13.51, 13.393, 13.453, 11.923, 11.898, 12.57, 11.776, 11.67, 11.44, 9.51, 6.28, 4.88, 4.76, 4.22, 4.2, 5.09, 5.03, 4.64, 4.34, 4.59, 4.2, 3.6, 4.17, 4.11, 3.55, 3.39], [8.945, 8.567, 8.148, 8.158, 7.936, 7.746, 7.535, 7.502, 8.534, 8.844, 7.69, 6.41, 6.05, 6.21, 6.77, 7.69, 7.35, 6.97, 7.03, 6.91, 6.84, 5.856, 4.71, 4.04, 1.82, 2.07, 2.31, 2.44, 2.29, 1.81, 1.96, 1.57, 0.79, 1.01, 0.92, 0, 0.98, 1.77, 2.36, 2.68, 2.92, 2.91, 2.98, 2.86, 2.07, 2.59, 4.569, 5.76, 4.31, 3.2, 3.72, 4.37, 4.51, 4.48, 5.04, 6.41, 8.566, 11.516, 14.708, 15.27, 12.67, 12.567, 12.63, 11.202, 11.112, 11.727, 10.996, 10.83, 10.62, 8.71, 5.7, 4.32, 4.2, 3.64, 3.62, 4.51, 4.45, 4.08, 3.8, 4.03, 3.62, 3.04, 3.63, 3.63, 3.15, 3.09], [8.134, 7.75, 7.288, 7.318, 7.165, 6.952, 6.715, 6.622, 7.734, 8.024, 6.85, 5.65, 5.31, 5.43, 5.99, 6.85, 6.51, 6.13, 6.15, 6.07, 6.02, 5.04, 3.99, 3.28, 1.16, 2.03, 2.59, 2.9, 2.65, 2.27, 2.56, 2.11, 1.35, 1.77, 1.76, 0.98, 0, 1.11, 1.62, 1.88, 2.12, 2.11, 2.18, 2.12, 1.43, 1.83, 3.729, 4.94, 3.49, 2.46, 2.92, 3.57, 3.71, 3.68, 4.26, 5.581, 7.788, 10.682, 13.917, 14.441, 11.858, 11.761, 11.838, 10.399, 10.329, 10.944, 10.161, 9.95, 9.78, 7.93, 5.02, 3.68, 3.58, 2.98, 2.94, 3.77, 3.75, 3.5, 3.42, 3.43, 3.0, 2.64, 3.47, 3.77, 3.43, 3.35], [7.623, 7.339, 6.806, 6.839, 6.523, 6.336, 6.256, 6.134, 7.039, 7.323, 6.16, 4.88, 4.62, 4.86, 5.44, 6.32, 6.02, 5.68, 5.68, 5.58, 5.55, 4.29, 3.38, 2.73, 1.27, 2.42, 3.259, 3.59, 3.28, 3.0, 3.29, 2.92, 2.06, 2.3, 2.35, 1.77, 1.11, 0, 0.87, 1.23, 1.63, 1.82, 1.71, 1.49, 1.36, 1.38, 3.06, 4.24, 2.78, 2.01, 2.25, 2.82, 2.98, 3.13, 3.51, 4.954, 7.275, 10.174, 13.348, 13.917, 11.289, 11.125, 11.186, 9.733, 9.631, 10.32, 9.529, 9.44, 9.23, 7.4, 4.45, 3.21, 3.11, 2.71, 2.65, 3.18, 3.3, 3.53, 3.47, 3.46, 2.77, 2.67, 3.68, 4.0, 3.64, 3.7], [7.133, 6.869, 6.336, 6.389, 6.033, 5.866, 5.786, 5.667, 6.494, 6.753, 5.57, 4.39, 4.17, 4.41, 4.99, 5.87, 5.57, 5.23, 5.23, 5.13, 5.1, 3.68, 2.93, 2.26, 1.72, 3.13, 3.958, 4.3, 3.99, 3.71, 4.0, 3.59, 2.71, 2.989, 2.98, 2.36, 1.62, 0.87, 0, 0.78, 1.14, 1.43, 1.22, 1.22, 1.43, 1.35, 2.49, 3.61, 2.13, 1.58, 1.82, 2.31, 2.45, 2.58, 2.88, 4.47, 6.805, 9.687, 12.798, 13.407, 10.799, 10.561, 10.636, 9.112, 9.019, 9.739, 9.004, 8.97, 8.8, 7.01, 4.0, 2.82, 2.86, 2.52, 2.42, 2.81, 2.95, 3.2, 3.3, 3.11, 2.52, 2.56, 3.47, 3.95, 3.67, 3.71], [6.587, 6.292, 5.745, 5.818, 5.505, 5.312, 5.232, 5.147, 6.06, 6.356, 5.17, 3.95, 3.67, 3.87, 4.45, 5.33, 5.01, 4.67, 4.67, 4.55, 4.54, 3.32, 2.51, 1.96, 1.82, 3.55, 4.338, 4.68, 4.37, 4.09, 4.36, 3.91, 3.05, 3.37, 3.36, 2.68, 1.88, 1.23, 0.78, 0, 0.8, 0.97, 0.82, 1.12, 1.65, 1.35, 2.15, 3.19, 1.77, 1.4, 1.58, 1.91, 2.17, 2.28, 2.6, 3.947, 6.268, 9.167, 12.303, 12.89, 10.256, 10.098, 10.178, 8.646, 8.624, 9.293, 8.502, 8.43, 8.24, 6.53, 3.54, 2.6, 2.74, 2.38, 2.32, 2.65, 2.77, 3.0, 3.16, 2.95, 2.32, 2.82, 3.41, 3.75, 3.51, 3.61], [6.508, 6.264, 5.82, 5.841, 5.448, 5.255, 5.253, 5.048, 5.877, 6.156, 4.996, 3.77, 3.63, 3.91, 4.39, 5.19, 4.91, 4.67, 4.59, 4.55, 4.48, 3.06, 2.19, 1.78, 2.12, 3.87, 4.57, 4.9, 4.63, 4.33, 4.62, 4.19, 3.33, 3.59, 3.62, 2.92, 2.12, 1.63, 1.14, 0.8, 0, 0.83, 1.02, 1.34, 2.11, 1.59, 2.31, 3.01, 1.63, 1.34, 1.34, 1.59, 1.85, 1.94, 2.32, 3.83, 6.297, 9.203, 12.203, 12.784, 10.167, 9.996, 10.036, 8.506, 8.43, 9.173, 8.367, 8.356, 8.16, 6.21, 3.14, 2.24, 2.34, 1.96, 2.0, 2.29, 2.29, 2.48, 2.66, 2.53, 2.08, 2.66, 3.03, 3.31, 3.09, 3.27], [6.558, 6.411, 5.921, 5.968, 5.521, 5.328, 5.32, 4.935, 5.799, 6.114, 4.92, 3.9, 3.72, 4.0, 4.48, 5.16, 5.0, 4.78, 4.74, 4.64, 4.45, 3.09, 2.16, 1.63, 2.11, 3.86, 4.54, 4.87, 4.58, 4.3, 4.61, 4.18, 3.32, 3.58, 3.59, 2.91, 2.11, 1.82, 1.43, 0.97, 0.83, 0, 0.89, 1.45, 2.16, 1.74, 2.1, 2.98, 1.78, 1.43, 1.37, 1.6, 1.94, 2.03, 2.37, 3.706, 6.418, 9.17, 12.179, 12.669, 10.066, 9.897, 9.946, 8.41, 8.391, 9.08, 8.289, 8.3, 8.13, 6.0, 2.99, 1.99, 2.15, 1.81, 1.71, 2.12, 2.16, 2.23, 2.418, 2.36, 1.97, 2.47, 2.7, 2.96, 2.76, 2.84], [6.217, 6.036, 5.548, 5.595, 5.222, 5.032, 4.94, 4.71, 5.66, 5.97, 4.79, 3.69, 3.49, 3.65, 4.19, 4.87, 4.69, 4.37, 4.35, 4.23, 4.1, 3.08, 2.27, 1.74, 1.96, 3.89, 4.666, 4.996, 4.67, 4.37, 4.66, 4.23, 3.39, 3.67, 3.74, 2.98, 2.18, 1.71, 1.22, 0.82, 1.02, 0.89, 0, 1.18, 1.85, 1.41, 1.97, 2.79, 1.67, 1.62, 1.62, 1.75, 2.05, 2.24, 2.34, 3.47, 6.065, 8.75, 11.929, 12.424, 9.837, 9.687, 9.747, 8.277, 8.192, 8.864, 8.09, 8.01, 7.88, 6.23, 3.28, 2.54, 2.68, 2.4, 2.32, 2.67, 2.71, 2.931, 3.108, 2.95, 2.471, 2.813, 3.358, 3.65, 3.37, 3.47], [6.393, 6.166, 5.625, 5.675, 5.319, 5.166, 5.066, 4.97, 5.86, 6.15, 4.91, 3.75, 3.53, 3.61, 4.21, 5.01, 4.77, 4.43, 4.41, 4.33, 4.28, 3.36, 2.57, 2.12, 1.84, 3.59, 4.449, 4.78, 4.47, 4.19, 4.54, 4.11, 3.29, 3.57, 3.58, 2.86, 2.12, 1.49, 1.22, 1.12, 1.34, 1.45, 1.18, 0, 1.27, 0.71, 1.81, 2.974, 1.73, 1.42, 1.56, 2.01, 2.21, 2.42, 2.52, 3.71, 6.145, 8.95, 12.1, 12.644, 10.062, 9.884, 9.95, 8.477, 8.387, 9.073, 8.25, 8.23, 8.12, 6.57, 3.7, 2.6, 2.72, 2.4, 2.26, 2.63, 2.807, 3.072, 3.152, 3.062, 2.56, 2.88, 3.464, 3.65, 3.39, 3.37], [7.412, 7.125, 6.638, 6.688, 6.395, 6.202, 6.025, 5.952, 6.924, 7.22, 6.0, 4.8, 4.56, 4.64, 5.2, 5.98, 5.72, 5.4, 5.36, 5.352, 5.202, 4.35, 3.54, 2.99, 1.63, 2.52, 3.36, 3.69, 3.36, 3.14, 3.45, 3.1, 2.54, 2.72, 2.57, 2.07, 1.43, 1.36, 1.43, 1.65, 2.11, 2.16, 1.85, 1.27, 0, 1.1, 2.86, 4.05, 2.76, 2.05, 2.49, 2.98, 3.12, 3.25, 3.53, 4.729, 7.138, 9.972, 13.173, 13.694, 11.106, 10.957, 11.017, 9.547, 9.462, 10.134, 9.326, 9.2, 8.99, 7.5, 4.63, 3.41, 3.43, 2.97, 2.81, 3.44, 3.66, 3.73, 3.63, 3.64, 3.05, 2.83, 3.78, 4.1, 3.64, 3.42], [6.6, 6.39, 5.88, 5.95, 5.58, 5.39, 5.29, 5.22, 6.17, 6.44, 5.2, 4.14, 3.9, 3.96, 4.58, 5.24, 5.02, 4.66, 4.64, 4.54, 4.49, 3.67, 2.98, 2.41, 1.77, 3.317, 4.174, 4.49, 4.16, 3.88, 4.23, 3.8, 2.98, 3.3, 3.35, 2.59, 1.83, 1.38, 1.35, 1.35, 1.59, 1.74, 1.41, 0.71, 1.1, 0, 2.06, 3.3, 2.06, 1.71, 1.95, 2.42, 2.58, 2.79, 2.91, 4.02, 6.42, 9.14, 12.347, 12.868, 10.289, 10.151, 10.228, 8.764, 8.685, 9.328, 8.537, 8.48, 8.39, 6.92, 4.09, 2.97, 3.01, 2.59, 2.51, 2.957, 3.18, 3.385, 3.345, 3.335, 2.725, 3.01, 3.58, 3.8, 3.5, 3.48], [5.195, 5.09, 4.56, 4.61, 4.22, 4.03, 4.01, 3.78, 4.63, 4.72, 3.46, 2.94, 2.8, 2.92, 3.48, 4.04, 3.76, 3.46, 3.42, 3.3, 3.11, 2.45, 2.34, 1.69, 3.11, 5.299, 6.173, 6.503, 6.193, 5.896, 6.192, 5.745, 4.942, 5.26, 5.23, 4.569, 3.729, 3.06, 2.49, 2.15, 2.31, 2.1, 1.97, 1.81, 2.86, 2.06, 0, 1.56, 1.44, 2.09, 1.99, 2.06, 2.26, 2.51, 2.35, 2.56, 5.06, 7.78, 10.716, 11.132, 8.643, 8.272, 8.369, 6.89, 6.852, 7.5, 6.9, 7.26, 7.33, 5.7, 2.97, 2.67, 2.921, 2.801, 2.698, 2.72, 2.8, 3.313, 3.735, 3.493, 3.255, 3.82, 4.082, 4.245, 4.34, 4.46], [4.3, 4.27, 3.78, 3.79, 3.38, 3.19, 3.17, 2.92, 3.59, 3.78, 2.56, 2.14, 2.22, 2.34, 2.76, 3.24, 2.96, 2.66, 2.56, 2.48, 2.37, 1.95, 2.44, 2.15, 4.28, 6.51, 7.372, 7.714, 7.404, 7.107, 7.423, 6.976, 6.133, 6.45, 6.4, 5.76, 4.94, 4.24, 3.61, 3.19, 3.01, 2.98, 2.79, 2.974, 4.05, 3.3, 1.56, 0, 1.7, 2.89, 2.55, 2.28, 2.52, 2.69, 2.49, 1.94, 4.18, 6.98, 9.765, 10.16, 7.663, 7.36, 7.383, 5.904, 5.832, 6.537, 5.92, 6.48, 6.53, 5.02, 2.69, 3.31, 3.498, 3.535, 3.463, 3.162, 3.408, 4.026, 4.466, 4.213, 3.997, 4.72, 4.702, 4.862, 5.007, 5.219], [5.372, 5.168, 4.678, 4.725, 4.312, 4.13, 4.11, 3.88, 4.69, 4.94, 3.74, 2.62, 2.46, 2.78, 3.26, 4.02, 3.8, 3.5, 3.48, 3.36, 3.27, 2.01, 1.74, 1.39, 2.83, 5.033, 5.908, 6.238, 5.928, 5.651, 5.97, 5.54, 4.68, 4.98, 4.97, 4.31, 3.49, 2.78, 2.13, 1.77, 1.63, 1.78, 1.67, 1.73, 2.76, 2.06, 1.44, 1.7, 0, 1.65, 1.69, 1.58, 1.94, 2.07, 2.09, 2.66, 5.195, 7.96, 11.01, 11.629, 9.012, 8.786, 8.843, 7.299, 7.186, 7.946, 7.2, 7.2, 7.05, 5.44, 2.53, 2.63, 2.621, 2.515, 2.55, 2.568, 2.834, 3.158, 3.438, 3.196, 3.078, 3.631, 3.874, 4.231, 4.16, 4.34], [6.442, 6.115, 5.65, 5.655, 5.362, 5.154, 5.075, 4.962, 5.806, 6.11, 4.91, 3.57, 3.33, 3.65, 4.09, 5.01, 4.67, 4.41, 4.45, 4.35, 4.38, 2.96, 1.95, 1.68, 2.5, 3.85, 4.689, 5.02, 4.71, 4.47, 4.84, 4.43, 3.63, 3.83, 3.82, 3.2, 2.46, 2.01, 1.58, 1.4, 1.34, 1.43, 1.62, 1.42, 2.05, 1.71, 2.09, 2.89, 1.65, 0, 0.84, 1.37, 1.55, 1.56, 2.16, 3.782, 6.15, 9.05, 12.157, 12.744, 10.11, 9.953, 9.993, 8.466, 8.387, 9.13, 8.336, 8.25, 8.04, 6.19, 3.06, 1.9, 1.94, 1.68, 1.62, 1.81, 2.09, 2.44, 2.76, 2.567, 2.52, 2.88, 2.875, 3.078, 3.009, 3.229], [5.93, 5.76, 5.31, 5.28, 4.87, 4.68, 4.62, 4.43, 5.22, 5.527, 4.33, 3.29, 3.15, 3.51, 3.85, 4.45, 4.23, 4.17, 4.13, 4.03, 4.12, 2.44, 1.63, 1.38, 2.58, 4.401, 5.258, 5.579, 5.25, 5.03, 5.4, 4.97, 4.13, 4.35, 4.38, 3.72, 2.92, 2.25, 1.82, 1.58, 1.34, 1.37, 1.62, 1.56, 2.49, 1.95, 1.99, 2.55, 1.69, 0.84, 0, 0.81, 0.99, 1.12, 1.7, 3.29, 5.79, 8.55, 11.574, 12.161, 9.553, 9.35, 9.396, 7.874, 7.79, 8.53, 7.739, 7.71, 7.5, 5.57, 2.74, 2.06, 2.12, 1.9, 1.84, 1.61, 1.99, 2.568, 2.968, 2.722, 2.627, 3.064, 3.052, 3.11, 3.25, 3.391], [5.34, 5.23, 4.78, 4.73, 4.32, 4.27, 4.25, 3.86, 4.57, 4.857, 3.66, 2.84, 2.76, 3.12, 3.34, 3.84, 3.7, 3.8, 3.74, 3.64, 3.69, 1.93, 1.34, 1.33, 3.03, 5.02, 5.848, 6.19, 5.88, 5.66, 6.05, 5.62, 4.78, 5.02, 5.01, 4.37, 3.57, 2.82, 2.31, 1.91, 1.59, 1.6, 1.75, 2.01, 2.98, 2.42, 2.06, 2.28, 1.58, 1.37, 0.81, 0, 0.58, 0.79, 1.25, 2.72, 5.34, 8.04, 10.947, 11.526, 8.914, 8.717, 8.76, 7.236, 7.151, 7.894, 7.097, 7.12, 6.91, 4.96, 2.19, 1.95, 2.09, 2.091, 2.165, 1.64, 1.854, 2.577, 3.117, 2.864, 2.851, 3.525, 3.318, 3.319, 3.471, 3.62], [5.14, 5.05, 4.72, 4.57, 4.12, 4.09, 4.11, 3.76, 4.45, 4.717, 3.58, 2.76, 2.78, 3.14, 3.26, 3.68, 3.5, 3.8, 3.7, 3.62, 3.73, 2.05, 1.38, 1.59, 3.17, 5.18, 5.985, 6.33, 6.02, 5.8, 6.19, 5.76, 4.92, 5.16, 5.15, 4.51, 3.71, 2.98, 2.45, 2.17, 1.85, 1.94, 2.05, 2.21, 3.12, 2.58, 2.26, 2.52, 1.94, 1.55, 0.99, 0.58, 0, 0.57, 1.21, 2.76, 5.22, 7.98, 10.784, 11.406, 8.789, 8.583, 8.62, 7.096, 7.023, 7.763, 6.969, 6.96, 6.75, 4.84, 2.21, 1.97, 2.168, 2.165, 2.263, 1.673, 1.83, 2.637, 3.197, 3.004, 2.991, 3.723, 3.478, 3.415, 3.631, 3.8], [5.25, 5.2, 4.89, 4.64, 4.27, 4.28, 4.28, 3.87, 4.5, 4.747, 3.55, 2.97, 2.89, 3.21, 3.33, 3.77, 3.69, 3.89, 3.83, 3.73, 3.86, 2.14, 1.51, 1.78, 3.38, 5.21, 5.961, 6.3, 5.99, 5.77, 6.16, 5.73, 4.87, 5.13, 5.12, 4.48, 3.68, 3.13, 2.58, 2.28, 1.94, 2.03, 2.24, 2.42, 3.25, 2.79, 2.51, 2.69, 2.07, 1.56, 1.12, 0.79, 0.57, 0, 1.22, 2.81, 5.33, 8.13, 10.84, 11.456, 8.839, 8.613, 8.67, 7.126, 7.053, 7.793, 7.019, 7.01, 6.8, 4.85, 2.26, 2.02, 2.12, 2.155, 2.253, 1.67, 1.89, 2.644, 3.124, 2.914, 2.96, 3.713, 3.405, 3.32, 3.549, 3.715], [4.73, 4.7, 4.43, 4.28, 3.81, 3.54, 3.56, 3.13, 3.84, 4.07, 2.89, 2.59, 2.31, 2.63, 2.81, 3.23, 3.15, 3.25, 3.21, 3.11, 3.18, 1.6, 1.39, 1.88, 3.72, 5.75, 6.589, 6.916, 6.61, 6.37, 6.72, 6.29, 5.47, 5.71, 5.7, 5.04, 4.26, 3.51, 2.88, 2.6, 2.32, 2.37, 2.34, 2.52, 3.53, 2.91, 2.35, 2.49, 2.09, 2.16, 1.7, 1.25, 1.21, 1.22, 0, 2.13, 4.63, 7.45, 10.22, 10.776, 8.19, 7.913, 7.976, 6.449, 6.339, 7.09, 6.367, 6.41, 6.24, 4.37, 2.12, 2.64, 2.59, 2.75, 2.67, 2.266, 2.423, 3.233, 3.793, 3.543, 3.444, 4.115, 3.98, 3.897, 4.214, 4.334], [2.98, 2.87, 2.58, 2.45, 2.0, 1.89, 1.89, 1.54, 2.45, 2.68, 1.64, 1.42, 1.22, 1.28, 1.42, 1.78, 1.66, 1.58, 1.52, 1.38, 1.45, 1.29, 2.36, 2.93, 4.919, 7.171, 8.048, 8.358, 8.045, 7.788, 8.064, 7.617, 6.792, 7.069, 7.179, 6.41, 5.581, 4.954, 4.47, 3.947, 3.83, 3.706, 3.47, 3.71, 4.729, 4.02, 2.56, 1.94, 2.66, 3.782, 3.29, 2.72, 2.76, 2.81, 2.13, 0, 2.92, 5.76, 8.57, 9.02, 6.44, 6.3, 6.36, 4.87, 4.8, 5.48, 4.72, 4.92, 5.05, 3.62, 2.474, 4.117, 4.22, 4.434, 4.414, 3.862, 3.962, 4.823, 5.4, 5.167, 5.091, 5.84, 5.63, 5.39, 5.624, 5.764], [1.36, 1.21, 1.3, 1.19, 1.36, 1.33, 1.65, 2.38, 2.93, 2.86, 2.48, 2.82, 2.92, 2.66, 2.12, 2.26, 1.98, 1.84, 1.84, 1.88, 2.11, 3.83, 4.88, 5.645, 7.228, 9.249, 10.126, 10.453, 10.123, 9.829, 10.087, 9.641, 8.858, 9.275, 9.38, 8.566, 7.788, 7.275, 6.805, 6.268, 6.297, 6.418, 6.065, 6.145, 7.138, 6.42, 5.06, 4.18, 5.195, 6.15, 5.79, 5.34, 5.22, 5.33, 4.63, 2.92, 0, 3.28, 6.35, 6.88, 4.3, 4.26, 4.42, 3.43, 3.64, 3.88, 4.08, 4.76, 4.79, 3.8, 5.334, 6.977, 7.014, 7.174, 7.194, 6.616, 6.793, 7.7, 8.28, 8.03, 7.934, 8.703, 8.467, 8.224, 8.481, 8.604], [3.02, 3.25, 3.64, 3.83, 4.04, 4.07, 4.11, 4.54, 4.47, 4.96, 5.1, 5.74, 5.9, 5.64, 5.22, 4.64, 4.64, 4.8, 4.82, 4.84, 5.05, 6.65, 7.64, 8.33, 10.128, 12.294, 13.171, 13.498, 13.168, 12.854, 13.11, 12.643, 11.849, 12.266, 12.356, 11.516, 10.682, 10.174, 9.687, 9.167, 9.203, 9.17, 8.75, 8.95, 9.972, 9.14, 7.78, 6.98, 7.96, 9.05, 8.55, 8.04, 7.98, 8.13, 7.45, 5.76, 3.28, 0, 3.31, 3.82, 1.38, 1.8, 2.56, 3.39, 3.48, 3.26, 3.46, 4.36, 4.49, 4.758, 8.065, 9.788, 9.911, 10.011, 9.968, 9.304, 9.564, 10.514, 11.094, 10.904, 10.834, 11.488, 11.341, 11.091, 11.308, 11.368], [5.83, 6.3, 6.73, 6.72, 6.85, 7.04, 7.3, 7.43, 6.62, 6.85, 7.57, 8.627, 8.953, 8.787, 8.207, 7.307, 7.641, 8.03, 7.97, 8.021, 8.1, 9.44, 10.707, 11.363, 13.323, 15.567, 16.444, 16.771, 16.441, 16.127, 16.383, 15.916, 15.096, 15.478, 15.568, 14.708, 13.917, 13.348, 12.798, 12.303, 12.203, 12.179, 11.929, 12.1, 13.173, 12.347, 10.716, 9.765, 11.01, 12.157, 11.574, 10.947, 10.784, 10.84, 10.22, 8.57, 6.35, 3.31, 0, 1.05, 2.27, 2.79, 3.31, 4.74, 4.67, 4.11, 4.61, 5.09, 4.94, 6.869, 10.622, 12.225, 12.405, 12.807, 12.824, 11.937, 12.112, 12.87, 13.43, 13.24, 13.39, 14.274, 13.987, 13.65, 13.985, 14.047], [6.36, 6.83, 7.26, 7.25, 7.42, 7.61, 7.83, 7.857, 6.99, 7.06, 7.957, 9.209, 9.549, 9.329, 8.746, 7.823, 8.18, 8.56, 8.5, 8.554, 8.624, 10.016, 11.286, 11.899, 13.879, 16.106, 16.983, 17.31, 16.98, 16.666, 16.921, 16.454, 15.643, 16.04, 16.13, 15.27, 14.441, 13.917, 13.407, 12.89, 12.784, 12.669, 12.424, 12.644, 13.694, 12.868, 11.132, 10.16, 11.629, 12.744, 12.161, 11.526, 11.406, 11.456, 10.776, 9.02, 6.88, 3.82, 1.05, 0, 2.68, 2.96, 3.54, 5.09, 4.98, 4.64, 5.18, 5.7, 5.585, 7.001, 10.743, 12.597, 12.825, 13.268, 13.288, 12.33, 12.455, 13.18, 13.578, 13.35, 13.665, 14.574, 14.163, 13.917, 14.399, 14.513], [3.78, 4.25, 4.68, 4.67, 4.78, 4.97, 5.25, 5.34, 4.47, 4.84, 5.44, 6.572, 6.912, 6.752, 6.172, 5.24, 5.597, 5.98, 5.92, 5.98, 6.05, 7.404, 8.674, 9.313, 11.276, 13.517, 14.394, 14.721, 14.391, 14.077, 14.333, 13.866, 13.054, 13.42, 13.51, 12.67, 11.858, 11.289, 10.799, 10.256, 10.167, 10.066, 9.837, 10.062, 11.106, 10.289, 8.643, 7.663, 9.012, 10.11, 9.553, 8.914, 8.789, 8.839, 8.19, 6.44, 4.3, 1.38, 2.27, 2.68, 0, 1.04, 1.92, 3.07, 3.08, 2.78, 3.1, 3.88, 4.09, 4.738, 8.432, 10.115, 10.255, 10.748, 10.765, 9.878, 10.027, 10.763, 11.26, 11.075, 11.254, 12.155, 11.852, 11.537, 11.843, 11.971], [3.74, 4.17, 4.6, 4.59, 4.7, 4.89, 5.17, 5.208, 4.21, 4.26, 5.1, 6.42, 6.78, 6.651, 6.071, 5.148, 5.496, 5.9, 5.84, 5.885, 5.955, 7.173, 8.463, 9.056, 11.178, 13.428, 14.305, 14.632, 14.302, 13.988, 14.244, 13.777, 12.957, 13.303, 13.393, 12.567, 11.761, 11.125, 10.561, 10.098, 9.996, 9.897, 9.687, 9.884, 10.957, 10.151, 8.272, 7.36, 8.786, 9.953, 9.35, 8.717, 8.583, 8.613, 7.913, 6.3, 4.26, 1.8, 2.79, 2.96, 1.04, 0, 1.32, 2.43, 2.34, 2.12, 2.74, 3.6, 3.75, 4.218, 8.0, 9.743, 9.986, 10.411, 10.431, 9.472, 9.575, 10.297, 10.735, 10.505, 10.797, 11.706, 11.343, 11.08, 11.628, 11.719], [3.9, 4.31, 4.7, 4.69, 4.76, 4.97, 5.23, 5.28, 4.21, 3.94, 5.126, 6.46, 6.843, 6.711, 6.131, 5.208, 5.565, 5.96, 5.9, 5.96, 6.015, 7.23, 8.5, 9.113, 11.241, 13.485, 14.362, 14.689, 14.359, 14.065, 14.321, 13.874, 13.014, 13.363, 13.453, 12.63, 11.838, 11.186, 10.636, 10.178, 10.036, 9.946, 9.747, 9.95, 11.017, 10.228, 8.369, 7.383, 8.843, 9.993, 9.396, 8.76, 8.62, 8.67, 7.976, 6.36, 4.42, 2.56, 3.31, 3.54, 1.92, 1.32, 0, 1.81, 1.86, 1.64, 2.18, 2.82, 2.99, 4.104, 7.911, 9.73, 9.959, 10.434, 10.451, 9.495, 9.567, 10.277, 10.637, 10.39, 10.777, 11.7, 11.262, 11.096, 11.598, 11.729], [2.71, 3.16, 3.51, 3.38, 3.33, 3.54, 3.88, 3.85, 2.76, 2.51, 3.71, 4.99, 5.37, 5.229, 4.649, 3.766, 4.15, 4.53, 4.45, 4.49, 4.56, 5.7, 6.976, 7.569, 9.756, 12.006, 12.883, 13.21, 12.88, 12.586, 12.865, 12.418, 11.575, 11.893, 11.923, 11.202, 10.399, 9.733, 9.112, 8.646, 8.506, 8.41, 8.277, 8.477, 9.547, 8.764, 6.89, 5.904, 7.299, 8.466, 7.874, 7.236, 7.096, 7.126, 6.449, 4.87, 3.43, 3.39, 4.74, 5.09, 3.07, 2.43, 1.81, 0, 0.75, 1.15, 1.47, 2.21, 2.48, 2.702, 6.461, 8.244, 8.458, 8.958, 8.975, 8.037, 8.145, 8.855, 9.207, 8.98, 9.352, 10.259, 9.832, 9.646, 10.125, 10.294], [2.66, 3.17, 3.52, 3.31, 3.28, 3.51, 3.75, 3.78, 2.65, 2.46, 3.58, 4.874, 5.288, 5.167, 4.588, 3.685, 4.04, 4.42, 4.36, 4.42, 4.472, 5.59, 6.903, 7.456, 9.683, 11.936, 12.813, 13.14, 12.81, 12.516, 12.792, 12.345, 11.505, 11.808, 11.898, 11.112, 10.329, 9.631, 9.019, 8.624, 8.43, 8.391, 8.192, 8.387, 9.462, 8.685, 6.852, 5.832, 7.186, 8.387, 7.79, 7.151, 7.023, 7.053, 6.339, 4.8, 3.64, 3.48, 4.67, 4.98, 3.08, 2.34, 1.86, 0.75, 0, 0.96, 1.3, 2.04, 2.25, 2.66, 6.377, 8.168, 8.345, 8.823, 8.84, 7.884, 7.992, 8.702, 9.069, 8.836, 9.202, 10.109, 9.674, 9.545, 10.044, 10.215], [3.04, 3.51, 3.9, 3.81, 3.86, 4.07, 4.33, 4.38, 3.39, 3.28, 4.3, 5.597, 5.937, 5.814, 5.234, 4.311, 4.668, 5.06, 5.0, 5.06, 5.118, 6.35, 7.643, 8.216, 10.338, 12.591, 13.468, 13.795, 13.465, 13.171, 13.427, 12.98, 12.12, 12.48, 12.57, 11.727, 10.944, 10.32, 9.739, 9.293, 9.173, 9.08, 8.864, 9.073, 10.134, 9.328, 7.5, 6.537, 7.946, 9.13, 8.53, 7.894, 7.763, 7.793, 7.09, 5.48, 3.88, 3.26, 4.11, 4.64, 2.78, 2.12, 1.64, 1.15, 0.96, 0, 1.42, 1.86, 2.17, 3.427, 7.24, 8.897, 9.166, 9.568, 9.59, 8.632, 8.73, 9.443, 9.909, 9.719, 9.974, 10.872, 10.577, 10.354, 10.802, 10.919], [2.94, 3.41, 3.74, 3.63, 3.5, 3.71, 3.79, 3.66, 2.67, 2.78, 3.86, 4.84, 5.2, 5.023, 4.46, 3.52, 3.9, 4.4, 4.36, 4.44, 4.33, 5.61, 6.857, 7.51, 9.536, 11.791, 12.668, 12.995, 12.665, 12.368, 12.644, 12.197, 11.354, 11.686, 11.776, 10.996, 10.161, 9.529, 9.004, 8.502, 8.367, 8.289, 8.09, 8.25, 9.326, 8.537, 6.9, 5.92, 7.2, 8.336, 7.739, 7.097, 6.969, 7.019, 6.367, 4.72, 4.08, 3.46, 4.61, 5.18, 3.1, 2.74, 2.18, 1.47, 1.3, 1.42, 0, 1.3, 1.71, 2.86, 6.571, 8.271, 8.434, 8.948, 8.968, 8.061, 8.227, 8.937, 9.337, 9.15, 9.451, 10.36, 10.002, 9.699, 10.034, 10.167], [3.58, 3.93, 4.28, 4.13, 4.06, 4.25, 4.23, 3.94, 3.13, 3.28, 4.36, 4.98, 5.14, 4.96, 4.44, 3.66, 4.26, 4.9, 4.86, 4.92, 4.69, 5.61, 6.9, 7.55, 9.39, 11.6, 12.46, 12.79, 12.46, 12.16, 12.47, 12.02, 11.18, 11.58, 11.67, 10.83, 9.95, 9.44, 8.97, 8.43, 8.356, 8.3, 8.01, 8.23, 9.2, 8.48, 7.26, 6.48, 7.2, 8.25, 7.71, 7.12, 6.96, 7.01, 6.41, 4.92, 4.76, 4.36, 5.09, 5.7, 3.88, 3.6, 2.82, 2.21, 2.04, 1.86, 1.3, 0, 0.91, 2.84, 6.545, 8.282, 8.405, 8.965, 8.985, 8.098, 8.238, 8.948, 9.311, 9.124, 9.448, 10.351, 9.976, 9.673, 10.001, 10.135], [3.63, 3.92, 4.23, 4.12, 4.09, 4.3, 4.34, 4.03, 3.28, 3.51, 4.49, 4.95, 5.09, 5.01, 4.41, 3.69, 4.25, 4.93, 4.89, 4.95, 4.74, 5.46, 6.69, 7.36, 9.16, 11.39, 12.27, 12.6, 12.27, 11.97, 12.26, 11.83, 10.99, 11.35, 11.44, 10.62, 9.78, 9.23, 8.8, 8.24, 8.16, 8.13, 7.88, 8.12, 8.99, 8.39, 7.33, 6.53, 7.05, 8.04, 7.5, 6.91, 6.75, 6.8, 6.24, 5.05, 4.79, 4.49, 4.94, 5.585, 4.09, 3.75, 2.99, 2.48, 2.25, 2.17, 1.71, 0.91, 0, 2.75, 6.515, 8.138, 8.321, 8.778, 8.818, 7.931, 8.094, 8.824, 9.264, 9.094, 9.364, 10.25, 9.929, 9.606, 9.863, 10.014], [2.68, 3.17, 3.44, 3.15, 2.84, 3.05, 3.21, 2.72, 1.87, 2.14, 2.78, 3.52, 3.72, 3.76, 3.18, 2.48, 3.08, 3.8, 3.76, 3.84, 3.61, 3.63, 4.54, 5.15, 7.31, 9.48, 10.36, 10.69, 10.38, 10.1, 10.41, 9.98, 9.14, 9.42, 9.51, 8.71, 7.93, 7.4, 7.01, 6.53, 6.21, 6.0, 6.23, 6.57, 7.5, 6.92, 5.7, 5.02, 5.44, 6.19, 5.57, 4.96, 4.84, 4.85, 4.37, 3.62, 3.8, 4.758, 6.869, 7.001, 4.738, 4.218, 4.104, 2.702, 2.66, 3.427, 2.86, 2.84, 2.75, 0, 3.95, 5.77, 5.993, 6.493, 6.513, 5.572, 5.652, 6.362, 6.74, 6.495, 6.862, 7.759, 7.324, 7.081, 7.586, 7.703], [5.197, 5.181, 4.826, 4.69, 4.271, 4.261, 4.281, 3.628, 4.056, 4.131, 3.16, 2.71, 2.67, 3.05, 3.25, 3.648, 3.71, 3.794, 3.694, 3.634, 3.476, 1.88, 1.41, 1.98, 4.28, 6.33, 7.05, 7.34, 6.99, 6.79, 7.2, 6.91, 6.07, 6.25, 6.28, 5.7, 5.02, 4.45, 4.0, 3.54, 3.14, 2.99, 3.28, 3.7, 4.63, 4.09, 2.97, 2.69, 2.53, 3.06, 2.74, 2.19, 2.21, 2.26, 2.12, 2.474, 5.334, 8.065, 10.622, 10.743, 8.432, 8.0, 7.911, 6.461, 6.377, 7.24, 6.571, 6.545, 6.515, 3.95, 0, 2.18, 2.3, 2.78, 2.86, 2.25, 2.25, 2.74, 3.144, 2.894, 3.12, 3.932, 3.589, 3.709, 4.01, 4.27], [6.828, 6.861, 6.437, 6.333, 5.851, 5.924, 5.981, 5.331, 5.767, 5.859, 4.805, 4.234, 4.317, 4.7, 4.897, 5.245, 5.351, 5.457, 5.357, 5.297, 5.116, 3.427, 2.366, 2.14, 3.44, 5.01, 5.69, 5.94, 5.61, 5.41, 5.8, 5.51, 4.67, 4.85, 4.88, 4.32, 3.68, 3.21, 2.82, 2.6, 2.24, 1.99, 2.54, 2.6, 3.41, 2.97, 2.67, 3.31, 2.63, 1.9, 2.06, 1.95, 1.97, 2.02, 2.64, 4.117, 6.977, 9.788, 12.225, 12.597, 10.115, 9.743, 9.73, 8.244, 8.168, 8.897, 8.271, 8.282, 8.138, 5.77, 2.18, 0, 0.82, 1.14, 1.24, 1.19, 1.27, 1.16, 1.56, 1.47, 1.58, 2.26, 2.03, 2.19, 2.27, 2.51], [6.988, 6.981, 6.56, 6.475, 6.008, 5.984, 6.044, 5.454, 5.916, 6.034, 4.988, 4.308, 4.36, 4.703, 4.954, 5.408, 5.471, 5.46, 5.36, 5.32, 5.136, 3.35, 2.331, 2.24, 3.54, 4.91, 5.59, 5.82, 5.51, 5.31, 5.68, 5.41, 4.55, 4.73, 4.76, 4.2, 3.58, 3.11, 2.86, 2.74, 2.34, 2.15, 2.68, 2.72, 3.43, 3.01, 2.921, 3.498, 2.621, 1.94, 2.12, 2.09, 2.168, 2.12, 2.59, 4.22, 7.014, 9.911, 12.405, 12.825, 10.255, 9.986, 9.959, 8.458, 8.345, 9.166, 8.434, 8.405, 8.321, 5.993, 2.3, 0.82, 0, 0.9, 1.04, 1.19, 1.33, 1.34, 1.54, 1.45, 1.56, 2.14, 1.87, 2.21, 2.27, 2.55], [7.237, 7.121, 6.685, 6.635, 6.22, 6.104, 6.164, 5.694, 