[[0, 1.59, 3.24, 3.29, 3.21, 4.7, 5.88, 5.43, 5.45, 5.99, 6.669, 6.61, 6.436, 5.87, 5.71, 5.71, 5.66, 5.15, 4.08, 3.88, 4.57, 5.6, 6.1, 5.88, 5.53, 4.72, 4.9, 5.68, 6.02, 5.8, 5.25, 5.02, 5.19, 5.39, 4.41, 3.25, 2.65, 3.36, 3.68, 2.9, 2.45, 1.77, 1.95, 3.09, 3.52, 2.49, 1.27, 1.97, 2.07, 1.81, 3.1, 3.89, 4.77, 4.48, 3.78, 3.85, 3.4, 3.67, 3.37, 2.76, 2.78, 3.1, 3.23, 3.43, 3.96, 4.96, 6.1, 6.38, 6.13, 6.256, 8.373, 9.494, 10.804, 11.362, 10.758, 10.108, 9.154, 8.183, 8.058, 8.027, 8.098, 8.592, 9.14, 9.16, 8.62, 8.96], [1.59, 0, 1.77, 1.8, 1.72, 3.23, 4.39, 4.02, 4.06, 4.54, 5.214, 5.3, 5.14, 4.56, 4.36, 4.46, 4.47, 4.06, 3.09, 2.75, 3.3, 4.11, 4.61, 4.37, 4.04, 3.21, 3.41, 4.23, 4.57, 4.35, 3.78, 3.61, 3.9, 4.16, 3.06, 2.02, 1.44, 2.01, 2.23, 1.49, 1.58, 1.28, 1.34, 1.76, 2.03, 1.32, 1.28, 1.76, 1.68, 1.54, 1.83, 2.48, 3.3, 2.99, 2.55, 2.76, 2.47, 2.5, 2.3, 1.81, 1.57, 1.75, 2.06, 2.12, 2.95, 3.67, 4.75, 5.15, 4.88, 4.99, 6.927, 8.121, 9.506, 9.987, 9.37, 8.76, 7.772, 7.06, 6.935, 6.661, 6.788, 7.35, 7.89, 7.87, 7.83, 8.39], [3.24, 1.77, 0, 1.05, 0.95, 1.8, 2.96, 2.59, 2.67, 3.17, 3.89, 4.03, 3.91, 3.51, 3.35, 3.59, 3.84, 3.29, 2.4, 1.96, 2.23, 2.54, 3.12, 2.9, 2.45, 1.8, 2.14, 2.9, 3.26, 3.04, 2.53, 2.54, 2.77, 3.09, 2.23, 1.27, 1.21, 1.56, 1.28, 1.14, 1.63, 2.11, 2.15, 1.55, 1.34, 1.63, 2.41, 2.49, 1.99, 2.17, 1.52, 1.61, 1.91, 1.8, 1.86, 2.33, 2.02, 1.79, 1.65, 1.98, 1.9, 1.58, 1.71, 1.79, 2.44, 2.66, 3.56, 4.26, 4.15, 4.02, 5.46, 7.166, 8.21, 8.706, 8.317, 7.472, 6.513, 5.841, 5.888, 6.094, 6.12, 6.56, 7.18, 7.12, 7.32, 7.94], [3.29, 1.8, 1.05, 0, 0.86, 1.59, 2.75, 2.42, 2.84, 3.24, 3.74, 3.74, 3.7, 3.32, 3.12, 3.26, 3.53, 3.1, 2.55, 2.09, 2.42, 2.55, 2.97, 2.73, 2.58, 2.03, 2.33, 2.89, 3.25, 2.99, 2.58, 2.59, 2.88, 3.18, 2.24, 1.76, 1.4, 1.33, 1.33, 1.29, 2.12, 2.3, 2.22, 1.6, 1.31, 1.56, 2.42, 2.7, 2.58, 2.56, 1.83, 2.06, 2.18, 2.11, 2.31, 2.72, 2.23, 2.02, 2.06, 2.39, 1.89, 1.63, 1.78, 1.76, 2.37, 2.87, 3.39, 4.03, 3.84, 4.27, 5.43, 6.659, 7.888, 8.418, 7.73, 7.083, 6.137, 5.677, 5.904, 5.813, 5.85, 6.03, 6.67, 6.63, 6.83, 7.51], [3.21, 1.72, 0.95, 0.86, 0, 1.77, 2.99, 2.74, 3.0, 3.34, 3.86, 4.12, 3.92, 3.48, 3.28, 3.48, 3.83, 3.32, 2.51, 2.13, 2.38, 2.71, 3.07, 2.83, 2.74, 1.97, 2.31, 3.09, 3.51, 3.19, 2.66, 2.55, 2.88, 3.18, 2.28, 1.72, 1.28, 1.33, 1.25, 1.03, 1.74, 2.1, 2.14, 1.64, 1.35, 1.34, 2.2, 2.22, 1.96, 1.98, 1.39, 1.78, 2.14, 1.89, 1.99, 2.36, 2.07, 1.96, 1.84, 1.87, 1.69, 1.49, 1.68, 1.68, 2.31, 2.89, 3.61, 4.21, 3.98, 4.25, 5.57, 6.965, 8.197, 8.653, 8.161, 7.451, 6.46, 5.791, 5.944, 6.073, 6.01, 6.49, 7.05, 6.97, 7.21, 7.87], [4.7, 3.23, 1.8, 1.59, 1.77, 0, 1.7, 1.99, 2.53, 2.85, 3.21, 3.29, 3.19, 2.95, 2.85, 3.17, 3.62, 3.17, 2.64, 2.22, 2.27, 2.18, 2.4, 2.1, 2.21, 1.92, 2.24, 2.52, 2.9, 2.8, 2.59, 2.7, 2.85, 3.09, 2.43, 2.39, 2.35, 2.22, 1.96, 2.26, 3.09, 3.75, 3.69, 2.27, 1.84, 2.67, 3.61, 3.59, 3.31, 3.39, 2.46, 2.43, 2.03, 1.92, 2.44, 2.97, 2.76, 2.27, 2.37, 2.96, 2.68, 2.28, 2.43, 2.57, 2.74, 2.7, 3.24, 3.74, 3.59, 4.1, 4.76, 6.07, 7.261, 7.671, 7.085, 6.235, 5.71, 5.53, 5.597, 5.863, 5.78, 5.84, 6.56, 6.5, 6.88, 7.58], [5.88, 4.39, 2.96, 2.75, 2.99, 1.7, 0, 1.19, 1.71, 1.79, 2.05, 2.19, 2.23, 2.15, 2.31, 2.65, 3.0, 2.57, 2.46, 2.56, 2.25, 1.8, 1.42, 1.42, 1.93, 2.3, 2.22, 2.0, 2.24, 2.24, 2.53, 2.62, 2.27, 2.31, 2.21, 3.27, 3.41, 2.78, 2.62, 3.38, 4.29, 4.95, 4.91, 3.15, 2.88, 3.73, 4.87, 4.71, 4.47, 4.55, 3.44, 3.29, 2.81, 2.68, 3.28, 3.65, 3.48, 2.95, 3.23, 4.0, 3.68, 3.2, 3.27, 3.17, 3.1, 2.96, 2.98, 2.88, 3.25, 4.2, 4.32, 5.11, 5.85, 6.337, 5.788, 5.02, 4.808, 4.848, 4.95, 5.27, 5.12, 4.92, 5.5, 5.64, 6.1, 6.82], [5.43, 4.02, 2.59, 2.42, 2.74, 1.99, 1.19, 0, 0.98, 1.3, 1.86, 1.92, 2.16, 1.94, 1.94, 2.12, 2.27, 1.84, 1.97, 1.97, 1.34, 0.97, 1.19, 1.21, 1.44, 2.11, 1.81, 1.57, 1.89, 1.91, 2.02, 2.11, 1.66, 1.6, 1.62, 2.62, 2.96, 2.43, 2.23, 3.03, 3.96, 4.46, 4.46, 2.78, 2.39, 3.34, 4.4, 4.26, 4.18, 4.12, 3.13, 2.88, 2.46, 2.43, 2.97, 3.48, 2.97, 2.5, 2.8, 3.61, 3.27, 2.73, 2.8, 2.8, 2.85, 2.79, 2.67, 2.81, 3.34, 4.01, 4.25, 5.06, 5.845, 6.39, 5.984, 5.165, 4.418, 4.138, 4.3, 4.62, 4.61, 4.31, 5.01, 5.09, 5.43, 6.15], [5.45, 4.06, 2.67, 2.84, 3.0, 2.53, 1.71, 0.98, 0, 0.82, 1.72, 1.94, 2.02, 1.88, 1.84, 2.02, 2.11, 1.72, 1.89, 2.07, 1.44, 1.11, 1.51, 1.67, 1.68, 1.99, 1.65, 1.65, 1.85, 1.83, 1.82, 1.79, 1.38, 1.28, 1.52, 2.62, 3.0, 2.65, 2.57, 3.11, 3.76, 4.44, 4.48, 2.88, 2.67, 3.5, 4.48, 4.44, 4.08, 4.18, 3.33, 3.06, 2.7, 2.61, 3.15, 3.48, 3.13, 2.66, 3.04, 3.69, 3.51, 2.99, 2.96, 2.94, 2.89, 2.79, 2.89, 2.77, 3.3, 3.93, 4.25, 5.22, 6.081, 6.632, 6.224, 5.397, 4.551, 3.815, 3.92, 4.32, 4.39, 4.49, 4.93, 4.91, 5.17, 6.01], [5.99, 4.54, 3.17, 3.24, 3.34, 2.85, 1.79, 1.3, 0.82, 0, 1.1, 1.5, 1.58, 1.54, 1.54, 1.82, 1.87, 1.72, 2.39, 2.55, 1.92, 1.33, 1.47, 1.73, 1.8, 2.49, 2.01, 1.65, 1.63, 1.65, 1.64, 1.69, 1.5, 1.22, 1.92, 3.12, 3.5, 3.03, 2.89, 3.59, 4.36, 5.0, 5.02, 3.28, 3.09, 3.9, 4.96, 4.8, 4.54, 4.64, 3.71, 3.46, 3.16, 3.01, 3.55, 3.94, 3.65, 3.12, 3.48, 4.15, 3.95, 3.45, 3.48, 3.34, 3.15, 2.99, 2.99, 2.69, 3.22, 4.09, 4.15, 4.8, 5.544, 6.057, 5.65, 4.865, 4.246, 3.626, 3.76, 4.12, 4.11, 3.99, 4.45, 4.53, 4.95, 5.83], [6.669, 5.214, 3.89, 3.74, 3.86, 3.21, 2.05, 1.86, 1.72, 1.1, 0, 0.96, 1.1, 1.18, 1.38, 1.8, 1.79, 2.02, 3.13, 3.35, 2.72, 1.95, 1.73, 2.05, 2.42, 3.23, 2.75, 2.07, 1.73, 1.81, 2.04, 2.15, 2.1, 1.86, 2.646, 3.954, 4.234, 3.57, 3.53, 4.31, 5.22, 5.769, 5.711, 3.98, 3.71, 4.48, 5.7, 5.58, 5.52, 5.54, 4.37, 4.1, 3.74, 3.61, 4.21, 4.66, 4.41, 3.88, 4.2, 4.93, 4.57, 4.11, 4.18, 3.96, 3.63, 3.33, 3.01, 2.89, 3.2, 4.35, 3.91, 4.0, 4.78, 5.276, 4.741, 4.05, 3.664, 3.41, 3.64, 3.74, 3.61, 3.59, 3.99, 4.09, 4.65, 5.49], [6.61, 5.3, 4.03, 3.74, 4.12, 3.29, 2.19, 1.92, 1.94, 1.5, 0.96, 0, 0.8, 0.96, 1.26, 1.56, 1.73, 2.14, 3.35, 3.51, 2.94, 2.15, 2.15, 2.41, 2.74, 3.47, 2.91, 2.21, 1.89, 1.89, 2.2, 2.35, 2.18, 2.1, 2.82, 4.1, 4.3, 3.65, 3.69, 4.47, 5.32, 5.96, 5.817, 4.1, 3.79, 4.44, 5.64, 5.68, 5.6, 5.64, 4.41, 4.06, 3.68, 3.65, 4.19, 4.76, 4.43, 3.92, 4.22, 4.93, 4.57, 4.23, 4.3, 4.06, 3.65, 3.15, 2.85, 2.67, 2.9, 4.21, 3.85, 3.72, 4.645, 5.182, 4.733, 3.97, 3.438, 3.45, 3.54, 3.58, 3.37, 3.35, 3.69, 3.75, 4.23, 4.95], [6.436, 5.14, 3.91, 3.7, 3.92, 3.19, 2.23, 2.16, 2.02, 1.58, 1.1, 0.8, 0, 0.74, 1.12, 1.5, 1.69, 2.02, 3.17, 3.39, 2.88, 2.19, 2.35, 2.65, 2.86, 3.23, 2.83, 2.25, 1.95, 1.93, 2.16, 2.25, 2.22, 2.08, 2.66, 3.954, 4.134, 3.55, 3.69, 4.37, 5.14, 5.789, 5.64, 3.94, 3.57, 4.32, 5.54, 5.54, 5.38, 5.52, 4.31, 3.94, 3.66, 3.57, 4.09, 4.48, 4.31, 3.76, 4.1, 4.79, 4.43, 4.01, 4.06, 3.84, 3.53, 3.09, 2.75, 2.55, 2.84, 4.03, 3.61, 3.68, 4.894, 5.416, 4.978, 4.208, 3.615, 3.39, 3.4, 3.48, 3.27, 3.39, 3.75, 3.87, 4.27, 4.93], [5.87, 4.56, 3.51, 3.32, 3.48, 2.95, 2.15, 1.94, 1.88, 1.54, 1.18, 0.96, 0.74, 0, 0.74, 1.26, 1.61, 1.84, 2.73, 2.89, 2.52, 2.13, 2.21, 2.57, 2.84, 3.05, 2.45, 1.83, 1.73, 1.55, 1.8, 1.81, 1.74, 1.72, 2.1, 3.42, 3.62, 3.13, 3.29, 3.95, 4.68, 5.22, 5.06, 3.44, 3.13, 3.84, 4.94, 5.12, 4.96, 4.98, 3.95, 3.66, 3.48, 3.31, 3.67, 4.18, 3.93, 3.36, 3.66, 4.37, 3.93, 3.55, 3.6, 3.38, 3.09, 2.85, 2.63, 2.49, 2.54, 3.97, 3.81, 4.02, 5.24, 5.759, 5.298, 4.568, 3.77, 3.53, 3.54, 3.56, 3.37, 3.61, 3.99, 4.03, 4.35, 4.97], [5.71, 4.36, 3.35, 3.12, 3.28, 2.85, 2.31, 1.94, 1.84, 1.54, 1.38, 1.26, 1.12, 0.74, 0, 0.76, 1.23, 1.58, 2.59, 2.75, 2.34, 2.01, 2.31, 2.67, 2.86, 2.81, 2.21, 1.85, 1.69, 1.53, 1.62, 1.55, 1.44, 1.58, 1.92, 3.24, 3.42, 3.01, 3.23, 3.77, 4.48, 5.02, 4.82, 3.18, 2.75, 3.56, 4.72, 4.9, 4.76, 4.74, 3.61, 3.26, 3.14, 2.97, 3.33, 3.84, 3.63, 3.08, 3.32, 4.07, 3.65, 3.27, 3.32, 3.06, 2.71, 2.41, 2.25, 2.27, 2.34, 3.61, 3.71, 4.135, 5.514, 5.97, 5.527, 4.797, 3.952, 3.35, 3.42, 3.46, 3.31, 3.55, 4.03, 3.99, 4.23, 4.85], [5.71, 4.46, 3.59, 3.26, 3.48, 3.17, 2.65, 2.12, 2.02, 1.82, 1.8, 1.56, 1.5, 1.26, 0.76, 0, 0.99, 1.38, 2.57, 2.73, 2.36, 2.25, 2.61, 3.03, 3.32, 3.13, 2.47, 2.19, 2.07, 1.89, 1.82, 1.69, 1.54, 1.76, 2.12, 3.38, 3.5, 3.35, 3.61, 3.97, 4.72, 5.04, 4.877, 3.28, 2.87, 3.66, 4.76, 4.94, 4.96, 4.9, 3.63, 3.16, 3.14, 3.01, 3.29, 3.92, 3.51, 2.98, 3.2, 4.07, 3.65, 3.29, 3.2, 2.92, 2.53, 1.99, 1.77, 1.81, 2.08, 3.07, 3.51, 4.012, 5.278, 5.83, 5.287, 4.657, 3.711, 2.895, 2.96, 2.96, 2.93, 3.19, 3.73, 3.71, 3.81, 4.43], [5.66, 4.47, 3.84, 3.53, 3.83, 3.62, 3.0, 2.27, 2.11, 1.87, 1.79, 1.73, 1.69, 1.61, 1.23, 0.99, 0, 1.15, 2.44, 2.66, 2.27, 2.3, 2.68, 3.2, 3.47, 3.46, 2.84, 2.52, 2.36, 2.24, 2.21, 2.04, 1.79, 1.69, 2.35, 3.53, 3.73, 3.76, 3.96, 4.3, 4.91, 4.95, 4.71, 3.51, 3.0, 3.89, 4.83, 5.05, 5.17, 5.07, 4.0, 3.49, 3.67, 3.48, 3.66, 4.15, 3.5, 3.09, 3.29, 4.24, 3.74, 3.36, 3.17, 2.93, 2.6, 2.46, 2.22, 2.24, 2.57, 3.32, 3.98, 4.25, 5.39, 5.919, 5.265, 4.638, 3.756, 2.934, 2.99, 2.75, 2.86, 3.14, 3.72, 3.72, 3.54, 4.3], [5.15, 4.06, 3.29, 3.1, 3.32, 3.17, 2.57, 1.84, 1.72, 1.72, 2.02, 2.14, 2.02, 1.84, 1.58, 1.38, 1.15, 0, 1.55, 1.83, 1.58, 1.93, 2.29, 2.73, 2.96, 2.91, 2.29, 2.13, 2.25, 2.13, 1.96, 1.71, 1.48, 1.44, 1.92, 2.92, 3.18, 3.25, 3.41, 3.73, 4.24, 4.2, 4.02, 3.12, 2.63, 3.6, 4.26, 4.5, 4.62, 4.54, 3.57, 3.18, 3.28, 3.07, 3.17, 3.7, 2.97, 2.62, 2.76, 3.67, 3.19, 2.75, 2.56, 2.4, 2.05, 2.13, 2.31, 2.41, 2.88, 3.37, 4.35, 5.08, 6.06, 6.587, 6.066, 5.313, 4.316, 3.418, 3.54, 3.42, 3.55, 4.03, 4.69, 4.67, 4.29, 4.87], [4.08, 3.09, 2.4, 2.55, 2.51, 2.64, 2.46, 1.97, 1.89, 2.39, 3.13, 3.35, 3.17, 2.73, 2.59, 2.57, 2.44, 1.55, 0, 0.8, 1.23, 2.06, 2.52, 2.64, 2.81, 2.1, 1.84, 2.38, 2.84, 2.64, 2.31, 2.0, 1.81, 1.95, 1.61, 1.99, 2.37, 2.66, 2.54, 2.82, 3.11, 2.79, 2.95, 2.31, 2.06, 2.97, 3.19, 3.45, 3.59, 3.41, 2.96, 2.73, 2.91, 2.48, 2.52, 2.67, 2.08, 1.85, 1.95, 2.72, 2.38, 1.96, 1.61, 1.89, 1.88, 2.26, 2.98, 3.14, 3.45, 3.62, 5.3, 6.436, 7.388, 7.949, 7.402, 6.692, 5.612, 4.618, 4.61, 4.77, 4.88, 5.46, 6.1, 6.08, 5.58, 6.08], [3.88, 2.75, 1.96, 2.09, 2.13, 2.22, 2.56, 1.97, 2.07, 2.55, 3.35, 3.51, 3.39, 2.89, 2.75, 2.73, 2.66, 1.83, 0.8, 0, 1.27, 2.06, 2.66, 2.5, 2.47, 1.84, 1.82, 2.46, 2.9, 2.66, 2.37, 2.14, 1.93, 2.09, 1.63, 1.57, 1.91, 2.22, 2.16, 2.36, 2.73, 2.63, 2.69, 1.91, 1.74, 2.57, 2.95, 3.17, 3.21, 3.11, 2.64, 2.35, 2.49, 2.16, 2.16, 2.47, 1.76, 1.65, 1.75, 2.48, 2.1, 1.72, 1.49, 1.81, 1.94, 2.16, 3.0, 3.38, 3.65, 3.62, 5.38, 6.619, 7.579, 8.14, 7.619, 6.849, 5.866, 4.885, 4.97, 5.05, 5.14, 5.66, 6.34, 6.3, 6.0, 6.5], [4.57, 3.3, 2.23, 2.42, 2.38, 2.27, 2.25, 1.34, 1.44, 1.92, 2.72, 2.94, 2.88, 2.52, 2.34, 2.36, 2.27, 1.58, 1.23, 1.27, 0, 1.29, 1.91, 1.85, 1.82, 1.83, 1.73, 2.17, 2.61, 2.45, 2.26, 2.11, 1.6, 1.6, 1.52, 1.96, 2.4, 2.53, 2.33, 2.65, 3.08, 3.4, 3.52, 2.42, 1.99, 3.0, 3.54, 3.58, 3.38, 3.28, 2.63, 2.4, 2.5, 2.17, 2.25, 2.76, 2.23, 1.84, 1.92, 2.71, 2.53, 2.17, 2.08, 2.32, 2.29, 2.47, 2.89, 3.01, 3.56, 3.73, 4.99, 6.08, 6.948, 7.497, 7.061, 6.245, 5.361, 4.358, 4.28, 4.52, 4.57, 5.11, 5.73, 5.73, 5.51, 6.17], [5.6, 4.11, 2.54, 2.55, 2.71, 2.18, 1.8, 0.97, 1.11, 1.33, 1.95, 2.15, 2.19, 2.13, 2.01, 2.25, 2.3, 1.93, 2.06, 2.06, 1.29, 0, 1.2, 1.28, 1.37, 1.94, 1.9, 1.86, 2.12, 2.04, 2.03, 2.08, 1.79, 1.65, 1.63, 2.59, 3.01, 2.48, 2.28, 2.9, 3.79, 4.43, 4.53, 2.75, 2.4, 3.41, 4.51, 4.27, 4.01, 4.11, 2.96, 2.81, 2.43, 2.24, 2.8, 3.31, 2.98, 2.49, 2.77, 3.58, 3.26, 2.74, 2.79, 2.81, 2.98, 2.9, 2.92, 3.06, 3.63, 4.2, 4.54, 5.31, 5.975, 6.475, 6.043, 5.298, 4.534, 3.914, 4.21, 4.49, 4.48, 4.58, 4.98, 5.04, 5.44, 6.22], [6.1, 4.61, 3.12, 2.97, 3.07, 2.4, 1.42, 1.19, 1.51, 1.47, 1.73, 2.15, 2.35, 2.21, 2.31, 2.61, 2.68, 2.29, 2.52, 2.66, 1.91, 1.2, 0, 0.74, 1.33, 2.4, 2.16, 1.56, 1.78, 1.92, 2.13, 2.22, 1.87, 1.67, 1.77, 3.07, 3.57, 2.88, 2.58, 3.4, 4.39, 4.89, 4.99, 3.27, 2.84, 3.85, 5.01, 4.93, 4.71, 4.69, 3.56, 3.33, 2.91, 2.78, 3.36, 3.95, 3.6, 3.07, 3.33, 4.16, 3.82, 3.28, 3.35, 3.23, 3.34, 3.48, 3.22, 3.34, 3.79, 4.72, 4.7, 4.89, 5.447, 5.937, 5.354, 4.58, 4.376, 4.356, 4.71, 4.99, 4.86, 4.62, 5.1, 5.38, 5.88, 6.68], [5.88, 4.37, 2.9, 2.73, 2.83, 2.1, 1.42, 1.21, 1.67, 1.73, 2.05, 2.41, 2.65, 2.57, 2.67, 3.03, 3.2, 2.73, 2.64, 2.5, 1.85, 1.28, 0.74, 0, 1.01, 2.16, 2.16, 1.72, 1.92, 2.12, 2.29, 2.46, 2.25, 2.03, 1.93, 2.83, 3.29, 2.64, 2.28, 3.08, 4.07, 4.63, 4.75, 3.03, 2.88, 3.77, 4.83, 4.77, 4.47, 4.47, 3.56, 3.43, 2.99, 2.82, 3.4, 3.93, 3.72, 3.19, 3.41, 4.18, 3.84, 3.22, 3.41, 3.55, 3.74, 3.78, 3.56, 3.68, 4.17, 5.04, 5.02, 5.27, 5.867, 6.337, 5.774, 5.04, 4.851, 4.834, 5.13, 5.49, 5.32, 5.1, 5.58, 5.84, 6.34, 7.12], [5.53, 4.04, 2.45, 2.58, 2.74, 2.21, 1.93, 1.44, 1.68, 1.8, 2.42, 2.74, 2.86, 2.84, 2.86, 3.32, 3.47, 2.96, 2.81, 2.47, 1.82, 1.37, 1.33, 1.01, 0, 1.77, 1.87, 1.91, 2.07, 2.21, 2.32, 2.51, 2.32, 2.16, 1.98, 2.38, 3.02, 2.41, 1.99, 2.73, 3.46, 4.18, 4.32, 2.74, 2.79, 3.68, 4.56, 4.5, 3.88, 4.1, 3.43, 3.24, 2.6, 2.51, 3.15, 3.58, 3.55, 3.12, 3.24, 3.95, 3.75, 3.27, 3.42, 3.5, 3.75, 3.75, 3.65, 3.83, 4.3, 5.03, 5.09, 5.84, 6.468, 6.942, 6.55, 5.785, 5.264, 5.124, 5.36, 5.74, 5.69, 5.43, 5.87, 6.13, 6.65, 7.45], [4.72, 3.21, 1.8, 2.03, 1.97, 1.92, 2.3, 2.11, 1.99, 2.49, 3.23, 3.47, 3.23, 3.05, 2.81, 3.13, 3.46, 2.91, 2.1, 1.84, 1.83, 1.94, 2.4, 2.16, 1.77, 0, 1.02, 2.0, 2.48, 2.36, 1.93, 1.84, 2.01, 2.37, 1.81, 1.77, 2.37, 2.3, 2.1, 2.26, 2.73, 3.39, 3.55, 1.85, 1.94, 2.73, 3.69, 3.71, 3.07, 3.21, 2.52, 2.35, 1.93, 1.42, 2.12, 2.39, 2.56, 2.07, 2.29, 3.0, 2.8, 2.26, 2.39, 2.41, 2.82, 2.74, 3.24, 3.78, 4.05, 3.94, 4.7, 6.492, 7.644, 8.12, 7.729, 6.919, 6.007, 5.307, 5.394, 5.714, 5.68, 6.0, 6.6, 6.56, 6.84, 7.52], [4.9, 3.41, 2.14, 2.33, 2.31, 2.24, 2.22, 1.81, 1.65, 2.01, 2.75, 2.91, 2.83, 2.45, 2.21, 2.47, 2.84, 2.29, 1.84, 1.82, 1.73, 1.9, 2.16, 2.16, 1.87, 1.02, 0, 1.2, 1.68, 1.56, 1.13, 1.12, 1.37, 1.65, 1.25, 1.85, 2.33, 2.16, 2.0, 2.24, 2.93, 3.55, 3.71, 2.11, 2.18, 3.03, 4.05, 4.07, 3.63, 3.61, 2.92, 2.59, 2.17, 1.88, 2.48, 2.99, 2.88, 2.41, 2.63, 3.38, 3.14, 2.58, 2.65, 2.55, 2.52, 2.58, 2.68, 3.2, 3.53, 3.78, 4.52, 6.014, 7.082, 7.578, 7.177, 6.387, 5.405, 4.667, 4.789, 5.143, 5.14, 5.38, 5.96, 5.98, 6.2, 6.88], [5.68, 4.23, 2.9, 2.89, 3.09, 2.52, 2.0, 1.57, 1.65, 1.65, 2.07, 2.21, 2.25, 1.83, 1.85, 2.19, 2.52, 2.13, 2.38, 2.46, 2.17, 1.86, 1.56, 1.72, 1.91, 2.0, 1.2, 0, 0.72, 0.84, 0.97, 1.18, 1.13, 1.23, 1.35, 2.55, 3.13, 2.56, 2.18, 2.94, 3.87, 4.33, 4.49, 2.95, 2.88, 3.79, 4.85, 4.95, 4.61, 4.55, 3.62, 3.23, 2.71, 2.62, 3.32, 3.85, 3.6, 3.15, 3.35, 4.2, 3.86, 3.32, 3.37, 3.17, 3.04, 3.2, 2.92, 3.26, 3.41, 4.34, 4.22, 5.13, 6.121, 6.624, 6.139, 5.312, 4.382, 4.245, 4.59, 4.89, 4.88, 4.68, 5.38, 5.42, 5.74, 6.4], [6.02, 4.57, 3.26, 3.25, 3.51, 2.9, 2.24, 1.89, 1.85, 1.63, 1.73, 1.89, 1.95, 1.73, 1.69, 2.07, 2.36, 2.25, 2.84, 2.9, 2.61, 2.12, 1.78, 1.92, 2.07, 2.48, 1.68, 0.72, 0, 0.66, 0.99, 1.32, 1.37, 1.35, 1.73, 2.91, 3.47, 2.9, 2.48, 3.24, 4.15, 4.65, 4.81, 3.31, 3.3, 4.21, 5.25, 5.35, 4.99, 4.99, 4.06, 3.65, 3.17, 3.08, 3.78, 4.29, 4.1, 3.57, 3.83, 4.62, 4.3, 3.78, 3.85, 3.61, 3.4, 3.4, 3.08, 3.34, 3.55, 4.52, 4.28, 4.77, 5.781, 6.244, 5.702, 4.887, 4.062, 4.005, 4.33, 4.65, 4.64, 4.44, 5.04, 5.12, 5.54, 6.16], [5.8, 4.35, 3.04, 2.99, 3.19, 2.8, 2.24, 1.91, 1.83, 1.65, 1.81, 1.89, 1.93, 1.55, 1.53, 1.89, 2.24, 2.13, 2.64, 2.66, 2.45, 2.04, 1.92, 2.12, 2.21, 2.36, 1.56, 0.84, 0.66, 0, 0.79, 1.04, 1.17, 1.27, 1.55, 2.67, 3.29, 2.72, 2.48, 3.04, 3.97, 4.43, 4.61, 3.03, 2.96, 3.89, 4.95, 5.01, 4.69, 4.65, 3.74, 3.31, 2.93, 2.82, 3.44, 3.97, 3.74, 3.23, 3.47, 4.32, 3.98, 3.44, 3.49, 3.25, 3.08, 3.08, 2.86, 3.16, 3.21, 4.16, 4.0, 4.883, 5.898, 6.381, 5.865, 5.075, 4.202, 3.922, 4.23, 4.549, 4.52, 4.44, 4.98, 5.02, 5.42, 6.06], [5.25, 3.78, 2.53, 2.58, 2.66, 2.59, 2.53, 2.02, 1.82, 1.64, 2.04, 2.2, 2.16, 1.8, 1.62, 1.82, 2.21, 1.96, 2.31, 2.37, 2.26, 2.03, 2.13, 2.29, 2.32, 1.93, 1.13, 0.97, 0.99, 0.79, 0, 0.53, 1.08, 1.36, 1.34, 2.26, 2.74, 2.51, 2.23, 2.61, 3.48, 3.92, 4.06, 2.4, 2.43, 3.28, 4.38, 4.44, 4.14, 4.12, 3.21, 2.86, 2.5, 2.35, 3.03, 3.48, 3.31, 2.78, 3.04, 3.81, 3.45, 3.01, 3.0, 2.76, 2.59, 2.69, 2.69, 3.15, 3.2, 3.79, 3.97, 5.241, 6.306, 6.776, 6.37, 5.62, 4.592, 3.94, 4.207, 4.493, 4.53, 4.61, 5.23, 5.25, 5.49, 6.19], [5.02, 3.61, 2.54, 2.59, 2.55, 2.7, 2.62, 2.11, 1.79, 1.69, 2.15, 2.35, 2.25, 1.81, 1.55, 1.69, 2.04, 1.71, 2.0, 2.14, 2.11, 2.08, 2.22, 2.46, 2.51, 1.84, 1.12, 1.18, 1.32, 1.04, 0.53, 0, 0.93, 1.31, 1.23, 2.05, 2.53, 2.52, 2.42, 2.62, 3.29, 3.67, 3.85, 2.23, 2.26, 3.05, 4.17, 4.27, 4.03, 4.01, 3.04, 2.75, 2.61, 2.24, 2.82, 3.25, 3.1, 2.57, 2.83, 3.54, 3.16, 2.74, 2.69, 2.47, 2.4, 2.42, 2.6, 3.04, 3.21, 3.62, 4.14, 5.326, 6.488, 6.96, 6.5, 5.79, 4.739, 3.944, 4.134, 4.303, 4.36, 4.64, 5.24, 5.22, 5.42, 6.08], [5.19, 3.9, 2.77, 2.88, 2.88, 2.85, 2.27, 1.66, 1.38, 1.5, 2.1, 2.18, 2.22, 1.74, 1.44, 1.54, 1.79, 1.48, 1.81, 1.93, 1.6, 1.79, 1.87, 2.25, 2.32, 2.01, 1.37, 1.13, 1.37, 1.17, 1.08, 0.93, 0, 0.72, 1.12, 2.28, 2.8, 2.61, 2.47, 2.91, 3.58, 3.92, 4.04, 2.62, 2.45, 3.44, 4.26, 4.48, 4.12, 4.0, 3.19, 2.78, 2.66, 2.39, 2.85, 3.26, 2.87, 2.42, 2.6, 3.53, 3.25, 2.85, 2.74, 2.54, 2.21, 2.47, 2.51, 2.63, 2.98, 3.61, 4.15, 5.286, 6.268, 6.777, 6.381, 5.551, 4.568, 3.675, 3.8, 4.18, 4.33, 4.47, 5.05, 5.07, 5.01, 5.65], [5.39, 4.16, 3.09, 3.18, 3.18, 3.09, 2.31, 1.6, 1.28, 1.22, 1.86, 2.1, 2.08, 1.72, 1.58, 1.76, 1.69, 1.44, 1.95, 2.09, 1.6, 1.65, 1.67, 2.03, 2.16, 2.37, 1.65, 1.23, 1.35, 1.27, 1.36, 1.31, 0.72, 0, 1.3, 2.54, 3.06, 2.79, 2.61, 3.23, 3.9, 4.18, 4.22, 3.02, 2.77, 3.8, 4.56, 4.72, 4.46, 4.38, 3.53, 3.12, 3.02, 2.79, 3.15, 3.64, 3.07, 2.7, 2.88, 3.83, 3.49, 3.11, 3.0, 2.84, 2.53, 2.83, 2.89, 2.81, 3.3, 3.97, 4.43, 5.16, 6.049, 6.559, 6.115, 5.268, 4.361, 3.584, 3.82, 4.16, 4.23, 4.23, 4.87, 4.93, 4.89, 5.57], [4.41, 3.06, 2.23, 2.24, 2.28, 2.43, 2.21, 1.62, 1.52, 1.92, 2.646, 2.82, 2.66, 2.1, 1.92, 2.12, 2.35, 1.92, 1.61, 1.63, 1.52, 1.63, 1.77, 1.93, 1.98, 1.81, 1.25, 1.35, 1.73, 1.55, 1.34, 1.23, 1.12, 1.3, 0, 1.62, 2.06, 1.83, 1.75, 2.23, 2.88, 3.24, 3.24, 2.0, 1.89, 2.8, 3.76, 3.98, 3.74, 3.7, 2.95, 2.76, 2.72, 2.31, 2.71, 3.26, 2.85, 2.34, 2.54, 3.31, 2.85, 2.37, 2.44, 2.34, 2.51, 2.77, 2.81, 3.03, 3.32, 4.03, 4.79, 5.755, 6.93, 7.425, 6.884, 6.16, 5.172, 4.435, 4.64, 4.74, 4.79, 5.01, 5.57, 5.57, 5.67, 6.25], [3.25, 2.02, 1.27, 1.76, 1.72, 2.39, 3.27, 2.62, 2.62, 3.12, 3.954, 4.1, 3.954, 3.42, 3.24, 3.38, 3.53, 2.92, 1.99, 1.57, 1.96, 2.59, 3.07, 2.83, 2.38, 1.77, 1.85, 2.55, 2.91, 2.67, 2.26, 2.05, 2.28, 2.54, 1.62, 0, 1.14, 1.55, 1.67, 1.39, 1.56, 2.0, 2.08, 1.66, 1.73, 2.2, 2.82, 3.06, 2.76, 2.8, 2.41, 2.24, 2.72, 2.27, 2.31, 2.86, 2.49, 2.08, 2.02, 2.55, 2.29, 2.09, 2.12, 2.16, 2.71, 2.81, 3.61, 4.17, 4.34, 4.19, 5.73, 7.138, 8.199, 8.694, 8.287, 7.457, 6.492, 5.665, 5.638, 5.74, 5.808, 6.39, 6.99, 6.95, 7.01, 7.59], [2.65, 1.44, 1.21, 1.4, 1.28, 2.35, 3.41, 2.96, 3.0, 3.5, 4.234, 4.3, 4.134, 3.62, 3.42, 3.5, 3.73, 3.18, 2.37, 1.91, 2.4, 3.01, 3.57, 3.29, 3.02, 2.37, 2.33, 3.13, 3.47, 3.29, 2.74, 2.53, 2.8, 3.06, 2.06, 1.14, 0, 0.97, 1.27, 0.95, 1.32, 1.72, 1.68, 1.72, 1.67, 1.52, 2.14, 2.52, 2.38, 2.34, 1.91, 2.16, 2.68, 2.45, 2.35, 2.68, 2.23, 2.12, 2.04, 2.09, 1.89, 1.87, 1.86, 1.86, 2.37, 2.73, 3.75, 4.17, 4.06, 4.29, 6.09, 7.359, 8.55, 9.025, 8.601, 7.834, 6.846, 6.003, 5.996, 5.973, 6.03, 6.57, 7.17, 7.17, 7.19, 7.79], [3.36, 2.01, 1.56, 1.33, 1.33, 2.22, 2.78, 2.43, 2.65, 3.03, 3.57, 3.65, 3.55, 3.13, 3.01, 3.35, 3.76, 3.25, 2.66, 2.22, 2.53, 2.48, 2.88, 2.64, 2.41, 2.3, 2.16, 2.56, 2.9, 2.72, 2.51, 2.52, 2.61, 2.79, 1.83, 1.55, 0.97, 0, 0.82, 1.12, 1.85, 2.35, 2.31, 2.05, 1.96, 1.81, 2.81, 3.09, 2.87, 2.85, 2.14, 2.49, 2.69, 2.54, 2.8, 3.23, 2.84, 2.69, 2.65, 2.66, 2.38, 2.4, 2.51, 2.41, 2.88, 3.22, 3.54, 3.9, 3.81, 4.8, 5.8, 6.719, 7.902, 8.338, 7.926, 7.176, 6.282, 5.765, 6.01, 6.09, 6.04, 6.14, 6.7, 6.7, 7.04, 7.66], [3.68, 2.23, 1.28, 1.33, 1.25, 1.96, 2.62, 2.23, 2.57, 2.89, 3.53, 3.69, 3.69, 3.29, 3.23, 3.61, 3.96, 3.41, 2.54, 2.16, 2.33, 2.28, 2.58, 2.28, 1.99, 2.1, 2.0, 2.18, 2.48, 2.48, 2.23, 2.42, 2.47, 2.61, 1.75, 1.67, 1.27, 0.82, 0, 1.08, 1.93, 2.37, 2.53, 2.07, 1.88, 2.05, 2.89, 3.05, 2.69, 2.73, 1.88, 2.27, 2.23, 2.2, 2.54, 2.99, 2.66, 2.49, 2.39, 2.46, 2.32, 2.26, 2.35, 2.33, 2.82, 3.3, 3.72, 4.06, 3.91, 4.74, 5.68, 6.83, 7.772, 8.283, 7.834, 7.03, 6.085, 5.705, 6.07, 6.33, 6.32, 6.14, 6.8, 6.86, 7.14, 7.82], [2.9, 1.49, 1.14, 1.29, 1.03, 2.26, 3.38, 3.03, 3.11, 3.59, 4.31, 4.47, 4.37, 3.95, 3.77, 3.97, 4.3, 3.73, 2.82, 2.36, 2.65, 2.9, 3.4, 3.08, 2.73, 2.26, 2.24, 2.94, 3.24, 3.04, 2.61, 2.62, 2.91, 3.23, 2.23, 1.39, 0.95, 1.12, 1.08, 0, 1.23, 1.63, 1.93, 1.91, 1.96, 1.91, 2.45, 2.57, 2.25, 2.29, 1.74, 2.21, 2.47, 2.28, 2.46, 2.91, 2.56, 2.37, 2.35, 2.34, 2.22, 2.1, 2.27, 2.27, 2.82, 3.4, 4.14, 4.68, 4.51, 4.74, 6.02, 7.589, 8.567, 9.14, 8.625, 7.855, 6.87, 6.144, 6.326, 6.583, 6.58, 6.88, 7.52, 7.44, 7.68, 8.32], [2.45, 1.58, 1.63, 2.12, 1.74, 3.09, 4.29, 3.96, 3.76, 4.36, 5.22, 5.32, 5.14, 4.68, 4.48, 4.72, 4.91, 4.24, 3.11, 2.73, 3.08, 3.79, 4.39, 4.07, 3.46, 2.73, 2.93, 3.87, 4.15, 3.97, 3.48, 3.29, 3.58, 3.9, 2.88, 1.56, 1.32, 1.85, 1.93, 1.23, 0, 1.32, 1.7, 2.48, 2.41, 2.32, 2.1, 2.64, 2.14, 2.2, 2.25, 2.7, 3.16, 2.89, 2.69, 2.88, 2.71, 2.7, 2.68, 2.19, 2.25, 2.43, 2.46, 2.44, 3.07, 3.55, 4.89, 5.29, 5.14, 5.01, 6.79, 8.502, 9.612, 10.068, 9.684, 8.837, 7.875, 7.06, 6.855, 7.051, 7.123, 7.83, 8.35, 8.35, 8.37, 8.91], [1.77, 1.28, 2.11, 2.3, 2.1, 3.75, 4.95, 4.46, 4.44, 5.0, 5.769, 5.96, 5.789, 5.22, 5.02, 5.04, 4.95, 4.2, 2.79, 2.63, 3.4, 4.43, 4.89, 4.63, 4.18, 3.39, 3.55, 4.33, 4.65, 4.43, 3.92, 3.67, 3.92, 4.18, 3.24, 2.0, 1.72, 2.35, 2.37, 1.63, 1.32, 0, 0.9, 2.4, 2.51, 2.22, 1.7, 2.52, 2.4, 2.16, 2.41, 2.92, 3.64, 3.31, 2.95, 2.82, 2.43, 2.58, 2.36, 1.89, 1.95, 2.21, 2.0, 2.28, 2.79, 3.95, 5.25, 5.69, 5.48, 5.31, 7.504, 8.81, 9.972, 10.473, 9.889, 9.208, 8.159, 7.16, 7.052, 7.244, 7.425, 8.004, 8.61, 8.63, 8.09, 8.37], [1.95, 1.34, 2.15, 2.22, 2.14, 3.69, 4.91, 4.46, 4.48, 5.02, 5.711, 5.817, 5.64, 5.06, 4.82, 4.877, 4.71, 4.02, 2.95, 2.69, 3.52, 4.53, 4.99, 4.75, 4.32, 3.55, 3.71, 4.49, 4.81, 4.61, 4.06, 3.85, 4.04, 4.22, 3.24, 2.08, 1.68, 2.31, 2.53, 1.93, 1.7, 0.9, 0, 2.22, 2.35, 2.06, 1.98, 2.84, 2.78, 2.56, 2.69, 2.98, 3.76, 3.43, 3.07, 3.1, 2.55, 2.72, 2.46, 2.19, 2.15, 2.31, 2.04, 2.36, 2.81, 3.89, 5.09, 5.53, 5.26, 5.29, 7.455, 8.538, 9.845, 10.363, 9.777, 9.138, 8.092, 7.164, 7.133, 7.037, 7.144, 7.656, 8.21, 8.23, 7.71, 7.97], [3.09, 1.76, 1.55, 1.6, 1.64, 2.27, 3.15, 2.78, 2.88, 3.28, 3.98, 4.1, 3.94, 3.44, 3.18, 3.28, 3.51, 3.12, 2.31, 1.91, 2.42, 2.75, 3.27, 3.03, 2.74, 1.85, 2.11, 2.95, 3.31, 3.03, 2.4, 2.23, 2.62, 3.02, 2.0, 1.66, 1.72, 2.05, 2.07, 1.91, 2.48, 2.4, 2.22, 0, 1.11, 1.36, 2.34, 2.6, 2.34, 2.36, 2.19, 1.9, 2.26, 1.81, 1.65, 2.18, 2.09, 1.9, 1.8, 2.43, 1.81, 1.53, 1.8, 1.86, 2.45, 2.79, 3.51, 4.09, 3.92, 3.97, 5.673, 6.913, 8.304, 8.739, 8.23, 7.6, 6.552, 5.811, 5.924, 5.824, 5.83, 6.19, 6.75, 6.73, 6.91, 7.55], [3.52, 2.03, 1.34, 1.31, 1.35, 1.84, 2.88, 2.39, 2.67, 3.09, 3.71, 3.79, 3.57, 3.13, 2.75, 2.87, 3.0, 2.63, 2.06, 1.74, 1.99, 2.4, 2.84, 2.88, 2.79, 1.94, 2.18, 2.88, 3.3, 2.96, 2.43, 2.26, 2.45, 2.77, 1.89, 1.73, 1.67, 1.96, 1.88, 1.96, 2.41, 2.51, 2.35, 1.11, 0, 1.31, 2.51, 2.59, 2.45, 2.43, 1.62, 1.21, 1.69, 1.36, 1.24, 1.89, 1.52, 1.25, 1.09, 1.82, 1.28, 1.04, 1.21, 1.17, 1.72, 2.12, 2.96, 3.62, 3.43, 3.44, 5.223, 6.514, 7.813, 8.26, 7.754, 7.067, 5.999, 5.275, 5.368, 5.274, 5.3, 5.76, 6.38, 6.36, 6.46, 7.04], [2.49, 1.32, 1.63, 1.56, 1.34, 2.67, 3.73, 3.34, 3.5, 3.9, 4.48, 4.44, 4.32, 3.84, 3.56, 3.66, 3.89, 3.6, 2.97, 2.57, 3.0, 3.41, 3.85, 3.77, 3.68, 2.73, 3.03, 3.79, 4.21, 3.89, 3.28, 3.05, 3.44, 3.8, 2.8, 2.2, 1.52, 1.81, 2.05, 1.91, 2.32, 2.22, 2.06, 1.36, 1.31, 0, 1.54, 1.92, 1.78, 1.74, 1.55, 1.76, 2.58, 2.33, 1.71, 2.06, 1.83, 2.04, 1.82, 1.65, 1.29, 1.41, 1.78, 1.66, 2.45, 2.95, 3.91, 4.41, 4.1, 4.35, 6.135, 7.257, 8.69, 9.185, 8.693, 8.043, 7.075, 6.351, 6.398, 6.141, 6.048, 6.57, 7.13, 7.05, 7.25, 7.85], [1.27, 1.28, 2.41, 2.42, 2.2, 3.61, 4.87, 4.4, 4.48, 4.96, 5.7, 5.64, 5.54, 4.94, 4.72, 4.76, 4.83, 4.26, 3.19, 2.95, 3.54, 4.51, 5.01, 4.83, 4.56, 3.69, 4.05, 4.85, 5.25, 4.95, 4.38, 4.17, 4.26, 4.56, 3.76, 2.82, 2.14, 2.81, 2.89, 2.45, 2.1, 1.7, 1.98, 2.34, 2.51, 1.54, 0, 1.4, 1.48, 1.14, 2.05, 2.8, 3.7, 3.47, 2.65, 2.74, 2.35, 2.7, 2.36, 1.77, 1.69, 2.05, 2.2, 2.36, 2.95, 3.83, 5.09, 5.45, 5.16, 5.229, 7.344, 8.605, 9.823, 10.362, 9.858, 9.131, 8.2, 7.234, 7.095, 7.128, 7.179, 7.77, 8.31, 8.33, 7.97, 8.49], [1.97, 1.76, 2.49, 2.7, 2.22, 3.59, 4.71, 4.26, 4.44, 4.8, 5.58, 5.68, 5.54, 5.12, 4.9, 4.94, 5.05, 4.5, 3.45, 3.17, 3.58, 4.27, 4.93, 4.77, 4.5, 3.71, 4.07, 4.95, 5.35, 5.01, 4.44, 4.27, 4.48, 4.72, 3.98, 3.06, 2.52, 3.09, 3.05, 2.57, 2.64, 2.52, 2.84, 2.6, 2.59, 1.92, 1.4, 0, 0.98, 0.92, 1.99, 2.66, 3.52, 3.29, 2.45, 2.42, 2.37, 2.74, 2.64, 1.99, 1.75, 2.07, 2.42, 2.64, 3.35, 3.87, 5.21, 5.59, 5.48, 5.19, 7.181, 8.748, 9.858, 10.353, 9.87, 9.14, 8.149, 7.303, 7.195, 7.215, 7.303, 7.95, 8.55, 8.49, 8.53, 9.09], [2.07, 1.68, 1.99, 2.58, 1.96, 3.31, 4.47, 4.18, 4.08, 4.54, 5.52, 5.6, 5.38, 4.96, 4.76, 4.96, 5.17, 4.62, 3.59, 3.21, 3.38, 4.01, 4.71, 4.47, 3.88, 3.07, 3.63, 4.61, 4.99, 4.69, 4.14, 4.03, 4.12, 4.46, 3.74, 2.76, 2.38, 2.87, 2.69, 2.25, 2.14, 2.4, 2.78, 2.34, 2.45, 1.78, 1.48, 0.98, 0, 0.56, 1.63, 2.32, 2.96, 2.81, 2.15, 2.22, 2.37, 2.66, 2.4, 1.75, 1.87, 2.13, 2.54, 2.58, 3.29, 3.85, 5.17, 5.53, 5.34, 5.11, 6.805, 8.72, 9.802, 10.277, 9.913, 9.103, 8.152, 7.263, 7.118, 7.401, 7.468, 8.09, 8.63, 8.59, 8.63, 9.23], [1.81, 1.54, 2.17, 2.56, 1.98, 3.39, 4.55, 4.12, 4.18, 4.64, 5.54, 5.64, 5.52, 4.98, 4.74, 4.9, 5.07, 4.54, 3.41, 3.11, 3.28, 4.11, 4.69, 4.47, 4.1, 3.21, 3.61, 4.55, 4.99, 4.65, 4.12, 4.01, 4.0, 4.38, 3.7, 2.8, 2.34, 2.85, 2.73, 2.29, 2.2, 2.16, 2.56, 2.36, 2.43, 1.74, 1.14, 0.92, 0.56, 0, 1.67, 2.34, 3.14, 2.87, 2.19, 2.28, 2.19, 2.5, 2.22, 1.69, 1.75, 2.03, 2.3, 2.5, 3.13, 3.87, 5.09, 5.45, 5.22, 5.09, 6.996, 8.694, 9.76, 10.235, 9.867, 9.077, 8.089, 7.16, 6.958, 7.341, 7.428, 8.01, 8.55, 8.55, 8.43, 9.03], [3.1, 1.83, 1.52, 1.83, 1.39, 2.46, 3.44, 3.13, 3.33, 3.71, 4.37, 4.41, 4.31, 3.95, 3.61, 3.63, 4.0, 3.57, 2.96, 2.64, 2.63, 2.96, 3.56, 3.56, 3.43, 2.52, 2.92, 3.62, 4.06, 3.74, 3.21, 3.04, 3.19, 3.53, 2.95, 2.41, 1.91, 2.14, 1.88, 1.74, 2.25, 2.41, 2.69, 2.19, 1.62, 1.55, 2.05, 1.99, 1.63, 1.67, 0, 1.25, 1.75, 1.66, 1.64, 2.13, 2.0, 1.91, 1.57, 1.24, 1.34, 1.62, 1.77, 1.65, 2.18, 2.74, 3.62, 4.22, 4.11, 4.0, 5.649, 7.26, 8.342, 8.817, 8.417, 7.607, 6.599, 5.764, 5.834, 6.134, 6.2, 6.54, 7.16, 7.14, 7.3, 7.94], [3.89, 2.48, 1.61, 2.06, 1.78, 2.43, 3.29, 2.88, 3.06, 3.46, 4.1, 4.06, 3.94, 3.66, 3.26, 3.16, 3.49, 3.18, 2.73, 2.35, 2.4, 2.81, 3.33, 3.43, 3.24, 2.35, 2.59, 3.23, 3.65, 3.31, 2.86, 2.75, 2.78, 3.12, 2.76, 2.24, 2.16, 2.49, 2.27, 2.21, 2.7, 2.92, 2.98, 1.9, 1.21, 1.76, 2.8, 2.66, 2.32, 2.34, 1.25, 0, 1.04, 1.11, 0.97, 1.72, 1.53, 1.46, 1.22, 1.63, 1.53, 1.45, 1.6, 1.46, 1.79, 1.99, 2.97, 3.53, 3.4, 3.13, 4.956, 6.601, 7.623, 8.116, 7.724, 6.897, 5.929, 5.088, 5.138, 5.384, 5.41, 5.89, 6.49, 6.47, 6.59, 7.19], [4.77, 3.3, 1.91, 2.18, 2.14, 2.03, 2.81, 2.46, 2.7, 3.16, 3.74, 3.68, 3.66, 3.48, 3.14, 3.14, 3.67, 3.28, 2.91, 2.49, 2.5, 2.43, 2.91, 2.99, 2.6, 1.93, 2.17, 2.71, 3.17, 2.93, 2.5, 2.61, 2.66, 3.02, 2.72, 2.72, 2.68, 2.69, 2.23, 2.47, 3.16, 3.64, 3.76, 2.26, 1.69, 2.58, 3.7, 3.52, 2.96, 3.14, 1.75, 1.04, 0, 0.79, 1.39, 1.98, 2.05, 1.8, 1.64, 2.33, 2.29, 2.01, 2.06, 1.94, 2.19, 2.13, 2.81, 3.31, 3.18, 3.29, 4.31, 6.144, 7.165, 7.659, 7.264, 6.437, 5.469, 4.88, 5.027, 5.393, 5.43, 5.51, 6.13, 6.21, 6.43, 7.13], [4.48, 2.99, 1.8, 2.11, 1.89, 1.92, 2.68, 2.43, 2.61, 3.01, 3.61, 3.65, 3.57, 3.31, 2.97, 3.01, 3.48, 3.07, 2.48, 2.16, 2.17, 2.24, 2.78, 2.82, 2.51, 1.42, 1.88, 2.62, 3.08, 2.82, 2.35, 2.24, 2.39, 2.79, 2.31, 2.27, 2.45, 2.54, 2.2, 2.28, 2.89, 3.31, 3.43, 1.81, 1.36, 2.33, 3.47, 3.29, 2.81, 2.87, 1.66, 1.11, 0.79, 0, 1.08, 1.85, 1.72, 1.47, 1.41, 2.24, 2.08, 1.72, 1.89, 1.79, 2.08, 2.02, 2.92, 3.44, 3.21, 3.22, 4.54, 6.243, 7.342, 7.815, 7.463, 6.653, 5.705, 4.987, 5.134, 5.434, 5.42, 5.66, 6.26, 6.26, 6.52, 7.22], [3.78, 2.55, 1.86, 2.31, 1.99, 2.44, 3.28, 2.97, 3.15, 3.55, 4.21, 4.19, 4.09, 3.67, 3.33, 3.29, 3.66, 3.17, 2.52, 2.16, 2.25, 2.8, 3.36, 3.4, 3.15, 2.12, 2.48, 3.32, 3.78, 3.44, 3.03, 2.82, 2.85, 3.15, 2.71, 2.31, 2.35, 2.8, 2.54, 2.46, 2.69, 2.95, 3.07, 1.65, 1.24, 1.71, 2.65, 2.45, 2.15, 2.19, 1.64, 0.97, 1.39, 1.08, 0, 1.15, 1.16, 1.23, 0.99, 1.62, 1.38, 1.24, 1.49, 1.49, 1.84, 2.0, 3.38, 3.84, 3.67, 3.38, 5.175, 6.952, 8.022, 8.518, 8.12, 7.31, 6.345, 5.533, 5.405, 5.603, 5.598, 6.32, 6.88, 6.82, 6.92, 7.46], [3.85, 2.76, 2.33, 2.72, 2.36, 2.97, 3.65, 3.48, 3.48, 3.94, 4.66, 4.76, 4.48, 4.18, 3.84, 3.92, 4.15, 3.7, 2.67, 2.47, 2.76, 3.31, 3.95, 3.93, 3.58, 2.39, 2.99, 3.85, 4.29, 3.97, 3.48, 3.25, 3.26, 3.64, 3.26, 2.86, 2.68, 3.23, 2.99, 2.91, 2.88, 2.82, 3.1, 2.18, 1.89, 2.06, 2.74, 2.42, 2.22, 2.28, 2.13, 1.72, 1.98, 1.85, 1.15, 0, 1.07, 1.44, 1.46, 1.63, 1.47, 1.51, 1.5, 1.68, 2.05, 2.53, 4.05, 4.37, 4.14, 3.95, 5.62, 7.566, 8.684, 9.159, 8.813, 8.003, 7.049, 6.16, 5.853, 6.168, 6.243, 6.97, 7.53, 7.49, 7.43, 7.89], [3.4, 2.47, 2.02, 2.23, 2.07, 2.76, 3.48, 2.97, 3.13, 3.65, 4.41, 4.43, 4.31, 3.93, 3.63, 3.51, 3.5, 2.97, 2.08, 1.76, 2.23, 2.98, 3.6, 3.72, 3.55, 2.56, 2.88, 3.6, 4.1, 3.74, 3.31, 3.1, 2.87, 3.07, 2.85, 2.49, 2.23, 2.84, 2.66, 2.56, 2.71, 2.43, 2.55, 2.09, 1.52, 1.83, 2.35, 2.37, 2.37, 2.19, 2.0, 1.53, 2.05, 1.72, 1.16, 1.07, 0, 0.87, 0.97, 1.5, 1.26, 1.14, 1.07, 1.33, 1.58, 2.12, 3.62, 3.96, 3.83, 3.46, 5.478, 7.278, 8.251, 8.814, 8.365, 7.535, 6.544, 5.49, 5.363, 5.611, 5.755, 6.4, 7.04, 7.04, 6.72, 7.18], [3.67, 2.5, 1.79, 2.02, 1.96, 2.27, 2.95, 2.5, 2.66, 3.12, 3.88, 3.92, 3.76, 3.36, 3.08, 2.98, 3.09, 2.62, 1.85, 1.65, 1.84, 2.49, 3.07, 3.19, 3.12, 2.07, 2.41, 3.15, 3.57, 3.23, 2.78, 2.57, 2.42, 2.7, 2.34, 2.08, 2.12, 2.69, 2.49, 2.37, 2.7, 2.58, 2.72, 1.9, 1.25, 2.04, 2.7, 2.74, 2.66, 2.5, 1.91, 1.46, 1.8, 1.47, 1.23, 1.44, 0.87, 0, 0.72, 1.67, 1.51, 1.15, 1.0, 1.26, 1.47, 1.77, 3.13, 3.39, 3.34, 2.93, 5.044, 6.716, 7.682, 8.251, 7.787, 6.98, 6.049, 5.094, 4.813, 5.164, 5.27, 5.89, 6.49, 6.49, 6.21, 6.65], [3.37, 2.3, 1.65, 2.06, 1.84, 2.37, 3.23, 2.8, 3.04, 3.48, 4.2, 4.22, 4.1, 3.66, 3.32, 3.2, 3.29, 2.76, 1.95, 1.75, 1.92, 2.77, 3.33, 3.41, 3.24, 2.29, 2.63, 3.35, 3.83, 3.47, 3.04, 2.83, 2.6, 2.88, 2.54, 2.02, 2.04, 2.65, 2.39, 2.35, 2.68, 2.36, 2.46, 1.8, 1.09, 1.82, 2.36, 2.64, 2.4, 2.22, 1.57, 1.22, 1.64, 1.41, 0.99, 1.46, 0.97, 0.72, 0, 1.35, 1.23, 1.05, 1.0, 1.18, 1.39, 1.97, 3.29, 3.67, 3.56, 3.17, 5.299, 6.951, 7.956, 8.476, 8.078, 7.231, 6.277, 5.229, 5.078, 5.444, 5.588, 6.15, 6.77, 6.79, 6.37, 6.91], [2.76, 1.81, 1.98, 2.39, 1.87, 2.96, 4.0, 3.61, 3.69, 4.15, 4.93, 4.93, 4.79, 4.37, 4.07, 4.07, 4.24, 3.67, 2.72, 2.48, 2.71, 3.58, 4.16, 4.18, 3.95, 3.0, 3.38, 4.2, 4.62, 4.32, 3.81, 3.54, 3.53, 3.83, 3.31, 2.55, 2.09, 2.66, 2.46, 2.34, 2.19, 1.89, 2.19, 2.43, 1.82, 1.65, 1.77, 1.99, 1.75, 1.69, 1.24, 1.63, 2.33, 2.24, 1.62, 1.63, 1.5, 1.67, 1.35, 0, 1.14, 1.6, 1.57, 1.65, 1.92, 2.76, 4.26, 4.54, 4.41, 4.08, 6.18, 7.895, 8.963, 9.441, 9.074, 8.247, 7.293, 6.276, 5.894, 6.408, 6.495, 7.18, 7.74, 7.76, 7.42, 7.78], [2.78, 1.57, 1.9, 1.89, 1.69, 2.68, 3.68, 3.27, 3.51, 3.95, 4.57, 4.57, 4.43, 3.93, 3.65, 3.65, 3.74, 3.19, 2.38, 2.1, 2.53, 3.26, 3.82, 3.84, 3.75, 2.8, 3.14, 3.86, 4.3, 3.98, 3.45, 3.16, 3.25, 3.49, 2.85, 2.29, 1.89, 2.38, 2.32, 2.22, 2.25, 1.95, 2.15, 1.81, 1.28, 1.29, 1.69, 1.75, 1.87, 1.75, 1.34, 1.53, 2.29, 2.08, 1.38, 1.47, 1.26, 1.51, 1.23, 1.14, 0, 0.88, 1.11, 1.13, 1.76, 2.52, 3.82, 4.24, 4.05, 3.96, 5.968, 7.404, 8.574, 9.04, 8.594, 7.79, 6.759, 5.99, 5.925, 5.883, 5.993, 6.62, 7.24, 7.24, 7.12, 7.66], [3.1, 1.75, 1.58, 1.63, 1.49, 2.28, 3.2, 2.73, 2.99, 3.45, 4.11, 4.23, 4.01, 3.55, 3.27, 3.29, 3.36, 2.75, 1.96, 1.72, 2.17, 2.74, 3.28, 3.22, 3.27, 2.26, 2.58, 3.32, 3.78, 3.44, 3.01, 2.74, 2.85, 3.11, 2.37, 2.09, 1.87, 2.4, 2.26, 2.1, 2.43, 2.21, 2.31, 1.53, 1.04, 1.41, 2.05, 2.07, 2.13, 2.03, 1.62, 1.45, 2.01, 1.72, 1.24, 1.51, 1.14, 1.15, 1.05, 1.6, 0.88, 0, 0.77, 0.95, 1.6, 2.22, 3.46, 3.98, 3.79, 3.6, 5.557, 7.039, 8.144, 8.68, 8.091, 7.361, 6.347, 5.553, 5.545, 5.531, 5.638, 6.24, 6.82, 6.8, 6.78, 7.32], [3.23, 2.06, 1.71, 1.78, 1.68, 2.43, 3.27, 2.8, 2.96, 3.48, 4.18, 4.3, 4.06, 3.6, 3.32, 3.2, 3.17, 2.56, 1.61, 1.49, 2.08, 2.79, 3.35, 3.41, 3.42, 2.39, 2.65, 3.37, 3.85, 3.49, 3.0, 2.69, 2.74, 3.0, 2.44, 2.12, 1.86, 2.51, 2.35, 2.27, 2.46, 2.0, 2.04, 1.8, 1.21, 1.78, 2.2, 2.42, 2.54, 2.3, 1.77, 1.6, 2.06, 1.89, 1.49, 1.5, 1.07, 1.0, 1.0, 1.57, 1.11, 0.77, 0, 0.68, 1.25, 2.13, 3.39, 3.79, 3.62, 3.55, 5.584, 6.956, 8.101, 8.613, 8.049, 7.339, 6.268, 5.34, 5.293, 5.403, 5.551, 6.13, 6.75, 6.77, 6.43, 6.87], [3.43, 2.12, 1.79, 1.76, 1.68, 2.57, 3.17, 2.8, 2.94, 3.34, 3.96, 4.06, 3.84, 3.38, 3.06, 2.92, 2.93, 2.4, 1.89, 1.81, 2.32, 2.81, 3.23, 3.55, 3.5, 2.41, 2.55, 3.17, 3.61, 3.25, 2.76, 2.47, 2.54, 2.84, 2.34, 2.16, 1.86, 2.41, 2.33, 2.27, 2.44, 2.28, 2.36, 1.86, 1.17, 1.66, 2.36, 2.64, 2.58, 2.5, 1.65, 1.46, 1.94, 1.79, 1.49, 1.68, 1.33, 1.26, 1.18, 1.65, 1.13, 0.95, 0.68, 0, 1.09, 1.93, 3.13, 3.59, 3.42, 3.39, 5.333, 6.668, 7.872, 8.35, 7.789, 7.068, 6.049, 5.22, 5.215, 5.194, 5.367, 5.87, 6.47, 6.49, 6.27, 6.81], [3.96, 2.95, 2.44, 2.37, 2.31, 2.74, 3.1, 2.85, 2.89, 3.15, 3.63, 3.65, 3.53, 3.09, 2.71, 2.53, 2.6, 2.05, 1.88, 1.94, 2.29, 2.98, 3.34, 3.74, 3.75, 2.82, 2.52, 3.04, 3.4, 3.08, 2.59, 2.4, 2.21, 2.53, 2.51, 2.71, 2.37, 2.88, 2.82, 2.82, 3.07, 2.79, 2.81, 2.45, 1.72, 2.45, 2.95, 3.35, 3.29, 3.13, 2.18, 1.79, 2.19, 2.08, 1.84, 2.05, 1.58, 1.47, 1.39, 1.92, 1.76, 1.6, 1.25, 1.09, 0, 1.48, 2.62, 3.02, 2.85, 2.94, 4.843, 6.275, 7.337, 7.798, 7.445, 6.595, 5.581, 4.596, 4.463, 4.779, 4.906, 5.46, 6.1, 6.12, 5.64, 6.08], [4.96, 3.67, 2.66, 2.87, 2.89, 2.7, 2.96, 2.79, 2.79, 2.99, 3.33, 3.15, 3.09, 2.85, 2.41, 1.99, 2.46, 2.13, 2.26, 2.16, 2.47, 2.9, 3.48, 3.78, 3.75, 2.74, 2.58, 3.2, 3.4, 3.08, 2.69, 2.42, 2.47, 2.83, 2.77, 2.81, 2.73, 3.22, 3.3, 3.4, 3.55, 3.95, 3.89, 2.79, 2.12, 2.95, 3.83, 3.87, 3.85, 3.87, 2.74, 1.99, 2.13, 2.02, 2.0, 2.53, 2.12, 1.77, 1.97, 2.76, 2.52, 2.22, 2.13, 1.93, 1.48, 0, 1.68, 2.04, 2.05, 1.98, 3.84, 5.295, 6.405, 6.917, 6.554, 5.707, 4.813, 3.913, 3.703, 3.834, 3.818, 4.5, 5.1, 5.06, 5.02, 5.56], [6.1, 4.75, 3.56, 3.39, 3.61, 3.24, 2.98, 2.67, 2.89, 2.99, 3.01, 2.85, 2.75, 2.63, 2.25, 1.77, 2.22, 2.31, 2.98, 3.0, 2.89, 2.92, 3.22, 3.56, 3.65, 3.24, 2.68, 2.92, 3.08, 2.86, 2.69, 2.6, 2.51, 2.89, 2.81, 3.61, 3.75, 3.54, 3.72, 4.14, 4.89, 5.25, 5.09, 3.51, 2.96, 3.91, 5.09, 5.21, 5.17, 5.09, 3.62, 2.97, 2.81, 2.92, 3.38, 4.05, 3.62, 3.13, 3.29, 4.26, 3.82, 3.46, 3.39, 3.13, 2.62, 1.68, 0, 1.1, 1.63, 1.88, 2.84, 3.759, 4.993, 5.452, 4.971, 4.261, 3.275, 2.665, 2.83, 2.79, 2.84, 3.08, 3.72, 3.74, 3.86, 4.52], [6.38, 5.15, 4.26, 4.03, 4.21, 3.74, 2.88, 2.81, 2.77, 2.69, 2.89, 2.67, 2.55, 2.49, 2.27, 1.81, 2.24, 2.41, 3.14, 3.38, 3.01, 3.06, 3.34, 3.68, 3.83, 3.78, 3.2, 3.26, 3.34, 3.16, 3.15, 3.04, 2.63, 2.81, 3.03, 4.17, 4.17, 3.9, 4.06, 4.68, 5.29, 5.69, 5.53, 4.09, 3.62, 4.41, 5.45, 5.59, 5.53, 5.45, 4.22, 3.53, 3.31, 3.44, 3.84, 4.37, 3.96, 3.39, 3.67, 4.54, 4.24, 3.98, 3.79, 3.59, 3.02, 2.04, 1.1, 0, 1.05, 1.84, 2.86, 3.63, 4.7, 5.23, 4.777, 4.075, 3.268, 2.548, 2.53, 2.75, 2.68, 2.78, 3.24, 3.4, 3.4, 4.06], [6.13, 4.88, 4.15, 3.84, 3.98, 3.59, 3.25, 3.34, 3.3, 3.22, 3.2, 2.9, 2.84, 2.54, 2.34, 2.08, 2.57, 2.88, 3.45, 3.65, 3.56, 3.63, 3.79, 4.17, 4.3, 4.05, 3.53, 3.41, 3.55, 3.21, 3.2, 3.21, 2.98, 3.3, 3.32, 4.34, 4.06, 3.81, 3.91, 4.51, 5.14, 5.48, 5.26, 3.92, 3.43, 4.1, 5.16, 5.48, 5.34, 5.22, 4.11, 3.4, 3.18, 3.21, 3.67, 4.14, 3.83, 3.34, 3.56, 4.41, 4.05, 3.79, 3.62, 3.42, 2.85, 2.05, 1.63, 1.05, 0, 2.07, 2.93, 3.7, 5.047, 5.52, 5.073, 4.363, 3.452, 2.93, 2.9, 3.04, 2.85, 3.05, 3.45, 3.47, 3.57, 4.21], [6.256, 4.99, 4.02, 4.27, 4.25, 4.1, 4.2, 4.01, 3.93, 4.09, 4.35, 4.21, 4.03, 3.97, 3.61, 3.07, 3.32, 3.37, 3.62, 3.62, 3.73, 4.2, 4.72, 5.04, 5.03, 3.94, 3.78, 4.34, 4.52, 4.16, 3.79, 3.62, 3.61, 3.97, 4.03, 4.19, 4.29, 4.8, 4.74, 4.74, 5.01, 5.31, 5.29, 3.97, 3.44, 4.35, 5.229, 5.19, 5.11, 5.09, 4.0, 3.13, 3.29, 3.22, 3.38, 3.95, 3.46, 2.93, 3.17, 4.08, 3.96, 3.6, 3.55, 3.39, 2.94, 1.98, 1.88, 1.84, 2.07, 0, 2.3, 3.971, 4.995, 5.525, 5.13, 4.34, 3.6, 2.8, 2.57, 2.85, 2.9, 3.38, 3.88, 3.88, 3.78, 4.34], [8.373, 6.927, 5.46, 5.43, 5.57, 4.76, 4.32, 4.25, 4.25, 4.15, 3.91, 3.85, 3.61, 3.81, 3.71, 3.51, 3.98, 4.35, 5.3, 5.38, 4.99, 4.54, 4.7, 5.02, 5.09, 4.7, 4.52, 4.22, 4.28, 4.0, 3.97, 4.14, 4.15, 4.43, 4.79, 5.73, 6.09, 5.8, 5.68, 6.02, 6.79, 7.504, 7.455, 5.673, 5.223, 6.135, 7.344, 7.181, 6.805, 6.996, 5.649, 4.956, 4.31, 4.54, 5.175, 5.62, 5.478, 5.044, 5.299, 6.18, 5.968, 5.557, 5.584, 5.333, 4.843, 3.84, 2.84, 2.86, 2.93, 2.3, 0, 2.15, 3.24, 3.79, 3.49, 2.88, 2.28, 2.12, 2.29, 2.55, 2.48, 2.48, 2.96, 2.94, 3.34, 3.92], [9.494, 8.121, 7.166, 6.659, 6.965, 6.07, 5.11, 5.06, 5.22, 4.8, 4.0, 3.72, 3.68, 4.02, 4.135, 4.012, 4.25, 5.08, 6.436, 6.619, 6.08, 5.31, 4.89, 5.27, 5.84, 6.492, 6.014, 5.13, 4.77, 4.883, 5.241, 5.326, 5.286, 5.16, 5.755, 7.138, 7.359, 6.719, 6.83, 7.589, 8.502, 8.81, 8.538, 6.913, 6.514, 7.257, 8.605, 8.748, 8.72, 8.694, 7.26, 6.601, 6.144, 6.243, 6.952, 7.566, 7.278, 6.716, 6.951, 7.895, 7.404, 7.039, 6.956, 6.668, 6.275, 5.295, 3.759, 3.63, 3.7, 3.971, 2.15, 0, 1.77, 2.22, 2.04, 1.81, 1.73, 2.33, 2.62, 2.24, 2.07, 1.77, 1.75, 1.93, 2.57, 3.11], [10.804, 9.506, 8.21, 7.888, 8.197, 7.261, 5.85, 5.845, 6.081, 5.544, 4.78, 4.645, 4.894, 5.24, 5.514, 5.278, 5.39, 6.06, 7.388, 7.579, 6.948, 5.975, 5.447, 5.867, 6.468, 7.644, 7.082, 6.121, 5.781, 5.898, 6.306, 6.488, 6.268, 6.049, 6.93, 8.199, 8.55, 7.902, 7.772, 8.567, 9.612, 9.972, 9.845, 8.304, 7.813, 8.69, 9.823, 9.858, 9.802, 9.76, 8.342, 7.623, 7.165, 7.342, 8.022, 8.684, 8.251, 7.682, 7.956, 8.963, 8.574, 8.144, 8.101, 7.872, 7.337, 6.405, 4.993, 4.7, 5.047, 4.995, 3.24, 1.77, 0, 0.83, 1.13, 1.44, 2.02, 2.963, 3.21, 3.13, 3.247, 2.76, 2.74, 2.9, 3.588, 4.12], [11.362, 9.987, 8.706, 8.418, 8.653, 7.671, 6.337, 6.39, 6.632, 6.057, 5.276, 5.182, 5.416, 5.759, 5.97, 5.83, 5.919, 6.587, 7.949, 8.14, 7.497, 6.475, 5.937, 6.337, 6.942, 8.12, 7.578, 6.624, 6.244, 6.381, 6.776, 6.96, 6.777, 6.559, 7.425, 8.694, 9.025, 8.338, 8.283, 9.14, 10.068, 10.473, 10.363, 8.739, 8.26, 9.185, 10.362, 10.353, 10.277, 10.235, 8.817, 8.116, 7.659, 7.815, 8.518, 9.159, 8.814, 8.251, 8.476, 9.441, 9.04, 8.68, 8.613, 8.35, 7.798, 6.917, 5.452, 5.23, 5.52, 5.525, 3.79, 2.22, 0.83, 0, 1.28, 1.79, 2.465, 3.496, 3.732, 3.637, 3.817, 3.226, 3.209, 3.39, 4.058, 4.61], [10.758, 9.37, 8.317, 7.73, 8.161, 7.085, 5.788, 5.984, 6.224, 5.65, 4.741, 4.733, 4.978, 5.298, 5.527, 5.287, 5.265, 6.066, 7.402, 7.619, 7.061, 6.043, 5.354, 5.774, 6.55, 7.729, 7.177, 6.139, 5.702, 5.865, 6.37, 6.5, 6.381, 6.115, 6.884, 8.287, 8.601, 7.926, 7.834, 8.625, 9.684, 9.889, 9.777, 8.23, 7.754, 8.693, 9.858, 9.87, 9.913, 9.867, 8.417, 7.724, 7.264, 7.463, 8.12, 8.813, 8.365, 7.787, 8.078, 9.074, 8.594, 8.091, 8.049, 7.789, 7.445, 6.554, 4.971, 4.777, 5.073, 5.13, 3.49, 2.04, 1.13, 1.28, 0, 1.05, 1.95, 3.03, 3.4, 3.1, 3.19, 2.79, 2.83, 3.01, 3.67, 4.25], [10.108, 8.76, 7.472, 7.083, 7.451, 6.235, 5.02, 5.165, 5.397, 4.865, 4.05, 3.97, 4.208, 4.568, 4.797, 4.657, 4.638, 5.313, 6.692, 6.849, 6.245, 5.298, 4.58, 5.04, 5.785, 6.919, 6.387, 5.312, 4.887, 5.075, 5.62, 5.79, 5.551, 5.268, 6.16, 7.457, 7.834, 7.176, 7.03, 7.855, 8.837, 9.208, 9.138, 7.6, 7.067, 8.043, 9.131, 9.14, 9.103, 9.077, 7.607, 6.897, 6.437, 6.653, 7.31, 8.003, 7.535, 6.98, 7.231, 8.247, 7.79, 7.361, 7.339, 7.068, 6.595, 5.707, 4.261, 4.075, 4.363, 4.34, 2.88, 1.81, 1.44, 1.79, 1.05, 0, 1.22, 2.34, 2.57, 2.51, 2.54, 2.12, 2.32, 2.56, 3.1, 3.78], [9.154, 7.772, 6.513, 6.137, 6.46, 5.71, 4.808, 4.418, 4.551, 4.246, 3.664, 3.438, 3.615, 3.77, 3.952, 3.711, 3.756, 4.316, 5.612, 5.866, 5.361, 4.534, 4.376, 4.851, 5.264, 6.007, 5.405, 4.382, 4.062, 4.202, 4.592, 4.739, 4.568, 4.361, 5.172, 6.492, 6.846, 6.282, 6.085, 6.87, 7.875, 8.159, 8.092, 6.552, 5.999, 7.075, 8.2, 8.149, 8.152, 8.089, 6.599, 5.929, 5.469, 5.705, 6.345, 7.049, 6.544, 6.049, 6.277, 7.293, 6.759, 6.347, 6.268, 6.049, 5.581, 4.813, 3.275, 3.268, 3.452, 3.6, 2.28, 1.73