[[0, 1.8, 2.03, 2.33, 2.18, 1.86, 1.79, 1.81, 2.18, 1.63, 1.91, 3.14, 2.91, 3.0, 2.62, 2.68, 2.99, 2.95, 2.58, 2.16, 1.99, 2.2, 2.38, 2.62, 2.35, 2.62, 3.36, 3.92, 4.36, 4.27, 4.06, 4.01, 4.03, 5.0, 6.89, 7.66, 7.606, 7.142, 6.018, 5.825, 6.085, 6.292, 6.129, 5.329, 4.797, 4.52, 4.15, 4.362, 4.642, 5.392, 5.38, 6.236, 7.913, 7.892, 8.416, 8.063, 8.295, 9.529, 10.759, 11.235, 11.796, 13.087, 12.948, 12.544, 12.836, 11.39, 9.569, 7.366, 6.162, 5.648, 5.398, 5.119, 4.52, 4.5, 4.9, 4.29, 4.23, 4.15, 3.67, 3.79, 4.28, 4.21, 4.225, 5.355, 6.075, 5.799], [1.8, 0, 0.77, 1.07, 1.1, 1.2, 1.31, 1.75, 1.8, 1.83, 2.61, 4.031, 3.762, 3.2, 2.86, 2.92, 3.55, 3.67, 2.72, 2.48, 2.35, 2.24, 2.32, 2.42, 2.15, 2.58, 3.42, 3.92, 4.52, 4.53, 4.56, 4.49, 4.81, 5.92, 7.849, 8.619, 8.582, 8.136, 7.015, 6.776, 7.058, 7.245, 7.082, 6.265, 5.771, 5.455, 5.11, 5.349, 5.629, 6.325, 6.281, 7.203, 8.913, 8.897, 9.419, 9.063, 9.283, 10.512, 11.745, 12.223, 12.787, 14.081, 13.942, 13.541, 13.83, 12.401, 10.572, 8.323, 7.109, 6.654, 6.386, 6.116, 5.327, 5.215, 5.28, 4.37, 4.43, 4.35, 3.83, 3.97, 4.46, 4.568, 5.172, 6.351, 7.074, 6.801], [2.03, 0.77, 0, 1.1, 1.11, 1.17, 1.36, 1.78, 1.81, 1.9, 2.62, 4.039, 3.887, 3.363, 3.083, 3.163, 3.787, 3.78, 2.85, 2.63, 2.6, 2.53, 2.65, 2.55, 2.3, 2.75, 3.67, 4.29, 4.95, 4.88, 4.79, 4.72, 5.0, 5.97, 7.9, 8.649, 8.592, 8.169, 7.067, 6.815, 7.068, 7.275, 7.112, 6.275, 5.781, 5.525, 5.165, 5.376, 5.692, 6.349, 6.291, 7.216, 8.922, 8.921, 9.426, 9.07, 9.276, 10.525, 11.757, 12.236, 12.8, 14.103, 13.967, 13.554, 13.848, 12.443, 10.628, 8.376, 7.178, 6.719, 6.423, 6.161, 5.44, 5.283, 5.29, 4.5, 4.4, 4.38, 3.88, 4.02, 4.51, 4.67, 5.271, 6.37, 7.096, 6.832], [2.33, 1.07, 1.1, 0, 1.09, 1.13, 1.4, 2.08, 2.13, 2.04, 2.82, 4.01, 3.792, 2.95, 2.47, 2.67, 3.458, 3.58, 2.91, 2.95, 2.7, 2.35, 2.51, 2.41, 2.14, 2.47, 3.17, 3.89, 4.61, 4.56, 4.61, 4.64, 4.96, 5.83, 7.78, 8.489, 8.439, 8.024, 6.92, 6.667, 6.915, 7.115, 6.932, 6.104, 5.621, 5.455, 5.22, 5.335, 5.587, 6.182, 6.023, 7.039, 8.743, 8.759, 9.266, 8.925, 9.128, 10.359, 11.597, 12.091, 12.643, 13.966, 13.824, 13.406, 13.706, 12.312, 10.448, 8.225, 7.033, 6.568, 6.277, 5.978, 5.164, 4.801, 4.79, 4.2, 4.06, 3.9, 3.64, 4.08, 4.41, 4.48, 5.2, 6.256, 6.982, 6.704], [2.18, 1.1, 1.11, 1.09, 0, 0.78, 1.31, 1.95, 2.08, 2.11, 3.03, 4.603, 4.47, 3.56, 3.02, 3.14, 3.93, 4.09, 3.18, 2.76, 2.35, 2.3, 2.38, 2.38, 2.33, 2.74, 3.56, 4.36, 5.06, 5.05, 5.1, 5.13, 5.51, 6.54, 8.41, 9.099, 9.049, 8.677, 7.567, 7.297, 7.548, 7.725, 7.572, 6.732, 6.24, 5.895, 5.339, 5.799, 6.134, 6.783, 6.639, 7.655, 9.379, 9.429, 9.905, 9.541, 9.742, 10.981, 12.217, 12.71, 13.293, 14.562, 14.441, 14.025, 14.325, 12.926, 11.007, 8.795, 7.62, 7.158, 6.865, 6.622, 5.791, 5.451, 5.32, 4.53, 4.43, 4.37, 4.03, 4.21, 4.52, 5.033, 5.747, 6.895, 7.621, 7.325], [1.86, 1.2, 1.17, 1.13, 0.78, 0, 1.01, 1.79, 1.96, 1.73, 2.45, 3.92, 3.81, 3.1, 2.66, 2.74, 3.41, 3.39, 2.8, 2.52, 2.29, 2.18, 2.32, 2.28, 2.15, 2.52, 3.32, 4.1, 4.74, 4.61, 4.6, 4.57, 4.85, 5.82, 7.69, 8.379, 8.326, 7.937, 6.83, 6.56, 6.808, 6.995, 6.832, 6.006, 5.5, 5.178, 4.659, 5.062, 5.397, 6.052, 5.919, 6.915, 8.659, 8.709, 9.191, 8.824, 9.002, 10.253, 11.477, 11.97, 12.573, 13.828, 13.701, 13.285, 13.605, 12.206, 10.267, 8.055, 6.883, 6.418, 6.133, 5.908, 5.123, 4.83, 4.88, 4.29, 4.13, 4.07, 3.71, 3.85, 4.3, 4.53, 5.07, 6.181, 6.901, 6.62], [1.79, 1.31, 1.36, 1.4, 1.31, 1.01, 0, 1.38, 1.55, 1.3, 2.3, 3.79, 3.74, 3.09, 2.71, 2.73, 3.4, 3.32, 2.85, 2.59, 2.38, 2.17, 2.37, 2.49, 2.42, 2.83, 3.59, 4.29, 4.87, 4.74, 4.63, 4.66, 4.9, 5.77, 7.54, 8.15, 8.063, 7.753, 6.66, 6.387, 6.547, 6.737, 6.571, 5.731, 5.227, 4.912, 4.402, 4.841, 5.227, 5.811, 5.673, 6.686, 8.383, 8.454, 8.964, 8.631, 8.743, 9.989, 11.207, 11.718, 12.318, 13.601, 13.463, 13.058, 13.404, 12.096, 10.064, 7.846, 6.733, 6.308, 5.896, 5.698, 4.91, 4.67, 4.95, 4.42, 4.24, 4.08, 3.82, 3.84, 4.33, 4.42, 4.9, 5.971, 6.728, 6.39], [1.81, 1.75, 1.78, 2.08, 1.95, 1.79, 1.38, 0, 0.89, 0.98, 1.96, 3.43, 3.98, 3.83, 3.55, 3.55, 4.1, 3.94, 3.61, 3.31, 3.16, 3.05, 3.21, 3.29, 3.26, 3.67, 4.45, 5.09, 5.57, 5.4, 5.23, 5.12, 5.14, 5.87, 7.2, 7.89, 7.746, 7.356, 6.312, 6.128, 6.193, 6.443, 6.14, 5.432, 4.892, 4.57, 4.04, 4.585, 4.937, 5.704, 5.725, 6.382, 7.95, 8.0, 8.547, 8.22, 8.311, 9.525, 10.802, 11.35, 11.856, 13.213, 13.151, 12.653, 12.956, 11.724, 9.896, 7.639, 6.608, 6.029, 5.63, 5.491, 5.16, 5.288, 5.77, 5.28, 5.1, 5.0, 4.68, 4.66, 5.01, 4.86, 4.804, 5.471, 6.2, 5.996], [2.18, 1.8, 1.81, 2.13, 2.08, 1.96, 1.55, 0.89, 0, 1.15, 2.17, 3.701, 4.317, 4.04, 3.84, 3.9, 4.46, 4.29, 3.84, 3.54, 3.39, 3.2, 3.36, 3.44, 3.43, 3.88, 4.66, 5.3, 5.84, 5.71, 5.6, 5.45, 5.47, 6.2, 7.47, 8.06, 7.929, 7.557, 6.605, 6.481, 6.641, 6.835, 6.462, 5.865, 5.32, 4.805, 4.411, 4.964, 5.347, 6.214, 6.155, 6.739, 8.233, 8.317, 8.86, 8.539, 8.674, 9.898, 11.108, 11.59, 12.15, 13.456, 13.349, 12.925, 13.223, 11.809, 10.329, 8.072, 6.913, 6.271, 5.984, 5.924, 5.63, 5.695, 6.04, 5.47, 5.31, 5.19, 4.85, 4.83, 5.26, 5.11, 5.234, 5.776, 6.501, 6.226], [1.63, 1.83, 1.9, 2.04, 2.11, 1.73, 1.3, 0.98, 1.15, 0, 1.5, 2.95, 3.42, 3.29, 2.99, 3.05, 3.48, 3.34, 3.11, 2.91, 2.76, 2.55, 2.71, 2.77, 2.76, 3.15, 3.87, 4.49, 4.87, 4.74, 4.59, 4.46, 4.5, 5.23, 6.78, 7.502, 7.376, 6.984, 5.92, 5.768, 5.898, 6.085, 5.906, 5.162, 4.63, 4.282, 3.96, 4.295, 4.59, 5.404, 5.425, 6.109, 7.7, 7.696, 8.217, 7.891, 8.091, 9.315, 10.545, 11.042, 11.608, 12.915, 12.816, 12.392, 12.69, 11.287, 9.531, 7.322, 6.068, 5.572, 5.303, 5.091, 4.67, 4.79, 5.29, 4.78, 4.64, 4.52, 4.18, 4.16, 4.61, 4.48, 4.324, 5.197, 5.899, 5.644], [1.91, 2.61, 2.62, 2.82, 3.03, 2.45, 2.3, 1.96, 2.17, 1.5, 0, 1.87, 2.26, 2.13, 2.13, 2.41, 2.66, 2.42, 2.11, 2.09, 2.3, 2.15, 2.33, 2.57, 2.7, 2.79, 3.05, 3.53, 3.91, 3.8, 3.63, 3.46, 3.48, 4.31, 5.6, 6.41, 6.333, 5.918, 4.84, 4.73, 4.832, 5.059, 4.855, 4.1, 3.564, 3.269, 2.84, 3.23, 3.47, 4.34, 4.37, 5.003, 6.674, 6.659, 7.172, 6.825, 7.025, 8.279, 9.509, 9.985, 10.549, 11.857, 11.73, 11.326, 11.62, 10.184, 8.51, 6.27, 5.11, 4.52, 4.27, 4.09, 3.65, 3.79, 4.17, 3.62, 3.6, 3.4, 3.08, 3.08, 3.57, 3.28, 3.34, 4.162, 4.853, 4.552], [3.14, 4.031, 4.039, 4.01, 4.603, 3.92, 3.79, 3.43, 3.701, 2.95, 1.87, 0, 0.95, 1.56, 2.2, 2.42, 1.93, 1.77, 2.52, 3.02, 3.31, 3.12, 3.36, 3.52, 3.55, 3.1, 2.78, 2.88, 2.9, 2.43, 2.24, 2.21, 2.19, 2.74, 4.05, 4.76, 4.674, 4.24, 3.15, 3.06, 3.16, 3.37, 3.23, 2.47, 1.99, 2.24, 2.17, 1.8, 1.96, 2.77, 2.88, 3.353, 5.011, 4.989, 5.493, 5.143, 5.366, 6.619, 7.851, 8.322, 8.876, 10.165, 10.032, 9.628, 9.911, 8.5, 6.82, 4.58, 3.42, 2.79, 2.58, 2.48, 2.18, 2.38, 2.94, 2.69, 2.67, 2.59, 2.77, 2.69, 2.7, 2.19, 2.05, 2.59, 3.19, 2.879], [2.91, 3.762, 3.887, 3.792, 4.47, 3.81, 3.74, 3.98, 4.317, 3.42, 2.26, 0.95, 0, 1.19, 1.95, 2.07, 1.58, 1.52, 2.23, 2.73, 2.98, 2.83, 3.03, 3.23, 3.14, 2.69, 2.23, 2.25, 2.29, 1.84, 1.59, 1.62, 1.76, 2.47, 4.2, 4.99, 4.904, 4.483, 3.36, 3.13, 3.41, 3.62, 3.46, 2.68, 2.46, 2.87, 2.8, 2.31, 2.31, 2.659, 2.67, 3.523, 5.241, 5.219, 5.723, 5.367, 5.599, 6.854, 8.084, 8.559, 9.12, 10.411, 10.272, 9.868, 10.16, 8.712, 6.975, 4.747, 3.529, 3.102, 2.91, 2.486, 1.81, 2.01, 2.43, 2.24, 2.36, 2.34, 2.5, 2.58, 2.61, 1.96, 2.2, 3.0, 3.56, 3.209], [3.0, 3.2, 3.363, 2.95, 3.56, 3.1, 3.09, 3.83, 4.04, 3.29, 2.13, 1.56, 1.19, 0, 1.24, 1.5, 1.45, 1.55, 1.62, 2.18, 2.37, 2.02, 2.28, 2.42, 2.39, 1.9, 1.62, 1.78, 2.18, 1.91, 1.94, 1.99, 2.29, 3.14, 4.91, 5.684, 5.626, 5.211, 4.084, 3.848, 4.105, 4.332, 4.149, 3.309, 3.09, 3.46, 3.23, 2.84, 3.0, 3.412, 3.328, 4.244, 5.97, 5.992, 6.467, 6.103, 6.33, 7.572, 8.811, 9.284, 9.865, 11.15, 11.026, 10.607, 10.893, 9.48, 7.665, 5.449, 4.193, 3.796, 3.551, 3.208, 2.409, 2.12, 2.28, 1.75, 1.93, 1.67, 2.01, 2.17, 2.24, 1.97, 2.97, 3.75, 4.255, 3.962], [2.62, 2.86, 3.083, 2.47, 3.02, 2.66, 2.71, 3.55, 3.84, 2.99, 2.13, 2.2, 1.95, 1.24, 0, 0.82, 1.43, 1.51, 1.4, 1.7, 1.87, 1.54, 1.64, 1.76, 1.79, 1.58, 1.44, 1.88, 2.64, 2.63, 2.68, 2.71, 3.09, 3.94, 5.81, 6.44, 6.395, 6.054, 4.944, 4.694, 4.868, 5.072, 4.949, 4.15, 3.657, 3.56, 3.41, 3.34, 3.514, 4.155, 4.002, 5.016, 6.719, 6.795, 7.259, 6.915, 7.087, 8.318, 9.572, 10.05, 10.67, 11.956, 11.795, 11.379, 11.719, 10.32, 8.385, 6.129, 4.954, 4.518, 4.23, 4.048, 3.205, 2.88, 3.14, 2.39, 2.43, 2.29, 2.19, 2.49, 2.72, 2.69, 3.27, 4.309, 5.015, 4.702], [2.68, 2.92, 3.163, 2.67, 3.14, 2.74, 2.73, 3.55, 3.9, 3.05, 2.41, 2.42, 2.07, 1.5, 0.82, 0, 1.25, 1.59, 1.64, 1.92, 2.01, 1.76, 1.94, 1.84, 1.65, 1.48, 1.48, 1.9, 2.7, 2.79, 2.76, 2.83, 3.27, 4.08, 5.93, 6.58, 6.49, 6.08, 5.01, 4.72, 4.98, 5.19, 5.03, 4.19, 3.75, 3.8, 3.57, 3.42, 3.62, 4.235, 4.128, 5.108, 6.873, 6.909, 7.394, 7.044, 7.221, 8.438, 9.668, 10.153, 10.796, 12.034, 11.887, 11.508, 11.805, 10.4, 8.485, 6.265, 5.08, 4.633, 4.371, 4.114, 3.32, 3.04, 3.28, 2.51, 2.69, 2.43, 2.49, 2.75, 2.98, 2.87, 3.41, 4.424, 5.121, 4.857], [2.99, 3.55, 3.787, 3.458, 3.93, 3.41, 3.4, 4.1, 4.46, 3.48, 2.66, 1.93, 1.58, 1.45, 1.43, 1.25, 0, 1.08, 1.71, 2.13, 2.36, 2.31, 2.41, 2.53, 2.54, 2.01, 1.61, 1.75, 2.03, 1.94, 1.91, 1.84, 2.24, 2.95, 4.84, 5.47, 5.38, 4.97, 3.86, 3.63, 3.89, 4.1, 4.0, 3.14, 2.88, 3.41, 3.42, 2.71, 2.73, 3.24, 3.29, 4.018, 5.723, 5.759, 6.226, 5.891, 6.071, 7.308, 8.538, 9.017, 9.646, 10.872, 10.756, 10.346, 10.655, 9.23, 7.335, 5.152, 4.01, 3.52, 3.25, 2.975, 2.41, 2.35, 2.73, 2.2, 2.54, 2.34, 2.66, 2.82, 2.89, 2.44, 2.8, 3.48, 3.991, 3.727], [2.95, 3.67, 3.78, 3.58, 4.09, 3.39, 3.32, 3.94, 4.29, 3.34, 2.42, 1.77, 1.52, 1.55, 1.51, 1.59, 1.08, 0, 1.33, 2.01, 2.42, 2.39, 2.49, 2.61, 2.76, 2.35, 1.95, 2.21, 2.23, 2.08, 2.03, 2.02, 2.36, 2.95, 4.68, 5.27, 5.2, 4.85, 3.8, 3.53, 3.75, 3.92, 3.76, 2.98, 2.42, 2.71, 2.64, 2.13, 2.29, 2.896, 2.79, 3.76, 5.481, 5.52, 6.01, 5.648, 5.817, 7.068, 8.295, 8.786, 9.392, 10.657, 10.516, 10.1, 10.44, 9.024, 7.15, 4.909, 3.695, 3.26, 2.978, 2.77, 1.97, 2.09, 2.51, 1.96, 2.08, 2.0, 2.06, 2.22, 2.39, 2.02, 2.22, 3.12, 3.78, 3.45], [2.58, 2.72, 2.85, 2.91, 3.18, 2.8, 2.85, 3.61, 3.84, 3.11, 2.11, 2.52, 2.23, 1.62, 1.4, 1.64, 1.71, 1.33, 0, 0.84, 1.23, 1.28, 1.34, 1.48, 1.75, 1.68, 1.72, 2.1, 2.6, 2.59, 2.72, 2.83, 3.21, 3.94, 5.77, 6.48, 6.39, 6.0, 4.93, 4.7, 4.96, 5.13, 4.97, 4.15, 3.55, 3.36, 2.95, 3.096, 3.376, 4.066, 3.922, 4.95, 6.648, 6.63, 7.16, 6.781, 6.989, 8.244, 9.464, 9.949, 10.509, 11.804, 11.671, 11.27, 11.565, 10.136, 8.302, 6.081, 4.844, 4.389, 4.145, 3.842, 3.016, 2.76, 2.76, 1.77, 1.93, 1.87, 1.35, 1.61, 2.08, 2.15, 2.95, 4.089, 4.829, 4.556], [2.16, 2.48, 2.63, 2.95, 2.76, 2.52, 2.59, 3.31, 3.54, 2.91, 2.09, 3.02, 2.73, 2.18, 1.7, 1.92, 2.13, 2.01, 0.84, 0, 0.73, 0.98, 0.94, 1.24, 1.71, 1.92, 2.12, 2.46, 3.12, 3.23, 3.32, 3.43, 3.81, 4.6, 6.51, 7.2, 7.13, 6.74, 5.63, 5.4, 5.68, 5.87, 5.71, 4.89, 4.25, 3.9, 3.39, 3.756, 4.056, 4.746, 4.602, 5.63, 7.328, 7.306, 7.831, 7.477, 7.709, 8.944, 10.174, 10.649, 11.21, 12.501, 12.362, 11.958, 12.25, 10.813, 8.984, 6.799, 5.541, 5.089, 4.845, 4.533, 3.716, 3.46, 3.46, 2.35, 2.51, 2.51, 1.93, 2.03, 2.52, 2.83, 3.59, 4.789, 5.53, 5.26], [1.99, 2.35, 2.6, 2.7, 2.35, 2.29, 2.38, 3.16, 3.39, 2.76, 2.3, 3.31, 2.98, 2.37, 1.87, 2.01, 2.36, 2.42, 1.23, 0.73, 0, 0.75, 0.75, 1.25, 1.64, 1.81, 2.13, 2.61, 3.31, 3.5, 3.65, 3.7, 4.1, 5.01, 6.92, 7.61, 7.52, 7.13, 6.02, 5.79, 6.07, 6.26, 6.1, 5.28, 4.64, 4.31, 3.796, 4.166, 4.466, 5.156, 5.012, 6.04, 7.755, 7.733, 8.241, 7.891, 8.135, 9.371, 10.601, 11.076, 11.637, 12.931, 12.798, 12.395, 12.692, 11.255, 9.391, 7.208, 5.966, 5.499, 5.255, 4.952, 4.106, 3.77, 3.69, 2.6, 2.76, 2.74, 2.22, 2.38, 2.75, 3.2, 4.005, 5.199, 5.94, 5.666], [2.2, 2.24, 2.53, 2.35, 2.3, 2.18, 2.17, 3.05, 3.2, 2.55, 2.15, 3.12, 2.83, 2.02, 1.54, 1.76, 2.31, 2.39, 1.28, 0.98, 0.75, 0, 0.64, 1.14, 1.51, 1.8, 2.06, 2.54, 3.38, 3.45, 3.62, 3.67, 4.03, 4.88, 6.73, 7.42, 7.33, 6.94, 5.81, 5.58, 5.88, 6.09, 5.93, 5.11, 4.49, 4.16, 3.65, 4.019, 4.299, 4.989, 4.845, 5.873, 7.591, 7.609, 8.076, 7.729, 7.968, 9.204, 10.442, 10.915, 11.496, 12.782, 12.646, 12.236, 12.525, 11.088, 9.245, 7.042, 5.799, 5.346, 5.088, 4.805, 3.979, 3.602, 3.54, 2.51, 2.59, 2.57, 2.15, 2.31, 2.62, 3.11, 3.918, 5.112, 5.852, 5.539], [2.38, 2.32, 2.65, 2.51, 2.38, 2.32, 2.37, 3.21, 3.36, 2.71, 2.33, 3.36, 3.03, 2.28, 1.64, 1.94, 2.41, 2.49, 1.34, 0.94, 0.75, 0.64, 0, 0.82, 1.47, 1.72, 2.04, 2.5, 3.38, 3.51, 3.66, 3.71, 4.11, 5.02, 6.95, 7.62, 7.55, 7.16, 6.07, 5.84, 6.12, 6.27, 6.11, 5.29, 4.67, 4.34, 3.85, 4.179, 4.479, 5.169, 5.025, 6.053, 7.751, 7.729, 8.253, 7.903, 8.132, 9.366, 10.596, 11.072, 11.636, 12.945, 12.794, 12.393, 12.687, 11.268, 9.386, 7.204, 5.979, 5.512, 5.268, 4.965, 4.119, 3.762, 3.68, 2.63, 2.63, 2.65, 2.15, 2.41, 2.74, 3.29, 4.058, 5.232, 5.99, 5.699], [2.62, 2.42, 2.55, 2.41, 2.38, 2.28, 2.49, 3.29, 3.44, 2.77, 2.57, 3.52, 3.23, 2.42, 1.76, 1.84, 2.53, 2.61, 1.48, 1.24, 1.25, 1.14, 0.82, 0, 1.01, 1.54, 2.04, 2.52, 3.48, 3.75, 3.88, 3.91, 4.27, 5.12, 7.07, 7.78, 7.71, 7.32, 6.23, 6.02, 6.28, 6.43, 6.25, 5.43, 4.85, 4.579, 4.15, 4.359, 4.679, 5.349, 5.205, 6.233, 7.904, 7.889, 8.39, 8.055, 8.275, 9.529, 10.75, 11.229, 11.796, 13.086, 12.972, 12.544, 12.836, 11.44, 9.59, 7.366, 6.159, 5.716, 5.438, 5.136, 4.308, 3.948, 3.76, 2.75, 2.63, 2.63, 2.31, 2.73, 2.9, 3.39, 4.25, 5.392, 6.15, 5.879], [2.35, 2.15, 2.3, 2.14, 2.33, 2.15, 2.42, 3.26, 3.43, 2.76, 2.7, 3.55, 3.14, 2.39, 1.79, 1.65, 2.54, 2.76, 1.75, 1.71, 1.64, 1.51, 1.47, 1.01, 0, 0.93, 1.73, 2.37, 3.43, 3.66, 3.77, 3.88, 4.2, 5.21, 7.2, 7.92, 7.853, 7.469, 6.34, 6.13, 6.41, 6.619, 6.44, 5.62, 5.024, 4.89, 4.6, 4.569, 4.891, 5.504, 5.395, 6.411, 8.074, 8.059, 8.58, 8.233, 8.465, 9.71, 10.923, 11.402, 11.965, 13.259, 13.138, 12.719, 13.008, 11.592, 9.759, 7.536, 6.316, 5.865, 5.588, 5.292, 4.475, 4.109, 3.896, 2.9, 2.88, 2.811, 2.58, 3.14, 3.25, 3.62, 4.5, 5.582, 6.34, 6.049], [2.62, 2.58, 2.75, 2.47, 2.74, 2.52, 2.83, 3.67, 3.88, 3.15, 2.79, 3.1, 2.69, 1.9, 1.58, 1.48, 2.01, 2.35, 1.68, 1.92, 1.81, 1.8, 1.72, 1.54, 0.93, 0, 1.3, 1.94, 2.88, 3.03, 3.14, 3.23, 3.61, 4.62, 6.65, 7.333, 7.286, 6.92, 5.79, 5.565, 5.845, 6.052, 5.889, 5.069, 4.557, 4.68, 4.29, 4.12, 4.442, 4.956, 4.888, 5.844, 7.507, 7.492, 8.025, 7.677, 7.898, 9.126, 10.339, 10.826, 11.381, 12.684, 12.568, 12.147, 12.43, 11.054, 9.166, 6.969, 5.756, 5.292, 5.081, 4.725, 3.882, 3.556, 3.316, 2.53, 2.57, 2.37, 2.47, 2.99, 2.98, 3.29, 4.15, 5.11, 5.775, 5.482], [3.36, 3.42, 3.67, 3.17, 3.56, 3.32, 3.59, 4.45, 4.66, 3.87, 3.05, 2.78, 2.23, 1.62, 1.44, 1.48, 1.61, 1.95, 1.72, 2.12, 2.13, 2.06, 2.04, 2.04, 1.73, 1.3, 0, 1.08, 1.92, 2.27, 2.32, 2.45, 2.87, 3.86, 5.87, 6.553, 6.506, 6.14, 5.01, 4.82, 5.08, 5.272, 5.11, 4.29, 4.09, 4.46, 4.19, 3.82, 3.98, 4.232, 4.188, 5.096, 6.747, 6.735, 7.265, 6.917, 7.138, 8.366, 9.585, 10.066, 10.627, 11.944, 11.797, 11.407, 11.704, 10.294, 8.412, 6.197, 5.082, 4.73, 4.58, 4.068, 3.24, 2.885, 2.7, 2.01, 2.29, 2.19, 2.51, 2.97, 2.84, 2.91, 3.91, 4.75, 5.21, 4.82], [3.92, 3.92, 4.29, 3.89, 4.36, 4.1, 4.29, 5.09, 5.3, 4.49, 3.53, 2.88, 2.25, 1.78, 1.88, 1.9, 1.75, 2.21, 2.1, 2.46, 2.61, 2.54, 2.5, 2.52, 2.37, 1.94, 1.08, 0, 1.22, 1.69, 1.94, 2.03, 2.41, 3.28, 5.23, 5.936, 5.906, 5.52, 4.47, 4.3, 4.54, 4.71, 4.53, 3.89, 4.11, 4.6, 4.41, 3.88, 3.94, 3.93, 3.92, 4.656, 6.15, 6.075, 6.596, 6.26, 6.481, 7.709, 8.922, 9.4, 9.964, 11.258, 11.139, 10.718, 11.013, 9.601, 7.749, 5.552, 4.68, 4.43, 4.32, 3.78, 2.98, 2.54, 2.52, 2.25, 2.57, 2.63, 2.89, 3.27, 3.1, 2.83, 3.89, 4.59, 4.83, 4.54], [4.36, 4.52, 4.95, 4.61, 5.06, 4.74, 4.87, 5.57, 5.84, 4.87, 3.91, 2.9, 2.29, 2.18, 2.64, 2.7, 2.03, 2.23, 2.6, 3.12, 3.31, 3.38, 3.38, 3.48, 3.43, 2.88, 1.92, 1.22, 0, 0.93, 1.2, 1.25, 1.59, 2.36, 4.19, 4.919, 4.869, 4.5, 3.53, 3.32, 3.56, 3.83, 3.91, 3.65, 3.85, 4.5, 4.47, 3.64, 3.62, 3.37, 3.32, 3.8, 5.09, 5.075, 5.607, 5.22, 5.441, 6.669, 7.882, 8.369, 8.927, 10.224, 10.111, 9.69, 9.987, 8.585, 6.709, 4.668, 3.98, 3.85, 3.78, 3.2, 2.52, 2.48, 2.68, 2.57, 2.91, 3.07, 3.27, 3.51, 3.34, 2.91, 3.59, 4.07, 4.01, 3.84], [4.27, 4.53, 4.88, 4.56, 5.05, 4.61, 4.74, 5.4, 5.71, 4.74, 3.8, 2.43, 1.84, 1.91, 2.63, 2.79, 1.94, 2.08, 2.59, 3.23, 3.5, 3.45, 3.51, 3.75, 3.66, 3.03, 2.27, 1.69, 0.93, 0, 0.71, 0.98, 1.42, 1.89, 3.7, 4.389, 4.319, 3.967, 3.12, 2.87, 3.13, 3.42, 3.36, 3.04, 3.34, 4.01, 3.98, 3.09, 3.01, 2.66, 2.61, 3.23, 4.706, 4.645, 5.169, 4.788, 4.991, 6.216, 7.449, 7.939, 8.494, 9.797, 9.667, 9.26, 9.56, 8.144, 6.236, 4.102, 3.37, 3.26, 3.25, 2.65, 1.99, 1.97, 2.15, 2.36, 2.54, 2.7, 2.9, 3.06, 2.85, 2.4, 3.12, 3.58, 3.54, 3.27], [4.06, 4.56, 4.79, 4.61, 5.1, 4.6, 4.63, 5.23, 5.6, 4.59, 3.63, 2.24, 1.59, 1.94, 2.68, 2.76, 1.91, 2.03, 2.72, 3.32, 3.65, 3.62, 3.66, 3.88, 3.77, 3.14, 2.32, 1.94, 1.2, 0.71, 0, 0.79, 1.01, 1.66, 3.69, 4.353, 4.306, 3.954, 2.97, 2.76, 3.14, 3.23, 3.47, 3.03, 3.25, 3.9, 3.87, 3.06, 3.0, 2.75, 2.72, 3.076, 4.647, 4.643, 5.179, 4.815, 5.018, 6.226, 7.459, 7.964, 8.507, 9.81, 9.68, 9.29, 9.57, 8.174, 6.26, 4.205, 3.28, 3.23, 3.16, 2.54, 1.86, 2.1, 2.32, 2.57, 2.69, 2.87, 3.05, 3.17, 3.06, 2.55, 2.99, 3.43, 3.33, 3.08], [4.01, 4.49, 4.72, 4.64, 5.13, 4.57, 4.66, 5.12, 5.45, 4.46, 3.46, 2.21, 1.62, 1.99, 2.71, 2.83, 1.84, 2.02, 2.83, 3.43, 3.7, 3.67, 3.71, 3.91, 3.88, 3.23, 2.45, 2.03, 1.25, 0.98, 0.79, 0, 0.76, 1.59, 3.58, 4.286, 4.276, 3.881, 2.84, 2.65, 2.97, 3.16, 3.46, 3.1, 3.28, 3.95, 3.98, 3.15, 3.03, 2.92, 2.99, 3.19, 4.58, 4.565, 5.097, 4.75, 4.971, 6.199, 7.412, 7.899, 8.457, 9.76, 9.63, 9.24, 9.537, 8.127, 6.199, 4.19, 3.39, 3.24, 3.17, 2.57, 2.07, 2.37, 2.67, 2.64, 2.9, 3.04, 3.24, 3.4, 3.35, 2.8, 2.98, 3.42, 3.32, 3.11], [4.03, 4.81, 5.0, 4.96, 5.51, 4.85, 4.9, 5.14, 5.47, 4.5, 3.48, 2.19, 1.76, 2.29, 3.09, 3.27, 2.24, 2.36, 3.21, 3.81, 4.1, 4.03, 4.11, 4.27, 4.2, 3.61, 2.87, 2.41, 1.59, 1.42, 1.01, 0.76, 0, 1.21, 3.18, 3.906, 3.896, 3.532, 2.68, 2.63, 2.97, 2.92, 3.44, 3.08, 3.28, 3.95, 4.0, 3.13, 3.09, 2.9, 3.07, 2.95, 4.2, 4.185, 4.717, 4.37, 4.591, 5.819, 7.032, 7.519, 8.074, 9.371, 9.232, 8.86, 9.143, 7.731, 5.839, 4.07, 3.31, 3.28, 3.19, 2.57, 2.29, 2.59, 2.93, 3.14, 3.36, 3.48, 3.7, 3.8, 3.79, 3.14, 3.04, 3.4, 3.32, 3.03], [5.0, 5.92, 5.97, 5.83, 6.54, 5.82, 5.77, 5.87, 6.2, 5.23, 4.31, 2.74, 2.47, 3.14, 3.94, 4.08, 2.95, 2.95, 3.94, 4.6, 5.01, 4.88, 5.02, 5.12, 5.21, 4.62, 3.86, 3.28, 2.36, 1.89, 1.66, 1.59, 1.21, 0, 2.11, 2.84, 2.89, 2.52, 1.93, 1.98, 2.24, 2.21, 2.85, 2.57, 2.99, 3.82, 4.09, 2.96, 2.7, 2.35, 2.6, 2.28, 3.173, 3.052, 3.576, 3.226, 3.461, 4.715, 5.862, 6.335, 6.901, 8.198, 8.077, 7.676, 7.976, 6.586, 4.728, 3.26, 2.7, 2.63, 2.7, 1.98, 2.36, 2.56, 2.92, 3.57, 3.61, 3.71, 4.07, 3.83, 3.68, 3.09, 2.71, 2.97, 2.73, 2.48], [6.89, 7.849, 7.9, 7.78, 8.41, 7.69, 7.54, 7.2, 7.47, 6.78, 5.6, 4.05, 4.2, 4.91, 5.81, 5.93, 4.84, 4.68, 5.77, 6.51, 6.92, 6.73, 6.95, 7.07, 7.2, 6.65, 5.87, 5.23, 4.19, 3.7, 3.69, 3.58, 3.18, 2.11, 0, 1.53, 1.7, 1.45, 1.68, 1.95, 1.79, 1.94, 2.38, 2.48, 3.26, 4.07, 4.74, 3.83, 3.45, 2.96, 3.15, 2.29, 2.11, 1.78, 2.15, 1.78, 2.23, 3.21, 4.033, 4.469, 5.115, 6.323, 6.211, 5.82, 6.13, 4.679, 3.15, 2.37, 2.55, 2.66, 2.95, 2.93, 3.71, 4.11, 4.33, 5.08, 5.22, 5.14, 5.52, 5.06, 4.93, 4.22, 3.68, 3.14, 2.82, 2.63], [7.66, 8.619, 8.649, 8.489, 9.099, 8.379, 8.15, 7.89, 8.06, 7.502, 6.41, 4.76, 4.99, 5.684, 6.44, 6.58, 5.47, 5.27, 6.48, 7.2, 7.61, 7.42, 7.62, 7.78, 7.92, 7.333, 6.553, 5.936, 4.919, 4.389, 4.353, 4.286, 3.906, 2.84, 1.53, 0, 0.85, 1.24, 2.03, 2.36, 2.1, 2.13, 2.49, 2.95, 3.51, 4.06, 4.77, 4.02, 3.68, 3.07, 3.28, 2.36, 1.72, 1.39, 1.76, 1.75, 1.76, 2.74, 3.59, 3.891, 4.508, 5.745, 5.61, 5.271, 5.612, 4.278, 2.74, 2.34, 2.8, 2.97, 3.24, 3.32, 4.1, 4.54, 4.82, 5.71, 5.69, 5.67, 6.09, 5.73, 5.56, 4.87, 4.29, 3.41, 3.05, 2.74], [7.606, 8.582, 8.592, 8.439, 9.049, 8.326, 8.063, 7.746, 7.929, 7.376, 6.333, 4.674, 4.904, 5.626, 6.395, 6.49, 5.38, 5.2, 6.39, 7.13, 7.52, 7.33, 7.55, 7.71, 7.853, 7.286, 6.506, 5.906, 4.869, 4.319, 4.306, 4.276, 3.896, 2.89, 1.7, 0.85, 0, 0.85, 1.94, 2.27, 1.95, 1.94, 2.2, 2.78, 3.34, 3.75, 4.56, 3.89, 3.55, 2.92, 3.05, 2.25, 1.53, 1.36, 1.71, 1.82, 1.55, 2.37, 3.36, 3.781, 4.455, 5.736, 5.649, 5.262, 5.622, 4.35, 2.91, 2.21, 2.67, 2.92, 3.15, 3.21, 3.99, 4.43, 4.77, 5.64, 5.62, 5.62, 6.06, 5.68, 5.47, 4.8, 4.1, 3.1, 2.64, 2.37], [7.142, 8.136, 8.169, 8.024, 8.677, 7.937, 7.753, 7.356, 7.557, 6.984, 5.918, 4.24, 4.483, 5.211, 6.054, 6.08, 4.97, 4.85, 6.0, 6.74, 7.13, 6.94, 7.16, 7.32, 7.469, 6.92, 6.14, 5.52, 4.5, 3.967, 3.954, 3.881, 3.532, 2.52, 1.45, 1.24, 0.85, 0, 1.35, 1.68, 1.56, 1.61, 1.89, 2.43, 3.17, 3.6, 4.29, 3.58, 3.18, 2.61, 2.7, 1.94, 1.48, 1.47, 1.94, 1.93, 1.82, 2.66, 3.658, 4.153, 4.829, 6.069, 6.059, 5.612, 5.912, 4.592, 3.26, 1.94, 2.2, 2.45, 2.76, 2.78, 3.7, 4.1, 4.36, 5.19, 5.25, 5.17, 5.59, 5.11, 4.96, 4.23, 3.53, 2.59, 2.11, 1.98], [6.018, 7.015, 7.067, 6.92, 7.567, 6.83, 6.66, 6.312, 6.605, 5.92, 4.84, 3.15, 3.36, 4.084, 4.944, 5.01, 3.86, 3.8, 4.93, 5.63, 6.02, 5.81, 6.07, 6.23, 6.34, 5.79, 5.01, 4.47, 3.53, 3.12, 2.97, 2.84, 2.68, 1.93, 1.68, 2.03, 1.94, 1.35, 0, 0.69, 0.91, 0.96, 1.56, 1.64, 2.32, 3.13, 3.68, 2.75, 2.51, 2.16, 2.33, 1.57, 2.35, 2.42, 2.93, 2.74, 2.85, 3.73, 4.748, 5.223, 5.869, 7.072, 7.009, 6.566, 6.879, 5.516, 3.89, 1.85, 1.63, 1.56, 1.87, 1.91, 2.75, 3.13, 3.43, 4.16, 4.3, 4.16, 4.58, 4.06, 3.95, 3.24, 2.54, 2.06, 1.78, 1.61], [5.825, 6.776, 6.815, 6.667, 7.297, 6.56, 6.387, 6.128, 6.481, 5.768, 4.73, 3.06, 3.13, 3.848, 4.694, 4.72, 3.63, 3.53, 4.7, 5.4, 5.79, 5.58, 5.84, 6.02, 6.13, 5.565, 4.82, 4.3, 3.32, 2.87, 2.76, 2.65, 2.63, 1.98, 1.95, 2.36, 2.27, 1.68, 0.69, 0, 0.8, 1.05, 1.53, 1.39, 2.15, 2.98, 3.47, 2.44, 2.2, 1.77, 1.94, 1.58, 2.6, 2.69, 3.18, 2.89, 3.08, 3.94, 4.978, 5.473, 6.139, 7.343, 7.319, 6.849, 7.169, 5.829, 4.2, 2.0, 1.52, 1.45, 1.78, 1.62, 2.48, 2.84, 3.16, 3.93, 4.01, 3.91, 4.33, 3.83, 3.64, 2.97, 2.25, 2.03, 1.77, 1.72], [6.085, 7.058, 7.068, 6.915, 7.548, 6.808, 6.547, 6.193, 6.641, 5.898, 4.832, 3.16, 3.41, 4.105, 4.868, 4.98, 3.89, 3.75, 4.96, 5.68, 6.07, 5.88, 6.12, 6.28, 6.41, 5.845, 5.08, 4.54, 3.56, 3.13, 3.14, 2.97, 2.97, 2.24, 1.79, 2.1, 1.95, 1.56, 0.91, 0.8, 0, 0.91, 1.21, 1.31, 1.93, 2.76, 3.25, 2.46, 2.16, 1.89, 2.1, 1.56, 2.38, 2.49, 2.98, 2.65, 2.74, 3.66, 4.706, 5.24, 5.94, 7.166, 7.119, 6.629, 7.009, 5.786, 3.94, 1.92, 1.72, 1.57, 1.66, 1.82, 2.62, 3.0, 3.38, 4.17, 4.19, 4.15, 4.57, 4.11, 3.86, 3.25, 2.47, 1.93, 1.79, 1.7], [6.292, 7.245, 7.275, 7.115, 7.725, 6.995, 6.737, 6.443, 6.835, 6.085, 5.059, 3.37, 3.62, 4.332, 5.072, 5.19, 4.1, 3.92, 5.13, 5.87, 6.26, 6.09, 6.27, 6.43, 6.619, 6.052, 5.272, 4.71, 3.83, 3.42, 3.23, 3.16, 2.92, 2.21, 1.94, 2.13, 1.94, 1.61, 0.96, 1.05, 0.91, 0, 1.14, 1.46, 1.94, 2.61, 3.22, 2.49, 2.35, 2.0, 2.17, 1.25, 2.19, 2.44, 2.91, 2.6, 2.57, 3.41, 4.6, 5.17, 5.83, 7.116, 7.049, 6.599, 6.959, 5.71, 3.77, 1.77, 1.69, 1.7, 1.77, 1.91, 2.73, 3.21, 3.57, 4.32, 4.4, 4.28, 4.7, 4.24, 4.05, 3.46, 2.54, 1.92, 1.78, 1.49], [6.129, 7.082, 7.112, 6.932, 7.572, 6.832, 6.571, 6.14, 6.462, 5.906, 4.855, 3.23, 3.46, 4.149, 4.949, 5.03, 4.0, 3.76, 4.97, 5.71, 6.1, 5.93, 6.11, 6.25, 6.44, 5.889, 5.11, 4.53, 3.91, 3.36, 3.47, 3.46, 3.44, 2.85, 2.38, 2.49, 2.2, 1.89, 1.56, 1.53, 1.21, 1.14, 0, 1.02, 1.64, 2.11, 2.84, 2.33, 2.17, 1.96, 2.05, 1.69, 2.27, 2.72, 3.21, 2.9, 2.69, 3.53, 4.74, 5.322, 6.042, 7.322, 7.332, 6.862, 7.242, 6.044, 4.39, 2.21, 1.95, 1.78, 1.77, 2.09, 2.63, 2.93, 3.31, 4.1, 4.1, 4.08, 4.5, 4.08, 3.91, 3.26, 2.56, 1.76, 1.58, 1.49], [5.329, 6.265, 6.275, 6.104, 6.732, 6.006, 5.731, 5.432, 5.865, 5.162, 4.1, 2.47, 2.68, 3.309, 4.15, 4.19, 3.14, 2.98, 4.15, 4.89, 5.28, 5.11, 5.29, 5.43, 5.62, 5.069, 4.29, 3.89, 3.65, 3.04, 3.03, 3.1, 3.08, 2.57, 2.48, 2.95, 2.78, 2.43, 1.64, 1.39, 1.31, 1.46, 1.02, 0, 1.1, 1.87, 2.44, 1.69, 1.63, 1.48, 1.69, 1.63, 2.95, 3.16, 3.69, 3.32, 3.29, 4.363, 5.542, 6.11, 6.79, 8.093, 8.049, 7.559, 7.939, 6.699, 4.79, 2.49, 1.79, 1.52, 1.47, 1.59, 2.09, 2.29, 2.63, 3.34, 3.34, 3.32, 3.74, 3.32, 3.17, 2.54, 1.94, 1.66, 1.78, 1.71], [4.797, 5.771, 5.781, 5.621, 6.24, 5.5, 5.227, 4.892, 5.32, 4.63, 3.564, 1.99, 2.46, 3.09, 3.657, 3.75, 2.88, 2.42, 3.55, 4.25, 4.64, 4.49, 4.67, 4.85, 5.024, 4.557, 4.09, 4.11, 3.85, 3.34, 3.25, 3.28, 3.28, 2.99, 3.26, 3.51, 3.34, 3.17, 2.32, 2.15, 1.93, 1.94, 1.64, 1.1, 0, 1.19, 1.62, 1.13, 1.15, 1.64, 1.79, 1.85, 3.45, 3.66, 4.21, 3.82, 3.73, 4.881, 6.119, 6.727, 7.407, 8.73, 8.66, 8.17, 8.55, 7.33, 5.37, 3.11, 2.29, 1.72, 1.31, 1.63, 2.05, 2.37, 2.75, 2.98, 2.92, 2.76, 3.06, 2.8, 2.71, 2.2, 1.46, 1.4, 2.0, 1.79], [4.52, 5.455, 5.525, 5.455, 5.895, 5.178, 4.912, 4.57, 4.805, 4.282, 3.269, 2.24, 2.87, 3.46, 3.56, 3.8, 3.41, 2.71, 3.36, 3.9, 4.31, 4.16, 4.34, 4.579, 4.89, 4.68, 4.46, 4.6, 4.5, 4.01, 3.9, 3.95, 3.95, 3.82, 4.07, 4.06, 3.75, 3.6, 3.13, 2.98, 2.76, 2.61, 2.11, 1.87, 1.19, 0, 1.07, 1.42, 1.54, 2.31, 2.42, 2.56, 3.78, 4.01, 4.58, 4.23, 4.02, 5.16, 6.41, 7.02, 7.74, 9.02, 8.99, 8.48, 8.86, 7.64, 5.9, 3.68, 2.92, 2.51, 1.98, 2.34, 2.5, 2.82, 3.16, 3.33, 3.27, 2.91, 2.87, 2.67, 3.06, 2.55, 1.73, 1.53, 2.23, 2.08], [4.15, 5.11, 5.165, 5.22, 5.339, 4.659, 4.402, 4.04, 4.411, 3.96, 2.84, 2.17, 2.8, 3.23, 3.41, 3.57, 3.42, 2.64, 2.95, 3.39, 3.796, 3.65, 3.85, 4.15, 4.6, 4.29, 4.19, 4.41, 4.47, 3.98, 3.87, 3.98, 4.0, 4.09, 4.74, 4.77, 4.56, 4.29, 3.68, 3.47, 3.25, 3.22, 2.84, 2.44, 1.62, 1.07, 0, 1.33, 1.71, 2.52, 2.55, 2.89, 4.35, 4.66, 5.21, 4.9, 4.69, 5.79, 7.08, 7.77, 8.45, 9.81, 9.78, 9.27, 9.65, 8.43, 6.57, 4.19, 3.47, 2.94, 2.41, 2.65, 2.55, 2.75, 3.19, 3.02, 2.94, 2.66, 2.58, 2.32, 2.75, 2.46, 2.04, 2.2, 2.92, 2.77], [4.362, 5.349, 5.376, 5.335, 5.799, 5.062, 4.841, 4.585, 4.964, 4.295, 3.23, 1.8, 2.31, 2.84, 3.34, 3.42, 2.71, 2.13, 3.096, 3.756, 4.166, 4.019, 4.179, 4.359, 4.569, 4.12, 3.82, 3.88, 3.64, 3.09, 3.06, 3.15, 3.13, 2.96, 3.83, 4.02, 3.89, 3.58, 2.75, 2.44, 2.46, 2.49, 2.33, 1.69, 1.13, 1.42, 1.33, 0, 0.8, 1.47, 1.72, 2.16, 3.8, 3.93, 4.46, 4.09, 4.14, 5.32, 6.546, 7.08, 7.8, 9.04, 8.99, 8.52, 8.88, 7.62, 5.74, 3.42, 2.4, 1.91, 1.52, 1.5, 1.76, 1.92, 2.54, 2.49, 2.47, 2.39, 2.73, 2.47, 2.34, 1.87, 1.45, 1.73, 2.29, 2.06], [4.642, 5.629, 5.692, 5.587, 6.134, 5.397, 5.227, 4.937, 5.347, 4.59, 3.47, 1.96, 2.31, 3.0, 3.514, 3.62, 2.73, 2.29, 3.376, 4.056, 4.466, 4.299, 4.479, 4.679, 4.891, 4.442, 3.98, 3.94, 3.62, 3.01, 3.0, 3.03, 3.09, 2.7, 3.45, 3.68, 3.55, 3.18, 2.51, 2.2, 2.16, 2.35, 2.17, 1.63, 1.15, 1.54, 1.71, 0.8, 0, 1.23, 1.44, 1.92, 3.52, 3.61, 4.06, 3.69, 3.82, 5.0, 6.201, 6.72, 7.4, 8.64, 8.57, 8.1, 8.46, 7.14, 5.38, 3.14, 2.02, 1.53, 1.3, 1.2, 1.6, 1.8, 2.26, 2.67, 2.57, 2.47, 2.85, 2.55, 2.4, 1.67, 1.29, 1.59, 2.03, 1.84], [5.392, 6.325, 6.349, 6.182, 6.783, 6.052, 5.811, 5.704, 6.214, 5.404, 4.34, 2.77, 2.659, 3.412, 4.155, 4.235, 3.24, 2.896, 4.066, 4.746, 5.156, 4.989, 5.169, 5.349, 5.504, 4.956, 4.232, 3.93, 3.37, 2.66, 2.75, 2.92, 2.9, 2.35, 2.96, 3.07, 2.92, 2.61, 2.16, 1.77, 1.89, 2.0, 1.96, 1.48, 1.64, 2.31, 2.52, 1.47, 1.23, 0, 0.81, 1.23, 2.85, 2.94, 3.43, 3.14, 3.07, 4.27, 5.5, 6.03, 6.71, 7.97, 7.9, 7.45, 7.83, 6.55, 4.63, 2.35, 1.45, 1.46, 1.45, 1.01, 1.51, 1.83, 2.33, 3.06, 3.08, 3.02, 3.52, 3.24, 2.97, 2.26, 1.86, 1.94, 2.18, 1.99], [5.38, 6.281, 6.291, 6.023, 6.639, 5.919, 5.673, 5.725, 6.155, 5.425, 4.37, 2.88, 2.67, 3.328, 4.002, 4.128, 3.29, 2.79, 3.922, 4.602, 5.012, 4.845, 5.025, 5.205, 5.395, 4.888, 4.188, 3.92, 3.32, 2.61, 2.72, 2.99, 3.07, 2.6, 3.15, 3.28, 3.05, 2.7, 2.33, 1.94, 2.1, 2.17, 2.05, 1.69, 1.79, 2.42, 2.55, 1.72, 1.44, 0.81, 0, 1.38, 2.92, 3.13, 3.52, 3.35, 3.18, 4.4, 5.61, 6.14, 6.8, 8.16, 8.11, 7.64, 8.0, 6.76, 4.86, 2.6, 1.72, 1.63, 1.66, 1.28, 1.5, 1.9, 2.24, 2.97, 2.95, 2.93, 3.35, 2.99, 2.8, 2.09, 1.97, 2.13, 2.17, 1.94], [6.236, 7.203, 7.216, 7.039, 7.655, 6.915, 6.686, 6.382, 6.739, 6.109, 5.003, 3.353, 3.523, 4.244, 5.016, 5.108, 4.018, 3.76, 4.95, 5.63, 6.04, 5.873, 6.053, 6.233, 6.411, 5.844, 5.096, 4.656, 3.8, 3.23, 3.076, 3.19, 2.95, 2.28, 2.29, 2.36, 2.25, 1.94, 1.57, 1.58, 1.56, 1.25, 1.69, 1.63, 1.85, 2.56, 2.89, 2.16, 1.92, 1.23, 1.38, 0, 2.06, 2.43, 2.88, 2.65, 2.52, 3.46, 4.73, 5.36, 6.02, 7.34, 7.19, 6.8, 7.16, 5.82, 3.9, 1.74, 1.36, 1.37, 1.54, 1.48, 2.26, 2.68, 3.02, 3.95, 3.97, 3.91, 4.37, 4.03, 3.82, 3.13, 2.55, 2.01, 1.83, 1.52], [7.913, 8.913, 8.922, 8.743, 9.379, 8.659, 8.383, 7.95, 8.233, 7.7, 6.674, 5.011, 5.241, 5.97, 6.719, 6.873, 5.723, 5.481, 6.648, 7.328, 7.755, 7.591, 7.751, 7.904, 8.074, 7.507, 6.747, 6.15, 5.09, 4.706, 4.647, 4.58, 4.2, 3.173, 2.11, 1.72, 1.53, 1.48, 2.35, 2.6, 2.38, 2.19, 2.27, 2.95, 3.45, 3.78, 4.35, 3.8, 3.52, 2.85, 2.92, 2.06, 0, 1.15, 1.44, 1.63, 1.34, 2.18, 3.19, 3.7, 4.3, 5.7, 5.73, 5.22, 5.58, 4.54, 2.94, 2.38, 2.7, 2.79, 2.98, 3.08, 3.9, 4.3, 4.66, 5.63, 5.65, 5.61, 6.09, 5.73, 5.54, 4.83, 4.09, 2.93, 2.35, 2.42], [7.892, 8.897, 8.921, 8.759, 9.429, 8.709, 8.454, 8.0, 8.317, 7.696, 6.659, 4.989, 5.219, 5.992, 6.795, 6.909, 5.759, 5.52, 6.63, 7.306, 7.733, 7.609, 7.729, 7.889, 8.059, 7.492, 6.735, 6.075, 5.075, 4.645, 4.643, 4.565, 4.185, 3.052, 1.78, 1.39, 1.36, 1.47, 2.42, 2.69, 2.49, 2.44, 2.72, 3.16, 3.66, 4.01, 4.66, 3.93, 3.61, 2.94, 3.13, 2.43, 1.15, 0, 0.87, 0.94, 1.19, 2.19, 3.06, 3.41, 3.967, 5.33, 5.34, 4.79, 5.11, 3.99, 2.57, 2.55, 2.89, 2.96, 3.13, 3.11, 3.93, 4.37, 4.71, 5.64, 5.66, 5.64, 6.08, 5.78, 5.51, 4.8, 4.08, 3.0, 2.64, 2.53], [8.416, 9.419, 9.426, 9.266, 9.905, 9.191, 8.964, 8.547, 8.86, 8.217, 7.172, 5.493, 5.723, 6.467, 7.259, 7.394, 6.226, 6.01, 7.16, 7.831, 8.241, 8.076, 8.253, 8.39, 8.58, 8.025, 7.265, 6.596, 5.607, 5.169, 5.179, 5.097, 4.717, 3.576, 2.15, 1.76, 1.71, 1.94, 2.93, 3.18, 2.98, 2.91, 3.21, 3.69, 4.21, 4.58, 5.21, 4.46, 4.06, 3.43, 3.52, 2.88, 1.44, 0.87, 0, 0.79, 1.16, 1.94, 2.67, 2.88, 3.48, 4.82, 4.81, 4.28, 4.66, 3.44, 2.5, 2.96, 3.3, 3.37, 3.6, 3.6, 4.46, 4.84, 5.18, 6.15, 6.17, 6.13, 6.59, 6.23, 6.0, 5.29, 4.53, 3.49, 3.11, 3.02], [8.063, 9.063, 9.07, 8.925, 9.541, 8.824, 8.631, 8.22, 8.539, 7.891, 6.825, 5.143, 5.367, 6.103, 6.915, 7.044, 5.891, 5.648, 6.781, 7.477, 7.891, 7.729, 7.903, 8.055, 8.233, 7.677, 6.917, 6.26, 5.22, 4.788, 4.815, 4.75, 4.37, 3.226, 1.78, 1.75, 1.82, 1.93, 2.74, 2.89, 2.65, 2.6, 2.9, 3.32, 3.82, 4.23, 4.9, 4.09, 3.69, 3.14, 3.35, 2.65, 1.63, 0.94, 0.79, 0, 1.03, 1.97, 2.9, 3.21, 3.81, 5.09, 5.1, 4.55, 4.89, 3.69, 2.51, 2.75, 3.05, 3.12, 3.29, 3.21, 4.05, 4.45, 4.75, 5.68, 5.7, 5.66, 6.12, 5.78, 5.51, 4.84, 4.04, 3.14, 2.74, 2.77], [8.295, 9.283, 9.276, 9.128, 9.742, 9.002, 8.743, 8.311, 8.674, 8.091, 7.025, 5.366, 5.599, 6.33, 7.087, 7.221, 6.071, 5.817, 6.989, 7.709, 8.135, 7.968, 8.132, 8.275, 8.465, 7.898, 7.138, 6.481, 5.441, 4.991, 5.018, 4.971, 4.591, 3.461, 2.23, 1.76, 1.55, 1.82, 2.85, 3.08, 2.74, 2.57, 2.69, 3.29, 3.73, 4.02, 4.69, 4.14, 3.82, 3.07, 3.18, 2.52, 1.34, 1.19, 1.16, 1.03, 0, 1.5, 2.59, 3.28, 3.86, 5.26, 5.27, 4.72, 5.1, 4.0, 2.48, 2.44, 2.96, 3.23, 3.24, 3.36, 4.18, 4.64, 4.94, 5.87, 5.89, 5.83, 6.31, 5.95, 5.7, 5.05, 4.23, 3.13, 2.69, 2.76], [9.529, 10.512, 10.525, 10.359, 10.981, 10.253, 9.989, 9.525, 9.898, 9.315, 8.279, 6.619, 6.854, 7.572, 8.318, 8.438, 7.308, 7.068, 8.244, 8.944, 9.371, 9.204, 9.366, 9.529, 9.71, 9.126, 8.366, 7.709, 6.669, 6.216, 6.226, 6.199, 5.819, 4.715, 3.21, 2.74, 2.37, 2.66, 3.73, 3.94, 3.66, 3.41, 3.53, 4.363, 4.881, 5.16, 5.79, 5.32, 5.0, 4.27, 4.4, 3.46, 2.18, 2.19, 1.94, 1.97, 1.5, 0, 1.43, 2.28, 2.9, 4.24, 4.25, 3.74, 4.12, 2.98, 2.22, 2.78, 3.62, 4.01, 4.22, 4.52, 5.34, 5.72, 6.04, 7.01, 7.07, 7.03, 7.49, 7.17, 6.9, 6.27, 5.43, 4.31, 3.75, 3.82], [10.759, 11.745, 11.757, 11.597, 12.217, 11.477, 11.207, 10.802, 11.108, 10.545, 9.509, 7.851, 8.084, 8.811, 9.572, 9.668, 8.538, 8.295, 9.464, 10.174, 10.601, 10.442, 10.596, 10.75, 10.923, 10.339, 9.585, 8.922, 7.882, 7.449, 7.459, 7.412, 7.032, 5.862, 4.033, 3.59, 3.36, 3.658, 4.748, 4.978, 4.706, 4.6, 4.74, 5.542, 6.119, 6.41, 7.08, 6.546, 6.201, 5.5, 5.61, 4.73, 3.19, 3.06, 2.67, 2.9, 2.59, 1.43, 0, 1.25, 1.75, 3.03, 3.12, 2.67, 3.03, 1.89, 2.23, 3.59, 4.67, 5.16, 5.39, 5.69, 6.53, 6.89, 7.15, 8.18, 8.3, 8.24, 8.7, 8.38, 8.11, 7.48, 6.66, 5.46, 4.84, 4.99], [11.235, 12.223, 12.236, 12.091, 12.71, 11.97, 11.718, 11.35, 11.59, 11.042, 9.985, 8.322, 8.559, 9.284, 10.05, 10.153, 9.017, 8.786, 9.949, 10.649, 11.076, 10.915, 11.072, 11.229, 11.402, 10.826, 10.066, 9.4, 8.369, 7.939, 7.964, 7.899, 7.519, 6.335, 4.469, 3.891, 3.781, 4.153, 5.223, 5.473, 5.24, 5.17, 5.322, 6.11, 6.727, 7.02, 7.77, 7.08, 6.72, 6.03, 6.14, 5.36, 3.7, 3.41, 2.88, 3.21, 3.28, 2.28, 1.25, 0, 1.06, 2.18, 2.19, 1.9, 2.22, 1.28, 2.06, 4.24, 5.22, 5.59, 5.86, 6.16, 7.0, 7.38, 7.64, 8.65, 8.77, 8.71, 9.17, 8.85, 8.58, 7.95, 7.13, 5.95, 5.37, 5.46], [11.796, 12.787, 12.8, 12.643, 13.293, 12.573, 12.318, 11.856, 12.15, 11.608, 10.549, 8.876, 9.12, 9.865, 10.67, 10.796, 9.646, 9.392, 10.509, 11.21, 11.637, 11.496, 11.636, 11.796, 11.965, 11.381, 10.627, 9.964, 8.927, 8.494, 8.507, 8.457, 8.074, 6.901, 5.115, 4.508, 4.455, 4.829, 5.869, 6.139, 5.94, 5.83, 6.042, 6.79, 7.407, 7.74, 8.45, 7.8, 7.4, 6.71, 6.8, 6.02, 4.3, 3.967, 3.48, 3.81, 3.86, 2.9, 1.75, 1.06, 0, 1.52, 1.63, 1.3, 1.48, 1.06, 2.62, 4.86, 5.88, 6.29, 6.54, 6.7, 7.54, 7.92, 8.18, 9.19, 9.31, 9.29, 9.71, 9.45, 9.12, 8.49, 7.67, 6.53, 5.95, 6.0], [13.087, 14.081, 14.103, 13.966, 14.562, 13.828, 13.601, 13.213, 13.456, 12.915, 11.857, 10.165, 10.411, 11.15, 11.956, 12.034, 10.872, 10.657, 11.804, 12.501, 12.931, 12.782, 12.945, 13.086, 13.259, 12.684, 11.944, 11.258, 10.224, 9.797, 9.81, 9.76, 9.371, 8.198, 6.323, 5.745, 5.736, 6.069, 7.072, 7.343, 7.166, 7.116, 7.322, 8.093, 8.73, 9.02, 9.81, 9.04, 8.64, 7.97, 8.16, 7.34, 5.7, 5.33, 4.82, 5.09, 5.26, 4.24, 3.03, 2.18, 1.52, 0, 0.73, 0.86, 0.84, 1.78, 3.86, 6.14, 7.1, 7.49, 7.8, 8.0, 8.88, 9.2, 9.46, 10.49, 10.63, 10.55, 11.01, 10.69, 10.42, 9.79, 8.97, 7.79, 7.27, 7.38], [12.948, 13.942, 13.967, 13.824, 14.441, 13.701, 13.463, 13.151, 13.349, 12.816, 11.73, 10.032, 10.272, 11.026, 11.795, 11.887, 10.756, 10.516, 11.671, 12.362, 12.798, 12.646, 12.794, 12.972, 13.138, 12.568, 11.797, 11.139, 10.111, 9.667, 9.68, 9.63, 9.232, 8.077, 6.211, 5.61, 5.649, 6.059, 7.009, 7.319, 7.119, 7.049, 7.332, 8.049, 8.66, 8.99, 9.78, 8.99, 8.57, 7.9, 8.11, 7.19, 5.73, 5.34, 4.81, 5.1, 5.27, 4.25, 3.12, 2.19, 1.63, 0.73, 0, 0.93, 0.87, 1.71, 3.73, 5.99, 6.91, 7.32, 7.69, 7.89, 8.73, 9.11, 9.37, 10.38, 10.48, 10.42, 10.88, 10.56, 10.29, 9.66, 8.92, 7.8, 7.36, 7.35], [12.544, 13.541, 13.554, 13.406, 14.025, 13.285, 13.058, 12.653, 12.925, 12.392, 11.326, 9.628, 9.868, 10.607, 11.379, 11.508, 10.346, 10.1, 11.27, 11.958, 12.395, 12.236, 12.393, 12.544, 12.719, 12.147, 11.407, 10.718, 9.69, 9.26, 9.29, 9.24, 8.86, 7.676, 5.82, 5.271, 5.262, 5.612, 6.566, 6.849, 6.629, 6.599, 6.862, 7.559, 8.17, 8.48, 9.27, 8.52, 8.1, 7.45, 7.64, 6.8, 5.22, 4.79, 4.28, 4.55, 4.72, 3.74, 2.67, 1.9, 1.3, 0.86, 0.93, 0, 0.68, 1.52, 3.38, 5.62, 6.56, 6.99, 7.28, 7.5, 8.34, 8.7, 8.98, 9.99, 10.07, 10.03, 10.49, 10.17, 9.9, 9.27, 8.43, 7.27, 6.87, 6.94], [12.836, 13.83, 13.848, 13.706, 14.325, 13.605, 13.404, 12.956, 13.223, 12.69, 11.62, 9.911, 10.16, 10.893, 11.719, 11.805, 10.655, 10.44, 11.565, 12.25, 12.692, 12.525, 12.687, 12.836, 13.008, 12.43, 11.704, 11.013, 9.987, 9.56, 9.57, 9.537, 9.143, 7.976, 6.13, 5.612, 5.622, 5.912, 6.879, 7.169, 7.009, 6.959, 7.242, 7.939, 8.55, 8.86, 9.65, 8.88, 8.46, 7.83, 8.0, 7.16, 5.58, 5.11, 4.66, 4.89, 5.1, 4.12, 3.03, 2.22, 1.48, 0.84, 0.87, 0.68, 0, 1.62, 3.68, 5.94, 6.9, 7.35, 7.64, 7.78, 8.68, 9.0, 9.26, 10.27, 10.39, 10.31, 10.77, 10.47, 10.2, 9.55, 8.71, 7.61, 7.17, 7.24], [11.39, 12.401, 12.443, 12.312, 12.926, 12.206, 12.096, 11.724, 11.809, 11.287, 10.184, 8.5, 8.712, 9.48, 10.32, 10.4, 9.23, 9.024, 10.136, 10.813, 11.255, 11.088, 11.268, 11.44, 11.592, 11.054, 10.294, 9.601, 8.585, 8.144, 8.174, 8.127, 7.731, 6.586, 4.679, 4.278, 4.35, 4.592, 5.516, 5.829, 5.786, 5.71, 6.044, 6.699, 7.33, 7.64, 8.43, 7.62, 7.14, 6.55, 6.76, 5.82, 4.54, 3.99, 3.44, 3.69, 4.0, 2.98, 1.89, 1.28, 1.06, 1.78, 1.71, 1.52, 1.62, 0, 2.44, 4.62, 5.48, 5.89, 6.36, 6.5, 7.36, 7.7, 7.9, 8.83, 8.99, 8.89, 9.33, 9.01, 8.8, 8.11, 7.43, 6.45, 6.05, 6.02], [9.569, 10.572, 10.628, 10.448, 11.007, 10.267, 10.064, 9.896, 10.329, 9.531, 8.51, 6.82, 6.975, 7.665, 8.385, 8.485, 7.335, 7.15, 8.302, 8.984, 9.391, 9.245, 9.386, 9.59, 9.759, 9.166, 8.412, 7.749, 6.709, 6.236, 6.26, 6.199, 5.839, 4.728, 3.15, 2.74, 2.91, 3.26, 3.89, 4.2, 3.94, 3.77, 4.39, 4.79, 5.37, 5.9, 6.57, 5.74, 5.38, 4.63, 4.86, 3.9, 2.94, 2.57, 2.5, 2.51, 2.48, 2.22, 2.23, 2.06, 2.62, 3.86, 3.73, 3.38, 3.68, 2.44, 0, 2.42, 3.64, 4.21, 4.52, 4.7, 5.4, 5.78, 6.02, 6.99, 7.09, 7.03, 7.49, 7.19, 6.94, 6.39, 5.75, 4.99, 4.69, 4.58], [7.366, 8.323, 8.376, 8.225, 8.795, 8.055, 7.846, 7.639, 8.072, 7.322, 6.27, 4.58, 4.747, 5.449, 6.129, 6.265, 5.152, 4.909, 6.081, 6.799, 7.208, 7.042, 7.204, 7.366, 7.536, 6.969, 6.197, 5.552, 4.668, 4.102, 4.205, 4.19, 4.07, 3.26, 2.37, 2.34, 2.21, 1.94, 1.85, 2.0, 1.92, 1.77, 2.21, 2.49, 3.11, 3.68, 4.19, 3.42, 3.14, 2.35, 2.6, 1.74, 2.38, 2.55, 2.96, 2.75, 2.44, 2.78, 3.59, 4.24, 4.86, 6.14, 5.99, 5.62, 5.94, 4.62, 2.42, 0, 1.38, 1.99, 2.32, 2.54, 3.24, 3.64, 3.9, 4.81, 4.89, 4.83, 5.29, 4.97, 4.7, 4.13, 3.49, 2.87, 2.59, 2.52], [6.162, 7.109, 7.178, 7.033, 7.62, 6.883, 6.733, 6.608, 6.913, 6.068, 5.11, 3.42, 3.529, 4.193, 4.954, 5.08, 4.01, 3.695, 4.844, 5.541, 5.966, 5.799, 5.979, 6.159, 6.316, 5.756, 5.082, 4.68, 3.98, 3.37, 3.28, 3.39, 3.31, 2.7, 2.55, 2.8, 2.67, 2.2, 1.63, 1.52, 1.72, 1.69, 1.95, 1.79, 2.29, 2.92, 3.47, 2.4, 2.02, 1.45, 1.72, 1.36, 2.7, 2.89, 3.3, 3.05, 2.96, 3.62, 4.67, 5.22, 5.88, 7.1, 6.91, 6.56, 6.9, 5.48, 3.64, 1.38, 0, 0.93, 1.4, 1.48, 2.04, 2.5, 2.72, 3.59, 3.65, 3.61, 4.07, 3.75, 3.5, 2.89, 2.33, 2.05, 2.03, 1.88], [5.648, 6.654, 6.719, 6.568, 7.158, 6.418, 6.308, 6.029, 6.271, 5.572, 4.52, 2.79, 3.102, 3.796, 4.518, 4.633, 3.52, 3.26, 4.389, 5.089, 5.499, 5.346, 5.512, 5.716, 5.865, 5.292, 4.73, 4.43, 3.85, 3.26, 3.23, 3.24, 3.28, 2.63, 2.66, 2.97, 2.92, 2.45, 1.56, 1.45, 1.57, 1.7, 1.78, 1.52, 1.72, 2.51, 2.94, 1.91, 1.53, 1.46, 1.63, 1.37, 2.79, 2.96, 3.37, 3.12, 3.23, 4.01, 5.16, 5.59, 6.29, 7.49, 7.32, 6.99, 7.35, 5.89, 4.21, 1.99, 0.93, 0, 0.79, 1.03, 1.71, 2.23, 2.47, 3.24, 3.32, 3.2, 3.64, 3.32, 3.15, 2.48, 1.9, 1.6, 1.68, 1.49], [5.398, 6.386, 6.423, 6.277, 6.865, 6.133, 5.896, 5.63, 5.984, 5.303, 4.27, 2.58, 2.91, 3.551, 4.23, 4.371, 3.25, 2.978, 4.145, 4.845, 5.255, 5.088, 5.268, 5.438, 5.588, 5.081, 4.58, 4.32, 3.78, 3.25, 3.16, 3.17, 3.19, 2.7, 2.95, 3.24, 3.15, 2.76, 1.87, 1.78, 1.66, 1.77, 1.77, 1.47, 1.31, 1.98, 2.41, 1.52, 1.3, 1.45, 1.66, 1.54, 2.98, 3.13, 3.6, 3.29, 3.24, 4.22, 5.39, 5.86, 6.54, 7.8, 7.69, 7.28, 7.64, 6.36, 4.52, 2.32, 1.4, 0.79, 0, 0.98, 1.58, 2.04, 2.44, 3.03, 3.15, 2.93, 3.39, 3.11, 2.94, 2.29, 1.61, 1.21, 1.45, 1.32], [5.119, 6.116, 6.161, 5.978, 6.622, 5.908, 5.698, 5.491, 5.924, 5.091, 4.09, 2.48, 2.486, 3.208, 4.048, 4.114, 2.975, 2.77, 3.842, 4.533, 4.952, 4.805, 4.965, 5.136, 5.292, 4.725, 4.068, 3.78, 3.2, 2.65, 2.54, 2.57, 2.57, 1.98, 2.93, 3.32, 3.21, 2.78, 1.91, 1.62, 1.82, 1.91, 2.09, 1.59, 1.63, 2.34, 2.65, 1.5, 1.2, 1.01, 1.28, 1.48, 3.08, 3.11, 3.6, 3.21, 3.36, 4.52, 5.69, 6.16, 6.7, 8.0, 7.89, 7.5, 7.78, 6.5, 4.7, 2.54, 1.48, 1.03, 0.98, 0, 1.06, 1.54, 1.9, 2.67, 2.83, 2.71, 3.15, 2.93, 2.72, 1.99, 1.43, 1.45, 1.69, 1.46], [4.52, 5.327, 5.44, 5.164, 5.791, 5.123, 4.91, 5.16, 5.63, 4.67, 3.65, 2.18, 1.81, 2.409, 3.205, 3.32, 2.41, 1.97, 3.016, 3.716, 4.106, 3.979, 4.119, 4.308, 4.475, 3.882, 3.24, 2.98, 2.52, 1.99, 1.86, 2.07, 2.29, 2.36, 3.71, 4.1, 3.99, 3.7, 2.75, 2.48, 2.62, 2.73, 2.63, 2.09, 2.05, 2.5, 2.55, 1.76, 1.6, 1.51, 1.5, 2.26, 3.9, 3.93, 4.46, 4.05, 4.18, 5.34, 6.53, 7.0, 7.54, 8.88, 8.73, 8.34, 8.68, 7.36, 5.4, 3.24, 2.04, 1.71, 1.58, 1.06, 0, 0.92, 1.38, 1.87, 1.97, 1.97, 2.43, 2.37, 2.32, 1.61, 1.81, 2.07, 2.35, 2.1], [4.5, 5.215, 5.283, 4.801, 5.451, 4.83, 4.67, 5.288, 5.695, 4.79, 3.79, 2.38, 2.01, 2.12, 2.88, 3.04, 2.35, 2.09, 2.76, 3.46, 3.77, 3.602, 3.762, 3.948, 4.109, 3.556, 2.885, 2.54, 2.48, 1.97, 2.1, 2.37, 2.59, 2.56, 4.11, 4.54, 4.43, 4.1, 3.13, 2.84, 3.0, 3.21, 2.93, 2.29, 2.37, 2.82, 2.75, 1.92, 1.8, 1.83, 1.9, 2.68, 4.3, 4.37, 4.84, 4.45, 4.64, 5.72, 6.89, 7.38, 7.92, 9.2, 9.11, 8.7, 9.0, 7.7, 5.78, 3.64, 2.5, 2.23, 2.04, 1.54, 0.92, 0, 0.92, 1.59, 1.67, 1.65, 2.15, 2.07, 1.