[[0, 0.61, 1.38, 2.35, 2.73, 3.21, 3.85, 3.58, 3.57, 2.93, 3.31, 4.48, 4.7, 5.24, 5.62, 5.62, 4.05, 3.34, 3.43, 3.12, 3.08, 3.02, 3.1, 2.77, 2.59, 2.91, 3.2, 3.18, 2.99, 2.67, 2.49, 2.66, 2.6, 2.56, 2.58, 3.28, 2.97, 2.38, 2.14, 2.01, 1.83, 1.63, 1.92, 1.87, 3.07, 3.58, 3.32, 4.48, 5.56, 5.18, 4.33, 6.06, 7.23, 6.48, 7.04, 7.58, 8.27, 8.4, 8.27, 8.65, 8.97, 9.2, 9.62, 10.05, 9.98, 9.98, 9.94, 10.04, 10.04, 9.62, 9.39, 7.83, 7.81, 6.48, 3.59, 3.07, 2.14, 2.29, 3.45, 4.91, 4.09, 3.24, 2.61, 2.56, 3.04, 4.93], [0.61, 0, 1.29, 2.54, 2.74, 3.22, 3.88, 3.55, 3.58, 2.9, 3.12, 4.17, 4.43, 4.99, 5.31, 5.29, 3.74, 3.03, 3.26, 2.95, 2.97, 2.83, 2.91, 2.58, 2.42, 2.62, 2.85, 2.85, 2.68, 2.4, 2.36, 2.51, 2.49, 2.45, 2.59, 3.49, 2.92, 2.23, 1.97, 1.88, 2.02, 1.74, 2.07, 2.08, 3.32, 3.85, 3.59, 4.73, 5.83, 5.37, 4.56, 6.23, 7.44, 6.65, 7.17, 7.75, 8.46, 8.67, 8.52, 8.8, 9.12, 9.37, 9.85, 10.28, 10.23, 10.25, 10.23, 10.35, 10.29, 9.89, 9.66, 8.06, 8.04, 6.63, 3.72, 3.22, 1.93, 2.14, 3.24, 4.6, 3.86, 2.87, 2.24, 2.27, 2.65, 4.62], [1.38, 1.29, 0, 2.33, 2.55, 2.97, 3.45, 2.88, 3.21, 2.55, 2.37, 3.62, 4.3, 4.98, 5.36, 5.34, 3.77, 2.62, 2.55, 2.24, 2.26, 2.16, 2.14, 1.89, 1.73, 2.29, 2.68, 2.7, 2.69, 2.11, 1.79, 1.76, 1.9, 1.94, 2.48, 3.42, 2.83, 1.66, 1.52, 1.69, 1.95, 1.59, 1.88, 2.27, 3.15, 3.62, 3.38, 4.54, 5.68, 5.3, 4.51, 6.24, 7.43, 6.7, 7.32, 7.78, 8.49, 8.68, 8.53, 8.83, 9.17, 9.4, 9.82, 10.29, 10.22, 10.14, 10.12, 10.24, 10.28, 9.94, 9.67, 8.09, 8.21, 6.76, 3.73, 3.39, 1.88, 2.37, 3.25, 4.65, 3.81, 2.86, 1.97, 2.22, 2.64, 4.65], [2.35, 2.54, 2.33, 0, 0.78, 1.16, 1.88, 1.71, 1.64, 1.18, 3.02, 5.29, 6.19, 6.95, 7.33, 7.37, 5.82, 4.15, 3.82, 2.63, 2.19, 2.67, 2.17, 2.3, 3.14, 4.2, 4.65, 4.53, 4.68, 3.98, 2.84, 2.51, 2.35, 2.41, 2.07, 2.45, 2.28, 2.13, 2.01, 2.02, 1.52, 1.6, 1.93, 2.1, 1.78, 1.83, 1.65, 2.57, 3.63, 3.37, 3.3, 4.95, 5.92, 5.77, 6.57, 7.09, 7.62, 7.41, 7.58, 8.14, 8.34, 8.35, 8.37, 8.8, 9.15, 8.63, 8.37, 8.49, 8.49, 8.21, 7.84, 6.5, 6.82, 5.29, 2.88, 2.5, 3.33, 4.0, 5.18, 6.64, 5.94, 4.93, 3.98, 3.99, 4.71, 6.74], [2.73, 2.74, 2.55, 0.78, 0, 0.86, 1.62, 1.49, 1.38, 1.02, 3.28, 5.53, 6.43, 7.19, 7.57, 7.61, 6.06, 4.39, 4.06, 2.87, 2.43, 2.95, 2.43, 2.58, 3.4, 4.44, 4.87, 4.77, 4.92, 4.2, 3.1, 2.71, 2.65, 2.65, 2.27, 2.51, 2.16, 2.29, 2.25, 2.28, 1.94, 1.98, 2.23, 2.18, 1.58, 1.69, 1.53, 2.29, 3.37, 3.07, 3.2, 4.83, 5.8, 5.73, 6.55, 7.07, 7.56, 7.33, 7.52, 8.08, 8.26, 8.23, 8.27, 8.62, 9.07, 8.53, 8.15, 8.29, 8.29, 8.03, 7.62, 6.4, 6.76, 5.23, 2.82, 2.52, 3.57, 4.24, 5.38, 6.86, 6.2, 5.19, 4.24, 4.23, 4.95, 6.98], [3.21, 3.22, 2.97, 1.16, 0.86, 0, 0.96, 0.95, 0.78, 0.94, 3.74, 5.99, 6.91, 7.67, 8.07, 8.05, 6.48, 4.83, 4.5, 3.25, 2.57, 3.25, 2.75, 3.12, 3.88, 4.9, 5.35, 5.21, 5.36, 4.64, 3.52, 3.13, 3.05, 2.73, 2.11, 2.25, 1.96, 2.65, 2.71, 2.64, 2.32, 2.36, 2.57, 2.54, 1.76, 1.69, 1.83, 2.15, 2.89, 2.69, 3.08, 4.61, 5.5, 5.65, 6.45, 6.99, 7.44, 7.21, 7.42, 8.02, 8.16, 7.97, 8.11, 8.4, 8.93, 8.29, 7.73, 7.87, 7.85, 7.69, 7.3, 6.16, 6.64, 5.17, 3.08, 2.86, 4.01, 4.7, 5.84, 7.32, 6.64, 5.67, 4.72, 4.77, 5.43, 7.44], [3.85, 3.88, 3.45, 1.88, 1.62, 0.96, 0, 0.89, 0.94, 1.54, 4.26, 6.43, 7.35, 8.11, 8.49, 8.47, 6.92, 5.23, 4.92, 3.59, 2.87, 3.67, 3.23, 3.64, 4.4, 5.38, 5.81, 5.71, 5.88, 5.14, 4.02, 3.59, 3.57, 3.19, 2.39, 2.17, 1.98, 3.19, 3.25, 3.18, 2.82, 2.84, 2.99, 2.98, 2.44, 2.37, 2.57, 2.73, 2.83, 2.69, 3.14, 4.59, 5.14, 5.63, 6.39, 6.91, 7.3, 7.13, 7.3, 7.88, 8.02, 7.89, 8.01, 8.28, 8.77, 8.05, 7.33, 7.33, 7.33, 7.31, 7.04, 5.92, 6.5, 5.05, 3.3, 3.28, 4.25, 4.92, 6.06, 7.64, 7.08, 6.17, 5.24, 5.27, 5.89, 7.88], [3.58, 3.55, 2.88, 1.71, 1.49, 0.95, 0.89, 0, 0.89, 1.07, 3.61, 5.8, 6.72, 7.46, 7.84, 7.82, 6.29, 4.58, 4.27, 2.9, 2.24, 3.0, 2.58, 3.01, 3.75, 4.73, 5.18, 5.08, 5.21, 4.49, 3.37, 2.94, 2.94, 2.56, 2.34, 2.62, 2.19, 2.56, 2.64, 2.75, 2.75, 2.71, 2.78, 2.99, 2.51, 2.38, 2.5, 2.76, 3.34, 3.14, 3.55, 4.94, 5.73, 6.0, 6.88, 7.34, 7.79, 7.62, 7.83, 8.39, 8.51, 8.32, 8.46, 8.79, 9.32, 8.64, 7.9, 8.04, 8.06, 7.92, 7.67, 6.51, 7.05, 5.54, 3.49, 3.33, 3.84, 4.45, 5.49, 6.99, 6.45, 5.52, 4.59, 4.62, 5.24, 7.23], [3.57, 3.58, 3.21, 1.64, 1.38, 0.78, 0.94, 0.89, 0, 1.04, 3.88, 6.09, 7.01, 7.77, 8.15, 8.13, 6.58, 4.91, 4.58, 3.29, 2.57, 3.31, 2.85, 3.26, 4.02, 5.02, 5.45, 5.35, 5.46, 4.74, 3.58, 3.17, 3.15, 2.83, 2.21, 2.21, 1.94, 2.75, 2.85, 2.8, 2.54, 2.5, 2.65, 2.78, 2.14, 1.99, 2.17, 2.43, 2.95, 2.69, 3.14, 4.59, 5.32, 5.59, 6.41, 6.97, 7.38, 7.17, 7.36, 7.96, 8.1, 7.95, 8.07, 8.34, 8.85, 8.13, 7.57, 7.77, 7.79, 7.63, 7.22, 6.06, 6.58, 5.17, 3.26, 3.16, 4.01, 4.68, 5.84, 7.36, 6.74, 5.79, 4.86, 4.91, 5.53, 7.54], [2.93, 2.9, 2.55, 1.18, 1.02, 0.94, 1.54, 1.07, 1.04, 0, 3.02, 5.31, 6.21, 6.97, 7.35, 7.39, 5.82, 4.17, 3.84, 2.55, 1.95, 2.59, 2.01, 2.36, 3.16, 4.2, 4.69, 4.51, 4.58, 3.92, 2.7, 2.35, 2.19, 1.99, 1.87, 2.47, 2.0, 1.87, 1.93, 2.14, 2.04, 1.96, 2.21, 2.44, 2.08, 2.13, 2.23, 2.73, 3.73, 3.33, 3.34, 4.91, 5.9, 5.81, 6.61, 7.21, 7.68, 7.37, 7.62, 8.22, 8.38, 8.31, 8.37, 8.68, 9.17, 8.57, 8.25, 8.39, 8.31, 8.09, 7.76, 6.5, 6.84, 5.35, 3.24, 2.84, 3.41, 4.02, 5.16, 6.64, 5.94, 4.91, 3.94, 4.01, 4.73, 6.76], [3.31, 3.12, 2.37, 3.02, 3.28, 3.74, 4.26, 3.61, 3.88, 3.02, 0, 2.35, 3.21, 3.95, 4.39, 4.39, 2.88, 1.43, 1.12, 1.67, 2.27, 1.97, 1.61, 1.4, 1.02, 1.4, 1.77, 1.91, 2.22, 1.72, 1.68, 2.09, 2.25, 2.49, 3.61, 4.45, 4.08, 2.39, 2.21, 2.26, 3.14, 3.0, 3.35, 3.88, 4.2, 4.65, 4.39, 5.45, 6.59, 6.07, 5.42, 6.93, 7.96, 7.75, 8.53, 9.01, 9.56, 9.43, 9.54, 10.06, 10.3, 10.33, 10.45, 10.84, 11.15, 10.95, 10.95, 11.11, 11.05, 10.67, 10.433, 8.92, 9.2, 7.53, 4.88, 4.5, 3.33, 3.74, 3.76, 4.42, 3.68, 2.75, 2.0, 1.97, 2.05, 3.8], [4.48, 4.17, 3.62, 5.29, 5.53, 5.99, 6.43, 5.8, 6.09, 5.31, 2.35, 0, 1.24, 1.9, 2.18, 2.34, 1.57, 2.0, 2.03, 3.14, 3.98, 3.44, 3.56, 3.27, 2.35, 2.07, 2.02, 2.28, 2.47, 2.49, 3.33, 3.72, 3.98, 4.18, 5.26, 6.22, 5.79, 3.82, 4.0, 4.03, 4.87, 4.73, 4.92, 5.39, 6.27, 6.82, 6.56, 7.66, 8.84, 8.32, 7.41, 8.78, 9.89, 9.22, 10.04, 10.36, 11.07, 11.38, 11.17, 11.43, 11.67, 12.0, 12.38, 12.85, 13.0, 13.148, 13.245, 13.407, 13.364, 12.968, 12.758, 11.15, 11.29, 9.68, 6.59, 6.15, 3.98, 4.15, 3.77, 3.77, 2.95, 2.76, 2.71, 2.5, 2.2, 2.35], [4.7, 4.43, 4.3, 6.19, 6.43, 6.91, 7.35, 6.72, 7.01, 6.21, 3.21, 1.24, 0, 0.86, 1.44, 1.8, 1.35, 2.48, 2.73, 4.08, 4.86, 4.24, 4.52, 4.19, 3.19, 2.51, 2.24, 2.42, 2.39, 2.99, 4.15, 4.46, 4.74, 5.0, 6.14, 7.098, 6.59, 4.64, 4.84, 4.87, 5.73, 5.55, 5.6, 5.85, 7.17, 7.72, 7.44, 8.58, 9.76, 9.22, 8.31, 9.58, 10.69, 9.92, 10.72, 11.02, 11.87, 12.22, 11.89, 12.03, 12.29, 12.88, 13.2, 13.63, 13.88, 14.051, 14.14, 14.291, 14.248, 13.86, 13.641, 12.03, 12.19, 10.58, 7.47, 6.97, 4.36, 4.11, 3.51, 3.25, 2.43, 2.8, 3.07, 2.88, 2.38, 1.71], [5.24, 4.99, 4.98, 6.95, 7.19, 7.67, 8.11, 7.46, 7.77, 6.97, 3.95, 1.9, 0.86, 0, 1.08, 1.68, 1.73, 3.14, 3.39, 4.78, 5.56, 4.84, 5.18, 4.91, 3.87, 3.07, 2.84, 2.94, 2.83, 3.55, 4.73, 5.04, 5.32, 5.598, 6.76, 7.678, 7.15, 5.26, 5.42, 5.45, 6.33, 6.17, 6.32, 6.53, 7.91, 8.46, 8.22, 9.34, 10.52, 9.98, 8.99, 10.22, 11.37, 10.56, 11.3, 11.58, 12.43, 12.9, 12.51, 12.65, 12.89, 13.44, 13.92, 14.31, 14.5, 14.773, 14.88, 15.033, 14.991, 14.573, 14.383, 12.775, 12.83, 11.22, 8.09, 7.59, 4.92, 4.55, 3.77, 3.15, 2.51, 3.26, 3.65, 3.44, 2.84, 1.55], [5.62, 5.31, 5.36, 7.33, 7.57, 8.07, 8.49, 7.84, 8.15, 7.35, 4.39, 2.18, 1.44, 1.08, 0, 1.12, 1.77, 3.54, 3.61, 5.1, 5.94, 5.22, 5.42, 5.21, 4.25, 3.25, 2.9, 3.02, 2.99, 3.698, 4.921, 5.293, 5.453, 5.813, 7.033, 7.951, 7.375, 5.6, 5.679, 5.65, 6.69, 6.61, 6.76, 6.97, 8.35, 8.9, 8.62, 9.72, 10.9, 10.36, 9.43, 10.52, 11.79, 10.64, 11.44, 11.84, 12.63, 13.305, 12.93, 12.71, 12.97, 13.82, 14.34, 14.77, 14.885, 15.205, 15.32, 15.465, 15.422, 15.005, 14.815, 13.195, 13.138, 11.56, 8.33, 7.93, 4.92, 4.31, 3.21, 2.71, 2.29, 2.9, 3.65, 3.52, 2.82, 1.23], [5.62, 5.29, 5.34, 7.37, 7.61, 8.05, 8.47, 7.82, 8.13, 7.39, 4.39, 2.34, 1.8, 1.68, 1.12, 0, 1.63, 3.34, 3.55, 5.04, 5.76, 5.0, 5.44, 5.25, 4.25, 3.25, 2.88, 3.04, 2.97, 3.643, 4.926, 5.239, 5.449, 5.839, 7.059, 7.956, 7.361, 5.62, 5.68, 5.63, 6.69, 6.61, 6.76, 6.97, 8.33, 8.86, 8.62, 9.74, 10.92, 10.4, 9.43, 10.5, 11.71, 10.62, 11.36, 11.64, 12.59, 13.291, 12.861, 12.55, 12.77, 13.72, 14.32, 14.71, 14.847, 15.211, 15.301, 15.464, 15.421, 15.011, 14.821, 13.18, 13.169, 11.6, 8.39, 7.99, 4.9, 4.25, 2.95, 2.01, 2.01, 2.8, 3.63, 3.54, 2.8, 1.17], [4.05, 3.74, 3.77, 5.82, 6.06, 6.48, 6.92, 6.29, 6.58, 5.82, 2.88, 1.57, 1.35, 1.73, 1.77, 1.63, 0, 1.99, 2.18, 3.57, 4.33, 3.65, 3.97, 3.74, 2.74, 1.78, 1.55, 1.67, 1.58, 2.18, 3.44, 3.79, 4.05, 4.309, 5.529, 6.426, 5.84, 4.05, 4.11, 4.12, 5.12, 5.06, 5.21, 5.42, 6.76, 7.29, 7.05, 8.17, 9.35, 8.85, 7.86, 8.95, 10.18, 9.21, 9.97, 10.33, 11.18, 11.77, 11.36, 11.34, 11.6, 12.19, 12.77, 13.14, 13.318, 13.641, 13.738, 13.897, 13.854, 13.441, 13.251, 11.619, 11.602, 10.03, 6.84, 6.44, 3.51, 3.04, 2.42, 2.44, 1.66, 1.77, 2.22, 2.03, 1.43, 1.08], [3.34, 3.03, 2.62, 4.15, 4.39, 4.83, 5.23, 4.58, 4.91, 4.17, 1.43, 2.0, 2.48, 3.14, 3.54, 3.34, 1.99, 0, 0.87, 2.08, 2.66, 2.12, 2.5, 2.25, 1.49, 1.39, 1.46, 1.52, 1.75, 1.61, 2.27, 2.64, 2.86, 3.06, 4.32, 5.24, 4.83, 2.96, 2.98, 2.99, 3.81, 3.85, 3.7, 4.17, 5.11, 5.64, 5.4, 6.52, 7.7, 7.18, 6.29, 7.58, 8.61, 8.22, 9.1, 9.28, 10.05, 10.24, 10.17, 10.37, 10.49, 10.9, 11.18, 11.59, 11.88, 11.991, 12.078, 12.251, 12.208, 11.811, 11.601, 9.99, 10.25, 8.54, 5.53, 5.09, 2.86, 3.13, 2.87, 3.35, 2.83, 2.06, 1.61, 1.68, 1.52, 2.83], [3.43, 3.26, 2.55, 3.82, 4.06, 4.5, 4.92, 4.27, 4.58, 3.84, 1.12, 2.03, 2.73, 3.39, 3.61, 3.55, 2.18, 0.87, 0, 1.73, 2.49, 1.91, 2.11, 1.92, 1.26, 1.34, 1.41, 1.61, 2.02, 1.6, 1.84, 2.09, 2.33, 2.69, 3.97, 4.89, 4.5, 2.67, 2.55, 2.54, 3.46, 3.54, 3.57, 4.06, 4.8, 5.33, 5.09, 6.19, 7.37, 6.85, 5.94, 7.17, 8.26, 7.77, 8.63, 8.91, 9.68, 9.87, 9.68, 10.06, 10.26, 10.59, 10.91, 11.26, 11.51, 11.71, 11.775, 11.938, 11.888, 11.478, 11.288, 9.68, 9.84, 8.11, 5.16, 4.78, 2.91, 3.26, 3.0, 3.58, 2.84, 2.03, 1.52, 1.67, 1.57, 3.06], [3.12, 2.95, 2.24, 2.63, 2.87, 3.25, 3.59, 2.9, 3.29, 2.55, 1.67, 3.14, 4.08, 4.78, 5.1, 5.04, 3.57, 2.08, 1.73, 0, 1.12, 0.82, 1.06, 1.21, 1.45, 2.35, 2.82, 2.9, 3.09, 2.37, 1.51, 1.48, 1.56, 1.76, 2.88, 3.78, 3.39, 1.78, 1.74, 1.99, 2.55, 2.73, 2.8, 3.39, 3.67, 4.1, 3.9, 4.84, 6.02, 5.5, 4.83, 6.18, 7.17, 6.84, 7.72, 7.98, 8.67, 8.78, 8.75, 9.09, 9.27, 9.5, 9.76, 10.11, 10.42, 10.48, 10.438, 10.601, 10.558, 10.181, 9.971, 8.47, 8.69, 6.84, 3.99, 3.61, 2.48, 3.07, 3.51, 4.79, 4.13, 3.06, 2.13, 2.26, 2.66, 4.47], [3.08, 2.97, 2.26, 2.19, 2.43, 2.57, 2.87, 2.24, 2.57, 1.95, 2.27, 3.98, 4.86, 5.56, 5.94, 5.76, 4.33, 2.66, 2.49, 1.12, 0, 0.94, 1.16, 1.71, 2.27, 3.19, 3.68, 3.64, 3.67, 2.91, 1.97, 1.48, 1.6, 1.56, 2.44, 3.16, 2.77, 1.68, 1.66, 1.79, 2.43, 2.47, 2.68, 3.23, 3.49, 3.62, 3.56, 4.18, 5.34, 4.82, 4.17, 5.44, 6.35, 6.18, 7.18, 7.46, 8.01, 8.18, 8.11, 8.53, 8.61, 8.7, 8.9, 9.39, 9.78, 9.76, 9.738, 9.901, 9.858, 9.467, 9.257, 7.73, 7.93, 6.2, 3.79, 3.41, 2.56, 3.07, 3.87, 5.09, 4.71, 3.72, 2.75, 2.94, 3.48, 5.23], [3.02, 2.83, 2.16, 2.67, 2.95, 3.25, 3.67, 3.0, 3.31, 2.59, 1.97, 3.44, 4.24, 4.84, 5.22, 5.0, 3.65, 2.12, 1.91, 0.82, 0.94, 0, 1.1, 1.43, 1.69, 2.51, 3.02, 3.08, 3.11, 2.39, 1.49, 1.32, 1.4, 1.56, 2.74, 3.58, 3.17, 1.7, 1.64, 1.83, 2.41, 2.55, 2.7, 3.25, 3.69, 4.04, 3.92, 4.92, 6.12, 5.62, 4.63, 5.88, 6.91, 6.58, 7.48, 7.7, 8.35, 8.62, 8.47, 8.75, 8.91, 9.18, 9.54, 9.95, 10.22, 10.393, 10.464, 10.627, 10.584, 10.173, 9.983, 8.386, 8.55, 6.88, 3.97, 3.61, 2.54, 3.03, 3.53, 4.75, 4.11, 3.04, 2.13, 2.5, 2.76, 4.51], [3.1, 2.91, 2.14, 2.17, 2.43, 2.75, 3.23, 2.58, 2.85, 2.01, 1.61, 3.56, 4.52, 5.18, 5.42, 5.44, 3.97, 2.5, 2.11, 1.06, 1.16, 1.1, 0, 1.01, 1.51, 2.55, 3.12, 3.12, 3.13, 2.43, 1.53, 1.4, 1.5, 1.54, 2.58, 3.42, 3.05, 1.56, 1.74, 1.95, 2.37, 2.49, 2.58, 3.17, 3.39, 3.72, 3.52, 4.42, 5.56, 5.04, 4.35, 5.98, 7.03, 6.74, 7.56, 8.04, 8.61, 8.42, 8.57, 9.11, 9.31, 9.36, 9.48, 9.83, 10.14, 10.02, 9.98, 10.14, 10.08, 9.68, 9.51, 7.93, 8.17, 6.4, 3.93, 3.51, 2.92, 3.41, 3.83, 5.13, 4.37, 3.16, 2.25, 2.38, 2.86, 4.93], [2.77, 2.58, 1.89, 2.3, 2.58, 3.12, 3.64, 3.01, 3.26, 2.36, 1.4, 3.27, 4.19, 4.91, 5.21, 5.25, 3.74, 2.25, 1.92, 1.21, 1.71, 1.43, 1.01, 0, 1.16, 2.26, 2.81, 2.85, 2.96, 2.38, 1.64, 1.71, 1.79, 1.99, 3.05, 3.89, 3.44, 1.77, 1.79, 2.02, 2.54, 2.16, 2.79, 3.4, 3.68, 4.05, 3.79, 4.75, 5.81, 5.35, 4.82, 6.55, 7.68, 7.25, 8.03, 8.57, 9.12, 8.91, 9.08, 9.62, 9.82, 9.85, 10.05, 10.54, 10.69, 10.47, 10.41, 10.51, 10.47, 10.09, 9.78, 8.24, 8.34, 6.85, 4.26, 3.88, 2.93, 3.46, 3.88, 5.06, 4.22, 3.01, 2.04, 2.07, 2.65, 4.68], [2.59, 2.42, 1.73, 3.14, 3.4, 3.88, 4.4, 3.75, 4.02, 3.16, 1.02, 2.35, 3.19, 3.87, 4.25, 4.25, 2.74, 1.49, 1.26, 1.45, 2.27, 1.69, 1.51, 1.16, 0, 1.18, 1.73, 1.89, 2.1, 1.58, 1.56, 1.81, 1.95, 2.05, 3.13, 4.09, 3.66, 1.73, 1.93, 2.14, 2.68, 2.56, 2.77, 3.32, 4.14, 4.73, 4.45, 5.59, 6.73, 6.19, 5.28, 6.95, 8.1, 7.43, 8.13, 8.59, 9.26, 9.37, 9.28, 9.68, 9.96, 10.19, 10.49, 10.98, 10.95, 11.09, 11.09, 11.25, 11.19, 10.79, 10.6, 8.974, 9.06, 7.47, 4.46, 4.04, 2.67, 3.14, 3.38, 4.32, 3.44, 2.41, 1.5, 1.59, 1.73, 3.66], [2.91, 2.62, 2.29, 4.2, 4.44, 4.9, 5.38, 4.73, 5.02, 4.2, 1.4, 2.07, 2.51, 3.07, 3.25, 3.25, 1.78, 1.39, 1.34, 2.35, 3.19, 2.51, 2.55, 2.26, 1.18, 0, 0.87, 1.29, 1.38, 1.22, 1.98, 2.33, 2.55, 2.69, 3.85, 4.782, 4.2, 2.45, 2.45, 2.6, 3.44, 3.38, 3.57, 3.86, 5.14, 5.67, 5.45, 6.57, 7.75, 7.21, 6.2, 7.57, 8.86, 7.95, 8.55, 9.07, 9.78, 10.17, 9.92, 10.06, 10.38, 10.77, 11.37, 11.76, 11.71, 12.01, 12.09, 12.25, 12.19, 11.789, 11.579, 10.005, 9.988, 8.41, 5.22, 4.84, 2.67, 2.94, 2.9, 3.5, 2.8, 1.89, 1.3, 1.47, 1.19, 2.6], [3.2, 2.85, 2.68, 4.65, 4.87, 5.35, 5.81, 5.18, 5.45, 4.69, 1.77, 2.02, 2.24, 2.84, 2.9, 2.88, 1.55, 1.46, 1.41, 2.82, 3.68, 3.02, 3.12, 2.81, 1.73, 0.87, 0, 0.82, 1.09, 1.15, 2.27, 2.62, 2.74, 3.1, 4.32, 5.172, 4.67, 2.94, 2.88, 2.87, 3.85, 3.83, 3.94, 4.23, 5.59, 6.14, 5.94, 7.06, 8.22, 7.68, 6.63, 7.94, 9.27, 8.1, 8.8, 9.28, 10.027, 10.52, 10.19, 10.15, 10.47, 11.22, 11.8, 12.13, 12.14, 12.44, 12.5, 12.645, 12.6, 12.185, 11.995, 10.461, 10.438, 8.86, 5.69, 5.29, 2.86, 2.79, 2.61, 3.09, 2.29, 1.52, 1.29, 1.36, 1.0, 2.25], [3.18, 2.85, 2.7, 4.53, 4.77, 5.21, 5.71, 5.08, 5.35, 4.51, 1.91, 2.28, 2.42, 2.94, 3.02, 3.04, 1.67, 1.52, 1.61, 2.9, 3.64, 3.08, 3.12, 2.85, 1.89, 1.29, 0.82, 0, 0.93, 1.01, 2.17, 2.52, 2.62, 2.94, 4.18, 5.08, 4.63, 2.88, 2.78, 2.77, 3.71, 3.81, 3.78, 4.03, 5.47, 5.98, 5.82, 6.92, 8.08, 7.56, 6.49, 7.84, 9.15, 8.04, 8.8, 9.28, 9.95, 10.36, 10.09, 10.21, 10.49, 11.12, 11.68, 12.03, 12.0, 12.28, 12.36, 12.48, 12.42, 12.02, 11.815, 10.281, 10.301, 8.68, 5.59, 5.17, 2.96, 2.77, 2.41, 2.93, 2.13, 1.46, 1.35, 1.36, 1.16, 2.37], [2.99, 2.68, 2.69, 4.68, 4.92, 5.36, 5.88, 5.21, 5.46, 4.58, 2.22, 2.47, 2.39, 2.83, 2.99, 2.97, 1.58, 1.75, 2.02, 3.09, 3.67, 3.11, 3.13, 2.96, 2.1, 1.38, 1.09, 0.93, 0, 1.08, 2.18, 2.63, 2.77, 2.99, 4.21, 5.11, 4.56, 2.79, 2.77, 2.9, 3.78, 3.76, 3.93, 4.16, 5.6, 6.17, 5.99, 7.09, 8.23, 7.71, 6.64, 7.99, 9.28, 8.25, 8.79, 9.39, 10.1, 10.49, 10.22, 10.38, 10.7, 11.17, 11.77, 12.12, 12.03, 12.35, 12.41, 12.55, 12.47, 12.055, 11.88, 10.357, 10.314, 8.79, 5.76, 5.28, 2.93, 2.7, 2.42, 2.78, 2.08, 1.53, 1.42, 1.57, 1.35, 2.3], [2.67, 2.4, 2.11, 3.98, 4.2, 4.64, 5.14, 4.49, 4.74, 3.92, 1.72, 2.49, 2.99, 3.55, 3.698, 3.643, 2.18, 1.61, 1.6, 2.37, 2.91, 2.39, 2.43, 2.38, 1.58, 1.22, 1.15, 1.01, 1.08, 0, 1.38, 1.83, 1.95, 2.23, 3.47, 4.37, 3.94, 2.23, 2.15, 2.22, 3.1, 3.2, 3.23, 3.58, 4.88, 5.43, 5.25, 6.35, 7.51, 6.99, 5.9, 7.25, 8.56, 7.51, 8.19, 8.69, 9.32, 9.73, 9.44, 9.66, 9.94, 10.45, 11.01, 11.32, 11.31, 11.63, 11.71, 11.83, 11.79, 11.37, 11.18, 9.64, 9.62, 8.13, 5.02, 4.6, 2.49, 2.5, 2.38, 3.22, 2.48, 1.65, 1.1, 1.29, 1.33, 3.02], [2.49, 2.36, 1.79, 2.84, 3.1, 3.52, 4.02, 3.37, 3.58, 2.7, 1.68, 3.33, 4.15, 4.73, 4.921, 4.926, 3.44, 2.27, 1.84, 1.51, 1.97, 1.49, 1.53, 1.64, 1.56, 1.98, 2.27, 2.17, 2.18, 1.38, 0, 0.95, 0.97, 1.23, 2.57, 3.43, 3.1, 1.73, 1.25, 1.36, 2.16, 2.3, 2.61, 3.18, 3.8, 4.31, 4.15, 5.23, 6.37, 5.85, 4.84, 6.17, 7.38, 6.65, 7.37, 7.87, 8.44, 8.61, 8.46, 8.88, 9.16, 9.43, 9.89, 10.16, 10.29, 10.45, 10.51, 10.61, 10.55, 10.11, 9.92, 8.48, 8.52, 6.93, 4.06, 3.72, 2.27, 2.62, 3.0, 4.46, 3.52, 2.39, 1.48, 1.93, 2.37, 4.3], [2.66, 2.51, 1.76, 2.51, 2.71, 3.13, 3.59, 2.94, 3.17, 2.35, 2.09, 3.72, 4.46, 5.04, 5.293, 5.239, 3.79, 2.64, 2.09, 1.48, 1.48, 1.32, 1.4, 1.71, 1.81, 2.33, 2.62, 2.52, 2.63, 1.83, 0.95, 0, 0.6, 0.92, 2.12, 2.94, 2.65, 1.24, 0.96, 1.11, 1.75, 2.11, 2.14, 2.73, 3.45, 3.9, 3.72, 4.82, 6.0, 5.48, 4.37, 5.62, 6.91, 6.08, 6.84, 7.32, 7.91, 8.1, 7.87, 8.31, 8.59, 8.9, 9.38, 9.71, 9.8, 10.0, 10.12, 10.24, 10.2, 9.78, 9.59, 8.09, 8.07, 6.56, 3.63, 3.35, 2.28, 2.75, 3.45, 4.79, 3.93, 2.809, 1.85, 2.4, 2.749, 4.65], [2.6, 2.49, 1.9, 2.35, 2.65, 3.05, 3.57, 2.94, 3.15, 2.19, 2.25, 3.98, 4.74, 5.32, 5.453, 5.449, 4.05, 2.86, 2.33, 1.56, 1.6, 1.4, 1.5, 1.79, 1.95, 2.55, 2.74, 2.62, 2.77, 1.95, 0.97, 0.6, 0, 0.88, 1.94, 2.88, 2.51, 1.24, 0.88, 1.13, 1.61, 1.93, 2.16, 2.73, 3.35, 3.84, 3.68, 4.76, 5.88, 5.38, 4.33, 5.68, 6.93, 5.98, 6.72, 7.22, 7.83, 8.1, 7.87, 8.21, 8.49, 8.94, 9.44, 9.71, 9.78, 10.0, 10.08, 10.16, 10.08, 9.62, 9.45, 7.97, 7.95, 6.42, 3.55, 3.17, 2.4, 2.85, 3.49, 4.99, 4.05, 2.88, 1.97, 2.5, 2.969, 4.87], [2.56, 2.45, 1.94, 2.41, 2.65, 2.73, 3.19, 2.56, 2.83, 1.99, 2.49, 4.18, 5.0, 5.598, 5.813, 5.839, 4.309, 3.06, 2.69, 1.76, 1.56, 1.56, 1.54, 1.99, 2.05, 2.69, 3.1, 2.94, 2.99, 2.23, 1.23, 0.92, 0.88, 0, 1.46, 2.48, 2.13, 1.32, 1.18, 1.51, 1.71, 2.05, 2.0, 2.49, 3.23, 3.6, 3.6, 4.46, 5.5, 5.0, 3.95, 5.36, 6.63, 5.86, 6.52, 7.08, 7.63, 7.74, 7.63, 8.07, 8.35, 8.6, 9.08, 9.43, 9.38, 9.64, 9.72, 9.82, 9.74, 9.26, 9.07, 7.63, 7.55, 6.08, 3.35, 2.87, 2.42, 2.95, 3.79, 5.27, 4.381, 3.24, 2.267, 2.66, 3.189, 5.158], [2.58, 2.59, 2.48, 2.07, 2.27, 2.11, 2.39, 2.34, 2.21, 1.87, 3.61, 5.26, 6.14, 6.76, 7.033, 7.059, 5.529, 4.32, 3.97, 2.88, 2.44, 2.74, 2.58, 3.05, 3.13, 3.85, 4.32, 4.18, 4.21, 3.47, 2.57, 2.12, 1.94, 1.46, 0, 1.22, 1.13, 1.8, 1.72, 1.93, 1.29, 1.65, 1.7, 1.75, 2.39, 2.74, 2.82, 3.6, 4.28, 3.74, 2.85, 4.46, 5.59, 4.88, 5.44, 6.12, 6.57, 6.7, 6.49, 7.03, 7.29, 7.56, 8.06, 8.33, 8.2, 8.4, 8.48, 8.56, 8.48, 8.02, 7.81, 6.37, 6.31, 4.94, 2.47, 2.11, 2.74, 3.391, 4.694, 6.372, 5.501, 4.42, 3.496, 3.82, 4.363, 6.338], [3.28, 3.49, 3.42, 2.45, 2.51, 2.25, 2.17, 2.62, 2.21, 2.47, 4.45, 6.22, 7.098, 7.678, 7.951, 7.956, 6.426, 5.24, 4.89, 3.78, 3.16, 3.58, 3.42, 3.89, 4.09, 4.782, 5.172, 5.08, 5.11, 4.37, 3.43, 2.94, 2.88, 2.48, 1.22, 0, 1.11, 2.66, 2.56, 2.61, 1.75, 2.11, 2.26, 2.25, 2.23, 2.46, 2.86, 3.2, 3.44, 2.8, 2.15, 3.66, 4.57, 4.16, 4.68, 5.36, 5.63, 5.74, 5.49, 6.11, 6.39, 6.48, 7.04, 7.25, 7.18, 7.36, 7.4, 7.54, 7.48, 7.06, 6.87, 5.35, 5.33, 4.02, 2.15, 2.09, 3.52, 4.188, 5.551, 7.249, 6.438, 5.426, 4.476, 4.8, 5.3, 7.275], [2.97, 2.92, 2.83, 2.28, 2.16, 1.96, 1.98, 2.19, 1.94, 2.0, 4.08, 5.79, 6.59, 7.15, 7.375, 7.361, 5.84, 4.83, 4.5, 3.39, 2.77, 3.17, 3.05, 3.44, 3.66, 4.2, 4.67, 4.63, 4.56, 3.94, 3.1, 2.65, 2.51, 2.13, 1.13, 1.11, 0, 2.11, 2.07, 2.42, 1.9, 2.06, 2.39, 2.4, 2.64, 2.87, 3.15, 3.57, 3.89, 3.39, 2.66, 4.21, 5.14, 4.49, 5.09, 5.79, 6.22, 6.45, 6.2, 6.6, 6.88, 7.13, 7.69, 7.9, 7.87, 8.01, 8.03, 8.15, 8.11, 7.67, 7.48, 5.88, 5.9, 4.65, 2.52, 2.52, 3.23, 3.92, 5.1, 6.673, 5.88, 4.904, 4.04, 4.29, 4.75, 6.682], [2.38, 2.23, 1.66, 2.13, 2.29, 2.65, 3.19, 2.56, 2.75, 1.87, 2.39, 3.82, 4.64, 5.26, 5.6, 5.62, 4.05, 2.96, 2.67, 1.78, 1.68, 1.7, 1.56, 1.77, 1.73, 2.45, 2.94, 2.88, 2.79, 2.23, 1.73, 1.24, 1.24, 1.32, 1.8, 2.66, 2.11, 0, 1.0, 1.65, 1.71, 1.91, 1.94, 2.35, 3.11, 3.54, 3.4, 4.38, 5.5, 5.0, 4.05, 5.6, 6.77, 5.92, 6.58, 7.08, 7.77, 8.06, 7.83, 8.17, 8.43, 8.7, 9.14, 9.61, 9.54, 9.78, 9.8, 9.94, 9.86, 9.44, 9.25, 7.61, 7.59, 6.1, 3.25, 2.75, 2.52, 3.01, 3.83, 5.01, 4.29, 3.22, 2.25, 2.36, 2.96, 5.01], [2.14, 1.97, 1.52, 2.01, 2.25, 2.71, 3.25, 2.64, 2.85, 1.93, 2.21, 4.0, 4.84, 5.42, 5.679, 5.68, 4.11, 2.98, 2.55, 1.74, 1.66, 1.64, 1.74, 1.79, 1.93, 2.45, 2.88, 2.78, 2.77, 2.15, 1.25, 0.96, 0.88, 1.18, 1.72, 2.56, 2.07, 1.0, 0, 0.81, 1.25, 1.45, 1.82, 2.39, 3.03, 3.52, 3.36, 4.44, 5.56, 5.06, 4.03, 5.46, 6.69, 5.9, 6.54, 7.14, 7.77, 7.9, 7.75, 8.11, 8.39, 8.6, 9.18, 9.53, 9.52, 9.72, 9.76, 9.86, 9.78, 9.36, 9.17, 7.67, 7.65, 6.14, 3.19, 2.91, 2.22, 2.73, 3.75, 5.03, 4.25, 3.14, 2.17, 2.52, 3.04, 4.99], [2.01, 1.88, 1.69, 2.02, 2.28, 2.64, 3.18, 2.75, 2.8, 2.14, 2.26, 4.03, 4.87, 5.45, 5.65, 5.63, 4.12, 2.99, 2.54, 1.99, 1.79, 1.83, 1.95, 2.02, 2.14, 2.6, 2.87, 2.77, 2.9, 2.22, 1.36, 1.11, 1.13, 1.51, 1.93, 2.61, 2.42, 1.65, 0.81, 0, 1.3, 1.4, 1.83, 2.34, 2.98, 3.43, 3.25, 4.35, 5.51, 4.99, 3.92, 5.19, 6.5, 5.69, 6.45, 7.01, 7.58, 7.81, 7.64, 7.94, 8.22, 8.51, 9.03, 9.38, 9.51, 9.63, 9.73, 9.867, 9.81, 9.398, 9.208, 7.74, 7.72, 6.09, 3.18, 2.92, 1.91, 2.42, 3.58, 4.94, 4.14, 3.07, 2.16, 2.65, 3.03, 4.94], [1.83, 2.02, 1.95, 1.52, 1.94, 2.32, 2.82, 2.75, 2.54, 2.04, 3.14, 4.87, 5.73, 6.33, 6.69, 6.69, 5.12, 3.81, 3.46, 2.55, 2.43, 2.41, 2.37, 2.54, 2.68, 3.44, 3.85, 3.71, 3.78, 3.1, 2.16, 1.75, 1.61, 1.71, 1.29, 1.75, 1.9, 1.71, 1.25, 1.3, 0, 0.9, 1.03, 1.38, 1.96, 2.47, 2.27, 3.37, 4.47, 4.01, 3.04, 4.65, 5.86, 5.13, 5.83, 6.35, 6.94, 7.07, 6.94, 7.38, 7.66, 7.81, 8.31, 8.68, 8.65, 8.79, 8.81, 8.87, 8.85, 8.41, 8.18, 6.68, 6.66, 5.13, 2.24, 1.9, 2.33, 3.02, 4.36, 5.98, 5.16, 4.11, 3.16, 3.37, 3.99, 6.0], [1.63, 1.74, 1.59, 1.6, 1.98, 2.36, 2.84, 2.71, 2.5, 1.96, 3.0, 4.73, 5.55, 6.17, 6.61, 6.61, 5.06, 3.85, 3.54, 2.73, 2.47, 2.55, 2.49, 2.16, 2.56, 3.38, 3.83, 3.81, 3.76, 3.2, 2.3, 2.11, 1.93, 2.05, 1.65, 2.11, 2.06, 1.91, 1.45, 1.4, 0.9, 0, 1.25, 1.68, 2.24, 2.65, 2.49, 3.51, 4.57, 4.17, 3.3, 5.05, 6.24, 5.51, 6.17, 6.71, 7.36, 7.43, 7.3, 7.76, 8.04, 8.21, 8.65, 9.08, 9.03, 8.99, 8.97, 9.05, 9.03, 8.63, 8.38, 6.86, 6.86, 5.47, 2.72, 2.32, 2.27, 2.94, 4.24, 5.92, 5.08, 4.01, 3.06, 3.35, 3.91, 5.92], [1.92, 2.07, 1.88, 1.93, 2.23, 2.57, 2.99, 2.78, 2.65, 2.21, 3.35, 4.92, 5.6, 6.32, 6.76, 6.76, 5.21, 3.7, 3.57, 2.8, 2.68, 2.7, 2.58, 2.79, 2.77, 3.57, 3.94, 3.78, 3.93, 3.23, 2.61, 2.14, 2.16, 2.0, 1.7, 2.26, 2.39, 1.94, 1.82, 1.83, 1.03, 1.25, 0, 0.75, 1.81, 2.36, 2.22, 3.22, 4.36, 3.86, 2.93, 4.66, 5.83, 5.28, 5.94, 6.46, 7.07, 7.02, 7.01, 7.51, 7.79, 7.96, 8.24, 8.67, 8.66, 8.68, 8.68, 8.74, 8.76, 8.34, 8.13, 6.63, 6.75, 5.16, 2.29, 1.87, 2.2, 2.85, 4.39, 6.07, 5.23, 4.2, 3.27, 3.46, 4.06, 6.07], [1.87, 2.08, 2.27, 2.1, 2.18, 2.54, 2.98, 2.99, 2.78, 2.44, 3.88, 5.39, 5.85, 6.53, 6.97, 6.97, 5.42, 4.17, 4.06, 3.39, 3.23, 3.25, 3.17, 3.4, 3.32, 3.86, 4.23, 4.03, 4.16, 3.58, 3.18, 2.73, 2.73, 2.49, 1.75, 2.25, 2.4, 2.35, 2.39, 2.34, 1.38, 1.68, 0.75, 0, 1.66, 2.13, 2.15, 3.07, 4.15, 3.67, 2.76, 4.49, 5.64, 5.09, 5.77, 6.25, 6.88, 6.89, 6.84, 7.3, 7.56, 7.75, 8.09, 8.5, 8.47, 8.45, 8.47, 8.53, 8.55, 8.17, 7.94, 6.44, 6.54, 4.97, 2.06, 1.62, 2.57, 3.04, 4.6, 6.28, 5.44, 4.51, 3.68, 3.79, 4.31, 6.28], [3.07, 3.32, 3.15, 1.78, 1.58, 1.76, 2.44, 2.51, 2.14, 2.08, 4.2, 6.27, 7.17, 7.91, 8.35, 8.33, 6.76, 5.11, 4.8, 3.67, 3.49, 3.69, 3.39, 3.68, 4.14, 5.14, 5.59, 5.47, 5.6, 4.88, 3.8, 3.45, 3.35, 3.23, 2.39, 2.23, 2.64, 3.11, 3.03, 2.98, 1.96, 2.24, 1.81, 1.66, 0, 0.93, 1.15, 1.77, 2.63, 2.31, 2.1, 3.79, 4.88, 4.57, 5.31, 5.75, 6.38, 6.25, 6.36, 6.86, 7.06, 7.15, 7.35, 7.62, 7.89, 7.55, 7.29, 7.47, 7.45, 7.23, 6.82, 5.52, 5.9, 4.23, 1.64, 1.46, 3.73, 4.42, 5.96, 7.62, 6.88, 5.91, 4.96, 5.07, 5.67, 7.68], [3.58, 3.85, 3.62, 1.83, 1.69, 1.69, 2.37, 2.38, 1.99, 2.13, 4.65, 6.82, 7.72, 8.46, 8.9, 8.86, 7.29, 5.64, 5.33, 4.1, 3.62, 4.04, 3.72, 4.05, 4.73, 5.67, 6.14, 5.98, 6.17, 5.43, 4.31, 3.9, 3.84, 3.6, 2.74, 2.46, 2.87, 3.54, 3.52, 3.43, 2.47, 2.65, 2.36, 2.13, 0.93, 0, 0.84, 1.26, 2.2, 2.04, 2.21, 3.82, 4.81, 4.72, 5.5, 5.92, 6.41, 6.34, 6.49, 6.97, 7.21, 7.18, 7.34, 7.67, 8.04, 7.58, 7.12, 7.2, 7.28, 7.14, 6.71, 5.55, 5.91, 4.32, 1.99, 1.91, 4.3, 4.99, 6.49, 8.15, 7.41, 6.48, 5.55, 5.66, 6.2, 8.21], [3.32, 3.59, 3.38, 1.65, 1.53, 1.83, 2.57, 2.5, 2.17, 2.23, 4.39, 6.56, 7.44, 8.22, 8.62, 8.62, 7.05, 5.4, 5.09, 3.9, 3.56, 3.92, 3.52, 3.79, 4.45, 5.45, 5.94, 5.82, 5.99, 5.25, 4.15, 3.72, 3.68, 3.6, 2.82, 2.86, 3.15, 3.4, 3.36, 3.25, 2.27, 2.49, 2.22, 2.15, 1.15, 0.84, 0, 1.26, 2.66, 2.56, 2.85, 4.46, 5.43, 5.28, 6.14, 6.52, 7.11, 6.96, 7.13, 7.61, 7.81, 7.84, 7.9, 8.29, 8.68, 8.2, 7.72, 7.78, 7.86, 7.72, 7.31, 6.13, 6.49, 4.92, 2.35, 2.15, 4.06, 4.77, 6.25, 7.91, 7.17, 6.24, 5.31, 5.38, 5.96, 7.99], [4.48, 4.73, 4.54, 2.57, 2.29, 2.15, 2.73, 2.76, 2.43, 2.73, 5.45, 7.66, 8.58, 9.34, 9.72, 9.74, 8.17, 6.52, 6.19, 4.84, 4.18, 4.92, 4.42, 4.75, 5.59, 6.57, 7.06, 6.92, 7.09, 6.35, 5.23, 4.82, 4.76, 4.46, 3.6, 3.2, 3.57, 4.38, 4.44, 4.35, 3.37, 3.51, 3.22, 3.07, 1.77, 1.26, 1.26, 0, 1.56, 1.62, 2.29, 3.68, 4.63, 4.64, 5.54, 6.02, 6.47, 6.3, 6.49, 7.05, 7.19, 7.08, 7.16, 7.51, 8.02, 7.38, 6.8, 6.82, 6.92, 6.8, 6.39, 5.31, 5.69, 4.22, 2.33, 2.45, 5.06, 5.77, 7.29, 8.95, 8.31, 7.38, 6.45, 6.44, 7.1, 9.11], [5.56, 5.83, 5.68, 3.63, 3.37, 2.89, 2.83, 3.34, 2.95, 3.73, 6.59, 8.84, 9.76, 10.52, 10.9, 10.92, 9.35, 7.7, 7.37, 6.02, 5.34, 6.12, 5.56, 5.81, 6.73, 7.75, 8.22, 8.08, 8.23, 7.51, 6.37, 6.0, 5.88, 5.5, 4.28, 3.44, 3.89, 5.5, 5.56, 5.51, 4.47, 4.57, 4.36, 4.15, 2.63, 2.2, 2.66, 1.56, 0, 0.94, 2.01, 3.02, 3.51, 3.98, 4.62, 5.26, 5.53, 5.3, 5.47, 6.11, 6.25, 6.16, 6.24, 6.47, 6.96, 6.26, 5.58, 5.54, 5.62, 5.5, 5.11, 4.03, 4.51, 3.16, 2.73, 3.21, 6.22, 6.91, 8.45, 10.11, 9.49, 8.52, 7.57, 7.52, 8.28, 10.29], [5.18, 5.37, 5.3, 3.37, 3.07, 2.69, 2.69, 3.14, 2.69, 3.33, 6.07, 8.32, 9.22, 9.98, 10.36, 10.4, 8.85, 7.18, 6.85, 5.5, 4.82, 5.62, 5.04, 5.35, 6.19, 7.21, 7.68, 7.56, 7.71, 6.99, 5.85, 5.48, 5.38, 5.0, 3.74, 2.8, 3.39, 5.0, 5.06, 4.99, 4.01, 4.17, 3.86, 3.67, 2.31, 2.04, 2.56, 1.62, 0.94, 0, 1.39, 2.72, 3.35, 3.72, 4.36, 5.0, 5.29, 4.98, 5.13, 5.79, 6.01, 5.92, 5.96, 6.13, 6.62, 5.96, 5.46, 5.46, 5.5, 5.36, 4.97, 3.85, 4.31, 2.82, 2.17, 2.65, 5.66, 6.35, 7.91, 9.59, 8.95, 7.98, 7.03, 7.02, 7.74, 9.77], [4.33, 4.56, 4.51, 3.3, 3.2, 3.08, 3.14, 3.55, 3.14, 3.34, 5.42, 7.41, 8.31, 8.99, 9.43, 9.43, 7.86, 6.29, 5.94, 4.83, 4.17, 4.63, 4.35, 4.82, 5.28, 6.2, 6.63, 6.49, 6.64, 5.9, 4.84, 4.37, 4.33, 3.95, 2.85, 2.15, 2.66, 4.05, 4.03, 3.92, 3.04, 3.3, 2.93, 2.76, 2.1, 2.21, 2.85, 2.29, 2.01, 1.39, 0, 1.95, 2.96, 2.81, 3.49, 4.11, 4.48, 4.29, 4.36, 4.98, 5.18, 5.19, 5.45, 5.78, 5.91, 5.85, 5.89, 6.067, 6.01, 5.61, 5.44, 3.86, 4.04, 2.47, 1.42, 1.84, 4.81, 5.5, 7.06, 8.72, 7.9, 6.93, 6.0, 6.19, 6.73, 8.74], [6.06, 6.23, 6.24, 4.95, 4.83, 4.61, 4.59, 4.94, 4.59, 4.91, 6.93, 8.78, 9.58, 10.22, 10.52, 10.5, 8.95, 7.58, 7.17, 6.18, 5.44, 5.88, 5.98, 6.55, 6.95, 7.57, 7.94, 7.84, 7.99, 7.25, 6.17, 5.62, 5.68, 5.36, 4.46, 3.66, 4.21, 5.6, 5.46, 5.19, 4.65, 5.05, 4.66, 4.49, 3.79, 3.82, 4.46, 3.68, 3.02, 2.72, 1.95, 0, 1.35, 1.4, 2.12, 2.58, 2.95, 3.1, 3.03, 3.49, 3.65, 3.68, 4.06, 4.37, 4.84, 4.8, 4.813, 4.976, 4.933, 4.516, 4.326, 2.81, 2.95, 1.58, 2.95, 3.41, 6.0, 6.63, 8.15, 9.79, 9.07, 8.18, 7.27, 7.6, 8.02, 9.83], [7.23, 7.44, 7.43, 5.92, 5.8, 5.5, 5.14, 5.73, 5.32, 5.9, 7.96, 9.89, 10.69, 11.37, 11.79, 11.71, 10.18, 8.61, 8.26, 7.17, 6.35, 6.91, 7.03, 7.68, 8.1, 8.86, 9.27, 9.15, 9.28, 8.56, 7.38, 6.91, 6.93, 6.63, 5.59, 4.57, 5.14, 6.77, 6.69, 6.5, 5.86, 6.24, 5.83, 5.64, 4.88, 4.81, 5.43, 4.63, 3.51, 3.35, 2.96, 1.35, 0, 1.69, 1.99, 2.23, 2.3, 2.31, 2.42, 2.84, 2.88, 2.93, 3.11, 3.4, 3.99, 3.81, 3.618, 3.781, 3.75, 3.401, 3.18, 1.86, 2.18, 1.35, 4.12, 4.56, 7.23, 7.88, 9.34, 10.98, 10.38, 9.51, 8.6, 8.87, 9.35, 11.1], [6.48, 6.65, 6.7, 5.77, 5.73, 5.65, 5.63, 6.0, 5.59, 5.81, 7.75, 9.22, 9.92, 10.56, 10.64, 10.62, 9.21, 8.22, 7.77, 6.84, 6.18, 6.58, 6.74, 7.25, 7.43, 7.95, 8.1, 8.04, 8.25, 7.51, 6.65, 6.08, 5.98, 5.86, 4.88, 4.16, 4.49, 5.92, 5.9, 5.69, 5.13, 5.51, 5.28, 5.09, 4.57, 4.72, 5.28, 4.64, 3.98, 3.72, 2.81, 1.4, 1.69, 0, 1.12, 1.7, 2.23, 2.82, 2.35, 2.47, 2.69, 3.36, 3.84, 4.17, 4.34, 4.608, 4.72, 4.868, 4.825, 4.408, 4.218, 2.81, 2.69, 1.88, 3.41, 3.89, 6.2, 6.77, 8.23, 9.95, 9.19, 8.3, 7.45, 7.92, 8.34, 10.05], [7.04, 7.17, 7.32, 6.57, 6.55, 6.45, 6.39, 6.88, 6.41, 6.61, 8.53, 10.04, 10.72, 11.3, 11.44, 11.36, 9.97, 9.1, 8.63, 7.72, 7.18, 7.48, 7.56, 8.03, 8.13, 8.55, 8.8, 8.8, 8.79, 8.19, 7.37, 6.84, 6.72, 6.52, 5.44, 4.68, 5.09, 6.58, 6.54, 6.45, 5.83, 6.17, 5.94, 5.77, 5.31, 5.5, 6.14, 5.54, 4.62, 4.36, 3.49, 2.12, 1.99, 1.12, 0, 1.06, 1.57, 2.02, 1.61, 1.81, 2.05, 2.8, 3.32, 3.57, 3.62, 3.96, 4.0, 4.177, 4.08, 3.673, 3.51, 2.45, 2.17, 1.94, 4.19, 4.55, 6.88, 7.47, 8.99, 10.67, 9.89, 8.86, 8.09, 8.62, 8.96, 10.75], [7.58, 7.75, 7.78, 7.09, 7.07, 6.99, 6.91, 7.34, 6.97, 7.21, 9.01, 10.36, 11.02, 11.58, 11.84, 11.64, 10.33, 9.28, 8.91, 7.98, 7.46, 7.7, 8.04, 8.57, 8.59, 9.07, 9.28, 9.28, 9.39, 8.69, 7.87, 7.32, 7.22, 7.08, 6.12, 5.36, 5.79, 7.08, 7.14, 7.01, 6.35, 6.71, 6.46, 6.25, 5.75, 5.92, 6.52, 6.02, 5.26, 5.0, 4.11, 2.58, 2.23, 1.7, 1.06, 0, 1.11, 1.74, 1.43, 1.53, 1.59, 2.22, 2.88, 3.19, 3.28, 3.64, 3.668, 3.9, 3.84, 3.54, 3.45, 2.65, 2.41, 2.52, 4.61, 5.09, 7.34, 7.95, 9.35, 10.99, 10.35, 9.48, 8.67, 9.08, 9.48, 11.13], [8.27, 8.46, 8.49, 7.62, 7.56, 7.44, 7.3, 7.79, 7.38, 7.68, 9.56, 11.07, 11.87, 12.43, 12.63, 12.59, 11.18, 10.05, 9.68, 8.67, 8.01, 8.35, 8.61, 9.12, 9.26, 9.78, 10.027, 9.95, 10.1, 9.32, 8.44, 7.91, 7.83, 7.63, 6.57, 5.63, 6.22, 7.77, 7.77, 7.58, 6.94, 7.36, 7.07, 6.88, 6.38, 6.41, 7.11, 6.47, 5.53, 5.29, 4.48, 2.95, 2.3, 2.23, 1.57, 1.11, 0, 1.07, 0.92, 1.2, 1.08, 1.49, 2.13, 2.4, 2.43, 2.73, 2.87, 3.11, 3.19, 2.87, 2.86, 2.16, 1.84, 2.65, 5.28, 5.74, 8.19, 8.82, 10.254, 11.896, 11.16, 10.273, 9.36, 9.79, 10.19, 11.937], [8.4, 8.67, 8.68, 7.41, 7.33, 7.21, 7.13, 7.62, 7.17, 7.37, 9.43, 11.38, 12.22, 12.9, 13.305, 13.291, 11.77, 10.24, 9.87, 8.78, 8.18, 8.62, 8.42, 8.91, 9.37, 10.17, 10.52, 10.36, 10.49, 9.73, 8.61, 8.1, 8.1, 7.74, 6.7, 5.74, 6.45, 8.06, 7.9, 7.81, 7.07, 7.43, 7.02, 6.89, 6.25, 6.34, 6.96, 6.3, 5.3, 4.98, 4.29, 3.1, 2.31, 2.82, 2.02, 1.74, 1.07, 0, 1.03, 1.65, 1.61, 1.44, 1.76, 1.87, 2.06, 2.02, 2.06, 2.44, 2.36, 2.0, 2.01, 1.61, 1.51, 2.52, 5.49, 5.87, 8.735, 9.382, 10.885, 12.583, 11.775, 10.76, 9.83, 10.14, 10.7, 12.629], [8.27, 8.52, 8.53, 7.58, 7.52, 7.42, 7.3, 7.83, 7.36, 7.62, 9.54, 11.17, 11.89, 12.51, 12.93, 12.861, 11.36, 10.17, 9.68, 8.75, 8.11, 8.47, 8.57, 9.08, 9.28, 9.92, 10.19, 10.09, 10.22, 9.44, 8.46, 7.87, 7.87, 7.63, 6.49, 5.49, 6.2, 7.83, 7.75, 7.64, 6.94, 7.3, 7.01, 6.84, 6.36, 6.49, 7.13, 6.49, 5.47, 5.13, 4.36, 3.03, 2.42, 2.35, 1.61, 1.43, 0.92, 1.03, 0, 1.22, 1.38, 1.67, 2.15, 2.22, 2.15, 2.43, 2.55, 2.77, 2.77, 2.49, 2.46, 2.1, 1.82, 2.51, 5.36, 5.78, 8.33, 8.96, 10.435, 12.16, 11.32, 10.33, 9.48, 9.95, 10.41, 12.2], [8.65, 8.8, 8.83, 8.14, 8.08, 8.02, 7.88, 8.39, 7.96, 8.22, 10.06, 11.43, 12.03, 12.65, 12.71, 12.55, 11.34, 10.37, 10.06, 9.09, 8.53, 8.75, 9.11, 9.62, 9.68, 10.06, 10.15, 10.21, 10.38, 9.66, 8.88, 8.31, 8.21, 8.07, 7.03, 6.11, 6.6, 8.17, 8.11, 7.94, 7.38, 7.76, 7.51, 7.3, 6.86, 6.97, 7.61, 7.05, 6.11, 5.79, 4.98, 3.49, 2.84, 2.47, 1.81, 1.53, 1.2, 1.65, 1.22, 0, 0.8, 1.81, 2.39, 2.6, 2.73, 3.11, 3.37, 3.71, 3.69, 3.43, 3.46, 2.78, 2.54, 3.11, 5.66, 6.16, 8.29, 8.8, 10.06, 11.92, 10.94, 10.21, 9.6, 10.17, 10.45, 11.94], [8.97, 9.12, 9.17, 8.34, 8.26, 8.16, 8.02, 8.51, 8.1, 8.38, 10.3, 11.67, 12.29, 12.89, 12.97, 12.77, 11.6, 10.49, 10.26, 9.27, 8.61, 8.91, 9.31, 9.82, 9.96, 10.38, 10.47, 10.49, 10.7, 9.94, 9.16, 8.59, 8.49, 8.35, 7.29, 6.39, 6.88, 8.43, 8.39, 8.22, 7.66, 8.04, 7.79, 7.56, 7.06, 7.21, 7.81, 7.19, 6.25, 6.01, 5.18, 3.65, 2.88, 2.69, 2.05, 1.59, 1.08, 1.61, 1.38, 0.8, 0, 1.43, 1.95, 2.28, 2.39, 2.77, 3.21, 3.49, 3.51, 3.33, 3.38, 2.82, 2.46, 3.35, 5.9, 6.4, 8.57, 9.1, 10.34, 12.12, 11.38, 10.57, 9.92, 10.45, 10.77, 12.2], [9.2, 9.37, 9.4, 8.35, 8.23, 7.97, 7.89, 8.32, 7.95, 8.31, 10.33, 12.0, 12.88, 13.44, 13.82, 13.72, 12.19, 10.9, 10.59, 9.5, 8.7, 9.18, 9.36, 9.85, 10.19, 10.77, 11.22, 11.12, 11.17, 10.45, 9.43, 8.9, 8.94, 8.6, 7.56, 6.48, 7.13, 8.7, 8.6, 8.51, 7.81, 8.21, 7.96, 7.75, 7.15, 7.18, 7.84, 7.08, 6.16, 5.92, 5.19, 3.68, 2.93, 3.36, 2.8, 2.22, 1.49, 1.44, 1.67, 1.81, 1.43, 0, 1.06, 1.49, 1.52, 1.88, 2.5, 2.9, 2.9, 2.66, 2.69, 2.51, 2.15, 3.38, 6.07, 6.63, 9.2, 9.91, 11.37, 13.01, 12.37, 11.5, 10.57, 10.88, 11.28, 13.09], [9.62, 9.85, 9.82, 8.37, 8.27, 8.11, 8.01, 8.46, 8.07, 8.37, 10.45, 12.38, 13.2, 13.92, 14.34, 14.32, 12.77, 11.18, 10.91, 9.76, 8.9, 9.54, 9.48, 10.05, 10.49, 11.37, 11.8, 11.68, 11.77, 11.01, 9.89, 9.38, 9.44, 9.08, 8.06, 7.04, 7.69, 9.14, 9.18, 9.03, 8.31, 8.65, 8.24, 8.09, 7.35, 7.34, 7.9, 7.16, 6.24, 5.96, 5.45, 4.06, 3.11, 3.84, 3.32, 2.88, 2.13, 1.76, 2.15, 2.39, 1.95, 1.06, 0, 0.95, 1.34, 1.5, 2.2, 2.48, 2.46, 2.26, 2.37, 2.67, 2.37, 3.6, 6.53, 7.01, 9.74, 10.41, 11.901, 13.59, 12.93, 12.04, 11.13, 11.34, 11.84, 13.69], [10.05, 10.28, 10.29, 8.8, 8.62, 8.4, 8.28, 8.79, 8.34, 8.68, 10.84, 12.85, 13.63, 14.31, 14.77, 14.71, 13.14, 11.59, 11.26, 10.11, 9.39, 9.95, 9.83, 10.54, 10.98, 11.76, 12.13, 12.03, 12.12, 11.32, 10.16, 9.71, 9.71, 9.43, 8.33, 7.25, 7.9, 9.61, 9.53, 9.38, 8.68, 9.08, 8.67, 8.5, 7.62, 7.67, 8.29, 7.51, 6.47, 6.13, 5.78, 4.37, 3.4, 4.17, 3.57, 3.19, 2.4, 1.87, 2.22, 2.6, 2.28, 1.49, 0.95, 0, 1.01, 1.05, 1.77, 2.01, 1.97, 1.83, 2.1, 2.76, 2.56, 3.87, 7.0, 7.42, 10.15, 10.78, 12.295, 14.0, 13.26, 12.33, 11.46, 11.73, 12.25, 14.06], [9.98, 10.23, 10.22, 9.15, 9.07, 8.93, 8.77, 9.32, 8.85, 9.17, 11.15, 13.0, 13.88, 14.5, 14.885, 14.847, 13.318, 11.88, 11.51, 10.42, 9.78, 10.22, 10.14, 10.69, 10.95, 11.71, 12.14, 12.0, 12.03, 11.31, 10.29, 9.8, 9.78, 9.38, 8.2, 7.18, 7.87, 9.54, 9.52, 9.51, 8.65, 9.03, 8.66, 8.47, 7.89, 8.04, 8.68, 8.02, 6.96, 6.62, 5.91, 4.84, 3.99, 4.34, 3.62, 3.28, 2.43, 2.06, 2.15, 2.73, 2.39, 1.52, 1.34, 1.01, 0, 1.04, 1.88, 2.14, 2.08, 1.96, 2.29, 3.03, 2.71, 4.06, 6.97, 7.43, 10.255, 10.961, 12.476, 14.119, 13.358, 12.4, 11.47, 11.72, 12.24, 14.189], [9.98, 10.25, 10.14, 8.63, 8.53, 8.29, 8.05, 8.64, 8.13, 8.57, 10.95, 13.148, 14.051, 14.773, 15.205, 15.211, 13.641, 11.991, 11.71, 10.48, 9.76, 10.393, 10.02, 10.47, 11.09, 12.01, 12.44, 12.28, 12.35, 11.63, 10.45, 10.0, 10.0, 9.64, 8.4, 7.36, 8.01, 9.78, 9.72, 9.63, 8.79, 8.99, 8.68, 8.45, 7.55, 7.58, 8.2, 7.38, 6.26, 5.96, 5.85, 4.8, 3.81, 4.608, 3.96, 3.64, 2.73, 2.02, 2.43, 3.11, 2.77, 1.88, 1.5, 1.05, 1.04, 0, 1.3, 1.56, 1.48, 1.46, 1.73, 2.49, 2.53, 4.04, 7.19, 7.67, 10.555, 11.262, 12.805, 14.483, 13.692, 12.7, 11.77, 12.02, 12.54, 14.529], [9.94, 10.23, 10.12, 8.37, 8.15, 7.73, 7.33, 7.9, 7.57, 8.25, 10.95, 13.245, 14.14, 14.88, 15.32, 15.301, 13.738, 12.078, 11.775, 10.438, 9.738, 10.464, 9.98, 10.41, 11.09, 12.09, 12.5, 12.36, 12.41, 11.71, 10.51, 10.12, 10.08, 9.72, 8.48, 7.4, 8.03, 9.8, 9.76, 9.73, 8.81, 8.97, 8.68, 8.47, 7.29, 7.12, 7.72, 6.8, 5.58, 5.46, 5.89, 4.813, 3.618, 4.72, 4.0, 3.668, 2.87, 2.06, 2.55, 3.37, 3.21, 2.5, 2.2, 1.77, 1.88, 1.3, 0, 0.76, 0.76, 0.96, 1.01, 2.29, 2.45, 4.0, 7.21, 7.69, 10.672, 11.36, 12.902, 14.574, 13.79, 12.78, 11.85, 12.06, 12.62, 14.626], [10.04, 10.35, 10.24, 8.49, 8.29, 7.87, 7.33, 8.04, 7.77, 8.39, 11.11, 13.407, 14.291, 15.033, 15.465, 15.464, 13.897, 12.251, 11.938, 10.601, 9.901, 10.627, 10.14, 10.51, 11.25, 12.25, 12.645, 12.48, 12.55, 11.83, 10.61, 10.24, 10.16, 9.82, 8.56, 7.54, 8.15, 9.94, 9.86, 9.867, 8.87, 9.05, 8.74, 8.53, 7.47, 7.2, 7.78, 6.82, 5.54, 5.46, 6.067, 4.976, 3.781, 4.868, 4.177, 3.9, 3.11, 2.44, 2.77, 3.71, 3.49, 2.9, 2.48, 2.01, 2.14, 1.56, 0.76, 0, 0.58, 0.96, 1.07, 2.37, 2.57, 4.12, 7.348, 7.85, 10.815, 11.502, 13.059, 14.736, 13.952, 12.917, 11.987, 12.2, 12.796, 14.789], [10.04, 10.29, 10.28, 8.49, 8.29, 7.85, 7.33, 8.06, 7.79, 8.31, 11.05, 13.364, 14.248, 14.991, 15.422, 15.421, 13.854, 12.208, 11.888, 10.558, 9.858, 10.584, 10.08, 10.47, 11.19, 12.19, 12.6, 12.42, 12.47, 11.79, 10.55, 10.2, 10.08, 9.74, 8.48, 7.48, 8.11, 9.86, 9.78, 9.81, 8.85, 9.03, 8.76, 8.55, 7.45, 7.28, 7.86, 6.92, 5.62, 5.5, 6.01, 4.933, 3.75, 4.825, 4.08, 3.84, 3.19, 2.36, 2.77, 3.69, 3.51, 2.9, 2.46, 1.97, 2.08, 1.48, 0.76, 0.58, 0, 0.86, 0.99, 2.37, 2.57, 4.06, 7.33, 7.75, 10.772, 11.46, 13.016, 14.694, 13.909, 12.84, 11.89, 12.12, 12.733, 14.746], [9.62, 9.89, 9.94, 8.21, 8.03, 7.69, 7.31, 7.92, 7.63, 8.09, 10.67, 12.968, 13.86, 14.573, 15.005, 15.011, 13.441, 11.811, 11.478, 10.181, 9.467, 10.173, 9.68, 10.09, 10.79, 11.789, 12.185, 12.02, 12.055, 11.37, 10.11, 9.78, 9.62, 9.26, 8.02, 7.06, 7.67, 9.44, 9.36, 9.398, 8.41, 8.63, 8.34, 8.17, 7.23, 7.14, 7.72, 6.8, 5.5, 5.36, 5.61, 4.516, 3.401, 4.408, 3.673, 3.54, 2.87, 2.0, 2.49, 3.43, 3.33, 2.66, 2.26, 1.83, 1.96, 1.46, 0.96, 0.96, 0.86, 0, 0.75, 2.01, 2.09, 3.62, 6.908, 7.302, 10.355, 11.042, 12.605, 14.283, 13.492, 12.414, 11.467, 11.7, 12.316, 14.329], [9.39, 9.66, 9.67, 7.84, 7.62, 7.3, 7.04, 7.67, 7.22, 7.76, 10.433, 12.758, 13.641, 14.383, 14.815, 14.821, 13.251, 11.601, 11.288, 9.971, 9.257, 9.983, 9.51, 9.78, 10.6, 11.579, 11.995, 11.815, 11.88, 11.18, 9.92, 9.59, 9.45, 9.07, 7.81, 6.87, 7.48, 9.25, 9.17, 9.208, 8.18, 8.38, 8.13, 7.94, 6.82, 6.71, 7.31, 6.39, 5.11, 4.97, 5.44, 4.326, 3.18, 4.218, 3.51, 3.45, 2.86, 2.01, 2.46, 3.46, 3.38, 2.69, 2.37, 2.1, 2.29, 1.73, 1.01, 1.07, 0.99, 0.75, 0, 1.78, 1.96, 3.45, 6.698, 7.132, 10.165, 10.852, 12.415, 14.093, 13.302, 12.221, 11.297, 11.49, 12.126, 14.139], [7.83, 8.06, 8.09, 6.5, 6.4, 6.16, 5.92, 6.51, 6.06, 6.5, 8.92, 11.15, 12.03, 12.775, 13.195, 13.18, 11.619, 9.99, 9.68, 8.47, 7.73, 8.386, 7.93, 8.24, 8.974, 10.005, 10.461, 10.281, 10.357, 9.64, 8.48, 8.09, 7.97, 7.63, 6.37, 5.35, 5.88, 7.61, 7.67, 7.74, 6.68, 6.86, 6.63, 6.44, 5.52, 5.55, 6.13, 5.31, 4.03, 3.85, 3.86, 2.81, 1.86, 2.81, 2.45, 2.65, 2.16, 1.61, 2.1, 2.78, 2.82, 2.51, 2.67, 2.76, 3.03, 2.49, 2.29, 2.37, 2.37, 2.01, 1.78, 0, 0.92, 1.97, 5.08, 5.557, 8.575, 9.271, 10.815, 12.476, 11.745, 10.764, 9.817, 9.85, 10.535, 12.562], [7.81, 8.04, 8.21, 6.82, 6.76, 6.64, 6.5, 7.05, 6.58, 6.84, 9.2, 11.29, 12.19, 12.83, 13.138, 13.169, 11.602, 10.25, 9.84, 8.69, 7.93, 8.55, 8.17, 8.34, 9.06, 9.988, 10.438, 10.301, 10.314, 9.62, 8.52, 8.07, 7.95, 7.55, 6.31, 5.33, 5.9, 7.59, 7.65, 7.72, 6.66, 6.86, 6.75, 6.54, 5.9, 5.91, 6.49, 5.69, 4.51, 4.31, 4.04, 2.95, 2.18, 2.69, 2.17, 2.41, 1.84, 1.51, 1.82, 2.54, 2.46, 2.15, 2.37, 2.56, 2.71, 2.53, 2.45, 2.57, 2.57, 2.09, 1.96, 0.92, 0, 1.91, 5.06, 5.5, 8.518, 9.208, 10.759, 12.419, 11.728, 10.707, 9.74, 9.81, 10.518, 12.545], [6.48, 6.63, 6.76, 5.29, 5.23, 5.17, 5.05, 5.54, 5.17, 5.35, 7.53, 9.68, 10.58, 11.22, 11.56, 11.6, 10.03, 8.54, 8.11, 6.84, 6.2, 6.88, 6.4, 6.85, 7.47, 8.41, 8.86, 8.68, 8.79, 8.13, 6.93, 6.56, 6.42, 6.08, 4.94, 4.02, 4.65, 6.1, 6.14, 6.09, 5.13, 5.47, 5.16, 4.97, 4.23, 4.32, 4.92, 4.22, 3.16, 2.82, 2.47, 1.58, 1.35, 1.88, 1.94, 2.52, 2.65, 2.52, 2.51, 3.11, 3.35, 3.38, 3.6, 3.87, 4.06, 4.04, 4.0, 4.12, 4.06, 3.62, 3.45, 1.97, 1.91, 0, 3.31, 3.73, 6.82, 7.51, 9.07, 10.77, 10.15, 9.12, 8.15, 8.2, 8.94, 10.97], [3.59, 3.72, 3.73, 2.88, 2.82, 3.08, 3.3, 3.49, 3.26, 3.24, 4.88, 6.59, 7.47, 8.09, 8.33, 8.39, 6.84, 5.53, 5.16, 3.99, 3.79, 3.97, 3.93, 4.26, 4.46, 5.22, 5.69, 5.59, 5.76, 5.02, 4.06, 3.63, 3.55, 3.35, 2.47, 2.15, 2.52, 3.25, 3.19, 3.18, 2.24, 2.72, 2.29, 2.06, 1.64, 1.99, 2.35, 2.33, 2.73, 2.17, 1.42, 2.95, 4.12, 3.41, 4.19, 4.61, 5.28, 5.49, 5.36, 5.66, 5.9, 6.07, 6.53, 7.0, 6.97, 7.19, 7.21, 7.348, 7.33, 6.908, 6.698, 5.08, 5.06, 3.31, 0, 0.84, 3.51, 4.2, 5.8, 7.58, 6.9, 5.95, 5.02, 5.09, 5.69, 7.72], [3.07, 3.22, 3.39, 2.5, 2.52, 2.86, 3.28, 3.33, 3.16, 2.84, 4.5, 6.15, 6.97, 7.59, 7.93, 7.99, 6.44, 5.09, 4.78, 3.61, 3.41, 3.61, 3.51, 3.88, 4.04, 4.84, 5.29, 5.17, 5.28, 4.6, 3.72, 3.35, 3.17, 2.87, 2.11, 2.09, 2.52, 2.75, 2.91, 2.92, 1.9, 2.32, 1.87, 1.62, 1.46, 1.91, 2.15, 2.45, 3.21, 2.65, 1.84, 3.41, 4.56, 3.89, 4.55, 5.09, 5.74, 5.87, 5.78, 6.16, 6.4, 6.63, 7.01, 7.42, 7.43, 7.67, 7.69, 7.85, 7.75, 7.302, 7.132, 5.557, 5.5, 3.73, 0.84, 0, 3.13, 3.78, 5.38, 7.18, 6.52, 5.49, 4.54, 4.63, 5.31, 7.34], [2.14, 1.93, 1.88, 3.33, 3.57, 4.01, 4.25, 3.84, 4.01, 3.41, 3.33, 3.98, 4.36, 4.92, 4.92, 4.9, 3.51, 2.86, 2.91, 2.48, 2.56, 2.54, 2.92, 2.93, 2.67, 2.67, 2.86, 2.96, 2.93, 2.49, 2.27, 2.28, 2.4, 2.42, 2.74, 3.52, 