[[0, 1.0, 1.18, 1.28, 1.41, 1.63, 1.75, 1.76, 2.54, 2.55, 2.51, 2.5, 2.07, 2.37, 2.52, 2.73, 2.88, 2.72, 2.62, 2.55, 2.63, 2.79, 2.73, 3.07, 2.99, 2.99, 2.9, 2.59, 2.3, 3.09, 3.22, 2.78, 3.28, 3.61, 3.04, 1.82, 3.01, 4.12, 3.93, 3.84, 3.77, 3.67, 3.51, 3.69, 4.34, 4.21, 3.6, 4.22, 4.7, 4.28, 3.5, 3.76, 5.21, 6.155, 5.794, 5.52, 5.387, 5.601, 5.317, 5.863, 6.401, 6.777, 7.515, 8.288, 8.12, 7.871, 7.812, 7.867, 7.337, 6.544, 6.508, 6.948, 6.088, 5.01, 5.625, 6.338, 5.938, 5.08, 5.03, 5.62, 5.457, 4.66, 4.33, 4.16, 4.92, 5.2], [1.0, 0, 1.18, 1.46, 1.67, 1.89, 2.09, 1.96, 2.7, 2.61, 2.57, 2.52, 2.05, 2.49, 2.68, 2.95, 3.18, 3.14, 2.96, 2.99, 3.07, 3.23, 3.29, 3.41, 3.17, 3.21, 3.04, 2.75, 2.58, 3.29, 3.4, 2.94, 3.46, 3.85, 3.28, 2.22, 2.93, 4.02, 3.81, 3.7, 3.73, 3.63, 3.51, 3.75, 4.52, 4.31, 3.76, 4.399, 4.74, 4.379, 3.62, 3.959, 5.304, 6.257, 5.936, 5.532, 5.429, 5.752, 5.529, 6.066, 6.641, 6.987, 7.678, 8.319, 8.25, 7.995, 7.885, 7.895, 7.365, 6.564, 6.594, 7.028, 6.264, 5.09, 5.79, 6.508, 6.198, 5.36, 5.255, 5.877, 5.655, 4.822, 4.45, 4.32, 4.92, 5.26], [1.18, 1.18, 0, 0.78, 1.05, 1.31, 1.49, 1.42, 2.12, 2.15, 2.09, 2.06, 1.97, 2.31, 2.62, 2.83, 2.86, 3.02, 2.92, 2.99, 3.01, 3.15, 3.33, 3.47, 3.39, 3.37, 3.22, 2.93, 2.66, 2.95, 3.26, 2.82, 3.36, 3.67, 3.06, 2.22, 3.07, 4.14, 4.09, 4.0, 3.97, 3.85, 3.71, 3.93, 4.64, 4.51, 3.86, 4.566, 5.02, 4.6, 3.84, 4.1, 5.579, 6.549, 6.225, 5.918, 5.798, 5.918, 5.666, 6.303, 6.798, 7.076, 7.813, 8.568, 8.455, 8.154, 8.12, 8.161, 7.631, 6.833, 6.908, 7.408, 6.548, 5.39, 5.923, 6.726, 6.307, 5.387, 5.31, 5.903, 5.665, 4.984, 4.534, 4.445, 5.178, 5.418], [1.28, 1.46, 0.78, 0, 0.67, 1.01, 1.35, 1.24, 1.92, 1.95, 2.01, 2.06, 1.95, 2.23, 2.38, 2.51, 2.44, 2.62, 2.54, 2.59, 2.69, 2.79, 3.07, 3.43, 3.39, 3.29, 3.14, 3.01, 2.34, 2.79, 3.04, 2.58, 3.04, 3.33, 2.7, 2.24, 3.245, 4.42, 4.41, 4.22, 4.19, 4.07, 3.97, 4.11, 4.76, 4.63, 4.02, 4.58, 5.1, 4.68, 3.96, 4.16, 5.63, 6.624, 6.357, 6.107, 5.93, 6.03, 5.687, 6.287, 6.787, 7.248, 8.038, 8.773, 8.552, 8.214, 8.16, 8.17, 7.64, 6.907, 7.051, 7.529, 6.691, 5.61, 6.283, 6.841, 6.4, 5.593, 5.383, 6.028, 5.737, 5.064, 4.714, 4.47, 5.413, 5.693], [1.41, 1.67, 1.05, 0.67, 0, 0.7, 1.1, 0.99, 1.77, 1.94, 2.08, 2.13, 1.68, 1.84, 1.91, 2.06, 2.01, 2.19, 2.15, 2.2, 2.3, 2.36, 2.7, 3.14, 3.3, 3.2, 3.05, 2.92, 2.13, 2.3, 2.69, 2.15, 2.63, 2.9, 2.29, 1.99, 3.34, 4.49, 4.38, 4.13, 4.12, 4.02, 3.82, 4.02, 4.67, 4.54, 3.95, 4.45, 5.01, 4.57, 3.85, 4.03, 5.521, 6.534, 6.247, 5.98, 5.843, 5.9, 5.497, 6.137, 6.63, 7.075, 7.905, 8.686, 8.459, 8.107, 8.053, 8.08, 7.55, 6.84, 6.964, 7.441, 6.604, 5.58, 6.238, 6.654, 6.193, 5.468, 5.255, 5.941, 5.701, 4.957, 4.638, 4.487, 5.354, 5.568], [1.63, 1.89, 1.31, 1.01, 0.7, 0, 0.68, 0.69, 1.43, 1.68, 1.78, 1.87, 1.52, 1.68, 1.75, 1.82, 1.93, 2.09, 2.05, 2.1, 2.2, 2.3, 2.74, 3.4, 3.56, 3.56, 3.37, 3.2, 2.41, 2.52, 2.87, 2.09, 2.59, 2.84, 2.25, 2.17, 3.598, 4.77, 4.68, 4.41, 4.42, 4.3, 4.14, 4.3, 4.95, 4.82, 4.25, 4.73, 5.19, 4.87, 4.17, 4.33, 5.741, 6.774, 6.467, 6.203, 6.045, 6.14, 5.807, 6.483, 6.99, 7.361, 8.171, 8.909, 8.748, 8.35, 8.275, 8.28, 7.755, 7.063, 7.167, 7.647, 6.827, 5.82, 6.558, 6.983, 6.533, 5.788, 5.615, 6.301, 6.001, 5.263, 4.958, 4.767, 5.581, 5.808], [1.75, 2.09, 1.49, 1.35, 1.1, 0.68, 0, 0.53, 1.17, 1.42, 1.52, 1.55, 1.34, 1.64, 1.73, 1.92, 2.05, 2.07, 2.13, 2.18, 2.36, 2.46, 3.0, 3.74, 3.94, 3.94, 3.75, 3.56, 2.69, 2.74, 3.15, 2.19, 2.45, 2.76, 2.39, 2.49, 3.878, 5.07, 5.0, 4.75, 4.72, 4.6, 4.5, 4.66, 5.29, 5.14, 4.57, 5.03, 5.47, 5.19, 4.47, 4.65, 6.155, 7.188, 6.824, 6.54, 6.383, 6.574, 6.247, 6.884, 7.393, 7.701, 8.531, 9.232, 9.091, 8.707, 8.613, 8.597, 8.107, 7.4, 7.504, 8.018, 7.19, 6.14, 6.935, 7.343, 6.913, 6.165, 5.975, 6.641, 6.278, 5.583, 5.275, 5.081, 5.915, 6.145], [1.76, 1.96, 1.42, 1.24, 0.99, 0.69, 0.53, 0, 1.02, 1.23, 1.41, 1.38, 1.13, 1.47, 1.86, 2.01, 2.02, 2.18, 2.14, 2.31, 2.41, 2.43, 2.99, 3.69, 3.87, 3.91, 3.78, 3.59, 2.78, 2.75, 3.2, 2.06, 2.38, 2.73, 2.32, 2.46, 3.848, 5.04, 5.01, 4.72, 4.69, 4.59, 4.41, 4.57, 5.22, 5.09, 4.48, 5.08, 5.52, 5.16, 4.44, 4.62, 6.259, 7.286, 6.945, 6.627, 6.53, 6.658, 6.317, 6.954, 7.442, 7.708, 8.498, 9.319, 9.055, 8.694, 8.634, 8.664, 8.154, 7.427, 7.651, 8.139, 7.297, 6.19, 6.885, 7.367, 6.963, 6.115, 5.885, 6.588, 6.211, 5.547, 5.185, 5.114, 5.959, 6.153], [2.54, 2.7, 2.12, 1.92, 1.77, 1.43, 1.17, 1.02, 0, 0.69, 0.99, 1.0, 1.03, 1.57, 1.86, 2.05, 1.9, 2.16, 2.22, 2.51, 2.91, 2.93, 3.65, 4.37, 4.57, 4.63, 4.44, 4.31, 3.38, 3.27, 3.76, 2.24, 2.12, 2.57, 2.64, 3.26, 4.77, 5.96, 5.89, 5.56, 5.49, 5.39, 5.27, 5.37, 5.98, 5.87, 5.24, 5.8, 6.273, 5.94, 5.28, 5.36, 7.019, 8.044, 7.717, 7.41, 7.313, 7.398, 7.02, 7.657, 8.183, 8.491, 9.361, 10.145, 9.881, 9.423, 9.343, 9.39, 8.86, 8.23, 8.434, 8.911, 8.1, 7.05, 7.745, 8.153, 7.703, 6.915, 6.685, 7.328, 6.934, 6.273, 5.925, 5.975, 6.82, 7.033], [2.55, 2.61, 2.15, 1.95, 1.94, 1.68, 1.42, 1.23, 0.69, 0, 0.72, 0.89, 1.02, 1.72, 1.89, 2.14, 2.13, 2.51, 2.55, 2.82, 3.18, 3.18, 3.873, 4.62, 4.78, 4.84, 4.67, 4.38, 3.57, 3.5, 3.99, 2.39, 2.29, 2.78, 2.89, 3.43, 4.878, 6.05, 6.02, 5.77, 5.7, 5.62, 5.5, 5.62, 6.27, 6.14, 5.51, 6.13, 6.61, 6.21, 5.49, 5.67, 7.272, 8.265, 7.958, 7.66, 7.543, 7.651, 7.273, 7.91, 8.45, 8.738, 9.588, 10.329, 10.125, 9.747, 9.713, 9.731, 9.181, 8.46, 8.664, 9.152, 8.307, 7.22, 7.875, 8.357, 7.95, 7.125, 6.893, 7.578, 7.261, 6.577, 6.215, 6.124, 6.986, 7.203], [2.51, 2.57, 2.09, 2.01, 2.08, 1.78, 1.52, 1.41, 0.99, 0.72, 0, 0.53, 1.18, 1.74, 2.05, 2.14, 2.31, 2.73, 2.67, 3.02, 3.44, 3.46, 4.179, 4.86, 4.98, 5.08, 4.95, 4.6, 3.87, 3.8, 4.29, 2.77, 2.59, 2.98, 3.03, 3.53, 4.898, 5.99, 6.0, 5.87, 5.86, 5.72, 5.6, 5.82, 6.49, 6.34, 5.73, 6.35, 6.75, 6.39, 5.63, 5.93, 7.366, 8.376, 8.072, 7.74, 7.623, 7.782, 7.484, 8.121, 8.64, 8.933, 9.683, 10.423, 10.256, 9.967, 9.893, 9.894, 9.364, 8.56, 8.744, 9.226, 8.404, 7.26, 7.87, 8.554, 8.137, 7.237, 7.147, 7.775, 7.481, 6.834, 6.444, 6.172, 7.038, 7.26], [2.5, 2.52, 2.06, 2.06, 2.13, 1.87, 1.55, 1.38, 1.0, 0.89, 0.53, 0, 1.13, 1.63, 2.12, 2.33, 2.34, 2.76, 2.74, 3.092, 3.435, 3.455, 4.172, 4.87, 4.97, 5.07, 4.98, 4.65, 3.88, 3.79, 4.3, 2.68, 2.48, 2.91, 3.12, 3.52, 4.865, 5.96, 5.99, 5.84, 5.81, 5.71, 5.55, 5.81, 6.48, 6.308, 5.698, 6.397, 6.801, 6.378, 5.618, 5.958, 7.47, 8.523, 8.156, 7.787, 7.749, 7.889, 7.554, 8.192, 8.684, 8.976, 9.693, 10.508, 10.24, 10.052, 9.947, 9.941, 9.411, 8.625, 8.868, 9.348, 8.528, 7.308, 7.897, 8.621, 8.207, 7.247, 7.17, 7.758, 7.492, 6.822, 6.431, 6.276, 7.102, 7.321], [2.07, 2.05, 1.97, 1.95, 1.68, 1.52, 1.34, 1.13, 1.03, 1.02, 1.18, 1.13, 0, 0.98, 1.25, 1.52, 1.59, 1.83, 1.95, 2.28, 2.64, 2.68, 3.395, 4.06, 4.2, 4.3, 4.11, 3.78, 3.01, 3.0, 3.45, 1.97, 1.81, 2.22, 2.31, 2.89, 4.56, 5.63, 5.48, 5.17, 5.16, 5.06, 4.88, 5.04, 5.69, 5.56, 4.97, 5.59, 5.985, 5.61, 4.85, 5.09, 6.649, 7.659, 7.335, 7.008, 6.908, 7.028, 6.71, 7.327, 7.913, 8.184, 8.968, 9.698, 9.488, 9.155, 9.121, 9.151, 8.601, 7.854, 8.029, 8.529, 7.69, 6.6, 7.28, 7.805, 7.435, 6.61, 6.404, 7.107, 6.807, 6.005, 5.66, 5.63, 6.37, 6.63], [2.37, 2.49, 2.31, 2.23, 1.84, 1.68, 1.64, 1.47, 1.57, 1.72, 1.74, 1.63, 0.98, 0, 0.83, 0.98, 1.01, 1.31, 1.45, 1.76, 2.14, 2.14, 2.82, 3.54, 3.68, 3.74, 3.55, 3.26, 2.49, 2.44, 2.91, 1.43, 1.49, 1.74, 1.81, 2.53, 4.34, 5.35, 5.1, 4.65, 4.66, 4.56, 4.36, 4.54, 5.11, 5.04, 4.51, 5.03, 5.45, 5.05, 4.35, 4.51, 6.089, 7.116, 6.775, 6.457, 6.36, 6.488, 6.222, 6.779, 7.32, 7.607, 8.411, 9.173, 8.908, 8.624, 8.564, 8.594, 8.064, 7.372, 7.5, 7.969, 7.127, 6.12, 6.8, 7.245, 6.875, 6.07, 5.833, 6.576, 6.359, 5.59, 5.32, 5.29, 6.03, 6.17], [2.52, 2.68, 2.62, 2.38, 1.91, 1.75, 1.73, 1.86, 1.86, 1.89, 2.05, 2.12, 1.25, 0.83, 0, 0.55, 0.94, 0.98, 1.18, 1.41, 1.87, 1.87, 2.65, 3.39, 3.53, 3.55, 3.32, 2.99, 2.2, 2.25, 2.6, 1.56, 1.5, 1.75, 1.54, 2.46, 4.31, 5.32, 5.05, 4.52, 4.51, 4.41, 4.25, 4.41, 5.0, 4.89, 4.38, 4.8, 5.3, 4.9, 4.22, 4.38, 5.794, 6.807, 6.505, 6.255, 6.118, 6.167, 5.882, 6.487, 7.063, 7.452, 8.301, 9.017, 8.801, 8.383, 8.308, 8.318, 7.768, 7.182, 7.25, 7.7, 6.94, 6.03, 6.71, 7.06, 6.605, 5.92, 5.7, 6.409, 6.209, 5.42, 5.19, 5.2, 5.96, 6.06], [2.73, 2.95, 2.83, 2.51, 2.06, 1.82, 1.92, 2.01, 2.05, 2.14, 2.14, 2.33, 1.52, 0.98, 0.55, 0, 0.71, 1.07, 1.25, 1.46, 1.92, 1.94, 2.72, 3.44, 3.58, 3.58, 3.33, 3.12, 2.35, 2.36, 2.71, 1.71, 1.63, 1.84, 1.73, 2.49, 4.3, 5.33, 5.08, 4.55, 4.6, 4.42, 4.3, 4.46, 5.05, 5.02, 4.49, 4.85, 5.27, 4.85, 4.25, 4.35, 5.64, 6.69, 6.45, 6.21, 6.005, 6.103, 5.91, 6.47, 7.0, 7.502, 8.2, 8.896, 8.689, 8.324, 8.235, 8.243, 7.715, 7.132, 7.12, 7.56, 6.798, 6.06, 6.7, 7.03, 6.6, 5.95, 5.78, 6.539, 6.339, 5.53, 5.3, 5.21, 5.95, 6.09], [2.88, 3.18, 2.86, 2.44, 2.01, 1.93, 2.05, 2.02, 1.9, 2.13, 2.31, 2.34, 1.59, 1.01, 0.94, 0.71, 0, 0.9, 1.1, 1.31, 1.73, 1.75, 2.47, 3.21, 3.35, 3.37, 3.12, 3.17, 2.38, 2.29, 2.7, 1.6, 1.58, 1.73, 1.54, 2.56, 4.29, 5.34, 5.11, 4.52, 4.53, 4.39, 4.21, 4.27, 4.92, 4.89, 4.3, 4.82, 5.34, 4.82, 4.22, 4.3, 5.65, 6.68, 6.4, 6.16, 6.035, 6.07, 5.62, 6.22, 6.71, 7.309, 8.153, 8.926, 8.63, 8.217, 8.125, 8.153, 7.605, 7.079, 7.11, 7.57, 6.788, 6.11, 6.73, 6.92, 6.37, 5.8, 5.57, 6.326, 6.129, 5.32, 5.11, 5.18, 5.96, 6.1], [2.72, 3.14, 3.02, 2.62, 2.19, 2.09, 2.07, 2.18, 2.16, 2.51, 2.73, 2.76, 1.83, 1.31, 0.98, 1.07, 0.9, 0, 0.74, 0.97, 1.19, 1.27, 2.01, 2.75, 2.91, 2.99, 2.72, 2.75, 2.02, 2.25, 2.44, 1.72, 1.8, 1.91, 1.5, 2.04, 3.87, 4.94, 4.77, 4.04, 3.95, 3.85, 3.77, 3.81, 4.38, 4.39, 3.84, 4.38, 4.86, 4.46, 3.88, 3.86, 5.29, 6.3, 5.997, 5.74, 5.64, 5.72, 5.44, 6.0, 6.37, 6.912, 7.676, 8.506, 8.173, 7.74, 7.626, 7.69, 7.12, 6.72, 6.71, 7.21, 6.35, 5.69, 6.29, 6.52, 6.01, 5.48, 5.15, 5.849, 5.629, 4.82, 4.59, 4.86, 5.56, 5.66], [2.62, 2.96, 2.92, 2.54, 2.15, 2.05, 2.13, 2.14, 2.22, 2.55, 2.67, 2.74, 1.95, 1.45, 1.18, 1.25, 1.1, 0.74, 0, 0.71, 1.17, 1.37, 2.11, 2.85, 3.11, 3.19, 2.9, 2.91, 2.1, 2.37, 2.62, 1.7, 1.76, 1.93, 1.38, 2.26, 4.11, 5.16, 4.99, 4.24, 4.11, 4.01, 3.99, 4.07, 4.52, 4.53, 3.94, 4.56, 5.06, 4.68, 4.1, 4.04, 5.61, 6.62, 6.317, 6.06, 5.96, 6.04, 5.6, 6.14, 6.53, 7.012, 7.93, 8.783, 8.464, 8.054, 7.94, 8.01, 7.44, 7.0, 7.05, 7.53, 6.65, 5.87, 6.49, 6.76, 6.23, 5.64, 5.29, 5.949, 5.729, 4.96, 4.77, 5.04, 5.8, 5.88], [2.55, 2.99, 2.99, 2.59, 2.2, 2.1, 2.18, 2.31, 2.51, 2.82, 3.02, 3.092, 2.28, 1.76, 1.41, 1.46, 1.31, 0.97, 0.71, 0, 0.9, 1.22, 1.7, 2.54, 2.88, 2.94, 2.63, 2.64, 1.91, 2.3, 2.45, 1.81, 2.09, 2.08, 1.53, 2.15, 3.92, 4.99, 4.8, 3.93, 3.8, 3.72, 3.76, 3.86, 4.29, 4.24, 3.71, 4.25, 4.75, 4.33, 3.79, 3.71, 5.26, 6.27, 6.0, 5.73, 5.65, 5.69, 5.27, 5.77, 6.18, 6.64, 7.654, 8.449, 8.158, 7.7, 7.613, 7.7, 7.13, 6.75, 6.82, 7.2, 6.34, 5.56, 6.14, 6.39, 5.88, 5.29, 4.92, 5.64, 5.4, 4.75, 4.56, 4.83, 5.57, 5.65], [2.63, 3.07, 3.01, 2.69, 2.3, 2.2, 2.36, 2.41, 2.91, 3.18, 3.44, 3.435, 2.64, 2.14, 1.87, 1.92, 1.73, 1.19, 1.17, 0.9, 0, 0.56, 1.18, 1.92, 2.22, 2.32, 2.15, 2.26, 1.85, 2.04, 2.05, 1.85, 2.586, 2.46, 1.83, 1.57, 3.26, 4.39, 4.24, 3.37, 3.22, 3.1, 3.1, 3.16, 3.69, 3.58, 3.05, 3.77, 4.21, 3.85, 3.29, 3.21, 4.8, 5.77, 5.48, 5.19, 5.13, 5.21, 4.73, 5.33, 5.7, 6.1, 7.01, 7.877, 7.584, 7.18, 7.107, 7.197, 6.64, 6.09, 6.26, 6.72, 5.82, 4.9, 5.54, 5.91, 5.4, 4.77, 4.4, 4.96, 4.8, 4.17, 4.04, 4.45, 4.95, 5.09], [2.79, 3.23, 3.15, 2.79, 2.36, 2.3, 2.46, 2.43, 2.93, 3.18, 3.46, 3.455, 2.68, 2.14, 1.87, 1.94, 1.75, 1.27, 1.37, 1.22, 0.56, 0, 0.98, 1.76, 2.04, 2.22, 2.13, 2.2, 2.05, 2.14, 2.07, 1.97, 2.629, 2.56, 1.93, 1.61, 3.18, 4.37, 4.18, 3.23, 3.2, 3.0, 2.98, 3.04, 3.61, 3.44, 2.85, 3.53, 3.99, 3.65, 3.03, 2.99, 4.6, 5.59, 5.32, 5.03, 4.95, 5.03, 4.61, 5.23, 5.62, 5.94, 6.9, 7.717, 7.43, 7.0, 6.947, 7.037, 6.48, 5.91, 6.08, 6.54, 5.66, 4.78, 5.38, 5.71, 5.14, 4.57, 4.3, 4.82, 4.66, 4.15, 4.02, 4.43, 4.93, 5.03], [2.73, 3.29, 3.33, 3.07, 2.7, 2.74, 3.0, 2.99, 3.65, 3.873, 4.179, 4.172, 3.395, 2.82, 2.65, 2.72, 2.47, 2.01, 2.11, 1.7, 1.18, 0.98, 0, 0.96, 1.34, 1.48, 1.57, 1.7, 2.15, 2.42, 2.23, 2.47, 3.41, 3.2, 2.51, 1.45, 2.6, 3.73, 3.64, 2.77, 2.74, 2.62, 2.7, 2.76, 2.91, 2.82, 2.19, 2.79, 3.23, 2.89, 2.21, 2.19, 3.9, 4.91, 4.62, 4.31, 4.23, 4.33, 3.95, 4.47, 4.9, 5.16, 6.168, 7.0, 6.713, 6.264, 6.207, 6.297, 5.747, 5.31, 5.4, 5.82, 4.94, 4.08, 4.6, 4.95, 4.42, 3.83, 3.54, 4.08, 4.06, 3.81, 3.7, 4.13, 4.37, 4.43], [3.07, 3.41, 3.47, 3.43, 3.14, 3.4, 3.74, 3.69, 4.37, 4.62, 4.86, 4.87, 4.06, 3.54, 3.39, 3.44, 3.21, 2.75, 2.85, 2.54, 1.92, 1.76, 0.96, 0, 0.72, 1.16, 1.47, 1.9, 2.55, 2.96, 2.59, 3.23, 4.13, 3.88, 3.23, 1.67, 2.5, 3.27, 3.22, 2.55, 2.6, 2.48, 2.54, 2.58, 2.31, 2.34, 2.03, 2.45, 2.69, 2.25, 1.65, 1.69, 3.32, 4.31, 4.04, 3.71, 3.59, 3.73, 3.45, 3.91, 4.38, 4.58, 5.368, 6.299, 6.008, 5.572, 5.518, 5.668, 5.136, 4.746, 4.88, 5.24, 4.44, 3.4, 3.88, 4.33, 3.94, 3.41, 3.18, 3.78, 3.88, 3.75, 3.56, 4.15, 4.19, 4.17], [2.99, 3.17, 3.39, 3.39, 3.3, 3.56, 3.94, 3.87, 4.57, 4.78, 4.98, 4.97, 4.2, 3.68, 3.53, 3.58, 3.35, 2.91, 3.11, 2.88, 2.22, 2.04, 1.34, 0.72, 0, 0.76, 1.25, 1.8, 2.51, 3.24, 2.81, 3.45, 4.35, 4.14, 3.49, 1.73, 2.06, 2.87, 2.8, 2.11, 2.26, 2.14, 2.08, 2.14, 2.17, 2.24, 1.95, 2.25, 2.53, 2.03, 1.41, 1.55, 3.02, 3.999, 3.732, 3.368, 3.35, 3.53, 3.19, 3.69, 4.14, 4.4, 5.1, 5.999, 5.708, 5.344, 5.301, 5.386, 4.819, 4.426, 4.56, 5.02, 4.16, 3.18, 3.6, 4.05, 3.66, 3.13, 2.9, 3.46, 3.7, 3.49, 3.26, 3.77, 3.83, 3.79], [2.99, 3.21, 3.37, 3.29, 3.2, 3.56, 3.94, 3.91, 4.63, 4.84, 5.08, 5.07, 4.3, 3.74, 3.55, 3.58, 3.37, 2.99, 3.19, 2.94, 2.32, 2.22, 1.48, 1.16, 0.76, 0, 0.85, 1.54, 2.33, 2.94, 2.53, 3.41, 4.31, 4.02, 3.41, 1.89, 1.96, 2.69, 2.58, 1.95, 2.16, 2.12, 2.0, 2.04, 1.99, 2.04, 1.95, 1.85, 2.31, 1.87, 1.29, 1.31, 2.815, 3.768, 3.484, 3.214, 3.11, 3.35, 3.01, 3.53, 3.86, 4.345, 5.026, 5.962, 5.626, 5.23, 5.187, 5.237, 4.667, 4.304, 4.34, 4.72, 3.84, 3.04, 3.56, 3.91, 3.38, 2.81, 2.66, 3.36, 3.58, 3.27, 3.2, 3.51, 3.67, 3.61], [2.9, 3.04, 3.22, 3.14, 3.05, 3.37, 3.75, 3.78, 4.44, 4.67, 4.95, 4.98, 4.11, 3.55, 3.32, 3.33, 3.12, 2.72, 2.9, 2.63, 2.15, 2.13, 1.57, 1.47, 1.25, 0.85, 0, 1.13, 1.86, 2.41, 2.12, 3.06, 3.96, 3.55, 2.94, 1.9, 2.21, 3.06, 2.91, 2.02, 2.17, 2.07, 2.25, 2.19, 2.38, 2.33, 1.94, 2.14, 2.6, 2.08, 1.72, 1.7, 2.928, 3.901, 3.614, 3.324, 3.242, 3.385, 3.2, 3.7, 4.03, 4.695, 5.385, 6.258, 5.828, 5.466, 5.352, 5.425, 4.857, 4.591, 4.61, 4.93, 4.09, 3.45, 4.03, 4.2, 3.73, 3.22, 3.01, 3.75, 3.73, 3.24, 3.21, 3.52, 3.7, 3.82], [2.59, 2.75, 2.93, 3.01, 2.92, 3.2, 3.56, 3.59, 4.31, 4.38, 4.6, 4.65, 3.78, 3.26, 2.99, 3.12, 3.17, 2.75, 2.91, 2.64, 2.26, 2.2, 1.7, 1.9, 1.8, 1.54, 1.13, 0, 1.55, 2.06, 1.47, 2.69, 3.61, 3.16, 2.63, 1.89, 2.62, 3.61, 3.4, 2.55, 2.66, 2.5, 2.42, 2.48, 2.99, 2.94, 2.37, 2.65, 3.11, 2.51, 1.91, 1.99, 3.072, 4.074, 3.787, 3.497, 3.34, 3.581, 3.461, 3.938, 4.56, 5.111, 5.801, 6.55, 6.233, 5.86, 5.728, 5.781, 5.271, 4.821, 4.84, 5.12, 4.5, 3.86, 4.38, 4.53, 4.06, 3.69, 3.52, 4.291, 4.28, 3.77, 3.62, 3.83, 4.11, 4.37], [2.3, 2.58, 2.66, 2.34, 2.13, 2.41, 2.69, 2.78, 3.38, 3.57, 3.87, 3.88, 3.01, 2.49, 2.2, 2.35, 2.38, 2.02, 2.1, 1.91, 1.85, 2.05, 2.15, 2.55, 2.51, 2.33, 1.86, 1.55, 0, 1.09, 1.2, 1.6, 2.34, 1.93, 1.56, 1.98, 3.63, 4.68, 4.43, 3.58, 3.57, 3.43, 3.41, 3.49, 4.06, 4.05, 3.5, 3.84, 4.3, 3.84, 3.22, 3.24, 4.21, 5.267, 5.08, 4.81, 4.702, 4.662, 4.568, 5.145, 5.65, 6.378, 7.125, 7.979, 7.585, 7.126, 6.912, 6.828, 6.378, 6.085, 6.13, 6.43, 5.77, 5.25, 5.81, 5.94, 5.37, 4.88, 4.65, 5.455, 5.33, 4.6, 4.41, 4.68, 5.26, 5.36], [3.09, 3.29, 2.95, 2.79, 2.3, 2.52, 2.74, 2.75, 3.27, 3.5, 3.8, 3.79, 3.0, 2.44, 2.25, 2.36, 2.29, 2.25, 2.37, 2.3, 2.04, 2.14, 2.42, 2.96, 3.24, 2.94, 2.41, 2.06, 1.09, 0, 0.79, 1.37, 2.19, 1.5, 1.39, 2.69, 4.26, 5.37, 5.14, 4.17, 4.12, 3.94, 4.04, 4.06, 4.67, 4.62, 4.03, 4.33, 4.79, 4.29, 3.71, 3.69, 4.56, 5.617, 5.433, 5.163, 5.092, 5.118, 5.041, 5.635, 6.12, 6.871, 7.598, 8.45, 7.985, 7.54, 7.348, 7.281, 6.831, 6.601, 6.7, 6.88, 6.3, 5.76, 6.3, 6.37, 5.8, 5.43, 5.24, 5.971, 5.94, 5.27, 5.12, 5.43, 5.89, 6.05], [3.22, 3.4, 3.26, 3.04, 2.69, 2.87, 3.15, 3.2, 3.76, 3.99, 4.29, 4.3, 3.45, 2.91, 2.6, 2.71, 2.7, 2.44, 2.62, 2.45, 2.05, 2.07, 2.23, 2.59, 2.81, 2.53, 2.12, 1.47, 1.2, 0.79, 0, 1.88, 2.7, 2.07, 1.9, 2.54, 3.79, 4.9, 4.71, 3.7, 3.75, 3.55, 3.51, 3.51, 4.14, 4.09, 3.5, 3.76, 4.16, 3.66, 3.08, 3.04, 4.01, 5.064, 4.863, 4.593, 4.502, 4.491, 4.411, 4.988, 5.51, 6.241, 6.951, 7.8, 7.388, 6.926, 6.718, 6.691, 6.261, 5.994, 6.11, 6.31, 5.69, 5.17, 5.67, 5.74, 5.17, 4.88, 4.63, 5.341, 5.41, 4.88, 4.69, 5.06, 5.42, 5.58], [2.78, 2.94, 2.82, 2.58, 2.15, 2.09, 2.19, 2.06, 2.24, 2.39, 2.77, 2.68, 1.97, 1.43, 1.56, 1.71, 1.6, 1.72, 1.7, 1.81, 1.85, 1.97, 2.47, 3.23, 3.45, 3.41, 3.06, 2.69, 1.6, 1.37, 1.88, 0, 1.08, 1.19, 1.18, 2.78, 4.67, 5.74, 5.49, 4.56, 4.53, 4.41, 4.47, 4.51, 5.0, 4.97, 4.42, 4.88, 5.3, 4.92, 4.32, 4.28, 5.58, 6.593, 6.351, 6.107, 5.964, 5.93, 5.668, 6.302, 6.85, 7.415, 8.276, 9.092, 8.753, 8.26, 8.066, 8.053, 7.52, 7.165, 7.17, 7.63, 6.89, 6.29, 6.91, 7.12, 6.49, 5.98, 5.75, 6.395, 6.27, 5.54, 5.37, 5.68, 6.3, 6.4], [3.28, 3.46, 3.36, 3.04, 2.63, 2.59, 2.45, 2.38, 2.12, 2.29, 2.59, 2.48, 1.81, 1.49, 1.5, 1.63, 1.58, 1.8, 1.76, 2.09, 2.586, 2.629, 3.41, 4.13, 4.35, 4.31, 3.96, 3.61, 2.34, 2.19, 2.7, 1.08, 0, 1.07, 1.46, 3.46, 5.35, 6.4, 6.13, 5.4, 5.41, 5.23, 5.21, 5.27, 5.82, 5.77, 5.24, 5.72, 6.14, 5.76, 5.16, 5.14, 6.325, 7.341, 7.14, 6.87, 6.753, 6.653, 6.542, 7.216, 7.743, 8.392, 9.096, 9.926, 9.576, 9.08, 8.886, 8.853, 8.323, 7.922, 7.95, 8.43, 7.71, 7.13, 7.75, 7.94, 7.43, 6.92, 6.663, 7.289, 7.089, 6.3, 6.09, 6.3, 7.02, 7.1], [3.61, 3.85, 3.67, 3.33, 2.9, 2.84, 2.76, 2.73, 2.57, 2.78, 2.98, 2.91, 2.22, 1.74, 1.75, 1.84, 1.73, 1.91, 1.93, 2.08, 2.46, 2.56, 3.2, 3.88, 4.14, 4.02, 3.55, 3.16, 1.93, 1.5, 2.07, 1.19, 1.07, 0, 0.97, 3.55, 5.44, 6.53, 6.26, 5.27, 5.22, 5.06, 5.24, 5.24, 5.77, 5.72, 5.19, 5.53, 5.93, 5.45, 4.91, 4.77, 5.72, 6.726, 6.579, 6.289, 6.275, 6.321, 6.301, 6.878, 7.42, 8.131, 8.781, 9.63, 9.182, 8.68, 8.488, 8.481, 7.991, 7.818, 7.9, 8.06, 7.5, 6.98, 7.5, 7.55, 7.0, 6.67, 6.48, 7.128, 7.06, 6.37, 6.2, 6.51, 7.05, 7.19], [3.04, 3.28, 3.06, 2.7, 2.29, 2.25, 2.39, 2.32, 2.64, 2.89, 3.03, 3.12, 2.31, 1.81, 1.54, 1.73, 1.54, 1.5, 1.38, 1.53, 1.83, 1.93, 2.51, 3.23, 3.49, 3.41, 2.94, 2.63, 1.56, 1.39, 1.9, 1.18, 1.46, 0.97, 0, 2.88, 4.75, 5.82, 5.59, 4.58, 4.53, 4.39, 4.55, 4.57, 5.06, 5.01, 4.5, 4.9, 5.34, 4.84, 4.34, 4.18, 5.13, 6.133, 5.989, 5.716, 5.685, 5.748, 5.728, 6.305, 6.81, 7.458, 8.168, 9.02, 8.591, 8.089, 7.878, 7.828, 7.321, 7.148, 7.21, 7.43, 6.83, 6.31, 6.87, 6.96, 6.41, 6.02, 5.79, 6.458, 6.35, 5.64, 5.47, 5.78, 6.36, 6.48], [1.82, 2.22, 2.22, 2.24, 1.99, 2.17, 2.49, 2.46, 3.26, 3.43, 3.53, 3.52, 2.89, 2.53, 2.46, 2.49, 2.56, 2.04, 2.26, 2.15, 1.57, 1.61, 1.45, 1.67, 1.73, 1.89, 1.9, 1.89, 1.98, 2.69, 2.54, 2.78, 3.46, 3.55, 2.88, 0, 1.99, 3.16, 3.19, 2.68, 2.71, 2.55, 2.31, 2.61, 3.16, 3.05, 2.52, 3.18, 3.68, 3.28, 2.58, 2.76, 4.27, 5.26, 4.93, 4.64, 4.58, 4.76, 4.46, 5.0, 5.39, 5.69, 6.353, 7.161, 6.895, 6.628, 6.554, 6.624, 6.13, 5.38, 5.57, 6.07, 5.23, 4.11, 4.67, 5.34, 5.01, 4.1, 3.91, 4.39, 4.31, 3.5, 3.37, 3.46, 3.98, 4.12], [3.01, 2.93, 3.07, 3.245, 3.34, 3.598, 3.878, 3.848, 4.77, 4.878, 4.898, 4.865, 4.56, 4.34, 4.31, 4.3, 4.29, 3.87, 4.11, 3.92, 3.26, 3.18, 2.6, 2.5, 2.06, 1.96, 2.21, 2.62, 3.63, 4.26, 3.79, 4.67, 5.35, 5.44, 4.75, 1.99, 0, 1.61, 1.7, 1.67, 1.9, 1.88, 1.7, 1.82, 2.35, 2.26, 1.91, 2.53, 2.85, 2.59, 2.17, 2.39, 3.3, 4.29, 4.02, 3.63, 3.59, 4.03, 3.75, 4.31, 4.58, 4.832, 5.462, 6.079, 5.975, 5.743, 5.651, 5.602, 5.092, 4.41, 4.64, 5.14, 4.36, 3.06, 3.7, 4.53, 4.2, 3.23, 3.06, 3.54, 3.311, 2.89, 2.54, 2.61, 2.87, 3.05], [4.12, 4.02, 4.14, 4.42, 4.49, 4.77, 5.07, 5.04, 5.96, 6.05, 5.99, 5.96, 5.63, 5.35, 5.32, 5.33, 5.34, 4.94, 5.16, 4.99, 4.39, 4.37, 3.73, 3.27, 2.87, 2.69, 3.06, 3.61, 4.68, 5.37, 4.9, 5.74, 6.4, 6.53, 5.82, 3.16, 1.61, 0, 1.07, 1.68, 1.83, 1.87, 1.89, 1.89, 1.92, 1.89, 2.04, 1.96, 2.18, 2.28, 2.26, 2.56, 2.59, 3.3, 3.13, 2.96, 2.86, 3.32, 3.08, 3.56, 3.75, 3.913, 4.523, 5.067, 4.985, 4.756, 4.684, 4.689, 4.239, 3.54, 3.73, 4.23, 3.49, 2.23, 2.73, 3.574, 3.33, 2.52, 2.57, 2.77, 2.67, 2.34, 2.19, 2.26, 2.2, 2.28], [3.93, 3.81, 4.09, 4.41, 4.38, 4.68, 5.0, 5.01, 5.89, 6.02, 6.0, 5.99, 5.48, 5.1, 5.05, 5.08, 5.11, 4.77, 4.99, 4.8, 4.24, 4.18, 3.64, 3.22, 2.8, 2.58, 2.91, 3.4, 4.43, 5.14, 4.71, 5.49, 6.13, 6.26, 5.59, 3.19, 1.7, 1.07, 0, 1.25, 1.54, 1.64, 1.72, 1.78, 1.73, 1.78, 1.93, 1.87, 2.19, 2.07, 2.05, 2.27, 2.56, 3.379, 3.1, 2.87, 2.79, 3.37, 3.09, 3.59, 3.891, 4.097, 4.618, 5.236, 5.177, 4.99, 4.896, 4.841, 4.351, 3.718, 3.76, 4.246, 3.52, 2.34, 2.82, 3.638, 3.38, 2.47, 2.44, 2.96, 2.92, 2.51, 2.16, 2.29, 2.35, 2.31], [3.84, 3.7, 4.0, 4.22, 4.13, 4.41, 4.75, 4.72, 5.56, 5.77, 5.87, 5.84, 5.17, 4.65, 4.52, 4.55, 4.52, 4.04, 4.24, 3.93, 3.37, 3.23, 2.77, 2.55, 2.11, 1.95, 2.02, 2.55, 3.58, 4.17, 3.7, 4.56, 5.4, 5.27, 4.58, 2.68, 1.67, 1.68, 1.25, 0, 0.67, 0.65, 0.97, 0.99, 1.54, 1.53, 1.34, 1.64, 1.92, 1.68, 1.56, 1.7, 2.53, 3.417, 3.067, 2.737, 2.84, 3.28, 3.02, 3.46, 3.73, 3.97, 4.52, 5.356, 5.085, 4.784, 4.642, 4.606, 4.076, 3.74, 3.97, 4.37, 3.53, 2.43, 2.99, 3.54, 3.23, 2.44, 2.25, 2.73, 2.75, 2.2, 1.95, 2.28, 2.42, 2.5], [3.77, 3.73, 3.97, 4.19, 4.12, 4.42, 4.72, 4.69, 5.49, 5.7, 5.86, 5.81, 5.16, 4.66, 4.51, 4.6, 4.53, 3.95, 4.11, 3.8, 3.22, 3.2, 2.74, 2.6, 2.26, 2.16, 2.17, 2.66, 3.57, 4.12, 3.75, 4.53, 5.41, 5.22, 4.53, 2.71, 1.9, 1.83, 1.54, 0.67, 0, 0.48, 0.92, 0.94, 1.55, 1.48, 1.27, 1.73, 2.11, 1.89, 1.67, 1.75, 2.72, 3.53, 3.18, 2.87, 2.97, 3.47, 3.15, 3.49, 3.74, 3.94, 4.613, 5.412, 5.089, 4.778, 4.664, 4.739, 4.24, 3.87, 4.14, 4.54, 3.64, 2.48, 2.94, 3.604, 3.26, 2.43, 2.3, 2.62, 2.66, 2.07, 1.7, 2.17, 2.45, 2.45], [3.67, 3.63, 3.85, 4.07, 4.02, 4.3, 4.6, 4.59, 5.39, 5.62, 5.72, 5.71, 5.06, 4.56, 4.41, 4.42, 4.39, 3.85, 4.01, 3.72, 3.1, 3.0, 2.62, 2.48, 2.14, 2.12, 2.07, 2.5, 3.43, 3.94, 3.55, 4.41, 5.23, 5.06, 4.39, 2.55, 1.88, 1.87, 1.64, 0.65, 0.48, 0, 0.9, 0.92, 1.61, 1.56, 1.23, 1.73, 2.11, 1.83, 1.63, 1.65, 2.64, 3.57, 3.229, 2.89, 2.97, 3.45, 3.23, 3.55, 3.78, 4.0, 4.67, 5.475, 5.198, 4.84, 4.712, 4.762, 4.272, 3.93, 4.14, 4.54, 3.64, 2.52, 3.04, 3.67, 3.32, 2.51, 2.4, 2.68, 2.8, 2.19, 1.88, 2.29, 2.57, 2.59], [3.51, 3.51, 3.71, 3.97, 3.82, 4.14, 4.5, 4.41, 5.27, 5.5, 5.6, 5.55, 4.88, 4.36, 4.25, 4.3, 4.21, 3.77, 3.99, 3.76, 3.1, 2.98, 2.7, 2.54, 2.08, 2.0, 2.25, 2.42, 3.41, 4.04, 3.51, 4.47, 5.21, 5.24, 4.55, 2.31, 1.7, 1.89, 1.72, 0.97, 0.92, 0.9, 0, 0.66, 1.45, 1.38, 1.25, 1.79, 2.17, 1.89, 1.55, 1.67, 2.56, 3.37, 3.06, 2.77, 2.89, 3.41, 3.01, 3.31, 3.532, 3.776, 4.422, 5.326, 5.036, 4.746, 4.632, 4.662, 4.212, 3.65, 3.84, 4.32, 3.4, 2.32, 2.88, 3.43, 3.1, 2.31, 2.1, 2.6, 2.56, 2.05, 1.68, 2.09, 2.25, 2.31], [3.69, 3.75, 3.93, 4.11, 4.02, 4.3, 4.66, 4.57, 5.37, 5.62, 5.82, 5.81, 5.04, 4.54, 4.41, 4.46, 4.27, 3.81, 4.07, 3.86, 3.16, 3.04, 2.76, 2.58, 2.14, 2.04, 2.19, 2.48, 3.49, 4.06, 3.51, 4.51, 5.27, 5.24, 4.57, 2.61, 1.82, 1.89, 1.78, 0.99, 0.94, 0.92, 0.66, 0, 1.11, 1.12, 0.99, 1.47, 1.89, 1.73, 1.65, 1.77, 2.38, 3.15, 2.84, 2.57, 2.63, 3.13, 2.75, 3.05, 3.257, 3.576, 4.22, 5.113, 4.799, 4.484, 4.372, 4.422, 3.872, 3.37, 3.58, 4.06, 3.14, 2.16, 2.76, 3.23, 2.9, 2.19, 1.92, 2.48, 2.32, 1.79, 1.46, 1.95, 2.09, 2.23], [4.34, 4.52, 4.64, 4.76, 4.67, 4.95, 5.29, 5.22, 5.98, 6.27, 6.49, 6.48, 5.69, 5.11, 5.0, 5.05, 4.92, 4.38, 4.52, 4.29, 3.69, 3.61, 2.91, 2.31, 2.17, 1.99, 2.38, 2.99, 4.06, 4.67, 4.14, 5.0, 5.82, 5.77, 5.06, 3.16, 2.35, 1.92, 1.73, 1.54, 1.55, 1.61, 1.45, 1.11, 0, 0.63, 1.16, 1.04, 1.32, 1.2, 1.52, 1.34, 1.85, 2.54, 2.31, 2.02, 2.12, 2.52, 2.1, 2.28, 2.487, 2.75, 3.541, 4.457, 4.172, 3.765, 3.686, 3.781, 3.211, 2.76, 2.85, 3.33, 2.55, 1.51, 2.07, 2.54, 2.27, 1.52, 1.37, 2.01, 1.99, 1.74, 1.71, 2.16, 2.24, 2.08], [4.21, 4.31, 4.51, 4.63, 4.54, 4.82, 5.14, 5.09, 5.87, 6.14, 6.34, 6.308, 5.56, 5.04, 4.89, 5.02, 4.89, 4.39, 4.53, 4.24, 3.58, 3.44, 2.82, 2.34, 2.24, 2.04, 2.33, 2.94, 4.05, 4.62, 4.09, 4.97, 5.77, 5.72, 5.01, 3.05, 2.26, 1.89, 1.78, 1.53, 1.48, 1.56, 1.38, 1.12, 0.63, 0, 0.95, 0.93, 1.37, 1.25, 1.51, 1.45, 2.0, 2.71, 2.36, 2.13, 2.31, 2.65, 2.25, 2.39, 2.757, 2.99, 3.751, 4.618, 4.322, 3.963, 3.853, 3.948, 3.398, 2.81, 3.04, 3.5, 2.7, 1.56, 2.22, 2.75, 2.38, 1.65, 1.4, 1.98, 1.9, 1.69, 1.6, 2.11, 2.07, 1.95], [3.6, 3.76, 3.86, 4.02, 3.95, 4.25, 4.57, 4.48, 5.24, 5.51, 5.73, 5.698, 4.97, 4.51, 4.38, 4.49, 4.3, 3.84, 3.94, 3.71, 3.05, 2.85, 2.19, 2.03, 1.95, 1.95, 1.94, 2.37, 3.5, 4.03, 3.5, 4.42, 5.24, 5.19, 4.5, 2.52, 1.91, 2.04, 1.93, 1.34, 1.27, 1.23, 1.25, 0.99, 1.16, 0.95, 0, 1.2, 1.72, 1.48, 1.4, 1.36, 2.37, 3.366, 3.019, 2.7, 2.82, 3.02, 2.52, 3.0, 3.41, 3.588, 4.478, 5.311, 5.038, 4.656, 4.557, 4.638, 4.068, 3.52, 3.75, 4.25, 3.37, 2.21, 2.81, 3.4, 2.99, 2.16, 1.93, 2.43, 2.19, 2.0, 1.71, 2.3, 2.36, 2.42], [4.22, 4.399, 4.566, 4.58, 4.45, 4.73, 5.03, 5.08, 5.8, 6.13, 6.35, 6.397, 5.59, 5.03, 4.8, 4.85, 4.82, 4.38, 4.56, 4.25, 3.77, 3.53, 2.79, 2.45, 2.25, 1.85, 2.14, 2.65, 3.84, 4.33, 3.76, 4.88, 5.72, 5.53, 4.9, 3.18, 2.53, 1.96, 1.87, 1.64, 1.73, 1.73, 1.79, 1.47, 1.04, 0.93, 1.2, 0, 0.88, 0.86, 1.3, 1.24, 1.59, 2.5, 2.17, 1.96, 1.86, 2.0, 1.7, 2.08, 2.51, 2.841, 3.621, 4.426, 4.141, 3.737, 3.643, 3.727, 3.217, 2.731, 2.85, 3.23, 2.41, 1.49, 2.11, 2.46, 2.03, 1.44, 1.57, 2.03, 2.21, 1.98, 2.03, 2.38, 2.38, 2.16], [4.7, 4.74, 5.02, 5.1, 5.01, 5.19, 5.47, 5.52, 6.273, 6.61, 6.75, 6.801, 5.985, 5.45, 5.3, 5.27, 5.34, 4.86, 5.06, 4.75, 4.21, 3.99, 3.23, 2.69, 2.53, 2.31, 2.6, 3.11, 4.3, 4.79, 4.16, 5.3, 6.14, 5.93, 5.34, 3.68, 2.85, 2.18, 2.19, 1.92, 2.11, 2.11, 2.17, 1.89, 1.32, 1.37, 1.72, 0.88, 0, 0.88, 1.48, 1.42, 1.69, 2.48, 2.43, 2.0, 1.48, 1.74, 1.54, 2.02, 2.43, 2.61, 3.301, 4.007, 3.765, 3.41, 3.37, 3.38, 2.87, 2.42, 2.73, 3.03, 2.33, 1.33, 1.79, 2.28, 2.11, 1.8, 2.03, 2.41, 2.65, 2.48, 2.53, 2.88, 2.74, 2.48], [4.28, 4.379, 4.6, 4.68, 4.57, 4.87, 5.19, 5.16, 5.94, 6.21, 6.39, 6.378, 5.61, 5.05, 4.9, 4.85, 4.82, 4.46, 4.68, 4.33, 3.85, 3.65, 2.89, 2.25, 2.03, 1.87, 2.08, 2.51, 3.84, 4.29, 3.66, 4.92, 5.76, 5.45, 4.84, 3.28, 2.59, 2.28, 2.07, 1.68, 1.89, 1.83, 1.89, 1.73, 1.2, 1.25, 1.48, 0.86, 0.88, 0, 0.9, 0.94, 1.45, 2.56, 2.27, 1.7, 1.64, 1.9, 1.76, 2.24, 2.75, 3.006, 3.628, 4.4, 4.067, 3.731, 3.669, 3.776, 3.229, 2.9, 3.07, 3.39, 2.71, 1.73, 2.21, 2.48, 2.37, 1.92, 1.85, 2.55, 2.87, 2.66, 2.65, 3.0, 2.94, 2.78], [3.5, 3.62, 3.84, 3.96, 3.85, 4.17, 4.47, 4.44, 5.28, 5.49, 5.63, 5.618, 4.85, 4.35, 4.22, 4.25, 4.22, 3.88, 4.1, 3.79, 3.29, 3.03, 2.21, 1.65, 1.41, 1.29, 1.72, 1.91, 3.22, 3.71, 3.08, 4.32, 5.16, 4.91, 4.34, 2.58, 2.17, 2.26, 2.05, 1.56, 1.67, 1.63, 1.55, 1.65, 1.52, 1.51, 1.4, 1.3, 1.48, 0.9, 0, 0.82, 2.01, 3.04, 2.71, 2.32, 2.26, 2.58, 2.4, 2.84, 3.39, 3.606, 4.278, 5.059, 4.756, 4.494, 4.414, 4.496, 3.986, 3.536, 3.65, 4.01, 3.27, 2.25, 2.69, 3.12, 2.89, 2.36, 2.17, 2.95, 3.09, 2.92, 2.79, 2.96, 3.04, 3.06], [3.76, 3.959, 4.1, 4.16, 4.03, 4.33, 4.65, 4.62, 5.36, 5.67, 5.93, 5.958, 5.09, 4.51, 4.38, 4.35, 4.3, 3.86, 4.04, 3.71, 3.21, 2.99, 2.19, 1.69, 1.55, 1.31, 1.7, 1.99, 3.24, 3.69, 3.04, 4.28, 5.14, 4.77, 4.18, 2.76, 2.39, 2.56, 2.27, 1.7, 1.75, 1.65, 1.67, 1.77, 1.34, 1.45, 1.36, 1.24, 1.42, 0.94, 0.82, 0, 1.91, 2.96, 2.65, 2.32, 2.26, 2.58, 2.4, 2.78, 3.23, 3.484, 4.191, 5.0, 4.704, 4.268, 4.214, 4.414, 3.886, 3.54, 3.67, 3.95, 3.21, 2.31, 2.79, 2.94, 2.71, 2.34, 1.97, 2.69, 2.95, 2.72, 2.69, 3.12, 3.14, 3.04], [5.21, 5.304, 5.579, 5.63, 5.521, 5.741, 6.155, 6.259, 7.019, 7.272, 7.366, 7.47, 6.649, 6.089, 5.794, 5.64, 5.65, 5.29, 5.61, 5.26, 4.8, 4.6, 3.9, 3.32, 3.02, 2.815, 2.928, 3.072, 4.21, 4.56, 4.01, 5.58, 6.325, 5.72, 5.13, 4.27, 3.3, 2.59, 2.56, 2.53, 2.72, 2.64, 2.56, 2.38, 1.85, 2.0, 2.37, 1.59, 1.69, 1.45, 2.01, 1.91, 0, 1.29, 1.24, 1.05, 1.15, 1.67, 1.85, 2.31, 2.62, 3.06, 3.481, 4.05, 3.785, 3.46, 3.299, 3.29, 2.84, 2.61, 2.46, 2.7, 2.26, 1.92, 2.14, 2.29, 2.26, 2.21, 2.12, 2.68, 3.02, 2.79, 2.88, 2.93, 2.79, 2.75], [6.155, 6.257, 6.549, 6.624, 6.534, 6.774, 7.188, 7.286, 8.044, 8.265, 8.376, 8.523, 7.659, 7.116, 6.807, 6.69, 6.68, 6.3, 6.62, 6.27, 5.77, 5.59, 4.91, 4.31, 3.999, 3.768, 3.901, 4.074, 5.267, 5.617, 5.064, 6.593, 7.341, 6.726, 6.133, 5.26, 4.29, 3.3, 3.379, 3.417, 3.53, 3.57, 3.37, 3.15, 2.54, 2.71, 3.366, 2.5, 2.48, 2.56, 3.04, 2.96, 1.29, 0, 0.73, 1.16, 1.52, 1.9, 2.12, 2.34, 2.49, 2.77, 2.94, 3.48, 3.27, 2.89, 2.95, 2.86, 2.57, 2.56, 2.33, 2.57, 2.29, 2.05, 2.07, 1.96, 2.11, 2.34, 2.29, 2.47, 2.85, 2.72, 2.97, 3.0, 2.52, 2.58], [5.794, 5.936, 6.225, 6.357, 6.247, 6.467, 6.824, 6.945, 7.717, 7.958, 8.072, 8.156, 7.335, 6.775, 6.505, 6.45, 6.4, 5.997, 6.317, 6.0, 5.48, 5.32, 4.62, 4.04, 3.732, 3.484, 3.614, 3.787, 5.08, 5.433, 4.863, 6.351, 7.14, 6.579, 5.989, 4.93, 4.02, 3.13, 3.1, 3.067, 3.18, 3.229, 3.06, 2.84, 2.31, 2.36, 3.019, 2.17, 2.43, 2.27, 2.71, 2.65, 1.24, 0.73, 0, 0.85, 1.57, 2.17, 2.33, 2.23, 2.5, 2.78, 3.05, 3.71, 3.38, 3.02, 3.02, 2.99, 2.58, 2.55, 2.36, 2.42, 2.06, 1.96, 2.04, 1.89, 2.04, 2.11, 2.0, 2.28, 2.64, 2.43, 2.6, 2.65, 2.35, 2.43], [5.52, 5.532, 5.918, 6.107, 5.98, 6.203, 6.54, 6.627, 7.41, 7.66, 7.74, 7.787, 7.008, 6.457, 6.255, 6.21, 6.16, 5.74, 6.06, 5.73, 5.19, 5.03, 4.31, 3.71, 3.368, 3.214, 3.324, 3.497, 4.81, 5.163, 4.593, 6.107, 6.87, 6.289, 5.716, 4.64, 3.63, 2.96, 2.87, 2.737, 2.87, 2.89, 2.77, 2.57, 2.02, 2.13, 2.7, 1.96, 2.0, 1.7, 2.32, 2.32, 1.05, 1.16, 0.85, 0, 1.32, 1.86, 2.04, 2.26, 2.59, 2.91, 3.26, 3.94, 3.51, 3.21, 3.21, 3.12, 2.71, 2.54, 2.61, 2.65, 2.17, 1.81, 2.01, 2.18, 2.27, 2.2, 2.11, 2.67, 3.01, 2.84, 2.87, 2.96, 2.72, 2.72], [5.387, 5.429, 5.798, 5.93, 5.843, 6.045, 6.383, 6.53, 7.313, 7.543, 7.623, 7.749, 6.908, 6.36, 6.118, 6.005, 6.035, 5.64, 5.96, 5.65, 5.13, 4.95, 4.23, 3.59, 3.35, 3.11, 3.242, 3.34, 4.702, 5.092, 4.502, 5.964, 6.753, 6.275, 5.685, 4.58, 3.59, 2.86, 2.79, 2.84, 2.97, 2.97, 2.89, 2.63, 2.12, 2.31, 2.82, 1.86, 1.48, 1.64, 2.26, 2.26, 1.15, 1.52, 1.57, 1.32, 0, 1.3, 1.56, 2.06, 2.45, 2.77, 3.16, 3.68, 3.49, 3.19, 3.17, 3.16, 2.71, 2.62, 2.39, 2.71, 2.23, 1.85, 2.09, 2.26, 2.49, 2.48, 2.65, 3.19, 3.57, 3.4, 3.47, 3.52, 3.32, 3.28], [5.601, 5.752, 5.918, 6.03, 5.9, 6.14, 6.574, 6.658, 7.398, 7.651, 7.782, 7.889, 7.028, 6.488, 6.167, 6.103, 6.07, 5.72, 6.04, 5.69, 5.21, 5.03, 4.33, 3.73, 3.53, 3.35, 3.385, 3.581, 4.662, 5.118, 4.491, 5.93, 6.653, 6.321, 5.748, 4.76, 4.03, 3.32, 3.37, 3.28, 3.47, 3.45, 3.41, 3.13, 2.52, 2.65, 3.02, 2.0, 1.74, 1.9, 2.58, 2.58, 1.67, 1.9, 2.17, 1.86, 1.3, 0, 1.06, 1.96, 2.21, 2.47, 2.84, 3.52, 3.29, 3.03, 3.01, 2.8, 2.41, 2.42, 2.63, 2.83, 2.21, 2.11, 2.13, 2.42, 2.57, 2.58, 2.77, 3.29, 3.61, 3.52, 3.59, 3.74, 3.48, 3.38], [5.317, 5.529, 5.666, 5.687, 5.497, 5.807, 6.247, 6.317, 7.02, 7.273, 7.484, 7.554, 6.71, 6.222, 5.882, 5.91, 5.62, 5.44, 5.6, 5.27, 4.73, 4.61, 3.95, 3.45, 3.19, 3.01, 3.2, 3.461, 4.568, 5.041, 4.411, 5.668, 6.542, 6.301, 5.728, 4.46, 3.75, 3.08, 3.09, 3.02, 3.15, 3.23, 3.01, 2.75, 2.1, 2.25, 2.52, 1.7, 1.54, 1.76, 2.4, 2.4, 1.85, 2.12, 2.33, 2.04, 1.56, 1.06, 0, 1.28, 1.83, 2.15, 3.0, 3.74, 3.51, 3.11, 3.09, 3.02, 2.63, 2.2, 2.35, 2.83, 2.33, 1.81, 1.99, 2.08, 2.01, 2.16, 2.33, 2.75, 3.07, 3.02, 3.11, 3.4, 3.16, 2.94], [5.863, 6.066, 6.303, 6.287, 6.137, 6.483, 6.884, 6.954, 7.657, 7.91, 8.121, 8.192, 7.327, 6.779, 6.487, 6.47, 6.22, 6.0, 6.14, 5.77, 5.33, 5.23, 4.47, 3.91, 3.69, 3.53, 3.7, 3.938, 5.145, 5.635, 4.988, 6.302, 7.216, 6.878, 6.305, 5.0, 4.31, 3.56, 3.59, 3.46, 3.49, 3.55, 3.31, 3.05, 2.28, 2.39, 3.0, 2.08, 2.02, 2.24, 2.84, 2.78, 2.31, 2.34, 2.23, 2.26, 2.06, 1.96, 1.28, 0, 1.17, 1.65, 2.46, 3.14, 2.911, 2.53, 2.51, 2.48, 2.17, 2.0, 1.71, 2.03, 1.73, 1.75, 1.61, 1.46, 1.53, 1.86, 2.05, 2.45, 2.79, 2.76, 2.95, 3.16, 2.92, 2.76], [6.401, 6.641, 6.798, 6.787, 6.63, 6.99, 7.393, 7.442, 8.183, 8.45, 8.64, 8.684, 7.913, 7.32, 7.063, 7.0, 6.71, 6.37, 6.53, 6.18, 5.7, 5.62, 4.9, 4.38, 4.14, 3.86, 4.03, 4.56, 5.65, 6.12, 5.51, 6.85, 7.743, 7.42, 6.81, 5.39, 4.58, 3.75, 3.891, 3.73, 3.74, 3.78, 3.532, 3.257, 2.487, 2.757, 3.41, 2.51, 2.43, 2.75, 3.39, 3.23, 2.62, 2.49, 2.5, 2.59, 2.45, 2.21, 1.83, 1.17, 0, 1.1, 1.79, 2.649, 2.333, 1.98, 1.98, 1.95, 1.62, 1.65, 1.46, 1.76, 1.32, 1.86, 1.56, 1.35, 1.38, 1.79, 1.88, 2.3, 2.56, 2.57, 2.78, 3.03, 2.83, 2.55], [6.777, 6.987, 7.076, 7.248, 7.075, 7.361, 7.701, 7.708, 8.491, 8.738, 8.933, 8.976, 8.184, 7.607, 7.452, 7.502, 7.309, 6.912, 7.012, 6.64, 6.1, 5.94, 5.16, 4.58, 4.4, 4.345, 4.695, 5.111, 6.378, 6.871, 6.241, 7.415, 8.392, 8.131, 7.458, 5.69, 4.832, 3.913, 4.097, 3.97, 3.94, 4.0, 3.776, 3.576, 2.75, 2.99, 3.588, 2.841, 2.61, 3.006, 3.606, 3.484, 3.06, 2.77, 2.78, 2.91, 2.77, 2.47, 2.15, 1.65, 1.1, 0, 1.21, 1.983, 1.8, 1.48, 1.56, 1.49, 1.28, 1.51, 1.46, 2.0, 1.74, 2.18, 1.64, 1.29, 1.54, 1.93, 2.04, 1.98, 2.24, 2.63, 2.96, 3.13, 2.73, 2.51], [7.515, 7.678, 7.813, 8.038, 7.905, 8.171, 8.531, 8.498, 9.361, 9.588, 9.683, 9.693, 8.968, 8.411, 8.301, 8.2, 8.153, 7.676, 7.93, 7.654, 7.01, 6.9, 6.168, 5.368, 5.1, 5.026, 5.385, 5.801, 7.125, 7.598, 6.951, 8.276, 9.096, 8.781, 8.168, 6.353, 5.462, 4.523, 4.618, 4.52, 4.613, 4.67, 4.422, 4.22, 3.541, 3.751, 4.478, 3.621, 3.301, 3.628, 4.278, 4.191, 3.481, 2.94, 3.05, 3.26, 3.16, 2.84, 3.0, 2.46, 1.79, 1.21, 0, 1.12, 0.93, 0.87, 1.09, 1.04, 1.29, 1.76, 1.73, 1.91, 2.01, 2.85, 2.19, 1.62, 2.11, 2.733, 2.89, 2.53, 2.89, 3.34, 3.73, 3.76, 3.2, 2.98], [8.288, 8.319, 8.568, 8.773, 8.686, 8.909, 9.232, 9.319, 10.145, 10.329, 10.423, 10.508, 9.698, 9.173, 9.017, 8.896, 8.926, 8.506, 8.783, 8.449, 7.877, 7.717, 7.0, 6.299, 5.999, 5.962, 6.258, 6.55, 7.979, 8.45, 7.8, 9.092, 9.926, 9.63, 9.02, 7.161, 6.079, 5.067, 5.236, 5.356, 5.412, 5.475, 5.326, 5.113, 4.457, 4.618, 5.311, 4.426, 4.007, 4.4, 5.059, 5.0, 4.05, 3.48, 3.71, 3.94, 3.68, 3.52, 3.74, 3.14, 2.649, 1.983, 1.12, 0, 0.93, 1.21, 1.33, 1.46, 1.87, 2.28, 2.17, 2.29, 2.689, 3.494, 2.934, 2.3, 2.91, 3.619, 3.709, 3.311, 3.57, 4.104, 4.519, 4.367, 3.658, 3.5], [8.12, 8.25, 8.455, 8.552, 8.459, 8.748, 9.091, 9.055, 9.881, 10.125, 10.256, 10.24, 9.488, 8.908, 8.801, 8.689, 8.63, 8.173, 8.464, 8.158, 7.584, 7.43, 6.713, 6.008, 5.708, 5.626, 5.828, 6.233, 7.585, 7.985, 7.388, 8.753, 9.576, 9.182, 8.591, 6.895, 5.975, 4.985, 5.177, 5.085, 5.089, 5.198, 5.036, 4.799, 4.172, 4.322, 5.038, 4.141, 3.765, 4.067, 4.756, 4.704, 3.785, 3.27, 3.38, 3.51, 3.49, 3.29, 3.51, 2.911, 2.333, 1.8, 0.93, 0.93, 0, 0.74, 0.86, 1.05, 1.42, 1.97, 2.073, 2.08, 2.416, 3.402, 2.787, 2.09, 2.66, 3.34, 3.43, 3.041, 3.315, 3.885, 4.295, 4.24, 3.61, 3.47], [7.871, 7.995, 8.154, 8.214, 8.107, 8.35, 8.707, 8.694, 9.423, 9.747, 9.967, 10.052, 9.155, 8.624, 8.383, 8.324, 8.217, 7.74, 8.054, 7.7, 7.18, 7.0, 6.264, 5.572, 5.344, 5.23, 5.466, 5.86, 7.126, 7.54, 6.926, 8.26, 9.08, 8.68, 8.089, 6.628, 5.743, 4.756, 4.99, 4.784, 4.778, 4.84, 4.746, 4.484, 3.765, 3.963, 4.656, 3.737, 3.41, 3.731, 4.494, 4.268, 3.46, 2.89, 3.02, 3.21, 3.19, 3.03, 3.11, 2.53, 1.98, 1.48, 0.87, 1.21, 0.74, 0, 0.72, 0.93, 1.22, 1.77, 1.76, 1.82, 2.12, 3.11, 2.52, 1.73, 2.26, 2.994, 3.04, 2.64, 2.9, 3.45, 3.889, 3.95, 3.39, 3.17], [7.812, 7.885, 8.12, 8.16, 8.053, 8.275, 8.613, 8.634, 9.343, 9.713, 9.893, 9.947, 9.121, 8.564, 8.308, 8.235, 8.125, 7.626, 7.94, 7.613, 7.107, 6.947, 6.207, 5.518, 5.301, 5.187, 5.352, 5.728, 6.912, 7.348, 6.718, 8.066, 8.886, 8.488, 7.878, 6.554, 5.651, 4.684, 4.896, 4.642, 4.664, 4.712, 4.632, 4.372, 3.686, 3.853, 4.557, 3.643, 3.37, 3.669, 4.414, 4.214, 3.299, 2.95, 3.02, 3.21, 3.17, 3.01, 3.09, 2.51, 1.98, 1.56, 1.09, 1.33, 0.86, 0.72, 0, 0.65, 0.96, 1.61, 1.6, 1.64, 2.1, 3.041, 2.58, 1.77, 2.2, 2.957, 3.004, 2.6, 2.86, 3.414, 3.798, 3.863, 3.302, 3.11], [7.867, 7.895, 8.161, 8.17, 8.08, 8.28, 8.597, 8.664, 9.39, 9.731, 9.894, 9.941, 9.151, 8.594, 8.318, 8.243, 8.153, 7.69, 8.01, 7.7, 7.197, 7.037, 6.297, 5.668, 5.386, 5.237, 5.425, 5.781, 6.828, 7.281, 6.691, 8.053, 8.853, 8.481, 7.828, 6.624, 5.602, 4.689, 4.841, 4.606, 4.739, 4.762, 4.662, 4.422, 3.781, 3.948, 4.638, 3.727, 3.38, 3.776, 4.496, 4.414, 3.29, 2.86, 2.99, 3.12, 3.16, 2.8, 3.02, 2.48, 1.95, 1.49, 1.04, 1.46, 1.05, 0.93, 0.65, 0, 0.69, 1.5, 1.61, 1.85, 2.05, 3.051, 2.61, 1.88, 2.33, 3.027, 3.054, 2.71, 2.99, 3.54, 3.908, 3.9, 3.36, 3.16], [7.337, 7.365, 7.631, 7.64, 7.55, 7.755, 8.107, 8.154, 8.86, 9.181, 9.364, 9.411, 8.601, 8.064, 7.768, 7.715, 7.605, 7.12, 7.44, 7.13, 6.64, 6.48, 5.747, 5.136, 4.819, 4.667, 4.857, 5.271, 6.378, 6.831, 6.261, 7.52, 8.323, 7.991, 7.321, 6.13, 5.092, 4.239, 4.351, 4.076, 4.24, 4.272, 4.212, 3.872, 3.211, 3.398, 4.068, 3.217, 2.87, 3.229, 3.986, 3.886, 2.84, 2.57, 2.58, 2.71, 2.71, 2.41, 2.63, 2.17, 1.62, 1.28, 1.29, 1.87, 1.42, 1.22, 0.96, 0.69, 0, 1.03, 1.16, 1.52, 1.6, 2.561, 2.12, 1.51, 1.84, 2.477, 2.524, 2.18, 2.48, 3.01, 3.398, 3.41, 2.95, 2.71], [6.544, 6.564, 6.833, 6.907, 6.84, 7.063, 7.4, 7.427, 8.23, 8.46, 8.56, 8.625, 7.854, 7.372, 7.182, 7.132, 7.079, 6.72, 7.0, 6.75, 6.09, 5.91, 5.31, 4.746, 4.426, 4.304, 4.591, 4.821, 6.085, 6.601, 5.994, 7.165, 7.922, 7.818, 7.148, 5.38, 4.41, 3.54, 3.718, 3.74, 3.87, 3.93, 3.65, 3.37, 2.76, 2.81, 3.52, 2.731, 2.42, 2.9, 3.536, 3.54, 2.61, 2.56, 2.55, 2.54, 2.62, 2.42, 2.2, 2.0, 1.65, 1.51, 1.76, 2.28, 1.97, 1.77, 1.61, 1.5, 1.03, 0, 1.01, 1.49, 1.39, 1.95, 1.77, 1.54, 1.57, 2.02, 2.07, 1.87, 1.99, 2.46, 2.85, 2.68, 2.26, 2.12], [6.508, 6.594, 6.908, 7.051, 6.964, 7.167, 7.504, 7.651, 8.434, 8.664, 8.744, 8.868, 8.029, 7.5, 7.25, 7.12, 7.11, 6.71, 7.05, 6.82, 6.26, 6.08, 5.4, 4.88, 4.56, 4.34, 4.61, 4.84, 6.13, 6.7, 6.11, 7.17, 7.95, 7.9, 7.21, 5.57, 4.64, 3.73, 3.76, 3.97, 4.14, 4.14, 3.84, 3.58, 2.85, 3.04, 3.75, 2.85, 2.73, 3.07, 3.65, 3.67, 2.46, 2.33, 2.36, 2.61, 2.39, 2.63, 2.35, 1.71, 1.46, 1.46, 1.73, 2.17, 2.073, 1.76, 1.6, 1.61, 1.16, 1.01, 0, 1.04, 1.14, 2.08, 1.76, 1.41, 1.56, 2.01, 2.16, 2.08, 2.18, 2.67, 3.06, 2.83, 2.35, 2.29], [6.948, 7.028, 7.408, 7.529, 7.441, 7.647, 8.018, 8.139, 8.911, 9.152, 9.226, 9.348, 8.529, 7.969, 7.7, 7.56, 7.57, 7.21, 7.53, 7.2, 6.72, 6.54, 5.82, 5.24, 5.02, 4.72, 4.93, 5.12, 6.43, 6.88, 6.31, 7.63, 8.43, 8.06, 7.43, 6.07, 5.14, 4.23, 4.246, 4.37, 4.54, 4.54, 4.32, 4.06, 3.33, 3.5, 4.25, 3.23, 3.03, 3.39, 4.01, 3.95, 2.7, 2.57, 2.42, 2.65, 2.71, 2.83, 2.83, 2.03, 1.76, 2.0, 1.91, 2.29, 2.08, 1.82, 1.64, 1.85, 1.52, 1.49, 1.04, 0, 1.12, 2.34, 2.02, 1.63, 1.78, 2.43, 2.62, 2.56, 2.76, 3.13, 3.54, 3.37, 2.89, 2.85], [6.088, 6.264, 6.548, 6.691, 6.604, 6.827, 7.19, 7.297, 8.1, 8.307, 8.404, 8.528, 7.69, 7.127, 6.94, 6.798, 6.788, 6.35, 6.65, 6.34, 5.82, 5.66, 4.94, 4.44, 4.16, 3.84, 4.09, 4.5, 5.77, 6.3, 5.69, 6.89, 7.71, 7.5, 6.83, 5.23, 4.36, 3.49, 3.52, 3.53, 3.64, 3.64, 3.4, 3.14, 2.55, 2.7, 3.37, 2.41, 2.33, 2.71, 3.27, 3.21, 2.26, 2.29, 2.06, 2.17, 2.23, 2.21, 2.33, 1.73, 1.32, 1.74, 2.01, 2.689, 2.416, 2.12, 2.1, 2.05, 1.6, 1.39, 1.14, 1.12, 0, 1.58, 1.46, 1.45, 1.5, 1.63, 1.9, 2.08, 2.26, 2.41, 2.7, 2.67, 2.33, 2.29], [5.01, 5.09, 5.39, 5.61, 5.58, 5.82, 6.14, 6.19, 7.05, 7.22, 7.26, 7.308, 6.6, 6.12, 6.03, 6.06, 6.11, 5.69, 5.87, 5.56, 4.9, 4.78, 4.08, 3.4, 3.18, 3.04, 3.45, 3.86, 5.25, 5.76, 5.17, 6.29, 7.13, 6.98, 6.31, 4.11, 3.06, 2.23, 2.34, 2.43, 2.48, 2.52, 2.32, 2.16, 1.51, 1.56, 2.21, 1.49, 1.33, 1.73, 2.25, 2.31, 1.92, 2.05, 1.96, 1.81, 1.85, 2.11, 1.81, 1.75, 1.86, 2.18, 2.85, 3.494, 3.402, 3.11, 3.041, 3.051, 2.561, 1.95, 2.08, 2.34, 1.58, 0, 1.04, 1.81, 1.8, 1.33, 1.58, 1.96, 2.12, 2.07, 2.06, 2.15, 1.95, 1.83], [5.625, 5.79, 5.923, 6.283, 6.238, 6.558, 6.935, 6.885, 7.745, 7.875, 7.87, 7.897, 7.28, 6.8, 6.71, 6.7, 6.73, 6.29, 6.49, 6.14, 5.54, 5.38, 4.6, 3.88, 3.6, 3.56, 4.03, 4.38, 5.81, 6.3, 5.67, 6.91, 7.75, 7.5, 6.87, 4.67, 3.7, 2.73, 2.82, 2.99, 2.94, 3.04, 2.88, 2.76, 2.07, 2.22, 2.81, 2.11, 1.79, 2.21, 2.69, 2.79, 2.14, 2.07, 2.04, 2.01, 2.09, 2.13, 1.99, 1.61, 1.56, 1.64, 2.19, 2.934, 2.787, 2.52, 2.58, 2.61, 2.12, 1.77, 1.76, 2.02, 1.46, 1.04, 0, 1.29, 1.44, 1.49, 1.9, 2.0, 2.34, 2.39, 2.4, 2.55, 2.19, 1.95], [6.338, 6.508, 6.726, 6.841, 6.654, 6.983, 7.343, 7.367, 8.153, 8.357, 8.554, 8.621, 7.805, 7.245, 7.06, 7.03, 6.92, 6.52, 6.76, 6.39, 5.91, 5.71, 4.95, 4.33, 4.05, 3.91, 4.2, 4.53, 5.94, 6.37, 5.74, 7.12, 7.94, 7.55, 6.96, 5.34, 4.53, 3.574, 3.638, 3.54, 3.604, 3.67, 3.43, 3.23, 2.54, 2.75, 3.4, 2.46, 2.28, 2.48, 3.12, 2.94, 2.29, 1.96, 1.89