[[0, 0.89, 1.89, 3.7, 5.29, 5.3, 3.6, 2.63, 1.84, 2.32, 2.62, 2.87, 2.85, 2.99, 2.86, 2.91, 3.01, 3.11, 3.0, 3.34, 3.62, 3.54, 3.47, 3.16, 2.44, 2.74, 3.67, 5.33, 6.56, 5.9, 5.42, 5.21, 5.49, 6.16, 6.2, 5.8, 6.18, 6.27, 4.89, 3.31, 2.75, 2.93, 2.58, 2.79, 2.66, 2.72, 2.4, 2.68, 3.08, 2.65, 2.47, 2.56, 2.83, 2.86, 3.11, 2.11, 1.98, 1.79, 1.98, 2.04, 2.35, 2.65, 3.43, 3.73, 4.4, 3.99, 3.59, 4.37, 4.36, 3.69, 3.61, 3.31, 2.66, 2.55, 2.38, 1.43, 0.91, 1.44, 1.66, 1.12, 1.17, 2.24, 3.93, 5.319, 5.269, 6.119], [0.89, 0, 1.48, 3.41, 5.04, 5.03, 3.13, 2.04, 1.53, 2.03, 2.35, 2.72, 3.06, 3.12, 3.17, 3.34, 3.52, 3.54, 3.25, 3.51, 3.87, 3.89, 3.82, 3.59, 2.55, 2.77, 3.42, 5.14, 6.31, 5.75, 5.19, 5.02, 5.32, 5.97, 6.03, 5.59, 5.95, 6.06, 4.68, 3.14, 2.72, 3.1, 2.89, 3.24, 2.95, 2.83, 2.75, 2.99, 3.31, 2.9, 2.68, 2.67, 3.04, 3.31, 3.28, 2.28, 1.87, 1.6, 1.85, 1.87, 2.12, 2.72, 3.7, 4.06, 4.73, 4.32, 3.98, 4.6, 4.67, 4.0, 4.06, 3.68, 3.07, 2.96, 2.49, 1.6, 0.86, 1.13, 1.31, 1.11, 1.38, 2.07, 3.7, 4.966, 4.996, 5.846], [1.89, 1.48, 0, 2.69, 4.38, 4.35, 2.39, 1.72, 2.11, 2.75, 2.95, 3.38, 3.78, 3.98, 4.19, 4.38, 4.52, 4.52, 4.15, 4.35, 4.77, 4.81, 4.74, 4.55, 3.55, 3.29, 3.52, 4.6, 5.79, 5.23, 4.71, 4.52, 4.82, 5.47, 5.53, 5.05, 5.39, 5.5, 4.12, 3.2, 3.42, 3.96, 3.95, 4.32, 3.89, 3.73, 3.69, 3.95, 4.07, 3.6, 3.36, 3.51, 4.06, 4.37, 4.42, 3.08, 2.13, 1.96, 2.29, 2.49, 2.96, 3.3, 4.54, 5.18, 5.85, 5.4, 5.0, 5.76, 5.85, 5.1, 5.2, 4.8, 4.27, 4.12, 3.71, 2.62, 1.88, 1.29, 1.13, 1.93, 2.34, 2.55, 3.44, 4.39, 4.58, 5.49], [3.7, 3.41, 2.69, 0, 2.09, 1.98, 1.32, 2.03, 2.88, 4.04, 4.84, 5.11, 5.43, 5.77, 6.12, 6.13, 6.05, 6.07, 5.46, 5.74, 6.22, 6.24, 6.27, 6.12, 4.82, 4.14, 3.51, 3.05, 3.7, 3.2, 2.74, 2.67, 2.83, 3.5, 3.78, 3.3, 3.3, 3.41, 2.57, 3.11, 3.93, 5.09, 5.7, 6.09, 5.48, 5.18, 5.3, 5.46, 5.3, 4.85, 4.79, 4.92, 5.45, 6.0, 6.55, 5.27, 3.18, 3.05, 3.12, 3.6, 4.37, 5.23, 6.47, 6.95, 7.74, 7.21, 6.89, 7.85, 7.8, 7.07, 7.09, 6.77, 6.14, 5.89, 5.56, 4.73, 3.97, 3.04, 2.72, 3.48, 3.77, 2.98, 2.03, 2.88, 3.11, 3.74], [5.29, 5.04, 4.38, 2.09, 0, 0.93, 2.35, 3.48, 4.53, 5.73, 6.55, 6.68, 6.98, 7.34, 7.57, 7.6, 7.32, 7.36, 6.65, 6.89, 7.37, 7.47, 7.44, 7.39, 6.01, 5.21, 4.28, 2.8, 2.43, 2.31, 2.29, 2.46, 2.44, 2.55, 2.99, 2.95, 2.57, 2.56, 2.94, 4.06, 5.14, 6.34, 7.11, 7.54, 6.77, 6.37, 6.53, 6.67, 6.15, 5.7, 5.86, 5.97, 6.6, 7.33, 8.1, 7.0, 4.89, 4.7, 4.75, 5.21, 6.02, 6.84, 8.12, 8.64, 9.31, 8.88, 8.48, 9.42, 9.43, 8.9, 8.66, 8.28, 7.51, 7.36, 7.13, 6.3, 5.74, 4.59, 4.45, 5.03, 5.28, 4.27, 2.7, 2.69, 2.96, 3.37], [5.3, 5.03, 4.35, 1.98, 0.93, 0, 2.2, 3.49, 4.36, 5.64, 6.46, 6.69, 6.79, 7.21, 7.52, 7.43, 7.09, 7.05, 6.34, 6.52, 7.02, 7.12, 7.13, 7.1, 5.76, 4.88, 3.91, 2.47, 2.22, 2.02, 2.06, 2.09, 2.07, 2.22, 2.68, 2.58, 2.44, 2.45, 2.67, 3.69, 4.79, 6.05, 6.88, 7.35, 6.44, 6.04, 6.2, 6.32, 5.74, 5.31, 5.49, 5.62, 6.25, 7.04, 8.07, 6.89, 4.82, 4.61, 4.64, 5.12, 5.93, 6.75, 8.03, 8.55, 9.22, 8.71, 8.33, 9.31, 9.22, 8.73, 8.61, 8.27, 7.6, 7.25, 7.02, 6.31, 5.63, 4.58, 4.34, 4.96, 5.29, 4.16, 2.47, 2.48, 2.79, 3.18], [3.6, 3.13, 2.39, 1.32, 2.35, 2.2, 0, 1.47, 2.78, 3.76, 4.52, 4.65, 5.31, 5.49, 5.74, 5.91, 5.77, 5.65, 5.1, 5.28, 5.72, 5.88, 5.91, 5.78, 4.48, 3.74, 2.73, 2.65, 3.76, 3.18, 2.7, 2.49, 2.81, 3.4, 3.56, 3.06, 3.3, 3.41, 2.21, 2.41, 3.37, 4.57, 5.34, 5.77, 4.98, 4.62, 4.82, 4.94, 4.64, 4.23, 4.15, 4.28, 4.87, 5.64, 6.07, 4.85, 2.74, 2.59, 2.66, 3.22, 3.83, 4.85, 6.09, 6.67, 7.48, 7.05, 6.65, 7.63, 7.6, 7.05, 6.99, 6.61, 5.9, 5.65, 5.24, 4.39, 3.61, 2.62, 2.36, 3.14, 3.47, 2.68, 2.01, 2.98, 3.35, 3.92], [2.63, 2.04, 1.72, 2.03, 3.48, 3.49, 1.47, 0, 1.67, 2.71, 3.37, 3.44, 4.2, 4.4, 4.65, 4.92, 4.9, 4.8, 4.37, 4.59, 5.05, 5.13, 5.1, 4.91, 3.67, 3.07, 2.66, 3.76, 4.93, 4.35, 3.85, 3.62, 3.92, 4.53, 4.69, 4.19, 4.45, 4.54, 3.22, 2.38, 2.72, 3.72, 4.33, 4.74, 4.07, 3.89, 3.99, 4.19, 4.15, 3.72, 3.48, 3.65, 4.18, 4.71, 4.98, 3.78, 1.91, 1.68, 1.83, 2.33, 2.74, 3.74, 5.2, 5.8, 6.51, 6.1, 5.7, 6.52, 6.51, 6.0, 5.98, 5.54, 4.93, 4.76, 4.23, 3.38, 2.58, 1.83, 1.71, 2.27, 2.68, 2.03, 2.5, 3.51, 3.72, 4.53], [1.84, 1.53, 2.11, 2.88, 4.53, 4.36, 2.78, 1.67, 0, 1.46, 2.3, 2.57, 2.81, 3.13, 3.52, 3.65, 3.73, 3.71, 3.46, 3.62, 4.06, 4.12, 4.07, 3.76, 2.6, 2.58, 3.29, 4.79, 5.78, 5.26, 4.74, 4.61, 4.93, 5.54, 5.72, 5.22, 5.4, 5.55, 4.27, 2.81, 2.53, 2.77, 3.18, 3.51, 3.14, 2.98, 2.94, 3.24, 3.46, 3.17, 2.87, 2.96, 3.33, 3.6, 3.95, 2.89, 1.78, 1.63, 1.86, 1.68, 1.99, 2.85, 4.27, 4.71, 5.42, 4.83, 4.45, 5.15, 5.16, 4.69, 4.69, 4.25, 3.72, 3.57, 3.04, 2.29, 1.83, 1.88, 2.02, 1.6, 1.87, 2.02, 2.99, 4.14, 4.15, 5.04], [2.32, 2.03, 2.75, 4.04, 5.73, 5.64, 3.76, 2.71, 1.46, 0, 1.02, 1.31, 1.99, 2.19, 2.54, 2.75, 3.13, 3.15, 3.3, 3.42, 3.72, 3.72, 3.73, 3.3, 2.88, 3.44, 4.39, 5.95, 7.04, 6.5, 6.0, 5.85, 6.17, 6.76, 6.86, 6.36, 6.64, 6.75, 5.43, 3.93, 3.35, 2.71, 2.72, 2.95, 2.82, 2.82, 2.6, 3.12, 3.68, 3.49, 3.37, 3.56, 3.21, 3.04, 2.77, 1.95, 2.04, 1.93, 1.86, 1.36, 1.25, 1.81, 3.13, 3.63, 4.3, 3.75, 3.49, 4.11, 4.18, 3.55, 3.61, 3.15, 2.58, 2.47, 1.86, 1.67, 1.81, 2.38, 2.7, 2.06, 1.99, 2.86, 4.33, 5.48, 5.49, 6.36], [2.62, 2.35, 2.95, 4.84, 6.55, 6.46, 4.52, 3.37, 2.3, 1.02, 0, 1.07, 1.83, 2.05, 2.3, 2.63, 2.97, 3.13, 3.32, 3.46, 3.62, 3.66, 3.71, 3.26, 3.36, 4.08, 5.19, 6.81, 7.94, 7.34, 6.88, 6.71, 7.01, 7.66, 7.74, 7.24, 7.56, 7.65, 6.31, 4.79, 4.15, 3.33, 2.74, 3.01, 3.02, 2.96, 2.8, 3.38, 4.02, 3.81, 3.85, 4.02, 3.41, 2.96, 2.47, 1.79, 2.58, 2.51, 2.46, 1.76, 1.61, 1.61, 2.75, 3.19, 3.72, 3.35, 3.21, 3.49, 3.52, 2.85, 2.95, 2.71, 2.14, 2.17, 1.76, 1.91, 2.01, 2.8, 3.04, 2.48, 2.41, 3.46, 5.15, 6.42, 6.43, 7.3], [2.87, 2.72, 3.38, 5.11, 6.68, 6.69, 4.65, 3.44, 2.57, 1.31, 1.07, 0, 1.4, 1.46, 1.69, 2.04, 2.54, 2.7, 3.35, 3.27, 3.25, 3.37, 3.4, 3.07, 3.45, 4.25, 5.2, 6.82, 8.07, 7.51, 6.97, 6.74, 7.04, 7.69, 7.75, 7.27, 7.63, 7.72, 6.36, 4.8, 4.16, 3.26, 2.51, 2.54, 2.81, 2.89, 2.75, 3.41, 3.99, 3.9, 3.86, 4.03, 3.36, 2.71, 1.98, 1.6, 2.67, 2.74, 2.51, 2.35, 1.44, 1.04, 2.16, 2.7, 3.27, 2.84, 2.68, 3.34, 3.39, 2.88, 2.88, 2.26, 1.79, 1.66, 1.41, 2.0, 2.42, 2.89, 3.21, 2.57, 2.5, 3.63, 5.36, 6.49, 6.5, 7.37], [2.85, 3.06, 3.78, 5.43, 6.98, 6.79, 5.31, 4.2, 2.81, 1.99, 1.83, 1.4, 0, 0.74, 1.21, 1.38, 1.82, 1.98, 2.79, 2.75, 2.53, 2.69, 2.86, 2.49, 3.09, 3.97, 4.98, 6.68, 7.85, 7.39, 6.77, 6.64, 6.94, 7.55, 7.61, 7.13, 7.47, 7.56, 6.2, 4.66, 4.02, 2.98, 1.95, 1.76, 2.37, 2.51, 2.25, 2.91, 3.51, 3.56, 3.38, 3.59, 2.84, 2.03, 1.9, 2.12, 3.47, 3.44, 3.25, 3.05, 2.26, 1.42, 2.16, 2.46, 3.03, 2.56, 2.14, 2.82, 2.73, 2.7, 2.92, 2.28, 2.17, 1.9, 1.57, 2.36, 2.96, 3.45, 3.87, 2.89, 2.76, 3.83, 5.28, 6.41, 6.34, 7.19], [2.99, 3.12, 3.98, 5.77, 7.34, 7.21, 5.49, 4.4, 3.13, 2.19, 2.05, 1.46, 0.74, 0, 0.91, 1.28, 1.98, 2.22, 3.03, 2.97, 2.63, 2.87, 3.0, 2.69, 3.49, 4.47, 5.44, 7.1, 8.35, 7.91, 7.23, 7.08, 7.38, 7.95, 8.01, 7.55, 7.91, 8.0, 6.64, 5.06, 4.42, 3.4, 2.11, 1.84, 2.51, 2.63, 2.49, 3.11, 3.71, 3.7, 3.58, 3.71, 2.98, 2.05, 1.5, 2.06, 3.65, 3.6, 3.47, 3.27, 2.38, 1.3, 1.64, 1.94, 2.61, 2.02, 1.7, 2.34, 2.35, 2.28, 2.52, 1.92, 2.03, 1.72, 1.55, 2.32, 2.98, 3.55, 3.89, 3.01, 2.82, 4.23, 5.8, 6.83, 6.84, 7.75], [2.86, 3.17, 4.19, 6.12, 7.57, 7.52, 5.74, 4.65, 3.52, 2.54, 2.3, 1.69, 1.21, 0.91, 0, 1.07, 1.89, 2.05, 3.0, 3.0, 2.6, 2.82, 2.95, 2.62, 3.7, 4.74, 5.67, 7.37, 8.7, 8.2, 7.56, 7.31, 7.59, 8.2, 8.24, 7.84, 8.2, 8.31, 6.93, 5.35, 4.63, 3.55, 2.0, 1.73, 2.48, 2.74, 2.5, 2.98, 3.7, 3.57, 3.47, 3.68, 2.99, 1.9, 1.13, 1.87, 3.78, 3.77, 3.7, 3.54, 2.51, 1.37, 1.31, 1.65, 2.14, 1.67, 1.35, 2.07, 2.2, 2.01, 2.15, 1.49, 1.52, 1.41, 1.46, 2.05, 2.93, 3.68, 4.06, 3.16, 2.85, 4.44, 6.15, 7.24, 7.23, 8.1], [2.91, 3.34, 4.38, 6.13, 7.6, 7.43, 5.91, 4.92, 3.65, 2.75, 2.63, 2.04, 1.38, 1.28, 1.07, 0, 1.2, 1.36, 2.35, 2.35, 1.85, 2.11, 2.18, 1.89, 3.07, 4.09, 5.1, 6.82, 8.05, 7.55, 6.91, 6.74, 7.0, 7.65, 7.65, 7.29, 7.65, 7.76, 6.4, 4.82, 4.06, 2.96, 1.51, 1.14, 2.03, 2.27, 1.85, 2.37, 3.07, 2.88, 2.94, 3.03, 2.3, 1.45, 1.42, 2.0, 3.89, 3.9, 3.85, 3.67, 2.72, 1.7, 1.82, 2.26, 2.59, 2.12, 1.8, 2.54, 2.43, 2.24, 2.4, 1.74, 1.79, 1.68, 1.67, 2.08, 3.04, 3.79, 4.15, 3.23, 2.9, 4.29, 5.66, 6.99, 6.86, 7.63], [3.01, 3.52, 4.52, 6.05, 7.32, 7.09, 5.77, 4.9, 3.73, 3.13, 2.97, 2.54, 1.82, 1.98, 1.89, 1.2, 0, 0.6, 1.35, 1.43, 1.09, 1.17, 1.24, 0.97, 1.97, 3.05, 4.16, 5.9, 7.15, 6.67, 5.97, 5.86, 6.14, 6.75, 6.77, 6.37, 6.73, 6.84, 5.5, 4.1, 3.22, 2.22, 1.51, 1.42, 1.69, 1.75, 1.39, 1.61, 2.29, 2.3, 2.26, 2.31, 1.66, 1.23, 2.46, 2.38, 4.01, 4.08, 3.97, 3.93, 3.02, 2.02, 2.62, 3.1, 3.57, 3.08, 2.74, 3.54, 3.37, 3.076, 3.06, 2.46, 2.27, 2.18, 2.21, 2.46, 3.34, 4.05, 4.17, 3.33, 2.7, 3.81, 4.94, 6.47, 6.56, 7.01], [3.11, 3.54, 4.52, 6.07, 7.36, 7.05, 5.65, 4.8, 3.71, 3.15, 3.13, 2.7, 1.98, 2.22, 2.05, 1.36, 0.6, 0, 1.17, 1.29, 1.13, 1.15, 1.2, 1.01, 1.91, 2.89, 3.84, 5.7, 6.89, 6.45, 5.81, 5.58, 5.82, 6.43, 6.43, 6.07, 6.47, 6.54, 5.24, 3.9, 2.9, 2.04, 1.55, 1.38, 1.59, 1.71, 1.33, 1.43, 2.05, 2.1, 2.04, 2.11, 1.6, 1.41, 2.62, 2.4, 4.03, 4.12, 4.03, 4.03, 3.04, 2.16, 2.88, 3.36, 3.801, 3.26, 2.92, 3.72, 3.53, 3.344, 3.48, 2.84, 2.51, 2.26, 2.19, 2.44, 3.36, 4.11, 4.25, 3.45, 2.84, 3.85, 4.84, 6.33, 6.46, 6.83], [3.0, 3.25, 4.15, 5.46, 6.65, 6.34, 5.1, 4.37, 3.46, 3.3, 3.32, 3.35, 2.79, 3.03, 3.0, 2.35, 1.35, 1.17, 0, 0.64, 1.1, 1.06, 1.07, 1.16, 1.34, 2.04, 2.91, 4.79, 5.92, 5.5, 4.94, 4.71, 4.99, 5.52, 5.52, 5.12, 5.58, 5.61, 4.33, 3.23, 2.25, 1.93, 1.86, 2.19, 1.56, 1.32, 1.24, 1.02, 1.26, 1.59, 1.37, 1.4, 1.01, 1.9, 3.67, 2.81, 3.88, 3.93, 4.02, 4.08, 3.33, 2.85, 3.69, 4.27, 4.8, 4.289, 3.93, 4.75, 4.58, 4.314, 4.27, 3.69, 3.24, 3.13, 2.98, 2.61, 3.25, 3.88, 3.84, 3.2, 2.63, 3.26, 4.17, 5.82, 6.07, 6.2], [3.34, 3.51, 4.35, 5.74, 6.89, 6.52, 5.28, 4.59, 3.62, 3.42, 3.46, 3.27, 2.75, 2.97, 3.0, 2.35, 1.43, 1.29, 0.64, 0, 0.86, 0.98, 0.81, 1.04, 1.62, 2.14, 3.03, 5.05, 6.1, 5.58, 5.18, 4.95, 5.21, 5.66, 5.64, 5.22, 5.8, 5.75, 4.57, 3.43, 2.53, 2.13, 1.94, 2.23, 1.68, 1.5, 1.44, 1.2, 1.48, 1.83, 1.65, 1.68, 1.21, 1.92, 3.63, 2.91, 4.16, 4.15, 4.22, 4.3, 3.43, 2.87, 3.71, 4.31, 4.8, 4.29, 3.91, 4.71, 4.54, 4.35, 4.268, 3.71, 3.38, 3.25, 3.12, 2.79, 3.57, 4.14, 4.06, 3.44, 2.89, 3.48, 4.37, 5.98, 6.29, 6.36], [3.62, 3.87, 4.77, 6.22, 7.37, 7.02, 5.72, 5.05, 4.06, 3.72, 3.62, 3.25, 2.53, 2.63, 2.6, 1.85, 1.09, 1.13, 1.1, 0.86, 0, 0.66, 0.73, 1.0, 1.78, 2.64, 3.67, 5.45, 6.54, 6.14, 5.62, 5.51, 5.85, 6.3, 6.18, 5.66, 6.12, 6.19, 5.11, 3.95, 2.97, 2.33, 1.96, 1.95, 1.92, 1.8, 1.62, 1.44, 1.98, 2.17, 2.05, 1.92, 1.45, 1.64, 3.05, 2.97, 4.56, 4.55, 4.6, 4.64, 3.69, 2.71, 3.29, 3.83, 4.24, 3.73, 3.37, 4.15, 3.96, 3.79, 3.81, 3.17, 3.2, 3.09, 2.92, 3.01, 3.83, 4.5, 4.54, 3.82, 3.25, 3.94, 4.87, 6.5, 6.77, 6.88], [3.54, 3.89, 4.81, 6.24, 7.47, 7.12, 5.88, 5.13, 4.12, 3.72, 3.66, 3.37, 2.69, 2.87, 2.82, 2.11, 1.17, 1.15, 1.06, 0.98, 0.66, 0, 0.51, 0.94, 1.72, 2.56, 3.73, 5.51, 6.74, 6.2, 5.82, 5.59, 5.93, 6.36, 6.18, 5.64, 6.14, 6.23, 5.21, 4.11, 3.15, 2.35, 2.06, 2.05, 2.06, 2.02, 1.7, 1.52, 2.06, 2.29, 2.23, 2.2, 1.65, 1.84, 3.29, 2.97, 4.46, 4.53, 4.52, 4.52, 3.65, 2.79, 3.43, 3.97, 4.4, 3.87, 3.55, 4.41, 4.16, 3.91, 3.95, 3.37, 3.22, 3.03, 2.96, 2.99, 3.83, 4.54, 4.54, 3.74, 3.19, 3.96, 4.91, 6.66, 6.85, 7.04], [3.47, 3.82, 4.74, 6.27, 7.44, 7.13, 5.91, 5.1, 4.07, 3.73, 3.71, 3.4, 2.86, 3.0, 2.95, 2.18, 1.24, 1.2, 1.07, 0.81, 0.73, 0.51, 0, 0.81, 1.69, 2.45, 3.62, 5.5, 6.71, 6.15, 5.77, 5.54, 5.86, 6.27, 6.09, 5.59, 6.13, 6.18, 5.18, 4.08, 3.1, 2.3, 1.95, 2.06, 1.89, 1.95, 1.61, 1.49, 2.03, 2.28, 2.18, 2.09, 1.62, 1.89, 3.4, 2.88, 4.49, 4.54, 4.55, 4.57, 3.68, 2.9, 3.58, 4.02, 4.51, 4.02, 3.7, 4.5, 4.31, 4.04, 4.0, 3.4, 3.19, 3.06, 3.03, 2.92, 3.8, 4.47, 4.47, 3.71, 3.18, 3.97, 4.9, 6.61, 6.82, 7.03], [3.16, 3.59, 4.55, 6.12, 7.39, 7.1, 5.78, 4.91, 3.76, 3.3, 3.26, 3.07, 2.49, 2.69, 2.62, 1.89, 0.97, 1.01, 1.16, 1.04, 1.0, 0.94, 0.81, 0, 1.56, 2.7, 3.81, 5.49, 6.72, 6.34, 5.74, 5.59, 5.91, 6.34, 6.14, 5.62, 6.1, 6.23, 5.21, 3.97, 2.91, 2.01, 1.64, 1.81, 1.72, 1.82, 1.42, 1.28, 2.04, 2.23, 2.09, 2.06, 1.47, 1.54, 3.17, 2.59, 4.12, 4.15, 4.1, 4.14, 3.25, 2.59, 3.31, 3.83, 4.3, 3.79, 3.45, 4.25, 4.08, 3.85, 3.79, 3.21, 2.9, 2.85, 2.76, 2.53, 3.45, 4.2, 4.3, 3.44, 2.85, 3.88, 4.85, 6.4, 6.53, 6.9], [2.44, 2.55, 3.55, 4.82, 6.01, 5.76, 4.48, 3.67, 2.6, 2.88, 3.36, 3.45, 3.09, 3.49, 3.7, 3.07, 1.97, 1.91, 1.34, 1.62, 1.78, 1.72, 1.69, 1.56, 0, 1.34, 2.65, 4.25, 5.52, 5.04, 4.48, 4.41, 4.75, 5.26, 5.1, 4.6, 4.96, 5.11, 4.01, 2.77, 1.87, 1.55, 2.46, 2.81, 2.06, 1.78, 1.52, 1.36, 1.68, 1.79, 1.49, 1.42, 1.55, 2.64, 4.373, 3.261, 3.2, 3.19, 3.3, 3.44, 3.11, 3.31, 4.39, 4.921, 5.471, 4.975, 4.627, 5.459, 5.297, 4.952, 4.901, 4.336, 3.72, 3.504, 3.3, 2.65, 2.71, 3.2, 3.26, 2.42, 2.05, 2.56, 3.49, 5.12, 5.35, 5.58], [2.74, 2.77, 3.29, 4.14, 5.21, 4.88, 3.74, 3.07, 2.58, 3.44, 4.08, 4.25, 3.97, 4.47, 4.74, 4.09, 3.05, 2.89, 2.04, 2.14, 2.64, 2.56, 2.45, 2.7, 1.34, 0, 1.57, 3.51, 4.64, 3.98, 3.72, 3.45, 3.73, 4.18, 4.1, 3.72, 4.28, 4.19, 3.13, 2.11, 1.63, 2.33, 3.52, 3.91, 3.0, 2.6, 2.56, 2.34, 2.12, 2.27, 1.99, 1.82, 2.45, 3.74, 5.373, 4.241, 2.86, 2.81, 3.02, 3.34, 3.57, 4.15, 5.324, 5.861, 6.451, 5.973, 5.607, 6.502, 6.28, 5.962, 5.881, 5.359, 4.68, 4.473, 4.266, 3.556, 3.09, 2.98, 2.96, 2.46, 2.57, 2.06, 2.75, 4.54, 4.87, 4.88], [3.67, 3.42, 3.52, 3.51, 4.28, 3.91, 2.73, 2.66, 3.29, 4.39, 5.19, 5.2, 4.98, 5.44, 5.67, 5.1, 4.16, 3.84, 2.91, 3.03, 3.67, 3.73, 3.62, 3.81, 2.65, 1.57, 0, 2.18, 3.35, 2.85, 2.41, 2.04, 2.28, 2.73, 2.79, 2.41, 2.95, 2.88, 1.78, 1.48, 1.78, 2.9, 4.27, 4.68, 3.85, 3.33, 3.41, 3.09, 2.29, 2.54, 2.32, 2.29, 3.02, 4.57, 6.28, 5.28, 3.37, 3.18, 3.35, 3.93, 4.36, 5.12, 6.42, 7.02, 7.57, 7.02, 6.66, 7.46, 7.27, 7.12, 7.06, 6.48, 5.81, 5.62, 5.19, 4.6, 4.06, 3.21, 3.27, 3.51, 3.76, 2.75, 2.36, 3.83, 4.16, 4.25], [5.33, 5.14, 4.6, 3.05, 2.8, 2.47, 2.65, 3.76, 4.79, 5.95, 6.81, 6.82, 6.68, 7.1, 7.37, 6.82, 5.9, 5.7, 4.79, 5.05, 5.45, 5.51, 5.5, 5.49, 4.25, 3.51, 2.18, 0, 1.71, 1.57, 1.03, 0.86, 1.12, 1.29, 1.19, 0.79, 1.11, 1.24, 0.84, 2.18, 2.96, 4.2, 5.79, 6.22, 5.39, 4.89, 5.07, 4.61, 3.91, 4.12, 3.92, 3.93, 4.62, 6.13, 7.92, 6.98, 4.97, 4.78, 4.89, 5.31, 6.0, 6.78, 8.06, 8.66, 9.21, 8.66, 8.3, 9.1, 8.91, 8.76, 8.7, 8.12, 7.45, 7.26, 6.79, 6.24, 5.8, 4.65, 4.57, 5.13, 5.54, 4.37, 2.34, 2.93, 3.36, 3.53], [6.56, 6.31, 5.79, 3.7, 2.43, 2.22, 3.76, 4.93, 5.78, 7.04, 7.94, 8.07, 7.85, 8.35, 8.7, 8.05, 7.15, 6.89, 5.92, 6.1, 6.54, 6.74, 6.71, 6.72, 5.52, 4.64, 3.35, 1.71, 0, 1.16, 1.26, 1.63, 1.63, 1.44, 1.64, 1.64, 1.3, 1.35, 1.93, 3.51, 4.25, 5.77, 7.22, 7.63, 6.8, 6.26, 6.38, 6.04, 5.28, 5.47, 5.29, 5.2, 5.97, 7.42, 9.27, 8.29, 6.24, 6.01, 6.08, 6.5, 7.23, 8.01, 9.35, 9.95, 10.5, 9.99, 9.61, 10.39, 10.22, 10.05, 9.99, 9.41, 8.74, 8.55, 8.14, 7.55, 7.01, 5.86, 5.8, 6.36, 6.71, 5.48, 3.17, 2.9, 3.07, 3.12], [5.9, 5.75, 5.23, 3.2, 2.31, 2.02, 3.18, 4.35, 5.26, 6.5, 7.34, 7.51, 7.39, 7.91, 8.2, 7.55, 6.67, 6.45, 5.5, 5.58, 6.14, 6.2, 6.15, 6.34, 5.04, 3.98, 2.85, 1.57, 1.16, 0, 1.06, 1.19, 1.23, 1.24, 1.4, 1.58, 1.5, 1.43, 1.65, 3.27, 4.03, 5.57, 6.94, 7.31, 6.4, 5.92, 5.96, 5.76, 4.88, 4.95, 4.97, 4.82, 5.71, 7.14, 8.77, 7.75, 5.7, 5.47, 5.54, 5.96, 6.69, 7.49, 8.83, 9.35, 9.96, 9.47, 9.09, 9.93, 9.74, 9.43, 9.35, 8.79, 8.1, 7.93, 7.66, 7.03, 6.45, 5.3, 5.22, 5.76, 6.05, 4.78, 2.55, 2.78, 3.05, 3.08], [5.42, 5.19, 4.71, 2.74, 2.29, 2.06, 2.7, 3.85, 4.74, 6.0, 6.88, 6.97, 6.77, 7.23, 7.56, 6.91, 5.97, 5.81, 4.94, 5.18, 5.62, 5.82, 5.77, 5.74, 4.48, 3.72, 2.41, 1.03, 1.26, 1.06, 0, 0.83, 0.91, 1.14, 1.42, 1.18, 1.02, 1.07, 0.97, 2.41, 3.23, 4.63, 6.06, 6.51, 5.66, 5.12, 5.24, 4.92, 4.28, 4.37, 4.19, 4.14, 4.83, 6.28, 8.13, 7.15, 5.1, 4.87, 4.96, 5.4, 6.11, 6.89, 8.21, 8.81, 9.36, 8.85, 8.47, 9.25, 9.08, 8.91, 8.85, 8.27, 7.6, 7.41, 7.0, 6.41, 5.87, 4.72, 4.66, 5.22, 5.59, 4.42, 2.15, 2.46, 2.75, 2.88], [5.21, 5.02, 4.52, 2.67, 2.46, 2.09, 2.49, 3.62, 4.61, 5.85, 6.71, 6.74, 6.64, 7.08, 7.31, 6.74, 5.86, 5.58, 4.71, 4.95, 5.51, 5.59, 5.54, 5.59, 4.41, 3.45, 2.04, 0.86, 1.63, 1.19, 0.83, 0, 0.56, 1.01, 1.25, 1.11, 1.37, 1.3, 0.84, 2.26, 3.0, 4.48, 5.87, 6.26, 5.43, 4.91, 4.99, 4.67, 3.81, 4.06, 3.9, 3.99, 4.62, 6.17, 7.86, 6.88, 4.85, 4.66, 4.79, 5.21, 5.88, 6.68, 8.0, 8.6, 9.15, 8.6, 8.24, 9.04, 8.85, 8.7, 8.64, 8.06, 7.39, 7.2, 6.77, 6.18, 5.68, 4.55, 4.47, 5.03, 5.42, 4.27, 2.1, 2.79, 3.08, 3.19], [5.49, 5.32, 4.82, 2.83, 2.44, 2.07, 2.81, 3.92, 4.93, 6.17, 7.01, 7.04, 6.94, 7.38, 7.59, 7.0, 6.14, 5.82, 4.99, 5.21, 5.85, 5.93, 5.86, 5.91, 4.75, 3.73, 2.28, 1.12, 1.63, 1.23, 0.91, 0.56, 0, 0.83, 1.13, 1.29, 1.41, 1.36, 1.12, 2.52, 3.28, 4.78, 6.13, 6.52, 5.69, 5.17, 5.25, 4.95, 4.05, 4.32, 4.18, 4.27, 4.9, 6.41, 8.12, 7.14, 5.11, 4.96, 5.09, 5.51, 6.16, 6.96, 8.26, 8.86, 9.41, 8.86, 8.5, 9.3, 9.11, 8.96, 8.9, 8.32, 7.65, 7.46, 7.03, 6.44, 5.94, 4.81, 4.77, 5.33, 5.7, 4.57, 2.38, 2.85, 3.22, 3.25], [6.16, 5.97, 5.47, 3.5, 2.55, 2.22, 3.4, 4.53, 5.54, 6.76, 7.66, 7.69, 7.55, 7.95, 8.2, 7.65, 6.75, 6.43, 5.52, 5.66, 6.3, 6.36, 6.27, 6.34, 5.26, 4.18, 2.73, 1.29, 1.44, 1.24, 1.14, 1.01, 0.83, 0, 0.76, 1.3, 1.3, 1.27, 1.47, 3.01, 3.71, 5.17, 6.66, 7.09, 6.26, 5.78, 5.92, 5.52, 4.6, 4.99, 4.77, 4.8, 5.47, 7.02, 8.77, 7.81, 5.8, 5.61, 5.74, 6.16, 6.85, 7.65, 8.95, 9.55, 10.1, 9.55, 9.19, 9.99, 9.8, 9.65, 9.59, 9.01, 8.34, 8.15, 7.68, 7.13, 6.63, 5.48, 5.42, 5.98, 6.37, 5.22, 2.99, 3.18, 3.51, 3.6], [6.2, 6.03, 5.53, 3.78, 2.99, 2.68, 3.56, 4.69, 5.72, 6.86, 7.74, 7.75, 7.61, 8.01, 8.24, 7.65, 6.77, 6.43, 5.52, 5.64, 6.18, 6.18, 6.09, 6.14, 5.1, 4.1, 2.79, 1.19, 1.64, 1.4, 1.42, 1.25, 1.13, 0.76, 0, 0.92, 1.3, 1.29, 1.63, 3.01, 3.61, 4.95, 6.66, 7.09, 6.26, 5.78, 5.92, 5.44, 4.62, 5.01, 4.79, 4.74, 5.47, 7.02, 8.77, 7.83, 5.82, 5.67, 5.82, 6.24, 6.87, 7.67, 8.95, 9.55, 10.1, 9.55, 9.19, 9.99, 9.8, 9.65, 9.59, 9.01, 8.36, 8.15, 7.68, 7.13, 6.65, 5.5, 5.48, 6.04, 6.41, 5.3, 3.25, 3.52, 3.87, 3.98], [5.8, 5.59, 5.05, 3.3, 2.95, 2.58, 3.06, 4.19, 5.22, 6.36, 7.24, 7.27, 7.13, 7.55, 7.84, 7.29, 6.37, 6.07, 5.12, 5.22, 5.66, 5.64, 5.59, 5.62, 4.6, 3.72, 2.41, 0.79, 1.64, 1.58, 1.18, 1.11, 1.29, 1.3, 0.92, 0, 0.96, 1.05, 1.21, 2.53, 3.23, 4.45, 6.26, 6.69, 5.86, 5.38, 5.56, 5.0, 4.34, 4.63, 4.41, 4.34, 5.07, 6.6, 8.41, 7.47, 5.44, 5.25, 5.32, 5.74, 6.45, 7.23, 8.55, 9.15, 9.7, 9.15, 8.79, 9.59, 9.4, 9.25, 9.19, 8.61, 7.94, 7.75, 7.28, 6.73, 6.27, 5.12, 5.04, 5.6, 5.99, 4.8, 2.77, 3.42, 3.75, 3.88], [6.18, 5.95, 5.39, 3.3, 2.57, 2.44, 3.3, 4.45, 5.4, 6.64, 7.56, 7.63, 7.47, 7.91, 8.2, 7.65, 6.73, 6.47, 5.58, 5.8, 6.12, 6.14, 6.13, 6.1, 4.96, 4.28, 2.95, 1.11, 1.3, 1.5, 1.02, 1.37, 1.41, 1.3, 1.3, 0.96, 0, 0.65, 1.39, 2.87, 3.63, 4.85, 6.66, 7.09, 6.26, 5.78, 5.94, 5.38, 4.8, 5.03, 4.79, 4.74, 5.45, 7.0, 8.79, 7.85, 5.82, 5.63, 5.7, 6.1, 6.81, 7.59, 8.95, 9.55, 10.1, 9.55, 9.19, 9.99, 9.8, 9.65, 9.59, 9.01, 8.34, 8.15, 7.68, 7.13, 6.63, 5.48, 5.42, 5.98, 6.35, 5.12, 2.85, 2.9, 3.21, 3.3], [6.27, 6.06, 5.5, 3.41, 2.56, 2.45, 3.41, 4.54, 5.55, 6.75, 7.65, 7.72, 7.56, 8.0, 8.31, 7.76, 6.84, 6.54, 5.61, 5.75, 6.19, 6.23, 6.18, 6.23, 5.11, 4.19, 2.88, 1.24, 1.35, 1.43, 1.07, 1.3, 1.36, 1.27, 1.29, 1.05, 0.65, 0, 1.44, 2.96, 3.7, 4.96, 6.75, 7.18, 6.35, 5.87, 6.03, 5.49, 4.83, 5.12, 4.88, 4.83, 5.54, 7.09, 8.88, 7.94, 5.91, 5.72, 5.79, 6.19, 6.92, 7.7, 9.04, 9.64, 10.19, 9.64, 9.28, 10.08, 9.89, 9.74, 9.68, 9.1, 8.43, 8.24, 7.77, 7.22, 6.74, 5.59, 5.51, 6.07, 6.46, 5.21, 3.02, 2.95, 3.22, 3.29], [4.89, 4.68, 4.12, 2.57, 2.94, 2.67, 2.21, 3.22, 4.27, 5.43, 6.31, 6.36, 6.2, 6.64, 6.93, 6.4, 5.5, 5.24, 4.33, 4.57, 5.11, 5.21, 5.18, 5.21, 4.01, 3.13, 1.78, 0.84, 1.93, 1.65, 0.97, 0.84, 1.12, 1.47, 1.63, 1.21, 1.39, 1.44, 0, 1.68, 2.52, 3.96, 5.35, 5.8, 4.95, 4.47, 4.65, 4.29, 3.65, 3.92, 3.5, 3.55, 4.22, 5.71, 7.5, 6.56, 4.53, 4.34, 4.41, 4.81, 5.54, 6.32, 7.64, 8.24, 8.79, 8.24, 7.88, 8.68, 8.49, 8.34, 8.28, 7.7, 7.03, 6.84, 6.37, 5.82, 5.36, 4.21, 4.13, 4.69, 5.08, 3.87, 1.84, 2.59, 3.02, 3.19], [3.31, 3.14, 3.2, 3.11, 4.06, 3.69, 2.41, 2.38, 2.81, 3.93, 4.79, 4.8, 4.66, 5.06, 5.35, 4.82, 4.1, 3.9, 3.23, 3.43, 3.95, 4.11, 4.08, 3.97, 2.77, 2.11, 1.48, 2.18, 3.51, 3.27, 2.41, 2.26, 2.52, 3.01, 3.01, 2.53, 2.87, 2.96, 1.68, 0, 1.22, 2.48, 3.81, 4.24, 3.43, 2.97, 3.09, 2.91, 2.73, 2.7, 2.26, 2.49, 2.82, 4.15, 5.92, 4.98, 3.11, 2.9, 3.03, 3.37, 3.96, 4.74, 6.08, 6.68, 7.23, 6.68, 6.32, 7.12, 6.93, 6.78, 6.72, 6.14, 5.47, 5.28, 4.81, 4.26, 3.78, 2.81, 2.73, 3.15, 3.5, 2.51, 1.78, 3.09, 3.38, 3.57], [2.75, 2.72, 3.42, 3.93, 5.14, 4.79, 3.37, 2.72, 2.53, 3.35, 4.15, 4.16, 4.02, 4.42, 4.63, 4.06, 3.22, 2.9, 2.25, 2.53, 2.97, 3.15, 3.1, 2.91, 1.87, 1.63, 1.78, 2.96, 4.25, 4.03, 3.23, 3.0, 3.28, 3.71, 3.61, 3.23, 3.63, 3.7, 2.52, 1.22, 0, 1.6, 3.11, 3.52, 2.69, 2.25, 2.37, 2.01, 2.13, 2.42, 1.8, 1.87, 2.0, 3.43, 5.2, 4.26, 2.95, 2.9, 2.93, 3.17, 3.3, 4.06, 5.38, 5.98, 6.53, 5.98, 5.62, 6.42, 6.23, 6.08, 6.02, 5.44, 4.79, 4.58, 4.11, 3.56, 3.12, 2.95, 3.03, 2.63, 2.82, 2.29, 2.68, 3.95, 4.24, 4.49], [2.93, 3.1, 3.96, 5.09, 6.34, 6.05, 4.57, 3.72, 2.77, 2.71, 3.33, 3.26, 2.98, 3.4, 3.55, 2.96, 2.22, 2.04, 1.93, 2.13, 2.33, 2.35, 2.3, 2.01, 1.55, 2.33, 2.9, 4.2, 5.77, 5.57, 4.63, 4.48, 4.78, 5.17, 4.95, 4.45, 4.85, 4.96, 3.96, 2.48, 1.6, 0, 1.85, 2.24, 1.67, 1.57, 1.39, 1.33, 1.97, 2.22, 1.76, 1.93, 1.64, 2.33, 3.98, 3.1, 3.13, 3.2, 3.25, 3.25, 2.58, 3.04, 4.14, 4.7, 5.25, 4.7, 4.34, 5.14, 4.95, 4.8, 4.74, 4.18, 3.61, 3.36, 2.83, 2.54, 3.04, 3.43, 3.69, 2.85, 2.52, 3.03, 4.0, 5.19, 5.3, 5.81], [2.58, 2.89, 3.95, 5.7, 7.11, 6.88, 5.34, 4.33, 3.18, 2.72, 2.74, 2.51, 1.95, 2.11, 2.0, 1.51, 1.51, 1.55, 1.86, 1.94, 1.96, 2.06, 1.95, 1.64, 2.46, 3.52, 4.27, 5.79, 7.22, 6.94, 6.06, 5.87, 6.13, 6.66, 6.66, 6.26, 6.66, 6.75, 5.35, 3.81, 3.11, 1.85, 0, 0.71, 1.0, 1.5, 1.16, 1.56, 2.28, 2.29, 2.09, 2.3, 1.53, 1.2, 2.31, 1.79, 3.46, 3.57, 3.6, 3.62, 2.57, 2.07, 2.65, 3.01, 3.44, 2.93, 2.59, 3.37, 3.16, 3.01, 2.95, 2.43, 2.16, 2.03, 1.52, 1.77, 2.81, 3.46, 3.66, 2.84, 2.51, 3.74, 5.17, 6.2, 5.99, 6.92], [2.79, 3.24, 4.32, 6.09, 7.54, 7.35, 5.77, 4.74, 3.51, 2.95, 3.01, 2.54, 1.76, 1.84, 1.73, 1.14, 1.42, 1.38, 2.19, 2.23, 1.95, 2.05, 2.06, 1.81, 2.81, 3.91, 4.68, 6.22, 7.63, 7.31, 6.51, 6.26, 6.52, 7.09, 7.09, 6.69, 7.09, 7.18, 5.8, 4.24, 3.52, 2.24, 0.71, 0, 1.19, 1.81, 1.49, 1.97, 2.59, 2.58, 2.44, 2.57, 1.86, 1.29, 1.98, 1.88, 3.77, 3.84, 3.87, 3.83, 2.8, 2.02, 2.36, 2.72, 3.01, 2.5, 2.28, 2.96, 2.73, 2.6, 2.74, 2.16, 2.19, 1.92, 1.41, 1.96, 3.02, 3.75, 4.01, 3.13, 2.8, 4.19, 5.58, 6.67, 6.5, 7.35], [2.66, 2.95, 3.89, 5.48, 6.77, 6.44, 4.98, 4.07, 3.14, 2.82, 3.02, 2.81, 2.37, 2.51, 2.48, 2.03, 1.69, 1.59, 1.56, 1.68, 1.92, 2.06, 1.89, 1.72, 2.06, 3.0, 3.85, 5.39, 6.8, 6.4, 5.66, 5.43, 5.69, 6.26, 6.26, 5.86, 6.26, 6.35, 4.95, 3.43, 2.69, 1.67, 1.0, 1.19, 0, 0.92, 0.88, 1.3, 1.98, 1.87, 1.69, 1.84, 1.31, 1.32, 2.77, 2.05, 3.42, 3.53, 3.6, 3.64, 2.65, 2.25, 3.03, 3.41, 3.84, 3.33, 3.05, 3.79, 3.62, 3.43, 3.39, 2.89, 2.64, 2.45, 1.9, 1.93, 2.87, 3.46, 3.66, 2.86, 2.39, 3.2, 4.51, 5.64, 5.87, 6.36], [2.72, 2.83, 3.73, 5.18, 6.37, 6.04, 4.62, 3.89, 2.98, 2.82, 2.96, 2.89, 2.51, 2.63, 2.74, 2.27, 1.75, 1.71, 1.32, 1.5, 1.8, 2.02, 1.95, 1.82, 1.78, 2.6, 3.33, 4.89, 6.26, 5.92, 5.12, 4.91, 5.17, 5.78, 5.78, 5.38, 5.78, 5.87, 4.47, 2.97, 2.25, 1.57, 1.5, 1.81, 0.92, 0, 0.84, 0.96, 1.56, 1.61, 1.39, 1.48, 0.85, 1.6, 3.09, 2.37, 3.42, 3.43, 3.6, 3.68, 2.83, 2.35, 3.29, 3.79, 4.32, 3.77, 3.41, 4.21, 4.08, 3.87, 3.81, 3.23, 2.88, 2.79, 2.28, 2.23, 2.89, 3.32, 3.46, 2.78, 2.37, 2.9, 4.03, 5.3, 5.67, 5.92], [2.4, 2.75, 3.69, 5.3, 6.53, 6.2, 4.82, 3.99, 2.94, 2.6, 2.8, 2.75, 2.25, 2.49, 2.5, 1.85, 1.39, 1.33, 1.24, 1.44, 1.62, 1.7, 1.61, 1.42, 1.52, 2.56, 3.41, 5.07, 6.38, 5.96, 5.24, 4.99, 5.25, 5.92, 5.92, 5.56, 5.94, 6.03, 4.65, 3.09, 2.37, 1.39, 1.16, 1.49, 0.88, 0.84, 0, 0.9, 1.56, 1.57, 1.41, 1.58, 0.91, 1.38, 2.91, 2.05, 3.22, 3.31, 3.4, 3.44, 2.59, 2.21, 3.11, 3.63, 4.18, 3.63, 3.27, 4.07, 3.9, 3.73, 3.67, 3.09, 2.62, 2.51, 2.18, 1.87, 2.63, 3.24, 3.44, 2.62, 2.15, 3.02, 4.21, 5.56, 5.71, 6.12], [2.68, 2.99, 3.95, 5.46, 6.67, 6.32, 4.94, 4.19, 3.24, 3.12, 3.38, 3.41, 2.91, 3.11, 2.98, 2.37, 1.61, 1.43, 1.02, 1.2, 1.44, 1.52, 1.49, 1.28, 1.36, 2.34, 3.09, 4.61, 6.04, 5.76, 4.92, 4.67, 4.95, 5.52, 5.44, 5.0, 5.38, 5.49, 4.29, 2.91, 2.01, 1.33, 1.56, 1.97, 1.3, 0.96, 0.9, 0, 1.08, 1.31, 0.99, 1.22, 0.65, 1.68, 3.45, 2.67, 3.62, 3.67, 3.8, 3.9, 3.13, 2.89, 3.69, 4.25, 4.74, 4.19, 3.83, 4.63, 4.44, 4.29, 4.23, 3.65, 3.16, 3.01, 2.74, 2.25, 2.93, 3.54, 3.64, 2.96, 2.45, 3.18, 4.15, 5.56, 5.79, 6.02], [3.08, 3.31, 4.07, 5.3, 6.15, 5.74, 4.64, 4.15, 3.46, 3.68, 4.02, 3.99, 3.51, 3.71, 3.7, 3.07, 2.29, 2.05, 1.26, 1.48, 1.98, 2.06, 2.03, 2.04, 1.68, 2.12, 2.29, 3.91, 5.28, 4.88, 4.28, 3.81, 4.05, 4.6, 4.62, 4.34, 4.8, 4.83, 3.65, 2.73, 2.13, 1.97, 2.28, 2.59, 1.98, 1.56, 1.56, 1.08, 0, 0.89, 0.97, 1.14, 1.05, 2.44, 4.19, 3.33, 4.04, 4.03, 4.24, 4.36, 3.67, 3.57, 4.39, 4.97, 5.5, 4.95, 4.59, 5.39, 5.2, 5.05, 4.99, 4.41, 3.88, 3.73, 3.4, 2.89, 3.33, 3.82, 3.76, 3.3, 2.83, 3.38, 4.13, 5.64, 5.91, 6.0], [2.65, 2.9, 3.6, 4.85, 5.7, 5.31, 4.23, 3.72, 3.17, 3.49, 3.81, 3.9, 3.56, 3.7, 3.57, 2.88, 2.3, 2.1, 1.59, 1.83, 2.17, 2.29, 2.28, 2.23, 1.79, 2.27, 2.54, 4.12, 5.47, 4.95, 4.37, 4.06, 4.32, 4.99, 5.01, 4.63, 5.03, 5.12, 3.92, 2.7, 2.42, 2.22, 2.29, 2.58, 1.87, 1.61, 1.57, 1.31, 0.89, 0, 0.78, 1.09, 1.26, 2.43, 3.92, 3.06, 3.69, 3.68, 3.89, 4.03, 3.5, 3.32, 4.18, 4.7, 5.11, 4.58, 4.24, 5.1, 4.91, 4.7, 4.6, 4.06, 3.51, 3.4, 3.23, 2.5, 2.98, 3.45, 3.27, 2.91, 2.5, 2.97, 3.76, 5.45, 5.8, 5.81], [2.47, 2.68, 3.36, 4.79, 5.86, 5.49, 4.15, 3.48, 2.87, 3.37, 3.85, 3.86, 3.38, 3.58, 3.47, 2.94, 2.26, 2.04, 1.37, 1.65, 2.05, 2.23, 2.18, 2.09, 1.49, 1.99, 2.32, 3.92, 5.29, 4.97, 4.19, 3.9, 4.18, 4.77, 4.79, 4.41, 4.79, 4.88, 3.5, 2.26, 1.8, 1.76, 2.09, 2.44, 1.69, 1.39, 1.41, 0.99, 0.97, 0.78, 0, 0.67, 1.1, 2.33, 4.0, 3.16, 3.51, 3.5, 3.71, 3.89, 3.42, 3.38, 4.24, 4.8, 5.33, 4.78, 4.42, 5.22, 5.03, 4.88, 4.82, 4.24, 3.75, 3.56, 3.23, 2.54, 2.78, 3.19, 3.09, 2.71, 2.32, 2.79, 3.58, 4.95, 5.3, 5.37], [2.56, 2.67, 3.51, 4.92, 5.97, 5.62, 4.28, 3.65, 2.96, 3.56, 4.02, 4.03, 3.59, 3.71, 3.68, 3.03, 2.31, 2.11, 1.4, 1.68, 1.92, 2.2, 2.09, 2.06, 1.42, 1.82, 2.29, 3.93, 5.2, 4.82, 4.14, 3.99, 4.27, 4.8, 4.74, 4.34, 4.74, 4.83, 3.55, 2.49, 1.87, 1.93, 2.3, 2.57, 1.84, 1.48, 1.58, 1.22, 1.14, 1.09, 0.67, 0, 1.19, 2.48, 4.09, 3.25, 3.64, 3.61, 3.82, 4.0, 3.61, 3.51, 4.37, 4.89, 5.42, 4.87, 4.51, 5.33, 5.12, 4.97, 4.91, 4.33, 3.9, 3.71, 3.36, 2.75, 2.83, 3.22, 3.18, 2.74, 2.45, 2.84, 3.63, 5.1, 5.47, 5.48], [2.83, 3.04, 4.06, 5.45, 6.6, 6.25, 4.87, 4.18, 3.33, 3.21, 3.41, 3.36, 2.84, 2.98, 2.99, 2.3, 1.66, 1.6, 1.01, 1.21, 1.45, 1.65, 1.62, 1.47, 1.55, 2.45, 3.02, 4.62, 5.97, 5.71, 4.83, 4.62, 4.9, 5.47, 5.47, 5.07, 5.45, 5.54, 4.22, 2.82, 2.0, 1.64, 1.53, 1.86, 1.31, 0.85, 0.91, 0.65, 1.05, 1.26, 1.1, 1.19, 0, 1.57, 3.38, 2.64, 3.77, 3.78, 3.93, 4.01, 3.24, 2.92, 3.74, 4.2, 4.67, 4.12, 3.76, 4.56, 4.37, 4.22, 4.16, 3.58, 3.19, 3.1, 2.77, 2.46, 3.04, 3.67, 3.69, 3.07, 2.52, 3.19, 4.14, 5.53, 5.78, 5.95], [2.86, 3.31, 4.37, 6.0, 7.33, 7.04, 5.64, 4.71, 3.6, 3.04, 2.96, 2.71, 2.03, 2.05, 1.9, 1.45, 1.23, 1.41, 1.9, 1.92, 1.64, 1.84, 1.89, 1.54, 2.64, 3.74, 4.57, 6.13, 7.42, 7.14, 6.28, 6.17, 6.41, 7.02, 7.02, 6.6, 7.0, 7.09, 5.71, 4.15, 3.43, 2.33, 1.2, 1.29, 1.32, 1.6, 1.38, 1.68, 2.44, 2.43, 2.33, 2.48, 1.57, 0, 1.97, 2.17, 3.86, 3.91, 3.84, 3.88, 2.93, 2.09, 2.45, 2.83, 3.22, 2.65, 2.35, 3.03, 2.9, 2.65, 2.63, 2.07, 2.24, 2.29, 2.02, 2.09, 3.11, 3.84, 4.02, 3.22, 2.63, 3.82, 5.27, 6.38, 6.45, 7.18], [3.11, 3.28, 4.42, 6.55, 8.1, 8.07, 6.07, 4.98, 3.95, 2.77, 2.47, 1.98, 1.9, 1.5, 1.13, 1.42, 2.46, 2.62, 3.67, 3.63, 3.05, 3.29, 3.4, 3.17, 4.373, 5.373, 6.28, 7.92, 9.27, 8.77, 8.13, 7.86, 8.12, 8.77, 8.77, 8.41, 8.79, 8.88, 7.5, 5.92, 5.2, 3.98, 2.31, 1.98, 2.77, 3.09, 2.91, 3.45, 4.19, 3.92, 4.0, 4.09, 3.38, 1.97, 0, 1.74, 3.97, 3.92, 3.89, 3.53, 2.62, 1.76, 1.46, 1.48, 1.73, 1.4, 1.32, 1.74, 1.73, 1.28, 1.4, 1.18, 1.71, 1.78, 1.49, 2.04, 2.84, 3.83, 4.25, 3.47, 3.14, 4.87, 6.8, 7.907, 7.917, 8.787], [2.11, 2.28, 3.08, 5.27, 7.0, 6.89, 4.85, 3.78, 2.89, 1.95, 1.79, 1.6, 2.12, 2.06, 1.87, 2.0, 2.38, 2.4, 2.81, 2.91, 2.97, 2.97, 2.88, 2.59, 3.261, 4.241, 5.28, 6.98, 8.29, 7.75, 7.15, 6.88, 7.14, 7.81, 7.83, 7.47, 7.85, 7.94, 6.56, 4.98, 4.26, 3.1, 1.79, 1.88, 2.05, 2.37, 2.05, 2.67, 3.33, 3.06, 3.16, 3.25, 2.64, 2.17, 1.74, 0, 2.39, 2.58, 2.57, 2.51, 1.5, 1.44, 2.06, 2.5, 2.97, 2.76, 2.4, 3.3, 3.25, 2.64, 2.6, 2.2, 1.75, 1.66, 1.37, 1.04, 1.62, 2.55, 2.73, 2.15, 1.9, 3.57, 5.648, 6.915, 6.925, 7.795], [1.98, 1.87, 2.13, 3.18, 4.89, 4.82, 2.74, 1.91, 1.78, 2.04, 2.58, 2.67, 3.47, 3.65, 3.78, 3.89, 4.01, 4.03, 3.88, 4.16, 4.56, 4.46, 4.49, 4.12, 3.2, 2.86, 3.37, 4.97, 6.24, 5.7, 5.1, 4.85, 5.11, 5.8, 5.82, 5.44, 5.82, 5.91, 4.53, 3.11, 2.95, 3.13, 3.46, 3.77, 3.42, 3.42, 3.22, 3.62, 4.04, 3.69, 3.51, 3.64, 3.77, 3.86, 3.97, 2.39, 0, 0.57, 0.68, 1.5, 1.67, 2.75, 3.79, 4.49, 5.22, 4.89, 4.51, 5.53, 5.5, 4.85, 4.83, 4.43, 3.74, 3.51, 3.16, 2.13, 1.55, 1.54, 1.64, 1.36, 1.73, 2.06, 3.567, 4.86, 4.87, 5.722], [1.79, 1.6, 1.96, 3.05, 4.7, 4.61, 2.59, 1.68, 1.63, 1.93, 2.51, 2.74, 3.44, 3.6, 3.77, 3.9, 4.08, 4.12, 3.93, 4.15, 4.55, 4.53, 4.54, 4.15, 3.19, 2.81, 3.18, 4.78, 6.01, 5.47, 4.87, 4.66, 4.96, 5.61, 5.67, 5.25, 5.63, 5.72, 4.34, 2.9, 2.9, 3.2, 3.57, 3.84, 3.53, 3.43, 3.31, 3.67, 4.03, 3.68, 3.5, 3.61, 3.78, 3.91, 3.92, 2.58, 0.57, 0, 0.73, 1.31, 1.78, 2.78, 3.9, 4.52, 5.27, 4.96, 4.56, 5.36, 5.41, 4.74, 4.76, 4.42, 3.77, 3.56, 3.17, 2.2, 1.42, 1.45, 1.53, 1.39, 1.78, 2.15, 3.357, 4.67, 4.676, 5.566], [1.98, 1.85, 2.29, 3.12, 4.75, 4.64, 2.66, 1.83, 1.86, 1.86, 2.46, 2.51, 3.25, 3.47, 3.7, 3.85, 3.97, 4.03, 4.02, 4.22, 4.6, 4.52, 4.55, 4.1, 3.3, 3.02, 3.35, 4.89, 6.08, 5.54, 4.96, 4.79, 5.09, 5.74, 5.82, 5.32, 5.7, 5.79, 4.41, 3.03, 2.93, 3.25, 3.6, 3.87, 3.6, 3.6, 3.4, 3.8, 4.24, 3.89, 3.71, 3.82, 3.93, 3.84, 3.89, 2.57, 0.68, 0.73, 0, 1.18, 1.83, 2.67, 3.69, 4.37, 5.14, 4.79, 4.41, 5.39, 5.38, 4.77, 4.69, 4.31, 3.62, 3.37, 3.06, 2.27, 1.73, 1.76, 1.7, 1.4, 1.79, 2.1, 3.398, 4.736, 4.746, 5.596], [2.04, 1.87, 2.49, 3.6, 5.21, 5.12, 3.22, 2.33, 1.68, 1.36, 1.76, 2.35, 3.05, 3.27, 3.54, 3.67, 3.93, 4.03, 4.08, 4.3, 4.64, 4.52, 4.57, 4.14, 3.44, 3.34, 3.93, 5.31, 6.5, 5.96, 5.4, 5.21, 5.51, 6.16, 6.24, 5.74, 6.1, 6.19, 4.81, 3.37, 3.17, 3.25, 3.62, 3.83, 3.64, 3.68, 3.44, 3.9, 4.36, 4.03, 3.89, 4.0, 4.01, 3.88, 3.53, 2.51, 1.5, 1.31, 1.18, 0, 1.73, 2.65, 3.75, 4.25, 4.88, 4.49, 4.29, 4.71, 4.72, 3.95, 4.07, 3.83, 3.2, 3.13, 2.68, 2.13, 1.71, 2.22, 2.32, 1.78, 2.15, 2.56, 3.85, 5.139, 5.149, 6.019], [2.35, 2.12, 2.96, 4.37, 6.02, 5.93, 3.83, 2.74, 1.99, 1.25, 1.61, 1.44, 2.26, 2.38, 2.51, 2.72, 3.02, 3.04, 3.33, 3.43, 3.69, 3.65, 3.68, 3.25, 3.11, 3.57, 4.36, 6.0, 7.23, 6.69, 6.11, 5.88, 6.16, 6.85, 6.87, 6.45, 6.81, 6.92, 5.54, 3.96, 3.3, 2.58, 2.57, 2.8, 2.65, 2.83, 2.59, 3.13, 3.67, 3.5, 3.42, 3.61, 3.24, 2.93, 2.62, 1.5, 1.67, 1.78, 1.83, 1.73, 0, 1.56, 2.76, 3.28, 3.97, 3.72, 3.34, 4.22, 4.21, 3.66, 3.6, 3.2, 2.55, 2.36, 1.95, 1.56, 1.74, 2.25, 2.49, 1.87, 1.74, 2.73, 4.674, 5.884, 5.894, 6.764], [2.65, 2.72, 3.3, 5.23, 6.84, 6.75, 4.85, 3.74, 2.85, 1.81, 1.61, 1.04, 1.42, 1.3, 1.37, 1.7, 2.02, 2.16, 2.85, 2.87, 2.71, 2.79, 2.9, 2.59, 3.31, 4.15, 5.12, 6.78, 8.01, 7.49, 6.89, 6.68, 6.96, 7.65, 7.67, 7.23, 7.59, 7.7, 6.32, 4.74, 4.06, 3.04, 2.07, 2.02, 2.25, 2.35, 2.21, 2.89, 3.57, 3.32, 3.38, 3.51, 2.92, 2.09, 1.76, 1.44, 2.75, 2.78, 2.67, 2.65, 1.56, 0, 1.6, 2.24, 3.01, 2.46, 2.1, 2.98, 3.05, 2.56, 2.56, 1.94, 1.71, 1.46, 1.41, 1.76, 2.44, 2.97, 3.11, 2.51, 2.24, 3.69, 5.46, 6.692, 6.72, 7.572], [3.43, 3.7, 4.54, 6.47, 8.12, 8.03, 6.09, 5.2, 4.27, 3.13, 2.75, 2.16, 2.16, 1.64, 1.31, 1.82, 2.62, 2.88, 3.69, 3.71, 3.29, 3.43, 3.58, 3.31, 4.39, 5.324, 6.42, 8.06, 9.35, 8.83, 8.21, 8.0, 8.26, 8.95, 8.95, 8.55, 8.95, 9.04, 7.64, 6.08, 5.38, 4.14, 2.65, 2.36, 3.03, 3.29, 3.11, 3.69, 4.39, 4.18, 4.24, 4.37, 3.74, 2.45, 1.46, 2.06, 3.79, 3.9, 3.69, 3.75, 2.76, 1.6, 0, 0.9, 1.71, 1.34, 1.18, 1.92, 2.13, 1.94, 2.14, 1.6, 1.91, 1.54, 1.97, 2.4, 3.24, 4.11, 4.03, 3.35, 3.02, 4.77, 6.751, 8.066, 8.076, 8.946], [3.73, 4.06, 5.18, 6.95, 8.64, 8.55, 6.67, 5.8, 4.71, 3.63, 3.19, 2.7, 2.46, 1.94, 1.65, 2.26, 3.1, 3.36, 4.27, 4.31, 3.83, 3.97, 4.02, 3.83, 4.921, 5.861, 7.02, 8.66, 9.95, 9.35, 8.81, 8.6, 8.86, 9.55, 9.55, 9.15, 9.55, 9.64, 8.24, 6.68, 5.98, 4.7, 3.01, 2.72, 3.41, 3.79, 3.63, 4.25, 4.97, 4.7, 4.8, 4.89, 4.2, 2.83, 1.48, 2.5, 4.49, 4.52, 4.37, 4.25, 3.28, 2.24, 0.9, 0, 1.11, 1.1, 0.94, 1.34, 1.73, 1.72, 1.88, 1.56, 2.07, 1.74, 2.13, 2.76, 3.62, 4.61, 4.63, 3.81, 3.5, 5.25, 7.308, 8.655, 8.665, 9.535], [4.4, 4.73, 5.85, 7.74, 9.31, 9.22, 7.48, 6.51, 5.42, 4.3, 3.72, 3.27, 3.03, 2.61, 2.14, 2.59, 3.57, 3.801, 4.8, 4.8, 4.24, 4.4, 4.51, 4.3, 5.471, 6.451, 7.57, 9.21, 10.5, 9.96, 9.36, 9.15, 9.41, 10.1, 10.1, 9.7, 10.1, 10.19, 8.79, 7.23, 6.53, 5.25, 3.44, 3.01, 3.84, 4.32, 4.18, 4.74, 5.5, 5.11, 5.33, 5.42, 4.67, 3.22, 1.73, 2.97, 5.22, 5.27, 5.14, 4.88, 3.97, 3.01, 1.71, 1.11, 0, 1.03, 1.25, 1.29, 1.28, 1.77, 1.77, 1.67, 2.16, 2.13, 2.6, 3.37, 4.15, 5.22, 5.48, 4.58, 4.31, 5.86, 7.878, 9.26, 9.223, 10.093], [3.99, 4.32, 5.4, 7.21, 8.88, 8.71, 7.05, 6.1, 4.83, 3.75, 3.35, 2.84, 2.56, 2.02, 1.67, 2.12, 3.08, 3.26, 4.289, 4.29, 3.73, 3.87, 4.02, 3.79, 4.975, 5.973, 7.02, 8.66, 9.99, 9.47, 8.85, 8.6, 8.86, 9.55, 9.55, 9.15, 9.55, 9.64, 8.24, 6.68, 5.98, 4.7, 2.93, 2.5, 3.33, 3.77, 3.63, 4.19, 4.95, 4.58, 4.78, 4.87, 4.12, 2.65, 1.4, 2.76, 4.89, 4.96, 4.79, 4.49, 3.72, 2.46, 1.34, 1.1, 1.03, 0, 1.04, 1.26, 0.97, 1.34, 1.4, 1.2, 1.87, 1.72, 2.15, 2.92, 3.98, 4.93, 5.17, 4.21, 3.94, 5.57, 7.4, 8.672, 8.682, 9.552], [3.59, 3.98, 5.0, 6.89, 8.48, 8.33, 6.65, 5.7, 4.45, 3.49, 3.21, 2.68, 2.14, 1.7, 1.35, 1.8, 2.74, 2.92, 3.93, 3.91, 3.37, 3.55, 3.7, 3.45, 4.627, 5.607, 6.66, 8.3, 9.61, 9.09, 8.47, 8.24, 8.5, 9.19, 9.19, 8.79, 9.19, 9.28, 7.88, 6.32, 5.62, 4.34, 2.59, 2.28, 3.05, 3.41, 3.27, 3.83, 4.59, 4.24, 4.42, 4.51, 3.76, 2.35, 1.32, 2.4, 4.51, 4.56, 4.41, 4.29, 3.34, 2.1, 1.18, 0.94, 1.25, 1.04, 0, 1.08, 1.53, 1.84, 1.86, 1.58, 2.09, 1.82, 2.05, 2.56, 3.62, 4.53, 4.77, 3.95, 3.58, 5.25, 7.02, 8.35, 8.319, 9.189], [4.37, 4.6, 5.76, 7.85, 9.42, 9.31, 7.63, 6.52, 5.15, 4.11, 3.49, 3.34, 2.82, 2.34, 2.07, 2.54, 3.54, 3.72, 4.75, 4.71, 4.15, 4.41, 4.5, 4.25, 5.459, 6.502, 7.46, 9.1, 10.39, 9.93, 9.25, 9.04, 9.3, 9.99, 9.99, 9.59, 9.99, 10.08, 8.68, 7.12, 6.42, 5.14, 3.37, 2.96, 3.79, 4.21, 4.07, 4.63, 5.39, 5.1, 5.22, 5.33, 4.56, 3.03, 1.74, 3.3, 5.53, 5.36, 5.39, 4.71, 4.22, 2.98, 1.92, 1.34, 1.29, 1.26, 1.08, 0, 1.11, 1.6, 1.68, 1.7, 2.41, 2.36, 2.61, 3.4, 4.28, 5.35, 5.73, 4.91, 4.58, 6.27, 7.92, 9.146, 9.116, 10.01], [4.36, 4.67, 5.85, 7.8, 9.43, 9.22, 7.6, 6.51, 5.16, 4.18, 3.52, 3.39, 2.73, 2.35, 2.2, 2.43, 3.37, 3.53, 4.58, 4.54, 3.96, 4.16, 4.31, 4.08, 5.297, 6.28, 7.27, 8.91, 10.22, 9.74, 9.08, 8.85, 9.11, 9.8, 9.8, 9.4, 9.8, 9.89, 8.49, 6.93, 6.23, 4.95, 3.16, 2.73, 3.62, 4.08, 3.9, 4.44, 5.2, 4.91, 5.03, 5.12, 4.37, 2.9, 1.73, 3.25, 5.5, 5.41, 5.38, 4.72, 4.21, 3.05, 2.13, 1.73, 1.28, 0.97, 1.53, 1.11, 0, 1.25, 1.31, 1.71, 2.42, 2.43, 2.6, 3.45, 4.31, 5.38, 5.74, 4.88, 4.57, 6.2, 7.77, 9.02, 8.949, 9.82], [3.69, 4.0, 5.1, 7.07, 8.9, 8.73, 7.05, 6.0, 4.69, 3.55, 2.85, 2.88, 2.7, 2.28, 2.01, 2.24, 3.076, 3.344, 4.314, 4.35, 3.79, 3.91, 4.04, 3.85, 4.952, 5.962, 7.12, 8.76, 10.05, 9.43, 8.91, 8.7, 8.96, 9.65, 9.65, 9.25, 9.65, 9.74, 8.34, 6.78, 6.08, 4.8, 3.01, 2.6, 3.43, 3.87, 3.73, 4.29, 5.05, 4.7, 4.88, 4.97, 4.22, 2.65, 1.28, 2.64, 4.85, 4.74, 4.77, 3.95, 3.66, 2.56, 1.94, 1.72, 1.77, 1.34, 1.84, 1.6, 1.25, 0, 0.86, 1.12, 1.89, 2.08, 2.13, 2.82, 3.62, 4.79, 4.99, 4.27, 3.84, 5.53, 7.44, 8.757, 8.747, 9.617], [3.61, 4.06, 5.2, 7.09, 8.66, 8.61, 6.99, 5.98, 4.69, 3.61, 2.95, 2.88, 2.92, 2.52, 2.15, 2.4, 3.06, 3.48, 4.27, 4.268, 3.81, 3.95, 4.0, 3.79, 4.901, 5.881, 7.06, 8.7, 9.99, 9.35, 8.85, 8.64, 8.9, 9.59, 9.59, 9.19, 9.59, 9.68, 8.28, 6.72, 6.02, 4.74, 2.95, 2.74, 3.39, 3.81, 3.67, 4.23, 4.99, 4.6, 4.82, 4.91, 4.16, 2.63, 1.4, 2.6, 4.83, 4.76, 4.69, 4.07, 3.6, 2.56, 2.14, 1.88, 1.77, 1.4, 1.86, 1.68, 1.31, 0.86, 0, 1.1, 1.73, 1.94, 2.21, 2.82, 3.66, 4.77, 5.01, 4.15, 3.72, 5.31, 7.36, 8.694, 8.684, 9.553], [3.31, 3.68, 4.8, 6.77, 8.28, 8.27, 6.61, 5.54, 4.25, 3.15, 2.71, 2.26, 2.28, 1.92, 1.49, 1.74, 2.46, 2.84, 3.69, 3.71, 3.17, 3.37, 3.4, 3.21, 4.336, 5.359, 6.48, 8.12, 9.41, 8.79, 8.27, 8.06, 8.32, 9.01, 9.01, 8.61, 9.01, 9.1, 7.7, 6.14, 5.44, 4.18, 2.43, 2.16, 2.89, 3.23, 3.09, 3.65, 4.41, 4.06, 4.24, 4.33, 3.58, 2.07, 1.18, 2.2, 4.43, 4.42, 4.31, 3.83, 3.2, 1.94, 1.6, 1.56, 1.67, 1.2, 1.58, 1.7, 1.71, 1.12, 1.1, 0, 1.11, 1.4, 1.63, 2.36, 3.34, 4.31, 4.65, 3.67, 3.44, 5.01, 6.84, 8.097, 8.107, 8.997], [2.66, 3.07, 4.27, 6.14, 7.51, 7.6, 5.9, 4.93, 3.72, 2.58, 2.14, 1.79, 2.17, 2.03, 1.52, 1.79, 2.27, 2.51, 3.24, 3.38, 3.2, 3.22, 3.19, 2.9, 3.72, 4.68, 5.81, 7.45, 8.74, 8.1, 7.6, 7.39, 7.65, 8.34, 8.36, 7.94, 8.34, 8.43, 7.03, 5.47, 4.79, 3.61, 2.16, 2.19, 2.64, 2.88, 2.62, 3.16, 3.88, 3.51, 3.75, 3.9, 3.19, 2.24, 1.71, 1.75, 3.74, 3.77, 3.62, 3.2, 2.55, 1.71, 1.91, 2.07, 2.16, 1.87, 2.09, 2.41, 2.42, 1.89, 1.73, 1.11, 0, 0.75, 1.28, 1.87, 2.71, 3.64, 3.98, 2.98, 2.67, 4.18, 6.15, 7.447, 7.457, 8.307], [2.55, 2.96, 4.12, 5.89, 7.36, 7.25, 5.65, 4.76, 3.57, 2.47, 2.17, 1.66, 1.9, 1.72, 1.41, 1.68, 2.18, 2.26, 3.13, 3.25, 3.09, 3.03, 3.06, 2.85, 3.504, 4.473, 5.62, 7.26, 8.55, 7.93, 7.41, 7.2, 7.46, 8.15, 8.15, 7.75, 8.15, 8.24, 6.84, 5.28, 4.58, 3.36, 2.03, 1.92, 2.45, 2.79, 2.51, 3.01, 3.73, 3.4, 3.56, 3.71, 3.1, 2.29, 1.78, 1.66, 3.51, 3.56, 3.37, 3.13, 2.36, 1.46, 1.54, 1.74, 2.13, 1.72, 1.82, 2.36, 2.43, 2.08, 1.94, 1.4, 0.75, 0, 1.05, 1.72, 2.56, 3.49, 3.71, 2.77, 2.46, 4.05, 5.92, 7.272, 7.262, 8.132], [2.38, 2.49, 3.71, 5.56, 7.13, 7.02, 5.24, 4.23, 3.04, 1.86, 1.76, 1.41, 1.57, 1.55, 1.46, 1.67, 2.21, 2.19, 2.98, 3.12, 2.92, 2.96, 3.03, 2.76, 3.3, 4.266, 5.19, 6.79, 8.14, 7.66, 7.0, 6.77, 7.03, 7.68, 7.68, 7.28, 7.68, 7.77, 6.37, 4.81, 4.11, 2.83, 1.52, 1.41, 1.9, 2.28, 2.18, 2.74, 3.4, 3.23, 3.23, 3.36, 2.77, 2.02, 1.49, 1.37, 3.16, 3.17, 3.06, 2.68, 1.95, 1.41, 1.97, 2.13, 2.6, 2.15, 2.05, 2.61, 2.6, 2.13, 2.21, 1.63, 1.28, 1.05, 0, 1.49, 2.21, 3.02, 3.48, 2.52, 2.39, 3.9, 5.69, 6.82, 6.83, 7.7], [1.43, 1.6, 2.62, 4.73, 6.3, 6.31, 4.39, 3.38, 2.29, 1.67, 1.91, 2.0, 2.36, 2.32, 2.05, 2.08, 2.46, 2.44, 2.61, 2.79, 3.01, 2.99, 2.92, 2.53, 2.65, 3.556, 4.6, 6.24, 7.55, 7.03, 6.41, 6.18, 6.44, 7.13, 7.13, 6.73, 7.13, 7.22, 5.82, 4.26, 3.56, 2.54, 1.77, 1.96, 1.93, 2.23, 1.87, 2.25, 2.89, 2.5, 2.54, 2.75, 2.46, 2.09, 2.04, 1.04, 2.13, 2.2, 2.27, 2.13, 1.56, 1.76, 2.4, 2.76, 3.37, 2.92, 2.56, 3.4, 3.45, 2.82, 2.82, 2.36, 1.87, 1.72, 1.49, 0, 1.26, 2.15, 2.43, 1.77, 1.38, 3.15, 5.0, 6.249, 6.259, 7.129], [0.91, 0.86, 1.88, 3.97, 5.74, 5.63, 3.61, 2.58, 1.83, 1.81, 2.01, 2.42, 2.96, 2.98, 2.93, 3.04, 3.34, 3.36, 3.25, 3.57, 3.83, 3.83, 3.8, 3.45, 2.71, 3.09, 4.06, 5.8, 7.01, 6.45, 5.87, 5.68, 5.94, 6.63, 6.65, 6.27, 6.63, 6.74, 5.36, 3.78, 3.12, 3.04, 2.81, 3.02, 2.87, 2.89, 2.63, 2.93, 3.33, 2.98, 2.78, 2.83, 3.04, 3.11, 2.84, 1.62, 1.55, 1.42, 1.73, 1.71, 1.74, 2.44, 3.24, 3.62, 4.15, 3.98, 3.62, 4.28, 4.31, 3.62, 3.66, 3.34, 2.71, 2.56, 2.21, 1.26, 0, 1.31, 1.55, 1.05, 1.08, 2.41, 4.397, 5.683, 5.693, 6.563], [1.44, 1.13, 1.29, 3.04, 4.59, 4.58, 2.62, 1.83, 1.88, 2.38, 2.8, 2.89, 3.45, 3.55, 3.68, 3.79, 4.05, 4.11, 3.88, 4.14, 4.5, 4.54, 4.47, 4.2, 3.2, 2.98, 3.21, 4.65, 5.86, 5.3, 4.72, 4.55, 4.81, 5.48, 5.5, 5.12, 5.48, 5.59, 4.21, 2.81, 2.95, 3.43, 3.46, 3.75, 3.46, 3.32, 3.24, 3.54, 3.82, 3.45, 3.19, 3.22, 3.67, 3.84, 3.83, 2.55, 1.54, 1.45, 1.76, 2.22, 2.25, 2.97, 4.11, 4.61, 5.22, 4.93, 4.53, 5.35, 5.38, 4.79, 4.77, 4.31, 3.64, 3.49, 3.02, 2.15, 1.31, 0, 0.86, 1.2, 1.77, 2.22, 3.31, 4.537, 4.55, 5.42], [1.66, 1.31, 1.13, 2.72, 4.45, 4.34, 2.36, 1.71, 2.02, 2.7, 3.04, 3.21, 3.87, 3.89, 4.06, 4.15, 4.17, 4.25, 3.84, 4.06, 4.54, 4.54, 4.47, 4.3, 3.26, 2.96, 3.27, 4.57, 5.8, 5.22, 4.66, 4.47, 4.77, 5.42, 5.48, 5.04, 5.42, 5.51, 4.13, 2.73, 3.03, 3.69, 3.66, 4.01, 3.66, 3.46, 3.44, 3.64, 3.76, 3.27, 3.09, 3.18, 3.69, 4.02, 4.25, 2.73, 1.64, 1.53, 1.7, 2.32, 2.49, 3.11, 4.03, 4.63, 5