[[0, 0.68, 1.01, 1.51, 1.6, 2.2, 1.9, 1.91, 1.45, 2.49, 4.58, 5.79, 7.19, 6.9, 4.05, 1.87, 1.77, 1.96, 1.85, 2.28, 2.21, 2.44, 3.12, 2.93, 2.46, 2.66, 2.45, 2.41, 2.37, 2.54, 3.01, 3.84, 4.29, 4.4, 3.94, 3.89, 3.89, 3.72, 4.0, 4.42, 5.54, 6.95, 6.883, 6.66, 6.51, 7.319, 8.109, 7.396, 5.89, 5.41, 5.72, 6.28, 6.65, 6.62, 6.23, 5.26, 4.7, 3.94, 3.73, 3.44, 2.61, 2.78, 2.79, 2.73, 3.52, 3.53, 3.24, 2.91, 2.98, 3.76, 4.95, 5.96, 5.66, 5.21, 4.41, 2.87, 2.5, 2.61, 3.13, 2.79, 1.96, 1.94, 2.29, 2.45, 2.82, 2.9], [0.68, 0, 1.05, 1.63, 1.4, 1.82, 1.62, 1.73, 1.57, 2.81, 4.94, 6.17, 7.57, 7.28, 4.43, 1.83, 1.57, 1.88, 1.79, 2.02, 1.93, 2.2, 2.86, 2.71, 2.16, 2.38, 2.19, 2.09, 2.01, 2.18, 2.67, 3.52, 3.91, 4.04, 3.56, 3.55, 3.53, 3.32, 3.56, 4.06, 5.18, 6.59, 6.523, 6.3, 6.15, 6.956, 7.746, 7.033, 5.51, 5.11, 5.42, 6.14, 6.61, 6.6, 6.17, 5.22, 4.76, 3.98, 3.65, 3.38, 2.73, 3.08, 2.99, 2.45, 3.18, 3.23, 2.9, 2.55, 2.64, 3.4, 4.59, 5.58, 5.3, 4.83, 4.03, 2.59, 2.44, 2.65, 3.17, 2.65, 2.04, 2.06, 2.21, 2.43, 2.86, 2.92], [1.01, 1.05, 0, 0.96, 1.13, 1.99, 1.89, 2.32, 2.0, 2.52, 4.39, 5.62, 7.02, 6.77, 3.84, 1.64, 1.82, 2.07, 2.16, 2.29, 2.18, 2.43, 3.05, 2.84, 2.55, 2.79, 2.42, 2.3, 2.36, 2.71, 2.94, 3.85, 4.26, 4.45, 4.01, 3.88, 3.96, 3.93, 4.15, 4.63, 5.71, 7.06, 7.03, 6.77, 6.62, 7.435, 8.225, 7.51, 6.02, 6.02, 6.39, 7.01, 7.5, 7.47, 7.02, 6.05, 5.47, 4.73, 4.44, 4.21, 3.22, 3.23, 3.16, 3.34, 4.05, 4.1, 3.77, 3.38, 3.11, 3.79, 5.06, 6.13, 5.79, 5.32, 4.62, 3.22, 3.21, 3.32, 3.76, 3.4, 2.59, 2.53, 2.84, 2.96, 3.19, 3.13], [1.51, 1.63, 0.96, 0, 1.09, 2.21, 2.13, 2.48, 1.96, 2.4, 4.07, 5.28, 6.66, 6.39, 3.44, 1.72, 1.88, 2.01, 2.14, 2.19, 2.1, 2.41, 2.97, 2.76, 2.47, 2.59, 2.26, 2.26, 2.44, 2.89, 3.22, 4.166, 4.7, 4.87, 4.39, 4.22, 4.42, 4.45, 4.57, 5.09, 6.17, 7.5, 7.45, 7.21, 7.08, 7.889, 8.679, 7.95, 6.58, 6.56, 6.87, 7.47, 7.88, 7.85, 7.44, 6.49, 5.89, 5.17, 4.9, 4.65, 3.58, 3.27, 3.12, 3.84, 4.61, 4.66, 4.33, 3.92, 3.65, 4.25, 5.5, 6.53, 6.23, 5.76, 5.08, 3.7, 3.67, 3.7, 4.18, 3.84, 3.03, 2.87, 3.2, 3.26, 3.41, 3.37], [1.6, 1.4, 1.13, 1.09, 0, 1.34, 1.38, 1.85, 1.73, 3.01, 4.9, 6.15, 7.55, 7.22, 4.39, 1.71, 1.45, 1.76, 1.85, 1.82, 1.57, 1.64, 2.18, 2.09, 1.8, 1.94, 1.57, 1.75, 1.85, 2.22, 2.51, 3.42, 3.97, 4.18, 3.7, 3.55, 3.67, 3.58, 3.68, 4.22, 5.46, 6.738, 6.7, 6.445, 6.295, 7.125, 7.915, 7.2, 5.87, 5.71, 6.16, 6.9, 7.49, 7.46, 7.01, 6.08, 5.5, 4.76, 4.47, 4.3, 3.37, 3.24, 3.17, 3.19, 3.76, 3.73, 3.48, 3.09, 3.0, 3.62, 4.75, 5.74, 5.44, 4.97, 4.27, 3.19, 3.32, 3.49, 4.03, 3.47, 2.76, 2.62, 2.91, 3.05, 3.18, 3.28], [2.2, 1.82, 1.99, 2.21, 1.34, 0, 0.78, 1.79, 2.33, 3.83, 6.04, 7.29, 8.65, 8.4, 5.49, 2.41, 1.85, 2.24, 2.47, 2.24, 1.91, 1.52, 1.68, 1.61, 1.7, 1.74, 1.35, 1.53, 1.47, 1.72, 1.63, 2.2, 2.75, 3.0, 2.54, 2.43, 2.57, 2.84, 2.86, 3.5, 4.36, 5.51, 5.5, 5.22, 5.03, 5.848, 6.638, 5.92, 4.99, 5.23, 5.96, 6.68, 7.31, 7.34, 6.85, 5.9, 5.46, 4.74, 4.35, 4.14, 3.93, 4.02, 4.07, 3.07, 3.38, 3.31, 3.04, 2.55, 2.54, 2.78, 3.57, 4.54, 4.26, 4.13, 3.63, 2.91, 3.16, 3.49, 3.79, 3.33, 2.94, 2.86, 2.91, 3.05, 3.4, 3.82], [1.9, 1.62, 1.89, 2.13, 1.38, 0.78, 0, 1.23, 1.93, 3.75, 5.96, 7.19, 8.59, 8.32, 5.45, 2.31, 1.55, 1.96, 2.17, 1.98, 1.65, 1.4, 1.7, 1.39, 1.48, 1.68, 1.01, 1.21, 1.31, 1.6, 1.51, 2.3, 2.87, 3.02, 2.56, 2.43, 2.47, 2.5, 2.66, 3.26, 4.3, 5.59, 5.6, 5.3, 5.15, 5.971, 6.761, 6.04, 4.73, 4.85, 5.54, 6.26, 6.89, 6.92, 6.43, 5.52, 5.1, 4.34, 3.95, 3.64, 3.53, 3.7, 3.71, 2.63, 2.96, 2.99, 2.66, 2.23, 2.16, 2.66, 3.63, 4.62, 4.3, 3.87, 3.29, 2.53, 2.86, 3.15, 3.51, 2.89, 2.56, 2.56, 2.55, 2.79, 3.18, 3.6], [1.91, 1.73, 2.32, 2.48, 1.85, 1.79, 1.23, 0, 1.24, 3.44, 5.57, 6.8, 8.2, 7.85, 5.04, 2.14, 1.28, 1.55, 1.64, 1.75, 1.4, 1.57, 1.93, 1.84, 1.49, 1.67, 1.24, 1.44, 1.44, 1.53, 2.18, 2.95, 3.46, 3.623, 3.13, 3.06, 3.1, 2.81, 3.09, 3.55, 4.85, 6.245, 6.181, 5.978, 5.82, 6.646, 7.436, 6.703, 5.04, 4.3, 4.63, 5.41, 5.96, 6.01, 5.62, 4.81, 4.51, 3.83, 3.32, 3.07, 3.2, 3.19, 3.18, 1.84, 2.37, 2.72, 2.11, 1.96, 2.09, 3.03, 4.28, 5.175, 4.938, 4.399, 3.36, 2.22, 2.51, 2.82, 3.14, 2.46, 2.25, 2.27, 2.18, 2.34, 2.75, 3.41], [1.45, 1.57, 2.0, 1.96, 1.73, 2.33, 1.93, 1.24, 0, 2.52, 4.63, 5.86, 7.26, 6.91, 4.1, 1.88, 1.52, 1.51, 1.52, 1.77, 1.84, 2.11, 2.77, 2.72, 2.07, 2.35, 2.18, 2.34, 2.32, 2.51, 3.2, 4.07, 4.54, 4.723, 4.23, 4.14, 4.2, 3.83, 4.17, 4.63, 5.95, 7.345, 7.278, 7.069, 6.92, 7.746, 8.536, 7.803, 6.12, 5.16, 5.19, 5.69, 6.04, 6.01, 5.64, 4.71, 4.13, 3.53, 3.26, 3.11, 2.34, 2.29, 2.28, 2.18, 3.25, 3.52, 2.99, 2.76, 2.91, 3.93, 5.36, 6.275, 6.023, 5.459, 4.38, 2.84, 2.37, 2.52, 3.08, 2.54, 1.83, 1.65, 1.9, 2.04, 2.33, 2.61], [2.49, 2.81, 2.52, 2.4, 3.01, 3.83, 3.75, 3.44, 2.52, 0, 2.31, 3.56, 4.92, 4.87, 2.44, 2.66, 2.88, 2.93, 2.84, 3.43, 3.46, 3.83, 4.55, 4.2, 3.99, 4.17, 3.96, 3.74, 3.66, 3.81, 4.56, 5.59, 6.1, 6.31, 5.89, 5.86, 5.9, 5.73, 6.09, 6.69, 7.69, 8.98, 8.962, 8.73, 8.6, 9.33, 10.12, 9.37, 7.86, 7.08, 6.79, 6.67, 6.86, 6.91, 6.52, 5.53, 4.75, 4.55, 4.52, 3.71, 2.58, 2.07, 2.3, 3.68, 5.29, 5.84, 5.03, 4.8, 4.59, 5.55, 7.04, 8.23, 7.89, 7.3, 6.4, 4.64, 3.35, 3.12, 3.36, 3.4, 2.61, 2.19, 2.74, 2.94, 2.71, 2.15], [4.58, 4.94, 4.39, 4.07, 4.9, 6.04, 5.96, 5.57, 4.63, 2.31, 0, 1.51, 2.93, 2.88, 2.57, 3.87, 4.61, 4.32, 4.09, 4.68, 4.95, 5.6, 6.42, 6.09, 5.76, 5.82, 5.91, 5.85, 5.79, 5.9, 6.69, 7.72, 8.25, 8.46, 8.12, 8.09, 8.13, 7.88, 8.26, 8.88, 9.92, 11.19, 11.192, 10.96, 10.83, 11.5, 12.29, 11.54, 10.07, 9.19, 8.56, 8.46, 8.15, 7.94, 7.53, 6.54, 5.78, 6.04, 6.13, 5.0, 3.63, 3.3, 3.39, 5.53, 7.46, 8.03, 7.18, 6.97, 6.76, 7.76, 9.23, 10.46, 10.12, 9.49, 8.57, 6.87, 5.4, 5.05, 5.01, 5.53, 4.86, 4.2, 4.77, 4.75, 4.38, 3.4], [5.79, 6.17, 5.62, 5.28, 6.15, 7.29, 7.19, 6.8, 5.86, 3.56, 1.51, 0, 1.92, 1.81, 2.46, 5.1, 5.84, 5.55, 5.32, 5.61, 6.08, 6.83, 7.65, 7.32, 6.97, 7.01, 7.14, 7.1, 7.04, 7.21, 8.04, 9.07, 9.58, 9.77, 9.41, 9.38, 9.36, 9.13, 9.51, 10.09, 11.19, 12.52, 12.513, 12.27, 12.1, 12.85, 13.64, 12.89, 11.3, 10.34, 9.71, 9.45, 9.1, 8.55, 8.1, 7.11, 6.43, 6.848, 7.1, 5.91, 4.48, 4.19, 4.28, 6.6, 8.63, 9.2, 8.33, 8.18, 7.99, 9.09, 10.56, 11.69, 11.35, 10.72, 9.82, 8.1, 6.63, 6.28, 6.32, 6.76, 6.05, 5.41, 5.94, 5.78, 5.37, 4.45], [7.19, 7.57, 7.02, 6.66, 7.55, 8.65, 8.59, 8.2, 7.26, 4.92, 2.93, 1.92, 0, 0.93, 3.4, 6.48, 7.24, 6.95, 6.72, 7.03, 7.48, 8.23, 9.05, 8.76, 8.37, 8.41, 8.54, 8.5, 8.46, 8.59, 9.38, 10.41, 10.94, 11.15, 10.75, 10.72, 10.74, 10.57, 10.91, 11.49, 12.55, 13.84, 13.839, 13.59, 13.46, 14.15, 14.94, 14.21, 12.72, 11.76, 11.13, 10.97, 10.72, 10.39, 9.88, 8.85, 8.27, 8.63, 8.72, 7.59, 6.2, 5.89, 5.94, 8.04, 10.05, 10.62, 9.75, 9.58, 9.39, 10.41, 11.88, 13.07, 12.73, 12.14, 11.24, 9.48, 8.03, 7.68, 7.72, 8.18, 7.43, 6.81, 7.38, 7.28, 6.91, 6.01], [6.9, 7.28, 6.77, 6.39, 7.22, 8.4, 8.32, 7.85, 6.91, 4.87, 2.88, 1.81, 0.93, 0, 3.29, 6.23, 6.89, 6.58, 6.37, 6.72, 7.25, 7.98, 8.8, 8.59, 8.02, 8.06, 8.19, 8.43, 8.41, 8.58, 9.406, 10.436, 10.946, 11.14, 10.66, 10.55, 10.61, 10.42, 10.68, 11.22, 12.38, 13.758, 13.714, 13.511, 13.33, 14.16, 14.95, 14.22, 12.57, 11.41, 10.76, 10.6, 10.29, 10.0, 9.57, 8.6, 8.04, 8.26, 8.33, 7.28, 5.87, 5.52, 5.63, 7.69, 9.74, 10.25, 9.4, 9.33, 9.18, 10.26, 11.77, 12.74, 12.5, 12.01, 11.03, 9.29, 7.82, 7.53, 7.65, 8.01, 7.26, 6.58, 7.17, 7.05, 6.62, 5.72], [4.05, 4.43, 3.84, 3.44, 4.39, 5.49, 5.45, 5.04, 4.1, 2.44, 2.57, 2.46, 3.4, 3.29, 0, 3.2, 4.0, 3.73, 3.58, 4.13, 4.46, 5.15, 5.97, 5.68, 5.19, 5.21, 5.34, 5.42, 5.38, 5.49, 6.26, 7.29, 7.84, 8.05, 7.65, 7.52, 7.66, 7.51, 7.85, 8.35, 9.37, 10.68, 10.679, 10.49, 10.32, 11.03, 11.82, 11.09, 9.64, 8.78, 8.27, 8.47, 8.64, 8.65, 8.36, 7.37, 6.65, 6.17, 6.12, 5.41, 4.32, 3.79, 3.98, 5.28, 7.03, 7.5, 6.75, 6.58, 6.33, 7.21, 8.66, 9.83, 9.57, 9.06, 8.18, 6.44, 5.13, 4.78, 5.12, 5.18, 4.47, 3.89, 4.54, 4.6, 4.37, 3.97], [1.87, 1.83, 1.64, 1.72, 1.71, 2.41, 2.31, 2.14, 1.88, 2.66, 3.87, 5.1, 6.48, 6.23, 3.2, 0, 1.18, 1.15, 1.3, 1.77, 1.84, 2.33, 2.95, 2.56, 2.21, 2.31, 2.32, 2.52, 2.5, 2.81, 3.32, 4.35, 4.88, 5.05, 4.63, 4.5, 4.56, 4.45, 4.81, 5.35, 6.35, 7.68, 7.71, 7.47, 7.26, 8.07, 8.86, 8.13, 6.56, 6.3, 6.41, 7.17, 7.68, 7.71, 7.26, 6.29, 5.83, 5.07, 4.72, 4.35, 3.42, 3.23, 3.34, 3.46, 4.27, 4.66, 4.03, 3.66, 3.35, 4.21, 5.68, 6.69, 6.43, 5.92, 5.12, 3.56, 3.47, 3.64, 4.12, 3.6, 2.99, 2.85, 3.06, 3.16, 3.41, 3.59], [1.77, 1.57, 1.82, 1.88, 1.45, 1.85, 1.55, 1.28, 1.52, 2.88, 4.61, 5.84, 7.24, 6.89, 4.0, 1.18, 0, 0.73, 0.9, 1.25, 1.16, 1.63, 2.23, 1.86, 1.47, 1.65, 1.52, 1.82, 1.82, 2.03, 2.68, 3.71, 4.22, 4.403, 3.91, 3.8, 3.88, 3.69, 3.95, 4.47, 5.63, 7.025, 6.99, 6.761, 6.6, 7.426, 8.216, 7.483, 5.8, 5.3, 5.65, 6.41, 6.96, 6.97, 6.5, 5.57, 5.21, 4.47, 4.0, 3.73, 3.16, 2.99, 3.14, 2.72, 3.39, 3.7, 3.07, 2.82, 2.71, 3.59, 5.04, 5.97, 5.73, 5.18, 4.26, 2.88, 2.89, 3.18, 3.54, 2.94, 2.61, 2.49, 2.5, 2.7, 3.01, 3.45], [1.96, 1.88, 2.07, 2.01, 1.76, 2.24, 1.96, 1.55, 1.51, 2.93, 4.32, 5.55, 6.95, 6.58, 3.73, 1.15, 0.73, 0, 0.77, 1.12, 1.41, 1.96, 2.58, 2.21, 1.84, 1.94, 1.87, 2.27, 2.31, 2.54, 3.15, 4.16, 4.73, 4.88, 4.38, 4.25, 4.33, 4.12, 4.4, 4.9, 6.16, 7.49, 7.46, 7.199, 7.05, 7.876, 8.666, 7.933, 6.25, 5.61, 5.78, 6.44, 6.97, 7.0, 6.55, 5.62, 5.22, 4.56, 4.11, 3.88, 3.25, 3.0, 3.09, 2.81, 3.68, 4.03, 3.38, 3.23, 2.98, 4.02, 5.49, 6.405, 6.165, 5.63, 4.69, 3.17, 3.08, 3.35, 3.75, 3.15, 2.8, 2.66, 2.75, 2.87, 3.16, 3.58], [1.85, 1.79, 2.16, 2.14, 1.85, 2.47, 2.17, 1.64, 1.52, 2.84, 4.09, 5.32, 6.72, 6.37, 3.58, 1.3, 0.9, 0.77, 0, 1.15, 1.36, 1.89, 2.61, 2.44, 1.85, 1.89, 2.0, 2.34, 2.36, 2.53, 3.36, 4.37, 4.88, 5.07, 4.57, 4.44, 4.536, 4.23, 4.51, 5.01, 6.29, 7.7, 7.621, 7.398, 7.259, 8.069, 8.859, 8.146, 6.46, 5.36, 5.61, 6.37, 6.84, 6.83, 6.42, 5.41, 4.99, 4.27, 3.88, 3.73, 2.96, 2.71, 2.8, 2.62, 3.55, 4.02, 3.29, 3.12, 3.33, 4.27, 5.72, 6.632, 6.378, 5.84, 4.8, 3.3, 2.89, 3.16, 3.7, 3.14, 2.69, 2.49, 2.56, 2.74, 3.01, 3.35], [2.28, 2.02, 2.29, 2.19, 1.82, 2.24, 1.98, 1.75, 1.77, 3.43, 4.68, 5.61, 7.03, 6.72, 4.13, 1.77, 1.25, 1.12, 1.15, 0, 1.09, 1.72, 2.36, 2.27, 1.64, 1.56, 1.91, 2.23, 2.25, 2.54, 3.19, 4.22, 4.73, 4.92, 4.42, 4.27, 4.39, 4.1, 4.36, 4.82, 6.128, 7.521, 7.453, 7.231, 7.098, 7.928, 8.718, 8.0, 6.39, 5.43, 5.76, 6.34, 6.93, 6.96, 6.51, 5.62, 5.18, 4.5, 4.09, 3.86, 3.39, 3.12, 3.15, 2.73, 3.52, 3.81, 3.32, 3.05, 3.36, 4.2, 5.57, 6.531, 6.211, 5.69, 4.67, 3.35, 3.28, 3.61, 4.19, 3.53, 3.02, 2.82, 2.75, 2.87, 3.12, 3.56], [2.21, 1.93, 2.18, 2.1, 1.57, 1.91, 1.65, 1.4, 1.84, 3.46, 4.95, 6.08, 7.48, 7.25, 4.46, 1.84, 1.16, 1.41, 1.36, 1.09, 0, 1.15, 1.81, 1.68, 1.23, 1.37, 1.44, 1.8, 1.88, 2.05, 2.7, 3.69, 4.2, 4.43, 3.95, 3.9, 3.9, 3.53, 3.87, 4.31, 5.65, 7.022, 6.964, 6.721, 6.599, 7.406, 8.196, 7.47, 5.98, 5.22, 5.67, 6.39, 6.98, 7.01, 6.54, 5.63, 5.25, 4.61, 4.08, 3.85, 3.52, 3.35, 3.48, 2.74, 3.33, 3.4, 3.13, 2.74, 2.99, 3.87, 5.1, 6.081, 5.752, 5.22, 4.22, 3.2, 3.39, 3.62, 4.04, 3.4, 3.09, 2.89, 2.64, 2.72, 3.03, 3.53], [2.44, 2.2, 2.43, 2.41, 1.64, 1.52, 1.4, 1.57, 2.11, 3.83, 5.6, 6.83, 8.23, 7.98, 5.15, 2.33, 1.63, 1.96, 1.89, 1.72, 1.15, 0, 1.24, 1.35, 1.36, 1.32, 1.09, 1.73, 1.73, 1.86, 2.39, 2.94, 3.51, 3.78, 3.44, 3.35, 3.31, 2.96, 3.18, 3.56, 4.86, 6.232, 6.191, 5.98, 5.81, 6.633, 7.423, 6.74, 5.51, 5.03, 5.88, 6.6, 7.23, 7.26, 6.79, 5.86, 5.46, 4.8, 4.35, 4.16, 3.85, 3.64, 3.75, 3.01, 3.4, 3.11, 3.04, 2.59, 3.14, 3.88, 4.47, 5.282, 5.22, 4.87, 4.09, 3.39, 3.46, 3.65, 4.17, 3.57, 3.1, 3.06, 3.01, 3.11, 3.34, 3.88], [3.12, 2.86, 3.05, 2.97, 2.18, 1.68, 1.7, 1.93, 2.77, 4.55, 6.42, 7.65, 9.05, 8.8, 5.97, 2.95, 2.23, 2.58, 2.61, 2.36, 1.81, 1.24, 0, 0.97, 1.28, 1.46, 1.33, 1.53, 1.69, 1.72, 1.71, 2.04, 2.61, 2.82, 2.44, 2.35, 2.51, 2.38, 2.52, 2.98, 3.94, 5.31, 5.3, 5.1, 4.93, 5.7, 6.49, 5.86, 4.83, 4.71, 5.7, 6.54, 7.21, 7.2, 6.87, 6.04, 5.82, 5.18, 4.57, 4.48, 4.55, 4.38, 4.41, 3.41, 3.24, 3.41, 2.98, 2.41, 2.88, 3.22, 3.57, 4.42, 4.24, 4.05, 3.57, 3.35, 3.82, 4.05, 4.33, 3.81, 3.74, 3.7, 3.43, 3.55, 3.9, 4.62], [2.93, 2.71, 2.84, 2.76, 2.09, 1.61, 1.39, 1.84, 2.72, 4.2, 6.09, 7.32, 8.76, 8.59, 5.68, 2.56, 1.86, 2.21, 2.44, 2.27, 1.68, 1.35, 0.97, 0, 1.09, 1.37, 0.92, 1.28, 1.48, 1.53, 1.48, 2.13, 2.74, 2.97, 2.65, 2.58, 2.5, 2.43, 2.69, 3.07, 4.15, 5.44, 5.47, 5.15, 4.98, 5.77, 6.56, 5.89, 4.76, 4.96, 5.91, 6.71, 7.3, 7.31, 6.98, 6.15, 5.85, 5.21, 4.62, 4.43, 4.42, 4.37, 4.38, 3.4, 3.41, 3.48, 3.07, 2.56, 2.67, 3.09, 3.68, 4.51, 4.29, 4.02, 3.6, 3.24, 3.63, 3.98, 4.04, 3.56, 3.55, 3.53, 3.36, 3.5, 3.97, 4.55], [2.46, 2.16, 2.55, 2.47, 1.8, 1.7, 1.48, 1.49, 2.07, 3.99, 5.76, 6.97, 8.37, 8.02, 5.19, 2.21, 1.47, 1.84, 1.85, 1.64, 1.23, 1.36, 1.28, 1.09, 0, 0.86, 1.05, 1.31, 1.61, 1.84, 2.23, 2.88, 3.47, 3.76, 3.3, 3.19, 3.25, 3.06, 3.22, 3.52, 4.68, 6.13, 6.06, 5.82, 5.69, 6.52, 7.27, 6.66, 5.59, 5.09, 5.54, 6.36, 6.87, 6.92, 6.55, 5.76, 5.52, 4.76, 4.23, 4.08, 3.93, 3.74, 3.83, 2.89, 3.24, 3.17, 2.98, 2.79, 3.06, 3.58, 4.33, 5.04, 4.82, 4.61, 3.85, 3.19, 3.5, 3.81, 4.11, 3.47, 3.36, 3.3, 3.15, 3.29, 3.62, 4.22], [2.66, 2.38, 2.79, 2.59, 1.94, 1.74, 1.68, 1.67, 2.35, 4.17, 5.82, 7.01, 8.41, 8.06, 5.21, 2.31, 1.65, 1.94, 1.89, 1.56, 1.37, 1.32, 1.46, 1.37, 0.86, 0, 1.03, 1.61, 1.83, 2.12, 2.55, 3.1, 3.59, 3.82, 3.4, 3.29, 3.45, 3.28, 3.42, 3.76, 4.9, 6.31, 6.24, 6.02, 5.85, 6.661, 7.431, 6.8, 5.77, 5.19, 5.66, 6.56, 7.03, 7.12, 6.81, 5.94, 5.64, 4.92, 4.43, 4.3, 4.11, 3.94, 3.99, 3.01, 3.38, 3.07, 3.08, 2.95, 3.44, 3.98, 4.55, 5.3, 5.06, 4.83, 4.23, 3.43, 3.66, 3.99, 4.37, 3.69, 3.5, 3.38, 3.21, 3.41, 3.74, 4.38], [2.45, 2.19, 2.42, 2.26, 1.57, 1.35, 1.01, 1.24, 2.18, 3.96, 5.91, 7.14, 8.54, 8.19, 5.34, 2.32, 1.52, 1.87, 2.0, 1.91, 1.44, 1.09, 1.33, 0.92, 1.05, 1.03, 0, 1.04, 1.38, 1.55, 1.84, 2.47, 2.98, 3.23, 2.79, 2.74, 2.76, 2.59, 2.77, 3.17, 4.37, 5.74, 5.69, 5.47, 5.28, 6.11, 6.9, 6.23, 4.98, 4.9, 5.65, 6.45, 6.96, 7.03, 6.72, 5.85, 5.57, 4.77, 4.3, 4.01, 3.94, 3.95, 3.94, 2.88, 3.17, 3.08, 2.81, 2.58, 2.63, 3.25, 3.86, 4.67, 4.47, 4.08, 3.5, 2.92, 3.37, 3.68, 3.98, 3.28, 3.17, 3.15, 3.06, 3.3, 3.63, 4.17], [2.41, 2.09, 2.3, 2.26, 1.75, 1.53, 1.21, 1.44, 2.34, 3.74, 5.85, 7.1, 8.5, 8.43, 5.42, 2.52, 1.82, 2.27, 2.34, 2.23, 1.8, 1.73, 1.53, 1.28, 1.31, 1.61, 1.04, 0, 0.62, 0.95, 1.28, 2.07, 2.58, 2.77, 2.35, 2.36, 2.4, 2.37, 2.55, 3.21, 4.15, 5.46, 5.45, 5.19, 5.04, 5.77, 6.56, 5.85, 4.62, 4.78, 5.27, 6.03, 6.56, 6.59, 6.24, 5.37, 5.05, 4.35, 3.84, 3.57, 3.98, 4.09, 4.0, 2.68, 2.87, 3.06, 2.63, 2.3, 2.15, 2.69, 3.6, 4.63, 4.31, 3.7, 3.16, 2.36, 2.81, 3.06, 3.14, 2.66, 2.67, 2.75, 2.54, 2.72, 3.23, 3.87], [2.37, 2.01, 2.36, 2.44, 1.85, 1.47, 1.31, 1.44, 2.32, 3.66, 5.79, 7.04, 8.46, 8.41, 5.38, 2.5, 1.82, 2.31, 2.36, 2.25, 1.88, 1.73, 1.69, 1.48, 1.61, 1.83, 1.38, 0.62, 0, 0.63, 1.12, 2.05, 2.56, 2.75, 2.39, 2.38, 2.4, 2.31, 2.57, 3.23, 4.19, 5.52, 5.51, 5.25, 5.1, 5.83, 6.62, 5.87, 4.52, 4.56, 5.15, 5.89, 6.48, 6.51, 6.08, 5.17, 4.87, 4.19, 3.64, 3.47, 3.9, 3.99, 4.0, 2.68, 2.67, 2.84, 2.41, 2.0, 2.03, 2.59, 3.62, 4.69, 4.35, 3.78, 3.14, 2.16, 2.55, 2.82, 2.8, 2.5, 2.41, 2.59, 2.38, 2.48, 3.03, 3.77], [2.54, 2.18, 2.71, 2.89, 2.22, 1.72, 1.6, 1.53, 2.51, 3.81, 5.9, 7.21, 8.59, 8.58, 5.49, 2.81, 2.03, 2.54, 2.53, 2.54, 2.05, 1.86, 1.72, 1.53, 1.84, 2.12, 1.55, 0.95, 0.63, 0, 0.93, 1.88, 2.39, 2.6, 2.28, 2.23, 2.33, 2.2, 2.5, 3.1, 4.06, 5.37, 5.38, 5.14, 4.99, 5.68, 6.47, 5.72, 4.41, 4.23, 4.96, 5.72, 6.33, 6.36, 5.97, 5.1, 4.84, 4.2, 3.59, 3.5, 4.05, 4.14, 4.07, 2.73, 2.44, 2.81, 2.14, 1.81, 1.98, 2.5, 3.47, 4.62, 4.28, 3.75, 3.01, 2.33, 2.6, 2.85, 2.85, 2.57, 2.5, 2.68, 2.53, 2.55, 3.12, 3.84], [3.01, 2.67, 2.94, 3.22, 2.51, 1.63, 1.51, 2.18, 3.2, 4.56, 6.69, 8.04, 9.38, 9.406, 6.26, 3.32, 2.68, 3.15, 3.36, 3.19, 2.7, 2.39, 1.71, 1.48, 2.23, 2.55, 1.84, 1.28, 1.12, 0.93, 0, 1.23, 1.76, 1.95, 1.69, 1.56, 1.64, 1.87, 2.11, 2.75, 3.53, 4.62, 4.69, 4.37, 4.26, 4.89, 5.68, 4.93, 3.96, 4.32, 5.25, 6.05, 6.66, 6.67, 6.32, 5.49, 5.25, 4.61, 3.98, 4.05, 4.68, 4.89, 4.86, 3.3, 2.73, 3.04, 2.43, 1.86, 1.89, 1.91, 2.7, 3.87, 3.53, 3.26, 2.78, 2.46, 2.99, 3.3, 3.12, 2.94, 2.91, 3.19, 2.98, 3.08, 3.61, 4.43], [3.84, 3.52, 3.85, 4.166, 3.42, 2.2, 2.3, 2.95, 4.07, 5.59, 7.72, 9.07, 10.41, 10.436, 7.29, 4.35, 3.71, 4.16, 4.37, 4.22, 3.69, 2.94, 2.04, 2.13, 2.88, 3.1, 2.47, 2.07, 2.05, 1.88, 1.23, 0, 0.97, 1.22, 1.24, 1.27, 1.25, 1.52, 1.6, 2.06, 2.68, 3.63, 3.78, 3.48, 3.27, 3.88, 4.65, 4.0, 3.63, 4.49, 5.54, 6.42, 7.15, 7.14, 6.81, 6.14, 5.98, 5.3, 4.69, 4.82, 5.55, 5.92, 5.87, 3.97, 3.28, 3.45, 3.1, 2.67, 2.66, 2.4, 2.01, 2.96, 3.12, 3.13, 3.11, 3.17, 3.88, 4.15, 3.99, 3.73, 3.76, 4.1, 3.87, 3.97, 4.62, 5.36], [4.29, 3.91, 4.26, 4.7, 3.97, 2.75, 2.87, 3.46, 4.54, 6.1, 8.25, 9.58, 10.94, 10.946, 7.84, 4.88, 4.22, 4.73, 4.88, 4.73, 4.2, 3.51, 2.61, 2.74, 3.47, 3.59, 2.98, 2.58, 2.56, 2.39, 1.76, 0.97, 0, 0.59, 0.75, 1.04, 0.98, 1.17, 1.09, 1.55, 2.11, 3.06, 3.19, 2.93, 2.7, 3.33, 4.1, 3.41, 2.96, 3.72, 4.85, 5.77, 6.52, 6.53, 6.38, 5.93, 5.85, 5.09, 4.56, 5.17, 5.96, 6.43, 6.38, 4.28, 2.77, 3.0, 2.99, 2.72, 2.65, 2.15, 1.74, 2.51, 2.59, 2.62, 2.46, 2.98, 3.91, 4.28, 4.04, 3.62, 3.91, 4.49, 4.18, 4.36, 4.99, 5.75], [4.4, 4.04, 4.45, 4.87, 4.18, 3.0, 3.02, 3.623, 4.723, 6.31, 8.46, 9.77, 11.15, 11.14, 8.05, 5.05, 4.403, 4.88, 5.07, 4.92, 4.43, 3.78, 2.82, 2.97, 3.76, 3.82, 3.23, 2.77, 2.75, 2.6, 1.95, 1.22, 0.59, 0, 0.64, 0.91, 0.87, 1.32, 1.16, 1.44, 1.88, 2.83, 2.96, 2.68, 2.43, 3.12, 3.89, 3.2, 2.59, 3.65, 4.86, 5.8, 6.53, 6.58, 6.43, 6.0, 5.92, 5.12, 4.63, 5.28, 6.15, 6.62, 6.57, 4.37, 2.8, 3.09, 3.04, 2.77, 2.68, 2.16, 1.77, 2.46, 2.56, 2.59, 2.51, 3.03, 4.0, 4.35, 4.13, 3.69, 4.02, 4.64, 4.31, 4.51, 5.18, 5.9], [3.94, 3.56, 4.01, 4.39, 3.7, 2.54, 2.56, 3.13, 4.23, 5.89, 8.12, 9.41, 10.75, 10.66, 7.65, 4.63, 3.91, 4.38, 4.57, 4.42, 3.95, 3.44, 2.44, 2.65, 3.3, 3.4, 2.79, 2.35, 2.39, 2.28, 1.69, 1.24, 0.75, 0.64, 0, 0.49, 0.67, 1.3, 1.14, 1.56, 2.14, 3.21, 3.22, 3.0, 2.77, 3.52, 4.31, 3.6, 2.77, 3.45, 4.6, 5.52, 6.25, 6.3, 6.07, 5.66, 5.6, 4.8, 4.29, 4.84, 5.73, 6.12, 6.07, 3.89, 2.56, 2.93, 2.72, 2.39, 2.32, 1.8, 1.77, 2.48, 2.44, 2.41, 2.23, 2.71, 3.66, 4.01, 3.89, 3.39, 3.56, 4.16, 3.89, 4.09, 4.72, 5.46], [3.89, 3.55, 3.88, 4.22, 3.55, 2.43, 2.43, 3.06, 4.14, 5.86, 8.09, 9.38, 10.72, 10.55, 7.52, 4.5, 3.8, 4.25, 4.44, 4.27, 3.9, 3.35, 2.35, 2.58, 3.19, 3.29, 2.74, 2.36, 2.38, 2.23, 1.56, 1.27, 1.04, 0.91, 0.49, 0, 0.84, 1.53, 1.43, 1.65, 2.31, 3.38, 3.45, 3.13, 2.96, 3.67, 4.46, 3.75, 2.92, 3.58, 4.71, 5.63, 6.38, 6.37, 6.12, 5.69, 5.71, 4.81, 4.32, 4.89, 5.7, 5.99, 5.94, 3.94, 2.63, 2.98, 2.75, 2.46, 2.43, 1.71, 1.72, 2.55, 2.47, 2.56, 2.44, 2.82, 3.79, 4.12, 4.02, 3.5, 3.67, 4.13, 3.96, 4.12, 4.71, 5.51], [3.89, 3.53, 3.96, 4.42, 3.67, 2.57, 2.47, 3.1, 4.2, 5.9, 8.13, 9.36, 10.74, 10.61, 7.66, 4.56, 3.88, 4.33, 4.536, 4.39, 3.9, 3.31, 2.51, 2.5, 3.25, 3.45, 2.76, 2.4, 2.4, 2.33, 1.64, 1.25, 0.98, 0.87, 0.67, 0.84, 0, 1.03, 0.87, 1.39, 2.09, 3.24, 3.27, 2.91, 2.78, 3.55, 4.34, 3.61, 2.52, 3.38, 4.61, 5.53, 6.26, 6.29, 6.02, 5.61, 5.55, 4.77, 4.24, 4.73, 5.64, 6.09, 6.04, 3.84, 2.55, 2.8, 2.71, 2.34, 2.23, 1.83, 1.84, 2.49, 2.49, 2.52, 2.28, 2.68, 3.61, 3.94, 3.88, 3.34, 3.49, 4.15, 3.86, 4.04, 4.65, 5.39], [3.72, 3.32, 3.93, 4.45, 3.58, 2.84, 2.5, 2.81, 3.83, 5.73, 7.88, 9.13, 10.57, 10.42, 7.51, 4.45, 3.69, 4.12, 4.23, 4.1, 3.53, 2.96, 2.38, 2.43, 3.06, 3.28, 2.59, 2.37, 2.31, 2.2, 1.87, 1.52, 1.17, 1.32, 1.3, 1.53, 1.03, 0, 0.58, 1.16, 2.3, 3.63, 3.62, 3.36, 3.19, 3.96, 4.75, 4.0, 2.77, 3.13, 4.18, 5.0, 5.75, 5.76, 5.49, 4.92, 4.88, 4.16, 3.55, 4.2, 5.19, 5.72, 5.69, 3.41, 1.96, 2.19, 2.0, 1.69, 1.82, 1.96, 2.03, 2.86, 2.82, 2.51, 1.93, 2.27, 3.14, 3.33, 3.35, 2.81, 3.24, 3.84, 3.41, 3.63, 4.28, 5.04], [4.0, 3.56, 4.15, 4.57, 3.68, 2.86, 2.66, 3.09, 4.17, 6.09, 8.26, 9.51, 10.91, 10.68, 7.85, 4.81, 3.95, 4.4, 4.51, 4.36, 3.87, 3.18, 2.52, 2.69, 3.22, 3.42, 2.77, 2.55, 2.57, 2.5, 2.11, 1.6, 1.09, 1.16, 1.14, 1.43, 0.87, 0.58, 0, 0.94, 1.96, 3.27, 3.18, 2.94, 2.81, 3.6, 4.37, 3.66, 2.57, 3.07, 4.22, 5.16, 5.87, 5.9, 5.65, 5.18, 5.14, 4.44, 3.83, 4.6, 5.63, 6.06, 6.01, 3.71, 2.14, 2.39, 2.26, 1.89, 1.98, 1.98, 1.87, 2.54, 2.58, 2.45, 2.05, 2.49, 3.32, 3.63, 3.63, 3.11, 3.52, 4.14, 3.79, 4.05, 4.64, 5.38], [4.42, 4.06, 4.63, 5.09, 4.22, 3.5, 3.26, 3.55, 4.63, 6.69, 8.88, 10.09, 11.49, 11.22, 8.35, 5.35, 4.47, 4.9, 5.01, 4.82, 4.31, 3.56, 2.98, 3.07, 3.52, 3.76, 3.17, 3.21, 3.23, 3.1, 2.75, 2.06, 1.55, 1.44, 1.56, 1.65, 1.39, 1.16, 0.94, 0, 1.44, 2.83, 2.76, 2.58, 2.51, 3.28, 3.99, 3.44, 2.53, 3.09, 4.26, 5.18, 5.91, 5.94, 5.73, 5.42, 5.42, 4.56, 4.07, 5.08, 6.07, 6.5, 6.45, 4.09, 2.32, 2.45, 2.52, 2.37, 2.52, 2.32, 1.97, 2.28, 2.66, 2.67, 2.23, 2.73, 3.8, 4.15, 4.25, 3.57, 4.08, 4.72, 4.35, 4.53, 5.16, 5.98], [5.54, 5.18, 5.71, 6.17, 5.46, 4.36, 4.3, 4.85, 5.95, 7.69, 9.92, 11.19, 12.55, 12.38, 9.37, 6.35, 5.63, 6.16, 6.29, 6.128, 5.65, 4.86, 3.94, 4.15, 4.68, 4.9, 4.37, 4.15, 4.19, 4.06, 3.53, 2.68, 2.11, 1.88, 2.14, 2.31, 2.09, 2.3, 1.96, 1.44, 0, 1.51, 1.54, 1.7, 1.83, 2.26, 2.79, 2.4, 2.33, 3.47, 4.72, 5.62, 6.33, 6.36, 6.21, 6.46, 6.5, 5.7, 5.07, 6.08, 7.35, 7.84, 7.77, 5.49, 3.34, 3.31, 3.48, 3.41, 3.4, 2.66, 1.85, 2.04, 2.32, 2.65, 2.61, 3.43, 4.78, 5.09, 5.03, 4.55, 5.22, 5.92, 5.59, 5.85, 6.46, 7.2], [6.95, 6.59, 7.06, 7.5, 6.738, 5.51, 5.59, 6.245, 7.345, 8.98, 11.19, 12.52, 13.84, 13.758, 10.68, 7.68, 7.025, 7.49, 7.7, 7.521, 7.022, 6.232, 5.31, 5.44, 6.13, 6.31, 5.74, 5.46, 5.52, 5.37, 4.62, 3.63, 3.06, 2.83, 3.21, 3.38, 3.24, 3.63, 3.27, 2.83, 1.51, 0, 0.77, 1.19, 1.32, 1.41, 1.84, 1.69, 2.26, 3.82, 5.21, 5.71, 6.34, 6.55, 7.22, 7.77, 7.85, 7.09, 6.44, 7.33, 8.7, 9.232, 9.16, 6.88, 4.65, 4.459, 4.875, 4.762, 4.67, 3.57, 2.34, 2.01, 2.09, 2.5, 3.14, 4.64, 6.09, 6.36, 6.24, 5.92, 6.61, 7.278, 6.948, 7.191, 7.818, 8.558], [6.883, 6.523, 7.03, 7.45, 6.7, 5.5, 5.6, 6.181, 7.278, 8.962, 11.192, 12.513, 13.839, 13.714, 10.679, 7.71, 6.99, 7.46, 7.621, 7.453, 6.964, 6.191, 5.3, 5.47, 6.06, 6.24, 5.69, 5.45, 5.51, 5.38, 4.69, 3.78, 3.19, 2.96, 3.22, 3.45, 3.27, 3.62, 3.18, 2.76, 1.54, 0.77, 0, 0.8, 1.07, 1.16, 1.71, 1.4, 1.89, 3.49, 4.9, 5.3, 5.83, 6.22, 7.11, 7.7, 7.78, 7.02, 6.39, 7.34, 8.69, 9.171, 9.11, 6.781, 4.553, 4.372, 4.748, 4.695, 4.66, 3.7, 2.33, 1.84, 1.76, 2.21, 3.03, 4.61, 6.06, 6.37, 6.25, 5.89, 6.537, 7.237, 6.907, 7.167, 7.771, 8.514], [6.66, 6.3, 6.77, 7.21, 6.445, 5.22, 5.3, 5.978, 7.069, 8.73, 10.96, 12.27, 13.59, 13.511, 10.49, 7.47, 6.761, 7.199, 7.398, 7.231, 6.721, 5.98, 5.1, 5.15, 5.82, 6.02, 5.47, 5.19, 5.25, 5.14, 4.37, 3.48, 2.93, 2.68, 3.0, 3.13, 2.91, 3.36, 2.94, 2.58, 1.7, 1.19, 0.8, 0, 0.67, 1.04, 1.63, 1.18, 1.39, 3.15, 4.54, 4.96, 5.49, 5.96, 6.89, 7.5, 7.52, 6.8, 6.15, 7.12, 8.487, 8.948, 8.87, 6.558, 4.311, 4.149, 4.525, 4.466, 4.371, 3.38, 2.05, 1.42, 1.32, 1.87, 2.77, 4.35, 5.8, 6.13, 5.99, 5.63, 6.3, 7.014, 6.664, 6.924, 7.548, 8.271], [6.51, 6.15, 6.62, 7.08, 6.295, 5.03, 5.15, 5.82, 6.92, 8.6, 10.83, 12.1, 13.46, 13.33, 10.32, 7.26, 6.6, 7.05, 7.259, 7.098, 6.599, 5.81, 4.93, 4.98, 5.69, 5.85, 5.28, 5.04, 5.1, 4.99, 4.26, 3.27, 2.7, 2.43, 2.77, 2.96, 2.78, 3.19, 2.81, 2.51, 1.83, 1.32, 1.07, 0.67, 0, 0.87, 1.62, 1.19, 1.48, 3.1, 4.53, 4.99, 5.46, 5.89, 6.76, 7.35, 7.43, 6.67, 6.02, 6.91, 8.28, 8.809, 8.74, 6.425, 4.178, 4.016, 4.392, 4.339, 4.23, 3.19, 1.86, 1.31, 1.33, 1.8, 2.64, 4.2, 5.67, 5.96, 5.88, 5.48, 6.17, 6.85, 6.52, 6.76, 7.39, 8.13], [7.319, 6.956, 7.435, 7.889, 7.125, 5.848, 5.971, 6.646, 7.746, 9.33, 11.5, 12.85, 14.15, 14.16, 11.03, 8.07, 7.426, 7.876, 8.069, 7.928, 7.406, 6.633, 5.7, 5.77, 6.52, 6.661, 6.11, 5.77, 5.83, 5.68, 4.89, 3.88, 3.33, 3.12, 3.52, 3.67, 3.55, 3.96, 3.6, 3.28, 2.26, 1.41, 1.16, 1.04, 0.87, 0, 0.93, 0.98, 1.99, 3.75, 5.14, 5.56, 6.05, 6.66, 7.59, 8.18, 8.22, 7.5, 6.85, 7.72, 9.09, 9.628, 9.57, 7.255, 5.008, 4.846, 5.222, 5.163, 5.02, 3.9, 2.41, 1.82, 1.86, 2.37, 3.39, 4.99, 6.46, 6.75, 6.61, 6.27, 6.96, 7.66, 7.31, 7.55, 8.2, 8.92], [8.109, 7.746, 8.225, 8.679, 7.915, 6.638, 6.761, 7.436, 8.536, 10.12, 12.29, 13.64, 14.94, 14.95, 11.82, 8.86, 8.216, 8.666, 8.859, 8.718, 8.196, 7.423, 6.49, 6.56, 7.27, 7.431, 6.9, 6.56, 6.62, 6.47, 5.68, 4.65, 4.1, 3.89, 4.31, 4.46, 4.34, 4.75, 4.37, 3.99, 2.79, 1.84, 1.71, 1.63, 1.62, 0.93, 0, 0.99, 2.52, 4.48, 5.8, 6.23, 6.6, 7.39, 8.379, 8.97, 9.01, 8.29, 7.64, 8.51, 9.88, 10.418, 10.36, 8.045, 5.798, 5.635, 6.012, 5.953, 5.81, 4.69, 3.18, 2.39, 2.57, 3.08, 4.18, 5.78, 7.25, 7.54, 7.4, 7.06, 7.75, 8.45, 8.1, 8.34, 8.99, 9.71], [7.396, 7.033, 7.51, 7.95, 7.2, 5.92, 6.04, 6.703, 7.803, 9.37, 11.54, 12.89, 14.21, 14.22, 11.09, 8.13, 7.483, 7.933, 8.146, 8.0, 7.47, 6.74, 5.86, 5.89, 6.66, 6.8, 6.23, 5.85, 5.87, 5.72, 4.93, 4.0, 3.41, 3.2, 3.6, 3.75, 3.61, 4.0, 3.66, 3.44, 2.4, 1.69, 1.4, 1.18, 1.19, 0.98, 0.99, 0, 1.73, 3.77, 5.12, 5.54, 6.09, 6.76, 7.669, 8.26, 8.3, 7.58, 6.93, 7.78, 9.15, 9.7, 9.65, 7.33, 5.08, 4.93, 5.299, 5.23, 5.08, 3.96, 2.53, 1.98, 2.04, 2.53, 3.45, 5.07, 6.54, 6.83, 6.67, 6.33, 7.02, 7.72, 7.35, 7.59, 8.26, 8.96], [5.89, 5.51, 6.02, 6.58, 5.87, 4.99, 4.73, 5.04, 6.12, 7.86, 10.07, 11.3, 12.72, 12.57, 9.64, 6.56, 5.8, 6.25, 6.46, 6.39, 5.98, 5.51, 4.83, 4.76, 5.59, 5.77, 4.98, 4.62, 4.52, 4.41, 3.96, 3.63, 2.96, 2.59, 2.77, 2.92, 2.52, 2.77, 2.57, 2.53, 2.33, 2.26, 1.89, 1.39, 1.48, 1.99, 2.52, 1.73, 0, 2.18, 3.57, 4.19, 4.82, 5.25, 5.98, 6.57, 6.61, 5.89, 5.24, 6.15, 7.52, 8.01, 7.96, 5.64, 3.39, 3.54, 3.61, 3.56, 3.41, 2.85, 2.04, 1.59, 1.59, 1.6, 2.08, 3.44, 4.87, 5.2, 5.12, 4.66, 5.35, 6.05, 5.68, 5.94, 6.59, 7.29], [5.41, 5.11, 6.02, 6.56, 5.71, 5.23, 4.85, 4.3, 5.16, 7.08, 9.19, 10.34, 11.76, 11.41, 8.78, 6.3, 5.3, 5.61, 5.36, 5.43, 5.22, 5.03, 4.71, 4.96, 5.09, 5.19, 4.9, 4.78, 4.56, 4.23, 4.32, 4.49, 3.72, 3.65, 3.45, 3.58, 3.38, 3.13, 3.07, 3.09, 3.47, 3.82, 3.49, 3.15, 3.1, 3.75, 4.48, 3.77, 2.18, 0, 1.53, 2.27, 3.14, 3.43, 3.96, 4.81, 4.89, 4.19, 3.54, 4.65, 6.04, 6.45, 6.2, 3.78, 2.07, 2.4, 2.31, 2.78, 3.37, 3.15, 2.84, 2.67, 2.29, 2.14, 2.02, 3.2, 3.97, 4.32, 4.48, 4.04, 4.69, 5.07, 4.52, 4.58, 5.11, 5.91], [5.72, 5.42, 6.39, 6.87, 6.16, 5.96, 5.54, 4.63, 5.19, 6.79, 8.56, 9.71, 11.13, 10.76, 8.27, 6.41, 5.65, 5.78, 5.61, 5.76, 5.67, 5.88, 5.7, 5.91, 5.54, 5.66, 5.65, 5.27, 5.15, 4.96, 5.25, 5.54, 4.85, 4.86, 4.6, 4.71, 4.61, 4.18, 4.22, 4.26, 4.72, 5.21, 4.9, 4.54, 4.53, 5.14, 5.8, 5.12, 3.57, 1.53, 0, 1.6, 2.29, 2.66, 3.17, 4.16, 4.22, 3.52, 2.97, 4.02, 5.41, 5.84, 5.59, 3.31, 2.58, 2.79, 2.98, 3.65, 3.72, 3.86, 3.91, 3.94, 3.54, 3.17, 2.83, 3.47, 3.74, 3.89, 3.95, 3.75, 4.52, 4.68, 4.33, 4.45, 4.78, 5.36], [6.28, 6.14, 7.01, 7.47, 6.9, 6.68, 6.26, 5.41, 5.69, 6.67, 8.46, 9.45, 10.97, 10.6, 8.47, 7.17, 6.41, 6.44, 6.37, 6.34, 6.39, 6.6, 6.54, 6.71, 6.36, 6.56, 6.45, 6.03, 5.89, 5.72, 6.05, 6.42, 5.77, 5.8, 5.52, 5.63, 5.53, 5.0, 5.16, 5.18, 5.62, 5.71, 5.3, 4.96, 4.99, 5.56, 6.23, 5.54, 4.19, 2.27, 1.6, 0, 1.31, 1.74, 2.51, 3.62, 3.68, 3.24, 3.03, 3.66, 5.11, 5.36, 5.29, 3.81, 3.34, 3.65, 3.76, 4.43, 4.46, 4.64, 4.77, 4.66, 4.04, 3.57, 3.47, 4.13, 4.08, 4.17, 4.19, 3.91, 4.64, 4.84, 4.49, 4.59, 4.62, 5.1], [6.65, 6.61, 7.5, 7.88, 7.49, 7.31, 6.89, 5.96, 6.04, 6.86, 8.15, 9.1, 10.72, 10.29, 8.64, 7.68, 6.96, 6.97, 6.84, 6.93, 6.98, 7.23, 7.21, 7.3, 6.87, 7.03, 6.96, 6.56, 6.48, 6.33, 6.66, 7.15, 6.52, 6.53, 6.25, 6.38, 6.26, 5.75, 5.87, 5.91, 6.33, 6.34, 5.83, 5.49, 5.46, 6.05, 6.6, 6.09, 4.82, 3.14, 2.29, 1.31, 0, 1.31, 2.32, 3.39, 3.41, 3.25, 3.18, 3.63, 4.94, 5.17, 5.24, 4.3, 4.03, 4.16, 4.35, 5.06, 5.09, 5.31, 5.52, 5.25, 4.75, 4.28, 4.12, 4.64, 4.49, 4.48, 4.22, 4.38, 5.09, 5.21, 4.92, 4.9, 4.77, 5.07], [6.62, 6.6, 7.47, 7.85, 7.46, 7.34, 6.92, 6.01, 6.01, 6.91, 7.94, 8.55, 10.39, 10.0, 8.65, 7.71, 6.97, 7.0, 6.83, 6.96, 7.01, 7.26, 7.2, 7.31, 6.92, 7.12, 7.03, 6.59, 6.51, 6.36, 6.67, 7.14, 6.53, 6.58, 6.3, 6.37, 6.29, 5.76, 5.9, 5.94, 6.36, 6.55, 6.22, 5.96, 5.89, 6.66, 7.39, 6.76, 5.25, 3.43, 2.66, 1.74, 1.31, 0, 1.41, 2.48, 2.44, 2.88, 3.09, 3.46, 4.49, 5.02, 4.93, 4.33, 4.04, 4.23, 4.38, 5.07, 5.1, 5.3, 5.57, 5.54, 5.1, 4.61, 4.15, 4.61, 4.44, 4.43, 4.17, 4.35, 5.06, 5.18, 4.89, 4.87, 4.78, 5.1], [6.23, 6.17, 7.02, 7.44, 7.01, 6.85, 6.43, 5.62, 5.64, 6.52, 7.53, 8.1, 9.88, 9.57, 8.36, 7.26, 6.5, 6.55, 6.42, 6.51, 6.54, 6.79, 6.87, 6.98, 6.55, 6.81, 6.72, 6.24, 6.08, 5.97, 6.32, 6.81, 6.38, 6.43, 6.07, 6.12, 6.02, 5.49, 5.65, 5.73, 6.21, 7.22, 7.11, 6.89, 6.76, 7.59, 8.379, 7.669, 5.98, 3.96, 3.17, 2.51, 2.32, 1.41, 0, 1.37, 1.87, 2.41, 2.7, 3.07, 4.06, 4.63, 4.5, 4.04, 3.95, 4.1, 4.11, 4.7, 4.71, 4.91, 5.5, 6.15, 5.846, 5.32, 4.38, 4.2, 4.05, 4.06, 3.82, 3.96, 4.67, 4.81, 4.46, 4.5, 4.43, 4.69], [5.26, 5.22, 6.05, 6.49, 6.08, 5.9, 5.52, 4.81, 4.71, 5.53, 6.54, 7.11, 8.85, 8.6, 7.37, 6.29, 5.57, 5.62, 5.41, 5.62, 5.63, 5.86, 6.04, 6.15, 5.76, 5.94, 5.85, 5.37, 5.17, 5.1, 5.49, 6.14, 5.93, 6.0, 5.66, 5.69, 5.61, 4.92, 5.18, 5.42, 6.46, 7.77, 7.7, 7.5, 7.35, 8.18, 8.97, 8.26, 6.57, 4.81, 4.16, 3.62, 3.39, 2.48, 1.37, 0, 1.06, 1.76, 1.91, 2.38, 3.17, 3.68, 3.61, 3.31, 3.64, 3.97, 3.66, 3.95, 3.94, 4.62, 5.87, 6.78, 6.448, 5.91, 4.81, 3.69, 3.02, 3.05, 2.85, 2.91, 3.62, 3.76, 3.45, 3.47, 3.44, 3.7], [4.7, 4.76, 5.47, 5.89, 5.5, 5.46, 5.1, 4.51, 4.13, 4.75, 5.78, 6.43, 8.27, 8.04, 6.65, 5.83, 5.21, 5.22, 4.99, 5.18, 5.25, 5.46, 5.82, 5.85, 5.52, 5.64, 5.57, 5.05, 4.87, 4.84, 5.25, 5.98, 5.85, 5.92, 5.6, 5.71, 5.55, 4.88, 5.14, 5.42, 6.5, 7.85, 7.78, 7.52, 7.43, 8.22, 9.01, 8.3, 6.61, 4.89, 4.22, 3.68, 3.41, 2.44, 1.87, 1.06, 0, 1.26, 1.59, 1.98, 2.51, 2.96, 2.97, 2.95, 3.58, 3.89, 3.46, 3.57, 3.64, 4.64, 5.99, 6.899, 6.562, 5.95, 4.87, 3.45, 2.52, 2.49, 2.37, 2.49, 2.98, 3.08, 2.91, 2.89, 2.74, 2.94], [3.94, 3.98, 4.73, 5.17, 4.76, 4.74, 4.34, 3.83, 3.53, 4.55, 6.04, 6.848, 8.63, 8.26, 6.17, 5.07, 4.47, 4.56, 4.27, 4.5, 4.61, 4.8, 5.18, 5.21, 4.76, 4.92, 4.77, 4.35, 4.19, 4.2, 4.61, 5.3, 5.09, 5.12, 4.8, 4.81, 4.77, 4.16, 4.44, 4.56, 5.7, 7.09, 7.02, 6.8, 6.67, 7.5, 8.29, 7.58, 5.89, 4.19, 3.52, 3.24, 3.25, 2.88, 2.41, 1.76, 1.26, 0, 1.05, 1.82, 2.69, 2.8, 2.93, 2.31, 2.88, 3.27, 2.92, 3.07, 3.04, 3.88, 5.19, 6.1, 5.768, 5.23, 4.17, 2.73, 1.9, 1.95, 2.17, 1.99, 2.4, 2.54, 2.33, 2.35, 2.3, 2.86], [3.73, 3.65, 4.44, 4.9, 4.47, 4.35, 3.95, 3.32, 3.26, 4.52, 6.13, 7.1, 8.72, 8.33, 6.12, 4.72, 4.0, 4.11, 3.88, 4.09, 4.08, 4.35, 4.57, 4.62, 4.23, 4.43, 4.3, 3.84, 3.64, 3.59, 3.98, 4.69, 4.56, 4.63, 4.29, 4.32, 4.24, 3.55, 3.83, 4.07, 5.07, 6.44, 6.39, 6.15, 6.02, 6.85, 7.64, 6.93, 5.24, 3.54, 2.97, 3.03, 3.18, 3.09, 2.7, 1.91, 1.59, 1.05, 0, 1.67, 2.84, 3.07, 3.08, 1.8, 2.31, 2.62, 2.07, 2.36, 2.37, 3.23, 4.54, 5.45, 5.118, 4.58, 3.52, 2.26, 1.57, 1.72, 1.86, 1.62, 2.31, 2.43, 2.06, 2.02, 2.11, 2.87], [3.44, 3.38, 4.21, 4.65, 4.3, 4.14, 3.64, 3.07, 3.11, 3.71, 5.0, 5.91, 7.59, 7.28, 5.41, 4.35, 3.73, 3.88, 3.73, 3.86, 3.85, 4.16, 4.48, 4.43, 4.08, 4.3, 4.01, 3.57, 3.47, 3.5, 4.05, 4.82, 5.17, 5.28, 4.84, 4.89, 4.73, 4.2, 4.6, 5.08, 6.08, 7.33, 7.34, 7.12, 6.91, 7.72, 8.51, 7.78, 6.15, 4.65, 4.02, 3.66, 3.63, 3.46, 3.07, 2.38, 1.98, 1.82, 1.67, 0, 1.67, 2.3, 2.39, 1.73, 3.34, 3.67, 3.0, 3.01, 3.06, 4.0, 5.37, 6.4, 6.1, 5.51, 4.51, 3.11, 2.18, 1.89, 1.93, 2.05, 2.32, 2.06, 1.87, 1.95, 1.9, 2.08], [2.61, 2.73, 3.22, 3.58, 3.37, 3.93, 3.53, 3.2, 2.34, 2.58, 3.63, 4.48, 6.2, 5.87, 4.32, 3.42, 3.16, 3.25, 2.96, 3.39, 3.52, 3.85, 4.55, 4.42, 3.93, 4.11, 3.94, 3.98, 3.9, 4.05, 4.68, 5.55, 5.96, 6.15, 5.73, 5.7, 5.64, 5.19, 5.63, 6.07, 7.35, 8.7, 8.69, 8.487, 8.28, 9.09, 9.88, 9.15, 7.52, 6.04, 5.41, 5.11, 4.94, 4.49, 4.06, 3.17, 2.51, 2.69, 2.84, 1.67, 0, 1.37, 1.34, 2.34, 4.43, 4.94, 4.19, 4.18, 4.23, 5.31, 6.72, 7.727, 7.447, 6.84, 5.82, 4.24, 2.81, 2.56, 2.78, 2.94, 2.37, 1.89, 2.16, 2.12, 1.97, 1.53], [2.78, 3.08, 3.23, 3.27, 3.24, 4.02, 3.7, 3.19, 2.29, 2.07, 3.3, 4.19, 5.89, 5.52, 3.79, 3.23, 2.99, 3.0, 2.71, 3.12, 3.35, 3.64, 4.38, 4.37, 3.74, 3.94, 3.95, 4.09, 3.99, 4.14, 4.89, 5.92, 6.43, 6.62, 6.12, 5.99, 6.09, 5.72, 6.06, 6.5, 7.84, 9.232, 9.171, 8.948, 8.809, 9.628, 10.418, 9.7, 8.01, 6.45, 5.84, 5.36, 5.17, 5.02, 4.63, 3.68, 2.96, 2.8, 3.07, 2.3, 1.37, 0, 0.93, 2.69, 4.82, 5.35, 4.6, 4.55, 4.72, 5.84, 7.29, 8.254, 7.928, 7.381, 6.29, 4.69, 3.22, 2.99, 3.15, 3.39, 2.68, 2.12, 2.55, 2.39, 1.86, 1.64], [2.79, 2.99, 3.16, 3.12, 3.17, 4.07, 3.71, 3.18, 2.28, 2.3, 3.39, 4.28, 5.94, 5.63, 3.98, 3.34, 3.14, 3.09, 2.8, 3.15, 3.48, 3.75, 4.41, 4.38, 3.83, 3.99, 3.94, 4.0, 4.0, 4.07, 4.86, 5.87, 6.38, 6.57, 6.07, 5.94, 6.04, 5.69, 6.01, 6.45, 7.77, 9.16, 9.11, 8.87, 8.74, 9.57, 10.36, 9.65, 7.96, 6.2, 5.59, 5.29, 5.24, 4.93, 4.5, 3.61, 2.97, 2.93, 3.08, 2.39, 1.34, 0.93, 0, 2.54, 4.67, 5.18, 4.51, 4.48, 4.73, 5.87, 7.3, 8.186, 7.849, 7.3, 6.22, 4.6, 3.15, 2.98, 3.22, 3.32, 2.69, 2.19, 2.6, 2.54, 2.27, 1.91], [2.73, 2.45, 3.34, 3.84, 3.19, 3.07, 2.63, 1.84, 2.18, 3.68, 5.53, 6.6, 8.04, 7.69, 5.28, 3.46, 2.72, 2.81, 2.62, 2.73, 2.74, 3.01, 3.41, 3.4, 2.89, 3.01, 2.88, 2.68, 2.68, 2.73, 3.3, 3.97, 4.28, 4.37, 3.89, 3.94, 3.84, 3.41, 3.71, 4.09, 5.49, 6.88, 6.781, 6.558, 6.425, 7.255, 8.045, 7.33, 5.64, 3.78, 3.31, 3.81, 4.3, 4.33, 4.04, 3.31, 2.95, 2.31, 1.8, 1.73, 2.34, 2.69, 2.54, 0, 2.29, 2.76, 2.13, 2.38, 2.61, 3.69, 4.96, 5.863, 5.543, 5.02, 3.92, 2.62, 1.87, 2.12, 2.36, 1.98, 2.03, 1.83, 1.58, 1.62, 1.87, 2.33], [3.52, 3.18, 4.05, 4.61, 3.76, 3.38, 2.96, 2.37, 3.25, 5.29, 7.46, 8.63, 10.05, 9.74, 7.03, 4.27, 3.39, 3.68, 3.55, 3.52, 3.33, 3.4, 3.24, 3.41, 3.24, 3.38, 3.17, 2.87, 2.67, 2.44, 2.73, 3.28, 2.77, 2.8, 2.56, 2.63, 2.55, 1.96, 2.14, 2.32, 3.34, 4.65, 4.553, 4.311, 4.178, 5.008, 5.798, 5.08, 3.39, 2.07, 2.58, 3.34, 4.03, 4.04, 3.95, 3.64, 3.58, 2.88, 2.31, 3.34, 4.43, 4.82, 4.67, 2.29, 0, 1.19, 0.88, 1.29, 1.54, 1.72, 2.81, 3.66, 3.293, 2.77, 1.89, 1.75, 2.32, 2.71, 2.85, 2.19, 2.72, 3.26, 2.73, 2.91, 3.48, 4.32], [3.53, 3.23, 4.1, 4.66, 3.73, 3.31, 2.99, 2.72, 3.52, 5.84, 8.03, 9.2, 10.62, 10.25, 7.5, 4.66, 3.7, 4.03, 4.02, 3.81, 3.4, 3.11, 3.41, 3.48, 3.17, 3.07, 3.08, 3.06, 2.84, 2.81, 3.04, 3.45, 3.0, 3.09, 2.93, 2.98, 2.8, 2.19, 2.39, 2.45, 3.31, 4.459, 4.372, 4.149, 4.016, 4.846, 5.635, 4.93, 3.54, 2.4, 2.79, 3.65, 4.16, 4.23, 4.1, 3.97, 3.89, 3.27, 2.62, 3.67, 4.94, 5.35, 5.18, 2.76, 1.19, 0, 1.35, 1.72, 2.15, 2.29, 2.6, 3.41, 3.229, 2.84, 2.18, 1.84, 2.77, 3.08, 3.28, 2.68, 3.25, 3.83, 3.26, 3.46, 4.01, 4.85], [3.24, 2.9, 3.77, 4.33, 3.48, 3.04, 2.66, 2.11, 2.99, 5.03, 7.18, 8.33, 9.75, 9.4, 6.75, 4.03, 3.07, 3.38, 3.29, 3.32, 3.13, 3.04, 2.98, 3.07, 2.98, 3.08, 2.81, 2.63, 2.41, 2.14, 2.43, 3.1, 2.99, 3.04, 2.72, 2.75, 2.71, 2.0, 2.26, 2.52, 3.48, 4.875, 4.748, 4.525, 4.392, 5.222, 6.012, 5.299, 3.61, 2.31, 2.98, 3.76, 4.35, 4.38, 4.11, 3.66, 3.46, 2.92, 2.07, 3.0, 4.19, 4.6, 4.51, 2.13, 0.88, 1.35, 0, 0.81, 1.3, 1.98, 2.89, 3.796, 3.536, 3.03, 2.11, 1.73, 2.04, 2.35, 2.57, 2.11, 2.5, 3.0, 2.49, 2.65, 3.24, 4.08], [2.91, 2.55, 3.38, 3.92, 3.09, 2.55, 2.23, 1.96, 2.76, 4.8, 6.97, 8.18, 9.58, 9.33, 6.58, 3.66, 2.82, 3.23, 3.12, 3.05, 2.74, 2.59, 2.41, 2.56, 2.79, 2.95, 2.58, 2.3, 2.0, 1.81, 1.86, 2.67, 2.72, 2.77, 2.39, 2.46, 2.34, 1.69, 1.89, 2.37, 3.41, 4.762, 4.695, 4.466, 4.339, 5.163, 5.953, 5.23, 3.56, 2.78, 3.65, 4.43, 5.06, 5.07, 4.7, 3.95, 3.57, 3.07, 2.36, 3.01, 4.18, 4.55, 4.48, 2.38, 1.29, 1.72, 0.81, 0, 0.93, 1.71, 2.86, 3.83, 3.51, 3.02, 2.08, 1.48, 1.89, 2.1, 2.32, 1.9, 2.27, 2.79, 2.36, 2.58, 3.15, 3.97], [2.98, 2.64, 3.11, 3.65, 3.0, 2.54, 2.16, 2.09, 2.91, 4.59, 6.76, 7.99, 9.39, 9.18, 6.33, 3.35, 2.71, 2.98, 3.33, 3.36, 2.99, 3.14, 2.88, 2.67, 3.06, 3.44, 2.63, 2.15, 2.03, 1.98, 1.89, 2.66, 2.65, 2.68, 2.32, 2.43, 2.23, 1.82, 1.98, 2.52, 3.4, 4.67, 4.66, 4.371, 4.23, 5.02, 5.81, 5.08, 3.41, 3.37, 3.72, 4.46, 5.09, 5.1, 4.71, 3.94, 3.64, 3.04, 2.37, 3.06, 4.23, 4.72, 4.73, 2.61, 1.54, 2.15, 1.3, 0.93, 0, 1.26, 2.73, 3.72, 3.42, 2.83, 2.03, 1.19, 1.76, 2.05, 2.05, 1.61, 2.14, 2.66, 2.31, 2.57, 3.18, 3.9], [3.76, 3.4, 3.79, 4.25, 3.62, 2.78, 2.66, 3.03, 3.93, 5.55, 7.76, 9.09, 10.41, 10.26, 7.21, 4.21, 3.59, 4.02, 4.27, 4.2, 3.87, 3.88, 3.22, 3.09, 3.58, 3.98, 3.25, 2.69, 2.59, 2.5, 1.91, 2.4, 2.15, 2.16, 1.8, 1.71, 1.83, 1.96, 1.98, 2.32, 2.66, 3.57, 3.7, 3.38, 3.19, 3.9, 4.69, 3.96, 2.85, 3.15, 3.86, 4.64, 5.31, 5.3, 4.91, 4.62, 4.64, 3.88, 3.23, 4.0, 5.31, 5.84, 5.87, 3.69, 1.72, 2.29, 1.98, 1.71, 1.26, 0, 1.57, 2.74, 2.42, 2.29, 1.69, 1.69, 2.84, 3.17, 2.99, 2.65, 3.26, 3.82, 3.49, 3.75, 4.36, 5.1], [4.95, 4.59, 5.06, 5.5, 4.75, 3.57, 3.63, 4.28, 5.36, 7.04, 9.23, 10.56, 11.88, 11.77, 8.66, 5.68, 5.04, 5.49, 5.72, 5.57, 5.1, 4.47, 3.57, 3.68, 4.33, 4.55, 3.86, 3.6, 3.62, 3.47, 2.7, 2.01, 1.74, 1.77, 1.77, 1.72, 1.84, 2.03, 1.87, 1.97, 1.85, 2.34, 2.33, 2.05, 1.86, 2.41, 3.18, 2.53, 2.04, 2.84, 3.91, 4.77, 5.52, 5.57, 5.5, 5.87, 5.99, 5.19, 4.54, 5.37, 6.72, 7.29, 7.3, 4.96, 2.81, 2.6, 2.89, 2.86, 2.73, 1.57, 0, 1.35, 1.37, 1.58, 1.84, 2.76, 4.23, 4.5, 4.4, 4.08, 4.71, 5.35, 5.02, 5.26, 5.89, 6.63], [5.96, 5.58, 6.13, 6.53, 5.74, 4.54, 4.62, 5.175, 6.275, 8.23, 10.46, 11.69, 13.07, 12.74, 9.83, 6.69, 5.97, 6.405, 6.632, 6.531, 6.081, 5.282, 4.42, 4.51, 5.04, 5.3, 4.67, 4.63, 4.69, 4.62, 3.87, 2.96, 2.51, 2.46, 2.48, 2.55, 2.49, 2.86, 2.54, 2.28, 2.04, 2.01, 1.84, 1.42, 1.31, 1.82, 2.39, 1.98, 1.59, 2.67, 3.94, 4.66, 5.25, 5.54, 6.15, 6.78, 6.899, 6.1, 5.45, 6.4, 7.727, 8.254, 8.186, 5.863, 3.66, 3.41, 3.796, 3.83, 3.72, 2.74, 1.35, 0, 1.0, 1.55, 2.19, 3.69, 5.14, 5.49, 5.47, 5.01, 5.68, 6.36, 6.03, 6.284, 6.874, 7.62], [5.66, 5.3, 5.79, 6.23, 5.44, 4.26, 4.3, 4.938, 6.023, 7.89, 10.12, 11.35, 12.73, 12.5, 9.57, 6.43, 5.73, 6.165, 6.378, 6.211, 5.752, 5.22, 4.24, 4.29, 4.82, 5.06, 4.47, 4.31, 4.35, 4.28, 3.53, 3.12, 2.59, 2.56, 2.44, 2.47, 2.49, 2.82, 2.58, 2.66, 2.32, 2.09, 1.76, 1.32, 1.33, 1.86, 2.57, 2.04, 1.59, 2.29, 3.54, 4.04, 4.75, 5.1, 5.846, 6.448, 6.562, 5.768, 5.118, 6.1, 7.447, 7.928, 7.849, 5.543, 3.293, 3.229, 3.536, 3.51, 3.42, 2.42, 1.37, 1.0, 0, 0.99, 1.79, 3.39, 4.84, 5.15, 5.13, 4.67, 5.34, 6.04, 5.71, 5.964, 6.568, 7.32], [5.21, 4.83, 5.32, 5.76, 4.97, 4.13, 3.87, 4.399, 5.459, 7.3, 9.49, 10.72, 12.14, 12.01, 9.06, 5.92, 5.18, 5.63, 5.84, 5.69, 5.22, 4.87, 4.05, 4.02, 4.61, 4.83, 4.08, 3.7, 3.78, 3.75, 3.26, 3.13, 2.62, 2.59, 2.41, 2.56, 2.52, 2.51, 2.45, 2.67, 2.65, 2.5, 2.21, 1.87, 1.8, 2.37, 3.08, 2.53, 1.6, 2.14, 3.17, 3.57, 4.28, 4.61, 5.32, 5.91, 5.95, 5.23, 4.58, 5.51, 6.84, 7.381, 7.3, 5.02, 2.77, 2.84, 3.03, 3.02, 2.83, 2.29, 1.58, 1.55, 0.99, 0, 1.3, 2.8, 4.23, 4.52, 4.5, 4.0, 4.79, 5.45, 5.06, 5.271, 5.95, 6.69], [4.41, 4.03, 4.62, 5.08, 4.27, 3.63, 3.29, 3.36, 4.38, 6.4, 8.57, 9.82, 11.24, 11.03, 8.18, 5.12, 4.26, 4.69, 4.8, 4.67, 4.22, 4.09, 3.57, 3.6, 3.85, 4.23, 3.5, 3.16, 3.14, 3.01, 2.78, 3.11, 2.46, 2.51, 2.23, 2.44, 2.28, 1.93, 2.05, 2.23, 2.61, 3.14, 3.03, 2.77, 2.64, 3.39, 4.18, 3.45, 2.08, 2.02, 2.83, 3.47, 4.12, 4.15, 4.38, 4.81, 4.87, 4.17, 3.52, 4.51, 5.82, 6.29, 6.22, 3.92, 1.89, 2.18, 2.11, 2.08, 2.03, 1.69, 1.84, 2.19, 1.79, 1.3, 0, 1.88, 3.29, 3.62, 3.64, 3.1, 3.87, 4.45, 4.02, 4.22, 4.83, 5.65], [2.87, 2.59, 3.22, 3.7, 3.19, 2.91, 2.53, 2.22, 2.84, 4.64, 6.87, 8.1, 9.48, 9.29, 6.44, 3.56, 2.88, 3.17, 3.3, 3.35, 3.2, 3.39, 3.35, 3.24, 3.19, 3.43, 2.92, 2.36, 2.16, 2.33, 2.46, 3.17, 2.98, 3.03, 2.71, 2.82, 2.68, 2.27, 2.49, 2.73, 3.43, 4.64, 4.61, 4.35, 4.2, 4.99, 5.78, 5.07, 3.44, 3.2, 3.47, 4.13, 4.64, 4.61, 4.2, 3.69, 3.45, 2.73, 2.26, 3.11, 4.24, 4.69, 4.6, 2.62, 1.75, 1.84, 1.73, 1.48, 1.19, 1.69, 2.76, 3.69, 3.39, 2.8, 1.88, 0, 1.49, 1.96, 2.14, 1.48, 2.13, 2.79, 2.44, 2.66, 3.23, 4.03], [2.5, 2.44, 3.21, 3.67, 3.32, 3.16, 2.86, 2.51, 2.37, 3.35, 5.4, 6.63, 8.03, 7.82, 5.13, 3.47, 2.89, 3.08, 2.89, 3.28, 3.39, 3.46, 3.82, 3.63, 3.5, 3.66, 3.37, 2.81, 2.55, 2.6, 2.99, 3.88, 3.91, 4.0, 3.66, 3.79, 3.61, 3.14, 3.32, 3.8, 4.78, 6.09, 6.06, 5.8, 5.67, 6.46, 7.25, 6.54, 4.87, 3.97, 3.74, 4.08, 4.49, 4.44, 4.05, 3.02, 2.52, 1.9, 1.57, 2.18, 2.81, 3.22, 3.15, 1.87, 2.32, 2.77, 2.04, 1.89, 1.76, 2.84, 4.23, 5.14, 4.84, 4.23, 3.29, 1.49, 0, 0.81, 1.21, 0.99, 1.18, 1.42, 1.35, 1.55, 1.94, 2.56], [2.61, 2.65, 3.32, 3.7, 3.49, 3.49, 3.15, 2.82, 2.52, 3.12, 5.05, 6.28, 7.68, 7.53, 4.78, 3.64, 3.18, 3.35, 3.16, 3.61, 3.62, 3.65, 4.05, 3.98, 3.81, 3.99, 3.68, 3.06, 2.82, 2.85, 3.3, 4.15, 4.28, 4.35, 4.01, 4.12, 3.94, 3.33, 3.63, 4.15, 5.09, 6.36, 6.37, 6.13, 5.96, 6.75, 7.54, 6.83, 5.2, 4.32, 3.89, 4.17, 4.48, 4.43, 4.06, 3.05, 2.49, 1.95, 1.72, 1.89, 2.56, 2.99, 2.98, 2.12, 2.71, 3.08, 2.35, 2.1, 2.0