[[0, 0.8, 1.05, 1.65, 1.21, 1.67, 1.81, 2.12, 2.28, 1.72, 2.9, 4.96, 5.3, 5.71, 6.57, 8.22, 8.22, 7.77, 7.97, 9.42, 11.7, 12.79, 13.3, 13.26, 12.94, 12.29, 12.27, 11.91, 11.25, 10.89, 10.04, 9.84, 10.31, 10.39, 10.17, 9.992, 10.212, 9.74, 9.35, 9.395, 9.79, 10.19, 10.2, 9.545, 8.59, 7.07, 6.39, 6.65, 6.74, 7.42, 6.81, 6.876, 6.765, 6.225, 5.756, 6.27, 6.14, 5.73, 6.39, 6.14, 5.75, 6.54, 7.7, 7.92, 8.28, 8.24, 8.36, 8.592, 8.444, 8.632, 8.577, 8.59, 9.13, 8.53, 7.62, 7.498, 7.514, 7.531, 7.351, 7.0, 6.04, 4.5, 3.73, 4.47, 5.03, 5.37], [0.8, 0, 0.91, 1.61, 1.29, 1.81, 2.09, 2.38, 2.54, 2.1, 3.4, 5.5, 5.86, 6.27, 7.11, 8.78, 8.76, 8.31, 8.51, 9.96, 12.22, 13.35, 13.84, 13.8, 13.48, 12.79, 12.77, 12.43, 11.79, 11.43, 10.58, 10.38, 10.85, 10.95, 10.71, 10.506, 10.726, 10.28, 9.89, 9.835, 10.23, 10.61, 10.64, 9.985, 9.01, 7.49, 6.87, 7.13, 7.232, 7.96, 7.35, 7.416, 7.319, 6.779, 6.35, 6.89, 6.76, 6.25, 6.91, 6.66, 6.25, 7.06, 8.28, 8.5, 8.88, 8.82, 8.9, 9.152, 9.007, 9.194, 9.146, 9.15, 9.69, 9.11, 8.2, 8.075, 8.091, 8.108, 7.928, 7.568, 6.62, 5.06, 4.31, 5.05, 5.61, 5.79], [1.05, 0.91, 0, 1.18, 1.24, 1.9, 2.04, 2.33, 2.57, 2.07, 3.43, 5.57, 5.99, 6.399, 7.24, 8.89, 8.85, 8.38, 8.54, 9.97, 12.25, 13.34, 13.81, 13.71, 13.35, 12.714, 12.674, 12.28, 11.74, 11.34, 10.45, 10.41, 10.82, 10.96, 10.66, 10.499, 10.739, 10.336, 9.894, 9.582, 9.98, 10.3, 10.342, 9.712, 8.72, 7.16, 6.74, 6.92, 7.07, 7.97, 7.42, 7.528, 7.428, 6.78, 6.52, 6.98, 6.85, 6.38, 7.0, 6.79, 6.44, 7.29, 8.45, 8.69, 9.05, 8.99, 9.03, 9.256, 9.074, 9.295, 9.255, 9.319, 9.86, 9.28, 8.37, 8.239, 8.255, 8.272, 8.092, 7.712, 6.79, 5.23, 4.48, 5.22, 5.78, 5.9], [1.65, 1.61, 1.18, 0, 0.92, 1.18, 1.46, 1.73, 1.93, 1.61, 2.75, 5.05, 5.489, 5.916, 6.756, 8.344, 8.304, 7.814, 7.98, 9.35, 11.65, 12.76, 13.21, 13.11, 12.77, 12.12, 12.12, 11.74, 11.2, 10.76, 9.89, 9.91, 10.32, 10.42, 10.117, 9.97, 10.17, 9.81, 9.56, 9.49, 10.06, 10.42, 10.35, 9.56, 8.56, 7.2, 6.58, 6.5, 6.605, 7.49, 6.94, 7.042, 6.965, 6.372, 6.06, 6.48, 6.33, 5.86, 6.48, 6.21, 5.88, 6.77, 7.99, 8.21, 8.57, 8.47, 8.57, 8.752, 8.597, 8.824, 8.772, 8.836, 9.376, 8.81, 7.903, 7.773, 7.792, 7.809, 7.629, 7.249, 6.306, 4.77, 4.02, 4.76, 5.32, 5.36], [1.21, 1.29, 1.24, 0.92, 0, 1.14, 1.22, 1.67, 1.95, 1.47, 2.81, 5.07, 5.424, 5.84, 6.7, 8.31, 8.31, 7.86, 8.02, 9.45, 11.83, 12.82, 13.35, 13.29, 12.99, 12.4, 12.36, 11.98, 11.3, 10.96, 10.07, 9.89, 10.38, 10.46, 10.24, 10.125, 10.365, 9.87, 9.58, 9.67, 10.28, 10.62, 10.59, 9.82, 8.86, 7.46, 6.62, 6.78, 6.771, 7.49, 6.9, 7.009, 6.938, 6.378, 5.894, 6.34, 6.19, 5.7, 6.42, 6.15, 5.74, 6.59, 7.83, 8.05, 8.41, 8.33, 8.49, 8.716, 8.534, 8.742, 8.707, 8.714, 9.254, 8.66, 7.75, 7.628, 7.644, 7.661, 7.481, 7.121, 6.17, 4.63, 3.86, 4.6, 5.16, 5.28], [1.67, 1.81, 1.9, 1.18, 1.14, 0, 0.98, 1.23, 1.51, 1.35, 2.17, 4.53, 4.95, 5.32, 6.16, 7.75, 7.75, 7.3, 7.52, 9.03, 11.49, 12.46, 12.97, 12.95, 12.65, 12.16, 12.24, 11.82, 11.12, 10.72, 9.81, 9.53, 10.02, 10.18, 9.96, 9.95, 10.17, 9.77, 9.66, 9.97, 10.46, 10.82, 10.75, 9.9, 8.86, 7.6, 6.8, 6.72, 6.65, 7.15, 6.48, 6.635, 6.684, 6.233, 5.56, 5.96, 5.79, 5.3, 5.92, 5.69, 5.24, 6.11, 7.33, 7.55, 7.91, 7.81, 7.95, 8.21, 8.052, 8.23, 8.23, 8.191, 8.725, 8.16, 7.25, 7.125, 7.141, 7.198, 7.03, 6.69, 5.75, 4.15, 3.7, 4.16, 4.66, 5.04], [1.81, 2.09, 2.04, 1.46, 1.22, 0.98, 0, 0.65, 1.27, 1.11, 2.15, 4.49, 4.89, 5.3, 6.12, 7.75, 7.75, 7.3, 7.52, 9.03, 11.47, 12.42, 12.95, 12.91, 12.63, 12.1, 12.14, 11.72, 11.08, 10.62, 9.77, 9.55, 9.94, 10.12, 9.92, 9.85, 10.07, 9.71, 9.54, 9.69, 10.3, 10.64, 10.61, 9.82, 8.8, 7.48, 6.68, 6.66, 6.53, 7.11, 6.44, 6.6, 6.661, 6.18, 5.52, 6.02, 5.87, 5.38, 5.94, 5.75, 5.36, 6.23, 7.37, 7.59, 7.95, 7.87, 7.95, 8.15, 8.032, 8.202, 8.164, 8.231, 8.777, 8.2, 7.29, 7.153, 7.169, 7.206, 7.026, 6.67, 5.75, 4.17, 3.64, 4.14, 4.74, 4.96], [2.12, 2.38, 2.33, 1.73, 1.67, 1.23, 0.65, 0, 1.08, 1.08, 1.96, 4.18, 4.56, 5.07, 5.81, 7.44, 7.46, 6.99, 7.21, 8.74, 11.26, 12.15, 12.62, 12.64, 12.36, 11.89, 12.01, 11.59, 10.99, 10.49, 9.64, 9.32, 9.61, 9.97, 9.73, 9.76, 9.98, 9.66, 9.51, 9.66, 10.23, 10.57, 10.54, 9.75, 8.71, 7.41, 6.63, 6.57, 6.44, 6.72, 6.09, 6.35, 6.44, 6.07, 5.39, 5.87, 5.64, 5.07, 5.67, 5.46, 5.03, 5.86, 7.04, 7.26, 7.64, 7.58, 7.62, 7.84, 7.705, 7.84, 7.82, 7.91, 8.45, 7.87, 6.96, 6.861, 6.836, 6.893, 6.713, 6.34, 5.44, 4.0, 3.57, 3.97, 4.41, 4.53], [2.28, 2.54, 2.57, 1.93, 1.95, 1.51, 1.27, 1.08, 0, 1.0, 1.54, 3.72, 4.06, 4.47, 5.29, 6.98, 6.98, 6.53, 6.75, 8.26, 10.66, 11.67, 12.18, 12.14, 11.86, 11.37, 11.41, 10.99, 10.29, 9.89, 9.0, 8.72, 9.19, 9.35, 9.17, 9.08, 9.26, 8.92, 8.81, 9.22, 9.71, 10.07, 9.98, 9.09, 8.03, 6.81, 5.99, 5.89, 5.8, 6.3, 5.67, 5.69, 5.714, 5.29, 4.63, 5.21, 5.06, 4.57, 5.19, 4.94, 4.51, 5.26, 6.42, 6.64, 7.04, 7.0, 7.1, 7.36, 7.239, 7.42, 7.34, 7.33, 7.83, 7.25, 6.36, 6.221, 6.257, 6.28, 6.094, 5.74, 4.8, 3.26, 2.95, 3.29, 3.91, 4.17], [1.72, 2.1, 2.07, 1.61, 1.47, 1.35, 1.11, 1.08, 1.0, 0, 1.74, 4.18, 4.54, 4.95, 5.81, 7.44, 7.44, 6.99, 7.15, 8.6, 10.9, 11.97, 12.46, 12.42, 12.12, 11.53, 11.53, 11.13, 10.41, 10.07, 9.2, 9.0, 9.49, 9.59, 9.35, 9.28, 9.48, 9.08, 8.83, 8.94, 9.45, 9.79, 9.78, 9.03, 8.05, 6.67, 5.81, 5.97, 5.98, 6.74, 6.11, 6.11, 6.03, 5.49, 5.03, 5.51, 5.42, 5.03, 5.71, 5.48, 5.05, 5.88, 6.96, 7.2, 7.54, 7.48, 7.6, 7.826, 7.644, 7.852, 7.817, 7.824, 8.367, 7.77, 6.86, 6.738, 6.754, 6.791, 6.611, 6.24, 5.28, 3.74, 3.05, 3.71, 4.35, 4.65], [2.9, 3.4, 3.43, 2.75, 2.81, 2.17, 2.15, 1.96, 1.54, 1.74, 0, 2.58, 3.04, 3.51, 4.25, 5.86, 5.82, 5.29, 5.45, 7.04, 9.5, 10.45, 10.9, 10.88, 10.62, 10.13, 10.21, 9.87, 9.21, 8.69, 7.84, 7.7, 7.97, 8.15, 7.95, 7.94, 8.16, 7.78, 7.63, 8.06, 8.47, 8.83, 8.74, 7.89, 6.83, 5.65, 5.07, 4.81, 4.9, 5.34, 4.73, 4.79, 4.91, 4.49, 4.03, 4.47, 4.24, 3.83, 4.39, 4.26, 3.89, 4.66, 5.6, 5.86, 6.16, 6.06, 6.12, 6.32, 6.19, 6.32, 6.32, 6.398, 6.95, 6.37, 5.46, 5.35, 5.413, 5.42, 5.24, 4.86, 3.94, 2.54, 2.51, 2.69, 3.33, 3.51], [4.96, 5.5, 5.57, 5.05, 5.07, 4.53, 4.49, 4.18, 3.72, 4.18, 2.58, 0, 1.06, 1.53, 2.01, 3.46, 3.48, 2.97, 3.41, 4.96, 7.5, 8.49, 8.88, 8.86, 8.52, 8.09, 8.29, 8.01, 7.47, 6.87, 6.32, 5.8, 5.93, 6.29, 6.27, 6.32, 6.3, 6.18, 6.29, 6.96, 7.11, 7.35, 7.38, 6.47, 5.31, 4.47, 3.83, 3.77, 3.82, 3.54, 3.39, 3.35, 3.57, 3.91, 3.53, 2.83, 2.9, 2.59, 2.65, 2.54, 2.17, 2.6, 3.36, 3.6, 3.84, 3.78, 3.74, 4.02, 4.01, 4.04, 4.0, 4.01, 4.57, 3.99, 3.12, 3.05, 3.08, 3.14, 2.98, 2.7, 1.88, 2.18, 2.77, 2.61, 2.65, 2.49], [5.3, 5.86, 5.99, 5.489, 5.424, 4.95, 4.89, 4.56, 4.06, 4.54, 3.04, 1.06, 0, 0.91, 1.53, 3.0, 3.02, 2.65, 2.91, 4.5, 7.06, 7.99, 8.42, 8.44, 8.12, 7.69, 7.85, 7.49, 6.95, 6.43, 5.76, 5.26, 5.51, 5.87, 5.79, 5.74, 5.82, 5.64, 5.69, 6.42, 6.55, 6.85, 6.8, 5.87, 4.75, 3.89, 3.17, 3.17, 3.28, 2.92, 2.73, 2.57, 2.75, 3.09, 2.81, 2.31, 2.28, 2.07, 2.27, 2.16, 1.91, 2.22, 2.88, 3.06, 3.4, 3.36, 3.36, 3.48, 3.43, 3.48, 3.36, 3.45, 4.01, 3.43, 2.56, 2.47, 2.48, 2.58, 2.34, 2.12, 1.42, 1.96, 2.35, 2.15, 2.13, 2.07], [5.71, 6.27, 6.399, 5.916, 5.84, 5.32, 5.3, 5.07, 4.47, 4.95, 3.51, 1.53, 0.91, 0, 1.06, 2.75, 2.75, 2.32, 2.72, 4.29, 6.77, 7.82, 8.31, 8.27, 7.93, 7.42, 7.52, 7.14, 6.6, 6.04, 5.45, 5.03, 5.38, 5.54, 5.48, 5.45, 5.47, 5.35, 5.44, 6.11, 6.26, 6.46, 6.37, 5.42, 4.42, 3.64, 2.84, 2.98, 3.03, 2.93, 2.7, 2.38, 2.56, 3.04, 2.72, 2.08, 2.17, 2.08, 2.02, 1.89, 1.74, 1.93, 2.59, 2.81, 3.23, 3.25, 3.25, 3.43, 3.4, 3.35, 3.29, 3.3, 3.86, 3.28, 2.41, 2.2, 2.19, 2.41, 2.19, 2.11, 1.71, 2.05, 2.48, 2.26, 2.34, 2.06], [6.57, 7.11, 7.24, 6.756, 6.7, 6.16, 6.12, 5.81, 5.29, 5.81, 4.25, 2.01, 1.53, 1.06, 0, 1.99, 2.03, 1.48, 2.02, 3.61, 6.13, 7.18, 7.63, 7.59, 7.27, 6.78, 7.02, 6.76, 6.16, 5.66, 5.43, 4.85, 5.02, 5.28, 5.4, 5.45, 5.39, 5.35, 5.46, 6.21, 6.34, 6.34, 6.37, 5.42, 4.5, 3.92, 3.16, 3.32, 3.19, 2.91, 2.92, 2.72, 3.1, 3.58, 3.28, 2.48, 2.63, 2.48, 1.8, 1.83, 1.7, 1.71, 2.07, 2.23, 2.57, 2.63, 2.89, 2.81, 2.92, 2.59, 2.47, 2.42, 2.94, 2.42, 1.93, 1.76, 1.75, 2.05, 1.95, 1.93, 1.93, 2.89, 3.34, 3.06, 2.78, 2.58], [8.22, 8.78, 8.89, 8.344, 8.31, 7.75, 7.75, 7.44, 6.98, 7.44, 5.86, 3.46, 3.0, 2.75, 1.99, 0, 0.58, 1.19, 1.55, 2.06, 4.46, 5.53, 5.92, 5.84, 5.46, 5.15, 5.47, 5.19, 4.59, 4.15, 4.0, 3.54, 3.57, 3.85, 3.95, 4.04, 3.98, 3.98, 4.13, 5.06, 5.19, 4.91, 5.02, 4.23, 3.43, 4.03, 3.35, 3.41, 3.14, 2.54, 2.89, 2.85, 3.31, 3.81, 3.69, 2.85, 2.96, 3.01, 2.11, 2.28, 2.69, 2.42, 2.24, 1.96, 2.16, 2.0, 2.36, 2.2, 2.03, 1.76, 1.64, 1.91, 2.05, 2.03, 2.16, 2.17, 2.08, 2.16, 2.02, 2.14, 2.8, 4.04, 4.75, 4.17, 3.73, 3.47], [8.22, 8.76, 8.85, 8.304, 8.31, 7.75, 7.75, 7.46, 6.98, 7.44, 5.82, 3.48, 3.02, 2.75, 2.03, 0.58, 0, 1.19, 1.39, 1.9, 4.36, 5.41, 5.8, 5.78, 5.42, 5.01, 5.27, 5.01, 4.41, 3.99, 3.8, 3.3, 3.37, 3.61, 3.75, 3.86, 3.72, 3.8, 3.97, 4.94, 5.01, 4.71, 4.8, 4.07, 3.31, 3.89, 3.25, 3.21, 2.96, 2.36, 2.69, 2.73, 3.23, 3.69, 3.55, 2.77, 2.84, 2.99, 2.03, 2.26, 2.71, 2.48, 2.2, 1.88, 2.16, 2.1, 2.5, 2.28, 2.11, 1.84, 1.78, 2.05, 2.23, 2.23, 2.26, 2.25, 2.12, 2.28, 2.08, 2.16, 2.68, 3.96, 4.75, 4.13, 3.75, 3.39], [7.77, 8.31, 8.38, 7.814, 7.86, 7.3, 7.3, 6.99, 6.53, 6.99, 5.29, 2.97, 2.65, 2.32, 1.48, 1.19, 1.19, 0, 1.08, 2.31, 4.93, 6.12, 6.41, 6.29, 5.91, 5.6, 5.94, 5.8, 5.16, 4.7, 4.57, 4.11, 4.1, 4.38, 4.44, 4.57, 4.47, 4.45, 4.6, 5.37, 5.5, 5.38, 5.51, 4.66, 3.7, 3.92, 3.18, 2.94, 2.77, 2.39, 2.66, 2.68, 3.16, 3.64, 3.38, 2.66, 2.81, 2.8, 1.78, 1.85, 2.2, 2.03, 1.89, 1.89, 2.07, 2.05, 2.47, 2.23, 2.28, 1.85, 1.63, 1.78, 2.02, 1.86, 1.73, 1.7, 1.65, 1.91, 1.85, 1.89, 2.25, 3.55, 4.3, 3.78, 3.26, 3.04], [7.97, 8.51, 8.54, 7.98, 8.02, 7.52, 7.52, 7.21, 6.75, 7.15, 5.45, 3.41, 2.91, 2.72, 2.02, 1.55, 1.39, 1.08, 0, 2.07, 4.59, 5.64, 5.93, 5.93, 5.57, 5.24, 5.46, 5.26, 4.64, 4.4, 4.39, 3.83, 3.84, 4.16, 4.34, 4.49, 4.39, 4.47, 4.6, 5.45, 5.58, 5.36, 5.49, 4.66, 3.74, 3.92, 3.18, 2.96, 2.95, 2.49, 2.88, 2.82, 3.24, 3.76, 3.48, 2.62, 2.77, 2.9, 2.0, 2.15, 2.48, 2.21, 2.15, 2.21, 2.59, 2.53, 2.93, 2.63, 2.52, 2.21, 1.99, 2.14, 2.34, 2.06, 2.09, 2.06, 2.01, 2.15, 2.05, 2.09, 2.39, 3.79, 4.52, 3.96, 3.44, 3.06], [9.42, 9.96, 9.97, 9.35, 9.45, 9.03, 9.03, 8.74, 8.26, 8.6, 7.04, 4.96, 4.5, 4.29, 3.61, 2.06, 1.9, 2.31, 2.07, 0, 2.94, 4.05, 4.32, 4.22, 3.82, 3.53, 3.85, 3.73, 3.09, 2.87, 2.9, 2.54, 2.39, 2.75, 3.07, 3.04, 2.86, 3.22, 3.49, 4.4, 4.29, 3.93, 4.24, 3.69, 3.17, 4.19, 3.63, 3.27, 3.12, 2.4, 2.95, 3.21, 3.43, 3.83, 3.93, 3.39, 3.52, 4.07, 3.39, 3.6, 4.15, 3.94, 2.82, 2.38, 2.48, 2.4, 2.84, 2.5, 2.27, 1.9, 2.08, 2.45, 2.51, 2.45, 2.56, 2.83, 2.88, 2.94, 2.94, 3.12, 3.88, 5.28, 6.01, 5.43, 4.93, 4.63], [11.7, 12.22, 12.25, 11.65, 11.83, 11.49, 11.47, 11.26, 10.66, 10.9, 9.5, 7.5, 7.06, 6.77, 6.13, 4.46, 4.36, 4.93, 4.59, 2.94, 0, 1.61, 1.88, 1.7, 1.42, 1.31, 1.55, 1.45, 1.33, 1.75, 2.28, 2.28, 2.01, 1.77, 2.07, 2.1, 2.02, 2.38, 2.77, 3.7, 3.51, 3.03, 3.34, 3.59, 4.19, 6.07, 5.87, 5.55, 5.46, 4.86, 5.35, 5.33, 5.33, 5.87, 6.27, 5.83, 6.0, 6.57, 5.83, 6.1, 6.67, 6.48, 5.24, 4.72, 4.3, 4.26, 4.36, 4.02, 4.17, 3.96, 4.2, 4.45, 4.39, 4.51, 4.94, 5.29, 5.38, 5.46, 5.44, 5.64, 6.38, 7.68, 8.39, 7.85, 7.45, 7.09], [12.79, 13.35, 13.34, 12.76, 12.82, 12.46, 12.42, 12.15, 11.67, 11.97, 10.45, 8.49, 7.99, 7.82, 7.18, 5.53, 5.41, 6.12, 5.64, 4.05, 1.61, 0, 0.81, 0.89, 0.95, 1.32, 1.32, 1.36, 1.8, 2.38, 2.99, 3.13, 2.76, 2.52, 2.86, 3.03, 2.97, 3.33, 3.66, 4.47, 4.32, 3.84, 3.99, 4.42, 5.22, 7.1, 6.92, 6.66, 6.53, 5.77, 6.24, 6.3, 6.36, 6.94, 7.22, 6.72, 6.87, 7.5, 6.82, 7.07, 7.64, 7.45, 6.21, 5.71, 5.47, 5.35, 5.39, 5.07, 5.24, 5.19, 5.37, 5.56, 5.62, 5.76, 6.11, 6.42, 6.49, 6.55, 6.47, 6.63, 7.31, 8.69, 9.4, 8.86, 8.4, 8.1], [13.3, 13.84, 13.81, 13.21, 13.35, 12.97, 12.95, 12.62, 12.18, 12.46, 10.9, 8.88, 8.42, 8.31, 7.63, 5.92, 5.8, 6.41, 5.93, 4.32, 1.88, 0.81, 0, 0.68, 1.0, 1.65, 1.63, 1.79, 2.27, 2.89, 3.48, 3.58, 3.17, 3.01, 3.35, 3.46, 3.42, 3.82, 4.15, 4.94, 4.79, 4.33, 4.52, 4.91, 5.69, 7.57, 7.39, 7.11, 6.98, 6.22, 6.75, 6.77, 6.85, 7.43, 7.77, 7.27, 7.38, 8.01, 7.31, 7.54, 8.07, 7.88, 6.66, 6.14, 5.78, 5.7, 5.78, 5.44, 5.65, 5.48, 5.68, 5.91, 5.91, 6.05, 6.44, 6.81, 6.86, 6.92, 6.88, 7.04, 7.76, 9.22, 9.93, 9.37, 8.87, 8.53], [13.26, 13.8, 13.71, 13.11, 13.29, 12.95, 12.91, 12.64, 12.14, 12.42, 10.88, 8.86, 8.44, 8.27, 7.59, 5.84, 5.78, 6.29, 5.93, 4.22, 1.7, 0.89, 0.68, 0, 0.78, 1.39, 1.51, 1.73, 2.21, 2.79, 3.42, 3.54, 3.13, 2.95, 3.19, 3.36, 3.28, 3.7, 4.03, 4.74, 4.59, 4.13, 4.34, 4.77, 5.53, 7.41, 7.27, 6.95, 6.82, 6.18, 6.73, 6.73, 6.79, 7.31, 7.71, 7.21, 7.34, 7.97, 7.31, 7.56, 8.11, 7.92, 6.68, 6.16, 5.74, 5.64, 5.74, 5.38, 5.55, 5.36, 5.58, 5.81, 5.77, 5.97, 6.38, 6.69, 6.8, 6.84, 6.86, 7.04, 7.78, 9.18, 9.89, 9.35, 8.87, 8.53], [12.94, 13.48, 13.35, 12.77, 12.99, 12.65, 12.63, 12.36, 11.86, 12.12, 10.62, 8.52, 8.12, 7.93, 7.27, 5.46, 5.42, 5.91, 5.57, 3.82, 1.42, 0.95, 1.0, 0.78, 0, 0.97, 1.11, 1.29, 1.85, 2.39, 3.08, 3.22, 2.79, 2.59, 2.87, 3.06, 2.92, 3.36, 3.71, 4.36, 4.23, 3.71, 3.9, 4.35, 5.09, 7.11, 6.95, 6.61, 6.46, 5.9, 6.43, 6.45, 6.49, 6.93, 7.43, 6.99, 7.1, 7.69, 6.99, 7.26, 7.81, 7.62, 6.38, 5.86, 5.44, 5.34, 5.4, 5.04, 5.23, 5.04, 5.26, 5.49, 5.47, 5.65, 6.08, 6.39, 6.52, 6.54, 6.54, 6.72, 7.48, 8.9, 9.61, 9.05, 8.57, 8.23], [12.29, 12.79, 12.714, 12.12, 12.4, 12.16, 12.1, 11.89, 11.37, 11.53, 10.13, 8.09, 7.69, 7.42, 6.78, 5.15, 5.01, 5.6, 5.24, 3.53, 1.31, 1.32, 1.65, 1.39, 0.97, 0, 0.74, 1.02, 1.26, 1.74, 2.47, 2.75, 2.32, 2.02, 2.2, 2.37, 2.23, 2.69, 3.0, 3.51, 3.38, 2.86, 3.11, 3.64, 4.38, 6.4, 6.24, 5.92, 5.83, 5.41, 5.96, 5.96, 5.9, 6.34, 6.88, 6.38, 6.55, 7.2, 6.54, 6.83, 7.4, 7.21, 5.95, 5.43, 5.15, 5.05, 5.11, 4.75, 4.92, 4.77, 5.01, 5.2, 5.26, 5.42, 5.77, 6.08, 6.11, 6.21, 6.13, 6.31, 7.05, 8.39, 9.06, 8.56, 8.16, 7.78], [12.27, 12.77, 12.674, 12.12, 12.36, 12.24, 12.14, 12.01, 11.41, 11.53, 10.21, 8.29, 7.85, 7.52, 7.02, 5.47, 5.27, 5.94, 5.46, 3.85, 1.55, 1.32, 1.63, 1.51, 1.11, 0.74, 0, 0.76, 1.2, 1.62, 2.49, 2.85, 2.44, 2.12, 2.34, 2.43, 2.27, 2.67, 2.96, 3.43, 3.28, 2.78, 2.93, 3.46, 4.3, 6.3, 6.16, 5.84, 5.81, 5.57, 6.1, 6.06, 6.02, 6.36, 6.94, 6.4, 6.63, 7.34, 6.7, 7.01, 7.66, 7.41, 6.15, 5.73, 5.49, 5.39, 5.45, 5.09, 5.26, 5.09, 5.31, 5.54, 5.56, 5.74, 6.11, 6.42, 6.43, 6.55, 6.47, 6.65, 7.23, 8.47, 9.04, 8.64, 8.32, 7.9], [11.91, 12.43, 12.28, 11.74, 11.98, 11.82, 11.72, 11.59, 10.99, 11.13, 9.87, 8.01, 7.49, 7.14, 6.76, 5.19, 5.01, 5.8, 5.26, 3.73, 1.45, 1.36, 1.79, 1.73, 1.29, 1.02, 0.76, 0, 0.92, 1.5, 2.07, 2.43, 2.12, 1.84, 2.08, 2.19, 2.09, 2.51, 2.8, 3.35, 3.16, 2.68, 2.87, 3.28, 4.08, 5.94, 5.74, 5.52, 5.43, 5.29, 5.72, 5.66, 5.62, 5.94, 6.54, 6.06, 6.23, 6.96, 6.32, 6.61, 7.3, 7.05, 5.77, 5.39, 5.17, 5.07, 5.11, 4.79, 4.94, 4.87, 5.05, 5.22, 5.28, 5.44, 5.79, 6.1, 6.13, 6.25, 6.17, 6.35, 6.87, 8.05, 8.64, 8.22, 7.94, 7.54], [11.25, 11.79, 11.74, 11.2, 11.3, 11.12, 11.08, 10.99, 10.29, 10.41, 9.21, 7.47, 6.95, 6.6, 6.16, 4.59, 4.41, 5.16, 4.64, 3.09, 1.33, 1.8, 2.27, 2.21, 1.85, 1.26, 1.2, 0.92, 0, 0.98, 1.55, 1.81, 1.6, 1.3, 1.54, 1.65, 1.53, 1.87, 2.18, 2.97, 2.72, 2.28, 2.51, 2.9, 3.62, 5.52, 5.22, 5.04, 4.95, 4.75, 5.18, 5.02, 5.0, 5.34, 5.84, 5.42, 5.59, 6.34, 5.76, 6.05, 6.64, 6.41, 5.15, 4.71, 4.47, 4.37, 4.43, 4.15, 4.28, 4.25, 4.43, 4.54, 4.58, 4.74, 5.09, 5.4, 5.43, 5.55, 5.47, 5.65, 6.21, 7.41, 7.94, 7.52, 7.32, 6.96], [10.89, 11.43, 11.34, 10.76, 10.96, 10.72, 10.62, 10.49, 9.89, 10.07, 8.69, 6.87, 6.43, 6.04, 5.66, 4.15, 3.99, 4.7, 4.4, 2.87, 1.75, 2.38, 2.89, 2.79, 2.39, 1.74, 1.62, 1.5, 0.98, 0, 1.09, 1.45, 1.3, 1.08, 1.22, 1.33, 1.23, 1.59, 1.86, 2.49, 2.18, 1.82, 1.95, 2.26, 3.06, 4.92, 4.78, 4.5, 4.43, 4.19, 4.68, 4.58, 4.6, 4.96, 5.46, 5.04, 5.17, 5.92, 5.26, 5.57, 6.24, 5.99, 4.71, 4.31, 4.15, 4.05, 4.07, 3.77, 3.92, 3.83, 4.03, 4.2, 4.3, 4.44, 4.73, 5.06, 5.11, 5.21, 5.13, 5.31, 5.83, 6.97, 7.6, 7.12, 6.9, 6.42], [10.04, 10.58, 10.45, 9.89, 10.07, 9.81, 9.77, 9.64, 9.0, 9.2, 7.84, 6.32, 5.76, 5.45, 5.43, 4.0, 3.8, 4.57, 4.39, 2.9, 2.28, 2.99, 3.48, 3.42, 3.08, 2.47, 2.49, 2.07, 1.55, 1.09, 0, 0.96, 1.19, 1.03, 0.91, 0.9, 1.0, 1.18, 1.37, 2.16, 1.91, 1.67, 1.8, 1.81, 2.53, 4.21, 3.97, 3.79, 3.64, 3.5, 3.99, 3.75, 3.83, 4.09, 4.57, 4.35, 4.44, 5.09, 4.55, 4.9, 5.63, 5.48, 4.22, 3.9, 3.74, 3.68, 3.6, 3.42, 3.49, 3.62, 3.8, 3.91, 4.11, 4.21, 4.46, 4.69, 4.76, 4.86, 4.82, 4.96, 5.28, 6.2, 6.69, 6.23, 6.03, 5.61], [9.84, 10.38, 10.41, 9.91, 9.89, 9.53, 9.55, 9.32, 8.72, 9.0, 7.7, 5.8, 5.26, 5.03, 4.85, 3.54, 3.3, 4.11, 3.83, 2.54, 2.28, 3.13, 3.58, 3.54, 3.22, 2.75, 2.85, 2.43, 1.81, 1.45, 0.96, 0, 0.71, 1.05, 1.03, 1.18, 1.2, 1.5, 1.63, 2.58, 2.45, 2.17, 2.32, 2.15, 2.75, 4.45, 3.99, 3.91, 3.7, 3.08, 3.47, 3.37, 3.63, 3.97, 4.29, 3.95, 4.02, 4.59, 4.09, 4.4, 5.03, 4.8, 3.54, 3.28, 3.18, 3.16, 3.08, 2.9, 2.97, 3.08, 3.22, 3.31, 3.47, 3.57, 3.78, 4.03, 4.1, 4.2, 4.16, 4.3, 4.62, 5.78, 6.47, 5.89, 5.55, 5.21], [10.31, 10.85, 10.82, 10.32, 10.38, 10.02, 9.94, 9.61, 9.19, 9.49, 7.97, 5.93, 5.51, 5.38, 5.02, 3.57, 3.37, 4.1, 3.84, 2.39, 2.01, 2.76, 3.17, 3.13, 2.79, 2.32, 2.44, 2.12, 1.6, 1.3, 1.19, 0.71, 0, 0.88, 1.12, 1.19, 1.15, 1.55, 1.66, 2.59, 2.5, 2.08, 2.41, 2.44, 3.02, 4.78, 4.46, 4.18, 3.93, 3.17, 3.72, 3.8, 4.04, 4.42, 4.74, 4.38, 4.49, 4.98, 4.4, 4.69, 5.38, 5.07, 3.81, 3.55, 3.47, 3.39, 3.33, 3.07, 3.2, 3.19, 3.35, 3.54, 3.66, 3.78, 4.03, 4.32, 4.37, 4.45, 4.37, 4.53, 4.91, 6.21, 6.94, 6.36, 5.92, 5.48], [10.39, 10.95, 10.96, 10.42, 10.46, 10.18, 10.12, 9.97, 9.35, 9.59, 8.15, 6.29, 5.87, 5.54, 5.28, 3.85, 3.61, 4.38, 4.16, 2.75, 1.77, 2.52, 3.01, 2.95, 2.59, 2.02, 2.12, 1.84, 1.3, 1.08, 1.03, 1.05, 0.88, 0, 0.78, 0.93, 0.95, 1.21, 1.4, 2.39, 2.12, 1.92, 2.15, 2.32, 2.98, 4.92, 4.64, 4.32, 4.17, 3.63, 4.08, 4.04, 4.08, 4.56, 4.92, 4.56, 4.71, 5.32, 4.66, 4.99, 5.64, 5.45, 4.17, 3.83, 3.69, 3.63, 3.53, 3.29, 3.46, 3.47, 3.67, 3.86, 4.0, 4.16, 4.39, 4.6, 4.67, 4.77, 4.73, 4.87, 5.23, 6.41, 7.06, 6.58, 6.3, 5.88], [10.17, 10.71, 10.66, 10.117, 10.24, 9.96, 9.92, 9.73, 9.17, 9.35, 7.95, 6.27, 5.79, 5.48, 5.4, 3.95, 3.75, 4.44, 4.34, 3.07, 2.07, 2.86, 3.35, 3.19, 2.87, 2.2, 2.34, 2.08, 1.54, 1.22, 0.91, 1.03, 1.12, 0.78, 0, 0.77, 0.95, 0.93, 1.24, 2.13, 1.86, 1.54, 1.75, 1.92, 2.6, 4.5, 4.3, 3.98, 3.77, 3.45, 3.94, 3.78, 3.8, 4.22, 4.7, 4.44, 4.55, 5.12, 4.6, 4.93, 5.64, 5.47, 4.21, 3.87, 3.71, 3.65, 3.57, 3.33, 3.44, 3.53, 3.71, 3.88, 4.02, 4.18, 4.45, 4.66, 4.71, 4.81, 4.75, 4.89, 5.25, 6.27, 6.88, 6.38, 6.12, 5.7], [9.992, 10.506, 10.499, 9.97, 10.125, 9.95, 9.85, 9.76, 9.08, 9.28, 7.94, 6.32, 5.74, 5.45, 5.45, 4.04, 3.86, 4.57, 4.49, 3.04, 2.1, 3.03, 3.46, 3.36, 3.06, 2.37, 2.43, 2.19, 1.65, 1.33, 0.9, 1.18, 1.19, 0.93, 0.77, 0, 0.68, 0.84, 0.97, 2.02, 1.77, 1.51, 1.66, 1.83, 2.55, 4.39, 4.19, 3.87, 3.76, 3.5, 3.99, 3.77, 3.77, 4.17, 4.61, 4.53, 4.62, 5.15, 4.63, 5.0, 5.73, 5.6, 4.32, 4.02, 3.82, 3.76, 3.66, 3.42, 3.55, 3.62, 3.84, 3.99, 4.19, 4.31, 4.56, 4.75, 4.76, 4.9, 4.88, 5.02, 5.34, 6.26, 6.73, 6.33, 6.09, 5.67], [10.212, 10.726, 10.739, 10.17, 10.365, 10.17, 10.07, 9.98, 9.26, 9.48, 8.16, 6.3, 5.82, 5.47, 5.39, 3.98, 3.72, 4.47, 4.39, 2.86, 2.02, 2.97, 3.42, 3.28, 2.92, 2.23, 2.27, 2.09, 1.53, 1.23, 1.0, 1.2, 1.15, 0.95, 0.95, 0.68, 0, 0.78, 1.13, 2.12, 1.99, 1.63, 1.76, 1.97, 2.67, 4.61, 4.396, 4.07, 3.94, 3.64, 4.11, 3.93, 4.01, 4.41, 4.83, 4.63, 4.76, 5.35, 4.77, 5.06, 5.81, 5.6, 4.34, 4.04, 3.84, 3.76, 3.66, 3.42, 3.59, 3.64, 3.82, 3.97, 4.11, 4.31, 4.54, 4.73, 4.74, 4.92, 4.88, 5.06, 5.38, 6.38, 6.908, 6.51, 6.29, 5.83], [9.74, 10.28, 10.336, 9.81, 9.87, 9.77, 9.71, 9.66, 8.92, 9.08, 7.78, 6.18, 5.64, 5.35, 5.35, 3.98, 3.8, 4.45, 4.47, 3.22, 2.38, 3.33, 3.82, 3.7, 3.36, 2.69, 2.67, 2.51, 1.87, 1.59, 1.18, 1.5, 1.55, 1.21, 0.93, 0.84, 0.78, 0, 0.59, 1.76, 1.63, 1.49, 1.52, 1.79, 2.39, 4.21, 4.09, 3.71, 3.74, 3.48, 3.97, 3.75, 3.83, 4.17, 4.53, 4.45, 4.56, 5.09, 4.65, 4.96, 5.71, 5.6, 4.32, 4.02, 3.82, 3.74, 3.58, 3.38, 3.53, 3.58, 3.8, 3.99, 4.11, 4.29, 4.52, 4.69, 4.72, 4.88, 4.86, 5.04, 5.28, 6.16, 6.49, 6.17, 6.01, 5.59], [9.35, 9.89, 9.894, 9.56, 9.58, 9.66, 9.54, 9.51, 8.81, 8.83, 7.63, 6.29, 5.69, 5.44, 5.46, 4.13, 3.97, 4.6, 4.6, 3.49, 2.77, 3.66, 4.15, 4.03, 3.71, 3.0, 2.96, 2.8, 2.18, 1.86, 1.37, 1.63, 1.66, 1.4, 1.24, 0.97, 1.13, 0.59, 0, 1.35, 1.36, 1.38, 1.39, 1.48, 2.2, 3.78, 3.72, 3.54, 3.57, 3.45, 3.98, 3.78, 3.78, 3.98, 4.44, 4.48, 4.59, 5.12, 4.72, 5.03, 5.78, 5.71, 4.41, 4.11, 3.91, 3.83, 3.65, 3.47, 3.6, 3.69, 3.91, 4.08, 4.24, 4.38, 4.61, 4.76, 4.79, 4.97, 4.95, 5.11, 5.35, 6.15, 6.38, 6.1, 5.96, 5.58], [9.395, 9.835, 9.582, 9.49, 9.67, 9.97, 9.69, 9.66, 9.22, 8.94, 8.06, 6.96, 6.42, 6.11, 6.21, 5.06, 4.94, 5.37, 5.45, 4.4, 3.7, 4.47, 4.94, 4.74, 4.36, 3.51, 3.43, 3.35, 2.97, 2.49, 2.16, 2.58, 2.59, 2.39, 2.13, 2.02, 2.12, 1.76, 1.35, 0, 0.95, 1.13, 1.26, 1.47, 2.27, 3.67, 3.73, 3.67, 3.78, 4.1, 4.57, 4.35, 4.25, 4.25, 4.93, 5.01, 5.12, 5.75, 5.57, 5.84, 6.51, 6.64, 5.24, 4.98, 4.72, 4.68, 4.4, 4.3, 4.33, 4.46, 4.84, 5.07, 5.17, 5.35, 5.44, 5.55, 5.58, 5.8, 5.72, 5.92, 6.04, 6.72, 6.75, 6.49, 6.49, 6.19], [9.79, 10.23, 9.98, 10.06, 10.28, 10.46, 10.3, 10.23, 9.71, 9.45, 8.47, 7.11, 6.55, 6.26, 6.34, 5.19, 5.01, 5.5, 5.58, 4.29, 3.51, 4.32, 4.79, 4.59, 4.23, 3.38, 3.28, 3.16, 2.72, 2.18, 1.91, 2.45, 2.5, 2.12, 1.86, 1.77, 1.99, 1.63, 1.36, 0.95, 0, 0.84, 0.91, 1.38, 2.26, 3.52, 3.8, 3.9, 4.05, 4.27, 4.82, 4.6, 4.56, 4.62, 5.34, 5.2, 5.31, 5.98, 5.66, 5.93, 6.64, 6.73, 5.33, 5.07, 4.83, 4.79, 4.53, 4.39, 4.46, 4.59, 4.93, 5.16, 5.28, 5.44, 5.53, 5.64, 5.67, 5.89, 5.83, 6.01, 6.21, 7.07, 7.2, 6.98, 6.88, 6.38], [10.19, 10.61, 10.3, 10.42, 10.62, 10.82, 10.64, 10.57, 10.07, 9.79, 8.83, 7.35, 6.85, 6.46, 6.34, 4.91, 4.71, 5.38, 5.36, 3.93, 3.03, 3.84, 4.33, 4.13, 3.71, 2.86, 2.78, 2.68, 2.28, 1.82, 1.67, 2.17, 2.08, 1.92, 1.54, 1.51, 1.63, 1.49, 1.38, 1.13, 0.84, 0, 0.81, 1.44, 2.34, 3.92, 4.12, 4.2, 4.41, 4.55, 5.08, 4.92, 4.92, 4.98, 5.68, 5.46, 5.59, 6.26, 5.74, 6.09, 6.8, 6.65, 5.35, 5.01, 4.85, 4.79, 4.73, 4.45, 4.52, 4.57, 4.83, 4.98, 5.14, 5.28, 5.53, 5.74, 5.77, 5.91, 5.85, 6.01, 6.41, 7.41, 7.56, 7.34, 7.22, 6.66], [10.2, 10.64, 10.342, 10.35, 10.59, 10.75, 10.61, 10.54, 9.98, 9.78, 8.74, 7.38, 6.8, 6.37, 6.37, 5.02, 4.8, 5.51, 5.49, 4.24, 3.34, 3.99, 4.52, 4.34, 3.9, 3.11, 2.93, 2.87, 2.51, 1.95, 1.8, 2.32, 2.41, 2.15, 1.75, 1.66, 1.76, 1.52, 1.39, 1.26, 0.91, 0.81, 0, 1.09, 2.21, 3.75, 4.03, 4.17, 4.34, 4.52, 5.07, 4.85, 4.77, 4.89, 5.59, 5.45, 5.56, 6.23, 5.73, 6.08, 6.83, 6.76, 5.42, 5.12, 4.92, 4.84, 4.74, 4.5, 4.59, 4.64, 4.96, 5.11, 5.27, 5.43, 5.62, 5.81, 5.82, 5.98, 5.96, 6.12, 6.44, 7.32, 7.49, 7.25, 7.13, 6.63], [9.545, 9.985, 9.712, 9.56, 9.82, 9.9, 9.82, 9.75, 9.09, 9.03, 7.89, 6.47, 5.87, 5.42, 5.42, 4.23, 4.07, 4.66, 4.66, 3.69, 3.59, 4.42, 4.91, 4.77, 4.35, 3.64, 3.46, 3.28, 2.9, 2.26, 1.81, 2.15, 2.44, 2.32, 1.92, 1.83, 1.97, 1.79, 1.48, 1.47, 1.38, 1.44, 1.09, 0, 1.46, 3.089, 3.22, 3.3, 3.51, 3.63, 4.1, 3.94, 3.94, 4.0, 4.7, 4.48, 4.61, 5.28, 4.84, 5.15, 5.86, 5.87, 4.47, 4.21, 3.97, 3.91, 3.77, 3.55, 3.62, 3.69, 4.07, 4.24, 4.38, 4.54, 4.67, 4.84, 4.85, 5.03, 5.01, 5.17, 5.45, 6.41, 6.66, 6.38, 6.24, 5.72], [8.59, 9.01, 8.72, 8.56, 8.86, 8.86, 8.8, 8.71, 8.03, 8.05, 6.83, 5.31, 4.75, 4.42, 4.5, 3.43, 3.31, 3.7, 3.74, 3.17, 4.19, 5.22, 5.69, 5.53, 5.09, 4.38, 4.3, 4.08, 3.62, 3.06, 2.53, 2.75, 3.02, 2.98, 2.6, 2.55, 2.67, 2.39, 2.2, 2.27, 2.26, 2.34, 2.21, 1.46, 0, 2.1, 2.34, 2.14, 2.43, 2.57, 3.02, 2.98, 3.04, 3.06, 3.66, 3.4, 3.51, 4.18, 3.8, 4.09, 4.78, 4.85, 3.47, 3.19, 3.11, 2.99, 2.83, 2.71, 2.66, 2.79, 3.13, 3.36, 3.54, 3.6, 3.69, 3.78, 3.83, 4.03, 3.97, 4.15, 4.37, 5.29, 5.62, 5.34, 5.16, 4.7], [7.07, 7.49, 7.16, 7.2, 7.46, 7.6, 7.48, 7.41, 6.81, 6.67, 5.65, 4.47, 3.89, 3.64, 3.92, 4.03, 3.89, 3.92, 3.92, 4.19, 6.07, 7.1, 7.57, 7.41, 7.11, 6.4, 6.3, 5.94, 5.52, 4.92, 4.21, 4.45, 4.78, 4.92, 4.5, 4.39, 4.61, 4.21, 3.78, 3.67, 3.52, 3.92, 3.75, 3.089, 2.1, 0, 1.3, 1.64, 2.01, 2.73, 2.86, 2.56, 2.58, 2.44, 2.76, 2.5, 2.59, 3.16, 3.1, 3.43, 3.84, 3.95, 3.29, 3.23, 3.29, 3.19, 3.33, 3.45, 3.3, 3.53, 3.63, 3.74, 4.3, 3.9, 3.37, 3.3, 3.27, 3.45, 3.25, 3.45, 3.61, 4.29, 4.34, 4.1, 4.0, 3.58], [6.39, 6.87, 6.74, 6.58, 6.62, 6.8, 6.68, 6.63, 5.99, 5.81, 5.07, 3.83, 3.17, 2.84, 3.16, 3.35, 3.25, 3.18, 3.18, 3.63, 5.87, 6.92, 7.39, 7.27, 6.95, 6.24, 6.16, 5.74, 5.22, 4.78, 3.97, 3.99, 4.46, 4.64, 4.3, 4.19, 4.396, 4.09, 3.72, 3.73, 3.8, 4.12, 4.03, 3.22, 2.34, 1.3, 0, 1.08, 1.31, 2.05, 2.02, 1.94, 2.0, 1.84, 2.1, 1.66, 1.73, 2.26, 2.2, 2.45, 2.98, 3.01, 2.29, 2.49, 2.73, 2.65, 2.81, 2.91, 2.76, 2.93, 2.95, 3.1, 3.52, 3.22, 2.53, 2.52, 2.51, 2.69, 2.53, 2.67, 2.75, 3.41, 3.52, 3.28, 3.18, 2.74], [6.65, 7.13, 6.92, 6.5, 6.78, 6.72, 6.66, 6.57, 5.89, 5.97, 4.81, 3.77, 3.17, 2.98, 3.32, 3.41, 3.21, 2.94, 2.96, 3.27, 5.55, 6.66, 7.11, 6.95, 6.61, 5.92, 5.84, 5.52, 5.04, 4.5, 3.79, 3.91, 4.18, 4.32, 3.98, 3.87, 4.07, 3.71, 3.54, 3.67, 3.9, 4.2, 4.17, 3.3, 2.14, 1.64, 1.08, 0, 1.03, 1.69, 1.56, 1.52, 1.8, 1.54, 1.82, 1.54, 1.67, 2.16, 2.34, 2.59, 3.14, 3.29, 2.37, 2.41, 2.75, 2.71, 2.73, 2.79, 2.6, 2.75, 2.85, 3.1, 3.52, 3.2, 2.65, 2.66, 2.71, 2.81, 2.65, 2.79, 2.71, 3.27, 3.54, 3.26, 3.06, 2.7], [6.74, 7.232, 7.07, 6.605, 6.771, 6.65, 6.53, 6.44, 5.8, 5.98, 4.9, 3.82, 3.28, 3.03, 3.19, 3.14, 2.96, 2.77, 2.95, 3.12, 5.46, 6.53, 6.98, 6.82, 6.46, 5.83, 5.81, 5.43, 4.95, 4.43, 3.64, 3.7, 3.93, 4.17, 3.77, 3.76, 3.94, 3.74, 3.57, 3.78, 4.05, 4.41, 4.34, 3.51, 2.43, 2.01, 1.31, 1.03, 0, 1.26, 1.43, 1.57, 1.71, 1.57, 1.75, 1.63, 1.6, 2.09, 1.99, 2.28, 2.89, 3.0, 2.2, 2.26, 2.52, 2.5, 2.66, 2.7, 2.49, 2.52, 2.68, 3.03, 3.41, 3.21, 2.66, 2.61, 2.6, 2.74, 2.66, 2.76, 2.84, 3.3, 3.59, 3.21, 2.93, 2.63], [7.42, 7.96, 7.97, 7.49, 7.49, 7.15, 7.11, 6.72, 6.3, 6.74, 5.34, 3.54, 2.92, 2.93, 2.91, 2.54, 2.36, 2.39, 2.49, 2.4, 4.86, 5.77, 6.22, 6.18, 5.9, 5.41, 5.57, 5.29, 4.75, 4.19, 3.5, 3.08, 3.17, 3.63, 3.45, 3.5, 3.64, 3.48, 3.45, 4.1, 4.27, 4.55, 4.52, 3.63, 2.57, 2.73, 2.05, 1.69, 1.26, 0, 1.03, 1.55, 2.01, 2.27, 2.05, 1.61, 1.6, 2.01, 1.79, 2.02, 2.65, 2.64, 1.82, 1.82, 1.98, 1.94, 2.04, 2.02, 1.65, 1.76, 2.0, 2.43, 2.77, 2.65, 2.24, 2.17, 2.1, 2.26, 2.14, 2.36, 2.46, 3.54, 4.19, 3.63, 2.95, 2.53], [6.81, 7.35, 7.42, 6.94, 6.9, 6.48, 6.44, 6.09, 5.67, 6.11, 4.73, 3.39, 2.73, 2.7, 2.92, 2.89, 2.69, 2.66, 2.88, 2.95, 5.35, 6.24, 6.75, 6.73, 6.43, 5.96, 6.1, 5.72, 5.18, 4.68, 3.99, 3.47, 3.72, 4.08, 3.94, 3.99, 4.11, 3.97, 3.98, 4.57, 4.82, 5.08, 5.07, 4.1, 3.02, 2.86, 2.02, 1.56, 1.43, 1.03, 0, 1.2, 1.58, 1.52, 1.28, 1.32, 1.31, 1.64, 1.94, 2.19, 2.68, 2.69, 1.83, 1.67, 1.93, 1.85, 1.85, 1.99, 1.78, 1.97, 2.19, 2.56, 2.94, 2.72, 2.05, 2.18, 2.11, 2.17, 2.05, 2.17, 2.11, 2.77, 3.5, 2.88, 2.32, 2.3], [6.876, 7.416, 7.528, 7.042, 7.009, 6.635, 6.6, 6.35, 5.69, 6.11, 4.79, 3.35, 2.57, 2.38, 2.72, 2.85, 2.73, 2.68, 2.82, 3.21, 5.33, 6.3, 6.77, 6.73, 6.45, 5.96, 6.06, 5.66, 5.02, 4.58, 3.75, 3.37, 3.8, 4.04, 3.78, 3.77, 3.93, 3.75, 3.78, 4.35, 4.6, 4.92, 4.85, 3.94, 2.98, 2.56, 1.94, 1.52, 1.57, 1.55, 1.2, 0, 0.98, 1.3, 1.44, 1.44, 1.43, 1.66, 2.0, 2.27, 2.72, 2.57, 1.77, 1.65, 1.87, 1.83, 1.87, 2.03, 1.9, 2.11, 2.25, 2.32, 2.78, 2.42, 1.93, 1.96, 1.89, 1.93, 1.75, 1.85, 1.97, 2.71, 3.32, 2.74, 2.42, 2.2], [6.765, 7.319, 7.428, 6.965, 6.938, 6.684, 6.661, 6.44, 5.714, 6.03, 4.91, 3.57, 2.75, 2.56, 3.1, 3.31, 3.23, 3.16, 3.24, 3.43, 5.33, 6.36, 6.85, 6.79, 6.49, 5.9, 6.02, 5.62, 5.0, 4.6, 3.83, 3.63, 4.04, 4.08, 3.8, 3.77, 4.01, 3.83, 3.78, 4.25, 4.56, 4.92, 4.77, 3.94, 3.04, 2.58, 2.0, 1.8, 1.71, 2.01, 1.58, 0.98, 0, 1.08, 1.54, 1.68, 1.81, 2.02, 2.5, 2.71, 2.92, 2.81, 1.95, 1.87, 2.09, 2.05, 2.15, 2.29, 2.24, 2.41, 2.51, 2.5, 2.9, 2.5, 1.91, 1.96, 1.93, 2.03, 1.99, 2.01, 2.15, 2.79, 3.3, 2.72, 2.56, 2.52], [6.225, 6.779, 6.78, 6.372, 6.378, 6.233, 6.18, 6.07, 5.29, 5.49, 4.49, 3.91, 3.09, 3.04, 3.58, 3.81, 3.69, 3.64, 3.76, 3.83, 5.87, 6.94, 7.43, 7.31, 6.93, 6.34, 6.36, 5.94, 5.34, 4.96, 4.09, 3.97, 4.42, 4.56, 4.22, 4.17, 4.41, 4.17, 3.98, 4.25, 4.62, 4.98, 4.89, 4.0, 3.06, 2.44, 1.84, 1.54, 1.57, 2.27, 1.52, 1.3, 1.08, 0, 0.86, 1.84, 1.85, 2.16, 2.88, 3.15, 3.44, 3.31, 2.47, 2.33, 2.55, 2.53, 2.61, 2.77, 2.64, 2.91, 3.03, 3.08, 3.56, 3.16, 2.57, 2.6, 2.53, 2.43, 2.39, 2.41, 2.35, 2.63, 2.86, 2.4, 2.34, 2.64], [5.756, 6.35, 6.52, 6.06, 5.894, 5.56, 5.52, 5.39, 4.63, 5.03, 4.03, 3.53, 2.81, 2.72, 3.28, 3.69, 3.55, 3.38, 3.48, 3.93, 6.27, 7.22, 7.77, 7.71, 7.43, 6.88, 6.94, 6.54, 5.84, 5.46, 4.57, 4.29, 4.74, 4.92, 4.7, 4.61, 4.83, 4.53, 4.44, 4.93, 5.34, 5.68, 5.59, 4.7, 3.66, 2.76, 2.1, 1.82, 1.75, 2.05, 1.28, 1.44, 1.54, 0.86, 0, 1.36, 1.39, 1.66, 2.4, 2.67, 2.92, 2.81, 2.43, 2.37, 2.67, 2.67, 2.75, 2.95, 2.8, 3.03, 3.11, 3.22, 3.72, 3.32, 2.51, 2.52, 2.43, 2.39, 2.23, 2.21, 2.05, 2.03, 2.36, 1.84, 1.62, 2.18], [6.27, 6.89, 6.98, 6.48, 6.34, 5.96, 6.02, 5.87, 5.21, 5.51, 4.47, 2.83, 2.31, 2.08, 2.48, 2.85, 2.77, 2.66, 2.62, 3.39, 5.83, 6.72, 7.27, 7.21, 6.99, 6.38, 6.4, 6.06, 5.42, 5.04, 4.35, 3.95, 4.38, 4.56, 4.44, 4.53, 4.63, 4.45, 4.48, 5.01, 5.2, 5.46, 5.45, 4.48, 3.4, 2.5, 1.66, 1.54, 1.63, 1.61, 1.32, 1.44, 1.68, 1.84, 1.36, 0, 0.63, 1.08, 1.46, 1.71, 1.84, 1.97, 1.81, 1.89, 2.27, 2.25, 2.35, 2.55, 2.4, 2.55, 2.63, 2.78, 3.22, 2.7, 1.95, 1.86, 1.83, 1.91, 1.69, 1.79, 1.67, 2.41, 2.98, 2.48, 1.98, 1.88], [6.14, 6.76, 6.85, 6.33, 6.19, 5.79, 5.87, 5.64, 5.06, 5.42, 4.24, 2.9, 2.28, 2.17, 2.63, 2.96, 2.84, 2.81, 2.77, 3.52, 6.0, 6.87, 7.38, 7.34, 7.1, 6.55, 6.63, 6.23, 5.59, 5.17, 4.44, 4.02, 4.49, 4.71, 4.55, 4.62, 4.76, 4.56, 4.59, 5.12, 5.31, 5.59, 5.56, 4.61, 3.51, 2.59, 1.73, 1.67, 1.6, 1.6, 1.31, 1.43, 1.81, 1.85, 1.39, 0.63, 0, 0.89, 1.33, 1.62, 1.83, 1.94, 1.9, 2.06, 2.42, 2.34, 2.48, 2.66, 2.49, 2.68, 2.7, 2.89, 3.35, 2.93, 2.1, 2.01, 2.0, 2.0, 1.78, 1.88, 1.8, 2.46, 2.93, 2.37, 1.87, 1.63], [5.73, 6.25, 6.38, 5.86, 5.7, 5.3, 5.38, 5.07, 4.57, 5.03, 3.83, 2.59, 2.07, 2.08, 2.48, 3.01, 2.99, 2.8, 2.9, 4.07, 6.57, 7.5, 8.01, 7.97, 7.69, 7.2, 7.34, 6.96, 6.34, 5.92, 5.09, 4.59, 4.98, 5.32, 5.12, 5.15, 5.35, 5.09, 5.12, 5.75, 5.98, 6.26, 6.23, 5.28, 4.18, 3.16, 2.26, 2.16, 2.09, 2.01, 1.64, 1.66, 2.02, 2.16, 1.66, 1.08, 0.89, 0, 1.14, 1.37, 1.4, 1.55, 2.21, 2.43, 2.79, 2.75, 2.87, 3.05, 2.92, 3.05, 3.03, 3.1, 3.64, 3.16, 2.31, 2.16, 2.17, 2.11, 1.87, 1.77, 1.57, 2.17, 2.64, 2.04, 1.4, 1.06], [6.39, 6.91, 7.0, 6.48, 6.42, 5.92, 5.94, 5.67, 5.19, 5.71, 4.39, 2.65, 2.27, 2.02, 1.8, 2.11, 2.03, 1.78, 2.0, 3.39, 5.83, 6.82, 7.31, 7.31, 6.99, 6.54, 6.7, 6.32, 5.76, 5.26, 4.55, 4.09, 4.4, 4.66, 4.6, 4.63, 4.77, 4.65, 4.72, 5.57, 5.66, 5.74, 5.73, 4.84, 3.8, 3.1, 2.2, 2.34, 1.99, 1.79, 1.94, 2.0, 2.5, 2.88, 2.4, 1.46, 1.33, 1.14, 0, 0.73, 1.18, 1.27, 1.65, 1.85, 2.33, 2.27, 2.59, 2.53, 2.54, 2.45, 2.37, 2.48, 2.94, 2.54, 2.09, 1.92, 1.95, 2.09, 1.95, 1.91, 1.95, 2.65, 3.24, 2.66, 2.12, 1.52], [6.14, 6.66, 6.79, 6.21, 6.15, 5.69, 5.75, 5.46, 4.94, 5.48, 4.26, 2.54, 2.16, 1.89, 1.83, 2.28, 2.26, 1.85, 2.15, 3.6, 6.1, 7.07, 7.54, 7.56, 7.26, 6.83, 7.01, 6.61, 6.05, 5.57, 4.9, 4.4, 4.69, 4.99, 4.93, 5.0, 5.06, 4.96, 5.03, 5.84, 5.93, 6.09, 6.08, 5.15, 4.09, 3.43, 2.45, 2.59, 2.28, 2.02, 2.19, 2.27, 2.71, 3.15, 2.67, 1.71, 1.62, 1.37, 0.73, 0, 0.97, 1.2, 1.96, 2.24, 2.58, 2.42, 2.76, 2.8, 2.69, 2.78, 2.68, 2.67, 3.21, 2.85, 2.22, 2.09, 2.08, 2.32, 2.2, 2.16, 2.08, 2.64, 3.17, 2.73, 2.19, 1.55], [5.75, 6.25, 6.44, 5.88, 5.74, 5.24, 5.36, 5.03, 4.51, 5.05, 3.89, 2.17, 1.91, 1.74, 1.7, 2.69, 2.71, 2.2, 2.48, 4.15, 6.67, 7.64, 8.07, 8.11, 7.81, 7.4, 7.66, 7.3, 6.64, 6.24, 5.63, 5.03, 5.38, 5.64, 5.64, 5.73, 5.81, 5.71, 5.78, 6.51, 6.64, 6.8, 6.83, 5.86, 4.78, 3.84, 2.98, 3.14, 2.89, 2.65, 2.68, 2.72, 2.92, 3.44, 2.92, 1.84, 1.83, 1.4, 1.18, 0.97, 0, 1.19, 2.27, 2.43, 2.79, 2.75, 2.97, 3.13, 3.08, 3.13, 3.07, 3.02, 3.56, 2.96, 2.21, 2.02, 2.07, 2.31, 2.11, 2.05, 1.71, 2.53, 2.96, 2.56, 1.92, 1.4], [6.54, 7.06, 7.29, 6.77, 6.59, 6.11, 6.23, 5.86, 5.26, 5.88, 4.66, 2.6, 2.22, 1.93, 1.71, 2.42, 2.48, 2.03, 2.21, 3.94, 6.48, 7.45, 7.88, 7.92, 7.62, 7.21, 7.41, 7.05, 6.41, 5.99, 5.48, 4.8, 5.07, 5.45, 5.47, 5.6, 5.6, 5.6, 5.71, 6.64, 6.73, 6.65, 6.76, 5.87, 4.85, 3.95, 3.01, 3.29, 3.0, 2.64, 2.69, 2.57, 2.81, 3.31, 2.81, 1.97, 1.94, 1.55, 1.27, 1.2, 1.19, 0, 1.52, 2.02, 2.5, 2.54, 2.84, 2.94, 2.95, 2.86, 2.5, 2.37, 2.83, 2.41, 1.86, 1.67, 1.54, 1.62, 1.56, 1.54, 1.66, 2.62, 3.19, 2.61, 1.99, 1.67], [7.7, 8.28, 8.45, 7.99, 7.83, 7.33, 7.37, 7.04, 6.42, 6.96, 5.6, 3.36, 2.88, 2.59, 2.07, 2.24, 2.2, 1.89, 2.15, 2.82, 5.24, 6.21, 6.66, 6.68, 6.38, 5.95, 6.15, 5.77, 5.15, 4.71, 4.22, 3.54, 3.81, 4.17, 4.21, 4.32, 4.34, 4.32, 4.41, 5.24, 5.33, 5.35, 5.42, 4.47, 3.47, 3.29, 2.29, 2.37, 2.2, 1.82, 1.83, 1.77, 1.95, 2.47, 2.43, 1.81, 1.9, 2.21, 1.65, 1.96, 2.27, 1.52, 0, 0.84, 1.32, 1.44, 1.64, 1.7, 1.71, 1.54, 1.28, 1.29, 1.67, 1.43, 1.16, 1.01, 1.08, 1.2, 1.24, 1.5, 1.94, 3.28, 4.01, 3.31, 2.77, 2.75], [7.92, 8.5, 8.69, 8.21, 8.05, 7.55, 7.59, 7.26, 6.64, 7.2, 5.86, 3.6, 3.06, 2.81, 2.23, 1.96, 1.88, 1.89, 2.21, 2.38, 4.72, 5.71, 6.14, 6.16, 5.86, 5.43, 5.73, 5.39, 4.71, 4.31, 3.9, 3.28, 3.55, 3.83, 3.87, 4.02, 4.04, 4.02, 4.11, 4.98, 5.07, 5.01, 5.12, 4.21, 3.19, 3.23, 2.49, 2.41, 2.26, 1.82, 1.67, 1.65, 1.87, 2.33, 2.37, 1.89, 2.06, 2.43, 1.85, 2.24, 2.43, 2.02, 0.84, 0, 1.02, 1.08, 1.44, 1.42, 1.47, 1.28, 1.26, 1.39, 1.73, 1.33, 1.22, 1.17, 1.2, 1.28, 1.22, 1.48, 2.14, 3.54, 4.29, 3.55, 3.07, 3.01], [8.28, 8.88, 9.05, 8.57, 8.41, 7.91, 7.95, 7.64, 7.04, 7.54, 6.16, 3.84, 3.4, 3.23, 2.57, 2.16, 2.16, 2.07, 2.59, 2.48, 4.3, 5.47, 5.78, 5.74, 5.44, 5.15, 5.49, 5.17, 4.47, 4.15, 3.74, 3.18, 3.47, 3.69, 3.71, 3.82, 3.84, 3.82, 3.91, 4.72, 4.83, 4.85, 4.92, 3.97, 3.11, 3.29, 2.73, 2.75, 2.52, 1.98, 1.93, 1.87, 2.09, 2.55, 2.67, 2.27, 2.42, 2.79, 2.33, 2.58, 2.79, 2.5, 1.32, 1.02, 0, 0.52, 0.94, 0.84, 0.93, 0.9, 1.18, 1.13, 1.45, 1.31, 1.2, 1.31, 1.36, 1.48, 1.48, 1.76, 2.5, 3.98, 4.79, 4.11, 3.41, 3.45], [8.24, 8.82, 8.99, 8.47, 8.33, 7.81, 7.87, 7.58, 7.0, 7.48, 6.06, 3.78, 3.36, 3.25, 2.63, 2.0, 2.1, 2.05, 2.53, 2.4, 4.26, 5.35, 5.7, 5.64, 5.34, 5.05, 5.39, 5.07, 4.37, 4.05, 3.68, 3.16, 3.39, 3.63, 3.65, 3.76, 3.76, 3.74, 3.83, 4.68, 4.79, 4.79, 4.84, 3.91, 2.99, 3.19, 2.65, 2.71, 2.5, 1.94, 1.85, 1.83, 2.05, 2.53, 2.67, 2.25, 2.34, 2.75, 2.27, 2.42, 2.75, 2.54, 1.44, 1.08, 0.52, 0, 0.78, 0.76, 0.85, 0.96, 1.26, 1.21, 1.63, 1.47, 1.12, 1.43, 1.5, 1.42, 1.46, 1.76, 2.54, 3.98, 4.79, 4.11, 3.43, 3.45], [8.36, 8.9, 9.03, 8.57, 8.49, 7.95, 7.95, 7.62, 7.1, 7.6, 6.12, 3.74, 3.36, 3.25, 2.89, 2.36, 2.5, 2.47, 2.93, 2.84, 4.36, 5.39, 5.78, 5.74, 5.4, 5.11, 5.45, 5.11, 4.43, 4.07, 3.6, 3.08, 3.33, 3.53, 3.57, 3.66, 3.66, 3.58, 3.65, 4.4, 4.53, 4.73, 4.74, 3.77, 2.83, 3.33, 2.81, 2.73, 2.66, 2.04, 1.85, 1.87, 2.15, 2.61, 2.75, 2.35, 2.48, 2.87, 2.59, 2.76, 2.97, 2.84, 1.64, 1.44, 0.94, 0.78, 0, 0.56, 0.79, 1.2, 1.38, 1.33, 1.77, 1.59, 1.46, 1.69, 1.76, 1.76, 1.74, 2.04, 2.52, 4.0, 4.87, 4.19, 3.47, 3.45], [8.592, 9.152, 9.256, 8.752, 8.716, 8.21, 8.15, 7.84, 7.36, 7.826, 6.32, 4.02, 3.48, 3.43, 2.81, 2.2, 2.28, 2.23, 2.63, 2.5, 4.02, 5.07, 5.44, 5.38, 5.04, 4.75, 5.09, 4.79, 4.15, 3.77, 3.42, 2.9, 3.07, 3.29, 3.33, 3.42, 3.42, 3.38, 3.47, 4.3, 4.39, 4.45, 4.5, 3.55, 2.71, 3.45, 2.91, 2.79, 2.7, 2.02, 1.99, 2.03, 2.29, 2.77, 2.95, 2.55, 2.66, 3.05, 2.53, 2.8, 3.13, 2.94, 1.7, 1.42, 0.84, 0.76, 0.56, 0, 0.75, 0.92, 1.14, 1.31, 1.67, 1.49, 1.44, 1.67, 1.7, 1.7, 1.68, 1.94, 2.74, 4.26, 5.13, 4.45, 3.75, 3.662], [8.444, 9.007, 9.074, 8.597, 8.534, 8.052, 8.032, 7.705, 7.239, 7.644, 6.19, 4.01, 3.43, 3.4, 2.92, 2.03, 2.11, 2.28, 2.52, 2.27, 4.17, 5.24, 5.65, 5.55, 5.23, 4.92, 5.26, 4.94, 4.28, 3.92, 3.49, 2.97, 3.2, 3.46, 3.44, 3.55, 3.59, 3.53, 3.6, 4.33, 4.46, 4.52, 4.59, 3.62, 2.66, 3.3, 2.76, 2.6, 2.49, 1.65, 1.78, 1.9, 2.24, 2.64, 2.8, 2.4, 2.49, 2.92, 2.54, 2.69, 3.08, 2.95, 1.71, 1.47, 0.93, 0.85, 0.79, 0.75, 0, 0.71, 1.11, 1.2, 1.58, 1.46, 1.49, 1.72, 1.75, 1.65, 1.67, 1.93, 2.65, 4.21, 5.02, 4.332, 3.68, 3.558], [8.632, 9.194, 9.295, 8.824, 8.742, 8.23, 8.202, 7.84, 7.42, 7.852, 6.32, 4.04, 3.48, 3.35, 2.59, 1.76, 1.84, 1.85, 2.21, 1.9, 3.96, 5.19, 5.48, 5.36, 5.04, 4.77, 5.09, 4.87, 4.25, 3.83, 3.62, 3.08, 3.19, 3.47, 3.53, 3.62, 3.64, 3.58, 3.69, 4.46, 4.59, 4.57, 4.64, 3.69, 2.79, 3.53, 2.93, 2.75, 2.52, 1.76, 1.97, 2.11, 2.41, 2.91, 3.03, 2.55, 2.68, 3.05, 2.45, 2.78, 3.13, 2.86, 1.54, 1.28, 0.9, 0.96, 1.2, 0.92, 0.71, 0, 0.68, 0.99, 1.35, 1.25, 1.24, 1.55, 1.6, 1.52, 1.62, 1.88, 2.74, 4.3, 5.13, 4.45, 3.77, 3.59], [8.577, 9.146, 9.255, 8.772, 8.707, 8.23, 8.164, 7.82, 7.34, 7.817, 6.32, 4.0, 3.36, 3.29, 2.47, 1.64, 1.78, 1.63, 1.99, 2.08, 4.2, 5.37, 5.68, 5.58, 5.26, 5.01, 5.31, 5.05, 4.43, 4.03, 3.8, 3.22, 3.35, 3.67, 3.71, 3.84, 3.82, 3.8, 3.91, 4.84, 4.93, 4.83, 4.96, 4.07, 3.13, 3.63, 2.95, 2.85, 2.68, 2.0, 2.19, 2.25, 2.51, 3.03, 3.11, 2.63, 2.7, 3.03, 2.37, 2.68, 3.07, 2.5, 1.28, 1.26, 1.18, 1.26, 1.38, 1.14, 1.11, 0.68, 0, 0.71, 0.97, 0.99, 1.14, 1.37, 1.46, 1.4, 1.42, 1.76, 2.62, 4.16, 5.01, 4.33, 3.67, 3.559], [8.59, 9.15, 9.319, 8.836, 8.714, 8.191, 8.231, 7.91, 7.33, 7.824, 6.398, 4.01, 3.45, 3.3, 2.42, 1.91, 2.05, 1.78, 2.14, 2.45, 4.45, 5.56, 5.91, 5.81, 5.49, 5.2, 5.54, 5.22, 4.54, 4.2, 3.91, 3.31, 3.54, 3.86, 3.88, 3.99, 3.97, 3.99, 4.08, 5.07, 5.16, 4.98, 5.11, 4.24, 3.36, 3.74, 3.1, 3.1, 3.03, 2.43, 2.56, 2.32, 2.5, 3.08, 3.22, 2.78, 2.89, 3.1, 2.48, 2.67, 3.02, 2.37, 1.29, 1.39, 1.13, 1.21, 1.33, 1.31, 1.2, 0.99, 0.71, 0, 0.82, 0.72, 1.07, 1.24, 1.27, 1.33, 1.45, 1.75, 2.61, 4.17, 5.02, 4.34, 3.58, 3.68], [9.13, 9.69, 9.86, 9.376, 9.254, 8.725, 8.777, 8.45, 7.83, 8.367, 6.95, 4.57, 4.01, 3.86, 2.94, 2.05, 2.23, 2.02, 2.34, 2.51, 4.39, 5.62, 5.91, 5.77, 5.47, 5.26, 5.56, 5.28, 4.58, 4.3, 4.11, 3.47, 3.66, 4.0, 4.02, 4.19, 4.11, 4.11, 4.24, 5.17, 5.28, 5.14, 5.27, 4.38, 3.54, 4.3, 3.52, 3.52, 3.41, 2.77, 2.94, 2.78, 2.9, 3.56, 3.72, 3.22, 3.35, 3.64, 2.94, 3.21, 3.56, 2.83, 1.67, 1.73, 1.45, 1.63, 1.77, 1.67, 1.58, 1.35, 0.97, 0.82, 0, 0.86, 1.53, 1.74, 1.79, 1.77, 1.93, 2.25, 3.15, 4.75, 5.56, 4.88, 4.12, 4.26], [8.53, 9.11, 9.28, 8.81, 8.66, 8.16, 8.2, 7.87, 7.25, 7.77, 6.37, 3.99, 3.43, 3.28, 2.42, 2.03, 2.23, 1.86, 2.06, 2.45, 4.51, 5.76, 6.05, 5.97, 5.65, 5.42, 5.74, 5.44, 4.74, 4.44, 4.21, 3.57, 3.78, 4.16, 4.18, 4.31, 4.31, 4.29, 4.38, 5.35, 5.44, 5.28, 5.43, 4.54, 3.6, 3.9, 3.22, 3.2, 3.21, 2.65, 2.72, 2.42, 2.5, 3.16, 3.32, 2.7, 2.93, 3.16, 2.54, 2.85, 2.96, 2.41, 1.43, 1.33, 1.31, 1.47, 1.59, 1.49, 1.46, 1.25, 0.99, 0.72, 0.86, 0, 0.99, 1.22, 1.31, 1.29, 1.55, 1.75, 2.57, 4.15, 4.96, 4.28, 3.56, 3.68], [7.62, 8.2, 8.37, 7.903, 7.75, 7.25, 7.29, 6.96, 6.36, 6.86, 5.46, 3.12, 2.56, 2.41, 1.93, 2.16, 2.26, 1.73, 2.09, 2.56, 4.94, 6.11, 6.44, 6.38, 6.08, 5.77, 6.11, 5.79, 5.09, 4.73, 4.46, 3.78, 4.03, 4.39, 4.45, 4.56, 4.54, 4.52, 4.61, 5.44, 5.53, 5.53, 5.62, 4.67, 3.69, 3.37, 2.53, 2.65, 2.66, 2.24, 2.05, 1.93, 1.91, 2.57, 2.51, 1.95, 2.1, 2.31, 2.09, 2.22, 2.21, 1.86, 1.16, 1.22, 1.2, 1.12, 1.46, 1.44, 1.49, 1.24, 1.14, 1.07, 1.53, 0.99, 0, 0.65, 0.84, 0.9, 1.02, 1.18, 1.74, 3.24, 4.07, 3.39, 2.71, 2.77], [7.498, 8.075, 8.239, 7.773, 7.628, 7.125, 7.153, 6.861, 6.221, 6.738, 5.35, 3.05, 2.47, 2.2, 1.76, 2.17, 2.25, 1.7, 2.06, 2.83, 5.29, 6.42, 6.81, 6.69, 6.39, 6.08, 6.42, 6.1, 5.4, 5.06, 4.69, 4.03, 4.32, 4.6, 4.66, 4.75, 4.73, 4.69, 4.76, 5.55, 5.64, 5.74, 5.81, 4.84, 3.78, 3.3, 2.52, 2.66, 2.61, 2.17, 2.18, 1.96, 1.96, 2.6, 2.52, 1.86, 2.01, 2.16, 1.92, 2.09, 2.02, 1.67, 1.01, 1.17, 1.31, 1.43, 1.69, 1.67, 1.72, 1.55, 1.37, 1.24, 1.74, 1.22, 0.65, 0, 0.51, 0.85, 0.99, 1.11, 1.67, 3.07, 3.82, 3.14, 2.5, 2.62], [7.514, 8.091, 8.255, 7.792, 7.644, 7.141, 7.169, 6.836, 6.257, 6.754, 5.413, 3.08, 2.48, 2.19, 1.75, 2.08, 2.12, 1.65, 2.01, 2.88, 5.38, 6.49, 6.86, 6.8, 6.52, 6.11, 6.43, 6.13, 5.43, 5.11, 4.76, 4.1, 4.37, 4.67, 4.71, 4.76, 4.74, 4.72, 4.79, 5.58, 5.67, 5.77, 5.82, 4.85, 3.83, 3.27, 2.51, 2.71, 2.6, 2.1, 2.11, 1.89, 1.93, 2.53, 2.43, 1.83, 2.0, 2.17, 1.95, 2.08, 2.07, 1.54, 1.08, 1.2, 1.36, 1.5, 1.76, 1.7, 1.75, 1.6, 1.46, 1.27, 1.79, 1.31, 0.84, 0.51, 0, 0.76, 0.88, 1.02, 1.66, 3.1, 3.867, 3.167, 2.55, 2.61], [7.531, 8.108, 8.272, 7.809, 7.661, 7.198, 7.206, 6.893, 6.28, 6.791, 5.42, 3.14, 2.58, 2.41, 2.05, 2.16, 2.28, 1.91, 2.15, 2.94, 5.46, 6.55, 6.92, 6.84, 6.54, 6.21, 6.55, 6.25, 5.55, 5.21, 4.86, 4.2, 4.45, 4.77, 4.81, 4.9, 4.92, 4.88, 4.97, 5.8, 5.89, 5.91, 5.98, 5.03, 4.03, 3.45, 2.69, 2.81, 2.74, 2.26, 2.17, 1.93, 2.03, 2.43