[[0, 0.8, 1.77, 3.0, 3.09, 3.23, 3.0, 2.34, 2.04, 2.38, 3.91, 5.11, 3.59, 1.79, 2.55, 2.62, 2.42, 2.28, 2.34, 2.81, 3.26, 2.7, 2.95, 4.81, 6.51, 7.47, 7.0, 6.07, 5.09, 4.53, 3.57, 2.29, 1.81, 1.58, 1.36, 2.38, 3.52, 3.54, 3.4, 3.16, 2.88, 3.18, 3.28, 3.66, 4.19, 4.91, 4.734, 3.86, 2.84, 2.35, 2.29, 2.2, 1.98, 2.18, 2.28, 2.23, 2.63, 3.84, 3.65, 3.63, 3.14, 3.04, 3.62, 4.19, 4.52, 4.78, 5.48, 5.55, 4.8, 4.59, 5.0, 4.8, 4.17, 4.48, 4.76, 4.81, 4.9, 4.5, 4.15, 5.09, 5.42, 5.33, 4.8, 4.62, 4.68, 4.21], [0.8, 0, 1.45, 2.74, 2.73, 2.77, 2.48, 2.12, 1.78, 2.2, 3.57, 4.69, 3.11, 1.55, 2.23, 2.46, 2.62, 2.2, 2.12, 2.59, 2.74, 2.16, 2.63, 4.63, 6.43, 7.41, 7.0, 5.79, 4.77, 4.23, 3.33, 2.17, 1.71, 1.64, 1.64, 2.46, 3.56, 3.58, 3.44, 3.18, 2.94, 3.24, 3.36, 3.7, 4.27, 4.93, 4.774, 3.92, 2.92, 2.45, 2.33, 2.32, 2.1, 2.3, 2.36, 2.35, 2.83, 3.96, 3.75, 3.81, 3.48, 3.16, 3.68, 4.25, 4.54, 4.8, 5.5, 5.57, 4.78, 4.57, 4.78, 4.58, 4.09, 4.2, 4.46, 4.49, 4.52, 3.9, 3.77, 4.63, 5.0, 4.97, 4.58, 4.46, 4.54, 4.19], [1.77, 1.45, 0, 1.53, 1.92, 2.02, 1.65, 1.23, 1.29, 1.49, 3.02, 4.14, 2.44, 2.2, 3.28, 3.61, 3.49, 3.01, 2.67, 2.74, 2.71, 1.93, 2.36, 4.04, 5.84, 6.78, 6.23, 5.06, 3.96, 3.3, 2.32, 1.5, 1.42, 1.57, 1.63, 2.23, 3.93, 3.63, 3.53, 3.41, 3.29, 3.53, 3.53, 3.81, 4.74, 5.749, 5.573, 4.522, 3.41, 2.96, 2.88, 2.93, 2.71, 2.87, 2.95, 2.86, 3.58, 4.53, 4.3, 4.4, 3.95, 3.47, 4.05, 4.6, 4.75, 4.81, 5.39, 5.52, 4.59, 3.5, 3.71, 3.53, 3.02, 3.29, 3.49, 3.54, 3.73, 3.13, 2.92, 3.8, 4.07, 4.06, 3.73, 3.47, 3.51, 3.26], [3.0, 2.74, 1.53, 0, 0.87, 1.09, 1.2, 1.5, 1.8, 1.66, 2.07, 3.07, 1.67, 3.35, 4.47, 4.84, 4.76, 4.18, 3.6, 3.67, 3.28, 2.44, 2.59, 3.19, 4.89, 5.83, 5.22, 4.07, 2.95, 2.07, 1.95, 1.83, 2.39, 2.32, 2.4, 3.02, 4.84, 4.56, 4.38, 4.34, 4.2, 4.449, 4.38, 4.6, 5.639, 6.679, 6.506, 5.452, 4.32, 3.83, 3.89, 4.0, 3.76, 3.92, 4.04, 3.91, 4.51, 5.48, 5.23, 5.31, 4.88, 4.3, 4.8, 5.43, 5.46, 5.28, 5.78, 5.97, 4.54, 2.71, 2.4, 2.22, 2.11, 2.3, 2.36, 2.45, 2.82, 2.04, 1.61, 2.53, 2.78, 2.73, 2.32, 2.16, 2.22, 1.87], [3.09, 2.73, 1.92, 0.87, 0, 0.78, 1.03, 1.47, 1.81, 1.41, 1.46, 2.38, 1.14, 3.32, 4.42, 4.69, 4.57, 3.91, 3.45, 3.26, 2.83, 2.07, 2.08, 2.54, 4.2, 5.1, 4.55, 3.42, 2.38, 2.14, 2.28, 2.34, 2.917, 2.75, 2.45, 3.65, 5.45, 5.17, 4.99, 4.927, 4.79, 5.042, 4.962, 5.162, 6.232, 7.292, 7.119, 6.064, 4.879, 4.415, 4.46, 4.53, 4.27, 4.43, 4.53, 4.46, 5.02, 6.147, 5.874, 5.88, 5.41, 4.89, 5.39, 6.1, 6.07, 5.83, 6.33, 6.52, 4.99, 3.0, 2.51, 2.49, 2.34, 2.41, 2.39, 2.34, 2.25, 1.65, 1.3, 2.12, 2.49, 2.44, 2.07, 2.07, 2.09, 1.74], [3.23, 2.77, 2.02, 1.09, 0.78, 0, 0.95, 1.43, 1.73, 1.45, 1.4, 2.3, 1.14, 3.26, 4.38, 4.63, 4.43, 3.79, 3.47, 3.16, 2.79, 2.19, 2.08, 2.52, 4.2, 5.14, 4.65, 3.48, 2.54, 2.28, 2.5, 2.4, 2.96, 2.79, 2.53, 3.67, 5.41, 5.13, 4.95, 4.89, 4.75, 4.979, 4.91, 5.099, 6.169, 7.212, 7.042, 6.016, 4.91, 4.329, 4.46, 4.51, 4.25, 4.43, 4.53, 4.5, 5.08, 6.19, 5.931, 5.88, 5.47, 4.95, 5.49, 6.02, 6.01, 5.77, 6.21, 6.44, 4.83, 2.96, 2.59, 2.51, 2.36, 2.39, 2.45, 2.46, 2.35, 1.69, 1.58, 2.3, 2.71, 2.64, 2.33, 2.35, 2.35, 1.98], [3.0, 2.48, 1.65, 1.2, 1.03, 0.95, 0, 1.1, 1.34, 1.28, 1.77, 2.87, 1.29, 3.05, 4.05, 4.22, 3.94, 3.64, 3.08, 2.71, 2.46, 1.92, 1.89, 2.63, 4.47, 5.39, 5.24, 4.05, 2.93, 2.67, 2.55, 2.27, 2.83, 2.68, 2.32, 3.54, 5.194, 4.931, 4.734, 4.617, 4.46, 4.72, 4.64, 4.84, 5.91, 6.93, 6.783, 5.831, 4.66, 4.093, 4.01, 3.78, 3.6, 3.74, 3.94, 4.11, 4.91, 6.06, 5.81, 5.79, 5.24, 4.78, 5.3, 5.93, 5.86, 5.62, 6.12, 6.31, 4.78, 3.23, 2.92, 2.8, 2.57, 2.34, 2.42, 2.29, 2.14, 1.68, 2.01, 2.83, 3.26, 3.15, 2.86, 2.76, 2.8, 2.51], [2.34, 2.12, 1.23, 1.5, 1.47, 1.43, 1.1, 0, 0.82, 1.08, 2.23, 3.31, 1.67, 2.55, 3.61, 3.86, 3.52, 3.18, 2.8, 2.59, 2.48, 1.88, 1.91, 3.09, 4.95, 5.97, 5.78, 4.49, 3.35, 2.89, 2.49, 1.97, 2.19, 2.06, 1.9, 2.86, 4.434, 4.16, 4.02, 3.88, 3.72, 3.974, 3.9, 4.16, 5.164, 6.204, 6.052, 5.06, 3.897, 3.387, 3.43, 3.22, 2.96, 3.16, 3.26, 3.35, 4.07, 5.26, 5.035, 4.95, 4.36, 4.079, 4.64, 5.35, 5.08, 4.9, 5.4, 5.55, 4.18, 2.89, 3.1, 2.92, 2.41, 2.64, 2.88, 2.81, 2.8, 2.4, 2.51, 3.33, 3.72, 3.65, 3.24, 3.12, 3.2, 2.79], [2.04, 1.78, 1.29, 1.8, 1.81, 1.73, 1.34, 0.82, 0, 1.16, 2.51, 3.65, 1.85, 2.19, 3.27, 3.36, 3.16, 2.96, 2.66, 2.61, 2.56, 1.9, 2.21, 3.51, 5.41, 6.39, 6.14, 4.89, 3.77, 3.35, 2.75, 2.15, 1.99, 1.9, 1.92, 2.76, 4.12, 3.94, 3.86, 3.62, 3.38, 3.66, 3.68, 4.04, 4.87, 5.833, 5.677, 4.717, 3.503, 2.996, 3.01, 2.9, 2.64, 2.78, 2.92, 3.07, 3.71, 4.96, 4.735, 4.63, 4.12, 3.76, 4.28, 4.95, 4.76, 4.62, 5.12, 5.29, 3.94, 3.19, 3.48, 3.28, 2.73, 2.9, 3.12, 3.07, 3.22, 2.64, 2.93, 3.75, 4.16, 4.11, 3.6, 3.52, 3.6, 3.13], [2.38, 2.2, 1.49, 1.66, 1.41, 1.45, 1.28, 1.08, 1.16, 0, 1.79, 2.97, 1.53, 2.63, 3.91, 3.9, 3.38, 3.12, 2.84, 2.65, 2.54, 1.9, 1.77, 2.71, 4.51, 5.47, 5.14, 4.01, 3.03, 3.05, 2.81, 2.23, 2.51, 2.38, 2.02, 3.22, 4.94, 4.66, 4.5, 4.44, 4.3, 4.549, 4.52, 4.78, 5.75, 6.779, 6.603, 5.552, 4.372, 3.902, 3.87, 3.88, 3.58, 3.76, 3.84, 3.85, 4.47, 5.674, 5.421, 5.327, 4.76, 4.46, 4.96, 5.67, 5.6, 5.4, 5.9, 6.11, 4.66, 3.17, 3.34, 3.14, 2.67, 2.92, 3.16, 3.01, 2.82, 2.32, 2.39, 3.15, 3.58, 3.51, 3.2, 3.22, 3.26, 2.79], [3.91, 3.57, 3.02, 2.07, 1.46, 1.4, 1.77, 2.23, 2.51, 1.79, 0, 1.52, 1.48, 3.84, 5.04, 5.17, 4.63, 4.11, 4.03, 3.46, 2.99, 2.69, 2.28, 2.3, 3.36, 4.26, 3.87, 2.8, 2.26, 2.78, 3.16, 3.3, 3.84, 3.53, 3.17, 4.53, 6.21, 5.91, 5.73, 5.73, 5.55, 5.77, 5.73, 5.89, 6.96, 7.98, 7.833, 6.796, 5.73, 5.22, 5.4, 5.35, 5.05, 5.23, 5.35, 5.36, 5.8, 7.01, 6.78, 6.68, 6.21, 5.87, 6.49, 7.08, 6.91, 6.61, 7.09, 7.32, 5.73, 3.2, 2.33, 2.43, 2.58, 2.51, 2.31, 2.34, 1.95, 1.51, 1.6, 2.1, 2.51, 2.44, 2.25, 2.33, 2.37, 1.94], [5.11, 4.69, 4.14, 3.07, 2.38, 2.3, 2.87, 3.31, 3.65, 2.97, 1.52, 0, 1.96, 4.792, 6.02, 6.183, 5.75, 5.03, 4.71, 3.64, 2.89, 3.09, 2.78, 2.02, 2.7, 3.3, 2.91, 1.8, 1.4, 2.5, 3.74, 4.34, 4.96, 4.73, 4.41, 5.59, 7.29, 6.97, 6.77, 6.67, 6.53, 6.73, 6.73, 6.97, 7.98, 9.02, 8.827, 7.787, 6.71, 6.28, 6.44, 6.43, 6.13, 6.33, 6.43, 6.44, 6.92, 8.05, 7.76, 7.7, 7.31, 6.89, 7.49, 8.16, 7.91, 7.57, 8.09, 8.34, 6.67, 4.06, 2.89, 3.09, 3.42, 3.43, 3.05, 2.92, 2.13, 2.03, 2.0, 1.86, 1.87, 1.92, 2.01, 2.23, 2.25, 2.3], [3.59, 3.11, 2.44, 1.67, 1.14, 1.14, 1.29, 1.67, 1.85, 1.53, 1.48, 1.96, 0, 3.28, 4.38, 4.57, 4.23, 3.59, 3.11, 2.54, 2.01, 1.67, 1.52, 2.02, 3.832, 4.789, 4.536, 3.3, 2.18, 2.22, 2.56, 2.72, 3.38, 3.21, 2.89, 4.01, 5.65, 5.35, 5.17, 5.05, 4.91, 5.17, 5.09, 5.29, 6.36, 7.4, 7.213, 6.227, 5.05, 4.56, 4.6, 4.53, 4.27, 4.45, 4.59, 4.62, 5.26, 6.47, 6.26, 6.14, 5.67, 5.31, 5.85, 6.54, 6.33, 6.09, 6.59, 6.78, 5.27, 3.54, 3.01, 3.01, 2.88, 2.79, 2.79, 2.74, 2.31, 1.77, 1.82, 2.2, 2.77, 2.8, 2.53, 2.65, 2.67, 2.3], [1.79, 1.55, 2.2, 3.35, 3.32, 3.26, 3.05, 2.55, 2.19, 2.63, 3.84, 4.792, 3.28, 0, 1.5, 1.91, 2.13, 2.17, 2.23, 2.56, 2.69, 2.17, 2.849, 5.023, 6.854, 7.891, 7.525, 6.22, 5.06, 4.5, 3.64, 2.24, 1.9, 1.97, 2.19, 2.41, 3.05, 2.99, 2.77, 2.55, 2.29, 2.53, 2.73, 3.35, 3.9, 4.58, 4.31, 3.27, 2.19, 2.14, 2.36, 2.27, 2.05, 2.11, 2.39, 2.16, 2.58, 3.63, 3.42, 3.4, 3.21, 2.91, 3.53, 4.14, 3.99, 4.25, 4.97, 5.04, 4.37, 4.2, 4.69, 4.37, 4.0, 4.53, 4.83, 4.64, 4.59, 3.99, 4.06, 4.74, 5.19, 5.16, 5.09, 5.19, 5.27, 4.78], [2.55, 2.23, 3.28, 4.47, 4.42, 4.38, 4.05, 3.61, 3.27, 3.91, 5.04, 6.02, 4.38, 1.5, 0, 0.99, 1.93, 2.11, 2.53, 3.343, 3.604, 3.31, 4.014, 6.163, 8.04, 9.054, 8.788, 7.463, 6.32, 5.52, 4.64, 3.24, 2.86, 2.97, 3.23, 3.23, 3.53, 3.59, 3.27, 2.93, 2.71, 2.91, 3.07, 3.49, 3.82, 3.84, 3.39, 2.61, 2.15, 2.44, 2.62, 2.47, 2.03, 2.03, 2.15, 1.92, 1.92, 2.71, 2.6, 2.64, 2.71, 2.37, 2.85, 3.4, 3.45, 4.01, 4.75, 4.82, 4.69, 5.2, 5.73, 5.39, 5.0, 5.37, 5.75, 5.64, 5.67, 5.05, 5.12, 5.78, 6.23, 6.22, 6.27, 6.31, 6.41, 5.92], [2.62, 2.46, 3.61, 4.84, 4.69, 4.63, 4.22, 3.86, 3.36, 3.9, 5.17, 6.183, 4.57, 1.91, 0.99, 0, 1.32, 1.86, 2.46, 3.319, 3.738, 3.5, 4.003, 6.127, 7.976, 8.97, 8.806, 7.58, 6.557, 6.13, 5.27, 3.77, 3.33, 3.18, 3.3, 3.84, 4.2, 4.3, 3.84, 3.26, 3.06, 3.22, 3.38, 3.82, 4.13, 4.25, 3.78, 3.16, 2.66, 2.85, 2.97, 2.64, 2.16, 2.36, 2.38, 2.33, 2.31, 3.16, 3.09, 2.91, 2.92, 2.8, 3.36, 3.97, 4.1, 4.68, 5.48, 5.57, 5.42, 5.85, 6.36, 6.0, 5.53, 5.72, 6.06, 5.81, 5.66, 5.3, 5.623, 6.403, 6.84, 6.75, 6.54, 6.62, 6.66, 6.17], [2.42, 2.62, 3.49, 4.76, 4.57, 4.43, 3.94, 3.52, 3.16, 3.38, 4.63, 5.75, 4.23, 2.13, 1.93, 1.32, 0, 1.44, 2.0, 2.63, 3.2, 3.3, 3.29, 5.134, 6.884, 7.896, 7.904, 6.925, 6.13, 6.13, 5.25, 3.79, 3.33, 3.16, 2.94, 3.98, 4.52, 4.58, 4.24, 3.8, 3.38, 3.62, 3.62, 4.06, 4.35, 4.87, 4.56, 3.8, 3.08, 3.19, 3.17, 2.7, 2.24, 2.74, 2.82, 2.81, 3.09, 4.1, 4.05, 3.83, 3.6, 3.58, 4.08, 4.75, 4.86, 5.38, 6.08, 6.11, 5.84, 5.87, 6.36, 6.04, 5.53, 5.6, 5.92, 5.59, 5.2, 4.96, 5.59, 6.35, 6.82, 6.73, 6.5, 6.5, 6.54, 6.09], [2.28, 2.2, 3.01, 4.18, 3.91, 3.79, 3.64, 3.18, 2.96, 3.12, 4.11, 5.03, 3.59, 2.17, 2.11, 1.86, 1.44, 0, 1.3, 2.15, 2.7, 2.68, 2.75, 4.93, 6.684, 7.678, 7.52, 6.33, 5.41, 5.37, 4.55, 3.45, 2.97, 2.66, 2.6, 3.72, 4.38, 4.54, 4.22, 3.9, 3.48, 3.68, 3.82, 4.18, 4.55, 4.91, 4.64, 3.8, 3.28, 3.17, 3.17, 3.06, 2.64, 2.92, 3.14, 2.97, 3.19, 4.04, 3.79, 3.53, 3.5, 3.52, 4.08, 4.67, 4.82, 5.32, 6.1, 6.21, 5.76, 5.51, 5.64, 5.48, 5.13, 5.5, 5.78, 5.57, 4.98, 4.58, 4.63, 5.37, 5.9, 5.93, 5.8, 5.84, 5.86, 5.35], [2.34, 2.12, 2.67, 3.6, 3.45, 3.47, 3.08, 2.8, 2.66, 2.84, 4.03, 4.71, 3.11, 2.23, 2.53, 2.46, 2.0, 1.3, 0, 1.69, 2.22, 2.08, 2.23, 4.31, 6.09, 7.09, 7.18, 5.97, 4.77, 4.67, 4.01, 3.09, 2.73, 2.36, 2.36, 3.42, 4.26, 4.3, 4.1, 3.86, 3.46, 3.68, 3.74, 4.04, 4.55, 5.25, 5.08, 4.06, 3.38, 3.21, 3.11, 2.66, 2.46, 2.62, 2.92, 2.85, 3.27, 4.28, 4.05, 3.81, 3.62, 3.5, 4.04, 4.71, 4.82, 5.32, 6.08, 6.15, 5.74, 5.23, 5.3, 5.14, 4.73, 4.82, 5.14, 4.91, 4.44, 4.06, 4.07, 4.71, 5.24, 5.25, 5.08, 5.14, 5.14, 4.71], [2.81, 2.59, 2.74, 3.67, 3.26, 3.16, 2.71, 2.59, 2.61, 2.65, 3.46, 3.64, 2.54, 2.56, 3.343, 3.319, 2.63, 2.15, 1.69, 0, 1.11, 1.55, 1.44, 3.14, 4.9, 5.9, 6.09, 4.94, 4.0, 4.38, 3.98, 3.32, 3.3, 2.83, 2.47, 3.97, 5.05, 4.89, 4.61, 4.49, 4.17, 4.37, 4.43, 4.67, 5.58, 6.637, 6.427, 5.327, 4.33, 4.1, 3.96, 3.51, 3.19, 3.33, 3.65, 3.8, 4.5, 5.67, 5.345, 5.2, 4.75, 4.61, 5.25, 5.9, 5.65, 5.89, 6.65, 6.7, 6.09, 5.14, 5.09, 4.95, 4.6, 4.67, 4.91, 4.64, 3.83, 3.63, 3.98, 4.3, 4.85, 4.94, 4.85, 4.93, 4.93, 4.58], [3.26, 2.74, 2.71, 3.28, 2.83, 2.79, 2.46, 2.48, 2.56, 2.54, 2.99, 2.89, 2.01, 2.69, 3.604, 3.738, 3.2, 2.7, 2.22, 1.11, 0, 1.08, 1.29, 2.73, 4.576, 5.593, 5.48, 4.19, 3.31, 3.69, 3.39, 3.15, 3.33, 3.08, 2.82, 4.0, 5.18, 4.98, 4.64, 4.54, 4.28, 4.48, 4.46, 4.7, 5.67, 6.77, 6.526, 5.494, 4.42, 4.13, 4.09, 3.88, 3.52, 3.7, 3.96, 3.97, 4.65, 5.88, 5.583, 5.49, 5.16, 4.78, 5.36, 6.074, 5.72, 5.72, 6.5, 6.55, 5.84, 4.83, 4.58, 4.52, 4.25, 4.36, 4.48, 4.19, 3.5, 3.22, 3.43, 3.63, 4.18, 4.23, 4.24, 4.3, 4.34, 4.09], [2.7, 2.16, 1.93, 2.44, 2.07, 2.19, 1.92, 1.88, 1.9, 1.9, 2.69, 3.09, 1.67, 2.17, 3.31, 3.5, 3.3, 2.68, 2.08, 1.55, 1.08, 0, 1.25, 3.13, 4.97, 5.99, 5.78, 4.51, 3.29, 2.99, 2.59, 2.49, 2.65, 2.42, 2.24, 3.36, 4.56, 4.38, 4.12, 4.08, 3.82, 4.02, 3.98, 4.28, 5.23, 6.299, 6.069, 5.029, 3.889, 3.67, 3.61, 3.48, 3.14, 3.36, 3.42, 3.49, 4.17, 5.3, 5.063, 4.93, 4.6, 4.22, 4.76, 5.49, 5.16, 5.04, 5.7, 5.81, 5.1, 4.07, 3.82, 3.78, 3.49, 3.66, 3.78, 3.59, 3.12, 2.72, 2.71, 3.17, 3.58, 3.59, 3.42, 3.5, 3.56, 3.27], [2.95, 2.63, 2.36, 2.59, 2.08, 2.08, 1.89, 1.91, 2.21, 1.77, 2.28, 2.78, 1.52, 2.849, 4.014, 4.003, 3.29, 2.75, 2.23, 1.44, 1.29, 1.25, 0, 2.4, 4.18, 5.2, 5.13, 3.96, 3.12, 3.44, 3.26, 3.16, 3.34, 2.93, 2.51, 4.07, 5.43, 5.13, 4.89, 4.77, 4.53, 4.81, 4.79, 5.07, 6.049, 7.149, 6.893, 5.776, 4.716, 4.372, 4.42, 4.11, 3.75, 3.97, 4.09, 4.18, 4.877, 6.109, 5.819, 5.679, 5.23, 4.983, 5.577, 6.3, 5.91, 5.73, 6.35, 6.48, 5.35, 4.26, 3.93, 3.87, 3.68, 3.89, 3.97, 3.7, 2.97, 2.67, 2.78, 3.2, 3.81, 3.9, 3.75, 3.79, 3.79, 3.42], [4.81, 4.63, 4.04, 3.19, 2.54, 2.52, 2.63, 3.09, 3.51, 2.71, 2.3, 2.02, 2.02, 5.023, 6.163, 6.127, 5.134, 4.93, 4.31, 3.14, 2.73, 3.13, 2.4, 0, 2.02, 3.1, 3.15, 2.42, 2.22, 3.1, 4.2, 4.551, 5.208, 4.906, 4.17, 5.87, 7.484, 7.201, 7.004, 6.896, 6.736, 6.996, 6.916, 7.116, 8.186, 9.229, 9.067, 8.107, 6.89, 6.409, 6.389, 6.004, 5.79, 6.01, 6.13, 6.371, 7.074, 8.338, 8.108, 7.988, 7.35, 7.129, 7.666, 8.36, 8.13, 7.91, 8.37, 8.56, 6.95, 5.0, 4.33, 4.41, 4.34, 4.11, 4.09, 3.9, 3.03, 2.93, 3.1, 3.2, 3.65, 3.52, 3.53, 3.57, 3.61, 3.32], [6.51, 6.43, 5.84, 4.89, 4.2, 4.2, 4.47, 4.95, 5.41, 4.51, 3.36, 2.7, 3.832, 6.854, 8.04, 7.976, 6.884, 6.684, 6.09, 4.9, 4.576, 4.97, 4.18, 2.02, 0, 1.18, 1.85, 2.06, 2.52, 4.02, 5.754, 6.334, 7.011, 6.723, 5.81, 7.67, 9.33, 9.03, 8.85, 8.756, 8.616, 8.876, 8.796, 9.036, 10.086, 11.146, 10.944, 9.916, 8.736, 8.309, 8.226, 7.947, 7.65, 7.85, 7.95, 8.197, 8.877, 10.101, 9.851, 9.751, 9.141, 8.921, 9.441, 10.16, 9.93, 9.71, 10.15, 10.34, 8.79, 6.18, 5.03, 5.27, 5.42, 5.15, 5.01, 4.72, 3.71, 3.79, 4.06, 3.92, 3.87, 3.6, 3.83, 3.89, 3.89, 4.02], [7.47, 7.41, 6.78, 5.83, 5.1, 5.14, 5.39, 5.97, 6.39, 5.47, 4.26, 3.3, 4.789, 7.891, 9.054, 8.97, 7.896, 7.678, 7.09, 5.9, 5.593, 5.99, 5.2, 3.1, 1.18, 0, 1.39, 2.18, 3.16, 4.86, 6.697, 7.277, 7.974, 7.707, 6.77, 8.61, 10.37, 10.07, 9.89, 9.793, 9.653, 9.913, 9.833, 10.073, 11.103, 12.143, 11.958, 10.956, 9.776, 9.326, 9.223, 8.87, 8.67, 8.79, 8.95, 9.18, 9.86, 11.084, 10.814, 10.737, 10.084, 9.844, 10.39, 11.14, 10.95, 10.69, 11.13, 11.38, 9.71, 7.0, 5.65, 5.93, 6.24, 5.85, 5.55, 5.04, 4.25, 4.53, 4.9, 4.58, 4.15, 3.96, 4.21, 4.27, 4.29, 4.68], [7.0, 7.0, 6.23, 5.22, 4.55, 4.65, 5.24, 5.78, 6.14, 5.14, 3.87, 2.91, 4.536, 7.525, 8.788, 8.806, 7.904, 7.52, 7.18, 6.09, 5.48, 5.78, 5.13, 3.15, 1.85, 1.39, 0, 1.47, 2.61, 4.25, 6.079, 6.664, 7.29, 7.02, 6.26, 8.08, 9.94, 9.66, 9.48, 9.457, 9.294, 9.574, 9.474, 9.674, 10.764, 11.824, 11.652, 10.557, 9.397, 8.907, 8.97, 9.0, 8.68, 8.86, 8.94, 8.95, 9.404, 10.52, 10.27, 10.25, 9.6, 9.28, 9.92, 10.61, 10.6, 10.3, 10.76, 11.01, 9.34, 6.57, 5.26, 5.56, 5.87, 5.76, 5.34, 4.99, 4.32, 4.5, 4.47, 4.21, 3.62, 3.43, 3.64, 3.6, 3.58, 4.07], [6.07, 5.79, 5.06, 4.07, 3.42, 3.48, 4.05, 4.49, 4.89, 4.01, 2.8, 1.8, 3.3, 6.22, 7.463, 7.58, 6.925, 6.33, 5.97, 4.94, 4.19, 4.51, 3.96, 2.42, 2.06, 2.18, 1.47, 0, 1.48, 2.92, 4.76, 5.36, 5.96, 5.77, 5.27, 6.73, 8.59, 8.31, 8.13, 8.15, 7.964, 8.244, 8.15, 8.344, 9.434, 10.494, 10.325, 9.227, 8.053, 7.603, 7.68, 7.69, 7.37, 7.57, 7.63, 7.64, 8.06, 9.13, 8.94, 8.92, 8.29, 7.95, 8.65, 9.38, 9.29, 9.03, 9.51, 9.74, 8.13, 5.46, 4.29, 4.53, 4.8, 4.87, 4.49, 4.2, 3.39, 3.35, 3.28, 3.2, 2.77, 2.58, 2.73, 2.69, 2.73, 3.12], [5.09, 4.77, 3.96, 2.95, 2.38, 2.54, 2.93, 3.35, 3.77, 3.03, 2.26, 1.4, 2.18, 5.06, 6.32, 6.557, 6.13, 5.41, 4.77, 4.0, 3.31, 3.29, 3.12, 2.22, 2.52, 3.16, 2.61, 1.48, 0, 1.8, 3.7, 4.28, 4.92, 4.73, 4.37, 5.57, 7.41, 7.11, 6.93, 6.91, 6.77, 7.024, 6.95, 7.19, 8.22, 9.274, 9.107, 8.024, 6.85, 6.437, 6.44, 6.41, 6.13, 6.31, 6.41, 6.38, 6.9, 8.07, 7.8, 7.74, 7.19, 6.77, 7.43, 8.22, 8.11, 7.87, 8.35, 8.58, 6.99, 4.5, 3.41, 3.67, 3.8, 3.85, 3.61, 3.38, 2.53, 2.35, 2.3, 2.26, 2.17, 1.94, 2.11, 2.13, 2.11, 2.34], [4.53, 4.23, 3.3, 2.07, 2.14, 2.28, 2.67, 2.89, 3.35, 3.05, 2.78, 2.5, 2.22, 4.5, 5.52, 6.13, 6.13, 5.37, 4.67, 4.38, 3.69, 2.99, 3.44, 3.1, 4.02, 4.86, 4.25, 2.92, 1.8, 0, 2.04, 3.0, 3.5, 3.67, 3.61, 3.99, 5.71, 5.45, 5.27, 5.45, 5.29, 5.43, 5.35, 5.53, 6.6, 7.657, 7.49, 6.37, 5.47, 5.18, 5.38, 5.41, 5.17, 5.33, 5.55, 5.32, 5.76, 6.35, 6.26, 6.36, 6.03, 5.57, 6.03, 6.74, 6.59, 6.27, 6.77, 6.98, 5.41, 3.48, 2.71, 2.87, 3.12, 3.15, 3.07, 3.4, 3.25, 2.71, 2.06, 2.1, 1.89, 1.8, 1.95, 1.97, 2.05, 1.92], [3.57, 3.33, 2.32, 1.95, 2.28, 2.5, 2.55, 2.49, 2.75, 2.81, 3.16, 3.74, 2.56, 3.64, 4.64, 5.27, 5.25, 4.55, 4.01, 3.98, 3.39, 2.59, 3.26, 4.2, 5.754, 6.697, 6.079, 4.76, 3.7, 2.04, 0, 1.82, 2.4, 2.63, 2.71, 2.57, 3.99, 3.81, 3.67, 3.77, 3.71, 3.81, 3.59, 3.69, 4.78, 5.84, 5.647, 4.85, 4.15, 3.88, 3.98, 4.17, 3.97, 4.21, 4.41, 4.24, 4.6, 5.01, 4.92, 5.12, 4.83, 4.37, 4.51, 4.94, 4.77, 4.59, 5.21, 5.38, 4.31, 3.02, 2.99, 3.03, 2.78, 2.91, 3.29, 3.82, 3.85, 3.23, 2.46, 2.64, 3.09, 3.28, 2.927, 2.77, 2.93, 2.42], [2.29, 2.17, 1.5, 1.83, 2.34, 2.4, 2.27, 1.97, 2.15, 2.23, 3.3, 4.34, 2.72, 2.24, 3.24, 3.77, 3.79, 3.45, 3.09, 3.32, 3.15, 2.49, 3.16, 4.551, 6.334, 7.277, 6.664, 5.36, 4.28, 3.0, 1.82, 0, 1.06, 1.47, 1.63, 1.57, 3.35, 3.07, 2.89, 2.89, 2.79, 2.99, 2.91, 3.11, 4.18, 5.26, 5.067, 3.99, 2.97, 2.64, 2.76, 2.79, 2.65, 2.85, 3.11, 2.76, 3.26, 3.97, 3.72, 3.86, 3.57, 3.13, 3.63, 4.3, 4.43, 4.61, 5.31, 5.38, 4.43, 3.04, 3.29, 2.99, 2.62, 3.17, 3.49, 3.74, 4.163, 3.432, 2.8, 3.52, 3.89, 3.98, 3.71, 3.59, 3.71, 3.3], [1.81, 1.71, 1.42, 2.39, 2.917, 2.96, 2.83, 2.19, 1.99, 2.51, 3.84, 4.96, 3.38, 1.9, 2.86, 3.33, 3.33, 2.97, 2.73, 3.3, 3.33, 2.65, 3.34, 5.208, 7.011, 7.974, 7.29, 5.96, 4.92, 3.5, 2.4, 1.06, 0, 0.89, 1.41, 1.31, 2.83, 2.63, 2.43, 2.45, 2.21, 2.47, 2.47, 2.73, 3.66, 4.677, 4.53, 3.49, 2.53, 2.12, 2.24, 2.35, 2.19, 2.51, 2.83, 2.42, 2.76, 3.33, 3.14, 3.32, 3.17, 2.77, 3.33, 3.92, 4.15, 4.33, 5.03, 5.1, 4.29, 3.38, 3.85, 3.57, 3.18, 3.73, 4.05, 4.4, 4.82, 4.074, 3.42, 4.12, 4.47, 4.64, 4.29, 4.15, 4.29, 3.72], [1.58, 1.64, 1.57, 2.32, 2.75, 2.79, 2.68, 2.06, 1.9, 2.38, 3.53, 4.73, 3.21, 1.97, 2.97, 3.18, 3.16, 2.66, 2.36, 2.83, 3.08, 2.42, 2.93, 4.906, 6.723, 7.707, 7.02, 5.77, 4.73, 3.67, 2.63, 1.47, 0.89, 0, 1.02, 1.76, 3.14, 3.06, 2.76, 2.86, 2.58, 2.78, 2.76, 2.96, 3.97, 5.01, 4.86, 3.78, 2.76, 2.31, 2.43, 2.5, 2.24, 2.54, 2.8, 2.65, 2.71, 3.68, 3.47, 3.45, 3.2, 2.98, 3.62, 4.19, 4.48, 4.64, 5.34, 5.41, 4.62, 3.69, 4.0, 3.78, 3.45, 4.0, 4.14, 4.37, 4.7, 4.1, 3.53, 4.37, 4.72, 4.59, 4.12, 4.06, 4.08, 3.47], [1.36, 1.64, 1.63, 2.4, 2.45, 2.53, 2.32, 1.9, 1.92, 2.02, 3.17, 4.41, 2.89, 2.19, 3.23, 3.3, 2.94, 2.6, 2.36, 2.47, 2.82, 2.24, 2.51, 4.17, 5.81, 6.77, 6.26, 5.27, 4.37, 3.61, 2.71, 1.63, 1.41, 1.02, 0, 2.3, 3.88, 3.68, 3.5, 3.58, 3.3, 3.58, 3.46, 3.7, 4.77, 5.81, 5.66, 4.56, 3.44, 2.97, 3.11, 3.06, 2.76, 2.98, 3.24, 3.17, 3.39, 4.48, 4.25, 4.15, 3.68, 3.56, 4.28, 4.89, 5.12, 5.32, 6.02, 6.09, 5.18, 4.13, 4.18, 3.96, 3.69, 4.0, 4.16, 4.17, 4.2, 3.82, 3.43, 4.25, 4.58, 4.51, 4.02, 3.9, 3.98, 3.41], [2.38, 2.46, 2.23, 3.02, 3.65, 3.67, 3.54, 2.86, 2.76, 3.22, 4.53, 5.59, 4.01, 2.41, 3.23, 3.84, 3.98, 3.72, 3.42, 3.97, 4.0, 3.36, 4.07, 5.87, 7.67, 8.61, 8.08, 6.73, 5.57, 3.99, 2.57, 1.57, 1.31, 1.76, 2.3, 0, 1.92, 1.62, 1.54, 1.64, 1.66, 1.7, 1.7, 1.9, 2.73, 3.79, 3.623, 2.68, 2.04, 1.77, 1.83, 2.2, 2.24, 2.34, 2.54, 2.25, 2.35, 2.88, 2.87, 2.89, 3.08, 2.82, 2.72, 3.21, 3.38, 3.58, 4.28, 4.35, 3.54, 2.91, 4.16, 3.72, 3.09, 3.82, 4.48, 4.93, 5.453, 4.68, 3.93, 4.53, 5.02, 5.17, 4.84, 4.76, 4.92, 4.15], [3.52, 3.56, 3.93, 4.84, 5.45, 5.41, 5.194, 4.434, 4.12, 4.94, 6.21, 7.29, 5.65, 3.05, 3.53, 4.2, 4.52, 4.38, 4.26, 5.05, 5.18, 4.56, 5.43, 7.484, 9.33, 10.37, 9.94, 8.59, 7.41, 5.71, 3.99, 3.35, 2.83, 3.14, 3.88, 1.92, 0, 0.76, 0.98, 1.54, 1.9, 1.62, 1.56, 1.52, 1.57, 2.05, 1.94, 1.66, 1.74, 1.89, 1.87, 2.7, 2.96, 2.8, 2.92, 2.61, 2.61, 2.6, 2.95, 2.99, 3.42, 3.32, 2.8, 2.45, 2.5, 2.36, 2.86, 2.91, 2.52, 3.95, 5.6, 5.22, 4.53, 5.2, 6.045, 6.512, 7.01, 6.274, 5.73, 6.07, 6.8, 6.89, 6.66, 6.62, 6.78, 5.99], [3.54, 3.58, 3.63, 4.56, 5.17, 5.13, 4.931, 4.16, 3.94, 4.66, 5.91, 6.97, 5.35, 2.99, 3.59, 4.3, 4.58, 4.54, 4.3, 4.89, 4.98, 4.38, 5.13, 7.201, 9.03, 10.07, 9.66, 8.31, 7.11, 5.45, 3.81, 3.07, 2.63, 3.06, 3.68, 1.62, 0.76, 0, 0.68, 1.38, 1.72, 1.5, 1.42, 1.52, 1.55, 2.37, 2.34, 1.96, 1.9, 2.03, 2.07, 2.76, 3.0, 2.9, 3.0, 2.71, 2.71, 2.86, 3.19, 3.17, 3.64, 3.5, 3.06, 2.65, 2.66, 2.58, 3.06, 3.11, 2.68, 3.69, 5.26, 4.82, 4.11, 4.9, 5.76, 6.172, 6.659, 5.931, 5.41, 5.79, 6.5, 6.59, 6.38, 6.34, 6.5, 5.71], [3.4, 3.44, 3.53, 4.38, 4.99, 4.95, 4.734, 4.02, 3.86, 4.5, 5.73, 6.77, 5.17, 2.77, 3.27, 3.84, 4.24, 4.22, 4.1, 4.61, 4.64, 4.12, 4.89, 7.004, 8.85, 9.89, 9.48, 8.13, 6.93, 5.27, 3.67, 2.89, 2.43, 2.76, 3.5, 1.54, 0.98, 0.68, 0, 1.04, 1.36, 1.26, 1.2, 1.38, 1.75, 2.63, 2.42, 1.9, 1.62, 1.79, 1.81, 2.52, 2.82, 2.72, 2.86, 2.53, 2.45, 2.56, 2.91, 2.87, 3.38, 3.28, 2.84, 2.75, 2.82, 2.86, 3.52, 3.59, 2.9, 3.61, 5.12, 4.66, 3.93, 4.74, 5.54, 5.932, 6.419, 5.714, 5.21, 5.63, 6.34, 6.43, 6.2, 6.16, 6.32, 5.55], [3.16, 3.18, 3.41, 4.34, 4.927, 4.89, 4.617, 3.88, 3.62, 4.44, 5.73, 6.67, 5.05, 2.55, 2.93, 3.26, 3.8, 3.9, 3.86, 4.49, 4.54, 4.08, 4.77, 6.896, 8.756, 9.793, 9.457, 8.15, 6.91, 5.45, 3.77, 2.89, 2.45, 2.86, 3.58, 1.64, 1.54, 1.38, 1.04, 0, 0.88, 0.84, 0.9, 1.12, 1.75, 2.73, 2.48, 2.18, 1.58, 1.71, 1.81, 2.32, 2.48, 2.54, 2.7, 2.39, 2.27, 2.82, 3.11, 2.97, 3.5, 3.34, 2.96, 2.87, 2.96, 3.2, 3.92, 3.97, 3.08, 3.73, 5.28, 4.76, 3.89, 4.66, 5.48, 5.761, 6.219, 5.537, 5.19, 5.83, 6.44, 6.53, 6.257, 6.157, 6.297, 5.67], [2.88, 2.94, 3.29, 4.2, 4.79, 4.75, 4.46, 3.72, 3.38, 4.3, 5.55, 6.53, 4.91, 2.29, 2.71, 3.06, 3.38, 3.48, 3.46, 4.17, 4.28, 3.82, 4.53, 6.736, 8.616, 9.653, 9.294, 7.964, 6.77, 5.29, 3.71, 2.79, 2.21, 2.58, 3.3, 1.66, 1.9, 1.72, 1.36, 0.88, 0, 0.7, 0.92, 1.42, 2.03, 3.03, 2.8, 2.14, 1.54, 1.47, 1.63, 1.98, 2.12, 2.32, 2.48, 2.21, 2.13, 2.78, 2.91, 2.77, 3.32, 3.04, 2.82, 3.09, 3.02, 3.26, 3.98, 4.05, 3.24, 3.57, 5.06, 4.52, 3.75, 4.6, 5.34, 5.601, 6.019, 5.357, 5.05, 5.67, 6.26, 6.37, 6.08, 5.994, 6.152, 5.45], [3.18, 3.24, 3.53, 4.449, 5.042, 4.979, 4.72, 3.974, 3.66, 4.549, 5.77, 6.73, 5.17, 2.53, 2.91, 3.22, 3.62, 3.68, 3.68, 4.37, 4.48, 4.02, 4.81, 6.996, 8.876, 9.913, 9.574, 8.244, 7.024, 5.43, 3.81, 2.99, 2.47, 2.78, 3.58, 1.7, 1.62, 1.5, 1.26, 0.84, 0.7, 0, 0.72, 1.06, 1.75, 2.75, 2.52, 2.02, 1.52, 1.63, 1.71, 2.18, 2.24, 2.52, 2.68, 2.39, 2.33, 2.78, 2.99, 2.89, 3.44, 3.22, 2.86, 2.91, 2.9, 3.1, 3.82, 3.89, 3.18, 3.65, 5.22, 4.68, 3.97, 4.72, 5.48, 5.815, 6.262, 5.614, 5.25, 5.77, 6.42, 6.55, 6.337, 6.274, 6.414, 5.69], [3.28, 3.36, 3.53, 4.38, 4.962, 4.91, 4.64, 3.9, 3.68, 4.52, 5.73, 6.73, 5.09, 2.73, 3.07, 3.38, 3.62, 3.82, 3.74, 4.43, 4.46, 3.98, 4.79, 6.916, 8.796, 9.833, 9.474, 8.15, 6.95, 5.35, 3.59, 2.91, 2.47, 2.76, 3.46, 1.7, 1.56, 1.42, 1.2, 0.9, 0.92, 0.72, 0, 0.8, 1.55, 2.69, 2.46, 2.1, 1.66, 1.73, 1.77, 2.26, 2.34, 2.58, 2.8, 2.49, 2.41, 2.8, 3.13, 3.03, 3.52, 3.34, 2.9, 2.89, 2.9, 3.1, 3.8, 3.83, 3.2, 3.59, 5.26, 4.74, 3.962, 4.56, 5.374, 5.775, 6.262, 5.614, 5.23, 5.75, 6.4, 6.51, 6.237, 6.174, 6.332, 5.65], [3.66, 3.7, 3.81, 4.6, 5.162, 5.099, 4.84, 4.16, 4.04, 4.78, 5.89, 6.97, 5.29, 3.35, 3.49, 3.82, 4.06, 4.18, 4.04, 4.67, 4.7, 4.28, 5.07, 7.116, 9.036, 10.073, 9.674, 8.344, 7.19, 5.53, 3.69, 3.11, 2.73, 2.96, 3.7, 1.9, 1.52, 1.52, 1.38, 1.12, 1.42, 1.06, 0.8, 0, 1.21, 2.41, 2.26, 2.26, 2.08, 2.15, 2.17, 2.74, 2.82, 3.08, 3.22, 2.87, 2.73, 2.96, 3.51, 3.39, 3.9, 3.78, 3.3, 2.93, 3.0, 3.06, 3.76, 3.81, 3.2, 3.87, 5.44, 4.94, 4.27, 4.794, 5.574, 6.024, 6.531, 5.857, 5.464, 5.89, 6.58, 6.67, 6.417, 6.374, 6.532, 5.77], [4.19, 4.27, 4.74, 5.639, 6.232, 6.169, 5.91, 5.164, 4.87, 5.75, 6.96, 7.98, 6.36, 3.9, 3.82, 4.13, 4.35, 4.55, 4.55, 5.58, 5.67, 5.23, 6.049, 8.186, 10.086, 11.103, 10.764, 9.434, 8.22, 6.6, 4.78, 4.18, 3.66, 3.97, 4.77, 2.73, 1.57, 1.55, 1.75, 1.75, 2.03, 1.75, 1.55, 1.21, 0, 1.26, 1.63, 2.21, 2.45, 2.58, 2.6, 3.19, 3.37, 3.53, 3.47, 3.2, 3.08, 3.07, 3.7, 3.62, 4.09, 4.01, 3.57, 2.9, 2.77, 2.79, 3.25, 3.28, 3.03, 4.76, 6.45, 5.97, 5.274, 5.804, 6.644, 7.034, 7.561, 6.867, 6.494, 6.92, 7.607, 7.72, 7.527, 7.464, 7.604, 6.86], [4.91, 4.93, 5.749, 6.679, 7.292, 7.212, 6.93, 6.204, 5.833, 6.779, 7.98, 9.02, 7.4, 4.58, 3.84, 4.25, 4.87, 4.91, 5.25, 6.637, 6.77, 6.299, 7.149, 9.229, 11.146, 12.143, 11.824, 10.494, 9.274, 7.657, 5.84, 5.26, 4.677, 5.01, 5.81, 3.79, 2.05, 2.37, 2.63, 2.73, 3.03, 2.75, 2.69, 2.41, 1.26, 0, 0.91, 1.89, 2.77, 2.98, 3.06, 3.69, 3.95, 3.85, 3.69, 3.44, 3.3, 3.11, 3.66, 3.62, 4.19, 3.99, 3.53, 2.84, 2.57, 2.57, 2.59, 2.66, 3.03, 5.88, 7.57, 7.09, 6.394, 6.858, 7.709, 8.139, 8.689, 7.924, 7.554, 8.0, 8.667, 8.82, 8.587, 8.524, 8.664, 7.92], [4.734, 4.774, 5.573, 6.506, 7.119, 7.042, 6.783, 6.052, 5.677, 6.603, 7.833, 8.827, 7.213, 4.31, 3.39, 3.78, 4.56, 4.64, 5.08, 6.427, 6.526, 6.069, 6.893, 9.067, 10.944, 11.958, 11.652, 10.325, 9.107, 7.49, 5.647, 5.067, 4.53, 4.86, 5.66, 3.623, 1.94, 2.34, 2.42, 2.48, 2.8, 2.52, 2.46, 2.26, 1.63, 0.91, 0, 1.44, 2.42, 2.77, 2.856, 3.497, 3.5, 3.42, 3.28, 3.03, 2.85, 2.66, 3.21, 3.15, 3.76, 3.6, 3.14, 2.61, 2.38, 2.48, 2.62, 2.65, 2.82, 5.639, 7.329, 6.846, 6.142, 6.711, 7.548, 7.918, 8.445, 7.717, 7.365, 7.796, 8.48, 8.616, 8.418, 8.352, 8.492, 7.756], [3.86, 3.92, 4.522, 5.452, 6.064, 6.016, 5.831, 5.06, 4.717, 5.552, 6.796, 7.787, 6.227, 3.27, 2.61, 3.16, 3.8, 3.8, 4.06, 5.327, 5.494, 5.029, 5.776, 8.107, 9.916, 10.956, 10.557, 9.227, 8.024, 6.37, 4.85, 3.99, 3.49, 3.78, 4.56, 2.68, 1.66, 1.96, 1.9, 2.18, 2.14, 2.02, 2.1, 2.26, 2.21, 1.89, 1.44, 0, 1.36, 1.97, 2.05, 2.62, 2.72, 2.54, 2.42, 2.07, 1.97, 1.84, 2.19, 2.13, 2.78, 2.6, 2.28, 2.45, 2.42, 2.36, 2.76, 2.87, 2.9, 4.57, 6.06, 5.58, 5.11, 6.04, 6.634, 6.992, 7.442, 6.691, 6.207, 6.65, 7.309, 7.51, 7.3, 7.257, 7.414, 6.636], [2.84, 2.92, 3.41, 4.32, 4.879, 4.91, 4.66, 3.897, 3.503, 4.372, 5.73, 6.71, 5.05, 2.19, 2.15, 2.66, 3.08, 3.28, 3.38, 4.33, 4.42, 3.889, 4.716, 6.89, 8.736, 9.776, 9.397, 8.053, 6.85, 5.47, 4.15, 2.97, 2.53, 2.76, 3.44, 2.04, 1.74, 1.9, 1.62, 1.58, 1.54, 1.52, 1.66, 2.08, 2.45, 2.77, 2.42, 1.36, 0, 0.89, 1.09, 1.72, 1.64, 1.54, 1.6, 1.31, 1.33, 1.92, 2.09, 1.95, 2.22, 2.02, 1.88, 2.15, 2.28, 2.56, 3.28, 3.33, 3.04, 4.17, 5.46, 4.9, 4.29, 5.16, 5.6, 5.904, 6.334, 5.66, 5.27, 6.11, 6.54, 6.55, 6.166, 6.077, 6.217, 5.61], [2.35, 2.45, 2.96, 3.83, 4.415, 4.329, 4.093, 3.387, 2.996, 3.902, 5.22, 6.28, 4.56, 2.14, 2.44, 2.85, 3.19, 3.17, 3.21, 4.1, 4.13, 3.67, 4.372, 6.409, 8.309, 9.326, 8.907, 7.603, 6.437, 5.18, 3.88, 2.64, 2.12, 2.31, 2.97, 1.77, 1.89, 2.03, 1.79, 1.71, 1.47, 1.63, 1.73, 2.15, 2.58, 2.98, 2.77, 1.97, 0.89, 0, 0.58, 1.43, 1.55, 1.43, 1.59, 1.36, 1.48, 2.39, 2.36, 2.22, 2.41, 2.11, 2.11, 2.38, 2.53, 2.87, 3.57, 3.62, 3.07, 4.12, 5.29, 4.83, 4.2, 4.83, 5.17, 5.54, 5.986, 5.29, 4.9, 5.82, 6.25, 6.24, 5.75, 5.65, 5.765, 5.16], [2.29, 2.33, 2.88, 3.89, 4.46, 4.46, 4.01, 3.43, 3.01, 3.87, 5.4, 6.44, 4.6, 2.36, 2.62, 2.97, 3.17, 3.17, 3.11, 3.96, 4.09, 3.61, 4.42, 6.389, 8.226, 9.223, 8.97, 7.68, 6.44, 5.38, 3.98, 2.76, 2.24, 2.43, 3.11, 1.83, 1.87, 2.07, 1.81, 1.81, 1.63, 1.71, 1.77, 2.17, 2.6, 3.06, 2.856, 2.05, 1.09, 0.58, 0, 1.29, 1.49, 1.37, 1.51, 1.26, 1.64, 2.33, 2.34, 2.26, 2.39, 2.15, 2.07, 2.46, 2.75, 3.09, 3.77, 3.82, 3.33, 4.28, 5.49, 5.05, 4.3, 4.77, 5.27, 5.52, 5.963, 5.29, 5.04, 5.96, 6.41, 6.4, 5.89, 5.67, 5.79, 5.32], [2.2, 2.32, 2.93, 4.0, 4.53, 4.51, 3.78, 3.22, 2.9, 3.88, 5.35, 6.43, 4.53, 2.27, 2.47, 2.64, 2.7, 3.06, 2.66, 3.51, 3.88, 3.48, 4.11, 6.004, 7.947, 8.87, 9.0, 7.69, 6.41, 5.41, 4.17, 2.79, 2.35, 2.5, 3.06, 2.2, 2.7, 2.76, 2.52, 2.32, 1.98, 2.18, 2.26, 2.74, 3.19, 3.69, 3.497, 2.62, 1.72, 1.43, 1.29, 0, 1.06, 1.06, 1.3, 1.31, 1.87, 2.86, 2.69, 2.63, 2.6, 2.42, 2.74, 3.37, 3.52, 3.76, 4.46, 4.53, 4.02, 4.35, 5.38, 4.98, 4.33, 4.54, 5.0, 5.05, 5.36, 4.96, 5.13, 5.97, 6.46, 6.41, 5.94, 5.74, 5.84, 5.43], [1.98, 2.1, 2.71, 3.76, 4.27, 4.25, 3.6, 2.96, 2.64, 3.58, 5.05, 6.13, 4.27, 2.05, 2.03, 2.16, 2.24, 2.64, 2.46, 3.19, 3.52, 3.14, 3.75, 5.79, 7.65, 8.67, 8.68, 7.37, 6.13, 5.17, 3.97, 2.65, 2.19, 2.24, 2.76, 2.24, 2.96, 3.0, 2.82, 2.48, 2.12, 2.24, 2.34, 2.82, 3.37, 3.95, 3.5, 2.72, 1.64, 1.55, 1.49, 1.06, 0, 0.86, 1.18, 1.27, 1.81, 2.9, 2.73, 2.65, 2.32, 2.2, 2.72, 3.39, 3.38, 3.72, 4.42, 4.47, 4.04, 4.23, 5.14, 4.64, 4.01, 4.36, 4.86, 4.87, 5.12, 4.7, 4.89, 5.79, 6.22, 6.15, 5.64, 5.48, 5.56, 5.15], [2.18, 2.3, 2.87, 3.92, 4.43, 4.43, 3.74, 3.16, 2.78, 3.76, 5.23, 6.33, 4.45, 2.11, 2.03, 2.36, 2.74, 2.92, 2.62, 3.33, 3.7, 3.36, 3.97, 6.01, 7.85, 8.79, 8.86, 7.57, 6.31, 5.33, 4.21, 2.85, 2.51, 2.54, 2.98, 2.34, 2.8, 2.9, 2.72, 2.54, 2.32, 2.52, 2.58, 3.08, 3.53, 3.85, 3.42, 2.54, 1.54, 1.43, 1.37, 1.06, 0.86, 0, 0.92, 1.05, 1.53, 2.6, 2.39, 2.33, 2.0, 1.86, 2.34, 3.03, 3.02, 3.38, 4.04, 4.11, 3.78, 4.43, 5.34, 4.88, 4.27, 4.66, 5.1, 5.11, 5.42, 4.94, 5.09, 5.99, 6.42, 6.31, 5.82, 5.66, 5.74, 5.33], [2.28, 2.36, 2.95, 4.04, 4.53, 4.53, 3.94, 3.26, 2.92, 3.84, 5.35, 6.43, 4.59, 2.39, 2.15, 2.38, 2.82, 3.14, 2.92, 3.65, 3.96, 3.42, 4.09, 6.13, 7.95, 8.95, 8.94, 7.63, 6.41, 5.55, 4.41, 3.11, 2.83, 2.8, 3.24, 2.54, 2.92, 3.0, 2.86, 2.7, 2.48, 2.68, 2.8, 3.22, 3.47, 3.69, 3.28, 2.42, 1.6, 1.59, 1.51, 1.3, 1.18, 0.92, 0, 0.81, 1.25, 2.34, 2.27, 2.17, 1.8, 1.84, 2.26, 2.81, 2.76, 3.02, 3.76, 3.83, 3.76, 4.51, 5.54, 5.12, 4.49, 4.98, 5.4, 5.41, 5.62, 5.16, 5.21, 6.15, 6.54, 6.45, 5.92, 5.74, 5.84, 5.41], [2.23, 2.35, 2.86, 3.91, 4.46, 4.5, 4.11, 3.35, 3.07, 3.85, 5.36, 6.44, 4.62, 2.16, 1.92, 2.33, 2.81, 2.97, 2.85, 3.8, 3.97, 3.49, 4.18, 6.371, 8.197, 9.18, 8.95, 7.64, 6.38, 5.32, 4.24, 2.76, 2.42, 2.65, 3.17, 2.25, 2.61, 2.71, 2.53, 2.39, 2.21, 2.39, 2.49, 2.87, 3.2, 3.44, 3.03, 2.07, 1.31, 1.36, 1.26, 1.31, 1.27, 1.05, 0.81, 0, 1.1, 2.03, 1.96, 1.88, 1.65, 1.51, 1.97, 2.44, 2.49, 2.93, 3.73, 3.78, 3.67, 4.4, 5.35, 4.95, 4.34, 4.95, 5.35, 5.44, 5.89, 5.19, 5.02, 5.86, 6.33, 6.36, 5.93, 5.71, 5.83, 5.46], [2.63, 2.83, 3.58, 4.51, 5.02, 5.08, 4.91, 4.07, 3.71, 4.47, 5.8, 6.92, 5.26, 2.58, 1.92, 2.31, 3.09, 3.19, 3.27, 4.5, 4.65, 4.17, 4.877, 7.074, 8.877, 9.86, 9.404, 8.06, 6.9, 5.76, 4.6, 3.26, 2.76, 2.71, 3.39, 2.35, 2.61, 2.71, 2.45, 2.27, 2.13, 2.33, 2.41, 2.73, 3.08, 3.3, 2.85, 1.97, 1.33, 1.48, 1.64, 1.87, 1.81, 1.53, 1.25, 1.1, 0, 1.41, 1.54, 1.34, 1.59, 1.49, 1.77, 2.28, 2.49, 2.93, 3.65, 3.72, 3.93, 4.78, 5.93, 5.45, 4.92, 5.79, 6.15, 6.26, 6.61, 6.01, 5.64, 6.46, 6.81, 6.74, 6.25, 6.17, 6.27, 5.58], [3.84, 3.96, 4.53, 5.48, 6.147, 6.19, 6.06, 5.26, 4.96, 5.674, 7.01, 8.05, 6.47, 3.63, 2.71, 3.16, 4.1, 4.04, 4.28, 5.67, 5.88, 5.3, 6.109, 8.338, 10.101, 11.084, 10.52, 9.13, 8.07, 6.35, 5.01, 3.97, 3.33, 3.68, 4.48, 2.88, 2.6, 2.86, 2.56, 2.82, 2.78, 2.78, 2.8, 2.96, 3.07, 3.11, 2.66, 1.84, 1.92, 2.39, 2.33, 2.86, 2.9, 2.6, 2.34, 2.03, 1.41, 0, 0.87, 0.97, 1.36, 1.52, 1.44, 1.89, 2.42, 2.92, 3.62, 3.69, 3.96, 5.15, 6.44, 6.04, 5.61, 6.44, 6.98, 7.33, 7.836, 7.099, 6.39, 6.91, 7.4, 7.57, 7.3, 7.2, 7.36, 6.63], [3.65, 3.75, 4.3, 5.23, 5.874, 5.931, 5.81, 5.035, 4.735, 5.421, 6.78, 7.76, 6.26, 3.42, 2.6, 3.09, 4.05, 3.79, 4.05, 5.345, 5.583, 5.063, 5.819, 8.108, 9.851, 10.814, 10.27, 8.94, 7.8, 6.26, 4.92, 3.72, 3.14, 3.47, 4.25, 2.87, 2.95, 3.19, 2.91, 3.11, 2.91, 2.99, 3.13, 3.51, 3.7, 3.66, 3.21, 2.19, 2.09, 2.36, 2.34, 2.69, 2.73, 2.39, 2.27, 1.96, 1.54, 0.87, 0, 0.72, 1.23, 1.21, 1.27, 1.98, 2.57, 3.21, 3.97, 4.1, 4.25, 5.08, 6.21, 5.83, 5.38, 6.33, 6.79, 7.14, 7.546, 6.79, 6.04, 6.68, 7.15, 7.34, 7.07, 6.93, 7.11, 6.46], [3.63, 3.81, 4.4, 5.31, 5.88, 5.88, 5.79, 4.95, 4.63, 5.327, 6.68, 7.7, 6.14, 3.4, 2.64, 2.91, 3.83, 3.53, 3.81, 5.2, 5.49, 4.93, 5.679, 7.988, 9.751, 10.737, 10.25, 8.92, 7.74, 6.36, 5.12, 3.86, 3.32, 3.45, 4.15, 2.89, 2.99, 3.17, 2.87, 2.97, 2.77, 2.89, 3.03, 3.39, 3.62, 3.62, 3.15, 2.13, 1.95, 2.22, 2.26, 2.63, 2.65, 2.33, 2.17, 1.88, 1.34, 0.97, 0.72, 0, 1.17, 1.25, 1.39, 2.0, 2.51, 3.23, 3.99, 4.06, 4.27, 5.14, 6.27, 5.89, 5.4, 6.39, 6.87, 7.08, 7.43, 6.75, 6.18, 6.9, 7.35, 7.48, 7.05, 6.97, 7.13, 6.42], [3.14, 3.48, 3.95, 4.88, 5.41, 5.47, 5.24, 4.36, 4.12, 4.76, 6.21, 7.31, 5.67, 3.21, 2.71, 2.92, 3.6, 3.5, 3.62, 4.75, 5.16, 4.6, 5.23, 7.35, 9.141, 10.084, 9.6, 8.29, 7.19, 6.03, 4.83, 3.57, 3.17, 3.2, 3.68, 3.08, 3.42, 3.64, 3.38, 3.5, 3.32, 3.44, 3.52, 3.9, 4.09, 4.19, 3.76, 2.78, 2.22, 2.41, 2.39, 2.6, 2.32, 2.0, 1.8, 1.65, 1.59, 1.36, 1.23, 1.17, 0, 1.02, 1.52, 2.13, 2.66, 3.52, 4.24, 4.33, 4.54, 5.35, 6.32, 5.88, 5.37, 6.1, 6.58, 6.69, 6.96, 6.42, 5.93, 6.71, 7.12, 7.13, 6.56, 6.48, 6.54, 5.95], [3.04, 3.16, 3.47, 4.3, 4.89, 4.95, 4.78, 4.079, 3.76, 4.46, 5.87, 6.89, 5.31, 2.91, 2.37, 2.8, 3.58, 3.52, 3.5, 4.61, 4.78, 4.22, 4.983, 7.129, 8.921, 9.844, 9.28, 7.95, 6.77, 5.57, 4.37, 3.13, 2.77, 2.98, 3.56, 2.82, 3.32, 3.5, 3.28, 3.34, 3.04, 3.22, 3.34, 3.78, 4.01, 3.99, 3.6, 2.6, 2.02, 2.11, 2.15, 2.42, 2.2, 1.86, 1.84, 1.51, 1.49, 1.52, 1.21, 1.25, 1.02, 0, 1.04, 1.79, 2.26, 3.1, 3.82, 3.89, 4.12, 4.87, 5.82, 5.38, 4.87, 5.58, 6.0, 6.23, 6.696, 5.96, 5.31, 6.17, 6.52, 6.63, 6.18, 6.04, 6.14, 5.67], [3.62, 3.68, 4.05, 4.8, 5.39, 5.49, 5.3, 4.64, 4.28, 4.96, 6.49, 7.49, 5.85, 3.53, 2.85, 3.36, 4.08, 4.08, 4.04, 5.25, 5.36, 4.76, 5.577, 7.666, 9.441, 10.39, 9.92, 8.65, 7.43, 6.03, 4.51, 3.63, 3.33, 3.62, 4.28, 2.72, 2.8, 3.06, 2.84, 2.96, 2.82, 2.86, 2.9, 3.3, 3.57, 3.53, 3.14, 2.28, 1.88, 2.11, 2.07, 2.74, 2.72, 2.34, 2.26, 1.97, 1.77, 1.44, 1.27, 1.39, 1.52, 1.04, 0, 1.11, 1.78, 2.66, 3.36, 3.41, 3.68, 4.87, 6.22, 5.78, 4.93, 5.62, 6.26, 6.763, 7.281, 6.516, 5.79, 6.47, 7.02, 7.15, 6.76, 6.64, 6.74, 6.23], [4.19, 4.25, 4.6, 5.43, 6.1, 6.02, 5.93, 5.35, 4.95, 5.67, 7.08, 8.16, 6.54, 4.14, 3.4, 3.97, 4.75, 4.67, 4.71, 5.9, 6.074, 5.49, 6.3, 8.36, 10.16, 11.14, 10.61, 9.38, 8.22, 6.74, 4.94, 4.3, 3.92, 4.19, 4.89, 3.21, 2.45, 2.65, 2.75, 2.87, 3.09, 2.91, 2.89, 2.93, 2.9, 2.84, 2.61, 2.45, 2.15, 2.38, 2.46, 3.37, 3.39, 3.03, 2.81, 2.44, 2.28, 1.89, 1.98, 2.0, 2.13, 1.79, 1.11, 0, 1.23, 2.13, 2.77, 2.8, 3.13, 5.34, 6.89, 6.45, 5.54, 6.09, 6.91, 7.479, 7.994, 7.208, 6.5, 7.14, 7.75, 7.86, 7.49, 7.35, 7.43, 6.86], [4.52, 4.54, 4.75, 5.46, 6.07, 6.01, 5.86, 5.08, 4.76, 5.6, 6.91, 7.91, 6.33, 3.99, 3.45, 4.1, 4.86, 4.82, 4.82, 5.65, 5.72, 5.16, 5.91, 8.13, 9.93, 10.95, 10.6, 9.29, 8.11, 6.59, 4.77, 4.43, 4.15, 4.48, 5.12, 3.38, 2.5, 2.66, 2.82, 2.96, 3.02, 2.9, 2.9, 3.0, 2.77, 2.57, 2.38, 2.42, 2.28, 2.53, 2.75, 3.52, 3.38, 3.02, 2.76, 2.49, 2.49, 2.42, 2.57, 2.51, 2.66, 2.26, 1.78, 1.23, 0, 1.26, 1.82, 1.81, 2.36, 4.83, 6.46, 5.98, 5.15, 5.82, 6.68, 7.07, 7.58, 6.82, 6.31, 6.85, 7.5, 7.63, 7.38, 7.3, 7.44, 6.77], [4.78, 4.8, 4.81, 5.28, 5.83, 5.77, 5.62, 4.9, 4.62, 5.4, 6.61, 7.57, 6.09, 4.25, 4.01, 4.68, 5.38, 5.32, 5.32, 5.89, 5.72, 5.04, 5.73, 7.91, 9.71, 10.69, 10.3, 9.03, 7.87, 6.27, 4.59, 4.61, 4.33, 4.64, 5.32, 3.58, 2.36, 2.58, 2.86, 3.2, 3.26, 3.1, 3.1, 3.06, 2.79, 2.57, 2.48, 2.36, 2.56, 2.87, 3.09, 3.76, 3.72, 3.38, 3.02, 2.93, 2.93, 2.92, 3.21, 3.23, 3.52, 3.1, 2.66, 2.13, 1.26, 0, 1.06, 1.21, 1.48, 4.17, 5.86, 5.44, 4.75, 5.54, 6.4, 6.81, 7.22, 6.5, 5.95, 6.33, 7.04, 7.23, 7.04, 7.0, 7.16, 6.37], [5.48, 5.5, 5.39, 5.78, 6.33, 6.21, 6.12, 5.4, 5.12, 5.9, 7.09, 8.09, 6.59, 4.97, 4.75, 5.48, 6.08, 6.1, 6.08, 6.65, 6.5, 5.7, 6.35, 8.37, 10.15, 11.13, 10.76, 9.51, 8.35, 6.77, 5.21, 5.31, 5.03, 5.34, 6.02, 4.28, 2.86, 3.06, 3.52, 3.92, 3.98, 3.82, 3.8, 3.76, 3.25, 2.59, 2.62, 2.76, 3.28, 3.57, 3.77, 4.46, 4.42, 4.04, 3.76, 3.73, 3.65, 3.62, 3.97, 3.99, 4.24, 3.82, 3.36, 2.77, 1.82, 1.06, 0, 0.55, 1.8, 4.73, 6.34, 5.98, 5.27, 5.96, 6.84, 7.27, 7.8, 7.08, 6.51, 6.87, 7.58, 7.69, 7.5, 7.46, 7.62, 6.83], [5.55, 5.57, 5.52, 5.97, 6.52, 6.44, 6.31, 5.55, 5.29, 6.11, 7.32, 8.34, 6.78, 5.04, 4.82, 5.57, 6.11, 6.21, 6.15, 6.7, 6.55, 5.81, 6.48, 8.56, 10.34, 11.38, 11.01, 9.74, 8.58, 6.98, 5.38, 5.38, 5.1, 5.41, 6.09, 4.35, 2.91, 3.11, 3.59, 3.97, 4.05, 3.89, 3.83, 3.81, 3.28, 2.66, 2.65, 2.87, 3.33, 3.62, 3.82, 4.53, 4.47, 4.11, 3.83, 3.78, 3.72, 3.69, 4.1, 4.06, 4.33, 3.89, 3.41, 2.8, 1.81, 1.21, 0.55, 0, 2.05, 4.98, 6.63, 6.25, 5.54, 6.23, 7.11, 7.54, 8.03, 7.29, 6.74, 7.14, 7.85, 7.94, 7.75, 7.71, 7.87, 7.08], [4.8, 4.78, 4.59, 4.54, 4.99, 4.83, 4.78, 4.18, 3.94, 4.66, 5.73, 6.67, 5.27, 4.37, 4.69, 5.42, 5.84, 5.76, 5.74, 6.09, 5.84, 5.1, 5.35, 6.95, 8.79, 9.71, 9.34, 8.13, 6.99, 5.41, 4.31, 4.43, 4.29, 4.62, 5.18, 3.54, 2.52, 2.68, 2.9, 3.08, 3.24, 3.18, 3.2, 3.2, 3.03, 3.03, 2.82, 2.9, 3.04, 3.07, 3.33, 4.02, 4.04, 3.78, 3.76, 3.67, 3.93, 3.96, 4.25, 4.27, 4.54, 4.12, 3.68, 3.13, 2.36, 1.48, 1.8, 2.05, 0, 3.19, 4.84, 4.42, 3.77, 4.42, 5.28, 5.69, 6.18, 5.48, 4.99, 5.35, 6.04, 6.27, 6.04, 6.0, 6.16, 5.37], [4.59, 4.57, 3.5, 2.71, 3.0, 2.96, 3.23, 2.89, 3.19, 3.17, 3.2, 4.06, 3.54, 4.2, 5.2, 5.85, 5.87, 5.51, 5.23, 5.14, 4.83, 4.07, 4.26, 5.0, 6.18, 7.0, 6.57, 5.46, 4.5, 3.48, 3.02, 3.04, 3.38, 3.69, 4.13, 2.91, 3.95, 3.69, 3.61, 3.73, 3.57, 3.65, 3.59, 3.87, 4.76, 5.88, 5.639, 4.57, 4.17, 4.12, 4.28, 4.35, 4.23, 4.43, 4.51, 4.4, 4.78, 5.15, 5.08, 5.14, 5.35, 4.87, 4.87, 5.34, 4.83, 4.17, 4.73, 4.98, 3.19, 0, 1.75, 1.35, 0.86, 1.73, 2.53, 2.92, 3.41, 2.91, 2.4, 2.56, 3.27, 3.4, 3.25, 3.21, 3.35, 2.76], [5.0, 4.78, 3.71, 2.4, 2.51, 2.59, 2.92, 3.1, 3.48, 3.34, 2.33, 2.89, 3.01, 4.69, 5.73, 6.36, 6.36, 5.64, 5.3, 5.09, 4.58, 3.82, 3.93, 4.33, 5.03, 5.65, 5.26, 4.29, 3.41, 2.71, 2.99, 3.29, 3.85, 4.0, 4.18, 4.16, 5.6, 5.26, 5.12, 5.28, 5.06, 5.22, 5.26, 5.44, 6.45, 7.57, 7.329, 6.06, 5.46, 5.29, 5.49, 5.38, 5.14, 5.34, 5.54, 5.35, 5.93, 6.44, 6.21, 6.27, 6.32, 5.82, 6.22, 6.89, 6.46, 5.86, 6.34, 6.63, 4.84, 1.75, 0, 0.66, 1.55, 1.9, 1.44, 1.71, 2.06, 1.76, 1.65, 1.65, 1.84, 2.07, 2.0, 1.96, 2.1, 1.87], [4.8, 4.58, 3.53, 2.22, 2.49, 2.51, 2.8, 2.92, 3.28, 3.14, 2.43, 3.09, 3.01, 4.37, 5.39, 6.0, 6.04, 5.48, 5.14, 4.95, 4.52, 3.78, 3.87, 4.41, 5.27, 5.93, 5.56, 4.53, 3.67, 2.87, 3.03, 2.99, 3.57, 3.78, 3.96, 3.72, 5.22, 4.82, 4.66, 4.76, 4.52, 4.68, 4.74, 4.94, 5.97, 7.09, 6.846, 5.58, 4.9, 4.83, 5.05, 4.98, 4.64, 4.88, 5.12, 4.95, 5.45, 6.04, 5.83, 5.89, 5.88, 5.38, 5.78, 6.45, 5.98, 5.44, 5.98, 6.25, 4.42, 1.35, 0.66, 0, 1.19, 1.74, 1.52, 1.77, 2.32, 1.92, 1.61, 1.81, 2.14, 2.35, 2.2, 2.22, 2.32, 2.05], [4.17, 4.09, 3.02, 2.11, 2.34, 2.36, 2.57, 2.41, 2.73, 2.67, 2.58, 3.42, 2.88, 4.0, 5.0, 5.53, 5.53, 5.13, 4.73, 4.6, 4.25, 3.49, 3.68, 4.34, 5.42, 6.24, 5.87, 4.8, 3.8, 3.12, 2.78, 2.62, 3.18, 3.45, 3.69, 3.09, 4.53, 4.11, 3.93, 3.89, 3.75, 3.97, 3.962, 4.27, 5.274, 6.394, 6.142, 5.11, 4.29, 4.2, 4.3, 4.33, 4.01, 4.27, 4.49, 4.34, 4.92, 5.61, 5.38, 5.4, 5.37, 4.87, 4.93, 5.54, 5.15, 4.75, 5.27, 5.54, 3.77, 0.86, 1.55, 1.19, 0, 1.13, 1.87, 2.2, 2.75, 2.25, 1.82, 2.2, 2.79, 2.92, 2.61, 2.51, 2.61, 2.28], [4.48, 4.2, 3.29, 2.3, 2.41, 2.39, 2.34, 2.64, 2.9, 2.92, 2.51, 3.43, 2.79, 4.53, 5.37, 5.72, 5.6, 5.5, 4.82, 4.67, 4.36, 3.66, 3.89, 4.11, 5.15, 5.85, 5.76, 4.87, 3.85, 3.15, 2.91, 3.17, 3.73, 4.0, 4.0, 3.82, 5.2, 4.9, 4.74, 4.66, 4.6, 4.72, 4.56, 4.794, 5.804, 6.858, 6.711, 6.04, 5.16, 4.83, 4.77, 4.54, 4.36, 4.66, 4.98, 4.95, 5.79, 6.44, 6.33, 6.39, 6.1, 5.58, 5.62, 6.09, 5.82, 5.54, 5.96, 6.23, 4.42, 1.73, 1.9, 1.74, 1.13, 0, 1.12, 1.57, 2.32, 1.98, 1.93, 2.15, 2.68, 2.77, 2.44, 2.4, 2.42, 2.39], [4.76, 4.46, 3.49, 2.36, 2.39, 2.45, 2.42, 2.88, 3.12, 3.16, 2.31, 3.05, 2.79, 4.83, 5.75, 6.06, 5.92, 5.78, 5.14, 4.91, 4.48, 3.78, 3.97, 4.09, 5.01, 5.55, 5.34, 4.49, 3.61, 3.07, 3.29, 3.49, 4.05, 4.14, 4.16, 4.48, 6.045, 5.76, 5.54, 5.48, 5.34, 5.48, 5.374, 5.574, 6.644, 7.709, 7.548, 6.634, 5.6, 5.17, 5.27, 5.0, 4.86, 5.1, 5.4, 5.35, 6.15, 6.98, 6.79, 6.87, 6.58, 6.0, 6.26, 6.91, 6.68, 6.4, 6.84, 7.11, 5.28, 2.53, 1.44, 1.52, 1.87, 1.12, 0, 0.93, 1.84, 1.72, 1.79, 2.15, 2.26, 2.35, 2.04, 2.06, 2.1, 2.17], [4.81, 4.49, 3.54, 2.45, 2.34, 2.46, 2.29, 2.81, 3.07, 3.01, 2.34, 2.92, 2.74, 4.64, 5.64, 5.81, 5.59, 5.57, 4.91, 4.64, 4.19, 3.59, 3.7, 3.9, 4.72, 5.04, 4.99, 4.2, 3.38, 3.4, 3.82, 3.74, 4.4, 4.37, 4.17, 4.93, 6.512, 6.172, 5.932, 5.761, 5.601, 5.815, 5.775, 6.024, 7.034, 8.139, 7.918, 6.992, 5.904, 5.54, 5.52, 5.05, 4.87, 5.11, 5.41, 5.44, 6.26, 7.33, 7.14, 7.08, 6.69, 6.23, 6.763, 7.479, 7.07, 6.81, 7.27, 7.54, 5.69, 2.92, 1.71, 1.77, 2.2, 1.57, 0.93, 0, 1.27, 1.49, 2.02, 2.44, 2.29, 2.3, 1.99, 2.07, 2.09, 2.3], [4.9, 4.52, 3.73, 2.82, 2.25, 2.35, 2.14, 2.8, 3.22, 2.82, 1.95, 2.13, 2.31, 4.59, 5.67, 5.66, 5.2, 4.98, 4.44, 3.83, 3.5, 3.12, 2.97, 3.03, 3.71, 4.25, 4.32, 3.39, 2.53, 3.25, 3.85, 4.163, 4.82, 4.7, 4.2, 5.453, 7.01, 6.659, 6.419, 6.219, 6.019, 6.262, 6.262, 6.531, 7.561, 8.689, 8.445, 7.442, 6.334, 5.986, 5.963, 5.36, 5.12, 5.42, 5.62, 5.89, 6.61, 7.836, 7.546, 7.43, 6.96, 6.696, 7.281, 7.994, 7.58, 7.22, 7.8, 8.03, 6.18, 3.41, 2.06, 2.32, 2.75, 2.32, 1.84, 1.27, 0, 1.1, 1.93, 2.07, 2.16, 2.15, 2.02, 2.04, 2.08, 2.17], [4.5, 3.9, 3.13, 2.04, 1.65, 1.69, 1.68, 2.4, 2.64, 2.32, 1.51, 2.03, 1.77, 3.99, 5.05, 5.3, 4.96, 4.58, 4.06, 3.63, 3.22, 2.72, 2.67, 2.93, 3.79, 4.53, 4.5, 3.35, 2.35, 2.71, 3.23, 3.432, 4.074, 4.1, 3.82, 4.68, 6.274, 5.931, 5.714, 5.537, 5.357, 5.614