[[0, 1.04, 1.14, 1.07, 2.18, 4.0, 5.2, 6.74, 7.8, 7.86, 8.31, 8.28, 8.75, 9.03, 8.72, 8.3, 8.526, 8.736, 8.916, 9.056, 8.936, 8.05, 8.506, 9.166, 9.47, 10.29, 10.266, 10.24, 11.68, 12.52, 12.149, 12.129, 11.86, 11.66, 11.889, 11.835, 12.245, 12.435, 12.509, 11.462, 9.556, 8.318, 8.845, 9.445, 10.104, 10.808, 11.654, 12.044, 11.918, 11.982, 11.67, 10.66, 10.98, 11.32, 11.59, 13.0, 13.486, 13.01, 12.58, 10.32, 8.74, 9.418, 9.889, 10.116, 10.93, 11.54, 10.98, 10.41, 9.77, 9.16, 9.04, 9.11, 9.65, 9.41, 9.666, 10.1, 9.97, 9.93, 9.89, 10.13, 9.67, 8.76, 8.13, 7.91, 7.38, 6.45], [1.04, 0, 0.78, 0.75, 1.56, 3.5, 4.64, 6.2, 7.26, 7.32, 7.77, 7.74, 8.21, 8.49, 8.18, 7.76, 7.989, 8.199, 8.379, 8.519, 8.399, 7.51, 7.969, 8.629, 8.93, 9.75, 9.729, 9.7, 11.14, 11.98, 11.612, 11.592, 11.32, 11.12, 11.352, 11.298, 11.708, 11.898, 11.966, 10.922, 9.031, 7.761, 8.322, 8.913, 9.57, 10.303, 11.2, 11.493, 11.381, 11.445, 11.13, 10.12, 10.44, 10.78, 11.05, 12.46, 12.949, 12.47, 12.04, 9.78, 8.2, 8.881, 9.338, 9.585, 10.389, 11.0, 10.44, 9.87, 9.23, 8.62, 8.52, 8.57, 9.11, 8.87, 9.129, 9.56, 9.43, 9.39, 9.35, 9.57, 9.13, 8.22, 7.59, 7.41, 6.94, 6.01], [1.14, 0.78, 0, 0.75, 1.58, 3.68, 4.6, 6.16, 7.22, 7.28, 7.73, 7.7, 8.17, 8.45, 8.14, 7.72, 7.95, 8.18, 8.34, 8.48, 8.36, 7.47, 7.93, 8.59, 8.91, 9.75, 9.71, 9.66, 11.1, 11.94, 11.586, 11.566, 11.28, 11.08, 11.326, 11.272, 11.682, 11.872, 12.041, 10.991, 9.08, 7.764, 8.394, 8.974, 9.65, 10.423, 11.36, 11.653, 11.361, 11.425, 11.09, 10.08, 10.4, 10.74, 11.01, 12.46, 12.91, 12.43, 12.0, 9.74, 8.18, 8.861, 9.358, 9.608, 10.41, 10.98, 10.4, 9.83, 9.21, 8.64, 8.48, 8.65, 9.07, 8.85, 9.13, 9.62, 9.45, 9.41, 9.35, 9.55, 9.11, 8.22, 7.55, 7.43, 6.98, 6.03], [1.07, 0.75, 0.75, 0, 1.45, 3.35, 4.45, 6.01, 7.07, 7.13, 7.58, 7.55, 8.02, 8.3, 7.99, 7.57, 7.8, 8.01, 8.19, 8.33, 8.21, 7.32, 7.78, 8.44, 8.74, 9.56, 9.54, 9.51, 10.95, 11.79, 11.428, 11.408, 11.13, 10.93, 11.168, 11.113, 11.523, 11.713, 11.802, 10.752, 8.85, 7.596, 8.19, 8.778, 9.377, 10.13, 11.007, 11.357, 11.196, 11.261, 10.94, 9.93, 10.25, 10.59, 10.86, 12.27, 12.76, 12.28, 11.85, 9.59, 8.01, 8.696, 9.162, 9.389, 10.2, 10.81, 10.25, 9.68, 9.04, 8.43, 8.31, 8.4, 8.92, 8.68, 8.94, 9.37, 9.24, 9.2, 9.16, 9.4, 8.96, 8.07, 7.42, 7.3, 6.87, 5.94], [2.18, 1.56, 1.58, 1.45, 0, 2.2, 3.08, 4.64, 5.7, 5.76, 6.21, 6.18, 6.65, 6.93, 6.62, 6.2, 6.43, 6.66, 6.82, 6.96, 6.84, 5.95, 6.41, 7.07, 7.39, 8.23, 8.19, 8.14, 9.58, 10.42, 10.066, 10.046, 9.76, 9.56, 9.806, 9.752, 10.162, 10.352, 10.504, 9.463, 7.56, 6.29, 6.92, 7.48, 8.159, 8.949, 9.92, 10.222, 9.838, 9.902, 9.57, 8.56, 8.88, 9.22, 9.49, 10.94, 11.39, 10.91, 10.48, 8.22, 6.66, 7.338, 7.835, 8.14, 8.87, 9.44, 8.88, 8.31, 7.67, 7.12, 7.0, 7.11, 7.55, 7.31, 7.59, 8.1, 7.95, 7.91, 7.85, 8.07, 7.65, 6.76, 6.09, 6.01, 5.62, 4.73], [4.0, 3.5, 3.68, 3.35, 2.2, 0, 1.52, 2.88, 3.94, 4.0, 4.45, 4.44, 4.882, 5.17, 4.86, 4.432, 4.665, 4.855, 5.035, 5.175, 5.075, 4.182, 4.625, 5.285, 5.602, 6.43, 6.385, 6.372, 7.812, 8.652, 8.268, 8.248, 7.992, 7.8, 8.008, 7.954, 8.364, 8.554, 8.649, 7.622, 5.72, 4.55, 5.12, 5.69, 6.287, 7.14, 7.96, 8.367, 8.117, 8.121, 7.83, 6.82, 7.12, 7.46, 7.75, 9.14, 9.605, 9.15, 8.72, 6.46, 5.68, 6.47, 6.67, 6.84, 7.23, 7.68, 7.112, 6.542, 5.91, 5.3, 5.18, 5.27, 5.79, 5.55, 5.825, 6.26, 6.15, 6.11, 6.09, 6.33, 5.89, 5.0, 4.35, 4.45, 4.26, 3.43], [5.2, 4.64, 4.6, 4.45, 3.08, 1.52, 0, 1.6, 2.62, 2.68, 3.13, 3.12, 3.57, 3.85, 3.54, 3.22, 3.47, 3.6, 3.76, 3.9, 3.82, 2.95, 3.35, 3.99, 4.31, 5.15, 5.11, 5.06, 6.5, 7.34, 6.986, 6.966, 6.7, 6.48, 6.75, 6.73, 7.102, 7.272, 7.47, 6.5, 4.72, 3.53, 4.06, 4.6, 5.29, 6.26, 7.08, 7.47, 6.85, 6.84, 6.55, 5.54, 5.8, 6.16, 6.45, 7.86, 8.31, 7.83, 7.4, 5.18, 4.7, 5.49, 5.81, 5.96, 6.19, 6.46, 5.82, 5.25, 4.65, 4.18, 4.12, 4.15, 4.51, 4.29, 4.61, 5.14, 4.99, 4.91, 4.87, 5.09, 4.69, 3.82, 3.23, 3.51, 3.42, 2.75], [6.74, 6.2, 6.16, 6.01, 4.64, 2.88, 1.6, 0, 1.28, 1.62, 1.87, 1.84, 2.19, 2.43, 2.08, 1.76, 2.01, 2.14, 2.26, 2.52, 2.38, 1.69, 1.93, 2.49, 2.83, 3.65, 3.63, 3.54, 4.98, 5.8, 5.43, 5.41, 5.22, 4.94, 5.25, 5.27, 5.6, 5.75, 6.01, 5.12, 3.5, 2.37, 2.96, 3.38, 3.99, 5.02, 5.94, 6.27, 5.53, 5.32, 5.19, 4.3, 4.34, 4.68, 5.03, 6.34, 6.75, 6.27, 5.98, 3.94, 4.46, 5.21, 5.45, 5.6, 5.29, 5.12, 4.6, 3.85, 3.25, 3.02, 3.08, 3.01, 3.21, 2.97, 3.29, 3.72, 3.61, 3.47, 3.41, 3.67, 3.33, 2.62, 2.01, 2.27, 2.62, 2.51], [7.8, 7.26, 7.22, 7.07, 5.7, 3.94, 2.62, 1.28, 0, 0.84, 1.07, 1.04, 1.45, 1.71, 1.32, 1.36, 1.55, 1.52, 1.56, 1.66, 1.64, 1.27, 1.47, 1.55, 1.97, 2.69, 2.69, 2.66, 3.98, 4.8, 4.41, 4.39, 4.24, 3.96, 4.29, 4.29, 4.58, 4.71, 5.05, 4.36, 2.88, 2.07, 2.64, 3.02, 3.57, 4.46, 5.32, 5.61, 4.75, 4.44, 4.43, 3.58, 3.5, 3.86, 4.23, 5.36, 5.73, 5.27, 5.12, 3.64, 4.46, 5.21, 5.49, 5.6, 5.21, 4.68, 4.34, 3.23, 2.63, 2.62, 2.6, 2.35, 2.41, 2.09, 2.35, 2.86, 2.65, 2.57, 2.55, 2.85, 2.53, 1.82, 1.29, 1.85, 2.54, 2.59], [7.86, 7.32, 7.28, 7.13, 5.76, 4.0, 2.68, 1.62, 0.84, 0, 0.93, 1.1, 1.43, 1.49, 1.18, 1.64, 1.47, 1.44, 1.5, 1.52, 1.52, 1.29, 1.51, 1.45, 1.79, 2.51, 2.47, 2.5, 3.88, 4.72, 4.35, 4.31, 4.16, 3.86, 4.19, 4.17, 4.46, 4.63, 4.85, 4.06, 2.78, 1.97, 2.52, 3.04, 3.39, 4.06, 4.92, 5.23, 4.47, 4.26, 4.09, 3.28, 3.4, 3.8, 4.17, 5.24, 5.63, 5.15, 4.86, 3.56, 4.5, 5.27, 5.47, 5.62, 5.15, 4.68, 4.32, 3.23, 2.69, 2.62, 2.68, 2.35, 2.27, 1.93, 2.27, 2.72, 2.51, 2.43, 2.41, 2.65, 2.37, 1.68, 1.21, 2.07, 2.72, 2.73], [8.31, 7.77, 7.73, 7.58, 6.21, 4.45, 3.13, 1.87, 1.07, 0.93, 0, 0.79, 1.28, 1.22, 1.09, 1.63, 1.38, 1.41, 1.51, 1.39, 1.43, 1.26, 1.28, 1.16, 1.56, 2.22, 2.2, 2.09, 3.43, 4.23, 3.9, 3.9, 3.71, 3.49, 3.76, 3.74, 4.05, 4.22, 4.46, 3.83, 2.61, 1.74, 2.25, 2.61, 3.16, 3.89, 4.67, 5.0, 4.12, 3.93, 3.86, 3.05, 3.03, 3.43, 3.76, 4.83, 5.24, 4.76, 4.61, 3.43, 4.43, 5.12, 5.42, 5.49, 4.94, 4.51, 4.05, 2.84, 2.4, 2.65, 2.67, 2.36, 2.12, 2.0, 2.2, 2.57, 2.28, 2.04, 2.06, 2.22, 2.02, 1.67, 1.26, 1.94, 2.63, 3.24], [8.28, 7.74, 7.7, 7.55, 6.18, 4.44, 3.12, 1.84, 1.04, 1.1, 0.79, 0, 0.93, 1.25, 1.1, 1.58, 1.53, 1.68, 1.5, 1.3, 1.6, 1.41, 1.49, 1.43, 1.71, 2.41, 2.43, 2.44, 3.68, 4.4, 4.11, 4.13, 4.0, 3.7, 4.01, 3.97, 4.3, 4.47, 4.75, 4.1, 2.9, 1.91, 2.42, 2.76, 3.35, 4.22, 4.96, 5.35, 4.53, 4.12, 4.19, 3.44, 3.36, 3.66, 4.07, 5.08, 5.31, 4.87, 4.74, 3.24, 4.1, 4.81, 5.11, 5.2, 4.73, 4.44, 3.88, 2.85, 2.43, 2.58, 2.56, 2.29, 2.19, 2.09, 2.25, 2.64, 2.45, 2.25, 2.33, 2.61, 2.35, 1.88, 1.35, 2.13, 2.98, 3.27], [8.75, 8.21, 8.17, 8.02, 6.65, 4.882, 3.57, 2.19, 1.45, 1.43, 1.28, 0.93, 0, 0.88, 0.87, 1.53, 1.68, 1.63, 1.21, 1.21, 1.57, 1.64, 1.62, 1.32, 1.46, 1.94, 1.96, 2.01, 3.29, 4.01, 3.7, 3.7, 3.61, 3.33, 3.64, 3.62, 3.95, 4.04, 4.26, 3.71, 2.41, 1.68, 1.95, 2.49, 3.04, 3.81, 4.53, 4.94, 4.08, 3.69, 3.72, 3.05, 3.01, 3.31, 3.78, 4.71, 4.78, 4.34, 4.19, 2.65, 3.55, 4.22, 4.5, 4.55, 4.12, 3.85, 3.31, 2.34, 1.98, 2.23, 2.27, 1.98, 1.9, 1.76, 1.92, 2.21, 2.18, 1.98, 2.14, 2.36, 2.06, 1.75, 1.6, 2.64, 3.55, 3.74], [9.03, 8.49, 8.45, 8.3, 6.93, 5.17, 3.85, 2.43, 1.71, 1.49, 1.22, 1.25, 0.88, 0, 0.79, 1.65, 1.58, 1.49, 1.25, 1.35, 1.47, 1.46, 1.38, 1.18, 1.38, 1.72, 1.68, 1.71, 3.01, 3.77, 3.46, 3.46, 3.37, 3.05, 3.38, 3.38, 3.67, 3.76, 3.94, 3.19, 2.09, 1.36, 1.87, 2.31, 2.56, 3.31, 4.17, 4.52, 3.66, 3.37, 3.28, 2.55, 2.63, 3.01, 3.46, 4.43, 4.5, 4.02, 3.69, 2.65, 3.77, 4.46, 4.7, 4.75, 4.2, 3.71, 3.33, 2.24, 2.0, 2.21, 2.27, 2.02, 1.62, 1.72, 1.88, 2.03, 1.92, 1.66, 1.84, 2.04, 1.88, 1.67, 1.64, 2.52, 3.35, 3.94], [8.72, 8.18, 8.14, 7.99, 6.62, 4.86, 3.54, 2.08, 1.32, 1.18, 1.09, 1.1, 0.87, 0.79, 0, 1.28, 1.31, 1.26, 1.06, 1.12, 1.42, 1.43, 1.41, 1.27, 1.47, 1.91, 1.87, 1.9, 3.2, 4.0, 3.67, 3.63, 3.56, 3.26, 3.59, 3.55, 3.84, 3.91, 4.21, 3.6, 2.32, 1.55, 2.1, 2.52, 2.91, 3.62, 4.46, 4.85, 3.99, 3.58, 3.67, 2.92, 2.84, 3.2, 3.59, 4.54, 4.81, 4.39, 4.2, 2.96, 3.94, 4.65, 4.95, 5.0, 4.47, 4.06, 3.68, 2.53, 2.17, 2.52, 2.48, 2.31, 1.95, 1.81, 1.93, 2.26, 2.17, 1.95, 1.99, 2.17, 1.95, 1.6, 1.35, 2.21, 3.04, 3.49], [8.3, 7.76, 7.72, 7.57, 6.2, 4.432, 3.22, 1.76, 1.36, 1.64, 1.63, 1.58, 1.53, 1.65, 1.28, 0, 1.03, 1.2, 1.08, 1.32, 1.44, 1.11, 1.49, 1.77, 1.93, 2.33, 2.29, 2.26, 3.5, 4.32, 3.97, 3.99, 3.8, 3.5, 3.81, 3.81, 4.12, 4.25, 4.57, 3.96, 2.36, 1.49, 1.9, 2.28, 2.91, 4.04, 5.02, 5.29, 4.41, 4.14, 4.13, 3.32, 3.14, 3.54, 3.79, 4.92, 5.31, 4.91, 4.84, 3.04, 4.22, 4.87, 5.15, 5.16, 4.57, 4.08, 3.7, 2.83, 2.49, 2.76, 2.78, 2.75, 2.49, 2.41, 2.71, 3.0, 2.89, 2.59, 2.47, 2.73, 2.39, 2.12, 1.47, 2.07, 2.86, 3.31], [8.526, 7.989, 7.95, 7.8, 6.43, 4.665, 3.47, 2.01, 1.55, 1.47, 1.38, 1.53, 1.68, 1.58, 1.31, 1.03, 0, 0.87, 1.13, 1.25, 0.99, 0.84, 0.96, 1.34, 1.48, 2.04, 2.04, 1.91, 3.29, 4.13, 3.76, 3.76, 3.61, 3.31, 3.56, 3.54, 3.87, 4.02, 4.28, 3.61, 2.31, 1.62, 2.01, 2.31, 2.68, 3.75, 4.77, 4.98, 4.08, 3.81, 3.76, 2.95, 2.91, 3.25, 3.58, 4.75, 5.04, 4.68, 4.49, 3.51, 4.87, 5.5, 5.76, 5.67, 5.08, 4.41, 4.03, 3.1, 2.84, 2.95, 3.07, 2.78, 2.48, 2.54, 2.72, 3.09, 2.7, 2.4, 2.46, 2.66, 2.44, 2.07, 1.34, 1.84, 2.51, 3.24], [8.736, 8.199, 8.18, 8.01, 6.66, 4.855, 3.6, 2.14, 1.52, 1.44, 1.41, 1.68, 1.63, 1.49, 1.26, 1.2, 0.87, 0, 0.82, 1.1, 0.78, 0.97, 1.11, 1.31, 1.37, 1.87, 1.81, 1.66, 3.06, 3.9, 3.55, 3.53, 3.34, 3.12, 3.37, 3.29, 3.66, 3.83, 4.01, 3.58, 2.26, 1.73, 2.08, 2.52, 2.83, 3.62, 4.54, 4.67, 3.81, 3.56, 3.51, 2.7, 2.62, 3.04, 3.37, 4.52, 4.85, 4.51, 4.28, 3.6, 4.88, 5.55, 5.79, 5.72, 5.11, 4.42, 4.12, 3.13, 2.81, 3.02, 3.1, 2.73, 2.37, 2.25, 2.31, 2.64, 2.35, 2.05, 2.11, 2.29, 2.03, 1.64, 1.31, 1.73, 2.38, 3.23], [8.916, 8.379, 8.34, 8.19, 6.82, 5.035, 3.76, 2.26, 1.56, 1.5, 1.51, 1.5, 1.21, 1.25, 1.06, 1.08, 1.13, 0.82, 0, 0.78, 0.88, 1.25, 1.25, 1.39, 1.39, 1.75, 1.71, 1.64, 2.88, 3.72, 3.35, 3.41, 3.24, 2.9, 3.17, 3.15, 3.5, 3.67, 4.03, 3.54, 2.14, 1.55, 1.92, 2.38, 2.77, 3.48, 4.32, 4.59, 3.77, 3.52, 3.41, 2.66, 2.54, 2.92, 3.23, 4.44, 4.75, 4.35, 4.24, 3.18, 4.44, 5.05, 5.33, 5.26, 4.69, 4.12, 3.74, 2.87, 2.61, 2.96, 2.98, 2.75, 2.35, 2.23, 2.29, 2.56, 2.47, 2.21, 2.13, 2.33, 1.99, 1.72, 1.43, 2.11, 2.78, 3.49], [9.056, 8.519, 8.48, 8.33, 6.96, 5.175, 3.9, 2.52, 1.66, 1.52, 1.39, 1.3, 1.21, 1.35, 1.12, 1.32, 1.25, 1.1, 0.78, 0, 0.72, 1.39, 1.29, 1.27, 1.41, 1.75, 1.63, 1.68, 2.72, 3.5, 3.17, 3.17, 2.98, 2.72, 2.95, 2.95, 3.32, 3.51, 3.89, 3.44, 2.18, 1.67, 1.9, 2.26, 2.75, 3.44, 4.22, 4.41, 3.57, 3.44, 3.25, 2.4, 2.42, 2.72, 3.05, 4.28, 4.55, 4.23, 4.08, 3.2, 4.6, 5.21, 5.47, 5.44, 4.85, 4.4, 3.96, 2.99, 2.79, 3.12, 3.1, 2.89, 2.43, 2.31, 2.39, 2.56, 2.51, 2.09, 1.97, 2.19, 1.87, 1.76, 1.41, 1.93, 2.82, 3.55], [8.936, 8.399, 8.36, 8.21, 6.84, 5.075, 3.82, 2.38, 1.64, 1.52, 1.43, 1.6, 1.57, 1.47, 1.42, 1.44, 0.99, 0.78, 0.88, 0.72, 0, 1.07, 1.03, 1.25, 1.19, 1.73, 1.61, 1.5, 2.82, 3.6, 3.23, 3.27, 3.02, 2.78, 2.99, 3.01, 3.42, 3.59, 3.89, 3.4, 2.16, 1.71, 2.0, 2.34, 2.79, 3.44, 4.22, 4.31, 3.53, 3.38, 3.21, 2.34, 2.38, 2.72, 3.07, 4.36, 4.59, 4.21, 4.08, 3.6, 5.0, 5.63, 5.89, 5.82, 5.21, 4.48, 4.1, 3.25, 3.05, 3.26, 3.3, 3.01, 2.49, 2.49, 2.49, 2.7, 2.55, 2.09, 2.07, 2.25, 1.97, 1.72, 1.41, 1.79, 2.48, 3.45], [8.05, 7.51, 7.47, 7.32, 5.95, 4.182, 2.95, 1.69, 1.27, 1.29, 1.26, 1.41, 1.64, 1.46, 1.43, 1.11, 0.84, 0.97, 1.25, 1.39, 1.07, 0, 0.76, 1.38, 1.64, 2.34, 2.3, 2.23, 3.67, 4.49, 4.16, 4.18, 3.95, 3.69, 3.94, 3.94, 4.35, 4.5, 4.66, 3.79, 2.29, 1.48, 1.87, 2.33, 2.82, 3.83, 4.83, 5.06, 4.3, 4.17, 4.04, 3.09, 3.21, 3.61, 3.96, 5.19, 5.5, 5.04, 4.77, 3.45, 4.77, 5.42, 5.64, 5.57, 4.98, 4.39, 4.05, 2.98, 2.64, 2.81, 2.93, 2.58, 2.38, 2.52, 2.76, 3.09, 2.72, 2.48, 2.6, 2.78, 2.48, 2.05, 1.4, 1.76, 2.49, 3.08], [8.506, 7.969, 7.93, 7.78, 6.41, 4.625, 3.35, 1.93, 1.47, 1.51, 1.28, 1.49, 1.62, 1.38, 1.41, 1.49, 0.96, 1.11, 1.25, 1.29, 1.03, 0.76, 0, 1.0, 1.38, 1.92, 1.88, 1.89, 3.25, 4.05, 3.68, 3.64, 3.49, 3.21, 3.5, 3.52, 3.85, 4.02, 4.26, 3.37, 2.33, 1.62, 1.97, 2.19, 2.54, 3.41, 4.37, 4.64, 3.82, 3.69, 3.54, 2.65, 2.71, 3.13, 3.48, 4.75, 4.98, 4.56, 4.27, 3.47, 4.89, 5.56, 5.78, 5.69, 5.1, 4.47, 4.07, 3.1, 2.84, 2.99, 3.11, 2.66, 2.38, 2.56, 2.72, 3.05, 2.76, 2.4, 2.5, 2.66, 2.52, 2.13, 1.6, 1.92, 2.63, 3.44], [9.166, 8.629, 8.59, 8.44, 7.07, 5.285, 3.99, 2.49, 1.55, 1.45, 1.16, 1.43, 1.32, 1.18, 1.27, 1.77, 1.34, 1.31, 1.39, 1.27, 1.25, 1.38, 1.0, 0, 0.92, 1.42, 1.38, 1.47, 2.77, 3.53, 3.16, 3.12, 3.05, 2.79, 3.08, 3.16, 3.51, 3.46, 3.78, 3.15, 2.27, 1.8, 2.23, 2.39, 2.64, 3.33, 4.09, 4.4, 3.48, 3.21, 3.2, 2.45, 2.45, 2.85, 3.2, 4.17, 4.32, 3.92, 3.73, 3.13, 4.37, 5.06, 5.34, 5.29, 4.7, 4.15, 3.77, 2.66, 2.38, 2.51, 2.57, 2.28, 1.92, 1.98, 2.06, 2.41, 2.06, 1.72, 1.8, 2.04, 1.98, 1.85, 1.66, 2.12, 2.93, 3.74], [9.47, 8.93, 8.91, 8.74, 7.39, 5.602, 4.31, 2.83, 1.97, 1.79, 1.56, 1.71, 1.46, 1.38, 1.47, 1.93, 1.48, 1.37, 1.39, 1.41, 1.19, 1.64, 1.38, 0.92, 0, 1.08, 1.16, 1.35, 2.55, 3.33, 3.02, 3.02, 2.89, 2.67, 2.96, 3.16, 3.47, 3.26, 3.42, 2.93, 2.19, 2.08, 2.23, 2.33, 2.46, 3.07, 3.75, 4.04, 3.2, 2.89, 2.96, 2.31, 2.33, 2.83, 3.0, 3.83, 4.06, 3.64, 3.43, 2.89, 4.23, 4.92, 5.18, 5.13, 4.5, 3.77, 3.41, 2.66, 2.44, 2.57, 2.61, 2.3, 1.9, 2.08, 2.16, 2.41, 2.18, 1.72, 1.82, 2.2, 2.12, 2.19, 2.14, 2.66, 3.37, 4.26], [10.29, 9.75, 9.75, 9.56, 8.23, 6.43, 5.15, 3.65, 2.69, 2.51, 2.22, 2.41, 1.94, 1.72, 1.91, 2.33, 2.04, 1.87, 1.75, 1.75, 1.73, 2.34, 1.92, 1.42, 1.08, 0, 0.62, 0.95, 1.63, 2.37, 2.06, 2.08, 2.07, 1.83, 2.0, 2.18, 2.51, 2.36, 2.5, 2.21, 1.95, 2.26, 2.23, 2.03, 2.0, 2.57, 3.17, 3.42, 2.5, 2.11, 2.24, 1.59, 1.65, 1.93, 2.18, 2.93, 3.24, 2.92, 2.89, 3.07, 4.49, 5.18, 5.42, 5.37, 4.74, 3.99, 3.65, 2.86, 2.82, 3.07, 3.11, 2.92, 2.28, 2.22, 2.26, 2.37, 2.16, 1.74, 1.78, 2.06, 2.0, 2.21, 2.58, 3.06, 3.83, 4.84], [10.266, 9.729, 9.71, 9.54, 8.19, 6.385, 5.11, 3.63, 2.69, 2.47, 2.2, 2.43, 1.96, 1.68, 1.87, 2.29, 2.04, 1.81, 1.71, 1.63, 1.61, 2.3, 1.88, 1.38, 1.16, 0.62, 0, 0.73, 1.57, 2.39, 2.02, 2.04, 1.95, 1.73, 1.96, 2.18, 2.45, 2.3, 2.56, 2.35, 1.87, 2.14, 2.13, 2.05, 2.04, 2.59, 3.11, 3.28, 2.36, 2.09, 2.16, 1.47, 1.65, 1.93, 2.08, 2.93, 3.26, 2.96, 2.91, 3.01, 4.43, 5.08, 5.34, 5.29, 4.66, 3.91, 3.59, 2.78, 2.74, 3.03, 3.03, 2.9, 2.22, 2.18, 2.08, 2.19, 2.06, 1.64, 1.6, 1.76, 1.74, 2.05, 2.56, 2.96, 3.69, 4.78], [10.24, 9.7, 9.66, 9.51, 8.14, 6.372, 5.06, 3.54, 2.66, 2.5, 2.09, 2.44, 2.01, 1.71, 1.9, 2.26, 1.91, 1.66, 1.64, 1.68, 1.5, 2.23, 1.89, 1.47, 1.35, 0.95, 0.73, 0, 1.48, 2.28, 1.97, 2.05, 1.88, 1.6, 1.87, 2.05, 2.36, 2.27, 2.63, 2.44, 1.8, 2.13, 2.12, 1.98, 2.03, 2.64, 3.26, 3.43, 2.49, 2.14, 2.27, 1.54, 1.54, 1.84, 1.95, 2.98, 3.35, 3.07, 3.1, 3.12, 4.44, 5.13, 5.41, 5.32, 4.73, 3.94, 3.6, 2.71, 2.51, 2.98, 2.98, 2.89, 2.17, 2.03, 1.93, 2.08, 1.85, 1.39, 1.33, 1.37, 1.37, 1.76, 2.31, 2.81, 3.54, 4.67], [11.68, 11.14, 11.1, 10.95, 9.58, 7.812, 6.5, 4.98, 3.98, 3.88, 3.43, 3.68, 3.29, 3.01, 3.2, 3.5, 3.29, 3.06, 2.88, 2.72, 2.82, 3.67, 3.25, 2.77, 2.55, 1.63, 1.57, 1.48, 0, 0.96, 1.05, 1.17, 0.96, 0.92, 1.01, 1.19, 1.32, 1.19, 1.75, 2.18, 2.36, 3.41, 2.94, 2.42, 2.17, 2.54, 2.82, 2.73, 1.97, 1.58, 1.49, 1.42, 1.4, 1.56, 1.29, 1.88, 2.21, 2.45, 2.6, 3.14, 4.74, 5.25, 5.51, 5.48, 4.85, 4.04, 3.78, 3.23, 3.49, 3.94, 4.04, 3.91, 3.21, 3.03, 2.77, 2.74, 2.55, 2.15, 2.03, 2.07, 2.21, 2.98, 3.63, 3.95, 4.68, 5.89], [12.52, 11.98, 11.94, 11.79, 10.42, 8.652, 7.34, 5.8, 4.8, 4.72, 4.23, 4.4, 4.01, 3.77, 4.0, 4.32, 4.13, 3.9, 3.72, 3.5, 3.6, 4.49, 4.05, 3.53, 3.33, 2.37, 2.39, 2.28, 0.96, 0, 0.75, 1.13, 0.94, 1.06, 0.93, 1.09, 0.98, 1.07, 1.49, 2.18, 3.0, 4.25, 3.74, 3.12, 2.51, 2.42, 2.68, 2.51, 1.85, 1.46, 1.41, 1.9, 1.7, 1.58, 1.35, 1.38, 1.63, 2.17, 2.32, 3.48, 5.12, 5.53, 5.79, 5.76, 5.07, 4.32, 4.12, 3.81, 4.09, 4.54, 4.7, 4.53, 3.81, 3.65, 3.39, 3.3, 3.11, 2.89, 2.69, 2.55, 2.87, 3.78, 4.43, 4.71, 5.5, 6.65], [12.149, 11.612, 11.586, 11.428, 10.066, 8.268, 6.986, 5.43, 4.41, 4.35, 3.9, 4.11, 3.7, 3.46, 3.67, 3.97, 3.76, 3.55, 3.35, 3.17, 3.23, 4.16, 3.68, 3.16, 3.02, 2.06, 2.02, 1.97, 1.05, 0.75, 0, 0.74, 0.79, 0.93, 0.72, 0.96, 0.95, 0.92, 1.22, 1.91, 2.61, 3.86, 3.35, 2.73, 2.14, 2.03, 2.45, 2.44, 1.56, 1.31, 1.38, 1.61, 1.35, 1.23, 1.12, 1.51, 1.78, 1.98, 2.09, 3.39, 5.05, 5.46, 5.7, 5.67, 5.04, 4.29, 4.03, 3.68, 3.96, 4.41, 4.55, 4.38, 3.66, 3.5, 3.2, 3.19, 3.0, 2.64, 2.48, 2.44, 2.62, 3.45, 4.08, 4.36, 5.15, 6.3], [12.129, 11.592, 11.566, 11.408, 10.046, 8.248, 6.966, 5.41, 4.39, 4.31, 3.9, 4.13, 3.7, 3.46, 3.63, 3.99, 3.76, 3.53, 3.41, 3.17, 3.27, 4.18, 3.64, 3.12, 3.02, 2.08, 2.04, 2.05, 1.17, 1.13, 0.74, 0, 0.71, 1.01, 0.86, 1.2, 1.17, 0.86, 1.12, 1.85, 2.61, 3.84, 3.33, 2.71, 2.12, 1.87, 2.25, 2.32, 1.48, 1.09, 1.18, 1.65, 1.41, 1.19, 1.16, 1.31, 1.56, 1.78, 1.97, 3.41, 5.03, 5.52, 5.76, 5.73, 5.1, 4.35, 4.07, 3.7, 3.98, 4.45, 4.59, 4.44, 3.64, 3.5, 3.22, 3.15, 3.08, 2.8, 2.66, 2.66, 2.82, 3.53, 4.1, 4.38, 5.21, 6.34], [11.86, 11.32, 11.28, 11.13, 9.76, 7.992, 6.7, 5.22, 4.24, 4.16, 3.71, 4.0, 3.61, 3.37, 3.56, 3.8, 3.61, 3.34, 3.24, 2.98, 3.02, 3.95, 3.49, 3.05, 2.89, 2.07, 1.95, 1.88, 0.96, 0.94, 0.79, 0.71, 0, 0.72, 0.75, 1.17, 1.22, 1.01, 1.51, 1.96, 2.42, 3.59, 3.08, 2.48, 1.95, 1.86, 2.36, 2.29, 1.55, 1.2, 1.05, 1.28, 1.2, 1.14, 0.91, 1.5, 1.83, 2.03, 2.14, 3.34, 4.94, 5.51, 5.75, 5.72, 5.09, 4.3, 4.02, 3.65, 3.95, 4.38, 4.52, 4.33, 3.55, 3.43, 3.19, 3.12, 3.03, 2.61, 2.51, 2.47, 2.57, 3.3, 3.79, 4.13, 4.94, 6.05], [11.66, 11.12, 11.08, 10.93, 9.56, 7.8, 6.48, 4.94, 3.96, 3.86, 3.49, 3.7, 3.33, 3.05, 3.26, 3.5, 3.31, 3.12, 2.9, 2.72, 2.78, 3.69, 3.21, 2.79, 2.67, 1.83, 1.73, 1.6, 0.92, 1.06, 0.93, 1.01, 0.72, 0, 0.77, 1.07, 1.24, 1.21, 1.89, 2.0, 2.3, 3.41, 2.9, 2.34, 1.87, 2.08, 2.56, 2.61, 1.85, 1.3, 1.19, 1.32, 1.28, 1.24, 0.93, 1.74, 2.29, 2.35, 2.48, 3.36, 4.92, 5.55, 5.79, 5.76, 5.15, 4.34, 4.04, 3.49, 3.79, 4.22, 4.36, 4.17, 3.43, 3.29, 3.09, 3.1, 2.99, 2.59, 2.47, 2.31, 2.49, 3.14, 3.59, 3.95, 4.74, 5.81], [11.889, 11.352, 11.326, 11.168, 9.806, 8.008, 6.75, 5.25, 4.29, 4.19, 3.76, 4.01, 3.64, 3.38, 3.59, 3.81, 3.56, 3.37, 3.17, 2.95, 2.99, 3.94, 3.5, 3.08, 2.96, 2.0, 1.96, 1.87, 1.01, 0.93, 0.72, 0.86, 0.75, 0.77, 0, 0.92, 1.03, 0.92, 1.6, 2.01, 2.37, 3.6, 3.09, 2.57, 2.12, 2.09, 2.63, 2.58, 1.84, 1.27, 1.3, 1.41, 1.31, 1.25, 1.1, 1.67, 2.0, 2.3, 2.49, 3.61, 5.23, 5.74, 6.0, 5.97, 5.34, 4.57, 4.31, 3.8, 4.04, 4.49, 4.63, 4.44, 3.7, 3.54, 3.26, 3.23, 3.08, 2.68, 2.5, 2.48, 2.5, 3.21, 3.82, 4.1, 4.93, 6.04], [11.835, 11.298, 11.272, 11.113, 9.752, 7.954, 6.73, 5.27, 4.29, 4.17, 3.74, 3.97, 3.62, 3.38, 3.55, 3.81, 3.54, 3.29, 3.15, 2.95, 3.01, 3.94, 3.52, 3.16, 3.16, 2.18, 2.18, 2.05, 1.19, 1.09, 0.96, 1.2, 1.17, 1.07, 0.92, 0, 0.59, 1.02, 1.76, 2.19, 2.39, 3.54, 3.03, 2.45, 2.06, 2.19, 2.73, 2.7, 2.06, 1.39, 1.36, 1.67, 1.45, 1.17, 1.18, 1.95, 2.32, 2.56, 2.75, 3.85, 5.55, 5.92, 6.16, 6.15, 5.54, 4.79, 4.57, 4.12, 4.42, 4.87, 4.95, 4.8, 4.06, 3.88, 3.62, 3.71, 3.44, 3.02, 2.84, 2.76, 2.6, 3.23, 3.797, 4.16, 4.91, 6.032], [12.245, 11.708, 11.682, 11.523, 10.162, 8.364, 7.102, 5.6, 4.58, 4.46, 4.05, 4.3, 3.95, 3.67, 3.84, 4.12, 3.87, 3.66, 3.5, 3.32, 3.42, 4.35, 3.85, 3.51, 3.47, 2.51, 2.45, 2.36, 1.32, 0.98, 0.95, 1.17, 1.22, 1.24, 1.03, 0.59, 0, 0.83, 1.57, 2.2, 2.82, 3.95, 3.44, 2.84, 2.35, 2.22, 2.68, 2.73, 1.99, 1.36, 1.31, 1.88, 1.62, 1.32, 1.29, 1.56, 2.03, 2.53, 2.7, 4.08, 5.7, 5.93, 6.17, 6.16, 5.53, 4.8, 4.62, 4.37, 4.67, 5.12, 5.22, 5.05, 4.33, 4.15, 3.87, 3.86, 3.63, 3.25, 3.03, 2.87, 2.81, 3.56, 4.207, 4.55, 5.28, 6.482], [12.435, 11.898, 11.872, 11.713, 10.352, 8.554, 7.272, 5.75, 4.71, 4.63, 4.22, 4.47, 4.04, 3.76, 3.91, 4.25, 4.02, 3.83, 3.67, 3.51, 3.59, 4.5, 4.02, 3.46, 3.26, 2.36, 2.3, 2.27, 1.19, 1.07, 0.92, 0.86, 1.01, 1.21, 0.92, 1.02, 0.83, 0, 1.12, 2.11, 2.95, 4.14, 3.63, 3.01, 2.4, 2.19, 2.57, 2.64, 1.8, 1.15, 1.22, 1.95, 1.67, 1.45, 1.34, 1.35, 1.64, 2.08, 2.33, 3.79, 5.39, 5.68, 5.94, 5.91, 5.34, 4.55, 4.35, 4.06, 4.34, 4.79, 4.93, 4.76, 4.04, 3.94, 3.64, 3.63, 3.36, 3.04, 2.88, 2.8, 2.94, 3.77, 4.44, 4.76, 5.49, 6.692], [12.509, 11.966, 12.041, 11.802, 10.504, 8.649, 7.47, 6.01, 5.05, 4.85, 4.46, 4.75, 4.26, 3.94, 4.21, 4.57, 4.28, 4.01, 4.03, 3.89, 3.89, 4.66, 4.26, 3.78, 3.42, 2.5, 2.56, 2.63, 1.75, 1.49, 1.22, 1.12, 1.51, 1.89, 1.6, 1.76, 1.57, 1.12, 0, 1.73, 2.99, 4.32, 3.77, 3.17, 2.5, 1.95, 2.13, 2.08, 1.62, 1.47, 1.66, 2.29, 1.99, 1.89, 1.86, 1.43, 1.36, 1.6, 1.75, 3.51, 5.15, 5.22, 5.38, 5.19, 4.56, 3.99, 3.93, 3.82, 4.04, 4.45, 4.65, 4.42, 3.82, 3.64, 3.34, 3.29, 3.04, 2.94, 3.02, 3.04, 3.22, 3.99, 4.78, 5.18, 5.95, 7.134], [11.462, 10.922, 10.991, 10.752, 9.463, 7.622, 6.5, 5.12, 4.36, 4.06, 3.83, 4.1, 3.71, 3.19, 3.6, 3.96, 3.61, 3.58, 3.54, 3.44, 3.4, 3.79, 3.37, 3.15, 2.93, 2.21, 2.35, 2.44, 2.18, 2.18, 1.91, 1.85, 1.96, 2.0, 2.01, 2.19, 2.2, 2.11, 1.73, 0, 2.02, 3.29, 2.78, 2.28, 1.49, 1.14, 1.4, 1.67, 1.49, 1.56, 1.97, 2.0, 1.86, 2.02, 1.93, 2.02, 2.47, 2.19, 1.96, 3.04, 4.72, 4.67, 4.77, 4.54, 3.73, 3.32, 3.44, 3.43, 3.77, 3.98, 4.22, 3.91, 3.31, 3.35, 3.27, 3.24, 3.23, 3.07, 3.15, 3.29, 3.29, 3.74, 4.17, 4.79, 5.62, 6.53], [9.556, 9.031, 9.08, 8.85, 7.56, 5.72, 4.72, 3.5, 2.88, 2.78, 2.61, 2.9, 2.41, 2.09, 2.32, 2.36, 2.31, 2.26, 2.14, 2.18, 2.16, 2.29, 2.33, 2.27, 2.19, 1.95, 1.87, 1.8, 2.36, 3.0, 2.61, 2.61, 2.42, 2.3, 2.37, 2.39, 2.82, 2.95, 2.99, 2.02, 0, 1.55, 1.02, 1.0, 1.19, 1.96, 2.92, 3.09, 2.55, 2.46, 2.47, 1.72, 1.66, 2.1, 2.27, 3.52, 3.95, 3.53, 3.26, 2.28, 4.02, 4.57, 4.63, 4.5, 3.87, 3.28, 3.1, 2.57, 2.75, 2.92, 3.02, 2.93, 2.29, 2.33, 2.41, 2.54, 2.33, 2.21, 2.29, 2.39, 2.05, 2.32, 2.49, 3.35, 4.06, 4.73], [8.318, 7.761, 7.764, 7.596, 6.29, 4.55, 3.53, 2.37, 2.07, 1.97, 1.74, 1.91, 1.68, 1.36, 1.55, 1.49, 1.62, 1.73, 1.55, 1.67, 1.71, 1.48, 1.62, 1.8, 2.08, 2.26, 2.14, 2.13, 3.41, 4.25, 3.86, 3.84, 3.59, 3.41, 3.6, 3.54, 3.95, 4.14, 4.32, 3.29, 1.55, 0, 1.07, 1.47, 2.06, 2.99, 3.93, 4.14, 3.64, 3.71, 3.44, 2.45, 2.75, 3.13, 3.4, 4.81, 5.2, 4.78, 4.37, 2.81, 4.09, 4.74, 4.86, 4.79, 4.22, 3.83, 3.55, 2.72, 2.64, 2.85, 2.67, 2.64, 2.12, 2.26, 2.42, 2.65, 2.5, 2.28, 2.3, 2.34, 2.1, 1.73, 1.64, 2.54, 3.25, 3.84], [8.845, 8.322, 8.394, 8.19, 6.92, 5.12, 4.06, 2.96, 2.64, 2.52, 2.25, 2.42, 1.95, 1.87, 2.1, 1.9, 2.01, 2.08, 1.92, 1.9, 2.0, 1.87, 1.97, 2.23, 2.23, 2.23, 2.13, 2.12, 2.94, 3.74, 3.35, 3.33, 3.08, 2.9, 3.09, 3.03, 3.44, 3.63, 3.77, 2.78, 1.02, 1.07, 0, 0.86, 1.67, 2.6, 3.5, 3.75, 3.17, 3.2, 3.05, 2.1, 2.26, 2.7, 2.95, 4.24, 4.69, 4.27, 3.94, 2.4, 3.92, 4.51, 4.61, 4.62, 4.03, 3.6, 3.12, 2.55, 2.71, 3.06, 3.12, 2.97, 2.47, 2.61, 2.75, 2.88, 2.67, 2.49, 2.53, 2.67, 2.27, 2.16, 2.25, 3.11, 3.82, 4.37], [9.445, 8.913, 8.974, 8.778, 7.48, 5.69, 4.6, 3.38, 3.02, 3.04, 2.61, 2.76, 2.49, 2.31, 2.52, 2.28, 2.31, 2.52, 2.38, 2.26, 2.34, 2.33, 2.19, 2.39, 2.33, 2.03, 2.05, 1.98, 2.42, 3.12, 2.73, 2.71, 2.48, 2.34, 2.57, 2.45, 2.84, 3.01, 3.17, 2.28, 1.0, 1.47, 0.86, 0, 1.11, 2.16, 3.06, 3.33, 2.71, 2.62, 2.63, 1.92, 1.72, 2.16, 2.29, 3.62, 4.07, 3.67, 3.46, 2.34, 3.94, 4.49, 4.63, 4.64, 4.03, 3.5, 3.06, 2.69, 2.99, 3.34, 3.4, 3.43, 2.75, 2.83, 2.87, 2.98, 2.77, 2.55, 2.63, 2.71, 2.39, 2.5, 2.65, 3.41, 4.16, 4.91], [10.104, 9.57, 9.65, 9.377, 8.159, 6.287, 5.29, 3.99, 3.57, 3.39, 3.16, 3.35, 3.04, 2.56, 2.91, 2.91, 2.68, 2.83, 2.77, 2.75, 2.79, 2.82, 2.54, 2.64, 2.46, 2.0, 2.04, 2.03, 2.17, 2.51, 2.14, 2.12, 1.95, 1.87, 2.12, 2.06, 2.35, 2.4, 2.5, 1.49, 1.19, 2.06, 1.67, 1.11, 0, 1.29, 2.21, 2.52, 2.04, 1.95, 1.92, 1.59, 1.39, 1.77, 1.76, 2.99, 3.42, 3.0, 2.65, 2.65, 4.31, 4.8, 4.94, 4.83, 4.2, 3.57, 3.39, 3.06, 3.4, 3.51, 3.67, 3.52, 2.94, 3.02, 3.04, 3.09, 2.96, 2.74, 2.82, 2.92, 2.78, 3.05, 3.26, 3.92, 4.73, 5.475], [10.808, 10.303, 10.423, 10.13, 8.949, 7.14, 6.26, 5.02, 4.46, 4.06, 3.89, 4.22, 3.81, 3.31, 3.62, 4.04, 3.75, 3.62, 3.48, 3.44, 3.44, 3.83, 3.41, 3.33, 3.07, 2.57, 2.59, 2.64, 2.54, 2.42, 2.03, 1.87, 1.86, 2.08, 2.09, 2.19, 2.22, 2.19, 1.95, 1.14, 1.96, 2.99, 2.6, 2.16, 1.29, 0, 1.34, 1.67, 1.63, 1.64, 1.71, 1.9, 1.86, 1.92, 1.87, 2.4, 2.83, 2.53, 2.28, 3.22, 4.8, 5.01, 5.05, 4.86, 4.15, 3.84, 3.82, 3.81, 4.15, 4.28, 4.4, 4.09, 3.55, 3.71, 3.65, 3.62, 3.57, 3.41, 3.51, 3.51, 3.45, 3.84, 4.185, 4.83, 5.64, 6.463], [11.654, 11.2, 11.36, 11.007, 9.92, 7.96, 7.08, 5.94, 5.32, 4.92, 4.67, 4.96, 4.53, 4.17, 4.46, 5.02, 4.77, 4.54, 4.32, 4.22, 4.22, 4.83, 4.37, 4.09, 3.75, 3.17, 3.11, 3.26, 2.82, 2.68, 2.45, 2.25, 2.36, 2.56, 2.63, 2.73, 2.68, 2.57, 2.13, 1.4, 2.92, 3.93, 3.5, 3.06, 2.21, 1.34, 0, 0.79, 1.41, 1.82, 2.11, 2.48, 2.58, 2.5, 2.21, 2.08, 2.71, 2.41, 2.32, 3.74, 5.3, 5.27, 5.33, 5.08, 4.25, 4.16, 4.24, 4.29, 4.69, 4.86, 5.0, 4.67, 4.09, 4.21, 3.99, 3.9, 3.89, 3.85, 3.89, 3.97, 3.99, 4.52, 5.09, 5.63, 6.38, 7.35], [12.044, 11.493, 11.653, 11.357, 10.222, 8.367, 7.47, 6.27, 5.61, 5.23, 5.0, 5.35, 4.94, 4.52, 4.85, 5.29, 4.98, 4.67, 4.59, 4.41, 4.31, 5.06, 4.64, 4.4, 4.04, 3.42, 3.28, 3.43, 2.73, 2.51, 2.44, 2.32, 2.29, 2.61, 2.58, 2.7, 2.73, 2.64, 2.08, 1.67, 3.09, 4.14, 3.75, 3.33, 2.52, 1.67, 0.79, 0, 1.38, 1.93, 2.14, 2.47, 2.75, 2.59, 2.26, 1.93, 2.46, 2.36, 2.19, 3.91, 5.57, 5.48, 5.48, 5.17, 4.38, 4.17, 4.37, 4.42, 4.8, 4.93, 5.07, 4.74, 4.16, 4.22, 3.92, 3.83, 3.82, 3.88, 3.88, 3.96, 4.0, 4.61, 5.26, 5.693, 6.445, 7.464], [11.918, 11.381, 11.361, 11.196, 9.838, 8.117, 6.85, 5.53, 4.75, 4.47, 4.12, 4.53, 4.08, 3.66, 3.99, 4.41, 4.08, 3.81, 3.77, 3.57, 3.53, 4.3, 3.82, 3.48, 3.2, 2.5, 2.36, 2.49, 1.97, 1.85, 1.56, 1.48, 1.55, 1.85, 1.84, 2.06, 1.99, 1.8, 1.62, 1.49, 2.55, 3.64, 3.17, 2.71, 2.04, 1.63, 1.41, 1.38, 0, 1.21, 1.38, 1.81, 1.65, 1.55, 1.42, 1.39, 1.9, 1.82, 1.67, 3.31, 4.91, 4.94, 5.14, 5.09, 4.3, 3.77, 3.73, 3.7, 4.14, 4.37, 4.51, 4.28, 3.46, 3.5, 3.26, 3.19, 3.14, 2.96, 2.96, 3.0, 3.1, 3.81, 4.478, 4.86, 5.59, 6.698], [11.982, 11.445, 11.425, 11.261, 9.902, 8.121, 6.84, 5.32, 4.44, 4.26, 3.93, 4.12, 3.69, 3.37, 3.58, 4.14, 3.81, 3.56, 3.52, 3.44, 3.38, 4.17, 3.69, 3.21, 2.89, 2.11, 2.09, 2.14, 1.58, 1.46, 1.31, 1.09, 1.2, 1.3, 1.27, 1.39, 1.36, 1.15, 1.47, 1.56, 2.46, 3.71, 3.2, 2.62, 1.95, 1.64, 1.82, 1.93, 1.21, 0, 1.05, 1.64, 1.48, 1.24, 1.07, 1.36, 1.85, 1.77, 2.02, 3.42, 5.0, 5.33, 5.59, 5.56, 4.85, 4.18, 4.02, 3.71, 4.03, 4.38, 4.48, 4.33, 3.51, 3.43, 3.21, 3.28, 3.15, 2.83, 2.83, 2.89, 2.99, 3.58, 4.21, 4.67, 5.4, 6.45], [11.67, 11.13, 11.09, 10.94, 9.57, 7.83, 6.55, 5.19, 4.43, 4.09, 3.86, 4.19, 3.72, 3.28, 3.67, 4.13, 3.76, 3.51, 3.41, 3.25, 3.21, 4.04, 3.54, 3.2, 2.96, 2.24, 2.16, 2.27, 1.49, 1.41, 1.38, 1.18, 1.05, 1.19, 1.3, 1.36, 1.31, 1.22, 1.66, 1.97, 2.47, 3.44, 3.05, 2.63, 1.92, 1.71, 2.11, 2.14, 1.38, 1.05, 0, 1.31, 1.29, 1.15, 1.12, 1.69, 2.08, 2.22, 2.09, 3.53, 5.13, 5.62, 5.74, 5.71, 5.02, 4.43, 4.23, 4.02, 4.44, 4.63, 4.73, 4.44, 3.74, 3.8, 3.6, 3.57, 3.44, 2.98, 2.92, 2.84, 2.96, 3.55, 4.16, 4.56, 5.31, 6.38], [10.66, 10.12, 10.08, 9.93, 8.56, 6.82, 5.54, 4.3, 3.58, 3.28, 3.05, 3.44, 3.05, 2.55, 2.92, 3.32, 2.95, 2.7, 2.66, 2.4, 2.34, 3.09, 2.65, 2.45, 2.31, 1.59, 1.47, 1.54, 1.42, 1.9, 1.61, 1.65, 1.28, 1.32, 1.41, 1.67, 1.88, 1.95, 2.29, 2.0, 1.72, 2.45, 2.1, 1.92, 1.59, 1.9, 2.48, 2.47, 1.81, 1.64, 1.31, 0, 1.12, 1.3, 1.33, 2.48, 2.89, 2.83, 2.58, 3.24, 4.98, 5.61, 5.75, 5.7, 5.09, 4.34, 4.1, 3.57, 3.69, 3.96, 4.02, 3.81, 3.05, 3.01, 2.87, 2.92, 2.71, 2.27, 2.15, 2.09, 1.99, 2.5, 3.13, 3.53, 4.28, 5.37], [10.98, 10.44, 10.4, 10.25, 8.88, 7.12, 5.8, 4.34, 3.5, 3.4, 3.03, 3.36, 3.01, 2.63, 2.84, 3.14, 2.91, 2.62, 2.54, 2.42, 2.38, 3.21, 2.71, 2.45, 2.33, 1.65, 1.65, 1.54, 1.4, 1.7, 1.35, 1.41, 1.2, 1.28, 1.31, 1.45, 1.62, 1.67, 1.99, 1.86, 1.66, 2.75, 2.26, 1.72, 1.39, 1.86, 2.58, 2.75, 1.65, 1.48, 1.29, 1.12, 0, 0.82, 1.05, 2.22, 2.61, 2.45, 2.42, 3.2, 4.78, 5.35, 5.59, 5.56, 4.91, 4.14, 3.88, 3.47, 3.65, 4.12, 4.18, 4.07, 3.23, 2.97, 2.81, 2.78, 2.61, 2.17, 2.15, 2.11, 2.07, 2.48, 3.07, 3.39, 4.16, 5.35], [11.32, 10.78, 10.74, 10.59, 9.22, 7.46, 6.16, 4.68, 3.86, 3.8, 3.43, 3.66, 3.31, 3.01, 3.2, 3.54, 3.25, 3.04, 2.92, 2.72, 2.72, 3.61, 3.13, 2.85, 2.83, 1.93, 1.93, 1.84, 1.56, 1.58, 1.23, 1.19, 1.14, 1.24, 1.25, 1.17, 1.32, 1.45, 1.89, 2.02, 2.1, 3.13, 2.7, 2.16, 1.77, 1.92, 2.5, 2.59, 1.55, 1.24, 1.15, 1.3, 0.82, 0, 0.83, 1.88, 2.25, 2.23, 2.3, 3.7, 5.32, 5.75, 6.01, 5.96, 5.27, 4.54, 4.34, 4.01, 4.17, 4.62, 4.68, 4.57, 3.73, 3.47, 3.29, 3.32, 3.09, 2.63, 2.45, 2.47, 2.35, 2.82, 3.33, 3.63, 4.46, 5.53], [11.59, 11.05, 11.01, 10.86, 9.49, 7.75, 6.45, 5.03, 4.23, 4.17, 3.76, 4.07, 3.78, 3.46, 3.59, 3.79, 3.58, 3.37, 3.23, 3.05, 3.07, 3.96, 3.48, 3.2, 3.0, 2.18, 2.08, 1.95, 1.29, 1.35, 1.12, 1.16, 0.91, 0.93, 1.1, 1.18, 1.29, 1.34, 1.86, 1.93, 2.27, 3.4, 2.95, 2.29, 1.76, 1.87, 2.21, 2.26, 1.42, 1.07, 1.12, 1.33, 1.05, 0.83, 0, 1.57, 2.24, 2.18, 2.35, 3.63, 5.29, 5.76, 6.0, 5.97, 5.28, 4.55, 4.33, 4.0, 4.26, 4.69, 4.79, 4.64, 3.82, 3.58, 3.36, 3.35, 3.18, 2.66, 2.52, 2.5, 2.54, 3.07, 3.56, 3.92, 4.65, 5.8], [13.0, 12.46, 12.46, 12.27, 10.94, 9.14, 7.86, 6.34, 5.36, 5.24, 4.83, 5.08, 4.71, 4.43, 4.54, 4.92, 4.75, 4.52, 4.44, 4.28, 4.36, 5.19, 4.75, 4.17, 3.83, 2.93, 2.93, 2.98, 1.88, 1.38, 1.51, 1.31, 1.5, 1.74, 1.67, 1.95, 1.56, 1.35, 1.43, 2.02, 3.52, 4.81, 4.24, 3.62, 2.99, 2.4, 2.08, 1.93, 1.39, 1.36, 1.69, 2.48, 2.22, 1.88, 1.57, 0, 1.29, 1.71, 1.96, 3.94, 5.52, 5.53, 5.69, 5.62, 4.91, 4.36, 4.32, 4.25, 4.51, 4.94, 5.14, 4.93, 4.11, 3.99, 3.69, 3.56, 3.47, 3.33, 3.25, 3.31, 3.57, 4.36, 5.07, 5.39, 6.14, 7.31], [13.486, 12.949, 12.91, 12.76, 11.39, 9.605, 8.31, 6.75, 5.73, 5.63, 5.24, 5.31, 4.78, 4.5, 4.81, 5.31, 5.04, 4.85, 4.75, 4.55, 4.59, 5.5, 4.98, 4.32, 4.06, 3.24, 3.26, 3.35, 2.21, 1.63, 1.78, 1.56, 1.83, 2.29, 2.0, 2.32, 2.03, 1.64, 1.36, 2.47, 3.95, 5.2, 4.69, 4.07, 3.42, 2.83, 2.71, 2.46, 1.9, 1.85, 2.08, 2.89, 2.61, 2.25, 2.24, 1.29, 0, 0.98, 1.31, 3.53, 5.25, 4.92, 5.16, 5.01, 4.34, 3.75, 3.75, 3.76, 4.16, 4.65, 4.73, 4.56, 3.9, 4.1, 3.86, 3.47, 3.56, 3.66, 3.74, 3.68, 3.94, 4.81, 5.5, 5.84, 6.63, 7.76], [13.01, 12.47, 12.43, 12.28, 10.91, 9.15, 7.83, 6.27, 5.27, 5.15, 4.76, 4.87, 4.34, 4.02, 4.39, 4.91, 4.68, 4.51, 4.35, 4.23, 4.21, 5.04, 4.56, 3.92, 3.64, 2.92, 2.96, 3.07, 2.45, 2.17, 1.98, 1.78, 2.03, 2.35, 2.3, 2.56, 2.53, 2.08, 1.6, 2.19, 3.53, 4.78, 4.27, 3.67, 3.0, 2.53, 2.41, 2.36, 1.82, 1.77, 2.22, 2.83, 2.45, 2.23, 2.18, 1.71, 0.98, 0, 0.99, 2.91, 4.65, 4.38, 4.56, 4.49, 3.76, 3.13, 3.15, 3.12, 3.54, 4.01, 4.13, 3.96, 3.38, 3.68, 3.58, 3.27, 3.42, 3.5, 3.74, 3.94, 4.04, 4.61, 5.1, 5.52, 6.33, 7.36], [12.58, 12.04, 12.0, 11.85, 10.48, 8.72, 7.4, 5.98, 5.12, 4.86, 4.61, 4.74, 4.19, 3.69, 4.2, 4.84, 4.49, 4.28, 4.24, 4.08, 4.08, 4.77, 4.27, 3.73, 3.43, 2.89, 2.91, 3.1, 2.6, 2.32, 2.09, 1.97, 2.14, 2.48, 2.49, 2.75, 2.7, 2.33, 1.75, 1.96, 3.26, 4.37, 3.94, 3.46, 2.65, 2.28, 2.32, 2.19, 1.67, 2.02, 2.09, 2.58, 2.42, 2.3, 2.35, 1.96, 1.31, 0.99, 0, 2.46, 4.28, 4.01, 4.17, 4.04, 3.37, 2.84, 2.8, 2.89, 3.37, 3.64, 3.88, 3.61, 3.05, 3.49, 3.47, 3.2, 3.25, 3.35, 3.63, 3.81, 3.95, 4.54, 4.95, 5.47, 6.24, 7.17], [10.32, 9.78, 9.74, 9.59, 8.22, 6.46, 5.18, 3.94, 3.64, 3.56, 3.43, 3.24, 2.65, 2.65, 2.96, 3.04, 3.51, 3.6, 3.18, 3.2, 3.6, 3.45, 3.47, 3.13, 2.89, 3.07, 3.01, 3.12, 3.14, 3.48, 3.39, 3.41, 3.34, 3.36, 3.61, 3.85, 4.08, 3.79, 3.51, 3.04, 2.28, 2.81, 2.4, 2.34, 2.65, 3.22, 3.74, 3.91, 3.31, 3.42, 3.53, 3.24, 3.2, 3.7, 3.63, 3.94, 3.53, 2.91, 2.46, 0, 2.06, 2.45, 2.57, 2.52, 1.95, 1.78, 1.22, 1.25, 1.57, 1.8, 2.04, 2.09, 1.83, 2.33, 2.53, 2.4, 2.51, 2.81, 3.13, 3.41, 3.35, 3.74, 3.97, 4.97, 5.72, 6.09], [8.74, 8.2, 8.18, 8.01, 6.66, 5.68, 4.7, 4.46, 4.46, 4.5, 4.43, 4.1, 3.55, 3.77, 3.94, 4.22, 4.87, 4.88, 4.44, 4.6, 5.0, 4.77, 4.89, 4.37, 4.23, 4.49, 4.43, 4.44, 4.74, 5.12, 5.05, 5.03, 4.94, 4.92, 5.23, 5.55, 5.7, 5.39, 5.15, 4.72, 4.02, 4.09, 3.92, 3.94, 4.31, 4.8, 5.3, 5.57, 4.91, 5.0, 5.13, 4.98, 4.78, 5.32, 5.29, 5.52, 5.25, 4.65, 4.28, 2.06, 0, 1.05, 1.41, 1.92, 2.55, 3.02, 2.36, 2.45, 2.67, 2.48, 2.64, 2.83, 3.15, 3.37, 3.47, 3.44, 3.81, 4.05, 4.33, 4.59, 4.47, 4.6, 4.95, 6.13, 6.98, 6.83], [9.418, 8.881, 8.861, 8.696, 7.338, 6.47, 5.49, 5.21, 5.21, 5.27, 5.12, 4.81, 4.22, 4.46, 4.65, 4.87, 5.5, 5.55, 5.05, 5.21, 5.63, 5.42, 5.56, 5.06, 4.92, 5.18, 5.08, 5.13, 5.25, 5.53, 5.46, 5.52, 5.51, 5.55, 5.74, 5.92, 5.93, 5.68, 5.22, 4.67, 4.57, 4.74, 4.51, 4.49, 4.8, 5.01, 5.27, 5.48, 4.94, 5.33, 5.62, 5.61, 5.35, 5.75, 5.76, 5.53, 4.92, 4.38, 4.01, 2.45, 1.05, 0, 0.94, 1.45, 1.98, 2.53, 2.19, 2.68, 3.1, 3.09, 3.17, 3.46, 3.68, 4.0, 4.04, 3.93, 4.4, 4.76, 5.02, 5.28, 5.16, 5.33, 5.68, 6.84, 7.69, 7.62], [9.889, 9.338, 9.358, 9.162, 7.835, 6.67, 5.81, 5.45, 5.49, 5.47, 5.42, 5.11, 4.5, 4.7, 4.95, 5.15, 5.76, 5.79, 5.33, 5.47, 5.89, 5.64, 5.78, 5.34, 5.18, 5.42, 5.34, 5.41, 5.51, 5.79, 5.7, 5.76, 5.75, 5.79, 6.0, 6.16, 6.17, 5.94, 5.38, 4.77, 4.63, 4.86, 4.61, 4.63, 4.94, 5.05, 5.33, 5.48, 5.14, 5.59, 5.74, 5.75, 5.59, 6.01, 6.0, 5.69, 5.16, 4.56, 4.17, 2.57, 1.41, 0.94, 0, 0.95, 1.56, 2.29, 2.17, 2.84, 3.3, 3.17, 3.21, 3.46, 3.86, 4.16, 4.24, 4.07, 4.56, 4.96, 5.26, 5.52, 5.38, 5.55, 5.92, 7.12, 7.97, 7.84], [10.116, 9.585, 9.608, 9.389, 8.14, 6.84, 5.96, 5.6, 5.6, 5.62, 5.49, 5.2, 4.55, 4.75, 5.0, 5.16, 5.67, 5.72, 5.26, 5.44, 5.82, 5.57, 5.69, 5.29, 5.13, 5.37, 5.29, 5.32, 5.48, 5.76, 5.67, 5.73, 5.72, 5.76, 5.97, 6.15, 6.16, 5.91, 5.19, 4.54, 4.5, 4.79, 4.62, 4.64, 4.83, 4.86, 5.08, 5.17, 5.09, 5.56, 5.71, 5.7, 5.56, 5.96, 5.97, 5.62, 5.01, 4.49, 4.04, 2.52, 1.92, 1.45, 0.95, 0, 1.21, 2.14, 2.12, 2.81, 3.25, 3.22, 3.34, 3.57, 3.85, 4.25, 4.31, 4.1, 4.51, 4.89, 5.23, 5.47, 5.37, 5.66, 6.05, 7.09, 7.96, 8.03], [10.93, 10.389, 10.41, 10.2, 8.87, 7.23, 6.19, 5.29, 5.21, 5.15, 4.94, 4.73, 4.12, 4.2, 4.47, 4.57, 5.08, 5.11, 4.69, 4.85, 5.21, 4.98, 5.1, 4.7, 4.5, 4.74, 4.66, 4.73, 4.85, 5.07, 5.04, 5.1, 5.09, 5.15, 5.34, 5.54, 5.53, 5.34, 4.56, 3.73, 3.87, 4.22, 4.03, 4.03, 4.2, 4.15, 4.25, 4.38, 4.3, 4.85, 5.02, 5.09, 4.91, 5.27, 5.28, 4.91, 4.34, 3.76, 3.37, 1.95, 2.55, 1.98, 1.56, 1.21, 0, 1.19, 1.23, 2.16, 2.78, 2.99, 3.13, 3.28, 3.24, 3.82, 3.94, 3.67, 3.92, 4.32, 4.66, 4.9, 4.86, 5.29, 5.56, 6.54, 7.35, 7.7], [11.54, 11.0, 10.98, 10.81, 9.44, 7.68, 6.46, 5.12, 4.68, 4.68, 4.51, 4.44, 3.85, 3.71, 4.06, 4.08, 4.41, 4.42, 4.12, 4.4, 4.48, 4.39, 4.47, 4.15, 3.77, 3.99, 3.91, 3.94, 4.04, 4.32, 4.29, 4.35, 4.3, 4.34, 4.57, 4.79, 4.8, 4.55, 3.99, 3.32, 3.28, 3.83, 3.6, 3.5, 3.57, 3.84, 4.16, 4.17, 3.77, 4.18, 4.43, 4.34, 4.14, 4.54, 4.55, 4.36, 3.75, 3.13, 2.84, 1.78, 3.02, 2.53, 2.29, 2.14, 1.19, 0, 0.86, 1.77, 2.39, 2.68, 2.76, 2.91, 2.69, 3.27, 3.45, 3.2, 3.37, 3.75, 4.11, 4.35, 4.35, 4.76, 5.01, 5.97, 6.68, 7.17], [10.98, 10.44, 10.4, 10.25, 8.88, 7.112, 5.82, 4.6, 4.34, 4.32, 4.05, 3.88, 3.31, 3.33, 3.68, 3.7, 4.03, 4.12, 3.74, 3.96, 4.1, 4.05, 4.07, 3.77, 3.41, 3.65, 3.59, 3.6, 3.78, 4.12, 4.03, 4.07, 4.02, 4.04, 4.31, 4.57, 4.62, 4.35, 3.93, 3.44, 3.1, 3.55, 3.12, 3.06, 3.39, 3.82, 4.24, 4.37, 3.73, 4.02, 4.23, 4.1, 3.88, 4.34, 4.33, 4.32, 3.75, 3.15, 2.8, 1.22, 2.36, 2.19, 2.17, 2.12, 1.23, 0.86, 0, 1.37, 2.09, 2.44, 2.52, 2.71, 2.45, 3.09, 3.27, 3.06, 3.21, 3.49, 3.83, 4.09, 4.09, 4.48, 4.69, 5.65, 6.36, 6.83], [10.41, 9.87, 9.83, 9.68, 8.31, 6.542, 5.25, 3.85, 3.23, 3.23, 2.84, 2.85, 2.34, 2.24, 2.53, 2.83, 3.1, 3.13, 2.87, 2.99, 3.25, 2.98, 3.1, 2.66, 2.66, 2.86, 2.78, 2.71, 3.23, 3.81, 3.68, 3.7, 3.65, 3.49, 3.8, 4.12, 4.37, 4.06, 3.82, 3.43, 2.57, 2.72, 2.55, 2.69, 3.06, 3.81, 4.29, 4.42, 3.7, 3.71, 4.02, 3.57, 3.47, 4.01, 4.0, 4.25, 3.76, 3.12, 2.89, 1.25, 2.45, 2.68, 2.84, 2.81, 2.16, 1.77, 1.37, 0, 0.94, 1.49, 1.61, 1.64, 1.38, 1.86, 2.02, 1.87, 2.0, 2.3, 2.7, 2.86, 2.86, 3.25, 3.46, 4.38, 5.21, 5.66], [9.77, 9.23, 9.21, 9.04, 7.67, 5.91, 4.65, 3.25, 2.63, 2.69, 2.4, 2.43, 1.98, 2.0, 2.17, 2.49, 2.84, 2.81, 2.61, 2.79, 3.05, 2.64, 2.84, 2.38, 2.44, 2.82, 2.74, 2.51, 3.49, 4.09, 3.96, 3.98, 3.95, 3.79, 4.04, 4.42, 4.67, 4.34, 4.04, 3.77, 2.75, 2.64, 2.71, 2.99, 3.4, 4.15, 4.69, 4.8, 4.14, 4.03, 4.44, 3.69, 3.65, 4.17, 4.26, 4.51, 4.16, 3.54, 3.37, 1.57, 2.67, 3.1, 3.3, 3.25, 2.78, 2.39, 2.09, 0.94, 0, 0.87, 1.07, 1.1, 1.1, 1.2, 1.4, 1.53, 1.54, 1.88, 2.2, 2.46, 2.48, 2.59, 2.82, 3.88, 4.77, 5.06], [9.16, 8.62, 8.64, 8.43, 7.12, 5.3, 4.18, 3.02, 2.62, 2.62, 2.65, 2.58, 2.23, 2.21, 2.52, 2.76, 2.95, 3.02, 2.96, 3.12, 3.26, 2.81, 2.99, 2.51, 2.57, 3.07, 3.03, 2.98, 3.94, 4.54, 4.41, 4.45, 4.38, 4.22, 4.49, 4.87, 5.12, 4.79, 4.45, 3.98, 2.92, 2.85, 3.06, 3.34, 3.51, 4.28, 4.86, 4.93, 4.37, 4.38, 4.63, 3.96, 4.12, 4.62, 4.69, 4.94, 4.65, 4.01, 3.64, 1.8, 2.48, 3.09, 3.17, 3.22, 2.99, 2.68, 2.44, 1.49, 0.87, 0, 0.8, 0.81, 1.31, 1.43, 1.67, 1.74, 1.91, 2.25, 2.57, 2.95, 2.91, 2.86, 2.95, 4.17, 5.04, 4.89], [9.04, 8.52, 8.48, 8.31, 7.0, 5.18, 4.12, 3.08, 2.6, 2.68, 2.67, 2.56, 2.27, 2.27, 2.48, 2.78, 3.07, 3.1, 2.98, 3.1, 3.3, 2.93, 3.11, 2.57, 2.61, 3.11, 3.03, 2.98, 4.04, 4.7, 4.55, 4.59, 4.52, 4.36, 4.63, 4.95, 5.22, 4.93, 4.65, 4.22, 3.02, 2.67, 3.12, 3.4, 3.67, 4.4, 5.0, 5.07, 4.51, 4.48, 4.73, 4.02, 4.18, 4.68, 4.79, 5.14, 4.73, 4.13, 3.88, 2.04, 2.64, 3.17, 3.21, 3.34, 3.13, 2.76, 2.52, 1.61, 1.07, 0.8, 0, 0.99, 1.35, 1.51, 1.69, 1.9, 2.09, 2.41, 2.67, 3.01, 2.97, 2.8, 3.05, 4.23, 5.02, 4.91], [9.11, 8.57, 8.65, 8.4, 7.11, 5.27, 4.15, 3.01, 2.35, 2.35, 2.36, 2.29, 1.98, 2.02, 2.31, 2.75, 2.78, 2.73, 2.75, 2.89, 3.01, 2.58, 2.66, 2.28, 2.3, 2.92, 2.9, 2.89, 3.91, 4.53, 4.38, 4.44, 4.33, 4.17, 4.44, 4.8, 5.05, 4.76, 4.42, 3.91, 2.93, 2.64, 2.97, 3.43, 3.52, 4.09, 4.67, 4.74, 4.28, 4.33, 4.44, 3.81, 4.07, 4.57, 4.64, 4.93, 4.56, 3.96, 3.61, 2.09, 2.83, 3.46, 3.46, 3.57, 3.28, 2.91, 2.71, 1.64, 1.1, 0.81, 0.99, 0, 1.18, 1.34, 1.58, 1.67, 1.88, 2.18, 2.52, 2.88, 2.82, 2.71, 2.8, 3.84, 4.71, 4.6], [9.65, 9.11, 9.07, 8.92, 7.55, 5.79, 4.51, 3.21, 2.41, 2.27, 2.12, 2.19, 1.9, 1.62, 1.95, 2.49, 2.48, 2.37, 2.35, 2.43, 2.49, 2.38, 2.38, 1.92, 1.9, 2.28, 2.22, 2.17, 3.21, 3.81, 3.66, 3.64, 3.55, 3.43, 3.7, 4.06, 4.33, 4.04, 3.82, 3.31, 2.29, 2.12, 2.47, 2.75, 2.94, 3.55, 4.09, 4.16, 3.46, 3.51, 3.74, 3.05, 3.23, 3.73, 3.82, 4.11, 3.9, 3.38, 3.05, 1.83, 3.15, 3.68, 3.86, 3.85, 3.24, 2.69, 2.45, 1.38, 1.1, 1.31, 1.35, 1.18, 0, 1.08, 1.28, 1.39, 1.28, 1.56, 1.92, 2.22, 2.34, 2.43, 2.54, 3.44, 4.13, 4.68], [9.41, 8.87, 8.85, 8.68, 7.31, 5.55, 4.29, 2.97, 2.09, 1.93, 2.0, 2.09, 1.76, 1.72, 1.81, 2.41, 2.54, 2.25, 2.23, 2.31, 2.49, 2.52, 2.56, 1.98, 2.08, 2.22, 2.18, 2.03, 3.03, 3.65, 3.5, 3.5, 3.43, 3.29, 3.54, 3.88, 4.15, 3.94, 3.64, 3.35, 2.33, 2.26, 2.61, 2.83, 3.02, 3.71, 4.21, 4.22, 3.5, 3.43, 3.8, 3.01, 2.97, 3.47, 3.58, 3.99, 4.1, 3.68, 3.49, 2.33, 3.37, 4.0, 4.16, 4.25, 3.82, 3.27, 3.09, 1.86, 1.2, 1.43, 1.51, 1.34, 1.08, 0, 0.7, 0.95, 0.96, 1.36, 1.46, 1.76, 1.74, 1.73, 1.88, 3.18, 3.99, 4.1], [9.666, 9.129, 9.13, 8.94, 7.59, 5.825, 4.61, 3.29, 2.35, 2.27, 2.2, 2.25, 1.92, 1.88, 1.93, 2.71, 2.72, 2.31, 2.29, 2.39, 2.49, 2.76, 2.72, 2.06, 2.16, 2.26, 2.08, 1.93, 2.77, 3.39, 3.2, 3.22, 3.19, 3.09, 3.26, 3.62, 3.87, 3.64, 3.34, 3.27, 2.41, 2.42, 2.75, 2.87, 3.04, 3.65, 3.99, 3.92, 3.26, 3.21, 3.6, 2.87, 2.81, 3.29, 3.36, 3.69, 3.86, 3.58, 3.47, 2.53, 3.47, 4.04, 4.24, 4.31, 3.94, 3.45, 3.27, 2.02, 1.4, 1.67, 1.69, 1.58, 1.28, 0.7, 0, 0.61, 0.7, 1.06, 1.28, 1.58, 1.52, 1.49, 2.2, 3.16, 3.91, 4.36], [10.1, 9.56, 9.62, 9.37, 8.1, 6.26, 5.14, 3.72, 2.86, 2.72, 2.57, 2.64, 2.21, 2.03, 2.26, 3.0, 3.09, 2.64, 2.56, 2.56, 2.7, 3.09, 3.05, 2.41, 2.41, 2.37, 2.19, 2.08, 2.74, 3.3, 3.19, 3.15, 3.12, 3.1, 3.23, 3.71, 3.86, 3.63, 3.29, 3.24, 2.54, 2.65, 2.88, 2.98, 3.09, 3.62, 3.9, 3.83, 3.19, 3.28, 3.57, 2.92, 2.78, 3.32, 3.35, 3.56, 3.47, 3.27, 3.2, 2.4, 3.44, 3.93, 4.07, 4.1, 3.67, 3.2, 3.06, 1.87, 1.53, 1.74, 1.9, 1.67, 1.39, 0.95, 0.61, 0, 0.83, 1.15, 1.37, 1.65, 1.65, 1.88, 2.61, 3.41, 4.3, 4.83], [9.97, 9.43, 9.45, 9.24, 7.95, 6.15, 4.99, 3.61, 2.65, 2.51, 2.28, 2.45, 2.18, 1.92, 2.17, 2.89, 2.7, 2.35, 2.47, 2.51, 2.55, 2.72, 2.76, 2.06, 2.18, 2.16, 2.06, 1.85, 2.55, 3.11, 3.0, 3.08, 3.03, 2.99, 3.08, 3.44, 3.63, 3.36, 3.04, 3.23, 2.33, 2.5, 2.67, 2.77, 2.96, 3.57, 3.89, 3.82, 3.14, 3.15, 3.44, 2.71, 2.61, 3.09, 3.18, 3.47, 3.56, 3.42, 3.25, 2.51, 3.81, 4.4, 4.56, 4.51, 3.92, 3.37, 3.21, 2.0, 1.54, 1.91, 2.09, 1.88, 1.28, 0.96, 0.7, 0.83, 0, 0.78, 1.12, 1.32, 1.4, 1.69, 2.32, 3.02, 3.73, 4.62], [9.93, 9.39, 9.41, 9.2, 7.91, 6.11, 4.91, 3.47, 2.57, 2.43, 2.04, 2.25, 1.98, 1.66, 1.95, 2.59, 2.4, 2.05, 2.21, 2.09, 2.09, 2.48, 2.4, 1.72, 1.72, 1.74, 1.64, 1.39, 2.15, 2.89, 2.64, 2.8, 2.61, 2.59, 2.68, 3.02, 3.25, 3.04, 2.94, 3.07, 2.21, 2.28, 2.49, 2.55, 2.74, 3.41, 3.85, 3.88, 2.96, 2.83, 2.98, 2.27, 2.17, 2.63, 2.66, 3.33, 3.66, 3.