[[0, 0.79, 1.01, 1.797, 2.247, 2.28, 2.26, 2.47, 2.812, 3.122, 3.81, 4.368, 5.115, 4.761, 3.478, 2.21, 2.18, 2.26, 2.65, 3.11, 3.568, 3.87, 5.472, 6.686, 7.563, 8.285, 7.132, 6.315, 6.13, 6.022, 5.403, 6.419, 8.033, 9.638, 9.333, 8.312, 8.548, 8.766, 8.714, 7.813, 7.648, 7.87, 7.307, 7.238, 7.483, 7.608, 6.739, 6.245, 7.195, 8.048, 8.319, 8.348, 8.31, 7.82, 5.241, 4.43, 4.268, 4.302, 4.723, 5.178, 4.825, 3.593, 3.05, 2.92, 2.92, 3.04, 2.85, 3.2, 3.09, 2.69, 2.94, 2.63, 2.34, 2.83, 3.101, 3.252, 3.505, 3.267, 3.12, 2.9, 2.828, 3.218, 3.107, 2.875, 2.517, 2.46], [0.79, 0, 0.7, 1.54, 2.045, 2.04, 2.06, 2.31, 2.696, 2.97, 3.62, 4.115, 4.962, 4.608, 3.345, 2.0, 2.11, 2.19, 2.52, 2.94, 3.363, 3.7, 5.282, 6.487, 7.333, 8.055, 6.902, 6.091, 5.868, 5.741, 5.186, 6.177, 7.801, 9.408, 9.103, 8.102, 8.312, 8.485, 8.487, 7.571, 7.36, 7.612, 7.079, 7.011, 7.239, 7.365, 6.523, 6.035, 6.939, 7.821, 8.089, 8.118, 8.085, 7.59, 5.031, 4.257, 4.175, 4.283, 4.573, 5.008, 4.609, 3.343, 2.84, 2.75, 2.77, 2.93, 2.76, 3.07, 3.08, 2.7, 2.97, 2.62, 2.33, 2.86, 3.04, 3.16, 3.39, 3.18, 3.07, 2.91, 2.83, 3.2, 3.12, 2.78, 2.47, 2.31], [1.01, 0.7, 0, 1.04, 1.65, 1.64, 1.58, 1.85, 2.42, 2.73, 3.28, 3.63, 4.442, 4.088, 2.88, 1.72, 1.81, 1.93, 2.18, 2.44, 2.835, 3.212, 4.779, 5.997, 6.845, 7.532, 6.371, 5.614, 5.354, 5.193, 4.671, 5.665, 7.258, 8.862, 8.569, 7.566, 7.74, 7.919, 8.001, 7.054, 6.88, 7.069, 6.552, 6.471, 6.612, 6.897, 6.033, 5.521, 6.414, 7.299, 7.561, 7.59, 7.551, 7.064, 4.568, 3.76, 3.71, 3.83, 4.113, 4.546, 4.065, 2.99, 2.76, 2.61, 2.77, 3.09, 2.8, 2.95, 3.02, 2.66, 2.83, 2.72, 2.41, 2.72, 2.84, 2.86, 3.05, 3.02, 2.97, 2.91, 2.73, 3.0, 2.96, 2.64, 2.41, 2.29], [1.797, 1.54, 1.04, 0, 0.93, 1.0, 1.0, 1.29, 2.04, 2.45, 2.92, 2.77, 3.5, 3.14, 2.0, 1.26, 1.71, 1.79, 1.86, 1.8, 1.95, 2.35, 3.853, 5.056, 5.956, 6.623, 5.496, 4.75, 4.45, 4.273, 3.9, 4.722, 6.337, 7.977, 7.688, 6.646, 6.858, 7.043, 7.101, 6.168, 5.994, 6.14, 5.603, 5.543, 5.826, 5.984, 5.12, 4.749, 5.516, 6.378, 6.658, 6.684, 6.642, 6.161, 3.84, 3.4, 3.31, 3.25, 3.54, 3.79, 3.23, 2.47, 2.54, 2.47, 2.71, 2.99, 2.9, 2.77, 2.84, 2.6, 2.75, 2.72, 2.51, 2.58, 2.56, 2.5, 2.81, 2.78, 2.77, 2.73, 2.53, 2.78, 2.74, 2.42, 2.27, 2.15], [2.247, 2.045, 1.65, 0.93, 0, 0.69, 0.99, 1.22, 1.67, 2.16, 2.55, 2.4, 3.05, 2.69, 1.71, 1.55, 1.98, 2.18, 2.21, 1.83, 1.6, 2.0, 3.383, 4.586, 5.486, 6.15, 4.983, 4.24, 4.017, 3.899, 3.63, 4.232, 5.858, 7.501, 7.202, 6.14, 6.367, 6.544, 6.548, 5.657, 5.45, 5.71, 5.19, 5.113, 5.436, 5.465, 4.647, 4.46, 5.146, 5.965, 6.176, 6.205, 6.204, 5.677, 3.51, 2.99, 3.0, 2.98, 3.03, 3.4, 2.72, 2.34, 2.55, 2.48, 2.64, 2.96, 2.89, 2.64, 2.57, 2.43, 2.72, 2.51, 2.38, 2.39, 2.19, 2.11, 2.46, 2.43, 2.7, 2.66, 2.36, 2.47, 2.45, 2.15, 2.16, 2.1], [2.28, 2.04, 1.64, 1.0, 0.69, 0, 0.62, 0.89, 1.38, 1.81, 2.34, 2.39, 3.1, 2.72, 1.86, 1.82, 2.31, 2.41, 2.46, 1.94, 1.71, 2.25, 3.52, 4.676, 5.556, 6.126, 4.942, 4.193, 3.908, 3.813, 3.44, 4.248, 5.84, 7.463, 7.154, 6.166, 6.373, 6.547, 6.524, 5.613, 5.411, 5.66, 5.1, 5.04, 5.346, 5.458, 4.563, 4.229, 5.036, 5.895, 6.129, 6.158, 6.117, 5.629, 3.34, 2.72, 2.73, 2.75, 2.84, 3.21, 2.73, 2.13, 2.14, 2.09, 2.35, 2.61, 2.48, 2.43, 2.3, 2.16, 2.37, 2.22, 2.09, 2.14, 1.98, 1.88, 2.21, 2.18, 2.39, 2.43, 2.13, 2.2, 2.2, 1.9, 1.89, 1.79], [2.26, 2.06, 1.58, 1.0, 0.99, 0.62, 0, 0.79, 1.5, 1.89, 2.3, 2.35, 3.1, 2.72, 1.88, 1.96, 2.15, 2.31, 2.36, 1.88, 1.81, 2.21, 3.5, 4.676, 5.536, 6.132, 5.022, 4.29, 4.0, 3.808, 3.36, 4.328, 5.837, 7.486, 7.192, 6.146, 6.364, 6.62, 6.641, 5.702, 5.569, 5.7, 5.12, 5.04, 5.306, 5.458, 4.578, 4.138, 5.016, 5.878, 6.158, 6.204, 6.157, 5.661, 3.32, 2.82, 2.75, 2.67, 3.02, 3.25, 2.73, 2.11, 2.16, 2.07, 2.27, 2.57, 2.44, 2.35, 2.38, 2.24, 2.43, 2.34, 2.13, 2.22, 2.0, 1.94, 2.23, 2.22, 2.41, 2.39, 2.13, 2.22, 2.22, 1.94, 1.91, 1.89], [2.47, 2.31, 1.85, 1.29, 1.22, 0.89, 0.79, 0, 0.99, 1.44, 1.93, 2.18, 2.97, 2.55, 1.87, 2.19, 2.6, 2.78, 2.81, 2.21, 1.96, 2.48, 3.63, 4.57, 5.41, 5.939, 4.854, 4.092, 3.832, 3.595, 3.09, 4.095, 5.653, 7.293, 6.996, 5.929, 6.162, 6.327, 6.488, 5.537, 5.398, 5.504, 4.924, 4.844, 5.08, 5.185, 4.407, 3.92, 4.803, 5.703, 5.997, 6.017, 5.958, 5.477, 2.93, 2.33, 2.32, 2.3, 2.59, 2.96, 2.5, 1.64, 1.81, 1.64, 1.84, 2.12, 2.11, 1.82, 2.01, 1.89, 2.08, 2.11, 1.94, 1.87, 1.65, 1.51, 1.86, 1.89, 2.04, 2.16, 1.76, 1.87, 1.87, 1.43, 1.42, 1.68], [2.812, 2.696, 2.42, 2.04, 1.67, 1.38, 1.5, 0.99, 0, 0.83, 1.36, 2.19, 2.94, 2.46, 2.2, 2.7, 3.27, 3.47, 3.42, 2.68, 2.19, 2.71, 3.74, 4.48, 5.3, 5.809, 4.687, 3.945, 3.688, 3.414, 3.02, 3.985, 5.472, 7.103, 6.826, 5.786, 5.992, 6.146, 6.358, 5.396, 5.274, 5.417, 4.777, 4.717, 5.03, 5.038, 4.26, 3.77, 4.637, 5.527, 5.807, 5.827, 5.771, 5.287, 2.668, 1.88, 1.81, 1.89, 2.24, 2.641, 2.37, 1.59, 1.46, 1.41, 1.55, 1.79, 1.92, 1.73, 1.38, 1.5, 1.75, 1.9, 1.93, 1.58, 1.16, 1.1, 1.31, 1.34, 1.79, 2.05, 1.53, 1.44, 1.3, 1.02, 1.41, 1.57], [3.122, 2.97, 2.73, 2.45, 2.16, 1.81, 1.89, 1.44, 0.83, 0, 1.05, 2.1, 2.87, 2.39, 2.45, 3.23, 3.7, 3.94, 3.87, 3.03, 2.48, 2.9, 3.87, 4.37, 5.17, 5.7, 4.674, 3.935, 3.695, 3.395, 3.05, 3.98, 5.32, 6.939, 6.659, 5.633, 5.919, 6.102, 6.348, 5.392, 5.318, 5.44, 4.78, 4.66, 4.88, 5.09, 4.236, 3.54, 4.519, 5.414, 5.68, 5.703, 5.656, 5.223, 2.538, 1.77, 1.48, 1.7, 2.09, 2.488, 2.4, 1.68, 1.43, 1.32, 1.42, 1.62, 1.89, 1.6, 1.21, 1.41, 1.76, 1.93, 2.22, 1.63, 1.21, 1.11, 1.14, 1.27, 1.72, 2.02, 1.48, 1.27, 1.13, 0.99, 1.4, 1.6], [3.81, 3.62, 3.28, 2.92, 2.55, 2.34, 2.3, 1.93, 1.36, 1.05, 0, 1.55, 2.28, 2.1, 2.7, 3.7, 3.97, 4.13, 4.12, 3.26, 2.51, 2.99, 3.64, 3.88, 4.52, 5.03, 4.145, 3.434, 3.297, 2.954, 2.72, 3.65, 4.673, 6.253, 5.968, 5.095, 5.444, 5.56, 5.869, 4.974, 4.957, 5.137, 4.477, 4.36, 4.49, 4.755, 3.787, 3.05, 3.967, 4.825, 5.042, 5.082, 5.078, 4.605, 2.06, 1.76, 1.43, 1.45, 1.76, 1.93, 2.41, 2.09, 1.96, 1.91, 2.05, 2.31, 2.54, 2.09, 1.74, 1.96, 2.27, 2.62, 2.93, 2.22, 1.62, 1.56, 1.47, 1.52, 2.19, 2.61, 2.05, 1.78, 1.68, 1.54, 1.97, 2.21], [4.368, 4.115, 3.63, 2.77, 2.4, 2.39, 2.35, 2.18, 2.19, 2.1, 1.55, 0, 1.23, 1.49, 1.97, 3.21, 3.36, 3.32, 3.21, 2.49, 1.84, 2.16, 2.59, 2.85, 3.51, 4.289, 3.44, 2.86, 2.72, 2.38, 2.67, 3.34, 4.08, 5.451, 5.215, 4.345, 4.89, 5.17, 5.163, 4.387, 4.37, 4.53, 3.87, 3.753, 4.116, 4.214, 3.13, 2.78, 3.346, 4.13, 4.383, 4.403, 4.456, 3.974, 2.11, 2.35, 2.0, 2.0, 1.75, 1.88, 2.12, 2.54, 3.09, 3.14, 3.28, 3.48, 3.77, 3.12, 2.93, 3.09, 3.32, 3.81, 3.92, 3.07, 2.53, 2.27, 2.24, 2.59, 3.2, 3.56, 2.98, 2.67, 2.77, 2.49, 2.76, 3.0], [5.115, 4.962, 4.442, 3.5, 3.05, 3.1, 3.1, 2.97, 2.94, 2.87, 2.28, 1.23, 0, 1.12, 2.04, 3.32, 3.53, 3.49, 3.14, 2.42, 1.77, 1.95, 1.96, 2.04, 2.74, 3.524, 2.787, 2.61, 2.55, 2.25, 3.04, 3.29, 3.39, 4.719, 4.539, 3.78, 4.32, 4.62, 4.515, 3.95, 4.07, 4.128, 3.41, 3.51, 4.07, 4.12, 3.14, 3.03, 3.14, 3.57, 3.81, 3.79, 3.96, 3.33, 2.06, 2.6, 2.37, 2.35, 1.94, 2.11, 2.39, 3.19, 3.76, 3.89, 4.01, 4.21, 4.46, 3.79, 3.7, 3.9, 4.11, 4.56, 4.69, 3.74, 3.14, 2.98, 2.85, 3.2, 3.89, 4.31, 3.63, 3.32, 3.38, 3.22, 3.55, 3.71], [4.761, 4.608, 4.088, 3.14, 2.69, 2.72, 2.72, 2.55, 2.46, 2.39, 2.1, 1.49, 1.12, 0, 1.48, 2.94, 3.13, 3.07, 2.62, 2.06, 1.55, 1.51, 1.94, 2.42, 3.04, 3.667, 2.787, 2.71, 2.81, 2.49, 3.02, 3.09, 3.47, 5.009, 4.81, 3.94, 4.32, 4.44, 4.58, 4.35, 4.39, 4.37, 3.63, 3.81, 4.51, 4.42, 3.36, 3.27, 3.5, 3.81, 3.85, 3.79, 3.84, 3.276, 1.84, 2.12, 1.95, 2.09, 1.88, 1.95, 2.07, 2.87, 3.4, 3.45, 3.59, 3.75, 4.02, 3.49, 3.24, 3.42, 3.65, 4.06, 4.21, 3.26, 2.78, 2.62, 2.49, 2.72, 3.43, 3.87, 3.31, 2.9, 2.82, 2.78, 3.13, 3.43], [3.478, 3.345, 2.88, 2.0, 1.71, 1.86, 1.88, 1.87, 2.2, 2.45, 2.7, 1.97, 2.04, 1.48, 0, 1.72, 1.99, 2.01, 1.7, 1.6, 1.15, 1.33, 2.3, 3.469, 4.225, 4.947, 3.947, 3.45, 3.63, 3.43, 3.7, 3.77, 4.79, 6.31, 5.992, 5.173, 5.56, 5.74, 5.74, 5.21, 5.37, 5.525, 4.783, 4.85, 5.41, 5.46, 4.22, 4.15, 4.44, 4.85, 5.07, 5.053, 5.103, 4.553, 2.68, 2.4, 2.45, 2.55, 2.46, 2.65, 2.73, 2.61, 2.98, 2.93, 3.09, 3.49, 3.6, 3.17, 3.02, 2.84, 3.07, 3.38, 3.41, 2.78, 2.56, 2.58, 2.47, 2.5, 2.81, 2.91, 2.63, 2.54, 2.66, 2.48, 2.61, 2.69], [2.21, 2.0, 1.72, 1.26, 1.55, 1.82, 1.96, 2.19, 2.7, 3.23, 3.7, 3.21, 3.32, 2.94, 1.72, 0, 1.17, 1.31, 1.26, 1.38, 1.85, 2.21, 3.573, 4.819, 5.699, 6.429, 5.333, 4.71, 4.57, 4.41, 4.48, 4.71, 6.16, 7.792, 7.535, 6.539, 6.661, 6.898, 6.904, 6.19, 6.27, 6.384, 5.708, 5.85, 6.45, 6.4, 5.36, 5.29, 5.82, 6.45, 6.621, 6.586, 6.528, 5.976, 3.96, 3.64, 3.71, 3.73, 3.6, 4.03, 3.59, 3.05, 3.16, 3.27, 3.49, 3.63, 3.5, 3.51, 3.4, 3.08, 3.25, 3.4, 3.09, 2.96, 3.02, 3.2, 3.27, 3.2, 3.17, 3.13, 3.11, 3.28, 3.1, 3.06, 2.83, 2.69], [2.18, 2.11, 1.81, 1.71, 1.98, 2.31, 2.15, 2.6, 3.27, 3.7, 3.97, 3.36, 3.53, 3.13, 1.99, 1.17, 0, 0.68, 1.09, 1.49, 2.06, 2.38, 3.8, 5.055, 5.912, 6.657, 5.643, 5.04, 4.88, 4.7, 4.73, 4.96, 6.408, 8.013, 7.779, 6.707, 6.867, 7.227, 7.228, 6.56, 6.5, 6.574, 5.957, 5.9, 6.58, 6.53, 5.57, 5.44, 5.95, 6.62, 6.84, 6.803, 6.773, 6.248, 4.35, 4.19, 4.18, 4.14, 4.11, 4.36, 3.8, 3.58, 3.75, 3.82, 3.98, 4.34, 4.19, 4.06, 4.17, 3.91, 4.02, 4.11, 3.74, 3.81, 3.71, 3.81, 3.84, 3.91, 3.94, 3.92, 3.7, 3.87, 3.73, 3.63, 3.48, 3.48], [2.26, 2.19, 1.93, 1.79, 2.18, 2.41, 2.31, 2.78, 3.47, 3.94, 4.13, 3.32, 3.49, 3.07, 2.01, 1.31, 0.68, 0, 0.77, 1.57, 2.26, 2.3, 3.64, 4.906, 5.806, 6.571, 5.381, 4.8, 4.74, 4.68, 4.79, 5.14, 6.38, 7.87, 7.619, 6.589, 6.93, 7.25, 7.006, 6.42, 6.42, 6.615, 5.975, 6.08, 6.72, 6.59, 5.45, 5.48, 5.93, 6.48, 6.651, 6.636, 6.621, 6.051, 4.27, 4.17, 4.26, 4.28, 4.17, 4.36, 3.92, 3.9, 4.05, 4.14, 4.3, 4.62, 4.35, 4.4, 4.29, 4.03, 4.22, 4.33, 3.98, 3.93, 3.89, 4.03, 4.04, 4.11, 4.14, 4.08, 3.92, 4.05, 4.05, 3.93, 3.78, 3.76], [2.65, 2.52, 2.18, 1.86, 2.21, 2.46, 2.36, 2.81, 3.42, 3.87, 4.12, 3.21, 3.14, 2.62, 1.7, 1.26, 1.09, 0.77, 0, 1.28, 1.95, 1.85, 3.142, 4.391, 5.267, 6.006, 4.836, 4.41, 4.49, 4.41, 4.74, 4.85, 5.83, 7.36, 7.126, 6.08, 6.42, 6.76, 6.5, 6.07, 6.11, 6.25, 5.57, 5.75, 6.43, 6.28, 5.16, 5.27, 5.54, 5.95, 6.15, 6.123, 6.1, 5.541, 3.96, 3.9, 4.03, 4.11, 4.02, 4.11, 3.73, 3.91, 4.08, 4.17, 4.35, 4.65, 4.5, 4.45, 4.3, 4.04, 4.27, 4.4, 4.07, 3.94, 3.84, 3.94, 3.93, 4.02, 4.05, 4.01, 3.85, 3.96, 3.94, 3.86, 3.77, 3.73], [3.11, 2.94, 2.44, 1.8, 1.83, 1.94, 1.88, 2.21, 2.68, 3.03, 3.26, 2.49, 2.42, 2.06, 1.6, 1.38, 1.49, 1.57, 1.28, 0, 1.21, 1.49, 2.64, 3.84, 4.72, 5.444, 4.524, 4.27, 4.03, 3.67, 4.1, 4.33, 5.19, 6.826, 6.63, 5.56, 5.78, 6.04, 6.26, 5.63, 5.59, 5.61, 4.89, 5.07, 5.73, 5.62, 4.78, 4.55, 5.02, 5.57, 5.71, 5.65, 5.6, 5.059, 3.36, 3.38, 3.45, 3.43, 3.36, 3.57, 3.11, 3.33, 3.46, 3.61, 3.93, 4.05, 4.18, 3.89, 3.82, 3.62, 3.79, 3.98, 3.79, 3.58, 3.28, 3.2, 3.13, 3.26, 3.55, 3.63, 3.33, 3.24, 3.26, 3.12, 3.09, 3.01], [3.568, 3.363, 2.835, 1.95, 1.6, 1.71, 1.81, 1.96, 2.19, 2.48, 2.51, 1.84, 1.77, 1.55, 1.15, 1.85, 2.06, 2.26, 1.95, 1.21, 0, 1.08, 2.07, 3.25, 4.15, 4.957, 4.1, 3.58, 3.48, 3.24, 3.55, 3.54, 4.62, 6.234, 5.96, 5.01, 5.27, 5.49, 5.79, 5.14, 5.2, 5.3, 4.6, 4.64, 5.2, 5.23, 4.23, 3.92, 4.25, 4.8, 5.1, 5.12, 5.13, 4.626, 2.53, 2.49, 2.44, 2.44, 2.37, 2.56, 2.64, 2.96, 3.19, 3.26, 3.52, 3.76, 3.95, 3.48, 3.35, 3.29, 3.46, 3.69, 3.62, 3.17, 2.77, 2.67, 2.44, 2.57, 3.04, 3.2, 2.8, 2.61, 2.65, 2.61, 2.72, 2.68], [3.87, 3.7, 3.212, 2.35, 2.0, 2.25, 2.21, 2.48, 2.71, 2.9, 2.99, 2.16, 1.95, 1.51, 1.33, 2.21, 2.38, 2.3, 1.85, 1.49, 1.08, 0, 1.77, 2.89, 3.79, 4.64, 3.78, 3.64, 3.8, 3.56, 3.93, 4.04, 4.42, 5.94, 5.74, 4.81, 5.21, 5.45, 5.63, 5.34, 5.3, 5.38, 4.66, 4.76, 5.36, 5.37, 4.35, 4.2, 4.31, 4.56, 4.82, 4.86, 4.97, 4.36, 2.73, 2.63, 2.66, 2.78, 2.63, 2.66, 2.9, 3.42, 3.69, 3.76, 4.0, 4.24, 4.47, 3.94, 3.79, 3.79, 4.02, 4.27, 4.14, 3.57, 3.21, 3.09, 2.76, 2.97, 3.46, 3.58, 3.22, 3.01, 3.13, 3.05, 3.2, 3.22], [5.472, 5.282, 4.779, 3.853, 3.383, 3.52, 3.5, 3.63, 3.74, 3.87, 3.64, 2.59, 1.96, 1.94, 2.3, 3.573, 3.8, 3.64, 3.142, 2.64, 2.07, 1.77, 0, 1.64, 2.26, 3.15, 2.79, 3.73, 4.07, 3.69, 4.44, 4.59, 4.15, 5.03, 5.01, 4.64, 4.96, 5.08, 5.02, 5.41, 5.39, 4.93, 4.59, 4.77, 5.51, 5.52, 4.46, 4.51, 4.36, 4.31, 4.39, 4.47, 4.34, 3.49, 2.94, 3.34, 3.39, 3.45, 3.12, 3.17, 3.67, 4.33, 4.68, 4.71, 4.93, 5.17, 5.42, 4.85, 4.74, 4.74, 4.97, 5.28, 5.29, 4.56, 4.18, 4.06, 3.71, 3.74, 4.37, 4.67, 4.27, 3.96, 4.08, 4.02, 4.23, 4.27], [6.686, 6.487, 5.997, 5.056, 4.586, 4.676, 4.676, 4.57, 4.48, 4.37, 3.88, 2.85, 2.04, 2.42, 3.469, 4.819, 5.055, 4.906, 4.391, 3.84, 3.25, 2.89, 1.64, 0, 1.1, 1.97, 2.19, 3.43, 3.67, 3.39, 4.18, 4.35, 3.85, 4.55, 4.67, 4.24, 4.5, 4.66, 4.38, 4.91, 4.75, 4.33, 4.05, 4.15, 4.89, 5.0, 4.1, 4.17, 3.88, 3.81, 4.07, 4.11, 4.0, 3.13, 3.02, 3.66, 3.65, 3.73, 3.34, 3.29, 3.49, 4.45, 5.22, 5.37, 5.49, 5.71, 5.88, 5.11, 5.16, 5.44, 5.61, 6.06, 6.21, 5.18, 4.56, 4.36, 4.23, 4.64, 5.43, 5.73, 5.13, 4.78, 4.8, 4.68, 5.03, 5.31], [7.563, 7.333, 6.845, 5.956, 5.486, 5.556, 5.536, 5.41, 5.3, 5.17, 4.52, 3.51, 2.74, 3.04, 4.225, 5.699, 5.912, 5.806, 5.267, 4.72, 4.15, 3.79, 2.26, 1.1, 0, 1.15, 2.25, 3.67, 4.05, 3.81, 4.68, 4.87, 4.19, 4.63, 4.77, 4.66, 4.92, 5.0, 4.7, 5.17, 4.93, 4.45, 4.39, 4.39, 5.03, 5.26, 4.58, 4.69, 4.32, 4.03, 4.03, 4.09, 4.1, 3.31, 3.52, 4.26, 4.25, 4.33, 3.88, 3.65, 4.29, 5.27, 6.04, 6.13, 6.27, 6.51, 6.68, 5.93, 5.94, 6.22, 6.41, 6.88, 7.03, 6.04, 5.42, 5.22, 5.01, 5.32, 6.15, 6.51, 5.91, 5.54, 5.56, 5.48, 5.87, 6.13], [8.285, 8.055, 7.532, 6.623, 6.15, 6.126, 6.132, 5.939, 5.809, 5.7, 5.03, 4.289, 3.524, 3.667, 4.947, 6.429, 6.657, 6.571, 6.006, 5.444, 4.957, 4.64, 3.15, 1.97, 1.15, 0, 2.0, 3.44, 3.8, 3.58, 4.43, 4.66, 3.94, 4.52, 4.58, 4.41, 4.63, 4.69, 4.43, 4.9, 4.62, 4.18, 4.12, 4.1, 4.78, 4.99, 4.41, 4.66, 4.21, 3.84, 3.84, 3.88, 3.89, 3.08, 3.69, 4.59, 4.66, 4.84, 4.41, 4.0, 4.44, 5.56, 6.35, 6.62, 6.74, 6.88, 7.03, 6.24, 6.25, 6.621, 6.809, 7.39, 7.542, 6.509, 5.89, 5.63, 5.54, 5.887, 6.68, 7.12, 6.58, 6.15, 6.01, 6.03, 6.517, 6.9], [7.132, 6.902, 6.371, 5.496, 4.983, 4.942, 5.022, 4.854, 4.687, 4.674, 4.145, 3.44, 2.787, 2.787, 3.947, 5.333, 5.643, 5.381, 4.836, 4.524, 4.1, 3.78, 2.79, 2.19, 2.25, 2.0, 0, 1.62, 2.08, 2.06, 2.75, 2.96, 2.54, 3.36, 3.24, 2.93, 3.27, 3.43, 2.71, 3.04, 2.88, 2.4, 2.34, 2.46, 3.26, 3.27, 2.79, 3.22, 2.75, 2.32, 2.38, 2.38, 2.45, 1.76, 2.49, 3.57, 3.78, 3.96, 3.59, 3.14, 2.98, 4.26, 5.19, 5.4, 5.557, 5.843, 5.69, 5.02, 4.89, 5.299, 5.649, 6.073, 6.343, 5.319, 4.75, 4.57, 4.72, 5.107, 5.774, 6.086, 5.652, 5.164, 4.982, 5.07, 5.612, 5.963], [6.315, 6.091, 5.614, 4.75, 4.24, 4.193, 4.29, 4.092, 3.945, 3.935, 3.434, 2.86, 2.61, 2.71, 3.45, 4.71, 5.04, 4.8, 4.41, 4.27, 3.58, 3.64, 3.73, 3.43, 3.67, 3.44, 1.62, 0, 0.96, 1.2, 1.57, 1.8, 2.26, 3.46, 3.14, 2.59, 2.91, 3.43, 2.67, 2.2, 2.4, 2.62, 1.98, 2.14, 2.68, 2.59, 1.99, 2.14, 2.19, 2.1, 2.14, 2.14, 2.13, 1.9, 1.87, 2.81, 3.06, 3.32, 2.95, 2.36, 2.36, 3.44, 4.45, 4.581, 4.738, 5.086, 4.893, 4.12, 3.879, 4.491, 4.861, 5.174, 5.495, 4.487, 3.93, 3.79, 3.98, 4.45, 5.055, 5.358, 4.892, 4.447, 4.207, 4.304, 4.874, 5.229], [6.13, 5.868, 5.354, 4.45, 4.017, 3.908, 4.0, 3.832, 3.688, 3.695, 3.297, 2.72, 2.55, 2.81, 3.63, 4.57, 4.88, 4.74, 4.49, 4.03, 3.48, 3.8, 4.07, 3.67, 4.05, 3.8, 2.08, 0.96, 0, 0.74, 1.11, 1.46, 2.34, 3.7, 3.38, 2.41, 2.77, 3.21, 2.69, 1.82, 1.88, 2.12, 1.5, 1.68, 2.16, 2.09, 1.41, 1.54, 1.79, 2.14, 2.4, 2.388, 2.39, 1.92, 2.21, 3.03, 3.2, 3.38, 3.11, 2.66, 1.8, 3.0, 4.033, 4.267, 4.463, 4.769, 4.559, 3.683, 3.617, 4.298, 4.53, 4.925, 5.252, 4.277, 3.59, 3.45, 3.74, 4.33, 4.92, 5.24, 4.68, 4.33, 4.03, 4.03, 4.6, 4.954], [6.022, 5.741, 5.193, 4.273, 3.899, 3.813, 3.808, 3.595, 3.414, 3.395, 2.954, 2.38, 2.25, 2.49, 3.43, 4.41, 4.7, 4.68, 4.41, 3.67, 3.24, 3.56, 3.69, 3.39, 3.81, 3.58, 2.06, 1.2, 0.74, 0, 1.01, 1.62, 2.34, 3.82, 3.5, 2.49, 2.89, 3.17, 3.05, 2.2, 2.28, 2.36, 1.72, 1.82, 2.3, 2.29, 1.45, 1.48, 1.77, 2.36, 2.56, 2.5, 2.47, 2.02, 1.93, 2.79, 2.9, 3.08, 2.83, 2.4, 1.7, 2.92, 3.81, 4.018, 4.246, 4.441, 4.436, 3.574, 3.523, 4.095, 4.295, 4.778, 5.103, 4.214, 3.51, 3.15, 3.44, 4.01, 4.62, 5.0, 4.46, 4.07, 3.81, 3.79, 4.3, 4.64], [5.403, 5.186, 4.671, 3.9, 3.63, 3.44, 3.36, 3.09, 3.02, 3.05, 2.72, 2.67, 3.04, 3.02, 3.7, 4.48, 4.73, 4.79, 4.74, 4.1, 3.55, 3.93, 4.44, 4.18, 4.68, 4.43, 2.75, 1.57, 1.11, 1.01, 0, 1.45, 2.89, 4.49, 4.17, 3.1, 3.28, 3.56, 3.52, 2.57, 2.45, 2.71, 2.03, 2.05, 2.41, 2.56, 1.74, 1.55, 2.08, 2.81, 3.109, 3.13, 3.08, 2.61, 1.98, 2.58, 2.67, 2.83, 2.84, 2.33, 1.59, 2.23, 3.22, 3.482, 3.662, 3.983, 3.853, 2.85, 3.033, 3.748, 3.912, 4.19, 4.505, 3.724, 2.94, 2.78, 3.15, 3.76, 4.35, 4.67, 4.07, 3.78, 3.38, 3.38, 3.85, 4.17], [6.419, 6.177, 5.665, 4.722, 4.232, 4.248, 4.328, 4.095, 3.985, 3.98, 3.65, 3.34, 3.29, 3.09, 3.77, 4.71, 4.96, 5.14, 4.85, 4.33, 3.54, 4.04, 4.59, 4.35, 4.87, 4.66, 2.96, 1.8, 1.46, 1.62, 1.45, 0, 1.74, 3.4, 3.08, 2.11, 2.17, 2.47, 2.55, 2.0, 2.2, 2.36, 1.8, 1.92, 2.12, 1.87, 1.47, 1.58, 1.53, 1.92, 2.14, 2.12, 2.09, 2.2, 2.59, 3.21, 3.38, 3.56, 3.29, 2.86, 1.96, 3.069, 4.142, 4.472, 4.672, 4.961, 4.874, 3.775, 3.9, 4.678, 4.828, 5.245, 5.56, 4.651, 3.848, 3.71, 3.98, 4.61, 5.2, 5.52, 4.92, 4.59, 4.17, 4.29, 4.82, 5.18], [8.033, 7.801, 7.258, 6.337, 5.858, 5.84, 5.837, 5.653, 5.472, 5.32, 4.673, 4.08, 3.39, 3.47, 4.79, 6.16, 6.408, 6.38, 5.83, 5.19, 4.62, 4.42, 4.15, 3.85, 4.19, 3.94, 2.54, 2.26, 2.34, 2.34, 2.89, 1.74, 0, 1.74, 1.72, 1.29, 1.41, 1.47, 1.65, 2.0, 2.4, 2.22, 1.78, 2.1, 2.2, 1.89, 2.07, 2.22, 1.77, 1.38, 1.54, 1.34, 1.25, 1.52, 3.11, 4.07, 4.2, 4.5, 4.15, 3.58, 3.38, 4.642, 5.587, 5.986, 6.245, 6.406, 6.446, 5.314, 5.421, 6.142, 6.272, 6.878, 7.216, 6.192, 5.369, 5.126, 5.1, 5.67, 6.4, 6.84, 6.254, 5.784, 5.641, 5.664, 6.194, 6.554], [9.638, 9.408, 8.862, 7.977, 7.501, 7.463, 7.486, 7.293, 7.103, 6.939, 6.253, 5.451, 4.719, 5.009, 6.31, 7.792, 8.013, 7.87, 7.36, 6.826, 6.234, 5.94, 5.03, 4.55, 4.63, 4.52, 3.36, 3.46, 3.7, 3.82, 4.49, 3.4, 1.74, 0, 0.94, 1.63, 1.87, 1.85, 1.77, 2.4, 3.0, 2.76, 2.62, 2.96, 2.9, 2.51, 3.21, 3.64, 2.81, 2.18, 1.9, 1.78, 1.65, 2.2, 4.49, 5.45, 5.6, 5.84, 5.43, 4.78, 4.936, 6.281, 7.227, 7.596, 7.847, 8.057, 8.108, 6.942, 7.014, 7.71, 7.857, 8.482, 8.867, 7.829, 7.0, 6.76, 6.72, 7.207, 7.985, 8.407, 7.885, 7.355, 7.263, 7.292, 7.848, 8.16], [9.333, 9.103, 8.569, 7.688, 7.202, 7.154, 7.192, 6.996, 6.826, 6.659, 5.968, 5.215, 4.539, 4.81, 5.992, 7.535, 7.779, 7.619, 7.126, 6.63, 5.96, 5.74, 5.01, 4.67, 4.77, 4.58, 3.24, 3.14, 3.38, 3.5, 4.17, 3.08, 1.72, 0.94, 0, 1.23, 1.57, 1.73, 1.51, 2.06, 2.58, 2.52, 2.44, 2.7, 2.58, 2.15, 2.85, 3.32, 2.43, 1.9, 1.64, 1.46, 1.59, 2.2, 4.23, 5.25, 5.42, 5.66, 5.25, 4.56, 4.656, 5.976, 6.921, 7.288, 7.542, 7.772, 7.797, 6.634, 6.726, 7.384, 7.554, 8.177, 8.558, 7.509, 6.706, 6.463, 6.483, 6.924, 7.699, 8.099, 7.58, 7.05, 6.97, 6.987, 7.54, 7.923], [8.312, 8.102, 7.566, 6.646, 6.14, 6.166, 6.146, 5.929, 5.786, 5.633, 5.095, 4.345, 3.78, 3.94, 5.173, 6.539, 6.707, 6.589, 6.08, 5.56, 5.01, 4.81, 4.64, 4.24, 4.66, 4.41, 2.93, 2.59, 2.41, 2.49, 3.1, 2.11, 1.29, 1.63, 1.23, 0, 0.98, 1.48, 1.26, 1.67, 2.17, 2.09, 1.79, 2.07, 2.15, 1.6, 1.94, 2.31, 1.62, 1.49, 1.81, 1.61, 1.62, 1.93, 3.62, 4.58, 4.67, 4.99, 4.62, 4.05, 3.566, 4.941, 5.887, 6.277, 6.524, 6.739, 6.771, 5.593, 5.743, 6.496, 6.626, 7.176, 7.5, 6.519, 5.676, 5.463, 5.49, 6.126, 6.776, 7.136, 6.553, 6.106, 5.92, 5.96, 6.484, 6.884], [8.548, 8.312, 7.74, 6.858, 6.367, 6.373, 6.364, 6.162, 5.992, 5.919, 5.444, 4.89, 4.32, 4.32, 5.56, 6.661, 6.867, 6.93, 6.42, 5.78, 5.27, 5.21, 4.96, 4.5, 4.92, 4.63, 3.27, 2.91, 2.77, 2.89, 3.28, 2.17, 1.41, 1.87, 1.57, 0.98, 0, 0.96, 1.14, 1.97, 2.47, 2.31, 2.03, 2.33, 2.41, 1.9, 2.5, 2.71, 2.22, 2.05, 2.21, 1.97, 1.78, 2.23, 3.98, 4.96, 5.13, 5.39, 5.06, 4.53, 3.87, 5.139, 6.101, 6.488, 6.742, 6.92, 6.973, 5.817, 5.974, 6.746, 6.873, 7.36, 7.672, 6.741, 5.921, 5.709, 5.842, 6.472, 7.099, 7.482, 6.862, 6.472, 6.126, 6.26, 6.73, 7.11], [8.766, 8.485, 7.919, 7.043, 6.544, 6.547, 6.62, 6.327, 6.146, 6.102, 5.56, 5.17, 4.62, 4.44, 5.74, 6.898, 7.227, 7.25, 6.76, 6.04, 5.49, 5.45, 5.08, 4.66, 5.0, 4.69, 3.43, 3.43, 3.21, 3.17, 3.56, 2.47, 1.47, 1.85, 1.73, 1.48, 0.96, 0, 1.44, 2.23, 2.85, 2.53, 2.43, 2.79, 2.87, 2.34, 2.78, 3.07, 2.62, 2.39, 2.47, 2.31, 2.04, 2.47, 4.12, 5.0, 5.21, 5.43, 5.14, 4.63, 4.03, 5.387, 6.334, 6.736, 6.99, 7.139, 7.126, 6.061, 6.164, 6.835, 6.982, 7.539, 7.881, 6.895, 6.096, 5.846, 5.985, 6.495, 7.225, 7.665, 7.125, 6.675, 6.403, 6.48, 6.973, 7.318], [8.714, 8.487, 8.001, 7.101, 6.548, 6.524, 6.641, 6.488, 6.358, 6.348, 5.869, 5.163, 4.515, 4.58, 5.74, 6.904, 7.228, 7.006, 6.5, 6.26, 5.79, 5.63, 5.02, 4.38, 4.7, 4.43, 2.71, 2.67, 2.69, 3.05, 3.52, 2.55, 1.65, 1.77, 1.51, 1.26, 1.14, 1.44, 0, 1.55, 1.93, 1.85, 1.85, 2.21, 2.27, 1.8, 2.26, 3.05, 2.2, 1.79, 1.95, 1.69, 1.68, 2.15, 4.28, 5.28, 5.47, 5.77, 5.4, 4.85, 4.087, 5.545, 6.621, 6.951, 7.148, 7.437, 7.21, 6.237, 6.17, 6.885, 7.152, 7.561, 7.888, 6.864, 6.138, 6.06, 6.29, 6.883, 7.473, 7.79, 7.307, 6.86, 6.617, 6.715, 7.282, 7.639], [7.813, 7.571, 7.054, 6.168, 5.657, 5.613, 5.702, 5.537, 5.396, 5.392, 4.974, 4.387, 3.95, 4.35, 5.21, 6.19, 6.56, 6.42, 6.07, 5.63, 5.14, 5.34, 5.41, 4.91, 5.17, 4.9, 3.04, 2.2, 1.82, 2.2, 2.57, 2.0, 2.0, 2.4, 2.06, 1.67, 1.97, 2.23, 1.55, 0, 0.86, 1.22, 1.2, 1.36, 1.22, 1.13, 1.69, 2.18, 1.77, 1.64, 1.52, 1.62, 1.95, 2.38, 3.89, 4.73, 4.88, 5.06, 4.77, 4.32, 3.28, 4.597, 5.657, 5.987, 6.183, 6.476, 6.279, 5.289, 5.267, 5.995, 6.248, 6.628, 6.952, 5.994, 5.29, 5.116, 5.42, 6.03, 6.62, 6.94, 6.38, 6.03, 5.73, 5.75, 6.32, 6.674], [7.648, 7.36, 6.88, 5.994, 5.45, 5.411, 5.569, 5.398, 5.274, 5.318, 4.957, 4.37, 4.07, 4.39, 5.37, 6.27, 6.5, 6.42, 6.11, 5.59, 5.2, 5.3, 5.39, 4.75, 4.93, 4.62, 2.88, 2.4, 1.88, 2.28, 2.45, 2.2, 2.4, 3.0, 2.58, 2.17, 2.47, 2.85, 1.93, 0.86, 0, 0.9, 1.2, 1.12, 1.22, 1.37, 1.81, 2.36, 2.03, 1.86, 1.74, 1.96, 2.35, 2.46, 4.05, 4.79, 4.92, 5.08, 4.83, 4.4, 3.08, 4.435, 5.488, 5.795, 5.983, 6.296, 6.097, 5.119, 5.176, 5.898, 6.122, 6.411, 6.755, 5.877, 5.25, 5.008, 5.42, 6.01, 6.6, 6.92, 6.34, 6.01, 5.67, 5.63, 6.14, 6.48], [7.87, 7.612, 7.069, 6.14, 5.71, 5.66, 5.7, 5.504, 5.417, 5.44, 5.137, 4.53, 4.128, 4.37, 5.525, 6.384, 6.574, 6.615, 6.25, 5.61, 5.3, 5.38, 4.93, 4.33, 4.45, 4.18, 2.4, 2.62, 2.12, 2.36, 2.71, 2.36, 2.22, 2.76, 2.52, 2.09, 2.31, 2.53, 1.85, 1.22, 0.9, 0, 0.84, 0.98, 1.32, 1.45, 2.17, 2.64, 2.25, 1.78, 1.78, 1.94, 2.23, 2.3, 4.19, 5.01, 5.12, 5.28, 4.99, 4.6, 3.16, 4.515, 5.603, 5.943, 6.143, 6.426, 6.249, 5.225, 5.385, 6.138, 6.288, 6.634, 6.944, 6.137, 5.45, 5.13, 5.6, 6.19, 6.76, 7.08, 6.52, 6.19, 5.85, 5.79, 6.32, 6.64], [7.307, 7.079, 6.552, 5.603, 5.19, 5.1, 5.12, 4.924, 4.777, 4.78, 4.477, 3.87, 3.41, 3.63, 4.783, 5.708, 5.957, 5.975, 5.57, 4.89, 4.6, 4.66, 4.59, 4.05, 4.39, 4.12, 2.34, 1.98, 1.5, 1.72, 2.03, 1.8, 1.78, 2.62, 2.44, 1.79, 2.03, 2.43, 1.85, 1.2, 1.2, 0.84, 0, 0.68, 1.3, 1.25, 1.75, 2.16, 1.87, 1.66, 1.66, 1.62, 1.85, 1.82, 3.47, 4.31, 4.46, 4.62, 4.33, 3.9, 2.56, 3.923, 4.974, 5.326, 5.526, 5.809, 5.749, 4.642, 4.765, 5.561, 5.648, 6.073, 6.388, 5.577, 4.81, 4.49, 4.94, 5.53, 6.1, 6.42, 5.86, 5.55, 5.21, 5.17, 5.7, 6.02], [7.238, 7.011, 6.471, 5.543, 5.113, 5.04, 5.04, 4.844, 4.717, 4.66, 4.36, 3.753, 3.51, 3.81, 4.85, 5.85, 5.9, 6.08, 5.75, 5.07, 4.64, 4.76, 4.77, 4.15, 4.39, 4.1, 2.46, 2.14, 1.68, 1.82, 2.05, 1.92, 2.1, 2.96, 2.7, 2.07, 2.33, 2.79, 2.21, 1.36, 1.12, 0.98, 0.68, 0, 1.02, 1.21, 1.65, 2.0, 1.75, 1.62, 1.74, 1.88, 2.19, 2.12, 3.57, 4.33, 4.38, 4.54, 4.25, 3.9, 2.54, 3.789, 4.817, 5.17, 5.39, 5.655, 5.652, 4.482, 4.754, 5.524, 5.591, 5.99, 6.314, 5.56, 4.81, 4.41, 4.84, 5.41, 5.98, 6.32, 5.76, 5.47, 5.11, 5.05, 5.54, 5.88], [7.483, 7.239, 6.612, 5.826, 5.436, 5.346, 5.306, 5.08, 5.03, 4.88, 4.49, 4.116, 4.07, 4.51, 5.41, 6.45, 6.58, 6.72, 6.43, 5.73, 5.2, 5.36, 5.51, 4.89, 5.03, 4.78, 3.26, 2.68, 2.16, 2.3, 2.41, 2.12, 2.2, 2.9, 2.58, 2.15, 2.41, 2.87, 2.27, 1.22, 1.22, 1.32, 1.3, 1.02, 0, 1.07, 1.77, 1.78, 1.59, 1.56, 1.68, 1.76, 2.15, 2.62, 4.01, 4.57, 4.56, 4.68, 4.65, 4.22, 3.14, 4.2, 5.14, 5.295, 5.555, 5.827, 5.866, 4.656, 4.979, 5.73, 5.84, 6.23, 6.534, 5.748, 4.97, 4.65, 4.96, 5.49, 6.08, 6.44, 5.84, 5.55, 5.19, 5.17, 5.68, 6.02], [7.608, 7.365, 6.897, 5.984, 5.465, 5.458, 5.458, 5.185, 5.038, 5.09, 4.755, 4.214, 4.12, 4.42, 5.46, 6.4, 6.53, 6.59, 6.28, 5.62, 5.23, 5.37, 5.52, 5.0, 5.26, 4.99, 3.27, 2.59, 2.09, 2.29, 2.56, 1.87, 1.89, 2.51, 2.15, 1.6, 1.9, 2.34, 1.8, 1.13, 1.37, 1.45, 1.25, 1.21, 1.07, 0, 1.46, 1.99, 1.54, 1.59, 1.71, 1.63, 1.84, 2.49, 4.12, 4.8, 4.87, 5.03, 4.76, 4.47, 2.99, 4.35, 5.324, 5.668, 5.856, 6.099, 6.057, 4.915, 5.135, 5.926, 6.016, 6.392, 6.687, 5.895, 5.14, 4.78, 5.29, 5.84, 6.37, 6.69, 6.09, 5.88, 5.58, 5.38, 5.97, 6.31], [6.739, 6.523, 6.033, 5.12, 4.647, 4.563, 4.578, 4.407, 4.26, 4.236, 3.787, 3.13, 3.14, 3.36, 4.22, 5.36, 5.57, 5.45, 5.16, 4.78, 4.23, 4.35, 4.46, 4.1, 4.58, 4.41, 2.79, 1.99, 1.41, 1.45, 1.74, 1.47, 2.07, 3.21, 2.85, 1.94, 2.5, 2.78, 2.26, 1.69, 1.81, 2.17, 1.75, 1.65, 1.77, 1.46, 0, 1.01, 0.92, 1.75, 2.05, 2.15, 2.06, 2.11, 2.9, 3.58, 3.67, 3.85, 3.56, 3.25, 2.17, 3.507, 4.541, 4.851, 5.028, 5.32, 5.224, 4.154, 4.179, 4.931, 5.058, 5.575, 5.921, 4.947, 4.16, 3.946, 4.25, 4.8, 5.41, 5.69, 5.21, 4.82, 4.64, 4.6, 5.17, 5.524], [6.245, 6.035, 5.521, 4.749, 4.46, 4.229, 4.138, 3.92, 3.77, 3.54, 3.05, 2.78, 3.03, 3.27, 4.15, 5.29, 5.44, 5.48, 5.27, 4.55, 3.92, 4.2, 4.51, 4.17, 4.69, 4.66, 3.22, 2.14, 1.54, 1.48, 1.55, 1.58, 2.22, 3.64, 3.32, 2.31, 2.71, 3.07, 3.05, 2.18, 2.36, 2.64, 2.16, 2.0, 1.78, 1.99, 1.01, 0, 1.11, 1.98, 2.38, 2.46, 2.37, 2.34, 2.41, 2.99, 2.92, 3.08, 3.15, 2.72, 2.18, 3.1, 3.903, 4.198, 4.408, 4.607, 4.638, 3.532, 3.665, 4.338, 4.499, 5.032, 5.356, 4.414, 3.63, 3.39, 3.42, 4.05, 4.698, 5.078, 4.495, 4.05, 3.87, 3.853, 4.372, 4.772], [7.195, 6.939, 6.414, 5.516, 5.146, 5.036, 5.016, 4.803, 4.637, 4.519, 3.967, 3.346, 3.14, 3.5, 4.44, 5.82, 5.95, 5.93, 5.54, 5.02, 4.25, 4.31, 4.36, 3.88, 4.32, 4.21, 2.75, 2.19, 1.79, 1.77, 2.08, 1.53, 1.77, 2.81, 2.43, 1.62, 2.22, 2.62, 2.2, 1.77, 2.03, 2.25, 1.87, 1.75, 1.59, 1.54, 0.92, 1.11, 0, 1.15, 1.63, 1.79, 1.92, 2.01, 2.94, 3.64, 3.65, 3.83, 3.66, 3.15, 2.67, 3.87, 4.76, 5.13, 5.364, 5.6, 5.609, 4.442, 4.62, 5.331, 5.458, 6.008, 6.335, 5.346, 4.528, 4.306, 4.362, 4.952, 5.585, 5.982, 5.402, 4.955, 4.78, 4.817, 5.362, 5.759], [8.048, 7.821, 7.299, 6.378, 5.965, 5.895, 5.878, 5.703, 5.527, 5.414, 4.825, 4.13, 3.57, 3.81, 4.85, 6.45, 6.62, 6.48, 5.95, 5.57, 4.8, 4.56, 4.31, 3.81, 4.03, 3.84, 2.32, 2.1, 2.14, 2.36, 2.81, 1.92, 1.38, 2.18, 1.9, 1.49, 2.05, 2.39, 1.79, 1.64, 1.86, 1.78, 1.66, 1.62, 1.56, 1.59, 1.75, 1.98, 1.15, 0, 0.84, 1.08, 1.39, 1.76, 3.29, 4.21, 4.34, 4.64, 4.35, 3.66, 3.44, 4.708, 5.648, 5.998, 6.24, 6.498, 6.507, 5.335, 5.465, 6.165, 6.299, 6.889, 7.225, 6.192, 5.39, 5.204, 5.246, 5.796, 6.466, 6.826, 6.249, 5.796, 5.639, 5.67, 6.266, 6.66], [8.319, 8.089, 7.561, 6.658, 6.176, 6.129, 6.158, 5.997, 5.807, 5.68, 5.042, 4.383, 3.81, 3.85, 5.07, 6.621, 6.84, 6.651, 6.15, 5.71, 5.1, 4.82, 4.39, 4.07, 4.03, 3.84, 2.38, 2.14, 2.4, 2.56, 3.109, 2.14, 1.54, 1.9, 1.64, 1.81, 2.21, 2.47, 1.95, 1.52, 1.74, 1.78, 1.66, 1.74, 1.68, 1.71, 2.05, 2.38, 1.63, 0.84, 0, 0.6, 1.13, 1.52, 3.43, 4.35, 4.532, 4.734, 4.35, 3.64, 3.648, 4.997, 5.959, 6.283, 6.534, 6.775, 6.787, 5.589, 5.732, 6.364, 6.535, 7.163, 7.53, 6.477, 5.686, 5.484, 5.549, 5.933, 6.654, 7.04, 6.614, 6.144, 5.959, 6.041, 6.611, 6.997], [8.348, 8.118, 7.59, 6.684, 6.205, 6.158, 6.204, 6.017, 5.827, 5.703, 5.082, 4.403, 3.79, 3.79, 5.053, 6.586, 6.803, 6.636, 6.123, 5.65, 5.12, 4.86, 4.47, 4.11, 4.09, 3.88, 2.38, 2.14, 2.388, 2.5, 3.13, 2.12, 1.34, 1.78, 1.46, 1.61, 1.97, 2.31, 1.69, 1.62, 1.96, 1.94, 1.62, 1.88, 1.76, 1.63, 2.15, 2.46, 1.79, 1.08, 0.6, 0, 0.77, 1.4, 3.37, 4.39, 4.592, 4.834, 4.444, 3.74, 3.649, 5.003, 6.002, 6.289, 6.557, 6.818, 6.812, 5.629, 5.778, 6.387, 6.558, 7.192, 7.559, 6.506, 5.718, 5.504, 5.589, 6.016, 6.717, 7.1, 6.654, 6.184, 5.999, 6.081, 6.651, 7.04], [8.31, 8.085, 7.551, 6.642, 6.204, 6.117, 6.157, 5.958, 5.771, 5.656, 5.078, 4.456, 3.96, 3.84, 5.103, 6.528, 6.773, 6.621, 6.1, 5.6, 5.13, 4.97, 4.34, 4.0, 4.1, 3.89, 2.45, 2.13, 2.39, 2.47, 3.08, 2.09, 1.25, 1.65, 1.59, 1.62, 1.78, 2.04, 1.68, 1.95, 2.35, 2.23, 1.85, 2.19, 2.15, 1.84, 2.06, 2.37, 1.92, 1.39, 1.13, 0.77, 0, 1.23, 3.3, 4.314, 4.604, 4.884, 4.494, 3.782, 3.65, 4.987, 5.969, 6.333, 6.584, 6.75, 6.76, 5.67, 5.697, 6.361, 6.517, 7.16, 7.521, 6.468, 5.663, 5.437, 5.562, 6.052, 6.75, 7.144, 6.698, 6.208, 6.023, 6.106, 6.604, 6.953], [7.82, 7.59, 7.064, 6.161, 5.677, 5.629, 5.661, 5.477, 5.287, 5.223, 4.605, 3.974, 3.33, 3.276, 4.553, 5.976, 6.248, 6.051, 5.541, 5.059, 4.626, 4.36, 3.49, 3.13, 3.31, 3.08, 1.76, 1.9, 1.92, 2.02, 2.61, 2.2, 1.52, 2.2, 2.2, 1.93, 2.23, 2.47, 2.15, 2.38, 2.46, 2.3, 1.82, 2.12, 2.62, 2.49, 2.11, 2.34, 2.01, 1.76, 1.52, 1.4, 1.23, 0, 2.81, 3.819, 4.109, 4.354, 3.964, 3.277, 3.109, 4.537, 5.473, 5.869, 6.111, 6.298, 6.288, 5.209, 5.236, 5.864, 6.015, 6.664, 7.031, 5.978, 5.17, 4.964, 5.089, 5.556, 6.297, 6.68, 6.194, 5.704, 5.519, 5.601, 6.131, 6.48], [5.241, 5.031, 4.568, 3.84, 3.51, 3.34, 3.32, 2.93, 2.668, 2.538, 2.06, 2.11, 2.06, 1.84, 2.68, 3.96, 4.35, 4.27, 3.96, 3.36, 2.53, 2.73, 2.94, 3.02, 3.52, 3.69, 2.49, 1.87, 2.21, 1.93, 1.98, 2.59, 3.11, 4.49, 4.23, 3.62, 3.98, 4.12, 4.28, 3.89, 4.05, 4.19, 3.47, 3.57, 4.01, 4.12, 2.9, 2.41, 2.94, 3.29, 3.43, 3.37, 3.3, 2.81, 0, 1.18, 1.43, 1.67, 1.5, 1.19, 2.09, 2.31, 3.06, 3.384, 3.584, 3.699, 3.777, 2.97, 2.94, 3.357, 3.633, 4.128, 4.412, 3.431, 2.8, 2.6, 2.49, 2.84, 3.618, 4.058, 3.527, 3.06, 2.92, 2.957, 3.447, 3.75], [4.43, 4.257, 3.76, 3.4, 2.99, 2.72, 2.82, 2.33, 1.88, 1.77, 1.76, 2.35, 2.6, 2.12, 2.4, 3.64, 4.19, 4.17, 3.9, 3.38, 2.49, 2.63, 3.34, 3.66, 4.26, 4.59, 3.57, 2.81, 3.03, 2.79, 2.58, 3.21, 4.07, 5.45, 5.25, 4.58, 4.96, 5.0, 5.28, 4.73, 4.79, 5.01, 4.31, 4.33, 4.57, 4.8, 3.58, 2.99, 3.64, 4.21, 4.35, 4.39, 4.314, 3.819, 1.18, 0, 0.79, 1.15, 1.3, 1.21, 2.15, 1.81, 2.14, 2.49, 2.71, 2.87, 2.897, 2.13, 2.06, 2.483, 2.593, 3.211, 3.504, 2.511, 1.78, 1.66, 1.43, 1.88, 2.77, 3.21, 2.65, 2.24, 2.08, 2.08, 2.521, 2.787], [4.268, 4.175, 3.71, 3.31, 3.0, 2.73, 2.75, 2.32, 1.81, 1.48, 1.43, 2.0, 2.37, 1.95, 2.45, 3.71, 4.18, 4.26, 4.03, 3.45, 2.44, 2.66, 3.39, 3.65, 4.25, 4.66, 3.78, 3.06, 3.2, 2.9, 2.67, 3.38, 4.2, 5.6, 5.42, 4.67, 5.13, 5.21, 5.47, 4.88, 4.92, 5.12, 4.46, 4.38, 4.56, 4.87, 3.67, 2.92, 3.65, 4.34, 4.532, 4.592, 4.604, 4.109, 1.43, 0.79, 0, 0.76, 1.11, 1.16, 2.24, 1.88, 2.25, 2.34, 2.62, 2.76, 2.91, 2.22, 1.99, 2.381, 2.571, 3.103, 3.402, 2.409, 1.87, 1.71, 1.32, 1.73, 2.6, 3.04, 2.42, 2.01, 1.89, 1.83, 2.38, 2.68], [4.302, 4.283, 3.83, 3.25, 2.98, 2.75, 2.67, 2.3, 1.89, 1.7, 1.45, 2.0, 2.35, 2.09, 2.55, 3.73, 4.14, 4.28, 4.11, 3.43, 2.44, 2.78, 3.45, 3.73, 4.33, 4.84, 3.96, 3.32, 3.38, 3.08, 2.83, 3.56, 4.5, 5.84, 5.66, 4.99, 5.39, 5.43, 5.77, 5.06, 5.08, 5.28, 4.62, 4.54, 4.68, 5.03, 3.85, 3.08, 3.83, 4.64, 4.734, 4.834, 4.884, 4.354, 1.67, 1.15, 0.76, 0, 0.93, 1.28, 2.4, 2.1, 2.39, 2.5, 2.66, 2.88, 3.01, 2.38, 2.21, 2.529, 2.759, 3.281, 3.511, 2.51, 2.01, 1.83, 1.5, 1.79, 2.64, 3.08, 2.52, 2.13, 1.97, 1.91, 2.42, 2.702], [4.723, 4.573, 4.113, 3.54, 3.03, 2.84, 3.02, 2.59, 2.24, 2.09, 1.76, 1.75, 1.94, 1.88, 2.46, 3.6, 4.11, 4.17, 4.02, 3.36, 2.37, 2.63, 3.12, 3.34, 3.88, 4.41, 3.59, 2.95, 3.11, 2.83, 2.84, 3.29, 4.15, 5.43, 5.25, 4.62, 5.06, 5.14, 5.4, 4.77, 4.83, 4.99, 4.33, 4.25, 4.65, 4.76, 3.56, 3.15, 3.66, 4.35, 4.35, 4.444, 4.494, 3.964, 1.5, 1.3, 1.11, 0.93, 0, 1.15, 2.39, 2.31, 2.8, 3.07, 3.19, 3.39, 3.56, 2.87, 2.82, 3.119, 3.27, 3.8, 4.021, 3.0, 2.36, 2.12, 1.97, 2.26, 3.13, 3.59, 3.05, 2.6, 2.52, 2.4, 2.93, 3.152], [5.178, 5.008, 4.546, 3.79, 3.4, 3.21, 3.25, 2.96, 2.641, 2.488, 1.93, 1.88, 2.11, 1.95, 2.65, 4.03, 4.36, 4.36, 4.11, 3.57, 2.56, 2.66, 3.17, 3.29, 3.65, 4.0, 3.14, 2.36, 2.66, 2.4, 2.33, 2.86, 3.58, 4.78, 4.56, 4.05, 4.53, 4.63, 4.85, 4.32, 4.4, 4.6, 3.9, 3.9, 4.22, 4.47, 3.25, 2.72, 3.15, 3.66, 3.64, 3.74, 3.782, 3.277, 1.19, 1.21, 1.16, 1.28, 1.15, 0, 2.04, 2.24, 2.97, 3.3, 3.513, 3.656, 3.746, 2.76, 2.87, 3.312, 3.445, 4.046, 4.413, 3.381, 2.65, 2.41, 2.248, 2.639, 3.5, 3.936, 3.4, 2.91, 2.85, 2.83, 3.376, 3.645], [4.825, 4.609, 4.065, 3.23, 2.72, 2.73, 2.73, 2.5, 2.37, 2.4, 2.41, 2.12, 2.39, 2.07, 2.73, 3.59, 3.8, 3.92, 3.73, 3.11, 2.64, 2.9, 3.67, 3.49, 4.29, 4.44, 2.98, 2.36, 1.8, 1.7, 1.59, 1.96, 3.38, 4.936, 4.656, 3.566, 3.87, 4.03, 4.087, 3.28, 3.08, 3.16, 2.56, 2.54, 3.14, 2.99, 2.17, 2.18, 2.67, 3.44, 3.648, 3.649, 3.65, 3.109, 2.09, 2.15, 2.24, 2.4, 2.39, 2.04, 0, 1.58, 2.65, 2.949, 3.2, 3.432, 3.32, 2.26, 2.45, 3.147, 3.335, 3.668, 3.963, 3.15, 2.39, 2.11, 2.56, 3.11, 3.68, 4.0, 3.42, 3.17, 2.85, 2.79, 3.32, 3.62], [3.593, 3.343, 2.99, 2.47, 2.34, 2.13, 2.11, 1.64, 1.59, 1.68, 2.09, 2.54, 3.19, 2.87, 2.61, 3.05, 3.58, 3.9, 3.91, 3.33, 2.96, 3.42, 4.33, 4.45, 5.27, 5.56, 4.26, 3.44, 3.0, 2.92, 2.23, 3.069, 4.642, 6.281, 5.976, 4.941, 5.139, 5.387, 5.545, 4.597, 4.435, 4.515, 3.923, 3.789, 4.2, 4.35, 3.507, 3.1, 3.87, 4.708, 4.997, 5.003, 4.987, 4.537, 2.31, 1.81, 1.88, 2.1, 2.31, 2.24, 1.58, 0, 1.19, 1.6, 1.68, 2.0, 2.01, 1.08, 1.61, 2.077, 2.14, 2.41, 2.64, 2.13, 1.55, 1.51, 1.78, 2.17, 2.54, 2.78, 2.26, 2.27, 1.95, 1.69, 2.04, 2.28], [3.05, 2.84, 2.76, 2.54, 2.55, 2.14, 2.16, 1.81, 1.46, 1.43, 1.96, 3.09, 3.76, 3.4, 2.98, 3.16, 3.75, 4.05, 4.08, 3.46, 3.19, 3.69, 4.68, 5.22, 6.04, 6.35, 5.19, 4.45, 4.033, 3.81, 3.22, 4.142, 5.587, 7.227, 6.921, 5.887, 6.101, 6.334, 6.621, 5.657, 5.488, 5.603, 4.974, 4.817, 5.14, 5.324, 4.541, 3.903, 4.76, 5.648, 5.959, 6.002, 5.969, 5.473, 3.06, 2.14, 2.25, 2.39, 2.8, 2.97, 2.65, 1.19, 0, 0.93, 1.15, 1.31, 1.28, 1.11, 1.4, 1.42, 1.45, 1.6, 1.79, 1.72, 1.38, 1.44, 1.53, 1.7, 1.85, 2.07, 1.61, 1.68, 1.58, 1.32, 1.29, 1.45], [2.92, 2.75, 2.61, 2.47, 2.48, 2.09, 2.07, 1.64, 1.41, 1.32, 1.91, 3.14, 3.89, 3.45, 2.93, 3.27, 3.82, 4.14, 4.17, 3.61, 3.26, 3.76, 4.71, 5.37, 6.13, 6.62, 5.4, 4.581, 4.267, 4.018, 3.482, 4.472, 5.986, 7.596, 7.288, 6.277, 6.488, 6.736, 6.951, 5.987, 5.795, 5.943, 5.326, 5.17, 5.295, 5.668, 4.851, 4.198, 5.13, 5.998, 6.283, 6.289, 6.333, 5.869, 3.384, 2.49, 2.34, 2.5, 3.07, 3.3, 2.949, 1.6, 0.93, 0, 0.56, 1.0, 0.99, 1.1, 1.17, 1.07, 1.48, 1.25, 1.46, 1.59, 1.49, 1.51, 1.62, 1.51, 1.4, 1.54, 1.16, 1.29, 1.27, 1.15, 1.1, 1.28], [2.92, 2.77, 2.77, 2.71, 2.64, 2.35, 2.27, 1.84, 1.55, 1.42, 2.05, 3.28, 4.01, 3.59, 3.09, 3.49, 3.98, 4.3, 4.35, 3.93, 3.52, 4.0, 4.93, 5.49, 6.27, 6.74, 5.557, 4.738, 4.463, 4.246, 3.662, 4.672, 6.245, 7.847, 7.542, 6.524, 6.742, 6.99, 7.148, 6.183, 5.983, 6.143, 5.526, 5.39, 5.555, 5.856, 5.028, 4.408, 5.364, 6.24, 6.534, 6.557, 6.584, 6.111, 3.584, 2.71, 2.62, 2.66, 3.19, 3.513, 3.2, 1.68, 1.15, 0.56, 0, 0.74, 0.95, 1.32, 1.25, 1.23, 1.54, 1.15, 1.4, 1.53, 1.53, 1.63, 1.68, 1.65, 1.42, 1.42, 1.08, 1.33, 1.25, 1.17, 1.16, 1.34], [3.04, 2.93, 3.09, 2.99, 2.96, 2.61, 2.57, 2.12, 1.79, 1.62, 2.31, 3.48, 4.21, 3.75, 3.49, 3.63, 4.34, 4.62, 4.65, 4.05, 3.76, 4.24, 5.17, 5.71, 6.51, 6.88, 5.843, 5.086, 4.769, 4.441, 3.983, 4.961, 6.406, 8.057, 7.772, 6.739, 6.92, 7.139, 7.437, 6.476, 6.296, 6.426, 5.809, 5.655, 5.827, 6.099, 5.32, 4.607, 5.6, 6.498, 6.775, 6.818, 6.75, 6.298, 3.699, 2.87, 2.76, 2.88, 3.39, 3.656, 3.432, 2.0, 1.31, 1.0, 0.74, 0, 0.85, 1.46, 1.39, 1.19, 1.42, 1.13, 1.34, 1.49, 1.73, 1.79, 1.78, 1.71, 1.34, 1.36, 1.3, 1.57, 1.47, 1.37, 1.26, 1.32], [2.85, 2.76, 2.8, 2.9, 2.89, 2.48, 2.44, 2.11, 1.92, 1.89, 2.54, 3.77, 4.46, 4.02, 3.6, 3.5, 4.19, 4.35, 4.5, 4.18, 3.95, 4.47, 5.42, 5.88, 6.68, 7.03, 5.69, 4.893, 4.559, 4.436, 3.853, 4.874, 6.446, 8.108, 7.797, 6.771, 6.973, 7.126, 7.21, 6.279, 6.097, 6.249, 5.749, 5.652, 5.866, 6.057, 5.224, 4.638, 5.609, 6.507, 6.787, 6.812, 6.76, 6.288, 3.777, 2.897, 2.91, 3.01, 3.56, 3.746, 3.32, 2.01, 1.28, 0.99, 0.95, 0.85, 0, 1.47, 1.34, 1.02, 1.07, 1.16, 1.15, 1.14, 1.64, 1.8, 1.93, 1.82, 1.51, 1.53, 1.51, 1.7, 1.62, 1.62, 1.39, 1.47], [3.2, 3.07, 2.95, 2.77, 2.64, 2.43, 2.35, 1.82, 1.73, 1.6, 2.09, 3.12, 3.79, 3.49, 3.17, 3.51, 4.06, 4.4, 4.45, 3.89, 3.48, 3.94, 4.85, 5.11, 5.93, 6.24, 5.02, 4.12, 3.683, 3.574, 2.85, 3.775, 5.314, 6.942, 6.634, 5.593, 5.817, 6.061, 6.237, 5.289, 5.119, 5.225, 4.642, 4.482, 4.656, 4.915, 4.154, 3.532, 4.442, 5.335, 5.589, 5.629, 5.67, 5.209, 2.97, 2.13, 2.22, 2.38, 2.87, 2.76, 2.26, 1.08, 1.11, 1.1, 1.32, 1.46, 1.47, 0, 1.39, 1.65, 1.82, 1.91, 2.12, 1.87, 1.55, 1.61, 1.88, 2.03, 2.06, 2.24, 1.88, 2.03, 1.73, 1.51, 1.68, 1.92], [3.09, 3.08, 3.02, 2.84, 2.57, 2.3, 2.38, 2.01, 1.38, 1.21, 1.74, 2.93, 3.7, 3.24, 3.02, 3.4, 4.17, 4.29, 4.3, 3.82, 3.35, 3.79, 4.74, 5.16, 5.94, 6.25, 4.89, 3.879, 3.617, 3.523, 3.033, 3.9, 5.421, 7.014, 6.726, 5.743, 5.974, 6.164, 6.17, 5.267, 5.176, 5.385, 4.765, 4.754, 4.979, 5.135, 4.179, 3.665, 4.62, 5.465, 5.732, 5.778, 5.697, 5.236, 2.94, 2.06, 1.99, 2.21, 2.82, 2.87, 2.45, 1.61, 1.4, 1.17, 1.25, 1.39, 1.34, 1.39, 0, 1.04, 1.47, 1.56, 2.03, 1.4, 1.08, 1.32, 1.39, 1.56, 1.81, 1.95, 1.51, 1.5, 1.22, 1.22, 1.61, 1.75], [2.69, 2.7, 2.66, 2.6, 2.43, 2.16, 2.24, 1.89, 1.5, 1.41, 1.96, 3.09, 3.9, 3.42, 2.84, 3.08, 3.91, 4.03, 4.04, 3.62, 3.29, 3.79, 4.74, 5.44, 6.22, 6.621, 5.299, 4.491, 4.298, 4.095, 3.748, 4.678, 6.142, 7.71, 7.384, 6.496, 6.746, 6.835, 6.885, 5.995, 5.898, 6.138, 5.561, 5.524, 5.73, 5.926, 4.931, 4.338, 5.331, 6.165, 6.364, 6.387, 6.361, 5.864, 3.357, 2.483, 2.381, 2.529, 3.119, 3.312, 3.147, 2.077, 1.42, 1.07, 1.23, 1.19, 1.02, 1.65, 1.04, 0, 0.87, 1.2, 1.45, 0.98, 1.28, 1.52, 1.55, 1.24, 1.29, 1.47, 1.25, 1.28, 1.36, 1.2, 1.11, 1.33], [2.94, 2.97, 2.83, 2.75, 2.72, 2.37, 2.43, 2.08, 1.75, 1.76, 2.27, 3.32, 4.11, 3.65, 3.07, 3.25, 4.02, 4.22, 4.27, 3.79, 3.46, 4.02, 4.97, 5.61, 6.41, 6.809, 5.649, 4.861, 4.53, 4.295, 3.912, 4.828, 6.272, 7.857, 7.554, 6.626, 6.873, 6.982, 7.152, 6.248, 6.122, 6.288, 5.648, 5.591, 5.84, 6.016, 5.058, 4.499, 5.458, 6.299, 6.535, 6.558, 6.517, 6.015, 3.633, 2.593, 2.571, 2.759, 3.27, 3.445, 3.335, 2.14, 1.45, 1.48, 1.54, 1.42, 1.07, 1.82, 1.47, 0.87, 0, 1.41, 1.38, 1.01, 1.47, 1.55, 1.6, 1.49, 1.4, 1.6, 1.64, 1.71, 1.79, 1.49, 1.46, 1.52], [2.63, 2.62, 2.72, 2.72, 2.51, 2.22, 2.34, 2.11, 1.9, 1.93, 2.62, 3.81, 4.56, 4.06, 3.38, 3.4, 4.11, 4.33, 4.4, 3.98, 3.69, 4.27, 5.28, 6.06, 6.88, 7.39, 6.073, 5.174, 4.925, 4.778, 4.19, 5.245, 6.878, 8.482, 8.177, 7.176, 7.36, 7.539, 7.561, 6.628, 6.411, 6.634, 6.073, 5.99, 6.23, 6.392, 5.575, 5.032, 6.008, 6.889, 7.163, 7.192, 7.16, 6.664, 4.128, 3.211, 3.103, 3.281, 3.8, 4.046, 3.668, 2.41, 1.6, 1.25, 1.15, 1.13, 1.16, 1.91, 1.56, 1.2, 1.41, 0, 0.97, 1.5, 1.82, 2.06, 2.15, 1.84, 1.59, 1.61, 1.49, 1.7, 1.72, 1.72, 1.61, 1.57], [2.34, 2.33, 2.41, 2.51, 2.38, 2.09, 2.13, 1.94, 1.93, 2.22, 2.93, 3.92, 4.69, 4.21, 3.41, 3.09, 3.74, 3.98, 4.07, 3.79, 3.62, 4.14, 5.29, 6.21, 7.03, 7.542, 6.343, 5.495, 5.252, 5.103, 4.505, 5.56, 7.216, 8.867, 8.558, 7.5, 7.672, 7.881, 7.888, 6.952, 6.755, 6.944, 6.388, 6.314, 6.534, 6.687, 5.921, 5.356, 6.335, 7.225, 7.53, 7.559, 7.521, 7.031, 4.412, 3.504, 3.402, 3.511, 4.021, 4.413, 3.963, 2.64, 1.79, 1.46, 1.4, 1.34, 1.15, 2.12, 2.03, 1.45, 1.38, 0.97, 0, 1.25, 2.05, 2.29, 2.32, 1.89, 1.42, 1.32, 1.56, 1.89, 1.83, 1.73, 1.44, 1.36], [2.83, 2.86, 2.72, 2.58, 2.39, 2.14, 2.22, 1.87, 1.58, 1.63, 2.22, 3.07, 3.74, 3.26, 2.78, 2.96, 3.81, 3.93, 3.94, 3.58, 3.17, 3.57, 4.56, 5.18, 6.04, 6.509, 5.319, 4.487, 4.277, 4.214, 3.724, 4.651, 6.192, 7.829, 7.509, 6.519, 6.741, 6.895, 6.864, 5.994, 5.877, 6.137, 5.577, 5.56, 5.748, 5.895, 4.947, 4.414, 5.346, 6.192, 6.477, 6.506, 6.468, 5.978, 3.431, 2.511, 2.409, 2.51, 3.0, 3.381, 3.15, 2.13, 1.72, 1.59, 1.53, 1.49, 1.14, 1.87, 1.4, 0.98, 1.01, 1.5, 1.25, 0, 1.16, 1.46, 1.27, 1.22, 1.27, 1.47, 1.37, 1.44, 1.42, 1.22, 1.21, 1.35], [3.101, 3.04, 2.84, 2.56, 2.19, 1.98, 2.0, 1.65, 1.16, 1.21, 1.62, 2.53, 3.14, 2.78, 2.56, 3.02, 3.71, 3.89, 3.84, 3.28, 2.77, 3.21, 4.18, 4.56, 5.42, 5.89, 4.75, 3.93, 3.59, 3.51, 2.94, 3.848, 5.369, 7.0, 6.706, 5.676, 5.921, 6.096, 6.138, 5.29, 5.25, 5.45, 4.81, 4.81, 4.97, 5.14, 4.16, 3.63, 4.528, 5.39, 5.686, 5.718, 5.663, 5.17, 2.8, 1.78, 1.87, 2.01, 2.36, 2.65, 2.39, 1.55, 1.38, 1.49, 1.53, 1.73, 1.64, 1.55, 1.08, 1.28, 1.47, 1.82, 2.05, 1.16, 0, 0.76, 0.89, 1.14, 1.77, 2.01, 1.43, 1.32, 1.24, 1.08, 1.35, 1.65], [3.252, 3.16, 2.86, 2.5, 2.11, 1.88, 1.94, 