[[0, 1.35, 1.79, 1.44, 2.03, 1.57, 1.64, 1.79, 1.69, 1.77, 1.88, 2.03, 2.057, 1.964, 3.293, 7.078, 9.603, 9.392, 8.957, 8.332, 7.49, 6.952, 7.887, 7.91, 7.147, 7.059, 8.253, 7.913, 7.602, 8.086, 8.29, 8.357, 8.009, 7.91, 7.506, 6.761, 7.023, 7.939, 7.965, 7.187, 5.606, 4.28, 3.49, 2.35, 1.85, 1.63, 1.68, 1.57, 1.31, 1.3, 1.54, 1.73, 1.94, 2.18, 2.17, 1.99, 2.2, 1.96, 2.65, 3.12, 3.64, 4.91, 6.15, 6.82, 6.92, 6.98, 6.75, 6.712, 6.45, 6.066, 5.23, 4.98, 5.26, 5.45, 5.15, 4.43, 4.09, 3.97, 3.96, 4.49, 4.63, 4.3, 4.28, 4.48, 4.78, 4.55], [1.35, 0, 1.36, 1.61, 1.74, 1.78, 2.01, 2.28, 2.14, 1.8, 1.79, 1.86, 1.65, 1.46, 2.409, 5.952, 8.51, 8.288, 7.829, 7.228, 6.409, 5.833, 6.751, 6.786, 6.028, 5.955, 7.092, 6.799, 6.492, 6.982, 7.195, 7.238, 6.905, 6.812, 6.407, 5.671, 5.924, 6.829, 6.861, 6.094, 4.57, 3.63, 2.88, 2.18, 1.86, 1.9, 2.39, 2.26, 1.82, 1.63, 1.87, 1.8, 1.77, 2.03, 2.02, 1.76, 2.31, 2.75, 3.76, 4.25, 4.77, 6.06, 7.36, 8.01, 8.05, 8.07, 7.86, 7.896, 7.642, 7.218, 6.352, 6.143, 6.29, 6.44, 6.328, 5.54, 5.26, 5.153, 5.17, 5.7, 5.7, 5.37, 5.31, 5.55, 5.807, 5.637], [1.79, 1.36, 0, 1.05, 0.94, 1.54, 2.19, 2.28, 2.14, 1.74, 1.83, 2.0, 1.71, 1.82, 2.97, 6.123, 8.087, 8.069, 7.753, 6.897, 6.064, 5.552, 6.393, 6.605, 5.972, 5.779, 6.902, 6.82, 6.419, 6.723, 6.879, 6.996, 6.629, 6.522, 6.146, 5.33, 5.609, 6.55, 6.57, 5.856, 4.31, 3.55, 2.86, 2.04, 2.32, 2.58, 2.91, 2.76, 2.34, 2.15, 2.31, 2.36, 2.47, 2.69, 2.7, 2.56, 2.79, 3.11, 4.14, 4.65, 5.15, 6.465, 7.774, 8.424, 8.479, 8.479, 8.288, 8.316, 8.079, 7.647, 6.774, 6.492, 6.655, 6.925, 6.759, 5.965, 5.682, 5.522, 5.552, 6.117, 6.109, 5.704, 5.719, 5.893, 6.216, 6.026], [1.44, 1.61, 1.05, 0, 1.03, 0.99, 1.74, 1.81, 1.77, 1.49, 1.64, 1.73, 1.5, 1.61, 2.733, 6.107, 8.448, 8.292, 7.877, 7.209, 6.359, 5.806, 6.696, 6.805, 6.061, 5.954, 7.106, 6.913, 6.476, 6.938, 7.173, 7.248, 6.906, 6.819, 6.36, 5.633, 5.894, 6.797, 6.825, 6.14, 4.76, 3.9, 3.17, 2.15, 2.25, 2.63, 2.8, 2.67, 2.37, 2.34, 2.52, 2.43, 2.48, 2.64, 2.73, 2.61, 2.92, 2.98, 3.73, 4.22, 4.72, 6.046, 7.324, 8.0, 8.029, 8.109, 7.899, 7.866, 7.641, 7.22, 6.319, 6.117, 6.197, 6.347, 6.321, 5.547, 5.264, 5.104, 5.129, 5.667, 5.759, 5.383, 5.369, 5.537, 5.749, 5.55], [2.03, 1.74, 0.94, 1.03, 0, 1.18, 1.99, 2.12, 2.08, 1.8, 1.85, 1.94, 1.73, 1.88, 2.71, 5.94, 7.867, 7.825, 7.515, 6.688, 5.815, 5.288, 6.172, 6.321, 5.691, 5.498, 6.678, 6.543, 6.158, 6.5, 6.635, 6.772, 6.385, 6.258, 5.865, 5.075, 5.325, 6.306, 6.343, 5.656, 4.27, 3.59, 2.88, 2.24, 2.6, 3.18, 3.37, 3.2, 2.8, 2.57, 2.67, 2.48, 2.59, 2.75, 2.8, 2.54, 2.83, 3.27, 4.28, 4.79, 5.29, 6.62, 7.894, 8.587, 8.633, 8.733, 8.523, 8.487, 8.208, 7.801, 6.88, 6.63, 6.79, 6.96, 6.891, 6.12, 5.84, 5.703, 5.693, 6.226, 6.388, 6.007, 5.996, 6.161, 6.341, 6.091], [1.57, 1.78, 1.54, 0.99, 1.18, 0, 1.15, 1.38, 1.52, 1.54, 1.65, 1.76, 1.61, 1.74, 2.75, 6.14, 8.641, 8.339, 7.998, 7.299, 6.531, 5.987, 6.916, 6.948, 6.213, 6.117, 7.303, 7.003, 6.663, 7.096, 7.306, 7.378, 6.959, 6.906, 6.538, 5.811, 6.061, 7.001, 7.0, 6.37, 5.15, 4.27, 3.52, 2.44, 2.34, 2.78, 2.85, 2.78, 2.5, 2.37, 2.51, 2.5, 2.53, 2.53, 2.64, 2.4, 2.47, 2.61, 3.52, 3.97, 4.47, 5.8, 7.146, 7.839, 7.884, 7.99, 7.774, 7.748, 7.418, 7.002, 6.141, 5.83, 5.984, 6.094, 6.094, 5.3, 5.02, 4.894, 4.924, 5.503, 5.655, 5.328, 5.279, 5.442, 5.684, 5.426], [1.64, 2.01, 2.19, 1.74, 1.99, 1.15, 0, 0.81, 1.31, 1.75, 1.8, 1.85, 1.9, 1.85, 3.1, 6.771, 9.371, 9.054, 8.63, 8.0, 7.25, 6.725, 7.646, 7.658, 6.86, 6.798, 7.986, 7.628, 7.393, 7.783, 8.018, 8.058, 7.66, 7.616, 7.268, 6.561, 6.774, 7.664, 7.693, 7.12, 6.04, 5.2, 4.45, 3.25, 2.67, 2.59, 2.62, 2.71, 2.41, 2.22, 2.32, 2.37, 2.56, 2.64, 2.67, 2.25, 2.12, 2.14, 2.81, 3.34, 3.82, 5.13, 6.45, 7.16, 7.233, 7.358, 7.102, 7.052, 6.722, 6.289, 5.462, 5.201, 5.401, 5.54, 5.385, 4.57, 4.27, 4.228, 4.238, 4.859, 4.997, 4.712, 4.626, 4.826, 5.106, 4.876], [1.79, 2.28, 2.28, 1.81, 2.12, 1.38, 0.81, 0, 1.12, 1.7, 1.83, 1.88, 1.89, 1.9, 3.31, 7.068, 9.618, 9.299, 8.88, 8.244, 7.48, 6.961, 7.893, 7.905, 7.11, 7.077, 8.248, 7.89, 7.563, 8.03, 8.263, 8.303, 7.904, 7.863, 7.515, 6.788, 7.021, 7.92, 7.923, 7.35, 6.37, 5.57, 4.84, 3.64, 3.14, 2.9, 2.87, 2.98, 2.7, 2.49, 2.73, 2.96, 3.23, 3.33, 3.34, 2.8, 2.61, 2.09, 2.6, 3.05, 3.51, 4.88, 6.197, 6.89, 6.963, 7.096, 6.84, 6.819, 6.469, 6.037, 5.273, 4.968, 5.177, 5.413, 5.117, 4.3, 4.04, 3.946, 3.996, 4.604, 4.707, 4.437, 4.39, 4.59, 4.888, 4.658], [1.69, 2.14, 2.14, 1.77, 2.08, 1.52, 1.31, 1.12, 0, 1.02, 1.23, 1.28, 1.55, 1.6, 2.99, 6.808, 9.413, 9.184, 8.72, 8.124, 7.329, 6.753, 7.654, 7.683, 6.922, 6.84, 7.992, 7.687, 7.386, 7.882, 8.094, 8.134, 7.804, 7.712, 7.31, 6.583, 6.833, 7.723, 7.754, 7.09, 6.19, 5.49, 4.76, 3.64, 3.06, 2.56, 2.33, 2.58, 2.48, 2.21, 2.65, 2.96, 3.25, 3.45, 3.44, 2.92, 2.79, 2.33, 3.04, 3.25, 3.73, 5.094, 6.397, 7.07, 7.128, 7.248, 7.018, 6.984, 6.7, 6.313, 5.556, 5.47, 5.735, 5.92, 5.474, 4.66, 4.38, 4.255, 4.225, 4.758, 4.815, 4.548, 4.47, 4.71, 5.05, 4.88], [1.77, 1.8, 1.74, 1.49, 1.8, 1.54, 1.75, 1.7, 1.02, 0, 0.57, 0.76, 1.17, 1.38, 2.35, 6.104, 8.696, 8.504, 8.04, 7.444, 6.649, 6.036, 6.923, 6.966, 6.242, 6.109, 7.252, 7.007, 6.689, 7.182, 7.394, 7.454, 7.124, 7.032, 6.579, 5.863, 6.116, 7.009, 7.074, 6.39, 5.59, 4.93, 4.3, 3.26, 2.68, 2.56, 2.59, 2.46, 2.38, 2.15, 2.59, 2.78, 2.97, 3.17, 3.2, 2.78, 2.99, 2.81, 3.76, 4.11, 4.63, 5.997, 7.299, 7.953, 8.014, 8.039, 7.803, 7.845, 7.58, 7.153, 6.393, 6.21, 6.412, 6.719, 6.311, 5.5, 5.26, 5.133, 5.118, 5.652, 5.644, 5.319, 5.293, 5.573, 5.79, 5.62], [1.88, 1.79, 1.83, 1.64, 1.85, 1.65, 1.8, 1.83, 1.23, 0.57, 0, 0.57, 1.06, 1.23, 2.14, 5.874, 8.466, 8.274, 7.813, 7.214, 6.419, 5.806, 6.704, 6.736, 6.012, 5.899, 7.042, 6.777, 6.459, 6.952, 7.164, 7.224, 6.894, 6.802, 6.369, 5.633, 5.886, 6.779, 6.844, 6.32, 5.58, 4.94, 4.29, 3.29, 2.71, 2.55, 2.7, 2.55, 2.41, 2.16, 2.6, 2.69, 2.86, 3.14, 3.11, 2.71, 2.92, 2.92, 3.85, 4.28, 4.78, 6.182, 7.492, 8.152, 8.244, 8.235, 8.045, 8.032, 7.778, 7.351, 6.566, 6.38, 6.622, 6.926, 6.543, 5.73, 5.41, 5.326, 5.318, 5.868, 5.84, 5.49, 5.501, 5.709, 6.018, 5.81], [2.03, 1.86, 2.0, 1.73, 1.94, 1.76, 1.85, 1.88, 1.28, 0.76, 0.57, 0, 0.77, 1.08, 2.09, 5.944, 8.516, 8.324, 7.86, 7.264, 6.469, 5.856, 6.723, 6.786, 6.062, 5.929, 7.052, 6.827, 6.509, 7.002, 7.214, 7.274, 6.944, 6.852, 6.399, 5.683, 5.936, 6.829, 6.934, 6.43, 5.69, 4.99, 4.32, 3.36, 2.82, 2.52, 2.61, 2.56, 2.42, 2.29, 2.87, 2.82, 2.91, 3.17, 3.16, 2.92, 3.15, 3.15, 3.96, 4.31, 4.83, 6.197, 7.479, 8.162, 8.225, 8.265, 8.055, 8.062, 7.786, 7.358, 6.633, 6.41, 6.612, 6.94, 6.531, 5.74, 5.46, 5.35, 5.368, 5.878, 5.847, 5.497, 5.539, 5.799, 6.05, 5.84], [2.057, 1.65, 1.71, 1.5, 1.73, 1.61, 1.9, 1.89, 1.55, 1.17, 1.06, 0.77, 0, 0.75, 1.92, 5.615, 8.123, 7.932, 7.467, 6.892, 6.09, 5.48, 6.31, 6.393, 5.669, 5.536, 6.659, 6.454, 6.116, 6.609, 6.822, 6.882, 6.552, 6.459, 6.006, 5.29, 5.543, 6.436, 6.542, 6.04, 5.18, 4.48, 3.79, 2.89, 2.67, 2.53, 2.86, 2.89, 2.53, 2.54, 2.92, 2.83, 2.72, 3.02, 3.05, 2.85, 3.16, 3.38, 4.09, 4.66, 5.14, 6.507, 7.806, 8.466, 8.529, 8.578, 8.313, 8.335, 8.107, 7.68, 6.868, 6.568, 6.748, 7.06, 6.818, 5.958, 5.735, 5.622, 5.654, 6.159, 6.185, 5.875, 5.772, 6.049, 6.266, 6.053], [1.964, 1.46, 1.82, 1.61, 1.88, 1.74, 1.85, 1.9, 1.6, 1.38, 1.23, 1.08, 0.75, 0, 1.53, 5.385, 7.933, 7.744, 7.32, 6.704, 5.9, 5.29, 6.12, 6.214, 5.487, 5.346, 6.489, 6.267, 5.937, 6.419, 6.632, 6.694, 6.362, 6.269, 5.816, 5.1, 5.353, 6.257, 6.357, 5.87, 4.97, 4.27, 3.56, 2.78, 2.54, 2.44, 2.91, 2.92, 2.48, 2.57, 2.73, 2.68, 2.49, 2.85, 2.78, 2.58, 3.05, 3.37, 4.18, 4.71, 5.21, 6.602, 7.885, 8.561, 8.644, 8.747, 8.497, 8.445, 8.214, 7.767, 6.909, 6.768, 6.934, 7.09, 6.917, 6.057, 5.794, 5.714, 5.725, 6.258, 6.32, 5.962, 5.928, 6.097, 6.365, 6.163], [3.293, 2.409, 2.97, 2.733, 2.71, 2.75, 3.1, 3.31, 2.99, 2.35, 2.14, 2.09, 1.92, 1.53, 0, 4.04, 6.56, 6.389, 5.927, 5.34, 4.51, 3.96, 4.827, 4.85, 4.16, 3.993, 5.156, 4.92, 4.67, 5.08, 5.259, 5.319, 4.989, 4.896, 4.443, 3.727, 3.98, 4.93, 5.03, 4.76, 4.38, 4.08, 3.63, 3.41, 3.19, 3.627, 4.237, 4.187, 3.75, 3.8, 3.86, 3.55, 3.22, 3.3, 3.19, 3.39, 3.96, 4.56, 5.49, 6.02, 6.54, 7.922, 9.224, 9.937, 10.01, 10.096, 9.839, 9.806, 9.556, 9.106, 8.225, 8.113, 8.202, 8.286, 8.233, 7.423, 7.15, 7.046, 7.056, 7.579, 7.728, 7.384, 7.307, 7.527, 7.672, 7.419], [7.078, 5.952, 6.123, 6.107, 5.94, 6.14, 6.771, 7.068, 6.808, 6.104, 5.874, 5.944, 5.615, 5.385, 4.04, 0, 2.7, 2.4, 2.19, 2.16, 1.65, 1.2, 1.29, 1.41, 1.04, 1.19, 1.37, 1.44, 1.61, 1.42, 1.47, 1.57, 1.38, 1.35, 1.7, 1.95, 1.44, 1.51, 1.87, 2.38, 4.08, 4.98, 5.33, 6.137, 6.802, 7.576, 8.195, 8.128, 7.61, 7.334, 7.209, 6.859, 6.8, 6.551, 6.518, 6.855, 7.219, 8.3, 9.373, 9.925, 10.432, 11.827, 13.147, 13.783, 13.849, 13.932, 13.719, 13.678, 13.459, 13.003, 12.134, 11.915, 12.044, 12.151, 12.11, 11.267, 11.024, 10.948, 10.929, 11.505, 11.574, 11.213, 11.178, 11.327, 11.624, 11.422], [9.603, 8.51, 8.087, 8.448, 7.867, 8.641, 9.371, 9.618, 9.413, 8.696, 8.466, 8.516, 8.123, 7.933, 6.56, 2.7, 0, 1.36, 1.29, 1.46, 2.23, 2.7, 1.89, 1.77, 2.54, 2.61, 1.59, 2.1, 2.19, 1.78, 1.65, 1.87, 2.26, 2.19, 2.42, 2.99, 2.64, 1.73, 1.77, 2.64, 4.36, 5.86, 6.713, 8.284, 9.358, 10.13, 10.757, 10.69, 10.196, 9.963, 9.86, 9.504, 9.357, 9.162, 9.112, 9.481, 9.845, 10.905, 11.984, 12.531, 13.025, 14.415, 15.729, 16.385, 16.451, 16.554, 16.344, 16.306, 16.047, 15.611, 14.716, 14.462, 14.602, 14.661, 14.72, 13.884, 13.624, 13.495, 13.508, 14.07, 14.17, 13.786, 13.78, 13.931, 14.163, 13.933], [9.392, 8.288, 8.069, 8.292, 7.825, 8.339, 9.054, 9.299, 9.184, 8.504, 8.274, 8.324, 7.932, 7.744, 6.389, 2.4, 1.36, 0, 1.03, 1.82, 2.41, 2.72, 2.07, 1.77, 2.36, 2.59, 1.53, 1.96, 2.11, 1.66, 1.57, 1.65, 1.96, 1.95, 2.32, 3.19, 2.66, 1.87, 1.95, 2.9, 4.98, 6.02, 6.82, 8.163, 9.179, 9.956, 10.583, 10.516, 10.01, 9.734, 9.609, 9.259, 9.1, 8.848, 8.798, 9.153, 9.517, 10.6, 11.733, 12.206, 12.712, 14.107, 15.467, 16.143, 16.209, 16.32, 16.108, 16.075, 15.739, 15.3, 14.459, 14.157, 14.292, 14.396, 14.407, 13.564, 13.304, 13.188, 13.238, 13.833, 13.945, 13.592, 13.563, 13.706, 13.989, 13.759], [8.957, 7.829, 7.753, 7.877, 7.515, 7.998, 8.63, 8.88, 8.72, 8.04, 7.813, 7.86, 7.467, 7.32, 5.927, 2.19, 1.29, 1.03, 0, 1.33, 1.96, 2.41, 2.0, 1.6, 1.99, 2.3, 1.38, 1.87, 2.12, 1.59, 1.5, 1.48, 1.73, 1.7, 2.03, 2.82, 2.33, 1.72, 1.56, 2.31, 4.33, 5.6, 6.453, 7.787, 8.726, 9.507, 10.134, 10.067, 9.555, 9.27, 9.17, 8.817, 8.642, 8.413, 8.363, 8.72, 9.084, 10.15, 11.28, 11.784, 12.29, 13.689, 15.023, 15.711, 15.777, 15.891, 15.666, 15.64, 15.315, 14.885, 14.021, 13.733, 13.862, 13.966, 13.983, 13.128, 12.883, 12.781, 12.814, 13.381, 13.518, 13.177, 13.111, 13.311, 13.54, 13.31], [8.332, 7.228, 6.897, 7.209, 6.688, 7.299, 8.0, 8.244, 8.124, 7.444, 7.214, 7.264, 6.892, 6.704, 5.34, 2.16, 1.46, 1.82, 1.33, 0, 1.09, 1.78, 1.77, 1.35, 1.74, 1.93, 1.53, 1.96, 2.05, 1.84, 1.55, 1.67, 1.74, 1.63, 1.74, 2.19, 1.74, 1.67, 1.37, 2.02, 3.48, 4.68, 5.576, 7.042, 8.119, 8.896, 9.523, 9.456, 8.95, 8.674, 8.532, 8.182, 8.04, 7.788, 7.738, 8.09, 8.454, 9.52, 10.656, 11.149, 11.672, 13.067, 14.39, 15.066, 15.132, 15.243, 15.03, 14.998, 14.682, 14.24, 13.382, 13.097, 13.232, 13.313, 13.347, 12.502, 12.244, 12.13, 12.16, 12.773, 12.868, 12.532, 12.503, 12.646, 12.929, 12.699], [7.49, 6.409, 6.064, 6.359, 5.815, 6.531, 7.25, 7.48, 7.329, 6.649, 6.419, 6.469, 6.09, 5.9, 4.51, 1.65, 2.23, 2.41, 1.96, 1.09, 0, 0.97, 1.34, 1.18, 1.25, 1.36, 1.52, 2.03, 2.1, 1.93, 1.6, 1.6, 1.49, 1.34, 1.21, 1.46, 0.95, 1.42, 1.3, 1.77, 3.11, 4.07, 4.798, 6.195, 7.283, 8.06, 8.696, 8.629, 8.126, 7.859, 7.756, 7.386, 7.241, 7.027, 6.977, 7.354, 7.71, 8.77, 9.88, 10.404, 10.887, 12.294, 13.588, 14.264, 14.33, 14.442, 14.226, 14.196, 13.909, 13.473, 12.578, 12.327, 12.464, 12.548, 12.582, 11.746, 11.503, 11.383, 11.39, 11.938, 12.075, 11.702, 11.688, 11.85, 12.102, 11.863], [6.952, 5.833, 5.552, 5.806, 5.288, 5.987, 6.725, 6.961, 6.753, 6.036, 5.806, 5.856, 5.48, 5.29, 3.96, 1.2, 2.7, 2.72, 2.41, 1.78, 0.97, 0, 1.15, 1.25, 1.08, 0.87, 1.55, 1.94, 1.81, 1.74, 1.61, 1.77, 1.42, 1.29, 1.22, 1.27, 0.68, 1.49, 1.73, 2.18, 3.26, 4.16, 4.53, 5.662, 6.667, 7.442, 8.08, 8.013, 7.513, 7.283, 7.18, 6.81, 6.694, 6.502, 6.472, 6.835, 7.2, 8.26, 9.344, 9.885, 10.368, 11.775, 13.07, 13.726, 13.771, 13.86, 13.647, 13.614, 13.384, 12.945, 12.059, 11.799, 11.937, 12.029, 12.055, 11.227, 10.978, 10.852, 10.86, 11.419, 11.493, 11.126, 11.109, 11.269, 11.486, 11.284], [7.887, 6.751, 6.393, 6.696, 6.172, 6.916, 7.646, 7.893, 7.654, 6.923, 6.704, 6.723, 6.31, 6.12, 4.827, 1.29, 1.89, 2.07, 2.0, 1.77, 1.34, 1.15, 0, 1.02, 1.31, 1.24, 0.9, 1.33, 1.5, 1.13, 1.04, 1.36, 1.49, 1.36, 1.73, 1.88, 1.33, 1.2, 1.46, 2.35, 3.85, 4.83, 5.46, 6.651, 7.62, 8.326, 8.953, 8.886, 8.403, 8.204, 8.101, 7.742, 7.641, 7.443, 7.393, 7.765, 8.129, 9.189, 10.262, 10.815, 11.3, 12.69, 14.005, 14.661, 14.707, 14.798, 14.582, 14.55, 14.322, 13.883, 12.991, 12.735, 12.875, 12.962, 12.993, 12.159, 11.899, 11.771, 11.781, 12.354, 12.42, 12.036, 12.027, 12.19, 12.399, 12.189], [7.91, 6.786, 6.605, 6.805, 6.321, 6.948, 7.658, 7.905, 7.683, 6.966, 6.736, 6.786, 6.393, 6.214, 4.85, 1.41, 1.77, 1.77, 1.6, 1.35, 1.18, 1.25, 1.02, 0, 1.17, 1.18, 0.84, 1.27, 1.22, 1.25, 1.1, 1.34, 1.37, 1.24, 1.35, 1.88, 1.27, 1.5, 1.74, 2.45, 3.99, 4.87, 5.38, 6.677, 7.64, 8.417, 9.044, 8.977, 8.471, 8.233, 8.13, 7.774, 7.65, 7.449, 7.399, 7.768, 8.132, 9.192, 10.274, 10.818, 11.321, 12.717, 14.02, 14.676, 14.721, 14.842, 14.62, 14.587, 14.34, 13.898, 13.012, 12.755, 12.889, 12.994, 13.008, 12.171, 11.911, 11.788, 11.801, 12.372, 12.466, 12.082, 12.062, 12.236, 12.45, 12.24], [7.147, 6.028, 5.972, 6.061, 5.691, 6.213, 6.86, 7.11, 6.922, 6.242, 6.012, 6.062, 5.669, 5.487, 4.16, 1.04, 2.54, 2.36, 1.99, 1.74, 1.25, 1.08, 1.31, 1.17, 0, 0.93, 1.43, 1.22, 1.33, 1.3, 1.27, 1.33, 1.24, 1.19, 1.38, 1.65, 1.22, 1.43, 1.75, 2.38, 3.94, 4.84, 5.29, 6.068, 6.959, 7.705, 8.332, 8.265, 7.753, 7.472, 7.366, 7.016, 6.889, 6.697, 6.667, 6.964, 7.328, 8.397, 9.49, 10.014, 10.517, 11.916, 13.221, 13.906, 13.972, 14.086, 13.865, 13.838, 13.548, 13.115, 12.219, 11.966, 12.097, 12.224, 12.216, 11.373, 11.113, 11.008, 11.029, 11.579, 11.714, 11.324, 11.309, 11.478, 11.743, 11.508], [7.059, 5.955, 5.779, 5.954, 5.498, 6.117, 6.798, 7.077, 6.84, 6.109, 5.899, 5.929, 5.536, 5.346, 3.993, 1.19, 2.61, 2.59, 2.3, 1.93, 1.36, 0.87, 1.24, 1.18, 0.93, 0, 1.36, 1.71, 1.42, 1.47, 1.48, 1.62, 1.41, 1.38, 1.29, 1.34, 0.89, 1.62, 2.06, 2.55, 3.87, 4.67, 5.08, 5.932, 6.788, 7.563, 8.184, 8.117, 7.608, 7.39, 7.307, 6.957, 6.798, 6.624, 6.594, 6.911, 7.275, 8.335, 9.411, 9.961, 10.452, 11.842, 13.157, 13.815, 13.881, 13.99, 13.774, 13.742, 13.474, 13.041, 12.143, 11.909, 12.032, 12.16, 12.151, 11.311, 11.051, 10.922, 10.953, 11.5, 11.623, 11.228, 11.213, 11.382, 11.608, 11.366], [8.253, 7.092, 6.902, 7.106, 6.678, 7.303, 7.986, 8.248, 7.992, 7.252, 7.042, 7.052, 6.659, 6.489, 5.156, 1.37, 1.59, 1.53, 1.38, 1.53, 1.52, 1.55, 0.9, 0.84, 1.43, 1.36, 0, 1.23, 1.42, 1.15, 0.98, 1.24, 1.37, 1.28, 1.55, 2.18, 1.59, 1.28, 1.5, 2.37, 4.05, 5.03, 5.66, 7.005, 7.926, 8.683, 9.31, 9.243, 8.734, 8.542, 8.424, 8.094, 8.004, 7.783, 7.733, 8.102, 8.466, 9.526, 10.599, 11.152, 11.655, 13.048, 14.351, 15.007, 15.061, 15.133, 14.917, 14.907, 14.68, 14.232, 13.34, 13.086, 13.224, 13.331, 13.342, 12.499, 12.239, 12.134, 12.138, 12.717, 12.757, 12.382, 12.37, 12.519, 12.765, 12.546], [7.913, 6.799, 6.82, 6.913, 6.543, 7.003, 7.628, 7.89, 7.687, 7.007, 6.777, 6.827, 6.454, 6.267, 4.92, 1.44, 2.1, 1.96, 1.87, 1.96, 2.03, 1.94, 1.33, 1.27, 1.22, 1.71, 1.23, 0, 1.07, 1.04, 1.19, 1.35, 1.58, 1.59, 2.28, 2.73, 2.14, 1.69, 2.13, 3.02, 4.9, 5.84, 6.21, 6.928, 7.704, 8.474, 9.101, 9.034, 8.519, 8.237, 8.126, 7.776, 7.654, 7.477, 7.427, 7.724, 8.088, 9.16, 10.25, 10.792, 11.294, 12.693, 13.987, 14.666, 14.732, 14.858, 14.63, 14.604, 14.313, 13.875, 12.985, 12.74, 12.863, 13.016, 12.976, 12.133, 11.873, 11.77, 11.792, 12.345, 12.485, 12.127, 12.075, 12.261, 12.512, 12.28], [7.602, 6.492, 6.419, 6.476, 6.158, 6.663, 7.393, 7.563, 7.386, 6.689, 6.459, 6.509, 6.116, 5.937, 4.67, 1.61, 2.19, 2.11, 2.12, 2.05, 2.1, 1.81, 1.5, 1.22, 1.33, 1.42, 1.42, 1.07, 0, 0.93, 1.24, 1.36, 1.51, 1.48, 2.03, 2.42, 1.93, 1.98, 2.46, 3.31, 5.01, 5.85, 6.22, 6.7, 7.446, 8.149, 8.776, 8.709, 8.197, 7.936, 7.833, 7.64, 7.39, 7.27, 7.34, 7.457, 7.83, 8.841, 9.957, 10.467, 10.97, 12.368, 13.686, 14.373, 14.439, 14.55, 14.329, 14.299, 13.995, 13.565, 12.68, 12.413, 12.544, 12.708, 12.666, 11.823, 11.563, 11.458, 11.462, 12.04, 12.178, 11.791, 11.77, 11.945, 12.185, 11.955], [8.086, 6.982, 6.723, 6.938, 6.5, 7.096, 7.783, 8.03, 7.882, 7.182, 6.952, 7.002, 6.609, 6.419, 5.08, 1.42, 1.78, 1.66, 1.59, 1.84, 1.93, 1.74, 1.13, 1.25, 1.3, 1.47, 1.15, 1.04, 0.93, 0, 0.73, 0.97, 1.06, 1.05, 1.74, 2.27, 1.88, 1.75, 2.07, 3.08, 4.72, 5.7, 6.13, 6.945, 7.879, 8.624, 9.252, 9.184, 8.684, 8.432, 8.323, 7.973, 7.774, 7.603, 7.593, 7.89, 8.254, 9.314, 10.447, 10.94, 11.443, 12.836, 14.178, 14.854, 14.92, 15.026, 14.816, 14.78, 14.468, 14.029, 13.168, 12.883, 13.02, 13.127, 13.138, 12.296, 12.036, 11.916, 11.946, 12.525, 12.647, 12.263, 12.255, 12.409, 12.657, 12.427], [8.29, 7.195, 6.879, 7.173, 6.635, 7.306, 8.018, 8.263, 8.094, 7.394, 7.164, 7.214, 6.822, 6.632, 5.259, 1.47, 1.65, 1.57, 1.5, 1.55, 1.6, 1.61, 1.04, 1.1, 1.27, 1.48, 0.98, 1.19, 1.24, 0.73, 0, 0.56, 0.81, 0.82, 1.45, 2.16, 1.75, 1.5, 1.78, 2.75, 4.43, 5.31, 5.9, 7.072, 8.063, 8.84, 9.467, 9.4, 8.897, 8.644, 8.533, 8.183, 8.007, 7.807, 7.757, 8.117, 8.481, 9.541, 10.657, 11.167, 11.682, 13.074, 14.391, 15.067, 15.133, 15.239, 15.029, 14.993, 14.698, 14.259, 13.38, 13.113, 13.25, 13.34, 13.366, 12.523, 12.263, 12.146, 12.159, 12.738, 12.863, 12.496, 12.468, 12.63, 12.873, 12.643], [8.357, 7.238, 6.996, 7.248, 6.772, 7.378, 8.058, 8.303, 8.134, 7.454, 7.224, 7.274, 6.882, 6.694, 5.319, 1.57, 1.87, 1.65, 1.48, 1.67, 1.6, 1.77, 1.36, 1.34, 1.33, 1.62, 1.24, 1.35, 1.36, 0.97, 0.56, 0, 0.73, 0.8, 1.41, 2.26, 1.87, 1.52, 1.82, 2.77, 4.53, 5.37, 5.978, 7.1, 8.135, 8.915, 9.542, 9.475, 8.966, 8.684, 8.576, 8.226, 8.07, 7.85, 7.8, 8.157, 8.521, 9.587, 10.7, 11.207, 11.722, 13.117, 14.434, 15.11, 15.176, 15.293, 15.075, 15.048, 14.74, 14.302, 13.432, 13.159, 13.293, 13.386, 13.408, 12.566, 12.306, 12.195, 12.219, 12.789, 12.921, 12.551, 12.519, 12.685, 12.948, 12.718], [8.009, 6.905, 6.629, 6.906, 6.385, 6.959, 7.66, 7.904, 7.804, 7.124, 6.894, 6.944, 6.552, 6.362, 4.989, 1.38, 2.26, 1.96, 1.73, 1.74, 1.49, 1.42, 1.49, 1.37, 1.24, 1.41, 1.37, 1.58, 1.51, 1.06, 0.81, 0.73, 0, 0.67, 1.12, 1.87, 1.56, 1.79, 2.03, 2.74, 4.38, 5.2, 5.65, 6.782, 7.796, 8.573, 9.2, 9.133, 8.627, 8.354, 8.212, 7.862, 7.717, 7.451, 7.401, 7.753, 8.117, 9.2, 10.336, 10.809, 11.332, 12.724, 14.07, 14.746, 14.812, 14.92, 14.708, 14.675, 14.339, 13.903, 13.059, 12.757, 12.895, 12.985, 13.01, 12.164, 11.907, 11.788, 11.838, 12.45, 12.545, 12.209, 12.18, 12.323, 12.606, 12.376], [7.91, 6.812, 6.522, 6.819, 6.258, 6.906, 7.616, 7.863, 7.712, 7.032, 6.802, 6.852, 6.459, 6.269, 4.896, 1.35, 2.19, 1.95, 1.7, 1.63, 1.34, 1.29, 1.36, 1.24, 1.19, 1.38, 1.28, 1.59, 1.48, 1.05, 0.82, 0.8, 0.67, 0, 0.97, 1.78, 1.43, 1.8, 2.02, 2.71, 4.17, 5.09, 5.5, 6.652, 7.703, 8.477, 9.104, 9.037, 8.534, 8.262, 8.156, 7.806, 7.624, 7.412, 7.363, 7.72, 8.084, 9.147, 10.28, 10.77, 11.273, 12.666, 14.011, 14.687, 14.753, 14.862, 14.649, 14.616, 14.298, 13.862, 13.0, 12.716, 12.853, 12.955, 12.971, 12.128, 11.868, 11.746, 11.779, 12.358, 12.483, 12.096, 12.088, 12.245, 12.51, 12.28], [7.506, 6.407, 6.146, 6.36, 5.865, 6.538, 7.268, 7.515, 7.31, 6.579, 6.369, 6.399, 6.006, 5.816, 4.443, 1.7, 2.42, 2.32, 2.03, 1.74, 1.21, 1.22, 1.73, 1.35, 1.38, 1.29, 1.55, 2.28, 2.03, 1.74, 1.45, 1.41, 1.12, 0.97, 0, 1.13, 1.2, 1.87, 2.19, 2.46, 3.54, 4.32, 4.97, 6.28, 7.247, 8.022, 8.649, 8.582, 8.078, 7.86, 7.757, 7.404, 7.268, 7.062, 7.012, 7.381, 7.745, 8.805, 9.881, 10.431, 10.922, 12.312, 13.627, 14.285, 14.351, 14.46, 14.244, 14.212, 13.944, 13.511, 12.613, 12.362, 12.502, 12.592, 12.621, 11.781, 11.521, 11.392, 11.411, 11.97, 12.082, 11.692, 11.683, 11.846, 12.054, 11.824], [6.761, 5.671, 5.33, 5.633, 5.075, 5.811, 6.561, 6.788, 6.583, 5.863, 5.633, 5.683, 5.29, 5.1, 3.727, 1.95, 2.99, 3.19, 2.82, 2.19, 1.46, 1.27, 1.88, 1.88, 1.65, 1.34, 2.18, 2.73, 2.42, 2.27, 2.16, 2.26, 1.87, 1.78, 1.13, 0, 1.11, 2.08, 2.34, 2.55, 3.29, 3.85, 4.44, 5.58, 6.516, 7.285, 7.912, 7.845, 7.36, 7.133, 7.03, 6.68, 6.544, 6.358, 6.308, 6.651, 7.015, 8.075, 9.154, 9.701, 10.195, 11.585, 12.891, 13.549, 13.612, 13.715, 13.505, 13.464, 13.202, 12.775, 11.874, 11.623, 11.766, 11.871, 11.885, 11.054, 10.794, 10.657, 10.672, 11.225, 11.331, 10.941, 10.938, 11.095, 11.318, 11.088], [7.023, 5.924, 5.609, 5.894, 5.325, 6.061, 6.774, 7.021, 6.833, 6.116, 5.886, 5.936, 5.543, 5.353, 3.98, 1.44, 2.64, 2.66, 2.33, 1.74, 0.95, 0.68, 1.33, 1.27, 1.22, 0.89, 1.59, 2.14, 1.93, 1.88, 1.75, 1.87, 1.56, 1.43, 1.2, 1.11, 0, 1.53, 1.59, 2.1, 3.24, 4.1, 4.53, 5.819, 6.778, 7.556, 8.183, 8.116, 7.61, 7.383, 7.28, 6.93, 6.751, 6.571, 6.521, 6.884, 7.248, 8.308, 9.404, 9.934, 10.428, 11.818, 13.124, 13.799, 13.865, 13.98, 13.758, 13.726, 13.444, 13.008, 12.11, 11.859, 11.999, 12.087, 12.118, 11.287, 11.027, 10.892, 10.905, 11.47, 11.604, 11.218, 11.2, 11.372, 11.589, 11.359], [7.939, 6.829, 6.55, 6.797, 6.306, 7.001, 7.664, 7.92, 7.723, 7.009, 6.779, 6.829, 6.436, 6.257, 4.93, 1.51, 1.73, 1.87, 1.72, 1.67, 1.42, 1.49, 1.2, 1.5, 1.43, 1.62, 1.28, 1.69, 1.98, 1.75, 1.5, 1.52, 1.79, 1.8, 1.87, 2.08, 1.53, 0, 0.94, 1.63, 3.45, 4.47, 5.32, 6.661, 7.689, 8.469, 9.096, 9.029, 8.517, 8.273, 8.17, 7.82, 7.667, 7.458, 7.408, 7.774, 8.138, 9.198, 10.294, 10.824, 11.327, 12.726, 14.023, 14.71, 14.776, 14.888, 14.666, 14.636, 14.349, 13.919, 13.018, 12.767, 12.898, 13.015, 13.02, 12.177, 11.917, 11.815, 11.816, 12.378, 12.515, 12.131, 12.108, 12.285, 12.505, 12.275], [7.965, 6.861, 6.57, 6.825, 6.343, 7.0, 7.693, 7.923, 7.754, 7.074, 6.844, 6.934, 6.542, 6.357, 5.03, 1.87, 1.77, 1.95, 1.56, 1.37, 1.3, 1.73, 1.46, 1.74, 1.75, 2.06, 1.5, 2.13, 2.46, 2.07, 1.78, 1.82, 2.03, 2.02, 2.19, 2.34, 1.59, 0.94, 0, 1.17, 3.11, 4.33, 5.226, 6.704, 7.735, 8.512, 9.139, 9.072, 8.563, 8.304, 8.193, 7.843, 7.673, 7.467, 7.417, 7.777, 8.141, 9.201, 10.317, 10.827, 11.342, 12.74, 14.051, 14.733, 14.799, 14.91, 14.695, 14.665, 14.363, 13.925, 13.046, 12.779, 12.91, 12.998, 13.026, 12.183, 11.923, 11.818, 11.825, 12.409, 12.535, 12.168, 12.139, 12.302, 12.545, 12.315], [7.187, 6.094, 5.856, 6.14, 5.656, 6.37, 7.12, 7.35, 7.09, 6.39, 6.32, 6.43, 6.04, 5.87, 4.76, 2.38, 2.64, 2.9, 2.31, 2.02, 1.77, 2.18, 2.35, 2.45, 2.38, 2.55, 2.37, 3.02, 3.31, 3.08, 2.75, 2.77, 2.74, 2.71, 2.46, 2.55, 2.1, 1.63, 1.17, 0, 2.34, 3.54, 4.496, 5.931, 6.908, 7.688, 8.315, 8.253, 7.736, 7.517, 7.397, 7.047, 6.926, 6.725, 6.675, 7.061, 7.42, 8.46, 9.561, 10.111, 10.634, 11.993, 13.276, 13.937, 14.003, 14.132, 13.902, 13.872, 13.61, 13.163, 12.27, 12.02, 12.151, 12.259, 12.264, 11.421, 11.161, 11.062, 11.072, 11.651, 11.785, 11.401, 11.352, 11.535, 11.724, 11.494], [5.606, 4.57, 4.31, 4.76, 4.27, 5.15, 6.04, 6.37, 6.19, 5.59, 5.58, 5.69, 5.18, 4.97, 4.38, 4.08, 4.36, 4.98, 4.33, 3.48, 3.11, 3.26, 3.85, 3.99, 3.94, 3.87, 4.05, 4.9, 5.01, 4.72, 4.43, 4.53, 4.38, 4.17, 3.54, 3.29, 3.24, 3.45, 3.11, 2.34, 0, 1.7, 2.57, 4.158, 5.193, 5.978, 6.603, 6.553, 6.073, 5.88, 5.777, 5.407, 5.268, 5.108, 5.058, 5.51, 5.92, 6.96, 8.01, 8.54, 9.06, 10.37, 11.638, 12.323, 12.368, 12.448, 12.218, 12.16, 11.958, 11.542, 10.618, 10.371, 10.534, 10.541, 10.609, 9.847, 9.564, 9.461, 9.474, 10.007, 10.093, 9.717, 9.708, 9.871, 10.031, 9.821], [4.28, 3.63, 3.55, 3.9, 3.59, 4.27, 5.2, 5.57, 5.49, 4.93, 4.94, 4.99, 4.48, 4.27, 4.08, 4.98, 5.86, 6.02, 5.6, 4.68, 4.07, 4.16, 4.83, 4.87, 4.84, 4.67, 5.03, 5.84, 5.85, 5.7, 5.31, 5.37, 5.2, 5.09, 4.32, 3.85, 4.1, 4.47, 4.33, 3.54, 1.7, 0, 1.05, 2.61, 3.63, 4.402, 5.06, 5.002, 4.51, 4.36, 4.22, 3.85, 3.74, 3.58, 3.53, 4.11, 4.5, 5.46, 6.51, 7.0, 7.54, 8.79, 10.07, 10.76, 10.823, 10.903, 10.653, 10.583, 10.404, 9.943, 9.027, 8.765, 8.934, 8.964, 9.047, 8.307, 8.004, 7.904, 7.934, 8.49, 8.513, 8.157, 8.12, 8.26, 8.452, 8.262], [3.49, 2.88, 2.86, 3.17, 2.88, 3.52, 4.45, 4.84, 4.76, 4.3, 4.29, 4.32, 3.79, 3.56, 3.63, 5.33, 6.713, 6.82, 6.453, 5.576, 4.798, 4.53, 5.46, 5.38, 5.29, 5.08, 5.66, 6.21, 6.22, 6.13, 5.9, 5.978, 5.65, 5.5, 4.97, 4.44, 4.53, 5.32, 5.226, 4.496, 2.57, 1.05, 0, 1.66, 2.72, 3.5, 4.13, 4.12, 3.64, 3.47, 3.37, 2.94, 2.83, 2.73, 2.68, 3.26, 3.67, 4.63, 5.72, 6.17, 6.71, 7.96, 9.18, 9.87, 9.936, 10.016, 9.766, 9.699, 9.514, 9.07, 8.152, 7.867, 8.027, 8.071, 8.157, 7.457, 7.14, 7.02, 7.09, 7.62, 7.646, 7.267, 7.23, 7.37, 7.57, 7.372], [2.35, 2.18, 2.04, 2.15, 2.24, 2.44, 3.25, 3.64, 3.64, 3.26, 3.29, 3.36, 2.89, 2.78, 3.41, 6.137, 8.284, 8.163, 7.787, 7.042, 6.195, 5.662, 6.651, 6.677, 6.068, 5.932, 7.005, 6.928, 6.7, 6.945, 7.072, 7.1, 6.782, 6.652, 6.28, 5.58, 5.819, 6.661, 6.704, 5.931, 4.158, 2.61, 1.66, 0, 1.2, 2.08, 2.63, 2.64, 2.34, 2.21, 2.31, 1.8, 1.57, 1.55, 1.68, 2.32, 2.69, 3.23, 4.26, 4.71, 5.25, 6.52, 7.7, 8.33, 8.39, 8.41, 8.16, 8.164, 7.968, 7.501, 6.617, 6.298, 6.458, 6.508, 6.588, 5.928, 5.64, 5.56, 5.63, 6.12, 6.072, 5.65, 5.65, 5.79, 6.07, 5.86], [1.85, 1.86, 2.32, 2.25, 2.6, 2.34, 2.67, 3.14, 3.06, 2.68, 2.71, 2.82, 2.67, 2.54, 3.19, 6.802, 9.358, 9.179, 8.726, 8.119, 7.283, 6.667, 7.62, 7.64, 6.959, 6.788, 7.926, 7.704, 7.446, 7.879, 8.063, 8.135, 7.796, 7.703, 7.247, 6.516, 6.778, 7.689, 7.735, 6.908, 5.193, 3.63, 2.72, 1.2, 0, 1.16, 1.63, 1.68, 1.52, 1.45, 1.59, 1.4, 1.11, 1.15, 1.34, 1.8, 2.09, 2.27, 3.24, 3.69, 4.23, 5.52, 6.72, 7.35, 7.47, 7.408, 7.178, 7.156, 6.962, 6.515, 5.65, 5.4, 5.637, 5.707, 5.582, 5.0, 4.64, 4.62, 4.65, 5.12, 5.06, 4.71, 4.67, 4.87, 5.03, 4.82], [1.63, 1.9, 2.58, 2.63, 3.18, 2.78, 2.59, 2.9, 2.56, 2.56, 2.55, 2.52, 2.53, 2.44, 3.627, 7.576, 10.13, 9.956, 9.507, 8.896, 8.06, 7.442, 8.326, 8.417, 7.705, 7.563, 8.683, 8.474, 8.149, 8.624, 8.84, 8.915, 8.573, 8.477, 8.022, 7.285, 7.556, 8.469, 8.512, 7.688, 5.978, 4.402, 3.5, 2.08, 1.16, 0, 0.87, 1.1, 1.18, 1.25, 1.65, 1.68, 1.47, 1.75, 1.78, 1.92, 2.13, 1.93, 2.74, 3.05, 3.55, 4.78, 6.04, 6.73, 6.87, 6.77, 6.52, 6.475, 6.305, 5.838, 5.093, 4.87, 5.23, 5.4, 4.96, 4.44, 4.06, 3.92, 3.99, 4.44, 4.38, 4.07, 4.01, 4.25, 4.47, 4.22], [1.68, 2.39, 2.91, 2.8, 3.37, 2.85, 2.62, 2.87, 2.33, 2.59, 2.7, 2.61, 2.86, 2.91, 4.237, 8.195, 10.757, 10.583, 10.134, 9.523, 8.696, 8.08, 8.953, 9.044, 8.332, 8.184, 9.31, 9.101, 8.776, 9.252, 9.467, 9.542, 9.2, 9.104, 8.649, 7.912, 8.183, 9.096, 9.139, 8.315, 6.603, 5.06, 4.13, 2.63, 1.63, 0.87, 0, 0.91, 1.17, 1.36, 1.74, 1.89, 1.74, 2.1, 2.11, 2.07, 2.28, 1.84, 2.45, 2.62, 2.96, 4.13, 5.43, 6.14, 6.36, 6.26, 5.99, 5.825, 5.657, 5.204, 4.546, 4.68, 5.02, 4.998, 4.39, 3.97, 3.65, 3.43, 3.44, 3.83, 3.79, 3.48, 3.4, 3.64, 4.0, 3.81], [1.57, 2.26, 2.76, 2.67, 3.2, 2.78, 2.71, 2.98, 2.58, 2.46, 2.55, 2.56, 2.89, 2.92, 4.187, 8.128, 10.69, 10.516, 10.067, 9.456, 8.629, 8.013, 8.886, 8.977, 8.265, 8.117, 9.243, 9.034, 8.709, 9.184, 9.4, 9.475, 9.133, 9.037, 8.582, 7.845, 8.116, 9.029, 9.072, 8.253, 6.553, 5.002, 4.12, 2.64, 1.68, 1.1, 0.91, 0, 0.82, 1.29, 1.45, 1.72, 1.61, 2.01, 1.98, 2.06, 2.21, 1.65, 2.3, 2.69, 3.13, 4.28, 5.7, 6.49, 6.69, 6.57, 6.32, 6.131, 5.801, 5.48, 4.913, 4.91, 5.21, 5.156, 4.66, 4.24, 3.82, 3.62, 3.63, 4.04, 3.92, 3.628, 3.69, 3.97, 4.29, 4.04], [1.31, 1.82, 2.34, 2.37, 2.8, 2.5, 2.41, 2.7, 2.48, 2.38, 2.41, 2.42, 2.53, 2.48, 3.75, 7.61, 10.196, 10.01, 9.555, 8.95, 8.126, 7.513, 8.403, 8.471, 7.753, 7.608, 8.734, 8.519, 8.197, 8.684, 8.897, 8.966, 8.627, 8.534, 8.078, 7.36, 7.61, 8.517, 8.563, 7.736, 6.073, 4.51, 3.64, 2.34, 1.52, 1.18, 1.17, 0.82, 0, 1.01, 1.21, 1.44, 1.43, 1.73, 1.7, 1.8, 2.03, 1.71, 2.44, 2.81, 3.27, 4.54, 6.02, 6.73, 6.95, 6.814, 6.544, 6.42, 6.145, 5.76, 5.233, 5.1, 5.46, 5.493, 4.94, 4.52, 4.06, 3.94, 3.87, 4.375, 4.313, 3.943, 4.01, 4.27, 4.63, 4.38], [1.3, 1.63, 2.15, 2.34, 2.57, 2.37, 2.22, 2.49, 2.21, 2.15, 2.16, 2.29, 2.54, 2.57, 3.8, 7.334, 9.963, 9.734, 9.27, 8.674, 7.859, 7.283, 8.204, 8.233, 7.472, 7.39, 8.542, 8.237, 7.936, 8.432, 8.644, 8.684, 8.354, 8.262, 7.86, 7.133, 7.383, 8.273, 8.304, 7.517, 5.88, 4.36, 3.47, 2.21, 1.45, 1.25, 1.36, 1.29, 1.01, 0, 0.82, 1.13, 1.56, 1.76, 1.83, 1.63, 1.62, 1.56, 2.61, 2.94, 3.5, 4.73, 5.99, 6.62, 6.721, 6.801, 6.531, 6.534, 6.241, 5.885, 5.126, 4.873, 5.199, 5.486, 5.01, 4.25, 3.91, 3.91, 3.958, 4.402, 4.342, 4.012, 4.02, 4.3, 4.68, 4.47], [1.54, 1.87, 2.31, 2.52, 2.67, 2.51, 2.32, 2.73, 2.65, 2.59, 2.6, 2.87, 2.92, 2.73, 3.86, 7.209, 9.86, 9.609, 9.17, 8.532, 7.756, 7.18, 8.101, 8.13, 7.366, 7.307, 8.424, 8.126, 7.833, 8.323, 8.533, 8.576, 8.212, 8.156, 7.757, 7.03, 7.28, 8.17, 8.193, 7.397, 5.777, 4.22, 3.37, 2.31, 1.59, 1.65, 1.74, 1.45, 1.21, 0.82, 0, 0.83, 1.42, 1.58, 1.71, 1.35, 1.28, 1.56, 2.49, 2.94, 3.52, 4.83, 6.05, 6.73, 6.838, 6.881, 6.591, 6.588, 6.337, 5.955, 5.127, 4.967, 5.287, 5.44, 5.037, 4.31, 3.95, 3.99, 3.96, 4.531, 4.471, 4.141, 4.16, 4.34, 4.76, 4.548], [1.73, 1.8, 2.36, 2.43, 2.48, 2.5, 2.37, 2.96, 2.96, 2.78, 2.69, 2.82, 2.83, 2.68, 3.55, 6.859, 9.504, 9.259, 8.817, 8.182, 7.386, 6.81, 7.742, 7.774, 7.016, 6.957, 8.094, 7.776, 7.64, 7.973, 8.183, 8.226, 7.862, 7.806, 7.404, 6.68, 6.93, 7.82, 7.843, 7.047, 5.407, 3.85, 2.94, 1.8, 1.4, 1.68, 1.89, 1.72, 1.44, 1.13, 0.83, 0, 0.89, 1.09, 1.16, 1.16, 1.19, 1.81, 2.88, 3.33, 3.91, 5.16, 6.38, 7.02, 7.183, 7.223, 6.933, 6.882, 6.638, 6.165, 5.351, 5.205, 5.431, 5.467, 5.318, 4.6, 4.28, 4.28, 4.35, 4.867, 4.835, 4.525, 4.47, 4.65, 4.91, 4.7], [1.94, 1.77, 2.47, 2.48, 2.59, 2.53, 2.56, 3.23, 3.25, 2.97, 2.86, 2.91, 2.72, 2.49, 3.22, 6.8, 9.357, 9.1, 8.642, 8.04, 7.241, 6.694, 7.641, 7.65, 6.889, 6.798, 8.004, 7.654, 7.39, 7.774, 8.007, 8.07, 7.717, 7.624, 7.268, 6.544, 6.751, 7.667, 7.673, 6.926, 5.268, 3.74, 2.83, 1.57, 1.11, 1.47, 1.74, 1.61, 1.43, 1.56, 1.42, 0.89, 0, 0.74, 0.77, 1.09, 1.52, 2.0, 3.05, 3.5, 4.0, 5.21, 6.65, 7.32, 7.49, 7.47, 7.2, 7.121, 6.763, 6.354, 5.595, 5.453, 5.641, 5.737, 5.483, 4.89, 4.55, 4.49, 4.54, 4.983, 5.08, 4.75, 4.64, 4.9, 5.08, 4.83], [2.18, 2.03, 2.69, 2.64, 2.75, 2.53, 2.64, 3.33, 3.45, 3.17, 3.14, 3.17, 3.02, 2.85, 3.3, 6.551, 9.162, 8.848, 8.413, 7.788, 7.027, 6.502, 7.443, 7.449, 6.697, 6.624, 7.783, 7.477, 7.27, 7.603, 7.807, 7.85, 7.451, 7.412, 7.062, 6.358, 6.571, 7.458, 7.467, 6.725, 5.108, 3.58, 2.73, 1.55, 1.15, 1.75, 2.1, 2.01, 1.73, 1.76, 1.58, 1.09, 0.74, 0, 0.53, 1.23, 1.52, 2.2, 3.29, 3.72, 4.3, 5.55, 6.89, 7.6, 7.77, 7.77, 7.44, 7.382, 7.026, 6.552, 5.875, 5.553, 5.753, 5.803, 5.663, 5.03, 4.73, 4.75, 4.76, 5.283, 5.32, 5.07, 5.0, 5.2, 5.44, 5.19], [2.17, 2.02, 2.7, 2.73, 2.8, 2.64, 2.67, 3.34, 3.44, 3.2, 3.11, 3.16, 3.05, 2.78, 3.19, 6.518, 9.112, 8.798, 8.363, 7.738, 6.977, 6.472, 7.393, 7.399, 6.667, 6.594, 7.733, 7.427, 7.34, 7.593, 7.757, 7.8, 7.401, 7.363, 7.012, 6.308, 6.521, 7.408, 7.417, 6.675, 5.058, 3.53, 2.68, 1.68, 1.34, 1.78, 2.11, 1.98, 1.7, 1.83, 1.71, 1.16, 0.77, 0.53, 0, 1.16, 1.57, 2.27, 3.36, 3.85, 4.35, 5.58, 7.0, 7.75, 7.943, 7.903, 7.553, 7.452, 7.096, 6.625, 6.011, 5.725, 5.925, 5.953, 5.793, 5.18, 4.86, 4.84, 4.89, 5.413, 5.47, 5.22, 5.097, 5.35, 5.557, 5.287], [1.99, 1.76, 2.56, 2.61, 2.54, 2.4, 2.25, 2.8, 2.92, 2.78, 2.71, 2.92, 2.85, 2.58, 3.39, 6.855, 9.481, 9.153, 8.72, 8.09, 7.354, 6.835, 7.765, 7.768, 6.964, 6.911, 8.102, 7.724, 7.457, 7.89, 8.117, 8.157, 7.753, 7.72, 7.381, 6.651, 6.884, 7.774, 7.777, 7.061, 5.51, 4.11, 3.26, 2.32, 1.8, 1.92, 2.07, 2.06, 1.8, 1.63, 1.35, 1.16, 1.09, 1.23, 1.16, 0, 0.79, 1.75, 2.88, 3.41, 3.91, 5.22, 6.684, 7.4, 7.603, 7.575, 7.262, 7.106, 6.79, 6.272, 5.671, 5.405, 5.584, 5.727, 5.487, 4.795, 4.513, 4.527, 4.56, 5.11, 5.208, 4.938, 4.832, 5.058, 5.283, 5.03], [2.2, 2.31, 2.79, 2.92, 2.83, 2.47, 2.12, 2.61, 2.79, 2.99, 2.92, 3.15, 3.16, 3.05, 3.96, 7.219, 9.845, 9.517, 9.084, 8.454, 7.71, 7.2, 8.129, 8.132, 7.328, 7.275, 8.466, 8.088, 7.83, 8.254, 8.481, 8.521, 8.117, 8.084, 7.745, 7.015, 7.248, 8.138, 8.141, 7.42, 5.92, 4.5, 3.67, 2.69, 2.09, 2.13, 2.28, 2.21, 2.03, 1.62, 1.28, 1.19, 1.52, 1.52, 1.57, 0.79, 0, 1.34, 2.45, 2.98, 3.529, 4.85, 6.234, 6.956, 7.125, 7.168, 6.855, 6.762, 6.41, 5.916, 5.241, 4.958, 5.154, 5.32, 5.068, 4.305, 4.043, 4.077, 4.099, 4.643, 4.758, 4.505, 4.416, 4.628, 4.905, 4.64], [1.96, 2.75, 3.11, 2.98, 3.27, 2.61, 2.14, 2.09, 2.33, 2.81, 2.92, 3.15, 3.38, 3.37, 4.56, 8.3, 10.905, 10.6, 10.15, 9.52, 8.77, 8.26, 9.189, 9.192, 8.397, 8.335, 9.526, 9.16, 8.841, 9.314, 9.541, 9.587, 9.2, 9.147, 8.805, 8.075, 8.308, 9.198, 9.201, 8.46, 6.96, 5.46, 4.63, 3.23, 2.27, 1.93, 1.84, 1.65, 1.71, 1.56, 1.56, 1.81, 2.0, 2.2, 2.27, 1.75, 1.34, 0, 1.39, 1.96, 2.42, 3.67, 5.151, 5.816, 6.008, 5.994, 5.764, 5.596, 5.304, 4.825, 4.21, 4.027, 4.359, 4.566, 4.02, 3.34, 3.037, 3.048, 3.016, 3.52, 3.618, 3.348, 3.281, 3.5, 3.8, 3.55], [2.65, 3.76, 4.14, 3.73, 4.28, 3.52, 2.81, 2.6, 3.04, 3.76, 3.85, 3.96, 4.09, 4.18, 5.49, 9.373, 11.984, 11.733, 11.28, 10.656, 9.88, 9.344, 10.262, 10.274, 9.49, 9.411, 10.599, 10.25, 9.957, 10.447, 10.657, 10.7, 10.336, 10.28, 9.881, 9.154, 9.404, 10.294, 10.317, 9.561, 8.01, 6.51, 5.72, 4.26, 3.24, 2.74, 2.45, 2.3, 2.44, 2.61, 2.49, 2.88, 3.05, 3.29, 3.36, 2.88, 2.45, 1.39, 0, 1.13, 1.49, 2.92, 4.027, 4.785, 5.007, 4.97, 4.68, 4.473, 4.213, 3.781, 3.2, 3.132, 3.492, 3.453, 2.867, 2.447, 2.056, 1.96, 1.97, 2.54, 2.55, 2.27, 2.23, 2.39, 2.788, 2.52], [3.12, 4.25, 4.65, 4.22, 4.79, 3.97, 3.34, 3.05, 3.25, 4.11, 4.28, 4.31, 4.66, 4.71, 6.02, 9.925, 12.531, 12.206, 11.784, 11.149, 10.404, 9.885, 10.815, 10.818, 10.014, 9.961, 11.152, 10.792, 10.467, 10.94, 11.167, 11.207, 10.809, 10.77, 10.431, 9.701, 9.934, 10.824, 10.827, 10.111, 8.54, 7.0, 6.17, 4.71, 3.69, 3.05, 2.62, 2.69, 2.81, 2.94, 2.94, 3.33, 3.5, 3.72, 3.85, 3.41, 2.98, 1.96, 1.13, 0, 1.1, 2.35, 3.49, 4.253, 4.444, 4.444, 4.197, 4.089, 3.665, 3.26, 2.925, 2.925, 3.285, 3.155, 2.489, 2.13, 1.71, 1.41, 1.56, 2.07, 1.99, 1.8, 1.9, 2.02, 2.46, 2.27], [3.64, 4.77, 5.15, 4.72, 5.29, 4.47, 3.82, 3.51, 3.73, 4.63, 4.78, 4.83, 5.14, 5.21, 6.54, 10.432, 13.025, 12.712, 12.29, 11.672, 10.887, 10.368, 11.3, 11.321, 10.517, 10.452, 11.655, 11.294, 10.97, 11.443, 11.682, 11.722, 11.332, 11.273, 10.922, 10.195, 10.428, 11.327, 11.342, 10.634, 9.06, 7.54, 6.71, 5.25, 4.23, 3.55, 2.96, 3.13, 3.27, 3.5, 3.52, 3.91, 4.0, 4.3, 4.35, 3.91, 3.529, 2.42, 1.49, 1.1, 0, 1.69, 3.09, 3.855, 4.061, 4.021, 3.771, 3.619, 3.332, 3.005, 2.516, 2.92, 3.231, 3.09, 2.09, 1.77, 1.65, 1.17, 1.04, 1.53, 1.57, 1.44, 1.4, 1.58, 2.06, 1.95], [4.91, 6.06, 6.465, 6.046, 6.62, 5.8, 5.13, 4.88, 5.094, 5.997, 6.182, 6.197, 6.507, 6.602, 7.922, 11.827, 14.415, 14.107, 13.689, 13.067, 12.294, 11.775, 12.69, 12.717, 11.916, 11.842, 13.048, 12.693, 12.368, 12.836, 13.074, 13.117, 12.724, 12.666, 12.312, 11.585, 11.818, 12.726, 12.74, 11.993, 10.37, 8.79, 7.96, 6.52, 5.52, 4.78, 4.13, 4.28, 4.54, 4.73, 4.83, 5.16, 5.21, 5.55, 5.58, 5.22, 4.85, 3.67, 2.92, 2.35, 1.69, 0, 1.72, 2.57, 2.85, 2.886, 2.76, 3.19, 2.977, 3.039, 3.029, 3.49, 3.61, 3.22, 1.94, 2.0, 2.04, 1.68, 1.47, 1.2, 1.52, 2.01, 1.77, 1.81, 1.97, 2.12], [6.15, 7.36, 7.774, 7.324, 7.894, 7.146, 6.45, 6.197, 6.397, 7.299, 7.492, 7.479, 7.806, 7.885, 9.224, 13.147, 15.729, 15.467, 15.023, 14.39, 13.588, 13.07, 14.005, 14.02, 13.221, 13.157, 14.351, 13.987, 13.686, 14.178, 14.391, 14.434, 14.07, 14.011, 13.627, 12.891, 13.124, 14.023, 14.051, 13.276, 11.638, 10.07, 9.18, 7.7, 6.72, 6.04, 5.43, 5.7, 6.02, 5.99, 6.05, 6.38, 6.65, 6.89, 7.0, 6.684, 6.234, 5.151, 4.027, 3.49, 3.09, 1.72, 0, 1.21, 1.41, 1.69, 2.02, 2.85, 2.68, 3.01, 2.98, 3.55, 3.51, 2.9, 1.82, 2.34, 2.4, 2.44, 2.41, 2.0, 2.12, 2.59, 2.43, 2.13, 1.99, 2.26], [6.82, 8.01, 8.424, 8.0, 8.587, 7.839, 7.16, 6.89, 7.07, 7.953, 8.152, 8.162, 8.466, 8.561, 9.937, 13.783, 16.385, 16.143, 15.711, 15.066, 14.264, 13.726, 14.661, 14.676, 13.906, 13.815, 15.007, 14.666, 14.373, 14.854, 15.067, 15.11, 14.746, 14.687, 14.285, 13.549, 13.799, 14.71, 14.733, 13.937, 12.323, 10.76, 9.87, 8.33, 7.35, 6.73, 6.14, 6.49, 6.73, 6.62, 6.73, 7.02, 7.32, 7.6, 7.75, 7.4, 6.956, 5.816, 4.785, 4.253, 3.855, 2.57, 1.21, 0, 0.64, 1.04, 1.65, 2.5, 2.47, 2.94, 3.07, 3.64, 3.56, 3.03, 2.39, 2.85, 3.03, 3.15, 3.08, 2.79, 2.77, 3.14, 3.0, 2.72, 2.5, 2.75], [6.92, 8.05, 8.479, 8.029, 8.633, 7.884, 7.233, 6.963, 7.128, 8.014, 8.244, 8.225, 8.529, 8.644, 10.01, 13.849, 16.451, 16.209, 15.777, 15.132, 14.33, 13.771, 14.707, 14.721, 13.972, 13.881, 15.061, 14.732, 14.439, 14.92, 15.133, 15.176, 14.812, 14.753, 14.351, 13.612, 13.865, 14.776, 14.799, 14.003, 12.368, 10.823, 9.936, 8.39, 7.47, 6.87, 6.36, 6.69, 6.95, 6.721, 6.838, 7.183, 7.49, 7.77, 7.943, 7.603, 7.125, 6.008, 5.007, 4.444, 4.061, 2.85, 1.41, 0.64, 0, 0.86, 1.65, 2.58, 2.71, 3.14, 3.19, 3.74, 3.64, 3.15, 2.53, 2.91, 3.15, 3.31, 3.3, 2.97, 3.05, 3.36, 3.14, 2.94, 2.66, 2.93], [6.98, 8.07, 8.479, 8.109, 8.733, 7.99, 7.358, 7.096, 7.248, 8.039, 8.235, 8.265, 8.578, 8.747, 10.096, 13.932, 16.554, 16.32, 15.891, 15.243, 14.442, 13.86, 14.798, 14.842, 14.086, 13.99, 15.133, 14.858, 14.55, 15.026, 15.239, 15.293, 14.92, 14.862, 14.46, 13.715, 13.98, 14.888, 14.91, 14.132, 12.448, 10.903, 10.016, 8.41, 7.408, 6.77, 6.26, 6.57, 6.814, 6.801, 6.881, 7.223, 7.47, 7.77, 7.903, 7.575, 7.168, 5.994, 4.97, 4.444, 4.021, 2.886, 1.69, 1.04, 0.86, 0, 1.07, 2.0, 2.15, 2.58, 2.69, 3.34, 3.26, 2.83, 2.47, 3.025, 3.31, 3.33, 3.32, 3.05, 3.01, 3.26, 3.04, 2.86, 2.56, 2.85], [6.75, 7.86, 8.288, 7.899, 8.523, 7.774, 7.102, 6.84, 7.018, 7.803, 8.045, 8.055, 8.313, 8.497, 9.839, 13.719, 16.344, 16.108, 15.666, 15.03, 14.226, 13.647, 14.582, 14.62, 13.865, 13.774, 14.917, 14.63, 14.329, 14.816, 15.029, 15.075, 14.708, 14.649, 14.244, 13.505, 13.758, 14.666, 14.695, 13.902, 12.218, 10.653, 9.766, 8.16, 7.178, 6.52, 5.99, 6.32, 6.544, 6.531, 6.591, 6.933, 7.2, 7.44, 7.553, 7.262, 6.855, 5.764, 4.68, 4.197, 3.771, 2.76, 2.02, 1.65, 1.65, 1.07, 0, 1.21, 1.32, 1.81, 1.98, 2.53, 2.45, 2.24, 2.08, 2.715, 2.978, 3.06, 3.09, 2.88, 2.84, 2.99, 2.75, 2.61, 2.29, 2.58], [6.712, 7.896, 8.316, 7.866, 8.487, 7.748, 7.052, 6.819, 6.984, 7.845, 8.032, 8.062, 8.335, 8.445, 9.806, 13.678, 16.306, 16.075, 15.64, 14.998, 14.196, 13.614, 14.55, 14.587, 13.838, 13.742, 14.907, 14.604, 14.299, 14.78, 14.993, 15.048, 14.675, 14.616, 14.212, 13.464, 13.726, 14.636, 14.665, 13.872, 12.16, 10.583, 9.699, 8.164, 7.156, 6.475, 5.825, 6.131, 6.42, 6.534, 6.588, 6.882, 7.121, 7.382, 7.452, 7.106, 6.762, 5.596, 4.473, 4.089, 3.619, 3.19, 2.85, 2.5, 2.58, 2.0, 1.21, 0, 0.87, 1.48, 1.79, 2.26, 2.22, 2.07, 1.97, 2.716, 2.896, 3.13, 3.24, 3.17, 3.01, 3.0, 2.8, 2.62, 2.32, 2.51], [6.45, 7.642, 8.079, 7.641, 8.208, 7.418, 6.722, 6.469, 6.7, 7.58, 7.778, 7.786, 8.107, 8.214, 9.556, 13.459, 16.047, 15.739, 15.315, 14.682, 13.909, 13.384, 14.322, 14.34, 13.548, 13.474, 14.68, 14.313, 13.995, 14.468, 14.698, 14.74, 14.339, 14.298, 13.944, 13.202, 13.444, 14.349, 14.363, 13.61, 11.958, 10.404, 9.514, 7.968, 6.962, 6.305, 5.657, 5.801, 6.145, 6.241, 6.337, 6.638, 6.763, 7.026, 7.096, 6.79, 6.41, 5.304, 4.213, 3.665, 3.332, 2.977, 2.68, 2.47, 2.71, 2.15, 1.32, 0.87, 0, 1.13, 1.56, 2.05, 2.09, 1.76, 1.68, 2.5, 2.566, 2.74, 3.07, 3.04, 2.82, 2.67, 2.71, 2.57, 2.27, 2.38], [6.066, 7.218, 7.647, 7.22, 7.801, 7.002, 6.289, 6.037, 6.313, 7.153, 7.351, 7.358, 7.68, 7.767, 9.106, 13.003, 15.611, 15.3, 14.885, 14.24, 13.473, 12.945, 13.883, 13.898, 13.115, 13.041, 14.232, 13.875, 13.565, 14.029, 14.259, 14.302, 13.903, 13.862, 13.511, 12.775, 13.008, 13.919, 13.925, 13.163, 11.542, 9.943, 9.07, 7.501, 6.515, 5.838, 5.204, 5.48, 5.76, 5.885, 5.955, 6.165, 6.354, 6.552, 6.625, 6.272, 5.916, 4.825, 3.781, 3.26, 3.005, 3.039, 3.01, 2.94, 3.14, 2.58, 1.81, 1.48, 1.13, 0, 1.15, 1.6, 1.64, 1.75, 1.91, 2.31, 2.307, 2.47, 2.76, 2.89, 2.65, 2.58, 2.44, 2.36, 2.3, 2.29], [5.23, 6.352, 6.774, 6.319, 6.88, 6.141, 5.462, 5.273, 5.556, 6.393, 6.566, 6.633, 6.868, 6.909, 8.225, 12.134, 14.716, 14.459, 14.021, 13.382, 12.578, 12.059, 12.991, 13.012, 12.219, 12.143, 13.34, 12.985, 12.68, 13.168, 13.38, 13.432, 13.059