[[0, 2.94, 5.06, 5.05, 4.54, 2.79, 2.15, 3.48, 2.92, 2.72, 2.6, 3.97, 3.97, 4.38, 4.74, 4.89, 5.27, 5.34, 4.95, 5.0, 6.249, 6.29, 5.87, 5.49, 5.67, 6.62, 6.84, 6.76, 6.71, 6.22, 6.064, 6.41, 6.527, 6.596, 5.836, 5.554, 4.824, 4.976, 4.636, 4.0, 3.28, 2.58, 2.32, 2.19, 2.65, 4.43, 6.412, 7.756, 8.058, 8.294, 7.711, 7.599, 9.222, 9.37, 9.058, 9.617, 10.164, 9.865, 9.915, 10.704, 11.526, 12.182, 12.382, 12.452, 11.942, 11.597, 11.492, 11.048, 11.458, 11.518, 11.723, 12.089, 12.027, 11.774, 11.975, 12.095, 11.984, 12.715, 12.976, 11.52, 10.09, 9.725, 9.204, 8.564, 8.834, 9.004], [2.94, 0, 2.4, 2.37, 2.12, 1.75, 2.19, 1.68, 2.88, 3.54, 3.94, 4.99, 5.15, 5.66, 5.96, 5.91, 6.05, 5.66, 5.57, 4.78, 4.21, 4.03, 3.87, 3.93, 4.19, 5.02, 5.24, 5.0, 4.89, 4.74, 4.37, 4.41, 4.55, 4.71, 3.85, 3.26, 2.53, 2.87, 2.77, 2.04, 1.68, 2.42, 2.58, 2.61, 2.51, 3.09, 4.11, 5.42, 5.75, 5.92, 5.32, 5.26, 6.765, 6.775, 6.364, 6.942, 7.432, 7.259, 7.331, 7.901, 8.728, 9.479, 9.7, 9.609, 9.154, 8.765, 8.777, 8.385, 8.724, 8.835, 9.1, 9.466, 9.432, 9.23, 9.443, 9.581, 9.501, 10.241, 10.421, 8.934, 7.69, 7.48, 6.99, 6.53, 6.8, 6.87], [5.06, 2.4, 0, 0.79, 1.4, 3.07, 4.27, 3.02, 3.94, 4.88, 5.22, 5.77, 6.05, 6.52, 6.54, 6.41, 6.31, 5.9, 5.91, 5.04, 3.91, 3.45, 3.47, 3.71, 3.77, 4.38, 4.56, 4.3, 4.41, 4.42, 3.81, 3.73, 3.87, 4.09, 3.29, 2.66, 2.79, 2.49, 2.75, 2.28, 2.52, 3.78, 3.9, 3.99, 3.51, 2.87, 3.03, 3.78, 4.01, 4.16, 3.66, 3.52, 4.84, 4.778, 4.159, 4.72, 5.256, 4.992, 5.104, 5.83, 6.638, 7.357, 7.612, 7.741, 7.172, 6.897, 6.503, 6.094, 6.584, 6.544, 6.801, 7.156, 7.241, 7.262, 7.53, 7.71, 7.65, 8.41, 8.53, 7.12, 6.21, 5.94, 5.51, 5.31, 5.54, 5.49], [5.05, 2.37, 0.79, 0, 1.47, 3.2, 4.32, 3.07, 3.87, 5.01, 5.49, 5.8, 6.12, 6.61, 6.59, 6.38, 6.34, 5.93, 5.84, 5.07, 4.04, 3.56, 3.58, 3.82, 3.9, 4.55, 4.75, 4.45, 4.56, 4.63, 3.96, 3.88, 4.0, 4.26, 3.4, 2.81, 2.76, 2.7, 2.88, 2.59, 2.95, 3.89, 3.87, 4.0, 3.62, 3.04, 3.06, 3.81, 3.98, 4.15, 3.63, 3.53, 4.79, 4.757, 4.194, 4.727, 5.246, 5.03, 5.12, 5.74, 6.548, 7.286, 7.498, 7.559, 6.992, 6.727, 6.593, 6.213, 6.563, 6.64, 6.888, 7.245, 7.24, 7.235, 7.5, 7.68, 7.62, 8.38, 8.468, 7.11, 6.24, 5.95, 5.52, 5.34, 5.57, 5.52], [4.54, 2.12, 1.4, 1.47, 0, 2.21, 3.55, 2.36, 3.06, 3.76, 4.24, 4.63, 4.97, 5.46, 5.44, 5.39, 5.41, 5.1, 4.93, 4.34, 3.55, 3.15, 3.11, 3.33, 3.47, 4.14, 4.34, 4.0, 4.13, 4.0, 3.45, 3.33, 3.57, 3.81, 3.07, 2.12, 1.99, 2.13, 2.21, 1.88, 2.32, 3.16, 3.3, 3.47, 3.03, 2.53, 2.93, 3.92, 4.21, 4.34, 3.74, 3.66, 5.073, 5.069, 4.571, 5.212, 5.694, 5.566, 5.679, 6.522, 7.455, 8.157, 8.495, 8.585, 8.035, 7.737, 7.278, 6.727, 6.999, 7.056, 7.336, 7.65, 7.681, 7.556, 7.749, 7.929, 7.869, 8.609, 8.729, 7.3, 6.23, 6.02, 5.47, 5.13, 5.42, 5.43], [2.79, 1.75, 3.07, 3.2, 2.21, 0, 1.6, 1.17, 1.53, 2.11, 2.61, 3.96, 4.06, 4.53, 4.89, 5.0, 5.24, 4.97, 4.78, 4.39, 4.2, 4.26, 3.94, 3.86, 3.96, 4.75, 4.97, 4.73, 4.74, 4.23, 4.1, 4.36, 4.471, 4.576, 3.813, 3.357, 2.6, 2.74, 2.32, 1.87, 1.63, 1.95, 2.21, 2.46, 2.4, 2.8, 4.219, 5.634, 5.895, 6.062, 5.459, 5.396, 7.042, 7.098, 6.605, 7.215, 7.726, 7.6, 7.713, 8.24, 9.168, 9.844, 10.222, 10.269, 9.742, 9.447, 8.902, 8.467, 8.834, 8.942, 9.213, 9.576, 9.735, 9.581, 9.794, 9.915, 9.832, 10.535, 10.772, 9.218, 7.948, 7.69, 7.1, 6.58, 6.85, 6.96], [2.15, 2.19, 4.27, 4.32, 3.55, 1.6, 0, 1.77, 1.69, 2.15, 2.73, 4.3, 4.32, 4.77, 5.19, 5.26, 5.56, 5.37, 5.14, 4.97, 5.413, 5.41, 5.04, 4.88, 5.06, 5.79, 5.95, 5.71, 5.78, 5.23, 5.276, 5.436, 5.546, 5.635, 4.955, 4.588, 3.749, 3.822, 3.308, 2.63, 2.15, 2.05, 2.31, 2.54, 2.78, 3.86, 5.432, 6.8, 7.082, 7.289, 6.686, 6.646, 8.308, 8.365, 7.817, 8.453, 8.923, 8.812, 8.945, 9.328, 10.411, 11.184, 11.536, 11.326, 10.836, 10.524, 10.234, 9.801, 10.068, 10.141, 10.46, 10.797, 11.002, 10.866, 11.078, 11.199, 11.096, 11.819, 12.056, 10.498, 9.162, 8.869, 8.336, 7.756, 8.026, 8.176], [3.48, 1.68, 3.02, 3.07, 2.36, 1.17, 1.77, 0, 1.58, 2.44, 3.26, 4.15, 4.29, 4.8, 5.1, 5.07, 5.21, 4.86, 4.71, 4.26, 4.01, 3.95, 3.69, 3.73, 3.79, 4.5, 4.68, 4.42, 4.43, 4.06, 3.87, 3.994, 4.123, 4.249, 3.586, 3.159, 2.37, 2.41, 1.97, 1.82, 1.56, 2.12, 2.3, 2.69, 2.51, 2.69, 3.931, 5.268, 5.53, 5.734, 5.138, 5.111, 6.758, 6.814, 6.276, 6.878, 7.35, 7.259, 7.352, 7.766, 8.781, 9.597, 9.915, 9.707, 9.215, 8.957, 8.687, 8.297, 8.504, 8.623, 8.922, 9.294, 9.446, 9.298, 9.511, 9.631, 9.546, 10.251, 10.488, 8.93, 7.62, 7.347, 6.794, 6.23, 6.5, 6.65], [2.92, 2.88, 3.94, 3.87, 3.06, 1.53, 1.69, 1.58, 0, 1.34, 2.22, 3.01, 3.07, 3.54, 3.86, 3.91, 4.11, 4.02, 3.79, 3.82, 4.562, 4.6, 4.18, 3.87, 4.03, 4.716, 4.896, 4.802, 4.886, 4.3, 4.37, 4.625, 4.702, 4.731, 4.091, 3.784, 3.015, 2.995, 2.57, 2.6, 2.26, 1.72, 1.78, 2.03, 2.07, 2.89, 4.628, 5.973, 6.26, 6.477, 5.886, 5.848, 7.508, 7.564, 7.016, 7.65, 8.131, 7.997, 8.142, 8.605, 9.584, 10.417, 10.758, 10.708, 10.138, 9.9, 9.447, 9.062, 9.246, 9.363, 9.663, 9.996, 10.202, 10.068, 10.281, 10.401, 10.296, 11.021, 11.255, 9.701, 8.355, 8.062, 7.529, 6.909, 7.179, 7.329], [2.72, 3.54, 4.88, 5.01, 3.76, 2.11, 2.15, 2.44, 1.34, 0, 1.38, 2.53, 2.51, 2.9, 3.26, 3.39, 3.71, 3.94, 3.53, 4.06, 5.162, 5.2, 4.78, 4.43, 4.55, 5.276, 5.496, 5.422, 5.506, 4.88, 4.969, 5.225, 5.302, 5.331, 4.691, 4.404, 3.674, 3.656, 2.996, 3.06, 2.82, 1.82, 1.82, 1.71, 2.17, 3.47, 5.29, 6.621, 6.89, 7.074, 6.492, 6.464, 8.109, 8.165, 7.637, 8.326, 8.821, 8.691, 8.821, 9.474, 10.584, 11.385, 11.783, 11.795, 11.263, 10.983, 10.31, 9.75, 9.888, 10.045, 10.332, 10.62, 10.841, 10.688, 10.882, 11.021, 10.896, 11.622, 11.856, 10.301, 8.955, 8.662, 8.129, 7.529, 7.799, 7.929], [2.6, 3.94, 5.22, 5.49, 4.24, 2.61, 2.73, 3.26, 2.22, 1.38, 0, 1.99, 1.95, 2.26, 2.62, 2.77, 3.03, 3.76, 3.23, 4.4, 5.658, 5.71, 5.25, 4.89, 5.021, 5.753, 6.06, 5.993, 6.03, 5.436, 5.446, 5.701, 5.789, 5.817, 5.195, 4.958, 4.343, 4.345, 3.744, 3.66, 3.34, 2.3, 2.02, 1.79, 2.19, 4.01, 5.85, 7.164, 7.449, 7.602, 7.019, 6.987, 8.613, 8.692, 8.219, 8.935, 9.433, 9.24, 9.37, 10.114, 11.264, 12.1, 12.483, 12.513, 11.963, 11.663, 11.05, 10.51, 10.731, 10.785, 11.01, 11.301, 11.338, 11.173, 11.366, 11.512, 11.383, 12.106, 12.352, 10.796, 9.426, 9.133, 8.601, 7.981, 8.251, 8.421], [3.97, 4.99, 5.77, 5.8, 4.63, 3.96, 4.3, 4.15, 3.01, 2.53, 1.99, 0, 1.06, 1.57, 1.47, 1.46, 2.3, 3.57, 3.08, 4.23, 5.496, 5.52, 5.1, 4.74, 4.92, 5.69, 5.93, 5.91, 5.94, 5.39, 5.36, 5.574, 5.697, 5.706, 5.194, 4.842, 4.56, 4.42, 4.38, 4.71, 4.45, 3.59, 3.13, 2.74, 3.02, 3.9, 5.74, 7.012, 7.325, 7.532, 6.929, 6.826, 8.457, 8.56, 8.249, 8.9, 9.392, 9.139, 9.252, 10.284, 11.334, 12.17, 12.508, 12.558, 12.048, 11.67, 11.2, 10.58, 10.738, 10.738, 10.972, 11.246, 11.252, 11.099, 11.251, 11.391, 11.251, 11.97, 12.226, 10.71, 9.32, 9.012, 8.459, 7.86, 8.13, 8.28], [3.97, 5.15, 6.05, 6.12, 4.97, 4.06, 4.32, 4.29, 3.07, 2.51, 1.95, 1.06, 0, 1.07, 1.13, 1.54, 2.4, 3.55, 3.04, 4.05, 5.26, 5.38, 5.0, 4.6, 4.76, 5.57, 5.91, 5.75, 5.76, 5.27, 5.22, 5.44, 5.543, 5.629, 4.983, 4.779, 4.34, 4.4, 4.32, 4.89, 4.61, 3.73, 3.23, 2.84, 2.92, 3.88, 5.66, 6.862, 7.129, 7.347, 6.747, 6.644, 8.244, 8.437, 8.241, 8.851, 9.466, 9.076, 9.172, 10.327, 11.365, 12.278, 12.598, 12.688, 12.138, 11.758, 11.248, 10.583, 10.778, 10.775, 10.892, 11.12, 11.046, 10.853, 11.02, 11.143, 11.02, 11.74, 12.0, 10.647, 9.18, 8.79, 8.24, 7.62, 7.87, 8.06], [4.38, 5.66, 6.52, 6.61, 5.46, 4.53, 4.77, 4.8, 3.54, 2.9, 2.26, 1.57, 1.07, 0, 0.9, 1.69, 2.83, 3.9, 3.35, 4.36, 5.43, 5.75, 5.37, 4.87, 5.09, 5.92, 6.24, 6.1, 6.13, 5.58, 5.51, 5.73, 5.827, 5.913, 5.199, 5.135, 4.89, 4.87, 4.59, 5.34, 5.06, 4.2, 3.7, 3.33, 3.39, 4.19, 6.07, 7.06, 7.385, 7.594, 7.014, 6.88, 8.374, 8.727, 8.619, 9.302, 9.842, 9.484, 9.634, 10.937, 12.01, 12.905, 13.225, 13.315, 12.785, 12.405, 11.893, 11.253, 11.334, 11.191, 11.254, 11.496, 11.391, 11.1, 11.179, 11.342, 11.162, 11.862, 12.339, 11.0, 9.51, 9.06, 8.43, 7.79, 8.04, 8.23], [4.74, 5.96, 6.54, 6.59, 5.44, 4.89, 5.19, 5.1, 3.86, 3.26, 2.62, 1.47, 1.13, 0.9, 0, 1.19, 2.41, 3.64, 3.09, 4.14, 5.27, 5.49, 5.15, 4.63, 4.85, 5.72, 6.04, 5.9, 5.93, 5.38, 5.29, 5.55, 5.664, 5.75, 5.163, 5.005, 4.79, 4.69, 4.97, 5.54, 5.24, 4.48, 3.98, 3.61, 3.67, 4.19, 5.85, 6.894, 7.222, 7.452, 6.852, 6.729, 8.252, 8.562, 8.437, 9.07, 9.642, 9.269, 9.394, 10.62, 11.73, 12.625, 12.945, 13.035, 12.505, 12.125, 11.613, 10.953, 11.014, 10.985, 11.042, 11.336, 11.202, 10.889, 11.016, 11.142, 11.016, 11.719, 12.136, 10.8, 9.322, 8.88, 8.27, 7.65, 7.9, 8.11], [4.89, 5.91, 6.41, 6.38, 5.39, 5.0, 5.26, 5.07, 3.91, 3.39, 2.77, 1.46, 1.54, 1.69, 1.19, 0, 1.88, 3.27, 2.8, 4.01, 5.32, 5.34, 5.02, 4.52, 4.7, 5.478, 5.77, 5.69, 5.72, 5.25, 5.12, 5.391, 5.52, 5.566, 5.156, 5.004, 4.6, 4.52, 5.08, 5.45, 5.17, 4.41, 3.91, 3.58, 3.8, 4.34, 5.54, 6.792, 7.168, 7.338, 6.738, 6.655, 8.24, 8.366, 8.078, 8.758, 9.257, 8.927, 9.072, 10.081, 11.171, 12.064, 12.404, 12.514, 11.904, 11.521, 11.011, 10.383, 10.561, 10.595, 10.752, 11.054, 11.043, 10.821, 10.993, 11.154, 11.014, 11.733, 11.974, 10.479, 9.089, 8.776, 8.222, 7.582, 7.852, 8.022], [5.27, 6.05, 6.31, 6.34, 5.41, 5.24, 5.56, 5.21, 4.11, 3.71, 3.03, 2.3, 2.4, 2.83, 2.41, 1.88, 0, 1.49, 1.3, 2.53, 3.98, 4.14, 3.86, 3.48, 3.52, 3.75, 4.03, 4.03, 3.98, 3.81, 3.78, 4.04, 4.28, 4.254, 4.239, 4.572, 4.3, 4.06, 4.76, 5.33, 5.07, 4.39, 3.91, 3.64, 3.98, 4.12, 4.62, 5.35, 5.7, 5.73, 5.43, 5.43, 6.606, 6.691, 6.52, 7.189, 7.664, 7.489, 7.662, 8.764, 9.974, 10.933, 11.27, 11.377, 10.767, 10.407, 9.811, 9.117, 8.958, 8.895, 9.078, 9.313, 9.321, 9.162, 9.302, 9.462, 9.302, 10.022, 10.262, 8.719, 7.368, 7.076, 6.511, 5.891, 6.141, 6.311], [5.34, 5.66, 5.9, 5.93, 5.1, 4.97, 5.37, 4.86, 4.02, 3.94, 3.76, 3.57, 3.55, 3.9, 3.64, 3.27, 1.49, 0, 0.93, 1.42, 3.21, 3.45, 3.15, 2.73, 2.69, 2.76, 2.92, 2.96, 2.87, 2.86, 2.89, 3.15, 3.33, 3.241, 3.35, 3.845, 3.89, 3.65, 4.25, 4.84, 4.66, 4.34, 3.8, 3.69, 3.69, 3.47, 3.99, 4.48, 4.87, 4.72, 4.34, 4.7, 5.38, 5.44, 5.55, 6.419, 6.786, 6.619, 6.955, 8.04, 9.273, 10.286, 10.586, 10.696, 10.109, 9.726, 9.033, 8.353, 8.143, 7.929, 8.072, 8.065, 8.125, 7.907, 8.031, 8.114, 8.003, 8.663, 8.919, 7.423, 5.993, 5.705, 5.17, 4.65, 4.9, 5.03], [4.95, 5.57, 5.91, 5.84, 4.93, 4.78, 5.14, 4.71, 3.79, 3.53, 3.23, 3.08, 3.04, 3.35, 3.09, 2.8, 1.3, 0.93, 0, 1.55, 3.38, 3.7, 3.34, 2.82, 2.82, 3.05, 3.23, 3.21, 3.24, 3.09, 3.0, 3.3, 3.46, 3.394, 3.371, 3.692, 3.76, 3.64, 4.2, 4.89, 4.63, 4.03, 3.57, 3.4, 3.52, 3.52, 4.16, 4.63, 5.06, 5.03, 4.63, 4.79, 5.845, 5.921, 5.779, 6.766, 7.187, 7.037, 7.216, 8.564, 9.757, 10.673, 11.01, 11.14, 10.57, 10.17, 9.52, 8.84, 8.624, 8.424, 8.524, 8.653, 8.73, 8.417, 8.541, 8.664, 8.51, 9.171, 9.452, 8.025, 6.546, 6.245, 5.66, 5.14, 5.41, 5.5], [5.0, 4.78, 5.04, 5.07, 4.34, 4.39, 4.97, 4.26, 3.82, 4.06, 4.4, 4.23, 4.05, 4.36, 4.14, 4.01, 2.53, 1.42, 1.55, 0, 2.17, 2.51, 2.19, 1.73, 1.81, 2.08, 2.28, 2.24, 2.25, 2.12, 2.01, 2.19, 2.33, 2.37, 2.29, 2.791, 3.09, 2.81, 3.49, 4.16, 4.08, 4.12, 3.8, 3.91, 3.47, 2.41, 3.17, 3.54, 3.95, 3.92, 3.46, 3.62, 4.475, 4.651, 4.769, 5.876, 6.166, 5.956, 6.246, 7.497, 8.707, 9.746, 10.046, 10.136, 9.529, 9.086, 8.53, 7.85, 7.62, 7.414, 7.486, 7.531, 7.497, 7.184, 7.211, 7.351, 7.197, 7.817, 8.054, 6.738, 5.25, 4.86, 4.33, 3.95, 4.22, 4.33], [6.249, 4.21, 3.91, 4.04, 3.55, 4.2, 5.413, 4.01, 4.562, 5.162, 5.658, 5.496, 5.26, 5.43, 5.27, 5.32, 3.98, 3.21, 3.38, 2.17, 0, 0.94, 0.9, 1.08, 1.14, 1.37, 1.55, 1.23, 1.2, 1.35, 1.08, 1.14, 1.24, 1.38, 1.48, 2.09, 2.36, 2.06, 2.88, 3.37, 3.91, 4.936, 4.995, 5.131, 4.331, 1.92, 1.62, 2.01, 2.2, 2.31, 2.03, 1.95, 3.053, 3.346, 3.5, 4.184, 4.604, 4.237, 4.496, 5.758, 6.948, 7.893, 8.23, 8.32, 7.73, 7.341, 6.811, 6.128, 6.104, 5.964, 6.024, 6.144, 6.104, 5.788, 5.832, 6.035, 5.892, 6.529, 6.972, 5.67, 4.16, 3.73, 3.2, 2.7, 2.95, 3.08], [6.29, 4.03, 3.45, 3.56, 3.15, 4.26, 5.41, 3.95, 4.6, 5.2, 5.71, 5.52, 5.38, 5.75, 5.49, 5.34, 4.14, 3.45, 3.7, 2.51, 0.94, 0, 0.76, 1.26, 1.44, 1.49, 1.71, 1.45, 1.44, 1.73, 1.34, 1.26, 1.4, 1.66, 1.62, 1.89, 2.38, 1.98, 2.82, 3.19, 3.81, 4.98, 5.03, 5.16, 4.4, 2.04, 1.24, 1.81, 2.06, 2.29, 1.91, 1.85, 3.047, 3.209, 3.14, 3.823, 4.252, 3.863, 4.116, 5.293, 6.428, 7.376, 7.69, 7.794, 7.218, 6.838, 6.308, 5.645, 5.701, 5.618, 5.678, 5.935, 5.878, 5.665, 5.769, 5.895, 5.772, 6.523, 6.769, 5.41, 4.02, 3.73, 3.22, 2.72, 2.99, 3.16], [5.87, 3.87, 3.47, 3.58, 3.11, 3.94, 5.04, 3.69, 4.18, 4.78, 5.25, 5.1, 5.0, 5.37, 5.15, 5.02, 3.86, 3.15, 3.34, 2.19, 0.9, 0.76, 0, 0.9, 1.06, 1.35, 1.59, 1.37, 1.32, 1.49, 1.06, 1.14, 1.22, 1.42, 1.42, 1.95, 2.4, 1.92, 2.52, 2.97, 3.45, 4.56, 4.61, 4.74, 3.96, 1.66, 1.48, 2.21, 2.44, 2.59, 2.09, 2.11, 3.452, 3.563, 3.619, 4.269, 4.732, 4.363, 4.559, 5.793, 6.905, 7.838, 8.158, 8.254, 7.698, 7.318, 6.788, 6.125, 6.221, 6.141, 6.181, 6.341, 6.321, 6.148, 6.232, 6.395, 6.252, 6.928, 7.212, 5.816, 4.38, 4.13, 3.62, 3.1, 3.37, 3.5], [5.49, 3.93, 3.71, 3.82, 3.33, 3.86, 4.88, 3.73, 3.87, 4.43, 4.89, 4.74, 4.6, 4.87, 4.63, 4.52, 3.48, 2.73, 2.82, 1.73, 1.08, 1.26, 0.9, 0, 0.78, 1.59, 1.89, 1.73, 1.68, 1.63, 1.24, 1.4, 1.6, 1.72, 1.52, 2.09, 2.26, 1.94, 2.68, 3.13, 3.43, 4.21, 4.25, 4.38, 3.58, 1.44, 1.84, 2.47, 2.86, 2.99, 2.37, 2.41, 3.795, 3.977, 3.996, 4.703, 5.227, 4.837, 5.016, 6.284, 7.417, 8.413, 8.733, 8.84, 8.23, 7.79, 7.24, 6.6, 6.644, 6.501, 6.564, 6.755, 6.661, 6.442, 6.569, 6.715, 6.569, 7.271, 7.609, 6.253, 4.8, 4.51, 3.96, 3.42, 3.71, 3.84], [5.67, 4.19, 3.77, 3.9, 3.47, 3.96, 5.06, 3.79, 4.03, 4.55, 5.021, 4.92, 4.76, 5.09, 4.85, 4.7, 3.52, 2.69, 2.82, 1.81, 1.14, 1.44, 1.06, 0.78, 0, 1.15, 1.51, 1.37, 1.36, 1.33, 0.94, 1.22, 1.26, 1.38, 1.42, 1.99, 2.24, 1.8, 2.42, 3.17, 3.41, 4.33, 4.37, 4.52, 3.72, 1.78, 1.72, 2.31, 2.66, 2.77, 2.23, 2.31, 3.649, 3.803, 3.76, 4.54, 5.084, 4.797, 4.893, 6.324, 7.514, 8.47, 8.81, 8.92, 8.31, 7.907, 7.337, 6.657, 6.524, 6.35, 6.421, 6.547, 6.507, 6.328, 6.449, 6.575, 6.445, 7.145, 7.449, 6.053, 4.543, 4.23, 3.7, 3.16, 3.43, 3.56], [6.62, 5.02, 4.38, 4.55, 4.14, 4.75, 5.79, 4.5, 4.716, 5.276, 5.753, 5.69, 5.57, 5.92, 5.72, 5.478, 3.75, 2.76, 3.05, 2.08, 1.37, 1.49, 1.35, 1.59, 1.15, 0, 0.7, 0.78, 0.83, 0.98, 1.09, 1.23, 1.21, 1.27, 1.75, 2.46, 2.93, 2.47, 2.91, 3.66, 3.94, 5.06, 5.1, 5.31, 4.51, 2.51, 1.81, 2.08, 2.33, 2.32, 2.14, 2.22, 3.02, 3.13, 3.11, 4.071, 4.417, 4.287, 4.532, 5.737, 6.947, 7.923, 8.3, 8.39, 7.76, 7.36, 6.77, 6.09, 5.897, 5.725, 5.751, 5.823, 5.88, 5.687, 5.7, 5.894, 5.76, 6.392, 6.645, 5.22, 3.75, 3.48, 2.91, 2.43, 2.72, 2.81], [6.84, 5.24, 4.56, 4.75, 4.34, 4.97, 5.95, 4.68, 4.896, 5.496, 6.06, 5.93, 5.91, 6.24, 6.04, 5.77, 4.03, 2.92, 3.23, 2.28, 1.55, 1.71, 1.59, 1.89, 1.51, 0.7, 0, 0.66, 0.81, 1.12, 1.35, 1.49, 1.39, 1.39, 2.11, 2.66, 3.15, 2.63, 3.07, 3.86, 4.22, 5.3, 5.325, 5.549, 4.83, 2.77, 2.09, 2.34, 2.65, 2.48, 2.44, 2.58, 2.98, 3.17, 3.31, 4.056, 4.326, 4.16, 4.406, 5.534, 6.707, 7.726, 8.086, 8.176, 7.52, 7.126, 6.53, 5.85, 5.634, 5.451, 5.583, 5.588, 5.688, 5.507, 5.531, 5.728, 5.58, 6.194, 6.445, 4.96, 3.53, 3.22, 2.67, 2.21, 2.5, 2.55], [6.76, 5.0, 4.3, 4.45, 4.0, 4.73, 5.71, 4.42, 4.802, 5.422, 5.993, 5.91, 5.75, 6.1, 5.9, 5.69, 4.03, 2.96, 3.21, 2.24, 1.23, 1.45, 1.37, 1.73, 1.37, 0.78, 0.66, 0, 0.69, 0.94, 0.99, 1.23, 1.11, 1.27, 1.81, 2.38, 2.85, 2.37, 2.83, 3.56, 4.08, 5.216, 5.32, 5.49, 4.69, 2.55, 1.77, 2.08, 2.39, 2.32, 2.16, 2.22, 2.92, 3.05, 3.13, 3.916, 4.346, 4.14, 4.366, 5.597, 6.807, 7.72, 8.06, 8.19, 7.62, 7.22, 6.57, 5.89, 5.677, 5.468, 5.531, 5.617, 5.737, 5.604, 5.577, 5.774, 5.637, 6.261, 6.525, 5.06, 3.61, 3.32, 2.77, 2.27, 2.56, 2.65], [6.71, 4.89, 4.41, 4.56, 4.13, 4.74, 5.78, 4.43, 4.886, 5.506, 6.03, 5.94, 5.76, 6.13, 5.93, 5.72, 3.98, 2.87, 3.24, 2.25, 1.2, 1.44, 1.32, 1.68, 1.36, 0.83, 0.81, 0.69, 0, 0.87, 1.12, 1.3, 1.18, 1.36, 1.7, 2.41, 2.86, 2.38, 3.02, 3.75, 4.23, 5.303, 5.35, 5.52, 4.74, 2.5, 1.86, 2.13, 2.42, 2.29, 2.21, 2.27, 2.87, 3.0, 3.22, 3.846, 4.276, 4.11, 4.325, 5.624, 6.814, 7.753, 8.07, 8.197, 7.607, 7.227, 6.617, 5.937, 5.724, 5.579, 5.665, 5.673, 5.733, 5.557, 5.541, 5.724, 5.593, 6.204, 6.475, 5.03, 3.58, 3.21, 2.7, 2.22, 2.51, 2.6], [6.22, 4.74, 4.42, 4.63, 4.0, 4.23, 5.23, 4.06, 4.3, 4.88, 5.436, 5.39, 5.27, 5.58, 5.38, 5.25, 3.81, 2.86, 3.09, 2.12, 1.35, 1.73, 1.49, 1.63, 1.33, 0.98, 1.12, 0.94, 0.87, 0, 1.09, 1.41, 1.25, 1.25, 1.65, 2.46, 2.95, 2.35, 2.85, 3.44, 3.72, 4.66, 4.74, 4.99, 4.19, 2.07, 2.09, 2.54, 2.83, 2.7, 2.66, 2.6, 3.54, 3.59, 3.63, 4.536, 4.911, 4.821, 4.988, 6.271, 7.441, 8.354, 8.734, 8.844, 8.214, 7.874, 7.204, 6.504, 6.348, 6.168, 6.208, 6.243, 6.383, 6.207, 6.18, 6.394, 6.243, 6.834, 7.128, 5.7, 4.23, 3.9, 3.31, 2.81, 3.12, 3.23], [6.064, 4.37, 3.81, 3.96, 3.45, 4.1, 5.276, 3.87, 4.37, 4.969, 5.446, 5.36, 5.22, 5.51, 5.29, 5.12, 3.78, 2.89, 3.0, 2.01, 1.08, 1.34, 1.06, 1.24, 0.94, 1.09, 1.35, 0.99, 1.12, 1.09, 0, 0.84, 0.8, 1.0, 1.18, 1.87, 2.28, 1.86, 2.46, 3.03, 3.51, 4.71, 4.75, 4.9, 4.12, 1.94, 1.52, 2.07, 2.42, 2.49, 2.07, 2.01, 3.34, 3.413, 3.373, 4.323, 4.764, 4.537, 4.753, 6.104, 7.274, 8.23, 8.57, 8.68, 8.07, 7.687, 7.131, 6.457, 6.315, 6.155, 6.195, 6.327, 6.347, 6.134, 6.127, 6.324, 6.187, 6.784, 7.078, 5.63, 4.16, 3.77, 3.2, 2.7, 2.99, 3.12], [6.41, 4.41, 3.73, 3.88, 3.33, 4.36, 5.436, 3.994, 4.625, 5.225, 5.701, 5.574, 5.44, 5.73, 5.55, 5.391, 4.04, 3.15, 3.3, 2.19, 1.14, 1.26, 1.14, 1.4, 1.22, 1.23, 1.49, 1.23, 1.3, 1.41, 0.84, 0, 0.6, 0.82, 1.22, 1.81, 2.3, 1.94, 2.66, 3.05, 3.714, 5.0, 5.05, 5.18, 4.4, 2.22, 1.4, 1.87, 2.12, 2.25, 1.77, 1.71, 3.06, 3.093, 3.22, 4.183, 4.567, 4.357, 4.613, 5.904, 7.077, 8.053, 8.39, 8.5, 7.89, 7.45, 6.92, 6.26, 6.135, 5.955, 5.975, 6.05, 6.03, 5.908, 5.901, 6.141, 5.96, 6.521, 6.821, 5.45, 3.94, 3.61, 3.0, 2.54, 2.79, 2.92], [6.527, 4.55, 3.87, 4.0, 3.57, 4.471, 5.546, 4.123, 4.702, 5.302, 5.789, 5.697, 5.543, 5.827, 5.664, 5.52, 4.28, 3.33, 3.46, 2.33, 1.24, 1.4, 1.22, 1.6, 1.26, 1.21, 1.39, 1.11, 1.18, 1.25, 0.8, 0.6, 0, 0.46, 1.14, 1.87, 2.48, 2.0, 2.68, 3.23, 3.832, 5.078, 5.129, 5.274, 4.483, 2.26, 1.36, 1.87, 2.1, 2.17, 1.81, 1.69, 2.95, 2.96, 3.12, 4.134, 4.6, 4.41, 4.56, 5.98, 7.15, 8.12, 8.427, 8.557, 7.947, 7.54, 6.99, 6.33, 6.12, 5.94, 5.98, 6.04, 6.0, 5.85, 5.82, 6.08, 5.86, 6.44, 6.78, 5.41, 3.92, 3.55, 2.96, 2.5, 2.79, 2.92], [6.596, 4.71, 4.09, 4.26, 3.81, 4.576, 5.635, 4.249, 4.731, 5.331, 5.817, 5.706, 5.629, 5.913, 5.75, 5.566, 4.254, 3.241, 3.394, 2.37, 1.38, 1.66, 1.42, 1.72, 1.38, 1.27, 1.39, 1.27, 1.36, 1.25, 1.0, 0.82, 0.46, 0, 1.26, 1.99, 2.56, 2.18, 2.84, 3.37, 3.918, 5.103, 5.155, 5.34, 4.529, 2.42, 1.66, 2.13, 2.34, 2.31, 2.09, 1.97, 3.11, 3.02, 3.24, 4.33, 4.76, 4.63, 4.78, 6.16, 7.33, 8.28, 8.62, 8.71, 8.1, 7.7, 7.15, 6.49, 6.28, 6.06, 6.12, 6.06, 6.06, 5.91, 5.9, 6.12, 5.94, 6.48, 6.8, 5.47, 3.98, 3.63, 3.04, 2.58, 2.85, 3.0], [5.836, 3.85, 3.29, 3.4, 3.07, 3.813, 4.955, 3.586, 4.091, 4.691, 5.195, 5.194, 4.983, 5.199, 5.163, 5.156, 4.239, 3.35, 3.371, 2.29, 1.48, 1.62, 1.42, 1.52, 1.42, 1.75, 2.11, 1.81, 1.7, 1.65, 1.18, 1.22, 1.14, 1.26, 0, 1.23, 1.98, 1.52, 2.28, 2.91, 3.355, 4.488, 4.552, 4.717, 3.897, 1.72, 1.62, 2.33, 2.54, 2.61, 2.19, 2.15, 3.51, 3.62, 3.6, 4.59, 5.04, 4.83, 5.02, 6.4, 7.57, 8.52, 8.82, 8.95, 8.34, 7.98, 7.45, 6.79, 6.64, 6.46, 6.48, 6.56, 6.5, 6.31, 6.28, 6.5, 6.36, 6.98, 7.3, 5.99, 4.52, 4.25, 3.66, 3.24, 3.51, 3.6], [5.554, 3.26, 2.66, 2.81, 2.12, 3.357, 4.588, 3.159, 3.784, 4.404, 4.958, 4.842, 4.779, 5.135, 5.005, 5.004, 4.572, 3.845, 3.692, 2.791, 2.09, 1.89, 1.95, 2.09, 1.99, 2.46, 2.66, 2.38, 2.41, 2.46, 1.87, 1.81, 1.87, 1.99, 1.23, 0, 1.37, 1.35, 1.89, 2.76, 3.22, 4.333, 4.345, 4.55, 3.713, 2.09, 1.91, 2.62, 2.83, 3.0, 2.48, 2.46, 3.78, 3.85, 3.57, 4.52, 4.93, 4.78, 4.99, 6.31, 7.46, 8.39, 8.69, 8.78, 8.23, 7.87, 7.34, 6.68, 6.55, 6.37, 6.47, 6.69, 6.71, 6.46, 6.53, 6.71, 6.55, 7.25, 7.49, 6.04, 4.77, 4.56, 4.05, 3.77, 4.0, 3.95], [4.824, 2.53, 2.79, 2.76, 1.99, 2.6, 3.749, 2.37, 3.015, 3.674, 4.343, 4.56, 4.34, 4.89, 4.79, 4.6, 4.3, 3.89, 3.76, 3.09, 2.36, 2.38, 2.4, 2.26, 2.24, 2.93, 3.15, 2.85, 2.86, 2.95, 2.28, 2.3, 2.48, 2.56, 1.98, 1.37, 0, 0.92, 1.62, 2.23, 2.59, 3.47, 3.53, 3.78, 3.24, 2.34, 2.22, 3.29, 3.5, 3.69, 3.13, 3.15, 4.655, 4.734, 4.283, 4.95, 5.46, 5.35, 5.42, 6.28, 7.43, 8.413, 8.73, 8.82, 8.21, 7.87, 7.37, 6.81, 6.68, 6.772, 7.04, 7.38, 7.377, 7.229, 7.442, 7.562, 7.48, 8.182, 8.422, 6.85, 5.52, 5.33, 4.84, 4.38, 4.65, 4.7], [4.976, 2.87, 2.49, 2.7, 2.13, 2.74, 3.822, 2.41, 2.995, 3.656, 4.345, 4.42, 4.4, 4.87, 4.69, 4.52, 4.06, 3.65, 3.64, 2.81, 2.06, 1.98, 1.92, 1.94, 1.8, 2.47, 2.63, 2.37, 2.38, 2.35, 1.86, 1.94, 2.0, 2.18, 1.52, 1.35, 0.92, 0, 1.24, 1.95, 2.35, 3.43, 3.51, 3.652, 3.18, 1.72, 1.84, 3.07, 3.42, 3.552, 3.05, 2.95, 4.543, 4.611, 4.203, 4.868, 5.398, 5.23, 5.3, 6.24, 7.47, 8.404, 8.744, 8.834, 8.224, 7.881, 7.351, 6.73, 6.58, 6.655, 6.954, 7.254, 7.274, 7.11, 7.325, 7.445, 7.345, 8.065, 8.305, 6.73, 5.38, 5.11, 4.62, 4.08, 4.37, 4.48], [4.636, 2.77, 2.75, 2.88, 2.21, 2.32, 3.308, 1.97, 2.57, 2.996, 3.744, 4.38, 4.32, 4.59, 4.97, 5.08, 4.76, 4.25, 4.2, 3.49, 2.88, 2.82, 2.52, 2.68, 2.42, 2.91, 3.07, 2.83, 3.02, 2.85, 2.46, 2.66, 2.68, 2.84, 2.28, 1.89, 1.62, 1.24, 0, 1.67, 2.13, 3.01, 3.09, 3.34, 2.88, 2.14, 2.46, 3.73, 4.031, 4.21, 3.61, 3.63, 5.198, 5.256, 4.72, 5.483, 5.895, 5.83, 5.96, 6.88, 8.085, 9.038, 9.418, 9.428, 8.858, 8.578, 7.968, 7.388, 7.22, 7.247, 7.544, 7.848, 7.96, 7.77, 7.979, 8.099, 7.999, 8.719, 8.959, 7.389, 6.04, 5.75, 5.24, 4.68, 4.95, 5.06], [4.0, 2.04, 2.28, 2.59, 1.88, 1.87, 2.63, 1.82, 2.6, 3.06, 3.66, 4.71, 4.89, 5.34, 5.54, 5.45, 5.33, 4.84, 4.89, 4.16, 3.37, 3.19, 2.97, 3.13, 3.17, 3.66, 3.86, 3.56, 3.75, 3.44, 3.03, 3.05, 3.23, 3.37, 2.91, 2.76, 2.23, 1.95, 1.67, 0, 1.18, 2.26, 2.58, 2.79, 2.49, 2.09, 2.989, 4.332, 4.607, 4.826, 4.227, 4.192, 5.832, 5.894, 5.355, 5.988, 6.493, 6.388, 6.503, 7.085, 8.141, 8.894, 9.254, 9.264, 8.734, 8.454, 7.884, 7.384, 7.664, 7.804, 8.1, 8.44, 8.552, 8.391, 8.603, 8.723, 8.623, 9.343, 9.583, 8.013, 6.67, 6.38, 5.87, 5.29, 5.56, 5.71], [3.28, 1.68, 2.52, 2.95, 2.32, 1.63, 2.15, 1.56, 2.26, 2.82, 3.34, 4.45, 4.61, 5.06, 5.24, 5.17, 5.07, 4.66, 4.63, 4.08, 3.91, 3.81, 3.45, 3.43, 3.41, 3.94, 4.22, 4.08, 4.23, 3.72, 3.51, 3.714, 3.832, 3.918, 3.355, 3.22, 2.59, 2.35, 2.13, 1.18, 0, 1.66, 2.14, 2.39, 2.17, 2.45, 3.74, 5.089, 5.385, 5.592, 4.992, 4.929, 6.595, 6.672, 6.178, 6.783, 7.33, 7.165, 7.295, 7.927, 8.752, 9.414, 9.694, 9.761, 9.254, 8.997, 8.46, 8.04, 8.467, 8.484, 8.749, 9.118, 9.315, 9.155, 9.368, 9.488, 9.395, 10.108, 10.348, 8.819, 7.469, 7.16, 6.63, 6.01, 6.28, 6.43], [2.58, 2.42, 3.78, 3.89, 3.16, 1.95, 2.05, 2.12, 1.72, 1.82, 2.3, 3.59, 3.73, 4.2, 4.48, 4.41, 4.39, 4.34, 4.03, 4.12, 4.936, 4.98, 4.56, 4.21, 4.33, 5.06, 5.3, 5.216, 5.303, 4.66, 4.71, 5.0, 5.078, 5.103, 4.488, 4.333, 3.47, 3.43, 3.01, 2.26, 1.66, 0, 1.18, 1.35, 1.69, 3.15, 5.006, 6.391, 6.67, 6.877, 6.281, 6.235, 7.881, 7.954, 7.415, 8.016, 8.549, 8.431, 8.537, 9.096, 9.972, 10.662, 10.968, 11.055, 10.468, 10.282, 9.772, 9.337, 9.642, 9.742, 10.023, 10.383, 10.593, 10.441, 10.654, 10.774, 10.674, 11.394, 11.634, 10.085, 8.735, 8.44, 7.9, 7.29, 7.56, 7.71], [2.32, 2.58, 3.9, 3.87, 3.3, 2.21, 2.31, 2.3, 1.78, 1.82, 2.02, 3.13, 3.23, 3.7, 3.98, 3.91, 3.91, 3.8, 3.57, 3.8, 4.995, 5.03, 4.61, 4.25, 4.37, 5.1, 5.325, 5.32, 5.35, 4.74, 4.75, 5.05, 5.129, 5.155, 4.552, 4.345, 3.53, 3.51, 3.09, 2.58, 2.14, 1.18, 0, 0.79, 1.39, 3.21, 5.058, 6.438, 6.717, 6.927, 6.347, 6.278, 7.944, 8.009, 7.536, 8.157, 8.647, 8.482, 8.612, 9.219, 10.109, 10.759, 11.042, 11.135, 10.542, 10.319, 9.912, 9.486, 9.864, 9.944, 10.217, 10.589, 10.652, 10.499, 10.712, 10.832, 10.732, 11.452, 11.692, 10.14, 8.786, 8.48, 7.95, 7.31, 7.58, 7.75], [2.19, 2.61, 3.99, 4.0, 3.47, 2.46, 2.54, 2.69, 2.03, 1.71, 1.79, 2.74, 2.84, 3.33, 3.61, 3.58, 3.64, 3.69, 3.4, 3.91, 5.131, 5.16, 4.74, 4.38, 4.52, 5.31, 5.549, 5.49, 5.52, 4.99, 4.9, 5.18, 5.274, 5.34, 4.717, 4.55, 3.78, 3.652, 3.34, 2.79, 2.39, 1.35, 0.79, 0, 1.18, 3.291, 5.22, 6.595, 6.879, 7.12, 6.54, 6.44, 8.092, 8.171, 7.763, 8.347, 8.84, 8.656, 8.737, 9.486, 10.319, 11.012, 11.281, 11.388, 10.838, 10.549, 10.242, 9.779, 10.137, 10.206, 10.488, 10.848, 10.817, 10.635, 10.848, 10.968, 10.868, 11.588, 11.828, 10.29, 8.931, 8.629, 8.08, 7.44, 7.71, 7.88], [2.65, 2.51, 3.51, 3.62, 3.03, 2.4, 2.78, 2.51, 2.07, 2.17, 2.19, 3.02, 2.92, 3.39, 3.67, 3.8, 3.98, 3.69, 3.52, 3.47, 4.331, 4.4, 3.96, 3.58, 3.72, 4.51, 4.83, 4.69, 4.74, 4.19, 4.12, 4.4, 4.483, 4.529, 3.897, 3.713, 3.24, 3.18, 2.88, 2.49, 2.17, 1.69, 1.39, 1.18, 0, 2.52, 4.52, 5.83, 6.091, 6.321, 5.741, 5.652, 7.292, 7.363, 7.117, 7.725, 8.309, 7.99, 8.08, 9.029, 9.862, 10.558, 10.818, 10.948, 10.398, 10.092, 9.742, 9.179, 9.64, 9.64, 9.76, 10.077, 10.026, 9.835, 10.048, 10.188, 10.068, 10.788, 11.057, 9.51, 8.12, 7.81, 7.28, 6.64, 6.91, 7.08], [4.43, 3.09, 2.87, 3.04, 2.53, 2.8, 3.86, 2.69, 2.89, 3.47, 4.01, 3.9, 3.88, 4.19, 4.19, 4.34, 4.12, 3.47, 3.52, 2.41, 1.92, 2.04, 1.66, 1.44, 1.78, 2.51, 2.77, 2.55, 2.5, 2.07, 1.94, 2.22, 2.26, 2.42, 1.72, 2.09, 2.34, 1.72, 2.14, 2.09, 2.45, 3.15, 3.21, 3.291, 2.52, 0, 2.38, 3.41, 3.715, 3.939, 3.359, 3.219, 4.841, 5.034, 4.918, 5.594, 6.121, 5.765, 5.915, 7.107, 8.1, 8.995, 9.315, 9.405, 8.875, 8.495, 7.983, 7.343, 7.535, 7.515, 7.575, 7.835, 7.755, 7.502, 7.612, 7.815, 7.655, 8.317, 8.652, 7.29, 5.82, 5.45, 4.86, 4.3, 4.57, 4.72], [6.412, 4.11, 3.03, 3.06, 2.93, 4.219, 5.432, 3.931, 4.628, 5.29, 5.85, 5.74, 5.66, 6.07, 5.85, 5.54, 4.62, 3.99, 4.16, 3.17, 1.62, 1.24, 1.48, 1.84, 1.72, 1.81, 2.09, 1.77, 1.86, 2.09, 1.52, 1.4, 1.36, 1.66, 1.62, 1.91, 2.22, 1.84, 2.46, 2.989, 3.74, 5.006, 5.058, 5.22, 4.52, 2.38, 0, 1.47, 1.82, 2.09, 1.57, 1.57, 2.97, 3.049, 2.792, 3.417, 3.984, 3.654, 3.73, 4.984, 6.134, 7.087, 7.407, 7.537, 6.927, 6.527, 5.991, 5.337, 5.367, 5.287, 5.387, 5.747, 5.667, 5.455, 5.668, 5.808, 5.728, 6.448, 6.712, 5.25, 3.86, 3.63, 3.12, 2.6, 2.89, 2.98], [7.756, 5.42, 3.78, 3.81, 3.92, 5.634, 6.8, 5.268, 5.973, 6.621, 7.164, 7.012, 6.862, 7.06, 6.894, 6.792, 5.35, 4.48, 4.63, 3.54, 2.01, 1.81, 2.21, 2.47, 2.31, 2.08, 2.34, 2.08, 2.13, 2.54, 2.07, 1.87, 1.87, 2.13, 2.33, 2.62, 3.29, 3.07, 3.73, 4.332, 5.089, 6.391, 6.438, 6.595, 5.83, 3.41, 1.47, 0, 0.77, 1.14, 0.98, 0.94, 1.74, 1.87, 1.71, 2.55, 3.014, 2.74, 2.87, 4.294, 5.464, 6.443, 6.763, 6.87, 6.26, 5.837, 5.307, 4.667, 4.47, 4.31, 4.351, 4.514, 4.51, 4.28, 4.39, 4.59, 4.45, 5.161, 5.49, 4.08, 2.87, 2.68, 2.23, 2.11, 2.24, 2.15], [8.058, 5.75, 4.01, 3.98, 4.21, 5.895, 7.082, 5.53, 6.26, 6.89, 7.449, 7.325, 7.129, 7.385, 7.222, 7.168, 5.7, 4.87, 5.06, 3.95, 2.2, 2.06, 2.44, 2.86, 2.66, 2.33, 2.65, 2.39, 2.42, 2.83, 2.42, 2.12, 2.1, 2.34, 2.54, 2.83, 3.5, 3.42, 4.031, 4.607, 5.385, 6.67, 6.717, 6.879, 6.091, 3.715, 1.82, 0.77, 0, 0.67, 0.99, 1.07, 1.35, 1.52, 1.46, 2.29, 2.7, 2.51, 2.68, 4.04, 5.208, 6.153, 6.47, 6.56, 5.97, 5.601, 5.09, 4.43, 4.3, 4.12, 4.14, 4.26, 4.24, 4.09, 4.14, 4.38, 4.2, 4.88, 5.22, 3.85, 2.82, 2.59, 2.3, 2.34, 2.47, 2.34], [8.294, 5.92, 4.16, 4.15, 4.34, 6.062, 7.289, 5.734, 6.477, 7.074, 7.602, 7.532, 7.347, 7.594, 7.452, 7.338, 5.73, 4.72, 5.03, 3.92, 2.31, 2.29, 2.59, 2.99, 2.77, 2.32, 2.48, 2.32, 2.29, 2.7, 2.49, 2.25, 2.17, 2.31, 2.61, 3.0, 3.69, 3.552, 4.21, 4.826, 5.592, 6.877, 6.927, 7.12, 6.321, 3.939, 2.09, 1.14, 0.67, 0, 0.88, 1.24, 1.22, 1.33, 1.57, 2.351, 2.703, 2.52, 2.81, 4.05, 5.22, 6.226, 6.506, 6.596, 5.983, 5.646, 5.08, 4.4, 4.23, 4.03, 4.07, 4.09, 4.03, 3.88, 3.95, 4.19, 4.01, 4.65, 5.03, 3.66, 2.71, 2.34, 2.11, 2.23, 2.34, 2.23], [7.711, 5.32, 3.66, 3.63, 3.74, 5.459, 6.686, 5.138, 5.886, 6.492, 7.019, 6.929, 6.747, 7.014, 6.852, 6.738, 5.43, 4.34, 4.63, 3.46, 2.03, 1.91, 2.09, 2.37, 2.23, 2.14, 2.44, 2.16, 2.21, 2.66, 2.07, 1.77, 1.81, 2.09, 2.19, 2.48, 3.13, 3.05, 3.61, 4.227, 4.992, 6.281, 6.347, 6.54, 5.741, 3.359, 1.57, 0.98, 0.99, 0.88, 0, 0.9, 1.7, 1.87, 2.03, 2.896, 3.226, 3.02, 3.35, 4.47, 5.68, 6.749, 7.026, 7.116, 6.529, 6.149, 5.476, 4.8, 4.75, 4.55, 4.65, 4.65, 4.65, 4.48, 4.55, 4.77, 4.59, 5.21, 5.61, 4.24, 3.03, 2.6, 2.19, 2.17, 2.26, 2.23], [7.599, 5.26, 3.52, 3.53, 3.66, 5.396, 6.646, 5.111, 5.848, 6.464, 6.987, 6.826, 6.644, 6.88, 6.729, 6.655, 5.43, 4.7, 4.79, 3.62, 1.95, 1.85, 2.11, 2.41, 2.31, 2.22, 2.58, 2.22, 2.27, 2.6, 2.01, 1.71, 1.69, 1.97, 2.15, 2.46, 3.15, 2.95, 3.63, 4.192, 4.929, 6.235, 6.278, 6.44, 5.652, 3.219, 1.57, 0.94, 1.07, 1.24, 0.9, 0, 1.9, 2.05, 2.19, 2.956, 3.414, 3.08, 3.31, 4.63, 5.801, 6.737, 7.04, 7.167, 6.557, 6.174, 5.644, 4.984, 4.91, 4.805, 4.811, 4.95, 4.93, 4.72, 4.73, 5.01, 4.79, 5.37, 5.81, 4.48, 3.23, 2.8, 2.29, 2.19, 2.34, 2.33], [9.222, 6.765, 4.84, 4.79, 5.073, 7.042, 8.308, 6.758, 7.508, 8.109, 8.613, 8.457, 8.244, 8.374, 8.252, 8.24, 6.606, 5.38, 5.845, 4.475, 3.053, 3.047, 3.452, 3.795, 3.649, 3.02, 2.98, 2.92, 2.87, 3.54, 3.34, 3.06, 2.95, 3.11, 3.51, 3.78, 4.655, 4.543, 5.198, 5.832, 6.595, 7.881, 7.944, 8.092, 7.292, 4.841, 2.97, 1.74, 1.35, 1.22, 1.7, 1.9, 0, 0.87, 1.65, 2.3, 2.49, 2.26, 2.69, 3.53, 4.68, 5.83, 6.072, 6.182, 5.615, 5.17, 4.6, 3.94, 3.65, 3.49, 3.65, 3.41, 3.35, 3.04, 3.01, 3.25, 3.07, 3.67, 4.11, 2.98, 2.27, 2.06, 1.71, 2.01, 2.14, 1.97], [9.37, 6.775, 4.778, 4.757, 5.069, 7.098, 8.365, 6.814, 7.564, 8.165, 8.692, 8.56, 8.437, 8.727, 8.562, 8.366, 6.691, 5.44, 5.921, 4.651, 3.346, 3.209, 3.563, 3.977, 3.803, 3.13, 3.17, 3.05, 3.0, 3.59, 3.413, 3.093, 2.96, 3.02, 3.62, 3.85, 4.734, 4.611, 5.256, 5.894, 6.672, 7.954, 8.009, 8.171, 7.363, 5.034, 3.049, 1.87, 1.52, 1.33, 1.87, 2.05, 0.87, 0, 1.32, 1.87, 2.06, 1.95, 2.4, 3.28, 4.45, 5.58, 5.82, 5.93, 5.36, 4.92, 4.33, 3.67, 3.42, 3.24, 3.38, 3.22, 3.16, 3.07, 3.2, 3.44, 3.36, 3.92, 4.06, 3.07, 2.58, 2.43, 2.14, 2.48, 2.61, 2.36], [9.058, 6.364, 4.159, 4.194, 4.571, 6.605, 7.817, 6.276, 7.016, 7.637, 8.219, 8.249, 8.241, 8.619, 8.437, 8.078, 6.52, 5.55, 5.779, 4.769, 3.5, 3.14, 3.619, 3.996, 3.76, 3.11, 3.31, 3.13, 3.22, 3.63, 3.373, 3.22, 3.12, 3.24, 3.6, 3.57, 4.283, 4.203, 4.72, 5.355, 6.178, 7.415, 7.536, 7.763, 7.117, 4.918, 2.792, 1.71, 1.46, 1.57, 2.03, 2.19, 1.65, 1.32, 0, 1.43, 1.74, 1.83, 2.06, 3.12, 4.31, 5.3, 5.64, 5.71, 5.12, 4.76, 4.11, 3.53, 3.26, 3.12, 3.34, 3.46, 3.72, 3.73, 3.9, 4.06, 4.08, 4.7, 4.74, 3.55, 3.3, 3.31, 3.08, 3.4, 3.51, 3.26], [9.617, 6.942, 4.72, 4.727, 5.212, 7.215, 8.453, 6.878, 7.65, 8.326, 8.935, 8.9, 8.851, 9.302, 9.07, 8.758, 7.189, 6.419, 6.766, 5.876, 4.184, 3.823, 4.269, 4.703, 4.54, 4.071, 4.056, 3.916, 3.846, 4.536, 4.323, 4.183, 4.134, 4.33, 4.59, 4.52, 4.95, 4.868, 5.483, 5.988, 6.783, 8.016, 8.157, 8.347, 7.725, 5.594, 3.417, 2.55, 2.29, 2.351, 2.896, 2.956, 2.3, 1.87, 1.43, 0, 0.95, 1.12, 1.19, 2.07, 3.1, 4.01, 4.33, 4.46, 3.89, 3.55, 3.02, 2.54, 2.45, 2.29, 2.49, 2.73, 3.01, 3.18, 3.47, 3.65, 3.65, 4.37, 4.45, 3.48, 3.67, 3.76, 3.59, 3.73, 3.84, 3.59], [10.164, 7.432, 5.256, 5.246, 5.694, 7.726, 8.923, 7.35, 8.131, 8.821, 9.433, 9.392, 9.466, 9.842, 9.642, 9.257, 7.664, 6.786, 7.187, 6.166, 4.604, 4.252, 4.732, 5.227, 5.084, 4.417, 4.326, 4.346, 4.276, 4.911, 4.764, 4.567, 4.6, 4.76, 5.04, 4.93, 5.46, 5.398, 5.895, 6.493, 7.33, 8.549, 8.647, 8.84, 8.309, 6.121, 3.984, 3.014, 2.7, 2.703, 3.226, 3.414, 2.49, 2.06, 1.74, 0.95, 0, 0.75, 1.08, 1.56, 2.63, 3.66, 3.98, 4.01, 3.42, 3.08, 2.65, 2.23, 2.04, 2.06, 2.38, 2.52, 2.94, 3.05, 3.02, 3.14, 3.2, 3.8, 3.92, 3.39, 3.68, 3.79, 3.78, 3.86, 3.91, 3.64], [9.865, 7.259, 4.992, 5.03, 5.566, 7.6, 8.812, 7.259, 7.997, 8.691, 9.24, 9.139, 9.076, 9.484, 9.269, 8.927, 7.489, 6.619, 7.037, 5.956, 4.237, 3.863, 4.363, 4.837, 4.797, 4.287, 4.16, 4.14, 4.11, 4.821, 4.537, 4.357, 4.41, 4.63, 4.83, 4.78, 5.35, 5.23, 5.83, 6.388, 7.165, 8.431, 8.482, 8.656, 7.99, 5.765, 3.654, 2.74, 2.51, 2.52, 3.02, 3.08, 2.26, 1.95, 1.83, 1.12, 0.75, 0, 0.71, 1.67, 2.78, 3.81, 4.11, 4.2, 3.59, 3.19, 2.72, 2.28, 2.23, 2.05, 2.29, 2.53, 2.83, 2.96, 2.95, 3.03, 3.17, 3.73, 3.85, 3.4, 3.67, 3.74, 3.59, 3.73, 3.78, 3.57], [9.915, 7.331, 5.104, 5.12, 5.679, 7.713, 8.945, 7.352, 8.142, 8.821, 9.37, 9.252, 9.172, 9.634, 9.394, 9.072, 7.662, 6.955, 7.216, 6.246, 4.496, 4.116, 4.559, 5.016, 4.893, 4.532, 4.406, 4.366, 4.325, 4.988, 4.753, 4.613, 4.56, 4.78, 5.02, 4.99, 5.42, 5.3, 5.96, 6.503, 7.295, 8.537, 8.612, 8.737, 8.08, 5.915, 3.73, 2.87, 2.68, 2.81, 3.35, 3.31, 2.69, 2.4, 2.06, 1.19, 1.08, 0.71, 0, 1.62, 2.65, 3.62, 3.96, 4.07, 3.46, 3.04, 2.59, 2.23, 2.06, 2.06, 2.14, 2.58, 2.78, 2.99, 3.04, 3.08, 3.26, 3.8, 3.96, 3.53, 3.78, 3.91, 3.92, 3.94, 3.87, 3.72], [10.704, 7.901, 5.83, 5.74, 6.522, 8.24, 9.328, 7.766, 8.605, 9.474, 10.114, 10.284, 10.327, 10.937, 10.62, 10.081, 8.764, 8.04, 8.564, 7.497, 5.758, 5.293, 5.793, 6.284, 6.324, 5.737, 5.534, 5.597, 5.624, 6.271, 6.104, 5.904, 5.98, 6.16, 6.4, 6.31, 6.28, 6.24, 6.88, 7.085, 7.927, 9.096, 9.219, 9.486, 9.029, 7.107, 4.984, 4.294, 4.04, 4.05, 4.47, 4.63, 3.53, 3.28, 3.12, 2.07, 1.56, 1.67, 1.62, 0, 1.47, 2.62, 2.96, 2.87, 2.28, 1.94, 1.67, 1.67, 1.56, 2.06, 2.4, 2.42, 2.8, 3.09, 3.1, 3.1, 3.24, 3.82, 3.9, 3.63, 4.08, 4.31, 4.42, 4.52, 4.47, 4.24], [11.526, 8.728, 6.638, 6.548, 7.455, 9.168, 10.411, 8.781, 9.584, 10.584, 11.264, 11.334, 11.365, 12.01, 11.73, 11.171, 9.974, 9.273, 9.757, 8.707, 6.948, 6.428, 6.905, 7.417, 7.514, 6.947, 6.707, 6.807, 6.814, 7.441, 7.274, 7.077, 7.15, 7.33, 7.57, 7.46, 7.43, 7.47, 8.085, 8.141, 8.752, 9.972, 10.109, 10.319, 9.862, 8.1, 6.134, 5.464, 5.208, 5.22, 5.68, 5.801, 4.68, 4.45, 4.31, 3.1, 2.63, 2.78, 2.65, 1.47, 0, 1.39, 1.69, 1.66, 1.27, 1.37, 1.54, 1.96, 2.01, 2.53, 2.67, 2.67, 2.89, 3.22, 3.19, 3.11, 3.27, 3.73, 3.89, 3.88, 4.81, 5.18, 5.381, 5.643, 5.533, 5.323], [12.182, 9.479, 7.357, 7.286, 8.157, 9.844, 11.184, 9.597, 10.417, 11.385, 12.1, 12.17, 12.278, 12.905, 12.625, 12.064, 10.933, 10.286, 10.673, 9.746, 7.893, 7.376, 7.838, 8.413, 8.47, 7.923, 7.726, 7.72, 7.753, 8.354, 8.23, 8.053, 8.12, 8.28, 8.52, 8.39, 8.413, 8.404, 9.038, 8.894, 9.414, 10.662, 10.759, 11.012, 10.558, 8.995, 7.087, 6.443, 6.153, 6.226, 6.749, 6.737, 5.83, 5.58, 5.3, 4.01, 3.66, 3.81, 3.62, 2.62, 1.39, 0, 0.5, 0.73, 0.8, 1.26, 1.71, 2.29, 2.5, 2.92, 2.8, 3.04, 3.4, 3.95, 3.86, 3.76, 3.98, 4.26, 4.16, 4.75, 6.0, 6.341, 6.488, 6.739, 6.589, 6.399], [12.382, 9.7, 7.612, 7.498, 8.495, 10.222, 11.536, 9.915, 10.758, 11.783, 12.483, 12.508, 12.598, 13.225, 12.945, 12.404, 11.27, 10.586, 11.01, 10.046, 8.23, 7.69, 8.158, 8.733, 8.81, 8.3, 8.086, 8.06, 8.07, 8.734, 8.57, 8.39, 8.427, 8.62, 8.82, 8.69, 8.73, 8.744, 9.418, 9.254, 9.694, 10.968, 11.042, 11.281, 10.818, 9.315, 7.407, 6.763, 6.47, 6.506, 7.026, 7.04, 6.072, 5.82, 5.64, 4.33, 3.98, 4.11, 3.96, 2.96, 1.69, 0.5, 0, 0.55, 0.98, 1.48, 1.95, 2.53, 2.84, 3.16, 3.04, 3.3, 3.64, 4.19, 4.08, 3.98, 4.2, 4.46, 4.34, 4.97, 6.231, 6.561, 6.748, 7.019, 6.869, 6.679], [12.452, 9.609, 7.741, 7.559, 8.585, 10.269, 11.326, 9.707, 10.708, 11.795, 12.513, 12.558, 12.688, 13.315, 13.035, 12.514, 11.377, 10.696, 11.14, 10.136, 8.32, 7.794, 8.254, 8.84, 8.92, 8.39, 8.176, 8.19, 8.197, 8.844, 8.68, 8.5, 8.557, 8.71, 8.95, 8.78, 8.82, 8.834, 9.428, 9.264, 9.761, 11.055, 11.135, 11.388, 10.948, 9.405, 7.537, 6.87, 6.56, 6.596, 7.116, 7.167, 6.182, 5.93, 5.71, 4.46, 4.01, 4.2, 4.07, 2.87, 1.66, 0.73, 0.55, 0, 0.93, 1.39, 2.04, 2.6, 2.87, 3.25, 3.13, 3.37, 3.79, 4.36, 4.29, 4.17, 4.37, 4.63, 4.51, 5.1, 6.361, 6.691, 6.858, 7.109, 6.959, 6.769], [11.942, 9.154, 7.172, 6.992, 8.035, 9.742, 10.836, 9.215, 10.138, 11.263, 11.963, 12.048, 12.138, 12.785, 12.505, 11.904, 10.767, 10.109, 10.57, 9.529, 7.73, 7.218, 7.698, 8.23, 8.31, 7.76, 7.52, 7.62, 7.607, 8.214, 8.07, 7.89, 7.947, 8.1, 8.34, 8.23, 8.21, 8.224, 8.858, 8.734, 9.254, 10.468, 10.542, 10.838, 10.398, 8.875, 6.927, 6.26, 5.97, 5.983, 6.529, 6.557, 5.615, 5.36, 5.12, 3.89, 3.42, 3.59, 3.46, 2.28, 1.27, 0.8, 0.98, 0.93, 0, 0.84, 1.49, 2.11, 2.3, 2.72, 2.56, 2.88, 3.32, 3.87, 3.84, 3.72, 3.96, 4.24, 4.08, 4.709, 5.916, 6.244, 6.394, 6.522, 6.372, 6.182], [11.597, 8.765, 6.897, 6.727, 7.737, 9.447, 10.524, 8.957, 9.9, 10.983, 11.663, 11.67, 11.758, 12.405, 12.125, 11.521, 10.407, 9.726, 10.17, 9.086, 7.341, 6.838, 7.318, 7.79, 7.907, 7.36, 7.126, 7.22, 7.227, 7.874, 7.687, 7.45, 7.54, 7.7, 7.98, 7.87, 7.87, 7.881, 8.578, 8.454, 8.997, 10.282, 10.319, 10.549, 10.092, 8.495, 6.527, 5.837, 5.601, 5.646, 6.149, 6.174, 5.17, 4.92, 4.76, 3.55, 3.08, 3.19, 3.04, 1.94, 1.37, 1.26, 1.48, 1.39, 0.84, 0, 1.11, 1.75, 1.92, 2.34, 2.22, 2.58, 2.88, 3.47, 3.42, 3.3, 3.58, 3.74, 3.62, 4.31, 5.52, 5.844, 5.976, 6.094, 5.929, 5.739], [11.492, 8.777, 6.503, 6.593, 7.278, 8.902, 10.234, 8.687, 9.447, 10.31, 11.05, 11.2, 11.248, 11.893, 11.613, 11.011, 9.811, 9.033, 9.52, 8.53, 6.811, 6.308, 6.788, 7.24, 7.337, 6.77, 6.53, 6.57, 6.617, 7.204, 7.131, 6.92, 6.99, 7.15, 7.45, 7.34, 7.37, 7.351, 7.968, 7.884, 8.46, 9.772, 9.912, 10.242, 9.742, 7.983, 5.991, 5.307, 5.09, 5.08, 5.476, 5.644, 4.6, 4.33, 4.11, 3.02, 2.65, 2.72, 2.59, 1.67, 1.54, 1.71, 1.95, 2.04, 1.49, 1.11, 0, 0.78, 1.15, 1.27, 1.51, 1.91, 2.49, 3.02, 3.09, 3.03, 3.29, 3.45, 3.37, 3.84, 4.99, 5.314, 5.446, 5.464, 5.311, 5.129], [11.048, 8.385, 6.094, 6.213, 6.727, 8.467, 9.801, 8.297, 9.062, 9.75, 10.51, 10.58, 10.583, 11.253, 10.953, 10.383, 9.117, 8.353, 8.84, 7.85, 6.128, 5.645, 6.125, 6.6, 6.657, 6.09, 5.85, 5.89, 5.937, 6.504, 6.457, 6.26, 6.33, 6.49, 6.79, 6.68, 6.81, 6.73, 7.388, 7.384, 8.04, 9.337, 9.486, 9.779, 9.179, 7.343, 5.337, 4.667, 4.43, 4.4, 4.8, 4.984, 3.94, 3.67, 3.53, 2.54, 2.23, 2.28, 2.23, 1.67, 1.96, 2.29, 2.53, 2.6, 2.11, 1.75, 0.78, 0, 0.89, 1.09, 1.49, 1.63, 2.23, 2.66, 2.89, 2.93, 3.09, 3.41, 3.41, 3.4, 4.45, 4.7, 4.909, 4.909, 4.76, 4.59], [11.458, 8.724, 6.584, 6.563, 6.999, 8.834, 10.068, 8.504, 9.246, 9.888, 10.731, 10.738, 10.778, 11.334, 11.014, 10.561, 8.958, 8.143, 8.624, 7.62, 6.104, 5.701, 6.221, 6.644, 6.524, 5.897, 5.634, 5.677, 5.724, 6.348, 6.315, 6.135, 6.12, 6.28, 6.64, 6.55, 6.68, 6.58, 7.22, 7.664, 8.467, 9.642, 9.864, 10.137, 9.64, 7.535, 5.367, 4.47, 4.3, 4.23, 4.75, 4.91, 3.65, 3.42, 3.26, 2.45, 2.04, 2.23, 2.06, 1.56, 2.01, 2.5, 2.84, 2.87, 2.3, 1.92, 1.15, 0.89, 0, 0.84, 1.3, 1.52, 1.96, 2.37, 2.48, 2.46, 2.64, 2.92, 2.96, 3.15, 4.2, 4.49, 4.68, 4.7, 4.51, 4.34], [11.518, 8.835, 6.544, 6.64, 7.056, 8.942, 10.141, 8.623, 9.363, 10.045, 10.785, 10.738, 10.775, 11.191, 10.985, 10.595, 8.895, 7.929, 8.424, 7.414, 5.964, 5.618, 6.141, 6.501, 6.35, 5.725, 5.451, 5.468, 5.579, 6.168, 6.155, 5.955, 5.94, 6.06, 6.46, 6.37, 6.772, 6.655, 7.247, 7.804, 8.484, 9.742, 9.944, 10.206, 9.64, 7.515, 5.287, 4.31, 4.12, 4.03, 4.55, 4.805, 3.49, 3.24, 3.12, 2.29, 2.06, 2.05, 2.06, 2.06, 2.53, 2.92, 3.16, 3.25, 2.72, 2.34, 1.27, 1.09, 0.84, 0, 0.76, 1.08, 1.66, 2.15, 2.26, 2.28, 2.48, 2.74, 2.68, 2.89, 3.98, 4.27, 4.456, 4.456, 4.25, 4.099], [11.723, 9.1, 6.801, 6.888, 7.336, 9.213, 10.46, 8.922, 9.663, 10.332, 11.01, 10.972, 10.892, 11.254, 11.042, 10.752, 9.078, 8.072, 8.524, 7.486, 6.024, 5.678, 6.181, 6.564, 6.421, 5.751, 5.583, 5.531, 5.665, 6.208, 6.195, 5.975, 5.98, 6.12, 6.48, 6.47, 7.04, 6.954, 7.544, 8.1, 8.749, 10.023, 10.217, 10.488, 9.76, 7.575, 5.387, 4.351, 4.14, 4.07, 4.65, 4.811, 3.65, 3.38, 3.34, 2.49, 2.38, 2.29, 2.14, 2.4, 2.67, 2.8, 3.04, 3.13, 2.56, 2.22, 1.51, 1.49, 1.3, 0.76, 0, 0.96, 1.68, 2.19, 2.34, 2.36, 2.6, 2.78, 2.62, 3.11, 4.14, 4.47, 4.594, 4.554, 4.349, 4.179], [12.089, 9.466, 7.156, 7.245, 7.65, 9.576, 10.797, 9.294, 9.996, 10.62, 11.301, 11.246, 11.12, 11.496, 11.336, 11.054, 9.313, 8.065, 8.653, 7.531, 6.144, 5.935, 6.341, 6.755, 6.547, 5.823, 5.588, 5.617, 5.673, 6.243, 6.327, 6.05, 6.04, 6.06, 6.56, 6.69, 7.38, 7.254, 7.848, 8.44, 9.118, 10.383, 10.589, 10.848, 10.077, 7.835, 5.747, 4.514, 4.26, 4.09, 4.65, 4.95, 3.41, 3.22, 3.46, 2.73, 2.52, 2.53, 2.58, 2.42, 2.67, 3.04, 3.3, 3.37, 2.88, 2.58, 1.91, 1.63, 1.52, 1.08, 0.96, 0, 1.34, 1.79, 1.92, 1.98, 2.08, 2.36, 2.32, 2.51, 3.48, 3.75, 4.0, 4.22, 3.97, 3.82], [12.027, 9.432, 7.241, 7.24, 7.681, 9.735, 11.002, 9.446, 10.202, 10.841, 11.338, 11.252, 11.046, 11.391, 11.202, 11.043, 9.321, 8.125, 8.73, 7.497, 6.104, 5.878, 6.321, 6.661, 6.507, 5.88, 5.688, 5.737, 5.733, 6.383, 6.347, 6.03, 6.0, 6.06, 6.5, 6.71, 7.377, 7.274, 7.96, 8.552, 9.315, 10.593, 10.652, 10.817, 10.026, 7.755, 5.667, 4.51, 4.24, 4.03, 4.65, 4.93, 3.35, 3.16, 3.72, 3.01, 2.94, 2.83, 2.78, 2.8, 2.89, 3.4, 3.64, 3.79, 3.32, 2.88, 2.49, 2.23, 1.96, 1.66, 1.68, 1.34, 0, 0.95,