[[0, 0.81, 0.97, 1.22, 1.59, 1.81, 1.81, 1.51, 1.89, 2.79, 2.31, 2.34, 2.23, 2.38, 2.44, 2.67, 2.47, 2.89, 2.96, 2.55, 3.42, 4.37, 4.57, 4.81, 5.06, 5.94, 6.25, 6.62, 6.32, 5.47, 6.19, 7.52, 7.37, 8.22, 8.48, 8.15, 7.7, 6.52, 6.19, 5.37, 4.73, 3.48, 1.92, 2.01, 2.09, 2.47, 2.47, 2.6, 2.96, 3.42, 3.28, 3.19, 3.54, 3.59, 3.01, 2.74, 3.05, 3.19, 3.62, 4.01, 3.9, 3.67, 3.64, 2.25, 1.5, 2.26, 2.12, 2.84, 2.99, 2.97, 3.5, 3.87, 4.19, 3.94, 3.94, 3.38, 2.71, 5.94, 5.97, 6.24, 7.09, 6.79, 5.74, 5.77, 5.31, 5.17], [0.81, 0, 0.9, 1.31, 1.4, 1.74, 1.74, 1.44, 1.38, 2.24, 1.9, 2.01, 1.74, 2.09, 2.13, 2.4, 2.24, 2.44, 2.43, 1.94, 2.79, 3.72, 3.94, 4.14, 4.43, 5.29, 5.66, 6.03, 5.73, 4.86, 5.58, 6.91, 6.78, 7.63, 7.89, 7.56, 7.11, 5.93, 5.62, 4.78, 4.16, 2.93, 1.55, 1.92, 1.94, 2.36, 2.3, 2.11, 2.53, 3.07, 2.97, 2.92, 3.25, 3.52, 3.16, 3.07, 3.56, 3.72, 4.19, 4.48, 4.31, 4.08, 4.13, 2.6, 1.87, 2.73, 2.47, 2.99, 3.12, 3.14, 3.81, 4.18, 4.46, 4.21, 4.17, 3.63, 2.44, 5.35, 5.38, 5.65, 6.48, 6.1, 5.15, 5.16, 4.68, 4.56], [0.97, 0.9, 0, 0.97, 1.2, 1.52, 1.46, 1.52, 1.92, 2.66, 2.26, 2.37, 2.12, 2.49, 2.55, 2.72, 2.54, 2.86, 2.97, 2.5, 3.35, 4.22, 4.44, 4.68, 4.97, 5.85, 6.24, 6.59, 6.29, 5.4, 6.14, 7.43, 7.34, 8.19, 8.47, 8.14, 7.67, 6.49, 6.14, 5.34, 4.7, 3.53, 2.11, 2.16, 1.98, 2.46, 2.54, 2.59, 2.97, 3.45, 3.25, 3.16, 3.55, 3.78, 3.3, 2.97, 3.16, 3.32, 3.67, 4.0, 3.85, 3.62, 3.71, 2.2, 1.53, 2.31, 2.29, 3.01, 3.3, 3.22, 3.51, 3.92, 4.16, 4.03, 3.99, 3.39, 2.64, 5.91, 5.92, 6.19, 7.0, 6.64, 5.63, 5.66, 5.22, 5.1], [1.22, 1.31, 0.97, 0, 0.99, 1.47, 1.71, 1.93, 2.37, 3.01, 2.57, 2.62, 2.73, 3.16, 3.08, 3.27, 3.15, 3.51, 3.22, 2.61, 3.3, 4.15, 4.37, 4.59, 4.86, 5.76, 6.17, 6.52, 6.2, 5.35, 6.09, 7.4, 7.31, 8.14, 8.4, 8.07, 7.62, 6.44, 6.11, 5.29, 4.67, 3.44, 1.96, 1.73, 1.69, 2.11, 2.31, 2.36, 2.78, 3.2, 2.98, 2.87, 3.16, 3.31, 2.79, 2.54, 2.71, 3.21, 3.62, 3.89, 3.92, 3.505, 3.58, 1.87, 1.56, 2.12, 1.86, 2.48, 2.77, 2.65, 2.94, 3.27, 3.59, 3.4, 3.32, 2.78, 2.43, 5.84, 5.85, 6.12, 6.95, 6.57, 5.56, 5.63, 5.19, 5.07], [1.59, 1.4, 1.2, 0.99, 0, 0.94, 1.3, 1.56, 2.08, 2.7, 2.28, 2.33, 2.44, 2.93, 2.83, 2.94, 2.9, 3.22, 2.95, 2.3, 3.01, 3.86, 4.08, 4.28, 4.57, 5.45, 5.88, 6.23, 5.89, 5.04, 5.8, 7.11, 7.0, 7.83, 8.11, 7.76, 7.33, 6.15, 5.82, 5.0, 4.34, 3.25, 2.01, 1.88, 1.9, 2.4, 2.44, 2.47, 2.89, 3.45, 3.37, 3.32, 3.59, 3.76, 3.24, 3.05, 3.16, 3.5, 3.87, 4.16, 4.25, 3.84, 3.85, 2.3, 1.89, 2.43, 2.43, 2.93, 3.26, 3.16, 3.49, 3.72, 4.02, 3.99, 3.93, 3.29, 2.7, 5.55, 5.56, 5.83, 6.62, 6.3, 5.31, 5.38, 4.92, 4.8], [1.81, 1.74, 1.52, 1.47, 0.94, 0, 0.94, 1.4, 2.08, 2.88, 2.32, 2.17, 2.38, 2.81, 2.77, 2.78, 2.76, 3.26, 2.97, 2.58, 3.47, 4.46, 4.66, 4.86, 5.11, 5.95, 6.32, 6.73, 6.45, 5.46, 6.22, 7.57, 7.42, 8.21, 8.55, 8.2, 7.71, 6.53, 6.2, 5.38, 4.66, 3.65, 2.39, 2.26, 2.5, 2.98, 3.06, 3.05, 3.61, 4.21, 4.05, 3.88, 4.15, 4.32, 3.62, 3.27, 3.1, 2.98, 3.39, 3.86, 3.89, 3.54, 3.65, 2.32, 2.09, 2.27, 2.59, 3.55, 3.88, 3.82, 3.93, 4.14, 4.5, 4.49, 4.45, 3.79, 3.26, 5.95, 5.96, 6.23, 7.16, 6.82, 5.85, 5.82, 5.34, 5.2], [1.81, 1.74, 1.46, 1.71, 1.3, 0.94, 0, 1.06, 1.86, 2.7, 2.28, 2.17, 2.34, 2.67, 2.61, 2.64, 2.62, 3.04, 3.07, 2.58, 3.49, 4.42, 4.54, 4.72, 5.07, 5.89, 6.24, 6.65, 6.37, 5.48, 6.16, 7.47, 7.42, 8.29, 8.47, 8.18, 7.69, 6.51, 6.16, 5.38, 4.82, 3.85, 2.67, 2.56, 2.7, 3.22, 3.28, 3.41, 3.89, 4.41, 4.29, 4.08, 4.39, 4.54, 4.1, 3.77, 3.52, 3.34, 3.79, 4.16, 4.09, 3.92, 3.93, 2.42, 2.19, 2.59, 3.03, 3.75, 4.12, 4.1, 4.23, 4.56, 4.88, 4.85, 4.79, 4.07, 3.6, 6.01, 6.02, 6.27, 7.1, 6.68, 5.81, 5.8, 5.34, 5.2], [1.51, 1.44, 1.52, 1.93, 1.56, 1.4, 1.06, 0, 1.32, 2.14, 1.76, 1.61, 1.82, 2.01, 1.99, 1.98, 1.9, 2.38, 2.47, 2.14, 3.13, 4.02, 4.12, 4.32, 4.59, 5.41, 5.84, 6.27, 5.93, 5.04, 5.76, 7.11, 7.0, 7.81, 8.09, 7.72, 7.33, 6.13, 5.8, 5.0, 4.24, 3.37, 2.29, 2.34, 2.58, 3.26, 3.24, 3.09, 3.55, 4.15, 4.05, 3.94, 4.29, 4.58, 4.02, 3.77, 3.84, 3.76, 4.27, 4.74, 4.71, 4.46, 4.43, 2.84, 2.41, 2.95, 3.09, 3.87, 4.16, 4.18, 4.59, 5.08, 5.38, 5.23, 5.19, 4.45, 3.36, 5.67, 5.66, 5.81, 6.64, 6.26, 5.43, 5.44, 5.0, 4.84], [1.89, 1.38, 1.92, 2.37, 2.08, 2.08, 1.86, 1.32, 0, 1.2, 1.2, 1.25, 1.1, 1.41, 1.53, 1.76, 1.7, 1.78, 1.41, 1.2, 2.01, 2.98, 3.12, 3.34, 3.55, 4.37, 4.74, 5.17, 4.87, 3.92, 4.66, 5.99, 5.88, 6.69, 6.99, 6.62, 6.21, 5.03, 4.7, 3.88, 3.16, 2.41, 2.07, 2.66, 2.88, 3.38, 3.04, 2.47, 2.65, 3.21, 3.31, 3.34, 3.79, 4.1, 3.72, 3.81, 4.38, 4.56, 5.07, 5.5, 5.55, 5.28, 5.21, 3.54, 2.79, 3.59, 3.19, 3.79, 3.92, 4.04, 4.75, 5.22, 5.44, 5.21, 5.11, 4.63, 3.02, 4.55, 4.54, 4.69, 5.58, 5.28, 4.33, 4.32, 3.9, 3.74], [2.79, 2.24, 2.66, 3.01, 2.7, 2.88, 2.7, 2.14, 1.2, 0, 0.94, 1.23, 1.28, 1.61, 1.69, 1.86, 1.86, 1.48, 1.27, 1.26, 1.47, 2.32, 2.28, 2.6, 2.81, 3.79, 4.0, 4.37, 4.01, 3.32, 4.0, 5.23, 5.14, 5.95, 6.23, 5.88, 5.47, 4.31, 4.04, 3.14, 2.64, 2.39, 2.45, 3.14, 3.18, 3.5, 3.16, 2.63, 2.69, 3.07, 3.47, 3.54, 3.97, 4.3, 4.02, 4.45, 5.08, 5.42, 5.87, 6.32, 6.43, 6.12, 6.07, 4.34, 3.65, 4.39, 3.89, 3.83, 4.0, 4.02, 4.99, 5.32, 5.46, 5.27, 5.13, 4.69, 3.14, 3.93, 3.88, 3.97, 4.76, 4.44, 3.49, 3.58, 3.18, 3.08], [2.31, 1.9, 2.26, 2.57, 2.28, 2.32, 2.28, 1.76, 1.2, 0.94, 0, 0.73, 1.04, 1.37, 1.53, 1.38, 1.3, 1.34, 1.33, 1.32, 1.95, 2.94, 2.96, 3.32, 3.37, 4.25, 4.44, 4.75, 4.49, 3.72, 4.32, 5.59, 5.4, 6.21, 6.51, 6.16, 5.73, 4.61, 4.36, 3.44, 3.04, 2.69, 2.19, 2.68, 2.8, 3.26, 3.1, 2.75, 3.09, 3.53, 3.65, 3.58, 4.05, 4.48, 3.94, 3.95, 4.52, 4.86, 5.33, 5.94, 5.97, 5.7, 5.75, 3.84, 3.15, 3.89, 3.47, 3.93, 4.12, 4.12, 4.77, 5.14, 5.4, 5.19, 5.25, 4.61, 3.12, 4.19, 4.2, 4.27, 5.2, 4.9, 3.85, 3.94, 3.6, 3.5], [2.34, 2.01, 2.37, 2.62, 2.33, 2.17, 2.17, 1.61, 1.25, 1.23, 0.73, 0, 1.05, 1.34, 1.34, 1.17, 1.11, 1.49, 1.32, 1.25, 2.16, 3.21, 3.25, 3.47, 3.66, 4.52, 4.59, 5.02, 4.8, 3.99, 4.63, 5.84, 5.63, 6.4, 6.74, 6.41, 5.96, 4.82, 4.57, 3.69, 3.15, 2.76, 2.1, 2.51, 2.85, 3.43, 3.29, 2.94, 3.32, 3.74, 3.86, 3.75, 4.24, 4.75, 4.07, 3.98, 4.41, 4.67, 5.06, 5.81, 5.86, 5.53, 5.58, 3.67, 3.24, 3.66, 3.56, 4.22, 4.39, 4.45, 4.96, 5.45, 5.67, 5.48, 5.52, 4.88, 3.37, 4.5, 4.45, 4.5, 5.49, 5.19, 4.14, 4.25, 3.91, 3.77], [2.23, 1.74, 2.12, 2.73, 2.44, 2.38, 2.34, 1.82, 1.1, 1.28, 1.04, 1.05, 0, 0.95, 1.17, 1.08, 1.02, 1.16, 1.27, 1.08, 2.13, 3.1, 3.08, 3.38, 3.55, 4.45, 4.62, 5.05, 4.81, 3.84, 4.54, 5.93, 5.66, 6.47, 6.79, 6.48, 6.01, 4.75, 4.42, 3.64, 2.98, 2.73, 2.25, 2.88, 3.14, 3.56, 3.38, 3.03, 3.21, 3.67, 3.79, 3.78, 4.29, 4.8, 4.26, 4.07, 4.62, 4.76, 5.15, 5.8, 5.69, 5.52, 5.59, 3.86, 3.07, 3.91, 3.69, 4.37, 4.56, 4.54, 5.15, 5.56, 5.8, 5.63, 5.67, 5.05, 3.42, 4.45, 4.44, 4.57, 5.58, 5.28, 4.23, 4.16, 3.72, 3.62], [2.38, 2.09, 2.49, 3.16, 2.93, 2.81, 2.67, 2.01, 1.41, 1.61, 1.37, 1.34, 0.95, 0, 0.76, 0.93, 0.87, 1.11, 1.44, 1.49, 2.52, 3.51, 3.57, 3.83, 4.04, 4.88, 4.89, 5.34, 5.04, 4.17, 4.81, 6.16, 5.85, 6.66, 6.94, 6.61, 6.22, 4.96, 4.77, 3.75, 3.23, 2.94, 2.32, 2.95, 3.33, 3.81, 3.55, 3.22, 3.46, 3.9, 4.02, 3.87, 4.4, 5.13, 4.39, 4.16, 4.75, 4.63, 5.02, 6.13, 5.94, 5.87, 5.82, 4.25, 3.54, 4.18, 3.92, 4.76, 4.79, 4.91, 5.52, 5.87, 6.07, 5.88, 5.94, 5.48, 3.69, 4.72, 4.73, 4.92, 5.89, 5.57, 4.58, 4.57, 4.09, 3.93], [2.44, 2.13, 2.55, 3.08, 2.83, 2.77, 2.61, 1.99, 1.53, 1.69, 1.53, 1.34, 1.17, 0.76, 0, 0.77, 1.01, 1.01, 1.4, 1.41, 2.52, 3.53, 3.57, 3.79, 4.0, 4.86, 4.83, 5.22, 5.0, 4.17, 4.81, 6.1, 5.75, 6.56, 6.82, 6.49, 6.12, 4.9, 4.71, 3.77, 3.21, 2.84, 2.4, 2.85, 3.27, 3.83, 3.63, 3.36, 3.5, 3.96, 4.1, 3.85, 4.48, 5.23, 4.51, 4.4, 4.85, 4.81, 5.2, 6.03, 5.98, 5.79, 5.7, 4.27, 3.44, 4.1, 4.1, 4.84, 4.87, 5.01, 5.52, 5.95, 6.15, 5.96, 6.04, 5.5, 3.79, 4.7, 4.67, 4.82, 5.81, 5.47, 4.46, 4.57, 4.09, 3.93], [2.67, 2.4, 2.72, 3.27, 2.94, 2.78, 2.64, 1.98, 1.76, 1.86, 1.38, 1.17, 1.08, 0.93, 0.77, 0, 0.68, 1.04, 1.35, 1.62, 2.73, 3.7, 3.72, 4.04, 4.11, 4.93, 4.9, 5.23, 5.05, 4.26, 4.82, 6.11, 5.66, 6.47, 6.73, 6.4, 6.05, 4.95, 4.76, 3.78, 3.3, 3.05, 2.63, 2.96, 3.36, 4.0, 3.82, 3.65, 3.89, 4.29, 4.43, 4.12, 4.81, 5.56, 4.78, 4.49, 4.88, 4.74, 5.17, 6.14, 5.99, 5.86, 5.83, 4.2, 3.59, 4.19, 4.23, 5.11, 5.12, 5.22, 5.71, 6.14, 6.34, 6.15, 6.25, 5.69, 4.04, 4.77, 4.72, 4.77, 5.78, 5.38, 4.37, 4.6, 4.2, 4.08], [2.47, 2.24, 2.54, 3.15, 2.9, 2.76, 2.62, 1.9, 1.7, 1.86, 1.3, 1.11, 1.02, 0.87, 1.01, 0.68, 0, 0.98, 1.43, 1.72, 2.79, 3.78, 3.84, 4.1, 4.23, 5.03, 4.98, 5.39, 5.25, 4.44, 5.0, 6.21, 5.8, 6.61, 6.89, 6.56, 6.21, 5.13, 4.96, 3.96, 3.4, 3.13, 2.57, 3.0, 3.3, 3.88, 3.76, 3.57, 3.87, 4.29, 4.39, 4.14, 4.75, 5.48, 4.74, 4.41, 4.76, 4.7, 5.11, 6.08, 5.81, 5.74, 5.77, 4.18, 3.43, 4.13, 4.09, 5.03, 5.04, 5.12, 5.59, 6.0, 6.2, 6.07, 6.17, 5.57, 3.96, 4.99, 4.96, 4.99, 5.98, 5.58, 4.55, 4.78, 4.36, 4.26], [2.89, 2.44, 2.86, 3.51, 3.22, 3.26, 3.04, 2.38, 1.78, 1.48, 1.34, 1.49, 1.16, 1.11, 1.01, 1.04, 0.98, 0, 0.95, 1.4, 2.41, 3.3, 3.32, 3.56, 3.53, 4.35, 4.38, 4.67, 4.51, 3.8, 4.2, 5.43, 5.02, 5.85, 6.15, 5.8, 5.41, 4.41, 4.26, 3.28, 2.9, 2.95, 2.77, 3.42, 3.62, 4.06, 3.9, 3.49, 3.61, 4.03, 4.27, 4.26, 4.71, 5.38, 4.76, 4.73, 5.26, 5.38, 5.73, 6.66, 6.47, 6.34, 6.31, 4.76, 3.83, 4.63, 4.35, 5.03, 5.06, 5.2, 5.79, 6.16, 6.34, 6.15, 6.23, 5.71, 4.0, 4.23, 4.18, 4.17, 5.18, 4.78, 3.75, 4.04, 3.74, 3.6], [2.96, 2.43, 2.97, 3.22, 2.95, 2.97, 3.07, 2.47, 1.41, 1.27, 1.33, 1.32, 1.27, 1.44, 1.4, 1.35, 1.43, 0.95, 0, 1.01, 1.92, 2.73, 2.77, 2.95, 2.92, 3.76, 3.75, 4.14, 4.02, 3.21, 3.83, 5.02, 4.73, 5.52, 5.84, 5.47, 5.04, 4.06, 3.79, 2.89, 2.41, 2.54, 2.62, 3.27, 3.51, 4.03, 3.69, 3.12, 3.24, 3.64, 3.98, 3.97, 4.4, 4.83, 4.25, 4.42, 5.17, 5.43, 5.9, 6.65, 6.68, 6.33, 6.34, 4.57, 3.86, 4.58, 3.9, 4.64, 4.67, 4.81, 5.52, 5.95, 6.13, 5.94, 5.86, 5.44, 3.69, 3.78, 3.65, 3.66, 4.63, 4.25, 3.26, 3.55, 3.19, 3.09], [2.55, 1.94, 2.5, 2.61, 2.3, 2.58, 2.58, 2.14, 1.2, 1.26, 1.32, 1.25, 1.08, 1.49, 1.41, 1.62, 1.72, 1.4, 1.01, 0, 1.39, 2.36, 2.42, 2.64, 2.93, 3.81, 3.88, 4.33, 4.05, 3.26, 3.86, 5.17, 5.0, 5.79, 6.09, 5.8, 5.25, 4.07, 3.78, 2.92, 2.54, 2.11, 1.99, 2.64, 2.74, 3.18, 2.94, 2.59, 2.59, 2.99, 3.25, 3.24, 3.75, 4.18, 3.82, 4.03, 4.84, 5.22, 5.57, 6.12, 6.17, 5.809, 5.805, 4.08, 3.35, 4.13, 3.65, 3.89, 3.96, 4.1, 4.71, 5.14, 5.36, 5.17, 5.13, 4.63, 3.02, 3.79, 3.74, 3.89, 4.84, 4.48, 3.51, 3.52, 3.08, 2.92], [3.42, 2.79, 3.35, 3.3, 3.01, 3.47, 3.49, 3.13, 2.01, 1.47, 1.95, 2.16, 2.13, 2.52, 2.52, 2.73, 2.79, 2.41, 1.92, 1.39, 0, 1.17, 1.31, 1.63, 1.9, 2.7, 2.89, 3.26, 2.98, 2.39, 2.81, 4.12, 4.05, 5.04, 5.14, 4.87, 4.32, 3.16, 2.89, 2.29, 1.91, 1.62, 2.16, 2.79, 2.51, 2.45, 2.13, 1.9, 1.56, 1.88, 2.2, 2.49, 2.72, 3.15, 3.71, 4.9, 5.71, 6.15, 6.6, 7.01, 7.08, 6.699, 6.669, 4.93, 4.32, 5.1, 4.44, 3.44, 3.13, 3.43, 4.38, 4.71, 4.45, 4.5, 4.5, 3.86, 2.35, 2.84, 3.03, 3.16, 3.87, 3.49, 2.56, 2.49, 1.97, 2.09], [4.37, 3.72, 4.22, 4.15, 3.86, 4.46, 4.42, 4.02, 2.98, 2.32, 2.94, 3.21, 3.1, 3.51, 3.53, 3.7, 3.78, 3.3, 2.73, 2.36, 1.17, 0, 0.72, 0.78, 1.11, 1.95, 2.22, 2.45, 2.19, 1.76, 2.16, 3.35, 3.4, 4.43, 4.45, 4.2, 3.65, 2.57, 2.44, 2.26, 1.88, 2.09, 3.17, 3.76, 3.46, 2.92, 2.64, 2.29, 1.75, 1.81, 2.45, 2.9, 2.65, 3.1, 4.56, 5.91, 6.7, 7.162, 7.61, 7.92, 7.95, 7.486, 7.416, 5.9, 5.31, 6.11, 5.41, 4.21, 3.7, 4.12, 5.29, 5.3, 4.9, 5.15, 4.99, 4.45, 2.4, 2.23, 2.54, 2.65, 3.08, 2.66, 1.81, 1.66, 1.4, 1.56], [4.57, 3.94, 4.44, 4.37, 4.08, 4.66, 4.54, 4.12, 3.12, 2.28, 2.96, 3.25, 3.08, 3.57, 3.57, 3.72, 3.84, 3.32, 2.77, 2.42, 1.31, 0.72, 0, 0.76, 1.03, 1.83, 2.08, 2.31, 2.05, 1.76, 2.04, 3.15, 3.28, 4.29, 4.33, 4.12, 3.47, 2.51, 2.2, 2.04, 1.78, 2.17, 3.43, 4.02, 3.72, 3.08, 2.9, 2.53, 1.97, 1.91, 2.65, 3.14, 2.73, 3.1, 4.72, 6.109, 6.902, 7.382, 7.869, 8.094, 8.17, 7.743, 7.673, 6.06, 5.509, 6.31, 5.59, 4.35, 3.94, 4.32, 5.47, 5.54, 5.2, 5.43, 5.256, 4.55, 2.7, 2.19, 2.48, 2.55, 2.9, 2.5, 1.71, 1.58, 1.28, 1.54], [4.81, 4.14, 4.68, 4.59, 4.28, 4.86, 4.72, 4.32, 3.34, 2.6, 3.32, 3.47, 3.38, 3.83, 3.79, 4.04, 4.1, 3.56, 2.95, 2.64, 1.63, 0.78, 0.76, 0, 0.83, 1.63, 1.84, 2.23, 1.97, 1.64, 1.9, 3.05, 3.06, 4.07, 4.19, 3.94, 3.41, 2.41, 2.4, 2.24, 1.84, 2.35, 3.61, 4.2, 3.9, 3.4, 3.08, 2.67, 2.21, 2.09, 2.95, 3.42, 2.93, 3.16, 4.936, 6.323, 7.096, 7.576, 8.037, 8.3, 8.39, 7.946, 7.896, 6.22, 5.75, 6.53, 5.803, 4.61, 4.2, 4.56, 5.75, 5.82, 5.5, 5.71, 5.502, 4.83, 2.8, 2.13, 2.46, 2.45, 2.74, 2.52, 1.85, 1.66, 1.54, 1.58], [5.06, 4.43, 4.97, 4.86, 4.57, 5.11, 5.07, 4.59, 3.55, 2.81, 3.37, 3.66, 3.55, 4.04, 4.0, 4.11, 4.23, 3.53, 2.92, 2.93, 1.9, 1.11, 1.03, 0.83, 0, 1.12, 1.49, 1.8, 1.52, 1.07, 1.49, 2.64, 2.59, 3.54, 3.68, 3.39, 2.88, 1.92, 2.03, 1.75, 1.65, 2.44, 3.86, 4.45, 4.15, 3.81, 3.43, 2.96, 2.54, 2.62, 3.42, 3.85, 3.28, 3.59, 5.121, 6.54, 7.326, 7.806, 8.3, 8.59, 8.72, 8.299, 8.309, 6.55, 6.0, 6.74, 6.04, 4.98, 4.53, 4.85, 6.12, 6.27, 5.95, 6.16, 5.909, 5.18, 3.03, 1.6, 1.91, 1.86, 2.29, 2.11, 1.4, 1.29, 1.19, 1.15], [5.94, 5.29, 5.85, 5.76, 5.45, 5.95, 5.89, 5.41, 4.37, 3.79, 4.25, 4.52, 4.45, 4.88, 4.86, 4.93, 5.03, 4.35, 3.76, 3.81, 2.7, 1.95, 1.83, 1.63, 1.12, 0, 0.73, 1.12, 0.92, 0.95, 0.81, 1.72, 1.81, 2.8, 2.9, 2.63, 2.14, 1.26, 1.45, 1.69, 2.03, 3.1, 4.62, 5.21, 4.91, 4.51, 4.17, 3.74, 3.36, 3.32, 4.02, 4.45, 3.86, 4.19, 5.918, 7.34, 8.13, 8.607, 9.053, 9.45, 9.6, 9.199, 9.169, 7.39, 6.82, 7.56, 6.82, 5.84, 5.35, 5.77, 6.88, 7.07, 6.69, 6.94, 6.769, 5.98, 3.83, 1.18, 1.55, 1.46, 1.55, 1.49, 1.64, 1.19, 1.31, 1.35], [6.25, 5.66, 6.24, 6.17, 5.88, 6.32, 6.24, 5.84, 4.74, 4.0, 4.44, 4.59, 4.62, 4.89, 4.83, 4.9, 4.98, 4.38, 3.75, 3.88, 2.89, 2.22, 2.08, 1.84, 1.49, 0.73, 0, 0.83, 0.77, 1.14, 0.9, 1.45, 1.5, 2.47, 2.57, 2.32, 1.87, 1.13, 1.42, 1.7, 2.18, 3.29, 4.85, 5.46, 5.18, 4.72, 4.4, 4.07, 3.63, 3.55, 4.21, 4.64, 4.07, 4.48, 6.237, 7.63, 8.4, 8.86, 9.33, 9.86, 9.93, 9.566, 9.536, 7.78, 7.11, 7.89, 7.17, 6.21, 5.66, 6.08, 7.19, 7.3, 6.92, 7.17, 7.099, 6.33, 4.1, 1.19, 1.54, 1.45, 1.38, 1.56, 1.71, 1.3, 1.42, 1.56], [6.62, 6.03, 6.59, 6.52, 6.23, 6.73, 6.65, 6.27, 5.17, 4.37, 4.75, 5.02, 5.05, 5.34, 5.22, 5.23, 5.39, 4.67, 4.14, 4.33, 3.26, 2.45, 2.31, 2.23, 1.8, 1.12, 0.83, 0, 0.7, 1.51, 1.11, 1.26, 1.25, 2.28, 2.28, 2.09, 1.62, 1.18, 1.61, 1.89, 2.71, 3.8, 5.34, 5.95, 5.67, 4.97, 4.81, 4.46, 3.96, 3.78, 4.42, 4.99, 4.54, 4.93, 6.744, 8.14, 8.89, 9.347, 9.82, 10.227, 10.275, 9.888, 9.818, 8.17, 7.54, 8.34, 7.66, 6.5, 5.93, 6.43, 7.44, 7.51, 7.05, 7.36, 7.283, 6.68, 4.55, 1.24, 1.69, 1.56, 1.25, 1.25, 1.58, 1.29, 1.49, 1.61], [6.32, 5.73, 6.29, 6.2, 5.89, 6.45, 6.37, 5.93, 4.87, 4.01, 4.49, 4.8, 4.81, 5.04, 5.0, 5.05, 5.25, 4.51, 4.02, 4.05, 2.98, 2.19, 2.05, 1.97, 1.52, 0.92, 0.77, 0.7, 0, 1.17, 0.83, 1.24, 1.35, 2.3, 2.38, 2.13, 1.64, 1.0, 1.35, 1.61, 2.49, 3.56, 5.04, 5.63, 5.33, 4.81, 4.51, 4.12, 3.68, 3.64, 4.36, 4.81, 4.22, 4.69, 6.441, 7.84, 8.61, 9.078, 9.52, 9.89, 10.02, 9.616, 9.526, 7.87, 7.26, 8.04, 7.34, 6.24, 5.65, 6.11, 7.24, 7.35, 6.95, 7.2, 7.089, 6.4, 4.29, 0.9, 1.35, 1.24, 1.11, 1.19, 1.62, 1.27, 1.41, 1.41], [5.47, 4.86, 5.4, 5.35, 5.04, 5.46, 5.48, 5.04, 3.92, 3.32, 3.72, 3.99, 3.84, 4.17, 4.17, 4.26, 4.44, 3.8, 3.21, 3.26, 2.39, 1.76, 1.76, 1.64, 1.07, 0.95, 1.14, 1.51, 1.17, 0, 1.04, 2.29, 2.14, 2.95, 3.25, 2.88, 2.45, 1.41, 1.6, 1.4, 1.56, 2.55, 3.95, 4.54, 4.36, 4.2, 3.74, 3.21, 2.93, 3.13, 3.89, 4.2, 3.63, 4.1, 5.32, 6.71, 7.56, 7.94, 8.41, 9.06, 9.17, 8.772, 8.742, 6.96, 6.33, 7.05, 6.31, 5.47, 5.04, 5.34, 6.55, 6.82, 6.42, 6.63, 6.405, 5.75, 3.26, 0.91, 1.18, 1.27, 1.98, 1.86, 1.49, 1.22, 1.1, 1.0], [6.19, 5.58, 6.14, 6.09, 5.8, 6.22, 6.16, 5.76, 4.66, 4.0, 4.32, 4.63, 4.54, 4.81, 4.81, 4.82, 5.0, 4.2, 3.83, 3.86, 2.81, 2.16, 2.04, 1.9, 1.49, 0.81, 0.9, 1.11, 0.83, 1.04, 0, 1.51, 1.42, 2.41, 2.55, 2.28, 1.75, 0.95, 1.22, 1.32, 2.08, 3.21, 4.71, 5.34, 5.04, 4.56, 4.22, 3.87, 3.49, 3.43, 4.13, 4.5, 3.93, 4.42, 6.174, 7.57, 8.38, 8.78, 9.25, 9.78, 9.87, 9.486, 9.436, 7.68, 7.05, 7.83, 7.13, 6.13, 5.56, 6.0, 7.11, 7.24, 6.8, 7.03, 6.982, 6.27, 4.0, 0.81, 1.26, 1.15, 1.42, 1.46, 1.45, 1.04, 1.26, 1.3], [7.52, 6.91, 7.43, 7.4, 7.11, 7.57, 7.47, 7.11, 5.99, 5.23, 5.59, 5.84, 5.93, 6.16, 6.1, 6.11, 6.21, 5.43, 5.02, 5.17, 4.12, 3.35, 3.15, 3.05, 2.64, 1.72, 1.45, 1.26, 1.24, 2.29, 1.51, 0, 0.85, 1.42, 1.6, 1.51, 1.16, 1.32, 1.85, 2.43, 3.45, 4.62, 6.18, 6.77, 6.47, 5.85, 5.65, 5.26, 4.86, 4.66, 5.3, 5.79, 5.314, 5.667, 7.578, 8.98, 9.79, 10.23, 10.66, 11.087, 11.16, 10.753, 10.683, 8.99, 8.4, 9.2, 8.48, 7.38, 6.81, 7.33, 8.3, 8.47, 8.03, 8.3, 8.226, 7.52, 5.43, 1.84, 2.09, 1.76, 1.03, 1.49, 2.3, 2.03, 2.45, 2.47], [7.37, 6.78, 7.34, 7.31, 7.0, 7.42, 7.42, 7.0, 5.88, 5.14, 5.4, 5.63, 5.66, 5.85, 5.75, 5.66, 5.8, 5.02, 4.73, 5.0, 4.05, 3.4, 3.28, 3.06, 2.59, 1.81, 1.5, 1.25, 1.35, 2.14, 1.42, 0.85, 0, 1.25, 1.43, 1.26, 0.99, 1.13, 1.8, 2.18, 3.08, 4.31, 5.87, 6.54, 6.24, 5.76, 5.38, 5.11, 4.65, 4.61, 5.37, 5.76, 5.23, 5.72, 7.38, 8.77, 9.6, 10.04, 10.45, 11.02, 11.07, 10.709, 10.659, 8.92, 8.21, 9.03, 8.37, 7.37, 6.82, 7.22, 8.41, 8.5, 8.02, 8.27, 8.222, 7.53, 5.14, 1.63, 1.82, 1.51, 1.04, 1.52, 2.13, 2.16, 2.46, 2.44], [8.22, 7.63, 8.19, 8.14, 7.83, 8.21, 8.29, 7.81, 6.69, 5.95, 6.21, 6.4, 6.47, 6.66, 6.56, 6.47, 6.61, 5.85, 5.52, 5.79, 5.04, 4.43, 4.29, 4.07, 3.54, 2.8, 2.47, 2.28, 2.3, 2.95, 2.41, 1.42, 1.25, 0, 1.02, 0.83, 1.14, 2.14, 2.75, 3.05, 3.99, 5.14, 6.68, 7.29, 7.13, 6.79, 6.35, 5.9, 5.6, 5.58, 6.44, 6.77, 6.22, 6.65, 8.13, 9.52, 10.41, 10.83, 11.2, 11.85, 11.92, 11.562, 11.512, 9.77, 9.06, 9.84, 9.18, 8.28, 7.81, 8.17, 9.36, 9.53, 9.03, 9.28, 9.158, 8.5, 6.01, 2.52, 2.43, 2.12, 1.69, 2.21, 3.04, 3.21, 3.45, 3.37], [8.48, 7.89, 8.47, 8.4, 8.11, 8.55, 8.47, 8.09, 6.99, 6.23, 6.51, 6.74, 6.79, 6.94, 6.82, 6.73, 6.89, 6.15, 5.84, 6.09, 5.14, 4.45, 4.33, 4.19, 3.68, 2.9, 2.57, 2.28, 2.38, 3.25, 2.55, 1.6, 1.43, 1.02, 0, 0.57, 1.12, 2.2, 2.75, 3.31, 4.27, 5.42, 7.0, 7.67, 7.37, 6.75, 6.43, 6.22, 5.76, 5.8, 6.42, 6.75, 6.24, 6.85, 8.51, 9.9, 10.69, 11.15, 11.58, 12.09, 12.14, 11.776, 11.726, 10.01, 9.34, 10.12, 9.46, 8.42, 7.83, 8.31, 9.42, 9.49, 9.05, 9.3, 9.269, 8.58, 6.29, 2.68, 2.69, 2.36, 1.77, 2.07, 3.08, 3.19, 3.47, 3.49], [8.15, 7.56, 8.14, 8.07, 7.76, 8.2, 8.18, 7.72, 6.62, 5.88, 6.16, 6.41, 6.48, 6.61, 6.49, 6.4, 6.56, 5.8, 5.47, 5.8, 4.87, 4.2, 4.12, 3.94, 3.39, 2.63, 2.32, 2.09, 2.13, 2.88, 2.28, 1.51, 1.26, 0.83, 0.57, 0, 0.93, 1.97, 2.56, 3.02, 3.92, 5.07, 6.67, 7.32, 7.06, 6.6, 6.18, 5.87, 5.43, 5.53, 6.29, 6.6, 6.01, 6.6, 8.157, 9.55, 10.32, 10.78, 11.23, 11.78, 11.85, 11.489, 11.439, 9.7, 9.01, 9.79, 9.09, 8.17, 7.62, 8.02, 9.21, 9.3, 8.88, 9.09, 9.042, 8.35, 5.96, 2.41, 2.38, 2.05, 1.52, 1.94, 2.87, 3.04, 3.28, 3.28], [7.7, 7.11, 7.67, 7.62, 7.33, 7.71, 7.69, 7.33, 6.21, 5.47, 5.73, 5.96, 6.01, 6.22, 6.12, 6.05, 6.21, 5.41, 5.04, 5.25, 4.32, 3.65, 3.47, 3.41, 2.88, 2.14, 1.87, 1.62, 1.64, 2.45, 1.75, 1.16, 0.99, 1.14, 1.12, 0.93, 0, 1.38, 1.97, 2.47, 3.53, 4.68, 6.24, 6.83, 6.55, 6.03, 5.75, 5.44, 5.04, 5.04, 5.62, 5.99, 5.5, 6.05, 7.67, 9.06, 9.93, 10.35, 10.74, 11.327, 11.36, 10.993, 10.943, 9.23, 8.54, 9.36, 8.7, 7.64, 7.05, 7.53, 8.56, 8.69, 8.21, 8.52, 8.469, 7.78, 5.49, 1.92, 2.03, 1.76, 1.45, 1.65, 2.38, 2.37, 2.63, 2.65], [6.52, 5.93, 6.49, 6.44, 6.15, 6.53, 6.51, 6.13, 5.03, 4.31, 4.61, 4.82, 4.75, 4.96, 4.9, 4.95, 5.13, 4.41, 4.06, 4.07, 3.16, 2.57, 2.51, 2.41, 1.92, 1.26, 1.13, 1.18, 1.0, 1.41, 0.95, 1.32, 1.13, 2.14, 2.2, 1.97, 1.38, 0, 1.07, 1.41, 2.23, 3.34, 4.9, 5.59, 5.31, 4.85, 4.49, 4.24, 3.8, 3.94, 4.54, 4.81, 4.38, 5.11, 6.43, 7.82, 8.71, 9.11, 9.5, 10.15, 10.18, 9.819, 9.769, 8.03, 7.36, 8.16, 7.48, 6.48, 5.89, 6.35, 7.42, 7.57, 7.11, 7.4, 7.34, 6.7, 4.27, 1.0, 1.15, 1.14, 1.33, 1.23, 1.64, 1.39, 1.49, 1.53], [6.19, 5.62, 6.14, 6.11, 5.82, 6.2, 6.16, 5.8, 4.7, 4.04, 4.36, 4.57, 4.42, 4.77, 4.71, 4.76, 4.96, 4.26, 3.79, 3.78, 2.89, 2.44, 2.2, 2.4, 2.03, 1.45, 1.42, 1.61, 1.35, 1.6, 1.22, 1.85, 1.8, 2.75, 2.75, 2.56, 1.97, 1.07, 0, 1.18, 1.96, 3.09, 4.65, 5.32, 5.1, 4.58, 4.28, 4.03, 3.61, 3.73, 4.23, 4.4, 4.23, 4.88, 6.06, 7.45, 8.42, 8.8, 9.21, 9.817, 9.847, 9.48, 9.47, 7.7, 7.03, 7.83, 7.17, 6.11, 5.64, 6.04, 7.03, 7.22, 6.76, 7.03, 7.03, 6.39, 4.16, 1.33, 1.28, 1.23, 1.64, 1.34, 1.55, 1.4, 1.62, 1.72], [5.37, 4.78, 5.34, 5.29, 5.0, 5.38, 5.38, 5.0, 3.88, 3.14, 3.44, 3.69, 3.64, 3.75, 3.77, 3.78, 3.96, 3.28, 2.89, 2.92, 2.29, 2.26, 2.04, 2.24, 1.75, 1.69, 1.7, 1.89, 1.61, 1.4, 1.32, 2.43, 2.18, 3.05, 3.31, 3.02, 2.47, 1.41, 1.18, 0, 1.26, 2.31, 3.83, 4.48, 4.4, 4.26, 3.7, 3.31, 2.97, 3.23, 3.97, 4.1, 3.91, 4.58, 5.32, 6.67, 7.6, 7.98, 8.35, 9.0, 9.05, 8.686, 8.636, 6.9, 6.21, 7.03, 6.37, 5.47, 5.0, 5.34, 6.53, 6.78, 6.44, 6.55, 6.31, 5.89, 3.64, 1.37, 1.34, 1.41, 2.26, 1.92, 1.41, 1.44, 1.5, 1.44], [4.73, 4.16, 4.7, 4.67, 4.34, 4.66, 4.82, 4.24, 3.16, 2.64, 3.04, 3.15, 2.98, 3.23, 3.21, 3.3, 3.4, 2.9, 2.41, 2.54, 1.91, 1.88, 1.78, 1.84, 1.65, 2.03, 2.18, 2.71, 2.49, 1.56, 2.08, 3.45, 3.08, 3.99, 4.27, 3.92, 3.53, 2.23, 1.96, 1.26, 0, 1.41, 2.93, 3.68, 3.68, 3.62, 3.0, 2.63, 2.33, 2.71, 3.37, 3.44, 3.23, 3.98, 4.5, 5.79, 6.74, 7.12, 7.49, 8.38, 8.41, 8.058, 8.048, 6.24, 5.59, 6.25, 5.51, 4.95, 4.5, 4.82, 6.03, 6.28, 5.84, 6.05, 5.83, 5.37, 2.9, 2.23, 2.24, 2.27, 3.28, 2.96, 1.93, 1.94, 1.58, 1.58], [3.48, 2.93, 3.53, 3.44, 3.25, 3.65, 3.85, 3.37, 2.41, 2.39, 2.69, 2.76, 2.73, 2.94, 2.84, 3.05, 3.13, 2.95, 2.54, 2.11, 1.62, 2.09, 2.17, 2.35, 2.44, 3.1, 3.29, 3.8, 3.56, 2.55, 3.21, 4.62, 4.31, 5.14, 5.42, 5.07, 4.68, 3.34, 3.09, 2.31, 1.41, 0, 1.88, 2.59, 2.47, 2.67, 2.03, 1.62, 1.38, 1.92, 2.4, 2.43, 2.44, 3.13, 3.43, 4.62, 5.57, 5.93, 6.3, 7.11, 7.16, 6.805, 6.775, 4.99, 4.32, 5.04, 4.34, 3.86, 3.51, 3.77, 4.88, 5.21, 4.79, 4.94, 4.78, 4.4, 2.03, 3.2, 3.17, 3.38, 4.41, 4.09, 3.08, 2.99, 2.55, 2.43], [1.92, 1.55, 2.11, 1.96, 2.01, 2.39, 2.67, 2.29, 2.07, 2.45, 2.19, 2.1, 2.25, 2.32, 2.4, 2.63, 2.57, 2.77, 2.62, 1.99, 2.16, 3.17, 3.43, 3.61, 3.86, 4.62, 4.85, 5.34, 5.04, 3.95, 4.71, 6.18, 5.87, 6.68, 7.0, 6.67, 6.24, 4.9, 4.65, 3.83, 2.93, 1.88, 0, 1.03, 1.27, 1.79, 1.61, 1.5, 1.8, 2.38, 2.18, 2.01, 2.42, 3.11, 2.47, 3.14, 3.89, 4.25, 4.62, 5.51, 5.58, 5.222, 5.175, 3.41, 2.78, 3.38, 2.92, 2.7, 2.75, 2.89, 3.48, 3.89, 3.99, 3.88, 3.94, 3.36, 1.67, 4.52, 4.57, 4.88, 5.93, 5.61, 4.6, 4.49, 3.95, 3.85], [2.01, 1.92, 2.16, 1.73, 1.88, 2.26, 2.56, 2.34, 2.66, 3.14, 2.68, 2.51, 2.88, 2.95, 2.85, 2.96, 3.0, 3.42, 3.27, 2.64, 2.79, 3.76, 4.02, 4.2, 4.45, 5.21, 5.46, 5.95, 5.63, 4.54, 5.34, 6.77, 6.54, 7.29, 7.67, 7.32, 6.83, 5.59, 5.32, 4.48, 3.68, 2.59, 1.03, 0, 0.9, 1.6, 1.52, 1.81, 2.29, 2.79, 2.51, 2.22, 2.51, 2.98, 2.38, 2.77, 3.36, 3.6, 3.99, 4.9, 4.97, 4.612, 4.562, 2.8, 2.37, 2.77, 2.63, 2.53, 2.54, 2.58, 3.15, 3.6, 3.64, 3.67, 3.69, 2.99, 1.94, 5.09, 5.16, 5.45, 6.5, 6.18, 5.15, 5.08, 4.54, 4.38], [2.09, 1.94, 1.98, 1.69, 1.9, 2.5, 2.7, 2.58, 2.88, 3.18, 2.8, 2.85, 3.14, 3.33, 3.27, 3.36, 3.3, 3.62, 3.51, 2.74, 2.51, 3.46, 3.72, 3.9, 4.15, 4.91, 5.18, 5.67, 5.33, 4.36, 5.04, 6.47, 6.24, 7.13, 7.37, 7.06, 6.55, 5.31, 5.1, 4.4, 3.68, 2.47, 1.27, 0.9, 0, 1.14, 1.26, 1.65, 2.07, 2.49, 2.15, 1.94, 2.13, 2.54, 2.36, 2.91, 3.5, 3.86, 4.23, 5.0, 5.07, 4.709, 4.659, 2.9, 2.29, 2.93, 2.57, 2.27, 2.24, 2.36, 2.75, 3.18, 3.04, 3.17, 3.31, 2.43, 1.64, 4.81, 5.0, 5.29, 6.22, 5.88, 4.89, 4.8, 4.26, 4.12], [2.47, 2.36, 2.46, 2.11, 2.4, 2.98, 3.22, 3.26, 3.38, 3.5, 3.26, 3.43, 3.56, 3.81, 3.83, 4.0, 3.88, 4.06, 4.03, 3.18, 2.45, 2.92, 3.08, 3.4, 3.81, 4.51, 4.72, 4.97, 4.81, 4.2, 4.56, 5.85, 5.76, 6.79, 6.75, 6.6, 6.03, 4.85, 4.58, 4.26, 3.62, 2.67, 1.79, 1.6, 1.14, 0, 0.86, 1.71, 1.77, 1.93, 1.57, 1.5, 1.65, 2.12, 2.78, 3.47, 4.22, 4.64, 5.03, 5.594, 5.584, 5.2, 5.15, 3.54, 2.85, 3.63, 3.11, 2.21, 2.0, 2.28, 2.87, 2.94, 2.6, 2.89, 3.09, 2.21, 1.5, 4.45, 4.86, 5.11, 5.74, 5.32, 4.33, 4.08, 3.62, 3.86], [2.47, 2.3, 2.54, 2.31, 2.44, 3.06, 3.28, 3.24, 3.04, 3.16, 3.1, 3.29, 3.38, 3.55, 3.63, 3.82, 3.76, 3.9, 3.69, 2.94, 2.13, 2.64, 2.9, 3.08, 3.43, 4.17, 4.4, 4.81, 4.51, 3.74, 4.22, 5.65, 5.38, 6.35, 6.43, 6.18, 5.75, 4.49, 4.28, 3.7, 3.0, 2.03, 1.61, 1.52, 1.26, 0.86, 0, 1.21, 1.35, 1.83, 1.61, 1.48, 1.39, 1.92, 2.54, 3.53, 4.4, 4.82, 5.21, 5.78, 5.85, 5.489, 5.439, 3.7, 3.03, 3.81, 3.17, 2.27, 1.88, 2.12, 3.21, 3.4, 2.96, 3.15, 3.13, 2.51, 1.08, 4.09, 4.36, 4.59, 5.4, 5.08, 4.11, 3.92, 3.44, 3.52], [2.6, 2.11, 2.59, 2.36, 2.47, 3.05, 3.41, 3.09, 2.47, 2.63, 2.75, 2.94, 3.03, 3.22, 3.36, 3.65, 3.57, 3.49, 3.12, 2.59, 1.9, 2.29, 2.53, 2.67, 2.96, 3.74, 4.07, 4.46, 4.12, 3.21, 3.87, 5.26, 5.11, 5.9, 6.22, 5.87, 5.44, 4.24, 4.03, 3.31, 2.63, 1.62, 1.5, 1.81, 1.65, 1.71, 1.21, 0, 0.94, 1.52, 1.72, 1.85, 1.54, 2.15, 2.67, 3.76, 4.59, 5.01, 5.44, 5.97, 6.06, 5.682, 5.64, 3.91, 3.26, 4.0, 3.32, 2.72, 2.37, 2.61, 3.68, 4.07, 3.73, 3.8, 3.6, 3.24, 1.03, 3.72, 3.81, 4.08, 4.99, 4.67, 3.68, 3.65, 3.07, 2.91], [2.96, 2.53, 2.97, 2.78, 2.89, 3.61, 3.89, 3.55, 2.65, 2.69, 3.09, 3.32, 3.21, 3.46, 3.5, 3.89, 3.87, 3.61, 3.24, 2.59, 1.56, 1.75, 1.97, 2.21, 2.54, 3.36, 3.63, 3.96, 3.68, 2.93, 3.49, 4.86, 4.65, 5.6, 5.76, 5.43, 5.04, 3.8, 3.61, 2.97, 2.33, 1.38, 1.8, 2.29, 2.07, 1.77, 1.35, 0.94, 0, 0.78, 1.22, 1.59, 1.52, 2.09, 2.99, 4.36, 5.11, 5.587, 6.04, 6.45, 6.46, 6.079, 6.009, 4.43, 3.76, 4.56, 3.9, 2.86, 2.41, 2.67, 3.96, 4.03, 3.67, 3.82, 3.68, 3.22, 1.23, 3.4, 3.61, 3.86, 4.55, 4.23, 3.18, 3.13, 2.61, 2.73], [3.42, 3.07, 3.45, 3.2, 3.45, 4.21, 4.41, 4.15, 3.21, 3.07, 3.53, 3.74, 3.67, 3.9, 3.96, 4.29, 4.29, 4.03, 3.64, 2.99, 1.88, 1.81, 1.91, 2.09, 2.62, 3.32, 3.55, 3.78, 3.64, 3.13, 3.43, 4.66, 4.61, 5.58, 5.8, 5.53, 5.04, 3.94, 3.73, 3.23, 2.71, 1.92, 2.38, 2.79, 2.49, 1.93, 1.83, 1.52, 0.78, 0, 1.12, 1.63, 1.54, 1.89, 3.31, 4.68, 5.43, 5.907, 6.36, 6.744, 6.734, 6.307, 6.237, 4.73, 4.08, 4.88, 4.22, 3.02, 2.53, 2.91, 4.06, 4.07, 3.69, 3.78, 3.712, 3.28, 1.55, 3.42, 3.85, 4.08, 4.47, 4.23, 3.14, 3.05, 2.61, 2.83], [3.28, 2.97, 3.25, 2.98, 3.37, 4.05, 4.29, 4.05, 3.31, 3.47, 3.65, 3.86, 3.79, 4.02, 4.1, 4.43, 4.39, 4.27, 3.98, 3.25, 2.2, 2.45, 2.65, 2.95, 3.42, 4.02, 4.21, 4.42, 4.36, 3.89, 4.13, 5.3, 5.37, 6.44, 6.42, 6.29, 5.62, 4.54, 4.23, 3.97, 3.37, 2.4, 2.18, 2.51, 2.15, 1.57, 1.61, 1.72, 1.22, 1.12, 0, 0.87, 1.22, 1.71, 2.73, 4.06, 4.89, 5.33, 5.74, 6.219, 6.172, 5.788, 5.738, 4.15, 3.5, 4.28, 3.68, 2.48, 1.99, 2.47, 3.4, 3.43, 2.89, 3.18, 3.26, 2.74, 1.57, 4.1, 4.55, 4.78, 5.33, 4.85, 3.86, 3.39, 3.19, 3.49], [3.19, 2.92, 3.16, 2.87, 3.32, 3.88, 4.08, 3.94, 3.34, 3.54, 3.58, 3.75, 3.78, 3.87, 3.85, 4.12, 4.14, 4.26, 3.97, 3.24, 2.49, 2.9, 3.14, 3.42, 3.85, 4.45, 4.64, 4.99, 4.81, 4.2, 4.5, 5.79, 5.76, 6.77, 6.75, 6.6, 5.99, 4.81, 4.4, 4.1, 3.44, 2.43, 2.01, 2.22, 1.94, 1.5, 1.48, 1.85, 1.59, 1.63, 0.87, 0, 1.17, 1.76, 2.34, 3.47, 4.42, 4.8, 5.17, 5.814, 5.81, 5.426, 5.376, 3.72, 3.07, 3.87, 3.19, 2.13, 1.64, 2.1, 3.03, 3.12, 2.74, 2.97, 3.01, 2.45, 1.62, 4.47, 4.84, 5.13, 5.76, 5.32, 4.39, 4.0, 3.66, 3.88], [3.54, 3.25, 3.55, 3.16, 3.59, 4.15, 4.39, 4.29, 3.79, 3.97, 4.05, 4.24, 4.29, 4.4, 4.48, 4.81, 4.75, 4.71, 4.4, 3.75, 2.72, 2.65, 2.73, 2.93, 3.28, 3.86, 4.07, 4.54, 4.22, 3.63, 3.93, 5.314, 5.23, 6.22, 6.24, 6.01, 5.5, 4.38, 4.23, 3.91, 3.23, 2.44, 2.42, 2.51, 2.13, 1.65, 1.39, 1.54, 1.52, 1.54, 1.22, 1.17, 0, 1.13, 2.43, 3.84, 4.67, 5.09, 5.52, 6.09, 6.16, 5.796, 5.746, 4.03, 3.4, 4.12, 3.46, 2.5, 1.89, 2.37, 3.38, 3.51, 3.05, 3.32, 3.3, 2.64, 1.25, 3.88, 4.35, 4.56, 5.21, 4.91, 4.0, 3.61, 3.27, 3.49], [3.59, 3.52, 3.78, 3.31, 3.76, 4.32, 4.54, 4.58, 4.1, 4.3, 4.48, 4.75, 4.8, 5.13, 5.23, 5.56, 5.48, 5.38, 4.83, 4.18, 3.15, 3.1, 3.1, 3.16, 3.59, 4.19, 4.48, 4.93, 4.69, 4.1, 4.42, 5.667, 5.72, 6.65, 6.85, 6.6, 6.05, 5.11, 4.88, 4.58, 3.98, 3.13, 3.11, 2.98, 2.54, 2.12, 1.92, 2.15, 2.09, 1.89, 1.71, 1.76, 1.13, 0, 1.98, 3.39, 4.26, 4.7, 5.19, 5.52, 5.61, 5.226, 5.256, 3.48, 3.11, 3.75, 3.03, 1.91, 1.58, 1.9, 2.99, 3.2, 2.8, 2.99, 2.83, 2.11, 1.78, 4.43, 4.8, 4.99, 5.4, 5.32, 4.49, 4.12, 3.96, 4.08], [3.01, 3.16, 3.3, 2.79, 3.24, 3.62, 4.1, 4.02, 3.72, 4.02, 3.94, 4.07, 4.26, 4.39, 4.51, 4.78, 4.74, 4.76, 4.25, 3.82, 3.71, 4.56, 4.72, 4.936, 5.121, 5.918, 6.237, 6.744, 6.441, 5.32, 6.174, 7.578, 7.38, 8.13, 8.51, 8.157, 7.67, 6.43, 6.06, 5.32, 4.5, 3.43, 2.47, 2.38, 2.36, 2.78, 2.54, 2.67, 2.99, 3.31, 2.73, 2.34, 2.43, 1.98, 0, 1.45, 2.54, 2.9, 3.29, 4.12, 4.19, 3.84, 3.89, 2.5, 2.35, 2.47, 1.75, 1.21, 1.36, 1.32, 1.89, 2.32, 2.38, 2.29, 2.27, 1.99, 2.56, 5.87, 5.88, 6.17, 7.168, 6.865, 5.887, 5.82, 5.36, 5.28], [2.74, 3.07, 2.97, 2.54, 3.05, 3.27, 3.77, 3.77, 3.81, 4.45, 3.95, 3.98, 4.07, 4.16, 4.4, 4.49, 4.41, 4.73, 4.42, 4.03, 4.9, 5.91, 6.109, 6.323, 6.54, 7.34, 7.63, 8.14, 7.84, 6.71, 7.57, 8.98, 8.77, 9.52, 9.9, 9.55, 9.06, 7.82, 7.45, 6.67, 5.79, 4.62, 3.14, 2.77, 2.91, 3.47, 3.53, 3.76, 4.36, 4.68, 4.06, 3.47, 3.84, 3.39, 1.45, 0, 1.35, 1.79, 2.06, 2.97, 3.02, 2.69, 2.74, 1.83, 1.88, 1.62, 1.06, 1.86, 2.31, 1.89, 1.68, 2.15, 2.41, 2.32, 2.46, 2.12, 3.63, 7.26, 7.23, 7.54, 8.59, 8.283, 7.28, 7.21, 6.75, 6.59], [3.05, 3.56, 3.16, 2.71, 3.16, 3.1, 3.52, 3.84, 4.38, 5.08, 4.52, 4.41, 4.62, 4.75, 4.85, 4.88, 4.76, 5.26, 5.17, 4.84, 5.71, 6.7, 6.902, 7.096, 7.326, 8.13, 8.4, 8.89, 8.61, 7.56, 8.38, 9.79, 9.6, 10.41, 10.69, 10.32, 9.93, 8.71, 8.42, 7.6, 6.74, 5.57, 3.89, 3.36, 3.5, 4.22, 4.4, 4.59, 5.11, 5.43, 4.89, 4.42, 4.67, 4.26, 2.54, 1.35, 0, 1.04, 1.23, 1.78, 1.89, 1.78, 1.83, 1.66, 1.89, 1.37, 1.51, 2.73, 3.12, 2.66, 2.05, 2.1, 2.6, 2.45, 2.61, 2.55, 4.5, 8.11, 8.18, 8.45, 9.4, 9.08, 8.05, 8.06, 7.58, 7.44], [3.19, 3.72, 3.32, 3.21, 3.5, 2.98, 3.34, 3.76, 4.56, 5.42, 4.86, 4.67, 4.76, 4.63, 4.81, 4.74, 4.7, 5.38, 5.43, 5.22, 6.15, 7.162, 7.382, 7.576, 7.806, 8.607, 8.86, 9.347, 9.078, 7.94, 8.78, 10.23, 10.04, 10.83, 11.15, 10.78, 10.35, 9.11, 8.8, 7.98, 7.12, 5.93, 4.25, 3.6, 3.86, 4.64, 4.82, 5.01, 5.587, 5.907, 5.33, 4.8, 5.09, 4.7, 2.9, 1.79, 1.04, 0, 0.97, 1.76, 1.77, 1.68, 1.75, 1.7, 2.11, 1.47, 2.03, 3.23, 3.56, 3.18, 2.69, 2.76, 3.3, 3.19, 3.41, 3.23, 4.9, 8.53, 8.6, 8.89, 9.862, 9.536, 8.547, 8.5, 8.0, 7.88], [3.62, 4.19, 3.67, 3.62, 3.87, 3.39, 3.79, 4.27, 5.07, 5.87, 5.33, 5.06, 5.15, 5.02, 5.2, 5.17, 5.11, 5.73, 5.9, 5.57, 6.6, 7.61, 7.869, 8.037, 8.3, 9.053, 9.33, 9.82, 9.52, 8.41, 9.25, 10.66, 10.45, 11.2, 11.58, 11.23, 10.74, 9.5, 9.21, 8.35, 7.49, 6.3, 4.62, 3.99, 4.23, 5.03, 5.21, 5.44, 6.04, 6.36, 5.74, 5.17, 5.52, 5.19, 3.29, 2.06, 1.23, 0.97, 0, 1.33, 1.38, 1.45, 1.5, 2.01, 2.56, 1.6, 2.34, 3.62, 3.97, 3.57, 2.72, 2.79, 3.25, 3.24, 3.44, 3.38, 5.35, 8.96, 8.99, 9.3, 10.349, 10.021, 9.02, 8.95, 8.43, 8.27], [4.01, 4.48, 4.0, 3.89, 4.16, 3.86, 4.16, 4.74, 5.5, 6.32, 5.94, 5.81, 5.8, 6.13, 6.03, 6.14, 6.08, 6.66, 6.65, 6.12, 7.01, 7.92, 8.094, 8.3, 8.59, 9.45, 9.86, 10.227, 9.89, 9.06, 9.78, 11.087, 11.02, 11.85, 12.09, 11.78, 11.327, 10.15, 9.817, 9.0, 8.38, 7.11, 5.51, 4.9, 5.0, 5.594, 5.78, 5.97, 6.45, 6.744, 6.219, 5.814, 6.09, 5.52, 4.12, 2.97, 1.78, 1.76, 1.33, 0, 0.93, 1.26, 1.33, 2.4, 2.93, 2.19, 2.95, 3.867, 4.337, 3.88, 3.01, 3.06, 3.6, 3.35, 3.49, 3.63, 5.96, 9.55, 9.58, 9.83, 10.64, 10.294, 9.336, 9.372, 8.914, 8.794], [3.9, 4.31, 3.85, 3.92, 4.25, 3.89, 4.09, 4.71, 5.55, 6.43, 5.97, 5.86, 5.69, 5.94, 5.98, 5.99, 5.81, 6.47, 6.68, 6.17, 7.08, 7.95, 8.17, 8.39, 8.72, 9.6, 9.93, 10.275, 10.02, 9.17, 9.87, 11.16, 11.07, 11.92, 12.14, 11.85, 11.36, 10.18, 9.847, 9.05, 8.41, 7.16, 5.58, 4.97, 5.07, 5.584, 5.85, 6.06, 6.46, 6.734, 6.172, 5.81, 6.16, 5.61, 4.19, 3.02, 1.89, 1.77, 1.38, 0.93, 0, 0.85, 1.12, 2.39, 2.92, 2.24, 3.02, 3.96, 4.41, 3.97, 3.16, 3.15, 3.59, 3.4, 3.66, 3.74, 6.03, 9.62, 9.65, 9.92, 10.77, 10.347, 9.32, 9.364, 8.902, 8.785], [3.67, 4.08, 3.62, 3.505, 3.84, 3.54, 3.92, 4.46, 5.28, 6.12, 5.7, 5.53, 5.52, 5.87, 5.79, 5.86, 5.74, 6.34, 6.33, 5.809, 6.699, 7.486, 7.743, 7.946, 8.299, 9.199, 9.566, 9.888, 9.616, 8.772, 9.486, 10.753, 10.709, 11.562, 11.776, 11.489, 10.993, 9.819, 9.48, 8.686, 8.058, 6.805, 5.222, 4.612, 4.709, 5.2, 5.489, 5.682, 6.079, 6.307, 5.788, 5.426, 5.796, 5.226, 3.84, 2.69, 1.78, 1.68, 1.45, 1.26, 0.85, 0, 0.57, 2.1, 2.69, 2.01, 2.63, 3.556, 4.026, 3.549, 2.67, 2.76, 3.22, 3.09, 3.17, 3.33, 5.672, 9.256, 9.292, 9.562, 10.369, 9.94, 8.902, 8.98, 8.515, 8.418], [3.64, 4.13, 3.71, 3.58, 3.85, 3.65, 3.93, 4.43, 5.21, 6.07, 5.75, 5.58, 5.59, 5.82, 5.7, 5.83, 5.77, 6.31, 6.34, 5.805, 6.669, 7.416, 7.673, 7.896, 8.309, 9.169, 9.536, 9.818, 9.526, 8.742, 9.436, 10.683, 10.659, 11.512, 11.726, 11.439, 10.943, 9.769, 9.47, 8.636, 8.048, 6.775, 5.175, 4.562, 4.659, 5.15, 5.439, 5.64, 6.009, 6.237, 5.738, 5.376, 5.746, 5.256, 3.89, 2.74, 1.83, 1.75, 1.5, 1.33, 1.12, 0.57, 0, 2.19, 2.68, 2.02, 2.64, 3.506, 3.936, 3.499, 2.6, 2.63, 3.11, 2.96, 3.0, 3.3, 5.662, 9.226, 9.282, 9.552, 10.319, 9.91, 8.855, 8.97, 8.468, 8.368], [2.25, 2.6, 2.2, 1.87, 2.3, 2.32, 2.42, 2.84, 3.54, 4.34, 3.84, 3.67, 3.86, 4.25, 4.27, 4.2, 4.18, 4.76, 4.57, 4.08, 4.93, 5.9, 6.06, 6.22, 6.55, 7.39, 7.78, 8.17, 7.87, 6.96, 7.68, 8.99, 8.92, 9.77, 10.01, 9.7, 9.23, 8.03, 7.7, 6.9, 6.24, 4.99, 3.41, 2.8, 2.9, 3.54, 3.7, 3.91, 4.43, 4.73, 4.15, 3.72, 4.03, 3.48, 2.5, 1.83, 1.66, 1.7, 2.01, 2.4, 2.39, 2.1, 2.19, 0, 1.17, 1.09, 1.51, 2.27, 2.64, 2.44, 2.39, 2.82, 3.18, 3.07, 3.13, 2.61, 3.88, 7.45, 7.46, 7.73, 8.58, 8.2, 7.33, 7.3, 6.84, 6.7], [1.5, 1.87, 1.53, 1.56, 1.89, 2.09, 2.19, 2.41, 2.79, 3.65, 3.15, 3.24, 3.07, 3.54, 3.44, 3.59, 3.43, 3.83, 3.86, 3.35, 4.32, 5.31, 5.509, 5.75, 6.0, 6.82, 7.11, 7.54, 7.26, 6.33, 7.05, 8.4, 8.21, 9.06, 9.34, 9.01, 8.54, 7.36, 7.03, 6.21, 5.59, 4.32, 2.78, 2.37, 2.29, 2.85, 3.03, 3.26, 3.76, 4.08, 3.5, 3.07, 3.4, 3.11, 2.35, 1.88, 1.89, 2.11, 2.56, 2.93, 2.92, 2.69, 2.68, 1.17, 0, 1.22, 1.32, 2.1, 2.37, 2.29, 2.5, 2.87, 3.17, 3.08, 3.14, 2.54, 3.17, 6.78, 6.79, 7.08, 7.99, 7.69, 6.68, 6.65, 6.19, 6.03], [2.26, 2.73, 2.31, 2.12, 2.43, 2.27, 2.59, 2.95, 3.59, 4.39, 3.89, 3.66, 3.91, 4.18, 4.1, 4.19, 4.13, 4.63, 4.58, 4.13, 5.1, 6.11, 6.31, 6.53, 6.74, 7.56, 7.89, 8.34, 8.04, 7.05, 7.83, 9.2, 9.03, 9.84, 10.12, 9.79, 9.36, 8.16, 7.83, 7.03, 6.25, 5.04, 3.38, 2.77, 2.93, 3.63, 3.81, 4.0, 4.56, 4.88, 4.28, 3.87, 4.12, 3.75, 2.47, 1.62, 1.37, 1.47, 1.6, 2.19, 2.24, 2.01, 2.02, 1.09, 1.22, 0, 1.1, 2.26, 2.59, 2.41, 2.26, 2.61, 2.87, 2.8, 2.86, 2.34, 3.93, 7.54, 7.57, 7.8, 8.79, 8.49, 7.48, 7.43, 6.97, 6.83], [2.12, 2.47, 2.29, 1.86, 2.43, 2.59, 3.03, 3.09, 3.19, 3.89, 3.47, 3.56, 3.69, 3.92, 4.1, 4.23, 4.09, 4.35, 3.9, 3.65, 4.44, 5.41, 5.59, 5.803, 6.04, 6.82, 7.17, 7.66, 7.34, 6.31, 7.13, 8.48, 8.37, 9.18, 9.46, 9.09, 8.7, 7.48, 7.17, 6.37, 5.51, 4.34, 2.92, 2.63, 2.57, 3.11, 3.17, 3.32, 3.9, 4.22, 3.68, 3.19, 3.46, 3.03, 1.75, 1.06, 1.51, 2.03, 2.34, 2.95, 3.02, 2.63, 2.64, 1.51, 1.32, 1.1, 0, 1.56, 2.03, 1.67, 1.82, 2.23, 2.51, 2.3, 2.32, 1.78, 3.27, 6.88, 6.89, 7.16, 8.07, 7.77, 6.82, 6.81, 6.35, 6.19], [2.84, 2.99, 3.01, 2.48, 2.93, 3.55, 3.75, 3.87, 3.79, 3.83, 3.93, 4.22, 4.37, 4.76, 4.84, 5.11, 5.03, 5.03, 4.64, 3.89, 3.44, 4.21, 4.35, 4.61, 4.98, 5.84, 6.21, 6.5, 6.24, 5.47, 6.13, 7.38, 7.37, 8.28, 8.42, 8.17, 7.64, 6.48, 6.11, 5.47, 4.95, 3.86, 2.7, 2.53, 2.27, 2.21, 2.27, 2.72, 2.86, 3.02, 2.48, 2.13, 2.5, 1.91, 1.21, 1.86, 2.73, 3.23, 3.62, 3.867, 3.96, 3.556, 3.506, 2.27, 2.1, 2.26, 1.56, 0, 0.83, 0.73, 1.42, 1.77, 1.79, 1.68, 1.66, 1.18, 2.47, 5.9, 6.07, 6.28, 6.95, 6.55, 5.62, 5.65, 5.19, 5.23], [2.99, 3.12, 3.3, 2.77, 3.26, 3.88, 4.12, 4.16, 3.92, 4.0, 4.12, 4.39, 4.56, 4.79, 4.87, 5.12, 5.04, 5.06, 4.67, 3.96, 3.13, 3.7, 3.94, 4.2, 4.53, 5.35, 5.66, 5.93, 5.65, 5.04, 5.56, 6.81, 6.82, 7.81, 7.83, 7.62, 7.05, 5.89, 5.64, 5.0, 4.5, 3.51, 2.75, 2.54, 2.24, 2.0, 1.88, 2.37, 2.41, 2.53, 1.99, 1.64, 1.89, 1.58, 1.36, 2.31, 3.12, 3.56, 3.97, 4.337, 4.41, 4.026, 3.936, 2.64, 2.37, 2.59, 2.03, 0.83, 0, 0.7, 1.75, 1.94, 1.8, 1.79, 1.71, 1.45, 2.1, 5.37, 5.66, 5.89, 6.56, 6.1, 5.21, 5.16, 4.62, 4.72], [2.97, 3.14, 3.22, 2.65, 3.16, 3.82, 4.1, 4.18, 4.04, 4.02, 4.12, 4.45, 4.54, 4.91, 5.01, 5.22, 5.12, 5.2, 4.81, 4.1, 3.43, 4.12, 4.32, 4.56, 4.85, 5.77, 6.08, 6.43, 6.11, 5.34, 6.0, 7.33, 7.22, 8.17, 8.31, 8.02, 7.53, 6.35, 6.04, 5.34, 4.82, 3.77, 2.89, 2.58, 2.36, 2.28, 2.12, 2.61, 2.67, 2.91, 2.47, 2.1, 2.37, 1.9, 1.32, 1.89, 2.66, 3.18, 3.57, 3.88, 3.97, 3.549, 3.499, 2.44, 2.29, 2.41, 1.67, 0.73, 0.7, 0, 1.39, 1.64, 1.6, 1.61, 1.55, 1.23, 2.36, 5.77, 6.0, 6.23, 6.92, 6.56, 5.57, 5.58, 5.1, 5.12], [3.5, 3.81, 3.51, 2.94, 3.49, 3.93, 4.23, 4.59, 4.75, 4.99, 4.77, 4.96, 5.15, 5.52, 5.52, 5.71, 5.59, 5.79, 5.52, 4.71, 4.38, 5.29, 5.47, 5.75, 6.12, 6.88, 7.19, 7.44, 7.24, 6.55, 7.11, 8.3, 8.41, 9.36, 9.42, 9.21, 8.56, 7.42, 7.03, 6.53, 6.03, 4.88, 3.48, 3.15, 2.75, 2.87, 3.21, 3.68, 3.96, 4.06, 3.4, 3.03, 3.38, 2.99, 1.89, 1.68, 2.05, 2.69, 2.72, 3.01, 3.16, 2.67, 2.6, 2.39, 2.5, 2.26, 1.82, 1.42, 1.75, 1.39, 0, 0.91, 1.15, 1.14, 1.34, 1.24, 3.57, 6.9, 7.21, 7.44, 8.11, 7.59, 6.7, 6.61, 6.07, 6.11], [3.87, 4.18, 3.92, 3.27, 3.72, 4.14, 4.56, 5.08, 5.22, 5.32, 5.14, 5.45, 5.56, 5.87, 5.95, 6.14, 6.0, 6.16, 5.95, 5.14, 4.71, 5.3, 5.54, 5.82, 6.27, 7.07, 7.3, 7.51, 7.35, 6.82, 7.24, 8.47, 8.5, 9.53, 9.49, 9.3, 8.69, 7.57, 7.22, 6.78, 6.28, 5.21, 3.89, 3.6, 3.18, 2.94, 3.4, 4.07, 4.03, 4.07, 3.43, 3.12, 3.51, 3.2, 2.32, 2.15, 2.1, 2.76, 2.79, 3.06, 3.15, 2.76, 2.63, 2.82, 2.87, 2.61, 2.23, 1.77, 1.94, 1.64, 0.91, 0, 0.8, 0.99, 1.21, 1.37, 3.84, 7.09, 7.52, 7.75, 8.3, 7.8, 6.77, 6.68, 6.2, 6.46], [4.19, 4.46, 4.16, 3.59, 4.02, 4.5, 4.88, 5.38, 5.44, 5.46, 5.4, 5.67, 5.8, 6.07, 6.15, 6.34, 6.2, 6.34, 6.13, 5.36, 4.45, 4.9, 5.2, 5.5, 5.95, 6.69, 6.92, 7.05, 6.95, 6.42, 6.8, 8.03, 8.02, 9.03, 9.05, 8.88, 8.21, 7.11, 6.76, 6.44, 5.84, 4.79, 3.99, 3.64, 3.04, 2.6, 2.96, 3.73, 3.67, 3.69, 2.89, 2.74, 3.05, 2.8, 2.38, 2.41, 2.6, 3.3, 3.25, 3.6, 3.59, 3.22, 3.11, 3.18, 3.17, 2.87, 2.51, 1.79, 1.8, 1.6, 1.15, 0.8, 0, 0.77, 1.21, 1.21, 3.42, 6.67, 7.08, 7.31, 7.92, 7.38, 6.29, 6.14, 5.7, 5.98], [3.94, 4.21, 4.03, 3.4, 3.99, 4.49, 4.85, 5.23, 5.21, 5.27, 5.19, 5.48, 5.63, 5.88, 5.96, 6.15, 6.07, 6.15, 5.94, 5.17, 4.5, 5.15, 5.43, 5.71, 6.16, 6.94, 7.17, 7.36, 7.2, 6.63, 7.03, 8.3, 8.27, 9.28, 9.3, 9.09, 8.52, 7.4, 7.03, 6.55, 6.05, 4.94, 3.88, 3.67, 3.17, 2.89, 3.15, 3.8, 3.82, 3.78, 3.18, 2.97, 3.32, 2.99, 2.29, 2.32, 2.45, 3.19, 3.24, 3.35, 3.4, 3.09, 2.96, 3.07, 3.08, 2.8, 2.3, 1.68, 1.79, 1.61, 1.14, 0.99, 0.77, 0, 0.88, 1.38, 3.65, 6.92, 7.31, 7.54, 8.13, 7.65, 6.5, 6.49, 5.97, 6.17], [3.94, 4.17, 3.99, 3.32, 3.93, 4.45, 4.79, 5.19, 5.11, 5.13, 5.25, 5.52, 5.67, 5.94, 6.04, 6.25, 6.17, 6.23, 5.86, 5.13, 4.5, 4.99, 5.256, 5.502, 5.909, 6.769, 7.099, 7.283, 7.089, 6.405, 6.982, 8.226, 8.222, 9.158, 9.269, 9.042, 8.469, 7.34, 7.03, 6.31, 5.83, 4.78, 3.94, 3.69, 3.31, 3.09, 3.13, 3.6, 3.68, 3.712, 3.26, 3.01, 3.3, 2.83, 2.27, 2.46, 2.61, 3.41, 3.44, 3.49, 3.66, 3.17, 3.0, 3.13, 3.14, 2.86, 2.32, 1.66, 1.71, 1.55, 1.34, 1.21, 1.21, 0.88, 0, 1.38, 3.43, 6.772, 6.99, 7.26, 7.962, 7.456, 6.32, 6.453, 5.91, 5.97], [3.38, 3.63, 3.39, 2.78, 3.29, 3.79, 4.07, 4.45, 4.63, 4.69, 4.61, 4.88, 5.05, 5.48, 5.5, 5.69, 5.57, 5.71, 5.44, 4.63, 3.86, 4.45, 4.55, 4.83, 5.18, 5.98, 6.33, 6.68, 6.4, 5.75, 6.27, 7.52, 7.53, 8.5, 8.58, 8.35, 7.78, 6.7, 6.39, 5.89, 5.37, 4.4, 3.36, 2.99, 2.43, 2.21, 2.51, 3.24, 3.22, 3.28, 2.74, 2.45, 2.64, 2.11, 1.99, 2.12, 2.55, 3.23, 3.38, 3.63, 3.74, 3.33, 3.3, 2.61, 2.54, 2.34, 1.78, 1.18, 1.45, 1.23, 1.24, 1.37, 1.21, 1.38, 1.38, 0, 2.83, 6.1, 6.43, 6.66, 7.15, 6.83, 5.94, 5.83, 5.43, 5.61], [2.71, 2.44, 2.64, 2.43, 2.7, 3.26, 3.6, 3.36, 3.02, 3.14, 3.12, 3.37, 3.42, 3.69, 3.79, 4.04, 3.96, 4.0, 3.69, 3.02, 2.35, 2.4, 2.7, 2.8, 3.03, 3.83, 4.1, 4.55, 4.29, 3.26, 4.0, 5.43, 5.14, 6.01, 6.29, 5.96, 5.49, 4.27, 4.16, 3.64, 2.9, 2.03, 1.67, 1.94, 1.64, 1.5, 1.08, 1.03, 1.23, 1.55, 1.57, 1.62, 1.25, 1.78, 2.56, 3.63, 4.5, 4.9, 5.35, 5.96, 6.03, 5.672, 5.662, 3.88, 3.17, 3.93, 3.27, 2.47, 2.1, 2.36, 3.57, 3.84, 3.42, 3.65, 3.43, 2.83, 0, 3.69, 3.82, 4.09, 5.08, 4.76, 3.75, 3.62, 3.2, 3.2], [5.94, 5.35, 5.91, 5.84, 5.55, 5.95, 6.01, 5.67, 4.55, 3.93, 4.19, 4.5, 4.45, 4.72, 4.7, 4.77, 4.99, 4.23, 3.78, 3.79, 2.84, 2.23, 2.19, 2.13, 1.6, 1.18, 1.19, 1.24, 0.9, 0.91, 0.81, 1.84, 1.63, 2.52, 2.68, 2.41, 1.92, 1.0, 1.33, 1.37, 2.23, 3.2, 4.52, 5.09, 4.81, 4.45, 4.09, 3.72, 3.4, 3.42, 4.1, 4.47, 3.88, 4.43, 5.87, 7.26, 8.11, 8.53, 8.96, 9.55, 9.62, 9.256, 9.226, 7.45, 6.78, 7.54, 6.88, 5.9, 5.37, 5.77, 6.9, 7.09, 6.67, 6.92, 6.772, 6.1, 3.69, 0, 0.75, 0.88, 1.53, 1.33, 1.38, 1.11, 1.29, 1.23], [5.97, 5.38, 5.92, 5.85, 5.56, 5.96, 6.02, 5.66, 4.54, 3.88, 4.2, 4.45, 4.44, 4.73, 4.67, 4.72, 