[[0, 0.81, 1.28, 1.26, 1.06, 1.23, 2.14, 2.21, 2.83, 3.03, 1.94, 1.86, 1.99, 1.9, 1.93, 2.48, 1.68, 1.91, 1.68, 1.82, 2.12, 1.56, 1.13, 1.43, 1.71, 2.1, 2.32, 3.633, 4.191, 4.016, 3.83, 3.42, 3.33, 3.27, 2.91, 2.99, 3.31, 3.4, 3.48, 3.1, 3.28, 3.19, 3.45, 4.1, 3.35, 2.49, 2.75, 3.46, 4.15, 3.61, 3.6, 3.73, 4.32, 3.98, 4.24, 5.29, 5.09, 5.4, 5.86, 5.91, 5.44, 4.38, 3.6, 3.24, 3.92, 4.12, 4.06, 4.4, 4.47, 4.19, 4.51, 5.6, 6.18, 5.81, 5.57, 6.24, 6.56, 6.52, 6.65, 6.41, 6.35, 6.55, 6.75, 7.535, 7.27, 8.09], [0.81, 0, 0.69, 0.97, 0.95, 1.28, 2.11, 2.04, 2.38, 2.6, 1.83, 2.17, 2.34, 2.05, 2.42, 3.07, 2.21, 2.22, 1.97, 1.69, 1.83, 1.45, 1.32, 1.56, 1.94, 2.45, 2.85, 4.223, 4.801, 4.551, 4.26, 3.87, 3.74, 3.66, 3.42, 3.5, 3.82, 3.91, 3.93, 3.61, 3.67, 3.64, 3.96, 4.67, 3.9, 2.88, 3.18, 3.83, 4.54, 3.9, 3.85, 4.04, 4.77, 4.45, 4.75, 5.76, 5.58, 5.91, 6.43, 6.46, 5.87, 4.63, 3.73, 3.27, 3.69, 4.03, 4.03, 4.31, 4.42, 4.26, 4.4, 5.33, 5.91, 5.54, 5.34, 6.05, 6.29, 6.27, 6.48, 6.22, 6.2, 6.28, 6.62, 7.288, 7.04, 7.81], [1.28, 0.69, 0, 0.76, 1.04, 1.57, 2.38, 2.21, 2.39, 2.43, 1.96, 2.44, 2.63, 2.34, 2.69, 3.494, 2.42, 2.51, 2.28, 1.78, 1.9, 1.62, 1.57, 1.93, 2.33, 2.86, 3.36, 4.71, 5.308, 5.047, 4.75, 4.38, 4.25, 4.15, 3.91, 3.99, 4.29, 4.4, 4.38, 4.0, 4.06, 4.05, 4.43, 5.18, 4.37, 3.39, 3.61, 4.32, 5.03, 4.35, 4.24, 4.39, 5.2, 4.94, 5.18, 6.19, 6.03, 6.4, 6.92, 6.97, 6.28, 4.96, 3.88, 3.46, 3.9, 4.08, 4.26, 4.5, 4.61, 4.49, 4.59, 5.48, 6.0, 5.63, 5.53, 6.14, 6.34, 6.34, 6.69, 6.41, 6.39, 6.41, 6.63, 7.24, 7.01, 7.78], [1.26, 0.97, 0.76, 0, 0.82, 1.51, 2.3, 2.05, 2.11, 2.19, 1.78, 2.1, 2.37, 2.1, 2.45, 3.354, 2.34, 2.41, 2.2, 1.74, 1.84, 1.62, 1.49, 1.91, 2.31, 2.76, 3.34, 4.59, 5.191, 4.95, 4.73, 4.38, 4.27, 4.13, 3.87, 3.93, 4.23, 4.32, 4.3, 3.92, 4.0, 3.93, 4.33, 5.08, 4.33, 3.33, 3.57, 4.28, 4.91, 4.29, 4.14, 4.35, 5.16, 4.9, 5.1, 6.15, 5.99, 6.34, 6.86, 6.89, 6.2, 4.88, 3.84, 3.4, 3.84, 3.94, 4.16, 4.52, 4.55, 4.37, 4.55, 5.52, 5.96, 5.59, 5.55, 6.06, 6.26, 6.26, 6.69, 6.39, 6.39, 6.35, 6.39, 6.9, 6.79, 7.46], [1.06, 0.95, 1.04, 0.82, 0, 1.05, 1.76, 1.69, 2.01, 2.49, 1.82, 1.92, 2.03, 1.82, 2.15, 2.94, 2.14, 2.17, 1.96, 1.8, 1.5, 1.22, 1.11, 1.51, 1.83, 2.44, 2.92, 4.196, 4.796, 4.502, 4.25, 3.9, 3.79, 3.73, 3.45, 3.47, 3.77, 3.86, 3.86, 3.48, 3.54, 3.49, 3.91, 4.64, 3.87, 2.93, 3.07, 3.8, 4.43, 3.83, 3.7, 3.91, 4.7, 4.46, 4.68, 5.71, 5.57, 5.88, 6.42, 6.45, 5.76, 4.6, 3.78, 3.38, 3.44, 3.66, 3.88, 4.22, 4.33, 4.09, 4.23, 5.06, 5.56, 5.19, 5.15, 5.7, 5.9, 5.9, 6.29, 6.01, 6.01, 5.91, 6.11, 6.74, 6.51, 7.3], [1.23, 1.28, 1.57, 1.51, 1.05, 0, 1.17, 1.48, 2.5, 2.92, 1.95, 2.11, 2.14, 1.93, 2.06, 2.51, 1.79, 1.88, 1.73, 2.07, 1.91, 1.51, 1.4, 1.44, 1.6, 1.99, 2.33, 3.729, 4.329, 4.126, 3.76, 3.45, 3.38, 3.34, 3.04, 3.0, 3.32, 3.35, 3.35, 3.01, 2.97, 3.04, 3.48, 4.25, 3.44, 2.42, 2.68, 3.31, 3.96, 3.34, 3.33, 3.48, 4.23, 3.97, 4.23, 5.26, 5.02, 5.37, 5.95, 5.96, 5.23, 4.27, 3.69, 3.57, 3.83, 3.77, 3.75, 4.15, 4.3, 4.0, 4.16, 4.95, 5.39, 5.02, 5.0, 5.47, 5.75, 5.71, 6.12, 5.9, 5.88, 5.78, 6.14, 7.09, 6.68, 7.75], [2.14, 2.11, 2.38, 2.3, 1.76, 1.17, 0, 1.23, 2.67, 3.35, 2.48, 2.4, 2.35, 2.2, 2.39, 2.46, 1.8, 1.89, 1.94, 2.52, 2.0, 1.68, 1.83, 2.01, 1.83, 1.94, 2.28, 3.57, 4.21, 3.79, 3.29, 3.0, 2.97, 2.97, 2.77, 2.77, 2.93, 2.98, 3.02, 2.72, 2.6, 2.77, 3.35, 4.22, 3.55, 2.35, 2.23, 2.68, 3.47, 2.81, 2.74, 3.07, 3.82, 3.74, 3.9, 4.97, 4.79, 5.02, 5.6, 5.65, 4.58, 3.76, 3.86, 3.78, 3.76, 3.66, 3.7, 4.04, 4.21, 3.87, 3.79, 4.56, 4.96, 4.57, 4.59, 5.1, 5.24, 5.24, 5.77, 5.57, 5.49, 5.31, 5.977, 6.901, 6.343, 7.584], [2.21, 2.04, 2.21, 2.05, 1.69, 1.48, 1.23, 0, 1.86, 2.62, 2.09, 2.69, 2.733, 2.57, 2.92, 3.31, 2.41, 2.32, 2.23, 2.41, 1.87, 1.43, 1.8, 2.16, 2.24, 2.65, 3.25, 4.44, 5.227, 4.624, 4.0, 3.75, 3.9, 3.84, 3.7, 3.66, 3.8, 3.83, 3.81, 3.69, 3.53, 3.5, 4.26, 5.07, 4.32, 3.18, 2.98, 3.43, 4.28, 3.7, 3.39, 3.78, 4.75, 4.65, 4.77, 5.66, 5.5, 5.77, 6.31, 6.4, 5.21, 4.19, 4.03, 3.87, 3.59, 3.55, 3.83, 4.15, 4.18, 3.96, 3.82, 4.55, 4.89, 4.54, 4.58, 4.93, 5.11, 5.19, 5.74, 5.48, 5.48, 5.2, 5.44, 6.099, 5.54, 6.759], [2.83, 2.38, 2.39, 2.11, 2.01, 2.5, 2.67, 1.86, 0, 1.2, 1.87, 3.17, 3.521, 3.27, 3.8, 4.542, 3.49, 3.06, 2.79, 1.91, 1.69, 2.33, 2.52, 2.82, 3.16, 3.49, 4.39, 5.878, 6.441, 6.266, 5.828, 5.53, 5.34, 5.2, 4.98, 4.9, 5.22, 5.31, 5.35, 5.01, 4.85, 4.96, 5.38, 6.19, 5.26, 4.26, 4.32, 4.89, 5.92, 5.22, 4.81, 5.36, 6.27, 5.99, 6.31, 7.36, 7.06, 7.17, 7.79, 7.84, 6.41, 4.55, 3.87, 3.47, 3.37, 3.41, 3.81, 3.95, 4.18, 4.02, 4.24, 4.79, 5.19, 4.8, 4.86, 5.09, 5.51, 5.49, 5.98, 5.8, 5.78, 5.5, 5.06, 5.33, 5.4, 5.91], [3.03, 2.6, 2.43, 2.19, 2.49, 2.92, 3.35, 2.62, 1.2, 0, 1.97, 3.562, 4.031, 3.73, 4.319, 5.01, 3.77, 3.3, 2.93, 2.07, 2.09, 3.03, 3.1, 3.22, 3.74, 4.05, 4.85, 6.32, 6.743, 6.853, 6.52, 6.21, 6.0, 5.84, 5.5, 5.52, 5.94, 6.05, 6.05, 5.69, 5.53, 5.66, 6.0, 6.55, 5.66, 4.74, 4.94, 5.57, 6.62, 5.94, 5.55, 6.1, 7.01, 6.69, 7.03, 8.08, 7.7, 7.77, 8.41, 8.42, 7.03, 5.29, 4.21, 3.77, 3.83, 3.95, 4.21, 4.17, 4.54, 4.48, 4.82, 5.29, 5.67, 5.26, 5.36, 5.53, 6.01, 5.95, 6.42, 6.3, 6.28, 5.94, 5.26, 5.57, 5.64, 6.03], [1.94, 1.83, 1.96, 1.78, 1.82, 1.95, 2.48, 2.09, 1.87, 1.97, 0, 1.92, 2.45, 2.14, 2.73, 3.5, 2.7, 2.79, 2.6, 2.44, 2.42, 2.36, 2.15, 2.31, 2.73, 3.16, 3.42, 4.77, 5.273, 5.378, 4.89, 4.7, 4.53, 4.43, 4.09, 4.21, 4.49, 4.68, 4.72, 4.36, 4.36, 4.41, 4.85, 5.4, 4.59, 3.59, 3.97, 4.8, 5.43, 4.87, 4.68, 4.87, 5.58, 5.24, 5.54, 6.55, 6.27, 6.82, 7.26, 7.35, 6.64, 5.34, 4.62, 4.34, 4.58, 4.72, 4.96, 5.06, 5.31, 5.19, 5.43, 6.16, 6.58, 6.21, 6.27, 6.54, 6.88, 6.88, 7.31, 7.13, 7.13, 6.95, 6.61, 6.72, 6.93, 7.28], [1.86, 2.17, 2.44, 2.1, 1.92, 2.11, 2.4, 2.69, 3.17, 3.562, 1.92, 0, 0.77, 1.0, 1.29, 1.98, 2.14, 2.63, 2.68, 3.12, 3.1, 2.64, 2.07, 2.67, 2.71, 2.82, 2.64, 3.07, 3.55, 3.51, 3.75, 3.56, 3.35, 3.27, 3.05, 3.13, 3.31, 3.64, 3.86, 3.5, 3.68, 3.63, 3.71, 4.06, 3.71, 2.83, 3.09, 3.9, 4.51, 4.05, 4.08, 4.25, 4.58, 4.2, 4.22, 5.43, 5.25, 5.74, 6.06, 6.19, 5.98, 5.14, 4.8, 4.82, 4.9, 4.94, 5.22, 5.48, 5.61, 5.35, 5.65, 6.64, 7.16, 6.79, 6.65, 7.16, 7.46, 7.44, 7.71, 7.49, 7.47, 7.55, 7.51, 7.86, 7.83, 8.38], [1.99, 2.34, 2.63, 2.37, 2.03, 2.14, 2.35, 2.733, 3.521, 4.031, 2.45, 0.77, 0, 0.85, 1.1, 1.69, 2.15, 2.68, 2.81, 3.33, 3.21, 2.51, 2.14, 2.76, 2.78, 2.89, 2.61, 2.64, 3.16, 3.08, 3.46, 3.29, 3.06, 3.04, 2.92, 2.96, 3.02, 3.35, 3.61, 3.25, 3.47, 3.38, 3.5, 3.85, 3.62, 2.7, 2.9, 3.63, 4.22, 3.8, 3.83, 4.02, 4.35, 4.03, 3.99, 5.16, 5.06, 5.53, 5.83, 6.04, 5.85, 5.09, 4.91, 4.91, 4.89, 4.95, 5.31, 5.49, 5.56, 5.3, 5.54, 6.49, 6.99, 6.62, 6.52, 7.05, 7.29, 7.29, 7.64, 7.36, 7.36, 7.38, 7.556, 8.064, 7.873, 8.608], [1.9, 2.05, 2.34, 2.1, 1.82, 1.93, 2.2, 2.57, 3.27, 3.73, 2.14, 1.0, 0.85, 0, 1.03, 1.98, 2.32, 2.79, 2.76, 3.06, 2.78, 2.44, 2.01, 2.49, 2.65, 2.84, 2.6, 3.05, 3.63, 3.37, 3.53, 3.38, 3.19, 3.25, 3.09, 3.13, 3.21, 3.52, 3.7, 3.44, 3.54, 3.47, 3.69, 4.06, 3.73, 2.79, 3.05, 3.82, 4.35, 3.83, 3.9, 4.07, 4.38, 3.98, 4.08, 5.19, 5.11, 5.62, 5.96, 6.13, 5.88, 5.14, 4.96, 4.86, 4.68, 4.82, 5.22, 5.54, 5.61, 5.27, 5.49, 6.4, 6.8, 6.43, 6.43, 6.78, 7.08, 7.08, 7.51, 7.29, 7.31, 7.17, 7.45, 7.955, 7.65, 8.395], [1.93, 2.42, 2.69, 2.45, 2.15, 2.06, 2.39, 2.92, 3.8, 4.319, 2.73, 1.29, 1.1, 1.03, 0, 1.45, 1.97, 2.44, 2.63, 3.31, 3.15, 2.69, 2.02, 2.58, 2.68, 2.61, 2.19, 2.52, 3.02, 2.9, 3.06, 2.85, 2.68, 2.8, 2.54, 2.6, 2.78, 3.01, 3.19, 2.87, 3.07, 3.02, 3.02, 3.43, 3.1, 2.28, 2.6, 3.29, 3.82, 3.4, 3.47, 3.7, 3.93, 3.53, 3.59, 4.74, 4.68, 5.07, 5.45, 5.58, 5.43, 4.77, 4.55, 4.67, 4.95, 4.95, 5.15, 5.55, 5.6, 5.24, 5.52, 6.55, 7.03, 6.66, 6.58, 7.09, 7.35, 7.35, 7.64, 7.4, 7.38, 7.42, 7.58, 8.39, 8.02, 8.93], [2.48, 3.07, 3.494, 3.354, 2.94, 2.51, 2.46, 3.31, 4.542, 5.01, 3.5, 1.98, 1.69, 1.98, 1.45, 0, 1.7, 2.27, 2.7, 3.726, 3.8, 2.98, 2.51, 2.77, 2.75, 2.46, 1.9, 1.75, 2.21, 2.17, 2.35, 2.1, 2.01, 1.93, 1.83, 1.85, 2.03, 2.38, 2.3, 2.14, 2.26, 2.15, 2.19, 2.52, 2.37, 1.67, 2.01, 2.52, 3.03, 2.59, 2.74, 2.95, 3.26, 2.92, 2.9, 3.95, 3.65, 4.2, 4.54, 4.67, 4.4, 3.94, 4.34, 4.88, 5.38, 5.14, 5.06, 5.28, 5.29, 4.89, 5.19, 6.28, 6.84, 6.47, 6.25, 6.9, 7.24, 7.2, 7.31, 7.09, 7.01, 7.23, 8.01, 9.072, 8.63, 9.68], [1.68, 2.21, 2.42, 2.34, 2.14, 1.79, 1.8, 2.41, 3.49, 3.77, 2.7, 2.14, 2.15, 2.32, 1.97, 1.7, 0, 0.99, 1.3, 2.38, 2.7, 2.08, 1.61, 1.91, 1.85, 1.72, 1.92, 2.91, 3.357, 3.537, 3.166, 2.76, 2.69, 2.49, 2.27, 2.31, 2.59, 2.7, 2.64, 2.34, 2.32, 2.31, 2.69, 3.3, 2.57, 1.79, 1.95, 2.64, 3.39, 2.79, 2.64, 2.77, 3.56, 3.32, 3.48, 4.53, 4.17, 4.6, 5.08, 5.17, 4.3, 3.46, 3.24, 3.76, 4.36, 4.1, 3.98, 4.16, 4.25, 4.03, 4.39, 5.46, 6.02, 5.65, 5.45, 6.08, 6.36, 6.36, 6.51, 6.29, 6.23, 6.41, 6.91, 7.98, 7.53, 8.52], [1.91, 2.22, 2.51, 2.41, 2.17, 1.88, 1.89, 2.32, 3.06, 3.3, 2.79, 2.63, 2.68, 2.79, 2.44, 2.27, 0.99, 0, 0.79, 1.79, 2.25, 2.03, 1.64, 1.92, 1.96, 1.59, 2.29, 3.476, 3.894, 4.125, 3.604, 3.283, 3.139, 2.94, 2.62, 2.62, 2.999, 3.11, 3.11, 2.726, 2.65, 2.756, 3.148, 3.721, 2.8, 2.04, 2.28, 2.85, 3.736, 3.1, 2.81, 3.08, 4.01, 3.73, 4.03, 5.08, 4.7, 4.89, 5.49, 5.54, 4.19, 3.11, 2.77, 3.27, 3.93, 3.75, 3.51, 3.81, 3.96, 3.74, 4.12, 5.17, 5.73, 5.38, 5.18, 5.79, 6.13, 6.07, 6.24, 6.02, 5.96, 6.12, 6.64, 7.63, 7.26, 8.23], [1.68, 1.97, 2.28, 2.2, 1.96, 1.73, 1.94, 2.23, 2.79, 2.93, 2.6, 2.68, 2.81, 2.76, 2.63, 2.7, 1.3, 0.79, 0, 1.36, 1.98, 1.9, 1.59, 1.63, 1.79, 1.78, 2.5, 3.835, 4.308, 4.403, 4.025, 3.679, 3.481, 3.35, 2.99, 2.99, 3.401, 3.48, 3.499, 3.148, 2.98, 3.118, 3.532, 4.088, 3.19, 2.33, 2.49, 3.18, 4.118, 3.45, 3.14, 3.47, 4.44, 4.139, 4.44, 5.49, 5.11, 5.18, 5.84, 5.83, 4.4, 3.36, 2.8, 3.02, 3.72, 3.5, 3.36, 3.56, 3.79, 3.63, 3.99, 5.04, 5.6, 5.25, 5.05, 5.66, 6.0, 5.94, 6.11, 5.89, 5.85, 5.99, 6.465, 7.453, 7.083, 8.03], [1.82, 1.69, 1.78, 1.74, 1.8, 2.07, 2.52, 2.41, 1.91, 2.07, 2.44, 3.12, 3.33, 3.06, 3.31, 3.726, 2.38, 1.79, 1.36, 0, 1.22, 1.88, 1.75, 1.97, 2.45, 2.58, 3.462, 4.959, 5.417, 5.471, 5.096, 4.762, 4.558, 4.361, 4.001, 3.998, 4.458, 4.525, 4.602, 4.225, 4.045, 4.195, 4.613, 5.214, 4.304, 3.342, 3.493, 4.154, 5.175, 4.512, 4.082, 4.55, 5.52, 5.222, 5.52, 6.566, 6.19, 6.24, 6.9, 6.95, 5.34, 3.62, 2.66, 2.46, 2.98, 2.82, 3.0, 3.22, 3.43, 3.29, 3.63, 4.64, 5.12, 4.75, 4.65, 5.1, 5.44, 5.4, 5.71, 5.49, 5.47, 5.49, 5.71, 6.5, 6.27, 7.02], [2.12, 1.83, 1.9, 1.84, 1.5, 1.91, 2.0, 1.87, 1.69, 2.09, 2.42, 3.1, 3.21, 2.78, 3.15, 3.8, 2.7, 2.25, 1.98, 1.22, 0, 1.26, 1.49, 1.95, 2.35, 2.72, 3.66, 4.985, 5.603, 5.208, 4.803, 4.459, 4.428, 4.334, 4.054, 3.97, 4.328, 4.26, 4.3, 4.12, 3.88, 3.99, 4.65, 5.38, 4.41, 3.39, 3.23, 3.96, 4.89, 4.27, 3.98, 4.23, 5.18, 4.94, 5.18, 6.31, 6.03, 6.06, 6.68, 6.75, 5.48, 3.76, 3.12, 2.76, 2.52, 2.62, 3.0, 3.28, 3.51, 3.29, 3.43, 4.12, 4.46, 4.11, 4.07, 4.56, 4.76, 4.78, 5.17, 5.03, 4.97, 4.83, 5.23, 5.88, 5.57, 6.42], [1.56, 1.45, 1.62, 1.62, 1.22, 1.51, 1.68, 1.43, 2.33, 3.03, 2.36, 2.64, 2.51, 2.44, 2.69, 2.98, 2.08, 2.03, 1.9, 1.88, 1.26, 0, 0.99, 1.59, 1.79, 2.38, 3.06, 4.129, 4.86, 4.209, 3.89, 3.46, 3.67, 3.55, 3.39, 3.33, 3.47, 3.42, 3.4, 3.28, 3.12, 3.05, 3.87, 4.627, 3.79, 2.83, 2.67, 3.32, 3.97, 3.53, 3.28, 3.37, 4.34, 4.18, 4.22, 5.31, 5.13, 5.32, 5.86, 5.91, 5.02, 3.78, 3.52, 3.18, 3.0, 3.2, 3.4, 3.76, 3.83, 3.61, 3.57, 4.36, 4.8, 4.51, 4.35, 5.08, 5.2, 5.22, 5.47, 5.25, 5.21, 5.19, 5.83, 6.46, 6.07, 7.1], [1.13, 1.32, 1.57, 1.49, 1.11, 1.4, 1.83, 1.8, 2.52, 3.1, 2.15, 2.07, 2.14, 2.01, 2.02, 2.51, 1.61, 1.64, 1.59, 1.75, 1.49, 0.99, 0, 1.26, 1.48, 2.01, 2.49, 3.655, 4.319, 4.063, 3.7, 3.29, 3.28, 3.22, 2.92, 2.88, 3.14, 3.17, 3.19, 2.89, 2.85, 2.86, 3.46, 4.125, 3.4, 2.4, 2.46, 3.29, 3.94, 3.36, 3.17, 3.26, 4.07, 3.79, 4.01, 5.1, 4.88, 5.25, 5.73, 5.76, 5.13, 3.79, 3.27, 2.99, 3.13, 3.29, 3.37, 3.83, 3.9, 3.58, 3.78, 4.81, 5.37, 5.0, 4.8, 5.51, 5.75, 5.71, 5.86, 5.66, 5.6, 5.74, 6.14, 6.85, 6.54, 7.39], [1.43, 1.56, 1.93, 1.91, 1.51, 1.44, 2.01, 2.16, 2.82, 3.22, 2.31, 2.67, 2.76, 2.49, 2.58, 2.77, 1.91, 1.92, 1.63, 1.97, 1.95, 1.59, 1.26, 0, 1.08, 1.47, 1.91, 3.68, 4.132, 4.012, 3.42, 3.17, 2.96, 3.02, 2.76, 2.68, 2.92, 3.03, 3.05, 2.73, 2.63, 2.72, 3.34, 4.01, 3.16, 2.2, 2.4, 3.13, 3.74, 3.08, 2.87, 3.0, 3.83, 3.57, 3.89, 4.9, 4.72, 5.17, 5.67, 5.74, 4.95, 3.57, 2.87, 2.67, 3.45, 3.59, 3.37, 3.53, 3.56, 3.3, 3.5, 4.67, 5.25, 4.94, 4.68, 5.31, 5.71, 5.61, 5.56, 5.38, 5.12, 5.6, 6.42, 7.29, 6.82, 7.85], [1.71, 1.94, 2.33, 2.31, 1.83, 1.6, 1.83, 2.24, 3.16, 3.74, 2.73, 2.71, 2.78, 2.65, 2.68, 2.75, 1.85, 1.96, 1.79, 2.45, 2.35, 1.79, 1.48, 1.08, 0, 1.11, 1.77, 3.44, 3.938, 3.78, 3.02, 2.83, 2.62, 2.6, 2.48, 2.38, 2.56, 2.55, 2.57, 2.19, 2.23, 2.48, 3.14, 3.81, 3.12, 2.32, 2.18, 2.61, 3.16, 2.54, 2.45, 2.52, 3.35, 3.05, 3.41, 4.5, 4.34, 4.67, 5.21, 5.28, 4.37, 3.37, 2.83, 2.93, 3.71, 3.77, 3.63, 3.89, 3.7, 3.48, 3.44, 4.63, 5.19, 5.02, 4.66, 5.29, 5.61, 5.49, 5.4, 5.24, 5.08, 5.5, 6.7, 7.49, 7.02, 8.09], [2.1, 2.45, 2.86, 2.76, 2.44, 1.99, 1.94, 2.65, 3.49, 4.05, 3.16, 2.82, 2.89, 2.84, 2.61, 2.46, 1.72, 1.59, 1.78, 2.58, 2.72, 2.38, 2.01, 1.47, 1.11, 0, 1.32, 3.05, 3.49, 3.57, 2.77, 2.52, 2.27, 2.25, 2.07, 1.95, 2.19, 2.22, 2.24, 1.88, 1.74, 1.93, 2.63, 3.3, 2.59, 1.77, 1.83, 2.18, 2.83, 2.15, 1.86, 2.21, 3.04, 2.76, 3.1, 4.13, 3.87, 4.3, 4.84, 4.93, 3.74, 2.78, 2.5, 2.9, 4.1, 4.1, 3.78, 3.98, 3.85, 3.47, 3.69, 5.0, 5.56, 5.39, 4.99, 5.54, 5.98, 5.86, 5.73, 5.53, 5.21, 5.87, 6.99, 7.92, 7.47, 8.5], [2.32, 2.85, 3.36, 3.34, 2.92, 2.33, 2.28, 3.25, 4.39, 4.85, 3.42, 2.64, 2.61, 2.6, 2.19, 1.9, 1.92, 2.29, 2.5, 3.462, 3.66, 3.06, 2.49, 1.91, 1.77, 1.32, 0, 2.07, 2.47, 2.45, 1.87, 1.7, 1.47, 1.61, 1.29, 1.25, 1.57, 1.84, 1.94, 1.48, 1.64, 1.91, 1.99, 2.66, 2.21, 1.55, 1.79, 2.12, 2.43, 1.99, 2.16, 2.25, 2.6, 2.26, 2.5, 3.49, 3.31, 3.72, 4.12, 4.25, 3.86, 3.36, 3.36, 3.9, 5.08, 5.024, 4.535, 4.655, 4.65, 4.15, 4.29, 5.58, 6.14, 5.99, 5.59, 6.16, 6.6, 6.48, 6.37, 6.19, 5.91, 6.49, 7.837, 8.864, 8.294, 9.424], [3.633, 4.223, 4.71, 4.59, 4.196, 3.729, 3.57, 4.44, 5.878, 6.32, 4.77, 3.07, 2.64, 3.05, 2.52, 1.75, 2.91, 3.476, 3.835, 4.959, 4.985, 4.129, 3.655, 3.68, 3.44, 3.05, 2.07, 0, 1.3, 1.58, 1.76, 2.01, 1.98, 2.1, 2.16, 2.32, 2.28, 2.55, 2.59, 2.33, 2.57, 2.76, 2.5, 2.81, 2.98, 2.6, 2.58, 2.81, 3.04, 2.78, 3.03, 3.06, 3.31, 2.91, 2.51, 3.52, 3.36, 3.55, 3.67, 3.84, 4.07, 4.47, 4.93, 5.65, 6.46, 6.326, 5.922, 6.056, 6.14, 5.54, 5.64, 6.52, 7.214, 7.221, 6.493, 6.923, 7.323, 7.137, 7.02, 6.86, 6.68, 7.495, 9.149, 10.223, 9.716, 10.8], [4.191, 4.801, 5.308, 5.191, 4.796, 4.329, 4.21, 5.227, 6.441, 6.743, 5.273, 3.55, 3.16, 3.63, 3.02, 2.21, 3.357, 3.894, 4.308, 5.417, 5.603, 4.86, 4.319, 4.132, 3.938, 3.49, 2.47, 1.3, 0, 1.78, 2.34, 2.55, 2.38, 2.48, 2.54, 2.62, 2.62, 2.83, 2.93, 2.55, 2.87, 3.1, 2.62, 2.81, 3.04, 2.86, 3.02, 3.13, 3.4, 3.18, 3.37, 3.38, 3.49, 3.07, 2.81, 4.04, 3.84, 4.03, 4.17, 4.34, 4.57, 4.61, 5.19, 6.09, 7.175, 6.995, 6.512, 6.589, 6.69, 6.248, 6.407, 7.474, 8.065, 8.048, 7.438, 7.9, 8.36, 8.24, 8.119, 7.879, 7.539, 8.475, 9.836, 10.958, 10.47, 11.54], [4.016, 4.551, 5.047, 4.95, 4.502, 4.126, 3.79, 4.624, 6.266, 6.853, 5.378, 3.51, 3.08, 3.37, 2.9, 2.17, 3.537, 4.125, 4.403, 5.471, 5.208, 4.209, 4.063, 4.012, 3.78, 3.57, 2.45, 1.58, 1.78, 0, 1.86, 1.81, 1.78, 1.94, 2.18, 2.0, 1.86, 2.19, 2.13, 2.43, 2.45, 2.42, 2.22, 2.53, 2.6, 2.9, 2.68, 2.33, 2.48, 2.42, 2.71, 2.68, 2.89, 2.61, 2.19, 3.44, 3.4, 3.45, 3.49, 3.62, 3.89, 4.07, 5.33, 6.01, 6.823, 6.661, 6.376, 6.701, 6.636, 6.078, 5.94, 6.97, 7.55, 7.48, 6.84, 7.63, 7.89, 7.77, 7.74, 7.58, 7.24, 7.76, 9.567, 10.472, 9.856, 11.199], [3.83, 4.26, 4.75, 4.73, 4.25, 3.76, 3.29, 4.0, 5.828, 6.52, 4.89, 3.75, 3.46, 3.53, 3.06, 2.35, 3.166, 3.604, 4.025, 5.096, 4.803, 3.89, 3.7, 3.42, 3.02, 2.77, 1.87, 1.76, 2.34, 1.86, 0, 0.87, 1.22, 1.56, 1.74, 1.8, 1.62, 1.81, 1.75, 1.71, 1.81, 1.98, 2.08, 2.53, 2.52, 2.18, 2.02, 1.83, 1.9, 2.0, 2.39, 2.24, 2.25, 2.17, 1.89, 2.64, 2.74, 2.85, 2.95, 3.02, 3.47, 4.05, 4.79, 5.383, 6.211, 6.093, 5.814, 6.12, 5.976, 5.402, 5.137, 6.03, 6.65, 6.68, 5.84, 6.55, 6.75, 6.57, 6.6, 6.4, 6.1, 6.8, 9.01, 9.894, 9.078, 10.558], [3.42, 3.87, 4.38, 4.38, 3.9, 3.45, 3.0, 3.75, 5.53, 6.21, 4.7, 3.56, 3.29, 3.38, 2.85, 2.1, 2.76, 3.283, 3.679, 4.762, 4.459, 3.46, 3.29, 3.17, 2.83, 2.52, 1.7, 2.01, 2.55, 1.81, 0.87, 0, 0.97, 1.29, 1.33, 1.43, 1.41, 1.5, 1.34, 1.5, 1.4, 1.39, 1.63, 2.1, 1.87, 1.75, 1.57, 1.46, 1.77, 1.79, 2.12, 1.99, 2.22, 2.06, 1.9, 2.73, 2.73, 2.84, 3.08, 3.11, 3.58, 3.62, 4.5, 5.091, 5.872, 5.775, 5.593, 5.871, 5.63, 5.17, 5.01, 6.14, 6.68, 6.59, 5.99, 6.78, 6.96, 6.88, 6.85, 6.65, 6.31, 6.83, 8.684, 9.526, 8.865, 10.234], [3.33, 3.74, 4.25, 4.27, 3.79, 3.38, 2.97, 3.9, 5.34, 6.0, 4.53, 3.35, 3.06, 3.19, 2.68, 2.01, 2.69, 3.139, 3.481, 4.558, 4.428, 3.67, 3.28, 2.96, 2.62, 2.27, 1.47, 1.98, 2.38, 1.78, 1.22, 0.97, 0, 0.86, 0.98, 0.94, 0.9, 1.27, 1.29, 1.25, 1.29, 1.36, 1.48, 1.89, 1.76, 1.58, 1.64, 1.47, 1.8, 1.68, 1.97, 1.9, 1.89, 1.67, 1.73, 2.8, 2.84, 2.99, 3.21, 3.42, 3.57, 3.39, 4.286, 4.852, 5.857, 5.834, 5.494, 5.691, 5.593, 5.024, 4.985, 6.18, 6.76, 6.667, 6.27, 6.886, 7.126, 7.063, 7.042, 6.802, 6.574, 7.07, 8.673, 9.537, 8.89, 10.16], [3.27, 3.66, 4.15, 4.13, 3.73, 3.34, 2.97, 3.84, 5.2, 5.84, 4.43, 3.27, 3.04, 3.25, 2.8, 1.93, 2.49, 2.94, 3.35, 4.361, 4.334, 3.55, 3.22, 3.02, 2.6, 2.25, 1.61, 2.1, 2.48, 1.94, 1.56, 1.29, 0.86, 0, 0.6, 0.82, 1.0, 1.45, 1.47, 1.31, 1.25, 1.38, 1.66, 2.17, 1.94, 1.52, 1.52, 1.63, 1.92, 1.74, 1.93, 1.84, 1.99, 1.73, 1.89, 2.8, 2.74, 3.09, 3.31, 3.66, 3.51, 3.261, 4.069, 4.684, 5.7, 5.677, 5.254, 5.431, 5.431, 4.933, 4.888, 6.046, 6.623, 6.53, 6.039, 6.789, 7.049, 6.969, 6.928, 6.682, 6.414, 6.936, 8.475, 9.38, 8.853, 10.063], [2.91, 3.42, 3.91, 3.87, 3.45, 3.04, 2.77, 3.7, 4.98, 5.5, 4.09, 3.05, 2.92, 3.09, 2.54, 1.83, 2.27, 2.62, 2.99, 4.001, 4.054, 3.39, 2.92, 2.76, 2.48, 2.07, 1.29, 2.16, 2.54, 2.18, 1.74, 1.33, 0.98, 0.6, 0, 0.58, 1.0, 1.31, 1.43, 1.07, 1.21, 1.34, 1.64, 2.17, 1.88, 1.28, 1.3, 1.51, 2.02, 1.78, 1.97, 1.88, 1.97, 1.73, 1.91, 2.88, 2.8, 3.15, 3.53, 3.74, 3.47, 3.141, 3.726, 4.344, 5.46, 5.397, 4.954, 5.174, 5.251, 4.736, 4.768, 5.966, 6.512, 6.376, 5.939, 6.652, 6.972, 6.852, 6.808, 6.582, 6.314, 6.882, 8.235, 9.16, 8.653, 9.783], [2.99, 3.5, 3.99, 3.93, 3.47, 3.0, 2.77, 3.66, 4.9, 5.52, 4.21, 3.13, 2.96, 3.13, 2.6, 1.85, 2.31, 2.62, 2.99, 3.998, 3.97, 3.33, 2.88, 2.68, 2.38, 1.95, 1.25, 2.32, 2.62, 2.0, 1.8, 1.43, 0.94, 0.82, 0.58, 0, 0.78, 1.11, 1.31, 1.11, 1.19, 1.26, 1.58, 1.99, 1.66, 1.3, 1.36, 1.35, 1.9, 1.68, 1.85, 1.76, 1.95, 1.63, 1.85, 2.88, 2.74, 3.01, 3.41, 3.6, 3.27, 2.91, 3.63, 4.29, 5.457, 5.334, 4.891, 5.211, 5.21, 4.773, 4.805, 6.066, 6.609, 6.473, 6.016, 6.769, 7.089, 6.969, 6.879, 6.719, 6.371, 6.959, 8.175, 9.137, 8.638, 9.763], [3.31, 3.82, 4.29, 4.23, 3.77, 3.32, 2.93, 3.8, 5.22, 5.94, 4.49, 3.31, 3.02, 3.21, 2.78, 2.03, 2.59, 2.999, 3.401, 4.458, 4.328, 3.47, 3.14, 2.92, 2.56, 2.19, 1.57, 2.28, 2.62, 1.86, 1.62, 1.41, 0.9, 1.0, 1.0, 0.78, 0, 0.79, 1.05, 1.03, 1.21, 1.3, 1.64, 1.95, 1.78, 1.66, 1.56, 1.25, 1.6, 1.46, 1.75, 1.6, 1.75, 1.53, 1.57, 2.64, 2.6, 2.81, 3.07, 3.28, 3.17, 2.99, 3.95, 4.71, 5.654, 5.594, 5.334, 5.531, 5.453, 4.993, 4.933, 6.186, 6.706, 6.573, 6.196, 6.866, 7.186, 7.066, 6.979, 6.779, 6.442, 7.036, 8.455, 9.354, 8.815, 9.98], [3.4, 3.91, 4.4, 4.32, 3.86, 3.35, 2.98, 3.83, 5.31, 6.05, 4.68, 3.64, 3.35, 3.52, 3.01, 2.38, 2.7, 3.11, 3.48, 4.525, 4.26, 3.42, 3.17, 3.03, 2.55, 2.22, 1.84, 2.55, 2.83, 2.19, 1.81, 1.5, 1.27, 1.45, 1.31, 1.11, 0.79, 0, 0.68, 0.98, 1.22, 1.33, 1.79, 2.0, 1.77, 1.81, 1.51, 1.16, 1.23, 1.19, 1.6, 1.19, 1.36, 1.32, 1.34, 2.39, 2.31, 2.44, 2.86, 2.95, 2.72, 2.8, 3.874, 4.737, 5.624, 5.501, 5.361, 5.598, 5.488, 4.988, 4.934, 6.204, 6.687, 6.534, 5.957, 6.673, 6.993, 6.85, 6.78, 6.583, 6.166, 6.894, 8.5, 9.324, 8.705, 9.98], [3.48, 3.93, 4.38, 4.3, 3.86, 3.35, 3.02, 3.81, 5.35, 6.05, 4.72, 3.86, 3.61, 3.7, 3.19, 2.3, 2.64, 3.11, 3.499, 4.602, 4.3, 3.4, 3.19, 3.05, 2.57, 2.24, 1.94, 2.59, 2.93, 2.13, 1.75, 1.34, 1.29, 1.47, 1.43, 1.31, 1.05, 0.68, 0, 0.88, 0.94, 0.99, 1.51, 1.96, 1.51, 1.65, 1.47, 1.14, 1.07, 0.89, 1.4, 1.23, 1.48, 1.36, 1.46, 2.29, 2.09, 2.36, 2.76, 2.83, 2.54, 2.8, 3.912, 4.814, 5.703, 5.535, 5.398, 5.651, 5.51, 5.025, 4.99, 6.22, 6.72, 6.59, 6.03, 6.64, 7.02, 6.9, 6.81, 6.57, 6.19, 6.95, 8.537, 9.446, 8.823, 10.043], [3.1, 3.61, 4.0, 3.92, 3.48, 3.01, 2.72, 3.69, 5.01, 5.69, 4.36, 3.5, 3.25, 3.44, 2.87, 2.14, 2.34, 2.726, 3.148, 4.225, 4.12, 3.28, 2.89, 2.73, 2.19, 1.88, 1.48, 2.33, 2.55, 2.43, 1.71, 1.5, 1.25, 1.31, 1.07, 1.11, 1.03, 0.98, 0.88, 0, 0.88, 1.05, 1.55, 2.06, 1.69, 1.27, 1.31, 1.36, 1.37, 1.09, 1.42, 1.29, 1.56, 1.38, 1.58, 2.53, 2.45, 2.78, 3.22, 3.27, 2.9, 2.84, 3.574, 4.437, 5.504, 5.461, 5.078, 5.298, 5.263, 4.788, 4.711, 5.924, 6.484, 6.408, 5.923, 6.533, 6.853, 6.733, 6.646, 6.446, 6.109, 6.848, 8.303, 9.204, 8.685, 9.787], [3.28, 3.67, 4.06, 4.0, 3.54, 2.97, 2.6, 3.53, 4.85, 5.53, 4.36, 3.68, 3.47, 3.54, 3.07, 2.26, 2.32, 2.65, 2.98, 4.045, 3.88, 3.12, 2.85, 2.63, 2.23, 1.74, 1.64, 2.57, 2.87, 2.45, 1.81, 1.4, 1.29, 1.25, 1.21, 1.19, 1.21, 1.22, 0.94, 0.88, 0, 0.81, 1.35, 2.1, 1.61, 1.19, 1.13, 1.08, 1.43, 1.17, 1.38, 1.39, 1.88, 1.74, 1.92, 2.77, 2.55, 2.74, 3.26, 3.31, 2.76, 2.52, 3.54, 4.317, 5.144, 5.121, 4.804, 4.998, 4.983, 4.437, 4.48, 5.77, 6.307, 6.134, 5.68, 6.313, 6.713, 6.573, 6.446, 6.306, 5.929, 6.58, 8.02, 8.924, 8.417, 9.527], [3.19, 3.64, 4.05, 3.93, 3.49, 3.04, 2.77, 3.5, 4.96, 5.66, 4.41, 3.63, 3.38, 3.47, 3.02, 2.15, 2.31, 2.756, 3.118, 4.195, 3.99, 3.05, 2.86, 2.72, 2.48, 1.93, 1.91, 2.76, 3.1, 2.42, 1.98, 1.39, 1.36, 1.38, 1.34, 1.26, 1.3, 1.33, 0.99, 1.05, 0.81, 0, 1.26, 1.95, 1.32, 1.28, 1.18, 1.17, 1.56, 1.36, 1.49, 1.64, 1.99, 1.83, 1.99, 2.58, 2.6, 2.99, 3.27, 3.34, 3.09, 2.85, 3.69, 4.47, 5.325, 5.248, 5.014, 5.248, 5.093, 4.63, 4.68, 5.943, 6.466, 6.31, 5.913, 6.566, 6.946, 6.826, 6.719, 6.559, 6.259, 6.796, 8.113, 9.065, 8.495, 9.625], [3.45, 3.96, 4.43, 4.33, 3.91, 3.48, 3.35, 4.26, 5.38, 6.0, 4.85, 3.71, 3.5, 3.69, 3.02, 2.19, 2.69, 3.148, 3.532, 4.613, 4.65, 3.87, 3.46, 3.34, 3.14, 2.63, 1.99, 2.5, 2.62, 2.22, 2.08, 1.63, 1.48, 1.66, 1.64, 1.58, 1.64, 1.79, 1.51, 1.55, 1.35, 1.26, 0, 1.15, 1.14, 1.64, 1.82, 1.49, 2.06, 1.96, 2.29, 2.4, 2.43, 2.21, 2.31, 2.94, 2.92, 2.95, 3.09, 3.04, 3.41, 3.41, 4.37, 5.19, 6.194, 5.937, 5.497, 5.808, 5.833, 5.336, 5.479, 6.726, 7.326, 7.164, 6.676, 7.326, 7.766, 7.646, 7.519, 7.359, 7.039, 7.676, 8.89, 9.957, 9.487, 10.557], [4.1, 4.67, 5.18, 5.08, 4.64, 4.25, 4.22, 5.07, 6.19, 6.55, 5.4, 4.06, 3.85, 4.06, 3.43, 2.52, 3.3, 3.721, 4.088, 5.214, 5.38, 4.627, 4.125, 4.01, 3.81, 3.3, 2.66, 2.81, 2.81, 2.53, 2.53, 2.1, 1.89, 2.17, 2.17, 1.99, 1.95, 2.0, 1.96, 2.06, 2.1, 1.95, 1.15, 0, 1.17, 2.37, 2.63, 2.24, 2.45, 2.53, 2.92, 2.85, 2.6, 2.4, 2.5, 3.13, 3.13, 3.04, 2.86, 2.81, 3.58, 3.88, 4.98, 5.9, 6.984, 6.755, 6.341, 6.638, 6.628, 6.248, 6.434, 7.704, 8.276, 8.154, 7.617, 8.196, 8.636, 8.536, 8.426, 8.226, 7.869, 8.586, 9.705, 10.764, 10.325, 11.33], [3.35, 3.9, 4.37, 4.33, 3.87, 3.44, 3.55, 4.32, 5.26, 5.66, 4.59, 3.71, 3.62, 3.73, 3.1, 2.37, 2.57, 2.8, 3.19, 4.304, 4.41, 3.79, 3.4, 3.16, 3.12, 2.59, 2.21, 2.98, 3.04, 2.6, 2.52, 1.87, 1.76, 1.94, 1.88, 1.66, 1.78, 1.77, 1.51, 1.69, 1.61, 1.32, 1.14, 1.17, 0, 1.68, 1.86, 1.67, 2.08, 2.04, 2.39, 2.42, 2.33, 2.13, 2.47, 3.02, 2.84, 2.91, 3.03, 3.06, 3.29, 3.23, 4.21, 5.09, 6.063, 5.848, 5.571, 5.888, 5.88, 5.51, 5.8, 7.083, 7.626, 7.404, 6.973, 7.629, 8.066, 7.946, 7.84, 7.679, 7.36, 7.919, 8.958, 9.905, 9.495, 10.483], [2.49, 2.88, 3.39, 3.33, 2.93, 2.42, 2.35, 3.18, 4.26, 4.74, 3.59, 2.83, 2.7, 2.79, 2.28, 1.67, 1.79, 2.04, 2.33, 3.342, 3.39, 2.83, 2.4, 2.2, 2.32, 1.77, 1.55, 2.6, 2.86, 2.9, 2.18, 1.75, 1.58, 1.52, 1.28, 1.3, 1.66, 1.81, 1.65, 1.27, 1.19, 1.28, 1.64, 2.37, 1.68, 0, 0.94, 1.59, 2.2, 1.9, 2.05, 2.24, 2.61, 2.33, 2.69, 3.44, 3.14, 3.49, 4.03, 4.12, 3.65, 3.15, 3.63, 4.09, 4.837, 4.866, 4.53, 4.67, 4.8, 4.439, 4.8, 5.989, 6.589, 6.276, 5.976, 6.649, 7.046, 6.949, 6.9, 6.7, 6.48, 6.939, 7.687, 8.62, 8.147, 9.186], [2.75, 3.18, 3.61, 3.57, 3.07, 2.68, 2.23, 2.98, 4.32, 4.94, 3.97, 3.09, 2.9, 3.05, 2.6, 2.01, 1.95, 2.28, 2.49, 3.493, 3.23, 2.67, 2.46, 2.4, 2.18, 1.83, 1.79, 2.58, 3.02, 2.68, 2.02, 1.57, 1.64, 1.52, 1.3, 1.36, 1.56, 1.51, 1.47, 1.31, 1.13, 1.18, 1.82, 2.63, 1.86, 0.94, 0, 1.15, 1.92, 1.68, 1.91, 2.02, 2.37, 2.27, 2.39, 3.26, 3.06, 3.19, 3.81, 3.9, 3.25, 2.89, 3.49, 3.97, 4.654, 4.491, 4.417, 4.597, 4.6, 4.239, 4.38, 5.529, 6.089, 5.79, 5.376, 6.189, 6.486, 6.389, 6.32, 6.179, 5.86, 6.379, 7.487, 8.395, 7.835, 8.998], [3.46, 3.83, 4.32, 4.28, 3.8, 3.31, 2.68, 3.43, 4.89, 5.57, 4.8, 3.9, 3.63, 3.82, 3.29, 2.52, 2.64, 2.85, 3.18, 4.154, 3.96, 3.32, 3.29, 3.13, 2.61, 2.18, 2.12, 2.81, 3.13, 2.33, 1.83, 1.46, 1.47, 1.63, 1.51, 1.35, 1.25, 1.16, 1.14, 1.36, 1.08, 1.17, 1.49, 2.24, 1.67, 1.59, 1.15, 0, 1.31, 1.45, 1.7, 1.83, 2.04, 2.08, 2.12, 2.89, 2.73, 2.66, 3.12, 3.17, 2.66, 2.74, 3.8, 4.492, 5.418, 5.13, 5.024, 5.414, 5.213, 4.8, 4.78, 5.97, 6.467, 6.354, 5.62, 6.473, 6.793, 6.573, 6.506, 6.366, 5.949, 6.6, 8.197, 9.092, 8.498, 9.781], [4.15, 4.54, 5.03, 4.91, 4.43, 3.96, 3.47, 4.28, 5.92, 6.62, 5.43, 4.51, 4.22, 4.35, 3.82, 3.03, 3.39, 3.736, 4.118, 5.175, 4.89, 3.97, 3.94, 3.74, 3.16, 2.83, 2.43, 3.04, 3.4, 2.48, 1.9, 1.77, 1.8, 1.92, 2.02, 1.9, 1.6, 1.23, 1.07, 1.37, 1.43, 1.56, 2.06, 2.45, 2.08, 2.2, 1.92, 1.31, 0, 1.02, 1.49, 1.26, 1.27, 1.29, 1.35, 1.96, 1.8, 2.11, 2.49, 2.48, 2.13, 3.086, 4.501, 5.41, 6.273, 6.138, 5.926, 6.158, 6.06, 5.543, 5.364, 6.477, 6.997, 6.924, 6.167, 6.96, 7.24, 7.0, 6.99, 6.733, 6.393, 7.087, 9.106, 9.902, 9.224, 10.596], [3.61, 3.9, 4.35, 4.29, 3.83, 3.34, 2.81, 3.7, 5.22, 5.94, 4.87, 4.05, 3.8, 3.83, 3.4, 2.59, 2.79, 3.1, 3.45, 4.512, 4.27, 3.53, 3.36, 3.08, 2.54, 2.15, 1.99, 2.78, 3.18, 2.42, 2.0, 1.79, 1.68, 1.74, 1.78, 1.68, 1.46, 1.19, 0.89, 1.09, 1.17, 1.36, 1.96, 2.53, 2.04, 1.9, 1.68, 1.45, 1.02, 0, 0.79, 0.88, 1.35, 1.25, 1.41, 2.22, 2.2, 2.51, 3.07, 3.1, 2.35, 2.49, 3.809, 4.724, 5.588, 5.548, 5.223, 5.485, 5.422, 4.86, 4.62, 5.87, 6.43, 6.26, 5.84, 6.43, 6.73, 6.63, 6.62, 6.34, 6.02, 6.7, 8.421, 9.328, 8.678, 9.945], [3.6, 3.85, 4.24, 4.14, 3.7, 3.33, 2.74, 3.39, 4.81, 5.55, 4.68, 4.08, 3.83, 3.9, 3.47, 2.74, 2.64, 2.81, 3.14, 4.082, 3.98, 3.28, 3.17, 2.87, 2.45, 1.86, 2.16, 3.03, 3.37, 2.71, 2.39, 2.12, 1.97, 1.93, 1.97, 1.85, 1.75, 1.6, 1.4, 1.42, 1.38, 1.49, 2.29, 2.92, 2.39, 2.05, 1.91, 1.7, 1.49, 0.79, 0, 0.93, 1.74, 1.56, 1.66, 2.61, 2.57, 2.98, 3.48, 3.55, 2.48, 2.22, 3.399, 4.254, 5.218, 5.218, 4.84, 5.005, 5.008, 4.41, 4.31, 5.52, 6.1, 5.91, 5.57, 6.18, 6.48, 6.38, 6.33, 6.07, 5.77, 6.39, 7.991, 8.918, 8.328, 9.535], [3.73, 4.04, 4.39, 4.35, 3.91, 3.48, 3.07, 3.78, 5.36, 6.1, 4.87, 4.25, 4.02, 4.07, 3.7, 2.95, 2.77, 3.08, 3.47, 4.55, 4.23, 3.37, 3.26, 3.0, 2.52, 2.21, 2.25, 3.06, 3.38, 2.68, 2.24, 1.99, 1.9, 1.84, 1.88, 1.76, 1.6, 1.19, 1.23, 1.29, 1.39, 1.64, 2.4, 2.85, 2.42, 2.24, 2.02, 1.83, 1.26, 0.88, 0.93, 0, 1.19, 1.15, 1.19, 2.24, 2.18, 2.57, 3.07, 3.18, 2.37, 2.41, 3.806, 4.703, 5.55, 5.57, 5.221, 5.47, 5.415, 4.82, 4.58, 5.71, 6.25, 6.18, 5.7, 6.31, 6.51, 6.45, 6.4, 6.18, 5.82, 6.52, 8.391, 9.185, 8.575, 9.922], [4.32, 4.77, 5.2, 5.16, 4.7, 4.23, 3.82, 4.75, 6.27, 7.01, 5.58, 4.58, 4.35, 4.38, 3.93, 3.26, 3.56, 4.01, 4.44, 5.52, 5.18, 4.34, 4.07, 3.83, 3.35, 3.04, 2.6, 3.31, 3.49, 2.89, 2.25, 2.22, 1.89, 1.99, 1.97, 1.95, 1.75, 1.36, 1.48, 1.56, 1.88, 1.99, 2.43, 2.6, 2.33, 2.61, 2.37, 2.04, 1.27, 1.35, 1.74, 1.19, 0, 0.76, 1.06, 1.35, 1.45, 1.9, 2.12, 2.27, 2.18, 3.32, 4.756, 5.66, 6.52, 6.46, 6.111, 6.42, 6.388, 5.77, 5.55, 6.72, 7.22, 7.15, 6.63, 7.2, 7.42, 7.32, 7.29, 7.05, 6.69, 7.55, 9.43, 10.198, 9.47, 10.88], [3.98, 4.45, 4.94, 4.9, 4.46, 3.97, 3.74, 4.65, 5.99, 6.69, 5.24, 4.2, 4.03, 3.98, 3.53, 2.92, 3.32, 3.73, 4.139, 5.222, 4.94, 4.18, 3.79, 3.57, 3.05, 2.76, 2.26, 2.91, 3.07, 2.61, 2.17, 2.06, 1.67, 1.73, 1.73, 1.63, 1.53, 1.32, 1.36, 1.38, 1.74, 1.83, 2.21, 2.4, 2.13, 2.33, 2.27, 2.08, 1.29, 1.25, 1.56, 1.15, 0.76, 0, 0.88, 1.63, 1.59, 2.12, 2.42, 2.51, 2.42, 3.193, 4.492, 5.394, 6.304, 6.284, 5.927, 6.213, 6.16, 5.563, 5.443, 6.64, 7.2, 7.15, 6.67, 7.18, 7.48, 7.38, 7.29, 7.11, 6.75, 7.565, 9.237, 10.044, 9.457, 10.687], [4.24, 4.75, 5.18, 5.1, 4.68, 4.23, 3.9, 4.77, 6.31, 7.03, 5.54, 4.22, 3.99, 4.08, 3.59, 2.9, 3.48, 4.03, 4.44, 5.52, 5.18, 4.22, 4.01, 3.89, 3.41, 3.1, 2.5, 2.51, 2.81, 2.19, 1.89, 1.9, 1.73, 1.89, 1.91, 1.85, 1.57, 1.34, 1.46, 1.58, 1.92, 1.99, 2.31, 2.5, 2.47, 2.69, 2.39, 2.12, 1.35, 1.41, 1.66, 1.19, 1.06, 0.88, 0, 1.61, 1.65, 1.92, 2.26, 2.31, 2.44, 3.36, 4.756, 5.672, 6.569, 6.515, 6.171, 6.402, 6.425, 5.81, 5.608, 6.6, 7.2, 7.148, 6.57, 7.1, 7.34, 7.26, 7.15, 6.93, 6.55, 7.47, 9.388, 10.192, 9.605, 10.912], [5.29, 5.76, 6.19, 6.15, 5.71, 5.26, 4.97, 5.66, 7.36, 8.08, 6.55, 5.43, 5.16, 5.19, 4.74, 3.95, 4.53, 5.08, 5.49, 6.566, 6.31, 5.31, 5.1, 4.9, 4.5, 4.13, 3.49, 3.52, 4.04, 3.44, 2.64, 2.73, 2.8, 2.8, 2.88, 2.88, 2.64, 2.39, 2.29, 2.53, 2.77, 2.58, 2.94, 3.13, 3.02, 3.44, 3.26, 2.89, 1.96, 2.22, 2.61, 2.24, 1.35, 1.63, 1.61, 0, 0.74, 1.25, 1.39, 1.52, 2.05, 4.356, 5.786, 6.744, 7.593, 7.502, 7.233, 7.377, 7.299, 6.705, 6.503, 7.413, 8.096, 8.126, 7.3, 7.75, 7.99, 7.67, 7.68, 7.44, 7.16, 8.24, 10.391, 11.333, 10.612, 11.953], [5.09, 5.58, 6.03, 5.99, 5.57, 5.02, 4.79, 5.5, 7.06, 7.7, 6.27, 5.25, 5.06, 5.11, 4.68, 3.65, 4.17, 4.7, 5.11, 6.19, 6.03, 5.13, 4.88, 4.72, 4.34, 3.87, 3.31, 3.36, 3.84, 3.4, 2.74, 2.73, 2.84, 2.74, 2.8, 2.74, 2.6, 2.31, 2.09, 2.45, 2.55, 2.6, 2.92, 3.13, 2.84, 3.14, 3.06, 2.73, 1.8, 2.2, 2.57, 2.18, 1.45, 1.59, 1.65, 0.74, 0, 1.17, 1.33, 1.44, 1.57, 4.036, 5.539, 6.524, 7.37, 7.199, 6.964, 7.053, 6.96, 6.469, 6.477, 7.387, 8.036, 8.066, 7.038, 7.542, 7.93, 7.53, 7.46, 7.278, 6.94, 8.146, 10.152, 11.153, 10.512, 11.75], [5.4, 5.91, 6.4, 6.34, 5.88, 5.37, 5.02, 5.77, 7.17, 7.77, 6.82, 5.74, 5.53, 5.62, 5.07, 4.2, 4.6, 4.89, 5.18, 6.24, 6.06, 5.32, 5.25, 5.17, 4.67, 4.3, 3.72, 3.55, 4.03, 3.45, 2.85, 2.84, 2.99, 3.09, 3.15, 3.01, 2.81, 2.44, 2.36, 2.78, 2.74, 2.99, 2.95, 3.04, 2.91, 3.49, 3.19, 2.66, 2.11, 2.51, 2.98, 2.57, 1.9, 2.12, 1.92, 1.25, 1.17, 0, 0.92, 0.97, 1.58, 4.12, 5.789, 6.792, 7.68, 7.332, 7.012, 7.417, 7.407, 6.856, 6.787, 7.697, 8.346, 8.359, 7.41, 7.96, 8.26, 7.92, 7.81, 7.69, 7.27, 8.45, 10.422, 11.423, 10.842, 12.054], [5.86, 6.43, 6.92, 6.86, 6.42, 5.95, 5.6, 6.31, 7.79, 8.41, 7.26, 6.06, 5.83, 5.96, 5.45, 4.54, 5.08, 5.49, 5.84, 6.9, 6.68, 5.86, 5.73, 5.67, 5.21, 4.84, 4.12, 3.67, 4.17, 3.49, 2.95, 3.08, 3.21, 3.31, 3.53, 3.41, 3.07, 2.86, 2.76, 3.22, 3.26, 3.27, 3.09, 2.86, 3.03, 4.03, 3.81, 3.12, 2.49, 3.07, 3.48, 3.07, 2.12, 2.42, 2.26, 1.39, 1.33, 0.92, 0, 0.63, 1.96, 4.714, 6.392, 7.394, 8.283, 7.932, 7.634, 8.04, 8.03, 7.478, 7.39, 8.3, 8.94, 8.953, 7.891, 8.533, 8.875, 8.42, 8.368, 8.205, 7.82, 9.019, 11.024, 12.023, 11.365, 12.657], [5.91, 6.46, 6.97, 6.89, 6.45, 5.96, 5.65, 6.4, 7.84, 8.42, 7.35, 6.19, 6.04, 6.13, 5.58, 4.67, 5.17, 5.54, 5.83, 6.95, 6.75, 5.91, 5.76, 5.74, 5.28, 4.93, 4.25, 3.84, 4.34, 3.62, 3.02, 3.11, 3.42, 3.66, 3.74, 3.6, 3.28, 2.95, 2.83, 3.27, 3.31, 3.34, 3.04, 2.81, 3.06, 4.12, 3.9, 3.17, 2.48, 3.1, 3.55, 3.18, 2.27, 2.51, 2.31, 1.52, 1.44, 0.97, 0.63, 0, 1.87, 4.744, 6.442, 7.464, 8.333, 7.95, 7.664, 8.07, 8.06, 7.509, 7.44, 8.35, 8.99, 9.003, 7.861, 8.504, 8.85, 8.414, 8.378, 8.241, 7.843, 9.046, 11.074, 12.073, 11.406, 12.707], [5.44, 5.87, 6.28, 6.2, 5.76, 5.23, 4.58, 5.21, 6.41, 7.03, 6.64, 5.98, 5.85, 5.88, 5.43, 4.4, 4.3, 4.19, 4.4, 5.34, 5.48, 5.02, 5.13, 4.95, 4.37, 3.74, 3.86, 4.07, 4.57, 3.89, 3.47, 3.58, 3.57, 3.51, 3.47, 3.27, 3.17, 2.72, 2.54, 2.9, 2.76, 3.09, 3.41, 3.58, 3.29, 3.65, 3.25, 2.66, 2.13, 2.35, 2.48, 2.37, 2.18, 2.42, 2.44, 2.05, 1.57, 1.58, 1.96, 1.87, 0, 3.04, 4.8, 5.82, 6.66, 6.3, 6.012, 6.363, 6.333, 5.836, 5.767, 6.677, 7.326, 7.336, 6.29, 6.872, 7.22, 6.8, 6.71, 6.59, 6.21, 7.41, 9.422, 10.4, 9.762, 11.034], [4.38, 4.63, 4.96, 4.88, 4.6, 4.27, 3.76, 4.19, 4.55, 5.29, 5.34, 5.14, 5.09, 5.14, 4.77, 3.94, 3.46, 3.11, 3.36, 3.62, 3.76, 3.78, 3.79, 3.57, 3.37, 2.78, 3.36, 4.47, 4.61, 4.07, 4.05, 3.62, 3.39, 3.261, 3.141, 2.91, 2.99, 2.8, 2.8, 2.84, 2.52, 2.85, 3.41, 3.88, 3.23, 3.15, 2.89, 2.74, 3.086, 2.49, 2.22, 2.41, 3.32, 3.193, 3.36, 4.356, 4.036, 4.12, 4.714, 4.744, 3.04, 0, 1.86, 2.84, 3.76, 3.5, 3.14, 3.46, 3.47, 2.99, 3.07, 4.38, 4.9, 4.73, 4.25, 4.86, 5.3, 5.18, 5.05, 4.87, 4.53, 5.19, 6.47, 7.54, 7.01, 8.12], [3.6, 3.73, 3.88, 3.84, 3.78, 3.69, 3.86, 4.03, 3.87, 4.21, 4.62, 4.8, 4.91, 4.96, 4.55, 4.34, 3.24, 2.77, 2.8, 2.66, 3.12, 3.52, 3.27, 2.87, 2.83, 2.5, 3.36, 4.93, 5.19, 5.33, 4.79, 4.5, 4.286, 4.069, 3.726, 3.63, 3.95, 3.874, 3.912, 3.574, 3.54, 3.69, 4.37, 4.98, 4.21, 3.63, 3.49, 3.8, 4.501, 3.809, 3.399, 3.806, 4.756, 4.492, 4.756, 5.786, 5.539, 5.789, 6.392, 6.442, 4.8, 1.86, 0, 1.26, 2.72, 2.6, 2.24, 2.46, 2.41, 2.13, 2.37, 3.68, 4.22, 4.05, 3.61, 4.28, 4.68, 4.56, 4.43, 4.27, 3.93, 4.55, 5.55, 6.5, 6.13, 7.12], [3.24, 3.27, 3.46, 3.4, 3.38, 3.57, 3.78, 3.87, 3.47, 3.77, 4.34, 4.82, 4.91, 4.86, 4.67, 4.88, 3.76, 3.27, 3.02, 2.46, 2.76, 3.18, 2.99, 2.67, 2.93, 2.9, 3.9, 5.65, 6.09, 6.01, 5.383, 5.091, 4.852, 4.684, 4.344, 4.29, 4.71, 4.737, 4.814, 4.437, 4.317, 4.47, 5.19, 5.9, 5.09, 4.09, 3.97, 4.492, 5.41, 4.724, 4.254, 4.703, 5.66, 5.394, 5.672, 6.744, 6.524, 6.792, 7.394, 7.464, 5.82, 2.84, 1.26, 0, 1.74, 1.86, 1.64, 1.92, 1.77, 1.71, 1.83, 3.02, 3.58, 3.33, 2.97, 3.7, 4.06, 3.94, 3.85, 3.67, 3.35, 3.91, 4.67, 5.56, 5.19, 6.12], [3.92, 3.69, 3.9, 3.84, 3.44, 3.83, 3.76, 3.59, 3.37, 3.83, 4.58, 4.9, 4.89, 4.68, 4.95, 5.38, 4.36, 3.93, 3.72, 2.98, 2.52, 3.0, 3.13, 3.45, 3.71, 4.1, 5.08, 6.46, 7.175, 6.823, 6.211, 5.872, 5.857, 5.7, 5.46, 5.457, 5.654, 5.624, 5.703, 5.504, 5.144, 5.325, 6.194, 6.984, 6.063, 4.837, 4.654, 5.418, 6.273, 5.588, 5.218, 5.55, 6.52, 6.304, 6.569, 7.593, 7.37, 7.68, 8.283, 8.333, 6.66, 3.76, 2.72, 1.74, 0, 1.12, 1.48, 1.56, 1.43, 1.65, 1.61, 1.86, 2.4, 2.01, 1.91, 2.52, 2.8, 2.76, 2.87, 2.69, 2.71, 2.77, 3.33, 3.96, 3.59, 4.5], [4.12, 4.03, 4.08, 3.94, 3.66, 3.77, 3.66, 3.55, 3.41, 3.95, 4.72, 4.94, 4.95, 4.82, 4.95, 5.14, 4.1, 3.75, 3.5, 2.82, 2.62, 3.2, 3.29, 3.59, 3.77, 4.1, 5.024, 6.326, 6.995, 6.661, 6.093, 5.775, 5.834, 5.677, 5.397, 5.334, 5.594, 5.501, 5.535, 5.461, 5.121, 5.248, 5.937, 6.755, 5.848, 4.866, 4.491, 5.13, 6.138, 5.548, 5.218, 5.57, 6.46, 6.284, 6.515, 7.502, 7.199, 7.332, 7.932, 7.95, 6.3, 3.5, 2.6, 1.86, 1.12, 0, 1.12, 1.46, 1.39, 1.41, 1.43, 2.04, 2.44, 2.05, 2.13, 2.6, 2.82, 2.84, 3.05, 2.89, 2.95, 2.89, 3.45, 4.22, 3.71, 4.84], [4.06, 4.03, 4.26, 4.16, 3.88, 3.75, 3.7, 3.83, 3.81, 4.21, 4.96, 5.22, 5.31, 5.22, 5.15, 5.06, 3.98, 3.51, 3.36, 3.0, 3.0, 3.4, 3.37, 3.37, 3.63, 3.78, 4.535, 5.922, 6.512, 6.376, 5.814, 5.593, 5.494, 5.254, 4.954, 4.891, 5.334, 5.361, 5.398, 5.078, 4.804, 5.014, 5.497, 6.341, 5.571, 4.53, 4.417, 5.024, 5.926, 5.223, 4.84, 5.221, 6.111, 5.927, 6.171, 7.233, 6.964, 7.012, 7.634, 7.664, 6.012, 3.14, 2.24, 1.64, 1.48, 1.12, 0, 1.08, 1.17, 1.03, 1.13, 1.98, 2.52, 2.19, 2.13, 2.82, 3.24, 3.16, 2.99, 2.85, 2.95, 3.19, 3.73, 4.78, 4.27, 5.3], [4.4, 4.31, 4.5, 4.52, 4.22, 4.15, 4.04, 4.15, 3.95, 4.17, 5.06, 5.48, 5.49, 5.54, 5.55, 5.28, 4.16, 3.81, 3.56, 3.22, 3.28, 3.76, 3.83, 3.53, 3.89, 3.98, 4.655, 6.056, 6.589, 6.701, 6.12, 5.871, 5.691, 5.431, 5.174, 5.211, 5.531, 5.598, 5.651, 5.298, 4.998, 5.248, 5.808, 6.638, 5.888, 4.67, 4.597, 5.414, 6.158, 5.485, 5.005, 5.47, 6.42, 6.213, 6.402, 7.377, 7.053, 7.417, 8.04, 8.07, 6.363, 3.46, 2.46, 1.92, 1.56, 1.46, 1.08, 0, 0.91, 1.05, 1.29, 1.84, 2.4, 2.07, 1.93, 2.66, 3.12, 3.08, 2.91, 2.83, 2.83, 3.11, 3.67, 4.72, 4.19, 5.26], [4.47, 4.42, 4.61, 4.55, 4.33, 4.3, 4.21, 4.18, 4.18, 4.54, 5.31, 5.61, 5.56, 5.61, 5.6, 5.29, 4.25, 3.96, 3.79, 3.43, 3.51, 3.83, 3.9, 3.56, 3.7, 3.85, 4.65, 6.14, 6.69, 6.636, 5.976, 5.63, 5.593, 5.431, 5.251, 5.21, 5.453, 5.488, 5.51, 5.263, 4.983, 5.093, 5.833, 6.628, 5.88, 4.8, 4.6, 5.213, 6.06, 5.422, 5.008, 5.415, 6.388, 6.16, 6.425, 7.299, 6.96, 7.407, 8.03, 8.06, 6.333, 3.47, 2.41, 1.77, 1.43, 1.39, 1.17, 0.91, 0, 0.86, 1.18, 1.59, 2.11, 1.88, 1.82, 2.39, 2.91, 2.79, 2.6, 2.54, 2.54, 2.86, 3.58, 4.57, 4.04, 5.11], [4.19, 4.26, 4.49, 4.37, 4.09, 4.0, 3.87, 3.96, 4.02, 4.48, 5.19, 5.35, 5.3, 5.27, 5.24, 4.89, 4.03, 3.74, 3.63, 3.29, 3.29, 3.61, 3.58, 3.3, 3.48, 3.47, 4.15, 5.54, 6.248, 6.078, 5.402, 5.17, 5.024, 4.933, 4.736, 4.773, 4.993, 4.988, 5.025, 4.788, 4.437, 4.63, 5.336, 6.248, 5.51, 4.439, 4.239, 4.8, 5.543, 4.86, 4.41, 4.82, 5.77, 5.563, 5.81, 6.705, 6.469, 6.856, 7.478, 7.509, 5.836, 2.99, 2.13, 1.71, 1.65, 1.41, 1.03, 1.05, 0.86, 0, 0.82, 1.65, 2.21, 2.02, 1.8, 2.41, 2.89, 2.77, 2.64, 2.52, 2.6, 2.82, 3.96, 4.91, 4.3, 5.45], [4.51, 4.4, 4.59, 4.55, 4.23, 4.16, 3.79, 3.82, 4.24, 4.82, 5.43, 5.65, 5.54, 5.49, 5.52, 5.19, 4.39, 4.12, 3.99, 3.63, 3.43, 3.57, 3.78, 3.5, 3.44, 3.69, 4.29, 5.64, 6.407, 5.94, 5.137, 5.01, 4.985, 4.888, 4.768, 4.805, 4.933, 4.934, 4.99, 4.711, 4.48, 4.68, 5.479, 6.434, 5.8, 4.8, 4.38, 4.78, 5.364, 4.62, 4.31, 4.58, 5.55, 5.443, 5.608, 6.503, 6.477, 6.787, 7.39, 7.44, 5.767, 3.07, 2.37, 1.83, 1.61, 1.43, 1.13, 1.29, 1.18, 0.82, 0, 1.35, 1.99, 1.82, 1.66, 2.31, 2.47, 2.47, 2.42, 2.24, 2.36, 2.48, 4.1, 4.97, 4.26, 5.57], [5.6, 5.33, 5.48, 5.52, 5.06, 4.95, 4.56, 4.55, 4.79, 5.29, 6.16, 6.64, 6.49, 6.4, 6.55, 6.28, 5.46, 5.17, 5.04, 4.64, 4.12, 4.36, 4.81, 4.67, 4.63, 5.0, 5.58, 6.52, 7.474, 6.97, 6.03, 6.14, 6.18, 6.046, 5.966, 6.066, 6.186, 6.204, 6.22, 5.924, 5.77, 5.943, 6.726, 7.704, 7.083, 5.989, 5.529, 5.97, 6.477, 5.87, 5.52, 5.71, 6.72, 6.64, 6.6, 7.413, 7.387, 7.697, 8.3, 8.35, 6.677, 4.38, 3.68, 3.02, 1.86, 2.04, 1.98, 1.84, 1.59, 1.65, 1.35, 0, 0.92, 0.95, 1.05, 1.22, 1.4, 1.34, 1.51, 1.47, 1.69, 1.63, 3.27, 4.12, 3.41, 4.72], [6.18, 5.91, 6.0, 5.96, 5.56, 5.39, 4.96, 4.89, 5.19, 5.67, 6.58, 7.16, 6.99, 6.8, 7.03, 6.84, 6.02, 5.73, 5.6, 5.12, 4.46, 4.8, 5.37, 5.25, 5.19, 5.56, 6.14, 7.214, 8.065, 7.55, 6.65, 6.68, 6.76, 6.623, 6.512, 6.609, 6.706, 6.687, 6.72, 6.484, 6.307, 6.466, 7.326, 8.276, 7.626, 6.589, 6.089, 6.467, 6.997, 6.43, 6.1, 6.25, 7.22, 7.2, 7.2, 8.096, 8.036, 8.346, 8.94, 8.99, 7.326, 4.9, 4.22, 3.58, 2.4, 2.44, 2.52, 2.4, 2.11, 2.21, 1.99, 0.92, 0, 0.73, 1.39, 1.16, 1.26, 1.08, 1.33, 1.35, 1.63, 1.35, 2.81, 3.46, 2.71, 4.06], [5.81, 5.54, 5.63, 5.59, 5.19, 5.02, 4.57, 4.54, 4.8, 5.26, 6.21, 6.79, 6.62, 6.43, 6.66, 6.47, 5.65, 5.38, 5.25, 4.75, 4.11, 4.51, 5.0, 4.94, 5.02, 5.39, 5.99, 7.221, 8.048, 7.48, 6.68, 6.59, 6.667, 6.53, 6.376, 6.473, 6.573, 6.534, 6.59, 6.408, 6.134, 6.31, 7.164, 8.154, 7.404, 6.276, 5.79, 6.354, 6.924, 6.26, 5.91, 6.18, 7.15, 7.15, 7.148, 8.126, 8.066, 8.359, 8.953, 9.003, 7.336, 4.73, 4.05, 3.33, 2.01, 2.05, 2.19, 2.07, 1.88, 2.02, 1.82, 0.95, 0.73, 0, 1.26, 1.23, 1.47, 1.43, 1.68, 1.64, 1.82, 1.4, 2.6, 3.39, 2.64, 4.01], [5.57, 5.34, 5.53, 5.55, 5.15, 5.0, 4.59, 4.58, 4.86, 5.36, 6.27, 6.65, 6.52, 6.43, 6.58, 6.25, 5.45, 5.18, 5.05, 4.65, 4.07, 4.35, 4.8, 4.68, 4.66, 4.99, 5.59, 6.493, 7.438, 6.84, 5.84, 5.99, 6.27, 6.039, 5.939, 6.016, 6.196, 5.957, 6.03, 5.923, 5.68, 5.913, 6.676, 7.617, 6.973, 5.976, 5.376, 5.62, 6.167, 5.84, 5.57, 5.7, 6.63, 6.67, 6.57, 7.3, 7.038, 7.41, 7.891, 7.861, 6.29, 4.25, 3.61, 2.97, 1.91, 2.13, 2.13, 1.93, 1.82, 1.8, 1.66, 1.05, 1.39, 1.26, 0, 1.37, 1.71, 1.47, 1.54, 1.42, 1.56, 1.7, 3.6, 4.41, 3.66, 5.07], [6.24, 6.05, 6.14, 6.06, 5.7, 5.47, 5.1, 4.93, 5.09, 5.53, 6.54, 7.16, 7.05, 6.78, 7.09, 6.9, 6.08, 5.79, 5.66, 5.1, 4.56, 5.08, 5.51, 5.31, 5.29, 5.54, 6.16, 6.923, 7.9, 7.63, 6.55, 6.78, 6.886, 6.789, 6.652, 6.769, 6.866, 6.673, 6.64, 6.533, 6.313, 6.566, 7.326, 8.196, 7.629, 6.649, 6.189, 6.473, 6.96, 6.43, 6.18, 6.31, 7.2, 7.18, 7.1, 7.75, 7.542, 7.96, 8.533, 8.504, 6.872, 4.86, 4.28, 3.7, 2.52, 2.6, 2.82, 2.66, 2.39, 2.41, 2.31, 1.22, 1.16, 1.23, 1.37, 0, 1.02, 0.98, 1.27, 1.13, 1.35, 1.19, 2.85, 3.76, 3.01, 4.34], [6.56, 6.29, 6.34, 6.26, 5.9, 5.75, 5.24, 5.11, 5.51, 6.01, 6.88, 7.46, 7.29, 7.08, 7.35, 7.24, 6.36, 6.13, 6.0, 5.44, 4.76, 5.2, 5.75, 5.71, 5.61, 5.98, 6.6, 7.323, 8.36, 7.89, 6.75, 6.96, 7.126, 7.049, 6.972, 7.089, 7.186, 6.993, 7.02, 6.853, 6.713, 6.946, 7.766, 8.636, 8.06