[[0, 0.9, 1.98, 2.84, 1.49, 1.61, 2.94, 3.07, 2.76, 3.2, 3.13, 3.329, 3.61, 4.09, 4.58, 4.566, 4.07, 4.838, 4.75, 3.16, 2.07, 2.21, 2.44, 2.96, 2.52, 2.4, 3.22, 3.38, 3.06, 2.77, 2.26, 2.64, 4.7, 6.86, 7.49, 7.24, 6.85, 7.0, 7.22, 7.211, 7.016, 7.37, 7.57, 7.62, 8.544, 8.96, 8.99, 8.907, 8.39, 8.12, 9.113, 10.076, 10.396, 10.048, 9.503, 9.284, 9.434, 9.381, 8.37, 6.55, 5.44, 4.9, 5.22, 5.48, 5.8, 5.33, 4.02, 5.01, 5.62, 4.48, 3.25, 2.22, 2.13, 2.08, 1.71, 1.33, 1.22, 1.72, 3.457, 5.234, 5.35, 5.736, 6.578, 7.223, 7.032, 7.26], [0.9, 0, 1.66, 2.62, 1.19, 1.81, 3.08, 3.25, 2.94, 3.34, 3.29, 3.55, 3.85, 4.35, 4.82, 4.83, 4.43, 5.095, 5.01, 3.44, 2.57, 2.55, 2.9, 3.22, 2.74, 2.34, 2.9, 3.1, 2.72, 2.49, 2.22, 2.36, 4.36, 6.58, 7.09, 6.92, 6.65, 6.62, 6.96, 7.03, 6.93, 7.29, 7.427, 7.497, 8.444, 8.817, 8.884, 8.804, 8.29, 7.96, 8.99, 9.91, 10.267, 9.81, 9.34, 9.063, 9.082, 9.009, 7.91, 6.091, 5.04, 4.5, 5.0, 5.3, 5.58, 5.11, 4.06, 5.29, 5.92, 4.78, 3.73, 2.74, 2.77, 2.58, 1.89, 1.61, 1.38, 1.64, 3.337, 5.003, 5.21, 5.593, 6.417, 7.095, 6.929, 7.3], [1.98, 1.66, 0, 1.2, 1.65, 3.17, 4.62, 4.69, 4.44, 4.86, 4.81, 5.03, 5.31, 5.77, 6.28, 6.27, 5.77, 6.535, 6.45, 4.82, 3.69, 3.69, 4.16, 4.56, 4.16, 2.8, 2.86, 2.26, 1.94, 1.75, 1.56, 1.88, 3.74, 5.44, 5.97, 5.74, 5.67, 5.76, 5.94, 5.73, 5.61, 5.77, 5.91, 5.96, 6.867, 7.28, 7.33, 7.264, 6.79, 6.46, 7.49, 8.376, 8.696, 8.319, 7.84, 7.603, 7.637, 7.604, 6.55, 4.83, 4.06, 4.26, 4.88, 5.18, 5.24, 4.91, 4.54, 6.29, 6.96, 5.9, 4.89, 3.92, 3.89, 3.7, 2.67, 2.01, 1.82, 1.9, 1.88, 3.6, 3.75, 4.23, 4.912, 5.581, 5.488, 6.031], [2.84, 2.62, 1.2, 0, 2.05, 4.13, 5.58, 5.79, 5.46, 5.84, 5.85, 5.93, 6.23, 6.73, 7.18, 7.126, 6.63, 7.398, 7.306, 5.78, 4.57, 4.55, 5.0, 5.52, 5.18, 3.58, 3.08, 2.2, 1.76, 1.99, 1.96, 2.02, 3.6, 5.2, 5.71, 5.64, 5.63, 5.7, 5.68, 5.43, 5.07, 5.25, 5.31, 5.2, 5.95, 6.365, 6.41, 6.37, 5.93, 5.86, 6.83, 7.53, 7.801, 7.506, 7.078, 6.878, 6.951, 6.858, 5.95, 4.15, 3.96, 4.42, 5.06, 5.24, 5.12, 4.89, 4.8, 6.91, 7.6, 6.56, 5.53, 4.64, 4.47, 4.32, 3.39, 2.75, 2.4, 2.48, 1.52, 3.08, 3.23, 3.65, 4.26, 4.78, 4.888, 5.734], [1.49, 1.19, 1.65, 2.05, 0, 2.22, 3.75, 3.98, 3.59, 3.95, 3.98, 4.1, 4.42, 4.94, 5.39, 5.299, 4.84, 5.548, 5.48, 4.01, 3.24, 3.18, 3.63, 3.93, 3.57, 3.11, 3.37, 3.19, 2.77, 2.92, 2.63, 2.67, 4.35, 6.43, 6.82, 6.89, 6.74, 6.63, 6.83, 6.8, 6.56, 6.88, 6.92, 6.83, 7.836, 8.198, 8.248, 8.171, 7.7, 7.49, 8.5, 9.294, 9.694, 9.268, 8.747, 8.33, 8.344, 8.311, 7.28, 5.44, 4.81, 4.45, 5.13, 5.41, 5.67, 5.22, 4.29, 5.4, 5.99, 4.89, 4.02, 3.13, 3.18, 2.99, 2.32, 2.08, 1.75, 1.99, 3.09, 4.73, 4.92, 5.36, 5.95, 6.55, 6.595, 7.235], [1.61, 1.81, 3.17, 4.13, 2.22, 0, 1.71, 2.14, 1.73, 1.91, 2.14, 2.36, 2.68, 3.24, 3.59, 3.4, 3.24, 3.57, 3.68, 2.35, 2.66, 2.86, 2.85, 3.01, 2.67, 2.79, 3.69, 4.43, 4.27, 3.84, 3.33, 3.47, 5.31, 7.85, 8.46, 8.387, 8.077, 7.97, 8.39, 8.474, 8.354, 8.734, 8.925, 9.001, 9.993, 10.381, 10.422, 10.334, 9.831, 9.515, 10.545, 11.462, 11.819, 11.442, 10.901, 10.521, 10.446, 10.407, 9.317, 7.337, 5.69, 5.03, 5.19, 5.45, 5.77, 5.42, 3.93, 4.14, 4.49, 3.53, 2.72, 1.83, 2.1, 2.21, 2.62, 2.38, 2.49, 3.05, 4.904, 6.603, 6.711, 7.2, 7.935, 8.595, 8.43, 8.55], [2.94, 3.08, 4.62, 5.58, 3.75, 1.71, 0, 0.97, 0.88, 0.9, 1.07, 1.25, 1.41, 1.87, 2.24, 2.33, 2.15, 2.42, 2.59, 1.42, 2.59, 2.85, 2.8, 2.7, 2.44, 3.28, 4.44, 5.74, 5.58, 5.11, 4.56, 4.72, 6.84, 9.357, 9.907, 9.834, 9.504, 9.357, 9.8, 9.95, 9.816, 10.19, 10.387, 10.457, 11.469, 11.828, 11.878, 11.784, 11.29, 10.951, 12.021, 12.904, 13.295, 12.838, 12.32, 11.995, 11.999, 11.926, 10.793, 8.936, 7.26, 6.3, 6.38, 6.42, 6.74, 6.61, 4.66, 4.39, 4.46, 3.68, 2.45, 1.86, 2.29, 2.62, 3.25, 3.49, 3.76, 4.28, 6.342, 7.988, 8.138, 8.562, 9.377, 10.066, 9.892, 9.85], [3.07, 3.25, 4.69, 5.79, 3.98, 2.14, 0.97, 0, 0.69, 0.95, 0.9, 1.16, 1.24, 1.64, 2.05, 2.24, 2.12, 2.31, 2.38, 1.39, 2.06, 2.38, 2.21, 2.17, 1.81, 3.07, 4.61, 5.97, 5.79, 5.16, 4.53, 4.83, 7.11, 9.59, 10.101, 9.99, 9.634, 9.485, 10.004, 10.109, 9.98, 10.349, 10.54, 10.61, 11.54, 11.89, 11.96, 11.889, 11.4, 11.059, 12.129, 12.989, 13.369, 12.912, 12.424, 12.148, 12.129, 12.116, 10.935, 9.218, 7.63, 6.69, 6.73, 6.77, 7.11, 6.76, 4.71, 4.7, 4.87, 3.85, 2.46, 1.89, 2.32, 2.55, 3.14, 3.52, 3.83, 4.33, 6.404, 8.064, 8.22, 8.649, 9.473, 10.159, 10.005, 9.946], [2.76, 2.94, 4.44, 5.46, 3.59, 1.73, 0.88, 0.69, 0, 0.86, 0.81, 1.11, 1.27, 1.81, 2.22, 2.27, 2.11, 2.32, 2.45, 1.3, 2.27, 2.53, 2.36, 2.3, 1.98, 3.04, 4.38, 5.62, 5.46, 4.93, 4.3, 4.52, 6.7, 9.192, 9.728, 9.669, 9.299, 9.16, 9.672, 9.784, 9.681, 10.053, 10.25, 10.32, 11.295, 11.657, 11.707, 11.61, 11.107, 10.78, 11.85, 12.733, 13.124, 12.667, 12.146, 11.843, 11.765, 11.752, 10.619, 8.762, 7.2, 6.38, 6.46, 6.62, 6.94, 6.53, 4.6, 4.57, 4.7, 3.74, 2.39, 1.74, 2.21, 2.46, 3.13, 3.33, 3.58, 4.16, 6.168, 7.819, 7.955, 8.35, 9.209, 9.889, 9.718, 9.736], [3.2, 3.34, 4.86, 5.84, 3.95, 1.91, 0.9, 0.95, 0.86, 0, 0.63, 0.87, 0.99, 1.61, 1.98, 2.07, 1.91, 2.1, 2.29, 1.24, 2.61, 2.85, 2.64, 2.5, 2.24, 3.42, 4.7, 6.02, 5.82, 5.35, 4.74, 4.8, 7.1, 9.594, 10.119, 10.089, 9.742, 9.566, 10.063, 10.213, 10.078, 10.447, 10.644, 10.714, 11.712, 12.071, 12.135, 12.044, 11.55, 11.214, 12.279, 13.161, 13.538, 13.081, 12.58, 12.234, 12.179, 12.163, 11.047, 9.136, 7.38, 6.56, 6.6, 6.76, 7.08, 6.75, 4.74, 4.31, 4.36, 3.48, 2.33, 1.88, 2.51, 2.84, 3.41, 3.69, 3.98, 4.52, 6.579, 8.239, 8.39, 8.793, 9.64, 10.332, 10.158, 10.124], [3.13, 3.29, 4.81, 5.85, 3.98, 2.14, 1.07, 0.9, 0.81, 0.63, 0, 0.6, 0.88, 1.46, 1.87, 1.96, 1.74, 2.05, 2.12, 1.23, 2.52, 2.76, 2.49, 2.31, 2.11, 3.47, 4.65, 6.01, 5.85, 5.3, 4.67, 4.87, 7.09, 9.57, 10.134, 10.05, 9.657, 9.568, 10.059, 10.171, 10.068, 10.443, 10.64, 10.71, 11.668, 12.027, 12.097, 12.0, 11.497, 11.17, 12.22, 13.122, 13.497, 13.039, 12.536, 12.236, 12.189, 12.156, 11.023, 9.166, 7.63, 6.85, 6.89, 7.03, 7.35, 6.92, 4.89, 4.32, 4.43, 3.43, 2.2, 1.89, 2.54, 2.81, 3.38, 3.66, 3.93, 4.47, 6.541, 8.189, 8.325, 8.72, 9.596, 10.276, 10.105, 10.106], [3.329, 3.55, 5.03, 5.93, 4.1, 2.36, 1.25, 1.16, 1.11, 0.87, 0.6, 0, 0.6, 1.14, 1.51, 1.56, 1.36, 1.75, 1.74, 1.31, 2.46, 2.7, 2.33, 2.19, 2.15, 3.59, 4.81, 6.13, 5.99, 5.52, 4.89, 4.91, 7.17, 9.653, 10.28, 10.253, 9.848, 9.73, 10.159, 10.288, 10.126, 10.5, 10.717, 10.787, 11.844, 12.212, 12.239, 12.128, 11.622, 11.332, 12.402, 13.248, 13.673, 13.27, 12.715, 12.296, 12.332, 12.316, 11.186, 9.209, 7.67, 6.93, 6.95, 6.87, 7.23, 6.84, 4.65, 4.0, 4.07, 3.15, 2.0, 1.79, 2.42, 2.77, 3.36, 3.84, 4.129, 4.709, 6.717, 8.423, 8.519, 8.931, 9.758, 10.401, 10.23, 10.194], [3.61, 3.85, 5.31, 6.23, 4.42, 2.68, 1.41, 1.24, 1.27, 0.99, 0.88, 0.6, 0, 0.74, 1.17, 1.52, 1.3, 1.57, 1.56, 1.39, 2.52, 2.8, 2.33, 2.11, 2.11, 3.75, 5.13, 6.41, 6.29, 5.8, 5.15, 5.21, 7.55, 9.996, 10.566, 10.533, 10.152, 10.008, 10.462, 10.606, 10.468, 10.84, 11.037, 11.107, 12.136, 12.495, 12.528, 12.434, 11.931, 11.624, 12.688, 13.554, 13.962, 13.559, 13.01, 12.636, 12.675, 12.602, 11.518, 9.632, 8.07, 7.27, 7.29, 7.17, 7.53, 7.16, 4.83, 4.06, 4.09, 3.15, 2.02, 2.09, 2.7, 2.99, 3.66, 4.12, 4.41, 4.989, 7.006, 8.706, 8.819, 9.237, 10.05, 10.713, 10.545, 10.503], [4.09, 4.35, 5.77, 6.73, 4.94, 3.24, 1.87, 1.64, 1.81, 1.61, 1.46, 1.14, 0.74, 0, 0.67, 1.18, 1.22, 1.21, 1.08, 1.69, 2.84, 3.16, 2.71, 2.25, 2.49, 4.23, 5.67, 6.93, 6.81, 6.32, 5.65, 5.81, 8.05, 10.496, 11.14, 11.03, 10.66, 10.53, 10.959, 11.086, 10.966, 11.34, 11.537, 11.607, 12.616, 13.004, 13.011, 12.917, 12.42, 12.124, 13.168, 14.057, 14.445, 14.059, 13.513, 13.147, 13.155, 13.062, 11.98, 10.112, 8.63, 7.81, 7.81, 7.65, 8.03, 7.68, 5.23, 4.1, 4.07, 3.23, 2.38, 2.59, 3.16, 3.47, 4.14, 4.6, 4.89, 5.486, 7.512, 9.212, 9.325, 9.737, 10.55, 11.199, 11.025, 10.983], [4.58, 4.82, 6.28, 7.18, 5.39, 3.59, 2.24, 2.05, 2.22, 1.98, 1.87, 1.51, 1.17, 0.67, 0, 1.05, 1.47, 1.1, 0.93, 2.02, 3.27, 3.61, 3.08, 2.52, 2.86, 4.58, 6.08, 7.4, 7.24, 6.79, 6.16, 6.16, 8.48, 10.926, 11.536, 11.503, 11.124, 10.978, 11.429, 11.567, 11.41, 11.784, 11.981, 12.051, 13.103, 13.485, 13.489, 13.401, 12.91, 12.599, 13.658, 14.535, 14.929, 14.54, 13.994, 13.6, 13.682, 13.589, 12.476, 10.559, 8.96, 8.18, 8.18, 7.98, 8.38, 8.03, 5.54, 4.19, 4.12, 3.34, 2.75, 3.04, 3.624, 3.92, 4.63, 5.09, 5.38, 5.976, 7.996, 9.684, 9.812, 10.23, 11.025, 11.677, 11.503, 11.461], [4.566, 4.83, 6.27, 7.126, 5.299, 3.4, 2.33, 2.24, 2.27, 2.07, 1.96, 1.56, 1.52, 1.18, 1.05, 0, 1.18, 0.93, 0.7, 1.83, 3.14, 3.42, 2.93, 2.55, 2.93, 4.71, 6.17, 7.406, 7.249, 6.82, 6.15, 6.17, 8.25, 10.759, 11.528, 11.455, 11.065, 10.93, 11.324, 11.445, 11.328, 11.622, 11.885, 11.975, 12.993, 13.472, 13.467, 13.268, 12.773, 12.58, 13.647, 14.49, 14.838, 14.515, 13.966, 13.521, 13.421, 13.389, 12.3, 10.198, 8.49, 7.79, 7.87, 7.61, 7.99, 7.66, 5.09, 3.78, 3.77, 3.27, 2.8, 2.93, 3.52, 3.89, 4.485, 5.039, 5.346, 5.972, 7.968, 9.671, 9.773, 10.187, 10.997, 11.624, 11.441, 11.417], [4.07, 4.43, 5.77, 6.63, 4.84, 3.24, 2.15, 2.12, 2.11, 1.91, 1.74, 1.36, 1.3, 1.22, 1.47, 1.18, 0, 1.05, 1.14, 1.71, 2.7, 2.94, 2.39, 2.61, 2.79, 4.57, 5.91, 6.91, 6.75, 6.4, 5.69, 5.77, 7.75, 10.37, 11.16, 11.07, 10.7, 10.51, 10.883, 10.933, 10.82, 11.157, 11.34, 11.474, 12.437, 12.95, 12.938, 12.707, 12.244, 12.071, 13.106, 13.964, 14.283, 13.986, 13.457, 13.053, 12.964, 12.883, 11.9, 9.744, 8.19, 7.65, 7.73, 7.57, 7.85, 7.4, 5.21, 4.16, 4.07, 3.61, 2.68, 2.49, 2.9, 3.47, 3.98, 4.56, 4.87, 5.45, 7.436, 9.149, 9.235, 9.655, 10.514, 11.094, 10.9, 10.867], [4.838, 5.095, 6.535, 7.398, 5.548, 3.57, 2.42, 2.31, 2.32, 2.1, 2.05, 1.75, 1.57, 1.21, 1.1, 0.93, 1.05, 0, 0.75, 2.16, 3.47, 3.63, 3.12, 2.82, 3.2, 4.86, 6.38, 7.7, 7.54, 7.09, 6.44, 6.44, 8.373, 10.947, 11.714, 11.641, 11.277, 11.076, 11.55, 11.711, 11.588, 11.897, 12.079, 12.221, 13.259, 13.729, 13.719, 13.523, 13.049, 12.835, 13.885, 14.733, 15.093, 14.749, 14.209, 13.761, 13.703, 13.677, 12.526, 10.37, 8.48, 7.68, 7.74, 7.56, 7.88, 7.51, 5.22, 3.73, 3.66, 3.38, 2.95, 3.153, 3.53, 3.9, 4.701, 5.279, 5.586, 6.241, 8.235, 9.917, 10.027, 10.433, 11.249, 11.867, 11.673, 11.64], [4.75, 5.01, 6.45, 7.306, 5.48, 3.68, 2.59, 2.38, 2.45, 2.29, 2.12, 1.74, 1.56, 1.08, 0.93, 0.7, 1.14, 0.75, 0, 1.91, 3.3, 3.52, 3.01, 2.81, 3.09, 4.93, 6.41, 7.59, 7.43, 6.98, 6.33, 6.33, 8.37, 10.899, 11.685, 11.635, 11.245, 11.09, 11.484, 11.622, 11.502, 11.787, 12.05, 12.155, 13.17, 13.649, 13.645, 13.448, 12.95, 12.757, 13.827, 14.664, 15.004, 14.692, 14.128, 13.675, 13.615, 13.578, 12.478, 10.318, 8.65, 7.95, 8.01, 7.79, 8.19, 7.74, 5.35, 4.06, 4.01, 3.57, 3.04, 3.09, 3.62, 4.01, 4.665, 5.219, 5.526, 6.149, 8.157, 9.848, 9.947, 10.347, 11.168, 11.798, 11.604, 11.591], [3.16, 3.44, 4.82, 5.78, 4.01, 2.35, 1.42, 1.39, 1.3, 1.24, 1.23, 1.31, 1.39, 1.69, 2.02, 1.83, 1.71, 2.16, 1.91, 0, 2.19, 2.47, 2.32, 2.36, 2.1, 3.6, 4.86, 5.98, 5.82, 5.33, 4.68, 4.78, 7.08, 9.529, 10.13, 10.075, 9.742, 9.64, 9.998, 10.124, 9.998, 10.367, 10.564, 10.634, 11.666, 12.034, 12.058, 11.947, 11.45, 11.157, 12.235, 13.064, 13.492, 13.092, 12.543, 12.18, 12.188, 12.155, 11.028, 9.188, 7.74, 7.0, 7.04, 7.08, 7.4, 6.95, 5.1, 4.63, 4.84, 3.82, 2.61, 1.82, 2.33, 2.72, 3.25, 3.65, 3.94, 4.519, 6.539, 8.265, 8.364, 8.79, 9.583, 10.235, 10.06, 10.016], [2.07, 2.57, 3.69, 4.57, 3.24, 2.66, 2.59, 2.06, 2.27, 2.61, 2.52, 2.46, 2.52, 2.84, 3.27, 3.14, 2.7, 3.47, 3.3, 2.19, 0, 0.72, 1.13, 1.39, 1.15, 2.43, 4.03, 5.03, 4.71, 4.1, 3.43, 3.89, 6.31, 8.65, 9.26, 9.03, 8.62, 8.69, 8.917, 8.958, 8.629, 8.9, 9.12, 9.17, 10.22, 10.57, 10.62, 10.64, 10.16, 9.87, 10.84, 11.749, 11.969, 11.735, 11.282, 11.114, 11.244, 11.171, 10.1, 8.344, 6.99, 6.31, 6.39, 6.23, 6.61, 6.24, 4.09, 5.04, 5.57, 4.51, 3.24, 2.29, 2.16, 1.93, 2.14, 2.54, 2.59, 3.05, 5.09, 6.911, 7.03, 7.453, 8.229, 8.843, 8.629, 8.63], [2.21, 2.55, 3.69, 4.55, 3.18, 2.86, 2.85, 2.38, 2.53, 2.85, 2.76, 2.7, 2.8, 3.16, 3.61, 3.42, 2.94, 3.63, 3.52, 2.47, 0.72, 0, 0.83, 1.47, 1.29, 2.59, 4.03, 4.99, 4.71, 4.06, 3.51, 3.91, 6.11, 8.59, 9.36, 9.01, 8.54, 8.51, 8.774, 8.915, 8.552, 8.78, 8.98, 9.09, 10.16, 10.55, 10.56, 10.48, 10.04, 9.83, 10.82, 11.652, 11.929, 11.735, 11.245, 11.045, 11.158, 11.105, 9.9, 8.173, 6.91, 6.33, 6.45, 6.31, 6.65, 6.24, 4.19, 5.06, 5.61, 4.65, 3.46, 2.55, 2.38, 2.17, 2.06, 2.58, 2.67, 3.03, 5.07, 6.894, 7.013, 7.444, 8.192, 8.743, 8.56, 8.51], [2.44, 2.9, 4.16, 5.0, 3.63, 2.85, 2.8, 2.21, 2.36, 2.64, 2.49, 2.33, 2.33, 2.71, 3.08, 2.93, 2.39, 3.12, 3.01, 2.32, 1.13, 0.83, 0, 1.16, 1.12, 2.68, 4.34, 5.44, 5.16, 4.45, 3.84, 4.22, 6.48, 9.02, 9.71, 9.42, 8.93, 8.918, 9.221, 9.345, 9.113, 9.379, 9.55, 9.7, 10.63, 11.1, 11.09, 10.97, 10.53, 10.32, 11.35, 12.139, 12.482, 12.205, 11.729, 11.495, 11.608, 11.555, 10.348, 8.591, 7.06, 6.5, 6.62, 6.42, 6.76, 6.29, 4.04, 4.43, 4.96, 4.04, 2.91, 2.38, 2.27, 2.1, 2.33, 2.91, 3.06, 3.596, 5.579, 7.394, 7.514, 7.954, 8.71, 9.313, 9.139, 9.062], [2.96, 3.22, 4.56, 5.52, 3.93, 3.01, 2.7, 2.17, 2.3, 2.5, 2.31, 2.19, 2.11, 2.25, 2.52, 2.55, 2.61, 2.82, 2.81, 2.36, 1.39, 1.47, 1.16, 0, 0.92, 2.62, 4.48, 5.84, 5.6, 4.97, 4.3, 4.64, 7.04, 9.486, 10.036, 9.883, 9.493, 9.352, 9.766, 9.896, 9.67, 10.027, 10.21, 10.28, 11.31, 11.62, 11.67, 11.67, 11.19, 10.8, 11.907, 12.71, 13.096, 12.733, 12.246, 12.006, 12.062, 12.029, 10.836, 9.139, 7.54, 6.72, 6.72, 6.5, 6.9, 6.61, 4.02, 4.01, 4.52, 3.44, 2.69, 2.84, 2.85, 2.58, 2.95, 3.45, 3.62, 4.12, 6.157, 7.901, 8.037, 8.483, 9.239, 9.876, 9.701, 9.668], [2.52, 2.74, 4.16, 5.18, 3.57, 2.67, 2.44, 1.81, 1.98, 2.24, 2.11, 2.15, 2.11, 2.49, 2.86, 2.93, 2.79, 3.2, 3.09, 2.1, 1.15, 1.29, 1.12, 0.92, 0, 2.22, 4.12, 5.44, 5.18, 4.51, 3.94, 4.26, 6.7, 9.129, 9.628, 9.449, 9.013, 9.038, 9.409, 9.539, 9.393, 9.756, 9.95, 10.02, 10.89, 11.3, 11.37, 11.327, 10.83, 10.474, 11.504, 12.399, 12.739, 12.282, 11.863, 11.649, 11.725, 11.692, 10.519, 8.802, 7.26, 6.4, 6.34, 6.12, 6.52, 6.21, 3.9, 4.43, 4.94, 3.86, 2.65, 2.44, 2.53, 2.2, 2.59, 2.95, 3.24, 3.62, 5.763, 7.423, 7.591, 7.997, 8.904, 9.578, 9.424, 9.362], [2.4, 2.34, 2.8, 3.58, 3.11, 2.79, 3.28, 3.07, 3.04, 3.42, 3.47, 3.59, 3.75, 4.23, 4.58, 4.71, 4.57, 4.86, 4.93, 3.6, 2.43, 2.59, 2.68, 2.62, 2.22, 0, 2.56, 3.74, 3.48, 2.85, 2.28, 2.56, 4.94, 7.386, 7.885, 7.743, 7.37, 7.252, 7.7, 7.833, 7.642, 8.004, 8.19, 8.26, 9.17, 9.5, 9.59, 9.607, 9.13, 8.734, 9.824, 10.607, 10.984, 10.55, 10.143, 9.923, 9.965, 9.932, 8.739, 7.042, 5.44, 4.38, 4.36, 4.24, 4.58, 4.41, 2.84, 4.77, 5.42, 4.44, 3.59, 3.44, 3.35, 2.8, 2.47, 2.23, 2.42, 2.68, 4.08, 5.732, 5.908, 6.354, 7.107, 7.827, 7.673, 7.599], [3.22, 2.9, 2.86, 3.08, 3.37, 3.69, 4.44, 4.61, 4.38, 4.7, 4.65, 4.81, 5.13, 5.67, 6.08, 6.17, 5.91, 6.38, 6.41, 4.86, 4.03, 4.03, 4.34, 4.48, 4.12, 2.56, 0, 1.44, 1.6, 1.77, 1.98, 1.76, 2.62, 5.066, 5.65, 5.583, 5.19, 5.075, 5.506, 5.636, 5.513, 5.887, 6.084, 6.157, 7.152, 7.514, 7.561, 7.467, 6.97, 6.637, 7.701, 8.587, 8.975, 8.538, 8.003, 7.706, 7.782, 7.689, 6.576, 4.739, 3.38, 3.24, 3.24, 3.32, 3.2, 2.73, 3.44, 6.01, 6.68, 5.62, 4.73, 4.2, 4.41, 3.98, 3.05, 2.79, 2.8, 3.12, 3.16, 3.791, 3.844, 4.228, 5.078, 5.749, 5.575, 5.55], [3.38, 3.1, 2.26, 2.2, 3.19, 4.43, 5.74, 5.97, 5.62, 6.02, 6.01, 6.13, 6.41, 6.93, 7.4, 7.406, 6.91, 7.7, 7.59, 5.98, 5.03, 4.99, 5.44, 5.84, 5.44, 3.74, 1.44, 0, 0.86, 1.33, 1.84, 1.54, 1.84, 3.96, 4.57, 4.4, 4.13, 4.14, 4.32, 4.33, 4.17, 4.49, 4.69, 4.72, 5.746, 6.105, 6.138, 6.044, 5.55, 5.274, 6.35, 7.164, 7.572, 7.152, 6.6, 6.31, 6.417, 6.324, 5.37, 3.465, 2.88, 3.2, 3.74, 4.04, 3.48, 3.15, 4.42, 7.07, 7.78, 6.66, 5.71, 5.02, 5.05, 4.82, 3.71, 3.11, 2.88, 3.0, 2.12, 2.52, 2.501, 2.921, 3.711, 4.346, 4.223, 4.345], [3.06, 2.72, 1.94, 1.76, 2.77, 4.27, 5.58, 5.79, 5.46, 5.82, 5.85, 5.99, 6.29, 6.81, 7.24, 7.249, 6.75, 7.54, 7.43, 5.82, 4.71, 4.71, 5.16, 5.6, 5.18, 3.48, 1.6, 0.86, 0, 0.99, 1.44, 1.32, 2.3, 4.4, 4.91, 4.8, 4.53, 4.54, 4.62, 4.57, 4.33, 4.69, 4.89, 4.92, 5.95, 6.288, 6.338, 6.29, 5.79, 5.46, 6.51, 7.364, 7.752, 7.324, 6.826, 6.63, 6.76, 6.687, 5.73, 3.83, 3.34, 3.52, 4.0, 4.18, 3.76, 3.55, 4.46, 7.09, 7.78, 6.66, 5.69, 4.94, 4.83, 4.66, 3.69, 3.03, 2.66, 2.76, 1.82, 2.58, 2.724, 3.17, 3.909, 4.563, 4.447, 4.76], [2.77, 2.49, 1.75, 1.99, 2.92, 3.84, 5.11, 5.16, 4.93, 5.35, 5.3, 5.52, 5.8, 6.32, 6.79, 6.82, 6.4, 7.09, 6.98, 5.33, 4.1, 4.06, 4.45, 4.97, 4.51, 2.85, 1.77, 1.33, 0.99, 0, 0.79, 0.91, 2.61, 4.85, 5.44, 5.15, 4.76, 4.89, 5.09, 5.175, 4.94, 5.249, 5.44, 5.51, 6.38, 6.79, 6.86, 6.86, 6.38, 6.01, 7.02, 7.909, 8.229, 7.829, 7.399, 7.262, 7.381, 7.348, 6.22, 4.501, 3.71, 3.87, 4.27, 4.39, 4.09, 3.8, 4.47, 6.96, 7.67, 6.55, 5.5, 4.69, 4.48, 4.23, 3.4, 2.76, 2.47, 2.49, 1.85, 3.008, 3.112, 3.595, 4.431, 5.097, 4.942, 5.092], [2.26, 2.22, 1.56, 1.96, 2.63, 3.33, 4.56, 4.53, 4.3, 4.74, 4.67, 4.89, 5.15, 5.65, 6.16, 6.15, 5.69, 6.44, 6.33, 4.68, 3.43, 3.51, 3.84, 4.3, 3.94, 2.28, 1.98, 1.84, 1.44, 0.79, 0, 0.86, 3.16, 5.38, 5.99, 5.74, 5.33, 5.38, 5.62, 5.688, 5.504, 5.83, 6.01, 6.08, 7.01, 7.36, 7.43, 7.43, 6.95, 6.54, 7.627, 8.47, 8.839, 8.453, 7.986, 7.792, 7.931, 7.898, 6.79, 5.051, 4.0, 4.0, 4.36, 4.44, 4.34, 4.03, 4.48, 6.57, 7.26, 6.2, 5.13, 4.14, 3.93, 3.78, 2.91, 2.39, 2.1, 2.26, 2.0, 3.614, 3.77, 4.219, 4.995, 5.65, 5.496, 5.7], [2.64, 2.36, 1.88, 2.02, 2.67, 3.47, 4.72, 4.83, 4.52, 4.8, 4.87, 4.91, 5.21, 5.81, 6.16, 6.17, 5.77, 6.44, 6.33, 4.78, 3.89, 3.91, 4.22, 4.64, 4.26, 2.56, 1.76, 1.54, 1.32, 0.91, 0.86, 0, 2.78, 4.96, 5.57, 5.5, 5.09, 5.06, 5.361, 5.502, 5.327, 5.664, 5.861, 5.931, 6.995, 7.345, 7.369, 7.281, 6.79, 6.488, 7.558, 8.404, 8.809, 8.418, 7.854, 7.512, 7.665, 7.612, 6.53, 4.611, 3.66, 3.68, 4.02, 4.18, 3.9, 3.61, 4.18, 6.43, 7.12, 6.04, 5.19, 4.18, 4.21, 4.08, 3.11, 2.69, 2.42, 2.7, 2.22, 3.625, 3.733, 4.133, 4.906, 5.569, 5.395, 5.617], [4.7, 4.36, 3.74, 3.6, 4.35, 5.31, 6.84, 7.11, 6.7, 7.1, 7.09, 7.17, 7.55, 8.05, 8.48, 8.25, 7.75, 8.373, 8.37, 7.08, 6.31, 6.11, 6.48, 7.04, 6.7, 4.94, 2.62, 1.84, 2.3, 2.61, 3.16, 2.78, 0, 2.78, 3.55, 3.44, 3.07, 2.98, 3.3, 3.367, 3.31, 3.59, 3.744, 3.9, 4.926, 5.402, 5.395, 5.19, 4.718, 4.505, 5.555, 6.418, 6.746, 6.431, 5.893, 5.46, 5.428, 5.375, 4.21, 2.75, 2.58, 3.12, 3.64, 3.94, 3.2, 2.63, 4.68, 7.55, 8.34, 7.26, 6.53, 5.9, 5.87, 5.62, 4.45, 4.17, 4.08, 4.34, 3.42, 3.2, 2.89, 2.95, 3.36, 3.66, 3.471, 3.542], [6.86, 6.58, 5.44, 5.2, 6.43, 7.85, 9.357, 9.59, 9.192, 9.594, 9.57, 9.653, 9.996, 10.496, 10.926, 10.759, 10.37, 10.947, 10.899, 9.529, 8.65, 8.59, 9.02, 9.486, 9.129, 7.386, 5.066, 3.96, 4.4, 4.85, 5.38, 4.96, 2.78, 0, 1.31, 1.38, 1.59, 1.92, 1.98, 1.99, 2.47, 2.23, 1.97, 2.1, 2.93, 3.38, 3.17, 2.93, 2.41, 2.02, 2.966, 3.801, 4.189, 3.849, 3.299, 2.94, 3.11, 3.26, 2.45, 2.09, 3.22, 4.36, 5.16, 5.54, 4.74, 4.35, 6.831, 10.068, 10.789, 9.64, 8.919, 8.1, 8.09, 7.9, 6.77, 6.41, 6.18, 6.44, 4.78, 3.42, 3.03, 2.77, 2.66, 2.66, 2.16, 1.99], [7.49, 7.09, 5.97, 5.71, 6.82, 8.46, 9.907, 10.101, 9.728, 10.119, 10.134, 10.28, 10.566, 11.14, 11.536, 11.528, 11.16, 11.714, 11.685, 10.13, 9.26, 9.36, 9.71, 10.036, 9.628, 7.885, 5.65, 4.57, 4.91, 5.44, 5.99, 5.57, 3.55, 1.31, 0, 0.85, 1.36, 1.75, 1.89, 1.74, 2.2, 2.18, 1.86, 2.01, 2.72, 2.93, 2.76, 2.66, 2.22, 1.67, 2.44, 3.18, 3.516, 3.111, 2.547, 2.41, 2.74, 2.61, 2.18, 2.44, 3.89, 5.041, 5.809, 6.143, 5.21, 4.86, 7.509, 10.795, 11.525, 10.388, 9.529, 8.77, 8.78, 8.51, 7.46, 7.06, 6.85, 7.05, 5.25, 3.59, 3.48, 3.04, 2.73, 2.79, 2.25, 2.06], [7.24, 6.92, 5.74, 5.64, 6.89, 8.387, 9.834, 9.99, 9.669, 10.089, 10.05, 10.253, 10.533, 11.03, 11.503, 11.455, 11.07, 11.641, 11.635, 10.075, 9.03, 9.01, 9.42, 9.883, 9.449, 7.743, 5.583, 4.4, 4.8, 5.15, 5.74, 5.5, 3.44, 1.38, 0.85, 0, 0.73, 1.24, 1.26, 1.19, 1.77, 1.73, 1.53, 1.66, 2.41, 2.78, 2.77, 2.53, 1.89, 1.48, 2.25, 3.187, 3.484, 3.153, 2.64, 2.48, 2.65, 2.58, 1.99, 2.43, 3.88, 5.011, 5.719, 6.099, 5.151, 4.775, 7.496, 10.771, 11.492, 10.34, 9.339, 8.7, 8.61, 8.295, 7.21, 6.71, 6.52, 6.76, 5.04, 3.76, 3.49, 3.05, 2.96, 3.04, 2.4, 2.01], [6.85, 6.65, 5.67, 5.63, 6.74, 8.077, 9.504, 9.634, 9.299, 9.742, 9.657, 9.848, 10.152, 10.66, 11.124, 11.065, 10.7, 11.277, 11.245, 9.742, 8.62, 8.54, 8.93, 9.493, 9.013, 7.37, 5.19, 4.13, 4.53, 4.76, 5.33, 5.09, 3.07, 1.59, 1.36, 0.73, 0, 0.89, 1.07, 1.1, 1.58, 1.7, 1.66, 1.73, 2.46, 2.97, 2.98, 2.74, 2.14, 1.77, 2.68, 3.62, 3.86, 3.58, 3.07, 2.83, 3.02, 2.93, 2.2, 2.58, 3.73, 4.683, 5.349, 5.749, 4.79, 4.42, 7.103, 10.39, 11.105, 9.952, 8.883, 8.29, 8.16, 7.83, 6.8, 6.3, 6.15, 6.31, 4.95, 3.87, 3.58, 3.22, 3.21, 3.29, 2.65, 2.04], [7.0, 6.62, 5.76, 5.7, 6.63, 7.97, 9.357, 9.485, 9.16, 9.566, 9.568, 9.73, 10.008, 10.53, 10.978, 10.93, 10.51, 11.076, 11.09, 9.64, 8.69, 8.51, 8.918, 9.352, 9.038, 7.252, 5.075, 4.14, 4.54, 4.89, 5.38, 5.06, 2.98, 1.92, 1.75, 1.24, 0.89, 0, 0.88, 0.99, 1.41, 1.65, 1.67, 1.7, 2.59, 3.02, 3.07, 2.83, 2.27, 1.92, 2.93, 3.787, 4.095, 3.855, 3.28, 2.9, 2.89, 2.82, 1.89, 2.53, 3.56, 4.56, 5.159, 5.499, 4.516, 4.138, 6.876, 10.123, 10.864, 9.797, 8.839, 8.24, 8.15, 7.778, 6.71, 6.43, 6.2, 6.4, 5.12, 4.14, 3.79, 3.61, 3.5, 3.6, 3.0, 2.43], [7.22, 6.96, 5.94, 5.68, 6.83, 8.39, 9.8, 10.004, 9.672, 10.063, 10.059, 10.159, 10.462, 10.959, 11.429, 11.324, 10.883, 11.55, 11.484, 9.998, 8.917, 8.774, 9.221, 9.766, 9.409, 7.7, 5.506, 4.32, 4.62, 5.09, 5.62, 5.361, 3.3, 1.98, 1.89, 1.26, 1.07, 0.88, 0, 0.63, 1.29, 1.53, 1.47, 1.44, 2.41, 2.86, 2.87, 2.51, 1.97, 1.58, 2.47, 3.23, 3.59, 3.39, 2.84, 2.44, 2.63, 2.64, 2.07, 2.77, 4.04, 4.931, 5.587, 5.947, 4.939, 4.586, 7.382, 10.639, 11.36, 10.22, 9.239, 8.604, 8.357, 8.098, 7.057, 6.717, 6.447, 6.613, 5.2, 4.26, 3.87, 3.71, 3.62, 3.66, 3.06, 2.45], [7.211, 7.03, 5.73, 5.43, 6.8, 8.474, 9.95, 10.109, 9.784, 10.213, 10.171, 10.288, 10.606, 11.086, 11.567, 11.445, 10.933, 11.711, 11.622, 10.124, 8.958, 8.915, 9.345, 9.896, 9.539, 7.833, 5.636, 4.33, 4.57, 5.175, 5.688, 5.502, 3.367, 1.99, 1.74, 1.19, 1.1, 0.99, 0.63, 0, 1.0, 1.28, 1.2, 1.13, 2.14, 2.61, 2.62, 2.26, 1.7, 1.37, 2.26, 3.06, 3.439, 3.16, 2.59, 2.27, 2.4, 2.41, 2.0, 2.6, 4.09, 5.081, 5.757, 6.112, 5.109, 4.776, 7.552, 10.804, 11.531, 10.381, 9.409, 8.688, 8.438, 8.208, 7.16, 6.74, 6.45, 6.59, 4.91, 3.99, 3.64, 3.48, 3.33, 3.37, 2.75, 2.26], [7.016, 6.93, 5.61, 5.07, 6.56, 8.354, 9.816, 9.98, 9.681, 10.078, 10.068, 10.126, 10.468, 10.966, 11.41, 11.328, 10.82, 11.588, 11.502, 9.998, 8.629, 8.552, 9.113, 9.67, 9.393, 7.642, 5.513, 4.17, 4.33, 4.94, 5.504, 5.327, 3.31, 2.47, 2.2, 1.77, 1.58, 1.41, 1.29, 1.0, 0, 1.04, 1.28, 1.15, 2.0, 2.35, 2.48, 2.42, 1.92, 1.79, 2.7, 3.3, 3.62, 3.38, 2.87, 2.83, 3.04, 2.99, 2.3, 2.48, 4.05, 5.01, 5.589, 5.983, 5.021, 4.705, 7.429, 10.661, 11.382, 10.244, 9.323, 8.57, 8.129, 7.962, 7.072, 6.589, 6.202, 6.03, 4.25, 3.33, 3.0, 3.06, 2.85, 2.85, 2.31, 2.0], [7.37, 7.29, 5.77, 5.25, 6.88, 8.734, 10.19, 10.349, 10.053, 10.447, 10.443, 10.5, 10.84, 11.34, 11.784, 11.622, 11.157, 11.897, 11.787, 10.367, 8.9, 8.78, 9.379, 10.027, 9.756, 8.004, 5.887, 4.49, 4.69, 5.249, 5.83, 5.664, 3.59, 2.23, 2.18, 1.73, 1.7, 1.65, 1.53, 1.28, 1.04, 0, 0.98, 0.91, 1.74, 2.11, 2.24, 2.16, 1.76, 1.65, 2.42, 3.26, 3.46, 3.3, 2.83, 2.73, 3.06, 2.99, 2.26, 2.48, 4.01, 5.201, 5.929, 6.274, 5.283, 4.907, 7.708, 10.96, 11.696, 10.598, 9.6, 8.861, 8.42, 8.23, 7.329, 6.92, 6.519, 6.27, 4.37, 3.69, 3.04, 2.98, 2.71, 2.67, 2.11, 1.84], [7.57, 7.427, 5.91, 5.31, 6.92, 8.925, 10.387, 10.54, 10.25, 10.644, 10.64, 10.717, 11.037, 11.537, 11.981, 11.885, 11.34, 12.079, 12.05, 10.564, 9.12, 8.98, 9.55, 10.21, 9.95, 8.19, 6.084, 4.69, 4.89, 5.44, 6.01, 5.861, 3.744, 1.97, 1.86, 1.53, 1.66, 1.67, 1.47, 1.2, 1.28, 0.98, 0, 0.67, 1.6, 1.99, 1.94, 1.78, 1.36, 1.15, 2.02, 2.8, 3.14, 2.92, 2.47, 2.15, 2.54, 2.53, 1.8, 2.18, 4.149, 5.372, 6.109, 6.489, 5.461, 5.119, 7.98, 11.186, 11.905, 10.775, 9.837, 9.11, 8.62, 8.47, 7.5, 7.16, 6.77, 6.77, 4.83, 3.59, 3.16, 3.12, 2.75, 2.75, 2.27, 2.06], [7.62, 7.497, 5.96, 5.2, 6.83, 9.001, 10.457, 10.61, 10.32, 10.714, 10.71, 10.787, 11.107, 11.607, 12.051, 11.975, 11.474, 12.221, 12.155, 10.634, 9.17, 9.09, 9.7, 10.28, 10.02, 8.26, 6.157, 4.72, 4.92, 5.51, 6.08, 5.931, 3.9, 2.1, 2.01, 1.66, 1.73, 1.7, 1.44, 1.13, 1.15, 0.91, 0.67, 0, 1.43, 1.78, 1.79, 1.67, 1.33, 1.28, 2.05, 2.75, 3.03, 2.83, 2.38, 2.12, 2.47, 2.5, 1.91, 2.39, 4.296, 5.539, 6.233, 6.63, 5.64, 5.269, 8.085, 11.333, 12.061, 10.871, 9.93, 9.2, 8.77, 8.56, 7.65, 7.19, 6.8, 6.64, 4.66, 3.58, 3.19, 3.09, 2.64, 2.6, 2.12, 2.03], [8.544, 8.444, 6.867, 5.95, 7.836, 9.993, 11.469, 11.54, 11.295, 11.712, 11.668, 11.844, 12.136, 12.616, 13.103, 12.993, 12.437, 13.259, 13.17, 11.666, 10.22, 10.16, 10.63, 11.31, 10.89, 9.17, 7.152, 5.746, 5.95, 6.38, 7.01, 6.995, 4.926, 2.93, 2.72, 2.41, 2.46, 2.59, 2.41, 2.14, 2.0, 1.74, 1.6, 1.43, 0, 0.83, 1.08, 1.08, 1.06, 1.57, 1.92, 2.26, 2.26, 2.12, 1.81, 1.87, 2.04, 1.95, 1.52, 3.02, 5.288, 6.56, 7.32, 7.682, 6.65, 6.292, 9.083, 12.354, 13.081, 11.955, 10.834, 10.166, 9.82, 9.53, 8.591, 8.04, 7.75, 7.45, 5.31, 3.85, 3.42, 3.34, 2.67, 2.37, 2.35, 2.58], [8.96, 8.817, 7.28, 6.365, 8.198, 10.381, 11.828, 11.89, 11.657, 12.071, 12.027, 12.212, 12.495, 13.004, 13.485, 13.472, 12.95, 13.729, 13.649, 12.034, 10.57, 10.55, 11.1, 11.62, 11.3, 9.5, 7.514, 6.105, 6.288, 6.79, 7.36, 7.345, 5.402, 3.38, 2.93, 2.78, 2.97, 3.02, 2.86, 2.61, 2.35, 2.11, 1.99, 1.78, 0.83, 0, 0.87, 1.29, 1.41, 1.78, 1.89, 2.23, 2.25, 2.19, 1.84, 1.82, 2.07, 2.02, 1.69, 3.446, 5.772, 7.041, 7.723, 8.135, 7.129, 6.768, 9.582, 12.838, 13.568, 12.371, 11.33, 10.66, 10.254, 10.0, 9.07, 8.51, 8.157, 7.74, 5.66, 4.18, 3.81, 3.55, 2.78, 2.44, 2.42, 2.75], [8.99, 8.884, 7.33, 6.41, 8.248, 10.422, 11.878, 11.96, 11.707, 12.135, 12.097, 12.239, 12.528, 13.011, 13.489, 13.467, 12.938, 13.719, 13.645, 12.058, 10.62, 10.56, 11.09, 11.67, 11.37, 9.59, 7.561, 6.138, 6.338, 6.86, 7.43, 7.369, 5.395, 3.17, 2.76, 2.77, 2.98, 3.07, 2.87, 2.62, 2.48, 2.24, 1.94, 1.79, 1.08, 0.87, 0, 0.86, 1.08, 1.55, 1.72, 1.98, 2.1, 2.1, 1.61, 1.73, 2.14, 2.09, 1.9, 3.456, 5.769, 7.015, 7.72, 8.114, 7.102, 6.761, 9.557, 12.826, 13.547, 12.369, 11.354, 10.641, 10.247, 9.99, 9.06, 8.54, 8.187, 7.85, 5.75, 4.13, 3.86, 3.54, 2.65, 2.25, 2.27, 2.46], [8.907, 8.804, 7.264, 6.37, 8.171, 10.334, 11.784, 11.889, 11.61, 12.044, 12.0, 12.128, 12.434, 12.917, 13.401, 13.268, 12.707, 13.523, 13.448, 11.947, 10.64, 10.48, 10.97, 11.67, 11.327, 9.607, 7.467, 6.044, 6.29, 6.86, 7.43, 7.281, 5.19, 2.93, 2.66, 2.53, 2.74, 2.83, 2.51, 2.26, 2.42, 2.16, 1.78, 1.67, 1.08, 1.29, 0.86, 0, 0.8, 1.29, 1.58, 1.82, 2.0, 1.88, 1.41, 1.57, 2.02, 1.93, 1.7, 3.22, 5.566, 6.835, 7.566, 7.952, 6.923, 6.542, 9.378, 12.617, 13.345, 12.201, 11.2, 10.47, 10.08, 9.85, 8.86, 8.46, 8.11, 7.97, 5.89, 4.35, 3.98, 3.68, 2.97, 2.61, 2.45, 2.72], [8.39, 8.29, 6.79, 5.93, 7.7, 9.831, 11.29, 11.4, 11.107, 11.55, 11.497, 11.622, 11.931, 12.42, 12.91, 12.773, 12.244, 13.049, 12.95, 11.45, 10.16, 10.04, 10.53, 11.19, 10.83, 9.13, 6.97, 5.55, 5.79, 6.38, 6.95, 6.79, 4.718, 2.41, 2.22, 1.89, 2.14, 2.27, 1.97, 1.7, 1.92, 1.76, 1.36, 1.33, 1.06, 1.41, 1.08, 0.8, 0, 0.91, 1.5, 2.02, 2.28, 2.08, 1.49, 1.63, 2.0, 1.97, 1.6, 2.78, 5.069, 6.338, 7.1, 7.46, 6.428, 6.079, 8.86, 12.137, 12.859, 11.738, 10.68, 9.961, 9.64, 9.41, 8.4, 7.94, 7.63, 7.53, 5.51, 4.09, 3.64, 3.3, 2.81, 2.49, 2.21, 2.4], [8.12, 7.96, 6.46, 5.86, 7.49, 9.515, 10.951, 11.059, 10.78, 11.214, 11.17, 11.332, 11.624, 12.124, 12.599, 12.58, 12.071, 12.835, 12.757, 11.157, 9.87, 9.83, 10.32, 10.8, 10.474, 8.734, 6.637, 5.274, 5.46, 6.01, 6.54, 6.488, 4.505, 2.02, 1.67, 1.48, 1.77, 1.92, 1.58, 1.37, 1.79, 1.65, 1.15, 1.28, 1.57, 1.78, 1.55, 1.29, 0.91, 0, 1.19, 2.03, 2.39, 2.09, 1.54, 1.66, 2.17, 2.16, 1.79, 2.73, 4.892, 6.147, 6.856, 7.241, 6.248, 5.912, 8.69, 11.95, 12.674, 11.485, 10.467, 9.771, 9.43, 9.14, 8.219, 7.69, 7.34, 7.26, 5.34, 3.86, 3.45, 3.19, 2.68, 2.72, 2.26, 2.17], [9.113, 8.99, 7.49, 6.83, 8.5, 10.545, 12.021, 12.129, 11.85, 12.279, 12.22, 12.402, 12.688, 13.168, 13.658, 13.647, 13.106, 13.885, 13.827, 12.235, 10.84, 10.82, 11.35, 11.907, 11.504, 9.824, 7.701, 6.35, 6.51, 7.02, 7.627, 7.558, 5.555, 2.966, 2.44, 2.25, 2.68, 2.93, 2.47, 2.26, 2.7, 2.42, 2.02, 2.05, 1.92, 1.89, 1.72, 1.58, 1.5, 1.19, 0, 1.24, 1.48, 1.38, 1.05, 1.53, 2.02, 2.07, 2.12, 3.68, 5.945, 7.197, 7.88, 8.296, 7.285, 6.924, 9.74, 12.993, 13.723, 12.532, 11.477, 10.815, 10.46, 10.21, 9.289, 8.7, 8.37, 8.11, 6.17, 4.73, 4.26, 3.92, 3.39, 3.11, 2.91, 2.9], [10.076, 9.91, 8.376, 7.53, 9.294, 11.462, 12.904, 12.989, 12.733, 13.161, 13.122, 13.248, 13.554, 14.057, 14.535, 14.49, 13.964, 14.733, 14.664, 13.064, 11.749, 11.652, 12.139, 12.71, 12.399, 10.607, 8.587, 7.164, 7.364, 7.909, 8.47, 8.404, 6.418, 3.801, 3.18, 3.187, 3.62, 3.787, 3.23, 3.06, 3.3, 3.26, 2.8, 2.75, 2.26, 2.23, 1.98, 1.82, 2.02, 2.03, 1.24, 0, 0.92, 0.96, 1.11, 1.49, 1.82, 1.83, 2.38, 4.444, 6.78, 8.046, 8.732, 9.126, 8.123, 7.79, 10.591, 13.826, 14.562, 13.389, 12.42, 11.707, 11.313, 11.03, 10.089, 9.609, 9.253, 9.05, 6.93, 5.15, 5.0, 4.74, 3.91, 3.51, 3.55, 3.58], [10.396, 10.267, 8.696, 7.801, 9.694, 11.819, 13.295, 13.369, 13.124, 13.538, 13.497, 13.673, 13.962, 14.445, 14.929, 14.838, 14.283, 15.093, 15.004, 13.492, 11.969, 11.929, 12.482, 13.096, 12.739, 10.984, 8.975, 7.572, 7.752, 8.229, 8.839, 8.809, 6.746, 4.189, 3.516, 3.484, 3.86, 4.095, 3.59, 3.439, 3.62, 3.46, 3.14, 3.03, 2.26, 2.25, 2.1, 2.0, 2.28, 2.39, 1.48, 0.92, 0, 0.78, 1.25, 1.83, 2.14, 2.09, 2.74, 4.816, 7.134, 8.374, 9.146, 9.491, 8.477, 8.138, 10.914, 14.183, 14.904, 13.771, 12.674, 12.012, 11.636, 11.375, 10.449, 9.889, 9.567, 9.268, 7.11, 5.37, 5.26, 4.98, 4.13, 3.73, 3.77, 3.82], [10.048, 9.81, 8.319, 7.506, 9.268, 11.442, 12.838, 12.912, 12.667, 13.081, 13.039, 13.27, 13.559, 14.059, 14.54, 14.515, 13.986, 14.749, 14.692, 13.092, 11.735, 11.735, 12.205, 12.733, 12.282, 10.55, 8.538, 7.152, 7.324, 7.829, 8.453, 8.418, 6.431, 3.849, 3.111, 3.153, 3.58, 3.855, 3.39, 3.16, 3.38, 3.3, 2.92, 2.83, 2.12, 2.19, 2.1, 1.88, 2.08, 2.09, 1.38, 0.96, 0.78, 0, 0.91, 1.57, 2.22, 2.19, 2.48, 4.495, 6.796, 8.053, 8.762, 9.159, 8.165, 7.823, 10.593, 13.859, 14.589, 13.417, 12.383, 11.695, 11.396, 11.117, 10.151, 9.572, 9.265, 8.931, 6.85, 5.01, 4.94, 4.64, 3.87, 3.53, 3.59, 3.6], [9.503, 9.34, 7.84, 7.078, 8.747, 10.901, 12.32, 12.424, 12.146, 12.58, 12.536, 12.715, 13.01, 13.513, 13.994, 13.966, 13.457, 14.209, 14.128, 12.543, 11.282, 11.245, 11.729, 12.246, 11.863, 10.143, 8.003, 6.6, 6.826, 7.399, 7.986, 7.854, 5.893, 3.299, 2.547, 2.64, 3.07, 3.28, 2.84, 2.59, 2.87, 2.83, 2.47, 2.38, 1.81, 1.84, 1.61, 1.41, 1.49, 1.54, 1.05, 1.11, 1.25, 0.91, 0, 1.22, 1.91, 1.9, 2.03, 3.925, 6.246, 7.501, 8.192, 8.606, 7.604, 7.259, 10.041, 13.312, 14.043, 12.879, 11.873, 11.16, 10.865, 10.615, 9.61, 9.07, 8.729, 8.547, 6.5, 4.74, 4.47, 4.23, 3.48, 3.08, 3.1, 3.17], [9.284, 9.063, 7.603, 6.878, 8.33, 10.521, 11.995, 12.148, 11.843, 12.234, 12.236, 12.296, 12.636, 13.147, 13.6, 13.521, 13.053, 13.761, 13.675, 12.18, 11.114, 11.045, 11.495, 12.006, 11.649, 9.923, 7.706, 6.31, 6.63, 7.262, 7.792, 7.512, 5.46, 2.94, 2.41, 2.48, 2.83, 2.9, 2.44, 2.27, 2.83, 2.73, 2.15, 2.12, 1.87, 1.82, 1.73, 1.57, 1.63, 1.66, 1.53, 1.49, 1.83, 1.57, 1.22, 0, 1.05, 1.02, 1.51, 3.51, 5.788, 7.071, 7.727, 8.142, 7.147, 6.786, 9.602, 12.839, 13.575, 12.457, 11.559, 10.784, 10.534, 10.355, 9.273, 8.837, 8.567, 8.673, 6.66, 4.86, 4.69, 4.43, 3.6, 3.22, 3.28, 3.25], [9.434, 9.082, 7.637, 6.951, 8.344, 10.446, 11.999, 12.129, 11.765, 12.179, 12.189, 12.332, 12.675, 13.155, 13.682, 13.421, 12.964, 13.703, 13.615, 12.188, 11.244, 11.158, 11.608, 12.062, 11.725, 9.965, 7.782, 6.417, 6.76, 7.381, 7.931, 7.665, 5.428, 3.11, 2.74, 2.65, 3.02, 2.89, 2.63, 2.4, 3.04, 3.06, 2.54, 2.47, 2.04, 2.07, 2.14, 2.02, 2.0, 2.17, 2.02, 1.82, 2.14, 2.22, 1.91, 1.05, 0, 0.67, 1.44, 3.4, 5.681, 6.944, 7.66, 8.035, 7.026, 6.711, 9.495, 12.727, 13.448, 12.419, 11.635, 10.874, 10.741, 10.471, 9.298, 8.87, 8.7, 8.823, 6.81, 5.05, 4.84, 4.68, 3.87, 3.53, 3.55, 3.6], [9.381, 9.009, 7.604, 6.858, 8.311, 10.407, 11.926, 12.116, 11.752, 12.163, 12.156, 12.316, 12.602, 13.062, 13.589, 13.389, 12.883, 13.677, 13.578, 12.155, 11.171, 11.105, 11.555, 12.029, 11.692, 9.932, 7.689, 6.324, 6.687, 7.348, 7.898, 7.612, 5.375, 3.26, 2.61, 2.58, 2.93, 2.82, 2.64, 2.41, 2.99, 2.99, 2.53, 2.5, 1.95, 2.02, 2.09, 1.93, 1.97, 2.16, 2.07, 1.83, 2.09, 2.19, 1.9, 1.02, 0.67, 0, 1.27, 3.35, 5.668, 6.936, 7.702, 8.062, 7.033, 6.674, 9.439, 12.726, 13.447, 12.423, 11.482, 10.741, 10.648, 10.418, 9.245, 8.83, 8.64, 8.78, 6.76, 4.96, 4.79, 4.51, 3.62, 3.4, 3.4, 3.63], [8.37, 7.91, 6.55, 5.95, 7.28, 9.317, 10.793, 10.935, 10.619, 11.047, 11.023, 11.186, 11.518, 11.98, 12.476, 12.3, 11.9, 12.526, 12.478, 11.028, 10.1, 9.9, 10.348, 10.836, 10.519, 8.739, 6.576, 5.37, 5.73, 6.22, 6.79, 6.53, 4.21, 2.45, 2.18, 1.99, 2.2, 1.89, 2.07, 2.0, 2.3, 2.26, 1.8, 1.91, 1.52, 1.69, 1.9, 1.7, 1.6, 1.79, 2.12, 2.38, 2.74, 2.48, 2.03, 1.51, 1.44, 1.27, 0, 2.34, 4.59, 5.838, 6.649, 6.989, 6.026, 5.68, 8.346, 11.61, 12.331, 11.25, 10.369, 9.73, 9.56, 9.25, 8.12, 7.84, 7.63, 7.83, 5.83, 4.17, 3.88, 3.72, 2.91, 2.71, 2.77, 3.14], [6.55, 6.091, 4.83, 4.15, 5.44, 7.337, 8.936, 9.218, 8.762, 9.136, 9.166, 9.209, 9.632, 10.112, 10.559, 10.198, 9.744, 10.37, 10.318, 9.188, 8.344, 8.173, 8.591, 9.139, 8.802, 7.042, 4.739, 3.465, 3.83, 4.501, 5.051, 4.611, 2.75, 2.09, 2.44, 2.43, 2.58, 2.53, 2.77, 2.6, 2.48, 2.48, 2.18, 2.39, 3.02, 3.446, 3.456, 3.22, 2.78, 2.73, 3.68, 4.444, 4.816, 4.495, 3.925, 3.51, 3.4, 3.35, 2.34, 0, 2.43, 3.73, 4.51, 4.91, 4.05, 3.64, 6.204, 9.416, 10.143, 9.236, 8.56, 7.79, 7.66, 7.55, 6.36, 6.06, 5.89, 6.07, 4.19, 2.99, 2.5, 2.72, 2.47, 2.67, 2.41, 3.08], [5.44, 5.04, 4.06, 3.96, 4.81, 5.69, 7.26, 7.63, 7.2, 7.38, 7.63, 7.67, 8.07, 8.63, 8.96, 8.49, 8.19, 8.48, 8.65, 7.74, 6.99, 6.91, 7.06, 7.54, 7.26, 5.44, 3.38, 2.88, 3.34, 3.71, 4.0, 3.66, 2.58, 3.22, 3.89, 3.88, 3.73, 3.56, 4.04, 4.09, 4.05, 4.01, 4.149, 4.296, 5.288, 5.772, 5.769, 5.566, 5.069, 4.892, 5.945, 6.78, 7.134, 6.796, 6.246, 5.788, 5.681, 5.668, 4.59, 2.43, 0, 1.52, 2.3, 2.76, 2.26, 1.99, 4.1, 7.182, 7.872, 7.5, 6.91, 6.36, 6.23, 6.02, 4.97, 4.91, 4.68, 4.98, 3.82, 3.76, 3.39, 3.67, 3.8, 4.24, 4.013, 4.39], [4.9, 4.5, 4.26, 4.42, 4.45, 5.03, 6.3, 6.69, 6.38, 6.56, 6.85, 6.93, 7.27, 7.81, 8.18, 7.79, 7.65, 7.68, 7.95, 7.0, 6.31, 6.33, 6.5, 6.72, 6.4, 4.38, 3.24, 3.2, 3.52, 3.87, 4.0, 3.68, 3.12, 4.36, 5.041, 5.011, 4.683, 4.56, 4.931, 5.081, 5.01, 5.201, 5.372, 5.539, 6.56, 7.041, 7.015, 6.835, 6.338, 6.147, 7.197, 8.046, 8.374, 8.053, 7.501, 7.071, 6.944, 6.936, 5.838, 3.73, 1.52, 0, 1.22, 1.72, 1.64, 1.77, 3.06, 5.87, 6.58, 6.4, 5.91, 5.72, 5.55, 5.24, 4.39, 4.33, 4.16, 4.42, 4.28, 4.5, 4.27, 4.57, 4.936, 5.5, 5.179, 5.398], [5.22, 5.0, 4.88, 5.06, 5.13, 5.19, 6.38, 6.73, 6.46, 6.6, 6.89, 6.95, 7.29, 7.81, 8.18, 7.87, 7.73, 7.74, 8.01, 7.04, 6.39, 6.45, 6.62, 6.72, 6.34, 4.36, 3.24, 3.74, 4.0, 4.27, 4.36, 4.02, 3.64, 5.16, 5.809, 5.719, 5.349, 5.159, 5.587, 5.757, 5.589, 5.929, 6.109, 6.233, 7.32, 7.723, 7.72, 7.566, 7.1, 6.856, 7.88, 8.732, 9.146, 8.762, 8.192, 7.727, 7.66, 7.702, 6.649, 4.51, 2.3, 1.22, 0, 0.98, 1.38, 1.65, 2.88, 5.41, 6.1, 6.22, 5.95, 5.84, 5.65, 5.34, 4.49, 4.37, 4.36, 4.8, 4.86, 5.24, 4.97, 5.29, 5.64, 6.22, 5.928, 5.755], [5.48, 5.3, 5.18, 5.24, 5.41, 5.45, 6.42, 6.77, 6.62, 6.76, 7.03, 6.87, 7.17, 7.65, 7.98, 7.61, 7.57, 7.56, 7.79, 7.08, 6.23, 6.31, 6.42, 6.5, 6.12, 4.24, 3.32, 4.04, 4.18, 4.39, 4.44, 4.18, 3.94, 5.54, 6.143, 6.099, 5.749, 5.499, 5.947, 6.112, 5.983, 6.274, 6.489, 6.63, 7.682, 8.135, 8.114, 7.952, 7.46, 7.241, 8.296, 9.126, 9.491, 9.159, 8.606, 8.142, 8.035, 8.062, 6.989, 4.91, 2.76, 1.72, 0.98, 0, 1.22, 1.71, 2.62, 5.21, 5.9, 6.0, 5.69, 5.78, 5.71, 5.24, 4.51, 4.59, 4.68, 5.14, 5.0, 5.6, 5.37, 5.69, 6.08, 6.66, 6.368, 6.161], [5.8, 5.58, 5.24, 5.12, 5.67, 5.77, 6.74, 7.11, 6.94, 7.08, 7.35, 7.23, 7.53, 8.03, 8.38, 7.99, 7.85, 7.88, 8.19, 7.4, 6.61, 6.65, 6.76, 6.9, 6.52, 4.58, 3.2, 3.48, 3.76, 4.09, 4.34, 3.9, 3.2, 4.74, 5.21, 5.151, 4.79, 4.516, 4.939, 5.109, 5.021, 5.283, 5.461, 5.64, 6.65, 7.129, 7.102, 6.923, 6.428, 6.248, 7.285, 8.123, 8.477, 8.165, 7.604, 7.147, 7.026, 7.033, 6.026, 4.05, 2.26, 1.64, 1.38, 1.22, 0, 1.03, 3.08, 5.81, 6.48, 6.4, 6.03, 6.08, 5.95, 5.54, 4.77, 4.85, 4.9, 5.36, 4.8, 4.82, 4.59, 4.91, 5.2, 5.8, 5.52, 5.269], [5.33, 5.11, 4.91, 4.89, 5.22, 5.42, 6.61, 6.76, 6.53, 6.75, 6.92, 6.84, 7.16, 7.68, 8.03, 7.66, 7.4, 7.51, 7.74, 6.95, 6.24, 6.24, 6.29, 6.61, 6.21, 4.41, 2.73, 3.15, 3.55, 3.8, 4.03, 3.61, 2.63, 4.35, 4.86, 4.775, 4.42, 4.138, 4.586, 4.776, 4.705, 4.907, 5.119, 5.269, 6.292, 6.768, 6.761, 6.542, 6.079, 5.912, 6.924, 7.79, 8.138, 7.823, 7.259, 6.786, 6.711, 6.674, 5.68, 3.64, 1.99, 1.77, 1.65, 1.71, 1.03, 0, 3.07, 6.14, 6.85, 6.37, 5.86, 5.63, 5.5, 5.17, 4.32, 4.42, 4.43, 4.89, 4.55, 4.43, 4.14, 4.46, 4.79, 5.41, 5.13, 4.873], [4.02, 4.06, 4.54, 4.8, 4.29, 3.93, 4.66, 4.71, 4.6, 4.74, 4.89, 4.65, 4.83, 5.23, 5.54, 5.09, 5.21, 5.22, 5.35, 5.1, 4.09, 4.19, 4.04, 4.02, 3.9, 2.84, 3.44, 4.42, 4.46, 4.47, 4.48, 4.18, 4.68, 6.831, 7.509, 7.496, 7.103, 6.876, 7.382, 7.552, 7.429, 7.708, 7.98, 8.085, 9.083, 9.582, 9.557, 9.378, 8.86, 8.69, 9.74, 10.591, 10.914, 10.593, 10.041, 9.602, 9.495, 9.439, 8.346, 6.204, 4.1, 3.06, 2.88, 2.62, 3.08, 3.07, 0, 3.35, 4.08, 3.6, 3.19, 3.82, 4.07, 3.4, 3.09, 3.33, 3.6, 4.16, 5.04, 6.06, 6.07, 6.401, 7.15, 7.794, 7.551, 7.518], [5.01, 5.29, 6.29, 6.91, 5.4, 4.14, 4.39, 4.7, 4.57, 4.31, 4.32, 4.0, 4.06, 4.1, 4.19, 3.78, 4.16, 3.73, 4.06, 4.63, 5.04, 5.06, 4.43, 4.01, 4.43, 4.77, 6.01, 7.07, 7.09, 6.96, 6.57, 6.43, 7.55, 10.068, 10.795, 10.771, 10.39, 10.123, 10.639, 10.804, 10.661, 10.96, 11.186, 11.333, 12.354, 12.838, 12.826, 12.617, 12.137, 11.95, 12.993, 13.826, 14.183, 13.859, 13.312, 12.839, 12.727, 12.726, 11.61, 9.416, 7.182, 5.87, 5.41, 5.21, 5.81, 6.14, 3.35, 0, 1.03, 1.67, 2.78, 3.97, 4.38, 4.09, 4.54, 4.9, 5.17, 5.77, 7.55, 9.145, 9.197, 9.543, 10.359, 10.959, 10.774, 10.732], [5.62, 5.92, 6.96, 7.6, 5.99, 4.49, 4.46, 4.87, 4.7, 4.36, 4.43, 4.07, 4.09, 4.07, 4.12, 3.77, 4.07, 3.66, 4.01, 4.84, 5.57, 5.61, 4.96, 4.52, 4.94, 5.42, 6.68, 7.78, 7.78, 7.67, 7.26, 7.12, 8.34, 10.789, 11.525, 11.492, 11.105, 10.864, 11.36, 11.531, 11.382, 11.696, 11.905, 12.061, 13.081, 13.568, 13.547, 13.345, 12.859, 12.674, 13.723, 14.562, 14.904, 14.589, 14.043, 13.575, 13.448, 13.447, 12.331, 10.143, 7.872, 6.58, 6.1, 5.9, 6.48, 6.85, 4.08, 1.03, 0, 1.44, 3.03, 4.18, 4.69, 4.54, 5.13, 5.55, 5.82, 6.44, 8.22, 9.829, 9.882, 10.267, 11.083, 11.695, 11.495, 11.468], [4.48, 4.78, 5.9, 6.56, 4.89, 3.53, 3.68, 3.85, 3.74, 3.48, 3.43, 3.15, 3.15, 3.23, 3.34, 3.27, 3.61, 3.38, 3.57, 3.82, 4.51, 4.65, 4.04, 3.44, 3.86, 4.44, 5.62, 6.66, 6.66, 6.55, 6.2, 6.04, 7.26, 9.64, 10.388, 10.34, 9.952, 9.797, 10.22, 10.381, 10.244, 10.598, 10.775, 10.871, 11.955, 12.371, 12.369, 12.201, 11.738, 11.485, 12.532, 13.389, 13.771, 13.417, 12.879, 12.457, 12.419, 12.423, 11.25, 9.236, 7.5, 6.4, 6.22, 6.0, 6.4, 6.37, 3.6, 1.67, 1.44, 0, 1.87, 3.08, 3.63, 3.42, 3.97, 4.41, 4.68, 5.3, 6.98, 8.619, 8.74, 9.124, 9.905, 10.522, 10.328, 10.295], [3.25, 3.73, 4.89, 5.53, 4.02, 2.72, 2.45, 2.46, 2.39, 2.33, 2.2, 2.0, 2.02, 2.38, 2.75, 2.8, 2.68, 2.95, 3.04, 2.61, 3.24, 3.46, 2.91, 2.69, 2.65, 3.59, 4.73, 5.71, 5.69, 5.5, 5.13, 5.19, 6.53, 8.919, 9.529, 9.339, 8.883, 8.839, 9.239, 9.409, 9.323, 9.6, 9.837, 9.93, 10.834, 11.33, 11.354, 11.2, 10.68, 10.467, 11.477, 12.42, 12.674, 12.383, 11.873, 11.559, 11.635, 11.482, 10.369, 8.56, 6.91, 5.91, 5.95, 5.69, 6.03, 5.86, 3.19, 2.78, 3.03, 1.87, 0, 1.69, 2.38, 2.13, 2.88, 3.3, 3.53, 4.11, 5.87, 7.557, 7.7, 8.086, 8.942, 9.584, 9.37, 9.36], [2.22, 2.74, 3.92, 4.64, 3.13, 1.83, 1.86, 1.89, 1.74, 1.88, 1.89, 1.79, 2.09, 2.59, 3.04, 2.93, 2.49, 3.153, 3.09, 1.82, 2.29, 2.55, 2.38, 2.84, 2.44, 3.44, 4.2, 5.02, 4.94, 4.69, 4.14, 4.18, 5.9, 8.1, 8.77, 8.7, 8.29, 8.24, 8.604, 8.688, 8.57, 8.861, 9.11, 9.2, 10.166, 10.66, 10.641, 10.47, 9.961, 9.771, 10.815, 11.707, 12.012, 11.695, 11.16, 10.784, 10.874, 10.741, 9.73, 7.79, 6.36, 5.72, 5.84, 5.78, 6.08, 5.63, 3.82, 3.97, 4.18, 3.08, 1.69, 0, 1.03, 1.3, 1.89, 2.35, 2.64, 3.34, 5.22, 6.882, 6.969, 7.389, 8.208, 8.848, 8.634, 8.624], [2.13, 2.77, 3.89, 4.47, 3.18, 2.1, 2.29, 2.32, 2.21, 2.51, 2.54, 2.42, 2.7, 3.16, 3.624, 3.52, 2.9, 3.53, 3.62, 2.33, 2.16, 2.38, 2.27, 2.85, 