[[0, 0.78, 0.75, 1.94, 2.43, 2.52, 2.16, 2.39, 3.01, 2.88, 1.92, 1.57, 1.52, 1.62, 1.65, 2.1, 2.35, 2.89, 3.99, 4.81, 5.06, 5.28, 5.0, 5.21, 5.09, 5.21, 5.88, 6.66, 7.24, 7.0, 5.77, 5.62, 6.67, 6.83, 6.16, 6.06, 5.78, 5.35, 5.75, 5.81, 5.85, 6.03, 5.63, 5.71, 6.56, 7.51, 8.8, 8.94, 8.43, 8.93, 9.34, 9.48, 9.24, 8.47, 7.92, 7.24, 7.02, 6.89, 6.29, 6.03, 6.86, 6.2, 5.1, 5.37, 6.01, 5.93, 6.33, 6.41, 6.64, 6.92, 7.25, 7.3, 6.98, 7.33, 8.16, 8.12, 7.8, 7.61, 7.39, 7.41, 7.52, 7.02, 6.92, 6.85, 5.18, 3.99], [0.78, 0, 0.85, 2.18, 2.55, 2.66, 2.42, 2.63, 3.31, 3.12, 2.02, 1.71, 1.7, 1.74, 1.89, 2.34, 2.57, 3.15, 4.27, 5.09, 5.34, 5.56, 5.28, 5.49, 5.37, 5.47, 6.18, 6.94, 7.5, 7.3, 5.95, 5.88, 6.97, 7.146, 6.46, 6.44, 6.1, 5.73, 6.03, 5.99, 6.05, 6.25, 5.81, 5.87, 6.84, 7.79, 9.08, 9.2, 8.67, 9.19, 9.58, 9.76, 9.52, 8.71, 8.22, 7.52, 7.28, 7.17, 6.55, 6.31, 7.12, 6.48, 5.38, 5.63, 6.25, 6.27, 6.61, 6.65, 7.02, 7.32, 7.63, 7.7, 7.36, 7.59, 8.4, 8.36, 8.06, 7.87, 7.63, 7.69, 7.84, 7.28, 7.26, 7.11, 5.42, 4.25], [0.75, 0.85, 0, 1.65, 2.12, 2.27, 1.93, 2.08, 2.72, 2.63, 1.65, 1.46, 1.59, 1.63, 1.6, 2.01, 2.1, 2.68, 3.64, 4.46, 4.71, 4.93, 4.65, 4.86, 4.74, 4.88, 5.53, 6.29, 6.85, 6.65, 5.42, 5.43, 6.32, 6.5, 5.91, 6.01, 5.67, 5.24, 5.54, 5.5, 5.58, 5.72, 5.4, 5.44, 6.31, 7.24, 8.53, 8.67, 8.16, 8.62, 9.07, 9.19, 8.99, 8.2, 7.67, 6.95, 6.71, 6.6, 6.04, 5.78, 6.63, 5.97, 4.89, 5.12, 5.74, 5.72, 6.12, 6.18, 6.47, 6.73, 7.08, 7.11, 6.79, 7.1, 7.89, 7.85, 7.53, 7.3, 7.06, 7.08, 7.23, 6.73, 6.71, 6.6, 4.89, 3.8], [1.94, 2.18, 1.65, 0, 1.21, 1.36, 0.98, 0.95, 1.51, 1.66, 1.58, 1.61, 1.98, 1.86, 1.69, 1.6, 1.73, 2.37, 2.35, 3.07, 3.32, 3.54, 3.3, 3.47, 3.37, 3.45, 4.24, 5.02, 5.62, 5.36, 4.65, 4.6, 4.97, 5.18, 5.28, 5.6, 5.64, 5.21, 5.17, 5.27, 5.07, 5.07, 5.05, 5.05, 5.24, 5.95, 7.1, 7.42, 6.63, 7.05, 7.52, 7.64, 7.46, 6.77, 6.38, 5.62, 5.36, 5.21, 4.57, 4.29, 5.3, 4.66, 3.86, 3.81, 4.47, 4.69, 5.01, 4.91, 5.48, 5.78, 6.11, 6.04, 5.68, 5.69, 6.36, 6.36, 6.02, 5.89, 5.69, 5.75, 5.86, 5.46, 5.48, 5.13, 3.58, 3.53], [2.43, 2.55, 2.12, 1.21, 0, 0.81, 0.97, 1.16, 1.5, 1.49, 1.73, 2.04, 2.21, 2.09, 2.02, 1.95, 2.16, 2.6, 2.28, 2.8, 3.05, 3.47, 3.17, 3.3, 3.24, 3.32, 3.95, 4.99, 5.87, 5.47, 4.96, 4.85, 5.12, 5.17, 5.37, 5.75, 5.79, 5.46, 5.38, 5.4, 5.24, 5.18, 5.02, 4.92, 4.93, 5.48, 6.67, 6.81, 6.26, 6.76, 7.17, 7.33, 7.11, 6.32, 5.89, 5.13, 4.91, 4.82, 4.2, 3.94, 4.75, 4.09, 3.43, 3.58, 4.1, 4.4, 4.58, 4.76, 5.13, 5.59, 5.78, 5.51, 5.09, 5.32, 5.99, 6.03, 5.73, 5.72, 5.42, 5.36, 5.49, 5.07, 4.91, 4.74, 3.63, 3.46], [2.52, 2.66, 2.27, 1.36, 0.81, 0, 0.9, 1.09, 1.17, 1.18, 1.48, 1.83, 2.06, 2.04, 2.05, 1.82, 1.99, 2.51, 2.25, 2.77, 2.9, 3.24, 2.96, 3.05, 3.09, 3.15, 3.74, 4.74, 5.56, 5.2, 4.61, 4.56, 4.85, 4.88, 4.96, 5.32, 5.5, 5.25, 4.99, 5.05, 4.95, 4.97, 4.77, 4.75, 4.86, 5.43, 6.54, 6.8, 6.11, 6.61, 7.02, 7.16, 6.92, 6.23, 5.74, 5.02, 4.82, 4.77, 3.99, 3.77, 4.7, 4.16, 3.5, 3.47, 4.01, 4.43, 4.57, 4.63, 5.14, 5.64, 5.81, 5.56, 5.12, 5.17, 5.84, 5.84, 5.54, 5.47, 5.23, 5.21, 5.28, 4.84, 4.88, 4.63, 3.48, 3.29], [2.16, 2.42, 1.93, 0.98, 0.97, 0.9, 0, 0.85, 1.39, 1.36, 1.54, 1.75, 1.94, 1.94, 1.73, 1.56, 1.69, 2.33, 2.29, 3.03, 3.24, 3.54, 3.22, 3.39, 3.27, 3.37, 4.12, 4.92, 5.7, 5.34, 4.69, 4.58, 5.05, 5.02, 5.0, 5.34, 5.38, 4.93, 4.93, 5.01, 4.93, 4.91, 4.75, 4.79, 5.06, 5.69, 6.84, 7.1, 6.35, 6.83, 7.24, 7.4, 7.18, 6.49, 6.1, 5.34, 5.06, 4.83, 4.29, 3.93, 4.82, 4.26, 3.54, 3.53, 4.07, 4.41, 4.67, 4.61, 5.16, 5.6, 5.83, 5.66, 5.26, 5.33, 6.08, 6.08, 5.76, 5.65, 5.49, 5.51, 5.66, 5.04, 5.1, 4.81, 3.42, 3.29], [2.39, 2.63, 2.08, 0.95, 1.16, 1.09, 0.85, 0, 1.08, 1.27, 1.35, 1.8, 2.33, 2.19, 1.96, 1.83, 1.92, 2.52, 2.16, 2.82, 2.99, 3.23, 2.93, 3.14, 3.02, 3.12, 4.01, 4.59, 5.31, 5.07, 4.3, 4.23, 4.66, 4.79, 4.83, 5.29, 5.35, 4.92, 4.64, 4.8, 4.62, 4.72, 4.68, 4.76, 5.01, 5.76, 6.81, 7.21, 6.32, 6.68, 7.19, 7.17, 7.13, 6.56, 6.13, 5.41, 5.11, 4.72, 4.26, 3.9, 4.87, 4.39, 3.57, 3.48, 4.16, 4.36, 4.64, 4.58, 5.13, 5.47, 5.8, 5.69, 5.33, 5.38, 6.01, 6.03, 5.67, 5.5, 5.48, 5.48, 5.59, 4.99, 5.17, 4.88, 3.29, 3.2], [3.01, 3.31, 2.72, 1.51, 1.5, 1.17, 1.39, 1.08, 0, 1.25, 1.79, 2.28, 2.83, 2.65, 2.26, 2.13, 2.12, 2.5, 2.04, 2.54, 2.43, 2.49, 2.31, 2.48, 2.44, 2.72, 3.29, 4.05, 4.75, 4.61, 4.04, 3.97, 4.0, 4.37, 4.65, 5.13, 5.13, 4.82, 4.44, 4.48, 4.38, 4.36, 4.5, 4.54, 4.39, 5.16, 6.27, 6.61, 5.78, 6.14, 6.69, 6.65, 6.59, 5.96, 5.53, 4.81, 4.55, 4.2, 3.74, 3.44, 4.35, 4.01, 3.25, 3.14, 3.62, 3.94, 4.16, 4.1, 4.71, 5.07, 5.34, 5.21, 4.85, 4.86, 5.47, 5.53, 5.13, 5.08, 4.96, 4.86, 4.99, 4.39, 4.65, 4.32, 2.91, 3.04], [2.88, 3.12, 2.63, 1.66, 1.49, 1.18, 1.36, 1.27, 1.25, 0, 1.54, 1.99, 2.24, 2.02, 2.05, 1.72, 1.73, 1.89, 1.85, 2.29, 2.52, 2.96, 2.76, 2.87, 2.97, 2.97, 3.84, 4.92, 5.64, 5.28, 4.75, 4.6, 4.93, 4.72, 4.82, 5.44, 5.66, 5.27, 4.89, 5.13, 5.03, 5.19, 5.05, 5.25, 5.32, 5.71, 6.68, 6.98, 6.01, 6.23, 6.78, 6.7, 6.76, 6.37, 6.02, 5.22, 5.08, 4.77, 4.19, 3.91, 4.78, 4.38, 3.9, 3.81, 4.39, 4.87, 5.01, 4.99, 5.56, 6.04, 6.23, 5.94, 5.48, 5.47, 5.62, 5.72, 5.4, 5.35, 5.37, 5.43, 5.34, 4.78, 5.16, 4.83, 3.8, 3.63], [1.92, 2.02, 1.65, 1.58, 1.73, 1.48, 1.54, 1.35, 1.79, 1.54, 0, 1.07, 1.54, 1.5, 1.55, 1.7, 1.69, 2.13, 2.71, 3.45, 3.58, 3.8, 3.54, 3.75, 3.69, 3.83, 4.72, 5.42, 6.04, 5.88, 5.13, 4.98, 5.33, 5.5, 4.9, 5.3, 5.4, 4.83, 5.01, 5.31, 5.37, 5.65, 5.39, 5.59, 5.96, 6.65, 7.84, 8.1, 7.17, 7.47, 8.0, 8.02, 7.96, 7.47, 7.02, 6.3, 6.08, 5.81, 5.27, 4.99, 5.9, 5.44, 4.54, 4.43, 5.15, 5.45, 5.75, 5.69, 6.28, 6.64, 6.91, 6.82, 6.46, 6.47, 6.82, 6.8, 6.42, 6.33, 6.31, 6.41, 6.34, 5.76, 6.24, 5.89, 4.3, 3.97], [1.57, 1.71, 1.46, 1.61, 2.04, 1.83, 1.75, 1.8, 2.28, 1.99, 1.07, 0, 1.03, 1.15, 1.28, 1.51, 1.52, 2.08, 2.9, 3.72, 4.01, 4.27, 3.99, 4.14, 4.14, 4.34, 4.89, 5.71, 6.45, 5.99, 5.42, 5.37, 5.78, 5.75, 5.31, 5.43, 5.51, 5.1, 5.3, 5.56, 5.7, 5.92, 5.66, 5.9, 6.33, 7.06, 8.25, 8.51, 7.62, 8.02, 8.55, 8.67, 8.51, 7.82, 7.29, 6.65, 6.45, 6.24, 5.7, 5.36, 6.29, 5.81, 4.93, 4.8, 5.52, 5.92, 6.16, 6.08, 6.69, 7.11, 7.32, 7.21, 6.85, 6.86, 7.37, 7.33, 6.95, 6.74, 6.72, 6.76, 6.71, 6.25, 6.63, 6.26, 4.75, 4.3], [1.52, 1.7, 1.59, 1.98, 2.21, 2.06, 1.94, 2.33, 2.83, 2.24, 1.54, 1.03, 0, 0.78, 1.17, 1.58, 1.55, 2.09, 3.17, 3.81, 4.12, 4.56, 4.28, 4.37, 4.43, 4.57, 5.14, 6.22, 6.92, 6.4, 5.91, 5.84, 6.25, 5.96, 5.7, 5.74, 5.7, 5.35, 5.83, 5.97, 6.11, 6.27, 5.95, 6.23, 6.66, 7.25, 8.34, 8.5, 7.77, 8.21, 8.68, 8.86, 8.68, 7.89, 7.42, 6.72, 6.62, 6.55, 5.93, 5.63, 6.46, 5.92, 5.22, 5.21, 5.79, 6.27, 6.49, 6.47, 7.0, 7.46, 7.67, 7.44, 6.98, 7.09, 7.56, 7.46, 7.14, 6.95, 6.87, 6.91, 6.9, 6.58, 6.72, 6.51, 5.2, 4.61], [1.62, 1.74, 1.63, 1.86, 2.09, 2.04, 1.94, 2.19, 2.65, 2.02, 1.5, 1.15, 0.78, 0, 0.89, 1.34, 1.47, 1.91, 2.95, 3.61, 3.88, 4.34, 4.02, 4.19, 4.13, 4.25, 4.98, 6.06, 6.8, 6.2, 5.67, 5.54, 6.11, 5.82, 5.46, 5.6, 5.7, 5.25, 5.65, 5.83, 5.91, 6.21, 5.85, 6.15, 6.6, 7.05, 8.1, 8.34, 7.45, 7.89, 8.38, 8.54, 8.36, 7.63, 7.18, 6.58, 6.48, 6.39, 5.75, 5.43, 6.24, 5.74, 5.14, 5.09, 5.71, 6.21, 6.41, 6.35, 6.94, 7.4, 7.61, 7.38, 6.9, 6.97, 7.22, 7.16, 6.82, 6.65, 6.65, 6.71, 6.64, 6.34, 6.62, 6.29, 5.06, 4.49], [1.65, 1.89, 1.6, 1.69, 2.02, 2.05, 1.73, 1.96, 2.26, 2.05, 1.55, 1.28, 1.17, 0.89, 0, 0.83, 0.98, 1.5, 2.6, 3.36, 3.63, 3.87, 3.63, 3.82, 3.86, 4.06, 4.61, 5.49, 6.23, 5.75, 5.16, 5.09, 5.6, 5.47, 5.07, 5.17, 5.11, 4.64, 5.06, 5.26, 5.38, 5.7, 5.34, 5.66, 6.15, 6.9, 8.07, 8.29, 7.44, 7.82, 8.37, 8.49, 8.37, 7.64, 7.03, 6.43, 6.23, 6.0, 5.52, 5.22, 6.05, 5.57, 4.75, 4.64, 5.3, 5.74, 5.96, 5.9, 6.49, 6.91, 7.14, 7.01, 6.61, 6.66, 7.23, 7.15, 6.81, 6.6, 6.54, 6.56, 6.57, 6.01, 6.39, 6.06, 4.61, 4.0], [2.1, 2.34, 2.01, 1.6, 1.95, 1.82, 1.56, 1.83, 2.13, 1.72, 1.7, 1.51, 1.58, 1.34, 0.83, 0, 0.79, 1.47, 2.19, 2.97, 3.26, 3.58, 3.24, 3.41, 3.39, 3.59, 4.34, 5.2, 5.86, 5.46, 4.83, 4.66, 5.29, 5.16, 4.86, 5.12, 5.08, 4.77, 4.71, 4.95, 5.09, 5.51, 5.17, 5.51, 6.0, 6.59, 7.74, 7.98, 7.03, 7.39, 7.92, 8.02, 7.88, 7.31, 6.8, 6.14, 6.0, 5.77, 5.17, 4.91, 5.82, 5.36, 4.6, 4.45, 5.13, 5.57, 5.81, 5.75, 6.34, 6.74, 6.99, 6.84, 6.4, 6.45, 6.76, 6.7, 6.34, 6.15, 6.17, 6.29, 6.14, 5.68, 6.16, 5.81, 4.36, 3.79], [2.35, 2.57, 2.1, 1.73, 2.16, 1.99, 1.69, 1.92, 2.12, 1.73, 1.69, 1.52, 1.55, 1.47, 0.98, 0.79, 0, 0.96, 1.88, 2.62, 2.93, 3.21, 2.93, 3.12, 3.18, 3.4, 4.17, 5.01, 5.61, 5.23, 4.78, 4.63, 4.96, 4.83, 4.49, 4.79, 4.89, 4.42, 4.56, 4.9, 5.1, 5.36, 5.08, 5.32, 5.83, 6.46, 7.61, 7.85, 6.84, 7.18, 7.69, 7.79, 7.73, 7.16, 6.63, 5.99, 5.85, 5.62, 5.02, 4.78, 5.67, 5.23, 4.43, 4.28, 4.96, 5.4, 5.64, 5.58, 6.17, 6.57, 6.82, 6.67, 6.27, 6.28, 6.59, 6.49, 6.13, 5.96, 6.02, 6.16, 6.01, 5.53, 6.03, 5.66, 4.19, 3.74], [2.89, 3.15, 2.68, 2.37, 2.6, 2.51, 2.33, 2.52, 2.5, 1.89, 2.13, 2.08, 2.09, 1.91, 1.5, 1.47, 0.96, 0, 1.38, 2.14, 2.47, 2.85, 2.69, 2.66, 2.92, 3.24, 3.97, 4.97, 5.59, 5.29, 4.94, 4.75, 4.94, 4.65, 4.47, 4.81, 4.93, 4.44, 4.7, 5.04, 5.24, 5.5, 5.22, 5.46, 5.77, 6.3, 7.41, 7.59, 6.52, 6.82, 7.29, 7.43, 7.43, 6.94, 6.45, 5.75, 5.73, 5.52, 4.9, 4.68, 5.49, 5.09, 4.33, 4.24, 4.9, 5.46, 5.62, 5.58, 6.19, 6.65, 6.84, 6.59, 6.19, 6.2, 6.25, 6.13, 5.85, 5.8, 5.86, 5.98, 5.79, 5.33, 5.93, 5.52, 4.29, 3.88], [3.99, 4.27, 3.64, 2.35, 2.28, 2.25, 2.29, 2.16, 2.04, 1.85, 2.71, 2.9, 3.17, 2.95, 2.6, 2.19, 1.88, 1.38, 0, 1.26, 1.59, 1.91, 1.89, 1.82, 1.98, 2.38, 3.15, 4.15, 4.77, 4.53, 4.34, 4.17, 4.1, 3.95, 4.41, 4.97, 5.09, 4.8, 4.68, 4.88, 4.84, 4.92, 4.86, 4.82, 4.95, 5.46, 6.59, 6.81, 5.72, 6.0, 6.49, 6.59, 6.63, 6.14, 5.61, 4.97, 4.89, 4.68, 4.08, 3.84, 4.65, 4.27, 3.57, 3.42, 4.06, 4.62, 4.78, 4.74, 5.35, 5.81, 6.0, 5.75, 5.33, 5.36, 5.45, 5.33, 5.03, 4.98, 5.08, 5.16, 4.95, 4.59, 5.09, 4.68, 3.49, 3.52], [4.81, 5.09, 4.46, 3.07, 2.8, 2.77, 3.03, 2.82, 2.54, 2.29, 3.45, 3.72, 3.81, 3.61, 3.36, 2.97, 2.62, 2.14, 1.26, 0, 0.89, 1.37, 1.57, 1.64, 1.84, 2.12, 2.77, 3.77, 4.47, 4.43, 4.4, 4.27, 4.0, 3.91, 4.69, 5.23, 5.35, 5.18, 4.92, 5.08, 5.02, 5.06, 5.04, 5.02, 4.57, 4.92, 5.91, 6.07, 4.94, 5.28, 5.73, 5.73, 5.89, 5.44, 5.05, 4.33, 4.35, 4.14, 3.56, 3.42, 4.09, 3.75, 3.25, 3.06, 3.88, 4.42, 4.44, 4.44, 5.11, 5.69, 5.74, 5.51, 5.01, 4.84, 4.79, 4.71, 4.63, 4.7, 4.92, 4.78, 4.71, 4.55, 4.67, 4.16, 3.47, 3.72], [5.06, 5.34, 4.71, 3.32, 3.05, 2.9, 3.24, 2.99, 2.43, 2.52, 3.58, 4.01, 4.12, 3.88, 3.63, 3.26, 2.93, 2.47, 1.59, 0.89, 0, 0.92, 1.2, 1.11, 1.17, 1.49, 2.22, 3.16, 3.8, 3.68, 3.79, 3.6, 3.27, 3.4, 4.12, 4.7, 4.86, 4.63, 4.39, 4.47, 4.43, 4.35, 4.45, 4.45, 3.86, 4.29, 5.32, 5.5, 4.41, 4.69, 5.16, 5.22, 5.32, 4.85, 4.4, 3.72, 3.7, 3.49, 2.93, 2.89, 3.62, 3.28, 2.84, 2.63, 3.09, 3.67, 3.71, 3.75, 4.32, 4.88, 4.99, 4.72, 4.24, 4.21, 4.16, 4.06, 3.86, 3.93, 4.23, 4.11, 4.12, 3.86, 3.92, 3.51, 2.7, 3.15], [5.28, 5.56, 4.93, 3.54, 3.47, 3.24, 3.54, 3.23, 2.49, 2.96, 3.8, 4.27, 4.56, 4.34, 3.87, 3.58, 3.21, 2.85, 1.91, 1.37, 0.92, 0, 0.8, 0.91, 1.37, 1.69, 2.26, 2.9, 3.58, 3.58, 3.71, 3.5, 3.19, 3.44, 4.16, 4.68, 4.88, 4.69, 4.33, 4.35, 4.33, 4.25, 4.41, 4.39, 3.58, 4.01, 5.14, 5.32, 4.25, 4.51, 5.02, 5.02, 5.14, 4.67, 4.14, 3.48, 3.4, 3.21, 2.63, 2.85, 3.48, 3.3, 2.72, 2.51, 3.11, 3.55, 3.43, 3.51, 4.2, 4.72, 4.81, 4.68, 4.16, 3.87, 4.1, 4.18, 4.06, 4.09, 4.35, 4.25, 4.3, 3.94, 3.9, 3.33, 2.66, 3.07], [5.0, 5.28, 4.65, 3.3, 3.17, 2.96, 3.22, 2.93, 2.31, 2.76, 3.54, 3.99, 4.28, 4.02, 3.63, 3.24, 2.93, 2.69, 1.89, 1.57, 1.2, 0.8, 0, 0.73, 1.27, 1.69, 2.36, 2.78, 3.46, 3.48, 3.69, 3.52, 3.13, 3.38, 4.12, 4.68, 4.88, 4.73, 4.31, 4.33, 4.29, 4.17, 4.39, 4.37, 3.6, 4.05, 5.16, 5.34, 4.31, 4.61, 5.1, 5.18, 5.18, 4.69, 4.18, 3.5, 3.46, 3.29, 2.75, 2.93, 3.64, 3.52, 3.08, 2.79, 3.07, 3.43, 3.31, 3.41, 4.08, 4.58, 4.69, 4.58, 4.0, 3.93, 4.02, 4.04, 3.92, 3.95, 4.19, 4.17, 4.26, 3.88, 3.86, 3.27, 2.58, 3.11], [5.21, 5.49, 4.86, 3.47, 3.3, 3.05, 3.39, 3.14, 2.48, 2.87, 3.75, 4.14, 4.37, 4.19, 3.82, 3.41, 3.12, 2.66, 1.82, 1.64, 1.11, 0.91, 0.73, 0, 1.06, 1.4, 2.03, 2.57, 3.27, 3.19, 3.46, 3.35, 2.84, 3.07, 3.95, 4.35, 4.59, 4.5, 4.02, 4.1, 4.08, 3.94, 4.14, 4.18, 3.35, 3.88, 4.97, 5.15, 4.08, 4.4, 4.87, 4.984, 4.97, 4.5, 3.97, 3.31, 3.25, 3.08, 2.54, 2.72, 3.47, 3.39, 2.93, 2.74, 2.7, 3.18, 3.22, 3.3, 3.83, 4.31, 4.44, 4.13, 3.69, 3.72, 3.81, 3.71, 3.53, 3.6, 3.86, 3.84, 3.87, 3.53, 3.49, 3.06, 2.35, 2.92], [5.09, 5.37, 4.74, 3.37, 3.24, 3.09, 3.27, 3.02, 2.44, 2.97, 3.69, 4.14, 4.43, 4.13, 3.86, 3.39, 3.18, 2.92, 1.98, 1.84, 1.17, 1.37, 1.27, 1.06, 0, 0.88, 1.85, 2.47, 3.13, 2.97, 3.0, 2.81, 2.64, 2.85, 3.45, 4.09, 4.27, 4.06, 3.58, 3.62, 3.62, 3.54, 3.72, 3.76, 3.33, 3.82, 4.83, 5.09, 4.16, 4.5, 4.982, 4.999, 4.947, 4.42, 4.05, 3.35, 3.31, 3.02, 2.52, 2.46, 3.15, 2.95, 2.53, 2.32, 2.52, 2.88, 3.1, 3.08, 3.63, 4.09, 4.3, 4.11, 3.65, 3.72, 3.85, 3.81, 3.43, 3.4, 3.46, 3.54, 3.55, 3.21, 3.39, 3.02, 1.85, 2.42], [5.21, 5.47, 4.88, 3.45, 3.32, 3.15, 3.37, 3.12, 2.72, 2.97, 3.83, 4.34, 4.57, 4.25, 4.06, 3.59, 3.4, 3.24, 2.38, 2.12, 1.49, 1.69, 1.69, 1.4, 0.88, 0, 1.51, 2.31, 3.01, 2.71, 2.58, 2.37, 2.44, 2.43, 3.11, 3.69, 3.91, 3.66, 3.28, 3.3, 3.18, 3.1, 3.26, 3.38, 2.95, 3.44, 4.45, 4.63, 3.7, 3.98, 4.49, 4.539, 4.47, 4.0, 3.69, 2.95, 2.89, 2.66, 2.08, 2.06, 2.73, 2.61, 2.15, 2.0, 2.16, 2.58, 2.74, 2.7, 3.27, 3.75, 3.96, 3.75, 3.29, 3.34, 3.37, 3.33, 3.01, 2.96, 3.0, 3.12, 3.13, 2.79, 3.03, 2.66, 1.71, 2.24], [5.88, 6.18, 5.53, 4.24, 3.95, 3.74, 4.12, 4.01, 3.29, 3.84, 4.72, 4.89, 5.14, 4.98, 4.61, 4.34, 4.17, 3.97, 3.15, 2.77, 2.22, 2.26, 2.36, 2.03, 1.85, 1.51, 0, 1.44, 2.26, 1.98, 1.93, 2.0, 1.75, 1.84, 2.42, 2.84, 2.98, 2.93, 2.49, 2.49, 2.43, 2.35, 2.43, 2.57, 2.12, 2.65, 3.64, 3.8, 2.99, 3.41, 3.9, 4.04, 3.88, 3.21, 2.84, 2.34, 2.3, 2.17, 1.69, 1.55, 1.94, 2.0, 1.94, 1.69, 1.55, 1.95, 2.01, 1.91, 2.5, 3.06, 3.13, 2.88, 2.44, 2.31, 2.74, 2.86, 2.54, 2.51, 2.49, 2.21, 2.38, 2.0, 2.12, 1.79, 1.68, 2.61], [6.66, 6.94, 6.29, 5.02, 4.99, 4.74, 4.92, 4.59, 4.05, 4.92, 5.42, 5.71, 6.22, 6.06, 5.49, 5.2, 5.01, 4.97, 4.15, 3.77, 3.16, 2.9, 2.78, 2.57, 2.47, 2.31, 1.44, 0, 1.1, 1.16, 1.45, 1.52, 1.09, 1.38, 2.16, 2.44, 2.7, 2.79, 2.05, 2.15, 2.13, 1.85, 2.19, 2.35, 1.62, 2.43, 3.38, 3.4, 2.55, 3.19, 3.64, 3.62, 3.34, 2.83, 2.64, 2.34, 2.18, 1.97, 2.11, 1.97, 2.08, 2.48, 2.74, 2.19, 1.63, 1.59, 1.61, 1.47, 1.74, 2.1, 2.21, 2.1, 1.9, 1.83, 2.06, 2.22, 1.96, 2.03, 2.03, 1.89, 2.02, 1.74, 1.84, 1.65, 2.02, 3.31], [7.24, 7.5, 6.85, 5.62, 5.87, 5.56, 5.7, 5.31, 4.75, 5.64, 6.04, 6.45, 6.92, 6.8, 6.23, 5.86, 5.61, 5.59, 4.77, 4.47, 3.8, 3.58, 3.46, 3.27, 3.13, 3.01, 2.26, 1.1, 0, 0.86, 1.65, 1.8, 1.23, 1.38, 2.1, 2.34, 2.58, 2.77, 2.27, 2.11, 2.17, 1.89, 2.25, 2.31, 1.82, 2.91, 3.62, 3.36, 2.75, 3.33, 3.76, 3.62, 3.22, 2.93, 2.86, 2.56, 2.42, 2.43, 2.71, 2.73, 2.56, 3.3, 3.5, 2.91, 2.33, 2.19, 2.21, 1.89, 2.1, 1.94, 2.01, 2.06, 2.28, 2.33, 2.18, 1.98, 1.84, 1.87, 1.85, 1.75, 1.8, 1.78, 2.18, 2.33, 2.64, 3.83], [7.0, 7.3, 6.65, 5.36, 5.47, 5.2, 5.34, 5.07, 4.61, 5.28, 5.88, 5.99, 6.4, 6.2, 5.75, 5.46, 5.23, 5.29, 4.53, 4.43, 3.68, 3.58, 3.48, 3.19, 2.97, 2.71, 1.98, 1.16, 0.86, 0, 1.41, 1.72, 1.27, 1.0, 1.74, 1.92, 2.32, 2.49, 2.01, 1.95, 1.95, 1.73, 1.95, 2.19, 1.84, 2.95, 3.6, 3.3, 2.77, 3.41, 3.8, 3.7, 3.26, 2.89, 2.82, 2.52, 2.42, 2.43, 2.67, 2.43, 2.28, 3.04, 3.32, 2.77, 2.05, 2.13, 2.11, 1.83, 1.96, 2.1, 1.97, 2.0, 2.14, 2.33, 2.22, 2.02, 1.68, 1.65, 1.53, 1.51, 1.6, 1.58, 2.04, 2.27, 2.38, 3.59], [5.77, 5.95, 5.42, 4.65, 4.96, 4.61, 4.69, 4.3, 4.04, 4.75, 5.13, 5.42, 5.91, 5.67, 5.16, 4.83, 4.78, 4.94, 4.34, 4.4, 3.79, 3.71, 3.69, 3.46, 3.0, 2.58, 1.93, 1.45, 1.65, 1.41, 0, 0.81, 1.5, 1.39, 1.75, 2.03, 2.01, 2.08, 1.4, 1.44, 1.26, 1.32, 1.34, 1.86, 2.27, 3.36, 4.27, 4.21, 3.42, 4.12, 4.53, 4.57, 4.19, 3.64, 3.55, 3.21, 3.05, 2.84, 2.78, 2.36, 2.53, 2.75, 2.85, 2.46, 1.92, 1.92, 2.12, 1.78, 2.29, 2.33, 2.58, 2.59, 2.49, 2.58, 2.89, 2.79, 2.55, 2.36, 2.18, 2.16, 2.27, 1.89, 2.39, 2.46, 1.95, 2.36], [5.62, 5.88, 5.43, 4.6, 4.85, 4.56, 4.58, 4.23, 3.97, 4.6, 4.98, 5.37, 5.84, 5.54, 5.09, 4.66, 4.63, 4.75, 4.17, 4.27, 3.6, 3.5, 3.52, 3.35, 2.81, 2.37, 2.0, 1.52, 1.8, 1.72, 0.81, 0, 1.37, 1.64, 2.06, 2.18, 2.18, 2.29, 1.49, 1.55, 1.37, 1.29, 1.43, 1.99, 2.14, 3.17, 4.18, 4.2, 3.27, 3.89, 4.24, 4.34, 4.02, 3.57, 3.48, 3.06, 2.92, 2.71, 2.57, 2.31, 2.46, 2.66, 2.68, 2.23, 1.87, 1.77, 1.99, 1.67, 2.2, 2.28, 2.65, 2.64, 2.42, 2.51, 2.74, 2.74, 2.36, 2.29, 2.27, 2.35, 2.38, 1.86, 2.28, 2.31, 1.88, 2.25], [6.67, 6.97, 6.32, 4.97, 5.12, 4.85, 5.05, 4.66, 4.0, 4.93, 5.33, 5.78, 6.25, 6.11, 5.6, 5.29, 4.96, 4.94, 4.1, 4.0, 3.27, 3.19, 3.13, 2.84, 2.64, 2.44, 1.75, 1.09, 1.23, 1.27, 1.5, 1.37, 0, 1.43, 2.11, 2.41, 2.61, 2.68, 1.96, 1.96, 1.84, 1.68, 2.08, 2.24, 1.67, 2.68, 3.51, 3.57, 2.68, 3.1, 3.47, 3.55, 3.35, 2.92, 2.69, 2.49, 2.25, 2.1, 2.32, 2.24, 2.27, 2.87, 2.93, 2.4, 1.74, 1.76, 1.74, 1.52, 1.83, 1.83, 2.06, 2.03, 1.89, 2.0, 2.15, 2.05, 1.73, 1.72, 1.8, 1.88, 1.91, 1.59, 1.83, 1.88, 2.05, 3.26], [6.83, 7.146, 6.5, 5.18, 5.17, 4.88, 5.02, 4.79, 4.37, 4.72, 5.5, 5.75, 5.96, 5.82, 5.47, 5.16, 4.83, 4.65, 3.95, 3.91, 3.4, 3.44, 3.38, 3.07, 2.85, 2.43, 1.84, 1.38, 1.38, 1.0, 1.39, 1.64, 1.43, 0, 1.56, 1.8, 2.18, 2.37, 1.75, 1.91, 1.89, 1.75, 1.79, 2.11, 2.18, 3.07, 3.76, 3.54, 2.75, 3.29, 3.76, 3.74, 3.4, 3.03, 2.98, 2.6, 2.7, 2.65, 2.69, 2.27, 2.12, 2.86, 3.22, 2.71, 2.11, 2.27, 2.33, 1.99, 2.26, 2.46, 2.47, 2.36, 2.36, 2.57, 2.3, 2.02, 1.82, 1.73, 1.55, 1.71, 1.54, 1.42, 2.2, 2.43, 2.28, 3.31], [6.16, 6.46, 5.91, 5.28, 5.37, 4.96, 5.0, 4.83, 4.65, 4.82, 4.9, 5.31, 5.7, 5.46, 5.07, 4.86, 4.49, 4.47, 4.41, 4.69, 4.12, 4.16, 4.12, 3.95, 3.45, 3.11, 2.42, 2.16, 2.1, 1.74, 1.75, 2.06, 2.11, 1.56, 0, 0.94, 1.22, 1.25, 1.25, 1.57, 1.57, 1.87, 1.51, 1.79, 2.46, 3.55, 4.04, 3.86, 3.37, 3.89, 4.24, 4.12, 3.84, 3.31, 3.22, 3.04, 3.04, 3.07, 3.15, 2.69, 2.48, 3.26, 3.5, 3.07, 2.65, 2.79, 2.95, 2.33, 2.74, 2.8, 2.81, 2.86, 3.0, 3.27, 3.06, 2.64, 2.28, 2.21, 1.97, 1.99, 2.0, 1.8, 2.82, 3.01, 2.64, 3.01], [6.06, 6.44, 6.01, 5.6, 5.75, 5.32, 5.34, 5.29, 5.13, 5.44, 5.3, 5.43, 5.74, 5.6, 5.17, 5.12, 4.79, 4.81, 4.97, 5.23, 4.7, 4.68, 4.68, 4.35, 4.09, 3.69, 2.84, 2.44, 2.34, 1.92, 2.03, 2.18, 2.41, 1.8, 0.94, 0, 0.94, 1.31, 1.35, 1.57, 1.57, 1.83, 1.47, 1.83, 2.42, 3.69, 4.1, 3.96, 3.53, 4.11, 4.32, 4.28, 3.92, 3.41, 3.32, 3.3, 3.22, 3.29, 3.49, 2.95, 2.76, 3.58, 3.76, 3.29, 2.87, 2.95, 3.11, 2.49, 2.68, 2.78, 2.71, 2.92, 3.16, 3.39, 3.34, 2.76, 2.46, 2.41, 2.07, 2.09, 2.06, 2.22, 3.02, 3.31, 2.86, 3.17], [5.78, 6.1, 5.67, 5.64, 5.79, 5.5, 5.38, 5.35, 5.13, 5.66, 5.4, 5.51, 5.7, 5.7, 5.11, 5.08, 4.89, 4.93, 5.09, 5.35, 4.86, 4.88, 4.88, 4.59, 4.27, 3.91, 2.98, 2.7, 2.58, 2.32, 2.01, 2.18, 2.61, 2.18, 1.22, 0.94, 0, 1.15, 1.29, 1.57, 1.65, 1.97, 1.49, 1.67, 2.66, 4.05, 4.6, 4.3, 4.05, 4.67, 4.9, 4.86, 4.6, 3.95, 3.76, 3.66, 3.52, 3.61, 3.77, 3.21, 2.98, 3.74, 3.78, 3.47, 2.99, 3.01, 3.31, 2.69, 3.06, 3.04, 3.13, 3.26, 3.46, 3.75, 3.9, 3.42, 3.12, 3.07, 2.71, 2.61, 2.66, 2.7, 3.34, 3.65, 3.0, 2.97], [5.35, 5.73, 5.24, 5.21, 5.46, 5.25, 4.93, 4.92, 4.82, 5.27, 4.83, 5.1, 5.35, 5.25, 4.64, 4.77, 4.42, 4.44, 4.8, 5.18, 4.63, 4.69, 4.73, 4.5, 4.06, 3.66, 2.93, 2.79, 2.77, 2.49, 2.08, 2.29, 2.68, 2.37, 1.25, 1.31, 1.15, 0, 1.46, 1.9, 2.04, 2.26, 1.8, 2.06, 2.81, 4.24, 4.87, 4.67, 4.28, 4.82, 5.23, 5.13, 4.87, 4.24, 4.05, 3.79, 3.65, 3.64, 3.72, 3.22, 3.21, 3.67, 3.51, 3.28, 2.98, 3.04, 3.28, 2.66, 3.23, 3.37, 3.32, 3.47, 3.65, 3.84, 4.01, 3.69, 3.37, 3.28, 2.98, 2.9, 2.97, 2.61, 3.41, 3.64, 3.07, 3.02], [5.75, 6.03, 5.54, 5.17, 5.38, 4.99, 4.93, 4.64, 4.44, 4.89, 5.01, 5.3, 5.83, 5.65, 5.06, 4.71, 4.56, 4.7, 4.68, 4.92, 4.39, 4.33, 4.31, 4.02, 3.58, 3.28, 2.49, 2.05, 2.27, 2.01, 1.4, 1.49, 1.96, 1.75, 1.25, 1.35, 1.29, 1.46, 0, 0.92, 1.16, 1.52, 1.28, 1.78, 2.31, 3.52, 4.25, 4.37, 3.58, 4.16, 4.55, 4.43, 4.23, 3.8, 3.55, 3.27, 3.01, 2.82, 3.02, 2.46, 2.53, 3.11, 3.23, 2.92, 2.44, 2.36, 2.54, 2.02, 2.41, 2.49, 2.82, 2.87, 2.73, 2.98, 3.17, 3.03, 2.65, 2.5, 2.42, 2.42, 2.37, 1.99, 2.61, 2.84, 2.31, 2.44], [5.81, 5.99, 5.5, 5.27, 5.4, 5.05, 5.01, 4.8, 4.48, 5.13, 5.31, 5.56, 5.97, 5.83, 5.26, 4.95, 4.9, 5.04, 4.88, 5.08, 4.47, 4.35, 4.33, 4.1, 3.62, 3.3, 2.49, 2.15, 2.11, 1.95, 1.44, 1.55, 1.96, 1.91, 1.57, 1.57, 1.57, 1.9, 0.92, 0, 0.78, 1.16, 1.0, 1.7, 1.91, 3.16, 3.95, 4.03, 3.4, 3.86, 4.23, 4.19, 3.97, 3.42, 3.11, 2.87, 2.67, 2.54, 2.96, 2.4, 2.25, 3.13, 3.17, 2.84, 2.36, 2.2, 2.42, 1.94, 2.11, 2.17, 2.56, 2.63, 2.51, 2.84, 3.03, 2.87, 2.45, 2.28, 2.14, 2.14, 2.21, 1.89, 2.43, 2.56, 2.21, 2.3], [5.85, 6.05, 5.58, 5.07, 5.24, 4.95, 4.93, 4.62, 4.38, 5.03, 5.37, 5.7, 6.11, 5.91, 5.38, 5.09, 5.1, 5.24, 4.84, 5.02, 4.43, 4.33, 4.29, 4.08, 3.62, 3.18, 2.43, 2.13, 2.17, 1.95, 1.26, 1.37, 1.84, 1.89, 1.57, 1.57, 1.65, 2.04, 1.16, 0.78, 0, 1.0, 1.04, 1.6, 1.83, 3.22, 3.83, 3.87, 3.32, 3.72, 4.05, 4.09, 3.85, 3.32, 3.07, 2.91, 2.71, 2.54, 2.82, 2.24, 2.11, 3.01, 3.07, 2.7, 2.26, 2.18, 2.36, 1.68, 1.97, 1.99, 2.34, 2.49, 2.41, 2.74, 2.91, 2.61, 2.29, 2.08, 1.88, 1.94, 2.11, 1.85, 2.41, 2.52, 2.11, 2.24], [6.03, 6.25, 5.72, 5.07, 5.18, 4.97, 4.91, 4.72, 4.36, 5.19, 5.65, 5.92, 6.27, 6.21, 5.7, 5.51, 5.36, 5.5, 4.92, 5.06, 4.35, 4.25, 4.17, 3.94, 3.54, 3.1, 2.35, 1.85, 1.89, 1.73, 1.32, 1.29, 1.68, 1.75, 1.87, 1.83, 1.97, 2.26, 1.52, 1.16, 1.0, 0, 0.9, 1.42, 1.39, 2.74, 3.41, 3.43, 2.82, 3.4, 3.77, 3.83, 3.53, 2.82, 2.71, 2.43, 2.35, 2.26, 2.64, 2.24, 2.11, 2.87, 2.89, 2.64, 1.9, 1.72, 1.92, 1.38, 1.45, 1.47, 1.76, 1.95, 2.05, 2.26, 2.45, 2.25, 1.93, 1.76, 1.58, 1.66, 1.77, 1.57, 2.03, 2.22, 1.93, 2.4], [5.63, 5.81, 5.4, 5.05, 5.02, 4.77, 4.75, 4.68, 4.5, 5.05, 5.39, 5.66, 5.95, 5.85, 5.34, 5.17, 5.08, 5.22, 4.86, 5.04, 4.45, 4.41, 4.39, 4.14, 3.72, 3.26, 2.43, 2.19, 2.25, 1.95, 1.34, 1.43, 2.08, 1.79, 1.51, 1.47, 1.49, 1.8, 1.28, 1.0, 1.04, 0.9, 0, 1.06, 1.57, 3.06, 3.77, 3.67, 3.22, 3.9, 4.19, 4.27, 3.93, 3.06, 2.99, 2.71, 2.63, 2.72, 2.88, 2.4, 2.07, 2.77, 2.79, 2.54, 2.0, 1.92, 2.24, 1.66, 1.81, 1.91, 2.12, 2.27, 2.37, 2.76, 3.01, 2.73, 2.39, 2.32, 2.04, 2.08, 2.21, 1.93, 2.39, 2.7, 2.07, 2.04], [5.71, 5.87, 5.44, 5.05, 4.92, 4.75, 4.79, 4.76, 4.54, 5.25, 5.59, 5.9, 6.23, 6.15, 5.66, 5.51, 5.32, 5.46, 4.82, 5.02, 4.45, 4.39, 4.37, 4.18, 3.76, 3.38, 2.57, 2.35, 2.31, 2.19, 1.86, 1.99, 2.24, 2.11, 1.79, 1.83, 1.67, 2.06, 1.78, 1.7, 1.6, 1.42, 1.06, 0, 1.73, 3.2, 3.93, 3.71, 3.58, 4.22, 4.47, 4.43, 4.11, 3.34, 3.13, 2.83, 2.71, 2.9, 2.88, 2.42, 2.35, 2.95, 2.79, 2.78, 2.28, 1.96, 2.36, 1.84, 2.03, 2.09, 2.22, 2.41, 2.57, 3.0, 3.31, 3.07, 2.67, 2.68, 2.26, 2.22, 2.41, 2.17, 2.51, 2.88, 2.33, 2.3], [6.56, 6.84, 6.31, 5.24, 4.93, 4.86, 5.06, 5.01, 4.39, 5.32, 5.96, 6.33, 6.66, 6.6, 6.15, 6.0, 5.83, 5.77, 4.95, 4.57, 3.86, 3.58, 3.6, 3.35, 3.33, 2.95, 2.12, 1.62, 1.82, 1.84, 2.27, 2.14, 1.67, 2.18, 2.46, 2.42, 2.66, 2.81, 2.31, 1.91, 1.83, 1.39, 1.57, 1.73, 0, 1.73, 2.44, 2.5, 2.13, 2.71, 3.0, 3.04, 2.78, 1.97, 1.7, 1.36, 1.28, 1.49, 1.73, 1.83, 1.46, 2.3, 2.34, 2.09, 1.53, 1.45, 1.37, 1.09, 1.06, 1.26, 1.39, 1.4, 1.42, 1.71, 1.94, 1.82, 1.62, 1.73, 1.67, 1.47, 1.8, 1.72, 1.4, 1.53, 2.06, 2.91], [7.51, 7.79, 7.24, 5.95, 5.48, 5.43, 5.69, 5.76, 5.16, 5.71, 6.65, 7.06, 7.25, 7.05, 6.9, 6.59, 6.46, 6.3, 5.46, 4.92, 4.29, 4.01, 4.05, 3.88, 3.82, 3.44, 2.65, 2.43, 2.91, 2.95, 3.36, 3.17, 2.68, 3.07, 3.55, 3.69, 4.05, 4.24, 3.52, 3.16, 3.22, 2.74, 3.06, 3.2, 1.73, 0, 1.37, 1.53, 1.2, 1.64, 1.97, 2.27, 1.95, 1.3, 1.13, 1.11, 1.17, 1.46, 1.8, 2.04, 1.95, 2.39, 2.89, 2.84, 2.42, 2.34, 2.1, 2.26, 2.31, 2.43, 2.42, 2.19, 2.01, 1.46, 1.77, 2.49, 2.35, 2.46, 2.48, 2.28, 2.57, 2.37, 1.89, 1.62, 2.81, 3.78], [8.8, 9.08, 8.53, 7.1, 6.67, 6.54, 6.84, 6.81, 6.27, 6.68, 7.84, 8.25, 8.34, 8.1, 8.07, 7.74, 7.61, 7.41, 6.59, 5.91, 5.32, 5.14, 5.16, 4.97, 4.83, 4.45, 3.64, 3.38, 3.62, 3.6, 4.27, 4.18, 3.51, 3.76, 4.04, 4.1, 4.6, 4.87, 4.25, 3.95, 3.83, 3.41, 3.77, 3.93, 2.44, 1.37, 0, 0.96, 1.37, 1.15, 1.28, 1.38, 1.08, 1.09, 1.32, 1.84, 1.96, 2.25, 2.67, 2.97, 2.38, 3.04, 4.02, 3.95, 3.41, 3.27, 3.01, 2.85, 2.84, 2.78, 2.69, 2.72, 2.82, 2.29, 2.08, 2.42, 2.46, 2.63, 2.59, 2.53, 2.58, 2.94, 2.52, 2.55, 3.9, 5.01], [8.94, 9.2, 8.67, 7.42, 6.81, 6.8, 7.1, 7.21, 6.61, 6.98, 8.1, 8.51, 8.5, 8.34, 8.29, 7.98, 7.85, 7.59, 6.81, 6.07, 5.5, 5.32, 5.34, 5.15, 5.09, 4.63, 3.8, 3.4, 3.36, 3.3, 4.21, 4.2, 3.57, 3.54, 3.86, 3.96, 4.3, 4.67, 4.37, 4.03, 3.87, 3.43, 3.67, 3.71, 2.5, 1.53, 0.96, 0, 1.21, 1.39, 1.34, 1.7, 1.3, 1.01, 1.56, 1.92, 2.14, 2.63, 3.03, 3.37, 2.58, 3.28, 4.18, 4.07, 3.43, 3.31, 3.09, 3.07, 2.86, 2.7, 2.41, 2.48, 2.8, 2.39, 1.9, 2.26, 2.38, 2.67, 2.51, 2.37, 2.48, 2.88, 2.52, 2.69, 4.06, 5.09], [8.43, 8.67, 8.16, 6.63, 6.26, 6.11, 6.35, 6.32, 5.78, 6.01, 7.17, 7.62, 7.77, 7.45, 7.44, 7.03, 6.84, 6.52, 5.72, 4.94, 4.41, 4.25, 4.31, 4.08, 4.16, 3.7, 2.99, 2.55, 2.75, 2.77, 3.42, 3.27, 2.68, 2.75, 3.37, 3.53, 4.05, 4.28, 3.58, 3.4, 3.32, 2.82, 3.22, 3.58, 2.13, 1.2, 1.37, 1.21, 0, 1.06, 1.29, 1.65, 1.37, 1.02, 1.35, 1.51, 1.69, 2.0, 2.4, 2.66, 2.17, 2.89, 3.69, 3.36, 2.82, 2.92, 2.6, 2.54, 2.55, 2.57, 2.54, 2.39, 2.43, 1.84, 1.21, 1.63, 1.85, 2.1, 2.24, 2.28, 2.31, 2.27, 2.17, 2.02, 3.41, 4.68], [8.93, 9.19, 8.62, 7.05, 6.76, 6.61, 6.83, 6.68, 6.14, 6.23, 7.47, 8.02, 8.21, 7.89, 7.82, 7.39, 7.18, 6.82, 6.0, 5.28, 4.69, 4.51, 4.61, 4.4, 4.5, 3.98, 3.41, 3.19, 3.33, 3.41, 4.12, 3.89, 3.1, 3.29, 3.89, 4.11, 4.67, 4.82, 4.16, 3.86, 3.72, 3.4, 3.9, 4.22, 2.71, 1.64, 1.15, 1.39, 1.06, 0, 0.83, 1.15, 1.03, 1.3, 1.61, 2.01, 2.21, 2.32, 2.9, 3.14, 2.53, 3.25, 4.25, 3.92, 3.5, 3.58, 3.24, 3.02, 3.09, 3.11, 3.06, 3.11, 3.07, 2.54, 1.81, 2.17, 2.17, 2.26, 2.84, 2.84, 2.69, 2.89, 2.89, 2.6, 3.97, 5.24], [9.34, 9.58, 9.07, 7.52, 7.17, 7.02, 7.24, 7.19, 6.69, 6.78, 8.0, 8.55, 8.68, 8.38, 8.37, 7.92, 7.69, 7.29, 6.49, 5.73, 5.16, 5.02, 5.1, 4.87, 4.982, 4.49, 3.9, 3.64, 3.76, 3.8, 4.53, 4.24, 3.47, 3.76, 4.24, 4.32, 4.9, 5.23, 4.55, 4.23, 4.05, 3.77, 4.19, 4.47, 3.0, 1.97, 1.28, 1.34, 1.29, 0.83, 0, 0.94, 1.18, 1.45, 1.74, 2.38, 2.56, 2.81, 3.27, 3.53, 2.8, 3.54, 4.54, 4.21, 3.77, 3.87, 3.51, 3.25, 3.3, 3.32, 3.25, 3.34, 3.3, 2.79, 2.02, 2.2, 2.4, 2.53, 2.97, 3.01, 2.92, 3.26, 3.12, 2.83, 4.28, 5.59], [9.48, 9.76, 9.19, 7.64, 7.33, 7.16, 7.4, 7.17, 6.65, 6.7, 8.02, 8.67, 8.86, 8.54, 8.49, 8.02, 7.79, 7.43, 6.59, 5.73, 5.22, 5.02, 5.18, 4.984, 4.999, 4.539, 4.04, 3.62, 3.62, 3.7, 4.57, 4.34, 3.55, 3.74, 4.12, 4.28, 4.86, 5.13, 4.43, 4.19, 4.09, 3.83, 4.27, 4.43, 3.04, 2.27, 1.38, 1.7, 1.65, 1.15, 0.94, 0, 0.84, 1.47, 1.8, 2.42, 2.58, 2.71, 3.35, 3.59, 2.78, 3.6, 4.64, 4.37, 3.89, 3.91, 3.51, 3.31, 3.42, 3.3, 3.17, 3.3, 3.36, 2.85, 2.1, 2.24, 2.34, 2.45, 2.85, 2.81, 2.76, 3.08, 3.12, 2.97, 4.42, 5.75], [9.24, 9.52, 8.99, 7.46, 7.11, 6.92, 7.18, 7.13, 6.59, 6.76, 7.96, 8.51, 8.68, 8.36, 8.37, 7.88, 7.73, 7.43, 6.63, 5.89, 5.32, 5.14, 5.18, 4.97, 4.947, 4.47, 3.88, 3.34, 3.22, 3.26, 4.19, 4.02, 3.35, 3.4, 3.84, 3.92, 4.6, 4.87, 4.23, 3.97, 3.85, 3.53, 3.93, 4.11, 2.78, 1.95, 1.08, 1.3, 1.37, 1.03, 1.18, 0.84, 0, 1.09, 1.58, 2.12, 2.36, 2.61, 3.13, 3.37, 2.5, 3.28, 4.28, 4.01, 3.43, 3.55, 3.15, 2.97, 3.06, 2.92, 2.71, 2.82, 3.0, 2.45, 1.78, 1.94, 1.94, 2.11, 2.35, 2.33, 2.3, 2.64, 2.76, 2.55, 4.16, 5.47], [8.47, 8.71, 8.2, 6.77, 6.32, 6.23, 6.49, 6.56, 5.96, 6.37, 7.47, 7.82, 7.89, 7.63, 7.64, 7.31, 7.16, 6.94, 6.14, 5.44, 4.85, 4.67, 4.69, 4.5, 4.42, 4.0, 3.21, 2.83, 2.93, 2.89, 3.64, 3.57, 2.92, 3.03, 3.31, 3.41, 3.95, 4.24, 3.8, 3.42, 3.32, 2.82, 3.06, 3.34, 1.97, 1.3, 1.09, 1.01, 1.02, 1.3, 1.45, 1.47, 1.09, 0, 0.87, 1.37, 1.53, 1.96, 2.44, 2.7, 1.89, 2.67, 3.51, 3.34, 2.74, 2.8, 2.54, 2.42, 2.43, 2.25, 2.08, 2.15, 2.35, 1.78, 1.47, 1.69, 1.71, 1.9, 1.88, 1.84, 1.97, 2.29, 2.11, 2.0, 3.43, 4.6], [7.92, 8.22, 7.67, 6.38, 5.89, 5.74, 6.1, 6.13, 5.53, 6.02, 7.02, 7.29, 7.42, 7.18, 7.03, 6.8, 6.63, 6.45, 5.61, 5.05, 4.4, 4.14, 4.18, 3.97, 4.05, 3.69, 2.84, 2.64, 2.86, 2.82, 3.55, 3.48, 2.69, 2.98, 3.22, 3.32, 3.76, 4.05, 3.55, 3.11, 3.07, 2.71, 2.99, 3.13, 1.7, 1.13, 1.32, 1.56, 1.35, 1.61, 1.74, 1.8, 1.58, 0.87, 0, 1.08, 1.08, 1.53, 2.05, 2.33, 1.74, 2.52, 3.18, 3.11, 2.73, 2.69, 2.35, 2.25, 2.36, 2.28, 2.23, 2.2, 2.26, 1.79, 1.78, 1.98, 1.94, 1.95, 2.05, 1.93, 2.08, 2.24, 2.0, 1.89, 3.16, 4.23], [7.24, 7.52, 6.95, 5.62, 5.13, 5.02, 5.34, 5.41, 4.81, 5.22, 6.3, 6.65, 6.72, 6.58, 6.43, 6.14, 5.99, 5.75, 4.97, 4.33, 3.72, 3.48, 3.5, 3.31, 3.35, 2.95, 2.34, 2.34, 2.56, 2.52, 3.21, 3.06, 2.49, 2.6, 3.04, 3.3, 3.66, 3.79, 3.27, 2.87, 2.91, 2.43, 2.71, 2.83, 1.36, 1.11, 1.84, 1.92, 1.51, 2.01, 2.38, 2.42, 2.12, 1.37, 1.08, 0, 0.58, 1.09, 1.37, 1.63, 1.54, 2.36, 2.7, 2.65, 2.31, 2.25, 1.95, 1.99, 2.08, 2.18, 2.23, 2.0, 1.9, 1.55, 1.62, 1.96, 1.82, 1.93, 1.91, 1.79, 2.08, 1.86, 1.66, 1.53, 2.64, 3.47], [7.02, 7.28, 6.71, 5.36, 4.91, 4.82, 5.06, 5.11, 4.55, 5.08, 6.08, 6.45, 6.62, 6.48, 6.23, 6.0, 5.85, 5.73, 4.89, 4.35, 3.7, 3.4, 3.46, 3.25, 3.31, 2.89, 2.3, 2.18, 2.42, 2.42, 3.05, 2.92, 2.25, 2.7, 3.04, 3.22, 3.52, 3.65, 3.01, 2.67, 2.71, 2.35, 2.63, 2.71, 1.28, 1.17, 1.96, 2.14, 1.69, 2.21, 2.56, 2.58, 2.36, 1.53, 1.08, 0.58, 0, 0.83, 1.15, 1.39, 1.44, 2.16, 2.52, 2.47, 2.15, 2.07, 1.77, 1.77, 1.98, 2.04, 2.15, 1.92, 1.74, 1.35, 1.78, 2.1, 1.94, 1.99, 2.01, 1.83, 2.1, 1.82, 1.46, 1.27, 2.46, 3.31], [6.89, 7.17, 6.6, 5.21, 4.82, 4.77, 4.83, 4.72, 4.2, 4.77, 5.81, 6.24, 6.55, 6.39, 6.0, 5.77, 5.62, 5.52, 4.68, 4.14, 3.49, 3.21, 3.29, 3.08, 3.02, 2.66, 2.17, 1.97, 2.43, 2.43, 2.84, 2.71, 2.1, 2.65, 3.07, 3.29, 3.61, 3.64, 2.82, 2.54, 2.54, 2.26, 2.72, 2.9, 1.49, 1.46, 2.25, 2.63, 2.0, 2.32, 2.81, 2.71, 2.61, 1.96, 1.53, 1.09, 0.83, 0, 1.0, 1.12, 1.23, 1.95, 2.27, 2.22, 1.98, 1.9, 1.84, 1.66, 1.85, 2.13, 2.22, 1.97, 1.73, 1.34, 1.91, 2.21, 2.03, 2.12, 2.22, 1.98, 2.29, 1.83, 1.49, 1.36, 2.25, 3.12], [6.29, 6.55, 6.04, 4.57, 4.2, 3.99, 4.29, 4.26, 3.74, 4.19, 5.27, 5.7, 5.93, 5.75, 5.52, 5.17, 5.02, 4.9, 4.08, 3.56, 2.93, 2.63, 2.75, 2.54, 2.52, 2.08, 1.69, 2.11, 2.71, 2.67, 2.78, 2.57, 2.32, 2.69, 3.15, 3.49, 3.77, 3.72, 3.02, 2.96, 2.82, 2.64, 2.88, 2.88, 1.73, 1.8, 2.67, 3.03, 2.4, 2.9, 3.27, 3.35, 3.13, 2.44, 2.05, 1.37, 1.15, 1.0, 0, 0.86, 1.47, 1.61, 1.73, 1.82, 1.72, 1.7, 1.7, 1.7, 2.09, 2.55, 2.64, 2.37, 1.91, 1.5, 2.29, 2.53, 2.39, 2.5, 2.46, 2.34, 2.53, 2.15, 1.47, 1.16, 1.75, 2.54], [6.03, 6.31, 5.78, 4.29, 3.94, 3.77, 3.93, 3.9, 3.44, 3.91, 4.99, 5.36, 5.63, 5.43, 5.22, 4.91, 4.78, 4.68, 3.84, 3.42, 2.89, 2.85, 2.93, 2.72, 2.46, 2.06, 1.55, 1.97, 2.73, 2.43, 2.36, 2.31, 2.24, 2.27, 2.69, 2.95, 3.21, 3.22, 2.46, 2.4, 2.24, 2.24, 2.4, 2.42, 1.83, 2.04, 2.97, 3.37, 2.66, 3.14, 3.53, 3.59, 3.37, 2.7, 2.33, 1.63, 1.39, 1.12, 0.86, 0, 1.23, 1.67, 1.77, 1.82, 1.76, 1.78, 1.86, 1.62, 2.03, 2.57, 2.64, 2.37, 1.93, 1.7, 2.45, 2.61, 2.33, 2.34, 2.32, 2.0, 2.25, 1.87, 1.53, 1.46, 1.67, 2.3], [6.86, 7.12, 6.63, 5.3, 4.75, 4.7, 4.82, 4.87, 4.35, 4.78, 5.9, 6.29, 6.46, 6.24, 6.05, 5.82, 5.67, 5.49, 4.65, 4.09, 3.62, 3.48, 3.64, 3.47, 3.15, 2.73, 1.94, 2.08, 2.56, 2.28, 2.53, 2.46, 2.27, 2.12, 2.48, 2.76, 2.98, 3.21, 2.53, 2.25, 2.11, 2.11, 2.07, 2.35, 1.46, 1.95, 2.38, 2.58, 2.17, 2.53, 2.8, 2.78, 2.5, 1.89, 1.74, 1.54, 1.44, 1.23, 1.47, 1.23, 0, 1.38, 1.92, 1.85, 1.79, 1.91, 1.77, 1.35, 1.78, 2.18, 2.25, 2.04, 1.76, 1.63, 1.94, 2.06, 1.82, 1.93, 1.91, 1.63, 1.82, 1.7, 1.54, 1.47, 2.14, 3.09], [6.2, 6.48, 5.97, 4.66, 4.09, 4.16, 4.26, 4.39, 4.01, 4.38, 5.44, 5.81, 5.92, 5.74, 5.57, 5.36, 5.23, 5.09, 4.27, 3.75, 3.28, 3.3, 3.52, 3.39, 2.95, 2.61, 2.0, 2.48, 3.3, 3.04, 2.75, 2.66, 2.87, 2.86, 3.26, 3.58, 3.74, 3.67, 3.11, 3.13, 3.01, 2.87, 2.77, 2.95, 2.3, 2.39, 3.04, 3.28, 2.89, 3.25, 3.54, 3.6, 3.28, 2.67, 2.52, 2.36, 2.16, 1.95, 1.61, 1.67, 1.38, 0, 1.32, 1.33, 1.41, 1.71, 1.67, 1.83, 2.36, 2.84, 2.93, 2.6, 2.02, 1.67, 2.68, 2.98, 2.8, 2.91, 2.81, 2.53, 2.76, 2.52, 1.76, 1.55, 2.02, 2.79], [5.1, 5.38, 4.89, 3.86, 3.43, 3.5, 3.54, 3.57, 3.25, 3.9, 4.54, 4.93, 5.22, 5.14, 4.75, 4.6, 4.43, 4.33, 3.57, 3.25, 2.84, 2.72, 3.08, 2.93, 2.53, 2.15, 1.94, 2.74, 3.5, 3.32, 2.85, 2.68, 2.93, 3.22, 3.5, 3.76, 3.78, 3.51, 3.23, 3.17, 3.07, 2.89, 2.79, 2.79, 2.34, 2.89, 4.02, 4.18, 3.69, 4.25, 4.54, 4.64, 4.28, 3.51, 3.18, 2.7, 2.52, 2.27, 1.73, 1.77, 1.92, 1.32, 0, 0.95, 1.57, 1.85, 1.87, 2.01, 2.48, 3.04, 3.05, 2.96, 2.48, 2.29, 3.34, 3.58, 3.38, 3.43, 3.31, 2.95, 3.28, 2.82, 2.34, 2.01, 1.76, 2.01], [5.37, 5.63, 5.12, 3.81, 3.58, 3.47, 3.53, 3.48, 3.14, 3.81, 4.43, 4.8, 5.21, 5.09, 4.64, 4.45, 4.28, 4.24, 3.42, 3.06, 2.63, 2.51, 2.79, 2.74, 2.32, 2.0, 1.69, 2.19, 2.91, 2.77, 2.46, 2.23, 2.4, 2.71, 3.07, 3.29, 3.47, 3.28, 2.92, 2.84, 2.7, 2.64, 2.54, 2.78, 2.09, 2.84, 3.95, 4.07, 3.36, 3.92, 4.21, 4.37, 4.01, 3.34, 3.11, 2.65, 2.47, 2.22, 1.82, 1.82, 1.85, 1.33, 0.95, 0, 1.22, 1.66, 1.58, 1.68, 2.39, 2.85, 2.98, 2.81, 2.33, 2.18, 2.85, 3.07, 2.89, 2.92, 2.88, 2.66, 2.99, 2.53, 2.25, 1.72, 1.33, 2.26], [6.01, 6.25, 5.74, 4.47, 4.1, 4.01, 4.07, 4.16, 3.62, 4.39, 5.15, 5.52, 5.79, 5.71, 5.3, 5.13, 4.96, 4.9, 4.06, 3.88, 3.09, 3.11, 3.07, 2.7, 2.52, 2.16, 1.55, 1.63, 2.33, 2.05, 1.92, 1.87, 1.74, 2.11, 2.65, 2.87, 2.99, 2.98, 2.44, 2.36, 2.26, 1.9, 2.0, 2.28, 1.53, 2.42, 3.41, 3.43, 2.82, 3.5, 3.77, 3.89, 3.43, 2.74, 2.73, 2.31, 2.15, 1.98, 1.72, 1.76, 1.79, 1.41, 1.57, 1.22, 0, 0.94, 1.12, 1.14, 1.57, 1.89, 2.08, 1.79, 1.49, 1.48, 2.17, 2.27, 2.03, 2.12, 2.04, 1.92, 2.33, 1.79, 1.39, 1.22, 1.23, 2.26], [5.93, 6.27, 5.72, 4.69, 4.4, 4.43, 4.41, 4.36, 3.94, 4.87, 5.45, 5.92, 6.27, 6.21, 5.74, 5.57, 5.4, 5.46, 4.62, 4.42, 3.67, 3.55, 3.43, 3.18, 2.88, 2.58, 1.95, 1.59, 2.19, 2.13, 1.92, 1.77, 1.76, 2.27, 2.79, 2.95, 3.01, 3.04, 2.36, 2.2, 2.18, 1.72, 1.92, 1.96, 1.45, 2.34, 3.27, 3.31, 2.92, 3.58, 3.87, 3.91, 3.55, 2.8, 2.69, 2.25, 2.07, 1.9, 1.7, 1.78, 1.91, 1.71, 1.85, 1.66, 0.94, 0, 0.88, 1.16, 1.23, 1.37, 1.56, 1.49, 1.23, 1.6, 2.41, 2.49, 2.27, 2.22, 2.06, 1.98, 2.41, 1.91, 1.27, 1.4, 1.43, 2.22], [6.33, 6.61, 6.12, 5.01, 4.58, 4.57, 4.67, 4.64, 4.16, 5.01, 5.75, 6.16, 6.49, 6.41, 5.96, 5.81, 5.64, 5.62, 4.78, 4.44, 3.71, 3.43, 3.31, 3.22, 3.1, 2.74, 2.01, 1.61, 2.21, 2.11, 2.12, 1.99, 1.74, 2.33, 2.95, 3.11, 3.31, 3.28, 2.54, 2.42, 2.36, 1.92, 2.24, 2.36, 1.37, 2.1, 3.01, 3.09, 2.6, 3.24, 3.51, 3.51, 3.15, 2.54, 2.35, 1.95, 1.77, 1.84, 1.7, 1.86, 1.77, 1.67, 1.87, 1.58, 1.12, 0.88, 0, 0.96, 1.17, 1.55, 1.62, 1.53, 1.05, 1.24, 1.99, 2.25, 2.11, 2.2, 2.1, 1.98, 2.39, 1.95, 1.13, 1.16, 1.83, 2.74], [6.41, 6.65, 6.18, 4.91, 4.76, 4.63, 4.61, 4.58, 4.1, 4.99, 5.69, 6.08, 6.47, 6.35, 5.9, 5.75, 5.58, 5.58, 4.74, 4.44, 3.75, 3.51, 3.41, 3.3, 3.08, 2.7, 1.91, 1.47, 1.89, 1.83, 1.78, 1.67, 1.52, 1.99, 2.33, 2.49, 2.69, 2.66, 2.02, 1.94, 1.68, 1.38, 1.66, 1.84, 1.09, 2.26, 2.85, 3.07, 2.54, 3.02, 3.25, 3.31, 2.97, 2.42, 2.25, 1.99, 1.77, 1.66, 1.7, 1.62, 1.35, 1.83, 2.01, 1.68, 1.14, 1.16, 0.96, 0, 1.01, 1.47, 1.52, 1.59, 1.37, 1.56, 2.01, 1.95, 1.79, 1.78, 1.68, 1.58, 2.07, 1.67, 1.41, 1.34, 1.71, 2.74], [6.64, 7.02, 6.47, 5.48, 5.13, 5.14, 5.16, 5.13, 4.71, 5.56, 6.28, 6.69, 7.0, 6.94, 6.49, 6.34, 6.17, 6.19, 5.35, 5.11, 4.32, 4.2, 4.08, 3.83, 3.63, 3.27, 2.5, 1.74, 2.1, 1.96, 2.29, 2.2, 1.83, 2.26, 2.74, 2.68, 3.06, 3.23, 2.41, 2.11, 1.97, 1.45, 1.81, 2.03, 1.06, 2.31, 2.84, 2.86, 2.55, 3.09, 3.3, 3.42, 3.06, 2.43, 2.36, 2.08, 1.98, 1.85, 2.09, 2.03, 1.78, 2.36, 2.48, 2.39, 1.57, 1.23, 1.17, 1.01, 0, 0.86, 0.95, 1.08, 1.1, 1.67, 2.1, 1.94, 1.76, 1.77, 1.67, 1.65, 2.0, 1.9, 1.26, 1.71, 2.16, 2.99], [6.92, 7.32, 6.73, 5.78, 5.59, 5.64, 5.6, 5.47, 5.07, 6.04, 6.64, 7.11, 7.46, 7.4, 6.91, 6.74, 6.57, 6.65, 5.81, 5.69, 4.88, 4.72, 4.58, 4.31, 4.09, 3.75, 3.06, 2.1, 1.94, 2.1, 2.33, 2.28, 1.83, 2.46, 2.8, 2.78, 3.04, 3.37, 2.49, 2.17, 1.99, 1.47, 1.91, 2.09, 1.26, 2.43, 2.78, 2.7, 2.57, 3.11, 3.32, 3.3, 2.92, 2.25, 2.28, 2.18, 2.04, 2.13, 2.55, 2.57, 2.18, 2.84, 3.04, 2.85, 1.89, 1.37, 1.55, 1.47, 0.86, 0, 0.69, 0.84, 1.14, 1.63, 2.02, 1.74, 1.56, 1.51, 1.41, 1.49, 1.86, 1.8, 1.4, 1.99, 2.46, 3.13], [7.25, 7.63, 7.08, 6.11, 5.78, 5.81, 5.83, 5.8, 5.34, 6.23, 6.91, 7.32, 7.67, 7.61, 7.14, 6.99, 6.82, 6.84, 6.0, 5.74, 4.99, 4.81, 4.69, 4.44, 4.3, 3.96, 3.13, 2.21, 2.01, 1.97, 2.58, 2.65, 2.06, 2.47, 2.81, 2.71, 3.13, 3.32, 2.82, 2.56, 2.34, 1.76, 2.12, 2.22, 1.39, 2.42, 2.69, 2.41, 2.54, 3.06, 3.25, 3.17, 2.71, 2.08, 2.23, 2.23, 2.15, 2.22, 2.64, 2.64, 2.25, 2.93, 3.05, 2.98, 2.08, 1.56, 1.62, 1.52, 0.95, 0.69, 0, 0.71, 1.31, 1.72, 1.97, 1.77, 1.61, 1.76, 1.44, 1.36, 1.79, 1.87, 1.55, 2.08, 2.77, 3.54], [7.3, 7.7, 7.11, 6.04, 5.51, 5.56, 5.66, 5.69, 5.21, 5.94, 6.82, 7.21, 7.44, 7.38, 7.01, 6.84, 6.67, 6.59, 5.75, 5.51, 4.72, 4.68, 4.58, 4.13, 4.11, 3.75, 2.88, 2.1, 2.06, 2.0, 2.59, 2.64, 2.03, 2.36, 2.86, 2.92, 3.26, 3.47, 2.87, 2.63, 2.49, 1.95, 2.27, 2.41, 1.4, 2.19, 2.72, 2.48, 2.39, 3.11, 3.34, 3.3, 2.82, 2.15, 2.2, 2.0, 1.92, 1.97, 2.37, 2.37, 2.04, 2.6, 2.96, 2.81, 1.79, 1.49, 1.53, 1.59, 1.08, 0.84, 0.71, 0, 0.82, 1.31, 1.7, 1.72, 1.68, 1.73, 1.53, 1.35, 1.84, 1.62, 1.18, 1.75, 2.7, 3.57], [6.98, 7.36, 6.79, 5.68, 5.09, 5.12, 5.26, 5.33, 4.85, 5.48, 6.46, 6.85, 6.98, 6.9, 6.61, 6.4, 6.27, 6.19, 5.33, 5.01, 4.24, 4.16, 4.0, 3.69, 3.65, 3.29, 2.44, 1.9, 2.28, 2.14, 2.49, 2.42, 1.89, 2.36, 3.0, 3.16, 3.46, 3.65, 2.73, 2.51, 2.41, 2.05, 2.37, 2.57, 1.42, 2.01, 2.82, 2.8, 2.43, 3.07, 3.3, 3.36, 3.0, 2.35, 2.26, 1.9, 1.74, 1.73, 1.91, 1.93, 1.76, 2.02, 2.48, 2.33, 1.49, 1.23, 1.05, 1.37, 1.1, 1.14, 1.31, 0.82, 0, 1.11, 1.78, 1.9, 1.82, 1.79, 1.73, 1.65, 2.08, 1.78, 0.84, 1.37, 2.34, 3.23], [7.33, 7.59, 7.1, 5.69, 5.32, 5.17, 5.33, 5.38, 4.86, 5.47, 6.47, 6.86, 7.09, 6.97, 6.66, 6.45, 6.28, 6.2, 5.36, 4.84, 4.21, 3.87, 3.93, 3.72, 3.72, 3.34, 2.31, 1.83, 2.33, 2.33, 2.58, 2.51, 2.0, 2.57, 3.27, 3.39, 3.75, 3.84, 2.98, 2.84, 2.74, 2.26, 2.76, 3.0, 1.71, 1.46, 2.29, 2.39, 1.84, 2.54, 2.79, 2.85, 2.45, 1.78, 1.79, 1.55, 1.35, 1.34, 1.5, 1.7, 1.63, 1.67, 2.29, 2.18, 1.48, 1.6, 1.24, 1.56, 1.67, 1.63, 1.72, 1.31, 1.11, 0, 1.35, 1.91, 1.89, 1.98, 1.9, 1.72, 2.15, 1.71, 1.01, 0.88, 2.35, 3.52], [8.16, 8.4, 7.89, 6.36, 5.99, 5.84, 6.08, 6.01, 5.47, 5.62, 6.82, 7.37, 7.56, 7.22, 7.23, 6.76, 6.59, 6.25, 5.45, 4.79, 4.16, 4.1, 4.02, 3.81, 3.85, 3.37, 2.74, 2.06, 2.18, 2.22, 2.89, 2.74, 2.15, 2.3, 3.06, 3.34, 3.9, 4.01, 3.17, 3.03, 2.91, 2.45, 3.01, 3.31, 1.94, 1.77, 2.08, 1.9, 1.21, 1.81, 2.02, 2.1, 1.78, 1.47, 1.78, 1.62, 1.78, 1.91, 2.29, 2.45, 1.94, 2.68, 3.34, 2.85, 2.17, 2.41, 1.99, 2.01, 2.1, 2.02, 1.97, 1.7, 1.78, 1.35, 0, 1.18, 1.24, 1.47, 1.69, 1.67, 1.78, 1.74, 1.66, 1.59, 3.04, 4.35], [8.12, 8.36, 7.85, 6.36, 6.03, 5.84, 6.08, 6.03, 5.53, 5.72, 6.8, 7.33, 7.46, 7.16, 7.15, 6.7, 6.49, 6.13, 5.33, 4.71, 4.06, 4.18, 4.04, 3.71, 3.81, 3.33, 2.86, 2.22, 1.98, 2.02, 2.79, 2.74, 2.05, 2.02, 2.64, 2.76, 3.42, 3.69, 3.03, 2.87, 2.61, 2.25, 2.73, 3.07, 1.82, 2.49, 2.42, 2.26, 1.63, 2.17, 2.2, 2.24, 1.94, 1.69, 1.98, 1.96, 2.1, 2.21, 2.53, 2.61, 2.06, 2.98, 3.58, 3.07, 2.27, 2.49, 2.25, 1.95, 1.94, 1.74, 1.77, 1.72, 1.9, 1.91, 1.18, 0, 0.74, 0.93, 1.09, 1.29, 1.34, 1.7, 1.78, 1.93, 3.02, 4.33], [7.8, 8.06, 7.53, 6.02, 5.73, 5.54, 5.76, 5.67, 5.13, 5.4, 6.42, 6.95, 7.14, 6.82, 6.81, 6.34, 6.13, 5.85, 5.03, 4.63, 3.86, 4.06, 3.92, 3.53, 3.43, 3.01, 2.54, 1.96, 1.84, 1.68, 2.55, 2.36, 1.73, 1.82, 2.28, 2.46, 3.12, 3.37, 2.65, 2.45, 2.29, 1.93, 2.39, 2.67, 1.62, 2.35, 2.46, 2.38, 1.85, 2.17, 2.4, 2.34, 1.94, 1.71, 1.94, 1.82, 1.94, 2.03, 2.39, 2.33, 1.82, 2.8, 3.38, 2.89, 2.03, 2.27, 2.11, 1.79, 1.76, 1.56, 1.61, 1.68, 1.82, 1.89, 1.24, 0.74, 0, 0.67, 0.87, 0.97, 1.02, 1.38, 1.64, 1.77, 2.72, 4.03], [7.61, 7.87, 7.3, 5.89, 5.72, 5.47, 5.65, 5.5, 5.08, 5.35, 6.33, 6.74, 6.95, 6.65, 6.6, 6.15, 5.96, 5.8, 4.98, 4.7, 3.93, 4.09, 3.95, 3.6, 3.4, 2.96, 2.51, 2.03, 1.87, 1.65, 2.36, 2.29, 1.72, 1.73, 2.21, 2.41, 3.07, 3.28, 2.5, 2.28, 2.08, 1.76, 2.32, 2.68, 1.73, 2.46, 2.63, 2.67, 2.1, 2.26, 2.53, 2.45, 2.11, 1.9, 1.95, 1.93, 1.99, 2.12, 2.5, 2.34, 1.93, 2.91, 3.43, 2.92, 2.12, 2.22, 2.2, 1.78, 1.77, 1.51, 1.76, 1.73, 1.79, 1.98, 1.47, 0.93, 0.67, 0, 0.86, 1.02, 1.13, 1.29, 1.73, 1.94, 2.59, 3.88], [7.39, 7.63, 7.06, 5.69, 5.42, 5.23, 5.49, 5.48, 4.96, 5.37, 6.31, 6.72, 6.87, 6.65, 6.54, 6.17, 6.02, 5.86, 5.08, 4.92, 4.23, 4.35, 4.19, 3.86, 3.46, 3.0, 2.49, 2.03, 1.85, 1.53, 2.18, 2.27, 1.8, 1.55, 1.97, 2.07, 2.71, 2.98, 2.42, 2.14, 1.88, 1.58, 2.04, 2.26, 1.67, 2.48, 2.59, 2.51, 2.24, 2.84, 2.97, 2.85, 2.35, 1.88, 2.05, 1.91, 2.01, 2.22, 2.46, 2.32, 1.91, 2.81, 3.31, 2.88, 2.04, 2.06, 2.1, 1.68, 1.67, 1.41, 1.44, 1.53, 1.73, 1.9, 1.69, 1.09, 0.8