[[0, 0.92, 0.72, 1.47, 2.13, 2.43, 2.83, 3.45, 3.58, 3.56, 3.65, 3.56, 3.65, 3.63, 3.47, 3.52, 4.24, 5.69, 6.75, 7.424, 7.431, 7.339, 7.161, 6.85, 6.101, 5.709, 5.688, 5.721, 6.178, 6.739, 6.598, 6.508, 6.098, 5.638, 5.358, 5.698, 5.998, 6.403, 6.582, 6.495, 6.614, 7.105, 6.844, 5.809, 3.911, 2.16, 2.21, 2.53, 2.69, 2.19, 1.84, 1.95, 3.043, 3.424, 3.922, 4.121, 4.151, 4.381, 4.771, 5.069, 4.966, 4.855, 4.547, 4.105, 4.238, 5.058, 6.74, 6.857, 6.153, 6.767, 6.752, 6.156, 7.146, 8.82, 8.975, 7.772, 6.29, 5.82, 5.11, 4.75, 4.83, 4.75, 4.44, 4.26, 3.88, 3.8], [0.92, 0, 0.96, 2.016, 2.35, 2.31, 2.59, 3.27, 3.42, 3.34, 3.37, 3.12, 3.19, 3.27, 2.99, 2.96, 3.66, 5.119, 6.167, 6.81, 6.808, 6.722, 6.552, 6.255, 5.515, 5.14, 5.108, 5.161, 5.618, 6.17, 6.038, 5.959, 5.549, 5.118, 4.818, 5.138, 5.449, 5.802, 6.108, 6.056, 6.061, 6.544, 6.284, 5.339, 3.411, 1.88, 2.09, 2.19, 2.23, 1.89, 2.06, 2.622, 3.686, 4.085, 4.645, 4.847, 4.871, 5.135, 5.497, 5.772, 5.644, 5.618, 5.287, 4.819, 4.932, 5.741, 7.303, 7.457, 6.755, 7.464, 7.464, 6.808, 7.789, 9.498, 9.589, 8.332, 6.821, 6.34, 5.63, 5.25, 5.45, 5.41, 5.06, 4.84, 4.54, 4.32], [0.72, 0.96, 0, 1.49, 1.97, 2.17, 2.71, 3.21, 3.34, 3.34, 3.43, 3.32, 3.51, 3.47, 3.39, 3.54, 4.251, 5.718, 6.812, 7.455, 7.479, 7.391, 7.175, 6.884, 6.118, 5.775, 5.722, 5.755, 6.212, 6.767, 6.646, 6.576, 6.166, 5.706, 5.392, 5.732, 6.072, 6.482, 6.67, 6.604, 6.741, 7.124, 6.85, 5.879, 3.907, 2.1, 2.11, 2.37, 2.45, 2.03, 1.74, 1.965, 3.072, 3.524, 4.042, 4.249, 4.274, 4.541, 4.914, 5.181, 5.049, 5.015, 4.744, 4.265, 4.367, 5.218, 6.84, 7.017, 6.273, 6.887, 6.861, 6.165, 7.163, 8.903, 8.975, 7.718, 6.21, 5.74, 5.03, 4.71, 4.91, 4.91, 4.58, 4.42, 4.08, 4.02], [1.47, 2.016, 1.49, 0, 1.52, 2.44, 3.28, 3.62, 3.25, 3.17, 3.56, 4.161, 4.574, 4.531, 4.354, 4.684, 5.507, 7.017, 8.054, 8.668, 8.721, 8.606, 8.468, 8.08, 7.309, 6.934, 6.878, 6.926, 7.383, 7.944, 7.811, 7.732, 7.334, 6.874, 6.554, 6.894, 7.254, 7.632, 7.844, 7.75, 7.894, 8.309, 8.054, 7.056, 4.978, 3.034, 2.62, 2.98, 3.277, 2.68, 1.91, 1.14, 1.75, 2.16, 2.72, 2.899, 2.972, 3.225, 3.623, 3.865, 3.745, 3.756, 3.57, 2.98, 3.21, 4.07, 5.72, 5.82, 5.25, 5.722, 5.587, 4.972, 5.819, 7.57, 7.78, 6.64, 5.36, 4.87, 4.26, 4.0, 3.88, 4.0, 3.91, 3.77, 3.47, 3.39], [2.13, 2.35, 1.97, 1.52, 0, 1.9, 2.82, 3.12, 2.55, 2.47, 3.26, 3.981, 4.291, 4.228, 4.073, 4.381, 5.173, 6.801, 7.895, 8.584, 8.531, 8.406, 8.217, 7.92, 7.15, 6.74, 6.667, 6.7, 7.163, 7.756, 7.562, 7.497, 7.085, 6.61, 6.343, 6.695, 7.049, 7.482, 7.713, 7.615, 7.808, 8.26, 7.926, 6.982, 4.861, 2.91, 2.56, 2.869, 3.143, 2.44, 2.19, 1.7, 2.33, 2.56, 2.98, 3.07, 3.1, 3.27, 3.74, 4.09, 3.99, 3.69, 3.61, 3.24, 3.31, 4.11, 5.78, 5.92, 5.09, 5.59, 5.67, 5.08, 6.25, 7.83, 8.14, 7.08, 5.76, 5.29, 4.68, 4.42, 4.36, 4.3, 4.15, 4.03, 3.71, 3.67], [2.43, 2.31, 2.17, 2.44, 1.9, 0, 1.4, 1.84, 1.71, 1.65, 1.78, 2.495, 2.745, 2.642, 2.548, 2.957, 3.666, 5.148, 6.345, 6.985, 6.989, 6.893, 6.688, 6.389, 5.651, 5.186, 5.119, 5.126, 5.583, 6.174, 5.968, 5.906, 5.556, 5.168, 5.076, 5.256, 5.676, 6.266, 6.569, 6.632, 6.788, 6.978, 6.701, 5.762, 3.916, 1.97, 1.74, 1.74, 1.9, 1.64, 1.91, 2.62, 3.87, 4.14, 4.6, 4.79, 4.78, 5.01, 5.44, 5.77, 5.65, 5.45, 5.11, 4.7, 4.75, 5.49, 7.22, 7.34, 6.45, 7.17, 7.37, 6.72, 7.95, 9.59, 9.86, 8.64, 7.26, 6.85, 6.2, 5.9, 5.94, 5.72, 5.35, 5.17, 4.89, 4.75], [2.83, 2.59, 2.71, 3.28, 2.82, 1.4, 0, 0.94, 1.47, 1.87, 1.6, 1.57, 1.88, 1.66, 1.5, 2.11, 2.604, 4.235, 5.353, 5.994, 5.912, 5.813, 5.638, 5.331, 4.619, 4.077, 3.987, 4.02, 4.578, 5.106, 4.893, 4.906, 4.596, 4.422, 4.462, 4.502, 4.922, 5.552, 6.015, 6.25, 6.347, 6.279, 5.881, 5.261, 3.494, 1.71, 1.58, 1.58, 1.8, 1.88, 2.35, 3.54, 4.81, 5.1, 5.58, 5.73, 5.72, 5.95, 6.46, 6.79, 6.65, 6.37, 5.93, 5.58, 5.63, 6.43, 8.291, 8.4, 7.45, 8.23, 8.33, 7.78, 8.93, 10.51, 10.86, 9.68, 8.3, 7.89, 7.24, 6.94, 6.88, 6.56, 6.19, 5.95, 5.73, 5.57], [3.45, 3.27, 3.21, 3.62, 3.12, 1.84, 0.94, 0, 0.85, 1.33, 1.46, 1.45, 1.84, 1.72, 1.88, 2.53, 3.03, 4.09, 5.158, 5.796, 5.722, 5.582, 5.485, 5.245, 4.535, 4.022, 3.756, 3.771, 4.287, 4.838, 4.799, 4.869, 4.771, 4.908, 4.868, 4.742, 5.282, 5.892, 6.412, 6.73, 6.767, 6.648, 6.392, 5.724, 4.034, 2.25, 1.98, 2.1, 2.1, 2.5, 2.73, 3.9, 5.13, 5.42, 5.9, 6.05, 6.0, 6.23, 6.74, 7.07, 6.93, 6.69, 6.25, 5.88, 5.95, 6.71, 8.58, 8.7, 7.77, 8.53, 8.61, 8.06, 9.21, 10.83, 11.16, 10.0, 8.68, 8.23, 7.62, 7.34, 7.24, 6.92, 6.51, 6.35, 6.09, 5.95], [3.58, 3.42, 3.34, 3.25, 2.55, 1.71, 1.47, 0.85, 0, 0.8, 1.43, 1.92, 2.33, 2.29, 2.47, 3.26, 3.768, 4.752, 5.838, 6.453, 6.407, 6.227, 6.167, 6.014, 5.311, 4.755, 4.419, 4.412, 4.928, 5.519, 5.464, 5.648, 5.501, 5.624, 5.506, 5.406, 5.944, 6.576, 7.036, 7.251, 7.317, 7.292, 7.079, 6.296, 4.561, 2.5, 1.91, 2.03, 2.15, 2.41, 2.46, 3.43, 4.46, 4.77, 5.25, 5.38, 5.33, 5.56, 6.07, 6.4, 6.26, 6.02, 5.6, 5.21, 5.28, 6.06, 7.93, 8.03, 7.1, 7.88, 7.96, 7.41, 8.56, 10.16, 10.49, 9.41, 8.11, 7.66, 7.05, 6.79, 6.67, 6.33, 6.0, 5.8, 5.54, 5.38], [3.56, 3.34, 3.34, 3.17, 2.47, 1.65, 1.87, 1.33, 0.8, 0, 1.21, 2.0, 2.43, 2.39, 2.49, 3.3, 3.968, 5.063, 6.114, 6.658, 6.593, 6.438, 6.369, 6.071, 5.368, 4.869, 4.594, 4.627, 5.091, 5.692, 5.567, 5.685, 5.541, 5.664, 5.546, 5.466, 5.964, 6.596, 7.076, 7.259, 7.421, 7.351, 7.132, 6.351, 4.601, 2.74, 1.79, 1.87, 1.91, 2.23, 2.28, 3.17, 4.22, 4.45, 4.91, 5.04, 5.01, 5.24, 5.83, 6.099, 5.98, 5.7, 5.44, 5.03, 5.0, 5.8, 7.695, 7.726, 6.9, 7.62, 7.68, 7.25, 8.26, 9.8, 10.19, 9.05, 7.83, 7.38, 6.75, 6.49, 6.21, 5.89, 5.62, 5.46, 5.18, 4.92], [3.65, 3.37, 3.43, 3.56, 3.26, 1.78, 1.6, 1.46, 1.43, 1.21, 0, 1.23, 1.58, 1.6, 1.78, 2.61, 3.318, 4.478, 5.564, 6.079, 6.014, 5.811, 5.747, 5.442, 4.598, 3.885, 3.748, 3.781, 4.288, 4.831, 4.672, 4.735, 4.674, 4.882, 4.842, 4.882, 5.262, 5.912, 6.375, 6.638, 7.021, 6.831, 6.512, 5.775, 3.942, 2.49, 1.78, 1.58, 1.68, 2.16, 2.33, 3.68, 4.95, 5.24, 5.68, 5.85, 5.78, 6.05, 6.691, 6.969, 6.846, 6.55, 6.11, 5.76, 5.81, 6.643, 8.521, 8.576, 7.766, 8.461, 8.53, 8.093, 9.052, 10.57, 11.06, 9.8, 8.44, 8.01, 7.34, 7.08, 6.72, 6.44, 6.03, 5.83, 5.55, 5.37], [3.56, 3.12, 3.32, 4.161, 3.981, 2.495, 1.57, 1.45, 1.92, 2.0, 1.23, 0, 0.93, 0.83, 1.07, 1.92, 2.62, 3.7, 4.714, 5.257, 5.175, 5.044, 4.841, 4.441, 3.704, 3.046, 2.915, 2.908, 3.485, 4.035, 3.886, 3.92, 3.898, 4.31, 4.33, 4.33, 4.73, 5.245, 5.845, 6.154, 6.477, 6.252, 5.856, 5.251, 3.481, 2.18, 1.79, 1.51, 1.31, 2.21, 2.7, 4.436, 5.728, 6.044, 6.533, 6.671, 6.627, 6.857, 7.481, 7.748, 7.639, 7.357, 6.909, 6.561, 6.597, 7.477, 9.326, 9.346, 8.556, 9.271, 9.337, 8.891, 9.854, 11.386, 11.82, 10.569, 9.11, 8.66, 7.95, 7.63, 7.43, 7.07, 6.64, 6.38, 6.22, 6.0], [3.65, 3.19, 3.51, 4.574, 4.291, 2.745, 1.88, 1.84, 2.33, 2.43, 1.58, 0.93, 0, 0.46, 1.0, 1.67, 2.21, 3.219, 4.225, 4.761, 4.75, 4.59, 4.478, 4.191, 3.288, 2.631, 2.577, 2.59, 3.222, 3.712, 3.56, 3.67, 3.608, 3.98, 4.04, 4.02, 4.42, 4.975, 5.535, 5.844, 6.081, 5.956, 5.543, 4.958, 3.14, 2.23, 2.22, 1.8, 1.54, 2.32, 3.07, 4.829, 6.181, 6.497, 6.986, 7.124, 7.08, 7.31, 7.854, 8.181, 8.053, 7.75, 7.302, 6.974, 7.01, 7.864, 9.713, 9.782, 8.927, 9.647, 9.71, 9.291, 10.327, 11.839, 12.205, 10.91, 9.42, 8.95, 8.24, 7.88, 7.82, 7.52, 6.95, 6.73, 6.55, 6.39], [3.63, 3.27, 3.47, 4.531, 4.228, 2.642, 1.66, 1.72, 2.29, 2.39, 1.6, 0.83, 0.46, 0, 0.82, 1.57, 2.19, 3.239, 4.261, 4.822, 4.739, 4.599, 4.461, 4.151, 3.282, 2.673, 2.617, 2.61, 3.247, 3.752, 3.551, 3.59, 3.608, 3.96, 4.02, 4.0, 4.36, 4.918, 5.498, 5.847, 6.127, 5.968, 5.535, 4.964, 3.22, 2.29, 2.24, 1.8, 1.56, 2.34, 3.03, 4.78, 6.127, 6.434, 6.94, 7.081, 7.017, 7.247, 7.791, 8.141, 7.99, 7.707, 7.242, 6.951, 6.967, 7.801, 9.65, 9.728, 8.904, 9.604, 9.647, 9.231, 10.267, 11.776, 12.171, 10.882, 9.42, 8.97, 8.28, 7.92, 7.84, 7.5, 6.95, 6.77, 6.59, 6.43], [3.47, 2.99, 3.39, 4.354, 4.073, 2.548, 1.5, 1.88, 2.47, 2.49, 1.78, 1.07, 1.0, 0.82, 0, 1.15, 1.89, 3.375, 4.442, 5.008, 4.957, 4.79, 4.623, 4.202, 3.371, 2.867, 2.837, 2.77, 3.327, 3.857, 3.643, 3.613, 3.348, 3.448, 3.528, 3.528, 3.925, 4.435, 5.013, 5.476, 5.776, 5.506, 5.107, 4.47, 2.86, 2.11, 2.1, 1.64, 1.48, 2.3, 2.95, 4.68, 5.93, 6.237, 6.723, 6.856, 6.792, 7.022, 7.677, 7.921, 7.83, 7.539, 7.104, 6.737, 6.779, 7.65, 9.53, 9.568, 8.738, 9.452, 9.502, 9.065, 10.07, 11.599, 12.042, 10.742, 9.28, 8.83, 8.18, 7.82, 7.64, 7.3, 6.75, 6.59, 6.41, 6.23], [3.52, 2.96, 3.54, 4.684, 4.381, 2.957, 2.11, 2.53, 3.26, 3.3, 2.61, 1.92, 1.67, 1.57, 1.15, 0, 1.34, 2.914, 4.022, 4.582, 4.525, 4.347, 4.18, 3.812, 2.987, 2.452, 2.407, 2.48, 2.937, 3.482, 3.284, 3.214, 2.944, 2.71, 2.77, 2.97, 3.25, 3.788, 4.154, 4.583, 5.02, 4.898, 4.348, 3.677, 2.03, 2.18, 2.59, 2.21, 2.01, 2.49, 3.52, 4.959, 6.28, 6.587, 7.073, 7.226, 7.167, 7.397, 7.981, 8.271, 8.16, 7.849, 7.434, 7.067, 7.109, 7.94, 9.869, 9.921, 9.028, 9.762, 9.817, 9.401, 10.42, 11.949, 12.324, 11.012, 9.518, 9.04, 8.39, 8.01, 7.95, 7.63, 7.06, 6.92, 6.7, 6.5], [4.24, 3.66, 4.251, 5.507, 5.173, 3.666, 2.604, 3.03, 3.768, 3.968, 3.318, 2.62, 2.21, 2.19, 1.89, 1.34, 0, 1.93, 3.099, 3.755, 3.658, 3.529, 3.376, 3.031, 2.422, 2.03, 2.1, 1.99, 2.285, 2.759, 2.589, 2.579, 2.31, 2.21, 2.17, 2.23, 2.65, 3.2, 3.78, 4.149, 4.269, 4.139, 3.654, 3.054, 1.97, 2.76, 3.29, 2.87, 2.59, 3.09, 4.06, 5.682, 7.128, 7.45, 7.944, 8.086, 8.054, 8.281, 8.824, 9.137, 9.006, 8.727, 8.264, 7.954, 7.987, 8.843, 10.678, 10.791, 9.853, 10.661, 10.669, 10.127, 11.26, 12.797, 13.138, 11.828, 10.166, 9.711, 9.029, 8.621, 8.75, 8.45, 8.02, 7.74, 7.5, 7.26], [5.69, 5.119, 5.718, 7.017, 6.801, 5.148, 4.235, 4.09, 4.752, 5.063, 4.478, 3.7, 3.219, 3.239, 3.375, 2.914, 1.93, 0, 1.41, 1.98, 1.98, 1.94, 1.99, 1.88, 1.46, 1.32, 1.77, 1.66, 1.22, 1.59, 1.84, 1.99, 1.88, 2.14, 2.18, 2.06, 2.34, 2.85, 3.61, 4.29, 4.282, 4.092, 3.599, 3.09, 2.78, 4.25, 4.826, 4.464, 4.215, 4.713, 5.765, 7.352, 8.707, 9.038, 9.561, 9.765, 9.767, 10.0, 10.421, 10.719, 10.614, 10.449, 10.04, 9.636, 9.714, 10.509, 12.25, 12.324, 11.463, 12.28, 12.383, 11.698, 12.819, 14.459, 14.625, 13.339, 11.65, 11.201, 10.476, 10.091, 10.349, 10.189, 9.768, 9.505, 9.242, 8.922], [6.75, 6.167, 6.812, 8.054, 7.895, 6.345, 5.353, 5.158, 5.838, 6.114, 5.564, 4.714, 4.225, 4.261, 4.442, 4.022, 3.099, 1.41, 0, 0.94, 1.03, 0.99, 1.22, 1.35, 1.61, 1.99, 2.36, 2.43, 1.81, 1.34, 1.69, 1.96, 2.11, 2.29, 2.55, 2.43, 2.55, 2.76, 3.08, 3.76, 3.72, 3.57, 3.06, 2.58, 3.59, 5.364, 5.886, 5.598, 5.312, 5.863, 6.879, 8.481, 9.729, 10.063, 10.589, 10.793, 10.812, 11.031, 11.446, 11.759, 11.644, 11.476, 11.1, 10.672, 10.76, 11.542, 13.321, 13.39, 12.617, 13.32, 13.404, 12.84, 13.823, 15.464, 15.627, 14.332, 12.737, 12.259, 11.54, 11.228, 11.374, 11.232, 10.813, 10.527, 10.27, 9.953], [7.424, 6.81, 7.455, 8.668, 8.584, 6.985, 5.994, 5.796, 6.453, 6.658, 6.079, 5.257, 4.761, 4.822, 5.008, 4.582, 3.755, 1.98, 0.94, 0, 0.59, 0.85, 1.44, 1.57, 1.87, 2.383, 2.58, 2.71, 2.09, 1.56, 1.97, 2.18, 2.29, 2.57, 2.81, 2.61, 2.55, 2.66, 2.92, 3.54, 3.66, 3.47, 2.98, 2.58, 4.137, 6.015, 6.484, 6.133, 5.828, 6.467, 7.506, 9.112, 10.315, 10.688, 11.198, 11.402, 11.413, 11.64, 12.095, 12.385, 12.25, 12.106, 11.754, 11.301, 11.369, 12.171, 13.984, 14.004, 13.298, 14.009, 14.053, 13.529, 14.413, 16.07, 16.296, 14.989, 13.432, 12.922, 12.226, 11.861, 11.971, 11.826, 11.393, 11.127, 10.864, 10.544], [7.431, 6.808, 7.479, 8.721, 8.531, 6.989, 5.912, 5.722, 6.407, 6.593, 6.014, 5.175, 4.75, 4.739, 4.957, 4.525, 3.658, 1.98, 1.03, 0.59, 0, 0.58, 1.17, 1.24, 1.74, 2.32, 2.51, 2.48, 1.94, 1.47, 1.96, 2.13, 2.22, 2.56, 2.74, 2.62, 2.62, 2.79, 3.09, 3.69, 3.77, 3.58, 3.01, 2.61, 4.107, 5.962, 6.451, 6.094, 5.752, 6.388, 7.421, 9.079, 10.371, 10.71, 11.219, 11.389, 11.397, 11.627, 12.119, 12.449, 12.292, 12.053, 11.673, 11.289, 11.336, 12.139, 13.993, 14.049, 13.245, 13.956, 13.998, 13.527, 14.465, 16.054, 16.308, 15.002, 13.453, 12.966, 12.265, 11.879, 11.995, 11.793, 11.363, 11.097, 10.834, 10.514], [7.339, 6.722, 7.391, 8.606, 8.406, 6.893, 5.813, 5.582, 6.227, 6.438, 5.811, 5.044, 4.59, 4.599, 4.79, 4.347, 3.529, 1.94, 0.99, 0.85, 0.58, 0, 0.89, 1.12, 1.58, 2.22, 2.51, 2.34, 1.76, 1.39, 1.96, 2.21, 2.28, 2.64, 2.78, 2.76, 2.74, 2.85, 3.21, 3.81, 3.97, 3.78, 3.19, 2.81, 3.972, 5.871, 6.274, 5.994, 5.572, 6.288, 7.261, 8.983, 10.242, 10.584, 11.088, 11.258, 11.277, 11.495, 11.993, 12.318, 12.163, 11.924, 11.533, 11.126, 11.207, 11.993, 13.87, 13.931, 13.145, 13.847, 13.889, 13.418, 14.348, 15.94, 16.202, 14.907, 13.356, 12.869, 12.173, 11.791, 11.873, 11.645, 11.175, 10.94, 10.683, 10.405], [7.161, 6.552, 7.175, 8.468, 8.217, 6.688, 5.638, 5.485, 6.167, 6.369, 5.747, 4.841, 4.478, 4.461, 4.623, 4.18, 3.376, 1.99, 1.22, 1.44, 1.17, 0.89, 0, 0.77, 1.49, 2.09, 2.5, 2.29, 1.87, 1.64, 2.07, 2.26, 2.47, 2.75, 2.95, 2.87, 2.83, 2.94, 3.54, 4.16, 4.26, 4.13, 3.56, 3.12, 3.95, 5.681, 6.163, 5.852, 5.471, 6.118, 7.095, 8.798, 10.078, 10.417, 10.961, 11.123, 11.133, 11.363, 11.821, 12.154, 12.005, 11.786, 11.371, 10.979, 11.076, 11.846, 13.683, 13.769, 12.954, 13.673, 13.731, 13.221, 14.198, 15.793, 16.038, 14.741, 13.172, 12.685, 12.001, 11.641, 11.751, 11.486, 11.014, 10.791, 10.541, 10.287], [6.85, 6.255, 6.884, 8.08, 7.92, 6.389, 5.331, 5.245, 6.014, 6.071, 5.442, 4.441, 4.191, 4.151, 4.202, 3.812, 3.031, 1.88, 1.35, 1.57, 1.24, 1.12, 0.77, 0, 1.22, 1.82, 2.25, 2.02, 1.62, 1.37, 1.72, 1.85, 2.02, 2.32, 2.52, 2.36, 2.36, 2.57, 3.41, 4.03, 4.23, 4.0, 3.43, 2.99, 3.48, 5.425, 5.758, 5.438, 5.065, 5.801, 6.747, 8.476, 9.685, 10.024, 10.545, 10.701, 10.711, 10.938, 11.476, 11.755, 11.623, 11.407, 11.021, 10.569, 10.671, 11.484, 13.347, 13.376, 12.619, 13.331, 13.372, 12.898, 13.816, 15.388, 15.716, 14.404, 12.824, 12.369, 11.693, 11.311, 11.343, 11.081, 10.589, 10.374, 10.131, 9.857], [6.101, 5.515, 6.118, 7.309, 7.15, 5.651, 4.619, 4.535, 5.311, 5.368, 4.598, 3.704, 3.288, 3.282, 3.371, 2.987, 2.422, 1.46, 1.61, 1.87, 1.74, 1.58, 1.49, 1.22, 0, 0.94, 1.63, 1.54, 1.18, 1.41, 1.7, 1.77, 1.7, 2.1, 2.44, 2.46, 2.48, 2.65, 3.31, 3.95, 4.31, 3.952, 3.359, 2.87, 2.9, 4.629, 4.995, 4.621, 4.324, 5.014, 6.013, 7.708, 8.928, 9.261, 9.77, 9.92, 9.89, 10.143, 10.752, 11.025, 10.897, 10.649, 10.219, 9.86, 9.913, 10.778, 12.624, 12.645, 11.866, 12.58, 12.6, 12.143, 13.05, 14.588, 14.953, 13.664, 12.118, 11.625, 10.912, 10.556, 10.518, 10.271, 9.749, 9.534, 9.282, 9.034], [5.709, 5.14, 5.775, 6.934, 6.74, 5.186, 4.077, 4.022, 4.755, 4.869, 3.885, 3.046, 2.631, 2.673, 2.867, 2.452, 2.03, 1.32, 1.99, 2.383, 2.32, 2.22, 2.09, 1.82, 0.94, 0, 0.93, 1.06, 1.08, 1.45, 1.58, 1.73, 1.82, 2.26, 2.44, 2.46, 2.66, 3.07, 3.65, 4.27, 4.65, 4.269, 3.844, 3.27, 2.6, 4.263, 4.526, 4.123, 3.858, 4.597, 5.53, 7.306, 8.538, 8.872, 9.32, 9.519, 9.458, 9.733, 10.334, 10.613, 10.487, 10.239, 9.797, 9.418, 9.485, 10.319, 12.179, 12.22, 11.436, 12.162, 12.199, 11.742, 12.692, 14.21, 14.624, 13.31, 11.729, 11.28, 10.567, 10.17, 10.123, 9.88, 9.282, 9.062, 8.839, 8.573], [5.688, 5.108, 5.722, 6.878, 6.667, 5.119, 3.987, 3.756, 4.419, 4.594, 3.748, 2.915, 2.577, 2.617, 2.837, 2.407, 2.1, 1.77, 2.36, 2.58, 2.51, 2.51, 2.5, 2.25, 1.63, 0.93, 0, 0.73, 1.09, 1.6, 1.97, 2.38, 2.49, 2.85, 2.99, 2.93, 3.15, 3.7, 4.34, 5.02, 5.38, 4.993, 4.574, 4.02, 2.87, 4.207, 4.496, 4.053, 3.788, 4.527, 5.46, 7.236, 8.499, 8.827, 9.276, 9.466, 9.405, 9.68, 10.281, 10.56, 10.434, 10.186, 9.744, 9.365, 9.432, 10.266, 12.135, 12.167, 11.383, 12.109, 12.152, 11.701, 12.636, 14.155, 14.568, 13.274, 11.754, 11.259, 10.591, 10.221, 10.127, 9.81, 9.252, 9.032, 8.8, 8.62], [5.721, 5.161, 5.755, 6.926, 6.7, 5.126, 4.02, 3.771, 4.412, 4.627, 3.781, 2.908, 2.59, 2.61, 2.77, 2.48, 1.99, 1.66, 2.43, 2.71, 2.48, 2.34, 2.29, 2.02, 1.54, 1.06, 0.73, 0, 0.94, 1.57, 1.98, 2.39, 2.54, 2.82, 3.0, 2.96, 3.14, 3.71, 4.41, 5.13, 5.49, 5.12, 4.63, 4.11, 2.98, 4.286, 4.534, 4.106, 3.803, 4.58, 5.493, 7.269, 8.532, 8.857, 9.329, 9.488, 9.426, 9.693, 10.308, 10.578, 10.461, 10.199, 9.763, 9.38, 9.445, 10.299, 12.168, 12.188, 11.396, 12.125, 12.176, 11.725, 12.675, 14.182, 14.616, 13.321, 11.767, 11.309, 10.619, 10.253, 10.14, 9.843, 9.274, 9.065, 8.85, 8.65], [6.178, 5.618, 6.212, 7.383, 7.163, 5.583, 4.578, 4.287, 4.928, 5.091, 4.288, 3.485, 3.222, 3.247, 3.327, 2.937, 2.285, 1.22, 1.81, 2.09, 1.94, 1.76, 1.87, 1.62, 1.18, 1.08, 1.09, 0.94, 0, 0.91, 1.46, 1.79, 1.94, 2.22, 2.34, 2.34, 2.44, 2.93, 3.83, 4.55, 4.93, 4.592, 3.99, 3.49, 3.1, 4.75, 5.0, 4.583, 4.258, 5.037, 5.968, 7.738, 8.992, 9.314, 9.806, 9.945, 9.903, 10.165, 10.765, 11.05, 10.93, 10.665, 10.231, 9.86, 9.914, 10.776, 12.625, 12.645, 11.853, 12.593, 12.633, 12.182, 13.138, 14.659, 15.073, 13.77, 12.203, 11.746, 11.012, 10.651, 10.594, 10.312, 9.771, 9.562, 9.31, 9.09], [6.739, 6.17, 6.767, 7.944, 7.756, 6.174, 5.106, 4.838, 5.519, 5.692, 4.831, 4.035, 3.712, 3.752, 3.857, 3.482, 2.759, 1.59, 1.34, 1.56, 1.47, 1.39, 1.64, 1.37, 1.41, 1.45, 1.6, 1.57, 0.91, 0, 0.87, 1.28, 1.53, 1.85, 2.11, 2.05, 2.13, 2.54, 3.16, 3.9, 4.36, 4.05, 3.48, 2.94, 3.29, 5.273, 5.536, 5.113, 4.847, 5.592, 6.545, 8.278, 9.542, 9.873, 10.333, 10.503, 10.463, 10.741, 11.327, 11.591, 11.471, 11.221, 10.813, 10.414, 10.464, 11.338, 13.198, 13.23, 12.438, 13.173, 13.189, 12.729, 13.699, 15.192, 15.637, 14.322, 12.742, 12.302, 11.597, 11.22, 11.144, 10.87, 10.281, 10.012, 9.789, 9.563], [6.598, 6.038, 6.646, 7.811, 7.562, 5.968, 4.893, 4.799, 5.464, 5.567, 4.672, 3.886, 3.56, 3.551, 3.643, 3.284, 2.589, 1.84, 1.69, 1.97, 1.96, 1.96, 2.07, 1.72, 1.7, 1.58, 1.97, 1.98, 1.46, 0.87, 0, 0.79, 1.18, 1.56, 2.04, 1.94, 2.16, 2.49, 2.87, 3.55, 4.01, 3.74, 3.17, 2.63, 3.24, 5.18, 5.406, 4.954, 4.657, 5.442, 6.335, 8.119, 9.401, 9.717, 10.171, 10.344, 10.283, 10.547, 11.159, 11.435, 11.324, 11.038, 10.604, 10.228, 10.281, 11.152, 13.016, 13.062, 12.237, 12.952, 13.015, 12.578, 13.564, 15.041, 15.51, 14.196, 12.604, 12.169, 11.435, 11.058, 10.989, 10.726, 10.119, 9.81, 9.63, 9.37], [6.508, 5.959, 6.576, 7.732, 7.497, 5.906, 4.906, 4.869, 5.648, 5.685, 4.735, 3.92, 3.67, 3.59, 3.613, 3.214, 2.579, 1.99, 1.96, 2.18, 2.13, 2.21, 2.26, 1.85, 1.77, 1.73, 2.38, 2.39, 1.79, 1.28, 0.79, 0, 0.87, 1.25, 1.59, 1.45, 1.63, 1.98, 2.4, 3.16, 3.62, 3.29, 2.68, 2.4, 3.17, 5.09, 5.336, 4.884, 4.607, 5.372, 6.265, 8.049, 9.331, 9.647, 10.098, 10.291, 10.219, 10.48, 11.106, 11.365, 11.271, 10.985, 10.537, 10.175, 10.228, 11.079, 12.943, 12.98, 12.164, 12.899, 12.951, 12.508, 13.491, 14.988, 15.437, 14.123, 12.533, 12.096, 11.37, 10.988, 10.919, 10.656, 10.049, 9.749, 9.563, 9.303], [6.098, 5.549, 6.166, 7.334, 7.085, 5.556, 4.596, 4.771, 5.501, 5.541, 4.674, 3.898, 3.608, 3.608, 3.348, 2.944, 2.31, 1.88, 2.11, 2.29, 2.22, 2.28, 2.47, 2.02, 1.7, 1.82, 2.49, 2.54, 1.94, 1.53, 1.18, 0.87, 0, 0.92, 1.28, 1.34, 1.5, 1.81, 2.15, 2.81, 3.27, 2.952, 2.39, 1.89, 2.6, 4.73, 4.96, 4.5, 4.38, 4.982, 6.014, 7.645, 8.924, 9.239, 9.694, 9.867, 9.806, 10.07, 10.682, 10.958, 10.847, 10.561, 10.13, 9.751, 9.813, 10.675, 12.538, 12.585, 11.769, 12.487, 12.538, 12.101, 13.087, 14.564, 15.033, 13.718, 12.12, 11.689, 10.955, 10.578, 10.509, 10.246, 9.639, 9.33, 9.15, 8.89], [5.638, 5.118, 5.706, 6.874, 6.61, 5.168, 4.422, 4.908, 5.624, 5.664, 4.882, 4.31, 3.98, 3.96, 3.448, 2.71, 2.21, 2.14, 2.29, 2.57, 2.56, 2.64, 2.75, 2.32, 2.1, 2.26, 2.85, 2.82, 2.22, 1.85, 1.56, 1.25, 0.92, 0, 0.92, 1.18, 1.14, 1.67, 1.93, 2.63, 3.21, 2.96, 2.29, 1.75, 2.18, 4.49, 4.8, 4.34, 4.22, 4.647, 5.737, 7.179, 8.453, 8.76, 9.211, 9.378, 9.317, 9.599, 10.205, 10.475, 10.364, 10.09, 9.647, 9.254, 9.333, 10.224, 12.11, 12.137, 11.339, 12.043, 12.05, 11.618, 12.61, 14.099, 14.562, 13.25, 11.652, 11.22, 10.495, 10.118, 10.049, 9.786, 9.25, 8.87, 8.69, 8.43], [5.358, 4.818, 5.392, 6.554, 6.343, 5.076, 4.462, 4.868, 5.506, 5.546, 4.842, 4.33, 4.04, 4.02, 3.528, 2.77, 2.17, 2.18, 2.55, 2.81, 2.74, 2.78, 2.95, 2.52, 2.44, 2.44, 2.99, 3.0, 2.34, 2.11, 2.04, 1.59, 1.28, 0.92, 0, 0.76, 0.92, 1.41, 1.99, 2.47, 2.99, 3.017, 2.51, 1.75, 2.1, 4.39, 4.68, 4.14, 3.98, 4.38, 5.39, 6.879, 8.144, 8.474, 8.917, 9.087, 9.035, 9.302, 9.928, 10.181, 10.072, 9.814, 9.371, 9.012, 9.059, 9.957, 11.826, 11.837, 11.036, 11.75, 11.785, 11.339, 12.29, 13.799, 14.242, 12.933, 11.358, 10.906, 10.216, 9.831, 9.737, 9.492, 8.971, 8.71, 8.47, 8.19], [5.698, 5.138, 5.732, 6.894, 6.695, 5.256, 4.502, 4.742, 5.406, 5.466, 4.882, 4.33, 4.02, 4.0, 3.528, 2.97, 2.23, 2.06, 2.43, 2.61, 2.62, 2.76, 2.87, 2.36, 2.46, 2.46, 2.93, 2.96, 2.34, 2.05, 1.94, 1.45, 1.34, 1.18, 0.76, 0, 0.76, 1.29, 1.95, 2.61, 2.93, 2.68, 2.51, 2.03, 2.38, 4.55, 4.76, 4.32, 4.04, 4.615, 5.614, 7.26, 8.492, 8.829, 9.269, 9.445, 9.418, 9.699, 10.268, 10.536, 10.436, 10.182, 9.771, 9.352, 9.422, 10.285, 12.146, 12.192, 11.411, 12.117, 12.168, 11.699, 12.63, 14.165, 14.582, 13.273, 11.698, 11.246, 10.576, 10.191, 10.117, 9.872, 9.391, 9.13, 8.89, 8.63], [5.998, 5.449, 6.072, 7.254, 7.049, 5.676, 4.922, 5.282, 5.944, 5.964, 5.262, 4.73, 4.42, 4.36, 3.925, 3.25, 2.65, 2.34, 2.55, 2.55, 2.62, 2.74, 2.83, 2.36, 2.48, 2.66, 3.15, 3.14, 2.44, 2.13, 2.16, 1.63, 1.5, 1.14, 0.92, 0.76, 0, 0.93, 1.65, 2.31, 2.87, 2.64, 2.41, 2.11, 2.66, 4.91, 5.18, 4.7, 4.42, 4.949, 5.995, 7.62, 8.872, 9.209, 9.643, 9.825, 9.778, 10.045, 10.648, 10.913, 10.796, 10.534, 10.125, 9.732, 9.779, 10.657, 12.526, 12.545, 11.786, 12.482, 12.528, 12.059, 13.004, 14.525, 14.932, 13.632, 12.037, 11.583, 10.878, 10.521, 10.457, 10.212, 9.711, 9.482, 9.222, 8.936], [6.403, 5.802, 6.482, 7.632, 7.482, 6.266, 5.552, 5.892, 6.576, 6.596, 5.912, 5.245, 4.975, 4.918, 4.435, 3.788, 3.2, 2.85, 2.76, 2.66, 2.79, 2.85, 2.94, 2.57, 2.65, 3.07, 3.7, 3.71, 2.93, 2.54, 2.49, 1.98, 1.81, 1.67, 1.41, 1.29, 0.93, 0, 1.26, 1.96, 2.36, 2.35, 2.24, 2.06, 3.11, 5.44, 5.81, 5.27, 4.984, 5.432, 6.402, 8.008, 9.254, 9.582, 10.088, 10.244, 10.202, 10.458, 11.067, 11.334, 11.215, 10.967, 10.538, 10.163, 10.212, 11.089, 12.93, 12.918, 12.177, 12.915, 12.921, 12.467, 13.383, 14.921, 15.288, 13.996, 12.439, 11.941, 11.228, 10.877, 10.839, 10.582, 10.101, 9.892, 9.632, 9.346], [6.582, 6.108, 6.67, 7.844, 7.713, 6.569, 6.015, 6.412, 7.036, 7.076, 6.375, 5.845, 5.535, 5.498, 5.013, 4.154, 3.78, 3.61, 3.08, 2.92, 3.09, 3.21, 3.54, 3.41, 3.31, 3.65, 4.34, 4.41, 3.83, 3.16, 2.87, 2.4, 2.15, 1.93, 1.99, 1.95, 1.65, 1.26, 0, 1.08, 1.66, 1.69, 1.66, 1.46, 3.31, 5.78, 6.15, 5.704, 5.446, 5.718, 6.801, 8.193, 9.442, 9.775, 10.25, 10.434, 10.394, 10.673, 11.267, 11.543, 11.405, 11.161, 10.751, 10.393, 10.454, 11.314, 13.223, 13.257, 12.449, 13.12, 13.1, 12.657, 13.559, 15.08, 15.462, 14.173, 12.573, 12.095, 11.379, 11.028, 11.013, 10.77, 10.221, 9.932, 9.664, 9.423], [6.495, 6.056, 6.604, 7.75, 7.615, 6.632, 6.25, 6.73, 7.251, 7.259, 6.638, 6.154, 5.844, 5.847, 5.476, 4.583, 4.149, 4.29, 3.76, 3.54, 3.69, 3.81, 4.16, 4.03, 3.95, 4.27, 5.02, 5.13, 4.55, 3.9, 3.55, 3.16, 2.81, 2.63, 2.47, 2.61, 2.31, 1.96, 1.08, 0, 1.12, 1.45, 1.4, 1.42, 3.35, 5.859, 6.309, 5.866, 5.646, 5.784, 6.904, 8.097, 9.252, 9.593, 10.071, 10.242, 10.217, 10.516, 11.071, 11.365, 11.241, 10.959, 10.621, 10.297, 10.364, 11.241, 13.133, 13.139, 12.36, 12.927, 12.943, 12.447, 13.34, 14.853, 15.252, 13.945, 12.382, 11.93, 11.191, 10.828, 10.845, 10.645, 10.091, 9.867, 9.575, 9.347], [6.614, 6.061, 6.741, 7.894, 7.808, 6.788, 6.347, 6.767, 7.317, 7.421, 7.021, 6.477, 6.081, 6.127, 5.776, 5.02, 4.269, 4.282, 3.72, 3.66, 3.77, 3.97, 4.26, 4.23, 4.31, 4.65, 5.38, 5.49, 4.93, 4.36, 4.01, 3.62, 3.27, 3.21, 2.99, 2.93, 2.87, 2.36, 1.66, 1.12, 0, 0.85, 1.38, 1.82, 3.861, 5.931, 6.56, 6.154, 5.817, 5.988, 7.008, 8.272, 9.491, 9.798, 10.366, 10.544, 10.566, 10.797, 11.226, 11.579, 11.441, 11.219, 10.862, 10.466, 10.58, 11.354, 13.158, 13.272, 12.454, 13.088, 13.155, 12.619, 13.57, 15.162, 15.384, 14.093, 12.449, 11.968, 11.261, 10.957, 11.138, 10.978, 10.594, 10.293, 10.05, 9.713], [7.105, 6.544, 7.124, 8.309, 8.26, 6.978, 6.279, 6.648, 7.292, 7.351, 6.831, 6.252, 5.956, 5.968, 5.506, 4.898, 4.139, 4.092, 3.57, 3.47, 3.58, 3.78, 4.13, 4.0, 3.952, 4.269, 4.993, 5.12, 4.592, 4.05, 3.74, 3.29, 2.952, 2.96, 3.017, 2.68, 2.64, 2.35, 1.69, 1.45, 0.85, 0, 1.05, 1.81, 3.811, 6.058, 6.527, 6.084, 5.807, 6.267, 7.329, 8.721, 9.876, 10.21, 10.726, 10.91, 10.914, 11.194, 11.737, 12.007, 11.892, 11.676, 11.37, 10.928, 11.0, 11.849, 13.683, 13.74, 13.005, 13.656, 13.623, 13.132, 13.97, 15.487, 15.876, 14.566, 12.922, 12.446, 11.725, 11.434, 11.458, 11.345, 10.962, 10.671, 10.379, 10.08], [6.844, 6.284, 6.85, 8.054, 7.926, 6.701, 5.881, 6.392, 7.079, 7.132, 6.512, 5.856, 5.543, 5.535, 5.107, 4.348, 3.654, 3.599, 3.06, 2.98, 3.01, 3.19, 3.56, 3.43, 3.359, 3.844, 4.574, 4.63, 3.99, 3.48, 3.17, 2.68, 2.39, 2.29, 2.51, 2.51, 2.41, 2.24, 1.66, 1.4, 1.38, 1.05, 0, 1.32, 3.362, 5.521, 6.165, 5.882, 5.742, 6.026, 7.17, 8.445, 9.62, 9.892, 10.431, 10.587, 10.569, 10.83, 11.392, 11.717, 11.586, 11.31, 11.018, 10.625, 10.696, 11.545, 13.361, 13.459, 12.705, 13.333, 13.269, 12.806, 13.648, 15.154, 15.566, 14.256, 12.625, 12.219, 11.44, 11.167, 11.167, 10.997, 10.63, 10.365, 10.064, 9.785], [5.809, 5.339, 5.879, 7.056, 6.982, 5.762, 5.261, 5.724, 6.296, 6.351, 5.775, 5.251, 4.958, 4.964, 4.47, 3.677, 3.054, 3.09, 2.58, 2.58, 2.61, 2.81, 3.12, 2.99, 2.87, 3.27, 4.02, 4.11, 3.49, 2.94, 2.63, 2.4, 1.89, 1.75, 1.75, 2.03, 2.11, 2.06, 1.46, 1.42, 1.82, 1.81, 1.32, 0, 2.458, 4.835, 5.328, 4.845, 4.768, 5.037, 6.184, 7.451, 8.598, 8.932, 9.424, 9.6, 9.582, 9.861, 10.465, 10.741, 10.588, 10.363, 10.039, 9.675, 9.71, 10.604, 12.464, 12.459, 11.706, 12.332, 12.306, 11.839, 12.701, 14.213, 14.612, 13.309, 11.699, 11.227, 10.505, 10.163, 10.175, 10.047, 9.572, 9.275, 8.963, 8.669], [3.911, 3.411, 3.907, 4.978, 4.861, 3.916, 3.494, 4.034, 4.561, 4.601, 3.942, 3.481, 3.14, 3.22, 2.86, 2.03, 1.97, 2.78, 3.59, 4.137, 4.107, 3.972, 3.95, 3.48, 2.9, 2.6, 2.87, 2.98, 3.1, 3.29, 3.24, 3.17, 2.6, 2.18, 2.1, 2.38, 2.66, 3.11, 3.31, 3.35, 3.861, 3.811, 3.362, 2.458, 0, 2.79, 3.56, 3.16, 3.08, 3.46, 4.396, 5.401, 6.513, 6.824, 7.326, 7.522, 7.517, 7.779, 8.316, 8.664, 8.521, 8.276, 7.965, 7.524, 7.682, 8.494, 10.404, 10.561, 9.822, 10.347, 10.172, 9.735, 10.578, 12.088, 12.521, 11.212, 9.678, 9.192, 8.507, 8.13, 8.119, 7.977, 7.551, 7.294, 6.971, 6.89], [2.16, 1.88, 2.1, 3.034, 2.91, 1.97, 1.71, 2.25, 2.5, 2.74, 2.49, 2.18, 2.23, 2.29, 2.11, 2.18, 2.76, 4.25, 5.364, 6.015, 5.962, 5.871, 5.681, 5.425, 4.629, 4.263, 4.207, 4.286, 4.75, 5.273, 5.18, 5.09, 4.73, 4.49, 4.39, 4.55, 4.91, 5.44, 5.78, 5.859, 5.931, 6.058, 5.521, 4.835, 2.79, 0, 1.27, 1.61, 1.81, 1.85, 2.5, 3.297, 4.571, 4.876, 5.426, 5.593, 5.624, 5.842, 6.317, 6.654, 6.487, 6.276, 5.976, 5.543, 5.668, 6.376, 8.272, 8.449, 7.528, 8.254, 8.19, 7.579, 8.654, 10.258, 10.555, 9.389, 7.789, 7.334, 6.63, 6.29, 6.35, 6.17, 5.86, 5.54, 5.28, 5.12], [2.21, 2.09, 2.11, 2.62, 2.56, 1.74, 1.58, 1.98, 1.91, 1.79, 1.78, 1.79, 2.22, 2.24, 2.1, 2.59, 3.29, 4.826, 5.886, 6.484, 6.451, 6.274, 6.163, 5.758, 4.995, 4.526, 4.496, 4.534, 5.0, 5.536, 5.406, 5.336, 4.96, 4.8, 4.68, 4.76, 5.18, 5.81, 6.15, 6.309, 6.56, 6.527, 6.165, 5.328, 3.56, 1.27, 0, 0.94, 1.24, 1.46, 1.71, 2.817, 4.058, 4.386, 4.846, 5.013, 5.015, 5.277, 5.817, 6.107, 5.993, 5.759, 5.363, 4.929, 5.011, 5.837, 7.729, 7.773, 6.983, 7.674, 7.733, 7.265, 8.178, 9.742, 10.119, 8.928, 7.5, 7.03, 6.3, 6.04, 5.8, 5.5, 5.17, 4.87, 4.61, 4.37], [2.53, 2.19, 2.37, 2.98, 2.869, 1.74, 1.58, 2.1, 2.03, 1.87, 1.58, 1.51, 1.8, 1.8, 1.64, 2.21, 2.87, 4.464, 5.598, 6.133, 6.094, 5.994, 5.852, 5.438, 4.621, 4.123, 4.053, 4.106, 4.583, 5.113, 4.954, 4.884, 4.5, 4.34, 4.14, 4.32, 4.7, 5.27, 5.704, 5.866, 6.154, 6.084, 5.882, 4.845, 3.16, 1.61, 0.94, 0, 0.8, 1.12, 1.69, 3.229, 4.484, 4.806, 5.263, 5.442, 5.392, 5.671, 6.297, 6.559, 6.421, 6.179, 5.768, 5.409, 5.425, 6.299, 8.16, 8.166, 7.396, 8.131, 8.133, 7.682, 8.624, 10.13, 10.576, 9.347, 7.9, 7.45, 6.7, 6.44, 6.16, 5.88, 5.57, 5.19, 4.97, 4.67], [2.69, 2.23, 2.45, 3.277, 3.143, 1.9, 1.8, 2.1, 2.15, 1.91, 1.68, 1.31, 1.54, 1.56, 1.48, 2.01, 2.59, 4.215, 5.312, 5.828, 5.752, 5.572, 5.471, 5.065, 4.324, 3.858, 3.788, 3.803, 4.258, 4.847, 4.657, 4.607, 4.38, 4.22, 3.98, 4.04, 4.42, 4.984, 5.446, 5.646, 5.817, 5.807, 5.742, 4.768, 3.08, 1.81, 1.24, 0.8, 0, 1.06, 1.79, 3.532, 4.847, 5.151, 5.646, 5.808, 5.769, 5.996, 6.586, 6.861, 6.736, 6.465, 6.042, 5.684, 5.711, 6.568, 8.437, 8.466, 7.693, 8.417, 8.422, 7.988, 8.97, 10.513, 10.888, 9.685, 8.24, 7.75, 7.04, 6.74, 6.52, 6.2, 5.87, 5.61, 5.41, 5.13], [2.19, 1.89, 2.03, 2.68, 2.44, 1.64, 1.88, 2.5, 2.41, 2.23, 2.16, 2.21, 2.32, 2.34, 2.3, 2.49, 3.09, 4.713, 5.863, 6.467, 6.388, 6.288, 6.118, 5.801, 5.014, 4.597, 4.527, 4.58, 5.037, 5.592, 5.442, 5.372, 4.982, 4.647, 4.38, 4.615, 4.949, 5.432, 5.718, 5.784, 5.988, 6.267, 6.026, 5.037, 3.46, 1.85, 1.46, 1.12, 1.06, 0, 1.25, 2.76, 4.187, 4.509, 4.968, 5.15, 5.103, 5.345, 5.868, 6.198, 6.093, 5.768, 5.339, 5.021, 5.037, 5.887, 7.717, 7.8, 6.96, 7.702, 7.725, 7.217, 8.281, 9.813, 10.202, 9.04, 7.52, 7.05, 6.38, 6.12, 5.94, 5.64, 5.39, 5.09, 4.83, 4.61], [1.84, 2.06, 1.74, 1.91, 2.19, 1.91, 2.35, 2.73, 2.46, 2.28, 2.33, 2.7, 3.07, 3.03, 2.95, 3.52, 4.06, 5.765, 6.879, 7.506, 7.421, 7.261, 7.095, 6.747, 6.013, 5.53, 5.46, 5.493, 5.968, 6.545, 6.335, 6.265, 6.014, 5.737, 5.39, 5.614, 5.995, 6.402, 6.801, 6.904, 7.008, 7.329, 7.17, 6.184, 4.396, 2.5, 1.71, 1.69, 1.79, 1.25, 0, 1.85, 3.274, 3.601, 4.087, 4.209, 4.15, 4.357, 4.936, 5.268, 5.174, 4.806, 4.377, 4.087, 4.112, 4.974, 6.744, 6.867, 6.004, 6.738, 6.749, 6.287, 7.331, 8.889, 9.278, 8.13, 6.81, 6.36, 5.67, 5.43, 5.21, 4.85, 4.6, 4.38, 4.12, 3.88], [1.95, 2.622, 1.965, 1.14, 1.7, 2.62, 3.54, 3.9, 3.43, 3.17, 3.68, 4.436, 4.829, 4.78, 4.68, 4.959, 5.682, 7.352, 8.481, 9.112, 9.079, 8.983, 8.798, 8.476, 7.708, 7.306, 7.236, 7.269, 7.738, 8.278, 8.119, 8.049, 7.645, 7.179, 6.879, 7.26, 7.62, 8.008, 8.193, 8.097, 8.272, 8.721, 8.445, 7.451, 5.401, 3.297, 2.817, 3.229, 3.532, 2.76, 1.85, 0, 1.67, 1.96, 2.34, 2.49, 2.48, 2.69, 3.234, 3.498, 3.404, 3.116, 2.93, 2.56, 2.61, 3.55, 5.22, 5.4, 4.59, 5.122, 5.03, 4.494, 5.584, 7.136, 7.52, 6.4, 5.2, 4.73, 4.06, 3.82, 3.64, 3.56, 3.59, 3.47, 3.11, 2.95], [3.043, 3.686, 3.072, 1.75, 2.33, 3.87, 4.81, 5.13, 4.46, 4.22, 4.95, 5.728, 6.181, 6.127, 5.93, 6.28, 7.128, 8.707, 9.729, 10.315, 10.371, 10.242, 10.078, 9.685, 8.928, 8.538, 8.499, 8.532, 8.992, 9.542, 9.401, 9.331, 8.924, 8.453, 8.144, 8.492, 8.872, 9.254, 9.442, 9.252, 9.491, 9.876, 9.62, 8.598, 6.513, 4.571, 4.058, 4.484, 4.847, 4.187, 3.274, 1.67, 0, 0.75, 1.33, 1.48, 1.65, 1.88, 2.17, 2.54, 2.42, 2.34, 2.72, 2.33, 2.52, 3.4, 4.69, 4.79, 4.26, 4.4, 4.12, 3.47, 4.18, 5.92, 6.31, 5.21, 4.15, 3.78, 3.17, 2.93, 3.17, 3.51, 3.74, 3.7, 3.36, 3.28], [3.424, 4.085, 3.524, 2.16, 2.56, 4.14, 5.1, 5.42, 4.77, 4.45, 5.24, 6.044, 6.497, 6.434, 6.237, 6.587, 7.45, 9.038, 10.063, 10.688, 10.71, 10.584, 10.417, 10.024, 9.261, 8.872, 8.827, 8.857, 9.314, 9.873, 9.717, 9.647, 9.239, 8.76, 8.474, 8.829, 9.209, 9.582, 9.775, 9.593, 9.798, 10.21, 9.892, 8.932, 6.824, 4.876, 4.386, 4.806, 5.151, 4.509, 3.601, 1.96, 0.75, 0, 0.9, 1.05, 1.24, 1.47, 1.78, 2.19, 2.05, 1.93, 2.39, 2.2, 2.35, 3.17, 4.3, 4.48, 3.91, 3.93, 3.65, 2.98, 3.91, 5.49, 5.98, 4.9, 3.86, 3.61, 2.98, 2.84, 2.9, 3.34, 3.53, 3.51, 3.19, 3.09], [3.922, 4.645, 4.042, 2.72, 2.98, 4.6, 5.58, 5.9, 5.25, 4.91, 5.68, 6.533, 6.986, 6.94, 6.723, 7.073, 7.944, 9.561, 10.589, 11.198, 11.219, 11.088, 10.961, 10.545, 9.77, 9.32, 9.276, 9.329, 9.806, 10.333, 10.171, 10.098, 9.694, 9.211, 8.917, 9.269, 9.643, 10.088, 10.25, 10.071, 10.366, 10.726, 10.431, 9.424, 7.326, 5.426, 4.846, 5.263, 5.646, 4.968, 4.087, 2.34, 1.33, 0.9, 0, 0.57, 0.84, 1.05, 1.26, 1.71, 1.55, 1.31, 2.01, 2.0, 2.11, 2.91, 3.74, 3.92, 3.35, 3.31, 3.17, 2.52, 3.47, 5.01, 5.58, 4.6, 3.78, 3.63, 3.1, 2.86, 2.76, 3.12, 3.39, 3.37, 3.05, 2.95], [4.121, 4.847, 4.249, 2.899, 3.07, 4.79, 5.73, 6.05, 5.38, 5.04, 5.85, 6.671, 7.124, 7.081, 6.856, 7.226, 8.086, 9.765, 10.793, 11.402, 11.389, 11.258, 11.123, 10.701, 9.92, 9.519, 9.466, 9.488, 9.945, 10.503, 10.344, 10.291, 9.867, 9.378, 9.087, 9.445, 9.825, 10.244, 10.434, 10.242, 10.544, 10.91, 10.587, 9.6, 7.522, 5.593, 5.013, 5.442, 5.808, 5.15, 4.209, 2.49, 1.48, 1.05, 0.57, 0, 0.73, 0.9, 1.01, 1.48, 1.3, 1.28, 1.9, 1.85, 1.92, 2.7, 3.71, 3.85, 3.24, 3.2, 3.04, 2.39, 3.34, 4.86, 5.45, 4.49, 3.73, 3.64, 3.03, 2.81, 2.75, 3.13, 3.34, 3.36, 3.02, 2.92], [4.151, 4.871, 4.274, 2.972, 3.1, 4.78, 5.72, 6.0, 5.33, 5.01, 5.78, 6.627, 7.08, 7.017, 6.792, 7.167, 8.054, 9.767, 10.812, 11.413, 11.397, 11.277, 11.133, 10.711, 9.89, 9.458, 9.405, 9.426, 9.903, 10.463, 10.283, 10.219, 9.806, 9.317, 9.035, 9.418, 9.778, 10.202, 10.394, 10.217, 10.566, 10.914, 10.569, 9.582, 7.517, 5.624, 5.015, 5.392, 5.769, 5.103, 4.15, 2.48, 1.65, 1.24, 0.84, 0.73, 0, 0.61, 1.12, 1.49, 1.31, 1.23, 1.59, 1.68, 1.75, 2.61, 3.56, 3.72, 3.09, 3.15, 2.95, 2.52, 3.51, 4.99, 5.66, 4.7, 3.84, 3.73, 3.18, 2.94, 2.66, 2.88, 3.15, 3.15, 2.83, 2.77], [4.381, 5.135, 4.541, 3.225, 3.27, 5.01, 5.95, 6.23, 5.56, 5.24, 6.05, 6.857, 7.31, 7.247, 7.022, 7.397, 8.281, 10.0, 11.031, 11.64, 11.627, 11.495, 11.363, 10.938, 10.143, 9.733, 9.68, 9.693, 10.165, 10.741, 10.547, 10.48, 10.07, 9.599, 9.302, 9.699, 10.045, 10.458, 10.673, 10.516, 10.797, 11.194, 10.83, 9.861, 7.779, 5.842, 5.277, 5.671, 5.996, 5.345, 4.357, 2.69, 1.88, 1.47, 1.05, 0.9, 0.61, 0, 0.93, 1.44, 1.16, 1.18, 1.6, 1.71, 1.8, 2.6, 3.29, 3.35, 2.76, 2.92, 2.66, 2.25, 3.22, 4.76, 5.41, 4.45, 3.73, 3.58, 3.21, 2.97, 2.73, 2.85, 3.12, 3.18, 2.82, 2.84], [4.771, 5.497, 4.914, 3.623, 3.74, 5.44, 6.46, 6.74, 6.07, 5.83, 6.691, 7.481, 7.854, 7.791, 7.677, 7.981, 8.824, 10.421, 11.446, 12.095, 12.119, 11.993, 11.821, 11.476, 10.752, 10.334, 10.281, 10.308, 10.765, 11.327, 11.159, 11.106, 10.682, 10.205, 9.928, 10.268, 10.648, 11.067, 11.267, 11.071, 11.226, 11.737, 11.392, 10.465, 8.316, 6.317, 5.817, 6.297, 6.586, 5.868, 4.936, 3.234, 2.17, 1.78, 1.26, 1.01, 1.12, 0.93, 0, 1.07, 0.95, 1.01, 1.85, 1.94, 1.91, 2.47, 2.98, 3.22, 2.67, 2.65, 2.41, 1.68, 2.59, 4.27, 4.64, 3.66, 3.1, 3.07, 2.74, 2.46, 2.56, 2.88, 3.15, 3.27, 2.99, 2.97], [5.069, 5.772, 5.181, 3.865, 4.09, 5.77, 6.79, 7.07, 6.4, 6.099, 6.969, 7.748, 8.181, 8.141, 7.921, 8.271, 9.137, 10.719, 11.759, 12.385, 12.449, 12.318, 12.154, 11.755, 11.025, 10.613, 10.56, 10.578, 11.05, 11.591, 11.435, 11.365, 10.958, 10.475, 10.181, 10.536, 10.913, 11.334, 11.543, 11.365, 11.579, 12.007, 11.717, 10.741, 8.664, 6.654, 6.107, 6.559, 6.861, 6.198, 5.268, 3.498, 2.54, 2.19, 1.71, 1.48, 1.49, 1.44, 1.07, 0, 0.76, 1.24, 1.86, 1.81, 1.76, 2.34, 2.89, 3.01, 2.46, 2.52, 2.34, 1.73, 2.34, 4.0, 4.35, 3.47, 3.15, 3.1, 2.81, 2.55, 2.37, 2.61, 3.08, 3.22, 3.02, 3.02], [4.966, 5.644, 5.049, 3.745, 3.99, 5.65, 6.65, 6.93, 6.26, 5.98, 6.846, 7.639, 8.053, 7.99, 7.83, 8.16, 9.006, 10.614, 11.644, 12.25, 12.292, 12.163, 12.005, 11.623, 10.897, 10.487, 10.434, 10.461, 10.93, 11.471, 11.324, 11.271, 10.847, 10.364, 10.072, 10.436, 10.796, 11.215, 11.405, 11.241, 11.441, 11.892, 11.586, 10.588, 8.521, 6.487, 5.993, 6.421, 6.736, 6.093, 5.174, 3.404, 2.42, 2.05, 1.55, 1.3, 1.31, 1.16, 0.95, 0.76, 0, 1.04, 1.8, 1.73, 1.74, 2.34, 2.83, 2.93, 2.42, 2.48, 2.22, 1.63, 2.48, 4.08, 4.49, 3.55, 3.13, 3.08, 2.71, 2.45, 2.35, 2.69, 3.02, 3.14, 2.86, 2.86], [4.855, 5.618, 5.015, 3.756, 3.69, 5.45, 6.37, 6.69, 6.02, 5.7, 6.55, 7.357, 7.75, 7.707, 7.539, 7.849, 8.727, 10.449, 11.476, 12.106, 12.053, 11.924, 11.786, 11.407, 10.649, 10.239, 10.186, 10.199, 10.665, 11.221, 11.038, 10.985, 10.561, 10.09, 9.814, 10.182, 10.534, 10.967, 11.161, 10.959, 11.219, 11.676, 11.31, 10.363, 8.276, 6.276, 5.759, 6.179, 6.465, 5.768, 4.806, 3.116, 2.34, 1.93, 1.31, 1.28, 1.23, 1.18, 1.01, 1.24, 1.04, 0, 1.22, 1.31, 1.22, 2.1, 3.09, 3.15, 2.42, 2.28, 2.24, 1.75, 2.88, 4.42, 5.05, 4.19, 3.37, 3.28, 2.83, 2.49, 2.41, 2.49, 2.9, 2.96, 2.7, 2.58], [4.547, 5.287, 4.744, 3.57, 3.61, 5.11, 5.93, 6.25, 5.6, 5.44, 6.11, 6.909, 7.302, 7.242, 7.104, 7.434, 8.264, 10.04, 11.1, 11.754, 11.673, 11.533, 11.371, 11.021, 10.219, 9.797, 9.744, 9.763, 10.231, 10.813, 10.604, 10.537, 10.13, 9.647, 9.371, 9.771, 10.125, 10.538, 10.751, 10.621, 10.862, 11.37, 11.018, 10.039, 7.965, 5.976, 5.363, 5.768, 6.042, 5.339, 4.377, 2.93, 2.72, 2.39, 2.01, 1.9, 1.59, 1.6, 1.85, 1.86, 1.8, 1.22, 0, 0.91, 1.26, 2.28, 3.35, 3.33, 2.58, 2.8, 2.7, 2.53, 3.64, 5.22, 5.83, 4.97, 4.03, 3.78, 3.45, 3.11, 2.87, 2.53, 2.88, 2.92, 2.66, 2.54], [4.105, 4.819, 4.265, 2.98, 3.24, 4.7, 5.58, 5.88, 5.21, 5.03, 5.76, 6.561, 6.974, 6.951, 6.737, 7.067, 7.954, 9.636, 10.672, 11.301, 11.289, 11.126, 10.979, 10.569, 9.86, 9.418, 9.365, 9.38, 9.86, 10.414, 10.228, 10.175, 9.751, 9.254, 9.012, 9.352, 9.732, 10.163, 10.393, 10.297, 10.466, 10.928, 10.625, 9.675, 7.524, 5.543, 4.929, 5.409, 5.684, 5.021, 4.087, 2.56, 2.33, 2.2, 2.0, 1.85, 1.68, 1.71, 1.94, 1.81, 1.73, 1.31, 0.91, 0, 0.87, 1.91, 3.48, 3.48, 2.65, 3.05, 3.01, 2.68, 3.81, 5.41, 6.0, 5.06, 4.1, 3.67, 3.2, 2.8, 2.64, 2.44, 2.57, 2.59, 2.27, 2.27], [4.238, 4.932, 4.367, 3.21, 3.31, 4.75, 5.63, 5.95, 5.28, 5.0, 5.81, 6.597, 7.01, 6.967, 6.779, 7.109, 7.987, 9.714, 10.76, 11.369, 11.336, 11.207, 11.076, 10.671, 9.913, 9.485, 9.432, 9.445, 9.914, 10.464, 10.281, 10.228, 9.813, 9.333, 9.059, 9.422, 9.779, 10.212, 10.454, 10.364, 10.58, 11.0, 10.696, 9.71, 7.682, 5.668, 5.011, 5.425, 5.711, 5.037, 4.112, 2.61, 2.52, 2.35, 2.11, 1.92, 1.75, 1.8, 1.91, 1.76, 1.74, 1.22, 1.26, 0.87, 0, 1.5, 3.27, 3.23, 2.46, 2.78, 2.82, 2.49, 3.64, 5.14, 5.81, 4.85, 3.85, 3.46, 2.93, 2.53, 2.25, 2.13, 2.1, 2.12, 1.88, 1.78], [5.058, 5.741, 5.218, 4.07, 4.11, 5.49, 6.43, 6.71, 6.06, 5.8, 6.643, 7.477, 7.864, 7.801, 7.65, 7.94, 8.843, 10.509, 11.542, 12.171, 12.139, 11.993, 11.846, 11.484, 10.778, 10.319, 10.266, 10.299, 10.776, 11.338, 11.152, 11.079, 10.675, 10.224, 9.957, 10.285, 10.657, 11.089, 11.314, 11.241, 11.354, 11.849, 11.545, 10.604, 8.494, 6.376, 5.837, 6.299, 6.568, 5.887, 4.974, 3.55, 3.4, 3.17, 2.91, 2.7, 2.61, 2.6, 2.47, 2.34, 2.34, 2.1, 2.28, 1.91, 1.5, 0, 2.23, 2.35, 1.6, 2.08, 2.22, 2.53, 3.28, 4.32, 4.77, 3.77, 2.81, 2.64, 2.73, 2.43, 1.47, 1.31, 1.56, 1.86, 2.0, 2.12], [6.74, 7.303, 6.84, 5.72, 5.78, 7.22, 8.291, 8.58, 7.93, 7.695, 8.521, 9.326, 9.713, 9.65, 9.53, 9.869, 10.678, 12.25, 13.321, 13.984, 13.993, 13.87, 13.683, 13.347, 12.624, 12.179, 12.135, 12.168, 12.625, 13.198, 13.016, 12.943, 12.538, 12.11, 11.826, 12.146, 12.526, 12.93, 13.223, 13.133, 13.158, 13.683, 13.361, 12.464, 10.404, 8.272, 7.729, 8.16, 8.437, 7.717, 6.744, 5.22, 4.69, 4.3, 3.74, 3.71, 3.56, 3.29, 2.98, 2.89, 2.83, 3.09, 3.35, 3.48, 3.27, 2.23, 0, 0.9, 1.31, 1.47, 1.95, 2.36, 3.03, 3.01, 3.0, 2.1, 2.9, 3.23, 3.7, 3.58, 2.795, 2.7, 3.29, 3.57, 3.825, 3.925], [6.857, 7.457, 7.017, 5.82, 5.92, 7.34, 8.4, 8.7, 8.03, 7.726, 8.576, 9.346, 9.782, 9.728, 9.568, 9.921, 10.791, 12.324, 13.39, 14.004, 14.049, 13.931, 13.769, 13.376, 12.645, 12.22, 12.167, 12.188, 12.645, 13.23, 13.062, 12.98, 12.585, 12.137, 11.837, 12.192, 12.545, 12.918, 13.257, 13.139, 13.272, 13.74, 13.459, 12.459, 10.561, 8.449, 7.773, 8.166, 8.466, 7.8, 6.867, 5.4, 4.79, 4.48, 3.92, 3.85, 3.72, 3.35, 3.22, 3.01, 2.93, 3.15, 3.33, 3.48, 3.23, 2.35, 0.9, 0, 1.13, 1.53, 2.05, 2.42, 3.09, 2.89, 3.0, 2.38, 3.18, 3.39, 3.92, 3.74, 2.92, 2.78, 3.26, 3.583, 3.803, 3.915], [6.153, 6.755, 6.273, 5.25, 5.09, 6.45, 7.45, 7.77, 7.1, 6.9, 7.766, 8.556, 8.927, 8.904, 8.738, 9.028, 9.853, 11.463, 12.617, 13.298, 13.245, 13.145, 12.954, 12.619, 11.866, 11.436, 11.383, 11.396, 11.853, 12.438, 12.237, 12.164, 11.769, 11.339, 11.036, 11.411, 11.786, 12.177, 12.449, 12.36, 12.454, 13.005, 12.705, 11.706, 9.822, 7.528, 6.983, 7.396, 7.693, 6.96, 6.004, 4.59, 4.26, 3.91, 3.35, 3.24, 3.09, 2.76, 2.67, 2.46, 2.42, 2.42, 2.58, 2.65, 2.46, 1.6, 1.31, 1.13, 0, 1.16, 1.7, 1.91, 2.88, 3.38, 3.83, 2.93, 2.89, 2.92, 3.35, 3.15, 2.47, 2.17, 2.56, 2.96, 3.1, 3.195], [6.767, 7.464, 6.887, 5.722, 5.59, 7.17, 8.23, 8.53, 7.88, 7.62, 8.461, 9.271, 9.647, 9.604, 9.452, 9.762, 10.661, 12.28, 13.32, 14.009, 13.956, 13.847, 13.673, 13.331, 12.58, 12.162, 12.109, 12.125, 12.593, 13.173, 12.952, 12.899, 12.487, 12.043, 11.75, 12.117, 12.482, 12.915, 13.12, 12.927, 13.088, 13.656, 13.333, 12.332, 10.347, 8.254, 7.674, 8.131, 8.417, 7.702, 6.738, 5.122, 4.4, 3.93, 3.31, 3.2, 3.15, 2.92, 2.65, 2.52, 2.48, 2.28, 2.8