[[0, 0.91, 1.37, 1.61, 1.98, 1.97, 1.66, 2.12, 2.3, 2.55, 3.06, 3.5, 3.2, 1.95, 1.55, 1.95, 1.96, 2.05, 2.08, 2.37, 1.96, 1.71, 1.34, 1.77, 2.34, 2.29, 2.36, 2.34, 2.34, 1.57, 1.13, 1.27, 1.34, 1.68, 1.73, 2.21, 2.09, 2.18, 1.57, 1.72, 1.96, 1.51, 1.51, 1.61, 2.04, 2.05, 2.11, 2.28, 2.16, 2.44, 3.03, 2.96, 2.8, 2.87, 2.91, 3.95, 4.22, 4.76, 5.57, 5.83, 5.67, 5.83, 5.53, 4.57, 4.2, 4.53, 4.73, 4.52, 4.49, 5.263, 5.166, 5.493, 5.718, 5.047, 3.78, 2.08, 3.33, 6.12, 7.85, 9.22, 9.62, 9.55, 9.27, 9.638, 9.727, 10.677], [0.91, 0, 0.74, 1.02, 1.53, 1.58, 1.41, 1.67, 1.89, 2.16, 2.65, 3.09, 2.81, 1.8, 1.54, 1.68, 1.77, 2.04, 2.03, 2.4, 2.09, 2.06, 1.59, 1.7, 2.23, 2.16, 2.11, 2.21, 2.15, 1.52, 1.36, 1.14, 0.97, 1.29, 1.8, 2.46, 2.48, 2.63, 1.84, 1.61, 1.39, 1.1, 1.22, 1.58, 2.37, 2.38, 2.3, 2.55, 2.49, 2.89, 3.4, 3.37, 3.13, 3.22, 3.24, 4.3, 4.59, 5.13, 5.96, 6.18, 6.02, 6.18, 5.94, 4.98, 4.67, 4.92, 5.12, 4.91, 4.9, 5.696, 5.599, 5.906, 6.152, 5.474, 4.15, 2.45, 3.3, 6.31, 8.3, 9.637, 9.917, 9.868, 9.728, 10.159, 10.218, 11.215], [1.37, 0.74, 0, 0.78, 1.65, 1.9, 1.61, 1.65, 1.63, 1.78, 2.31, 2.69, 2.49, 1.72, 1.78, 1.7, 2.09, 2.4, 2.47, 2.84, 2.47, 2.52, 1.77, 1.82, 2.25, 2.14, 2.09, 2.29, 1.99, 1.42, 1.78, 1.5, 1.29, 1.53, 2.36, 3.04, 2.98, 3.19, 2.3, 1.45, 1.35, 1.42, 1.5, 2.02, 2.83, 2.82, 2.74, 3.01, 3.01, 3.43, 3.94, 3.89, 3.57, 3.66, 3.7, 4.74, 5.03, 5.51, 6.4, 6.64, 6.46, 6.74, 6.5, 5.6, 5.29, 5.46, 5.64, 5.47, 5.42, 6.204, 6.083, 6.391, 6.66, 6.014, 4.77, 3.07, 3.8, 6.89, 8.88, 10.197, 10.42, 10.368, 10.225, 10.693, 10.775, 11.752], [1.61, 1.02, 0.78, 0, 1.15, 1.46, 1.27, 1.43, 1.63, 1.7, 2.17, 2.47, 2.35, 1.72, 1.66, 1.58, 1.83, 2.1, 2.25, 2.5, 2.23, 2.54, 1.81, 1.82, 2.01, 2.02, 1.91, 2.19, 1.93, 1.64, 1.88, 1.44, 1.05, 1.51, 2.4, 3.12, 3.16, 3.23, 2.34, 1.59, 1.29, 1.48, 1.76, 2.24, 3.07, 3.08, 3.0, 3.23, 3.27, 3.61, 4.06, 4.07, 3.83, 3.92, 3.96, 4.98, 5.27, 5.75, 6.64, 6.9, 6.7, 6.88, 6.56, 5.76, 5.57, 5.72, 5.92, 5.73, 5.696, 6.475, 6.358, 6.665, 6.931, 6.138, 4.85, 3.19, 3.86, 6.79, 8.76, 10.134, 10.296, 10.22, 10.153, 10.553, 10.7, 11.669], [1.98, 1.53, 1.65, 1.15, 0, 0.83, 0.86, 1.18, 1.66, 1.77, 2.16, 2.3, 2.08, 1.35, 1.25, 1.29, 1.68, 1.77, 2.04, 2.27, 2.24, 2.43, 1.92, 1.79, 1.74, 1.73, 1.86, 2.18, 2.02, 2.01, 2.01, 1.65, 1.4, 2.08, 2.77, 3.43, 3.53, 3.42, 2.77, 2.32, 1.92, 1.97, 2.39, 2.83, 3.66, 3.69, 3.61, 3.84, 3.78, 4.0, 4.55, 4.62, 4.44, 4.49, 4.53, 5.53, 5.78, 6.28, 7.13, 7.41, 7.23, 7.33, 6.83, 6.15, 5.98, 6.27, 6.45, 6.26, 6.226, 7.005, 6.884, 7.208, 7.448, 6.615, 5.182, 3.496, 4.322, 6.44, 8.379, 9.764, 9.84, 9.655, 9.54, 10.023, 10.476, 11.31], [1.97, 1.58, 1.9, 1.46, 0.83, 0, 0.93, 1.19, 1.95, 2.22, 2.67, 2.87, 2.63, 1.78, 1.48, 1.66, 1.97, 1.72, 1.75, 2.02, 2.11, 2.48, 2.13, 1.94, 1.99, 2.04, 2.17, 2.49, 2.37, 2.26, 2.02, 1.56, 1.39, 1.69, 2.2, 2.86, 2.96, 2.85, 2.4, 2.37, 2.03, 1.76, 2.08, 2.4, 3.09, 3.1, 3.06, 3.25, 3.21, 3.41, 3.96, 4.03, 3.85, 3.9, 3.94, 4.94, 5.19, 5.69, 6.54, 6.78, 6.6, 6.7, 6.2, 5.52, 5.35, 5.64, 5.82, 5.63, 5.596, 6.375, 6.278, 6.585, 6.83, 6.001, 4.572, 2.93, 3.76, 6.01, 8.012, 9.437, 9.493, 9.294, 9.185, 9.656, 10.066, 10.898], [1.66, 1.41, 1.61, 1.27, 0.86, 0.93, 0, 1.0, 1.68, 1.97, 2.32, 2.58, 2.28, 1.43, 1.25, 1.33, 1.76, 1.83, 1.94, 2.27, 2.26, 2.47, 1.8, 1.65, 1.82, 1.87, 1.98, 2.3, 2.02, 1.89, 1.77, 1.45, 1.22, 1.86, 2.47, 3.19, 3.29, 3.16, 2.55, 1.98, 1.64, 1.81, 2.21, 2.69, 3.36, 3.37, 3.29, 3.52, 3.48, 3.7, 4.23, 4.3, 4.12, 4.17, 4.21, 5.21, 5.48, 6.0, 6.85, 7.09, 6.89, 6.99, 6.51, 5.81, 5.64, 5.93, 6.11, 5.92, 5.91, 6.7, 6.593, 6.901, 7.156, 6.348, 4.868, 3.18, 4.05, 6.24, 8.319, 9.784, 9.88, 9.578, 9.489, 10.12, 10.547, 11.253], [2.12, 1.67, 1.65, 1.43, 1.18, 1.19, 1.0, 0, 1.36, 1.71, 2.22, 2.26, 2.08, 1.23, 1.27, 1.33, 1.72, 1.83, 2.08, 2.57, 2.64, 2.83, 2.04, 1.61, 1.74, 1.81, 1.94, 2.28, 1.96, 1.79, 1.85, 1.33, 1.38, 2.04, 2.71, 3.43, 3.57, 3.44, 2.75, 1.8, 1.46, 1.85, 2.31, 2.87, 3.54, 3.57, 3.53, 3.74, 3.7, 3.86, 4.45, 4.5, 4.32, 4.37, 4.39, 5.43, 5.72, 6.18, 7.09, 7.39, 7.19, 7.29, 6.79, 6.11, 5.936, 6.23, 6.41, 6.22, 6.189, 6.968, 6.871, 7.178, 7.423, 6.613, 5.185, 3.48, 4.47, 6.52, 8.59, 9.98, 10.003, 9.807, 9.698, 10.246, 10.647, 11.464], [2.3, 1.89, 1.63, 1.63, 1.66, 1.95, 1.68, 1.36, 0, 0.91, 1.28, 1.46, 1.26, 1.39, 1.73, 1.65, 2.04, 2.49, 2.7, 3.11, 2.86, 3.03, 2.14, 1.57, 1.7, 1.81, 1.52, 1.86, 1.4, 1.43, 2.17, 1.59, 1.38, 2.36, 2.99, 3.73, 3.81, 3.66, 3.05, 1.5, 1.74, 2.09, 2.47, 3.07, 3.88, 3.91, 3.83, 4.06, 4.0, 4.24, 4.852, 4.88, 4.66, 4.79, 4.85, 5.81, 6.12, 6.56, 7.53, 7.87, 7.69, 7.79, 7.29, 6.61, 6.43, 6.73, 6.91, 6.72, 6.71, 7.497, 7.365, 7.672, 7.941, 7.099, 5.639, 3.953, 4.89, 7.16, 9.07, 10.444, 10.611, 10.578, 10.401, 10.803, 11.148, 11.988], [2.55, 2.16, 1.78, 1.7, 1.77, 2.22, 1.97, 1.71, 0.91, 0, 0.93, 1.13, 1.01, 1.74, 2.16, 1.96, 2.41, 2.92, 3.01, 3.26, 3.09, 3.24, 2.25, 1.74, 1.61, 1.68, 1.51, 1.65, 1.27, 1.38, 2.46, 1.9, 1.63, 2.59, 3.26, 4.02, 4.02, 3.97, 3.32, 1.63, 2.01, 2.36, 2.72, 3.26, 4.13, 4.16, 4.08, 4.31, 4.23, 4.49, 5.142, 5.15, 4.93, 5.06, 5.12, 6.08, 6.39, 6.83, 7.8, 8.14, 7.96, 8.06, 7.56, 6.88, 6.703, 7.0, 7.18, 6.99, 6.973, 7.735, 7.638, 7.945, 8.185, 7.372, 5.952, 4.246, 5.14, 7.57, 9.46, 10.811, 11.06, 11.025, 10.905, 11.279, 11.46, 12.358], [3.06, 2.65, 2.31, 2.17, 2.16, 2.67, 2.32, 2.22, 1.28, 0.93, 0, 0.7, 0.66, 2.23, 2.55, 2.19, 2.8, 3.19, 3.34, 3.59, 3.64, 3.63, 2.68, 2.09, 1.8, 1.63, 1.28, 1.52, 1.32, 1.91, 2.91, 2.43, 2.12, 3.1, 3.75, 4.49, 4.53, 4.44, 3.83, 2.12, 2.52, 2.79, 3.23, 3.79, 4.64, 4.69, 4.59, 4.84, 4.74, 5.04, 5.655, 5.66, 5.44, 5.57, 5.63, 6.59, 6.88, 7.34, 8.31, 8.65, 8.47, 8.57, 8.07, 7.39, 7.22, 7.51, 7.69, 7.5, 7.51, 8.277, 8.162, 8.469, 8.729, 7.988, 6.436, 4.751, 5.601, 7.88, 9.83, 11.224, 11.452, 11.295, 11.229, 11.863, 11.948, 12.782], [3.5, 3.09, 2.69, 2.47, 2.3, 2.87, 2.58, 2.26, 1.46, 1.13, 0.7, 0, 0.64, 2.33, 2.77, 2.41, 3.06, 3.37, 3.68, 3.89, 3.98, 4.03, 3.14, 2.45, 2.06, 1.87, 1.46, 1.84, 1.62, 2.27, 3.35, 2.85, 2.56, 3.5, 4.19, 4.93, 4.99, 4.86, 4.27, 2.54, 2.82, 3.25, 3.67, 4.25, 5.1, 5.15, 5.05, 5.3, 5.2, 5.479, 6.089, 6.12, 5.9, 6.03, 6.09, 7.05, 7.34, 7.8, 8.77, 9.11, 8.93, 9.03, 8.53, 7.85, 7.68, 7.97, 8.15, 7.96, 7.941, 8.716, 8.619, 8.926, 9.163, 8.416, 6.893, 5.208, 6.048, 8.16, 10.09, 11.421, 11.626, 11.535, 11.426, 12.023, 12.31, 13.079], [3.2, 2.81, 2.49, 2.35, 2.08, 2.63, 2.28, 2.08, 1.26, 1.01, 0.66, 0.64, 0, 2.07, 2.41, 2.07, 2.76, 3.09, 3.34, 3.65, 3.72, 3.69, 2.82, 2.17, 1.82, 1.67, 1.42, 1.66, 1.52, 2.03, 3.03, 2.55, 2.28, 3.26, 3.95, 4.65, 4.75, 4.62, 3.99, 2.3, 2.66, 3.05, 3.45, 4.01, 4.84, 4.89, 4.79, 5.04, 4.94, 5.22, 5.812, 5.84, 5.64, 5.77, 5.81, 6.77, 7.04, 7.52, 8.49, 8.83, 8.65, 8.75, 8.25, 7.57, 7.4, 7.69, 7.87, 7.68, 7.67, 8.457, 8.336, 8.643, 8.904, 8.125, 6.611, 4.925, 5.775, 7.82, 9.79, 11.195, 11.355, 11.215, 11.112, 11.78, 12.004, 12.762], [1.95, 1.8, 1.72, 1.72, 1.35, 1.78, 1.43, 1.23, 1.39, 1.74, 2.23, 2.33, 2.07, 0, 1.04, 0.88, 1.01, 1.6, 2.17, 2.58, 2.47, 2.3, 1.79, 1.52, 1.79, 1.8, 2.05, 2.27, 2.03, 1.62, 1.68, 1.32, 1.41, 2.13, 2.68, 3.36, 3.5, 3.33, 2.68, 1.75, 1.89, 1.98, 2.32, 2.84, 3.57, 3.6, 3.54, 3.75, 3.71, 3.91, 4.5, 4.53, 4.35, 4.42, 4.44, 5.44, 5.73, 6.17, 7.12, 7.46, 7.28, 7.38, 6.88, 6.2, 6.03, 6.32, 6.5, 6.31, 6.291, 7.063, 6.957, 7.273, 7.481, 6.746, 5.241, 3.57, 4.6, 6.51, 7.94, 9.288, 9.564, 9.434, 9.368, 10.079, 10.436, 11.255], [1.55, 1.54, 1.78, 1.66, 1.25, 1.48, 1.25, 1.27, 1.73, 2.16, 2.55, 2.77, 2.41, 1.04, 0, 0.88, 1.13, 1.18, 1.51, 1.9, 1.89, 1.94, 1.59, 1.46, 1.77, 1.78, 2.15, 2.31, 2.17, 1.86, 1.52, 1.26, 1.37, 1.81, 2.14, 2.82, 3.0, 2.87, 2.26, 2.03, 1.89, 1.88, 2.2, 2.48, 3.01, 3.06, 3.04, 3.19, 3.17, 3.31, 3.9, 3.95, 3.73, 3.78, 3.84, 4.86, 5.13, 5.61, 6.54, 6.86, 6.66, 6.76, 6.24, 5.56, 5.39, 5.68, 5.86, 5.67, 5.653, 6.423, 6.32, 6.633, 6.861, 6.115, 4.601, 2.93, 3.92, 5.77, 7.492, 8.945, 9.14, 8.951, 8.811, 9.519, 9.968, 10.629], [1.95, 1.68, 1.7, 1.58, 1.29, 1.66, 1.33, 1.33, 1.65, 1.96, 2.19, 2.41, 2.07, 0.88, 0.88, 0, 1.17, 1.26, 1.79, 2.26, 2.31, 2.16, 1.71, 1.46, 1.49, 1.56, 1.83, 2.11, 1.99, 1.82, 1.68, 1.42, 1.51, 2.03, 2.58, 3.28, 3.4, 3.29, 2.54, 1.93, 1.93, 1.98, 2.38, 2.76, 3.37, 3.42, 3.42, 3.55, 3.59, 3.77, 4.4, 4.37, 4.09, 4.26, 4.28, 5.24, 5.57, 6.01, 6.98, 7.3, 7.1, 7.2, 6.72, 6.02, 5.83, 6.12, 6.3, 6.11, 6.1, 6.901, 6.763, 7.071, 7.33, 6.544, 5.058, 3.37, 4.34, 6.09, 7.84, 9.31, 9.436, 9.265, 9.222, 9.99, 10.257, 11.069], [1.96, 1.77, 2.09, 1.83, 1.68, 1.97, 1.76, 1.72, 2.04, 2.41, 2.8, 3.06, 2.76, 1.01, 1.13, 1.17, 0, 1.23, 1.82, 2.21, 2.1, 1.99, 1.58, 1.51, 1.84, 1.85, 2.28, 2.28, 2.28, 2.03, 1.73, 1.45, 1.46, 2.12, 2.37, 2.99, 3.21, 3.14, 2.37, 2.12, 2.1, 2.03, 2.41, 2.63, 3.18, 3.25, 3.31, 3.48, 3.42, 3.62, 4.21, 4.18, 4.0, 4.01, 4.09, 5.03, 5.28, 5.78, 6.65, 6.97, 6.77, 6.87, 6.37, 5.71, 5.52, 5.81, 5.97, 5.78, 5.826, 6.565, 6.445, 6.755, 6.971, 6.305, 4.722, 3.036, 4.05, 6.04, 7.45, 8.838, 9.131, 8.898, 8.941, 9.729, 9.988, 10.811], [2.05, 2.04, 2.4, 2.1, 1.77, 1.72, 1.83, 1.83, 2.49, 2.92, 3.19, 3.37, 3.09, 1.6, 1.18, 1.26, 1.23, 0, 1.39, 1.9, 1.97, 2.06, 1.97, 2.02, 2.13, 2.4, 2.77, 2.95, 2.95, 2.68, 1.98, 1.68, 1.91, 2.07, 2.26, 2.76, 2.9, 2.83, 2.16, 2.73, 2.39, 2.16, 2.62, 2.76, 2.95, 3.02, 3.16, 3.19, 3.17, 3.35, 3.94, 3.89, 3.65, 3.82, 3.82, 4.66, 4.97, 5.43, 6.34, 6.64, 6.44, 6.54, 6.02, 5.34, 5.169, 5.46, 5.64, 5.45, 5.422, 6.201, 6.088, 6.411, 6.638, 5.863, 4.378, 2.81, 3.74, 5.45, 7.28, 8.53, 8.596, 8.445, 8.439, 9.25, 9.573, 10.469], [2.08, 2.03, 2.47, 2.25, 2.04, 1.75, 1.94, 2.08, 2.7, 3.01, 3.34, 3.68, 3.34, 2.17, 1.51, 1.79, 1.82, 1.39, 0, 1.25, 1.4, 1.59, 1.72, 1.95, 2.18, 2.49, 2.92, 3.02, 3.02, 2.69, 1.95, 1.87, 1.88, 1.8, 1.69, 1.93, 2.19, 2.16, 1.89, 2.76, 2.46, 2.07, 2.33, 2.35, 2.56, 2.67, 2.79, 2.74, 2.44, 2.64, 3.25, 3.22, 2.92, 3.15, 3.13, 3.71, 3.94, 4.42, 5.37, 5.69, 5.49, 5.59, 5.07, 4.39, 4.22, 4.51, 4.69, 4.5, 4.49, 5.274, 5.153, 5.463, 5.721, 4.948, 3.431, 2.1, 2.85, 4.78, 6.77, 8.238, 8.374, 8.173, 8.089, 8.758, 8.937, 9.693], [2.37, 2.4, 2.84, 2.5, 2.27, 2.02, 2.27, 2.57, 3.11, 3.26, 3.59, 3.89, 3.65, 2.58, 1.9, 2.26, 2.21, 1.9, 1.25, 0, 0.83, 1.56, 1.91, 2.1, 2.51, 2.66, 3.07, 3.15, 3.27, 2.98, 2.58, 2.4, 2.27, 2.49, 2.22, 2.16, 2.58, 2.59, 2.6, 3.21, 2.97, 2.72, 2.98, 2.84, 3.15, 3.24, 3.46, 3.39, 2.99, 3.03, 3.46, 3.51, 3.31, 3.44, 3.42, 3.74, 3.73, 4.21, 5.04, 5.36, 5.16, 5.26, 4.74, 4.08, 3.91, 4.18, 4.36, 4.17, 4.173, 4.929, 4.832, 5.139, 5.382, 4.649, 3.126, 1.75, 2.38, 4.55, 6.48, 7.851, 8.068, 7.925, 7.825, 8.408, 8.595, 9.406], [1.96, 2.09, 2.47, 2.23, 2.24, 2.11, 2.26, 2.64, 2.86, 3.09, 3.64, 3.98, 3.72, 2.47, 1.89, 2.31, 2.1, 1.97, 1.4, 0.83, 0, 1.17, 1.56, 1.93, 2.42, 2.65, 2.98, 2.98, 2.94, 2.65, 2.41, 2.19, 2.1, 2.44, 2.23, 2.33, 2.63, 2.64, 2.41, 2.98, 2.92, 2.49, 2.79, 2.67, 3.0, 3.09, 3.31, 3.24, 2.98, 3.04, 3.57, 3.64, 3.36, 3.55, 3.59, 3.93, 3.86, 4.36, 5.11, 5.37, 5.15, 5.25, 4.73, 4.11, 3.88, 4.17, 4.35, 4.14, 4.09, 4.871, 4.753, 5.081, 5.292, 4.525, 3.1, 1.56, 2.33, 4.72, 6.57, 7.904, 8.131, 8.101, 7.998, 8.403, 8.565, 9.502], [1.71, 2.06, 2.52, 2.54, 2.43, 2.48, 2.47, 2.83, 3.03, 3.24, 3.63, 4.03, 3.69, 2.3, 1.94, 2.16, 1.99, 2.06, 1.59, 1.56, 1.17, 0, 1.33, 1.9, 2.37, 2.58, 2.95, 2.89, 2.99, 2.3, 2.0, 2.16, 2.33, 2.65, 2.34, 2.52, 2.66, 2.73, 2.22, 2.77, 3.11, 2.44, 2.56, 2.42, 2.75, 2.88, 3.06, 3.05, 2.81, 2.93, 3.48, 3.49, 3.21, 3.46, 3.44, 3.86, 4.01, 4.49, 5.32, 5.54, 5.32, 5.42, 4.94, 4.18, 3.93, 4.22, 4.42, 4.19, 4.2, 4.961, 4.803, 5.131, 5.376, 4.578, 3.25, 1.65, 2.84, 5.15, 6.64, 7.89, 8.504, 8.434, 8.2, 8.677, 8.751, 9.693], [1.34, 1.59, 1.77, 1.81, 1.92, 2.13, 1.8, 2.04, 2.14, 2.25, 2.68, 3.14, 2.82, 1.79, 1.59, 1.71, 1.58, 1.97, 1.72, 1.91, 1.56, 1.33, 0, 0.89, 1.48, 1.63, 1.92, 1.8, 1.98, 1.47, 1.53, 1.41, 1.52, 2.26, 2.09, 2.61, 2.75, 2.8, 2.07, 1.82, 2.24, 2.03, 2.29, 2.41, 2.82, 2.91, 3.11, 3.12, 3.0, 3.2, 3.75, 3.74, 3.48, 3.59, 3.65, 4.43, 4.62, 5.18, 5.95, 6.15, 5.91, 5.99, 5.51, 4.83, 4.6, 4.87, 5.07, 4.86, 4.87, 5.64, 5.542, 5.849, 6.093, 5.345, 3.84, 2.14, 3.31, 5.8, 7.49, 8.84, 9.337, 9.207, 9.005, 9.461, 9.52, 10.46], [1.77, 1.7, 1.82, 1.82, 1.79, 1.94, 1.65, 1.61, 1.57, 1.74, 2.09, 2.45, 2.17, 1.52, 1.46, 1.46, 1.51, 2.02, 1.95, 2.1, 1.93, 1.9, 0.89, 0, 0.91, 1.08, 1.43, 1.39, 1.49, 1.38, 1.78, 1.38, 1.37, 2.39, 2.52, 3.12, 3.28, 3.23, 2.58, 1.69, 2.21, 2.2, 2.58, 2.78, 3.29, 3.42, 3.56, 3.63, 3.49, 3.67, 4.22, 4.23, 4.03, 4.08, 4.16, 5.12, 5.29, 5.85, 6.62, 6.82, 6.58, 6.66, 6.18, 5.52, 5.31, 5.58, 5.76, 5.55, 5.54, 6.33, 6.229, 6.536, 6.786, 6.015, 4.503, 2.83, 3.74, 6.01, 7.9, 9.274, 9.58, 9.488, 9.348, 9.882, 10.075, 10.878], [2.34, 2.23, 2.25, 2.01, 1.74, 1.99, 1.82, 1.74, 1.7, 1.61, 1.8, 2.06, 1.82, 1.79, 1.77, 1.49, 1.84, 2.13, 2.18, 2.51, 2.42, 2.37, 1.48, 0.91, 0, 0.87, 1.24, 1.28, 1.46, 1.67, 2.27, 1.85, 1.78, 2.9, 3.11, 3.79, 3.97, 3.88, 3.11, 2.12, 2.6, 2.75, 3.15, 3.39, 3.94, 4.07, 4.17, 4.24, 4.2, 4.34, 4.89, 4.92, 4.66, 4.73, 4.81, 5.73, 5.92, 6.46, 7.27, 7.51, 7.31, 7.39, 6.89, 6.19, 6.0, 6.29, 6.49, 6.28, 6.27, 7.06, 6.948, 7.255, 7.509, 6.668, 5.222, 3.536, 4.386, 6.36, 8.388, 9.799, 9.99, 9.755, 9.66, 10.435, 10.618, 11.45], [2.29, 2.16, 2.14, 2.02, 1.73, 2.04, 1.87, 1.81, 1.81, 1.68, 1.63, 1.87, 1.67, 1.8, 1.78, 1.56, 1.85, 2.4, 2.49, 2.66, 2.65, 2.58, 1.63, 1.08, 0.87, 0, 0.85, 0.83, 1.17, 1.68, 2.26, 1.86, 1.75, 2.79, 3.14, 3.82, 4.0, 3.91, 3.2, 2.13, 2.47, 2.58, 2.98, 3.32, 3.95, 3.98, 4.06, 4.19, 4.15, 4.33, 4.92, 4.93, 4.73, 4.74, 4.82, 5.86, 6.09, 6.61, 7.42, 7.64, 7.44, 7.54, 7.02, 6.38, 6.15, 6.44, 6.64, 6.43, 6.46, 7.204, 7.095, 7.402, 7.659, 6.938, 5.389, 3.69, 4.54, 6.71, 8.64, 10.109, 10.32, 10.085, 10.005, 10.748, 10.886, 11.646], [2.36, 2.11, 2.09, 1.91, 1.86, 2.17, 1.98, 1.94, 1.52, 1.51, 1.28, 1.46, 1.42, 2.05, 2.15, 1.83, 2.28, 2.77, 2.92, 3.07, 2.98, 2.95, 1.92, 1.43, 1.24, 0.85, 0, 0.74, 0.84, 1.57, 2.29, 1.89, 1.8, 2.76, 3.23, 3.89, 4.07, 3.98, 3.31, 1.86, 2.42, 2.41, 2.81, 3.31, 4.04, 4.07, 4.01, 4.22, 4.22, 4.44, 4.99, 5.02, 4.86, 4.85, 4.89, 5.97, 6.2, 6.76, 7.53, 7.77, 7.57, 7.69, 7.25, 6.59, 6.32, 6.61, 6.77, 6.56, 6.65, 7.423, 7.246, 7.553, 7.852, 7.117, 5.54, 3.82, 4.67, 7.16, 9.13, 10.604, 10.832, 10.653, 10.609, 11.186, 11.23, 12.105], [2.34, 2.21, 2.29, 2.19, 2.18, 2.49, 2.3, 2.28, 1.86, 1.65, 1.52, 1.84, 1.66, 2.27, 2.31, 2.11, 2.28, 2.95, 3.02, 3.15, 2.98, 2.89, 1.8, 1.39, 1.28, 0.83, 0.74, 0, 0.9, 1.47, 2.27, 1.97, 1.78, 2.88, 3.15, 3.81, 3.99, 3.9, 3.23, 1.88, 2.6, 2.53, 2.87, 3.23, 3.94, 3.99, 3.99, 4.16, 4.12, 4.32, 4.85, 4.92, 4.72, 4.69, 4.77, 5.83, 6.04, 6.62, 7.37, 7.59, 7.37, 7.47, 7.05, 6.43, 6.14, 6.41, 6.57, 6.38, 6.47, 7.243, 7.066, 7.373, 7.678, 6.92, 5.36, 3.64, 4.59, 7.18, 9.05, 10.504, 10.844, 10.718, 10.601, 11.152, 11.174, 12.057], [2.34, 2.15, 1.99, 1.93, 2.02, 2.37, 2.02, 1.96, 1.4, 1.27, 1.32, 1.62, 1.52, 2.03, 2.17, 1.99, 2.28, 2.95, 3.02, 3.27, 2.94, 2.99, 1.98, 1.49, 1.46, 1.17, 0.84, 0.9, 0, 1.27, 2.33, 1.85, 1.74, 2.74, 3.15, 3.83, 3.95, 3.92, 3.11, 1.68, 2.38, 2.37, 2.75, 3.19, 3.96, 4.01, 3.95, 4.14, 4.14, 4.38, 4.93, 4.96, 4.8, 4.79, 4.81, 5.85, 6.1, 6.6, 7.41, 7.67, 7.47, 7.61, 7.19, 6.51, 6.28, 6.57, 6.69, 6.5, 6.59, 7.354, 7.174, 7.481, 7.781, 7.074, 5.54, 3.76, 4.71, 7.4, 9.15, 10.604, 10.947, 10.818, 10.701, 11.152, 11.334, 12.157], [1.57, 1.52, 1.42, 1.64, 2.01, 2.26, 1.89, 1.79, 1.43, 1.38, 1.91, 2.27, 2.03, 1.62, 1.86, 1.82, 2.03, 2.68, 2.69, 2.98, 2.65, 2.3, 1.47, 1.38, 1.67, 1.68, 1.57, 1.47, 1.27, 0, 1.5, 1.3, 1.47, 2.27, 2.52, 3.12, 3.18, 3.29, 2.36, 1.23, 2.05, 1.98, 1.98, 2.46, 3.13, 3.18, 3.16, 3.33, 3.31, 3.59, 4.08, 4.11, 3.91, 3.98, 4.0, 5.02, 5.27, 5.77, 6.6, 6.86, 6.7, 6.84, 6.52, 5.68, 5.41, 5.7, 5.88, 5.69, 5.699, 6.481, 6.352, 6.659, 6.911, 6.201, 4.87, 3.13, 4.22, 7.05, 8.72, 10.068, 10.601, 10.471, 10.277, 10.717, 10.77, 11.693], [1.13, 1.36, 1.78, 1.88, 2.01, 2.02, 1.77, 1.85, 2.17, 2.46, 2.91, 3.35, 3.03, 1.68, 1.52, 1.68, 1.73, 1.98, 1.95, 2.58, 2.41, 2.0, 1.53, 1.78, 2.27, 2.26, 2.29, 2.27, 2.33, 1.5, 0, 0.88, 1.25, 1.53, 1.72, 2.14, 2.18, 2.19, 1.36, 1.55, 1.87, 1.36, 1.46, 1.74, 2.03, 2.08, 2.1, 2.25, 2.23, 2.39, 3.04, 3.01, 2.83, 2.86, 2.9, 3.92, 4.21, 4.69, 5.58, 5.86, 5.72, 5.86, 5.54, 4.66, 4.39, 4.68, 4.86, 4.67, 4.7, 5.55, 5.373, 5.66, 5.96, 5.177, 3.89, 2.35, 3.7, 6.13, 7.9, 9.21, 9.593, 9.52, 9.22, 9.657, 9.671, 10.633], [1.27, 1.14, 1.5, 1.44, 1.65, 1.56, 1.45, 1.33, 1.59, 1.9, 2.43, 2.85, 2.55, 1.32, 1.26, 1.42, 1.45, 1.68, 1.87, 2.4, 2.19, 2.16, 1.41, 1.38, 1.85, 1.86, 1.89, 1.97, 1.85, 1.3, 0.88, 0, 0.77, 1.29, 1.66, 2.34, 2.46, 2.39, 1.62, 1.29, 1.39, 1.18, 1.54, 1.96, 2.45, 2.48, 2.48, 2.67, 2.65, 2.89, 3.42, 3.43, 3.23, 3.36, 3.38, 4.36, 4.67, 5.15, 6.04, 6.34, 6.14, 6.24, 5.82, 5.08, 4.89, 5.18, 5.36, 5.17, 5.16, 5.97, 5.841, 6.148, 6.42, 5.584, 4.19, 2.49, 3.62, 6.05, 8.0, 9.29, 9.664, 9.594, 9.448, 9.805, 9.901, 10.881], [1.34, 0.97, 1.29, 1.05, 1.4, 1.39, 1.22, 1.38, 1.38, 1.63, 2.12, 2.56, 2.28, 1.41, 1.37, 1.51, 1.46, 1.91, 1.88, 2.27, 2.1, 2.33, 1.52, 1.37, 1.78, 1.75, 1.8, 1.78, 1.74, 1.47, 1.25, 0.77, 0, 1.3, 1.81, 2.53, 2.67, 2.56, 1.87, 1.38, 1.32, 1.23, 1.51, 1.85, 2.64, 2.69, 2.63, 2.86, 2.76, 3.1, 3.67, 3.66, 3.44, 3.57, 3.59, 4.59, 4.92, 5.38, 6.31, 6.63, 6.43, 6.53, 6.13, 5.35, 5.2, 5.47, 5.65, 5.46, 5.45, 6.24, 6.131, 6.438, 6.693, 5.868, 4.425, 2.76, 3.65, 6.36, 8.29, 9.664, 9.95, 9.898, 9.741, 10.129, 10.274, 11.191], [1.68, 1.29, 1.53, 1.51, 2.08, 1.69, 1.86, 2.04, 2.36, 2.59, 3.1, 3.5, 3.26, 2.13, 1.81, 2.03, 2.12, 2.07, 1.8, 2.49, 2.44, 2.65, 2.26, 2.39, 2.9, 2.79, 2.76, 2.88, 2.74, 2.27, 1.53, 1.29, 1.3, 0, 1.29, 1.99, 2.03, 2.04, 1.35, 1.62, 1.4, 0.99, 1.09, 1.41, 1.8, 1.79, 1.63, 1.9, 2.02, 2.36, 2.93, 2.86, 2.52, 2.65, 2.73, 3.71, 4.02, 4.52, 5.43, 5.73, 5.53, 5.75, 5.57, 4.75, 4.48, 4.63, 4.81, 4.62, 4.59, 5.4, 5.243, 5.57, 5.885, 5.098, 3.76, 2.38, 3.17, 5.98, 8.05, 9.44, 9.574, 9.464, 9.318, 9.82, 9.979, 10.802], [1.73, 1.8, 2.36, 2.4, 2.77, 2.2, 2.47, 2.71, 2.99, 3.26, 3.75, 4.19, 3.95, 2.68, 2.14, 2.58, 2.37, 2.26, 1.69, 2.22, 2.23, 2.34, 2.09, 2.52, 3.11, 3.14, 3.23, 3.15, 3.15, 2.52, 1.72, 1.66, 1.81, 1.29, 0, 1.1, 1.32, 1.19, 1.2, 2.09, 2.17, 1.5, 1.52, 1.4, 1.53, 1.62, 1.66, 1.59, 1.41, 1.67, 2.22, 2.03, 1.83, 1.98, 2.06, 2.88, 3.15, 3.71, 4.64, 4.96, 4.8, 4.9, 4.66, 3.82, 3.57, 3.84, 3.98, 3.79, 3.88, 4.659, 4.482, 4.789, 5.094, 4.43, 2.89, 1.79, 2.88, 5.37, 7.14, 8.53, 9.004, 8.854, 8.658, 9.077, 9.17, 10.093], [2.21, 2.46, 3.04, 3.12, 3.43, 2.86, 3.19, 3.43, 3.73, 4.02, 4.49, 4.93, 4.65, 3.36, 2.82, 3.28, 2.99, 2.76, 1.93, 2.16, 2.33, 2.52, 2.61, 3.12, 3.79, 3.82, 3.89, 3.81, 3.83, 3.12, 2.14, 2.34, 2.53, 1.99, 1.1, 0, 0.88, 0.95, 1.36, 2.87, 2.91, 2.22, 2.24, 2.1, 1.83, 1.92, 1.96, 1.81, 1.29, 1.51, 1.8, 1.71, 1.65, 1.72, 1.66, 2.2, 2.49, 3.03, 3.92, 4.2, 4.04, 4.22, 4.04, 3.18, 2.89, 3.16, 3.34, 3.25, 3.42, 4.13, 3.91, 4.083, 4.489, 3.75, 2.37, 1.81, 2.64, 4.85, 6.86, 8.13, 8.339, 8.103, 7.935, 8.362, 8.43, 9.381], [2.09, 2.48, 2.98, 3.16, 3.53, 2.96, 3.29, 3.57, 3.81, 4.02, 4.53, 4.99, 4.75, 3.5, 3.0, 3.4, 3.21, 2.9, 2.19, 2.58, 2.63, 2.66, 2.75, 3.28, 3.97, 4.0, 4.07, 3.99, 3.95, 3.18, 2.18, 2.46, 2.67, 2.03, 1.32, 0.88, 0, 0.83, 1.14, 2.95, 3.07, 2.22, 2.18, 1.96, 1.65, 1.76, 1.74, 1.57, 1.01, 1.19, 1.64, 1.47, 1.37, 1.52, 1.56, 2.1, 2.43, 2.89, 3.8, 4.14, 4.0, 4.22, 3.96, 3.1, 2.83, 3.12, 3.4, 3.39, 3.5, 4.03, 3.91, 4.06, 4.38, 3.77, 2.49, 2.07, 3.14, 5.21, 7.06, 8.31, 8.6, 8.41, 8.02, 8.355, 8.477, 9.391], [2.18, 2.63, 3.19, 3.23, 3.42, 2.85, 3.16, 3.44, 3.66, 3.97, 4.44, 4.86, 4.62, 3.33, 2.87, 3.29, 3.14, 2.83, 2.16, 2.59, 2.64, 2.73, 2.8, 3.23, 3.88, 3.91, 3.98, 3.9, 3.92, 3.29, 2.19, 2.39, 2.56, 2.04, 1.19, 0.95, 0.83, 0, 1.41, 2.9, 3.1, 2.35, 2.41, 2.25, 1.94, 1.95, 1.97, 1.82, 1.3, 1.1, 1.49, 1.42, 1.42, 1.51, 1.69, 2.33, 2.54, 3.0, 3.93, 4.27, 4.09, 4.21, 3.85, 3.21, 3.1, 3.35, 3.71, 3.78, 3.81, 4.36, 4.24, 4.27, 4.73, 3.94, 2.66, 2.2, 3.39, 5.14, 6.99, 8.32, 8.51, 8.32, 7.81, 8.11, 8.28, 9.144], [1.57, 1.84, 2.3, 2.34, 2.77, 2.4, 2.55, 2.75, 3.05, 3.32, 3.83, 4.27, 3.99, 2.68, 2.26, 2.54, 2.37, 2.16, 1.89, 2.6, 2.41, 2.22, 2.07, 2.58, 3.11, 3.2, 3.31, 3.23, 3.11, 2.36, 1.36, 1.62, 1.87, 1.35, 1.2, 1.36, 1.14, 1.41, 0, 2.09, 2.31, 1.58, 1.48, 1.5, 1.29, 1.5, 1.38, 1.43, 1.37, 1.63, 2.16, 2.01, 1.77, 1.92, 2.0, 2.8, 3.13, 3.55, 4.5, 4.84, 4.68, 4.82, 4.58, 3.76, 3.55, 3.76, 3.98, 3.95, 4.06, 4.67, 4.53, 4.751, 5.023, 4.35, 3.03, 2.01, 3.28, 5.87, 7.56, 8.83, 9.239, 9.009, 8.7, 9.018, 9.177, 10.054], [1.72, 1.61, 1.45, 1.59, 2.32, 2.37, 1.98, 1.8, 1.5, 1.63, 2.12, 2.54, 2.3, 1.75, 2.03, 1.93, 2.12, 2.73, 2.76, 3.21, 2.98, 2.77, 1.82, 1.69, 2.12, 2.13, 1.86, 1.88, 1.68, 1.23, 1.55, 1.29, 1.38, 1.62, 2.09, 2.87, 2.95, 2.9, 2.09, 0, 1.38, 1.43, 1.59, 2.03, 2.7, 2.73, 2.67, 2.9, 2.98, 3.32, 3.79, 3.72, 3.52, 3.59, 3.59, 4.59, 4.9, 5.4, 6.29, 6.59, 6.41, 6.61, 6.35, 5.57, 5.32, 5.51, 5.67, 5.44, 5.57, 6.34, 6.143, 6.45, 6.802, 6.003, 4.56, 2.92, 4.13, 7.08, 8.79, 10.24, 10.697, 10.547, 10.33, 10.707, 10.901, 11.743], [1.96, 1.39, 1.35, 1.29, 1.92, 2.03, 1.64, 1.46, 1.74, 2.01, 2.52, 2.82, 2.66, 1.89, 1.89, 1.93, 2.1, 2.39, 2.46, 2.97, 2.92, 3.11, 2.24, 2.21, 2.6, 2.47, 2.42, 2.6, 2.38, 2.05, 1.87, 1.39, 1.32, 1.4, 2.17, 2.91, 3.07, 3.1, 2.31, 1.38, 0, 1.21, 1.53, 1.99, 2.68, 2.75, 2.67, 2.9, 3.04, 3.38, 3.83, 3.76, 3.56, 3.65, 3.61, 4.63, 5.06, 5.6, 6.51, 6.73, 6.57, 6.71, 6.41, 5.65, 5.38, 5.51, 5.61, 5.42, 5.61, 6.397, 6.16, 6.467, 6.853, 6.06, 4.6, 2.98, 3.69, 6.7, 8.85, 10.3, 10.49, 10.278, 10.195, 10.758, 10.925, 11.733], [1.51, 1.1, 1.42, 1.48, 1.97, 1.76, 1.81, 1.85, 2.09, 2.36, 2.79, 3.25, 3.05, 1.98, 1.88, 1.98, 2.03, 2.16, 2.07, 2.72, 2.49, 2.44, 2.03, 2.2, 2.75, 2.58, 2.41, 2.53, 2.37, 1.98, 1.36, 1.18, 1.23, 0.99, 1.5, 2.22, 2.22, 2.35, 1.58, 1.43, 1.21, 0, 0.76, 1.28, 1.97, 2.1, 1.98, 2.23, 2.19, 2.57, 3.14, 3.11, 2.95, 3.06, 3.0, 4.04, 4.45, 4.97, 5.84, 6.02, 5.88, 6.02, 5.7, 4.98, 4.61, 4.92, 5.0, 4.79, 4.98, 5.779, 5.522, 5.849, 6.194, 5.402, 3.89, 2.23, 3.24, 6.25, 8.12, 9.53, 9.944, 9.794, 9.6, 10.048, 10.154, 11.064], [1.51, 1.22, 1.5, 1.76, 2.39, 2.08, 2.21, 2.31, 2.47, 2.72, 3.23, 3.67, 3.45, 2.32, 2.2, 2.38, 2.41, 2.62, 2.33, 2.98, 2.79, 2.56, 2.29, 2.58, 3.15, 2.98, 2.81, 2.87, 2.75, 1.98, 1.46, 1.54, 1.51, 1.09, 1.52, 2.24, 2.18, 2.41, 1.48, 1.59, 1.53, 0.76, 0, 0.8, 1.47, 1.56, 1.46, 1.69, 1.93, 2.35, 2.86, 2.71, 2.49, 2.6, 2.58, 3.6, 3.99, 4.55, 5.46, 5.66, 5.54, 5.84, 5.68, 4.8, 4.37, 4.54, 4.66, 4.43, 4.58, 5.37, 5.124, 5.44, 5.792, 5.05, 3.79, 2.31, 3.22, 6.61, 8.28, 9.63, 10.287, 10.137, 9.9, 10.238, 10.374, 11.274], [1.61, 1.58, 2.02, 2.24, 2.83, 2.4, 2.69, 2.87, 3.07, 3.26, 3.79, 4.25, 4.01, 2.84, 2.48, 2.76, 2.63, 2.76, 2.35, 2.84, 2.67, 2.42, 2.41, 2.78, 3.39, 3.32, 3.31, 3.23, 3.19, 2.46, 1.74, 1.96, 1.85, 1.41, 1.4, 2.1, 1.96, 2.25, 1.5, 2.03, 1.99, 1.28, 0.8, 0, 0.99, 1.16, 1.1, 1.27, 1.45, 1.87, 2.48, 2.27, 2.09, 2.2, 2.2, 3.18, 3.59, 4.17, 5.1, 5.3, 5.32, 5.52, 5.32, 4.4, 3.95, 4.14, 4.22, 3.99, 4.3, 4.97, 4.727, 5.02, 5.389, 4.65, 3.49, 2.13, 3.14, 6.49, 8.12, 9.43, 10.147, 9.997, 9.74, 10.06, 10.214, 11.097], [2.04, 2.37, 2.83, 3.07, 3.66, 3.09, 3.36, 3.54, 3.88, 4.13, 4.64, 5.1, 4.84, 3.57, 3.01, 3.37, 3.18, 2.95, 2.56, 3.15, 3.0, 2.75, 2.82, 3.29, 3.94, 3.95, 4.04, 3.94, 3.96, 3.13, 2.03, 2.45, 2.64, 1.8, 1.53, 1.83, 1.65, 1.94, 1.29, 2.7, 2.68, 1.97, 1.47, 0.99, 0, 0.45, 0.69, 0.64, 1.02, 1.38, 1.89, 1.62, 1.26, 1.53, 1.53, 2.35, 2.76, 3.4, 4.35, 4.63, 4.75, 4.99, 4.75, 3.83, 3.3, 3.47, 3.59, 3.3, 3.73, 4.28, 4.02, 4.23, 4.67, 3.94, 3.0, 2.24, 3.29, 6.38, 8.13, 9.34, 9.866, 9.673, 9.31, 9.57, 9.787, 10.61], [2.05, 2.38, 2.82, 3.08, 3.69, 3.1, 3.37, 3.57, 3.91, 4.16, 4.69, 5.15, 4.89, 3.6, 3.06, 3.42, 3.25, 3.02, 2.67, 3.24, 3.09, 2.88, 2.91, 3.42, 4.07, 3.98, 4.07, 3.99, 4.01, 3.18, 2.08, 2.48, 2.69, 1.79, 1.62, 1.92, 1.76, 1.95, 1.5, 2.73, 2.75, 2.1, 1.56, 1.16, 0.45, 0, 0.6, 0.63, 0.99, 1.39, 1.9, 1.63, 1.21, 1.4, 1.54, 2.24, 2.67, 3.33, 4.36, 4.68, 4.8, 5.04, 4.78, 3.86, 3.39, 3.44, 3.64, 3.41, 3.7, 4.27, 3.99, 4.24, 4.62, 3.99, 3.11, 2.43, 3.4, 6.49, 8.24, 9.45, 9.976, 9.763, 9.4, 9.64, 9.857, 10.68], [2.11, 2.3, 2.74, 3.0, 3.61, 3.06, 3.29, 3.53, 3.83, 4.08, 4.59, 5.05, 4.79, 3.54, 3.04, 3.42, 3.31, 3.16, 2.79, 3.46, 3.31, 3.06, 3.11, 3.56, 4.17, 4.06, 4.01, 3.99, 3.95, 3.16, 2.1, 2.48, 2.63, 1.63, 1.66, 1.96, 1.74, 1.97, 1.38, 2.67, 2.67, 1.98, 1.46, 1.1, 0.69, 0.6, 0, 0.55, 0.91, 1.37, 1.78, 1.63, 1.23, 1.42, 1.6, 2.4, 2.77, 3.45, 4.44, 4.78, 4.82, 5.08, 4.8, 3.94, 3.41, 3.6, 3.76, 3.53, 3.88, 4.33, 4.07, 4.36, 4.68, 3.97, 3.11, 2.65, 3.6, 6.49, 8.28, 9.45, 9.959, 9.783, 9.42, 9.66, 9.9, 10.7], [2.28, 2.55, 3.01, 3.23, 3.84, 3.25, 3.52, 3.74, 4.06, 4.31, 4.84, 5.3, 5.04, 3.75, 3.19, 3.55, 3.48, 3.19, 2.74, 3.39, 3.24, 3.05, 3.12, 3.63, 4.24, 4.19, 4.22, 4.16, 4.14, 3.33, 2.25, 2.67, 2.86, 1.9, 1.59, 1.81, 1.57, 1.82, 1.43, 2.9, 2.9, 2.23, 1.69, 1.27, 0.64, 0.63, 0.55, 0, 0.96, 1.28, 1.59, 1.34, 1.08, 1.23, 1.47, 2.15, 2.42, 3.12, 4.23, 4.55, 4.63, 4.81, 4.53, 3.69, 3.24, 3.41, 3.59, 3.4, 3.77, 4.28, 4.02, 4.21, 4.53, 3.72, 2.86, 2.54, 3.51, 6.32, 8.09, 9.28, 9.806, 9.613, 9.23, 9.41, 9.673, 10.433], [2.16, 2.49, 3.01, 3.27, 3.78, 3.21, 3.48, 3.7, 4.0, 4.23, 4.74, 5.2, 4.94, 3.71, 3.17, 3.59, 3.42, 3.17, 2.44, 2.99, 2.98, 2.81, 3.0, 3.49, 4.2, 4.15, 4.22, 4.12, 4.14, 3.31, 2.23, 2.65, 2.76, 2.02, 1.41, 1.29, 1.01, 1.3, 1.37, 2.98, 3.04, 2.19, 1.93, 1.45, 1.02, 0.99, 0.91, 0.96, 0, 0.84, 1.47, 1.22, 1.02, 1.21, 1.29, 2.07, 2.4, 3.0, 3.93, 4.27, 4.39, 4.49, 4.23, 3.33, 2.8, 3.09, 3.31, 3.22, 3.53, 3.98, 3.72, 3.99, 4.29, 3.62, 2.68, 2.24, 3.33, 5.72, 7.55, 8.74, 9.189, 9.01, 8.67, 8.99, 9.147, 10.027], [2.44, 2.89, 3.43, 3.61, 4.0, 3.41, 3.7, 3.86, 4.24, 4.49, 5.04, 5.479, 5.22, 3.91, 3.31, 3.77, 3.62, 3.35, 2.64, 3.03, 3.04, 2.93, 3.2, 3.67, 4.34, 4.33, 4.44, 4.32, 4.38, 3.59, 2.39, 2.89, 3.1, 2.36, 1.67, 1.51, 1.19, 1.1, 1.63, 3.32, 3.38, 2.57, 2.35, 1.87, 1.38, 1.39, 1.37, 1.28, 0.84, 0, 0.91, 0.92, 1.08, 1.03, 1.17, 1.83, 2.12, 2.68, 3.65, 3.93, 4.03, 4.11, 3.63, 2.77, 2.48, 2.99, 3.29, 3.4, 3.61, 3.84, 3.6, 3.85, 4.13, 3.34, 2.66, 2.4, 3.49, 5.4, 7.25, 8.48, 8.77, 8.6, 8.17, 8.39, 8.64, 9.468], [3.03, 3.4, 3.94, 4.06, 4.55, 3.96, 4.23, 4.45, 4.852, 5.142, 5.655, 6.089, 5.812, 4.5, 3.9, 4.4, 4.21, 3.94, 3.25, 3.46, 3.57, 3.48, 3.75, 4.22, 4.89, 4.92, 4.99, 4.85, 4.93, 4.08, 3.04, 3.42, 3.67, 2.93, 2.22, 1.8, 1.64, 1.49, 2.16, 3.79, 3.83, 3.14, 2.86, 2.48, 1.89, 1.9, 1.78, 1.59, 1.47, 0.91, 0, 0.83, 1.17, 1.04, 0.92, 1.36, 1.57, 2.23, 3.2, 3.48, 3.54, 3.6, 3.16, 2.36, 2.23, 2.48, 2.86, 2.97, 3.3, 3.55, 3.21, 3.28, 3.76, 2.91, 2.47, 2.89, 3.74, 5.17, 6.96, 8.21, 8.52, 8.29, 7.78, 8.0, 8.23, 9.04], [2.96, 3.37, 3.89, 4.07, 4.62, 4.03, 4.3, 4.5, 4.88, 5.15, 5.66, 6.12, 5.84, 4.53, 3.95, 4.37, 4.18, 3.89, 3.22, 3.51, 3.64, 3.49, 3.74, 4.23, 4.92, 4.93, 5.02, 4.92, 4.96, 4.11, 3.01, 3.43, 3.66, 2.86, 2.03, 1.71, 1.47, 1.42, 2.01, 3.72, 3.76, 3.11, 2.71, 2.27, 1.62, 1.63, 1.63, 1.34, 1.22, 0.92, 0.83, 0, 0.88, 0.89, 1.11, 1.37, 1.5, 2.16, 3.29, 3.67, 3.69, 3.71, 3.35, 2.75, 2.44, 2.69, 3.11, 3.14, 3.55, 3.82, 3.52, 3.65, 3.99, 3.1, 2.58, 2.84, 3.77, 5.6, 7.45, 8.72, 9.03, 8.78, 8.29, 8.39, 8.68, 9.368], [2.8, 3.13, 3.57, 3.83, 4.44, 3.85, 4.12, 4.32, 4.66, 4.93, 5.44, 5.9, 5.64, 4.35, 3.73, 4.09, 4.0, 3.65, 2.92, 3.31, 3.36, 3.21, 3.48, 4.03, 4.66, 4.73, 4.86, 4.72, 4.8, 3.91, 2.83, 3.23, 3.44, 2.52, 1.83, 1.65, 1.37, 1.42, 1.77, 3.52, 3.56, 2.95, 2.49, 2.09, 1.26, 1.21, 1.23, 1.08, 1.02, 1.08, 1.17, 0.88, 0, 0.61, 0.91, 1.41, 1.64, 2.34, 3.33, 3.75, 3.73, 3.97, 3.69, 2.95, 2.54, 2.65, 2.97, 2.86, 3.11, 3.48, 3.34, 3.45, 3.79, 3.18, 2.58, 2.64, 3.53, 5.7, 7.57, 8.74, 9.169, 8.92, 8.51, 8.65, 8.916, 9.656], [2.87, 3.22, 3.66, 3.92, 4.49, 3.9, 4.17, 4.37, 4.79, 5.06, 5.57, 6.03, 5.77, 4.42, 3.78, 4.26, 4.01, 3.82, 3.15, 3.44, 3.55, 3.46, 3.59, 4.08, 4.73, 4.74, 4.85, 4.69, 4.79, 3.98, 2.86, 3.36, 3.57, 2.65, 1.98, 1.72, 1.52, 1.51, 1.92, 3.59, 3.65, 3.06, 2.6, 2.2, 1.53, 1.4, 1.42, 1.23, 1.21, 1.03, 1.04, 0.89, 0.61, 0, 0.78, 1.44, 1.49, 2.29, 3.26, 3.64, 3.62, 3.86, 3.6, 2.8, 2.47, 2.58, 2.9, 2.95, 3.2, 3.49, 3.25, 3.42, 3.68, 3.19, 2.61, 2.75, 3.64, 5.59, 7.46, 8.67, 9.04, 8.83, 8.38, 8.52, 8.823, 9.566], [2.91, 3.24, 3.7, 3.96, 4.53, 3.94, 4.21, 4.39, 4.85, 5.12, 5.63, 6.09, 5.81, 4.44, 3.84, 4.28, 4.09, 3.82, 3.13, 3.42, 3.59, 3.44, 3.65, 4.16, 4.81, 4.82, 4.89, 4.77, 4.81, 4.0, 2.9, 3.38, 3.59, 2.73, 2.06, 1.66, 1.56, 1.69, 2.0, 3.59, 3.61, 3.0, 2.58, 2.2, 1.53, 1.54, 1.6, 1.47, 1.29, 1.17, 0.92, 1.11, 0.91, 0.78, 0, 1.12, 1.61, 2.17, 3.12, 3.48, 3.56, 3.86, 3.64, 2.72, 2.23, 2.3, 2.5, 2.59, 3.02, 3.43, 2.91, 3.12, 3.6, 3.23, 2.51, 2.71, 3.46, 5.29, 7.12, 8.37, 8.74, 8.59, 8.22, 8.5, 8.697, 9.537], [3.95, 4.3, 4.74, 4.98, 5.53, 4.94, 5.21, 5.43, 5.81, 6.08, 6.59, 7.05, 6.77, 5.44, 4.86, 5.24, 5.03, 4.66, 3.71, 3.74, 3.93, 3.86, 4.43, 5.12, 5.73, 5.86, 5.97, 5.83, 5.85, 5.02, 3.92, 4.36, 4.59, 3.71, 2.88, 2.2, 2.1, 2.33, 2.8, 4.59, 4.63, 4.04, 3.6, 3.18, 2.35, 2.24, 2.4, 2.15, 2.07, 1.83, 1.36, 1.37, 1.41, 1.44, 1.12, 0, 0.85, 1.31, 2.4, 2.76, 2.86, 3.14, 2.82, 2.12, 1.79, 1.84, 2.12, 2.41, 2.86, 3.13, 2.59, 2.7, 3.16, 2.79, 2.47, 3.11, 3.62, 5.05, 6.86, 8.13, 8.44, 8.17, 7.72, 7.84, 8.19, 8.938], [4.22, 4.59, 5.03, 5.27, 5.78, 5.19, 5.48, 5.72, 6.12, 6.39, 6.88, 7.34, 7.04, 5.73, 5.13, 5.57, 5.28, 4.97, 3.94, 3.73, 3.86, 4.01, 4.62, 5.29, 5.92, 6.09, 6.2, 6.04, 6.1, 5.27, 4.21, 4.67, 4.92, 4.02, 3.15, 2.49, 2.43, 2.54, 3.13, 4.9, 5.06, 4.45, 3.99, 3.59, 2.76, 2.67, 2.77, 2.42, 2.4, 2.12, 1.57, 1.5, 1.64, 1.49, 1.61, 0.85, 0, 1.06, 2.09, 2.55, 2.59, 2.79, 2.47, 1.85, 1.6, 1.75, 2.11, 2.34, 2.71, 2.98, 2.5, 2.55, 3.01, 2.56, 2.18, 3.14, 3.43, 4.9, 6.59, 7.9, 8.19, 7.9, 7.43, 7.55, 7.84, 8.516], [4.76, 5.13, 5.51, 5.75, 6.28, 5.69, 6.0, 6.18, 6.56, 6.83, 7.34, 7.8, 7.52, 6.17, 5.61, 6.01, 5.78, 5.43, 4.42, 4.21, 4.36, 4.49, 5.18, 5.85, 6.46, 6.61, 6.76, 6.62, 6.6, 5.77, 4.69, 5.15, 5.38, 4.52, 3.71, 3.03, 2.89, 3.0, 3.55, 5.4, 5.6, 4.97, 4.55, 4.17, 3.4, 3.33, 3.45, 3.12, 3.0, 2.68, 2.23, 2.16, 2.34, 2.29, 2.17, 1.31, 1.06, 0, 1.33, 1.81, 1.83, 2.05, 1.79, 1.45, 1.28, 1.33, 1.67, 2.06, 2.47, 2.68, 2.18, 2.23, 2.63, 2.42, 2.26, 3.66, 3.53, 4.38, 5.97, 7.28, 7.57, 7.26, 6.75, 6.77, 7.14, 7.714], [5.57, 5.96, 6.4, 6.64, 7.13, 6.54, 6.85, 7.09, 7.53, 7.8, 8.31, 8.77, 8.49, 7.12, 6.54, 6.98, 6.65, 6.34, 5.37, 5.04, 5.11, 5.32, 5.95, 6.62, 7.27, 7.42, 7.53, 7.37, 7.41, 6.6, 5.58, 6.04, 6.31, 5.43, 4.64, 3.92, 3.8, 3.93, 4.5, 6.29, 6.51, 5.84, 5.46, 5.1, 4.35, 4.36, 4.44, 4.23, 3.93, 3.65, 3.2, 3.29, 3.33, 3.26, 3.12, 2.4, 2.09, 1.33, 0, 0.66, 0.84, 1.12, 1.38, 1.66, 1.61, 1.66, 1.82, 2.11, 2.68, 2.85, 2.45, 2.28, 2.78, 2.79, 2.87, 4.33, 4.08, 4.05, 5.46, 6.59, 6.86, 6.69, 6.12, 6.08, 6.35, 7.03], [5.83, 6.18, 6.64, 6.9, 7.41, 6.78, 7.09, 7.39, 7.87, 8.14, 8.65, 9.11, 8.83, 7.46, 6.86, 7.3, 6.97, 6.64, 5.69, 5.36, 5.37, 5.54, 6.15, 6.82, 7.51, 7.64, 7.77, 7.59, 7.67, 6.86, 5.86, 6.34, 6.63, 5.73, 4.96, 4.2, 4.14, 4.27, 4.84, 6.59, 6.73, 6.02, 5.66, 5.3, 4.63, 4.68, 4.78, 4.55, 4.27, 3.93, 3.48, 3.67, 3.75, 3.64, 3.48, 2.76, 2.55, 1.81, 0.66, 0, 0.72, 0.94, 1.3, 1.62, 1.79, 1.72, 1.68, 2.13, 2.64, 2.69, 2.35, 2.16, 2.68, 2.59, 2.97, 4.41, 4.1, 3.87, 5.26, 6.29, 6.54, 6.41, 5.84, 5.86, 6.07, 6.81], [5.67, 6.02, 6.46, 6.7, 7.23, 6.6, 6.89, 7.19, 7.69, 7.96, 8.47, 8.93, 8.65, 7.28, 6.66, 7.1, 6.77, 6.44, 5.49, 5.16, 5.15, 5.32, 5.91, 6.58, 7.31, 7.44, 7.57, 7.37, 7.47, 6.7, 5.72, 6.14, 6.43, 5.53, 4.8, 4.04, 4.0, 4.09, 4.68, 6.41, 6.57, 5.88, 5.54, 5.32, 4.75, 4.8, 4.82, 4.63, 4.39, 4.03, 3.54, 3.69, 3.73, 3.62, 3.56, 2.86, 2.59, 1.83, 0.84, 0.72, 0, 0.7, 1.2, 1.58, 1.85, 1.74, 1.72, 2.21, 2.42, 2.57, 2.23, 2.06, 2.64, 2.47, 2.63, 4.17, 3.78, 3.59, 5.0, 6.15, 6.36, 6.21, 5.64, 5.56, 5.85, 6.51], [5.83, 6.18, 6.74, 6.88, 7.33, 6.7, 6.99, 7.29, 7.79, 8.06, 8.57, 9.03, 8.75, 7.38, 6.76, 7.2, 6.87, 6.54, 5.59, 5.26, 5.25, 5.42, 5.99, 6.66, 7.39, 7.54, 7.69, 7.47, 7.61, 6.84, 5.86, 6.24, 6.53, 5.75, 4.9, 4.22, 4.22, 4.21, 4.82, 6.61, 6.71, 6.02, 5.84, 5.52, 4.99, 5.04, 5.08, 4.81, 4.49, 4.11, 3.6, 3.71, 3.97, 3.86, 3.86, 3.14, 2.79, 2.05, 1.12, 0.94, 0.7, 0, 0.88, 1.54, 1.95, 1.92, 1.82, 2.31, 2.58, 2.55, 2.35, 2.06, 2.54, 2.35, 2.71, 4.35, 4.02, 3.35, 4.82, 5.95, 6.24, 6.05, 5.48, 5.4, 5.71, 6.35], [5.53, 5.94, 6.5, 6.56, 6.83, 6.2, 6.51, 6.79, 7.29, 7.56, 8.07, 8.53, 8.25, 6.88, 6.24, 6.72, 6.37, 6.02, 5.07, 4.74, 4.73, 4.94, 5.51, 6.18, 6.89, 7.02, 7.25, 7.05, 7.19, 6.52, 5.54, 5.82, 6.13, 5.57, 4.66, 4.04, 3.96, 3.85, 4.58, 6.35, 6.41, 5.7, 5.68, 5.32, 4.75, 4.78, 4.8, 4.53, 4.23, 3.63, 3.16, 3.35, 3.69, 3.6, 3.64, 2.82, 2.47, 1.79, 1.38, 1.3, 1.2, 0.88, 0, 1.08, 1.69, 1.74, 1.72, 2.23, 2.52, 2.41, 2.33, 2.06, 2.44, 2.25, 2.57, 4.17, 3.9, 3.13, 4.6, 5.75, 6.06, 5.81, 5.26, 5.2, 5.55, 6.169], [4.57, 4.98, 5.6, 5.76, 6.15, 5.52, 5.81, 6.11, 6.61, 6.88, 7.39, 7.85, 7.57, 6.2, 5.56, 6.02, 5.71, 5.34, 4.39, 4.08, 4.11, 4.18, 4.83, 5.52, 6.19, 6.38, 6.59, 6.43, 6.51, 5.68, 4.66, 5.08, 5.35, 4.75, 3.82, 3.18, 3.1, 3.21, 3.76, 5.57, 5.65, 4.98, 4.8, 4.4, 3.83, 3.86, 3.94, 3.69, 3.33, 2.77, 2.36, 2.75, 2.95, 2.8, 2.72, 2.12, 1.85, 1.45, 1.66, 1.62, 1.58, 1.54, 1.08, 0, 0.83, 1.08, 1.34, 1.85, 2.06, 2.15, 1.97, 1.92, 2.26, 1.89, 1.99, 3.37, 3.18, 3.29, 4.82, 6.09, 6.38, 6.17, 5.7, 5.9, 6.13, 6.966], [4.2, 4.67, 5.29, 5.57, 5.98, 5.35, 5.64, 5.936, 6.43, 6.703, 7.22, 7.68, 7.4, 6.03, 5.39, 5.83, 5.52, 5.169, 4.22, 3.91, 3.88, 3.93, 4.6, 5.31, 6.0, 6.15, 6.32, 6.14, 6.28, 5.41, 4.39, 4.89, 5.2, 4.48, 3.57, 2.89, 2.83, 3.1, 3.55, 5.32, 5.38, 4.61, 4.37, 3.95, 3.3, 3.39, 3.41, 3.24, 2.8, 2.48, 2.23, 2.44, 2.54, 2.47, 2.23, 1.79, 1.6, 1.28, 1.61, 1.79, 1.85, 1.95, 1.69, 0.83, 0, 0.77, 1.17, 1.5, 1.91, 2.14, 1.82, 1.85, 2.23, 1.98, 1.64, 2.96, 2.77, 3.42, 5.17, 6.42, 6.73, 6.56, 6.15, 6.37, 6.62, 7.448], [4.53, 4.92, 5.46, 5.72, 6.27, 5.64, 5.93, 6.23, 6.73, 7.0, 7.51, 7.97, 7.69, 6.32, 5.68, 6.12, 5.81, 5.46, 4.51, 4.18, 4.17, 4.22, 4.87, 5.58, 6.29, 6.44, 6.61, 6.41, 6.57, 5.7, 4.68, 5.18, 5.47, 4.63, 3.84, 3.16, 3.12, 3.35, 3.76, 5.51, 5.51, 4.92, 4.54, 4.14, 3.47, 3.44, 3.6, 3.41, 3.09, 2.99, 2.48, 2.69, 2.65, 2.58, 2.3, 1.84, 1.75, 1.33, 1.66, 1.72, 1.74, 1.92, 1.74, 1.08, 0.77, 0, 0.78, 1.23, 1.54, 1.93, 1.51, 1.48, 1.92, 1.73, 1.73, 3.13, 2.76, 3.43, 5.12, 6.37, 6.76, 6.49, 6.08, 6.38, 6.59, 7.417], [4.73, 5.12, 5.64, 5.92, 6.45, 5.82, 6.11, 6.41, 6.91, 7.18, 7.69, 8.15, 7.87, 6.5, 5.86, 6.3, 5.97, 5.64, 4.69, 4.36, 4.35, 4.42, 5.07, 5.76, 6.49, 6.64, 6.77, 6.57, 6.69, 5.88, 4.86, 5.36, 5.65, 4.81, 3.98, 3.34, 3.4, 3.71, 3.98, 5.67, 5.61, 5.0, 4.66, 4.22, 3.59, 3.64, 3.76, 3.59, 3.31, 3.29, 2.86, 3.11, 2.97, 2.9, 2.5, 2.12, 2.11, 1.67, 1.82, 1.68, 1.72, 1.82, 1.72, 1.34, 1.17, 0.78, 0, 0.99, 1.36, 1.53, 1.11, 1.1, 1.68, 1.55, 1.83, 3.21, 2.76, 3.21, 4.9, 6.13, 6.579, 6.409, 6.08, 6.38, 6.557, 7.417], [4.52, 4.91, 5.47, 5.73, 6.26, 5.63, 5.92, 6.22, 6.72, 6.99, 7.5, 7.96, 7.68, 6.31, 5.67, 6.11, 5.78, 5.45, 4.5, 4.17, 4.14, 4.19, 4.86, 5.55, 6.28, 6.43, 6.56, 6.38, 6.5, 5.69, 4.67, 5.17, 5.46, 4.62, 3.79, 3.25, 3.39, 3.78, 3.95, 5.44, 5.42, 4.79, 4.43, 3.99, 3.3, 3.41, 3.53, 3.4, 3.22, 3.4, 2.97, 3.14, 2.86, 2.95, 2.59, 2.41, 2.34, 2.06, 2.11, 2.13, 2.21, 2.31, 2.23, 1.85, 1.5, 1.23, 0.99, 0, 0.85, 1.42, 1.18, 1.35, 1.67, 1.48, 1.56, 2.9, 2.39, 3.3, 5.05, 6.26, 6.803, 6.633, 6.27, 6.55, 6.75, 7.587], [4.49, 4.9, 5.42, 5.696, 6.226, 5.596, 5.91, 6.189, 6.71, 6.973, 7.51, 7.941, 7.67, 6.291, 5.653, 6.1, 5.826, 5.422, 4.49, 4.173, 4.09, 4.2, 4.87, 5.54, 6.27, 6.46, 6.65, 6.47, 6.59, 5.699, 4.7, 5.16, 5.45, 4.59, 3.88, 3.42, 3.5, 3.81, 4.06, 5.57, 5.61, 4.98, 4.58, 4.3, 3.73, 3.7, 3.88, 3.77, 3.53, 3.61, 3.3, 3.55, 3.11, 3.2, 3.02, 2.86, 2.71, 2.47, 2.68, 2.64, 2.42, 2.58, 2.52, 2.06, 1.91, 1.54, 1.36, 0.85, 0, 1.03, 1.09, 1.2, 1.48, 1.27, 1.73, 2.99, 2.4, 2.99, 4.74, 5.93, 6.416, 6.283, 5.94, 6.278, 6.414, 7.314], [5.263, 5.696, 6.204, 6.475, 7.005, 6.375, 6.7, 6.968, 7.497, 7.735, 8.277, 8.716, 8.457, 7.063, 6.423, 6.901, 6.565, 6.201, 5.274, 4.929, 4.871, 4.961, 5.64, 6.33, 7.06, 7.204, 7.423, 7.243, 7.354, 6.481, 5.55, 5.97, 6.24, 5.4, 4.659, 4.13, 4.03, 4.36, 4.67, 6.34, 6.397, 5.779, 5.37, 4.97, 4.28, 4.27, 4.33, 4.28, 3.98, 3.84, 3.55, 3.82, 3.48, 3.49, 3.43, 3.13, 2.98, 2.68, 2.85, 2.69, 2.57, 2.55, 2.41, 2.15, 2.14, 1.93, 1.53, 1.42, 1.03, 0, 0.8, 0.89, 0.83, 1.06, 2.14, 3.76, 3.07, 2.68, 4.33, 5.5, 5.929, 5.78, 5.43, 5.69, 5.907, 6.73], [5.166, 5.599, 6.083, 6.358, 6.884, 6.278, 6.593, 6.871, 7.365, 7.638, 8.162, 8.619, 8.336, 6.957, 6.32, 6.763, 6.445, 6.088, 5.153, 4.832, 4.753, 4.803, 5.542, 6.229, 6.948, 7.095, 7.246, 7.066, 7.174, 6.352, 5.373, 5.841, 6.131, 5.243, 4.482, 3.91, 3.91, 4.24, 4.53, 6.143, 6.16, 5.522, 5.124, 4.727, 4.02, 3.99, 4.07, 4.02, 3.72, 3.6, 3.21, 3.52, 3.34, 3.25, 2.91, 2.59, 2.5, 2.18, 2.45, 2.35, 2.23, 2.35, 2.33, 1.97, 1.82, 1.51, 1.11, 1.18, 1.09, 0.8, 0, 0.75, 1.07, 1.16, 2.08, 3.54, 2.91, 2.92, 4.61, 5.86, 6.23, 6.06, 5.73, 6.03, 6.22, 7.067], [5.493, 5.906, 6.391, 6.665, 7.208, 6.585, 6.901, 7.178, 7.672, 7.945, 8.469, 8.926, 8.643, 7.273, 6.633, 7.071, 6.755, 6.411, 5.463, 5.139, 5.081, 5.131, 5.849, 6.536, 7.255, 7.402, 7.553, 7.373, 7.481, 6.659, 5.66, 6.148, 6.438, 5.57, 4.789, 4.083, 4.06, 4.27, 4.751, 6.45, 6.467, 5.849, 5.44, 5.02, 4.23, 4.24, 4.36, 4.21, 3.99, 3.85, 3.28, 3.65, 3.45, 3.42, 3.12, 2.7, 2.55, 2.23, 2.28, 2.16, 2.06, 2.06, 2.06, 1.92, 1.85, 1.48, 1.1, 1.35, 1.2, 0.89, 0.75, 0, 0.92, 1.17, 2.27, 3.83, 3.12, 2.71, 4.36, 5.59, 5.96, 5.73, 5.3, 5.6, 5.757, 6.637], [5.718, 6.152, 6.66, 6.931, 7.448, 6.83, 7.156, 7.423, 7.941, 8.185, 8.729, 9.163, 8.904, 7.481, 6.861, 7.33, 6.971, 6.638, 5.721, 5.382, 5.292, 5.376, 6.093, 6.786, 7.509, 7.659, 7.852, 7.678, 7.781, 6.911, 5.96, 6.42, 6.693, 5.885, 5.094, 4.489, 4.38, 4.73, 5.023, 6.802, 6.853, 6.194, 5.792, 5.389, 4.67, 4.62, 4.68, 4.53, 4.29, 4.13, 3.76, 3.99, 3.79, 3.68, 3.6, 3.16, 3.01, 2.63, 2.78, 2.68, 2.64, 2.54, 2.44, 2.26, 2.23, 1.92, 1.68, 1.67, 1.48, 0.83, 1.07, 0.92, 0, 1.29, 2.53, 4.162, 3.46, 2.53, 3.96, 5.15, 5.5, 5.29, 4.9, 5.16, 5.37, 6.197], [5.047, 5.474, 6.014, 6.138, 6.615, 6.001, 6.348, 6.613, 7.099, 7.372, 7.988, 8.416, 8.125, 6.746, 6.115, 6.544, 6.305, 5.863, 4.948, 4.649, 4.525, 4.578, 5.345, 6.015, 6.668, 6.938, 7.117, 6.92, 7.074, 6.201, 5.177, 5.584, 5.868, 5.098, 4.43, 3.75, 3.77, 3.94, 4.35, 6.003, 6.06, 5.402, 5.05, 4.65, 3.94, 3.99, 3.97, 3.72, 3.62, 3.34, 2.91, 3.1, 3.18, 3.19, 3.23, 2.79, 2.56, 2.42, 2.79, 2.59, 2.47, 2.35, 2.25, 1.89, 1.98, 1.73, 1.55, 1.48, 1.27, 1.06, 1.16, 1.17, 1.29, 0, 1.7, 3.409, 2.65, 2.9, 4.77, 5.9, 6.269, 6.12, 5.69, 5.81, 6.053, 6.93], [3.78, 4.15, 4.77, 4.85, 5.182, 4.572, 4.868, 5.185, 5.639, 5.952, 6.436, 6.893, 6.611, 5.241, 4.601, 5.058, 4.722, 4.378, 3.431, 3.126, 3.1, 3.25, 3.84, 4.503, 5.222, 5.389, 5.54, 5.36, 5.54, 4.87, 3.89, 4.19, 4.425, 3.76, 2.89, 2.37, 2.49, 2.66, 3.03, 4.56, 4.6, 3.89, 3.79, 3.49, 3.0, 3.11, 3.11, 2.86, 2.68, 2.66, 2.47, 2.58, 2.58, 2.61, 2.51, 2.47, 2.18, 2.26, 2.87, 2.97, 2.63, 2.71, 2.57, 1.99, 1.64, 1.73, 1.83, 1.56, 1.73, 2.14, 2.08, 2.27, 2.53, 1.7, 0, 1.96, 1.67, 3.46, 5.25, 6.5, 6.946, 6.773, 6.39, 6.63, 6.87, 7.67], [2.08, 2.45, 3.07, 3.19, 3.496, 2.93, 3.18, 3.48, 3.953, 4.246, 4.751, 5.208, 4.925, 3.57, 2.93, 3.37, 3.036, 2.81, 2.1, 1.75, 1.56, 1.65, 2.14, 2.83, 3.536, 3.69, 3.82, 3.64, 3.76, 3.13, 2.35, 2.49, 2.76, 2.38, 1.79, 1.81, 2.07, 2.2, 2.01, 2.92, 2.98, 2.23, 2.31, 2.13, 2.24, 2.43, 2.65, 2.54, 2.24, 2.4, 2.89, 2.84, 2.64, 2.75, 2.71, 3.11, 3.14, 3.66, 4.33, 4.41, 4.17, 4.35, 4.17, 3.37, 2.96, 3.13, 3.21, 2.9, 2.99, 3.76, 3.54, 3.83, 4.162, 3.409, 1.96, 0, 1.55, 4.48, 6.23, 7.62, 8.117, 7.967, 7.73, 8.087, 8.244, 9.123], [3.33, 3.3, 3.8, 3.86, 4.322, 3.76, 4.05, 4.47, 4.89, 5.14, 5.601, 6.048, 5.775, 4.6, 3.92, 4.34, 4.05, 3.74, 2.85, 2.38, 2.33, 2.84, 3.31, 3.74, 4.386, 4.54, 4.67, 4.59, 4.71, 4.22, 3.7, 3.62, 3.65, 3.17, 2.88, 2.64, 3.14, 3.39, 3.28, 4.13, 3.69, 3.24, 3.22, 3.14, 3.29, 3.4, 3.6, 3.51, 3.33, 3.49, 3.74, 3.77, 3.53, 3.64, 3.46, 3.62, 3.43, 3.53, 4.08, 4.1, 3.78, 4.02, 3.9, 3.18, 2.77, 2.76, 2.76, 2.39, 2.4, 3.07, 2.91, 3.12, 3.46, 2.65, 1.67, 1.55, 0, 3.63, 5.64, 7.077, 7.36, 7