[[0, 0.53, 0.69, 0.88, 0.88, 1.68, 2.92, 3.55, 2.93, 2.07, 1.22, 1.07, 1.23, 1.49, 3.73, 4.58, 4.75, 5.42, 5.91, 6.34, 6.78, 7.29, 7.57, 6.9, 5.83, 4.15, 4.15, 4.08, 3.1, 2.44, 2.54, 2.22, 2.38, 3.33, 3.5, 3.48, 4.32, 5.523, 5.523, 5.263, 5.3, 4.83, 4.22, 3.89, 3.51, 3.52, 3.38, 3.77, 3.63, 3.15, 2.71, 2.85, 2.61, 2.31, 2.02, 1.18, 1.29, 2.04, 1.72, 1.82, 1.7, 1.52, 2.17, 2.41, 1.95, 2.03, 3.31, 4.814, 4.494, 4.017, 3.98, 4.27, 4.47, 4.77, 5.225, 4.53, 2.91, 2.05, 1.52, 1.31, 1.58, 1.97, 1.85, 1.66, 1.91, 2.1], [0.53, 0, 0.6, 0.97, 1.05, 1.81, 3.17, 3.88, 3.24, 2.32, 1.19, 1.0, 1.26, 1.68, 3.98, 4.85, 5.02, 5.69, 6.16, 6.573, 6.99, 7.54, 7.8, 7.13, 6.02, 4.38, 4.36, 4.37, 3.29, 2.57, 2.67, 2.27, 2.43, 3.36, 3.47, 3.35, 4.11, 5.253, 5.253, 4.993, 5.07, 4.56, 4.05, 3.94, 3.54, 3.57, 3.45, 3.66, 3.48, 3.04, 2.62, 2.76, 2.5, 2.26, 1.95, 1.25, 1.52, 2.27, 1.85, 1.91, 1.83, 1.75, 2.42, 2.68, 2.2, 2.3, 3.6, 5.104, 4.804, 4.327, 4.264, 4.58, 4.76, 5.06, 5.498, 4.8, 3.18, 2.34, 1.73, 1.44, 1.71, 2.06, 2.02, 1.85, 2.12, 2.35], [0.69, 0.6, 0, 0.77, 1.05, 2.01, 3.39, 3.94, 3.28, 2.34, 1.37, 1.0, 1.26, 1.78, 4.1, 4.91, 5.08, 5.71, 6.16, 6.67, 7.03, 7.5, 7.78, 7.11, 6.04, 4.4, 4.46, 4.43, 3.41, 2.51, 2.59, 2.27, 2.43, 3.26, 3.37, 3.17, 3.99, 5.111, 5.111, 4.851, 4.95, 4.46, 3.89, 3.7, 3.34, 3.33, 3.23, 3.52, 3.3, 2.86, 2.4, 2.68, 2.48, 2.16, 1.83, 1.17, 1.48, 2.33, 1.71, 1.89, 1.83, 1.81, 2.6, 2.84, 2.32, 2.34, 3.66, 5.164, 4.818, 4.347, 4.264, 4.6, 4.82, 5.12, 5.646, 4.96, 3.34, 2.4, 1.63, 1.4, 1.61, 2.04, 2.02, 1.89, 2.14, 2.39], [0.88, 0.97, 0.77, 0, 0.82, 2.04, 3.28, 3.89, 3.31, 2.45, 1.54, 1.19, 1.33, 1.69, 3.87, 4.82, 5.01, 5.72, 6.15, 6.603, 7.02, 7.59, 7.85, 7.18, 6.09, 4.43, 4.45, 4.48, 3.42, 2.38, 2.62, 2.22, 2.28, 3.15, 3.36, 3.2, 4.14, 5.292, 5.295, 5.035, 5.1, 4.595, 3.88, 3.63, 3.21, 3.26, 3.18, 3.55, 3.39, 2.87, 2.29, 2.69, 2.49, 2.15, 1.74, 1.02, 1.39, 2.14, 1.46, 1.64, 1.64, 1.72, 2.55, 2.69, 2.13, 2.25, 3.45, 4.96, 4.62, 4.183, 4.02, 4.41, 4.61, 4.93, 5.493, 4.79, 3.17, 2.31, 1.52, 1.11, 1.26, 1.83, 1.83, 1.66, 1.95, 2.26], [0.88, 1.05, 1.05, 0.82, 0, 1.56, 2.9, 3.49, 2.91, 2.03, 1.48, 1.43, 1.57, 1.63, 3.55, 4.46, 4.73, 5.32, 5.85, 6.263, 6.7, 7.25, 7.53, 6.86, 5.75, 4.09, 4.05, 4.08, 3.02, 2.38, 2.92, 2.54, 2.58, 3.39, 3.58, 3.54, 4.42, 5.63, 5.621, 5.361, 5.38, 4.91, 4.28, 3.99, 3.69, 3.68, 3.64, 3.83, 3.69, 3.21, 2.37, 2.41, 2.21, 1.93, 1.62, 1.14, 1.15, 1.88, 1.62, 1.82, 1.76, 1.72, 2.17, 2.33, 2.13, 2.35, 3.21, 4.677, 4.357, 3.92, 3.84, 4.15, 4.35, 4.63, 5.159, 4.43, 2.81, 2.03, 1.4, 1.25, 1.32, 1.87, 1.79, 1.6, 1.85, 2.18], [1.68, 1.81, 2.01, 2.04, 1.56, 0, 1.96, 2.71, 1.91, 1.17, 1.46, 2.15, 2.43, 1.83, 3.09, 3.86, 4.01, 4.58, 5.09, 5.52, 5.92, 6.43, 6.69, 6.0, 4.95, 3.27, 3.07, 3.1, 2.4, 2.5, 3.34, 3.26, 3.52, 4.45, 4.56, 4.6, 5.38, 6.49, 6.49, 6.221, 6.22, 5.79, 5.58, 5.23, 4.85, 4.86, 4.8, 4.95, 4.71, 4.13, 3.11, 2.65, 2.29, 2.05, 1.94, 1.96, 1.53, 2.04, 2.34, 2.54, 2.32, 1.94, 1.83, 1.95, 2.21, 2.53, 2.91, 4.2, 4.12, 3.82, 3.8, 4.03, 4.09, 4.11, 4.429, 3.57, 2.11, 1.77, 1.74, 1.71, 1.82, 2.23, 2.07, 2.02, 2.21, 2.22], [2.92, 3.17, 3.39, 3.28, 2.9, 1.96, 0, 0.91, 0.91, 1.77, 2.92, 3.81, 3.89, 2.37, 1.69, 2.02, 2.23, 2.92, 3.33, 3.72, 4.22, 4.79, 5.05, 4.38, 3.37, 2.29, 1.91, 1.78, 1.56, 2.8, 3.84, 3.54, 4.5, 5.67, 6.04, 6.22, 7.14, 8.363, 8.363, 8.103, 8.096, 7.666, 6.98, 6.51, 6.19, 6.08, 6.12, 6.63, 6.43, 5.79, 4.77, 4.31, 3.93, 3.65, 3.56, 3.24, 2.67, 2.46, 3.34, 3.58, 3.3, 2.66, 1.63, 1.67, 2.71, 2.85, 2.53, 2.78, 2.96, 3.06, 2.96, 3.07, 2.87, 2.43, 2.52, 1.97, 1.85, 2.11, 2.8, 3.11, 2.86, 2.87, 2.67, 2.88, 2.87, 2.14], [3.55, 3.88, 3.94, 3.89, 3.49, 2.71, 0.91, 0, 1.06, 2.32, 3.55, 4.44, 4.52, 2.76, 1.48, 1.41, 1.76, 2.37, 2.68, 3.055, 3.57, 4.14, 4.4, 3.75, 2.88, 2.34, 1.88, 1.55, 1.71, 3.05, 4.07, 3.83, 4.87, 5.98, 6.61, 6.85, 7.77, 8.993, 8.993, 8.733, 8.726, 8.32, 7.57, 6.92, 6.64, 6.53, 6.63, 7.22, 6.96, 6.34, 5.36, 4.82, 4.5, 4.18, 4.11, 3.75, 3.04, 2.79, 3.71, 4.01, 3.77, 3.25, 2.2, 1.88, 3.06, 3.12, 2.52, 2.47, 2.71, 2.85, 2.79, 2.96, 2.58, 2.04, 1.93, 1.8, 1.98, 2.4, 3.25, 3.76, 3.37, 3.22, 3.02, 3.25, 3.28, 2.47], [2.93, 3.24, 3.28, 3.31, 2.91, 1.91, 0.91, 1.06, 0, 1.42, 2.73, 3.66, 3.8, 2.3, 1.72, 2.07, 2.22, 2.79, 3.3, 3.727, 4.21, 4.7, 4.96, 4.27, 3.3, 2.34, 1.98, 1.73, 1.53, 2.67, 3.69, 3.63, 4.47, 5.48, 5.91, 6.03, 7.03, 8.139, 8.14, 7.873, 7.889, 7.46, 6.85, 6.32, 6.02, 5.93, 5.93, 6.44, 6.18, 5.6, 4.62, 4.08, 3.7, 3.4, 3.39, 3.17, 2.5, 2.37, 3.25, 3.61, 3.41, 2.81, 1.92, 1.62, 2.64, 2.64, 2.3, 2.85, 2.97, 2.99, 2.93, 3.06, 3.04, 2.66, 2.75, 2.14, 1.82, 2.04, 2.67, 3.16, 2.95, 2.92, 2.68, 2.91, 2.84, 2.21], [2.07, 2.32, 2.34, 2.45, 2.03, 1.17, 1.77, 2.32, 1.42, 0, 1.59, 2.54, 2.76, 1.92, 2.5, 3.29, 3.4, 3.85, 4.36, 4.883, 5.15, 5.56, 5.82, 5.17, 4.16, 2.44, 2.42, 2.47, 1.91, 2.43, 3.39, 3.49, 4.05, 4.96, 5.05, 5.01, 5.97, 6.96, 6.96, 6.66, 6.73, 6.38, 5.99, 5.6, 5.24, 5.25, 5.11, 5.4, 5.08, 4.72, 3.74, 3.22, 2.86, 2.62, 2.57, 2.35, 1.94, 2.07, 2.67, 3.07, 2.89, 2.23, 1.78, 1.8, 2.38, 2.58, 2.52, 3.59, 3.67, 3.51, 3.47, 3.54, 3.6, 3.5, 3.99, 3.22, 2.18, 1.94, 2.19, 2.38, 2.39, 2.54, 2.34, 2.37, 2.5, 2.15], [1.22, 1.19, 1.37, 1.54, 1.48, 1.46, 2.92, 3.55, 2.73, 1.59, 0, 1.33, 1.73, 1.53, 3.65, 4.5, 4.59, 5.08, 5.67, 6.074, 6.26, 6.67, 6.93, 6.28, 5.27, 3.59, 3.61, 3.82, 2.98, 2.58, 3.16, 3.02, 3.46, 4.29, 4.2, 3.98, 4.78, 5.59, 5.55, 5.29, 5.5, 5.05, 4.86, 4.63, 4.19, 4.24, 4.1, 4.09, 3.95, 3.65, 2.99, 2.65, 2.51, 2.29, 2.08, 1.8, 1.81, 2.52, 2.5, 2.7, 2.54, 2.22, 2.41, 2.69, 2.53, 2.67, 3.43, 4.725, 4.62, 4.3, 4.22, 4.39, 4.49, 4.706, 5.293, 4.61, 3.13, 2.47, 2.06, 1.85, 2.24, 2.61, 2.57, 2.4, 2.57, 2.66], [1.07, 1.0, 1.0, 1.19, 1.43, 2.15, 3.81, 4.44, 3.66, 2.54, 1.33, 0, 0.76, 1.94, 4.46, 5.43, 5.5, 5.99, 6.6, 6.987, 7.07, 7.54, 7.82, 7.15, 6.12, 4.38, 4.44, 4.65, 3.79, 2.77, 2.41, 2.35, 2.49, 3.22, 3.13, 2.83, 3.61, 4.68, 4.62, 4.38, 4.57, 4.04, 3.67, 3.52, 3.1, 3.15, 2.99, 3.22, 3.14, 2.84, 2.68, 3.08, 2.88, 2.54, 2.29, 1.69, 2.08, 2.91, 2.37, 2.47, 2.43, 2.31, 3.04, 3.34, 2.8, 2.8, 4.196, 5.655, 5.295, 4.898, 4.775, 5.076, 5.319, 5.599, 6.186, 5.48, 3.86, 2.96, 2.13, 1.7, 2.23, 2.7, 2.64, 2.43, 2.68, 2.93], [1.23, 1.26, 1.26, 1.33, 1.57, 2.43, 3.89, 4.52, 3.8, 2.76, 1.73, 0.76, 0, 2.06, 4.52, 5.45, 5.58, 6.13, 6.6, 7.033, 6.97, 7.56, 7.84, 7.21, 6.16, 4.4, 4.48, 4.71, 3.89, 2.97, 2.47, 2.31, 2.39, 2.96, 2.99, 2.89, 3.69, 4.74, 4.54, 4.38, 4.57, 4.12, 3.45, 3.28, 2.9, 2.91, 2.85, 3.3, 3.24, 2.94, 3.1, 3.52, 3.32, 2.88, 2.65, 1.89, 2.2, 3.01, 2.43, 2.49, 2.37, 2.25, 3.18, 3.4, 2.78, 2.74, 4.22, 5.681, 5.324, 4.847, 4.761, 5.1, 5.34, 5.637, 6.203, 5.52, 3.9, 3.02, 2.23, 1.94, 2.27, 2.64, 2.66, 2.37, 2.66, 2.89], [1.49, 1.68, 1.78, 1.69, 1.63, 1.83, 2.37, 2.76, 2.3, 1.92, 1.53, 1.94, 2.06, 0, 2.62, 3.63, 3.8, 4.43, 4.9, 5.233, 5.49, 6.02, 6.26, 5.59, 4.5, 3.02, 3.28, 3.37, 2.57, 2.09, 2.77, 2.27, 2.87, 4.06, 4.61, 4.65, 5.43, 6.54, 6.477, 6.205, 6.45, 5.78, 4.89, 4.34, 4.0, 3.93, 4.05, 4.88, 4.92, 4.5, 3.74, 3.64, 3.32, 3.06, 2.85, 2.17, 1.74, 1.91, 2.13, 2.47, 2.29, 2.07, 2.14, 1.98, 1.76, 2.02, 2.62, 3.815, 3.69, 3.67, 3.65, 3.68, 3.52, 3.776, 4.329, 3.7, 2.4, 1.7, 2.05, 2.28, 2.05, 2.0, 1.96, 2.21, 2.14, 1.73], [3.73, 3.98, 4.1, 3.87, 3.55, 3.09, 1.69, 1.48, 1.72, 2.5, 3.65, 4.46, 4.52, 2.62, 0, 1.23, 1.58, 2.21, 2.72, 2.998, 3.43, 4.1, 4.34, 3.71, 2.76, 1.7, 1.94, 1.75, 1.53, 3.11, 4.19, 3.63, 4.79, 6.1, 6.93, 7.01, 7.85, 9.04, 9.04, 8.78, 8.87, 8.32, 7.45, 6.76, 6.42, 6.35, 6.566, 7.3, 7.18, 6.64, 5.68, 5.22, 4.84, 4.56, 4.37, 4.03, 3.34, 2.81, 3.67, 4.07, 3.89, 3.55, 2.62, 2.08, 2.92, 3.04, 2.36, 2.45, 2.83, 3.21, 3.17, 3.04, 2.38, 1.54, 2.21, 1.88, 1.92, 2.46, 3.53, 4.1, 3.59, 3.1, 2.96, 3.31, 3.18, 2.37], [4.58, 4.85, 4.91, 4.82, 4.46, 3.86, 2.02, 1.41, 2.07, 3.29, 4.5, 5.43, 5.45, 3.63, 1.23, 0, 0.71, 1.2, 1.61, 1.97, 2.5, 3.19, 3.41, 2.8, 1.97, 1.83, 1.85, 1.5, 2.0, 3.82, 4.9, 4.5, 5.54, 6.89, 7.7, 7.86, 8.785, 9.972, 9.966, 9.706, 9.76, 9.31, 8.44, 7.69, 7.45, 7.34, 7.52, 8.17, 7.97, 7.41, 6.43, 5.91, 5.53, 5.23, 5.16, 4.8, 4.05, 3.66, 4.6, 5.0, 4.78, 4.36, 3.31, 2.87, 3.75, 3.89, 3.09, 2.82, 3.28, 3.58, 3.52, 3.43, 2.81, 1.77, 1.98, 1.97, 2.69, 3.23, 4.26, 4.91, 4.48, 4.03, 3.89, 4.2, 3.95, 3.02], [4.75, 5.02, 5.08, 5.01, 4.73, 4.01, 2.23, 1.76, 2.22, 3.4, 4.59, 5.5, 5.58, 3.8, 1.58, 0.71, 0, 0.89, 1.24, 1.66, 2.11, 2.8, 2.98, 2.51, 1.68, 1.82, 1.76, 1.51, 2.09, 3.95, 5.07, 4.77, 5.85, 7.2, 7.87, 7.95, 8.87, 10.042, 10.036, 9.776, 9.85, 9.38, 8.61, 7.9, 7.64, 7.57, 7.67, 8.32, 8.22, 7.76, 6.78, 6.2, 5.84, 5.54, 5.51, 5.15, 4.38, 4.13, 5.05, 5.47, 5.21, 4.77, 3.66, 3.26, 4.2, 4.34, 3.46, 3.19, 3.65, 3.91, 3.89, 3.8, 3.22, 2.18, 2.25, 2.32, 3.18, 3.64, 4.59, 5.26, 4.87, 4.48, 4.32, 4.65, 4.36, 3.41], [5.42, 5.69, 5.71, 5.72, 5.32, 4.58, 2.92, 2.37, 2.79, 3.85, 5.08, 5.99, 6.13, 4.43, 2.21, 1.2, 0.89, 0, 0.87, 1.37, 1.72, 2.35, 2.53, 2.08, 1.47, 2.21, 2.19, 2.04, 2.66, 4.54, 5.54, 5.44, 6.5, 7.83, 8.36, 8.5, 9.38, 10.51, 10.51, 10.27, 10.32, 9.85, 9.22, 8.53, 8.23, 8.2, 8.22, 8.83, 8.71, 8.27, 7.29, 6.73, 6.37, 6.07, 6.04, 5.74, 5.01, 4.76, 5.72, 6.14, 5.86, 5.4, 4.29, 3.91, 4.83, 4.97, 3.79, 3.22, 3.78, 4.06, 3.98, 3.81, 3.25, 2.31, 2.5, 2.75, 3.71, 4.27, 5.2, 5.85, 5.54, 5.15, 4.99, 5.32, 5.01, 4.08], [5.91, 6.16, 6.16, 6.15, 5.85, 5.09, 3.33, 2.68, 3.3, 4.36, 5.67, 6.6, 6.6, 4.9, 2.72, 1.61, 1.24, 0.87, 0, 0.92, 1.33, 1.98, 2.24, 1.89, 1.58, 2.72, 2.68, 2.43, 3.17, 5.01, 6.11, 5.95, 6.99, 8.3, 8.93, 9.03, 9.91, 11.08, 11.08, 10.82, 10.85, 10.42, 9.63, 9.0, 8.68, 8.65, 8.69, 9.44, 9.26, 8.78, 7.8, 7.28, 6.9, 6.62, 6.53, 6.19, 5.48, 5.17, 6.15, 6.57, 6.31, 5.85, 4.72, 4.36, 5.28, 5.42, 4.1, 3.41, 3.91, 4.11, 4.11, 3.9, 3.38, 2.44, 2.47, 2.9, 4.16, 4.72, 5.67, 6.36, 5.97, 5.58, 5.42, 5.75, 5.44, 4.47], [6.34, 6.573, 6.67, 6.603, 6.263, 5.52, 3.72, 3.055, 3.727, 4.883, 6.074, 6.987, 7.033, 5.233, 2.998, 1.97, 1.66, 1.37, 0.92, 0, 0.97, 1.78, 1.9, 1.65, 1.7, 3.129, 3.074, 2.933, 3.614, 5.468, 6.556, 6.205, 7.25, 8.618, 9.316, 9.468, 10.354, 11.474, 11.485, 11.185, 11.374, 10.847, 10.063, 9.36, 9.013, 8.965, 9.08, 9.784, 9.744, 9.227, 8.247, 7.7, 7.347, 7.047, 6.977, 6.643, 5.913, 5.508, 6.488, 6.89, 6.725, 6.265, 5.173, 4.795, 5.6, 5.84, 4.5, 3.83, 4.29, 4.53, 4.59, 4.36, 3.86, 2.88, 2.81, 3.3, 4.48, 5.11, 6.134, 6.81, 6.39, 5.9, 5.7, 6.11, 5.72, 4.75], [6.78, 6.99, 7.03, 7.02, 6.7, 5.92, 4.22, 3.57, 4.21, 5.15, 6.26, 7.07, 6.97, 5.49, 3.43, 2.5, 2.11, 1.72, 1.33, 0.97, 0, 1.21, 1.33, 1.34, 1.69, 3.05, 3.21, 3.16, 4.06, 5.86, 6.94, 6.68, 7.82, 9.15, 9.74, 9.8, 10.58, 11.63, 11.39, 11.25, 11.48, 10.99, 10.12, 9.47, 9.17, 9.14, 9.28, 10.09, 10.11, 9.77, 8.79, 8.19, 7.85, 7.55, 7.52, 7.16, 6.41, 6.08, 7.04, 7.46, 7.24, 6.78, 5.67, 5.31, 6.19, 6.35, 5.05, 4.28, 4.6, 4.84, 4.84, 4.73, 4.27, 3.33, 3.38, 3.85, 5.05, 5.61, 6.64, 7.31, 6.88, 6.45, 6.29, 6.66, 6.33, 5.38], [7.29, 7.54, 7.5, 7.59, 7.25, 6.43, 4.79, 4.14, 4.7, 5.56, 6.67, 7.54, 7.56, 6.02, 4.1, 3.19, 2.8, 2.35, 1.98, 1.78, 1.21, 0, 0.66, 1.09, 1.68, 3.42, 3.52, 3.57, 4.55, 6.37, 7.39, 7.33, 8.57, 9.8, 10.17, 10.25, 11.01, 11.94, 11.48, 11.32, 11.91, 11.32, 10.23, 9.68, 9.3, 9.29, 9.45, 10.4, 10.56, 10.22, 9.24, 8.66, 8.34, 8.04, 7.97, 7.69, 6.98, 6.71, 7.69, 8.11, 7.85, 7.37, 6.24, 5.88, 6.94, 6.98, 5.76, 5.01, 5.17, 5.37, 5.39, 5.28, 4.84, 4.02, 4.13, 4.6, 5.78, 6.24, 7.11, 7.82, 7.47, 7.12, 6.98, 7.25, 7.08, 6.11], [7.57, 7.8, 7.78, 7.85, 7.53, 6.69, 5.05, 4.4, 4.96, 5.82, 6.93, 7.82, 7.84, 6.26, 4.34, 3.41, 2.98, 2.53, 2.24, 1.9, 1.33, 0.66, 0, 0.91, 1.86, 3.6, 3.74, 3.75, 4.75, 6.55, 7.59, 7.57, 8.79, 10.02, 10.43, 10.51, 11.29, 12.16, 11.76, 11.52, 12.13, 11.58, 10.49, 9.88, 9.46, 9.51, 9.69, 10.66, 10.78, 10.46, 9.48, 8.88, 8.58, 8.28, 8.21, 7.95, 7.22, 6.95, 7.93, 8.35, 8.09, 7.63, 6.5, 6.14, 7.16, 7.22, 6.02, 5.37, 5.57, 5.77, 5.77, 5.68, 5.2, 4.4, 4.51, 4.92, 6.0, 6.48, 7.39, 8.08, 7.73, 7.34, 7.2, 7.49, 7.28, 6.31], [6.9, 7.13, 7.11, 7.18, 6.86, 6.0, 4.38, 3.75, 4.27, 5.17, 6.28, 7.15, 7.21, 5.59, 3.71, 2.8, 2.51, 2.08, 1.89, 1.65, 1.34, 1.09, 0.91, 0, 1.27, 3.07, 3.15, 3.18, 4.1, 5.92, 6.96, 6.9, 8.06, 9.35, 9.8, 9.86, 10.62, 11.51, 11.19, 10.97, 11.5, 10.89, 9.84, 9.21, 8.81, 8.86, 9.02, 9.99, 10.11, 9.77, 8.77, 8.21, 7.89, 7.59, 7.54, 7.28, 6.55, 6.28, 7.26, 7.68, 7.42, 6.96, 5.87, 5.49, 6.41, 6.55, 5.53, 4.9, 5.16, 5.4, 5.38, 5.21, 4.73, 3.91, 3.98, 4.39, 5.27, 5.81, 6.72, 7.39, 7.06, 6.67, 6.51, 6.84, 6.55, 5.6], [5.83, 6.02, 6.04, 6.09, 5.75, 4.95, 3.37, 2.88, 3.3, 4.16, 5.27, 6.12, 6.16, 4.5, 2.76, 1.97, 1.68, 1.47, 1.58, 1.7, 1.69, 1.68, 1.86, 1.27, 0, 2.1, 2.22, 2.27, 3.07, 4.85, 5.97, 5.79, 6.99, 8.24, 8.73, 8.79, 9.55, 10.5, 10.24, 9.98, 10.51, 9.86, 8.77, 8.24, 7.98, 7.95, 8.01, 8.98, 9.12, 8.76, 7.76, 7.24, 6.9, 6.6, 6.53, 6.17, 5.48, 5.19, 6.17, 6.59, 6.31, 5.83, 4.78, 4.42, 5.36, 5.52, 4.68, 4.15, 4.49, 4.75, 4.71, 4.56, 4.02, 3.06, 3.23, 3.52, 4.26, 4.74, 5.67, 6.36, 5.97, 5.62, 5.46, 5.75, 5.52, 4.57], [4.15, 4.38, 4.4, 4.43, 4.09, 3.27, 2.29, 2.34, 2.34, 2.44, 3.59, 4.38, 4.4, 3.02, 1.7, 1.83, 1.82, 2.21, 2.72, 3.129, 3.05, 3.42, 3.6, 3.07, 2.1, 0, 1.18, 1.31, 1.61, 3.19, 4.17, 4.17, 5.45, 6.66, 6.99, 7.07, 7.89, 8.84, 8.66, 8.42, 8.71, 8.26, 7.51, 6.98, 6.7, 6.67, 6.63, 7.42, 7.38, 7.02, 6.04, 5.5, 5.16, 4.86, 4.81, 4.51, 3.84, 3.59, 4.57, 4.95, 4.67, 4.19, 3.24, 3.0, 3.94, 4.16, 3.6, 3.69, 4.11, 4.43, 4.37, 4.18, 3.48, 2.82, 3.49, 3.18, 3.2, 3.28, 3.99, 4.66, 4.31, 4.02, 3.88, 4.15, 4.0, 3.15], [4.15, 4.36, 4.46, 4.45, 4.05, 3.07, 1.91, 1.88, 1.98, 2.42, 3.61, 4.44, 4.48, 3.28, 1.94, 1.85, 1.76, 2.19, 2.68, 3.074, 3.21, 3.52, 3.74, 3.15, 2.22, 1.18, 0, 1.03, 1.61, 3.33, 4.27, 4.37, 5.69, 6.78, 6.91, 7.01, 7.81, 8.6, 8.58, 8.28, 8.49, 8.06, 7.73, 7.3, 7.02, 6.95, 6.95, 7.36, 7.22, 6.86, 5.92, 5.28, 4.96, 4.68, 4.69, 4.53, 3.94, 3.81, 4.73, 5.03, 4.71, 4.19, 3.24, 3.14, 4.22, 4.42, 3.98, 3.73, 4.05, 4.29, 4.25, 4.34, 3.86, 2.92, 3.23, 2.96, 3.38, 3.58, 4.03, 4.5, 4.35, 4.2, 4.0, 4.29, 4.2, 3.45], [4.08, 4.37, 4.43, 4.48, 4.08, 3.1, 1.78, 1.55, 1.73, 2.47, 3.82, 4.65, 4.71, 3.37, 1.75, 1.5, 1.51, 2.04, 2.43, 2.933, 3.16, 3.57, 3.75, 3.18, 2.27, 1.31, 1.03, 0, 1.2, 3.02, 3.86, 4.1, 5.28, 6.49, 6.84, 7.04, 7.96, 9.01, 9.03, 8.69, 8.74, 8.47, 7.92, 7.37, 7.07, 7.02, 7.04, 7.59, 7.35, 6.89, 5.95, 5.33, 5.01, 4.79, 4.72, 4.48, 3.77, 3.56, 4.46, 4.78, 4.5, 4.02, 3.11, 2.85, 3.81, 4.13, 3.71, 3.46, 3.86, 4.1, 4.08, 4.11, 3.55, 2.51, 2.6, 2.47, 2.99, 3.23, 3.78, 4.45, 4.16, 3.87, 3.71, 4.0, 3.85, 2.98], [3.1, 3.29, 3.41, 3.42, 3.02, 2.4, 1.56, 1.71, 1.53, 1.91, 2.98, 3.79, 3.89, 2.57, 1.53, 2.0, 2.09, 2.66, 3.17, 3.614, 4.06, 4.55, 4.75, 4.1, 3.07, 1.61, 1.61, 1.2, 0, 1.98, 3.08, 3.06, 4.16, 5.39, 5.86, 6.06, 6.98, 8.13, 8.17, 7.87, 7.86, 7.51, 6.88, 6.29, 6.01, 5.96, 5.96, 6.51, 6.29, 5.89, 4.95, 4.37, 4.11, 3.91, 3.78, 3.48, 2.79, 2.58, 3.42, 3.74, 3.48, 3.08, 2.57, 2.27, 2.97, 3.43, 3.23, 3.24, 3.64, 3.96, 3.9, 3.81, 3.31, 2.43, 2.96, 2.57, 2.49, 2.55, 2.78, 3.41, 3.1, 2.85, 2.69, 2.94, 2.91, 2.24], [2.44, 2.57, 2.51, 2.38, 2.38, 2.5, 2.8, 3.05, 2.67, 2.43, 2.58, 2.77, 2.97, 2.09, 3.11, 3.82, 3.95, 4.54, 5.01, 5.468, 5.86, 6.37, 6.55, 5.92, 4.85, 3.19, 3.33, 3.02, 1.98, 0, 1.48, 1.78, 2.66, 3.75, 4.24, 4.56, 5.5, 6.65, 6.69, 6.37, 6.42, 6.05, 5.4, 4.75, 4.49, 4.44, 4.48, 5.09, 4.81, 4.29, 3.67, 3.99, 3.89, 3.65, 3.42, 2.56, 2.21, 2.34, 2.4, 2.66, 2.64, 2.7, 2.63, 2.37, 2.55, 2.91, 3.55, 4.22, 4.3, 4.54, 4.48, 4.37, 4.01, 4.07, 4.4, 3.81, 3.15, 2.41, 2.3, 2.43, 2.46, 2.43, 2.31, 2.84, 2.85, 2.48], [2.54, 2.67, 2.59, 2.62, 2.92, 3.34, 3.84, 4.07, 3.69, 3.39, 3.16, 2.41, 2.47, 2.77, 4.19, 4.9, 5.07, 5.54, 6.11, 6.556, 6.94, 7.39, 7.59, 6.96, 5.97, 4.17, 4.27, 3.86, 3.08, 1.48, 0, 1.06, 1.8, 2.89, 3.2, 3.56, 4.54, 5.59, 5.65, 5.29, 5.34, 5.05, 4.52, 3.97, 3.67, 3.6, 3.6, 4.07, 3.71, 3.59, 3.91, 4.35, 4.31, 3.97, 3.74, 2.86, 2.89, 3.06, 2.9, 2.92, 2.7, 2.84, 3.27, 3.17, 2.93, 3.01, 4.41, 5.34, 5.16, 5.3, 5.16, 5.19, 4.77, 5.17, 5.42, 5.01, 4.01, 3.09, 2.56, 2.47, 2.86, 2.77, 2.73, 3.14, 3.15, 2.94], [2.22, 2.27, 2.27, 2.22, 2.54, 3.26, 3.54, 3.83, 3.63, 3.49, 3.02, 2.35, 2.31, 2.27, 3.63, 4.5, 4.77, 5.44, 5.95, 6.205, 6.68, 7.33, 7.57, 6.9, 5.79, 4.17, 4.37, 4.1, 3.06, 1.78, 1.06, 0, 1.44, 2.69, 3.3, 3.62, 4.48, 5.73, 5.73, 5.47, 5.5, 5.03, 4.24, 3.55, 3.25, 3.16, 3.34, 4.03, 3.95, 3.79, 3.99, 4.49, 4.37, 3.95, 3.68, 2.7, 2.69, 2.74, 2.56, 2.6, 2.4, 2.58, 3.13, 2.99, 2.53, 2.61, 4.05, 5.0, 4.86, 4.96, 4.82, 4.81, 4.45, 4.79, 5.12, 4.71, 3.61, 2.85, 2.5, 2.45, 2.54, 2.35, 2.39, 2.64, 2.67, 2.42], [2.38, 2.43, 2.43, 2.28, 2.58, 3.52, 4.5, 4.87, 4.47, 4.05, 3.46, 2.49, 2.39, 2.87, 4.79, 5.54, 5.85, 6.5, 6.99, 7.25, 7.82, 8.57, 8.79, 8.06, 6.99, 5.45, 5.69, 5.28, 4.16, 2.66, 1.8, 1.44, 0, 1.63, 2.52, 2.8, 3.72, 4.95, 4.95, 4.73, 4.68, 4.23, 3.44, 2.73, 2.43, 2.36, 2.62, 3.19, 3.19, 3.31, 3.81, 4.55, 4.37, 3.85, 3.6, 2.64, 2.77, 3.08, 2.44, 2.5, 2.3, 2.7, 3.87, 3.63, 2.53, 2.93, 4.31, 5.66, 5.54, 5.42, 5.36, 5.13, 5.29, 5.51, 5.869, 5.09, 3.77, 3.01, 2.5, 2.51, 2.42, 2.37, 2.43, 2.48, 2.27, 2.66], [3.33, 3.36, 3.26, 3.15, 3.39, 4.45, 5.67, 5.98, 5.48, 4.96, 4.29, 3.22, 2.96, 4.06, 6.1, 6.89, 7.2, 7.83, 8.3, 8.618, 9.15, 9.8, 10.02, 9.35, 8.24, 6.66, 6.78, 6.49, 5.39, 3.75, 2.89, 2.69, 1.63, 0, 1.11, 1.41, 2.21, 3.42, 3.4, 3.18, 3.23, 2.72, 2.11, 1.6, 1.74, 1.63, 1.63, 1.76, 2.34, 3.06, 4.2, 5.02, 4.82, 4.3, 4.07, 3.29, 3.58, 4.25, 3.43, 3.43, 3.33, 3.71, 4.94, 4.78, 3.88, 4.0, 5.62, 7.039, 6.79, 6.49, 6.41, 6.5, 6.68, 7.04, 7.439, 6.64, 5.04, 4.16, 3.31, 3.28, 3.29, 3.64, 3.66, 3.39, 3.42, 4.07], [3.5, 3.47, 3.37, 3.36, 3.58, 4.56, 6.04, 6.61, 5.91, 5.05, 4.2, 3.13, 2.99, 4.61, 6.93, 7.7, 7.87, 8.36, 8.93, 9.316, 9.74, 10.17, 10.43, 9.8, 8.73, 6.99, 6.91, 6.84, 5.86, 4.24, 3.2, 3.3, 2.52, 1.11, 0, 0.78, 1.54, 2.55, 2.61, 2.37, 2.52, 1.95, 1.68, 1.75, 1.87, 1.84, 1.48, 1.19, 2.03, 2.89, 4.11, 4.91, 4.71, 4.25, 4.14, 3.56, 4.17, 5.057, 4.22, 4.054, 3.96, 4.14, 5.31, 5.41, 4.79, 4.79, 6.51, 8.023, 7.668, 7.206, 7.103, 7.43, 7.667, 7.99, 8.303, 7.55, 5.93, 4.97, 3.84, 3.53, 3.78, 4.45, 4.473, 4.026, 4.293, 4.983], [3.48, 3.35, 3.17, 3.2, 3.54, 4.6, 6.22, 6.85, 6.03, 5.01, 3.98, 2.83, 2.89, 4.65, 7.01, 7.86, 7.95, 8.5, 9.03, 9.468, 9.8, 10.25, 10.51, 9.86, 8.79, 7.07, 7.01, 7.04, 6.06, 4.56, 3.56, 3.62, 2.8, 1.41, 0.78, 0, 1.28, 2.27, 2.29, 2.03, 2.1, 1.67, 1.56, 1.87, 1.91, 1.88, 1.56, 1.01, 1.57, 2.57, 3.85, 4.63, 4.43, 3.97, 3.82, 3.5, 4.289, 5.199, 4.359, 4.351, 4.268, 4.4, 5.43, 5.73, 5.05, 4.95, 6.57, 8.066, 7.691, 7.214, 7.108, 7.47, 7.71, 8.07, 8.633, 7.87, 6.25, 5.281, 4.16, 3.65, 4.013, 4.746, 4.789, 4.259, 4.556, 5.243], [4.32, 4.11, 3.99, 4.14, 4.42, 5.38, 7.14, 7.77, 7.03, 5.97, 4.78, 3.61, 3.69, 5.43, 7.85, 8.785, 8.87, 9.38, 9.91, 10.354, 10.58, 11.01, 11.29, 10.62, 9.55, 7.89, 7.81, 7.96, 6.98, 5.5, 4.54, 4.48, 3.72, 2.21, 1.54, 1.28, 0, 1.31, 1.31, 1.53, 1.66, 1.01, 1.98, 2.45, 2.61, 2.56, 2.24, 1.53, 1.87, 2.95, 4.09, 4.97, 4.65, 4.57, 4.54, 4.5, 5.31, 6.205, 5.345, 5.282, 5.199, 5.32, 6.35, 6.65, 5.97, 5.95, 7.581, 9.091, 8.717, 8.24, 8.134, 8.51, 8.741, 9.041, 9.51, 8.79, 7.17, 6.21, 5.08, 4.59, 4.945, 5.678, 5.701, 5.191, 5.458, 6.108], [5.523, 5.253, 5.111, 5.292, 5.63, 6.49, 8.363, 8.993, 8.139, 6.96, 5.59, 4.68, 4.74, 6.54, 9.04, 9.972, 10.042, 10.51, 11.08, 11.474, 11.63, 11.94, 12.16, 11.51, 10.5, 8.84, 8.6, 9.01, 8.13, 6.65, 5.59, 5.73, 4.95, 3.42, 2.55, 2.27, 1.31, 0, 0.96, 1.4, 1.47, 1.22, 2.63, 3.18, 3.52, 3.51, 3.05, 2.18, 2.44, 3.56, 4.52, 5.3, 5.2, 5.22, 5.45, 5.689, 6.482, 7.392, 6.532, 6.523, 6.441, 6.57, 7.6, 7.9, 7.22, 7.14, 8.742, 10.246, 9.872, 9.395, 9.289, 9.679, 9.902, 10.202, 10.749, 10.04, 8.42, 7.433, 6.303, 5.753, 6.186, 6.919, 6.942, 6.432, 6.699, 7.349], [5.523, 5.253, 5.111, 5.295, 5.621, 6.49, 8.363, 8.993, 8.14, 6.96, 5.55, 4.62, 4.54, 6.477, 9.04, 9.966, 10.036, 10.51, 11.08, 11.485, 11.39, 11.48, 11.76, 11.19, 10.24, 8.66, 8.58, 9.03, 8.17, 6.69, 5.65, 5.73, 4.95, 3.4, 2.61, 2.29, 1.31, 0.96, 0, 0.94, 1.37, 1.08, 2.45, 3.06, 3.32, 3.33, 3.03, 2.14, 2.46, 3.52, 4.5, 5.36, 5.14, 5.24, 5.47, 5.683, 6.476, 7.386, 6.526, 6.523, 6.441, 6.57, 7.6, 7.9, 7.22, 7.14, 8.745, 10.206, 9.832, 9.355, 9.249, 9.64, 9.865, 10.165, 10.743, 10.04, 8.42, 7.433, 6.33, 5.773, 6.186, 6.919, 6.942, 6.432, 6.699, 7.349], [5.263, 4.993, 4.851, 5.035, 5.361, 6.221, 8.103, 8.733, 7.873, 6.66, 5.29, 4.38, 4.38, 6.205, 8.78, 9.706, 9.776, 10.27, 10.82, 11.185, 11.25, 11.32, 11.52, 10.97, 9.98, 8.42, 8.28, 8.69, 7.87, 6.37, 5.29, 5.47, 4.73, 3.18, 2.37, 2.03, 1.53, 1.4, 0.94, 0, 0.87, 1.02, 2.25, 2.82, 3.04, 3.05, 2.77, 2.02, 2.04, 3.08, 4.12, 4.82, 4.7, 4.896, 5.166, 5.423, 6.216, 7.126, 6.266, 6.263, 6.181, 6.31, 7.34, 7.64, 6.96, 6.88, 8.485, 9.946, 9.572, 9.095, 8.989, 9.38, 9.605, 9.905, 10.483, 9.78, 8.16, 7.173, 6.043, 5.493, 5.926, 6.659, 6.682, 6.172, 6.439, 7.089], [5.3, 5.07, 4.95, 5.1, 5.38, 6.22, 8.096, 8.726, 7.889, 6.73, 5.5, 4.57, 4.57, 6.45, 8.87, 9.76, 9.85, 10.32, 10.85, 11.374, 11.48, 11.91, 12.13, 11.5, 10.51, 8.71, 8.49, 8.74, 7.86, 6.42, 5.34, 5.5, 4.68, 3.23, 2.52, 2.1, 1.66, 1.47, 1.37, 0.87, 0, 1.19, 2.54, 3.17, 3.43, 3.44, 3.22, 2.33, 2.09, 3.07, 4.05, 4.61, 4.63, 4.892, 5.182, 5.439, 6.232, 7.142, 6.282, 6.256, 6.173, 6.3, 7.33, 7.63, 6.95, 6.89, 8.498, 10.014, 9.64, 9.163, 9.057, 9.43, 9.658, 9.97, 10.519, 9.77, 8.15, 7.166, 6.036, 5.486, 5.919, 6.652, 6.675, 6.165, 6.432, 7.102], [4.83, 4.56, 4.46, 4.595, 4.91, 5.79, 7.666, 8.32, 7.46, 6.38, 5.05, 4.04, 4.12, 5.78, 8.32, 9.31, 9.38, 9.85, 10.42, 10.847, 10.99, 11.32, 11.58, 10.89, 9.86, 8.26, 8.06, 8.47, 7.51, 6.05, 5.05, 5.03, 4.23, 2.72, 1.95, 1.67, 1.01, 1.22, 1.08, 1.02, 1.19, 0, 1.67, 2.32, 2.7, 2.71, 2.41, 1.54, 1.96, 3.02, 4.16, 5.06, 4.72, 4.7, 4.77, 4.989, 5.82, 6.692, 5.832, 5.806, 5.723, 5.85, 6.88, 7.18, 6.5, 6.44, 8.045, 9.552, 9.178, 8.701, 8.595, 8.98, 9.205, 9.505, 10.032, 9.32, 7.7, 6.736, 5.65, 5.056, 5.469, 6.202, 6.225, 5.715, 5.982, 6.632], [4.22, 4.05, 3.89, 3.88, 4.28, 5.58, 6.98, 7.57, 6.85, 5.99, 4.86, 3.67, 3.45, 4.89, 7.45, 8.44, 8.61, 9.22, 9.63, 10.063, 10.12, 10.23, 10.49, 9.84, 8.77, 7.51, 7.73, 7.92, 6.88, 5.4, 4.52, 4.24, 3.44, 2.11, 1.68, 1.56, 1.98, 2.63, 2.45, 2.25, 2.54, 1.67, 0, 1.13, 1.35, 1.48, 1.32, 1.31, 2.67, 3.71, 4.99, 5.89, 5.59, 5.15, 4.98, 4.32, 5.05, 5.793, 4.931, 4.931, 4.86, 5.06, 6.23, 6.35, 5.63, 5.53, 7.123, 8.559, 8.185, 7.747, 7.639, 7.997, 8.223, 8.557, 9.173, 8.45, 6.83, 5.97, 4.98, 4.59, 4.66, 5.326, 5.369, 4.879, 5.126, 5.84], [3.89, 3.94, 3.7, 3.63, 3.99, 5.23, 6.51, 6.92, 6.32, 5.6, 4.63, 3.52, 3.28, 4.34, 6.76, 7.69, 7.9, 8.53, 9.0, 9.36, 9.47, 9.68, 9.88, 9.21, 8.24, 6.98, 7.3, 7.37, 6.29, 4.75, 3.97, 3.55, 2.73, 1.6, 1.75, 1.87, 2.45, 3.18, 3.06, 2.82, 3.17, 2.32, 1.13, 0, 0.76, 0.75, 0.81, 1.44, 3.12, 4.04, 5.18, 6.04, 5.84, 5.28, 5.01, 4.17, 4.46, 5.15, 4.31, 4.39, 4.35, 4.59, 5.8, 5.72, 4.92, 4.86, 6.433, 7.852, 7.612, 7.21, 7.05, 7.3, 7.516, 7.851, 8.437, 7.74, 6.14, 5.24, 4.47, 4.24, 4.23, 4.7, 4.719, 4.31, 4.52, 5.15], [3.51, 3.54, 3.34, 3.21, 3.69, 4.85, 6.19, 6.64, 6.02, 5.24, 4.19, 3.1, 2.9, 4.0, 6.42, 7.45, 7.64, 8.23, 8.68, 9.013, 9.17, 9.3, 9.46, 8.81, 7.98, 6.7, 7.02, 7.07, 6.01, 4.49, 3.67, 3.25, 2.43, 1.74, 1.87, 1.91, 2.61, 3.52, 3.32, 3.04, 3.43, 2.7, 1.35, 0.76, 0, 0.61, 0.81, 1.64, 3.04, 3.8, 4.82, 5.72, 5.48, 4.96, 4.63, 3.73, 4.16, 4.79, 3.97, 4.05, 4.03, 4.25, 5.46, 5.44, 4.6, 4.56, 6.088, 7.494, 7.243, 6.906, 6.75, 6.908, 7.131, 7.528, 8.128, 7.42, 5.8, 4.92, 4.15, 3.86, 3.93, 4.373, 4.376, 3.99, 4.2, 4.79], [3.52, 3.57, 3.33, 3.26, 3.68, 4.86, 6.08, 6.53, 5.93, 5.25, 4.24, 3.15, 2.91, 3.93, 6.35, 7.34, 7.57, 8.2, 8.65, 8.965, 9.14, 9.29, 9.51, 8.86, 7.95, 6.67, 6.95, 7.02, 5.96, 4.44, 3.6, 3.16, 2.36, 1.63, 1.84, 1.88, 2.56, 3.51, 3.33, 3.05, 3.44, 2.71, 1.48, 0.75, 0.61, 0, 0.94, 1.63, 2.93, 3.87, 4.91, 5.77, 5.57, 5.03, 4.74, 3.86, 4.15, 4.72, 4.0, 4.08, 4.04, 4.2, 5.37, 5.37, 4.53, 4.51, 6.063, 7.456, 7.179, 6.82, 6.66, 6.901, 7.123, 7.461, 8.047, 7.35, 5.81, 4.91, 4.14, 3.91, 3.9, 4.37, 4.369, 4.06, 4.19, 4.74], [3.38, 3.45, 3.23, 3.18, 3.64, 4.8, 6.12, 6.63, 5.93, 5.11, 4.1, 2.99, 2.85, 4.05, 6.566, 7.52, 7.67, 8.22, 8.69, 9.08, 9.28, 9.45, 9.69, 9.02, 8.01, 6.63, 6.95, 7.04, 5.96, 4.48, 3.6, 3.34, 2.62, 1.63, 1.48, 1.56, 2.24, 3.05, 3.03, 2.77, 3.22, 2.41, 1.32, 0.81, 0.81, 0.94, 0, 1.29, 2.69, 3.53, 4.63, 5.55, 5.31, 4.79, 4.46, 3.62, 4.11, 4.848, 4.079, 4.12, 4.06, 4.24, 5.39, 5.49, 4.77, 4.65, 6.178, 7.656, 7.327, 6.928, 6.805, 7.021, 7.243, 7.688, 8.26, 7.583, 5.97, 5.03, 4.12, 3.79, 3.94, 4.495, 4.498, 4.088, 4.395, 4.945], [3.77, 3.66, 3.52, 3.55, 3.83, 4.95, 6.63, 7.22, 6.44, 5.4, 4.09, 3.22, 3.3, 4.88, 7.3, 8.17, 8.32, 8.83, 9.44, 9.784, 10.09, 10.4, 10.66, 9.99, 8.98, 7.42, 7.36, 7.59, 6.51, 5.09, 4.07, 4.03, 3.19, 1.76, 1.19, 1.01, 1.53, 2.18, 2.14, 2.02, 2.33, 1.54, 1.31, 1.44, 1.64, 1.63, 1.29, 0, 2.06, 3.18, 4.4, 5.2, 5.02, 4.5, 4.35, 3.95, 4.673, 5.563, 4.761, 4.781, 4.638, 4.77, 5.8, 6.1, 5.42, 5.32, 6.913, 8.349, 7.975, 7.517, 7.412, 7.791, 8.013, 8.351, 8.957, 8.24, 6.62, 5.651, 4.53, 4.02, 4.403, 5.116, 5.139, 4.649, 4.936, 5.606], [3.63, 3.48, 3.3, 3.39, 3.69, 4.71, 6.43, 6.96, 6.18, 5.08, 3.95, 3.14, 3.24, 4.92, 7.18, 7.97, 8.22, 8.71, 9.26, 9.744, 10.11, 10.56, 10.78, 10.11, 9.12, 7.38, 7.22, 7.35, 6.29, 4.81, 3.71, 3.95, 3.19, 2.34, 2.03, 1.57, 1.87, 2.44, 2.46, 2.04, 2.09, 1.96, 2.67, 3.12, 3.04, 2.93, 2.69, 2.06, 0, 1.36, 2.66, 3.44, 3.18, 3.02, 3.19, 3.43, 4.28, 5.121, 4.298, 4.298, 4.215, 4.35, 5.38, 5.72, 5.0, 4.88, 6.491, 7.947, 7.587, 7.173, 7.047, 7.34, 7.58, 8.02, 8.61, 7.82, 6.3, 5.26, 4.13, 3.58, 4.11, 4.746, 4.766, 4.339, 4.595, 5.325], [3.15, 3.04, 2.86, 2.87, 3.21, 4.13, 5.79, 6.34, 5.6, 4.72, 3.65, 2.84, 2.94, 4.5, 6.64, 7.41, 7.76, 8.27, 8.78, 9.227, 9.77, 10.22, 10.46, 9.77, 8.76, 7.02, 6.86, 6.89, 5.89, 4.29, 3.59, 3.79, 3.31, 3.06, 2.89, 2.57, 2.95, 3.56, 3.52, 3.08, 3.07, 3.02, 3.71, 4.04, 3.8, 3.87, 3.53, 3.18, 1.36, 0, 1.62, 2.42, 2.28, 2.26, 2.35, 2.67, 3.46, 4.19, 3.41, 3.389, 3.31, 3.43, 4.52, 4.88, 4.16, 3.96, 5.62, 7.19, 6.882, 6.431, 6.313, 6.64, 6.86, 7.4, 7.83, 6.98, 5.48, 4.44, 3.43, 2.74, 3.35, 3.952, 3.981, 3.61, 3.9, 4.75], [2.71, 2.62, 2.4, 2.29, 2.37, 3.11, 4.77, 5.36, 4.62, 3.74, 2.99, 2.68, 3.1, 3.74, 5.68, 6.43, 6.78, 7.29, 7.8, 8.247, 8.79, 9.24, 9.48, 8.77, 7.76, 6.04, 5.92, 5.95, 4.95, 3.67, 3.91, 3.99, 3.81, 4.2, 4.11, 3.85, 4.09, 4.52, 4.5, 4.12, 4.05, 4.16, 4.99, 5.18, 4.82, 4.91, 4.63, 4.4, 2.66, 1.62, 0, 1.26, 1.3, 1.42, 1.49, 1.99, 2.6, 3.23, 2.59, 2.71, 2.83, 2.87, 3.6, 3.98, 3.4, 3.48, 4.68, 6.202, 5.93, 5.508, 5.37, 5.66, 5.88, 6.44, 6.87, 6.04, 4.52, 3.46, 2.67, 2.26, 2.63, 3.24, 3.14, 3.03, 3.38, 3.87], [2.85, 2.76, 2.68, 2.69, 2.41, 2.65, 4.31, 4.82, 4.08, 3.22, 2.65, 3.08, 3.52, 3.64, 5.22, 5.91, 6.2, 6.73, 7.28, 7.7, 8.19, 8.66, 8.88, 8.21, 7.24, 5.5, 5.28, 5.33, 4.37, 3.99, 4.35, 4.49, 4.55, 5.02, 4.91, 4.63, 4.97, 5.3, 5.36, 4.82, 4.61, 5.06, 5.89, 6.04, 5.72, 5.77, 5.55, 5.2, 3.44, 2.42, 1.26, 0, 0.86, 1.28, 1.49, 2.29, 2.54, 3.03, 3.05, 3.19, 3.11, 3.01, 3.4, 3.68, 3.46, 3.58, 4.36, 5.782, 5.482, 5.13, 4.97, 5.3, 5.52, 5.98, 6.41, 5.64, 4.12, 3.3, 2.67, 2.34, 2.73, 3.24, 3.08, 2.99, 3.34, 3.71], [2.61, 2.5, 2.48, 2.49, 2.21, 2.29, 3.93, 4.5, 3.7, 2.86, 2.51, 2.88, 3.32, 3.32, 4.84, 5.53, 5.84, 6.37, 6.9, 7.347, 7.85, 8.34, 8.58, 7.89, 6.9, 5.16, 4.96, 5.01, 4.11, 3.89, 4.31, 4.37, 4.37, 4.82, 4.71, 4.43, 4.65, 5.2, 5.14, 4.7, 4.63, 4.72, 5.59, 5.84, 5.48, 5.57, 5.31, 5.02, 3.18, 2.28, 1.3, 0.86, 0, 0.84, 1.21, 2.01, 2.24, 2.79, 2.77, 2.97, 2.89, 2.69, 3.0, 3.24, 3.12, 3.26, 3.96, 5.484, 5.184, 4.79, 4.63, 4.98, 5.16, 5.66, 6.13, 5.3, 3.8, 2.78, 2.23, 2.22, 2.41, 2.88, 2.72, 2.61, 2.86, 3.21], [2.31, 2.26, 2.16, 2.15, 1.93, 2.05, 3.65, 4.18, 3.4, 2.62, 2.29, 2.54, 2.88, 3.06, 4.56, 5.23, 5.54, 6.07, 6.62, 7.047, 7.55, 8.04, 8.28, 7.59, 6.6, 4.86, 4.68, 4.79, 3.91, 3.65, 3.97, 3.95, 3.85, 4.3, 4.25, 3.97, 4.57, 5.22, 5.24, 4.896, 4.892, 4.7, 5.15, 5.28, 4.96, 5.03, 4.79, 4.5, 3.02, 2.26, 1.42, 1.28, 0.84, 0, 0.77, 1.71, 2.04, 2.65, 2.47, 2.49, 2.49, 2.25, 2.78, 3.02, 2.76, 2.84, 3.72, 5.204, 4.904, 4.49, 4.35, 4.68, 4.9, 5.38, 5.85, 5.02, 3.52, 2.56, 1.95, 1.86, 2.07, 2.66, 2.58, 2.19, 2.44, 2.95], [2.02, 1.95, 1.83, 1.74, 1.62, 1.94, 3.56, 4.11, 3.39, 2.57, 2.08, 2.29, 2.65, 2.85, 4.37, 5.16, 5.51, 6.04, 6.53, 6.977, 7.52, 7.97, 8.21, 7.54, 6.53, 4.81, 4.69, 4.72, 3.78, 3.42, 3.74, 3.68, 3.6, 4.07, 4.14, 3.82, 4.54, 5.45, 5.47, 5.166, 5.182, 4.77, 4.98, 5.01, 4.63, 4.74, 4.46, 4.35, 3.19, 2.35, 1.49, 1.49, 1.21, 0.77, 0, 1.26, 1.77, 2.26, 2.06, 2.08, 2.08, 1.92, 2.65, 2.79, 2.53, 2.55, 3.47, 4.949, 4.649, 4.22, 4.08, 4.45, 4.61, 5.13, 5.56, 4.83, 3.29, 2.41, 1.76, 1.53, 1.62, 2.19, 2.21, 1.88, 2.23, 2.74], [1.18, 1.25, 1.17, 1.02, 1.14, 1.96, 3.24, 3.75, 3.17, 2.35, 1.8, 1.69, 1.89, 2.17, 4.03, 4.8, 5.15, 5.74, 6.19, 6.643, 7.16, 7.69, 7.95, 7.28, 6.17, 4.51, 4.53, 4.48, 3.48, 2.56, 2.86, 2.7, 2.64, 3.29, 3.56, 3.5, 4.5, 5.689, 5.683, 5.423, 5.439, 4.989, 4.32, 4.17, 3.73, 3.86, 3.62, 3.95, 3.43, 2.67, 1.99, 2.29, 2.01, 1.71, 1.26, 0, 1.03, 1.74, 1.26, 1.38, 1.42, 1.36, 2.09, 2.43, 1.87, 2.01, 3.15, 4.686, 4.386, 3.929, 3.82, 4.07, 4.31, 4.83, 5.3, 4.51, 2.99, 1.97, 1.4, 0.97, 1.26, 1.73, 1.59, 1.4, 1.79, 2.22], [1.29, 1.52, 1.48, 1.39, 1.15, 1.53, 2.67, 3.04, 2.5, 1.94, 1.81, 2.08, 2.2, 1.74, 3.34, 4.05, 4.38, 5.01, 5.48, 5.913, 6.41, 6.98, 7.22, 6.55, 5.48, 3.84, 3.94, 3.77, 2.79, 2.21, 2.89, 2.69, 2.77, 3.58, 4.17, 4.289, 5.31, 6.482, 6.476, 6.216, 6.232, 5.82, 5.05, 4.46, 4.16, 4.15, 4.11, 4.673, 4.28, 3.46, 2.6, 2.54, 2.24, 2.04, 1.77, 1.03, 0, 1.03, 1.13, 1.39, 1.25, 1.23, 1.74, 1.72, 1.54, 1.66, 2.5, 3.964, 3.71, 3.33, 3.27, 3.52, 3.64, 4.1, 4.53, 3.72, 2.18, 1.26, 0.95, 1.2, 1.15, 1.36, 1.24, 1.21, 1.48, 1.79], [2.04, 2.27, 2.33, 2.14, 1.88, 2.04, 2.46, 2.79, 2.37, 2.07, 2.52, 2.91, 3.01, 1.91, 2.81, 3.66, 4.13, 4.76, 5.17, 5.508, 6.08, 6.71, 6.95, 6.28, 5.19, 3.59, 3.81, 3.56, 2.58, 2.34, 3.06, 2.74, 3.08, 4.25, 5.057, 5.199, 6.205, 7.392, 7.386, 7.126, 7.142, 6.692, 5.793, 5.15, 4.79, 4.72, 4.848, 5.563, 5.121, 4.19, 3.23, 3.03, 2.79, 2.65, 2.26, 1.74, 1.03, 0, 1.08, 1.46, 1.5, 1.38, 1.55, 1.37, 1.35, 1.51, 1.67, 3.14, 2.86, 2.7, 2.68, 2.81, 2.83, 3.45, 3.86, 3.05, 1.75, 1.29, 1.64, 1.87, 1.6, 1.31, 1.13, 1.42, 1.67, 1.64], [1.72, 1.85, 1.71, 1.46, 1.62, 2.34, 3.34, 3.71, 3.25, 2.67, 2.5, 2.37, 2.43, 2.13, 3.67, 4.6, 5.05, 5.72, 6.15, 6.488, 7.04, 7.69, 7.93, 7.26, 6.17, 4.57, 4.73, 4.46, 3.42, 2.4, 2.9, 2.56, 2.44, 3.43, 4.22, 4.359, 5.345, 6.532, 6.526, 6.266, 6.282, 5.832, 4.931, 4.31, 3.97, 4.0, 4.079, 4.761, 4.298, 3.41, 2.59, 3.05, 2.77, 2.47, 2.06, 1.26, 1.13, 1.08, 0, 0.78, 0.96, 1.18, 2.13, 2.09, 1.29, 1.51, 2.49, 3.98, 3.68, 3.36, 3.3, 3.63, 3.73, 4.31, 4.72, 3.91, 2.47, 1.65, 1.32, 1.35, 1.12, 1.11, 1.11, 1.16, 1.55, 1.92], [1.82, 1.91, 1.89, 1.64, 1.82, 2.54, 3.58, 4.01, 3.61, 3.07, 2.7, 2.47, 2.49, 2.47, 4.07, 5.0, 5.47, 6.14, 6.57, 6.89, 7.46, 8.11, 8.35, 7.68, 6.59, 4.95, 5.03, 4.78, 3.74, 2.66, 2.92, 2.6, 2.5, 3.43, 4.054, 4.351, 5.282, 6.523, 6.523, 6.263, 6.256, 5.806, 4.931, 4.39, 4.05, 4.08, 4.12, 4.781, 4.298, 3.389, 2.71, 3.19, 2.97, 2.49, 2.08, 1.38, 1.39, 1.46, 0.78, 0, 0.78, 1.22, 2.27, 2.31, 1.55, 1.65, 2.77, 4.195, 3.92, 3.64, 3.52, 3.97, 3.99, 4.67, 4.94, 4.09, 2.69, 1.93, 1.32, 1.33, 1.12, 1.19, 1.29, 1.26, 1.57, 2.18], [1.7, 1.83, 1.83, 1.64, 1.76, 2.32, 3.3, 3.77, 3.41, 2.89, 2.54, 2.43, 2.37, 2.29, 3.89, 4.78, 5.21, 5.86, 6.31, 6.725, 7.24, 7.85, 8.09, 7.42, 6.31, 4.67, 4.71, 4.5, 3.48, 2.64, 2.7, 2.4, 2.3, 3.33, 3.96, 4.268, 5.199, 6.441, 6.441, 6.181, 6.173, 5.723, 4.86, 4.35, 4.03, 4.04, 4.06, 4.638, 4.215, 3.31, 2.83, 3.11, 2.89, 2.49, 2.08, 1.42, 1.25, 1.5, 0.96, 0.78, 0, 0.84, 2.09, 2.09, 1.39, 1.29, 2.75, 4.226, 3.9, 3.64, 3.56, 3.85, 3.99, 4.55, 4.86, 3.95, 2.55, 1.71, 1.06, 1.07, 0.9, 1.01, 1.13, 1.04, 1.33, 2.0], [1.52, 1.75, 1.81, 1.72, 1.72, 1.94, 2.66, 3.25, 2.81, 2.23, 2.22, 2.31, 2.25, 2.07, 3.55, 4.36, 4.77, 5.4, 5.85, 6.265, 6.78, 7.37, 7.63, 6.96, 5.83, 4.19, 4.19, 4.02, 3.08, 2.7, 2.84, 2.58, 2.7, 3.71, 4.14, 4.4, 5.32, 6.57, 6.57, 6.31, 6.3, 5.85, 5.06, 4.59, 4.25, 4.2, 4.24, 4.77, 4.35, 3.43, 2.87, 3.01, 2.69, 2.25, 1.92, 1.36, 1.23, 1.38, 1.18, 1.22, 0.84, 0, 1.41, 1.65, 1.13, 1.33, 2.51, 4.009, 3.681, 3.34, 3.26, 3.57, 3.79, 4.27, 4.58, 3.69, 2.29, 1.37, 1.02, 1.17, 1.08, 1.19, 1.17, 1.08, 1.23, 1.62], [2.17, 2.42, 2.6, 2.55, 2.17, 1.83, 1.63, 2.2, 1.92, 1.78, 2.41, 3.04, 3.18, 2.14, 2.62, 3.31, 3.66, 4.29, 4.72, 5.173, 5.67, 6.24, 6.5, 5.87, 4.78, 3.24, 3.24, 3.11, 2.57, 2.63, 3.27, 3.13, 3.87, 4.94, 5.31, 5.43, 6.35, 7.6, 7.6, 7.34, 7.33, 6.88, 6.23, 5.8, 5.46, 5.37, 5.39, 5.8, 5.38, 4.52, 3.6, 3.4, 3.0, 2.78, 2.65, 2.09, 1.74, 1.55, 2.13, 2.27, 2.09, 1.41, 0, 0.88, 1.6, 1.7, 1.78, 3.03, 2.75, 2.51, 2.47, 2.62, 2.72, 3.22, 3.51, 2.74, 1.68, 1.36, 1.81, 1.94, 2.01, 1.96, 1.68, 2.01, 2.02, 1.65], [2.41, 2.68, 2.84, 2.69, 2.33, 1.95, 1.67, 1.88, 1.62, 1.8, 2.69, 3.34, 3.4, 1.98, 2.08, 2.87, 3.26, 3.91, 4.36, 4.795, 5.31, 5.88, 6.14, 5.49, 4.42, 3.0, 3.14, 2.85, 2.27, 2.37, 3.17, 2.99, 3.63, 4.78, 5.41, 5.73, 6.65, 7.9, 7.9, 7.64, 7.63, 7.18, 6.35, 5.72, 5.44, 5.37, 5.49, 6.1, 5.72, 4.88, 3.98, 3.68, 3.24, 3.02, 2.79, 2.43, 1.72, 1.37, 2.09, 2.31, 2.09, 1.65, 0.88, 0, 1.44, 1.54, 1.48, 2.71, 2.41, 2.33, 2.23, 2.4, 2.44, 2.78, 3.05, 2.26, 1.18, 1.02, 1.83, 2.24, 1.87, 1.68, 1.52, 1.75, 1.82, 1.43], [1.95, 2.2, 2.32, 2.13, 2.13, 2.21, 2.71, 3.06, 2.64, 2.38, 2.53, 2.8, 2.78, 1.76, 2.92, 3.75, 4.2, 4.83, 5.28, 5.6, 6.19, 6.94, 7.16, 6.41, 5.36, 3.94, 4.22, 3.81, 2.97, 2.55, 2.93, 2.53, 2.53, 3.88, 4.79, 5.05, 5.97, 7.22, 7.22, 6.96, 6.95, 6.5, 5.63, 4.92, 4.6, 4.53, 4.77, 5.42, 5.0, 4.16, 3.4, 3.46, 3.12, 2.76, 2.53, 1.87, 1.54, 1.35, 1.29, 1.55, 1.39, 1.13, 1.6, 1.44, 0, 0.9, 2.04, 3.43, 3.27, 3.01, 2.95, 2.82, 3.1, 3.48, 3.85, 2.92, 1.82, 1.18, 1.41, 1.76, 1.59, 1.3, 1.24, 1.37, 1.08, 1.11], [2.03, 2.3, 2.34, 2.25, 2.35, 2.53, 2.85, 3.12, 2.64, 2.58, 2.67, 2.8, 2.74, 2.02, 3.04, 3.89, 4.34, 4.97, 5.42, 5.84, 6.35, 6.98, 7.22, 6.55, 5.52, 4.16, 4.42, 4.13, 3.43, 2.91, 3.01, 2.61, 2.93, 4.0, 4.79, 4.95, 5.95, 7.14, 7.14, 6.88, 6.89, 6.44, 5.53, 4.86, 4.56, 4.51, 4.65, 5.32, 4.88, 3.96, 3.48, 3.58, 3.26, 2.84, 2.55, 2.01, 1.66, 1.51, 1.51, 1.65, 1.29, 1.33, 1.7, 1.54, 0.9, 0, 1.92, 3.31, 3.03, 2.73, 2.59, 2.9, 3.04, 3.66, 4.07, 3.22, 2.04, 1.52, 1.65, 1.84, 1.73, 1.46, 1.56, 1.47, 1.6, 1.65], [3.31, 3.6, 3.66, 3.45, 3.21, 2.91, 2.53, 2.52, 2.3, 2.52, 3.43, 4.196, 4.22, 2.62, 2.36, 3.09, 3.46, 3.79, 4.1, 4.5, 5.05, 5.76, 6.02, 5.53, 4.68, 3.6, 3.98, 3.71, 3.23, 3.55, 4.41, 4.05, 4.31, 5.62, 6.51, 6.57, 7.581, 8.742, 8.745, 8.485, 8.498, 8.045, 7.123, 6.433, 6.088, 6.063, 6.178, 6.913, 6.491, 5.62, 4.68, 4.36, 3.96, 3.72, 3.47, 3.15, 2.5, 1.67, 2.49, 2.77, 2.75, 2.51, 1.78, 1.48, 2.04, 1.92, 0, 1.71, 1.59, 1.77, 1.75, 1.62, 1.48, 2.14, 2.57, 2.06, 1.28, 1.86, 2.89, 3.28, 2.83, 2.32, 2.22, 2.59, 2.44, 2.15], [4.814, 5.104, 5.164, 4.96, 4.677, 4.2, 2.78, 2.47, 2.85, 3.59, 4.725, 5.655, 5.681, 3.815, 2.45, 2.82, 3.19, 3.22, 3.41, 3.83, 4.28, 5.01, 5.37, 4.9, 4.15, 3.69, 3.73, 3.46, 3.24, 4.22, 5.34, 5.0, 5.66, 7.039, 8.023, 8.066, 9.091, 10.246, 10.206, 9.946, 10.014, 9.552, 8.559, 7.852, 7.494, 7.456, 7.656, 8.349, 7.947, 7.19, 6.202, 5.782, 5.484, 5.204, 4.949, 4.686, 3.964, 3.14, 3.98, 4.195, 4.226, 4.009, 3.03, 2.71, 3.43, 3.31, 1.71, 0, 0.96, 1.62, 1.6, 1.59, 1.21, 1.51, 1.82, 1.85, 2.33, 3.19, 4.3, 4.804, 4.346, 3.63, 3.57, 4.04, 3.81, 3.26], [4.494, 4.804, 4.818, 4.62, 4.357, 4.12, 2.96, 2.71, 2.97, 3.67, 4.62, 5.295, 5.324, 3.69, 2.83, 3.28, 3.65, 3.78, 3.91, 4.29, 4.6, 5.17, 5.57, 5.16, 4.49, 4.11, 4.05, 3.86, 3.64, 4.3, 5.16, 4.86, 5.54, 6.79, 7.668, 7.691, 8.717, 9.872, 9.832, 9.572, 9.64, 9.178, 8.185, 7.612, 7.243, 7.179, 7.327, 7.975, 7.587, 6.882, 5.93, 5.482, 5.184, 4.904, 4.649, 4.386, 3.71, 2.86, 3.68, 3.92, 3.9, 3.681, 2.75, 2.41, 3.27, 3.03, 1.59, 0.96, 0, 0.86, 0.86, 1.15, 1.07, 1.85, 2.14, 2.33, 2.39, 2.95, 4.0, 4.464, 3.986, 3.37, 3.27, 3.76, 3.63, 3.08], [4.017, 4.327, 4.347, 4.183, 3.92, 3.82, 3.06, 2.85, 2.99, 3.51, 4.3, 4.898, 4.847, 3.67, 3.21, 3.58, 3.91, 4.06, 4.11, 4.53, 4.84, 5.37, 5.77, 5.4, 4.75, 4.43, 4.29, 4.1, 3.96, 4.54, 5.3, 4.96, 5.42, 6.49, 7.206, 7.214, 8.24, 9.395, 9.355, 9.095, 9.163, 8.701, 7.747, 7.21, 6.906, 6.82, 6.928, 7.517, 7.173, 6.431, 5.508, 5.13, 4.79, 4.49, 4.22, 3.929, 3.33, 2.7, 3.36, 3.64, 3.64, 3.34, 2.51, 2.33, 3.01, 2.73, 1.77, 1.62, 0.86, 0, 0.42, 1.11, 1.47, 2.31, 2.46, 2.61, 2.41, 2.75, 3.66, 4.067, 3.6, 3.25, 3.11, 3.3, 3.41, 3.06], [3.98, 4.264, 4.264, 4.02, 3.84, 3.8, 2.96, 2.79, 2.93, 3.47, 4.22, 4.775, 4.761, 3.65, 3.17, 3.52, 3.89, 3.98, 4.11, 4.59, 4.84, 5.39, 5.77, 5.38, 4.71, 4.37, 4.25, 4.08, 3.9, 4.48, 5.16, 4.82, 5.36, 6.41, 7.103, 7.108, 8.134, 9.289, 9.249, 8.989, 9.057, 8.595, 7.639, 7.05, 6.75, 6.66, 6.805, 7.412, 7.047, 6.313, 5.37, 4.97, 4.63, 4.35, 4.08, 3.82, 3.27, 2.68, 3.3, 3.52, 3.56, 3.26, 2.47, 2.23, 2.95, 2.59, 1.75, 1.6, 0.86, 0.42, 0, 1.03, 1.41, 2.29, 2.5, 2.63, 2.41, 2.71, 3.56, 3.95, 3.5, 3.19, 3.07, 3.2, 3.35, 2.98], [4.27, 4.58, 4.6, 4.41, 4.15, 4.03, 3.07, 2.96, 3.06, 3.54, 4.39, 5.076, 5.1, 3.68, 3.04, 3.43, 3.8, 3.81, 3.9, 4.36, 4.73, 5.28, 5.68, 5.21, 4.56, 4.18, 4.34, 4.11, 3.81, 4.37, 5.19, 4.81, 5.13, 6.5, 7.43, 7.47, 8.51, 9.679, 9.64, 9.38, 9.43, 8.98, 7.997, 7.3, 6.908, 6.901, 7.021, 7.791, 7.34, 6.64, 5.66, 5.3, 4.98, 4.68, 4.45, 4.07, 3.52, 2.81, 3.63, 3.97, 3.85, 3.57, 2.62, 2.4, 2.82, 2.9, 1.62, 1.59, 1.15, 1.11, 1.03, 0, 1.18, 1.9, 2.21, 2.26, 2.22, 2.82, 3.83, 4.26, 3.87, 3.34, 3.16, 3.49, 3.26, 2.85], [4.47, 4.76, 4.82, 4.61, 4.35, 4.09, 2.87, 2.58, 3.04, 3.6, 4.49, 5.319, 5.34, 3.52, 2.38, 2.81, 3.22, 3.25, 3.38, 3.86, 4.27, 4.84, 5.2, 4.73, 4.02, 3.48, 3.86, 3.55, 3.31, 4.01, 4.77, 4.45, 5.29, 6.68, 7.667, 7.71, 8.741, 9.902, 9.865, 9.605, 9.658, 9.205, 8.223, 7.516, 7.131, 7.123, 7.243, 8.013, 7.58, 6.86, 5.88, 5.52, 5.16, 4.9, 4.61, 4.31, 3.64, 2.83, 3.73, 3.99, 3.99, 3.79, 2.72, 2.44, 3.1, 3.04, 1.48, 1.21, 1.07, 1.47, 1.41, 1.18, 0, 1.5, 1.93, 2.26, 2.26, 2.84, 3.95, 4.48, 3.99, 3.28, 3.22, 3.69, 3.5, 2.89], [4.77, 5.06, 5.12, 4.93, 4.63, 4.11, 2.43, 2.04, 2.66, 3.5, 4.706, 5.599, 5.637, 3.776, 1.54, 1.77, 2.18, 2.31, 2.44, 2.88, 3.33, 4.02, 4.4, 3.91, 3.06, 2.82, 2.92, 2.51, 2.43, 4.07, 5.17, 4.79, 5.51, 7.04, 7.99, 8.07, 9.041, 10.202, 10.165, 9.905, 9.97, 9.505, 8.557, 7.851, 7.528, 7.461, 7.688, 8.351, 8.02, 7.4, 6.44, 5.98, 5.66, 5.38, 5.13, 4.83, 4.1, 3.45, 4.31, 4.67, 4.55, 4.27, 3.22, 2.78, 3.48, 3.66, 2.14, 1.51, 1.85, 2.31, 2.29, 1.9, 1.5, 0, 1.19, 1.36, 2.26, 3.2, 4.37, 4.88, 4.41, 3.74, 3.68, 4.03, 3.82, 3.03], [5.225, 5.498, 5.646, 5.493, 5.159, 4.429, 2.52, 1.93, 2.75, 3.99, 5.293, 6.186, 6.203, 4.329, 2.21, 1.98, 2.25, 2.5, 2.47, 2.81, 3.38, 4.13, 4.51, 3.98, 3.23, 3.49, 3.23, 2.6, 2.96, 4.4, 5.42, 5.12, 5.869, 7.439, 8.303, 8.633, 9.51, 10.749, 10.743, 10.483, 10.519, 10.032, 9.173, 8.437, 8.128, 8.047, 8.26, 8.957, 8.61, 7.83, 6.87, 6.41, 6.13, 5.85, 5.56, 5.3, 4.53, 3.86, 4.72, 4.94, 4.86, 4.58, 3.51, 3.05, 3.85, 4.07, 2.57, 1.82, 2.14, 2.46, 2.5, 2.21, 1.93, 1.19, 0, 1.17, 2.53, 3.51, 4.66, 5.17, 4.7, 3.97, 3.95, 4.42, 4.15, 3.42], [4.53, 4.8, 4.96, 4.79, 4.43, 3.57, 1.97, 1.8, 2.14, 3.22, 4.61, 5.48, 5.52, 3.7, 1.88, 1.97, 2.32, 2.75, 2.9, 3.3, 3.85, 4.6, 4.92, 4.39, 3.52, 3.18, 2.96, 2.47, 2.57, 3.81, 5.01, 4.71, 5.09, 6.64, 7.55, 7.87, 8.79, 10.04, 10.04, 9.78, 9.77, 9.32, 8.45, 7.74, 7.42, 7.35, 7.583, 8.24, 7.82, 6.98, 6.04, 5.64, 5.3, 5.02, 4.83, 4.51, 3.72, 3.05, 3.91, 4.09, 3.95, 3.69, 2.74, 2.26, 2.92, 3.22, 2.06, 1.85, 2.33, 2.61, 2.63, 2.26, 2.26, 1.36, 1.17, 0, 1.7, 2.68, 3.79, 4.34, 3.95, 3.26, 3.22, 3.63, 3.36, 2.79], [2.91, 3.18, 3.34, 3.17, 2.81, 2.11, 1.85, 1.98, 1.82, 2.18, 3.13, 3.86, 3.9, 2.4, 1.92, 2.69, 3.18, 3.71, 4.16, 4.48, 5.05, 5.78, 6.0, 5.27, 4.26, 3.2, 3.38, 2.99, 2.49, 3.15, 4.01, 3.61, 3.77, 5.04, 5.93, 6.25, 7.17, 8.42, 8.42, 8.16, 8.15, 7.7, 6.83, 6.14, 5.8, 5.81, 5.97, 6.62, 6.3, 5.48, 4.52, 4.12, 3.8, 3.52, 3.29, 2.99, 2.18, 1.75, 2.47, 2.69, 2.55, 2.29, 1.68, 1.18, 1.82, 2.04, 1.28, 2.33, 2.39, 2.41, 2.41, 2.22, 2.26, 2.26, 2.53, 1.7, 0, 1.36, 2.35, 2.84, 2.39, 1.94, 1.86, 2.03, 2.06, 1.83], [2.05, 2.34, 2.4, 2.31, 2.