[[0, 0.83, 1.11, 1.94, 3.09, 2.62, 2.6, 2.76, 2.88, 2.49, 2.03, 1.46, 1.99, 3.4, 2.98, 1.82, 1.28, 1.04, 1.53, 2.44, 2.86, 3.28, 2.94, 2.18, 1.8, 1.91, 1.94, 1.93, 2.34, 2.56, 3.15, 2.66, 2.09, 3.57, 5.108, 4.93, 4.5, 4.982, 5.16, 5.29, 4.9, 4.668, 4.5, 4.41, 4.47, 4.459, 4.62, 4.965, 5.017, 4.69, 3.84, 2.85, 2.04, 1.71, 1.87, 1.84, 1.63, 2.25, 3.44, 3.71, 3.11, 2.49, 2.29, 2.76, 3.4, 4.51, 5.37, 4.988, 5.73, 8.17, 8.902, 8.812, 9.649, 10.396, 10.826, 10.183, 9.496, 9.792, 9.933, 9.336, 8.599, 9.189, 9.183, 8.761, 8.557, 8.252], [0.83, 0, 0.74, 1.43, 2.6, 2.25, 2.19, 2.43, 2.39, 2.06, 1.76, 1.35, 1.48, 2.81, 2.47, 1.61, 1.39, 1.35, 1.42, 2.33, 2.67, 3.03, 2.75, 2.05, 1.67, 1.68, 1.87, 1.76, 1.93, 2.09, 2.48, 2.07, 2.0, 3.924, 5.41, 5.14, 5.093, 5.637, 5.791, 5.877, 5.467, 4.995, 4.8, 4.997, 5.04, 4.99, 5.127, 5.58, 5.629, 5.2, 4.13, 3.08, 2.25, 1.66, 1.74, 1.83, 1.36, 1.68, 2.87, 3.18, 2.68, 2.22, 1.96, 2.23, 2.85, 3.92, 4.8, 4.42, 5.18, 7.627, 8.35, 8.243, 9.059, 9.806, 10.236, 9.513, 8.886, 9.202, 9.323, 8.766, 8.029, 8.619, 8.593, 8.14, 7.913, 7.622], [1.11, 0.74, 0, 1.33, 2.6, 2.43, 2.43, 2.67, 2.47, 2.18, 2.02, 1.75, 1.66, 2.67, 2.45, 1.73, 1.75, 1.63, 1.68, 2.67, 2.87, 3.37, 3.03, 2.25, 1.69, 1.84, 2.09, 1.92, 2.25, 2.41, 2.38, 2.03, 2.22, 4.023, 5.484, 5.12, 5.37, 5.951, 6.093, 6.194, 5.784, 5.241, 5.05, 5.274, 5.377, 5.367, 5.51, 5.894, 5.906, 5.48, 4.23, 3.08, 2.23, 1.82, 1.84, 1.99, 1.5, 1.64, 2.71, 3.16, 2.74, 2.18, 1.98, 2.25, 2.69, 3.76, 4.7, 4.5, 5.06, 7.535, 8.295, 8.165, 8.845, 9.515, 9.936, 9.219, 8.632, 9.008, 9.015, 8.449, 7.795, 8.359, 8.265, 7.858, 7.599, 7.339], [1.94, 1.43, 1.33, 0, 1.75, 2.08, 2.0, 2.06, 1.7, 1.59, 1.71, 1.6, 1.25, 1.98, 2.02, 1.34, 1.76, 2.1, 1.59, 2.22, 2.48, 2.92, 2.88, 2.06, 1.46, 1.55, 1.92, 1.61, 2.14, 2.16, 2.01, 1.82, 2.85, 5.119, 6.559, 6.07, 6.18, 6.782, 6.915, 6.968, 6.578, 6.022, 5.715, 6.01, 6.054, 5.984, 6.06, 6.691, 6.714, 6.308, 5.212, 4.09, 3.34, 2.59, 2.55, 2.86, 2.31, 1.43, 2.12, 2.47, 2.29, 2.13, 1.71, 1.62, 2.16, 3.11, 3.59, 3.59, 4.05, 6.685, 7.265, 7.175, 7.82, 8.622, 9.02, 8.52, 7.799, 7.98, 8.236, 7.604, 6.813, 7.383, 7.456, 7.095, 6.891, 6.655], [3.09, 2.6, 2.6, 1.75, 0, 1.03, 1.33, 1.21, 0.93, 1.22, 1.84, 2.29, 1.62, 1.33, 1.19, 1.81, 2.71, 3.21, 2.24, 1.79, 1.73, 1.93, 1.99, 1.73, 2.47, 2.14, 2.17, 1.96, 1.87, 1.91, 1.88, 2.27, 3.92, 6.335, 7.818, 7.36, 7.399, 7.906, 8.105, 8.141, 7.671, 7.319, 7.126, 7.17, 7.161, 7.091, 7.122, 7.758, 7.841, 7.452, 6.505, 5.42, 4.63, 3.86, 3.62, 4.05, 3.48, 1.96, 1.45, 1.28, 1.34, 1.94, 1.82, 1.37, 1.43, 2.12, 2.54, 2.38, 2.94, 5.495, 6.153, 6.105, 6.85, 7.617, 8.03, 7.436, 6.772, 6.99, 7.192, 6.497, 5.723, 6.293, 6.307, 5.917, 5.727, 5.556], [2.62, 2.25, 2.43, 2.08, 1.03, 0, 0.68, 1.26, 1.28, 1.63, 1.99, 2.22, 1.41, 1.58, 1.06, 1.6, 2.24, 2.7, 1.73, 1.4, 1.58, 1.54, 1.3, 1.14, 1.92, 1.59, 1.62, 1.55, 1.56, 1.82, 2.15, 2.66, 3.57, 5.83, 7.388, 7.15, 6.84, 7.387, 7.584, 7.63, 7.235, 6.83, 6.62, 6.743, 6.78, 6.723, 6.86, 7.33, 7.359, 6.93, 6.04, 4.99, 4.18, 3.51, 3.47, 3.64, 3.13, 2.29, 1.94, 1.79, 1.35, 1.53, 1.57, 1.36, 1.34, 2.09, 2.93, 2.57, 3.31, 5.834, 6.514, 6.407, 7.24, 8.007, 8.42, 7.8, 7.122, 7.36, 7.562, 6.947, 6.173, 6.763, 6.797, 6.395, 6.171, 5.886], [2.6, 2.19, 2.43, 2.0, 1.33, 0.68, 0, 0.9, 1.18, 1.43, 1.65, 1.92, 1.01, 1.5, 0.92, 1.5, 2.2, 2.62, 1.59, 1.22, 1.26, 1.34, 1.34, 1.02, 1.64, 1.43, 1.46, 1.41, 1.4, 1.6, 1.97, 2.52, 3.49, 5.75, 7.285, 7.09, 6.74, 7.287, 7.421, 7.49, 7.155, 6.77, 6.5, 6.563, 6.673, 6.55, 6.72, 7.25, 7.256, 6.85, 6.0, 5.01, 4.14, 3.49, 3.33, 3.52, 3.07, 2.15, 1.9, 1.89, 1.29, 1.59, 1.59, 1.4, 1.4, 2.17, 3.028, 2.665, 3.49, 6.051, 6.574, 6.501, 7.34, 8.162, 8.554, 8.04, 7.313, 7.474, 7.79, 7.164, 6.367, 6.94, 7.036, 6.657, 6.433, 6.148], [2.76, 2.43, 2.67, 2.06, 1.21, 1.26, 0.9, 0, 0.82, 1.03, 1.45, 1.96, 1.35, 1.4, 1.08, 1.6, 2.52, 2.9, 1.81, 1.48, 1.52, 1.52, 1.76, 1.38, 2.1, 1.79, 1.78, 1.79, 1.64, 1.56, 1.69, 2.26, 3.85, 6.137, 7.703, 7.47, 7.08, 7.585, 7.697, 7.79, 7.507, 7.27, 6.993, 6.983, 6.933, 6.829, 6.929, 7.508, 7.577, 7.29, 6.44, 5.37, 4.56, 3.79, 3.51, 3.94, 3.37, 2.07, 1.46, 1.51, 1.29, 1.87, 1.83, 1.62, 1.68, 2.25, 2.71, 2.35, 3.11, 5.639, 6.279, 6.186, 7.023, 7.79, 8.2, 7.677, 6.95, 7.166, 7.407, 6.79, 6.053, 6.643, 6.676, 6.275, 6.071, 5.757], [2.88, 2.39, 2.47, 1.7, 0.93, 1.28, 1.18, 0.82, 0, 0.77, 1.57, 2.12, 1.33, 1.34, 1.18, 1.78, 2.72, 3.08, 2.05, 1.76, 1.68, 1.8, 1.98, 1.6, 2.28, 1.97, 2.18, 1.95, 1.9, 1.76, 1.71, 2.02, 3.77, 6.174, 7.634, 7.27, 7.203, 7.733, 7.887, 7.959, 7.577, 7.15, 6.864, 7.005, 7.059, 6.969, 7.021, 7.639, 7.716, 7.31, 6.38, 5.31, 4.46, 3.71, 3.45, 3.9, 3.33, 1.89, 1.24, 1.49, 1.45, 2.05, 1.87, 1.44, 1.62, 2.27, 2.55, 2.27, 2.97, 5.471, 6.114, 6.033, 6.86, 7.647, 8.04, 7.5, 6.799, 7.006, 7.236, 6.567, 5.793, 6.383, 6.476, 6.075, 5.851, 5.566], [2.49, 2.06, 2.18, 1.59, 1.22, 1.63, 1.43, 1.03, 0.77, 0, 0.98, 1.55, 1.16, 1.61, 1.43, 1.65, 2.43, 2.67, 1.84, 1.71, 1.71, 1.95, 2.13, 1.59, 2.11, 1.8, 2.13, 1.76, 1.97, 1.79, 1.76, 1.95, 3.4, 5.798, 7.261, 6.9, 6.742, 7.263, 7.399, 7.435, 7.036, 6.78, 6.451, 6.558, 6.569, 6.479, 6.488, 7.181, 7.238, 6.895, 6.01, 4.96, 4.09, 3.38, 3.1, 3.53, 2.96, 1.76, 1.51, 1.76, 1.76, 2.26, 1.9, 1.71, 2.01, 2.7, 3.06, 2.8, 3.48, 6.052, 6.646, 6.553, 7.39, 8.192, 8.59, 8.07, 7.349, 7.55, 7.803, 7.174, 6.383, 6.973, 7.046, 6.685, 6.461, 6.167], [2.03, 1.76, 2.02, 1.71, 1.84, 1.99, 1.65, 1.45, 1.57, 0.98, 0, 0.83, 1.1, 2.17, 1.97, 1.67, 2.09, 2.21, 1.52, 1.47, 1.79, 2.09, 2.33, 1.69, 1.83, 1.6, 1.85, 1.5, 1.89, 1.63, 1.96, 2.13, 2.94, 5.22, 6.73, 6.48, 6.09, 6.549, 6.688, 6.752, 6.374, 6.22, 5.95, 5.94, 5.875, 5.785, 5.79, 6.472, 6.584, 6.3, 5.47, 4.4, 3.59, 2.84, 2.64, 3.03, 2.5, 1.62, 2.17, 2.36, 2.06, 2.42, 2.02, 2.15, 2.55, 3.18, 3.84, 3.474, 4.309, 6.88, 7.383, 7.35, 8.21, 9.028, 9.422, 8.93, 8.203, 8.342, 8.674, 8.019, 7.213, 7.803, 7.912, 7.547, 7.323, 7.038], [1.46, 1.35, 1.75, 1.6, 2.29, 2.22, 1.92, 1.96, 2.12, 1.55, 0.83, 0, 1.09, 2.62, 2.22, 1.56, 1.66, 1.68, 1.23, 1.5, 1.82, 2.24, 2.34, 1.66, 1.64, 1.47, 1.62, 1.43, 1.8, 1.84, 2.37, 2.22, 2.23, 4.55, 6.07, 5.81, 5.4, 5.91, 6.046, 6.079, 5.744, 5.57, 5.28, 5.27, 5.202, 5.112, 5.16, 5.828, 5.914, 5.63, 4.8, 3.77, 3.02, 2.23, 2.07, 2.38, 1.91, 1.59, 2.7, 2.97, 2.39, 2.43, 2.07, 2.16, 2.66, 3.65, 4.39, 4.042, 4.839, 7.47, 7.965, 7.915, 8.772, 9.584, 9.983, 9.491, 8.773, 8.932, 9.23, 8.575, 7.778, 8.368, 8.467, 8.103, 7.879, 7.594], [1.99, 1.48, 1.66, 1.25, 1.62, 1.41, 1.01, 1.35, 1.33, 1.16, 1.1, 1.09, 0, 1.67, 1.39, 1.09, 1.71, 2.07, 1.1, 1.27, 1.49, 1.81, 1.81, 1.15, 1.33, 1.08, 1.37, 1.16, 1.51, 1.51, 1.82, 1.93, 2.72, 5.12, 6.6, 6.28, 6.13, 6.714, 6.845, 6.88, 6.547, 6.06, 5.81, 5.944, 6.003, 5.913, 6.007, 6.62, 6.643, 6.26, 5.31, 4.28, 3.41, 2.74, 2.44, 2.87, 2.32, 1.5, 1.97, 2.24, 1.66, 1.82, 1.52, 1.45, 1.77, 2.76, 3.561, 3.258, 4.004, 6.624, 7.182, 7.046, 7.874, 8.683, 9.079, 8.584, 7.866, 8.039, 8.308, 7.686, 6.904, 7.471, 7.558, 7.176, 6.972, 6.667], [3.4, 2.81, 2.67, 1.98, 1.33, 1.58, 1.5, 1.4, 1.34, 1.61, 2.17, 2.62, 1.67, 0, 0.9, 1.92, 3.1, 3.56, 2.39, 2.14, 2.08, 2.14, 2.22, 1.86, 2.56, 2.25, 2.2, 2.15, 1.88, 1.78, 1.51, 1.92, 3.91, 6.37, 7.83, 7.33, 7.597, 8.15, 8.294, 8.396, 8.009, 7.433, 7.16, 7.47, 7.533, 7.443, 7.52, 8.079, 8.153, 7.707, 6.44, 5.25, 4.52, 3.75, 3.57, 4.04, 3.47, 1.87, 1.36, 1.51, 1.29, 1.97, 1.95, 1.38, 1.32, 1.59, 2.417, 2.391, 2.788, 5.348, 6.223, 6.058, 6.547, 7.318, 7.684, 6.995, 6.334, 6.698, 6.777, 6.185, 5.526, 6.064, 6.064, 5.683, 5.482, 5.213], [2.98, 2.47, 2.45, 2.02, 1.19, 1.06, 0.92, 1.08, 1.18, 1.43, 1.97, 2.22, 1.39, 0.9, 0, 1.48, 2.62, 3.12, 1.97, 1.66, 1.56, 1.62, 1.68, 1.42, 2.1, 1.83, 1.76, 1.77, 1.48, 1.56, 1.69, 2.38, 3.69, 6.09, 7.55, 7.17, 7.2, 7.733, 7.886, 7.976, 7.589, 7.19, 6.927, 7.068, 7.096, 7.026, 7.103, 7.659, 7.733, 7.31, 6.28, 5.23, 4.38, 3.67, 3.41, 3.82, 3.25, 1.91, 1.34, 1.31, 0.89, 1.45, 1.43, 1.16, 1.02, 1.79, 2.568, 2.331, 2.914, 5.394, 6.203, 6.095, 6.887, 7.611, 8.041, 7.395, 6.714, 7.029, 7.148, 6.565, 5.857, 6.444, 6.418, 6.016, 5.788, 5.48], [1.82, 1.61, 1.73, 1.34, 1.81, 1.6, 1.5, 1.6, 1.78, 1.65, 1.67, 1.56, 1.09, 1.92, 1.48, 0, 1.24, 1.8, 1.35, 1.8, 1.96, 2.4, 2.34, 1.24, 1.08, 1.15, 1.44, 1.19, 1.54, 1.66, 1.97, 2.42, 3.01, 5.01, 6.63, 6.31, 6.02, 6.53, 6.677, 6.79, 6.427, 6.19, 5.95, 5.8, 5.733, 5.743, 5.86, 6.348, 6.414, 6.13, 5.32, 4.23, 3.42, 2.79, 2.77, 3.02, 2.37, 1.83, 1.9, 2.13, 1.51, 1.13, 1.01, 1.18, 2.02, 2.99, 3.808, 3.445, 4.179, 6.728, 7.408, 7.315, 8.147, 8.928, 9.358, 8.763, 8.073, 8.289, 8.51, 7.745, 6.994, 7.581, 7.634, 7.281, 7.074, 6.826], [1.28, 1.39, 1.75, 1.76, 2.71, 2.24, 2.2, 2.52, 2.72, 2.43, 2.09, 1.66, 1.71, 3.1, 2.62, 1.24, 0, 0.84, 1.31, 2.06, 2.62, 3.0, 2.8, 1.74, 1.3, 1.43, 1.44, 1.41, 1.92, 2.18, 2.75, 2.6, 2.65, 4.25, 5.87, 5.67, 5.2, 5.47, 5.64, 5.73, 5.48, 5.43, 5.2, 4.99, 4.923, 4.779, 5.1, 5.37, 5.383, 5.23, 4.52, 3.59, 2.76, 2.47, 2.49, 2.54, 2.29, 2.19, 3.06, 3.23, 2.67, 2.09, 2.01, 2.34, 3.14, 4.15, 4.942, 4.545, 5.299, 7.882, 8.525, 8.449, 9.303, 10.082, 10.495, 9.943, 9.242, 9.409, 9.679, 8.89, 8.116, 8.701, 8.769, 8.404, 8.228, 7.966], [1.04, 1.35, 1.63, 2.1, 3.21, 2.7, 2.62, 2.9, 3.08, 2.67, 2.21, 1.68, 2.07, 3.56, 3.12, 1.8, 0.84, 0, 1.41, 2.36, 2.98, 3.24, 3.06, 2.12, 1.64, 1.81, 1.92, 1.83, 2.3, 2.58, 3.17, 2.78, 2.37, 3.83, 5.41, 5.27, 4.82, 4.93, 5.22, 5.35, 5.14, 5.03, 4.82, 4.53, 4.603, 4.519, 4.84, 4.95, 4.97, 4.71, 4.02, 3.21, 2.38, 2.13, 2.21, 2.12, 2.03, 2.37, 3.52, 3.77, 3.15, 2.57, 2.49, 2.84, 3.58, 4.63, 5.479, 5.122, 5.856, 8.399, 9.099, 9.006, 9.821, 10.599, 10.992, 10.44, 9.739, 9.946, 10.196, 9.407, 8.656, 9.238, 9.303, 8.958, 8.763, 8.5], [1.53, 1.42, 1.68, 1.59, 2.24, 1.73, 1.59, 1.81, 2.05, 1.84, 1.52, 1.23, 1.1, 2.39, 1.97, 1.35, 1.31, 1.41, 0, 1.25, 1.87, 2.11, 1.93, 1.13, 1.27, 1.02, 1.15, 1.0, 1.55, 1.77, 2.3, 2.27, 2.5, 4.62, 6.2, 6.06, 5.59, 5.92, 6.11, 6.26, 5.99, 5.88, 5.67, 5.52, 5.52, 5.317, 5.53, 5.94, 6.033, 5.74, 4.87, 3.92, 3.11, 2.46, 2.36, 2.47, 2.08, 1.78, 2.41, 2.74, 2.06, 1.74, 1.64, 1.87, 2.41, 3.54, 4.435, 4.072, 4.766, 7.269, 8.049, 7.956, 8.771, 9.495, 9.925, 9.227, 8.563, 8.896, 9.009, 8.449, 7.741, 8.328, 8.299, 7.869, 7.639, 7.318], [2.44, 2.33, 2.67, 2.22, 1.79, 1.4, 1.22, 1.48, 1.76, 1.71, 1.47, 1.5, 1.27, 2.14, 1.66, 1.8, 2.06, 2.36, 1.25, 0, 1.02, 1.28, 1.42, 1.28, 1.86, 1.55, 1.54, 1.51, 1.7, 1.92, 2.47, 2.78, 3.29, 5.49, 7.11, 6.93, 6.34, 6.57, 6.74, 6.823, 6.62, 6.65, 6.34, 6.27, 5.99, 5.818, 5.918, 6.563, 6.763, 6.57, 5.82, 4.89, 4.14, 3.41, 3.23, 3.38, 2.93, 2.43, 2.54, 2.37, 1.99, 2.29, 2.21, 2.0, 2.12, 2.95, 3.733, 3.333, 4.159, 6.776, 7.314, 7.241, 8.095, 8.91, 9.306, 8.831, 8.113, 8.254, 8.55, 7.918, 7.148, 7.718, 7.805, 7.423, 7.199, 6.914], [2.86, 2.67, 2.87, 2.48, 1.73, 1.58, 1.26, 1.52, 1.68, 1.71, 1.79, 1.82, 1.49, 2.08, 1.56, 1.96, 2.62, 2.98, 1.87, 1.02, 0, 1.02, 1.18, 1.38, 2.12, 1.87, 1.92, 1.91, 1.84, 2.22, 2.63, 2.98, 3.49, 5.77, 7.27, 6.99, 6.66, 7.13, 7.209, 7.27, 6.9, 6.81, 6.58, 6.55, 6.43, 6.32, 6.3, 6.99, 7.09, 6.87, 6.18, 5.25, 4.5, 3.75, 3.53, 3.78, 3.23, 2.57, 2.54, 2.31, 2.03, 2.35, 2.23, 2.02, 2.04, 2.55, 3.284, 3.164, 3.899, 6.356, 6.857, 6.812, 7.666, 8.487, 8.88, 8.434, 7.716, 7.852, 8.153, 7.498, 6.701, 7.251, 7.37, 7.006, 6.782, 6.497], [3.28, 3.03, 3.37, 2.92, 1.93, 1.54, 1.34, 1.52, 1.8, 1.95, 2.09, 2.24, 1.81, 2.14, 1.62, 2.4, 3.0, 3.24, 2.11, 1.28, 1.02, 0, 0.88, 1.6, 2.54, 2.13, 2.34, 2.31, 2.22, 2.2, 2.77, 3.12, 3.77, 5.97, 7.57, 7.39, 6.98, 7.51, 7.574, 7.604, 7.4, 7.25, 6.96, 6.93, 6.81, 6.72, 6.78, 7.344, 7.41, 7.11, 6.52, 5.55, 4.84, 4.09, 3.85, 4.06, 3.53, 2.87, 2.64, 2.41, 2.01, 2.49, 2.53, 2.26, 2.02, 2.09, 2.845, 2.81, 3.549, 5.914, 6.437, 6.355, 7.184, 7.993, 8.386, 7.934, 7.213, 7.386, 7.633, 6.981, 6.237, 6.804, 6.888, 6.526, 6.282, 5.997], [2.94, 2.75, 3.03, 2.88, 1.99, 1.3, 1.34, 1.76, 1.98, 2.13, 2.33, 2.34, 1.81, 2.22, 1.68, 2.34, 2.8, 3.06, 1.93, 1.42, 1.18, 0.88, 0, 1.44, 2.36, 1.91, 1.96, 2.11, 2.02, 2.3, 2.79, 3.04, 3.37, 5.51, 7.09, 6.91, 6.64, 7.17, 7.232, 7.279, 7.04, 6.85, 6.58, 6.59, 6.59, 6.54, 6.6, 7.024, 7.09, 6.71, 6.0, 5.07, 4.34, 3.67, 3.51, 3.54, 3.19, 2.83, 2.68, 2.47, 2.15, 2.43, 2.49, 2.28, 1.96, 2.33, 3.35, 3.11, 3.61, 6.102, 6.826, 6.718, 7.521, 8.245, 8.675, 8.126, 7.408, 7.663, 7.859, 7.259, 6.551, 7.138, 7.148, 6.73, 6.523, 6.191], [2.18, 2.05, 2.25, 2.06, 1.73, 1.14, 1.02, 1.38, 1.6, 1.59, 1.69, 1.66, 1.15, 1.86, 1.42, 1.24, 1.74, 2.12, 1.13, 1.28, 1.38, 1.6, 1.44, 0, 1.2, 0.93, 1.2, 1.05, 1.38, 1.7, 2.33, 2.64, 3.07, 5.09, 6.65, 6.49, 6.08, 6.51, 6.597, 6.71, 6.44, 6.35, 6.06, 6.03, 6.03, 5.88, 6.02, 6.43, 6.47, 6.19, 5.48, 4.51, 3.72, 3.17, 3.09, 3.18, 2.69, 2.05, 2.16, 2.23, 1.65, 1.43, 1.41, 1.48, 1.8, 2.91, 3.779, 3.422, 4.136, 6.711, 7.391, 7.289, 8.124, 8.885, 9.295, 8.729, 8.005, 8.246, 8.479, 7.862, 7.131, 7.718, 7.748, 7.347, 7.139, 6.814], [1.8, 1.67, 1.69, 1.46, 2.47, 1.92, 1.64, 2.1, 2.28, 2.11, 1.83, 1.64, 1.33, 2.56, 2.1, 1.08, 1.3, 1.64, 1.27, 1.86, 2.12, 2.54, 2.36, 1.2, 0, 0.69, 1.16, 1.13, 1.48, 1.7, 2.33, 2.56, 2.77, 4.53, 6.01, 5.87, 5.54, 6.05, 6.16, 6.21, 5.92, 5.71, 5.46, 5.51, 5.57, 5.52, 5.58, 6.01, 5.93, 5.63, 4.92, 3.99, 3.2, 2.79, 2.83, 2.82, 2.29, 2.11, 2.453, 2.81, 2.21, 1.71, 1.63, 1.82, 2.44, 3.51, 4.345, 4.05, 4.776, 7.342, 7.922, 7.852, 8.68, 9.502, 9.894, 9.345, 8.639, 8.846, 9.11, 8.484, 7.696, 8.26, 8.356, 7.995, 7.753, 7.468], [1.91, 1.68, 1.84, 1.55, 2.14, 1.59, 1.43, 1.79, 1.97, 1.8, 1.6, 1.47, 1.08, 2.25, 1.83, 1.15, 1.43, 1.81, 1.02, 1.55, 1.87, 2.13, 1.91, 0.93, 0.69, 0, 0.85, 0.8, 1.27, 1.55, 2.1, 2.35, 2.66, 4.66, 6.22, 6.02, 5.63, 6.18, 6.25, 6.294, 6.07, 5.94, 5.65, 5.68, 5.64, 5.57, 5.67, 6.06, 6.1, 5.8, 5.09, 4.08, 3.31, 2.78, 2.7, 2.77, 2.34, 1.88, 2.203, 2.544, 1.933, 1.68, 1.56, 1.73, 2.21, 3.3, 4.175, 3.832, 4.546, 7.112, 7.772, 7.682, 8.493, 9.277, 9.67, 9.13, 8.409, 8.616, 8.883, 8.257, 7.506, 8.093, 8.146, 7.765, 7.541, 7.229], [1.94, 1.87, 2.09, 1.92, 2.17, 1.62, 1.46, 1.78, 2.18, 2.13, 1.85, 1.62, 1.37, 2.2, 1.76, 1.44, 1.44, 1.92, 1.15, 1.54, 1.92, 2.34, 1.96, 1.2, 1.16, 0.85, 0, 0.99, 1.04, 1.44, 1.93, 2.24, 2.81, 4.93, 6.45, 6.25, 5.8, 6.17, 6.28, 6.37, 6.08, 6.11, 5.86, 5.79, 5.71, 5.56, 5.78, 6.21, 6.17, 5.95, 5.16, 4.21, 3.44, 2.87, 2.73, 2.78, 2.51, 2.05, 2.32, 2.41, 1.87, 1.97, 1.87, 2.02, 2.26, 3.31, 4.219, 3.882, 4.556, 7.039, 7.819, 7.726, 8.543, 9.273, 9.703, 9.06, 8.353, 8.666, 8.81, 8.25, 7.536, 8.123, 8.1, 7.695, 7.471, 7.166], [1.93, 1.76, 1.92, 1.61, 1.96, 1.55, 1.41, 1.79, 1.95, 1.76, 1.5, 1.43, 1.16, 2.15, 1.77, 1.19, 1.41, 1.83, 1.0, 1.51, 1.91, 2.31, 2.11, 1.05, 1.13, 0.8, 0.99, 0, 0.99, 1.35, 1.98, 2.31, 2.74, 4.88, 6.46, 6.26, 5.87, 6.32, 6.47, 6.552, 6.15, 6.04, 5.77, 5.6, 5.64, 5.55, 5.69, 6.2, 6.192, 5.86, 5.17, 4.18, 3.35, 2.76, 2.64, 2.71, 2.32, 1.6, 2.09, 2.32, 1.74, 1.48, 1.48, 1.59, 2.15, 3.2, 4.06, 3.669, 4.437, 6.969, 7.623, 7.55, 8.407, 9.194, 9.587, 9.007, 8.306, 8.507, 8.783, 8.034, 7.26, 7.85, 7.944, 7.542, 7.364, 7.095], [2.34, 1.93, 2.25, 2.14, 1.87, 1.56, 1.4, 1.64, 1.9, 1.97, 1.89, 1.8, 1.51, 1.88, 1.48, 1.54, 1.92, 2.3, 1.55, 1.7, 1.84, 2.22, 2.02, 1.38, 1.48, 1.27, 1.04, 0.99, 0, 0.82, 1.55, 1.94, 2.71, 4.99, 6.665, 6.43, 6.3, 6.77, 6.92, 6.996, 6.64, 6.47, 6.24, 6.05, 6.07, 5.98, 6.06, 6.53, 6.63, 6.21, 5.44, 4.37, 3.66, 2.93, 2.83, 2.96, 2.43, 1.75, 1.78, 1.95, 1.43, 1.79, 1.79, 1.78, 2.04, 2.93, 3.83, 3.43, 4.168, 6.682, 7.428, 7.323, 8.16, 8.907, 9.337, 8.594, 7.967, 8.263, 8.424, 7.727, 6.95, 7.54, 7.534, 7.122, 6.934, 6.703], [2.56, 2.09, 2.41, 2.16, 1.91, 1.82, 1.6, 1.56, 1.76, 1.79, 1.63, 1.84, 1.51, 1.78, 1.56, 1.66, 2.18, 2.58, 1.77, 1.92, 2.22, 2.2, 2.3, 1.7, 1.7, 1.55, 1.44, 1.35, 0.82, 0, 1.11, 1.52, 2.75, 5.19, 6.828, 6.63, 6.52, 7.09, 7.237, 7.281, 6.962, 6.65, 6.48, 6.35, 6.415, 6.34, 6.265, 6.79, 6.91, 6.51, 5.52, 4.45, 3.72, 2.99, 2.79, 3.02, 2.47, 1.65, 1.62, 1.73, 1.51, 2.05, 1.91, 1.98, 2.22, 2.85, 3.61, 3.29, 3.95, 6.485, 7.228, 7.126, 7.957, 8.704, 9.134, 8.372, 7.764, 8.06, 8.222, 7.524, 6.747, 7.337, 7.312, 6.879, 6.692, 6.5], [3.15, 2.48, 2.38, 2.01, 1.88, 2.15, 1.97, 1.69, 1.71, 1.76, 1.96, 2.37, 1.82, 1.51, 1.69, 1.97, 2.75, 3.17, 2.3, 2.47, 2.63, 2.77, 2.79, 2.33, 2.33, 2.1, 1.93, 1.98, 1.55, 1.11, 0, 1.23, 3.02, 5.589, 7.126, 6.775, 7.126, 7.693, 7.84, 7.939, 7.569, 7.053, 6.806, 6.971, 7.051, 6.944, 6.901, 7.468, 7.548, 7.114, 5.83, 4.5, 3.77, 3.02, 2.82, 3.21, 2.72, 1.54, 1.33, 1.64, 1.64, 2.32, 2.14, 2.03, 2.13, 2.72, 3.36, 3.1, 3.68, 6.18, 7.04, 6.83, 7.47, 8.16, 8.59, 7.77, 7.24, 7.61, 7.64, 6.94, 6.26, 6.83, 6.73, 6.32, 6.11, 5.83], [2.66, 2.07, 2.03, 1.82, 2.27, 2.66, 2.52, 2.26, 2.02, 1.95, 2.13, 2.22, 1.93, 1.92, 2.38, 2.42, 2.6, 2.78, 2.27, 2.78, 2.98, 3.12, 3.04, 2.64, 2.56, 2.35, 2.24, 2.31, 1.94, 1.52, 1.23, 0, 2.45, 5.059, 6.602, 6.196, 6.616, 7.226, 7.35, 7.408, 7.078, 6.546, 6.319, 6.495, 6.555, 6.448, 6.35, 6.95, 7.037, 6.615, 5.28, 3.95, 3.24, 2.49, 2.31, 2.7, 2.33, 1.55, 2.02, 2.39, 2.41, 2.95, 2.69, 2.58, 2.7, 3.25, 4.07, 4.05, 4.39, 6.97, 7.85, 7.66, 8.08, 8.89, 9.2, 8.38, 7.79, 8.22, 8.29, 7.55, 6.93, 7.38, 7.38, 6.99, 6.86, 6.68], [2.09, 2.0, 2.22, 2.85, 3.92, 3.57, 3.49, 3.85, 3.77, 3.4, 2.94, 2.23, 2.72, 3.91, 3.69, 3.01, 2.65, 2.37, 2.5, 3.29, 3.49, 3.77, 3.37, 3.07, 2.77, 2.66, 2.81, 2.74, 2.71, 2.75, 3.02, 2.45, 0, 2.68, 4.3, 4.28, 4.63, 5.2, 5.172, 5.247, 4.99, 4.56, 4.43, 4.54, 4.5, 4.43, 4.29, 4.705, 4.845, 4.52, 3.39, 2.3, 1.75, 1.38, 1.46, 1.39, 1.58, 2.32, 3.67, 4.1, 3.64, 3.4, 3.24, 3.45, 3.95, 5.14, 6.14, 5.8, 6.46, 8.955, 9.8, 9.622, 10.37, 11.058, 11.479, 10.682, 10.138, 10.51, 10.538, 9.852, 9.158, 9.722, 9.625, 9.197, 8.987, 8.702], [3.57, 3.924, 4.023, 5.119, 6.335, 5.83, 5.75, 6.137, 6.174, 5.798, 5.22, 4.55, 5.12, 6.37, 6.09, 5.01, 4.25, 3.83, 4.62, 5.49, 5.77, 5.97, 5.51, 5.09, 4.53, 4.66, 4.93, 4.88, 4.99, 5.19, 5.589, 5.059, 2.68, 0, 1.94, 2.08, 2.29, 2.78, 2.91, 3.06, 2.75, 2.4, 2.37, 2.64, 2.44, 2.55, 2.43, 2.42, 2.58, 2.12, 1.49, 1.62, 2.47, 2.92, 3.08, 2.69, 3.12, 4.82, 6.13, 6.58, 6.0, 5.48, 5.48, 5.85, 6.45, 7.603, 8.595, 8.255, 8.918, 11.393, 12.222, 12.097, 12.825, 13.512, 13.931, 13.134, 12.589, 12.985, 12.992, 12.304, 11.632, 12.194, 12.079, 11.652, 11.437, 11.154], [5.108, 5.41, 5.484, 6.559, 7.818, 7.388, 7.285, 7.703, 7.634, 7.261, 6.73, 6.07, 6.6, 7.83, 7.55, 6.63, 5.87, 5.41, 6.2, 7.11, 7.27, 7.57, 7.09, 6.65, 6.01, 6.22, 6.45, 6.46, 6.665, 6.828, 7.126, 6.602, 4.3, 1.94, 0, 1.06, 1.63, 1.78, 2.01, 2.28, 1.93, 1.58, 1.75, 2.02, 2.06, 2.27, 2.21, 1.9, 1.86, 1.36, 1.75, 3.14, 3.85, 4.5, 4.68, 4.21, 4.68, 6.37, 7.651, 8.141, 7.653, 7.075, 6.96, 7.29, 7.882, 9.043, 10.035, 9.733, 10.358, 12.842, 13.67, 13.543, 14.282, 14.969, 15.391, 14.574, 14.049, 14.425, 14.449, 13.824, 13.189, 13.754, 13.637, 13.152, 12.897, 12.591], [4.93, 5.14, 5.12, 6.07, 7.36, 7.15, 7.09, 7.47, 7.27, 6.9, 6.48, 5.81, 6.28, 7.33, 7.17, 6.31, 5.67, 5.27, 6.06, 6.93, 6.99, 7.39, 6.91, 6.49, 5.87, 6.02, 6.25, 6.26, 6.43, 6.63, 6.775, 6.196, 4.28, 2.08, 1.06, 0, 1.29, 1.56, 1.87, 2.14, 1.85, 1.2, 1.43, 1.84, 1.78, 2.01, 1.89, 1.76, 1.68, 1.2, 1.69, 2.92, 3.93, 4.338, 4.478, 4.27, 4.62, 5.93, 7.265, 7.75, 7.335, 6.844, 6.698, 6.93, 7.39, 8.62, 9.555, 9.355, 9.878, 12.447, 13.287, 13.057, 13.779, 14.487, 14.905, 14.145, 13.547, 13.922, 13.987, 13.315, 12.627, 13.191, 13.128, 12.709, 12.519, 12.313], [4.5, 5.093, 5.37, 6.18, 7.399, 6.84, 6.74, 7.08, 7.203, 6.742, 6.09, 5.4, 6.13, 7.597, 7.2, 6.02, 5.2, 4.82, 5.59, 6.34, 6.66, 6.98, 6.64, 6.08, 5.54, 5.63, 5.8, 5.87, 6.3, 6.52, 7.126, 6.616, 4.63, 2.29, 1.63, 1.29, 0, 0.79, 1.04, 1.21, 1.04, 0.89, 1.1, 1.25, 1.09, 1.3, 1.18, 1.05, 1.01, 0.93, 1.84, 3.17, 4.156, 4.489, 4.666, 4.416, 4.806, 6.259, 7.523, 7.9, 7.254, 6.668, 6.488, 6.912, 7.603, 8.776, 9.636, 9.276, 9.964, 12.568, 13.228, 13.152, 13.995, 14.75, 15.158, 14.511, 13.845, 14.092, 14.302, 13.682, 12.919, 13.503, 13.529, 13.124, 12.899, 12.599], [4.982, 5.637, 5.951, 6.782, 7.906, 7.387, 7.287, 7.585, 7.733, 7.263, 6.549, 5.91, 6.714, 8.15, 7.733, 6.53, 5.47, 4.93, 5.92, 6.57, 7.13, 7.51, 7.17, 6.51, 6.05, 6.18, 6.17, 6.32, 6.77, 7.09, 7.693, 7.226, 5.2, 2.78, 1.78, 1.56, 0.79, 0, 0.83, 1.1, 0.99, 1.16, 1.37, 1.34, 1.18, 1.39, 1.51, 1.02, 1.0, 1.04, 2.21, 3.671, 4.62, 5.033, 5.216, 4.906, 5.336, 6.828, 8.089, 8.383, 7.775, 7.204, 7.018, 7.465, 8.153, 9.323, 10.212, 9.806, 10.535, 13.089, 13.821, 13.728, 14.557, 15.298, 15.722, 15.079, 14.401, 14.663, 14.866, 14.229, 13.507, 14.091, 14.099, 13.7, 13.47, 13.167], [5.16, 5.791, 6.093, 6.915, 8.105, 7.584, 7.421, 7.697, 7.887, 7.399, 6.688, 6.046, 6.845, 8.294, 7.886, 6.677, 5.64, 5.22, 6.11, 6.74, 7.209, 7.574, 7.232, 6.597, 6.16, 6.25, 6.28, 6.47, 6.92, 7.237, 7.84, 7.35, 5.172, 2.91, 2.01, 1.87, 1.04, 0.83, 0, 0.75, 0.9, 1.35, 1.44, 1.29, 1.07, 1.32, 1.48, 0.95, 0.95, 1.35, 2.44, 3.881, 4.856, 5.186, 5.343, 5.053, 5.478, 6.969, 8.259, 8.539, 7.941, 7.338, 7.185, 7.615, 8.306, 9.456, 10.345, 9.939, 10.705, 13.219, 13.954, 13.861, 14.69, 15.451, 15.855, 15.249, 14.554, 14.795, 15.025, 14.382, 13.66, 14.244, 14.271, 13.873, 13.663, 13.34], [5.29, 5.877, 6.194, 6.968, 8.141, 7.63, 7.49, 7.79, 7.959, 7.435, 6.752, 6.079, 6.88, 8.396, 7.976, 6.79, 5.73, 5.35, 6.26, 6.823, 7.27, 7.604, 7.279, 6.71, 6.21, 6.294, 6.37, 6.552, 6.996, 7.281, 7.939, 7.408, 5.247, 3.06, 2.28, 2.14, 1.21, 1.1, 0.75, 0, 0.77, 1.42, 1.53, 1.38, 1.2, 1.45, 1.47, 0.96, 1.0, 1.5, 2.75, 4.04, 5.01, 5.299, 5.496, 5.186, 5.556, 7.119, 8.366, 8.643, 8.034, 7.479, 7.287, 7.731, 8.35, 9.526, 10.378, 9.972, 10.721, 13.335, 13.987, 13.894, 14.74, 15.498, 15.905, 15.322, 14.615, 14.848, 15.086, 14.492, 13.733, 14.317, 14.359, 13.96, 13.73, 13.415], [4.9, 5.467, 5.784, 6.578, 7.671, 7.235, 7.155, 7.507, 7.577, 7.036, 6.374, 5.744, 6.547, 8.009, 7.589, 6.427, 5.48, 5.14, 5.99, 6.62, 6.9, 7.4, 7.04, 6.44, 5.92, 6.07, 6.08, 6.15, 6.64, 6.962, 7.569, 7.078, 4.99, 2.75, 1.93, 1.85, 1.04, 0.99, 0.9, 0.77, 0, 1.05, 1.1, 0.97, 0.97, 1.38, 1.34, 1.05, 0.83, 1.27, 2.22, 3.61, 4.58, 4.969, 5.166, 4.86, 5.246, 6.739, 7.988, 8.218, 7.72, 7.1, 6.859, 7.332, 8.029, 9.193, 10.022, 9.634, 10.365, 12.928, 13.631, 13.535, 14.384, 15.142, 15.563, 14.917, 14.245, 14.49, 14.69, 14.076, 13.317, 13.904, 13.926, 13.524, 13.297, 12.994], [4.668, 4.995, 5.241, 6.022, 7.319, 6.83, 6.77, 7.27, 7.15, 6.78, 6.22, 5.57, 6.06, 7.433, 7.19, 6.19, 5.43, 5.03, 5.88, 6.65, 6.81, 7.25, 6.85, 6.35, 5.71, 5.94, 6.11, 6.04, 6.47, 6.65, 7.053, 6.546, 4.56, 2.4, 1.58, 1.2, 0.89, 1.16, 1.35, 1.42, 1.05, 0, 0.67, 1.08, 1.32, 1.57, 1.61, 1.34, 1.16, 1.02, 1.69, 3.08, 4.01, 4.46, 4.62, 4.41, 4.76, 6.18, 7.548, 7.901, 7.35, 6.815, 6.53, 6.87, 7.439, 8.632, 9.482, 9.179, 9.885, 12.44, 13.125, 12.992, 13.783, 14.565, 14.931, 14.267, 13.624, 13.883, 14.09, 13.472, 12.719, 13.28, 13.294, 12.909, 12.72, 12.47], [4.5, 4.8, 5.05, 5.715, 7.126, 6.62, 6.5, 6.993, 6.864, 6.451, 5.95, 5.28, 5.81, 7.16, 6.927, 5.95, 5.2, 4.82, 5.67, 6.34, 6.58, 6.96, 6.58, 6.06, 5.46, 5.65, 5.86, 5.77, 6.24, 6.48, 6.806, 6.319, 4.43, 2.37, 1.75, 1.43, 1.1, 1.37, 1.44, 1.53, 1.1, 0.67, 0, 0.97, 1.17, 1.48, 1.6, 1.43, 1.29, 1.25, 1.66, 2.91, 3.88, 4.29, 4.51, 4.2, 4.59, 5.99, 7.361, 7.72, 7.223, 6.674, 6.383, 6.581, 7.166, 8.302, 9.195, 8.892, 9.623, 12.195, 12.86, 12.73, 13.501, 14.315, 14.641, 14.08, 13.39, 13.593, 13.854, 13.182, 12.452, 13.01, 13.083, 12.71, 12.53, 12.264], [4.41, 4.997, 5.274, 6.01, 7.17, 6.743, 6.563, 6.983, 7.005, 6.558, 5.94, 5.27, 5.944, 7.47, 7.068, 5.8, 4.99, 4.53, 5.52, 6.27, 6.55, 6.93, 6.59, 6.03, 5.51, 5.68, 5.79, 5.6, 6.05, 6.35, 6.971, 6.495, 4.54, 2.64, 2.02, 1.84, 1.25, 1.34, 1.29, 1.38, 0.97, 1.08, 0.97, 0, 0.9, 1.15, 1.35, 1.24, 1.1, 1.18, 1.89, 3.2, 4.05, 4.42, 4.58, 4.29, 4.72, 6.102, 7.41, 7.72, 7.113, 6.575, 6.424, 6.728, 7.496, 8.589, 9.43, 9.059, 9.845, 12.419, 13.076, 12.964, 13.765, 14.57, 14.971, 14.398, 13.718, 13.914, 14.16, 13.375, 12.578, 13.143, 13.227, 12.914, 12.707, 12.467], [4.47, 5.04, 5.377, 6.054, 7.161, 6.78, 6.673, 6.933, 7.059, 6.569, 5.875, 5.202, 6.003, 7.533, 7.096, 5.733, 4.923, 4.603, 5.52, 5.99, 6.43, 6.81, 6.59, 6.03, 5.57, 5.64, 5.71, 5.64, 6.07, 6.415, 7.051, 6.555, 4.5, 2.44, 2.06, 1.78, 1.09, 1.18, 1.07, 1.2, 0.97, 1.32, 1.17, 0.9, 0, 0.77, 0.99, 0.92, 1.06, 1.28, 2.19, 3.22, 4.21, 4.502, 4.642, 4.41, 4.76, 6.182, 7.464, 7.682, 7.1, 6.56, 6.397, 6.793, 7.576, 8.632, 9.473, 9.078, 9.867, 12.438, 13.085, 12.986, 13.828, 14.621, 15.034, 14.461, 13.78, 13.977, 14.223, 13.438, 12.661, 13.225, 13.31, 12.969, 12.77, 12.504], [4.459, 4.99, 5.367, 5.984, 7.091, 6.723, 6.55, 6.829, 6.969, 6.479, 5.785, 5.112, 5.913, 7.443, 7.026, 5.743, 4.779, 4.519, 5.317, 5.818, 6.32, 6.72, 6.54, 5.88, 5.52, 5.57, 5.56, 5.55, 5.98, 6.34, 6.944, 6.448, 4.43, 2.55, 2.27, 2.01, 1.3, 1.39, 1.32, 1.45, 1.38, 1.57, 1.48, 1.15, 0.77, 0, 0.76, 1.19, 1.25, 1.37, 2.14, 3.25, 4.18, 4.375, 4.515, 4.3, 4.635, 6.055, 7.337, 7.553, 6.993, 6.533, 6.37, 6.726, 7.469, 8.565, 9.419, 9.011, 9.817, 12.371, 13.026, 12.933, 13.778, 14.571, 14.964, 14.374, 13.693, 13.91, 14.153, 13.368, 12.571, 13.155, 13.24, 12.919, 12.72, 12.454], [4.62, 5.127, 5.51, 6.06, 7.122, 6.86, 6.72, 6.929, 7.021, 6.488, 5.79, 5.16, 6.007, 7.52, 7.103, 5.86, 5.1, 4.84, 5.53, 5.918, 6.3, 6.78, 6.6, 6.02, 5.58, 5.67, 5.78, 5.69, 6.06, 6.265, 6.901, 6.35, 4.29, 2.43, 2.21, 1.89, 1.18, 1.51, 1.48, 1.47, 1.34, 1.61, 1.6, 1.35, 0.99, 0.76, 0, 0.99, 1.21, 1.51, 2.28, 3.33, 4.34, 4.53, 4.552, 4.44, 4.73, 6.072, 7.351, 7.627, 7.05, 6.646, 6.487, 6.794, 7.526, 8.673, 9.485, 9.077, 9.888, 12.439, 13.086, 12.998, 13.849, 14.648, 15.046, 14.448, 13.765, 13.975, 14.23, 13.448, 12.625, 13.212, 13.32, 12.992, 12.799, 12.539], [4.965, 5.58, 5.894, 6.691, 7.758, 7.33, 7.25, 7.508, 7.639, 7.181, 6.472, 5.828, 6.62, 8.079, 7.659, 6.348, 5.37, 4.95, 5.94, 6.563, 6.99, 7.344, 7.024, 6.43, 6.01, 6.06, 6.21, 6.2, 6.53, 6.79, 7.468, 6.95, 4.705, 2.42, 1.9, 1.76, 1.05, 1.02, 0.95, 0.96, 1.05, 1.34, 1.43, 1.24, 0.92, 1.19, 0.99, 0, 0.7, 1.24, 2.33, 3.6, 4.629, 4.959, 5.079, 4.809, 5.17, 6.634, 7.916, 8.193, 7.617, 7.077, 6.998, 7.37, 8.087, 9.232, 10.118, 9.712, 10.461, 13.004, 13.739, 13.634, 14.465, 15.206, 15.636, 15.01, 14.329, 14.571, 14.789, 14.02, 13.255, 13.842, 13.89, 13.563, 13.367, 13.101], [5.017, 5.629, 5.906, 6.714, 7.841, 7.359, 7.256, 7.577, 7.716, 7.238, 6.584, 5.914, 6.643, 8.153, 7.733, 6.414, 5.383, 4.97, 6.033, 6.763, 7.09, 7.41, 7.09, 6.47, 5.93, 6.1, 6.17, 6.192, 6.63, 6.91, 7.548, 7.037, 4.845, 2.58, 1.86, 1.68, 1.01, 1.0, 0.95, 1.0, 0.83, 1.16, 1.29, 1.1, 1.06, 1.25, 1.21, 0.7, 0, 0.96, 2.17, 3.576, 4.549, 4.982, 5.139, 4.809, 5.239, 6.679, 7.964, 8.21, 7.697, 7.117, 7.029, 7.43, 8.139, 9.292, 10.149, 9.772, 10.504, 13.076, 13.756, 13.663, 14.508, 15.266, 15.673, 15.067, 14.378, 14.614, 14.852, 14.078, 13.278, 13.862, 13.945, 13.617, 13.421, 13.155], [4.69, 5.2, 5.48, 6.308, 7.452, 6.93, 6.85, 7.29, 7.31, 6.895, 6.3, 5.63, 6.26, 7.707, 7.31, 6.13, 5.23, 4.71, 5.74, 6.57, 6.87, 7.11, 6.71, 6.19, 5.63, 5.8, 5.95, 5.86, 6.21, 6.51, 7.114, 6.615, 4.52, 2.12, 1.36, 1.2, 0.93, 1.04, 1.35, 1.5, 1.27, 1.02, 1.25, 1.18, 1.28, 1.37, 1.51, 1.24, 0.96, 0, 1.65, 3.14, 4.112, 4.542, 4.722, 4.352, 4.762, 6.232, 7.571, 7.901, 7.293, 6.773, 6.667, 7.028, 7.722, 8.886, 9.752, 9.369, 10.098, 12.69, 13.378, 13.265, 14.105, 14.863, 15.27, 14.624, 13.958, 14.211, 14.415, 13.675, 12.895, 13.479, 13.502, 13.174, 12.978, 12.712], [3.84, 4.13, 4.23, 5.212, 6.505, 6.04, 6.0, 6.44, 6.38, 6.01, 5.47, 4.8, 5.31, 6.44, 6.28, 5.32, 4.52, 4.02, 4.87, 5.82, 6.18, 6.52, 6.0, 5.48, 4.92, 5.09, 5.16, 5.17, 5.44, 5.52, 5.83, 5.28, 3.39, 1.49, 1.75, 1.69, 1.84, 2.21, 2.44, 2.75, 2.22, 1.69, 1.66, 1.89, 2.19, 2.14, 2.28, 2.33, 2.17, 1.65, 0, 1.73, 2.66, 3.11, 3.39, 3.02, 3.49, 4.95, 6.378, 6.77, 6.36, 5.803, 5.65, 5.978, 6.5, 7.65, 8.702, 8.4, 9.045, 11.568, 12.394, 12.219, 12.909, 13.625, 14.012, 13.223, 12.674, 13.029, 13.117, 12.43, 11.762, 12.312, 12.247, 11.762, 11.581, 11.378], [2.85, 3.08, 3.08, 4.09, 5.42, 4.99, 5.01, 5.37, 5.31, 4.96, 4.4, 3.77, 4.28, 5.25, 5.23, 4.23, 3.59, 3.21, 3.92, 4.89, 5.25, 5.55, 5.07, 4.51, 3.99, 4.08, 4.21, 4.18, 4.37, 4.45, 4.5, 3.95, 2.3, 1.62, 3.14, 2.92, 3.17, 3.671, 3.881, 4.04, 3.61, 3.08, 2.91, 3.2, 3.22, 3.25, 3.33, 3.6, 3.576, 3.14, 1.73, 0, 1.27, 1.74, 2.08, 1.89, 2.34, 3.66, 5.168, 5.6, 5.14, 4.64, 4.56, 4.89, 5.33, 6.46, 7.575, 7.298, 7.912, 10.455, 11.3, 11.126, 11.702, 12.39, 12.734, 11.925, 11.444, 11.842, 11.849, 11.089, 10.498, 11.008, 10.922, 10.515, 10.3, 10.066], [2.04, 2.25, 2.23, 3.34, 4.63, 4.18, 4.14, 4.56, 4.46, 4.09, 3.59, 3.02, 3.41, 4.52, 4.38, 3.42, 2.76, 2.38, 3.11, 4.14, 4.5, 4.84, 4.34, 3.72, 3.2, 3.31, 3.44, 3.35, 3.66, 3.72, 3.77, 3.24, 1.75, 2.47, 3.85, 3.93, 4.156, 4.62, 4.856, 5.01, 4.58, 4.01, 3.88, 4.05, 4.21, 4.18, 4.34, 4.629, 4.549, 4.112, 2.66, 1.27, 0, 1.03, 1.41, 1.02, 1.57, 2.97, 4.4, 4.79, 4.37, 3.83, 3.73, 4.08, 4.6, 5.71, 6.81, 6.51, 7.15, 9.645, 10.485, 10.312, 10.966, 11.636, 11.963, 11.158, 10.693, 11.106, 11.113, 10.342, 9.796, 10.28, 10.226, 9.776, 9.529, 9.203], [1.71, 1.66, 1.82, 2.59, 3.86, 3.51, 3.49, 3.79, 3.71, 3.38, 2.84, 2.23, 2.74, 3.75, 3.67, 2.79, 2.47, 2.13, 2.46, 3.41, 3.75, 4.09, 3.67, 3.17, 2.79, 2.78, 2.87, 2.76, 2.93, 2.99, 3.02, 2.49, 1.38, 2.92, 4.5, 4.338, 4.489, 5.033, 5.186, 5.299, 4.969, 4.46, 4.29, 4.42, 4.502, 4.375, 4.53, 4.959, 4.982, 4.542, 3.11, 1.74, 1.03, 0, 0.68, 0.75, 1.12, 2.26, 3.67, 4.08, 3.62, 3.2, 3.02, 3.35, 3.83, 4.94, 6.04, 5.72, 6.38, 8.895, 9.735, 9.548, 10.196, 10.866, 11.227, 10.445, 9.94, 10.336, 10.343, 9.652, 9.046, 9.565, 9.476, 9.006, 8.779, 8.485], [1.87, 1.74, 1.84, 2.55, 3.62, 3.47, 3.33, 3.51, 3.45, 3.1, 2.64, 2.07, 2.44, 3.57, 3.41, 2.77, 2.49, 2.21, 2.36, 3.23, 3.53, 3.85, 3.51, 3.09, 2.83, 2.7, 2.73, 2.64, 2.83, 2.79, 2.82, 2.31, 1.46, 3.08, 4.68, 4.478, 4.666, 5.216, 5.343, 5.496, 5.166, 4.62, 4.51, 4.58, 4.642, 4.515, 4.552, 5.079, 5.139, 4.722, 3.39, 2.08, 1.41, 0.68, 0, 0.77, 1.24, 2.06, 3.41, 3.8, 3.34, 3.2, 2.98, 3.21, 3.67, 4.82, 5.84, 5.52, 6.16, 8.655, 9.495, 9.322, 10.033, 10.703, 11.104, 10.302, 9.78, 10.156, 10.183, 9.492, 8.863, 9.402, 9.293, 8.826, 8.61, 8.373], [1.84, 1.83, 1.99, 2.86, 4.05, 3.64, 3.52, 3.94, 3.9, 3.53, 3.03, 2.38, 2.87, 4.04, 3.82, 3.02, 2.54, 2.12, 2.47, 3.38, 3.78, 4.06, 3.54, 3.18, 2.82, 2.77, 2.78, 2.71, 2.96, 3.02, 3.21, 2.7, 1.39, 2.69, 4.21, 4.27, 4.416, 4.906, 5.053, 5.186, 4.86, 4.41, 4.2, 4.29, 4.41, 4.3, 4.44, 4.809, 4.809, 4.352, 3.02, 1.89, 1.02, 0.75, 0.77, 0, 0.89, 2.39, 3.84, 4.225, 3.79, 3.39, 3.27, 3.56, 4.1, 5.267, 6.27, 5.91, 6.59, 9.085, 9.93, 9.772, 10.503, 11.19, 11.589, 10.772, 10.268, 10.64, 10.67, 9.962, 9.35, 9.892, 9.78, 9.31, 9.098, 8.794], [1.63, 1.36, 1.5, 2.31, 3.48, 3.13, 3.07, 3.37, 3.33, 2.96, 2.5, 1.91, 2.32, 3.47, 3.25, 2.37, 2.29, 2.03, 2.08, 2.93, 3.23, 3.53, 3.19, 2.69, 2.29, 2.34, 2.51, 2.32, 2.43, 2.47, 2.72, 2.33, 1.58, 3.12, 4.68, 4.62, 4.806, 5.336, 5.478, 5.556, 5.246, 4.76, 4.59, 4.72, 4.76, 4.635, 4.73, 5.17, 5.239, 4.762, 3.49, 2.34, 1.57, 1.12, 1.24, 0.89, 0, 1.82, 3.27, 3.66, 3.22, 2.8, 2.66, 2.95, 3.55, 4.7, 5.7, 5.34, 6.02, 8.515, 9.36, 9.202, 9.933, 10.62, 11.002, 10.202, 9.698, 10.07, 10.1, 9.392, 8.78, 9.322, 9.21, 8.74, 8.548, 8.247], [2.25, 1.68, 1.64, 1.43, 1.96, 2.29, 2.15, 2.07, 1.89, 1.76, 1.62, 1.59, 1.5, 1.87, 1.91, 1.83, 2.19, 2.37, 1.78, 2.43, 2.57, 2.87, 2.83, 2.05, 2.11, 1.88, 2.05, 1.6, 1.75, 1.65, 1.54, 1.55, 2.32, 4.82, 6.37, 5.93, 6.259, 6.828, 6.969, 7.119, 6.739, 6.18, 5.99, 6.102, 6.182, 6.055, 6.072, 6.634, 6.679, 6.232, 4.95, 3.66, 2.97, 2.26, 2.06, 2.39, 1.82, 0, 1.69, 2.1, 1.88, 2.02, 1.82, 1.75, 2.07, 3.24, 3.94, 3.8, 4.28, 6.84, 7.7, 7.53, 8.173, 8.878, 9.279, 8.542, 7.958, 8.31, 8.36, 7.652, 6.96, 7.522, 7.427, 7.097, 6.905, 6.747], [3.44, 2.87, 2.71, 2.12, 1.45, 1.94, 1.9, 1.46, 1.24, 1.51, 2.17, 2.7, 1.97, 1.36, 1.34, 1.9, 3.06, 3.52, 2.41, 2.54, 2.54, 2.64, 2.68, 2.16, 2.453, 2.203, 2.32, 2.09, 1.78, 1.62, 1.33, 2.02, 3.67, 6.13, 7.651, 7.265, 7.523, 8.089, 8.259, 8.366, 7.988, 7.548, 7.361, 7.41, 7.464, 7.337, 7.351, 7.916, 7.964, 7.571, 6.378, 5.168, 4.4, 3.67, 3.41, 3.84, 3.27, 1.69, 0, 0.87, 1.09, 1.71, 1.73, 1.3, 1.58, 2.29, 2.63, 2.41, 2.87, 5.39, 6.23, 6.12, 6.857, 7.582, 8.012, 7.209, 6.644, 6.997, 7.062, 6.379, 5.664, 6.234, 6.152, 5.704, 5.532, 5.34], [3.71, 3.18, 3.16, 2.47, 1.28, 1.79, 1.89, 1.51, 1.49, 1.76, 2.36, 2.97, 2.24, 1.51, 1.31, 2.13, 3.23, 3.77, 2.74, 2.37, 2.31, 2.41, 2.47, 2.23, 2.81, 2.544, 2.41, 2.32, 1.95, 1.73, 1.64, 2.39, 4.1, 6.58, 8.141, 7.75, 7.9, 8.383, 8.539, 8.643, 8.218, 7.901, 7.72, 7.72, 7.682, 7.553, 7.627, 8.193, 8.21, 7.901, 6.77, 5.6, 4.79, 4.08, 3.8, 4.225, 3.66, 2.1, 0.87, 0, 1.28, 2.04, 2.0, 1.65, 1.67, 2.28, 2.42, 2.24, 2.72, 5.22, 5.98, 5.91, 6.682, 7.429, 7.859, 7.096, 6.489, 6.804, 6.946, 6.249, 5.474, 6.062, 6.036, 5.603, 5.416, 5.224], [3.11, 2.68, 2.74, 2.29, 1.34, 1.35, 1.29, 1.29, 1.45, 1.76, 2.06, 2.39, 1.66, 1.29, 0.89, 1.51, 2.67, 3.15, 2.06, 1.99, 2.03, 2.01, 2.15, 1.65, 2.21, 1.933, 1.87, 1.74, 1.43, 1.51, 1.64, 2.41, 3.64, 6.0, 7.653, 7.335, 7.254, 7.775, 7.941, 8.034, 7.72, 7.35, 7.223, 7.113, 7.1, 6.993, 7.05, 7.617, 7.697, 7.293, 6.36, 5.14, 4.37, 3.62, 3.34, 3.79, 3.22, 1.88, 1.09, 1.28, 0, 1.14, 1.3, 1.13, 1.13, 2.04, 2.8, 2.46, 3.12, 5.58, 6.38, 6.29, 7.099, 7.832, 8.253, 7.507, 6.886, 7.224, 7.32, 6.649, 5.909, 6.496, 6.43, 6.043, 5.867, 5.581], [2.49, 2.22, 2.18, 2.13, 1.94, 1.53, 1.59, 1.87, 2.05, 2.26, 2.42, 2.43, 1.82, 1.97, 1.45, 1.13, 2.09, 2.57, 1.74, 2.29, 2.35, 2.49, 2.43, 1.43, 1.71, 1.68, 1.97, 1.48, 1.79, 2.05, 2.32, 2.95, 3.4, 5.48, 7.075, 6.844, 6.668, 7.204, 7.338, 7.479, 7.1, 6.815, 6.674, 6.575, 6.56, 6.533, 6.646, 7.077, 7.117, 6.773, 5.803, 4.64, 3.83, 3.2, 3.2, 3.39, 2.8, 2.02, 1.71, 2.04, 1.14, 0, 0.76, 1.05, 1.59, 2.54, 3.42, 3.02, 3.68, 6.14, 6.94, 6.83, 7.627, 8.352, 8.782, 8.039, 7.414, 7.767, 7.832, 7.189, 6.514, 7.084, 7.002, 6.574, 6.402, 6.124], [2.29, 1.96, 1.98, 1.71, 1.82, 1.57, 1.59, 1.83, 1.87, 1.9, 2.02, 2.07, 1.52, 1.95, 1.43, 1.01, 2.01, 2.49, 1.64, 2.21, 2.23, 2.53, 2.49, 1.41, 1.63, 1.56, 1.87, 1.48, 1.79, 1.91, 2.14, 2.69, 3.24, 5.48, 6.96, 6.698, 6.488, 7.018, 7.185, 7.287, 6.859, 6.53, 6.383, 6.424, 6.397, 6.37, 6.487, 6.998, 7.029, 6.667, 5.65, 4.56, 3.73, 3.02, 2.98, 3.27, 2.66, 1.82, 1.73, 2.0, 1.3, 0.76, 0, 1.01, 1.63, 2.64, 3.44, 3.04, 3.7, 6.22, 6.96, 6.85, 7.667, 8.42, 8.839, 8.136, 7.489, 7.787, 7.946, 7.349, 6.614, 7.196, 7.142, 6.743, 6.519, 6.227], [2.76, 2.23, 2.25, 1.62, 1.37, 1.36, 1.4, 1.62, 1.44, 1.71, 2.15, 2.16, 1.45, 1.38, 1.16, 1.18, 2.34, 2.84, 1.87, 2.0, 2.02, 2.26, 2.28, 1.48, 1.82, 1.73, 2.02, 1.59, 1.78, 1.98, 2.03, 2.58, 3.45, 5.85, 7.29, 6.93, 6.912, 7.465, 7.615, 7.731, 7.332, 6.87, 6.581, 6.728, 6.793, 6.726, 6.794, 7.37, 7.43, 7.028, 5.978, 4.89, 4.08, 3.35, 3.21, 3.56, 2.95, 1.75, 1.3, 1.65, 1.13, 1.05, 1.01, 0, 1.04, 2.01, 2.87, 2.63, 3.17, 5.81, 6.53, 6.4, 7.124, 7.939, 8.306, 7.731, 7.042, 7.26, 7.487, 6.793, 6.045, 6.629, 6.683, 6.31, 6.062, 5.914], [3.4, 2.85, 2.69, 2.16, 1.43, 1.34, 1.4, 1.68, 1.62, 2.01, 2.55, 2.66, 1.77, 1.32, 1.02, 2.02, 3.14, 3.58, 2.41, 2.12, 2.04, 2.02, 1.96, 1.8, 2.44, 2.21, 2.26, 2.15, 2.04, 2.22, 2.13, 2.7, 3.95, 6.45, 7.882, 7.39, 7.603, 8.153, 8.306, 8.35, 8.029, 7.439, 7.166, 7.496, 7.576, 7.469, 7.526, 8.087, 8.139, 7.722, 6.5, 5.33, 4.6, 3.83, 3.67, 4.1, 3.55, 2.07, 1.58, 1.67, 1.13, 1.59, 1.63, 1.04, 0, 1.37, 2.31, 2.23, 2.61, 5.29, 6.034, 5.85, 6.447, 7.209, 7.589, 7.032, 6.313, 6.603, 6.774, 6.182, 5.485, 6.038, 6.052, 5.664, 5.493, 5.241], [4.51, 3.92, 3.76, 3.11, 2.12, 2.09, 2.17, 2.25, 2.27, 2.7, 3.18, 3.65, 2.76, 1.59, 1.79, 2.99, 4.15, 4.63, 3.54, 2.95, 2.55, 2.09, 2.33, 2.91, 3.51, 3.3, 3.31, 3.2, 2.93, 2.85, 2.72, 3.25, 5.14, 7.603, 9.043, 8.62, 8.776, 9.323, 9.456, 9.526, 9.193, 8.632, 8.302, 8.589, 8.632, 8.565, 8.673, 9.232, 9.292, 8.886, 7.65, 6.46, 5.71, 4.94, 4.82, 5.267, 4.7, 3.24, 2.29, 2.28, 2.04, 2.54, 2.64, 2.01, 1.37, 0, 1.44, 1.8, 2.06, 4.47, 5.13, 4.96, 5.342, 6.204, 6.502, 5.987, 5.28, 5.482, 5.732, 5.056, 4.398, 4.921, 5.003, 4.681, 4.511, 4.317], [5.37, 4.8, 4.7, 3.59, 2.54, 2.93, 3.028, 2.71, 2.55, 3.06, 3.84, 4.39, 3.561, 2.417, 2.568, 3.808, 4.942, 5.479, 4.435, 3.733, 3.284, 2.845, 3.35, 3.779, 4.345, 4.175, 4.219, 4.06, 3.83, 3.61, 3.36, 4.07, 6.14, 8.595, 10.035, 9.555, 9.636, 10.212, 10.345, 10.378, 10.022, 9.482, 9.195, 9.43, 9.473, 9.419, 9.485, 10.118, 10.149, 9.752, 8.702, 7.575, 6.81, 6.04, 5.84, 6.27, 5.7, 3.94, 2.63, 2.42, 2.8, 3.42, 3.44, 2.87, 2.31, 1.44, 0, 1.1, 1.4, 3.44, 3.967, 3.89, 4.49, 5.28, 5.65, 5.21, 4.48, 4.59, 4.917, 4.273, 3.48, 4.007, 4.121, 3.759, 3.595, 3.45], [4.988, 4.42, 4.5, 3.59, 2.38, 2.57, 2.665, 2.35, 2.27, 2.8, 3.474, 4.042, 3.258, 2.391, 2.331, 3.445, 4.545, 5.122, 4.072, 3.333, 3.164, 2.81, 3.11, 3.422, 4.05, 3.832, 3.882, 3.669, 3.43, 3.29, 3.1, 4.05, 5.8, 8.255, 9.733, 9.355, 9.276, 9.806, 9.939, 9.972, 9.634, 9.179, 8.892, 9.059, 9.078, 9.011, 9.077, 9.712, 9.772, 9.369, 8.4, 7.298, 6.51, 5.72, 5.52, 5.91, 5.34, 3.8, 2.41, 2.24, 2.46, 3.02, 3.04, 2.63, 2.23, 1.8, 1.1, 0, 1.3, 3.56, 4.14, 3.99, 4.85, 5.66, 6.07, 5.65, 4.92, 4.99, 5.34, 4.691, 3.9, 4.47, 4.558, 4.196, 3.97, 3.67], [5.73, 5.18, 5.06, 4.05, 2.94, 3.31, 3.49, 3.11, 2.97, 3.48, 4.309, 4.839, 4.004, 2.788, 2.914, 4.179, 5.299, 5.856, 4.766, 4.159, 3.899, 3.549, 3.61, 4.136, 4.776, 4.546, 4.556, 4.437, 4.168, 3.95, 3.68, 4.39, 6.46, 8.918, 10.358, 9.878, 9.964, 10.535, 10.705, 10.721, 10.365, 9.885, 9.623, 9.845, 9.867, 9.817, 9.888, 10.461, 10.504, 10.098, 9.045, 7.912, 7.15, 6.38, 6.16, 6.59, 6.02, 4.28, 2.87, 2.72, 3.12, 3.68, 3.7, 3.17, 2.61, 2.06, 1.4, 1.3, 0, 2.9, 3.62, 3.41, 4.05, 4.86, 5.25, 4.75, 4.02, 4.15, 4.44, 3.86, 3.1, 3.67, 3.699, 3.296, 3.112, 2.93], [8.17, 7.627, 7.535, 6.685, 5.495, 5.834, 6.051, 5.639, 5.471, 6.052, 6.88, 7.47, 6.624, 5.348, 5.394, 6.728, 7.882, 8.399, 7.269, 6.776, 6.356, 5.914, 6.102, 6.711, 7.342, 7.112, 7.039, 6.969, 6.682, 6.485, 6.18, 6.97, 8.955, 11.393, 12.842, 12.447, 12.568, 13.089, 13.219, 13.335, 12.928, 12.44, 12.195, 12.419, 12.438, 12.371, 12.439, 13.004, 13.076, 12.69, 11.568, 10.455, 9.645, 8.895, 8.655, 9.085, 8.515, 6.84, 5.39, 5.22, 5.58, 6.14, 6.22, 5.81, 5.29, 4.47, 3.44, 3.56, 2.9, 0, 1.22, 1.11, 1.55, 2.28, 2.85, 2.51, 1.88, 2.07, 2.36, 2.82, 2.58, 2.45, 2.21, 1.78, 1.71, 1.73], [8.902, 8.35, 8.295, 7.265, 6.153, 6.514, 6.574, 6.279, 6.114, 6.646, 7.383, 7.965, 7.182, 6.223, 6.203, 7.408, 8.525, 9.099, 8.049, 7.314, 6.857, 6.437, 6.826, 7.391, 7.922, 7.772, 7.819, 7.623, 7.428, 7.228, 7.04, 7.85, 9.8, 12.222, 13.67, 13.287, 13.228, 13.821, 13.954, 13.987, 13.631, 13.125, 12.86, 13.076, 13.085, 13.026, 13.086, 13.739, 13.756, 13.378, 12.394, 11.3, 10.485, 9.735, 9.495, 9.93, 9.36, 7.7, 6.23, 5.98, 6.38, 6.94, 6.96, 6.53, 6.034, 5.13, 3.967, 4.14, 3.62, 1.22, 0, 0.89, 1.23, 1.84, 2.33, 2.27, 1.94, 2.09, 2.92, 3.72, 3.4, 3.17, 2.99, 2.6, 2.61, 2.59], [8.812, 8.243, 8.165, 7.175, 6.105, 6.407, 6.501, 6.186, 6.033, 6.553, 7.35, 7.915, 7.046, 6.058, 6.095, 7.315, 8.449, 9.006, 7.956, 7.241, 6.812, 6.355, 6.718, 7.289, 7.852, 7.682, 7.726, 7.55, 7.323, 7.126, 6.83, 7.66, 9.622, 12.097, 13.543, 13.057, 13.152, 13.728, 13.861, 13.894, 13.535, 12.992, 12.73, 12.964, 12.986, 12.933, 12.998, 13.634, 13.663, 13.265, 12.219, 11.126, 10.312, 9.548, 9.322, 9.772, 9.202, 7.53, 6.12, 5.91, 6.29, 6.83, 6.85, 6.4, 5.85, 4.96, 3.89, 3.99, 3.41, 1.11, 0.89, 0, 0.92, 1.73, 2.34, 2.12, 1.49, 1.68, 2.43, 3.17, 2.81, 2.54, 2.46, 2.09, 2.02, 2.02], [9.649, 9.059, 8.845, 7.82, 6.85, 7.24, 7.34, 7.023, 6.86, 7.39, 8.21, 8.772, 7.874, 6.547, 6.887, 8.147, 9.303, 9.821, 8.771, 8.095, 7.666, 7.184, 7.521, 8.124, 8.68, 8.493, 8.543, 8.407, 8.16, 7.957, 7.47, 8.08, 10.37, 12.825, 14.282, 13.779, 13.995, 14.557, 14.69, 14.74, 14.384, 13.783, 13.501, 13.765, 13.828, 13.778, 13.849, 14.465, 14.508, 14.105, 12.909, 11.702, 10.966, 10.196, 10.033, 10.503, 9.933, 8.173, 6.857, 6.682, 7.099, 7.627, 7.667, 7.124, 6.447, 5.342, 4.49, 4.85, 4.05, 1.55, 1.23, 0.92, 0, 1.17, 1.68, 1.64, 1.15, 1.38, 2.05, 3.15, 2.89, 2.48, 2.36, 2.09, 2.16, 2.38], [10.396, 9.806, 9.515, 8.622, 7.617, 8.007, 8.162, 7.79, 7.647, 8.192, 9.028, 9.584, 8.683, 7.318, 7.611, 8.928, 10.082, 10.599, 9.4