[[0, 1.0, 1.33, 1.39, 1.63, 2.27, 3.64, 5.35, 6.74, 7.09, 6.84, 6.59, 6.76, 5.42, 3.46, 3.18, 2.63, 3.01, 2.97, 2.93, 3.13, 3.11, 2.53, 2.59, 2.91, 2.99, 3.39, 3.41, 3.17, 2.75, 3.11, 3.41, 3.27, 3.33, 3.06, 3.31, 3.27, 3.15, 2.49, 2.92, 3.24, 3.11, 3.12, 3.07, 4.18, 4.717, 4.31, 3.65, 3.75, 3.9, 4.05, 3.37, 2.79, 2.65, 2.22, 2.26, 2.39, 3.01, 2.89, 2.86, 3.13, 2.84, 3.01, 3.54, 3.22, 2.68, 3.05, 3.35, 4.01, 3.67, 3.53, 3.5, 3.49, 3.84, 4.06, 6.556, 8.312, 9.269, 9.029, 9.099, 9.548, 9.36, 8.907, 8.864, 9.118, 9.044], [1.0, 0, 1.13, 1.19, 1.55, 2.09, 3.52, 5.33, 6.6, 6.99, 6.68, 6.35, 6.64, 5.22, 3.32, 3.04, 2.47, 2.85, 2.81, 2.89, 3.07, 3.05, 2.47, 2.45, 2.73, 2.79, 3.25, 3.35, 3.13, 2.67, 3.09, 3.35, 3.27, 3.29, 3.0, 3.21, 3.15, 3.07, 2.41, 2.74, 3.08, 3.01, 2.98, 2.77, 4.073, 4.763, 4.31, 3.65, 3.45, 3.86, 3.99, 3.31, 2.71, 2.55, 2.04, 2.08, 2.21, 2.85, 2.85, 2.74, 2.95, 2.88, 2.83, 3.46, 3.0, 2.66, 2.81, 3.25, 3.89, 3.53, 3.19, 3.24, 3.25, 3.58, 4.06, 6.584, 8.34, 9.3, 9.06, 9.153, 9.597, 9.43, 8.95, 8.907, 9.167, 9.092], [1.33, 1.13, 0, 0.78, 1.38, 2.1, 3.71, 5.56, 7.15, 7.6, 7.41, 7.18, 7.33, 5.91, 3.99, 3.37, 2.98, 3.22, 3.1, 3.18, 3.38, 3.38, 2.86, 2.84, 3.04, 3.16, 3.78, 3.7, 3.34, 2.9, 3.36, 3.66, 3.58, 3.62, 3.29, 3.52, 3.38, 3.3, 2.74, 3.15, 3.53, 3.56, 3.55, 2.88, 3.35, 4.01, 3.52, 3.22, 3.4, 4.07, 4.22, 3.54, 2.96, 2.86, 2.21, 2.17, 2.38, 2.96, 3.06, 2.91, 2.44, 2.51, 2.76, 3.05, 2.97, 2.73, 2.52, 2.76, 3.18, 2.78, 2.88, 3.03, 3.24, 3.57, 3.35, 5.768, 7.504, 8.461, 8.23, 8.323, 8.77, 8.58, 8.117, 8.1, 8.34, 8.263], [1.39, 1.19, 0.78, 0, 1.16, 1.9, 3.27, 5.1, 6.89, 7.66, 7.19, 6.88, 7.03, 5.65, 3.81, 3.37, 2.98, 3.22, 3.14, 2.86, 3.06, 3.08, 2.62, 2.76, 2.88, 2.92, 3.52, 3.34, 3.0, 2.56, 2.96, 3.42, 3.26, 3.26, 2.99, 3.26, 3.06, 3.0, 2.34, 2.89, 3.23, 3.3, 3.37, 2.6, 3.249, 3.947, 3.42, 3.02, 3.14, 3.65, 3.92, 3.22, 2.66, 2.6, 1.87, 1.95, 2.22, 2.56, 2.68, 2.51, 2.26, 2.31, 2.42, 2.85, 2.63, 2.37, 2.2, 2.6, 3.04, 2.68, 2.62, 2.87, 2.94, 3.23, 3.23, 5.74, 7.476, 8.43, 8.19, 8.275, 8.721, 8.507, 8.068, 8.04, 8.291, 8.211], [1.63, 1.55, 1.38, 1.16, 0, 1.1, 2.49, 4.38, 6.39, 7.4, 6.81, 6.42, 6.53, 5.21, 3.53, 2.89, 2.74, 2.9, 2.76, 2.4, 2.54, 2.58, 2.2, 2.18, 2.3, 2.52, 3.0, 2.72, 2.36, 1.96, 2.32, 2.66, 2.54, 2.56, 2.37, 2.64, 2.48, 2.44, 1.74, 2.23, 2.69, 2.94, 3.11, 2.3, 3.412, 4.089, 3.553, 2.82, 2.64, 3.07, 3.34, 2.6, 2.02, 2.04, 1.39, 1.65, 1.7, 2.12, 2.0, 1.85, 2.12, 1.81, 1.76, 2.49, 2.17, 1.95, 1.94, 2.42, 3.28, 2.98, 2.6, 2.39, 2.44, 2.71, 3.33, 5.963, 7.719, 8.653, 8.413, 8.497, 9.0, 8.685, 8.333, 8.305, 8.57, 8.49], [2.27, 2.09, 2.1, 1.9, 1.1, 0, 1.87, 3.68, 5.81, 6.74, 6.31, 5.88, 6.03, 4.67, 3.05, 2.53, 2.32, 2.42, 2.18, 1.96, 2.22, 2.24, 2.0, 1.92, 2.1, 2.28, 2.52, 2.26, 2.08, 1.76, 1.96, 2.14, 2.16, 2.26, 2.13, 2.32, 2.3, 2.38, 1.7, 2.11, 2.59, 2.74, 2.99, 2.16, 3.969, 4.678, 4.151, 2.98, 2.28, 2.47, 2.76, 2.22, 1.7, 1.84, 1.39, 1.49, 1.44, 1.76, 1.46, 1.41, 2.66, 2.19, 1.96, 2.79, 2.17, 2.05, 2.04, 2.78, 3.78, 3.5, 3.02, 2.35, 2.18, 2.31, 3.93, 6.561, 8.316, 9.258, 9.018, 9.097, 9.589, 9.307, 8.922, 8.888, 9.159, 9.085], [3.64, 3.52, 3.71, 3.27, 2.49, 1.87, 0, 1.99, 4.5, 6.15, 5.52, 5.17, 5.24, 3.98, 2.74, 2.32, 2.45, 2.55, 2.17, 1.99, 2.09, 2.23, 2.35, 2.51, 2.59, 2.39, 2.01, 1.73, 1.81, 1.87, 1.77, 1.85, 1.71, 1.47, 1.7, 1.99, 2.07, 2.23, 1.97, 2.14, 2.58, 2.75, 3.0, 2.27, 4.653, 5.239, 4.686, 3.503, 2.25, 1.28, 1.99, 1.57, 1.33, 1.53, 1.84, 2.06, 2.09, 1.81, 1.49, 1.44, 3.11, 2.58, 2.23, 3.18, 2.4, 2.28, 2.41, 3.27, 4.33, 4.05, 3.55, 2.78, 2.19, 2.16, 4.48, 7.116, 8.872, 9.812, 9.612, 9.683, 10.176, 9.843, 9.529, 9.49, 9.746, 9.689], [5.35, 5.33, 5.56, 5.1, 4.38, 3.68, 1.99, 0, 2.73, 4.44, 3.81, 3.46, 3.59, 2.87, 2.97, 2.93, 3.66, 3.24, 3.24, 2.82, 2.76, 2.76, 3.44, 3.46, 3.24, 3.2, 2.94, 2.58, 2.74, 2.92, 2.56, 2.56, 2.46, 2.42, 3.25, 3.48, 3.52, 3.58, 3.42, 3.29, 3.17, 2.98, 3.31, 3.86, 6.377, 6.949, 6.336, 5.153, 3.82, 2.13, 1.82, 2.2, 2.78, 3.02, 3.49, 3.61, 3.44, 2.88, 2.82, 3.01, 4.66, 4.15, 3.78, 4.75, 3.93, 3.69, 3.9, 4.88, 5.98, 5.7, 5.2, 4.49, 3.82, 3.75, 6.13, 8.766, 10.562, 11.522, 11.314, 11.338, 11.826, 11.514, 11.179, 11.14, 11.396, 11.339], [6.74, 6.6, 7.15, 6.89, 6.39, 5.81, 4.5, 2.73, 0, 1.93, 1.72, 1.53, 1.34, 1.78, 3.36, 4.1, 4.37, 4.33, 4.47, 4.35, 4.25, 4.27, 4.85, 4.61, 4.61, 4.01, 3.73, 4.15, 4.55, 4.91, 4.43, 4.09, 4.23, 4.21, 5.08, 5.45, 5.89, 5.93, 5.53, 4.68, 4.22, 3.81, 3.88, 6.177, 8.864, 9.435, 8.859, 7.67, 6.35, 4.66, 3.51, 4.11, 4.69, 4.63, 5.3, 5.32, 5.53, 5.09, 4.87, 5.22, 7.15, 6.64, 6.27, 7.24, 6.42, 6.1, 6.33, 7.37, 8.47, 8.19, 7.69, 6.96, 6.33, 6.24, 8.62, 11.276, 13.052, 14.012, 13.764, 13.855, 14.34, 14.05, 13.684, 13.67, 13.91, 13.847], [7.09, 6.99, 7.6, 7.66, 7.4, 6.74, 6.15, 4.44, 1.93, 0, 1.19, 1.38, 1.31, 2.35, 4.11, 4.93, 4.88, 4.82, 4.9, 5.36, 5.54, 5.3, 5.72, 5.44, 5.6, 5.4, 5.38, 5.8, 6.2, 6.54, 5.72, 5.32, 5.58, 5.86, 6.75, 7.12, 7.54, 7.52, 6.94, 5.95, 5.51, 5.2, 5.07, 7.708, 10.368, 11.113, 10.549, 9.36, 8.02, 6.29, 4.86, 5.44, 6.04, 5.86, 6.45, 6.69, 6.66, 6.62, 6.32, 6.77, 8.82, 8.31, 7.98, 9.01, 8.19, 7.87, 8.1, 9.14, 10.24, 9.96, 9.46, 8.61, 7.98, 7.91, 10.29, 12.959, 14.697, 15.651, 15.426, 15.516, 16.11, 15.7, 15.452, 15.44, 15.68, 15.606], [6.84, 6.68, 7.41, 7.19, 6.81, 6.31, 5.52, 3.81, 1.72, 1.19, 0, 0.73, 1.24, 1.88, 3.62, 4.58, 4.57, 4.59, 4.79, 4.77, 4.87, 4.71, 5.21, 4.99, 4.95, 4.79, 4.71, 5.17, 5.61, 5.93, 5.09, 4.67, 4.95, 5.23, 6.08, 6.41, 6.83, 6.81, 6.27, 5.36, 4.92, 4.53, 4.42, 7.079, 9.638, 10.448, 9.893, 8.73, 7.31, 5.54, 4.15, 4.75, 5.35, 5.23, 5.9, 6.06, 6.17, 5.99, 5.71, 6.16, 8.11, 7.6, 7.33, 8.36, 7.54, 7.22, 7.45, 8.51, 9.59, 9.31, 8.81, 7.96, 7.25, 7.2, 9.58, 12.243, 13.999, 14.958, 14.718, 14.814, 15.46, 15.11, 14.793, 14.75, 15.03, 14.956], [6.59, 6.35, 7.18, 6.88, 6.42, 5.88, 5.17, 3.46, 1.53, 1.38, 0.73, 0, 1.13, 1.55, 3.37, 4.33, 4.34, 4.44, 4.58, 4.66, 4.72, 4.66, 5.12, 4.84, 4.88, 4.46, 4.42, 4.88, 5.3, 5.62, 4.82, 4.46, 4.58, 4.9, 5.89, 6.26, 6.68, 6.66, 5.92, 4.87, 4.43, 4.16, 4.15, 6.8, 9.47, 10.187, 9.654, 8.471, 7.12, 5.35, 3.96, 4.52, 5.1, 5.0, 5.59, 5.77, 5.92, 5.7, 5.42, 5.91, 7.96, 7.45, 7.08, 8.09, 7.27, 6.95, 7.18, 8.22, 9.32, 9.04, 8.54, 7.69, 7.1, 7.05, 9.43, 12.072, 13.828, 14.779, 14.539, 14.618, 15.178, 14.837, 14.511, 14.471, 14.748, 14.674], [6.76, 6.64, 7.33, 7.03, 6.53, 6.03, 5.24, 3.59, 1.34, 1.31, 1.24, 1.13, 0, 1.68, 3.42, 4.34, 4.57, 4.69, 4.81, 4.89, 4.95, 4.87, 5.35, 5.07, 5.09, 4.65, 4.65, 5.11, 5.51, 5.85, 5.03, 4.71, 4.77, 5.11, 6.12, 6.483, 6.903, 6.883, 6.19, 5.14, 4.68, 4.35, 4.32, 6.981, 9.686, 10.376, 9.852, 8.669, 7.343, 5.58, 4.23, 4.77, 5.35, 5.21, 5.8, 5.9, 6.01, 5.87, 5.65, 6.14, 8.19, 7.68, 7.31, 8.26, 7.38, 7.06, 7.29, 8.35, 9.41, 9.13, 8.63, 7.9, 7.33, 7.28, 9.66, 12.282, 14.037, 14.971, 14.731, 14.813, 15.25, 15.009, 14.615, 14.572, 14.832, 14.746], [5.42, 5.22, 5.91, 5.65, 5.21, 4.67, 3.98, 2.87, 1.78, 2.35, 1.88, 1.55, 1.68, 0, 2.1, 2.98, 3.13, 3.21, 3.33, 3.35, 3.45, 3.37, 3.81, 3.59, 3.63, 3.23, 3.23, 3.69, 4.05, 4.37, 3.59, 3.27, 3.45, 3.69, 4.64, 5.01, 5.43, 5.41, 4.75, 3.84, 3.38, 3.01, 2.86, 5.545, 8.251, 8.946, 8.416, 7.23, 5.89, 4.14, 2.71, 3.29, 3.89, 3.73, 4.3, 4.5, 4.61, 4.47, 4.27, 4.72, 6.71, 6.2, 5.85, 6.82, 5.98, 5.66, 5.95, 6.89, 7.99, 7.71, 7.21, 6.42, 5.85, 5.8, 8.18, 10.811, 12.566, 13.52, 13.292, 13.385, 13.86, 13.59, 13.184, 13.17, 13.43, 13.35], [3.46, 3.32, 3.99, 3.81, 3.53, 3.05, 2.74, 2.97, 3.36, 4.11, 3.62, 3.37, 3.42, 2.1, 0, 1.22, 1.35, 1.45, 1.59, 1.73, 1.83, 1.75, 2.13, 1.83, 2.01, 1.65, 1.81, 2.13, 2.39, 2.73, 1.95, 1.59, 1.75, 2.05, 2.98, 3.37, 3.81, 3.77, 3.19, 2.18, 1.8, 1.49, 1.4, 3.841, 6.588, 7.25, 6.706, 5.543, 4.21, 2.74, 1.89, 1.87, 2.31, 2.11, 2.64, 2.78, 2.85, 2.97, 2.81, 3.26, 5.13, 4.58, 4.27, 5.22, 4.38, 4.1, 4.41, 5.25, 6.23, 5.95, 5.45, 4.76, 4.21, 4.16, 6.52, 9.136, 10.892, 11.837, 11.597, 11.699, 12.122, 11.91, 11.495, 11.45, 11.692, 11.627], [3.18, 3.04, 3.37, 3.37, 2.89, 2.53, 2.32, 2.93, 4.1, 4.93, 4.58, 4.33, 4.34, 2.98, 1.22, 0, 1.23, 1.19, 1.05, 1.43, 1.55, 1.43, 1.53, 1.47, 1.61, 1.57, 1.75, 1.87, 1.79, 2.05, 1.45, 1.17, 1.21, 1.59, 2.34, 2.79, 3.15, 3.07, 2.49, 1.64, 1.6, 1.55, 1.52, 3.1, 5.854, 6.55, 6.029, 4.87, 3.65, 2.22, 1.73, 1.49, 1.71, 1.57, 2.16, 2.36, 2.39, 2.55, 2.43, 2.88, 4.45, 3.92, 3.73, 4.68, 3.84, 3.56, 3.89, 4.55, 5.55, 5.27, 4.77, 4.08, 3.51, 3.56, 5.84, 8.439, 10.195, 11.125, 10.905, 11.013, 11.428, 11.21, 10.761, 10.77, 10.998, 10.906], [2.63, 2.47, 2.98, 2.98, 2.74, 2.32, 2.45, 3.66, 4.37, 4.88, 4.57, 4.34, 4.57, 3.13, 1.35, 1.23, 0, 0.94, 0.92, 1.38, 1.68, 1.7, 1.56, 1.42, 1.9, 1.56, 1.62, 1.88, 2.04, 2.18, 1.8, 1.54, 1.56, 1.68, 2.35, 2.68, 3.1, 3.06, 2.38, 1.67, 1.61, 1.6, 1.57, 3.066, 5.745, 6.464, 5.92, 4.737, 3.4, 2.35, 2.14, 1.68, 1.7, 1.58, 1.95, 2.31, 2.3, 2.46, 2.32, 2.79, 4.38, 3.85, 3.66, 4.55, 3.79, 3.53, 3.86, 4.56, 5.56, 5.24, 4.76, 3.93, 3.42, 3.39, 5.73, 8.323, 10.079, 11.036, 10.799, 10.901, 11.387, 11.137, 10.732, 10.68, 10.957, 10.891], [3.01, 2.85, 3.22, 3.22, 2.9, 2.42, 2.55, 3.24, 4.33, 4.82, 4.59, 4.44, 4.69, 3.21, 1.45, 1.19, 0.94, 0, 0.74, 1.04, 1.24, 1.1, 1.26, 1.24, 1.36, 1.52, 1.7, 1.74, 1.84, 2.06, 1.4, 1.16, 1.34, 1.64, 2.35, 2.6, 3.02, 2.98, 2.4, 1.61, 1.65, 1.52, 1.57, 3.049, 5.671, 6.416, 5.849, 4.68, 3.36, 2.15, 1.62, 1.52, 1.8, 1.7, 2.01, 2.31, 2.32, 2.44, 2.28, 2.73, 4.38, 3.83, 3.66, 4.63, 3.87, 3.61, 3.92, 4.68, 5.62, 5.28, 4.8, 4.01, 3.42, 3.37, 5.65, 8.259, 10.009, 10.96, 10.726, 10.819, 11.41, 11.06, 10.754, 10.74, 10.98, 10.917], [2.97, 2.81, 3.1, 3.14, 2.76, 2.18, 2.17, 3.24, 4.47, 4.9, 4.79, 4.58, 4.81, 3.33, 1.59, 1.05, 0.92, 0.74, 0, 1.1, 1.48, 1.32, 1.28, 1.24, 1.58, 1.62, 1.7, 1.72, 1.76, 2.0, 1.46, 1.28, 1.32, 1.42, 2.23, 2.48, 2.94, 2.92, 2.28, 1.61, 1.73, 1.84, 1.91, 3.057, 5.688, 6.436, 5.886, 4.7, 3.34, 1.99, 1.8, 1.38, 1.58, 1.46, 1.91, 2.15, 2.18, 2.28, 2.08, 2.51, 4.3, 3.75, 3.52, 4.51, 3.73, 3.47, 3.78, 4.58, 5.58, 5.32, 4.82, 3.97, 3.4, 3.31, 5.65, 8.281, 10.037, 10.988, 10.763, 10.853, 11.45, 11.02, 10.791, 10.76, 11.02, 10.943], [2.93, 2.89, 3.18, 2.86, 2.4, 1.96, 1.99, 2.82, 4.35, 5.36, 4.77, 4.66, 4.89, 3.35, 1.73, 1.43, 1.38, 1.04, 1.1, 0, 0.78, 0.74, 0.9, 1.0, 1.18, 1.26, 1.58, 1.28, 1.28, 1.36, 1.1, 0.98, 1.22, 1.28, 1.87, 2.04, 2.32, 2.3, 1.86, 1.59, 1.65, 1.58, 1.63, 2.475, 5.057, 5.79, 5.226, 4.06, 2.7, 1.73, 1.5, 1.14, 1.32, 1.22, 1.35, 1.65, 1.68, 1.76, 1.54, 1.89, 3.58, 3.03, 2.82, 3.83, 3.07, 2.79, 3.1, 3.9, 4.92, 4.64, 4.14, 3.31, 2.64, 2.77, 4.95, 7.613, 9.369, 10.323, 10.103, 10.182, 10.79, 10.44, 10.134, 10.1, 10.36, 10.303], [3.13, 3.07, 3.38, 3.06, 2.54, 2.22, 2.09, 2.76, 4.25, 5.54, 4.87, 4.72, 4.95, 3.45, 1.83, 1.55, 1.68, 1.24, 1.48, 0.78, 0, 0.68, 1.06, 1.12, 1.28, 1.22, 1.46, 1.06, 1.2, 1.32, 1.06, 0.94, 1.24, 1.3, 1.75, 2.0, 2.22, 2.26, 1.9, 1.49, 1.51, 1.4, 1.55, 2.38, 4.94, 5.716, 5.169, 4.0, 2.76, 1.77, 1.46, 1.24, 1.38, 1.34, 1.59, 1.75, 1.9, 1.8, 1.64, 1.99, 3.38, 2.83, 2.76, 3.73, 2.99, 2.71, 3.02, 3.8, 4.82, 4.54, 4.04, 3.23, 2.54, 2.67, 4.85, 7.499, 9.234, 10.143, 9.958, 10.105, 10.73, 10.38, 10.034, 10.06, 10.3, 10.209], [3.11, 3.05, 3.38, 3.08, 2.58, 2.24, 2.23, 2.76, 4.27, 5.3, 4.71, 4.66, 4.87, 3.37, 1.75, 1.43, 1.7, 1.1, 1.32, 0.74, 0.68, 0, 0.88, 0.92, 0.98, 1.24, 1.54, 1.1, 1.18, 1.48, 0.98, 0.92, 1.26, 1.36, 1.89, 2.1, 2.4, 2.42, 2.0, 1.59, 1.67, 1.54, 1.59, 2.555, 5.163, 5.902, 5.349, 4.22, 2.98, 1.95, 1.52, 1.34, 1.42, 1.38, 1.79, 1.87, 1.8, 1.78, 1.68, 2.03, 3.6, 3.05, 2.86, 3.83, 3.07, 2.79, 3.08, 3.98, 5.0, 4.72, 4.22, 3.45, 2.8, 2.95, 5.05, 7.699, 9.434, 10.391, 10.178, 10.285, 10.91, 10.56, 10.214, 10.24, 10.48, 10.389], [2.53, 2.47, 2.86, 2.62, 2.2, 2.0, 2.35, 3.44, 4.85, 5.72, 5.21, 5.12, 5.35, 3.81, 2.13, 1.53, 1.56, 1.26, 1.28, 0.9, 1.06, 0.88, 0, 0.64, 0.96, 1.22, 1.5, 1.38, 1.14, 1.22, 1.06, 1.22, 1.44, 1.54, 1.69, 1.92, 2.04, 2.06, 1.6, 1.53, 1.83, 1.8, 1.81, 2.26, 4.797, 5.519, 4.972, 3.84, 2.78, 2.13, 2.04, 1.7, 1.6, 1.36, 1.45, 1.73, 1.56, 1.62, 1.6, 1.93, 3.3, 2.79, 2.6, 3.55, 2.83, 2.53, 2.92, 3.64, 4.64, 4.36, 3.86, 3.07, 2.5, 2.77, 4.69, 7.342, 9.092, 10.046, 9.823, 9.922, 10.53, 10.18, 9.874, 9.88, 10.1, 10.026], [2.59, 2.45, 2.84, 2.76, 2.18, 1.92, 2.51, 3.46, 4.61, 5.44, 4.99, 4.84, 5.07, 3.59, 1.83, 1.47, 1.42, 1.24, 1.24, 1.0, 1.12, 0.92, 0.64, 0, 0.78, 0.98, 1.34, 1.24, 1.26, 1.32, 1.18, 1.22, 1.38, 1.56, 1.87, 2.08, 2.38, 2.36, 1.7, 1.43, 1.71, 1.62, 1.67, 2.46, 4.965, 5.679, 5.112, 3.96, 2.96, 2.33, 2.12, 1.74, 1.74, 1.52, 1.57, 1.67, 1.48, 1.6, 1.54, 2.03, 3.48, 2.97, 2.68, 3.67, 2.91, 2.63, 2.96, 3.76, 4.82, 4.54, 4.02, 3.27, 2.82, 3.09, 4.85, 7.522, 9.257, 10.217, 9.988, 10.085, 10.67, 10.3, 10.034, 10.02, 10.24, 10.186], [2.91, 2.73, 3.04, 2.88, 2.3, 2.1, 2.59, 3.24, 4.61, 5.6, 4.95, 4.88, 5.09, 3.63, 2.01, 1.61, 1.9, 1.36, 1.58, 1.18, 1.28, 0.98, 0.96, 0.78, 0, 0.98, 1.52, 1.36, 1.32, 1.36, 1.08, 1.06, 1.36, 1.68, 2.03, 2.06, 2.34, 2.36, 1.7, 1.55, 1.73, 1.64, 1.69, 2.4, 4.79, 5.607, 5.046, 4.0, 3.1, 2.41, 1.92, 1.72, 1.86, 1.84, 1.97, 1.89, 1.58, 1.62, 1.64, 2.19, 3.38, 2.99, 2.7, 3.75, 3.07, 2.65, 3.0, 3.76, 4.78, 4.5, 3.98, 3.37, 2.78, 3.19, 4.75, 7.393, 9.149, 10.091, 9.854, 9.973, 10.61, 10.26, 9.952, 9.92, 10.18, 10.114], [2.99, 2.79, 3.16, 2.92, 2.52, 2.28, 2.39, 3.2, 4.01, 5.4, 4.79, 4.46, 4.65, 3.23, 1.65, 1.57, 1.56, 1.52, 1.62, 1.26, 1.22, 1.24, 1.22, 0.98, 0.98, 0, 1.12, 1.3, 1.28, 1.48, 1.2, 1.14, 1.32, 1.54, 2.13, 2.28, 2.58, 2.58, 1.92, 1.19, 1.41, 1.26, 1.37, 2.44, 5.099, 5.79, 5.26, 4.18, 3.24, 2.35, 2.04, 1.68, 1.88, 1.84, 1.97, 1.89, 1.9, 1.66, 1.7, 2.23, 3.7, 3.27, 2.88, 3.83, 3.13, 2.73, 3.06, 3.88, 4.92, 4.64, 4.12, 3.49, 3.0, 3.35, 5.05, 7.666, 9.402, 10.359, 10.128, 10.23, 10.73, 10.44, 10.074, 10.04, 10.3, 10.231], [3.39, 3.25, 3.78, 3.52, 3.0, 2.52, 2.01, 2.94, 3.73, 5.38, 4.71, 4.42, 4.65, 3.23, 1.81, 1.75, 1.62, 1.7, 1.7, 1.58, 1.46, 1.54, 1.5, 1.34, 1.52, 1.12, 0, 0.92, 1.42, 1.5, 1.46, 1.28, 1.32, 1.3, 1.65, 1.92, 2.28, 2.32, 1.84, 1.41, 1.45, 1.48, 1.57, 2.8, 5.223, 5.83, 5.246, 4.06, 2.82, 1.83, 2.02, 1.68, 1.8, 1.82, 2.15, 2.09, 2.26, 1.84, 1.56, 1.97, 3.68, 3.13, 2.78, 3.79, 2.99, 2.69, 2.98, 3.9, 4.96, 4.68, 4.16, 3.49, 2.76, 2.93, 5.03, 7.655, 9.431, 10.388, 10.16, 10.241, 10.79, 10.44, 10.117, 10.1, 10.36, 10.297], [3.41, 3.35, 3.7, 3.34, 2.72, 2.26, 1.73, 2.58, 4.15, 5.8, 5.17, 4.88, 5.11, 3.69, 2.13, 1.87, 1.88, 1.74, 1.72, 1.28, 1.06, 1.1, 1.38, 1.24, 1.36, 1.3, 0.92, 0, 1.1, 1.28, 1.2, 1.04, 1.08, 0.92, 1.31, 1.56, 1.88, 1.96, 1.46, 1.45, 1.45, 1.6, 1.91, 2.32, 4.783, 5.405, 4.794, 3.62, 2.34, 1.53, 1.78, 1.44, 1.48, 1.64, 1.89, 1.89, 1.9, 1.52, 1.22, 1.53, 3.2, 2.65, 2.4, 3.37, 2.61, 2.33, 2.64, 3.48, 4.54, 4.26, 3.74, 3.05, 2.32, 2.47, 4.57, 7.201, 8.997, 9.957, 9.709, 9.787, 10.37, 9.957, 9.717, 9.66, 9.94, 9.874], [3.17, 3.13, 3.34, 3.0, 2.36, 2.08, 1.81, 2.74, 4.55, 6.2, 5.61, 5.3, 5.51, 4.05, 2.39, 1.79, 2.04, 1.84, 1.76, 1.28, 1.2, 1.18, 1.14, 1.26, 1.32, 1.28, 1.42, 1.1, 0, 0.72, 0.82, 1.12, 1.1, 1.0, 1.29, 1.5, 1.72, 1.8, 1.38, 1.27, 1.71, 1.76, 1.93, 1.94, 4.557, 5.03, 4.42, 3.3, 2.3, 1.59, 1.8, 1.46, 1.4, 1.4, 1.65, 1.81, 1.68, 1.48, 1.4, 1.61, 2.82, 2.35, 2.06, 3.05, 2.33, 2.05, 2.46, 3.0, 4.06, 3.78, 3.34, 2.69, 2.02, 2.35, 4.15, 6.83, 8.661, 9.611, 9.376, 9.414, 9.93, 9.54, 9.28, 9.26, 9.5, 9.46], [2.75, 2.67, 2.9, 2.56, 1.96, 1.76, 1.87, 2.92, 4.91, 6.54, 5.93, 5.62, 5.85, 4.37, 2.73, 2.05, 2.18, 2.06, 2.0, 1.36, 1.32, 1.48, 1.22, 1.32, 1.36, 1.48, 1.5, 1.28, 0.72, 0, 1.0, 1.36, 1.34, 1.24, 1.43, 1.58, 1.5, 1.48, 1.06, 1.39, 1.85, 1.9, 2.09, 1.64, 3.994, 4.607, 4.046, 2.92, 2.1, 1.67, 1.96, 1.46, 1.4, 1.4, 1.33, 1.47, 1.38, 1.22, 1.14, 1.45, 2.52, 2.11, 1.9, 2.89, 2.17, 1.87, 2.26, 2.76, 3.74, 3.48, 2.96, 2.19, 1.76, 2.19, 3.83, 6.455, 8.231, 9.185, 8.96, 9.054, 9.59, 9.22, 8.937, 8.9, 9.16, 9.094], [3.11, 3.09, 3.36, 2.96, 2.32, 1.96, 1.77, 2.56, 4.43, 5.72, 5.09, 4.82, 5.03, 3.59, 1.95, 1.45, 1.8, 1.4, 1.46, 1.1, 1.06, 0.98, 1.06, 1.18, 1.08, 1.2, 1.46, 1.2, 0.82, 1.0, 0, 0.78, 0.9, 1.18, 1.67, 1.92, 1.98, 1.98, 1.46, 1.25, 1.47, 1.4, 1.57, 2.12, 4.726, 5.433, 4.886, 3.76, 2.62, 1.59, 1.36, 1.08, 1.22, 1.46, 1.69, 1.87, 1.68, 1.46, 1.46, 1.75, 3.24, 2.73, 2.56, 3.53, 2.81, 2.53, 2.88, 3.52, 4.58, 4.3, 3.8, 2.97, 2.38, 2.55, 4.63, 7.281, 9.037, 9.988, 9.763, 9.85, 10.45, 10.02, 9.771, 9.76, 10.02, 9.937], [3.41, 3.35, 3.66, 3.42, 2.66, 2.14, 1.85, 2.56, 4.09, 5.32, 4.67, 4.46, 4.71, 3.27, 1.59, 1.17, 1.54, 1.16, 1.28, 0.98, 0.94, 0.92, 1.22, 1.22, 1.06, 1.14, 1.28, 1.04, 1.12, 1.36, 0.78, 0, 0.72, 1.02, 1.63, 1.98, 2.3, 2.28, 1.74, 1.25, 1.29, 1.34, 1.55, 2.543, 5.079, 5.861, 5.297, 4.12, 2.76, 1.57, 1.22, 0.98, 1.2, 1.44, 1.87, 1.93, 1.9, 1.74, 1.5, 1.97, 3.6, 3.05, 2.92, 3.87, 3.13, 2.87, 3.18, 3.92, 5.0, 4.72, 4.22, 3.37, 2.68, 2.73, 5.01, 7.667, 9.423, 10.379, 10.14, 10.23, 10.864, 10.48, 10.212, 10.16, 10.434, 10.368], [3.27, 3.27, 3.58, 3.26, 2.54, 2.16, 1.71, 2.46, 4.23, 5.58, 4.95, 4.58, 4.77, 3.45, 1.75, 1.21, 1.56, 1.34, 1.32, 1.22, 1.24, 1.26, 1.44, 1.38, 1.36, 1.32, 1.32, 1.08, 1.1, 1.34, 0.9, 0.72, 0, 0.76, 1.55, 1.82, 2.22, 2.18, 1.48, 1.05, 1.27, 1.26, 1.65, 2.4, 4.961, 5.644, 5.111, 3.928, 2.64, 1.39, 1.32, 0.94, 1.24, 1.38, 1.81, 1.99, 1.98, 1.76, 1.5, 1.97, 3.56, 3.03, 2.8, 3.79, 3.01, 2.75, 3.06, 3.78, 4.8, 4.52, 4.02, 3.19, 2.6, 2.63, 4.89, 7.532, 9.288, 10.236, 9.999, 10.084, 10.638, 10.277, 9.971, 9.94, 10.208, 10.131], [3.33, 3.29, 3.62, 3.26, 2.56, 2.26, 1.47, 2.42, 4.21, 5.86, 5.23, 4.9, 5.11, 3.69, 2.05, 1.59, 1.68, 1.64, 1.42, 1.28, 1.3, 1.36, 1.54, 1.56, 1.68, 1.54, 1.3, 0.92, 1.0, 1.24, 1.18, 1.02, 0.76, 0, 1.13, 1.48, 1.88, 1.94, 1.46, 1.21, 1.41, 1.58, 1.81, 2.2, 4.763, 5.344, 4.771, 3.588, 2.3, 1.21, 1.46, 1.02, 1.12, 1.18, 1.83, 1.99, 2.02, 1.72, 1.48, 1.79, 3.28, 2.75, 2.54, 3.51, 2.77, 2.49, 2.8, 3.52, 4.5, 4.22, 3.72, 2.99, 2.32, 2.37, 4.55, 7.195, 8.971, 9.922, 9.72, 9.784, 10.33, 9.937, 9.677, 9.62, 9.9, 9.831], [3.06, 3.0, 3.29, 2.99, 2.37, 2.13, 1.7, 3.25, 5.08, 6.75, 6.08, 5.89, 6.12, 4.64, 2.98, 2.34, 2.35, 2.35, 2.23, 1.87, 1.75, 1.89, 1.69, 1.87, 2.03, 2.13, 1.65, 1.31, 1.29, 1.43, 1.67, 1.63, 1.55, 1.13, 0, 0.77, 1.15, 1.37, 1.25, 1.76, 2.12, 2.21, 2.36, 1.77, 4.113, 4.54, 3.91, 2.71, 1.77, 1.66, 2.29, 1.85, 1.39, 1.31, 1.86, 1.9, 1.95, 1.97, 1.47, 1.32, 2.39, 1.9, 1.71, 2.68, 1.94, 1.68, 2.07, 2.73, 3.57, 3.31, 2.79, 2.34, 1.65, 1.62, 3.66, 6.26, 8.048, 8.988, 8.805, 8.887, 9.46, 9.09, 8.83, 8.83, 9.05, 8.93], [3.31, 3.21, 3.52, 3.26, 2.64, 2.32, 1.99, 3.48, 5.45, 7.12, 6.41, 6.26, 6.483, 5.01, 3.37, 2.79, 2.68, 2.6, 2.48, 2.04, 2.0, 2.1, 1.92, 2.08, 2.06, 2.28, 1.92, 1.56, 1.5, 1.58, 1.92, 1.98, 1.82, 1.48, 0.77, 0, 0.8, 1.02, 1.24, 2.01, 2.51, 2.58, 2.77, 2.04, 4.031, 4.37, 3.66, 2.58, 1.58, 1.79, 2.6, 2.16, 1.7, 1.66, 2.11, 2.13, 2.12, 2.04, 1.56, 1.51, 2.44, 1.95, 1.7, 2.51, 1.93, 1.75, 2.08, 2.76, 3.46, 3.22, 2.76, 2.35, 1.58, 1.71, 3.47, 6.05, 7.858, 8.738, 8.54, 8.63, 9.15, 8.74, 8.5, 8.5, 8.72, 8.62], [3.27, 3.15, 3.38, 3.06, 2.48, 2.3, 2.07, 3.52, 5.89, 7.54, 6.83, 6.68, 6.903, 5.43, 3.81, 3.15, 3.1, 3.02, 2.94, 2.32, 2.22, 2.4, 2.04, 2.38, 2.34, 2.58, 2.28, 1.88, 1.72, 1.5, 1.98, 2.3, 2.22, 1.88, 1.15, 0.8, 0, 0.56, 1.22, 2.31, 2.83, 2.94, 3.11, 1.82, 3.411, 3.91, 3.24, 2.28, 1.44, 1.79, 2.92, 2.4, 1.92, 1.98, 2.01, 2.07, 1.94, 1.8, 1.56, 1.49, 2.08, 1.61, 1.54, 2.15, 1.75, 1.53, 1.82, 2.4, 3.06, 2.96, 2.36, 1.89, 1.42, 1.53, 3.03, 5.67, 7.338, 8.218, 8.06, 8.19, 8.75, 8.4, 8.097, 8.12, 8.34, 8.234], [3.15, 3.07, 3.3, 3.0, 2.44, 2.38, 2.23, 3.58, 5.93, 7.52, 6.81, 6.66, 6.883, 5.41, 3.77, 3.07, 3.06, 2.98, 2.92, 2.3, 2.26, 2.42, 2.06, 2.36, 2.36, 2.58, 2.32, 1.96, 1.8, 1.48, 1.98, 2.28, 2.18, 1.94, 1.37, 1.02, 0.56, 0, 1.08, 2.31, 2.83, 2.88, 3.03, 1.98, 3.234, 3.79, 3.18, 2.2, 1.56, 1.77, 2.88, 2.36, 2.04, 2.1, 2.03, 2.11, 1.86, 1.8, 1.54, 1.59, 2.14, 1.69, 1.66, 2.25, 1.87, 1.63, 1.9, 2.32, 2.98, 2.92, 2.28, 1.93, 1.46, 1.75, 2.97, 5.61, 7.32, 8.235, 8.06, 8.13, 8.67, 8.32, 7.997, 8.0, 8.24, 8.166], [2.49, 2.41, 2.74, 2.34, 1.74, 1.7, 1.97, 3.42, 5.53, 6.94, 6.27, 5.92, 6.19, 4.75, 3.19, 2.49, 2.38, 2.4, 2.28, 1.86, 1.9, 2.0, 1.6, 1.7, 1.7, 1.92, 1.84, 1.46, 1.38, 1.06, 1.46, 1.74, 1.48, 1.46, 1.25, 1.24, 1.22, 1.08, 0, 1.35, 1.95, 2.16, 2.47, 1.78, 3.685, 4.347, 3.774, 2.68, 1.98, 1.81, 2.36, 1.86, 1.62, 1.8, 1.61, 1.77, 1.62, 1.5, 0.98, 1.41, 2.4, 1.91, 1.78, 2.73, 2.05, 1.75, 2.14, 2.6, 3.58, 3.28, 2.8, 2.13, 1.82, 2.13, 3.55, 6.201, 7.937, 8.891, 8.691, 8.721, 9.335, 8.934, 8.668, 8.631, 8.905, 8.831], [2.92, 2.74, 3.15, 2.89, 2.23, 2.11, 2.14, 3.29, 4.68, 5.95, 5.36, 4.87, 5.14, 3.84, 2.18, 1.64, 1.67, 1.61, 1.61, 1.59, 1.49, 1.59, 1.53, 1.43, 1.55, 1.19, 1.41, 1.45, 1.27, 1.39, 1.25, 1.25, 1.05, 1.21, 1.76, 2.01, 2.31, 2.31, 1.35, 0, 0.88, 1.23, 1.56, 2.263, 4.834, 5.505, 4.981, 3.83, 2.83, 1.94, 1.97, 1.53, 1.69, 1.79, 2.02, 2.08, 2.17, 2.01, 1.73, 2.32, 3.65, 3.12, 2.91, 3.92, 3.16, 2.88, 3.25, 3.87, 4.83, 4.51, 4.01, 3.26, 2.69, 3.02, 4.82, 7.405, 9.161, 10.1, 9.86, 9.93, 10.51, 10.126, 9.849, 9.818, 10.086, 10.006], [3.24, 3.08, 3.53, 3.23, 2.69, 2.59, 2.58, 3.17, 4.22, 5.51, 4.92, 4.43, 4.68, 3.38, 1.8, 1.6, 1.61, 1.65, 1.73, 1.65, 1.51, 1.67, 1.83, 1.71, 1.73, 1.41, 1.45, 1.45, 1.71, 1.85, 1.47, 1.29, 1.27, 1.41, 2.12, 2.51, 2.83, 2.83, 1.95, 0.88, 0, 0.73, 0.96, 2.657, 5.271, 5.985, 5.432, 4.27, 3.23, 2.24, 1.71, 1.51, 1.95, 2.07, 2.4, 2.54, 2.71, 2.47, 2.31, 2.78, 4.21, 3.72, 3.55, 4.54, 3.78, 3.5, 3.85, 4.41, 5.35, 4.99, 4.51, 3.74, 3.17, 3.44, 5.34, 7.882, 9.618, 10.557, 10.317, 10.396, 10.956, 10.592, 10.289, 10.255, 10.526, 10.443], [3.11, 3.01, 3.56, 3.3, 2.94, 2.74, 2.75, 2.98, 3.81, 5.2, 4.53, 4.16, 4.35, 3.01, 1.49, 1.55, 1.6, 1.52, 1.84, 1.58, 1.4, 1.54, 1.8, 1.62, 1.64, 1.26, 1.48, 1.6, 1.76, 1.9, 1.4, 1.34, 1.26, 1.58, 2.21, 2.58, 2.94, 2.88, 2.16, 1.23, 0.73, 0, 0.63, 2.687, 5.375, 6.07, 5.537, 4.36, 3.34, 2.33, 1.6, 1.58, 1.9, 2.04, 2.39, 2.51, 2.74, 2.52, 2.4, 2.83, 4.3, 3.79, 3.68, 4.59, 3.85, 3.55, 3.9, 4.44, 5.38, 5.04, 4.56, 3.83, 3.26, 3.51, 5.47, 7.966, 9.702, 10.659, 10.416, 10.492, 11.021, 10.737, 10.357, 10.314, 10.594, 10.517], [3.12, 2.98, 3.55, 3.37, 3.11, 2.99, 3.0, 3.31, 3.88, 5.07, 4.42, 4.15, 4.32, 2.86, 1.4, 1.52, 1.57, 1.57, 1.91, 1.63, 1.55, 1.59, 1.81, 1.67, 1.69, 1.37, 1.57, 1.91, 1.93, 2.09, 1.57, 1.55, 1.65, 1.81, 2.36, 2.77, 3.11, 3.03, 2.47, 1.56, 0.96, 0.63, 0, 2.716, 5.455, 6.131, 5.596, 4.43, 3.59, 2.58, 1.83, 1.81, 2.13, 2.03, 2.46, 2.72, 2.87, 2.81, 2.73, 3.12, 4.47, 3.98, 3.87, 4.78, 4.06, 3.74, 4.15, 4.57, 5.49, 5.17, 4.67, 3.96, 3.39, 3.74, 5.58, 8.016, 9.752, 10.712, 10.496, 10.589, 11.08, 10.81, 10.41, 10.39, 10.65, 10.576], [3.07, 2.77, 2.88, 2.6, 2.3, 2.16, 2.27, 3.86, 6.177, 7.708, 7.079, 6.8, 6.981, 5.545, 3.841, 3.1, 3.066, 3.049, 3.057, 2.475, 2.38, 2.555, 2.26, 2.46, 2.4, 2.44, 2.8, 2.32, 1.94, 1.64, 2.12, 2.543, 2.4, 2.2, 1.77, 2.04, 1.82, 1.98, 1.78, 2.263, 2.657, 2.687, 2.716, 0, 2.97, 3.59, 3.08, 2.46, 2.14, 2.31, 3.02, 2.42, 1.96, 2.06, 1.95, 2.03, 1.98, 1.98, 1.96, 1.89, 2.56, 2.17, 2.02, 2.95, 2.29, 2.07, 2.32, 2.74, 3.4, 3.12, 2.66, 2.19, 1.86, 2.25, 3.69, 5.45, 7.12, 8.033, 7.84, 7.97, 8.47, 8.22, 7.8, 7.86, 8.06, 7.92], [4.18, 4.073, 3.35, 3.249, 3.412, 3.969, 4.653, 6.377, 8.864, 10.368, 9.638, 9.47, 9.686, 8.251, 6.588, 5.854, 5.745, 5.671, 5.688, 5.057, 4.94, 5.163, 4.797, 4.965, 4.79, 5.099, 5.223, 4.783, 4.557, 3.994, 4.726, 5.079, 4.961, 4.763, 4.113, 4.031, 3.411, 3.234, 3.685, 4.834, 5.271, 5.375, 5.455, 2.97, 0, 1.18, 1.13, 1.79, 2.974, 4.435, 5.589, 4.987, 4.452, 4.68, 4.047, 4.018, 4.022, 3.934, 4.143, 3.822, 2.125, 2.68, 3.143, 2.458, 3.215, 3.295, 2.965, 1.97, 1.55, 1.79, 2.01, 2.12, 2.691, 3.055, 1.72, 3.14, 4.57, 5.35, 5.15, 5.24, 5.94, 5.55, 5.21, 5.23, 5.47, 5.37], [4.717, 4.763, 4.01, 3.947, 4.089, 4.678, 5.239, 6.949, 9.435, 11.113, 10.448, 10.187, 10.376, 8.946, 7.25, 6.55, 6.464, 6.416, 6.436, 5.79, 5.716, 5.902, 5.519, 5.679, 5.607, 5.79, 5.83, 5.405, 5.03, 4.607, 5.433, 5.861, 5.644, 5.344, 4.54, 4.37, 3.91, 3.79, 4.347, 5.505, 5.985, 6.07, 6.131, 3.59, 1.18, 0, 0.95, 2.01, 3.41, 5.0, 6.342, 5.721, 5.17, 5.296, 4.712, 4.638, 4.667, 4.582, 4.793, 4.392, 2.61, 3.1, 3.45, 2.72, 3.52, 3.6, 3.31, 2.19, 1.49, 1.91, 2.13, 2.566, 3.27, 3.56, 1.48, 2.4, 3.87, 4.67, 4.49, 4.56, 5.12, 4.73, 4.43, 4.47, 4.67, 4.53], [4.31, 4.31, 3.52, 3.42, 3.553, 4.151, 4.686, 6.336, 8.859, 10.549, 9.893, 9.654, 9.852, 8.416, 6.706, 6.029, 5.92, 5.849, 5.886, 5.226, 5.169, 5.349, 4.972, 5.112, 5.046, 5.26, 5.246, 4.794, 4.42, 4.046, 4.886, 5.297, 5.111, 4.771, 3.91, 3.66, 3.24, 3.18, 3.774, 4.981, 5.432, 5.537, 5.596, 3.08, 1.13, 0.95, 0, 1.36, 2.7, 4.37, 5.769, 5.166, 4.597, 4.746, 4.162, 4.107, 4.134, 4.029, 4.249, 3.81, 2.0, 2.51, 2.8, 2.03, 2.83, 3.01, 2.66, 1.56, 1.1, 1.42, 1.48, 2.03, 2.66, 2.95, 1.29, 2.81, 4.34, 5.24, 5.1, 5.07, 5.61, 5.24, 4.98, 4.98, 5.2, 5.1], [3.65, 3.65, 3.22, 3.02, 2.82, 2.98, 3.503, 5.153, 7.67, 9.36, 8.73, 8.471, 8.669, 7.23, 5.543, 4.87, 4.737, 4.68, 4.7, 4.06, 4.0, 4.22, 3.84, 3.96, 4.0, 4.18, 4.06, 3.62, 3.3, 2.92, 3.76, 4.12, 3.928, 3.588, 2.71, 2.58, 2.28, 2.2, 2.68, 3.83, 4.27, 4.36, 4.43, 2.46, 1.79, 2.01, 1.36, 0, 1.5, 3.19, 4.6, 3.98, 3.414, 3.58, 2.99, 3.05, 3.18, 3.04, 3.06, 2.61, 1.62, 1.61, 1.82, 1.31, 1.75, 2.15, 1.92, 1.26, 1.58, 1.66, 1.38, 1.25, 1.52, 1.79, 1.75, 3.85, 5.6, 6.48, 6.3, 6.25, 6.79, 6.4, 6.2, 6.18, 6.36, 6.3], [3.75, 3.45, 3.4, 3.14, 2.64, 2.28, 2.25, 3.82, 6.35, 8.02, 7.31, 7.12, 7.343, 5.89, 4.21, 3.65, 3.4, 3.36, 3.34, 2.7, 2.76, 2.98, 2.78, 2.96, 3.1, 3.24, 2.82, 2.34, 2.3, 2.1, 2.62, 2.76, 2.64, 2.3, 1.77, 1.58, 1.44, 1.56, 1.98, 2.83, 3.23, 3.34, 3.59, 2.14, 2.974, 3.41, 2.7, 1.5, 0, 1.81, 3.22, 2.62, 2.14, 2.34, 2.13, 2.47, 2.62, 2.28, 2.08, 1.79, 1.96, 1.65, 1.66, 1.77, 1.61, 1.97, 1.84, 2.1, 2.66, 2.58, 2.04, 1.53, 1.0, 1.17, 2.57, 5.13, 6.9, 7.838, 7.62, 7.59, 8.17, 7.82, 7.58, 7.5, 7.76, 7.7], [3.9, 3.86, 4.07, 3.65, 3.07, 2.47, 1.28, 2.13, 4.66, 6.29, 5.54, 5.35, 5.58, 4.14, 2.74, 2.22, 2.35, 2.15, 1.99, 1.73, 1.77, 1.95, 2.13, 2.33, 2.41, 2.35, 1.83, 1.53, 1.59, 1.67, 1.59, 1.57, 1.39, 1.21, 1.66, 1.79, 1.79, 1.77, 1.81, 1.94, 2.24, 2.33, 2.58, 2.31, 4.435, 5.0, 4.37, 3.19, 1.81, 0, 1.49, 1.17, 1.53, 1.77, 2.2, 2.38, 2.31, 1.83, 1.73, 1.94, 2.97, 2.52, 2.39, 3.2, 2.52, 2.36, 2.61, 3.25, 4.19, 3.83, 3.37, 2.8, 1.95, 1.98, 4.14, 6.743, 8.559, 9.47, 9.29, 9.318, 9.92, 9.57, 9.27, 9.21, 9.49, 9.433], [4.05, 3.99, 4.22, 3.92, 3.34, 2.76, 1.99, 1.82, 3.51, 4.86, 4.15, 3.96, 4.23, 2.71, 1.89, 1.73, 2.14, 1.62, 1.8, 1.5, 1.46, 1.52, 2.04, 2.12, 1.92, 2.04, 2.02, 1.78, 1.8, 1.96, 1.36, 1.22, 1.32, 1.46, 2.29, 2.6, 2.92, 2.88, 2.36, 1.97, 1.71, 1.6, 1.83, 3.02, 5.589, 6.342, 5.769, 4.6, 3.22, 1.49, 0, 0.94, 1.68, 1.86, 2.51, 2.59, 2.62, 2.3, 2.14, 2.51, 4.22, 3.69, 3.56, 4.53, 3.79, 3.51, 3.82, 4.58, 5.54, 5.18, 4.7, 3.87, 3.26, 3.19, 5.53, 8.139, 9.889, 10.846, 10.611, 10.693, 11.33, 10.98, 10.663, 10.66, 10.9, 10.831], [3.37, 3.31, 3.54, 3.22, 2.6, 2.22, 1.57, 2.2, 4.11, 5.44, 4.75, 4.52, 4.77, 3.29, 1.87, 1.49, 1.68, 1.52, 1.38, 1.14, 1.24, 1.34, 1.7, 1.74, 1.72, 1.68, 1.68, 1.44, 1.46, 1.46, 1.08, 0.98, 0.94, 1.02, 1.85, 2.16, 2.4, 2.36, 1.86, 1.53, 1.51, 1.58, 1.81, 2.42, 4.987, 5.721, 5.166, 3.98, 2.62, 1.17, 0.94, 0, 1.04, 1.22, 1.77, 1.91, 2.08, 1.84, 1.62, 2.01, 3.56, 3.03, 2.88, 3.85, 3.09, 2.85, 3.14, 3.86, 4.9, 4.58, 4.1, 3.23, 2.62, 2.53, 4.95, 7.561, 9.317, 10.277, 10.043, 10.13, 10.73, 10.36, 10.06, 10.04, 10.3, 10.226], [2.79, 2.71, 2.96, 2.66, 2.02, 1.7, 1.33, 2.78, 4.69, 6.04, 5.35, 5.1, 5.35, 3.89, 2.31, 1.71, 1.7, 1.8, 1.58, 1.32, 1.38, 1.42, 1.6, 1.74, 1.86, 1.88, 1.8, 1.48, 1.4, 1.4, 1.22, 1.2, 1.24, 1.12, 1.39, 1.7, 1.92, 2.04, 1.62, 1.69, 1.95, 1.9, 2.13, 1.96, 4.452, 5.17, 4.597, 3.414, 2.14, 1.53, 1.68, 1.04, 0, 0.8, 1.23, 1.75, 1.96, 1.78, 1.48, 1.43, 2.92, 2.39, 2.3, 3.29, 2.53, 2.29, 2.56, 3.24, 4.32, 4.02, 3.52, 2.69, 2.0, 2.01, 4.33, 6.984, 8.74, 9.697, 9.486, 9.538, 10.164, 9.777, 9.497, 9.46, 9.734, 9.657], [2.65, 2.55, 2.86, 2.6, 2.04, 1.84, 1.53, 3.02, 4.63, 5.86, 5.23, 5.0, 5.21, 3.73, 2.11, 1.57, 1.58, 1.7, 1.46, 1.22, 1.34, 1.38, 1.36, 1.52, 1.84, 1.84, 1.82, 1.64, 1.4, 1.4, 1.46, 1.44, 1.38, 1.18, 1.31, 1.66, 1.98, 2.1, 1.8, 1.79, 2.07, 2.04, 2.03, 2.06, 4.68, 5.296, 4.746, 3.58, 2.34, 1.77, 1.86, 1.22, 0.8, 0, 1.11, 1.59, 1.78, 1.92, 1.54, 1.61, 3.08, 2.61, 2.4, 3.39, 2.61, 2.31, 2.64, 3.38, 4.4, 4.12, 3.62, 2.79, 2.22, 2.21, 4.53, 7.172, 8.928, 9.888, 9.674, 9.759, 10.27, 9.98, 9.62, 9.58, 9.84, 9.8], [2.22, 2.04, 2.21, 1.87, 1.39, 1.39, 1.84, 3.49, 5.3, 6.45, 5.9, 5.59, 5.8, 4.3, 2.64, 2.16, 1.95, 2.01, 1.91, 1.35, 1.59, 1.79, 1.45, 1.57, 1.97, 1.97, 2.15, 1.89, 1.65, 1.33, 1.69, 1.87, 1.81, 1.83, 1.86, 2.11, 2.01, 2.03, 1.61, 2.02, 2.4, 2.39, 2.46, 1.95, 4.047, 4.712, 4.162, 2.99, 2.13, 2.2, 2.51, 1.77, 1.23, 1.11, 0, 1.1, 1.29, 1.57, 1.33, 1.32, 2.53, 2.02, 1.89, 2.78, 2.02, 1.86, 2.07, 2.75, 3.83, 3.53, 3.05, 2.32, 2.13, 2.16, 3.92, 6.592, 8.318, 9.269, 9.061, 9.161, 9.68, 9.31, 9.047, 9.03, 9.25, 9.198], [2.26, 2.08, 2.17, 1.95, 1.65, 1.49, 2.06, 3.61, 5.32, 6.69, 6.06, 5.77, 5.9, 4.5, 2.78, 2.36, 2.31, 2.31, 2.15, 1.65, 1.75, 1.87, 1.73, 1.67, 1.89, 1.89, 2.09, 1.89, 1.81, 1.47, 1.87, 1.93, 1.99, 1.99, 1.9, 2.13, 2.07, 2.11, 1.77, 2.08, 2.54, 2.51, 2.72, 2.03, 4.018, 4.638, 4.107, 3.05, 2.47, 2.38, 2.59, 1.91, 1.75, 1.59, 1.1, 0, 0.87, 1.29, 1.29, 1.5, 2.43, 2.0, 1.83, 2.52, 1.82, 1.66, 1.73, 2.67, 3.57, 3.31, 2.83, 2.48, 2.47, 2.4, 3.9, 6.517, 8.227, 9.155, 8.965, 9.124, 9.5, 9.33, 8.867, 8.89, 9.09, 8.967], [2.39, 2.21, 2.38, 2.22, 1.7, 1.44, 2.09, 3.44, 5.53, 6.66, 6.17, 5.92, 6.01, 4.61, 2.85, 2.39, 2.3, 2.32, 2.18, 1.68, 1.9, 1.8, 1.56, 1.48, 1.58, 1.9, 2.26, 1.9, 1.68, 1.38, 1.68, 1.9, 1.98, 2.02, 1.95, 2.12, 1.94, 1.86, 1.62, 2.17, 2.71, 2.74, 2.87, 1.98, 4.022, 4.667, 4.134, 3.18, 2.62, 2.31, 2.62, 2.08, 1.96, 1.78, 1.29, 0.87, 0, 1.0, 1.18, 1.49, 2.44, 2.05, 1.84, 2.59, 1.91, 1.57, 1.74, 2.7, 3.6, 3.32, 2.84, 2.59, 2.52, 2.59, 3.91, 6.544, 8.257, 9.182, 8.992, 9.134, 9.51, 9.36, 8.877, 8.9, 9.1, 8.994], [3.01, 2.85, 2.96, 2.56, 2.12, 1.76, 1.81, 2.88, 5.09, 6.62, 5.99, 5.7, 5.87, 4.47, 2.97, 2.55, 2.46, 2.44, 2.28, 1.76, 1.8, 1.78, 1.62, 1.6, 1.62, 1.66, 1.84, 1.52, 1.48, 1.22, 1.46, 1.74, 1.76, 1.72, 1.97, 2.04, 1.8, 1.8, 1.5, 2.01, 2.47, 2.52, 2.81, 1.98, 3.934, 4.582, 4.029, 3.04, 2.28, 1.83, 2.3, 1.84, 1.78, 1.92, 1.57, 1.29, 1.0, 0, 0.86, 1.45, 2.4, 1.99, 1.84, 2.49, 1.91, 1.53, 1.62, 2.62, 3.62, 3.36, 2.9, 2.45, 2.2, 2.41, 3.79, 6.443, 8.179, 9.139, 8.908, 9.019, 9.49, 9.24, 8.834, 8.82, 9.06, 8.994], [2.89, 2.85, 3.06, 2.68, 2.0, 1.46, 1.49, 2.82, 4.87, 6.32, 5.71, 5.42, 5.65, 4.27, 2.81, 2.43, 2.32, 2.28, 2.08, 1.54, 1.64, 1.68, 1.6, 1.54, 1.64, 1.7, 1.56, 1.22, 1.4, 1.14, 1.46, 1.5, 1.5, 1.48, 1.47, 1.56, 1.56, 1.54, 0.98, 1.73, 2.31, 2.4, 2.73, 1.96, 4.143, 4.793, 4.249, 3.06, 2.08, 1.73, 2.14, 1.62, 1.48, 1.54, 1.33, 1.29, 1.18, 0.86, 0, 0.93, 2.6, 2.05, 1.7, 2.73, 1.93, 1.63, 1.9, 2.84, 3.92, 3.64, 3.14, 2.35, 2.06, 2.13, 4.01, 6.675, 8.411, 9.368, 9.14, 9.242, 9.79, 9.44, 9.132, 9.12, 9.36, 9.288], [2.86, 2.74, 2.91, 2.51, 1.85, 1.41, 1.44, 3.01, 5.22, 6.77, 6.16, 5.91, 6.14, 4.72, 3.26, 2.88, 2.79, 2.73, 2.51, 1.89, 1.99, 2.03, 1.93, 2.03, 2.19, 2.23, 1.97, 1.53, 1.61, 1.45, 1.75, 1.97, 1.97, 1.79, 1.32, 1.51, 1.49, 1.59, 1.41, 2.32, 2.78, 2.83, 3.12, 1.89, 3.822, 4.392, 3.81, 2.61, 1.79, 1.94, 2.51, 2.01, 1.43, 1.61, 1.32, 1.5, 1.49, 1.45, 0.93, 0, 2.09, 1.54, 1.27, 2.28, 1.54, 1.34, 1.45, 2.41, 3.49, 3.21, 2.73, 2.06, 1.67, 1.62, 3.52, 6.2, 7.95, 8.93, 8.751, 8.778, 9.36, 8.95, 8.73, 8.71, 8.93, 8.89], [3.13, 2.95, 2.44, 2.26, 2.12, 2.66, 3.11, 4.66, 7.15, 8.82, 8.11, 7.96, 8.19, 6.71, 5.13, 4.45, 4.38, 4.38, 4.3, 3.58, 3.38, 3.6, 3.3, 3.48, 3.38, 3.7, 3.68, 3.2, 2.82, 2.52, 3.24, 3.6, 3.56, 3.28, 2.39, 2.44, 2.08, 2.14, 2.4, 3.65, 4.21, 4.3, 4.47, 2.56, 2.125, 2.61, 2.0, 1.62, 1.96, 2.97, 4.22, 3.56, 2.92, 3.08, 2.53, 2.43, 2.44, 2.4, 2.6, 2.09, 0, 0.85, 1.08, 1.01, 1.15, 1.23, 1.14, 0.98, 1.7, 1.38, 1.14, 1.41, 1.54, 1.51, 1.73, 4.33, 5.978, 6.958, 6.772, 6.991, 7.59, 7.16, 6.94, 6.96, 7.18, 7.06], [2.84, 2.88, 2.51, 2.31, 1.81, 2.19, 2.58, 4.15, 6.64, 8.31, 7.6, 7.45, 7.68, 6.2, 4.58, 3.92, 3.85, 3.83, 3.75, 3.03, 2.83, 3.05, 2.79, 2.97, 2.99, 3.27, 3.13, 2.65, 2.35, 2.11, 2.73, 3.05, 3.03, 2.75, 1.9, 1.95, 1.61, 1.69, 1.91, 3.12, 3.72, 3.79, 3.98, 2.17, 2.68, 3.1, 2.51, 1.61, 1.65, 2.52, 3.69, 3.03, 2.39, 2.61, 2.02, 2.0, 2.05, 1.99, 2.05, 1.54, 0.85, 0, 0.81, 1.22, 1.1, 1.08, 1.03, 1.35, 2.15, 1.99, 1.51, 1.56, 1.43, 1.36, 2.26, 4.82, 6.511, 7.431, 7.302, 7.484, 8.08, 7.65, 7.45, 7.45, 7.67, 7.55], [3.01, 2.83, 2.76, 2.42, 1.76, 1.96, 2.23, 3.78, 6.27, 7.98, 7.33, 7.08, 7.31, 5.85, 4.27, 3.73, 3.66, 3.66, 3.52, 2.82, 2.76, 2.86, 2.6, 2.68, 2.7, 2.88, 2.78, 2.4, 2.06, 1.9, 2.56, 2.92, 2.8, 2.54, 1.71, 1.7, 1.54, 1.66, 1.78, 2.91, 3.55, 3.68, 3.87, 2.02, 3.143, 3.45, 2.8, 1.82, 1.66, 2.39, 3.56, 2.88, 2.3, 2.4, 1.89, 1.83, 1.84, 1.84, 1.7, 1.27, 1.08, 0.81, 0, 1.15, 0.69, 0.77, 0.84, 1.58, 2.42, 2.12, 1.66, 1.67, 1.5, 1.45, 2.59, 5.19, 6.91, 7.89, 7.66, 7.837, 8.35, 7.96, 7.7, 7.72, 7.94, 7.82], [3.54, 3.46, 3.05, 2.85, 2.49, 2.79, 3.18, 4.75, 7.24, 9.01, 8.36, 8.09, 8.26, 6.82, 5.22, 4.68, 4.55, 4.63, 4.51, 3.83, 3.73, 3.83, 3.55, 3.67, 3.75, 3.83, 3.79, 3.37, 3.05, 2.89, 3.53, 3.87, 3.79, 3.51, 2.68, 2.51, 2.15, 2.25, 2.73, 3.92, 4.54, 4.59, 4.78, 2.95, 2.458, 2.72, 2.03, 1.31, 1.77, 3.2, 4.53, 3.85, 3.29, 3.39, 2.78, 2.52, 2.59, 2.49, 2.73, 2.28, 1.01, 1.22, 1.15, 0, 0.9, 1.26, 1.17, 1.09, 1.57, 1.49, 1.17, 1.36, 1.63, 1.6, 1.82, 4.36, 6.163, 7.12, 6.91, 6.96, 7.38, 7.07, 6.79, 6.83, 6.99, 6.89], [3.22, 3.0, 2.97, 2.63, 2.17, 2.17, 2.4, 3.93, 6.42, 8.19, 7.54, 7.27, 7.38, 5.98, 4.38, 3.84, 3.79, 3.87, 3.73, 3.07, 2.99, 3.07, 2.83, 2.91, 3.07, 3.13, 2.99, 2.61, 2.33, 2.17, 2.81, 3.13, 3.01, 2.77, 1.94, 1.93, 1.75, 1.87, 2.05, 3.16, 3.78, 3.85, 4.06, 2.29, 3.215, 3.52, 2.83, 1.75, 1.61, 2.52, 3.79, 3.09, 2.53, 2.61, 2.02, 1.82, 1.91, 1.91, 1.93, 1.54, 1.15, 1.1, 0.69, 0.9, 0, 0.74, 0.85, 1.41, 2.25, 1.93, 1.57, 1.58, 1.45, 1.34, 2.54, 5.12, 6.96, 7.92, 7.69, 7.778, 8.14, 7.91, 7.55, 7.57, 7.75, 7.63], [2.68, 2.66, 2.73, 2.37, 1.95, 2.05, 2.28, 3.69, 6.1, 7.87, 7.22, 6.95, 7.06, 5.66, 4.1, 3.56, 3.53, 3.61, 3.47, 2.79, 2.71, 2.79, 2.53, 2.63, 2.65, 2.73, 2.69, 2.33, 2.05, 1.87, 2.53, 2.87, 2.75, 2.49, 1.68, 1.75, 1.53, 1.63, 1.75, 2.88, 3.5, 3.55, 3.74, 2.07, 3.295, 3.6, 3.01, 2.15, 1.97, 2.36, 3.51, 2.85, 2.29, 2.31, 1.86, 1.66, 1.57, 1.53, 1.63, 1.34, 1.23, 1.08, 0.77, 1.26, 0.74, 0, 0.71, 1.59, 2.49, 2.19, 1.73, 1.9, 1.73, 1.7, 2.8, 5.4, 7.091, 8.051, 7.89, 8.044, 8.42, 8.19, 7.79, 7.79, 8.01, 7.89], [3.05, 2.81, 2.52, 2.2, 1.94, 2.04, 2.41, 3.9, 6.33, 8.1, 7.45, 7.18, 7.29, 5.95, 4.41, 3.89, 3.86, 3.92, 3.78, 3.1, 3.02, 3.08, 2.92, 2.96, 3.0, 3.06, 2.98, 2.64, 2.46, 2.26, 2.88, 3.18, 3.06, 2.8, 2.07, 2.08, 1.82, 1.9, 2.14, 3.25, 3.85, 3.9, 4.15, 2.32, 2.965, 3.31, 2.66, 1.92, 1.84, 2.61, 3.82, 3.14, 2.56, 2.64, 2.07, 1.73, 1.74, 1.62, 1.9, 1.45, 1.14, 1.03, 0.84, 1.17, 0.85, 0.71, 0, 1.36, 2.14, 1.9, 1.56, 1.73, 1.7, 1.69, 2.45, 5.07, 6.87, 7.81, 7.62, 7.691, 8.07, 7.88, 7.42, 7.44, 7.66, 7.54], [3.35, 3.25, 2.76, 2.6, 2.42, 2.78, 3.27, 4.88, 7.37, 9.14, 8.51, 8.22, 8.35, 6.89, 5.25, 4.55, 4.56, 4.68, 4.58, 3.9, 3.8, 3.98, 3.64, 3.76, 3.76, 3.88, 3.9, 3.48, 3.0, 2.76, 3.52, 3.92, 3.78, 3.52, 2.73, 2.76, 2.4, 2.32, 2.6, 3.87, 4.41, 4.44, 4.57, 2.74, 1.97, 2.19, 1.56, 1.26, 2.1, 3.25, 4.58, 3.86, 3.24, 3.38, 2.75, 2.67, 2.7, 2.62, 2.84, 2.41, 0.98, 1.35, 1.58, 1.09, 1.41, 1.59, 1.36, 0, 1.14, 1.1, 0.88, 1.03, 1.58, 1.77, 1.51, 3.99, 5.81, 6.753, 6.54, 6.611, 7.01, 6.76, 6.4, 6.38, 6.6, 6.52], [4.01, 3.89, 3.18, 3.04, 3.28, 3.78, 4.33, 5.98, 8.47, 10.24, 9.59, 9.32, 9.41, 7.99, 6.23, 5.55, 5.56, 5.62, 5.58, 4.92, 4.82, 5.0, 4.64, 4.82, 4.78, 4.92, 4.96, 4.54, 4.06, 3.74, 4.58, 5.0, 4.8, 4.5, 3.57, 3.46, 3.06, 2.98, 3.58, 4.83, 5.35, 5.38, 5.49, 3.4, 1.55, 1.49, 1.1, 1.58, 2.66, 4.19, 5.54, 4.9, 4.32, 4.4, 3.83, 3.57, 3.6, 3.62, 3.92, 3.49, 1.7, 2.15, 2.42, 1.57, 2.25, 2.49, 2.14, 1.14, 0, 0.84, 1.08, 1.71, 2.4, 2.63, 1.07, 3.13, 4.92, 5.83, 5.62, 5.665, 6.01, 5.82, 5.42, 5.42, 5.6, 5.48], [3.67, 3.53, 2.78, 2.68, 2.98, 3.5, 4.05, 5.7, 8.19, 9.96, 9.31, 9.04, 9.13, 7.71, 5.95, 5.27, 5.24, 5.28, 5.32, 4.64, 4.54, 4.72, 4.36, 4.54, 4.5, 4.64, 4.68, 4.26, 3.78, 3.48, 4.3, 4.72, 4.52, 4.22, 3.31, 3.22, 2.96, 2.92, 3.28, 4.51, 4.99, 5.04, 5.17, 3.12, 1.79, 1.91, 1.42, 1.66, 2.58, 3.83, 5.18, 4.58, 4.02, 4.12, 3.53, 3.31, 3.32, 3.36, 3.64, 3.21, 1.38, 1.99, 2.12, 1.49, 1.93, 2.19, 1.9, 1.1, 0.84, 0, 1.08, 1.75, 2.34, 2.45, 1.17, 3.31, 5.255, 6.17, 5.96, 5.95, 6.29, 6.1, 5.7, 5.72, 5.88, 5.78], [3.53, 3.19, 2.88, 2.62, 2.6, 3.02, 3.55, 5.2, 7.69, 9.46, 8.81, 8.54, 8.63, 7.21, 5.45, 4.77, 4.76, 4.8, 4.82, 4.14, 4.04, 4.22, 3.86, 4.02, 3.98, 4.12, 4.16, 3.74, 3.34, 2.96, 3.8, 4.22, 4.02, 3.72, 2.79, 2.76, 2.36, 2.28, 2.8, 4.01, 4.51, 4.56, 4.67, 2.66, 2.01, 2.13, 1.48, 1.38, 2.04, 3.37, 4.7, 4.1, 3.52, 3.62, 3.05, 2.83, 2.84, 2.9, 3.14, 2.73, 1.14, 1.51, 1.66, 1.17, 1.57, 1.73, 1.56, 0.88, 1.08, 1.08, 0, 1.17, 1.74, 1.89, 1.45, 3.93, 5.57, 6.547, 6.34, 6.519, 6.87, 6.66, 6.24, 6.26, 6.46, 6.34], [3.5, 3.24, 3.03, 2.87, 2.39, 2.35, 2.78, 4.49, 6.96, 8.61, 7.96, 7.69, 7.9, 6.42, 4.76, 4.08, 3.93, 4.01, 3.97, 3.31, 3.23, 3.45, 3.07, 3.27, 3.37, 3.49, 3.49, 3.05, 2.69, 2.19, 2.97, 3.37, 3.19, 2.99, 2.34, 2.35, 1.89, 1.93, 2.13, 3.26, 3.74, 3.83, 3.96, 2.19, 2.12, 2.566, 2.03, 1.25, 1.53, 2.8, 3.87, 3.23, 2.69, 2.79, 2.32, 2.48, 2.59, 2.45, 2.35, 2.06, 1.41, 1.56, 1.67, 1.36, 1.58, 1.9, 1.73, 1.03, 1.71, 1.75, 1.17, 0, 1.11, 1.26, 2.02, 4.46, 6.182, 7.135, 6.972, 7.052, 7.54, 7.25, 6.91, 6.91, 7.13, 7.03], [3.49, 3.25, 3.24, 2.94, 2.44, 2.18, 2.19, 3.82, 6.33, 7.98, 7.25, 7.1, 7.33, 5.85, 4.21, 3.51, 3.42, 3.42, 3.4, 2.64, 2.54, 2.8, 2.5, 2.82, 2.78, 3.0, 2.76, 2.32, 2.02, 1.76, 2.38, 2.68, 2.6, 2.32, 1.65, 1.58, 1.42, 1.46, 1.82, 2.69, 3.17, 3.26, 3.39, 1.86, 2.691, 3.27, 2.66, 1.52, 1.0, 1.95, 3.26, 2.62, 2.0, 2.22, 2.13, 2.47, 2.52, 2.2, 2.06, 1.67, 1.54, 1.43, 1.5, 1.63, 1.45, 1.73, 1.7, 1.58, 2.4, 2.34, 1.74, 1.11, 0, 0.87, 2.47, 5.05, 6.789, 7.726, 7.56, 7.616, 8.21, 7.86, 7.56, 7.52, 7.78, 7.74], [3.84, 3.58, 3.57, 3.23, 2.71, 2.31, 2.16, 3.75, 6.24, 7.91, 7.2, 7.05, 7.28, 5.8, 4.16, 3.56, 3.39, 3.37, 3.31, 2.77, 2.67, 2.95, 2.77, 3.09, 3.19, 3.35, 2.93, 2.47, 2.35, 2.19, 2.55, 2.73, 2.63, 2.37, 1.62, 1.71, 1.53, 1.75, 2.13, 3.02, 3.44, 3.51, 3.74, 2.25, 3.055, 3.56, 2.95, 1.79, 1.17, 1.98, 3.19, 2.53, 2.01, 2.21, 2.16, 2.4, 2.59, 2.41, 2.13, 1.62, 1.51, 1.36, 1.45, 1.6, 1.34, 1.7, 1.69, 1.77, 2.63, 2.45, 1.89, 1.26, 0.87, 0, 2.76, 5.28, 6.948, 7.828, 7.742, 7.924, 8.52, 8.09, 7.89, 7.89, 8.11, 7.99], [4.06, 4.06, 3.35, 3.23, 3.33, 3.93, 4.48, 6.13, 8.62, 10.29, 9.58, 9.43, 9.66, 8.18, 6.52, 5.84, 5.73, 5.65, 5.65, 4.95, 4.85, 5.05, 4.69, 4.85, 4.75, 5.05, 5.03, 4.57, 4.15, 3.83, 4.63, 5.01, 4.89, 4.55, 3.66, 3.47, 3.03, 2.97, 3.55, 4.82, 5.34, 5.47, 5.58, 3.69, 1.72, 1.48, 1.29, 1.75, 2.57, 4.14, 5.53, 4.95, 4.33, 4.53, 3.92, 3.9, 3.91, 3.79, 4.01, 3.52, 1.73, 2.26, 2.59, 1.82, 2.54, 2.8, 2.45, 1.51, 1.07, 1.17, 1.45, 2.02, 2.47, 2.76, 0, 2.76, 4.643, 5.56, 5.35, 5.298, 5.88, 5.55, 5.33, 5.29, 5.47, 5.43], [6.556, 6.584, 5.768, 5.74, 5.963, 6.561, 7.116, 8.766, 11.276, 12.959, 12.243, 12.072, 12.282, 10.811, 9.136, 8.439, 8.323, 8.259, 8.281, 7.613, 7.499, 7.699, 7.342, 7.522, 7.393, 7.666, 7.655, 7.201, 6.83, 6.455, 7.281, 7.667, 7.532, 7.195, 6.26, 6.05, 5.67, 5.61, 6.201, 7.405, 7.882, 7.966, 8.016, 5.45, 3.14, 2.4, 2.81, 3.85, 5.13, 6.743, 8.139, 7.561, 6.984, 7.172, 6.592, 6.517, 6.544, 6.443, 6.675, 6.2, 4.33, 4.82, 5.19, 4.36, 5.12, 5.4, 5.07, 3.99, 3.13, 3.31, 3.93, 4.46, 5.05, 5.28, 2.76, 0, 1.99, 2.9, 2.69, 2.8, 3.3, 3.09, 3.09, 3.07, 3.21, 3.43], [8.312, 8.34, 7.504, 7.476, 7.719, 8.316, 8.872, 10.562, 13.052, 14.697, 13.999, 13.828, 14.037, 12.566, 10.892, 10.195, 10.079, 10.009, 10.037, 9.369, 9.234, 9.434, 9.092, 9.257, 9.149, 9.402, 9.431, 8.997, 8.661, 8.231, 9.037, 9.423, 9.288, 8.971, 8.048, 7.858, 7.338, 7.32, 7.937, 9.161, 9.618, 9.702, 9.752, 7.12, 4.57, 3.87, 4.34, 5.6, 6.9, 8.559, 9.889, 9.317, 8.74, 8.928, 8