[[0, 1.17, 1.29, 1.08, 1.41, 1.65, 1.4, 1.36, 1.85, 1.62, 1.89, 1.91, 1.6, 1.58, 2.29, 1.19, 1.4, 2.28, 2.81, 4.02, 4.41, 4.19, 4.25, 5.36, 6.37, 7.29, 7.43, 7.8, 7.8, 7.01, 7.59, 8.95, 9.59, 9.67, 9.29, 9.174, 9.579, 9.38, 9.686, 10.294, 10.387, 10.879, 11.202, 11.307, 10.579, 10.059, 10.189, 11.552, 11.859, 12.259, 12.407, 11.857, 11.4, 11.039, 11.751, 12.363, 11.8, 10.918, 9.653, 8.595, 9.031, 9.994, 10.61, 11.25, 10.304, 8.919, 8.322, 8.672, 9.84, 11.139, 11.685, 12.369, 12.559, 12.343, 12.866, 12.982, 12.765, 11.919, 11.079, 9.811, 9.337, 7.948, 7.324, 8.002, 8.277, 8.251], [1.17, 0, 0.72, 0.87, 0.94, 1.18, 1.35, 1.69, 1.96, 1.71, 1.82, 1.7, 1.49, 1.49, 1.76, 1.06, 1.73, 2.61, 3.06, 4.29, 4.48, 4.16, 4.64, 5.53, 6.9, 7.84, 7.98, 8.21, 8.17, 7.46, 7.94, 9.3, 9.96, 10.04, 9.56, 9.522, 9.912, 9.75, 10.085, 10.644, 10.717, 11.197, 11.549, 11.654, 10.946, 10.426, 10.596, 11.999, 12.246, 12.646, 12.697, 12.224, 11.747, 11.509, 12.095, 12.684, 12.107, 11.225, 9.98, 8.862, 9.307, 10.21, 10.889, 11.569, 10.586, 9.275, 8.635, 8.99, 10.17, 11.475, 12.004, 12.693, 12.918, 12.762, 13.222, 13.303, 13.103, 12.368, 11.303, 10.064, 9.699, 8.409, 7.781, 8.409, 8.519, 8.454], [1.29, 0.72, 0, 0.85, 0.7, 0.98, 1.49, 1.77, 2.02, 1.77, 1.76, 1.58, 1.41, 1.29, 1.6, 0.96, 1.95, 2.81, 3.18, 4.45, 4.78, 4.42, 4.74, 5.77, 6.96, 7.98, 8.12, 8.27, 8.21, 7.48, 8.02, 9.42, 10.08, 10.16, 9.72, 9.684, 10.069, 9.942, 10.242, 10.804, 10.917, 11.357, 11.692, 11.794, 11.069, 10.549, 10.779, 12.202, 12.429, 12.829, 12.877, 12.347, 11.89, 11.689, 12.227, 12.844, 12.261, 11.379, 10.143, 9.017, 9.475, 10.381, 11.046, 11.731, 10.757, 9.463, 8.772, 9.15, 10.33, 11.618, 12.161, 12.844, 13.061, 12.87, 13.336, 13.415, 13.218, 12.385, 11.4, 10.244, 9.824, 8.54, 7.943, 8.572, 8.687, 8.664], [1.08, 0.87, 0.85, 0, 0.57, 0.97, 1.2, 1.46, 1.69, 1.6, 1.59, 1.59, 1.32, 1.22, 1.87, 0.93, 1.7, 2.36, 2.95, 4.46, 4.77, 4.45, 4.57, 5.72, 6.93, 7.81, 8.01, 8.18, 8.16, 7.35, 7.91, 9.13, 9.79, 9.83, 9.37, 9.255, 9.725, 9.48, 9.918, 10.415, 10.511, 10.945, 11.316, 11.41, 10.693, 10.173, 10.346, 11.789, 11.993, 12.393, 12.407, 11.972, 11.494, 11.339, 11.846, 12.449, 11.912, 11.039, 9.782, 8.653, 9.083, 10.029, 10.805, 11.325, 10.422, 9.068, 8.448, 8.746, 9.903, 11.226, 11.754, 12.441, 12.697, 12.635, 13.152, 13.196, 13.016, 12.239, 11.45, 10.077, 9.589, 8.333, 7.691, 8.177, 8.324, 8.294], [1.41, 0.94, 0.7, 0.57, 0, 0.98, 1.49, 1.73, 1.94, 1.89, 1.8, 1.74, 1.63, 1.33, 1.7, 1.02, 1.97, 2.67, 3.3, 4.75, 5.0, 4.62, 4.9, 5.97, 7.26, 8.18, 8.4, 8.51, 8.47, 7.7, 8.28, 9.46, 10.12, 10.14, 9.68, 9.55, 10.015, 9.85, 10.23, 10.71, 10.827, 11.235, 11.626, 11.72, 11.003, 10.483, 10.653, 12.095, 12.311, 12.7, 12.714, 12.282, 11.804, 11.646, 12.153, 12.712, 12.182, 11.308, 10.063, 8.937, 9.37, 10.316, 11.078, 11.658, 10.7, 9.364, 8.735, 9.022, 10.173, 11.512, 12.024, 12.717, 12.976, 12.951, 13.468, 13.495, 13.312, 12.574, 11.694, 10.341, 9.942, 8.712, 7.993, 8.469, 8.62, 8.524], [1.65, 1.18, 0.98, 0.97, 0.98, 0, 1.11, 1.53, 1.68, 1.29, 1.2, 1.2, 1.31, 1.11, 1.6, 1.14, 2.03, 2.51, 3.04, 4.73, 4.96, 4.48, 4.86, 5.93, 7.28, 8.1, 8.22, 8.29, 8.15, 7.26, 7.94, 9.2, 9.84, 9.96, 9.46, 9.51, 9.86, 9.77, 10.086, 10.566, 10.645, 11.005, 11.385, 11.411, 10.767, 10.247, 10.509, 11.952, 12.222, 12.567, 12.454, 12.061, 11.657, 11.493, 11.806, 12.301, 11.664, 10.808, 9.671, 8.613, 8.999, 9.845, 10.809, 11.419, 10.386, 9.075, 8.335, 8.613, 9.827, 11.172, 11.584, 12.264, 12.501, 12.334, 12.811, 12.899, 12.759, 12.15, 11.454, 10.427, 9.726, 8.557, 7.971, 8.488, 8.594, 8.744], [1.4, 1.35, 1.49, 1.2, 1.49, 1.11, 0, 0.82, 1.21, 0.94, 1.17, 1.25, 1.12, 1.2, 2.23, 1.39, 1.48, 1.82, 2.47, 4.02, 4.19, 3.99, 4.23, 5.38, 6.65, 7.53, 7.61, 7.64, 7.34, 6.61, 7.39, 8.65, 9.41, 9.51, 8.97, 8.942, 9.23, 9.251, 9.673, 10.133, 10.175, 10.501, 10.918, 10.901, 10.3, 9.774, 10.016, 11.442, 11.722, 12.054, 11.958, 11.594, 11.173, 11.006, 11.327, 11.771, 11.049, 10.215, 9.038, 7.972, 8.345, 9.257, 10.308, 10.921, 9.905, 8.531, 7.801, 8.097, 9.351, 10.673, 11.11, 11.757, 12.06, 11.858, 12.172, 12.256, 12.108, 11.456, 10.604, 9.737, 9.269, 7.993, 7.411, 7.863, 7.934, 8.034], [1.36, 1.69, 1.77, 1.46, 1.73, 1.53, 0.82, 0, 0.97, 0.94, 1.31, 1.69, 1.24, 1.6, 2.59, 1.61, 1.28, 1.78, 2.31, 3.8, 4.09, 3.91, 3.99, 5.24, 6.39, 7.31, 7.37, 7.46, 7.2, 6.51, 7.15, 8.33, 8.97, 9.15, 8.627, 8.74, 8.91, 8.92, 9.256, 9.82, 9.9, 10.25, 10.658, 10.687, 10.055, 9.529, 9.699, 11.13, 11.417, 11.761, 11.741, 11.343, 10.866, 10.655, 11.116, 11.559, 10.879, 10.006, 8.756, 7.71, 8.132, 9.138, 9.964, 10.644, 9.549, 8.21, 7.553, 7.874, 9.157, 10.436, 10.947, 11.562, 11.882, 11.695, 12.01, 12.057, 11.857, 11.374, 10.496, 9.517, 8.984, 7.767, 7.068, 7.633, 7.784, 7.854], [1.85, 1.96, 2.02, 1.69, 1.94, 1.68, 1.21, 0.97, 0, 0.85, 1.32, 1.66, 1.31, 1.87, 3.02, 2.0, 1.69, 2.09, 2.2, 4.07, 4.36, 4.32, 4.4, 5.65, 6.64, 7.36, 7.36, 7.41, 7.37, 6.54, 6.94, 7.94, 8.76, 8.84, 8.28, 8.53, 8.72, 8.75, 8.97, 9.47, 9.615, 9.909, 10.257, 10.286, 9.654, 9.134, 9.329, 10.772, 11.019, 11.385, 11.328, 10.933, 10.476, 10.262, 10.7, 11.266, 10.595, 9.747, 8.524, 7.468, 7.957, 8.9, 9.67, 10.254, 9.232, 7.875, 7.209, 7.548, 8.762, 10.154, 10.673, 11.273, 11.617, 11.563, 11.954, 11.981, 11.863, 11.556, 10.852, 9.845, 8.939, 7.886, 7.173, 7.507, 7.9, 8.093], [1.62, 1.71, 1.77, 1.6, 1.89, 1.29, 0.94, 0.94, 0.85, 0, 0.83, 1.07, 0.96, 1.42, 2.55, 1.73, 1.64, 1.9, 2.19, 3.86, 4.11, 3.95, 4.21, 5.38, 6.51, 7.39, 7.33, 7.34, 7.12, 6.37, 7.07, 8.25, 9.03, 9.201, 8.661, 8.84, 9.09, 9.04, 9.333, 9.853, 9.892, 10.221, 10.632, 10.63, 10.026, 9.506, 9.756, 11.179, 11.48, 11.812, 11.713, 11.314, 10.914, 10.697, 11.03, 11.513, 10.865, 9.995, 8.858, 7.833, 8.241, 9.124, 9.968, 10.603, 9.583, 8.264, 7.507, 7.837, 9.086, 10.41, 10.879, 11.505, 11.813, 11.564, 11.959, 12.006, 11.809, 11.363, 10.479, 9.709, 8.996, 7.867, 7.238, 7.775, 7.927, 8.097], [1.89, 1.82, 1.76, 1.59, 1.8, 1.2, 1.17, 1.31, 1.32, 0.83, 0, 0.92, 1.05, 1.03, 2.12, 1.54, 2.07, 2.43, 2.66, 4.33, 4.5, 4.3, 4.68, 5.77, 7.04, 7.94, 7.84, 7.81, 7.63, 6.92, 7.62, 8.819, 9.602, 9.782, 9.282, 9.39, 9.625, 9.632, 9.935, 10.455, 10.479, 10.785, 11.162, 11.214, 10.556, 10.036, 10.337, 11.743, 12.077, 12.37, 12.374, 11.85, 11.535, 11.256, 11.588, 12.029, 11.329, 10.456, 9.359, 8.382, 8.727, 9.687, 10.538, 11.152, 10.181, 8.819, 8.017, 8.364, 9.647, 10.928, 11.389, 12.018, 12.309, 11.991, 12.329, 12.416, 12.239, 11.79, 10.843, 10.15, 9.586, 8.377, 7.805, 8.302, 8.454, 8.624], [1.91, 1.7, 1.58, 1.59, 1.74, 1.2, 1.25, 1.69, 1.66, 1.07, 0.92, 0, 0.81, 0.93, 1.88, 1.4, 2.19, 2.57, 2.68, 4.19, 4.32, 4.18, 4.66, 5.61, 6.96, 7.92, 7.74, 7.67, 7.55, 6.78, 7.58, 9.061, 9.764, 9.944, 9.464, 9.477, 9.787, 9.774, 10.105, 10.625, 10.659, 10.939, 11.313, 11.34, 10.73, 10.21, 10.543, 11.94, 12.28, 12.579, 12.543, 12.015, 11.726, 11.458, 11.777, 12.192, 11.515, 10.64, 9.608, 8.585, 8.978, 9.852, 10.753, 11.304, 10.419, 9.054, 8.217, 8.467, 9.716, 11.08, 11.458, 12.089, 12.314, 11.97, 12.43, 12.522, 12.278, 11.613, 10.714, 10.227, 9.653, 8.475, 7.965, 8.442, 8.603, 8.764], [1.6, 1.49, 1.41, 1.32, 1.63, 1.31, 1.12, 1.24, 1.31, 0.96, 1.05, 0.81, 0, 0.96, 2.31, 1.45, 1.72, 2.18, 2.33, 4.04, 4.27, 4.07, 4.29, 5.44, 6.55, 7.41, 7.45, 7.5, 7.4, 6.57, 7.21, 8.61, 9.33, 9.431, 9.004, 9.0, 9.327, 9.241, 9.604, 10.124, 10.147, 10.49, 10.861, 10.87, 10.258, 9.758, 9.981, 11.408, 11.765, 12.07, 12.133, 11.543, 11.226, 10.937, 11.387, 11.836, 11.197, 10.301, 9.199, 8.138, 8.591, 9.499, 10.284, 10.88, 9.918, 8.567, 7.81, 8.1, 9.354, 10.636, 11.082, 11.734, 11.979, 11.724, 12.221, 12.305, 12.043, 11.383, 10.636, 9.723, 9.151, 7.947, 7.403, 7.9, 8.167, 8.257], [1.58, 1.49, 1.29, 1.22, 1.33, 1.11, 1.2, 1.6, 1.87, 1.42, 1.03, 0.93, 0.96, 0, 1.45, 1.11, 2.22, 2.66, 2.97, 4.54, 4.71, 4.35, 4.81, 5.78, 7.13, 8.157, 8.15, 8.08, 7.84, 7.13, 7.99, 9.41, 10.097, 10.237, 9.757, 9.71, 10.02, 10.027, 10.39, 10.906, 10.926, 11.221, 11.612, 11.59, 11.009, 10.489, 10.811, 12.213, 12.55, 12.846, 12.813, 12.314, 11.999, 11.731, 12.102, 12.516, 11.883, 10.964, 9.893, 8.881, 9.254, 10.168, 11.063, 11.629, 10.718, 9.322, 8.507, 8.794, 10.066, 11.373, 11.79, 12.446, 12.664, 12.326, 12.809, 12.936, 12.705, 11.896, 11.01, 10.3, 9.918, 8.662, 8.094, 8.629, 8.734, 8.834], [2.29, 1.76, 1.6, 1.87, 1.7, 1.6, 2.23, 2.59, 3.02, 2.55, 2.12, 1.88, 2.31, 1.45, 0, 1.42, 3.09, 3.69, 4.16, 5.19, 5.18, 4.9, 5.78, 6.37, 7.96, 9.19, 9.16, 8.95, 8.77, 8.08, 9.06, 10.6, 11.24, 11.4, 10.94, 10.835, 11.22, 11.152, 11.515, 12.035, 12.042, 12.342, 12.722, 12.779, 12.136, 11.584, 11.897, 13.303, 13.66, 13.918, 13.868, 13.397, 13.088, 12.827, 13.191, 13.55, 12.899, 12.039, 11.009, 9.997, 10.329, 11.178, 12.231, 12.77, 11.808, 10.463, 9.683, 9.916, 11.124, 12.463, 12.88, 13.539, 13.751, 13.387, 13.842, 13.972, 13.795, 12.733, 11.78, 11.273, 10.961, 9.68, 9.167, 9.705, 9.723, 9.73], [1.19, 1.06, 0.96, 0.93, 1.02, 1.14, 1.39, 1.61, 2.0, 1.73, 1.54, 1.4, 1.45, 1.11, 1.42, 0, 1.91, 2.65, 3.14, 4.43, 4.58, 4.2, 4.7, 5.67, 7.0, 8.02, 8.24, 8.21, 8.09, 7.36, 8.14, 9.48, 10.08, 10.2, 9.76, 9.613, 10.029, 9.93, 10.293, 10.813, 10.926, 11.346, 11.754, 11.803, 11.151, 10.611, 10.718, 12.149, 12.433, 12.774, 12.76, 12.41, 11.933, 11.709, 12.235, 12.656, 12.144, 11.262, 10.003, 8.899, 9.318, 10.261, 11.163, 11.78, 10.734, 9.326, 8.752, 9.039, 10.236, 11.506, 12.018, 12.673, 12.947, 12.73, 13.216, 13.312, 13.098, 12.188, 11.246, 10.253, 9.887, 8.569, 8.012, 8.563, 8.633, 8.529], [1.4, 1.73, 1.95, 1.7, 1.97, 2.03, 1.48, 1.28, 1.69, 1.64, 2.07, 2.19, 1.72, 2.22, 3.09, 1.91, 0, 1.3, 2.25, 3.12, 3.71, 3.39, 3.37, 4.58, 5.55, 6.47, 6.61, 6.88, 6.9, 6.07, 6.65, 7.83, 8.49, 8.55, 8.11, 8.02, 8.422, 8.22, 8.578, 9.16, 9.214, 9.63, 9.982, 10.09, 9.384, 8.85, 8.969, 10.332, 10.733, 11.062, 11.21, 10.669, 10.252, 9.908, 10.531, 11.134, 10.617, 9.724, 8.53, 7.463, 7.897, 8.817, 9.442, 10.019, 9.122, 7.765, 7.105, 7.446, 8.603, 9.888, 10.442, 11.123, 11.357, 11.284, 11.775, 11.825, 11.625, 10.933, 10.087, 8.691, 8.252, 6.885, 6.271, 6.851, 7.057, 7.054], [2.28, 2.61, 2.81, 2.36, 2.67, 2.51, 1.82, 1.78, 2.09, 1.9, 2.43, 2.57, 2.18, 2.66, 3.69, 2.65, 1.3, 0, 1.83, 2.68, 3.17, 2.79, 2.93, 4.14, 5.09, 5.87, 6.07, 6.1, 5.98, 5.15, 5.99, 7.23, 7.87, 7.93, 7.41, 7.24, 7.748, 7.56, 8.018, 8.44, 8.454, 8.808, 9.205, 9.185, 8.575, 8.035, 8.242, 9.685, 9.989, 10.31, 10.224, 9.834, 9.434, 9.289, 9.669, 10.147, 9.607, 8.742, 7.568, 6.518, 6.872, 7.812, 8.768, 9.288, 8.328, 6.951, 6.288, 6.464, 7.62, 8.969, 9.426, 10.155, 10.403, 10.398, 10.915, 10.942, 10.759, 10.02, 9.316, 8.123, 7.612, 6.422, 5.729, 6.121, 6.214, 6.306], [2.81, 3.06, 3.18, 2.95, 3.3, 3.04, 2.47, 2.31, 2.2, 2.19, 2.66, 2.68, 2.33, 2.97, 4.16, 3.14, 2.25, 1.83, 0, 2.11, 2.32, 2.38, 2.36, 3.55, 4.6, 5.44, 5.36, 5.47, 5.47, 4.64, 5.18, 6.46, 7.22, 7.4, 6.92, 6.91, 7.16, 7.189, 7.518, 8.038, 8.169, 8.589, 9.0, 9.046, 8.397, 7.877, 8.05, 9.476, 9.705, 10.088, 10.068, 9.676, 9.219, 8.977, 9.46, 9.98, 9.347, 8.468, 7.197, 6.085, 6.557, 7.464, 8.294, 8.97, 7.931, 6.554, 5.937, 6.287, 7.522, 8.823, 9.34, 9.984, 10.242, 9.911, 10.325, 10.406, 10.197, 9.636, 8.906, 7.939, 7.263, 6.063, 5.493, 5.926, 6.22, 6.31], [4.02, 4.29, 4.45, 4.46, 4.75, 4.73, 4.02, 3.8, 4.07, 3.86, 4.33, 4.19, 4.04, 4.54, 5.19, 4.43, 3.12, 2.68, 2.11, 0, 1.07, 1.77, 1.87, 2.7, 3.67, 4.85, 4.67, 4.56, 4.58, 4.19, 4.81, 6.19, 6.93, 7.05, 6.69, 6.68, 6.93, 6.8, 7.18, 7.76, 7.93, 8.39, 8.77, 8.85, 8.147, 7.627, 7.72, 9.1, 9.319, 9.807, 9.864, 9.469, 8.992, 8.622, 9.222, 9.839, 9.234, 8.341, 7.084, 6.0, 6.47, 7.333, 7.987, 8.718, 7.74, 6.39, 5.79, 6.18, 7.357, 8.65, 9.171, 9.831, 10.027, 9.659, 10.148, 10.199, 9.959, 9.057, 7.582, 7.219, 6.828, 5.452, 4.896, 5.599, 5.717, 5.583], [4.41, 4.48, 4.78, 4.77, 5.0, 4.96, 4.19, 4.09, 4.36, 4.11, 4.5, 4.32, 4.27, 4.71, 5.18, 4.58, 3.71, 3.17, 2.32, 1.07, 0, 1.34, 1.58, 2.21, 3.66, 4.888, 4.66, 4.45, 4.384, 4.02, 4.72, 6.1, 6.86, 7.02, 6.58, 6.57, 6.82, 6.81, 7.201, 7.724, 7.857, 8.283, 8.7, 8.743, 8.077, 7.557, 7.69, 9.101, 9.311, 9.726, 9.746, 9.376, 8.899, 8.64, 9.14, 9.663, 9.058, 8.168, 6.931, 5.827, 6.297, 7.18, 7.948, 8.633, 7.588, 6.237, 5.64, 6.01, 7.204, 8.486, 9.018, 9.655, 9.883, 9.48, 9.953, 10.02, 9.783, 8.884, 7.345, 7.062, 6.774, 5.432, 4.934, 5.508, 5.587, 5.417], [4.19, 4.16, 4.42, 4.45, 4.62, 4.48, 3.99, 3.91, 4.32, 3.95, 4.3, 4.18, 4.07, 4.35, 4.9, 4.2, 3.39, 2.79, 2.38, 1.77, 1.34, 0, 1.26, 1.77, 3.26, 4.416, 4.46, 4.37, 4.33, 3.54, 4.36, 5.8, 6.42, 6.58, 6.12, 6.03, 6.46, 6.347, 6.709, 7.23, 7.303, 7.623, 7.997, 8.12, 7.414, 6.871, 7.126, 8.569, 8.859, 9.211, 9.114, 8.653, 8.296, 8.107, 8.492, 9.01, 8.479, 7.619, 6.482, 5.37, 5.803, 6.658, 7.451, 8.051, 7.048, 5.783, 5.023, 5.396, 6.496, 7.781, 8.313, 8.987, 9.22, 8.95, 9.476, 9.558, 9.35, 8.425, 7.406, 6.57, 6.206, 4.92, 4.387, 4.983, 4.93, 4.966], [4.25, 4.64, 4.74, 4.57, 4.9, 4.86, 4.23, 3.99, 4.4, 4.21, 4.68, 4.66, 4.29, 4.81, 5.78, 4.7, 3.37, 2.93, 2.36, 1.87, 1.58, 1.26, 0, 1.33, 2.58, 3.58, 3.62, 3.73, 3.73, 2.98, 3.58, 4.92, 5.52, 5.64, 5.22, 5.224, 5.543, 5.422, 5.798, 6.364, 6.477, 6.937, 7.32, 7.377, 6.717, 6.197, 6.316, 7.759, 7.974, 8.397, 8.397, 7.996, 7.519, 7.271, 7.815, 8.407, 7.841, 6.979, 5.739, 4.65, 5.066, 5.998, 6.671, 7.314, 6.308, 4.966, 4.346, 4.793, 5.89, 7.178, 7.727, 8.41, 8.597, 8.325, 8.853, 8.963, 8.743, 7.86, 6.997, 5.884, 5.446, 4.137, 3.577, 4.16, 4.264, 4.204], [5.36, 5.53, 5.77, 5.72, 5.97, 5.93, 5.38, 5.24, 5.65, 5.38, 5.77, 5.61, 5.44, 5.78, 6.37, 5.67, 4.58, 4.14, 3.55, 2.7, 2.21, 1.77, 1.33, 0, 1.89, 2.998, 2.97, 2.96, 2.94, 2.43, 2.95, 4.35, 4.97, 5.09, 4.73, 4.72, 4.97, 4.869, 5.271, 5.814, 5.947, 6.407, 6.81, 6.867, 6.207, 5.707, 5.8, 7.229, 7.418, 7.864, 7.884, 7.486, 7.009, 6.738, 7.291, 7.874, 7.309, 6.446, 5.34, 4.32, 4.63, 5.448, 6.121, 6.792, 5.758, 4.45, 3.91, 4.34, 5.42, 6.665, 7.194, 7.871, 8.081, 7.757, 8.292, 8.382, 8.168, 7.21, 6.119, 5.368, 4.905, 3.563, 3.027, 3.624, 3.746, 3.651], [6.37, 6.9, 6.96, 6.93, 7.26, 7.28, 6.65, 6.39, 6.64, 6.51, 7.04, 6.96, 6.55, 7.13, 7.96, 7.0, 5.55, 5.09, 4.6, 3.67, 3.66, 3.26, 2.58, 1.89, 0, 1.52, 1.82, 1.91, 2.23, 2.16, 2.16, 3.12, 3.74, 3.82, 3.52, 3.35, 3.74, 3.49, 3.79, 4.43, 4.54, 5.0, 5.26, 5.46, 4.64, 4.14, 4.25, 5.587, 5.886, 6.283, 6.483, 5.907, 5.45, 5.089, 5.852, 6.489, 5.958, 5.119, 4.19, 3.43, 3.56, 4.24, 4.737, 5.337, 4.442, 3.08, 2.78, 3.15, 4.05, 5.209, 5.775, 6.473, 6.666, 6.412, 6.959, 7.078, 6.858, 5.873, 5.009, 3.902, 3.332, 1.983, 1.56, 2.16, 2.39, 2.42], [7.29, 7.84, 7.98, 7.81, 8.18, 8.1, 7.53, 7.31, 7.36, 7.39, 7.94, 7.92, 7.41, 8.157, 9.19, 8.02, 6.47, 5.87, 5.44, 4.85, 4.888, 4.416, 3.58, 2.998, 1.52, 0, 0.92, 1.55, 1.79, 1.66, 1.44, 1.98, 2.64, 2.76, 2.4, 2.19, 2.62, 2.31, 2.55, 3.17, 3.32, 3.8, 4.06, 4.24, 3.44, 2.98, 3.11, 4.41, 4.66, 5.1, 5.24, 4.73, 4.253, 3.918, 4.655, 5.258, 4.784, 4.07, 3.05, 2.31, 2.44, 3.08, 3.56, 4.163, 3.265, 1.98, 1.8, 2.11, 2.99, 4.015, 4.587, 5.302, 5.447, 5.342, 5.868, 5.972, 5.773, 4.973, 4.505, 3.246, 2.474, 1.41, 1.3, 1.4, 1.55, 1.8], [7.43, 7.98, 8.12, 8.01, 8.4, 8.22, 7.61, 7.37, 7.36, 7.33, 7.84, 7.74, 7.45, 8.15, 9.16, 8.24, 6.61, 6.07, 5.36, 4.67, 4.66, 4.46, 3.62, 2.97, 1.82, 0.92, 0, 1.05, 1.33, 1.46, 1.32, 1.94, 2.64, 2.78, 2.44, 2.39, 2.68, 2.47, 2.73, 3.39, 3.497, 3.957, 4.28, 4.38, 3.7, 3.2, 3.35, 4.584, 4.892, 5.292, 5.457, 4.927, 4.45, 4.103, 4.803, 5.418, 4.867, 4.13, 3.09, 2.45, 2.7, 3.16, 3.653, 4.297, 3.45, 2.16, 2.0, 2.23, 3.11, 4.203, 4.747, 5.393, 5.589, 5.301, 5.764, 5.874, 5.648, 4.936, 4.254, 3.595, 2.865, 1.95, 1.84, 1.92, 2.17, 2.28], [7.8, 8.21, 8.27, 8.18, 8.51, 8.29, 7.64, 7.46, 7.41, 7.34, 7.81, 7.67, 7.5, 8.08, 8.95, 8.21, 6.88, 6.1, 5.47, 4.56, 4.45, 4.37, 3.73, 2.96, 1.91, 1.55, 1.05, 0, 0.92, 1.35, 1.37, 2.07, 2.71, 2.89, 2.53, 2.44, 2.75, 2.66, 2.98, 3.5, 3.53, 3.907, 4.31, 4.33, 3.83, 3.33, 3.52, 4.789, 5.123, 5.384, 5.384, 4.98, 4.577, 4.307, 4.727, 5.308, 4.734, 3.92, 2.94, 2.5, 2.67, 3.09, 3.763, 4.284, 3.56, 2.33, 2.17, 2.0, 2.94, 4.21, 4.676, 5.357, 5.493, 5.15, 5.648, 5.707, 5.515, 4.706, 3.824, 3.788, 3.238, 2.54, 2.33, 2.27, 2.46, 2.41], [7.8, 8.17, 8.21, 8.16, 8.47, 8.15, 7.34, 7.2, 7.37, 7.12, 7.63, 7.55, 7.4, 7.84, 8.77, 8.09, 6.9, 5.98, 5.47, 4.58, 4.384, 4.33, 3.73, 2.94, 2.23, 1.79, 1.33, 0.92, 0, 1.21, 1.43, 2.29, 2.93, 3.13, 2.69, 2.66, 2.87, 2.88, 3.231, 3.76, 3.79, 4.141, 4.55, 4.51, 4.03, 3.53, 3.72, 5.042, 5.323, 5.638, 5.573, 5.234, 4.797, 4.581, 4.901, 5.373, 4.708, 3.9, 2.82, 2.24, 2.41, 3.05, 3.848, 4.483, 3.62, 2.43, 2.15, 1.98, 3.04, 4.299, 4.762, 5.379, 5.586, 5.214, 5.594, 5.685, 5.445, 4.658, 3.721, 3.745, 3.324, 2.76, 2.67, 2.53, 2.46, 2.57], [7.01, 7.46, 7.48, 7.35, 7.7, 7.26, 6.61, 6.51, 6.54, 6.37, 6.92, 6.78, 6.57, 7.13, 8.08, 7.36, 6.07, 5.15, 4.64, 4.19, 4.02, 3.54, 2.98, 2.43, 2.16, 1.66, 1.46, 1.35, 1.21, 0, 1.22, 2.62, 3.3, 3.5, 3.06, 2.99, 3.28, 3.23, 3.57, 4.09, 4.102, 4.411, 4.82, 4.84, 4.3, 3.8, 4.05, 5.369, 5.653, 5.982, 5.883, 5.484, 5.118, 4.908, 5.229, 5.707, 5.109, 4.256, 3.21, 2.27, 2.62, 3.42, 4.225, 4.813, 3.876, 2.66, 2.02, 2.21, 3.31, 4.554, 5.057, 5.653, 5.917, 5.57, 6.056, 6.146, 5.934, 5.125, 4.768, 4.286, 3.659, 2.81, 2.52, 2.54, 2.63, 2.92], [7.59, 7.94, 8.02, 7.91, 8.28, 7.94, 7.39, 7.15, 6.94, 7.07, 7.62, 7.58, 7.21, 7.99, 9.06, 8.14, 6.65, 5.99, 5.18, 4.81, 4.72, 4.36, 3.58, 2.95, 2.16, 1.44, 1.32, 1.37, 1.43, 1.22, 0, 1.7, 2.38, 2.5, 2.12, 2.19, 2.6, 2.41, 2.67, 3.21, 3.3, 3.672, 4.046, 4.129, 3.7, 3.16, 3.13, 4.519, 4.791, 5.157, 5.192, 4.722, 4.264, 4.017, 4.577, 5.109, 4.524, 3.79, 2.79, 1.97, 2.2, 2.8, 3.348, 4.025, 3.09, 1.98, 1.6, 2.05, 2.97, 3.929, 4.565, 5.087, 5.314, 5.067, 5.529, 5.639, 5.532, 5.108, 4.694, 3.929, 3.122, 2.49, 2.32, 2.14, 2.41, 2.6], [8.95, 9.3, 9.42, 9.13, 9.46, 9.2, 8.65, 8.33, 7.94, 8.25, 8.819, 9.061, 8.61, 9.41, 10.6, 9.48, 7.83, 7.23, 6.46, 6.19, 6.1, 5.8, 4.92, 4.35, 3.12, 1.98, 1.94, 2.07, 2.29, 2.62, 1.7, 0, 1.08, 1.2, 1.22, 1.41, 1.4, 1.29, 1.59, 2.09, 2.18, 2.5, 2.76, 2.84, 2.78, 2.38, 2.01, 3.122, 3.371, 3.746, 3.814, 3.382, 2.984, 2.78, 3.26, 3.809, 3.277, 2.77, 2.03, 1.73, 1.74, 1.82, 2.25, 2.906, 2.13, 1.36, 1.82, 1.95, 2.13, 2.72, 3.399, 3.878, 4.098, 3.924, 4.334, 4.35, 4.252, 4.296, 4.079, 3.418, 2.448, 2.17, 2.56, 2.12, 2.33, 2.18], [9.59, 9.96, 10.08, 9.79, 10.12, 9.84, 9.41, 8.97, 8.76, 9.03, 9.602, 9.764, 9.33, 10.097, 11.24, 10.08, 8.49, 7.87, 7.22, 6.93, 6.86, 6.42, 5.52, 4.97, 3.74, 2.64, 2.64, 2.71, 2.93, 3.3, 2.38, 1.08, 0, 0.58, 0.88, 1.39, 1.38, 1.27, 1.33, 1.69, 1.66, 1.88, 2.12, 2.14, 2.3, 2.1, 1.69, 2.39, 2.74, 2.989, 3.08, 2.65, 2.27, 2.16, 2.437, 3.0, 2.58, 2.19, 1.75, 2.17, 1.74, 1.56, 1.61, 2.29, 1.81, 1.48, 2.28, 2.31, 1.93, 2.04, 2.848, 3.16, 3.327, 3.172, 3.644, 3.772, 3.764, 3.848, 3.754, 3.124, 2.4, 2.83, 3.32, 2.76, 2.85, 2.8], [9.67, 10.04, 10.16, 9.83, 10.14, 9.96, 9.51, 9.15, 8.84, 9.201, 9.782, 9.944, 9.431, 10.237, 11.4, 10.2, 8.55, 7.93, 7.4, 7.05, 7.02, 6.58, 5.64, 5.09, 3.82, 2.76, 2.78, 2.89, 3.13, 3.5, 2.5, 1.2, 0.58, 0, 0.94, 1.25, 1.2, 1.15, 1.29, 1.63, 1.72, 1.9, 2.18, 2.22, 2.36, 1.98, 1.69, 2.27, 2.62, 2.912, 3.0, 2.59, 2.15, 1.92, 2.372, 3.0, 2.5, 1.97, 1.67, 2.13, 1.76, 1.46, 1.73, 2.41, 1.95, 1.6, 2.3, 2.33, 1.77, 2.08, 2.888, 3.18, 3.358, 3.241, 3.752, 3.821, 3.924, 3.988, 4.017, 3.287, 2.56, 2.97, 3.38, 2.92, 3.03, 3.0], [9.29, 9.56, 9.72, 9.37, 9.68, 9.46, 8.97, 8.627, 8.28, 8.661, 9.282, 9.464, 9.004, 9.757, 10.94, 9.76, 8.11, 7.41, 6.92, 6.69, 6.58, 6.12, 5.22, 4.73, 3.52, 2.4, 2.44, 2.53, 2.69, 3.06, 2.12, 1.22, 0.88, 0.94, 0, 0.97, 1.04, 1.01, 1.13, 1.57, 1.66, 1.88, 2.26, 2.28, 2.12, 1.82, 1.67, 2.65, 2.943, 3.246, 3.277, 2.876, 2.459, 2.257, 2.703, 3.26, 2.78, 2.27, 1.67, 2.05, 1.68, 1.68, 1.67, 2.43, 1.77, 1.04, 1.72, 1.77, 1.65, 2.22, 2.794, 3.363, 3.576, 3.74, 4.169, 4.242, 4.212, 4.085, 3.954, 3.204, 2.44, 2.69, 2.98, 2.4, 2.47, 2.46], [9.174, 9.522, 9.684, 9.255, 9.55, 9.51, 8.942, 8.74, 8.53, 8.84, 9.39, 9.477, 9.0, 9.71, 10.835, 9.613, 8.02, 7.24, 6.91, 6.68, 6.57, 6.03, 5.224, 4.72, 3.35, 2.19, 2.39, 2.44, 2.66, 2.99, 2.19, 1.41, 1.39, 1.25, 0.97, 0, 0.77, 0.86, 1.38, 1.74, 1.79, 2.09, 2.45, 2.45, 2.51, 2.33, 2.18, 2.76, 3.15, 3.239, 3.29, 2.869, 2.44, 2.27, 2.89, 3.342, 2.89, 2.38, 1.86, 2.14, 2.05, 2.03, 2.18, 2.78, 2.34, 1.55, 2.01, 1.88, 1.92, 2.41, 2.904, 3.55, 3.632, 3.69, 4.125, 4.155, 4.039, 3.858, 3.987, 3.177, 2.53, 2.46, 2.69, 2.15, 2.2, 2.23], [9.579, 9.912, 10.069, 9.725, 10.015, 9.86, 9.23, 8.91, 8.72, 9.09, 9.625, 9.787, 9.327, 10.02, 11.22, 10.029, 8.422, 7.748, 7.16, 6.93, 6.82, 6.46, 5.543, 4.97, 3.74, 2.62, 2.68, 2.75, 2.87, 3.28, 2.6, 1.4, 1.38, 1.2, 1.04, 0.77, 0, 0.87, 1.31, 1.61, 1.76, 2.08, 2.46, 2.42, 2.54, 2.42, 2.21, 2.73, 3.06, 3.086, 3.109, 2.75, 2.35, 2.08, 2.74, 3.114, 2.52, 2.11, 1.85, 2.33, 2.04, 1.9, 2.05, 2.83, 2.27, 1.62, 2.2, 2.13, 1.97, 2.44, 2.937, 3.48, 3.547, 3.501, 3.781, 3.808, 3.678, 3.631, 3.837, 3.207, 2.58, 2.63, 2.9, 2.42, 2.57, 2.5], [9.38, 9.75, 9.942, 9.48, 9.85, 9.77, 9.251, 8.92, 8.75, 9.04, 9.632, 9.774, 9.241, 10.027, 11.152, 9.93, 8.22, 7.56, 7.189, 6.8, 6.81, 6.347, 5.422, 4.869, 3.49, 2.31, 2.47, 2.66, 2.88, 3.23, 2.41, 1.29, 1.27, 1.15, 1.01, 0.86, 0.87, 0, 1.06, 1.46, 1.57, 1.87, 2.19, 2.31, 2.31, 2.15, 1.88, 2.56, 2.79, 3.139, 3.187, 2.789, 2.44, 2.19, 2.77, 3.27, 2.79, 2.32, 1.8, 2.08, 1.79, 1.73, 1.98, 2.68, 2.14, 1.51, 2.13, 2.02, 1.76, 2.25, 2.87, 3.45, 3.707, 3.774, 4.151, 4.114, 3.962, 3.91, 4.007, 3.097, 2.41, 2.46, 2.67, 2.29, 2.42, 2.37], [9.686, 10.085, 10.242, 9.918, 10.23, 10.086, 9.673, 9.256, 8.97, 9.333, 9.935, 10.105, 9.604, 10.39, 11.515, 10.293, 8.578, 8.018, 7.518, 7.18, 7.201, 6.709, 5.798, 5.271, 3.79, 2.55, 2.73, 2.98, 3.231, 3.57, 2.67, 1.59, 1.33, 1.29, 1.13, 1.38, 1.31, 1.06, 0, 0.86, 1.05, 1.39, 1.73, 1.87, 1.61, 1.61, 1.44, 2.06, 2.31, 2.69, 2.81, 2.34, 1.94, 1.93, 2.45, 2.91, 2.49, 2.02, 1.88, 2.38, 1.93, 1.61, 1.38, 2.02, 1.5, 1.53, 2.27, 2.18, 1.68, 1.91, 2.284, 2.99, 3.147, 3.36, 3.819, 3.849, 3.802, 3.538, 3.487, 2.62, 1.99, 2.42, 2.79, 2.39, 2.58, 2.47], [10.294, 10.644, 10.804, 10.415, 10.71, 10.566, 10.133, 9.82, 9.47, 9.853, 10.455, 10.625, 10.124, 10.906, 12.035, 10.813, 9.16, 8.44, 8.038, 7.76, 7.724, 7.23, 6.364, 5.814, 4.43, 3.17, 3.39, 3.5, 3.76, 4.09, 3.21, 2.09, 1.69, 1.63, 1.57, 1.74, 1.61, 1.46, 0.86, 0, 0.63, 0.93, 1.45, 1.59, 1.61, 1.87, 1.8, 1.8, 1.91, 2.15, 2.21, 1.96, 1.98, 2.19, 2.23, 2.43, 2.25, 2.1, 2.26, 2.8, 2.41, 1.83, 1.48, 1.82, 1.48, 1.91, 2.73, 2.62, 2.0, 1.65, 1.91, 2.57, 2.7, 2.94, 3.32, 3.292, 3.262, 3.15, 3.15, 2.44, 2.07, 2.92, 3.31, 2.81, 2.82, 2.63], [10.387, 10.717, 10.917, 10.511, 10.827, 10.645, 10.175, 9.9, 9.615, 9.892, 10.479, 10.659, 10.147, 10.926, 12.042, 10.926, 9.214, 8.454, 8.169, 7.93, 7.857, 7.303, 6.477, 5.947, 4.54, 3.32, 3.497, 3.53, 3.79, 4.102, 3.3, 2.18, 1.66, 1.72, 1.66, 1.79, 1.76, 1.57, 1.05, 0.63, 0, 0.76, 1.28, 1.32, 1.44, 1.9, 1.81, 1.87, 2.0, 2.1, 2.24, 2.03, 2.09, 2.14, 2.18, 2.2, 1.96, 2.07, 2.35, 2.85, 2.48, 1.84, 1.29, 1.51, 1.43, 2.02, 2.74, 2.67, 1.97, 1.38, 1.62, 2.3, 2.53, 2.65, 3.01, 3.026, 3.012, 2.82, 2.9, 2.27, 2.0, 2.97, 3.4, 2.88, 2.91, 2.8], [10.879, 11.197, 11.357, 10.945, 11.235, 11.005, 10.501, 10.25, 9.909, 10.221, 10.785, 10.939, 10.49, 11.221, 12.342, 11.346, 9.63, 8.808, 8.589, 8.39, 8.283, 7.623, 6.937, 6.407, 5.0, 3.8, 3.957, 3.907, 4.141, 4.411, 3.672, 2.5, 1.88, 1.9, 1.88, 2.09, 2.08, 1.87, 1.39, 0.93, 0.76, 0, 0.82, 1.0, 1.26, 1.8, 1.79, 1.69, 1.86, 1.82, 1.98, 1.65, 1.91, 2.1, 1.88, 1.78, 1.72, 1.93, 2.35, 2.91, 2.54, 1.82, 1.19, 1.23, 1.39, 2.16, 2.86, 2.69, 1.91, 1.18, 1.4, 1.92, 2.21, 2.53, 2.96, 2.929, 2.832, 2.8, 3.0, 2.49, 2.42, 3.45, 3.86, 3.18, 3.17, 3.18], [11.202, 11.549, 11.692, 11.316, 11.626, 11.385, 10.918, 10.658, 10.257, 10.632, 11.162, 11.313, 10.861, 11.612, 12.722, 11.754, 9.982, 9.205, 9.0, 8.77, 8.7, 7.997, 7.32, 6.81, 5.26, 4.06, 4.28, 4.31, 4.55, 4.82, 4.046, 2.76, 2.12, 2.18, 2.26, 2.45, 2.46, 2.19, 1.73, 1.45, 1.28, 0.82, 0, 0.82, 1.18, 1.8, 1.83, 1.81, 1.86, 1.82, 1.92, 1.35, 1.99, 2.16, 1.82, 1.64, 1.64, 2.09, 2.63, 3.21, 2.82, 2.08, 1.27, 1.37, 1.83, 2.58, 3.2, 2.99, 2.07, 1.02, 1.54, 1.86, 2.27, 2.57, 2.9, 2.89, 2.758, 2.877, 3.34, 2.83, 2.78, 3.81, 4.18, 3.46, 3.45, 3.64], [11.307, 11.654, 11.794, 11.41, 11.72, 11.411, 10.901, 10.687, 10.286, 10.63, 11.214, 11.34, 10.87, 11.59, 12.779, 11.803, 10.09, 9.185, 9.046, 8.85, 8.743, 8.12, 7.377, 6.867, 5.46, 4.24, 4.38, 4.33, 4.51, 4.84, 4.129, 2.84, 2.14, 2.22, 2.28, 2.45, 2.42, 2.31, 1.87, 1.59, 1.32, 1.0, 0.82, 0, 1.24, 1.82, 1.77, 1.77, 1.84, 2.02, 1.94, 1.63, 1.95, 2.14, 1.58, 1.46, 1.42, 1.87, 2.47, 3.31, 2.94, 2.06, 1.27, 1.19, 1.81, 2.62, 3.24, 2.97, 2.15, 1.06, 1.4, 1.68, 2.07, 2.51, 2.74, 2.872, 2.87, 2.82, 3.22, 2.95, 3.02, 4.07, 4.46, 3.72, 3.71, 3.74], [10.579, 10.946, 11.069, 10.693, 11.003, 10.767, 10.3, 10.055, 9.654, 10.026, 10.556, 10.73, 10.258, 11.009, 12.136, 11.151, 9.384, 8.575, 8.397, 8.147, 8.077, 7.414, 6.717, 6.207, 4.64, 3.44, 3.7, 3.83, 4.03, 4.3, 3.7, 2.78, 2.3, 2.36, 2.12, 2.51, 2.54, 2.31, 1.61, 1.61, 1.44, 1.26, 1.18, 1.24, 0, 0.94, 1.47, 1.91, 2.06, 2.2, 2.36, 1.85, 2.03, 2.26, 1.96, 2.16, 1.98, 2.21, 2.77, 3.35, 2.84, 2.08, 1.35, 1.67, 1.87, 2.16, 2.72, 2.49, 1.67, 1.24, 1.64, 2.24, 2.81, 3.23, 3.669, 3.756, 3.669, 3.38, 3.24, 2.51, 2.36, 3.29, 3.64, 2.86, 2.95, 3.2], [10.059, 10.426, 10.549, 10.173, 10.483, 10.247, 9.774, 9.529, 9.134, 9.506, 10.036, 10.21, 9.758, 10.489, 11.584, 10.611, 8.85, 8.035, 7.877, 7.627, 7.557, 6.871, 6.197, 5.707, 4.14, 2.98, 3.2, 3.33, 3.53, 3.8, 3.16, 2.38, 2.1, 1.98, 1.82, 2.33, 2.42, 2.15, 1.61, 1.87, 1.9, 1.8, 1.8, 1.82, 0.94, 0, 0.95, 2.07, 2.34, 2.62, 2.7, 2.05, 1.99, 2.14, 2.3, 2.733, 2.32, 2.13, 2.35, 2.87, 2.36, 1.76, 1.73, 2.09, 1.91, 1.8, 2.3, 2.07, 1.29, 1.76, 2.36, 2.88, 3.396, 3.906, 4.392, 4.502, 4.452, 4.145, 3.868, 2.89, 2.38, 3.07, 3.36, 2.6, 2.73, 3.08], [10.189, 10.596, 10.779, 10.346, 10.653, 10.509, 10.016, 9.699, 9.329, 9.756, 10.337, 10.543, 9.981, 10.811, 11.897, 10.718, 8.969, 8.242, 8.05, 7.72, 7.69, 7.126, 6.316, 5.8, 4.25, 3.11, 3.35, 3.52, 3.72, 4.05, 3.13, 2.01, 1.69, 1.69, 1.67, 2.18, 2.21, 1.88, 1.44, 1.8, 1.81, 1.79, 1.83, 1.77, 1.47, 0.95, 0, 1.54, 1.866, 2.28, 2.43, 2.0, 1.68, 1.75, 2.05, 2.591, 2.25, 2.02, 2.24, 2.7, 2.13, 1.65, 1.66, 2.04, 1.58, 1.83, 2.53, 2.36, 1.5, 1.75, 2.541, 2.823, 3.292, 3.842, 4.388, 4.518, 4.505, 4.424, 4.264, 3.16, 2.49, 3.12, 3.47, 2.71, 2.92, 3.07], [11.552, 11.999, 12.202, 11.789, 12.095, 11.952, 11.442, 11.13, 10.772, 11.179, 11.743, 11.94, 11.408, 12.213, 13.303, 12.149, 10.332, 9.685, 9.476, 9.1, 9.101, 8.569, 7.759, 7.229, 5.587, 4.41, 4.584, 4.789, 5.042, 5.369, 4.519, 3.122, 2.39, 2.27, 2.65, 2.76, 2.73, 2.56, 2.06, 1.8, 1.87, 1.69, 1.81, 1.77, 1.91, 2.07, 1.54, 0, 0.99, 1.01, 1.57, 1.48, 1.18, 1.67, 1.71, 2.13, 2.11, 2.18, 2.78, 3.66, 3.35, 2.47, 1.88, 1.88, 2.02, 2.99, 3.761, 3.576, 2.4, 1.55, 2.01, 2.13, 2.52, 2.98, 3.426, 3.596, 3.656, 3.79, 3.93, 3.2, 2.95, 4.0, 4.41, 3.71, 3.72, 3.83], [11.859, 12.246, 12.429, 11.993, 12.311, 12.222, 11.722, 11.417, 11.019, 11.48, 12.077, 12.28, 11.765, 12.55, 13.66, 12.433, 10.733, 9.989, 9.705, 9.319, 9.311, 8.859, 7.974, 7.418, 5.886, 4.66, 4.892, 5.123, 5.323, 5.653, 4.791, 3.371, 2.74, 2.62, 2.943, 3.15, 3.06, 2.79, 2.31, 1.91, 2.0, 1.86, 1.86, 1.84, 2.06, 2.34, 1.866, 0.99, 0, 1.26, 1.72, 1.65, 1.51, 2.1, 2.0, 2.14, 2.16, 2.51, 3.05, 3.93, 3.605, 2.66, 2.03, 1.89, 2.25, 3.296, 4.098, 3.908, 2.749, 1.68, 1.84, 1.96, 2.41, 2.91, 3.32, 3.401, 3.484, 3.5, 3.64, 3.15, 2.98, 4.15, 4.64, 3.98, 3.99, 3.999], [12.259, 12.646, 12.829, 12.393, 12.7, 12.567, 12.054, 11.761, 11.385, 11.812, 12.37, 12.579, 12.07, 12.846, 13.918, 12.774, 11.062, 10.31, 10.088, 9.807, 9.726, 9.211, 8.397, 7.864, 6.283, 5.1, 5.292, 5.384, 5.638, 5.982, 5.157, 3.746, 2.989, 2.912, 3.246, 3.239, 3.086, 3.139, 2.69, 2.15, 2.1, 1.82, 1.82, 2.02, 2.2, 2.62, 2.28, 1.01, 1.26, 0, 0.9, 1.21, 1.23, 1.84, 1.76, 1.7, 1.88, 2.45, 3.29, 4.27, 3.951, 3.0, 2.31, 2.15, 2.57, 3.6, 4.382, 4.189, 2.969, 1.78, 2.22, 2.26, 2.49, 2.87, 3.0, 3.01, 3.227, 3.72, 4.1, 3.57, 3.4, 4.57, 5.04, 4.26, 4.29, 4.38], [12.407, 12.697, 12.877, 12.407, 12.714, 12.454, 11.958, 11.741, 11.328, 11.713, 12.374, 12.543, 12.133, 12.813, 13.868, 12.76, 11.21, 10.224, 10.068, 9.864, 9.746, 9.114, 8.397, 7.884, 6.483, 5.24, 5.457, 5.384, 5.573, 5.883, 5.192, 3.814, 3.08, 3.0, 3.277, 3.29, 3.109, 3.187, 2.81, 2.21, 2.24, 1.98, 1.92, 1.94, 2.36, 2.7, 2.43, 1.57, 1.72, 0.9, 0, 1.13, 1.43, 2.06, 1.8, 1.44, 1.88, 2.41, 3.27, 4.19, 3.828, 2.84, 2.45, 2.35, 2.69, 3.64, 4.38, 4.167, 2.95, 1.74, 2.44, 2.54, 2.81, 3.13, 3.08, 3.03, 3.265, 3.857, 4.42, 3.91, 3.78, 4.81, 5.26, 4.46, 4.35, 4.42], [11.857, 12.224, 12.347, 11.972, 12.282, 12.061, 11.594, 11.343, 10.933, 11.314, 11.85, 12.015, 11.543, 12.314, 13.397, 12.41, 10.669, 9.834, 9.676, 9.469, 9.376, 8.653, 7.996, 7.486, 5.907, 4.73, 4.927, 4.98, 5.234, 5.484, 4.722, 3.382, 2.65, 2.59, 2.876, 2.869, 2.75, 2.789, 2.34, 1.96, 2.03, 1.65, 1.35, 1.63, 1.85, 2.05, 2.0, 1.48, 1.65, 1.21, 1.13, 0, 1.06, 1.73, 1.65, 1.47, 1.67, 2.12, 2.92, 3.86, 3.53, 2.61, 2.06, 2.18, 2.3, 3.27, 3.87, 3.616, 2.36, 1.45, 2.17, 2.33, 2.58, 2.94, 3.15, 3.12, 3.14, 3.59, 4.25, 3.5, 3.21, 4.3, 4.77, 3.93, 3.84, 4.13], [11.4, 11.747, 11.89, 11.494, 11.804, 11.657, 11.173, 10.866, 10.476, 10.914, 11.535, 11.726, 11.226, 11.999, 13.088, 11.933, 10.252, 9.434, 9.219, 8.992, 8.899, 8.296, 7.519, 7.009, 5.45, 4.253, 4.45, 4.577, 4.797, 5.118, 4.264, 2.984, 2.27, 2.15, 2.459, 2.44, 2.35, 2.44, 1.94, 1.98, 2.09, 1.91, 1.99, 1.95, 2.03, 1.99, 1.68, 1.18, 1.51, 1.23, 1.43, 1.06, 0, 1.33, 1.49, 2.03, 1.91, 2.02, 2.44, 3.406, 3.104, 2.33, 1.96, 2.26, 2.16, 2.83, 3.555, 3.391, 2.26, 1.79, 2.43, 2.53, 2.76, 3.14, 3.549, 3.819, 3.96, 4.21, 4.39, 3.56, 2.95, 3.84, 4.29, 3.51, 3.54, 3.79], [11.039, 11.509, 11.689, 11.339, 11.646, 11.493, 11.006, 10.655, 10.262, 10.697, 11.256, 11.458, 10.937, 11.731, 12.827, 11.709, 9.908, 9.289, 8.977, 8.622, 8.64, 8.107, 7.271, 6.738, 5.089, 3.918, 4.103, 4.307, 4.581, 4.908, 4.017, 2.78, 2.16, 1.92, 2.257, 2.27, 2.08, 2.19, 1.93, 2.19, 2.14, 2.1, 2.16, 2.14, 2.26, 2.14, 1.75, 1.67, 2.1, 1.84, 2.06, 1.73, 1.33, 0, 1.22, 1.82, 1.84, 1.75, 2.25, 3.23, 2.96, 2.32, 2.15, 2.49, 2.37, 2.66, 3.325, 3.201, 2.37, 2.04, 2.92, 2.84, 3.027, 3.504, 3.82, 4.01, 4.21, 4.5, 4.78, 3.867, 3.16, 3.69, 4.0, 3.46, 3.75, 3.78], [11.751, 12.095, 12.227, 11.846, 12.153, 11.806, 11.327, 11.116, 10.7, 11.03, 11.588, 11.777, 11.387, 12.102, 13.191, 12.235, 10.531, 9.669, 9.46, 9.222, 9.14, 8.492, 7.815, 7.291, 5.852, 4.655, 4.803, 4.727, 4.901, 5.229, 4.577, 3.26, 2.437, 2.372, 2.703, 2.89, 2.74, 2.77, 2.45, 2.23, 2.18, 1.88, 1.82, 1.58, 1.96, 2.3, 2.05, 1.71, 2.0, 1.76, 1.8, 1.65, 1.49, 1.22, 0, 1.26, 1.36, 1.59, 2.57, 3.61, 3.26, 2.32, 1.83, 2.19, 2.41, 3.04, 3.74, 3.53, 2.57, 1.56, 2.38, 2.3, 2.53, 2.99, 3.2, 3.449, 3.55, 3.86, 4.22, 3.63, 3.54, 4.41, 4.82, 4.08, 4.07, 4.24], [12.363, 12.684, 12.844, 12.449, 12.712, 12.301, 11.771, 11.559, 11.266, 11.513, 12.029, 12.192, 11.836, 12.516, 13.55, 12.656, 11.134, 10.147, 9.98, 9.839, 9.663, 9.01, 8.407, 7.874, 6.489, 5.258, 5.418, 5.308, 5.373, 5.707, 5.109, 3.809, 3.0, 3.0, 3.26, 3.342, 3.114, 3.27, 2.91, 2.43, 2.2, 1.78, 1.64, 1.46, 2.16, 2.733, 2.591, 2.13, 2.14, 1.7, 1.44, 1.47, 2.03, 1.82, 1.26, 0, 1.18, 1.81, 2.91, 4.01, 3.64, 2.62, 2.05, 2.01, 2.63, 3.554, 4.24, 3.93, 3.03, 1.7, 2.04, 1.92, 2.17, 2.57, 2.6, 2.51, 2.79, 3.22, 3.88, 3.71, 3.84, 4.87, 5.3, 4.54, 4.55, 4.62], [11.8, 12.107, 12.261, 11.912, 12.182, 11.664, 11.049, 10.879, 10.595, 10.865, 11.329, 11.515, 11.197, 11.883, 12.899, 12.144, 10.617, 9.607, 9.347, 9.234, 9.058, 8.479, 7.841, 7.309, 5.958, 4.784, 4.867, 4.734, 4.708, 5.109, 4.524, 3.277, 2.58, 2.5, 2.78, 2.89, 2.52, 2.79, 2.49, 2.25, 1.96, 1.72, 1.64, 1.42, 1.98, 2.32, 2.25, 2.11, 2.16, 1.88, 1.88, 1.67, 1.91, 1.84, 1.36, 1.18, 0, 1.15, 2.21, 3.265, 2.881, 1.96, 1.85, 1.97, 2.37, 3.0, 3.6, 3.24, 2.363, 1.42, 1.94, 1.84, 2.09, 2.41, 2.48, 2.59, 2.69, 3.14, 3.78, 3.67, 3.56, 4.43, 4.86, 4.12, 4.19, 4.32], [10.918, 11.225, 11.379, 11.039, 11.308, 10.808, 10.215, 10.006, 9.747, 9.995, 10.456, 10.64, 10.301, 10.964, 12.039, 11.262, 9.724, 8.742, 8.468, 8.341, 8.168, 7.619, 6.979, 6.446, 5.119, 4.07, 4.13, 3.92, 3.9, 4.256, 3.79, 2.77, 2.19, 1.97, 2.27, 2.38, 2.11, 2.32, 2.02, 2.1, 2.07, 1.93, 2.09, 1.87, 2.21, 2.13, 2.02, 2.18, 2.51, 2.45, 2.41, 2.12, 2.02, 1.75, 1.59, 1.81, 1.15, 0, 1.34, 2.46, 2.07, 1.41, 1.84, 2.24, 2.14, 2.43, 2.73, 2.42, 1.86, 1.75, 2.39, 2.23, 2.36, 2.8, 3.11, 3.234, 3.371, 3.63, 3.99, 3.64, 3.29, 3.94, 4.23, 3.67, 3.76, 3.91], [9.653, 9.98, 10.143, 9.782, 10.063, 9.671, 9.038, 8.756, 8.524, 8.858, 9.359, 9.608, 9.199, 9.893, 11.009, 10.003, 8.53, 7.568, 7.197, 7.084, 6.931, 6.482, 5.739, 5.34, 4.19, 3.05, 3.09, 2.94, 2.82, 3.21, 2.79, 2.03, 1.75, 1.67, 1.67, 1.86, 1.85, 1.8, 1.88, 2.26, 2.35, 2.35, 2.63, 2.47, 2.77, 2.35, 2.24, 2.78, 3.05, 3.29, 3.27, 2.92, 2.44, 2.25, 2.57, 2.91, 2.21, 1.34, 0, 1.26, 1.09, 1.45, 2.02, 2.54, 2.14, 1.75, 1.87, 1.68, 1.82, 2.31, 2.97, 3.07, 3.365, 3.56, 4.03, 4.1, 4.2, 4.29, 4.27, 3.8, 3.11, 3.22, 3.35, 2.91, 3.0, 3.07], [8.595, 8.862, 9.017, 8.653, 8.937, 8.613, 7.972, 7.71, 7.468, 7.833, 8.382, 8.585, 8.138, 8.881, 9.997, 8.899, 7.463, 6.518, 6.085, 6.0, 5.827, 5.37, 4.65, 4.32, 3.43, 2.31, 2.45, 2.5, 2.24, 2.27, 1.97, 1.73, 2.17, 2.13, 2.05, 2.14, 2.33, 2.08, 2.38, 2.8, 2.85, 2.91, 3.21, 3.31, 3.35, 2.87, 2.7, 3.66, 3.93, 4.27, 4.19, 3.86, 3.406, 3.23, 3.61, 4.01, 3.265, 2.46, 1.26, 0, 0.95, 1.77, 2.74, 3.32, 2.48, 1.67, 1.29, 1.56, 2.2, 2.95, 3.73, 4.068, 4.449, 4.43, 4.875, 4.905, 4.968, 4.941, 4.829, 4.079, 3.15, 2.8, 2.77, 2.31, 2.42, 2.63], [9.031, 9.307, 9.475, 9.083, 9.37, 8.999, 8.345, 8.132, 7.957, 8.241, 8.727, 8.978, 8.591, 9.254, 10.329, 9.318, 7.897, 6.872, 6.557, 6.47, 6.297, 5.803, 5.066, 4.63, 3.56, 2.44, 2.7, 2.67, 2.41, 2.62, 2.2, 1.74, 1.74, 1.76, 1.68, 2.05, 2.04, 1.79, 1.93, 2.41, 2.48, 2.54, 2.82, 2.94, 2.84, 2.36, 2.13, 3.35, 3.605, 3.951, 3.828, 3.53, 3.104, 2.96, 3.26, 3.64, 2.881, 2.07, 1.09, 0.95, 0, 1.22, 2.31, 2.95, 2.05, 1.42, 1.4, 1.47, 1.77, 2.6, 3.3, 3.684, 4.06, 4.026, 4.416, 4.472, 4.538, 4.514, 4.414, 3.629, 2.74, 2.81, 2.94, 2.48, 2.45, 2.7], [9.994, 10.21, 10.381, 10.029, 10.316, 9.845, 9.257, 9.138, 8.9, 9.124, 9.687, 9.852, 9.499, 10.168, 11.178, 10.261, 8.817, 7.812, 7.464, 7.333, 7.18, 6.658, 5.998, 5.448, 4.24, 3.08, 3.16, 3.09, 3.05, 3.42, 2.8, 1.82, 1.56, 1.46, 1.68, 2.03, 1.9, 1.73, 1.61, 1.83, 1.84, 1.82, 2.08, 2.06, 2.08, 1.76, 1.65, 2.47, 2.66, 3.0, 2.84, 2.61, 2.33, 2.32, 2.32, 2.62, 1.96, 1.41, 1.45, 1.77, 1.22, 0, 1.47, 2.17, 1.59, 1.7, 2.12, 1.99, 1.63, 1.6, 2.4, 2.68, 3.045, 3.089, 3.539, 3.609, 3.661, 3.656, 3.64, 2.97, 2.52, 3.15, 3.42, 2.84, 2.89, 3.02], [10.61, 10.889, 11.046, 10.805, 11.078, 10.809, 10.308, 9.964, 9.67, 9.968, 10.538, 10.753, 10.284, 11.063, 12.231, 11.163, 9.442, 8.768, 8.294, 7.987, 7.948, 7.451, 6.671, 6.121, 4.737, 3.56, 3.653, 3.763, 3.848, 4.225, 3.348, 2.25, 1.61, 1.73, 1.67, 2.18, 2.05, 1.98, 1.38, 1.48, 1.29, 1.19, 1.27, 1.27, 1.35, 1.73, 1.66, 1.88, 2.03, 2.31, 2.45, 2.06, 1.96, 2.15, 1.83, 2.05, 1.85, 1.84, 2.02, 2.74, 2.31, 1.47, 0, 1.1, 1.14, 2.03, 2.748, 2.74, 2.0, 1.11, 1.63, 1.89, 2.28, 2.46, 2.99, 3.06, 3.068, 3.024, 2.83, 2.18, 2.23, 3.2, 3.67, 3.15, 3.14, 3.25], [11.25, 11.569, 11.731, 11.325, 11.658, 11.419, 10.921, 10.644, 10.254, 10.603, 11.152, 11.304, 10.88, 11.629, 12.77, 11.78, 10.019, 9.288, 8.97, 8.718, 8.633, 8.051, 7.314, 6.792, 5.337, 4.163, 4.297, 4.284, 4.483, 4.813, 4.025, 2.906, 2.29, 2.41, 2.43, 2.78, 2.83, 2.68, 2.02, 1.82, 1.51, 1.23, 1.37, 1.19, 1.67, 2.09, 2.04, 1.88, 1.89, 2.15, 2.35, 2.18, 2.26, 2.49, 2.19, 2.01, 1.97, 2.24, 2.54, 3.32, 2.95, 2.17, 1.1, 0, 1.28, 2.574, 3.243, 3.167, 2.44, 1.39, 1.33, 1.31, 1.76, 2.08, 2.57, 2.68, 2.68, 2.61, 2.55, 2.4, 2.49, 3.64, 4.17, 3.59, 3.54, 3.53], [10.304, 10.586, 10.757, 10.422, 10.7, 10.386, 9.905, 9.549, 9.232, 9.583, 10.181, 10.419, 9.918, 10.718, 11.808, 10.734, 9.122, 8.328, 7.931, 7.74, 7.588, 7.048, 6.308, 5.758, 4.442, 3.265, 3.45, 3.56, 3.62, 3.876, 3.09, 2.13, 1.81, 1.95, 1.77, 2.34, 2.27, 2.14, 1.5, 1.48, 1.43, 1.39, 1.83, 1.81, 1.87, 1.91, 1.58, 2.02, 2.25, 2.57, 2.69, 2.3, 2.16, 2.37, 2.41, 2.63, 2.37, 2.14, 2.14, 2.48, 2.05, 1.59, 1.14, 1.28, 0, 1.67, 2.405, 2.4, 2.0, 1.65, 1.97, 2.237, 2.53, 2.836, 3.386, 3.459, 3.422, 3.281, 3.07, 2.26, 1.79, 2.8, 3.25, 2.73, 2.66, 2.61], [8.919, 9.275, 9.463, 9.068, 9.364, 9.075, 8.531, 8.21, 7.875, 8.264, 8.819, 9.054, 8.567, 9.322, 10.463, 9.326, 7.765, 6.951, 6.554, 6.39, 6.237, 5.783, 4.966, 4.45, 3.08, 1.98, 2.16, 2.33, 2.43, 2.66, 1.98, 1.36, 1.48, 1.6, 1.04, 1.55, 1.62, 1.51, 1.53, 1.91, 2.02, 2.16, 2.58, 2.62, 2.16, 1.8, 1.83, 2.99, 3.296, 3.6, 3.64, 3.27, 2.83, 2.66, 3.04, 3.554, 3.0, 2.43, 1.75, 1.67, 1.42, 1.7, 2.03, 2.574, 1.67, 0, 1.12, 1.23, 1.71, 2.46, 3.062, 3.536, 3.864, 3.965, 4.576, 4.629, 4.592, 4.365, 3.988, 3.035, 2.137, 2.09, 2.36, 1.74, 1.87, 1.94], [8.322, 8.635, 8.772, 8.448, 8.735, 8.335, 7.801, 7.553, 7.209, 7.507, 8.017, 8.217, 7.81, 8.507, 9.683, 8.752, 7.105, 6.288, 5.937, 5.79, 5.64, 5.023, 4.346, 3.91, 2.78, 1.8, 2.0, 2.17, 2.15, 2.02, 1.6, 1.82, 2.28, 2.3, 1.72, 2.01, 2.2, 2.13, 2.27, 2.73, 2.74, 2.86, 3.2, 3.24, 2.72, 2.3, 2.53, 3.761, 4.098, 4.382, 4.38, 3.87, 3.555, 3.325, 3.74, 4.24, 3.6, 2.73, 1.87, 1.29, 1.4, 2.12, 2.748, 3.243, 2.405, 1.12, 0, 1.13, 1.85, 2.997, 3.562, 4.148, 4.516, 4.593, 5.15, 5.186, 5.109, 4.885, 4.565, 3.489, 2.642, 2.27, 2.22, 1.82, 2.01, 2.24], [8.672, 8.99, 9.15, 8.746, 9.022, 8.613, 8.097, 7.874, 7.548, 7.837, 8.364, 8.467, 8.1, 8.794, 9.916, 9.039, 7.446, 6.464, 6.287, 6.18, 6.01, 5.396, 4.793, 4.34, 3.15, 2.11, 2.23, 2.0, 1.98, 2.21, 2.05, 1.95, 2.31, 2.33, 1.77, 1.88, 2.13, 2.02, 2.18, 2.62, 2.67, 2.69, 2.99, 2.97, 2.49, 2.07, 2.36, 3.576, 3.908, 4.189, 4.167, 3.616, 3.391, 3.201, 3.53, 3.93, 3.24, 2.42, 1.68, 1.56, 1.47, 1.99, 2.74, 3.167, 2.4, 1.23, 1.13, 0, 1.36, 2.77, 3.24, 3.845, 4.234, 4.42, 5.04, 5.093, 4.956, 4.615, 4.424, 3.608, 2.75, 2.64, 2.53, 1.99, 2.08, 2.39], [9.84, 10.17, 10.33, 9.903, 10.173, 9.827, 9.351, 9.157, 8.762, 9.086, 9.647, 9.716, 9.354, 10.066, 11.124, 10.236, 8.603, 7.62, 7.522, 7.357, 7.204, 6.496, 5.89, 5.42, 4.05, 2.99, 3.11, 2.94, 3.04, 3.31, 2.97, 2.13, 1.93, 1.77, 1.65, 1.92, 1.97, 1.76, 1.68, 2.0, 1.97, 1.91, 2.07, 2.15, 1.67, 1.29, 1.5, 2.4, 2.749, 2.969, 2.95, 2.36, 2.26, 2.37, 2.57, 3.03, 2.363, 1.86, 1.82, 2.2, 1.77, 1.63, 2.0, 2.44, 2.0, 1.71, 1.85, 1.36, 0, 1.87, 2.27, 2.934, 3.417, 3.73, 4.34, 4.41, 4.236, 3.938, 4.006, 3.197, 2.57, 3.16, 3.33, 2.55, 2.68, 2.97], [11.139, 11.475, 11.618, 11.226, 11.512, 11.172, 10.673, 10.436, 10.154, 10.41, 10.928, 11.08, 10.636, 11.373, 12.463, 11.506, 9.888, 8.969, 8.823, 8.65, 8.486, 7.781, 7.178, 6.665, 5.209, 4.015, 4.203, 4.21, 4.299, 4.554, 3.929, 2.72, 2.04, 2.08, 2.22, 2.41, 2.44, 2.25, 1.91, 1.65, 1.38, 1.18, 1.02, 1.06, 1.24, 1.76, 1.75, 1.55, 1.68, 1.78, 1.74, 1.45, 1.79, 2.04, 1.56, 1.7, 1.42, 1.75, 2.31, 2.95, 2.6, 1.6, 1.11, 1.39, 1.65, 2.46, 2.997, 2.77, 1.87, 0, 1.36, 1.64, 2.13, 2.43, 2.82, 2.915, 2.93, 2.94, 3.22, 2.63, 2.56, 3.61, 4.0, 3.28, 3.21, 3.4], [11.685, 12.004, 12.161, 11.754, 12.024, 11.584, 11.11, 10.947, 10.673, 10.879, 11.389, 11.458, 11.082, 11.79, 12.88, 12.018, 10.442, 9.426, 9.34, 9.171, 9.018, 8.313, 7.727, 7.194, 5.775, 4.587, 4.747, 4.676, 4.762, 5.057, 4.565, 3.399, 2.848, 2.888, 2.794, 2.904, 2.937, 2.87, 2.284, 1.91, 1.62, 1.4, 1.54, 1.4, 1.64, 2.36, 2.541, 2.01, 1.84, 2.22, 2.44, 2.17, 2.43, 2.92, 2.38, 2.04, 1.94, 2.39, 2.97, 3.73, 3.3, 2.4, 1.63, 1.33, 1.97, 3.062, 3.562, 3.24, 2.27, 1.36, 0, 1.06, 1.47, 1.83, 2.34, 2.37, 2.25, 2.02, 2.44, 2.45, 2.66, 4.03, 4.535, 3.804, 3.73, 3.78], [12.369, 12.693, 12.844, 12.441, 12.717, 12.264, 11.757, 11.562, 11.273, 11.505, 12.018, 12.089, 11.734, 12.446, 13.539, 12.673, 11.123, 10.155, 9.984, 9.831, 9.655, 8.987, 8.41, 7.871, 6.473, 5.302, 5.393, 5.357, 5.379, 5.653, 5.087, 3.878, 3.16, 3.18, 3.363, 3.55, 3.48, 3.45, 2.99, 2.57, 2.3, 1.92, 1.86, 1.68, 2.24, 2.88, 2.823, 2.13, 1.96, 2.26, 2.54, 2.33, 2.53, 2.84, 2.3, 1.92, 1.84, 2.23, 3.07, 4.068, 3.684, 2.6