[[0, 1.09, 2.06, 2.36, 1.45, 1.31, 1.25, 2.44, 2.86, 2.77, 3.07, 3.61, 3.96, 4.02, 3.78, 3.45, 3.63, 4.28, 4.01, 3.6, 3.05, 2.1, 1.54, 1.66, 2.25, 2.82, 4.21, 6.73, 7.82, 7.768, 7.858, 7.922, 7.784, 7.828, 7.841, 7.691, 7.401, 7.358, 7.857, 8.468, 7.875, 6.212, 4.766, 4.339, 3.79, 3.31, 3.36, 3.44, 3.88, 5.01, 4.99, 4.542, 4.194, 3.38, 3.07, 3.19, 2.82, 2.68, 2.63, 2.18, 1.81, 2.22, 3.45, 3.1, 3.29, 3.93, 3.69, 3.98, 3.7, 3.0, 1.96, 1.9, 2.26, 1.98, 1.81, 2.03, 1.6, 1.74, 2.82, 3.29, 3.62, 3.86, 3.38, 3.69, 3.77, 4.31], [1.09, 0, 1.55, 1.77, 1.24, 1.68, 1.72, 3.07, 3.45, 3.32, 3.62, 4.2, 4.53, 4.59, 4.35, 3.92, 4.1, 4.83, 4.6, 4.03, 3.56, 2.59, 2.07, 1.97, 2.7, 3.37, 4.64, 7.14, 8.23, 8.17, 8.254, 8.373, 8.329, 8.219, 8.225, 8.075, 7.797, 7.742, 8.293, 8.882, 8.292, 6.596, 5.151, 4.75, 4.24, 3.74, 3.95, 4.17, 4.55, 5.66, 5.66, 5.18, 4.804, 4.09, 3.74, 3.66, 3.31, 3.17, 3.24, 2.65, 1.82, 1.77, 3.02, 2.67, 2.78, 3.34, 3.12, 3.61, 3.67, 2.89, 2.41, 2.45, 2.43, 2.27, 2.0, 1.98, 1.95, 2.33, 3.43, 3.76, 4.09, 4.29, 4.03, 4.22, 4.38, 4.94], [2.06, 1.55, 0, 0.82, 1.51, 1.89, 2.47, 4.42, 4.82, 4.65, 4.87, 5.51, 5.78, 5.84, 5.54, 5.13, 5.21, 6.06, 5.79, 5.24, 4.89, 3.84, 3.1, 3.16, 4.05, 4.74, 6.15, 8.63, 9.68, 9.64, 9.718, 9.806, 9.756, 9.712, 9.738, 9.568, 9.278, 9.255, 9.737, 10.392, 9.799, 8.089, 6.643, 6.176, 5.579, 5.055, 5.16, 5.18, 5.886, 6.979, 6.962, 6.579, 6.212, 5.309, 4.73, 4.67, 4.44, 4.28, 4.519, 3.969, 2.71, 1.7, 1.85, 1.52, 1.51, 2.11, 2.05, 2.6, 3.14, 2.56, 2.44, 2.52, 2.26, 2.08, 1.91, 1.97, 2.28, 3.14, 4.56, 5.13, 5.38, 5.68, 5.0, 4.89, 5.29, 5.81], [2.36, 1.77, 0.82, 0, 1.43, 1.85, 2.61, 4.78, 5.16, 5.05, 5.37, 5.93, 6.28, 6.34, 6.1, 5.67, 5.79, 6.56, 6.33, 5.72, 5.31, 4.2, 3.36, 3.44, 4.37, 5.02, 6.29, 8.83, 9.88, 9.8, 9.87, 10.026, 10.002, 9.812, 9.764, 9.606, 9.316, 9.282, 9.874, 10.497, 9.922, 8.127, 6.666, 6.199, 5.622, 5.13, 5.34, 5.44, 6.172, 7.284, 7.287, 6.844, 6.477, 5.532, 5.01, 4.83, 4.66, 4.48, 4.847, 4.303, 3.19, 2.1, 1.61, 1.5, 1.53, 2.03, 1.95, 2.38, 2.98, 2.42, 2.44, 2.44, 2.24, 2.28, 2.01, 2.11, 2.22, 3.38, 4.76, 5.25, 5.4, 5.72, 5.04, 4.89, 5.25, 5.79], [1.45, 1.24, 1.51, 1.43, 0, 1.04, 1.46, 3.65, 4.11, 3.94, 4.32, 4.82, 5.19, 5.25, 5.03, 4.74, 5.0, 5.55, 5.36, 4.85, 4.24, 3.03, 2.21, 2.31, 3.2, 3.89, 5.08, 7.6, 8.63, 8.55, 8.6, 8.779, 8.832, 8.604, 8.597, 8.413, 8.134, 8.114, 8.687, 9.347, 8.754, 6.913, 5.468, 5.001, 4.452, 3.88, 4.21, 4.37, 4.97, 6.074, 6.08, 5.634, 5.267, 4.31, 3.9, 3.68, 3.51, 3.37, 3.66, 3.213, 2.46, 2.31, 2.6, 2.33, 2.5, 3.06, 2.78, 2.97, 2.81, 2.31, 1.93, 1.87, 1.71, 1.87, 1.34, 1.66, 1.79, 2.55, 3.71, 4.12, 4.31, 4.55, 4.05, 3.98, 4.24, 4.82], [1.31, 1.68, 1.89, 1.85, 1.04, 0, 1.0, 3.29, 3.91, 3.72, 4.06, 4.46, 4.83, 4.91, 4.73, 4.5, 4.84, 5.31, 5.1, 4.63, 3.94, 2.77, 2.11, 2.11, 2.94, 3.57, 4.94, 7.4, 8.47, 8.43, 8.505, 8.576, 8.529, 8.482, 8.474, 8.303, 8.034, 7.991, 8.504, 9.142, 8.532, 6.825, 5.379, 4.912, 4.289, 3.788, 3.99, 4.11, 4.682, 5.814, 5.797, 5.372, 5.004, 4.042, 3.58, 3.44, 3.35, 3.13, 3.357, 2.865, 2.7, 2.69, 2.8, 2.71, 2.9, 3.36, 3.0, 3.21, 2.87, 2.37, 1.71, 1.53, 1.41, 1.55, 1.3, 1.76, 1.59, 2.29, 3.39, 3.9, 4.13, 4.41, 3.81, 3.86, 4.08, 4.64], [1.25, 1.72, 2.47, 2.61, 1.46, 1.0, 0, 2.41, 3.25, 3.08, 3.36, 3.74, 4.03, 4.15, 3.99, 3.86, 4.24, 4.71, 4.58, 4.15, 3.36, 2.15, 1.49, 1.61, 2.2, 2.97, 4.18, 6.68, 7.73, 7.712, 7.802, 7.847, 7.869, 7.872, 7.905, 7.745, 7.464, 7.412, 7.932, 8.532, 7.959, 6.276, 4.83, 4.423, 3.9, 3.36, 3.45, 3.57, 3.89, 5.1, 5.06, 4.66, 4.224, 3.55, 3.2, 3.08, 2.73, 2.67, 2.62, 2.13, 2.4, 2.83, 3.56, 3.41, 3.6, 4.08, 3.8, 3.89, 3.43, 3.05, 1.97, 1.89, 2.05, 1.95, 1.92, 2.08, 1.85, 2.17, 2.97, 3.42, 3.71, 3.99, 3.69, 3.82, 4.06, 4.6], [2.44, 3.07, 4.42, 4.78, 3.65, 3.29, 2.41, 0, 1.18, 1.17, 1.55, 1.65, 1.94, 2.06, 2.06, 2.19, 2.33, 2.86, 2.67, 2.36, 1.69, 1.58, 1.92, 2.04, 1.61, 1.76, 2.43, 4.658, 5.698, 5.667, 5.771, 5.762, 5.721, 5.843, 5.898, 5.735, 5.445, 5.402, 5.892, 6.512, 5.912, 4.269, 3.01, 2.9, 2.57, 2.45, 2.46, 2.56, 2.58, 3.45, 3.57, 3.09, 2.56, 2.5, 2.85, 2.91, 2.4, 2.16, 1.37, 1.28, 2.43, 4.08, 5.83, 5.38, 5.61, 6.27, 6.03, 6.12, 5.48, 5.2, 3.9, 3.84, 4.06, 3.66, 3.73, 3.81, 3.3, 1.98, 2.0, 2.21, 2.52, 2.68, 2.8, 3.51, 3.63, 3.95], [2.86, 3.45, 4.82, 5.16, 4.11, 3.91, 3.25, 1.18, 0, 0.69, 1.07, 1.49, 1.72, 1.78, 1.76, 1.91, 1.73, 2.16, 2.09, 1.88, 1.69, 2.18, 2.62, 2.76, 2.19, 2.0, 2.39, 4.23, 5.278, 5.196, 5.311, 5.31, 5.261, 5.392, 5.442, 5.275, 4.985, 4.942, 5.432, 6.052, 5.458, 3.855, 2.73, 2.94, 2.79, 2.93, 2.94, 2.9, 2.82, 3.37, 3.49, 3.25, 2.82, 2.76, 3.43, 3.43, 3.0, 2.68, 1.85, 1.66, 2.61, 4.46, 6.19, 5.78, 5.97, 6.65, 6.41, 6.62, 6.16, 5.64, 4.38, 4.32, 4.82, 4.54, 4.39, 4.49, 3.86, 2.56, 2.04, 2.15, 2.44, 2.6, 2.82, 3.95, 3.99, 4.13], [2.77, 3.32, 4.65, 5.05, 3.94, 3.72, 3.08, 1.17, 0.69, 0, 1.14, 1.66, 1.89, 1.99, 2.03, 2.02, 1.9, 2.41, 2.24, 1.97, 1.66, 2.15, 2.45, 2.61, 2.02, 1.93, 2.46, 4.359, 5.409, 5.369, 5.459, 5.481, 5.5, 5.556, 5.586, 5.419, 5.129, 5.108, 5.598, 6.218, 5.605, 4.022, 2.82, 2.99, 2.82, 2.96, 2.97, 2.99, 2.97, 3.54, 3.68, 3.34, 2.91, 2.81, 3.46, 3.44, 3.01, 2.73, 1.8, 1.49, 2.5, 4.31, 6.04, 5.61, 5.8, 6.52, 6.26, 6.45, 6.03, 5.45, 4.25, 4.15, 4.63, 4.27, 4.22, 4.26, 3.73, 2.51, 2.17, 2.2, 2.51, 2.67, 2.87, 3.98, 4.0, 4.1], [3.07, 3.62, 4.87, 5.37, 4.32, 4.06, 3.36, 1.55, 1.07, 1.14, 0, 1.34, 1.57, 1.59, 1.51, 1.7, 1.56, 1.71, 1.82, 1.83, 1.64, 2.29, 2.89, 2.99, 2.38, 2.13, 2.5, 4.3, 5.346, 5.309, 5.419, 5.429, 5.411, 5.485, 5.522, 5.359, 5.082, 5.026, 5.529, 6.136, 5.536, 4.033, 3.18, 3.27, 3.1, 3.14, 3.17, 3.29, 3.21, 3.62, 3.78, 3.64, 3.19, 3.13, 3.62, 3.64, 3.27, 2.99, 2.2, 1.91, 2.54, 4.47, 6.34, 5.83, 5.92, 6.68, 6.54, 6.81, 6.23, 5.71, 4.67, 4.61, 4.93, 4.49, 4.44, 4.42, 4.13, 2.79, 2.17, 2.32, 2.59, 2.75, 3.15, 4.28, 4.3, 4.46], [3.61, 4.2, 5.51, 5.93, 4.82, 4.46, 3.74, 1.65, 1.49, 1.66, 1.34, 0, 0.81, 0.77, 1.13, 1.56, 1.68, 1.67, 1.82, 1.53, 1.24, 2.31, 2.97, 3.01, 2.36, 2.13, 2.44, 3.7, 4.63, 4.615, 4.685, 4.729, 4.691, 4.741, 4.751, 4.661, 4.391, 4.268, 4.804, 5.398, 4.765, 3.38, 2.9, 3.01, 2.88, 2.9, 2.99, 3.25, 3.17, 3.72, 3.9, 3.58, 3.05, 2.97, 3.4, 3.4, 3.09, 2.89, 2.24, 2.35, 3.3, 5.13, 6.88, 6.39, 6.52, 7.38, 7.12, 7.29, 6.65, 6.29, 5.15, 5.03, 5.15, 4.81, 4.8, 4.86, 4.47, 2.99, 2.21, 2.3, 2.55, 2.65, 3.05, 4.1, 4.2, 4.42], [3.96, 4.53, 5.78, 6.28, 5.19, 4.83, 4.03, 1.94, 1.72, 1.89, 1.57, 0.81, 0, 0.74, 1.18, 1.57, 1.61, 1.64, 1.65, 1.36, 1.55, 2.64, 3.32, 3.34, 2.63, 2.38, 2.37, 3.39, 4.3, 4.32, 4.335, 4.391, 4.404, 4.411, 4.443, 4.413, 4.123, 4.001, 4.474, 5.071, 4.478, 3.37, 3.05, 3.2, 3.03, 3.13, 3.14, 3.42, 3.42, 3.85, 4.01, 3.77, 3.28, 3.2, 3.63, 3.63, 3.34, 3.12, 2.41, 2.7, 3.61, 5.48, 7.27, 6.68, 6.85, 7.69, 7.47, 7.64, 6.98, 6.64, 5.5, 5.38, 5.52, 5.02, 5.17, 5.15, 4.86, 3.4, 2.46, 2.53, 2.78, 2.86, 3.26, 4.33, 4.39, 4.55], [4.02, 4.59, 5.84, 6.34, 5.25, 4.91, 4.15, 2.06, 1.78, 1.99, 1.59, 0.77, 0.74, 0, 0.86, 1.41, 1.45, 1.42, 1.55, 1.5, 1.69, 2.74, 3.42, 3.44, 2.83, 2.58, 2.55, 3.39, 4.24, 4.22, 4.252, 4.288, 4.241, 4.328, 4.381, 4.391, 4.081, 3.958, 4.388, 4.988, 4.455, 3.45, 3.21, 3.34, 3.21, 3.23, 3.38, 3.56, 3.46, 3.95, 4.13, 3.79, 3.3, 3.3, 3.75, 3.77, 3.48, 3.28, 2.57, 2.72, 3.69, 5.48, 7.33, 6.76, 6.97, 7.73, 7.53, 7.76, 7.12, 6.74, 5.58, 5.48, 5.56, 5.22, 5.25, 5.25, 4.9, 3.44, 2.52, 2.61, 2.82, 2.96, 3.36, 4.53, 4.53, 4.71], [3.78, 4.35, 5.54, 6.1, 5.03, 4.73, 3.99, 2.06, 1.76, 2.03, 1.51, 1.13, 1.18, 0.86, 0, 0.97, 1.15, 1.4, 1.43, 1.54, 1.57, 2.62, 3.3, 3.36, 2.81, 2.64, 2.83, 3.89, 4.8, 4.762, 4.832, 4.865, 4.78, 4.896, 5.009, 4.999, 4.669, 4.586, 4.996, 5.556, 5.063, 4.05, 3.57, 3.7, 3.55, 3.51, 3.6, 3.84, 3.68, 4.29, 4.49, 4.09, 3.64, 3.64, 3.95, 4.03, 3.66, 3.5, 2.83, 2.52, 3.33, 5.18, 7.05, 6.48, 6.63, 7.43, 7.27, 7.52, 6.9, 6.44, 5.3, 5.2, 5.5, 5.12, 5.05, 5.05, 4.6, 3.32, 2.9, 3.07, 3.36, 3.48, 3.78, 4.81, 4.87, 5.09], [3.45, 3.92, 5.13, 5.67, 4.74, 4.5, 3.86, 2.19, 1.91, 2.02, 1.7, 1.56, 1.57, 1.41, 0.97, 0, 0.86, 1.43, 1.5, 1.55, 1.82, 2.75, 3.41, 3.39, 3.0, 3.03, 3.14, 4.38, 5.323, 5.323, 5.393, 5.392, 5.29, 5.506, 5.599, 5.569, 5.279, 5.196, 5.566, 6.126, 5.593, 4.66, 4.16, 4.27, 4.1, 3.96, 4.05, 4.25, 4.11, 4.88, 5.02, 4.54, 4.13, 4.09, 4.34, 4.36, 3.97, 3.79, 3.06, 2.67, 2.98, 4.73, 6.62, 6.09, 6.16, 7.0, 6.82, 7.19, 6.65, 6.09, 5.05, 5.01, 5.39, 4.93, 4.88, 4.82, 4.55, 3.51, 3.47, 3.7, 3.99, 4.13, 4.39, 5.22, 5.32, 5.62], [3.63, 4.1, 5.21, 5.79, 5.0, 4.84, 4.24, 2.33, 1.73, 1.9, 1.56, 1.68, 1.61, 1.45, 1.15, 0.86, 0, 1.21, 1.3, 1.33, 1.8, 3.01, 3.75, 3.77, 3.2, 2.99, 3.02, 4.2, 5.234, 5.163, 5.291, 5.272, 5.204, 5.441, 5.553, 5.563, 5.233, 5.151, 5.521, 6.008, 5.52, 4.56, 4.14, 4.31, 4.2, 4.26, 4.29, 4.39, 4.23, 4.76, 4.96, 4.62, 4.21, 4.21, 4.74, 4.76, 4.37, 4.07, 3.22, 2.83, 3.04, 4.81, 6.72, 6.25, 6.26, 7.06, 6.98, 7.39, 6.97, 6.25, 5.35, 5.37, 5.75, 5.23, 5.24, 5.12, 4.89, 3.79, 3.41, 3.64, 3.93, 4.07, 4.37, 5.42, 5.46, 5.66], [4.28, 4.83, 6.06, 6.56, 5.55, 5.31, 4.71, 2.86, 2.16, 2.41, 1.71, 1.67, 1.64, 1.42, 1.4, 1.43, 1.21, 0, 0.91, 1.64, 2.19, 3.5, 4.24, 4.26, 3.67, 3.34, 2.79, 3.57, 4.42, 4.293, 4.45, 4.442, 4.341, 4.553, 4.706, 4.66, 4.366, 4.243, 4.613, 5.153, 4.73, 4.13, 4.17, 4.4, 4.33, 4.39, 4.46, 4.52, 4.4, 4.71, 4.89, 4.71, 4.26, 4.34, 4.85, 4.91, 4.58, 4.32, 3.59, 3.32, 3.73, 5.66, 7.47, 6.96, 7.09, 7.91, 7.71, 7.98, 7.48, 6.88, 5.9, 5.92, 6.22, 5.74, 5.73, 5.67, 5.48, 4.22, 3.48, 3.61, 3.78, 3.9, 4.46, 5.59, 5.63, 5.73], [4.01, 4.6, 5.79, 6.33, 5.36, 5.1, 4.58, 2.67, 2.09, 2.24, 1.82, 1.82, 1.65, 1.55, 1.43, 1.5, 1.3, 0.91, 0, 1.03, 1.72, 3.17, 3.93, 4.01, 3.38, 3.01, 2.36, 3.44, 4.486, 4.429, 4.539, 4.538, 4.368, 4.538, 4.588, 4.57, 4.26, 4.125, 4.555, 5.152, 4.66, 4.1, 4.22, 4.47, 4.4, 4.48, 4.57, 4.63, 4.63, 4.9, 5.04, 4.86, 4.49, 4.45, 4.98, 5.02, 4.61, 4.37, 3.54, 3.09, 3.66, 5.53, 7.26, 6.69, 6.84, 7.7, 7.48, 7.87, 7.31, 6.73, 5.65, 5.51, 5.97, 5.55, 5.5, 5.5, 4.99, 3.83, 3.55, 3.62, 3.81, 3.93, 4.49, 5.62, 5.66, 5.8], [3.6, 4.03, 5.24, 5.72, 4.85, 4.63, 4.15, 2.36, 1.88, 1.97, 1.83, 1.53, 1.36, 1.5, 1.54, 1.55, 1.33, 1.64, 1.03, 0, 1.19, 2.88, 3.38, 3.5, 2.79, 2.5, 2.35, 3.81, 4.92, 4.871, 4.961, 5.051, 4.947, 4.9, 4.901, 4.931, 4.607, 4.478, 4.96, 5.54, 4.927, 3.93, 3.77, 3.92, 3.81, 3.93, 4.06, 4.32, 4.32, 4.79, 4.97, 4.71, 4.18, 4.06, 4.55, 4.51, 4.08, 3.84, 3.09, 2.66, 3.29, 4.9, 6.67, 6.16, 6.19, 7.07, 6.89, 7.4, 6.98, 6.22, 5.26, 5.02, 5.5, 5.14, 5.03, 4.99, 4.42, 3.24, 3.12, 3.23, 3.42, 3.54, 4.0, 5.05, 5.11, 5.33], [3.05, 3.56, 4.89, 5.31, 4.24, 3.94, 3.36, 1.69, 1.69, 1.66, 1.64, 1.24, 1.55, 1.69, 1.57, 1.82, 1.8, 2.19, 1.72, 1.19, 0, 1.95, 2.53, 2.61, 1.9, 1.75, 2.14, 4.1, 5.23, 5.178, 5.268, 5.338, 5.237, 5.224, 5.265, 5.095, 4.817, 4.762, 5.307, 5.884, 5.259, 3.72, 3.22, 3.33, 3.2, 3.2, 3.35, 3.65, 3.65, 4.2, 4.34, 4.06, 3.51, 3.39, 3.74, 3.74, 3.35, 3.17, 2.46, 2.15, 2.9, 4.57, 6.24, 5.73, 5.88, 6.72, 6.48, 6.75, 6.21, 5.65, 4.57, 4.39, 4.65, 4.31, 4.24, 4.3, 3.77, 2.57, 2.71, 2.7, 2.97, 3.11, 3.47, 4.46, 4.5, 4.76], [2.1, 2.59, 3.84, 4.2, 3.03, 2.77, 2.15, 1.58, 2.18, 2.15, 2.29, 2.31, 2.64, 2.74, 2.62, 2.75, 3.01, 3.5, 3.17, 2.88, 1.95, 0, 1.22, 1.1, 1.11, 1.76, 2.77, 5.203, 6.28, 6.245, 6.315, 6.353, 6.318, 6.391, 6.423, 6.267, 5.983, 5.934, 6.454, 7.051, 6.438, 4.835, 3.41, 3.26, 2.99, 2.69, 2.66, 2.9, 2.92, 3.73, 3.89, 3.53, 3.2, 2.76, 2.89, 2.89, 2.54, 2.24, 1.85, 1.76, 2.13, 3.46, 5.17, 4.74, 4.93, 5.65, 5.39, 5.44, 4.72, 4.46, 3.28, 3.32, 3.38, 2.98, 2.99, 3.19, 2.72, 2.24, 2.26, 2.59, 2.74, 3.16, 3.18, 3.83, 3.93, 4.33], [1.54, 2.07, 3.1, 3.36, 2.21, 2.11, 1.49, 1.92, 2.62, 2.45, 2.89, 2.97, 3.32, 3.42, 3.3, 3.41, 3.75, 4.24, 3.93, 3.38, 2.53, 1.22, 0, 0.88, 1.33, 2.06, 3.13, 5.65, 6.68, 6.64, 6.69, 6.843, 6.893, 6.809, 6.781, 6.631, 6.341, 6.338, 6.846, 7.489, 6.879, 5.192, 3.75, 3.48, 3.05, 2.57, 2.66, 2.92, 3.16, 4.15, 4.33, 3.89, 3.56, 2.84, 2.73, 2.51, 2.24, 2.06, 1.93, 1.76, 2.35, 3.08, 4.47, 4.06, 4.23, 4.89, 4.61, 4.74, 4.28, 3.9, 2.62, 2.4, 2.64, 2.56, 2.43, 2.71, 2.16, 1.98, 2.38, 2.75, 2.84, 3.24, 2.96, 3.43, 3.55, 4.05], [1.66, 1.97, 3.16, 3.44, 2.31, 2.11, 1.61, 2.04, 2.76, 2.61, 2.99, 3.01, 3.34, 3.44, 3.36, 3.39, 3.77, 4.26, 4.01, 3.5, 2.61, 1.1, 0.88, 0, 1.05, 1.98, 3.05, 5.59, 6.62, 6.594, 6.684, 6.8, 6.833, 6.783, 6.778, 6.628, 6.338, 6.295, 6.823, 7.446, 6.839, 5.149, 3.79, 3.58, 3.17, 2.71, 2.78, 3.1, 3.18, 4.21, 4.35, 3.93, 3.54, 2.94, 2.97, 2.79, 2.38, 2.16, 1.97, 1.84, 2.35, 3.2, 4.49, 4.08, 4.27, 4.93, 4.69, 4.8, 4.32, 3.96, 2.82, 2.76, 2.66, 2.52, 2.49, 2.73, 2.28, 2.24, 2.64, 2.83, 3.0, 3.38, 3.32, 3.79, 3.89, 4.33], [2.25, 2.7, 4.05, 4.37, 3.2, 2.94, 2.2, 1.61, 2.19, 2.02, 2.38, 2.36, 2.63, 2.83, 2.81, 3.0, 3.2, 3.67, 3.38, 2.79, 1.9, 1.11, 1.33, 1.05, 0, 1.15, 2.24, 4.76, 5.79, 5.71, 5.814, 5.924, 5.92, 5.893, 5.896, 5.746, 5.456, 5.413, 5.953, 6.553, 5.949, 4.32, 2.98, 2.75, 2.42, 2.2, 2.31, 2.63, 2.65, 3.5, 3.56, 3.24, 2.73, 2.45, 2.74, 2.66, 2.23, 1.95, 1.58, 1.61, 2.52, 3.77, 5.38, 4.97, 5.14, 5.86, 5.58, 5.69, 5.17, 4.79, 3.55, 3.39, 3.55, 3.27, 3.36, 3.56, 2.85, 2.11, 2.21, 2.32, 2.43, 2.73, 2.95, 3.44, 3.52, 3.82], [2.82, 3.37, 4.74, 5.02, 3.89, 3.57, 2.97, 1.76, 2.0, 1.93, 2.13, 2.13, 2.38, 2.58, 2.64, 3.03, 2.99, 3.34, 3.01, 2.5, 1.75, 1.76, 2.06, 1.98, 1.15, 0, 1.79, 4.07, 5.26, 5.22, 5.198, 5.28, 5.19, 5.134, 5.141, 4.991, 4.707, 4.658, 5.258, 5.806, 5.21, 3.61, 2.41, 2.18, 1.95, 1.89, 2.08, 2.36, 2.38, 2.97, 3.03, 2.79, 2.44, 2.1, 2.45, 2.43, 2.18, 1.9, 1.53, 1.92, 2.97, 4.42, 6.03, 5.6, 5.81, 6.53, 6.27, 6.4, 5.8, 5.46, 4.26, 4.06, 4.3, 3.96, 3.93, 4.17, 3.52, 2.08, 1.78, 1.85, 1.94, 2.1, 2.58, 3.15, 3.07, 3.29], [4.21, 4.64, 6.15, 6.29, 5.08, 4.94, 4.18, 2.43, 2.39, 2.46, 2.5, 2.44, 2.37, 2.55, 2.83, 3.14, 3.02, 2.79, 2.36, 2.35, 2.14, 2.77, 3.13, 3.05, 2.24, 1.79, 0, 2.74, 3.85, 3.83, 3.84, 3.91, 3.94, 3.83, 3.863, 3.653, 3.363, 3.34, 3.948, 4.52, 3.92, 2.78, 2.68, 2.81, 2.76, 2.86, 3.01, 3.15, 3.15, 3.46, 3.58, 3.48, 3.09, 2.91, 3.62, 3.44, 3.09, 3.01, 2.5, 2.65, 4.16, 5.67, 7.36, 6.95, 7.16, 7.82, 7.62, 7.63, 7.23, 6.81, 5.59, 5.35, 5.63, 5.43, 5.34, 5.52, 4.87, 3.47, 2.85, 2.52, 2.49, 2.63, 3.33, 3.92, 3.92, 3.98], [6.73, 7.14, 8.63, 8.83, 7.6, 7.4, 6.68, 4.658, 4.23, 4.359, 4.3, 3.7, 3.39, 3.39, 3.89, 4.38, 4.2, 3.57, 3.44, 3.81, 4.1, 5.203, 5.65, 5.59, 4.76, 4.07, 2.74, 0, 1.41, 1.79, 1.96, 2.07, 2.06, 2.73, 2.78, 2.39, 2.1, 1.86, 1.95, 2.13, 1.9, 3.38, 3.64, 3.91, 4.06, 4.16, 4.29, 4.51, 4.53, 4.52, 4.58, 4.64, 4.17, 4.05, 4.98, 4.66, 4.65, 4.67, 4.36, 4.95, 6.639, 8.15, 9.84, 9.53, 9.74, 10.38, 10.12, 10.11, 9.726, 9.37, 8.09, 7.85, 8.17, 7.95, 7.86, 8.1, 7.43, 5.77, 4.65, 4.1, 4.03, 4.01, 4.73, 5.42, 5.08, 5.0], [7.82, 8.23, 9.68, 9.88, 8.63, 8.47, 7.73, 5.698, 5.278, 5.409, 5.346, 4.63, 4.3, 4.24, 4.8, 5.323, 5.234, 4.42, 4.486, 4.92, 5.23, 6.28, 6.68, 6.62, 5.79, 5.26, 3.85, 1.41, 0, 1.02, 1.59, 1.78, 1.93, 2.72, 2.79, 2.44, 2.27, 2.11, 2.08, 1.96, 2.51, 3.87, 4.19, 4.46, 4.71, 5.09, 5.08, 5.34, 5.26, 5.07, 5.15, 5.25, 4.9, 4.92, 5.83, 5.47, 5.54, 5.72, 5.45, 5.98, 7.686, 9.26, 10.95, 10.64, 10.85, 11.47, 11.21, 11.22, 10.819, 10.48, 9.156, 8.88, 9.22, 9.02, 8.99, 9.21, 8.54, 6.9, 5.48, 4.87, 4.76, 4.7, 5.34, 6.09, 5.67, 5.29], [7.768, 8.17, 9.64, 9.8, 8.55, 8.43, 7.712, 5.667, 5.196, 5.369, 5.309, 4.615, 4.32, 4.22, 4.762, 5.323, 5.163, 4.293, 4.429, 4.871, 5.178, 6.245, 6.64, 6.594, 5.71, 5.22, 3.83, 1.79, 1.02, 0, 1.31, 1.72, 1.87, 2.56, 2.55, 2.38, 2.35, 2.31, 2.16, 2.06, 2.53, 3.75, 4.03, 4.34, 4.65, 5.07, 5.16, 5.2, 5.0, 5.05, 5.07, 5.27, 4.78, 5.0, 5.93, 5.65, 5.74, 5.62, 5.33, 5.92, 7.626, 9.24, 10.901, 10.574, 10.784, 11.43, 11.13, 11.168, 10.762, 10.431, 9.099, 8.8, 9.14, 8.962, 8.938, 9.161, 8.48, 6.9, 5.36, 4.69, 4.52, 4.44, 5.3, 5.89, 5.81, 5.19], [7.858, 8.254, 9.718, 9.87, 8.6, 8.505, 7.802, 5.771, 5.311, 5.459, 5.419, 4.685, 4.335, 4.252, 4.832, 5.393, 5.291, 4.45, 4.539, 4.961, 5.268, 6.315, 6.69, 6.684, 5.814, 5.198, 3.84, 1.96, 1.59, 1.31, 0, 0.87, 1.16, 1.57, 1.84, 1.83, 1.68, 1.82, 1.45, 1.87, 2.0, 2.82, 3.58, 3.87, 4.32, 4.8, 4.83, 4.91, 4.61, 4.28, 4.22, 4.44, 4.19, 4.71, 5.42, 5.22, 5.51, 5.57, 5.459, 6.046, 7.756, 9.31, 10.991, 10.664, 10.874, 11.511, 11.217, 11.258, 10.852, 10.521, 9.189, 8.887, 9.227, 9.052, 9.028, 9.251, 8.564, 6.938, 5.441, 4.737, 4.53, 4.31, 5.17, 5.76, 5.14, 4.52], [7.922, 8.373, 9.806, 10.026, 8.779, 8.576, 7.847, 5.762, 5.31, 5.481, 5.429, 4.729, 4.391, 4.288, 4.865, 5.392, 5.272, 4.442, 4.538, 5.051, 5.338, 6.353, 6.843, 6.8, 5.924, 5.28, 3.91, 2.07, 1.78, 1.72, 0.87, 0, 0.95, 1.44, 1.77, 1.8, 1.65, 1.75, 1.44, 1.76, 1.75, 2.87, 3.73, 4.08, 4.49, 4.97, 5.0, 5.0, 4.7, 4.11, 4.07, 4.31, 4.12, 4.7, 5.35, 5.27, 5.577, 5.68, 5.481, 6.06, 7.752, 9.397, 11.087, 10.777, 10.99, 11.613, 11.353, 11.337, 10.879, 10.614, 9.214, 9.026, 9.363, 9.091, 9.098, 9.341, 8.674, 7.014, 5.537, 4.873, 4.686, 4.5, 5.34, 5.964, 5.37, 4.69], [7.784, 8.329, 9.756, 10.002, 8.832, 8.529, 7.869, 5.721, 5.261, 5.5, 5.411, 4.691, 4.404, 4.241, 4.78, 5.29, 5.204, 4.341, 4.368, 4.947, 5.237, 6.318, 6.893, 6.833, 5.92, 5.19, 3.94, 2.06, 1.93, 1.87, 1.16, 0.95, 0, 1.35, 1.7, 1.63, 1.46, 1.72, 1.39, 1.75, 1.82, 2.88, 3.74, 4.19, 4.58, 5.0, 4.89, 4.79, 4.39, 3.7, 3.76, 3.94, 3.99, 4.63, 5.3, 5.32, 5.59, 5.73, 5.48, 6.11, 7.7, 9.41, 10.989, 10.69, 10.903, 11.563, 11.286, 11.339, 10.781, 10.57, 9.153, 8.979, 9.313, 9.007, 8.997, 9.297, 8.57, 6.91, 5.43, 4.803, 4.662, 4.49, 5.25, 6.037, 5.44, 4.76], [7.828, 8.219, 9.712, 9.812, 8.604, 8.482, 7.872, 5.843, 5.392, 5.556, 5.485, 4.741, 4.411, 4.328, 4.896, 5.506, 5.441, 4.553, 4.538, 4.9, 5.224, 6.391, 6.809, 6.783, 5.893, 5.134, 3.83, 2.73, 2.72, 2.56, 1.57, 1.44, 1.35, 0, 1.01, 1.5, 1.25, 1.63, 1.66, 2.16, 2.01, 2.49, 3.393, 3.903, 4.29, 4.83, 4.84, 4.94, 4.48, 3.45, 3.39, 3.77, 4.0, 4.72, 5.321, 5.224, 5.543, 5.66, 5.538, 6.136, 7.819, 9.36, 10.91, 10.583, 10.793, 11.459, 11.159, 11.291, 10.867, 10.5, 9.219, 8.872, 9.229, 9.045, 8.984, 9.23, 8.503, 6.857, 5.36, 4.659, 4.472, 4.272, 5.1, 5.793, 5.199, 4.482], [7.841, 8.225, 9.738, 9.764, 8.597, 8.474, 7.905, 5.898, 5.442, 5.586, 5.522, 4.751, 4.443, 4.381, 5.009, 5.599, 5.553, 4.706, 4.588, 4.901, 5.265, 6.423, 6.781, 6.778, 5.896, 5.141, 3.863, 2.78, 2.79, 2.55, 1.84, 1.77, 1.7, 1.01, 0, 0.95, 1.14, 1.7, 2.03, 2.65, 2.26, 2.56, 3.34, 3.77, 4.22, 4.84, 4.846, 4.952, 4.463, 3.42, 3.48, 3.8, 4.03, 4.749, 5.359, 5.256, 5.558, 5.686, 5.591, 6.168, 7.875, 9.381, 10.903, 10.593, 10.803, 11.463, 11.168, 11.306, 10.892, 10.513, 9.252, 8.898, 9.235, 9.078, 9.005, 9.243, 8.518, 6.85, 5.313, 4.643, 4.404, 4.204, 5.016, 5.637, 4.926, 4.3], [7.691, 8.075, 9.568, 9.606, 8.413, 8.303, 7.745, 5.735, 5.275, 5.419, 5.359, 4.661, 4.413, 4.391, 4.999, 5.569, 5.563, 4.66, 4.57, 4.931, 5.095, 6.267, 6.631, 6.628, 5.746, 4.991, 3.653, 2.39, 2.44, 2.38, 1.83, 1.8, 1.63, 1.5, 0.95, 0, 0.69, 1.39, 1.8, 2.4, 2.03, 2.57, 3.25, 3.68, 4.17, 4.653, 4.696, 4.782, 4.46, 3.49, 3.65, 3.85, 3.96, 4.579, 5.229, 5.106, 5.388, 5.516, 5.421, 5.999, 7.706, 9.211, 10.733, 10.443, 10.653, 11.313, 11.018, 11.156, 10.742, 10.363, 9.096, 8.728, 9.085, 8.922, 8.855, 9.093, 8.368, 6.7, 5.183, 4.573, 4.32, 4.16, 4.96, 5.479, 4.679, 4.27], [7.401, 7.797, 9.278, 9.316, 8.134, 8.034, 7.464, 5.445, 4.985, 5.129, 5.082, 4.391, 4.123, 4.081, 4.669, 5.279, 5.233, 4.366, 4.26, 4.607, 4.817, 5.983, 6.341, 6.338, 5.456, 4.707, 3.363, 2.1, 2.27, 2.35, 1.68, 1.65, 1.46, 1.25, 1.14, 0.69, 0, 1.0, 1.53, 2.29, 1.96, 2.38, 3.08, 3.45, 3.84, 4.374, 4.468, 4.552, 4.23, 3.38, 3.36, 3.58, 3.73, 4.309, 4.914, 4.797, 5.118, 5.226, 5.131, 5.708, 7.415, 8.947, 10.463, 10.153, 10.363, 11.023, 10.737, 10.884, 10.452, 10.073, 8.806, 8.438, 8.795, 8.637, 8.577, 8.803, 8.087, 6.43, 4.913, 4.283, 4.176, 3.97, 4.696, 5.34, 4.569, 4.08], [7.358, 7.742, 9.255, 9.282, 8.114, 7.991, 7.412, 5.402, 4.942, 5.108, 5.026, 4.268, 4.001, 3.958, 4.586, 5.196, 5.151, 4.243, 4.125, 4.478, 4.762, 5.934, 6.338, 6.295, 5.413, 4.658, 3.34, 1.86, 2.11, 2.31, 1.82, 1.75, 1.72, 1.63, 1.7, 1.39, 1.0, 0, 1.13, 1.77, 1.5, 2.28, 3.04, 3.47, 3.74, 4.34, 4.57, 4.71, 4.59, 3.92, 3.88, 3.94, 4.03, 4.33, 4.94, 4.793, 5.055, 5.203, 5.108, 5.666, 7.372, 8.878, 10.4, 10.11, 10.32, 10.98, 10.705, 10.823, 10.406, 10.03, 8.763, 8.422, 8.772, 8.589, 8.522, 8.76, 8.035, 6.367, 4.85, 4.28, 4.17, 4.01, 4.71, 5.38, 4.74, 4.36], [7.857, 8.293, 9.737, 9.874, 8.687, 8.504, 7.932, 5.892, 5.432, 5.598, 5.529, 4.804, 4.474, 4.388, 4.996, 5.566, 5.521, 4.613, 4.555, 4.96, 5.307, 6.454, 6.846, 6.823, 5.953, 5.258, 3.948, 1.95, 2.08, 2.16, 1.45, 1.44, 1.39, 1.66, 2.03, 1.8, 1.53, 1.13, 0, 1.24, 1.31, 2.47, 3.67, 4.06, 4.41, 4.97, 5.28, 5.34, 5.08, 4.41, 4.33, 4.55, 4.52, 4.92, 5.51, 5.35, 5.62, 5.7, 5.61, 6.156, 7.863, 9.44, 10.99, 10.683, 10.893, 11.55, 11.236, 11.357, 10.911, 10.6, 9.259, 8.906, 9.266, 9.091, 9.067, 9.33, 8.583, 6.937, 5.44, 4.736, 4.534, 4.317, 5.186, 5.891, 5.51, 4.85], [8.468, 8.882, 10.392, 10.497, 9.347, 9.142, 8.532, 6.512, 6.052, 6.218, 6.136, 5.398, 5.071, 4.988, 5.556, 6.126, 6.008, 5.153, 5.152, 5.54, 5.884, 7.051, 7.489, 7.446, 6.553, 5.806, 4.52, 2.13, 1.96, 2.06, 1.87, 1.76, 1.75, 2.16, 2.65, 2.4, 2.29, 1.77, 1.24, 0, 1.13, 2.99, 4.23, 4.7, 5.05, 5.55, 5.72, 5.88, 5.78, 5.05, 5.01, 5.23, 5.26, 5.52, 6.17, 5.95, 6.24, 6.34, 6.198, 6.816, 8.465, 10.02, 11.55, 11.246, 11.456, 12.119, 11.842, 11.966, 11.519, 11.16, 9.879, 9.572, 9.909, 9.705, 9.644, 9.89, 9.163, 7.497, 6.0, 5.319, 5.157, 4.997, 5.743, 6.597, 6.228, 5.57], [7.875, 8.292, 9.799, 9.922, 8.754, 8.532, 7.959, 5.912, 5.458, 5.605, 5.536, 4.765, 4.478, 4.455, 5.063, 5.593, 5.52, 4.73, 4.66, 4.927, 5.259, 6.438, 6.879, 6.839, 5.949, 5.21, 3.92, 1.9, 2.51, 2.53, 2.0, 1.75, 1.82, 2.01, 2.26, 2.03, 1.96, 1.5, 1.31, 1.13, 0, 2.3, 3.58, 4.03, 4.4, 4.94, 5.11, 5.33, 5.17, 4.48, 4.44, 4.64, 4.67, 4.89, 5.52, 5.38, 5.63, 5.75, 5.593, 6.19, 7.878, 9.415, 10.952, 10.633, 10.843, 11.509, 11.249, 11.362, 10.906, 10.547, 9.266, 8.982, 9.299, 9.092, 9.019, 9.277, 8.55, 6.879, 5.347, 4.709, 4.542, 4.324, 5.09, 5.98, 5.56, 4.96], [6.212, 6.596, 8.089, 8.127, 6.913, 6.825, 6.276, 4.269, 3.855, 4.022, 4.033, 3.38, 3.37, 3.45, 4.05, 4.66, 4.56, 4.13, 4.1, 3.93, 3.72, 4.835, 5.192, 5.149, 4.32, 3.61, 2.78, 3.38, 3.87, 3.75, 2.82, 2.87, 2.88, 2.49, 2.56, 2.57, 2.38, 2.28, 2.47, 2.99, 2.3, 0, 1.72, 2.11, 2.64, 3.28, 3.61, 3.77, 3.59, 2.92, 2.98, 3.06, 3.11, 3.35, 3.9, 3.72, 3.95, 4.09, 4.02, 4.548, 6.255, 7.77, 9.28, 8.949, 9.159, 9.816, 9.539, 9.678, 9.263, 8.861, 7.623, 7.249, 7.606, 7.449, 7.376, 7.591, 6.889, 5.215, 3.71, 3.022, 2.75, 2.453, 3.367, 4.04, 3.6, 3.06], [4.766, 5.151, 6.643, 6.666, 5.468, 5.379, 4.83, 3.01, 2.73, 2.82, 3.18, 2.9, 3.05, 3.21, 3.57, 4.16, 4.14, 4.17, 4.22, 3.77, 3.22, 3.41, 3.75, 3.79, 2.98, 2.41, 2.68, 3.64, 4.19, 4.03, 3.58, 3.73, 3.74, 3.393, 3.34, 3.25, 3.08, 3.04, 3.67, 4.23, 3.58, 1.72, 0, 0.75, 1.4, 1.92, 2.13, 2.43, 2.33, 2.14, 2.22, 2.0, 1.91, 2.03, 2.7, 2.48, 2.65, 2.77, 2.52, 3.11, 4.798, 6.31, 7.8, 7.503, 7.713, 8.371, 8.093, 8.232, 7.818, 7.415, 6.178, 5.803, 6.161, 6.003, 5.931, 6.145, 5.443, 3.79, 2.33, 1.82, 1.73, 1.61, 2.05, 2.72, 2.34, 2.02], [4.339, 4.75, 6.176, 6.199, 5.001, 4.912, 4.423, 2.9, 2.94, 2.99, 3.27, 3.01, 3.2, 3.34, 3.7, 4.27, 4.31, 4.4, 4.47, 3.92, 3.33, 3.26, 3.48, 3.58, 2.75, 2.18, 2.81, 3.91, 4.46, 4.34, 3.87, 4.08, 4.19, 3.903, 3.77, 3.68, 3.45, 3.47, 4.06, 4.7, 4.03, 2.11, 0.75, 0, 0.79, 1.43, 1.68, 1.98, 1.86, 2.15, 2.11, 1.85, 1.6, 1.54, 2.21, 1.97, 2.08, 2.2, 2.07, 2.76, 4.35, 5.833, 7.35, 7.036, 7.246, 7.903, 7.626, 7.765, 7.351, 6.948, 5.711, 5.336, 5.693, 5.536, 5.463, 5.678, 4.976, 3.34, 2.0, 1.55, 1.54, 1.36, 1.78, 2.15, 1.95, 1.77], [3.79, 4.24, 5.579, 5.622, 4.452, 4.289, 3.9, 2.57, 2.79, 2.82, 3.1, 2.88, 3.03, 3.21, 3.55, 4.1, 4.2, 4.33, 4.4, 3.81, 3.2, 2.99, 3.05, 3.17, 2.42, 1.95, 2.76, 4.06, 4.71, 4.65, 4.32, 4.49, 4.58, 4.29, 4.22, 4.17, 3.84, 3.74, 4.41, 5.05, 4.4, 2.64, 1.4, 0.79, 0, 1.0, 1.29, 1.59, 1.75, 2.2, 2.08, 1.78, 1.65, 1.23, 1.8, 1.6, 1.59, 1.65, 1.64, 2.35, 3.72, 5.23, 6.74, 6.45, 6.66, 7.32, 7.04, 7.181, 6.766, 6.367, 5.066, 4.733, 5.076, 4.892, 4.819, 5.057, 4.35, 2.73, 1.51, 1.36, 1.43, 1.43, 1.45, 2.0, 1.86, 1.74], [3.31, 3.74, 5.055, 5.13, 3.88, 3.788, 3.36, 2.45, 2.93, 2.96, 3.14, 2.9, 3.13, 3.23, 3.51, 3.96, 4.26, 4.39, 4.48, 3.93, 3.2, 2.69, 2.57, 2.71, 2.2, 1.89, 2.86, 4.16, 5.09, 5.07, 4.8, 4.97, 5.0, 4.83, 4.84, 4.653, 4.374, 4.34, 4.97, 5.55, 4.94, 3.28, 1.92, 1.43, 1.0, 0, 0.93, 1.43, 1.67, 2.36, 2.38, 1.98, 1.65, 1.01, 1.3, 1.12, 1.21, 1.21, 1.44, 2.33, 3.46, 4.67, 6.26, 5.91, 6.12, 6.76, 6.5, 6.59, 6.19, 5.77, 4.55, 4.21, 4.533, 4.372, 4.291, 4.457, 3.83, 2.37, 1.65, 1.64, 1.69, 1.87, 1.87, 2.04, 1.72, 1.92], [3.36, 3.95, 5.16, 5.34, 4.21, 3.99, 3.45, 2.46, 2.94, 2.97, 3.17, 2.99, 3.14, 3.38, 3.6, 4.05, 4.29, 4.46, 4.57, 4.06, 3.35, 2.66, 2.66, 2.78, 2.31, 2.08, 3.01, 4.29, 5.08, 5.16, 4.83, 5.0, 4.89, 4.84, 4.846, 4.696, 4.468, 4.57, 5.28, 5.72, 5.11, 3.61, 2.13, 1.68, 1.29, 0.93, 0, 0.84, 1.34, 2.17, 2.21, 1.77, 1.48, 0.98, 1.13, 1.13, 1.18, 1.2, 1.49, 2.48, 3.33, 4.64, 6.33, 5.98, 6.21, 6.85, 6.63, 6.62, 6.16, 5.8, 4.56, 4.38, 4.66, 4.397, 4.287, 4.49, 3.863, 2.24, 1.76, 1.91, 1.96, 2.22, 1.9, 2.09, 1.65, 1.89], [3.44, 4.17, 5.18, 5.44, 4.37, 4.11, 3.57, 2.56, 2.9, 2.99, 3.29, 3.25, 3.42, 3.56, 3.84, 4.25, 4.39, 4.52, 4.63, 4.32, 3.65, 2.9, 2.92, 3.1, 2.63, 2.36, 3.15, 4.51, 5.34, 5.2, 4.91, 5.0, 4.79, 4.94, 4.952, 4.782, 4.552, 4.71, 5.34, 5.88, 5.33, 3.77, 2.43, 1.98, 1.59, 1.43, 0.84, 0, 1.02, 1.93, 2.05, 1.59, 1.34, 0.96, 1.29, 1.43, 1.36, 1.32, 1.59, 2.42, 3.35, 4.74, 6.41, 6.08, 6.31, 6.95, 6.71, 6.7, 6.08, 5.92, 4.489, 4.409, 4.686, 4.337, 4.327, 4.61, 3.943, 2.32, 1.92, 1.99, 2.06, 2.28, 1.96, 1.87, 1.65, 1.81], [3.88, 4.55, 5.886, 6.172, 4.97, 4.682, 3.89, 2.58, 2.82, 2.97, 3.21, 3.17, 3.42, 3.46, 3.68, 4.11, 4.23, 4.4, 4.63, 4.32, 3.65, 2.92, 3.16, 3.18, 2.65, 2.38, 3.15, 4.53, 5.26, 5.0, 4.61, 4.7, 4.39, 4.48, 4.463, 4.46, 4.23, 4.59, 5.08, 5.78, 5.17, 3.59, 2.33, 1.86, 1.75, 1.67, 1.34, 1.02, 0, 1.47, 1.47, 1.21, 1.0, 1.1, 1.77, 1.85, 1.92, 1.86, 1.63, 2.44, 3.67, 5.4, 7.13, 6.8, 7.03, 7.656, 7.43, 7.38, 6.8, 6.62, 5.209, 5.129, 5.406, 5.057, 5.062, 5.31, 4.672, 3.006, 2.14, 1.97, 2.0, 2.28, 2.46, 2.45, 2.19, 2.23], [5.01, 5.66, 6.979, 7.284, 6.074, 5.814, 5.1, 3.45, 3.37, 3.54, 3.62, 3.72, 3.85, 3.95, 4.29, 4.88, 4.76, 4.71, 4.9, 4.79, 4.2, 3.73, 4.15, 4.21, 3.5, 2.97, 3.46, 4.52, 5.07, 5.05, 4.28, 4.11, 3.7, 3.45, 3.42, 3.49, 3.38, 3.92, 4.41, 5.05, 4.48, 2.92, 2.14, 2.15, 2.2, 2.36, 2.17, 1.93, 1.47, 0, 0.74, 0.88, 1.47, 1.97, 2.36, 2.56, 2.79, 2.91, 2.7, 3.47, 4.68, 6.55, 8.26, 7.862, 8.069, 8.752, 8.529, 8.544, 7.842, 7.673, 6.302, 6.242, 6.499, 6.096, 6.094, 6.366, 5.744, 4.102, 2.73, 2.36, 2.45, 2.57, 2.63, 3.42, 2.826, 2.4], [4.99, 5.66, 6.962, 7.287, 6.08, 5.797, 5.06, 3.57, 3.49, 3.68, 3.78, 3.9, 4.01, 4.13, 4.49, 5.02, 4.96, 4.89, 5.04, 4.97, 4.34, 3.89, 4.33, 4.35, 3.56, 3.03, 3.58, 4.58, 5.15, 5.07, 4.22, 4.07, 3.76, 3.39, 3.48, 3.65, 3.36, 3.88, 4.33, 5.01, 4.44, 2.98, 2.22, 2.11, 2.08, 2.38, 2.21, 2.05, 1.47, 0.74, 0, 0.9, 1.45, 1.95, 2.42, 2.66, 2.83, 2.91, 2.64, 3.45, 4.7, 6.53, 8.254, 7.844, 8.052, 8.737, 8.492, 8.51, 7.844, 7.636, 6.287, 6.227, 6.487, 6.093, 6.12, 6.346, 5.747, 4.084, 2.71, 2.36, 2.51, 2.47, 2.73, 3.52, 2.869, 2.38], [4.542, 5.18, 6.579, 6.844, 5.634, 5.372, 4.66, 3.09, 3.25, 3.34, 3.64, 3.58, 3.77, 3.79, 4.09, 4.54, 4.62, 4.71, 4.86, 4.71, 4.06, 3.53, 3.89, 3.93, 3.24, 2.79, 3.48, 4.64, 5.25, 5.27, 4.44, 4.31, 3.94, 3.77, 3.8, 3.85, 3.58, 3.94, 4.55, 5.23, 4.64, 3.06, 2.0, 1.85, 1.78, 1.98, 1.77, 1.59, 1.21, 0.88, 0.9, 0, 1.09, 1.49, 1.96, 2.14, 2.37, 2.51, 2.28, 3.09, 4.36, 6.13, 7.84, 7.439, 7.686, 8.349, 8.109, 8.082, 7.433, 7.253, 5.882, 5.822, 6.099, 5.696, 5.683, 5.966, 5.339, 3.699, 2.63, 2.38, 2.55, 2.59, 2.57, 3.14, 2.4, 2.2], [4.194, 4.804, 6.212, 6.477, 5.267, 5.004, 4.224, 2.56, 2.82, 2.91, 3.19, 3.05, 3.28, 3.3, 3.64, 4.13, 4.21, 4.26, 4.49, 4.18, 3.51, 3.2, 3.56, 3.54, 2.73, 2.44, 3.09, 4.17, 4.9, 4.78, 4.19, 4.12, 3.99, 4.0, 4.03, 3.96, 3.73, 4.03, 4.52, 5.26, 4.67, 3.11, 1.91, 1.6, 1.65, 1.65, 1.48, 1.34, 1.0, 1.47, 1.45, 1.09, 0, 1.26, 1.83, 1.91, 2.1, 2.12, 1.93, 2.72, 4.07, 5.78, 7.484, 7.072, 7.319, 7.982, 7.742, 7.714, 7.086, 6.886, 5.514, 5.454, 5.732, 5.329, 5.316, 5.599, 4.972, 3.332, 2.42, 2.21, 2.3, 2.46, 2.6, 2.71, 2.21, 2.07], [3.38, 4.09, 5.309, 5.532, 4.31, 4.042, 3.55, 2.5, 2.76, 2.81, 3.13, 2.97, 3.2, 3.3, 3.64, 4.09, 4.21, 4.34, 4.45, 4.06, 3.39, 2.76, 2.84, 2.94, 2.45, 2.1, 2.91, 4.05, 4.92, 5.0, 4.71, 4.7, 4.63, 4.72, 4.749, 4.579, 4.309, 4.33, 4.92, 5.52, 4.89, 3.35, 2.03, 1.54, 1.23, 1.01, 0.98, 0.96, 1.1, 1.97, 1.95, 1.49, 1.26, 0, 1.23, 1.27, 1.36, 1.3, 1.29, 2.28, 3.45, 4.84, 6.51, 6.183, 6.396, 7.039, 6.819, 6.772, 6.223, 6.003, 4.626, 4.492, 4.789, 4.46, 4.43, 4.693, 4.046, 2.46, 1.76, 1.73, 1.82, 1.98, 1.88, 1.95, 1.51, 1.79], [3.07, 3.74, 4.73, 5.01, 3.9, 3.58, 3.2, 2.85, 3.43, 3.46, 3.62, 3.4, 3.63, 3.75, 3.95, 4.34, 4.74, 4.85, 4.98, 4.55, 3.74, 2.89, 2.73, 2.97, 2.74, 2.45, 3.62, 4.98, 5.83, 5.93, 5.42, 5.35, 5.3, 5.321, 5.359, 5.229, 4.914, 4.94, 5.51, 6.17, 5.52, 3.9, 2.7, 2.21, 1.8, 1.3, 1.13, 1.29, 1.77, 2.36, 2.42, 1.96, 1.83, 1.23, 0, 0.72, 0.99, 1.27, 1.82, 2.97, 3.66, 4.23, 5.92, 5.53, 5.76, 6.44, 6.2, 6.19, 5.59, 5.33, 4.05, 3.95, 4.21, 3.83, 3.78, 4.04, 3.43, 2.19, 2.17, 2.44, 2.57, 2.73, 2.15, 1.94, 1.54, 1.9], [3.19, 3.66, 4.67, 4.83, 3.68, 3.44, 3.08, 2.91, 3.43, 3.44, 3.64, 3.4, 3.63, 3.77, 4.03, 4.36, 4.76, 4.91, 5.02, 4.51, 3.74, 2.89, 2.51, 2.79, 2.66, 2.43, 3.44, 4.66, 5.47, 5.65, 5.22, 5.27, 5.32, 5.224, 5.256, 5.106, 4.797, 4.793, 5.35, 5.95, 5.38, 3.72, 2.48, 1.97, 1.6, 1.12, 1.13, 1.43, 1.85, 2.56, 2.66, 2.14, 1.91, 1.27, 0.72, 0, 0.85, 0.99, 1.86, 2.89, 3.9, 4.25, 5.84, 5.53, 5.74, 6.38, 6.12, 6.11, 5.73, 5.37, 4.09, 3.85, 4.17, 3.944, 3.851, 4.094, 3.424, 2.21, 2.19, 2.3, 2.31, 2.59, 2.19, 1.76, 1.52, 2.0], [2.82, 3.31, 4.44, 4.66, 3.51, 3.35, 2.73, 2.4, 3.0, 3.01, 3.27, 3.09, 3.34, 3.48, 3.66, 3.97, 4.37, 4.58, 4.61, 4.08, 3.35, 2.54, 2.24, 2.38, 2.23, 2.18, 3.09, 4.65, 5.54, 5.74, 5.51, 5.577, 5.59, 5.543, 5.558, 5.388, 5.118, 5.055, 5.62, 6.24, 5.63, 3.95, 2.65, 2.08, 1.59, 1.21, 1.18, 1.36, 1.92, 2.79, 2.83, 2.37, 2.1, 1.36, 0.99, 0.85, 0, 0.84, 1.35, 2.38, 3.35, 3.9, 5.61, 5.26, 5.453, 6.116, 5.87, 5.88, 5.48, 5.114, 3.837, 3.6, 3.866, 3.659, 3.627, 3.824, 3.16, 1.76, 2.04, 2.03, 2.18, 2.46, 2.18, 1.85, 1.85, 2.33], [2.68, 3.17, 4.28, 4.48, 3.37, 3.13, 2.67, 2.16, 2.68, 2.73, 2.99, 2.89, 3.12, 3.28, 3.5, 3.79, 4.07, 4.32, 4.37, 3.84, 3.17, 2.24, 2.06, 2.16, 1.95, 1.9, 3.01, 4.67, 5.72, 5.62, 5.57, 5.68, 5.73, 5.66, 5.686, 5.516, 5.226, 5.203, 5.7, 6.34, 5.75, 4.09, 2.77, 2.2, 1.65, 1.21, 1.2, 1.32, 1.86, 2.91, 2.91, 2.51, 2.12, 1.3, 1.27, 0.99, 0.84, 0, 1.17, 2.06, 3.09, 3.82, 5.49, 5.16, 5.353, 6.004, 5.73, 5.82, 5.38, 5.02, 3.72, 3.44, 3.717, 3.508, 3.57, 3.707, 3.054, 1.62, 1.82, 1.93, 2.0, 2.36, 2.18, 1.85, 1.91, 2.41], [2.63, 3.24, 4.519, 4.847, 3.66, 3.357, 2.62, 1.37, 1.85, 1.8, 2.2, 2.24, 2.41, 2.57, 2.83, 3.06, 3.22, 3.59, 3.54, 3.09, 2.46, 1.85, 1.93, 1.97, 1.58, 1.53, 2.5, 4.36, 5.45, 5.33, 5.459, 5.481, 5.48, 5.538, 5.591, 5.421, 5.131, 5.108, 5.61, 6.198, 5.593, 4.02, 2.52, 2.07, 1.64, 1.44, 1.49, 1.59, 1.63, 2.7, 2.64, 2.28, 1.93, 1.29, 1.82, 1.86, 1.35, 1.17, 0, 1.35, 2.48, 4.03, 5.8, 5.442, 5.626, 6.294, 6.069, 6.11, 5.53, 5.253, 3.87, 3.787, 4.047, 3.71, 3.76, 3.96, 3.364, 1.87, 1.47, 1.7, 1.91, 2.21, 2.09, 2.52, 2.56, 2.86], [2.18, 2.65, 3.969, 4.303, 3.213, 2.865, 2.13, 1.28, 1.66, 1.49, 1.91, 2.35, 2.7, 2.72, 2.52, 2.67, 2.83, 3.32, 3.09, 2.66, 2.15, 1.76, 1.76, 1.84, 1.61, 1.92, 2.65, 4.95, 5.98, 5.92, 6.046, 6.06, 6.11, 6.136, 6.168, 5.999, 5.708, 5.666, 6.156, 6.816, 6.19, 4.548, 3.11, 2.76, 2.35, 2.33, 2.48, 2.42, 2.44, 3.47, 3.45, 3.09, 2.72, 2.28, 2.97, 2.89, 2.38, 2.06, 1.35, 0, 1.79, 3.54, 5.29, 4.94, 5.15, 5.79, 5.55, 5.72, 5.32, 4.88, 3.58, 3.4, 3.68, 3.52, 3.448, 3.528, 2.94, 1.92, 1.94, 2.05, 2.34, 2.48, 2.5, 3.33, 3.43, 3.63], [1.81, 1.82, 2.71, 3.19, 2.46, 2.7, 2.4, 2.43, 2.61, 2.5, 2.54, 3.3, 3.61, 3.69, 3.33, 2.98, 3.04, 3.73, 3.66, 3.29, 2.9, 2.13, 2.35, 2.35, 2.52, 2.97, 4.16, 6.639, 7.686, 7.626, 7.756, 7.752, 7.7, 7.819, 7.875, 7.706, 7.415, 7.372, 7.863, 8.465, 7.878, 6.255, 4.798, 4.35, 3.72, 3.46, 3.33, 3.35, 3.67, 4.68, 4.7, 4.36, 4.07, 3.45, 3.66, 3.9, 3.35, 3.09, 2.48, 1.79, 0, 2.29, 4.1, 3.59, 3.72, 4.56, 4.32, 4.67, 4.25, 3.59, 2.97, 3.27, 3.29, 2.73, 2.7, 2.56, 2.65, 2.27, 2.77, 3.38, 3.67, 3.99, 3.47, 4.24, 4.28, 4.6], [2.22, 1.77, 1.7, 2.1, 2.31, 2.69, 2.83, 4.08, 4.46, 4.31, 4.47, 5.13, 5.48, 5.48, 5.18, 4.73, 4.81, 5.66, 5.53, 4.9, 4.57, 3.46, 3.08, 3.2, 3.77, 4.42, 5.67, 8.15, 9.26, 9.24, 9.31, 9.397, 9.41, 9.36, 9.381, 9.211, 8.947, 8.878, 9.44, 10.02, 9.415, 7.77, 6.31, 5.833, 5.23, 4.67, 4.64, 4.74, 5.4, 6.55, 6.53, 6.13, 5.78, 4.84, 4.23, 4.25, 3.9, 3.82, 4.03, 3.54, 2.29, 0, 2.19, 1.88, 1.95, 2.45, 2.49, 2.94, 3.28, 2.56, 2.12, 2.34, 2.4, 2.2, 2.05, 1.93, 2.08, 2.72, 4.22, 4.89, 5.18, 5.46, 4.56, 4.13, 4.81, 5.33], [3.45, 3.02, 1.85, 1.61, 2.6, 2.8, 3.56, 5.83, 6.19, 6.04, 6.34, 6.88, 7.27, 7.33, 7.05, 6.62, 6.72, 7.47, 7.26, 6.67, 6.24, 5.17, 4.47, 4.49, 5.38, 6.03, 7.36, 9.84, 10.95, 10.901, 10.991, 11.087, 10.989, 10.91, 10.903, 10.733, 10.463, 10.4, 10.99, 11.55, 10.952, 9.28, 7.8, 7.35, 6.74, 6.26, 6.33, 6.41, 7.13, 8.26, 8.254, 7.84, 7.484, 6.51, 5.92, 5.84, 5.61, 5.49, 5.8, 5.29, 4.1, 2.19, 0, 0.91, 0.96, 1.02, 0.98, 1.35, 2.01, 1.49, 2.31, 2.43, 2.13, 2.47, 2.38, 2.34, 2.81, 4.29, 5.79, 6.42, 6.67, 6.95, 6.05, 5.46, 6.3, 6.82], [3.1, 2.67, 1.52, 1.5, 2.33, 2.71, 3.41, 5.38, 5.78, 5.61, 5.83, 6.39, 6.68, 6.76, 6.48, 6.09, 6.25, 6.96, 6.69, 6.16, 5.73, 4.74, 4.06, 4.08, 4.97, 5.6, 6.95, 9.53, 10.64, 10.574, 10.664, 10.777, 10.69, 10.583, 10.593, 10.443, 10.153, 10.11, 10.683, 11.246, 10.633, 8.949, 7.503, 7.036, 6.45, 5.91, 5.98, 6.08, 6.8, 7.862, 7.844, 7.439, 7.072, 6.183, 5.53, 5.53, 5.26, 5.16, 5.442, 4.94, 3.59, 1.88, 0.91, 0, 0.69, 1.21, 1.17, 1.56, 2.1, 1.58, 2.0, 2.16, 1.9, 1.98, 1.99, 1.89, 2.54, 3.92, 5.4, 6.03, 6.32, 6.6, 5.7, 5.11, 5.95, 6.49], [3.29, 2.78, 1.51, 1.53, 2.5, 2.9, 3.6, 5.61, 5.97, 5.8, 5.92, 6.52, 6.85, 6.97, 6.63, 6.16, 6.26, 7.09, 6.84, 6.19, 5.88, 4.93, 4.23, 4.27, 5.14, 5.81, 7.16, 9.74, 10.85, 10.784, 10.874, 10.99, 10.903, 10.793, 10.803, 10.653, 10.363, 10.32, 10.893, 11.456, 10.843, 9.159, 7.713, 7.246, 6.66, 6.12, 6.21, 6.31, 7.03, 8.069, 8.052, 7.686, 7.319, 6.396, 5.76, 5.74, 5.453, 5.353, 5.626, 5.15, 3.72, 1.95, 0.96, 0.69, 0, 1.02, 1.04, 1.51, 2.19, 1.63, 2.13, 2.29, 2.11, 2.17, 2.14, 2.06, 2.49, 4.11, 5.59, 6.22, 6.51, 6.79, 5.89, 5.32, 6.14, 6.7], [3.93, 3.34, 2.11, 2.03, 3.06, 3.36, 4.08, 6.27, 6.65, 6.52, 6.68, 7.38, 7.69, 7.73, 7.43, 7.0, 7.06, 7.91, 7.7, 7.07, 6.72, 5.65, 4.89, 4.93, 5.86, 6.53, 7.82, 10.38, 11.47, 11.43, 11.511, 11.613, 11.563, 11.459, 11.463, 11.313, 11.023, 10.98, 11.55, 12.119, 11.509, 9.816, 8.371, 7.903, 7.32, 6.76, 6.85, 6.95, 7.656, 8.752, 8.737, 8.349, 7.982, 7.039, 6.44, 6.38, 6.116, 6.004, 6.294, 5.79, 4.56, 2.45, 1.02, 1.21, 1.02, 0, 0.82, 1.19, 1.95, 1.51, 2.59, 2.81, 2.55, 2.89, 2.84, 2.72, 3.13, 4.77, 6.27, 6.86, 7.15, 7.45, 6.53, 5.96, 6.78, 7.34], [3.69, 3.12, 2.05, 1.95, 2.78, 3.0, 3.8, 6.03, 6.41, 6.26, 6.54, 7.12, 7.47, 7.53, 7.27, 6.82, 6.98, 7.71, 7.48, 6.89, 6.48, 5.39, 4.61, 4.69, 5.58, 6.27, 7.62, 10.12, 11.21, 11.13, 11.217, 11.353, 11.286, 11.159, 11.168, 11.018, 10.737, 10.705, 11.236, 11.842, 11.249, 9.539, 8.093, 7.626, 7.04, 6.5, 6.63, 6.71, 7.43, 8.529, 8.492, 8.109, 7.742, 6.819, 6.2, 6.12, 5.87, 5.73, 6.069, 5.55, 4.32, 2.49, 0.98, 1.17, 1.04, 0.82, 0, 0.79, 1.59, 1.19, 2.29, 2.41, 2.13, 2.61, 2.58, 2.54, 2.87, 4.53, 6.07, 6.62, 6.89, 7.19, 6.31, 5.68, 6.52, 7.06], [3.98, 3.61, 2.6, 2.38, 2.97, 3.21, 3.89, 6.12, 6.62, 6.45, 6.81, 7.29, 7.64, 7.76, 7.52, 7.19, 7.39, 7.98, 7.87, 7.4, 6.75, 5.44, 4.74, 4.8, 5.69, 6.4, 7.63, 10.11, 11.22, 11.168, 11.258, 11.337, 11.339, 11.291, 11.306, 11.156, 10.884, 10.823, 11.357, 11.966, 11.362, 9.678, 8.232, 7.765, 7.181, 6.59, 6.62, 6.7, 7.38, 8.544, 8.51, 8.082, 7.714, 6.772, 6.19, 6.11, 5.88, 5.82, 6.11, 5.72, 4.67, 2.94, 1.35, 1.56, 1.51, 1.19, 0.79, 0, 1.26, 1.34, 2.38, 2.68, 2.44, 2.86, 2.71, 2.81, 3.28, 4.9, 6.18, 6.79, 7.04, 7.34, 6.42, 5.83, 6.67, 7.21], [3.7, 3.67, 3.14, 2.98, 2.81, 2.87, 3.43, 5.48, 6.16, 6.03, 6.23, 6.65, 6.98, 7.12, 6.9, 6.65, 6.97, 7.48, 7.31, 6.98, 6.21, 4.72, 4.28, 4.32, 5.17, 5.8, 7.23, 9.726, 10.819, 10.762, 10.852, 10.879, 10.781, 10.867, 10.892, 10.742, 10.452, 10.406, 10.911, 11.519, 10.906, 9.263, 7.818, 7.351, 6.766, 6.19, 6.16, 6.08, 6.8, 7.842, 7.844, 7.433, 7.086, 6.223, 5.59, 5.73, 5.48, 5.38, 5.53, 5.32, 4.25, 3.28, 2.01, 2.1, 2.19, 1.95, 1.59, 1.26, 0, 1.22, 2.1, 2.42, 2.06, 2.28, 2.17, 2.33, 2.92, 4.48, 5.64, 6.37, 6.62, 6.94, 6.02, 5.41, 6.25, 6.79], [3.0, 2.89, 2.56, 2.42, 2.31, 2.37, 3.05, 5.2, 5.64, 5.45, 5.71, 6.29, 6.64, 6.74, 6.44, 6.09, 6.25, 6.88, 6.73, 6.22, 5.65, 4.46, 3.9, 3.96, 4.79, 5.46, 6.81, 9.37, 10.48, 10.431, 10.521, 10.614, 10.57, 10.5, 10.513, 10.363, 10.073, 10.03, 10.6, 11.16, 10.547, 8.861, 7.415, 6.948, 6.367, 5.77, 5.8, 5.92, 6.62, 7.673, 7.636, 7.253, 6.886, 6.003, 5.33, 5.37, 5.114, 5.02, 5.253, 4.88, 3.59, 2.56, 1.49, 1.58, 1.63, 1.51, 1.19, 1.34, 1.22, 0, 1.58, 1.84, 1.56, 1.84, 1.81, 1.71, 2.24, 3.84, 5.24, 5.93, 6.22, 6.52, 5.58, 4.99, 5.83, 6.37], [1.96, 2.41, 2.44, 2.44, 1.93, 1.71, 1.97, 3.9, 4.38, 4.25, 4.67, 5.15, 5.5, 5.58, 5.3, 5.05, 5.35, 5.9, 5.65, 5.26, 4.57, 3.28, 2.62, 2.82, 3.55, 4.26, 5.59, 8.09, 9.156, 9.099, 9.189, 9.214, 9.153, 9.219, 9.252, 9.096, 8.806, 8.763, 9.259, 9.879, 9.266, 7.623, 6.178, 5.711, 5.066, 4.55, 4.56, 4.489, 5.209, 6.302, 6.287, 5.882, 5.514, 4.626, 4.05, 4.09, 3.837, 3.72, 3.87, 3.58, 2.97, 2.12, 2.31, 2.0, 2.13, 2.59, 2.29, 2.38, 2.1, 1.58, 0, 0.72, 1.12, 1.26, 1.23, 1.37, 1.36, 2.74, 4.04, 4.71, 4.96, 5.26, 4.32, 3.75, 4.55, 5.11], [1.9, 2.45, 2.52, 2.44, 1.87, 1.53, 1.89, 3.84, 4.32, 4.15, 4.61, 5.03, 5.38, 5.48, 5.2, 5.01, 5.37, 5.92, 5.51, 5.02, 4.39, 3.32, 2.4, 2.76, 3.39, 4.06, 5.35, 7.85, 8.88, 8.8, 8.887, 9.026, 8.979, 8.872, 8.898, 8.728, 8.438, 8.422, 8.906, 9.572, 8.982, 7.249, 5.803, 5.336, 4.733, 4.21, 4.38, 4.409, 5.129, 6.242, 6.227, 5.822, 5.454, 4.492, 3.95, 3.85, 3.6, 3.44, 3.787, 3.4, 3.27, 2.34, 2.43, 2.16, 2.29, 2.81, 2.41, 2.68, 2.42, 1.84, 0.72, 0, 1.0, 1.48, 1.31, 1.55, 1.24, 2.46, 3.82, 4.39, 4.58, 4.88, 4.0, 3.39, 4.17, 4.73], [2.26, 2.43, 2.26, 2.24, 1.71, 1.41, 2.05, 4.06, 4.82, 4.63, 4.93, 5.15, 5.52, 5.56, 5.5, 5.39, 5.75, 6.22, 5.97, 5.5, 4.65, 3.38, 2.64, 2.66, 3.55, 4.3, 5.63, 8.17, 9.22, 9.14, 9.227, 9.363, 9.313, 9.229, 9.235, 9.085, 8.795, 8.772, 9.266, 9.909, 9.299, 7.606, 6.161, 5.693, 5.076, 4.533, 4.66, 4.686, 5.406, 6.499, 6.487, 6.099, 5.732, 4.789, 4.21, 4.17, 3.866, 3.717, 4.047, 3.68, 3.29, 2.4, 2.13, 1.9, 2.11, 2.55, 2.13, 2.44, 2.06, 1.56, 1.12, 1.0, 0, 0.98, 0.91, 1.27, 1.56, 2.74, 4.12, 4.63, 4.92, 5.22, 4.3, 3.81, 4.53, 5.07], [1.98, 2.27, 2.08, 2.28, 1.87, 1.55, 1.95, 3.66, 4.54, 4.27, 4.49, 4.81, 5.02, 5.22, 5.12, 4.93, 5.23, 5.74, 5.55, 5.14, 4.31, 2.98, 2.56, 2.52, 3.27, 3.96, 5.43, 7.95, 9.02, 8.962, 9.052, 9.091, 9.007, 9.045, 9.078, 8.922, 8.637, 8.589, 9.091, 9.705, 9.092, 7.449, 6.003, 5.536, 4.892, 4.372, 4.397, 4.337, 5.057, 6.096, 6.093, 5.696, 5.329, 4.46, 3.83, 3.944, 3.659, 3.508, 3.71, 3.52, 2.73, 2.2, 2.47, 1.98, 2.17, 2.89, 2.61, 2.86, 2.28, 1.84, 1.26, 1.48, 0.98, 0, 0.83, 0.95, 1.44, 2.6, 3.82, 4.51, 4.76, 5.1, 4.18, 3.77, 4.37, 4.91], [1.81, 2.0, 1.91, 2.01, 1.34, 1.3, 1.92, 3.73, 4.39, 4.22, 4.44, 4.8, 5.17, 5.25, 5.05, 4.88, 5.24, 5.73, 5.5, 5.03, 4.24, 2.99, 2.43, 2.49, 3.36, 3.93, 5.34, 7.86, 8.99, 8.938, 9.028, 9.098, 8.997, 8.984, 9.005, 8.855, 8.577, 8.522, 9.067, 9.644, 9.019, 7.376, 5.931, 5.463, 4.819, 4.291, 4.287, 4.327, 5.062, 6.094, 6.12, 5.683, 5.316, 4.43, 3.78, 3.851, 3.627, 3.57, 3.76, 3.448, 2.7, 2.05, 2.38, 1.99, 2.14, 2.84, 2.58, 2.71, 2.17, 1.81, 1.23, 1.31, 0.91, 0.83, 0, 0.98, 1.33, 2.47, 3.73, 4.42, 4.69, 4.99, 4.05, 3.66, 4.3, 4.84], [2.03, 1.98, 1.97, 2.11, 1.66, 1.76, 2.08, 3.81, 4.49, 4.26, 4.42, 4.86, 5.15, 5.25, 5.05, 4.82, 5.12, 5.67, 