[[0, 1.31, 1.03, 1.82, 2.65, 2.79, 2.63, 3.13, 2.98, 2.39, 2.3, 2.49, 2.77, 2.63, 3.16, 3.38, 3.3, 3.8, 5.03, 5.16, 6.142, 7.0, 7.39, 7.53, 7.89, 7.87, 7.41, 7.17, 7.55, 8.22, 8.862, 9.512, 9.7, 10.732, 11.342, 11.225, 9.29, 6.71, 4.5, 3.74, 3.78, 3.88, 3.59, 3.03, 2.14, 2.38, 1.96, 2.03, 3.06, 3.07, 3.32, 2.68, 1.39, 1.63, 2.99, 4.32, 4.7, 3.81, 3.47, 3.83, 3.24, 3.56, 3.67, 3.82, 4.67, 5.96, 5.79, 6.25, 6.5, 6.69, 6.87, 6.63, 4.78, 2.98, 2.71, 2.81, 4.23, 4.69, 4.29, 3.54, 2.72, 3.29, 4.48, 4.25, 4.09, 3.62], [1.31, 0, 1.42, 1.93, 2.88, 3.06, 2.72, 3.4, 3.19, 2.46, 2.39, 2.5, 2.86, 2.8, 3.23, 3.47, 3.41, 4.17, 5.46, 5.512, 6.575, 7.398, 7.68, 7.82, 8.24, 8.12, 7.84, 7.52, 7.86, 8.612, 9.275, 9.925, 10.11, 11.165, 11.742, 11.585, 9.688, 7.12, 4.77, 3.89, 4.31, 4.27, 3.88, 3.2, 2.23, 2.57, 2.31, 2.52, 3.53, 3.48, 3.71, 3.05, 1.78, 1.78, 2.88, 4.15, 4.55, 3.44, 3.08, 3.4, 2.89, 3.19, 3.24, 3.35, 4.16, 5.41, 5.26, 5.74, 5.97, 6.16, 6.38, 6.12, 4.31, 2.75, 2.28, 2.54, 3.76, 4.2, 3.8, 3.09, 2.47, 2.82, 4.03, 3.76, 3.68, 3.41], [1.03, 1.42, 0, 1.61, 2.7, 2.94, 2.68, 3.22, 3.05, 2.4, 2.39, 2.58, 2.82, 2.74, 3.07, 3.19, 3.15, 3.73, 5.18, 5.27, 6.306, 7.089, 7.416, 7.56, 7.953, 7.86, 7.559, 7.26, 7.6, 8.343, 9.006, 9.656, 9.843, 10.896, 11.476, 11.329, 9.434, 6.82, 4.51, 3.67, 3.87, 3.89, 3.56, 2.98, 2.19, 2.47, 2.05, 2.24, 3.23, 3.26, 3.45, 2.81, 1.78, 1.88, 3.18, 4.43, 4.83, 3.84, 3.5, 3.82, 3.23, 3.53, 3.6, 3.77, 4.58, 5.79, 5.62, 6.16, 6.29, 6.54, 6.74, 6.5, 4.65, 2.89, 2.56, 2.66, 4.06, 4.52, 4.02, 3.27, 2.45, 3.04, 4.25, 3.96, 3.8, 3.35], [1.82, 1.93, 1.61, 0, 1.65, 1.87, 1.81, 2.05, 1.92, 1.65, 1.56, 1.47, 1.77, 1.75, 2.14, 2.2, 2.1, 2.68, 3.93, 4.08, 5.079, 5.862, 6.21, 6.31, 6.73, 6.67, 6.41, 6.07, 6.41, 7.116, 7.759, 8.409, 8.576, 9.649, 10.232, 10.075, 8.152, 5.61, 3.16, 2.38, 2.78, 2.76, 2.47, 1.63, 1.2, 1.7, 1.64, 1.49, 2.08, 2.15, 2.26, 1.94, 2.03, 2.91, 4.45, 5.72, 6.12, 5.01, 4.65, 4.99, 4.46, 4.7, 4.71, 4.86, 5.67, 6.88, 6.71, 7.25, 7.38, 7.67, 7.85, 7.61, 5.84, 4.08, 3.65, 3.83, 5.19, 5.63, 5.11, 4.38, 3.52, 4.17, 5.38, 5.03, 4.77, 4.32], [2.65, 2.88, 2.7, 1.65, 0, 0.58, 0.94, 1.0, 0.99, 1.26, 1.11, 1.0, 0.96, 1.26, 1.99, 2.09, 2.13, 2.29, 3.08, 2.85, 3.83, 4.71, 5.1, 5.26, 5.62, 5.5, 5.18, 4.92, 5.18, 5.81, 6.475, 7.125, 7.29, 8.38, 8.955, 8.798, 6.937, 4.56, 2.17, 1.71, 2.11, 2.03, 1.74, 1.58, 2.13, 2.63, 2.43, 1.84, 1.69, 1.84, 1.63, 1.71, 2.36, 3.56, 5.14, 6.45, 6.83, 5.9, 5.58, 5.88, 5.27, 5.61, 5.7, 5.85, 6.7, 7.95, 7.74, 8.26, 8.45, 8.64, 8.88, 8.64, 6.91, 5.11, 4.88, 4.72, 6.12, 6.62, 6.12, 5.33, 4.51, 5.1, 6.33, 6.1, 5.92, 5.43], [2.79, 3.06, 2.94, 1.87, 0.58, 0, 0.74, 0.82, 1.03, 1.38, 1.19, 1.08, 1.02, 1.34, 2.19, 2.29, 2.27, 2.53, 3.14, 2.73, 3.73, 4.71, 5.2, 5.28, 5.62, 5.52, 5.1, 4.84, 5.16, 5.73, 6.33, 6.92, 7.07, 8.16, 8.75, 8.61, 6.7, 4.36, 2.01, 1.65, 2.17, 2.11, 1.92, 1.52, 2.19, 2.71, 2.55, 1.88, 1.69, 1.86, 1.55, 1.61, 2.4, 3.68, 5.28, 6.63, 7.05, 6.16, 5.76, 6.1, 5.49, 5.79, 5.86, 6.03, 6.84, 8.13, 7.96, 8.48, 8.65, 8.84, 9.1, 8.88, 7.17, 5.37, 5.12, 4.96, 6.34, 6.84, 6.36, 5.57, 4.75, 5.34, 6.59, 6.28, 6.04, 5.57], [2.63, 2.72, 2.68, 1.81, 0.94, 0.74, 0, 0.94, 1.03, 1.2, 1.03, 1.06, 1.28, 1.52, 2.41, 2.57, 2.45, 2.77, 3.5, 3.13, 4.13, 5.09, 5.48, 5.54, 5.86, 5.86, 5.56, 5.3, 5.62, 6.17, 6.71, 7.28, 7.47, 8.56, 9.11, 8.97, 7.06, 4.52, 2.19, 1.87, 2.33, 2.37, 2.06, 1.82, 2.27, 2.91, 2.83, 2.12, 1.97, 2.06, 1.83, 1.73, 2.34, 3.54, 5.14, 6.49, 6.89, 5.94, 5.58, 5.92, 5.31, 5.61, 5.68, 5.85, 6.66, 7.87, 7.7, 8.24, 8.39, 8.6, 8.82, 8.58, 6.81, 5.03, 4.78, 4.76, 6.14, 6.58, 6.06, 5.29, 4.43, 5.08, 6.31, 6.0, 5.82, 5.37], [3.13, 3.4, 3.22, 2.05, 1.0, 0.82, 0.94, 0, 0.61, 1.34, 1.23, 1.08, 1.2, 1.48, 2.27, 2.45, 2.39, 2.65, 3.18, 2.87, 3.55, 4.47, 4.88, 4.96, 5.24, 5.24, 4.94, 4.68, 5.0, 5.55, 6.07, 6.64, 6.79, 7.88, 8.43, 8.29, 6.38, 3.92, 1.71, 1.73, 2.09, 2.19, 1.9, 1.76, 2.49, 3.03, 2.93, 2.14, 1.79, 2.02, 1.77, 1.83, 2.8, 4.12, 5.72, 7.07, 7.45, 6.52, 6.18, 6.5, 5.91, 6.21, 6.28, 6.45, 7.26, 8.47, 8.32, 8.86, 9.03, 9.22, 9.42, 9.18, 7.45, 5.67, 5.44, 5.34, 6.74, 7.18, 6.62, 5.85, 4.99, 5.64, 6.87, 6.58, 6.36, 5.87], [2.98, 3.19, 3.05, 1.92, 0.99, 1.03, 1.03, 0.61, 0, 0.99, 1.02, 0.95, 1.25, 1.55, 2.3, 2.56, 2.48, 2.78, 3.39, 3.04, 3.7, 4.56, 4.91, 5.01, 5.29, 5.25, 4.99, 4.67, 4.97, 5.6, 6.2, 6.81, 6.96, 8.05, 8.622, 8.465, 6.61, 4.25, 2.02, 1.98, 2.36, 2.38, 2.05, 1.79, 2.28, 2.78, 2.8, 1.99, 1.84, 1.93, 1.68, 1.68, 2.65, 3.87, 5.45, 6.74, 7.12, 6.19, 5.89, 6.17, 5.58, 5.9, 5.99, 6.14, 7.01, 8.24, 8.05, 8.59, 8.78, 8.97, 9.17, 8.91, 7.2, 5.38, 5.21, 5.01, 6.41, 6.89, 6.35, 5.58, 4.74, 5.35, 6.58, 6.37, 6.21, 5.72], [2.39, 2.46, 2.4, 1.65, 1.26, 1.38, 1.2, 1.34, 0.99, 0, 0.67, 1.32, 1.52, 1.84, 2.53, 2.75, 2.67, 3.13, 3.9, 3.57, 4.25, 5.09, 5.5, 5.58, 5.92, 5.8, 5.58, 5.22, 5.52, 6.23, 6.883, 7.533, 7.71, 8.773, 9.363, 9.206, 7.374, 4.98, 2.63, 2.17, 2.65, 2.71, 2.3, 1.88, 1.89, 2.39, 2.39, 1.88, 1.91, 2.06, 2.03, 1.67, 2.16, 3.38, 4.9, 6.17, 6.57, 5.48, 5.22, 5.46, 4.93, 5.21, 5.3, 5.43, 6.3, 7.51, 7.34, 7.9, 8.09, 8.28, 8.42, 8.2, 6.49, 4.69, 4.44, 4.32, 5.68, 6.22, 5.68, 4.91, 4.05, 4.66, 5.93, 5.7, 5.52, 5.03], [2.3, 2.39, 2.39, 1.56, 1.11, 1.19, 1.03, 1.23, 1.02, 0.67, 0, 0.99, 1.27, 1.41, 2.22, 2.48, 2.36, 2.8, 3.49, 3.36, 4.28, 5.18, 5.47, 5.59, 5.93, 5.85, 5.61, 5.25, 5.57, 6.296, 6.959, 7.609, 7.78, 8.849, 9.439, 9.282, 7.444, 5.01, 2.62, 2.02, 2.38, 2.46, 2.03, 1.73, 1.78, 2.28, 2.18, 1.69, 1.64, 1.73, 1.78, 1.62, 2.01, 3.31, 4.79, 6.08, 6.46, 5.43, 5.15, 5.41, 4.86, 5.14, 5.25, 5.4, 6.27, 7.48, 7.31, 7.85, 8.06, 8.23, 8.41, 8.15, 6.42, 4.7, 4.47, 4.37, 5.69, 6.23, 5.71, 4.96, 4.1, 4.69, 5.96, 5.75, 5.59, 5.12], [2.49, 2.5, 2.58, 1.47, 1.0, 1.08, 1.06, 1.08, 0.95, 1.32, 0.99, 0, 0.88, 1.12, 1.93, 2.17, 2.01, 2.49, 3.3, 3.17, 4.21, 5.11, 5.4, 5.46, 5.9, 5.86, 5.6, 5.24, 5.6, 6.25, 6.863, 7.513, 7.69, 8.753, 9.343, 9.186, 7.312, 4.82, 2.43, 2.03, 2.37, 2.21, 2.12, 1.8, 2.03, 2.49, 2.41, 1.84, 1.99, 2.04, 1.83, 1.89, 2.3, 3.46, 4.96, 6.25, 6.63, 5.68, 5.34, 5.66, 5.11, 5.37, 5.44, 5.59, 6.46, 7.67, 7.5, 8.04, 8.27, 8.44, 8.58, 8.34, 6.55, 4.91, 4.62, 4.66, 5.96, 6.44, 5.96, 5.21, 4.35, 4.98, 6.23, 5.98, 5.84, 5.39], [2.77, 2.86, 2.82, 1.77, 0.96, 1.02, 1.28, 1.2, 1.25, 1.52, 1.27, 0.88, 0, 1.08, 1.89, 1.95, 1.95, 2.33, 3.14, 3.09, 3.87, 4.65, 4.96, 5.08, 5.48, 5.42, 5.1, 4.8, 5.14, 5.87, 6.515, 7.165, 7.35, 8.405, 8.979, 8.858, 6.908, 4.38, 2.01, 1.77, 2.11, 1.97, 1.84, 1.88, 2.25, 2.73, 2.67, 2.0, 2.05, 2.12, 2.05, 2.15, 2.84, 4.02, 5.5, 6.81, 7.19, 6.22, 5.84, 6.2, 5.63, 5.89, 5.92, 6.11, 6.94, 8.13, 7.94, 8.48, 8.69, 8.9, 9.1, 8.86, 7.03, 5.31, 4.9, 5.0, 6.42, 6.92, 6.4, 5.65, 4.79, 5.44, 6.69, 6.36, 6.18, 5.67], [2.63, 2.8, 2.74, 1.75, 1.26, 1.34, 1.52, 1.48, 1.55, 1.84, 1.41, 1.12, 1.08, 0, 1.33, 1.45, 1.43, 1.85, 2.9, 2.95, 4.01, 4.83, 5.14, 5.34, 5.72, 5.52, 5.22, 4.9, 5.228, 6.018, 6.681, 7.331, 7.498, 8.571, 9.161, 9.003, 7.117, 4.68, 2.27, 1.53, 2.01, 1.83, 1.56, 1.6, 1.81, 2.19, 2.09, 1.72, 1.87, 1.82, 1.87, 2.03, 2.5, 3.78, 5.18, 6.39, 6.81, 5.76, 5.42, 5.74, 5.15, 5.45, 5.54, 5.69, 6.54, 7.75, 7.56, 8.12, 8.35, 8.52, 8.68, 8.48, 6.77, 4.97, 4.74, 4.68, 6.02, 6.52, 6.04, 5.29, 4.41, 5.06, 6.27, 6.04, 5.86, 5.41], [3.16, 3.23, 3.07, 2.14, 1.99, 2.19, 2.41, 2.27, 2.3, 2.53, 2.22, 1.93, 1.89, 1.33, 0, 0.64, 0.88, 1.66, 3.05, 3.18, 4.14, 4.914, 5.23, 5.43, 5.75, 5.59, 5.35, 4.99, 5.31, 6.088, 6.751, 7.401, 7.58, 8.641, 9.231, 9.073, 7.267, 4.81, 2.66, 1.92, 2.12, 2.04, 1.71, 1.73, 1.78, 1.92, 1.96, 1.77, 2.02, 2.01, 2.1, 2.48, 3.05, 3.91, 5.11, 6.36, 6.76, 5.65, 5.37, 5.63, 5.04, 5.36, 5.47, 5.62, 6.49, 7.74, 7.57, 8.07, 8.26, 8.51, 8.67, 8.41, 6.68, 4.86, 4.59, 4.51, 5.91, 6.39, 5.95, 5.2, 4.3, 4.89, 6.1, 5.93, 5.75, 5.28], [3.38, 3.47, 3.19, 2.2, 2.09, 2.29, 2.57, 2.45, 2.56, 2.75, 2.48, 2.17, 1.95, 1.45, 0.64, 0, 0.72, 1.52, 2.97, 3.1, 4.0, 4.754, 5.11, 5.29, 5.61, 5.43, 5.19, 4.81, 5.13, 5.902, 6.565, 7.215, 7.42, 8.455, 9.045, 8.888, 7.104, 4.67, 2.5, 1.74, 2.06, 1.92, 1.67, 1.73, 1.88, 2.08, 2.02, 1.91, 2.0, 1.95, 2.02, 2.48, 3.19, 4.03, 5.29, 6.52, 6.92, 5.83, 5.55, 5.81, 5.24, 5.54, 5.65, 5.8, 6.67, 7.9, 7.73, 8.27, 8.46, 8.65, 8.81, 8.57, 6.88, 5.0, 4.77, 4.73, 6.07, 6.53, 6.05, 5.32, 4.42, 5.01, 6.26, 6.03, 5.87, 5.38], [3.3, 3.41, 3.15, 2.1, 2.13, 2.27, 2.45, 2.39, 2.48, 2.67, 2.36, 2.01, 1.95, 1.43, 0.88, 0.72, 0, 1.18, 2.53, 2.66, 3.693, 4.509, 4.81, 4.95, 5.33, 5.21, 4.95, 4.59, 4.93, 5.711, 6.373, 7.023, 7.2, 8.263, 8.853, 8.696, 6.822, 4.35, 2.34, 1.66, 1.58, 1.5, 1.43, 1.63, 1.82, 2.28, 2.24, 1.93, 1.84, 1.67, 1.88, 2.46, 3.21, 4.13, 5.53, 6.78, 7.18, 6.11, 5.79, 6.09, 5.56, 5.8, 5.89, 6.02, 6.89, 8.12, 7.95, 8.47, 8.64, 8.89, 9.05, 8.79, 7.04, 5.3, 4.95, 4.95, 6.33, 6.79, 6.31, 5.54, 4.66, 5.31, 6.56, 6.25, 6.07, 5.6], [3.8, 4.17, 3.73, 2.68, 2.29, 2.53, 2.77, 2.65, 2.78, 3.13, 2.8, 2.49, 2.33, 1.85, 1.66, 1.52, 1.18, 0, 1.63, 1.82, 2.8, 3.609, 3.91, 4.13, 4.49, 4.31, 4.01, 3.71, 4.05, 4.799, 5.462, 6.112, 6.279, 7.352, 7.942, 7.785, 5.887, 3.59, 2.24, 1.56, 1.36, 1.24, 1.31, 2.01, 2.46, 3.0, 2.94, 2.23, 2.02, 1.81, 1.98, 2.78, 3.77, 4.87, 6.33, 7.58, 7.98, 6.97, 6.63, 6.95, 6.36, 6.66, 6.75, 6.9, 7.75, 8.98, 8.77, 9.31, 9.48, 9.71, 9.91, 9.67, 7.94, 6.18, 5.89, 5.77, 7.19, 7.63, 7.11, 6.36, 5.48, 6.11, 7.34, 7.01, 6.83, 6.34], [5.03, 5.46, 5.18, 3.93, 3.08, 3.14, 3.5, 3.18, 3.39, 3.9, 3.49, 3.3, 3.14, 2.9, 3.05, 2.97, 2.53, 1.63, 0, 0.89, 1.27, 2.11, 2.64, 2.78, 3.1, 2.98, 2.6, 2.22, 2.72, 3.23, 3.89, 4.54, 4.77, 5.78, 6.37, 6.23, 4.32, 2.94, 2.37, 2.23, 1.85, 1.75, 2.2, 2.92, 3.71, 4.47, 4.41, 3.38, 2.53, 2.44, 2.53, 3.37, 4.58, 5.9, 7.5, 8.87, 9.31, 8.44, 8.12, 8.42, 7.75, 8.13, 8.22, 8.37, 9.24, 10.51, 10.32, 10.82, 11.01, 11.22, 11.44, 11.18, 9.47, 7.65, 7.46, 7.26, 8.66, 9.14, 8.58, 7.77, 6.97, 7.56, 8.77, 8.5, 8.22, 7.71], [5.16, 5.512, 5.27, 4.08, 2.85, 2.73, 3.13, 2.87, 3.04, 3.57, 3.36, 3.17, 3.09, 2.95, 3.18, 3.1, 2.66, 1.82, 0.89, 0, 1.2, 2.14, 2.63, 2.81, 3.11, 2.95, 2.55, 2.29, 2.67, 3.16, 3.8, 4.45, 4.62, 5.67, 6.26, 6.12, 4.31, 2.75, 2.12, 1.94, 1.88, 1.66, 2.03, 2.63, 3.72, 4.48, 4.38, 3.39, 2.4, 2.29, 2.26, 3.06, 4.57, 5.93, 7.53, 8.9, 9.3, 8.53, 8.15, 8.43, 7.74, 8.16, 8.27, 8.4, 9.27, 10.58, 10.39, 10.93, 11.12, 11.31, 11.49, 11.31, 9.58, 7.76, 7.57, 7.35, 8.67, 9.21, 8.67, 7.92, 7.06, 7.63, 8.86, 8.59, 8.35, 7.86], [6.142, 6.575, 6.306, 5.079, 3.83, 3.73, 4.13, 3.55, 3.7, 4.25, 4.28, 4.21, 3.87, 4.01, 4.14, 4.0, 3.693, 2.8, 1.27, 1.2, 0, 1.24, 1.79, 2.03, 2.25, 2.09, 1.69, 1.45, 1.95, 2.4, 2.88, 3.51, 3.86, 4.63, 5.24, 5.14, 3.47, 2.41, 2.36, 2.82, 2.5, 2.48, 2.909, 3.75, 4.76, 5.52, 5.42, 4.45, 3.24, 3.21, 3.22, 4.06, 5.49, 6.81, 8.39, 9.86, 10.32, 9.55, 9.267, 9.49, 8.76, 9.22, 9.367, 9.5, 10.387, 11.657, 11.467, 12.001, 12.188, 12.384, 12.57, 12.361, 10.633, 8.799, 8.615, 8.39, 9.73, 10.27, 9.67, 8.934, 8.1, 8.63, 9.86, 9.63, 9.347, 8.817], [7.0, 7.398, 7.089, 5.862, 4.71, 4.71, 5.09, 4.47, 4.56, 5.09, 5.18, 5.11, 4.65, 4.83, 4.914, 4.754, 4.509, 3.609, 2.11, 2.14, 1.24, 0, 1.07, 1.37, 1.55, 1.35, 1.15, 1.09, 1.43, 1.82, 2.36, 2.85, 3.1, 3.85, 4.42, 4.24, 2.87, 2.13, 3.2, 3.68, 3.3, 3.28, 3.73, 4.65, 5.712, 6.472, 6.377, 5.37, 4.22, 4.23, 4.22, 5.08, 6.53, 7.79, 9.39, 10.8, 11.277, 10.482, 10.139, 10.422, 9.717, 10.149, 10.256, 10.389, 11.25, 12.46, 12.296, 12.876, 13.051, 13.227, 13.359, 13.196, 11.449, 9.632, 9.418, 9.262, 10.662, 11.119, 10.542, 9.829, 8.929, 9.562, 10.752, 10.456, 10.21, 9.686], [7.39, 7.68, 7.416, 6.21, 5.1, 5.2, 5.48, 4.88, 4.91, 5.5, 5.47, 5.4, 4.96, 5.14, 5.23, 5.11, 4.81, 3.91, 2.64, 2.63, 1.79, 1.07, 0, 0.68, 0.88, 0.82, 0.92, 1.24, 1.2, 1.53, 1.93, 2.48, 2.65, 3.56, 4.11, 3.969, 2.38, 1.96, 3.57, 4.07, 3.71, 3.63, 4.02, 5.12, 6.13, 6.87, 6.77, 5.82, 4.81, 4.76, 4.83, 5.63, 7.08, 8.4, 10.0, 11.29, 11.69, 10.84, 10.52, 10.82, 10.15, 10.55, 10.64, 10.79, 11.64, 12.85, 12.66, 13.2, 13.367, 13.58, 13.76, 13.54, 11.75, 9.97, 9.72, 9.62, 11.06, 11.52, 10.94, 10.19, 9.33, 9.96, 11.15, 10.86, 10.6, 10.07], [7.53, 7.82, 7.56, 6.31, 5.26, 5.28, 5.54, 4.96, 5.01, 5.58, 5.59, 5.46, 5.08, 5.34, 5.43, 5.29, 4.95, 4.13, 2.78, 2.81, 2.03, 1.37, 0.68, 0, 0.72, 0.98, 1.06, 1.3, 1.2, 1.53, 1.85, 2.32, 2.51, 3.46, 3.99, 3.806, 2.14, 2.04, 3.69, 4.19, 3.87, 3.79, 4.26, 5.2, 6.29, 7.05, 7.01, 6.04, 5.03, 4.98, 4.97, 5.77, 7.32, 8.66, 10.26, 11.57, 11.93, 11.02, 10.7, 11.0, 10.41, 10.73, 10.82, 10.97, 11.82, 13.03, 12.86, 13.4, 13.567, 13.78, 13.94, 13.72, 11.87, 10.13, 9.86, 9.8, 11.24, 11.7, 11.12, 10.37, 9.51, 10.14, 11.35, 11.04, 10.78, 10.25], [7.89, 8.24, 7.953, 6.73, 5.62, 5.62, 5.86, 5.24, 5.29, 5.92, 5.93, 5.9, 5.48, 5.72, 5.75, 5.61, 5.33, 4.49, 3.1, 3.11, 2.25, 1.55, 0.88, 0.72, 0, 0.8, 1.1, 1.3, 1.16, 1.23, 1.53, 1.92, 2.15, 3.04, 3.59, 3.409, 1.92, 2.14, 3.97, 4.55, 4.25, 4.11, 4.56, 5.62, 6.61, 7.37, 7.27, 6.28, 5.27, 5.2, 5.19, 5.97, 7.56, 8.9, 10.46, 11.77, 12.19, 11.34, 11.08, 11.34, 10.63, 11.07, 11.18, 11.33, 12.2, 13.41, 13.24, 13.78, 13.95, 14.16, 14.32, 14.08, 12.29, 10.51, 10.28, 10.14, 11.58, 12.06, 11.48, 10.73, 9.87, 10.48, 11.67, 11.42, 11.16, 10.63], [7.87, 8.12, 7.86, 6.67, 5.5, 5.52, 5.86, 5.24, 5.25, 5.8, 5.85, 5.86, 5.42, 5.52, 5.59, 5.43, 5.21, 4.31, 2.98, 2.95, 2.09, 1.35, 0.82, 0.98, 0.8, 0, 0.86, 1.24, 1.14, 1.31, 1.57, 2.1, 2.27, 3.1, 3.67, 3.53, 2.18, 2.36, 3.99, 4.37, 4.25, 4.09, 4.42, 5.42, 6.31, 7.07, 6.97, 6.08, 5.11, 4.98, 5.07, 5.85, 7.38, 8.72, 10.24, 11.51, 11.93, 11.1, 10.797, 11.02, 10.33, 10.75, 10.897, 11.03, 11.917, 13.167, 12.977, 13.531, 13.718, 13.894, 14.08, 13.871, 12.143, 10.33, 10.125, 9.9, 11.26, 11.78, 11.18, 10.464, 9.61, 10.16, 11.37, 11.14, 10.877, 10.347], [7.41, 7.84, 7.559, 6.41, 5.18, 5.1, 5.56, 4.94, 4.99, 5.58, 5.61, 5.6, 5.1, 5.22, 5.35, 5.19, 4.95, 4.01, 2.6, 2.55, 1.69, 1.15, 0.92, 1.06, 1.1, 0.86, 0, 0.78, 0.78, 1.13, 1.79, 2.38, 2.51, 3.42, 3.99, 3.87, 2.38, 2.18, 3.69, 4.11, 3.83, 3.79, 4.14, 5.1, 6.03, 6.762, 6.667, 5.7, 4.67, 4.56, 4.69, 5.53, 6.96, 8.26, 9.78, 11.21, 11.59, 10.812, 10.429, 10.712, 10.05, 10.439, 10.546, 10.679, 11.54, 12.85, 12.666, 13.206, 13.381, 13.568, 13.769, 13.582, 11.859, 10.05, 9.828, 9.64, 10.952, 11.489, 10.912, 10.159, 9.319, 9.892, 11.11, 10.826, 10.5, 9.976], [7.17, 7.52, 7.26, 6.07, 4.92, 4.84, 5.3, 4.68, 4.67, 5.22, 5.25, 5.24, 4.8, 4.9, 4.99, 4.81, 4.59, 3.71, 2.22, 2.29, 1.45, 1.09, 1.24, 1.3, 1.3, 1.24, 0.78, 0, 0.76, 1.31, 2.03, 2.62, 2.85, 3.74, 4.29, 4.15, 2.64, 2.36, 3.43, 3.81, 3.53, 3.45, 3.82, 4.74, 5.63, 6.35, 6.31, 5.34, 4.31, 4.2, 4.31, 5.15, 6.58, 7.9, 9.42, 10.81, 11.21, 10.44, 10.12, 10.32, 9.63, 10.05, 10.2, 10.33, 11.24, 12.546, 12.359, 12.9, 13.09, 13.28, 13.453, 13.26, 11.541, 9.706, 9.522, 9.28, 10.56, 11.16, 10.58, 9.83, 8.99, 9.54, 10.75, 10.519, 10.2, 9.65], [7.55, 7.86, 7.6, 6.41, 5.18, 5.16, 5.62, 5.0, 4.97, 5.52, 5.57, 5.6, 5.14, 5.228, 5.31, 5.13, 4.93, 4.05, 2.72, 2.67, 1.95, 1.43, 1.2, 1.2, 1.16, 1.14, 0.78, 0.76, 0, 0.99, 1.69, 2.3, 2.57, 3.42, 3.99, 3.807, 2.36, 2.26, 3.73, 4.11, 3.95, 3.79, 4.16, 5.06, 5.97, 6.67, 6.57, 5.72, 4.71, 4.62, 4.57, 5.37, 6.9, 8.24, 9.76, 11.07, 11.47, 10.78, 10.46, 10.66, 9.91, 10.39, 10.56, 10.69, 11.58, 12.89, 12.7, 13.24, 13.43, 13.62, 13.8, 13.596, 11.881, 10.046, 9.862, 9.62, 10.9, 11.5, 10.9, 10.17, 9.33, 9.86, 11.09, 10.86, 10.54, 10.01], [8.22, 8.612, 8.343, 7.116, 5.81, 5.73, 6.17, 5.55, 5.6, 6.23, 6.296, 6.25, 5.87, 6.018, 6.088, 5.902, 5.711, 4.799, 3.23, 3.16, 2.4, 1.82, 1.53, 1.53, 1.23, 1.31, 1.13, 1.31, 0.99, 0, 0.9, 1.55, 1.92, 2.67, 3.18, 3.04, 1.75, 2.55, 4.28, 4.819, 4.52, 4.5, 4.93, 5.71, 6.7, 7.42, 7.34, 6.41, 5.2, 5.19, 5.16, 5.86, 7.37, 8.73, 10.39, 11.84, 12.22, 11.57, 11.25, 11.41, 10.6, 11.12, 11.33, 11.46, 12.37, 13.676, 13.489, 14.03, 14.22, 14.41, 14.583, 14.386, 12.671, 10.816, 10.652, 10.409, 11.61, 12.289, 11.689, 10.96, 10.116, 10.65, 11.88, 11.649, 11.33, 10.78], [8.862, 9.275, 9.006, 7.759, 6.475, 6.33, 6.71, 6.07, 6.2, 6.883, 6.959, 6.863, 6.515, 6.681, 6.751, 6.565, 6.373, 5.462, 3.89, 3.8, 2.88, 2.36, 1.93, 1.85, 1.53, 1.57, 1.79, 2.03, 1.69, 0.9, 0, 0.85, 1.48, 1.99, 2.54, 2.42, 1.21, 2.83, 4.76, 5.442, 5.18, 5.16, 5.609, 6.35, 7.38, 8.1, 8.02, 7.087, 5.86, 5.83, 5.72, 6.44, 7.99, 9.35, 10.99, 12.48, 12.9, 12.238, 11.924, 12.09, 11.28, 11.8, 12.007, 12.137, 13.044, 14.339, 14.152, 14.698, 14.888, 15.075, 15.246, 15.049, 13.333, 11.479, 11.315, 11.072, 12.29, 12.952, 12.352, 11.628, 10.779, 11.318, 12.545, 12.312, 12.004, 11.457], [9.512, 9.925, 9.656, 8.409, 7.125, 6.92, 7.28, 6.64, 6.81, 7.533, 7.609, 7.513, 7.165, 7.331, 7.401, 7.215, 7.023, 6.112, 4.54, 4.45, 3.51, 2.85, 2.48, 2.32, 1.92, 2.1, 2.38, 2.62, 2.3, 1.55, 0.85, 0, 1.01, 1.38, 1.91, 1.81, 1.0, 3.24, 5.37, 6.112, 5.83, 5.778, 6.239, 6.997, 8.03, 8.75, 8.67, 7.737, 6.49, 6.48, 6.35, 7.09, 8.68, 10.04, 11.62, 13.11, 13.55, 12.888, 12.574, 12.74, 11.97, 12.47, 12.657, 12.787, 13.694, 14.989, 14.802, 15.348, 15.538, 15.725, 15.896, 15.699, 13.983, 12.129, 11.965, 11.722, 12.98, 13.602, 13.02, 12.278, 11.429, 11.98, 13.195, 12.962, 12.654, 12.107], [9.7, 10.11, 9.843, 8.576, 7.29, 7.07, 7.47, 6.79, 6.96, 7.71, 7.78, 7.69, 7.35, 7.498, 7.58, 7.42, 7.2, 6.279, 4.77, 4.62, 3.86, 3.1, 2.65, 2.51, 2.15, 2.27, 2.51, 2.85, 2.57, 1.92, 1.48, 1.01, 0, 1.25, 1.78, 1.82, 1.27, 3.37, 5.62, 6.3, 6.06, 6.02, 6.43, 7.15, 8.22, 8.98, 8.9, 7.89, 6.78, 6.75, 6.74, 7.42, 9.07, 10.43, 12.03, 13.46, 13.82, 13.07, 12.73, 12.93, 12.26, 12.66, 12.81, 12.94, 13.85, 15.156, 14.969, 15.51, 15.7, 15.89, 16.063, 15.87, 14.151, 12.32, 12.132, 11.89, 13.17, 13.77, 13.19, 12.44, 11.6, 12.15, 13.36, 13.129, 12.81, 12.26], [10.732, 11.165, 10.896, 9.649, 8.38, 8.16, 8.56, 7.88, 8.05, 8.773, 8.849, 8.753, 8.405, 8.571, 8.641, 8.455, 8.263, 7.352, 5.78, 5.67, 4.63, 3.85, 3.56, 3.46, 3.04, 3.1, 3.42, 3.74, 3.42, 2.67, 1.99, 1.38, 1.25, 0, 0.85, 1.19, 1.74, 4.3, 6.65, 7.352, 7.038, 7.038, 7.479, 8.237, 9.27, 9.99, 9.91, 8.977, 7.73, 7.72, 7.51, 8.25, 9.9, 11.14, 12.72, 14.31, 14.79, 14.128, 13.814, 13.98, 13.19, 13.71, 13.897, 14.027, 14.934, 16.229, 16.042, 16.588, 16.778, 16.965, 17.136, 16.939, 15.223, 13.369, 13.205, 12.962, 14.22, 14.842, 14.26, 13.518, 12.669, 13.22, 14.435, 14.202, 13.894, 13.347], [11.342, 11.742, 11.476, 10.232, 8.955, 8.75, 9.11, 8.43, 8.622, 9.363, 9.439, 9.343, 8.979, 9.161, 9.231, 9.045, 8.853, 7.942, 6.37, 6.26, 5.24, 4.42, 4.11, 3.99, 3.59, 3.67, 3.99, 4.29, 3.99, 3.18, 2.54, 1.91, 1.78, 0.85, 0, 0.84, 2.21, 4.81, 7.22, 7.922, 7.648, 7.628, 8.069, 8.827, 9.86, 10.58, 10.5, 9.567, 8.32, 8.31, 8.16, 8.86, 10.49, 11.79, 13.43, 14.92, 15.38, 14.718, 14.404, 14.57, 13.74, 14.28, 14.487, 14.617, 15.524, 16.819, 16.632, 17.178, 17.368, 17.555, 17.726, 17.529, 15.804, 13.959, 13.788, 13.552, 14.77, 15.432, 14.832, 14.108, 13.259, 13.798, 15.025, 14.792, 14.484, 13.937], [11.225, 11.585, 11.329, 10.075, 8.798, 8.61, 8.97, 8.29, 8.465, 9.206, 9.282, 9.186, 8.858, 9.003, 9.073, 8.888, 8.696, 7.785, 6.23, 6.12, 5.14, 4.24, 3.969, 3.806, 3.409, 3.53, 3.87, 4.15, 3.807, 3.04, 2.42, 1.81, 1.82, 1.19, 0.84, 0, 2.03, 4.61, 7.08, 7.765, 7.531, 7.451, 7.912, 8.67, 9.703, 10.432, 10.34, 9.43, 8.2, 8.19, 8.0, 8.7, 10.35, 11.65, 13.29, 14.76, 15.232, 14.561, 14.247, 14.413, 13.594, 14.126, 14.33, 14.46, 15.367, 16.662, 16.475, 17.021, 17.211, 17.398, 17.569, 17.372, 15.647, 13.802, 13.631, 13.395, 14.619, 15.275, 14.675, 13.951, 13.102, 13.641, 14.868, 14.635, 14.327, 13.78], [9.29, 9.688, 9.434, 8.152, 6.937, 6.7, 7.06, 6.38, 6.61, 7.374, 7.444, 7.312, 6.908, 7.117, 7.267, 7.104, 6.822, 5.887, 4.32, 4.31, 3.47, 2.87, 2.38, 2.14, 1.92, 2.18, 2.38, 2.64, 2.36, 1.75, 1.21, 1.0, 1.27, 1.74, 2.21, 2.03, 0, 2.82, 5.13, 5.884, 5.59, 5.63, 6.06, 6.812, 7.962, 8.724, 8.667, 7.637, 6.49, 6.44, 6.41, 7.19, 8.76, 10.12, 11.7, 13.13, 13.57, 12.734, 12.349, 12.674, 12.01, 12.382, 12.446, 12.619, 13.449, 14.733, 14.546, 15.086, 15.279, 15.469, 15.692, 15.472, 13.762, 11.962, 11.708, 11.552, 12.912, 13.412, 12.852, 12.062, 11.244, 11.834, 13.047, 12.729, 12.409, 11.876], [6.71, 7.12, 6.82, 5.61, 4.56, 4.36, 4.52, 3.92, 4.25, 4.98, 5.01, 4.82, 4.38, 4.68, 4.81, 4.67, 4.35, 3.59, 2.94, 2.75, 2.41, 2.13, 1.96, 2.04, 2.14, 2.36, 2.18, 2.36, 2.26, 2.55, 2.83, 3.24, 3.37, 4.3, 4.81, 4.61, 2.82, 0, 2.63, 3.45, 3.05, 3.09, 3.58, 4.56, 5.71, 6.47, 6.41, 5.38, 4.29, 4.26, 4.23, 4.95, 6.58, 7.94, 9.54, 10.93, 11.33, 10.44, 10.1, 10.42, 9.79, 10.13, 10.2, 10.37, 11.18, 12.39, 12.22, 12.76, 12.91, 13.12, 13.34, 13.1, 11.27, 9.51, 9.18, 9.22, 10.66, 11.1, 10.54, 9.77, 8.91, 9.56, 10.75, 10.42, 10.14, 9.63], [4.5, 4.77, 4.51, 3.16, 2.17, 2.01, 2.19, 1.71, 2.02, 2.63, 2.62, 2.43, 2.01, 2.27, 2.66, 2.5, 2.34, 2.24, 2.37, 2.12, 2.36, 3.2, 3.57, 3.69, 3.97, 3.99, 3.69, 3.43, 3.73, 4.28, 4.76, 5.37, 5.62, 6.65, 7.22, 7.08, 5.13, 2.63, 0, 1.18, 1.46, 1.44, 1.57, 2.09, 3.22, 4.0, 3.98, 3.01, 2.1, 2.15, 2.02, 2.64, 4.25, 5.61, 7.21, 8.56, 8.94, 7.99, 7.61, 7.97, 7.4, 7.66, 7.65, 7.84, 8.65, 9.82, 9.65, 10.19, 10.38, 10.63, 10.83, 10.59, 8.86, 7.08, 6.75, 6.77, 8.17, 8.59, 8.05, 7.28, 6.44, 7.09, 8.34, 7.93, 7.61, 7.1], [3.74, 3.89, 3.67, 2.38, 1.71, 1.65, 1.87, 1.73, 1.98, 2.17, 2.02, 2.03, 1.77, 1.53, 1.92, 1.74, 1.66, 1.56, 2.23, 1.94, 2.82, 3.68, 4.07, 4.19, 4.55, 4.37, 4.11, 3.81, 4.11, 4.819, 5.442, 6.112, 6.3, 7.352, 7.922, 7.765, 5.884, 3.45, 1.18, 0, 1.12, 1.08, 1.03, 1.35, 2.36, 3.06, 3.04, 2.21, 1.6, 1.41, 1.4, 2.0, 3.51, 4.85, 6.43, 7.72, 8.1, 7.07, 6.73, 7.01, 6.48, 6.74, 6.83, 6.96, 7.79, 9.0, 8.85, 9.43, 9.6, 9.77, 9.93, 9.75, 8.04, 6.18, 5.91, 5.89, 7.25, 7.71, 7.13, 6.4, 5.5, 6.17, 7.4, 7.05, 6.81, 6.3], [3.78, 4.31, 3.87, 2.78, 2.11, 2.17, 2.33, 2.09, 2.36, 2.65, 2.38, 2.37, 2.11, 2.01, 2.12, 2.06, 1.58, 1.36, 1.85, 1.88, 2.5, 3.3, 3.71, 3.87, 4.25, 4.25, 3.83, 3.53, 3.95, 4.52, 5.18, 5.83, 6.06, 7.038, 7.648, 7.531, 5.59, 3.05, 1.46, 1.12, 0, 0.78, 0.87, 1.87, 2.84, 3.56, 3.5, 2.47, 1.48, 1.53, 1.66, 2.48, 3.73, 4.99, 6.59, 7.98, 8.4, 7.53, 7.19, 7.51, 6.84, 7.22, 7.31, 7.46, 8.31, 9.52, 9.33, 9.87, 10.04, 10.25, 10.43, 10.21, 8.32, 6.6, 6.27, 6.31, 7.75, 8.19, 7.63, 6.86, 6.0, 6.65, 7.84, 7.53, 7.27, 6.74], [3.88, 4.27, 3.89, 2.76, 2.03, 2.11, 2.37, 2.19, 2.38, 2.71, 2.46, 2.21, 1.97, 1.83, 2.04, 1.92, 1.5, 1.24, 1.75, 1.66, 2.48, 3.28, 3.63, 3.79, 4.11, 4.09, 3.79, 3.45, 3.79, 4.5, 5.16, 5.778, 6.02, 7.038, 7.628, 7.451, 5.63, 3.09, 1.44, 1.08, 0.78, 0, 0.89, 1.91, 2.8, 3.54, 3.44, 2.51, 1.66, 1.59, 1.64, 2.36, 3.79, 5.11, 6.65, 7.94, 8.36, 7.51, 7.19, 7.49, 6.8, 7.22, 7.31, 7.46, 8.31, 9.52, 9.33, 9.87, 10.04, 10.25, 10.43, 10.21, 8.36, 6.58, 6.29, 6.29, 7.73, 8.19, 7.61, 6.86, 6.0, 6.63, 7.82, 7.53, 7.29, 6.76], [3.59, 3.88, 3.56, 2.47, 1.74, 1.92, 2.06, 1.9, 2.05, 2.3, 2.03, 2.12, 1.84, 1.56, 1.71, 1.67, 1.43, 1.31, 2.2, 2.03, 2.909, 3.73, 4.02, 4.26, 4.56, 4.42, 4.14, 3.82, 4.16, 4.93, 5.609, 6.239, 6.43, 7.479, 8.069, 7.912, 6.06, 3.58, 1.57, 1.03, 0.87, 0.89, 0, 1.46, 2.33, 2.93, 2.87, 2.08, 1.37, 1.32, 1.41, 2.15, 3.56, 4.78, 6.28, 7.47, 7.93, 6.9, 6.58, 6.88, 6.21, 6.61, 6.7, 6.85, 7.7, 8.91, 8.72, 9.26, 9.43, 9.66, 9.84, 9.6, 7.83, 6.07, 5.78, 5.68, 7.12, 7.58, 7.0, 6.29, 5.39, 6.02, 7.21, 6.94, 6.7, 6.19], [3.03, 3.2, 2.98, 1.63, 1.58, 1.52, 1.82, 1.76, 1.79, 1.88, 1.73, 1.8, 1.88, 1.6, 1.73, 1.73, 1.63, 2.01, 2.92, 2.63, 3.75, 4.65, 5.12, 5.2, 5.62, 5.42, 5.1, 4.74, 5.06, 5.71, 6.35, 6.997, 7.15, 8.237, 8.827, 8.67, 6.812, 4.56, 2.09, 1.35, 1.87, 1.91, 1.46, 0, 1.21, 1.93, 2.01, 1.32, 1.03, 1.08, 1.07, 1.29, 2.58, 3.82, 5.4, 6.73, 7.07, 6.04, 5.66, 5.9, 5.41, 5.63, 5.7, 5.81, 6.7, 8.03, 7.84, 8.36, 8.55, 8.8, 8.98, 8.74, 7.15, 5.39, 5.04, 4.94, 6.12, 6.68, 6.22, 5.45, 4.59, 5.2, 6.45, 6.14, 5.84, 5.33], [2.14, 2.23, 2.19, 1.2, 2.13, 2.19, 2.27, 2.49, 2.28, 1.89, 1.78, 2.03, 2.25, 1.81, 1.78, 1.88, 1.82, 2.46, 3.71, 3.72, 4.76, 5.712, 6.13, 6.29, 6.61, 6.31, 6.03, 5.63, 5.97, 6.7, 7.38, 8.03, 8.22, 9.27, 9.86, 9.703, 7.962, 5.71, 3.22, 2.36, 2.84, 2.8, 2.33, 1.21, 0, 1.16, 1.28, 1.11, 1.62, 1.61, 1.8, 1.56, 1.85, 2.87, 4.33, 5.64, 6.0, 4.93, 4.61, 4.79, 4.3, 4.54, 4.71, 4.8, 5.69, 7.06, 6.89, 7.37, 7.58, 7.85, 7.99, 7.77, 6.14, 4.36, 4.07, 3.91, 5.07, 5.71, 5.25, 4.5, 3.64, 4.19, 5.5, 5.27, 4.97, 4.5], [2.38, 2.57, 2.47, 1.7, 2.63, 2.71, 2.91, 3.03, 2.78, 2.39, 2.28, 2.49, 2.73, 2.19, 1.92, 2.08, 2.28, 3.0, 4.47, 4.48, 5.52, 6.472, 6.87, 7.05, 7.37, 7.07, 6.762, 6.35, 6.67, 7.42, 8.1, 8.75, 8.98, 9.99, 10.58, 10.432, 8.724, 6.47, 4.0, 3.06, 3.56, 3.54, 2.93, 1.93, 1.16, 0, 0.8, 1.41, 2.4, 2.35, 2.52, 2.06, 2.25, 3.01, 4.01, 5.12, 5.56, 4.47, 3.95, 4.05, 3.62, 3.78, 3.99, 4.08, 4.97, 6.36, 6.19, 6.65, 6.92, 7.11, 7.27, 7.05, 5.5, 3.76, 3.57, 3.55, 4.39, 5.07, 4.61, 3.86, 3.0, 3.55, 4.84, 4.71, 4.39, 3.9], [1.96, 2.31, 2.05, 1.64, 2.43, 2.55, 2.83, 2.93, 2.8, 2.39, 2.18, 2.41, 2.67, 2.09, 1.96, 2.02, 2.24, 2.94, 4.41, 4.38, 5.42, 6.377, 6.77, 7.01, 7.27, 6.97, 6.667, 6.31, 6.57, 7.34, 8.02, 8.67, 8.9, 9.91, 10.5, 10.34, 8.667, 6.41, 3.98, 3.04, 3.5, 3.44, 2.87, 2.01, 1.28, 0.8, 0, 1.21, 2.24, 2.31, 2.44, 2.08, 1.87, 2.57, 3.61, 4.74, 5.16, 4.29, 3.91, 4.09, 3.46, 3.82, 4.01, 4.14, 5.05, 6.44, 6.27, 6.73, 7.02, 7.17, 7.35, 7.13, 5.44, 3.64, 3.45, 3.41, 4.49, 5.13, 4.69, 3.98, 3.12, 3.63, 4.88, 4.71, 4.49, 4.0], [2.03, 2.52, 2.24, 1.49, 1.84, 1.88, 2.12, 2.14, 1.99, 1.88, 1.69, 1.84, 2.0, 1.72, 1.77, 1.91, 1.93, 2.23, 3.38, 3.39, 4.45, 5.37, 5.82, 6.04, 6.28, 6.08, 5.7, 5.34, 5.72, 6.41, 7.087, 7.737, 7.89, 8.977, 9.567, 9.43, 7.637, 5.38, 3.01, 2.21, 2.47, 2.51, 2.08, 1.32, 1.11, 1.41, 1.21, 0, 1.25, 1.32, 1.51, 1.19, 1.78, 2.86, 4.24, 5.59, 5.97, 5.18, 4.84, 5.06, 4.43, 4.79, 4.94, 5.07, 5.96, 7.33, 7.16, 7.64, 7.85, 8.08, 8.26, 8.04, 6.33, 4.49, 4.28, 4.08, 5.38, 5.92, 5.5, 4.77, 3.91, 4.44, 5.63, 5.46, 5.24, 4.75], [3.06, 3.53, 3.23, 2.08, 1.69, 1.69, 1.97, 1.79, 1.84, 1.91, 1.64, 1.99, 2.05, 1.87, 2.02, 2.0, 1.84, 2.02, 2.53, 2.4, 3.24, 4.22, 4.81, 5.03, 5.27, 5.11, 4.67, 4.31, 4.71, 5.2, 5.86, 6.49, 6.78, 7.73, 8.32, 8.2, 6.49, 4.29, 2.1, 1.6, 1.48, 1.66, 1.37, 1.03, 1.62, 2.4, 2.24, 1.25, 0, 0.63, 0.72, 1.08, 2.35, 3.67, 5.25, 6.72, 7.12, 6.41, 6.09, 6.29, 5.54, 6.02, 6.17, 6.3, 7.21, 8.52, 8.33, 8.87, 9.06, 9.29, 9.45, 9.25, 7.56, 5.72, 5.51, 5.27, 6.53, 7.13, 6.61, 5.88, 5.0, 5.53, 6.74, 6.51, 6.25, 5.76], [3.07, 3.48, 3.26, 2.15, 1.84, 1.86, 2.06, 2.02, 1.93, 2.06, 1.73, 2.04, 2.12, 1.82, 2.01, 1.95, 1.67, 1.81, 2.44, 2.29, 3.21, 4.23, 4.76, 4.98, 5.2, 4.98, 4.56, 4.2, 4.62, 5.19, 5.83, 6.48, 6.75, 7.72, 8.31, 8.19, 6.44, 4.26, 2.15, 1.41, 1.53, 1.59, 1.32, 1.08, 1.61, 2.35, 2.31, 1.32, 0.63, 0, 0.67, 1.19, 2.5, 3.78, 5.3, 6.75, 7.15, 6.44, 6.1, 6.28, 5.57, 6.01, 6.18, 6.31, 7.22, 8.53, 8.34, 8.88, 9.07, 9.3, 9.46, 9.26, 7.57, 5.73, 5.52, 5.26, 6.52, 7.16, 6.6, 5.87, 4.99, 5.52, 6.79, 6.6, 6.32, 5.83], [3.32, 3.71, 3.45, 2.26, 1.63, 1.55, 1.83, 1.77, 1.68, 2.03, 1.78, 1.83, 2.05, 1.87, 2.1, 2.02, 1.88, 1.98, 2.53, 2.26, 3.22, 4.22, 4.83, 4.97, 5.19, 5.07, 4.69, 4.31, 4.57, 5.16, 5.72, 6.35, 6.74, 7.51, 8.16, 8.0, 6.41, 4.23, 2.02, 1.4, 1.66, 1.64, 1.41, 1.07, 1.8, 2.52, 2.44, 1.51, 0.72, 0.67, 0, 0.98, 2.53, 3.77, 5.35, 6.82, 7.3, 6.65, 6.33, 6.51, 5.72, 6.24, 6.41, 6.54, 7.45, 8.76, 8.57, 9.11, 9.3, 9.51, 9.67, 9.47, 7.78, 5.94, 5.75, 5.49, 6.75, 7.37, 6.81, 6.1, 5.22, 5.75, 7.0, 6.79, 6.57, 6.06], [2.68, 3.05, 2.81, 1.94, 1.71, 1.61, 1.73, 1.83, 1.68, 1.67, 1.62, 1.89, 2.15, 2.03, 2.48, 2.48, 2.46, 2.78, 3.37, 3.06, 4.06, 5.08, 5.63, 5.77, 5.97, 5.85, 5.53, 5.15, 5.37, 5.86, 6.44, 7.09, 7.42, 8.25, 8.86, 8.7, 7.19, 4.95, 2.64, 2.0, 2.48, 2.36, 2.15, 1.29, 1.56, 2.06, 2.08, 1.19, 1.08, 1.19, 0.98, 0, 1.79, 3.07, 4.71, 6.18, 6.64, 5.99, 5.67, 5.83, 5.0, 5.54, 5.75, 5.88, 6.79, 8.1, 7.91, 8.45, 8.64, 8.83, 9.01, 8.81, 7.1, 5.26, 5.09, 4.85, 6.03, 6.71, 6.19, 5.46, 4.62, 5.13, 6.34, 6.15, 5.95, 5.44], [1.39, 1.78, 1.78, 2.03, 2.36, 2.4, 2.34, 2.8, 2.65, 2.16, 2.01, 2.3, 2.84, 2.5, 3.05, 3.19, 3.21, 3.77, 4.58, 4.57, 5.49, 6.53, 7.08, 7.32, 7.56, 7.38, 6.96, 6.58, 6.9, 7.37, 7.99, 8.68, 9.07, 9.9, 10.49, 10.35, 8.76, 6.58, 4.25, 3.51, 3.73, 3.79, 3.56, 2.58, 1.85, 2.25, 1.87, 1.78, 2.35, 2.5, 2.53, 1.79, 0, 1.4, 3.04, 4.53, 4.97, 4.32, 4.0, 4.16, 3.33, 3.87, 4.08, 4.21, 5.12, 6.45, 6.26, 6.78, 6.97, 7.16, 7.36, 7.14, 5.43, 3.61, 3.46, 3.28, 4.38, 5.04, 4.56, 3.85, 3.03, 3.52, 4.75, 4.6, 4.4, 3.91], [1.63, 1.78, 1.88, 2.91, 3.56, 3.68, 3.54, 4.12, 3.87, 3.38, 3.31, 3.46, 4.02, 3.78, 3.91, 4.03, 4.13, 4.87, 5.9, 5.93, 6.81, 7.79, 8.4, 8.66, 8.9, 8.72, 8.26, 7.9, 8.24, 8.73, 9.35, 10.04, 10.43, 11.14, 11.79, 11.65, 10.12, 7.94, 5.61, 4.85, 4.99, 5.11, 4.78, 3.82, 2.87, 3.01, 2.57, 2.86, 3.67, 3.78, 3.77, 3.07, 1.4, 0, 1.7, 3.29, 3.77, 3.12, 2.8, 2.96, 2.17, 2.79, 2.9, 3.01, 3.94, 5.29, 5.12, 5.58, 5.83, 6.02, 6.2, 5.98, 4.31, 2.63, 2.4, 2.34, 3.28, 3.92, 3.44, 2.75, 2.03, 2.4, 3.63, 3.52, 3.42, 2.97], [2.99, 2.88, 3.18, 4.45, 5.14, 5.28, 5.14, 5.72, 5.45, 4.9, 4.79, 4.96, 5.5, 5.18, 5.11, 5.29, 5.53, 6.33, 7.5, 7.53, 8.39, 9.39, 10.0, 10.26, 10.46, 10.24, 9.78, 9.42, 9.76, 10.39, 10.99, 11.62, 12.03, 12.72, 13.43, 13.29, 11.7, 9.54, 7.21, 6.43, 6.59, 6.65, 6.28, 5.4, 4.33, 4.01, 3.61, 4.24, 5.25, 5.3, 5.35, 4.71, 3.04, 1.7, 0, 1.67, 2.19, 1.72, 1.6, 1.44, 1.19, 1.73, 1.94, 2.03, 2.8, 3.75, 3.54, 4.02, 4.33, 4.44, 4.62, 4.4, 2.99, 1.87, 1.62, 1.62, 2.08, 2.54, 2.2, 2.09, 2.35, 2.02, 2.29, 2.3, 2.56, 2.61], [4.32, 4.15, 4.43, 5.72, 6.45, 6.63, 6.49, 7.07, 6.74, 6.17, 6.08, 6.25, 6.81, 6.39, 6.36, 6.52, 6.78, 7.58, 8.87, 8.9, 9.86, 10.8, 11.29, 11.57, 11.77, 11.51, 11.21, 10.81, 11.07, 11.84, 12.48, 13.11, 13.46, 14.31, 14.92, 14.76, 13.13, 10.93, 8.56, 7.72, 7.98, 7.94, 7.47, 6.73, 5.64, 5.12, 4.74, 5.59, 6.72, 6.75, 6.82, 6.18, 4.53, 3.29, 1.67, 0, 1.0, 1.35, 1.63, 1.29, 1.7, 1.84, 1.77, 1.7, 2.07, 2.6, 2.31, 2.73, 3.1, 2.91, 3.03, 2.87, 1.98, 2.18, 2.23, 2.17, 1.77, 1.67, 1.83, 2.52, 3.04, 2.61, 1.58, 1.67, 2.69, 2.84], [4.7, 4.55, 4.83, 6.12, 6.83, 7.05, 6.89, 7.45, 7.12, 6.57, 6.46, 6.63, 7.19, 6.81, 6.76, 6.92, 7.18, 7.98, 9.31, 9.3, 10.32, 11.277, 11.69, 11.93, 12.19, 11.93, 11.59, 11.21, 11.47, 12.22, 12.9, 13.55, 13.82, 14.79, 15.38, 15.232, 13.57, 11.33, 8.94, 8.1, 8.4, 8.36, 7.93, 7.07, 6.0, 5.56, 5.16, 5.97, 7.12, 7.15, 7.3, 6.64, 4.97, 3.77, 2.19, 1.0, 0, 1.49, 2.01, 1.69, 2.28, 2.36, 2.13, 2.02, 2.15, 2.6, 2.31, 2.51, 2.7, 2.51, 2.57, 2.43, 2.14, 2.7, 2.73, 2.61, 1.99, 1.87, 2.21, 2.92, 3.58, 3.15, 2.06, 2.11, 3.05, 3.22], [3.81, 3.44, 3.84, 5.01, 5.9, 6.16, 5.94, 6.52, 6.19, 5.48, 5.43, 5.68, 6.22, 5.76, 5.65, 5.83, 6.11, 6.97, 8.44, 8.53, 9.55, 10.482, 10.84, 11.02, 11.34, 11.1, 10.812, 10.44, 10.78, 11.57, 12.238, 12.888, 13.07, 14.128, 14.718, 14.561, 12.734, 10.44, 7.99, 7.07, 7.53, 7.51, 6.9, 6.04, 4.93, 4.47, 4.29, 5.18, 6.41, 6.44, 6.65, 5.99, 4.32, 3.12, 1.72, 1.35, 1.49, 0, 1.02, 0.94, 1.51, 1.63, 1.74, 1.65, 2.46, 3.03, 2.8, 3.02, 3.23, 3.12, 3.3, 3.06, 2.37, 1.97, 1.74, 1.58, 1.78, 1.92, 1.82, 2.23, 2.73, 2.4, 1.67, 1.68, 2.46, 2.63], [3.47, 3.08, 3.5, 4.65, 5.58, 5.76, 5.58, 6.18, 5.89, 5.22, 5.15, 5.34, 5.84, 5.42, 5.37, 5.55, 5.79, 6.63, 8.12, 8.15, 9.267, 10.139, 10.52, 10.7, 11.08, 10.797, 10.429, 10.12, 10.46, 11.25, 11.924, 12.574, 12.73, 13.814, 14.404, 14.247, 12.349, 10.1, 7.61, 6.73, 7.19, 7.19, 6.58, 5.66, 4.61, 3.95, 3.91, 4.84, 6.09, 6.1, 6.33, 5.67, 4.0, 2.8, 1.6, 1.63, 2.01, 1.02, 0, 0.76, 1.17, 1.25, 1.4, 1.49, 2.22, 2.89, 2.72, 3.06, 3.31, 3.4, 3.56, 3.38, 2.39, 1.67, 1.38, 1.62, 1.66, 1.82, 1.66, 1.81, 2.03, 1.74, 1.65, 1.52, 1.96, 2.13], [3.83, 3.4, 3.82, 4.99, 5.88, 6.1, 5.92, 6.5, 6.17, 5.46, 5.41, 5.66, 6.2, 5.74, 5.63, 5.81, 6.09, 6.95, 8.42, 8.43, 9.49, 10.422, 10.82, 11.0, 11.34, 11.02, 10.712, 10.32, 10.66, 11.41, 12.09, 12.74, 12.93, 13.98, 14.57, 14.413, 12.674, 10.42, 7.97, 7.01, 7.51, 7.49, 6.88, 5.9, 4.79, 4.05, 4.09, 5.06, 6.29, 6.28, 6.51, 5.83, 4.16, 2.96, 1.44, 1.29, 1.69, 0.94, 0.76, 0, 1.07, 1.05, 1.24, 1.21, 2.02, 2.65, 2.5, 2.92, 3.25, 3.2, 3.3, 3.14, 2.11, 1.59, 1.4, 1.58, 1.3, 1.58, 1.48, 1.65, 2.11, 1.82, 1.37, 1.36, 1.92, 2.03], [3.24, 2.89, 3.23, 4.46, 5.27, 5.49, 5.31, 5.91, 5.58, 4.93, 4.86, 5.11, 5.63, 5.15, 5.04, 5.24, 5.56, 6.36, 7.75, 7.74, 8.76, 9.717, 10.15, 10.41, 10.63, 10.33, 10.05, 9.63, 9.91, 10.6, 11.28, 11.97, 12.26, 13.19, 13.74, 13.594, 12.01, 9.79, 7.4, 6.48, 6.84, 6.8, 6.21, 5.41, 4.3, 3.62, 3.46, 4.43, 5.54, 5.57, 5.72, 5.0, 3.33, 2.17, 1.19, 1.7, 2.28, 1.51, 1.17, 1.07, 0, 0.84, 1.07, 1.2, 2.03, 3.18, 3.03, 3.49, 3.82, 3.93, 4.09, 3.87, 2.24, 1.26, 1.19, 1.31, 1.25, 1.95, 1.59, 1.52, 1.82, 1.55, 1.66, 1.55, 1.71, 1.84], [3.56, 3.19, 3.53, 4.7, 5.61, 5.79, 5.61, 6.21, 5.9, 5.21, 5.14, 5.37, 5.89, 5.45, 5.36, 5.54, 5.8, 6.66, 8.13, 8.16, 9.22, 10.149, 10.55, 10.73, 11.07, 10.75, 10.439, 10.05, 10.39, 11.12, 11.8, 12.47, 12.66, 13.71, 14.28, 14.126, 12.382, 10.13, 7.66, 6.74, 7.22, 7.22, 6.61, 5.63, 4.54, 3.78, 3.82, 4.79, 6.02, 6.01, 6.24, 5.54, 3.87, 2.79, 1.73, 1.84, 2.36, 1.63, 1.25, 1.05, 0.84, 0, 0.73, 0.8, 1.51, 2.7, 2.53, 3.07, 3.3, 3.45, 3.65, 3.43, 2.0, 1.08, 1.23, 1.23, 0.89, 1.45, 1.13, 1.2, 1.72, 1.49, 1.34, 1.25, 1.25, 1.44], [3.67, 3.24, 3.6, 4.71, 5.7, 5.86, 5.68, 6.28, 5.99, 5.3, 5.25, 5.44, 5.92, 5.54, 5.47, 5.65, 5.89, 6.75, 8.22, 8.27, 9.367, 10.256, 10.64, 10.82, 11.18, 10.897, 10.546, 10.2, 10.56, 11.33, 12.007, 12.657, 12.81, 13.897, 14.487, 14.33, 12.446, 10.2, 7.65, 6.83, 7.31, 7.31, 6.7, 5.7, 4.71, 3.99, 4.01, 4.94, 6.17, 6.18, 6.41, 5.75, 4.08, 2.9, 1.94, 1.77, 2.13, 1.74, 1.4, 1.24, 1.07, 0.73, 0, 0.55, 1.26, 2.49, 2.34, 2.82, 3.15, 3.28, 3.48, 3.22, 1.85, 1.21, 1.36, 1.24, 0.9, 1.38, 1.14, 1.23, 1.77, 1.74, 1.43, 1.32, 1.26, 1.25], [3.82, 3.35, 3.77, 4.86, 5.85, 6.03, 5.85, 6.45, 6.14, 5.43, 5.4, 5.59, 6.11, 5.69, 5.62, 5.8, 6.02, 6.9, 8.37, 8.4, 9.5, 10.389, 10.79, 10.97, 11.33, 11.03, 10.679, 10.33, 10.69, 11.46, 12.137, 12.787, 12.94, 14.027, 14.617, 14.46, 12.619, 10.37, 7.84, 6.96, 7.46, 7.46, 6.85, 5.81, 4.8, 4.08, 4.14, 5.07, 6.3, 6.31, 6.54, 5.88, 4.21, 3.01, 2.03, 1.7, 2.02, 1.65, 1.49, 1.21, 1.2, 0.8, 0.55, 0, 1.13, 2.38, 2.23, 2.71, 3.0, 3.19, 3.27, 3.11, 1.82, 1.22, 1.45, 1.39, 0.89, 1.31, 1.13, 1.24, 1.74, 1.73, 1.4, 1.33, 1.37, 1.48], [4.67, 4.16, 4.58, 5.67, 6.7, 6.84, 6.66, 7.26, 7.01, 6.3, 6.27, 6.46, 6.94, 6.54, 6.49, 6.67, 6.89, 7.75, 9.24, 9.27, 10.387, 11.25, 11.64, 11.82, 12.2, 11.917, 11.54, 11.24, 11.58, 12.37, 13.044, 13.694, 13.85, 14.934, 15.524, 15.367, 13.449, 11.18, 8.65, 7.79, 8.31, 8.31, 7.7, 6.7, 5.69, 4.97, 5.05, 5.96, 7.21, 7.22, 7.45, 6.79, 5.12, 3.94, 2.8, 2.07, 2.15, 2.46, 2.22, 2.02, 2.03, 1.51, 1.26, 1.13, 0, 1.43, 1.34, 1.9, 2.13, 2.32, 2.48, 2.3, 1.19, 1.99, 2.22, 2.08, 1.32, 1.26, 1.58, 1.79, 2.53, 2.24, 1.67, 1.68, 1.6, 1.89], [5.96, 5.41, 5.79, 6.88, 7.95, 8.13, 7.87, 8.47, 8.24, 7.51, 7.48, 7.67, 8.13, 7.75, 7.74, 7.9, 8.12, 8.98, 10.51, 10.58, 11.657, 12.46, 12.85, 13.03, 13.41, 13.167, 12.85, 12.546, 12.89, 13.676, 14.339, 14.989, 15.156, 16.229, 16.819, 16.662, 14.733, 12.39, 9.82, 9.0, 9.52, 9.52, 8.91, 8.03, 7.06, 6.36, 6.44, 7.33, 8.52, 8.53, 8.76, 8.1, 6.45, 5.29, 3.75, 2.6, 2.6, 3.03, 2.89, 2.65, 3.18, 2.7, 2.49, 2.38, 1.43, 0, 0.79, 0.89, 1.12, 1.41, 1.67, 1.45, 1.54, 3.14, 3.33, 3.29, 2.09, 1.59, 2.07, 2.76, 3.56, 3.09, 1.94, 2.21, 2.45, 2.92], [5.79, 5.26, 5.62, 6.71, 7.74, 7.96, 7.7, 8.32, 8.05, 7.34, 7.31, 7.5, 7.94, 7.56, 7.57, 7.73, 7.95, 8.77, 10.32, 10.39, 11.467, 12.296, 12.66, 12.86, 13.24, 12.977, 12.666, 12.359, 12.7, 13.489, 14.152, 14.802, 14.969, 16.042, 16.632, 16.475, 14.546, 12.22, 9.65, 8.85, 9.33, 9.33, 8.72, 7.84, 6.89, 6.19, 6.27, 7.16, 8.33, 8.34, 8.57, 7.91, 6.26, 5.12, 3.54, 2.31, 2.31, 2.8, 2.72, 2.5, 3.03, 2.53, 2.34, 2.23, 1.34, 0.79, 0, 0.98, 1.27, 1.5, 1.56, 1.36, 1.39, 2.99, 3.16, 3.12, 1.92, 1.32, 1.9, 2.57, 3.39, 2.84, 1.75, 1.98, 2.24, 2.71], [6.25, 5.74, 6.16, 7.25, 8.26, 8.48, 8.24, 8.86, 8.59, 7.9, 7.85, 8.04, 8.48, 8.12, 8.07, 8.27, 8.47, 9.31, 10.82, 10.93, 12.001, 12.876, 13.2, 13.4, 13.78, 13.531, 13.206, 12.9, 13.24, 14.03, 14.698, 15.348, 15.51, 16.588, 17.178, 17.021, 15.086, 12.76, 10.19, 9.43, 9.87, 9.87, 9.26, 8.36, 7.37, 6.65, 6.73, 7.64, 8.87, 8.88, 9.11, 8.45, 6.78, 5.58, 4.02, 2.73, 2.51, 3.02, 3.06, 2.92, 3.49, 3.07, 2.82, 2.71, 1.9, 0.89, 0.98, 0, 0.77, 1.08, 1.44, 1.0, 1.75, 3.45, 3.62, 3.66, 2.54, 1.92, 2.52, 3.15, 3.99, 3.4, 2.37, 2.56, 2.92, 3.25], [6.5, 5.97, 6.29, 7.38, 8.45, 8.65, 8.39, 9.03, 8.78, 8.09, 8.06, 8.27, 8.69, 8.35, 8.26, 8.46, 8.64, 9.48, 11.01, 11.12, 12.188, 13.051, 13.367, 13.567, 13.95, 13.718, 13.381, 13.09, 13.43, 14.22, 14.888, 15.538, 15.7, 16.778, 17.368, 17.211, 15.279, 12.91, 10.38, 9.6, 10.04, 10.04, 9.43, 8.55, 7.58, 6.92, 7.02, 7.85, 9.06, 9.07, 9.3, 8.64, 6.97, 5.83, 4.33, 3.1, 2.7, 3.23, 3.31, 3.25, 3.82, 3.3, 3.15, 3.0, 2.13, 1.12, 1.27, 0.77, 0, 1.05, 1.49, 1.05, 2.18, 3.74, 3.87, 3.89, 2.67, 2.03, 2.61, 3.28, 4.16, 3.57, 2.52, 2.77, 2.93, 3.46], [6.69, 6.16, 6.54, 7.67, 8.64, 8.84, 8.6, 9.22, 8.97, 8.28, 8.23, 8.44, 8.9, 8.52, 8.51, 8.65, 8.89, 9.71, 11.22, 11.31, 12.384, 13.227, 13.58, 13.78, 14.16, 13.894, 13.568, 13.28, 13.62, 14.41, 15.075, 15.725, 15.89, 16.965, 17.555, 17.398, 15.469, 13.12, 10.63, 9.77, 10.25, 10.25, 9.66, 8.8, 7.85, 7.11, 7.17, 8.08, 9.29, 9.3, 9.51, 8.83, 7.16, 6.02, 4.44, 2.91, 2.51, 3.12, 3.4, 3.2, 3.93, 3.45, 3.28, 3.19, 2.32, 1.41, 1.5, 1.08, 1.05, 0, 0.8, 0.78, 2.03, 3.83, 4.12, 4.06, 2.92, 2.3, 2.86, 3.53, 4.39, 3.8, 2.63, 2.8, 3.32, 3.69], [6.87, 6.38, 6.74, 7.85, 8.88, 9.1, 8.82, 9.42, 9.17, 8.42, 8.41, 8.58, 9.1, 8.68, 8.67, 8.81, 9.05, 9.91, 11.44, 11.49, 12.57, 13.359, 13.76, 13.94, 14.32, 14.08, 13.769, 13.453, 13.8, 14.583, 15.246, 15.896, 16.063, 17.136, 17.726, 17.569, 15.692, 13.34, 10.83, 9.93, 10.43, 10.43, 9.84, 8.98, 7.99, 7.27, 7.35, 8.26, 9.45, 9.46, 9.67, 9.01, 7.36, 6.2, 4.62, 3.03, 2.57, 3.3, 3.56, 3.3, 4.09, 3.65, 3.48, 3.27, 2.48, 1.67, 1.56, 1.44, 1.49, 0.8, 0, 0.76, 2.17, 4.01, 4.32, 4.24, 3.1, 2.5, 3.04, 3.77, 4.47, 3.94, 2.83, 3.0, 3.56, 3.91], [6.63, 6.12, 6.5, 7.61, 8.64, 8.88, 8.58, 9.18, 8.91, 8.2, 8.15, 8.34, 8.86, 8.48, 8.41, 8.57, 8.79, 9.67, 11.18, 11.31, 12.361, 13.196, 13.54, 13.72, 14.08, 13.871, 13.582, 13.26, 13.596, 14.386, 15.049, 15.699, 15.87, 16.939, 17.529, 17.372, 15.472, 13.1, 10.59, 9.75, 10.21, 10.21, 9.6, 8.74, 7.77, 7.05, 7.13, 8.04, 9.25, 9.26, 9.47, 8.81, 7.14, 5.98, 4.4, 2.87, 2.43, 3.06, 3.38, 3.14, 3.87, 3.43, 3.22, 3.11, 2.3, 1.45, 1.36, 1.0, 1.05, 0.78, 0.76, 0, 2.03, 3.77, 4.06, 4.0, 2.88, 2.2, 2.8, 3.49, 4.27, 3.74, 2.59, 2.78, 3.3, 3.67], [4.78, 4.31, 4.65, 5.84, 6.91, 7.17, 6.81, 7.45, 7.2, 6.49, 6.42, 6.55, 7.03, 6.77, 6.68, 6.88, 7.04, 7.94, 9.47, 9.58, 10.633, 11.449, 11.75, 11.87, 12.29, 12.143, 11.859, 11.541, 11.881, 12.671, 13.333, 13.983, 14.151, 15.223, 15.804, 15.647, 13.762, 11.27, 8.86, 8.04, 8.32, 8.36, 7.83, 7.15, 6.14, 5.5, 5.44, 6.33, 7.56, 7.57, 7.78, 7.1, 5.43, 4.31, 2.99, 1.98, 2.14, 2.37, 2.39, 2.11, 2.24, 2.0, 1.85, 1.82, 1.19, 1.54, 1.39, 1.75, 2.18, 2.03, 2.17, 2.03, 0, 2.0, 2.23, 2.37, 1.53, 1.13, 1.71, 2.24, 2.98, 2.49, 1.5, 1.49, 1.97, 2.22], [2.98, 2.75, 2.89, 4.08, 5.11, 5.37, 5.03, 5.67, 5.38, 4.69, 4.7, 4.91, 5.31, 4.97, 4.86, 5.0, 5.3, 6.18, 7.65, 7.76, 8.799, 9.632, 9.97, 10.13, 10.51, 10.33, 10.05, 9.706, 10.046, 10.816, 11.479, 12.129, 12.32, 13.369, 13.959, 13.802, 11.962, 9.51, 7.08, 6.18, 6.6, 6.58, 6.07, 5.39, 4.36, 3.76, 3.64, 4.49, 5.72, 5.73, 5.94, 5.26, 3.61, 2.63, 1.87, 2.18, 2.7, 1.97, 1.67, 1.59, 1.26, 1.08, 1.21, 1.22, 1.99, 3.14, 2.99, 3.45, 3.74, 3.83, 4.01, 3.77, 2.0, 0, 0.89, 1.03, 1.59, 1.87, 1.51, 1.28, 1.62, 1.43, 1.68, 1.61, 1.37, 1.28], [2.71, 2.28, 2.56, 3.65, 4.88, 5.12, 4.78, 5.44, 5.21, 4.44, 4.47, 4.62, 4.9, 4.74, 4.59, 4.77, 4.95, 5.89, 7.46, 7.57, 8.615, 9.418, 9.72, 9.86, 10.28, 10.125, 9.828, 9.522, 9.862, 10.652, 11.315, 11.965, 12.132, 13.205, 13.788, 13.631, 11.708, 9.18, 6.75, 5.91, 6.27, 6.29, 5.78, 5.04, 4.07, 3.57, 3.45, 4.28, 5.51, 5.52, 5.75, 5.09, 3.46, 2.4, 1.62, 2.23, 2.73, 1.74, 1.38, 1.4, 1.19, 1.23, 1.36, 1.45, 2.22, 3.33, 3.16, 3.62, 3.87, 4.12, 4.32, 4.06, 2.23, 0.89, 0, 1.0, 1.68, 2.12, 1.68, 1.41, 1.67, 1.58, 1.95, 1.68, 1.62, 1.61], [2.81, 2.54, 2.66, 3.83, 4.72, 4.96, 4.76, 5.34, 5.01, 4.32, 4.37, 4.66, 5.0, 4.68, 4.51, 4.73, 4.95, 5.77, 7.26, 7.35, 8.39, 9.262, 9.62, 9.8, 10.14, 9.9, 9.64, 9.28, 9.62, 10.409, 11.072, 11.722, 11.89, 12.962, 13.552, 13.395, 11.552, 9.22, 6