[[0, 0.72, 1.34, 2.04, 2.66, 2.68, 2.48, 3.141, 3.948, 3.583, 2.66, 1.83, 1.6, 1.66, 1.29, 1.63, 1.52, 1.6, 1.47, 1.78, 2.74, 3.94, 4.2, 3.93, 3.71, 3.64, 3.64, 3.5, 2.95, 3.12, 2.78, 2.32, 1.93, 1.75, 1.62, 2.02, 2.43, 3.29, 4.09, 4.45, 4.85, 5.46, 6.13, 5.515, 5.362, 4.98, 3.34, 2.8, 2.7, 2.64, 2.59, 3.09, 3.25, 3.68, 4.69, 5.9, 6.367, 5.76, 5.29, 4.7, 3.86, 4.31, 4.11, 4.01, 3.87, 3.64, 3.73, 3.67, 3.57, 3.17, 2.55, 2.39, 2.42, 1.9, 2.45, 2.922, 3.69, 3.602, 3.002, 3.289, 2.849, 2.39, 2.8, 2.83, 2.47, 2.96], [0.72, 0, 1.2, 2.02, 2.74, 2.68, 2.54, 3.258, 4.065, 3.655, 2.54, 1.71, 1.5, 1.48, 1.25, 1.53, 1.4, 1.6, 1.53, 1.82, 2.78, 4.0, 4.26, 4.05, 3.826, 3.76, 3.8, 3.64, 3.03, 3.24, 2.9, 2.26, 1.73, 1.53, 1.48, 1.78, 2.23, 3.17, 4.01, 4.37, 4.61, 5.24, 5.85, 5.235, 5.065, 4.7, 3.06, 2.6, 2.42, 2.38, 2.35, 2.65, 2.89, 3.34, 4.57, 5.68, 6.229, 5.599, 5.03, 4.56, 3.7, 3.89, 3.77, 3.65, 3.55, 3.3, 3.37, 3.31, 3.43, 3.15, 2.41, 2.35, 2.36, 1.88, 2.41, 2.742, 3.45, 3.325, 2.822, 3.266, 2.864, 2.33, 2.9, 2.87, 2.59, 3.0], [1.34, 1.2, 0, 1.64, 2.42, 2.34, 2.1, 3.029, 3.859, 3.389, 2.24, 1.51, 1.56, 1.46, 1.51, 1.59, 1.54, 1.66, 1.57, 1.9, 2.68, 3.88, 4.06, 3.83, 3.53, 3.52, 3.56, 3.3, 2.87, 3.06, 2.74, 1.8, 1.55, 1.75, 1.84, 1.96, 2.21, 3.07, 3.93, 4.27, 4.41, 4.76, 5.39, 5.02, 4.79, 4.32, 2.68, 2.38, 2.58, 2.66, 2.61, 2.91, 3.39, 3.64, 4.849, 5.96, 6.569, 5.939, 5.39, 5.02, 4.14, 4.01, 3.69, 3.61, 3.589, 3.339, 3.429, 3.43, 3.57, 3.39, 2.69, 2.49, 2.62, 1.96, 2.57, 3.1, 3.69, 3.64, 3.18, 3.649, 2.989, 2.49, 3.0, 2.79, 2.51, 3.12], [2.04, 2.02, 1.64, 0, 1.28, 1.5, 1.54, 1.75, 2.7, 2.35, 2.44, 2.23, 2.16, 2.04, 2.03, 1.73, 1.46, 1.42, 1.47, 1.58, 1.9, 2.68, 2.68, 2.45, 2.33, 2.46, 2.54, 2.46, 1.53, 1.8, 1.74, 1.72, 1.77, 1.69, 1.78, 1.68, 2.15, 2.73, 3.61, 3.99, 4.47, 5.36, 6.37, 6.351, 6.01, 5.32, 3.46, 2.96, 3.64, 3.76, 3.69, 4.09, 4.63, 5.0, 6.277, 7.38, 7.981, 7.35, 6.75, 6.4, 5.38, 4.91, 4.39, 4.19, 4.11, 3.92, 4.05, 4.07, 4.23, 4.29, 3.57, 3.49, 3.62, 2.6, 3.05, 3.78, 4.53, 4.44, 3.78, 3.875, 3.632, 3.23, 3.46, 3.23, 2.89, 3.12], [2.66, 2.74, 2.42, 1.28, 0, 0.88, 1.04, 1.29, 1.96, 1.85, 2.52, 2.45, 2.44, 2.6, 2.75, 2.43, 2.36, 1.96, 2.13, 1.72, 1.5, 2.1, 2.06, 1.67, 1.67, 1.62, 1.54, 1.56, 1.25, 1.56, 1.48, 1.7, 2.05, 2.19, 2.3, 2.26, 2.65, 3.43, 4.29, 4.73, 5.33, 5.94, 7.104, 7.111, 6.767, 6.02, 4.14, 3.36, 4.0, 4.16, 4.13, 4.73, 5.19, 5.78, 7.077, 8.176, 8.783, 8.15, 7.515, 7.14, 5.86, 5.15, 4.51, 4.23, 3.89, 3.6, 3.67, 3.87, 4.41, 4.53, 3.83, 3.67, 4.0, 2.96, 2.97, 3.58, 4.29, 4.16, 3.52, 3.382, 3.23, 2.93, 3.06, 2.97, 2.79, 2.84], [2.68, 2.68, 2.34, 1.5, 0.88, 0, 1.16, 1.55, 2.06, 2.03, 2.62, 2.39, 2.42, 2.42, 2.77, 2.59, 2.44, 1.92, 2.07, 1.58, 1.58, 2.2, 2.14, 1.87, 1.81, 1.72, 1.66, 1.66, 1.55, 1.72, 1.66, 1.66, 2.01, 2.15, 2.3, 2.5, 3.07, 3.89, 4.73, 5.15, 5.75, 6.18, 7.21, 7.111, 6.77, 6.14, 4.24, 3.32, 3.92, 4.08, 4.05, 4.59, 5.09, 5.688, 6.983, 8.096, 8.695, 8.056, 7.463, 7.04, 5.72, 4.83, 4.21, 3.89, 3.49, 3.32, 3.45, 3.51, 3.97, 4.11, 3.53, 3.41, 3.72, 2.74, 2.73, 3.32, 3.97, 3.9, 3.18, 3.19, 2.99, 2.71, 2.92, 2.83, 2.55, 2.6], [2.48, 2.54, 2.1, 1.54, 1.04, 1.16, 0, 1.15, 2.06, 1.57, 2.06, 1.97, 1.98, 2.18, 2.47, 2.21, 2.32, 2.04, 2.21, 1.66, 1.6, 2.44, 2.32, 1.97, 1.83, 1.84, 1.9, 1.72, 1.61, 1.84, 1.4, 1.34, 1.89, 2.09, 2.2, 2.36, 2.73, 3.71, 4.59, 4.97, 5.39, 5.92, 6.69, 6.768, 6.424, 5.58, 3.76, 2.84, 3.4, 3.66, 3.67, 4.389, 4.83, 5.456, 6.762, 7.847, 8.489, 7.858, 7.226, 6.8, 5.26, 4.55, 3.97, 3.59, 3.31, 3.06, 3.17, 3.29, 3.71, 3.87, 3.21, 3.03, 3.32, 2.36, 2.33, 2.94, 3.69, 3.6, 2.92, 2.93, 2.65, 2.45, 2.5, 2.47, 2.27, 2.52], [3.141, 3.258, 3.029, 1.75, 1.29, 1.55, 1.15, 0, 1.19, 0.92, 2.01, 2.52, 2.61, 2.861, 2.957, 2.64, 2.51, 2.37, 2.66, 2.09, 1.33, 1.65, 1.55, 1.24, 1.22, 1.47, 1.69, 1.69, 1.32, 1.41, 1.31, 1.79, 2.637, 2.459, 2.55, 2.71, 3.12, 3.7, 4.56, 4.98, 5.68, 6.63, 7.627, 7.704, 7.348, 6.508, 4.63, 3.47, 4.05, 4.21, 4.28, 5.213, 5.565, 6.366, 7.681, 8.78, 9.404, 8.765, 8.167, 7.626, 5.87, 4.92, 4.24, 3.88, 3.6, 3.27, 3.38, 3.64, 4.0, 4.12, 3.4, 3.34, 3.73, 2.79, 2.54, 3.13, 3.88, 3.81, 3.15, 2.98, 2.72, 2.68, 2.67, 2.58, 2.46, 2.51], [3.948, 4.065, 3.859, 2.7, 1.96, 2.06, 2.06, 1.19, 0, 1.03, 2.36, 3.316, 3.34, 3.665, 3.767, 3.43, 3.291, 3.151, 3.421, 2.86, 1.7, 1.06, 0.98, 1.17, 1.39, 1.4, 1.68, 2.0, 2.13, 2.04, 2.16, 2.8, 3.479, 3.289, 3.365, 3.54, 4.13, 4.49, 5.31, 5.85, 6.57, 7.56, 8.58, 8.534, 8.205, 7.498, 5.612, 4.306, 4.766, 4.92, 5.044, 6.046, 6.387, 7.176, 8.494, 9.581, 10.22, 9.58, 8.96, 8.43, 6.657, 5.51, 4.69, 4.39, 4.03, 3.76, 3.81, 4.07, 4.47, 4.59, 3.87, 3.99, 4.38, 3.36, 2.99, 3.5, 4.21, 4.18, 3.44, 3.07, 2.95, 3.07, 2.88, 2.87, 2.85, 2.8], [3.583, 3.655, 3.389, 2.35, 1.85, 2.03, 1.57, 0.92, 1.03, 0, 1.69, 2.811, 2.858, 3.252, 3.322, 2.963, 2.91, 2.87, 3.22, 2.71, 1.47, 1.53, 1.43, 1.46, 1.52, 1.73, 2.03, 2.09, 1.82, 1.85, 1.83, 2.31, 3.019, 2.856, 2.97, 3.17, 3.48, 4.06, 4.9, 5.3, 5.9, 6.93, 8.003, 7.978, 7.617, 6.779, 4.95, 3.85, 4.23, 4.49, 4.633, 5.59, 5.965, 6.736, 8.066, 9.151, 9.786, 9.155, 8.524, 7.997, 6.175, 5.1, 4.24, 3.94, 3.58, 3.39, 3.48, 3.64, 4.06, 4.12, 3.42, 3.6, 3.97, 2.95, 2.56, 3.03, 3.78, 3.79, 2.91, 2.7, 2.56, 2.66, 2.49, 2.44, 2.48, 2.55], [2.66, 2.54, 2.24, 2.44, 2.52, 2.62, 2.06, 2.01, 2.36, 1.69, 0, 1.41, 1.72, 2.16, 2.17, 1.99, 2.3, 2.5, 2.69, 2.44, 1.92, 2.52, 2.58, 2.55, 2.53, 2.52, 2.84, 2.82, 2.63, 2.38, 2.08, 2.06, 2.11, 1.85, 2.1, 2.36, 2.99, 4.09, 4.87, 5.15, 5.27, 5.98, 6.87, 6.56, 6.23, 5.58, 3.86, 2.68, 2.76, 3.0, 3.141, 4.19, 4.506, 5.312, 6.642, 7.724, 8.362, 7.732, 7.095, 6.57, 4.72, 3.67, 2.87, 2.69, 2.63, 2.52, 2.59, 2.71, 2.79, 2.77, 2.03, 2.21, 2.56, 1.84, 1.73, 2.06, 2.79, 2.76, 2.2, 2.666, 2.05, 1.79, 2.02, 1.81, 1.75, 2.28], [1.83, 1.71, 1.51, 2.23, 2.45, 2.39, 1.97, 2.52, 3.316, 2.811, 1.41, 0, 0.83, 1.09, 1.4, 1.52, 1.75, 1.81, 2.0, 1.77, 2.23, 3.25, 3.51, 3.26, 3.08, 3.07, 3.23, 2.93, 2.68, 2.77, 2.39, 1.71, 1.48, 1.46, 1.37, 1.85, 2.58, 3.7, 4.54, 4.82, 4.88, 5.17, 5.84, 5.41, 5.14, 4.69, 2.99, 1.69, 1.79, 1.93, 2.0, 2.92, 3.24, 4.07, 5.372, 6.458, 7.102, 6.462, 5.822, 5.303, 3.63, 3.16, 2.86, 2.78, 2.7, 2.55, 2.62, 2.66, 2.64, 2.42, 1.82, 1.62, 1.71, 1.47, 1.88, 2.286, 2.82, 2.77, 2.449, 3.076, 2.359, 1.76, 2.303, 2.18, 1.94, 2.61], [1.6, 1.5, 1.56, 2.16, 2.44, 2.42, 1.98, 2.61, 3.34, 2.858, 1.72, 0.83, 0, 0.78, 1.13, 1.29, 1.52, 1.72, 1.87, 1.74, 2.24, 3.36, 3.54, 3.33, 3.09, 3.04, 3.2, 2.96, 2.63, 2.68, 2.26, 1.74, 1.37, 1.39, 1.16, 1.7, 2.27, 3.41, 4.23, 4.55, 4.79, 5.16, 5.85, 5.36, 5.17, 4.72, 2.98, 1.82, 1.88, 1.96, 2.01, 2.91, 3.21, 3.988, 5.285, 6.391, 7.005, 6.375, 5.755, 5.216, 3.64, 3.35, 3.19, 3.11, 3.01, 2.82, 2.93, 2.89, 2.87, 2.55, 2.03, 1.79, 1.88, 1.42, 1.79, 2.356, 3.049, 3.0, 2.631, 3.115, 2.561, 1.849, 2.32, 2.11, 1.91, 2.507], [1.66, 1.48, 1.46, 2.04, 2.6, 2.42, 2.18, 2.861, 3.665, 3.252, 2.16, 1.09, 0.78, 0, 0.93, 1.33, 1.32, 1.56, 1.71, 1.54, 2.34, 3.6, 3.82, 3.65, 3.37, 3.32, 3.388, 3.2, 2.73, 2.82, 2.5, 1.72, 1.43, 1.33, 1.1, 1.54, 2.11, 3.21, 4.09, 4.41, 4.55, 4.92, 5.47, 5.1, 4.85, 4.46, 2.74, 1.84, 2.08, 2.0, 1.97, 2.51, 2.89, 3.66, 4.975, 6.06, 6.692, 6.062, 5.47, 4.9, 3.78, 3.43, 3.29, 3.33, 3.204, 3.091, 3.161, 3.11, 3.05, 2.69, 2.19, 2.01, 1.9, 1.76, 2.121, 2.576, 3.226, 3.159, 2.851, 3.435, 2.881, 2.101, 2.625, 2.489, 2.218, 2.807], [1.29, 1.25, 1.51, 2.03, 2.75, 2.77, 2.47, 2.957, 3.767, 3.322, 2.17, 1.4, 1.13, 0.93, 0, 0.94, 1.07, 1.39, 1.42, 1.65, 2.41, 3.65, 3.852, 3.685, 3.48, 3.45, 3.57, 3.45, 2.68, 2.69, 2.51, 1.99, 1.64, 1.26, 1.11, 1.41, 1.9, 2.88, 3.76, 4.1, 4.28, 4.99, 5.66, 5.15, 4.96, 4.61, 2.99, 2.35, 2.41, 2.33, 2.24, 2.76, 3.02, 3.65, 4.92, 5.99, 6.64, 6.009, 5.38, 4.91, 4.03, 3.98, 3.84, 3.84, 3.694, 3.47, 3.574, 3.56, 3.48, 3.1, 2.26, 2.14, 2.23, 1.87, 2.219, 2.906, 3.599, 3.57, 3.166, 3.576, 3.071, 2.396, 2.949, 2.807, 2.548, 3.093], [1.63, 1.53, 1.59, 1.73, 2.43, 2.59, 2.21, 2.64, 3.43, 2.963, 1.99, 1.52, 1.29, 1.33, 0.94, 0, 0.91, 1.43, 1.48, 1.71, 2.29, 3.41, 3.41, 3.272, 3.04, 3.13, 3.29, 3.17, 2.18, 2.31, 2.21, 1.91, 1.68, 1.3, 1.01, 1.01, 1.64, 2.44, 3.3, 3.58, 3.92, 4.79, 5.54, 5.31, 4.94, 4.41, 2.89, 2.29, 2.53, 2.65, 2.46, 2.98, 3.38, 4.03, 5.348, 6.443, 7.051, 6.421, 5.78, 5.41, 4.45, 4.28, 4.02, 3.88, 3.936, 3.786, 3.896, 3.9, 3.86, 3.54, 2.7, 2.64, 2.77, 2.35, 2.739, 3.389, 4.139, 4.052, 3.589, 4.036, 3.568, 2.939, 3.392, 3.179, 2.856, 3.483], [1.52, 1.4, 1.54, 1.46, 2.36, 2.44, 2.32, 2.51, 3.291, 2.91, 2.3, 1.75, 1.52, 1.32, 1.07, 0.91, 0, 0.98, 1.23, 1.66, 1.98, 3.08, 3.28, 3.129, 2.95, 3.14, 3.34, 3.24, 2.13, 2.3, 2.44, 1.98, 1.59, 1.29, 1.0, 1.2, 1.77, 2.43, 3.27, 3.63, 4.17, 5.12, 5.97, 5.58, 5.35, 4.94, 3.2, 2.58, 2.84, 2.9, 2.83, 3.21, 3.69, 4.16, 5.426, 6.52, 7.126, 6.5, 5.91, 5.58, 4.68, 4.43, 4.17, 4.07, 3.99, 3.84, 3.89, 3.89, 3.93, 3.65, 2.79, 2.73, 2.86, 2.3, 2.69, 3.482, 4.189, 4.102, 3.582, 3.906, 3.544, 2.89, 3.365, 3.189, 2.798, 3.316], [1.6, 1.6, 1.66, 1.42, 1.96, 1.92, 2.04, 2.37, 3.151, 2.87, 2.5, 1.81, 1.72, 1.56, 1.39, 1.43, 0.98, 0, 0.77, 1.02, 1.86, 2.88, 3.08, 2.95, 2.83, 2.94, 2.9, 2.7, 1.97, 1.96, 2.06, 1.72, 1.53, 1.35, 1.28, 1.64, 2.35, 2.89, 3.71, 4.17, 4.77, 5.52, 6.29, 5.92, 5.67, 5.26, 3.56, 2.94, 3.18, 3.2, 3.19, 3.41, 3.97, 4.34, 5.629, 6.76, 7.329, 6.72, 6.15, 5.8, 5.02, 4.53, 4.13, 4.05, 3.97, 3.76, 3.83, 3.83, 3.91, 3.85, 3.01, 2.87, 3.04, 2.18, 2.63, 3.402, 4.05, 3.942, 3.442, 3.595, 3.332, 2.738, 3.099, 2.969, 2.53, 2.819], [1.47, 1.53, 1.57, 1.47, 2.13, 2.07, 2.21, 2.66, 3.421, 3.22, 2.69, 2.0, 1.87, 1.71, 1.42, 1.48, 1.23, 0.77, 0, 0.95, 2.19, 3.21, 3.403, 3.239, 3.1, 3.17, 3.143, 2.93, 2.18, 2.25, 2.19, 1.99, 1.62, 1.52, 1.51, 1.95, 2.42, 3.02, 3.88, 4.28, 4.88, 5.55, 6.16, 5.67, 5.46, 5.05, 3.51, 3.03, 3.19, 3.19, 3.16, 3.32, 3.76, 4.15, 5.32, 6.45, 7.02, 6.39, 5.86, 5.59, 4.93, 4.62, 4.26, 4.16, 4.0, 3.87, 3.94, 3.9, 3.86, 3.82, 3.06, 3.04, 2.97, 2.21, 2.82, 3.495, 4.16, 4.015, 3.432, 3.625, 3.402, 2.808, 3.129, 3.06, 2.62, 2.709], [1.78, 1.82, 1.9, 1.58, 1.72, 1.58, 1.66, 2.09, 2.86, 2.71, 2.44, 1.77, 1.74, 1.54, 1.65, 1.71, 1.66, 1.02, 0.95, 0, 1.68, 2.66, 2.86, 2.71, 2.53, 2.6, 2.56, 2.34, 1.87, 1.96, 1.74, 1.58, 1.71, 1.57, 1.62, 2.22, 2.95, 3.69, 4.55, 4.97, 5.51, 6.08, 6.61, 6.1, 5.85, 5.5, 3.88, 3.02, 3.06, 3.08, 3.05, 3.45, 3.91, 4.56, 5.878, 7.0, 7.581, 6.951, 6.37, 5.88, 4.96, 4.35, 3.85, 3.69, 3.41, 3.24, 3.33, 3.33, 3.57, 3.61, 3.01, 2.85, 2.88, 2.1, 2.49, 2.98, 3.69, 3.551, 2.94, 3.038, 2.775, 2.341, 2.54, 2.45, 2.05, 2.2], [2.74, 2.78, 2.68, 1.9, 1.5, 1.58, 1.6, 1.33, 1.7, 1.47, 1.92, 2.23, 2.24, 2.34, 2.41, 2.29, 1.98, 1.86, 2.19, 1.68, 0, 1.36, 1.62, 1.65, 1.63, 1.82, 1.92, 2.1, 1.79, 1.88, 1.78, 1.98, 2.27, 1.99, 2.06, 2.54, 3.33, 3.95, 4.83, 5.23, 5.83, 6.76, 7.61, 7.3, 7.03, 6.6, 4.84, 3.54, 3.82, 4.02, 3.93, 4.73, 5.15, 5.879, 7.198, 8.3, 8.901, 8.271, 7.67, 7.18, 5.66, 4.81, 4.07, 3.85, 3.41, 3.1, 3.19, 3.41, 3.91, 4.01, 3.27, 3.21, 3.6, 2.6, 2.51, 3.12, 3.75, 3.54, 2.94, 2.687, 2.55, 2.37, 2.42, 2.49, 2.31, 2.42], [3.94, 4.0, 3.88, 2.68, 2.1, 2.2, 2.44, 1.65, 1.06, 1.53, 2.52, 3.25, 3.36, 3.6, 3.65, 3.41, 3.08, 2.88, 3.21, 2.66, 1.36, 0, 0.86, 1.27, 1.71, 1.86, 2.12, 2.38, 2.37, 2.2, 2.38, 3.1, 3.37, 3.21, 3.24, 3.58, 4.31, 4.57, 5.33, 5.93, 6.75, 7.74, 8.77, 8.54, 8.23, 7.74, 5.92, 4.5, 4.8, 4.92, 4.99, 6.03, 6.409, 7.165, 8.494, 9.593, 10.197, 9.567, 8.93, 8.473, 6.7, 5.47, 4.61, 4.31, 3.93, 3.68, 3.69, 3.99, 4.51, 4.55, 3.83, 3.93, 4.44, 3.36, 3.15, 3.6, 4.41, 4.16, 3.42, 3.03, 2.97, 3.19, 2.88, 2.99, 2.89, 2.8], [4.2, 4.26, 4.06, 2.68, 2.06, 2.14, 2.32, 1.55, 0.98, 1.43, 2.58, 3.51, 3.54, 3.82, 3.852, 3.41, 3.28, 3.08, 3.403, 2.86, 1.62, 0.86, 0, 1.11, 1.45, 1.72, 1.84, 2.04, 2.19, 2.0, 2.2, 2.98, 3.51, 3.41, 3.44, 3.56, 4.19, 4.45, 5.17, 5.83, 6.63, 7.6, 8.67, 8.671, 8.29, 7.56, 5.72, 4.54, 4.98, 5.22, 5.17, 6.23, 6.609, 7.365, 8.694, 9.793, 10.397, 9.767, 9.13, 8.68, 6.96, 5.77, 4.85, 4.57, 4.25, 4.0, 4.03, 4.29, 4.81, 4.87, 4.15, 4.27, 4.72, 3.7, 3.49, 3.96, 4.77, 4.52, 3.74, 3.33, 3.33, 3.49, 3.22, 3.31, 3.25, 3.16], [3.93, 4.05, 3.83, 2.45, 1.67, 1.87, 1.97, 1.24, 1.17, 1.46, 2.55, 3.26, 3.33, 3.65, 3.685, 3.272, 3.129, 2.95, 3.239, 2.71, 1.65, 1.27, 1.11, 0, 1.04, 1.51, 1.67, 1.83, 1.7, 1.61, 2.01, 2.67, 3.38, 3.26, 3.27, 3.37, 3.68, 3.94, 4.56, 5.32, 6.16, 7.23, 8.44, 8.475, 8.117, 7.35, 5.45, 4.27, 4.83, 5.03, 5.02, 6.016, 6.402, 7.178, 8.504, 9.586, 10.23, 9.6, 8.965, 8.466, 6.73, 5.64, 4.84, 4.54, 4.26, 4.03, 4.02, 4.26, 4.76, 4.86, 4.1, 4.1, 4.57, 3.59, 3.3, 3.87, 4.64, 4.47, 3.79, 3.497, 3.4, 3.4, 3.33, 3.3, 3.14, 3.11], [3.71, 3.826, 3.53, 2.33, 1.67, 1.81, 1.83, 1.22, 1.39, 1.52, 2.53, 3.08, 3.09, 3.37, 3.48, 3.04, 2.95, 2.83, 3.1, 2.53, 1.63, 1.71, 1.45, 1.04, 0, 0.93, 1.23, 1.57, 1.58, 1.79, 2.13, 2.55, 3.2, 3.06, 3.07, 3.19, 3.6, 4.02, 4.76, 5.3, 6.04, 7.09, 8.22, 8.21, 7.82, 7.07, 5.25, 4.11, 4.59, 4.87, 4.9, 5.811, 6.176, 6.962, 8.295, 9.381, 10.015, 9.385, 8.765, 8.226, 6.51, 5.6, 4.88, 4.56, 4.22, 3.91, 3.96, 4.24, 4.76, 4.9, 4.2, 4.12, 4.51, 3.55, 3.32, 3.89, 4.64, 4.55, 3.91, 3.64, 3.5, 3.42, 3.43, 3.32, 3.24, 3.17], [3.64, 3.76, 3.52, 2.46, 1.62, 1.72, 1.84, 1.47, 1.4, 1.73, 2.52, 3.07, 3.04, 3.32, 3.45, 3.13, 3.14, 2.94, 3.17, 2.6, 1.82, 1.86, 1.72, 1.51, 0.93, 0, 0.76, 1.34, 1.77, 1.76, 1.94, 2.48, 3.07, 2.97, 3.02, 3.18, 3.59, 4.27, 5.13, 5.57, 6.07, 7.04, 8.176, 8.137, 7.75, 6.96, 5.16, 4.1, 4.5, 4.74, 4.85, 5.721, 6.106, 6.855, 8.188, 9.276, 9.908, 9.278, 8.66, 8.156, 6.46, 5.55, 4.87, 4.55, 4.23, 3.92, 3.95, 4.23, 4.73, 4.87, 4.13, 4.07, 4.42, 3.46, 3.25, 3.86, 4.59, 4.5, 3.86, 3.559, 3.43, 3.29, 3.38, 3.25, 3.17, 3.16], [3.64, 3.8, 3.56, 2.54, 1.54, 1.66, 1.9, 1.69, 1.68, 2.03, 2.84, 3.23, 3.2, 3.388, 3.57, 3.29, 3.34, 2.9, 3.143, 2.56, 1.92, 2.12, 1.84, 1.67, 1.23, 0.76, 0, 1.0, 1.89, 1.9, 1.9, 2.38, 3.07, 3.03, 3.14, 3.28, 3.67, 4.39, 5.23, 5.73, 6.33, 7.033, 8.082, 8.143, 7.776, 6.935, 5.08, 4.18, 4.68, 4.92, 4.93, 5.721, 6.09, 6.87, 8.188, 9.276, 9.92, 9.29, 8.672, 8.148, 6.64, 5.85, 5.11, 4.79, 4.45, 4.18, 4.23, 4.49, 4.97, 5.11, 4.35, 4.25, 4.64, 3.72, 3.49, 4.06, 4.77, 4.66, 4.06, 3.73, 3.59, 3.41, 3.5, 3.39, 3.33, 3.22], [3.5, 3.64, 3.3, 2.46, 1.56, 1.66, 1.72, 1.69, 2.0, 2.09, 2.82, 2.93, 2.96, 3.2, 3.45, 3.17, 3.24, 2.7, 2.93, 2.34, 2.1, 2.38, 2.04, 1.83, 1.57, 1.34, 1.0, 0, 1.61, 1.74, 1.7, 2.1, 2.89, 2.99, 3.02, 3.24, 3.47, 4.05, 4.79, 5.39, 6.15, 6.82, 7.701, 7.8, 7.41, 6.455, 4.66, 3.96, 4.42, 4.74, 4.71, 5.49, 5.85, 6.625, 7.942, 9.021, 9.677, 9.047, 8.406, 7.882, 6.4, 5.73, 5.01, 4.69, 4.39, 4.08, 4.11, 4.39, 4.91, 5.03, 4.35, 4.19, 4.5, 3.62, 3.49, 4.0, 4.75, 4.66, 4.02, 3.75, 3.61, 3.35, 3.48, 3.33, 3.25, 3.2], [2.95, 3.03, 2.87, 1.53, 1.25, 1.55, 1.61, 1.32, 2.13, 1.82, 2.63, 2.68, 2.63, 2.73, 2.68, 2.18, 2.13, 1.97, 2.18, 1.87, 1.79, 2.37, 2.19, 1.7, 1.58, 1.77, 1.89, 1.61, 0, 0.91, 1.19, 1.69, 2.4, 2.24, 2.19, 2.21, 2.18, 2.62, 3.48, 4.04, 4.88, 5.89, 7.094, 7.17, 6.783, 5.91, 4.09, 3.55, 4.03, 4.31, 4.24, 4.86, 5.28, 5.995, 7.325, 8.398, 9.042, 8.423, 7.773, 7.29, 6.17, 5.58, 5.08, 4.76, 4.5, 4.23, 4.32, 4.44, 4.84, 4.96, 4.2, 4.08, 4.25, 3.37, 3.52, 4.11, 4.92, 4.847, 4.167, 4.134, 3.86, 3.577, 3.65, 3.48, 3.22, 3.41], [3.12, 3.24, 3.06, 1.8, 1.56, 1.72, 1.84, 1.41, 2.04, 1.85, 2.38, 2.77, 2.68, 2.82, 2.69, 2.31, 2.3, 1.96, 2.25, 1.96, 1.88, 2.2, 2.0, 1.61, 1.79, 1.76, 1.9, 1.74, 0.91, 0, 1.06, 1.66, 2.43, 2.31, 2.24, 2.36, 2.31, 2.75, 3.57, 4.19, 5.01, 6.046, 7.227, 7.334, 6.973, 6.043, 4.2, 3.66, 4.08, 4.28, 4.25, 5.03, 5.41, 6.131, 7.421, 8.493, 9.128, 8.533, 7.884, 7.4, 6.22, 5.47, 4.81, 4.49, 4.35, 4.2, 4.27, 4.37, 4.63, 4.71, 3.95, 3.87, 4.18, 3.28, 3.27, 3.84, 4.71, 4.62, 3.94, 4.015, 3.67, 3.35, 3.4, 3.19, 2.93, 3.08], [2.78, 2.9, 2.74, 1.74, 1.48, 1.66, 1.4, 1.31, 2.16, 1.83, 2.08, 2.39, 2.26, 2.5, 2.51, 2.21, 2.44, 2.06, 2.19, 1.74, 1.78, 2.38, 2.2, 2.01, 2.13, 1.94, 1.9, 1.7, 1.19, 1.06, 0, 1.5, 2.09, 2.05, 2.08, 2.3, 2.57, 3.33, 4.19, 4.67, 5.357, 6.093, 6.99, 7.1, 6.756, 5.746, 3.94, 3.26, 3.66, 3.92, 3.85, 4.69, 5.078, 5.773, 7.069, 8.17, 8.797, 8.167, 7.535, 7.128, 5.8, 4.97, 4.27, 3.99, 3.81, 3.6, 3.67, 3.81, 4.05, 4.09, 3.33, 3.31, 3.68, 2.68, 2.71, 3.26, 4.09, 4.0, 3.26, 3.264, 2.97, 2.81, 2.78, 2.67, 2.31, 2.6], [2.32, 2.26, 1.8, 1.72, 1.7, 1.66, 1.34, 1.79, 2.8, 2.31, 2.06, 1.71, 1.74, 1.72, 1.99, 1.91, 1.98, 1.72, 1.99, 1.58, 1.98, 3.1, 2.98, 2.67, 2.55, 2.48, 2.38, 2.1, 1.69, 1.66, 1.5, 0, 1.29, 1.49, 1.46, 1.74, 2.17, 3.29, 4.17, 4.55, 4.706, 5.064, 5.906, 5.98, 5.656, 4.855, 2.96, 2.42, 2.96, 3.12, 3.05, 3.59, 4.03, 4.668, 5.943, 7.016, 7.649, 7.036, 6.447, 6.017, 5.0, 4.31, 3.69, 3.43, 3.41, 3.18, 3.31, 3.39, 3.61, 3.59, 3.09, 2.77, 2.98, 2.26, 2.49, 2.96, 3.65, 3.56, 3.04, 3.478, 2.75, 2.33, 2.62, 2.55, 2.29, 2.82], [1.93, 1.73, 1.55, 1.77, 2.05, 2.01, 1.89, 2.637, 3.479, 3.019, 2.11, 1.48, 1.37, 1.43, 1.64, 1.68, 1.59, 1.53, 1.62, 1.71, 2.27, 3.37, 3.51, 3.38, 3.2, 3.07, 3.07, 2.89, 2.4, 2.43, 2.09, 1.29, 0, 1.08, 1.23, 1.53, 2.18, 3.24, 4.06, 4.42, 4.62, 4.954, 5.624, 5.374, 5.086, 4.505, 2.75, 2.27, 2.67, 2.77, 2.74, 3.2, 3.68, 4.11, 5.233, 6.329, 6.945, 6.295, 5.697, 5.55, 4.61, 3.96, 3.4, 3.2, 3.12, 2.99, 3.08, 3.12, 3.16, 3.2, 2.74, 2.52, 2.71, 1.99, 2.28, 2.77, 3.36, 3.27, 2.83, 3.305, 2.84, 2.16, 2.59, 2.52, 2.22, 2.93], [1.75, 1.53, 1.75, 1.69, 2.19, 2.15, 2.09, 2.459, 3.289, 2.856, 1.85, 1.46, 1.39, 1.33, 1.26, 1.3, 1.29, 1.35, 1.52, 1.57, 1.99, 3.21, 3.41, 3.26, 3.06, 2.97, 3.03, 2.99, 2.24, 2.31, 2.05, 1.49, 1.08, 0, 0.79, 1.33, 2.14, 3.18, 4.0, 4.34, 4.54, 5.28, 6.001, 5.656, 5.389, 4.945, 3.23, 2.49, 2.77, 2.81, 2.8, 3.12, 3.7, 4.17, 5.44, 6.57, 7.105, 6.484, 5.957, 5.59, 4.71, 3.84, 3.36, 3.32, 3.26, 3.11, 3.16, 3.18, 3.16, 3.2, 2.38, 2.32, 2.53, 1.75, 2.08, 2.732, 3.34, 3.27, 2.901, 3.365, 2.98, 2.28, 2.91, 2.78, 2.42, 2.97], [1.62, 1.48, 1.84, 1.78, 2.3, 2.3, 2.2, 2.55, 3.365, 2.97, 2.1, 1.37, 1.16, 1.1, 1.11, 1.01, 1.0, 1.28, 1.51, 1.62, 2.06, 3.24, 3.44, 3.27, 3.07, 3.02, 3.14, 3.02, 2.19, 2.24, 2.08, 1.46, 1.23, 0.79, 0, 0.94, 1.75, 2.75, 3.57, 3.95, 4.25, 5.01, 5.825, 5.486, 5.222, 4.795, 3.04, 2.3, 2.68, 2.68, 2.59, 2.93, 3.39, 4.02, 5.301, 6.365, 6.975, 6.345, 5.747, 5.36, 4.54, 4.03, 3.75, 3.71, 3.61, 3.46, 3.57, 3.59, 3.49, 3.15, 2.43, 2.33, 2.48, 2.06, 2.27, 3.019, 3.73, 3.64, 3.216, 3.615, 3.21, 2.529, 3.025, 2.929, 2.526, 3.127], [2.02, 1.78, 1.96, 1.68, 2.26, 2.5, 2.36, 2.71, 3.54, 3.17, 2.36, 1.85, 1.7, 1.54, 1.41, 1.01, 1.2, 1.64, 1.95, 2.22, 2.54, 3.58, 3.56, 3.37, 3.19, 3.18, 3.28, 3.24, 2.21, 2.36, 2.3, 1.74, 1.53, 1.33, 0.94, 0, 1.19, 2.15, 3.05, 3.29, 3.49, 4.33, 5.322, 5.223, 4.876, 4.26, 2.58, 2.2, 2.76, 2.72, 2.61, 2.89, 3.41, 3.9, 5.181, 6.276, 6.895, 6.325, 5.687, 5.36, 4.58, 4.33, 4.11, 4.09, 4.17, 4.02, 4.17, 4.11, 3.93, 3.61, 2.81, 2.77, 2.88, 2.7, 2.969, 3.499, 4.209, 4.16, 3.891, 4.318, 3.91, 3.255, 3.722, 3.492, 3.183, 3.85], [2.43, 2.23, 2.21, 2.15, 2.65, 3.07, 2.73, 3.12, 4.13, 3.48, 2.99, 2.58, 2.27, 2.11, 1.9, 1.64, 1.77, 2.35, 2.42, 2.95, 3.33, 4.31, 4.19, 3.68, 3.6, 3.59, 3.67, 3.47, 2.18, 2.31, 2.57, 2.17, 2.18, 2.14, 1.75, 1.19, 0, 1.26, 2.08, 2.6, 3.0, 3.964, 5.143, 5.196, 4.869, 3.99, 2.49, 2.79, 3.19, 3.37, 3.26, 3.4, 3.78, 4.15, 5.34, 6.415, 7.079, 6.529, 5.879, 5.65, 5.07, 5.3, 5.08, 5.0, 5.02, 4.89, 5.02, 4.98, 4.92, 4.6, 3.74, 3.68, 3.73, 3.45, 3.72, 4.372, 5.16, 5.11, 4.75, 5.145, 4.68, 3.98, 4.43, 4.139, 3.94, 4.577], [3.29, 3.17, 3.07, 2.73, 3.43, 3.89, 3.71, 3.7, 4.49, 4.06, 4.09, 3.7, 3.41, 3.21, 2.88, 2.44, 2.43, 2.89, 3.02, 3.69, 3.95, 4.57, 4.45, 3.94, 4.02, 4.27, 4.39, 4.05, 2.62, 2.75, 3.33, 3.29, 3.24, 3.18, 2.75, 2.15, 1.26, 0, 1.02, 1.78, 2.68, 3.83, 5.1, 5.153, 4.82, 3.97, 2.93, 3.87, 4.27, 4.45, 4.32, 4.3, 4.64, 4.65, 5.52, 6.47, 7.06, 6.53, 5.96, 6.01, 5.99, 6.38, 6.18, 6.18, 6.22, 6.09, 6.22, 6.16, 6.04, 5.66, 4.74, 4.74, 4.79, 4.59, 4.831, 5.506, 6.239, 6.229, 5.904, 6.236, 5.84, 5.154, 5.541, 5.171, 4.931, 5.395], [4.09, 4.01, 3.93, 3.61, 4.29, 4.73, 4.59, 4.56, 5.31, 4.9, 4.87, 4.54, 4.23, 4.09, 3.76, 3.3, 3.27, 3.71, 3.88, 4.55, 4.83, 5.33, 5.17, 4.56, 4.76, 5.13, 5.23, 4.79, 3.48, 3.57, 4.19, 4.17, 4.06, 4.0, 3.57, 3.05, 2.08, 1.02, 0, 1.36, 2.42, 3.57, 4.86, 4.93, 4.6, 3.93, 3.37, 4.69, 5.05, 5.33, 5.2, 5.18, 5.48, 5.35, 5.7, 6.55, 7.08, 6.67, 6.34, 6.47, 6.85, 7.24, 6.98, 7.0, 7.04, 6.91, 7.04, 6.98, 6.82, 6.52, 5.6, 5.58, 5.67, 5.458, 5.7, 6.286, 7.059, 7.052, 6.741, 7.071, 6.691, 5.971, 6.435, 6.052, 5.808, 6.275], [4.45, 4.37, 4.27, 3.99, 4.73, 5.15, 4.97, 4.98, 5.85, 5.3, 5.15, 4.82, 4.55, 4.41, 4.1, 3.58, 3.63, 4.17, 4.28, 4.97, 5.23, 5.93, 5.83, 5.32, 5.3, 5.57, 5.73, 5.39, 4.04, 4.19, 4.67, 4.55, 4.42, 4.34, 3.95, 3.29, 2.6, 1.78, 1.36, 0, 1.28, 2.37, 3.58, 3.71, 3.62, 3.09, 3.47, 4.852, 5.232, 5.43, 5.28, 5.24, 5.54, 5.31, 5.42, 5.95, 6.38, 6.25, 5.9, 6.01, 6.93, 7.4, 7.22, 7.26, 7.36, 7.23, 7.36, 7.26, 7.04, 6.72, 5.78, 5.74, 5.85, 5.835, 6.079, 6.517, 7.259, 7.292, 7.078, 7.471, 7.048, 6.368, 6.835, 6.467, 6.205, 6.711], [4.85, 4.61, 4.41, 4.47, 5.33, 5.75, 5.39, 5.68, 6.57, 5.9, 5.27, 4.88, 4.79, 4.55, 4.28, 3.92, 4.17, 4.77, 4.88, 5.51, 5.83, 6.75, 6.63, 6.16, 6.04, 6.07, 6.33, 6.15, 4.88, 5.01, 5.357, 4.706, 4.62, 4.54, 4.25, 3.49, 3.0, 2.68, 2.42, 1.28, 0, 1.37, 2.66, 2.81, 2.86, 2.55, 3.444, 4.706, 5.146, 5.03, 4.9, 4.74, 5.08, 4.79, 4.78, 5.21, 5.6, 5.49, 5.14, 5.43, 6.59, 7.18, 7.12, 7.18, 7.32, 7.23, 7.34, 7.22, 6.94, 6.58, 5.74, 5.62, 5.63, 5.989, 6.275, 6.58, 7.114, 7.198, 7.212, 7.725, 7.162, 6.522, 7.025, 6.738, 6.563, 7.21], [5.46, 5.24, 4.76, 5.36, 5.94, 6.18, 5.92, 6.63, 7.56, 6.93, 5.98, 5.17, 5.16, 4.92, 4.99, 4.79, 5.12, 5.52, 5.55, 6.08, 6.76, 7.74, 7.6, 7.23, 7.09, 7.04, 7.033, 6.82, 5.89, 6.046, 6.093, 5.064, 4.954, 5.28, 5.01, 4.33, 3.964, 3.83, 3.57, 2.37, 1.37, 0, 1.67, 1.84, 1.95, 1.96, 3.236, 4.305, 4.771, 4.719, 4.39, 3.97, 4.29, 4.0, 3.87, 4.3, 4.67, 4.66, 4.25, 4.62, 5.94, 6.73, 6.95, 6.99, 7.23, 7.12, 7.25, 7.07, 6.723, 6.403, 6.023, 5.691, 5.573, 6.304, 6.719, 6.897, 7.073, 7.096, 7.484, 8.17, 7.42, 6.7, 7.291, 7.104, 6.941, 7.611], [6.13, 5.85, 5.39, 6.37, 7.104, 7.21, 6.69, 7.627, 8.58, 8.003, 6.87, 5.84, 5.85, 5.47, 5.66, 5.54, 5.97, 6.29, 6.16, 6.61, 7.61, 8.77, 8.67, 8.44, 8.22, 8.176, 8.082, 7.701, 7.094, 7.227, 6.99, 5.906, 5.624, 6.001, 5.825, 5.322, 5.143, 5.1, 4.86, 3.58, 2.66, 1.67, 0, 1.09, 1.4, 1.65, 3.274, 4.411, 4.865, 4.745, 4.502, 3.719, 3.94, 3.39, 2.9, 2.99, 3.4, 3.37, 2.94, 3.43, 4.87, 5.856, 6.181, 6.355, 6.933, 7.143, 7.193, 6.89, 6.43, 6.27, 6.661, 6.345, 6.097, 6.92, 7.41, 7.218, 7.049, 7.199, 7.832, 8.719, 7.933, 7.019, 7.579, 7.425, 7.222, 7.872], [5.515, 5.235, 5.02, 6.351, 7.111, 7.111, 6.768, 7.704, 8.534, 7.978, 6.56, 5.41, 5.36, 5.1, 5.15, 5.31, 5.58, 5.92, 5.67, 6.1, 7.3, 8.54, 8.671, 8.475, 8.21, 8.137, 8.143, 7.8, 7.17, 7.334, 7.1, 5.98, 5.374, 5.656, 5.486, 5.223, 5.196, 5.153, 4.93, 3.71, 2.81, 1.84, 1.09, 0, 0.79, 1.62, 3.353, 4.369, 4.298, 4.155, 3.972, 3.066, 3.19, 2.64, 2.35, 2.58, 2.99, 3.04, 2.59, 3.02, 4.58, 5.626, 5.917, 6.097, 6.408, 6.575, 6.625, 6.285, 5.82, 5.683, 6.103, 5.786, 5.428, 6.359, 6.83, 6.614, 6.516, 6.601, 7.188, 8.052, 7.305, 6.415, 6.932, 6.891, 6.678, 7.248], [5.362, 5.065, 4.79, 6.01, 6.767, 6.77, 6.424, 7.348, 8.205, 7.617, 6.23, 5.14, 5.17, 4.85, 4.96, 4.94, 5.35, 5.67, 5.46, 5.85, 7.03, 8.23, 8.29, 8.117, 7.82, 7.75, 7.776, 7.41, 6.783, 6.973, 6.756, 5.656, 5.086, 5.389, 5.222, 4.876, 4.869, 4.82, 4.6, 3.62, 2.86, 1.95, 1.4, 0.79, 0, 1.25, 2.933, 4.022, 3.988, 3.908, 3.762, 2.9, 3.06, 2.45, 2.14, 2.47, 2.92, 2.83, 2.56, 2.99, 4.49, 5.436, 5.724, 5.807, 6.184, 6.305, 6.375, 6.038, 5.61, 5.533, 5.95, 5.633, 5.271, 6.226, 6.677, 6.404, 6.275, 6.376, 6.958, 7.853, 7.107, 6.228, 6.755, 6.601, 6.488, 7.038], [4.98, 4.7, 4.32, 5.32, 6.02, 6.14, 5.58, 6.508, 7.498, 6.779, 5.58, 4.69, 4.72, 4.46, 4.61, 4.41, 4.94, 5.26, 5.05, 5.5, 6.6, 7.74, 7.56, 7.35, 7.07, 6.96, 6.935, 6.455, 5.91, 6.043, 5.746, 4.855, 4.505, 4.945, 4.795, 4.26, 3.99, 3.97, 3.93, 3.09, 2.55, 1.96, 1.65, 1.62, 1.25, 0, 2.073, 3.468, 3.714, 3.679, 3.47, 2.97, 3.31, 2.76, 2.59, 3.02, 3.59, 3.44, 2.99, 3.34, 4.6, 5.29, 5.53, 5.57, 5.99, 6.06, 6.17, 5.87, 5.326, 5.188, 5.531, 5.231, 4.944, 5.804, 6.278, 6.074, 6.05, 6.124, 6.668, 7.532, 6.745, 5.865, 6.451, 6.301, 6.105, 6.755], [3.34, 3.06, 2.68, 3.46, 4.14, 4.24, 3.76, 4.63, 5.612, 4.95, 3.86, 2.99, 2.98, 2.74, 2.99, 2.89, 3.2, 3.56, 3.51, 3.88, 4.84, 5.92, 5.72, 5.45, 5.25, 5.16, 5.08, 4.66, 4.09, 4.2, 3.94, 2.96, 2.75, 3.23, 3.04, 2.58, 2.49, 2.93, 3.37, 3.47, 3.444, 3.236, 3.274, 3.353, 2.933, 2.073, 0, 1.76, 2.22, 2.42, 2.43, 2.43, 2.79, 2.58, 3.403, 4.445, 5.08, 4.479, 3.869, 3.66, 3.64, 3.97, 4.01, 4.05, 4.41, 4.44, 4.51, 4.29, 3.79, 3.61, 3.83, 3.51, 3.36, 4.04, 4.534, 4.421, 4.47, 4.52, 5.021, 5.845, 5.065, 4.168, 4.733, 4.628, 4.445, 5.115], [2.8, 2.6, 2.38, 2.96, 3.36, 3.32, 2.84, 3.47, 4.306, 3.85, 2.68, 1.69, 1.82, 1.84, 2.35, 2.29, 2.58, 2.94, 3.03, 3.02, 3.54, 4.5, 4.54, 4.27, 4.11, 4.1, 4.18, 3.96, 3.55, 3.66, 3.26, 2.42, 2.27, 2.49, 2.3, 2.2, 2.79, 3.87, 4.69, 4.852, 4.706, 4.305, 4.411, 4.369, 4.022, 3.468, 1.76, 0, 1.2, 1.5, 1.29, 2.01, 2.41, 3.1, 4.315, 5.388, 6.023, 5.393, 4.773, 4.234, 2.78, 2.65, 2.73, 2.79, 3.17, 3.16, 3.27, 3.01, 2.49, 2.35, 2.49, 2.13, 1.96, 2.64, 3.117, 3.118, 3.19, 3.178, 3.713, 4.451, 3.67, 2.85, 3.438, 3.368, 3.15, 3.818], [2.7, 2.42, 2.58, 3.64, 4.0, 3.92, 3.4, 4.05, 4.766, 4.23, 2.76, 1.79, 1.88, 2.08, 2.41, 2.53, 2.84, 3.18, 3.19, 3.06, 3.82, 4.8, 4.98, 4.83, 4.59, 4.5, 4.68, 4.42, 4.03, 4.08, 3.66, 2.96, 2.67, 2.77, 2.68, 2.76, 3.19, 4.27, 5.05, 5.232, 5.146, 4.771, 4.865, 4.298, 3.988, 3.714, 2.22, 1.2, 0, 1.08, 1.19, 1.79, 1.99, 2.72, 3.995, 5.068, 5.686, 5.076, 4.417, 3.914, 2.46, 2.37, 2.51, 2.57, 2.65, 2.58, 2.65, 2.45, 2.19, 2.09, 2.41, 2.13, 1.8, 2.54, 2.982, 2.595, 2.63, 2.58, 3.11, 4.043, 3.308, 2.53, 3.04, 2.93, 2.73, 3.3], [2.64, 2.38, 2.66, 3.76, 4.16, 4.08, 3.66, 4.21, 4.92, 4.49, 3.0, 1.93, 1.96, 2.0, 2.33, 2.65, 2.9, 3.2, 3.19, 3.08, 4.02, 4.92, 5.22, 5.03, 4.87, 4.74, 4.92, 4.74, 4.31, 4.28, 3.92, 3.12, 2.77, 2.81, 2.68, 2.72, 3.37, 4.45, 5.33, 5.43, 5.03, 4.719, 4.745, 4.155, 3.908, 3.679, 2.42, 1.5, 1.08, 0, 0.81, 1.57, 1.73, 2.44, 3.726, 4.828, 5.443, 4.822, 4.193, 3.674, 2.24, 2.43, 2.69, 2.77, 2.77, 2.74, 2.75, 2.59, 2.31, 1.99, 2.25, 1.93, 1.6, 2.48, 2.882, 2.578, 2.566, 2.68, 3.153, 4.025, 3.25, 2.39, 2.98, 3.028, 2.77, 3.36], [2.59, 2.35, 2.61, 3.69, 4.13, 4.05, 3.67, 4.28, 5.044, 4.633, 3.141, 2.0, 2.01, 1.97, 2.24, 2.46, 2.83, 3.19, 3.16, 3.05, 3.93, 4.99, 5.17, 5.02, 4.9, 4.85, 4.93, 4.71, 4.24, 4.25, 3.85, 3.05, 2.74, 2.8, 2.59, 2.61, 3.26, 4.32, 5.2, 5.28, 4.9, 4.39, 4.502, 3.972, 3.762, 3.47, 2.43, 1.29, 1.19, 0.81, 0, 1.32, 1.54, 2.31, 3.58, 4.67, 5.287, 4.661, 4.023, 3.564, 2.31, 2.6, 2.94, 3.08, 3.24, 3.03, 3.14, 2.92, 2.68, 2.32, 2.44, 2.055, 1.77, 2.65, 3.098, 2.931, 3.001, 3.05, 3.525, 4.295, 3.5, 2.718, 3.371, 3.304, 3.12, 3.79], [3.09, 2.65, 2.91, 4.09, 4.73, 4.59, 4.389, 5.213, 6.046, 5.59, 4.19, 2.92, 2.91, 2.51, 2.76, 2.98, 3.21, 3.41, 3.32, 3.45, 4.73, 6.03, 6.23, 6.016, 5.811, 5.721, 5.721, 5.49, 4.86, 5.03, 4.69, 3.59, 3.2, 3.12, 2.93, 2.89, 3.4, 4.3, 5.18, 5.24, 4.74, 3.97, 3.719, 3.066, 2.9, 2.97, 2.43, 2.01, 1.79, 1.57, 1.32, 0, 0.84, 1.33, 2.56, 3.63, 4.237, 3.65, 3.1, 2.59, 2.45, 3.18, 3.52, 3.76, 3.86, 3.81, 3.88, 3.64, 3.24, 3.08, 3.349, 3.032, 2.648, 3.602, 4.087, 3.871, 3.754, 3.77, 4.371, 5.235, 4.553, 3.624, 4.284, 4.318, 4.015, 4.528], [3.25, 2.89, 3.39, 4.63, 5.19, 5.09, 4.83, 5.565, 6.387, 5.965, 4.506, 3.24, 3.21, 2.89, 3.02, 3.38, 3.69, 3.97, 3.76, 3.91, 5.15, 6.409, 6.609, 6.402, 6.176, 6.106, 6.09, 5.85, 5.28, 5.41, 5.078, 4.03, 3.68, 3.7, 3.39, 3.41, 3.78, 4.64, 5.48, 5.54, 5.08, 4.29, 3.94, 3.19, 3.06, 3.31, 2.79, 2.41, 1.99, 1.73, 1.54, 0.84, 0, 1.17, 2.34, 3.25, 3.879, 3.369, 2.74, 2.23, 2.09, 3.26, 3.72, 3.98, 3.96, 3.89, 3.92, 3.64, 3.44, 3.26, 3.6, 3.266, 2.856, 3.856, 4.295, 3.848, 3.658, 3.728, 4.405, 5.285, 4.664, 3.787, 4.363, 4.395, 4.193, 4.703], [3.68, 3.34, 3.64, 5.0, 5.78, 5.688, 5.456, 6.366, 7.176, 6.736, 5.312, 4.07, 3.988, 3.66, 3.65, 4.03, 4.16, 4.34, 4.15, 4.56, 5.879, 7.165, 7.365, 7.178, 6.962, 6.855, 6.87, 6.625, 5.995, 6.131, 5.773, 4.668, 4.11, 4.17, 4.02, 3.9, 4.15, 4.65, 5.35, 5.31, 4.79, 4.0, 3.39, 2.64, 2.45, 2.76, 2.58, 3.1, 2.72, 2.44, 2.31, 1.33, 1.17, 0, 1.45, 2.52, 3.13, 2.6, 2.03, 1.82, 2.68, 3.61, 4.03, 4.37, 4.53, 4.54, 4.55, 4.19, 3.85, 3.79, 4.187, 3.876, 3.466, 4.446, 4.951, 4.679, 4.241, 4.248, 5.064, 5.955, 5.38, 4.44, 5.107, 5.149, 4.973, 5.389], [4.69, 4.57, 4.849, 6.277, 7.077, 6.983, 6.762, 7.681, 8.494, 8.066, 6.642, 5.372, 5.285, 4.975, 4.92, 5.348, 5.426, 5.629, 5.32, 5.878, 7.198, 8.494, 8.694, 8.504, 8.295, 8.188, 8.188, 7.942, 7.325, 7.421, 7.069, 5.943, 5.233, 5.44, 5.301, 5.181, 5.34, 5.52, 5.7, 5.42, 4.78, 3.87, 2.9, 2.35, 2.14, 2.59, 3.403, 4.315, 3.995, 3.726, 3.58, 2.56, 2.34, 1.45, 0, 1.47, 1.88, 1.41, 1.42, 1.57, 3.29, 4.56, 5.14, 5.46, 5.76, 5.83, 5.88, 5.46, 5.08, 4.923, 5.351, 5.017, 4.507, 5.633, 6.217, 5.823, 5.259, 5.392, 6.114, 7.042, 6.484, 5.663, 6.298, 6.426, 6.185, 6.641], [5.9, 5.68, 5.96, 7.38, 8.176, 8.096, 7.847, 8.78, 9.581, 9.151, 7.724, 6.458, 6.391, 6.06, 5.99, 6.443, 6.52, 6.76, 6.45, 7.0, 8.3, 9.593, 9.793, 9.586, 9.381, 9.276, 9.276, 9.021, 8.398, 8.493, 8.17, 7.016, 6.329, 6.57, 6.365, 6.276, 6.415, 6.47, 6.55, 5.95, 5.21, 4.3, 2.99, 2.58, 2.47, 3.02, 4.445, 5.388, 5.068, 4.828, 4.67, 3.63, 3.25, 2.52, 1.47, 0, 1.03, 1.22, 1.29, 1.7, 3.72, 5.17, 5.91, 6.39, 6.87, 6.92, 7.03, 6.55, 6.173, 6.09, 6.584, 6.273, 5.763, 6.849, 7.342, 6.931, 6.366, 6.37, 7.313, 8.189, 7.668, 6.785, 7.367, 7.454, 7.301, 7.723], [6.367, 6.229, 6.569, 7.981, 8.783, 8.695, 8.489, 9.404, 10.22, 9.786, 8.362, 7.102, 7.005, 6.692, 6.64, 7.051, 7.126, 7.329, 7.02, 7.581, 8.901, 10.197, 10.397, 10.23, 10.015, 9.908, 9.92, 9.677, 9.042, 9.128, 8.797, 7.649, 6.945, 7.105, 6.975, 6.895, 7.079, 7.06, 7.08, 6.38, 5.6, 4.67, 3.4, 2.99, 2.92, 3.59, 5.08, 6.023, 5.686, 5.443, 5.287, 4.237, 3.879, 3.13, 1.88, 1.03, 0, 1.05, 1.46, 1.95, 4.07, 5.74, 6.54, 7.031, 7.468, 7.503, 7.614, 7.131, 6.745, 6.605, 7.097, 6.737, 6.25, 7.316, 7.885, 7.378, 6.647, 6.623, 7.651, 8.604, 8.066, 7.314, 7.958, 7.987, 7.922, 8.327], [5.76, 5.599, 5.939, 7.35, 8.15, 8.056, 7.858, 8.765, 9.58, 9.155, 7.732, 6.462, 6.375, 6.062, 6.009, 6.421, 6.5, 6.72, 6.39, 6.951, 8.271, 9.567, 9.767, 9.6, 9.385, 9.278, 9.29, 9.047, 8.423, 8.533, 8.167, 7.036, 6.295, 6.484, 6.345, 6.325, 6.529, 6.53, 6.67, 6.25, 5.49, 4.66, 3.37, 3.04, 2.83, 3.44, 4.479, 5.393, 5.076, 4.822, 4.661, 3.65, 3.369, 2.6, 1.41, 1.22, 1.05, 0, 0.97, 1.4, 3.38, 5.025, 5.87, 6.361, 6.834, 6.873, 6.983, 6.5, 6.121, 5.981, 6.432, 6.075, 5.6, 6.668, 7.247, 6.742, 6.054, 5.97, 6.955, 7.939, 7.438, 6.696, 7.371, 7.377, 7.28, 7.688], [5.29, 5.03, 5.39, 6.75, 7.515, 7.463, 7.226, 8.167, 8.96, 8.524, 7.095, 5.822, 5.755, 5.47, 5.38, 5.78, 5.91, 6.15, 5.86, 6.37, 7.67, 8.93, 9.13, 8.965, 8.765, 8.66, 8.672, 8.406, 7.773, 7.884, 7.535, 6.447, 5.697, 5.957, 5.747, 5.687, 5.879, 5.96, 6.34, 5.9, 5.14, 4.25, 2.94, 2.59, 2.56, 2.99, 3.869, 4.773, 4.417, 4.193, 4.023, 3.1, 2.74, 2.03, 1.42, 1.29, 1.46, 0.97, 0, 1.11, 2.89, 4.5, 5.36, 5.797, 6.22, 6.29, 6.42, 5.937, 5.654, 5.494, 5.977, 5.612, 5.202, 6.219, 6.735, 6.154, 5.547, 5.492, 6.457, 7.39, 6.907, 6.198, 6.828, 6.759, 6.677, 7.136], [4.7, 4.56, 5.02, 6.4, 7.14, 7.04, 6.8, 7.626, 8.43, 7.997, 6.57, 5.303, 5.216, 4.9, 4.91, 5.41, 5.58, 5.8, 5.59, 5.88, 7.18, 8.473, 8.68, 8.466, 8.226, 8.156, 8.148, 7.882, 7.29, 7.4, 7.128, 6.017, 5.55, 5.59, 5.36, 5.36, 5.65, 6.01, 6.47, 6.01, 5.43, 4.62, 3.43, 3.02, 2.99, 3.34, 3.66, 4.234, 3.914, 3.674, 3.564, 2.59, 2.23, 1.82, 1.57, 1.7, 1.95, 1.4, 1.11, 0, 2.38, 4.028, 4.81, 5.287, 5.759, 5.78, 5.91, 5.436, 5.118, 4.979, 5.516, 5.099, 4.669, 5.752, 6.227, 5.708, 5.192, 5.23, 6.193, 6.989, 6.371, 5.61, 6.283, 6.253, 6.158, 6.54], [3.86, 3.7, 4.14, 5.38, 5.86, 5.72, 5.26, 5.87, 6.657, 6.175, 4.72, 3.63, 3.64, 3.78, 4.03, 4.45, 4.68, 5.02, 4.93, 4.96, 5.66, 6.7, 6.96, 6.73, 6.51, 6.46, 6.64, 6.4, 6.17, 6.22, 5.8, 5.0, 4.61, 4.71, 4.54, 4.58, 5.07, 5.99, 6.85, 6.93, 6.59, 5.94, 4.87, 4.58, 4.49, 4.6, 3.64, 2.78, 2.46, 2.24, 2.31, 2.45, 2.09, 2.68, 3.29, 3.72, 4.07, 3.38, 2.89, 2.38, 0, 1.99, 3.03, 3.45, 3.97, 3.98, 4.15, 3.67, 3.39, 3.299, 3.87, 3.45, 3.08, 4.14, 4.522, 3.912, 3.322, 3.4, 4.355, 5.225, 4.662, 4.03, 4.62, 4.462, 4.462, 4.912], [4.31, 3.89, 4.01, 4.91, 5.15, 4.83, 4.55, 4.92, 5.51, 5.1, 3.67, 3.16, 3.35, 3.43, 3.98, 4.28, 4.43, 4.53, 4.62, 4.35, 4.81, 5.47, 5.77, 5.64, 5.6, 5.55, 5.85, 5.73, 5.58, 5.47, 4.97, 4.31, 3.96, 3.84, 4.03, 4.33, 5.3, 6.38, 7.24, 7.4, 7.18, 6.73, 5.856, 5.626, 5.436, 5.29, 3.97, 2.65, 2.37, 2.43, 2.6, 3.18, 3.26, 3.61, 4.56, 5.17, 5.74, 5.025, 4.5, 4.028, 1.99, 0, 1.2, 1.8, 2.34, 2.41, 2.48, 2.06, 1.94, 2.1, 2.66, 2.46, 2.37, 3.01, 3.14, 2.81, 2.16, 2.37, 3.23, 3.944, 3.54, 3.14, 3.51, 3.36, 3.28, 3.67], [4.11, 3.77, 3.69, 4.39, 4.51, 4.21, 3.97, 4.24, 4.69, 4.24, 2.87, 2.86, 3.19, 3.29, 3.84, 4.02, 4.17, 4.13, 4.26, 3.85, 4.07, 4.61, 4.85, 4.84, 4.88, 4.87, 5.11, 5.01, 5.08, 4.81, 4.27, 3.69, 3.4, 3.36, 3.75, 4.11, 5.08, 6.18, 6.98, 7.22, 7.12, 6.95, 6.181, 5.917, 5.724, 5.53, 4.01, 2.73, 2.51, 2.69, 2.94, 3.52, 3.72, 4.03, 5.14, 5.91, 6.54, 5.87, 5.36, 4.81, 3.03, 1.2, 0, 0.9, 1.42, 1.61, 1.58, 1.3, 1.26, 1.58, 2.26, 2.26, 2.39, 2.63, 2.54, 2.19, 1.76, 2.07, 2.51, 3.14, 2.84, 2.48, 2.75, 2.64, 2.58, 2.89], [4.01, 3.65, 3.61, 4.19, 4.23, 3.89, 3.59, 3.88, 4.39, 3.94, 2.69, 2.78, 3.11, 3.33, 3.84, 3.88, 4.07, 4.05, 4.16, 3.69, 3.85, 4.31, 4.57, 4.54, 4.56, 4.55, 4.79, 4.69, 4.76, 4.49, 3.99, 3.43, 3.2, 3.32, 3.71, 4.09, 5.0, 6.18, 7.0, 7.26, 7.18, 6.99, 6.355, 6.097, 5.807, 5.57, 4.05, 2.79, 2.57, 2.77, 3.08, 3.76, 3.98, 4.37, 5.46, 6.39, 7.031, 6.361, 5.797, 5.287, 3.45, 1.8, 0.9, 0, 0.96, 1.25, 1.3, 1.22, 1.32, 1.64, 2.46, 2.48, 2.65, 2.59, 2.52, 2.31, 2.0, 2.23, 2.45, 2.92, 2.64, 2.38, 2.51, 2.4, 2.4, 2.69], [3.87, 3.55, 3.589, 4.11, 3.89, 3.49, 3.31, 3.6, 4.03, 3.58, 2.63, 2.7, 3.01, 3.204, 3.694, 3.936, 3.99, 3.97, 4.0, 3.41, 3.41, 3.93, 4.25, 4.26, 4.22, 4.23, 4.45, 4.39, 4.5, 4.35, 3.81, 3.41, 3.12, 3.26, 3.61, 4.17, 5.02, 6.22, 7.04, 7.36, 7.32, 7.23, 6.933, 6.408, 6.184, 5.99, 4.41, 3.17, 2.65, 2.77, 3.24, 3.86, 3.96, 4.53, 5.76, 6.87, 7.468, 6.834, 6.22, 5.759, 3.97, 2.34, 1.42, 0.96, 0, 0.79, 0.72, 0.82, 1.32, 1.72, 2.38, 2.46, 2.59, 2.41, 2.18, 1.95, 1.74, 2.01, 1.89, 2.28, 2.16, 2.02, 2.03, 2.18, 2.08, 2.33], [3.64, 3.3, 3.339, 3.92, 3.6, 3.32, 3.06, 3.27, 3.76, 3.39, 2.52, 2.55, 2.82, 3.091, 3.47, 3.786, 3.84, 3.76, 3.87, 3.24, 3.1, 3.68, 4.0, 4.03, 3.91, 3.92, 4.18, 4.08, 4.23, 4.2, 3.6, 3.18, 2.99, 3.11, 3.46, 4.02, 4.89, 6.09, 6.91, 7.23, 7.23, 7.12, 7.143, 6.575, 6.305, 6.06, 4.44, 3.16, 2.58, 2.74, 3.03, 3.81, 3.89, 4.54, 5.83, 6.92, 7.503, 6.873, 6.29, 5.78, 3.98, 2.41, 1.61, 1.25, 0.79, 0, 0.45, 0.69, 1.37, 1.77, 2.33, 2.29, 2.42, 2.22, 2.09, 1.88, 1.59, 1.78, 1.8, 2.03, 1.87, 1.75, 1.92, 1.91, 2.03, 2.18], [3.73, 3.37, 3.429, 4.05, 3.67, 3.45, 3.17, 3.38, 3.81, 3.48, 2.59, 2.62, 2.93, 3.161, 3.574, 3.896, 3.89, 3.83, 3.94, 3.33, 3.19, 3.69, 4.03, 4.02, 3.96, 3.95, 4.23, 4.11, 4.32, 4.27, 3.67, 3.31, 3.08, 3.16, 3.57, 4.17, 5.02, 6.22, 7.04, 7.36, 7.34, 7.25, 7.193, 6.625, 6.375, 6.17, 4.51, 3.27, 2.65, 2.75, 3.14, 3.88, 3.92, 4.55, 5.88, 7.03, 7.614, 6.983, 6.42, 5.91, 4.15, 2.48, 1.58, 1.3, 0.72, 0.45, 0, 0.7, 1.38, 1.76, 2.32, 2.34, 2.47, 2.27, 2.1, 1.85, 1.64, 1.91, 1.79, 1.98, 1.88, 1.78, 1.91, 2.02, 2.0, 2.21], [3.67, 3.31, 3.43, 4.07, 3.87, 3.51, 3.29, 3.64, 4.07, 3.64, 2.71, 2.66, 2.89, 3.11, 3.56, 3.9, 3.89, 3.83, 3.9, 3.33, 3.41, 3.99, 4.29, 4.26, 4.24, 4.23, 4.49, 4.39, 4.44, 4.37, 3.81, 3.39, 3.12, 3.18, 3.59, 4.11, 4.98, 6.16, 6.98, 7.26, 7.22, 7.07, 6.89, 6.285, 6.038, 5.87, 4.29, 3.01, 2.45, 2.59, 2.92, 3.64, 3.64, 4.19, 5.46, 6.55, 7.131, 6.5, 5.937, 5.436, 3.67, 2.06, 1.3, 1.22, 0.82, 0.69, 0.7, 0, 1.14, 1.52, 2.3, 2.2, 2.33, 2.27, 2.24, 1.89, 1.56, 1.71, 1.83, 2.28, 2.16, 1.96, 2.15, 2.16, 2.18, 2.45], [3.57, 3.43, 3.57, 4.23, 4.41, 3.97, 3.71, 4.0, 4.47, 4.06, 2.79, 2.64, 2.87, 3.05, 3.48, 3.86, 3.93, 3.91, 3.86, 3.57, 3.91, 4.51, 4.81, 4.76, 4.76, 4.73, 4.97, 4.91, 4.84, 4.63, 4.05, 3.61, 3.16, 3.16, 3.49, 3.93, 4.92, 6.04, 6.82, 7.04, 6.94, 6.723, 6.43, 5.82, 5.61, 5.326, 3.79, 2.49, 2.19, 2.31, 2.68, 3.24, 3.44, 3.85, 5.08, 6.173, 6.745, 6.121, 5.654, 5.118, 3.39, 1.94, 1.26, 1.32, 1.32, 1.37, 1.38, 1.14, 0, 1.02, 1.88, 1.88, 1.85, 2.19, 2.26, 1.91, 1.74, 2.01, 2.21, 2.8, 2.5, 2.16, 2.33, 2.5, 2.3, 2.67], [3.17, 3.15, 3.39, 4.29, 4.53, 4.11, 3.87, 4.12, 4.59, 4.12, 2.77, 2.42, 2.55, 2.69, 3.1, 3.54, 3.65, 3.85, 3.82, 3.61, 4.01, 4.55, 4.87, 4.86, 4.9, 4.87, 5.11, 5.03, 4.96, 4.71, 4.09, 3.59, 3.2, 3.2, 3.15, 3.61, 4.6, 5.66, 6.52, 6.72, 6.58, 6.403, 6.27, 5.683, 5.533, 5.188, 3.61, 2.35, 2.09, 1.99, 2.32, 3.08, 3.26, 3.79, 4.923, 6.09, 6.605, 5.981, 5.494, 4.979, 3.299, 2.1, 1.58, 1.64, 1.72, 1.77, 1.76, 1.52, 1.02, 0, 1.46, 1.44, 1.39, 1.91, 2.08, 1.87, 1.8, 2.09, 2.21, 2.74, 2.38, 2.2, 2.27, 2.48, 2.18, 2.61], [2.55, 2.41, 2.69, 3.57, 3.83, 3.53, 3.21, 3.4, 3.87, 3.42, 2.03, 1.82, 2.03, 2.19, 2.26, 2.7, 2.79, 3.01, 3.06, 3.01, 3.27, 3.83, 4.15, 4.1, 4.2, 4.13, 4.35, 4.35, 4.2, 3.95, 3.33, 3.09, 2.74, 2.38, 2.43, 2.81, 3.74, 4.74, 5.6, 5.78, 5.74, 6.023, 6.661, 6.103, 5.95, 5.531, 3.83, 2.49, 2.41, 2.25, 2.44, 3.349, 3.6, 4.187, 5.351, 6.584, 7.097, 6.432, 5.977, 5.516, 3.87, 2.66, 2.26, 2.46, 2.38, 2.33, 2.32, 2.3, 1.88, 1.46, 0, 0.76, 1.25, 1.47, 1.6, 1.95, 2.22, 2.35, 2.17, 2.5, 2.24, 1.98, 2.25, 2.42, 2.18, 2.65], [2.39, 2.35, 2.49, 3.49, 3.67, 3.41, 3.03, 3.34, 3.99, 3.6, 2.21, 1.62, 1.79, 2.01, 2.14, 2.64, 2.73, 2.87, 3.04, 2.85, 3.21, 3.93, 4.27, 4.1, 4.12, 4.07, 4.25, 4.19, 4.08, 3.87, 3.31, 2.77, 2.52, 2.32, 2.33, 2.77, 3.68, 4.74, 5.58, 5.74, 5.62, 5.691, 6.345, 5.786, 5.633, 5.231, 3.51, 2.13, 2.13, 1.93, 2.055, 3.032, 3.266, 3.876, 5.017, 6.273, 6.737, 6.075, 5.612, 5.099, 3.45, 2.46, 2.26, 2.48, 2.46, 2.29, 2.34, 2.2, 1.88, 1.44, 0.76, 0, 0.93, 1.33, 1.56, 1.81, 2.0, 2.23, 2.21, 2.647, 2.2, 1.86, 2.31, 2.4, 2.18, 2.65], [2.42, 2.36, 2.62, 3.62, 4.0, 3.72, 3.32, 3.73, 4.38, 3.97, 2.56, 1.71, 1.88, 1.9, 2.23, 2.77, 2.86, 3.04, 2.97, 2.88, 3.6, 4.44, 4.72, 4.57, 4.51, 4.42, 4.64, 4.5, 4.25, 4.18, 3.68, 2.98, 2.71, 2.53, 2.48, 2.88, 3.73, 4.79, 5.67, 5.85, 5.63, 5.573, 6.097, 5.428, 5.271, 4.944, 3.36, 1.96, 1.8, 1.6, 1.77, 2.648, 2.856, 3.466, 4.507, 5.763, 6.25, 5.6, 5.202, 4.669, 3.08, 2.37, 2.39, 2.65, 2.59, 2.42, 2.47, 2.33, 1.85, 1.39, 1.25, 0.93, 0, 1.36, 1.87, 1.94, 2.01, 2.34, 2.3, 2.911, 2.37, 1.85, 2.26, 2.51, 2.21, 2.68], [1.9, 1.88, 1.96, 2.6, 2.96, 2.74, 2.36, 2.79, 3.36, 2.95, 1.84, 1.47, 1.42, 1.76, 1.87, 2.35, 2.3, 2.18, 2.21, 2.1, 2.6, 3.36, 3.7, 3.59, 3.55, 3.46, 3.72, 3.62, 3.37, 3.28, 2.68, 2.26, 1.99, 1.75, 2.06, 2.7, 3.45, 4.59, 5.458, 5.835, 5.989, 6.304, 6.92, 6.359, 6.226, 5.804, 4.04, 2.64, 2.54, 2.48, 2.65, 3.602, 3.856, 4.446, 5.633, 6.849, 7.316, 6.668, 6.219, 5.752, 4.14, 3.01, 2.63, 2.59, 2.41, 2.22, 2.27, 2.27, 2.19, 1.91, 1.47, 1.33, 1.36, 0, 1.05, 1.76, 2.21, 2.38, 1.66, 2.11, 1.69, 1.31, 1.6, 1.61, 1.33, 1.78], [2.45, 2.41, 2.57, 3.05, 2.97, 2.73, 2.33, 2.54, 2.99, 2.56, 1.73, 1.88, 1.79, 2.121, 2.219, 2.739, 2.69, 2.63, 2.82, 2.49, 2.51, 3.15, 3.49, 3.3, 3.32, 3.25, 3.49, 3.49, 3.52, 3.27, 2.71, 2.49, 2.28, 2.08, 2.27, 2.969, 3.72, 4.831, 5.7, 6.079, 6.275, 6.719, 7.41, 6.83, 6.677, 6.278, 4.534, 3.117, 2.982, 2.882, 3.098, 4.087, 4.295, 4.951, 6.217, 7.342, 7.885, 7.247, 6.735, 6.227, 4.522, 3.14, 2.54, 2.52, 2.18, 2.09, 2.1, 2.24, 2.26, 2.08, 1.6, 1.56, 1.87, 1.05, 0, 1.23, 1.82, 2.17, 1.57, 1.76, 1.42, 1.24, 1.39, 1.4, 1.18, 1.45], [2.922, 2.742, 3.1, 3.78, 3.58, 3.32, 2.94, 3.13, 3.5, 3.03, 2.06, 2.286, 2.356, 2.576, 2.906, 3.389, 3.482, 3.402, 3.495, 2.98, 3.12, 3.6, 3.96, 3.87, 3.89, 3.86, 4.06, 4.0, 4.11, 3.84, 3.26, 2.96, 2.77, 2.732, 3.019, 3.499, 4.372, 5.506, 6.286, 6.517, 6.58, 6.897, 7.218, 6.614, 6.404, 6.074, 4.421, 3.118, 2.595, 2.578, 2.931, 3.871, 3.848, 4.679, 5.823, 6.931, 7.378, 6.742, 6.154, 5.708, 3.912, 2.81, 2.19, 2.31, 1.95, 1.88, 1.85, 1.89, 1.91, 1.87, 1.95, 1.81, 1.94, 1.76, 1.23, 0, 1.27, 1.6, 1.