[[0, 0.79, 1.17, 1.24, 1.31, 1.21, 0.96, 1.3, 0.99, 1.19, 1.1, 3.84, 5.47, 5.27, 5.57, 5.16, 4.68, 4.74, 4.68, 5.11, 5.49, 5.44, 5.53, 4.6, 4.67, 5.58, 5.77, 6.91, 8.99, 9.69, 8.94, 8.055, 7.811, 7.721, 8.211, 8.848, 9.23, 8.79, 8.15, 8.46, 8.47, 8.69, 10.082, 10.024, 8.842, 7.382, 6.352, 6.611, 6.515, 6.37, 6.69, 6.73, 6.61, 6.97, 7.1, 7.06, 7.1, 7.63, 7.71, 7.93, 8.13, 8.26, 7.52, 7.03, 7.32, 6.76, 6.29, 5.4, 4.51, 2.57, 1.91, 2.1, 2.62, 2.33, 2.73, 3.78, 4.19, 3.85, 3.55, 2.81, 2.75, 2.82, 2.75, 2.67, 2.97, 2.96], [0.79, 0, 1.06, 1.15, 1.34, 1.1, 0.91, 1.47, 1.16, 1.14, 1.29, 4.15, 5.66, 5.52, 5.88, 5.41, 4.91, 4.97, 4.91, 5.42, 5.72, 5.75, 5.84, 4.89, 4.92, 5.89, 6.06, 7.18, 9.26, 10.0, 9.23, 8.365, 8.121, 8.031, 8.521, 9.158, 9.54, 9.1, 8.46, 8.77, 8.78, 9.0, 10.381, 10.334, 9.029, 7.72, 6.662, 6.921, 6.825, 6.66, 6.96, 7.04, 6.88, 7.26, 7.39, 7.35, 7.41, 7.88, 8.02, 8.24, 8.44, 8.53, 7.75, 7.22, 7.55, 7.01, 6.52, 5.63, 4.78, 2.78, 1.76, 1.81, 2.33, 2.22, 2.54, 3.69, 4.12, 3.78, 3.5, 2.7, 2.6, 2.65, 2.58, 2.5, 2.82, 2.81], [1.17, 1.06, 0, 0.69, 0.82, 0.84, 1.17, 1.53, 1.18, 1.4, 1.53, 4.09, 5.66, 5.5, 5.82, 5.31, 4.89, 4.99, 4.87, 5.36, 5.7, 5.73, 5.78, 4.83, 4.84, 5.83, 6.02, 7.12, 9.22, 9.96, 9.19, 8.322, 8.078, 7.988, 8.478, 9.115, 9.5, 9.06, 8.42, 8.73, 8.74, 8.931, 10.338, 10.271, 9.049, 7.585, 6.538, 6.878, 6.782, 6.62, 6.92, 7.0, 6.84, 7.22, 7.37, 7.35, 7.37, 7.88, 8.0, 8.2, 8.4, 8.53, 7.73, 7.14, 7.43, 7.01, 6.46, 5.45, 4.74, 2.74, 1.92, 2.05, 2.49, 2.5, 2.98, 3.99, 4.44, 4.12, 3.88, 3.04, 3.1, 3.13, 3.0, 2.86, 3.18, 3.15], [1.24, 1.15, 0.69, 0, 0.55, 0.77, 1.28, 1.6, 1.23, 1.53, 1.6, 3.86, 5.43, 5.27, 5.61, 5.08, 4.66, 4.76, 4.66, 5.15, 5.45, 5.48, 5.57, 4.64, 4.61, 5.6, 5.79, 6.89, 8.99, 9.73, 8.96, 8.092, 7.848, 7.758, 8.248, 8.885, 9.27, 8.83, 8.21, 8.5, 8.51, 8.695, 10.108, 10.041, 8.816, 7.341, 6.268, 6.648, 6.552, 6.39, 6.69, 6.77, 6.61, 6.99, 7.16, 7.12, 7.14, 7.67, 7.75, 7.97, 8.17, 8.32, 7.48, 6.89, 7.18, 6.78, 6.25, 5.24, 4.53, 2.53, 2.05, 2.28, 2.58, 2.61, 3.19, 4.34, 4.69, 4.37, 4.15, 3.27, 3.37, 3.38, 3.27, 3.17, 3.51, 3.48], [1.31, 1.34, 0.82, 0.55, 0, 0.84, 1.43, 1.67, 1.22, 1.7, 1.73, 3.63, 5.18, 5.04, 5.36, 4.87, 4.43, 4.49, 4.43, 4.9, 5.26, 5.25, 5.3, 4.33, 4.36, 5.37, 5.56, 6.64, 8.76, 9.5, 8.73, 7.859, 7.615, 7.525, 8.015, 8.652, 9.04, 8.6, 7.96, 8.27, 8.28, 8.445, 9.875, 9.808, 8.549, 7.091, 6.055, 6.415, 6.319, 6.18, 6.46, 6.54, 6.38, 6.76, 6.89, 6.87, 6.91, 7.4, 7.52, 7.74, 7.94, 8.05, 7.23, 6.62, 6.87, 6.49, 6.0, 4.97, 4.26, 2.28, 1.88, 2.27, 2.47, 2.56, 3.34, 4.57, 4.94, 4.6, 4.4, 3.56, 3.62, 3.51, 3.4, 3.26, 3.5, 3.43], [1.21, 1.1, 0.84, 0.77, 0.84, 0, 0.81, 1.29, 1.1, 1.24, 1.57, 4.15, 5.6, 5.5, 5.88, 5.35, 4.83, 4.97, 4.89, 5.42, 5.74, 5.77, 5.84, 4.87, 4.86, 5.89, 6.08, 7.18, 9.28, 10.02, 9.25, 8.382, 8.138, 8.048, 8.538, 9.175, 9.56, 9.12, 8.48, 8.79, 8.8, 8.985, 10.398, 10.331, 9.005, 7.631, 6.602, 6.938, 6.842, 6.68, 6.98, 7.06, 6.9, 7.26, 7.41, 7.37, 7.43, 7.9, 8.04, 8.26, 8.46, 8.53, 7.63, 6.96, 7.37, 6.99, 6.5, 5.47, 4.78, 2.76, 1.76, 2.25, 2.43, 2.3, 2.76, 3.89, 4.3, 3.98, 3.74, 2.92, 2.92, 2.97, 2.86, 2.76, 3.1, 3.11], [0.96, 0.91, 1.17, 1.28, 1.43, 0.81, 0, 0.88, 1.15, 1.01, 1.48, 4.62, 6.05, 5.95, 6.33, 5.74, 5.28, 5.42, 5.34, 5.87, 6.17, 6.22, 6.33, 5.36, 5.33, 6.34, 6.53, 7.67, 9.73, 10.47, 9.7, 8.838, 8.593, 8.503, 8.993, 9.631, 10.01, 9.57, 8.93, 9.24, 9.25, 9.481, 10.853, 10.786, 9.458, 8.147, 7.046, 7.393, 7.298, 7.13, 7.43, 7.51, 7.35, 7.71, 7.86, 7.82, 7.88, 8.35, 8.49, 8.71, 8.91, 8.98, 8.06, 7.47, 7.86, 7.48, 6.99, 5.94, 5.27, 3.25, 1.89, 2.22, 2.44, 1.93, 2.21, 3.32, 3.69, 3.39, 3.15, 2.31, 2.41, 2.56, 2.49, 2.27, 2.63, 2.6], [1.3, 1.47, 1.53, 1.6, 1.67, 1.29, 0.88, 0, 1.17, 1.39, 1.7, 4.78, 6.23, 6.09, 6.47, 5.88, 5.42, 5.56, 5.48, 6.01, 6.31, 6.36, 6.49, 5.52, 5.49, 6.48, 6.71, 7.87, 9.93, 10.61, 9.86, 8.981, 8.736, 8.646, 9.136, 9.773, 10.15, 9.71, 9.07, 9.38, 9.39, 9.646, 11.002, 10.929, 9.658, 8.295, 7.156, 7.536, 7.441, 7.29, 7.57, 7.65, 7.49, 7.85, 8.0, 7.96, 8.02, 8.49, 8.63, 8.85, 9.05, 9.12, 8.2, 7.63, 8.02, 7.64, 7.15, 6.1, 5.43, 3.41, 2.13, 2.5, 2.66, 2.01, 2.39, 3.42, 3.71, 3.43, 3.35, 2.67, 2.73, 2.98, 2.89, 2.55, 2.85, 2.84], [0.99, 1.16, 1.18, 1.23, 1.22, 1.1, 1.15, 1.17, 0, 1.46, 1.49, 3.91, 5.42, 5.26, 5.68, 5.21, 4.67, 4.73, 4.69, 5.18, 5.48, 5.53, 5.6, 4.67, 4.66, 5.65, 5.84, 6.96, 9.06, 9.78, 9.01, 8.142, 7.898, 7.808, 8.298, 8.935, 9.32, 8.88, 8.24, 8.55, 8.56, 8.753, 10.169, 10.091, 8.768, 7.465, 6.318, 6.698, 6.602, 6.44, 6.74, 6.84, 6.68, 7.02, 7.17, 7.13, 7.19, 7.66, 7.8, 8.02, 8.22, 8.29, 7.41, 6.8, 7.19, 6.75, 6.26, 5.25, 4.54, 2.6, 1.8, 2.19, 2.53, 2.24, 2.84, 3.99, 4.48, 4.18, 3.92, 3.12, 3.06, 3.11, 3.02, 2.84, 3.14, 3.09], [1.19, 1.14, 1.4, 1.53, 1.7, 1.24, 1.01, 1.39, 1.46, 0, 1.05, 4.69, 6.12, 6.02, 6.4, 5.97, 5.35, 5.55, 5.47, 5.96, 6.34, 6.33, 6.4, 5.43, 5.38, 6.41, 6.6, 7.74, 9.8, 10.54, 9.77, 8.92, 8.663, 8.573, 9.063, 9.701, 10.08, 9.64, 9.0, 9.31, 9.32, 9.551, 10.923, 10.856, 9.603, 8.229, 7.167, 7.463, 7.368, 7.22, 7.5, 7.58, 7.42, 7.78, 7.93, 7.93, 7.95, 8.44, 8.62, 8.78, 8.98, 9.09, 8.25, 7.7, 8.05, 7.63, 7.1, 6.11, 5.34, 3.4, 2.22, 2.63, 3.03, 2.58, 2.76, 3.49, 3.8, 3.44, 3.28, 2.52, 2.66, 2.79, 2.76, 2.76, 3.24, 3.31], [1.1, 1.29, 1.53, 1.6, 1.73, 1.57, 1.48, 1.7, 1.49, 1.05, 0, 3.98, 5.65, 5.45, 5.67, 5.68, 4.96, 4.98, 4.96, 5.27, 5.77, 5.7, 5.71, 5.02, 4.97, 5.66, 5.89, 7.05, 9.11, 9.79, 9.02, 8.15, 7.899, 7.809, 8.299, 8.936, 9.31, 8.87, 8.25, 8.54, 8.55, 8.83, 10.182, 10.104, 9.062, 7.55, 6.46, 6.719, 6.63, 6.65, 6.75, 6.85, 6.81, 7.09, 7.22, 7.22, 7.18, 7.75, 7.89, 8.01, 8.21, 8.4, 7.74, 7.31, 7.62, 7.06, 6.61, 5.66, 4.81, 3.09, 2.57, 2.92, 3.48, 3.17, 3.43, 4.02, 4.37, 3.93, 3.91, 3.21, 3.35, 3.44, 3.41, 3.41, 3.77, 3.8], [3.84, 4.15, 4.09, 3.86, 3.63, 4.15, 4.62, 4.78, 3.91, 4.69, 3.98, 0, 1.97, 1.99, 1.97, 2.26, 1.54, 1.7, 1.76, 1.97, 2.23, 2.12, 2.07, 1.88, 1.61, 1.84, 1.97, 3.11, 5.17, 5.87, 5.12, 4.27, 4.04, 3.961, 4.411, 5.028, 5.41, 4.97, 4.47, 4.7, 4.69, 5.33, 6.262, 6.25, 5.37, 3.81, 2.9, 3.04, 3.03, 3.11, 3.07, 3.13, 3.23, 3.35, 3.42, 3.4, 3.38, 3.97, 4.03, 4.11, 4.31, 4.64, 4.06, 3.59, 4.02, 3.38, 2.85, 2.14, 1.73, 1.79, 3.39, 3.7, 3.6, 4.23, 5.29, 7.0, 7.45, 7.15, 6.87, 6.23, 5.79, 5.2, 5.17, 5.15, 5.29, 5.0], [5.47, 5.66, 5.66, 5.43, 5.18, 5.6, 6.05, 6.23, 5.42, 6.12, 5.65, 1.97, 0, 0.86, 1.26, 1.51, 1.21, 1.33, 1.55, 1.58, 1.58, 1.19, 1.08, 1.25, 1.28, 1.35, 1.36, 2.38, 3.78, 4.42, 3.71, 2.94, 2.61, 2.52, 2.943, 3.601, 3.98, 3.52, 2.92, 3.23, 3.24, 3.92, 4.85, 4.84, 3.82, 2.48, 1.89, 1.91, 1.96, 2.12, 1.96, 2.0, 2.06, 2.0, 2.03, 1.85, 1.99, 2.36, 2.7, 2.7, 2.92, 3.17, 2.43, 1.98, 2.51, 1.87, 1.5, 1.19, 1.3, 3.06, 4.6, 4.91, 4.55, 5.14, 6.58, 8.29, 8.68, 8.46, 8.14, 7.54, 7.04, 6.37, 6.36, 6.28, 6.44, 6.21], [5.27, 5.52, 5.5, 5.27, 5.04, 5.5, 5.95, 6.09, 5.26, 6.02, 5.45, 1.99, 0.86, 0, 0.96, 1.43, 1.19, 1.29, 1.29, 1.28, 1.58, 1.27, 1.44, 1.41, 1.6, 1.63, 1.68, 2.7, 4.22, 4.74, 4.13, 3.26, 2.87, 2.6, 3.055, 3.71, 4.12, 3.68, 3.0, 3.31, 3.44, 4.14, 5.11, 5.037, 4.22, 2.88, 2.05, 2.05, 1.88, 2.06, 2.24, 2.22, 2.04, 2.1, 2.07, 2.03, 2.27, 2.66, 2.9, 2.96, 3.18, 3.49, 2.85, 2.46, 2.83, 2.21, 1.6, 1.23, 1.12, 2.82, 4.48, 4.71, 4.43, 5.0, 6.34, 8.11, 8.44, 8.22, 7.86, 7.36, 6.78, 6.03, 6.08, 6.02, 6.22, 6.03], [5.57, 5.88, 5.82, 5.61, 5.36, 5.88, 6.33, 6.47, 5.68, 6.4, 5.67, 1.97, 1.26, 0.96, 0, 1.07, 1.45, 1.65, 1.43, 1.54, 1.4, 1.47, 1.68, 1.85, 1.7, 1.33, 1.46, 2.42, 3.92, 4.44, 3.85, 2.94, 2.61, 2.56, 2.85, 3.39, 3.7, 3.28, 3.0, 3.07, 3.26, 4.4, 4.77, 4.84, 4.1, 2.86, 2.27, 2.29, 2.22, 2.46, 2.16, 2.02, 2.26, 2.04, 1.85, 1.75, 2.19, 2.56, 2.64, 2.68, 2.9, 3.35, 2.77, 2.48, 2.77, 2.21, 1.58, 1.51, 1.7, 3.22, 4.9, 5.13, 4.85, 5.42, 6.72, 8.49, 8.74, 8.5, 8.2, 7.74, 7.1, 6.27, 6.34, 6.3, 6.54, 6.37], [5.16, 5.41, 5.31, 5.08, 4.87, 5.35, 5.74, 5.88, 5.21, 5.97, 5.68, 2.26, 1.51, 1.43, 1.07, 0, 1.22, 1.54, 1.46, 1.77, 1.35, 1.54, 1.97, 1.66, 1.51, 1.48, 1.75, 2.79, 4.29, 4.91, 4.26, 3.29, 3.18, 3.29, 3.64, 4.16, 4.27, 3.95, 3.77, 3.74, 3.93, 4.97, 5.42, 5.27, 4.45, 3.43, 2.78, 2.88, 2.89, 2.85, 2.65, 2.39, 2.69, 2.65, 2.52, 2.32, 2.78, 3.05, 3.05, 3.25, 3.45, 3.74, 3.2, 2.93, 3.16, 2.58, 1.99, 1.92, 1.91, 2.95, 4.41, 4.66, 4.34, 4.95, 6.19, 7.92, 8.25, 7.99, 7.69, 7.15, 6.51, 5.82, 5.87, 5.85, 6.03, 5.86], [4.68, 4.91, 4.89, 4.66, 4.43, 4.83, 5.28, 5.42, 4.67, 5.35, 4.96, 1.54, 1.21, 1.19, 1.45, 1.22, 0, 0.66, 0.7, 1.15, 1.19, 1.18, 1.51, 1.06, 0.81, 1.42, 1.63, 2.75, 4.71, 5.29, 4.62, 3.63, 3.354, 3.31, 3.734, 4.359, 4.73, 4.29, 3.69, 3.96, 3.97, 4.83, 5.669, 5.647, 4.773, 3.41, 2.5, 2.58, 2.47, 2.55, 2.59, 2.47, 2.45, 2.55, 2.64, 2.58, 2.82, 3.23, 3.37, 3.53, 3.75, 4.06, 3.38, 2.93, 3.38, 2.72, 2.15, 1.74, 1.53, 2.35, 3.95, 4.26, 4.1, 4.71, 5.75, 7.44, 7.83, 7.57, 7.21, 6.71, 6.13, 5.4, 5.45, 5.43, 5.63, 5.42], [4.74, 4.97, 4.99, 4.76, 4.49, 4.97, 5.42, 5.56, 4.73, 5.55, 4.98, 1.7, 1.33, 1.29, 1.65, 1.54, 0.66, 0, 0.8, 0.97, 1.29, 1.0, 1.35, 0.96, 0.89, 1.48, 1.59, 2.75, 4.65, 5.23, 4.58, 3.49, 3.212, 3.13, 3.6, 4.225, 4.59, 4.15, 3.53, 3.82, 3.87, 4.61, 5.589, 5.584, 4.688, 3.37, 2.38, 2.36, 2.17, 2.23, 2.41, 2.41, 2.31, 2.43, 2.5, 2.4, 2.66, 3.05, 3.25, 3.41, 3.67, 3.94, 3.32, 2.87, 3.32, 2.64, 2.29, 1.84, 1.47, 2.41, 4.07, 4.34, 4.2, 4.83, 5.83, 7.58, 7.89, 7.63, 7.31, 6.85, 6.23, 5.48, 5.53, 5.47, 5.71, 5.52], [4.68, 4.91, 4.87, 4.66, 4.43, 4.89, 5.34, 5.48, 4.69, 5.47, 4.96, 1.76, 1.55, 1.29, 1.43, 1.46, 0.7, 0.8, 0, 0.99, 1.01, 1.32, 1.61, 1.2, 0.99, 1.58, 1.83, 2.87, 4.89, 5.49, 4.86, 3.81, 3.477, 3.287, 3.692, 4.34, 4.71, 4.35, 3.67, 3.92, 4.13, 4.81, 5.812, 5.89, 5.096, 3.61, 2.76, 2.78, 2.49, 2.53, 2.79, 2.67, 2.45, 2.71, 2.78, 2.76, 3.08, 3.53, 3.69, 3.67, 3.95, 4.36, 3.74, 3.25, 3.64, 3.02, 2.41, 1.92, 1.61, 2.51, 4.11, 4.38, 4.28, 4.87, 5.87, 7.6, 7.89, 7.63, 7.27, 6.81, 6.23, 5.38, 5.49, 5.53, 5.79, 5.6], [5.11, 5.42, 5.36, 5.15, 4.9, 5.42, 5.87, 6.01, 5.18, 5.96, 5.27, 1.97, 1.58, 1.28, 1.54, 1.77, 1.15, 0.97, 0.99, 0, 0.96, 0.99, 1.28, 1.17, 1.26, 1.29, 1.44, 2.32, 4.32, 4.9, 4.25, 3.14, 2.822, 2.68, 3.27, 3.79, 4.16, 3.72, 3.26, 3.45, 3.66, 4.18, 5.27, 5.254, 4.54, 3.12, 2.45, 2.43, 2.2, 2.42, 2.64, 2.56, 2.46, 2.46, 2.27, 2.25, 2.61, 3.12, 3.16, 3.06, 3.38, 3.77, 3.21, 2.88, 3.21, 2.57, 2.28, 1.93, 1.6, 2.94, 4.66, 4.91, 4.81, 5.4, 6.42, 8.13, 8.4, 8.14, 7.82, 7.36, 6.78, 5.97, 6.04, 6.08, 6.32, 6.13], [5.49, 5.72, 5.7, 5.45, 5.26, 5.74, 6.17, 6.31, 5.48, 6.34, 5.77, 2.23, 1.58, 1.58, 1.4, 1.35, 1.19, 1.29, 1.01, 0.96, 0, 1.05, 1.44, 1.41, 1.3, 1.05, 1.28, 2.08, 4.04, 4.62, 3.97, 3.0, 2.63, 2.66, 3.05, 3.53, 3.84, 3.42, 3.26, 3.25, 3.46, 4.38, 4.97, 5.055, 4.495, 3.14, 2.45, 2.41, 2.4, 2.42, 2.38, 2.32, 2.36, 2.48, 2.31, 2.15, 2.57, 3.04, 3.0, 2.8, 3.08, 3.73, 3.19, 2.86, 3.13, 2.55, 2.14, 2.17, 1.88, 3.32, 4.9, 5.13, 5.01, 5.62, 6.68, 8.39, 8.68, 8.42, 8.12, 7.6, 7.02, 6.17, 6.26, 6.32, 6.56, 6.37], [5.44, 5.75, 5.73, 5.48, 5.25, 5.77, 6.22, 6.36, 5.53, 6.33, 5.7, 2.12, 1.19, 1.27, 1.47, 1.54, 1.18, 1.0, 1.32, 0.99, 1.05, 0, 0.77, 1.0, 1.17, 1.02, 1.15, 2.01, 3.77, 4.35, 3.7, 2.65, 2.412, 2.37, 2.82, 3.436, 3.79, 3.35, 2.91, 3.02, 3.05, 3.97, 4.74, 4.744, 3.89, 2.57, 2.04, 2.1, 1.91, 1.99, 2.07, 2.01, 1.99, 2.07, 1.9, 1.72, 2.0, 2.43, 2.55, 2.59, 2.93, 3.18, 2.58, 2.19, 2.58, 2.06, 1.95, 1.76, 1.65, 3.21, 4.89, 5.12, 4.96, 5.59, 6.73, 8.44, 8.79, 8.53, 8.21, 7.63, 7.09, 6.4, 6.45, 6.37, 6.55, 6.36], [5.53, 5.84, 5.78, 5.57, 5.3, 5.84, 6.33, 6.49, 5.6, 6.4, 5.71, 2.07, 1.08, 1.44, 1.68, 1.97, 1.51, 1.35, 1.61, 1.28, 1.44, 0.77, 0, 0.99, 1.28, 1.23, 1.34, 2.02, 3.64, 4.26, 3.57, 2.6, 2.352, 2.32, 2.767, 3.409, 3.76, 3.34, 2.8, 3.05, 3.04, 3.62, 4.65, 4.68, 3.7, 2.26, 1.81, 1.91, 1.72, 1.96, 2.0, 1.98, 2.06, 1.98, 1.91, 1.75, 1.83, 2.36, 2.56, 2.46, 2.76, 3.03, 2.43, 2.02, 2.39, 1.93, 1.86, 1.63, 1.52, 3.26, 4.98, 5.25, 5.03, 5.64, 6.9, 8.59, 8.96, 8.7, 8.44, 7.8, 7.3, 6.69, 6.68, 6.66, 6.8, 6.53], [4.6, 4.89, 4.83, 4.64, 4.33, 4.87, 5.36, 5.52, 4.67, 5.43, 5.02, 1.88, 1.25, 1.41, 1.85, 1.66, 1.06, 0.96, 1.2, 1.17, 1.41, 1.0, 0.99, 0, 0.77, 1.34, 1.47, 2.57, 4.51, 5.19, 4.46, 3.566, 3.302, 3.212, 3.702, 4.339, 4.73, 4.29, 3.65, 3.96, 3.97, 4.35, 5.585, 5.536, 4.49, 3.01, 2.28, 2.5, 2.39, 2.37, 2.55, 2.55, 2.51, 2.71, 2.7, 2.6, 2.62, 3.13, 3.31, 3.43, 3.63, 3.82, 3.2, 2.71, 3.08, 2.4, 2.25, 1.76, 1.21, 2.39, 4.09, 4.38, 4.18, 4.77, 6.01, 7.7, 8.17, 7.89, 7.59, 6.85, 6.45, 5.9, 5.91, 5.87, 5.99, 5.72], [4.67, 4.92, 4.84, 4.61, 4.36, 4.86, 5.33, 5.49, 4.66, 5.38, 4.97, 1.61, 1.28, 1.6, 1.7, 1.51, 0.81, 0.89, 0.99, 1.26, 1.3, 1.17, 1.28, 0.77, 0, 1.17, 1.3, 2.44, 4.48, 5.2, 4.43, 3.6, 3.338, 3.36, 3.758, 4.375, 4.74, 4.3, 3.74, 3.97, 4.0, 4.7, 5.589, 5.557, 4.5, 3.02, 2.41, 2.53, 2.6, 2.58, 2.52, 2.5, 2.48, 2.64, 2.71, 2.65, 2.73, 3.24, 3.32, 3.44, 3.64, 3.87, 3.19, 2.62, 3.09, 2.49, 2.24, 1.69, 1.5, 2.52, 4.12, 4.45, 4.27, 4.88, 6.06, 7.75, 8.24, 7.96, 7.66, 6.96, 6.54, 5.95, 5.96, 5.94, 6.08, 5.77], [5.58, 5.89, 5.83, 5.6, 5.37, 5.89, 6.34, 6.48, 5.65, 6.41, 5.66, 1.84, 1.35, 1.63, 1.33, 1.48, 1.42, 1.48, 1.58, 1.29, 1.05, 1.02, 1.23, 1.34, 1.17, 0, 0.49, 1.61, 3.47, 4.15, 3.4, 2.55, 2.5, 2.61, 2.94, 3.46, 3.67, 3.27, 3.13, 3.16, 3.27, 4.23, 4.68, 4.53, 3.87, 2.61, 2.08, 2.16, 2.33, 2.65, 2.19, 2.11, 2.59, 2.25, 2.1, 1.74, 2.02, 2.51, 2.43, 2.55, 2.67, 3.04, 2.56, 2.39, 2.68, 2.0, 1.97, 1.86, 1.83, 3.37, 5.07, 5.3, 5.16, 5.77, 6.95, 8.64, 9.13, 8.85, 8.53, 7.83, 7.37, 6.76, 6.77, 6.81, 6.91, 6.66], [5.77, 6.06, 6.02, 5.79, 5.56, 6.08, 6.53, 6.71, 5.84, 6.6, 5.89, 1.97, 1.36, 1.68, 1.46, 1.75, 1.63, 1.59, 1.83, 1.44, 1.28, 1.15, 1.34, 1.47, 1.3, 0.49, 0, 1.34, 3.22, 3.94, 3.21, 2.4, 2.21, 2.42, 2.65, 3.23, 3.48, 3.04, 2.96, 2.97, 3.06, 4.06, 4.53, 4.42, 3.8, 2.54, 2.19, 2.13, 2.3, 2.64, 2.18, 2.16, 2.62, 2.22, 1.97, 1.67, 1.87, 2.26, 2.36, 2.38, 2.54, 2.91, 2.41, 2.34, 2.47, 2.05, 1.88, 1.93, 1.96, 3.54, 5.2, 5.45, 5.31, 5.92, 7.12, 8.85, 9.32, 9.04, 8.72, 8.06, 7.58, 6.93, 6.94, 6.98, 7.08, 6.83], [6.91, 7.18, 7.12, 6.89, 6.64, 7.18, 7.67, 7.87, 6.96, 7.74, 7.05, 3.11, 2.38, 2.7, 2.42, 2.79, 2.75, 2.75, 2.87, 2.32, 2.08, 2.01, 2.02, 2.57, 2.44, 1.61, 1.34, 0, 2.28, 3.08, 2.37, 1.84, 1.87, 1.98, 1.87, 2.45, 2.72, 2.74, 3.08, 2.85, 3.0, 3.5, 3.95, 4.08, 3.64, 2.88, 2.87, 2.63, 2.86, 3.22, 2.78, 2.68, 3.2, 2.78, 2.21, 1.87, 2.01, 2.18, 2.28, 2.22, 2.54, 2.77, 2.59, 2.76, 2.59, 2.59, 2.66, 3.03, 2.96, 4.58, 6.26, 6.55, 6.37, 6.92, 8.28, 10.01, 10.44, 10.18, 9.86, 9.24, 8.74, 8.05, 8.08, 8.08, 8.18, 7.95], [8.99, 9.26, 9.22, 8.99, 8.76, 9.28, 9.73, 9.93, 9.06, 9.8, 9.11, 5.17, 3.78, 4.22, 3.92, 4.29, 4.71, 4.65, 4.89, 4.32, 4.04, 3.77, 3.64, 4.51, 4.48, 3.47, 3.22, 2.28, 0, 1.0, 0.71, 1.42, 1.85, 2.0, 1.91, 1.97, 2.06, 2.64, 3.12, 2.91, 2.96, 3.4, 3.11, 3.12, 3.32, 3.4, 3.55, 3.17, 3.38, 3.6, 3.16, 3.04, 3.5, 3.0, 2.47, 2.45, 2.39, 2.02, 2.16, 2.2, 2.5, 2.65, 2.95, 3.56, 3.25, 3.43, 3.56, 4.15, 4.64, 6.64, 8.28, 8.51, 8.23, 8.84, 10.28, 11.99, 12.4, 12.16, 11.86, 11.24, 10.72, 10.05, 10.06, 10.02, 10.12, 9.91], [9.69, 10.0, 9.96, 9.73, 9.5, 10.02, 10.47, 10.61, 9.78, 10.54, 9.79, 5.87, 4.42, 4.74, 4.44, 4.91, 5.29, 5.23, 5.49, 4.9, 4.62, 4.35, 4.26, 5.19, 5.2, 4.15, 3.94, 3.08, 1.0, 0, 1.05, 1.86, 2.27, 2.48, 2.35, 2.27, 2.16, 2.74, 3.28, 3.09, 3.12, 3.56, 3.01, 3.06, 3.6, 3.7, 3.83, 3.47, 3.68, 3.86, 3.5, 3.5, 3.8, 3.28, 2.93, 2.97, 2.93, 2.44, 2.56, 2.5, 2.68, 2.91, 3.23, 3.94, 3.61, 3.77, 3.98, 4.75, 5.34, 7.32, 9.02, 9.25, 8.97, 9.54, 10.92, 12.67, 13.0, 12.78, 12.44, 11.9, 11.34, 10.63, 10.64, 10.6, 10.74, 10.53], [8.94, 9.23, 9.19, 8.96, 8.73, 9.25, 9.7, 9.86, 9.01, 9.77, 9.02, 5.12, 3.71, 4.13, 3.85, 4.26, 4.62, 4.58, 4.86, 4.25, 3.97, 3.7, 3.57, 4.46, 4.43, 3.4, 3.21, 2.37, 0.71, 1.05, 0, 1.29, 1.78, 2.01, 1.98, 2.24, 2.03, 2.63, 3.11, 2.94, 2.95, 3.51, 3.22, 3.09, 3.33, 3.35, 3.4, 3.0, 3.29, 3.51, 3.09, 3.03, 3.51, 2.97, 2.38, 2.42, 2.34, 2.03, 2.09, 2.05, 2.47, 2.62, 2.88, 3.47, 3.18, 3.3, 3.45, 4.08, 4.57, 6.57, 8.23, 8.46, 8.18, 8.77, 10.19, 11.9, 12.29, 12.07, 11.77, 11.15, 10.65, 10.0, 9.99, 9.91, 10.05, 9.84], [8.055, 8.365, 8.322, 8.092, 7.859, 8.382, 8.838, 8.981, 8.142, 8.92, 8.15, 4.27, 2.94, 3.26, 2.94, 3.29, 3.63, 3.49, 3.81, 3.14, 3.0, 2.65, 2.6, 3.566, 3.6, 2.55, 2.4, 1.84, 1.42, 1.86, 1.29, 0, 0.99, 1.32, 1.53, 1.99, 1.76, 2.04, 2.42, 2.29, 2.28, 3.18, 3.17, 2.88, 2.76, 2.64, 2.61, 2.41, 2.5, 2.66, 2.44, 2.4, 2.82, 2.16, 1.59, 1.51, 1.49, 1.38, 1.6, 1.46, 1.9, 2.03, 2.17, 2.82, 2.51, 2.65, 2.78, 3.45, 3.72, 5.68, 7.34, 7.55, 7.31, 7.96, 9.22, 11.01, 11.26, 11.04, 10.74, 10.253, 9.62, 8.91, 8.9, 8.88, 9.08, 8.91], [7.811, 8.121, 8.078, 7.848, 7.615, 8.138, 8.593, 8.736, 7.898, 8.663, 7.899, 4.04, 2.61, 2.87, 2.61, 3.18, 3.354, 3.212, 3.477, 2.822, 2.63, 2.412, 2.352, 3.302, 3.338, 2.5, 2.21, 1.87, 1.85, 2.27, 1.78, 0.99, 0, 0.85, 1.1, 1.5, 1.71, 1.59, 1.75, 1.72, 1.75, 2.67, 2.92, 2.85, 2.61, 2.09, 2.14, 1.84, 1.83, 2.15, 1.87, 1.95, 2.15, 1.65, 1.26, 1.28, 1.36, 1.33, 1.63, 1.03, 1.49, 1.84, 1.98, 2.45, 2.22, 2.42, 2.49, 3.02, 3.51, 5.47, 7.11, 7.34, 7.08, 7.65, 9.01, 10.762, 11.01, 10.784, 10.51, 10.009, 9.378, 8.574, 8.604, 8.63, 8.849, 8.676], [7.721, 8.031, 7.988, 7.758, 7.525, 8.048, 8.503, 8.646, 7.808, 8.573, 7.809, 3.961, 2.52, 2.6, 2.56, 3.29, 3.31, 3.13, 3.287, 2.68, 2.66, 2.37, 2.32, 3.212, 3.36, 2.61, 2.42, 1.98, 2.0, 2.48, 2.01, 1.32, 0.85, 0, 1.07, 1.61, 1.98, 1.84, 1.92, 2.01, 2.06, 2.64, 3.11, 3.16, 2.9, 2.18, 2.15, 1.79, 1.82, 2.16, 2.08, 2.06, 2.2, 1.96, 1.49, 1.41, 1.55, 1.66, 1.88, 1.28, 1.78, 2.29, 2.19, 2.38, 2.23, 2.39, 2.52, 2.89, 3.356, 5.345, 7.0, 7.25, 6.99, 7.559, 8.888, 10.672, 10.894, 10.674, 10.406, 9.919, 9.288, 8.464, 8.503, 8.526, 8.719, 8.546], [8.211, 8.521, 8.478, 8.248, 8.015, 8.538, 8.993, 9.136, 8.298, 9.063, 8.299, 4.411, 2.943, 3.055, 2.85, 3.64, 3.734, 3.6, 3.692, 3.27, 3.05, 2.82, 2.767, 3.702, 3.758, 2.94, 2.65, 1.87, 1.91, 2.35, 1.98, 1.53, 1.1, 1.07, 0, 1.06, 1.69, 1.79, 1.87, 1.68, 1.91, 2.61, 2.9, 3.25, 3.03, 2.31, 2.32, 1.88, 2.05, 2.31, 2.09, 1.97, 2.27, 1.83, 1.48, 1.48, 1.42, 1.49, 1.79, 1.27, 1.69, 2.18, 2.12, 2.59, 2.3, 2.46, 2.57, 3.22, 3.826, 5.815, 7.49, 7.74, 7.465, 8.029, 9.378, 11.162, 11.407, 11.187, 10.878, 10.409, 9.784, 8.963, 9.03, 8.993, 9.227, 9.054], [8.848, 9.158, 9.115, 8.885, 8.652, 9.175, 9.631, 9.773, 8.935, 9.701, 8.936, 5.028, 3.601, 3.71, 3.39, 4.16, 4.359, 4.225, 4.34, 3.79, 3.53, 3.436, 3.409, 4.339, 4.375, 3.46, 3.23, 2.45, 1.97, 2.27, 2.24, 1.99, 1.5, 1.61, 1.06, 0, 1.55, 1.61, 1.95, 1.76, 2.01, 2.63, 2.8, 3.25, 3.07, 2.59, 2.82, 2.38, 2.47, 2.73, 2.47, 2.47, 2.45, 2.15, 1.94, 1.96, 1.9, 1.71, 1.83, 1.43, 1.79, 2.18, 2.28, 2.87, 2.66, 2.82, 3.01, 3.76, 4.503, 6.47, 8.11, 8.36, 8.1, 8.67, 10.03, 11.799, 12.03, 11.801, 11.515, 11.046, 10.415, 9.554, 9.624, 9.612, 9.846, 9.673], [9.23, 9.54, 9.5, 9.27, 9.04, 9.56, 10.01, 10.15, 9.32, 10.08, 9.31, 5.41, 3.98, 4.12, 3.7, 4.27, 4.73, 4.59, 4.71, 4.16, 3.84, 3.79, 3.76, 4.73, 4.74, 3.67, 3.48, 2.72, 2.06, 2.16, 2.03, 1.76, 1.71, 1.98, 1.69, 1.55, 0, 1.04, 1.56, 1.35, 1.52, 2.3, 2.29, 2.24, 2.26, 2.34, 3.05, 2.69, 2.74, 2.9, 2.66, 2.58, 2.78, 2.36, 2.19, 2.25, 2.19, 1.9, 1.86, 1.54, 1.52, 1.53, 2.13, 2.9, 2.61, 2.75, 3.12, 4.11, 4.88, 6.84, 8.54, 8.75, 8.47, 9.04, 10.38, 12.17, 12.38, 12.16, 11.88, 11.42, 10.78, 9.91, 9.98, 9.98, 10.22, 10.05], [8.79, 9.1, 9.06, 8.83, 8.6, 9.12, 9.57, 9.71, 8.88, 9.64, 8.87, 4.97, 3.52, 3.68, 3.28, 3.95, 4.29, 4.15, 4.35, 3.72, 3.42, 3.35, 3.34, 4.29, 4.3, 3.27, 3.04, 2.74, 2.64, 2.74, 2.63, 2.04, 1.59, 1.84, 1.79, 1.61, 1.04, 0, 0.98, 0.81, 0.96, 1.88, 1.99, 1.98, 1.84, 1.7, 2.65, 2.35, 2.36, 2.48, 2.2, 2.2, 2.34, 1.9, 1.83, 1.85, 1.87, 1.88, 1.94, 1.46, 1.22, 1.33, 1.81, 2.44, 2.13, 2.41, 2.68, 3.67, 4.44, 6.42, 8.12, 8.35, 8.07, 8.64, 9.94, 11.73, 11.94, 11.72, 11.44, 10.98, 10.34, 9.49, 9.54, 9.54, 9.78, 9.61], [8.15, 8.46, 8.42, 8.21, 7.96, 8.48, 8.93, 9.07, 8.24, 9.0, 8.25, 4.47, 2.92, 3.0, 3.0, 3.77, 3.69, 3.53, 3.67, 3.26, 3.26, 2.91, 2.8, 3.65, 3.74, 3.13, 2.96, 3.08, 3.12, 3.28, 3.11, 2.42, 1.75, 1.92, 1.87, 1.95, 1.56, 0.98, 0, 0.75, 0.9, 1.98, 2.39, 2.42, 2.04, 1.38, 2.19, 1.97, 1.82, 1.92, 1.96, 2.0, 1.86, 1.54, 1.77, 1.81, 1.71, 1.84, 2.14, 1.7, 1.48, 1.47, 1.81, 2.08, 2.03, 2.15, 2.5, 3.11, 3.8, 5.78, 7.48, 7.71, 7.43, 8.0, 9.3, 11.09, 11.3, 11.08, 10.8, 10.34, 9.7, 8.83, 8.9, 8.9, 9.14, 8.97], [8.46, 8.77, 8.73, 8.5, 8.27, 8.79, 9.24, 9.38, 8.55, 9.31, 8.54, 4.7, 3.23, 3.31, 3.07, 3.74, 3.96, 3.82, 3.92, 3.45, 3.25, 3.02, 3.05, 3.96, 3.97, 3.16, 2.97, 2.85, 2.91, 3.09, 2.94, 2.29, 1.72, 2.01, 1.68, 1.76, 1.35, 0.81, 0.75, 0, 0.79, 1.87, 2.12, 2.19, 1.77, 1.47, 2.44, 2.26, 2.13, 2.19, 2.05, 1.99, 1.97, 1.73, 1.76, 1.84, 1.84, 1.93, 2.11, 1.67, 1.39, 1.34, 1.76, 2.27, 1.94, 2.1, 2.57, 3.34, 4.11, 6.09, 7.79, 8.02, 7.74, 8.31, 9.61, 11.4, 11.61, 11.39, 11.11, 10.65, 10.01, 9.16, 9.23, 9.21, 9.45, 9.28], [8.47, 8.78, 8.74, 8.51, 8.28, 8.8, 9.25, 9.39, 8.56, 9.32, 8.55, 4.69, 3.24, 3.44, 3.26, 3.93, 3.97, 3.87, 4.13, 3.66, 3.46, 3.05, 3.04, 3.97, 4.0, 3.27, 3.06, 3.0, 2.96, 3.12, 2.95, 2.28, 1.75, 2.06, 1.91, 2.01, 1.52, 0.96, 0.9, 0.79, 0, 1.64, 1.93, 1.92, 1.4, 1.38, 2.45, 2.31, 2.12, 2.18, 2.04, 2.12, 2.02, 1.72, 1.89, 1.99, 1.81, 1.94, 2.1, 1.56, 1.34, 1.21, 1.77, 2.12, 1.87, 2.15, 2.58, 3.35, 4.1, 6.08, 7.78, 8.01, 7.73, 8.3, 9.66, 11.41, 11.7, 11.48, 11.16, 10.66, 10.06, 9.29, 9.32, 9.26, 9.46, 9.29], [8.69, 9.0, 8.931, 8.695, 8.445, 8.985, 9.481, 9.646, 8.753, 9.551, 8.83, 5.33, 3.92, 4.14, 4.4, 4.97, 4.83, 4.61, 4.81, 4.18, 4.38, 3.97, 3.62, 4.35, 4.7, 4.23, 4.06, 3.5, 3.4, 3.56, 3.51, 3.18, 2.67, 2.64, 2.61, 2.63, 2.3, 1.88, 1.98, 1.87, 1.64, 0, 1.57, 2.04, 1.86, 2.16, 3.27, 2.93, 2.82, 3.0, 2.96, 3.0, 2.96, 2.96, 3.23, 3.23, 3.11, 3.26, 3.18, 2.5, 2.12, 2.13, 2.77, 2.94, 2.83, 3.17, 3.74, 4.13, 4.34, 6.26, 7.92, 8.17, 7.869, 8.42, 9.98, 11.71, 12.08, 11.86, 11.54, 10.94, 10.42, 9.71, 9.74, 9.7, 9.82, 9.61], [10.082, 10.381, 10.338, 10.108, 9.875, 10.398, 10.853, 11.002, 10.169, 10.923, 10.182, 6.262, 4.85, 5.11, 4.77, 5.42, 5.669, 5.589, 5.812, 5.27, 4.97, 4.74, 4.65, 5.585, 5.589, 4.68, 4.53, 3.95, 3.11, 3.01, 3.22, 3.17, 2.92, 3.11, 2.9, 2.8, 2.29, 1.99, 2.39, 2.12, 1.93, 1.57, 0, 1.01, 1.73, 2.85, 3.92, 3.58, 3.71, 3.83, 3.53, 3.53, 3.61, 3.37, 3.56, 3.56, 3.44, 3.49, 3.39, 2.85, 2.37, 2.32, 3.08, 3.51, 3.32, 3.68, 4.19, 5.039, 5.712, 7.675, 9.35, 9.591, 9.305, 9.869, 11.318, 13.062, 13.37, 13.147, 12.856, 12.295, 11.724, 10.989, 11.013, 10.976, 11.116, 10.914], [10.024, 10.334, 10.271, 10.041, 9.808, 10.331, 10.786, 10.929, 10.091, 10.856, 10.104, 6.25, 4.84, 5.037, 4.84, 5.27, 5.647, 5.584, 5.89, 5.254, 5.055, 4.744, 4.68, 5.536, 5.557, 4.53, 4.42, 4.08, 3.12, 3.06, 3.09, 2.88, 2.85, 3.16, 3.25, 3.25, 2.24, 1.98, 2.42, 2.19, 1.92, 2.04, 1.01, 0, 1.44, 2.78, 3.89, 3.71, 3.72, 3.9, 3.54, 3.58, 3.72, 3.36, 3.41, 3.45, 3.29, 3.24, 3.14, 2.76, 2.34, 1.97, 2.97, 3.471, 3.13, 3.53, 4.06, 4.903, 5.654, 7.611, 9.294, 9.503, 9.218, 9.782, 11.234, 12.97, 13.343, 13.12, 12.809, 12.226, 11.686, 11.007, 11.017, 10.969, 11.109, 10.907], [8.842, 9.029, 9.049, 8.816, 8.549, 9.005, 9.458, 9.658, 8.768, 9.603, 9.062, 5.37, 3.82, 4.22, 4.1, 4.45, 4.773, 4.688, 5.096, 4.54, 4.495, 3.89, 3.7, 4.49, 4.5, 3.87, 3.8, 3.64, 3.32, 3.6, 3.33, 2.76, 2.61, 2.9, 3.03, 3.07, 2.26, 1.84, 2.04, 1.77, 1.4, 1.86, 1.73, 1.44, 0, 1.78, 3.07, 3.25, 3.2, 3.2, 2.92, 2.96, 3.02, 2.62, 2.83, 2.81, 2.73, 2.68, 2.74, 2.42, 2.0, 1.27, 1.89, 2.28, 1.97, 2.37, 3.04, 3.65, 4.58, 6.42, 7.94, 8.23, 7.93, 8.5, 10.046, 11.796, 12.189, 11.992, 11.794, 11.066, 10.654, 10.13, 10.1, 9.914, 10.034, 9.722], [7.382, 7.72, 7.585, 7.341, 7.091, 7.631, 8.147, 8.295, 7.465, 8.229, 7.55, 3.81, 2.48, 2.88, 2.86, 3.43, 3.41, 3.37, 3.61, 3.12, 3.14, 2.57, 2.26, 3.01, 3.02, 2.61, 2.54, 2.88, 3.4, 3.7, 3.35, 2.64, 2.09, 2.18, 2.31, 2.59, 2.34, 1.7, 1.38, 1.47, 1.38, 2.16, 2.85, 2.78, 1.78, 0, 1.63, 1.77, 1.66, 1.76, 1.7, 1.88, 1.76, 1.66, 1.97, 1.95, 1.73, 2.12, 2.18, 1.84, 1.56, 1.59, 1.35, 1.36, 1.31, 1.49, 2.02, 2.31, 3.04, 4.96, 6.6, 6.85, 6.55, 7.1, 8.703, 10.473, 10.886, 10.669, 10.452, 9.743, 9.312, 8.724, 8.694, 8.589, 8.709, 8.379], [6.352, 6.662, 6.538, 6.268, 6.055, 6.602, 7.046, 7.156, 6.318, 7.167, 6.46, 2.9, 1.89, 2.05, 2.27, 2.78, 2.5, 2.38, 2.76, 2.45, 2.45, 2.04, 1.81, 2.28, 2.41, 2.08, 2.19, 2.87, 3.55, 3.83, 3.4, 2.61, 2.14, 2.15, 2.32, 2.82, 3.05, 2.65, 2.19, 2.44, 2.45, 3.27, 3.92, 3.89, 3.07, 1.63, 0, 0.84, 1.09, 1.19, 1.23, 1.39, 1.49, 1.27, 1.76, 1.82, 1.58, 2.11, 2.01, 1.91, 1.97, 2.44, 1.8, 1.79, 1.92, 1.54, 1.59, 1.54, 2.11, 3.99, 5.57, 5.88, 5.54, 6.07, 7.55, 9.349, 9.71, 9.519, 9.322, 8.599, 8.182, 7.617, 7.587, 7.45, 7.59, 7.28], [6.611, 6.921, 6.878, 6.648, 6.415, 6.938, 7.393, 7.536, 6.698, 7.463, 6.719, 3.04, 1.91, 2.05, 2.29, 2.88, 2.58, 2.36, 2.78, 2.43, 2.41, 2.1, 1.91, 2.5, 2.53, 2.16, 2.13, 2.63, 3.17, 3.47, 3.0, 2.41, 1.84, 1.79, 1.88, 2.38, 2.69, 2.35, 1.97, 2.26, 2.31, 2.93, 3.58, 3.71, 3.25, 1.77, 0.84, 0, 0.83, 1.09, 0.99, 1.17, 1.33, 1.09, 1.54, 1.52, 1.42, 1.95, 1.85, 1.65, 1.71, 2.48, 1.94, 1.93, 2.16, 1.78, 1.77, 1.92, 2.37, 4.27, 5.91, 6.14, 5.88, 6.45, 7.85, 9.577, 9.93, 9.707, 9.37, 8.827, 8.262, 7.594, 7.584, 7.53, 7.69, 7.5], [6.515, 6.825, 6.782, 6.552, 6.319, 6.842, 7.298, 7.441, 6.602, 7.368, 6.63, 3.03, 1.96, 1.88, 2.22, 2.89, 2.47, 2.17, 2.49, 2.2, 2.4, 1.91, 1.72, 2.39, 2.6, 2.33, 2.3, 2.86, 3.38, 3.68, 3.29, 2.5, 1.83, 1.82, 2.05, 2.47, 2.74, 2.36, 1.82, 2.13, 2.12, 2.82, 3.71, 3.72, 3.2, 1.66, 1.09, 0.83, 0, 0.78, 0.96, 1.22, 1.08, 0.94, 1.45, 1.53, 1.45, 1.86, 1.86, 1.78, 1.88, 2.43, 1.97, 1.96, 2.27, 2.01, 1.82, 1.93, 2.3, 4.14, 5.8, 6.01, 5.75, 6.32, 7.72, 9.466, 9.76, 9.54, 9.22, 8.719, 8.12, 7.35, 7.38, 7.32, 7.52, 7.35], [6.37, 6.66, 6.62, 6.39, 6.18, 6.68, 7.13, 7.29, 6.44, 7.22, 6.65, 3.11, 2.12, 2.06, 2.46, 2.85, 2.55, 2.23, 2.53, 2.42, 2.42, 1.99, 1.96, 2.37, 2.58, 2.65, 2.64, 3.22, 3.6, 3.86, 3.51, 2.66, 2.15, 2.16, 2.31, 2.73, 2.9, 2.48, 1.92, 2.19, 2.18, 3.0, 3.83, 3.9, 3.2, 1.76, 1.19, 1.09, 0.78, 0, 0.98, 1.3, 0.82, 1.12, 1.55, 1.75, 1.59, 2.02, 2.14, 1.92, 2.12, 2.53, 2.11, 2.02, 2.27, 2.03, 1.9, 2.01, 2.28, 3.98, 5.64, 5.87, 5.59, 6.16, 7.6, 9.35, 9.64, 9.42, 9.1, 8.58, 8.0, 7.25, 7.28, 7.2, 7.38, 7.19], [6.69, 6.96, 6.92, 6.69, 6.46, 6.98, 7.43, 7.57, 6.74, 7.5, 6.75, 3.07, 1.96, 2.24, 2.16, 2.65, 2.59, 2.41, 2.79, 2.64, 2.38, 2.07, 2.0, 2.55, 2.52, 2.19, 2.18, 2.78, 3.16, 3.5, 3.09, 2.44, 1.87, 2.08, 2.09, 2.47, 2.66, 2.2, 1.96, 2.05, 2.04, 2.96, 3.53, 3.54, 2.92, 1.7, 1.23, 0.99, 0.96, 0.98, 0, 0.68, 0.88, 0.92, 1.41, 1.47, 1.41, 1.72, 1.74, 1.54, 1.66, 2.15, 1.65, 1.66, 1.91, 1.77, 1.62, 2.05, 2.54, 4.26, 5.96, 6.19, 5.91, 6.48, 7.88, 9.61, 9.98, 9.76, 9.4, 8.84, 8.32, 7.59, 7.62, 7.56, 7.72, 7.53], [6.73, 7.04, 7.0, 6.77, 6.54, 7.06, 7.51, 7.65, 6.84, 7.58, 6.85, 3.13, 2.0, 2.22, 2.02, 2.39, 2.47, 2.41, 2.67, 2.56, 2.32, 2.01, 1.98, 2.55, 2.5, 2.11, 2.16, 2.68, 3.04, 3.5, 3.03, 2.4, 1.95, 2.06, 1.97, 2.47, 2.58, 2.2, 2.0, 1.99, 2.12, 3.0, 3.53, 3.58, 2.96, 1.88, 1.39, 1.17, 1.22, 1.3, 0.68, 0, 0.92, 0.86, 1.31, 1.33, 1.39, 1.72, 1.62, 1.58, 1.66, 2.15, 1.77, 1.9, 2.05, 1.77, 1.58, 2.03, 2.58, 4.34, 6.04, 6.27, 5.99, 6.56, 7.92, 9.67, 9.98, 9.76, 9.46, 8.92, 8.32, 7.61, 7.64, 7.6, 7.74, 7.55], [6.61, 6.88, 6.84, 6.61, 6.38, 6.9, 7.35, 7.49, 6.68, 7.42, 6.81, 3.23, 2.06, 2.04, 2.26, 2.69, 2.45, 2.31, 2.45, 2.46, 2.36, 1.99, 2.06, 2.51, 2.48, 2.59, 2.62, 3.2, 3.5, 3.8, 3.51, 2.82, 2.15, 2.2, 2.27, 2.45, 2.78, 2.34, 1.86, 1.97, 2.02, 2.96, 3.61, 3.72, 3.02, 1.76, 1.49, 1.33, 1.08, 0.82, 0.88, 0.92, 0, 0.88, 1.47, 1.73, 1.63, 2.0, 1.98, 1.88, 1.94, 2.35, 1.97, 1.9, 2.11, 1.91, 1.72, 1.93, 2.5, 4.18, 5.88, 6.11, 5.83, 6.4, 7.78, 9.53, 9.82, 9.6, 9.28, 8.76, 8.18, 7.41, 7.46, 7.4, 7.56, 7.39], [6.97, 7.26, 7.22, 6.99, 6.76, 7.26, 7.71, 7.85, 7.02, 7.78, 7.09, 3.35, 2.0, 2.1, 2.04, 2.65, 2.55, 2.43, 2.71, 2.46, 2.48, 2.07, 1.98, 2.71, 2.64, 2.25, 2.22, 2.78, 3.0, 3.28, 2.97, 2.16, 1.65, 1.96, 1.83, 2.15, 2.36, 1.9, 1.54, 1.73, 1.72, 2.96, 3.37, 3.36, 2.62, 1.66, 1.27, 1.09, 0.94, 1.12, 0.92, 0.86, 0.88, 0, 0.95, 1.11, 1.13, 1.36, 1.5, 1.46, 1.56, 1.79, 1.41, 1.68, 1.85, 1.59, 1.48, 1.93, 2.7, 4.56, 6.24, 6.47, 6.19, 6.76, 8.12, 9.87, 10.16, 9.94, 9.62, 9.12, 8.52, 7.75, 7.8, 7.7, 7.92, 7.75], [7.1, 7.39, 7.37, 7.16, 6.89, 7.41, 7.86, 8.0, 7.17, 7.93, 7.22, 3.42, 2.03, 2.07, 1.85, 2.52, 2.64, 2.5, 2.78, 2.27, 2.31, 1.9, 1.91, 2.7, 2.71, 2.1, 1.97, 2.21, 2.47, 2.93, 2.38, 1.59, 1.26, 1.49, 1.48, 1.94, 2.19, 1.83, 1.77, 1.76, 1.89, 3.23, 3.56, 3.41, 2.83, 1.97, 1.76, 1.54, 1.45, 1.55, 1.41, 1.31, 1.47, 0.95, 0, 0.76, 0.88, 1.15, 1.35, 1.37, 1.69, 1.82, 1.64, 1.93, 1.92, 1.72, 1.71, 2.14, 2.79, 4.73, 6.41, 6.66, 6.36, 6.93, 8.23, 10.02, 10.23, 10.01, 9.73, 9.27, 8.63, 7.86, 7.89, 7.87, 8.07, 7.9], [7.06, 7.35, 7.35, 7.12, 6.87, 7.37, 7.82, 7.96, 7.13, 7.93, 7.22, 3.4, 1.85, 2.03, 1.75, 2.32, 2.58, 2.4, 2.76, 2.25, 2.15, 1.72, 1.75, 2.6, 2.65, 1.74, 1.67, 1.87, 2.45, 2.97, 2.42, 1.51, 1.28, 1.41, 1.48, 1.96, 2.25, 1.85, 1.81, 1.84, 1.99, 3.23, 3.56, 3.45, 2.81, 1.95, 1.82, 1.52, 1.53, 1.75, 1.47, 1.33, 1.73, 1.11, 0.76, 0, 0.72, 1.03, 1.17, 1.29, 1.63, 1.82, 1.4, 1.77, 1.76, 1.54, 1.53, 2.12, 2.73, 4.67, 6.37, 6.6, 6.32, 6.89, 8.19, 9.98, 10.23, 10.01, 9.69, 9.23, 8.59, 7.86, 7.89, 7.81, 8.03, 7.86], [7.1, 7.41, 7.37, 7.14, 6.91, 7.43, 7.88, 8.02, 7.19, 7.95, 7.18, 3.38, 1.99, 2.27, 2.19, 2.78, 2.82, 2.66, 3.08, 2.61, 2.57, 2.0, 1.83, 2.62, 2.73, 2.02, 1.87, 2.01, 2.39, 2.93, 2.34, 1.49, 1.36, 1.55, 1.42, 1.9, 2.19, 1.87, 1.71, 1.84, 1.81, 3.11, 3.44, 3.29, 2.73, 1.73, 1.58, 1.42, 1.45, 1.59, 1.41, 1.39, 1.63, 1.13, 0.88, 0.72, 0, 0.91, 1.19, 1.17, 1.63, 1.68, 1.42, 1.81, 1.76, 1.66, 1.69, 2.24, 2.75, 4.71, 6.41, 6.64, 6.36, 6.93, 8.29, 10.04, 10.33, 10.11, 9.89, 9.29, 8.75, 8.1, 8.07, 7.97, 8.15, 7.94], [7.63, 7.88, 7.88, 7.67, 7.4, 7.9, 8.35, 8.49, 7.66, 8.44, 7.75, 3.97, 2.36, 2.66, 2.56, 3.05, 3.23, 3.05, 3.53, 3.12, 3.04, 2.43, 2.36, 3.13, 3.24, 2.51, 2.26, 2.18, 2.02, 2.44, 2.03, 1.38, 1.33, 1.66, 1.49, 1.71, 1.9, 1.88, 1.84, 1.93, 1.94, 3.26, 3.49, 3.24, 2.68, 2.12, 2.11, 1.95, 1.86, 2.02, 1.72, 1.72, 2.0, 1.36, 1.15, 1.03, 0.91, 0, 1.02, 1.32, 1.68, 1.59, 1.47, 2.06, 1.99, 1.97, 2.04, 2.71, 3.32, 5.22, 6.9, 7.15, 6.85, 7.42, 8.76, 10.51, 10.82, 10.6, 10.28, 9.76, 9.16, 8.51, 8.5, 8.42, 8.58, 8.39], [7.71, 8.02, 8.0, 7.75, 7.52, 8.04, 8.49, 8.63, 7.8, 8.62, 7.89, 4.03, 2.7, 2.9, 2.64, 3.05, 3.37, 3.25, 3.69, 3.16, 3.0, 2.55, 2.56, 3.31, 3.32, 2.43, 2.36, 2.28, 2.16, 2.56, 2.09, 1.6, 1.63, 1.88, 1.79, 1.83, 1.86, 1.94, 2.14, 2.11, 2.1, 3.18, 3.39, 3.14, 2.74, 2.18, 2.01, 1.85, 1.86, 2.14, 1.74, 1.62, 1.98, 1.5, 1.35, 1.17, 1.19, 1.02, 0, 1.1, 1.34, 1.69, 1.41, 2.06, 1.97, 1.83, 2.0, 2.75, 3.46, 5.36, 7.08, 7.29, 7.01, 7.58, 8.92, 10.65, 10.98, 10.74, 10.44, 9.9, 9.3, 8.73, 8.74, 8.58, 8.72, 8.53], [7.93, 8.24, 8.2, 7.97, 7.74, 8.26, 8.71, 8.85, 8.02, 8.78, 8.01, 4.11, 2.7, 2.96, 2.68, 3.25, 3.53, 3.41, 3.67, 3.06, 2.8, 2.59, 2.46, 3.43, 3.44, 2.55, 2.38, 2.22, 2.2, 2.5, 2.05, 1.46, 1.03, 1.28, 1.27, 1.43, 1.54, 1.46, 1.7, 1.67, 1.56, 2.5, 2.85, 2.76, 2.42, 1.84, 1.91, 1.65, 1.78, 1.92, 1.54, 1.58, 1.88, 1.46, 1.37, 1.29, 1.17, 1.32, 1.1, 0, 0.88, 1.41, 1.37, 1.7, 1.65, 1.83, 2.04, 2.85, 3.56, 5.54, 7.24, 7.47, 7.19, 7.76, 9.08, 10.87, 11.1, 10.88, 10.66, 10.12, 9.5, 8.81, 8.78, 8.76, 8.96, 8.75], [8.13, 8.44, 8.4, 8.17, 7.94, 8.46, 8.91, 9.05, 8.22, 8.98, 8.21, 4.31, 2.92, 3.18, 2.9, 3.45, 3.75, 3.67, 3.95, 3.38, 3.08, 2.93, 2.76, 3.63, 3.64, 2.67, 2.54, 2.54, 2.5, 2.68, 2.47, 1.9, 1.49, 1.78, 1.69, 1.79, 1.52, 1.22, 1.48, 1.39, 1.34, 2.12, 2.37, 2.34, 2.0, 1.56, 1.97, 1.71, 1.88, 2.12, 1.66, 1.66, 1.94, 1.56, 1.69, 1.63, 1.63, 1.68, 1.34, 0.88, 0, 1.09, 1.27, 1.7, 1.51, 1.75, 2.16, 3.01, 3.78, 5.76, 7.46, 7.69, 7.41, 7.98, 9.28, 11.07, 11.38, 11.14, 10.86, 10.32, 9.7, 9.09, 9.06, 9.04, 9.18, 8.97], [8.26, 8.53, 8.53, 8.32, 8.05, 8.53, 8.98, 9.12, 8.29, 9.09, 8.4, 4.64, 3.17, 3.49, 3.35, 3.74, 4.06, 3.94, 4.36, 3.77, 3.73, 3.18, 3.03, 3.82, 3.87, 3.04, 2.91, 2.77, 2.65, 2.91, 2.62, 2.03, 1.84, 2.29, 2.18, 2.18, 1.53, 1.33, 1.47, 1.34, 1.21, 2.13, 2.32, 1.97, 1.27, 1.59, 2.44, 2.48, 2.43, 2.53, 2.15, 2.15, 2.35, 1.79, 1.82, 1.82, 1.68, 1.59, 1.69, 1.41, 1.09, 0, 1.1, 1.71, 1.32, 1.64, 2.25, 3.1, 3.95, 5.87, 7.53, 7.8, 7.48, 8.05, 9.41, 11.18, 11.57, 11.33, 11.11, 10.45, 9.97, 9.4, 9.37, 9.25, 9.39, 9.12], [7.52, 7.75, 7.73, 7.48, 7.23, 7.63, 8.06, 8.2, 7.41, 8.25, 7.74, 4.06, 2.43, 2.85, 2.77, 3.2, 3.38, 3.32, 3.74, 3.21, 3.19, 2.58, 2.43, 3.2, 3.19, 2.56, 2.41, 2.59, 2.95, 3.23, 2.88, 2.17, 1.98, 2.19, 2.12, 2.28, 2.13, 1.81, 1.81, 1.76, 1.77, 2.77, 3.08, 2.97, 1.89, 1.35, 1.8, 1.94, 1.97, 2.11, 1.65, 1.77, 1.97, 1.41, 1.64, 1.4, 1.42, 1.47, 1.41, 1.37, 1.27, 1.1, 0, 1.05, 0.88, 0.96, 1.65, 2.3, 3.33, 5.11, 6.67, 6.98, 6.54, 7.11, 8.55, 10.36, 10.71, 10.51, 10.37, 9.61, 9.21, 8.72, 8.69, 8.47, 8.59, 8.22], [7.03, 7.22, 7.14, 6.89, 6.62, 6.96, 7.47, 7.63, 6.8, 7.7, 7.31, 3.59, 1.98, 2.46, 2.48, 2.93, 2.93, 2.87, 3.25, 2.88, 2.86, 2.19, 2.02, 2.71, 2.62, 2.39, 2.34, 2.76, 3.56, 3.94, 3.47, 2.82, 2.45, 2.38, 2.59, 2.87, 2.9, 2.44, 2.08, 2.27, 2.12, 2.94, 3.51, 3.471, 2.28, 1.36, 1.79, 1.93, 1.96, 2.02, 1.66, 1.9, 1.9, 1.68, 1.93, 1.77, 1.81, 2.06, 2.06, 1.7, 1.7, 1.71, 1.05, 0, 0.79, 0.99, 1.56, 1.87, 2.82, 4.6, 6.14, 6.35, 5.93, 6.5, 8.1, 9.85, 10.28, 10.02, 9.8, 9.12, 8.66, 8.19, 8.16, 7.92, 8.02, 7.71], [7.32, 7.55, 7.43, 7.18, 6.87, 7.37, 7.86, 8.02, 7.19, 8.05, 7.62, 4.02, 2.51, 2.83, 2.77, 3.16, 3.38, 3.32, 3.64, 3.21, 3.13, 2.58, 2.39, 3.08, 3.09, 2.68, 2.47, 2.59, 3.25, 3.61, 3.18, 2.51, 2.22, 2.23, 2.3, 2.66, 2.61, 2.13, 2.03, 1.94, 1.87, 2.83, 3.32, 3.13, 1.97, 1.31, 1.92, 2.16, 2.27, 2.27, 1.91, 2.05, 2.11, 1.85, 1.92, 1.76, 1.76, 1.99, 1.97, 1.65, 1.51, 1.32, 0.88, 0.79, 0, 1.0, 1.53, 2.08, 3.13, 4.89, 6.49, 6.72, 6.28, 6.87, 8.47, 10.24, 10.65, 10.47, 10.31, 9.51, 9.15, 8.68, 8.65, 8.41, 8.53, 8.18], [6.76, 7.01, 7.01, 6.78, 6.49, 6.99, 7.48, 7.64, 6.75, 7.63, 7.06, 3.38, 1.87, 2.21, 2.21, 2.58, 2.72, 2.64, 3.02, 2.57, 2.55, 2.06, 1.93, 2.4, 2.49, 2.0, 2.05, 2.59, 3.43, 3.77, 3.3, 2.65, 2.42, 2.39, 2.46, 2.82, 2.75, 2.41, 2.15, 2.1, 2.15, 3.17, 3.68, 3.53, 2.37, 1.49, 1.54, 1.78, 2.01, 2.03, 1.77, 1.77, 1.91, 1.59, 1.72, 1.54, 1.66, 1.97, 1.83, 1.83, 1.75, 1.64, 0.96, 0.99, 1.0, 0, 1.09, 1.64, 2.53, 4.33, 6.01, 6.3, 5.92, 6.49, 7.97, 9.76, 10.11, 9.91, 9.71, 9.01, 8.57, 8.06, 8.03, 7.83, 7.95, 7.64], [6.29, 6.52, 6.46, 6.25, 6.0, 6.5, 6.99, 7.15, 6.26, 7.1, 6.61, 2.85, 1.5, 1.6, 1.58, 1.99, 2.15, 2.29, 2.41, 2.28, 2.14, 1.95, 1.86, 2.25, 2.24, 1.97, 1.88, 2.66, 3.56, 3.98, 3.45, 2.78, 2.49, 2.52, 2.57, 3.01, 3.12, 2.68, 2.5, 2.57, 2.58, 3.74, 4.19, 4.06, 3.04, 2.02, 1.59, 1.77, 1.82, 1.9, 1.62, 1.58, 1.72, 1.48, 1.71, 1.53, 1.69, 2.04, 2.0, 2.04, 2.16, 2.25, 1.65, 1.56, 1.53, 1.09, 0, 1.17, 2.02, 3.84, 5.5, 5.77, 5.45, 6.02, 7.46, 9.21, 9.52, 9.32, 9.1, 8.44, 7.96, 7.39, 7.36, 7.2, 7.34, 7.09], [5.4, 5.63, 5.45, 5.24, 4.97, 5.47, 5.94, 6.1, 5.25, 6.11, 5.66, 2.14, 1.19, 1.23, 1.51, 1.92, 1.74, 1.84, 1.92, 1.93, 2.17, 1.76, 1.63, 1.76, 1.69, 1.86, 1.93, 3.03, 4.15, 4.75, 4.08, 3.45, 3.02, 2.89, 3.22, 3.76, 4.11, 3.67, 3.11, 3.34, 3.35, 4.13, 5.039, 4.903, 3.65, 2.31, 1.54, 1.92, 1.93, 2.01, 2.05, 2.03, 1.93, 1.93, 2.14, 2.12, 2.24, 2.71, 2.75, 2.85, 3.01, 3.1, 2.3, 1.87, 2.08, 1.64, 1.17, 0, 1.37, 3.05, 4.63, 4.84, 4.46, 4.99, 6.55, 8.34, 8.77, 8.57, 8.39, 7.59, 7.25, 6.72, 6.69, 6.53, 6.65, 6.32], [4.51, 4.78, 4.74, 4.53, 4.26, 4.78, 5.27, 5.43, 4.54, 5.34, 4.81, 1.73, 1.3, 1.12, 1.7, 1.91, 1.53, 1.47, 1.61, 1.6, 1.88, 1.65, 1.52, 1.21, 1.5, 1.83, 1.96, 2.96, 4.64, 5.34, 4.57, 3.72, 3.51, 3.356, 3.826, 4.503, 4.88, 4.44, 3.8, 4.11, 4.1, 4.34, 5.712, 5.654, 4.58, 3.04, 2.11, 2.37, 2.3, 2.28, 2.54, 2.58, 2.5, 2.7, 2.79, 2.73, 2.75, 3.32, 3.46, 3.56, 3.78, 3.95, 3.33, 2.82, 3.13, 2.53, 2.02, 1.37, 0, 2.08, 3.78, 4.01, 3.75, 4.34, 5.82, 7.59, 8.0, 7.78, 7.56, 6.86, 6.42, 5.83, 5.8, 5.72, 5.84, 5.51], [2.57, 2.78, 2.74, 2.53, 2.28, 2.76, 3.25, 3.41, 2.6, 3.4, 3.09, 1.79, 3.06, 2.82, 3.22, 2.95, 2.35, 2.41, 2.51, 2.94, 3.32, 3.21, 3.26, 2.39, 2.52, 3.37, 3.54, 4.58, 6.64, 7.32, 6.57, 5.68, 5.47, 5.345, 5.815, 6.47, 6.84, 6.42, 5.78, 6.09, 6.08, 6.26, 7.675, 7.611, 6.42, 4.96, 3.99, 4.27, 4.14, 3.98, 4.26, 4.34, 4.18, 4.56, 4.73, 4.67, 4.71, 5.22, 5.36, 5.54, 5.76, 5.87, 5.11, 4.6, 4.89, 4.33, 3.84, 3.05, 2.08, 0, 1.82, 2.25, 2.15, 2.76, 3.86, 5.59, 5.98, 5.78, 5.54, 4.84, 4.44, 3.95, 3.94, 3.74, 3.86, 3.57], [1.91, 1.76, 1.92, 2.05, 1.88, 1.76, 1.89, 2.13, 1.8, 2.22, 2.57, 3.39, 4.6, 4.48, 4.9, 4.41, 3.95, 4.07, 4.11, 4.66, 4.9, 4.89, 4.98, 4.09, 4.12, 5.07, 5.2, 6.26, 8.28, 9.02, 8.23, 7.34, 7.11, 7.0, 7.49, 8.11, 8.54, 8.12, 7.48, 7.79, 7.78, 7.92, 9.35, 9.294, 7.94, 6.6, 5.57, 5.91, 5.8, 5.64, 5.96, 6.04, 5.88, 6.24, 6.41, 6.37, 6.41, 6.9, 7.08, 7.24, 7.46, 7.53, 6.67, 6.14, 6.49, 6.01, 5.5, 4.63, 3.78, 1.82, 0, 1.11, 1.31, 1.42, 2.38, 3.99, 4.4, 4.24, 4.0, 3.26, 2.92, 2.43, 2.44, 2.24, 2.4, 2.17], [2.1, 1.81, 2.05, 2.28, 2.27, 2.25, 2.22, 2.5, 2.19, 2.63, 2.92, 3.7, 4.91, 4.71, 5.13, 4.66, 4.26, 4.34, 4.38, 4.91, 5.13, 5.12, 5.25, 4.38, 4.45, 5.3, 5.45, 6.55, 8.51, 9.25, 8.46, 7.55, 7.34, 7.25, 7.74, 8.36, 8.75, 8.35, 7.71, 8.02, 8.01, 8.17, 9.591, 9.503, 8.23, 6.85, 5.88, 6.14, 6.01, 5.87, 6.19, 6.27, 6.11, 6.47, 6.66, 6.6, 6.64, 7.15, 7.29, 7.47, 7.69, 7.8, 6.98, 6.35, 6.72, 6.3, 5.77, 4.84, 4.01, 2.25, 1.11, 0, 1.06, 1.53, 2.19, 3.84, 4.27, 4.03, 3.85, 3.11, 2.69, 2.34, 2.21, 2.01, 2.23, 1.96], [2.62, 2.33, 2.49, 2.58, 2.47, 2.43, 2.44, 2.66, 2.53, 3.03, 3.48, 3.6, 4.55, 4.43, 4.85, 4.34, 4.1, 4.2, 4.28, 4.81, 5.01, 4.96, 5.03, 4.18, 4.27, 5.16, 5.31, 6.37, 8.23, 8.97, 8.18, 7.31, 7.08, 6.99, 7.465, 8.1, 8.47, 8.07, 7.43, 7.74, 7.73, 7.869, 9.305, 9.218, 7.93, 6.55, 5.54, 5.88, 5.75, 5.59, 5.91, 5.99, 5.83, 6.19, 6.36, 6.32, 6.36, 6.85, 7.01, 7.19, 7.41, 7.48, 6.54, 5.93, 6.28, 5.92, 5.45, 4.46, 3.75, 2.15, 1.31, 1.06, 0, 1.33, 2.47, 4.3, 4.69, 4.51, 4.39, 3.57, 3.23, 2.76, 2.75, 2.53, 2.63, 2.34], [2.33, 2.22, 2.5, 2.61, 2.56, 2.3, 1.93, 2.01, 2.24, 2.58, 3.17, 4.23, 5.14, 5.0, 5.42, 4.95, 4.71, 4.83, 4.87, 5.4, 5.62, 5.59, 5.64, 4.77, 4.88, 5.77, 5.92, 6.92, 8.84, 9.54, 8.77, 7.96, 7.65, 7.559, 8.029, 8.67, 9.04, 8.64, 8.0, 8.31, 8.3, 8.42, 9.869, 9.782, 8.5, 7.1, 6.07, 6.45, 6.32, 6.16, 6.48, 6.56, 6.4, 6.76, 6.93, 6.89, 6.93, 7.42, 7.58, 7.76, 7.98, 8.05, 7.11, 6.5, 6.87, 6.49, 6.02, 4.99, 4.34, 2.76, 1.42, 1.53, 1.33, 0, 1.88, 3.83, 4.2, 4.04, 3.92, 3.16, 2.84, 2.39, 2.4, 2.04, 2.24, 2.07], [2.73, 2.54, 2.98, 3.19, 3.34, 2.76, 2.21, 2.39, 2.84, 2.76, 3.43, 5.29, 6.58, 6.34, 6.72, 6.19, 5.75, 5.83, 5.87, 6.42, 6.68, 6.73, 6.9, 6.01, 6.06, 6.95, 7.12, 8.28, 10.28, 10.92, 10.19, 9.22, 9.01, 8.888, 9.378, 10.03, 10.38, 9.94, 9.3, 9.61, 9.66, 9.98, 11.318, 11.234, 10.046, 8.703, 7.55, 7.85, 7.72, 7.6, 7.88, 7.92, 7.78, 8.12, 8.23, 8.19, 8.29, 8.76, 8.92, 9.08, 9.28, 9.41, 8.55, 8.1, 8.47, 7.97, 7.46, 6.55, 5.82, 3.86, 2.38, 2.19, 2.47, 1.88, 0, 2.11, 2.4, 2.26, 2.12, 1.64, 1.38, 1.31, 1.36, 1.1, 1.42, 1.61], [3.78, 3.69, 3.99, 4.34, 4.57, 3.89, 3.32, 3.42, 3.99, 3.49, 4.02, 7.0, 8.29, 8.11, 8.49, 7.92, 7.44, 7.58, 7.6, 8.13, 8.39, 8.44, 8.59, 7.7, 7.75, 8.64, 8.85, 10.01, 11.99, 12.67, 11.9, 11.01, 10.762, 10.672, 11.162, 11.799, 12.17, 11.73, 11.09, 11.4, 11.41, 11.71, 13.062, 12.97, 11.796, 10.473, 9.349, 9.577, 9.466, 9.35, 9.61, 9.67, 9.53, 9.87, 10.02, 9.98, 10.04, 10.51, 10.65, 10.87, 11.07, 11.18, 10.36, 9.85, 10.24, 9.76, 9.21, 8.34, 7.59, 5.59, 3.99, 3.84, 4.3, 3.83, 2.11, 0, 0.91, 0.81, 0.99, 1.21, 1.53, 2.34, 2.25, 2.25, 2.13, 2.28], [4.19, 4.12, 4.44, 4.69, 4.94, 4.3, 3.69, 3.71, 4.48, 3.8, 4.37, 7.45, 8.68, 8.44, 8.74, 8.25, 7.83, 7.89, 7.89, 8.4, 8.68, 8.79, 8.96, 8.17, 8.24, 9.13, 9.32, 10.44, 12.4, 13.0, 12.29, 11.26, 11.01, 10.894, 11.407, 12.03, 12.38, 11.94, 11.3, 11.61, 11.7, 12.08, 13.37, 13.343, 12.189, 10.886, 9.71, 9.93, 9.76, 9.64, 9.98, 9.98, 9.82, 10.16, 10.23, 10.23, 10.33, 10.82, 10.98, 11.1, 11.38, 11.57, 10.71, 10.28, 10.65, 10.11, 9.52, 8.77, 8.0, 5.98, 4.4, 4.27, 4.69, 4.2, 2.4, 0.91, 0, 0.8, 1.16, 1.58, 1.9, 2.59, 2.5, 2.48, 2.34, 2.57], [3.85, 3.78, 4.12, 4.37, 4.6, 3.98, 3.39, 3.43, 4.18, 3.44, 3.93, 7.15, 8.46, 8.22, 8.5, 7.99, 7.57, 