[[0, 1.09, 1.42, 1.47, 1.47, 1.66, 1.85, 1.81, 1.66, 1.51, 1.23, 1.51, 4.283, 6.15, 6.543, 6.899, 6.003, 6.622, 8.825, 8.92, 8.607, 9.108, 9.315, 9.384, 10.409, 11.078, 10.655, 10.625, 10.615, 10.427, 8.063, 5.051, 4.33, 5.833, 6.718, 6.85, 6.3, 6.11, 5.71, 5.69, 6.05, 6.82, 6.777, 6.25, 6.4, 6.39, 6.14, 5.92, 5.18, 5.98, 6.0, 5.31, 4.37, 3.46, 4.13, 4.2, 4.19, 4.261, 3.78, 3.39, 4.1, 3.5, 3.62, 3.93, 4.54, 4.06, 4.05, 3.77, 3.71, 3.69, 3.69, 4.06, 4.37, 4.53, 4.45, 4.7, 5.36, 6.57, 7.29, 7.3, 7.01, 6.89, 6.53, 6.65, 6.63, 6.664], [1.09, 0, 0.71, 0.76, 1.0, 1.39, 1.62, 1.7, 1.79, 1.46, 1.18, 1.96, 4.97, 6.834, 7.21, 7.569, 6.687, 7.289, 9.509, 9.604, 9.277, 9.784, 9.991, 10.062, 11.088, 11.762, 11.336, 11.309, 11.299, 11.111, 8.747, 5.696, 4.868, 6.46, 7.288, 7.42, 6.87, 6.643, 6.12, 6.1, 6.586, 7.462, 7.367, 6.52, 6.71, 6.7, 6.43, 6.03, 5.23, 6.13, 6.37, 5.74, 4.64, 3.91, 4.64, 4.83, 4.739, 4.948, 4.21, 3.36, 3.73, 3.27, 3.85, 3.82, 4.19, 3.67, 3.48, 3.16, 3.04, 2.98, 2.96, 3.31, 3.62, 3.74, 3.66, 3.95, 4.55, 5.8, 6.52, 6.53, 6.24, 6.1, 5.8, 5.94, 5.92, 5.979], [1.42, 0.71, 0, 0.55, 0.89, 1.3, 1.69, 1.65, 1.58, 1.31, 1.19, 1.83, 4.694, 6.504, 6.88, 7.259, 6.38, 6.959, 9.179, 9.274, 8.947, 9.454, 9.661, 9.718, 10.744, 11.412, 10.989, 10.979, 10.969, 10.781, 8.417, 5.406, 4.598, 6.136, 7.018, 7.15, 6.6, 6.373, 5.83, 5.83, 6.33, 7.152, 7.14, 6.27, 6.46, 6.45, 6.18, 5.78, 5.0, 5.94, 6.16, 5.57, 4.45, 3.74, 4.37, 4.5, 4.389, 4.598, 3.888, 2.97, 3.4, 2.96, 3.6, 3.45, 3.84, 3.32, 3.13, 2.87, 2.79, 2.71, 2.77, 3.02, 3.39, 3.47, 3.51, 3.84, 4.3, 5.63, 6.45, 6.433, 6.143, 5.926, 5.55, 5.57, 5.57, 5.646], [1.47, 0.76, 0.55, 0, 0.72, 1.23, 1.68, 1.72, 1.71, 1.28, 1.18, 1.96, 4.924, 6.774, 7.147, 7.5, 6.627, 7.229, 9.449, 9.544, 9.217, 9.724, 9.931, 9.988, 11.014, 11.682, 11.259, 11.249, 11.239, 11.051, 8.687, 5.636, 4.888, 6.446, 7.308, 7.44, 6.89, 6.66, 6.12, 6.1, 6.566, 7.422, 7.387, 6.44, 6.67, 6.68, 6.39, 6.03, 5.21, 6.17, 6.35, 5.76, 4.68, 3.97, 4.64, 4.75, 4.679, 4.868, 4.158, 3.24, 3.39, 2.99, 3.79, 3.56, 3.75, 3.25, 3.06, 2.74, 2.58, 2.56, 2.58, 2.87, 3.2, 3.3, 3.3, 3.65, 4.15, 5.46, 6.24, 6.266, 5.956, 5.76, 5.36, 5.46, 5.42, 5.496], [1.47, 1.0, 0.89, 0.72, 0, 0.87, 1.46, 1.54, 1.61, 1.12, 1.0, 1.92, 4.95, 6.791, 7.164, 7.523, 6.644, 7.237, 9.463, 9.558, 9.231, 9.738, 9.945, 10.016, 11.042, 11.716, 11.29, 11.263, 11.253, 11.065, 8.701, 5.71, 4.98, 6.503, 7.4, 7.52, 6.97, 6.74, 6.2, 6.22, 6.64, 7.45, 7.45, 6.74, 6.89, 6.86, 6.61, 6.33, 5.55, 6.37, 6.57, 6.02, 4.9, 4.21, 4.72, 4.81, 4.7, 4.908, 4.21, 3.62, 3.81, 3.27, 4.07, 3.86, 4.05, 3.51, 3.22, 2.94, 2.7, 2.68, 2.64, 2.99, 3.28, 3.46, 3.38, 3.61, 4.27, 5.6, 6.32, 6.33, 6.04, 5.9, 5.52, 5.64, 5.62, 5.676], [1.66, 1.39, 1.3, 1.23, 0.87, 0, 0.79, 1.01, 1.06, 0.79, 0.73, 1.57, 4.36, 6.244, 6.611, 6.97, 6.097, 6.702, 8.91, 9.008, 8.681, 9.174, 9.378, 9.446, 10.472, 11.146, 10.717, 10.705, 10.697, 10.509, 8.143, 5.34, 4.71, 6.12, 7.03, 7.13, 6.58, 6.41, 6.01, 6.13, 6.47, 7.02, 7.2, 6.83, 7.14, 7.13, 6.86, 6.5, 5.68, 6.46, 6.64, 6.03, 4.99, 4.26, 4.41, 4.4, 4.25, 4.41, 3.94, 3.93, 4.32, 3.76, 4.16, 4.23, 4.62, 4.06, 3.79, 3.53, 3.27, 3.25, 3.19, 3.54, 3.81, 3.95, 3.87, 4.12, 4.78, 6.11, 6.87, 7.04, 6.73, 6.55, 6.19, 6.25, 6.17, 6.186], [1.85, 1.62, 1.69, 1.68, 1.46, 0.79, 0, 0.66, 0.95, 0.96, 0.96, 1.58, 4.01, 5.8, 6.153, 6.512, 5.624, 6.22, 8.437, 8.542, 8.223, 8.707, 8.92, 9.003, 10.023, 10.697, 10.262, 10.252, 10.242, 10.048, 7.716, 5.21, 4.74, 6.07, 6.88, 7.0, 6.53, 6.34, 6.24, 6.42, 6.64, 6.95, 7.27, 7.22, 7.53, 7.52, 7.25, 6.87, 5.89, 6.71, 6.83, 6.24, 5.34, 4.63, 4.64, 4.47, 4.18, 4.24, 4.11, 4.28, 4.69, 4.13, 4.47, 4.56, 5.05, 4.59, 4.3, 4.04, 3.82, 3.78, 3.74, 4.15, 4.42, 4.52, 4.44, 4.57, 5.27, 6.62, 7.38, 7.53, 7.22, 7.1, 6.76, 6.86, 6.78, 6.779], [1.81, 1.7, 1.65, 1.72, 1.54, 1.01, 0.66, 0, 0.71, 1.0, 1.06, 1.36, 3.67, 5.494, 5.833, 6.186, 5.313, 5.92, 8.12, 8.224, 7.966, 8.43, 8.603, 8.686, 9.706, 10.374, 9.945, 9.935, 9.925, 9.731, 7.399, 4.91, 4.36, 5.69, 6.54, 6.66, 6.21, 6.08, 6.02, 6.18, 6.34, 6.73, 6.97, 7.04, 7.35, 7.34, 7.07, 6.71, 5.79, 6.59, 6.65, 6.04, 5.14, 4.37, 4.4, 4.25, 3.92, 3.92, 3.93, 4.16, 4.69, 4.13, 4.31, 4.6, 5.07, 4.63, 4.38, 4.12, 3.9, 3.86, 3.86, 4.25, 4.52, 4.64, 4.54, 4.73, 5.41, 6.76, 7.54, 7.65, 7.36, 7.22, 6.86, 6.96, 6.88, 6.879], [1.66, 1.79, 1.58, 1.71, 1.61, 1.06, 0.95, 0.71, 0, 0.79, 0.91, 0.95, 3.48, 5.304, 5.663, 6.025, 5.143, 5.742, 7.95, 8.054, 7.736, 8.214, 8.433, 8.516, 9.536, 10.189, 9.775, 9.765, 9.755, 9.561, 7.209, 4.48, 3.97, 5.3, 6.19, 6.29, 5.78, 5.67, 5.53, 5.69, 5.87, 6.24, 6.48, 6.59, 6.92, 6.87, 6.64, 6.38, 5.48, 6.28, 6.28, 5.63, 4.79, 3.9, 3.87, 3.78, 3.53, 3.55, 3.6, 3.85, 4.38, 3.82, 3.88, 4.29, 4.78, 4.32, 4.07, 3.81, 3.79, 3.73, 3.91, 4.26, 4.53, 4.61, 4.55, 4.8, 5.42, 6.81, 7.629, 7.739, 7.429, 7.269, 6.89, 6.95, 6.83, 6.806], [1.51, 1.46, 1.31, 1.28, 1.12, 0.79, 0.96, 1.0, 0.79, 0, 0.5, 1.28, 4.116, 5.934, 6.273, 6.626, 5.753, 6.352, 8.575, 8.676, 8.366, 8.838, 9.051, 9.131, 10.151, 10.817, 10.388, 10.381, 10.368, 10.174, 7.844, 4.99, 4.22, 5.69, 6.6, 6.7, 6.21, 6.0, 5.7, 5.84, 6.16, 6.75, 6.75, 6.52, 6.83, 6.82, 6.55, 6.21, 5.35, 6.15, 6.27, 5.68, 4.64, 3.93, 4.04, 4.01, 3.84, 4.02, 3.55, 3.7, 4.05, 3.49, 3.81, 4.0, 4.31, 3.85, 3.58, 3.4, 3.36, 3.22, 3.44, 3.77, 4.04, 4.12, 4.08, 4.37, 4.93, 6.319, 7.136, 7.245, 6.955, 6.778, 6.378, 6.399, 6.319, 6.305], [1.23, 1.18, 1.19, 1.18, 1.0, 0.73, 0.96, 1.06, 0.91, 0.5, 0, 1.4, 4.296, 6.114, 6.473, 6.82, 5.953, 6.552, 8.775, 8.876, 8.54, 9.033, 9.251, 9.331, 10.351, 11.002, 10.588, 10.581, 10.568, 10.374, 8.024, 5.07, 4.36, 5.883, 6.74, 6.84, 6.33, 6.1, 5.74, 5.88, 6.16, 6.779, 6.77, 6.52, 6.81, 6.8, 6.53, 6.21, 5.35, 6.17, 6.23, 5.64, 4.66, 3.89, 4.1, 4.17, 4.06, 4.24, 3.73, 3.7, 4.07, 3.51, 3.85, 4.04, 4.37, 3.89, 3.66, 3.38, 3.28, 3.22, 3.32, 3.67, 3.94, 4.04, 3.98, 4.25, 4.83, 6.22, 7.019, 7.129, 6.839, 6.68, 6.28, 6.36, 6.26, 6.256], [1.51, 1.96, 1.83, 1.96, 1.92, 1.57, 1.58, 1.36, 0.95, 1.28, 1.4, 0, 3.09, 4.963, 5.341, 5.7, 4.827, 5.478, 7.614, 7.718, 7.411, 7.904, 8.108, 8.176, 9.202, 9.876, 9.447, 9.435, 9.427, 9.239, 6.873, 4.09, 3.46, 4.89, 5.76, 5.86, 5.31, 5.28, 5.12, 5.3, 5.38, 5.83, 6.05, 6.16, 6.43, 6.4, 6.15, 5.85, 4.95, 5.77, 5.75, 5.1, 4.28, 3.43, 3.5, 3.45, 3.18, 3.14, 3.09, 3.46, 4.23, 3.67, 3.43, 4.02, 4.67, 4.19, 4.22, 3.98, 4.079, 3.98, 4.12, 4.43, 4.72, 4.84, 4.8, 5.13, 5.71, 7.139, 7.899, 8.008, 7.678, 7.458, 7.099, 7.04, 7.0, 7.045], [4.283, 4.97, 4.694, 4.924, 4.95, 4.36, 4.01, 3.67, 3.48, 4.116, 4.296, 3.09, 0, 1.95, 2.3, 2.7, 1.92, 2.79, 4.79, 4.78, 4.57, 5.02, 5.21, 5.23, 6.23, 6.875, 6.455, 6.425, 6.398, 6.201, 4.1, 3.54, 3.79, 4.34, 4.85, 4.95, 4.84, 5.05, 5.39, 5.37, 5.11, 5.08, 5.9, 6.35, 6.88, 6.81, 6.72, 6.6, 5.6, 6.4, 6.48, 5.87, 5.27, 4.42, 3.91, 3.7, 3.55, 3.35, 3.64, 4.83, 6.04, 5.376, 4.38, 5.41, 6.4, 6.02, 6.33, 6.403, 6.583, 6.47, 6.65, 6.98, 7.25, 7.29, 7.33, 7.52, 8.16, 9.663, 10.66, 10.803, 10.473, 10.216, 9.875, 9.735, 9.498, 9.341], [6.15, 6.834, 6.504, 6.774, 6.791, 6.244, 5.8, 5.494, 5.304, 5.934, 6.114, 4.963, 1.95, 0, 0.91, 1.07, 0.93, 1.98, 3.24, 3.39, 3.56, 3.63, 3.72, 3.58, 4.36, 4.98, 4.68, 4.71, 4.74, 4.56, 3.65, 4.25, 4.62, 4.97, 5.34, 5.52, 5.57, 5.8, 6.24, 6.1, 5.62, 5.45, 6.27, 6.96, 7.57, 7.56, 7.51, 7.43, 6.41, 7.15, 7.19, 6.7, 6.3, 5.53, 4.94, 4.63, 4.44, 4.22, 4.57, 6.06, 7.235, 6.578, 5.37, 6.44, 7.67, 7.46, 7.864, 7.973, 8.227, 8.16, 8.36, 8.75, 8.96, 8.96, 9.08, 9.13, 9.69, 11.47, 12.486, 12.53, 12.24, 12.036, 11.649, 11.493, 11.113, 10.896], [6.543, 7.21, 6.88, 7.147, 7.164, 6.611, 6.153, 5.833, 5.663, 6.273, 6.473, 5.341, 2.3, 0.91, 0, 0.88, 1.06, 1.57, 2.91, 3.02, 3.05, 3.24, 3.29, 3.15, 4.03, 4.61, 4.23, 4.26, 4.23, 4.11, 3.08, 3.78, 4.11, 4.22, 4.59, 4.81, 5.0, 5.21, 5.61, 5.49, 4.95, 4.88, 5.62, 6.19, 6.84, 6.91, 6.86, 6.8, 5.76, 6.5, 6.5, 6.05, 5.83, 5.156, 4.464, 4.18, 3.99, 3.75, 4.1, 5.709, 7.119, 6.539, 4.94, 5.99, 7.647, 7.778, 8.188, 8.331, 8.61, 8.564, 8.721, 9.134, 9.348, 9.37, 9.444, 9.42, 9.96, 11.723, 12.73, 12.818, 12.551, 12.294, 11.883, 11.723, 11.381, 11.18], [6.899, 7.569, 7.259, 7.5, 7.523, 6.97, 6.512, 6.186, 6.025, 6.626, 6.82, 5.7, 2.7, 1.07, 0.88, 0, 0.98, 1.83, 3.07, 3.04, 3.09, 3.14, 3.17, 2.99, 3.75, 4.31, 4.09, 4.08, 4.07, 4.05, 3.42, 4.18, 4.59, 4.42, 4.83, 5.17, 5.32, 5.51, 5.87, 5.77, 5.31, 5.2, 5.92, 6.37, 6.98, 7.03, 6.98, 6.94, 5.92, 6.62, 6.62, 6.19, 6.25, 5.7, 4.935, 4.64, 4.35, 4.249, 4.66, 6.292, 7.582, 7.062, 5.44, 6.63, 8.127, 8.224, 8.568, 8.714, 9.011, 8.965, 9.112, 9.465, 9.695, 9.75, 9.795, 9.82, 10.42, 12.138, 13.172, 13.269, 12.962, 12.742, 12.265, 12.165, 11.812, 11.592], [6.003, 6.687, 6.38, 6.627, 6.644, 6.097, 5.624, 5.313, 5.143, 5.753, 5.953, 4.827, 1.92, 0.93, 1.06, 0.98, 0, 1.57, 3.29, 3.38, 3.39, 3.52, 3.67, 3.51, 4.49, 5.15, 4.85, 4.8, 4.81, 4.67, 3.56, 3.92, 4.31, 4.6, 4.99, 5.15, 5.28, 5.41, 5.83, 5.69, 5.31, 5.2, 6.02, 6.59, 7.2, 7.15, 7.1, 7.02, 6.0, 6.74, 6.82, 6.29, 6.17, 5.46, 4.63, 4.38, 4.13, 3.97, 4.32, 5.85, 7.242, 6.465, 5.14, 6.31, 7.68, 7.567, 7.754, 7.88, 8.177, 8.125, 8.23, 8.63, 8.91, 8.93, 8.965, 9.08, 9.62, 11.277, 12.317, 12.417, 12.107, 11.884, 11.493, 11.343, 11.003, 10.886], [6.622, 7.289, 6.959, 7.229, 7.237, 6.702, 6.22, 5.92, 5.742, 6.352, 6.552, 5.478, 2.79, 1.98, 1.57, 1.83, 1.57, 0, 2.48, 2.67, 2.54, 2.85, 3.22, 3.04, 3.98, 4.54, 4.22, 4.17, 4.14, 4.0, 2.81, 3.69, 4.0, 4.11, 4.42, 4.4, 4.57, 4.9, 5.24, 5.06, 4.48, 4.27, 5.07, 5.76, 6.41, 6.5, 6.49, 6.53, 5.45, 6.11, 6.11, 5.8, 6.1, 5.446, 4.539, 4.32, 4.07, 3.819, 4.189, 6.05, 7.471, 6.674, 5.11, 6.2, 8.165, 8.205, 8.57, 8.653, 8.893, 8.847, 9.06, 9.434, 9.724, 9.7, 9.784, 9.91, 10.25, 11.94, 12.822, 12.814, 12.584, 12.358, 11.942, 11.816, 11.512, 11.559], [8.825, 9.509, 9.179, 9.449, 9.463, 8.91, 8.437, 8.12, 7.95, 8.575, 8.775, 7.614, 4.79, 3.24, 2.91, 3.07, 3.29, 2.48, 0, 0.77, 1.18, 1.25, 1.58, 1.64, 1.96, 2.48, 2.16, 1.93, 1.92, 1.78, 2.21, 4.33, 4.98, 4.39, 4.32, 4.3, 4.57, 4.68, 5.06, 4.92, 3.92, 3.29, 3.91, 5.42, 6.11, 6.42, 6.59, 6.81, 6.01, 5.77, 6.05, 6.04, 6.97, 6.68, 5.655, 5.489, 5.293, 5.119, 5.695, 7.964, 9.26, 8.505, 6.805, 7.778, 9.797, 10.031, 10.536, 10.639, 10.91, 10.859, 11.058, 11.423, 11.638, 11.65, 11.773, 11.87, 12.287, 14.049, 14.966, 14.915, 14.708, 14.517, 14.103, 13.903, 13.533, 13.451], [8.92, 9.604, 9.274, 9.544, 9.558, 9.008, 8.542, 8.224, 8.054, 8.676, 8.876, 7.718, 4.78, 3.39, 3.02, 3.04, 3.38, 2.67, 0.77, 0, 0.83, 0.92, 1.21, 1.41, 1.73, 2.29, 1.93, 1.84, 1.89, 1.67, 1.82, 4.12, 4.93, 4.02, 3.87, 3.85, 4.12, 4.23, 4.65, 4.55, 3.51, 2.82, 3.48, 4.95, 5.6, 6.01, 6.2, 6.42, 5.7, 5.34, 5.64, 5.75, 6.66, 6.578, 5.345, 5.136, 5.1, 4.912, 5.638, 7.956, 9.161, 8.501, 6.777, 7.656, 9.647, 10.052, 10.571, 10.671, 10.959, 10.903, 11.093, 11.46, 11.698, 11.721, 11.831, 11.894, 12.346, 14.073, 14.998, 14.971, 14.769, 14.544, 14.124, 13.953, 13.552, 13.42], [8.607, 9.277, 8.947, 9.217, 9.231, 8.681, 8.223, 7.966, 7.736, 8.366, 8.54, 7.411, 4.57, 3.56, 3.05, 3.09, 3.39, 2.54, 1.18, 0.83, 0, 0.87, 1.14, 1.46, 1.92, 2.52, 2.1, 2.07, 2.08, 1.9, 1.61, 3.85, 4.72, 3.69, 3.5, 3.44, 3.67, 3.82, 4.26, 4.14, 3.26, 2.63, 3.37, 4.52, 5.17, 5.52, 5.71, 5.93, 5.29, 4.89, 5.15, 5.32, 6.255, 6.188, 4.93, 4.771, 4.826, 4.615, 5.376, 7.607, 8.851, 8.199, 6.45, 7.34, 9.245, 9.745, 10.187, 10.347, 10.627, 10.581, 10.788, 11.124, 11.391, 11.388, 11.491, 11.527, 11.962, 13.712, 14.666, 14.638, 14.439, 14.202, 13.78, 13.607, 13.217, 13.072], [9.108, 9.784, 9.454, 9.724, 9.738, 9.174, 8.707, 8.43, 8.214, 8.838, 9.033, 7.904, 5.02, 3.63, 3.24, 3.14, 3.52, 2.85, 1.25, 0.92, 0.87, 0, 0.79, 0.97, 1.43, 1.99, 1.67, 1.64, 1.69, 1.47, 1.66, 4.26, 5.17, 4.1, 3.57, 3.55, 3.74, 3.89, 4.43, 4.31, 3.53, 2.64, 3.28, 4.69, 5.28, 5.67, 5.88, 6.18, 5.74, 5.02, 5.36, 5.75, 6.679, 6.655, 5.331, 5.249, 5.279, 5.142, 5.849, 8.099, 9.358, 8.712, 6.883, 7.873, 9.772, 10.209, 10.659, 10.83, 11.11, 11.064, 11.284, 11.651, 11.904, 11.904, 11.984, 12.0, 12.469, 14.207, 15.144, 15.133, 14.937, 14.703, 14.275, 14.079, 13.69, 13.523], [9.315, 9.991, 9.661, 9.931, 9.945, 9.378, 8.92, 8.603, 8.433, 9.051, 9.251, 8.108, 5.21, 3.72, 3.29, 3.17, 3.67, 3.22, 1.58, 1.21, 1.14, 0.79, 0, 0.78, 1.28, 1.82, 1.52, 1.53, 1.6, 1.36, 1.69, 4.45, 5.3, 4.11, 3.52, 3.4, 3.67, 3.92, 4.5, 4.22, 3.68, 2.95, 3.53, 4.7, 5.35, 5.6, 5.87, 6.208, 5.79, 5.05, 5.39, 5.8, 6.812, 6.756, 5.5, 5.333, 5.403, 5.232, 5.967, 8.255, 9.502, 8.868, 7.062, 7.957, 9.887, 10.378, 10.869, 11.02, 11.3, 11.257, 11.465, 11.838, 12.065, 12.077, 12.18, 12.199, 12.659, 14.391, 15.336, 15.323, 15.123, 14.884, 14.459, 14.286, 13.88, 13.702], [9.384, 10.062, 9.718, 9.988, 10.016, 9.446, 9.003, 8.686, 8.516, 9.131, 9.331, 8.176, 5.23, 3.58, 3.15, 2.99, 3.51, 3.04, 1.64, 1.41, 1.46, 0.97, 0.78, 0, 1.24, 1.8, 1.48, 1.43, 1.52, 1.42, 1.61, 4.49, 5.36, 4.07, 3.5, 3.38, 3.69, 4.0, 4.58, 4.4, 3.98, 3.25, 3.83, 4.84, 5.47, 5.56, 5.81, 6.145, 5.75, 5.07, 5.35, 5.78, 6.78, 6.842, 5.597, 5.399, 5.424, 5.218, 5.945, 8.289, 9.559, 8.948, 7.102, 8.037, 9.979, 10.447, 10.966, 11.085, 11.365, 11.322, 11.536, 11.909, 12.136, 12.136, 12.245, 12.276, 12.736, 14.433, 15.393, 15.385, 15.192, 14.955, 14.524, 14.331, 13.936, 13.735], [10.409, 11.088, 10.744, 11.014, 11.042, 10.472, 10.023, 9.706, 9.536, 10.151, 10.351, 9.202, 6.23, 4.36, 4.03, 3.75, 4.49, 3.98, 1.96, 1.73, 1.92, 1.43, 1.28, 1.24, 0, 0.96, 0.92, 0.93, 1.06, 1.12, 2.37, 5.51, 6.38, 5.15, 4.38, 4.14, 4.51, 4.92, 5.58, 5.34, 4.66, 3.83, 4.37, 5.76, 6.39, 6.6, 6.768, 7.062, 6.83, 6.05, 6.43, 6.86, 7.857, 7.882, 6.603, 6.402, 6.444, 6.258, 7.014, 9.312, 10.573, 9.965, 8.124, 9.06, 10.999, 11.49, 11.989, 12.114, 12.394, 12.351, 12.562, 12.935, 13.162, 13.162, 13.271, 13.302, 13.759, 15.453, 16.419, 16.414, 16.22, 15.984, 15.553, 15.336, 14.945, 14.763], [11.078, 11.762, 11.412, 11.682, 11.716, 11.146, 10.697, 10.374, 10.189, 10.817, 11.002, 9.876, 6.875, 4.98, 4.61, 4.31, 5.15, 4.54, 2.48, 2.29, 2.52, 1.99, 1.82, 1.8, 0.96, 0, 0.7, 0.93, 0.96, 0.96, 3.05, 6.17, 7.04, 5.65, 4.76, 4.7, 5.13, 5.38, 6.08, 5.86, 5.28, 4.47, 4.85, 6.2, 6.864, 7.035, 7.276, 7.476, 7.35, 6.55, 6.89, 7.38, 8.414, 8.467, 7.246, 7.073, 7.075, 6.897, 7.664, 9.96, 11.23, 10.624, 8.719, 9.717, 11.638, 12.135, 12.614, 12.774, 13.054, 13.011, 13.236, 13.606, 13.833, 13.833, 13.942, 13.949, 14.395, 16.095, 17.055, 17.054, 16.861, 16.624, 16.193, 15.978, 15.586, 15.377], [10.655, 11.336, 10.989, 11.259, 11.29, 10.717, 10.262, 9.945, 9.775, 10.388, 10.588, 9.447, 6.455, 4.68, 4.23, 4.09, 4.85, 4.22, 2.16, 1.93, 2.1, 1.67, 1.52, 1.48, 0.92, 0.7, 0, 0.65, 0.84, 0.76, 2.67, 5.75, 6.62, 5.31, 4.48, 4.3, 4.75, 5.04, 5.76, 5.5, 4.88, 4.07, 4.51, 5.837, 6.507, 6.68, 6.836, 7.139, 6.97, 6.17, 6.53, 7.0, 7.98, 8.059, 6.834, 6.679, 6.667, 6.48, 7.265, 9.549, 10.822, 10.21, 8.299, 9.32, 11.254, 11.736, 12.2, 12.371, 12.651, 12.608, 12.81, 13.183, 13.41, 13.41, 13.513, 13.549, 14.007, 15.681, 16.65, 16.645, 16.453, 16.215, 15.784, 15.57, 15.181, 14.986], [10.625, 11.309, 10.979, 11.249, 11.263, 10.705, 10.252, 9.935, 9.765, 10.381, 10.581, 9.435, 6.425, 4.71, 4.26, 4.08, 4.8, 4.17, 1.93, 1.84, 2.07, 1.64, 1.53, 1.43, 0.93, 0.93, 0.65, 0, 0.55, 0.67, 2.6, 5.72, 6.57, 5.28, 4.43, 4.27, 4.66, 5.01, 5.73, 5.49, 4.87, 4.04, 4.42, 5.83, 6.52, 6.65, 6.834, 7.1, 6.94, 6.14, 6.48, 6.97, 7.987, 8.063, 6.819, 6.627, 6.668, 6.478, 7.252, 9.556, 10.794, 10.191, 8.303, 9.29, 11.232, 11.713, 12.196, 12.361, 12.641, 12.578, 12.783, 13.17, 13.397, 13.397, 13.52, 13.546, 14.001, 15.689, 16.634, 16.633, 16.44, 16.203, 15.771, 15.554, 15.162, 14.967], [10.615, 11.299, 10.969, 11.239, 11.253, 10.697, 10.242, 9.925, 9.755, 10.368, 10.568, 9.427, 6.398, 4.74, 4.23, 4.07, 4.81, 4.14, 1.92, 1.89, 2.08, 1.69, 1.6, 1.52, 1.06, 0.96, 0.84, 0.55, 0, 0.58, 2.59, 5.706, 6.58, 5.19, 4.32, 4.38, 4.67, 4.94, 5.62, 5.4, 4.86, 4.05, 4.45, 5.74, 6.43, 6.6, 6.822, 7.022, 6.87, 6.07, 6.39, 6.9, 7.954, 8.027, 6.797, 6.584, 6.648, 6.468, 7.236, 9.537, 10.79, 10.178, 8.267, 9.254, 11.187, 11.689, 12.177, 12.328, 12.608, 12.545, 12.773, 13.163, 13.39, 13.39, 13.496, 13.512, 13.955, 15.652, 16.615, 16.613, 16.42, 16.183, 15.752, 15.535, 15.144, 14.931], [10.427, 11.111, 10.781, 11.051, 11.065, 10.509, 10.048, 9.731, 9.561, 10.174, 10.374, 9.239, 6.201, 4.56, 4.11, 4.05, 4.67, 4.0, 1.78, 1.67, 1.9, 1.47, 1.36, 1.42, 1.12, 0.96, 0.76, 0.67, 0.58, 0, 2.39, 5.51, 6.4, 5.05, 4.18, 4.1, 4.45, 4.72, 5.46, 5.2, 4.62, 3.77, 4.15, 5.617, 6.29, 6.48, 6.684, 6.922, 6.77, 5.97, 6.29, 6.8, 7.837, 7.833, 6.606, 6.422, 6.472, 6.294, 7.079, 9.36, 10.624, 10.007, 8.13, 9.08, 11.007, 11.518, 11.98, 12.154, 12.434, 12.371, 12.585, 12.975, 13.202, 13.202, 13.305, 13.333, 13.779, 15.464, 16.432, 16.428, 16.235, 15.998, 15.567, 15.35, 14.958, 14.76], [8.063, 8.747, 8.417, 8.687, 8.701, 8.143, 7.716, 7.399, 7.209, 7.844, 8.024, 6.873, 4.1, 3.65, 3.08, 3.42, 3.56, 2.81, 2.21, 1.82, 1.61, 1.66, 1.69, 1.61, 2.37, 3.05, 2.67, 2.6, 2.59, 2.39, 0, 3.16, 4.13, 2.96, 2.43, 2.47, 2.58, 3.17, 3.69, 3.57, 2.95, 2.3, 2.94, 4.11, 4.76, 4.87, 4.9, 5.06, 4.78, 4.42, 4.44, 4.69, 5.676, 5.632, 4.353, 4.155, 4.217, 4.088, 4.827, 7.105, 8.349, 7.726, 5.934, 6.813, 8.749, 9.155, 9.679, 9.79, 10.07, 10.008, 10.236, 10.608, 10.836, 10.836, 10.941, 10.992, 11.432, 13.13, 14.095, 14.09, 13.897, 13.66, 13.229, 13.024, 12.633, 12.443], [5.051, 5.696, 5.406, 5.636, 5.71, 5.34, 5.21, 4.91, 4.48, 4.99, 5.07, 4.09, 3.54, 4.25, 3.78, 4.18, 3.92, 3.69, 4.33, 4.12, 3.85, 4.26, 4.45, 4.49, 5.51, 6.17, 5.75, 5.72, 5.706, 5.51, 3.16, 0, 1.29, 1.36, 1.93, 2.07, 1.82, 1.81, 2.05, 2.05, 2.07, 2.36, 2.92, 3.05, 3.5, 3.45, 3.38, 3.32, 2.42, 3.0, 3.06, 2.59, 2.77, 2.618, 1.51, 1.58, 1.57, 1.49, 1.98, 3.999, 5.281, 4.617, 2.823, 3.776, 5.695, 6.055, 6.559, 6.679, 6.965, 6.908, 7.133, 7.506, 7.753, 7.756, 7.839, 7.86, 8.309, 10.074, 11.025, 10.999, 10.797, 10.578, 10.162, 9.977, 9.582, 9.412], [4.33, 4.868, 4.598, 4.888, 4.98, 4.71, 4.74, 4.36, 3.97, 4.22, 4.36, 3.46, 3.79, 4.62, 4.11, 4.59, 4.31, 4.0, 4.98, 4.93, 4.72, 5.17, 5.3, 5.36, 6.38, 7.04, 6.62, 6.57, 6.58, 6.4, 4.13, 1.29, 0, 1.69, 2.48, 2.66, 2.21, 2.14, 2.0, 2.16, 2.34, 3.09, 3.17, 3.12, 3.43, 3.4, 3.19, 3.01, 2.01, 2.75, 2.75, 2.18, 2.4, 2.07, 1.56, 1.55, 1.3, 1.26, 1.39, 3.121, 4.44, 3.725, 1.91, 2.9, 5.0, 5.268, 5.752, 5.876, 6.153, 6.102, 6.314, 6.71, 6.955, 6.927, 7.03, 7.03, 7.502, 9.257, 10.208, 10.177, 9.973, 9.776, 9.342, 9.186, 8.796, 8.629], [5.833, 6.46, 6.136, 6.446, 6.503, 6.12, 6.07, 5.69, 5.3, 5.69, 5.883, 4.89, 4.34, 4.97, 4.22, 4.42, 4.6, 4.11, 4.39, 4.02, 3.69, 4.1, 4.11, 4.07, 5.15, 5.65, 5.31, 5.28, 5.19, 5.05, 2.96, 1.36, 1.69, 0, 1.17, 1.59, 1.5, 1.49, 1.69, 1.77, 1.83, 2.2, 2.54, 2.27, 2.78, 2.79, 2.98, 2.82, 2.2, 2.32, 2.28, 2.13, 2.945, 3.079, 2.03, 2.0, 2.13, 1.99, 2.54, 4.544, 5.866, 5.222, 3.268, 4.324, 6.276, 6.73, 7.189, 7.357, 7.637, 7.574, 7.808, 8.198, 8.435, 8.426, 8.528, 8.536, 8.973, 10.705, 11.671, 11.651, 11.452, 11.215, 10.796, 10.643, 10.237, 10.04], [6.718, 7.288, 7.018, 7.308, 7.4, 7.03, 6.88, 6.54, 6.19, 6.6, 6.74, 5.76, 4.85, 5.34, 4.59, 4.83, 4.99, 4.42, 4.32, 3.87, 3.5, 3.57, 3.52, 3.5, 4.38, 4.76, 4.48, 4.43, 4.32, 4.18, 2.43, 1.93, 2.48, 1.17, 0, 0.86, 0.95, 1.22, 1.8, 1.74, 1.82, 1.95, 2.23, 2.18, 2.81, 2.88, 3.01, 2.99, 2.91, 2.45, 2.45, 2.82, 3.832, 3.887, 2.86, 2.89, 3.0, 2.94, 3.53, 5.372, 6.627, 6.044, 4.124, 5.123, 7.058, 7.549, 8.034, 8.194, 8.474, 8.411, 8.636, 9.026, 9.253, 9.253, 9.362, 9.369, 9.804, 11.498, 12.457, 12.456, 12.263, 12.026, 11.595, 11.392, 10.992, 10.805], [6.85, 7.42, 7.15, 7.44, 7.52, 7.13, 7.0, 6.66, 6.29, 6.7, 6.84, 5.86, 4.95, 5.52, 4.81, 5.17, 5.15, 4.4, 4.3, 3.85, 3.44, 3.55, 3.4, 3.38, 4.14, 4.7, 4.3, 4.27, 4.38, 4.1, 2.47, 2.07, 2.66, 1.59, 0.86, 0, 0.73, 1.2, 1.98, 1.72, 1.84, 1.85, 2.19, 2.34, 2.87, 2.9, 3.03, 3.23, 3.23, 2.59, 2.59, 3.1, 4.037, 3.993, 2.96, 3.03, 3.22, 3.14, 3.73, 5.452, 6.685, 6.065, 4.31, 5.149, 7.047, 7.524, 8.029, 8.166, 8.446, 8.383, 8.605, 8.99, 9.217, 9.226, 9.328, 9.339, 9.794, 11.517, 12.465, 12.463, 12.27, 12.033, 11.602, 11.385, 10.993, 10.81], [6.3, 6.87, 6.6, 6.89, 6.97, 6.58, 6.53, 6.21, 5.78, 6.21, 6.33, 5.31, 4.84, 5.57, 5.0, 5.32, 5.28, 4.57, 4.57, 4.12, 3.67, 3.74, 3.67, 3.69, 4.51, 5.13, 4.75, 4.66, 4.67, 4.45, 2.58, 1.82, 2.21, 1.5, 0.95, 0.73, 0, 0.95, 1.53, 1.39, 1.71, 1.88, 2.08, 2.29, 2.7, 2.69, 2.74, 2.92, 2.78, 2.22, 2.26, 2.67, 3.647, 3.583, 2.57, 2.58, 2.73, 2.67, 3.3, 5.085, 6.306, 5.68, 3.914, 4.776, 6.694, 7.095, 7.659, 7.733, 8.013, 7.95, 8.173, 8.554, 8.781, 8.781, 8.89, 8.972, 9.404, 11.07, 12.032, 12.027, 11.834, 11.597, 11.166, 10.952, 10.561, 10.366], [6.11, 6.643, 6.373, 6.66, 6.74, 6.41, 6.34, 6.08, 5.67, 6.0, 6.1, 5.28, 5.05, 5.8, 5.21, 5.51, 5.41, 4.9, 4.68, 4.23, 3.82, 3.89, 3.92, 4.0, 4.92, 5.38, 5.04, 5.01, 4.94, 4.72, 3.17, 1.81, 2.14, 1.49, 1.22, 1.2, 0.95, 0, 1.08, 0.9, 1.54, 1.99, 2.01, 1.74, 2.27, 2.28, 2.47, 2.57, 2.29, 1.67, 2.03, 2.26, 3.234, 3.247, 2.3, 2.39, 2.54, 2.64, 3.01, 4.726, 5.99, 5.387, 3.539, 4.446, 6.347, 6.813, 7.3, 7.457, 7.737, 7.674, 7.899, 8.289, 8.517, 8.517, 8.62, 8.633, 9.076, 10.776, 11.741, 11.74, 11.552, 11.315, 10.899, 10.697, 10.322, 10.132], [5.71, 6.12, 5.83, 6.12, 6.2, 6.01, 6.24, 6.02, 5.53, 5.7, 5.74, 5.12, 5.39, 6.24, 5.61, 5.87, 5.83, 5.24, 5.06, 4.65, 4.26, 4.43, 4.5, 4.58, 5.58, 6.08, 5.76, 5.73, 5.62, 5.46, 3.69, 2.05, 2.0, 1.69, 1.8, 1.98, 1.53, 1.08, 0, 0.82, 1.54, 2.37, 2.25, 1.54, 1.87, 2.06, 2.19, 2.23, 1.69, 1.33, 1.65, 1.7, 2.68, 2.81, 2.18, 2.29, 2.4, 2.62, 2.71, 4.182, 5.498, 4.838, 3.03, 3.94, 5.856, 6.304, 6.782, 6.933, 7.219, 7.157, 7.391, 7.781, 8.008, 8.008, 8.111, 8.121, 8.538, 10.279, 11.241, 11.213, 11.019, 10.794, 10.375, 10.195, 9.818, 9.637], [5.69, 6.1, 5.83, 6.1, 6.22, 6.13, 6.42, 6.18, 5.69, 5.84, 5.88, 5.3, 5.37, 6.1, 5.49, 5.77, 5.69, 5.06, 4.92, 4.55, 4.14, 4.31, 4.22, 4.4, 5.34, 5.86, 5.5, 5.49, 5.4, 5.2, 3.57, 2.05, 2.16, 1.77, 1.74, 1.72, 1.39, 0.9, 0.82, 0, 1.24, 2.13, 2.05, 1.44, 1.83, 1.94, 2.15, 2.35, 1.87, 1.35, 1.73, 1.84, 2.86, 2.77, 2.28, 2.37, 2.56, 2.72, 2.73, 4.237, 5.542, 4.887, 3.09, 3.96, 5.862, 6.33, 6.82, 6.988, 7.254, 7.191, 7.417, 7.807, 8.034, 8.034, 8.137, 8.153, 8.61, 10.337, 11.305, 11.28, 11.075, 10.89, 10.473, 10.275, 9.883, 9.709], [6.05, 6.586, 6.33, 6.566, 6.64, 6.47, 6.64, 6.34, 5.87, 6.16, 6.16, 5.38, 5.11, 5.62, 4.95, 5.31, 5.31, 4.48, 3.92, 3.51, 3.26, 3.53, 3.68, 3.98, 4.66, 5.28, 4.88, 4.87, 4.86, 4.62, 2.95, 2.07, 2.34, 1.83, 1.82, 1.84, 1.71, 1.54, 1.54, 1.24, 0, 1.37, 1.33, 1.84, 2.41, 2.84, 3.07, 3.27, 2.53, 2.15, 2.47, 2.6, 3.54, 3.368, 2.66, 2.65, 2.8, 2.84, 3.01, 4.837, 6.171, 5.49, 3.679, 4.586, 6.537, 6.925, 7.42, 7.554, 7.854, 7.798, 8.003, 8.376, 8.623, 8.623, 8.726, 8.733, 9.173, 10.925, 11.891, 11.86, 11.661, 11.433, 11.019, 10.859, 10.454, 10.272], [6.82, 7.462, 7.152, 7.422, 7.45, 7.02, 6.95, 6.73, 6.24, 6.75, 6.779, 5.83, 5.08, 5.45, 4.88, 5.2, 5.2, 4.27, 3.29, 2.82, 2.63, 2.64, 2.95, 3.25, 3.83, 4.47, 4.07, 4.04, 4.05, 3.77, 2.3, 2.36, 3.09, 2.2, 1.95, 1.85, 1.88, 1.99, 2.37, 2.13, 1.37, 0, 1.08, 2.47, 3.06, 3.45, 3.66, 3.94, 3.48, 2.8, 3.14, 3.49, 4.442, 4.392, 3.17, 3.2, 3.29, 3.21, 3.74, 5.836, 7.069, 6.44, 4.68, 5.59, 7.489, 7.843, 8.388, 8.482, 8.762, 8.699, 8.919, 9.292, 9.519, 9.519, 9.616, 9.7, 10.143, 11.825, 12.793, 12.774, 12.574, 12.338, 11.913, 11.728, 11.337, 11.146], [6.777, 7.367, 7.14, 7.387, 7.45, 7.2, 7.27, 6.97, 6.48, 6.75, 6.77, 6.05, 5.9, 6.27, 5.62, 5.92, 6.02, 5.07, 3.91, 3.48, 3.37, 3.28, 3.53, 3.83, 4.37, 4.85, 4.51, 4.42, 4.45, 4.15, 2.94, 2.92, 3.17, 2.54, 2.23, 2.19, 2.08, 2.01, 2.25, 2.05, 1.33, 1.08, 0, 2.15, 2.8, 3.11, 3.3, 3.6, 3.24, 2.56, 2.96, 3.29, 4.21, 4.172, 3.15, 3.24, 3.49, 3.49, 3.8, 5.69, 6.858, 6.243, 4.54, 5.41, 7.269, 7.737, 8.264, 8.356, 8.636, 8.61, 8.81, 9.183, 9.404, 9.421, 9.53, 9.56, 10.012, 11.704, 12.652, 12.644, 12.451, 12.214, 11.783, 11.587, 11.198, 11.018], [6.25, 6.52, 6.27, 6.44, 6.74, 6.83, 7.22, 7.04, 6.59, 6.52, 6.52, 6.16, 6.35, 6.96, 6.19, 6.37, 6.59, 5.76, 5.42, 4.95, 4.52, 4.69, 4.7, 4.84, 5.76, 6.2, 5.837, 5.83, 5.74, 5.617, 4.11, 3.05, 3.12, 2.27, 2.18, 2.34, 2.29, 1.74, 1.54, 1.44, 1.84, 2.47, 2.15, 0, 1.01, 1.28, 1.65, 1.95, 1.71, 1.13, 1.45, 1.84, 2.7, 3.21, 2.9, 3.01, 3.26, 3.54, 3.35, 4.317, 5.495, 4.933, 3.27, 4.12, 5.918, 6.498, 6.928, 7.078, 7.359, 7.333, 7.55, 7.923, 8.144, 8.15, 8.233, 8.211, 8.608, 10.325, 11.283, 11.257, 11.064, 10.827, 10.408, 10.245, 9.834, 9.67], [6.4, 6.71, 6.46, 6.67, 6.89, 7.14, 7.53, 7.35, 6.92, 6.83, 6.81, 6.43, 6.88, 7.57, 6.84, 6.98, 7.2, 6.41, 6.11, 5.6, 5.17, 5.28, 5.35, 5.47, 6.39, 6.864, 6.507, 6.52, 6.43, 6.29, 4.76, 3.5, 3.43, 2.78, 2.81, 2.87, 2.7, 2.27, 1.87, 1.83, 2.41, 3.06, 2.8, 1.01, 0, 1.11, 1.38, 1.88, 1.92, 1.44, 1.42, 1.99, 2.63, 3.26, 3.27, 3.36, 3.61, 3.87, 3.66, 4.03, 5.1, 4.623, 3.24, 3.79, 5.525, 6.14, 6.515, 6.646, 6.938, 6.95, 7.19, 7.522, 7.712, 7.717, 7.8, 7.781, 8.205, 9.868, 10.817, 10.775, 10.582, 10.365, 9.931, 9.801, 9.379, 9.194], [6.39, 6.7, 6.45, 6.68, 6.86, 7.13, 7.52, 7.34, 6.87, 6.82, 6.8, 6.4, 6.81, 7.56, 6.91, 7.03, 7.15, 6.5, 6.42, 6.01, 5.52, 5.67, 5.6, 5.56, 6.6, 7.035, 6.68, 6.65, 6.6, 6.48, 4.87, 3.45, 3.4, 2.79, 2.88, 2.9, 2.69, 2.28, 2.06, 1.94, 2.84, 3.45, 3.11, 1.28, 1.11, 0, 0.69, 1.21, 1.95, 1.37, 1.35, 1.7, 2.26, 3.05, 3.16, 3.27, 3.56, 3.74, 3.59, 3.82, 4.846, 4.329, 3.11, 3.64, 5.301, 5.95, 6.311, 6.413, 6.713, 6.684, 6.905, 7.258, 7.475, 7.469, 7.558, 7.559, 7.965, 9.638, 10.57, 10.568, 10.375, 10.138, 9.707, 9.524, 9.119, 8.928], [6.14, 6.43, 6.18, 6.39, 6.61, 6.86, 7.25, 7.07, 6.64, 6.55, 6.53, 6.15, 6.72, 7.51, 6.86, 6.98, 7.1, 6.49, 6.59, 6.2, 5.71, 5.88, 5.87, 5.81, 6.768, 7.276, 6.836, 6.834, 6.822, 6.684, 4.9, 3.38, 3.19, 2.98, 3.01, 3.03, 2.74, 2.47, 2.19, 2.15, 3.07, 3.66, 3.3, 1.65, 1.38, 0.69, 0, 0.98, 1.8, 1.56, 1.52, 1.69, 2.05, 2.8, 3.01, 3.16, 3.33, 3.57, 3.4, 3.45, 4.468, 4.02, 2.84, 3.33, 4.88, 5.6, 5.95, 5.975, 6.275, 6.249, 6.486, 6.819, 7.04, 7.037, 7.149, 7.111, 7.51, 9.219, 10.167, 10.142, 9.949, 9.712, 9.283, 9.073, 8.706, 8.56], [5.92, 6.03, 5.78, 6.03, 6.33, 6.5, 6.87, 6.71, 6.38, 6.21, 6.21, 5.85, 6.6, 7.43, 6.8, 6.94, 7.02, 6.53, 6.81, 6.42, 5.93, 6.18, 6.208, 6.145, 7.062, 7.476, 7.139, 7.1, 7.022, 6.922, 5.06, 3.32, 3.01, 2.82, 2.99, 3.23, 2.92, 2.57, 2.23, 2.35, 3.27, 3.94, 3.6, 1.95, 1.88, 1.21, 0.98, 0, 1.46, 1.44, 1.48, 1.33, 1.77, 2.66, 2.87, 3.0, 3.17, 3.41, 3.1, 3.31, 4.453, 4.016, 2.78, 3.23, 4.908, 5.6, 5.958, 6.016, 6.316, 6.282, 6.471, 6.861, 7.074, 7.064, 7.174, 7.132, 7.544, 9.217, 10.134, 10.132, 9.939, 9.702, 9.297, 9.074, 8.7, 8.526], [5.18, 5.23, 5.0, 5.21, 5.55, 5.68, 5.89, 5.79, 5.48, 5.35, 5.35, 4.95, 5.6, 6.41, 5.76, 5.92, 6.0, 5.45, 6.01, 5.7, 5.29, 5.74, 5.79, 5.75, 6.83, 7.35, 6.97, 6.94, 6.87, 6.77, 4.78, 2.42, 2.01, 2.2, 2.91, 3.23, 2.78, 2.29, 1.69, 1.87, 2.53, 3.48, 3.24, 1.71, 1.92, 1.95, 1.8, 1.46, 0, 1.22, 1.56, 1.21, 1.65, 2.3, 2.25, 2.2, 2.27, 2.49, 2.24, 3.264, 4.379, 3.928, 2.3, 3.01, 4.839, 5.345, 5.735, 5.92, 6.22, 6.177, 6.371, 6.761, 6.968, 6.968, 7.056, 7.09, 7.51, 9.259, 10.204, 10.164, 9.971, 9.746, 9.33, 9.147, 8.76, 8.626], [5.98, 6.13, 5.94, 6.17, 6.37, 6.46, 6.71, 6.59, 6.28, 6.15, 6.17, 5.77, 6.4, 7.15, 6.5, 6.62, 6.74, 6.11, 5.77, 5.34, 4.89, 5.02, 5.05, 5.07, 6.05, 6.55, 6.17, 6.14, 6.07, 5.97, 4.42, 3.0, 2.75, 2.32, 2.45, 2.59, 2.22, 1.67, 1.33, 1.35, 2.15, 2.8, 2.56, 1.13, 1.44, 1.37, 1.56, 1.44, 1.22, 0, 1.02, 1.27, 2.23, 3.04, 2.83, 2.92, 3.05, 3.27, 3.0, 4.069, 5.265, 4.745, 3.08, 3.861, 5.696, 6.227, 6.637, 6.782, 7.082, 7.039, 7.253, 7.623, 7.85, 7.85, 7.936, 7.972, 8.401, 10.101, 11.066, 11.047, 10.854, 10.631, 10.212, 10.007, 9.621, 9.466], [6.0, 6.37, 6.16, 6.35, 6.57, 6.64, 6.83, 6.65, 6.28, 6.27, 6.23, 5.75, 6.48, 7.19, 6.5, 6.62, 6.82, 6.11, 6.05, 5.64, 5.15, 5.36, 5.39, 5.35, 6.43, 6.89, 6.53, 6.48, 6.39, 6.29, 4.44, 3.06, 2.75, 2.28, 2.45, 2.59, 2.26, 2.03, 1.65, 1.73, 2.47, 3.14, 2.96, 1.45, 1.42, 1.35, 1.52, 1.48, 1.56, 1.02, 0, 1.09, 2.19, 3.02, 2.91, 3.04, 3.19, 3.37, 3.22, 4.029, 5.153, 4.536, 2.9, 3.761, 5.567, 6.11, 6.507, 6.636, 6.933, 6.89, 7.125, 7.477, 7.722, 7.722, 7.825, 7.823, 8.228, 9.966, 10.917, 10.894, 10.701, 10.464, 10.036, 9.869, 9.463, 9.29], [5.31, 5.74, 5.57, 5.76, 6.02, 6.03, 6.24, 6.04, 5.63, 5.68, 5.64, 5.1, 5.87, 6.7, 6.05, 6.19, 6.29, 5.8, 6.04, 5.75, 5.32, 5.75, 5.8, 5.78, 6.86, 7.38, 7.0, 6.97, 6.9, 6.8, 4.69, 2.59, 2.18, 2.13, 2.82, 3.1, 2.67, 2.26, 1.7, 1.84, 2.6, 3.49, 3.29, 1.84, 1.99, 1.7, 1.69, 1.33, 1.21, 1.27, 1.09, 0, 1.64, 2.31, 2.42, 2.49, 2.58, 2.7, 2.61, 3.479, 4.672, 4.095, 2.53, 3.27, 5.126, 5.614, 6.004, 6.131, 6.411, 6.368, 6.622, 6.972, 7.199, 7.199, 7.302, 7.339, 7.789, 9.496, 10.441, 10.407, 10.234, 10.018, 9.604, 9.404, 9.038, 8.877], [4.37, 4.64, 4.45, 4.68, 4.9, 4.99, 5.34, 5.14, 4.79, 4.64, 4.66, 4.28, 5.27, 6.3, 5.83, 6.25, 6.17, 6.1, 6.97, 6.66, 6.255, 6.679, 6.812, 6.78, 7.857, 8.414, 7.98, 7.987, 7.954, 7.837, 5.676, 2.77, 2.4, 2.945, 3.832, 4.037, 3.647, 3.234, 2.68, 2.86, 3.54, 4.442, 4.21, 2.7, 2.63, 2.26, 2.05, 1.77, 1.65, 2.23, 2.19, 1.64, 0, 1.19, 1.8, 2.09, 2.2, 2.42, 2.07, 2.2, 3.335, 2.778, 1.47, 2.1, 3.81, 4.35, 4.719, 4.856, 5.156, 5.11, 5.347, 5.691, 5.931, 5.933, 6.004, 6.038, 6.451, 8.19, 9.132, 9.086, 8.892, 8.667, 8.251, 8.049, 7.695, 7.574], [3.46, 3.91, 3.74, 3.97, 4.21, 4.26, 4.63, 4.37, 3.9, 3.93, 3.89, 3.43, 4.42, 5.53, 5.156, 5.7, 5.46, 5.446, 6.68, 6.578, 6.188, 6.655, 6.756, 6.842, 7.882, 8.467, 8.059, 8.063, 8.027, 7.833, 5.632, 2.618, 2.07, 3.079, 3.887, 3.993, 3.583, 3.247, 2.81, 2.77, 3.368, 4.392, 4.172, 3.21, 3.26, 3.05, 2.8, 2.66, 2.3, 3.04, 3.02, 2.31, 1.19, 0, 1.51, 1.72, 1.79, 2.03, 1.74, 1.71, 2.9, 2.3, 1.32, 1.71, 3.3, 3.8, 4.21, 4.361, 4.661, 4.641, 4.835, 5.191, 5.418, 5.421, 5.501, 5.52, 5.983, 7.711, 8.668, 8.637, 8.447, 8.248, 7.834, 7.637, 7.261, 7.097], [4.13, 4.64, 4.37, 4.64, 4.72, 4.41, 4.64, 4.4, 3.87, 4.04, 4.1, 3.5, 3.91, 4.94, 4.464, 4.935, 4.63, 4.539, 5.655, 5.345, 4.93, 5.331, 5.5, 5.597, 6.603, 7.246, 6.834, 6.819, 6.797, 6.606, 4.353, 1.51, 1.56, 2.03, 2.86, 2.96, 2.57, 2.3, 2.18, 2.28, 2.66, 3.17, 3.15, 2.9, 3.27, 3.16, 3.01, 2.87, 2.25, 2.83, 2.91, 2.42, 1.8, 1.51, 0, 0.81, 1.16, 1.28, 1.29, 2.82, 4.11, 3.424, 1.81, 2.66, 4.51, 4.95, 5.412, 5.548, 5.848, 5.808, 6.008, 6.398, 6.64, 6.648, 6.748, 6.75, 7.193, 8.931, 9.871, 9.857, 9.658, 9.424, 9.01, 8.827, 8.422, 8.258], [4.2, 4.83, 4.5, 4.75, 4.81, 4.4, 4.47, 4.25, 3.78, 4.01, 4.17, 3.45, 3.7, 4.63, 4.18, 4.64, 4.38, 4.32, 5.489, 5.136, 4.771, 5.249, 5.333, 5.399, 6.402, 7.073, 6.679, 6.627, 6.584, 6.422, 4.155, 1.58, 1.55, 2.0, 2.89, 3.03, 2.58, 2.39, 2.29, 2.37, 2.65, 3.2, 3.24, 3.01, 3.36, 3.27, 3.16, 3.0, 2.2, 2.92, 3.04, 2.49, 2.09, 1.72, 0.81, 0, 0.71, 0.99, 1.14, 3.07, 4.32, 3.617, 2.06, 2.85, 4.66, 5.14, 5.63, 5.764, 6.044, 5.975, 6.212, 6.596, 6.829, 6.829, 6.929, 6.96, 7.392, 9.111, 10.054, 10.04, 9.847, 9.61, 9.182, 9.009, 8.597, 8.433], [4.19, 4.739, 4.389, 4.679, 4.7, 4.25, 4.18, 3.92, 3.53, 3.84, 4.06, 3.18, 3.55, 4.44, 3.99, 4.35, 4.13, 4.07, 5.293, 5.1, 4.826, 5.279, 5.403, 5.424, 6.444, 7.075, 6.667, 6.668, 6.648, 6.472, 4.217, 1.57, 1.3, 2.13, 3.0, 3.22, 2.73, 2.54, 2.4, 2.56, 2.8, 3.29, 3.49, 3.26, 3.61, 3.56, 3.33, 3.17, 2.27, 3.05, 3.19, 2.58, 2.2, 1.79, 1.16, 0.71, 0, 0.74, 0.99, 2.98, 4.27, 3.61, 1.91, 2.82, 4.71, 5.11, 5.62, 5.751, 6.031, 5.982, 6.199, 6.566, 6.816, 6.796, 6.896, 6.95, 7.384, 9.076, 10.044, 10.019, 9.82, 9.592, 9.167, 9.011, 8.61, 8.425], [4.261, 4.948, 4.598, 4.868, 4.908, 4.41, 4.24, 3.92, 3.55, 4.02, 4.24, 3.14, 3.35, 4.22, 3.75, 4.249, 3.97, 3.819, 5.119, 4.912, 4.615, 5.142, 5.232, 5.218, 6.258, 6.897, 6.48, 6.478, 6.468, 6.294, 4.088, 1.49, 1.26, 1.99, 2.94, 3.14, 2.67, 2.64, 2.62, 2.72, 2.84, 3.21, 3.49, 3.54, 3.87, 3.74, 3.57, 3.41, 2.49, 3.27, 3.37, 2.7, 2.42, 2.03, 1.28, 0.99, 0.74, 0, 0.97, 3.226, 4.457, 3.85, 2.11, 3.02, 4.89, 5.37, 5.86, 5.999, 6.279, 6.231, 6.428, 6.795, 7.025, 7.025, 7.125, 7.21, 7.636, 9.339, 10.279, 10.247, 10.054, 9.832, 9.416, 9.23, 8.826, 8.712], [3.78, 4.21, 3.888, 4.158, 4.21, 3.94, 4.11, 3.93, 3.6, 3.55, 3.73, 3.09, 3.64, 4.57, 4.1, 4.66, 4.32, 4.189, 5.695, 5.638, 5.376, 5.849, 5.967, 5.945, 7.014, 7.664, 7.265, 7.252, 7.236, 7.079, 4.827, 1.98, 1.39, 2.54, 3.53, 3.73, 3.3, 3.01, 2.71, 2.73, 3.01, 3.74, 3.8, 3.35, 3.66, 3.59, 3.4, 3.1, 2.24, 3.0, 3.22, 2.61, 2.07, 1.74, 1.29, 1.14, 0.99, 0.97, 0, 2.45, 3.833, 3.195, 1.46, 2.37, 4.34, 4.58, 5.07, 5.209, 5.489, 5.441, 5.658, 6.06, 6.29, 6.29, 6.39, 6.4, 6.86, 8.582, 9.524, 9.494, 9.304, 9.104, 8.69, 8.494, 8.118, 7.98], [3.39, 3.36, 2.97, 3.24, 3.62, 3.93, 4.28, 4.16, 3.85, 3.7, 3.7, 3.46, 4.83, 6.06, 5.709, 6.292, 5.85, 6.05, 7.964, 7.956, 7.607, 8.099, 8.255, 8.289, 9.312, 9.96, 9.549, 9.556, 9.537, 9.36, 7.105, 3.999, 3.121, 4.544, 5.372, 5.452, 5.085, 4.726, 4.182, 4.237, 4.837, 5.836, 5.69, 4.317, 4.03, 3.82, 3.45, 3.31, 3.264, 4.069, 4.029, 3.479, 2.2, 1.71, 2.82, 3.07, 2.98, 3.226, 2.45, 0, 1.65, 1.25, 1.47, 1.06, 2.39, 2.53, 2.86, 2.94, 3.2, 3.18, 3.4, 3.75, 3.98, 4.0, 4.06, 4.09, 4.57, 6.271, 7.251, 7.317, 7.069, 6.814, 6.403, 6.237, 5.914, 5.758], [4.1, 3.73, 3.4, 3.39, 3.81, 4.32, 4.69, 4.69, 4.38, 4.05, 4.07, 4.23, 6.04, 7.235, 7.119, 7.582, 7.242, 7.471, 9.26, 9.161, 8.851, 9.358, 9.502, 9.559, 10.573, 11.23, 10.822, 10.794, 10.79, 10.624, 8.349, 5.281, 4.44, 5.866, 6.627, 6.685, 6.306, 5.99, 5.498, 5.542, 6.171, 7.069, 6.858, 5.495, 5.1, 4.846, 4.468, 4.453, 4.379, 5.265, 5.153, 4.672, 3.335, 2.9, 4.11, 4.32, 4.27, 4.457, 3.833, 1.65, 0, 1.08, 2.815, 1.69, 1.26, 1.64, 1.89, 1.89, 2.05, 2.03, 2.37, 2.46, 2.69, 2.75, 2.91, 2.94, 3.3, 5.014, 5.971, 6.025, 5.766, 5.53, 5.093, 4.953, 4.577, 4.427], [3.5, 3.27, 2.96, 2.99, 3.27, 3.76, 4.13, 4.13, 3.82, 3.49, 3.51, 3.67, 5.376, 6.578, 6.539, 7.062, 6.465, 6.674, 8.505, 8.501, 8.199, 8.712, 8.868, 8.948, 9.965, 10.624, 10.21, 10.191, 10.178, 10.007, 7.726, 4.617, 3.725, 5.222, 6.044, 6.065, 5.68, 5.387, 4.838, 4.887, 5.49, 6.44, 6.243, 4.933, 4.623, 4.329, 4.02, 4.016, 3.928, 4.745, 4.536, 4.095, 2.778, 2.3, 3.424, 3.617, 3.61, 3.85, 3.195, 1.25, 1.08, 0, 2.15, 1.27, 1.62, 1.9, 2.25, 2.29, 2.51, 2.51, 2.73, 3.08, 3.35, 3.33, 3.41, 3.56, 3.88, 5.637, 6.579, 6.567, 6.317, 6.136, 5.717, 5.54, 5.157, 5.097], [3.62, 3.85, 3.6, 3.79, 4.07, 4.16, 4.47, 4.31, 3.88, 3.81, 3.85, 3.43, 4.38, 5.37, 4.94, 5.44, 5.14, 5.11, 6.805, 6.777, 6.45, 6.883, 7.062, 7.102, 8.124, 8.719, 8.299, 8.303, 8.267, 8.13, 5.934, 2.823, 1.91, 3.268, 4.124, 4.31, 3.914, 3.539, 3.03, 3.09, 3.679, 4.68, 4.54, 3.27, 3.24, 3.11, 2.84, 2.78, 2.3, 3.08, 2.9, 2.53, 1.47, 1.32, 1.81, 2.06, 1.91, 2.11, 1.46, 1.47, 2.815, 2.15, 0, 1.53, 3.44, 3.62, 4.02, 4.194, 4.471, 4.425, 4.629, 5.058, 5.29, 5.25, 5.368, 5.34, 5.796, 7.553, 8.54, 8.542, 8.289, 8.107, 7.664, 7.548, 7.153, 7.003], [3.93, 3.82, 3.45, 3.56, 3.86, 4.23, 4.56, 4.6, 4.29, 4.0, 4.04, 4.02, 5.41, 6.44, 5.99, 6.63, 6.31, 6.2, 7.778, 7.656, 7.34, 7.873, 7.957, 8.037, 9.06, 9.717, 9.32, 9.29, 9.254, 9.08, 6.813, 3.776, 2.9, 4.324, 5.123, 5.149, 4.776, 4.446, 3.94, 3.96, 4.586, 5.59, 5.41, 4.12, 3.79, 3.64, 3.33, 3.23, 3.01, 3.861, 3.761, 3.27, 2.1, 1.71, 2.66, 2.85, 2.82, 3.02, 2.37, 1.06, 1.69, 1.27, 1.53, 0, 2.19, 2.53, 3.0, 3.103, 3.383, 3.357, 3.62, 3.918, 4.168, 4.145, 4.248, 4.31, 4.75, 6.487, 7.442, 7.446, 7.21, 7.001, 6.591, 6.418, 6.033, 5.909], [4.54, 4.19, 3.84, 3.75, 4.05, 4.62, 5.05, 5.07, 4.78, 4.31, 4.37, 4.67, 6.4, 7.67, 7.647, 8.127, 7.68, 8.165, 9.797, 9.647, 9.245, 9.772, 9.887, 9.979, 10.999, 11.638, 11.254, 11.232, 11.187, 11.007, 8.749, 5.695, 5.0, 6.276, 7.058, 7.047, 6.694, 6.347, 5.856, 5.862, 6.537, 7.489, 7.269, 5.918, 5.525, 5.301, 4.88, 4.908, 4.839, 5.696, 5.567, 5.126, 3.81, 3.3, 4.51, 4.66, 4.71, 4.89, 4.34, 2.39, 1.26, 1.62, 3.44, 2.19, 0, 0.98, 1.35, 1.69, 1.87, 1.97, 2.15, 2.2, 2.29, 2.39, 2.55, 2.6, 2.84, 4.585, 5.562, 5.563, 5.33, 5.09, 4.756, 4.556, 4.156, 3.998], [4.06, 3.67, 3.32, 3.25, 3.51, 4.06, 4.59, 4.63, 4.32, 3.85, 3.89, 4.19, 6.02, 7.46, 7.778, 8.224, 7.567, 8.205, 10.031, 10.052, 9.745, 10.209, 10.378, 10.447, 11.49, 12.135, 11.736, 11.713, 11.689, 11.518, 9.155, 6.055, 5.268, 6.73, 7.549, 7.524, 7.095, 6.813, 6.304, 6.33, 6.925, 7.843, 7.737, 6.498, 6.14, 5.95, 5.6, 5.6, 5.345, 6.227, 6.11, 5.614, 4.35, 3.8, 4.95, 5.14, 5.11, 5.37, 4.58, 2.53, 1.64, 1.9, 3.62, 2.53, 0.98, 0, 0.85, 1.29, 1.65, 1.73, 1.83, 1.9, 1.81, 1.89, 2.05, 2.26, 2.52, 4.144, 5.142, 5.15, 4.904, 4.684, 4.338, 4.153, 3.756, 3.556], [4.05, 3.48, 3.13, 3.06, 3.22, 3.79, 4.3, 4.38, 4.07, 3.58, 3.66, 4.22, 6.33, 7.864, 8.188, 8.568, 7.754, 8.57, 10.536, 10.571, 10.187, 10.659, 10.869, 10.966, 11.989, 12.614, 12.2, 12.196, 12.177, 11.98, 9.679, 6.559, 5.752, 7.189, 8.034, 8.029, 7.659, 7.3, 6.782, 6.82, 7.42, 8.388, 8.264, 6.928, 6.515, 6.311, 5.95, 5.958, 5.735, 6.637, 6.507, 6.004, 4.719, 4.21, 5.412, 5.63, 5.62, 5.86, 5.07, 2.86, 1.89, 2.25, 4.02, 3.0, 1.35, 0.85, 0, 0.88, 1.16, 1.28, 1.5, 1.53, 1.52, 1.5, 1.64, 1.77, 2.17, 3.74, 4.78, 4.84, 4.53, 4.33, 3.966, 3.806, 3.429, 3.249], [3.77, 3.16, 2.87, 2.74, 2.94, 3.53, 4.04, 4.12, 3.81, 3.4, 3.38, 3.98, 6.403, 7.973, 8.331, 8.714, 7.88, 8.653, 10.639, 10.671, 10.347, 10.83, 11.02, 11.085, 12.114, 12.774, 12.371, 12.361, 12.328, 12.154, 9.79, 6.679, 5.876, 7.357, 8.194, 8.166, 7.733, 7.457, 6.933, 6.988, 7.554, 8.482, 8.356, 7.078, 6.646, 6.413, 5.975, 6.016, 5.92, 6.782, 6.636, 6.131, 4.856, 4.361, 5.548, 5.764, 5.751, 5.999, 5.209, 2.94, 1.89, 2.29, 4.194, 3.103, 1.69, 1.29, 0.88, 0, 0.68, 0.92, 1.2, 1.39, 1.38, 1.4, 1.52, 1.81, 2.05, 3.52, 4.52, 4.603, 4.293, 4.119, 3.82, 3.7, 3.34, 3.148], [3.71, 3.04, 2.79, 2.58, 2.7, 3.27, 3.82, 3.9, 3.79, 3.36, 3.28, 4.079, 6.583, 8.227, 8.61, 9.011, 8.177, 8.893, 10.91, 10.959, 10.627, 11.11, 11.3, 11.365, 12.394, 13.054, 12.651, 12.641, 12.608, 12.434, 10.07, 6.965, 6.153, 7.637, 8.474, 8.446, 8.013, 7.737, 7.219, 7.254, 7.854, 8.762, 8.636, 7.359, 6.938, 6.713, 6.275, 6.316, 6.22, 7.082, 6.933, 6.411, 5.156, 4.661, 5.848, 6.044, 6.031, 6.279, 5.489, 3.2, 2.05, 2.51, 4.471, 3.383, 1.87, 1.65, 1.16, 0.68, 0, 0.5, 0.84, 1.01, 1.04, 1.24, 1.34, 1.49, 1.85, 3.42, 4.36, 4.43, 4.12, 3.98, 3.7, 3.62, 3.24, 3.116], [3.69, 2.98, 2.71, 2.56, 2.68, 3.25, 3.78, 3.86, 3.73, 3.22, 3.22, 3.98, 6.47, 8.16, 8.564, 8.965, 8.125, 8.847, 10.859, 10.903, 10.581, 11.064, 11.257, 11.322, 12.351, 13.011, 12.608, 12.578, 12.545, 12.371, 10.008, 6.908, 6.102, 7.574, 8.411, 8.383, 7.95, 7.674, 7.157, 7.191, 7.798, 8.699, 8.61, 7.333, 6.95, 6.684, 6.249, 6.282, 6.177, 7.039, 6.89, 6.368, 5.11, 4.641, 5.808, 5.975, 5.982, 6.231, 5.441, 3.18, 2.03, 2.51, 4.425, 3.357, 1.97, 1.73, 1.28, 0.92, 0.5, 0, 0.7, 0.91, 1.06, 1.28, 1.44, 1.59, 1.89, 3.459, 4.436, 4.505, 4.195, 4.038, 3.74, 3.62, 3.28, 3.139], [3.69, 2.96, 2.77, 2.58, 2.64, 3.19, 3.74, 3.86, 3.91, 3.44, 3.32, 4.12, 6.65, 8.36, 8.721, 9.112, 8.23, 9.06, 11.058, 11.093, 10.788, 11.284, 11.465, 11.536, 12.562, 13.236, 12.81, 12.783, 12.773, 12.585, 10.236, 7.133, 6.314, 7.808, 8.636, 8.605, 8.173, 7.899, 7.391, 7.417, 8.003, 8.919, 8.81, 7.55, 7.19, 6.905, 6.486, 6.471, 6.371, 7.253, 7.125, 6.622, 5.347, 4.835, 6.008, 6.212, 6.199, 6.428, 5.658, 3.4, 2.37, 2.73, 4.629, 3.62, 2.15, 1.83, 1.5, 1.2, 0.84, 0.7, 0, 0.69, 0.92, 1.18, 1.28, 1.45, 1.79, 3.3, 4.18, 4.29, 3.96, 3.82, 3.52, 3.5, 3.16, 3.116], [4.06, 3.31, 3.02, 2.87, 2.99, 3.54, 4.15, 4.25, 4.26, 3.77, 3.67, 4.43, 6.98, 8.75, 9.134, 9.465, 8.63, 9.434, 11.423, 11.46, 11.124, 11.651, 11.838, 11.909, 12.935, 13.606, 13.183, 13.17, 13.163, 12.975, 10.608, 7.506, 6.71, 8.198, 9.026, 8.99, 8.554, 8.289, 7.781, 7.807, 8.376, 9.292, 9.183, 7.923, 7.522, 7.258, 6.819, 6.861, 6.761, 7.623, 7.477, 6.972, 5.691, 5.191, 6.398, 6.596, 6.566, 6.795, 6.06, 3.75, 2.46, 3.08, 5.058, 3.918, 2.2, 1.9, 1.53, 1.39, 1.01, 0.91, 0.69, 0, 0.61, 0.87, 1.03, 1.3, 1.56, 2.97, 3.88, 3.97, 3.64, 3.43, 3.09, 3.07, 2.77, 2.766], [4.37, 3.62, 3.39, 3.2, 3.28, 3.81, 4.42, 4.52, 4.53, 4.04, 3.94, 4.72, 7.25, 8.96, 9.348, 9.695, 8.91, 9.724, 11.638, 11.698, 11.391, 11.904, 12.065, 12.136, 13.162, 13.833, 13.41, 13.397, 13.39, 13.202, 10.836, 7.753, 6.955, 8.435, 9.253, 9.217, 8.781, 8.517, 8.008, 8.034, 8.623, 9.519, 9.404, 8.144, 7.712, 7.475, 7.04, 7.074, 6.968, 7.85