[[0, 0.73, 1.3, 1.35, 1.29, 0.82, 1.07, 1.56, 1.58, 1.62, 1.74, 1.9, 1.57, 1.76, 2.08, 1.81, 1.56, 1.44, 1.72, 1.74, 1.92, 1.88, 2.13, 2.99, 3.3, 3.66, 4.45, 5.27, 5.42, 5.41, 6.08, 5.35, 5.39, 5.9, 6.25, 6.54, 6.59, 6.8, 6.76, 7.04, 7.7, 7.57, 7.79, 7.25, 7.28, 8.3, 7.68, 7.45, 5.85, 5.2, 5.47, 5.63, 4.91, 3.55, 4.17, 5.29, 5.97, 5.54, 4.51, 2.27, 2.41, 2.48, 1.96, 1.68, 1.86, 1.72, 1.44, 1.6, 1.78, 2.03, 2.51, 3.14, 3.49, 3.74, 4.46, 5.61, 6.84, 7.13, 7.41, 8.53, 9.75, 10.76, 11.81, 11.74, 11.78, 13.622], [0.73, 0, 0.93, 1.14, 1.0, 0.65, 1.08, 1.75, 1.81, 1.37, 1.43, 1.47, 1.26, 1.33, 1.73, 1.54, 1.29, 1.39, 1.55, 1.77, 1.99, 2.09, 2.34, 2.98, 3.15, 3.47, 4.3, 5.1, 5.35, 5.34, 5.91, 5.3, 5.32, 5.83, 6.18, 6.49, 6.56, 6.77, 6.77, 7.05, 7.75, 7.66, 7.88, 7.42, 7.45, 8.49, 7.93, 7.68, 6.1, 5.47, 5.7, 5.9, 5.12, 3.7, 3.92, 4.98, 5.6, 5.23, 4.22, 2.16, 2.68, 2.71, 2.29, 1.75, 2.01, 1.67, 1.41, 1.69, 1.85, 2.1, 2.66, 3.31, 3.64, 3.93, 4.71, 5.78, 7.09, 7.54, 7.8, 8.86, 10.14, 11.07, 12.1, 11.99, 12.03, 13.884], [1.3, 0.93, 0, 0.59, 0.69, 1.0, 1.29, 1.8, 1.78, 1.38, 1.54, 1.72, 1.83, 1.86, 1.66, 1.83, 1.66, 1.96, 2.1, 2.22, 2.34, 2.36, 2.57, 3.39, 3.4, 3.7, 4.49, 5.27, 5.66, 5.63, 6.08, 5.65, 5.69, 6.08, 6.45, 6.8, 6.91, 7.06, 7.16, 7.44, 8.18, 8.11, 8.33, 7.89, 7.92, 8.94, 8.32, 8.11, 6.51, 5.86, 6.13, 6.29, 5.47, 4.13, 3.77, 4.79, 5.41, 5.04, 4.03, 2.55, 2.79, 2.84, 2.26, 2.02, 2.24, 2.0, 1.72, 2.34, 2.44, 2.77, 2.91, 3.56, 3.95, 4.18, 4.74, 5.81, 7.0, 7.45, 7.77, 8.85, 10.05, 11.12, 12.17, 12.02, 12.08, 13.977], [1.35, 1.14, 0.59, 0, 0.78, 1.11, 1.44, 1.69, 1.69, 1.51, 1.87, 2.13, 2.1, 2.17, 1.95, 2.16, 2.01, 2.25, 2.35, 2.41, 2.43, 2.37, 2.76, 3.64, 3.73, 4.01, 4.82, 5.62, 5.95, 5.94, 6.39, 5.92, 5.96, 6.39, 6.76, 7.09, 7.16, 7.37, 7.43, 7.71, 8.45, 8.36, 8.58, 8.06, 8.09, 9.11, 8.49, 8.26, 6.66, 5.99, 6.28, 6.44, 5.58, 4.28, 4.1, 5.08, 5.7, 5.33, 4.34, 2.78, 2.82, 2.77, 2.25, 2.17, 2.29, 2.03, 1.93, 2.43, 2.69, 2.98, 3.12, 3.57, 3.96, 4.23, 4.67, 5.76, 6.83, 7.18, 7.48, 8.56, 9.7, 10.83, 11.9, 11.79, 11.81, 13.712], [1.29, 1.0, 0.69, 0.78, 0, 0.87, 1.48, 2.03, 1.99, 1.51, 1.51, 1.67, 1.86, 1.99, 1.69, 1.82, 1.79, 2.07, 2.23, 2.41, 2.65, 2.67, 2.86, 3.52, 3.39, 3.65, 4.36, 5.2, 5.59, 5.56, 6.01, 5.64, 5.68, 5.97, 6.42, 6.73, 6.84, 7.01, 7.13, 7.41, 8.15, 8.12, 8.34, 7.9, 7.93, 8.97, 8.39, 8.16, 6.56, 5.93, 6.18, 6.36, 5.58, 4.18, 3.72, 4.64, 5.28, 4.89, 4.02, 2.52, 3.0, 3.01, 2.45, 2.13, 2.41, 2.17, 1.63, 2.15, 2.31, 2.78, 3.18, 3.83, 4.24, 4.47, 5.05, 6.2, 7.27, 7.54, 7.82, 9.02, 10.18, 11.21, 12.32, 12.19, 12.23, 14.149], [0.82, 0.65, 1.0, 1.11, 0.87, 0, 1.11, 1.8, 1.8, 1.22, 1.22, 1.4, 1.35, 1.44, 1.44, 1.37, 1.4, 1.66, 1.62, 1.9, 2.18, 2.28, 2.45, 2.93, 3.02, 3.28, 3.99, 4.83, 5.16, 5.15, 5.62, 5.11, 5.17, 5.6, 5.97, 6.3, 6.37, 6.58, 6.62, 6.92, 7.64, 7.55, 7.77, 7.27, 7.3, 8.32, 7.74, 7.49, 5.93, 5.36, 5.51, 5.73, 5.11, 3.59, 3.55, 4.61, 5.27, 4.84, 3.87, 2.03, 2.69, 2.76, 2.3, 1.78, 2.18, 1.84, 1.34, 1.56, 1.76, 2.11, 2.77, 3.42, 3.81, 4.04, 4.76, 5.89, 7.1, 7.55, 7.81, 8.99, 10.17, 11.04, 12.11, 11.98, 12.06, 13.993], [1.07, 1.08, 1.29, 1.44, 1.48, 1.11, 0, 1.05, 1.29, 1.69, 2.05, 2.01, 1.72, 1.85, 2.17, 1.88, 1.35, 1.23, 1.47, 1.65, 1.63, 1.67, 2.06, 2.88, 3.27, 3.59, 4.34, 5.18, 5.35, 5.32, 5.99, 5.26, 5.28, 5.81, 6.18, 6.43, 6.52, 6.69, 6.69, 6.99, 7.69, 7.6, 7.8, 7.32, 7.35, 8.37, 7.75, 7.52, 5.92, 5.23, 5.54, 5.66, 4.8, 3.54, 4.18, 5.46, 6.12, 5.65, 4.64, 2.2, 2.04, 1.97, 1.77, 1.35, 1.59, 1.39, 1.47, 1.59, 1.69, 1.98, 2.18, 2.65, 3.02, 3.31, 4.01, 5.2, 6.43, 6.94, 7.2, 8.34, 9.58, 10.33, 11.3, 11.11, 11.29, 13.178], [1.56, 1.75, 1.8, 1.69, 2.03, 1.8, 1.05, 0, 1.04, 2.36, 2.78, 2.82, 2.35, 2.64, 3.02, 2.57, 1.96, 1.66, 2.0, 2.2, 2.04, 1.74, 2.29, 3.47, 3.9, 4.28, 4.81, 5.63, 5.8, 5.81, 6.48, 5.77, 5.75, 6.26, 6.61, 6.9, 6.93, 7.12, 7.08, 7.38, 8.0, 7.87, 8.07, 7.49, 7.48, 8.48, 7.86, 7.61, 6.01, 5.32, 5.63, 5.75, 4.89, 3.81, 4.81, 6.11, 6.75, 6.28, 5.35, 2.75, 1.89, 1.44, 1.52, 1.72, 1.68, 1.76, 1.98, 2.14, 2.0, 2.23, 2.27, 2.54, 2.69, 3.06, 3.5, 4.67, 5.84, 6.33, 6.63, 7.71, 8.89, 9.48, 10.43, 10.3, 10.46, 12.424], [1.58, 1.81, 1.78, 1.69, 1.99, 1.8, 1.29, 1.04, 0, 1.78, 2.42, 2.82, 2.59, 2.66, 2.72, 2.59, 2.16, 2.04, 2.44, 2.38, 2.22, 1.94, 2.41, 3.29, 3.54, 3.96, 4.49, 5.35, 5.46, 5.43, 6.1, 5.39, 5.35, 5.88, 6.29, 6.5, 6.65, 6.82, 6.8, 7.08, 7.72, 7.59, 7.71, 7.19, 7.2, 8.2, 7.58, 7.35, 5.81, 5.1, 5.37, 5.49, 4.63, 3.49, 4.29, 5.49, 6.15, 5.68, 4.85, 2.55, 2.05, 2.04, 1.9, 2.38, 2.4, 2.24, 2.44, 2.36, 2.32, 2.49, 2.63, 2.84, 3.15, 3.4, 3.66, 4.63, 5.58, 6.11, 6.33, 7.53, 8.75, 9.66, 10.83, 10.7, 10.88, 12.955], [1.62, 1.37, 1.38, 1.51, 1.51, 1.22, 1.69, 2.36, 1.78, 0, 1.24, 1.82, 2.09, 1.98, 1.8, 1.97, 2.0, 2.26, 2.28, 2.16, 2.2, 2.32, 2.25, 2.73, 2.6, 2.86, 3.55, 4.47, 4.7, 4.63, 5.08, 4.53, 4.59, 5.12, 5.53, 5.72, 5.93, 6.1, 6.16, 6.46, 7.18, 7.09, 7.27, 6.81, 6.78, 7.8, 7.18, 6.97, 5.47, 4.82, 5.03, 5.17, 4.41, 3.03, 3.01, 4.01, 4.61, 4.26, 3.51, 1.93, 2.95, 3.3, 2.78, 2.62, 2.92, 2.52, 2.3, 2.5, 2.52, 2.83, 3.23, 3.66, 4.19, 4.28, 4.92, 5.99, 6.84, 7.45, 7.97, 9.05, 10.13, 11.36, 12.55, 12.38, 12.551, 14.643], [1.74, 1.43, 1.54, 1.87, 1.51, 1.22, 2.05, 2.78, 2.42, 1.24, 0, 1.02, 1.91, 1.64, 1.06, 1.31, 1.82, 2.32, 2.4, 2.24, 2.44, 2.58, 2.63, 2.77, 2.4, 2.64, 3.29, 4.17, 4.58, 4.51, 4.96, 4.59, 4.67, 4.9, 5.43, 5.66, 5.87, 6.04, 6.16, 6.42, 7.2, 7.25, 7.43, 7.05, 7.08, 8.12, 7.74, 7.45, 5.99, 5.42, 5.51, 5.77, 5.13, 3.61, 2.67, 3.71, 4.37, 3.94, 2.97, 2.11, 3.35, 3.64, 3.18, 2.72, 3.1, 2.66, 1.98, 2.1, 2.3, 2.69, 3.49, 3.9, 4.51, 4.58, 5.3, 6.23, 7.48, 8.09, 8.51, 9.59, 10.83, 11.94, 12.95, 12.84, 12.98, 14.938], [1.9, 1.47, 1.72, 2.13, 1.67, 1.4, 2.01, 2.82, 2.82, 1.82, 1.02, 0, 1.29, 1.02, 1.04, 1.11, 1.4, 1.96, 1.96, 2.16, 2.38, 2.76, 2.99, 3.11, 2.88, 3.06, 3.69, 4.55, 4.98, 4.91, 5.34, 5.03, 5.17, 5.36, 5.83, 6.08, 6.27, 6.48, 6.58, 6.9, 7.62, 7.73, 7.93, 7.55, 7.6, 8.62, 8.24, 7.95, 6.47, 5.92, 6.03, 6.29, 5.69, 4.17, 3.09, 4.15, 4.79, 4.38, 3.47, 2.61, 3.45, 3.64, 3.28, 2.44, 2.66, 2.3, 1.8, 2.16, 2.2, 2.47, 3.39, 3.8, 4.25, 4.5, 5.44, 6.67, 8.02, 8.59, 8.91, 9.99, 11.31, 12.16, 13.03, 12.82, 13.04, 14.709], [1.57, 1.26, 1.83, 2.1, 1.86, 1.35, 1.72, 2.35, 2.59, 2.09, 1.91, 1.29, 0, 0.87, 1.81, 1.52, 1.21, 1.39, 1.53, 1.93, 2.19, 2.55, 2.84, 3.2, 3.49, 3.75, 4.5, 5.34, 5.65, 5.56, 6.05, 5.52, 5.58, 6.05, 6.44, 6.75, 6.86, 7.01, 7.03, 7.35, 8.01, 7.9, 8.06, 7.62, 7.67, 8.69, 8.23, 7.94, 6.44, 5.83, 6.0, 6.22, 5.54, 4.02, 4.04, 5.12, 5.78, 5.37, 4.4, 2.66, 3.24, 3.17, 2.87, 1.89, 1.83, 1.63, 1.65, 2.05, 1.91, 2.08, 3.04, 3.67, 3.86, 4.23, 5.21, 6.46, 7.85, 8.34, 8.6, 9.66, 10.92, 11.67, 12.4, 12.19, 12.45, 13.967], [1.76, 1.33, 1.86, 2.17, 1.99, 1.44, 1.85, 2.64, 2.66, 1.98, 1.64, 1.02, 0.87, 0, 1.28, 1.09, 1.1, 1.58, 1.64, 1.94, 2.12, 2.5, 2.79, 2.79, 2.9, 3.24, 3.91, 4.75, 5.02, 4.91, 5.44, 4.87, 4.97, 5.42, 5.81, 6.12, 6.23, 6.38, 6.42, 6.76, 7.44, 7.47, 7.59, 7.25, 7.28, 8.32, 7.92, 7.63, 6.15, 5.58, 5.69, 5.95, 5.35, 3.83, 3.45, 4.53, 5.13, 4.76, 3.85, 2.47, 3.27, 3.4, 3.02, 2.18, 2.24, 1.84, 1.72, 1.84, 1.8, 2.29, 3.13, 3.6, 3.91, 4.24, 5.2, 6.47, 7.86, 8.41, 8.67, 9.73, 11.05, 11.92, 12.79, 12.54, 12.78, 14.426], [2.08, 1.73, 1.66, 1.95, 1.69, 1.44, 2.17, 3.02, 2.72, 1.8, 1.06, 1.04, 1.81, 1.28, 0, 0.87, 1.8, 2.3, 2.28, 2.42, 2.6, 2.84, 2.85, 2.55, 2.3, 2.56, 3.25, 4.11, 4.52, 4.47, 4.9, 4.55, 4.63, 4.86, 5.37, 5.62, 5.81, 5.98, 6.1, 6.36, 7.16, 7.27, 7.41, 7.09, 7.1, 8.14, 7.92, 7.55, 6.13, 5.66, 5.77, 6.05, 5.51, 3.97, 2.67, 3.57, 4.21, 3.78, 2.79, 2.37, 3.63, 3.94, 3.36, 2.78, 3.12, 2.68, 1.98, 2.12, 2.28, 2.97, 3.61, 4.2, 4.77, 4.8, 5.46, 6.61, 7.88, 8.45, 8.81, 9.85, 11.13, 12.28, 13.33, 13.14, 13.24, 15.077], [1.81, 1.54, 1.83, 2.16, 1.82, 1.37, 1.88, 2.57, 2.59, 1.97, 1.31, 1.11, 1.52, 1.09, 0.87, 0, 1.29, 1.81, 1.79, 2.15, 2.41, 2.59, 2.72, 2.54, 2.29, 2.57, 3.22, 4.1, 4.53, 4.36, 4.81, 4.44, 4.6, 4.83, 5.32, 5.59, 5.78, 5.93, 6.05, 6.37, 7.09, 7.26, 7.36, 7.0, 6.99, 8.01, 7.65, 7.36, 5.98, 5.45, 5.48, 5.74, 5.22, 3.72, 2.78, 4.04, 4.6, 4.15, 3.28, 2.28, 3.34, 3.47, 2.99, 2.39, 2.69, 2.23, 1.65, 1.77, 1.85, 2.58, 3.26, 3.89, 4.28, 4.47, 5.21, 6.52, 7.79, 8.34, 8.62, 9.66, 10.94, 11.87, 12.9, 12.69, 12.81, 14.681], [1.56, 1.29, 1.66, 2.01, 1.79, 1.4, 1.35, 1.96, 2.16, 2.0, 1.82, 1.4, 1.21, 1.1, 1.8, 1.29, 0, 1.06, 1.44, 1.6, 1.84, 2.04, 2.51, 2.93, 3.06, 3.46, 4.07, 4.95, 5.26, 5.11, 5.62, 5.05, 5.15, 5.62, 6.03, 6.28, 6.47, 6.62, 6.68, 7.02, 7.7, 7.67, 7.79, 7.37, 7.34, 8.34, 7.88, 7.59, 6.23, 5.62, 5.71, 5.89, 5.25, 3.79, 3.77, 5.17, 5.65, 5.22, 4.33, 2.31, 2.61, 2.74, 2.38, 1.58, 1.66, 1.32, 1.3, 1.74, 1.78, 1.93, 2.51, 3.14, 3.37, 3.7, 4.62, 5.87, 7.28, 7.77, 8.03, 9.09, 10.41, 11.26, 12.15, 11.92, 12.12, 13.803], [1.44, 1.39, 1.96, 2.25, 2.07, 1.66, 1.23, 1.66, 2.04, 2.26, 2.32, 1.96, 1.39, 1.58, 2.3, 1.81, 1.06, 0, 1.18, 1.5, 1.62, 1.62, 2.05, 2.77, 3.26, 3.72, 4.33, 5.13, 5.18, 5.13, 6.0, 5.25, 5.21, 5.58, 5.95, 6.22, 6.27, 6.4, 6.36, 6.68, 7.32, 7.23, 7.39, 6.95, 7.0, 8.04, 7.48, 7.23, 5.69, 5.08, 5.25, 5.45, 4.71, 3.35, 4.35, 5.65, 6.27, 5.82, 4.87, 2.37, 2.09, 2.06, 1.82, 1.3, 1.34, 1.16, 1.46, 1.54, 1.46, 1.39, 1.89, 2.62, 2.83, 3.18, 4.08, 5.35, 6.72, 7.21, 7.47, 8.53, 9.79, 10.56, 11.41, 11.16, 11.42, 13.048], [1.72, 1.55, 2.1, 2.35, 2.23, 1.62, 1.47, 2.0, 2.44, 2.28, 2.4, 1.96, 1.53, 1.64, 2.28, 1.79, 1.44, 1.18, 0, 1.12, 1.34, 1.6, 1.71, 2.31, 2.78, 3.44, 3.97, 4.57, 4.54, 4.67, 5.74, 5.11, 4.93, 5.08, 5.41, 5.78, 5.75, 5.96, 6.04, 6.26, 6.96, 6.87, 7.09, 6.61, 6.64, 7.66, 7.04, 6.83, 5.25, 4.64, 4.85, 5.03, 4.33, 3.27, 4.15, 5.53, 6.13, 5.62, 4.51, 1.95, 2.09, 2.2, 1.92, 1.32, 1.34, 1.28, 1.26, 1.42, 1.3, 1.35, 1.99, 2.5, 2.81, 3.14, 4.06, 5.23, 6.6, 7.11, 7.37, 8.43, 9.71, 10.52, 11.35, 11.2, 11.36, 13.04], [1.74, 1.77, 2.22, 2.41, 2.41, 1.9, 1.65, 2.2, 2.38, 2.16, 2.24, 2.16, 1.93, 1.94, 2.42, 2.15, 1.6, 1.5, 1.12, 0, 0.68, 0.96, 1.23, 2.33, 2.98, 3.52, 4.15, 4.75, 4.66, 4.77, 5.7, 5.07, 4.95, 5.22, 5.57, 5.88, 5.85, 5.94, 5.96, 6.18, 6.86, 6.73, 6.95, 6.43, 6.46, 7.48, 6.86, 6.65, 5.05, 4.38, 4.67, 4.83, 4.05, 3.09, 4.15, 5.49, 6.05, 5.52, 4.39, 1.51, 1.83, 2.06, 1.68, 1.08, 1.22, 1.04, 1.42, 1.62, 1.68, 1.33, 1.83, 2.06, 2.65, 2.76, 3.62, 4.77, 6.14, 6.69, 7.05, 8.03, 9.37, 10.48, 11.41, 11.26, 11.4, 12.983], [1.92, 1.99, 2.34, 2.43, 2.65, 2.18, 1.63, 2.04, 2.22, 2.2, 2.44, 2.38, 2.19, 2.12, 2.6, 2.41, 1.84, 1.62, 1.34, 0.68, 0, 0.58, 1.07, 2.37, 3.08, 3.68, 4.23, 4.93, 4.74, 4.85, 5.84, 5.03, 4.97, 5.28, 5.61, 5.86, 5.89, 6.02, 6.04, 6.28, 6.98, 6.85, 7.07, 6.53, 6.54, 7.54, 6.92, 6.69, 5.09, 4.4, 4.71, 4.83, 3.99, 3.11, 4.27, 5.61, 6.17, 5.64, 4.51, 1.73, 1.85, 1.96, 1.76, 1.32, 1.34, 1.28, 1.8, 1.82, 1.9, 1.63, 1.95, 1.98, 2.59, 2.66, 3.5, 4.63, 5.98, 6.53, 6.93, 7.91, 9.25, 10.38, 11.33, 11.18, 11.3, 12.903], [1.88, 2.09, 2.36, 2.37, 2.67, 2.28, 1.67, 1.74, 1.94, 2.32, 2.58, 2.76, 2.55, 2.5, 2.84, 2.59, 2.04, 1.62, 1.6, 0.96, 0.58, 0, 1.09, 2.49, 3.22, 3.82, 4.39, 5.07, 4.9, 5.01, 6.06, 5.27, 5.11, 5.42, 5.73, 6.0, 5.97, 6.1, 6.1, 6.36, 7.0, 6.87, 7.07, 6.51, 6.52, 7.52, 6.9, 6.67, 5.07, 4.38, 4.69, 4.83, 4.01, 3.11, 4.47, 5.83, 6.41, 5.88, 4.75, 1.89, 1.65, 1.74, 1.52, 1.38, 1.44, 1.38, 1.98, 1.9, 2.04, 1.77, 1.83, 1.84, 2.43, 2.52, 3.16, 4.33, 5.64, 6.19, 6.59, 7.57, 8.91, 10.06, 11.07, 10.94, 11.0, 12.654], [2.13, 2.34, 2.57, 2.76, 2.86, 2.45, 2.06, 2.29, 2.41, 2.25, 2.63, 2.99, 2.84, 2.79, 2.85, 2.72, 2.51, 2.05, 1.71, 1.23, 1.07, 1.09, 0, 1.9, 2.59, 3.25, 3.82, 4.42, 4.29, 4.44, 5.45, 4.7, 4.56, 4.85, 5.14, 5.47, 5.44, 5.55, 5.53, 5.75, 6.33, 6.2, 6.34, 5.8, 5.75, 6.67, 6.03, 5.8, 4.2, 3.53, 3.82, 3.94, 3.22, 2.56, 3.92, 5.28, 5.84, 5.33, 4.2, 1.68, 1.98, 2.25, 1.77, 1.91, 1.95, 1.99, 2.13, 2.05, 2.01, 1.9, 2.0, 2.33, 2.88, 2.93, 3.49, 4.56, 5.71, 6.26, 6.78, 7.74, 9.0, 10.33, 11.4, 11.25, 11.29, 13.149], [2.99, 2.98, 3.39, 3.64, 3.52, 2.93, 2.88, 3.47, 3.29, 2.73, 2.77, 3.11, 3.2, 2.79, 2.55, 2.54, 2.93, 2.77, 2.31, 2.33, 2.37, 2.49, 1.9, 0, 1.19, 1.65, 2.12, 2.8, 2.73, 2.8, 3.91, 3.18, 2.98, 3.19, 3.6, 3.85, 3.86, 4.09, 4.13, 4.33, 5.03, 4.94, 5.12, 4.62, 4.65, 5.69, 5.49, 5.1, 3.84, 3.33, 3.42, 3.7, 3.36, 2.16, 3.02, 3.74, 4.3, 3.81, 2.86, 2.1, 3.26, 3.69, 3.13, 3.09, 3.21, 3.03, 2.57, 2.25, 2.41, 2.62, 3.24, 3.79, 4.36, 4.43, 5.05, 6.08, 7.07, 7.66, 8.22, 9.2, 10.34, 11.77, 12.92, 12.69, 12.787, 14.724], [3.3, 3.15, 3.4, 3.73, 3.39, 3.02, 3.27, 3.9, 3.54, 2.6, 2.4, 2.88, 3.49, 2.9, 2.3, 2.29, 3.06, 3.26, 2.78, 2.98, 3.08, 3.22, 2.59, 1.19, 0, 0.88, 1.53, 2.33, 2.52, 2.55, 3.34, 2.83, 2.75, 2.88, 3.33, 3.54, 3.79, 3.96, 4.14, 4.36, 5.12, 5.25, 5.39, 5.05, 5.0, 5.98, 5.74, 5.41, 4.19, 3.68, 3.75, 4.05, 3.71, 2.55, 2.43, 3.03, 3.63, 3.24, 2.35, 2.43, 4.05, 4.42, 3.82, 3.66, 3.88, 3.58, 2.86, 2.54, 2.66, 3.35, 4.07, 4.58, 5.13, 5.24, 5.86, 6.81, 7.74, 8.33, 8.87, 9.85, 10.91, 12.38, 13.59, 13.4, 13.489, 15.53], [3.66, 3.47, 3.7, 4.01, 3.65, 3.28, 3.59, 4.28, 3.96, 2.86, 2.64, 3.06, 3.75, 3.24, 2.56, 2.57, 3.46, 3.72, 3.44, 3.52, 3.68, 3.82, 3.25, 1.65, 0.88, 0, 1.05, 1.85, 2.14, 2.19, 2.66, 2.27, 2.25, 2.6, 2.99, 3.16, 3.41, 3.62, 3.76, 4.24, 5.08, 5.27, 5.37, 5.09, 5.1, 6.14, 6.02, 5.55, 4.43, 3.98, 4.01, 4.39, 3.93, 2.69, 2.35, 2.37, 2.95, 2.52, 1.83, 2.85, 4.67, 5.02, 4.38, 4.08, 4.4, 4.02, 3.26, 3.0, 3.26, 4.01, 4.75, 5.26, 5.81, 5.92, 6.54, 7.49, 8.42, 8.99, 9.53, 10.53, 11.59, 13.04, 14.25, 14.08, 14.149, 16.21], [4.45, 4.3, 4.49, 4.82, 4.36, 3.99, 4.34, 4.81, 4.49, 3.55, 3.29, 3.69, 4.5, 3.91, 3.25, 3.22, 4.07, 4.33, 3.97, 4.15, 4.23, 4.39, 3.82, 2.12, 1.53, 1.05, 0, 1.14, 1.47, 1.74, 2.11, 1.92, 1.82, 1.93, 2.24, 2.49, 2.92, 3.11, 3.15, 3.73, 4.61, 4.8, 4.88, 4.68, 4.75, 5.85, 5.77, 5.24, 4.22, 3.83, 3.8, 4.08, 3.8, 2.6, 2.22, 2.36, 2.62, 2.25, 1.96, 3.26, 4.92, 5.35, 4.89, 4.75, 5.03, 4.69, 3.99, 3.49, 3.47, 4.38, 5.12, 5.73, 6.22, 6.29, 6.95, 8.0, 8.89, 9.44, 9.98, 11.06, 12.08, 13.21, 14.44, 14.384, 14.561, 16.704], [5.27, 5.1, 5.27, 5.62, 5.2, 4.83, 5.18, 5.63, 5.35, 4.47, 4.17, 4.55, 5.34, 4.75, 4.11, 4.1, 4.95, 5.13, 4.57, 4.75, 4.93, 5.07, 4.42, 2.8, 2.33, 1.85, 1.14, 0, 0.93, 1.12, 1.51, 1.54, 1.4, 1.59, 1.54, 1.79, 2.2, 2.39, 2.49, 3.03, 3.83, 4.1, 4.16, 4.16, 4.33, 5.37, 5.25, 4.7, 3.82, 3.55, 3.4, 3.76, 3.66, 2.84, 2.54, 2.5, 2.88, 2.55, 2.42, 3.96, 5.52, 5.91, 5.51, 5.49, 5.63, 5.35, 4.67, 4.19, 4.15, 4.94, 5.68, 6.29, 6.84, 6.87, 7.49, 8.52, 9.41, 9.96, 10.5, 11.56, 12.553, 13.61, 14.92, 14.947, 15.049, 17.227], [5.42, 5.35, 5.66, 5.95, 5.59, 5.16, 5.35, 5.8, 5.46, 4.7, 4.58, 4.98, 5.65, 5.02, 4.52, 4.53, 5.26, 5.18, 4.54, 4.66, 4.74, 4.9, 4.29, 2.73, 2.52, 2.14, 1.47, 0.93, 0, 1.03, 1.8, 1.75, 1.41, 1.38, 1.23, 1.54, 1.81, 2.16, 2.14, 2.5, 3.42, 3.59, 3.75, 3.73, 3.88, 4.92, 4.8, 4.25, 3.35, 3.1, 2.95, 3.27, 3.23, 2.83, 3.09, 3.11, 3.41, 3.14, 2.75, 3.95, 5.09, 5.62, 5.28, 5.38, 5.56, 5.34, 4.68, 4.1, 4.12, 4.49, 5.17, 5.74, 6.31, 6.36, 6.96, 7.95, 8.84, 9.39, 9.93, 10.99, 11.983, 13.12, 14.41, 14.414, 14.511, 16.66], [5.41, 5.34, 5.63, 5.94, 5.56, 5.15, 5.32, 5.81, 5.43, 4.63, 4.51, 4.91, 5.56, 4.91, 4.47, 4.36, 5.11, 5.13, 4.67, 4.77, 4.85, 5.01, 4.44, 2.8, 2.55, 2.19, 1.74, 1.12, 1.03, 0, 1.33, 1.26, 1.04, 1.31, 1.48, 1.57, 1.88, 1.89, 1.87, 2.31, 3.17, 3.48, 3.52, 3.6, 3.75, 4.75, 4.63, 4.12, 3.36, 3.15, 2.96, 3.2, 3.24, 2.6, 2.9, 3.22, 3.5, 3.19, 2.82, 3.94, 5.3, 5.79, 5.27, 5.37, 5.51, 5.27, 4.63, 4.23, 4.27, 4.78, 5.44, 6.05, 6.58, 6.61, 7.25, 8.3, 9.19, 9.74, 10.3, 11.34, 12.322, 13.51, 14.8, 14.71, 14.85, 17.019], [6.08, 5.91, 6.08, 6.39, 6.01, 5.62, 5.99, 6.48, 6.1, 5.08, 4.96, 5.34, 6.05, 5.44, 4.9, 4.81, 5.62, 6.0, 5.74, 5.7, 5.84, 6.06, 5.45, 3.91, 3.34, 2.66, 2.11, 1.51, 1.8, 1.33, 0, 1.17, 1.31, 1.76, 1.59, 1.38, 2.13, 2.12, 2.04, 2.66, 3.48, 3.85, 3.99, 4.13, 4.26, 5.16, 5.12, 4.73, 4.19, 4.1, 3.83, 3.73, 4.17, 3.53, 3.17, 3.25, 3.31, 3.12, 3.03, 4.69, 6.49, 6.88, 6.36, 6.2, 6.5, 6.12, 5.36, 5.14, 5.18, 6.01, 6.69, 7.34, 7.83, 7.9, 8.52, 9.57, 10.44, 10.99, 11.53, 12.59, 13.566, 14.64, 15.95, 15.917, 16.082, 18.234], [5.35, 5.3, 5.65, 5.92, 5.64, 5.11, 5.26, 5.77, 5.39, 4.53, 4.59, 5.03, 5.52, 4.87, 4.55, 4.44, 5.05, 5.25, 5.11, 5.07, 5.03, 5.27, 4.7, 3.18, 2.83, 2.27, 1.92, 1.54, 1.75, 1.26, 1.17, 0, 0.84, 1.69, 1.7, 1.59, 1.86, 1.95, 1.89, 2.51, 3.23, 3.56, 3.66, 3.72, 3.85, 4.73, 4.63, 4.2, 3.52, 3.31, 3.24, 3.3, 3.36, 2.64, 2.84, 3.02, 3.4, 3.07, 2.92, 4.02, 5.66, 6.07, 5.59, 5.51, 5.77, 5.51, 4.85, 4.35, 4.37, 5.24, 5.92, 6.57, 7.06, 7.13, 7.75, 8.8, 9.67, 10.22, 10.76, 11.82, 12.787, 13.71, 15.11, 15.126, 15.291, 17.44], [5.39, 5.32, 5.69, 5.96, 5.68, 5.17, 5.28, 5.75, 5.35, 4.59, 4.67, 5.17, 5.58, 4.97, 4.63, 4.6, 5.15, 5.21, 4.93, 4.95, 4.97, 5.11, 4.56, 2.98, 2.75, 2.25, 1.82, 1.4, 1.41, 1.04, 1.31, 0.84, 0, 1.27, 1.32, 1.39, 1.68, 1.75, 1.69, 2.23, 3.09, 3.32, 3.42, 3.48, 3.59, 4.57, 4.45, 3.96, 3.26, 3.23, 2.98, 3.08, 3.26, 2.66, 3.02, 3.26, 3.64, 3.39, 3.14, 4.0, 5.6, 5.99, 5.51, 5.49, 5.69, 5.41, 4.77, 4.25, 4.35, 5.08, 5.88, 6.43, 6.94, 7.05, 7.69, 8.7, 9.59, 10.14, 10.68, 11.74, 12.71, 13.67, 15.048, 15.106, 15.252, 17.378], [5.9, 5.83, 6.08, 6.39, 5.97, 5.6, 5.81, 6.26, 5.88, 5.12, 4.9, 5.36, 6.05, 5.42, 4.86, 4.83, 5.62, 5.58, 5.08, 5.22, 5.28, 5.42, 4.85, 3.19, 2.88, 2.6, 1.93, 1.59, 1.38, 1.31, 1.76, 1.69, 1.27, 0, 0.85, 1.26, 1.25, 1.4, 1.58, 1.9, 2.74, 2.95, 2.99, 2.93, 3.06, 4.16, 4.08, 3.61, 3.09, 3.2, 2.93, 2.81, 3.19, 3.01, 3.23, 3.53, 3.93, 3.62, 3.39, 4.41, 5.63, 6.18, 5.82, 5.92, 6.08, 5.86, 5.22, 4.62, 4.5, 5.11, 5.77, 6.4, 6.93, 6.98, 7.6, 8.65, 9.54, 10.09, 10.63, 11.69, 12.675, 13.58, 14.972, 15.007, 15.173, 17.331], [6.25, 6.18, 6.45, 6.76, 6.42, 5.97, 6.18, 6.61, 6.29, 5.53, 5.43, 5.83, 6.44, 5.81, 5.37, 5.32, 6.03, 5.95, 5.41, 5.57, 5.61, 5.73, 5.14, 3.6, 3.33, 2.99, 2.24, 1.54, 1.23, 1.48, 1.59, 1.7, 1.32, 0.85, 0, 1.03, 1.22, 1.41, 1.53, 1.99, 2.79, 3.04, 3.14, 3.12, 3.27, 4.35, 4.23, 3.74, 3.3, 3.39, 3.12, 2.96, 3.52, 3.36, 3.62, 3.68, 3.94, 3.75, 3.58, 4.74, 5.98, 6.43, 6.15, 6.27, 6.41, 6.21, 5.57, 4.99, 4.87, 5.38, 6.1, 6.73, 7.28, 7.31, 7.91, 8.94, 9.81, 10.36, 10.9, 11.96, 12.953, 13.843, 15.242, 15.317, 15.443, 17.61], [6.54, 6.49, 6.8, 7.09, 6.73, 6.3, 6.43, 6.9, 6.5, 5.72, 5.66, 6.08, 6.75, 6.12, 5.62, 5.59, 6.28, 6.22, 5.78, 5.88, 5.86, 6.0, 5.47, 3.85, 3.54, 3.16, 2.49, 1.79, 1.54, 1.57, 1.38, 1.59, 1.39, 1.26, 1.03, 0, 1.11, 1.2, 1.3, 1.78, 2.56, 2.81, 3.03, 3.23, 3.38, 4.22, 4.2, 3.95, 3.67, 3.7, 3.39, 3.31, 3.81, 3.65, 3.85, 3.93, 4.17, 3.9, 3.83, 5.07, 6.23, 6.7, 6.34, 6.48, 6.72, 6.54, 5.86, 5.22, 5.2, 5.73, 6.45, 7.04, 7.55, 7.66, 8.26, 9.27, 10.14, 10.69, 11.23, 12.29, 13.266, 14.18, 15.592, 15.647, 15.79, 17.928], [6.59, 6.56, 6.91, 7.16, 6.84, 6.37, 6.52, 6.93, 6.65, 5.93, 5.87, 6.27, 6.86, 6.23, 5.81, 5.78, 6.47, 6.27, 5.75, 5.85, 5.89, 5.97, 5.44, 3.86, 3.79, 3.41, 2.92, 2.2, 1.81, 1.88, 2.13, 1.86, 1.68, 1.25, 1.22, 1.11, 0, 0.65, 1.01, 1.23, 1.77, 1.98, 2.18, 2.36, 2.55, 3.35, 3.41, 3.36, 3.34, 3.43, 3.14, 2.94, 3.58, 3.62, 4.1, 4.24, 4.86, 4.45, 4.18, 5.04, 6.08, 6.61, 6.33, 6.49, 6.65, 6.51, 5.87, 5.23, 5.17, 5.56, 6.18, 6.79, 7.34, 7.39, 7.97, 8.98, 9.83, 10.38, 10.92, 11.98, 12.976, 13.866, 15.279, 15.375, 15.46, 17.633], [6.8, 6.77, 7.06, 7.37, 7.01, 6.58, 6.69, 7.12, 6.82, 6.1, 6.04, 6.48, 7.01, 6.38, 5.98, 5.93, 6.62, 6.4, 5.96, 5.94, 6.02, 6.1, 5.55, 4.09, 3.96, 3.62, 3.11, 2.39, 2.16, 1.89, 2.12, 1.95, 1.75, 1.4, 1.41, 1.2, 0.65, 0, 0.74, 1.12, 1.54, 1.79, 2.03, 2.33, 2.52, 3.3, 3.44, 3.43, 3.41, 3.5, 3.21, 3.01, 3.61, 3.63, 4.27, 4.45, 4.99, 4.6, 4.33, 5.09, 6.13, 6.62, 6.32, 6.54, 6.74, 6.62, 6.0, 5.4, 5.32, 5.63, 6.25, 6.88, 7.43, 7.46, 8.04, 9.09, 9.96, 10.51, 11.05, 12.11, 13.101, 13.991, 15.383, 15.445, 15.585, 17.754], [6.76, 6.77, 7.16, 7.43, 7.13, 6.62, 6.69, 7.08, 6.8, 6.16, 6.16, 6.58, 7.03, 6.42, 6.1, 6.05, 6.68, 6.36, 6.04, 5.96, 6.04, 6.1, 5.53, 4.13, 4.14, 3.76, 3.15, 2.49, 2.14, 1.87, 2.04, 1.89, 1.69, 1.58, 1.53, 1.3, 1.01, 0.74, 0, 0.82, 1.5, 1.85, 2.09, 2.33, 2.5, 3.34, 3.54, 3.43, 3.19, 3.26, 3.01, 2.79, 3.43, 3.59, 4.41, 4.61, 4.99, 4.68, 4.25, 4.99, 5.91, 6.42, 6.2, 6.4, 6.72, 6.62, 6.06, 5.38, 5.3, 5.57, 6.07, 6.7, 7.21, 7.26, 7.8, 8.83, 9.7, 10.25, 10.79, 11.85, 12.843, 13.76, 15.132, 15.21, 15.336, 17.5], [7.04, 7.05, 7.44, 7.71, 7.41, 6.92, 6.99, 7.38, 7.08, 6.46, 6.42, 6.9, 7.35, 6.76, 6.36, 6.37, 7.02, 6.68, 6.26, 6.18, 6.28, 6.36, 5.75, 4.33, 4.36, 4.24, 3.73, 3.03, 2.5, 2.31, 2.66, 2.51, 2.23, 1.9, 1.99, 1.78, 1.23, 1.12, 0.82, 0, 1.06, 1.37, 1.61, 1.83, 2.0, 2.76, 2.98, 2.97, 2.85, 3.02, 2.81, 2.51, 3.41, 3.89, 4.83, 5.19, 5.59, 5.24, 4.75, 5.15, 5.91, 6.52, 6.36, 6.64, 6.98, 6.9, 6.34, 5.68, 5.58, 5.67, 5.87, 6.46, 6.93, 6.98, 7.52, 8.49, 9.34, 9.87, 10.39, 11.45, 12.443, 13.36, 14.752, 14.85, 14.956, 17.106], [7.7, 7.75, 8.18, 8.45, 8.15, 7.64, 7.69, 8.0, 7.72, 7.18, 7.2, 7.62, 8.01, 7.44, 7.16, 7.09, 7.7, 7.32, 6.96, 6.86, 6.98, 7.0, 6.33, 5.03, 5.12, 5.08, 4.61, 3.83, 3.42, 3.17, 3.48, 3.23, 3.09, 2.74, 2.79, 2.56, 1.77, 1.54, 1.5, 1.06, 0, 0.89, 1.13, 1.69, 1.74, 2.22, 2.8, 2.91, 3.11, 3.44, 3.13, 2.87, 3.83, 4.31, 5.37, 5.89, 6.47, 6.06, 5.67, 5.81, 6.49, 7.12, 6.96, 7.3, 7.64, 7.58, 7.08, 6.38, 6.22, 6.27, 6.33, 6.78, 7.29, 7.2, 7.74, 8.75, 9.6, 10.13, 10.65, 11.71, 12.703, 13.587, 14.98, 15.056, 15.172, 17.354], [7.57, 7.66, 8.11, 8.36, 8.12, 7.55, 7.6, 7.87, 7.59, 7.09, 7.25, 7.73, 7.9, 7.47, 7.27, 7.26, 7.67, 7.23, 6.87, 6.73, 6.85, 6.87, 6.2, 4.94, 5.25, 5.27, 4.8, 4.1, 3.59, 3.48, 3.85, 3.56, 3.32, 2.95, 3.04, 2.81, 1.98, 1.79, 1.85, 1.37, 0.89, 0, 0.88, 1.4, 1.41, 1.95, 2.59, 2.76, 2.92, 3.27, 2.92, 2.74, 3.66, 4.26, 5.64, 6.1, 6.72, 6.27, 5.84, 5.68, 6.3, 6.91, 6.81, 7.15, 7.51, 7.45, 7.05, 6.33, 6.23, 6.14, 6.08, 6.55, 7.02, 7.03, 7.55, 8.54, 9.39, 9.92, 10.44, 11.5, 12.493, 13.38, 14.779, 14.872, 14.974, 17.15], [7.79, 7.88, 8.33, 8.58, 8.34, 7.77, 7.8, 8.07, 7.71, 7.27, 7.43, 7.93, 8.06, 7.59, 7.41, 7.36, 7.79, 7.39, 7.09, 6.95, 7.07, 7.07, 6.34, 5.12, 5.39, 5.37, 4.88, 4.16, 3.75, 3.52, 3.99, 3.66, 3.42, 2.99, 3.14, 3.03, 2.18, 2.03, 2.09, 1.61, 1.13, 0.88, 0, 1.1, 1.17, 1.61, 2.11, 2.32, 2.78, 3.27, 2.88, 2.7, 3.64, 4.34, 5.6, 6.18, 6.72, 6.29, 5.96, 5.86, 6.38, 7.01, 6.91, 7.37, 7.73, 7.67, 7.27, 6.53, 6.41, 6.32, 6.14, 6.55, 6.94, 6.89, 7.45, 8.48, 9.33, 9.86, 10.34, 11.4, 12.388, 13.265, 14.658, 14.671, 14.845, 17.026], [7.25, 7.42, 7.89, 8.06, 7.9, 7.27, 7.32, 7.49, 7.19, 6.81, 7.05, 7.55, 7.62, 7.25, 7.09, 7.0, 7.37, 6.95, 6.61, 6.43, 6.53, 6.51, 5.8, 4.62, 5.05, 5.09, 4.68, 4.16, 3.73, 3.6, 4.13, 3.72, 3.48, 2.93, 3.12, 3.23, 2.36, 2.33, 2.33, 1.83, 1.69, 1.4, 1.1, 0, 0.71, 1.59, 1.53, 1.64, 2.04, 2.55, 2.22, 2.06, 3.04, 3.8, 5.28, 5.9, 6.6, 6.09, 5.74, 5.4, 5.78, 6.41, 6.31, 6.85, 7.17, 7.21, 6.87, 6.19, 6.07, 5.84, 5.56, 5.83, 6.16, 6.09, 6.59, 7.62, 8.47, 8.98, 9.44, 10.46, 11.44, 12.302, 13.695, 13.711, 13.885, 16.066], [7.28, 7.45, 7.92, 8.09, 7.93, 7.3, 7.35, 7.48, 7.2, 6.78, 7.08, 7.6, 7.67, 7.28, 7.1, 6.99, 7.34, 7.0, 6.64, 6.46, 6.54, 6.52, 5.75, 4.65, 5.0, 5.1, 4.75, 4.33, 3.88, 3.75, 4.26, 3.85, 3.59, 3.06, 3.27, 3.38, 2.55, 2.52, 2.5, 2.0, 1.74, 1.41, 1.17, 0.71, 0, 1.36, 1.74, 1.83, 2.11, 2.58, 2.19, 1.97, 2.95, 3.81, 5.21, 5.99, 6.65, 6.16, 5.81, 5.41, 5.71, 6.38, 6.3, 6.86, 7.18, 7.24, 6.92, 6.22, 6.1, 5.87, 5.57, 5.94, 6.25, 6.26, 6.8, 7.83, 8.68, 9.19, 9.67, 10.67, 11.646, 12.521, 13.914, 13.935, 14.1, 16.282], [8.3, 8.49, 8.94, 9.11, 8.97, 8.32, 8.37, 8.48, 8.2, 7.8, 8.12, 8.62, 8.69, 8.32, 8.14, 8.01, 8.34, 8.04, 7.66, 7.48, 7.54, 7.52, 6.67, 5.69, 5.98, 6.14, 5.85, 5.37, 4.92, 4.75, 5.16, 4.73, 4.57, 4.16, 4.35, 4.22, 3.35, 3.3, 3.34, 2.76, 2.22, 1.95, 1.61, 1.59, 1.36, 0, 1.56, 2.05, 2.81, 3.48, 3.09, 2.89, 3.77, 4.83, 6.25, 7.03, 7.71, 7.26, 6.93, 6.49, 6.73, 7.38, 7.26, 7.86, 8.2, 8.26, 7.94, 7.26, 7.14, 6.89, 6.55, 6.92, 7.07, 6.94, 7.3, 8.33, 9.18, 9.71, 10.17, 11.19, 12.157, 13.017, 14.41, 14.413, 14.582, 16.764], [7.68, 7.93, 8.32, 8.49, 8.39, 7.74, 7.75, 7.86, 7.58, 7.18, 7.74, 8.24, 8.23, 7.92, 7.92, 7.65, 7.88, 7.48, 7.04, 6.86, 6.92, 6.9, 6.03, 5.49, 5.74, 6.02, 5.77, 5.25, 4.8, 4.63, 5.12, 4.63, 4.45, 4.08, 4.23, 4.2, 3.41, 3.44, 3.54, 2.98, 2.8, 2.59, 2.11, 1.53, 1.74, 1.56, 0, 1.01, 1.91, 2.64, 2.29, 2.15, 3.01, 4.25, 5.95, 6.95, 7.61, 7.16, 6.85, 5.93, 6.07, 6.7, 6.62, 7.28, 7.6, 7.74, 7.5, 6.9, 6.74, 6.43, 5.91, 6.06, 6.13, 5.88, 5.98, 6.99, 7.8, 8.31, 8.77, 9.73, 10.67, 11.527, 12.92, 12.906, 13.092, 15.275], [7.45, 7.68, 8.11, 8.26, 8.16, 7.49, 7.52, 7.61, 7.35, 6.97, 7.45, 7.95, 7.94, 7.63, 7.55, 7.36, 7.59, 7.23, 6.83, 6.65, 6.69, 6.67, 5.8, 5.1, 5.41, 5.55, 5.24, 4.7, 4.25, 4.12, 4.73, 4.2, 3.96, 3.61, 3.74, 3.95, 3.36, 3.43, 3.43, 2.97, 2.91, 2.76, 2.32, 1.64, 1.83, 2.05, 1.01, 0, 1.7, 2.39, 2.16, 2.06, 2.78, 4.0, 5.64, 6.44, 7.08, 6.63, 6.32, 5.68, 5.9, 6.51, 6.39, 7.03, 7.37, 7.47, 7.21, 6.59, 6.45, 6.14, 5.66, 5.89, 5.98, 5.71, 5.79, 6.68, 7.53, 8.06, 8.52, 9.48, 10.42, 11.263, 12.636, 12.628, 12.834, 14.997], [5.85, 6.1, 6.51, 6.66, 6.56, 5.93, 5.92, 6.01, 5.81, 5.47, 5.99, 6.47, 6.44, 6.15, 6.13, 5.98, 6.23, 5.69, 5.25, 5.05, 5.09, 5.07, 4.2, 3.84, 4.19, 4.43, 4.22, 3.82, 3.35, 3.36, 4.19, 3.52, 3.26, 3.09, 3.3, 3.67, 3.34, 3.41, 3.19, 2.85, 3.11, 2.92, 2.78, 2.04, 2.11, 2.81, 1.91, 1.7, 0, 0.97, 0.84, 0.96, 1.34, 2.6, 4.44, 5.38, 6.2, 5.71, 5.2, 4.18, 4.36, 4.89, 4.83, 5.45, 5.77, 5.91, 5.69, 5.09, 4.93, 4.62, 4.12, 4.27, 4.5, 4.39, 4.89, 5.92, 6.77, 7.3, 7.78, 8.76, 9.74, 10.65, 12.013, 12.055, 12.217, 14.378], [5.2, 5.47, 5.86, 5.99, 5.93, 5.36, 5.23, 5.32, 5.1, 4.82, 5.42, 5.92, 5.83, 5.58, 5.66, 5.45, 5.62, 5.08, 4.64, 4.38, 4.4, 4.38, 3.53, 3.33, 3.68, 3.98, 3.83, 3.55, 3.1, 3.15, 4.1, 3.31, 3.23, 3.2, 3.39, 3.7, 3.43, 3.5, 3.26, 3.02, 3.44, 3.27, 3.27, 2.55, 2.58, 3.48, 2.64, 2.39, 0.97, 0, 0.89, 1.01, 1.07, 2.15, 4.03, 5.01, 5.83, 5.38, 4.79, 3.59, 3.71, 4.22, 4.2, 4.84, 5.14, 5.3, 5.12, 4.6, 4.38, 4.03, 3.67, 3.96, 4.21, 4.16, 4.74, 5.77, 6.62, 7.15, 7.63, 8.65, 9.638, 10.56, 11.941, 11.953, 12.136, 14.291], [5.47, 5.7, 6.13, 6.28, 6.18, 5.51, 5.54, 5.63, 5.37, 5.03, 5.51, 6.03, 6.0, 5.69, 5.77, 5.48, 5.71, 5.25, 4.85, 4.67, 4.71, 4.69, 3.82, 3.42, 3.75, 4.01, 3.8, 3.4, 2.95, 2.96, 3.83, 3.24, 2.98, 2.93, 3.12, 3.39, 3.14, 3.21, 3.01, 2.81, 3.13, 2.92, 2.88, 2.22, 2.19, 3.09, 2.29, 2.16, 0.84, 0.89, 0, 0.86, 1.08, 2.12, 3.96, 4.96, 5.74, 5.23, 4.84, 3.76, 3.98, 4.53, 4.45, 5.03, 5.39, 5.51, 5.29, 4.71, 4.51, 4.2, 3.88, 4.29, 4.62, 4.55, 5.17, 6.2, 7.01, 7.54, 8.02, 9.06, 10.042, 10.97, 12.345, 12.346, 12.526, 14.68], [5.63, 5.9, 6.29, 6.44, 6.36, 5.73, 5.66, 5.75, 5.49, 5.17, 5.77, 6.29, 6.22, 5.95, 6.05, 5.74, 5.89, 5.45, 5.03, 4.83, 4.83, 4.83, 3.94, 3.7, 4.05, 4.39, 4.08, 3.76, 3.27, 3.2, 3.73, 3.3, 3.08, 2.81, 2.96, 3.31, 2.94, 3.01, 2.79, 2.51, 2.87, 2.74, 2.7, 2.06, 1.97, 2.89, 2.15, 2.06, 0.96, 1.01, 0.86, 0, 1.24, 2.34, 4.22, 5.38, 6.04, 5.57, 5.1, 3.98, 4.12, 4.67, 4.61, 5.21, 5.57, 5.71, 5.51, 4.97, 4.75, 4.42, 4.08, 4.45, 4.72, 4.75, 5.33, 6.38, 7.21, 7.74, 8.22, 9.28, 10.258, 11.19, 12.542, 12.58, 12.746, 14.897], [4.91, 5.12, 5.47, 5.58, 5.58, 5.11, 4.8, 4.89, 4.63, 4.41, 5.13, 5.69, 5.54, 5.35, 5.51, 5.22, 5.25, 4.71, 4.33, 4.05, 3.99, 4.01, 3.22, 3.36, 3.71, 3.93, 3.8, 3.66, 3.23, 3.24, 4.17, 3.36, 3.26, 3.19, 3.52, 3.81, 3.58, 3.61, 3.43, 3.41, 3.83, 3.66, 3.64, 3.04, 2.95, 3.77, 3.01, 2.78, 1.34, 1.07, 1.08, 1.24, 0, 1.74, 3.7, 4.98, 5.8, 5.27, 4.84, 3.5, 3.42, 3.97, 3.97, 4.53, 4.79, 4.95, 4.89, 4.41, 4.11, 3.84, 3.56, 3.85, 4.1, 4.07, 4.65, 5.68, 6.55, 7.1, 7.64, 8.7, 9.679, 10.61, 11.962, 11.986, 12.16, 14.32], [3.55, 3.7, 4.13, 4.28, 4.18, 3.59, 3.54, 3.81, 3.49, 3.03, 3.61, 4.17, 4.02, 3.83, 3.97, 3.72, 3.79, 3.35, 3.27, 3.09, 3.11, 3.11, 2.56, 2.16, 2.55, 2.69, 2.6, 2.84, 2.83, 2.6, 3.53, 2.64, 2.66, 3.01, 3.36, 3.65, 3.62, 3.63, 3.59, 3.89, 4.31, 4.26, 4.34, 3.8, 3.81, 4.83, 4.25, 4.0, 2.6, 2.15, 2.12, 2.34, 1.74, 0, 2.32, 3.66, 4.52, 3.99, 3.54, 2.32, 3.24, 3.65, 3.23, 3.47, 3.71, 3.59, 3.41, 3.09, 2.87, 3.08, 3.52, 4.11, 4.66, 4.67, 5.31, 6.36, 7.25, 7.8, 8.34, 9.4, 10.382, 11.37, 12.72, 12.703, 12.854, 15.029], [4.17, 3.92, 3.77, 4.1, 3.72, 3.55, 4.18, 4.81, 4.29, 3.01, 2.67, 3.09, 4.04, 3.45, 2.67, 2.78, 3.77, 4.35, 4.15, 4.15, 4.27, 4.47, 3.92, 3.02, 2.43, 2.35, 2.22, 2.54, 3.09, 2.9, 3.17, 2.84, 3.02, 3.23, 3.62, 3.85, 4.1, 4.27, 4.41, 4.83, 5.37, 5.64, 5.6, 5.28, 5.21, 6.25, 5.95, 5.64, 4.44, 4.03, 3.96, 4.22, 3.7, 2.32, 0, 2.04, 2.86, 2.43, 2.2, 3.12, 4.96, 5.37, 4.89, 4.63, 5.03, 4.59, 3.69, 3.53, 3.59, 4.46, 5.18, 5.81, 6.3, 6.37, 7.03, 8.08, 8.97, 9.52, 10.06, 11.12, 12.099, 13.05, 14.44, 14.388, 14.553, 16.735], [5.29, 4.98, 4.79, 5.08, 4.64, 4.61, 5.46, 6.11, 5.49, 4.01, 3.71, 4.15, 5.12, 4.53, 3.57, 4.04, 5.17, 5.65, 5.53, 5.49, 5.61, 5.83, 5.28, 3.74, 3.03, 2.37, 2.36, 2.5, 3.11, 3.22, 3.25, 3.02, 3.26, 3.53, 3.68, 3.93, 4.24, 4.45, 4.61, 5.19, 5.89, 6.1, 6.18, 5.9, 5.99, 7.03, 6.95, 6.44, 5.38, 5.01, 4.96, 5.38, 4.98, 3.66, 2.04, 0, 1.24, 1.11, 1.64, 4.5, 6.32, 6.73, 6.25, 5.99, 6.37, 5.95, 5.07, 4.89, 4.95, 5.84, 6.56, 7.17, 7.7, 7.75, 8.39, 9.44, 10.33, 10.88, 11.42, 12.48, 13.48, 14.49, 15.82, 15.792, 15.946, 18.118], [5.97, 5.6, 5.41, 5.7, 5.28, 5.27, 6.12, 6.75, 6.15, 4.61, 4.37, 4.79, 5.78, 5.13, 4.21, 4.6, 5.65, 6.27, 6.13, 6.05, 6.17, 6.41, 5.84, 4.3, 3.63, 2.95, 2.62, 2.88, 3.41, 3.5, 3.31, 3.4, 3.64, 3.93, 3.94, 4.17, 4.86, 4.99, 4.99, 5.59, 6.47, 6.72, 6.72, 6.6, 6.65, 7.71, 7.61, 7.08, 6.2, 5.83, 5.74, 6.04, 5.8, 4.52, 2.86, 1.24, 0, 0.77, 1.9, 5.1, 6.92, 7.27, 6.83, 6.53, 6.93, 6.51, 5.65, 5.53, 5.59, 6.4, 7.08, 7.73, 8.22, 8.29, 8.93, 9.98, 10.87, 11.44, 11.98, 13.02, 14.04, 15.15, 16.46, 16.35, 16.52, 18.655], [5.54, 5.23, 5.04, 5.33, 4.89, 4.84, 5.65, 6.28, 5.68, 4.26, 3.94, 4.38, 5.37, 4.76, 3.78, 4.15, 5.22, 5.82, 5.62, 5.52, 5.64, 5.88, 5.33, 3.81, 3.24, 2.52, 2.25, 2.55, 3.14, 3.19, 3.12, 3.07, 3.39, 3.62, 3.75, 3.9, 4.45, 4.6, 4.68, 5.24, 6.06, 6.27, 6.29, 6.09, 6.16, 7.26, 7.16, 6.63, 5.71, 5.38, 5.23, 5.57, 5.27, 3.99, 2.43, 1.11, 0.77, 0, 1.37, 4.45, 6.29, 6.68, 6.2, 5.94, 6.34, 5.96, 5.12, 4.98, 5.02, 5.83, 6.51, 7.16, 7.65, 7.72, 8.34, 9.39, 10.28, 10.83, 11.39, 12.45, 13.49, 14.56, 15.81, 15.736, 15.913, 18.07], [4.51, 4.22, 4.03, 4.34, 4.02, 3.87, 4.64, 5.35, 4.85, 3.51, 2.97, 3.47, 4.4, 3.85, 2.79, 3.28, 4.33, 4.87, 4.51, 4.39, 4.51, 4.75, 4.2, 2.86, 2.35, 1.83, 1.96, 2.42, 2.75, 2.82, 3.03, 2.92, 3.14, 3.39, 3.58, 3.83, 4.18, 4.33, 4.25, 4.75, 5.67, 5.84, 5.96, 5.74, 5.81, 6.93, 6.85, 6.32, 5.2, 4.79, 4.84, 5.1, 4.84, 3.54, 2.2, 1.64, 1.9, 1.37, 0, 3.32, 5.26, 5.57, 5.01, 4.67, 5.13, 4.81, 3.99, 3.97, 4.15, 4.74, 5.4, 5.97, 6.54, 6.57, 7.11, 8.1, 9.01, 9.6, 10.18, 11.14, 12.28, 13.55, 14.78, 14.65, 14.71, 16.84], [2.27, 2.16, 2.55, 2.78, 2.52, 2.03, 2.2, 2.75, 2.55, 1.93, 2.11, 2.61, 2.66, 2.47, 2.37, 2.28, 2.31, 2.37, 1.95, 1.51, 1.73, 1.89, 1.68, 2.1, 2.43, 2.85, 3.26, 3.96, 3.95, 3.94, 4.69, 4.02, 4.0, 4.41, 4.74, 5.07, 5.04, 5.09, 4.99, 5.15, 5.81, 5.68, 5.86, 5.4, 5.41, 6.49, 5.93, 5.68, 4.18, 3.59, 3.76, 3.98, 3.5, 2.32, 3.12, 4.5, 5.1, 4.45, 3.32, 0, 2.06, 2.43, 1.91, 1.77, 2.33, 2.13, 1.79, 1.57, 1.65, 1.94, 2.52, 3.03, 3.64, 3.67, 4.21, 5.26, 6.21, 6.7, 7.1, 8.18, 9.38, 10.43, 11.54, 11.57, 11.63, 13.708], [2.41, 2.68, 2.79, 2.82, 3.0, 2.69, 2.04, 1.89, 2.05, 2.95, 3.35, 3.45, 3.24, 3.27, 3.63, 3.34, 2.61, 2.09, 2.09, 1.83, 1.85, 1.65, 1.98, 3.26, 4.05, 4.67, 4.92, 5.52, 5.09, 5.3, 6.49, 5.66, 5.6, 5.63, 5.98, 6.23, 6.08, 6.13, 5.91, 5.91, 6.49, 6.3, 6.38, 5.78, 5.71, 6.73, 6.07, 5.9, 4.36, 3.71, 3.98, 4.12, 3.42, 3.24, 4.96, 6.32, 6.92, 6.29, 5.26, 2.06, 0, 0.83, 0.93, 1.67, 1.85, 1.99, 2.39, 2.19, 2.01, 1.46, 1.18, 1.63, 1.92, 2.09, 2.61, 3.86, 5.03, 5.5, 5.72, 6.8, 8.08, 8.77, 9.8, 9.75, 9.93, 11.9], [2.48, 2.71, 2.84, 2.77, 3.01, 2.76, 1.97, 1.44, 2.04, 3.3, 3.64, 3.64, 3.17, 3.4, 3.94, 3.47, 2.74, 2.06, 2.2, 2.06, 1.96, 1.74, 2.25, 3.69, 4.42, 5.02, 5.35, 5.91, 5.62, 5.79, 6.88, 6.07, 5.99, 6.18, 6.43, 6.7, 6.61, 6.62, 6.42, 6.52, 7.12, 6.91, 7.01, 6.41, 6.38, 7.38, 6.7, 6.51, 4.89, 4.22, 4.53, 4.67, 3.97, 3.65, 5.37, 6.73, 7.27, 6.68, 5.57, 2.43, 0.83, 0, 1.0, 1.52, 1.62, 1.82, 2.3, 2.28, 2.06, 1.63, 1.49, 1.68, 1.91, 2.18, 2.7, 3.87, 5.08, 5.53, 5.69, 6.85, 8.05, 8.52, 9.51, 9.44, 9.64, 11.53], [1.96, 2.29, 2.26, 2.25, 2.45, 2.3, 1.77, 1.52, 1.9, 2.78, 3.18, 3.28, 2.87, 3.02, 3.36, 2.99, 2.38, 1.82, 1.92, 1.68, 1.76, 1.52, 1.77, 3.13, 3.82, 4.38, 4.89, 5.51, 5.28, 5.27, 6.36, 5.59, 5.51, 5.82, 6.15, 6.34, 6.33, 6.32, 6.2, 6.36, 6.96, 6.81, 6.91, 6.31, 6.3, 7.26, 6.62, 6.39, 4.83, 4.2, 4.45, 4.61, 3.97, 3.23, 4.89, 6.25, 6.83, 6.2, 5.01, 1.91, 0.93, 1.0, 0, 1.18, 1.32, 1.5, 1.88, 1.82, 1.84, 1.57, 1.49, 1.94, 2.33, 2.58, 3.1, 4.29, 5.32, 5.67, 5.89, 7.01, 8.15, 9.06, 10.13, 10.04, 10.12, 12.019], [1.68, 1.75, 2.02, 2.17, 2.13, 1.78, 1.35, 1.72, 2.38, 2.62, 2.72, 2.44, 1.89, 2.18, 2.78, 2.39, 1.58, 1.3, 1.32, 1.08, 1.32, 1.38, 1.91, 3.09, 3.66, 4.08, 4.75, 5.49, 5.38, 5.37, 6.2, 5.51, 5.49, 5.92, 6.27, 6.48, 6.49, 6.54, 6.4, 6.64, 7.3, 7.15, 7.37, 6.85, 6.86, 7.86, 7.28, 7.03, 5.45, 4.84, 5.03, 5.21, 4.53, 3.47, 4.63, 5.99, 6.53, 5.94, 4.67, 1.77, 1.67, 1.52, 1.18, 0, 0.8, 0.9, 1.26, 1.48, 1.52, 1.43, 1.67, 2.34, 2.59, 2.92, 3.66, 4.83, 6.12, 6.55, 6.83, 7.91, 9.13, 9.92, 10.79, 10.64, 10.78, 12.363], [1.86, 2.01, 2.24, 2.29, 2.41, 2.18, 1.59, 1.68, 2.4, 2.92, 3.1, 2.66, 1.83, 2.24, 3.12, 2.69, 1.66, 1.34, 1.34, 1.22, 1.34, 1.44, 1.95, 3.21, 3.88, 4.4, 5.03, 5.63, 5.56, 5.51, 6.5, 5.77, 5.69, 6.08, 6.41, 6.72, 6.65, 6.74, 6.72, 6.98, 7.64, 7.51, 7.73, 7.17, 7.18, 8.2, 7.6, 7.37, 5.77, 5.14, 5.39, 5.57, 4.79, 3.71, 5.03, 6.37, 6.93, 6.34, 5.13, 2.33, 1.85, 1.62, 1.32, 0.8, 0, 0.72, 1.46, 1.78, 1.8, 1.51, 1.87, 2.38, 2.63, 3.06, 3.82, 4.97, 6.28, 6.65, 6.99, 7.99, 9.23, 10.02, 10.81, 10.64, 10.82, 12.311], [1.72, 1.67, 2.0, 2.03, 2.17, 1.84, 1.39, 1.76, 2.24, 2.52, 2.66, 2.3, 1.63, 1.84, 2.68, 2.23, 1.32, 1.16, 1.28, 1.04, 1.28, 1.38, 1.99, 3.03, 3.58, 4.02, 4.69, 5.35, 5.34, 5.27, 6.12, 5.51, 5.41, 5.86, 6.21, 6.54, 6.51, 6.62, 6.62, 6.9, 7.58, 7.45, 7.67, 7.21, 7.24, 8.26, 7.74, 7.47, 5.91, 5.3, 5.51, 5.71, 4.95, 3.59, 4.59, 5.95, 6.51, 5.96, 4.81, 2.13, 1.99, 1.82, 1.5, 0.9, 0.72, 0, 1.08, 1.52, 1.6, 1.55, 1.89, 2.38, 2.65, 3.08, 3.92, 5.07, 6.44, 6.83, 7.11, 8.17, 9.43, 10.32, 11.23, 11.08, 11.2, 12.763], [1.44, 1.41, 1.72, 1.93, 1.63, 1.34, 1.47, 1.98, 2.44, 2.3, 1.98, 1.8, 1.65, 1.72, 1.98, 1.65, 1.3, 1.46, 1.26, 1.42, 1.8, 1.98, 2.13, 2.57, 2.86, 3.26, 3.99, 4.67, 4.68, 4.63, 5.36, 4.85, 4.77, 5.22, 5.57, 5.86, 5.87, 6.0, 6.06, 6.34, 7.08, 7.05, 7.27, 6.87, 6.92, 7.94, 7.5, 7.21, 5.69, 5.12, 5.29, 5.51, 4.89, 3.41, 3.69, 5.07, 5.65, 5.12, 3.99, 1.79, 2.39, 2.3, 1.88, 1.26, 1.46, 1.08, 0, 1.0, 1.22, 1.51, 2.23, 3.04, 3.33, 3.62, 4.38, 5.55, 6.82, 7.11, 7.41, 8.49, 9.71, 10.66, 11.59, 11.46, 11.52, 13.308], [1.6, 1.69, 2.34, 2.43, 2.15, 1.56, 1.59, 2.14, 2.36, 2.5, 2.1, 2.16, 2.05, 1.84, 2.12, 1.77, 1.74, 1.54, 1.42, 1.62, 1.82, 1.9, 2.05, 2.25, 2.54, 3.0, 3.49, 4.19, 4.1, 4.23, 5.14, 4.35, 4.25, 4.62, 4.99, 5.22, 5.23, 5.4, 5.38, 5.68, 6.38, 6.33, 6.53, 6.19, 6.22, 7.26, 6.9, 6.59, 5.09, 4.6, 4.71, 4.97, 4.41, 3.09, 3.53, 4.89, 5.53, 4.98, 3.97, 1.57, 2.19, 2.28, 1.82, 1.48, 1.78, 1.52, 1.0, 0, 0.72, 1.43, 2.25, 2.96, 3.31, 3.62, 4.36, 5.43, 6.64, 6.93, 7.19, 8.37, 9.55, 10.36, 11.41, 11.4, 11.5, 13.398], [1.78, 1.85, 2.44, 2.69, 2.31, 1.76, 1.69, 2.0, 2.32, 2.52, 2.3, 2.2, 1.91, 1.8, 2.28, 1.85, 1.78, 1.46, 1.3, 1.68, 1.9, 2.04, 2.01, 2.41, 2.66, 3.26, 3.47, 4.15, 4.12, 4.27, 5.18, 4.37, 4.35, 4.5, 4.87, 5.2, 5.17, 5.32, 5.3, 5.58, 6.22, 6.23, 6.41, 6.07, 6.1, 7.14, 6.74, 6.45, 4.93, 4.38, 4.51, 4.75, 4.11, 2.87, 3.59, 4.95, 5.59, 5.02, 4.15, 1.65, 2.01, 2.06, 1.84, 1.52, 1.8, 1.6, 1.22, 0.72, 0, 1.23, 2.03, 2.94, 3.15, 3.44, 4.22, 5.45, 6.58, 7.05, 7.29, 8.51, 9.69, 10.2, 11.19, 11.14, 11.28, 13.338], [2.03, 2.1, 2.77, 2.98, 2.78, 2.11, 1.98, 2.23, 2.49, 2.83, 2.69, 2.47, 2.08, 2.29, 2.97, 2.58, 1.93, 1.39, 1.35, 1.33, 1.63, 1.77, 1.9, 2.62, 3.35, 4.01, 4.38, 4.94, 4.49, 4.78, 6.01, 5.24, 5.08, 5.11, 5.38, 5.73, 5.56, 5.63, 5.57, 5.67, 6.27, 6.14, 6.32, 5.84, 5.87, 6.89, 6.43, 6.14, 4.62, 4.03, 4.2, 4.42, 3.84, 3.08, 4.46, 5.84, 6.4, 5.83, 4.74, 1.94, 1.46, 1.63, 1.57, 1.43, 1.51, 1.55, 1.51, 1.43, 1.23, 0, 1.28, 1.85, 2.1, 2.47, 3.43, 4.58, 5.87, 6.36, 6.6, 7.8, 9.04, 9.75, 10.62, 10.49, 10.73, 12.501], [2.51, 2.66, 2.91, 3.12, 3.18, 2.77, 2.18, 2.27, 2.63, 3.23, 3.49, 3.39, 3.04, 3.13, 3.61, 3.26, 2.51, 1.89, 1.99, 1.83, 1.95, 1.83, 2.0, 3.24, 4.07, 4.75, 5.12, 5.68, 5.17, 5.44, 6.69, 5.92, 5.88, 5.77, 6.1, 6.45, 6.18, 6.25, 6.07, 5.87, 6.33, 6.08, 6.14, 5.56, 5.57, 6.55, 5.91, 5.66, 4.12, 3.67, 3.88, 4.08, 3.56, 3.52, 5.18, 6.56, 7.08, 6.51, 5.4, 2.52, 1.18, 1.49, 1.49, 1.67, 1.87, 1.89, 2.23, 2.25, 2.03, 1.28, 0, 1.19, 1.4, 1.57, 2.33, 3.62, 4.91, 5.44, 5.74, 6.8, 8.08, 8.85, 9.84, 9.59, 9.79, 11.698], [3.14, 3.31, 3.56, 3.57, 3.83, 3.42, 2.65, 2.54, 2.84, 3.66, 3.9, 3.8, 3.67, 3.6, 4.2, 3.89, 3.14, 2.62, 2.5, 2.06, 1.98, 1.84, 2.33, 3.79, 4.58, 5.26, 5.73, 6.29, 5.74, 6.05, 7.34, 6.57, 6.43, 6.4, 6.73, 7.04, 6.79, 6.88, 6.7, 6.46, 6.78, 6.55, 6.55, 5.83, 5.94, 6.92, 6.06, 5.89, 4.27, 3.96, 4.29, 4.45, 3.85, 4.11, 5.81, 7.17, 7.73, 7.16, 5.97, 3.03, 1.63, 1.68, 1.94, 2.34, 2.38, 2.38, 3.04, 2.96, 2.94, 1.85, 1.19, 0, 0.83, 0.96, 1.82, 2.97, 4.3, 4.89, 5.15, 6.29, 7.57, 8.48, 9.43, 9.24, 9.44, 11.183], [3.49, 3.64, 3.95, 3.96, 4.24, 3.81, 3.02, 2.69, 3.15, 4.19, 4.51, 4.25, 3.86, 3.91, 4.77, 4.28, 3.37, 2.83, 2.81, 2.65, 2.59, 2.43, 2.88, 4.36, 5.13, 5.81, 6.22, 6.84, 6.31, 6.58, 7.83, 7.06, 6.94, 6.93, 7.28, 7.55, 7.34, 7.43, 7.21, 6.93, 7.29, 7.02, 6.94, 6.16, 6.25, 7.07, 6.13, 5.98, 4.5, 4.21, 4.62, 4.72, 4.1, 4.66, 6.3, 7.7, 8.22, 7.65, 6.54, 3.64, 1.92, 1.91, 2.33, 2.59, 2.63, 2.65, 3.33, 3.31, 3.15, 2.1, 1.4, 0.83, 0, 0.73, 1.61, 2.76, 4.11, 4.66, 4.92, 6.02, 7.3, 8.07, 8.96, 8.77, 8.97, 10.756], [3.74, 3.93, 4.18, 4.23, 4.47, 4.04, 3.31, 3.06, 3.4, 4.28, 4.58, 4.5, 4.23, 4.24, 4.8, 4.47, 3.7, 3.18, 3.14, 2.76, 2.66, 2.52, 2.93, 4.43, 5.24, 5.92, 6.29, 6.87, 6.36, 6.61, 7.9, 7.13, 7.05, 6.98, 7.31, 7.66, 7.39, 7.46, 7.26, 6.98, 7.2, 7.03, 6.89, 6.09, 6.26, 6.94, 5.88, 5.71, 4.39, 4.16, 4.55, 4.75, 4.07, 4.67, 6.37, 7.75, 8.29, 7.72, 6.57, 3.67, 2.09, 2.18, 2.58, 2.92, 3.06, 3.08, 3.62, 3.62, 3.44, 2.47, 1.57, 0.96, 0.73, 0, 1.2, 2.39, 3.66, 4.21, 4.55, 5.61, 6.89, 7.84, 8.79, 8.56, 8.78, 10.583], [4.46, 4.71, 4.74, 4.67, 5.05, 4.76, 4.01, 3.5, 3.66, 4.92, 5.3, 5.44, 5.21, 5.2, 5.46, 5.21, 4.62, 4.08, 4.06, 3.62, 3.5, 3.16, 3.49, 5.05, 5.86, 6.54, 6.95, 7.49, 6.96, 7.25, 8.52, 7.75, 7.69, 7.6, 7.91, 8.26, 7.97, 8.04, 7.8, 7.52, 7.74, 7.55, 7.45, 6.59, 6.8, 7.3, 5.98, 5.79, 4.89, 4.74, 5.17, 5.33, 4.65, 5.31, 7.03, 8.39, 8.93, 8.34, 7.11, 4.21, 2.61, 2.7, 3.1, 3.66, 3.82, 3.92, 4.38, 4.36, 4.22, 3.43, 2.33, 1.82, 1.61, 1.2, 0, 1.45, 2.68, 3.31, 3.65, 4.69, 6.01, 7.0, 7.99, 7.82, 7.92, 9.862], [5.61, 5.78, 5.81, 5.76, 6.2, 5.89, 5.2, 4.67, 4.63, 5.99, 6.23, 6.67, 6.46, 6.47, 6.61, 6.52, 5.87, 5.35, 5.23, 4.77, 4.63, 4.33, 4.56, 6.08, 6.81, 7.49, 8.0, 8.52, 7.95, 8.3, 9.57, 8.8, 8.7, 8.65, 8.94, 9.27, 8.98, 9.09, 8.83, 8.49, 8.75, 8.54, 8.48, 7.62, 7.83, 8.33, 6.99, 6.68, 5.92, 5.77, 6.2, 6.38, 5.68, 6.36, 8.08, 9.44, 9.98, 9.39, 8.1, 5.26, 3.86, 3.87, 4.29, 4.83, 4.97, 5.07, 5.55, 5.43, 5.45, 4.58, 3.62, 2.97, 2.76, 2.39, 1.45, 0, 1.49, 2.06, 2.52, 3.48, 4.78, 5.91, 6.96, 6.81, 6.93, 8.807], [6.84, 7.09, 7.0, 6.83, 7.27, 7.1, 6.43, 5.84, 5.58, 6.84, 7.48, 8.02, 7.85, 7.86, 7.88, 7.79, 7.28, 6.72, 6.6, 6.14, 5.98, 5.64, 5.71, 7.07, 7.74, 8.42, 8.89, 9.41, 8.84, 9.19, 10.44, 9.67, 9.59, 9.54, 9.81, 10.14, 9.83, 9.96, 9.7, 9.34, 9.6, 9.39, 9.33, 8.47, 8.68, 9.18, 7.8, 7.53, 6.77, 6.62, 7.01, 7.21, 6.55, 7.25, 8.97, 10.33, 10.87, 10.28, 9.01, 6.21, 5.03, 5.08, 5.32, 6.12, 6.28, 6.44, 6.82, 6.64, 6.58, 5.87, 4.91, 4.3, 4.11, 3.66, 2.68, 1.49, 0, 0.95, 1.41, 2.37, 3.41, 4.7, 5.89, 5.72, 5.754, 7.867], [7.13, 7.54, 7.45, 7.18, 7.54, 7.55, 6.94, 6.33, 6.11, 7.45, 8.09, 8.59, 8.34, 8.41, 8.45, 8.34, 7.77, 7.21, 7.11, 6.69, 6.53, 6.19, 6.26, 7.66, 8.33, 8.99, 9.44, 9.96, 9.39, 9.74, 10.99, 10.22, 10.14, 10.09, 10.36, 10.69, 10.38, 10.51, 10.25, 9.87, 10.13, 9.92, 9.86, 8.98, 9.19, 9.71, 8.31, 8.06, 7.3, 7.15, 7.54, 7.74, 7.1, 7.8, 9.52, 10.88, 11.44, 10.83