[[0, 0.54, 1.44, 1.84, 2.13, 2.11, 2.17, 2.12, 2.24, 2.13, 1.74, 1.76, 1.82, 1.59, 1.31, 1.26, 1.46, 1.66, 1.41, 1.19, 1.25, 1.25, 1.47, 1.31, 1.43, 1.62, 1.78, 2.03, 2.36, 2.55, 2.78, 2.12, 1.69, 1.69, 1.71, 1.43, 1.63, 1.58, 2.28, 2.58, 2.72, 3.22, 3.042, 3.044, 3.406, 4.407, 5.262, 5.709, 6.35, 6.655, 5.732, 6.054, 6.389, 6.064, 4.984, 4.893, 5.385, 5.198, 4.924, 4.82, 4.46, 4.219, 3.573, 3.576, 3.148, 1.6, 0.87, 1.75, 2.27, 1.82, 1.3, 1.7, 3.13, 4.28, 4.85, 4.69, 4.15, 3.49, 3.36, 3.99, 5.26, 5.77, 5.652, 6.089, 5.57, 4.77], [0.54, 0, 1.26, 1.7, 1.93, 2.11, 2.05, 2.08, 2.28, 2.11, 1.76, 1.56, 1.6, 1.57, 1.13, 1.36, 1.54, 1.7, 1.45, 1.17, 1.35, 1.31, 1.41, 1.31, 1.29, 1.4, 1.72, 1.93, 2.22, 2.25, 2.58, 2.06, 1.65, 1.65, 1.69, 1.49, 1.77, 1.94, 2.54, 2.74, 2.832, 3.389, 3.249, 3.145, 3.599, 4.576, 5.43, 5.92, 6.533, 6.823, 5.883, 6.217, 6.553, 6.238, 5.145, 5.099, 5.535, 5.358, 5.07, 4.988, 4.637, 4.39, 3.717, 3.744, 3.292, 1.72, 0.95, 1.93, 2.47, 2.1, 1.74, 1.74, 3.09, 4.16, 4.77, 4.47, 4.03, 3.31, 3.1, 3.73, 5.02, 5.51, 5.43, 5.87, 5.37, 4.55], [1.44, 1.26, 0, 1.12, 1.89, 2.61, 2.39, 2.54, 2.8, 2.49, 2.24, 1.98, 1.86, 1.81, 1.49, 1.78, 2.26, 2.44, 2.25, 2.03, 2.11, 2.13, 1.89, 1.65, 1.57, 1.64, 1.7, 2.03, 2.38, 2.49, 3.02, 2.68, 2.21, 1.71, 2.05, 2.21, 2.53, 2.6, 3.1, 3.594, 3.765, 4.288, 4.171, 4.077, 4.46, 5.427, 6.345, 6.789, 7.449, 7.655, 6.651, 6.991, 7.34, 7.044, 5.991, 6.0, 6.429, 6.178, 5.972, 5.764, 5.296, 5.218, 4.584, 4.608, 4.169, 2.4, 1.47, 2.65, 3.269, 2.8, 2.34, 1.92, 2.73, 3.56, 3.97, 3.87, 3.47, 2.83, 2.6, 2.97, 4.18, 4.71, 4.63, 4.99, 4.57, 3.79], [1.84, 1.7, 1.12, 0, 1.35, 2.29, 2.29, 2.72, 2.893, 2.61, 2.46, 2.14, 1.84, 1.67, 1.61, 2.24, 2.88, 3.08, 2.81, 2.37, 2.39, 2.35, 1.99, 1.67, 1.49, 1.44, 1.64, 1.63, 1.88, 2.21, 3.06, 2.972, 2.27, 1.67, 2.17, 2.45, 2.77, 2.94, 3.64, 3.827, 4.214, 4.823, 4.649, 4.605, 5.055, 6.015, 6.928, 7.36, 8.01, 8.198, 7.139, 7.45, 7.787, 7.531, 6.523, 6.534, 6.972, 6.703, 6.528, 6.341, 5.809, 5.752, 5.131, 5.094, 4.735, 2.995, 1.81, 3.215, 3.829, 3.222, 2.56, 2.12, 3.17, 3.94, 4.17, 3.89, 3.53, 3.05, 2.72, 2.87, 3.74, 4.27, 4.27, 4.59, 4.13, 3.35], [2.13, 1.93, 1.89, 1.35, 0, 1.64, 1.72, 2.07, 2.29, 2.1, 2.09, 1.73, 1.57, 1.5, 1.52, 1.97, 2.47, 2.73, 2.6, 1.96, 2.0, 1.92, 1.88, 1.72, 1.2, 1.29, 1.63, 1.46, 1.47, 1.68, 2.43, 2.543, 1.9, 1.9, 2.18, 2.42, 2.8, 3.23, 3.73, 3.749, 3.989, 4.423, 4.266, 4.153, 4.536, 5.533, 6.436, 6.929, 7.575, 7.778, 6.676, 7.001, 7.353, 7.08, 6.074, 6.054, 6.457, 6.239, 6.075, 5.896, 5.393, 5.27, 4.635, 4.618, 4.248, 2.75, 2.0, 3.06, 3.619, 3.21, 2.67, 2.73, 3.88, 4.63, 4.76, 4.4, 4.22, 3.54, 3.21, 3.34, 4.11, 4.62, 4.58, 4.86, 4.32, 3.56], [2.11, 2.11, 2.61, 2.29, 1.64, 0, 0.92, 1.27, 1.41, 1.52, 1.61, 1.45, 1.45, 1.42, 1.72, 1.61, 1.83, 2.03, 2.14, 1.7, 1.7, 1.56, 1.92, 2.0, 1.48, 1.55, 1.77, 1.52, 1.71, 1.46, 1.49, 1.63, 1.92, 2.32, 2.4, 2.34, 2.54, 2.93, 3.27, 3.11, 3.19, 3.313, 3.135, 3.023, 3.303, 4.294, 5.192, 5.682, 6.334, 6.551, 5.439, 5.777, 6.12, 5.806, 4.846, 4.843, 5.278, 5.002, 4.877, 4.74, 4.228, 4.0, 3.397, 3.38, 3.083, 2.39, 2.08, 2.32, 2.76, 2.81, 2.55, 3.17, 4.5, 5.37, 5.66, 5.24, 5.04, 4.56, 4.21, 4.48, 5.31, 5.74, 5.6, 6.037, 5.5, 4.64], [2.17, 2.05, 2.39, 2.29, 1.72, 0.92, 0, 0.63, 0.99, 1.2, 1.15, 1.07, 1.13, 1.48, 1.66, 1.47, 1.59, 1.83, 1.98, 1.7, 1.8, 1.76, 2.1, 1.94, 1.62, 1.59, 1.79, 1.76, 1.75, 1.26, 1.31, 1.65, 2.06, 2.56, 2.64, 2.42, 2.68, 2.85, 3.09, 3.05, 2.91, 3.069, 2.932, 2.739, 3.119, 4.033, 4.925, 5.413, 6.058, 6.264, 5.17, 5.493, 5.839, 5.543, 4.562, 4.562, 4.975, 4.747, 4.581, 4.41, 3.865, 3.763, 3.133, 3.11, 2.839, 2.17, 2.12, 2.22, 2.64, 2.79, 2.73, 3.35, 4.68, 5.59, 5.96, 5.48, 5.28, 4.6, 4.27, 4.66, 5.55, 6.02, 5.96, 6.32, 5.8, 4.96], [2.12, 2.08, 2.54, 2.72, 2.07, 1.27, 0.63, 0, 0.66, 1.17, 1.06, 1.18, 1.32, 1.59, 1.85, 1.36, 1.36, 1.56, 1.69, 1.73, 1.87, 1.79, 2.17, 2.09, 1.83, 2.04, 2.14, 2.17, 2.22, 1.57, 1.32, 1.48, 2.21, 2.79, 2.75, 2.55, 2.67, 2.72, 2.78, 2.68, 2.52, 2.596, 2.479, 2.326, 2.686, 3.64, 4.515, 4.985, 5.614, 5.82, 4.76, 5.063, 5.404, 5.12, 4.175, 4.174, 4.603, 4.34, 4.125, 3.962, 3.475, 3.339, 2.733, 2.697, 2.446, 1.94, 2.07, 1.99, 2.41, 2.68, 2.7, 3.46, 4.81, 5.82, 6.19, 5.77, 5.57, 4.81, 4.54, 5.01, 6.06, 6.59, 6.49, 6.83, 6.29, 5.41], [2.24, 2.28, 2.8, 2.893, 2.29, 1.41, 0.99, 0.66, 0, 1.07, 1.02, 1.2, 1.38, 1.763, 2.01, 1.52, 1.56, 1.72, 1.81, 1.81, 1.932, 1.846, 2.37, 2.27, 2.09, 2.2, 2.44, 2.37, 2.4, 1.71, 1.24, 1.48, 2.35, 2.95, 2.91, 2.61, 2.75, 2.72, 2.68, 2.66, 2.52, 2.519, 2.36, 2.23, 2.57, 3.489, 4.343, 4.81, 5.442, 5.636, 4.591, 4.876, 5.234, 4.938, 3.991, 3.999, 4.399, 4.128, 3.956, 3.799, 3.284, 3.203, 2.596, 2.525, 2.369, 2.0, 2.29, 2.07, 2.43, 2.74, 2.74, 3.54, 4.97, 6.02, 6.47, 5.95, 5.73, 4.89, 4.54, 5.09, 6.18, 6.71, 6.61, 6.927, 6.43, 5.57], [2.13, 2.11, 2.49, 2.61, 2.1, 1.52, 1.2, 1.17, 1.07, 0, 0.79, 0.91, 1.13, 1.6, 1.74, 1.41, 1.53, 1.85, 1.82, 1.84, 1.84, 1.74, 2.32, 2.22, 1.9, 2.03, 2.15, 2.26, 2.29, 1.54, 1.39, 1.81, 2.22, 2.68, 2.74, 2.48, 2.66, 2.53, 2.55, 2.75, 2.57, 2.915, 2.695, 2.685, 2.945, 3.865, 4.716, 5.178, 5.826, 6.035, 4.96, 5.303, 5.641, 5.296, 4.35, 4.338, 4.802, 4.506, 4.341, 4.187, 3.658, 3.53, 2.955, 2.938, 2.665, 1.81, 2.22, 2.26, 2.32, 2.49, 2.57, 3.37, 4.76, 5.75, 6.2, 5.68, 5.4, 4.64, 4.27, 4.7, 5.83, 6.22, 6.16, 6.6, 6.1, 5.24], [1.74, 1.76, 2.24, 2.46, 2.09, 1.61, 1.15, 1.06, 1.02, 0.79, 0, 0.6, 0.88, 1.37, 1.43, 1.16, 1.34, 1.66, 1.65, 1.53, 1.61, 1.49, 1.93, 2.09, 1.83, 1.92, 2.04, 2.13, 2.12, 1.55, 1.54, 1.64, 2.07, 2.43, 2.47, 2.15, 2.33, 2.36, 2.38, 2.44, 2.4, 2.828, 2.665, 2.558, 2.958, 3.878, 4.712, 5.182, 5.831, 6.042, 4.977, 5.298, 5.615, 5.323, 4.383, 4.351, 4.823, 4.526, 4.363, 4.183, 3.702, 3.56, 2.988, 2.931, 2.718, 1.9, 1.91, 2.15, 2.39, 2.3, 2.34, 3.06, 4.39, 5.48, 5.99, 5.61, 5.13, 4.45, 4.1, 4.59, 5.82, 6.31, 6.21, 6.61, 6.09, 5.23], [1.76, 1.56, 1.98, 2.14, 1.73, 1.45, 1.07, 1.18, 1.2, 0.91, 0.6, 0, 0.46, 1.11, 1.05, 1.08, 1.46, 1.84, 1.87, 1.43, 1.45, 1.33, 1.65, 1.85, 1.45, 1.5, 1.66, 1.71, 1.8, 1.25, 1.52, 1.56, 1.81, 2.05, 2.13, 1.89, 2.11, 2.34, 2.5, 2.54, 2.657, 3.111, 2.934, 2.821, 3.201, 4.195, 5.055, 5.536, 6.171, 6.388, 5.382, 5.708, 6.04, 5.73, 4.672, 4.678, 5.132, 4.871, 4.677, 4.52, 4.014, 3.869, 3.254, 3.291, 2.941, 1.96, 1.75, 2.29, 2.53, 2.4, 2.28, 2.84, 4.13, 5.14, 5.69, 5.25, 4.89, 4.09, 3.66, 4.15, 5.36, 5.93, 5.83, 6.23, 5.71, 4.85], [1.82, 1.6, 1.86, 1.84, 1.57, 1.45, 1.13, 1.32, 1.38, 1.13, 0.88, 0.46, 0, 0.93, 0.97, 1.18, 1.68, 2.08, 2.09, 1.61, 1.51, 1.43, 1.61, 1.87, 1.43, 1.36, 1.58, 1.51, 1.68, 1.37, 1.86, 1.72, 1.75, 1.85, 1.97, 1.81, 2.09, 2.4, 2.64, 2.68, 2.902, 3.39, 3.233, 3.1, 3.54, 4.5, 5.381, 5.868, 6.5, 6.713, 5.62, 5.931, 6.28, 6.004, 5.007, 5.012, 5.455, 5.165, 5.006, 4.839, 4.317, 4.223, 3.591, 3.598, 3.224, 2.18, 1.81, 2.53, 2.79, 2.46, 2.26, 2.7, 4.01, 4.94, 5.41, 4.95, 4.61, 3.89, 3.48, 3.93, 5.14, 5.65, 5.61, 5.97, 5.47, 4.61], [1.59, 1.57, 1.81, 1.67, 1.5, 1.42, 1.48, 1.59, 1.763, 1.6, 1.37, 1.11, 0.93, 0, 0.74, 1.11, 1.81, 2.11, 2.04, 1.44, 1.28, 1.26, 1.26, 1.62, 1.14, 1.21, 1.37, 1.32, 1.55, 1.88, 2.27, 1.91, 1.46, 1.36, 1.54, 1.44, 1.7, 2.17, 2.53, 2.73, 3.009, 3.507, 3.347, 3.277, 3.725, 4.697, 5.595, 6.054, 6.685, 6.897, 5.828, 6.151, 6.486, 6.224, 5.266, 5.248, 5.679, 5.375, 5.193, 5.073, 4.594, 4.402, 3.809, 3.79, 3.461, 2.07, 1.68, 2.46, 2.72, 2.31, 1.79, 2.19, 3.46, 4.43, 4.86, 4.54, 4.16, 3.58, 3.41, 3.86, 5.01, 5.46, 5.34, 5.76, 5.28, 4.4], [1.31, 1.13, 1.49, 1.61, 1.52, 1.72, 1.66, 1.85, 2.01, 1.74, 1.43, 1.05, 0.97, 0.74, 0, 1.17, 1.61, 1.89, 1.8, 1.3, 1.26, 1.28, 1.36, 1.62, 1.14, 1.07, 1.25, 1.3, 1.63, 1.76, 2.29, 1.97, 1.58, 1.4, 1.52, 1.3, 1.66, 2.01, 2.55, 2.83, 3.061, 3.604, 3.436, 3.374, 3.79, 4.763, 5.658, 6.136, 6.762, 6.982, 6.025, 6.347, 6.695, 6.377, 5.301, 5.3, 5.754, 5.512, 5.263, 5.111, 4.698, 4.532, 3.871, 3.897, 3.464, 1.95, 1.5, 2.4, 2.72, 2.23, 1.73, 2.03, 3.3, 4.21, 4.8, 4.44, 3.98, 3.32, 3.19, 3.6, 4.85, 5.34, 5.22, 5.66, 5.14, 4.26], [1.26, 1.36, 1.78, 2.24, 1.97, 1.61, 1.47, 1.36, 1.52, 1.41, 1.16, 1.08, 1.18, 1.11, 1.17, 0, 0.96, 1.3, 1.41, 1.33, 1.41, 1.15, 1.35, 1.67, 1.21, 1.54, 1.72, 1.71, 1.86, 1.85, 1.96, 1.66, 1.59, 1.79, 1.89, 1.79, 1.95, 2.02, 2.22, 2.3, 2.44, 2.843, 2.723, 2.693, 2.997, 3.956, 4.851, 5.31, 5.956, 6.167, 5.205, 5.533, 5.888, 5.573, 4.496, 4.51, 4.908, 4.705, 4.461, 4.276, 3.885, 3.726, 3.075, 3.044, 2.649, 1.42, 1.43, 1.81, 2.07, 1.92, 1.66, 2.44, 3.79, 4.82, 5.37, 5.19, 4.69, 4.07, 3.86, 4.39, 5.66, 6.17, 6.03, 6.49, 5.93, 5.05], [1.46, 1.54, 2.26, 2.88, 2.47, 1.83, 1.59, 1.36, 1.56, 1.53, 1.34, 1.46, 1.68, 1.81, 1.61, 0.96, 0, 0.62, 1.01, 1.43, 1.61, 1.43, 1.79, 1.99, 1.75, 2.06, 2.08, 2.25, 2.42, 2.05, 1.78, 1.7, 1.97, 2.35, 2.35, 1.93, 2.11, 2.06, 2.22, 2.38, 1.96, 2.283, 2.2, 2.13, 2.386, 3.293, 4.208, 4.663, 5.278, 5.497, 4.575, 4.887, 5.257, 4.961, 3.839, 3.852, 4.277, 4.069, 3.81, 3.633, 3.326, 3.087, 2.444, 2.487, 2.054, 1.1, 1.69, 1.37, 1.71, 1.84, 1.9, 2.72, 4.13, 5.24, 5.87, 5.75, 5.29, 4.57, 4.42, 5.01, 6.3, 6.79, 6.69, 7.13, 6.57, 5.73], [1.66, 1.7, 2.44, 3.08, 2.73, 2.03, 1.83, 1.56, 1.72, 1.85, 1.66, 1.84, 2.08, 2.11, 1.89, 1.3, 0.62, 0, 0.75, 1.33, 1.63, 1.49, 1.95, 2.07, 2.01, 2.24, 2.24, 2.49, 2.7, 2.41, 2.08, 1.96, 2.27, 2.53, 2.55, 2.13, 2.21, 2.2, 2.32, 2.48, 1.96, 2.14, 2.12, 2.15, 2.29, 3.176, 4.044, 4.512, 5.155, 5.354, 4.443, 4.783, 5.136, 4.823, 3.742, 3.729, 4.131, 3.993, 3.743, 3.542, 3.274, 3.024, 2.46, 2.502, 2.03, 1.06, 1.85, 1.25, 1.57, 1.74, 1.92, 2.74, 4.19, 5.42, 6.09, 5.95, 5.43, 4.75, 4.56, 5.13, 6.44, 6.95, 6.83, 7.301, 6.73, 5.87], [1.41, 1.45, 2.25, 2.81, 2.6, 2.14, 1.98, 1.69, 1.81, 1.82, 1.65, 1.87, 2.09, 2.04, 1.8, 1.41, 1.01, 0.75, 0, 0.92, 1.32, 1.38, 1.9, 1.78, 1.9, 2.17, 2.21, 2.58, 2.81, 2.48, 2.37, 2.13, 2.12, 2.48, 2.42, 1.9, 2.04, 1.99, 2.27, 2.55, 2.05, 2.43, 2.29, 2.42, 2.634, 3.487, 4.376, 4.866, 5.437, 5.718, 4.765, 5.119, 5.476, 5.138, 4.065, 4.005, 4.479, 4.391, 4.014, 3.933, 3.597, 3.38, 2.749, 2.841, 2.36, 0.97, 1.56, 1.44, 1.54, 1.63, 1.69, 2.47, 3.88, 5.21, 5.88, 5.74, 5.22, 4.54, 4.33, 4.92, 6.23, 6.7, 6.6, 7.04, 6.54, 5.7], [1.19, 1.17, 2.03, 2.37, 1.96, 1.7, 1.7, 1.73, 1.81, 1.84, 1.53, 1.43, 1.61, 1.44, 1.3, 1.33, 1.43, 1.33, 0.92, 0, 0.6, 0.78, 1.38, 1.5, 1.56, 1.73, 1.97, 2.12, 2.31, 2.16, 2.43, 2.09, 1.62, 2.02, 1.98, 1.4, 1.56, 1.93, 2.39, 2.51, 2.47, 2.919, 2.764, 2.788, 3.182, 4.075, 4.934, 5.424, 5.965, 6.272, 5.315, 5.653, 5.992, 5.692, 4.599, 4.579, 5.071, 4.876, 4.505, 4.458, 4.065, 3.88, 3.229, 3.3, 2.827, 1.33, 1.32, 1.78, 1.98, 1.89, 1.53, 2.05, 3.52, 4.77, 5.44, 5.22, 4.74, 4.0, 3.77, 4.34, 5.65, 6.14, 6.02, 6.48, 5.98, 5.14], [1.25, 1.35, 2.11, 2.39, 2.0, 1.7, 1.8, 1.87, 1.932, 1.84, 1.61, 1.45, 1.51, 1.28, 1.26, 1.41, 1.61, 1.63, 1.32, 0.6, 0, 0.48, 1.12, 1.56, 1.56, 1.71, 1.95, 1.92, 2.17, 2.22, 2.57, 2.01, 1.4, 1.86, 1.74, 1.16, 1.42, 1.99, 2.47, 2.55, 2.59, 2.995, 2.844, 2.828, 3.242, 4.17, 5.032, 5.522, 6.085, 6.413, 5.464, 5.811, 6.15, 5.839, 4.757, 4.674, 5.178, 4.978, 4.663, 4.624, 4.267, 4.0, 3.337, 3.42, 2.946, 1.75, 1.36, 1.92, 2.08, 1.91, 1.59, 2.01, 3.46, 4.71, 5.36, 5.12, 4.62, 3.94, 3.75, 4.32, 5.63, 6.12, 6.0, 6.44, 5.96, 5.12], [1.25, 1.31, 2.13, 2.35, 1.92, 1.56, 1.76, 1.79, 1.846, 1.74, 1.49, 1.33, 1.43, 1.26, 1.28, 1.15, 1.43, 1.49, 1.38, 0.78, 0.48, 0, 1.02, 1.58, 1.48, 1.71, 1.83, 1.82, 2.07, 2.16, 2.41, 1.97, 1.4, 1.82, 1.78, 1.36, 1.58, 2.13, 2.57, 2.51, 2.61, 3.029, 2.866, 2.82, 3.233, 4.182, 5.046, 5.533, 6.126, 6.402, 5.464, 5.79, 6.142, 5.839, 4.737, 4.706, 5.185, 4.972, 4.66, 4.6, 4.241, 3.994, 3.33, 3.38, 2.927, 1.73, 1.4, 1.86, 2.1, 1.97, 1.59, 2.07, 3.48, 4.65, 5.3, 5.04, 4.54, 3.86, 3.67, 4.24, 5.55, 6.04, 5.92, 6.36, 5.84, 5.0], [1.47, 1.41, 1.89, 1.99, 1.88, 1.92, 2.1, 2.17, 2.37, 2.32, 1.93, 1.65, 1.61, 1.26, 1.36, 1.35, 1.79, 1.95, 1.9, 1.38, 1.12, 1.02, 0, 1.44, 1.48, 1.73, 1.89, 1.82, 1.95, 2.36, 2.87, 2.11, 1.38, 1.44, 1.46, 1.46, 1.82, 2.41, 2.85, 2.67, 3.053, 3.477, 3.356, 3.256, 3.735, 4.694, 5.557, 6.011, 6.642, 6.883, 5.968, 6.288, 6.632, 6.311, 5.211, 5.235, 5.712, 5.44, 5.167, 5.03, 4.721, 4.488, 3.811, 3.791, 3.394, 2.25, 1.34, 2.28, 2.66, 2.29, 1.83, 1.87, 3.1, 4.15, 4.66, 4.56, 4.08, 3.54, 3.27, 3.82, 5.11, 5.6, 5.48, 5.92, 5.42, 4.6], [1.31, 1.31, 1.65, 1.67, 1.72, 2.0, 1.94, 2.09, 2.27, 2.22, 2.09, 1.85, 1.87, 1.62, 1.62, 1.67, 1.99, 2.07, 1.78, 1.5, 1.56, 1.58, 1.44, 0, 1.16, 1.43, 1.63, 1.8, 2.07, 2.1, 2.49, 1.77, 1.46, 1.6, 1.9, 2.0, 2.3, 2.51, 3.09, 3.05, 3.07, 3.454, 3.223, 3.253, 3.619, 4.593, 5.44, 5.921, 6.565, 6.924, 6.015, 6.363, 6.65, 6.376, 5.297, 5.222, 5.764, 5.555, 5.275, 5.195, 4.754, 4.553, 3.901, 3.864, 3.494, 1.97, 1.02, 1.76, 2.6, 2.39, 1.93, 2.23, 3.56, 4.59, 5.0, 4.66, 4.34, 3.78, 3.47, 3.9, 5.07, 5.54, 5.46, 5.94, 5.46, 4.64], [1.43, 1.29, 1.57, 1.49, 1.2, 1.48, 1.62, 1.83, 2.09, 1.9, 1.83, 1.45, 1.43, 1.14, 1.14, 1.21, 1.75, 2.01, 1.9, 1.56, 1.56, 1.48, 1.48, 1.16, 0, 0.73, 1.13, 1.2, 1.33, 1.56, 2.11, 1.79, 1.28, 1.3, 1.56, 1.66, 2.0, 2.31, 2.79, 2.75, 3.039, 3.57, 3.407, 3.313, 3.703, 4.709, 5.629, 6.089, 6.732, 6.947, 5.979, 6.323, 6.678, 6.356, 5.27, 5.25, 5.637, 5.455, 5.241, 5.071, 4.694, 4.49, 3.824, 3.787, 3.417, 1.99, 1.44, 2.26, 2.7, 2.37, 1.89, 2.19, 3.54, 4.37, 4.7, 4.48, 4.26, 3.72, 3.47, 3.74, 4.75, 5.256, 5.156, 5.613, 5.076, 4.24], [1.62, 1.4, 1.64, 1.44, 1.29, 1.55, 1.59, 2.04, 2.2, 2.03, 1.92, 1.5, 1.36, 1.21, 1.07, 1.54, 2.06, 2.24, 2.17, 1.73, 1.71, 1.71, 1.73, 1.43, 0.73, 0, 0.92, 0.91, 1.08, 1.49, 2.2, 2.12, 1.67, 1.49, 1.69, 1.73, 2.11, 2.34, 2.84, 3.06, 3.329, 3.895, 3.709, 3.63, 4.003, 5.005, 5.928, 6.404, 7.047, 7.258, 6.296, 6.621, 6.976, 6.651, 5.571, 5.551, 5.957, 5.747, 5.553, 5.41, 4.975, 4.802, 4.121, 4.084, 3.719, 2.2, 1.63, 2.51, 2.99, 2.4, 1.92, 2.26, 3.69, 4.46, 4.81, 4.47, 4.31, 3.71, 3.42, 3.69, 4.4, 4.886, 4.786, 5.255, 4.726, 3.89], [1.78, 1.72, 1.7, 1.64, 1.63, 1.77, 1.79, 2.14, 2.44, 2.15, 2.04, 1.66, 1.58, 1.37, 1.25, 1.72, 2.08, 2.24, 2.21, 1.97, 1.95, 1.83, 1.89, 1.63, 1.13, 0.92, 0, 0.93, 1.46, 1.71, 2.36, 2.2, 1.93, 1.45, 1.73, 1.75, 2.15, 2.46, 3.0, 3.28, 3.437, 3.923, 3.766, 3.702, 4.044, 5.056, 5.976, 6.434, 7.074, 7.319, 6.363, 6.673, 7.043, 6.743, 5.643, 5.606, 5.993, 5.828, 5.607, 5.49, 5.062, 4.871, 4.208, 4.17, 3.781, 2.38, 1.79, 2.41, 3.03, 2.36, 2.06, 2.2, 3.53, 4.38, 4.67, 4.35, 4.13, 3.59, 3.32, 3.51, 4.42, 4.93, 4.83, 5.301, 4.763, 3.89], [2.03, 1.93, 2.03, 1.63, 1.46, 1.52, 1.76, 2.17, 2.37, 2.26, 2.13, 1.71, 1.51, 1.32, 1.3, 1.71, 2.25, 2.49, 2.58, 2.12, 1.92, 1.82, 1.82, 1.8, 1.2, 0.91, 0.93, 0, 0.77, 1.44, 2.33, 2.11, 1.84, 1.54, 1.78, 1.92, 2.14, 2.61, 3.15, 3.19, 3.573, 4.014, 3.882, 3.704, 4.056, 5.085, 6.005, 6.481, 7.121, 7.372, 6.398, 6.723, 7.081, 6.772, 5.716, 5.641, 6.069, 5.864, 5.669, 5.552, 5.151, 4.9, 4.237, 4.194, 3.875, 2.75, 2.02, 2.7, 3.28, 2.67, 2.17, 2.53, 3.88, 4.67, 4.86, 4.56, 4.24, 3.84, 3.61, 3.66, 4.39, 4.92, 4.8, 5.271, 4.74, 3.86], [2.36, 2.22, 2.38, 1.88, 1.47, 1.71, 1.75, 2.22, 2.4, 2.29, 2.12, 1.8, 1.68, 1.55, 1.63, 1.86, 2.42, 2.7, 2.81, 2.31, 2.17, 2.07, 1.95, 2.07, 1.33, 1.08, 1.46, 0.77, 0, 1.21, 2.18, 2.04, 1.91, 1.91, 2.03, 2.19, 2.41, 2.76, 3.16, 3.14, 3.512, 3.949, 3.797, 3.662, 4.039, 5.044, 5.929, 6.43, 7.062, 7.293, 6.331, 6.676, 7.016, 6.688, 5.701, 5.616, 6.018, 5.813, 5.681, 5.561, 5.077, 4.876, 4.27, 4.198, 3.908, 2.92, 2.45, 3.13, 3.41, 3.0, 2.64, 3.0, 4.27, 5.06, 5.27, 5.03, 4.61, 4.25, 3.96, 3.95, 4.42, 4.89, 4.81, 5.303, 4.746, 3.97], [2.55, 2.25, 2.49, 2.21, 1.68, 1.46, 1.26, 1.57, 1.71, 1.54, 1.55, 1.25, 1.37, 1.88, 1.76, 1.85, 2.05, 2.41, 2.48, 2.16, 2.22, 2.16, 2.36, 2.1, 1.56, 1.49, 1.71, 1.44, 1.21, 0, 1.23, 1.67, 2.3, 2.6, 2.7, 2.56, 2.74, 3.07, 3.17, 3.17, 3.11, 3.456, 3.33, 3.126, 3.546, 4.465, 5.377, 5.87, 6.524, 6.727, 5.728, 6.076, 6.416, 6.071, 5.063, 5.017, 5.395, 5.202, 5.05, 4.936, 4.395, 4.23, 3.621, 3.604, 3.309, 2.51, 2.44, 2.94, 3.1, 3.19, 3.11, 3.53, 4.86, 5.65, 5.88, 5.52, 5.18, 4.66, 4.39, 4.3, 5.01, 5.44, 5.38, 5.806, 5.259, 4.4], [2.78, 2.58, 3.02, 3.06, 2.43, 1.49, 1.31, 1.32, 1.24, 1.39, 1.54, 1.52, 1.86, 2.27, 2.29, 1.96, 1.78, 2.08, 2.37, 2.43, 2.57, 2.41, 2.87, 2.49, 2.11, 2.2, 2.36, 2.33, 2.18, 1.23, 0, 1.32, 2.63, 3.13, 3.19, 3.01, 3.15, 3.22, 3.16, 3.1, 2.72, 2.56, 2.58, 2.21, 2.57, 3.47, 4.358, 4.8, 5.437, 5.64, 4.643, 4.971, 5.32, 4.972, 4.035, 3.969, 4.316, 4.097, 4.034, 3.935, 3.388, 3.206, 2.623, 2.563, 2.41, 2.16, 2.79, 2.35, 2.89, 3.42, 3.42, 4.06, 5.37, 6.22, 6.65, 6.17, 5.99, 5.29, 4.9, 5.11, 6.06, 6.47, 6.39, 6.849, 6.307, 5.45], [2.12, 2.06, 2.68, 2.972, 2.543, 1.63, 1.65, 1.48, 1.48, 1.81, 1.64, 1.56, 1.72, 1.91, 1.97, 1.66, 1.7, 1.96, 2.13, 2.09, 2.01, 1.97, 2.11, 1.77, 1.79, 2.12, 2.2, 2.11, 2.04, 1.67, 1.32, 0, 1.65, 2.35, 2.25, 2.13, 2.27, 2.38, 2.5, 2.14, 2.04, 2.089, 1.92, 1.779, 2.174, 3.1, 4.015, 4.485, 5.136, 5.43, 4.467, 4.833, 5.154, 4.862, 3.844, 3.731, 4.194, 4.01, 3.889, 3.84, 3.317, 3.061, 2.458, 2.4, 2.19, 2.08, 2.07, 1.89, 2.35, 2.74, 2.6, 3.38, 4.69, 5.68, 6.11, 5.95, 5.51, 4.87, 4.64, 5.09, 6.29, 6.772, 6.697, 7.188, 6.637, 5.76], [1.69, 1.65, 2.21, 2.27, 1.9, 1.92, 2.06, 2.21, 2.35, 2.22, 2.07, 1.81, 1.75, 1.46, 1.58, 1.59, 1.97, 2.27, 2.12, 1.62, 1.4, 1.4, 1.38, 1.46, 1.28, 1.67, 1.93, 1.84, 1.91, 2.3, 2.63, 1.65, 0, 1.08, 1.18, 1.5, 1.66, 1.89, 2.61, 2.43, 2.65, 3.068, 2.929, 2.83, 3.364, 4.242, 5.16, 5.592, 6.21, 6.476, 5.592, 5.866, 6.236, 5.965, 4.872, 4.815, 5.295, 5.118, 4.81, 4.729, 4.374, 4.197, 3.534, 3.511, 3.144, 2.05, 1.5, 1.98, 2.4, 2.21, 1.69, 1.95, 3.36, 4.43, 4.94, 4.833, 4.34, 3.7, 3.43, 4.0, 5.31, 5.796, 5.696, 6.162, 5.636, 4.756], [1.69, 1.65, 1.71, 1.67, 1.9, 2.32, 2.56, 2.79, 2.95, 2.68, 2.43, 2.05, 1.85, 1.36, 1.4, 1.79, 2.35, 2.53, 2.48, 2.02, 1.86, 1.82, 1.44, 1.6, 1.3, 1.49, 1.45, 1.54, 1.91, 2.6, 3.13, 2.35, 1.08, 0, 0.88, 1.42, 1.64, 2.07, 2.87, 2.907, 3.339, 3.923, 3.792, 3.73, 4.213, 5.145, 6.06, 6.486, 7.121, 7.352, 6.442, 6.733, 7.092, 6.811, 5.699, 5.695, 6.162, 5.959, 5.644, 5.524, 5.186, 5.023, 4.358, 4.306, 3.928, 2.49, 1.66, 2.44, 3.06, 2.37, 1.65, 1.49, 2.7, 3.65, 4.06, 3.98, 3.48, 2.94, 2.71, 3.14, 4.41, 4.94, 4.813, 5.291, 4.76, 3.88], [1.71, 1.69, 2.05, 2.17, 2.18, 2.4, 2.64, 2.75, 2.91, 2.74, 2.47, 2.13, 1.97, 1.54, 1.52, 1.89, 2.35, 2.55, 2.42, 1.98, 1.74, 1.78, 1.46, 1.9, 1.56, 1.69, 1.73, 1.78, 2.03, 2.7, 3.19, 2.25, 1.18, 0.88, 0, 0.94, 1.38, 1.77, 2.63, 2.673, 3.154, 3.717, 3.586, 3.511, 3.86, 4.853, 5.73, 6.203, 6.84, 7.143, 6.216, 6.549, 6.915, 6.597, 5.515, 5.422, 5.914, 5.743, 5.522, 5.476, 4.994, 4.751, 4.068, 4.111, 3.658, 2.47, 1.92, 2.68, 2.98, 2.43, 1.75, 1.57, 2.72, 3.71, 4.3, 4.173, 3.74, 3.12, 2.77, 3.305, 4.595, 5.036, 5.002, 5.482, 4.945, 4.096], [1.43, 1.49, 2.21, 2.45, 2.42, 2.34, 2.42, 2.55, 2.61, 2.48, 2.15, 1.89, 1.81, 1.44, 1.3, 1.79, 1.93, 2.13, 1.9, 1.4, 1.16, 1.36, 1.46, 2.0, 1.66, 1.73, 1.75, 1.92, 2.19, 2.56, 3.01, 2.13, 1.5, 1.42, 0.94, 0, 0.8, 1.47, 2.07, 2.29, 2.59, 3.17, 3.037, 2.982, 3.382, 4.316, 5.182, 5.665, 6.254, 6.584, 5.654, 5.965, 6.324, 6.024, 4.931, 4.851, 5.323, 5.168, 4.871, 4.87, 4.513, 4.2, 3.54, 3.643, 3.127, 1.97, 1.84, 2.4, 2.42, 2.03, 1.43, 1.53, 2.98, 4.237, 4.84, 4.739, 4.249, 3.485, 3.255, 3.833, 5.178, 5.622, 5.582, 6.047, 5.519, 4.699], [1.63, 1.77, 2.53, 2.77, 2.8, 2.54, 2.68, 2.67, 2.75, 2.66, 2.33, 2.11, 2.09, 1.7, 1.66, 1.95, 2.11, 2.21, 2.04, 1.56, 1.42, 1.58, 1.82, 2.3, 2.0, 2.11, 2.15, 2.14, 2.41, 2.74, 3.15, 2.27, 1.66, 1.64, 1.38, 0.8, 0, 1.05, 1.65, 1.83, 2.18, 2.737, 2.66, 2.662, 3.302, 4.002, 4.752, 5.233, 5.768, 6.117, 5.194, 5.518, 5.838, 5.537, 4.447, 4.394, 4.957, 4.728, 4.392, 4.41, 4.296, 3.943, 3.37, 3.415, 2.92, 2.07, 1.96, 2.34, 1.96, 1.63, 1.31, 1.51, 3.28, 4.716, 5.28, 5.259, 4.722, 3.985, 3.76, 4.373, 5.697, 6.179, 6.122, 6.596, 6.045, 5.199], [1.58, 1.94, 2.6, 2.94, 3.23, 2.93, 2.85, 2.72, 2.72, 2.53, 2.36, 2.34, 2.4, 2.17, 2.01, 2.02, 2.06, 2.2, 1.99, 1.93, 1.99, 2.13, 2.41, 2.51, 2.31, 2.34, 2.46, 2.61, 2.76, 3.07, 3.22, 2.38, 1.89, 2.07, 1.77, 1.47, 1.05, 0, 1.1, 1.64, 1.68, 2.22, 2.182, 2.33, 2.93, 3.552, 4.311, 4.756, 5.267, 5.641, 4.776, 5.09, 5.408, 5.033, 3.995, 3.984, 4.547, 4.378, 4.02, 4.0, 3.89, 3.56, 3.1, 3.14, 2.65, 1.92, 2.09, 2.15, 1.79, 1.32, 1.24, 1.98, 3.75, 5.191, 5.79, 5.749, 5.232, 4.532, 4.31, 4.863, 6.21, 6.652, 6.617, 7.097, 6.557, 5.68], [2.28, 2.54, 3.1, 3.64, 3.73, 3.27, 3.09, 2.78, 2.68, 2.55, 2.38, 2.5, 2.64, 2.53, 2.55, 2.22, 2.22, 2.32, 2.27, 2.39, 2.47, 2.57, 2.85, 3.09, 2.79, 2.84, 3.0, 3.15, 3.16, 3.17, 3.16, 2.5, 2.61, 2.87, 2.63, 2.07, 1.65, 1.1, 0, 1.12, 1.4, 1.74, 1.82, 2.05, 2.55, 3.03, 3.65, 4.116, 4.637, 4.903, 4.012, 4.286, 4.599, 4.306, 3.32, 3.4, 3.885, 3.63, 3.38, 3.52, 3.31, 2.98, 2.72, 2.78, 2.39, 2.08, 2.79, 2.61, 1.87, 1.52, 1.82, 2.6, 4.498, 5.878, 6.462, 6.445, 5.905, 5.144, 4.882, 5.498, 6.851, 7.33, 7.279, 7.755, 7.183, 6.298], [2.58, 2.74, 3.594, 3.827, 3.749, 3.11, 3.05, 2.68, 2.66, 2.75, 2.44, 2.54, 2.68, 2.73, 2.83, 2.3, 2.38, 2.48, 2.55, 2.51, 2.55, 2.51, 2.67, 3.05, 2.75, 3.06, 3.28, 3.19, 3.14, 3.17, 3.1, 2.14, 2.43, 2.907, 2.673, 2.29, 1.83, 1.64, 1.12, 0, 1.14, 1.56, 1.66, 1.79, 2.47, 2.99, 3.57, 3.92, 4.395, 4.649, 3.892, 4.169, 4.369, 4.183, 3.16, 3.26, 3.985, 3.71, 3.16, 3.38, 3.29, 3.02, 2.74, 2.78, 2.43, 2.5, 2.93, 2.41, 1.77, 1.88, 2.02, 2.82, 4.654, 6.086, 6.654, 6.65, 6.079, 5.355, 5.105, 5.706, 7.031, 7.541, 7.487, 7.967, 7.398, 6.506], [2.72, 2.832, 3.765, 4.214, 3.989, 3.19, 2.91, 2.52, 2.52, 2.57, 2.4, 2.657, 2.902, 3.009, 3.061, 2.44, 1.96, 1.96, 2.05, 2.47, 2.59, 2.61, 3.053, 3.07, 3.039, 3.329, 3.437, 3.573, 3.512, 3.11, 2.72, 2.04, 2.65, 3.339, 3.154, 2.59, 2.18, 1.68, 1.4, 1.14, 0, 0.88, 1.18, 1.37, 1.99, 2.53, 3.15, 3.34, 3.865, 4.154, 3.578, 3.832, 4.034, 3.791, 2.84, 2.98, 3.548, 3.35, 2.86, 2.82, 2.83, 2.56, 2.26, 2.32, 1.91, 2.06, 2.97, 2.03, 1.37, 1.64, 2.26, 3.453, 5.227, 6.618, 7.19, 7.188, 6.639, 5.947, 5.696, 6.269, 7.608, 8.098, 8.044, 8.503, 7.949, 7.066], [3.22, 3.389, 4.288, 4.823, 4.423, 3.313, 3.069, 2.596, 2.519, 2.915, 2.828, 3.111, 3.39, 3.507, 3.604, 2.843, 2.283, 2.14, 2.43, 2.919, 2.995, 3.029, 3.477, 3.454, 3.57, 3.895, 3.923, 4.014, 3.949, 3.456, 2.56, 2.089, 3.068, 3.923, 3.717, 3.17, 2.737, 2.22, 1.74, 1.56, 0.88, 0, 0.7, 0.83, 1.41, 1.79, 2.41, 2.68, 3.253, 3.569, 2.935, 3.209, 3.432, 3.208, 2.16, 2.26, 2.851, 2.61, 2.22, 2.26, 2.15, 1.9, 1.72, 1.72, 1.39, 2.28, 3.431, 2.09, 1.51, 2.14, 2.76, 4.053, 5.871, 7.254, 7.787, 7.795, 7.239, 6.512, 6.316, 6.869, 8.193, 8.692, 8.644, 9.129, 8.563, 7.68], [3.042, 3.249, 4.171, 4.649, 4.266, 3.135, 2.932, 2.479, 2.36, 2.695, 2.665, 2.934, 3.233, 3.347, 3.436, 2.723, 2.2, 2.12, 2.29, 2.764, 2.844, 2.866, 3.356, 3.223, 3.407, 3.709, 3.766, 3.882, 3.797, 3.33, 2.58, 1.92, 2.929, 3.792, 3.586, 3.037, 2.66, 2.182, 1.82, 1.66, 1.18, 0.7, 0, 0.87, 1.33, 1.69, 2.35, 2.76, 3.361, 3.76, 2.95, 3.226, 3.52, 3.263, 2.28, 2.26, 2.76, 2.53, 2.4, 2.42, 2.11, 1.82, 1.5, 1.56, 1.29, 2.14, 3.265, 2.01, 1.67, 2.314, 2.614, 4.033, 5.767, 7.098, 7.651, 7.618, 7.064, 6.355, 6.145, 6.712, 8.013, 8.515, 8.464, 8.952, 8.386, 7.503], [3.044, 3.145, 4.077, 4.605, 4.153, 3.023, 2.739, 2.326, 2.23, 2.685, 2.558, 2.821, 3.1, 3.277, 3.374, 2.693, 2.13, 2.15, 2.42, 2.788, 2.828, 2.82, 3.256, 3.253, 3.313, 3.63, 3.702, 3.704, 3.662, 3.126, 2.21, 1.779, 2.83, 3.73, 3.511, 2.982, 2.662, 2.33, 2.05, 1.79, 1.37, 0.83, 0.87, 0, 1.12, 1.66, 2.4, 2.85, 3.434, 3.758, 2.902, 3.179, 3.51, 3.19, 2.27, 2.17, 2.69, 2.46, 2.31, 2.33, 1.98, 1.69, 1.31, 1.33, 1.22, 2.15, 3.198, 2.0, 2.0, 2.69, 2.83, 3.972, 5.694, 7.045, 7.565, 7.52, 6.994, 6.282, 6.046, 6.639, 7.918, 8.425, 8.385, 8.845, 8.288, 7.393], [3.406, 3.599, 4.46, 5.055, 4.536, 3.303, 3.119, 2.686, 2.57, 2.945, 2.958, 3.201, 3.54, 3.725, 3.79, 2.997, 2.386, 2.29, 2.634, 3.182, 3.242, 3.233, 3.735, 3.619, 3.703, 4.003, 4.044, 4.056, 4.039, 3.546, 2.57, 2.174, 3.364, 4.213, 3.86, 3.382, 3.302, 2.93, 2.55, 2.47, 1.99, 1.41, 1.33, 1.12, 0, 1.1, 2.0, 2.487, 3.099, 3.475, 2.632, 2.949, 3.212, 2.912, 1.99, 1.85, 2.262, 2.2, 2.11, 2.21, 1.7, 1.59, 1.19, 1.19, 1.22, 2.35, 3.621, 2.36, 2.38, 3.17, 3.31, 4.549, 6.126, 7.456, 8.008, 7.916, 7.452, 6.721, 6.452, 7.022, 8.266, 8.765, 8.702, 9.17, 8.602, 7.716], [4.407, 4.576, 5.427, 6.015, 5.533, 4.294, 4.033, 3.64, 3.489, 3.865, 3.878, 4.195, 4.5, 4.697, 4.763, 3.956, 3.293, 3.176, 3.487, 4.075, 4.17, 4.182, 4.694, 4.593, 4.709, 5.005, 5.056, 5.085, 5.044, 4.465, 3.47, 3.1, 4.242, 5.145, 4.853, 4.316, 4.002, 3.552, 3.03, 2.99, 2.53, 1.79, 1.69, 1.66, 1.1, 0, 1.0, 1.49, 2.099, 2.592, 1.82, 2.1, 2.3, 1.96, 1.19, 0.97, 1.37, 1.4, 1.49, 1.57, 1.32, 1.31, 1.43, 1.41, 1.58, 3.187, 4.598, 3.17, 2.88, 3.63, 3.966, 5.349, 7.017, 8.379, 8.977, 8.921, 8.38, 7.662, 7.446, 7.979, 9.28, 9.779, 9.728, 10.182, 9.616, 8.736], [5.262, 5.43, 6.345, 6.928, 6.436, 5.192, 4.925, 4.515, 4.343, 4.716, 4.712, 5.055, 5.381, 5.595, 5.658, 4.851, 4.208, 4.044, 4.376, 4.934, 5.032, 5.046, 5.557, 5.44, 5.629, 5.928, 5.976, 6.005, 5.929, 5.377, 4.358, 4.015, 5.16, 6.06, 5.73, 5.182, 4.752, 4.311, 3.65, 3.57, 3.15, 2.41, 2.35, 2.4, 2.0, 1.0, 0, 0.71, 1.23, 1.9, 1.28, 1.58, 1.62, 1.38, 0.97, 0.79, 0.89, 1.06, 1.37, 1.39, 1.4, 1.47, 1.93, 1.95, 2.294, 4.085, 5.5, 4.053, 3.52, 4.23, 4.791, 6.123, 7.901, 9.29, 9.895, 9.838, 9.303, 8.574, 8.298, 8.902, 10.203, 10.702, 10.646, 11.105, 10.536, 9.656], [5.709, 5.92, 6.789, 7.36, 6.929, 5.682, 5.413, 4.985, 4.81, 5.178, 5.182, 5.536, 5.868, 6.054, 6.136, 5.31, 4.663, 4.512, 4.866, 5.424, 5.522, 5.533, 6.011, 5.921, 6.089, 6.404, 6.434, 6.481, 6.43, 5.87, 4.8, 4.485, 5.592, 6.486, 6.203, 5.665, 5.233, 4.756, 4.116, 3.92, 3.34, 2.68, 2.76, 2.85, 2.487, 1.49, 0.71, 0, 0.88, 1.45, 1.35, 1.59, 1.49, 1.17, 1.18, 1.04, 1.2, 1.29, 1.48, 1.54, 1.71, 1.98, 2.46, 2.44, 2.804, 4.537, 5.963, 4.48, 3.77, 4.5, 5.178, 6.593, 8.373, 9.769, 10.328, 10.299, 9.764, 9.021, 8.776, 9.38, 10.691, 11.184, 11.144, 11.612, 11.043, 10.148], [6.35, 6.533, 7.449, 8.01, 7.575, 6.334, 6.058, 5.614, 5.442, 5.826, 5.831, 6.171, 6.5, 6.685, 6.762, 5.956, 5.278, 5.155, 5.437, 5.965, 6.085, 6.126, 6.642, 6.565, 6.732, 7.047, 7.074, 7.121, 7.062, 6.524, 5.437, 5.136, 6.21, 7.121, 6.84, 6.254, 5.768, 5.267, 4.637, 4.395, 3.865, 3.253, 3.361, 3.434, 3.099, 2.099, 1.23, 0.88, 0, 1.07, 1.43, 1.53, 1.29, 1.17, 1.66, 1.62, 1.4, 1.59, 1.72, 1.82, 2.37, 2.454, 3.0, 3.003, 3.367, 5.158, 6.61, 5.124, 4.308, 5.128, 5.813, 7.12, 8.962, 10.401, 10.971, 10.951, 10.405, 9.646, 9.374, 10.009, 11.339, 11.838, 11.784, 12.241, 11.663, 10.777], [6.655, 6.823, 7.655, 8.198, 7.778, 6.551, 6.264, 5.82, 5.636, 6.035, 6.042, 6.388, 6.713, 6.897, 6.982, 6.167, 5.497, 5.354, 5.718, 6.272, 6.413, 6.402, 6.883, 6.924, 6.947, 7.258, 7.319, 7.372, 7.293, 6.727, 5.64, 5.43, 6.476, 7.352, 7.143, 6.584, 6.117, 5.641, 4.903, 4.649, 4.154, 3.569, 3.76, 3.758, 3.475, 2.592, 1.9, 1.45, 1.07, 0, 1.3, 1.24, 0.86, 1.32, 1.93, 1.93, 1.61, 1.8, 1.95, 2.03, 2.58, 2.633, 3.166, 3.197, 3.587, 5.399, 6.886, 5.475, 4.649, 5.401, 6.13, 7.403, 9.21, 10.618, 11.197, 11.174, 10.639, 9.858, 9.59, 10.218, 11.55, 12.049, 11.995, 12.446, 11.865, 10.983], [5.732, 5.883, 6.651, 7.139, 6.676, 5.439, 5.17, 4.76, 4.591, 4.96, 4.977, 5.382, 5.62, 5.828, 6.025, 5.205, 4.575, 4.443, 4.765, 5.315, 5.464, 5.464, 5.968, 6.015, 5.979, 6.296, 6.363, 6.398, 6.331, 5.728, 4.643, 4.467, 5.592, 6.442, 6.216, 5.654, 5.194, 4.776, 4.012, 3.892, 3.578, 2.935, 2.95, 2.902, 2.632, 1.82, 1.28, 1.35, 1.43, 1.3, 0, 0.68, 0.84, 1.08, 1.27, 1.19, 1.13, 1.18, 1.27, 1.41, 1.76, 1.73, 2.269, 2.268, 2.686, 4.428, 5.937, 4.606, 3.875, 4.717, 5.329, 6.488, 8.22, 9.642, 10.146, 10.106, 9.594, 8.864, 8.599, 9.199, 10.511, 10.964, 10.916, 11.349, 10.792, 9.908], [6.054, 6.217, 6.991, 7.45, 7.001, 5.777, 5.493, 5.063, 4.876, 5.303, 5.298, 5.708, 5.931, 6.151, 6.347, 5.533, 4.887, 4.783, 5.119, 5.653, 5.811, 5.79, 6.288, 6.363, 6.323, 6.621, 6.673, 6.723, 6.676, 6.076, 4.971, 4.833, 5.866, 6.733, 6.549, 5.965, 5.518, 5.09, 4.286, 4.169, 3.832, 3.209, 3.226, 3.179, 2.949, 2.1, 1.58, 1.59, 1.53, 1.24, 0.68, 0, 0.68, 1.18, 1.49, 1.57, 1.27, 1.38, 1.43, 1.55, 2.08, 1.97, 2.54, 2.56, 2.986, 4.758, 6.26, 4.949, 4.222, 4.997, 5.62, 6.776, 8.565, 9.982, 10.451, 10.428, 9.903, 9.172, 8.915, 9.527, 10.854, 11.304, 11.253, 11.692, 11.137, 10.251], [6.389, 6.553, 7.34, 7.787, 7.353, 6.12, 5.839, 5.404, 5.234, 5.641, 5.615, 6.04, 6.28, 6.486, 6.695, 5.888, 5.257, 5.136, 5.476, 5.992, 6.15, 6.142, 6.632, 6.65, 6.678, 6.976, 7.043, 7.081, 7.016, 6.416, 5.32, 5.154, 6.236, 7.092, 6.915, 6.324, 5.838, 5.408, 4.599, 4.369, 4.034, 3.432, 3.52, 3.51, 3.212, 2.3, 1.62, 1.49, 1.29, 0.86, 0.84, 0.68, 0, 0.96, 1.63, 1.63, 1.35, 1.4, 1.67, 1.81, 2.32, 2.273, 2.903, 2.937, 3.327, 5.129, 6.613, 5.254, 4.454, 5.293, 5.91, 7.083, 8.896, 10.34, 10.824, 10.78, 10.263, 9.536, 9.27, 9.888, 11.194, 11.644, 11.593, 12.032, 11.474, 10.586], [6.064, 6.238, 7.044, 7.531, 7.08, 5.806, 5.543, 5.12, 4.938, 5.296, 5.323, 5.73, 6.004, 6.224, 6.377, 5.573, 4.961, 4.823, 5.138, 5.692, 5.839, 5.839, 6.311, 6.376, 6.356, 6.651, 6.743, 6.772, 6.688, 6.071, 4.972, 4.862, 5.965, 6.811, 6.597, 6.024, 5.537, 5.033, 4.306, 4.183, 3.791, 3.208, 3.263, 3.19, 2.912, 1.96, 1.38, 1.17, 1.17, 1.32, 1.08, 1.18, 0.96, 0, 1.19, 1.33, 1.33, 1.26, 1.59, 1.65, 1.918, 2.079, 2.619, 2.645, 3.046, 4.798, 6.305, 5.01, 4.27, 5.12, 5.686, 6.793, 8.61, 10.027, 10.537, 10.483, 9.963, 9.237, 8.965, 9.587, 10.866, 11.319, 11.236, 11.695, 11.097, 10.223], [4.984, 5.145, 5.991, 6.523, 6.074, 4.846, 4.562, 4.175, 3.991, 4.35, 4.383, 4.672, 5.007, 5.266, 5.301, 4.496, 3.839, 3.742, 4.065, 4.599, 4.757, 4.737, 5.211, 5.297, 5.27, 5.571, 5.643, 5.716, 5.701, 5.063, 4.035, 3.844, 4.872, 5.699, 5.515, 4.931, 4.447, 3.995, 3.32, 3.16, 2.84, 2.16, 2.28, 2.27, 1.99, 1.19, 0.97, 1.18, 1.66, 1.93, 1.27, 1.49, 1.63, 1.19, 0, 0.68, 1.26, 1.09, 1.02, 1.0, 1.17, 1.3, 1.68, 1.626, 1.976, 3.728, 5.213, 3.903, 3.172, 3.987, 4.573, 5.726, 7.538, 8.958, 9.51, 9.479, 8.93, 8.176, 7.919, 8.547, 9.852, 10.325, 10.268, 10.719, 10.152, 9.278], [4.893, 5.099, 6.0, 6.534, 6.054, 4.843, 4.562, 4.174, 3.999, 4.338, 4.351, 4.678, 5.012, 5.248, 5.3, 4.51, 3.852, 3.729, 4.005, 4.579, 4.674, 4.706, 5.235, 5.222, 5.25, 5.551, 5.606, 5.641, 5.616, 5.017, 3.969, 3.731, 4.815, 5.695, 5.422, 4.851, 4.394, 3.984, 3.4, 3.26, 2.98, 2.26, 2.26, 2.17, 1.85, 0.97, 0.79, 1.04, 1.62, 1.93, 1.19, 1.57, 1.63, 1.33, 0.68, 0, 0.9, 0.89, 1.14, 1.22, 1.27, 1.26, 1.66, 1.58, 1.97, 3.744, 5.141, 3.822, 3.218, 4.074, 4.55, 5.742, 7.537, 8.944, 9.516, 9.463, 8.949, 8.188, 7.934, 8.52, 9.818, 10.288, 10.248, 10.689, 10.129, 9.232], [5.385, 5.535, 6.429, 6.972, 6.457, 5.278, 4.975, 4.603, 4.399, 4.802, 4.823, 5.132, 5.455, 5.679, 5.754, 4.908, 4.277, 4.131, 4.479, 5.071, 5.178, 5.185, 5.712, 5.764, 5.637, 5.957, 5.993, 6.069, 6.018, 5.395, 4.316, 4.194, 5.295, 6.162, 5.914, 5.323, 4.957, 4.547, 3.885, 3.985, 3.548, 2.851, 2.76, 2.69, 2.262, 1.37, 0.89, 1.2, 1.4, 1.61, 1.13, 1.27, 1.35, 1.33, 1.26, 0.9, 0, 0.87, 1.48, 1.38, 1.63, 1.56, 2.022, 2.015, 2.452, 4.176, 5.627, 4.358, 3.918, 4.654, 5.082, 6.301, 8.033, 9.387, 9.915, 9.89, 9.409, 8.63, 8.345, 8.975, 10.236, 10.705, 10.669, 11.096, 10.527, 9.644], [5.198, 5.358, 6.178, 6.703, 6.239, 5.002, 4.747, 4.34, 4.128, 4.506, 4.526, 4.871, 5.165, 5.375, 5.512, 4.705, 4.069, 3.993, 4.391, 4.876, 4.978, 4.972, 5.44, 5.555, 5.455, 5.747, 5.828, 5.864, 5.813, 5.202, 4.097, 4.01, 5.118, 5.959, 5.743, 5.168, 4.728, 4.378, 3.63, 3.71, 3.35, 2.61, 2.53, 2.46, 2.2, 1.4, 1.06, 1.29, 1.59, 1.8, 1.18, 1.38, 1.4, 1.26, 1.09, 0.89, 0.87, 0, 1.27, 1.29, 1.44, 1.31, 1.85, 1.83, 2.16, 3.956, 5.45, 4.24, 3.768, 4.581, 4.961, 5.979, 7.779, 9.159, 9.667, 9.617, 9.117, 8.362, 8.102, 8.709, 9.994, 10.487, 10.418, 10.878, 10.294, 9.429], [4.924, 5.07, 5.972, 6.528, 6.075, 4.877, 4.581, 4.125, 3.956, 4.341, 4.363, 4.677, 5.006, 5.193, 5.263, 4.461, 3.81, 3.743, 4.014, 4.505, 4.663, 4.66, 5.167, 5.275, 5.241, 5.553, 5.607, 5.669, 5.681, 5.05, 4.034, 3.889, 4.81, 5.644, 5.522, 4.871, 4.392, 4.02, 3.38, 3.16, 2.86, 2.22, 2.4, 2.31, 2.11, 1.49, 1.37, 1.48, 1.72, 1.95, 1.27, 1.43, 1.67, 1.59, 1.02, 1.14, 1.48, 1.27, 0, 0.72, 1.37, 1.28, 1.64, 1.62, 1.97, 3.677, 5.158, 3.838, 3.07, 3.92, 4.502, 5.588, 7.49, 8.91, 9.489, 9.471, 8.925, 8.158, 7.905, 8.555, 9.866, 10.376, 10.305, 10.758, 10.192, 9.297], [4.82, 4.988, 5.764, 6.341, 5.896, 4.74, 4.41, 3.962, 3.799, 4.187, 4.183, 4.52, 4.839, 5.073, 5.111, 4.276, 3.633, 3.542, 3.933, 4.458, 4.624, 4.6, 5.03, 5.195, 5.071, 5.41, 5.49, 5.552, 5.561, 4.936, 3.935, 3.84, 4.729, 5.524, 5.476, 4.87, 4.41, 4.0, 3.52, 3.38, 2.82, 2.26, 2.42, 2.33, 2.21, 1.57, 1.39, 1.54, 1.82, 2.03, 1.41, 1.55, 1.81, 1.65, 1.0, 1.22, 1.38, 1.29, 0.72, 0, 1.15, 1.12, 1.5, 1.54, 1.89, 3.563, 5.029, 3.706, 3.07, 3.84, 4.424, 5.623, 7.375, 8.741, 9.3, 9.297, 8.771, 8.004, 7.785, 8.427, 9.709, 10.244, 10.156, 10.584, 10.044, 9.143], [4.46, 4.637, 5.296, 5.809, 5.393, 4.228, 3.865, 3.475, 3.284, 3.658, 3.702, 4.014, 4.317, 4.594, 4.698, 3.885, 3.326, 3.274, 3.597, 4.065, 4.267, 4.241, 4.721, 4.754, 4.694, 4.975, 5.062, 5.151, 5.077, 4.395, 3.388, 3.317, 4.374, 5.186, 4.994, 4.513, 4.296, 3.89, 3.31, 3.29, 2.83, 2.15, 2.11, 1.98, 1.7, 1.32, 1.4, 1.71, 2.37, 2.58, 1.76, 2.08, 2.32, 1.918, 1.17, 1.27, 1.63, 1.44, 1.37, 1.15, 0, 0.93, 1.29, 1.19, 1.68, 3.21, 4.665, 3.591, 3.228, 4.001, 4.296, 5.536, 7.067, 8.337, 8.881, 8.848, 8.278, 7.563, 7.284, 7.871, 9.137, 9.624, 9.578, 10.04, 9.469, 8.574], [4.219, 4.39, 5.218, 5.752, 5.27, 4.0, 3.763, 3.339, 3.203, 3.53, 3.56, 3.869, 4.223, 4.402, 4.532, 3.726, 3.087, 3.024, 3.38, 3.88, 4.0, 3.994, 4.488, 4.553, 4.49, 4.802, 4.871, 4.9, 4.876, 4.23, 3.206, 3.061, 4.197, 5.023, 4.751, 4.2, 3.943, 3.56, 2.98, 3.02, 2.56, 1.9, 1.82, 1.69, 1.59, 1.31, 1.47, 1.98, 2.454, 2.633, 1.73, 1.97, 2.273, 2.079, 1.3, 1.26, 1.56, 1.31, 1.28, 1.12, 0.93, 0, 0.84, 0.92, 1.19, 2.987, 4.485, 3.365, 2.89, 3.68, 4.04, 5.156, 6.84, 8.198, 8.754, 8.657, 8.138, 7.402, 7.151, 7.725, 9.014, 9.487, 9.436, 9.913, 9.341, 8.455], [3.573, 3.717, 4.584, 5.131, 4.635, 3.397, 3.133, 2.733, 2.596, 2.955, 2.988, 3.254, 3.591, 3.809, 3.871, 3.075, 2.444, 2.46, 2.749, 3.229, 3.337, 3.33, 3.811, 3.901, 3.824, 4.121, 4.208, 4.237, 4.27, 3.621, 2.623, 2.458, 3.534, 4.358, 4.068, 3.54, 3.37, 3.1, 2.72, 2.74, 2.26, 1.72, 1.5, 1.31, 1.19, 1.43, 1.93, 2.46, 3.0, 3.166, 2.269, 2.54, 2.903, 2.619, 1.68, 1.66, 2.022, 1.85, 1.64, 1.5, 1.29, 0.84, 0, 0.46, 0.81, 2.32, 3.826, 2.665, 2.51, 3.26, 3.4, 4.579, 6.22, 7.535, 8.1, 8.029, 7.517, 6.779, 6.528, 7.104, 8.388, 8.898, 8.836, 9.309, 8.741, 7.866], [3.576, 3.744, 4.608, 5.094, 4.618, 3.38, 3.11, 2.697, 2.525, 2.938, 2.931, 3.291, 3.598, 3.79, 3.897, 3.044, 2.487, 2.502, 2.841, 3.3, 3.42, 3.38, 3.791, 3.864, 3.787, 4.084, 4.17, 4.194, 4.198, 3.604, 2.563, 2.4, 3.511, 4.306, 4.111, 3.643, 3.415, 3.14, 2.78, 2.78, 2.32, 1.72, 1.56, 1.33, 1.19, 1.41, 1.95, 2.44, 3.003, 3.197, 2.268, 2.56, 2.937, 2.645, 1.626, 1.58, 2.015, 1.83, 1.62, 1.54, 1.19, 0.92, 0.46, 0, 0.81, 2.48, 3.79, 2.725, 2.63, 3.38, 3.54, 4.662, 6.343, 7.581, 8.107, 8.023, 7.517, 6.822, 6.582, 7.133, 8.383, 8.881, 8.822, 9.292, 8.723, 7.829], [3.148, 3.292, 4.169, 4.735, 4.248, 3.083, 2.839, 2.446, 2.369, 2.665, 2.718, 2.941, 3.224, 3.461, 3.464, 2.649, 2.054, 2.03, 2.36, 2.827, 2.946, 2.927, 3.394, 3.494, 3.417, 3.719, 3.781, 3.875, 3.908, 3.309, 2.41, 2.19, 3.144, 3.928, 3.658, 3.127, 2.92, 2.65, 2.39, 2.43, 1.91, 1.39, 1.29, 1.22, 1.22, 1.58, 2.294, 2.804, 3.367, 3.587, 2.686, 2.986, 3.327, 3.046, 1.976, 1.97, 2.452, 2.16, 1.97, 1.89, 1.68, 1.19, 0.81, 0.81, 0, 1.93, 3.376, 2.238, 2.0, 2.81, 2.99, 4.069, 5.797, 7.106, 7.701, 7.647, 7.13, 6.406, 6.112, 6.688, 8.015, 8.511, 8.457, 8.937, 8.365, 7.485], [1.6, 1.72, 2.4, 2.995, 2.75, 2.39, 2.17, 1.94, 2.0, 1.81, 1.9, 1.96, 2.18, 2.07, 1.95, 1.42, 1.1, 1.06, 0.97, 1.33, 1.75, 1.73, 2.25, 1.97, 1.99, 2.2, 2.38, 2.75, 2.92, 2.51, 2.16, 2.08, 2.05, 2.49, 2.47, 1.97, 2.07, 1.92, 2.08, 2.5, 2.06, 2.28, 2.14, 2.15, 2.35, 3.187, 4.085, 4.537, 5.158, 5.399, 4.428, 4.758, 5.129, 4.798, 3.728, 3.744, 4.176, 3.956, 3.677, 3.563, 3.21, 2.987, 2.32, 2.48, 1.93, 0, 1.81, 1.29, 1.43, 1.78, 1.7, 2.56, 4.07, 5.36, 5.95, 5.916, 5.342, 4.63, 4.448, 4.961, 6.291, 6.762, 6.704, 7.167, 6.627, 5.75], [0.87, 0.95, 1.47, 1.81, 2.0, 2.08, 2.12, 2.07, 2.29, 2.22, 1.91, 1.75, 1.81, 1.68, 1.5, 1.43, 1.69, 1.85, 1.56, 1.32, 1.36, 1.4, 1.34, 1.02, 1.44, 1.63, 1.79, 2.02, 2.45, 2.44, 2.79, 2.07, 1.5, 1.66, 1.92, 1.84, 1.96, 2.09, 2.79, 2.93, 2.97, 3.431, 3.265, 3.198, 3.621, 4.598, 5.5, 5.963, 6.61, 6.886, 5.937, 6.26, 6.613, 6.305, 5.213, 5.141, 5.627, 5.45, 5.158, 5.029, 4.665, 4.485, 3.826, 3.79, 3.376, 1.81, 0, 1.64, 2.5, 2.09, 1.57, 1.85, 3.02, 4.11, 4.56, 4.5, 4.04, 3.44, 3.21, 3.8, 5.09, 5.6, 5.46, 5.9, 5.4, 4.6], [1.75, 1.93, 2.65, 3.215, 3.06, 2.32, 2.22, 1.99, 2.07, 2.26, 2.15, 2.29, 2.53, 2.46, 2.4, 1.81, 1.37, 1.25, 1.44, 1.78, 1.92, 1.86, 2.28, 1.76, 2.26, 2.51, 2.41, 2.7, 3.13, 2.94, 2.35, 1.89, 1.98, 2.44, 2.68, 2.4, 2.34, 2.15, 2.61, 2.41, 2.03, 2.09, 2.01, 2.0, 2.36, 3.17, 4.053, 4.48, 5.124, 5.475, 4.606, 4.949, 5.254, 5.01, 3.903, 3.822, 4.358, 4.24, 3.838, 3.706, 3.591, 3.365, 2.665, 2.725, 2.238, 1.29, 1.64, 0, 1.48, 1.67, 1.57, 2.57, 4.12, 5.43, 5.988, 5.988, 5.451, 4.86, 4.644, 5.177, 6.487, 6.991, 6.851, 7.328, 6.811, 5.931], [2.27, 2.47, 3.269, 3.829, 3.619, 2.76, 2.64, 2.41, 2.43, 2.32, 2.39, 2.53, 2.79, 2.72, 2.72, 2.07, 1.71, 1.57, 1.54, 1.98, 2.08, 2.1, 2.66, 2.6, 2.7, 2.99, 3.03, 3.28, 3.41, 3.1, 2.89, 2.35, 2.4, 3.06, 2.98, 2.42, 1.96, 1.79, 1.87, 1.77, 1.37, 1.51, 1.67, 2.0, 2.38, 2.88, 3.52, 3.77, 4.308, 4.649, 3.875, 4.222, 4.454, 4.27, 3.172, 3.218, 3.918, 3.768, 3.07, 3.07, 3.228, 2.89, 2.51, 2.63, 2.0, 1.43, 2.5, 1.48, 0, 0.99, 1.65, 2.95, 4.757, 6.247, 6.825, 6.825, 6.268, 5.631, 5.421, 5.994, 7.304, 7.808, 7.688, 8.17, 7.628, 6.748], [1.82, 2.1, 2.8, 3.222, 3.21, 2.81, 2.79, 2.68, 2.74, 2.49, 2.3, 2.4, 2.46, 2.31, 2.23, 1.92, 1.84, 1.74, 1.63, 1.89, 1.91, 1.97, 2.29, 2.39, 2.37, 2.4, 2.36, 2.67, 3.0, 3.19, 3.42, 2.74, 2.21, 2.37, 2.43, 2.03, 1.63, 1.32, 1.52, 1.88, 1.64, 2.14, 2.314, 2.69, 3.17, 3.63, 4.23, 4.5, 5.128, 5.401, 4.717, 4.997, 5.293, 5.12, 3.987, 4.074, 4.654, 4.581, 3.92, 3.84, 4.001, 3.68, 3.26, 3.38, 2.81, 1.78, 2.09, 1.67, 0.99, 0, 0.94, 2.24, 4.007, 5.477, 6.055, 6.055, 5.498, 4.881, 4.711, 5.284, 6.594, 7.098, 6.978, 7.435, 6.878, 5.998], [1.3, 1.74, 2.34, 2.56, 2.67, 2.55, 2.73, 2.7, 2.74, 2.57, 2.34, 2.28, 2.26, 1.79, 1.73, 1.66, 1.9, 1.92, 1.69, 1.53, 1.59, 1.59, 1.83, 1.93, 1.89, 1.92, 2.06, 2.17, 2.64, 3.11, 3.42, 2.6, 1.69, 1.65, 1.75, 1.43, 1.31, 1.24, 1.82, 2.02, 2.26, 2.76, 2.614, 2.83, 3.31, 3.966, 4.791, 5.178, 5.813, 6.13, 5.329, 5.62, 5.91, 5.686, 4.573, 4.55, 5.082, 4.961, 4.502, 4.424, 4.296, 4.04, 3.4, 3.54, 2.99, 1.7, 1.57, 1.57, 1.65, 0.94, 0, 1.7, 3.33, 4.697, 5.275, 5.275, 4.718, 4.101, 3.931, 4.504, 5.794, 6.298, 6.178, 6.635, 6.098, 5.218], [1.7, 1.74, 1.92, 2.12, 2.73, 3.17, 3.35, 3.46, 3.54, 3.37, 3.06, 2.84, 2.7, 2.19, 2.03, 2.44, 2.72, 2.74, 2.47, 2.05, 2.01, 2.07, 1.87, 2.23, 2.19, 2.26, 2.2, 2.53, 3.0, 3.53, 4.06, 3.38, 1.95, 1.49, 1.57, 1.53, 1.51, 1.98, 2.6, 2.82, 3.453, 4.053, 4.033, 3.972, 4.549, 5.349, 6.123, 6.593, 7.12, 7.403, 6.488, 6.776, 7.083, 6.793, 5.726, 5.742, 6.301, 5.979, 5.588, 5.623, 5.536, 5.156, 4.579, 4.662, 4.069, 2.56, 1.85, 2.57, 2.95, 2.24, 1.7, 0, 2.07, 3.48, 4.07, 4.01, 3.49, 2.81, 2.62, 3.21, 4.5, 4.975, 4.875, 5.312, 4.85, 4.03], [3.13, 3.09, 2.73, 3.17, 3.88, 4.5, 4.68, 4.81, 4.97, 4.76, 4.39, 4.13, 4.01, 3.46, 3.3, 3.79, 4.13, 4.19, 3.88, 3.52, 3.46, 3.48, 3.1, 3.56, 3.54, 3.69, 3.53, 3.88, 4.27, 4.86, 5.37, 4.69, 3.36, 2.7, 2.72, 2.98, 3.28, 3.75, 4.498, 4.654, 5.227, 5.871, 5.767, 5.694, 6.126, 7.017, 7.901, 8.373, 8.962, 9.21, 8.22, 8.565, 8.896, 8.61, 7.538, 7.537, 8.033, 7.779, 7.49, 7.375, 7.067, 6.84, 6.22, 6.343, 5.797, 4.07, 3.02, 4.12, 4.757, 4.007, 3.33, 2.07, 0, 1.57, 2.28, 2.14, 1.62, 1.42, 1.47, 1.98, 3.25, 3.84, 3.54, 3.82, 3.42, 2.86], [4.28, 4.16, 3.56, 3.94, 4.63, 5.37, 5.59, 5.82, 6.02, 5.75, 5.48, 5.14, 4.94, 4.43, 4.21, 4.82, 5.24, 5.42, 5.21, 4.77, 4.71, 4.65, 4.15, 4.59, 4.37, 4.46, 4.38, 4.67, 5.06, 5.65, 6.22, 5.68, 4.43, 3.65