[[0, 1.17, 2.44, 2.21, 2.41, 3.76, 4.22, 3.45, 3.22, 3.23, 3.64, 4.01, 4.22, 4.67, 5.47, 5.69, 5.36, 4.71, 2.76, 2.71, 2.98, 3.06, 3.13, 2.57, 2.83, 2.99, 3.42, 3.69, 4.47, 4.98, 4.95, 5.05, 5.24, 6.0, 6.05, 5.55, 5.59, 6.17, 6.43, 6.62, 6.3, 5.25, 5.15, 5.96, 7.26, 7.3, 7.05, 7.918, 8.972, 8.955, 9.115, 8.005, 5.775, 4.68, 4.08, 3.86, 3.91, 4.402, 4.832, 5.057, 4.025, 3.36, 2.87, 2.05, 2.25, 2.21, 2.36, 2.56, 2.51, 2.77, 2.9, 3.31, 3.92, 3.79, 4.22, 5.08, 5.11, 4.15, 2.34, 1.99, 2.91, 2.13, 2.38, 2.3, 1.75, 1.7], [1.17, 0, 1.43, 1.22, 1.56, 2.85, 3.21, 2.5, 2.23, 2.22, 2.75, 3.14, 3.27, 3.74, 4.32, 4.54, 4.27, 3.58, 2.13, 2.74, 2.95, 3.07, 3.32, 2.86, 3.1, 3.14, 3.83, 4.34, 5.44, 6.03, 5.92, 5.96, 6.07, 6.95, 7.02, 6.4, 6.66, 7.254, 7.488, 7.698, 7.29, 6.14, 6.0, 6.75, 7.95, 8.016, 7.746, 8.719, 9.973, 9.882, 9.962, 8.932, 6.519, 5.29, 4.87, 4.699, 4.82, 5.4, 5.876, 6.014, 5.011, 4.119, 3.54, 2.94, 3.219, 3.02, 2.95, 3.33, 3.28, 3.56, 3.81, 4.24, 5.001, 4.84, 5.25, 6.13, 6.12, 5.14, 3.17, 2.7, 3.62, 2.98, 3.09, 2.91, 1.92, 1.87], [2.44, 1.43, 0, 0.57, 0.85, 1.86, 2.16, 1.57, 1.28, 1.19, 1.6, 2.05, 2.32, 2.69, 3.27, 3.49, 2.98, 2.31, 1.58, 2.87, 3.26, 3.4, 3.49, 3.41, 3.27, 3.49, 4.54, 5.45, 6.51, 7.26, 7.09, 7.07, 7.22, 8.099, 8.189, 7.549, 7.87, 8.447, 8.669, 8.879, 8.459, 7.309, 7.112, 7.86, 8.925, 8.928, 8.55, 9.849, 11.24, 11.069, 11.054, 10.113, 7.591, 6.151, 5.92, 5.86, 5.97, 6.616, 7.094, 7.267, 6.204, 5.251, 4.61, 4.11, 4.37, 4.13, 4.12, 4.48, 4.39, 4.63, 4.96, 5.41, 6.18, 6.01, 6.42, 7.3, 7.275, 6.335, 4.28, 3.77, 4.71, 4.11, 4.16, 3.92, 2.53, 2.42], [2.21, 1.22, 0.57, 0, 0.9, 2.23, 2.39, 1.78, 1.45, 1.34, 1.87, 2.4, 2.71, 3.04, 3.56, 3.74, 3.21, 2.54, 1.83, 3.06, 3.43, 3.45, 3.6, 3.24, 3.3, 3.6, 4.63, 5.32, 6.32, 7.03, 6.9, 6.94, 7.07, 7.903, 7.993, 7.4, 7.66, 8.22, 8.473, 8.683, 8.263, 7.08, 6.882, 7.65, 8.77, 8.732, 8.354, 9.639, 11.018, 10.842, 10.858, 9.892, 7.375, 6.09, 5.77, 5.67, 5.74, 6.389, 6.864, 7.054, 5.954, 5.055, 4.52, 3.88, 4.16, 3.92, 3.95, 4.31, 4.179, 4.416, 4.761, 5.216, 5.986, 5.816, 6.226, 7.089, 7.059, 6.105, 4.09, 3.56, 4.52, 3.92, 3.99, 3.75, 2.44, 2.55], [2.41, 1.56, 0.85, 0.9, 0, 1.63, 1.95, 1.32, 1.17, 1.08, 1.41, 1.92, 2.35, 2.76, 3.3, 3.56, 3.13, 2.36, 1.81, 2.98, 3.55, 3.57, 3.78, 3.3, 3.06, 3.46, 4.67, 5.56, 6.66, 7.31, 7.2, 7.24, 7.35, 8.198, 8.288, 7.66, 7.939, 8.499, 8.768, 8.978, 8.558, 7.376, 7.159, 7.889, 9.043, 9.026, 8.56, 9.841, 11.226, 11.1, 11.149, 10.171, 7.669, 6.39, 6.049, 5.958, 6.028, 6.608, 7.141, 7.294, 6.251, 5.329, 4.799, 4.179, 4.459, 4.24, 4.203, 4.563, 4.473, 4.711, 5.041, 5.491, 6.261, 6.091, 6.501, 7.383, 7.353, 6.362, 4.39, 3.84, 4.82, 4.22, 4.21, 4.01, 2.72, 2.71], [3.76, 2.85, 1.86, 2.23, 1.63, 0, 0.84, 1.09, 1.38, 1.45, 1.02, 1.15, 1.44, 1.63, 2.21, 2.49, 2.14, 1.55, 2.08, 3.23, 3.94, 4.5, 4.65, 4.53, 3.67, 3.87, 5.58, 6.71, 7.95, 8.64, 8.53, 8.51, 8.66, 9.531, 9.621, 8.981, 9.261, 9.823, 10.101, 10.311, 9.891, 8.701, 8.486, 9.216, 10.336, 10.389, 9.879, 11.168, 12.567, 12.425, 12.485, 11.495, 9.042, 7.562, 7.322, 7.242, 7.335, 7.955, 8.468, 8.641, 7.575, 6.662, 5.972, 5.452, 5.732, 5.509, 5.516, 5.876, 5.786, 6.043, 6.373, 6.823, 7.593, 7.423, 7.833, 8.696, 8.686, 7.709, 5.711, 5.17, 6.15, 5.55, 5.54, 5.3, 3.87, 3.52], [4.22, 3.21, 2.16, 2.39, 1.95, 0.84, 0, 0.99, 1.36, 1.45, 1.14, 1.15, 1.52, 1.65, 2.09, 2.35, 1.88, 1.39, 2.1, 3.51, 4.34, 5.0, 5.05, 4.83, 4.01, 4.25, 6.02, 7.19, 8.45, 9.14, 9.03, 8.99, 9.16, 10.028, 10.118, 9.478, 9.758, 10.321, 10.598, 10.808, 10.388, 9.198, 8.981, 9.693, 10.833, 10.836, 10.229, 11.616, 13.036, 12.913, 12.963, 11.992, 9.499, 8.059, 7.819, 7.739, 7.829, 8.432, 8.962, 9.118, 8.072, 7.159, 6.409, 5.929, 6.209, 5.986, 6.013, 6.373, 6.283, 6.541, 6.871, 7.321, 8.091, 7.921, 8.331, 9.193, 9.174, 8.186, 6.208, 5.67, 6.65, 6.05, 6.02, 5.78, 4.37, 3.971], [3.45, 2.5, 1.57, 1.78, 1.32, 1.09, 0.99, 0, 0.73, 0.86, 0.97, 1.44, 1.99, 2.34, 2.88, 3.16, 2.59, 1.8, 1.95, 3.24, 3.95, 4.27, 4.3, 4.08, 3.38, 3.56, 5.27, 6.48, 7.7, 8.37, 8.26, 8.28, 8.39, 9.258, 9.348, 8.708, 8.988, 9.551, 9.828, 10.038, 9.618, 8.428, 8.211, 8.923, 10.063, 10.066, 9.459, 10.846, 12.266, 12.143, 12.193, 11.222, 8.729, 7.329, 7.049, 6.969, 7.059, 7.662, 8.192, 8.348, 7.302, 6.389, 5.759, 5.159, 5.439, 5.216, 5.243, 5.603, 5.513, 5.771, 6.101, 6.551, 7.321, 7.151, 7.561, 8.423, 8.404, 7.416, 5.45, 4.9, 5.88, 5.28, 5.25, 5.01, 3.74, 3.33], [3.22, 2.23, 1.28, 1.45, 1.17, 1.38, 1.36, 0.73, 0, 0.65, 1.26, 1.79, 2.2, 2.61, 3.09, 3.35, 2.76, 1.97, 2.0, 3.17, 3.8, 4.08, 4.13, 3.87, 3.35, 3.55, 5.18, 6.23, 7.43, 8.12, 8.01, 7.97, 8.14, 9.011, 9.101, 8.461, 8.741, 9.303, 9.581, 9.791, 9.371, 8.181, 7.966, 8.696, 9.816, 9.819, 9.232, 10.639, 12.042, 11.902, 11.946, 10.975, 8.482, 7.042, 6.802, 6.722, 6.815, 7.435, 7.948, 8.121, 7.055, 6.142, 5.392, 4.912, 5.192, 4.969, 4.996, 5.356, 5.266, 5.523, 5.853, 6.303, 7.073, 6.903, 7.313, 8.176, 8.16, 7.189, 5.191, 4.65, 5.63, 5.03, 5.02, 4.78, 3.37, 3.14], [3.23, 2.22, 1.19, 1.34, 1.08, 1.45, 1.45, 0.86, 0.65, 0, 1.19, 1.82, 2.13, 2.52, 2.96, 3.18, 2.63, 1.8, 2.13, 3.36, 3.93, 4.17, 4.24, 3.96, 3.54, 3.82, 5.37, 6.28, 7.36, 8.11, 7.94, 7.9, 8.07, 8.949, 9.039, 8.4, 8.719, 9.282, 9.519, 9.729, 9.309, 8.159, 7.962, 8.692, 9.775, 9.758, 9.246, 10.68, 12.063, 11.903, 11.903, 10.954, 8.421, 7.041, 6.761, 6.701, 6.811, 7.431, 7.944, 8.117, 7.034, 6.081, 5.411, 4.871, 5.131, 4.908, 4.935, 5.295, 5.205, 5.462, 5.792, 6.242, 7.012, 6.842, 7.252, 8.115, 8.105, 7.185, 5.129, 4.62, 5.56, 4.96, 5.01, 4.77, 3.32, 3.23], [3.64, 2.75, 1.6, 1.87, 1.41, 1.02, 1.14, 0.97, 1.26, 1.19, 0, 0.87, 1.44, 1.69, 2.23, 2.49, 2.02, 1.35, 2.16, 3.29, 4.04, 4.38, 4.47, 4.37, 3.65, 4.01, 5.5, 6.59, 7.77, 8.5, 8.35, 8.31, 8.48, 9.356, 9.446, 8.806, 9.109, 9.672, 9.926, 10.136, 9.716, 8.549, 8.352, 9.082, 10.162, 10.165, 9.687, 11.071, 12.456, 12.293, 12.31, 11.344, 8.828, 7.388, 7.151, 7.091, 7.201, 7.821, 8.334, 8.507, 7.424, 6.488, 5.778, 5.261, 5.538, 5.315, 5.342, 5.702, 5.612, 5.869, 6.199, 6.649, 7.419, 7.249, 7.659, 8.522, 8.512, 7.575, 5.54, 5.01, 5.97, 5.37, 5.4, 5.16, 3.81, 3.42], [4.01, 3.14, 2.05, 2.4, 1.92, 1.15, 1.15, 1.44, 1.79, 1.82, 0.87, 0, 0.87, 1.1, 1.82, 2.02, 1.85, 1.74, 2.17, 3.34, 4.27, 4.71, 4.88, 4.92, 4.18, 4.42, 5.79, 6.92, 8.16, 8.87, 8.74, 8.7, 8.87, 9.743, 9.833, 9.193, 9.479, 10.054, 10.313, 10.523, 10.103, 8.913, 8.716, 9.466, 10.569, 10.592, 10.209, 11.419, 12.821, 12.658, 12.698, 11.708, 9.215, 7.775, 7.535, 7.455, 7.565, 8.203, 8.698, 8.871, 7.788, 6.875, 6.145, 5.645, 5.925, 5.702, 5.749, 6.109, 5.999, 6.256, 6.586, 7.036, 7.806, 7.636, 8.046, 8.909, 8.893, 7.939, 5.923, 5.38, 6.36, 5.76, 5.77, 5.53, 4.16, 3.75], [4.22, 3.27, 2.32, 2.71, 2.35, 1.44, 1.52, 1.99, 2.2, 2.13, 1.44, 0.87, 0, 0.83, 1.55, 1.81, 1.74, 1.67, 2.2, 3.51, 4.12, 4.84, 5.35, 5.37, 4.61, 4.65, 6.02, 7.11, 8.25, 9.0, 8.81, 8.77, 8.94, 9.82, 9.91, 9.27, 9.67, 10.204, 10.39, 10.6, 10.18, 9.05, 8.861, 9.62, 10.66, 10.709, 10.562, 11.675, 13.034, 12.823, 12.803, 11.913, 9.352, 7.88, 7.68, 7.66, 7.73, 8.373, 8.843, 9.016, 7.933, 6.98, 6.304, 5.79, 6.004, 5.781, 5.826, 6.174, 6.078, 6.35, 6.691, 7.115, 7.885, 7.721, 8.125, 8.988, 8.984, 8.084, 6.0, 5.51, 6.47, 5.83, 5.9, 5.7, 4.21, 3.88], [4.67, 3.74, 2.69, 3.04, 2.76, 1.63, 1.65, 2.34, 2.61, 2.52, 1.69, 1.1, 0.83, 0, 0.98, 1.3, 1.23, 1.82, 2.51, 4.0, 4.53, 5.27, 5.82, 5.88, 5.12, 5.2, 6.49, 7.54, 8.68, 9.43, 9.24, 9.2, 9.37, 10.25, 10.34, 9.7, 10.1, 10.64, 10.82, 11.03, 10.61, 9.48, 9.3, 10.13, 11.127, 11.139, 11.069, 12.11, 13.479, 13.262, 13.233, 12.354, 9.762, 8.29, 8.11, 8.09, 8.16, 8.809, 9.273, 9.454, 8.363, 7.404, 6.777, 6.232, 6.434, 6.231, 6.299, 6.639, 6.532, 6.765, 7.121, 7.545, 8.315, 8.151, 8.555, 9.418, 9.414, 8.514, 6.43, 6.0, 6.86, 6.26, 6.33, 6.09, 4.66, 4.29], [5.47, 4.32, 3.27, 3.56, 3.3, 2.21, 2.09, 2.88, 3.09, 2.96, 2.23, 1.82, 1.55, 0.98, 0, 0.72, 1.01, 1.82, 3.03, 4.74, 5.37, 6.09, 6.5, 6.52, 5.76, 5.88, 7.27, 8.36, 9.54, 10.29, 10.1, 10.06, 10.23, 11.11, 11.2, 10.56, 10.92, 11.471, 11.68, 11.89, 11.47, 10.34, 10.16, 10.91, 11.947, 11.97, 11.72, 12.91, 14.281, 14.093, 14.087, 13.163, 10.584, 9.144, 8.95, 8.91, 9.0, 9.64, 10.127, 10.3, 9.217, 8.244, 7.554, 7.06, 7.294, 7.071, 7.116, 7.458, 7.368, 7.625, 7.961, 8.405, 9.175, 9.005, 9.415, 10.278, 10.268, 9.368, 7.29, 6.8, 7.72, 7.12, 7.19, 6.95, 5.52, 5.15], [5.69, 4.54, 3.49, 3.74, 3.56, 2.49, 2.35, 3.16, 3.35, 3.18, 2.49, 2.02, 1.81, 1.3, 0.72, 0, 1.13, 2.06, 3.25, 5.0, 5.55, 6.31, 6.76, 6.8, 6.04, 6.16, 7.47, 8.58, 9.72, 10.47, 10.3, 10.26, 10.43, 11.309, 11.399, 10.759, 11.12, 11.677, 11.879, 12.089, 11.669, 10.52, 10.328, 11.11, 12.167, 12.15, 11.98, 13.096, 14.49, 14.279, 14.276, 13.366, 10.793, 9.347, 9.133, 9.113, 9.183, 9.846, 10.316, 10.483, 9.4, 8.464, 7.774, 7.243, 7.491, 7.288, 7.319, 7.679, 7.585, 7.822, 8.164, 8.602, 9.372, 9.208, 9.612, 10.475, 10.465, 9.551, 7.489, 7.0, 7.92, 7.32, 7.37, 7.13, 5.68, 5.33], [5.36, 4.27, 2.98, 3.21, 3.13, 2.14, 1.88, 2.59, 2.76, 2.63, 2.02, 1.85, 1.74, 1.23, 1.01, 1.13, 0, 1.19, 2.96, 4.69, 5.24, 5.94, 6.27, 6.27, 5.57, 5.79, 7.18, 8.25, 9.41, 10.16, 9.97, 9.93, 10.1, 10.98, 11.07, 10.43, 10.81, 11.35, 11.55, 11.76, 11.34, 10.21, 10.018, 10.78, 11.803, 11.806, 11.462, 12.809, 14.188, 13.972, 13.96, 13.062, 10.457, 9.017, 8.817, 8.797, 8.867, 9.499, 10.0, 10.184, 9.09, 8.117, 7.459, 6.927, 7.164, 6.941, 7.003, 7.363, 7.238, 7.495, 7.828, 8.275, 9.045, 8.878, 9.285, 10.148, 10.138, 9.241, 7.16, 6.69, 7.59, 6.99, 7.06, 6.82, 5.37, 5.02], [4.71, 3.58, 2.31, 2.54, 2.36, 1.55, 1.39, 1.8, 1.97, 1.8, 1.35, 1.74, 1.67, 1.82, 1.82, 2.06, 1.19, 0, 2.39, 4.06, 4.67, 5.35, 5.52, 5.44, 4.74, 4.98, 6.53, 7.62, 8.8, 9.55, 9.38, 9.34, 9.51, 10.389, 10.479, 9.839, 10.18, 10.725, 10.959, 11.169, 10.749, 9.6, 9.405, 10.135, 11.195, 11.198, 10.709, 12.147, 13.535, 13.347, 13.347, 12.42, 9.861, 8.421, 8.204, 8.167, 8.254, 8.874, 9.387, 9.56, 8.477, 7.521, 6.797, 6.314, 6.571, 6.348, 6.375, 6.735, 6.645, 6.902, 7.232, 7.682, 8.452, 8.282, 8.692, 9.555, 9.545, 8.628, 6.569, 6.06, 7.0, 6.4, 6.45, 6.21, 4.76, 4.41], [2.76, 2.13, 1.58, 1.83, 1.81, 2.08, 2.1, 1.95, 2.0, 2.13, 2.16, 2.17, 2.2, 2.51, 3.03, 3.25, 2.96, 2.39, 0, 1.99, 2.74, 3.46, 3.73, 3.57, 2.93, 2.99, 4.38, 5.63, 6.89, 7.58, 7.47, 7.43, 7.6, 8.459, 8.549, 7.909, 8.189, 8.787, 9.029, 9.239, 8.819, 7.629, 7.432, 8.18, 9.317, 9.34, 8.93, 10.06, 11.487, 11.373, 11.413, 10.423, 7.931, 6.491, 6.251, 6.171, 6.261, 6.896, 7.393, 7.535, 6.503, 5.591, 4.901, 4.421, 4.701, 4.478, 4.465, 4.845, 4.735, 4.972, 5.302, 5.752, 6.522, 6.352, 6.762, 7.625, 7.615, 6.615, 4.639, 4.11, 5.086, 4.486, 4.44, 4.18, 2.83, 2.419], [2.71, 2.74, 2.87, 3.06, 2.98, 3.23, 3.51, 3.24, 3.17, 3.36, 3.29, 3.34, 3.51, 4.0, 4.74, 5.0, 4.69, 4.06, 1.99, 0, 1.25, 1.75, 2.02, 2.06, 1.6, 1.48, 2.65, 3.8, 5.04, 5.73, 5.62, 5.58, 5.75, 6.609, 6.679, 6.059, 6.36, 6.92, 7.159, 7.369, 6.969, 5.78, 5.58, 6.35, 7.47, 7.53, 7.22, 8.291, 9.684, 9.524, 9.543, 8.594, 6.17, 4.681, 4.441, 4.364, 4.411, 5.02, 5.564, 5.697, 4.714, 3.85, 3.06, 2.6, 2.86, 2.62, 2.65, 2.99, 2.9, 3.18, 3.49, 3.96, 4.672, 4.52, 4.93, 5.775, 5.745, 4.765, 2.83, 2.54, 3.28, 2.64, 2.69, 2.49, 1.54, 1.63], [2.98, 2.95, 3.26, 3.43, 3.55, 3.94, 4.34, 3.95, 3.8, 3.93, 4.04, 4.27, 4.12, 4.53, 5.37, 5.55, 5.24, 4.67, 2.74, 1.25, 0, 1.22, 1.79, 2.23, 2.13, 1.69, 2.14, 3.17, 4.25, 4.98, 4.81, 4.77, 4.96, 5.811, 5.901, 5.29, 5.65, 6.19, 6.39, 6.591, 6.18, 5.07, 4.97, 5.8, 6.96, 7.02, 6.939, 7.846, 9.026, 8.849, 8.932, 7.979, 5.552, 3.989, 3.686, 3.706, 3.716, 4.396, 4.797, 4.953, 3.913, 3.112, 2.57, 2.13, 2.47, 2.17, 2.14, 2.5, 2.31, 2.69, 2.9, 3.31, 3.9, 3.73, 4.16, 5.02, 5.01, 4.11, 2.7, 2.71, 2.85, 2.19, 2.3, 2.18, 1.77, 1.76], [3.06, 3.07, 3.4, 3.45, 3.57, 4.5, 5.0, 4.27, 4.08, 4.17, 4.38, 4.71, 4.84, 5.27, 6.09, 6.31, 5.94, 5.35, 3.46, 1.75, 1.22, 0, 1.05, 1.73, 2.25, 1.67, 1.66, 2.45, 3.49, 4.26, 4.03, 4.03, 4.16, 5.04, 5.13, 4.49, 4.91, 5.45, 5.61, 5.82, 5.4, 4.29, 4.11, 4.92, 5.957, 5.92, 5.879, 6.943, 8.292, 8.074, 8.043, 7.184, 4.612, 3.16, 2.932, 2.9, 2.97, 3.622, 4.094, 4.267, 3.193, 2.252, 2.01, 2.05, 2.33, 1.87, 1.78, 1.92, 1.79, 2.31, 2.68, 3.03, 3.44, 3.11, 3.42, 4.26, 4.216, 3.49, 2.52, 2.55, 2.43, 1.95, 2.26, 2.0, 1.71, 2.02], [3.13, 3.32, 3.49, 3.6, 3.78, 4.65, 5.05, 4.3, 4.13, 4.24, 4.47, 4.88, 5.35, 5.82, 6.5, 6.76, 6.27, 5.52, 3.73, 2.02, 1.79, 1.05, 0, 1.14, 2.18, 1.64, 1.57, 2.3, 3.42, 4.11, 3.98, 3.98, 4.11, 4.983, 5.073, 4.433, 4.72, 5.276, 5.553, 5.763, 5.343, 4.16, 3.98, 4.71, 5.789, 5.85, 5.455, 6.748, 8.064, 7.898, 7.938, 6.957, 4.528, 3.11, 2.815, 2.764, 2.865, 3.505, 3.958, 4.111, 3.068, 2.27, 1.84, 2.06, 2.38, 2.06, 1.91, 1.91, 1.94, 2.28, 2.63, 3.0, 3.35, 3.08, 3.45, 4.25, 4.159, 3.36, 2.53, 2.46, 2.46, 1.96, 2.17, 1.99, 1.94, 2.19], [2.57, 2.86, 3.41, 3.24, 3.3, 4.53, 4.83, 4.08, 3.87, 3.96, 4.37, 4.92, 5.37, 5.88, 6.52, 6.8, 6.27, 5.44, 3.57, 2.06, 2.23, 1.73, 1.14, 0, 1.58, 1.9, 2.15, 2.76, 3.84, 4.45, 4.36, 4.44, 4.49, 5.323, 5.413, 4.793, 5.08, 5.616, 5.893, 6.103, 5.683, 4.533, 4.36, 5.026, 6.21, 6.27, 5.74, 7.054, 8.415, 8.278, 8.278, 7.308, 4.915, 3.59, 3.31, 3.235, 3.26, 3.825, 4.278, 4.451, 3.488, 2.73, 2.12, 1.86, 2.08, 1.86, 1.71, 2.01, 1.98, 2.34, 2.59, 3.12, 3.63, 3.46, 3.87, 4.63, 4.539, 3.66, 2.23, 2.08, 2.6, 1.94, 2.15, 2.07, 1.62, 2.13], [2.83, 3.1, 3.27, 3.3, 3.06, 3.67, 4.01, 3.38, 3.35, 3.54, 3.65, 4.18, 4.61, 5.12, 5.76, 6.04, 5.57, 4.74, 2.93, 1.6, 2.13, 2.25, 2.18, 1.58, 0, 1.54, 2.71, 4.08, 5.04, 5.37, 5.46, 5.7, 5.69, 6.45, 6.42, 5.88, 6.04, 6.596, 6.86, 7.043, 6.603, 5.5, 5.4, 6.05, 7.29, 7.29, 6.78, 7.995, 9.355, 9.198, 9.179, 8.248, 5.925, 4.87, 4.45, 4.43, 4.34, 4.745, 5.238, 5.527, 4.453, 3.725, 3.24, 2.44, 2.82, 2.66, 2.45, 2.73, 2.68, 2.94, 3.19, 3.72, 4.39, 4.28, 4.79, 5.51, 5.46, 4.56, 2.79, 2.38, 3.12, 2.7, 2.69, 2.71, 2.18, 2.25], [2.99, 3.14, 3.49, 3.6, 3.46, 3.87, 4.25, 3.56, 3.55, 3.82, 4.01, 4.42, 4.65, 5.2, 5.88, 6.16, 5.79, 4.98, 2.99, 1.48, 1.69, 1.67, 1.64, 1.9, 1.54, 0, 1.95, 3.28, 4.52, 5.21, 5.1, 5.06, 5.23, 6.097, 6.167, 5.527, 5.8, 6.37, 6.64, 6.85, 6.457, 5.267, 5.1, 5.83, 7.01, 7.122, 6.715, 7.808, 9.088, 8.972, 9.072, 8.042, 5.745, 4.225, 3.949, 3.829, 3.919, 4.472, 5.012, 5.185, 4.122, 3.369, 2.64, 2.5, 2.92, 2.58, 2.53, 2.69, 2.58, 3.04, 3.21, 3.56, 4.22, 3.99, 4.4, 5.303, 5.209, 4.233, 2.75, 2.78, 2.96, 2.44, 2.49, 2.31, 2.0, 2.17], [3.42, 3.83, 4.54, 4.63, 4.67, 5.58, 6.02, 5.27, 5.18, 5.37, 5.5, 5.79, 6.02, 6.49, 7.27, 7.47, 7.18, 6.53, 4.38, 2.65, 2.14, 1.66, 1.57, 2.15, 2.71, 1.95, 0, 1.81, 2.79, 3.4, 3.33, 3.39, 3.42, 4.36, 4.41, 3.77, 4.07, 4.627, 4.857, 5.067, 4.68, 3.59, 3.51, 4.22, 5.48, 5.658, 5.45, 6.301, 7.441, 7.364, 7.438, 6.394, 4.141, 2.735, 2.36, 2.26, 2.257, 2.83, 3.222, 3.455, 2.48, 1.9, 1.79, 2.21, 2.51, 2.25, 2.16, 2.06, 2.23, 2.77, 2.72, 2.99, 3.16, 2.81, 2.86, 3.64, 3.59, 2.87, 2.56, 2.85, 2.55, 2.13, 2.04, 2.12, 2.69, 2.62], [3.69, 4.34, 5.45, 5.32, 5.56, 6.71, 7.19, 6.48, 6.23, 6.28, 6.59, 6.92, 7.11, 7.54, 8.36, 8.58, 8.25, 7.62, 5.63, 3.8, 3.17, 2.45, 2.3, 2.76, 4.08, 3.28, 1.81, 0, 1.36, 2.01, 1.92, 1.92, 2.01, 2.87, 2.94, 2.3, 2.68, 3.18, 3.42, 3.63, 3.23, 2.18, 2.08, 2.89, 4.11, 4.248, 4.16, 5.031, 6.031, 5.894, 5.968, 4.964, 2.711, 1.47, 1.43, 1.19, 1.16, 1.68, 1.93, 2.104, 1.56, 1.49, 1.58, 2.38, 2.5, 2.44, 2.37, 2.23, 2.34, 2.7, 2.55, 2.76, 2.65, 2.32, 2.11, 2.65, 2.64, 2.36, 2.41, 2.84, 2.4, 2.22, 2.27, 2.25, 3.22, 3.55], [4.47, 5.44, 6.51, 6.32, 6.66, 7.95, 8.45, 7.7, 7.43, 7.36, 7.77, 8.16, 8.25, 8.68, 9.54, 9.72, 9.41, 8.8, 6.89, 5.04, 4.25, 3.49, 3.42, 3.84, 5.04, 4.52, 2.79, 1.36, 0, 1.13, 1.12, 1.18, 1.13, 1.71, 1.8, 1.34, 1.76, 2.16, 2.2, 2.37, 2.13, 1.5, 1.46, 2.09, 3.15, 3.25, 3.28, 4.171, 5.011, 4.954, 4.911, 4.004, 1.75, 1.17, 1.21, 1.25, 1.22, 1.64, 1.59, 1.44, 1.54, 1.93, 2.42, 2.96, 2.86, 2.88, 3.05, 2.83, 2.96, 3.16, 2.91, 2.92, 2.63, 2.3, 2.07, 2.43, 2.4, 2.46, 2.83, 3.36, 2.82, 2.86, 2.91, 2.97, 4.18, 4.55], [4.98, 6.03, 7.26, 7.03, 7.31, 8.64, 9.14, 8.37, 8.12, 8.11, 8.5, 8.87, 9.0, 9.43, 10.29, 10.47, 10.16, 9.55, 7.58, 5.73, 4.98, 4.26, 4.11, 4.45, 5.37, 5.21, 3.4, 2.01, 1.13, 0, 0.87, 1.13, 1.26, 1.56, 1.59, 1.39, 1.43, 1.61, 1.65, 1.8, 1.62, 1.21, 1.37, 1.76, 2.68, 2.78, 2.75, 3.435, 4.41, 4.25, 4.267, 3.297, 1.34, 1.56, 1.58, 1.78, 1.61, 1.55, 1.26, 1.29, 1.59, 2.26, 2.87, 3.35, 3.31, 3.47, 3.38, 3.0, 3.23, 3.37, 3.06, 2.97, 2.4, 2.21, 1.98, 2.14, 1.91, 2.03, 3.28, 3.57, 2.89, 3.51, 3.38, 3.62, 4.91, 5.32], [4.95, 5.92, 7.09, 6.9, 7.2, 8.53, 9.03, 8.26, 8.01, 7.94, 8.35, 8.74, 8.81, 9.24, 10.1, 10.3, 9.97, 9.38, 7.47, 5.62, 4.81, 4.03, 3.98, 4.36, 5.46, 5.1, 3.33, 1.92, 1.12, 0.87, 0, 0.66, 1.09, 1.37, 1.5, 1.18, 1.42, 1.88, 1.76, 1.91, 1.71, 1.4, 1.44, 1.97, 2.77, 2.77, 2.98, 3.731, 4.551, 4.534, 4.528, 3.601, 1.55, 1.25, 1.37, 1.51, 1.52, 1.78, 1.47, 1.4, 1.6, 2.13, 2.78, 3.32, 3.1, 3.26, 3.29, 3.05, 3.14, 3.26, 3.03, 2.68, 2.07, 1.96, 1.71, 1.91, 1.88, 2.12, 3.13, 3.6, 2.92, 3.16, 3.25, 3.39, 4.72, 5.13], [5.05, 5.96, 7.07, 6.94, 7.24, 8.51, 8.99, 8.28, 7.97, 7.9, 8.31, 8.7, 8.77, 9.2, 10.06, 10.26, 9.93, 9.34, 7.43, 5.58, 4.77, 4.03, 3.98, 4.44, 5.7, 5.06, 3.39, 1.92, 1.18, 1.13, 0.66, 0, 1.25, 1.61, 1.92, 1.6, 1.86, 2.24, 2.14, 2.09, 2.03, 1.74, 1.76, 2.37, 3.09, 3.15, 3.3, 4.011, 4.831, 4.794, 4.828, 3.861, 1.75, 1.37, 1.59, 1.69, 1.82, 2.1, 1.79, 1.66, 1.84, 2.31, 2.76, 3.54, 3.26, 3.36, 3.47, 3.25, 3.32, 3.44, 3.25, 2.94, 2.37, 2.24, 2.01, 2.25, 2.26, 2.4, 3.25, 3.82, 3.14, 3.3, 3.45, 3.55, 4.7, 5.09], [5.24, 6.07, 7.22, 7.07, 7.35, 8.66, 9.16, 8.39, 8.14, 8.07, 8.48, 8.87, 8.94, 9.37, 10.23, 10.43, 10.1, 9.51, 7.6, 5.75, 4.96, 4.16, 4.11, 4.49, 5.69, 5.23, 3.42, 2.01, 1.13, 1.26, 1.09, 1.25, 0, 1.08, 1.25, 1.07, 1.51, 1.79, 1.71, 1.84, 1.6, 1.19, 1.39, 1.74, 2.42, 2.56, 2.77, 3.464, 4.404, 4.307, 4.207, 3.337, 1.48, 1.52, 1.52, 1.74, 1.69, 1.93, 1.82, 1.53, 1.93, 2.38, 2.91, 3.55, 3.39, 3.47, 3.46, 3.26, 3.41, 3.57, 3.36, 3.23, 2.86, 2.65, 2.38, 2.7, 2.57, 2.69, 3.26, 3.87, 3.21, 3.45, 3.38, 3.6, 4.83, 5.26], [6.0, 6.95, 8.099, 7.903, 8.198, 9.531, 10.028, 9.258, 9.011, 8.949, 9.356, 9.743, 9.82, 10.25, 11.11, 11.309, 10.98, 10.389, 8.459, 6.609, 5.811, 5.04, 4.983, 5.323, 6.45, 6.097, 4.36, 2.87, 1.71, 1.56, 1.37, 1.61, 1.08, 0, 0.67, 1.03, 1.37, 1.41, 1.25, 1.32, 1.38, 1.49, 1.55, 1.4, 1.76, 1.88, 2.15, 2.8, 3.684, 3.607, 3.507, 2.81, 1.38, 2.12, 2.26, 2.5, 2.31, 2.37, 2.22, 1.83, 2.55, 3.1, 3.79, 4.35, 4.07, 4.17, 4.18, 3.98, 4.09, 4.21, 3.94, 3.55, 3.0, 2.89, 2.54, 2.68, 2.67, 2.89, 3.98, 4.55, 3.91, 4.07, 4.12, 4.32, 5.67, 6.08], [6.05, 7.02, 8.189, 7.993, 8.288, 9.621, 10.118, 9.348, 9.101, 9.039, 9.446, 9.833, 9.91, 10.34, 11.2, 11.399, 11.07, 10.479, 8.549, 6.679, 5.901, 5.13, 5.073, 5.413, 6.42, 6.167, 4.41, 2.94, 1.8, 1.59, 1.5, 1.92, 1.25, 0.67, 0, 0.78, 1.12, 1.14, 1.08, 1.11, 1.19, 1.36, 1.38, 1.17, 1.81, 1.85, 2.14, 2.83, 3.67, 3.577, 3.477, 2.68, 1.53, 2.13, 2.37, 2.55, 2.3, 2.26, 2.05, 1.84, 2.48, 3.13, 3.84, 4.28, 4.12, 4.2, 4.23, 3.93, 4.1, 4.18, 3.97, 3.58, 2.91, 2.86, 2.49, 2.55, 2.44, 2.84, 4.03, 4.54, 3.86, 4.2, 4.15, 4.41, 5.76, 6.15], [5.55, 6.4, 7.549, 7.4, 7.66, 8.981, 9.478, 8.708, 8.461, 8.4, 8.806, 9.193, 9.27, 9.7, 10.56, 10.759, 10.43, 9.839, 7.909, 6.059, 5.29, 4.49, 4.433, 4.793, 5.88, 5.527, 3.77, 2.3, 1.34, 1.39, 1.18, 1.6, 1.07, 1.03, 0.78, 0, 0.98, 1.22, 1.28, 1.39, 1.23, 0.98, 1.04, 1.09, 2.17, 2.27, 2.44, 3.21, 4.054, 3.977, 3.937, 3.027, 1.37, 1.61, 1.89, 1.93, 1.84, 1.94, 1.75, 1.52, 2.1, 2.65, 3.22, 3.76, 3.62, 3.72, 3.69, 3.47, 3.62, 3.8, 3.53, 3.2, 2.65, 2.48, 2.23, 2.37, 2.28, 2.56, 3.61, 4.04, 3.4, 3.72, 3.63, 3.85, 5.12, 5.53], [5.59, 6.66, 7.87, 7.66, 7.939, 9.261, 9.758, 8.988, 8.741, 8.719, 9.109, 9.479, 9.67, 10.1, 10.92, 11.12, 10.81, 10.18, 8.189, 6.36, 5.65, 4.91, 4.72, 5.08, 6.04, 5.8, 4.07, 2.68, 1.76, 1.43, 1.42, 1.86, 1.51, 1.37, 1.12, 0.98, 0, 1.14, 1.2, 1.39, 1.21, 0.96, 1.16, 1.31, 2.35, 2.31, 2.26, 2.77, 3.634, 3.597, 3.668, 2.66, 1.47, 2.11, 2.23, 2.19, 2.12, 1.68, 1.35, 1.4, 1.94, 2.73, 3.48, 3.98, 3.96, 4.04, 3.95, 3.63, 3.66, 3.72, 3.27, 2.94, 2.21, 2.24, 1.95, 1.91, 1.88, 2.18, 3.85, 4.2, 3.4, 4.04, 3.97, 4.13, 5.48, 5.87], [6.17, 7.254, 8.447, 8.22, 8.499, 9.823, 10.321, 9.551, 9.303, 9.282, 9.672, 10.054, 10.204, 10.64, 11.471, 11.677, 11.35, 10.725, 8.787, 6.92, 6.19, 5.45, 5.276, 5.616, 6.596, 6.37, 4.627, 3.18, 2.16, 1.61, 1.88, 2.24, 1.79, 1.41, 1.14, 1.22, 1.14, 0, 1.0, 1.09, 1.19, 1.5, 1.62, 1.21, 1.83, 1.97, 2.04, 2.65, 3.35, 3.205, 3.2, 2.26, 1.79, 2.51, 2.65, 2.81, 2.64, 2.34, 2.05, 2.0, 2.68, 3.41, 3.98, 4.5, 4.42, 4.62, 4.53, 4.17, 4.44, 4.54, 4.13, 3.8, 3.03, 3.02, 2.73, 2.45, 2.4, 2.86, 4.47, 4.82, 4.12, 4.66, 4.55, 4.75, 6.06, 6.49], [6.43, 7.488, 8.669, 8.473, 8.768, 10.101, 10.598, 9.828, 9.581, 9.519, 9.926, 10.313, 10.39, 10.82, 11.68, 11.879, 11.55, 10.959, 9.029, 7.159, 6.39, 5.61, 5.553, 5.893, 6.86, 6.64, 4.857, 3.42, 2.2, 1.65, 1.76, 2.14, 1.71, 1.25, 1.08, 1.28, 1.2, 1.0, 0, 0.57, 0.85, 1.48, 1.64, 1.27, 1.73, 1.85, 2.06, 2.57, 3.21, 3.12, 3.04, 2.28, 1.57, 2.63, 2.87, 2.97, 2.86, 2.32, 2.09, 2.02, 2.76, 3.45, 4.2, 4.68, 4.44, 4.68, 4.61, 4.25, 4.34, 4.3, 3.99, 3.54, 2.93, 2.88, 2.59, 2.49, 2.22, 2.7, 4.43, 4.94, 4.04, 4.6, 4.65, 4.93, 6.24, 6.63], [6.62, 7.698, 8.879, 8.683, 8.978, 10.311, 10.808, 10.038, 9.791, 9.729, 10.136, 10.523, 10.6, 11.03, 11.89, 12.089, 11.76, 11.169, 9.239, 7.369, 6.591, 5.82, 5.763, 6.103, 7.043, 6.85, 5.067, 3.63, 2.37, 1.8, 1.91, 2.09, 1.84, 1.32, 1.11, 1.39, 1.39, 1.09, 0.57, 0, 0.82, 1.65, 1.85, 1.52, 1.84, 2.06, 2.29, 2.62, 3.26, 3.133, 3.05, 2.25, 1.62, 2.8, 3.04, 3.14, 3.03, 2.53, 2.28, 2.03, 2.89, 3.66, 4.41, 4.91, 4.65, 4.83, 4.8, 4.44, 4.55, 4.49, 4.2, 3.77, 3.0, 3.07, 2.68, 2.54, 2.37, 2.89, 4.6, 5.15, 4.21, 4.77, 4.84, 5.12, 6.45, 6.84], [6.3, 7.29, 8.459, 8.263, 8.558, 9.891, 10.388, 9.618, 9.371, 9.309, 9.716, 10.103, 10.18, 10.61, 11.47, 11.669, 11.34, 10.749, 8.819, 6.969, 6.18, 5.4, 5.343, 5.683, 6.603, 6.457, 4.68, 3.23, 2.13, 1.62, 1.71, 2.03, 1.6, 1.38, 1.19, 1.23, 1.21, 1.19, 0.85, 0.82, 0, 1.27, 1.47, 1.44, 2.06, 2.16, 2.35, 2.64, 3.5, 3.341, 3.155, 2.35, 1.42, 2.4, 2.64, 2.76, 2.67, 2.17, 1.8, 1.69, 2.43, 3.24, 4.03, 4.55, 4.41, 4.47, 4.4, 4.04, 4.11, 3.95, 3.66, 3.41, 2.78, 2.79, 2.38, 2.16, 2.13, 2.73, 4.22, 4.73, 3.75, 4.43, 4.44, 4.7, 6.03, 6.44], [5.25, 6.14, 7.309, 7.08, 7.376, 8.701, 9.198, 8.428, 8.181, 8.159, 8.549, 8.913, 9.05, 9.48, 10.34, 10.52, 10.21, 9.6, 7.629, 5.78, 5.07, 4.29, 4.16, 4.533, 5.5, 5.267, 3.59, 2.18, 1.5, 1.21, 1.4, 1.74, 1.19, 1.49, 1.36, 0.98, 0.96, 1.5, 1.48, 1.65, 1.27, 0, 0.64, 1.23, 2.45, 2.45, 2.36, 3.045, 4.105, 3.917, 3.917, 2.987, 1.15, 1.55, 1.79, 1.83, 1.8, 1.64, 1.39, 1.18, 1.74, 2.23, 3.02, 3.58, 3.6, 3.56, 3.37, 3.13, 3.1, 3.22, 2.95, 2.88, 2.37, 2.24, 1.99, 2.01, 1.96, 2.08, 3.27, 3.54, 2.82, 3.56, 3.49, 3.65, 4.86, 5.33], [5.15, 6.0, 7.112, 6.882, 7.159, 8.486, 8.981, 8.211, 7.966, 7.962, 8.352, 8.716, 8.861, 9.3, 10.16, 10.328, 10.018, 9.405, 7.432, 5.58, 4.97, 4.11, 3.98, 4.36, 5.4, 5.1, 3.51, 2.08, 1.46, 1.37, 1.44, 1.76, 1.39, 1.55, 1.38, 1.04, 1.16, 1.62, 1.64, 1.85, 1.47, 0.64, 0, 1.17, 2.39, 2.41, 2.34, 3.15, 4.331, 4.154, 4.114, 3.26, 1.19, 1.55, 1.79, 1.75, 1.68, 1.6, 1.47, 1.16, 1.8, 2.19, 2.9, 3.54, 3.56, 3.44, 3.41, 3.09, 3.02, 3.16, 2.99, 2.86, 2.41, 2.24, 1.95, 2.07, 2.02, 2.12, 3.21, 3.5, 2.82, 3.5, 3.43, 3.45, 4.66, 5.19], [5.96, 6.75, 7.86, 7.65, 7.889, 9.216, 9.693, 8.923, 8.696, 8.692, 9.082, 9.466, 9.62, 10.13, 10.91, 11.11, 10.78, 10.135, 8.18, 6.35, 5.8, 4.92, 4.71, 5.026, 6.05, 5.83, 4.22, 2.89, 2.09, 1.76, 1.97, 2.37, 1.74, 1.4, 1.17, 1.09, 1.31, 1.21, 1.27, 1.52, 1.44, 1.23, 1.17, 0, 1.52, 1.6, 1.59, 2.38, 3.57, 3.37, 3.407, 2.47, 1.4, 2.28, 2.54, 2.6, 2.41, 2.21, 2.18, 1.93, 2.49, 3.06, 3.69, 4.33, 4.39, 4.29, 4.14, 3.78, 3.95, 4.15, 3.82, 3.55, 3.08, 2.95, 2.72, 2.68, 2.57, 2.79, 4.08, 4.23, 3.71, 4.41, 4.2, 4.34, 5.57, 6.06], [7.26, 7.95, 8.925, 8.77, 9.043, 10.336, 10.833, 10.063, 9.816, 9.775, 10.162, 10.569, 10.66, 11.127, 11.947, 12.167, 11.803, 11.195, 9.317, 7.47, 6.96, 5.957, 5.789, 6.21, 7.29, 7.01, 5.48, 4.11, 3.15, 2.68, 2.77, 3.09, 2.42, 1.76, 1.81, 2.17, 2.35, 1.83, 1.73, 1.84, 2.06, 2.45, 2.39, 1.52, 0, 0.82, 1.25, 1.86, 2.72, 2.52, 2.4, 1.89, 1.94, 3.1, 3.52, 3.7, 3.59, 3.43, 3.3, 2.93, 3.75, 4.2, 4.81, 5.49, 5.51, 5.51, 5.36, 5.02, 5.13, 5.27, 5.06, 4.73, 4.2, 4.11, 3.8, 3.66, 3.49, 4.01, 5.2, 5.47, 4.87, 5.55, 5.38, 5.48, 6.61, 7.2], [7.3, 8.016, 8.928, 8.732, 9.026, 10.389, 10.836, 10.066, 9.819, 9.758, 10.165, 10.592, 10.709, 11.139, 11.97, 12.15, 11.806, 11.198, 9.34, 7.53, 7.02, 5.92, 5.85, 6.27, 7.29, 7.122, 5.658, 4.248, 3.25, 2.78, 2.77, 3.15, 2.56, 1.88, 1.85, 2.27, 2.31, 1.97, 1.85, 2.06, 2.16, 2.45, 2.41, 1.6, 0.82, 0, 0.93, 1.78, 2.52, 2.46, 2.38, 1.97, 1.98, 3.18, 3.5, 3.76, 3.61, 3.49, 3.34, 3.05, 3.71, 4.12, 4.99, 5.59, 5.55, 5.41, 5.4, 5.04, 5.01, 5.11, 5.02, 4.67, 4.14, 4.07, 3.74, 3.52, 3.49, 4.07, 5.24, 5.43, 4.77, 5.53, 5.48, 5.46, 6.65, 7.26], [7.05, 7.746, 8.55, 8.354, 8.56, 9.879, 10.229, 9.459, 9.232, 9.246, 9.687, 10.209, 10.562, 11.069, 11.72, 11.98, 11.462, 10.709, 8.93, 7.22, 6.939, 5.879, 5.455, 5.74, 6.78, 6.715, 5.45, 4.16, 3.28, 2.75, 2.98, 3.3, 2.77, 2.15, 2.14, 2.44, 2.26, 2.04, 2.06, 2.29, 2.35, 2.36, 2.34, 1.59, 1.25, 0.93, 0, 1.77, 2.927, 2.83, 2.87, 2.12, 2.09, 3.33, 3.55, 3.69, 3.66, 3.38, 3.31, 3.02, 3.7, 4.05, 4.92, 5.6, 5.72, 5.54, 5.39, 5.09, 5.04, 5.18, 4.99, 4.72, 4.19, 4.12, 3.79, 3.53, 3.5, 3.94, 5.37, 5.36, 4.76, 5.66, 5.47, 5.35, 6.58, 7.19], [7.918, 8.719, 9.849, 9.639, 9.841, 11.168, 11.616, 10.846, 10.639, 10.68, 11.071, 11.419, 11.675, 12.11, 12.91, 13.096, 12.809, 12.147, 10.06, 8.291, 7.846, 6.943, 6.748, 7.054, 7.995, 7.808, 6.301, 5.031, 4.171, 3.435, 3.731, 4.011, 3.464, 2.8, 2.83, 3.21, 2.77, 2.65, 2.57, 2.62, 2.64, 3.045, 3.15, 2.38, 1.86, 1.78, 1.77, 0, 1.62, 1.88, 1.82, 1.43, 2.6, 4.14, 4.36, 4.48, 4.41, 3.85, 3.6, 3.25, 4.31, 4.94, 5.77, 6.43, 6.55, 6.47, 6.28, 5.88, 5.87, 5.648, 5.38, 5.15, 4.6, 4.69, 4.36, 3.54, 3.65, 4.43, 6.164, 6.291, 5.405, 6.514, 6.324, 6.295, 7.568, 8.14], [8.972, 9.973, 11.24, 11.018, 11.226, 12.567, 13.036, 12.266, 12.042, 12.063, 12.456, 12.821, 13.034, 13.479, 14.281, 14.49, 14.188, 13.535, 11.487, 9.684, 9.026, 8.292, 8.064, 8.415, 9.355, 9.088, 7.441, 6.031, 5.011, 4.41, 4.551, 4.831, 4.404, 3.684, 3.67, 4.054, 3.634, 3.35, 3.21, 3.26, 3.5, 4.105, 4.331, 3.57, 2.72, 2.52, 2.927, 1.62, 0, 0.92, 1.14, 1.55, 3.84, 5.26, 5.4, 5.48, 5.39, 4.81, 4.46, 4.19, 5.21, 6.12, 6.85, 7.37, 7.37, 7.45, 7.34, 6.98, 7.062, 6.864, 6.401, 6.071, 5.461, 5.534, 5.241, 4.34, 4.47, 5.41, 7.287, 7.576, 6.723, 7.454, 7.404, 7.514, 8.862, 9.252], [8.955, 9.882, 11.069, 10.842, 11.1, 12.425, 12.913, 12.143, 11.902, 11.903, 12.293, 12.658, 12.823, 13.262, 14.093, 14.279, 13.972, 13.347, 11.373, 9.524, 8.849, 8.074, 7.898, 8.278, 9.198, 8.972, 7.364, 5.894, 4.954, 4.25, 4.534, 4.794, 4.307, 3.607, 3.577, 3.977, 3.597, 3.205, 3.12, 3.133, 3.341, 3.917, 4.154, 3.37, 2.52, 2.46, 2.83, 1.88, 0.92, 0, 0.92, 1.43, 3.64, 5.1, 5.3, 5.42, 5.29, 4.69, 4.4, 4.11, 5.11, 5.98, 6.73, 7.27, 7.35, 7.33, 7.2, 6.82, 6.89, 6.73, 6.28, 5.994, 5.424, 5.477, 5.144, 4.36, 4.35, 5.31, 7.087, 7.394, 6.514, 7.377, 7.287, 7.366, 8.667, 9.104], [9.115, 9.962, 11.054, 10.858, 11.149, 12.485, 12.963, 12.193, 11.946, 11.903, 12.31, 12.698, 12.803, 13.233, 14.087, 14.276, 13.96, 13.347, 11.413, 9.543, 8.932, 8.043, 7.938, 8.278, 9.179, 9.072, 7.438, 5.968, 4.911, 4.267, 4.528, 4.828, 4.207, 3.507, 3.477, 3.937, 3.668, 3.2, 3.04, 3.05, 3.155, 3.917, 4.114, 3.407, 2.4, 2.38, 2.87, 1.82, 1.14, 0.92, 0, 1.21, 3.52, 5.02, 5.34, 5.46, 5.35, 4.77, 4.38, 4.15, 5.15, 5.96, 6.73, 7.27, 7.31, 7.33, 7.16, 6.78, 6.842, 6.642, 6.255, 5.988, 5.418, 5.488, 5.104, 4.32, 4.27, 5.27, 6.978, 7.382, 6.462, 7.365, 7.247, 7.366, 8.647, 9.092], [8.005, 8.932, 10.113, 9.892, 10.171, 11.495, 11.992, 11.222, 10.975, 10.954, 11.344, 11.708, 11.913, 12.354, 13.163, 13.366, 13.062, 12.42, 10.423, 8.594, 7.979, 7.184, 6.957, 7.308, 8.248, 8.042, 6.394, 4.964, 4.004, 3.297, 3.601, 3.861, 3.337, 2.81, 2.68, 3.027, 2.66, 2.26, 2.28, 2.25, 2.35, 2.987, 3.26, 2.47, 1.89, 1.97, 2.12, 1.43, 1.55, 1.43, 1.21, 0, 2.67, 4.17, 4.37, 4.43, 4.36, 3.76, 3.43, 3.2, 4.18, 5.05, 5.74, 6.3, 6.38, 6.4, 6.21, 5.85, 5.98, 5.797, 5.35, 5.08, 4.49, 4.54, 4.21, 3.39, 3.52, 4.36, 6.174, 6.446, 5.557, 6.444, 6.357, 6.476, 7.777, 8.236], [5.775, 6.519, 7.591, 7.375, 7.669, 9.042, 9.499, 8.729, 8.482, 8.421, 8.828, 9.215, 9.352, 9.762, 10.584, 10.793, 10.457, 9.861, 7.931, 6.17, 5.552, 4.612, 4.528, 4.915, 5.925, 5.745, 4.141, 2.711, 1.75, 1.34, 1.55, 1.75, 1.48, 1.38, 1.53, 1.37, 1.47, 1.79, 1.57, 1.62, 1.42, 1.15, 1.19, 1.4, 1.94, 1.98, 2.09, 2.6, 3.84, 3.64, 3.52, 2.67, 0, 1.76, 1.98, 2.18, 2.09, 1.99, 1.9, 1.53, 2.17, 2.54, 3.47, 3.99, 4.05, 4.01, 3.84, 3.5, 3.51, 3.55, 3.48, 3.39, 2.96, 2.83, 2.54, 2.58, 2.51, 2.75, 3.76, 4.03, 3.17, 4.05, 3.92, 4.0, 5.27, 5.76], [4.68, 5.29, 6.151, 6.09, 6.39, 7.562, 8.059, 7.329, 7.042, 7.041, 7.388, 7.775, 7.88, 8.29, 9.144, 9.347, 9.017, 8.421, 6.491, 4.681, 3.989, 3.16, 3.11, 3.59, 4.87, 4.225, 2.735, 1.47, 1.17, 1.56, 1.25, 1.37, 1.52, 2.12, 2.13, 1.61, 2.11, 2.51, 2.63, 2.8, 2.4, 1.55, 1.55, 2.28, 3.1, 3.18, 3.33, 4.14, 5.26, 5.1, 5.02, 4.17, 1.76, 0, 0.94, 1.24, 1.27, 1.81, 1.66, 1.51, 1.49, 1.86, 2.39, 3.05, 3.05, 2.91, 3.04, 2.88, 2.85, 3.05, 2.92, 2.83, 2.46, 2.19, 1.9, 2.22, 2.13, 2.29, 2.8, 3.23, 2.73, 2.91, 2.82, 2.8, 3.89, 4.24], [4.08, 4.87, 5.92, 5.77, 6.049, 7.322, 7.819, 7.049, 6.802, 6.761, 7.151, 7.535, 7.68, 8.11, 8.95, 9.133, 8.817, 8.204, 6.251, 4.441, 3.686, 2.932, 2.815, 3.31, 4.45, 3.949, 2.36, 1.43, 1.21, 1.58, 1.37, 1.59, 1.52, 2.26, 2.37, 1.89, 2.23, 2.65, 2.87, 3.04, 2.64, 1.79, 1.79, 2.54, 3.52, 3.5, 3.55, 4.36, 5.4, 5.3, 5.34, 4.37, 1.98, 0.94, 0, 0.88, 0.87, 1.63, 1.66, 1.55, 1.11, 1.24, 1.95, 2.47, 2.57, 2.37, 2.46, 2.3, 2.31, 2.65, 2.5, 2.53, 2.22, 1.99, 1.78, 2.18, 2.15, 2.07, 2.56, 2.89, 2.21, 2.45, 2.32, 2.38, 3.57, 3.98], [3.86, 4.699, 5.86, 5.67, 5.958, 7.242, 7.739, 6.969, 6.722, 6.701, 7.091, 7.455, 7.66, 8.09, 8.91, 9.113, 8.797, 8.167, 6.171, 4.364, 3.706, 2.9, 2.764, 3.235, 4.43, 3.829, 2.26, 1.19, 1.25, 1.78, 1.51, 1.69, 1.74, 2.5, 2.55, 1.93, 2.19, 2.81, 2.97, 3.14, 2.76, 1.83, 1.75, 2.6, 3.7, 3.76, 3.69, 4.48, 5.48, 5.42, 5.46, 4.43, 2.18, 1.24, 0.88, 0, 0.69, 1.33, 1.54, 1.61, 0.95, 1.1, 1.65, 2.27, 2.33, 2.29, 2.32, 2.06, 2.11, 2.35, 2.18, 2.27, 2.12, 1.83, 1.68, 2.1, 2.07, 1.95, 2.26, 2.71, 2.05, 2.31, 2.28, 2.26, 3.51, 3.96], [3.91, 4.82, 5.97, 5.74, 6.028, 7.335, 7.829, 7.059, 6.815, 6.811, 7.201, 7.565, 7.73, 8.16, 9.0, 9.183, 8.867, 8.254, 6.261, 4.411, 3.716, 2.97, 2.865, 3.26, 4.34, 3.919, 2.257, 1.16, 1.22, 1.61, 1.52, 1.82, 1.69, 2.31, 2.3, 1.84, 2.12, 2.64, 2.86, 3.03, 2.67, 1.8, 1.68, 2.41, 3.59, 3.61, 3.66, 4.41, 5.39, 5.29, 5.35, 4.36, 2.09, 1.27, 0.87, 0.69, 0, 1.04, 1.39, 1.42, 0.9, 1.17, 1.8, 2.24, 2.32, 2.22, 2.27, 2.03, 2.12, 2.38, 2.25, 2.38, 2.17, 1.92, 1.71, 2.17, 2.14, 1.96, 2.47, 2.76, 2.16, 2.34, 2.21, 2.33, 3.58, 3.95], [4.402, 5.4, 6.616, 6.389, 6.608, 7.955, 8.432, 7.662, 7.435, 7.431, 7.821, 8.203, 8.373, 8.809, 9.64, 9.846, 9.499, 8.874, 6.896, 5.02, 4.396, 3.622, 3.505, 3.825, 4.745, 4.472, 2.83, 1.68, 1.64, 1.55, 1.78, 2.1, 1.93, 2.37, 2.26, 1.94, 1.68, 2.34, 2.32, 2.53, 2.17, 1.64, 1.6, 2.21, 3.43, 3.49, 3.38, 3.85, 4.81, 4.69, 4.77, 3.76, 1.99, 1.81, 1.63, 1.33, 1.04, 0, 1.09, 1.34, 1.08, 1.55, 2.16, 2.72, 2.78, 2.82, 2.67, 2.27, 2.44, 2.46, 2.05, 2.04, 1.77, 1.64, 1.45, 1.81, 1.6, 1.44, 2.69, 2.98, 2.3, 2.926, 2.79, 2.97, 4.274, 4.65], [4.832, 5.876, 7.094, 6.864, 7.141, 8.468, 8.962, 8.192, 7.948, 7.944, 8.334, 8.698, 8.843, 9.273, 10.127, 10.316, 10.0, 9.387, 7.393, 5.564, 4.797, 4.094, 3.958, 4.278, 5.238, 5.012, 3.222, 1.93, 1.59, 1.26, 1.47, 1.79, 1.82, 2.22, 2.05, 1.75, 1.35, 2.05, 2.09, 2.28, 1.8, 1.39, 1.47, 2.18, 3.3, 3.34, 3.31, 3.6, 4.46, 4.4, 4.38, 3.43, 1.9, 1.66, 1.66, 1.54, 1.39, 1.09, 0, 0.93, 1.03, 1.9, 2.63, 3.09, 3.03, 3.23, 3.12, 2.76, 2.87, 2.83, 2.36, 2.25, 1.82, 1.67, 1.42, 1.46, 1.39, 1.55, 3.08, 3.43, 2.568, 3.236, 3.15, 3.377, 4.684, 5.094], [5.057, 6.014, 7.267, 7.054, 7.294, 8.641, 9.118, 8.348, 8.121, 8.117, 8.507, 8.871, 9.016, 9.454, 10.3, 10.483, 10.184, 9.56, 7.535, 5.697, 4.953, 4.267, 4.111, 4.451, 5.527, 5.185, 3.455, 2.104, 1.44, 1.29, 1.4, 1.66, 1.53, 1.83, 1.84, 1.52, 1.4, 2.0, 2.02, 2.03, 1.69, 1.18, 1.16, 1.93, 2.93, 3.05, 3.02, 3.25, 4.19, 4.11, 4.15, 3.2, 1.53, 1.51, 1.55, 1.61, 1.42, 1.34, 0.93, 0, 1.44, 2.15, 2.92, 3.48, 3.42, 3.48, 3.39, 3.07, 3.16, 3.2, 2.83, 2.66, 2.23, 2.04, 1.71, 1.73, 1.74, 2.02, 3.33, 3.7, 2.93, 3.458, 3.331, 3.493, 4.877, 5.273], [4.025, 5.011, 6.204, 5.954, 6.251, 7.575, 8.072, 7.302, 7.055, 7.034, 7.424, 7.788, 7.933, 8.363, 9.217, 9.4, 9.09, 8.477, 6.503, 4.714, 3.913, 3.193, 3.068, 3.488, 4.453, 4.122, 2.48, 1.56, 1.54, 1.59, 1.6, 1.84, 1.93, 2.55, 2.48, 2.1, 1.94, 2.68, 2.76, 2.89, 2.43, 1.74, 1.8, 2.49, 3.75, 3.71, 3.7, 4.31, 5.21, 5.11, 5.15, 4.18, 2.17, 1.49, 1.11, 0.95, 0.9, 1.08, 1.03, 1.44, 0, 1.13, 1.92, 2.36, 2.42, 2.34, 2.33, 2.05, 2.02, 2.18, 1.81, 1.88, 1.67, 1.44, 1.37, 1.73, 1.66, 1.5, 2.33, 2.64, 1.8, 2.44, 2.39, 2.49, 3.812, 4.23], [3.36, 4.119, 5.251, 5.055, 5.329, 6.662, 7.159, 6.389, 6.142, 6.081, 6.488, 6.875, 6.98, 7.404, 8.244, 8.464, 8.117, 7.521, 5.591, 3.85, 3.112, 2.252, 2.27, 2.73, 3.725, 3.369, 1.9, 1.49, 1.93, 2.26, 2.13, 2.31, 2.38, 3.1, 3.13, 2.65, 2.73, 3.41, 3.45, 3.66, 3.24, 2.23, 2.19, 3.06, 4.2, 4.12, 4.05, 4.94, 6.12, 5.98, 5.96, 5.05, 2.54, 1.86, 1.24, 1.1, 1.17, 1.55, 1.9, 2.15, 1.13, 0, 1.21, 1.81, 1.89, 1.73, 1.52, 1.34, 1.29, 1.59, 1.58, 1.87, 1.9, 1.57, 1.62, 2.22, 2.13, 1.67, 1.82, 2.05, 1.39, 1.75, 1.8, 1.74, 2.93, 3.44], [2.87, 3.54, 4.61, 4.52, 4.799, 5.972, 6.409, 5.759, 5.392, 5.411, 5.778, 6.145, 6.304, 6.777, 7.554, 7.774, 7.459, 6.797, 4.901, 3.06, 2.57, 2.01, 1.84, 2.12, 3.24, 2.64, 1.79, 1.58, 2.42, 2.87, 2.78, 2.76, 2.91, 3.79, 3.84, 3.22, 3.48, 3.98, 4.2, 4.41, 4.03, 3.02, 2.9, 3.69, 4.81, 4.99, 4.92, 5.77, 6.85, 6.73, 6.73, 5.74, 3.47, 2.39, 1.95, 1.65, 1.8, 2.16, 2.63, 2.92, 1.92, 1.21, 0, 1.24, 1.28, 1.26, 1.17, 1.05, 1.14, 1.54, 1.61, 1.98, 2.07, 1.82, 2.11, 3.01, 2.8, 1.9, 1.53, 1.82, 1.6, 1.46, 1.75, 1.71, 2.4, 2.87], [2.05, 2.94, 4.11, 3.88, 4.179, 5.452, 5.929, 5.159, 4.912, 4.871, 5.261, 5.645, 5.79, 6.232, 7.06, 7.243, 6.927, 6.314, 4.421, 2.6, 2.13, 2.05, 2.06, 1.86, 2.44, 2.5, 2.21, 2.38, 2.96, 3.35, 3.32, 3.54, 3.55, 4.35, 4.28, 3.76, 3.98, 4.5, 4.68, 4.91, 4.55, 3.58, 3.54, 4.33, 5.49, 5.59, 5.6, 6.43, 7.37, 7.27, 7.27, 6.3, 3.99, 3.05, 2.47, 2.27, 2.24, 2.72, 3.09, 3.48, 2.36, 1.81, 1.24, 0, 0.58, 0.8, 0.89, 0.87, 0.88, 1.2, 1.31, 1.76, 2.25, 2.12, 2.61, 3.43, 3.28, 2.44, 1.23, 1.34, 1.46, 1.06, 1.41, 1.51, 1.84, 2.31], [2.25, 3.219, 4.37, 4.16, 4.459, 5.732, 6.209, 5.439, 5.192, 5.131, 5.538, 5.925, 6.004, 6.434, 7.294, 7.491, 7.164, 6.571, 4.701, 2.86, 2.47, 2.33, 2.38, 2.08, 2.82, 2.92, 2.51, 2.5, 2.86, 3.31, 3.1, 3.26, 3.39, 4.07, 4.12, 3.62, 3.96, 4.42, 4.44, 4.65, 4.41, 3.6, 3.56, 4.39, 5.51, 5.55, 5.72, 6.55, 7.37, 7.35, 7.31, 6.38, 4.05, 3.05, 2.57, 2.33, 2.32, 2.78, 3.03, 3.42, 2.42, 1.89, 1.28, 0.58, 0, 0.76, 1.03, 1.05, 1.12, 1.14, 1.41, 1.72, 2.17, 2.02, 2.51, 3.25, 3.14, 2.36, 1.09, 1.32, 1.6, 1.02, 1.43, 1.61, 2.06, 2.53], [2.21, 3.02, 4.13, 3.92, 4.24, 5.509, 5.986, 5.216, 4.969, 4.908, 5.315, 5.702, 5.781, 6.231, 7.071, 7.288, 6.941, 6.348, 4.478, 2.62, 2.17, 1.87, 2.06, 1.86, 2.66, 2.58, 2.25, 2.44, 2.88, 3.47, 3.26, 3.36, 3.47, 4.17, 4.2, 3.72, 4.04, 4.62, 4.68, 4.83, 4.47, 3.56, 3.44, 4.29, 5.51, 5.41, 5.54, 6.47, 7.45, 7.33, 7.33, 6.4, 4.01, 2.91, 2.37, 2.29, 2.22, 2.82, 3.23, 3.48, 2.34, 1.73, 1.26, 0.8, 0.76, 0, 0.85, 1.05, 0.92, 1.28, 1.43, 1.8, 2.31, 2.14, 2.49, 3.37, 3.28, 2.52, 1.23, 1.38, 1.5, 1.08, 1.37, 1.39, 1.84, 2.31], [2.36, 2.95, 4.12, 3.95, 4.203, 5.516, 6.013, 5.243, 4.996, 4.935, 5.342, 5.749, 5.826, 6.299, 7.116, 7.319, 7.003, 6.375, 4.465, 2.65, 2.14, 1.78, 1.91, 1.71, 2.45, 2.53, 2.16, 2.37, 3.05, 3.38, 3.29, 3.47, 3.46, 4.18, 4.23, 3.69, 3.95, 4.53, 4.61, 4.8, 4.4, 3.37, 3.41, 4.14, 5.36, 5.4, 5.39, 6.28, 7.34, 7.2, 7.16, 6.21, 3.84, 3.04, 2.46, 2.32, 2.27, 2.67, 3.12, 3.39, 2.33, 1.52, 1.17, 0.89, 1.03, 0.85, 0, 0.72, 0.73, 1.19, 1.28, 1.73, 2.24, 2.15, 2.52, 3.32, 3.21, 2.33, 1.4, 1.47, 1.43, 1.05, 1.52, 1.58, 1.89, 2.3], [2.56, 3.33, 4.48, 4.31, 4.563, 5.876, 6.373, 5.603, 5.356, 5.295, 5.702, 6.109, 6.174, 6.639, 7.458, 7.679, 7.363, 6.735, 4.845, 2.99, 2.5, 1.92, 1.91, 2.01, 2.73, 2.69, 2.06, 2.23, 2.83, 3.0, 3.05, 3.25, 3.26, 3.98, 3.93, 3.47, 3.63, 4.17, 4.25, 4.44, 4.04, 3.13, 3.09, 3.78, 5.02, 5.04, 5.09, 5.88, 6.98, 6.82, 6.78, 5.85, 3.5, 2.88, 2.3, 2.06, 2.03, 2.27, 2.76, 3.07, 2.05, 1.34, 1.05, 0.87, 1.05, 1.05, 0.72, 0, 0.57, 1.07, 1.24, 1.61, 2.02, 1.75, 2.24, 3.02, 2.87, 2.07, 1.32, 1.53, 1.31, 1.23, 1.5, 1.66, 2.21, 2.7], [2.51, 3.28, 4.39, 4.179, 4.473, 5.786, 6.283, 5.513, 5.266, 5.205, 5.612, 5.999, 6.078, 6.532, 7.368, 7.585, 7.238, 6.645, 4.735, 2.9, 2.31, 1.79, 1.94, 1.98, 2.68, 2.58, 2.23, 2.34, 2.96, 3.23, 3.14, 3.32, 3.41, 4.09, 4.1, 3.62, 3.66, 4.44, 4.34, 4.55, 4.11, 3.1, 3.02, 3.95, 5.13, 5.01, 5.04, 5.87, 7.062, 6.89, 6.842, 5.98, 3.51, 2.85, 2.31, 2.11, 2.12, 2.44, 2.87, 3.16, 2.02, 1.29, 1.14, 0.88, 1.12, 0.92, 0.73, 0.57, 0, 0.82, 1.01, 1.4, 1.91, 1.76, 2.23, 2.97, 2.94, 2.1, 1.19, 1.3, 1.02, 1.06, 1.43, 1.47, 2.04, 2.57], [2.77, 3.56, 4.63, 4.416, 4.711, 6.043, 6.541, 5.771, 5.523, 5.462, 5.869, 6.256, 6.35, 6.765, 7.625, 7.822, 7.495, 6.902, 4.972, 3.18, 2.69, 2.31, 2.28, 2.34, 2.94, 3.04, 2.77, 2.7, 3.16, 3.37, 3.26, 3.44, 3.57, 4.21, 4.18, 3.8, 3.72, 4.54, 4.3, 4.49, 3.95, 3.22, 3.16, 4.15, 5.27, 5.11, 5.18, 5.648, 6.864, 6.73, 6.642, 5.797, 3.55, 3.05, 2.65, 2.35, 2.38, 2.46, 2.83, 3.2, 2.18, 1.59, 1.54, 1.2, 1.14, 1.28, 1.19, 1.07, 0.82, 0, 0.83, 1.28, 1.79, 1.8, 2.27, 2.79, 2.86, 2.14, 1.23, 1.24, 1.14, 1.28, 1.69, 1.65, 2.24, 2.83], [2.9, 3.81, 4.96, 4.761, 5.041, 6.373, 6.871, 6.101, 5.853, 5.792, 6.199, 6.586, 6.691, 7.121, 7.961, 8.164, 7.828, 7.232, 5.302, 3.49, 2.9, 2.68, 2.63, 2.59, 3.19, 3.21, 2.72, 2.55, 2.91, 3.06, 3.03, 3.25, 3.36, 3.94, 3.97, 3.53, 3.27, 4.13, 3.99, 4.2, 3.66, 2.95, 2.99, 3.82, 5.06, 5.02, 4.99, 5.38, 6.401, 6.28, 6.255, 5.35, 3.48, 2.92, 2.5, 2.18, 2.25, 2.05, 2.36, 2.83, 1.81, 1.58, 1.61, 1.31, 1.41, 1.43, 1.28, 1.24, 1.01, 0.83, 0, 0.79, 1.44, 1.37, 1.88, 2.44, 2.51, 1.73, 1.18, 1.33, 1.05, 1.35, 1.58, 1.66, 2.59, 3.04], [3.31, 4.24, 5.41, 5.216, 5.491, 6.823, 7.321, 6.551, 6.303, 6.242, 6.649, 7.036, 7.115, 7.545, 8.405, 8.602, 8.275, 7.682, 5.752, 3.96, 3.31, 3.03, 3.0, 3.12, 3.72, 3.56, 2.99, 2.76, 2.92, 2.97, 2.68, 2.94, 3.23, 3.55, 3.58, 3.2, 2.94, 3.8, 3.54, 3.77, 3.41, 2.88, 2.86, 3.55, 4.73, 4.67, 4.72, 5.15, 6.071, 5.994, 5.988, 5.08, 3.39, 2.83, 2.53, 2.27, 2.38, 2.04, 2.25, 2.66, 1.88, 1.87, 1.98, 1.76, 1.72, 1.8, 1.73, 1.61, 1.4, 1.28, 0.79, 0, 0.91, 1.06, 1.43, 2.05, 2.08, 1.44, 1.41, 1.74, 1.28, 1.62, 1.77, 1.93, 3.04, 3.47], [3.92, 5.001, 6.18, 5.986, 6.261, 7.593, 8.091, 7.321, 7.073, 7.012, 7.419, 7.806, 7.885, 8.315, 9.175, 9.372, 9.045, 8.452, 6.522, 4.672, 3.9, 3.44, 3.35, 3.63, 4.39, 4.22, 3.16, 2.65, 2.63, 2.4, 2.07, 2.37, 2.86, 3.0, 2.91, 2.65, 2.21, 3.03, 2.93, 3.0, 2.78, 2.37, 2.41, 3.08, 4.2, 4.14, 4.19, 4.6, 5.461, 5.424, 5.418, 4.49, 2.96, 2.46, 2.22, 2.12, 2.17, 1.77, 1.82, 2.23, 1.67, 1.9, 2.07, 2.25, 2.17, 2.31, 2.24, 2.02, 1.91, 1.79, 1.44, 0.91, 0, 0.61, 0.9, 1.36, 1.39, 0.97, 2.02, 2.45, 1.65, 2.23, 2.28, 2.48, 3.81, 4.2], [3.79, 4.84, 6.01, 5.816, 6.091, 7.423, 7.921, 7.151, 6.903, 6.842, 7.249, 7.636, 7.721, 8.151, 9.005, 9.208, 8.878, 8.282, 6.352, 4.52, 3.73, 3.11, 3.08, 3.46, 4.28, 3.99, 2.81, 2.32, 2.3, 2.21, 1.96, 2.24, 2.65, 2.89, 2.86, 2.48, 2.24, 3.02, 2.88, 3.07, 2.79, 2.24, 2.24, 2.95, 4.11, 4.07, 4.12, 4.69, 5.534, 5.477, 5.488, 4.54, 2.83, 2.19, 1.99, 1.83, 1.92, 1.64, 1.67, 2.04, 1.44, 1.57, 1.82, 2.12, 2.02, 2.14, 2.15, 1.75, 1.76, 1.8, 1.37, 1.06, 0.61, 0, 0.67, 1.49, 1.48, 0.96, 1.89, 2.34, 1.58, 2.06, 2.15, 2.37, 3.66, 4.07], [4.22, 5.25, 6.42, 6.226, 6.501, 7.833, 8.331, 7.561, 7.313, 7.252, 7.659, 8.046, 8.125, 8.555, 9.415, 9.612, 9.285, 8.692, 6.762, 4.