[[0, 0.97, 1.39, 1.63, 1.6, 1.64, 1.79, 1.85, 1.9, 1.68, 1.62, 1.69, 1.66, 1.54, 1.7, 2.48, 2.48, 1.92, 1.9, 2.05, 1.74, 1.51, 1.94, 2.5, 2.53, 3.02, 3.69, 3.91, 3.6, 3.63, 3.64, 3.92, 4.41, 4.43, 4.76, 4.883, 5.053, 5.17, 5.23, 4.823, 4.623, 6.272, 6.733, 6.113, 5.819, 5.473, 5.133, 3.61, 2.25, 1.58, 1.79, 2.44, 2.92, 3.39, 3.35, 1.96, 1.67, 1.48, 1.79, 2.06, 3.01, 3.43, 3.06, 2.49, 2.27, 1.53, 1.29, 1.14, 0.94, 1.45, 1.98, 2.42, 3.47, 3.61, 3.92, 4.1, 4.91, 4.62, 3.83, 3.357, 3.47, 3.11, 2.63, 2.56, 2.61, 3.09], [0.97, 0, 1.0, 1.38, 1.13, 1.23, 1.56, 1.78, 1.77, 1.55, 1.63, 1.52, 1.65, 1.59, 2.07, 2.77, 2.77, 2.25, 2.29, 2.46, 2.05, 2.0, 2.29, 2.79, 2.84, 3.33, 4.04, 4.34, 3.97, 3.94, 4.09, 4.39, 4.58, 4.566, 4.93, 5.073, 5.163, 5.34, 5.346, 4.95, 4.75, 6.458, 6.937, 6.32, 6.0, 5.62, 5.28, 3.757, 2.38, 1.81, 1.98, 2.51, 2.95, 3.4, 3.44, 2.23, 1.86, 1.67, 2.06, 2.43, 3.42, 3.84, 3.39, 2.92, 2.64, 1.84, 1.62, 1.31, 1.03, 1.86, 2.35, 2.65, 3.66, 3.78, 3.99, 4.25, 5.071, 4.77, 3.94, 3.604, 3.82, 3.48, 3.02, 2.97, 2.82, 3.4], [1.39, 1.0, 0, 0.82, 0.91, 1.05, 1.3, 1.6, 1.63, 1.43, 1.59, 1.62, 1.73, 1.59, 2.01, 2.59, 2.61, 2.03, 2.15, 2.32, 2.23, 2.2, 2.59, 3.01, 2.94, 3.41, 4.04, 4.34, 4.01, 3.7, 3.87, 4.07, 4.24, 4.148, 4.53, 4.68, 4.79, 4.97, 4.908, 4.501, 4.321, 5.998, 6.499, 5.891, 5.571, 5.191, 4.851, 3.4, 2.36, 1.91, 1.8, 2.31, 2.67, 3.04, 3.16, 2.25, 1.8, 1.53, 1.84, 2.13, 3.08, 3.48, 3.09, 2.9, 2.66, 1.96, 1.78, 1.77, 1.45, 1.8, 2.27, 2.49, 3.28, 3.34, 3.57, 3.81, 4.64, 4.329, 3.54, 3.31, 3.58, 3.2, 2.86, 2.79, 2.58, 3.04], [1.63, 1.38, 0.82, 0, 1.03, 1.07, 1.34, 1.72, 1.67, 1.49, 1.61, 1.8, 1.85, 1.55, 2.23, 2.75, 2.75, 2.15, 2.31, 2.46, 2.61, 2.48, 2.89, 3.29, 3.18, 3.65, 4.3, 4.56, 4.19, 3.88, 3.95, 4.11, 4.32, 4.16, 4.455, 4.548, 4.71, 4.93, 4.98, 4.59, 4.398, 6.021, 6.505, 5.94, 5.608, 5.268, 4.96, 3.44, 2.56, 2.09, 1.86, 2.37, 2.77, 3.18, 3.26, 2.45, 2.02, 1.67, 1.88, 2.15, 3.08, 3.5, 3.21, 3.14, 2.9, 2.14, 1.98, 2.07, 1.79, 2.04, 2.43, 2.61, 3.32, 3.36, 3.41, 3.77, 4.66, 4.366, 3.6, 3.33, 3.52, 3.18, 2.88, 2.95, 2.7, 3.06], [1.6, 1.13, 0.91, 1.03, 0, 0.74, 1.11, 1.45, 1.44, 1.18, 1.34, 1.51, 1.56, 1.54, 2.12, 2.68, 2.72, 2.28, 2.44, 2.57, 2.28, 2.31, 2.56, 2.86, 2.85, 3.34, 4.01, 4.33, 3.94, 3.83, 3.98, 4.22, 4.37, 4.369, 4.699, 4.832, 4.962, 5.122, 5.149, 4.742, 4.582, 6.267, 6.729, 6.132, 5.832, 5.452, 5.092, 3.609, 2.27, 1.84, 1.85, 2.34, 2.82, 3.23, 3.33, 2.24, 1.89, 1.6, 1.97, 2.28, 3.29, 3.69, 3.26, 2.95, 2.71, 2.05, 1.95, 1.88, 1.62, 1.91, 2.32, 2.56, 3.53, 3.59, 3.66, 4.0, 4.91, 4.591, 3.763, 3.499, 3.71, 3.37, 2.93, 2.84, 2.69, 3.21], [1.64, 1.23, 1.05, 1.07, 0.74, 0, 0.67, 0.95, 1.12, 0.98, 1.2, 1.45, 1.54, 1.28, 1.82, 2.56, 2.6, 2.14, 2.32, 2.55, 2.22, 2.15, 2.6, 2.82, 2.57, 3.06, 3.75, 4.05, 3.74, 3.69, 3.82, 4.12, 4.29, 4.272, 4.602, 4.735, 4.845, 5.005, 5.032, 4.645, 4.456, 6.159, 6.64, 6.035, 5.715, 5.335, 4.975, 3.472, 2.25, 1.78, 1.75, 2.18, 2.72, 3.13, 3.19, 1.94, 1.79, 1.6, 1.87, 2.16, 3.17, 3.57, 3.12, 2.71, 2.47, 1.73, 1.91, 2.04, 1.74, 1.81, 2.24, 2.46, 3.41, 3.49, 3.58, 3.86, 4.806, 4.52, 3.646, 3.316, 3.526, 3.17, 2.71, 2.62, 2.59, 3.103], [1.79, 1.56, 1.3, 1.34, 1.11, 0.67, 0, 0.76, 1.17, 1.07, 1.19, 1.54, 1.53, 1.35, 1.69, 2.45, 2.45, 2.13, 2.37, 2.64, 2.35, 2.1, 2.61, 2.87, 2.52, 2.81, 3.48, 3.76, 3.47, 3.56, 3.69, 3.99, 4.182, 4.182, 4.512, 4.605, 4.755, 4.935, 4.927, 4.523, 4.346, 6.069, 6.55, 5.945, 5.625, 5.245, 4.885, 3.382, 2.34, 1.85, 1.86, 2.15, 2.57, 3.0, 3.06, 1.79, 1.6, 1.57, 1.78, 2.09, 3.06, 3.46, 3.03, 2.54, 2.2, 1.68, 2.16, 2.27, 1.91, 1.78, 2.09, 2.31, 3.32, 3.4, 3.43, 3.73, 4.716, 4.403, 3.556, 3.226, 3.436, 3.1, 2.6, 2.61, 2.56, 2.973], [1.85, 1.78, 1.6, 1.72, 1.45, 0.95, 0.76, 0, 0.77, 0.99, 1.27, 1.78, 1.71, 1.23, 1.29, 1.99, 1.99, 1.79, 1.93, 2.18, 1.97, 2.1, 2.21, 2.43, 2.08, 2.33, 3.06, 3.34, 2.99, 3.107, 3.19, 3.49, 3.711, 3.731, 4.081, 4.22, 4.344, 4.504, 4.511, 4.144, 3.938, 5.641, 6.102, 5.494, 5.194, 4.814, 4.454, 2.96, 2.12, 1.65, 1.54, 1.67, 2.09, 2.5, 2.62, 1.63, 1.52, 1.47, 1.78, 1.73, 2.6, 3.08, 2.75, 2.44, 2.08, 1.9, 2.42, 2.55, 2.09, 1.4, 1.61, 1.89, 2.98, 3.18, 3.23, 3.41, 4.28, 4.05, 3.1, 2.85, 3.06, 2.76, 2.34, 2.23, 2.22, 2.6], [1.9, 1.77, 1.63, 1.67, 1.44, 1.12, 1.17, 0.77, 0, 0.8, 1.12, 1.71, 1.66, 1.28, 1.42, 1.9, 1.88, 1.8, 1.64, 1.81, 1.82, 2.09, 2.16, 2.32, 2.13, 2.42, 3.15, 3.45, 3.12, 3.11, 3.17, 3.49, 3.623, 3.623, 3.973, 4.145, 4.236, 4.393, 4.441, 4.073, 3.873, 5.553, 5.994, 5.386, 5.103, 4.723, 4.383, 2.89, 2.01, 1.94, 1.67, 1.64, 2.06, 2.47, 2.65, 1.78, 1.75, 1.5, 1.81, 1.78, 2.57, 3.03, 2.72, 2.37, 2.05, 2.11, 2.49, 2.6, 2.12, 1.51, 1.56, 1.88, 2.87, 3.29, 3.3, 3.48, 4.23, 3.92, 3.01, 2.78, 3.07, 2.81, 2.43, 2.3, 2.15, 2.63], [1.68, 1.55, 1.43, 1.49, 1.18, 0.98, 1.07, 0.99, 0.8, 0, 0.68, 1.23, 1.16, 1.1, 1.78, 2.4, 2.48, 2.08, 1.9, 2.15, 1.9, 2.11, 2.24, 2.56, 2.41, 2.86, 3.65, 3.91, 3.58, 3.65, 3.744, 4.024, 4.177, 4.197, 4.547, 4.66, 4.77, 4.93, 4.992, 4.59, 4.41, 6.101, 6.562, 5.96, 5.66, 5.28, 4.92, 3.392, 2.31, 2.02, 1.81, 2.12, 2.62, 3.01, 3.13, 2.06, 1.97, 1.58, 1.97, 2.1, 3.09, 3.51, 3.16, 2.61, 2.37, 2.19, 2.23, 2.26, 1.88, 1.63, 2.08, 2.38, 3.37, 3.59, 3.68, 3.92, 4.731, 4.458, 3.546, 3.264, 3.55, 3.25, 2.79, 2.64, 2.57, 3.13], [1.62, 1.63, 1.59, 1.61, 1.34, 1.2, 1.19, 1.27, 1.12, 0.68, 0, 0.83, 0.9, 0.96, 2.08, 2.84, 2.92, 2.46, 2.28, 2.49, 1.98, 2.11, 2.22, 2.56, 2.55, 3.02, 3.89, 4.11, 3.82, 4.014, 4.147, 4.447, 4.6, 4.64, 4.981, 5.063, 5.213, 5.373, 5.426, 5.022, 4.83, 6.553, 7.014, 6.403, 6.103, 5.723, 5.378, 3.835, 2.61, 2.04, 2.05, 2.54, 3.04, 3.47, 3.57, 2.38, 2.27, 1.94, 2.25, 2.54, 3.53, 3.93, 3.58, 2.89, 2.67, 2.15, 2.09, 2.08, 1.88, 1.91, 2.46, 2.76, 3.83, 3.97, 3.96, 4.24, 5.174, 4.916, 3.989, 3.707, 3.897, 3.551, 3.111, 2.961, 2.89, 3.47], [1.69, 1.52, 1.62, 1.8, 1.51, 1.45, 1.54, 1.78, 1.71, 1.23, 0.83, 0, 0.67, 1.31, 2.69, 3.468, 3.53, 2.99, 2.83, 2.967, 2.27, 2.3, 2.41, 2.87, 3.04, 3.51, 4.44, 4.62, 4.39, 4.621, 4.734, 5.014, 5.227, 5.267, 5.617, 5.75, 5.84, 6.0, 6.056, 5.637, 5.44, 7.18, 7.641, 7.03, 6.73, 6.35, 5.99, 4.422, 3.14, 2.41, 2.54, 3.17, 3.65, 4.08, 4.161, 2.89, 2.7, 2.47, 2.8, 3.15, 4.14, 4.535, 4.131, 3.44, 3.22, 2.36, 2.0, 1.55, 1.83, 2.46, 3.03, 3.37, 4.42, 4.481, 4.59, 4.87, 5.801, 5.508, 4.616, 4.328, 4.524, 4.158, 3.698, 3.588, 3.52, 4.101], [1.66, 1.65, 1.73, 1.85, 1.56, 1.54, 1.53, 1.71, 1.66, 1.16, 0.9, 0.67, 0, 1.3, 2.58, 3.395, 3.455, 2.915, 2.658, 2.834, 2.22, 2.27, 2.4, 2.84, 3.03, 3.48, 4.35, 4.59, 4.32, 4.568, 4.701, 5.001, 5.194, 5.214, 5.564, 5.677, 5.787, 5.967, 6.003, 5.599, 5.398, 7.118, 7.582, 6.977, 6.677, 6.317, 5.961, 4.378, 3.07, 2.36, 2.49, 3.098, 3.578, 4.008, 4.068, 2.76, 2.61, 2.34, 2.69, 3.1, 4.09, 4.502, 4.058, 3.33, 3.09, 2.39, 2.15, 1.66, 1.86, 2.39, 2.9, 3.34, 4.36, 4.448, 4.52, 4.82, 5.768, 5.479, 4.572, 4.266, 4.471, 4.145, 3.645, 3.555, 3.428, 4.048], [1.54, 1.59, 1.59, 1.55, 1.54, 1.28, 1.35, 1.23, 1.28, 1.1, 0.96, 1.31, 1.3, 0, 1.6, 2.46, 2.54, 2.08, 1.92, 2.11, 1.52, 1.63, 1.84, 2.14, 2.17, 2.62, 3.51, 3.57, 3.38, 3.655, 3.8, 4.1, 4.31, 4.318, 4.648, 4.78, 4.94, 5.111, 5.178, 4.771, 4.525, 6.208, 6.669, 6.061, 5.781, 5.421, 5.081, 3.678, 2.45, 1.82, 1.81, 2.2, 2.68, 3.09, 3.21, 2.06, 2.01, 1.7, 2.01, 2.22, 3.19, 3.61, 3.28, 2.53, 2.35, 1.79, 1.75, 1.74, 1.72, 1.67, 2.08, 2.44, 3.55, 3.65, 3.74, 3.96, 4.89, 4.68, 3.79, 3.42, 3.61, 3.23, 2.81, 2.62, 2.53, 3.15], [1.7, 2.07, 2.01, 2.23, 2.12, 1.82, 1.69, 1.29, 1.42, 1.78, 2.08, 2.69, 2.58, 1.6, 0, 1.0, 1.02, 1.24, 1.36, 1.53, 1.58, 1.67, 1.7, 1.98, 1.73, 1.76, 2.35, 2.51, 2.28, 2.13, 2.22, 2.52, 2.95, 2.99, 3.32, 3.525, 3.74, 3.813, 3.81, 3.4, 3.155, 4.817, 5.262, 4.624, 4.344, 3.984, 3.644, 2.27, 1.69, 1.5, 1.45, 1.36, 1.52, 1.93, 1.97, 1.06, 1.09, 1.0, 1.09, 1.06, 1.63, 2.09, 1.78, 1.49, 1.11, 1.43, 2.23, 2.44, 1.82, 0.85, 0.86, 1.1, 2.19, 2.43, 2.78, 2.8, 3.45, 3.22, 2.41, 1.94, 2.15, 1.73, 1.43, 1.5, 1.39, 1.65], [2.48, 2.77, 2.59, 2.75, 2.68, 2.56, 2.45, 1.99, 1.9, 2.4, 2.84, 3.468, 3.395, 2.46, 1.0, 0, 0.5, 1.08, 1.26, 1.07, 1.84, 1.97, 1.9, 2.08, 1.67, 1.54, 2.13, 2.19, 1.96, 1.57, 1.54, 1.86, 2.31, 2.33, 2.68, 2.95, 3.22, 3.2, 3.13, 2.76, 2.5, 4.035, 4.502, 3.89, 3.602, 3.302, 2.962, 1.77, 1.63, 1.82, 1.85, 1.36, 1.36, 1.55, 1.53, 1.4, 1.43, 1.36, 1.25, 1.04, 1.07, 1.53, 1.2, 1.39, 1.21, 1.89, 2.91, 3.18, 2.44, 1.41, 0.92, 1.0, 1.75, 2.29, 2.68, 2.48, 2.67, 2.6, 1.89, 1.52, 1.81, 1.61, 1.35, 1.22, 1.43, 1.39], [2.48, 2.77, 2.61, 2.75, 2.72, 2.6, 2.45, 1.99, 1.88, 2.48, 2.92, 3.53, 3.455, 2.54, 1.02, 0.5, 0, 0.96, 1.18, 1.21, 1.92, 2.15, 2.02, 2.2, 1.79, 1.66, 2.11, 2.27, 1.96, 1.49, 1.54, 1.84, 2.29, 2.27, 2.62, 2.85, 3.12, 3.1, 3.09, 2.7, 2.46, 4.043, 4.476, 3.87, 3.579, 3.259, 2.93, 1.77, 1.61, 1.84, 1.81, 1.24, 1.24, 1.45, 1.51, 1.4, 1.47, 1.42, 1.19, 1.06, 1.11, 1.61, 1.3, 1.39, 1.23, 1.99, 2.99, 3.26, 2.54, 1.39, 0.98, 1.0, 1.71, 2.31, 2.68, 2.5, 2.73, 2.66, 1.89, 1.46, 1.75, 1.47, 1.35, 1.18, 1.39, 1.35], [1.92, 2.25, 2.03, 2.15, 2.28, 2.14, 2.13, 1.79, 1.8, 2.08, 2.46, 2.99, 2.915, 2.08, 1.24, 1.08, 0.96, 0, 0.78, 1.17, 1.72, 1.85, 2.26, 2.58, 2.27, 2.4, 2.83, 2.97, 2.62, 2.21, 2.32, 2.44, 2.89, 2.85, 3.18, 3.41, 3.6, 3.6, 3.75, 3.3, 3.02, 4.653, 5.047, 4.45, 4.15, 3.79, 3.47, 2.27, 1.95, 2.04, 1.93, 1.68, 1.82, 2.05, 1.97, 1.52, 1.55, 1.22, 1.13, 1.06, 1.67, 2.09, 1.68, 1.71, 1.51, 1.87, 2.59, 2.78, 2.16, 1.35, 1.36, 1.34, 2.27, 2.57, 3.1, 3.1, 3.35, 3.18, 2.47, 2.2, 2.39, 2.11, 1.99, 1.7, 1.97, 1.93], [1.9, 2.29, 2.15, 2.31, 2.44, 2.32, 2.37, 1.93, 1.64, 1.9, 2.28, 2.83, 2.658, 1.92, 1.36, 1.26, 1.18, 0.78, 0, 0.91, 1.5, 2.01, 2.14, 2.52, 2.31, 2.54, 3.03, 3.15, 2.8, 2.43, 2.52, 2.84, 3.11, 3.11, 3.44, 3.65, 3.84, 3.88, 3.93, 3.52, 3.3, 4.883, 5.307, 4.71, 4.43, 4.09, 3.75, 2.67, 2.21, 2.24, 2.05, 1.84, 2.12, 2.27, 2.21, 1.88, 1.95, 1.52, 1.67, 1.46, 2.03, 2.49, 2.06, 1.91, 1.77, 2.19, 2.57, 2.62, 2.26, 1.47, 1.58, 1.54, 2.57, 2.95, 3.36, 3.36, 3.55, 3.48, 2.73, 2.42, 2.55, 2.29, 2.23, 1.82, 2.15, 2.19], [2.05, 2.46, 2.32, 2.46, 2.57, 2.55, 2.64, 2.18, 1.81, 2.15, 2.49, 2.967, 2.834, 2.11, 1.53, 1.07, 1.21, 1.17, 0.91, 0, 1.27, 1.78, 1.81, 2.15, 2.04, 2.05, 2.58, 2.74, 2.31, 2.12, 2.19, 2.45, 2.92, 2.92, 3.31, 3.64, 3.93, 3.89, 3.82, 3.39, 3.11, 4.63, 5.08, 4.48, 4.2, 3.9, 3.56, 2.32, 1.94, 2.13, 2.12, 1.95, 2.07, 2.46, 2.34, 2.13, 2.04, 1.61, 1.76, 1.65, 1.94, 2.36, 2.01, 1.84, 1.6, 2.08, 2.58, 2.61, 2.19, 1.44, 1.27, 1.91, 2.6, 3.2, 3.59, 3.35, 3.4, 3.29, 2.56, 2.29, 2.6, 2.44, 2.04, 1.85, 1.9, 2.1], [1.74, 2.05, 2.23, 2.61, 2.28, 2.22, 2.35, 1.97, 1.82, 1.9, 1.98, 2.27, 2.22, 1.52, 1.58, 1.84, 1.92, 1.72, 1.5, 1.27, 0, 1.17, 1.44, 1.56, 1.71, 1.94, 2.81, 2.77, 2.56, 2.77, 2.92, 3.26, 3.79, 3.81, 4.16, 4.49, 4.76, 4.74, 4.67, 4.3, 4.0, 5.53, 6.008, 5.33, 5.07, 4.75, 4.41, 2.95, 1.99, 1.9, 2.19, 2.3, 2.54, 3.01, 2.89, 1.92, 2.07, 1.68, 1.97, 2.02, 2.51, 2.89, 2.52, 1.71, 1.47, 1.77, 1.87, 1.88, 1.7, 1.51, 1.68, 2.24, 3.01, 3.63, 4.14, 4.04, 4.17, 4.04, 3.23, 2.9, 3.33, 3.09, 2.53, 2.32, 2.39, 2.97], [1.51, 2.0, 2.2, 2.48, 2.31, 2.15, 2.1, 2.1, 2.09, 2.11, 2.11, 2.3, 2.27, 1.63, 1.67, 1.97, 2.15, 1.85, 2.01, 1.78, 1.17, 0, 1.35, 1.53, 1.66, 2.03, 3.0, 2.88, 2.75, 3.06, 3.13, 3.51, 4.06, 4.16, 4.53, 4.82, 5.09, 5.09, 4.96, 4.525, 4.245, 5.768, 6.28, 5.624, 5.335, 5.035, 4.695, 3.212, 1.92, 1.59, 2.14, 2.37, 2.65, 3.14, 3.06, 1.75, 1.56, 1.41, 1.74, 2.07, 2.58, 2.98, 2.53, 1.64, 1.48, 1.2, 1.52, 1.69, 1.45, 1.42, 1.59, 2.35, 3.1, 3.54, 4.09, 4.11, 4.36, 4.13, 3.46, 3.07, 3.48, 3.14, 2.5, 2.43, 2.46, 3.08], [1.94, 2.29, 2.59, 2.89, 2.56, 2.6, 2.61, 2.21, 2.16, 2.24, 2.22, 2.41, 2.4, 1.84, 1.7, 1.9, 2.02, 2.26, 2.14, 1.81, 1.44, 1.35, 0, 0.78, 1.13, 1.56, 2.53, 2.37, 2.32, 2.71, 2.78, 3.08, 3.57, 3.63, 3.98, 4.21, 4.46, 4.46, 4.45, 4.013, 3.773, 5.386, 5.822, 5.193, 4.893, 4.556, 4.216, 2.79, 1.85, 1.58, 1.79, 1.92, 2.22, 2.73, 2.71, 1.82, 2.03, 1.72, 2.07, 2.14, 2.45, 2.79, 2.56, 1.93, 1.83, 1.97, 1.99, 1.98, 1.74, 1.55, 1.52, 2.22, 3.01, 3.29, 3.54, 3.52, 3.99, 3.7, 3.03, 2.58, 2.93, 2.57, 2.03, 1.88, 1.89, 2.47], [2.5, 2.79, 3.01, 3.29, 2.86, 2.82, 2.87, 2.43, 2.32, 2.56, 2.56, 2.87, 2.84, 2.14, 1.98, 2.08, 2.2, 2.58, 2.52, 2.15, 1.56, 1.53, 0.78, 0, 0.83, 1.18, 2.19, 2.11, 2.14, 2.53, 2.6, 2.94, 3.31, 3.37, 3.74, 4.005, 4.275, 4.333, 4.17, 3.755, 3.475, 5.161, 5.645, 4.968, 4.668, 4.308, 3.968, 2.49, 1.57, 1.48, 1.77, 1.8, 2.0, 2.53, 2.45, 1.72, 2.01, 2.04, 2.27, 2.28, 2.33, 2.63, 2.46, 1.87, 1.97, 2.17, 2.43, 2.5, 2.2, 1.75, 1.68, 2.38, 2.93, 3.17, 3.44, 3.38, 3.75, 3.54, 2.73, 2.44, 2.95, 2.63, 2.05, 1.84, 1.85, 2.45], [2.53, 2.84, 2.94, 3.18, 2.85, 2.57, 2.52, 2.08, 2.13, 2.41, 2.55, 3.04, 3.03, 2.17, 1.73, 1.67, 1.79, 2.27, 2.31, 2.04, 1.71, 1.66, 1.13, 0.83, 0, 0.75, 1.74, 1.76, 1.73, 2.12, 2.19, 2.57, 2.96, 3.0, 3.37, 3.64, 3.91, 3.95, 3.68, 3.303, 3.06, 4.751, 5.238, 4.58, 4.28, 3.94, 3.58, 2.0, 1.28, 1.27, 1.54, 1.47, 1.63, 2.12, 2.06, 1.39, 1.66, 1.87, 1.92, 1.97, 1.96, 2.32, 2.13, 1.52, 1.7, 1.92, 2.44, 2.73, 2.27, 1.68, 1.47, 2.03, 2.6, 2.76, 2.99, 2.97, 3.32, 3.17, 2.26, 2.01, 2.52, 2.24, 1.66, 1.41, 1.46, 2.06], [3.02, 3.33, 3.41, 3.65, 3.34, 3.06, 2.81, 2.33, 2.42, 2.86, 3.02, 3.51, 3.48, 2.62, 1.76, 1.54, 1.66, 2.4, 2.54, 2.05, 1.94, 2.03, 1.56, 1.18, 0.75, 0, 1.17, 1.27, 1.28, 1.59, 1.64, 2.0, 2.35, 2.43, 2.84, 3.15, 3.42, 3.42, 3.15, 2.8, 2.56, 4.181, 4.63, 3.99, 3.69, 3.35, 2.99, 1.53, 1.43, 1.74, 1.93, 1.54, 1.42, 1.89, 1.77, 1.4, 1.75, 2.2, 2.29, 2.18, 1.71, 2.07, 1.9, 1.53, 1.61, 2.25, 2.93, 3.24, 2.76, 1.97, 1.54, 1.96, 2.39, 2.69, 2.82, 2.68, 2.85, 2.68, 1.79, 1.62, 2.19, 2.01, 1.53, 1.54, 1.43, 1.73], [3.69, 4.04, 4.04, 4.3, 4.01, 3.75, 3.48, 3.06, 3.15, 3.65, 3.89, 4.44, 4.35, 3.51, 2.35, 2.13, 2.11, 2.83, 3.03, 2.58, 2.81, 3.0, 2.53, 2.19, 1.74, 1.17, 0, 0.72, 0.73, 1.08, 1.17, 1.65, 1.94, 2.22, 2.59, 2.62, 2.89, 2.79, 2.62, 2.27, 1.97, 3.366, 3.72, 3.02, 2.66, 2.36, 2.04, 1.3, 1.88, 2.45, 2.52, 2.07, 1.81, 2.06, 2.08, 1.99, 2.4, 2.81, 2.88, 2.79, 2.1, 2.16, 2.23, 1.96, 1.96, 2.96, 3.98, 4.21, 3.63, 2.58, 2.15, 2.47, 2.84, 3.0, 3.09, 2.97, 2.8, 2.51, 2.02, 1.85, 2.3, 2.3, 1.94, 1.87, 1.86, 2.0], [3.91, 4.34, 4.34, 4.56, 4.33, 4.05, 3.76, 3.34, 3.45, 3.91, 4.11, 4.62, 4.59, 3.57, 2.51, 2.19, 2.27, 2.97, 3.15, 2.74, 2.77, 2.88, 2.37, 2.11, 1.76, 1.27, 0.72, 0, 0.69, 1.08, 1.25, 1.73, 2.08, 2.2, 2.45, 2.56, 2.85, 2.85, 2.84, 2.45, 2.15, 3.35, 3.76, 3.06, 2.74, 2.44, 2.16, 1.7, 2.24, 2.73, 2.8, 2.31, 2.07, 2.26, 2.3, 2.19, 2.64, 3.03, 3.04, 3.01, 2.22, 2.26, 2.33, 2.02, 2.1, 3.0, 3.94, 4.23, 3.73, 2.8, 2.37, 2.65, 2.98, 3.16, 3.31, 3.21, 2.92, 2.69, 2.32, 2.09, 2.4, 2.38, 2.06, 2.01, 2.1, 2.1], [3.6, 3.97, 4.01, 4.19, 3.94, 3.74, 3.47, 2.99, 3.12, 3.58, 3.82, 4.39, 4.32, 3.38, 2.28, 1.96, 1.96, 2.62, 2.8, 2.31, 2.56, 2.75, 2.32, 2.14, 1.73, 1.28, 0.73, 0.69, 0, 0.85, 1.04, 1.66, 2.03, 2.25, 2.54, 2.63, 2.92, 2.94, 2.91, 2.54, 2.12, 3.42, 3.71, 3.09, 2.71, 2.49, 2.23, 1.49, 1.83, 2.34, 2.41, 1.96, 1.8, 2.23, 2.25, 2.0, 2.41, 2.68, 2.73, 2.72, 2.03, 2.17, 2.18, 1.73, 1.83, 2.71, 3.85, 4.1, 3.48, 2.49, 2.06, 2.46, 2.89, 3.09, 3.28, 3.16, 2.87, 2.62, 2.25, 1.94, 2.31, 2.29, 1.79, 1.7, 1.75, 1.91], [3.63, 3.94, 3.7, 3.88, 3.83, 3.69, 3.56, 3.107, 3.11, 3.65, 4.014, 4.621, 4.568, 3.655, 2.13, 1.57, 1.49, 2.21, 2.43, 2.12, 2.77, 3.06, 2.71, 2.53, 2.12, 1.59, 1.08, 1.08, 0.85, 0, 0.67, 1.27, 1.58, 1.66, 1.95, 2.18, 2.47, 2.47, 2.38, 1.97, 1.69, 3.006, 3.36, 2.72, 2.34, 2.08, 1.74, 1.16, 1.76, 2.47, 2.32, 1.71, 1.41, 1.78, 1.72, 2.05, 2.32, 2.51, 2.4, 2.21, 1.42, 1.6, 1.55, 1.7, 1.8, 2.9, 4.14, 4.384, 3.65, 2.34, 1.87, 1.99, 2.3, 2.5, 2.67, 2.53, 2.24, 2.03, 1.62, 1.37, 1.64, 1.64, 1.44, 1.41, 1.42, 1.36], [3.64, 4.09, 3.87, 3.95, 3.98, 3.82, 3.69, 3.19, 3.17, 3.744, 4.147, 4.734, 4.701, 3.8, 2.22, 1.54, 1.54, 2.32, 2.52, 2.19, 2.92, 3.13, 2.78, 2.6, 2.19, 1.64, 1.17, 1.25, 1.04, 0.67, 0, 0.94, 1.39, 1.61, 1.94, 2.15, 2.42, 2.38, 2.23, 1.84, 1.54, 2.907, 3.27, 2.61, 2.33, 2.03, 1.71, 1.03, 1.79, 2.52, 2.35, 1.72, 1.44, 1.51, 1.47, 2.08, 2.37, 2.6, 2.45, 2.16, 1.35, 1.35, 1.4, 1.83, 1.95, 2.95, 4.167, 4.417, 3.72, 2.39, 1.92, 1.86, 2.13, 2.33, 2.48, 2.38, 2.09, 1.84, 1.49, 1.14, 1.39, 1.51, 1.51, 1.5, 1.55, 1.29], [3.92, 4.39, 4.07, 4.11, 4.22, 4.12, 3.99, 3.49, 3.49, 4.024, 4.447, 5.014, 5.001, 4.1, 2.52, 1.86, 1.84, 2.44, 2.84, 2.45, 3.26, 3.51, 3.08, 2.94, 2.57, 2.0, 1.65, 1.73, 1.66, 1.27, 0.94, 0, 1.09, 1.33, 1.64, 1.73, 1.82, 1.76, 1.73, 1.46, 1.38, 2.493, 2.89, 2.29, 1.97, 1.65, 1.39, 1.29, 2.15, 2.8, 2.57, 1.98, 1.62, 1.51, 1.41, 2.36, 2.63, 2.86, 2.75, 2.38, 1.53, 1.35, 1.54, 2.37, 2.53, 3.39, 4.51, 4.757, 4.02, 2.73, 2.26, 2.02, 2.03, 2.11, 2.16, 2.1, 1.87, 1.54, 1.33, 1.34, 1.37, 1.59, 1.77, 1.8, 1.83, 1.51], [4.41, 4.58, 4.24, 4.32, 4.37, 4.29, 4.182, 3.711, 3.623, 4.177, 4.6, 5.227, 5.194, 4.31, 2.95, 2.31, 2.29, 2.89, 3.11, 2.92, 3.79, 4.06, 3.57, 3.31, 2.96, 2.35, 1.94, 2.08, 2.03, 1.58, 1.39, 1.09, 0, 0.8, 1.37, 1.58, 1.55, 1.65, 1.62, 1.45, 1.49, 2.23, 2.48, 1.9, 1.78, 1.54, 1.46, 1.52, 2.44, 3.15, 2.82, 2.17, 1.81, 1.48, 1.46, 2.71, 2.96, 3.21, 3.2, 2.63, 1.94, 1.62, 1.81, 2.8, 2.92, 3.96, 4.975, 5.185, 4.405, 3.14, 2.67, 2.23, 1.84, 1.74, 1.57, 1.61, 1.38, 1.29, 1.34, 1.47, 1.44, 1.84, 2.2, 2.13, 2.14, 1.9], [4.43, 4.566, 4.148, 4.16, 4.369, 4.272, 4.182, 3.731, 3.623, 4.197, 4.64, 5.267, 5.214, 4.318, 2.99, 2.33, 2.27, 2.85, 3.11, 2.92, 3.81, 4.16, 3.63, 3.37, 3.0, 2.43, 2.22, 2.2, 2.25, 1.66, 1.61, 1.33, 0.8, 0, 0.83, 1.14, 1.19, 1.37, 1.34, 1.21, 1.19, 2.05, 2.5, 1.96, 1.7, 1.5, 1.44, 1.66, 2.6, 3.19, 2.86, 2.21, 1.77, 1.4, 1.4, 2.79, 3.0, 3.248, 3.115, 2.53, 1.94, 1.72, 1.93, 3.02, 3.16, 4.06, 5.018, 5.23, 4.448, 3.26, 2.79, 2.13, 1.58, 1.58, 1.41, 1.41, 1.3, 1.21, 1.36, 1.43, 1.44, 1.76, 2.14, 2.15, 2.08, 1.74], [4.76, 4.93, 4.53, 4.455, 4.699, 4.602, 4.512, 4.081, 3.973, 4.547, 4.981, 5.617, 5.564, 4.648, 3.32, 2.68, 2.62, 3.18, 3.44, 3.31, 4.16, 4.53, 3.98, 3.74, 3.37, 2.84, 2.59, 2.45, 2.54, 1.95, 1.94, 1.64, 1.37, 0.83, 0, 0.65, 0.96, 1.22, 1.49, 1.3, 1.26, 1.88, 2.39, 1.97, 1.57, 1.47, 1.37, 1.87, 3.01, 3.52, 3.25, 2.58, 2.28, 1.81, 1.83, 3.12, 3.41, 3.6, 3.39, 2.9, 2.17, 1.93, 2.28, 3.41, 3.55, 4.43, 5.43, 5.58, 4.86, 3.69, 3.24, 2.48, 1.75, 1.63, 1.66, 1.52, 1.33, 1.24, 1.51, 1.64, 1.59, 2.03, 2.43, 2.5, 2.45, 2.05], [4.883, 5.073, 4.68, 4.548, 4.832, 4.735, 4.605, 4.22, 4.145, 4.66, 5.063, 5.75, 5.677, 4.78, 3.525, 2.95, 2.85, 3.41, 3.65, 3.64, 4.49, 4.82, 4.21, 4.005, 3.64, 3.15, 2.62, 2.56, 2.63, 2.18, 2.15, 1.73, 1.58, 1.14, 0.65, 0, 0.81, 1.11, 1.4, 1.23, 1.21, 1.91, 2.32, 1.98, 1.58, 1.52, 1.3, 2.08, 3.28, 3.75, 3.38, 2.77, 2.43, 1.94, 1.98, 3.31, 3.62, 3.79, 3.627, 3.08, 2.44, 2.22, 2.61, 3.74, 3.88, 4.693, 5.61, 5.76, 5.103, 3.953, 3.485, 2.683, 2.04, 1.9, 1.75, 1.55, 1.58, 1.35, 1.74, 1.81, 1.66, 2.14, 2.56, 2.63, 2.62, 2.16], [5.053, 5.163, 4.79, 4.71, 4.962, 4.845, 4.755, 4.344, 4.236, 4.77, 5.213, 5.84, 5.787, 4.94, 3.74, 3.22, 3.12, 3.6, 3.84, 3.93, 4.76, 5.09, 4.46, 4.275, 3.91, 3.42, 2.89, 2.85, 2.92, 2.47, 2.42, 1.82, 1.55, 1.19, 0.96, 0.81, 0, 0.8, 1.17, 1.2, 1.38, 1.72, 2.19, 1.73, 1.49, 1.33, 1.41, 2.35, 3.55, 4.04, 3.55, 2.96, 2.6, 2.13, 2.15, 3.54, 3.87, 4.04, 3.917, 3.367, 2.708, 2.488, 2.88, 4.01, 4.15, 4.963, 5.877, 6.01, 5.333, 4.223, 3.755, 2.893, 2.17, 1.99, 1.86, 1.86, 1.61, 1.54, 2.07, 2.16, 1.89, 2.41, 2.87, 2.9, 2.91, 2.37], [5.17, 5.34, 4.97, 4.93, 5.122, 5.005, 4.935, 4.504, 4.393, 4.93, 5.373, 6.0, 5.967, 5.111, 3.813, 3.2, 3.1, 3.6, 3.88, 3.89, 4.74, 5.09, 4.46, 4.333, 3.95, 3.42, 2.79, 2.85, 2.94, 2.47, 2.38, 1.76, 1.65, 1.37, 1.22, 1.11, 0.8, 0, 0.83, 0.98, 1.16, 1.36, 1.77, 1.27, 1.17, 1.01, 1.05, 2.29, 3.55, 4.1, 3.75, 3.14, 2.78, 2.27, 2.27, 3.62, 3.97, 4.16, 3.97, 3.447, 2.71, 2.468, 2.86, 3.99, 4.15, 4.98, 5.957, 6.11, 5.487, 4.283, 3.795, 2.96, 2.11, 1.85, 1.92, 1.86, 1.39, 1.48, 2.11, 2.24, 1.95, 2.47, 2.89, 2.94, 2.99, 2.45], [5.23, 5.346, 4.908, 4.98, 5.149, 5.032, 4.927, 4.511, 4.441, 4.992, 5.426, 6.056, 6.003, 5.178, 3.81, 3.13, 3.09, 3.75, 3.93, 3.82, 4.67, 4.96, 4.45, 4.17, 3.68, 3.15, 2.62, 2.84, 2.91, 2.38, 2.23, 1.73, 1.62, 1.34, 1.49, 1.4, 1.17, 0.83, 0, 0.69, 0.99, 1.31, 1.64, 1.12, 1.08, 1.0, 1.06, 2.14, 3.3, 3.99, 3.76, 3.104, 2.65, 2.2, 2.14, 3.59, 3.8, 4.128, 3.98, 3.37, 2.6, 2.42, 2.75, 3.88, 4.02, 4.86, 5.858, 6.105, 5.388, 4.1, 3.59, 2.97, 2.14, 2.04, 2.13, 1.99, 1.56, 1.49, 1.94, 2.11, 2.08, 2.5, 2.9, 2.93, 2.92, 2.48], [4.823, 4.95, 4.501, 4.59, 4.742, 4.645, 4.523, 4.144, 4.073, 4.59, 5.022, 5.637, 5.599, 4.771, 3.4, 2.76, 2.7, 3.3, 3.52, 3.39, 4.3, 4.525, 4.013, 3.755, 3.303, 2.8, 2.27, 2.45, 2.54, 1.97, 1.84, 1.46, 1.45, 1.21, 1.3, 1.23, 1.2, 0.98, 0.69, 0, 0.58, 1.58, 2.03, 1.49, 1.19, 0.93, 0.93, 1.81, 2.968, 3.573, 3.347, 2.7, 2.2, 1.77, 1.69, 3.195, 3.38, 3.633, 3.528, 2.9, 2.23, 2.05, 2.36, 3.47, 3.63, 4.403, 5.428, 5.658, 4.973, 3.663, 3.255, 2.56, 1.99, 1.93, 2.02, 1.96, 1.61, 1.36, 1.59, 1.74, 1.71, 2.07, 2.49, 2.48, 2.47, 2.07], [4.623, 4.75, 4.321, 4.398, 4.582, 4.456, 4.346, 3.938, 3.873, 4.41, 4.83, 5.44, 5.398, 4.525, 3.155, 2.5, 2.46, 3.02, 3.3, 3.11, 4.0, 4.245, 3.773, 3.475, 3.06, 2.56, 1.97, 2.15, 2.12, 1.69, 1.54, 1.38, 1.49, 1.19, 1.26, 1.21, 1.38, 1.16, 0.99, 0.58, 0, 1.76, 2.27, 1.71, 1.37, 1.07, 0.97, 1.49, 2.708, 3.315, 3.147, 2.437, 2.0, 1.61, 1.49, 2.975, 3.18, 3.42, 3.228, 2.7, 1.91, 1.89, 2.14, 3.17, 3.33, 4.12, 5.216, 5.446, 4.715, 3.403, 3.015, 2.32, 1.85, 1.97, 2.12, 2.02, 1.69, 1.44, 1.49, 1.5, 1.67, 1.93, 2.25, 2.28, 2.25, 1.83], [6.272, 6.458, 5.998, 6.021, 6.267, 6.159, 6.069, 5.641, 5.553, 6.101, 6.553, 7.18, 7.118, 6.208, 4.817, 4.035, 4.043, 4.653, 4.883, 4.63, 5.53, 5.768, 5.386, 5.161, 4.751, 4.181, 3.366, 3.35, 3.42, 3.006, 2.907, 2.493, 2.23, 2.05, 1.88, 1.91, 1.72, 1.36, 1.31, 1.58, 1.76, 0, 0.91, 0.85, 0.95, 1.21, 1.45, 2.97, 4.311, 5.026, 4.81, 4.117, 3.641, 3.21, 3.139, 4.632, 4.851, 5.092, 4.906, 4.349, 3.325, 3.088, 3.461, 4.474, 4.697, 5.631, 6.871, 7.121, 6.401, 5.053, 4.606, 3.958, 2.908, 2.767, 2.806, 2.62, 1.69, 1.94, 2.75, 2.992, 2.933, 3.413, 3.796, 3.9, 3.924, 3.47], [6.733, 6.937, 6.499, 6.505, 6.729, 6.64, 6.55, 6.102, 5.994, 6.562, 7.014, 7.641, 7.582, 6.669, 5.262, 4.502, 4.476, 5.047, 5.307, 5.08, 6.008, 6.28, 5.822, 5.645, 5.238, 4.63, 3.72, 3.76, 3.71, 3.36, 3.27, 2.89, 2.48, 2.5, 2.39, 2.32, 2.19, 1.77, 1.64, 2.03, 2.27, 0.91, 0, 0.96, 1.2, 1.48, 1.86, 3.36, 4.755, 5.505, 5.254, 4.604, 4.128, 3.7, 3.58, 5.016, 5.323, 5.568, 5.4, 4.828, 3.86, 3.58, 3.95, 4.94, 5.1, 6.18, 7.355, 7.605, 6.885, 5.54, 5.022, 4.404, 3.4, 3.24, 3.19, 2.97, 2.16, 2.31, 3.2, 3.43, 3.38, 3.897, 4.26, 4.362, 4.36, 3.92], [6.113, 6.32, 5.891, 5.94, 6.132, 6.035, 5.945, 5.494, 5.386, 5.96, 6.403, 7.03, 6.977, 6.061, 4.624, 3.89, 3.87, 4.45, 4.71, 4.48, 5.33, 5.624, 5.193, 4.968, 4.58, 3.99, 3.02, 3.06, 3.09, 2.72, 2.61, 2.29, 1.9, 1.96, 1.97, 1.98, 1.73, 1.27, 1.12, 1.49, 1.71, 0.85, 0.96, 0, 0.68, 0.84, 1.28, 2.68, 4.08, 4.87, 4.677, 3.967, 3.47, 3.037, 2.96, 4.379, 4.666, 4.902, 4.758, 4.193, 3.2, 2.92, 3.27, 4.28, 4.42, 5.507, 6.706, 6.933, 6.213, 4.884, 4.379, 3.767, 2.74, 2.66, 2.69, 2.61, 1.78, 1.89, 2.74, 2.93, 2.88, 3.3, 3.72, 3.75, 3.8, 3.36], [5.819, 6.0, 5.571, 5.608, 5.832, 5.715, 5.625, 5.194, 5.103, 5.66, 6.103, 6.73, 6.677, 5.781, 4.344, 3.602, 3.579, 4.15, 4.43, 4.2, 5.07, 5.335, 4.893, 4.668, 4.28, 3.69, 2.66, 2.74, 2.71, 2.34, 2.33, 1.97, 1.78, 1.7, 1.57, 1.58, 1.49, 1.17, 1.08, 1.19, 1.37, 0.95, 1.2, 0.68, 0, 0.64, 0.94, 2.34, 3.8, 4.57, 4.397, 3.687, 3.19, 2.757, 2.626, 4.099, 4.366, 4.622, 4.458, 3.879, 2.86, 2.58, 2.97, 3.935, 4.095, 5.218, 6.423, 6.653, 5.945, 4.595, 4.102, 3.487, 2.44, 2.48, 2.53, 2.37, 1.7, 1.53, 2.34, 2.57, 2.5, 3.02, 3.38, 3.467, 3.5, 3.06], [5.473, 5.62, 5.191, 5.268, 5.452, 5.335, 5.245, 4.814, 4.723, 5.28, 5.723, 6.35, 6.317, 5.421, 3.984, 3.302, 3.259, 3.79, 4.09, 3.9, 4.75, 5.035, 4.556, 4.308, 3.94, 3.35, 2.36, 2.44, 2.49, 2.08, 2.03, 1.65, 1.54, 1.5, 1.47, 1.52, 1.33, 1.01, 1.0, 0.93, 1.07, 1.21, 1.48, 0.84, 0.64, 0, 0.56, 1.96, 3.46, 4.21, 4.037, 3.327, 2.83, 2.397, 2.306, 3.739, 4.029, 4.262, 4.1, 3.559, 2.58, 2.3, 2.67, 3.678, 3.818, 4.927, 6.086, 6.313, 5.585, 4.235, 3.782, 3.147, 2.4, 2.48, 2.47, 2.35, 1.68, 1.51, 2.06, 2.33, 2.3, 2.7, 3.12, 3.11, 3.14, 2.7], [5.133, 5.28, 4.851, 4.96, 5.092, 4.975, 4.885, 4.454, 4.383, 4.92, 5.378, 5.99, 5.961, 5.081, 3.644, 2.962, 2.93, 3.47, 3.75, 3.56, 4.41, 4.695, 4.216, 3.968, 3.58, 2.99, 2.04, 2.16, 2.23, 1.74, 1.71, 1.39, 1.46, 1.44, 1.37, 1.3, 1.41, 1.05, 1.06, 0.93, 0.97, 1.45, 1.86, 1.28, 0.94, 0.56, 0, 1.64, 3.1, 3.87, 3.697, 2.987, 2.49, 2.12, 2.0, 3.399, 3.689, 3.922, 3.78, 3.25, 2.22, 1.96, 2.33, 3.298, 3.44, 4.578, 5.746, 5.973, 5.245, 3.895, 3.442, 2.847, 2.22, 2.26, 2.37, 2.23, 1.64, 1.29, 1.76, 2.01, 2.02, 2.36, 2.76, 2.77, 2.8, 2.38], [3.61, 3.757, 3.4, 3.44, 3.609, 3.472, 3.382, 2.96, 2.89, 3.392, 3.835, 4.422, 4.378, 3.678, 2.27, 1.77, 1.77, 2.27, 2.67, 2.32, 2.95, 3.212, 2.79, 2.49, 2.0, 1.53, 1.3, 1.7, 1.49, 1.16, 1.03, 1.29, 1.52, 1.66, 1.87, 2.08, 2.35, 2.29, 2.14, 1.81, 1.49, 2.97, 3.36, 2.68, 2.34, 1.96, 1.64, 0, 1.56, 2.33, 2.16, 1.59, 1.25, 1.56, 1.34, 1.97, 2.22, 2.43, 2.3, 1.93, 1.14, 1.26, 1.55, 2.02, 2.08, 3.1, 4.223, 4.453, 3.722, 2.44, 1.97, 1.87, 1.8, 1.92, 1.99, 1.99, 1.88, 1.61, 1.08, 1.19, 1.62, 1.66, 1.44, 1.55, 1.42, 1.36], [2.25, 2.38, 2.36, 2.56, 2.27, 2.25, 2.34, 2.12, 2.01, 2.31, 2.61, 3.14, 3.07, 2.45, 1.69, 1.63, 1.61, 1.95, 2.21, 1.94, 1.99, 1.92, 1.85, 1.57, 1.28, 1.43, 1.88, 2.24, 1.83, 1.76, 1.79, 2.15, 2.44, 2.6, 3.01, 3.28, 3.55, 3.55, 3.3, 2.968, 2.708, 4.311, 4.755, 4.08, 3.8, 3.46, 3.1, 1.56, 0, 0.91, 1.12, 1.09, 1.21, 1.72, 1.56, 1.11, 1.22, 1.47, 1.56, 1.73, 1.52, 1.76, 1.43, 1.32, 1.58, 1.96, 2.8, 3.004, 2.27, 1.48, 1.29, 1.77, 2.08, 2.18, 2.55, 2.61, 2.86, 2.59, 1.8, 1.65, 2.14, 1.92, 1.4, 1.43, 1.2, 1.8], [1.58, 1.81, 1.91, 2.09, 1.84, 1.78, 1.85, 1.65, 1.94, 2.02, 2.04, 2.41, 2.36, 1.82, 1.5, 1.82, 1.84, 2.04, 2.24, 2.13, 1.9, 1.59, 1.58, 1.48, 1.27, 1.74, 2.45, 2.73, 2.34, 2.47, 2.52, 2.8, 3.15, 3.19, 3.52, 3.75, 4.04, 4.1, 3.99, 3.573, 3.315, 5.026, 5.505, 4.87, 4.57, 4.21, 3.87, 2.33, 0.91, 0, 0.85, 1.26, 1.68, 2.09, 2.13, 1.14, 1.05, 1.18, 1.29, 1.64, 1.99, 2.39, 1.98, 1.65, 1.81, 1.45, 2.01, 2.18, 1.56, 1.21, 1.46, 1.88, 2.41, 2.45, 2.8, 2.94, 3.63, 3.36, 2.51, 2.18, 2.53, 2.09, 1.63, 1.54, 1.43, 2.13], [1.79, 1.98, 1.8, 1.86, 1.85, 1.75, 1.86, 1.54, 1.67, 1.81, 2.05, 2.54, 2.49, 1.81, 1.45, 1.85, 1.81, 1.93, 2.05, 2.12, 2.19, 2.14, 1.79, 1.77, 1.54, 1.93, 2.52, 2.8, 2.41, 2.32, 2.35, 2.57, 2.82, 2.86, 3.25, 3.38, 3.55, 3.75, 3.76, 3.347, 3.147, 4.81, 5.254, 4.677, 4.397, 4.037, 3.697, 2.16, 1.12, 0.85, 0, 0.93, 1.35, 1.82, 1.98, 1.23, 1.34, 1.29, 1.44, 1.63, 1.96, 2.22, 1.99, 1.82, 2.02, 1.9, 2.5, 2.69, 1.97, 1.28, 1.49, 1.81, 2.44, 2.22, 2.39, 2.73, 3.46, 3.19, 2.34, 1.93, 2.18, 1.88, 1.46, 1.41, 1.26, 1.76], [2.44, 2.51, 2.31, 2.37, 2.34, 2.18, 2.15, 1.67, 1.64, 2.12, 2.54, 3.17, 3.098, 2.2, 1.36, 1.36, 1.24, 1.68, 1.84, 1.95, 2.3, 2.37, 1.92, 1.8, 1.47, 1.54, 2.07, 2.31, 1.96, 1.71, 1.72, 1.98, 2.17, 2.21, 2.58, 2.77, 2.96, 3.14, 3.104, 2.7, 2.437, 4.117, 4.604, 3.967, 3.687, 3.327, 2.987, 1.59, 1.09, 1.26, 0.93, 0, 0.62, 1.11, 1.29, 1.1, 1.29, 1.34, 1.43, 1.34, 1.37, 1.69, 1.56, 1.57, 1.89, 2.23, 3.05, 3.22, 2.5, 1.41, 1.32, 1.32, 1.87, 1.91, 2.06, 2.24, 2.79, 2.56, 1.69, 1.32, 1.69, 1.43, 1.15, 1.0, 0.87, 1.23], [2.92, 2.95, 2.67, 2.77, 2.82, 2.72, 2.57, 2.09, 2.06, 2.62, 3.04, 3.65, 3.578, 2.68, 1.52, 1.36, 1.24, 1.82, 2.12, 2.07, 2.54, 2.65, 2.22, 2.0, 1.63, 1.42, 1.81, 2.07, 1.8, 1.41, 1.44, 1.62, 1.81, 1.77, 2.28, 2.43, 2.6, 2.78, 2.65, 2.2, 2.0, 3.641, 4.128, 3.47, 3.19, 2.83, 2.49, 1.25, 1.21, 1.68, 1.35, 0.62, 0, 0.77, 0.87, 1.32, 1.47, 1.68, 1.73, 1.36, 1.11, 1.39, 1.36, 1.77, 1.93, 2.51, 3.43, 3.64, 2.9, 1.69, 1.42, 1.26, 1.73, 1.69, 1.86, 2.02, 2.33, 2.1, 1.35, 1.2, 1.61, 1.39, 1.19, 1.18, 0.89, 1.07], [3.39, 3.4, 3.04, 3.18, 3.23, 3.13, 3.0, 2.5, 2.47, 3.01, 3.47, 4.08, 4.008, 3.09, 1.93, 1.55, 1.45, 2.05, 2.27, 2.46, 3.01, 3.14, 2.73, 2.53, 2.12, 1.89, 2.06, 2.26, 2.23, 1.78, 1.51, 1.51, 1.48, 1.4, 1.81, 1.94, 2.13, 2.27, 2.2, 1.77, 1.61, 3.21, 3.7, 3.037, 2.757, 2.397, 2.12, 1.56, 1.72, 2.09, 1.82, 1.11, 0.77, 0, 0.6, 1.71, 1.88, 2.13, 2.14, 1.69, 1.2, 1.38, 1.35, 2.2, 2.4, 3.02, 3.88, 4.09, 3.35, 2.2, 1.91, 1.23, 1.42, 1.5, 1.71, 1.79, 2.0, 1.85, 1.26, 1.21, 1.52, 1.46, 1.72, 1.61, 1.5, 1.46], [3.35, 3.44, 3.16, 3.26, 3.33, 3.19, 3.06, 2.62, 2.65, 3.13, 3.57, 4.161, 4.068, 3.21, 1.97, 1.53, 1.51, 1.97, 2.21, 2.34, 2.89, 3.06, 2.71, 2.45, 2.06, 1.77, 2.08, 2.3, 2.25, 1.72, 1.47, 1.41, 1.46, 1.4, 1.83, 1.98, 2.15, 2.27, 2.14, 1.69, 1.49, 3.139, 3.58, 2.96, 2.626, 2.306, 2.0, 1.34, 1.56, 2.13, 1.98, 1.29, 0.87, 0.6, 0, 1.61, 1.86, 2.15, 2.18, 1.61, 1.08, 1.18, 1.09, 2.04, 2.16, 2.96, 3.94, 4.15, 3.41, 2.16, 1.83, 1.19, 1.36, 1.48, 1.63, 1.77, 1.78, 1.59, 1.04, 1.15, 1.5, 1.42, 1.68, 1.69, 1.54, 1.46], [1.96, 2.23, 2.25, 2.45, 2.24, 1.94, 1.79, 1.63, 1.78, 2.06, 2.38, 2.89, 2.76, 2.06, 1.06, 1.4, 1.4, 1.52, 1.88, 2.13, 1.92, 1.75, 1.82, 1.72, 1.39, 1.4, 1.99, 2.19, 2.0, 2.05, 2.08, 2.36, 2.71, 2.79, 3.12, 3.31, 3.54, 3.62, 3.59, 3.195, 2.975, 4.632, 5.016, 4.379, 4.099, 3.739, 3.399, 1.97, 1.11, 1.14, 1.23, 1.1, 1.32, 1.71, 1.61, 0, 0.75, 1.14, 1.33, 1.42, 1.55, 1.95, 1.5, 1.19, 1.29, 1.61, 2.47, 2.66, 2.08, 1.33, 1.26, 1.3, 2.05, 2.17, 2.6, 2.74, 3.21, 2.92, 2.13, 1.78, 2.23, 1.91, 1.45, 1.46, 1.45, 1.73], [1.67, 1.86, 1.8, 2.02, 1.89, 1.79, 1.6, 1.52, 1.75, 1.97, 2.27, 2.7, 2.61, 2.01, 1.09, 1.43, 1.47, 1.55, 1.95, 2.04, 2.07, 1.56, 2.03, 2.01, 1.66, 1.75, 2.4, 2.64, 2.41, 2.32, 2.37, 2.63, 2.96, 3.0, 3.41, 3.62, 3.87, 3.97, 3.8, 3.38, 3.18, 4.851, 5.323, 4.666, 4.366, 4.029, 3.689, 2.22, 1.22, 1.05, 1.34, 1.29, 1.47, 1.88, 1.86, 0.75, 0, 0.93, 1.02, 1.21, 1.78, 2.16, 1.73, 1.5, 1.38, 1.26, 2.12, 2.33, 1.63, 1.02, 1.11, 1.27, 2.12, 2.3, 2.73, 2.91, 3.46, 3.17, 2.36, 2.05, 2.5, 2.12, 1.72, 1.77, 1.56, 2.02], [1.48, 1.67, 1.53, 1.67, 1.6, 1.6, 1.57, 1.47, 1.5, 1.58, 1.94, 2.47, 2.34, 1.7, 1.0, 1.36, 1.42, 1.22, 1.52, 1.61, 1.68, 1.41, 1.72, 2.04, 1.87, 2.2, 2.81, 3.03, 2.68, 2.51, 2.6, 2.86, 3.21, 3.248, 3.6, 3.79, 4.04, 4.16, 4.128, 3.633, 3.42, 5.092, 5.568, 4.902, 4.622, 4.262, 3.922, 2.43, 1.47, 1.18, 1.29, 1.34, 1.68, 2.13, 2.15, 1.14, 0.93, 0, 0.87, 1.06, 1.91, 2.31, 1.88, 1.55, 1.37, 1.29, 1.89, 2.1, 1.42, 0.83, 1.06, 1.42, 2.29, 2.57, 2.92, 3.08, 3.71, 3.42, 2.67, 2.26, 2.59, 2.23, 1.77, 1.66, 1.53, 2.01], [1.79, 2.06, 1.84, 1.88, 1.97, 1.87, 1.78, 1.78, 1.81, 1.97, 2.25, 2.8, 2.69, 2.01, 1.09, 1.25, 1.19, 1.13, 1.67, 1.76, 1.97, 1.74, 2.07, 2.27, 1.92, 2.29, 2.88, 3.04, 2.73, 2.4, 2.45, 2.75, 3.2, 3.115, 3.39, 3.627, 3.917, 3.97, 3.98, 3.528, 3.228, 4.906, 5.4, 4.758, 4.458, 4.1, 3.78, 2.3, 1.56, 1.29, 1.44, 1.43, 1.73, 2.14, 2.18, 1.33, 1.02, 0.87, 0, 0.87, 1.72, 2.1, 1.65, 1.46, 1.32, 1.24, 2.2, 2.43, 1.71, 1.04, 1.15, 1.37, 2.06, 2.34, 2.77, 2.81, 3.5, 3.23, 2.5, 2.15, 2.24, 1.82, 1.54, 1.49, 1.48, 1.74], [2.06, 2.43, 2.13, 2.15, 2.28, 2.16, 2.09, 1.73, 1.78, 2.1, 2.54, 3.15, 3.1, 2.22, 1.06, 1.04, 1.06, 1.06, 1.46, 1.65, 2.02, 2.07, 2.14, 2.28, 1.97, 2.18, 2.79, 3.01, 2.72, 2.21, 2.16, 2.38, 2.63, 2.53, 2.9, 3.08, 3.367, 3.447, 3.37, 2.9, 2.7, 4.349, 4.828, 4.193, 3.879, 3.559, 3.25, 1.93, 1.73, 1.64, 1.63, 1.34, 1.36, 1.69, 1.61, 1.42, 1.21, 1.06, 0.87, 0, 1.21, 1.65, 1.38, 1.67, 1.43, 1.67, 2.61, 2.86, 2.16, 1.07, 1.02, 0.98, 1.61, 1.97, 2.38, 2.36, 2.97, 2.74, 2.05, 1.72, 1.89, 1.63, 1.47, 1.42, 1.47, 1.55], [3.01, 3.42, 3.08, 3.08, 3.29, 3.17, 3.06, 2.6, 2.57, 3.09, 3.53, 4.14, 4.09, 3.19, 1.63, 1.07, 1.11, 1.67, 2.03, 1.94, 2.51, 2.58, 2.45, 2.33, 1.96, 1.71, 2.1, 2.22, 2.03, 1.42, 1.35, 1.53, 1.94, 1.94, 2.17, 2.44, 2.708, 2.71, 2.6, 2.23, 1.91, 3.325, 3.86, 3.2, 2.86, 2.58, 2.22, 1.14, 1.52, 1.99, 1.96, 1.37, 1.11, 1.2, 1.08, 1.55, 1.78, 1.91, 1.72, 1.21, 0, 0.78, 0.91, 1.46, 1.68, 2.38, 3.6, 3.85, 3.13, 1.76, 1.39, 1.11, 1.16, 1.66, 2.07, 1.89, 1.98, 1.85, 1.38, 1.17, 1.56, 1.42, 1.4, 1.49, 1.5, 1.4], [3.43, 3.84, 3.48, 3.5, 3.69, 3.57, 3.46, 3.08, 3.03, 3.51, 3.93, 4.535, 4.502, 3.61, 2.09, 1.53, 1.61, 2.09, 2.49, 2.36, 2.89, 2.98, 2.79, 2.63, 2.32, 2.07, 2.16, 2.26, 2.17, 1.6, 1.35, 1.35, 1.62, 1.72, 1.93, 2.22, 2.488, 2.468, 2.42, 2.05, 1.89, 3.088, 3.58, 2.92, 2.58, 2.3, 1.96, 1.26, 1.76, 2.39, 2.22, 1.69, 1.39, 1.38, 1.18, 1.95, 2.16, 2.31, 2.1, 1.65, 0.78, 0, 0.81, 1.72, 1.86, 2.78, 4.0, 4.25, 3.51, 2.18, 1.77, 1.49, 1.2, 1.46, 1.71, 1.75, 1.74, 1.47, 1.2, 1.21, 1.28, 1.36, 1.6, 1.81, 1.74, 1.66], [3.06, 3.39, 3.09, 3.21, 3.26, 3.12, 3.03, 2.75, 2.72, 3.16, 3.58, 4.131, 4.058, 3.28, 1.78, 1.2, 1.3, 1.68, 2.06, 2.01, 2.52, 2.53, 2.56, 2.46, 2.13, 1.9, 2.23, 2.33, 2.18, 1.55, 1.4, 1.54, 1.81, 1.93, 2.28, 2.61, 2.88, 2.86, 2.75, 2.36, 2.14, 3.461, 3.95, 3.27, 2.97, 2.67, 2.33, 1.55, 1.43, 1.98, 1.99, 1.56, 1.36, 1.35, 1.09, 1.5, 1.73, 1.88, 1.65, 1.38, 0.91, 0.81, 0, 1.37, 1.51, 2.33, 3.57, 3.834, 3.08, 1.85, 1.56, 1.2, 1.21, 1.57, 2.06, 2.02, 2.03, 1.86, 1.45, 1.28, 1.39, 1.29, 1.53, 1.72, 1.65, 1.63], [2.49, 2.92, 2.9, 3.14, 2.95, 2.71, 2.54, 2.44, 2.37, 2.61, 2.89, 3.44, 3.33, 2.53, 1.49, 1.39, 1.39, 1.71, 1.91, 1.84, 1.71, 1.64, 1.93, 1.87, 1.52, 1.53, 1.96, 2.02, 1.73, 1.7, 1.83, 2.37, 2.8, 3.02, 3.41, 3.74, 4.01, 3.99, 3.88, 3.47, 3.17, 4.474, 4.94, 4.28, 3.935, 3.678, 3.298, 2.02, 1.32, 1.65, 1.82, 1.57, 1.77, 2.2, 2.04, 1.19, 1.5, 1.55, 1.46, 1.67, 1.46, 1.72, 1.37, 0, 0.76, 1.52, 2.68, 2.99, 2.35, 1.46, 1.41, 1.75, 2.16, 2.7, 3.25, 3.19, 3.18, 2.91, 2.32, 2.09, 2.44, 2.14, 1.68, 1.59, 1.82, 2.16], [2.27, 2.64, 2.66, 2.9, 2.71, 2.47, 2.2, 2.08, 2.05, 2.37, 2.67, 3.22, 3.09, 2.35, 1.11, 1.21, 1.23, 1.51, 1.77, 1.6, 1.47, 1.48, 1.83, 1.97, 1.7, 1.61, 1.96, 2.1, 1.83, 1.8, 1.95, 2.53, 2.92, 3.16, 3.55, 3.88, 4.15, 4.15, 4.02, 3.63, 3.33, 4.697, 5.1, 4.42, 4.095, 3.818, 3.44, 2.08, 1.58, 1.81, 2.02, 1.89, 1.93, 2.4, 2.16, 1.29, 1.38, 1.37, 1.32, 1.43, 1.68, 1.86, 1.51, 0.76, 0, 1.44, 2.44, 2.73, 1.99, 1.24, 1.03, 1.67, 2.26, 2.9, 3.39, 3.35, 3.42, 3.11, 2.48, 2.25, 2.62, 2.3, 1.8, 1.87, 2.0, 2.24], [1.53, 1.84, 1.96, 2.14, 2.05, 1.73, 1.68, 1.9, 2.11, 2.19, 2.15, 2.36, 2.39, 1.79, 1.43, 1.89, 1.99, 1.87, 2.19, 2.08, 1.77, 1.2, 1.97, 2.17, 1.92, 2.25, 2.96, 3.0, 2.71, 2.9, 2.95, 3.39, 3.96, 4.06, 4.43, 4.693, 4.963, 4.98, 4.86, 4.403, 4.12, 5.631, 6.18, 5.507, 5.218, 4.927, 4.578, 3.1, 1.96, 1.45, 1.9, 2.23, 2.51, 3.02, 2.96, 1.61, 1.26, 1.29, 1.24, 1.67, 2.38, 2.78, 2.33, 1.52, 1.44, 0, 1.4, 1.73, 1.29, 1.24, 1.51, 2.11, 2.94, 3.3, 3.81, 3.83, 4.24, 4.03, 3.38, 2.97, 3.16, 2.7, 2.18, 2.17, 2.26, 2.78], [1.29, 1.62, 1.78, 1.98, 1.95, 1.91, 2.16, 2.42, 2.49, 2.23, 2.09, 2.0, 2.15, 1.75, 2.23, 2.91, 2.99, 2.59, 2.57, 2.58, 1.87, 1.52, 1.99, 2.43, 2.44, 2.93, 3.98, 3.94, 3.85, 4.14, 4.167, 4.51, 4.975, 5.018, 5.43, 5.61, 5.877, 5.957, 5.858, 5.428, 5.216, 6.871, 7.355, 6.706, 6.423, 6.086, 5.746, 4.223, 2.8, 2.01, 2.5, 3.05, 3.43, 3.88, 3.94, 2.47, 2.12, 1.89, 2.2, 2.61, 3.6, 4.0, 3.57, 2.68, 2.44, 1.4, 0, 0.83, 0.97, 1.88, 2.35, 3.05, 4.06, 4.26, 4.61, 4.75, 5.494, 5.21, 4.4, 3.95, 4.2, 3.74, 3.24, 3.13, 3.1, 3.78], [1.14, 1.31, 1.77, 2.07, 1.88, 2.04, 2.27, 2.55, 2.6, 2.26, 2.08, 1.55, 1.66, 1.74, 2.44, 3.18, 3.26, 2.78, 2.62, 2.61, 1.88, 1.69, 1.98, 2.5, 2.73, 3.24, 4.21, 4.23, 4.1, 4.384, 4.417, 4.757, 5.185, 5.23, 5.58, 5.76, 6.01, 6.11, 6.105, 5.658, 5.446, 7.121, 7.605, 6.933, 6.653, 6.313, 5.973, 4.453, 3.004, 2.18, 2.69, 3.22, 3.64, 4.09, 4.15, 2.66, 2.33, 2.1, 2.43, 2.86, 3.85, 4.25, 3.834, 2.99, 2.73, 1.73, 0.83, 0, 0.94, 2.11, 2.6, 3.26, 4.29, 4.45, 4.76, 4.94, 5.744, 5.46, 4.63, 4.2, 4.39, 3.97, 3.45, 3.34, 3.33, 3.97], [0.94, 1.03, 1.45, 1.79, 1.62, 1.74, 1.91, 2.09, 2.12, 1.88, 1.88, 1.83, 1.86, 1.72, 1.82, 2.44, 2.54, 2.16, 2.26, 2.19, 1.7, 1.45, 1.74, 2.2, 2.27, 2.76, 3.63, 3.73, 3.48, 3.65, 3.72, 4.02, 4.405, 4.448, 4.86, 5.103, 5.333, 5.487, 5.388, 4.973, 4.715, 6.401, 6.885, 6.213, 5.945, 5.585, 5.245, 3.722, 2.27, 1.56, 1.97, 2.5, 2.9, 3.35, 3.41, 2.08, 1.63, 1.42, 1.71, 2.16, 3.13, 3.51, 3.08, 2.35, 1.99, 1.29, 0.97, 0.94, 0, 1.45, 1.92, 2.62, 3.57, 3.75, 4.14, 4.32, 5.004, 4.72, 3.89, 3.5, 3.73, 3.29, 2.87, 2.78, 2.65, 3.31], [1.45, 1.86, 1.8, 2.04, 1.91, 1.81, 1.78, 1.4, 1.51, 1.63, 1.91, 2.46, 2.39, 1.67, 0.85, 1.41, 1.39, 1.35, 1.47, 1.44, 1.51, 1.42, 1.55, 1.75, 1.68, 1.97, 2.58, 2.8, 2.49, 2.34, 2.39, 2.73, 3.14, 3.26, 3.69, 3.953, 4.223, 4.283, 4.1, 3.663, 3.403, 5.053, 5.54, 4.884, 4.595, 4.235, 3.895, 2.44, 1.48, 1.21, 1.28, 1.41, 1.69, 2.2, 2.16, 1.33, 1.02, 0.83, 1.04, 1.07, 1.76, 2.18, 1.85, 1.46, 1.24, 1.24, 1.88, 2.11, 1.45, 0, 0.77, 1.45, 2.34, 2.68, 3.05, 3.15, 3.66, 3.37, 2.54, 2.23, 2.58, 2.16, 1.76, 1.69, 1.66, 2.14], [1.98, 2.35, 2.27, 2.43, 2.32, 2.24, 2.09, 1.61, 1.56, 2.08, 2.46, 3.03, 2.9, 2.08, 0.86, 0.92, 0.98, 1.36, 1.58, 1.27, 1.68, 1.59, 1.52, 1.68, 1.47, 1.54, 2.15, 2.37, 2.06, 1.87, 1.92, 2.26, 2.67, 2.79, 3.24, 3.485, 3.755, 3.795, 3.59, 3.255, 3.015, 4.606, 5.022, 4.379, 4.102, 3.782, 3.442, 1.97, 1.29, 1.46, 1.49, 1.32, 1.42, 1.91, 1.83, 1.26, 1.11, 1.06, 1.15, 1.02, 1.39, 1.77, 1.56, 1.41, 1.03, 1.51, 2.35, 2.6, 1.92, 0.77, 0, 1.3, 2.05, 2.57, 2.8, 2.78, 3.19, 2.92, 2.15, 1.84, 2.15, 1.89, 1.45, 1.48, 1.35, 1.73], [2.42, 2.65, 2.49, 2.61, 2.56, 2.46, 2.31, 1.89, 1.88, 2.38, 2.76, 3.37, 3.34, 2.44, 1.1, 1.0, 1.0, 1.34, 1.54, 1.91, 2.24, 2.35, 2.22, 2.38, 2.03, 1.96, 2.47, 2.65, 2.46, 1.99, 1.86, 2.02, 2.23, 2.13, 2.48, 2.683, 2.893, 2.96, 2.97, 2.56, 2.32, 3.958, 4.404, 3.767, 3.487, 3.147, 2.847, 1.87, 1.77, 1.88, 1.81, 1.32, 1.26, 1.23, 1.19, 1.3, 1.27, 1.42, 1.37, 0.98, 1.11, 1.49, 1.2, 1.75, 1.67, 2.11, 3.05, 3.26, 2.62, 1.45, 1.3, 0, 1.33, 1.75, 2.08, 2.08, 2.57, 2.4, 1.77, 1.38, 1.67, 1.43, 1.55, 1.56, 1.49, 1.49], [3.47, 3.66, 3.28, 3.32, 3.53, 3.41, 3.32, 2.98, 2.87, 3.37, 3.83, 4.42, 4.36, 3.55, 2.19, 1.75, 1.71, 2.27, 2.57, 2.6, 3.01, 3.1, 3.01, 2.93, 2.6, 2.39, 2.84, 2.98, 2.89, 2.3, 2.13, 2.03, 1.84, 1.58, 1.75, 2.04, 2.17, 2.11, 2.14, 1.99, 1.85, 2.908, 3.4, 2.74, 2.44, 2.4, 2.22, 1.8, 2.08, 2.41, 2.44, 1.87, 1.73, 1.42, 1.36, 2.05, 2.12, 2.29, 2.06, 1.61, 1.16, 1.2, 1.21, 2.16, 2.26, 2.94, 4.06, 4.29, 3.57, 2.34, 2.05, 1.33, 0, 1.08, 1.45, 1.33, 1.48, 1.37, 1.6, 1.51, 1.52, 1.64, 1.96, 2.23, 2.06, 2.04], [3.61, 3.78, 3.34, 3.36, 3.59, 3.49, 3.4, 3.18, 3.29, 3.59, 3.97, 4.481, 4.448, 3.65, 2.43, 2.29, 2.31, 2.57, 2.95, 3.2, 3.63, 3.54, 3.29, 3.17, 2.76, 2.69, 3.0, 3.16, 3.09, 2.5, 2.33, 2.11, 1.74, 1.58, 1.63, 1.9, 1.99, 1.85, 2.04, 1.93, 1.97, 2.767, 3.24, 2.66, 2.48, 2.48, 2.26, 1.92, 2.18, 2.45, 2.22, 1.91, 1.69, 1.5, 1.48, 2.17, 2.3, 2.57, 2.34, 1.97, 1.66, 1.46, 1.57, 2.7, 2.9, 3.3, 4.26, 4.45, 3.75, 2.68, 2.57, 1.75, 1.08, 0, 1.03, 1.11, 1.5, 1.43, 1.62, 1.55, 1.34, 1.44, 1.86, 2.07, 1.84, 1.88], [3.92, 3.99, 3.57, 3.41, 3.66, 3.58, 3.43, 3.23, 3.3, 3.68, 3.96, 4.59, 4.52, 3.74, 2.78, 2.68, 2.68, 3.1, 3.36, 3.59, 4.14, 4.09, 3.54, 3.44, 2.99, 2.82, 3.09, 3.31, 3.28, 2.67, 2.48, 2.16, 1.57, 1.41, 1.66, 1.75, 1.86, 1.92, 2.13, 2.02, 2.12, 2.806, 3.19, 2.69, 2.53, 2.47, 2.37, 1.99, 2.55, 2.8, 2.39, 2.06, 1.86, 1.71, 1.63, 2.6, 2.73, 2.92, 2.77, 2.38, 2.07, 1.71, 2.06, 3.25, 3.39, 3.81, 4.61, 4.76, 4.14, 3.05, 2.8, 2.08, 1.45, 1.03, 0, 0.72, 1.37, 1.32, 1.53, 1.56, 1.31, 1.51, 1.97, 2.28, 2.01, 1.89], [4.1, 4.25, 3.81, 3.77, 4.0, 3.86, 3.73, 3.41, 3.48, 3.92, 4.24, 4.87, 4.82, 3.96, 2.8, 2.48, 2.5, 3.1, 3.36, 3.35, 4.04, 4.11, 3.52, 3.38, 2.97, 2.68, 2.97, 3.21, 3.16, 2.53, 2.38, 2.1, 1.61, 1.41, 1.52, 1.55, 1.86, 1.86, 1.99, 1.96, 2.02, 2.62, 2.97, 2.61, 2.37, 2.35, 2.23, 1.99, 2.61, 2.94, 2.73, 2.24, 2.02, 1.79, 1.77, 2.74, 2.91, 3.08, 2.81, 2.36, 1.89, 1.75, 2.02, 3.19, 3.35, 3.83, 4.75, 4.94, 4.32, 3.15, 2.78, 2.08, 1.33, 1.11, 0.72, 0, 1.07, 1.2, 1.53, 1.5, 1.25, 1.53, 2.01, 2.24, 2.05, 1.95], [4.91, 5.071, 4.64, 4.66, 4.91, 4.806, 4.716, 4.28, 4.23, 4.731, 5.174, 5.801, 5.768, 4.89, 3.45, 2.67, 2.73, 3.35, 3.55, 3.4, 4.17, 4.36, 3.99, 3.75, 3.32, 2.85, 2.8, 2.92, 2.87, 2.24, 2.09, 1.87, 1.38, 1.3, 1.33, 1.58, 1.61, 1.39, 1.56, 1.61, 1.69, 1.69, 2.16, 1.78, 1.7, 1.68, 1.64, 1.88, 2.86, 3.63, 3.46, 2.79, 2.33, 2.0, 1.78, 3.21, 3.46, 3.71, 3.5, 2.97, 1.98, 1.74, 2.03, 3.18, 3.42, 4.24, 5.494, 5.744, 5.004, 3.66, 3.19, 2.57, 1.48, 1.5, 1.37, 1.07, 0, 0.89, 1.44, 1.73, 1.76, 2.12, 2.