[[0, 0.68, 1.04, 1.7, 2.5, 2.69, 3.03, 3.74, 3.72, 3.76, 4.03, 4.18, 4.23, 4.2, 4.4, 3.98, 2.68, 2.36, 2.89, 3.47, 6.52, 9.38, 10.9, 10.89, 10.91, 10.04, 8.84, 7.97, 8.19, 8.13, 7.75, 7.29, 7.72, 8.06, 7.1, 7.11, 6.96, 7.47, 7.71, 7.55, 7.6, 7.09, 7.6, 8.46, 8.66, 6.88, 5.02, 4.49, 4.0, 3.96, 4.13, 4.12, 4.17, 4.06, 3.72, 3.84, 3.12, 3.62, 4.78, 5.28, 5.02, 3.88, 2.98, 2.08, 2.11, 2.18, 2.06, 2.11, 2.12, 2.2, 2.33, 2.19, 1.95, 1.83, 1.94, 2.62, 2.58, 1.92, 1.78, 1.94, 1.93, 2.16, 3.24, 3.42, 2.99, 3.18], [0.68, 0, 0.64, 1.48, 2.38, 2.57, 2.93, 3.52, 3.54, 3.56, 3.81, 3.92, 3.99, 3.96, 4.2, 3.72, 2.44, 2.2, 2.77, 3.27, 6.42, 9.28, 10.8, 10.79, 10.81, 9.94, 8.72, 7.85, 8.07, 8.03, 7.65, 7.19, 7.62, 7.96, 6.94, 6.99, 6.86, 7.35, 7.61, 7.45, 7.5, 6.95, 7.48, 8.32, 8.54, 6.76, 4.88, 4.33, 3.84, 3.78, 3.95, 3.92, 3.97, 3.84, 3.52, 3.56, 2.9, 3.44, 4.6, 5.1, 4.76, 3.64, 2.68, 1.96, 2.19, 2.16, 2.16, 2.11, 2.1, 2.1, 2.39, 2.19, 1.95, 1.79, 1.7, 2.48, 2.62, 2.0, 1.86, 1.96, 1.91, 2.16, 3.22, 3.36, 2.89, 3.18], [1.04, 0.64, 0, 1.64, 2.64, 2.83, 3.19, 3.76, 3.74, 3.74, 3.97, 4.08, 4.13, 4.12, 4.36, 3.86, 2.52, 2.18, 2.71, 3.45, 6.58, 9.46, 10.96, 10.95, 10.97, 10.1, 8.88, 8.01, 8.23, 8.19, 7.81, 7.35, 7.78, 8.12, 7.1, 7.15, 7.06, 7.53, 7.77, 7.61, 7.66, 7.11, 7.62, 8.46, 8.7, 6.92, 5.02, 4.47, 3.96, 3.98, 4.13, 4.1, 4.13, 3.98, 3.7, 3.7, 2.96, 3.3, 4.46, 5.08, 4.88, 3.78, 2.72, 2.28, 2.39, 2.44, 2.4, 2.37, 2.4, 2.38, 2.63, 2.55, 2.27, 2.11, 2.0, 2.72, 2.98, 2.42, 2.24, 2.4, 2.25, 2.52, 3.52, 3.6, 3.21, 3.48], [1.7, 1.48, 1.64, 0, 1.64, 1.87, 2.05, 2.44, 2.36, 2.38, 2.59, 2.8, 2.73, 2.68, 2.92, 2.58, 1.6, 1.58, 2.03, 2.17, 5.26, 8.139, 9.66, 9.63, 9.65, 8.78, 7.56, 6.63, 6.87, 6.87, 6.49, 6.03, 6.46, 6.8, 5.9, 5.83, 5.7, 6.17, 6.45, 6.29, 6.34, 5.75, 6.28, 7.12, 7.38, 5.56, 3.86, 3.49, 2.96, 2.98, 2.91, 2.78, 2.77, 2.74, 2.4, 2.66, 2.1, 2.4, 3.48, 4.0, 3.6, 2.4, 1.9, 2.64, 3.13, 3.1, 3.14, 3.15, 3.04, 2.76, 2.83, 2.65, 2.15, 2.39, 2.26, 2.38, 2.8, 2.5, 2.6, 2.8, 2.57, 2.78, 3.84, 3.82, 3.35, 3.58], [2.5, 2.38, 2.64, 1.64, 0, 0.79, 0.81, 1.78, 1.92, 1.98, 2.45, 2.3, 2.23, 2.24, 2.38, 1.86, 1.42, 1.38, 1.69, 1.87, 4.871, 7.813, 9.277, 9.238, 9.264, 8.454, 7.152, 6.23, 6.49, 6.504, 6.17, 5.81, 6.28, 6.72, 5.86, 5.77, 5.62, 5.97, 6.17, 5.884, 6.08, 5.49, 5.94, 6.86, 7.017, 5.18, 3.4, 2.99, 2.48, 2.66, 2.31, 2.12, 2.13, 2.08, 1.76, 1.92, 1.68, 1.86, 2.84, 3.4, 2.96, 2.1, 1.7, 2.42, 3.03, 3.0, 3.08, 3.05, 2.7, 2.34, 1.97, 1.95, 1.89, 2.13, 2.24, 2.1, 2.36, 2.3, 2.62, 2.72, 2.61, 2.5, 3.56, 3.44, 3.01, 3.16], [2.69, 2.57, 2.83, 1.87, 0.79, 0, 0.96, 1.75, 2.03, 2.09, 2.54, 2.55, 2.26, 2.25, 2.45, 2.09, 1.55, 1.37, 1.54, 1.86, 4.77, 7.681, 9.155, 9.088, 9.157, 8.327, 7.007, 6.04, 6.36, 6.4, 6.22, 5.94, 6.45, 6.81, 6.13, 5.98, 5.71, 6.02, 6.24, 5.78, 6.05, 5.46, 5.91, 6.83, 6.95, 4.97, 3.259, 2.64, 2.09, 2.15, 1.98, 1.99, 1.9, 2.01, 1.63, 1.87, 1.77, 1.99, 3.01, 3.39, 2.95, 2.29, 1.87, 2.37, 3.06, 3.05, 3.15, 3.04, 2.65, 2.41, 1.92, 2.04, 1.96, 2.18, 2.15, 2.09, 2.35, 2.25, 2.63, 2.71, 2.64, 2.61, 3.61, 3.51, 3.1, 3.23], [3.03, 2.93, 3.19, 2.05, 0.81, 0.96, 0, 1.29, 1.75, 1.81, 2.34, 2.23, 2.04, 2.13, 2.33, 1.95, 1.83, 1.85, 1.92, 1.82, 4.55, 7.335, 8.87, 8.768, 8.9, 8.204, 6.882, 5.94, 6.22, 6.34, 6.06, 5.9, 6.43, 6.77, 6.03, 5.98, 5.79, 6.06, 6.22, 5.74, 6.03, 5.44, 5.93, 6.81, 6.81, 4.97, 3.05, 2.7, 2.15, 2.29, 2.04, 2.13, 1.96, 2.03, 1.77, 2.15, 2.09, 2.17, 3.05, 3.35, 2.89, 2.35, 1.97, 2.85, 3.58, 3.45, 3.53, 3.52, 3.13, 2.73, 2.12, 2.36, 2.3, 2.52, 2.63, 2.47, 2.67, 2.67, 2.97, 3.11, 2.98, 2.93, 3.93, 3.81, 3.4, 3.53], [3.74, 3.52, 3.76, 2.44, 1.78, 1.75, 1.29, 0, 0.86, 0.92, 1.37, 1.56, 1.69, 1.42, 1.5, 1.56, 2.32, 2.52, 2.55, 1.33, 3.42, 6.165, 7.72, 7.638, 7.807, 7.12, 5.797, 4.83, 5.15, 5.23, 4.93, 4.79, 5.32, 5.68, 4.94, 4.89, 4.72, 4.95, 5.09, 4.61, 4.9, 4.33, 4.78, 5.7, 5.76, 3.82, 2.22, 2.11, 2.12, 2.26, 1.63, 1.64, 1.81, 2.2, 1.86, 1.88, 2.34, 2.3, 2.52, 2.68, 2.12, 1.64, 1.9, 3.7, 4.649, 4.539, 4.48, 4.47, 3.86, 3.5, 2.99, 3.35, 3.19, 3.31, 3.28, 3.12, 3.18, 3.46, 3.9, 3.98, 3.77, 3.68, 4.1, 3.94, 3.47, 3.84], [3.72, 3.54, 3.74, 2.36, 1.92, 2.03, 1.75, 0.86, 0, 0.62, 0.95, 1.32, 1.83, 1.56, 1.54, 1.64, 2.26, 2.44, 2.53, 1.27, 3.26, 6.034, 7.686, 7.536, 7.788, 7.1, 5.8, 4.85, 5.15, 5.176, 4.765, 4.49, 5.0, 5.36, 4.74, 4.61, 4.44, 4.65, 4.87, 4.516, 4.806, 4.27, 4.64, 5.62, 5.74, 3.76, 2.2, 2.27, 2.36, 2.5, 1.85, 1.52, 2.01, 2.42, 1.96, 1.84, 2.22, 2.22, 2.52, 2.58, 2.04, 1.42, 1.84, 3.72, 4.67, 4.56, 4.5, 4.53, 3.92, 3.56, 3.05, 3.43, 3.29, 3.41, 3.38, 3.3, 3.38, 3.68, 4.08, 4.14, 3.83, 3.72, 4.2, 4.04, 3.57, 4.0], [3.76, 3.56, 3.74, 2.38, 1.98, 2.09, 1.81, 0.92, 0.62, 0, 0.87, 1.24, 1.81, 1.56, 1.48, 1.74, 2.38, 2.42, 2.53, 1.35, 3.28, 6.065, 7.668, 7.57, 7.77, 7.08, 5.777, 4.85, 5.13, 5.159, 4.788, 4.405, 4.933, 5.255, 4.64, 4.488, 4.4, 4.57, 4.85, 4.505, 4.798, 4.222, 4.658, 5.612, 5.706, 3.76, 2.3, 2.47, 2.58, 2.62, 2.01, 1.7, 2.21, 2.56, 2.1, 1.96, 2.22, 2.26, 2.52, 2.5, 1.98, 1.44, 1.82, 3.82, 4.65, 4.54, 4.54, 4.59, 3.98, 3.62, 3.09, 3.49, 3.37, 3.53, 3.44, 3.38, 3.44, 3.68, 4.14, 4.24, 3.91, 3.86, 4.32, 4.2, 3.69, 4.08], [4.03, 3.81, 3.97, 2.59, 2.45, 2.54, 2.34, 1.37, 0.95, 0.87, 0, 1.07, 1.7, 1.31, 1.33, 1.59, 2.41, 2.75, 2.88, 1.4, 2.867, 5.692, 7.276, 7.18, 7.375, 6.685, 5.384, 4.44, 4.72, 4.726, 4.292, 3.9, 4.43, 4.71, 4.15, 3.94, 3.95, 4.1, 4.38, 4.086, 4.356, 3.8, 4.19, 5.17, 5.29, 3.37, 2.41, 2.56, 2.75, 2.83, 2.14, 1.71, 2.24, 2.65, 2.33, 2.05, 2.35, 2.43, 2.33, 2.31, 1.59, 1.25, 2.03, 3.97, 4.96, 4.85, 4.79, 4.76, 4.19, 3.85, 3.36, 3.74, 3.6, 3.74, 3.63, 3.59, 3.63, 3.97, 4.39, 4.47, 4.08, 3.95, 4.37, 4.25, 3.86, 4.29], [4.18, 3.92, 4.08, 2.8, 2.3, 2.55, 2.23, 1.56, 1.32, 1.24, 1.07, 0, 1.37, 1.06, 1.28, 1.28, 2.18, 2.48, 2.53, 1.55, 3.32, 5.859, 7.5, 7.367, 7.524, 6.834, 5.532, 4.59, 4.85, 4.87, 4.49, 4.17, 4.7, 5.08, 4.52, 4.29, 4.28, 4.39, 4.55, 4.25, 4.46, 3.95, 4.4, 5.3, 5.4, 3.7, 2.98, 3.01, 3.0, 3.0, 2.41, 2.0, 2.35, 2.4, 2.2, 1.92, 2.16, 2.12, 2.04, 2.0, 1.62, 1.46, 2.18, 4.1, 4.97, 4.86, 4.84, 4.79, 4.34, 3.94, 3.49, 3.87, 3.87, 4.01, 4.0, 4.0, 4.12, 4.24, 4.64, 4.66, 4.45, 4.28, 5.06, 4.88, 4.35, 4.68], [4.23, 3.99, 4.13, 2.73, 2.23, 2.26, 2.04, 1.69, 1.83, 1.81, 1.7, 1.37, 0, 0.77, 1.07, 1.07, 1.93, 2.43, 2.2, 1.78, 3.21, 5.95, 7.47, 7.38, 7.42, 6.69, 5.37, 4.46, 4.7, 4.88, 4.6, 4.58, 5.11, 5.51, 4.97, 4.78, 5.03, 4.86, 4.78, 4.34, 4.57, 4.0, 4.47, 5.33, 5.31, 3.67, 2.99, 2.68, 2.43, 2.51, 2.0, 1.97, 1.84, 1.75, 1.69, 1.61, 2.23, 2.01, 1.73, 1.77, 1.43, 1.71, 2.45, 4.37, 4.92, 4.97, 5.03, 4.94, 4.61, 4.15, 3.64, 3.82, 3.9, 4.12, 3.99, 4.01, 4.21, 4.19, 4.51, 4.67, 4.52, 4.37, 5.27, 5.13, 4.56, 4.89], [4.2, 3.96, 4.12, 2.68, 2.24, 2.25, 2.13, 1.42, 1.56, 1.56, 1.31, 1.06, 0.77, 0, 0.62, 0.9, 2.08, 2.52, 2.43, 1.57, 3.04, 5.8, 7.3, 7.25, 7.31, 6.6, 5.3, 4.37, 4.61, 4.63, 4.27, 4.23, 4.76, 5.12, 4.64, 4.43, 4.64, 4.51, 4.47, 4.01, 4.26, 3.69, 4.16, 5.04, 5.16, 3.4, 2.84, 2.63, 2.48, 2.48, 1.81, 1.58, 1.69, 1.74, 1.5, 1.46, 2.28, 2.12, 1.68, 1.8, 1.34, 1.48, 2.22, 4.2, 4.99, 4.96, 5.02, 4.89, 4.44, 4.02, 3.55, 3.77, 3.73, 3.91, 3.84, 3.78, 3.92, 4.02, 4.4, 4.5, 4.41, 4.18, 4.96, 4.8, 4.33, 4.58], [4.4, 4.2, 4.36, 2.92, 2.38, 2.45, 2.33, 1.5, 1.54, 1.48, 1.33, 1.28, 1.07, 0.62, 0, 0.96, 2.32, 2.8, 2.73, 1.91, 2.84, 5.58, 7.02, 7.01, 7.03, 6.28, 4.98, 4.05, 4.29, 4.31, 3.95, 4.09, 4.62, 5.0, 4.44, 4.27, 4.5, 4.35, 4.31, 3.73, 3.94, 3.37, 3.86, 4.74, 4.84, 3.1, 2.54, 2.51, 2.52, 2.56, 1.87, 1.5, 1.69, 1.82, 1.52, 1.62, 2.56, 2.38, 1.82, 1.64, 1.28, 1.52, 2.52, 4.46, 5.21, 5.18, 5.26, 5.15, 4.72, 4.32, 3.87, 4.01, 3.91, 4.07, 3.96, 3.88, 3.96, 4.14, 4.54, 4.66, 4.57, 4.38, 4.98, 4.82, 4.35, 4.66], [3.98, 3.72, 3.86, 2.58, 1.86, 2.09, 1.95, 1.56, 1.64, 1.74, 1.59, 1.28, 1.07, 0.9, 0.96, 0, 1.58, 2.14, 2.13, 1.55, 3.42, 6.32, 7.76, 7.73, 7.75, 7.0, 5.7, 4.77, 5.01, 5.03, 4.73, 4.69, 5.16, 5.6, 4.96, 4.77, 5.0, 4.87, 4.87, 4.41, 4.62, 4.01, 4.54, 5.4, 5.56, 3.76, 2.94, 2.67, 2.44, 2.54, 1.85, 1.54, 1.61, 1.58, 1.32, 1.26, 1.86, 1.68, 1.6, 1.8, 1.38, 1.46, 2.04, 3.88, 4.57, 4.62, 4.64, 4.57, 4.2, 3.7, 3.29, 3.49, 3.53, 3.75, 3.62, 3.64, 3.74, 3.78, 4.18, 4.3, 4.25, 3.98, 4.88, 4.72, 4.23, 4.5], [2.68, 2.44, 2.52, 1.6, 1.42, 1.55, 1.83, 2.32, 2.26, 2.38, 2.41, 2.18, 1.93, 2.08, 2.32, 1.58, 0, 0.98, 1.23, 1.91, 4.84, 7.825, 9.3, 9.21, 9.21, 8.32, 7.1, 6.17, 6.41, 6.41, 6.09, 5.81, 6.22, 6.76, 6.04, 5.75, 5.68, 5.95, 6.09, 5.83, 5.9, 5.29, 5.82, 6.68, 6.92, 5.1, 3.68, 3.15, 2.48, 2.6, 2.33, 2.08, 1.81, 1.58, 1.56, 1.62, 1.1, 1.3, 2.3, 2.76, 2.5, 1.84, 1.68, 2.84, 3.21, 3.36, 3.38, 3.35, 3.14, 2.86, 2.67, 2.67, 2.77, 2.81, 2.64, 2.7, 2.98, 2.82, 3.04, 3.28, 3.17, 3.26, 4.36, 4.4, 3.93, 4.12], [2.36, 2.2, 2.18, 1.58, 1.38, 1.37, 1.85, 2.52, 2.44, 2.42, 2.75, 2.48, 2.43, 2.52, 2.8, 2.14, 0.98, 0, 0.97, 2.07, 5.28, 8.265, 9.74, 9.67, 9.67, 8.88, 7.6, 6.69, 6.93, 6.95, 6.57, 6.15, 6.56, 7.08, 6.28, 6.13, 5.98, 6.33, 6.57, 6.33, 6.5, 5.91, 6.38, 7.28, 7.46, 5.62, 3.96, 3.19, 2.64, 2.64, 2.53, 2.38, 2.31, 2.06, 1.84, 1.98, 1.22, 1.46, 2.6, 3.16, 2.96, 2.34, 1.74, 2.68, 2.95, 3.12, 3.18, 3.17, 3.06, 2.7, 2.35, 2.49, 2.49, 2.79, 2.58, 2.64, 2.98, 2.74, 2.92, 3.18, 3.05, 3.14, 4.3, 4.22, 3.77, 3.96], [2.89, 2.77, 2.71, 2.03, 1.69, 1.54, 1.92, 2.55, 2.53, 2.53, 2.88, 2.53, 2.2, 2.43, 2.73, 2.13, 1.23, 0.97, 0, 1.98, 4.91, 7.95, 9.41, 9.3, 9.34, 8.47, 7.15, 6.26, 6.52, 6.64, 6.42, 6.12, 6.59, 7.01, 6.47, 6.2, 6.17, 6.24, 6.36, 6.02, 6.25, 5.7, 6.13, 7.07, 7.09, 5.25, 3.61, 2.96, 2.35, 2.41, 2.28, 2.33, 2.14, 1.93, 1.83, 1.91, 1.49, 1.43, 2.31, 2.87, 2.77, 2.47, 2.01, 3.11, 3.38, 3.55, 3.57, 3.54, 3.47, 3.13, 2.64, 2.92, 2.9, 3.18, 3.03, 3.01, 3.43, 3.15, 3.29, 3.55, 3.44, 3.57, 4.65, 4.63, 4.16, 4.35], [3.47, 3.27, 3.45, 2.17, 1.87, 1.86, 1.82, 1.33, 1.27, 1.35, 1.4, 1.55, 1.78, 1.57, 1.91, 1.55, 1.91, 2.07, 1.98, 0, 3.29, 6.39, 7.87, 7.68, 7.74, 7.03, 5.73, 4.86, 5.14, 5.16, 4.86, 4.42, 4.87, 5.33, 4.75, 4.46, 4.41, 4.46, 4.82, 4.48, 4.77, 4.22, 4.63, 5.61, 5.67, 3.75, 2.47, 2.22, 1.95, 2.17, 1.76, 1.57, 1.72, 2.05, 1.71, 1.63, 1.81, 1.93, 2.29, 2.73, 2.03, 1.41, 1.55, 3.404, 4.334, 4.244, 4.19, 4.134, 3.69, 3.236, 2.64, 3.16, 3.04, 3.14, 3.07, 2.97, 3.03, 3.29, 3.67, 3.85, 3.38, 3.25, 3.85, 3.61, 3.36, 3.65], [6.52, 6.42, 6.58, 5.26, 4.871, 4.77, 4.55, 3.42, 3.26, 3.28, 2.867, 3.32, 3.21, 3.04, 2.84, 3.42, 4.84, 5.28, 4.91, 3.29, 0, 3.12, 4.64, 4.45, 4.79, 4.08, 2.9, 2.29, 2.55, 2.71, 2.35, 2.55, 3.0, 3.36, 3.18, 2.79, 3.22, 3.25, 2.89, 1.95, 2.44, 2.17, 2.4, 3.28, 3.18, 1.68, 2.04, 2.53, 3.24, 3.44, 2.99, 3.1, 3.33, 3.9, 3.9, 3.8, 4.851, 4.771, 3.88, 3.5, 2.88, 3.648, 4.59, 6.542, 7.552, 7.442, 7.362, 7.309, 6.814, 6.4, 5.773, 6.304, 5.992, 5.998, 5.665, 4.9, 5.2, 5.84, 6.52, 6.82, 6.25, 6.08, 5.8, 5.48, 5.57, 5.98], [9.38, 9.28, 9.46, 8.139, 7.813, 7.681, 7.335, 6.165, 6.034, 6.065, 5.692, 5.859, 5.95, 5.8, 5.58, 6.32, 7.825, 8.265, 7.95, 6.39, 3.12, 0, 1.9, 1.97, 2.49, 1.88, 2.16, 2.81, 2.59, 2.65, 2.11, 2.43, 2.52, 2.52, 2.78, 2.95, 3.6, 3.05, 2.45, 2.17, 2.5, 2.83, 2.3, 2.16, 1.98, 2.94, 4.56, 5.21, 5.96, 6.06, 5.881, 6.033, 6.243, 6.733, 6.813, 6.691, 7.886, 7.784, 6.776, 6.08, 5.72, 6.683, 7.646, 9.606, 10.617, 10.507, 10.427, 10.374, 9.805, 9.407, 8.82, 9.283, 9.051, 9.068, 8.748, 7.915, 8.272, 8.912, 9.592, 9.845, 9.35, 9.18, 8.9, 8.58, 8.67, 9.0], [10.9, 10.8, 10.96, 9.66, 9.277, 9.155, 8.87, 7.72, 7.686, 7.668, 7.276, 7.5, 7.47, 7.3, 7.02, 7.76, 9.3, 9.74, 9.41, 7.87, 4.64, 1.9, 0, 0.93, 1.25, 1.54, 3.1, 3.77, 3.31, 3.31, 3.25, 3.75, 3.36, 2.98, 3.9, 4.01, 4.2, 3.71, 3.37, 3.59, 3.62, 4.21, 3.72, 3.02, 2.9, 4.38, 6.04, 6.67, 7.44, 7.52, 7.37, 7.522, 7.71, 8.091, 8.191, 8.159, 9.367, 9.267, 8.207, 7.387, 7.108, 8.164, 9.127, 11.076, 12.086, 11.976, 11.896, 11.843, 11.291, 10.908, 10.356, 10.758, 10.532, 10.537, 10.205, 9.385, 9.741, 10.381, 11.08, 11.319, 10.81, 10.64, 10.359, 10.04, 10.13, 10.46], [10.89, 10.79, 10.95, 9.63, 9.238, 9.088, 8.768, 7.638, 7.536, 7.57, 7.18, 7.367, 7.38, 7.25, 7.01, 7.73, 9.21, 9.67, 9.3, 7.68, 4.45, 1.97, 0.93, 0, 1.02, 1.27, 2.73, 3.38, 3.02, 3.0, 3.14, 3.62, 3.21, 2.97, 3.87, 3.84, 4.03, 3.56, 3.24, 3.42, 3.41, 4.06, 3.55, 2.87, 2.55, 4.21, 5.95, 6.58, 7.33, 7.43, 7.248, 7.443, 7.556, 7.906, 8.011, 8.008, 9.211, 9.106, 8.049, 7.229, 6.943, 8.008, 8.971, 10.929, 11.939, 11.829, 11.749, 11.696, 11.195, 10.778, 10.157, 10.691, 10.373, 10.388, 10.055, 9.255, 9.59, 10.23, 10.91, 11.21, 10.64, 10.47, 10.19, 9.87, 9.96, 10.37], [10.91, 10.81, 10.97, 9.65, 9.264, 9.157, 8.9, 7.807, 7.788, 7.77, 7.375, 7.524, 7.42, 7.31, 7.03, 7.75, 9.21, 9.67, 9.34, 7.74, 4.79, 2.49, 1.25, 1.02, 0, 1.27, 2.89, 3.56, 3.06, 3.02, 3.16, 3.62, 3.19, 2.95, 3.87, 3.84, 4.07, 3.66, 3.22, 3.42, 3.41, 4.04, 3.55, 2.89, 2.61, 4.29, 6.07, 6.74, 7.57, 7.81, 7.38, 7.484, 7.597, 7.959, 8.044, 8.041, 9.229, 9.121, 8.067, 7.238, 6.958, 8.026, 8.989, 10.932, 11.942, 11.832, 11.752, 11.699, 11.204, 10.81, 10.246, 10.694, 10.382, 10.388, 10.055, 9.258, 9.59, 10.23, 10.91, 11.21, 10.64, 10.47, 10.19, 9.87, 9.96, 10.37], [10.04, 9.94, 10.1, 8.78, 8.454, 8.327, 8.204, 7.12, 7.1, 7.08, 6.685, 6.834, 6.69, 6.6, 6.28, 7.0, 8.32, 8.88, 8.47, 7.03, 4.08, 1.88, 1.54, 1.27, 1.27, 0, 1.84, 2.57, 2.23, 2.17, 2.47, 2.93, 2.48, 2.5, 3.06, 3.05, 3.34, 2.99, 2.43, 2.61, 2.46, 3.09, 2.6, 2.02, 1.6, 3.42, 5.26, 5.95, 6.82, 7.08, 6.65, 6.714, 6.787, 7.137, 7.197, 7.114, 8.294, 8.214, 7.16, 6.334, 6.034, 7.091, 8.046, 9.977, 10.996, 10.886, 10.806, 10.756, 10.286, 9.961, 9.556, 9.784, 9.462, 9.433, 9.1, 8.32, 8.62, 9.26, 10.0, 10.26, 9.77, 9.58, 9.22, 8.9, 8.99, 9.42], [8.84, 8.72, 8.88, 7.56, 7.152, 7.007, 6.882, 5.797, 5.8, 5.777, 5.384, 5.532, 5.37, 5.3, 4.98, 5.7, 7.1, 7.6, 7.15, 5.73, 2.9, 2.16, 3.1, 2.73, 2.89, 1.84, 0, 1.55, 1.53, 1.91, 2.23, 2.61, 2.64, 3.04, 3.0, 2.93, 3.54, 3.35, 2.55, 1.73, 1.76, 2.09, 1.58, 1.88, 1.1, 2.1, 3.96, 4.59, 5.38, 5.7, 5.307, 5.412, 5.484, 5.854, 5.934, 5.9, 7.04, 6.966, 5.937, 5.123, 4.792, 5.837, 6.8, 8.74, 9.77, 9.64, 9.58, 9.513, 9.089, 8.734, 8.236, 8.556, 8.25, 8.19, 7.854, 7.117, 7.38, 8.02, 8.76, 9.06, 8.57, 8.36, 7.98, 7.7, 7.83, 8.28], [7.97, 7.85, 8.01, 6.63, 6.23, 6.04, 5.94, 4.83, 4.85, 4.85, 4.44, 4.59, 4.46, 4.37, 4.05, 4.77, 6.17, 6.69, 6.26, 4.86, 2.29, 2.81, 3.77, 3.38, 3.56, 2.57, 1.55, 0, 0.88, 1.32, 1.74, 2.3, 2.57, 3.03, 2.75, 2.44, 3.07, 3.0, 2.48, 1.98, 1.73, 2.02, 2.05, 2.01, 1.51, 1.87, 3.03, 3.66, 4.49, 4.73, 4.36, 4.47, 4.552, 4.922, 4.982, 4.933, 6.087, 6.019, 4.999, 4.21, 3.83, 4.884, 5.856, 7.807, 8.837, 8.707, 8.627, 8.586, 8.162, 7.827, 7.3, 7.629, 7.3, 7.26, 6.91, 6.15, 6.45, 7.09, 7.83, 8.11, 7.68, 7.47, 7.13, 6.85, 6.96, 7.39], [8.19, 8.07, 8.23, 6.87, 6.49, 6.36, 6.22, 5.15, 5.15, 5.13, 4.72, 4.85, 4.7, 4.61, 4.29, 5.01, 6.41, 6.93, 6.52, 5.14, 2.55, 2.59, 3.31, 3.02, 3.06, 2.23, 1.53, 0.88, 0, 0.86, 1.42, 2.04, 2.13, 2.61, 2.41, 2.14, 2.73, 2.58, 2.02, 1.88, 1.75, 2.0, 1.85, 1.63, 1.23, 1.99, 3.39, 3.98, 4.77, 5.07, 4.66, 4.73, 4.82, 5.202, 5.242, 5.176, 6.359, 6.299, 5.242, 4.419, 4.11, 5.141, 6.119, 8.064, 9.094, 8.964, 8.899, 8.849, 8.404, 8.087, 7.606, 7.88, 7.54, 7.52, 7.17, 6.41, 6.69, 7.33, 8.09, 8.33, 7.9, 7.69, 7.37, 7.11, 7.18, 7.61], [8.13, 8.03, 8.19, 6.87, 6.504, 6.4, 6.34, 5.23, 5.176, 5.159, 4.726, 4.87, 4.88, 4.63, 4.31, 5.03, 6.41, 6.95, 6.64, 5.16, 2.71, 2.65, 3.31, 3.0, 3.02, 2.17, 1.91, 1.32, 0.86, 0, 1.14, 1.88, 1.89, 2.35, 2.21, 2.1, 2.67, 2.46, 1.72, 1.94, 1.87, 2.22, 1.99, 1.85, 1.47, 2.33, 3.59, 4.3, 5.15, 5.39, 4.8, 4.75, 4.872, 5.259, 5.296, 5.179, 6.416, 6.342, 5.236, 4.439, 4.15, 5.175, 6.159, 8.084, 9.094, 8.987, 8.927, 8.869, 8.353, 8.045, 7.652, 7.883, 7.546, 7.546, 7.192, 6.41, 6.73, 7.37, 8.13, 8.33, 7.88, 7.71, 7.35, 7.03, 7.1, 7.49], [7.75, 7.65, 7.81, 6.49, 6.17, 6.22, 6.06, 4.93, 4.765, 4.788, 4.292, 4.49, 4.6, 4.27, 3.95, 4.73, 6.09, 6.57, 6.42, 4.86, 2.35, 2.11, 3.25, 3.14, 3.16, 2.47, 2.23, 1.74, 1.42, 1.14, 0, 0.96, 1.17, 1.67, 1.63, 1.5, 2.31, 2.0, 1.32, 1.44, 1.73, 1.8, 1.51, 1.85, 1.65, 1.99, 3.27, 4.02, 4.97, 5.21, 4.62, 4.45, 4.66, 5.07, 5.13, 5.03, 6.205, 6.105, 5.128, 4.45, 4.07, 4.952, 5.897, 7.84, 8.85, 8.74, 8.66, 8.607, 8.081, 7.693, 7.275, 7.603, 7.302, 7.302, 7.009, 6.149, 6.506, 7.146, 7.83, 8.089, 7.56, 7.39, 7.13, 6.81, 6.88, 7.25], [7.29, 7.19, 7.35, 6.03, 5.81, 5.94, 5.9, 4.79, 4.49, 4.405, 3.9, 4.17, 4.58, 4.23, 4.09, 4.69, 5.81, 6.15, 6.12, 4.42, 2.55, 2.43, 3.75, 3.62, 3.62, 2.93, 2.61, 2.3, 2.04, 1.88, 0.96, 0, 0.87, 1.27, 1.19, 1.04, 1.77, 1.46, 1.22, 1.56, 2.09, 2.02, 1.71, 2.35, 2.09, 2.17, 3.37, 4.06, 5.09, 5.43, 4.64, 4.27, 4.82, 5.27, 5.27, 4.99, 5.81, 5.85, 5.17, 4.75, 4.21, 4.49, 5.435, 7.346, 8.356, 8.246, 8.166, 8.122, 7.59, 7.199, 6.758, 7.114, 6.808, 6.802, 6.509, 5.67, 6.01, 6.646, 7.33, 7.59, 7.06, 6.89, 6.71, 6.37, 6.4, 6.75], [7.72, 7.62, 7.78, 6.46, 6.28, 6.45, 6.43, 5.32, 5.0, 4.933, 4.43, 4.7, 5.11, 4.76, 4.62, 5.16, 6.22, 6.56, 6.59, 4.87, 3.0, 2.52, 3.36, 3.21, 3.19, 2.48, 2.64, 2.57, 2.13, 1.89, 1.17, 0.87, 0, 1.1, 1.02, 0.99, 1.54, 1.27, 0.85, 1.75, 2.14, 2.39, 1.88, 2.12, 2.06, 2.5, 3.88, 4.61, 5.64, 5.96, 5.17, 4.8, 5.29, 5.72, 5.68, 5.44, 6.18, 6.24, 5.56, 5.12, 4.52, 4.92, 5.831, 7.742, 8.752, 8.642, 8.562, 8.521, 8.037, 7.647, 7.265, 7.573, 7.201, 7.198, 6.865, 6.08, 6.4, 7.04, 7.72, 8.02, 7.45, 7.28, 7.06, 6.74, 6.77, 7.18], [8.06, 7.96, 8.12, 6.8, 6.72, 6.81, 6.77, 5.68, 5.36, 5.255, 4.71, 5.08, 5.51, 5.12, 5.0, 5.6, 6.76, 7.08, 7.01, 5.33, 3.36, 2.52, 2.98, 2.97, 2.95, 2.5, 3.04, 3.03, 2.61, 2.35, 1.67, 1.27, 1.1, 0, 1.14, 1.27, 1.72, 1.27, 1.27, 2.05, 2.5, 2.85, 2.22, 2.54, 2.48, 2.76, 4.32, 5.03, 5.98, 6.24, 5.45, 5.18, 5.71, 6.2, 6.24, 5.94, 6.74, 6.84, 6.08, 5.64, 5.08, 5.42, 6.36, 8.196, 9.16, 9.05, 8.97, 8.917, 8.36, 7.991, 7.488, 7.847, 7.624, 7.603, 7.271, 6.5, 6.84, 7.448, 8.14, 8.38, 7.89, 7.72, 7.46, 7.16, 7.21, 7.54], [7.1, 6.94, 7.1, 5.9, 5.86, 6.13, 6.03, 4.94, 4.74, 4.64, 4.15, 4.52, 4.97, 4.64, 4.44, 4.96, 6.04, 6.28, 6.47, 4.75, 3.18, 2.78, 3.9, 3.87, 3.87, 3.06, 3.0, 2.75, 2.41, 2.21, 1.63, 1.19, 1.02, 1.14, 0, 0.79, 1.26, 1.17, 1.13, 1.95, 2.18, 2.39, 2.08, 2.32, 2.34, 2.54, 3.86, 4.55, 5.54, 5.88, 5.05, 4.68, 5.23, 5.68, 5.64, 5.38, 5.98, 6.18, 5.56, 5.12, 4.56, 4.72, 5.54, 7.282, 8.263, 8.153, 8.053, 8.012, 7.477, 7.107, 6.771, 6.99, 6.729, 6.709, 6.416, 5.62, 5.96, 6.56, 7.24, 7.48, 6.97, 6.8, 6.58, 6.24, 6.31, 6.68], [7.11, 6.99, 7.15, 5.83, 5.77, 5.98, 5.98, 4.89, 4.61, 4.488, 3.94, 4.29, 4.78, 4.43, 4.27, 4.77, 5.75, 6.13, 6.2, 4.46, 2.79, 2.95, 4.01, 3.84, 3.84, 3.05, 2.93, 2.44, 2.14, 2.1, 1.5, 1.04, 0.99, 1.27, 0.79, 0, 1.03, 1.08, 1.14, 1.78, 1.99, 2.04, 1.99, 2.21, 2.23, 2.23, 3.47, 4.24, 5.29, 5.61, 4.82, 4.43, 4.98, 5.43, 5.31, 5.13, 5.69, 5.79, 5.21, 4.97, 4.29, 4.33, 5.21, 7.115, 8.125, 7.995, 7.927, 7.871, 7.378, 7.007, 6.644, 6.923, 6.554, 6.548, 6.23, 5.43, 5.75, 6.41, 7.07, 7.37, 6.82, 6.65, 6.39, 6.07, 6.12, 6.53], [6.96, 6.86, 7.06, 5.7, 5.62, 5.71, 5.79, 4.72, 4.44, 4.4, 3.95, 4.28, 5.03, 4.64, 4.5, 5.0, 5.68, 5.98, 6.17, 4.41, 3.22, 3.6, 4.2, 4.03, 4.07, 3.34, 3.54, 3.07, 2.73, 2.67, 2.31, 1.77, 1.54, 1.72, 1.26, 1.03, 0, 1.09, 1.45, 2.37, 2.4, 2.61, 2.58, 2.68, 2.8, 2.76, 3.68, 4.45, 5.36, 5.72, 4.97, 4.52, 5.11, 5.62, 5.42, 5.24, 5.54, 5.76, 5.4, 5.16, 4.5, 4.3, 5.08, 6.951, 7.933, 7.823, 7.751, 7.696, 7.209, 6.887, 6.562, 6.753, 6.39, 6.41, 6.14, 5.3, 5.62, 6.2, 6.94, 7.18, 6.71, 6.56, 6.36, 5.98, 6.01, 6.44], [7.47, 7.35, 7.53, 6.17, 5.97, 6.02, 6.06, 4.95, 4.65, 4.57, 4.1, 4.39, 4.86, 4.51, 4.35, 4.87, 5.95, 6.33, 6.24, 4.46, 3.25, 3.05, 3.71, 3.56, 3.66, 2.99, 3.35, 3.0, 2.58, 2.46, 2.0, 1.46, 1.27, 1.27, 1.17, 1.08, 1.09, 0, 1.06, 2.24, 2.59, 2.58, 2.37, 2.61, 2.69, 2.73, 3.93, 4.52, 5.31, 5.57, 4.82, 4.51, 5.02, 5.51, 5.43, 5.25, 5.89, 5.95, 5.33, 5.03, 4.39, 4.55, 5.51, 7.484, 8.428, 8.324, 8.284, 8.194, 7.713, 7.327, 6.801, 7.189, 6.94, 6.96, 6.67, 5.85, 6.13, 6.69, 7.37, 7.69, 7.2, 7.07, 6.99, 6.63, 6.58, 7.07], [7.71, 7.61, 7.77, 6.45, 6.17, 6.24, 6.22, 5.09, 4.87, 4.85, 4.38, 4.55, 4.78, 4.47, 4.31, 4.87, 6.09, 6.57, 6.36, 4.82, 2.89, 2.45, 3.37, 3.24, 3.22, 2.43, 2.55, 2.48, 2.02, 1.72, 1.32, 1.22, 0.85, 1.27, 1.13, 1.14, 1.45, 1.06, 0, 1.64, 1.97, 2.24, 1.77, 1.95, 1.87, 2.33, 3.75, 4.44, 5.27, 5.63, 4.86, 4.53, 4.9, 5.41, 5.37, 5.07, 6.11, 6.05, 5.25, 4.73, 4.19, 4.87, 5.798, 7.732, 8.76, 8.65, 8.57, 8.508, 8.004, 7.628, 7.275, 7.503, 7.212, 7.205, 6.91, 6.15, 6.49, 7.05, 7.71, 7.99, 7.46, 7.29, 7.13, 6.81, 6.88, 7.25], [7.55, 7.45, 7.61, 6.29, 5.884, 5.78, 5.74, 4.61, 4.516, 4.505, 4.086, 4.25, 4.34, 4.01, 3.73, 4.41, 5.83, 6.33, 6.02, 4.48, 1.95, 2.17, 3.59, 3.42, 3.42, 2.61, 1.73, 1.98, 1.88, 1.94, 1.44, 1.56, 1.75, 2.05, 1.95, 1.78, 2.37, 2.24, 1.64, 0, 1.09, 1.22, 0.99, 1.57, 1.57, 1.17, 2.93, 3.66, 4.61, 4.91, 4.24, 4.11, 4.3, 4.75, 4.75, 4.69, 5.841, 5.756, 4.75, 4.13, 3.71, 4.618, 5.581, 7.521, 8.531, 8.421, 8.341, 8.303, 7.801, 7.459, 6.972, 7.3, 6.98, 6.98, 6.635, 5.847, 6.17, 6.81, 7.53, 7.79, 7.28, 7.11, 6.77, 6.45, 6.56, 6.95], [7.6, 7.5, 7.66, 6.34, 6.08, 6.05, 6.03, 4.9, 4.806, 4.798, 4.356, 4.46, 4.57, 4.26, 3.94, 4.62, 5.9, 6.5, 6.25, 4.77, 2.44, 2.5, 3.62, 3.41, 3.41, 2.46, 1.76, 1.73, 1.75, 1.87, 1.73, 2.09, 2.14, 2.5, 2.18, 1.99, 2.4, 2.59, 1.97, 1.09, 0, 1.05, 1.12, 1.16, 1.28, 1.36, 3.14, 3.95, 4.9, 5.18, 4.51, 4.36, 4.545, 4.84, 4.88, 4.72, 5.886, 5.846, 4.84, 4.12, 3.78, 4.697, 5.62, 7.551, 8.558, 8.448, 8.389, 8.319, 7.846, 7.569, 7.262, 7.416, 7.007, 7.01, 6.66, 5.92, 6.18, 6.82, 7.58, 7.8, 7.33, 7.16, 6.8, 6.46, 6.59, 7.04], [7.09, 6.95, 7.11, 5.75, 5.49, 5.46, 5.44, 4.33, 4.27, 4.222, 3.8, 3.95, 4.0, 3.69, 3.37, 4.01, 5.29, 5.91, 5.7, 4.22, 2.17, 2.83, 4.21, 4.06, 4.04, 3.09, 2.09, 2.02, 2.0, 2.22, 1.8, 2.02, 2.39, 2.85, 2.39, 2.04, 2.61, 2.58, 2.24, 1.22, 1.05, 0, 0.93, 1.55, 1.77, 1.17, 2.67, 3.38, 4.37, 4.63, 3.96, 3.79, 4.0, 4.43, 4.31, 4.19, 5.296, 5.236, 4.33, 3.71, 3.27, 4.05, 4.996, 6.944, 7.928, 7.842, 7.782, 7.72, 7.253, 6.979, 6.692, 6.846, 6.4, 6.42, 6.05, 5.33, 5.55, 6.19, 6.97, 7.21, 6.78, 6.63, 6.41, 6.05, 6.04, 6.51], [7.6, 7.48, 7.62, 6.28, 5.94, 5.91, 5.93, 4.78, 4.64, 4.658, 4.19, 4.4, 4.47, 4.16, 3.86, 4.54, 5.82, 6.38, 6.13, 4.63, 2.4, 2.3, 3.72, 3.55, 3.55, 2.6, 1.58, 2.05, 1.85, 1.99, 1.51, 1.71, 1.88, 2.22, 2.08, 1.99, 2.58, 2.37, 1.77, 0.99, 1.12, 0.93, 0, 1.28, 1.38, 1.36, 3.08, 3.85, 4.84, 5.18, 4.43, 4.22, 4.45, 4.9, 4.86, 4.66, 5.752, 5.732, 4.74, 4.16, 3.7, 4.497, 5.472, 7.44, 8.43, 8.352, 8.272, 8.222, 7.777, 7.466, 7.065, 7.29, 6.93, 6.87, 6.54, 5.82, 6.04, 6.68, 7.48, 7.74, 7.31, 7.14, 6.8, 6.44, 6.49, 6.96], [8.46, 8.32, 8.46, 7.12, 6.86, 6.83, 6.81, 5.7, 5.62, 5.612, 5.17, 5.3, 5.33, 5.04, 4.74, 5.4, 6.68, 7.28, 7.07, 5.61, 3.28, 2.16, 3.02, 2.87, 2.89, 2.02, 1.88, 2.01, 1.63, 1.85, 1.85, 2.35, 2.12, 2.54, 2.32, 2.21, 2.68, 2.61, 1.95, 1.57, 1.16, 1.55, 1.28, 0, 1.04, 2.14, 3.94, 4.69, 5.64, 5.92, 5.27, 5.16, 5.31, 5.72, 5.64, 5.5, 6.566, 6.586, 5.569, 4.76, 4.46, 5.32, 6.28, 8.152, 9.15, 9.08, 9.02, 9.01, 8.606, 8.349, 8.062, 8.216, 7.77, 7.65, 7.32, 6.7, 6.82, 7.44, 8.32, 8.58, 8.17, 8.0, 7.6, 7.14, 7.29, 7.82], [8.66, 8.54, 8.7, 7.38, 7.017, 6.95, 6.81, 5.76, 5.74, 5.706, 5.29, 5.4, 5.31, 5.16, 4.84, 5.56, 6.92, 7.46, 7.09, 5.67, 3.18, 1.98, 2.9, 2.55, 2.61, 1.6, 1.1, 1.51, 1.23, 1.47, 1.65, 2.09, 2.06, 2.48, 2.34, 2.23, 2.8, 2.69, 1.87, 1.57, 1.28, 1.77, 1.38, 1.04, 0, 2.1, 3.92, 4.61, 5.52, 5.76, 5.29, 5.28, 5.393, 5.743, 5.774, 5.717, 6.832, 6.8, 5.746, 4.98, 4.592, 5.637, 6.586, 8.526, 9.536, 9.431, 9.363, 9.316, 8.892, 8.56, 8.179, 8.413, 8.053, 7.993, 7.64, 6.92, 7.16, 7.8, 8.58, 8.86, 8.37, 8.18, 7.82, 7.52, 7.59, 8.06], [6.88, 6.76, 6.92, 5.56, 5.18, 4.97, 4.97, 3.82, 3.76, 3.76, 3.37, 3.7, 3.67, 3.4, 3.1, 3.76, 5.1, 5.62, 5.25, 3.75, 1.68, 2.94, 4.38, 4.21, 4.29, 3.42, 2.1, 1.87, 1.99, 2.33, 1.99, 2.17, 2.5, 2.76, 2.54, 2.23, 2.76, 2.73, 2.33, 1.17, 1.36, 1.17, 1.36, 2.14, 2.1, 0, 2.06, 2.79, 3.7, 4.02, 3.43, 3.4, 3.63, 4.1, 4.0, 3.92, 5.037, 4.969, 4.24, 3.76, 3.06, 3.854, 4.806, 6.757, 7.787, 7.657, 7.577, 7.536, 7.112, 6.777, 6.216, 6.559, 6.25, 6.21, 5.851, 5.1, 5.38, 6.02, 6.76, 7.04, 6.59, 6.38, 6.02, 5.78, 5.87, 6.3], [5.02, 4.88, 5.02, 3.86, 3.4, 3.259, 3.05, 2.22, 2.2, 2.3, 2.41, 2.98, 2.99, 2.84, 2.54, 2.94, 3.68, 3.96, 3.61, 2.47, 2.04, 4.56, 6.04, 5.95, 6.07, 5.26, 3.96, 3.03, 3.39, 3.59, 3.27, 3.37, 3.88, 4.32, 3.86, 3.47, 3.68, 3.93, 3.75, 2.93, 3.14, 2.67, 3.08, 3.94, 3.92, 2.06, 0, 1.11, 2.24, 2.66, 2.05, 2.16, 2.61, 3.26, 2.88, 2.96, 3.78, 3.6, 3.78, 3.5, 2.82, 2.92, 3.24, 5.102, 6.095, 6.002, 5.922, 5.872, 5.331, 4.94, 4.47, 4.802, 4.529, 4.57, 4.216, 3.4, 3.733, 4.373, 5.06, 5.3, 4.83, 4.66, 4.46, 4.22, 4.25, 4.6], [4.49, 4.33, 4.47, 3.49, 2.99, 2.64, 2.7, 2.11, 2.27, 2.47, 2.56, 3.01, 2.68, 2.63, 2.51, 2.67, 3.15, 3.19, 2.96, 2.22, 2.53, 5.21, 6.67, 6.58, 6.74, 5.95, 4.59, 3.66, 3.98, 4.3, 4.02, 4.06, 4.61, 5.03, 4.55, 4.24, 4.45, 4.52, 4.44, 3.66, 3.95, 3.38, 3.85, 4.69, 4.61, 2.79, 1.11, 0, 1.33, 1.69, 1.24, 1.57, 1.98, 2.63, 2.27, 2.27, 3.15, 3.09, 3.47, 3.63, 2.97, 2.83, 2.95, 4.532, 5.522, 5.412, 5.37, 5.32, 4.781, 4.364, 3.823, 4.185, 3.959, 3.98, 3.67, 2.83, 3.123, 3.763, 4.45, 4.69, 4.32, 4.17, 4.11, 3.75, 3.74, 4.11], [4.0, 3.84, 3.96, 2.96, 2.48, 2.09, 2.15, 2.12, 2.36, 2.58, 2.75, 3.0, 2.43, 2.48, 2.52, 2.44, 2.48, 2.64, 2.35, 1.95, 3.24, 5.96, 7.44, 7.33, 7.57, 6.82, 5.38, 4.49, 4.77, 5.15, 4.97, 5.09, 5.64, 5.98, 5.54, 5.29, 5.36, 5.31, 5.27, 4.61, 4.9, 4.37, 4.84, 5.64, 5.52, 3.7, 2.24, 1.33, 0, 0.76, 1.15, 1.64, 1.53, 1.76, 1.7, 2.08, 2.58, 2.76, 3.34, 3.58, 3.06, 2.94, 2.72, 3.9, 4.91, 4.82, 4.76, 4.69, 4.18, 3.8, 3.21, 3.65, 3.43, 3.37, 3.14, 2.64, 2.92, 3.2, 3.84, 4.14, 3.77, 3.64, 4.2, 4.08, 3.91, 4.08], [3.96, 3.78, 3.98, 2.98, 2.66, 2.15, 2.29, 2.26, 2.5, 2.62, 2.83, 3.0, 2.51, 2.48, 2.56, 2.54, 2.6, 2.64, 2.41, 2.17, 3.44, 6.06, 7.52, 7.43, 7.81, 7.08, 5.7, 4.73, 5.07, 5.39, 5.21, 5.43, 5.96, 6.24, 5.88, 5.61, 5.72, 5.57, 5.63, 4.91, 5.18, 4.63, 5.18, 5.92, 5.76, 4.02, 2.66, 1.69, 0.76, 0, 1.23, 1.82, 1.59, 1.84, 1.76, 2.06, 2.7, 2.88, 3.4, 3.58, 3.1, 3.02, 2.88, 3.84, 4.79, 4.68, 4.66, 4.59, 4.14, 3.78, 3.13, 3.69, 3.39, 3.43, 3.14, 2.8, 3.04, 3.16, 3.76, 4.1, 3.77, 3.82, 4.38, 4.26, 4.05, 4.22], [4.13, 3.95, 4.13, 2.91, 2.31, 1.98, 2.04, 1.63, 1.85, 2.01, 2.14, 2.41, 2.0, 1.81, 1.87, 1.85, 2.33, 2.53, 2.28, 1.76, 2.99, 5.881, 7.37, 7.248, 7.38, 6.65, 5.307, 4.36, 4.66, 4.8, 4.62, 4.64, 5.17, 5.45, 5.05, 4.82, 4.97, 4.82, 4.86, 4.24, 4.51, 3.96, 4.43, 5.27, 5.29, 3.43, 2.05, 1.24, 1.15, 1.23, 0, 0.91, 1.04, 1.61, 1.39, 1.45, 2.25, 2.25, 2.49, 2.79, 2.23, 2.17, 2.23, 3.97, 4.84, 4.77, 4.83, 4.7, 4.15, 3.77, 3.14, 3.5, 3.38, 3.52, 3.21, 2.63, 2.79, 3.19, 3.81, 4.21, 3.94, 3.83, 4.03, 3.87, 3.62, 3.91], [4.12, 3.92, 4.1, 2.78, 2.12, 1.99, 2.13, 1.64, 1.52, 1.7, 1.71, 2.0, 1.97, 1.58, 1.5, 1.54, 2.08, 2.38, 2.33, 1.57, 3.1, 6.033, 7.522, 7.443, 7.484, 6.714, 5.412, 4.47, 4.73, 4.75, 4.45, 4.27, 4.8, 5.18, 4.68, 4.43, 4.52, 4.51, 4.53, 4.11, 4.36, 3.79, 4.22, 5.16, 5.28, 3.4, 2.16, 1.57, 1.64, 1.82, 0.91, 0, 1.01, 1.56, 1.28, 1.14, 2.0, 1.94, 2.14, 2.48, 1.88, 1.6, 1.98, 3.86, 4.71, 4.66, 4.72, 4.61, 4.06, 3.7, 3.15, 3.39, 3.29, 3.47, 3.24, 2.7, 2.74, 3.14, 3.72, 4.12, 3.95, 3.84, 3.92, 3.7, 3.53, 3.92], [4.17, 3.97, 4.13, 2.77, 2.13, 1.9, 1.96, 1.81, 2.01, 2.21, 2.24, 2.35, 1.84, 1.69, 1.69, 1.61, 1.81, 2.31, 2.14, 1.72, 3.33, 6.243, 7.71, 7.556, 7.597, 6.787, 5.484, 4.552, 4.82, 4.872, 4.66, 4.82, 5.29, 5.71, 5.23, 4.98, 5.11, 5.02, 4.9, 4.3, 4.545, 4.0, 4.45, 5.31, 5.393, 3.63, 2.61, 1.98, 1.53, 1.59, 1.04, 1.01, 0, 0.87, 1.01, 1.23, 1.89, 2.07, 2.13, 2.33, 1.81, 1.91, 2.15, 3.79, 4.66, 4.57, 4.65, 4.58, 4.05, 3.65, 3.06, 3.46, 3.42, 3.5, 3.25, 2.83, 2.87, 3.23, 3.73, 4.15, 3.94, 3.89, 4.21, 4.15, 3.94, 4.21], [4.06, 3.84, 3.98, 2.74, 2.08, 2.01, 2.03, 2.2, 2.42, 2.56, 2.65, 2.4, 1.75, 1.74, 1.82, 1.58, 1.58, 2.06, 1.93, 2.05, 3.9, 6.733, 8.091, 7.906, 7.959, 7.137, 5.854, 4.922, 5.202, 5.259, 5.07, 5.27, 5.72, 6.2, 5.68, 5.43, 5.62, 5.51, 5.41, 4.75, 4.84, 4.43, 4.9, 5.72, 5.743, 4.1, 3.26, 2.63, 1.76, 1.84, 1.61, 1.56, 0.87, 0, 0.9, 1.3, 1.72, 1.92, 2.16, 2.32, 2.06, 2.18, 2.36, 3.68, 4.47, 4.42, 4.5, 4.41, 4.08, 3.64, 3.07, 3.35, 3.35, 3.43, 3.08, 3.06, 3.22, 3.22, 3.62, 4.02, 3.97, 3.88, 4.6, 4.62, 4.27, 4.42], [3.72, 3.52, 3.7, 2.4, 1.76, 1.63, 1.77, 1.86, 1.96, 2.1, 2.33, 2.2, 1.69, 1.5, 1.52, 1.32, 1.56, 1.84, 1.83, 1.71, 3.9, 6.813, 8.191, 8.011, 8.044, 7.197, 5.934, 4.982, 5.242, 5.296, 5.13, 5.27, 5.68, 6.24, 5.64, 5.31, 5.42, 5.43, 5.37, 4.75, 4.88, 4.31, 4.86, 5.64, 5.774, 4.0, 2.88, 2.27, 1.7, 1.76, 1.39, 1.28, 1.01, 0.9, 0, 0.94, 1.48, 1.52, 2.06, 2.28, 1.9, 1.76, 1.74, 3.38, 4.19, 4.16, 4.22, 4.11, 3.8, 3.38, 2.95, 3.05, 2.87, 3.09, 2.9, 2.92, 3.06, 3.08, 3.52, 3.76, 3.67, 3.44, 4.24, 4.14, 3.73, 3.98], [3.84, 3.56, 3.7, 2.66, 1.92, 1.87, 2.15, 1.88, 1.84, 1.96, 2.05, 1.92, 1.61, 1.46, 1.62, 1.26, 1.62, 1.98, 1.91, 1.63, 3.8, 6.691, 8.159, 8.008, 8.041, 7.114, 5.9, 4.933, 5.176, 5.179, 5.03, 4.99, 5.44, 5.94, 5.38, 5.13, 5.24, 5.25, 5.07, 4.69, 4.72, 4.19, 4.66, 5.5, 5.717, 3.92, 2.96, 2.27, 2.08, 2.06, 1.45, 1.14, 1.23, 1.3, 0.94, 0, 1.4, 1.54, 1.7, 1.9, 1.52, 1.4, 1.66, 3.32, 4.17, 4.14, 4.16, 4.09, 3.64, 3.24, 2.89, 3.07, 3.01, 3.21, 3.1, 3.06, 3.12, 3.26, 3.74, 3.84, 3.81, 3.62, 4.2, 4.0, 3.59, 3.9], [3.12, 2.9, 2.96, 2.1, 1.68, 1.77, 2.09, 2.34, 2.22, 2.22, 2.35, 2.16, 2.23, 2.28, 2.56, 1.86, 1.1, 1.22, 1.49, 1.81, 4.851, 7.886, 9.367, 9.211, 9.229, 8.294, 7.04, 6.087, 6.359, 6.416, 6.205, 5.81, 6.18, 6.74, 5.98, 5.69, 5.54, 5.89, 6.11, 5.841, 5.886, 5.296, 5.752, 6.566, 6.832, 5.037, 3.78, 3.15, 2.58, 2.7, 2.25, 2.0, 1.89, 1.72, 1.48, 1.4, 0, 0.94, 1.94, 2.42, 2.32, 1.58, 1.22, 2.64, 3.21, 3.3, 3.32, 3.31, 3.12, 2.76, 2.41, 2.71, 2.71, 2.73, 2.6, 2.8, 2.76, 2.78, 3.3, 3.46, 3.37, 3.18, 3.92, 3.92, 3.47, 3.86], [3.62, 3.44, 3.3, 2.4, 1.86, 1.99, 2.17, 2.3, 2.22, 2.26, 2.43, 2.12, 2.01, 2.12, 2.38, 1.68, 1.3, 1.46, 1.43, 1.93, 4.771, 7.784, 9.267, 9.106, 9.121, 8.214, 6.966, 6.019, 6.299, 6.342, 6.105, 5.85, 6.24, 6.84, 6.18, 5.79, 5.76, 5.95, 6.05, 5.756, 5.846, 5.236, 5.732, 6.586, 6.8, 4.969, 3.6, 3.09, 2.76, 2.88, 2.25, 1.94, 2.07, 1.92, 1.52, 1.54, 0.94, 0, 1.36, 2.1, 2.24, 1.76, 1.5, 3.34, 3.75, 3.92, 3.98, 3.95, 3.74, 3.32, 2.87, 3.17, 3.21, 3.39, 3.3, 3.34, 3.48, 3.48, 3.86, 4.1, 3.97, 3.72, 4.6, 4.5, 3.95, 4.38], [4.78, 4.6, 4.46, 3.48, 2.84, 3.01, 3.05, 2.52, 2.52, 2.52, 2.33, 2.04, 1.73, 1.68, 1.82, 1.6, 2.3, 2.6, 2.31, 2.29, 3.88, 6.776, 8.207, 8.049, 8.067, 7.16, 5.937, 4.999, 5.242, 5.236, 5.128, 5.17, 5.56, 6.08, 5.56, 5.21, 5.4, 5.33, 5.25, 4.75, 4.84, 4.33, 4.74, 5.569, 5.746, 4.24, 3.78, 3.47, 3.34, 3.4, 2.49, 2.14, 2.13, 2.16, 2.06, 1.7, 1.94, 1.36, 0, 1.02, 1.52, 1.92, 2.28, 4.44, 4.91, 5.06, 5.12, 5.11, 4.66, 4.34, 3.87, 4.31, 4.29, 4.49, 4.44, 4.34, 4.4, 4.58, 5.04, 5.2, 5.05, 4.9, 5.44, 5.28, 4.75, 5.24], [5.28, 5.1, 5.08, 4.0, 3.4, 3.39, 3.35, 2.68, 2.58, 2.5, 2.31, 2.0, 1.77, 1.8, 1.64, 1.8, 2.76, 3.16, 2.87, 2.73, 3.5, 6.08, 7.387, 7.229, 7.238, 6.334, 5.123, 4.21, 4.419, 4.439, 4.45, 4.75, 5.12, 5.64, 5.12, 4.97, 5.16, 5.03, 4.73, 4.13, 4.12, 3.71, 4.16, 4.76, 4.98, 3.76, 3.5, 3.63, 3.58, 3.58, 2.79, 2.48, 2.33, 2.32, 2.28, 1.9, 2.42, 2.1, 1.02, 0, 1.1, 2.08, 2.76, 4.86, 5.49, 5.6, 5.58, 5.55, 5.14, 4.84, 4.43, 4.75, 4.71, 4.93, 4.88, 4.82, 4.84, 5.02, 5.48, 5.6, 5.51, 5.34, 5.9, 5.72, 5.21, 5.72], [5.02, 4.76, 4.88, 3.6, 2.96, 2.95, 2.89, 2.12, 2.04, 1.98, 1.59, 1.62, 1.43, 1.34, 1.28, 1.38, 2.5, 2.96, 2.77, 2.03, 2.88, 5.72, 7.108, 6.943, 6.958, 6.034, 4.792, 3.83, 4.11, 4.15, 4.07, 4.21, 4.52, 5.08, 4.56, 4.29, 4.5, 4.39, 4.19, 3.71, 3.78, 3.27, 3.7, 4.46, 4.592, 3.06, 2.82, 2.97, 3.06, 3.1, 2.23, 1.88, 1.81, 2.06, 1.9, 1.52, 2.32, 2.24, 1.52, 1.1, 0, 1.52, 2.42, 4.48, 5.29, 5.26, 5.3, 5.19, 4.82, 4.36, 3.95, 4.27, 4.25, 4.41, 4.32, 4.16, 4.16, 4.44, 4.88, 5.14, 4.95, 4.8, 5.12, 5.0, 4.63, 5.14], [3.88, 3.64, 3.78, 2.4, 2.1, 2.29, 2.35, 1.64, 1.42, 1.44, 1.25, 1.46, 1.71, 1.48, 1.52, 1.46, 1.84, 2.34, 2.47, 1.41, 3.648, 6.683, 8.164, 8.008, 8.026, 7.091, 5.837, 4.884, 5.141, 5.175, 4.952, 4.49, 4.92, 5.42, 4.72, 4.33, 4.3, 4.55, 4.87, 4.618, 4.697, 4.05, 4.497, 5.32, 5.637, 3.854, 2.92, 2.83, 2.94, 3.02, 2.17, 1.6, 1.91, 2.18, 1.76, 1.4, 1.58, 1.76, 1.92, 2.08, 1.52, 0, 1.26, 3.22, 4.07, 4.0, 4.08, 4.05, 3.72, 3.44, 3.11, 3.15, 3.01, 3.15, 3.0, 3.08, 3.0, 3.22, 3.74, 3.92, 3.83, 3.6, 4.04, 3.8, 3.41, 3.98], [2.98, 2.68, 2.72, 1.9, 1.7, 1.87, 1.97, 1.9, 1.84, 1.82, 2.03, 2.18, 2.45, 2.22, 2.52, 2.04, 1.68, 1.74, 2.01, 1.55, 4.59, 7.646, 9.127, 8.971, 8.989, 8.046, 6.8, 5.856, 6.119, 6.159, 5.897, 5.435, 5.831, 6.36, 5.54, 5.21, 5.08, 5.51, 5.798, 5.581, 5.62, 4.996, 5.472, 6.28, 6.586, 4.806, 3.24, 2.95, 2.72, 2.88, 2.23, 1.98, 2.15, 2.36, 1.74, 1.66, 1.22, 1.5, 2.28, 2.76, 2.42, 1.26, 0, 2.3, 3.07, 3.12, 3.06, 3.03, 2.66, 2.52, 2.35, 2.53, 2.25, 2.39, 2.28, 2.32, 2.3, 2.46, 2.98, 3.18, 2.99, 2.86, 3.42, 3.24, 2.79, 3.22], [2.08, 1.96, 2.28, 2.64, 2.42, 2.37, 2.85, 3.7, 3.72, 3.82, 3.97, 4.1, 4.37, 4.2, 4.46, 3.88, 2.84, 2.68, 3.11, 3.404, 6.542, 9.606, 11.076, 10.929, 10.932, 9.977, 8.74, 7.807, 8.064, 8.084, 7.84, 7.346, 7.742, 8.196, 7.282, 7.115, 6.951, 7.484, 7.732, 7.521, 7.551, 6.944, 7.44, 8.152, 8.526, 6.757, 5.102, 4.532, 3.9, 3.84, 3.97, 3.86, 3.79, 3.68, 3.38, 3.32, 2.64, 3.34, 4.44, 4.86, 4.48, 3.22, 2.3, 0, 1.21, 1.2, 1.18, 1.15, 1.08, 1.46, 1.77, 1.71, 1.41, 1.27, 1.6, 2.12, 1.74, 1.34, 1.54, 1.4, 1.67, 1.94, 2.6, 2.62, 2.49, 2.78], [2.11, 2.19, 2.39, 3.13, 3.03, 3.06, 3.58, 4.649, 4.67, 4.65, 4.96, 4.97, 4.92, 4.99, 5.21, 4.57, 3.21, 2.95, 3.38, 4.334, 7.552, 10.617, 12.086, 11.939, 11.942, 10.996, 9.77, 8.837, 9.094, 9.094, 8.85, 8.356, 8.752, 9.16, 8.263, 8.125, 7.933, 8.428, 8.76, 8.531, 8.558, 7.928, 8.43, 9.15, 9.536, 7.787, 6.095, 5.522, 4.91, 4.79, 4.84, 4.71, 4.66, 4.47, 4.19, 4.17, 3.21, 3.75, 4.91, 5.49, 5.29, 4.07, 3.07, 1.21, 0, 0.59, 0.77, 1.0, 1.27, 1.65, 2.06, 1.72, 1.7, 1.76, 2.07, 2.81, 2.45, 1.85, 1.45, 1.31, 1.76, 2.13, 2.89, 3.13, 2.86, 3.03], [2.18, 2.16, 2.44, 3.1, 3.0, 3.05, 3.45, 4.539, 4.56, 4.54, 4.85, 4.86, 4.97, 4.96, 5.18, 4.62, 3.36, 3.12, 3.55, 4.244, 7.442, 10.507, 11.976, 11.829, 11.832, 10.886, 9.64, 8.707, 8.964, 8.987, 8.74, 8.246, 8.642, 9.05, 8.153, 7.995, 7.823, 8.324, 8.65, 8.421, 8.448, 7.842, 8.352, 9.08, 9.431, 7.657, 6.002, 5.412, 4.82, 4.68, 4.77, 4.66, 4.57, 4.42, 4.16, 4.14, 3.3, 3.92, 5.06, 5.6, 5.26, 4.0, 3.12, 1.2, 0.59, 0, 0.66, 0.91, 1.2, 1.68, 2.15, 1.67, 1.59, 1.63, 2.06, 2.72, 2.38, 1.8, 1.38, 1.22, 1.63, 2.04, 2.66, 2.92, 2.63, 2.84], [2.06, 2.16, 2.4, 3.14, 3.08, 3.15, 3.53, 4.48, 4.5, 4.54, 4.79, 4.84, 5.03, 5.02, 5.26, 4.64, 3.38, 3.18, 3.57, 4.19, 7.362, 10.427, 11.896, 11.749, 11.752, 10.806, 9.58, 8.627, 8.899, 8.927, 8.66, 8.166, 8.562, 8.97, 8.053, 7.927, 7.751, 8.284, 8.57, 8.341, 8.389, 7.782, 8.272, 9.02, 9.363, 7.577, 5.922, 5.37, 4.76, 4.66, 4.83, 4.72, 4.65, 4.5, 4.22, 4.16, 3.32, 3.98, 5.12, 5.58, 5.3, 4.08, 3.06, 1.18, 0.77, 0.66, 0, 0.55, 0.88, 1.34, 2.03, 1.55, 1.53, 1.49, 1.9, 2.74, 2.4, 1.86, 1.3, 0.9, 1.37, 1.78, 2.36, 2.66, 2.25, 2.5], [2.11, 2.11, 2.37, 3.15, 3.05, 3.04, 3.52, 4.47, 4.53, 4.59, 4.76, 4.79, 4.94, 4.89, 5.15, 4.57, 3.35, 3.17, 3.54, 4.134, 7.309, 10.374, 11.843, 11.696, 11.699, 10.756, 9.513, 8.586, 8.849, 8.869, 8.607, 8.122, 8.521, 8.917, 8.012, 7.871, 7.696, 8.194, 8.508, 8.303, 8.319, 7.72, 8.222, 9.01, 9.316, 7.536, 5.872, 5.32, 4.69, 4.59, 4.7, 4.61, 4.58, 4.41, 4.11, 4.09, 3.31, 3.95, 5.11, 5.55, 5.19, 4.05, 3.03, 1.15, 1.0, 0.91, 0.55, 0, 0.83, 1.23, 1.92, 1.44, 1.5, 1.4, 1.87, 2.67, 2.37, 1.81, 1.37, 0.83, 1.34, 1.65, 2.19, 2.45, 2.12, 2.31], [2.12, 2.1, 2.4, 3.04, 2.7, 2.65, 3.13, 3.86, 3.92, 3.98, 4.19, 4.34, 4.61, 4.44, 4.72, 4.2, 3.14, 3.06, 3.47, 3.69, 6.814, 9.805, 11.291, 11.195, 11.204, 10.286, 9.089, 8.162, 8.404, 8.353, 8.081, 7.59, 8.037, 8.36, 7.477, 7.378, 7.209, 7.713, 8.004, 7.801, 7.846, 7.253, 7.777, 8.606, 8.892, 7.112, 5.331, 4.781, 4.18, 4.14, 4.15, 4.06, 4.05, 4.08, 3.8, 3.64, 3.12, 3.74, 4.66, 5.14, 4.82, 3.72, 2.66, 1.08, 1.27, 1.2, 0.88, 0.83, 0, 0.8, 1.49, 1.15, 1.37, 1.25, 1.72, 2.32, 1.94, 1.8, 1.44, 0.92, 1.31, 1.52, 1.98, 2.28, 1.93, 1.96], [2.2, 2.1, 2.38, 2.76, 2.34, 2.41, 2.73, 3.5, 3.56, 3.62, 3.85, 3.94, 4.15, 4.02, 4.32, 3.7, 2.86, 2.7, 3.13, 3.236, 6.4, 9.407, 10.908, 10.778, 10.81, 9.961, 8.734, 7.827, 8.087, 8.045, 7.693, 7.199, 7.647, 7.991, 7.107, 7.007, 6.887, 7.327, 7.628, 7.459, 7.569, 6.979, 7.466, 8.349, 8.56, 6.777, 4.94, 4.364, 3.8, 3.78, 3.77, 3.7, 3.65, 3.64, 3.38, 3.24, 2.76, 3.32, 4.34, 4.84, 4.36, 3.44, 2.52, 1.46, 1.65, 1.68, 1.34, 1.23, 0.8, 0, 1.03, 0.99, 1.29, 1.17, 1.62, 2.12, 1.82, 1.88, 1.46, 1.12, 1.19, 1.26, 1.94, 2.211, 1.79, 1.82], [2.33, 2.39, 2.63, 2.83, 1.97, 1.92, 2.12, 2.99, 3.05, 3.09, 3.36, 3.49, 3.64, 3.55, 3.87, 3.29, 2.67, 2.35, 2.64, 2.64, 5.773, 8.82, 10.356, 10.157, 10.246, 9.556, 8.236, 7.3, 7.606, 7.652, 7.275, 6.758, 7.265, 7.488, 6.771, 6.644, 6.562, 6.801, 7.275, 6.972, 7.262, 6.692, 7.065, 8.062, 8.179, 6.216, 4.47, 3.823, 3.21, 3.13, 3.14, 3.15, 3.06, 3.07, 2.95, 2.89, 2.41, 2.87, 3.87, 4.43, 3.95, 3.11, 2.35, 1.77, 2.06, 2.15, 2.03, 1.92, 1.49, 1.03, 0, 1.12, 1.44, 1.4, 1.71, 2.03, 1.77, 1.85, 1.67, 1.83, 1.72, 1.63, 2.47, 2.61, 2.24, 2.39], [2.19, 2.19, 2.55, 2.65, 1.95, 2.04, 2.36, 3.35, 3.43, 3.49, 3.74, 3.87, 3.82, 3.77, 4.01, 3.49, 2.67, 2.49, 2.92, 3.16, 6.304, 9.283, 10.758, 10.691, 10.694, 9.784, 8.556, 7.629, 7.88, 7.883, 7.603, 7.114, 7.573, 7.847, 6.99, 6.923, 6.753, 7.189, 7.503, 7.3, 7.416, 6.846, 7.29, 8.216, 8.413, 6.559, 4.802, 4.185, 3.65, 3.69, 3.5, 3.39, 3.46, 3.35, 3.05, 3.07, 2.71, 3.17, 4.31, 4.75, 4.27, 3.15, 2.53, 1.71, 1.72, 1.67, 1.55, 1.44, 1.15, 0.99, 1.12, 0, 0.98, 1.24, 1.57, 2.09, 1.73, 1.79, 1.27, 1.19, 1.36, 1.29, 2.05, 2.31, 1.92, 1.93], [1.95, 1.95, 2.27, 2.15, 1.89, 1.96, 2.3, 3.19, 3.29, 3.37, 3.6, 3.87, 3.9, 3.73, 3.91, 3.53, 2.77, 2.49, 2.9, 3.04, 5.992, 9.051, 10.532, 10.373, 10.382, 9.462, 8.25, 7.3, 7.54, 7.546, 7.302, 6.808, 7.201, 7.624, 6.729, 6.554, 6.39, 6.94, 7.212, 6.98, 7.007, 6.4, 6.93, 7.77, 8.053, 6.25, 4.529, 3.959, 3.43, 3.39, 3.38, 3.29, 3.42, 3.35, 2.87, 3.01, 2.71, 3.21, 4.29, 4.71, 4.25, 3.01, 2.25, 1.41, 1.7, 1.59, 1.53, 1.5, 1.37, 1.29, 1.44, 0.98, 0, 0.94, 1.27, 1.69, 1.61, 1.39, 1.05, 1.17, 1.04, 1.23, 2.05, 2.03, 1.64, 1.81], [1.83, 1.79, 2.11, 2.39, 2.13, 2.18, 2.52, 3.31, 3.41, 3.53, 3.74, 4.01, 4.12, 3.91, 4.07, 3.75, 2.81, 2.79, 3.18, 3.14, 5.998, 9.068, 10.537, 10.388, 10.388, 9.433, 8.19, 7.26, 7.52, 7.546, 7.302, 6.802, 7.198, 7.603, 6.709, 6.548, 6.41, 6.96, 7.205, 6.98, 7.01, 6.42, 6.87, 7.65, 7.993, 6.21, 4.57, 3.98, 3.37, 3.43, 3.52, 3.47, 3.5, 3.43, 3.09, 3.21, 2.73, 3.39, 4.49, 4.93, 4.41, 3.15, 2.39, 1.27, 1.76, 1.63, 1.49, 1.4, 1.25, 1.17, 1.4, 1.24, 0.94, 0, 0.99, 1.63, 1.37, 1.15, 1.21, 1.17, 1.2, 1.13, 1.85, 1.89, 1.68, 1.87], [1.94, 1.7, 2.0, 2.26, 2.24, 2.15, 2.63, 3.28, 3.38, 3.44, 3.63, 4.0, 3.99, 3.84, 3.96, 3.62, 2.64, 2.58, 3.03, 3.07, 5.665, 8.748, 10.205, 10.055, 10.055, 9.1, 7.854, 6.91, 7.17, 7.192, 7.009, 6.509, 6.865, 7.271, 6.416, 6.23, 6.14, 6.67, 6.91, 6.635, 6.66, 6.05, 6.54, 7.32, 7.64, 5.851, 4.216, 3.67, 3.14, 3.14, 3.21, 3.24, 3.25, 3.08, 2.9, 3.1, 2.6, 3.3, 4.44, 4.88, 4.32, 3.0, 2.28, 1.6, 2.07, 2.06, 1.9, 1.87, 1.72, 1.62, 1.71, 1.57, 1.27, 0.99, 0, 1.46, 1.36, 1.06, 1.34, 1.46, 1.47, 1.46, 2.02, 2.14, 1.87, 2.22], [2.62, 2.48, 2.72, 2.38, 2.1, 2.09, 2.47, 3.12, 3.3, 3.38, 3.59, 4.0, 4.01, 3.78, 3.88, 3.64, 2.7, 2.64, 3.01, 2.97, 4.9, 7.915, 9.385, 9.255, 9.258, 8.32, 7.117, 6.15, 6.41, 6.41, 6.149, 5.67, 6.08, 6.5, 5.62, 5.43, 5.3, 5.85, 6.15, 5.847, 5.92, 5.33, 5.82, 6.7, 6.92, 5.1, 3.4, 2.83, 2.64, 2.8, 2.63, 2.7, 2.83, 3.06, 2.92, 3.06, 2.8, 3.34, 4.34, 4.82, 4.16, 3.08, 2.32, 2.12, 2.81, 2.72, 2.74, 2.67, 2.32, 2.12, 2.03, 2.09, 1.69, 1.63, 1.46, 0, 1.12, 1.26, 1.78, 2.14, 1.93, 2.2, 2.52, 2.38, 2.27, 2.48], [2.58, 2.62, 2.98, 2.8, 2.36, 2.35, 2.67, 3.18, 3.38, 3.44, 3.63, 4.12, 4.21, 3.92, 3.96, 3.74, 2.98, 2.98, 3.43, 3.03, 5.2, 8.272, 9.741, 9.59, 9.59, 8.62, 7.38, 6.45, 6.69, 6.73, 6.506, 6.01, 6.4, 6.84, 5.96, 5.75, 5.62, 6.13, 6.49, 6.17, 6.18, 5.55, 6.04, 6.82, 7.16, 5.38, 3.733, 3.123, 2.92, 3.04, 2.79, 2.74, 2.87, 3.22, 3.06, 3.12, 2.76, 3.