[[0, 0.84, 1.31, 1.4, 1.61, 2.33, 1.88, 1.62, 1.79, 2.06, 2.75, 3.36, 3.81, 4.29, 4.15, 4.69, 6.07, 6.89, 7.15, 6.9, 6.39, 5.44, 5.32, 4.54, 4.35, 4.3, 4.22, 4.07, 3.32, 3.55, 3.41, 3.76, 4.07, 4.62, 4.24, 4.09, 3.61, 3.84, 4.29, 5.13, 4.36, 3.57, 3.2, 3.15, 3.12, 3.14, 2.86, 3.11, 3.05, 2.86, 2.97, 3.1, 3.28, 3.42, 3.21, 3.13, 2.66, 2.26, 2.28, 1.93, 2.78, 4.01, 4.5, 3.96, 3.54, 2.37, 2.54, 2.82, 2.68, 2.48, 2.53, 2.13, 3.0, 3.34, 3.23, 3.34, 3.32, 4.3, 4.12, 3.64, 3.96, 4.24, 3.46, 3.47, 3.56, 3.5], [0.84, 0, 1.01, 1.44, 1.45, 2.09, 1.62, 1.3, 1.67, 1.84, 2.65, 3.28, 3.67, 3.97, 3.85, 4.37, 5.87, 6.61, 6.89, 6.72, 6.09, 5.26, 5.14, 4.32, 4.11, 3.92, 3.96, 3.67, 3.04, 3.21, 3.15, 3.3, 3.93, 4.34, 4.34, 4.19, 3.55, 3.46, 4.07, 4.97, 4.16, 3.39, 2.86, 2.77, 2.82, 2.94, 2.7, 2.95, 2.87, 2.62, 2.67, 2.88, 3.14, 3.3, 3.19, 3.03, 2.58, 2.12, 2.12, 1.85, 2.54, 3.77, 4.28, 3.82, 3.4, 2.23, 2.44, 2.74, 2.68, 2.28, 2.39, 2.05, 2.98, 3.16, 2.89, 3.02, 3.12, 3.96, 3.78, 3.36, 3.66, 4.04, 3.2, 3.15, 3.24, 3.3], [1.31, 1.01, 0, 0.95, 1.06, 1.98, 1.63, 1.03, 1.52, 1.89, 2.64, 3.37, 3.76, 3.74, 3.84, 4.22, 5.68, 6.14, 6.44, 6.43, 5.84, 4.87, 4.81, 4.17, 3.72, 3.65, 3.73, 3.5, 2.97, 3.24, 3.24, 3.17, 3.76, 4.23, 4.45, 4.28, 3.36, 3.49, 4.08, 4.72, 3.99, 3.22, 2.69, 2.66, 2.77, 2.85, 2.45, 2.7, 2.74, 2.55, 2.8, 2.81, 2.99, 3.09, 2.92, 2.84, 2.37, 2.01, 2.17, 1.72, 2.57, 3.72, 4.15, 3.71, 3.21, 2.34, 2.41, 3.03, 2.97, 2.47, 2.66, 2.44, 2.93, 2.99, 2.84, 2.83, 2.63, 3.45, 3.43, 2.89, 3.21, 3.61, 2.99, 2.98, 3.09, 3.09], [1.4, 1.44, 0.95, 0, 1.07, 2.35, 1.94, 1.16, 1.41, 1.82, 2.57, 3.6, 4.03, 3.99, 4.21, 4.55, 5.89, 6.41, 6.71, 6.66, 5.97, 5.08, 4.86, 4.1, 3.63, 3.52, 3.74, 3.61, 2.96, 3.13, 3.09, 3.22, 3.55, 4.48, 4.8, 4.49, 3.31, 3.1, 3.67, 4.13, 3.44, 2.77, 2.34, 2.21, 2.28, 2.4, 1.96, 2.17, 2.13, 2.2, 2.29, 2.42, 2.48, 2.52, 2.51, 2.49, 1.9, 1.62, 1.68, 1.33, 2.06, 3.17, 3.66, 3.16, 2.7, 1.95, 1.92, 2.6, 2.6, 2.26, 2.23, 2.29, 3.1, 3.06, 2.61, 2.6, 2.7, 3.68, 3.56, 2.86, 3.38, 3.8, 2.66, 2.73, 2.8, 2.8], [1.61, 1.45, 1.06, 1.07, 0, 1.58, 1.35, 0.99, 1.3, 1.61, 2.26, 2.91, 3.2, 3.2, 3.42, 3.72, 5.06, 5.66, 5.92, 5.85, 5.26, 4.37, 4.15, 3.75, 3.4, 3.41, 3.37, 3.18, 2.81, 2.98, 2.88, 3.11, 3.44, 3.73, 4.05, 3.7, 2.9, 3.27, 4.02, 4.62, 3.89, 3.16, 2.63, 2.52, 2.57, 2.67, 2.61, 2.84, 2.56, 2.57, 2.66, 2.69, 2.85, 2.97, 3.1, 3.12, 2.57, 1.97, 2.07, 1.6, 2.39, 3.52, 4.01, 3.57, 3.13, 2.28, 2.33, 3.11, 3.03, 2.47, 2.6, 2.44, 2.57, 2.51, 2.68, 2.73, 2.27, 3.03, 2.93, 2.61, 2.79, 3.17, 2.93, 2.98, 3.07, 3.19], [2.33, 2.09, 1.98, 2.35, 1.58, 0, 0.87, 1.63, 1.78, 1.85, 2.46, 2.31, 2.14, 2.16, 2.38, 2.66, 3.98, 4.74, 5.1, 4.87, 4.64, 4.21, 3.99, 3.89, 3.66, 3.51, 3.35, 3.3, 3.07, 3.16, 3.24, 3.37, 3.68, 3.49, 3.41, 3.1, 3.04, 3.81, 4.64, 5.74, 4.87, 3.96, 3.43, 3.34, 3.43, 3.69, 4.01, 4.2, 3.8, 3.35, 3.24, 3.47, 3.73, 3.99, 4.453, 4.453, 3.61, 3.05, 2.85, 2.3, 3.11, 4.48, 4.91, 4.55, 4.11, 2.94, 3.31, 4.01, 3.65, 3.01, 3.14, 2.72, 2.53, 2.59, 3.22, 3.21, 2.59, 2.39, 2.47, 2.67, 2.65, 2.85, 3.57, 3.6, 3.67, 3.87], [1.88, 1.62, 1.63, 1.94, 1.35, 0.87, 0, 1.3, 1.41, 1.66, 2.21, 2.4, 2.39, 2.55, 2.55, 2.95, 4.43, 5.23, 5.57, 5.46, 5.17, 4.44, 4.14, 3.72, 3.45, 3.38, 3.18, 3.07, 2.82, 2.99, 2.97, 3.18, 3.51, 3.5, 3.32, 3.05, 2.93, 3.58, 4.39, 5.39, 4.5, 3.65, 3.12, 3.05, 3.14, 3.4, 3.64, 3.83, 3.45, 3.06, 2.97, 3.2, 3.46, 3.66, 4.061, 4.07, 3.28, 2.68, 2.54, 1.99, 2.84, 4.13, 4.66, 4.24, 3.82, 2.61, 2.86, 3.42, 3.14, 2.62, 2.73, 2.33, 2.36, 2.52, 3.01, 3.0, 2.58, 2.9, 2.76, 2.68, 2.92, 3.16, 3.3, 3.39, 3.46, 3.64], [1.62, 1.3, 1.03, 1.16, 0.99, 1.63, 1.3, 0, 1.17, 1.58, 2.47, 3.1, 3.37, 3.39, 3.47, 3.83, 5.39, 5.93, 6.23, 6.12, 5.53, 4.68, 4.46, 3.88, 3.61, 3.42, 3.46, 3.13, 2.78, 3.01, 2.99, 3.14, 3.63, 4.0, 4.2, 3.87, 3.11, 3.3, 3.91, 4.53, 3.96, 3.19, 2.74, 2.59, 2.68, 2.72, 2.58, 2.79, 2.47, 2.36, 2.55, 2.7, 2.88, 2.98, 3.09, 3.15, 2.36, 1.94, 1.94, 1.55, 2.38, 3.59, 4.02, 3.44, 3.06, 2.11, 2.18, 2.8, 2.82, 2.3, 2.43, 2.27, 2.78, 2.76, 2.73, 2.8, 2.62, 3.32, 3.18, 2.8, 3.16, 3.54, 2.94, 3.01, 3.08, 3.18], [1.79, 1.67, 1.52, 1.41, 1.3, 1.78, 1.41, 1.17, 0, 1.15, 2.26, 2.99, 3.1, 3.24, 3.24, 3.6, 5.18, 5.76, 6.08, 5.97, 5.48, 4.61, 4.41, 4.03, 3.66, 3.65, 3.55, 3.38, 2.69, 2.72, 2.56, 2.91, 3.48, 3.91, 3.91, 3.8, 3.04, 3.07, 3.5, 4.14, 3.61, 3.0, 2.69, 2.56, 2.43, 2.55, 2.69, 2.8, 2.34, 1.95, 2.04, 2.25, 2.45, 2.51, 3.2, 3.32, 2.57, 2.07, 1.81, 1.44, 1.99, 3.28, 3.59, 3.07, 2.89, 1.88, 2.03, 2.67, 2.57, 2.07, 2.26, 2.04, 2.81, 2.85, 2.72, 2.83, 2.61, 3.11, 3.03, 2.95, 3.07, 3.45, 2.85, 2.9, 3.03, 3.15], [2.06, 1.84, 1.89, 1.82, 1.61, 1.85, 1.66, 1.58, 1.15, 0, 1.39, 2.2, 2.33, 2.59, 2.59, 2.93, 4.43, 5.05, 5.37, 5.22, 4.75, 3.88, 3.68, 3.16, 2.93, 2.86, 2.86, 2.55, 1.86, 2.09, 1.89, 2.18, 2.69, 3.2, 3.18, 2.91, 2.29, 2.38, 3.47, 4.73, 3.88, 3.05, 2.66, 2.47, 2.3, 2.5, 3.3, 3.37, 2.91, 2.58, 1.89, 1.98, 2.14, 2.74, 3.818, 3.83, 2.98, 2.44, 1.96, 1.39, 2.04, 3.71, 3.84, 3.6, 3.308, 1.99, 2.6, 3.3, 2.94, 2.3, 2.33, 1.93, 2.28, 2.08, 1.93, 2.08, 1.92, 2.5, 2.34, 2.38, 2.38, 2.66, 2.16, 2.33, 2.7, 2.9], [2.75, 2.65, 2.64, 2.57, 2.26, 2.46, 2.21, 2.47, 2.26, 1.39, 0, 1.35, 1.7, 1.92, 2.0, 2.22, 3.58, 4.38, 4.66, 4.49, 4.02, 3.15, 2.89, 2.21, 2.08, 1.97, 1.89, 1.7, 1.11, 1.5, 1.52, 1.77, 1.94, 2.37, 2.39, 2.12, 1.52, 1.81, 4.06, 5.52, 4.61, 3.6, 3.23, 3.22, 2.99, 3.31, 4.089, 4.12, 3.62, 3.35, 2.58, 2.53, 2.81, 3.57, 4.651, 4.631, 3.77, 3.17, 2.75, 2.12, 2.59, 4.48, 4.61, 4.37, 4.101, 2.8, 3.37, 3.99, 3.67, 3.15, 2.96, 2.32, 1.75, 1.51, 1.66, 1.95, 1.59, 2.07, 1.85, 1.85, 1.79, 1.89, 2.09, 2.5, 2.87, 3.39], [3.36, 3.28, 3.37, 3.6, 2.91, 2.31, 2.4, 3.1, 2.99, 2.2, 1.35, 0, 1.29, 1.65, 1.63, 1.85, 2.97, 3.83, 4.13, 3.94, 3.57, 2.62, 2.3, 2.14, 2.09, 1.84, 1.54, 1.53, 1.52, 1.89, 2.11, 2.12, 1.97, 1.74, 1.64, 1.35, 1.43, 2.5, 5.05, 6.61, 5.7, 4.67, 4.26, 4.27, 4.08, 4.388, 5.171, 5.183, 4.67, 4.24, 3.41, 3.52, 3.92, 4.66, 5.741, 5.721, 4.86, 4.26, 3.8, 3.15, 3.68, 5.57, 5.72, 5.448, 5.191, 3.79, 4.42, 4.88, 4.5, 3.96, 3.97, 2.97, 1.52, 1.38, 2.49, 2.56, 2.16, 1.74, 1.52, 1.68, 1.42, 1.5, 3.0, 3.57, 3.92, 4.48], [3.81, 3.67, 3.76, 4.03, 3.2, 2.14, 2.39, 3.37, 3.1, 2.33, 1.7, 1.29, 0, 0.9, 1.2, 1.22, 2.44, 3.26, 3.64, 3.49, 3.2, 2.97, 2.69, 2.55, 2.6, 2.49, 2.21, 2.12, 2.17, 2.46, 2.7, 2.73, 2.48, 2.19, 1.95, 1.7, 1.94, 2.97, 5.48, 6.98, 6.07, 5.04, 4.63, 4.64, 4.45, 4.77, 5.558, 5.568, 5.04, 4.79, 4.0, 4.07, 4.29, 5.03, 6.111, 6.108, 5.218, 4.63, 4.17, 3.52, 4.05, 5.94, 6.07, 5.818, 5.561, 4.18, 4.827, 5.31, 4.99, 4.45, 4.32, 3.46, 1.89, 1.63, 2.9, 2.91, 2.21, 1.39, 1.19, 2.17, 1.65, 1.77, 3.45, 3.9, 4.29, 4.81], [4.29, 3.97, 3.74, 3.99, 3.2, 2.16, 2.55, 3.39, 3.24, 2.59, 1.92, 1.65, 0.9, 0, 0.86, 1.16, 2.3, 2.92, 3.32, 3.45, 3.36, 3.09, 2.89, 2.83, 2.7, 2.53, 2.41, 2.3, 2.31, 2.36, 2.72, 2.71, 2.68, 2.41, 2.43, 2.24, 2.24, 3.01, 5.56, 7.02, 6.11, 5.08, 4.67, 4.68, 4.49, 4.81, 5.581, 5.596, 5.1, 4.77, 4.0, 4.03, 4.33, 5.07, 6.151, 6.131, 5.258, 4.67, 4.31, 3.62, 4.13, 5.98, 6.11, 5.87, 5.601, 4.4, 4.93, 5.69, 5.39, 4.69, 4.64, 3.84, 2.43, 2.07, 2.96, 3.03, 2.37, 1.49, 1.45, 2.19, 1.71, 1.85, 3.49, 3.94, 4.27, 4.85], [4.15, 3.85, 3.84, 4.21, 3.42, 2.38, 2.55, 3.47, 3.24, 2.59, 2.0, 1.63, 1.2, 0.86, 0, 1.24, 2.96, 3.36, 3.74, 4.03, 3.72, 3.47, 3.27, 3.09, 2.94, 2.81, 2.43, 2.34, 2.29, 2.58, 2.88, 2.87, 2.78, 2.49, 2.39, 2.42, 2.28, 3.17, 5.7, 7.24, 6.33, 5.3, 4.89, 4.9, 4.71, 5.03, 5.801, 5.816, 5.293, 4.83, 4.0, 4.23, 4.53, 5.29, 6.371, 6.351, 5.478, 4.89, 4.43, 3.8, 4.31, 6.2, 6.33, 6.078, 5.821, 4.42, 5.03, 5.65, 5.29, 4.65, 4.74, 3.78, 2.43, 2.23, 3.16, 3.29, 2.59, 1.85, 1.71, 2.53, 2.13, 2.29, 3.67, 4.16, 4.49, 5.07], [4.69, 4.37, 4.22, 4.55, 3.72, 2.66, 2.95, 3.83, 3.6, 2.93, 2.22, 1.85, 1.22, 1.16, 1.24, 0, 2.08, 2.42, 2.98, 3.11, 2.88, 2.73, 2.53, 2.47, 2.36, 2.23, 2.01, 1.96, 2.17, 2.6, 2.94, 2.73, 2.32, 2.01, 2.01, 1.9, 1.88, 3.37, 6.04, 7.54, 6.63, 5.6, 5.19, 5.2, 5.01, 5.318, 6.109, 6.119, 5.6, 5.21, 4.44, 4.45, 4.83, 5.59, 6.671, 6.651, 5.778, 5.19, 4.75, 4.08, 4.61, 6.5, 6.63, 6.41, 6.121, 4.8, 5.37, 6.09, 5.77, 5.07, 5.12, 4.26, 2.39, 2.27, 3.42, 3.47, 2.79, 1.69, 1.49, 2.69, 2.09, 1.81, 3.83, 4.46, 4.79, 5.37], [6.07, 5.87, 5.68, 5.89, 5.06, 3.98, 4.43, 5.39, 5.18, 4.43, 3.58, 2.97, 2.44, 2.3, 2.96, 2.08, 0, 1.24, 1.6, 1.71, 2.0, 2.35, 1.95, 2.55, 2.96, 3.23, 3.27, 3.34, 3.53, 3.9, 4.1, 4.07, 3.04, 2.29, 2.19, 2.1, 3.02, 4.65, 7.5, 8.78, 7.85, 6.8, 6.41, 6.42, 6.25, 6.53, 7.33, 7.356, 7.0, 6.77, 6.04, 5.75, 6.05, 6.83, 7.9, 7.88, 6.99, 6.47, 6.15, 5.38, 5.97, 7.76, 7.85, 7.75, 7.39, 6.26, 6.87, 7.57, 7.25, 6.57, 6.42, 5.68, 3.61, 3.55, 4.62, 4.65, 3.99, 2.53, 2.57, 3.91, 2.95, 2.33, 5.03, 5.66, 5.99, 6.61], [6.89, 6.61, 6.14, 6.41, 5.66, 4.74, 5.23, 5.93, 5.76, 5.05, 4.38, 3.83, 3.26, 2.92, 3.36, 2.42, 1.24, 0, 0.9, 1.37, 1.6, 2.19, 1.93, 2.93, 3.5, 3.81, 3.87, 3.96, 4.25, 4.56, 4.86, 4.53, 3.54, 2.75, 2.95, 2.94, 3.56, 5.21, 7.92, 9.14, 8.19, 7.08, 6.73, 6.76, 6.67, 6.83, 7.67, 7.7, 7.46, 7.29, 6.56, 6.21, 6.41, 7.17, 8.2, 8.18, 7.29, 6.91, 6.59, 5.86, 6.47, 8.18, 8.21, 8.15, 7.75, 6.78, 7.41, 8.31, 7.95, 7.29, 7.22, 6.44, 4.25, 4.11, 5.06, 4.93, 4.33, 2.87, 3.03, 4.39, 3.37, 2.81, 5.35, 5.98, 6.29, 6.95], [7.15, 6.89, 6.44, 6.71, 5.92, 5.1, 5.57, 6.23, 6.08, 5.37, 4.66, 4.13, 3.64, 3.32, 3.74, 2.98, 1.6, 0.9, 0, 0.89, 1.52, 2.31, 2.17, 3.19, 3.8, 4.09, 4.17, 4.26, 4.51, 4.84, 5.14, 4.85, 3.88, 2.97, 3.25, 3.26, 3.84, 5.55, 8.24, 9.46, 8.51, 7.4, 7.07, 7.08, 6.95, 7.15, 7.97, 8.04, 7.78, 7.59, 6.9, 6.49, 6.73, 7.47, 8.5, 8.48, 7.59, 7.17, 6.89, 6.12, 6.77, 8.52, 8.51, 8.43, 8.05, 7.04, 7.73, 8.57, 8.19, 7.55, 7.48, 6.72, 4.47, 4.37, 5.34, 5.25, 4.67, 3.19, 3.35, 4.73, 3.71, 3.11, 5.65, 6.26, 6.63, 7.25], [6.9, 6.72, 6.43, 6.66, 5.85, 4.87, 5.46, 6.12, 5.97, 5.22, 4.49, 3.94, 3.49, 3.45, 4.03, 3.11, 1.71, 1.37, 0.89, 0, 1.35, 2.18, 2.1, 3.04, 3.69, 4.0, 4.06, 4.19, 4.38, 4.69, 4.93, 4.84, 3.79, 2.88, 3.1, 3.05, 3.73, 5.44, 8.15, 9.41, 8.52, 7.39, 7.1, 7.09, 6.9, 7.16, 7.98, 8.027, 7.65, 7.5, 6.81, 6.48, 6.64, 7.34, 8.45, 8.49, 7.6, 7.02, 6.74, 5.93, 6.62, 8.43, 8.5, 8.26, 7.9, 6.91, 7.64, 8.38, 8.06, 7.4, 7.27, 6.53, 4.34, 4.26, 5.21, 5.18, 4.5, 3.2, 3.26, 4.66, 3.64, 3.04, 5.68, 6.31, 6.7, 7.22], [6.39, 6.09, 5.84, 5.97, 5.26, 4.64, 5.17, 5.53, 5.48, 4.75, 4.02, 3.57, 3.2, 3.36, 3.72, 2.88, 2.0, 1.6, 1.52, 1.35, 0, 1.31, 1.53, 2.25, 2.86, 3.21, 3.35, 3.44, 3.87, 4.34, 4.62, 4.49, 2.96, 2.21, 2.73, 2.72, 3.02, 4.55, 7.32, 8.68, 7.81, 6.66, 6.37, 6.42, 6.21, 6.43, 7.264, 7.314, 6.82, 6.69, 6.06, 5.85, 5.93, 6.67, 7.76, 7.774, 6.87, 6.25, 5.91, 5.26, 5.79, 7.68, 7.77, 7.49, 7.21, 6.02, 7.03, 7.67, 7.33, 6.75, 6.6, 5.84, 3.59, 3.39, 4.5, 4.61, 3.95, 2.87, 2.71, 3.87, 2.87, 2.69, 4.93, 5.58, 5.97, 6.47], [5.44, 5.26, 4.87, 5.08, 4.37, 4.21, 4.44, 4.68, 4.61, 3.88, 3.15, 2.62, 2.97, 3.09, 3.47, 2.73, 2.35, 2.19, 2.31, 2.18, 1.31, 0, 0.86, 1.44, 1.91, 2.24, 2.28, 2.37, 2.86, 3.43, 3.75, 3.5, 1.87, 1.32, 1.92, 1.87, 2.03, 3.54, 6.25, 7.77, 6.9, 5.79, 5.46, 5.57, 5.48, 5.6, 6.38, 6.395, 5.89, 5.74, 5.01, 5.0, 5.08, 5.78, 6.872, 6.855, 5.98, 5.52, 4.98, 4.51, 4.92, 6.77, 6.86, 6.62, 6.42, 5.21, 6.06, 6.8, 6.42, 5.78, 5.81, 4.93, 2.64, 2.52, 3.85, 3.76, 3.08, 2.62, 2.38, 2.8, 1.98, 1.92, 4.02, 4.65, 5.0, 5.56], [5.32, 5.14, 4.81, 4.86, 4.15, 3.99, 4.14, 4.46, 4.41, 3.68, 2.89, 2.3, 2.69, 2.89, 3.27, 2.53, 1.95, 1.93, 2.17, 2.1, 1.53, 0.86, 0, 1.18, 1.83, 2.12, 2.1, 2.29, 2.62, 3.05, 3.35, 3.22, 1.93, 1.34, 1.74, 1.55, 1.89, 3.5, 6.27, 7.63, 6.76, 5.65, 5.32, 5.33, 5.18, 5.38, 6.211, 6.27, 5.77, 5.66, 4.91, 4.78, 4.88, 5.64, 6.732, 6.721, 5.84, 5.26, 4.84, 4.21, 4.74, 6.63, 6.72, 6.48, 6.2, 4.95, 5.82, 6.62, 6.22, 5.58, 5.53, 4.75, 2.48, 2.28, 3.55, 3.52, 3.08, 2.3, 2.12, 2.78, 2.08, 1.68, 3.84, 4.51, 4.9, 5.42], [4.54, 4.32, 4.17, 4.1, 3.75, 3.89, 3.72, 3.88, 4.03, 3.16, 2.21, 2.14, 2.55, 2.83, 3.09, 2.47, 2.55, 2.93, 3.19, 3.04, 2.25, 1.44, 1.18, 0, 0.99, 1.26, 1.46, 1.77, 2.0, 2.53, 2.85, 2.68, 1.29, 1.24, 1.6, 1.37, 1.25, 2.56, 5.31, 6.77, 5.9, 4.83, 4.46, 4.47, 4.28, 4.56, 5.36, 5.41, 4.91, 4.66, 3.97, 3.9, 4.12, 4.84, 5.924, 5.904, 5.04, 4.42, 3.98, 3.45, 3.88, 5.77, 5.86, 5.62, 5.376, 4.07, 4.94, 5.52, 5.12, 4.76, 4.49, 3.83, 1.76, 1.78, 2.67, 2.72, 2.56, 2.38, 2.08, 2.22, 1.92, 1.54, 3.0, 3.71, 4.1, 4.6], [4.35, 4.11, 3.72, 3.63, 3.4, 3.66, 3.45, 3.61, 3.66, 2.93, 2.08, 2.09, 2.6, 2.7, 2.94, 2.36, 2.96, 3.5, 3.8, 3.69, 2.86, 1.91, 1.83, 0.99, 0, 0.71, 1.11, 1.38, 1.57, 1.98, 2.44, 2.11, 0.96, 1.61, 1.83, 1.54, 1.02, 1.83, 4.66, 6.18, 5.23, 4.24, 3.83, 3.86, 3.67, 3.99, 4.77, 4.78, 4.32, 3.99, 3.3, 3.33, 3.55, 4.29, 5.325, 5.305, 4.43, 3.85, 3.45, 3.1, 3.29, 5.16, 5.29, 5.05, 4.79, 3.72, 4.45, 5.07, 4.75, 4.25, 4.18, 3.44, 1.67, 1.65, 2.24, 2.29, 2.31, 2.33, 1.91, 1.63, 1.61, 1.47, 2.39, 3.14, 3.45, 4.01], [4.3, 3.92, 3.65, 3.52, 3.41, 3.51, 3.38, 3.42, 3.65, 2.86, 1.97, 1.84, 2.49, 2.53, 2.81, 2.23, 3.23, 3.81, 4.09, 4.0, 3.21, 2.24, 2.12, 1.26, 0.71, 0, 0.78, 1.05, 1.36, 1.65, 2.21, 1.9, 1.17, 1.62, 1.92, 1.77, 0.97, 1.74, 4.57, 6.07, 5.12, 4.13, 3.7, 3.69, 3.5, 3.88, 4.642, 4.67, 4.19, 3.8, 2.91, 3.12, 3.36, 4.14, 5.192, 5.172, 4.319, 3.74, 3.34, 3.07, 3.2, 5.07, 5.18, 4.94, 4.662, 3.71, 4.18, 4.88, 4.5, 4.04, 3.97, 3.23, 1.64, 1.6, 2.17, 2.14, 2.26, 2.24, 1.84, 1.56, 1.62, 1.44, 2.3, 2.99, 3.34, 3.9], [4.22, 3.96, 3.73, 3.74, 3.37, 3.35, 3.18, 3.46, 3.55, 2.86, 1.89, 1.54, 2.21, 2.41, 2.43, 2.01, 3.27, 3.87, 4.17, 4.06, 3.35, 2.28, 2.1, 1.46, 1.11, 0.78, 0, 0.97, 1.34, 1.79, 2.33, 2.04, 1.41, 1.6, 1.9, 1.71, 1.11, 2.02, 4.79, 6.37, 5.42, 4.43, 4.0, 3.95, 3.84, 4.156, 4.919, 4.918, 4.41, 4.06, 3.05, 3.4, 3.66, 4.42, 5.489, 5.469, 4.596, 4.02, 3.56, 3.27, 3.44, 5.33, 5.46, 5.216, 4.939, 3.81, 4.28, 5.02, 4.54, 4.02, 4.13, 3.27, 1.5, 1.54, 2.43, 2.42, 2.36, 2.16, 1.84, 1.62, 1.7, 1.58, 2.6, 3.29, 3.62, 4.2], [4.07, 3.67, 3.5, 3.61, 3.18, 3.3, 3.07, 3.13, 3.38, 2.55, 1.7, 1.53, 2.12, 2.3, 2.34, 1.96, 3.34, 3.96, 4.26, 4.19, 3.44, 2.37, 2.29, 1.77, 1.38, 1.05, 0.97, 0, 0.99, 1.38, 1.84, 1.65, 1.26, 1.73, 2.05, 1.86, 1.14, 1.83, 4.68, 6.2, 5.25, 4.26, 3.83, 3.86, 3.75, 4.05, 4.772, 4.722, 4.26, 4.01, 3.04, 3.33, 3.53, 4.25, 5.322, 5.302, 4.449, 3.91, 3.43, 3.0, 3.29, 5.16, 5.29, 5.069, 4.85, 3.52, 4.29, 5.01, 4.59, 3.97, 4.06, 3.2, 1.91, 1.55, 2.24, 2.25, 2.05, 2.33, 1.91, 1.63, 1.63, 1.73, 2.45, 3.12, 3.45, 4.03], [3.32, 3.04, 2.97, 2.96, 2.81, 3.07, 2.82, 2.78, 2.69, 1.86, 1.11, 1.52, 2.17, 2.31, 2.29, 2.17, 3.53, 4.25, 4.51, 4.38, 3.87, 2.86, 2.62, 2.0, 1.57, 1.36, 1.34, 0.99, 0, 0.89, 1.23, 1.06, 1.47, 2.04, 2.24, 2.03, 1.19, 1.5, 4.23, 5.71, 4.76, 3.77, 3.34, 3.37, 3.14, 3.482, 4.265, 4.27, 3.77, 3.38, 2.53, 2.64, 3.0, 3.76, 4.835, 4.815, 3.942, 3.36, 2.96, 2.41, 2.8, 4.67, 4.8, 4.58, 4.285, 3.11, 3.58, 4.3, 3.92, 3.26, 3.33, 2.53, 1.94, 1.78, 1.75, 1.94, 2.04, 2.38, 2.12, 1.74, 1.94, 1.82, 1.94, 2.65, 2.98, 3.54], [3.55, 3.21, 3.24, 3.13, 2.98, 3.16, 2.99, 3.01, 2.72, 2.09, 1.5, 1.89, 2.46, 2.36, 2.58, 2.6, 3.9, 4.56, 4.84, 4.69, 4.34, 3.43, 3.05, 2.53, 1.98, 1.65, 1.79, 1.38, 0.89, 0, 0.7, 0.79, 2.02, 2.61, 2.71, 2.42, 1.78, 1.33, 3.94, 5.38, 4.43, 3.46, 3.15, 3.12, 2.83, 3.17, 3.99, 3.98, 3.42, 3.15, 2.24, 2.31, 2.67, 3.43, 4.499, 4.52, 3.63, 3.07, 2.81, 2.48, 2.47, 4.34, 4.47, 4.25, 3.99, 2.88, 3.29, 4.07, 3.69, 3.01, 3.08, 2.28, 2.55, 2.19, 1.76, 1.95, 2.27, 2.63, 2.39, 1.97, 2.13, 2.15, 1.95, 2.5, 2.69, 3.27], [3.41, 3.15, 3.24, 3.09, 2.88, 3.24, 2.97, 2.99, 2.56, 1.89, 1.52, 2.11, 2.7, 2.72, 2.88, 2.94, 4.1, 4.86, 5.14, 4.93, 4.62, 3.75, 3.35, 2.85, 2.44, 2.21, 2.33, 1.84, 1.23, 0.7, 0, 1.05, 2.38, 2.99, 3.01, 2.68, 2.16, 1.53, 3.6, 4.96, 4.01, 3.26, 3.11, 3.06, 2.75, 2.93, 3.75, 3.68, 3.18, 2.91, 2.16, 2.07, 2.37, 3.05, 4.16, 4.28, 3.27, 2.95, 2.73, 2.3, 2.17, 3.92, 4.05, 3.89, 3.57, 2.48, 2.91, 3.65, 3.27, 2.57, 2.6, 2.0, 2.77, 2.39, 1.82, 2.19, 2.41, 2.85, 2.65, 2.37, 2.37, 2.49, 1.99, 2.42, 2.65, 3.19], [3.76, 3.3, 3.17, 3.22, 3.11, 3.37, 3.18, 3.14, 2.91, 2.18, 1.77, 2.12, 2.73, 2.71, 2.87, 2.73, 4.07, 4.53, 4.85, 4.84, 4.49, 3.5, 3.22, 2.68, 2.11, 1.9, 2.04, 1.65, 1.06, 0.79, 1.05, 0, 2.07, 2.78, 2.92, 2.67, 1.95, 1.44, 3.75, 5.07, 4.1, 3.11, 2.78, 2.77, 2.54, 2.92, 3.64, 3.61, 3.27, 2.96, 2.25, 2.2, 2.44, 3.18, 4.249, 4.189, 3.36, 2.88, 2.78, 2.55, 2.48, 4.11, 4.14, 4.08, 3.72, 2.91, 3.38, 4.02, 3.62, 2.96, 3.09, 2.29, 2.74, 2.4, 1.77, 1.84, 2.28, 2.72, 2.6, 2.1, 2.26, 2.22, 1.78, 2.17, 2.46, 3.08], [4.07, 3.93, 3.76, 3.55, 3.44, 3.68, 3.51, 3.63, 3.48, 2.69, 1.94, 1.97, 2.48, 2.68, 2.78, 2.32, 3.04, 3.54, 3.88, 3.79, 2.96, 1.87, 1.93, 1.29, 0.96, 1.17, 1.41, 1.26, 1.47, 2.02, 2.38, 2.07, 0, 1.33, 1.63, 1.5, 0.98, 1.89, 4.64, 6.22, 5.27, 4.3, 3.85, 3.94, 3.87, 4.15, 4.83, 4.78, 4.3, 4.19, 3.34, 3.55, 3.59, 4.27, 5.359, 5.319, 4.49, 4.03, 3.49, 3.12, 3.41, 5.18, 5.31, 5.11, 4.91, 3.68, 4.49, 5.17, 4.79, 4.31, 4.26, 3.5, 1.97, 1.75, 2.4, 2.33, 2.21, 2.37, 1.83, 1.87, 1.65, 1.65, 2.49, 3.14, 3.47, 4.05], [4.62, 4.34, 4.23, 4.48, 3.73, 3.49, 3.5, 4.0, 3.91, 3.2, 2.37, 1.74, 2.19, 2.41, 2.49, 2.01, 2.29, 2.75, 2.97, 2.88, 2.21, 1.32, 1.34, 1.24, 1.61, 1.62, 1.6, 1.73, 2.04, 2.61, 2.99, 2.78, 1.33, 0, 1.06, 1.23, 1.43, 3.1, 5.97, 7.53, 6.58, 5.59, 5.16, 5.11, 4.96, 5.29, 6.093, 6.069, 5.57, 5.12, 4.27, 4.48, 4.82, 5.58, 6.643, 6.623, 5.75, 5.167, 4.74, 4.09, 4.596, 6.49, 6.62, 6.35, 6.093, 4.77, 5.38, 5.94, 5.5, 4.92, 5.07, 4.13, 2.02, 2.12, 3.43, 3.44, 2.86, 2.26, 1.88, 2.52, 1.92, 1.52, 3.74, 4.45, 4.78, 5.36], [4.24, 4.34, 4.45, 4.8, 4.05, 3.41, 3.32, 4.2, 3.91, 3.18, 2.39, 1.64, 1.95, 2.43, 2.39, 2.01, 2.19, 2.95, 3.25, 3.1, 2.73, 1.92, 1.74, 1.6, 1.83, 1.92, 1.9, 2.05, 2.24, 2.71, 3.01, 2.92, 1.63, 1.06, 0, 0.77, 1.65, 3.42, 6.23, 7.81, 6.86, 5.87, 5.44, 5.41, 5.24, 5.599, 6.385, 6.355, 5.85, 5.48, 4.65, 4.74, 5.1, 5.86, 6.932, 6.932, 6.039, 5.456, 4.996, 4.35, 4.88, 6.77, 6.9, 6.639, 6.382, 4.975, 5.58, 6.06, 5.58, 5.105, 5.15, 4.11, 2.14, 2.44, 3.69, 3.72, 3.18, 2.44, 2.14, 2.98, 2.22, 1.76, 4.02, 4.73, 5.08, 5.64], [4.09, 4.19, 4.28, 4.49, 3.7, 3.1, 3.05, 3.87, 3.8, 2.91, 2.12, 1.35, 1.7, 2.24, 2.42, 1.9, 2.1, 2.94, 3.26, 3.05, 2.72, 1.87, 1.55, 1.37, 1.54, 1.77, 1.71, 1.86, 2.03, 2.42, 2.68, 2.67, 1.5, 1.23, 0.77, 0, 1.38, 3.09, 5.82, 7.38, 6.49, 5.44, 5.05, 5.06, 4.87, 5.17, 5.958, 5.988, 5.46, 5.17, 4.38, 4.35, 4.67, 5.43, 6.513, 6.508, 5.621, 5.03, 4.57, 3.92, 4.45, 6.36, 6.47, 6.221, 5.963, 4.56, 5.25, 5.69, 5.25, 4.827, 4.74, 3.74, 1.77, 1.95, 3.26, 3.29, 2.87, 2.15, 1.87, 2.49, 1.97, 1.49, 3.59, 4.3, 4.67, 5.21], [3.61, 3.55, 3.36, 3.31, 2.9, 3.04, 2.93, 3.11, 3.04, 2.29, 1.52, 1.43, 1.94, 2.24, 2.28, 1.88, 3.02, 3.56, 3.84, 3.73, 3.02, 2.03, 1.89, 1.25, 1.02, 0.97, 1.11, 1.14, 1.19, 1.78, 2.16, 1.95, 0.98, 1.43, 1.65, 1.38, 0, 1.93, 4.74, 6.2, 5.37, 4.26, 3.89, 3.92, 3.71, 3.97, 4.775, 4.9, 4.4, 3.99, 3.24, 3.17, 3.47, 4.23, 5.319, 5.305, 4.426, 3.83, 3.37, 2.78, 3.31, 5.24, 5.33, 5.03, 4.769, 3.46, 4.23, 4.87, 4.45, 3.85, 3.92, 3.04, 1.37, 1.29, 2.1, 2.13, 1.93, 1.97, 1.47, 1.71, 1.41, 1.13, 2.39, 3.1, 3.45, 4.01], [3.84, 3.46, 3.49, 3.1, 3.27, 3.81, 3.58, 3.3, 3.07, 2.38, 1.81, 2.5, 2.97, 3.01, 3.17, 3.37, 4.65, 5.21, 5.55, 5.44, 4.55, 3.54, 3.5, 2.56, 1.83, 1.74, 2.02, 1.83, 1.5, 1.33, 1.53, 1.44, 1.89, 3.1, 3.42, 3.09, 1.93, 0, 3.01, 4.45, 3.54, 2.55, 2.28, 2.33, 2.22, 2.38, 3.1, 3.15, 2.79, 2.58, 1.93, 1.96, 2.0, 2.62, 3.65, 3.63, 2.76, 2.34, 2.02, 2.41, 1.74, 3.45, 3.58, 3.32, 3.14, 2.47, 3.1, 3.6, 3.3, 3.04, 2.77, 2.21, 2.52, 2.0, 1.41, 1.76, 2.24, 2.98, 2.54, 1.74, 2.14, 2.66, 1.32, 1.59, 1.86, 2.38], [4.29, 4.07, 4.08, 3.67, 4.02, 4.64, 4.39, 3.91, 3.5, 3.47, 4.06, 5.05, 5.48, 5.56, 5.7, 6.04, 7.5, 7.92, 8.24, 8.15, 7.32, 6.25, 6.27, 5.31, 4.66, 4.57, 4.79, 4.68, 4.23, 3.94, 3.6, 3.75, 4.64, 5.97, 6.23, 5.82, 4.74, 3.01, 0, 1.7, 1.41, 2.0, 2.43, 2.46, 2.11, 2.17, 2.75, 2.84, 2.46, 2.21, 2.44, 2.29, 2.11, 2.21, 2.88, 2.74, 2.59, 2.47, 2.33, 3.02, 2.11, 1.36, 1.13, 1.27, 1.87, 2.56, 3.01, 2.83, 2.73, 3.01, 2.64, 3.02, 4.63, 4.25, 3.22, 3.53, 4.11, 5.29, 5.09, 4.05, 4.65, 5.35, 2.99, 2.66, 2.63, 2.33], [5.13, 4.97, 4.72, 4.13, 4.62, 5.74, 5.39, 4.53, 4.14, 4.73, 5.52, 6.61, 6.98, 7.02, 7.24, 7.54, 8.78, 9.14, 9.46, 9.41, 8.68, 7.77, 7.63, 6.77, 6.18, 6.07, 6.37, 6.2, 5.71, 5.38, 4.96, 5.07, 6.22, 7.53, 7.81, 7.38, 6.2, 4.45, 1.7, 0, 1.55, 2.46, 2.97, 3.04, 2.79, 2.83, 2.71, 2.62, 2.64, 2.65, 3.4, 3.17, 2.89, 2.33, 2.54, 2.52, 2.87, 3.03, 3.09, 3.82, 3.05, 1.52, 1.19, 1.45, 2.09, 3.4, 3.15, 2.79, 3.19, 3.71, 3.46, 4.16, 5.91, 5.61, 4.36, 4.49, 5.07, 6.35, 6.37, 5.25, 5.99, 6.69, 3.99, 3.38, 3.27, 2.81], [4.36, 4.16, 3.99, 3.44, 3.89, 4.87, 4.5, 3.96, 3.61, 3.88, 4.61, 5.7, 6.07, 6.11, 6.33, 6.63, 7.85, 8.19, 8.51, 8.52, 7.81, 6.9, 6.76, 5.9, 5.23, 5.12, 5.42, 5.25, 4.76, 4.43, 4.01, 4.1, 5.27, 6.58, 6.86, 6.49, 5.37, 3.54, 1.41, 1.55, 0, 1.35, 1.7, 1.75, 1.84, 1.86, 2.06, 2.01, 2.13, 2.24, 2.79, 2.44, 2.12, 1.8, 1.81, 1.75, 1.94, 2.26, 2.3, 2.95, 2.2, 1.05, 1.12, 1.32, 1.46, 2.53, 2.7, 2.64, 2.56, 2.9, 2.53, 3.33, 5.1, 4.74, 3.41, 3.54, 4.16, 5.42, 5.48, 4.3, 5.12, 5.82, 3.08, 2.47, 2.28, 2.0], [3.57, 3.39, 3.22, 2.77, 3.16, 3.96, 3.65, 3.19, 3.0, 3.05, 3.6, 4.67, 5.04, 5.08, 5.3, 5.6, 6.8, 7.08, 7.4, 7.39, 6.66, 5.79, 5.65, 4.83, 4.24, 4.13, 4.43, 4.26, 3.77, 3.46, 3.26, 3.11, 4.3, 5.59, 5.87, 5.44, 4.26, 2.55, 2.0, 2.46, 1.35, 0, 0.95, 1.12, 1.29, 1.07, 1.57, 1.8, 1.86, 1.97, 2.28, 1.91, 1.49, 1.65, 1.76, 1.58, 1.29, 1.39, 1.57, 1.96, 1.55, 1.6, 1.87, 1.73, 1.43, 2.08, 2.81, 2.87, 2.77, 2.77, 2.26, 2.32, 3.93, 3.63, 2.26, 2.37, 2.99, 4.39, 4.43, 3.29, 4.03, 4.73, 1.97, 1.38, 1.21, 1.23], [3.2, 2.86, 2.69, 2.34, 2.63, 3.43, 3.12, 2.74, 2.69, 2.66, 3.23, 4.26, 4.63, 4.67, 4.89, 5.19, 6.41, 6.73, 7.07, 7.1, 6.37, 5.46, 5.32, 4.46, 3.83, 3.7, 4.0, 3.83, 3.34, 3.15, 3.11, 2.78, 3.85, 5.16, 5.44, 5.05, 3.89, 2.28, 2.43, 2.97, 1.7, 0.95, 0, 0.73, 1.02, 1.08, 1.52, 1.55, 1.63, 1.9, 2.13, 1.98, 1.58, 1.6, 1.81, 1.65, 1.26, 1.22, 1.22, 1.77, 1.38, 1.99, 2.26, 2.1, 1.72, 1.93, 2.52, 2.62, 2.52, 2.6, 2.13, 2.27, 3.56, 3.3, 1.99, 2.04, 2.68, 3.98, 4.02, 2.82, 3.68, 4.38, 1.66, 1.23, 1.36, 1.56], [3.15, 2.77, 2.66, 2.21, 2.52, 3.34, 3.05, 2.59, 2.56, 2.47, 3.22, 4.27, 4.64, 4.68, 4.9, 5.2, 6.42, 6.76, 7.08, 7.09, 6.42, 5.57, 5.33, 4.47, 3.86, 3.69, 3.95, 3.86, 3.37, 3.12, 3.06, 2.77, 3.94, 5.11, 5.41, 5.06, 3.92, 2.33, 2.46, 3.04, 1.75, 1.12, 0.73, 0, 0.79, 0.83, 1.57, 1.68, 1.76, 1.65, 1.86, 1.59, 1.39, 1.69, 1.72, 1.8, 1.33, 1.17, 1.29, 1.62, 1.35, 1.98, 2.27, 1.99, 1.45, 1.76, 2.29, 2.45, 2.29, 2.25, 1.88, 2.14, 3.57, 3.39, 1.98, 2.07, 2.81, 3.99, 4.05, 2.99, 3.79, 4.39, 1.73, 1.48, 1.51, 1.61], [3.12, 2.82, 2.77, 2.28, 2.57, 3.43, 3.14, 2.68, 2.43, 2.3, 2.99, 4.08, 4.45, 4.49, 4.71, 5.01, 6.25, 6.67, 6.95, 6.9, 6.21, 5.48, 5.18, 4.28, 3.67, 3.5, 3.84, 3.75, 3.14, 2.83, 2.75, 2.54, 3.87, 4.96, 5.24, 4.87, 3.71, 2.22, 2.11, 2.79, 1.84, 1.29, 1.02, 0.79, 0, 0.82, 1.56, 1.75, 1.49, 1.38, 1.57, 1.38, 1.14, 1.44, 1.95, 1.85, 1.46, 1.12, 1.38, 1.69, 1.24, 1.87, 2.0, 1.7, 1.38, 1.63, 2.26, 2.2, 2.14, 2.2, 1.81, 2.07, 3.5, 3.22, 1.83, 2.08, 2.74, 3.9, 3.92, 2.96, 3.68, 4.2, 1.78, 1.45, 1.68, 1.84], [3.14, 2.94, 2.85, 2.4, 2.67, 3.69, 3.4, 2.72, 2.55, 2.5, 3.31, 4.388, 4.77, 4.81, 5.03, 5.318, 6.53, 6.83, 7.15, 7.16, 6.43, 5.6, 5.38, 4.56, 3.99, 3.88, 4.156, 4.05, 3.482, 3.17, 2.93, 2.92, 4.15, 5.29, 5.599, 5.17, 3.97, 2.38, 2.17, 2.83, 1.86, 1.07, 1.08, 0.83, 0.82, 0, 1.34, 1.59, 1.37, 1.44, 1.63, 1.4, 1.04, 1.4, 1.61, 1.63, 1.28, 1.1, 1.32, 1.73, 1.32, 1.71, 2.04, 1.66, 1.16, 1.57, 2.12, 2.14, 2.12, 2.1, 1.75, 2.09, 3.74, 3.46, 2.01, 2.2, 2.94, 4.16, 4.2, 3.22, 3.82, 4.48, 1.92, 1.53, 1.66, 1.74], [2.86, 2.7, 2.45, 1.96, 2.61, 4.01, 3.64, 2.58, 2.69, 3.3, 4.089, 5.171, 5.558, 5.581, 5.801, 6.109, 7.33, 7.67, 7.97, 7.98, 7.264, 6.38, 6.211, 5.36, 4.77, 4.642, 4.919, 4.772, 4.265, 3.99, 3.75, 3.64, 4.83, 6.093, 6.385, 5.958, 4.775, 3.1, 2.75, 2.71, 2.06, 1.57, 1.52, 1.57, 1.56, 1.34, 0, 0.75, 1.13, 1.76, 2.35, 2.24, 1.8, 1.78, 1.37, 1.07, 1.08, 1.3, 1.64, 2.19, 1.7, 1.95, 2.3, 1.86, 1.46, 1.99, 2.18, 2.14, 2.38, 2.48, 2.17, 2.65, 4.46, 4.2, 2.91, 3.0, 3.62, 4.88, 4.96, 3.78, 4.6, 5.28, 2.68, 2.11, 2.08, 2.16], [3.11, 2.95, 2.7, 2.17, 2.84, 4.2, 3.83, 2.79, 2.8, 3.37, 4.12, 5.183, 5.568, 5.596, 5.816, 6.119, 7.356, 7.7, 8.04, 8.027, 7.314, 6.395, 6.27, 5.41, 4.78, 4.67, 4.918, 4.722, 4.27, 3.98, 3.68, 3.61, 4.78, 6.069, 6.355, 5.988, 4.9, 3.15, 2.84, 2.62, 2.01, 1.8, 1.55, 1.68, 1.75, 1.59, 0.75, 0, 1.06, 1.73, 2.26, 2.31, 1.89, 1.67, 1.48, 1.26, 1.23, 1.55, 1.71, 2.34, 1.75, 1.98, 2.33, 2.03, 1.63, 2.1, 2.13, 2.11, 2.33, 2.55, 2.26, 2.84, 4.57, 4.29, 2.98, 3.05, 3.63, 4.91, 4.97, 3.79, 4.63, 5.33, 2.87, 2.3, 2.21, 2.33], [3.05, 2.87, 2.74, 2.13, 2.56, 3.8, 3.45, 2.47, 2.34, 2.91, 3.62, 4.67, 5.04, 5.1, 5.293, 5.6, 7.0, 7.46, 7.78, 7.65, 6.82, 5.89, 5.77, 4.91, 4.32, 4.19, 4.41, 4.26, 3.77, 3.42, 3.18, 3.27, 4.3, 5.57, 5.85, 5.46, 4.4, 2.79, 2.46, 2.64, 2.13, 1.86, 1.63, 1.76, 1.49, 1.37, 1.13, 1.06, 0, 1.17, 1.72, 1.89, 1.61, 1.61, 1.7, 1.68, 1.39, 1.39, 1.43, 2.06, 1.37, 1.8, 2.25, 1.73, 1.49, 1.72, 1.73, 1.61, 1.81, 2.13, 1.86, 2.36, 4.13, 3.77, 2.88, 2.97, 3.49, 4.65, 4.53, 3.49, 4.19, 4.93, 2.83, 2.28, 2.53, 2.55], [2.86, 2.62, 2.55, 2.2, 2.57, 3.35, 3.06, 2.36, 1.95, 2.58, 3.35, 4.24, 4.79, 4.77, 4.83, 5.21, 6.77, 7.29, 7.59, 7.5, 6.69, 5.74, 5.66, 4.66, 3.99, 3.8, 4.06, 4.01, 3.38, 3.15, 2.91, 2.96, 4.19, 5.12, 5.48, 5.17, 3.99, 2.58, 2.21, 2.65, 2.24, 1.97, 1.9, 1.65, 1.38, 1.44, 1.76, 1.73, 1.17, 0, 1.15, 1.32, 1.5, 1.34, 1.75, 2.11, 1.62, 1.36, 1.46, 1.85, 1.24, 1.73, 2.06, 1.64, 1.38, 1.53, 1.54, 1.46, 1.62, 1.76, 1.61, 1.87, 3.64, 3.66, 2.55, 2.86, 3.48, 4.58, 4.4, 3.3, 4.08, 4.56, 2.5, 2.11, 2.22, 2.3], [2.97, 2.67, 2.8, 2.29, 2.66, 3.24, 2.97, 2.55, 2.04, 1.89, 2.58, 3.41, 4.0, 4.0, 4.0, 4.44, 6.04, 6.56, 6.9, 6.81, 6.06, 5.01, 4.91, 3.97, 3.3, 2.91, 3.05, 3.04, 2.53, 2.24, 2.16, 2.25, 3.34, 4.27, 4.65, 4.38, 3.24, 1.93, 2.44, 3.4, 2.79, 2.28, 2.13, 1.86, 1.57, 1.63, 2.35, 2.26, 1.72, 1.15, 0, 0.97, 1.17, 1.65, 2.56, 2.64, 2.11, 1.89, 1.57, 1.82, 1.33, 2.46, 2.67, 2.43, 2.09, 1.6, 1.75, 2.17, 1.87, 1.79, 1.76, 1.68, 3.05, 3.01, 2.1, 2.13, 2.81, 3.85, 3.63, 2.71, 3.39, 3.85, 2.11, 1.92, 2.09, 2.35], [3.1, 2.88, 2.81, 2.42, 2.69, 3.47, 3.2, 2.7, 2.25, 1.98, 2.53, 3.52, 4.07, 4.03, 4.23, 4.45, 5.75, 6.21, 6.49, 6.48, 5.85, 5.0, 4.78, 3.9, 3.33, 3.12, 3.4, 3.33, 2.64, 2.31, 2.07, 2.2, 3.55, 4.48, 4.74, 4.35, 3.17, 1.96, 2.29, 3.17, 2.44, 1.91, 1.98, 1.59, 1.38, 1.4, 2.24, 2.31, 1.89, 1.32, 0.97, 0, 0.8, 1.4, 2.27, 2.51, 1.88, 1.72, 1.58, 1.73, 1.28, 2.35, 2.4, 2.22, 1.78, 1.53, 1.98, 2.24, 2.02, 1.84, 1.67, 1.61, 3.26, 3.02, 1.83, 2.02, 2.78, 3.74, 3.62, 2.9, 3.34, 3.66, 1.86, 1.71, 1.88, 2.0], [3.28, 3.14, 2.99, 2.48, 2.85, 3.73, 3.46, 2.88, 2.45, 2.14, 2.81, 3.92, 4.29, 4.33, 4.53, 4.83, 6.05, 6.41, 6.73, 6.64, 5.93, 5.08, 4.88, 4.12, 3.55, 3.36, 3.66, 3.53, 3.0, 2.67, 2.37, 2.44, 3.59, 4.82, 5.1, 4.67, 3.47, 2.0, 2.11, 2.89, 2.12, 1.49, 1.58, 1.39, 1.14, 1.04, 1.8, 1.89, 1.61, 1.5, 1.17, 0.8, 0, 1.0, 1.97, 2.03, 1.46, 1.46, 1.36, 1.69, 1.2, 2.09, 2.14, 1.94, 1.5, 1.43, 2.16, 2.38, 2.18, 2.04, 1.73, 1.91, 3.36, 2.96, 1.77, 1.86, 2.44, 3.7, 3.68, 2.82, 3.3, 3.98, 1.66, 1.29, 1.58, 1.68], [3.42, 3.3, 3.09, 2.52, 2.97, 3.99, 3.66, 2.98, 2.51, 2.74, 3.57, 4.66, 5.03, 5.07, 5.29, 5.59, 6.83, 7.17, 7.47, 7.34, 6.67, 5.78, 5.64, 4.84, 4.29, 4.14, 4.42, 4.25, 3.76, 3.43, 3.05, 3.18, 4.27, 5.58, 5.86, 5.43, 4.23, 2.62, 2.21, 2.33, 1.8, 1.65, 1.6, 1.69, 1.44, 1.4, 1.78, 1.67, 1.61, 1.34, 1.65, 1.4, 1.0, 0, 1.37, 1.75, 1.38, 1.46, 1.46, 1.95, 1.32, 1.79, 1.72, 1.6, 1.26, 1.49, 1.76, 1.98, 1.9, 1.98, 1.69, 2.19, 3.92, 3.64, 2.43, 2.46, 3.02, 4.38, 4.42, 3.3, 4.02, 4.72, 2.12, 1.65, 1.88, 1.92], [3.21, 3.19, 2.92, 2.51, 3.1, 4.453, 4.061, 3.09, 3.2, 3.818, 4.651, 5.741, 6.111, 6.151, 6.371, 6.671, 7.9, 8.2, 8.5, 8.45, 7.76, 6.872, 6.732, 5.924, 5.325, 5.192, 5.489, 5.322, 4.835, 4.499, 4.16, 4.249, 5.359, 6.643, 6.932, 6.513, 5.319, 3.65, 2.88, 2.54, 1.81, 1.76, 1.81, 1.72, 1.95, 1.61, 1.37, 1.48, 1.7, 1.75, 2.56, 2.27, 1.97, 1.37, 0, 0.9, 1.09, 1.57, 1.99, 2.64, 2.13, 1.92, 2.25, 1.93, 1.35, 2.06, 1.95, 1.95, 2.09, 2.39, 2.18, 2.92, 4.955, 4.73, 3.34, 3.41, 4.05, 5.45, 5.501, 4.31, 5.129, 5.809, 2.99, 2.26, 2.29, 2.05], [3.13, 3.03, 2.84, 2.49, 3.12, 4.453, 4.07, 3.15, 3.32, 3.83, 4.631, 5.721, 6.108, 6.131, 6.351, 6.651, 7.88, 8.18, 8.48, 8.49, 7.774, 6.855, 6.721, 5.904, 5.305, 5.172, 5.469, 5.302, 4.815, 4.52, 4.28, 4.189, 5.319, 6.623, 6.932, 6.508, 5.305, 3.63, 2.74, 2.52, 1.75, 1.58, 1.65, 1.8, 1.85, 1.63, 1.07, 1.26, 1.68, 2.11, 2.64, 2.51, 2.03, 1.75, 0.9, 0, 1.09, 1.63, 1.99, 2.68, 2.21, 1.8, 2.19, 1.93, 1.53, 2.22, 2.37, 2.21, 2.27, 2.59, 2.38, 3.0, 4.958, 4.698, 3.36, 3.47, 4.09, 5.43, 5.498, 4.29, 5.089, 5.789, 2.95, 2.34, 2.07, 1.83], [2.66, 2.58, 2.37, 1.9, 2.57, 3.61, 3.28, 2.36, 2.57, 2.98, 3.77, 4.86, 5.218, 5.258, 5.478, 5.778, 6.99, 7.29, 7.59, 7.6, 6.87, 5.98, 5.84, 5.04, 4.43, 4.319, 4.596, 4.449, 3.942, 3.63, 3.27, 3.36, 4.49, 5.75, 6.039, 5.621, 4.426, 2.76, 2.59, 2.87, 1.94, 1.29, 1.26, 1.33, 1.46, 1.28, 1.08, 1.23, 1.39, 1.62, 2.11, 1.88, 1.46, 1.38, 1.09, 1.09, 0, 0.92, 1.2, 1.79, 1.28, 1.95, 2.3, 1.96, 1.42, 1.51, 1.96, 2.14, 2.1, 2.2, 1.83, 2.17, 4.06, 3.82, 2.53, 2.56, 3.2, 4.58, 4.62, 3.42, 4.216, 4.92, 2.2, 1.65, 1.54, 1.62], [2.26, 2.12, 2.01, 1.62, 1.97, 3.05, 2.68, 1.94, 2.07, 2.44, 3.17, 4.26, 4.63, 4.67, 4.89, 5.19, 6.47, 6.91, 7.17, 7.02, 6.25, 5.52, 5.26, 4.42, 3.85, 3.74, 4.02, 3.91, 3.36, 3.07, 2.95, 2.88, 4.03, 5.167, 5.456, 5.03, 3.83, 2.34, 2.47, 3.03, 2.26, 1.39, 1.22, 1.17, 1.12, 1.1, 1.3, 1.55, 1.39, 1.36, 1.89, 1.72, 1.46, 1.46, 1.57, 1.63, 0.92, 0, 0.82, 1.25, 1.06, 1.93, 2.4, 1.84, 1.36, 1.37, 1.78, 1.98, 1.94, 2.02, 1.63, 1.79, 3.46, 3.26, 2.05, 2.28, 2.88, 4.14, 4.1, 3.08, 3.74, 4.38, 1.92, 1.57, 1.66, 1.7], [2.28, 2.12, 2.17, 1.68, 2.07, 2.85, 2.54, 1.94, 1.81, 1.96, 2.75, 3.8, 4.17, 4.31, 4.43, 4.75, 6.15, 6.59, 6.89, 6.74, 5.91, 4.98, 4.84, 3.98, 3.45, 3.34, 3.56, 3.43, 2.96, 2.81, 2.73, 2.78, 3.49, 4.74, 4.996, 4.57, 3.37, 2.02, 2.33, 3.09, 2.3, 1.57, 1.22, 1.29, 1.38, 1.32, 1.64, 1.71, 1.43, 1.46, 1.57, 1.58, 1.36, 1.46, 1.99, 1.99, 1.2, 0.82, 0, 1.07, 0.82, 2.07, 2.44, 1.96, 1.74, 1.11, 1.78, 2.14, 1.98, 1.96, 1.53, 1.69, 3.0, 2.78, 1.79, 1.96, 2.52, 3.84, 3.7, 2.6, 3.3, 4.06, 1.74, 1.43, 1.74, 1.78], [1.93, 1.85, 1.72, 1.33, 1.6, 2.3, 1.99, 1.55, 1.44, 1.39, 2.12, 3.15, 3.52, 3.62, 3.8, 4.08, 5.38, 5.86, 6.12, 5.93, 5.26, 4.51, 4.21, 3.45, 3.1, 3.07, 3.27, 3.0, 2.41, 2.48, 2.3, 2.55, 3.12, 4.09, 4.35, 3.92, 2.78, 2.41, 3.02, 3.82, 2.95, 1.96, 1.77, 1.62, 1.69, 1.73, 2.19, 2.34, 2.06, 1.85, 1.82, 1.73, 1.69, 1.95, 2.64, 2.68, 1.79, 1.25, 1.07, 0, 1.11, 2.7, 3.09, 2.61, 2.19, 1.34, 2.05, 2.71, 2.37, 1.95, 1.68, 1.62, 2.37, 2.31, 1.6, 1.69, 1.95, 3.11, 3.07, 2.29, 2.87, 3.37, 1.97, 1.9, 2.05, 2.19], [2.78, 2.54, 2.57, 2.06, 2.39, 3.11, 2.84, 2.38, 1.99, 2.04, 2.59, 3.68, 4.05, 4.13, 4.31, 4.61, 5.97, 6.47, 6.77, 6.62, 5.79, 4.92, 4.74, 3.88, 3.29, 3.2, 3.44, 3.29, 2.8, 2.47, 2.17, 2.48, 3.41, 4.596, 4.88, 4.45, 3.31, 1.74, 2.11, 3.05, 2.2, 1.55, 1.38, 1.35, 1.24, 1.32, 1.7, 1.75, 1.37, 1.24, 1.33, 1.28, 1.2, 1.32, 2.13, 2.21, 1.28, 1.06, 0.82, 1.11, 0, 1.97, 2.24, 1.82, 1.64, 1.01, 1.72, 2.22, 1.98, 1.78, 1.33, 1.37, 2.98, 2.74, 1.71, 1.88, 2.46, 3.66, 3.54, 2.5, 3.22, 3.92, 1.7, 1.49, 1.58, 1.8], [4.01, 3.77, 3.72, 3.17, 3.52, 4.48, 4.13, 3.59, 3.28, 3.71, 4.48, 5.57, 5.94, 5.98, 6.2, 6.5, 7.76, 8.18, 8.52, 8.43, 7.68, 6.77, 6.63, 5.77, 5.16, 5.07, 5.33, 5.16, 4.67, 4.34, 3.92, 4.11, 5.18, 6.49, 6.77, 6.36, 5.24, 3.45, 1.36, 1.52, 1.05, 1.6, 1.99, 1.98, 1.87, 1.71, 1.95, 1.98, 1.8, 1.73, 2.46, 2.35, 2.09, 1.79, 1.92, 1.8, 1.95, 1.93, 2.07, 2.7, 1.97, 0, 0.75, 1.01, 1.09, 2.26, 2.33, 2.27, 2.23, 2.53, 2.22, 3.0, 4.91, 4.63, 3.36, 3.57, 4.11, 5.39, 5.35, 4.21, 4.99, 5.75, 3.17, 2.6, 2.37, 2.07], [4.5, 4.28, 4.15, 3.66, 4.01, 4.91, 4.66, 4.02, 3.59, 3.84, 4.61, 5.72, 6.07, 6.11, 6.33, 6.63, 7.85, 8.21, 8.51, 8.5, 7.77, 6.86, 6.72, 5.86, 5.29, 5.18, 5.46, 5.29, 4.8, 4.47, 4.05, 4.14, 5.31, 6.62, 6.9, 6.47, 5.33, 3.58, 1.13, 1.19, 1.12, 1.87, 2.26, 2.27, 2.0, 2.04, 2.3, 2.33, 2.25, 2.06, 2.67, 2.4, 2.14, 1.72, 2.25, 2.19, 2.3, 2.4, 2.44, 3.09, 2.24, 0.75, 0, 1.0, 1.44, 2.61, 2.76, 2.6, 2.68, 2.96, 2.71, 3.39, 5.06, 4.72, 3.49, 3.6, 4.22, 5.48, 5.48, 4.36, 5.08, 5.78, 3.12, 2.53, 2.48, 2.18], [3.96, 3.82, 3.71, 3.16, 3.57, 4.55, 4.24, 3.44, 3.07, 3.6, 4.37, 5.448, 5.818, 5.87, 6.078, 6.41, 7.75, 8.15, 8.43, 8.26, 7.49, 6.62, 6.48, 5.62, 5.05, 4.94, 5.216, 5.069, 4.58, 4.25, 3.89, 4.08, 5.11, 6.35, 6.639, 6.221, 5.03, 3.32, 1.27, 1.45, 1.32, 1.73, 2.1, 1.99, 1.7, 1.66, 1.86, 2.03, 1.73, 1.64, 2.43, 2.22, 1.94, 1.6, 1.93, 1.93, 1.96, 1.84, 1.96, 2.61, 1.82, 1.01, 1.0, 0, 1.1, 2.15, 2.3, 2.04, 2.2, 2.54, 2.25, 2.97, 4.66, 4.44, 3.23, 3.46, 4.02, 5.36, 5.32, 4.14, 4.92, 5.6, 3.06, 2.57, 2.5, 2.32], [3.54, 3.4, 3.21, 2.7, 3.13, 4.11, 3.82, 3.06, 2.89, 3.308, 4.101, 5.191, 5.561, 5.601, 5.821, 6.121, 7.39, 7.75, 8.05, 7.9, 7.21, 6.42, 6.2, 5.376, 4.79, 4.662, 4.939, 4.85, 4.285, 3.99, 3.57, 3.72, 4.91, 6.093, 6.382, 5.963, 4.769, 3.14, 1.87, 2.09, 1.46, 1.43, 1.72, 1.45, 1.38, 1.16, 1.46, 1.63, 1.49, 1.38, 2.09, 1.78, 1.5, 1.26, 1.35, 1.53, 1.42, 1.36, 1.74, 2.19, 1.64, 1.09, 1.44, 1.1, 0, 1.67, 1.94, 1.84, 1.78, 2.1, 1.75, 2.51, 4.42, 4.2, 2.85, 3.02, 3.64, 4.92, 4.98, 3.88, 4.62, 5.3, 2.6, 2.11, 2.16, 1.92], [2.37, 2.23, 2.34, 1.95, 2.28, 2.94, 2.61, 2.11, 1.88, 1.99, 2.8, 3.79, 4.18, 4.4, 4.42, 4.8, 6.26, 6.78, 7.04, 6.91, 6.02, 5.21, 4.95, 4.07, 3.72, 3.71, 3.81, 3.52, 3.11, 2.88, 2.48, 2.91, 3.68, 4.77, 4.975, 4.56, 3.46, 2.47, 2.56, 3.4, 2.53, 2.08, 1.93, 1.76, 1.63, 1.57, 1.99, 2.1, 1.72, 1.53, 1.6, 1.53, 1.43, 1.49, 2.06, 2.22, 1.51, 1.37, 1.11, 1.34, 1.01, 2.26, 2.61, 2.15, 1.67, 0, 1.47, 1.85, 1.53, 1.27, 1.04, 1.34, 3.05, 2.85, 2.18, 2.41, 2.81, 4.03, 3.85, 2.87, 3.55, 4.19, 2.37, 2.08, 2.25, 2.23], [2.54, 2.44, 2.41, 1.92, 2.33, 3.31, 2.86, 2.18, 2.03, 2.6, 3.37, 4.42, 4.827, 4.93, 5.03, 5.37, 6.87, 7.41, 7.73, 7.64, 7.03, 6.06, 5.82, 4.94, 4.45, 4.18, 4.28, 4.29, 3.58, 3.29, 2.91, 3.38, 4.49, 5.38, 5.58, 5.25, 4.23, 3.1, 3.01, 3.15, 2.7, 2.81, 2.52, 2.29, 2.26, 2.12, 2.18, 2.13, 1.73, 1.54, 1.75, 1.98, 2.16, 1.76, 1.95, 2.37, 1.96, 1.78, 1.78, 2.05, 1.72, 2.33, 2.76, 2.3, 1.94, 1.47, 0, 1.2, 1.18, 1.16, 1.15, 2.01, 3.9, 3.92, 3.09, 3.2, 3.76, 4.72, 4.6, 3.7, 4.5, 4.84, 3.12, 2.95, 2.94, 3.02], [2.82, 2.74, 3.03, 2.6, 3.11, 4.01, 3.42, 2.8, 2.67, 3.3, 3.99, 4.88, 5.31, 5.69, 5.65, 6.09, 7.57, 8.31, 8.57, 8.38, 7.67, 6.8, 6.62, 5.52, 5.07, 4.88, 5.02, 5.01, 4.3, 4.07, 3.65, 4.02, 5.17, 5.94, 6.06, 5.69, 4.87, 3.6, 2.83, 2.79, 2.64, 2.87, 2.62, 2.45, 2.2, 2.14, 2.14, 2.11, 1.61, 1.46, 2.17, 2.24, 2.38, 1.98, 1.95, 2.21, 2.14, 1.98, 2.14, 2.71, 2.22, 2.27, 2.6, 2.04, 1.84, 1.85, 1.2, 0, 0.86, 1.54, 1.33, 2.17, 4.34, 4.5, 3.59, 3.88, 4.56, 5.6, 5.36, 4.42, 5.24, 5.58, 3.58, 3.11, 3.34, 3.28], [2.68, 2.68, 2.97, 2.6, 3.03, 3.65, 3.14, 2.82, 2.57, 2.94, 3.67, 4.5, 4.99, 5.39, 5.29, 5.77, 7.25, 7.95, 8.19, 8.06, 7.33, 6.42, 6.22, 5.12, 4.75, 4.5, 4.54, 4.59, 3.92, 3.69, 3.27, 3.62, 4.79, 5.5, 5.58, 5.25, 4.45, 3.3, 2.73, 3.19, 2.56, 2.77, 2.52, 2.29, 2.14, 2.12, 2.38, 2.33, 1.81, 1.62, 1.87, 2.02, 2.18, 1.9, 2.09, 2.27, 2.1, 1.94, 1.98, 2.37, 1.98, 2.23, 2.68, 2.2, 1.78, 1.53, 1.18, 0.86, 0, 1.06, 1.11, 1.73, 3.86, 4.1, 3.35, 3.54, 4.18, 5.2, 5.0, 4.1, 4.92, 5.26, 3.36, 2.95, 3.12, 3.04], [2.48, 2.28, 2.47, 2.26, 2.47, 3.01, 2.62, 2.3, 2.07, 2.3, 3.15, 3.96, 4.45, 4.69, 4.65, 5.07, 6.57, 7.29, 7.55, 7.4, 6.75, 5.78, 5.58, 4.76, 4.25, 4.04, 4.02, 3.97, 3.26, 3.01, 2.57, 2.96, 4.31, 4.92, 5.105, 4.827, 3.85, 3.04, 3.01, 3.71, 2.9, 2.77, 2.6, 2.25, 2.2, 2.1, 2.48, 2.55, 2.13, 1.76, 1.79, 1.84, 2.04, 1.98, 2.39, 2.59, 2.2, 2.02, 1.96, 1.95, 1.78, 2.53, 2.96, 2.54, 2.1, 1.27, 1.16, 1.54, 1.06, 0, 0.77, 1.31, 3.46, 3.6, 2.99, 3.1, 3.6, 4.56, 4.38, 3.52, 4.26, 4.54, 3.16, 2.85, 2.88, 2.86], [2.53, 2.39, 2.66, 2.23, 2.6, 3.14, 2.73, 2.43, 2.26, 2.33, 2.96, 3.97, 4.32, 4.64, 4.74, 5.12, 6.42, 7.22, 7.48, 7.27, 6.6, 5.81, 5.53, 4.49, 4.18, 3.97, 4.13, 4.06, 3.33, 3.08, 2.6, 3.09, 4.26, 5.07, 5.15, 4.74, 3.92, 2.77, 2.64, 3.46, 2.53, 2.26, 2.13, 1.88, 1.81, 1.75, 2.17, 2.26, 1.86, 1.61, 1.76, 1.67, 1.73, 1.69, 2.18, 2.38, 1.83, 1.63, 1.53, 1.68, 1.33, 2.22, 2.71, 2.25, 1.75, 1.04, 1.15, 1.33, 1.11, 0.77, 0, 1.34, 3.47, 3.49, 2.58, 2.83, 3.47, 4.49, 4.29, 3.43, 4.23, 4.57, 2.73, 2.4, 2.53, 2.55], [2.13, 2.05, 2.44, 2.29, 2.44, 2.72, 2.33, 2.27, 2.04, 1.93, 2.32, 2.97, 3.46, 3.84, 3.78, 4.26, 5.68, 6.44, 6.72, 6.53, 5.84, 4.93, 4.75, 3.83, 3.44, 3.23, 3.27, 3.2, 2.53, 2.28, 2.0, 2.29, 3.5, 4.13, 4.11, 3.74, 3.04, 2.21, 3.02, 4.16, 3.33, 2.32, 2.27, 2.14, 2.07, 2.09, 2.65, 2.84, 2.36, 1.87, 1.68, 1.61, 1.91, 2.19, 2.92, 3.0, 2.17, 1.79, 1.69, 1.62, 1.37, 3.0, 3.39, 2.97, 2.51, 1.34, 2.01, 2.17, 1.73, 1.31, 1.34, 0, 2.47, 2.61, 2.1, 2.23, 2.73, 3.75, 3.53, 2.69, 3.35, 3.73, 2.19, 2.0, 2.03, 2.31], [3.0, 2.98, 2.93, 3.1, 2.57, 2.53, 2.36, 2.78, 2.81, 2.28, 1.75, 1.52, 1.89, 2.43, 2.43, 2.39, 3.61, 4.25, 4.47, 4.34, 3.59, 2.64, 2.48, 1.76, 1.67, 1.64, 1.5, 1.91, 1.94, 2.55, 2.77, 2.74, 1.97, 2.02, 2.14, 1.77, 1.37, 2.52, 4.63, 5.91, 5.1, 3.93, 3.56, 3.57, 3.5, 3.74, 4.46, 4.57, 4.13, 3.64, 3.05, 3.26, 3.36, 3.92, 4.955, 4.958, 4.06, 3.46, 3.0, 2.37, 2.98, 4.91, 5.06, 4.66, 4.42, 3.05, 3.9, 4.34, 3.86, 3.46, 3.47, 2.47, 0, 0.88, 2.09, 1.98, 1.64, 1.78, 1.62, 1.4, 1.6, 1.74, 2.66, 2.85, 3.18, 3.72], [3.34, 3.16, 2.99, 3.06, 2.51, 2.59, 2.52, 2.76, 2.85, 2.08, 1.51, 1.38, 1.63, 2.07, 2.23, 2.27, 3.55, 4.11, 4.37, 4.26, 3.39, 2.52, 2.28, 1.78, 1.65, 1.6, 1.54, 1.55, 1.78, 2.19, 2.39, 2.4, 1.75, 2.12, 2.44, 1.95, 1.29, 2.0, 4.25, 5.61, 4.74, 3.63, 3.3, 3.39, 3.22, 3.46, 4.2, 4.29, 3.77, 3.66, 3.01, 3.02, 2.96, 3.64, 4.73, 4.698, 3.82, 3.26, 2.78, 2.31, 2.74, 4.63, 4.72, 4.44, 4.2, 2.85, 3.92, 4.5, 4.1, 3.6, 3.49, 2.61, 0.88, 0, 1.75, 1.72, 1.32, 1.52, 1.28, 1.0, 1.06, 1.58, 2.2, 2.55, 2.92, 3.42], [3.23, 2.89, 2.84, 2.61, 2.68, 3.22, 3.01, 2.73, 2.72, 1.93, 1.66, 2.49, 2.9, 2.96, 3.16, 3.42, 4.62, 5.06, 5.34, 5.21, 4.5, 3.85, 3.55, 2.67, 2.24, 2.17, 2.43, 2.24, 1.75, 1.76, 1.82, 1.77, 2.4, 3.43, 3.69, 3.26, 2.1, 1.41, 3.22, 4.36, 3.41, 2.26, 1.99, 1.98, 1.83, 2.01, 2.91, 2.98, 2.88, 2.55, 2.1, 1.83, 1.77, 2.43, 3.34, 3.36, 2.53, 2.05, 1.79, 1.6, 1.71, 3.36, 3.49, 3.23, 2.85, 2.18, 3.09, 3.59, 3.35, 2.99, 2.58, 2.1, 2.09, 1.75, 0, 0.83, 1.35, 2.43, 2.43, 1.75, 2.11, 2.65, 1.19, 1.34, 1.67, 2.23], [3.34, 3.02, 2.83, 2.6, 2.73, 3.21, 3.0, 2.8, 2.83, 2.08, 1.95, 2.56, 2.91, 3.03, 3.29, 3.47, 4.65, 4.93, 5.25, 5.18, 4.61, 3.76, 3.52, 2.72, 2.29, 2.14, 2.42, 2.25, 1.94, 1.95, 2.19, 1.84, 2.33, 3.44, 3.72, 3.29, 2.13, 1.76, 3.53, 4.49, 3.54, 2.37, 2.04, 2.07, 2.08, 2.2, 3.0, 3.05, 2.97, 2.86, 2.13, 2.02, 1.86, 2.46, 3.41, 3.47, 2.56, 2.28, 1.96, 1.69, 1.88, 3.57, 3.6, 3.46, 3.02, 2.41, 3.2, 3.88, 3.54, 3.1, 2.83, 2.23, 1.98, 1.72, 0.83, 0, 1.02, 2.24, 2.3, 1.56, 2.04, 2.58, 1.4, 1.47, 1.78, 2.38], [3.32, 3.12, 2.63, 2.7, 2.27, 2.59, 2.58, 2.62, 2.61, 1.92, 1.59, 2.16, 2.21, 2.37, 2.59, 2.79, 3.99, 4.33, 4.67, 4.5, 3.95, 3.08, 3.08, 2.56, 2.31, 2.26, 2.36, 2.05, 2.04, 2.27, 2.41, 2.28, 2.21, 2.86, 3.18, 2.87, 1.93, 2.24, 4.11, 5.07, 4.16, 2.99, 2.68, 2.81, 2.74, 2.94, 3.62, 3.63, 3.49, 3.48, 2.81, 2.78, 2.44, 3.02, 4.05, 4.09, 3.2, 2.88, 2.52, 1.95, 2.46, 4.11, 4.22, 4.02, 3.64, 2.81, 3.76, 4.56, 4.18, 3.6, 3.47, 2.73, 1.64, 1.32, 1.35, 1.02, 0, 1.56, 1.68, 1.32, 1.38, 2.06, 1.9, 2.05, 2.42, 2.96], [4.3, 3.96, 3.45, 3.68, 3.03, 2.39, 2.9, 3.32, 3.11, 2.5, 2.07, 1.74, 1.39, 1.49, 1.85, 1.69, 2.53, 2.87, 3.19, 3.2, 2.87, 2.62, 2.3, 2.38, 2.33, 2.24, 2.16, 2.33, 2.38, 2.63, 2.85, 2.72, 2.37, 2.26, 2.44, 2.15, 1.97, 2.98, 5.29, 6.35, 5.42, 4.39, 3.98, 3.99, 3.9, 4.16, 4.88, 4.91, 4.65, 4.58, 3.85, 3.74, 3.7, 4.38, 5.45, 5.43, 4.58, 4.14, 3.84, 3.11, 3.66, 5.39, 5.48, 5.36, 4.92, 4.03, 4.72, 5.6, 5.2, 4.56, 4.49, 3.75, 1.78, 1.52, 2.43, 2.24, 1.56, 0, 0.72, 1.72, 1.12, 1.34, 2.94, 3.31, 3.72, 4.24], [4.12, 3.78, 3.43, 3.56, 2.93, 2.47, 2.76, 3.18, 3.03, 2.34, 1.85, 1.52, 1.19, 1.45, 1.71, 1.49, 2.57, 3.03, 3.35, 3.26, 2.71, 2.38, 2.12, 2.08, 1.91, 1.84, 1.84, 1.91, 2.12, 2.39, 2.65, 2.6, 1.83, 1.88, 2.14, 1.87, 1.47, 2.54, 5.