[[0, 1.85, 2.48, 2.29, 2.14, 2.04, 1.91, 1.99, 1.82, 1.91, 1.72, 2.23, 2.71, 2.76, 3.87, 4.48, 4.24, 4.43, 3.96, 3.36, 2.82, 3.63, 4.38, 3.9, 3.31, 3.3, 4.0, 3.89, 3.42, 3.4, 3.03, 3.25, 5.16, 6.27, 4.93, 3.017, 3.14, 3.78, 4.14, 4.117, 4.33, 3.55, 4.113, 5.48, 5.12, 2.49, 1.9, 2.3, 2.72, 2.53, 2.14, 2.48, 2.99, 3.21, 3.616, 2.58, 1.97, 1.94, 1.63, 1.46, 2.05, 3.23, 3.51, 3.59, 3.16, 2.46, 2.02, 1.8, 1.5, 1.78, 1.58, 1.84, 2.3, 2.32, 2.11, 2.03, 2.05, 2.24, 2.32, 2.58, 2.53, 2.83, 3.08, 3.51, 3.28, 3.47], [1.85, 0, 1.09, 0.96, 0.73, 0.89, 1.76, 2.12, 1.87, 2.54, 2.65, 1.88, 1.56, 1.51, 2.28, 2.91, 2.67, 2.84, 2.39, 2.09, 1.85, 2.56, 3.25, 3.03, 2.58, 2.43, 2.59, 2.44, 2.03, 1.91, 2.2, 1.74, 3.57, 4.66, 3.32, 1.95, 2.55, 2.55, 2.71, 2.59, 2.88, 2.3, 2.72, 3.907, 3.61, 1.74, 2.71, 3.53, 3.87, 3.56, 3.03, 3.45, 3.84, 3.32, 3.41, 2.17, 2.64, 2.73, 2.64, 2.27, 3.0, 4.22, 4.5, 4.52, 4.15, 3.49, 3.01, 2.49, 1.71, 1.53, 1.21, 1.59, 2.11, 2.37, 2.02, 1.98, 2.16, 2.25, 2.85, 3.69, 3.88, 4.2, 4.55, 4.92, 4.63, 4.84], [2.48, 1.09, 0, 0.81, 0.98, 1.26, 2.25, 2.47, 2.2, 2.85, 3.0, 1.79, 1.21, 1.18, 1.51, 2.1, 1.92, 2.23, 1.9, 1.8, 1.74, 1.99, 2.78, 2.5, 2.19, 2.04, 2.16, 1.89, 1.68, 1.76, 2.31, 1.49, 2.88, 3.89, 2.55, 1.46, 2.0, 2.0, 2.1, 2.08, 2.31, 1.75, 2.05, 3.114, 2.88, 1.39, 3.2, 4.2, 4.48, 4.15, 3.5, 3.72, 4.03, 3.29, 3.18, 2.42, 3.13, 3.32, 3.29, 2.7, 3.47, 4.75, 5.07, 5.09, 4.62, 4.06, 3.48, 2.98, 2.16, 1.66, 1.64, 1.94, 2.62, 2.76, 2.43, 2.41, 2.51, 2.72, 3.28, 4.12, 4.43, 4.89, 5.24, 5.57, 5.3, 5.41], [2.29, 0.96, 0.81, 0, 0.55, 1.01, 2.02, 2.34, 2.13, 2.76, 2.93, 1.9, 1.36, 1.31, 1.76, 2.33, 2.17, 2.4, 2.09, 1.97, 1.73, 2.24, 3.07, 2.79, 2.48, 2.41, 2.39, 2.14, 2.01, 1.99, 2.52, 1.58, 3.09, 4.18, 2.86, 1.63, 1.97, 2.01, 2.13, 1.97, 2.2, 1.78, 2.0, 3.304, 3.086, 1.32, 2.89, 3.93, 4.25, 3.76, 3.21, 3.37, 3.7, 3.1, 2.97, 2.07, 2.82, 3.11, 3.06, 2.41, 3.24, 4.44, 4.7, 4.72, 4.29, 3.77, 3.21, 2.73, 1.91, 1.39, 1.37, 1.83, 2.35, 2.61, 2.24, 2.16, 2.38, 2.41, 3.03, 3.97, 4.2, 4.62, 4.93, 5.28, 4.97, 5.1], [2.14, 0.73, 0.98, 0.55, 0, 0.74, 1.79, 2.09, 1.86, 2.59, 2.72, 1.79, 1.39, 1.28, 1.87, 2.46, 2.26, 2.51, 2.1, 1.9, 1.66, 2.29, 3.1, 2.92, 2.59, 2.48, 2.5, 2.29, 2.1, 2.02, 2.33, 1.51, 3.22, 4.31, 2.97, 1.64, 2.2, 2.22, 2.24, 2.1, 2.29, 1.93, 2.25, 3.46, 3.32, 1.57, 2.74, 3.84, 4.1, 3.57, 3.0, 3.32, 3.75, 3.17, 3.16, 2.02, 2.65, 2.96, 2.91, 2.34, 3.11, 4.33, 4.59, 4.59, 4.12, 3.64, 2.98, 2.54, 1.78, 1.4, 1.24, 1.64, 2.22, 2.48, 2.13, 2.03, 2.21, 2.32, 2.84, 3.8, 4.07, 4.47, 4.8, 5.15, 4.82, 4.93], [2.04, 0.89, 1.26, 1.01, 0.74, 0, 1.27, 1.61, 1.34, 2.11, 2.26, 1.55, 1.47, 1.38, 2.31, 2.92, 2.7, 2.93, 2.5, 2.06, 1.74, 2.45, 3.2, 2.96, 2.55, 2.38, 2.68, 2.59, 2.28, 2.18, 2.13, 1.79, 3.68, 4.75, 3.35, 1.8, 2.54, 2.58, 2.7, 2.54, 2.75, 2.13, 2.49, 3.843, 3.64, 1.83, 2.46, 3.4, 3.8, 3.41, 2.96, 3.42, 3.85, 3.33, 3.42, 2.16, 2.37, 2.58, 2.49, 2.22, 3.03, 4.21, 4.43, 4.45, 3.98, 3.44, 2.72, 2.28, 1.78, 1.52, 1.02, 1.2, 1.72, 1.98, 1.65, 1.63, 1.77, 1.86, 2.36, 3.34, 3.61, 4.03, 4.36, 4.71, 4.36, 4.53], [1.91, 1.76, 2.25, 2.02, 1.79, 1.27, 0, 0.74, 0.85, 1.36, 1.91, 1.88, 2.26, 2.31, 3.44, 4.03, 3.81, 4.04, 3.57, 2.97, 2.41, 3.2, 4.01, 3.69, 3.14, 3.01, 3.61, 3.54, 3.19, 3.15, 2.66, 2.86, 4.79, 5.86, 4.44, 2.61, 3.11, 3.51, 3.73, 3.57, 3.82, 3.1, 3.58, 4.933, 4.693, 2.46, 2.35, 3.03, 3.49, 3.34, 3.05, 3.65, 4.08, 3.64, 3.99, 2.57, 2.16, 2.11, 2.2, 2.33, 3.1, 4.18, 4.14, 4.14, 3.77, 3.21, 2.19, 1.91, 1.95, 1.91, 1.33, 1.15, 1.13, 1.17, 1.04, 1.1, 1.08, 0.95, 1.21, 2.11, 2.42, 2.92, 3.27, 3.66, 3.35, 3.4], [1.99, 2.12, 2.47, 2.34, 2.09, 1.61, 0.74, 0, 0.71, 1.08, 1.65, 1.64, 2.34, 2.45, 3.54, 4.07, 3.85, 4.08, 3.61, 2.97, 2.47, 3.24, 4.01, 3.63, 3.08, 3.05, 3.67, 3.64, 3.25, 3.21, 2.66, 2.92, 4.99, 5.9, 4.54, 2.67, 3.13, 3.55, 3.75, 3.75, 4.0, 3.18, 3.76, 5.082, 4.785, 2.54, 2.21, 2.91, 3.35, 3.26, 2.97, 3.57, 4.08, 3.76, 4.19, 2.83, 2.02, 1.97, 2.08, 2.29, 3.0, 4.08, 4.02, 3.98, 3.65, 3.11, 2.01, 1.73, 1.99, 1.99, 1.39, 1.29, 1.21, 1.19, 1.02, 1.12, 1.06, 1.01, 1.19, 2.01, 2.36, 2.9, 3.25, 3.54, 3.21, 3.3], [1.82, 1.87, 2.2, 2.13, 1.86, 1.34, 0.85, 0.71, 0, 1.09, 1.36, 1.39, 2.01, 2.1, 3.13, 3.66, 3.46, 3.69, 3.24, 2.56, 2.04, 2.85, 3.64, 3.26, 2.71, 2.64, 3.34, 3.31, 2.92, 2.86, 2.39, 2.57, 4.66, 5.53, 4.13, 2.28, 2.82, 3.28, 3.3, 3.42, 3.63, 2.89, 3.45, 4.72, 4.415, 2.21, 2.12, 2.84, 3.32, 3.17, 2.8, 3.38, 3.79, 3.49, 3.88, 2.44, 1.95, 1.98, 2.03, 2.1, 2.79, 3.89, 3.99, 4.01, 3.66, 3.04, 2.02, 1.64, 1.72, 1.64, 1.26, 1.2, 1.44, 1.5, 1.15, 1.29, 1.23, 1.32, 1.58, 2.36, 2.73, 3.21, 3.54, 3.87, 3.58, 3.69], [1.91, 2.54, 2.85, 2.76, 2.59, 2.11, 1.36, 1.08, 1.09, 0, 1.23, 1.96, 2.76, 2.83, 4.0, 4.31, 4.09, 4.28, 3.81, 3.19, 2.71, 3.42, 4.19, 3.79, 3.28, 3.29, 4.01, 3.98, 3.59, 3.59, 2.96, 3.18, 5.25, 6.1, 4.7, 2.819, 3.03, 3.73, 3.97, 4.13, 4.38, 3.66, 4.18, 5.37, 4.93, 2.56, 1.69, 2.37, 2.71, 2.6, 2.49, 2.91, 3.6, 3.56, 4.103, 2.863, 1.54, 1.45, 1.52, 1.71, 2.3, 3.32, 3.34, 3.36, 3.01, 2.39, 1.33, 1.19, 1.91, 2.05, 1.75, 1.51, 1.35, 1.45, 1.4, 1.42, 1.36, 1.41, 1.45, 1.93, 2.16, 2.68, 2.95, 3.32, 3.05, 3.16], [1.72, 2.65, 3.0, 2.93, 2.72, 2.26, 1.91, 1.65, 1.36, 1.23, 0, 1.89, 2.71, 2.86, 3.87, 4.46, 4.22, 4.41, 4.02, 3.3, 2.82, 3.63, 4.36, 3.88, 3.37, 3.36, 4.12, 4.07, 3.66, 3.6, 2.97, 3.39, 5.36, 6.23, 4.89, 3.04, 3.64, 4.14, 4.06, 4.18, 4.41, 3.75, 4.17, 5.59, 5.26, 2.87, 1.78, 2.02, 2.46, 2.37, 2.34, 2.72, 3.51, 3.786, 4.353, 3.073, 1.65, 1.78, 1.57, 1.72, 2.05, 3.01, 3.17, 3.19, 2.82, 2.2, 1.54, 1.6, 2.14, 2.4, 2.12, 1.94, 1.86, 1.86, 1.91, 1.95, 2.01, 1.92, 1.9, 2.1, 2.13, 2.47, 2.8, 3.13, 2.88, 2.97], [2.23, 1.88, 1.79, 1.9, 1.79, 1.55, 1.88, 1.64, 1.39, 1.96, 1.89, 0, 1.1, 1.29, 2.4, 2.81, 2.59, 2.8, 2.43, 1.77, 1.59, 2.0, 2.77, 2.33, 1.84, 1.83, 2.49, 2.54, 2.11, 2.07, 1.68, 1.74, 3.87, 4.74, 3.38, 1.91, 2.85, 3.21, 2.95, 2.89, 3.26, 2.68, 2.94, 4.09, 3.89, 2.36, 2.65, 3.61, 4.01, 3.58, 2.97, 3.29, 3.7, 3.52, 3.93, 2.51, 2.6, 2.79, 2.74, 2.23, 3.0, 4.28, 4.56, 4.54, 4.05, 3.55, 2.89, 2.41, 1.93, 1.71, 1.63, 1.77, 2.05, 2.17, 1.96, 1.86, 1.94, 2.11, 2.45, 3.35, 3.72, 4.2, 4.49, 4.82, 4.53, 4.54], [2.71, 1.56, 1.21, 1.36, 1.39, 1.47, 2.26, 2.34, 2.01, 2.76, 2.71, 1.1, 0, 0.53, 1.58, 2.17, 1.89, 2.02, 1.73, 1.47, 1.23, 1.48, 2.09, 1.93, 1.56, 1.47, 1.83, 1.9, 1.53, 1.39, 1.54, 1.1, 2.93, 3.96, 2.593, 1.67, 2.59, 2.65, 2.55, 2.41, 2.78, 2.22, 2.32, 3.29, 3.35, 2.04, 3.21, 4.33, 4.57, 4.12, 3.45, 3.61, 3.92, 3.3, 3.61, 2.35, 3.1, 3.39, 3.42, 2.71, 3.46, 4.74, 5.02, 5.0, 4.53, 4.05, 3.47, 3.01, 2.23, 1.81, 1.75, 2.01, 2.59, 2.83, 2.46, 2.36, 2.54, 2.55, 3.17, 4.17, 4.54, 4.98, 5.27, 5.58, 5.31, 5.38], [2.76, 1.51, 1.18, 1.31, 1.28, 1.38, 2.31, 2.45, 2.1, 2.83, 2.86, 1.29, 0.53, 0, 1.47, 2.1, 1.78, 1.89, 1.56, 1.32, 1.2, 1.49, 2.08, 1.96, 1.79, 1.62, 1.88, 1.89, 1.54, 1.4, 1.65, 1.03, 2.76, 3.81, 2.51, 1.62, 2.44, 2.48, 2.46, 2.32, 2.67, 2.05, 2.23, 3.22, 3.26, 1.95, 3.3, 4.42, 4.6, 4.11, 3.5, 3.6, 3.89, 3.33, 3.48, 2.3, 3.13, 3.44, 3.45, 2.72, 3.43, 4.67, 4.95, 4.97, 4.5, 4.0, 3.44, 3.04, 2.24, 1.74, 1.78, 2.0, 2.62, 2.86, 2.55, 2.45, 2.59, 2.7, 3.26, 4.24, 4.57, 5.05, 5.34, 5.65, 5.4, 5.45], [3.87, 2.28, 1.51, 1.76, 1.87, 2.31, 3.44, 3.54, 3.13, 4.0, 3.87, 2.4, 1.58, 1.47, 0, 1.01, 1.09, 1.26, 1.51, 1.75, 2.01, 1.84, 1.89, 1.89, 1.88, 1.73, 1.43, 1.4, 1.55, 1.95, 2.48, 1.38, 1.81, 2.68, 1.54, 1.59, 2.29, 2.07, 1.71, 1.69, 1.94, 1.92, 2.0, 2.21, 2.47, 2.12, 4.43, 5.55, 5.69, 5.14, 4.59, 4.61, 4.48, 3.76, 3.53, 2.93, 4.16, 4.59, 4.58, 3.75, 4.4, 5.68, 5.98, 6.0, 5.57, 5.05, 4.53, 4.19, 3.33, 2.75, 2.89, 3.11, 3.77, 4.03, 3.68, 3.64, 3.76, 3.91, 4.43, 5.35, 5.74, 6.18, 6.53, 6.84, 6.55, 6.64], [4.48, 2.91, 2.1, 2.33, 2.46, 2.92, 4.03, 4.07, 3.66, 4.31, 4.46, 2.81, 2.17, 2.1, 1.01, 0, 0.96, 1.17, 1.5, 1.8, 2.2, 1.91, 1.78, 1.9, 2.03, 2.06, 1.66, 1.53, 1.76, 2.3, 2.81, 1.73, 1.52, 2.03, 1.03, 1.88, 2.06, 1.56, 1.16, 1.18, 1.47, 1.77, 1.73, 1.76, 1.72, 2.55, 5.08, 6.2, 6.32, 5.63, 5.14, 5.1, 4.85, 4.07, 3.68, 3.36, 4.69, 5.18, 5.17, 4.26, 4.93, 6.13, 6.43, 6.45, 6.04, 5.52, 5.02, 4.7, 3.96, 3.3, 3.5, 3.66, 4.18, 4.62, 4.27, 4.23, 4.37, 4.44, 4.98, 5.96, 6.33, 6.83, 7.18, 7.49, 7.2, 7.29], [4.24, 2.67, 1.92, 2.17, 2.26, 2.7, 3.81, 3.85, 3.46, 4.09, 4.22, 2.59, 1.89, 1.78, 1.09, 0.96, 0, 0.77, 1.02, 1.28, 1.74, 1.33, 1.44, 1.5, 1.75, 1.72, 1.32, 1.23, 1.34, 1.88, 2.33, 1.47, 1.72, 2.35, 1.39, 1.64, 2.06, 1.76, 1.56, 1.7, 1.87, 1.91, 2.03, 2.22, 2.08, 2.31, 4.88, 5.96, 6.08, 5.41, 4.96, 4.84, 4.43, 3.57, 3.32, 3.12, 4.45, 4.92, 4.93, 4.04, 4.69, 5.87, 6.09, 6.11, 5.72, 5.18, 4.78, 4.44, 3.72, 3.1, 3.32, 3.42, 3.9, 4.38, 4.05, 4.05, 4.19, 4.26, 4.78, 5.72, 6.11, 6.61, 6.98, 7.29, 7.0, 7.09], [4.43, 2.84, 2.23, 2.4, 2.51, 2.93, 4.04, 4.08, 3.69, 4.28, 4.41, 2.8, 2.02, 1.89, 1.26, 1.17, 0.77, 0, 0.71, 1.31, 1.85, 1.26, 1.53, 1.63, 1.82, 1.75, 1.39, 1.28, 1.43, 1.99, 2.48, 1.48, 1.61, 2.22, 1.48, 1.89, 2.33, 2.07, 1.87, 2.01, 2.24, 2.32, 2.4, 2.37, 2.11, 2.54, 5.11, 6.19, 6.29, 5.64, 5.19, 5.11, 4.52, 3.7, 3.51, 3.29, 4.68, 5.15, 5.12, 4.27, 4.96, 6.1, 6.2, 6.16, 5.77, 5.35, 4.97, 4.65, 3.95, 3.33, 3.55, 3.59, 4.07, 4.61, 4.28, 4.28, 4.42, 4.49, 5.01, 5.95, 6.34, 6.84, 7.21, 7.52, 7.23, 7.32], [3.96, 2.39, 1.9, 2.09, 2.1, 2.5, 3.57, 3.61, 3.24, 3.81, 4.02, 2.43, 1.73, 1.56, 1.51, 1.5, 1.02, 0.71, 0, 0.94, 1.44, 1.17, 1.78, 1.76, 1.79, 1.84, 1.6, 1.29, 1.38, 1.78, 2.43, 1.35, 1.82, 2.57, 1.73, 1.7, 2.2, 2.04, 1.9, 2.16, 2.33, 2.25, 2.33, 2.62, 2.36, 2.23, 4.64, 5.72, 5.82, 5.19, 4.74, 4.66, 4.17, 3.45, 3.4, 2.84, 4.23, 4.7, 4.67, 3.82, 4.51, 5.65, 5.77, 5.71, 5.32, 4.92, 4.5, 4.18, 3.48, 2.88, 3.08, 3.14, 3.56, 4.14, 3.81, 3.81, 3.95, 4.02, 4.54, 5.48, 5.87, 6.37, 6.74, 7.05, 6.76, 6.85], [3.36, 2.09, 1.8, 1.97, 1.9, 2.06, 2.97, 2.97, 2.56, 3.19, 3.3, 1.77, 1.47, 1.32, 1.75, 1.8, 1.28, 1.31, 0.94, 0, 0.96, 1.03, 1.88, 1.92, 1.73, 1.76, 1.84, 1.73, 1.56, 1.64, 1.97, 1.27, 2.52, 3.21, 2.15, 1.48, 2.1, 2.36, 2.24, 2.32, 2.63, 2.27, 2.47, 3.2, 3.0, 2.03, 4.0, 5.08, 5.18, 4.51, 4.04, 4.12, 3.99, 3.35, 3.34, 2.42, 3.57, 4.04, 4.01, 3.16, 3.83, 4.95, 5.11, 5.11, 4.68, 4.2, 3.86, 3.54, 2.94, 2.3, 2.48, 2.64, 3.0, 3.56, 3.19, 3.21, 3.29, 3.38, 3.9, 4.84, 5.23, 5.73, 6.1, 6.41, 6.12, 6.21], [2.82, 1.85, 1.74, 1.73, 1.66, 1.74, 2.41, 2.47, 2.04, 2.71, 2.82, 1.59, 1.23, 1.2, 2.01, 2.2, 1.74, 1.85, 1.44, 0.96, 0, 1.11, 2.06, 2.16, 1.95, 1.84, 2.08, 2.11, 1.78, 1.78, 1.97, 1.41, 3.02, 3.69, 2.53, 1.28, 2.1, 2.46, 2.4, 2.4, 2.73, 2.27, 2.59, 3.48, 3.34, 1.91, 3.48, 4.56, 4.66, 3.93, 3.46, 3.48, 3.61, 2.95, 3.16, 1.98, 2.97, 3.44, 3.43, 2.64, 3.33, 4.45, 4.59, 4.61, 4.18, 3.64, 3.34, 3.02, 2.32, 1.86, 1.98, 2.32, 2.7, 3.12, 2.79, 2.79, 2.83, 2.86, 3.38, 4.32, 4.71, 5.21, 5.58, 5.89, 5.6, 5.71], [3.63, 2.56, 1.99, 2.24, 2.29, 2.45, 3.2, 3.24, 2.85, 3.42, 3.63, 2.0, 1.48, 1.49, 1.84, 1.91, 1.33, 1.26, 1.17, 1.03, 1.11, 0, 1.35, 1.49, 1.52, 1.57, 1.63, 1.8, 1.59, 1.93, 2.08, 1.46, 2.63, 3.2, 2.2, 1.63, 2.25, 2.51, 2.33, 2.53, 2.76, 2.3, 2.54, 3.25, 2.87, 2.36, 4.27, 5.35, 5.47, 4.74, 4.27, 4.17, 3.88, 3.06, 3.29, 2.49, 3.78, 4.27, 4.28, 3.39, 4.06, 5.16, 5.24, 5.22, 4.81, 4.35, 4.15, 3.83, 3.11, 2.67, 2.73, 2.87, 3.37, 3.79, 3.4, 3.42, 3.54, 3.65, 4.17, 5.11, 5.5, 6.0, 6.37, 6.68, 6.39, 6.48], [4.38, 3.25, 2.78, 3.07, 3.1, 3.2, 4.01, 4.01, 3.64, 4.19, 4.36, 2.77, 2.09, 2.08, 1.89, 1.78, 1.44, 1.53, 1.78, 1.88, 2.06, 1.35, 0, 0.84, 1.29, 1.26, 1.2, 1.57, 1.62, 1.88, 1.89, 1.85, 2.26, 2.87, 1.71, 2.24, 2.56, 2.64, 2.5, 2.54, 2.83, 2.45, 2.65, 3.04, 2.78, 3.05, 5.04, 6.12, 6.22, 5.57, 5.06, 5.02, 4.73, 4.03, 4.12, 3.46, 4.65, 5.04, 5.01, 4.16, 4.87, 6.07, 6.31, 6.33, 5.94, 5.38, 4.94, 4.58, 3.92, 3.56, 3.56, 3.46, 3.94, 4.54, 4.17, 4.17, 4.31, 4.4, 4.94, 5.88, 6.27, 6.77, 7.14, 7.45, 7.16, 7.27], [3.9, 3.03, 2.5, 2.79, 2.92, 2.96, 3.69, 3.63, 3.26, 3.79, 3.88, 2.33, 1.93, 1.96, 1.89, 1.9, 1.5, 1.63, 1.76, 1.92, 2.16, 1.49, 0.84, 0, 0.73, 0.88, 1.08, 1.33, 1.38, 1.78, 1.95, 1.83, 2.48, 3.19, 2.09, 2.16, 2.68, 2.78, 2.62, 2.64, 2.95, 2.63, 2.73, 3.22, 2.8, 2.75, 4.66, 5.66, 5.88, 5.45, 4.9, 4.96, 4.67, 3.97, 4.1, 3.4, 4.49, 4.72, 4.67, 3.82, 4.71, 5.99, 6.31, 6.33, 5.92, 5.36, 4.66, 4.2, 3.58, 3.12, 3.24, 3.14, 3.56, 4.1, 3.85, 3.87, 3.99, 4.18, 4.52, 5.42, 5.81, 6.31, 6.68, 6.99, 6.7, 6.79], [3.31, 2.58, 2.19, 2.48, 2.59, 2.55, 3.14, 3.08, 2.71, 3.28, 3.37, 1.84, 1.56, 1.79, 1.88, 2.03, 1.75, 1.82, 1.79, 1.73, 1.95, 1.52, 1.29, 0.73, 0, 0.57, 1.13, 1.3, 1.19, 1.57, 1.68, 1.64, 2.79, 3.56, 2.26, 1.87, 2.65, 2.89, 2.75, 2.69, 3.04, 2.68, 2.82, 3.49, 3.03, 2.58, 4.15, 5.09, 5.39, 5.14, 4.51, 4.69, 4.48, 4.02, 4.15, 3.15, 4.14, 4.27, 4.18, 3.51, 4.4, 5.72, 6.06, 6.08, 5.63, 5.07, 4.29, 3.79, 3.23, 2.77, 2.79, 2.65, 3.05, 3.55, 3.28, 3.36, 3.5, 3.63, 3.97, 4.87, 5.26, 5.76, 6.13, 6.44, 6.15, 6.24], [3.3, 2.43, 2.04, 2.41, 2.48, 2.38, 3.01, 3.05, 2.64, 3.29, 3.36, 1.83, 1.47, 1.62, 1.73, 2.06, 1.72, 1.75, 1.84, 1.76, 1.84, 1.57, 1.26, 0.88, 0.57, 0, 1.06, 1.25, 1.04, 1.44, 1.53, 1.49, 2.78, 3.61, 2.27, 1.82, 2.78, 2.96, 2.86, 2.76, 3.13, 2.67, 2.87, 3.5, 3.06, 2.47, 4.16, 5.12, 5.4, 5.13, 4.5, 4.72, 4.69, 4.05, 4.24, 3.16, 4.13, 4.26, 4.17, 3.58, 4.43, 5.79, 6.11, 6.13, 5.64, 5.06, 4.28, 3.8, 3.14, 2.72, 2.64, 2.6, 3.04, 3.54, 3.27, 3.29, 3.43, 3.56, 3.96, 4.86, 5.25, 5.75, 6.12, 6.43, 6.16, 6.23], [4.0, 2.59, 2.16, 2.39, 2.5, 2.68, 3.61, 3.67, 3.34, 4.01, 4.12, 2.49, 1.83, 1.88, 1.43, 1.66, 1.32, 1.39, 1.6, 1.84, 2.08, 1.63, 1.2, 1.08, 1.13, 1.06, 0, 0.75, 0.9, 1.46, 1.95, 1.45, 2.36, 3.13, 1.79, 2.04, 2.68, 2.72, 2.44, 2.28, 2.67, 2.51, 2.73, 3.08, 2.74, 2.53, 4.88, 5.8, 6.12, 5.75, 5.16, 5.28, 5.13, 4.41, 4.32, 3.56, 4.77, 4.98, 4.89, 4.12, 5.01, 6.33, 6.65, 6.67, 6.22, 5.66, 4.92, 4.4, 3.78, 3.14, 3.24, 3.32, 3.72, 4.26, 3.95, 3.97, 4.13, 4.1, 4.6, 5.52, 5.91, 6.41, 6.8, 7.17, 6.86, 6.93], [3.89, 2.44, 1.89, 2.14, 2.29, 2.59, 3.54, 3.64, 3.31, 3.98, 4.07, 2.54, 1.9, 1.89, 1.4, 1.53, 1.23, 1.28, 1.29, 1.73, 2.11, 1.8, 1.57, 1.33, 1.3, 1.25, 0.75, 0, 0.75, 1.29, 2.04, 1.54, 2.35, 3.12, 1.76, 1.83, 2.55, 2.51, 2.23, 2.17, 2.48, 2.56, 2.62, 2.99, 2.49, 2.3, 4.85, 5.75, 6.11, 5.8, 5.17, 5.31, 5.16, 4.46, 4.29, 3.63, 4.82, 4.97, 4.88, 4.13, 5.06, 6.36, 6.68, 6.7, 6.27, 5.71, 4.97, 4.43, 3.81, 3.07, 3.19, 3.27, 3.65, 4.15, 3.86, 3.88, 4.04, 4.01, 4.51, 5.43, 5.8, 6.32, 6.69, 7.06, 6.75, 6.82], [3.42, 2.03, 1.68, 2.01, 2.1, 2.28, 3.19, 3.25, 2.92, 3.59, 3.66, 2.11, 1.53, 1.54, 1.55, 1.76, 1.34, 1.43, 1.38, 1.56, 1.78, 1.59, 1.62, 1.38, 1.19, 1.04, 0.9, 0.75, 0, 0.96, 1.59, 1.33, 2.6, 3.39, 1.99, 1.66, 2.6, 2.62, 2.38, 2.28, 2.67, 2.45, 2.67, 3.22, 2.8, 2.17, 4.44, 5.36, 5.74, 5.35, 4.78, 4.96, 4.97, 4.25, 4.26, 3.4, 4.41, 4.56, 4.47, 3.86, 4.67, 6.03, 6.35, 6.37, 5.88, 5.28, 4.56, 4.02, 3.36, 2.76, 2.82, 2.9, 3.3, 3.82, 3.53, 3.55, 3.71, 3.7, 4.2, 5.1, 5.43, 5.95, 6.36, 6.71, 6.42, 6.49], [3.4, 1.91, 1.76, 1.99, 2.02, 2.18, 3.15, 3.21, 2.86, 3.59, 3.6, 2.07, 1.39, 1.4, 1.95, 2.3, 1.88, 1.99, 1.78, 1.64, 1.78, 1.93, 1.88, 1.78, 1.57, 1.44, 1.46, 1.29, 0.96, 0, 1.19, 1.43, 2.98, 3.75, 2.41, 1.98, 3.08, 3.12, 2.96, 2.8, 3.21, 2.91, 3.07, 3.74, 3.42, 2.43, 4.4, 5.3, 5.66, 5.33, 4.72, 4.9, 5.17, 4.53, 4.62, 3.5, 4.33, 4.52, 4.43, 3.8, 4.65, 5.97, 6.29, 6.31, 5.82, 5.26, 4.52, 3.98, 3.32, 2.68, 2.76, 2.84, 3.24, 3.76, 3.47, 3.49, 3.65, 3.64, 4.16, 5.06, 5.39, 5.91, 6.3, 6.65, 6.36, 6.43], [3.03, 2.2, 2.31, 2.52, 2.33, 2.13, 2.66, 2.66, 2.39, 2.96, 2.97, 1.68, 1.54, 1.65, 2.48, 2.81, 2.33, 2.48, 2.43, 1.97, 1.97, 2.08, 1.89, 1.95, 1.68, 1.53, 1.95, 2.04, 1.59, 1.19, 0, 1.5, 3.63, 4.3, 3.02, 2.47, 3.61, 3.73, 3.51, 3.41, 3.78, 3.34, 3.64, 4.35, 4.09, 3.22, 3.77, 4.73, 5.03, 4.76, 4.27, 4.71, 5.14, 4.7, 5.03, 3.57, 3.76, 3.91, 3.8, 3.39, 4.22, 5.46, 5.76, 5.78, 5.33, 4.69, 3.89, 3.45, 3.07, 2.83, 2.43, 2.27, 2.75, 3.17, 2.9, 2.9, 3.0, 3.13, 3.59, 4.49, 4.84, 5.36, 5.73, 6.06, 5.79, 5.86], [3.25, 1.74, 1.49, 1.58, 1.51, 1.79, 2.86, 2.92, 2.57, 3.18, 3.39, 1.74, 1.1, 1.03, 1.38, 1.73, 1.47, 1.48, 1.35, 1.27, 1.41, 1.46, 1.85, 1.83, 1.64, 1.49, 1.45, 1.54, 1.33, 1.43, 1.5, 0, 2.53, 3.44, 2.14, 1.85, 2.47, 2.57, 2.37, 2.27, 2.64, 2.18, 2.46, 3.03, 2.91, 2.24, 3.91, 4.97, 5.21, 4.64, 4.21, 4.29, 4.48, 3.86, 3.91, 2.79, 3.68, 4.07, 4.04, 3.17, 3.92, 5.22, 5.54, 5.56, 5.11, 4.57, 3.99, 3.53, 2.79, 2.21, 2.35, 2.55, 3.05, 3.41, 3.12, 3.1, 3.24, 3.31, 3.83, 4.75, 5.1, 5.6, 5.97, 6.28, 6.01, 6.1], [5.16, 3.57, 2.88, 3.09, 3.22, 3.68, 4.79, 4.99, 4.66, 5.25, 5.36, 3.87, 2.93, 2.76, 1.81, 1.52, 1.72, 1.61, 1.82, 2.52, 3.02, 2.63, 2.26, 2.48, 2.79, 2.78, 2.36, 2.35, 2.6, 2.98, 3.63, 2.53, 0, 1.39, 1.45, 2.94, 2.92, 2.04, 2.02, 2.0, 2.01, 2.37, 2.31, 1.92, 2.22, 3.29, 5.86, 6.94, 7.06, 6.49, 6.04, 5.94, 5.33, 4.51, 4.04, 4.2, 5.49, 5.96, 5.91, 5.08, 5.77, 6.97, 7.09, 7.01, 6.68, 6.26, 5.76, 5.42, 4.68, 4.12, 4.34, 4.36, 4.78, 5.36, 5.05, 5.05, 5.19, 5.28, 5.8, 6.7, 7.09, 7.57, 7.94, 8.25, 7.98, 8.05], [6.27, 4.66, 3.89, 4.18, 4.31, 4.75, 5.86, 5.9, 5.53, 6.1, 6.23, 4.74, 3.96, 3.81, 2.68, 2.03, 2.35, 2.22, 2.57, 3.21, 3.69, 3.2, 2.87, 3.19, 3.56, 3.61, 3.13, 3.12, 3.39, 3.75, 4.3, 3.44, 1.39, 0, 1.76, 3.65, 3.65, 2.75, 2.53, 2.59, 2.52, 3.08, 2.78, 1.91, 1.87, 4.26, 6.93, 8.01, 8.11, 7.44, 6.97, 6.89, 6.18, 5.3, 4.79, 5.05, 6.5, 6.97, 6.94, 6.09, 6.76, 7.86, 7.92, 7.76, 7.43, 7.09, 6.79, 6.47, 5.77, 5.15, 5.37, 5.39, 5.87, 6.43, 6.1, 6.1, 6.24, 6.31, 6.83, 7.77, 8.16, 8.66, 9.03, 9.34, 9.05, 9.14], [4.93, 3.32, 2.55, 2.86, 2.97, 3.35, 4.44, 4.54, 4.13, 4.7, 4.89, 3.38, 2.593, 2.51, 1.54, 1.03, 1.39, 1.48, 1.73, 2.15, 2.53, 2.2, 1.71, 2.09, 2.26, 2.27, 1.79, 1.76, 1.99, 2.41, 3.02, 2.14, 1.45, 1.76, 0, 2.13, 2.35, 1.85, 1.57, 1.65, 1.86, 2.1, 1.96, 1.83, 1.53, 2.86, 5.53, 6.61, 6.71, 5.98, 5.49, 5.51, 5.22, 4.48, 4.13, 3.75, 5.06, 5.43, 5.42, 4.61, 5.28, 6.58, 6.84, 6.88, 6.41, 5.85, 5.43, 5.05, 4.33, 3.69, 3.91, 3.91, 4.39, 5.01, 4.62, 4.6, 4.76, 4.83, 5.39, 6.35, 6.76, 7.24, 7.59, 7.94, 7.69, 7.8], [3.017, 1.95, 1.46, 1.63, 1.64, 1.8, 2.61, 2.67, 2.28, 2.819, 3.04, 1.91, 1.67, 1.62, 1.59, 1.88, 1.64, 1.89, 1.7, 1.48, 1.28, 1.63, 2.24, 2.16, 1.87, 1.82, 2.04, 1.83, 1.66, 1.98, 2.47, 1.85, 2.94, 3.65, 2.13, 0, 1.36, 1.78, 1.76, 1.82, 2.17, 1.81, 1.99, 2.9, 2.56, 1.39, 3.56, 4.665, 4.76, 4.13, 3.5, 3.76, 3.71, 3.05, 2.86, 2.14, 3.11, 3.42, 3.39, 2.7, 3.43, 4.83, 5.13, 5.11, 4.6, 4.0, 3.46, 3.06, 2.4, 1.78, 1.98, 2.38, 2.82, 3.22, 2.87, 2.79, 2.87, 2.94, 3.44, 4.4, 4.838, 5.315, 5.633, 5.989, 5.73, 5.861], [3.14, 2.55, 2.0, 1.97, 2.2, 2.54, 3.11, 3.13, 2.82, 3.03, 3.64, 2.85, 2.59, 2.44, 2.29, 2.06, 2.06, 2.33, 2.2, 2.1, 2.1, 2.25, 2.56, 2.68, 2.65, 2.78, 2.68, 2.55, 2.6, 3.08, 3.61, 2.47, 2.92, 3.65, 2.35, 1.36, 0, 1.2, 1.52, 1.82, 1.99, 1.57, 1.89, 2.9, 2.46, 1.09, 3.511, 4.622, 4.66, 3.97, 3.46, 3.5, 3.21, 2.49, 2.12, 1.92, 3.07, 3.42, 3.37, 2.72, 3.27, 4.51, 4.79, 4.81, 4.38, 3.88, 3.48, 3.08, 2.34, 1.76, 2.28, 2.84, 3.38, 3.74, 3.29, 3.17, 3.21, 3.3, 3.82, 4.54, 4.89, 5.39, 5.596, 5.969, 5.731, 5.801], [3.78, 2.55, 2.0, 2.01, 2.22, 2.58, 3.51, 3.55, 3.28, 3.73, 4.14, 3.21, 2.65, 2.48, 2.07, 1.56, 1.76, 2.07, 2.04, 2.36, 2.46, 2.51, 2.64, 2.78, 2.89, 2.96, 2.72, 2.51, 2.62, 3.12, 3.73, 2.57, 2.04, 2.75, 1.85, 1.78, 1.2, 0, 0.8, 1.12, 1.03, 0.93, 1.21, 1.94, 1.66, 1.65, 4.3, 5.42, 5.5, 4.85, 4.36, 4.36, 3.89, 3.11, 2.62, 2.6, 3.85, 4.28, 4.21, 3.44, 4.09, 5.37, 5.57, 5.57, 5.18, 4.66, 4.24, 3.84, 3.08, 2.44, 2.74, 3.04, 3.58, 4.0, 3.57, 3.59, 3.69, 3.74, 4.26, 5.14, 5.59, 6.11, 6.393, 6.729, 6.471, 6.601], [4.14, 2.71, 2.1, 2.13, 2.24, 2.7, 3.73, 3.75, 3.3, 3.97, 4.06, 2.95, 2.55, 2.46, 1.71, 1.16, 1.56, 1.87, 1.9, 2.24, 2.4, 2.33, 2.5, 2.62, 2.75, 2.86, 2.44, 2.23, 2.38, 2.96, 3.51, 2.37, 2.02, 2.53, 1.57, 1.76, 1.52, 0.8, 0, 0.84, 0.85, 1.09, 1.17, 1.76, 1.54, 2.03, 4.6, 5.68, 5.84, 5.17, 4.68, 4.64, 4.25, 3.43, 3.0, 2.88, 4.19, 4.58, 4.55, 3.76, 4.41, 5.65, 5.87, 5.89, 5.46, 4.94, 4.56, 4.18, 3.4, 2.74, 2.98, 3.4, 3.9, 4.22, 3.79, 3.81, 3.91, 3.98, 4.5, 5.42, 5.87, 6.33, 6.66, 7.026, 6.765, 6.881], [4.117, 2.59, 2.08, 1.97, 2.1, 2.54, 3.57, 3.75, 3.42, 4.13, 4.18, 2.89, 2.41, 2.32, 1.69, 1.18, 1.7, 2.01, 2.16, 2.32, 2.4, 2.53, 2.54, 2.64, 2.69, 2.76, 2.28, 2.17, 2.28, 2.8, 3.41, 2.27, 2.0, 2.59, 1.65, 1.82, 1.82, 1.12, 0.84, 0, 0.65, 1.09, 0.93, 1.64, 1.68, 2.15, 4.64, 5.74, 5.94, 5.19, 4.72, 4.68, 4.43, 3.67, 3.22, 2.96, 4.29, 4.7, 4.67, 3.78, 4.57, 5.83, 6.07, 6.05, 5.58, 5.16, 4.7, 4.22, 3.46, 2.78, 2.92, 3.36, 3.84, 4.18, 3.81, 3.75, 3.87, 3.94, 4.44, 5.46, 5.89, 6.37, 6.68, 7.07, 6.76, 6.85], [4.33, 2.88, 2.31, 2.2, 2.29, 2.75, 3.82, 4.0, 3.63, 4.38, 4.41, 3.26, 2.78, 2.67, 1.94, 1.47, 1.87, 2.24, 2.33, 2.63, 2.73, 2.76, 2.83, 2.95, 3.04, 3.13, 2.67, 2.48, 2.67, 3.21, 3.78, 2.64, 2.01, 2.52, 1.86, 2.17, 1.99, 1.03, 0.85, 0.65, 0, 1.04, 0.92, 1.47, 1.51, 2.38, 4.77, 5.91, 6.09, 5.34, 4.87, 4.81, 4.44, 3.68, 3.21, 3.07, 4.4, 4.89, 4.86, 4.01, 4.72, 5.96, 6.18, 6.14, 5.71, 5.31, 4.85, 4.39, 3.61, 2.97, 3.13, 3.55, 4.07, 4.37, 4.0, 3.94, 4.08, 4.17, 4.67, 5.67, 6.06, 6.54, 6.85, 7.24, 6.93, 7.04], [3.55, 2.3, 1.75, 1.78, 1.93, 2.13, 3.1, 3.18, 2.89, 3.66, 3.75, 2.68, 2.22, 2.05, 1.92, 1.77, 1.91, 2.32, 2.25, 2.27, 2.27, 2.3, 2.45, 2.63, 2.68, 2.67, 2.51, 2.56, 2.45, 2.91, 3.34, 2.18, 2.37, 3.08, 2.1, 1.81, 1.57, 0.93, 1.09, 1.09, 1.04, 0, 0.9, 2.13, 1.99, 1.78, 4.01, 5.13, 5.29, 4.64, 4.13, 4.09, 3.76, 2.98, 2.61, 2.43, 3.68, 4.11, 4.1, 3.35, 3.96, 5.22, 5.46, 5.44, 5.01, 4.57, 4.21, 3.79, 2.81, 2.29, 2.39, 2.89, 3.47, 3.73, 3.32, 3.26, 3.34, 3.53, 3.99, 4.95, 5.32, 5.74, 6.05, 6.44, 6.17, 6.28], [4.113, 2.72, 2.05, 2.0, 2.25, 2.49, 3.58, 3.76, 3.45, 4.18, 4.17, 2.94, 2.32, 2.23, 2.0, 1.73, 2.03, 2.4, 2.33, 2.47, 2.59, 2.54, 2.65, 2.73, 2.82, 2.87, 2.73, 2.62, 2.67, 3.07, 3.64, 2.46, 2.31, 2.78, 1.96, 1.99, 1.89, 1.21, 1.17, 0.93, 0.92, 0.9, 0, 1.55, 1.57, 2.18, 4.53, 5.69, 5.83, 5.08, 4.63, 4.57, 4.26, 3.5, 3.07, 2.87, 4.2, 4.61, 4.62, 3.71, 4.48, 5.74, 5.96, 5.92, 5.49, 5.09, 4.71, 4.27, 3.35, 2.75, 2.87, 3.27, 3.87, 4.17, 3.76, 3.72, 3.88, 3.97, 4.47, 5.47, 5.9, 6.32, 6.63, 7.02, 6.71, 6.832], [5.48, 3.907, 3.114, 3.304, 3.46, 3.843, 4.933, 5.082, 4.72, 5.37, 5.59, 4.09, 3.29, 3.22, 2.21, 1.76, 2.22, 2.37, 2.62, 3.2, 3.48, 3.25, 3.04, 3.22, 3.49, 3.5, 3.08, 2.99, 3.22, 3.74, 4.35, 3.03, 1.92, 1.91, 1.83, 2.9, 2.9, 1.94, 1.76, 1.64, 1.47, 2.13, 1.55, 0, 1.18, 3.39, 5.974, 7.094, 7.22, 6.43, 5.98, 5.94, 5.45, 4.61, 4.06, 4.2, 5.45, 5.94, 5.95, 5.04, 5.79, 7.05, 7.27, 7.19, 6.84, 6.4, 5.98, 5.54, 4.8, 4.14, 4.32, 4.52, 5.12, 5.534, 5.17, 5.07, 5.23, 5.34, 5.84, 6.86, 7.279, 7.761, 8.065, 8.455, 8.171, 8.255], [5.12, 3.61, 2.88, 3.086, 3.32, 3.64, 4.693, 4.785, 4.415, 4.93, 5.26, 3.89, 3.35, 3.26, 2.47, 1.72, 2.08, 2.11, 2.36, 3.0, 3.34, 2.87, 2.78, 2.8, 3.03, 3.06, 2.74, 2.49, 2.8, 3.42, 4.09, 2.91, 2.22, 1.87, 1.53, 2.56, 2.46, 1.66, 1.54, 1.68, 1.51, 1.99, 1.57, 1.18, 0, 2.97, 5.76, 6.748, 6.92, 6.25, 5.76, 5.76, 5.33, 4.49, 4.06, 4.04, 5.31, 5.62, 5.57, 4.72, 5.61, 6.89, 7.11, 7.11, 6.7, 6.18, 5.74, 5.24, 4.48, 3.84, 4.08, 4.12, 4.66, 5.165, 4.79, 4.75, 4.93, 5.019, 5.576, 6.525, 6.912, 7.412, 7.762, 8.132, 7.853, 7.963], [2.49, 1.74, 1.39, 1.32, 1.57, 1.83, 2.46, 2.54, 2.21, 2.56, 2.87, 2.36, 2.04, 1.95, 2.12, 2.55, 2.31, 2.54, 2.23, 2.03, 1.91, 2.36, 3.05, 2.75, 2.58, 2.47, 2.53, 2.3, 2.17, 2.43, 3.22, 2.24, 3.29, 4.26, 2.86, 1.39, 1.09, 1.65, 2.03, 2.15, 2.38, 1.78, 2.18, 3.39, 2.97, 0, 2.85, 3.89, 4.01, 3.6, 3.01, 3.13, 3.18, 2.44, 2.29, 1.69, 2.68, 2.83, 2.82, 2.35, 2.92, 4.26, 4.6, 4.62, 4.13, 3.61, 3.03, 2.55, 1.79, 1.19, 1.61, 2.21, 2.73, 3.07, 2.64, 2.48, 2.64, 2.69, 3.17, 3.89, 4.06, 4.62, 4.89, 5.262, 5.01, 5.093], [1.9, 2.71, 3.2, 2.89, 2.74, 2.46, 2.35, 2.21, 2.12, 1.69, 1.78, 2.65, 3.21, 3.3, 4.43, 5.08, 4.88, 5.11, 4.64, 4.0, 3.48, 4.27, 5.04, 4.66, 4.15, 4.16, 4.88, 4.85, 4.44, 4.4, 3.77, 3.91, 5.86, 6.93, 5.53, 3.56, 3.511, 4.3, 4.6, 4.64, 4.77, 4.01, 4.53, 5.974, 5.76, 2.85, 0, 1.2, 1.56, 1.43, 1.26, 1.7, 2.15, 2.59, 3.187, 2.555, 1.57, 1.42, 1.45, 1.64, 1.83, 2.19, 2.43, 2.45, 2.1, 2.0, 1.62, 1.18, 1.52, 2.0, 1.9, 2.18, 2.56, 2.5, 2.27, 2.15, 2.15, 2.38, 2.52, 2.86, 2.79, 2.93, 2.56, 2.85, 2.82, 2.81], [2.3, 3.53, 4.2, 3.93, 3.84, 3.4, 3.03, 2.91, 2.84, 2.37, 2.02, 3.61, 4.33, 4.42, 5.55, 6.2, 5.96, 6.19, 5.72, 5.08, 4.56, 5.35, 6.12, 5.66, 5.09, 5.12, 5.8, 5.75, 5.36, 5.3, 4.73, 4.97, 6.94, 8.01, 6.61, 4.665, 4.622, 5.42, 5.68, 5.74, 5.91, 5.13, 5.69, 7.094, 6.748, 3.89, 1.2, 0, 1.24, 1.73, 1.9, 2.14, 2.73, 3.625, 4.095, 3.535, 2.09, 1.78, 1.65, 2.4, 2.07, 1.81, 1.95, 2.33, 2.12, 1.88, 1.84, 1.8, 2.46, 3.04, 2.9, 2.98, 2.94, 2.74, 2.87, 2.85, 2.83, 2.98, 2.94, 2.9, 2.57, 2.31, 1.88, 2.13, 2.22, 2.37], [2.72, 3.87, 4.48, 4.25, 4.1, 3.8, 3.49, 3.35, 3.32, 2.71, 2.46, 4.01, 4.57, 4.6, 5.69, 6.32, 6.08, 6.29, 5.82, 5.18, 4.66, 5.47, 6.22, 5.88, 5.39, 5.4, 6.12, 6.11, 5.74, 5.66, 5.03, 5.21, 7.06, 8.11, 6.71, 4.76, 4.66, 5.5, 5.84, 5.94, 6.09, 5.29, 5.83, 7.22, 6.92, 4.01, 1.56, 1.24, 0, 1.23, 1.72, 2.0, 2.59, 3.65, 4.266, 3.646, 2.15, 1.86, 1.63, 2.42, 1.73, 1.33, 1.51, 1.67, 1.82, 1.66, 1.8, 2.04, 2.68, 3.32, 3.18, 3.32, 3.24, 3.04, 3.41, 3.31, 3.27, 3.46, 3.22, 3.04, 2.59, 2.01, 1.72, 2.15, 2.04, 2.27], [2.53, 3.56, 4.15, 3.76, 3.57, 3.41, 3.34, 3.26, 3.17, 2.6, 2.37, 3.58, 4.12, 4.11, 5.14, 5.63, 5.41, 5.64, 5.19, 4.51, 3.93, 4.74, 5.57, 5.45, 5.14, 5.13, 5.75, 5.8, 5.35, 5.33, 4.76, 4.64, 6.49, 7.44, 5.98, 4.13, 3.97, 4.85, 5.17, 5.19, 5.34, 4.64, 5.08, 6.43, 6.25, 3.6, 1.43, 1.73, 1.23, 0, 1.05, 1.23, 1.88, 2.76, 3.31, 2.65, 1.68, 1.91, 1.66, 1.75, 1.24, 1.36, 1.62, 1.72, 1.43, 1.41, 1.93, 1.79, 2.15, 2.79, 2.75, 3.07, 3.31, 3.25, 3.2, 3.08, 3.04, 3.33, 3.33, 3.41, 3.0, 2.7, 2.51, 2.9, 2.771, 2.901], [2.14, 3.03, 3.5, 3.21, 3.0, 2.96, 3.05, 2.97, 2.8, 2.49, 2.34, 2.97, 3.45, 3.5, 4.59, 5.14, 4.96, 5.19, 4.74, 4.04, 3.46, 4.27, 5.06, 4.9, 4.51, 4.5, 5.16, 5.17, 4.78, 4.72, 4.27, 4.21, 6.04, 6.97, 5.49, 3.5, 3.46, 4.36, 4.68, 4.72, 4.87, 4.13, 4.63, 5.98, 5.76, 3.01, 1.26, 1.9, 1.72, 1.05, 0, 1.22, 1.75, 2.29, 2.76, 2.1, 1.57, 1.72, 1.59, 1.54, 1.37, 1.89, 2.09, 2.29, 1.92, 1.66, 2.06, 1.68, 1.64, 2.22, 2.3, 2.7, 3.12, 3.1, 2.89, 2.57, 2.65, 3.0, 3.18, 3.44, 3.23, 3.09, 2.72, 3.114, 3.061, 3.257], [2.48, 3.45, 3.72, 3.37, 3.32, 3.42, 3.65, 3.57, 3.38, 2.91, 2.72, 3.29, 3.61, 3.6, 4.61, 5.1, 4.84, 5.11, 4.66, 4.12, 3.48, 4.17, 5.02, 4.96, 4.69, 4.72, 5.28, 5.31, 4.96, 4.9, 4.71, 4.29, 5.94, 6.89, 5.51, 3.76, 3.5, 4.36, 4.64, 4.68, 4.81, 4.09, 4.57, 5.94, 5.76, 3.13, 1.7, 2.14, 2.0, 1.23, 1.22, 0, 1.13, 1.91, 2.52, 2.14, 1.91, 2.12, 2.05, 1.74, 1.43, 1.69, 2.05, 2.11, 1.6, 1.64, 2.28, 2.16, 1.82, 2.5, 2.74, 3.28, 3.66, 3.62, 3.43, 3.15, 3.21, 3.52, 3.68, 3.86, 3.67, 3.27, 3.16, 3.53, 3.498, 3.631], [2.99, 3.84, 4.03, 3.7, 3.75, 3.85, 4.08, 4.08, 3.79, 3.6, 3.51, 3.7, 3.92, 3.89, 4.48, 4.85, 4.43, 4.52, 4.17, 3.99, 3.61, 3.88, 4.73, 4.67, 4.48, 4.69, 5.13, 5.16, 4.97, 5.17, 5.14, 4.48, 5.33, 6.18, 5.22, 3.71, 3.21, 3.89, 4.25, 4.43, 4.44, 3.76, 4.26, 5.45, 5.33, 3.18, 2.15, 2.73, 2.59, 1.88, 1.75, 1.13, 0, 1.26, 1.85, 1.97, 2.64, 2.83, 2.8, 2.37, 2.1, 2.34, 2.42, 2.48, 2.13, 2.27, 3.05, 2.87, 2.27, 2.85, 3.15, 3.77, 4.35, 4.37, 3.94, 3.7, 3.78, 4.09, 4.43, 4.67, 4.5, 4.12, 3.89, 4.255, 4.211, 4.367], [3.21, 3.32, 3.29, 3.1, 3.17, 3.33, 3.64, 3.76, 3.49, 3.56, 3.786, 3.52, 3.3, 3.33, 3.76, 4.07, 3.57, 3.7, 3.45, 3.35, 2.95, 3.06, 4.03, 3.97, 4.02, 4.05, 4.41, 4.46, 4.25, 4.53, 4.7, 3.86, 4.51, 5.3, 4.48, 3.05, 2.49, 3.11, 3.43, 3.67, 3.68, 2.98, 3.5, 4.61, 4.49, 2.44, 2.59, 3.625, 3.65, 2.76, 2.29, 1.91, 1.26, 0, 1.09, 1.45, 2.76, 2.83, 3.18, 2.65, 2.68, 3.2, 3.14, 2.98, 2.59, 2.83, 3.37, 3.11, 2.07, 2.35, 2.65, 3.47, 4.21, 4.25, 3.66, 3.38, 3.5, 3.79, 4.23, 4.81, 4.84, 4.76, 4.43, 4.89, 4.831, 4.924], [3.616, 3.41, 3.18, 2.97, 3.16, 3.42, 3.99, 4.19, 3.88, 4.103, 4.353, 3.93, 3.61, 3.48, 3.53, 3.68, 3.32, 3.51, 3.4, 3.34, 3.16, 3.29, 4.12, 4.1, 4.15, 4.24, 4.32, 4.29, 4.26, 4.62, 5.03, 3.91, 4.04, 4.79, 4.13, 2.86, 2.12, 2.62, 3.0, 3.22, 3.21, 2.61, 3.07, 4.06, 4.06, 2.29, 3.187, 4.095, 4.266, 3.31, 2.76, 2.52, 1.85, 1.09, 0, 1.62, 3.17, 3.22, 3.55, 3.2, 3.13, 3.71, 3.71, 3.65, 3.16, 3.3, 3.86, 3.42, 2.46, 2.42, 2.92, 3.8, 4.56, 4.62, 4.05, 3.75, 3.85, 4.12, 4.6, 5.24, 5.323, 5.33, 5.138, 5.62, 5.535, 5.624], [2.58, 2.17, 2.42, 2.07, 2.02, 2.16, 2.57, 2.83, 2.44, 2.863, 3.073, 2.51, 2.35, 2.3, 2.93, 3.36, 3.12, 3.29, 2.84, 2.42, 1.98, 2.49, 3.46, 3.4, 3.15, 3.16, 3.56, 3.63, 3.4, 3.5, 3.57, 2.79, 4.2, 5.05, 3.75, 2.14, 1.92, 2.6, 2.88, 2.96, 3.07, 2.43, 2.87, 4.2, 4.04, 1.69, 2.555, 3.535, 3.646, 2.65, 2.1, 2.14, 1.97, 1.45, 1.62, 0, 1.99, 2.32, 2.45, 2.08, 2.15, 3.27, 3.43, 3.47, 2.92, 2.52, 2.78, 2.62, 1.44, 1.5, 1.7, 2.4, 3.08, 3.2, 2.65, 2.47, 2.63, 2.84, 3.28, 4.0, 4.15, 4.23, 4.426, 4.845, 4.558, 4.928], [1.97, 2.64, 3.13, 2.82, 2.65, 2.37, 2.16, 2.02, 1.95, 1.54, 1.65, 2.6, 3.1, 3.13, 4.16, 4.69, 4.45, 4.68, 4.23, 3.57, 2.97, 3.78, 4.65, 4.49, 4.14, 4.13, 4.77, 4.82, 4.41, 4.33, 3.76, 3.68, 5.49, 6.5, 5.06, 3.11, 3.07, 3.85, 4.19, 4.29, 4.4, 3.68, 4.2, 5.45, 5.31, 2.68, 1.57, 2.09, 2.15, 1.68, 1.57, 1.91, 2.64, 2.76, 3.17, 1.99, 0, 0.95, 0.92, 1.35, 1.36, 2.3, 2.28, 2.24, 1.83, 1.27, 1.25, 1.15, 1.45, 1.99, 1.75, 1.97, 1.99, 1.97, 1.98, 1.78, 1.84, 1.99, 2.03, 2.31, 2.44, 2.68, 2.854, 3.264, 3.04, 3.235], [1.94, 2.73, 3.32, 3.11, 2.96, 2.58, 2.11, 1.97, 1.98, 1.45, 1.78, 2.79, 3.39, 3.44, 4.59, 5.18, 4.92, 5.15, 4.7, 4.04, 3.44, 4.27, 5.04, 4.72, 4.27, 4.26, 4.98, 4.97, 4.56, 4.52, 3.91, 4.07, 5.96, 6.97, 5.43, 3.42, 3.42, 4.28, 4.58, 4.7, 4.89, 4.11, 4.61, 5.94, 5.62, 2.83, 1.42, 1.78, 1.86, 1.91, 1.72, 2.12, 2.83, 2.83, 3.22, 2.32, 0.95, 0, 0.79, 1.64, 1.69, 2.39, 2.31, 2.25, 2.02, 1.44, 1.06, 1.14, 1.5, 2.06, 1.9, 1.96, 1.84, 1.8, 1.89, 1.77, 1.77, 1.9, 1.86, 2.14, 2.19, 2.21, 2.34, 2.79, 2.63, 2.885], [1.63, 2.64, 3.29, 3.06, 2.91, 2.49, 2.2, 2.08, 2.03, 1.52, 1.57, 2.74, 3.42, 3.45, 4.58, 5.17, 4.93, 5.12, 4.67, 4.01, 3.43, 4.28, 5.01, 4.67, 4.18, 4.17, 4.89, 4.88, 4.47, 4.43, 3.8, 4.04, 5.91, 6.94, 5.42, 3.39, 3.37, 4.21, 4.55, 4.67, 4.86, 4.1, 4.62, 5.95, 5.57, 2.82, 1.45, 1.65, 1.63, 1.66, 1.59, 2.05, 2.8, 3.18, 3.55, 2.45, 0.92, 0.79, 0, 1.31, 1.4, 2.28, 2.26, 2.38, 1.93, 1.27, 1.11, 1.15, 1.61, 2.11, 1.85, 1.91, 1.93, 1.95, 2.04, 1.9, 1.9, 2.11, 2.01, 2.23, 2.14, 2.22, 2.43, 2.82, 2.61, 2.995], [1.46, 2.27, 2.7, 2.41, 2.34, 2.22, 2.33, 2.29, 2.1, 1.71, 1.72, 2.23, 2.71, 2.72, 3.75, 4.26, 4.04, 4.27, 3.82, 3.16, 2.64, 3.39, 4.16, 3.82, 3.51, 3.58, 4.12, 4.13, 3.86, 3.8, 3.39, 3.17, 5.08, 6.09, 4.61, 2.7, 2.72, 3.44, 3.76, 3.78, 4.01, 3.35, 3.71, 5.04, 4.72, 2.35, 1.64, 2.4, 2.42, 1.75, 1.54, 1.74, 2.37, 2.65, 3.2, 2.08, 1.35, 1.64, 1.31, 0, 1.13, 2.39, 2.67, 2.69, 2.24, 1.74, 1.68, 1.44, 1.24, 1.54, 1.62, 1.88, 2.32, 2.28, 2.15, 1.97, 2.05, 2.3, 2.42, 2.78, 2.73, 3.01, 3.22, 3.614, 3.45, 3.625], [2.05, 3.0, 3.47, 3.24, 3.11, 3.03, 3.1, 3.0, 2.79, 2.3, 2.05, 3.0, 3.46, 3.43, 4.4, 4.93, 4.69, 4.96, 4.51, 3.83, 3.33, 4.06, 4.87, 4.71, 4.4, 4.43, 5.01, 5.06, 4.67, 4.65, 4.22, 3.92, 5.77, 6.76, 5.28, 3.43, 3.27, 4.09, 4.41, 4.57, 4.72, 3.96, 4.48, 5.79, 5.61, 2.92, 1.83, 2.07, 1.73, 1.24, 1.37, 1.43, 2.1, 2.68, 3.13, 2.15, 1.36, 1.69, 1.4, 1.13, 0, 1.44, 1.9, 2.04, 1.67, 1.11, 1.81, 1.73, 1.51, 2.11, 2.33, 2.73, 3.05, 2.97, 2.86, 2.62, 2.72, 2.99, 3.07, 3.13, 2.8, 2.46, 2.69, 3.1, 2.91, 3.26], [3.23, 4.22, 4.75, 4.44, 4.33, 4.21, 4.18, 4.08, 3.89, 3.32, 3.01, 4.28, 4.74, 4.67, 5.68, 6.13, 5.87, 6.1, 5.65, 4.95, 4.45, 5.16, 6.07, 5.99, 5.72, 5.79, 6.33, 6.36, 6.03, 5.97, 5.46, 5.22, 6.97, 7.86, 6.58, 4.83, 4.51, 5.37, 5.65, 5.83, 5.96, 5.22, 5.74, 7.05, 6.89, 4.26, 2.19, 1.81, 1.33, 1.36, 1.89, 1.69, 2.34, 3.2, 3.71, 3.27, 2.3, 2.39, 2.28, 2.39, 1.44, 0, 0.96, 1.34, 1.49, 1.39, 2.33, 2.47, 2.71, 3.43, 3.51, 3.85, 4.01, 3.85, 3.92, 3.76, 3.74, 4.03, 4.01, 3.79, 3.38, 2.6, 2.25, 2.66, 2.69, 2.82], [3.51, 4.5, 5.07, 4.7, 4.59, 4.43, 4.14, 4.02, 3.99, 3.34, 3.17, 4.56, 5.02, 4.95, 5.98, 6.43, 6.09, 6.2, 5.77, 5.11, 4.59, 5.24, 6.31, 6.31, 6.06, 6.11, 6.65, 6.68, 6.35, 6.29, 5.76, 5.54, 7.09, 7.92, 6.84, 5.13, 4.79, 5.57, 5.87, 6.07, 6.18, 5.46, 5.96, 7.27, 7.11, 4.6, 2.43, 1.95, 1.51, 1.62, 2.09, 2.05, 2.42, 3.14, 3.71, 3.43, 2.28, 2.31, 2.26, 2.67, 1.9, 0.96, 0, 0.94, 1.33, 1.31, 2.27, 2.59, 3.05, 3.77, 3.79, 4.01, 3.95, 3.83, 4.0, 3.82, 3.8, 3.95, 3.89, 3.65, 3.22, 2.48, 1.91, 2.28, 2.31, 2.46], [3.59, 4.52, 5.09, 4.72, 4.59, 4.45, 4.14, 3.98, 4.01, 3.36, 3.19, 4.54, 5.0, 4.97, 6.0, 6.45, 6.11, 6.16, 5.71, 5.11, 4.61, 5.22, 6.33, 6.33, 6.08, 6.13, 6.67, 6.7, 6.37, 6.31, 5.78, 5.56, 7.01, 7.76, 6.88, 5.11, 4.81, 5.57, 5.89, 6.05, 6.14, 5.44, 5.92, 7.19, 7.11, 4.62, 2.45, 2.33, 1.67, 1.72, 2.29, 2.11, 2.48, 2.98, 3.65, 3.47, 2.24, 2.25, 2.38, 2.69, 2.04, 1.34, 0.94, 0, 0.97, 1.47, 2.21, 2.59, 3.11, 3.79, 3.79, 4.05, 3.97, 3.73, 4.04, 3.82, 3.84, 3.93, 3.79, 3.47, 3.04, 2.56, 2.15, 2.56, 2.55, 2.56], [3.16, 4.15, 4.62, 4.29, 4.12, 3.98, 3.77, 3.65, 3.66, 3.01, 2.82, 4.05, 4.53, 4.5, 5.57, 6.04, 5.72, 5.77, 5.32, 4.68, 4.18, 4.81, 5.94, 5.92, 5.63, 5.64, 6.22, 6.27, 5.88, 5.82, 5.33, 5.11, 6.68, 7.43, 6.41, 4.6, 4.38, 5.18, 5.46, 5.58, 5.71, 5.01, 5.49, 6.84, 6.7, 4.13, 2.1, 2.12, 1.82, 1.43, 1.92, 1.6, 2.13, 2.59, 3.16, 2.92, 1.83, 2.02, 1.93, 2.24, 1.67, 1.49, 1.33, 0.97, 0, 1.12, 1.96, 2.2, 2.6, 3.3, 3.32, 3.66, 3.64, 3.52, 3.67, 3.45, 3.47, 3.6, 3.56, 3.46, 3.11, 2.89, 2.68, 3.09, 3.08, 3.09], [2.46, 3.49, 4.06, 3.77, 3.64, 3.44, 3.21, 3.11, 3.04, 2.39, 2.2, 3.55, 4.05, 4.0, 5.05, 5.52, 5.18, 5.35, 4.92, 4.2, 3.64, 4.35, 5.38, 5.36, 5.07, 5.06, 5.66, 5.71, 5.28, 5.26, 4.69, 4.57, 6.26, 7.09, 5.85, 4.0, 3.88, 4.66, 4.94, 5.16, 5.31, 4.57, 5.09, 6.4, 6.18, 3.61, 2.0, 1.88, 1.66, 1.41, 1.66, 1.64, 2.27, 2.83, 3.3, 2.52, 1.27, 1.44, 1.27, 1.74, 1.11, 1.39, 1.31, 1.47, 1.12, 0, 1.58, 1.84, 2.04, 2.78, 2.76, 3.0, 3.0, 2.92, 3.03, 2.89, 2.89, 3.06, 2.98, 2.98, 2.79, 2.37, 2.48, 2.85, 2.7, 3.05], [2.02, 3.01, 3.48, 3.21, 2.98, 2.72, 2.19, 2.01, 2.02, 1.33, 1.54, 2.89, 3.47, 3.44, 4.53, 5.02, 4.78, 4.97, 4.5, 3.86, 3.34, 4.15, 4.94, 4.66, 4.29, 4.28, 4.92, 4.97, 4.56, 4.52, 3.89, 3.99, 5.76, 6.79, 5.43, 3.46, 3.48, 4.24, 4.56, 4.7, 4.85, 4.21, 4.71, 5.98, 5.74, 3.03, 1.62, 1.84, 1.8, 1.93, 2.06, 2.28, 3.05, 3.37, 3.86, 2.78, 1.25, 1.06, 1.11, 1.68, 1.81, 2.33, 2.27, 2.21, 1.96, 1.58, 0, 1.06, 1.98, 2.4, 2.22, 2.22, 1.9, 1.74, 2.19, 2.15, 2.09, 2.14, 1.92, 1.88, 1.83, 2.15, 2.34, 2.67, 2.44, 2.61], [1.8, 2.49, 2.98, 2.73, 2.54, 2.28, 1.91, 1.73, 1.64, 1.19, 1.6, 2.41, 3.01, 3.04, 4.19, 4.7, 4.44, 4.65, 4.18, 3.54, 3.02, 3.83, 4.58, 4.2, 3.79, 3.8, 4.4, 4.43, 4.02, 3.98, 3.45, 3.53, 5.42, 6.47, 5.05, 3.06, 3.08, 3.84, 4.18, 4.22, 4.39, 3.79, 4.27, 5.54, 5.24, 2.55, 1.18, 1.8, 2.04, 1.79, 1.68, 2.16, 2.87, 3.11, 3.42, 2.62, 1.15, 1.14, 1.15, 1.44, 1.73, 2.47, 2.59, 2.59, 2.2, 1.84, 1.06, 0, 1.44, 1.72, 1.72, 1.76, 1.78, 1.84, 1.87, 1.77, 1.73, 1.92, 1.94, 2.32, 2.35, 2.81, 2.82, 3.15, 3.08, 2.97], [1.5, 1.71, 2.16, 1.91, 1.78, 1.78, 1.95, 1.99, 1.72, 1.91, 2.14, 1.93, 2.23, 2.24, 3.33, 3.96, 3.72, 3.95, 3.48, 2.94, 2.32, 3.11, 3.92, 3.58, 3.23, 3.14, 3.78, 3.81, 3.36, 3.32, 3.07, 2.79, 4.68, 5.77, 4.33, 2.4, 2.34, 3.08, 3.4, 3.46, 3.61, 2.81, 3.35, 4.8, 4.48, 1.79, 1.52, 2.46, 2.68, 2.15, 1.64, 1.82, 2.27, 2.07, 2.46, 1.44, 1.45, 1.5, 1.61, 1.24, 1.51, 2.71, 3.05, 3.11, 2.6, 2.04, 1.98, 1.44, 0, 0.92, 1.1, 1.68, 2.38, 2.4, 1.93, 1.79, 1.87, 2.18, 2.44, 2.98, 3.15, 3.25, 3.4, 3.83, 3.7, 3.89], [1.78, 1.53, 1.66, 1.39, 1.4, 1.52, 1.91, 1.99, 1.64, 2.05, 2.4, 1.71, 1.81, 1.74, 2.75, 3.3, 3.1, 3.33, 2.88, 2.3, 1.86, 2.67, 3.56, 3.12, 2.77, 2.72, 3.14, 3.07, 2.76, 2.68, 2.83, 2.21, 4.12, 5.15, 3.69, 1.78, 1.76, 2.44, 2.74, 2.78, 2.97, 2.29, 2.75, 4.14, 3.84, 1.19, 2.0, 3.04, 3.32, 2.79, 2.22, 2.5, 2.85, 2.35, 2.42, 1.5, 1.99, 2.06, 2.11, 1.54, 2.11, 3.43, 3.77, 3.79, 3.3, 2.78, 2.4, 1.72, 0.92, 0, 0.98, 1.64, 2.28, 2.34, 1.93, 1.81, 1.87, 2.1, 2.48, 3.2, 3.43, 3.87, 4.04, 4.43, 4.28, 4.27], [1.58, 1.21, 1.64, 1.37, 1.24, 1.02, 1.33, 1.39, 1.26, 1.75, 2.12, 1.63, 1.75, 1.78, 2.89, 3.5, 3.32, 3.55, 3.08, 2.48, 1.98, 2.73, 3.56, 3.24, 2.79, 2.64, 3.24, 3.19, 2.82, 2.76, 2.43, 2.35, 4.34, 5.37, 3.91, 1.98, 2.28, 2.74, 2.98, 2.92, 3.13, 2.39, 2.87, 4.32, 4.08, 1.61, 1.9, 2.9, 3.18, 2.75, 2.3, 2.74, 3.15, 2.65, 2.92, 1.7, 1.75, 1.9, 1.85, 1.62, 2.33, 3.51, 3.79, 3.79, 3.32, 2.76, 2.22, 1.72, 1.1, 0.98, 0, 1.1, 1.8, 1.86, 1.41, 1.17, 1.33, 1.56, 2.06, 2.86, 3.11, 3.59, 3.82, 4.23, 3.94, 4.07], [1.84, 1.59, 1.94, 1.83, 1.64, 1.2, 1.15, 1.29, 1.2, 1.51, 1.94, 1.77, 2.01, 2.0, 3.11, 3.66, 3.42, 3.59, 3.14, 2.64, 2.32, 2.87, 3.46, 3.14, 2.65, 2.6, 3.32, 3.27, 2.9, 2.84, 2.27, 2.55, 4.36, 5.39, 3.91, 2.38, 2.84, 3.04, 3.4, 3.36, 3.55, 2.89, 3.27, 4.52, 4.12, 2.21, 2.18, 2.98, 3.32, 3.07, 2.7, 3.28, 3.77, 3.47, 3.8, 2.4, 1.97, 1.96, 1.91, 1.88, 2.73, 3.85, 4.01, 4.05, 3.66, 3.0, 2.22, 1.76, 1.68, 1.64, 1.1, 0, 0.98, 1.28, 1.03, 1.01, 1.07, 1.32, 1.76, 2.6, 2.93, 3.43, 3.74, 4.13, 3.9, 3.99], [2.3, 2.11, 2.62, 2.35, 2.22, 1.72, 1.13, 1.21, 1.44, 1.35, 1.86, 2.05, 2.59, 2.62, 3.77, 4.18, 3.9, 4.07, 3.56, 3.0, 2.7, 3.37, 3.94, 3.56, 3.05, 3.04, 3.72, 3.65, 3.3, 3.24, 2.75, 3.05, 4.78, 5.87, 4.39, 2.82, 3.38, 3.58, 3.9, 3.84, 4.07, 3.47, 3.87, 5.12, 4.66, 2.73, 2.56, 2.94, 3.24, 3.31, 3.12, 3.66, 4.35, 4.21, 4.56, 3.08, 1.99, 1.84, 1.93, 2.32, 3.05, 4.01, 3.95, 3.97, 3.64, 3.0, 1.9, 1.78, 2.38, 2.28, 1.8, 0.98, 0, 0.76, 1.03, 1.15, 1.13, 1.02, 1.22, 2.04, 2.45, 2.93, 3.28, 3.71, 3.48, 3.53], [2.32, 2.37, 2.76, 2.61, 2.48, 1.98, 1.17, 1.19, 1.5, 1.45, 1.86, 2.17, 2.83, 2.86, 4.03, 4.62, 4.38, 4.61, 4.14, 3.56, 3.12, 3.79, 4.54, 4.1, 3.55, 3.54, 4.26, 4.15, 3.82, 3.76, 3.17, 3.41, 5.36, 6.43, 5.01, 3.22, 3.74, 4.0, 4.22, 4.18, 4.37, 3.73, 4.17, 5.534, 5.165, 3.07, 2.5, 2.74, 3.04, 3.25, 3.1, 3.62, 4.37, 4.25, 4.62, 3.2, 1.97, 1.8, 1.95, 2.28, 2.97, 3.85, 3.83, 3.73, 3.52, 2.92, 1.74, 1.84, 2.4, 2.34, 1.86, 1.28, 0.76, 0, 0.85, 1.03, 0.87, 0.94, 0.98, 1.6, 1.89, 2.41, 2.74, 3.13, 2.9, 2.97], [2.11, 2.02, 2.43, 2.24, 2.13, 1.65, 1.04, 1.02, 1.15, 1.4, 1.91, 1.96, 2.46, 2.55, 3.68, 4.27, 4.05, 4.28, 3.81, 3.19, 2.79, 3.4, 4.17, 3.85, 3.28, 3.27, 3.95, 3.86, 3.53, 3.47, 2.9, 3.12, 5.05, 6.1, 4.62, 2.87, 3.29, 3.57, 3.79, 3.81, 4.0, 3.32, 3.76, 5.17, 4.79, 2.64, 2.27, 2.87, 3.41, 3.2, 2.89, 3.43, 3.94, 3.66, 4.05, 2.65, 1.98, 1.89, 2.04, 2.15, 2.86, 3.92, 4.0, 4.04, 3.67, 3.03, 2.19, 1.87, 1.93, 1.93, 1.41, 1.03, 1.03, 0.85, 0, 0.54, 0.52, 0.81, 1.17, 2.01, 2.4, 2.86, 3.13, 3.56, 3.35, 3.38], [2.03, 1.98, 2.41, 2.16, 2.03, 1.63, 1.1, 1.12, 1.29, 1.42, 1.95, 1.86, 2.36, 2.45, 3.64, 4.23, 4.05, 4.28, 3.81, 3.21, 2.79, 3.42, 4.17, 3.87, 3.36, 3.29, 3.97, 3.88, 3.55, 3.49, 2.9, 3.1, 5.05, 6.1, 4.6, 2.79, 3.17, 3.59, 3.81, 3.75, 3.94, 3.26, 3.72, 5.07, 4.75, 2.48, 2.15, 2.85, 3.31, 3.08, 2.57, 3.15, 3.7, 3.38, 3.75, 2.47, 1.78, 1.77, 1.9, 1.97, 2.62, 3.76, 3.82, 3.82, 3.45, 2.89, 2.15, 1.77, 1.79, 1.81, 1.17, 1.01, 1.15, 1.03, 0.54, 0, 0.44, 0.79, 1.29, 2.21, 2.52, 2.96, 3.17, 3.6, 3.41, 3.4], [2.05, 2.16, 2.51, 2.38, 2.21, 1.77, 1.08, 1.06, 1.23, 1.36, 2.01, 1.94, 2.54, 2.59, 3.76, 4.37, 4.19, 4.42, 3.95, 3.29, 2.83, 3.54, 4.31, 3.99, 3.5, 3.43, 4.13, 4.04, 3.71, 3.65, 3.0, 3.24, 5.19, 6.24, 4.76, 2.87, 3.21, 3.69, 3.91, 3.87, 4.08, 3.34, 3.88, 5.23, 4.93, 2.64, 2.15, 2.83, 3.27, 3.04, 2.65, 3.21, 3.78, 3.5, 3.85, 2.63, 1.84, 1.77, 1.9, 2.05, 2.72, 3.74, 3.8, 3.84, 3.47, 2.89, 2.09, 1.73, 1.87, 1.87, 1.33, 1.07, 1.13, 0.87, 0.52, 0.44, 0, 0.77, 1.19, 2.03, 2.36, 2.82, 2.99, 3.44, 3.29, 3.26], [2.24, 2.25, 2.72, 2.41, 2.32, 1.86, 0.95, 1.01, 1.32, 1.41, 1.92, 2.11, 2.55, 2.7, 3.91, 4.44, 4.26, 4.49, 4.02, 3.38, 2.86, 3.65, 4.4, 4.18, 3.63, 3.56, 4.1, 4.01, 3.7, 3.64, 3.13, 3.31, 5.28, 6.31, 4.83, 2.94, 3.3, 3.74, 3.98, 3.94, 4.17, 3.53, 3.97, 5.34, 5.019, 2.69, 2.38, 2.98, 3.46, 3.33, 3.0, 3.52, 4.09, 3.79, 4.12, 2.84, 1.99, 1.9, 2.11, 2.3, 2.99, 4.03, 3.95, 3.93, 3.6, 3.06, 2.14, 1.92, 2.18, 2.1, 1.56, 1.32, 1.02, 0.94, 0.81, 0.79, 0.77, 0, 0.88, 1.86, 2.25, 2.71, 2.98, 3.43, 3.3, 3.27], [2.32, 2.85, 3.28, 3.03, 2.84, 2.36, 1.21, 1.19, 1.58, 1.45, 1.9, 2.45, 3.17, 3.26, 4.43, 4.98, 4.78, 5.01, 4.54, 3.9, 3.38, 4.17, 4.94, 4.52, 3.97, 3.96, 4.6, 4.51, 4.2, 4.16, 3.59, 3.83, 5.8, 6.83, 5.39, 3.44, 3.82, 4.26, 4.5, 4.44, 4.67, 3.99, 4.47, 5.84, 5.576, 3.17, 2.52, 2.94, 3.22, 3.33, 3.18, 3.68, 4.43, 4.23, 4.6, 3.28, 2.03,