[[0, 0.72, 1.07, 1.43, 1.52, 1.65, 1.84, 2.73, 2.96, 3.18, 4.0, 4.24, 4.17, 4.39, 4.9, 5.51, 5.81, 5.86, 6.38, 5.07, 3.08, 3.24, 3.84, 4.03, 3.65, 3.57, 2.38, 1.87, 2.1, 2.03, 1.9, 1.69, 2.01, 1.88, 1.26, 1.26, 1.76, 2.44, 2.44, 1.68, 2.31, 2.97, 3.44, 4.16, 3.79, 2.43, 1.6, 0.96, 1.25, 1.59, 1.43, 1.75, 2.02, 1.91, 2.03, 1.82, 2.19, 2.42, 3.55, 4.408, 5.091, 5.29, 5.45, 5.6, 5.47, 5.68, 5.2, 4.49, 4.49, 4.64, 5.02, 5.23, 5.38, 5.14, 4.95, 3.42, 1.99, 2.0, 2.36, 2.56, 3.1, 3.43, 2.5, 1.71, 2.0, 2.27], [0.72, 0, 0.93, 1.45, 1.44, 1.71, 1.98, 2.85, 3.08, 3.32, 4.12, 4.38, 4.306, 4.49, 5.06, 5.65, 5.93, 5.92, 6.48, 5.21, 3.18, 3.26, 3.78, 4.03, 3.65, 3.59, 2.4, 1.77, 2.06, 2.11, 1.9, 1.69, 2.03, 1.82, 1.32, 1.44, 1.8, 2.42, 2.32, 1.74, 2.41, 3.05, 3.6, 4.3, 3.87, 2.53, 1.66, 1.1, 1.45, 1.83, 1.63, 1.91, 2.12, 2.01, 2.13, 1.96, 2.33, 2.54, 3.69, 4.528, 5.211, 5.45, 5.57, 5.72, 5.61, 5.82, 5.38, 4.69, 4.65, 4.82, 5.2, 5.37, 5.516, 5.276, 5.11, 3.6, 2.09, 2.14, 2.5, 2.78, 3.32, 3.65, 2.64, 1.71, 2.1, 2.37], [1.07, 0.93, 0, 0.92, 1.15, 1.34, 1.69, 2.36, 2.57, 2.79, 3.55, 3.79, 3.72, 3.88, 4.49, 4.96, 5.24, 5.41, 5.97, 4.72, 2.73, 3.09, 3.65, 3.72, 3.24, 3.12, 2.05, 2.0, 2.35, 2.24, 1.91, 1.56, 1.74, 1.97, 1.45, 1.63, 2.23, 2.93, 2.93, 2.03, 1.98, 2.6, 3.05, 3.69, 3.3, 2.08, 1.33, 1.29, 1.84, 2.04, 1.78, 1.9, 2.05, 2.0, 1.84, 1.73, 1.94, 2.05, 3.094, 3.944, 4.627, 4.9, 5.04, 5.13, 5.0, 5.21, 4.89, 4.26, 4.18, 4.35, 4.65, 4.8, 4.95, 4.71, 4.52, 3.07, 1.7, 1.81, 2.11, 2.33, 2.81, 3.12, 2.31, 1.68, 2.35, 2.68], [1.43, 1.45, 0.92, 0, 0.91, 1.24, 1.67, 2.1, 2.19, 2.39, 3.07, 3.29, 3.24, 3.46, 3.95, 4.52, 4.82, 4.93, 5.51, 4.2, 2.23, 2.97, 3.53, 3.54, 2.98, 2.74, 1.73, 2.52, 2.89, 2.64, 2.21, 1.82, 1.82, 2.17, 1.73, 2.15, 2.71, 3.45, 3.47, 2.31, 1.82, 2.22, 2.43, 3.03, 2.9, 1.72, 1.41, 1.67, 2.24, 2.16, 1.84, 2.1, 2.07, 2.1, 1.78, 1.67, 1.68, 1.83, 2.58, 3.45, 4.121, 4.32, 4.46, 4.53, 4.46, 4.73, 4.43, 3.76, 3.72, 3.79, 4.13, 4.3, 4.41, 4.21, 4.02, 2.57, 1.48, 1.59, 2.03, 1.95, 2.27, 2.62, 1.93, 1.74, 2.71, 2.98], [1.52, 1.44, 1.15, 0.91, 0, 0.81, 1.46, 2.07, 2.32, 2.48, 3.28, 3.56, 3.47, 3.61, 4.168, 4.681, 4.97, 5.0, 5.42, 4.11, 2.36, 3.24, 3.8, 3.75, 3.11, 2.75, 1.58, 2.57, 3.1, 2.99, 2.42, 1.93, 1.79, 2.36, 1.82, 2.14, 2.48, 3.14, 3.12, 2.44, 1.77, 2.29, 2.58, 3.24, 3.05, 1.59, 1.28, 1.64, 2.29, 2.21, 1.83, 1.95, 2.16, 2.27, 1.97, 1.9, 1.83, 1.88, 2.858, 3.768, 4.491, 4.647, 4.81, 4.86, 4.85, 5.08, 4.76, 4.05, 4.03, 4.2, 4.5, 4.59, 4.72, 4.5, 4.29, 2.86, 1.49, 1.42, 1.98, 2.12, 2.58, 2.93, 2.02, 2.05, 2.96, 3.13], [1.65, 1.71, 1.34, 1.24, 0.81, 0, 1.45, 2.22, 2.35, 2.61, 3.41, 3.69, 3.62, 3.78, 4.35, 4.856, 5.1, 5.095, 5.21, 4.18, 2.71, 3.59, 4.21, 4.28, 3.58, 3.1, 2.07, 2.8, 3.39, 3.32, 2.79, 2.3, 2.32, 2.67, 2.03, 2.17, 2.41, 2.99, 3.03, 2.63, 2.02, 2.48, 2.79, 3.43, 3.2, 1.78, 1.25, 1.49, 2.38, 2.3, 1.98, 1.98, 2.27, 2.32, 2.28, 2.07, 2.06, 1.99, 2.98, 3.91, 4.638, 4.8, 4.92, 4.99, 5.02, 5.25, 5.01, 4.38, 4.4, 4.55, 4.77, 4.72, 4.83, 4.59, 4.44, 3.11, 1.84, 1.91, 2.31, 2.49, 2.79, 3.14, 2.43, 2.24, 3.25, 3.26], [1.84, 1.98, 1.69, 1.67, 1.46, 1.45, 0, 1.25, 1.38, 1.74, 2.64, 2.9, 2.79, 2.93, 3.58, 4.07, 4.33, 4.38, 4.64, 3.55, 2.16, 3.0, 3.54, 3.49, 3.01, 2.77, 2.36, 3.05, 3.58, 3.37, 2.72, 2.35, 2.21, 2.48, 2.4, 2.44, 3.08, 3.8, 3.82, 2.66, 1.37, 1.75, 2.28, 2.78, 2.33, 1.41, 1.16, 1.56, 2.07, 1.65, 1.43, 1.47, 1.56, 1.57, 1.67, 1.84, 1.59, 1.46, 2.33, 3.08, 3.74, 4.05, 4.27, 4.4, 4.23, 4.5, 4.26, 3.69, 3.69, 3.86, 4.0, 3.97, 4.08, 3.86, 3.71, 2.38, 1.47, 1.72, 1.94, 2.1, 2.18, 2.45, 1.8, 1.79, 2.92, 3.09], [2.73, 2.85, 2.36, 2.1, 2.07, 2.22, 1.25, 0, 0.59, 0.83, 1.73, 2.03, 1.82, 1.92, 2.63, 3.16, 3.42, 3.59, 3.95, 3.0, 1.67, 2.97, 3.37, 2.98, 2.5, 2.34, 2.67, 3.9, 4.21, 3.96, 3.37, 2.98, 2.72, 3.13, 3.17, 3.39, 4.15, 4.886, 4.881, 3.33, 1.44, 1.42, 1.55, 1.91, 1.48, 1.28, 1.89, 2.49, 2.82, 2.04, 2.14, 2.22, 1.99, 1.82, 1.8, 2.09, 1.68, 1.61, 1.72, 2.21, 2.71, 3.1, 3.44, 3.61, 3.3, 3.53, 3.29, 2.9, 2.96, 3.19, 3.01, 3.14, 3.11, 2.91, 2.74, 1.57, 1.64, 1.87, 1.99, 1.83, 1.53, 1.64, 1.75, 2.3, 3.45, 3.88], [2.96, 3.08, 2.57, 2.19, 2.32, 2.35, 1.38, 0.59, 0, 0.82, 1.54, 1.76, 1.57, 1.71, 2.46, 3.01, 3.27, 3.44, 3.76, 2.89, 1.58, 3.08, 3.48, 2.99, 2.47, 2.23, 2.86, 4.13, 4.38, 4.17, 3.58, 3.17, 2.93, 3.34, 3.36, 3.58, 4.36, 5.1, 5.12, 3.6, 1.65, 1.41, 1.54, 1.8, 1.33, 1.47, 2.04, 2.68, 3.05, 2.23, 2.37, 2.47, 2.16, 1.97, 1.99, 2.28, 1.83, 1.78, 1.65, 2.16, 2.48, 2.91, 3.31, 3.52, 3.19, 3.4, 3.2, 2.83, 2.87, 3.02, 2.9, 3.01, 2.94, 2.72, 2.59, 1.38, 1.71, 2.04, 2.0, 1.9, 1.5, 1.63, 1.82, 2.51, 3.64, 4.11], [3.18, 3.32, 2.79, 2.39, 2.48, 2.61, 1.74, 0.83, 0.82, 0, 1.08, 1.56, 1.37, 1.47, 1.98, 2.55, 2.83, 3.2, 3.62, 2.73, 1.4, 3.04, 3.48, 3.03, 2.25, 2.03, 2.98, 4.41, 4.66, 4.45, 3.9, 3.53, 3.21, 3.62, 3.62, 3.92, 4.68, 5.42, 5.44, 3.76, 1.69, 1.55, 1.4, 1.48, 1.19, 1.65, 2.42, 3.06, 3.29, 2.51, 2.51, 2.73, 2.42, 2.21, 2.13, 2.5, 2.13, 1.94, 1.61, 1.9, 2.2, 2.47, 2.87, 3.02, 2.77, 3.02, 2.78, 2.35, 2.43, 2.58, 2.48, 2.49, 2.54, 2.38, 2.21, 1.3, 2.03, 2.26, 2.0, 1.92, 1.36, 1.41, 1.96, 2.65, 3.8, 4.31], [4.0, 4.12, 3.55, 3.07, 3.28, 3.41, 2.64, 1.73, 1.54, 1.08, 0, 0.84, 0.59, 0.85, 1.3, 1.75, 2.07, 2.8, 3.26, 2.47, 1.8, 3.32, 3.66, 2.97, 2.03, 1.99, 3.7, 5.17, 5.24, 5.11, 4.6, 4.19, 3.97, 4.4, 4.38, 4.84, 5.6, 6.38, 6.36, 4.6, 2.23, 1.85, 1.34, 1.14, 1.29, 2.41, 3.16, 3.86, 4.09, 3.09, 3.31, 3.55, 2.9, 2.63, 2.51, 2.62, 2.45, 2.32, 1.77, 1.84, 1.64, 1.75, 2.25, 2.34, 1.97, 2.26, 2.0, 1.77, 1.99, 2.08, 1.8, 1.73, 1.62, 1.52, 1.37, 1.08, 2.63, 2.84, 2.48, 2.22, 1.58, 1.43, 2.32, 3.19, 4.36, 5.21], [4.24, 4.38, 3.79, 3.29, 3.56, 3.69, 2.9, 2.03, 1.76, 1.56, 0.84, 0, 0.55, 0.83, 1.36, 1.81, 2.29, 3.16, 3.44, 2.85, 2.18, 3.28, 3.34, 2.59, 1.81, 2.19, 3.96, 5.45, 5.44, 5.25, 4.78, 4.37, 4.17, 4.6, 4.66, 5.1, 5.86, 6.64, 6.64, 4.88, 2.71, 2.35, 1.84, 1.34, 1.71, 2.85, 3.4, 4.12, 4.35, 3.49, 3.61, 3.79, 3.16, 2.87, 2.85, 2.88, 2.81, 2.74, 2.13, 2.2, 1.9, 1.71, 2.19, 2.34, 1.91, 2.08, 1.96, 1.73, 1.81, 1.68, 1.58, 1.61, 1.44, 1.48, 1.27, 1.34, 2.85, 3.04, 2.68, 2.34, 1.76, 1.75, 2.44, 3.37, 4.58, 5.47], [4.17, 4.306, 3.72, 3.24, 3.47, 3.62, 2.79, 1.82, 1.57, 1.37, 0.59, 0.55, 0, 0.64, 1.31, 1.76, 2.12, 2.91, 3.35, 2.64, 2.07, 3.39, 3.55, 2.78, 1.96, 2.14, 3.87, 5.34, 5.33, 5.2, 4.69, 4.26, 4.08, 4.53, 4.57, 5.03, 5.79, 6.57, 6.55, 4.79, 2.44, 2.06, 1.59, 1.17, 1.38, 2.56, 3.25, 4.03, 4.26, 3.28, 3.52, 3.72, 3.01, 2.76, 2.7, 2.75, 2.54, 2.45, 1.88, 1.99, 1.73, 1.8, 2.26, 2.47, 2.0, 2.17, 2.03, 1.9, 2.1, 2.05, 1.77, 1.76, 1.59, 1.61, 1.32, 1.21, 2.74, 2.93, 2.55, 2.21, 1.65, 1.64, 2.39, 3.34, 4.49, 5.4], [4.39, 4.49, 3.88, 3.46, 3.61, 3.78, 2.93, 1.92, 1.71, 1.47, 0.85, 0.83, 0.64, 0, 1.01, 1.54, 1.9, 2.65, 2.91, 2.38, 2.19, 3.63, 3.89, 3.12, 2.26, 2.1, 3.99, 5.42, 5.51, 5.4, 4.89, 4.48, 4.2, 4.75, 4.75, 5.17, 5.93, 6.71, 6.69, 4.93, 2.48, 2.04, 1.73, 1.21, 1.3, 2.62, 3.39, 4.13, 4.4, 3.54, 3.66, 3.86, 3.27, 3.12, 2.98, 3.03, 2.7, 2.53, 2.0, 2.23, 1.97, 1.58, 2.0, 2.11, 1.74, 1.93, 1.81, 1.82, 2.02, 1.97, 1.73, 1.54, 1.43, 1.43, 1.32, 1.45, 2.88, 3.11, 2.85, 2.57, 1.97, 1.84, 2.65, 3.58, 4.75, 5.539], [4.9, 5.06, 4.49, 3.95, 4.168, 4.35, 3.58, 2.63, 2.46, 1.98, 1.3, 1.36, 1.31, 1.01, 0, 0.95, 1.41, 2.18, 2.38, 1.87, 2.62, 4.18, 4.42, 3.71, 2.65, 2.53, 4.54, 6.03, 6.22, 6.13, 5.62, 5.29, 4.97, 5.36, 5.3, 5.74, 6.485, 7.248, 7.233, 5.473, 3.13, 2.39, 2.0, 1.46, 1.65, 2.91, 3.96, 4.72, 5.09, 4.15, 4.27, 4.53, 3.92, 3.77, 3.51, 3.74, 3.19, 2.98, 2.25, 2.04, 1.72, 1.13, 1.51, 1.38, 1.27, 1.44, 1.56, 1.97, 2.21, 2.08, 1.74, 1.33, 1.32, 1.24, 1.43, 2.18, 3.65, 3.92, 3.56, 3.34, 2.66, 2.41, 3.42, 4.17, 5.38, 6.11], [5.51, 5.65, 4.96, 4.52, 4.681, 4.856, 4.07, 3.16, 3.01, 2.55, 1.75, 1.81, 1.76, 1.54, 0.95, 0, 1.02, 1.91, 2.19, 1.94, 3.15, 4.53, 4.63, 3.94, 2.96, 3.06, 5.05, 6.497, 6.79, 6.66, 6.19, 5.86, 5.48, 5.93, 5.93, 6.262, 6.978, 7.761, 7.766, 6.026, 3.6, 2.92, 2.49, 1.71, 1.94, 3.3, 4.41, 5.23, 5.64, 4.7, 4.78, 5.0, 4.47, 4.32, 4.06, 4.19, 3.76, 3.53, 2.58, 1.97, 1.53, 1.36, 1.86, 1.53, 1.54, 1.45, 1.57, 2.26, 2.54, 2.39, 1.97, 1.56, 1.41, 1.35, 1.76, 2.59, 4.16, 4.43, 4.09, 3.81, 3.17, 2.82, 3.89, 4.68, 5.91, 6.628], [5.81, 5.93, 5.24, 4.82, 4.97, 5.1, 4.33, 3.42, 3.27, 2.83, 2.07, 2.29, 2.12, 1.9, 1.41, 1.02, 0, 1.35, 1.67, 1.54, 3.41, 4.95, 5.27, 4.66, 3.64, 3.4, 5.31, 6.78, 7.03, 6.92, 6.43, 6.1, 5.72, 6.21, 6.23, 6.57, 7.29, 8.038, 8.05, 6.29, 3.86, 3.1, 2.63, 2.01, 2.12, 3.56, 4.684, 5.51, 5.9, 4.98, 5.04, 5.22, 4.67, 4.56, 4.36, 4.45, 3.82, 3.55, 2.64, 2.07, 1.55, 1.5, 1.98, 1.77, 1.5, 1.73, 2.05, 2.66, 2.94, 2.87, 2.25, 1.76, 1.49, 1.67, 2.24, 2.91, 4.42, 4.69, 4.35, 4.09, 3.43, 3.1, 4.21, 5.0, 6.15, 6.92], [5.86, 5.92, 5.41, 4.93, 5.0, 5.095, 4.38, 3.59, 3.44, 3.2, 2.8, 3.16, 2.91, 2.65, 2.18, 1.91, 1.35, 0, 0.9, 1.35, 3.76, 5.56, 6.06, 5.43, 4.41, 3.59, 5.44, 6.91, 7.32, 7.17, 6.6, 6.27, 5.93, 6.32, 6.24, 6.6, 7.3, 8.048, 8.033, 6.38, 4.19, 3.21, 3.14, 2.68, 2.49, 3.59, 4.757, 5.56, 6.01, 5.03, 5.13, 5.35, 4.88, 4.77, 4.59, 4.82, 4.05, 3.74, 2.85, 2.44, 2.2, 2.39, 2.77, 2.5, 2.55, 2.72, 3.14, 3.65, 3.97, 3.9, 3.34, 2.83, 2.58, 2.4, 3.09, 3.62, 4.63, 4.96, 4.72, 4.74, 3.82, 3.67, 4.6, 5.35, 6.52, 6.99], [6.38, 6.48, 5.97, 5.51, 5.42, 5.21, 4.64, 3.95, 3.76, 3.62, 3.26, 3.44, 3.35, 2.91, 2.38, 2.19, 1.67, 0.9, 0, 1.47, 4.2, 6.12, 6.56, 5.85, 4.81, 3.97, 5.92, 7.39, 7.94, 7.79, 7.18, 6.81, 6.51, 6.92, 6.74, 6.9, 7.48, 8.18, 8.22, 6.86, 4.67, 3.67, 3.66, 3.18, 3.03, 4.05, 5.04, 5.82, 6.47, 5.51, 5.67, 5.73, 5.5, 5.39, 5.23, 5.46, 4.69, 4.34, 3.47, 3.02, 2.76, 2.61, 2.95, 2.66, 2.75, 2.94, 3.36, 3.93, 4.27, 4.08, 3.68, 3.01, 2.82, 2.62, 3.33, 4.16, 5.21, 5.54, 5.3, 5.28, 4.4, 4.21, 5.22, 5.99, 7.14, 7.39], [5.07, 5.21, 4.72, 4.2, 4.11, 4.18, 3.55, 3.0, 2.89, 2.73, 2.47, 2.85, 2.64, 2.38, 1.87, 1.94, 1.54, 1.35, 1.47, 0, 3.01, 5.13, 5.65, 5.04, 3.96, 2.94, 4.71, 6.24, 6.77, 6.6, 5.95, 5.58, 5.32, 5.71, 5.53, 5.69, 6.35, 7.09, 7.07, 5.65, 3.58, 2.5, 2.61, 2.43, 2.24, 2.98, 3.95, 4.81, 5.32, 4.58, 4.6, 4.68, 4.53, 4.42, 4.22, 4.57, 3.82, 3.49, 2.86, 2.45, 2.17, 2.08, 2.4, 2.07, 2.14, 2.29, 2.63, 3.0, 3.28, 3.35, 2.73, 2.52, 2.33, 2.09, 2.78, 3.13, 4.04, 4.41, 4.21, 4.23, 3.31, 3.2, 4.11, 4.84, 5.99, 6.26], [3.08, 3.18, 2.73, 2.23, 2.36, 2.71, 2.16, 1.67, 1.58, 1.4, 1.8, 2.18, 2.07, 2.19, 2.62, 3.15, 3.41, 3.76, 4.2, 3.01, 0, 2.32, 2.82, 2.57, 1.91, 1.55, 2.46, 3.91, 4.3, 4.05, 3.46, 3.19, 2.83, 3.18, 3.24, 3.48, 4.16, 4.88, 4.82, 3.1, 1.51, 1.89, 1.9, 2.04, 2.07, 2.23, 2.58, 3.22, 3.63, 2.77, 2.65, 2.95, 2.86, 2.61, 2.51, 2.96, 2.59, 2.58, 2.49, 2.82, 2.98, 3.027, 3.13, 3.14, 3.098, 3.348, 2.76, 2.23, 2.21, 2.4, 2.62, 3.01, 3.12, 2.94, 2.73, 1.6, 1.91, 2.1, 2.12, 2.08, 1.68, 1.65, 2.08, 2.51, 3.48, 3.85], [3.24, 3.26, 3.09, 2.97, 3.24, 3.59, 3.0, 2.97, 3.08, 3.04, 3.32, 3.28, 3.39, 3.63, 4.18, 4.53, 4.95, 5.56, 6.12, 5.13, 2.32, 0, 0.94, 1.51, 1.77, 2.45, 2.36, 2.91, 2.98, 2.69, 2.32, 2.63, 2.15, 2.08, 2.52, 3.14, 3.86, 4.22, 4.16, 2.8, 2.35, 3.39, 3.28, 3.2, 3.61, 3.65, 3.68, 3.52, 3.61, 2.89, 2.75, 2.83, 2.72, 2.51, 2.79, 3.04, 3.39, 3.66, 4.09, 4.38, 4.32, 4.31, 4.55, 4.64, 4.45, 4.72, 3.9, 2.99, 2.89, 3.12, 3.76, 4.27, 4.34, 4.26, 3.93, 2.88, 2.61, 2.68, 2.86, 2.84, 3.28, 3.15, 2.64, 2.17, 2.58, 3.17], [3.84, 3.78, 3.65, 3.53, 3.8, 4.21, 3.54, 3.37, 3.48, 3.48, 3.66, 3.34, 3.55, 3.89, 4.42, 4.63, 5.27, 6.06, 6.56, 5.65, 2.82, 0.94, 0, 1.17, 1.85, 2.99, 2.88, 3.39, 3.16, 2.95, 2.64, 3.07, 2.55, 2.32, 3.1, 3.76, 4.58, 4.82, 4.56, 3.36, 2.91, 3.93, 3.82, 3.72, 4.13, 4.19, 4.24, 4.06, 4.03, 3.37, 3.31, 3.31, 3.1, 2.91, 3.11, 3.28, 3.73, 4.08, 4.33, 4.66, 4.58, 4.63, 4.73, 4.86, 4.51, 4.48, 3.74, 3.11, 3.01, 3.16, 3.6, 4.37, 4.32, 4.46, 4.03, 3.14, 2.95, 2.96, 3.18, 3.1, 3.54, 3.41, 2.94, 2.65, 2.9, 3.75], [4.03, 4.03, 3.72, 3.54, 3.75, 4.28, 3.49, 2.98, 2.99, 3.03, 2.97, 2.59, 2.78, 3.12, 3.71, 3.94, 4.66, 5.43, 5.85, 5.04, 2.57, 1.51, 1.17, 0, 1.2, 2.48, 3.01, 4.16, 4.15, 3.86, 3.39, 3.26, 2.94, 3.19, 3.53, 4.09, 4.91, 5.37, 5.39, 3.81, 2.92, 3.44, 3.33, 3.15, 3.62, 3.96, 4.27, 4.33, 4.36, 3.58, 3.64, 3.72, 3.37, 3.1, 3.12, 3.35, 3.62, 4.01, 3.92, 4.17, 3.79, 3.88, 3.98, 4.05, 3.7, 3.61, 2.95, 2.48, 2.44, 2.39, 2.83, 3.68, 3.57, 3.67, 3.1, 2.51, 2.8, 2.87, 2.89, 2.67, 3.03, 2.94, 2.57, 2.92, 3.53, 4.26], [3.65, 3.65, 3.24, 2.98, 3.11, 3.58, 3.01, 2.5, 2.47, 2.25, 2.03, 1.81, 1.96, 2.26, 2.65, 2.96, 3.64, 4.41, 4.81, 3.96, 1.91, 1.77, 1.85, 1.2, 0, 1.5, 2.61, 4.1, 4.19, 3.96, 3.49, 3.18, 2.86, 3.15, 3.29, 3.71, 4.59, 5.25, 5.23, 3.55, 2.32, 2.64, 2.35, 2.21, 2.68, 3.38, 3.75, 3.95, 4.1, 3.32, 3.32, 3.44, 3.19, 2.94, 2.82, 3.17, 3.24, 3.37, 3.24, 3.53, 3.23, 3.08, 3.16, 3.25, 2.92, 3.09, 2.43, 1.82, 1.74, 1.75, 2.29, 2.7, 2.83, 2.85, 2.4, 1.91, 2.26, 2.33, 2.39, 2.21, 2.37, 2.3, 2.15, 2.52, 3.37, 4.12], [3.57, 3.59, 3.12, 2.74, 2.75, 3.1, 2.77, 2.34, 2.23, 2.03, 1.99, 2.19, 2.14, 2.1, 2.53, 3.06, 3.4, 3.59, 3.97, 2.94, 1.55, 2.45, 2.99, 2.48, 1.5, 0, 2.27, 3.72, 4.17, 4.02, 3.45, 3.1, 2.72, 3.17, 3.05, 3.37, 4.09, 4.81, 4.81, 3.11, 2.28, 2.2, 2.37, 2.39, 2.32, 2.92, 3.31, 3.63, 4.04, 3.32, 3.16, 3.24, 3.27, 3.12, 3.06, 3.51, 3.3, 3.29, 3.12, 3.35, 3.13, 3.0, 3.16, 3.21, 3.119, 3.349, 2.79, 2.1, 1.9, 2.15, 2.67, 2.86, 3.01, 2.79, 2.64, 2.01, 2.16, 2.37, 2.43, 2.59, 2.19, 2.32, 2.35, 2.68, 3.49, 3.66], [2.38, 2.4, 2.05, 1.73, 1.58, 2.07, 2.36, 2.67, 2.86, 2.98, 3.7, 3.96, 3.87, 3.99, 4.54, 5.05, 5.31, 5.44, 5.92, 4.71, 2.46, 2.36, 2.88, 3.01, 2.61, 2.27, 0, 1.85, 2.26, 2.09, 1.68, 1.49, 1.23, 1.66, 1.48, 2.02, 2.64, 3.14, 3.2, 2.3, 2.17, 2.69, 3.04, 3.66, 3.53, 2.19, 2.3, 2.52, 3.01, 2.81, 2.39, 2.57, 2.66, 2.75, 2.41, 2.5, 2.49, 2.56, 3.29, 4.2, 4.891, 5.09, 5.19, 5.24, 5.178, 5.42, 4.84, 3.85, 3.67, 4.14, 4.66, 4.85, 5.0, 4.76, 4.57, 3.04, 1.55, 1.5, 2.14, 2.32, 2.76, 3.05, 2.0, 2.15, 2.66, 2.77], [1.87, 1.77, 2.0, 2.52, 2.57, 2.8, 3.05, 3.9, 4.13, 4.41, 5.17, 5.45, 5.34, 5.42, 6.03, 6.497, 6.78, 6.91, 7.39, 6.24, 3.91, 2.91, 3.39, 4.16, 4.1, 3.72, 1.85, 0, 1.01, 1.18, 1.19, 1.42, 1.58, 1.37, 1.13, 1.29, 1.59, 1.99, 1.93, 1.63, 3.2, 4.16, 4.65, 5.31, 4.88, 3.48, 2.51, 1.83, 2.24, 2.48, 2.14, 2.26, 2.75, 2.84, 2.94, 2.89, 3.38, 3.51, 4.734, 5.664, 6.387, 6.626, 6.769, 6.81, 6.654, 6.881, 6.31, 5.38, 5.16, 5.65, 6.13, 6.3, 6.41, 6.17, 5.98, 4.41, 2.62, 2.57, 2.99, 3.43, 4.13, 4.44, 3.27, 2.26, 1.95, 2.1], [2.1, 2.06, 2.35, 2.89, 3.1, 3.39, 3.58, 4.21, 4.38, 4.66, 5.24, 5.44, 5.33, 5.51, 6.22, 6.79, 7.03, 7.32, 7.94, 6.77, 4.3, 2.98, 3.16, 4.15, 4.19, 4.17, 2.26, 1.01, 0, 0.73, 1.16, 1.61, 1.59, 1.2, 1.44, 1.7, 1.98, 2.28, 2.06, 1.66, 3.59, 4.59, 4.9, 5.62, 5.17, 4.05, 3.16, 2.28, 2.21, 2.77, 2.51, 2.53, 2.7, 2.97, 3.03, 2.9, 3.41, 3.68, 4.75, 5.66, 6.386, 6.77, 6.97, 7.08, 6.69, 6.86, 6.28, 5.47, 5.27, 5.7, 6.1, 6.43, 6.46, 6.22, 6.03, 4.46, 2.83, 2.7, 3.12, 3.48, 4.18, 4.49, 3.32, 2.29, 1.66, 2.19], [2.03, 2.11, 2.24, 2.64, 2.99, 3.32, 3.37, 3.96, 4.17, 4.45, 5.11, 5.25, 5.2, 5.4, 6.13, 6.66, 6.92, 7.17, 7.79, 6.6, 4.05, 2.69, 2.95, 3.86, 3.96, 4.02, 2.09, 1.18, 0.73, 0, 0.87, 1.44, 1.38, 1.11, 1.43, 1.77, 2.15, 2.57, 2.39, 1.79, 3.36, 4.34, 4.73, 5.39, 4.96, 3.9, 3.07, 2.25, 2.2, 2.64, 2.36, 2.48, 2.65, 2.8, 2.88, 2.75, 3.24, 3.53, 4.56, 5.47, 6.136, 6.52, 6.72, 6.79, 6.4, 6.55, 5.99, 5.2, 5.0, 5.41, 5.77, 6.3, 6.31, 6.05, 5.85, 4.31, 2.7, 2.59, 2.99, 3.33, 4.03, 4.32, 3.15, 2.24, 1.67, 2.14], [1.9, 1.9, 1.91, 2.21, 2.42, 2.79, 2.72, 3.37, 3.58, 3.9, 4.6, 4.78, 4.69, 4.89, 5.62, 6.19, 6.43, 6.6, 7.18, 5.95, 3.46, 2.32, 2.64, 3.39, 3.49, 3.45, 1.68, 1.19, 1.16, 0.87, 0, 0.81, 0.99, 0.86, 1.12, 1.76, 2.24, 2.64, 2.66, 1.94, 2.81, 3.77, 4.22, 4.94, 4.43, 3.27, 2.48, 2.12, 2.21, 2.25, 2.05, 2.17, 2.34, 2.43, 2.55, 2.44, 2.71, 2.96, 4.11, 5.0, 5.669, 6.002, 6.187, 6.3, 5.91, 6.04, 5.46, 4.71, 4.51, 4.94, 5.28, 5.83, 5.84, 5.54, 5.35, 3.84, 2.09, 2.0, 2.4, 2.8, 3.5, 3.81, 2.64, 1.85, 1.84, 2.35], [1.69, 1.69, 1.56, 1.82, 1.93, 2.3, 2.35, 2.98, 3.17, 3.53, 4.19, 4.37, 4.26, 4.48, 5.29, 5.86, 6.1, 6.27, 6.81, 5.58, 3.19, 2.63, 3.07, 3.26, 3.18, 3.1, 1.49, 1.42, 1.61, 1.44, 0.81, 0, 0.88, 1.33, 1.09, 1.51, 2.01, 2.75, 2.87, 2.17, 2.5, 3.44, 3.89, 4.61, 4.08, 2.88, 2.19, 2.07, 2.36, 2.42, 2.28, 2.4, 2.51, 2.52, 2.48, 2.17, 2.38, 2.65, 3.74, 4.57, 5.242, 5.697, 5.92, 6.03, 5.64, 5.75, 5.17, 4.4, 4.2, 4.63, 4.93, 5.5, 5.45, 5.17, 4.94, 3.41, 1.76, 1.63, 2.11, 2.39, 3.09, 3.44, 2.29, 1.88, 2.23, 2.58], [2.01, 2.03, 1.74, 1.82, 1.79, 2.32, 2.21, 2.72, 2.93, 3.21, 3.97, 4.17, 4.08, 4.2, 4.97, 5.48, 5.72, 5.93, 6.51, 5.32, 2.83, 2.15, 2.55, 2.94, 2.86, 2.72, 1.23, 1.58, 1.59, 1.38, 0.99, 0.88, 0, 1.07, 1.21, 1.85, 2.45, 2.91, 2.99, 2.01, 2.2, 3.1, 3.55, 4.23, 3.74, 2.62, 2.17, 2.21, 2.44, 2.26, 1.9, 2.04, 2.15, 2.28, 2.18, 2.01, 2.22, 2.51, 3.48, 4.39, 5.076, 5.452, 5.64, 5.69, 5.36, 5.55, 4.97, 4.16, 3.96, 4.39, 4.79, 5.2, 5.25, 5.009, 4.819, 3.25, 1.54, 1.49, 1.93, 2.39, 2.97, 3.279, 2.11, 1.78, 2.09, 2.44], [1.88, 1.82, 1.97, 2.17, 2.36, 2.67, 2.48, 3.13, 3.34, 3.62, 4.4, 4.6, 4.53, 4.75, 5.36, 5.93, 6.21, 6.32, 6.92, 5.71, 3.18, 2.08, 2.32, 3.19, 3.15, 3.17, 1.66, 1.37, 1.2, 1.11, 0.86, 1.33, 1.07, 0, 1.14, 1.76, 2.48, 2.74, 2.6, 1.54, 2.59, 3.43, 3.92, 4.66, 4.19, 3.09, 2.5, 2.0, 2.05, 1.91, 1.75, 1.77, 1.98, 2.03, 2.17, 2.26, 2.57, 2.84, 3.93, 4.757, 5.44, 5.75, 5.93, 6.08, 5.79, 6.02, 5.44, 4.51, 4.25, 4.74, 5.26, 5.61, 5.736, 5.496, 5.306, 3.74, 2.05, 1.96, 2.4, 2.78, 3.46, 3.77, 2.6, 1.57, 1.44, 1.91], [1.26, 1.32, 1.45, 1.73, 1.82, 2.03, 2.4, 3.17, 3.36, 3.62, 4.38, 4.66, 4.57, 4.75, 5.3, 5.93, 6.23, 6.24, 6.74, 5.53, 3.24, 2.52, 3.1, 3.53, 3.29, 3.05, 1.48, 1.13, 1.44, 1.43, 1.12, 1.09, 1.21, 1.14, 0, 1.06, 1.76, 2.16, 2.22, 1.44, 2.65, 3.41, 3.86, 4.64, 4.23, 2.85, 2.02, 1.64, 2.05, 2.03, 1.87, 2.07, 2.34, 2.29, 2.29, 2.24, 2.59, 2.82, 3.95, 4.842, 5.565, 5.742, 5.927, 6.08, 5.91, 6.14, 5.56, 4.57, 4.35, 4.82, 5.38, 5.61, 5.76, 5.52, 5.33, 3.76, 1.95, 1.9, 2.36, 2.78, 3.48, 3.79, 2.62, 1.69, 1.8, 2.01], [1.26, 1.44, 1.63, 2.15, 2.14, 2.17, 2.44, 3.39, 3.58, 3.92, 4.84, 5.1, 5.03, 5.17, 5.74, 6.262, 6.57, 6.6, 6.9, 5.69, 3.48, 3.14, 3.76, 4.09, 3.71, 3.37, 2.02, 1.29, 1.7, 1.77, 1.76, 1.51, 1.85, 1.76, 1.06, 0, 1.06, 1.66, 1.72, 1.28, 2.89, 3.67, 4.28, 4.96, 4.57, 3.11, 2.14, 1.44, 1.69, 2.31, 2.09, 2.27, 2.82, 2.77, 2.89, 2.82, 3.05, 3.26, 4.401, 5.251, 5.994, 6.219, 6.379, 6.46, 6.343, 6.553, 6.0, 5.05, 4.79, 5.26, 5.82, 6.09, 6.24, 6.0, 5.81, 4.24, 2.45, 2.42, 2.92, 3.28, 3.96, 4.27, 3.18, 2.09, 1.76, 1.73], [1.76, 1.8, 2.23, 2.71, 2.48, 2.41, 3.08, 4.15, 4.36, 4.68, 5.6, 5.86, 5.79, 5.93, 6.485, 6.978, 7.29, 7.3, 7.48, 6.35, 4.16, 3.86, 4.58, 4.91, 4.59, 4.09, 2.64, 1.59, 1.98, 2.15, 2.24, 2.01, 2.45, 2.48, 1.76, 1.06, 0, 1.04, 1.34, 1.86, 3.53, 4.37, 4.9, 5.54, 5.29, 3.75, 2.76, 2.08, 2.29, 2.99, 2.75, 2.89, 3.52, 3.55, 3.75, 3.5, 3.79, 3.985, 5.158, 6.068, 6.751, 6.927, 7.016, 7.08, 7.055, 7.285, 6.72, 5.75, 5.59, 6.0, 6.54, 6.849, 6.999, 6.759, 6.569, 5.0, 3.21, 3.2, 3.74, 4.04, 4.72, 5.029, 3.92, 2.79, 2.36, 2.17], [2.44, 2.42, 2.93, 3.45, 3.14, 2.99, 3.8, 4.886, 5.1, 5.42, 6.38, 6.64, 6.57, 6.71, 7.248, 7.761, 8.038, 8.048, 8.18, 7.09, 4.88, 4.22, 4.82, 5.37, 5.25, 4.81, 3.14, 1.99, 2.28, 2.57, 2.64, 2.75, 2.91, 2.74, 2.16, 1.66, 1.04, 0, 0.86, 2.08, 4.29, 5.11, 5.56, 6.28, 6.086, 4.53, 3.42, 2.7, 2.69, 3.45, 3.21, 3.27, 3.92, 4.03, 4.21, 4.18, 4.569, 4.748, 5.929, 6.799, 7.502, 7.624, 7.73, 7.86, 7.849, 8.079, 7.516, 6.53, 6.33, 6.78, 7.34, 7.63, 7.78, 7.54, 7.35, 5.78, 3.95, 3.92, 4.36, 4.8, 5.5, 5.81, 4.64, 3.41, 2.6, 2.45], [2.44, 2.32, 2.93, 3.47, 3.12, 3.03, 3.82, 4.881, 5.12, 5.44, 6.36, 6.64, 6.55, 6.69, 7.233, 7.766, 8.05, 8.033, 8.22, 7.07, 4.82, 4.16, 4.56, 5.39, 5.23, 4.81, 3.2, 1.93, 2.06, 2.39, 2.66, 2.87, 2.99, 2.6, 2.22, 1.72, 1.34, 0.86, 0, 1.94, 4.33, 5.09, 5.58, 6.3, 6.101, 4.49, 3.46, 2.56, 2.51, 3.39, 3.13, 3.09, 3.8, 3.93, 4.01, 4.091, 4.543, 4.733, 5.903, 6.773, 7.516, 7.624, 7.738, 7.853, 7.863, 8.093, 7.531, 6.57, 6.35, 6.8, 7.36, 7.61, 7.76, 7.52, 7.33, 5.76, 3.93, 3.9, 4.34, 4.78, 5.48, 5.79, 4.62, 3.35, 2.48, 2.27], [1.68, 1.74, 2.03, 2.31, 2.44, 2.63, 2.66, 3.33, 3.6, 3.76, 4.6, 4.88, 4.79, 4.93, 5.473, 6.026, 6.29, 6.38, 6.86, 5.65, 3.1, 2.8, 3.36, 3.81, 3.55, 3.11, 2.3, 1.63, 1.66, 1.79, 1.94, 2.17, 2.01, 1.54, 1.44, 1.28, 1.86, 2.08, 1.94, 0, 2.61, 3.43, 3.84, 4.56, 4.37, 3.17, 2.5, 1.72, 1.65, 1.91, 1.69, 1.83, 2.14, 2.21, 2.39, 2.62, 2.97, 3.18, 4.35, 5.079, 5.756, 5.887, 5.987, 6.108, 6.103, 6.333, 5.78, 4.81, 4.59, 5.04, 5.6, 5.85, 6.0, 5.76, 5.57, 4.0, 2.51, 2.32, 2.64, 3.02, 3.72, 4.03, 2.94, 1.69, 1.24, 1.29], [2.31, 2.41, 1.98, 1.82, 1.77, 2.02, 1.37, 1.44, 1.65, 1.69, 2.23, 2.71, 2.44, 2.48, 3.13, 3.6, 3.86, 4.19, 4.67, 3.58, 1.51, 2.35, 2.91, 2.92, 2.32, 2.28, 2.17, 3.2, 3.59, 3.36, 2.81, 2.5, 2.2, 2.59, 2.65, 2.89, 3.53, 4.29, 4.33, 2.61, 0, 1.48, 1.75, 2.27, 1.9, 1.72, 1.77, 2.21, 2.66, 1.84, 1.76, 1.96, 1.81, 1.78, 1.66, 1.77, 1.56, 1.65, 2.32, 2.81, 3.347, 3.6, 3.74, 3.73, 3.6, 3.81, 3.31, 2.8, 2.88, 3.11, 3.21, 3.46, 3.59, 3.35, 3.14, 1.75, 1.36, 1.43, 1.55, 1.53, 1.81, 1.94, 1.55, 1.72, 2.69, 3.14], [2.97, 3.05, 2.6, 2.22, 2.29, 2.48, 1.75, 1.42, 1.41, 1.55, 1.85, 2.35, 2.06, 2.04, 2.39, 2.92, 3.1, 3.21, 3.67, 2.5, 1.89, 3.39, 3.93, 3.44, 2.64, 2.2, 2.69, 4.16, 4.59, 4.34, 3.77, 3.44, 3.1, 3.43, 3.41, 3.67, 4.37, 5.11, 5.09, 3.43, 1.48, 0, 0.89, 1.57, 1.16, 1.46, 2.23, 2.85, 3.32, 2.5, 2.5, 2.74, 2.45, 2.38, 2.08, 2.41, 1.68, 1.73, 1.74, 2.21, 2.51, 2.7, 2.8, 2.95, 2.86, 3.09, 2.99, 2.66, 2.8, 3.11, 2.99, 2.96, 3.03, 2.69, 2.62, 1.71, 2.04, 2.29, 2.21, 2.15, 1.87, 1.92, 1.95, 2.6, 3.73, 4.02], [3.44, 3.6, 3.05, 2.43, 2.58, 2.79, 2.28, 1.55, 1.54, 1.4, 1.34, 1.84, 1.59, 1.73, 2.0, 2.49, 2.63, 3.14, 3.66, 2.61, 1.9, 3.28, 3.82, 3.33, 2.35, 2.37, 3.04, 4.65, 4.9, 4.73, 4.22, 3.89, 3.55, 3.92, 3.86, 4.28, 4.9, 5.56, 5.58, 3.84, 1.75, 0.89, 0, 1.0, 1.07, 1.71, 2.54, 3.36, 3.79, 2.83, 2.91, 3.19, 2.76, 2.51, 2.27, 2.48, 1.87, 1.74, 1.59, 1.9, 2.1, 2.21, 2.51, 2.72, 2.51, 2.8, 2.7, 2.41, 2.57, 2.84, 2.68, 2.61, 2.62, 2.36, 2.19, 1.42, 2.39, 2.58, 2.32, 2.08, 1.76, 1.69, 2.14, 2.77, 3.92, 4.49], [4.16, 4.3, 3.69, 3.03, 3.24, 3.43, 2.78, 1.91, 1.8, 1.48, 1.14, 1.34, 1.17, 1.21, 1.46, 1.71, 2.01, 2.68, 3.18, 2.43, 2.04, 3.2, 3.72, 3.15, 2.21, 2.39, 3.66, 5.31, 5.62, 5.39, 4.94, 4.61, 4.23, 4.66, 4.64, 4.96, 5.54, 6.28, 6.3, 4.56, 2.27, 1.57, 1.0, 0, 1.01, 2.07, 3.14, 3.98, 4.41, 3.47, 3.53, 3.79, 3.3, 3.13, 2.81, 2.94, 2.51, 2.36, 1.77, 2.04, 1.74, 1.73, 2.19, 2.36, 2.17, 2.48, 2.26, 2.07, 2.39, 2.52, 2.22, 2.13, 2.06, 1.88, 1.75, 1.58, 3.03, 3.3, 3.08, 2.68, 2.24, 1.89, 2.72, 3.47, 4.64, 5.21], [3.79, 3.87, 3.3, 2.9, 3.05, 3.2, 2.33, 1.48, 1.33, 1.19, 1.29, 1.71, 1.38, 1.3, 1.65, 1.94, 2.12, 2.49, 3.03, 2.24, 2.07, 3.61, 4.13, 3.62, 2.68, 2.32, 3.53, 4.88, 5.17, 4.96, 4.43, 4.08, 3.74, 4.19, 4.23, 4.57, 5.29, 6.086, 6.101, 4.37, 1.9, 1.16, 1.07, 1.01, 0, 1.7, 2.81, 3.59, 3.86, 2.94, 3.04, 3.26, 2.79, 2.68, 2.48, 2.73, 2.06, 1.87, 1.42, 1.59, 1.61, 1.92, 2.36, 2.61, 2.26, 2.47, 2.45, 2.44, 2.68, 2.91, 2.59, 2.3, 2.37, 2.05, 2.12, 1.55, 2.56, 2.81, 2.63, 2.43, 1.87, 1.74, 2.41, 3.2, 4.23, 4.9], [2.43, 2.53, 2.08, 1.72, 1.59, 1.78, 1.41, 1.28, 1.47, 1.65, 2.41, 2.85, 2.56, 2.62, 2.91, 3.3, 3.56, 3.59, 4.05, 2.98, 2.23, 3.65, 4.19, 3.96, 3.38, 2.92, 2.19, 3.48, 4.05, 3.9, 3.27, 2.88, 2.62, 3.09, 2.85, 3.11, 3.75, 4.53, 4.49, 3.17, 1.72, 1.46, 1.71, 2.07, 1.7, 0, 1.31, 2.17, 2.76, 2.32, 2.02, 2.28, 2.17, 2.22, 1.96, 1.95, 1.48, 1.35, 1.52, 2.37, 3.101, 3.32, 3.66, 3.83, 3.78, 3.97, 3.87, 3.5, 3.74, 4.05, 3.83, 3.58, 3.61, 3.37, 3.4, 2.35, 1.7, 1.93, 2.23, 2.27, 2.17, 2.26, 1.99, 2.48, 3.67, 3.84], [1.6, 1.66, 1.33, 1.41, 1.28, 1.25, 1.16, 1.89, 2.04, 2.42, 3.16, 3.4, 3.25, 3.39, 3.96, 4.41, 4.684, 4.757, 5.04, 3.95, 2.58, 3.68, 4.24, 4.27, 3.75, 3.31, 2.3, 2.51, 3.16, 3.07, 2.48, 2.19, 2.17, 2.5, 2.02, 2.14, 2.76, 3.42, 3.46, 2.5, 1.77, 2.23, 2.54, 3.14, 2.81, 1.31, 0, 1.1, 2.01, 1.83, 1.65, 1.81, 2.08, 1.99, 1.91, 1.62, 1.65, 1.54, 2.63, 3.56, 4.297, 4.55, 4.69, 4.74, 4.67, 4.92, 4.72, 4.23, 4.29, 4.44, 4.5, 4.37, 4.38, 4.16, 4.03, 2.82, 1.71, 1.86, 2.1, 2.36, 2.54, 2.83, 2.28, 1.95, 3.0, 3.11], [0.96, 1.1, 1.29, 1.67, 1.64, 1.49, 1.56, 2.49, 2.68, 3.06, 3.86, 4.12, 4.03, 4.13, 4.72, 5.23, 5.51, 5.56, 5.82, 4.81, 3.22, 3.52, 4.06, 4.33, 3.95, 3.63, 2.52, 1.83, 2.28, 2.25, 2.12, 2.07, 2.21, 2.0, 1.64, 1.44, 2.08, 2.7, 2.56, 1.72, 2.21, 2.85, 3.36, 3.98, 3.59, 2.17, 1.1, 0, 1.13, 1.49, 1.25, 1.37, 1.74, 1.77, 1.97, 1.74, 2.09, 2.2, 3.404, 4.334, 5.057, 5.31, 5.49, 5.56, 5.47, 5.68, 5.36, 4.75, 4.75, 4.92, 5.1, 5.05, 5.2, 4.96, 4.81, 3.38, 2.07, 2.06, 2.36, 2.64, 3.14, 3.47, 2.54, 1.73, 2.12, 2.23], [1.25, 1.45, 1.84, 2.24, 2.29, 2.38, 2.07, 2.82, 3.05, 3.29, 4.09, 4.35, 4.26, 4.4, 5.09, 5.64, 5.9, 6.01, 6.47, 5.32, 3.63, 3.61, 4.03, 4.36, 4.1, 4.04, 3.01, 2.24, 2.21, 2.2, 2.21, 2.36, 2.44, 2.05, 2.05, 1.69, 2.29, 2.69, 2.51, 1.65, 2.66, 3.32, 3.79, 4.41, 3.86, 2.76, 2.01, 1.13, 0, 1.28, 1.14, 1.3, 1.61, 1.84, 2.06, 1.99, 2.32, 2.53, 3.72, 4.59, 5.31, 5.64, 5.86, 5.97, 5.7, 5.87, 5.49, 4.98, 5.04, 5.13, 5.21, 5.34, 5.43, 5.19, 5.1, 3.73, 2.36, 2.29, 2.57, 2.85, 3.35, 3.68, 2.71, 1.88, 1.49, 1.8], [1.59, 1.83, 2.04, 2.16, 2.21, 2.3, 1.65, 2.04, 2.23, 2.51, 3.09, 3.49, 3.28, 3.54, 4.15, 4.7, 4.98, 5.03, 5.51, 4.58, 2.77, 2.89, 3.37, 3.58, 3.32, 3.32, 2.81, 2.48, 2.77, 2.64, 2.25, 2.42, 2.26, 1.91, 2.03, 2.31, 2.99, 3.45, 3.39, 1.91, 1.84, 2.5, 2.83, 3.47, 2.94, 2.32, 1.83, 1.49, 1.28, 0, 0.68, 0.94, 0.97, 1.02, 1.4, 1.49, 1.74, 1.93, 2.86, 3.53, 4.23, 4.56, 4.84, 5.03, 4.76, 4.97, 4.63, 3.98, 4.06, 4.25, 4.35, 4.42, 4.47, 4.23, 4.18, 2.89, 2.06, 2.01, 2.09, 2.37, 2.53, 2.8, 2.09, 1.24, 1.83, 2.34], [1.43, 1.63, 1.78, 1.84, 1.83, 1.98, 1.43, 2.14, 2.37, 2.51, 3.31, 3.61, 3.52, 3.66, 4.27, 4.78, 5.04, 5.13, 5.67, 4.6, 2.65, 2.75, 3.31, 3.64, 3.32, 3.16, 2.39, 2.14, 2.51, 2.36, 2.05, 2.28, 1.9, 1.75, 1.87, 2.09, 2.75, 3.21, 3.13, 1.69, 1.76, 2.5, 2.91, 3.53, 3.04, 2.02, 1.65, 1.25, 1.14, 0.68, 0, 0.7, 0.91, 1.08, 1.54, 1.65, 1.82, 1.91, 2.98, 3.81, 4.53, 4.8, 5.02, 5.09, 4.94, 5.17, 4.77, 4.14, 4.16, 4.29, 4.49, 4.56, 4.71, 4.47, 4.36, 3.01, 1.76, 1.77, 2.07, 2.35, 2.63, 2.94, 1.93, 1.22, 1.79, 2.16], [1.75, 1.91, 1.9, 2.1, 1.95, 1.98, 1.47, 2.22, 2.47, 2.73, 3.55, 3.79, 3.72, 3.86, 4.53, 5.0, 5.22, 5.35, 5.73, 4.68, 2.95, 2.83, 3.31, 3.72, 3.44, 3.24, 2.57, 2.26, 2.53, 2.48, 2.17, 2.4, 2.04, 1.77, 2.07, 2.27, 2.89, 3.27, 3.09, 1.83, 1.96, 2.74, 3.19, 3.79, 3.26, 2.28, 1.81, 1.37, 1.3, 0.94, 0.7, 0, 0.89, 1.32, 1.74, 1.89, 2.1, 2.21, 3.24, 4.01, 4.75, 5.08, 5.24, 5.33, 5.12, 5.35, 4.99, 4.4, 4.42, 4.59, 4.71, 4.78, 4.89, 4.65, 4.54, 3.19, 1.88, 1.97, 2.29, 2.59, 2.79, 3.1, 2.23, 1.4, 1.75, 2.12], [2.02, 2.12, 2.05, 2.07, 2.16, 2.27, 1.56, 1.99, 2.16, 2.42, 2.9, 3.16, 3.01, 3.27, 3.92, 4.47, 4.67, 4.88, 5.5, 4.53, 2.86, 2.72, 3.1, 3.37, 3.19, 3.27, 2.66, 2.75, 2.7, 2.65, 2.34, 2.51, 2.15, 1.98, 2.34, 2.82, 3.52, 3.92, 3.8, 2.14, 1.81, 2.45, 2.76, 3.3, 2.79, 2.17, 2.08, 1.74, 1.61, 0.97, 0.91, 0.89, 0, 0.79, 1.37, 1.34, 1.59, 1.76, 2.49, 3.28, 4.0, 4.39, 4.71, 4.9, 4.53, 4.74, 4.46, 3.97, 4.03, 4.2, 4.2, 4.17, 4.2, 3.94, 3.91, 2.58, 1.67, 1.74, 1.96, 2.22, 2.32, 2.59, 1.8, 1.35, 2.02, 2.67], [1.91, 2.01, 2.0, 2.1, 2.27, 2.32, 1.57, 1.82, 1.97, 2.21, 2.63, 2.87, 2.76, 3.12, 3.77, 4.32, 4.56, 4.77, 5.39, 4.42, 2.61, 2.51, 2.91, 3.1, 2.94, 3.12, 2.75, 2.84, 2.97, 2.8, 2.43, 2.52, 2.28, 2.03, 2.29, 2.77, 3.55, 4.03, 3.93, 2.21, 1.78, 2.38, 2.51, 3.13, 2.68, 2.22, 1.99, 1.77, 1.84, 1.02, 1.08, 1.32, 0.79, 0, 1.22, 1.35, 1.66, 1.83, 2.58, 3.03, 3.71, 4.12, 4.46, 4.71, 4.4, 4.61, 4.37, 3.82, 3.82, 3.93, 4.05, 4.04, 4.03, 3.77, 3.7, 2.43, 1.8, 1.83, 1.85, 2.01, 2.17, 2.44, 1.87, 1.36, 2.11, 2.88], [2.03, 2.13, 1.84, 1.78, 1.97, 2.28, 1.67, 1.8, 1.99, 2.13, 2.51, 2.85, 2.7, 2.98, 3.51, 4.06, 4.36, 4.59, 5.23, 4.22, 2.51, 2.79, 3.11, 3.12, 2.82, 3.06, 2.41, 2.94, 3.03, 2.88, 2.55, 2.48, 2.18, 2.17, 2.29, 2.89, 3.75, 4.21, 4.01, 2.39, 1.66, 2.08, 2.27, 2.81, 2.48, 1.96, 1.91, 1.97, 2.06, 1.4, 1.54, 1.74, 1.37, 1.22, 0, 1.01, 1.2, 1.53, 2.28, 2.83, 3.57, 3.88, 4.22, 4.43, 4.18, 4.41, 4.15, 3.54, 3.62, 3.79, 3.85, 3.82, 3.87, 3.61, 3.58, 2.33, 1.72, 1.61, 1.49, 1.67, 2.07, 2.26, 1.61, 1.74, 2.29, 3.0], [1.82, 1.96, 1.73, 1.67, 1.9, 2.07, 1.84, 2.09, 2.28, 2.5, 2.62, 2.88, 2.75, 3.03, 3.74, 4.19, 4.45, 4.82, 5.46, 4.57, 2.96, 3.04, 3.28, 3.35, 3.17, 3.51, 2.5, 2.89, 2.9, 2.75, 2.44, 2.17, 2.01, 2.26, 2.24, 2.82, 3.5, 4.18, 4.091, 2.62, 1.77, 2.41, 2.48, 2.94, 2.73, 1.95, 1.62, 1.74, 1.99, 1.49, 1.65, 1.89, 1.34, 1.35, 1.01, 0, 0.99, 1.38, 2.15, 2.92, 3.58, 4.15, 4.53, 4.68, 4.29, 4.5, 4.2, 3.71, 3.85, 3.98, 3.88, 3.97, 3.88, 3.62, 3.51, 2.36, 1.73, 1.54, 1.74, 1.82, 2.16, 2.33, 1.6, 1.61, 2.56, 3.27], [2.19, 2.33, 1.94, 1.68, 1.83, 2.06, 1.59, 1.68, 1.83, 2.13, 2.45, 2.81, 2.54, 2.7, 3.19, 3.76, 3.82, 4.05, 4.69, 3.82, 2.59, 3.39, 3.73, 3.62, 3.24, 3.3, 2.49, 3.38, 3.41, 3.24, 2.71, 2.38, 2.22, 2.57, 2.59, 3.05, 3.79, 4.569, 4.543, 2.97, 1.56, 1.68, 1.87, 2.51, 2.06, 1.48, 1.65, 2.09, 2.32, 1.74, 1.82, 2.1, 1.59, 1.66, 1.2, 0.99, 0, 0.83, 1.52, 2.37, 3.13, 3.66, 3.88, 4.15, 3.72, 3.91, 3.77, 3.62, 3.8, 3.95, 3.77, 3.74, 3.61, 3.27, 3.28, 2.21, 1.54, 1.43, 1.79, 1.77, 1.99, 2.14, 1.71, 1.92, 2.99, 3.56], [2.42, 2.54, 2.05, 1.83, 1.88, 1.99, 1.46, 1.61, 1.78, 1.94, 2.32, 2.74, 2.45, 2.53, 2.98, 3.53, 3.55, 3.74, 4.34, 3.49, 2.58, 3.66, 4.08, 4.01, 3.37, 3.29, 2.56, 3.51, 3.68, 3.53, 2.96, 2.65, 2.51, 2.84, 2.82, 3.26, 3.985, 4.748, 4.733, 3.18, 1.65, 1.73, 1.74, 2.36, 1.87, 1.35, 1.54, 2.2, 2.53, 1.93, 1.91, 2.21, 1.76, 1.83, 1.53, 1.38, 0.83, 0, 1.39, 2.32, 3.04, 3.51, 3.79, 4.08, 3.57, 3.82, 3.9, 3.65, 3.81, 4.04, 3.8, 3.63, 3.42, 3.18, 3.15, 2.22, 1.57, 1.66, 1.88, 1.92, 1.96, 2.15, 1.94, 2.11, 3.22, 3.83], [3.55, 3.69, 3.094, 2.58, 2.858, 2.98, 2.33, 1.72, 1.65, 1.61, 1.77, 2.13, 1.88, 2.0, 2.25, 2.58, 2.64, 2.85, 3.47, 2.86, 2.49, 4.09, 4.33, 3.92, 3.24, 3.12, 3.29, 4.734, 4.75, 4.56, 4.11, 3.74, 3.48, 3.93, 3.95, 4.401, 5.158, 5.929, 5.903, 4.35, 2.32, 1.74, 1.59, 1.77, 1.42, 1.52, 2.63, 3.404, 3.72, 2.86, 2.98, 3.24, 2.49, 2.58, 2.28, 2.15, 1.52, 1.39, 0, 1.09, 1.81, 2.5, 2.98, 3.31, 2.74, 2.93, 3.07, 3.2, 3.44, 3.61, 3.13, 2.96, 2.67, 2.35, 2.52, 1.81, 2.26, 2.41, 2.53, 2.31, 1.69, 1.64, 2.07, 2.92, 4.27, 4.94], [4.408, 4.528, 3.944, 3.45, 3.768, 3.91, 3.08, 2.21, 2.16, 1.9, 1.84, 2.2, 1.99, 2.23, 2.04, 1.97, 2.07, 2.44, 3.02, 2.45, 2.82, 4.38, 4.66, 4.17, 3.53, 3.35, 4.2, 5.664, 5.66, 5.47, 5.0, 4.57, 4.39, 4.757, 4.842, 5.251, 6.068, 6.799, 6.773, 5.079, 2.81, 2.21, 1.9, 2.04, 1.59, 2.37, 3.56, 4.334, 4.59, 3.53, 3.81, 4.01, 3.28, 3.03, 2.83, 2.92, 2.37, 2.32, 1.09, 0, 1.0, 2.15, 2.85, 2.88, 2.41, 2.52, 2.86, 3.09, 3.33, 3.52, 2.9, 2.73, 2.4, 1.96, 2.37, 2.04, 3.09, 3.26, 2.88, 2.72, 2.04, 1.95, 2.62, 3.57, 4.86, 5.632], [5.091, 5.211, 4.627, 4.121, 4.491, 4.638, 3.74, 2.71, 2.48, 2.2, 1.64, 1.9, 1.73, 1.97, 1.72, 1.53, 1.55, 2.2, 2.76, 2.17, 2.98, 4.32, 4.58, 3.79, 3.23, 3.13, 4.891, 6.387, 6.386, 6.136, 5.669, 5.242, 5.076, 5.44, 5.565, 5.994, 6.751, 7.502, 7.516, 5.756, 3.347, 2.51, 2.1, 1.74, 1.61, 3.101, 4.297, 5.057, 5.31, 4.23, 4.53, 4.75, 4.0, 3.71, 3.57, 3.58, 3.13, 3.04, 1.81, 1.0, 0, 1.63, 2.45, 2.52, 1.95, 2.08, 2.26, 2.35, 2.55, 2.76, 2.22, 2.25, 1.9, 1.52, 1.81, 2.16, 3.796, 3.989, 3.552, 3.28, 2.5, 2.29, 3.34, 4.267, 5.5, 6.315], [5.29, 5.45, 4.9, 4.32, 4.647, 4.8, 4.05, 3.1, 2.91, 2.47, 1.75, 1.71, 1.8, 1.58, 1.13, 1.36, 1.5, 2.39, 2.61, 2.08, 3.027, 4.31, 4.63, 3.88, 3.08, 3.0, 5.09, 6.626, 6.77, 6.52, 6.002, 5.697, 5.452, 5.75, 5.742, 6.219, 6.927, 7.624, 7.624, 5.887, 3.6, 2.7, 2.21, 1.73, 1.92, 3.32, 4.55, 5.31, 5.64, 4.56, 4.8, 5.08, 4.39, 4.12, 3.88, 4.15, 3.66, 3.51, 2.5, 2.15, 1.63, 0, 1.02, 1.33, 1.12, 1.23, 1.43, 1.88, 2.1, 1.95, 1.75, 1.38, 1.43, 1.51, 1.66, 2.55, 4.194, 4.407, 4.05, 3.77, 3.05, 2.78, 3.87, 4.6, 5.796, 6.463], [5.45, 5.57, 5.04, 4.46, 4.81, 4.92, 4.27, 3.44, 3.31, 2.87, 2.25, 2.19, 2.26, 2.0, 1.51, 1.86, 1.98, 2.77, 2.95, 2.4, 3.13, 4.55, 4.73, 3.98, 3.16, 3.16, 5.19, 6.769, 6.97, 6.72, 6.187, 5.92, 5.64, 5.93, 5.927, 6.379, 7.016, 7.73, 7.738, 5.987, 3.74, 2.8, 2.51, 2.19, 2.36, 3.66, 4.69, 5.49, 5.86, 4.84, 5.02, 5.24, 4.71, 4.46, 4.22, 4.53, 3.88, 3.79, 2.98, 2.85, 2.45, 1.02, 0, 0.89, 1.02, 1.17, 1.57, 2.18, 2.4, 1.93, 1.79, 1.22, 1.71, 1.97, 2.02, 2.91, 4.397, 4.63, 4.33, 4.07, 3.37, 3.08, 4.15, 4.82, 5.95, 6.586], [5.6, 5.72, 5.13, 4.53, 4.86, 4.99, 4.4, 3.61, 3.52, 3.02, 2.34, 2.34, 2.47, 2.11, 1.38, 1.53, 1.77, 2.5, 2.66, 2.07, 3.14, 4.64, 4.86, 4.05, 3.25, 3.21, 5.24, 6.81, 7.08, 6.79, 6.3, 6.03, 5.69, 6.08, 6.08, 6.46, 7.08, 7.86, 7.853, 6.108, 3.73, 2.95, 2.72, 2.36, 2.61, 3.83, 4.74, 5.56, 5.97, 5.03, 5.09, 5.33, 4.9, 4.71, 4.43, 4.68, 4.15, 4.08, 3.31, 2.88, 2.52, 1.33, 0.89, 0, 0.89, 1.1, 1.42, 2.27, 2.55, 2.08, 1.68, 1.35, 1.58, 1.78, 2.05, 2.98, 4.49, 4.76, 4.44, 4.18, 3.5, 3.17, 4.22, 4.95, 6.12, 6.69], [5.47, 5.61, 5.0, 4.46, 4.85, 5.02, 4.23, 3.3, 3.19, 2.77, 1.97, 1.91, 2.0, 1.74, 1.27, 1.54, 1.5, 2.55, 2.75, 2.14, 3.098, 4.45, 4.51, 3.7, 2.92, 3.119, 5.178, 6.654, 6.69, 6.4, 5.91, 5.64, 5.36, 5.79, 5.91, 6.343, 7.055, 7.849, 7.863, 6.103, 3.6, 2.86, 2.51, 2.17, 2.26, 3.78, 4.67, 5.47, 5.7, 4.76, 4.94, 5.12, 4.53, 4.4, 4.18, 4.29, 3.72, 3.57, 2.74, 2.41, 1.95, 1.12, 1.02, 0.89, 0, 0.69, 1.27, 1.9, 2.18, 1.73, 1.25, 1.04, 1.05, 1.29, 1.48, 2.45, 4.12, 4.35, 4.01, 3.69, 3.01, 2.66, 3.79, 4.64, 5.77, 6.659], [5.68, 5.82, 5.21, 4.73, 5.08, 5.25, 4.5, 3.53, 3.4, 3.02, 2.26, 2.08, 2.17, 1.93, 1.44, 1.45, 1.73, 2.72, 2.94, 2.29, 3.348, 4.72, 4.48, 3.61, 3.09, 3.349, 5.42, 6.881, 6.86, 6.55, 6.04, 5.75, 5.55, 6.02, 6.14, 6.553, 7.285, 8.079, 8.093, 6.333, 3.81, 3.09, 2.8, 2.48, 2.47, 3.97, 4.92, 5.68, 5.87, 4.97, 5.17, 5.35, 4.74, 4.61, 4.41, 4.5, 3.91, 3.82, 2.93, 2.52, 2.08, 1.23, 1.17, 1.1, 0.69, 0, 1.0, 2.09, 2.37, 1.96, 1.34, 1.33, 1.34, 1.56, 1.67, 2.62, 4.31, 4.46, 4.12, 3.82, 3.14, 2.85, 3.92, 4.87, 6.0, 6.889], [5.2, 5.38, 4.89, 4.43, 4.76, 5.01, 4.26, 3.29, 3.2, 2.78, 2.0, 1.96, 2.03, 1.81, 1.56, 1.57, 2.05, 3.14, 3.36, 2.63, 2.76, 3.9, 3.74, 2.95, 2.43, 2.79, 4.84, 6.31, 6.28, 5.99, 5.46, 5.17, 4.97, 5.44, 5.56, 6.0, 6.72, 7.516, 7.531, 5.78, 3.31, 2.99, 2.7, 2.26, 2.45, 3.87, 4.72, 5.36, 5.49, 4.63, 4.77, 4.99, 4.46, 4.37, 4.15, 4.2, 3.77, 3.9, 3.07, 2.86, 2.26, 1.43, 1.57, 1.42, 1.27, 1.0, 0, 1.47, 1.81, 1.52, 1.18, 1.51, 1.5, 1.6, 1.49, 2.32, 3.73, 3.92, 3.68, 3.42, 2.82, 2.45, 3.48, 4.41, 5.5, 6.35], [4.49, 4.69, 4.26, 3.76, 4.05, 4.38, 3.69, 2.9, 2.83, 2.35, 1.77, 1.73, 1.9, 1.82, 1.97, 2.26, 2.66, 3.65, 3.93, 3.0, 2.23, 2.99, 3.11, 2.48, 1.82, 2.1, 3.85, 5.38, 5.47, 5.2, 4.71, 4.4, 4.16, 4.51, 4.57, 5.05, 5.75, 6.53, 6.57, 4.81, 2.8, 2.66, 2.41, 2.07, 2.44, 3.5, 4.23, 4.75, 4.98, 3.98, 4.14, 4.4, 3.97, 3.82, 3.54, 3.71, 3.62, 3.65, 3.2, 3.09, 2.35, 1.88, 2.18, 2.27, 1.9, 2.09, 1.47, 0, 0.66, 0.97, 1.11, 1.62, 1.63, 1.87, 1.74, 1.91, 3.16, 3.29, 3.15, 2.81, 2.37, 2.14, 2.83, 3.6, 4.57, 5.42], [4.49, 4.65, 4.18, 3.72, 4.03, 4.4, 3.69, 2.96, 2.87, 2.43, 1.99, 1.81, 2.1, 2.02, 2.21, 2.54, 2.94, 3.97, 4.27, 3.28, 2.21, 2.89, 3.01, 2.44, 1.74, 1.9, 3.67, 5.16, 5.27, 5.0, 4.51, 4.2, 3.96, 4.25, 4.35, 4.79, 5.59, 6.33, 6.35, 4.59, 2.88, 2.8, 2.57, 2.39, 2.68, 3.74, 4.29, 4.75, 5.04, 4.06, 4.16, 4.42, 4.03, 3.82, 3.62, 3.85, 3.8, 3.81, 3.44, 3.33, 2.55, 2.1, 2.4, 2.55, 2.18, 2.37, 1.81, 0.66, 0, 0.81, 1.41, 1.86, 2.03, 2.19, 1.98, 2.03, 3.18, 3.23, 3.13, 2.81, 2.51, 2.32, 2.81, 3.46, 4.45, 5.18], [4.64, 4.82, 4.35, 3.79, 4.2, 4.55, 3.86, 3.19, 3.02, 2.58, 2.08, 1.68, 2.05, 1.97, 2.08, 2.39, 2.87, 3.9, 4.08, 3.35, 2.4, 3.12, 3.16, 2.39, 1.75, 2.15, 4.14, 5.65, 5.7, 5.41, 4.94, 4.63, 4.39, 4.74, 4.82, 5.26, 6.0, 6.78, 6.8, 5.04, 3.11, 3.11, 2.84, 2.52, 2.91, 4.05, 4.44, 4.92, 5.13, 4.25, 4.29, 4.59, 4.2, 3.93, 3.79, 3.98, 3.95, 4.04, 3.61, 3.52, 2.76, 1.95, 1.93, 2.08, 1.73, 1.96, 1.52, 0.97, 0.81, 0, 1.14, 1.51, 1.84, 2.12, 1.79, 2.16, 3.27, 3.46, 3.26, 2.92, 2.6, 2.47, 2.96, 3.71, 4.82, 5.59], [5.02, 5.2, 4.65, 4.13, 4.5, 4.77, 4.0, 3.01, 2.9, 2.48, 1.8, 1.58, 1.77, 1.73, 1.74, 1.97, 2.25, 3.34, 3.68, 2.73, 2.62, 3.76, 3.6, 2.83, 2.29, 2.67, 4.66, 6.13, 6.1, 5.77, 5.28, 4.93, 4.79, 5.26, 5.38, 5.82, 6.54, 7.34, 7.36, 5.6, 3.21, 2.99, 2.68, 2.22, 2.59, 3.83, 4.5, 5.1, 5.21, 4.35, 4.49, 4.71, 4.2, 4.05, 3.85, 3.88, 3.77, 3.8, 3.13, 2.9, 2.22, 1.75, 1.79, 1.68, 1.25, 1.34, 1.18, 1.11, 1.41, 1.14, 0, 1.11, 1.08, 1.56, 1.43, 1.94, 3.55, 3.66, 3.4, 3.02, 2.42, 2.13, 3.06, 4.13, 5.24, 6.15], [5.23, 5.37, 4.8, 4.3, 4.59, 4.72, 3.97, 3.14, 3.01, 2.49, 1.73, 1.61, 1.76, 1.54, 1.33, 1.56, 1.76, 2.83, 3.01, 2.52, 3.01, 4.27, 4.37, 3.68, 2.7, 2.86, 4.85, 6.3, 6.43, 6.3, 5.83, 5.5, 5.2, 5.61, 5.61, 6.09, 6.849, 7.63, 7.61, 5.85, 3.46, 2.96, 2.61, 2.13, 2.3, 3.58, 4.37, 5.05, 5.34, 4.42, 4.56, 4.78, 4.17, 4.04, 3.82, 3.97, 3.74, 3.63, 2.96, 2.73, 2.25, 1.38, 1.22, 1.35, 1.04, 1.33, 1.51, 1.62, 1.86, 1.51, 1.11, 0, 0.93, 1.29, 1.4, 2.17, 3.84, 4.05, 3.71, 3.39, 2.67, 2.3, 3.45, 4.32, 5.55, 6.459], [5.38, 5.516, 4.95, 4.41, 4.72, 4.83, 4.08, 3.11, 2.94, 2.54, 1.62, 1.44, 1.59, 1.43, 1.32, 1.41, 1.49, 2.58, 2.82, 2.33, 3.12, 4.34, 4.32, 3.57, 2.83, 3.01, 5.0, 6.41, 6.46, 6.31, 5.84, 5.45, 5.25, 5.736, 5.76, 6.24, 6.999, 7.78, 7.76, 6.0, 3.59, 3.03, 2.62, 2.06, 2.37, 3.61, 4.38, 5.2, 5.43, 4.47, 4.71, 4.89, 4.2, 4.03, 3.87, 3.88, 3.61, 3.42, 2.67, 2.4, 1.9, 1.43, 1.71, 1.58, 1.05, 1.34, 1.5, 1.63, 2.03, 1.84, 1.08, 0.93, 0, 0.78, 1.25, 2.04, 3.83, 3.94, 3.58, 3.26, 2.52, 2.21, 3.32, 4.45, 5.68, 6.609], [5.14, 5.276, 4.71, 4.21, 4.5, 4.59, 3.86, 2.91, 2.72, 2.38, 1.52, 1.48, 1.61, 1.43, 1.24, 1.35, 1.67, 2.4, 2.62, 2.09, 2.94, 4.26, 4.46, 3.67, 2.85, 2.79, 4.76, 6.17, 6.22, 6.05, 5.54, 5.17, 5.009, 5.496, 5.52, 6.0, 6.759, 7.54, 7.52, 5.76, 3.35, 2.69, 2.36, 1.88, 2.05, 3.37, 4.16, 4.96, 5.19, 4.23, 4.47, 4.65, 3.94, 3.77, 3.61, 3.62, 3.27, 3.18, 2.35, 1.96, 1.52, 1.51, 1.97, 1.78, 1.29, 1.56, 1.6, 1.87, 2.19, 2.12, 1.56, 1.29, 0.78, 0, 0.99, 1.9, 3.59, 3.64, 3.26, 3.0, 2.18, 1.83, 3.0, 4.21, 5.44, 6.369], [4.95, 5.11, 4.52, 4.02, 4.29, 4.44, 3.71, 2.74, 2.59, 2.21, 1.37, 1.27, 1.32, 1.32, 1.43, 1.76, 2.24, 3.09, 3.33, 2.78, 2.73, 3.93, 4.03, 3.1, 2.4, 2.64, 4.57, 5.98, 6.03, 5.85, 5.35, 4.94, 4.819, 5.306, 5.33, 5.81, 6.569, 7.35, 7.33, 5.57, 3.14, 2.62, 2.19, 1.75, 2.12, 3.4, 4.03, 4.81, 5.1, 4.18, 4.36, 4.54, 3.91, 3.7, 3.58, 3.51, 3.28, 3.15, 2.52, 2.37, 1.81, 1.66, 2.02, 2.05, 1.48, 1.67, 1.49, 1.74, 1.98, 1.79, 1.43, 1.4, 1.25, 0.99, 0, 1.57, 3.4, 3.43, 2.99, 2.63, 1.89, 1.68, 2.75, 4.02, 5.25, 6.179], [3.42, 3.6, 3.07, 2.57, 2.86, 3.11, 2.38, 1.57, 1.38, 1.3, 1.08, 1.34, 1.21, 1.45, 2.18, 2.59, 2.91, 3.62, 4.16, 3.13, 1.6, 2.88, 3.14, 2.51, 1.91, 2.01, 3.04, 4.41, 4.46, 4.31, 3.84, 3.41, 3.25, 3.74, 3.76, 4.24, 5.0, 5.78, 5.76, 4.0, 1.75, 1.71, 1.42, 1.58, 1.55, 2.35, 2.82, 3.38, 3.73, 2.89, 3.01, 3.19, 2.58, 2.43, 2.33, 2.36, 2.21, 2.22, 1.81, 2.04, 2.16, 2.55, 2.91, 2.98, 2.45, 2.62, 2.32, 1.91, 2.03, 2.16, 1.94, 2.17, 2.04, 1.9, 1.57, 0, 1.85, 2.0, 1.72, 1.32, 0.98, 0.83, 1.46, 2.53, 3.68, 4.61], [1.99, 2.09, 1.7, 1.48, 1.49, 1.84, 1.47, 1.64, 1.71, 2.03, 2.63, 2.85, 2.74, 2.88, 3.65, 4.16, 4.42, 4.63, 5.21, 4.04, 1.91, 2.61, 2.95, 2.8, 2.26, 2.16, 1.55, 2.62, 2.83, 2.7, 2.09, 1.76, 1.54, 2.05, 1.95, 2.45, 3.21, 3.95, 3.93, 2.51, 1.36, 2.04, 2.39, 3.03, 2.56, 1.7, 1.71, 2.07, 2.36, 2.06, 1.76, 1.88, 1.67, 1.8, 1.72, 1.73, 1.54, 1.57, 2.26, 3.09, 3.796, 4.194, 4.397, 4.49, 4.12, 4.31, 3.73, 3.16, 3.18, 3.27, 3.55, 3.84, 3.83, 3.59, 3.4, 1.85, 0, 0.73, 1.15, 1.33, 1.65, 1.9, 1.17, 1.6, 2.59, 3.14], [2.0, 2.14, 1.81, 1.59, 1.42, 1.91, 1.72, 1.87, 2.04, 2.26, 2.84, 3.04, 2.93, 3.11, 3.92, 4.43, 4.69, 4.96, 5.54, 4.41, 2.1, 2.68, 2.96, 2.87, 2.33, 2.37, 1.5, 2.57, 2.7, 2.59, 2.0, 1.63, 1.49, 1.96, 1.9, 2.42, 3.2, 3.92, 3.9, 2.32, 1.43, 2.29, 2.58, 3.3, 2.81, 1.93, 1.86, 2.06, 2.29, 2.01, 1.77, 1.97, 1.74, 1.83, 1.61, 1.54, 1.43, 1.66, 2.41, 3.26, 3.989, 4.407, 4.63, 4.76, 4.35, 4.46, 3.92, 3.29, 3.23, 3.46, 3.66, 4.05, 3.94, 3.64, 3.43, 2.0, 0.73, 0, 0.92, 1.04, 1.62, 1.91, 1.0, 1.55, 2.42, 2.97], [2.36, 2.5, 2.11, 2.03, 1.98, 2.31, 1.94, 1.99, 2.0, 2.0, 2.48, 2.68, 2.55, 2.85, 3.56, 4.09, 4.35, 4.72, 5.3, 4.21, 2.12, 2.86, 3.18, 2.89, 2.39, 2.43, 2.14, 2.99, 3.12, 2.99, 2.