[[0, 1.05, 1.78, 3.1, 4.433, 5.07, 4.92, 3.96, 3.44, 2.89, 2.82, 5.25, 5.862, 5.097, 5.067, 5.34, 5.483, 5.992, 6.81, 7.094, 7.648, 8.938, 9.381, 9.605, 10.15, 9.913, 8.632, 5.939, 3.63, 2.77, 2.36, 3.76, 2.65, 1.8, 2.55, 3.31, 3.78, 4.64, 6.58, 7.82, 8.45, 9.11, 9.45, 9.88, 9.67, 9.19, 8.86, 8.96, 9.088, 9.325, 9.59, 9.867, 10.113, 10.374, 10.301, 10.192, 10.375, 10.686, 11.044, 11.734, 11.778, 11.631, 11.217, 10.611, 9.999, 10.135, 10.375, 10.431, 10.392, 11.046, 11.645, 12.145, 11.712, 10.259, 8.45, 6.21, 3.48, 1.83, 1.84, 2.29, 2.81, 3.25, 3.06, 2.2, 2.17, 2.17], [1.05, 0, 1.17, 2.57, 4.001, 4.74, 4.49, 3.57, 2.93, 2.42, 2.69, 4.92, 5.51, 4.76, 4.73, 4.98, 5.1, 5.61, 6.44, 6.74, 7.25, 8.55, 8.98, 9.22, 9.778, 9.547, 8.243, 5.566, 3.08, 1.88, 1.59, 2.85, 1.84, 1.31, 2.38, 3.44, 3.99, 4.67, 6.69, 7.93, 8.46, 9.14, 9.36, 9.77, 9.54, 9.06, 8.85, 9.245, 9.415, 9.652, 9.954, 10.189, 10.408, 10.698, 10.594, 10.612, 10.725, 11.013, 11.489, 12.137, 12.108, 12.033, 11.541, 10.918, 10.22, 10.568, 10.773, 10.835, 10.831, 11.435, 12.035, 12.54, 12.124, 10.643, 8.796, 6.556, 3.85, 1.98, 1.79, 2.26, 2.84, 3.3, 3.15, 2.51, 2.44, 2.5], [1.78, 1.17, 0, 1.56, 2.94, 3.89, 3.56, 2.94, 2.54, 2.05, 2.04, 4.11, 4.58, 3.91, 3.9, 4.11, 4.23, 4.66, 5.45, 5.81, 6.22, 7.48, 7.93, 8.15, 8.71, 8.47, 7.2, 4.56, 2.21, 1.25, 1.42, 2.12, 1.51, 1.7, 3.13, 4.05, 4.66, 5.7, 7.68, 8.878, 9.308, 10.09, 10.19, 10.54, 10.39, 9.85, 9.86, 10.198, 10.362, 10.666, 11.02, 11.253, 11.473, 11.734, 11.601, 11.606, 11.752, 12.058, 12.501, 13.171, 13.17, 13.044, 12.491, 11.891, 11.153, 11.579, 11.851, 11.895, 11.874, 12.482, 13.078, 13.615, 13.202, 11.727, 9.843, 7.583, 4.833, 3.006, 2.6, 3.11, 3.33, 3.93, 3.918, 3.14, 2.79, 2.79], [3.1, 2.57, 1.56, 0, 1.66, 2.55, 2.2, 1.92, 2.12, 1.83, 1.5, 2.97, 3.44, 2.83, 2.88, 2.95, 3.11, 3.48, 4.19, 4.49, 4.86, 6.06, 6.47, 6.71, 7.27, 7.03, 5.78, 3.12, 1.35, 1.63, 2.0, 1.66, 1.77, 2.98, 4.33, 5.05, 5.54, 7.14, 8.92, 10.147, 10.534, 11.37, 11.43, 11.64, 11.55, 11.13, 11.28, 11.675, 11.85, 12.132, 12.454, 12.687, 12.902, 13.228, 13.061, 13.035, 13.188, 13.525, 13.955, 14.57, 14.578, 14.477, 13.905, 13.368, 12.65, 13.011, 13.322, 13.37, 13.322, 13.967, 14.552, 15.089, 14.673, 13.197, 11.305, 9.055, 6.265, 4.329, 3.96, 4.39, 4.35, 5.11, 5.144, 4.32, 3.81, 3.75], [4.433, 4.001, 2.94, 1.66, 0, 1.53, 1.42, 1.56, 2.22, 2.31, 2.02, 2.39, 2.72, 2.55, 2.7, 2.65, 2.77, 2.58, 2.99, 3.21, 3.56, 4.62, 5.13, 5.31, 5.85, 5.61, 4.4, 2.06, 1.71, 2.41, 2.66, 2.0, 2.47, 4.22, 5.31, 6.33, 6.96, 8.463, 10.011, 11.253, 11.632, 12.128, 12.208, 12.22, 12.13, 11.93, 12.478, 12.967, 13.176, 13.496, 13.826, 14.043, 14.269, 14.536, 14.373, 14.412, 14.526, 14.831, 15.304, 15.954, 15.927, 15.856, 15.26, 14.58, 13.91, 14.389, 14.709, 14.748, 14.662, 15.32, 15.911, 16.482, 16.103, 14.637, 12.751, 10.501, 7.731, 5.8, 5.307, 5.501, 5.621, 6.07, 6.373, 5.553, 5.25, 5.23], [5.07, 4.74, 3.89, 2.55, 1.53, 0, 0.95, 1.45, 2.33, 2.74, 2.51, 2.0, 2.59, 2.7, 2.99, 2.74, 3.02, 2.73, 2.62, 2.96, 3.03, 4.15, 4.58, 4.82, 5.38, 5.14, 3.93, 1.65, 2.3, 3.34, 3.61, 2.85, 3.2, 4.99, 5.98, 6.84, 7.39, 9.127, 10.429, 11.652, 12.111, 12.743, 12.783, 13.13, 13.16, 12.78, 13.07, 13.536, 13.731, 14.005, 14.362, 14.592, 14.801, 15.105, 14.901, 14.915, 15.089, 15.39, 15.834, 16.452, 16.432, 16.322, 15.697, 15.092, 14.727, 14.921, 15.281, 15.32, 15.226, 15.883, 16.483, 17.054, 16.639, 15.149, 13.245, 10.997, 8.247, 6.397, 5.833, 5.943, 6.08, 6.492, 6.856, 6.07, 5.68, 5.66], [4.92, 4.49, 3.56, 2.2, 1.42, 0.95, 0, 1.32, 2.32, 2.69, 2.24, 1.93, 2.54, 2.53, 2.8, 2.61, 2.83, 2.62, 2.59, 2.87, 3.04, 4.2, 4.61, 4.83, 5.39, 5.15, 3.96, 1.72, 1.95, 2.93, 3.3, 2.52, 2.97, 4.72, 5.89, 6.729, 7.3, 8.976, 10.398, 11.604, 12.049, 12.664, 12.577, 12.894, 12.81, 12.53, 13.04, 13.453, 13.655, 13.968, 14.316, 14.543, 14.749, 15.057, 14.876, 14.861, 15.015, 15.35, 15.803, 16.42, 16.386, 16.291, 15.674, 15.095, 14.486, 14.89, 15.233, 15.272, 15.178, 15.835, 16.437, 17.006, 16.593, 15.117, 13.222, 10.975, 8.184, 6.246, 5.765, 5.915, 6.055, 6.487, 6.828, 5.968, 5.478, 5.458], [3.96, 3.57, 2.94, 1.92, 1.56, 1.45, 1.32, 0, 1.28, 1.65, 1.42, 1.93, 2.62, 2.57, 2.74, 2.65, 2.91, 2.9, 3.35, 3.53, 4.04, 5.34, 5.77, 6.01, 6.57, 6.33, 5.04, 2.24, 1.91, 2.47, 2.5, 2.06, 2.15, 3.76, 4.75, 5.77, 6.4, 7.937, 9.3, 10.635, 11.045, 11.544, 11.67, 12.12, 12.03, 11.59, 11.837, 12.348, 12.541, 12.812, 13.169, 13.396, 13.599, 13.913, 13.703, 13.719, 13.893, 14.205, 14.655, 15.258, 15.238, 15.152, 14.524, 13.907, 13.5, 13.722, 14.083, 14.121, 14.027, 14.687, 15.284, 15.856, 15.446, 13.959, 12.055, 9.807, 7.057, 5.207, 4.66, 4.81, 5.09, 5.302, 5.775, 4.92, 4.43, 4.39], [3.44, 2.93, 2.54, 2.12, 2.22, 2.33, 2.32, 1.28, 0, 0.97, 1.44, 2.65, 3.4, 3.05, 3.18, 3.23, 3.49, 3.62, 4.35, 4.61, 5.16, 6.46, 6.89, 7.13, 7.69, 7.45, 6.16, 3.36, 2.17, 1.87, 1.84, 1.66, 1.61, 2.8, 3.77, 5.05, 5.84, 7.02, 8.22, 9.54, 9.967, 10.608, 10.69, 11.1, 11.09, 10.73, 10.76, 11.32, 11.504, 11.715, 12.058, 12.288, 12.494, 12.827, 12.617, 12.682, 12.869, 13.149, 13.575, 14.239, 14.199, 14.064, 13.444, 12.839, 12.478, 12.611, 12.977, 13.016, 12.922, 13.591, 14.182, 14.75, 14.335, 12.848, 10.944, 8.747, 5.997, 4.187, 3.68, 3.73, 4.09, 4.53, 4.72, 4.34, 4.07, 4.03], [2.89, 2.42, 2.05, 1.83, 2.31, 2.74, 2.69, 1.65, 0.97, 0, 1.47, 3.06, 3.77, 3.08, 3.27, 3.36, 3.58, 3.93, 4.76, 5.0, 5.53, 6.83, 7.26, 7.5, 8.06, 7.82, 6.53, 3.73, 1.98, 1.52, 1.53, 1.57, 1.28, 2.51, 3.54, 4.62, 5.43, 6.45, 7.83, 9.13, 9.62, 10.352, 10.46, 10.91, 10.76, 10.48, 10.55, 10.902, 11.075, 11.351, 11.688, 11.906, 12.144, 12.438, 12.308, 12.27, 12.436, 12.757, 13.217, 13.829, 13.818, 13.705, 13.098, 12.575, 12.065, 12.279, 12.599, 12.643, 12.552, 13.224, 13.821, 14.375, 13.95, 12.46, 10.559, 8.314, 5.564, 3.714, 3.19, 3.36, 3.74, 4.34, 4.35, 3.95, 3.7, 3.74], [2.82, 2.69, 2.04, 1.5, 2.02, 2.51, 2.24, 1.42, 1.44, 1.47, 0, 2.53, 3.2, 2.67, 2.86, 2.91, 3.11, 3.4, 4.15, 4.41, 4.96, 6.26, 6.69, 6.93, 7.49, 7.25, 5.96, 3.18, 2.25, 2.05, 1.94, 2.06, 1.79, 3.0, 4.25, 5.35, 5.88, 7.06, 8.88, 10.275, 10.605, 11.21, 11.41, 11.76, 11.63, 11.13, 11.04, 11.432, 11.604, 11.897, 12.292, 12.53, 12.71, 12.947, 12.786, 12.84, 13.008, 13.285, 13.758, 14.376, 14.366, 14.293, 13.674, 13.064, 12.447, 12.808, 13.122, 13.161, 13.128, 13.73, 14.358, 14.895, 14.48, 13.004, 11.109, 8.852, 6.105, 4.35, 3.94, 4.45, 4.63, 5.03, 5.24, 4.32, 3.85, 3.79], [5.25, 4.92, 4.11, 2.97, 2.39, 2.0, 1.93, 1.93, 2.65, 3.06, 2.53, 0, 1.41, 1.6, 1.97, 1.84, 2.06, 1.87, 2.14, 2.34, 2.79, 3.83, 4.28, 4.5, 5.06, 4.84, 3.57, 1.59, 2.5, 3.54, 3.71, 3.23, 3.4, 5.05, 6.12, 7.076, 7.366, 9.311, 10.729, 11.926, 12.39, 12.966, 12.904, 13.116, 13.16, 12.8, 13.303, 13.749, 13.953, 14.281, 14.647, 14.868, 15.08, 15.358, 15.194, 15.191, 15.346, 15.663, 16.124, 16.75, 16.719, 16.621, 15.987, 15.376, 14.741, 15.197, 15.554, 15.593, 15.499, 16.156, 16.756, 17.327, 16.924, 15.448, 13.553, 11.299, 8.512, 6.662, 6.055, 6.239, 6.296, 6.762, 7.109, 6.286, 5.562, 5.622], [5.862, 5.51, 4.58, 3.44, 2.72, 2.59, 2.54, 2.62, 3.4, 3.77, 3.2, 1.41, 0, 1.07, 1.5, 1.37, 1.37, 1.24, 1.47, 1.47, 2.06, 3.18, 3.69, 3.83, 4.33, 4.21, 2.94, 1.76, 3.17, 3.97, 4.24, 3.6, 4.01, 5.72, 6.77, 7.732, 8.025, 9.908, 11.307, 12.49, 12.913, 13.452, 13.38, 13.508, 13.477, 13.203, 13.906, 14.32, 14.55, 14.9, 15.274, 15.49, 15.673, 15.961, 15.771, 15.753, 15.916, 16.242, 16.671, 17.297, 17.277, 17.151, 16.566, 15.941, 15.315, 15.787, 16.142, 16.181, 16.093, 16.771, 17.344, 17.921, 17.561, 16.101, 14.218, 11.978, 9.168, 7.246, 6.741, 6.871, 6.968, 7.354, 7.781, 6.951, 6.221, 6.301], [5.097, 4.76, 3.91, 2.83, 2.55, 2.7, 2.53, 2.57, 3.05, 3.08, 2.67, 1.6, 1.07, 0, 1.05, 1.12, 1.22, 1.27, 1.86, 2.04, 2.79, 3.95, 4.46, 4.62, 5.08, 4.94, 3.71, 1.93, 2.88, 3.3, 3.59, 3.01, 3.28, 4.95, 6.0, 6.947, 7.24, 9.129, 10.57, 11.759, 12.175, 12.67, 12.595, 12.744, 12.67, 12.46, 13.121, 13.544, 13.774, 14.119, 14.495, 14.711, 14.894, 15.176, 14.992, 14.98, 15.149, 15.46, 15.893, 16.539, 16.516, 16.392, 15.805, 15.162, 14.539, 15.003, 15.364, 15.402, 15.314, 15.989, 16.565, 17.143, 16.776, 15.314, 13.433, 11.193, 8.383, 6.453, 5.954, 6.084, 6.181, 6.566, 6.994, 6.166, 5.436, 5.516], [5.067, 4.73, 3.9, 2.88, 2.7, 2.99, 2.8, 2.74, 3.18, 3.27, 2.86, 1.97, 1.5, 1.05, 0, 0.65, 0.79, 1.28, 2.11, 2.45, 3.06, 4.2, 4.43, 4.73, 5.35, 5.15, 3.96, 1.9, 2.93, 3.45, 3.7, 3.2, 3.37, 4.9, 5.95, 6.917, 7.19, 9.115, 10.494, 11.688, 12.156, 12.695, 12.603, 12.78, 12.69, 12.43, 13.101, 13.535, 13.745, 14.078, 14.455, 14.671, 14.859, 15.162, 14.972, 14.96, 15.117, 15.463, 15.887, 16.496, 16.476, 16.369, 15.778, 15.18, 14.53, 14.965, 15.337, 15.376, 15.288, 15.954, 16.539, 17.116, 16.732, 15.269, 13.383, 11.143, 8.333, 6.409, 5.909, 6.039, 6.136, 6.557, 6.949, 6.116, 5.386, 5.466], [5.34, 4.98, 4.11, 2.95, 2.65, 2.74, 2.61, 2.65, 3.23, 3.36, 2.91, 1.84, 1.37, 1.12, 0.65, 0, 0.5, 0.99, 1.88, 2.24, 2.77, 3.93, 4.12, 4.48, 5.12, 4.88, 3.71, 1.73, 2.86, 3.54, 3.73, 3.23, 3.48, 5.19, 6.24, 7.21, 7.483, 9.41, 10.79, 11.989, 12.415, 12.968, 12.885, 13.087, 13.017, 12.72, 13.39, 13.816, 14.046, 14.377, 14.754, 14.97, 15.161, 15.46, 15.264, 15.261, 15.418, 15.741, 16.18, 16.803, 16.777, 16.659, 16.051, 15.435, 14.848, 15.281, 15.645, 15.683, 15.592, 16.255, 16.846, 17.421, 17.031, 15.562, 13.676, 11.436, 8.626, 6.699, 6.202, 6.332, 6.429, 6.815, 7.242, 6.409, 5.679, 5.759], [5.483, 5.1, 4.23, 3.11, 2.77, 3.02, 2.83, 2.91, 3.49, 3.58, 3.11, 2.06, 1.37, 1.22, 0.79, 0.5, 0, 0.83, 1.78, 2.04, 2.59, 3.73, 3.96, 4.26, 4.94, 4.72, 3.55, 1.87, 3.02, 3.64, 3.87, 3.39, 3.64, 5.35, 6.4, 7.353, 7.646, 9.545, 10.926, 12.132, 12.522, 13.098, 13.042, 13.155, 13.108, 12.86, 13.527, 13.959, 14.186, 14.534, 14.911, 15.127, 15.312, 15.587, 15.421, 15.406, 15.56, 15.883, 16.319, 16.934, 16.905, 16.801, 16.156, 15.559, 14.962, 15.426, 15.787, 15.826, 15.738, 16.407, 16.989, 17.566, 17.188, 15.722, 13.839, 11.599, 8.789, 6.856, 6.362, 6.492, 6.589, 6.975, 7.402, 6.572, 5.842, 5.922], [5.992, 5.61, 4.66, 3.48, 2.58, 2.73, 2.62, 2.9, 3.62, 3.93, 3.4, 1.87, 1.24, 1.27, 1.28, 0.99, 0.83, 0, 1.21, 1.49, 2.06, 3.12, 3.65, 3.77, 4.35, 4.19, 2.96, 1.68, 3.21, 4.01, 4.3, 3.62, 4.07, 5.86, 6.91, 7.866, 8.159, 10.028, 11.401, 12.595, 13.0, 13.551, 13.473, 13.566, 13.551, 13.299, 14.022, 14.433, 14.663, 15.013, 15.39, 15.606, 15.789, 16.039, 15.867, 15.852, 16.009, 16.332, 16.768, 17.376, 17.35, 17.259, 16.628, 16.052, 15.402, 15.872, 16.25, 16.289, 16.21, 16.884, 17.452, 18.038, 17.675, 16.226, 14.352, 12.112, 9.302, 7.358, 6.866, 6.996, 7.094, 7.478, 7.905, 7.081, 6.351, 6.435], [6.81, 6.44, 5.45, 4.19, 2.99, 2.62, 2.59, 3.35, 4.35, 4.76, 4.15, 2.14, 1.47, 1.86, 2.11, 1.88, 1.78, 1.21, 0, 1.24, 1.61, 2.35, 3.0, 3.12, 3.6, 3.4, 2.39, 1.79, 3.72, 4.8, 5.11, 4.33, 4.92, 6.69, 7.74, 8.69, 8.983, 10.849, 12.216, 13.402, 13.815, 14.34, 14.294, 14.355, 14.343, 14.126, 14.828, 15.257, 15.483, 15.819, 16.2, 16.416, 16.595, 16.828, 16.676, 16.655, 16.827, 17.124, 17.557, 18.165, 18.145, 18.063, 17.437, 16.834, 16.203, 16.661, 17.054, 17.093, 17.019, 17.7, 18.255, 18.844, 18.49, 17.045, 15.176, 12.936, 10.126, 8.176, 7.685, 7.815, 7.912, 8.291, 8.718, 7.899, 7.169, 7.259], [7.094, 6.74, 5.81, 4.49, 3.21, 2.96, 2.87, 3.53, 4.61, 5.0, 4.41, 2.34, 1.47, 2.04, 2.45, 2.24, 2.04, 1.49, 1.24, 0, 1.27, 2.19, 2.84, 2.9, 3.22, 3.18, 2.25, 2.07, 4.06, 5.18, 5.45, 4.69, 5.22, 6.95, 8.0, 8.944, 9.237, 11.094, 12.447, 13.635, 14.02, 14.535, 14.533, 14.639, 14.6, 14.356, 15.085, 15.493, 15.723, 16.073, 16.454, 16.67, 16.846, 17.097, 16.93, 16.904, 17.061, 17.378, 17.813, 18.416, 18.396, 18.29, 17.644, 17.048, 16.454, 16.93, 17.304, 17.343, 17.273, 17.954, 18.506, 19.094, 18.747, 17.305, 15.43, 13.19, 10.38, 8.448, 7.945, 8.075, 8.172, 8.556, 8.984, 8.159, 7.429, 7.513], [7.648, 7.25, 6.22, 4.86, 3.56, 3.03, 3.04, 4.04, 5.16, 5.53, 4.96, 2.79, 2.06, 2.79, 3.06, 2.77, 2.59, 2.06, 1.61, 1.27, 0, 1.66, 2.01, 2.47, 3.05, 3.01, 2.14, 2.26, 4.39, 5.65, 5.94, 5.16, 5.71, 7.5, 8.55, 9.518, 9.811, 11.697, 13.05, 14.258, 14.625, 15.134, 15.128, 15.191, 15.258, 14.956, 15.685, 16.101, 16.331, 16.676, 17.057, 17.273, 17.451, 17.683, 17.528, 17.509, 17.672, 17.957, 18.381, 18.99, 18.967, 18.857, 18.223, 17.633, 17.024, 17.516, 17.909, 17.949, 17.876, 18.557, 19.112, 19.699, 19.347, 17.884, 16.003, 13.763, 10.953, 9.063, 8.524, 8.654, 8.751, 9.137, 9.564, 8.736, 8.006, 8.086], [8.938, 8.55, 7.48, 6.06, 4.62, 4.15, 4.2, 5.34, 6.46, 6.83, 6.26, 3.83, 3.18, 3.95, 4.2, 3.93, 3.73, 3.12, 2.35, 2.19, 1.66, 0, 1.29, 1.35, 1.75, 1.91, 1.42, 3.12, 5.63, 6.89, 7.22, 6.28, 7.01, 8.8, 9.85, 10.806, 11.105, 12.968, 14.32, 15.505, 15.892, 16.405, 16.396, 16.459, 16.491, 16.227, 16.956, 17.375, 17.602, 17.947, 18.33, 18.543, 18.719, 18.951, 18.796, 18.777, 18.939, 19.222, 19.643, 20.252, 20.229, 20.12, 19.489, 18.904, 18.287, 18.784, 19.177, 19.217, 19.147, 19.83, 20.379, 20.967, 20.618, 19.172, 17.298, 15.058, 12.248, 10.321, 9.808, 9.945, 10.036, 10.428, 10.849, 10.029, 9.299, 9.381], [9.381, 8.98, 7.93, 6.47, 5.13, 4.58, 4.61, 5.77, 6.89, 7.26, 6.69, 4.28, 3.69, 4.46, 4.43, 4.12, 3.96, 3.65, 3.0, 2.84, 2.01, 1.29, 0, 0.96, 1.72, 2.0, 1.85, 3.55, 6.06, 7.32, 7.65, 6.73, 7.44, 9.23, 10.28, 11.24, 11.529, 13.442, 14.789, 15.986, 16.385, 16.889, 16.885, 16.965, 16.967, 16.719, 17.412, 17.841, 18.069, 18.419, 18.799, 19.012, 19.195, 19.43, 19.272, 19.261, 19.415, 19.708, 20.132, 20.741, 20.718, 20.608, 19.974, 19.366, 18.786, 19.263, 19.656, 19.695, 19.615, 20.292, 20.858, 21.444, 21.074, 19.605, 17.722, 15.482, 12.672, 10.739, 10.232, 10.378, 10.462, 10.861, 11.275, 10.455, 9.725, 9.805], [9.605, 9.22, 8.15, 6.71, 5.31, 4.82, 4.83, 6.01, 7.13, 7.5, 6.93, 4.5, 3.83, 4.62, 4.73, 4.48, 4.26, 3.77, 3.12, 2.9, 2.47, 1.35, 0.96, 0, 1.16, 1.4, 1.45, 3.79, 6.3, 7.54, 7.89, 6.93, 7.68, 9.47, 10.52, 11.479, 11.772, 13.65, 15.005, 16.208, 16.598, 17.099, 17.097, 17.214, 17.178, 16.915, 17.626, 18.061, 18.291, 18.63, 19.007, 19.223, 19.406, 19.652, 19.483, 19.476, 19.645, 19.944, 20.371, 20.98, 20.96, 20.851, 20.208, 19.6, 19.023, 19.479, 19.872, 19.911, 19.828, 20.5, 21.074, 21.657, 21.288, 19.839, 17.965, 15.725, 12.915, 10.968, 10.479, 10.609, 10.706, 11.088, 11.515, 10.694, 9.964, 10.048], [10.15, 9.778, 8.71, 7.27, 5.85, 5.38, 5.39, 6.57, 7.69, 8.06, 7.49, 5.06, 4.33, 5.08, 5.35, 5.12, 4.94, 4.35, 3.6, 3.22, 3.05, 1.75, 1.72, 1.16, 0, 0.86, 1.67, 4.35, 6.86, 8.1, 8.448, 7.43, 8.24, 10.03, 11.08, 12.027, 12.32, 14.165, 15.524, 16.727, 17.108, 17.615, 17.622, 17.736, 17.692, 17.428, 18.162, 18.576, 18.806, 19.154, 19.531, 19.747, 19.93, 20.174, 20.007, 20.001, 20.155, 20.466, 20.893, 21.502, 21.482, 21.373, 20.73, 20.122, 19.548, 20.007, 20.391, 20.43, 20.35, 21.028, 21.593, 22.179, 21.824, 20.385, 18.513, 16.273, 13.463, 11.513, 11.025, 11.155, 11.252, 11.636, 12.064, 11.239, 10.509, 10.596], [9.913, 9.547, 8.47, 7.03, 5.61, 5.14, 5.15, 6.33, 7.45, 7.82, 7.25, 4.84, 4.21, 4.94, 5.15, 4.88, 4.72, 4.19, 3.4, 3.18, 3.01, 1.91, 2.0, 1.4, 0.86, 0, 1.39, 4.13, 6.62, 7.86, 8.21, 7.21, 8.0, 9.79, 10.86, 11.79, 12.096, 13.958, 15.322, 16.518, 16.891, 17.439, 17.426, 17.553, 17.506, 17.246, 17.921, 18.371, 18.581, 18.929, 19.306, 19.522, 19.705, 19.965, 19.799, 19.784, 19.938, 20.255, 20.694, 21.297, 21.277, 21.167, 20.51, 19.931, 19.375, 19.781, 20.174, 20.213, 20.13, 20.799, 21.375, 21.959, 21.583, 20.161, 18.289, 16.036, 13.246, 11.289, 10.785, 10.915, 11.012, 11.394, 11.818, 11.002, 10.269, 10.359], [8.632, 8.243, 7.2, 5.78, 4.4, 3.93, 3.96, 5.04, 6.16, 6.53, 5.96, 3.57, 2.94, 3.71, 3.96, 3.71, 3.55, 2.96, 2.39, 2.25, 2.14, 1.42, 1.85, 1.45, 1.67, 1.39, 0, 2.96, 5.41, 6.57, 6.92, 6.0, 6.69, 8.48, 9.57, 10.499, 10.795, 12.676, 14.034, 15.234, 15.634, 16.184, 16.118, 16.275, 16.214, 15.945, 16.655, 17.09, 17.317, 17.656, 18.033, 18.249, 18.432, 18.69, 18.512, 18.518, 18.672, 18.983, 19.422, 20.024, 20.004, 19.901, 19.249, 18.668, 18.088, 18.514, 18.895, 18.934, 18.852, 19.526, 20.097, 20.68, 20.313, 18.862, 16.988, 14.745, 11.962, 9.991, 9.504, 9.654, 9.731, 10.111, 10.535, 9.716, 8.988, 9.068], [5.939, 5.566, 4.56, 3.12, 2.06, 1.65, 1.72, 2.24, 3.36, 3.73, 3.18, 1.59, 1.76, 1.93, 1.9, 1.73, 1.87, 1.68, 1.79, 2.07, 2.26, 3.12, 3.55, 3.79, 4.35, 4.13, 2.96, 0, 2.65, 3.99, 4.26, 3.44, 3.97, 5.78, 6.79, 7.789, 8.056, 10.013, 11.384, 12.584, 13.066, 13.616, 13.51, 13.746, 13.79, 13.41, 13.993, 14.433, 14.654, 14.962, 15.339, 15.555, 15.752, 16.051, 15.85, 15.852, 16.03, 16.344, 16.777, 17.406, 17.383, 17.267, 16.674, 16.061, 15.442, 15.869, 16.233, 16.271, 16.18, 16.841, 17.434, 18.009, 17.616, 16.141, 14.249, 11.992, 9.222, 7.372, 6.747, 6.895, 6.992, 7.427, 7.805, 6.982, 6.275, 6.315], [3.63, 3.08, 2.21, 1.35, 1.71, 2.3, 1.95, 1.91, 2.17, 1.98, 2.25, 2.5, 3.17, 2.88, 2.93, 2.86, 3.02, 3.21, 3.72, 4.06, 4.39, 5.63, 6.06, 6.3, 6.86, 6.62, 5.41, 2.65, 0, 1.76, 2.45, 2.13, 2.24, 3.39, 4.7, 5.28, 5.73, 7.544, 9.005, 10.166, 10.729, 11.526, 11.498, 11.79, 11.72, 11.5, 11.71, 12.093, 12.286, 12.556, 12.827, 13.028, 13.307, 13.641, 13.517, 13.439, 13.584, 13.947, 14.368, 14.994, 14.971, 14.88, 14.306, 13.783, 13.097, 13.447, 13.741, 13.788, 13.68, 14.378, 14.954, 15.5, 15.072, 13.596, 11.704, 9.453, 6.663, 4.779, 4.323, 4.48, 4.6, 5.329, 5.376, 4.63, 4.28, 4.32], [2.77, 1.88, 1.25, 1.63, 2.41, 3.34, 2.93, 2.47, 1.87, 1.52, 2.05, 3.54, 3.97, 3.3, 3.45, 3.54, 3.64, 4.01, 4.8, 5.18, 5.65, 6.89, 7.32, 7.54, 8.1, 7.86, 6.57, 3.99, 1.76, 0, 1.23, 1.43, 1.1, 1.97, 3.34, 4.4, 5.17, 6.25, 7.97, 9.074, 9.573, 10.3, 10.34, 10.49, 10.36, 10.1, 10.31, 10.799, 11.012, 11.308, 11.581, 11.834, 12.047, 12.297, 12.171, 12.256, 12.358, 12.626, 13.139, 13.781, 13.741, 13.677, 13.112, 12.432, 11.711, 12.221, 12.44, 12.499, 12.483, 13.059, 13.676, 14.201, 13.803, 12.328, 10.445, 8.185, 5.395, 3.456, 3.19, 3.4, 3.56, 4.22, 4.27, 3.83, 3.6, 3.68], [2.36, 1.59, 1.42, 2.0, 2.66, 3.61, 3.3, 2.5, 1.84, 1.53, 1.94, 3.71, 4.24, 3.59, 3.7, 3.73, 3.87, 4.3, 5.11, 5.45, 5.94, 7.22, 7.65, 7.89, 8.448, 8.21, 6.92, 4.26, 2.45, 1.23, 0, 1.48, 0.79, 1.82, 2.97, 4.49, 5.28, 6.08, 7.58, 9.08, 9.39, 9.83, 10.05, 10.42, 10.11, 9.71, 9.9, 10.351, 10.583, 10.9, 11.182, 11.435, 11.653, 11.923, 11.757, 11.819, 11.936, 12.247, 12.694, 13.344, 13.321, 13.243, 12.643, 12.003, 11.306, 11.773, 12.087, 12.126, 12.052, 12.703, 13.306, 13.857, 13.459, 11.987, 10.101, 7.841, 5.091, 3.23, 2.88, 3.27, 3.59, 4.07, 4.2, 3.78, 3.49, 3.53], [3.76, 2.85, 2.12, 1.66, 2.0, 2.85, 2.52, 2.06, 1.66, 1.57, 2.06, 3.23, 3.6, 3.01, 3.2, 3.23, 3.39, 3.62, 4.33, 4.69, 5.16, 6.28, 6.73, 6.93, 7.43, 7.21, 6.0, 3.44, 2.13, 1.43, 1.48, 0, 1.29, 2.72, 4.11, 5.37, 6.22, 7.18, 8.62, 9.88, 10.13, 10.65, 10.71, 10.94, 10.79, 10.33, 10.89, 11.327, 11.517, 11.839, 12.199, 12.452, 12.629, 12.919, 12.732, 12.766, 12.889, 13.221, 13.682, 14.302, 14.285, 14.202, 13.579, 12.959, 12.331, 12.752, 13.106, 13.145, 13.051, 13.711, 14.308, 14.879, 14.476, 13.0, 11.111, 8.866, 6.116, 4.303, 4.1, 4.25, 4.31, 4.81, 5.12, 4.9, 4.61, 4.61], [2.65, 1.84, 1.51, 1.77, 2.47, 3.2, 2.97, 2.15, 1.61, 1.28, 1.79, 3.4, 4.01, 3.28, 3.37, 3.48, 3.64, 4.07, 4.92, 5.22, 5.71, 7.01, 7.44, 7.68, 8.24, 8.0, 6.69, 3.97, 2.24, 1.1, 0.79, 1.29, 0, 1.99, 3.18, 4.68, 5.55, 6.31, 7.73, 9.25, 9.54, 9.86, 10.16, 10.57, 10.28, 9.86, 10.15, 10.58, 10.819, 11.136, 11.444, 11.677, 11.897, 12.173, 11.989, 12.037, 12.209, 12.5, 12.941, 13.576, 13.556, 13.447, 12.816, 12.196, 11.584, 12.009, 12.357, 12.396, 12.302, 12.959, 13.559, 14.13, 13.721, 12.243, 10.347, 8.096, 5.326, 3.52, 3.15, 3.44, 3.8, 4.1, 4.41, 4.03, 3.78, 3.8], [1.8, 1.31, 1.7, 2.98, 4.22, 4.99, 4.72, 3.76, 2.8, 2.51, 3.0, 5.05, 5.72, 4.95, 4.9, 5.19, 5.35, 5.86, 6.69, 6.95, 7.5, 8.8, 9.23, 9.47, 10.03, 9.79, 8.48, 5.78, 3.39, 1.97, 1.82, 2.72, 1.99, 0, 1.93, 3.19, 3.96, 4.64, 6.32, 7.52, 7.91, 8.53, 8.67, 9.08, 8.95, 8.47, 8.38, 8.849, 9.062, 9.366, 9.686, 9.919, 10.139, 10.39, 10.255, 10.352, 10.425, 10.719, 11.207, 11.845, 11.833, 11.738, 11.165, 10.482, 9.847, 10.279, 10.551, 10.59, 10.577, 11.17, 11.787, 12.321, 11.911, 10.433, 8.543, 6.283, 3.562, 1.77, 1.88, 2.13, 2.35, 2.87, 2.96, 2.74, 2.57, 2.67], [2.55, 2.38, 3.13, 4.33, 5.31, 5.98, 5.89, 4.75, 3.77, 3.54, 4.25, 6.12, 6.77, 6.0, 5.95, 6.24, 6.4, 6.91, 7.74, 8.0, 8.55, 9.85, 10.28, 10.52, 11.08, 10.86, 9.57, 6.79, 4.7, 3.34, 2.97, 4.11, 3.18, 1.93, 0, 1.9, 2.59, 3.55, 4.95, 6.33, 6.78, 7.22, 7.48, 7.85, 7.62, 7.2, 7.23, 7.764, 8.014, 8.259, 8.59, 8.803, 9.003, 9.288, 9.107, 9.233, 9.375, 9.618, 10.108, 10.755, 10.703, 10.602, 9.991, 9.331, 8.856, 9.164, 9.478, 9.517, 9.478, 10.08, 10.697, 11.251, 10.847, 9.366, 7.468, 5.38, 3.07, 1.8, 1.61, 1.36, 1.54, 1.7, 1.69, 1.63, 1.9, 1.96], [3.31, 3.44, 4.05, 5.05, 6.33, 6.84, 6.729, 5.77, 5.05, 4.62, 5.35, 7.076, 7.732, 6.947, 6.917, 7.21, 7.353, 7.866, 8.69, 8.944, 9.518, 10.806, 11.24, 11.479, 12.027, 11.79, 10.499, 7.789, 5.28, 4.4, 4.49, 5.37, 4.68, 3.19, 1.9, 0, 1.37, 2.45, 3.97, 5.137, 5.621, 6.56, 6.76, 7.01, 7.0, 6.6, 6.55, 6.933, 7.106, 7.334, 7.628, 7.835, 8.102, 8.438, 8.314, 8.246, 8.37, 8.722, 9.181, 9.793, 9.764, 9.678, 9.032, 8.58, 8.102, 8.267, 8.542, 8.587, 8.522, 9.173, 9.758, 10.306, 9.873, 8.389, 6.64, 4.86, 2.85, 2.56, 2.13, 1.88, 1.48, 1.66, 1.29, 1.61, 2.2, 2.34], [3.78, 3.99, 4.66, 5.54, 6.96, 7.39, 7.3, 6.4, 5.84, 5.43, 5.88, 7.366, 8.025, 7.24, 7.19, 7.483, 7.646, 8.159, 8.983, 9.237, 9.811, 11.105, 11.529, 11.772, 12.32, 12.096, 10.795, 8.056, 5.73, 5.17, 5.28, 6.22, 5.55, 3.96, 2.59, 1.37, 0, 2.04, 3.84, 4.927, 5.514, 6.45, 6.65, 6.84, 6.91, 6.43, 6.28, 6.655, 6.799, 7.019, 7.309, 7.554, 7.792, 8.056, 7.989, 7.976, 8.089, 8.369, 8.851, 9.498, 9.481, 9.393, 8.805, 8.268, 7.79, 7.932, 8.215, 8.271, 8.203, 8.834, 9.451, 9.988, 9.566, 8.148, 6.77, 5.23, 3.58, 3.29, 2.82, 2.59, 2.03, 1.99, 1.58, 2.04, 2.61, 2.71], [4.64, 4.67, 5.7, 7.14, 8.463, 9.127, 8.976, 7.937, 7.02, 6.45, 7.06, 9.311, 9.908, 9.129, 9.115, 9.41, 9.545, 10.028, 10.849, 11.094, 11.697, 12.968, 13.442, 13.65, 14.165, 13.958, 12.676, 10.013, 7.544, 6.25, 6.08, 7.18, 6.31, 4.64, 3.55, 2.45, 2.04, 0, 2.1, 3.4, 3.91, 4.61, 4.95, 5.38, 5.17, 4.73, 4.4, 4.695, 4.885, 5.102, 5.426, 5.639, 5.858, 6.119, 6.072, 6.067, 6.155, 6.423, 6.939, 7.587, 7.558, 7.483, 6.951, 6.368, 5.81, 6.038, 6.26, 6.316, 6.31, 6.95, 7.505, 8.033, 7.669, 6.54, 5.75, 4.41, 3.38, 3.73, 3.58, 3.53, 3.25, 2.85, 2.44, 3.36, 4.09, 4.19], [6.58, 6.69, 7.68, 8.92, 10.011, 10.429, 10.398, 9.3, 8.22, 7.83, 8.88, 10.729, 11.307, 10.57, 10.494, 10.79, 10.926, 11.401, 12.216, 12.447, 13.05, 14.32, 14.789, 15.005, 15.524, 15.322, 14.034, 11.384, 9.005, 7.97, 7.58, 8.62, 7.73, 6.32, 4.95, 3.97, 3.84, 2.1, 0, 1.7, 2.21, 2.81, 3.25, 3.74, 3.57, 3.33, 3.02, 3.38, 3.57, 3.67, 4.05, 4.254, 4.432, 4.77, 4.68, 4.574, 4.74, 5.012, 5.45, 6.096, 6.056, 5.95, 5.333, 4.87, 4.48, 4.557, 4.867, 4.974, 5.02, 5.634, 6.134, 6.677, 6.43, 5.8, 5.33, 4.85, 4.76, 5.41, 5.3, 4.77, 4.67, 4.21, 3.88, 5.02, 5.81, 5.99], [7.82, 7.93, 8.878, 10.147, 11.253, 11.652, 11.604, 10.635, 9.54, 9.13, 10.275, 11.926, 12.49, 11.759, 11.688, 11.989, 12.132, 12.595, 13.402, 13.635, 14.258, 15.505, 15.986, 16.208, 16.727, 16.518, 15.234, 12.584, 10.166, 9.074, 9.08, 9.88, 9.25, 7.52, 6.33, 5.137, 4.927, 3.4, 1.7, 0, 1.23, 2.09, 2.29, 2.72, 2.69, 2.57, 2.28, 2.6, 2.77, 2.75, 3.01, 3.14, 3.4, 3.79, 3.74, 3.52, 3.66, 3.909, 4.319, 4.971, 4.928, 4.85, 4.37, 3.95, 3.52, 3.56, 3.69, 4.0, 3.98, 4.54, 5.0, 5.52, 5.59, 5.28, 5.59, 5.59, 5.7, 6.51, 6.4, 5.948, 5.87, 5.55, 5.12, 6.02, 6.91, 7.01], [8.45, 8.46, 9.308, 10.534, 11.632, 12.111, 12.049, 11.045, 9.967, 9.62, 10.605, 12.39, 12.913, 12.175, 12.156, 12.415, 12.522, 13.0, 13.815, 14.02, 14.625, 15.892, 16.385, 16.598, 17.108, 16.891, 15.634, 13.066, 10.729, 9.573, 9.39, 10.13, 9.54, 7.91, 6.78, 5.621, 5.514, 3.91, 2.21, 1.23, 0, 1.2, 1.44, 1.85, 1.94, 1.88, 1.81, 2.03, 2.2, 2.26, 2.62, 2.79, 2.89, 3.16, 3.05, 2.93, 3.05, 3.39, 3.814, 4.434, 4.414, 4.299, 3.653, 3.14, 2.77, 2.99, 3.48, 3.93, 4.03, 4.33, 4.65, 5.19, 5.56, 5.77, 6.18, 6.26, 6.31, 7.26, 7.13, 6.66, 6.38, 5.9, 5.67, 6.77, 7.58, 7.74], [9.11, 9.14, 10.09, 11.37, 12.128, 12.743, 12.664, 11.544, 10.608, 10.352, 11.21, 12.966, 13.452, 12.67, 12.695, 12.968, 13.098, 13.551, 14.34, 14.535, 15.134, 16.405, 16.889, 17.099, 17.615, 17.439, 16.184, 13.616, 11.526, 10.3, 9.83, 10.65, 9.86, 8.53, 7.22, 6.56, 6.45, 4.61, 2.81, 2.09, 1.2, 0, 0.98, 1.61, 1.72, 1.78, 1.75, 1.95, 2.12, 2.18, 2.36, 2.41, 2.45, 2.68, 2.51, 2.49, 2.604, 2.967, 3.322, 3.922, 3.902, 3.805, 3.176, 2.596, 2.35, 2.63, 3.48, 4.03, 4.13, 4.31, 4.51, 5.13, 5.52, 5.81, 6.22, 6.36, 6.69, 7.96, 7.93, 7.48, 7.26, 6.54, 6.55, 7.73, 8.54, 8.72], [9.45, 9.36, 10.19, 11.43, 12.208, 12.783, 12.577, 11.67, 10.69, 10.46, 11.41, 12.904, 13.38, 12.595, 12.603, 12.885, 13.042, 13.473, 14.294, 14.533, 15.128, 16.396, 16.885, 17.097, 17.622, 17.426, 16.118, 13.51, 11.498, 10.34, 10.05, 10.71, 10.16, 8.67, 7.48, 6.76, 6.65, 4.95, 3.25, 2.29, 1.44, 0.98, 0, 1.25, 1.46, 1.7, 1.77, 2.09, 2.22, 2.3, 2.44, 2.51, 2.47, 2.68, 2.53, 2.67, 2.73, 3.029, 3.387, 3.964, 3.961, 3.864, 3.316, 2.72, 2.45, 2.81, 3.7, 4.17, 4.31, 4.45, 4.67, 5.23, 5.6, 5.95, 6.38, 6.54, 7.13, 8.34, 8.21, 7.66, 7.46, 6.78, 6.79, 7.97, 8.8, 8.96], [9.88, 9.77, 10.54, 11.64, 12.22, 13.13, 12.894, 12.12, 11.1, 10.91, 11.76, 13.116, 13.508, 12.744, 12.78, 13.087, 13.155, 13.566, 14.355, 14.639, 15.191, 16.459, 16.965, 17.214, 17.736, 17.553, 16.275, 13.746, 11.79, 10.49, 10.42, 10.94, 10.57, 9.08, 7.85, 7.01, 6.84, 5.38, 3.74, 2.72, 1.85, 1.61, 1.25, 0, 0.89, 1.31, 1.8, 1.92, 2.05, 2.19, 2.39, 2.46, 2.42, 2.65, 2.44, 2.5, 2.58, 2.965, 3.38, 4.0, 4.02, 3.832, 3.37, 2.79, 2.6, 3.04, 3.73, 4.28, 4.16, 4.24, 4.46, 5.04, 5.33, 5.72, 6.37, 6.91, 7.66, 8.83, 8.62, 8.09, 7.69, 7.17, 7.1, 8.3, 9.11, 9.27], [9.67, 9.54, 10.39, 11.55, 12.13, 13.16, 12.81, 12.03, 11.09, 10.76, 11.63, 13.16, 13.477, 12.67, 12.69, 13.017, 13.108, 13.551, 14.343, 14.6, 15.258, 16.491, 16.967, 17.178, 17.692, 17.506, 16.214, 13.79, 11.72, 10.36, 10.11, 10.79, 10.28, 8.95, 7.62, 7.0, 6.91, 5.17, 3.57, 2.69, 1.94, 1.72, 1.46, 0.89, 0, 0.92, 1.47, 1.67, 1.8, 2.06, 2.38, 2.53, 2.55, 2.765, 2.59, 2.67, 2.75, 3.158, 3.568, 4.207, 4.187, 3.961, 3.48, 2.96, 2.79, 3.21, 3.76, 4.33, 4.07, 4.03, 4.37, 4.87, 5.02, 5.41, 6.16, 6.72, 7.53, 8.56, 8.53, 8.0, 7.74, 7.1, 7.09, 8.27, 9.1, 9.26], [9.19, 9.06, 9.85, 11.13, 11.93, 12.78, 12.53, 11.59, 10.73, 10.48, 11.13, 12.8, 13.203, 12.46, 12.43, 12.72, 12.86, 13.299, 14.126, 14.356, 14.956, 16.227, 16.719, 16.915, 17.428, 17.246, 15.945, 13.41, 11.5, 10.1, 9.71, 10.33, 9.86, 8.47, 7.2, 6.6, 6.43, 4.73, 3.33, 2.57, 1.88, 1.78, 1.7, 1.31, 0.92, 0, 1.19, 1.51, 1.66, 1.94, 2.38, 2.51, 2.79, 2.876, 2.77, 2.93, 2.97, 3.289, 3.719, 4.319, 4.299, 4.113, 3.636, 3.0, 2.77, 3.23, 3.64, 4.03, 3.81, 4.03, 4.486, 4.989, 4.96, 5.09, 5.7, 6.18, 6.99, 8.12, 8.03, 7.72, 7.3, 6.66, 6.65, 7.81, 8.58, 8.72], [8.86, 8.85, 9.86, 11.28, 12.478, 13.07, 13.04, 11.837, 10.76, 10.55, 11.04, 13.303, 13.906, 13.121, 13.101, 13.39, 13.527, 14.022, 14.828, 15.085, 15.685, 16.956, 17.412, 17.626, 18.162, 17.921, 16.655, 13.993, 11.71, 10.31, 9.9, 10.89, 10.15, 8.38, 7.23, 6.55, 6.28, 4.4, 3.02, 2.28, 1.81, 1.75, 1.77, 1.8, 1.47, 1.19, 0, 0.8, 1.07, 1.17, 1.63, 1.76, 1.98, 2.23, 2.06, 2.4, 2.36, 2.623, 3.013, 3.645, 3.605, 3.448, 2.93, 2.25, 2.16, 2.26, 2.59, 3.08, 2.92, 3.24, 3.66, 4.183, 4.19, 4.3, 4.83, 5.35, 6.32, 7.71, 7.8, 7.45, 7.19, 6.65, 6.46, 7.56, 8.25, 8.35], [8.96, 9.245, 10.198, 11.675, 12.967, 13.536, 13.453, 12.348, 11.32, 10.902, 11.432, 13.749, 14.32, 13.544, 13.535, 13.816, 13.959, 14.433, 15.257, 15.493, 16.101, 17.375, 17.841, 18.061, 18.576, 18.371, 17.09, 14.433, 12.093, 10.799, 10.351, 11.327, 10.58, 8.849, 7.764, 6.933, 6.655, 4.695, 3.38, 2.6, 2.03, 1.95, 2.09, 1.92, 1.67, 1.51, 0.8, 0, 0.61, 0.81, 1.31, 1.36, 1.64, 1.69, 1.68, 1.9, 1.86, 2.12, 2.475, 3.087, 3.107, 2.972, 2.51, 1.87, 1.88, 2.04, 2.47, 2.92, 2.7, 2.88, 3.24, 3.665, 3.77, 4.1, 4.75, 5.25, 6.34, 7.97, 8.12, 7.93, 7.61, 7.193, 6.9, 7.96, 8.67, 8.75], [9.088, 9.415, 10.362, 11.85, 13.176, 13.731, 13.655, 12.541, 11.504, 11.075, 11.604, 13.953, 14.55, 13.774, 13.745, 14.046, 14.186, 14.663, 15.483, 15.723, 16.331, 17.602, 18.069, 18.291, 18.806, 18.581, 17.317, 14.654, 12.286, 11.012, 10.583, 11.517, 10.819, 9.062, 8.014, 7.106, 6.799, 4.885, 3.57, 2.77, 2.2, 2.12, 2.22, 2.05, 1.8, 1.66, 1.07, 0.61, 0, 0.6, 1.24, 1.35, 1.49, 1.56, 1.47, 1.57, 1.69, 1.87, 2.38, 2.98, 2.94, 2.78, 2.4, 2.04, 2.05, 2.19, 2.64, 3.17, 2.93, 2.91, 3.19, 3.63, 3.7, 4.19, 4.98, 5.5, 6.47, 8.12, 8.282, 8.089, 7.786, 7.394, 7.07, 8.11, 8.8, 8.88], [9.325, 9.652, 10.666, 12.132, 13.496, 14.005, 13.968, 12.812, 11.715, 11.351, 11.897, 14.281, 14.9, 14.119, 14.078, 14.377, 14.534, 15.013, 15.819, 16.073, 16.676, 17.947, 18.419, 18.63, 19.154, 18.929, 17.656, 14.962, 12.556, 11.308, 10.9, 11.839, 11.136, 9.366, 8.259, 7.334, 7.019, 5.102, 3.67, 2.75, 2.26, 2.18, 2.3, 2.19, 2.06, 1.94, 1.17, 0.81, 0.6, 0, 0.86, 0.89, 1.11, 1.34, 1.39, 1.45, 1.59, 1.59, 2.08, 2.72, 2.6, 2.44, 2.08, 1.9, 1.99, 1.95, 2.32, 2.83, 2.63, 2.67, 2.87, 3.35, 3.56, 4.07, 4.86, 5.44, 6.53, 8.175, 8.439, 8.166, 8.011, 7.591, 7.219, 8.13, 8.86, 8.84], [9.59, 9.954, 11.02, 12.454, 13.826, 14.362, 14.316, 13.169, 12.058, 11.688, 12.292, 14.647, 15.274, 14.495, 14.455, 14.754, 14.911, 15.39, 16.2, 16.454, 17.057, 18.33, 18.799, 19.007, 19.531, 19.306, 18.033, 15.339, 12.827, 11.581, 11.182, 12.199, 11.444, 9.686, 8.59, 7.628, 7.309, 5.426, 4.05, 3.01, 2.62, 2.36, 2.44, 2.39, 2.38, 2.38, 1.63, 1.31, 1.24, 0.86, 0, 0.59, 1.09, 1.36, 1.51, 1.59, 1.67, 1.51, 1.86, 2.62, 2.48, 2.3, 1.92, 1.74, 1.89, 1.73, 1.88, 2.49, 2.33, 2.33, 2.45, 3.17, 3.44, 3.93, 4.64, 5.3, 6.57, 8.318, 8.632, 8.457, 8.359, 7.957, 7.555, 8.418, 9.151, 9.138], [9.867, 10.189, 11.253, 12.687, 14.043, 14.592, 14.543, 13.396, 12.288, 11.906, 12.53, 14.868, 15.49, 14.711, 14.671, 14.97, 15.127, 15.606, 16.416, 16.67, 17.273, 18.543, 19.012, 19.223, 19.747, 19.522, 18.249, 15.555, 13.028, 11.834, 11.435, 12.452, 11.677, 9.919, 8.803, 7.835, 7.554, 5.639, 4.254, 3.14, 2.79, 2.41, 2.51, 2.46, 2.53, 2.51, 1.76, 1.36, 1.35, 0.89, 0.59, 0, 0.84, 1.19, 1.36, 1.56, 1.5, 1.24, 1.65, 2.35, 2.31, 2.15, 1.73, 1.59, 1.82, 1.68, 1.83, 2.46, 2.32, 2.34, 2.38, 3.06, 3.41, 3.96, 4.71, 5.39, 6.76, 8.534, 8.885, 8.69, 8.572, 8.181, 7.765, 8.628, 9.381, 9.35], [10.113, 10.408, 11.473, 12.902, 14.269, 14.801, 14.749, 13.599, 12.494, 12.144, 12.71, 15.08, 15.673, 14.894, 14.859, 15.161, 15.312, 15.789, 16.595, 16.846, 17.451, 18.719, 19.195, 19.406, 19.93, 19.705, 18.432, 15.752, 13.307, 12.047, 11.653, 12.629, 11.897, 10.139, 9.003, 8.102, 7.792, 5.858, 4.432, 3.4, 2.89, 2.45, 2.47, 2.42, 2.55, 2.79, 1.98, 1.64, 1.49, 1.11, 1.09, 0.84, 0, 0.79, 0.92, 1.08, 0.94, 1.0, 1.39, 2.03, 2.05, 1.87, 1.61, 1.63, 1.98, 1.74, 2.13, 2.84, 2.76, 2.66, 2.7, 3.18, 3.65, 4.36, 5.19, 5.85, 7.04, 8.865, 9.149, 8.936, 8.798, 8.378, 8.003, 8.92, 9.61, 9.553], [10.374, 10.698, 11.734, 13.228, 14.536, 15.105, 15.057, 13.913, 12.827, 12.438, 12.947, 15.358, 15.961, 15.176, 15.162, 15.46, 15.587, 16.039, 16.828, 17.097, 17.683, 18.951, 19.43, 19.652, 20.174, 19.965, 18.69, 16.051, 13.641, 12.297, 11.923, 12.919, 12.173, 10.39, 9.288, 8.438, 8.056, 6.119, 4.77, 3.79, 3.16, 2.68, 2.68, 2.65, 2.765, 2.876, 2.23, 1.69, 1.56, 1.34, 1.36, 1.19, 0.79, 0, 0.57, 1.07, 1.03, 0.95, 1.04, 1.78, 1.86, 1.66, 1.54, 1.38, 1.77, 1.61, 2.18, 2.93, 2.87, 2.71, 2.67, 3.25, 3.7, 4.43, 5.3, 5.92, 7.31, 9.295, 9.539, 9.326, 9.077, 8.737, 8.327, 9.33, 10.02, 10.043], [10.301, 10.594, 11.601, 13.061, 14.373, 14.901, 14.876, 13.703, 12.617, 12.308, 12.786, 15.194, 15.771, 14.992, 14.972, 15.264, 15.421, 15.867, 16.676, 16.93, 17.528, 18.796, 19.272, 19.483, 20.007, 19.799, 18.512, 15.85, 13.517, 12.171, 11.757, 12.732, 11.989, 10.255, 9.107, 8.314, 7.989, 6.072, 4.68, 3.74, 3.05, 2.51, 2.53, 2.44, 2.59, 2.77, 2.06, 1.68, 1.47, 1.39, 1.51, 1.36, 0.92, 0.57, 0, 0.94, 0.98, 1.04, 1.27, 1.85, 1.93, 1.71, 1.53, 1.49, 1.94, 1.9, 2.51, 3.22, 3.14, 3.0, 3.08, 3.44, 3.95, 4.7, 5.53, 6.15, 7.34, 9.265, 9.489, 9.236, 8.953, 8.53, 8.217, 9.229, 9.916, 9.962], [10.192, 10.612, 11.606, 13.035, 14.412, 14.915, 14.861, 13.719, 12.682, 12.27, 12.84, 15.191, 15.753, 14.98, 14.96, 15.261, 15.406, 15.852, 16.655, 16.904, 17.509, 18.777, 19.261, 19.476, 20.001, 19.784, 18.518, 15.852, 13.439, 12.256, 11.819, 12.766, 12.037, 10.352, 9.233, 8.246, 7.976, 6.067, 4.574, 3.52, 2.93, 2.49, 2.67, 2.5, 2.67, 2.93, 2.4, 1.9, 1.57, 1.45, 1.59, 1.56, 1.08, 1.07, 0.94, 0, 0.72, 1.02, 1.39, 1.97, 1.91, 1.67, 1.69, 1.91, 2.34, 2.26, 2.91, 3.6, 3.46, 3.1, 3.06, 3.54, 4.07, 4.94, 5.93, 6.49, 7.34, 9.105, 9.324, 9.148, 8.956, 8.57, 8.215, 9.104, 9.834, 9.897], [10.375, 10.725, 11.752, 13.188, 14.526, 15.089, 15.015, 13.893, 12.869, 12.436, 13.008, 15.346, 15.916, 15.149, 15.117, 15.418, 15.56, 16.009, 16.827, 17.061, 17.672, 18.939, 19.415, 19.645, 20.155, 19.938, 18.672, 16.03, 13.584, 12.358, 11.936, 12.889, 12.209, 10.425, 9.375, 8.37, 8.089, 6.155, 4.74, 3.66, 3.05, 2.604, 2.73, 2.58, 2.75, 2.97, 2.36, 1.86, 1.69, 1.59, 1.67, 1.5, 0.94, 1.03, 0.98, 0.72, 0, 0.88, 1.17, 1.69, 1.69, 1.53, 1.43, 1.71, 2.12, 2.0, 2.71, 3.44, 3.34, 3.18, 3.16, 3.58, 4.15, 4.86, 5.79, 6.35, 7.44, 9.225, 9.472, 9.336, 9.127, 8.744, 8.374, 9.26, 9.95, 10.01], [10.686, 11.013, 12.058, 13.525, 14.831, 15.39, 15.35, 14.205, 13.149, 12.757, 13.285, 15.663, 16.242, 15.46, 15.463, 15.741, 15.883, 16.332, 17.124, 17.378, 17.957, 19.222, 19.708, 19.944, 20.466, 20.255, 18.983, 16.344, 13.947, 12.626, 12.247, 13.221, 12.5, 10.719, 9.618, 8.722, 8.369, 6.423, 5.012, 3.909, 3.39, 2.967, 3.029, 2.965, 3.158, 3.289, 2.623, 2.12, 1.87, 1.59, 1.51, 1.24, 1.0, 0.95, 1.04, 1.02, 0.88, 0, 0.85, 1.43, 1.41, 1.37, 1.27, 1.47, 2.0, 1.78, 2.37, 3.1, 3.02, 2.8, 2.76, 3.22, 3.81, 4.62, 5.53, 6.09, 7.541, 9.44, 9.738, 9.579, 9.402, 9.015, 8.649, 9.495, 10.271, 10.285], [11.044, 11.489, 12.501, 13.955, 15.304, 15.834, 15.803, 14.655, 13.575, 13.217, 13.758, 16.124, 16.671, 15.893, 15.887, 16.18, 16.319, 16.768, 17.557, 17.813, 18.381, 19.643, 20.132, 20.371, 20.893, 20.694, 19.422, 16.777, 14.368, 13.139, 12.694, 13.682, 12.941, 11.207, 10.108, 9.181, 8.851, 6.939, 5.45, 4.319, 3.814, 3.322, 3.387, 3.38, 3.568, 3.719, 3.013, 2.475, 2.38, 2.08, 1.86, 1.65, 1.39, 1.04, 1.27, 1.39, 1.17, 0.85, 0, 0.88, 1.16, 1.04, 1.22, 1.5, 2.09, 1.77, 2.28, 3.01, 2.91, 2.75, 2.73, 3.23, 3.8, 4.55, 5.46, 6.12, 7.845, 9.853, 10.174, 10.012, 9.871, 9.445, 9.096, 9.977, 10.687, 10.69], [11.734, 12.137, 13.171, 14.57, 15.954, 16.452, 16.42, 15.258, 14.239, 13.829, 14.376, 16.75, 17.297, 16.539, 16.496, 16.803, 16.934, 17.376, 18.165, 18.416, 18.99, 20.252, 20.741, 20.98, 21.502, 21.297, 20.024, 17.406, 14.994, 13.781, 13.344, 14.302, 13.576, 11.845, 10.755, 9.793, 9.498, 7.587, 6.096, 4.971, 4.434, 3.922, 3.964, 4.0, 4.207, 4.319, 3.645, 3.087, 2.98, 2.72, 2.62, 2.35, 2.03, 1.78, 1.85, 1.97, 1.69, 1.43, 0.88, 0, 0.66, 0.9, 1.4, 2.04, 2.55, 2.31, 2.86, 3.49, 3.37, 3.19, 3.17, 3.65, 4.26, 5.01, 5.9, 6.64, 8.57, 10.568, 10.846, 10.707, 10.512, 10.108, 9.745, 10.609, 11.356, 11.345], [11.778, 12.108, 13.17, 14.578, 15.927, 16.432, 16.386, 15.238, 14.199, 13.818, 14.366, 16.719, 17.277, 16.516, 16.476, 16.777, 16.905, 17.35, 18.145, 18.396, 18.967, 20.229, 20.718, 20.96, 21.482, 21.277, 20.004, 17.383, 14.971, 13.741, 13.321, 14.285, 13.556, 11.833, 10.703, 9.764, 9.481, 7.558, 6.056, 4.928, 4.414, 3.902, 3.961, 4.02, 4.187, 4.299, 3.605, 3.107, 2.94, 2.6, 2.48, 2.31, 2.05, 1.86, 1.93, 1.91, 1.69, 1.41, 1.16, 0.66, 0, 0.72, 1.2, 2.22, 2.79, 2.55, 3.14, 3.73, 3.65, 3.37, 3.29, 3.79, 4.38, 5.21, 6.08, 6.9, 8.764, 10.559, 10.829, 10.664, 10.472, 10.066, 9.696, 10.569, 11.316, 11.336], [11.631, 12.033, 13.044, 14.477, 15.856, 16.322, 16.291, 15.152, 14.064, 13.705, 14.293, 16.621, 17.151, 16.392, 16.369, 16.659, 16.801, 17.259, 18.063, 18.29, 18.857, 20.12, 20.608, 20.851, 21.373, 21.167, 19.901, 17.267, 14.88, 13.677, 13.243, 14.202, 13.447, 11.738, 10.602, 9.678, 9.393, 7.483, 5.95, 4.85, 4.299, 3.805, 3.864, 3.832, 3.961, 4.113, 3.448, 2.972, 2.78, 2.44, 2.3, 2.15, 1.87, 1.66, 1.71, 1.67, 1.53, 1.37, 1.04, 0.9, 0.72, 0, 1.06, 2.1, 2.71, 2.47, 3.1, 3.81, 3.69, 3.45, 3.39, 3.85, 4.44, 5.25, 6.22, 6.94, 8.643, 10.461, 10.719, 10.506, 10.371, 9.914, 9.579, 10.462, 11.195, 11.158], [11.217, 11.541, 12.491, 13.905, 15.26, 15.697, 15.674, 14.524, 13.444, 13.098, 13.674, 15.987, 16.566, 15.805, 15.778, 16.051, 16.156, 16.628, 17.437, 17.644, 18.223, 19.489, 19.974, 20.208, 20.73, 20.51, 19.249, 16.674, 14.306, 13.112, 12.643, 13.579, 12.816, 11.165, 9.991, 9.032, 8.805, 6.951, 5.333, 4.37, 3.653, 3.176, 3.316, 3.37, 3.48, 3.636, 2.93, 2.51, 2.4, 2.08, 1.92, 1.73, 1.61, 1.54, 1.53, 1.69, 1.43, 1.27, 1.22, 1.4, 1.2, 1.06, 0, 1.46, 2.17, 1.97, 2.68, 3.39, 3.33, 3.21, 3.17, 3.61, 4.2, 4.99, 5.82, 6.58, 8.33, 10.08, 10.265, 9.972, 9.772, 9.291, 8.93, 9.97, 10.66, 10.72], [10.611, 10.918, 11.891, 13.368, 14.58, 15.092, 15.095, 13.907, 12.839, 12.575, 13.064, 15.376, 15.941, 15.162, 15.18, 15.435, 15.559, 16.052, 16.834, 17.048, 17.633, 18.904, 19.366, 19.6, 20.122, 19.931, 18.668, 16.061, 13.783, 12.432, 12.003, 12.959, 12.196, 10.482, 9.331, 8.58, 8.268, 6.368, 4.87, 3.95, 3.14, 2.596, 2.72, 2.79, 2.96, 3.0, 2.25, 1.87, 2.04, 1.9, 1.74, 1.59, 1.63, 1.38, 1.49, 1.91, 1.71, 1.47, 1.5, 2.04, 2.22, 2.1, 1.46, 0, 1.01, 0.97, 1.88, 2.43, 2.39, 2.49, 2.49, 3.21, 3.72, 4.19, 4.9, 5.7, 7.67, 9.6, 9.768, 9.469, 9.203, 8.691, 8.49, 9.51, 10.2, 10.28], [9.999, 10.22, 11.153, 12.65, 13.91, 14.727, 14.486, 13.5, 12.478, 12.065, 12.447, 14.741, 15.315, 14.539, 14.53, 14.848, 14.962, 15.402, 16.203, 16.454, 17.024, 18.287, 18.786, 19.023, 19.548, 19.375, 18.088, 15.442, 13.097, 11.711, 11.306, 12.331, 11.584, 9.847, 8.856, 8.102, 7.79, 5.81, 4.48, 3.52, 2.77, 2.35, 2.45, 2.6, 2.79, 2.77, 2.16, 1.88, 2.05, 1.99, 1.89, 1.82, 1.98, 1.77, 1.94, 2.34, 2.12, 2.0, 2.09, 2.55, 2.79, 2.71, 2.17, 1.01, 0, 0.86, 1.79, 2.3, 2.38, 2.64, 2.66, 3.38, 3.83, 4.18, 4.73, 5.23, 7.113, 9.088, 9.255, 9.076, 8.773, 8.373, 8.057, 9.092, 9.785, 9.865], [10.135, 10.568, 11.579, 13.011, 14.389, 14.921, 14.89, 13.722, 12.611, 12.279, 12.808, 15.197, 15.787, 15.003, 14.965, 15.281, 15.426, 15.872, 16.661, 16.93, 17.516, 18.784, 19.263, 19.479, 20.007, 19.781, 18.514, 15.869, 13.447, 12.221, 11.773, 12.752, 12.009, 10.279, 9.164, 8.267, 7.932, 6.038, 4.557, 3.56, 2.99, 2.63, 2.81, 3.04, 3.21, 3.23, 2.26, 2.04, 2.19, 1.95, 1.73, 1.68, 1.74, 1.61, 1.9, 2.26, 2.0, 1.78, 1.77, 2.31, 2.55, 2.47, 1.97, 0.97, 0.86, 0, 1.25, 1.84, 2.02, 2.22, 2.3, 3.02, 3.49, 3.82, 4.33, 5.11, 7.15, 9.168, 9.335, 9.062, 8.924, 8.513, 8.172, 9.158, 9.845, 9.848], [10.375, 10.773, 11.851, 13.322, 14.709, 15.281, 15.233, 14.083, 12.977, 12.599, 13.122, 15.554, 16.142, 15.364, 15.337, 15.645, 15.787, 16.25, 17.054, 17.304, 17.909, 19.177, 19.656, 19.872, 20.391, 20.174, 18.895, 16.233, 13.741, 12.44, 12.087, 13.106, 12.357, 10.551, 9.478, 8.542, 8.215, 6.26, 4.867, 3.69, 3.48, 3.48, 3.7, 3.73, 3.76, 3.64, 2.59, 2.47, 2.64, 2.32, 1.88, 1.83, 2.13, 2.18, 2.51, 2.91, 2.71, 2.37, 2.28, 2.86, 3.14, 3.1, 2.68, 1.88, 1.79, 1.25, 0, 0.93, 1.17, 1.37, 1.71, 2.25, 2.68, 2.83, 3.3, 4.52, 7.093, 9.031, 9.518, 9.377, 9.262, 8.864, 8.461, 9.313, 10.066, 9.994], [10.431, 10.835, 11.895, 13.37, 14.748, 15.32, 15.272, 14.121, 13.016, 12.643, 13.161, 15.593, 16.181, 15.402, 15.376, 15.683, 15.826, 16.289, 17.093, 17.343, 17.949, 19.217, 19.695, 19.911, 20.43, 20.213, 18.934, 16.271, 13.788, 12.499, 12.126, 13.145, 12.396, 10.59, 9.517, 8.587, 8.271, 6.316, 4.974, 4.0, 3.93, 4.03, 4.17, 4.28, 4.33, 4.03, 3.08, 2.92, 3.17, 2.83, 2.49, 2.46, 2.84, 2.93, 3.22, 3.6, 3.44, 3.1, 3.01, 3.49, 3.73, 3.81, 3.39, 2.43, 2.3, 1.84, 0.93, 0, 0.76, 1.12, 1.64, 2.12, 2.37, 2.56, 3.01, 4.59, 7.163, 9.122, 9.58, 9.418, 9.301, 8.903, 8.502, 9.354, 10.11, 10.042], [10.392, 10.831, 11.874, 13.322, 14.662, 15.226, 15.178, 14.027, 12.922, 12.552, 13.128, 15.499, 16.093, 15.314, 15.288, 15.592, 15.738, 16.21, 17.019, 17.273, 17.876, 19.147, 19.615, 19.828, 20.35, 20.13, 18.852, 16.18, 13.68, 12.483, 12.052, 13.051, 12.302, 10.577, 9.478, 8.522, 8.203, 6.31, 5.02