[[0, 0.47, 1.13, 2.54, 2.61, 2.31, 2.47, 2.64, 3.32, 4.34, 4.89, 5.34, 6.05, 6.48, 6.98, 7.8, 8.5, 8.22, 7.5, 7.78, 7.88, 7.94, 8.06, 8.7, 8.08, 5.99, 4.32, 4.26, 4.44, 4.06, 4.21, 4.23, 5.81, 7.23, 7.19, 7.12, 7.15, 5.65, 5.23, 5.53, 4.36, 4.07, 3.89, 3.68, 3.84, 3.89, 3.47, 2.92, 3.42, 3.94, 3.83, 4.26, 4.65, 4.49, 4.73, 4.51, 4.72, 4.27, 4.16, 4.03, 4.07, 4.23, 4.68, 5.39, 5.5, 5.61, 5.28, 4.76, 4.07, 3.03, 3.45, 4.05, 4.94, 5.59, 6.36, 6.79, 6.7, 6.7, 6.274, 7.02, 8.09, 8.62, 8.4, 8.297, 7.85, 7.03], [0.47, 0, 0.9, 2.29, 2.4, 2.12, 2.28, 2.45, 3.11, 4.23, 4.76, 5.17, 5.78, 6.23, 6.71, 7.59, 8.31, 8.01, 7.29, 7.57, 7.63, 7.75, 7.83, 8.45, 7.87, 5.82, 4.09, 4.05, 4.21, 3.83, 3.98, 4.02, 5.58, 7.06, 6.98, 6.97, 6.98, 5.46, 5.04, 5.32, 4.17, 3.92, 3.76, 3.51, 3.65, 3.7, 3.26, 2.73, 3.27, 3.73, 3.62, 3.99, 4.4, 4.24, 4.46, 4.24, 4.49, 4.08, 3.99, 3.82, 3.84, 4.0, 4.47, 5.2, 5.33, 5.44, 5.13, 4.61, 3.88, 2.82, 3.24, 3.82, 4.67, 5.32, 6.09, 6.52, 6.44, 6.47, 6.044, 6.79, 7.84, 8.37, 8.13, 8.05, 7.62, 6.78], [1.13, 0.9, 0, 1.67, 1.8, 1.74, 1.9, 2.11, 2.91, 3.93, 4.46, 4.65, 5.22, 5.69, 6.19, 6.99, 7.71, 7.39, 6.67, 6.95, 7.01, 7.13, 7.21, 7.81, 7.21, 5.2, 3.69, 3.85, 3.69, 3.33, 3.38, 3.38, 4.94, 6.44, 6.4, 6.37, 6.4, 4.9, 4.5, 4.8, 3.73, 3.64, 3.52, 3.13, 3.27, 3.3, 2.78, 2.27, 2.89, 3.29, 3.16, 3.51, 3.88, 3.76, 3.9, 3.7, 3.91, 3.52, 3.45, 3.24, 3.38, 3.46, 3.91, 4.62, 4.75, 4.84, 4.51, 4.01, 3.32, 2.28, 2.72, 3.28, 4.17, 4.82, 5.57, 5.98, 5.9, 5.87, 5.41, 6.13, 7.2, 7.75, 7.55, 7.45, 7.04, 6.24], [2.54, 2.29, 1.67, 0, 0.83, 1.11, 1.25, 1.56, 2.46, 3.64, 3.93, 3.9, 4.33, 4.76, 5.04, 5.74, 6.36, 5.92, 5.18, 5.54, 5.64, 5.62, 5.78, 6.4, 5.86, 4.05, 2.82, 3.18, 3.1, 2.5, 2.39, 2.27, 3.53, 4.97, 4.93, 4.9, 5.05, 3.71, 3.45, 3.67, 3.08, 3.21, 3.15, 2.74, 2.88, 2.87, 2.25, 1.7, 2.38, 2.9, 2.71, 2.7, 2.81, 2.49, 2.69, 2.65, 3.0, 2.99, 3.1, 2.65, 2.73, 2.49, 2.74, 3.19, 3.24, 3.37, 3.18, 2.76, 2.39, 1.65, 1.97, 2.37, 3.28, 3.87, 4.46, 4.79, 4.61, 4.62, 4.02, 4.8, 5.91, 6.36, 6.26, 6.12, 5.71, 4.93], [2.61, 2.4, 1.8, 0.83, 0, 1.1, 1.2, 1.33, 2.31, 3.65, 3.96, 3.69, 4.12, 4.59, 4.95, 5.55, 6.17, 5.77, 5.15, 5.41, 5.57, 5.61, 5.85, 6.45, 5.69, 3.78, 2.85, 3.21, 3.07, 2.45, 2.4, 2.4, 3.58, 4.76, 4.86, 4.71, 4.88, 3.7, 3.46, 3.62, 3.11, 3.24, 3.28, 2.83, 2.91, 2.96, 2.42, 1.83, 2.49, 2.89, 2.8, 2.61, 2.62, 2.22, 2.4, 2.54, 2.93, 3.1, 3.11, 2.72, 2.78, 2.46, 2.57, 2.98, 3.09, 3.16, 2.97, 2.57, 2.06, 1.64, 2.02, 2.24, 3.01, 3.62, 4.21, 4.48, 4.34, 4.29, 3.87, 4.53, 5.66, 6.17, 6.01, 5.93, 5.52, 4.72], [2.31, 2.12, 1.74, 1.11, 1.1, 0, 0.62, 1.01, 2.05, 3.43, 3.84, 3.71, 4.18, 4.71, 5.21, 5.99, 6.59, 6.19, 5.47, 5.83, 5.95, 5.91, 6.09, 6.77, 6.19, 4.06, 2.73, 3.09, 3.07, 2.31, 2.36, 2.42, 3.82, 5.12, 5.18, 5.07, 5.16, 3.74, 3.4, 3.5, 3.01, 3.28, 3.44, 2.93, 2.89, 3.04, 2.62, 2.03, 2.59, 3.07, 3.02, 2.73, 2.78, 2.56, 2.74, 2.74, 2.93, 3.28, 3.39, 2.9, 2.82, 2.62, 2.69, 3.22, 3.31, 3.38, 3.17, 2.71, 2.24, 1.7, 2.18, 2.34, 3.17, 3.9, 4.49, 4.9, 4.78, 4.71, 4.27, 4.99, 6.06, 6.57, 6.41, 6.31, 5.88, 5.06], [2.47, 2.28, 1.9, 1.25, 1.2, 0.62, 0, 0.83, 1.89, 3.19, 3.62, 3.63, 4.12, 4.69, 5.17, 5.95, 6.55, 6.15, 5.41, 5.79, 5.91, 5.87, 6.03, 6.75, 6.15, 4.0, 2.67, 3.03, 2.97, 2.19, 2.26, 2.3, 3.78, 5.06, 5.1, 4.99, 5.04, 3.66, 3.36, 3.44, 2.99, 3.34, 3.54, 3.03, 2.97, 3.18, 2.78, 2.15, 2.71, 3.13, 3.12, 2.83, 2.78, 2.6, 2.68, 2.88, 3.03, 3.42, 3.55, 3.04, 2.92, 2.62, 2.59, 3.16, 3.21, 3.32, 3.11, 2.69, 2.1, 1.74, 2.16, 2.24, 2.97, 3.76, 4.37, 4.82, 4.7, 4.65, 4.21, 4.93, 5.94, 6.45, 6.31, 6.19, 5.76, 4.96], [2.64, 2.45, 2.11, 1.56, 1.33, 1.01, 0.83, 0, 1.46, 2.78, 3.11, 3.12, 3.77, 4.32, 4.84, 5.6, 6.2, 5.74, 5.08, 5.36, 5.48, 5.48, 5.72, 6.44, 5.82, 3.59, 2.02, 2.34, 2.36, 1.82, 1.99, 2.03, 3.45, 4.71, 4.81, 4.7, 4.77, 3.67, 3.37, 3.57, 3.06, 3.69, 3.85, 3.34, 3.34, 3.37, 3.13, 2.54, 3.06, 3.66, 3.47, 3.2, 3.01, 2.63, 2.75, 3.17, 3.38, 3.61, 3.64, 3.29, 3.21, 2.83, 2.4, 2.97, 3.08, 3.11, 2.84, 2.42, 2.07, 2.11, 2.53, 2.41, 3.06, 3.67, 4.2, 4.59, 4.49, 4.44, 3.98, 4.72, 5.81, 6.32, 6.16, 6.08, 5.65, 4.83], [3.32, 3.11, 2.91, 2.46, 2.31, 2.05, 1.89, 1.46, 0, 1.56, 2.11, 2.58, 3.41, 3.64, 4.22, 4.96, 5.56, 5.02, 4.26, 4.68, 4.8, 4.78, 5.08, 5.82, 5.24, 3.03, 1.38, 1.7, 1.58, 1.16, 1.35, 1.55, 2.81, 4.07, 4.07, 4.08, 4.13, 3.03, 3.03, 3.57, 3.76, 4.53, 4.71, 4.2, 4.26, 4.15, 3.91, 3.42, 3.96, 4.62, 4.41, 4.18, 3.87, 3.51, 3.73, 4.15, 4.24, 4.33, 4.34, 4.23, 4.19, 3.53, 2.24, 2.83, 2.9, 2.89, 2.62, 2.14, 2.23, 3.09, 3.47, 3.07, 3.24, 3.39, 3.88, 4.19, 4.11, 4.06, 3.62, 4.32, 5.45, 5.96, 5.8, 5.72, 5.31, 4.49], [4.34, 4.23, 3.93, 3.64, 3.65, 3.43, 3.19, 2.78, 1.56, 0, 1.05, 1.9, 2.79, 3.1, 3.68, 4.4, 5.0, 4.34, 3.54, 4.0, 4.12, 4.12, 4.28, 5.08, 4.64, 2.47, 1.92, 1.96, 1.56, 1.7, 1.85, 1.83, 2.25, 3.51, 3.61, 3.6, 3.83, 3.41, 3.71, 4.49, 4.9, 5.83, 6.07, 5.46, 5.62, 5.51, 5.11, 4.74, 5.3, 5.9, 5.71, 5.56, 5.23, 4.69, 4.81, 5.39, 5.48, 5.47, 5.44, 5.47, 5.49, 4.71, 3.36, 3.23, 3.28, 3.33, 3.26, 2.78, 3.49, 4.43, 4.69, 4.15, 4.14, 3.95, 3.84, 3.99, 3.99, 4.04, 3.7, 3.88, 4.91, 5.42, 5.26, 5.18, 4.77, 4.15], [4.89, 4.76, 4.46, 3.93, 3.96, 3.84, 3.62, 3.11, 2.11, 1.05, 0, 1.13, 2.0, 2.33, 2.93, 3.67, 4.27, 3.63, 2.87, 3.29, 3.43, 3.39, 3.57, 4.35, 3.87, 1.76, 1.83, 1.83, 1.55, 2.15, 2.12, 2.14, 2.18, 3.4, 3.52, 3.69, 4.18, 3.9, 4.16, 4.9, 5.37, 6.3, 6.54, 5.93, 6.09, 5.98, 5.58, 5.21, 5.79, 6.37, 6.18, 6.03, 5.62, 4.96, 5.06, 5.74, 5.89, 5.96, 5.93, 5.94, 5.96, 5.18, 3.79, 3.4, 3.25, 3.38, 3.41, 2.97, 3.96, 4.92, 5.18, 4.64, 4.59, 4.38, 4.11, 3.8, 3.48, 3.73, 3.27, 3.13, 4.16, 4.67, 4.51, 4.43, 4.02, 3.44], [5.34, 5.17, 4.65, 3.9, 3.69, 3.71, 3.63, 3.12, 2.58, 1.9, 1.13, 0, 1.07, 1.64, 2.16, 2.92, 3.52, 3.04, 2.32, 2.56, 2.7, 2.68, 2.96, 3.68, 3.12, 1.35, 2.12, 2.3, 1.96, 2.44, 2.45, 2.39, 2.29, 3.39, 3.53, 3.72, 4.27, 4.07, 4.23, 4.69, 5.06, 6.19, 6.39, 5.7, 5.9, 5.83, 5.29, 4.94, 5.56, 6.0, 5.79, 5.66, 5.23, 4.57, 4.67, 5.39, 5.5, 5.63, 5.66, 5.55, 5.57, 4.95, 3.58, 3.15, 3.0, 3.11, 3.22, 2.78, 3.69, 4.65, 4.81, 4.25, 4.24, 4.03, 3.8, 3.47, 3.15, 3.34, 2.88, 2.48, 3.37, 3.92, 3.64, 3.68, 3.33, 2.87], [6.05, 5.78, 5.22, 4.33, 4.12, 4.18, 4.12, 3.77, 3.41, 2.79, 2.0, 1.07, 0, 1.07, 1.53, 2.35, 2.99, 2.65, 1.93, 2.13, 2.21, 2.31, 2.57, 3.19, 2.59, 1.14, 2.85, 2.91, 2.57, 3.05, 3.14, 3.08, 2.44, 3.24, 3.4, 3.51, 4.08, 4.16, 4.32, 4.62, 5.27, 6.38, 6.68, 5.93, 6.15, 6.18, 5.52, 5.21, 5.849, 6.15, 5.84, 5.55, 5.06, 4.64, 4.7, 5.32, 5.47, 5.64, 5.69, 5.58, 5.5, 5.02, 3.89, 3.22, 3.01, 3.24, 3.39, 3.15, 3.84, 4.84, 4.84, 4.16, 3.95, 3.72, 3.37, 3.04, 2.84, 3.19, 2.59, 2.19, 2.66, 3.11, 2.85, 2.91, 2.74, 2.48], [6.48, 6.23, 5.69, 4.76, 4.59, 4.71, 4.69, 4.32, 3.64, 3.1, 2.33, 1.64, 1.07, 0, 0.84, 1.66, 2.4, 1.98, 1.42, 1.5, 1.62, 1.74, 2.08, 2.64, 2.06, 1.33, 3.3, 3.42, 3.0, 3.32, 3.35, 3.29, 2.29, 2.97, 2.99, 3.22, 3.73, 3.95, 4.17, 4.85, 5.54, 6.77, 7.01, 6.24, 6.48, 6.41, 5.93, 5.66, 6.26, 6.52, 6.17, 5.94, 5.47, 4.93, 5.11, 5.69, 5.84, 5.91, 5.76, 5.95, 5.85, 5.11, 4.08, 3.51, 3.4, 3.57, 3.58, 3.48, 4.19, 5.31, 5.31, 4.67, 4.18, 3.71, 3.36, 3.03, 3.03, 3.4, 2.8, 2.44, 2.77, 3.14, 3.02, 3.1, 2.99, 2.65], [6.98, 6.71, 6.19, 5.04, 4.95, 5.21, 5.17, 4.84, 4.22, 3.68, 2.93, 2.16, 1.53, 0.84, 0, 1.24, 1.98, 1.66, 1.38, 1.32, 1.24, 1.42, 1.7, 2.24, 1.58, 1.69, 3.8, 3.86, 3.52, 3.88, 3.85, 3.69, 2.69, 3.23, 3.15, 3.44, 3.93, 4.15, 4.41, 5.03, 5.82, 7.03, 7.27, 6.5, 6.74, 6.65, 6.07, 5.86, 6.44, 6.76, 6.37, 6.06, 5.61, 5.11, 5.33, 5.97, 6.02, 6.19, 6.02, 6.19, 6.05, 5.33, 4.38, 3.77, 3.66, 3.85, 3.86, 3.74, 4.41, 5.55, 5.47, 4.79, 4.28, 3.79, 3.38, 3.11, 3.13, 3.58, 3.06, 2.7, 2.79, 3.14, 2.84, 3.08, 2.99, 2.73], [7.8, 7.59, 6.99, 5.74, 5.55, 5.99, 5.95, 5.6, 4.96, 4.4, 3.67, 2.92, 2.35, 1.66, 1.24, 0, 0.88, 1.18, 1.68, 1.32, 1.26, 1.18, 1.12, 1.64, 1.02, 2.25, 4.32, 4.4, 4.16, 4.5, 4.47, 4.31, 2.75, 2.79, 2.77, 3.02, 3.43, 3.77, 4.07, 4.63, 5.5, 6.77, 7.11, 6.34, 6.46, 6.41, 6.09, 6.0, 6.34, 6.52, 6.19, 5.98, 5.53, 5.01, 5.25, 5.79, 5.84, 5.89, 5.66, 6.03, 5.87, 5.13, 4.22, 3.65, 3.54, 3.59, 3.68, 3.8, 4.37, 5.73, 5.61, 5.03, 4.42, 3.59, 3.2, 3.03, 3.01, 3.28, 2.86, 2.36, 2.47, 2.78, 2.6, 2.8, 2.73, 2.53], [8.5, 8.31, 7.71, 6.36, 6.17, 6.59, 6.55, 6.2, 5.56, 5.0, 4.27, 3.52, 2.99, 2.4, 1.98, 0.88, 0, 1.54, 2.14, 1.74, 1.68, 1.42, 1.28, 1.32, 1.26, 2.85, 4.82, 4.9, 4.68, 5.02, 4.99, 4.87, 3.27, 2.81, 2.85, 3.14, 3.37, 4.07, 4.41, 4.77, 5.68, 7.01, 7.37, 6.68, 6.82, 6.71, 6.55, 6.556, 6.628, 6.82, 6.49, 6.24, 5.85, 5.43, 5.59, 6.09, 6.12, 6.05, 5.98, 6.31, 6.25, 5.45, 4.6, 3.97, 3.9, 3.89, 4.04, 4.32, 4.79, 6.23, 6.01, 5.53, 4.86, 3.83, 3.3, 3.31, 3.35, 3.58, 3.3, 2.68, 2.61, 2.8, 2.74, 2.92, 2.93, 2.89], [8.22, 8.01, 7.39, 5.92, 5.77, 6.19, 6.15, 5.74, 5.02, 4.34, 3.63, 3.04, 2.65, 1.98, 1.66, 1.18, 1.54, 0, 1.22, 1.2, 1.4, 1.44, 1.62, 1.86, 1.5, 2.41, 4.16, 4.32, 4.14, 4.46, 4.31, 4.21, 2.69, 2.75, 2.79, 2.94, 3.37, 3.37, 3.95, 4.57, 5.36, 6.63, 6.93, 6.26, 6.32, 6.29, 6.17, 6.239, 6.311, 6.5, 6.23, 6.02, 5.55, 5.03, 5.23, 5.79, 5.86, 5.85, 5.74, 5.97, 5.95, 5.17, 4.04, 3.55, 3.4, 3.41, 3.56, 3.68, 4.69, 5.93, 5.85, 5.25, 4.66, 3.99, 3.68, 3.33, 3.23, 3.36, 3.02, 2.42, 2.57, 2.96, 2.8, 2.92, 2.83, 2.61], [7.5, 7.29, 6.67, 5.18, 5.15, 5.47, 5.41, 5.08, 4.26, 3.54, 2.87, 2.32, 1.93, 1.42, 1.38, 1.68, 2.14, 1.22, 0, 0.8, 1.08, 1.36, 1.64, 2.08, 1.66, 1.73, 3.42, 3.58, 3.4, 3.66, 3.53, 3.43, 2.37, 2.67, 2.67, 2.9, 3.33, 3.43, 3.77, 4.59, 5.38, 6.53, 6.75, 6.02, 6.26, 6.23, 5.89, 5.74, 6.031, 6.46, 6.21, 6.04, 5.55, 4.99, 5.17, 5.79, 5.86, 5.89, 5.8, 5.89, 5.89, 5.07, 3.82, 3.33, 3.2, 3.25, 3.32, 3.18, 4.23, 5.37, 5.33, 4.77, 4.3, 3.91, 3.62, 3.31, 3.19, 3.42, 2.86, 2.4, 2.59, 2.96, 2.86, 3.06, 2.97, 2.69], [7.78, 7.57, 6.95, 5.54, 5.41, 5.83, 5.79, 5.36, 4.68, 4.0, 3.29, 2.56, 2.13, 1.5, 1.32, 1.32, 1.74, 1.2, 0.8, 0, 0.56, 0.92, 1.26, 1.6, 1.24, 1.99, 3.8, 3.98, 3.8, 4.1, 4.01, 3.95, 2.49, 2.77, 2.73, 2.98, 3.47, 3.69, 4.03, 4.77, 5.62, 6.91, 7.21, 6.48, 6.64, 6.61, 6.23, 6.06, 6.471, 6.68, 6.45, 6.22, 5.75, 5.19, 5.45, 6.01, 6.08, 6.01, 5.88, 6.23, 6.13, 5.17, 4.2, 3.69, 3.5, 3.61, 3.66, 3.68, 4.47, 5.81, 5.73, 5.169, 4.62, 3.85, 3.42, 3.21, 3.23, 3.48, 2.9, 2.44, 2.53, 2.84, 2.74, 3.04, 2.95, 2.73], [7.88, 7.63, 7.01, 5.64, 5.57, 5.95, 5.91, 5.48, 4.8, 4.12, 3.43, 2.7, 2.21, 1.62, 1.24, 1.26, 1.68, 1.4, 1.08, 0.56, 0, 0.82, 1.08, 1.54, 1.18, 2.07, 3.9, 4.06, 3.9, 4.22, 4.19, 4.09, 2.71, 3.03, 2.99, 3.28, 3.73, 3.99, 4.35, 5.01, 5.84, 7.13, 7.45, 6.68, 6.84, 6.81, 6.43, 6.28, 6.691, 6.9, 6.65, 6.42, 5.95, 5.39, 5.65, 6.21, 6.28, 6.23, 6.12, 6.43, 6.33, 5.43, 4.44, 3.91, 3.72, 3.87, 3.9, 3.94, 4.69, 5.93, 5.89, 5.27, 4.74, 4.07, 3.56, 3.39, 3.43, 3.68, 3.1, 2.68, 2.75, 3.06, 2.9, 3.24, 3.17, 2.97], [7.94, 7.75, 7.13, 5.62, 5.61, 5.91, 5.87, 5.48, 4.78, 4.12, 3.39, 2.68, 2.31, 1.74, 1.42, 1.18, 1.42, 1.44, 1.36, 0.92, 0.82, 0, 0.66, 1.14, 0.92, 2.19, 4.02, 4.24, 4.02, 4.32, 4.25, 4.13, 2.57, 2.77, 2.79, 3.1, 3.51, 4.03, 4.39, 4.85, 5.96, 7.25, 7.57, 6.82, 6.96, 6.93, 6.57, 6.36, 6.811, 7.12, 6.89, 6.62, 6.17, 5.63, 5.89, 6.45, 6.48, 6.33, 6.24, 6.63, 6.53, 5.39, 4.5, 4.05, 3.8, 3.97, 4.0, 4.08, 4.83, 6.19, 6.13, 5.61, 5.02, 4.19, 3.46, 3.37, 3.45, 3.72, 3.28, 2.72, 2.71, 3.0, 2.94, 3.24, 3.25, 3.15], [8.06, 7.83, 7.21, 5.78, 5.85, 6.09, 6.03, 5.72, 5.08, 4.28, 3.57, 2.96, 2.57, 2.08, 1.7, 1.12, 1.28, 1.62, 1.64, 1.26, 1.08, 0.66, 0, 0.9, 1.0, 2.47, 4.26, 4.48, 4.26, 4.44, 4.41, 4.29, 2.61, 2.99, 3.03, 3.36, 3.65, 4.25, 4.55, 4.97, 6.08, 7.29, 7.63, 6.88, 7.04, 7.03, 6.69, 6.52, 6.951, 7.24, 7.01, 6.76, 6.29, 5.73, 5.99, 6.55, 6.62, 6.51, 6.44, 6.75, 6.67, 5.55, 4.64, 4.09, 3.86, 4.05, 4.1, 4.18, 5.01, 6.39, 6.33, 5.81, 5.2, 4.37, 3.6, 3.57, 3.63, 3.9, 3.4, 2.88, 2.91, 3.2, 3.1, 3.4, 3.41, 3.27], [8.7, 8.45, 7.81, 6.4, 6.45, 6.77, 6.75, 6.44, 5.82, 5.08, 4.35, 3.68, 3.19, 2.64, 2.24, 1.64, 1.32, 1.86, 2.08, 1.6, 1.54, 1.14, 0.9, 0, 1.0, 3.05, 4.98, 5.12, 4.88, 5.188, 5.178, 5.07, 3.31, 3.05, 3.09, 3.44, 3.73, 4.55, 4.93, 5.21, 6.4, 7.69, 8.09, 7.3, 7.44, 7.37, 6.95, 6.899, 7.362, 7.62, 7.23, 6.94, 6.47, 5.99, 6.19, 6.77, 6.78, 6.67, 6.56, 6.99, 6.83, 5.71, 5.08, 4.47, 4.26, 4.45, 4.5, 4.76, 5.47, 6.79, 6.71, 6.209, 5.633, 4.53, 3.7, 3.61, 3.73, 3.98, 3.58, 3.0, 2.91, 3.24, 3.22, 3.52, 3.53, 3.49], [8.08, 7.87, 7.21, 5.86, 5.69, 6.19, 6.15, 5.82, 5.24, 4.64, 3.87, 3.12, 2.59, 2.06, 1.58, 1.02, 1.26, 1.5, 1.66, 1.24, 1.18, 0.92, 1.0, 1.0, 0, 2.39, 4.56, 4.7, 4.431, 4.759, 4.749, 4.629, 2.89, 2.57, 2.63, 2.88, 3.33, 3.91, 4.19, 4.49, 5.66, 6.95, 7.33, 6.52, 6.68, 6.63, 6.23, 6.2, 6.588, 6.8, 6.39, 6.1, 5.63, 5.17, 5.33, 5.95, 5.92, 5.89, 5.72, 6.17, 5.97, 5.05, 4.32, 3.77, 3.62, 3.73, 3.78, 3.94, 4.61, 5.87, 5.789, 5.269, 4.693, 3.67, 3.02, 2.85, 2.87, 3.14, 2.78, 2.2, 2.23, 2.54, 2.42, 2.72, 2.73, 2.69], [5.99, 5.82, 5.2, 4.05, 3.78, 4.06, 4.0, 3.59, 3.03, 2.47, 1.76, 1.35, 1.14, 1.33, 1.69, 2.25, 2.85, 2.41, 1.73, 1.99, 2.07, 2.19, 2.47, 3.05, 2.39, 0, 2.39, 2.55, 2.29, 2.71, 2.72, 2.66, 1.78, 2.52, 2.7, 2.77, 3.32, 3.34, 3.54, 4.1, 4.81, 5.98, 6.22, 5.47, 5.73, 5.64, 5.1, 4.81, 5.409, 5.83, 5.56, 5.41, 4.9, 4.38, 4.5, 5.12, 5.23, 5.28, 5.25, 5.26, 5.26, 4.5, 3.41, 2.82, 2.59, 2.8, 2.89, 2.61, 3.46, 4.5, 4.5, 3.92, 3.63, 3.28, 2.97, 2.68, 2.62, 2.81, 2.29, 1.99, 2.76, 3.21, 3.03, 2.99, 2.8, 2.3], [4.32, 4.09, 3.69, 2.82, 2.85, 2.73, 2.67, 2.02, 1.38, 1.92, 1.83, 2.12, 2.85, 3.3, 3.8, 4.32, 4.82, 4.16, 3.42, 3.8, 3.9, 4.02, 4.26, 4.98, 4.56, 2.39, 0, 0.84, 1.1, 0.88, 1.13, 1.39, 2.35, 3.81, 3.89, 4.06, 4.29, 3.49, 3.45, 4.09, 4.26, 5.07, 5.25, 4.72, 4.78, 4.67, 4.39, 3.94, 4.48, 5.12, 4.91, 4.74, 4.33, 3.71, 3.91, 4.49, 4.66, 4.79, 4.86, 4.73, 4.69, 4.03, 2.62, 2.61, 2.46, 2.49, 2.32, 2.0, 2.69, 3.59, 3.97, 3.55, 3.78, 3.87, 3.98, 4.01, 3.85, 3.8, 3.18, 3.7, 4.83, 5.34, 5.18, 5.1, 4.71, 3.99], [4.26, 4.05, 3.85, 3.18, 3.21, 3.09, 3.03, 2.34, 1.7, 1.96, 1.83, 2.3, 2.91, 3.42, 3.86, 4.4, 4.9, 4.32, 3.58, 3.98, 4.06, 4.24, 4.48, 5.12, 4.7, 2.55, 0.84, 0, 0.82, 1.22, 1.57, 1.85, 2.61, 3.95, 3.95, 4.14, 4.59, 3.93, 3.93, 4.51, 4.62, 5.49, 5.69, 5.14, 5.18, 5.05, 4.75, 4.32, 4.86, 5.48, 5.27, 5.1, 4.69, 4.07, 4.27, 4.85, 5.02, 5.15, 5.22, 5.09, 5.05, 4.39, 3.08, 2.93, 2.8, 2.83, 2.76, 2.4, 3.07, 3.95, 4.33, 3.91, 4.2, 4.23, 4.2, 4.07, 3.87, 3.82, 3.36, 3.8, 4.93, 5.42, 5.26, 5.18, 4.79, 3.99], [4.44, 4.21, 3.69, 3.1, 3.07, 3.07, 2.97, 2.36, 1.58, 1.56, 1.55, 1.96, 2.57, 3.0, 3.52, 4.16, 4.68, 4.14, 3.4, 3.8, 3.9, 4.02, 4.26, 4.88, 4.431, 2.29, 1.1, 0.82, 0, 0.94, 1.25, 1.63, 2.21, 3.49, 3.53, 3.72, 4.15, 3.55, 3.77, 4.35, 4.62, 5.51, 5.71, 5.14, 5.2, 5.05, 4.73, 4.28, 4.88, 5.48, 5.25, 5.08, 4.67, 4.07, 4.21, 4.83, 5.0, 5.11, 5.14, 5.07, 5.03, 4.37, 3.04, 2.79, 2.74, 2.79, 2.78, 2.36, 2.95, 3.93, 4.31, 3.85, 3.98, 3.89, 3.8, 3.75, 3.49, 3.44, 3.08, 3.54, 4.69, 5.2, 5.04, 4.96, 4.55, 3.73], [4.06, 3.83, 3.33, 2.5, 2.45, 2.31, 2.19, 1.82, 1.16, 1.7, 2.15, 2.44, 3.05, 3.32, 3.88, 4.5, 5.02, 4.46, 3.66, 4.1, 4.22, 4.32, 4.44, 5.188, 4.759, 2.71, 0.88, 1.22, 0.94, 0, 0.73, 1.07, 2.19, 3.63, 3.65, 3.72, 3.95, 3.13, 3.11, 3.71, 3.96, 4.75, 4.95, 4.4, 4.5, 4.37, 4.11, 3.64, 4.22, 4.84, 4.63, 4.42, 3.99, 3.51, 3.65, 4.21, 4.38, 4.49, 4.52, 4.45, 4.39, 3.73, 2.32, 2.37, 2.42, 2.45, 2.16, 1.82, 2.33, 3.31, 3.69, 3.27, 3.46, 3.47, 3.6, 3.85, 3.71, 3.62, 3.18, 3.86, 5.01, 5.52, 5.36, 5.28, 4.87, 4.05], [4.21, 3.98, 3.38, 2.39, 2.4, 2.36, 2.26, 1.99, 1.35, 1.85, 2.12, 2.45, 3.14, 3.35, 3.85, 4.47, 4.99, 4.31, 3.53, 4.01, 4.19, 4.25, 4.41, 5.178, 4.749, 2.72, 1.13, 1.57, 1.25, 0.73, 0, 0.66, 2.1, 3.58, 3.66, 3.71, 3.88, 2.9, 2.96, 3.6, 3.81, 4.64, 4.86, 4.29, 4.41, 4.3, 3.98, 3.57, 4.13, 4.73, 4.52, 4.37, 3.92, 3.34, 3.46, 4.06, 4.21, 4.3, 4.37, 4.32, 4.28, 3.6, 2.21, 2.4, 2.31, 2.3, 2.13, 1.77, 2.34, 3.24, 3.58, 3.12, 3.23, 3.4, 3.71, 3.86, 3.7, 3.63, 3.15, 3.83, 4.98, 5.49, 5.33, 5.25, 4.82, 4.0], [4.23, 4.02, 3.38, 2.27, 2.4, 2.42, 2.3, 2.03, 1.55, 1.83, 2.14, 2.39, 3.08, 3.29, 3.69, 4.31, 4.87, 4.21, 3.43, 3.95, 4.09, 4.13, 4.29, 5.07, 4.629, 2.66, 1.39, 1.85, 1.63, 1.07, 0.66, 0, 1.9, 3.4, 3.4, 3.41, 3.54, 2.54, 2.56, 3.24, 3.53, 4.54, 4.8, 4.11, 4.33, 4.26, 3.74, 3.45, 4.01, 4.53, 4.32, 4.19, 3.72, 3.12, 3.2, 3.9, 3.99, 4.04, 4.05, 4.08, 4.08, 3.3, 1.99, 2.08, 2.07, 2.12, 1.91, 1.61, 2.32, 3.18, 3.34, 2.8, 2.97, 3.08, 3.49, 3.7, 3.58, 3.51, 3.01, 3.71, 4.82, 5.33, 5.17, 5.09, 4.66, 3.84], [5.81, 5.58, 4.94, 3.53, 3.58, 3.82, 3.78, 3.45, 2.81, 2.25, 2.18, 2.29, 2.44, 2.29, 2.69, 2.75, 3.27, 2.69, 2.37, 2.49, 2.71, 2.57, 2.61, 3.31, 2.89, 1.78, 2.35, 2.61, 2.21, 2.19, 2.1, 1.9, 0, 1.7, 1.88, 1.91, 2.3, 1.98, 2.16, 3.0, 3.83, 4.98, 5.34, 4.63, 4.77, 4.76, 4.42, 4.309, 4.701, 5.01, 4.74, 4.51, 4.0, 3.46, 3.7, 4.26, 4.33, 4.34, 4.29, 4.48, 4.4, 3.42, 2.31, 1.8, 1.69, 1.74, 1.71, 1.95, 2.8, 4.2, 4.122, 3.602, 3.03, 2.34, 2.17, 2.1, 2.22, 2.27, 1.81, 2.09, 3.08, 3.55, 3.41, 3.35, 2.96, 2.18], [7.23, 7.06, 6.44, 4.97, 4.76, 5.12, 5.06, 4.71, 4.07, 3.51, 3.4, 3.39, 3.24, 2.97, 3.23, 2.79, 2.81, 2.75, 2.67, 2.77, 3.03, 2.77, 2.99, 3.05, 2.57, 2.52, 3.81, 3.95, 3.49, 3.63, 3.58, 3.4, 1.7, 0, 0.6, 0.79, 1.04, 2.16, 2.28, 2.54, 3.95, 5.26, 5.66, 5.01, 5.022, 4.995, 4.989, 5.193, 5.133, 5.38, 5.053, 4.57, 4.02, 3.54, 3.74, 4.4, 4.33, 4.16, 4.17, 4.66, 4.44, 3.54, 2.81, 2.22, 2.15, 2.06, 2.19, 2.63, 3.6, 4.81, 4.75, 4.173, 3.603, 2.533, 1.67, 1.52, 1.78, 1.77, 2.07, 1.85, 1.98, 2.43, 2.51, 2.43, 2.36, 2.08], [7.19, 6.98, 6.4, 4.93, 4.86, 5.18, 5.1, 4.81, 4.07, 3.61, 3.52, 3.53, 3.4, 2.99, 3.15, 2.77, 2.85, 2.79, 2.67, 2.73, 2.99, 2.79, 3.03, 3.09, 2.63, 2.7, 3.89, 3.95, 3.53, 3.65, 3.66, 3.4, 1.88, 0.6, 0, 0.65, 0.9, 2.18, 2.34, 2.6, 3.99, 5.36, 5.72, 5.11, 5.062, 4.995, 4.957, 5.23, 5.287, 5.487, 5.16, 4.61, 4.06, 3.62, 3.8, 4.46, 4.37, 4.2, 4.21, 4.7, 4.48, 3.38, 2.85, 2.28, 2.29, 2.3, 2.31, 2.81, 3.72, 4.924, 4.867, 4.31, 3.76, 2.627, 1.73, 1.56, 1.94, 1.91, 2.13, 1.99, 2.06, 2.43, 2.57, 2.51, 2.46, 2.2], [7.12, 6.97, 6.37, 4.9, 4.71, 5.07, 4.99, 4.7, 4.08, 3.6, 3.69, 3.72, 3.51, 3.22, 3.44, 3.02, 3.14, 2.94, 2.9, 2.98, 3.28, 3.1, 3.36, 3.44, 2.88, 2.77, 4.06, 4.14, 3.72, 3.72, 3.71, 3.41, 1.91, 0.79, 0.65, 0, 0.77, 2.01, 2.13, 2.41, 3.86, 5.17, 5.57, 4.92, 4.926, 4.882, 4.85, 5.129, 5.154, 5.337, 5.0, 4.473, 3.91, 3.49, 3.61, 4.25, 4.2, 4.01, 4.04, 4.543, 4.29, 3.33, 2.78, 2.39, 2.38, 2.31, 2.26, 2.74, 3.57, 4.797, 4.737, 4.16, 3.627, 2.57, 1.9, 1.63, 2.03, 1.98, 2.3, 2.08, 2.19, 2.52, 2.64, 2.56, 2.53, 2.31], [7.15, 6.98, 6.4, 5.05, 4.88, 5.16, 5.04, 4.77, 4.13, 3.83, 4.18, 4.27, 4.08, 3.73, 3.93, 3.43, 3.37, 3.37, 3.33, 3.47, 3.73, 3.51, 3.65, 3.73, 3.33, 3.32, 4.29, 4.59, 4.15, 3.95, 3.88, 3.54, 2.3, 1.04, 0.9, 0.77, 0, 1.82, 2.06, 2.24, 3.71, 5.02, 5.4, 4.79, 4.767, 4.68, 4.817, 5.112, 5.099, 5.241, 4.88, 4.33, 3.76, 3.52, 3.6, 4.16, 4.07, 3.8, 3.85, 4.36, 4.14, 3.22, 2.65, 2.62, 2.61, 2.52, 2.49, 2.97, 3.58, 4.784, 4.724, 4.144, 3.594, 2.52, 1.89, 1.9, 2.46, 2.31, 2.69, 2.53, 2.52, 2.71, 2.91, 2.87, 2.86, 2.68], [5.65, 5.46, 4.9, 3.71, 3.7, 3.74, 3.66, 3.67, 3.03, 3.41, 3.9, 4.07, 4.16, 3.95, 4.15, 3.77, 4.07, 3.37, 3.43, 3.69, 3.99, 4.03, 4.25, 4.55, 3.91, 3.34, 3.49, 3.93, 3.55, 3.13, 2.9, 2.54, 1.98, 2.16, 2.18, 2.01, 1.82, 0, 0.86, 1.36, 2.33, 3.58, 3.96, 3.29, 3.33, 3.34, 3.38, 3.632, 3.546, 3.65, 3.32, 3.01, 2.7, 2.66, 2.8, 3.08, 2.99, 2.74, 2.67, 3.06, 2.96, 2.2, 1.63, 1.92, 2.03, 1.86, 1.83, 2.09, 2.56, 3.295, 3.215, 2.74, 2.31, 1.56, 2.21, 2.42, 2.54, 2.31, 2.35, 2.59, 3.44, 3.818, 3.678, 3.621, 3.2, 2.54], [5.23, 5.04, 4.5, 3.45, 3.46, 3.4, 3.36, 3.37, 3.03, 3.71, 4.16, 4.23, 4.32, 4.17, 4.41, 4.07, 4.41, 3.95, 3.77, 4.03, 4.35, 4.39, 4.55, 4.93, 4.19, 3.54, 3.45, 3.93, 3.77, 3.11, 2.96, 2.56, 2.16, 2.28, 2.34, 2.13, 2.06, 0.86, 0, 1.14, 1.95, 3.26, 3.66, 3.01, 3.03, 2.959, 2.906, 3.14, 3.183, 3.41, 3.08, 2.63, 2.48, 2.4, 2.58, 2.84, 2.65, 2.46, 2.31, 2.66, 2.52, 1.72, 1.57, 1.8, 1.83, 1.76, 1.57, 1.89, 2.3, 2.88, 2.82, 2.46, 2.11, 1.64, 2.17, 2.46, 2.58, 2.49, 2.35, 2.83, 3.66, 4.098, 3.958, 3.881, 3.48, 2.76], [5.53, 5.32, 4.8, 3.67, 3.62, 3.5, 3.44, 3.57, 3.57, 4.49, 4.9, 4.69, 4.62, 4.85, 5.03, 4.63, 4.77, 4.57, 4.59, 4.77, 5.01, 4.85, 4.97, 5.21, 4.49, 4.1, 4.09, 4.51, 4.35, 3.71, 3.6, 3.24, 3.0, 2.54, 2.6, 2.41, 2.24, 1.36, 1.14, 0, 1.65, 2.9, 3.24, 2.73, 2.622, 2.738, 2.959, 3.268, 3.104, 3.108, 2.74, 2.29, 1.88, 2.2, 2.06, 2.34, 2.11, 2.02, 1.99, 2.24, 2.12, 1.78, 1.77, 1.88, 1.97, 1.86, 1.91, 2.29, 2.4, 2.92, 2.86, 2.4, 2.21, 1.86, 2.15, 2.38, 2.4, 2.01, 2.47, 2.77, 3.14, 3.45, 3.43, 3.27, 3.02, 2.6], [4.36, 4.17, 3.73, 3.08, 3.11, 3.01, 2.99, 3.06, 3.76, 4.9, 5.37, 5.06, 5.27, 5.54, 5.82, 5.5, 5.68, 5.36, 5.38, 5.62, 5.84, 5.96, 6.08, 6.4, 5.66, 4.81, 4.26, 4.62, 4.62, 3.96, 3.81, 3.53, 3.83, 3.95, 3.99, 3.86, 3.71, 2.33, 1.95, 1.65, 0, 1.61, 1.89, 1.56, 1.4, 1.35, 1.75, 2.1, 1.81, 1.72, 1.47, 1.5, 1.65, 1.83, 1.71, 1.67, 1.56, 1.27, 1.3, 1.27, 1.25, 1.45, 1.78, 2.25, 2.46, 2.33, 2.28, 2.5, 2.09, 1.95, 1.95, 1.95, 2.2, 2.47, 3.34, 3.67, 3.55, 3.16, 3.3, 3.82, 4.53, 4.76, 4.62, 4.513, 4.086, 3.55], [4.07, 3.92, 3.64, 3.21, 3.24, 3.28, 3.34, 3.69, 4.53, 5.83, 6.3, 6.19, 6.38, 6.77, 7.03, 6.77, 7.01, 6.63, 6.53, 6.91, 7.13, 7.25, 7.29, 7.69, 6.95, 5.98, 5.07, 5.49, 5.51, 4.75, 4.64, 4.54, 4.98, 5.26, 5.36, 5.17, 5.02, 3.58, 3.26, 2.9, 1.61, 0, 0.76, 0.89, 0.83, 1.02, 1.48, 1.79, 1.21, 1.41, 1.46, 1.81, 2.36, 2.4, 2.46, 2.14, 2.33, 2.04, 1.99, 1.76, 1.62, 2.28, 2.79, 3.32, 3.63, 3.42, 3.39, 3.51, 2.88, 1.98, 2.08, 2.68, 3.17, 3.72, 4.67, 5.04, 4.9, 4.55, 4.57, 5.09, 5.72, 6.006, 5.991, 5.806, 5.356, 4.78], [3.89, 3.76, 3.52, 3.15, 3.28, 3.44, 3.54, 3.85, 4.71, 6.07, 6.54, 6.39, 6.68, 7.01, 7.27, 7.11, 7.37, 6.93, 6.75, 7.21, 7.45, 7.57, 7.63, 8.09, 7.33, 6.22, 5.25, 5.69, 5.71, 4.95, 4.86, 4.8, 5.34, 5.66, 5.72, 5.57, 5.4, 3.96, 3.66, 3.24, 1.89, 0.76, 0, 0.91, 0.93, 0.98, 1.54, 1.79, 1.27, 1.49, 1.54, 2.19, 2.6, 2.82, 2.7, 2.32, 2.59, 2.155, 2.088, 1.76, 1.9, 2.64, 3.13, 3.7, 3.99, 3.78, 3.77, 3.75, 3.22, 2.16, 2.38, 2.96, 3.55, 4.1, 5.07, 5.46, 5.28, 4.87, 4.93, 5.49, 6.14, 6.33, 6.245, 6.085, 5.656, 5.14], [3.68, 3.51, 3.13, 2.74, 2.83, 2.93, 3.03, 3.34, 4.2, 5.46, 5.93, 5.7, 5.93, 6.24, 6.5, 6.34, 6.68, 6.26, 6.02, 6.48, 6.68, 6.82, 6.88, 7.3, 6.52, 5.47, 4.72, 5.14, 5.14, 4.4, 4.29, 4.11, 4.63, 5.01, 5.11, 4.92, 4.79, 3.29, 3.01, 2.73, 1.56, 0.89, 0.91, 0, 0.7, 0.81, 1.01, 1.26, 1.0, 1.38, 1.37, 2.0, 2.39, 2.35, 2.43, 2.17, 2.44, 1.89, 1.84, 1.57, 1.51, 2.07, 2.48, 3.05, 3.38, 3.13, 3.04, 3.02, 2.71, 1.65, 1.85, 2.31, 2.96, 3.47, 4.44, 4.79, 4.65, 4.36, 4.26, 4.8, 5.67, 6.036, 5.913, 5.733, 5.346, 4.63], [3.84, 3.65, 3.27, 2.88, 2.91, 2.89, 2.97, 3.34, 4.26, 5.62, 6.09, 5.9, 6.15, 6.48, 6.74, 6.46, 6.82, 6.32, 6.26, 6.64, 6.84, 6.96, 7.04, 7.44, 6.68, 5.73, 4.78, 5.18, 5.2, 4.5, 4.41, 4.33, 4.77, 5.022, 5.062, 4.926, 4.767, 3.33, 3.03, 2.622, 1.4, 0.83, 0.93, 0.7, 0, 0.71, 1.23, 1.44, 1.0, 1.18, 1.21, 1.7, 2.13, 2.19, 2.27, 2.01, 2.16, 1.83, 1.82, 1.55, 1.31, 2.05, 2.52, 3.17, 3.42, 3.17, 3.16, 3.28, 2.71, 1.65, 1.95, 2.49, 3.12, 3.59, 4.436, 4.763, 4.623, 4.216, 4.34, 4.839, 5.586, 5.859, 5.795, 5.618, 5.209, 4.59], [3.89, 3.7, 3.3, 2.87, 2.96, 3.04, 3.18, 3.37, 4.15, 5.51, 5.98, 5.83, 6.18, 6.41, 6.65, 6.41, 6.71, 6.29, 6.23, 6.61, 6.81, 6.93, 7.03, 7.37, 6.63, 5.64, 4.67, 5.05, 5.05, 4.37, 4.3, 4.26, 4.76, 4.995, 4.995, 4.882, 4.68, 3.34, 2.959, 2.738, 1.35, 1.02, 0.98, 0.81, 0.71, 0, 1.18, 1.49, 1.25, 1.33, 1.32, 1.85, 2.18, 2.32, 2.3, 1.94, 2.152, 1.62, 1.59, 1.42, 1.44, 1.98, 2.57, 3.2, 3.53, 3.38, 3.21, 3.23, 2.74, 1.84, 2.14, 2.54, 3.15, 3.62, 4.489, 4.733, 4.679, 4.286, 4.41, 4.87, 5.596, 5.869, 5.666, 5.569, 5.199, 4.6], [3.47, 3.26, 2.78, 2.25, 2.42, 2.62, 2.78, 3.13, 3.91, 5.11, 5.58, 5.29, 5.52, 5.93, 6.07, 6.09, 6.55, 6.17, 5.89, 6.23, 6.43, 6.57, 6.69, 6.95, 6.23, 5.1, 4.39, 4.75, 4.73, 4.11, 3.98, 3.74, 4.42, 4.989, 4.957, 4.85, 4.817, 3.38, 2.906, 2.959, 1.75, 1.48, 1.54, 1.01, 1.23, 1.18, 0, 0.81, 1.13, 1.55, 1.44, 2.05, 2.58, 2.38, 2.48, 2.36, 2.49, 2.08, 2.01, 1.54, 1.52, 1.82, 2.47, 3.02, 3.25, 3.24, 3.03, 2.89, 2.56, 1.38, 1.5, 1.94, 2.81, 3.22, 4.003, 4.43, 4.353, 4.263, 3.849, 4.56, 5.602, 5.999, 5.951, 5.757, 5.369, 4.669], [2.92, 2.73, 2.27, 1.7, 1.83, 2.03, 2.15, 2.54, 3.42, 4.74, 5.21, 4.94, 5.21, 5.66, 5.86, 6.0, 6.556, 6.239, 5.74, 6.06, 6.28, 6.36, 6.52, 6.899, 6.2, 4.81, 3.94, 4.32, 4.28, 3.64, 3.57, 3.45, 4.309, 5.193, 5.23, 5.129, 5.112, 3.632, 3.14, 3.268, 2.1, 1.79, 1.79, 1.26, 1.44, 1.49, 0.81, 0, 0.98, 1.58, 1.57, 2.1, 2.71, 2.519, 2.679, 2.47, 2.7, 2.43, 2.42, 1.91, 1.77, 2.05, 2.595, 3.245, 3.354, 3.369, 3.193, 2.8, 2.27, 1.11, 1.29, 1.91, 2.72, 3.331, 4.184, 4.725, 4.603, 4.613, 4.175, 4.862, 5.932, 6.364, 6.27, 6.118, 5.682, 4.926], [3.42, 3.27, 2.89, 2.38, 2.49, 2.59, 2.71, 3.06, 3.96, 5.3, 5.79, 5.56, 5.849, 6.26, 6.44, 6.34, 6.628, 6.311, 6.031, 6.471, 6.691, 6.811, 6.951, 7.362, 6.588, 5.409, 4.48, 4.86, 4.88, 4.22, 4.13, 4.01, 4.701, 5.133, 5.287, 5.154, 5.099, 3.546, 3.183, 3.104, 1.81, 1.21, 1.27, 1.0, 1.0, 1.25, 1.13, 0.98, 0, 1.16, 1.17, 1.84, 2.53, 2.391, 2.505, 2.217, 2.43, 2.17, 2.26, 1.71, 1.65, 2.237, 2.628, 3.197, 3.471, 3.25, 3.227, 2.96, 2.39, 1.27, 1.31, 2.09, 2.68, 3.389, 4.487, 4.974, 4.76, 4.575, 4.467, 5.067, 5.867, 6.155, 6.09, 5.932, 5.468, 4.928], [3.94, 3.73, 3.29, 2.9, 2.89, 3.07, 3.13, 3.66, 4.62, 5.9, 6.37, 6.0, 6.15, 6.52, 6.76, 6.52, 6.82, 6.5, 6.46, 6.68, 6.9, 7.12, 7.24, 7.62, 6.8, 5.83, 5.12, 5.48, 5.48, 4.84, 4.73, 4.53, 5.01, 5.38, 5.487, 5.337, 5.241, 3.65, 3.41, 3.108, 1.72, 1.41, 1.49, 1.38, 1.18, 1.33, 1.55, 1.58, 1.16, 0, 1.05, 1.66, 2.29, 2.33, 2.39, 1.85, 2.02, 1.99, 1.98, 1.65, 1.67, 2.33, 2.86, 3.35, 3.64, 3.47, 3.5, 3.52, 2.83, 1.79, 1.75, 2.43, 2.76, 3.51, 4.52, 4.95, 4.81, 4.404, 4.5, 5.04, 5.648, 5.753, 5.758, 5.575, 5.165, 4.79], [3.83, 3.62, 3.16, 2.71, 2.8, 3.02, 3.12, 3.47, 4.41, 5.71, 6.18, 5.79, 5.84, 6.17, 6.37, 6.19, 6.49, 6.23, 6.21, 6.45, 6.65, 6.89, 7.01, 7.23, 6.39, 5.56, 4.91, 5.27, 5.25, 4.63, 4.52, 4.32, 4.74, 5.053, 5.16, 5.0, 4.88, 3.32, 3.08, 2.74, 1.47, 1.46, 1.54, 1.37, 1.21, 1.32, 1.44, 1.57, 1.17, 1.05, 0, 1.21, 1.8, 1.92, 1.9, 1.34, 1.47, 1.54, 1.55, 1.04, 1.1, 1.9, 2.53, 3.04, 3.41, 3.14, 3.13, 3.27, 2.5, 1.54, 1.38, 2.04, 2.49, 3.04, 4.09, 4.48, 4.34, 3.93, 4.03, 4.58, 5.19, 5.408, 5.168, 5.088, 4.627, 4.3], [4.26, 3.99, 3.51, 2.7, 2.61, 2.73, 2.83, 3.2, 4.18, 5.56, 6.03, 5.66, 5.55, 5.94, 6.06, 5.98, 6.24, 6.02, 6.04, 6.22, 6.42, 6.62, 6.76, 6.94, 6.1, 5.41, 4.74, 5.1, 5.08, 4.42, 4.37, 4.19, 4.51, 4.57, 4.61, 4.473, 4.33, 3.01, 2.63, 2.29, 1.5, 1.81, 2.19, 2.0, 1.7, 1.85, 2.05, 2.1, 1.84, 1.66, 1.21, 0, 0.95, 1.27, 1.43, 1.11, 1.2, 1.57, 1.62, 1.27, 1.01, 1.55, 2.34, 2.81, 3.02, 2.87, 2.84, 3.16, 2.25, 1.73, 1.63, 1.89, 2.14, 2.61, 3.44, 3.73, 3.57, 3.38, 3.56, 4.08, 4.57, 4.82, 4.68, 4.48, 4.05, 3.67], [4.65, 4.4, 3.88, 2.81, 2.62, 2.78, 2.78, 3.01, 3.87, 5.23, 5.62, 5.23, 5.06, 5.47, 5.61, 5.53, 5.85, 5.55, 5.55, 5.75, 5.95, 6.17, 6.29, 6.47, 5.63, 4.9, 4.33, 4.69, 4.67, 3.99, 3.92, 3.72, 4.0, 4.02, 4.06, 3.91, 3.76, 2.7, 2.48, 1.88, 1.65, 2.36, 2.6, 2.39, 2.13, 2.18, 2.58, 2.71, 2.53, 2.29, 1.8, 0.95, 0, 0.92, 0.96, 0.96, 1.01, 1.54, 1.67, 1.5, 1.32, 1.68, 2.07, 2.4, 2.47, 2.36, 2.35, 2.77, 2.08, 2.16, 2.1, 1.88, 2.15, 2.58, 3.11, 3.28, 3.12, 2.81, 3.05, 3.59, 3.94, 4.17, 3.97, 3.75, 3.42, 3.04], [4.49, 4.24, 3.76, 2.49, 2.22, 2.56, 2.6, 2.63, 3.51, 4.69, 4.96, 4.57, 4.64, 4.93, 5.11, 5.01, 5.43, 5.03, 4.99, 5.19, 5.39, 5.63, 5.73, 5.99, 5.17, 4.38, 3.71, 4.07, 4.07, 3.51, 3.34, 3.12, 3.46, 3.54, 3.62, 3.49, 3.52, 2.66, 2.4, 2.2, 1.83, 2.4, 2.82, 2.35, 2.19, 2.32, 2.38, 2.519, 2.391, 2.33, 1.92, 1.27, 0.92, 0, 0.7, 1.12, 1.29, 1.84, 1.87, 1.72, 1.48, 1.56, 1.71, 1.92, 2.05, 1.86, 1.93, 2.31, 1.98, 2.06, 2.0, 1.7, 2.13, 2.54, 2.93, 3.04, 2.88, 2.61, 2.75, 3.23, 3.84, 4.37, 4.11, 3.97, 3.56, 2.94], [4.73, 4.46, 3.9, 2.69, 2.4, 2.74, 2.68, 2.75, 3.73, 4.81, 5.06, 4.67, 4.7, 5.11, 5.33, 5.25, 5.59, 5.23, 5.17, 5.45, 5.65, 5.89, 5.99, 6.19, 5.33, 4.5, 3.91, 4.27, 4.21, 3.65, 3.46, 3.2, 3.7, 3.74, 3.8, 3.61, 3.6, 2.8, 2.58, 2.06, 1.71, 2.46, 2.7, 2.43, 2.27, 2.3, 2.48, 2.679, 2.505, 2.39, 1.9, 1.43, 0.96, 0.7, 0, 0.92, 1.09, 1.58, 1.69, 1.54, 1.54, 1.76, 2.01, 2.04, 2.25, 2.08, 2.17, 2.39, 2.06, 2.092, 2.04, 1.78, 2.23, 2.62, 3.11, 3.18, 3.02, 2.59, 2.85, 3.35, 3.72, 3.99, 3.83, 3.67, 3.3, 2.94], [4.51, 4.24, 3.7, 2.65, 2.54, 2.74, 2.88, 3.17, 4.15, 5.39, 5.74, 5.39, 5.32, 5.69, 5.97, 5.79, 6.09, 5.79, 5.79, 6.01, 6.21, 6.45, 6.55, 6.77, 5.95, 5.12, 4.49, 4.85, 4.83, 4.21, 4.06, 3.9, 4.26, 4.4, 4.46, 4.25, 4.16, 3.08, 2.84, 2.34, 1.67, 2.14, 2.32, 2.17, 2.01, 1.94, 2.36, 2.47, 2.217, 1.85, 1.34, 1.11, 0.96, 1.12, 0.92, 0, 0.81, 1.28, 1.51, 1.12, 1.34, 1.84, 2.33, 2.58, 2.79, 2.68, 2.69, 2.99, 2.36, 2.02, 1.98, 2.16, 2.53, 3.0, 3.67, 3.82, 3.7, 3.31, 3.47, 3.99, 4.3, 4.33, 4.19, 4.03, 3.64, 3.46], [4.72, 4.49, 3.91, 3.0, 2.93, 2.93, 3.03, 3.38, 4.24, 5.48, 5.89, 5.5, 5.47, 5.84, 6.02, 5.84, 6.12, 5.86, 5.86, 6.08, 6.28, 6.48, 6.62, 6.78, 5.92, 5.23, 4.66, 5.02, 5.0, 4.38, 4.21, 3.99, 4.33, 4.33, 4.37, 4.2, 4.07, 2.99, 2.65, 2.11, 1.56, 2.33, 2.59, 2.44, 2.16, 2.152, 2.49, 2.7, 2.43, 2.02, 1.47, 1.2, 1.01, 1.29, 1.09, 0.81, 0, 1.33, 1.54, 1.13, 1.21, 1.77, 2.28, 2.65, 2.84, 2.69, 2.72, 3.06, 2.41, 2.27, 2.03, 2.13, 2.36, 2.81, 3.44, 3.63, 3.53, 3.12, 3.42, 3.88, 4.19, 4.16, 4.08, 3.86, 3.53, 3.45], [4.27, 4.08, 3.52, 2.99, 3.1, 3.28, 3.42, 3.61, 4.33, 5.47, 5.96, 5.63, 5.64, 5.91, 6.19, 5.89, 6.05, 5.85, 5.89, 6.01, 6.23, 6.33, 6.51, 6.67, 5.89, 5.28, 4.79, 5.15, 5.11, 4.49, 4.3, 4.04, 4.34, 4.16, 4.2, 4.01, 3.8, 2.74, 2.46, 2.02, 1.27, 2.04, 2.155, 1.89, 1.83, 1.62, 2.08, 2.43, 2.17, 1.99, 1.54, 1.57, 1.54, 1.84, 1.58, 1.28, 1.33, 0, 0.79, 1.0, 1.32, 1.52, 2.43, 2.84, 3.09, 2.92, 2.83, 3.15, 2.68, 2.24, 2.2, 2.32, 2.85, 2.9, 3.63, 3.82, 3.76, 3.35, 3.67, 4.01, 4.5, 4.59, 4.45, 4.23, 4.0, 3.8], [4.16, 3.99, 3.45, 3.1, 3.11, 3.39, 3.55, 3.64, 4.34, 5.44, 5.93, 5.66, 5.69, 5.76, 6.02, 5.66, 5.98, 5.74, 5.8, 5.88, 6.12, 6.24, 6.44, 6.56, 5.72, 5.25, 4.86, 5.22, 5.14, 4.52, 4.37, 4.05, 4.29, 4.17, 4.21, 4.04, 3.85, 2.67, 2.31, 1.99, 1.3, 1.99, 2.088, 1.84, 1.82, 1.59, 2.01, 2.42, 2.26, 1.98, 1.55, 1.62, 1.67, 1.87, 1.69, 1.51, 1.54, 0.79, 0, 1.07, 1.31, 1.45, 2.48, 2.89, 3.08, 2.97, 2.86, 3.14, 2.73, 2.21, 2.11, 2.21, 2.7, 2.79, 3.52, 3.71, 3.65, 3.2, 3.52, 3.92, 4.51, 4.76, 4.58, 4.44, 4.13, 3.73], [4.03, 3.82, 3.24, 2.65, 2.72, 2.9, 3.04, 3.29, 4.23, 5.47, 5.94, 5.55, 5.58, 5.95, 6.19, 6.03, 6.31, 5.97, 5.89, 6.23, 6.43, 6.63, 6.75, 6.99, 6.17, 5.26, 4.73, 5.09, 5.07, 4.45, 4.32, 4.08, 4.48, 4.66, 4.7, 4.543, 4.36, 3.06, 2.66, 2.24, 1.27, 1.76, 1.76, 1.57, 1.55, 1.42, 1.54, 1.91, 1.71, 1.65, 1.04, 1.27, 1.5, 1.72, 1.54, 1.12, 1.13, 1.0, 1.07, 0, 1.08, 1.6, 2.41, 2.8, 3.07, 2.9, 2.85, 3.03, 2.34, 1.62, 1.46, 1.92, 2.53, 2.96, 3.77, 4.12, 4.02, 3.57, 3.71, 4.25, 4.74, 4.89, 4.79, 4.59, 4.32, 3.92], [4.07, 3.84, 3.38, 2.73, 2.78, 2.82, 2.92, 3.21, 4.19, 5.49, 5.96, 5.57, 5.5, 5.85, 6.05, 5.87, 6.25, 5.95, 5.89, 6.13, 6.33, 6.53, 6.67, 6.83, 5.97, 5.26, 4.69, 5.05, 5.03, 4.39, 4.28, 4.08, 4.4, 4.44, 4.48, 4.29, 4.14, 2.96, 2.52, 2.12, 1.25, 1.62, 1.9, 1.51, 1.31, 1.44, 1.52, 1.77, 1.65, 1.67, 1.1, 1.01, 1.32, 1.48, 1.54, 1.34, 1.21, 1.32, 1.31, 1.08, 0, 1.34, 2.19, 2.74, 2.93, 2.76, 2.73, 3.05, 2.3, 1.48, 1.56, 1.76, 2.27, 2.66, 3.39, 3.66, 3.56, 3.27, 3.45, 3.95, 4.6, 4.97, 4.79, 4.584, 4.26, 3.66], [4.23, 4.0, 3.46, 2.49, 2.46, 2.62, 2.62, 2.83, 3.53, 4.71, 5.18, 4.95, 5.02, 5.11, 5.33, 5.13, 5.45, 5.17, 5.07, 5.17, 5.43, 5.39, 5.55, 5.71, 5.05, 4.5, 4.03, 4.39, 4.37, 3.73, 3.6, 3.3, 3.42, 3.54, 3.38, 3.33, 3.22, 2.2, 1.72, 1.78, 1.45, 2.28, 2.64, 2.07, 2.05, 1.98, 1.82, 2.05, 2.237, 2.33, 1.9, 1.55, 1.68, 1.56, 1.76, 1.84, 1.77, 1.52, 1.45, 1.6, 1.34, 0, 1.69, 2.22, 2.33, 2.4, 2.03, 2.45, 2.2, 1.9, 1.8, 1.9, 2.39, 2.42, 2.97, 3.14, 3.16, 3.01, 2.99, 3.47, 4.353, 4.79, 4.621, 4.463, 4.18, 3.58], [4.68, 4.47, 3.91, 2.74, 2.57, 2.69, 2.59, 2.4, 2.24, 3.36, 3.79, 3.58, 3.89, 4.08, 4.38, 4.22, 4.6, 4.04, 3.82, 4.2, 4.44, 4.5, 4.64, 5.08, 4.32, 3.41, 2.62, 3.08, 3.04, 2.32, 2.21, 1.99, 2.31, 2.81, 2.85, 2.78, 2.65, 1.63, 1.57, 1.77, 1.78, 2.79, 3.13, 2.48, 2.52, 2.57, 2.47, 2.595, 2.628, 2.86, 2.53, 2.34, 2.07, 1.71, 2.01, 2.33, 2.28, 2.43, 2.48, 2.41, 2.19, 1.69, 0, 1.05, 1.34, 1.17, 1.02, 1.06, 1.29, 2.29, 2.37, 1.89, 1.9, 1.85, 2.52, 2.75, 2.65, 2.5, 2.26, 2.82, 3.843, 4.353, 4.191, 4.093, 3.666, 2.923], [5.39, 5.2, 4.62, 3.19, 2.98, 3.22, 3.16, 2.97, 2.83, 3.23, 3.4, 3.15, 3.22, 3.51, 3.77, 3.65, 3.97, 3.55, 3.33, 3.69, 3.91, 4.05, 4.09, 4.47, 3.77, 2.82, 2.61, 2.93, 2.79, 2.37, 2.4, 2.08, 1.8, 2.22, 2.28, 2.39, 2.62, 1.92, 1.8, 1.88, 2.25, 3.32, 3.7, 3.05, 3.17, 3.2, 3.02, 3.245, 3.197, 3.35, 3.04, 2.81, 2.4, 1.92, 2.04, 2.58, 2.65, 2.84, 2.89, 2.8, 2.74, 2.22, 1.05, 0, 0.67, 0.62, 0.79, 1.07, 1.66, 2.841, 2.8, 2.22, 2.07, 1.9, 1.95, 2.1, 1.94, 1.77, 1.51, 2.13, 2.993, 3.503, 3.381, 3.263, 2.833, 2.12], [5.5, 5.33, 4.75, 3.24, 3.09, 3.31, 3.21, 3.08, 2.9, 3.28, 3.25, 3.0, 3.01, 3.4, 3.66, 3.54, 3.9, 3.4, 3.2, 3.5, 3.72, 3.8, 3.86, 4.26, 3.62, 2.59, 2.46, 2.8, 2.74, 2.42, 2.31, 2.07, 1.69, 2.15, 2.29, 2.38, 2.61, 2.03, 1.83, 1.97, 2.46, 3.63, 3.99, 3.38, 3.42, 3.53, 3.25, 3.354, 3.471, 3.64, 3.41, 3.02, 2.47, 2.05, 2.25, 2.79, 2.84, 3.09, 3.08, 3.07, 2.93, 2.33, 1.34, 0.67, 0, 0.57, 0.8, 1.28, 1.95, 3.069, 3.054, 2.43, 2.26, 2.01, 1.92, 2.05, 1.79, 1.72, 1.34, 1.96, 2.91, 3.388, 3.26, 3.14, 2.69, 1.93], [5.61, 5.44, 4.84, 3.37, 3.16, 3.38, 3.32, 3.11, 2.89, 3.33, 3.38, 3.11, 3.24, 3.57, 3.85, 3.59, 3.89, 3.41, 3.25, 3.61, 3.87, 3.97, 4.05, 4.45, 3.73, 2.8, 2.49, 2.83, 2.79, 2.45, 2.3, 2.12, 1.74, 2.06, 2.3, 2.31, 2.52, 1.86, 1.76, 1.86, 2.33, 3.42, 3.78, 3.13, 3.17, 3.38, 3.24, 3.369, 3.25, 3.47, 3.14, 2.87, 2.36, 1.86, 2.08, 2.68, 2.69, 2.92, 2.97, 2.9, 2.76, 2.4, 1.17, 0.62, 0.57, 0, 0.61, 1.07, 1.84, 3.001, 2.92, 2.32, 2.21, 1.92, 2.07, 2.16, 1.9, 1.67, 1.47, 1.99, 2.92, 3.398, 3.25, 3.15, 2.7, 1.98], [5.28, 5.13, 4.51, 3.18, 2.97, 3.17, 3.11, 2.84, 2.62, 3.26, 3.41, 3.22, 3.39, 3.58, 3.86, 3.68, 4.04, 3.56, 3.32, 3.66, 3.9, 4.0, 4.1, 4.5, 3.78, 2.89, 2.32, 2.76, 2.78, 2.16, 2.13, 1.91, 1.71, 2.19, 2.31, 2.26, 2.49, 1.83, 1.57, 1.91, 2.28, 3.39, 3.77, 3.04, 3.16, 3.21, 3.03, 3.193, 3.227, 3.5, 3.13, 2.84, 2.35, 1.93, 2.17, 2.69, 2.72, 2.83, 2.86, 2.85, 2.73, 2.03, 1.02, 0.79, 0.8, 0.61, 0, 0.86, 1.81, 2.894, 2.817, 2.35, 2.36, 2.03, 2.12, 2.21, 2.11, 1.92, 1.58, 2.2, 3.258, 3.748, 3.605, 3.508, 3.07, 2.29], [4.76, 4.61, 4.01, 2.76, 2.57, 2.71, 2.69, 2.42, 2.14, 2.78, 2.97, 2.78, 3.15, 3.48, 3.74, 3.8, 4.32, 3.68, 3.18, 3.68, 3.94, 4.08, 4.18, 4.76, 3.94, 2.61, 2.0, 2.4, 2.36, 1.82, 1.77, 1.61, 1.95, 2.63, 2.81, 2.74, 2.97, 2.09, 1.89, 2.29, 2.5, 3.51, 3.75, 3.02, 3.28, 3.23, 2.89, 2.8, 2.96, 3.52, 3.27, 3.16, 2.77, 2.31, 2.39, 2.99, 3.06, 3.15, 3.14, 3.03, 3.05, 2.45, 1.06, 1.07, 1.28, 1.07, 0.86, 0, 1.49, 2.39, 2.49, 1.97, 2.12, 2.21, 2.5, 2.67, 2.49, 2.4, 2.08, 2.66, 3.758, 4.248, 4.085, 3.988, 3.566, 2.763], [4.07, 3.88, 3.32, 2.39, 2.06, 2.24, 2.1, 2.07, 2.23, 3.49, 3.96, 3.69, 3.84, 4.19, 4.41, 4.37, 4.79, 4.69, 4.23, 4.47, 4.69, 4.83, 5.01, 5.47, 4.61, 3.46, 2.69, 3.07, 2.95, 2.33, 2.34, 2.32, 2.8, 3.6, 3.72, 3.57, 3.58, 2.56, 2.3, 2.4, 2.09, 2.88, 3.22, 2.71, 2.71, 2.74, 2.56, 2.27, 2.39, 2.83, 2.5, 2.25, 2.08, 1.98, 2.06, 2.36, 2.41, 2.68, 2.73, 2.34, 2.3, 2.2, 1.29, 1.66, 1.95, 1.84, 1.81, 1.49, 0, 1.7, 1.84, 1.58, 1.51, 1.88, 2.71, 3.22, 3.02, 2.93, 2.65, 3.37, 4.2, 4.67, 4.55, 4.399, 4.012, 3.34], [3.03, 2.82, 2.28, 1.65, 1.64, 1.7, 1.74, 2.11, 3.09, 4.43, 4.92, 4.65, 4.84, 5.31, 5.55, 5.73, 6.23, 5.93, 5.37, 5.81, 5.93, 6.19, 6.39, 6.79, 5.87, 4.5, 3.59, 3.95, 3.93, 3.31, 3.24, 3.18, 4.2, 4.81, 4.924, 4.797, 4.784, 3.295, 2.88, 2.92, 1.95, 1.98, 2.16, 1.65, 1.65, 1.84, 1.38, 1.11, 1.27, 1.79, 1.54, 1.73, 2.16, 2.06, 2.092, 2.02, 2.27, 2.24, 2.21, 1.62, 1.48, 1.9, 2.29, 2.841, 3.069, 3.001, 2.894, 2.39, 1.7, 0, 0.8, 1.26, 2.15, 2.92, 3.87, 4.38, 4.16, 4.09, 3.85, 4.53, 5.438, 5.904, 5.739, 5.616, 5.2, 4.473], [3.45, 3.24, 2.72, 1.97, 2.02, 2.18, 2.16, 2.53, 3.47, 4.69, 5.18, 4.81, 4.84, 5.31, 5.47, 5.61, 6.01, 5.85, 5.33, 5.73, 5.89, 6.13, 6.33, 6.71, 5.789, 4.5, 3.97, 4.33, 4.31, 3.69, 3.58, 3.34, 4.122, 4.75, 4.867, 4.737, 4.724, 3.215, 2.82, 2.86, 1.95, 2.08, 2.38, 1.85, 1.95, 2.14, 1.5, 1.29, 1.31, 1.75, 1.38, 1.63, 2.1, 2.0, 2.04, 1.98, 2.03, 2.2, 2.11, 1.46, 1.56, 1.8, 2.37, 2.8, 3.054, 2.92, 2.817, 2.49, 1.84, 0.8, 0, 1.02, 1.75, 2.6, 3.71, 4.2, 4.04, 3.945, 3.737, 4.368, 5.158, 5.567, 5.495, 5.297, 4.902, 4.335], [4.05, 3.82, 3.28, 2.37, 2.24, 2.34, 2.24, 2.41, 3.07, 4.15, 4.64, 4.25, 4.16, 4.67, 4.79, 5.03, 5.53, 5.25, 4.77, 5.169, 5.27, 5.61, 5.81, 6.209, 5.269, 3.92, 3.55, 3.91, 3.85, 3.27, 3.12, 2.8, 3.602, 4.173, 4.31, 4.16, 4.144, 2.74, 2.46, 2.4, 1.95, 2.68, 2.96, 2.31, 2.49, 2.54, 1.94, 1.91, 2.09, 2.43, 2.04, 1.89, 1.88, 1.7, 1.78, 2.16, 2.13, 2.32, 2.21, 1.92, 1.76, 1.9, 1.89, 2.22, 2.43, 2.32, 2.35, 1.97, 1.58, 1.26, 1.02, 0, 1.11, 2.04, 3.03, 3.48, 3.22, 3.105, 3.03, 3.634, 4.518, 4.947, 4.772, 4.602, 4.22, 3.558], [4.94, 4.67, 4.17, 3.28, 3.01, 3.17, 2.97, 3.06, 3.24, 4.14, 4.59, 4.24, 3.95, 4.18, 4.28, 4.42, 4.86, 4.66, 4.3, 4.62, 4.74, 5.02, 5.2, 5.633, 4.693, 3.63, 3.78, 4.2, 3.98, 3.46, 3.23, 2.97, 3.03, 3.603, 3.76, 3.627, 3.594, 2.31, 2.11, 2.21, 2.2, 3.17, 3.55, 2.96, 3.12, 3.15, 2.81, 2.72, 2.68, 2.76, 2.49, 2.14, 2.15, 2.13, 2.23, 2.53, 2.36, 2.85, 2.7, 2.53, 2.27, 2.39, 1.9, 2.07, 2.26, 2.21, 2.36, 2.12, 1.51, 2.15, 1.75, 1.11, 0, 1.33, 2.4, 2.83, 2.77, 2.68, 2.68, 3.2, 3.848, 4.173, 4.007, 3.853, 3.457, 2.928], [5.59, 5.32, 4.82, 3.87, 3.62, 3.9, 3.76, 3.67, 3.39, 3.95, 4.38, 4.03, 3.72, 3.71, 3.79, 3.59, 3.83, 3.99, 3.91, 3.85, 4.07, 4.19, 4.37, 4.53, 3.67, 3.28, 3.87, 4.23, 3.89, 3.47, 3.4, 3.08, 2.34, 2.533, 2.627, 2.57, 2.52, 1.56, 1.64, 1.86, 2.47, 3.72, 4.1, 3.47, 3.59, 3.62, 3.22, 3.331, 3.389, 3.51, 3.04, 2.61, 2.58, 2.54, 2.62, 3.0, 2.81, 2.9, 2.79, 2.96, 2.66, 2.42, 1.85, 1.9, 2.01, 1.92, 2.03, 2.21, 1.88, 2.92, 2.6, 2.04, 1.33, 0, 1.27, 1.84, 2.0, 2.07, 1.93, 2.41, 3.02, 3.31, 3.21, 3.11, 2.74, 2.3], [6.36, 6.09, 5.57, 4.46, 4.21, 4.49, 4.37, 4.2, 3.88, 3.84, 4.11, 3.8, 3.37, 3.36, 3.38, 3.2, 3.3, 3.68, 3.62, 3.42, 3.56, 3.46, 3.6, 3.7, 3.02, 2.97, 3.98, 4.2, 3.8, 3.6, 3.71, 3.49, 2.17, 1.67, 1.73, 1.9, 1.89, 2.21, 2.17, 2.15, 3.34, 4.67, 5.07, 4.44, 4.436, 4.489, 4.003, 4.184, 4.487, 4.52, 4.09, 3.44, 3.11, 2.93, 3.11, 3.67, 3.44, 3.63, 3.52, 3.77, 3.39, 2.97, 2.52, 1.95, 1.92, 2.07, 2.12, 2.5, 2.71, 3.87, 3.71, 3.03, 2.4, 1.27, 0, 0.99, 1.47, 1.6, 1.68, 1.92, 2.27, 2.64, 2.58, 2.46, 2.25, 2.03], [6.79, 6.52, 5.98, 4.79, 4.48, 4.9, 4.82, 4.59, 4.19, 3.99, 3.8, 3.47, 3.04, 3.03, 3.11, 3.03, 3.31, 3.33, 3.31, 3.21, 3.39, 3.37, 3.57, 3.61, 2.85, 2.68, 4.01, 4.07, 3.75, 3.85, 3.86, 3.7, 2.1, 1.52, 1.56, 1.63, 1.9, 2.42, 2.46, 2.38, 3.67, 5.04, 5.46, 4.79, 4.763, 4.733, 4.43, 4.725, 4.974, 4.95, 4.48, 3.73, 3.28, 3.04, 3.18, 3.82, 3.63, 3.82, 3.71, 4.12, 3.66, 3.14, 2.75, 2.1, 2.05, 2.16, 2.21, 2.67, 3.22, 4.38, 4.2, 3.48, 2.83, 1.84, 0.99, 0, 0.94, 1.07, 1.39, 1.45, 1.78, 2.21, 2.09, 1.97, 1.92, 1.62], [6.7, 6.44, 5.9, 4.61, 4.34, 4.78, 4.7, 4.49, 4.11, 3.99, 3.48, 3.15, 2.84, 3.03, 3.13, 3.01, 3.35, 3.23, 3.19, 3.23, 3.43, 3.45, 3.63, 3.73, 2.87, 2.62, 3.85, 3.87, 3.49, 3.71, 3.7, 3.58, 2.22, 1.78, 1.94, 2.03, 2.46, 2.54, 2.58, 2.4, 3.55, 4.9, 5.28, 4.65, 4.623, 4.679, 4.353, 4.603, 4.76, 4.81, 4.34, 3.57, 3.12, 2.88, 3.02, 3.7, 3.53, 3.76, 3.65, 4.02, 3.56, 3.16, 2.65, 1.94, 1.79, 1.9, 2.11, 2.49, 3.02, 4.16, 4.04, 3.22, 2.77, 2.0, 1.47, 0.94, 0, 0.89, 1.11, 1.19, 1.86, 2.31, 2.11, 1.97, 1.74, 1.34], [6.7, 6.47, 5.87, 4.62, 4.29, 4.71, 4.65, 4.44, 4.06, 4.04, 3.73, 3.34, 3.19, 3.4, 3.58, 3.28, 3.58, 3.36, 3.42, 3.48, 3.68, 3.72, 3.9, 3.98, 3.14, 2.81, 3.8, 3.82, 3.44, 3.62, 3.63, 3.51, 2.27, 1.77, 1.91, 1.98, 2.31, 2.31, 2.49, 2.01, 3.16, 4.55, 4.87, 4.36, 4.216, 4.286, 4.263, 4.613, 4.575, 4.404, 3.93, 3.38, 2.81, 2.61, 2.59, 3.31, 3.12, 3.35, 3.2, 3.57, 3.27, 3.01, 2.5, 1.77, 1.72, 1.67, 1.92, 2.4, 2.93, 4.09, 3.945, 3.105, 2.68, 2.07, 1.6, 1.07, 0.89, 0, 1.14, 1.22, 1.71, 2.12, 1.94, 1.82, 1.67, 1.33], [6.274, 6.044, 5.41, 4.02, 3.87, 4.27, 4.21, 3.98, 3.62, 3.7, 3.27, 2.88, 2.59, 2.8, 3.06, 2.86, 3.3, 3.02, 2.