[[0, 0.91, 1.06, 1.3, 1.25, 1.25, 1.37, 1.68, 2.31, 2.77, 3.62, 3.81, 4.11, 4.29, 4.09, 4.6, 5.16, 4.92, 4.45, 3.82, 3.94, 3.99, 4.11, 4.28, 4.81, 3.4, 1.59, 1.43, 1.68, 2.05, 1.84, 1.76, 2.03, 1.91, 1.59, 1.79, 2.84, 3.32, 3.56, 3.91, 3.87, 4.1, 5.07, 6.04, 6.87, 7.37, 7.09, 7.36, 7.32, 7.49, 7.26, 7.69, 8.02, 7.9, 7.84, 7.52, 7.49, 7.32, 7.396, 7.26, 7.18, 6.25, 5.22, 3.18, 2.48, 4.05, 4.0, 3.22, 3.42, 3.33, 2.84, 2.98, 3.51, 3.8, 4.24, 5.7, 6.255, 6.425, 6.432, 6.312, 5.335, 5.419, 5.66, 5.32, 5.44, 4.67], [0.91, 0, 0.87, 1.23, 1.08, 1.1, 1.4, 1.99, 2.92, 3.48, 4.35, 4.52, 4.74, 4.92, 4.74, 5.27, 5.87, 5.63, 5.16, 4.53, 4.65, 4.7, 4.82, 4.99, 5.52, 4.09, 2.2, 1.48, 1.67, 1.74, 1.73, 1.41, 1.64, 1.54, 1.32, 2.04, 3.09, 3.61, 3.71, 3.7, 3.7, 3.99, 4.94, 5.91, 6.72, 7.22, 6.96, 7.29, 7.17, 7.36, 7.25, 7.68, 8.03, 7.85, 7.93, 7.63, 7.5, 7.47, 7.743, 7.61, 7.53, 6.62, 5.69, 3.63, 2.03, 3.6, 3.55, 2.79, 3.09, 3.0, 2.69, 2.89, 3.66, 4.13, 4.55, 6.17, 6.91, 6.946, 7.01, 6.944, 5.93, 6.126, 6.333, 6.01, 6.147, 5.38], [1.06, 0.87, 0, 1.0, 0.85, 0.77, 1.47, 2.02, 2.79, 3.41, 4.3, 4.51, 4.77, 4.95, 4.77, 5.3, 5.9, 5.66, 5.17, 4.56, 4.68, 4.71, 4.83, 5.0, 5.53, 4.1, 2.21, 1.51, 1.48, 1.67, 1.5, 1.38, 1.55, 1.59, 1.51, 2.21, 3.14, 3.7, 3.54, 3.63, 3.61, 4.06, 4.91, 5.86, 6.67, 7.17, 6.91, 7.3, 7.18, 7.31, 7.32, 7.75, 8.06, 7.88, 8.12, 7.88, 7.59, 7.799, 8.056, 7.9, 7.82, 6.93, 5.92, 3.84, 2.36, 3.75, 3.72, 2.9, 3.1, 3.01, 2.6, 3.02, 4.01, 4.34, 4.6, 6.32, 6.96, 7.048, 7.021, 6.972, 5.981, 6.15, 6.337, 6.014, 6.151, 5.39], [1.3, 1.23, 1.0, 0, 0.89, 1.09, 1.61, 2.1, 2.63, 3.19, 4.02, 4.25, 4.53, 4.71, 4.57, 5.06, 5.72, 5.42, 4.93, 4.32, 4.46, 4.47, 4.63, 4.8, 5.27, 3.96, 2.49, 1.25, 1.46, 1.73, 1.5, 1.72, 1.53, 1.73, 1.69, 2.43, 3.24, 3.82, 3.54, 3.77, 3.83, 4.04, 4.97, 5.94, 6.77, 7.25, 6.97, 7.34, 7.24, 7.39, 7.36, 7.79, 8.1, 7.92, 8.24, 7.98, 7.65, 8.036, 8.373, 8.24, 8.16, 7.23, 6.18, 4.08, 2.64, 3.91, 3.86, 3.2, 3.44, 3.33, 2.86, 3.1, 4.09, 4.56, 4.82, 6.36, 6.98, 6.99, 6.927, 6.767, 5.827, 5.957, 6.089, 5.766, 5.9, 5.13], [1.25, 1.08, 0.85, 0.89, 0, 0.68, 1.46, 2.15, 2.72, 3.36, 4.29, 4.48, 4.86, 5.02, 4.82, 5.33, 5.89, 5.65, 5.16, 4.55, 4.67, 4.7, 4.8, 4.97, 5.48, 4.03, 2.52, 1.66, 1.65, 1.68, 1.37, 1.29, 1.44, 1.42, 1.56, 2.46, 3.31, 3.85, 3.71, 3.64, 3.88, 4.25, 5.2, 6.15, 6.96, 7.4, 7.16, 7.59, 7.47, 7.6, 7.59, 8.02, 8.35, 8.17, 8.39, 8.13, 7.86, 8.03, 8.323, 8.23, 8.13, 7.2, 6.13, 4.07, 2.39, 3.76, 3.71, 3.07, 3.31, 3.24, 2.87, 3.13, 4.2, 4.61, 4.93, 6.51, 7.03, 7.138, 7.19, 7.07, 6.031, 6.1, 6.31, 5.97, 6.09, 5.32], [1.25, 1.1, 0.77, 1.09, 0.68, 0, 1.46, 2.15, 2.76, 3.48, 4.39, 4.62, 5.02, 5.16, 4.98, 5.49, 6.07, 5.81, 5.3, 4.69, 4.83, 4.82, 4.94, 5.09, 5.6, 4.17, 2.44, 1.7, 1.65, 1.54, 1.21, 1.25, 1.24, 1.28, 1.54, 2.5, 3.53, 4.07, 3.93, 3.88, 4.0, 4.33, 5.3, 6.27, 7.08, 7.56, 7.3, 7.69, 7.57, 7.72, 7.69, 8.1, 8.45, 8.27, 8.45, 8.21, 7.94, 8.11, 8.386, 8.23, 8.15, 7.2, 6.13, 4.05, 2.33, 3.7, 3.65, 3.01, 3.29, 3.28, 2.87, 3.21, 4.28, 4.65, 4.93, 6.67, 7.25, 7.34, 7.31, 7.19, 6.23, 6.26, 6.41, 6.07, 6.19, 5.42], [1.37, 1.4, 1.47, 1.61, 1.46, 1.46, 0, 1.11, 2.32, 3.14, 4.07, 4.24, 4.54, 4.72, 4.52, 5.05, 5.65, 5.41, 4.92, 4.31, 4.43, 4.46, 4.56, 4.73, 5.24, 3.91, 2.56, 2.06, 2.45, 2.5, 2.03, 1.79, 1.68, 1.6, 1.66, 2.38, 3.31, 3.81, 4.09, 4.68, 4.78, 5.01, 6.06, 7.03, 7.86, 8.36, 8.08, 8.37, 8.31, 8.48, 8.33, 8.76, 9.11, 8.93, 9.01, 8.71, 8.58, 8.53, 8.55, 8.37, 8.29, 7.3, 6.27, 4.23, 3.17, 4.6, 4.63, 3.99, 4.29, 4.14, 3.73, 3.91, 4.68, 5.03, 5.11, 6.21, 6.73, 6.798, 6.87, 6.736, 5.711, 5.852, 6.079, 5.75, 5.87, 5.1], [1.68, 1.99, 2.02, 2.1, 2.15, 2.15, 1.11, 0, 1.57, 2.35, 3.26, 3.45, 3.73, 3.91, 3.73, 4.26, 4.86, 4.62, 4.13, 3.52, 3.64, 3.73, 3.87, 4.08, 4.53, 3.62, 2.55, 2.49, 2.92, 3.09, 2.64, 2.34, 2.29, 2.25, 2.21, 2.73, 3.48, 3.84, 4.5, 5.23, 5.31, 5.46, 6.45, 7.44, 8.29, 8.77, 8.47, 8.74, 8.74, 8.87, 8.64, 9.07, 9.4, 9.28, 9.18, 8.84, 8.85, 8.6, 8.34, 8.1, 7.98, 7.09, 6.06, 4.3, 3.72, 5.11, 5.14, 4.54, 4.86, 4.69, 4.34, 4.52, 4.89, 4.94, 5.1, 5.5, 5.88, 5.97, 6.012, 5.912, 4.932, 5.073, 5.28, 4.957, 5.1, 4.33], [2.31, 2.92, 2.79, 2.63, 2.72, 2.76, 2.32, 1.57, 0, 1.08, 1.83, 2.06, 2.34, 2.52, 2.4, 2.87, 3.47, 3.21, 2.72, 2.17, 2.43, 2.42, 2.52, 2.69, 3.22, 2.75, 2.7, 3.04, 3.43, 3.8, 3.41, 3.41, 3.36, 3.28, 3.0, 3.16, 3.35, 3.55, 4.31, 5.32, 5.62, 5.59, 6.36, 7.41, 8.2, 8.62, 8.32, 8.55, 8.59, 8.62, 8.37, 8.72, 8.97, 8.85, 8.65, 8.33, 8.32, 8.01, 7.67, 7.37, 7.21, 6.36, 5.27, 3.93, 4.47, 6.0, 5.95, 5.21, 5.41, 5.34, 4.75, 4.63, 4.42, 4.41, 4.33, 4.33, 4.67, 4.7, 4.65, 4.548, 3.551, 3.698, 3.882, 3.55, 3.67, 2.9], [2.77, 3.48, 3.41, 3.19, 3.36, 3.48, 3.14, 2.35, 1.08, 0, 1.03, 1.16, 1.6, 1.76, 1.6, 2.13, 2.67, 2.37, 1.92, 1.41, 1.73, 1.9, 2.12, 2.27, 2.78, 2.59, 3.1, 3.54, 4.01, 4.36, 4.13, 4.23, 4.14, 4.08, 3.68, 3.6, 3.67, 3.83, 4.55, 5.62, 5.98, 5.93, 6.72, 7.71, 8.5, 8.92, 8.62, 8.85, 8.87, 8.88, 8.65, 8.92, 9.17, 9.01, 8.81, 8.49, 8.4, 8.09, 7.73, 7.39, 7.25, 6.32, 5.27, 4.19, 5.05, 6.62, 6.55, 5.75, 5.95, 5.76, 5.13, 4.97, 4.7, 4.57, 4.35, 4.27, 4.27, 4.26, 4.07, 3.91, 2.988, 2.938, 3.03, 2.71, 2.81, 2.04], [3.62, 4.35, 4.3, 4.02, 4.29, 4.39, 4.07, 3.26, 1.83, 1.03, 0, 0.73, 1.29, 1.41, 1.31, 1.66, 2.22, 1.94, 1.69, 1.46, 1.8, 2.17, 2.57, 2.5, 2.91, 3.08, 3.81, 4.21, 4.76, 5.13, 4.92, 5.04, 5.05, 5.01, 4.43, 4.29, 4.34, 4.44, 5.16, 6.23, 6.61, 6.56, 7.33, 8.32, 9.09, 9.45, 9.13, 9.36, 9.36, 9.35, 9.12, 9.35, 9.6, 9.38, 9.2, 8.9, 8.79, 8.46, 8.1, 7.76, 7.58, 6.67, 5.64, 4.68, 5.76, 7.39, 7.28, 6.46, 6.66, 6.45, 5.78, 5.58, 5.27, 5.02, 4.74, 4.54, 4.16, 4.19, 3.88, 3.58, 2.8, 2.41, 2.32, 2.0, 1.94, 1.59], [3.81, 4.52, 4.51, 4.25, 4.48, 4.62, 4.24, 3.45, 2.06, 1.16, 0.73, 0, 0.7, 0.82, 0.78, 1.15, 1.69, 1.49, 1.4, 1.43, 1.81, 2.18, 2.54, 2.51, 3.0, 3.07, 4.02, 4.44, 5.03, 5.4, 5.21, 5.27, 5.22, 5.18, 4.68, 4.4, 4.33, 4.41, 5.13, 6.2, 6.58, 6.53, 7.3, 8.29, 9.06, 9.44, 9.12, 9.35, 9.35, 9.34, 9.11, 9.34, 9.59, 9.39, 9.21, 8.89, 8.8, 8.47, 8.11, 7.77, 7.57, 6.66, 5.65, 4.67, 5.95, 7.62, 7.53, 6.57, 6.77, 6.5, 5.81, 5.55, 5.24, 5.01, 4.75, 4.43, 3.83, 3.66, 3.39, 3.17, 2.47, 2.02, 1.97, 1.75, 1.75, 1.4], [4.11, 4.74, 4.77, 4.53, 4.86, 5.02, 4.54, 3.73, 2.34, 1.6, 1.29, 0.7, 0, 0.52, 0.54, 0.79, 1.35, 1.11, 1.2, 1.39, 1.71, 2.0, 2.42, 2.31, 2.78, 3.03, 4.18, 4.62, 5.27, 5.68, 5.47, 5.45, 5.44, 5.38, 4.82, 4.48, 4.35, 4.25, 4.97, 6.02, 6.44, 6.39, 7.14, 8.09, 8.86, 9.1, 8.72, 8.95, 8.93, 8.9, 8.67, 8.9, 9.15, 8.95, 8.77, 8.45, 8.36, 8.03, 7.67, 7.33, 7.13, 6.22, 5.25, 4.45, 6.03, 7.76, 7.61, 6.63, 6.85, 6.58, 5.87, 5.47, 5.02, 4.59, 4.31, 3.99, 3.25, 3.02, 2.79, 2.53, 1.87, 1.76, 1.63, 1.43, 1.63, 1.22], [4.29, 4.92, 4.95, 4.71, 5.02, 5.16, 4.72, 3.91, 2.52, 1.76, 1.41, 0.82, 0.52, 0, 0.52, 0.61, 1.15, 1.13, 1.32, 1.55, 1.85, 2.06, 2.48, 2.35, 2.68, 3.15, 4.4, 4.82, 5.47, 5.88, 5.65, 5.65, 5.64, 5.54, 5.04, 4.7, 4.53, 4.43, 5.15, 6.18, 6.6, 6.55, 7.26, 8.21, 8.96, 9.2, 8.84, 9.05, 9.05, 9.0, 8.79, 8.98, 9.23, 8.95, 8.81, 8.53, 8.42, 7.97, 7.61, 7.37, 7.11, 6.16, 5.17, 4.55, 6.29, 8.02, 7.85, 6.85, 7.07, 6.8, 6.07, 5.69, 5.12, 4.65, 4.41, 3.91, 3.19, 3.0, 2.75, 2.49, 1.79, 1.54, 1.51, 1.31, 1.51, 1.22], [4.09, 4.74, 4.77, 4.57, 4.82, 4.98, 4.52, 3.73, 2.4, 1.6, 1.31, 0.78, 0.54, 0.52, 0, 0.73, 1.31, 1.21, 1.34, 1.53, 1.81, 2.14, 2.5, 2.39, 2.78, 3.07, 4.14, 4.56, 5.21, 5.62, 5.41, 5.41, 5.46, 5.38, 4.8, 4.5, 4.41, 4.31, 5.05, 6.1, 6.52, 6.47, 7.22, 8.17, 8.94, 9.2, 8.88, 9.09, 9.09, 9.04, 8.83, 9.02, 9.27, 8.99, 8.85, 8.57, 8.46, 8.03, 7.67, 7.41, 7.15, 6.22, 5.23, 4.51, 6.11, 7.8, 7.63, 6.71, 6.91, 6.6, 5.95, 5.53, 5.1, 4.69, 4.45, 3.97, 3.29, 3.04, 2.83, 2.61, 1.91, 1.7, 1.67, 1.45, 1.57, 1.26], [4.6, 5.27, 5.3, 5.06, 5.33, 5.49, 5.05, 4.26, 2.87, 2.13, 1.66, 1.15, 0.79, 0.61, 0.73, 0, 0.82, 0.84, 1.25, 1.48, 1.68, 1.87, 2.25, 2.14, 2.53, 2.88, 4.23, 4.75, 5.36, 6.01, 5.78, 5.86, 5.97, 5.89, 5.05, 4.51, 4.32, 4.2, 4.92, 5.95, 6.37, 6.32, 7.03, 7.98, 8.75, 8.99, 8.65, 8.86, 8.86, 8.81, 8.6, 8.79, 9.04, 8.78, 8.62, 8.34, 8.23, 7.84, 7.48, 7.18, 6.94, 6.03, 5.04, 4.32, 6.26, 8.17, 7.68, 6.66, 6.88, 6.61, 5.86, 5.48, 4.91, 4.46, 4.22, 3.76, 2.9, 2.63, 2.52, 2.22, 1.54, 1.23, 1.26, 1.14, 1.34, 1.15], [5.16, 5.87, 5.9, 5.72, 5.89, 6.07, 5.65, 4.86, 3.47, 2.67, 2.22, 1.69, 1.35, 1.15, 1.31, 0.82, 0, 0.56, 1.15, 1.52, 1.56, 1.85, 1.99, 1.92, 2.05, 2.9, 4.63, 5.21, 5.84, 6.57, 6.34, 6.42, 6.51, 6.43, 5.59, 4.83, 4.28, 4.1, 4.64, 5.71, 6.13, 6.04, 6.75, 7.68, 8.43, 8.65, 8.27, 8.5, 8.48, 8.43, 8.2, 8.39, 8.64, 8.36, 8.22, 7.94, 7.83, 7.38, 7.02, 6.78, 6.52, 5.49, 4.56, 4.16, 6.6, 8.71, 7.96, 6.72, 7.08, 6.85, 5.96, 5.64, 4.75, 4.1, 3.82, 3.28, 2.34, 2.11, 1.96, 1.74, 1.12, 0.89, 1.04, 0.96, 1.18, 1.37], [4.92, 5.63, 5.66, 5.42, 5.65, 5.81, 5.41, 4.62, 3.21, 2.37, 1.94, 1.49, 1.11, 1.13, 1.21, 0.84, 0.56, 0, 0.89, 1.18, 1.22, 1.63, 1.81, 1.72, 1.85, 2.72, 4.43, 5.01, 5.66, 6.27, 6.06, 6.16, 6.25, 6.15, 5.33, 4.63, 4.04, 3.82, 4.46, 5.51, 5.93, 5.88, 6.59, 7.54, 8.31, 8.55, 8.17, 8.4, 8.38, 8.33, 8.1, 8.29, 8.54, 8.26, 8.12, 7.84, 7.73, 7.32, 6.96, 6.68, 6.42, 5.47, 4.5, 3.96, 6.36, 8.45, 7.78, 6.5, 6.88, 6.65, 5.74, 5.44, 4.59, 4.02, 3.72, 3.2, 2.44, 2.27, 2.1, 1.74, 1.2, 1.05, 1.06, 0.96, 1.22, 1.11], [4.45, 5.16, 5.17, 4.93, 5.16, 5.3, 4.92, 4.13, 2.72, 1.92, 1.69, 1.4, 1.2, 1.32, 1.34, 1.25, 1.15, 0.89, 0, 0.85, 1.01, 1.3, 1.46, 1.51, 1.92, 2.39, 4.08, 4.66, 5.29, 5.82, 5.63, 5.77, 5.84, 5.78, 5.0, 4.28, 3.73, 3.59, 4.27, 5.3, 5.72, 5.67, 6.38, 7.33, 8.08, 8.3, 7.94, 8.15, 8.15, 8.1, 7.89, 8.16, 8.41, 8.27, 8.07, 7.75, 7.66, 7.35, 6.99, 6.65, 6.49, 5.6, 4.53, 3.67, 5.93, 8.04, 7.43, 6.17, 6.55, 6.32, 5.39, 5.11, 4.28, 3.83, 3.63, 3.45, 2.97, 2.82, 2.59, 2.39, 1.75, 1.5, 1.39, 1.29, 1.23, 0.92], [3.82, 4.53, 4.56, 4.32, 4.55, 4.69, 4.31, 3.52, 2.17, 1.41, 1.46, 1.43, 1.39, 1.55, 1.53, 1.48, 1.52, 1.18, 0.85, 0, 0.62, 0.97, 1.25, 1.34, 1.71, 1.84, 3.53, 4.11, 4.68, 5.21, 5.0, 5.1, 5.21, 5.11, 4.37, 3.73, 3.24, 3.12, 3.78, 4.83, 5.25, 5.2, 5.95, 6.9, 7.67, 8.01, 7.69, 7.92, 7.92, 7.91, 7.68, 7.95, 8.2, 8.02, 7.82, 7.5, 7.41, 7.1, 6.74, 6.4, 6.28, 5.39, 4.28, 3.26, 5.3, 7.41, 6.86, 5.68, 6.0, 5.77, 4.88, 4.56, 3.85, 3.6, 3.38, 3.36, 3.22, 3.17, 2.88, 2.72, 1.9, 1.83, 1.9, 1.68, 1.78, 1.25], [3.94, 4.65, 4.68, 4.46, 4.67, 4.83, 4.43, 3.64, 2.43, 1.73, 1.8, 1.81, 1.71, 1.85, 1.81, 1.68, 1.56, 1.22, 1.01, 0.62, 0, 0.85, 1.21, 1.28, 1.45, 1.76, 3.45, 4.07, 4.72, 5.29, 5.1, 5.22, 5.29, 5.21, 4.43, 3.69, 2.96, 2.76, 3.46, 4.51, 4.93, 4.88, 5.61, 6.56, 7.33, 7.65, 7.33, 7.56, 7.56, 7.55, 7.32, 7.55, 7.8, 7.64, 7.44, 7.12, 7.03, 6.72, 6.42, 6.14, 5.94, 5.09, 4.0, 2.94, 5.38, 7.49, 6.84, 5.52, 5.82, 5.65, 4.78, 4.4, 3.61, 3.22, 3.02, 3.12, 3.04, 3.01, 2.8, 2.56, 1.84, 1.99, 2.06, 1.86, 1.98, 1.41], [3.99, 4.7, 4.71, 4.47, 4.7, 4.82, 4.46, 3.73, 2.42, 1.9, 2.17, 2.18, 2.0, 2.06, 2.14, 1.87, 1.85, 1.63, 1.3, 0.97, 0.85, 0, 0.72, 0.77, 1.12, 1.49, 3.12, 3.84, 4.59, 5.3, 5.05, 5.19, 5.3, 5.2, 4.36, 3.46, 2.81, 2.61, 3.33, 4.36, 4.78, 4.69, 5.42, 6.37, 7.1, 7.32, 6.96, 7.19, 7.19, 7.18, 6.95, 7.18, 7.43, 7.25, 7.05, 6.73, 6.68, 6.37, 6.05, 5.75, 5.57, 4.74, 3.59, 2.69, 5.39, 7.5, 6.73, 5.29, 5.65, 5.4, 4.57, 4.05, 3.28, 2.85, 2.67, 2.71, 2.89, 2.88, 2.7, 2.55, 1.89, 2.0, 2.21, 2.09, 2.09, 1.4], [4.11, 4.82, 4.83, 4.63, 4.8, 4.94, 4.56, 3.87, 2.52, 2.12, 2.57, 2.54, 2.42, 2.48, 2.5, 2.25, 1.99, 1.81, 1.46, 1.25, 1.21, 0.72, 0, 0.49, 0.92, 1.31, 3.04, 3.86, 4.63, 5.38, 5.15, 5.25, 5.36, 5.26, 4.38, 3.36, 2.57, 2.47, 2.97, 4.0, 4.46, 4.33, 5.06, 6.01, 6.68, 6.94, 6.6, 6.83, 6.85, 6.86, 6.63, 6.92, 7.17, 7.03, 6.83, 6.51, 6.44, 6.13, 5.75, 5.43, 5.29, 4.4, 3.29, 2.47, 5.49, 7.58, 6.81, 5.27, 5.53, 5.3, 4.49, 3.99, 2.94, 2.59, 2.39, 2.29, 2.59, 2.62, 2.55, 2.371, 1.79, 2.12, 2.49, 2.27, 2.17, 1.8], [4.28, 4.99, 5.0, 4.8, 4.97, 5.09, 4.73, 4.08, 2.69, 2.27, 2.5, 2.51, 2.31, 2.35, 2.39, 2.14, 1.92, 1.72, 1.51, 1.34, 1.28, 0.77, 0.49, 0, 0.83, 1.32, 3.19, 4.03, 4.8, 5.57, 5.3, 5.42, 5.53, 5.43, 4.51, 3.47, 2.7, 2.64, 3.16, 4.19, 4.63, 4.52, 5.25, 6.16, 6.85, 7.07, 6.69, 6.9, 6.9, 6.85, 6.64, 6.85, 7.1, 6.9, 6.72, 6.4, 6.31, 5.98, 5.62, 5.28, 5.12, 4.21, 3.16, 2.66, 5.66, 7.75, 6.98, 5.44, 5.68, 5.41, 4.64, 4.18, 3.11, 2.54, 2.3, 2.1, 2.44, 2.47, 2.42, 2.26, 1.56, 1.99, 2.34, 2.14, 2.0, 1.63], [4.81, 5.52, 5.53, 5.27, 5.48, 5.6, 5.24, 4.53, 3.22, 2.78, 2.91, 3.0, 2.78, 2.68, 2.78, 2.53, 2.05, 1.85, 1.92, 1.71, 1.45, 1.12, 0.92, 0.83, 0, 1.63, 3.54, 4.56, 5.31, 6.06, 5.81, 5.93, 6.04, 5.92, 5.0, 3.94, 3.03, 2.73, 3.13, 4.18, 4.58, 4.45, 5.18, 6.09, 6.76, 6.98, 6.54, 6.75, 6.73, 6.68, 6.43, 6.62, 6.87, 6.59, 6.45, 6.19, 6.06, 5.61, 5.31, 5.09, 4.83, 3.9, 2.85, 2.89, 6.17, 8.26, 7.49, 5.91, 6.15, 5.92, 5.09, 4.59, 3.48, 2.45, 2.17, 1.95, 2.05, 2.18, 2.13, 1.95, 1.65, 2.1, 2.43, 2.31, 2.17, 1.9], [3.4, 4.09, 4.1, 3.96, 4.03, 4.17, 3.91, 3.62, 2.75, 2.59, 3.08, 3.07, 3.03, 3.15, 3.07, 2.88, 2.9, 2.72, 2.39, 1.84, 1.76, 1.49, 1.31, 1.32, 1.63, 0, 2.11, 3.13, 3.88, 4.67, 4.4, 4.48, 4.61, 4.51, 3.59, 2.59, 1.98, 1.92, 2.22, 3.17, 3.59, 3.54, 4.27, 5.24, 6.01, 6.39, 6.07, 6.3, 6.3, 6.29, 6.06, 6.33, 6.58, 6.44, 6.24, 5.92, 5.83, 5.52, 5.32, 5.08, 4.96, 4.01, 2.92, 1.92, 4.74, 6.81, 6.06, 4.6, 4.82, 4.53, 3.78, 3.28, 2.53, 2.26, 2.06, 2.72, 3.24, 3.35, 3.3, 3.28, 2.6, 3.01, 3.32, 3.0, 3.08, 2.49], [1.59, 2.2, 2.21, 2.49, 2.52, 2.44, 2.56, 2.55, 2.7, 3.1, 3.81, 4.02, 4.18, 4.4, 4.14, 4.23, 4.63, 4.43, 4.08, 3.53, 3.45, 3.12, 3.04, 3.19, 3.54, 2.11, 0, 1.46, 2.07, 2.96, 2.75, 2.71, 3.1, 2.96, 1.96, 1.4, 2.05, 2.45, 2.77, 3.38, 3.26, 3.37, 4.28, 5.25, 6.1, 6.58, 6.28, 6.53, 6.55, 6.68, 6.41, 6.84, 7.15, 7.05, 6.89, 6.55, 6.56, 6.29, 6.25, 6.05, 5.97, 5.02, 3.87, 2.05, 2.91, 4.76, 4.19, 3.03, 3.17, 3.0, 2.49, 2.51, 2.72, 2.79, 2.99, 4.49, 5.07, 5.24, 5.222, 5.15, 4.39, 4.82, 5.11, 4.79, 4.83, 4.08], [1.43, 1.48, 1.51, 1.25, 1.66, 1.7, 2.06, 2.49, 3.04, 3.54, 4.21, 4.44, 4.62, 4.82, 4.56, 4.75, 5.21, 5.01, 4.66, 4.11, 4.07, 3.84, 3.86, 4.03, 4.56, 3.13, 1.46, 0, 1.13, 1.76, 1.63, 1.63, 1.74, 1.94, 1.22, 1.4, 2.29, 2.85, 2.61, 3.06, 3.04, 3.27, 4.22, 5.19, 6.04, 6.52, 6.24, 6.51, 6.49, 6.64, 6.47, 6.9, 7.19, 7.05, 7.31, 7.05, 6.72, 7.086, 7.386, 7.23, 7.15, 6.22, 5.19, 3.11, 2.27, 3.78, 3.33, 2.33, 2.63, 2.46, 2.09, 2.37, 3.16, 3.65, 3.81, 5.41, 6.07, 6.06, 6.134, 5.993, 5.05, 5.38, 5.67, 5.35, 5.37, 4.68], [1.68, 1.67, 1.48, 1.46, 1.65, 1.65, 2.45, 2.92, 3.43, 4.01, 4.76, 5.03, 5.27, 5.47, 5.21, 5.36, 5.84, 5.66, 5.29, 4.68, 4.72, 4.59, 4.63, 4.8, 5.31, 3.88, 2.07, 1.13, 0, 1.03, 1.2, 1.7, 2.15, 2.31, 1.69, 2.17, 3.06, 3.62, 3.46, 3.37, 3.17, 3.3, 3.87, 4.74, 5.57, 6.05, 5.81, 6.22, 6.14, 6.21, 6.28, 6.73, 6.98, 6.84, 7.3, 7.0, 6.683, 7.19, 7.51, 7.48, 7.38, 6.47, 5.58, 3.48, 1.92, 3.13, 2.74, 2.04, 2.2, 2.15, 1.92, 2.28, 3.19, 3.94, 4.44, 6.24, 6.8, 6.928, 6.94, 6.855, 5.9, 6.05, 6.32, 5.98, 6.02, 5.33], [2.05, 1.74, 1.67, 1.73, 1.68, 1.54, 2.5, 3.09, 3.8, 4.36, 5.13, 5.4, 5.68, 5.88, 5.62, 6.01, 6.57, 6.27, 5.82, 5.21, 5.29, 5.3, 5.38, 5.57, 6.06, 4.67, 2.96, 1.76, 1.03, 0, 0.89, 1.49, 1.78, 1.96, 1.82, 2.94, 3.85, 4.41, 4.21, 3.84, 3.84, 4.17, 4.56, 5.17, 5.98, 6.5, 6.32, 6.93, 6.823, 6.84, 6.97, 7.42, 7.57, 7.63, 8.11, 7.77, 7.49, 8.037, 8.357, 8.33, 8.23, 7.36, 6.49, 4.41, 1.95, 2.5, 2.41, 2.25, 2.23, 2.34, 2.49, 3.01, 4.04, 4.85, 5.25, 7.03, 7.59, 7.68, 7.71, 7.59, 6.674, 6.74, 6.89, 6.55, 6.67, 5.94], [1.84, 1.73, 1.5, 1.5, 1.37, 1.21, 2.03, 2.64, 3.41, 4.13, 4.92, 5.21, 5.47, 5.65, 5.41, 5.78, 6.34, 6.06, 5.63, 5.0, 5.1, 5.05, 5.15, 5.3, 5.81, 4.4, 2.75, 1.63, 1.2, 0.89, 0, 1.06, 1.27, 1.45, 1.57, 2.61, 3.6, 4.16, 4.0, 3.71, 3.77, 4.14, 4.81, 5.66, 6.47, 6.91, 6.73, 7.16, 7.1, 7.17, 7.22, 7.71, 7.92, 7.84, 8.28, 7.98, 7.666, 8.13, 8.453, 8.38, 8.28, 7.35, 6.38, 4.3, 2.06, 3.01, 2.86, 2.46, 2.68, 2.71, 2.58, 3.08, 4.13, 4.7, 5.16, 6.78, 7.34, 7.47, 7.44, 7.32, 6.4, 6.45, 6.62, 6.26, 6.4, 5.69], [1.76, 1.41, 1.38, 1.72, 1.29, 1.25, 1.79, 2.34, 3.41, 4.23, 5.04, 5.27, 5.45, 5.65, 5.41, 5.86, 6.42, 6.16, 5.77, 5.1, 5.22, 5.19, 5.25, 5.42, 5.93, 4.48, 2.71, 1.63, 1.7, 1.49, 1.06, 0, 0.89, 0.83, 1.03, 2.31, 3.32, 3.84, 3.8, 3.55, 3.67, 4.08, 4.99, 5.9, 6.71, 7.17, 6.91, 7.34, 7.24, 7.35, 7.38, 7.81, 8.1, 7.92, 8.18, 7.92, 7.65, 7.836, 8.14, 8.02, 7.92, 7.07, 6.14, 4.1, 1.84, 3.07, 3.16, 2.58, 2.92, 2.97, 2.7, 3.14, 4.01, 4.48, 4.98, 6.48, 7.22, 7.29, 7.36, 7.3, 6.28, 6.51, 6.72, 6.36, 6.5, 5.83], [2.03, 1.64, 1.55, 1.53, 1.44, 1.24, 1.68, 2.29, 3.36, 4.14, 5.05, 5.22, 5.44, 5.64, 5.46, 5.97, 6.51, 6.25, 5.84, 5.21, 5.29, 5.3, 5.36, 5.53, 6.04, 4.61, 3.1, 1.74, 2.15, 1.78, 1.27, 0.89, 0, 0.6, 1.4, 2.7, 3.59, 4.19, 3.95, 4.04, 4.22, 4.51, 5.48, 6.45, 7.26, 7.74, 7.48, 7.85, 7.75, 7.9, 7.85, 8.26, 8.61, 8.43, 8.71, 8.45, 8.14, 8.486, 8.79, 8.63, 8.55, 7.62, 6.63, 4.59, 2.41, 3.22, 3.35, 3.07, 3.47, 3.42, 3.25, 3.61, 4.58, 5.09, 5.31, 6.73, 7.47, 7.42, 7.51, 7.41, 6.39, 6.62, 6.83, 6.47, 6.63, 5.96], [1.91, 1.54, 1.59, 1.73, 1.42, 1.28, 1.6, 2.25, 3.28, 4.08, 5.01, 5.18, 5.38, 5.54, 5.38, 5.89, 6.43, 6.15, 5.78, 5.11, 5.21, 5.2, 5.26, 5.43, 5.92, 4.51, 2.96, 1.94, 2.31, 1.96, 1.45, 0.83, 0.6, 0, 1.2, 2.48, 3.43, 4.01, 3.91, 3.96, 4.28, 4.59, 5.58, 6.49, 7.3, 7.76, 7.5, 7.93, 7.81, 7.94, 7.95, 8.36, 8.73, 8.53, 8.67, 8.39, 8.18, 8.25, 8.55, 8.39, 8.35, 7.48, 6.47, 4.47, 2.37, 3.38, 3.53, 3.17, 3.55, 3.56, 3.33, 3.67, 4.5, 4.91, 5.17, 6.59, 7.33, 7.3, 7.35, 7.29, 6.23, 6.46, 6.71, 6.37, 6.53, 5.86], [1.59, 1.32, 1.51, 1.69, 1.56, 1.54, 1.66, 2.21, 3.0, 3.68, 4.43, 4.68, 4.82, 5.04, 4.8, 5.05, 5.59, 5.33, 5.0, 4.37, 4.43, 4.36, 4.38, 4.51, 5.0, 3.59, 1.96, 1.22, 1.69, 1.82, 1.57, 1.03, 1.4, 1.2, 0, 1.46, 2.53, 3.03, 3.17, 3.42, 3.44, 3.73, 4.74, 5.71, 6.52, 7.02, 6.76, 7.11, 6.97, 7.16, 7.07, 7.5, 7.87, 7.67, 7.81, 7.55, 7.32, 7.39, 7.61, 7.45, 7.39, 6.48, 5.41, 3.49, 1.97, 3.48, 3.35, 2.65, 2.95, 2.9, 2.53, 2.77, 3.6, 3.99, 4.21, 5.61, 6.29, 6.38, 6.45, 6.39, 5.33, 5.64, 5.91, 5.55, 5.67, 5.02], [1.79, 2.04, 2.21, 2.43, 2.46, 2.5, 2.38, 2.73, 3.16, 3.6, 4.29, 4.4, 4.48, 4.7, 4.5, 4.51, 4.83, 4.63, 4.28, 3.73, 3.69, 3.46, 3.36, 3.47, 3.94, 2.59, 1.4, 1.4, 2.17, 2.94, 2.61, 2.31, 2.7, 2.48, 1.46, 0, 1.41, 1.83, 2.25, 2.78, 2.82, 3.03, 3.9, 4.85, 5.64, 6.14, 5.86, 6.13, 6.09, 6.26, 6.03, 6.46, 6.79, 6.67, 6.67, 6.37, 6.26, 6.21, 6.43, 6.25, 6.17, 5.32, 4.41, 2.51, 2.39, 4.48, 3.79, 2.51, 2.69, 2.48, 2.09, 2.15, 2.6, 2.97, 3.35, 4.45, 5.19, 5.26, 5.41, 5.31, 4.33, 4.84, 5.15, 4.87, 4.99, 4.3], [2.84, 3.09, 3.14, 3.24, 3.31, 3.53, 3.31, 3.48, 3.35, 3.67, 4.34, 4.33, 4.35, 4.53, 4.41, 4.32, 4.28, 4.04, 3.73, 3.24, 2.96, 2.81, 2.57, 2.7, 3.03, 1.98, 2.05, 2.29, 3.06, 3.85, 3.6, 3.32, 3.59, 3.43, 2.53, 1.41, 0, 0.76, 1.18, 2.05, 2.45, 2.5, 3.15, 4.14, 4.97, 5.37, 5.13, 5.38, 5.34, 5.53, 5.34, 5.69, 6.02, 5.9, 5.84, 5.52, 5.49, 5.4, 5.64, 5.46, 5.4, 4.67, 3.74, 1.92, 3.54, 5.524, 4.837, 3.24, 3.48, 3.31, 2.68, 2.38, 2.09, 2.36, 2.42, 3.44, 4.08, 4.09, 4.4, 4.36, 3.64, 4.37, 4.66, 4.44, 4.56, 4.01], [3.32, 3.61, 3.7, 3.82, 3.85, 4.07, 3.81, 3.84, 3.55, 3.83, 4.44, 4.41, 4.25, 4.43, 4.31, 4.2, 4.1, 3.82, 3.59, 3.12, 2.76, 2.61, 2.47, 2.64, 2.73, 1.92, 2.45, 2.85, 3.62, 4.41, 4.16, 3.84, 4.19, 4.01, 3.03, 1.83, 0.76, 0, 1.04, 1.93, 2.35, 2.48, 3.01, 3.96, 4.75, 5.11, 4.87, 5.1, 5.08, 5.19, 4.96, 5.31, 5.64, 5.54, 5.44, 5.14, 5.09, 4.98, 5.2, 5.02, 4.98, 4.31, 3.38, 1.68, 4.1, 6.084, 5.397, 3.754, 4.02, 3.867, 3.2, 2.64, 2.03, 2.08, 2.1, 3.04, 3.6, 3.75, 4.04, 3.96, 3.48, 4.25, 4.52, 4.32, 4.44, 3.89], [3.56, 3.71, 3.54, 3.54, 3.71, 3.93, 4.09, 4.5, 4.31, 4.55, 5.16, 5.13, 4.97, 5.15, 5.05, 4.92, 4.64, 4.46, 4.27, 3.78, 3.46, 3.33, 2.97, 3.16, 3.13, 2.22, 2.77, 2.61, 3.46, 4.21, 4.0, 3.8, 3.95, 3.91, 3.17, 2.25, 1.18, 1.04, 0, 1.17, 1.63, 1.78, 2.35, 3.22, 4.03, 4.47, 4.19, 4.46, 4.42, 4.59, 4.42, 4.83, 5.14, 5.0, 5.14, 4.9, 4.63, 4.82, 5.076, 4.92, 4.86, 4.19, 3.28, 1.98, 4.1, 6.03, 5.3, 3.66, 3.92, 3.77, 3.1, 2.6, 2.29, 2.16, 2.02, 3.2, 3.92, 4.15, 4.34, 4.44, 4.12, 4.91, 5.26, 4.98, 5.04, 4.61], [3.91, 3.7, 3.63, 3.77, 3.64, 3.88, 4.68, 5.23, 5.32, 5.62, 6.23, 6.2, 6.02, 6.18, 6.1, 5.95, 5.71, 5.51, 5.3, 4.83, 4.51, 4.36, 4.0, 4.19, 4.18, 3.17, 3.38, 3.06, 3.37, 3.84, 3.71, 3.55, 4.04, 3.96, 3.42, 2.78, 2.05, 1.93, 1.17, 0, 0.9, 1.41, 1.94, 2.73, 3.5, 3.9, 3.72, 4.13, 4.01, 4.14, 4.25, 4.62, 4.87, 4.69, 5.03, 4.79, 4.48, 4.75, 5.05, 4.95, 4.91, 4.28, 3.53, 2.63, 3.73, 5.46, 4.75, 3.27, 3.41, 3.24, 2.77, 2.57, 2.7, 2.63, 2.59, 3.87, 4.69, 5.22, 5.43, 5.51, 5.17, 5.96, 6.31, 6.05, 6.09, 5.64], [3.87, 3.7, 3.61, 3.83, 3.88, 4.0, 4.78, 5.31, 5.62, 5.98, 6.61, 6.58, 6.44, 6.6, 6.52, 6.37, 6.13, 5.93, 5.72, 5.25, 4.93, 4.78, 4.46, 4.63, 4.58, 3.59, 3.26, 3.04, 3.17, 3.84, 3.77, 3.67, 4.22, 4.28, 3.44, 2.82, 2.45, 2.35, 1.63, 0.9, 0, 0.85, 1.48, 2.37, 3.12, 3.64, 3.42, 3.75, 3.63, 3.78, 3.85, 4.2, 4.51, 4.37, 4.63, 4.37, 4.06, 4.41, 4.75, 4.67, 4.65, 3.94, 3.27, 2.71, 3.59, 5.46, 4.71, 3.09, 3.35, 3.16, 2.49, 2.35, 2.64, 2.61, 2.79, 4.11, 4.93, 5.66, 5.83, 5.95, 5.59, 6.38, 6.71, 6.45, 6.51, 6.06], [4.1, 3.99, 4.06, 4.04, 4.25, 4.33, 5.01, 5.46, 5.59, 5.93, 6.56, 6.53, 6.39, 6.55, 6.47, 6.32, 6.04, 5.88, 5.67, 5.2, 4.88, 4.69, 4.33, 4.52, 4.45, 3.54, 3.37, 3.27, 3.3, 4.17, 4.14, 4.08, 4.51, 4.59, 3.73, 3.03, 2.5, 2.48, 1.78, 1.41, 0.85, 0, 1.11, 2.08, 2.91, 3.39, 3.09, 3.4, 3.38, 3.49, 3.4, 3.81, 4.18, 3.98, 4.24, 3.94, 3.73, 4.12, 4.44, 4.38, 4.3, 3.47, 3.04, 2.64, 3.82, 5.807, 5.06, 3.457, 3.697, 3.55, 2.82, 2.44, 2.39, 2.58, 2.78, 3.9, 4.84, 5.59, 5.72, 5.78, 5.44, 6.23, 6.6, 6.38, 6.4, 6.01], [5.07, 4.94, 4.91, 4.97, 5.2, 5.3, 6.06, 6.45, 6.36, 6.72, 7.33, 7.3, 7.14, 7.26, 7.22, 7.03, 6.75, 6.59, 6.38, 5.95, 5.61, 5.42, 5.06, 5.25, 5.18, 4.27, 4.28, 4.22, 3.87, 4.56, 4.81, 4.99, 5.48, 5.58, 4.74, 3.9, 3.15, 3.01, 2.35, 1.94, 1.48, 1.11, 0, 1.21, 1.96, 2.34, 2.14, 2.57, 2.43, 2.5, 2.53, 2.9, 3.19, 3.19, 3.55, 3.27, 3.1, 3.61, 3.83, 3.83, 3.85, 3.44, 3.27, 2.99, 4.11, 5.557, 4.87, 3.37, 3.61, 3.54, 3.15, 2.67, 2.52, 2.93, 3.29, 4.35, 5.33, 6.14, 6.39, 6.51, 6.17, 6.96, 7.31, 7.09, 7.13, 6.72], [6.04, 5.91, 5.86, 5.94, 6.15, 6.27, 7.03, 7.44, 7.41, 7.71, 8.32, 8.29, 8.09, 8.21, 8.17, 7.98, 7.68, 7.54, 7.33, 6.9, 6.56, 6.37, 6.01, 6.16, 6.09, 5.24, 5.25, 5.19, 4.74, 5.17, 5.66, 5.9, 6.45, 6.49, 5.71, 4.85, 4.14, 3.96, 3.22, 2.73, 2.37, 2.08, 1.21, 0, 0.95, 1.47, 1.49, 2.06, 2.06, 1.91, 2.08, 2.47, 2.7, 2.8, 3.34, 3.18, 3.19, 3.7, 3.84, 3.8, 3.84, 3.93, 3.92, 3.76, 4.8, 5.61, 4.86, 3.9, 3.82, 3.97, 3.78, 3.28, 3.25, 3.82, 4.14, 5.24, 6.2, 7.05, 7.2, 7.38, 7.08, 7.89, 8.26, 8.04, 8.06, 7.67], [6.87, 6.72, 6.67, 6.77, 6.96, 7.08, 7.86, 8.29, 8.2, 8.5, 9.09, 9.06, 8.86, 8.96, 8.94, 8.75, 8.43, 8.31, 8.08, 7.67, 7.33, 7.1, 6.68, 6.85, 6.76, 6.01, 6.1, 6.04, 5.57, 5.98, 6.47, 6.71, 7.26, 7.3, 6.52, 5.64, 4.97, 4.75, 4.03, 3.5, 3.12, 2.91, 1.96, 0.95, 0, 0.94, 1.36, 1.67, 1.51, 1.36, 1.71, 1.98, 2.27, 2.35, 2.87, 2.71, 2.84, 3.43, 3.45, 3.57, 3.63, 4.06, 4.49, 4.43, 5.17, 5.74, 5.05, 4.29, 4.25, 4.4, 4.27, 3.97, 3.88, 4.45, 4.77, 5.85, 6.83, 7.66, 7.81, 7.99, 7.77, 8.56, 9.01, 8.79, 8.73, 8.42], [7.37, 7.22, 7.17, 7.25, 7.4, 7.56, 8.36, 8.77, 8.62, 8.92, 9.45, 9.44, 9.1, 9.2, 9.2, 8.99, 8.65, 8.55, 8.3, 8.01, 7.65, 7.32, 6.94, 7.07, 6.98, 6.39, 6.58, 6.52, 6.05, 6.5, 6.91, 7.17, 7.74, 7.76, 7.02, 6.14, 5.37, 5.11, 4.47, 3.9, 3.64, 3.39, 2.34, 1.47, 0.94, 0, 1.06, 1.57, 1.49, 1.04, 1.67, 1.88, 1.89, 2.09, 2.57, 2.49, 2.56, 3.25, 3.25, 3.43, 3.33, 4.16, 4.67, 4.77, 5.59, 5.84, 5.19, 4.75, 4.63, 4.62, 4.73, 4.47, 4.26, 4.67, 4.93, 5.95, 6.95, 7.78, 7.99, 8.19, 7.99, 8.78, 9.23, 9.01, 8.95, 8.64], [7.09, 6.96, 6.91, 6.97, 7.16, 7.3, 8.08, 8.47, 8.32, 8.62, 9.13, 9.12, 8.72, 8.84, 8.88, 8.65, 8.27, 8.17, 7.94, 7.69, 7.33, 6.96, 6.6, 6.69, 6.54, 6.07, 6.28, 6.24, 5.81, 6.32, 6.73, 6.91, 7.48, 7.5, 6.76, 5.86, 5.13, 4.87, 4.19, 3.72, 3.42, 3.09, 2.14, 1.49, 1.36, 1.06, 0, 1.05, 1.15, 1.42, 1.59, 1.9, 1.97, 2.05, 2.67, 2.59, 2.76, 3.23, 3.13, 3.01, 3.13, 3.66, 4.17, 4.45, 5.39, 6.52, 5.756, 4.59, 4.77, 4.76, 4.51, 4.37, 3.98, 4.25, 4.55, 5.55, 6.57, 7.42, 7.53, 7.75, 7.57, 8.34, 8.81, 8.63, 8.53, 8.24], [7.36, 7.29, 7.3, 7.34, 7.59, 7.69, 8.37, 8.74, 8.55, 8.85, 9.36, 9.35, 8.95, 9.05, 9.09, 8.86, 8.5, 8.4, 8.15, 7.92, 7.56, 7.19, 6.83, 6.9, 6.75, 6.3, 6.53, 6.51, 6.22, 6.93, 7.16, 7.34, 7.85, 7.93, 7.11, 6.13, 5.38, 5.1, 4.46, 4.13, 3.75, 3.4, 2.57, 2.06, 1.67, 1.57, 1.05, 0, 0.88, 1.43, 1.42, 1.67, 1.98, 1.82, 2.14, 2.1, 2.23, 3.0, 2.88, 2.86, 3.1, 3.85, 4.32, 4.72, 5.92, 7.18, 6.46, 5.06, 5.42, 5.33, 5.02, 4.58, 4.23, 4.42, 4.76, 5.72, 6.76, 7.61, 7.7, 7.94, 7.78, 8.55, 9.02, 8.86, 8.74, 8.45], [7.32, 7.17, 7.18, 7.24, 7.47, 7.57, 8.31, 8.74, 8.59, 8.87, 9.36, 9.35, 8.93, 9.05, 9.09, 8.86, 8.48, 8.38, 8.15, 7.92, 7.56, 7.19, 6.85, 6.9, 6.73, 6.3, 6.55, 6.49, 6.14, 6.823, 7.1, 7.24, 7.75, 7.81, 6.97, 6.09, 5.34, 5.08, 4.42, 4.01, 3.63, 3.38, 2.43, 2.06, 1.51, 1.49, 1.15, 0.88, 0, 1.25, 1.34, 1.55, 1.92, 1.84, 2.02, 1.94, 2.09, 2.76, 2.64, 2.78, 3.04, 3.69, 4.24, 4.72, 5.78, 6.883, 6.241, 4.92, 5.256, 5.189, 4.9, 4.5, 4.29, 4.4, 4.68, 5.48, 6.54, 7.41, 7.62, 7.88, 7.72, 8.49, 9.0, 8.84, 8.68, 8.45], [7.49, 7.36, 7.31, 7.39, 7.6, 7.72, 8.48, 8.87, 8.62, 8.88, 9.35, 9.34, 8.9, 9.0, 9.04, 8.81, 8.43, 8.33, 8.1, 7.91, 7.55, 7.18, 6.86, 6.85, 6.68, 6.29, 6.68, 6.64, 6.21, 6.84, 7.17, 7.35, 7.9, 7.94, 7.16, 6.26, 5.53, 5.19, 4.59, 4.14, 3.78, 3.49, 2.5, 1.91, 1.36, 1.04, 1.42, 1.43, 1.25, 0, 1.05, 1.5, 1.69, 1.81, 2.01, 1.87, 1.98, 2.69, 2.79, 2.99, 2.91, 3.62, 4.21, 4.77, 5.77, 6.46, 5.77, 4.91, 5.03, 4.96, 4.87, 4.61, 4.26, 4.35, 4.71, 5.61, 6.65, 7.5, 7.59, 7.83, 7.67, 8.44, 8.95, 8.79, 8.63, 8.4], [7.26, 7.25, 7.32, 7.36, 7.59, 7.69, 8.33, 8.64, 8.37, 8.65, 9.12, 9.11, 8.67, 8.79, 8.83, 8.6, 8.2, 8.1, 7.89, 7.68, 7.32, 6.95, 6.63, 6.64, 6.43, 6.06, 6.41, 6.47, 6.28, 6.97, 7.22, 7.38, 7.85, 7.95, 7.07, 6.03, 5.34, 4.96, 4.42, 4.25, 3.85, 3.4, 2.53, 2.08, 1.71, 1.67, 1.59, 1.42, 1.34, 1.05, 0, 0.91, 1.16, 1.3, 1.66, 1.68, 1.77, 2.42, 2.46, 2.52, 2.46, 3.15, 3.84, 4.5, 5.76, 6.71, 6.1, 4.94, 5.18, 5.13, 4.92, 4.5, 4.01, 4.14, 4.46, 5.28, 6.32, 7.17, 7.26, 7.54, 7.44, 8.15, 8.68, 8.54, 8.4, 8.19], [7.69, 7.68, 7.75, 7.79, 8.02, 8.1, 8.76, 9.07, 8.72, 8.92, 9.35, 9.34, 8.9, 8.98, 9.02, 8.79, 8.39, 8.29, 8.16, 7.95, 7.55, 7.18, 6.92, 6.85, 6.62, 6.33, 6.84, 6.9, 6.73, 7.42, 7.71, 7.81, 8.26, 8.36, 7.5, 6.46, 5.69, 5.31, 4.83, 4.62, 4.2, 3.81, 2.9, 2.47, 1.98, 1.88, 1.9, 1.67, 1.55, 1.5, 0.91, 0, 0.83, 1.09, 1.47, 1.57, 1.86, 2.53, 2.27, 2.29, 2.53, 3.26, 3.89, 4.93, 6.31, 7.16, 6.57, 5.49, 5.77, 5.64, 5.45, 4.93, 4.38, 4.35, 4.61, 5.27, 6.37, 7.18, 7.31, 7.67, 7.63, 8.26, 8.87, 8.73, 8.59, 8.38], [8.02, 8.03, 8.06, 8.1, 8.35, 8.45, 9.11, 9.4, 8.97, 9.17, 9.6, 9.59, 9.15, 9.23, 9.27, 9.04, 8.64, 8.54, 8.41, 8.2, 7.8, 7.43, 7.17, 7.1, 6.87, 6.58, 7.15, 7.19, 6.98, 7.57, 7.92, 8.1, 8.61, 8.73, 7.87, 6.79, 6.02, 5.64, 5.14, 4.87, 4.51, 4.18, 3.19, 2.7, 2.27, 1.89, 1.97, 1.98, 1.92, 1.69, 1.16, 0.83, 0, 0.84, 1.4, 1.78, 1.93, 2.54, 2.34, 2.38, 2.38, 3.31, 4.22, 5.22, 6.56, 7.11, 6.52, 5.68, 5.76, 5.71, 5.64, 5.28, 4.65, 4.6, 4.86, 5.58, 6.7, 7.51, 7.62, 7.98, 7.9, 8.59, 9.14, 8.98, 8.84, 8.63], [7.9, 7.85, 7.88, 7.92, 8.17, 8.27, 8.93, 9.28, 8.85, 9.01, 9.38, 9.39, 8.95, 8.95, 8.99, 8.78, 8.36, 8.26, 8.27, 8.02, 7.64, 7.25, 7.03, 6.9, 6.59, 6.44, 7.05, 7.05, 6.84, 7.63, 7.84, 7.92, 8.43, 8.53, 7.67, 6.67, 5.9, 5.54, 5.0, 4.69, 4.37, 3.98, 3.19, 2.8, 2.35, 2.09, 2.05, 1.82, 1.84, 1.81, 1.3, 1.09, 0.84, 0, 1.22, 1.58, 1.67, 2.24, 1.98, 2.02, 2.06, 3.05, 3.9, 5.12, 6.36, 7.33, 6.74, 5.64, 5.76, 5.61, 5.46, 5.1, 4.55, 4.46, 4.68, 5.32, 6.42, 7.23, 7.3, 7.66, 7.6, 8.27, 8.84, 8.7, 8.56, 8.35], [7.84, 7.93, 8.12, 8.24, 8.39, 8.45, 9.01, 9.18, 8.65, 8.81, 9.2, 9.21, 8.77, 8.81, 8.85, 8.62, 8.22, 8.12, 8.07, 7.82, 7.44, 7.05, 6.83, 6.72, 6.45, 6.24, 6.89, 7.31, 7.3, 8.11, 8.28, 8.18, 8.71, 8.67, 7.81, 6.67, 5.84, 5.44, 5.14, 5.03, 4.63, 4.24, 3.55, 3.34, 2.87, 2.57, 2.67, 2.14, 2.02, 2.01, 1.66, 1.47, 1.4, 1.22, 0, 0.94, 1.27, 1.72, 1.56, 1.74, 1.92, 2.97, 3.78, 4.98, 6.54, 7.825, 7.1, 6.08, 6.24, 6.09, 5.8, 5.28, 4.37, 4.26, 4.46, 5.02, 6.18, 7.01, 7.2, 7.52, 7.44, 8.13, 8.7, 8.56, 8.42, 8.21], [7.52, 7.63, 7.88, 7.98, 8.13, 8.21, 8.71, 8.84, 8.33, 8.49, 8.9, 8.89, 8.45, 8.53, 8.57, 8.34, 7.94, 7.84, 7.75, 7.5, 7.12, 6.73, 6.51, 6.4, 6.19, 5.92, 6.55, 7.05, 7.0, 7.77, 7.98, 7.92, 8.45, 8.39, 7.55, 6.37, 5.52, 5.14, 4.9, 4.79, 4.37, 3.94, 3.27, 3.18, 2.71, 2.49, 2.59, 2.1, 1.94, 1.87, 1.68, 1.57, 1.78, 1.58, 0.94, 0, 1.17, 1.64, 1.6, 2.0, 2.06, 2.81, 3.56, 4.64, 6.24, 7.485, 6.82, 5.74, 5.96, 5.81, 5.54, 5.0, 4.05, 3.92, 4.18, 4.86, 5.94, 6.77, 6.96, 7.3, 7.18, 7.91, 8.46, 8.3, 8.14, 7.93], [7.49, 7.5, 7.59, 7.65, 7.86, 7.94, 8.58, 8.85, 8.32, 8.4, 8.79, 8.8, 8.36, 8.42, 8.46, 8.23, 7.83, 7.73, 7.66, 7.41, 7.03, 6.68, 6.44, 6.31, 6.06, 5.83, 6.56, 6.72, 6.683, 7.49, 7.666, 7.65, 8.14, 8.18, 7.32, 6.26, 5.49, 5.09, 4.63, 4.48, 4.06, 3.73, 3.1, 3.19, 2.84, 2.56, 2.76, 2.23, 2.09, 1.98, 1.77, 1.86, 1.93, 1.67, 1.27, 1.17, 0, 1.27, 1.85, 2.21, 2.05, 2.66, 3.45, 4.65, 6.03, 6.993, 6.351, 5.477, 5.56, 5.436, 5.21, 4.77, 4.02, 3.91, 4.05, 4.75, 5.83, 6.64, 6.81, 7.15, 7.05, 7.76, 8.31, 8.17, 8.03, 7.82], [7.32, 7.47, 7.799, 8.036, 8.03, 8.11, 8.53, 8.6, 8.01, 8.09, 8.46, 8.47, 8.03, 7.97, 8.03, 7.84, 7.38, 7.32, 7.35, 7.1, 6.72, 6.37, 6.13, 5.98, 5.61, 5.52, 6.29, 7.086, 7.19, 8.037, 8.13, 7.836, 8.486, 8.25, 7.39, 6.21, 5.4, 4.98, 4.82, 4.75, 4.41, 4.12, 3.61, 3.7, 3.43, 3.25, 3.23, 3.0, 2.76, 2.69, 2.42, 2.53, 2.54, 2.24, 1.72, 1.64, 1.27, 0, 1.28, 1.74, 1.6, 1.99, 2.92, 4.38, 6.39, 7.763, 6.973, 6.081, 6.147, 6.02, 5.67, 5.278, 4.15, 3.7, 3.74, 4.34, 5.38, 6.17, 6.3, 6.64, 6.6, 7.25, 7.86, 7.74, 7.6, 7.43], [7.396, 7.743, 8.056, 8.373, 8.323, 8.386, 8.55, 8.34, 7.67, 7.73, 8.1, 8.11, 7.67, 7.61, 7.67, 7.48, 7.02, 6.96, 6.99, 6.74, 6.42, 6.05, 5.75, 5.62, 5.31, 5.32, 6.25, 7.386, 7.51, 8.357, 8.453, 8.14, 8.79, 8.55, 7.61, 6.43, 5.64, 5.2, 5.076, 5.05, 4.75, 4.44, 3.83, 3.84, 3.45, 3.25, 3.13, 2.88, 2.64, 2.79, 2.46, 2.27, 2.34, 1.98, 1.56, 1.6, 1.85, 1.28, 0, 0.84, 0.98, 1.63, 2.54, 4.4, 6.71, 8.268, 7.592, 6.384, 6.487, 6.34, 5.99, 5.541, 4.45, 3.82, 3.7, 3.86, 4.94, 5.75, 5.88, 6.24, 6.24, 6.85, 7.5, 7.38, 7.24, 7.07], [7.26, 7.61, 7.9, 8.24, 8.23, 8.23, 8.37, 8.1, 7.37, 7.39, 7.76, 7.77, 7.33, 7.37, 7.41, 7.18, 6.78, 6.68, 6.65, 6.4, 6.14, 5.75, 5.43, 5.28, 5.09, 5.08, 6.05, 7.23, 7.48, 8.33, 8.38, 8.02, 8.63, 8.39, 7.45, 6.25, 5.46, 5.02, 4.92, 4.95, 4.67, 4.38, 3.83, 3.8, 3.57, 3.43, 3.01, 2.86, 2.78, 2.99, 2.52, 2.29, 2.38, 2.02, 1.74, 2.0, 2.21, 1.74, 0.84, 0, 0.9, 1.67, 2.38, 4.22, 6.74, 8.639, 7.966, 6.435, 6.718, 6.545, 6.02, 5.613, 4.41, 3.7, 3.52, 3.66, 4.76, 5.57, 5.68, 6.04, 6.0, 6.65, 7.26, 7.12, 6.98, 6.77], [7.18, 7.53, 7.82, 8.16, 8.13, 8.15, 8.29, 7.98, 7.21, 7.25, 7.58, 7.57, 7.13, 7.11, 7.15, 6.94, 6.52, 6.42, 6.49, 6.28, 5.94, 5.57, 5.29, 5.12, 4.83, 4.96, 5.97, 7.15, 7.38, 8.23, 8.28, 7.92, 8.55, 8.35, 7.39, 6.17, 5.4, 4.98, 4.86, 4.91, 4.65, 4.3, 3.85, 3.84, 3.63, 3.33, 3.13, 3.1, 3.04, 2.91, 2.46, 2.53, 2.38, 2.06, 1.92, 2.06, 2.05, 1.6, 0.98, 0.9, 0, 1.53, 2.32, 4.14, 6.6, 8.21, 7.48, 6.32, 6.4, 6.23, 5.86, 5.52, 4.31, 3.6, 3.5, 3.48, 4.6, 5.41, 5.5, 5.86, 5.78, 6.47, 7.02, 6.86, 6.72, 6.53], [6.25, 6.62, 6.93, 7.23, 7.2, 7.2, 7.3, 7.09, 6.36, 6.32, 6.67, 6.66, 6.22, 6.16, 6.22, 6.03, 5.49, 5.47, 5.6, 5.39, 5.09, 4.74, 4.4, 4.21, 3.9, 4.01, 5.02, 6.22, 6.47, 7.36, 7.35, 7.07, 7.62, 7.48, 6.48, 5.32, 4.67, 4.31, 4.19, 4.28, 3.94, 3.47, 3.44, 3.93, 4.06, 4.16, 3.66, 3.85, 3.69, 3.62, 3.15, 3.26, 3.31, 3.05, 2.97, 2.81, 2.66, 1.99, 1.63, 1.67, 1.53, 0, 1.27, 3.19, 5.83, 7.88, 7.067, 5.69, 5.91, 5.64, 4.97, 4.67, 3.44, 2.73, 2.71, 2.65, 3.65, 4.44, 4.43, 4.73, 4.77, 5.34, 6.01, 5.89, 5.81, 5.62], [5.22, 5.69, 5.92, 6.18, 6.13, 6.13, 6.27, 6.06, 5.27, 5.27, 5.64, 5.65, 5.25, 5.17, 5.23, 5.04, 4.56, 4.5, 4.53, 4.28, 4.0, 3.59, 3.29, 3.16, 2.85, 2.92, 3.87, 5.19, 5.58, 6.49, 6.38, 6.14, 6.63, 6.47, 5.41, 4.41, 3.74, 3.38, 3.28, 3.53, 3.27, 3.04, 3.27, 3.92, 4.49, 4.67, 4.17, 4.32, 4.24, 4.21, 3.84, 3.89, 4.22, 3.9, 3.78, 3.56, 3.45, 2.92, 2.54, 2.38, 2.32, 1.27, 0, 2.24, 5.66, 7.723, 6.968, 5.397, 5.637, 5.398, 4.606, 4.04, 2.83, 1.86, 1.74, 2.02, 2.9, 3.65, 3.64, 3.86, 3.88, 4.39, 5.04, 4.92, 4.78, 4.61], [3.18, 3.63, 3.84, 4.08, 4.07, 4.05, 4.23, 4.3, 3.93, 4.19, 4.68, 4.67, 4.45, 4.55, 4.51, 4.32, 4.16, 3.96, 3.67, 3.26, 2.94, 2.69, 2.47, 2.66, 2.89, 1.92, 2.05, 3.11, 3.48, 4.41, 4.3, 4.1, 4.59, 4.47, 3.49, 2.51, 1.92, 1.68, 1.98, 2.63, 2.71, 2.64, 2.99, 3.76, 4.43, 4.77, 4.45, 4.72, 4.72, 4.77, 4.5, 4.93, 5.22, 5.12, 4.98, 4.64, 4.65, 4.38, 4.4, 4.22, 4.14, 3.19, 2.24, 0, 3.58, 5.71, 4.96, 3.4, 3.64, 3.41, 2.6, 2.0, 1.13, 1.34, 1.78, 3.32, 3.94, 4.19, 4.26, 4.14, 3.68, 4.31, 4.62, 4.42, 4.46, 3.99], [2.48, 2.03, 2.36, 2.64, 2.39, 2.33, 3.17, 3.72, 4.47, 5.05, 5.76, 5.95, 6.03, 6.29, 6.11, 6.26, 6.6, 6.36, 5.93, 5.3, 5.38, 5.39, 5.49, 5.66, 6.17, 4.74, 2.91, 2.27, 1.92, 1.95, 2.06, 1.84, 2.41, 2.37, 1.97, 2.39, 3.54, 4.1, 4.1, 3.73, 3.59, 3.82, 4.11, 4.8, 5.17, 5.59, 5.39, 5.92, 5.78, 5.77, 5.76, 6.31, 6.56, 6.36, 6.54, 6.24, 6.03, 6.39, 6.71, 6.74, 6.6, 5.83, 5.66, 3.58, 0, 2.23, 1.84, 1.12, 1.52, 1.49, 1.42, 1.98, 2.91, 4.2, 5.06, 6.72, 7.48, 7.55, 7.62, 7.58, 6.546, 6.77, 6.98, 6.66, 6.84, 6.11], [4.05, 3.6, 3.75, 3.91, 3.76, 3.7, 4.6, 5.11, 6.0, 6.62, 7.39, 7.62, 7.76, 8.02, 7.8, 8.17, 8.71, 8.45, 8.04, 7.41, 7.49, 7.5, 7.58, 7.75, 8.26, 6.81, 4.76, 3.78, 3.13, 2.5, 3.01, 3.07, 3.22, 3.38, 3.48, 4.48, 5.524, 6.084, 6.03, 5.46, 5.46, 5.807, 5.557, 5.61, 5.74, 5.84, 6.52, 7.18, 6.883, 6.46, 6.71, 7.16, 7.11, 7.33, 7.825, 7.485, 6.993, 7.763, 8.268, 8.639, 8.21, 7.88, 7.723, 5.71, 2.23, 0, 1.11, 2.47, 2.23, 2.34, 3.17, 3.77, 4.969, 6.33, 7.07, 8.65, 9.402, 9.452, 9.744, 9.704, 8.626, 8.916, 9.13, 8.77, 8.89, 8.18], [4.0, 3.55, 3.72, 3.86, 3.71, 3.65, 4.63, 5.14, 5.95, 6.55, 7.28, 7.53, 7.61, 7.85, 7.63, 7.68, 7.96, 7.78, 7.43, 6.86, 6.84, 6.73, 6.81, 6.98, 7.49, 6.06, 4.19, 3.33, 2.74, 2.41, 2.86, 3.16, 3.35, 3.53, 3.35, 3.79, 4.837, 5.397, 5.3, 4.75, 4.71, 5.06, 4.87, 4.86, 5.05, 5.19, 5.756, 6.46, 6.241, 5.77, 6.1, 6.57, 6.52, 6.74, 7.1, 6.82, 6.351, 6.973, 7.592, 7.966, 7.48, 7.067, 6.968, 4.96, 1.84, 1.11, 0, 1.74, 1.56, 1.65, 2.4, 3.02, 4.23, 5.58, 6.36, 8.0, 8.734, 8.79, 9.0, 8.937, 7.877, 8.13, 8.4, 8.12, 8.26, 7.51], [3.22, 2.79, 2.9, 3.2, 3.07, 3.01, 3.99, 4.54, 5.21, 5.75, 6.46, 6.57, 6.63, 6.85, 6.71, 6.66, 6.72, 6.5, 6.17, 5.68, 5.52, 5.29, 5.27, 5.44, 5.91, 4.6, 3.03, 2.33, 2.04, 2.25, 2.46, 2.58, 3.07, 3.17, 2.65, 2.51, 3.24, 3.754, 3.66, 3.27, 3.09, 3.457, 3.37, 3.9, 4.29, 4.75, 4.59, 5.06, 4.92, 4.91, 4.94, 5.49, 5.68, 5.64, 6.08, 5.74, 5.477, 6.081, 6.384, 6.435, 6.32, 5.69, 5.397, 3.4, 1.12, 2.47, 1.74, 0, 0.96, 1.13, 1.06, 1.7, 2.67, 3.96, 4.76, 6.46, 7.203, 7.253, 7.38, 7.34, 6.38, 6.87, 7.16, 6.96, 7.06, 6.33], [3.42, 3.09, 3.1, 3.44, 3.31, 3.29, 4.29, 4.86, 5.41, 5.95, 6.66, 6.77, 6.85, 7.07, 6.91, 6.88, 7.08, 6.88, 6.55, 6.0, 5.82, 5.65, 5.53, 5.68, 6.15, 4.82, 3.17, 2.63, 2.2, 2.23, 2.68, 2.92, 3.47, 3.55, 2.95, 2.69, 3.48, 4.02, 3.92, 3.41, 3.35, 3.697, 3.61, 3.82, 4.25, 4.63, 4.77, 5.42, 5.256, 5.03, 5.18, 5.77, 5.76, 5.76, 6.24, 5.96, 5.56, 6.147, 6.487, 6.718, 6.4, 5.91, 5.637, 3.64, 1.52, 2.23, 1.56, 0.96, 0, 0.83, 1.3, 1.9, 2.91, 4.2, 5.02, 6.7, 7.446, 7.496, 7.62, 7.58, 6.72, 7.25, 7.5, 7.24, 7.34, 6.61], [3.33, 3.0, 3.01, 3.33, 3.24, 3.28, 4.14, 4.69, 5.34, 5.76, 6.45, 6.5, 6.58, 6.8, 6.6, 6.61, 6.85, 6.65, 6.32, 5.77, 5.65, 5.4, 5.3, 5.41, 5.92, 4.53, 3.0, 2.46, 2.15, 2.34, 2.71, 2.97, 3.42, 3.56, 2.9, 2.48, 3.31, 3.867, 3.77, 3.24, 3.16, 3.55, 3.54, 3.97, 4.4, 4.62, 4.76, 5.33, 5.189, 4.96, 5.13, 5.64, 5.71, 5.61, 6.09, 5.81, 5.436, 6.02, 6.34, 6.545, 6.23, 5.64, 5.398, 3.41, 1.49, 2.34, 1.65, 1.13, 0.83, 0, 1.13, 1.63, 2.74, 4.05, 4.81, 6.47, 7.167, 7.22, 7.45, 7.37, 6.47, 7.02, 7.29, 7.03, 7.11, 6.34], [2.84, 2.69, 2.6, 2.86, 2.87, 2.87, 3.73, 4.34, 4.75, 5.13, 5.78, 5.81, 5.87, 6.07, 5.95, 5.86, 5.96, 5.74, 5.39, 4.88, 4.78, 4.57, 4.49, 4.64, 5.09, 3.78, 2.49, 2.09, 1.92, 2.49, 2.58, 2.7, 3.25, 3.33, 2.53, 2.09, 2.68, 3.2, 3.1, 2.77, 2.49, 2.82, 3.15, 3.78, 4.27, 4.73, 4.51, 5.02, 4.9, 4.87, 4.92, 5.45, 5.64, 5.46, 5.8, 5.54, 5.21, 5.67, 5.99, 6.02, 5.86, 4.97, 4.606, 2.6, 1.42, 3.17, 2.4, 1.06, 1.3, 1.13, 0, 1.12, 2.05, 3.24, 4.12, 5.8, 6.457, 6.556, 6.68, 6.56, 5.56, 6.09, 6.36, 6.16, 6.26, 5.59], [2.98, 2.89, 3.02, 3.1, 3.13, 3.21, 3.91, 4.52, 4.63, 4.97, 5.58, 5.55, 5.47, 5.69, 5.53, 5.48, 5.64, 5.44, 5.11, 4.56, 4.4, 4.05, 3.99, 4.18, 4.59, 3.28, 2.51, 2.37, 2.28, 3.01, 3.08, 3.14, 3.61, 3.67, 2.77, 2.15, 2.38, 2.64, 2.6, 2.57, 2.35, 2.44, 2.67, 3.28, 3.97, 4.47, 4.37, 4.58, 4.5, 4.61, 4.5, 4.93, 5.28, 5.1, 5.28, 5.0, 4.77, 5.278, 5.541, 5.613, 5.52, 4.67, 4.04, 2.0, 1.98, 3.77, 3.02, 1.7, 1.9, 1.63, 1.12, 0, 1.45, 2.68, 3.56, 5.24, 5.88, 6.01, 6.12, 6.0, 5.24, 5.73, 6.02, 5.76, 5.86, 5.13], [3.51, 3.66, 4.01, 4.09, 4.2, 4.28, 4.68, 4.89, 4.42, 4.7, 5.27, 5.24, 5.02, 5.12, 5.1, 4.91, 4.75, 4.59, 4.28, 3.85, 3.61, 3.28, 2.94, 3.11, 3.48, 2.53, 2.72, 3.16, 3.19, 4.04, 4.13, 4.01, 4.58, 4.5, 3.6, 2.6, 2.09, 2.03, 2.29, 2.7, 2.64, 2.39, 2.52, 3.25, 3.88, 4.26, 3.98, 4.23, 4.29, 4.26, 4.01, 4.38, 4.65, 4.55, 4.37, 4.05, 4.02, 4.15, 4.45, 4.41, 4.31, 3.44, 2.83, 1.13, 2.91, 4.969, 4.23, 2.67, 2.91, 2.74, 2.05, 1.45, 0, 1.43, 2.29, 3.93, 4.67, 4.74, 4.87, 4.79, 4.13, 4.82, 5.19, 4.95, 4.95, 4.58], [3.8, 4.13, 4.34, 4.56, 4.61, 4.65, 5.03, 4.94, 4.41, 4.57, 5.02, 5.01, 4.59, 4.65, 4.69, 4.46, 4.1, 4.02, 3.83, 3.6, 3.22, 2.85, 2.59, 2.54, 2.45, 2.26, 2.79, 3.65, 3.94, 4.85, 4.7, 4.48, 5.09, 4.91, 3.99, 2.97, 2.36, 2.08, 2.16, 2.63, 2.61, 2.58, 2.93, 3.82, 4.45, 4.67, 4.25, 4.42, 4.4, 4.35, 4.14, 4.35, 4.6, 4.46, 4.26, 3.92, 3.91, 3.7, 3.82, 3.7, 3.6, 2.73, 1.86, 1.34, 4.2, 6.33, 5.58, 3.96, 4.2, 4.05, 3.24, 2.68, 1.43, 0, 1.08, 2.6, 3.28, 3.73, 3.74, 3.76, 3.44, 4.17, 4.64, 4.46, 4.32, 4.05], [4.24, 4.55, 4.6, 4.82, 4.93, 4.93, 5.11, 5.1, 4.33, 4.35, 4.74, 4.75, 4.31, 4.41, 4.45, 4.22, 3.82, 3.72, 3.63, 3.38, 3.02, 2.67, 2.39, 2.3, 2.17, 2.06, 2.99, 3.81, 4.44, 5.25, 5.16, 4.98, 5.31, 5.17, 4.21, 3.35, 2.42, 2.1, 2.02, 2.59, 2.79, 2.78, 3.29, 4.14, 4.77, 4.93, 4.55, 4.76, 4.68, 4.71, 4.46, 4.61, 4.86, 4.68, 4.46, 4.18, 4.05, 3.74, 3.7, 3.52, 3.5, 2.71, 1.74, 1.78, 5.06, 7.07, 6.36, 4.76, 5.02, 4.81, 4.12, 3.56, 2.29, 1.08, 0, 1.98, 2.74, 3.27, 3.36, 3.42, 3.18, 3.91, 4.34, 4.16, 4.06, 3.81], [5.7, 6.17, 6.32, 6.36, 6.51, 6.67, 6.21, 5.5, 4.33, 4.27, 4.54, 4.43, 3.99, 3.91, 3.97, 3.76, 3.28, 3.2, 3.45, 3.36, 3.12, 2.71, 2.29, 2.1, 1.95, 2.72, 4.49, 5.41, 6.24, 7.03, 6.78, 6.48, 6.73, 6.59, 5.61, 4.45, 3.44, 3.04, 3.2, 3.87, 4.11, 3.9, 4.35, 5.24, 5.85, 5.95, 5.55, 5.72, 5.48, 5.61, 5.28, 5.27, 5.58, 5.32, 5.02, 4.86, 4.75, 4.34, 3.86, 3.66, 3.48, 2.65, 2.02, 3.32, 6.72, 8.65, 8.0, 6.46, 6.7, 6.47, 5.8, 5.24, 3.93, 2.6, 1.98, 0, 1.36, 2.11, 2.36, 2.6, 2.56, 3.21, 3.78, 3.62, 3.6, 3.41], [6.255, 6.91, 6.96, 6.98, 7.03, 7.25, 6.73, 5.88, 4.67, 4.27, 4.16, 3.83, 3.25, 3.19, 3.29, 2.9, 2.34, 2.44, 2.97, 3.22, 3.04, 2.89, 2.59, 2.44, 2.05, 3.24, 5.07, 6.07, 6.8, 7.59, 7.34, 7.22, 7.47, 7.33, 6.29, 5.19, 4.08, 3.6, 3.92, 4.69, 4.93, 4.84, 5.33, 6.2, 6.83, 6.95, 6.57, 6.76, 6.54, 6.65, 6.32, 6.37, 6.7, 6.42, 6.18, 5.94, 5.83, 5.38, 4.94, 4.76, 4.6, 3.65, 2.9, 3.94, 7.48, 9.402, 8.734, 7.203, 7.446, 7.167, 6.457, 5.88, 4.67, 3.28, 2.74, 1.36, 0, 1.15, 1.38, 1.54, 1.66, 2.13, 2.66, 2.72, 2.96, 2.97], [6.425, 6.946, 7.048, 6.99, 7.138, 7.34, 6.798, 5.97, 4.7, 4.26, 4.19, 3.66, 3.02, 3.0, 3.04, 2.63, 2.11, 2.27, 2.82, 3.17, 3.01, 2.88, 2.62, 2.47, 2.18, 3.35, 5.24, 6.06, 6.928, 7.68, 7.47, 7.29, 7.42, 7.3, 6.38, 5.26, 4.09, 3.75, 4.15, 5.22, 5.66, 5.59, 6.14, 7.05, 7.66, 7.78, 7.42, 7.61, 7.41, 7.5, 7.17, 7.18, 7.51, 7.23, 7.01, 6.77, 6.64, 6.17, 5.75, 5.57, 5.41, 4.44, 3.65, 4.19, 7.55, 9.452, 8.79, 7.253, 7.496, 7.22, 6.556, 6.01, 4.74, 3.73, 3.27, 2.11, 1.15, 0, 0.85, 0.85, 1.51, 1.98, 2.13, 2.59, 2.67, 2.82], [6.432, 7.01, 7.021, 6.927, 7.19, 7.31, 6.87, 6.012, 4.65, 4.07, 3.88, 3.39, 2.79, 2.75, 2.83, 2.52, 1.96, 2.1, 2.59, 2.88, 2.8, 2.7, 2.55, 2.42, 2.13, 3.3, 5.222, 6.134, 6.94, 7.71, 7.44, 7.36, 7.51, 7.35, 6.45, 5.41, 4.4, 4.04, 4.34, 5.43, 5.83, 5.72, 6.39, 7.2, 7.81, 7.99, 