[[0, 0.6, 1.01, 1.59, 1.83, 2.02, 2.32, 2.61, 2.69, 2.53, 2.63, 3.52, 4.5, 5.14, 5.4, 5.89, 5.35, 2.94, 2.61, 2.11, 2.33, 1.9, 1.37, 1.48, 1.95, 1.91, 2.01, 1.54, 1.3, 1.33, 1.86, 1.69, 1.05, 1.72, 2.71, 2.94, 2.6, 2.85, 2.41, 1.81, 1.82, 2.17, 2.0, 1.91, 1.93, 1.98, 2.1, 2.87, 2.86, 2.8, 2.83, 2.49, 2.51, 2.86, 2.73, 3.11, 2.55, 3.34, 4.0, 4.17, 5.12, 4.46, 3.86, 3.62, 3.62, 3.87, 4.17, 3.89, 3.51, 3.93, 4.732, 5.709, 5.136, 4.41, 4.22, 4.43, 4.27, 3.53, 2.88, 2.42, 2.71, 2.29, 2.6, 3.71, 3.74, 3.94], [0.6, 0, 0.93, 1.49, 1.81, 2.0, 2.22, 2.57, 2.71, 2.49, 2.65, 3.62, 4.54, 5.16, 5.44, 5.93, 5.39, 3.0, 2.61, 2.03, 2.21, 1.8, 1.37, 1.62, 2.09, 2.03, 1.97, 1.54, 1.3, 1.27, 1.72, 1.67, 1.15, 1.56, 2.55, 2.82, 2.44, 2.75, 2.27, 1.71, 1.84, 2.07, 1.86, 1.73, 1.73, 1.78, 1.86, 2.57, 2.72, 2.64, 2.67, 2.23, 2.37, 2.7, 2.65, 2.99, 2.41, 3.3, 3.9, 4.01, 5.02, 4.3, 3.72, 3.5, 3.58, 3.71, 4.01, 3.73, 3.29, 3.83, 4.729, 5.669, 5.13, 4.45, 4.34, 4.51, 4.41, 3.67, 2.92, 2.54, 2.75, 2.45, 2.72, 3.81, 3.84, 4.04], [1.01, 0.93, 0, 1.18, 1.52, 1.89, 2.03, 2.6, 2.86, 2.78, 2.96, 4.09, 5.13, 5.77, 6.03, 6.5, 5.96, 3.57, 2.66, 1.9, 1.92, 1.39, 1.22, 1.73, 2.2, 2.18, 2.42, 1.99, 1.71, 1.44, 1.51, 1.66, 1.4, 1.49, 2.18, 2.39, 2.11, 2.3, 1.9, 1.38, 1.79, 2.34, 2.27, 2.12, 2.14, 2.13, 1.73, 2.52, 2.63, 2.31, 2.36, 2.06, 2.3, 2.85, 3.04, 3.429, 2.669, 2.95, 3.47, 3.66, 4.65, 4.07, 3.53, 3.55, 3.67, 3.86, 4.1, 3.817, 3.36, 4.065, 5.347, 6.342, 5.832, 5.04, 4.83, 4.96, 4.78, 4.12, 3.47, 2.91, 3.08, 2.82, 3.19, 4.3, 4.33, 4.53], [1.59, 1.49, 1.18, 0, 1.02, 1.15, 1.53, 2.5, 2.8, 2.8, 3.0, 4.27, 5.33, 6.01, 6.33, 6.86, 6.3, 3.81, 2.26, 1.62, 1.46, 1.01, 1.64, 2.15, 2.56, 2.36, 2.46, 1.93, 1.67, 1.34, 1.35, 1.52, 1.56, 1.57, 1.9, 1.93, 1.77, 1.72, 1.46, 1.18, 2.01, 2.54, 2.35, 2.18, 2.32, 2.35, 1.37, 1.98, 2.21, 2.27, 2.22, 1.6, 2.36, 3.15, 3.359, 3.797, 3.137, 3.05, 3.77, 3.72, 4.75, 4.13, 3.69, 3.61, 3.509, 3.659, 3.72, 3.7, 3.489, 4.066, 5.596, 6.636, 6.066, 5.32, 5.09, 5.04, 4.7, 4.06, 3.45, 2.77, 2.86, 2.72, 3.37, 4.54, 4.55, 4.75], [1.83, 1.81, 1.52, 1.02, 0, 1.03, 1.41, 2.12, 2.46, 2.48, 2.76, 3.99, 5.05, 5.73, 6.05, 6.6, 6.02, 3.53, 2.02, 1.46, 1.4, 1.09, 1.92, 2.39, 2.86, 2.76, 2.773, 2.23, 1.91, 1.6, 1.55, 1.52, 1.48, 1.51, 1.64, 1.59, 1.53, 1.66, 1.74, 1.72, 2.25, 2.78, 2.57, 2.34, 2.36, 2.33, 1.77, 2.46, 2.83, 2.87, 2.86, 1.94, 2.24, 2.99, 3.18, 3.64, 3.451, 3.53, 4.17, 4.16, 5.13, 4.55, 4.03, 3.85, 3.69, 3.5, 3.64, 3.657, 3.26, 3.846, 5.308, 6.359, 5.87, 5.16, 4.85, 4.74, 4.2, 3.58, 3.07, 2.47, 2.84, 2.7, 3.41, 4.46, 4.23, 4.45], [2.02, 2.0, 1.89, 1.15, 1.03, 0, 0.92, 1.83, 2.17, 2.31, 2.63, 4.02, 5.1, 5.78, 6.08, 6.61, 6.066, 3.58, 2.05, 1.41, 1.59, 1.56, 2.19, 2.7, 3.03, 2.87, 2.77, 2.2, 1.8, 1.37, 1.62, 1.61, 1.53, 1.8, 1.77, 1.64, 1.78, 1.85, 1.87, 1.43, 2.0, 2.55, 2.24, 2.03, 2.21, 2.34, 1.64, 2.45, 2.76, 3.06, 3.11, 1.91, 2.27, 3.02, 3.37, 3.75, 3.53, 3.94, 4.74, 4.71, 5.72, 4.94, 4.4, 4.12, 3.92, 3.51, 3.57, 3.47, 3.15, 3.753, 5.394, 6.306, 5.656, 5.034, 4.865, 4.67, 4.17, 3.45, 2.88, 2.3, 2.47, 2.33, 3.38, 4.49, 4.28, 4.52], [2.32, 2.22, 2.03, 1.53, 1.41, 0.92, 0, 1.35, 1.83, 2.01, 2.51, 4.0, 5.14, 5.84, 6.06, 6.57, 6.03, 3.58, 2.13, 1.39, 1.59, 1.64, 2.49, 3.14, 3.45, 3.25, 3.09, 2.46, 2.16, 1.89, 1.84, 1.83, 1.81, 1.78, 1.77, 1.6, 1.78, 1.95, 1.83, 1.55, 2.18, 2.79, 2.42, 2.23, 2.41, 2.62, 1.96, 2.53, 3.0, 3.2, 3.19, 1.69, 2.27, 2.98, 3.35, 3.73, 3.45, 4.22, 4.96, 5.01, 6.0, 5.34, 4.72, 4.58, 4.42, 3.89, 3.71, 3.71, 3.35, 3.953, 5.42, 6.34, 5.742, 5.02, 4.82, 4.81, 4.35, 3.63, 3.02, 2.46, 2.35, 2.45, 3.48, 4.53, 4.24, 4.48], [2.61, 2.57, 2.6, 2.5, 2.12, 1.83, 1.35, 0, 0.76, 1.02, 1.54, 2.87, 4.11, 4.89, 5.09, 5.56, 4.98, 2.61, 1.9, 1.56, 1.96, 2.39, 3.08, 3.65, 4.14, 4.02, 3.4, 2.83, 2.61, 2.6, 2.15, 1.82, 1.94, 1.75, 2.1, 1.99, 2.15, 2.82, 2.9, 2.08, 2.41, 2.94, 2.55, 2.5, 2.36, 2.57, 2.97, 3.76, 4.27, 4.47, 4.28, 2.48, 2.26, 2.53, 2.72, 3.12, 3.24, 5.25, 5.91, 6.0, 7.03, 6.45, 5.79, 5.55, 5.23, 4.62, 4.4, 3.82, 3.72, 3.44, 4.36, 5.377, 5.321, 4.44, 4.01, 3.92, 3.44, 3.04, 2.55, 2.01, 2.06, 2.08, 2.97, 3.7, 3.37, 3.55], [2.69, 2.71, 2.86, 2.8, 2.46, 2.17, 1.83, 0.76, 0, 0.72, 1.16, 2.33, 3.63, 4.49, 4.65, 5.08, 4.5, 2.19, 2.1, 1.78, 2.14, 2.57, 3.38, 3.93, 4.44, 4.32, 3.68, 3.09, 2.87, 2.88, 2.33, 2.04, 2.06, 1.91, 2.4, 2.37, 2.53, 3.14, 3.1, 2.3, 2.19, 2.72, 2.57, 2.58, 2.38, 2.39, 3.25, 4.0, 4.51, 4.71, 4.62, 2.76, 2.46, 2.43, 2.56, 2.88, 3.46, 5.63, 6.25, 6.26, 7.27, 6.69, 6.05, 5.83, 5.49, 4.9, 4.68, 3.96, 3.94, 3.5, 3.868, 4.931, 4.961, 4.035, 3.65, 3.44, 2.96, 2.66, 2.23, 1.75, 1.8, 1.96, 2.51, 3.32, 3.03, 3.17], [2.53, 2.49, 2.78, 2.8, 2.48, 2.31, 2.01, 1.02, 0.72, 0, 0.82, 2.07, 3.25, 4.19, 4.31, 4.78, 4.18, 1.85, 1.9, 1.66, 2.18, 2.71, 3.18, 3.61, 4.14, 3.98, 3.34, 2.77, 2.65, 2.8, 2.29, 2.04, 2.0, 1.87, 2.56, 2.45, 2.65, 3.42, 3.32, 2.34, 2.11, 2.58, 2.47, 2.52, 2.32, 2.37, 3.23, 4.08, 4.57, 4.77, 4.58, 2.74, 2.18, 2.19, 2.36, 2.66, 3.12, 5.39, 5.97, 6.04, 7.15, 6.59, 5.95, 5.73, 5.35, 4.78, 4.6, 3.88, 3.88, 3.5, 3.636, 4.705, 4.601, 3.655, 3.19, 3.16, 2.88, 2.54, 2.15, 1.61, 1.56, 1.74, 2.21, 2.98, 2.63, 2.77], [2.63, 2.65, 2.96, 3.0, 2.76, 2.63, 2.51, 1.54, 1.16, 0.82, 0, 1.69, 2.95, 3.93, 4.05, 4.38, 3.84, 1.79, 2.14, 1.9, 2.5, 3.17, 3.44, 3.65, 4.1, 3.92, 3.24, 2.79, 2.73, 2.92, 2.55, 2.34, 2.3, 2.29, 3.06, 2.95, 3.17, 3.82, 3.74, 2.7, 2.47, 2.74, 2.69, 2.74, 2.56, 2.49, 3.49, 4.36, 4.83, 5.03, 4.84, 3.08, 2.32, 2.43, 2.54, 2.88, 3.28, 5.53, 6.15, 6.28, 7.39, 6.83, 6.13, 5.85, 5.53, 4.94, 4.76, 4.04, 4.1, 3.7, 3.39, 4.311, 4.221, 3.3, 2.93, 2.92, 2.66, 2.36, 1.83, 1.55, 1.62, 1.7, 2.21, 2.78, 2.47, 2.61], [3.52, 3.62, 4.09, 4.27, 3.99, 4.02, 4.0, 2.87, 2.33, 2.07, 1.69, 0, 1.7, 2.66, 2.84, 3.19, 2.59, 1.24, 2.29, 3.13, 3.69, 4.32, 4.43, 4.38, 4.47, 4.21, 3.49, 3.2, 3.4, 3.75, 3.66, 3.43, 3.39, 3.52, 4.35, 4.38, 4.56, 5.31, 5.19, 4.03, 3.46, 3.49, 3.38, 3.45, 3.35, 3.26, 4.46, 5.39, 5.78, 5.96, 5.91, 4.17, 2.97, 2.74, 2.91, 2.71, 3.69, 6.3, 6.76, 6.77, 7.9, 7.38, 6.58, 6.32, 5.9, 5.41, 5.21, 4.45, 4.49, 3.79, 2.68, 2.987, 3.214, 2.43, 2.02, 2.01, 1.97, 1.95, 2.06, 2.26, 2.57, 2.53, 1.9, 2.03, 1.82, 1.92], [4.5, 4.54, 5.13, 5.33, 5.05, 5.1, 5.14, 4.11, 3.63, 3.25, 2.95, 1.7, 0, 1.18, 1.32, 1.81, 1.27, 1.74, 3.51, 4.19, 4.77, 5.4, 5.37, 5.1, 5.05, 4.67, 3.45, 3.78, 4.1, 4.61, 4.64, 4.43, 4.51, 4.64, 5.49, 5.46, 5.64, 6.41, 6.33, 5.13, 4.56, 4.45, 4.34, 4.43, 4.29, 4.12, 5.48, 6.31, 6.56, 6.76, 6.71, 4.95, 3.73, 3.22, 3.25, 2.95, 3.93, 6.58, 7.1, 6.91, 8.04, 7.56, 6.52, 6.22, 5.82, 5.29, 5.01, 4.31, 4.33, 3.73, 2.36, 1.82, 1.67, 1.29, 1.24, 1.59, 1.95, 2.25, 2.8, 3.38, 3.65, 3.65, 2.36, 1.83, 1.86, 1.82], [5.14, 5.16, 5.77, 6.01, 5.73, 5.78, 5.84, 4.89, 4.49, 4.19, 3.93, 2.66, 1.18, 0, 0.64, 1.03, 0.83, 2.66, 4.43, 4.99, 5.47, 6.12, 6.03, 5.72, 5.45, 5.13, 3.89, 4.38, 4.7, 5.23, 5.4, 5.31, 5.19, 5.48, 6.37, 6.3, 6.46, 7.09, 6.99, 5.83, 5.205, 5.07, 4.932, 5.048, 4.888, 4.724, 6.036, 6.869, 7.06, 7.24, 7.19, 5.39, 4.35, 3.8, 3.73, 3.27, 4.37, 6.88, 7.46, 7.29, 8.28, 7.7, 6.6, 6.22, 5.84, 5.27, 4.99, 4.35, 4.39, 3.93, 2.36, 1.34, 1.35, 1.39, 1.72, 2.05, 2.43, 2.89, 3.44, 4.18, 4.41, 4.35, 3.2, 2.29, 2.4, 2.16], [5.4, 5.44, 6.03, 6.33, 6.05, 6.08, 6.06, 5.09, 4.65, 4.31, 4.05, 2.84, 1.32, 0.64, 0, 0.71, 0.79, 2.88, 4.67, 5.23, 5.79, 6.4, 6.37, 6.06, 5.77, 5.45, 4.23, 4.72, 5.04, 5.57, 5.7, 5.55, 5.43, 5.7, 6.57, 6.56, 6.72, 7.41, 7.27, 6.11, 5.54, 5.41, 5.268, 5.388, 5.221, 5.064, 6.376, 7.209, 7.38, 7.52, 7.43, 5.69, 4.53, 3.88, 3.97, 3.45, 4.49, 7.0, 7.56, 7.41, 8.4, 7.9, 6.78, 6.4, 6.02, 5.45, 5.17, 4.55, 4.61, 4.05, 2.38, 1.3, 1.35, 1.43, 1.72, 2.01, 2.47, 3.15, 3.7, 4.42, 4.69, 4.61, 3.44, 2.57, 2.62, 2.42], [5.89, 5.93, 6.5, 6.86, 6.6, 6.61, 6.57, 5.56, 5.08, 4.78, 4.38, 3.19, 1.81, 1.03, 0.71, 0, 0.84, 3.45, 5.24, 5.7, 6.38, 6.97, 6.92, 6.59, 6.28, 6.0, 4.76, 5.25, 5.55, 6.08, 6.23, 6.12, 5.94, 6.25, 7.14, 7.11, 7.27, 7.92, 7.84, 6.62, 6.055, 5.92, 5.778, 5.918, 5.738, 5.574, 6.886, 7.719, 7.87, 8.01, 7.9, 6.2, 5.04, 4.37, 4.44, 3.94, 4.98, 7.45, 7.97, 7.9, 8.89, 8.29, 7.13, 6.75, 6.35, 5.78, 5.5, 4.94, 5.0, 4.32, 2.61, 1.41, 1.44, 1.76, 2.21, 2.42, 2.96, 3.68, 4.21, 4.95, 5.22, 5.12, 4.01, 3.08, 3.17, 2.93], [5.35, 5.39, 5.96, 6.3, 6.02, 6.066, 6.03, 4.98, 4.5, 4.18, 3.84, 2.59, 1.27, 0.83, 0.79, 0.84, 0, 2.79, 4.58, 5.08, 5.74, 6.33, 6.34, 6.03, 5.74, 5.42, 4.2, 4.69, 5.01, 5.54, 5.65, 5.5, 5.4, 5.65, 6.5, 6.53, 6.69, 7.38, 7.28, 6.08, 5.515, 5.38, 5.238, 5.351, 5.198, 5.034, 6.346, 7.179, 7.33, 7.47, 7.36, 5.64, 4.52, 3.81, 3.82, 3.4, 4.48, 6.99, 7.53, 7.4, 8.43, 7.91, 6.79, 6.49, 6.09, 5.54, 5.22, 4.54, 4.58, 3.96, 2.17, 1.37, 1.34, 1.26, 1.65, 1.98, 2.62, 3.16, 3.65, 4.37, 4.64, 4.56, 3.35, 2.46, 2.53, 2.35], [2.94, 3.0, 3.57, 3.81, 3.53, 3.58, 3.58, 2.61, 2.19, 1.85, 1.79, 1.24, 1.74, 2.66, 2.88, 3.45, 2.79, 0, 1.95, 2.71, 3.23, 3.84, 3.85, 3.64, 3.71, 3.47, 2.73, 2.44, 2.64, 3.11, 3.08, 2.85, 2.95, 3.02, 3.83, 3.92, 4.1, 4.89, 4.79, 3.59, 3.04, 2.97, 2.84, 2.93, 2.77, 2.62, 3.96, 4.81, 5.12, 5.32, 5.27, 3.55, 2.35, 1.9, 1.97, 1.75, 2.69, 5.4, 5.8, 5.75, 6.9, 6.46, 5.54, 5.26, 4.86, 4.35, 4.15, 3.43, 3.45, 3.09, 2.437, 3.324, 3.15, 2.49, 2.12, 2.27, 2.49, 2.23, 2.16, 2.04, 2.37, 2.25, 1.46, 1.71, 1.42, 1.52], [2.61, 2.61, 2.66, 2.26, 2.02, 2.05, 2.13, 1.9, 2.1, 1.9, 2.14, 2.29, 3.51, 4.43, 4.67, 5.24, 4.58, 1.95, 0, 1.34, 1.8, 2.35, 2.82, 3.05, 3.24, 2.92, 2.7, 2.03, 2.01, 2.14, 2.11, 1.94, 2.5, 2.31, 2.6, 2.65, 2.93, 3.38, 3.28, 2.54, 2.67, 3.02, 2.43, 2.38, 2.4, 2.67, 2.69, 3.36, 3.77, 3.99, 3.96, 2.32, 1.64, 2.09, 2.5, 2.84, 2.78, 4.39, 4.83, 4.78, 5.89, 5.43, 4.77, 4.47, 4.07, 3.64, 3.4, 3.26, 3.16, 2.78, 3.877, 5.034, 4.921, 4.1, 3.67, 3.62, 3.56, 3.2, 2.87, 2.47, 2.94, 2.62, 2.61, 3.18, 2.75, 2.91], [2.11, 2.03, 1.9, 1.62, 1.46, 1.41, 1.39, 1.56, 1.78, 1.66, 1.9, 3.13, 4.19, 4.99, 5.23, 5.7, 5.08, 2.71, 1.34, 0, 1.18, 1.61, 2.4, 2.99, 3.3, 3.04, 2.82, 2.11, 1.85, 1.8, 1.71, 1.62, 1.9, 1.61, 1.96, 1.81, 2.13, 2.48, 2.32, 1.84, 2.39, 2.8, 2.37, 2.26, 2.2, 2.19, 2.01, 2.62, 3.07, 3.23, 3.14, 1.64, 1.52, 2.17, 2.42, 3.04, 3.0, 3.87, 4.53, 4.5, 5.57, 5.03, 4.53, 4.37, 4.09, 3.52, 3.26, 3.28, 2.98, 3.135, 4.513, 5.602, 5.318, 4.52, 4.11, 4.16, 3.98, 3.42, 2.87, 2.41, 2.74, 2.62, 3.01, 3.92, 3.51, 3.69], [2.33, 2.21, 1.92, 1.46, 1.4, 1.59, 1.59, 1.96, 2.14, 2.18, 2.5, 3.69, 4.77, 5.47, 5.79, 6.38, 5.74, 3.23, 1.8, 1.18, 0, 1.23, 2.26, 3.01, 3.44, 3.14, 3.04, 2.15, 2.07, 1.84, 1.51, 1.64, 1.96, 1.43, 1.46, 1.59, 1.75, 1.9, 1.82, 1.5, 1.91, 2.52, 2.39, 2.36, 2.2, 1.99, 1.53, 2.18, 2.67, 2.91, 2.9, 1.66, 1.88, 2.59, 2.96, 3.307, 3.116, 3.93, 4.53, 4.46, 5.25, 4.79, 4.63, 4.39, 4.09, 3.72, 3.56, 3.391, 3.271, 3.518, 5.008, 6.145, 5.704, 5.04, 4.61, 4.54, 4.14, 3.64, 3.13, 2.51, 2.84, 2.74, 3.05, 4.02, 3.97, 4.17], [1.9, 1.8, 1.39, 1.01, 1.09, 1.56, 1.64, 2.39, 2.57, 2.71, 3.17, 4.32, 5.4, 6.12, 6.4, 6.97, 6.33, 3.84, 2.35, 1.61, 1.23, 0, 1.75, 2.4, 2.89, 2.73, 2.95, 2.32, 2.02, 1.71, 1.56, 1.65, 1.61, 1.22, 1.41, 1.62, 1.38, 1.55, 1.35, 1.43, 2.32, 2.85, 2.68, 2.49, 2.45, 2.22, 1.62, 1.97, 2.44, 2.44, 2.41, 1.75, 2.41, 3.109, 3.375, 3.816, 3.332, 3.42, 4.0, 3.89, 4.76, 4.38, 4.02, 3.86, 3.7, 3.91, 4.07, 4.167, 3.63, 4.171, 5.601, 6.798, 6.368, 5.61, 5.08, 4.99, 4.75, 4.27, 3.72, 2.96, 3.15, 3.05, 3.32, 4.47, 4.52, 4.74], [1.37, 1.37, 1.22, 1.64, 1.92, 2.19, 2.49, 3.08, 3.38, 3.18, 3.44, 4.43, 5.37, 6.03, 6.37, 6.92, 6.34, 3.85, 2.82, 2.4, 2.26, 1.75, 0, 0.99, 1.74, 1.78, 2.5, 2.03, 1.77, 1.54, 1.89, 1.9, 1.8, 2.19, 2.84, 2.97, 2.63, 2.64, 2.24, 1.98, 2.21, 2.52, 2.33, 2.26, 2.26, 2.31, 2.09, 2.9, 2.97, 2.53, 2.8, 2.74, 2.94, 3.35, 3.58, 4.02, 3.08, 3.15, 3.51, 3.68, 4.43, 4.07, 3.53, 3.55, 3.61, 4.0, 4.28, 4.12, 3.84, 4.12, 5.579, 6.656, 6.046, 5.38, 5.03, 5.16, 4.94, 4.42, 3.73, 3.27, 3.38, 3.24, 3.37, 4.54, 4.57, 4.77], [1.48, 1.62, 1.73, 2.15, 2.39, 2.7, 3.14, 3.65, 3.93, 3.61, 3.65, 4.38, 5.1, 5.72, 6.06, 6.59, 6.03, 3.64, 3.05, 2.99, 3.01, 2.4, 0.99, 0, 1.25, 1.43, 2.09, 1.96, 1.78, 1.81, 2.62, 2.51, 2.29, 2.8, 3.67, 3.76, 3.36, 3.19, 2.95, 2.59, 2.5, 2.71, 2.34, 2.25, 2.43, 2.48, 2.34, 3.07, 2.9, 2.5, 2.77, 2.97, 3.27, 3.62, 3.61, 3.91, 3.03, 3.02, 3.46, 3.67, 4.44, 4.0, 3.4, 3.3, 3.44, 3.87, 4.17, 4.11, 3.91, 4.17, 5.323, 6.266, 5.67, 5.09, 5.02, 5.29, 5.01, 4.49, 3.84, 3.48, 3.61, 3.35, 3.42, 4.49, 4.52, 4.72], [1.95, 2.09, 2.2, 2.56, 2.86, 3.03, 3.45, 4.14, 4.44, 4.14, 4.1, 4.47, 5.05, 5.45, 5.77, 6.28, 5.74, 3.71, 3.24, 3.3, 3.44, 2.89, 1.74, 1.25, 0, 0.72, 1.9, 1.81, 1.75, 1.98, 2.99, 3.0, 2.76, 3.33, 4.08, 4.15, 3.89, 3.58, 3.34, 3.08, 3.03, 3.24, 2.89, 2.84, 3.04, 3.13, 2.75, 3.34, 3.19, 2.69, 2.92, 3.0, 3.26, 3.49, 3.44, 3.66, 2.8, 2.87, 3.35, 3.64, 4.43, 3.89, 3.13, 3.13, 3.23, 3.6, 3.9, 3.74, 3.52, 3.86, 5.05, 5.916, 5.38, 5.06, 5.15, 5.42, 5.22, 4.7, 4.19, 3.89, 4.04, 3.6, 3.61, 4.54, 4.49, 4.69], [1.91, 2.03, 2.18, 2.36, 2.76, 2.87, 3.25, 4.02, 4.32, 3.98, 3.92, 4.21, 4.67, 5.13, 5.45, 6.0, 5.42, 3.47, 2.92, 3.04, 3.14, 2.73, 1.78, 1.43, 0.72, 0, 1.44, 1.55, 1.61, 1.8, 2.69, 2.78, 2.68, 3.21, 3.82, 3.91, 3.73, 3.7, 3.22, 2.88, 2.87, 3.16, 2.79, 2.76, 2.94, 2.95, 2.61, 3.12, 3.05, 2.75, 3.08, 2.8, 2.98, 3.17, 3.2, 3.4, 2.5, 2.85, 3.49, 3.62, 4.57, 3.97, 3.25, 2.99, 2.95, 3.26, 3.56, 3.46, 3.24, 3.6, 4.75, 5.63, 5.1, 4.72, 4.73, 5.02, 4.92, 4.42, 4.01, 3.73, 3.88, 3.42, 3.35, 4.22, 4.19, 4.37], [2.01, 1.97, 2.42, 2.46, 2.773, 2.77, 3.09, 3.4, 3.68, 3.34, 3.24, 3.49, 3.45, 3.89, 4.23, 4.76, 4.2, 2.73, 2.7, 2.82, 3.04, 2.95, 2.5, 2.09, 1.9, 1.44, 0, 1.27, 1.41, 1.78, 2.51, 2.4, 2.56, 2.81, 3.64, 3.65, 3.47, 3.78, 3.62, 2.64, 2.81, 3.02, 2.37, 2.3, 2.48, 2.63, 2.59, 3.38, 3.47, 3.65, 3.76, 2.72, 2.62, 2.61, 2.48, 2.58, 1.96, 3.45, 4.21, 4.08, 5.15, 4.51, 3.57, 3.27, 3.05, 2.88, 3.1, 2.86, 2.64, 2.94, 3.73, 4.47, 3.92, 3.38, 3.45, 3.94, 4.06, 3.56, 3.37, 3.09, 3.28, 2.76, 2.65, 3.16, 3.01, 3.21], [1.54, 1.54, 1.99, 1.93, 2.23, 2.2, 2.46, 2.83, 3.09, 2.77, 2.79, 3.2, 3.78, 4.38, 4.72, 5.25, 4.69, 2.44, 2.03, 2.11, 2.15, 2.32, 2.03, 1.96, 1.81, 1.55, 1.27, 0, 0.8, 1.15, 1.72, 1.83, 1.93, 2.44, 3.11, 3.14, 3.1, 3.25, 2.91, 2.19, 2.36, 2.57, 2.08, 2.01, 2.05, 2.12, 2.24, 2.99, 3.22, 3.44, 3.49, 2.37, 2.33, 2.58, 2.49, 2.69, 2.01, 3.64, 4.22, 4.13, 5.2, 4.46, 3.68, 3.38, 3.12, 3.09, 3.27, 3.07, 2.95, 3.05, 4.1, 5.009, 4.39, 3.75, 3.54, 3.77, 3.81, 3.23, 2.76, 2.48, 2.75, 2.19, 2.0, 3.05, 3.1, 3.28], [1.3, 1.3, 1.71, 1.67, 1.91, 1.8, 2.16, 2.61, 2.87, 2.65, 2.73, 3.4, 4.1, 4.7, 5.04, 5.55, 5.01, 2.64, 2.01, 1.85, 2.07, 2.02, 1.77, 1.78, 1.75, 1.61, 1.41, 0.8, 0, 0.73, 1.7, 1.71, 1.63, 2.12, 2.77, 2.84, 2.7, 2.89, 2.71, 1.97, 2.1, 2.33, 1.84, 1.75, 1.81, 1.92, 1.88, 2.65, 2.9, 3.16, 3.21, 2.13, 2.27, 2.52, 2.49, 2.77, 2.13, 3.48, 4.14, 4.11, 5.16, 4.4, 3.58, 3.24, 2.94, 2.89, 3.11, 3.01, 2.75, 2.99, 4.277, 5.249, 4.67, 4.05, 3.9, 4.01, 3.95, 3.39, 2.82, 2.56, 2.83, 2.39, 2.28, 3.43, 3.42, 3.62], [1.33, 1.27, 1.44, 1.34, 1.6, 1.37, 1.89, 2.6, 2.88, 2.8, 2.92, 3.75, 4.61, 5.23, 5.57, 6.08, 5.54, 3.11, 2.14, 1.8, 1.84, 1.71, 1.54, 1.81, 1.98, 1.8, 1.78, 1.15, 0.73, 0, 1.37, 1.54, 1.58, 1.97, 2.58, 2.57, 2.43, 2.58, 2.4, 1.66, 1.75, 2.04, 1.63, 1.54, 1.64, 1.73, 1.57, 2.44, 2.69, 2.87, 2.98, 2.08, 2.3, 2.69, 2.8, 3.16, 2.38, 3.39, 4.09, 4.02, 5.05, 4.23, 3.55, 3.09, 3.03, 2.94, 3.22, 3.04, 2.76, 3.22, 4.77, 5.716, 5.06, 4.46, 4.29, 4.3, 4.14, 3.56, 2.99, 2.69, 2.88, 2.52, 2.63, 3.8, 3.81, 4.01], [1.86, 1.72, 1.51, 1.35, 1.55, 1.62, 1.84, 2.15, 2.33, 2.29, 2.55, 3.66, 4.64, 5.4, 5.7, 6.23, 5.65, 3.08, 2.11, 1.71, 1.51, 1.56, 1.89, 2.62, 2.99, 2.69, 2.51, 1.72, 1.7, 1.37, 0, 0.89, 1.57, 1.72, 2.01, 2.08, 2.06, 2.35, 2.09, 1.17, 1.58, 1.93, 1.78, 1.69, 1.71, 1.76, 1.9, 2.89, 3.2, 3.26, 3.25, 2.11, 1.95, 2.4, 2.63, 3.13, 2.47, 3.66, 4.22, 4.15, 5.22, 4.7, 4.24, 4.14, 4.0, 3.79, 3.83, 3.31, 3.31, 3.79, 4.929, 6.049, 5.499, 4.696, 4.297, 4.19, 3.87, 3.23, 2.6, 1.98, 2.25, 1.97, 2.38, 3.61, 3.7, 3.92], [1.69, 1.67, 1.66, 1.52, 1.52, 1.61, 1.83, 1.82, 2.04, 2.04, 2.34, 3.43, 4.43, 5.31, 5.55, 6.12, 5.5, 2.85, 1.94, 1.62, 1.64, 1.65, 1.9, 2.51, 3.0, 2.78, 2.4, 1.83, 1.71, 1.54, 0.89, 0, 1.3, 1.37, 1.82, 1.95, 1.81, 2.46, 2.3, 1.36, 1.81, 2.24, 1.87, 1.82, 1.78, 1.89, 2.15, 3.16, 3.51, 3.61, 3.58, 2.4, 2.0, 2.45, 2.64, 3.14, 2.44, 4.03, 4.49, 4.42, 5.57, 5.11, 4.57, 4.33, 4.09, 4.0, 4.08, 3.76, 3.6, 3.7, 4.825, 6.002, 5.472, 4.709, 4.19, 4.02, 3.72, 3.12, 2.49, 1.81, 2.12, 1.8, 2.35, 3.5, 3.49, 3.709], [1.05, 1.15, 1.4, 1.56, 1.48, 1.53, 1.81, 1.94, 2.06, 2.0, 2.3, 3.39, 4.51, 5.19, 5.43, 5.94, 5.4, 2.95, 2.5, 1.9, 1.96, 1.61, 1.8, 2.29, 2.76, 2.68, 2.56, 1.93, 1.63, 1.58, 1.57, 1.3, 0, 1.15, 2.02, 2.19, 1.97, 2.34, 2.06, 1.62, 1.81, 2.3, 2.09, 1.96, 1.88, 1.81, 2.13, 2.94, 3.31, 3.31, 3.24, 2.44, 2.52, 2.81, 2.76, 3.12, 3.02, 3.93, 4.59, 4.6, 5.63, 4.95, 4.37, 4.27, 4.03, 4.08, 4.36, 4.1, 3.64, 4.1, 4.844, 5.799, 5.241, 4.432, 4.164, 4.14, 3.82, 3.12, 2.49, 1.87, 2.18, 1.86, 2.45, 3.54, 3.61, 3.83], [1.72, 1.56, 1.49, 1.57, 1.51, 1.8, 1.78, 1.75, 1.91, 1.87, 2.29, 3.52, 4.64, 5.48, 5.7, 6.25, 5.65, 3.02, 2.31, 1.61, 1.43, 1.22, 2.19, 2.8, 3.33, 3.21, 2.81, 2.44, 2.12, 1.97, 1.72, 1.37, 1.15, 0, 1.29, 1.56, 1.32, 2.07, 1.97, 1.45, 2.0, 2.59, 2.36, 2.27, 2.19, 1.92, 1.98, 2.65, 3.1, 3.22, 3.07, 2.13, 2.19, 2.62, 2.61, 3.23, 2.99, 3.98, 4.5, 4.55, 5.56, 5.18, 4.78, 4.66, 4.32, 4.25, 4.45, 4.207, 3.67, 4.161, 5.072, 6.215, 5.811, 4.93, 4.4, 4.41, 4.27, 3.67, 3.08, 2.28, 2.51, 2.35, 2.78, 3.69, 3.64, 3.86], [2.71, 2.55, 2.18, 1.9, 1.64, 1.77, 1.77, 2.1, 2.4, 2.56, 3.06, 4.35, 5.49, 6.37, 6.57, 7.14, 6.5, 3.83, 2.6, 1.96, 1.46, 1.41, 2.84, 3.67, 4.08, 3.82, 3.64, 3.11, 2.77, 2.58, 2.01, 1.82, 2.02, 1.29, 0, 0.67, 0.75, 1.26, 1.62, 1.74, 2.79, 3.52, 3.35, 3.16, 3.16, 2.89, 2.11, 2.44, 3.11, 3.35, 3.12, 2.28, 2.64, 3.31, 3.495, 4.024, 3.775, 4.27, 4.75, 4.78, 5.65, 5.404, 5.21, 5.17, 4.85, 4.62, 4.68, 4.491, 4.045, 4.562, 5.908, 7.105, 6.747, 5.864, 5.29, 5.16, 4.88, 4.32, 3.77, 2.93, 3.12, 3.06, 3.65, 4.48, 4.39, 4.61], [2.94, 2.82, 2.39, 1.93, 1.59, 1.64, 1.6, 1.99, 2.37, 2.45, 2.95, 4.38, 5.46, 6.3, 6.56, 7.11, 6.53, 3.92, 2.65, 1.81, 1.59, 1.62, 2.97, 3.76, 4.15, 3.91, 3.65, 3.14, 2.84, 2.57, 2.08, 1.95, 2.19, 1.56, 0.67, 0, 0.58, 1.23, 1.77, 1.81, 2.8, 3.55, 3.32, 3.09, 3.13, 2.98, 2.2, 2.55, 3.18, 3.52, 3.33, 2.29, 2.57, 3.3, 3.59, 4.183, 3.967, 4.5, 5.02, 4.99, 5.82, 5.534, 5.36, 5.28, 4.96, 4.43, 4.49, 4.281, 3.915, 4.475, 5.869, 7.012, 6.565, 5.78, 5.3, 5.11, 4.79, 4.19, 3.7, 2.9, 3.09, 3.05, 3.82, 4.83, 4.58, 4.78], [2.6, 2.44, 2.11, 1.77, 1.53, 1.78, 1.78, 2.15, 2.53, 2.65, 3.17, 4.56, 5.64, 6.46, 6.72, 7.27, 6.69, 4.1, 2.93, 2.13, 1.75, 1.38, 2.63, 3.36, 3.89, 3.73, 3.47, 3.1, 2.7, 2.43, 2.06, 1.81, 1.97, 1.32, 0.75, 0.58, 0, 1.19, 1.61, 1.77, 2.66, 3.39, 3.22, 3.01, 3.01, 2.78, 2.18, 2.41, 3.12, 3.32, 3.15, 2.35, 2.77, 3.5, 3.73, 4.233, 3.89, 4.32, 4.84, 4.81, 5.64, 5.314, 5.14, 5.04, 4.76, 4.65, 4.77, 4.644, 4.178, 4.755, 6.009, 7.152, 6.708, 5.914, 5.4, 5.25, 4.91, 4.29, 3.82, 2.92, 3.05, 3.01, 3.76, 4.81, 4.719, 4.939], [2.85, 2.75, 2.3, 1.72, 1.66, 1.85, 1.95, 2.82, 3.14, 3.42, 3.82, 5.31, 6.41, 7.09, 7.41, 7.92, 7.38, 4.89, 3.38, 2.48, 1.9, 1.55, 2.64, 3.19, 3.58, 3.7, 3.78, 3.25, 2.89, 2.58, 2.35, 2.46, 2.34, 2.07, 1.26, 1.23, 1.19, 0, 1.32, 1.9, 2.85, 3.62, 3.47, 3.26, 3.34, 3.11, 2.09, 2.22, 2.83, 2.87, 2.68, 2.44, 3.42, 4.208, 4.453, 4.892, 4.548, 4.03, 4.69, 4.7, 5.31, 4.884, 4.71, 4.69, 4.75, 4.679, 4.74, 4.655, 4.41, 5.086, 6.682, 7.716, 7.141, 6.381, 6.168, 5.98, 5.38, 4.84, 4.27, 3.49, 3.54, 3.58, 4.45, 5.593, 5.523, 5.743], [2.41, 2.27, 1.9, 1.46, 1.74, 1.87, 1.83, 2.9, 3.1, 3.32, 3.74, 5.19, 6.33, 6.99, 7.27, 7.84, 7.28, 4.79, 3.28, 2.32, 1.82, 1.35, 2.24, 2.95, 3.34, 3.22, 3.62, 2.91, 2.71, 2.4, 2.09, 2.3, 2.06, 1.97, 1.62, 1.77, 1.61, 1.32, 0, 1.68, 2.55, 3.38, 3.31, 3.14, 3.2, 3.05, 1.99, 1.8, 2.07, 1.95, 1.94, 2.02, 3.3, 4.033, 4.343, 4.755, 4.065, 3.43, 3.83, 3.84, 4.63, 4.13, 4.246, 4.344, 4.484, 4.596, 4.656, 4.618, 4.392, 5.086, 6.648, 7.679, 7.089, 6.306, 6.004, 5.92, 5.5, 4.86, 4.19, 3.51, 3.5, 3.5, 4.19, 5.38, 5.421, 5.641], [1.81, 1.71, 1.38, 1.18, 1.72, 1.43, 1.55, 2.08, 2.3, 2.34, 2.7, 4.03, 5.13, 5.83, 6.11, 6.62, 6.08, 3.59, 2.54, 1.84, 1.5, 1.43, 1.98, 2.59, 3.08, 2.88, 2.64, 2.19, 1.97, 1.66, 1.17, 1.36, 1.62, 1.45, 1.74, 1.81, 1.77, 1.9, 1.68, 0, 1.33, 2.02, 1.93, 1.8, 1.9, 1.91, 1.43, 2.34, 2.57, 2.73, 2.64, 1.8, 2.28, 2.95, 3.179, 3.56, 2.92, 3.57, 4.37, 4.38, 5.33, 4.75, 4.43, 4.31, 4.229, 3.999, 4.0, 3.557, 3.56, 4.162, 5.396, 6.376, 5.806, 5.037, 4.889, 4.84, 4.46, 3.8, 3.19, 2.49, 2.46, 2.46, 3.15, 4.28, 4.249, 4.469], [1.82, 1.84, 1.79, 2.01, 2.25, 2.0, 2.18, 2.41, 2.19, 2.11, 2.47, 3.46, 4.56, 5.205, 5.54, 6.055, 5.515, 3.04, 2.67, 2.39, 1.91, 2.32, 2.21, 2.5, 3.03, 2.87, 2.81, 2.36, 2.1, 1.75, 1.58, 1.81, 1.81, 2.0, 2.79, 2.8, 2.66, 2.85, 2.55, 1.33, 0, 1.07, 1.4, 1.51, 1.45, 1.44, 1.9, 2.97, 3.18, 3.32, 3.53, 2.49, 2.45, 2.76, 2.95, 3.166, 2.75, 4.06, 4.88, 4.99, 5.86, 5.16, 4.8, 4.46, 4.5, 4.17, 4.07, 3.384, 3.55, 3.978, 4.78, 5.723, 5.093, 4.486, 4.353, 4.33, 3.83, 3.27, 2.8, 2.22, 2.29, 2.11, 2.6, 3.75, 3.78, 3.973], [2.17, 2.07, 2.34, 2.54, 2.78, 2.55, 2.79, 2.94, 2.72, 2.58, 2.74, 3.49, 4.45, 5.07, 5.41, 5.92, 5.38, 2.97, 3.02, 2.8, 2.52, 2.85, 2.52, 2.71, 3.24, 3.16, 3.02, 2.57, 2.33, 2.04, 1.93, 2.24, 2.3, 2.59, 3.52, 3.55, 3.39, 3.62, 3.38, 2.02, 1.07, 0, 1.03, 1.22, 1.04, 1.31, 2.13, 3.16, 3.37, 3.69, 4.08, 3.06, 2.88, 2.95, 3.1, 3.16, 3.02, 4.49, 5.35, 5.36, 6.25, 5.53, 5.13, 4.71, 4.57, 4.12, 4.12, 3.517, 3.74, 4.171, 4.579, 5.455, 4.822, 4.279, 4.226, 4.24, 3.86, 3.3, 2.85, 2.61, 2.58, 2.4, 2.71, 3.62, 3.65, 3.87], [2.0, 1.86, 2.27, 2.35, 2.57, 2.24, 2.42, 2.55, 2.57, 2.47, 2.69, 3.38, 4.34, 4.932, 5.268, 5.778, 5.238, 2.84, 2.43, 2.37, 2.39, 2.68, 2.33, 2.34, 2.89, 2.79, 2.37, 2.08, 1.84, 1.63, 1.78, 1.87, 2.09, 2.36, 3.35, 3.32, 3.22, 3.47, 3.31, 1.93, 1.4, 1.03, 0, 0.57, 0.67, 1.18, 1.92, 2.87, 3.16, 3.6, 3.85, 2.61, 2.41, 2.46, 2.55, 2.91, 2.49, 4.34, 5.08, 5.07, 5.98, 5.26, 4.68, 4.18, 3.88, 3.49, 3.43, 2.95, 3.09, 3.53, 4.435, 5.313, 4.733, 4.157, 4.16, 4.29, 3.91, 3.39, 2.82, 2.48, 2.55, 2.39, 2.6, 3.63, 3.54, 3.74], [1.91, 1.73, 2.12, 2.18, 2.34, 2.03, 2.23, 2.5, 2.58, 2.52, 2.74, 3.45, 4.43, 5.048, 5.388, 5.918, 5.351, 2.93, 2.38, 2.26, 2.36, 2.49, 2.26, 2.25, 2.84, 2.76, 2.3, 2.01, 1.75, 1.54, 1.69, 1.82, 1.96, 2.27, 3.16, 3.09, 3.01, 3.26, 3.14, 1.8, 1.51, 1.22, 0.57, 0, 0.56, 1.25, 1.83, 2.74, 3.11, 3.53, 3.72, 2.54, 2.34, 2.63, 2.64, 3.0, 2.62, 4.25, 4.99, 4.98, 5.91, 5.17, 4.57, 4.09, 3.81, 3.3, 3.38, 3.06, 3.0, 3.5, 4.572, 5.513, 4.823, 4.333, 4.27, 4.36, 3.94, 3.4, 2.83, 2.47, 2.66, 2.38, 2.77, 3.8, 3.65, 3.87], [1.93, 1.73, 2.14, 2.32, 2.36, 2.21, 2.41, 2.36, 2.38, 2.32, 2.56, 3.35, 4.29, 4.888, 5.221, 5.738, 5.198, 2.77, 2.4, 2.2, 2.2, 2.45, 2.26, 2.43, 3.04, 2.94, 2.48, 2.05, 1.81, 1.64, 1.71, 1.78, 1.88, 2.19, 3.16, 3.13, 3.01, 3.34, 3.2, 1.9, 1.45, 1.04, 0.67, 0.56, 0, 0.93, 1.95, 2.74, 3.23, 3.67, 3.82, 2.46, 2.32, 2.47, 2.46, 2.8, 2.6, 4.39, 5.07, 5.06, 5.99, 5.25, 4.65, 4.19, 3.87, 3.4, 3.48, 3.08, 3.04, 3.46, 4.408, 5.349, 4.718, 4.2, 4.11, 4.18, 3.86, 3.28, 2.71, 2.35, 2.58, 2.36, 2.49, 3.54, 3.51, 3.73], [1.98, 1.78, 2.13, 2.35, 2.33, 2.34, 2.62, 2.57, 2.39, 2.37, 2.49, 3.26, 4.12, 4.724, 5.064, 5.574, 5.034, 2.62, 2.67, 2.19, 1.99, 2.22, 2.31, 2.48, 3.13, 2.95, 2.63, 2.12, 1.92, 1.73, 1.76, 1.89, 1.81, 1.92, 2.89, 2.98, 2.78, 3.11, 3.05, 1.91, 1.44, 1.31, 1.18, 1.25, 0.93, 0, 1.74, 2.63, 3.18, 3.48, 3.61, 2.53, 2.39, 2.34, 2.41, 2.829, 2.79, 4.22, 4.94, 4.87, 5.74, 5.06, 4.66, 4.22, 3.98, 3.55, 3.69, 3.187, 3.167, 3.67, 4.248, 5.166, 4.568, 4.03, 3.96, 4.01, 3.77, 3.23, 2.66, 2.36, 2.69, 2.45, 2.38, 3.41, 3.38, 3.6], [2.1, 1.86, 1.73, 1.37, 1.77, 1.64, 1.96, 2.97, 3.25, 3.23, 3.49, 4.46, 5.48, 6.036, 6.376, 6.886, 6.346, 3.96, 2.69, 2.01, 1.53, 1.62, 2.09, 2.34, 2.75, 2.61, 2.59, 2.24, 1.88, 1.57, 1.9, 2.15, 2.13, 1.98, 2.11, 2.2, 2.18, 2.09, 1.99, 1.43, 1.9, 2.13, 1.92, 1.83, 1.95, 1.74, 0, 1.37, 1.76, 2.06, 2.39, 1.69, 2.33, 3.038, 3.345, 3.734, 3.328, 3.34, 4.18, 4.11, 4.86, 4.22, 4.16, 3.86, 3.64, 3.23, 3.35, 3.233, 3.095, 3.873, 5.539, 6.436, 5.822, 5.39, 5.36, 5.39, 4.97, 4.45, 3.82, 3.32, 3.41, 3.33, 3.78, 4.87, 4.82, 5.02], [2.87, 2.57, 2.52, 1.98, 2.46, 2.45, 2.53, 3.76, 4.0, 4.08, 4.36, 5.39, 6.31, 6.869, 7.209, 7.719, 7.179, 4.81, 3.36, 2.62, 2.18, 1.97, 2.9, 3.07, 3.34, 3.12, 3.38, 2.99, 2.65, 2.44, 2.89, 3.16, 2.94, 2.65, 2.44, 2.55, 2.41, 2.22, 1.8, 2.34, 2.97, 3.16, 2.87, 2.74, 2.74, 2.63, 1.37, 0, 1.05, 1.59, 1.68, 1.82, 3.1, 3.841, 4.151, 4.536, 4.137, 3.346, 3.87, 3.78, 4.35, 3.935, 4.144, 3.981, 3.855, 3.641, 3.694, 3.861, 3.734, 4.597, 6.364, 7.241, 6.6, 6.24, 6.27, 6.36, 6.02, 5.46, 4.85, 4.37, 4.36, 4.38, 4.67, 5.76, 5.73, 5.93], [2.86, 2.72, 2.63, 2.21, 2.83, 2.76, 3.0, 4.27, 4.51, 4.57, 4.83, 5.78, 6.56, 7.06, 7.38, 7.87, 7.33, 5.12, 3.77, 3.07, 2.67, 2.44, 2.97, 2.9, 3.19, 3.05, 3.47, 3.22, 2.9, 2.69, 3.2, 3.51, 3.31, 3.1, 3.11, 3.18, 3.12, 2.83, 2.07, 2.57, 3.18, 3.37, 3.16, 3.11, 3.23, 3.18, 1.76, 1.05, 0, 1.06, 1.21, 2.09, 3.41, 4.08, 4.329, 4.712, 4.065, 2.734, 3.26, 3.189, 3.82, 3.416, 3.731, 3.871, 3.81, 3.882, 3.913, 4.07, 3.896, 4.83, 6.576, 7.394, 6.77, 6.57, 6.62, 6.79, 6.55, 5.91, 5.3, 4.74, 4.71, 4.69, 5.02, 6.09, 6.06, 6.26], [2.8, 2.64, 2.31, 2.27, 2.87, 3.06, 3.2, 4.47, 4.71, 4.77, 5.03, 5.96, 6.76, 7.24, 7.52, 8.01, 7.47, 5.32, 3.99, 3.23, 2.91, 2.44, 2.53, 2.5, 2.69, 2.75, 3.65, 3.44, 3.16, 2.87, 3.26, 3.61, 3.31, 3.22, 3.35, 3.52, 3.32, 2.87, 1.95, 2.73, 3.32, 3.69, 3.6, 3.53, 3.67, 3.48, 2.06, 1.59, 1.06, 0, 1.01, 2.23, 3.51, 4.16, 4.45, 4.821, 4.004, 2.54, 2.734, 2.764, 3.28, 3.16, 3.271, 3.76, 4.008, 4.153, 4.17, 4.373, 4.202, 5.082, 6.72, 7.56, 6.99, 6.73, 6.8, 6.95, 6.75, 6.11, 5.46, 4.9, 4.91, 4.87, 5.2, 6.27, 6.24, 6.44], [2.83, 2.67, 2.36, 2.22, 2.86, 3.11, 3.19, 4.28, 4.62, 4.58, 4.84, 5.91, 6.71, 7.19, 7.43, 7.9, 7.36, 5.27, 3.96, 3.14, 2.9, 2.41, 2.8, 2.77, 2.92, 3.08, 3.76, 3.49, 3.21, 2.98, 3.25, 3.58, 3.24, 3.07, 3.12, 3.33, 3.15, 2.68, 1.94, 2.64, 3.53, 4.08, 3.85, 3.72, 3.82, 3.61, 2.39, 1.68, 1.21, 1.01, 0, 2.08, 3.42, 4.03, 4.26, 4.666, 3.853, 2.09, 2.39, 2.52, 3.03, 2.85, 3.215, 3.726, 3.993, 4.249, 4.289, 4.495, 4.289, 5.097, 6.647, 7.596, 7.12, 6.68, 6.65, 6.96, 6.84, 6.16, 5.45, 4.83, 4.84, 4.7, 5.15, 6.14, 6.11, 6.31], [2.49, 2.23, 2.06, 1.6, 1.94, 1.91, 1.69, 2.48, 2.76, 2.74, 3.08, 4.17, 4.95, 5.39, 5.69, 6.2, 5.64, 3.55, 2.32, 1.64, 1.66, 1.75, 2.74, 2.97, 3.0, 2.8, 2.72, 2.37, 2.13, 2.08, 2.11, 2.4, 2.44, 2.13, 2.28, 2.29, 2.35, 2.44, 2.02, 1.8, 2.49, 3.06, 2.61, 2.54, 2.46, 2.53, 1.69, 1.82, 2.09, 2.23, 2.08, 0, 1.66, 2.37, 2.64, 3.054, 2.65, 3.05, 3.57, 3.58, 4.59, 3.99, 3.749, 3.729, 3.526, 3.259, 3.039, 3.004, 2.822, 3.406, 4.913, 5.959, 5.6, 5.08, 5.05, 5.22, 5.08, 4.44, 3.87, 3.17, 3.2, 3.26, 3.59, 4.54, 4.49, 4.67], [2.51, 2.37, 2.3, 2.36, 2.24, 2.27, 2.27, 2.26, 2.46, 2.18, 2.32, 2.97, 3.73, 4.35, 4.53, 5.04, 4.52, 2.35, 1.64, 1.52, 1.88, 2.41, 2.94, 3.27, 3.26, 2.98, 2.62, 2.33, 2.27, 2.3, 1.95, 2.0, 2.52, 2.19, 2.64, 2.57, 2.77, 3.42, 3.3, 2.28, 2.45, 2.88, 2.41, 2.34, 2.32, 2.39, 2.33, 3.1, 3.41, 3.51, 3.42, 1.66, 0, 0.97, 1.8, 2.18, 2.02, 3.61, 4.11, 4.16, 5.27, 4.75, 4.21, 4.09, 3.75, 3.14, 2.92, 2.56, 2.36, 2.56, 3.662, 4.85, 4.66, 4.14, 3.89, 4.0, 3.98, 3.68, 3.25, 2.67, 2.94, 2.86, 2.97, 3.82, 3.49, 3.67], [2.86, 2.7, 2.85, 3.15, 2.99, 3.02, 2.98, 2.53, 2.43, 2.19, 2.43, 2.74, 3.22, 3.8, 3.88, 4.37, 3.81, 1.9, 2.09, 2.17, 2.59, 3.109, 3.35, 3.62, 3.49, 3.17, 2.61, 2.58, 2.52, 2.69, 2.4, 2.45, 2.81, 2.62, 3.31, 3.3, 3.5, 4.208, 4.033, 2.95, 2.76, 2.95, 2.46, 2.63, 2.47, 2.34, 3.038, 3.841, 4.08, 4.16, 4.03, 2.37, 0.97, 0, 1.17, 1.45, 1.67, 3.78, 4.26, 4.25, 5.36, 4.88, 4.22, 4.1, 3.74, 3.15, 2.93, 2.37, 2.23, 2.33, 2.9, 4.08, 4.07, 3.57, 3.32, 3.55, 3.75, 3.57, 3.2, 2.76, 3.05, 2.97, 2.58, 3.29, 2.94, 3.12], [2.73, 2.65, 3.04, 3.359, 3.18, 3.37, 3.35, 2.72, 2.56, 2.36, 2.54, 2.91, 3.25, 3.73, 3.97, 4.44, 3.82, 1.97, 2.5, 2.42, 2.96, 3.375, 3.58, 3.61, 3.44, 3.2, 2.48, 2.49, 2.49, 2.8, 2.63, 2.64, 2.76, 2.61, 3.495, 3.59, 3.73, 4.453, 4.343, 3.179, 2.95, 3.1, 2.55, 2.64, 2.46, 2.41, 3.345, 4.151, 4.329, 4.45, 4.26, 2.64, 1.8, 1.17, 0, 1.04, 1.36, 3.57, 4.03, 4.04, 5.15, 4.71, 3.95, 3.81, 3.47, 2.9, 2.74, 2.12, 2.06, 2.34, 2.69, 4.03, 4.16, 3.72, 3.49, 3.94, 4.14, 3.64, 3.09, 2.65, 3.22, 2.86, 2.39, 2.92, 2.57, 2.75], [3.11, 2.99, 3.429, 3.797, 3.64, 3.75, 3.73, 3.12, 2.88, 2.66, 2.88, 2.71, 2.95, 3.27, 3.45, 3.94, 3.4, 1.75, 2.84, 3.04, 3.307, 3.816, 4.02, 3.91, 3.66, 3.4, 2.58, 2.69, 2.77, 3.16, 3.13, 3.14, 3.12, 3.23, 4.024, 4.183, 4.233, 4.892, 4.755, 3.56, 3.166, 3.16, 2.91, 3.0, 2.8, 2.829, 3.734, 4.536, 4.712, 4.821, 4.666, 3.054, 2.18, 1.45, 1.04, 0, 1.48, 3.89, 4.41, 4.4, 5.51, 4.95, 4.03, 3.93, 3.57, 3.02, 2.82, 2.22, 2.22, 2.3, 2.13, 3.49, 3.64, 3.2, 3.03, 3.52, 3.72, 3.34, 3.13, 2.87, 3.18, 2.84, 2.37, 2.56, 2.33, 2.51], [2.55, 2.41, 2.669, 3.137, 3.451, 3.53, 3.45, 3.24, 3.46, 3.12, 3.28, 3.69, 3.93, 4.37, 4.49, 4.98, 4.48, 2.69, 2.78, 3.0, 3.116, 3.332, 3.08, 3.03, 2.8, 2.5, 1.96, 2.01, 2.13, 2.38, 2.47, 2.44, 3.02, 2.99, 3.775, 3.967, 3.89, 4.548, 4.065, 2.92, 2.75, 3.02, 2.49, 2.62, 2.6, 2.79, 3.328, 4.137, 4.065, 4.004, 3.853, 2.65, 2.02, 1.67, 1.36, 1.48, 0, 2.91, 3.33, 3.36, 4.47, 3.99, 3.19, 2.93, 2.77, 2.64, 2.68, 2.2, 2.18, 2.32, 3.17, 4.55, 4.54, 4.14, 3.93, 4.46, 4.74, 4.22, 3.71, 3.19, 3.48, 3.02, 2.57, 3.24, 3.23, 3.41], [3.34, 3.3, 2.95, 3.05, 3.53, 3.94, 4.22, 5.25, 5.63, 5.39, 5.53, 6.3, 6.58, 6.88, 7.0, 7.45, 6.99, 5.4, 4.39, 3.87, 3.93, 3.42, 3.15, 3.02, 2.87, 2.85, 3.45, 3.64, 3.48, 3.39, 3.66, 4.03, 3.93, 3.98, 4.27, 4.5, 4.32, 4.03, 3.43, 3.57, 4.06, 4.49, 4.34, 4.25, 4.39, 4.22, 3.34, 3.346, 2.734, 2.54, 2.09, 3.05, 3.61, 3.78, 3.57, 3.89, 2.91, 0, 1.18, 1.33, 2.32, 1.84, 2.04, 2.44, 2.814, 3.127, 3.17, 3.37, 3.27, 4.09, 5.54, 6.9, 6.87, 6.49, 6.52, 7.17, 7.35, 6.69, 5.98, 5.44, 5.59, 5.25, 5.22, 5.91, 5.82, 6.0], [4.0, 3.9, 3.47, 3.77, 4.17, 4.74, 4.96, 5.91, 6.25, 5.97, 6.15, 6.76, 7.1, 7.46, 7.56, 7.97, 7.53, 5.8, 4.83, 4.53, 4.53, 4.0, 3.51, 3.46, 3.35, 3.49, 4.21, 4.22, 4.14, 4.09, 4.22, 4.49, 4.59, 4.5, 4.75, 5.02, 4.84, 4.69, 3.83, 4.37, 4.88, 5.35, 5.08, 4.99, 5.07, 4.94, 4.18, 3.87, 3.26, 2.734, 2.39, 3.57, 4.11, 4.26, 4.03, 4.41, 3.33, 1.18, 0, 0.85, 1.6, 1.46, 2.14, 2.98, 3.26, 3.69, 3.77, 4.07, 3.83, 4.59, 6.04, 7.46, 7.53, 7.17, 7.08, 7.67, 7.91, 7.29, 6.62, 6.0, 6.31, 5.89, 5.64, 6.33, 6.26, 6.44], [4.17, 4.01, 3.66, 3.72, 4.16, 4.71, 5.01, 6.0, 6.26, 6.04, 6.28, 6.77, 6.91, 7.29, 7.41, 7.9, 7.4, 5.75, 4.78, 4.5, 4.46, 3.89, 3.68, 3.67, 3.64, 3.62, 4.08, 4.13, 4.11, 4.02, 4.15, 4.42, 4.6, 4.55, 4.78, 4.99, 4.81, 4.7, 3.84, 4.38, 4.99, 5.36, 5.07, 4.98, 5.06, 4.87, 4.11, 3.78, 3.189, 2.764, 2.52, 3.58, 4.16, 4.25, 4.04, 4.4, 3.36, 1.33, 0.85, 0, 1.27, 1.17, 2.23, 2.93, 3.17, 3.62, 3.7, 3.94, 3.76, 4.48, 5.87, 7.35, 7.36, 7.04, 7.01, 7.54, 7.86, 7.28, 6.71, 6.03, 6.32, 6.02, 5.53, 6.24, 6.17, 6.35], [5.12, 5.02, 4.65, 4.75, 5.13, 5.72, 6.0, 7.03, 7.27, 7.15, 7.39, 7.9, 8.04, 8.28, 8.4, 8.89, 8.43, 6.9, 5.89, 5.57, 5.25, 4.76, 4.43, 4.44, 4.43, 4.57, 5.15, 5.2, 5.16, 5.05, 5.22, 5.57, 5.63, 5.56, 5.65, 5.82, 5.64, 5.31, 4.63, 5.33, 5.86, 6.25, 5.98, 5.91, 5.99, 5.74, 4.86, 4.35, 3.82, 3.28, 3.03, 4.59, 5.27, 5.36, 5.15, 5.51, 4.47, 2.32, 1.6, 1.27, 0, 1.22, 2.88, 3.6, 3.98, 4.39, 4.45, 4.77, 4.71, 5.41, 6.8, 8.3, 8.35, 8.09, 8.1, 8.69, 8.85, 8.33, 7.74, 7.12, 7.39, 7.13, 6.7, 7.35, 7.3, 7.46], [4.46, 4.3, 4.07, 4.13, 4.55, 4.94, 5.34, 6.45, 6.69, 6.59, 6.83, 7.38, 7.56, 7.7, 7.9, 8.29, 7.91, 6.46, 5.43, 5.03, 4.79, 4.38, 4.07, 4.0, 3.89, 3.97, 4.51, 4.46, 4.4, 4.23, 4.7, 5.11, 4.95, 5.18, 5.404, 5.534, 5.314, 4.884, 4.13, 4.75, 5.16, 5.53, 5.26, 5.17, 5.25, 5.06, 4.22, 3.935, 3.416, 3.16, 2.85, 3.99, 4.75, 4.88, 4.71, 4.95, 3.99, 1.84, 1.46, 1.17, 1.22, 0, 2.02, 2.64, 2.96, 3.49, 3.65, 3.93, 3.75, 4.61, 6.3, 7.6, 7.59, 7.45, 7.64, 8.15, 8.19, 7.59, 7.02, 6.6, 6.85, 6.53, 6.24, 6.95, 6.9, 7.08], [3.86, 3.72, 3.53, 3.69, 4.03, 4.4, 4.72, 5.79, 6.05, 5.95, 6.13, 6.58, 6.52, 6.6, 6.78, 7.13, 6.79, 5.54, 4.77, 4.53, 4.63, 4.02, 3.53, 3.4, 3.13, 3.25, 3.57, 3.68, 3.58, 3.55, 4.24, 4.57, 4.37, 4.78, 5.21, 5.36, 5.14, 4.71, 4.246, 4.43, 4.8, 5.13, 4.68, 4.57, 4.65, 4.66, 4.16, 4.144, 3.731, 3.271, 3.215, 3.749, 4.21, 4.22, 3.95, 4.03, 3.19, 2.04, 2.14, 2.23, 2.88, 2.02, 0, 1.1, 1.44, 2.07, 2.29, 2.93, 2.65, 3.41, 5.1, 6.36, 6.53, 6.27, 6.56, 7.23, 7.37, 6.79, 6.3, 5.94, 6.21, 5.77, 5.38, 5.85, 5.82, 5.96], [3.62, 3.5, 3.55, 3.61, 3.85, 4.12, 4.58, 5.55, 5.83, 5.73, 5.85, 6.32, 6.22, 6.22, 6.4, 6.75, 6.49, 5.26, 4.47, 4.37, 4.39, 3.86, 3.55, 3.3, 3.13, 2.99, 3.27, 3.38, 3.24, 3.09, 4.14, 4.33, 4.27, 4.66, 5.17, 5.28, 5.04, 4.69, 4.344, 4.31, 4.46, 4.71, 4.18, 4.09, 4.19, 4.22, 3.86, 3.981, 3.871, 3.76, 3.726, 3.729, 4.09, 4.1, 3.81, 3.93, 2.93, 2.44, 2.98, 2.93, 3.6, 2.64, 1.1, 0, 1.0, 1.51, 1.99, 2.59, 2.37, 2.95, 4.72, 6.0, 6.11, 5.99, 6.26, 6.95, 6.95, 6.43, 5.98, 5.7, 5.93, 5.51, 5.1, 5.57, 5.54, 5.6], [3.62, 3.58, 3.67, 3.509, 3.69, 3.92, 4.42, 5.23, 5.49, 5.35, 5.53, 5.9, 5.82, 5.84, 6.02, 6.35, 6.09, 4.86, 4.07, 4.09, 4.09, 3.7, 3.61, 3.44, 3.23, 2.95, 3.05, 3.12, 2.94, 3.03, 4.0, 4.09, 4.03, 4.32, 4.85, 4.96, 4.76, 4.75, 4.484, 4.229, 4.5, 4.57, 3.88, 3.81, 3.87, 3.98, 3.64, 3.855, 3.81, 4.008, 3.993, 3.526, 3.75, 3.74, 3.47, 3.57, 2.77, 2.814, 3.26, 3.17, 3.98, 2.96, 1.44, 1.0, 0, 1.15, 1.73, 2.23, 1.99, 2.49, 4.32, 5.62, 5.79, 5.65, 5.88, 6.55, 6.55, 6.05, 5.64, 5.4, 5.71, 5.21, 4.76, 5.19, 5.14, 5.2], [3.87, 3.71, 3.86, 3.659, 3.5, 3.51, 3.89, 4.62, 4.9, 4.78, 4.94, 5.41, 5.29, 5.27, 5.45, 5.78, 5.54, 4.35, 3.64, 3.52, 3.72, 3.91, 4.0, 3.87, 3.6, 3.26, 2.88, 3.09, 2.89, 2.94, 3.79, 4.0, 4.08, 4.25, 4.62, 4.43, 4.65, 4.679, 4.596, 3.999, 4.17, 4.12, 3.49, 3.3, 3.4, 3.55, 3.23, 3.641, 3.882, 4.153, 4.249, 3.259, 3.14, 3.15, 2.9, 3.02, 2.64, 3.127, 3.69, 3.62, 4.39, 3.49, 2.07, 1.51, 1.15, 0, 0.86, 1.52, 1.36, 1.9, 3.79, 4.99, 5.08, 5.02, 5.35, 6.02, 6.02, 5.54, 5.09, 4.89, 5.32, 4.92, 4.59, 4.9, 4.63, 4.65], [4.17, 4.01, 4.1, 3.72, 3.64, 3.57, 3.71, 4.4, 4.68, 4.6, 4.76, 5.21, 5.01, 4.99, 5.17, 5.5, 5.22, 4.15, 3.4, 3.26, 3.56, 4.07, 4.28, 4.17, 3.9, 3.56, 3.1, 3.27, 3.11, 3.22, 3.83, 4.08, 4.36, 4.45, 4.68, 4.49, 4.77, 4.74, 4.656, 4.0, 4.07, 4.12, 3.43, 3.38, 3.48, 3.69, 3.35, 3.694, 3.913, 4.17, 4.289, 3.039, 2.92, 2.93, 2.74, 2.82, 2.68, 3.17, 3.77, 3.7, 4.45, 3.65, 2.29, 1.99, 1.73, 0.86, 0, 1.1, 1.2, 1.62, 3.53, 4.69, 4.84, 4.74, 5.13, 5.84, 5.78, 5.32, 4.91, 4.85, 5.24, 4.9, 4.59, 4.74, 4.33, 4.37], [3.89, 3.73, 3.817, 3.7, 3.657, 3.47, 3.71, 3.82, 3.96, 3.88, 4.04, 4.45, 4.31, 4.35, 4.55, 4.94, 4.54, 3.43, 3.26, 3.28, 3.391, 4.167, 4.12, 4.11, 3.74, 3.46, 2.86, 3.07, 3.01, 3.04, 3.31, 3.76, 4.1, 4.207, 4.491, 4.281, 4.644, 4.655, 4.618, 3.557, 3.384, 3.517, 2.95, 3.06, 3.08, 3.187, 3.233, 3.861, 4.07, 4.373, 4.495, 3.004, 2.56, 2.37, 2.12, 2.22, 2.2, 3.37, 4.07, 3.94, 4.77, 3.93, 2.93, 2.59, 2.23, 1.52, 1.1, 0, 0.98, 1.36, 2.87, 4.05, 4.26, 4.14, 4.51, 5.22, 5.16, 4.72, 4.27, 4.23, 4.58, 4.22, 3.97, 4.14, 3.71, 3.77], [3.51, 3.29, 3.36, 3.489, 3.26, 3.15, 3.35, 3.72, 3.94, 3.88, 4.1, 4.49, 4.33, 4.39, 4.61, 5.0, 4.58, 3.45, 3.16, 2.98, 3.271, 3.63, 3.84, 3.91, 3.52, 3.24, 2.64, 2.95, 2.75, 2.76, 3.31, 3.6, 3.64, 3.67, 4.045, 3.915, 4.178, 4.41, 4.392, 3.56, 3.55, 3.74, 3.09, 3.0, 3.04, 3.167, 3.095, 3.734, 3.896, 4.202, 4.289, 2.822, 2.36, 2.23, 2.06, 2.22, 2.18, 3.27, 3.83, 3.76, 4.71, 3.75, 2.65, 2.37, 1.99, 1.36, 1.2, 0.98, 0, 1.18, 2.93, 4.07, 4.3, 4.22, 4.47, 5.14, 5.18, 4.76, 4.37, 4.29, 4.7, 4.38, 3.97, 4.16, 3.71, 3.79], [3.93, 3.83, 4.065, 4.066, 3.846, 3.753, 3.953, 3.44, 3.5, 3.5, 3.7, 3.79, 3.73, 3.93, 4.05, 4.32, 3.96, 3.09, 2.78, 3.135, 3.518, 4.171, 4.12, 4.17, 3.86, 3.6, 2.94, 3.05, 2.99, 3.22, 3.79, 3.7, 4.1, 4.161, 4.562, 4.475, 4.755, 5.086, 5.086, 4.162, 3.978, 4.171, 3.53, 3.5, 3.46, 3.67, 3.873, 4.597, 4.83, 5.082, 5.097, 3.406, 2.56, 2.33, 2.34, 2.3, 2.32, 4.09, 4.59, 4.48, 5.41, 4.61, 3.41, 2.95, 2.49, 1.9, 1.62, 1.36, 1.18, 0, 2.17, 3.43, 4.28, 4.0, 4.17, 4.78, 4.84, 4.68, 4.43, 4.29, 4.72, 4.38, 3.89, 3.86, 3.39, 3.37], [4.732, 4.729, 5.347, 5.596, 5.308, 5.394, 5.42, 4.36, 3.868, 3.636, 3.39, 2.68, 2.36, 2.36, 2.38, 2.61, 2.17, 2.437, 3.877, 4.513, 5.008, 5.601, 5.579, 5.323, 5.05, 4.75, 3.73, 4.1, 4.277, 4.77, 4.929, 4.825, 4.844, 5.072, 5.908, 5.869, 6.009, 6.682, 6.648, 5.396, 4.78, 4.579, 4.435, 4.572, 4.408, 4.248, 5.539, 6.364, 6.576, 6.72, 6.647, 4.913, 3.662, 2.9, 2.69, 2.13, 3.17, 5.54, 6.04, 5.87, 6.8, 6.3, 5.1, 4.72, 4.32, 3.79, 3.53, 2.87, 2.93, 2.17, 0, 1.74, 2.83, 2.57, 2.5, 3.07, 3.47, 3.83, 4.1, 4.18, 4.45, 4.19, 3.5, 2.87, 2.7, 2.62], [5.709, 5.669, 6.342, 6.636, 6.359, 6.306, 6.34, 5.377, 4.931, 4.705, 4.311, 2.987, 1.82, 1.34, 1.3, 1.41, 1.37, 3.324, 5.034, 5.602, 6.145, 6.798, 6.656, 6.266, 5.916, 5.63, 4.47, 5.009, 5.249, 5.716, 6.049, 6.002, 5.799, 6.215, 7.105, 7.012, 7.152, 7.716, 7.679, 6.376, 5.723, 5.455, 5.313, 5.513, 5.349, 5.166, 6.436, 7.241, 7.394, 7.56, 7.596, 5.959, 4.85, 4.08, 4.03, 3.49, 4.55, 6.9, 7.46, 7.35, 8.3, 7.6, 6.36, 6.0, 5.62, 4.99, 4.69, 4.05, 4.07, 3.43, 1.74, 0, 1.51, 1.75, 2.18, 2.39, 2.75, 3.479, 4.129, 4.889, 5.056, 5.059, 3.915, 3.01, 3.12, 2.9], [5.136, 5.13, 5.832, 6.066, 5.87, 5.656, 5.742, 5.321, 4.961, 4.601, 4.221, 3.214, 1.67, 1.35, 1.35, 1.44, 1.34, 3.15, 4.921, 5.318, 5.704, 6.368, 6.046, 5.67, 5.38, 5.1, 3.92, 4.39, 4.67, 5.06, 5.499, 5.472, 5.241, 5.811, 6.747, 6.565, 6.708, 7.141, 7.089, 5.806, 5.093, 4.822, 4.733, 4.823, 4.718, 4.568, 5.822, 6.6, 6.77, 6.99, 7.12, 5.6, 4.66, 4.07, 4.16, 3.64, 4.54, 6.87, 7.53, 7.36, 8.35, 7.59, 6.53, 6.11, 5.79, 5.08, 4.84, 4.26, 4.3, 4.28, 2.83, 1.51, 0, 1.12, 1.75, 2.2, 2.48, 2.94, 3.485, 4.33, 4.463, 4.5, 3.448, 2.74, 2.83, 2.67], [4.41, 4.45, 5.04, 5.32, 5.16, 5.034, 5.02, 4.44, 4.035, 3.655, 3.3, 2.43, 1.29, 1.39, 1.43, 1.76, 1.26, 2.49, 4.1, 4.52, 5.04, 5.61, 5.38, 5.09, 5.06, 4.72, 3.38, 3.75, 4.05, 4.46, 4.696, 4.709, 4.432, 4.93, 5.864, 5.78, 5.914, 6.381, 6.306, 5.037, 4.486, 4.279, 4.157, 4.333, 4.2, 4.03, 5.39, 6.24, 6.57, 6.73, 6.68, 5.08, 4.14, 3.57, 3.72, 3.2, 4.14, 6.49, 7.17, 7.04, 8.09, 7.45, 6.27, 5.99, 5.65, 5.02, 4.74, 4.14, 4.22, 4.0, 2.57, 1.75, 1.12, 0, 1.05, 1.58, 2.04, 2.36, 2.75, 3.47, 3.646, 3.586, 2.67, 1.88, 1.97, 1.83], [4.22, 4.34, 4.83, 5.09, 4.85, 4.865, 4.82, 4.01, 3.65, 3.19, 2.93, 2.02, 1.24, 1.72, 1.72, 2.21, 1.65, 2.12, 3.67, 4.11, 4.61, 5.08, 5.03, 5.02, 5.15, 4.73, 3.45, 3.54, 3.9, 4.29, 4.297, 4.19, 4.164, 4.4, 5.29, 5.3, 5.4, 6.168, 6.004, 4.889, 4.353, 4.226, 4.16, 4.27, 4.11, 3.96, 5.36, 6.27, 6.62, 6.8, 6.65, 5.05, 3.89, 3.32, 3.49, 3.03, 3.93, 6.52, 7.08, 7.01, 8.1, 7.64, 6.56, 6.26, 5.88, 5.35, 5.13, 4.51, 4.47, 4.17, 2.5, 2.18, 1.75, 1.05, 0, 1.05, 1.71, 2.09, 2.48, 3.06, 3.322, 3.17, 2.04, 1.45, 1.64, 1.6], [4.43, 4.51, 4.96, 5.04, 4.74, 4.67, 4.81, 3.92, 3.44, 3.16, 2.92, 2.01, 1.59, 2.05, 2.01, 2.42, 1.98, 2.27, 3.62, 4.16, 4.54, 4.99, 5.16, 5.29, 5.42, 5.02, 3.94, 3.77, 4.01, 4.3, 4.19, 4.02, 4.14, 4.41, 5.16, 5.11, 5.25, 5.98, 5.92, 4.84, 4.33, 4.24, 4.29, 4.36, 4.18, 4.01, 5.39, 6.36, 6.79, 6.95, 6.96, 5.22, 4.0, 3.55, 3.94, 3.52, 4.46, 7.17, 7.67, 7.54, 8.69, 8.15, 7.23, 6.95, 6.55, 6.02, 5.84, 5.22, 5.14, 4.78, 3.07, 2.39, 2.2, 1.58, 1.05, 0, 1.18, 1.78, 2.33, 2.89, 3.16, 3.14, 2.11, 2.0, 2.33, 2.39], [4.27, 4.41, 4.78, 4.7, 4.2, 4.17, 4.35, 3.44, 2.96, 2.88, 2.66, 1.97, 1.95, 2.43, 2.47, 2.96, 2.62, 2.49, 3.56, 3.98, 4.14, 4.75, 4.94, 5.01, 5.22, 4.92, 4.06, 3.81, 3.95, 4.14, 3.87, 3.72, 3.82, 4.27, 4.88, 4.79, 4.91, 5.38, 5.5, 4.46, 3.83, 3.86, 3.91, 3.94, 3.86, 3.77, 4.97, 6.02, 6.55, 6.75, 6.84, 5.08, 3.98, 3.75, 4.14, 3.72, 4.74, 7.35, 7.91, 7.86, 8.85, 8.19, 7.37, 6.95, 6.55, 6.02, 5.78, 5.16, 5.18, 4.84, 3.47, 2.75, 2.48, 2.04, 1.71, 1.18, 0, 1.12, 1.89, 2.47, 2.68, 2.66, 2.43, 2.5, 2.67, 2.83], [3.53, 3.67, 4.12, 4.06, 3.58, 3.45, 3.63, 3.04, 2.66, 2.54, 2.36, 1.95, 2.25, 2.89, 3.15, 3.68, 3.16, 2.23, 3.2, 3.42, 3.64, 4.27, 4.42, 4.49, 4.7, 4.42, 3.56, 3.23, 3.39, 3.56, 3.23, 3.12, 3.12, 3.67, 4.32, 4.19, 4.29, 4.84, 4.86, 3.8, 3.27, 3.3, 3.39, 3.4, 3.28, 3.23, 4.45, 5.46, 5.91, 6.11, 6.16, 4.44, 3.68, 3.57, 3