[[0, 0.65, 1.35, 1.87, 2.14, 2.2, 2.4, 2.53, 2.39, 2.67, 2.62, 2.54, 2.67, 2.56, 2.83, 3.19, 3.32, 2.88, 2.4, 4.145, 6.384, 6.104, 6.074, 5.795, 5.752, 5.296, 4.345, 2.8, 2.63, 2.577, 2.657, 3.382, 3.85, 3.11, 2.55, 2.25, 2.65, 3.15, 3.767, 4.859, 5.435, 5.904, 5.713, 5.563, 6.511, 6.573, 5.969, 6.646, 7.48, 8.033, 7.912, 7.823, 7.555, 6.518, 6.164, 7.184, 8.278, 8.782, 8.904, 8.173, 7.266, 7.149, 7.116, 6.84, 6.044, 5.46, 5.187, 5.011, 4.381, 3.947, 4.147, 4.721, 5.237, 6.269, 6.557, 5.845, 5.168, 4.81, 4.511, 4.247, 3.06, 2.71, 2.884, 2.911, 2.75, 2.62], [0.65, 0, 1.14, 1.8, 2.19, 2.45, 2.65, 2.74, 2.64, 2.9, 2.83, 2.77, 2.86, 2.79, 3.08, 3.4, 3.61, 3.13, 2.69, 4.315, 6.561, 6.194, 6.167, 5.948, 5.917, 5.418, 4.507, 3.07, 2.86, 2.76, 2.867, 3.512, 4.04, 3.26, 2.7, 2.5, 2.9, 3.42, 4.0, 5.049, 5.591, 6.0, 5.809, 5.679, 6.607, 6.689, 6.137, 6.822, 7.621, 8.238, 8.076, 7.944, 7.654, 6.646, 6.297, 7.38, 8.377, 8.877, 9.1, 8.386, 7.454, 7.322, 7.309, 7.05, 6.274, 5.59, 5.297, 5.261, 4.465, 4.18, 4.297, 4.83, 5.362, 6.339, 6.705, 5.999, 5.344, 4.98, 4.638, 4.36, 3.233, 2.91, 3.014, 3.078, 2.947, 2.75], [1.35, 1.14, 0, 1.26, 1.81, 2.35, 2.73, 2.8, 2.72, 2.92, 2.93, 2.89, 3.08, 2.87, 3.28, 3.62, 3.67, 3.37, 3.3, 5.163, 7.361, 6.94, 6.856, 6.629, 6.652, 6.267, 5.194, 3.737, 3.54, 3.555, 3.605, 4.301, 4.71, 3.927, 3.34, 2.86, 3.32, 3.84, 4.655, 5.704, 6.334, 6.74, 6.53, 6.422, 7.281, 7.458, 6.871, 7.555, 8.333, 8.917, 8.793, 8.673, 8.389, 7.38, 7.009, 8.123, 9.147, 9.632, 9.824, 9.121, 8.346, 8.111, 8.035, 7.775, 6.982, 6.335, 6.014, 6.004, 5.324, 4.864, 4.979, 5.506, 6.068, 7.228, 7.426, 6.68, 6.042, 5.587, 5.473, 5.249, 4.128, 3.722, 3.86, 3.888, 3.762, 3.625], [1.87, 1.8, 1.26, 0, 1.51, 1.95, 2.23, 2.5, 2.26, 2.54, 2.51, 2.41, 2.6, 2.43, 2.74, 3.06, 3.09, 3.17, 3.565, 5.432, 7.669, 7.332, 7.276, 6.966, 6.956, 6.585, 5.6, 4.06, 3.802, 3.911, 3.878, 4.488, 5.057, 4.368, 3.61, 2.9, 3.26, 4.043, 4.85, 6.054, 6.641, 7.106, 6.924, 6.748, 7.696, 7.667, 7.081, 7.765, 8.539, 9.166, 9.028, 8.914, 8.703, 7.598, 7.286, 8.314, 9.386, 9.904, 10.027, 9.347, 8.478, 8.308, 8.297, 8.102, 7.333, 6.633, 6.483, 6.487, 5.751, 5.12, 5.42, 5.958, 6.594, 7.642, 7.756, 7.048, 6.37, 5.947, 5.816, 5.618, 4.538, 4.175, 4.26, 4.208, 4.115, 3.894], [2.14, 2.19, 1.81, 1.51, 0, 1.02, 1.76, 2.07, 2.23, 2.939, 2.774, 2.58, 2.61, 2.26, 2.69, 2.79, 3.08, 3.449, 4.07, 6.045, 8.305, 7.967, 7.942, 7.667, 7.633, 7.199, 6.232, 4.661, 4.378, 4.42, 4.52, 5.231, 5.714, 4.938, 4.16, 3.426, 3.837, 4.708, 5.525, 6.731, 7.312, 7.784, 7.608, 7.469, 8.385, 8.502, 7.883, 8.58, 9.4, 9.973, 9.834, 9.746, 9.467, 8.435, 8.072, 9.118, 10.195, 10.687, 10.825, 10.068, 9.23, 9.104, 9.016, 8.746, 7.93, 7.296, 7.023, 6.774, 6.25, 5.782, 5.988, 6.564, 7.103, 8.172, 8.48, 7.718, 7.04, 6.591, 6.395, 6.116, 4.932, 4.626, 4.77, 4.834, 4.654, 4.43], [2.2, 2.45, 2.35, 1.95, 1.02, 0, 1.22, 1.59, 1.95, 2.73, 2.6, 2.4, 2.43, 2.2, 2.49, 2.65, 2.84, 3.289, 3.85, 5.745, 7.985, 7.718, 7.725, 7.355, 7.332, 6.839, 5.954, 4.36, 4.078, 4.117, 4.254, 4.951, 5.448, 4.678, 3.8, 3.136, 3.564, 4.47, 5.208, 6.402, 7.058, 7.544, 7.387, 7.246, 8.162, 8.272, 7.677, 8.363, 9.105, 9.759, 9.617, 9.511, 9.238, 8.158, 7.795, 8.889, 9.941, 10.461, 10.57, 9.848, 9.009, 8.854, 8.764, 8.534, 7.744, 7.196, 6.849, 6.574, 6.055, 5.813, 5.918, 6.394, 6.86, 7.812, 8.218, 7.42, 6.726, 6.285, 6.015, 5.696, 4.592, 4.386, 4.448, 4.544, 4.389, 4.199], [2.4, 2.65, 2.73, 2.23, 1.76, 1.22, 0, 0.81, 1.23, 1.77, 1.78, 1.66, 1.79, 1.9, 2.15, 2.01, 2.18, 2.48, 3.033, 4.918, 6.99, 6.809, 6.862, 6.466, 6.361, 5.847, 4.979, 3.443, 3.272, 3.312, 3.468, 4.054, 4.474, 3.663, 2.871, 2.27, 2.756, 3.538, 4.316, 5.479, 6.164, 6.627, 6.467, 6.379, 7.199, 7.4, 6.802, 7.485, 8.245, 8.866, 8.737, 8.651, 8.335, 7.404, 6.976, 8.012, 9.041, 9.547, 9.695, 8.97, 8.148, 7.994, 7.884, 7.657, 6.867, 6.755, 6.425, 6.012, 5.485, 5.258, 5.361, 5.685, 6.029, 6.84, 7.288, 6.431, 5.737, 5.294, 5.02, 4.742, 3.846, 3.761, 3.879, 3.929, 3.832, 3.585], [2.53, 2.74, 2.8, 2.5, 2.07, 1.59, 0.81, 0, 0.9, 1.52, 1.51, 1.47, 1.48, 1.85, 2.02, 1.68, 1.87, 2.21, 2.75, 4.565, 6.629, 6.411, 6.466, 6.016, 5.963, 5.557, 4.65, 3.112, 2.925, 3.091, 3.304, 3.791, 4.095, 3.253, 2.602, 2.06, 2.468, 3.299, 4.034, 5.049, 5.765, 6.225, 6.077, 5.989, 6.803, 7.022, 6.418, 7.101, 7.852, 8.493, 8.355, 8.261, 7.939, 6.977, 6.568, 7.622, 8.642, 9.157, 9.299, 8.563, 7.791, 7.595, 7.54, 7.276, 6.582, 6.425, 6.141, 5.811, 5.238, 5.054, 5.174, 5.338, 5.662, 6.589, 6.908, 6.019, 5.348, 4.902, 4.755, 4.557, 3.925, 3.811, 3.829, 3.942, 3.845, 3.675], [2.39, 2.64, 2.72, 2.26, 2.23, 1.95, 1.23, 0.9, 0, 0.92, 0.99, 0.87, 1.06, 1.45, 1.54, 1.7, 1.89, 1.87, 2.47, 4.181, 6.269, 5.98, 5.963, 5.599, 5.534, 5.24, 4.253, 2.89, 2.66, 2.682, 2.664, 3.273, 3.687, 2.993, 2.173, 1.6, 1.854, 2.722, 3.474, 4.65, 5.259, 5.739, 5.595, 5.496, 6.367, 6.502, 5.913, 6.61, 7.358, 8.02, 7.867, 7.77, 7.448, 6.408, 6.014, 7.148, 8.151, 8.666, 8.812, 8.089, 7.254, 7.125, 7.038, 6.823, 6.104, 5.825, 5.601, 5.382, 4.769, 4.351, 4.434, 4.795, 5.396, 6.304, 6.463, 5.682, 4.982, 4.542, 4.448, 4.267, 3.525, 3.494, 3.381, 3.462, 3.465, 3.261], [2.67, 2.9, 2.92, 2.54, 2.939, 2.73, 1.77, 1.52, 0.92, 0, 0.67, 0.85, 1.4, 1.93, 1.84, 1.7, 1.71, 1.47, 1.99, 3.689, 5.654, 5.337, 5.259, 4.966, 4.957, 4.603, 3.627, 2.27, 2.2, 2.377, 2.204, 2.627, 2.981, 2.404, 1.66, 1.22, 1.32, 2.1, 2.796, 3.959, 4.628, 5.062, 4.846, 4.766, 5.647, 5.795, 5.165, 5.864, 6.615, 7.266, 7.124, 7.021, 6.711, 5.7, 5.246, 6.391, 7.426, 7.94, 8.089, 7.409, 6.665, 6.477, 6.427, 6.18, 5.65, 5.505, 5.298, 5.148, 4.458, 4.071, 4.216, 4.518, 5.079, 5.813, 5.688, 4.938, 4.367, 3.927, 3.879, 3.852, 3.497, 3.377, 3.324, 3.351, 3.331, 3.241], [2.62, 2.83, 2.93, 2.51, 2.774, 2.6, 1.78, 1.51, 0.99, 0.67, 0, 0.66, 0.95, 1.66, 1.71, 1.59, 1.46, 1.2, 2.14, 3.847, 5.978, 5.553, 5.459, 5.193, 5.244, 4.907, 3.897, 2.38, 2.33, 2.498, 2.474, 2.781, 3.291, 2.671, 2.03, 1.57, 1.53, 2.41, 3.064, 4.208, 4.881, 5.312, 5.056, 4.943, 5.917, 5.985, 5.321, 6.008, 6.763, 7.425, 7.286, 7.168, 6.853, 5.807, 5.422, 6.539, 7.556, 8.11, 8.239, 7.648, 6.913, 6.678, 6.571, 6.29, 5.76, 5.515, 5.351, 5.258, 4.468, 4.081, 4.344, 4.648, 5.226, 6.003, 5.913, 5.268, 4.591, 4.137, 4.151, 4.068, 3.69, 3.587, 3.534, 3.481, 3.484, 3.374], [2.54, 2.77, 2.89, 2.41, 2.58, 2.4, 1.66, 1.47, 0.87, 0.85, 0.66, 0, 0.83, 1.38, 1.35, 1.39, 1.36, 1.44, 2.16, 3.947, 6.076, 5.75, 5.679, 5.412, 5.404, 5.07, 4.057, 2.564, 2.36, 2.572, 2.454, 2.897, 3.451, 2.825, 2.09, 1.65, 1.75, 2.59, 3.282, 4.459, 5.055, 5.527, 5.288, 5.135, 6.117, 6.205, 5.552, 6.249, 7.018, 7.654, 7.521, 7.435, 7.107, 6.03, 5.681, 6.767, 7.807, 8.319, 8.479, 7.819, 6.984, 6.815, 6.691, 6.49, 5.94, 5.595, 5.442, 5.332, 4.519, 4.081, 4.306, 4.665, 5.286, 6.177, 6.117, 5.465, 4.814, 4.377, 4.327, 4.227, 3.607, 3.567, 3.494, 3.501, 3.481, 3.371], [2.67, 2.86, 3.08, 2.6, 2.61, 2.43, 1.79, 1.48, 1.06, 1.4, 0.95, 0.83, 0, 1.05, 1.16, 1.48, 1.51, 1.49, 2.49, 4.225, 6.458, 5.98, 5.872, 5.571, 5.694, 5.44, 4.387, 2.93, 2.66, 2.722, 2.804, 3.251, 3.747, 3.173, 2.48, 1.94, 1.9, 2.72, 3.514, 4.61, 5.331, 5.751, 5.449, 5.319, 6.329, 6.341, 5.709, 6.403, 7.134, 7.821, 7.671, 7.559, 7.257, 6.123, 5.82, 6.929, 7.966, 8.48, 8.649, 8.041, 7.314, 7.011, 6.89, 6.623, 5.924, 5.585, 5.461, 5.368, 4.578, 4.011, 4.334, 4.858, 5.376, 6.484, 6.32, 5.77, 5.03, 4.493, 4.595, 4.415, 3.72, 3.717, 3.624, 3.634, 3.574, 3.364], [2.56, 2.79, 2.87, 2.43, 2.26, 2.2, 1.9, 1.85, 1.45, 1.93, 1.66, 1.38, 1.05, 0, 1.01, 1.75, 1.86, 2.18, 3.158, 4.878, 7.076, 6.468, 6.346, 6.176, 6.342, 6.008, 4.917, 3.733, 3.425, 3.514, 3.341, 3.863, 4.309, 3.723, 2.963, 2.35, 2.45, 3.134, 4.112, 5.255, 5.893, 6.247, 5.863, 5.687, 6.754, 6.711, 6.066, 6.733, 7.486, 8.097, 7.944, 7.861, 7.577, 6.599, 6.211, 7.294, 8.328, 8.885, 9.045, 8.551, 7.904, 7.595, 7.488, 7.133, 6.434, 6.049, 5.936, 5.943, 5.056, 4.395, 4.521, 5.293, 5.983, 7.027, 6.868, 6.426, 5.686, 5.149, 5.275, 5.1, 4.046, 3.879, 3.834, 3.941, 3.841, 3.651], [2.83, 3.08, 3.28, 2.74, 2.69, 2.49, 2.15, 2.02, 1.54, 1.84, 1.71, 1.35, 1.16, 1.01, 0, 1.5, 1.71, 2.07, 2.91, 4.515, 6.703, 6.198, 6.073, 5.843, 5.955, 5.635, 4.53, 3.43, 3.18, 3.18, 3.03, 3.55, 3.939, 3.45, 2.74, 2.34, 2.3, 3.02, 3.745, 4.942, 5.5, 5.945, 5.71, 5.519, 6.507, 6.449, 5.843, 6.499, 7.333, 7.921, 7.797, 7.68, 7.48, 6.406, 6.108, 7.123, 8.198, 8.683, 8.853, 8.189, 7.435, 7.063, 7.135, 6.9, 6.201, 5.736, 5.649, 5.65, 4.823, 4.082, 4.368, 5.0, 5.67, 6.694, 6.575, 6.056, 5.316, 4.836, 4.922, 4.771, 3.968, 3.9, 3.701, 3.828, 3.788, 3.718], [3.19, 3.4, 3.62, 3.06, 2.79, 2.65, 2.01, 1.68, 1.7, 1.7, 1.59, 1.39, 1.48, 1.75, 1.5, 0, 0.91, 1.51, 2.11, 4.066, 6.205, 5.87, 5.97, 5.74, 5.594, 5.18, 4.233, 2.75, 2.7, 3.02, 3.15, 3.26, 3.62, 2.8, 2.38, 2.16, 2.44, 3.28, 3.86, 4.78, 5.187, 5.605, 5.449, 5.282, 6.229, 6.226, 5.657, 6.311, 7.164, 7.749, 7.61, 7.465, 7.251, 6.446, 6.08, 6.894, 7.959, 8.463, 8.626, 7.909, 6.951, 6.824, 6.904, 6.711, 6.073, 6.036, 5.95, 5.78, 4.97, 4.78, 5.1, 5.189, 5.556, 6.23, 6.305, 5.596, 4.994, 4.584, 4.376, 4.41, 4.5, 4.46, 4.37, 4.42, 4.38, 4.25], [3.32, 3.61, 3.67, 3.09, 3.08, 2.84, 2.18, 1.87, 1.89, 1.71, 1.46, 1.36, 1.51, 1.86, 1.71, 0.91, 0, 1.2, 2.12, 3.9, 5.959, 5.602, 5.57, 5.3, 5.298, 4.92, 4.01, 2.54, 2.45, 2.89, 2.96, 3.11, 3.43, 2.75, 2.59, 2.35, 2.49, 3.17, 3.71, 4.41, 5.04, 5.4, 5.19, 5.012, 5.987, 6.13, 5.503, 6.1, 6.82, 7.436, 7.295, 7.203, 6.944, 6.09, 5.77, 6.587, 7.641, 8.15, 8.242, 7.59, 6.852, 6.644, 6.52, 6.298, 5.73, 5.75, 5.74, 5.57, 4.74, 4.57, 4.89, 4.96, 5.31, 5.95, 5.915, 5.3, 4.67, 4.23, 4.25, 4.26, 4.55, 4.55, 4.38, 4.41, 4.39, 4.26], [2.88, 3.13, 3.37, 3.17, 3.449, 3.289, 2.48, 2.21, 1.87, 1.47, 1.2, 1.44, 1.49, 2.18, 2.07, 1.51, 1.2, 0, 1.5, 3.18, 5.332, 4.94, 4.95, 4.66, 4.66, 4.36, 3.33, 1.8, 1.73, 2.07, 2.12, 2.23, 2.71, 2.07, 1.89, 1.69, 1.69, 2.33, 2.85, 3.69, 4.266, 4.667, 4.367, 4.28, 5.25, 5.342, 4.723, 5.317, 6.054, 6.719, 6.56, 6.457, 6.176, 5.27, 4.83, 5.867, 6.888, 7.413, 7.542, 6.953, 6.289, 6.04, 5.87, 5.62, 4.99, 5.07, 4.94, 4.81, 4.0, 3.75, 4.03, 4.22, 4.63, 5.39, 5.215, 4.605, 3.919, 3.47, 3.51, 3.52, 3.81, 3.83, 3.68, 3.69, 3.69, 3.54], [2.4, 2.69, 3.3, 3.565, 4.07, 3.85, 3.033, 2.75, 2.47, 1.99, 2.14, 2.16, 2.49, 3.158, 2.91, 2.11, 2.12, 1.5, 0, 2.16, 4.352, 4.003, 4.05, 3.82, 3.74, 3.3, 2.33, 0.9, 0.83, 1.07, 1.32, 1.51, 1.75, 1.21, 1.27, 1.43, 1.69, 1.93, 2.11, 2.83, 3.34, 3.797, 3.653, 3.497, 4.407, 4.541, 3.949, 4.637, 5.472, 6.037, 5.901, 5.786, 5.484, 4.63, 4.23, 5.152, 6.241, 6.721, 6.864, 6.11, 5.3, 5.117, 5.09, 4.88, 4.15, 4.15, 4.02, 3.77, 3.06, 3.01, 3.29, 3.26, 3.57, 4.33, 4.52, 3.716, 3.17, 2.79, 2.59, 2.5, 2.81, 2.77, 2.72, 2.75, 2.69, 2.6], [4.145, 4.315, 5.163, 5.432, 6.045, 5.745, 4.918, 4.565, 4.181, 3.689, 3.847, 3.947, 4.225, 4.878, 4.515, 4.066, 3.9, 3.18, 2.16, 0, 2.4, 2.2, 2.25, 1.92, 1.88, 1.56, 1.01, 1.84, 1.95, 1.89, 1.84, 1.43, 1.69, 1.89, 2.53, 3.223, 3.13, 2.75, 1.89, 1.65, 1.94, 2.38, 2.19, 2.18, 2.77, 2.85, 2.49, 3.01, 3.67, 4.28, 4.15, 4.03, 3.661, 2.61, 2.31, 3.301, 4.358, 4.87, 4.97, 4.23, 3.42, 3.26, 3.13, 2.96, 2.37, 2.55, 2.6, 2.25, 1.98, 2.23, 2.47, 1.96, 2.33, 2.79, 2.96, 2.19, 1.75, 1.53, 1.35, 1.38, 2.19, 2.39, 2.14, 2.19, 2.23, 2.36], [6.384, 6.561, 7.361, 7.669, 8.305, 7.985, 6.99, 6.629, 6.269, 5.654, 5.978, 6.076, 6.458, 7.076, 6.703, 6.205, 5.959, 5.332, 4.352, 2.4, 0, 1.08, 1.71, 1.42, 1.26, 1.38, 2.31, 3.82, 4.15, 4.13, 4.02, 3.33, 3.03, 3.55, 4.34, 5.103, 4.985, 4.39, 3.31, 2.33, 2.08, 2.04, 2.01, 2.14, 2.37, 2.85, 2.49, 2.45, 2.57, 2.96, 3.19, 2.95, 2.23, 1.95, 1.87, 1.87, 2.29, 3.05, 3.39, 2.67, 1.76, 1.96, 1.79, 1.62, 1.91, 2.63, 2.56, 2.43, 2.86, 3.15, 3.11, 2.48, 2.35, 2.13, 1.66, 1.29, 1.65, 2.09, 2.21, 2.96, 4.23, 4.35, 4.14, 4.13, 4.17, 4.38], [6.104, 6.194, 6.94, 7.332, 7.967, 7.718, 6.809, 6.411, 5.98, 5.337, 5.553, 5.75, 5.98, 6.468, 6.198, 5.87, 5.602, 4.94, 4.003, 2.2, 1.08, 0, 1.07, 1.04, 1.14, 1.28, 2.01, 3.62, 3.89, 3.89, 3.76, 3.01, 2.75, 3.27, 4.048, 4.794, 4.61, 4.05, 2.99, 2.07, 1.98, 1.78, 1.65, 1.72, 1.89, 2.37, 1.97, 2.09, 2.33, 2.62, 2.73, 2.43, 2.07, 1.83, 1.67, 1.81, 2.45, 2.97, 3.25, 2.57, 1.88, 1.72, 1.63, 1.3, 1.49, 2.15, 2.2, 1.99, 2.26, 2.63, 2.41, 1.98, 1.99, 1.95, 1.36, 1.19, 1.43, 1.69, 2.11, 2.86, 4.09, 4.23, 4.04, 4.07, 4.09, 4.26], [6.074, 6.167, 6.856, 7.276, 7.942, 7.725, 6.862, 6.466, 5.963, 5.259, 5.459, 5.679, 5.872, 6.346, 6.073, 5.97, 5.57, 4.95, 4.05, 2.25, 1.71, 1.07, 0, 1.23, 1.31, 1.31, 2.02, 3.65, 3.82, 3.92, 3.71, 3.1, 2.7, 3.46, 4.08, 4.813, 4.46, 3.78, 2.9, 1.9, 1.83, 1.49, 1.44, 1.65, 1.66, 2.16, 1.86, 2.14, 2.44, 2.71, 2.62, 2.32, 1.94, 1.36, 1.46, 1.7, 2.46, 2.9, 3.1, 2.56, 2.15, 1.87, 1.98, 1.85, 1.62, 2.24, 2.19, 1.9, 2.27, 2.6, 2.44, 2.05, 1.94, 2.02, 1.75, 1.66, 1.84, 2.0, 2.34, 2.95, 4.14, 4.28, 4.07, 4.1, 4.12, 4.29], [5.795, 5.948, 6.629, 6.966, 7.667, 7.355, 6.466, 6.016, 5.599, 4.966, 5.193, 5.412, 5.571, 6.176, 5.843, 5.74, 5.3, 4.66, 3.82, 1.92, 1.42, 1.04, 1.23, 0, 0.78, 1.08, 1.73, 3.32, 3.53, 3.57, 3.42, 2.81, 2.49, 3.21, 3.87, 4.61, 4.33, 3.61, 2.63, 1.67, 1.86, 1.88, 1.59, 1.58, 1.81, 2.21, 1.91, 2.35, 2.59, 3.06, 3.19, 2.97, 2.21, 1.55, 1.49, 1.83, 2.77, 3.39, 3.65, 3.01, 2.4, 2.16, 2.09, 1.76, 1.63, 2.15, 2.14, 2.05, 2.18, 2.31, 2.23, 1.78, 1.95, 2.15, 1.88, 1.45, 1.29, 1.65, 1.97, 2.6, 3.73, 3.85, 3.66, 3.69, 3.71, 3.88], [5.752, 5.917, 6.652, 6.956, 7.633, 7.332, 6.361, 5.963, 5.534, 4.957, 5.244, 5.404, 5.694, 6.342, 5.955, 5.594, 5.298, 4.66, 3.74, 1.88, 1.26, 1.14, 1.31, 0.78, 0, 0.94, 1.63, 3.22, 3.49, 3.51, 3.34, 2.71, 2.43, 3.01, 3.79, 4.57, 4.33, 3.69, 2.57, 1.69, 1.9, 1.96, 1.57, 1.6, 1.95, 2.37, 1.97, 2.45, 2.81, 3.2, 3.31, 3.11, 2.29, 1.81, 1.61, 2.01, 2.881, 3.378, 3.63, 3.07, 2.26, 2.12, 2.07, 1.84, 1.71, 2.25, 2.32, 2.01, 2.14, 2.37, 2.29, 1.7, 1.89, 2.05, 1.78, 1.13, 1.27, 1.65, 1.87, 2.44, 3.67, 3.77, 3.54, 3.55, 3.61, 3.76], [5.296, 5.418, 6.267, 6.585, 7.199, 6.839, 5.847, 5.557, 5.24, 4.603, 4.907, 5.07, 5.44, 6.008, 5.635, 5.18, 4.92, 4.36, 3.3, 1.56, 1.38, 1.28, 1.31, 1.08, 0.94, 0, 1.31, 2.84, 3.13, 3.15, 3.08, 2.39, 2.09, 2.65, 3.27, 4.05, 4.03, 3.43, 2.39, 1.65, 1.72, 1.92, 1.71, 1.76, 2.11, 2.45, 2.09, 2.43, 2.93, 3.42, 3.39, 3.19, 2.71, 1.95, 1.63, 2.33, 3.315, 3.815, 4.01, 3.37, 2.52, 2.46, 2.45, 2.22, 1.95, 2.31, 2.38, 2.05, 2.18, 2.43, 2.41, 1.8, 1.97, 1.99, 1.98, 1.35, 1.25, 1.49, 1.45, 2.1, 3.27, 3.41, 3.18, 3.19, 3.27, 3.42], [4.345, 4.507, 5.194, 5.6, 6.232, 5.954, 4.979, 4.65, 4.253, 3.627, 3.897, 4.057, 4.387, 4.917, 4.53, 4.233, 4.01, 3.33, 2.33, 1.01, 2.31, 2.01, 2.02, 1.73, 1.63, 1.31, 0, 1.85, 2.34, 2.24, 2.09, 1.64, 1.24, 1.74, 2.36, 3.12, 2.96, 2.44, 1.72, 1.6, 1.89, 2.21, 2.02, 2.11, 2.44, 2.64, 2.18, 2.82, 3.542, 4.126, 3.98, 3.879, 3.476, 2.64, 2.28, 3.202, 4.23, 4.74, 4.936, 4.176, 3.37, 3.23, 3.28, 3.03, 2.5, 2.7, 2.73, 2.34, 2.25, 2.32, 2.38, 1.95, 2.26, 2.64, 2.63, 1.86, 1.44, 1.34, 1.24, 1.49, 2.48, 2.54, 2.37, 2.42, 2.46, 2.61], [2.8, 3.07, 3.737, 4.06, 4.661, 4.36, 3.443, 3.112, 2.89, 2.27, 2.38, 2.564, 2.93, 3.733, 3.43, 2.75, 2.54, 1.8, 0.9, 1.84, 3.82, 3.62, 3.65, 3.32, 3.22, 2.84, 1.85, 0, 0.89, 0.97, 1.08, 1.25, 1.59, 1.15, 1.31, 1.83, 1.87, 1.85, 1.71, 2.29, 2.98, 3.414, 3.241, 3.159, 3.982, 4.22, 3.69, 4.351, 5.095, 5.722, 5.581, 5.514, 5.149, 4.13, 3.73, 4.823, 5.858, 6.358, 6.506, 5.79, 4.98, 4.82, 4.77, 4.54, 3.97, 4.01, 3.88, 3.59, 2.94, 2.97, 3.11, 2.98, 3.33, 3.93, 4.12, 3.13, 2.59, 2.39, 2.17, 2.2, 2.57, 2.45, 2.3, 2.33, 2.31, 2.26], [2.63, 2.86, 3.54, 3.802, 4.378, 4.078, 3.272, 2.925, 2.66, 2.2, 2.33, 2.36, 2.66, 3.425, 3.18, 2.7, 2.45, 1.73, 0.83, 1.95, 4.15, 3.89, 3.82, 3.53, 3.49, 3.13, 2.34, 0.89, 0, 0.84, 1.01, 1.42, 1.92, 1.52, 1.58, 1.86, 1.96, 1.98, 1.9, 2.64, 3.29, 3.75, 3.6, 3.55, 4.36, 4.6, 4.02, 4.561, 5.302, 5.957, 5.831, 5.764, 5.368, 4.34, 3.98, 5.053, 6.073, 6.591, 6.76, 6.06, 5.25, 5.07, 4.92, 4.69, 4.0, 3.88, 3.75, 3.48, 2.95, 2.96, 3.2, 2.99, 3.34, 4.14, 4.33, 3.46, 2.88, 2.52, 2.4, 2.39, 2.64, 2.62, 2.51, 2.52, 2.5, 2.39], [2.577, 2.76, 3.555, 3.911, 4.42, 4.117, 3.312, 3.091, 2.682, 2.377, 2.498, 2.572, 2.722, 3.514, 3.18, 3.02, 2.89, 2.07, 1.07, 1.89, 4.13, 3.89, 3.92, 3.57, 3.51, 3.15, 2.24, 0.97, 0.84, 0, 0.77, 1.36, 1.84, 1.38, 1.58, 1.92, 2.0, 1.9, 1.66, 2.48, 3.23, 3.69, 3.56, 3.483, 4.3, 4.578, 3.98, 4.668, 5.416, 6.038, 5.92, 5.84, 5.46, 4.38, 3.98, 5.16, 6.18, 6.68, 6.84, 6.1, 5.29, 5.11, 4.98, 4.77, 3.96, 3.78, 3.53, 3.22, 2.63, 2.58, 2.78, 2.83, 3.2, 4.12, 4.45, 3.5, 2.92, 2.54, 2.28, 1.99, 1.96, 2.08, 1.91, 1.86, 1.88, 1.83], [2.657, 2.867, 3.605, 3.878, 4.52, 4.254, 3.468, 3.304, 2.664, 2.204, 2.474, 2.454, 2.804, 3.341, 3.03, 3.15, 2.96, 2.12, 1.32, 1.84, 4.02, 3.76, 3.71, 3.42, 3.34, 3.08, 2.09, 1.08, 1.01, 0.77, 0, 1.09, 1.75, 1.41, 1.57, 1.87, 1.93, 1.71, 1.41, 2.37, 3.1, 3.56, 3.37, 3.293, 4.13, 4.35, 3.77, 4.458, 5.203, 5.828, 5.73, 5.646, 5.252, 4.186, 3.789, 4.958, 5.978, 6.49, 6.65, 5.93, 5.12, 4.92, 4.79, 4.56, 3.85, 3.63, 3.38, 3.21, 2.6, 2.35, 2.51, 2.66, 3.17, 4.11, 4.28, 3.37, 2.77, 2.45, 2.23, 2.08, 2.03, 1.97, 1.84, 1.79, 1.83, 1.76], [3.382, 3.512, 4.301, 4.488, 5.231, 4.951, 4.054, 3.791, 3.273, 2.627, 2.781, 2.897, 3.251, 3.863, 3.55, 3.26, 3.11, 2.23, 1.51, 1.43, 3.33, 3.01, 3.1, 2.81, 2.71, 2.39, 1.64, 1.25, 1.42, 1.36, 1.09, 0, 1.2, 1.26, 1.72, 2.22, 2.02, 1.86, 1.24, 1.98, 2.29, 2.77, 2.56, 2.45, 3.4, 3.52, 3.04, 3.573, 4.325, 4.95, 4.837, 4.736, 4.377, 3.5, 3.06, 4.06, 5.08, 5.58, 5.76, 5.12, 4.27, 4.15, 4.04, 3.77, 3.32, 3.3, 3.15, 3.02, 2.37, 2.28, 2.54, 2.49, 2.9, 3.56, 3.39, 2.7, 2.18, 2.08, 2.1, 2.13, 2.66, 2.54, 2.47, 2.46, 2.42, 2.45], [3.85, 4.04, 4.71, 5.057, 5.714, 5.448, 4.474, 4.095, 3.687, 2.981, 3.291, 3.451, 3.747, 4.309, 3.939, 3.62, 3.43, 2.71, 1.75, 1.69, 3.03, 2.75, 2.7, 2.49, 2.43, 2.09, 1.24, 1.59, 1.92, 1.84, 1.75, 1.2, 0, 1.14, 1.777, 2.5, 2.16, 1.58, 1.3, 1.64, 1.73, 2.19, 2.12, 2.09, 2.809, 3.076, 2.54, 3.173, 3.95, 4.52, 4.405, 4.299, 3.934, 3.2, 2.86, 3.68, 4.685, 5.165, 5.353, 4.6, 3.99, 3.97, 4.06, 3.81, 3.38, 3.52, 3.43, 3.12, 2.63, 2.48, 2.56, 2.57, 2.86, 3.44, 3.09, 2.5, 2.0, 1.8, 1.98, 2.15, 2.8, 2.86, 2.73, 2.76, 2.68, 2.79], [3.11, 3.26, 3.927, 4.368, 4.938, 4.678, 3.663, 3.253, 2.993, 2.404, 2.671, 2.825, 3.173, 3.723, 3.45, 2.8, 2.75, 2.07, 1.21, 1.89, 3.55, 3.27, 3.46, 3.21, 3.01, 2.65, 1.74, 1.15, 1.52, 1.38, 1.41, 1.26, 1.14, 0, 1.12, 1.78, 1.92, 1.66, 1.82, 2.28, 2.65, 3.01, 2.94, 2.91, 3.637, 3.899, 3.382, 3.996, 4.798, 5.383, 5.268, 5.145, 4.817, 4.1, 3.7, 4.545, 5.53, 6.025, 6.196, 5.46, 4.61, 4.49, 4.5, 4.23, 3.8, 3.92, 3.73, 3.46, 2.83, 2.72, 2.82, 2.83, 3.16, 3.72, 3.79, 2.92, 2.3, 1.98, 2.0, 2.05, 2.42, 2.38, 2.29, 2.38, 2.34, 2.45], [2.55, 2.7, 3.34, 3.61, 4.16, 3.8, 2.871, 2.602, 2.173, 1.66, 2.03, 2.09, 2.48, 2.963, 2.74, 2.38, 2.59, 1.89, 1.27, 2.53, 4.34, 4.048, 4.08, 3.87, 3.79, 3.27, 2.36, 1.31, 1.58, 1.58, 1.57, 1.72, 1.777, 1.12, 0, 0.98, 1.2, 1.46, 1.94, 2.82, 3.419, 3.836, 3.709, 3.621, 4.432, 4.639, 4.142, 4.839, 5.641, 6.226, 6.108, 5.987, 5.628, 4.734, 4.34, 5.353, 6.373, 6.868, 7.039, 6.296, 5.403, 5.35, 5.4, 5.11, 4.56, 4.54, 4.41, 4.1, 3.49, 3.24, 3.28, 3.45, 3.88, 4.36, 4.63, 3.89, 3.24, 2.8, 2.62, 2.59, 2.48, 2.36, 2.29, 2.36, 2.32, 2.25], [2.25, 2.5, 2.86, 2.9, 3.426, 3.136, 2.27, 2.06, 1.6, 1.22, 1.57, 1.65, 1.94, 2.35, 2.34, 2.16, 2.35, 1.69, 1.43, 3.223, 5.103, 4.794, 4.813, 4.61, 4.57, 4.05, 3.12, 1.83, 1.86, 1.92, 1.87, 2.22, 2.5, 1.78, 0.98, 0, 0.96, 1.68, 2.4, 3.54, 4.15, 4.507, 4.368, 4.324, 5.074, 5.285, 4.825, 5.547, 6.364, 6.949, 6.816, 6.69, 6.351, 5.417, 5.02, 6.076, 7.105, 7.6, 7.771, 7.032, 6.17, 6.09, 6.12, 5.87, 5.28, 5.14, 4.89, 4.62, 4.03, 3.72, 3.72, 3.93, 4.46, 5.14, 5.333, 4.553, 3.961, 3.544, 3.36, 3.326, 2.84, 2.64, 2.67, 2.72, 2.699, 2.57], [2.65, 2.9, 3.32, 3.26, 3.837, 3.564, 2.756, 2.468, 1.854, 1.32, 1.53, 1.75, 1.9, 2.45, 2.3, 2.44, 2.49, 1.69, 1.69, 3.13, 4.985, 4.61, 4.46, 4.33, 4.33, 4.03, 2.96, 1.87, 1.96, 2.0, 1.93, 2.02, 2.16, 1.92, 1.2, 0.96, 0, 1.24, 2.14, 3.26, 3.69, 4.13, 3.96, 3.85, 4.74, 4.834, 4.216, 4.907, 5.673, 6.33, 6.199, 6.09, 5.74, 4.78, 4.38, 5.46, 6.445, 6.96, 7.12, 6.46, 5.77, 5.65, 5.68, 5.49, 5.02, 4.94, 4.75, 4.64, 3.91, 3.46, 3.68, 4.03, 4.64, 5.34, 4.83, 4.34, 3.76, 3.32, 3.38, 3.37, 3.02, 2.82, 2.83, 2.88, 2.86, 2.71], [3.15, 3.42, 3.84, 4.043, 4.708, 4.47, 3.538, 3.299, 2.722, 2.1, 2.41, 2.59, 2.72, 3.134, 3.02, 3.28, 3.17, 2.33, 1.93, 2.75, 4.39, 4.05, 3.78, 3.61, 3.69, 3.43, 2.44, 1.85, 1.98, 1.9, 1.71, 1.86, 1.58, 1.66, 1.46, 1.68, 1.24, 0, 1.48, 2.52, 3.03, 3.37, 3.2, 3.19, 3.909, 4.122, 3.627, 4.222, 4.967, 5.592, 5.482, 5.396, 5.039, 4.1, 3.7, 4.78, 5.78, 6.26, 6.42, 5.78, 5.37, 5.25, 5.26, 4.99, 4.5, 4.56, 4.33, 4.16, 3.57, 3.02, 3.0, 3.51, 4.08, 4.8, 4.37, 3.7, 3.14, 2.7, 2.8, 2.79, 2.68, 2.68, 2.49, 2.5, 2.46, 2.39], [3.767, 4.0, 4.655, 4.85, 5.525, 5.208, 4.316, 4.034, 3.474, 2.796, 3.064, 3.282, 3.514, 4.112, 3.745, 3.86, 3.71, 2.85, 2.11, 1.89, 3.31, 2.99, 2.9, 2.63, 2.57, 2.39, 1.72, 1.71, 1.9, 1.66, 1.41, 1.24, 1.3, 1.82, 1.94, 2.4, 2.14, 1.48, 0, 1.3, 2.17, 2.61, 2.485, 2.43, 3.219, 3.66, 3.18, 3.622, 4.311, 4.952, 4.882, 4.796, 4.379, 3.354, 2.94, 4.085, 5.1, 5.62, 5.78, 5.04, 4.37, 4.25, 4.24, 3.99, 3.48, 3.46, 3.25, 3.0, 2.55, 2.32, 2.42, 2.53, 2.98, 3.72, 3.57, 2.8, 2.28, 2.08, 2.24, 2.27, 2.54, 2.48, 2.27, 2.26, 2.22, 2.27], [4.859, 5.049, 5.704, 6.054, 6.731, 6.402, 5.479, 5.049, 4.65, 3.959, 4.208, 4.459, 4.61, 5.255, 4.942, 4.78, 4.41, 3.69, 2.83, 1.65, 2.33, 2.07, 1.9, 1.67, 1.69, 1.65, 1.6, 2.29, 2.64, 2.48, 2.37, 1.98, 1.64, 2.28, 2.82, 3.54, 3.26, 2.52, 1.3, 0, 1.27, 1.59, 1.5, 1.59, 2.38, 2.96, 2.62, 2.84, 3.34, 3.95, 3.86, 3.74, 3.239, 2.24, 2.0, 2.92, 3.92, 4.44, 4.6, 3.9, 3.33, 3.21, 3.14, 2.91, 2.5, 2.92, 2.81, 2.46, 2.25, 2.3, 2.48, 2.25, 2.4, 3.02, 2.79, 2.12, 1.92, 1.88, 2.12, 2.25, 3.02, 2.98, 2.63, 2.56, 2.56, 2.83], [5.435, 5.591, 6.334, 6.641, 7.312, 7.058, 6.164, 5.765, 5.259, 4.628, 4.881, 5.055, 5.331, 5.893, 5.5, 5.187, 5.04, 4.266, 3.34, 1.94, 2.08, 1.98, 1.83, 1.86, 1.9, 1.72, 1.89, 2.98, 3.29, 3.23, 3.1, 2.29, 1.73, 2.65, 3.419, 4.15, 3.69, 3.03, 2.17, 1.27, 0, 0.82, 1.13, 1.36, 1.71, 2.31, 1.97, 2.09, 2.61, 3.14, 3.11, 2.95, 2.41, 1.81, 1.71, 2.11, 3.03, 3.51, 3.71, 3.09, 2.8, 2.84, 2.89, 2.66, 2.57, 2.97, 2.86, 2.57, 2.44, 2.61, 2.77, 2.48, 2.53, 3.13, 2.44, 2.03, 1.93, 2.17, 2.43, 2.78, 3.71, 3.71, 3.48, 3.45, 3.51, 3.76], [5.904, 6.0, 6.74, 7.106, 7.784, 7.544, 6.627, 6.225, 5.739, 5.062, 5.312, 5.527, 5.751, 6.247, 5.945, 5.605, 5.4, 4.667, 3.797, 2.38, 2.04, 1.78, 1.49, 1.88, 1.96, 1.92, 2.21, 3.414, 3.75, 3.69, 3.56, 2.77, 2.19, 3.01, 3.836, 4.507, 4.13, 3.37, 2.61, 1.59, 0.82, 0, 0.97, 1.26, 1.39, 2.13, 1.95, 1.91, 2.31, 2.72, 2.65, 2.57, 2.05, 1.75, 1.73, 1.87, 2.65, 3.13, 3.33, 2.65, 2.5, 2.56, 2.63, 2.38, 2.51, 2.99, 2.88, 2.59, 2.5, 2.69, 2.69, 2.48, 2.49, 2.95, 2.18, 1.91, 1.93, 2.35, 2.79, 3.16, 4.13, 4.23, 3.96, 3.93, 3.99, 4.24], [5.713, 5.809, 6.53, 6.924, 7.608, 7.387, 6.467, 6.077, 5.595, 4.846, 5.056, 5.288, 5.449, 5.863, 5.71, 5.449, 5.19, 4.367, 3.653, 2.19, 2.01, 1.65, 1.44, 1.59, 1.57, 1.71, 2.02, 3.241, 3.6, 3.56, 3.37, 2.56, 2.12, 2.94, 3.709, 4.368, 3.96, 3.2, 2.485, 1.5, 1.13, 0.97, 0, 0.67, 1.28, 1.72, 1.54, 1.9, 2.38, 2.81, 2.82, 2.7, 2.08, 1.44, 1.24, 1.82, 2.8, 3.3, 3.5, 2.94, 2.57, 2.57, 2.56, 2.23, 1.98, 2.42, 2.43, 2.32, 1.93, 2.2, 2.04, 1.89, 2.14, 2.76, 1.95, 1.76, 1.82, 2.18, 2.5, 2.89, 3.96, 4.04, 3.83, 3.76, 3.78, 4.05], [5.563, 5.679, 6.422, 6.748, 7.469, 7.246, 6.379, 5.989, 5.496, 4.766, 4.943, 5.135, 5.319, 5.687, 5.519, 5.282, 5.012, 4.28, 3.497, 2.18, 2.14, 1.72, 1.65, 1.58, 1.6, 1.76, 2.11, 3.159, 3.55, 3.483, 3.293, 2.45, 2.09, 2.91, 3.621, 4.324, 3.85, 3.19, 2.43, 1.59, 1.36, 1.26, 0.67, 0, 1.43, 1.69, 1.51, 1.95, 2.53, 2.88, 2.99, 2.77, 2.17, 1.65, 1.39, 1.85, 2.87, 3.35, 3.55, 3.03, 2.58, 2.5, 2.49, 2.2, 1.95, 2.43, 2.56, 2.51, 1.88, 2.09, 2.03, 1.94, 2.25, 2.81, 2.04, 1.87, 1.81, 2.21, 2.51, 2.96, 3.99, 4.13, 3.84, 3.85, 3.87, 4.14], [6.511, 6.607, 7.281, 7.696, 8.385, 8.162, 7.199, 6.803, 6.367, 5.647, 5.917, 6.117, 6.329, 6.754, 6.507, 6.229, 5.987, 5.25, 4.407, 2.77, 2.37, 1.89, 1.66, 1.81, 1.95, 2.11, 2.44, 3.982, 4.36, 4.3, 4.13, 3.4, 2.809, 3.637, 4.432, 5.074, 4.74, 3.909, 3.219, 2.38, 1.71, 1.39, 1.28, 1.43, 0, 1.08, 1.36, 1.52, 1.88, 2.17, 2.2, 2.02, 1.52, 1.86, 1.78, 1.72, 2.58, 2.84, 2.94, 2.5, 2.61, 2.67, 2.72, 2.35, 2.2, 2.7, 2.69, 2.66, 2.65, 2.92, 2.62, 2.21, 2.32, 2.8, 1.97, 1.86, 1.94, 2.48, 2.88, 3.39, 4.54, 4.66, 4.45, 4.48, 4.52, 4.71], [6.573, 6.689, 7.458, 7.667, 8.502, 8.272, 7.4, 7.022, 6.502, 5.795, 5.985, 6.205, 6.341, 6.711, 6.449, 6.226, 6.13, 5.342, 4.541, 2.85, 2.85, 2.37, 2.16, 2.21, 2.37, 2.45, 2.64, 4.22, 4.6, 4.578, 4.35, 3.52, 3.076, 3.899, 4.639, 5.285, 4.834, 4.122, 3.66, 2.96, 2.31, 2.13, 1.72, 1.69, 1.08, 0, 1.14, 1.56, 1.96, 2.15, 2.34, 2.02, 1.7, 1.94, 1.84, 1.92, 2.8, 3.1, 3.16, 2.88, 2.83, 2.93, 3.08, 2.67, 2.42, 2.68, 2.97, 3.04, 2.89, 3.0, 2.88, 2.49, 2.78, 3.16, 2.23, 2.36, 2.28, 2.74, 3.02, 3.59, 4.8, 4.94, 4.77, 4.78, 4.82, 4.99], [5.969, 6.137, 6.871, 7.081, 7.883, 7.677, 6.802, 6.418, 5.913, 5.165, 5.321, 5.552, 5.709, 6.066, 5.843, 5.657, 5.503, 4.723, 3.949, 2.49, 2.49, 1.97, 1.86, 1.91, 1.97, 2.09, 2.18, 3.69, 4.02, 3.98, 3.77, 3.04, 2.54, 3.382, 4.142, 4.825, 4.216, 3.627, 3.18, 2.62, 1.97, 1.95, 1.54, 1.51, 1.36, 1.14, 0, 1.22, 1.98, 2.43, 2.42, 2.1, 1.84, 1.66, 1.52, 1.66, 2.58, 3.14, 3.36, 2.96, 2.67, 2.69, 2.86, 2.45, 2.24, 2.46, 2.77, 2.72, 2.47, 2.5, 2.58, 2.31, 2.6, 2.88, 1.83, 1.9, 1.78, 2.22, 2.42, 3.01, 4.22, 4.36, 4.23, 4.32, 4.36, 4.51], [6.646, 6.822, 7.555, 7.765, 8.58, 8.363, 7.485, 7.101, 6.61, 5.864, 6.008, 6.249, 6.403, 6.733, 6.499, 6.311, 6.1, 5.317, 4.637, 3.01, 2.45, 2.09, 2.14, 2.35, 2.45, 2.43, 2.82, 4.351, 4.561, 4.668, 4.458, 3.573, 3.173, 3.996, 4.839, 5.547, 4.907, 4.222, 3.622, 2.84, 2.09, 1.91, 1.9, 1.95, 1.52, 1.56, 1.22, 0, 1.02, 1.69, 1.64, 1.36, 1.62, 1.8, 1.76, 1.84, 2.46, 2.88, 3.08, 2.78, 2.77, 2.85, 2.98, 2.57, 2.7, 3.22, 3.41, 3.28, 3.21, 3.32, 3.5, 3.19, 3.4, 3.42, 2.15, 2.3, 2.34, 2.7, 3.14, 3.67, 4.86, 4.98, 4.81, 4.84, 4.9, 5.15], [7.48, 7.621, 8.333, 8.539, 9.4, 9.105, 8.245, 7.852, 7.358, 6.615, 6.763, 7.018, 7.134, 7.486, 7.333, 7.164, 6.82, 6.054, 5.472, 3.67, 2.57, 2.33, 2.44, 2.59, 2.81, 2.93, 3.542, 5.095, 5.302, 5.416, 5.203, 4.325, 3.95, 4.798, 5.641, 6.364, 5.673, 4.967, 4.311, 3.34, 2.61, 2.31, 2.38, 2.53, 1.88, 1.96, 1.98, 1.02, 0, 0.93, 1.14, 1.04, 1.54, 1.86, 2.02, 2.02, 2.38, 2.62, 2.68, 2.6, 2.83, 3.13, 3.0, 2.65, 3.08, 3.82, 3.89, 3.76, 3.83, 3.96, 4.04, 3.79, 3.88, 3.8, 2.31, 2.6, 2.94, 3.32, 3.74, 4.33, 5.58, 5.7, 5.51, 5.5, 5.54, 5.79], [8.033, 8.238, 8.917, 9.166, 9.973, 9.759, 8.866, 8.493, 8.02, 7.266, 7.425, 7.654, 7.821, 8.097, 7.921, 7.749, 7.436, 6.719, 6.037, 4.28, 2.96, 2.62, 2.71, 3.06, 3.2, 3.42, 4.126, 5.722, 5.957, 6.038, 5.828, 4.95, 4.52, 5.383, 6.226, 6.949, 6.33, 5.592, 4.952, 3.95, 3.14, 2.72, 2.81, 2.88, 2.17, 2.15, 2.43, 1.69, 0.93, 0, 0.85, 0.99, 1.65, 2.23, 2.47, 2.19, 2.53, 2.33, 2.37, 2.35, 2.76, 3.02, 3.09, 2.72, 3.27, 3.95, 4.0, 3.93, 4.1, 4.35, 4.35, 4.02, 4.03, 3.87, 2.5, 2.95, 3.45, 3.87, 4.27, 4.96, 6.23, 6.35, 6.14, 6.17, 6.19, 6.46], [7.912, 8.076, 8.793, 9.028, 9.834, 9.617, 8.737, 8.355, 7.867, 7.124, 7.286, 7.521, 7.671, 7.944, 7.797, 7.61, 7.295, 6.56, 5.901, 4.15, 3.19, 2.73, 2.62, 3.19, 3.31, 3.39, 3.98, 5.581, 5.831, 5.92, 5.73, 4.837, 4.405, 5.268, 6.108, 6.816, 6.199, 5.482, 4.882, 3.86, 3.11, 2.65, 2.82, 2.99, 2.2, 2.34, 2.42, 1.64, 1.14, 0.85, 0, 0.9, 2.0, 2.46, 2.62, 2.56, 2.84, 2.56, 2.48, 2.58, 2.99, 3.31, 3.3, 3.03, 3.48, 4.14, 4.23, 4.06, 4.15, 4.3, 4.42, 4.17, 4.16, 4.02, 2.69, 3.04, 3.4, 3.82, 4.24, 4.89, 6.14, 6.26, 6.09, 6.12, 6.1, 6.33], [7.823, 7.944, 8.673, 8.914, 9.746, 9.511, 8.651, 8.261, 7.77, 7.021, 7.168, 7.435, 7.559, 7.861, 7.68, 7.465, 7.203, 6.457, 5.786, 4.03, 2.95, 2.43, 2.32, 2.97, 3.11, 3.19, 3.879, 5.514, 5.764, 5.84, 5.646, 4.736, 4.299, 5.145, 5.987, 6.69, 6.09, 5.396, 4.796, 3.74, 2.95, 2.57, 2.7, 2.77, 2.02, 2.02, 2.1, 1.36, 1.04, 0.99, 0.9, 0, 1.54, 2.18, 2.42, 2.06, 2.3, 2.26, 2.3, 2.18, 2.59, 2.85, 2.78, 2.59, 3.0, 3.8, 3.85, 3.8, 3.99, 4.34, 4.28, 3.93, 3.86, 3.58, 2.41, 2.9, 3.36, 3.7, 4.1, 4.79, 6.06, 6.18, 5.99, 6.0, 6.0, 6.21], [7.555, 7.654, 8.389, 8.703, 9.467, 9.238, 8.335, 7.939, 7.448, 6.711, 6.853, 7.107, 7.257, 7.577, 7.48, 7.251, 6.944, 6.176, 5.484, 3.661, 2.23, 2.07, 1.94, 2.21, 2.29, 2.71, 3.476, 5.149, 5.368, 5.46, 5.252, 4.377, 3.934, 4.817, 5.628, 6.351, 5.74, 5.039, 4.379, 3.239, 2.41, 2.05, 2.08, 2.17, 1.52, 1.7, 1.84, 1.62, 1.54, 1.65, 2.0, 1.54, 0, 1.38, 1.64, 0.94, 1.44, 1.84, 1.96, 2.02, 2.09, 2.09, 2.08, 1.91, 2.18, 2.86, 2.93, 3.02, 3.336, 3.783, 3.631, 3.23, 3.04, 2.88, 1.83, 2.3, 2.84, 3.28, 3.668, 4.39, 5.66, 5.78, 5.57, 5.56, 5.6, 5.83], [6.518, 6.646, 7.38, 7.598, 8.435, 8.158, 7.404, 6.977, 6.408, 5.7, 5.807, 6.03, 6.123, 6.599, 6.406, 6.446, 6.09, 5.27, 4.63, 2.61, 1.95, 1.83, 1.36, 1.55, 1.81, 1.95, 2.64, 4.13, 4.34, 4.38, 4.186, 3.5, 3.2, 4.1, 4.734, 5.417, 4.78, 4.1, 3.354, 2.24, 1.81, 1.75, 1.44, 1.65, 1.86, 1.94, 1.66, 1.8, 1.86, 2.23, 2.46, 2.18, 1.38, 0, 0.72, 1.26, 2.14, 2.68, 2.96, 2.8, 2.53, 2.33, 2.28, 2.13, 2.16, 2.62, 2.57, 2.52, 2.59, 2.82, 2.82, 2.51, 2.58, 2.9, 2.07, 2.14, 2.36, 2.54, 2.86, 3.35, 4.58, 4.7, 4.49, 4.48, 4.52, 4.75], [6.164, 6.297, 7.009, 7.286, 8.072, 7.795, 6.976, 6.568, 6.014, 5.246, 5.422, 5.681, 5.82, 6.211, 6.108, 6.08, 5.77, 4.83, 4.23, 2.31, 1.87, 1.67, 1.46, 1.49, 1.61, 1.63, 2.28, 3.73, 3.98, 3.98, 3.789, 3.06, 2.86, 3.7, 4.34, 5.02, 4.38, 3.7, 2.94, 2.0, 1.71, 1.73, 1.24, 1.39, 1.78, 1.84, 1.52, 1.76, 2.02, 2.47, 2.62, 2.42, 1.64, 0.72, 0, 1.38, 2.36, 2.92, 3.12, 2.92, 2.65, 2.49, 2.42, 2.17, 1.98, 2.44, 2.43, 2.36, 2.31, 2.54, 2.48, 2.21, 2.42, 2.92, 2.01, 1.88, 1.98, 2.2, 2.44, 2.93, 4.18, 4.3, 4.09, 4.08, 4.12, 4.35], [7.184, 7.38, 8.123, 8.314, 9.118, 8.889, 8.012, 7.622, 7.148, 6.391, 6.539, 6.767, 6.929, 7.294, 7.123, 6.894, 6.587, 5.867, 5.152, 3.301, 1.87, 1.81, 1.7, 1.83, 2.01, 2.33, 3.202, 4.823, 5.053, 5.16, 4.958, 4.06, 3.68, 4.545, 5.353, 6.076, 5.46, 4.78, 4.085, 2.92, 2.11, 1.87, 1.82, 1.85, 1.72, 1.92, 1.66, 1.84, 2.02, 2.19, 2.56, 2.06, 0.94, 1.26, 1.38, 0, 1.24, 1.94, 2.18, 1.92, 1.75, 1.83, 1.78, 1.49, 1.7, 2.38, 2.51, 2.82, 3.041, 3.391, 3.38, 2.886, 2.6, 2.6, 1.55, 1.98, 2.54, 2.96, 3.36, 4.09, 5.36, 5.48, 5.27, 5.26, 5.3, 5.53], [8.278, 8.377, 9.147, 9.386, 10.195, 9.941, 9.041, 8.642, 8.151, 7.426, 7.556, 7.807, 7.966, 8.328, 8.198, 7.959, 7.641, 6.888, 6.241, 4.358, 2.29, 2.45, 2.46, 2.77, 2.881, 3.315, 4.23, 5.858, 6.073, 6.18, 5.978, 5.08, 4.685, 5.53, 6.373, 7.105, 6.445, 5.78, 5.1, 3.92, 3.03, 2.65, 2.8, 2.87, 2.58, 2.8, 2.58, 2.46, 2.38, 2.53, 2.84, 2.3, 1.44, 2.14, 2.36, 1.24, 0, 1.1, 1.62, 1.68, 1.55, 1.77, 1.72, 1.81, 2.5, 3.2, 3.31, 3.665, 4.058, 4.488, 4.397, 3.938, 3.5, 2.78, 2.01, 2.831, 3.471, 3.971, 4.368, 5.11, 6.38, 6.5, 6.29, 6.28, 6.32, 6.55], [8.782, 8.877, 9.632, 9.904, 10.687, 10.461, 9.547, 9.157, 8.666, 7.94, 8.11, 8.319, 8.48, 8.885, 8.683, 8.463, 8.15, 7.413, 6.721, 4.87, 3.05, 2.97, 2.9, 3.39, 3.378, 3.815, 4.74, 6.358, 6.591, 6.68, 6.49, 5.58, 5.165, 6.025, 6.868, 7.6, 6.96, 6.26, 5.62, 4.44, 3.51, 3.13, 3.3, 3.35, 2.84, 3.1, 3.14, 2.88, 2.62, 2.33, 2.56, 2.26, 1.84, 2.68, 2.92, 1.94, 1.1, 0, 1.06, 1.48, 1.95, 2.07, 2.1, 2.19, 2.94, 3.66, 3.89, 4.18, 4.613, 5.003, 4.848, 4.43, 3.96, 3.24, 2.45, 3.36, 4.02, 4.52, 4.9, 5.63, 6.9, 7.02, 6.81, 6.8, 6.84, 7.05], [8.904, 9.1, 9.824, 10.027, 10.825, 10.57, 9.695, 9.299, 8.812, 8.089, 8.239, 8.479, 8.649, 9.045, 8.853, 8.626, 8.242, 7.542, 6.864, 4.97, 3.39, 3.25, 3.1, 3.65, 3.63, 4.01, 4.936, 6.506, 6.76, 6.84, 6.65, 5.76, 5.353, 6.196, 7.039, 7.771, 7.12, 6.42, 5.78, 4.6, 3.71, 3.33, 3.5, 3.55, 2.94, 3.16, 3.36, 3.08, 2.68, 2.37, 2.48, 2.3, 1.96, 2.96, 3.12, 2.18, 1.62, 1.06, 0, 1.14, 2.01, 2.09, 2.04, 2.35, 3.06, 3.8, 4.09, 4.38, 4.75, 5.16, 5.06, 4.569, 4.12, 3.28, 2.65, 3.52, 4.18, 4.68, 5.08, 5.79, 7.06, 7.18, 6.97, 6.96, 7.0, 7.21], [8.173, 8.386, 9.121, 9.347, 10.068, 9.848, 8.97, 8.563, 8.089, 7.409, 7.648, 7.819, 8.041, 8.551, 8.189, 7.909, 7.59, 6.953, 6.11, 4.23, 2.67, 2.57, 2.56, 3.01, 3.07, 3.37, 4.176, 5.79, 6.06, 6.1, 5.93, 5.12, 4.6, 5.46, 6.296, 7.032, 6.46, 5.78, 5.04, 3.9, 3.09, 2.65, 2.94, 3.03, 2.5, 2.88, 2.96, 2.78, 2.6, 2.35, 2.58, 2.18, 2.02, 2.8, 2.92, 1.92, 1.68, 1.48, 1.14, 0, 1.41, 1.65, 1.62, 1.79, 2.4, 3.16, 3.29, 3.58, 4.13, 4.52, 4.38, 3.81, 3.38, 2.46, 2.05, 2.78, 3.42, 3.9, 4.36, 5.05, 6.32, 6.44, 6.23, 6.22, 6.26, 6.47], [7.266, 7.454, 8.346, 8.478, 9.23, 9.009, 8.148, 7.791, 7.254, 6.665, 6.913, 6.984, 7.314, 7.904, 7.435, 6.951, 6.852, 6.289, 5.3, 3.42, 1.76, 1.88, 2.15, 2.4, 2.26, 2.52, 3.37, 4.98, 5.25, 5.29, 5.12, 4.27, 3.99, 4.61, 5.403, 6.17, 5.77, 5.37, 4.37, 3.33, 2.8, 2.5, 2.57, 2.58, 2.61, 2.83, 2.67, 2.77, 2.83, 2.76, 2.99, 2.59, 2.09, 2.53, 2.65, 1.75, 1.55, 1.95, 2.01, 1.41, 0, 1.0, 1.21, 1.38, 1.85, 2.39, 2.54, 2.81, 3.28, 3.75, 3.75, 3.04, 2.63, 1.77, 1.58, 2.01, 2.69, 3.25, 3.43, 4.18, 5.45, 5.57, 5.36, 5.35, 5.39, 5.6], [7.149, 7.322, 8.111, 8.308, 9.104, 8.854, 7.994, 7.595, 7.125, 6.477, 6.678, 6.815, 7.011, 7.595, 7.063, 6.824, 6.644, 6.04, 5.117, 3.26, 1.96, 1.72, 1.87, 2.16, 2.12, 2.46, 3.23, 4.82, 5.07, 5.11, 4.92, 4.15, 3.97, 4.49, 5.35, 6.09, 5.65, 5.25, 4.25, 3.21, 2.84, 2.56, 2.57, 2.5, 2.67, 2.93, 2.69, 2.85, 3.13, 3.02, 3.31, 2.85, 2.09, 2.33, 2.49, 1.83, 1.77, 2.07, 2.09, 1.65, 1.0, 0, 0.81, 1.2, 1.53, 2.11, 2.36, 2.57, 3.04, 3.45, 3.45, 2.84, 2.39, 1.69, 1.8, 2.03, 2.57, 3.05, 3.35, 4.08, 5.33, 5.45, 5.24, 5.23, 5.29, 5.48], [7.116, 7.309, 8.035, 8.297, 9.016, 8.764, 7.884, 7.54, 7.038, 6.427, 6.571, 6.691, 6.89, 7.488, 7.135, 6.904, 6.52, 5.87, 5.09, 3.13, 1.79, 1.63, 1.98, 2.09, 2.07, 2.45, 3.28, 4.77, 4.92, 4.98, 4.79, 4.04, 4.06, 4.5, 5.4, 6.12, 5.68, 5.26, 4.24, 3.14, 2.89, 2.63, 2.56, 2.49, 2.72, 3.08, 2.86, 2.98, 3.0, 3.09, 3.3, 2.78, 2.08, 2.28, 2.42, 1.78, 1.72, 2.1, 2.04, 1.62, 1.21, 0.81, 0, 0.81, 1.3, 1.98, 2.17, 2.52, 2.97, 3.42, 3.36, 2.77, 2.28, 1.46, 1.55, 2.02, 2.48, 2.92, 3.24, 3.95, 5.2, 5.34, 5.11, 5.1, 5.18, 5.35], [6.84, 7.05, 7.775, 8.102, 8.746, 8.534, 7.657, 7.276, 6.823, 6.18, 6.29, 6.49, 6.623, 7.133, 6.9, 6.711, 6.298, 5.62, 4.88, 2.96, 1.62, 1.3, 1.85, 1.76, 1.84, 2.22, 3.03, 4.54, 4.69, 4.77, 4.56, 3.77, 3.81, 4.23, 5.11, 5.87, 5.49, 4.99, 3.99, 2.91, 2.66, 2.38, 2.23, 2.2, 2.35, 2.67, 2.45, 2.57, 2.65, 2.72, 3.03, 2.59, 1.91, 2.13, 2.17, 1.49, 1.81, 2.19, 2.35, 1.79, 1.38, 1.2, 0.81, 0, 1.01, 1.81, 2.1, 2.45, 2.74, 3.11, 2.99, 2.48, 2.09, 1.65, 1.34, 1.71, 2.21, 2.61, 3.07, 3.78, 4.99, 5.13, 4.9, 4.91, 4.95, 5.14], [6.044, 6.274, 6.982, 7.333, 7.93, 7.744, 6.867, 6.582, 6.104, 5.65, 5.76, 5.94, 5.924, 6.434, 6.201, 6.073, 5.73, 4.99, 4.15, 2.37, 1.91, 1.49, 1.62, 1.63, 1.71, 1.95, 2.5, 3.97, 4.0, 3.96, 3.85, 3.32, 3.38, 3.8, 4.56, 5.28, 5.02, 4.5, 3.48, 2.5, 2.57, 2.51, 1.98, 1.95, 2.2, 2.42, 2.24, 2.7, 3.08, 3.27, 3.48, 3.0, 2.18, 2.16, 1.98, 1.7, 2.5, 2.94, 3.06, 2.4, 1.85, 1.53, 1.3, 1.01, 0, 1.14, 1.37, 1.6, 1.91, 2.38, 2.22, 1.71, 1.32, 1.4, 1.51, 1.68, 2.02, 2.3, 2.52, 3.03, 4.16, 4.42, 4.13, 4.2, 4.18, 4.33], [5.46, 5.59, 6.335, 6.633, 7.296, 7.196, 6.755, 6.425, 5.825, 5.505, 5.515, 5.595, 5.585, 6.049, 5.736, 6.036, 5.75, 5.07, 4.15, 2.55, 2.63, 2.15, 2.24, 2.15, 2.25, 2.31, 2.7, 4.01, 3.88, 3.78, 3.63, 3.3, 3.52, 3.92, 4.54, 5.14, 4.94, 4.56, 3.46, 2.92, 2.97, 2.99, 2.42, 2.43, 2.7, 2.68, 2.46, 3.22, 3.82, 3.95, 4.14, 3.8, 2.86, 2.62, 2.44, 2.38, 3.2, 3.66, 3.8, 3.16, 2.39, 2.11, 1.98, 1.81, 1.14, 0, 0.85, 1.36, 1.41, 1.84, 1.92, 1.29, 1.18, 1.68, 2.09, 2.18, 2.2, 2.64, 2.66, 3.05, 3.82, 4.04, 3.79, 3.96, 3.98, 4.07], [5.187, 5.297, 6.014, 6.483, 7.023, 6.849, 6.425, 6.141, 5.601, 5.298, 5.351, 5.442, 5.461, 5.936, 5.649, 5.95, 5.74, 4.94, 4.02, 2.6, 2.56, 2.2, 2.19, 2.14, 2.32, 2.38, 2.73, 3.88, 3.75, 3.53, 3.38, 3.15, 3.43, 3.73, 4.41, 4.89, 4.75, 4.33, 3.25, 2.81, 2.86, 2.88, 2.43, 2.56, 2.69, 2.97, 2.77, 3.41, 3.89, 4.0, 4.23, 3.85, 2.93, 2.57, 2.43, 2.51, 3.31, 3.89, 4.09, 3.29, 2.54, 2.36, 2.17, 2.1, 1.37, 0.85, 0, 0.87, 1.26, 1.81, 1.67, 1.26, 0.97, 1.73, 2.14, 2.11, 2.27, 2.57, 2.69, 2.86, 3.51, 3.79, 3.58, 3.75, 3.73, 3.86], [5.011, 5.261, 6.004, 6.487, 6.774, 6.574, 6.012, 5.811, 5.382, 5.148, 5.258, 5.332, 5.368, 5.943, 5.65, 5.78, 5.57, 4.81, 3.77, 2.25, 2.43, 1.99, 1.9, 2.05, 2.01, 2.05, 2.34, 3.59, 3.48, 3.22, 3.21, 3.02, 3.12, 3.46, 4.1, 4.62, 4.64, 4.16, 3.0, 2.46, 2.57, 2.59, 2.32, 2.51, 2.66, 3.04, 2.72, 3.28, 3.76, 3.93, 4.06, 3.8, 3.02, 2.52, 2.36, 2.82, 3.665, 4.18, 4.38, 3.58, 2.81, 2.57, 2.52, 2.45, 1.6, 1.36, 0.87, 0, 1.17, 1.82, 1.74, 1.17, 1.2, 1.92, 2.41, 2.02, 2.04, 2.26, 2.32, 2.47, 3.16, 3.56, 3.35, 3.52, 3.5, 3.59], [4.381, 4.465, 5.324, 5.751, 6.25, 6.055, 5.485, 5.238, 4.769, 4.458, 4.468, 4.519, 4.578, 5.056, 4.823, 4.97, 4.74, 4.0, 3.06, 1.98, 2.86, 2.26, 2.27, 2.18, 2.14, 2.18, 2.25, 2.94, 2.95, 2.63, 2.6, 2.37, 2.63, 2.83, 3.49, 4.03, 3.91, 3.57, 2.55, 2.25, 2.44, 2.5, 1.93, 1.88, 2.65, 2.89, 2.47, 3.21, 3.83, 4.1, 4.15, 3.99, 3.336, 2.59, 2.31, 3.041, 4.058, 4.613, 4.75, 4.13, 3.28, 3.04, 2.97, 2.74, 1.91, 1.41, 1.26, 1.17, 0, 1.01, 1.21, 0.94, 1.27, 2.47, 2.64, 2.23, 2.07, 2.41, 2.31, 2.22, 2.75, 3.13, 2.88, 3.05, 2.97, 3.14], [3.947, 4.18, 4.864, 5.12, 5.782, 5.813, 5.258, 5.054, 4.351, 4.071, 4.081, 4.081, 4.011, 4.395, 4.082, 4.78, 4.57, 3.75, 3.01, 2.23, 3.15, 2.63, 2.6, 2.31, 2.37, 2.43, 2.32, 2.97, 2.96, 2.58, 2.35, 2.28, 2.48, 2.72, 3.24, 3.72, 3.46, 3.02, 2.32, 2.3, 2.61, 2.69, 2.2, 2.09, 2.92, 3.0, 2.5, 3.32, 3.96, 4.35, 4.3, 4.34, 3.783, 2.82, 2.54, 3.391, 4.488, 5.003, 5.16, 4.52, 3.75, 3.45, 3.42, 3.11, 2.38, 1.84, 1.81, 1.82, 1.01, 0, 0.8, 1.25, 1.86, 3.06, 2.95, 2.52, 2.08, 2.24, 2.46, 2.47, 2.64, 2.9, 2.77, 2.96, 2.86, 2.91], [4.147, 4.297, 4.979, 5.42, 5.988, 5.918, 5.361, 5.174, 4.434, 4.216, 4.344, 4.306, 4.334, 4.521, 4.368, 5.1, 4.89, 4.03, 3.29, 2.47, 3.11, 2.41, 2.44, 2.23, 2.29, 2.41, 2.38, 3.11, 3.2, 2.78, 2.51, 2.54, 2.56, 2.82, 3.28, 3.72, 3.68, 3.0, 2.42, 2.48, 2.77, 2.69, 2.04, 2.03, 2.62, 2.88, 2.58, 3.5, 4.04, 4.35, 4.42, 4.28, 3.631, 2.82, 2.48, 3.38, 4.397, 4.848, 5.06, 4.38, 3.75, 3.45, 3.36, 2.99, 2.22, 1.92, 1.67, 1.74, 1.21, 0.8, 0, 1.03, 1.6, 2.74, 2.79, 2.3, 2.06, 2.22, 2.44, 2.51, 2.68, 3.04, 2.79, 2.98, 2.96, 3.11], [4.721, 4.83, 5.506, 5.958, 6.564, 6.394, 5.685, 5.338, 4.795, 4.518, 4.648, 4.665, 4.858, 5.293, 5.0, 5.189, 4.96, 4.22, 3.26, 1.96, 2.48, 1.98, 2.05, 1.78, 1.7, 1.8, 1.95, 2.98, 2.99, 2.83, 2.66, 2.49, 2.57, 2.83, 3.45, 3.93, 4.03, 3.51, 2.53, 2.25, 2.48, 2.48, 1.89, 1.94, 2.21, 2.49, 2.31, 3.19, 3.79, 4.02, 4.17, 3.93, 3.23, 2.51, 2.21, 2.886, 3.938, 4.43, 4.569, 3.81, 3.04, 2.84, 2.77, 2.48, 1.71, 1.29, 1.26, 1.17, 0.94, 1.25, 1.03, 0, 0.93, 1.99, 2.34, 1.79, 1.59, 1.91, 2.01, 2.2, 2.89, 3.23, 2.96, 3.15, 3.21, 3.3], [5.237, 5.362, 6.068, 6.594, 7.103, 6.86, 6.029, 5.662, 5.396, 5.079, 5.226, 5.286, 5.376, 5.983, 5.67, 5.556, 5.31, 4.63, 3.57, 2.33, 2.35, 1.99, 1.94, 1.95, 1.89, 1.97, 2.26, 3.33, 3.34, 3.2, 3.17, 2.9, 2.86, 3.16, 3.88, 4.46, 4.64, 4.08, 2.98, 2.4, 2.53, 2.49, 2.14, 2.25, 2.32, 2.78, 2.6, 3.4, 3.88, 4.03, 4.16, 3.86, 3.04, 2.58, 2.42, 2.6, 3.5, 3.96, 4.12, 3.38, 2.63, 2.39, 2.28, 2.09, 1.32, 1.18, 0.97, 1.2, 1.27, 1.86, 1.6, 0.93, 0, 1.4, 1.99, 1.72, 1.86, 2.2, 2.24, 2.51, 3.3, 3.62, 3.49, 3.62, 3.6, 3.69], [6.269, 6.339, 7.228, 7.642, 8.172, 7.812, 6.84, 6.589, 6.304, 5.813, 6.003, 6.177, 6.484, 7.027, 6.694, 6.23, 5.95, 5.39, 4.33, 2.79, 2.13, 1.95, 2.02, 2.15, 2.05, 1.99, 2.64, 3.93, 4.14, 4.12, 4.11, 3.56, 3.44, 3.72, 4.36, 5.14, 5.34, 4.8, 3.72, 3.02, 3.13, 2.95, 2.76, 2.81, 2.8, 3.16, 2.88, 3.42, 3.8, 3.87, 4.02, 3.58, 2.88, 2.9, 2.92, 2.6, 2.78, 3.24, 3.28, 2.46, 1.77, 1.69, 1.46, 1.65, 1.4, 1.68, 1.73, 1.92, 2.47, 3.06, 2.74, 1.99, 1.4, 0, 1.77, 1.76, 2.06, 2.44, 2.46, 2.97, 4.16, 4.48, 4.25, 4.38, 4.44, 4.53], [6.557, 6.705, 7.426, 7.756, 8.48, 8.218, 7.288, 6.908, 6.463, 5.688, 5.913, 6.117, 6.32, 6.868, 6.575, 6.305, 5.915, 5.215, 4.52, 2.96, 1.66, 1.36, 1.75, 1.88, 1.78, 1.98, 2.63, 4.12, 4.33, 4.45, 4.28, 3.39, 3.09, 3.79, 4.63, 5.333, 4.83, 4.37, 3.57, 2.79, 2.44, 2.18, 1.