[[0, 0.98, 2.38, 3.15, 2.84, 2.29, 1.97, 2.33, 2.46, 3.01, 2.97, 3.34, 4.18, 4.51, 4.67, 5.67, 5.26, 4.17, 3.87, 4.9, 6.295, 6.59, 5.26, 4.71, 4.8, 4.45, 4.05, 3.95, 3.32, 3.33, 3.38, 3.07, 3.3, 3.15, 2.72, 2.15, 3.61, 4.54, 4.68, 4.6, 4.28, 3.79, 3.64, 3.33, 3.95, 5.31, 5.51, 4.96, 4.52, 4.33, 4.22, 4.22, 4.43, 4.56, 4.68, 5.653, 5.85, 5.85, 6.97, 7.55, 7.19, 6.57, 6.6, 6.96, 7.31, 7.04, 5.49, 4.77, 4.69, 5.12, 4.97, 5.19, 5.37, 5.61, 5.67, 6.03, 6.07, 4.9, 3.07, 2.44, 2.84, 3.19, 3.36, 4.44, 5.23, 5.66], [0.98, 0, 1.94, 2.75, 2.42, 1.91, 1.77, 2.19, 2.36, 2.75, 2.89, 3.34, 3.94, 4.17, 4.29, 5.19, 4.78, 3.75, 3.51, 4.5, 5.91, 6.09, 4.78, 4.25, 4.34, 4.03, 3.79, 3.69, 3.0, 3.15, 3.22, 2.87, 3.04, 2.99, 2.84, 2.47, 3.89, 4.72, 4.78, 4.78, 4.5, 3.99, 3.84, 3.67, 4.29, 5.75, 5.95, 5.42, 4.92, 4.75, 4.6, 4.52, 4.81, 5.0, 5.14, 6.14, 6.23, 6.09, 7.49, 8.03, 7.59, 6.93, 6.98, 7.42, 7.65, 7.52, 5.89, 5.15, 4.89, 5.28, 5.15, 5.49, 5.67, 5.99, 6.15, 6.47, 6.51, 5.14, 3.37, 2.62, 2.94, 3.31, 3.6, 4.7, 5.37, 5.8], [2.38, 1.94, 0, 1.21, 1.1, 1.23, 1.29, 1.77, 1.88, 2.13, 2.13, 2.86, 3.3, 3.45, 3.47, 3.69, 3.44, 2.85, 2.83, 3.42, 4.27, 4.37, 3.02, 2.55, 2.76, 2.61, 2.21, 2.29, 1.86, 2.37, 2.56, 2.37, 2.52, 2.81, 3.44, 3.37, 5.27, 6.3, 6.38, 6.36, 6.1, 5.55, 5.48, 5.29, 5.87, 7.47, 7.69, 7.24, 6.64, 6.43, 6.28, 5.98, 6.39, 6.7, 6.84, 7.84, 7.87, 7.71, 9.17, 9.73, 9.27, 8.59, 8.62, 9.16, 9.45, 9.28, 7.69, 6.75, 6.35, 6.78, 6.67, 7.11, 7.29, 7.61, 7.95, 8.31, 8.25, 6.8, 4.79, 4.04, 4.5, 4.91, 5.26, 6.38, 7.07, 7.46], [3.15, 2.75, 1.21, 0, 0.85, 1.38, 1.64, 2.04, 1.99, 2.1, 2.24, 3.01, 3.37, 3.36, 3.42, 3.58, 3.29, 2.78, 2.8, 3.33, 3.66, 3.56, 2.43, 2.32, 2.57, 2.44, 2.06, 2.1, 1.93, 2.52, 2.79, 2.64, 2.61, 3.14, 3.73, 3.68, 5.66, 6.93, 7.03, 7.15, 6.91, 6.4, 6.29, 6.12, 6.74, 8.26, 8.52, 8.05, 7.45, 7.28, 7.11, 6.65, 7.22, 7.51, 7.65, 8.65, 8.7, 8.46, 9.94, 10.52, 10.08, 9.38, 9.45, 9.93, 10.28, 10.03, 8.5, 7.54, 6.96, 7.35, 7.32, 7.94, 8.12, 8.42, 8.76, 9.12, 9.06, 7.49, 5.12, 4.39, 5.05, 5.64, 6.09, 7.17, 7.72, 8.15], [2.84, 2.42, 1.1, 0.85, 0, 1.07, 1.71, 2.17, 2.38, 2.55, 2.59, 3.4, 3.7, 3.71, 3.69, 3.71, 3.46, 2.95, 2.95, 3.56, 3.97, 3.93, 2.68, 2.59, 2.78, 2.67, 2.29, 2.39, 2.16, 2.71, 2.88, 2.77, 2.94, 3.21, 3.68, 3.65, 5.47, 6.62, 6.7, 6.8, 6.52, 5.99, 5.88, 5.69, 6.29, 7.93, 8.19, 7.66, 7.14, 6.93, 6.74, 6.32, 6.87, 7.2, 7.34, 8.34, 8.37, 8.15, 9.63, 10.21, 9.75, 9.05, 9.12, 9.64, 9.91, 9.72, 8.13, 7.19, 6.67, 7.02, 7.01, 7.59, 7.77, 8.09, 8.39, 8.75, 8.73, 7.14, 4.95, 4.22, 4.74, 5.37, 5.76, 6.84, 7.43, 7.84], [2.29, 1.91, 1.23, 1.38, 1.07, 0, 1.46, 2.24, 2.37, 2.46, 2.5, 3.29, 3.61, 3.74, 3.82, 4.02, 3.75, 3.14, 3.02, 3.55, 4.42, 4.44, 3.17, 2.78, 3.07, 2.88, 2.68, 2.68, 2.29, 2.58, 2.75, 2.6, 2.75, 2.96, 3.07, 2.9, 4.62, 5.81, 5.91, 6.09, 5.99, 5.48, 5.39, 5.06, 5.66, 7.4, 7.66, 7.13, 6.61, 6.4, 6.21, 5.71, 6.36, 6.67, 6.81, 7.81, 7.84, 7.58, 8.96, 9.56, 9.12, 8.42, 8.49, 8.89, 9.32, 8.97, 7.54, 6.6, 6.0, 6.35, 6.34, 7.1, 7.28, 7.5, 7.82, 8.18, 8.2, 6.59, 4.22, 3.37, 3.95, 4.64, 5.05, 5.99, 6.7, 7.03], [1.97, 1.77, 1.29, 1.64, 1.71, 1.46, 0, 1.32, 1.39, 1.76, 1.78, 2.43, 3.09, 3.28, 3.46, 3.92, 3.51, 2.78, 2.66, 3.37, 4.514, 4.72, 3.39, 2.84, 2.97, 2.68, 2.3, 2.3, 1.61, 1.92, 2.07, 1.9, 2.09, 2.2, 2.47, 2.54, 4.62, 5.91, 6.03, 6.17, 5.93, 5.38, 5.25, 5.02, 5.66, 7.16, 7.34, 6.85, 6.31, 6.16, 6.01, 5.53, 6.08, 6.35, 6.49, 7.49, 7.54, 7.44, 8.78, 9.3, 8.88, 8.3, 8.33, 8.73, 9.06, 8.85, 7.3, 6.4, 6.0, 6.39, 6.34, 6.86, 7.04, 7.34, 7.56, 7.92, 7.86, 6.43, 4.1, 3.33, 3.99, 4.6, 4.93, 6.03, 6.64, 7.09], [2.33, 2.19, 1.77, 2.04, 2.17, 2.24, 1.32, 0, 0.53, 1.02, 1.24, 1.61, 2.21, 2.44, 2.56, 3.5, 3.11, 2.1, 2.04, 2.87, 4.3, 4.4, 3.05, 2.5, 2.59, 2.26, 2.06, 2.16, 1.47, 1.5, 1.53, 1.36, 1.57, 1.76, 2.33, 2.66, 4.76, 6.09, 6.21, 6.33, 6.05, 5.5, 5.37, 5.14, 5.8, 7.42, 7.68, 7.15, 6.63, 6.42, 6.21, 5.75, 6.42, 6.69, 6.83, 7.83, 7.86, 7.66, 9.1, 9.64, 9.22, 8.56, 8.61, 9.05, 9.36, 9.15, 7.6, 6.7, 6.1, 6.51, 6.5, 7.08, 7.26, 7.56, 7.88, 8.24, 8.22, 6.65, 4.3, 3.51, 4.19, 4.86, 5.21, 6.31, 6.86, 7.29], [2.46, 2.36, 1.88, 1.99, 2.38, 2.37, 1.39, 0.53, 0, 0.83, 0.99, 1.42, 2.14, 2.35, 2.49, 3.45, 3.04, 1.99, 2.01, 2.8, 4.23, 4.33, 2.98, 2.47, 2.54, 2.17, 1.95, 2.03, 1.42, 1.51, 1.54, 1.41, 1.54, 1.79, 2.42, 2.65, 4.75, 6.06, 6.2, 6.34, 6.14, 5.57, 5.46, 5.25, 5.91, 7.47, 7.75, 7.26, 6.68, 6.47, 6.28, 5.78, 6.47, 6.74, 6.88, 7.88, 7.93, 7.73, 9.13, 9.69, 9.27, 8.61, 8.68, 9.08, 9.47, 9.22, 7.71, 6.77, 6.11, 6.52, 6.49, 7.13, 7.31, 7.61, 7.99, 8.35, 8.29, 6.72, 4.31, 3.5, 4.16, 4.85, 5.3, 6.32, 6.91, 7.3], [3.01, 2.75, 2.13, 2.1, 2.55, 2.46, 1.76, 1.02, 0.83, 0, 0.94, 1.11, 1.67, 1.78, 2.06, 2.98, 2.63, 1.6, 1.58, 2.33, 3.66, 3.74, 2.45, 1.94, 2.05, 1.7, 1.64, 1.7, 1.17, 1.22, 1.21, 1.18, 1.33, 1.76, 2.55, 2.9, 5.02, 6.37, 6.51, 6.81, 6.71, 6.24, 6.11, 5.92, 6.54, 8.12, 8.38, 7.89, 7.29, 7.14, 6.97, 6.47, 7.06, 7.35, 7.49, 8.51, 8.56, 8.26, 9.72, 10.3, 9.88, 9.16, 9.25, 9.69, 10.1, 9.81, 8.34, 7.34, 6.68, 6.99, 7.0, 7.82, 7.98, 8.22, 8.62, 8.98, 8.92, 7.29, 4.84, 3.81, 4.49, 5.3, 5.85, 6.79, 7.46, 7.85], [2.97, 2.89, 2.13, 2.24, 2.59, 2.5, 1.78, 1.24, 0.99, 0.94, 0, 1.17, 1.93, 2.08, 2.48, 3.34, 2.97, 1.94, 1.96, 2.71, 3.9, 4.04, 2.71, 2.2, 2.31, 2.08, 2.0, 2.02, 1.49, 1.38, 1.39, 1.3, 1.51, 1.98, 2.53, 2.72, 4.72, 6.03, 6.21, 6.53, 6.47, 6.0, 5.93, 5.68, 6.3, 7.94, 8.14, 7.61, 7.11, 6.96, 6.79, 6.29, 6.76, 7.15, 7.29, 8.29, 8.3, 7.98, 9.44, 10.0, 9.56, 8.84, 8.93, 9.37, 9.78, 9.47, 8.02, 7.06, 6.44, 6.73, 6.74, 7.62, 7.8, 8.04, 8.3, 8.66, 8.66, 6.97, 4.52, 3.47, 4.13, 5.02, 5.59, 6.47, 7.18, 7.59], [3.34, 3.34, 2.86, 3.01, 3.4, 3.29, 2.43, 1.61, 1.42, 1.11, 1.17, 0, 1.08, 1.33, 1.79, 2.75, 2.22, 1.33, 1.29, 1.92, 3.33, 3.45, 2.22, 1.69, 1.94, 1.73, 1.77, 1.95, 1.62, 1.57, 1.42, 1.35, 1.56, 1.97, 2.6, 2.95, 5.15, 6.58, 6.92, 7.26, 7.16, 6.69, 6.62, 6.39, 7.01, 8.59, 8.75, 8.28, 7.72, 7.57, 7.44, 6.96, 7.37, 7.76, 7.9, 8.9, 8.93, 8.63, 10.09, 10.63, 10.19, 9.51, 9.6, 10.04, 10.45, 10.2, 8.69, 7.73, 7.07, 7.36, 7.41, 8.25, 8.43, 8.73, 8.95, 9.31, 9.29, 7.64, 5.21, 4.16, 4.78, 5.61, 6.28, 7.2, 7.91, 8.32], [4.18, 3.94, 3.3, 3.37, 3.7, 3.61, 3.09, 2.21, 2.14, 1.67, 1.93, 1.08, 0, 0.59, 1.05, 1.93, 1.62, 1.05, 1.19, 1.3, 2.63, 2.65, 1.88, 1.49, 1.5, 1.39, 1.77, 1.95, 2.1, 1.71, 1.7, 1.77, 1.68, 2.17, 2.9, 3.55, 5.95, 7.26, 7.68, 7.98, 7.96, 7.51, 7.436, 7.17, 7.77, 9.455, 9.67, 9.12, 8.631, 8.472, 8.296, 7.799, 8.33, 8.673, 8.813, 9.819, 9.83, 9.47, 10.93, 11.53, 11.09, 10.35, 10.44, 10.88, 11.31, 10.96, 9.53, 8.59, 7.89, 8.16, 8.25, 9.149, 9.312, 9.555, 9.81, 10.17, 10.19, 8.5, 6.03, 4.96, 5.48, 6.43, 7.0, 7.94, 8.67, 9.06], [4.51, 4.17, 3.45, 3.36, 3.71, 3.74, 3.28, 2.44, 2.35, 1.78, 2.08, 1.33, 0.59, 0, 0.92, 1.78, 1.47, 1.04, 1.3, 1.31, 2.56, 2.5, 1.77, 1.56, 1.41, 1.38, 1.86, 2.06, 2.25, 1.84, 1.83, 1.9, 1.83, 2.22, 3.07, 3.78, 6.2, 7.51, 7.87, 8.21, 8.23, 7.78, 7.73, 7.44, 8.04, 9.74, 9.96, 9.43, 8.91, 8.76, 8.59, 8.09, 8.64, 8.97, 9.11, 10.11, 10.12, 9.78, 11.24, 11.84, 11.4, 10.66, 10.75, 11.19, 11.62, 11.25, 9.84, 8.9, 8.16, 8.43, 8.52, 9.42, 9.6, 9.84, 10.12, 10.48, 10.5, 8.81, 6.34, 5.19, 5.73, 6.72, 7.31, 8.23, 8.94, 9.31], [4.67, 4.29, 3.47, 3.42, 3.69, 3.82, 3.46, 2.56, 2.49, 2.06, 2.48, 1.79, 1.05, 0.92, 0, 1.18, 1.25, 1.2, 1.34, 1.07, 2.24, 2.4, 1.95, 1.84, 1.53, 1.56, 1.94, 2.18, 2.45, 2.28, 2.17, 2.32, 2.33, 2.78, 3.67, 4.3, 6.64, 7.95, 8.15, 8.35, 8.37, 7.88, 7.826, 7.56, 8.14, 9.876, 10.14, 9.61, 9.086, 8.873, 8.683, 8.186, 8.82, 9.146, 9.286, 10.289, 10.3, 9.96, 11.46, 12.04, 11.58, 10.86, 10.93, 11.37, 11.8, 11.43, 10.02, 9.08, 8.3, 8.67, 8.7, 9.539, 9.716, 9.971, 10.3, 10.66, 10.68, 8.99, 6.54, 5.51, 6.15, 7.0, 7.47, 8.41, 9.12, 9.49], [5.67, 5.19, 3.69, 3.58, 3.71, 4.02, 3.92, 3.5, 3.45, 2.98, 3.34, 2.75, 1.93, 1.78, 1.18, 0, 0.99, 1.84, 2.12, 1.41, 1.48, 1.7, 1.91, 1.94, 1.65, 1.86, 2.12, 2.48, 2.89, 2.98, 3.07, 3.32, 3.29, 3.78, 4.67, 5.42, 7.7, 9.03, 9.23, 9.43, 9.37, 8.88, 8.806, 8.5, 9.1, 10.876, 11.14, 10.61, 10.086, 9.873, 9.663, 9.19, 9.82, 10.146, 10.286, 11.289, 11.3, 10.96, 12.44, 13.06, 12.6, 11.84, 11.93, 12.41, 12.8, 12.43, 11.02, 10.08, 9.28, 9.63, 9.72, 10.539, 10.716, 10.971, 11.3, 11.66, 11.68, 9.99, 7.54, 6.57, 7.19, 8.0, 8.49, 9.43, 10.14, 10.51], [5.26, 4.78, 3.44, 3.29, 3.46, 3.75, 3.51, 3.11, 3.04, 2.63, 2.97, 2.22, 1.62, 1.47, 1.25, 0.99, 0, 1.43, 1.65, 1.16, 1.77, 1.69, 1.46, 1.51, 1.18, 1.41, 1.65, 1.97, 2.46, 2.67, 2.74, 2.97, 2.92, 3.39, 4.28, 4.97, 7.25, 8.62, 8.86, 9.08, 8.96, 8.47, 8.4, 8.11, 8.71, 10.43, 10.67, 10.18, 9.62, 9.41, 9.22, 8.76, 9.35, 9.68, 9.82, 10.82, 10.83, 10.51, 11.99, 12.57, 12.11, 11.43, 11.52, 11.96, 12.37, 12.12, 10.61, 9.65, 8.85, 9.24, 9.27, 10.07, 10.25, 10.57, 10.87, 11.23, 11.21, 9.56, 7.13, 6.22, 6.8, 7.55, 8.16, 9.12, 9.77, 10.14], [4.17, 3.75, 2.85, 2.78, 2.95, 3.14, 2.78, 2.1, 1.99, 1.6, 1.94, 1.33, 1.05, 1.04, 1.2, 1.84, 1.43, 0, 0.78, 1.25, 2.7, 2.68, 1.61, 1.18, 1.21, 0.96, 1.22, 1.5, 1.65, 1.78, 1.73, 1.78, 1.87, 2.38, 3.27, 3.8, 6.0, 7.37, 7.67, 7.93, 7.87, 7.36, 7.29, 7.0, 7.6, 9.36, 9.62, 9.09, 8.57, 8.36, 8.15, 7.67, 8.3, 8.63, 8.77, 9.77, 9.78, 9.46, 10.92, 11.5, 11.08, 10.36, 10.45, 10.89, 11.3, 10.99, 9.54, 8.56, 7.78, 8.07, 8.14, 9.02, 9.2, 9.46, 9.82, 10.18, 10.16, 8.49, 6.04, 4.99, 5.55, 6.42, 7.05, 7.97, 8.64, 9.01], [3.87, 3.51, 2.83, 2.8, 2.95, 3.02, 2.66, 2.04, 2.01, 1.58, 1.96, 1.29, 1.19, 1.3, 1.34, 2.12, 1.65, 0.78, 0, 1.19, 2.92, 2.98, 1.77, 1.3, 1.37, 1.06, 1.26, 1.58, 1.57, 1.68, 1.67, 1.76, 1.75, 2.2, 3.03, 3.5, 5.72, 7.05, 7.35, 7.59, 7.51, 7.02, 6.95, 6.64, 7.24, 9.02, 9.28, 8.75, 8.23, 8.02, 7.81, 7.33, 7.96, 8.29, 8.43, 9.43, 9.44, 9.1, 10.56, 11.18, 10.72, 10.0, 10.09, 10.53, 10.94, 10.63, 9.18, 8.22, 7.42, 7.73, 7.8, 8.68, 8.86, 9.12, 9.46, 9.82, 9.82, 8.13, 5.68, 4.69, 5.27, 6.06, 6.69, 7.61, 8.28, 8.65], [4.9, 4.5, 3.42, 3.33, 3.56, 3.55, 3.37, 2.87, 2.8, 2.33, 2.71, 1.92, 1.3, 1.31, 1.07, 1.41, 1.16, 1.25, 1.19, 0, 2.11, 2.33, 1.94, 1.61, 1.44, 1.29, 1.67, 1.87, 2.18, 2.21, 2.12, 2.33, 2.28, 2.67, 3.56, 4.21, 6.61, 7.92, 8.2, 8.48, 8.52, 8.03, 7.976, 7.69, 8.29, 10.026, 10.29, 9.76, 9.24, 9.03, 8.833, 8.336, 8.97, 9.296, 9.436, 10.439, 10.45, 10.11, 11.57, 12.19, 11.73, 10.99, 11.08, 11.52, 11.95, 11.56, 10.17, 9.23, 8.43, 8.72, 8.81, 9.689, 9.866, 10.121, 10.45, 10.81, 10.83, 9.14, 6.67, 5.52, 6.12, 7.07, 7.62, 8.52, 9.27, 9.62], [6.295, 5.91, 4.27, 3.66, 3.97, 4.42, 4.514, 4.3, 4.23, 3.66, 3.9, 3.33, 2.63, 2.56, 2.24, 1.48, 1.77, 2.7, 2.92, 2.11, 0, 1.2, 1.71, 2.28, 2.29, 2.46, 2.66, 2.9, 3.47, 3.6, 3.59, 3.84, 3.81, 4.48, 5.37, 5.92, 8.26, 9.67, 9.95, 10.207, 10.101, 9.685, 9.612, 9.339, 9.956, 11.571, 11.779, 11.232, 10.746, 10.588, 10.452, 9.984, 10.408, 10.789, 10.929, 11.929, 11.939, 11.602, 13.08, 13.68, 13.2, 12.432, 12.522, 13.05, 13.374, 13.022, 11.589, 10.702, 10.074, 10.37, 10.46, 11.248, 11.448, 11.711, 11.837, 12.231, 12.322, 10.559, 8.16, 7.13, 7.85, 8.66, 9.204, 10.13, 10.9, 11.29], [6.59, 6.09, 4.37, 3.56, 3.93, 4.44, 4.72, 4.4, 4.33, 3.74, 4.04, 3.45, 2.65, 2.5, 2.4, 1.7, 1.69, 2.68, 2.98, 2.33, 1.2, 0, 1.47, 2.18, 2.05, 2.48, 2.8, 3.04, 3.55, 3.64, 3.79, 4.04, 3.97, 4.54, 5.43, 6.14, 8.4, 9.75, 10.05, 10.35, 10.27, 9.8, 9.75, 9.48, 10.08, 11.78, 12.04, 11.51, 10.99, 10.78, 10.61, 10.11, 10.72, 11.05, 11.19, 12.19, 12.2, 11.86, 13.32, 13.92, 13.48, 12.74, 12.83, 13.27, 13.7, 13.39, 11.92, 10.98, 10.18, 10.47, 10.56, 11.44, 11.62, 11.88, 12.2, 12.56, 12.58, 10.89, 8.42, 7.37, 7.93, 8.82, 9.43, 10.37, 11.06, 11.41], [5.26, 4.78, 3.02, 2.43, 2.68, 3.17, 3.39, 3.05, 2.98, 2.45, 2.71, 2.22, 1.88, 1.77, 1.95, 1.91, 1.46, 1.61, 1.77, 1.94, 1.71, 1.47, 0, 0.89, 1.06, 1.29, 1.45, 1.81, 2.26, 2.53, 2.66, 2.81, 2.68, 3.39, 4.26, 4.83, 7.11, 8.46, 8.76, 9.08, 8.96, 8.47, 8.4, 8.11, 8.73, 10.45, 10.71, 10.18, 9.66, 9.45, 9.24, 8.76, 9.39, 9.72, 9.86, 10.86, 10.87, 10.53, 11.99, 12.59, 12.15, 11.43, 11.52, 11.96, 12.37, 12.12, 10.61, 9.65, 8.85, 9.16, 9.25, 10.11, 10.29, 10.57, 10.89, 11.25, 11.25, 9.56, 7.13, 6.1, 6.68, 7.51, 8.16, 9.1, 9.77, 10.14], [4.71, 4.25, 2.55, 2.32, 2.59, 2.78, 2.84, 2.5, 2.47, 1.94, 2.2, 1.69, 1.49, 1.56, 1.84, 1.94, 1.51, 1.18, 1.3, 1.61, 2.28, 2.18, 0.89, 0, 0.65, 0.84, 1.02, 1.36, 1.75, 2.0, 2.05, 2.16, 2.11, 2.78, 3.65, 4.22, 6.48, 7.85, 8.21, 8.53, 8.41, 7.92, 7.85, 7.56, 8.16, 9.88, 10.14, 9.63, 9.09, 8.88, 8.67, 8.21, 8.82, 9.15, 9.29, 10.29, 10.3, 9.96, 11.42, 12.02, 11.58, 10.88, 10.97, 11.41, 11.82, 11.57, 10.06, 9.1, 8.3, 8.61, 8.7, 9.54, 9.72, 10.02, 10.32, 10.68, 10.68, 9.01, 6.58, 5.53, 6.07, 6.92, 7.61, 8.55, 9.22, 9.59], [4.8, 4.34, 2.76, 2.57, 2.78, 3.07, 2.97, 2.59, 2.54, 2.05, 2.31, 1.94, 1.5, 1.41, 1.53, 1.65, 1.18, 1.21, 1.37, 1.44, 2.29, 2.05, 1.06, 0.65, 0, 0.85, 1.11, 1.45, 1.8, 1.95, 2.02, 2.23, 2.16, 2.73, 3.64, 4.33, 6.59, 7.96, 8.3, 8.62, 8.5, 8.01, 7.94, 7.65, 8.25, 9.97, 10.23, 9.72, 9.18, 8.97, 8.76, 8.3, 8.91, 9.24, 9.38, 10.38, 10.39, 10.05, 11.51, 12.11, 11.67, 10.97, 11.06, 11.5, 11.91, 11.66, 10.15, 9.19, 8.39, 8.7, 8.79, 9.63, 9.81, 10.11, 10.41, 10.77, 10.77, 9.1, 6.67, 5.62, 6.18, 7.01, 7.7, 8.64, 9.31, 9.68], [4.45, 4.03, 2.61, 2.44, 2.67, 2.88, 2.68, 2.26, 2.17, 1.7, 2.08, 1.73, 1.39, 1.38, 1.56, 1.86, 1.41, 0.96, 1.06, 1.29, 2.46, 2.48, 1.29, 0.84, 0.85, 0, 0.86, 1.12, 1.53, 1.66, 1.85, 1.94, 1.85, 2.5, 3.39, 3.96, 6.26, 7.63, 7.95, 8.21, 8.15, 7.64, 7.55, 7.28, 7.88, 9.617, 9.871, 9.37, 8.809, 8.611, 8.407, 7.93, 8.545, 8.869, 9.021, 10.012, 10.034, 9.737, 11.22, 11.78, 11.354, 10.64, 10.73, 11.17, 11.58, 11.27, 9.82, 8.82, 8.06, 8.37, 8.4, 9.274, 9.454, 9.72, 10.097, 10.457, 10.414, 8.77, 6.32, 5.29, 5.81, 6.72, 7.33, 8.25, 8.92, 9.29], [4.05, 3.79, 2.21, 2.06, 2.29, 2.68, 2.3, 2.06, 1.95, 1.64, 2.0, 1.77, 1.77, 1.86, 1.94, 2.12, 1.65, 1.22, 1.26, 1.67, 2.66, 2.8, 1.45, 1.02, 1.11, 0.86, 0, 0.68, 1.15, 1.82, 2.01, 2.1, 2.05, 2.62, 3.49, 3.96, 6.16, 7.55, 7.79, 8.01, 7.79, 7.32, 7.19, 6.96, 7.58, 9.16, 9.377, 8.95, 8.301, 8.12, 7.99, 7.57, 8.04, 8.37, 8.524, 9.492, 9.58, 9.3, 10.8, 11.4, 10.96, 10.28, 10.39, 10.89, 11.24, 10.99, 9.44, 8.4, 7.74, 8.07, 8.1, 8.8, 8.98, 9.34, 9.66, 10.02, 9.96, 8.37, 6.04, 5.13, 5.75, 6.44, 7.05, 8.01, 8.68, 9.07], [3.95, 3.69, 2.29, 2.1, 2.39, 2.68, 2.3, 2.16, 2.03, 1.7, 2.02, 1.95, 1.95, 2.06, 2.18, 2.48, 1.97, 1.5, 1.58, 1.87, 2.9, 3.04, 1.81, 1.36, 1.45, 1.12, 0.68, 0, 0.97, 1.76, 1.99, 2.04, 1.99, 2.6, 3.45, 3.8, 6.0, 7.39, 7.61, 7.85, 7.63, 7.2, 7.05, 6.88, 7.52, 8.96, 9.2, 8.81, 8.05, 7.92, 7.83, 7.41, 7.84, 8.11, 8.29, 9.27, 9.4, 9.12, 10.62, 11.2, 10.76, 10.12, 10.23, 10.73, 11.08, 10.83, 9.28, 8.24, 7.6, 7.91, 7.94, 8.64, 8.76, 9.12, 9.5, 9.86, 9.8, 8.21, 5.88, 4.93, 5.59, 6.28, 6.89, 7.85, 8.52, 8.91], [3.32, 3.0, 1.86, 1.93, 2.16, 2.29, 1.61, 1.47, 1.42, 1.17, 1.49, 1.62, 2.1, 2.25, 2.45, 2.89, 2.46, 1.65, 1.57, 2.18, 3.47, 3.55, 2.26, 1.75, 1.8, 1.53, 1.15, 0.97, 0, 1.19, 1.36, 1.35, 1.42, 1.95, 2.74, 3.09, 5.25, 6.62, 6.84, 7.1, 6.94, 6.47, 6.32, 6.15, 6.79, 8.29, 8.55, 8.12, 7.46, 7.23, 7.12, 6.66, 7.23, 7.52, 7.66, 8.68, 8.75, 8.47, 9.93, 10.49, 10.07, 9.41, 9.52, 9.98, 10.35, 10.12, 8.59, 7.57, 6.85, 7.18, 7.23, 7.95, 8.11, 8.43, 8.83, 9.19, 9.11, 7.52, 5.15, 4.14, 4.8, 5.57, 6.18, 7.1, 7.79, 8.16], [3.33, 3.15, 2.37, 2.52, 2.71, 2.58, 1.92, 1.5, 1.51, 1.22, 1.38, 1.57, 1.71, 1.84, 2.28, 2.98, 2.67, 1.78, 1.68, 2.21, 3.6, 3.64, 2.53, 2.0, 1.95, 1.66, 1.82, 1.76, 1.19, 0, 0.67, 0.66, 0.79, 1.06, 1.89, 2.58, 4.88, 6.25, 6.65, 6.97, 6.97, 6.52, 6.47, 6.18, 6.78, 8.48, 8.68, 8.13, 7.65, 7.5, 7.33, 6.83, 7.3, 7.69, 7.83, 8.83, 8.84, 8.48, 9.94, 10.52, 10.06, 9.28, 9.37, 9.85, 10.24, 9.87, 8.46, 7.6, 6.9, 7.17, 7.26, 8.16, 8.34, 8.58, 8.74, 9.12, 9.2, 7.43, 4.96, 3.85, 4.49, 5.48, 6.03, 6.91, 7.66, 8.05], [3.38, 3.22, 2.56, 2.79, 2.88, 2.75, 2.07, 1.53, 1.54, 1.21, 1.39, 1.42, 1.7, 1.83, 2.17, 3.07, 2.74, 1.73, 1.67, 2.12, 3.59, 3.79, 2.66, 2.05, 2.02, 1.85, 2.01, 1.99, 1.36, 0.67, 0, 0.57, 0.88, 1.03, 1.88, 2.53, 4.89, 6.26, 6.64, 6.98, 7.04, 6.59, 6.54, 6.25, 6.85, 8.55, 8.75, 8.2, 7.72, 7.57, 7.4, 6.9, 7.37, 7.76, 7.9, 8.9, 8.91, 8.55, 10.01, 10.59, 10.13, 9.35, 9.42, 9.92, 10.29, 9.86, 8.51, 7.67, 6.97, 7.24, 7.33, 8.23, 8.41, 8.65, 8.79, 9.19, 9.27, 7.5, 5.03, 3.78, 4.54, 5.55, 6.08, 6.94, 7.73, 8.12], [3.07, 2.87, 2.37, 2.64, 2.77, 2.6, 1.9, 1.36, 1.41, 1.18, 1.3, 1.35, 1.77, 1.9, 2.32, 3.32, 2.97, 1.78, 1.76, 2.33, 3.84, 4.04, 2.81, 2.16, 2.23, 1.94, 2.1, 2.04, 1.35, 0.66, 0.57, 0, 0.65, 0.9, 1.77, 2.26, 4.6, 5.97, 6.37, 6.71, 6.77, 6.32, 6.27, 5.98, 6.58, 8.28, 8.48, 7.93, 7.45, 7.3, 7.13, 6.63, 7.1, 7.49, 7.63, 8.63, 8.64, 8.28, 9.74, 10.32, 9.86, 9.08, 9.15, 9.65, 10.02, 9.61, 8.24, 7.4, 6.7, 6.97, 7.06, 7.96, 8.14, 8.38, 8.52, 8.92, 9.0, 7.23, 4.76, 3.49, 4.25, 5.26, 5.79, 6.67, 7.46, 7.85], [3.3, 3.04, 2.52, 2.61, 2.94, 2.75, 2.09, 1.57, 1.54, 1.33, 1.51, 1.56, 1.68, 1.83, 2.33, 3.29, 2.92, 1.87, 1.75, 2.28, 3.81, 3.97, 2.68, 2.11, 2.16, 1.85, 2.05, 1.99, 1.42, 0.79, 0.88, 0.65, 0, 0.79, 1.7, 2.35, 4.83, 6.16, 6.54, 6.88, 6.92, 6.47, 6.42, 6.13, 6.73, 8.43, 8.63, 8.1, 7.6, 7.47, 7.28, 6.78, 7.25, 7.64, 7.78, 8.78, 8.79, 8.43, 9.89, 10.47, 10.01, 9.23, 9.3, 9.8, 10.17, 9.76, 8.39, 7.55, 6.85, 7.12, 7.21, 8.11, 8.29, 8.53, 8.67, 9.07, 9.15, 7.38, 4.91, 3.7, 4.46, 5.47, 5.96, 6.82, 7.61, 8.0], [3.15, 2.99, 2.81, 3.14, 3.21, 2.96, 2.2, 1.76, 1.79, 1.76, 1.98, 1.97, 2.17, 2.22, 2.78, 3.78, 3.39, 2.38, 2.2, 2.67, 4.48, 4.54, 3.39, 2.78, 2.73, 2.5, 2.62, 2.6, 1.95, 1.06, 1.03, 0.9, 0.79, 0, 1.13, 2.02, 4.6, 5.91, 6.31, 6.65, 6.71, 6.26, 6.21, 5.92, 6.52, 8.22, 8.42, 7.89, 7.39, 7.26, 7.07, 6.57, 7.04, 7.43, 7.57, 8.57, 8.58, 8.22, 9.68, 10.26, 9.8, 9.02, 9.09, 9.59, 9.96, 9.53, 8.18, 7.34, 6.64, 6.91, 7.0, 7.9, 8.08, 8.32, 8.46, 8.86, 8.94, 7.17, 4.7, 3.45, 4.25, 5.28, 5.77, 6.63, 7.4, 7.79], [2.72, 2.84, 3.44, 3.73, 3.68, 3.07, 2.47, 2.33, 2.42, 2.55, 2.53, 2.6, 2.9, 3.07, 3.67, 4.67, 4.28, 3.27, 3.03, 3.56, 5.37, 5.43, 4.26, 3.65, 3.64, 3.39, 3.49, 3.45, 2.74, 1.89, 1.88, 1.77, 1.7, 1.13, 0, 1.27, 3.81, 5.1, 5.52, 5.88, 5.94, 5.49, 5.44, 5.15, 5.75, 7.45, 7.65, 7.1, 6.62, 6.47, 6.3, 5.8, 6.27, 6.66, 6.8, 7.8, 7.81, 7.45, 8.91, 9.49, 9.03, 8.25, 8.32, 8.82, 9.19, 8.76, 7.41, 6.57, 5.87, 6.14, 6.23, 7.13, 7.31, 7.55, 7.69, 8.09, 8.17, 6.4, 3.93, 2.62, 3.48, 4.49, 5.0, 5.86, 6.63, 7.02], [2.15, 2.47, 3.37, 3.68, 3.65, 2.9, 2.54, 2.66, 2.65, 2.9, 2.72, 2.95, 3.55, 3.78, 4.3, 5.42, 4.97, 3.8, 3.5, 4.21, 5.92, 6.14, 4.83, 4.22, 4.33, 3.96, 3.96, 3.8, 3.09, 2.58, 2.53, 2.26, 2.35, 2.02, 1.27, 0, 2.7, 4.05, 4.43, 4.79, 4.85, 4.4, 4.35, 4.06, 4.66, 6.36, 6.56, 6.01, 5.53, 5.38, 5.203, 4.706, 5.18, 5.57, 5.71, 6.71, 6.72, 6.36, 7.82, 8.4, 7.94, 7.16, 7.23, 7.73, 8.1, 7.67, 6.32, 5.48, 4.779, 5.05, 5.14, 6.039, 6.219, 6.46, 6.6, 7.0, 7.08, 5.31, 2.84, 1.61, 2.37, 3.36, 3.87, 4.75, 5.54, 5.93], [3.61, 3.89, 5.27, 5.66, 5.47, 4.62, 4.62, 4.76, 4.75, 5.02, 4.72, 5.15, 5.95, 6.2, 6.64, 7.7, 7.25, 6.0, 5.72, 6.61, 8.26, 8.4, 7.11, 6.48, 6.59, 6.26, 6.16, 6.0, 5.25, 4.88, 4.89, 4.6, 4.83, 4.6, 3.81, 2.7, 0, 1.53, 2.05, 2.29, 2.39, 2.22, 2.51, 2.3, 2.68, 3.78, 4.12, 3.85, 3.57, 3.06, 2.59, 2.17, 2.54, 2.91, 3.09, 4.05, 4.06, 3.7, 5.16, 5.74, 5.28, 4.5, 4.59, 5.07, 5.46, 5.13, 3.68, 2.82, 2.12, 2.39, 2.48, 3.38, 3.56, 3.8, 3.96, 4.34, 4.42, 2.65, 1.12, 1.81, 1.37, 1.72, 1.87, 2.31, 2.9, 3.29], [4.54, 4.72, 6.3, 6.93, 6.62, 5.81, 5.91, 6.09, 6.06, 6.37, 6.03, 6.58, 7.26, 7.51, 7.95, 9.03, 8.62, 7.37, 7.05, 7.92, 9.67, 9.75, 8.46, 7.85, 7.96, 7.63, 7.55, 7.39, 6.62, 6.25, 6.26, 5.97, 6.16, 5.91, 5.1, 4.05, 1.53, 0, 0.94, 1.4, 1.74, 1.67, 2.22, 2.25, 2.31, 3.09, 3.47, 3.36, 3.18, 2.45, 1.66, 1.76, 1.99, 2.08, 2.0, 2.76, 2.73, 2.37, 3.83, 4.43, 3.99, 3.25, 3.36, 3.78, 4.21, 3.82, 2.43, 1.57, 1.25, 1.3, 1.45, 2.07, 2.23, 2.49, 2.89, 3.07, 3.09, 1.64, 2.13, 2.86, 1.98, 1.95, 1.88, 1.64, 1.95, 2.1], [4.68, 4.78, 6.38, 7.03, 6.7, 5.91, 6.03, 6.21, 6.2, 6.51, 6.21, 6.92, 7.68, 7.87, 8.15, 9.23, 8.86, 7.67, 7.35, 8.2, 9.95, 10.05, 8.76, 8.21, 8.3, 7.95, 7.79, 7.61, 6.84, 6.65, 6.64, 6.37, 6.54, 6.31, 5.52, 4.43, 2.05, 0.94, 0, 0.9, 1.08, 1.49, 1.8, 1.75, 1.73, 2.45, 2.77, 2.68, 2.48, 1.87, 1.76, 2.06, 2.27, 2.08, 1.84, 2.34, 2.31, 1.99, 3.43, 4.03, 3.59, 2.87, 3.0, 3.4, 3.81, 3.44, 2.21, 1.73, 1.71, 1.6, 1.61, 1.83, 1.87, 2.17, 2.63, 2.73, 2.69, 1.48, 2.29, 2.96, 2.24, 1.99, 1.86, 1.52, 1.91, 1.9], [4.6, 4.78, 6.36, 7.15, 6.8, 6.09, 6.17, 6.33, 6.34, 6.81, 6.53, 7.26, 7.98, 8.21, 8.35, 9.43, 9.08, 7.93, 7.59, 8.48, 10.207, 10.35, 9.08, 8.53, 8.62, 8.21, 8.01, 7.85, 7.1, 6.97, 6.98, 6.71, 6.88, 6.65, 5.88, 4.79, 2.29, 1.4, 0.9, 0, 0.9, 1.19, 1.34, 1.55, 1.37, 2.03, 2.41, 2.4, 2.16, 1.55, 1.6, 1.94, 1.93, 1.58, 1.48, 2.08, 1.99, 1.79, 3.13, 3.73, 3.27, 2.51, 2.62, 3.06, 3.47, 3.08, 1.85, 1.61, 1.69, 1.8, 1.61, 1.49, 1.57, 1.77, 2.13, 2.37, 2.37, 1.36, 2.27, 3.28, 2.54, 2.01, 1.58, 1.26, 1.85, 1.84], [4.28, 4.5, 6.1, 6.91, 6.52, 5.99, 5.93, 6.05, 6.14, 6.71, 6.47, 7.16, 7.96, 8.23, 8.37, 9.37, 8.96, 7.87, 7.51, 8.52, 10.101, 10.27, 8.96, 8.41, 8.5, 8.15, 7.79, 7.63, 6.94, 6.97, 7.04, 6.77, 6.92, 6.71, 5.94, 4.85, 2.39, 1.74, 1.08, 0.9, 0, 0.85, 1.18, 1.27, 1.07, 1.77, 2.11, 2.02, 1.94, 1.33, 1.38, 2.0, 1.87, 1.66, 1.4, 1.96, 2.01, 1.75, 3.21, 3.83, 3.37, 2.69, 2.74, 3.28, 3.51, 3.38, 1.95, 1.63, 1.93, 1.98, 1.83, 1.55, 1.53, 1.79, 2.31, 2.39, 2.37, 1.34, 2.23, 3.38, 2.7, 2.09, 1.7, 1.64, 2.11, 2.12], [3.79, 3.99, 5.55, 6.4, 5.99, 5.48, 5.38, 5.5, 5.57, 6.24, 6.0, 6.69, 7.51, 7.78, 7.88, 8.88, 8.47, 7.36, 7.02, 8.03, 9.685, 9.8, 8.47, 7.92, 8.01, 7.64, 7.32, 7.2, 6.47, 6.52, 6.59, 6.32, 6.47, 6.26, 5.49, 4.4, 2.22, 1.67, 1.49, 1.19, 0.85, 0, 0.77, 0.98, 1.06, 2.2, 2.46, 2.19, 1.97, 1.36, 1.39, 1.77, 1.78, 1.61, 1.59, 2.41, 2.42, 2.3, 3.72, 4.3, 3.84, 3.16, 3.17, 3.69, 3.98, 3.77, 2.24, 1.7, 1.8, 1.95, 1.76, 1.68, 1.84, 2.12, 2.62, 2.84, 2.8, 1.47, 2.08, 3.13, 2.53, 2.06, 1.71, 1.83, 2.14, 2.19], [3.64, 3.84, 5.48, 6.29, 5.88, 5.39, 5.25, 5.37, 5.46, 6.11, 5.93, 6.62, 7.436, 7.73, 7.826, 8.806, 8.4, 7.29, 6.95, 7.976, 9.612, 9.75, 8.4, 7.85, 7.94, 7.55, 7.19, 7.05, 6.32, 6.47, 6.54, 6.27, 6.42, 6.21, 5.44, 4.35, 2.51, 2.22, 1.8, 1.34, 1.18, 0.77, 0, 0.73, 0.93, 2.13, 2.51, 2.16, 1.8, 1.43, 1.6, 2.18, 2.21, 1.82, 1.72, 2.56, 2.63, 2.63, 3.91, 4.47, 4.01, 3.37, 3.4, 3.88, 4.13, 3.96, 2.41, 2.09, 2.49, 2.62, 2.29, 1.95, 2.03, 2.29, 2.71, 2.97, 2.91, 2.06, 2.33, 3.24, 2.68, 2.33, 1.84, 1.88, 2.51, 2.68], [3.33, 3.67, 5.29, 6.12, 5.69, 5.06, 5.02, 5.14, 5.25, 5.92, 5.68, 6.39, 7.17, 7.44, 7.56, 8.5, 8.11, 7.0, 6.64, 7.69, 9.339, 9.48, 8.11, 7.56, 7.65, 7.28, 6.96, 6.88, 6.15, 6.18, 6.25, 5.98, 6.13, 5.92, 5.15, 4.06, 2.3, 2.25, 1.75, 1.55, 1.27, 0.98, 0.73, 0, 0.74, 2.4, 2.76, 2.35, 2.03, 1.6, 1.65, 2.41, 2.48, 2.07, 1.91, 2.79, 2.88, 2.9, 4.0, 4.62, 4.22, 3.5, 3.57, 4.01, 4.32, 4.05, 2.64, 2.22, 2.52, 2.71, 2.44, 2.22, 2.32, 2.5, 2.84, 3.18, 3.18, 2.19, 2.2, 3.03, 2.51, 2.18, 1.73, 1.91, 2.6, 2.73], [3.95, 4.29, 5.87, 6.74, 6.29, 5.66, 5.66, 5.8, 5.91, 6.54, 6.3, 7.01, 7.77, 8.04, 8.14, 9.1, 8.71, 7.6, 7.24, 8.29, 9.956, 10.08, 8.73, 8.16, 8.25, 7.88, 7.58, 7.52, 6.79, 6.78, 6.85, 6.58, 6.73, 6.52, 5.75, 4.66, 2.68, 2.31, 1.73, 1.37, 1.07, 1.06, 0.93, 0.74, 0, 1.88, 2.26, 1.97, 1.85, 1.48, 1.63, 2.47, 2.46, 1.89, 1.79, 2.31, 2.46, 2.5, 3.5, 4.14, 3.68, 3.02, 3.01, 3.49, 3.76, 3.57, 2.38, 2.24, 2.54, 2.75, 2.46, 2.12, 2.02, 2.08, 2.38, 2.64, 2.6, 2.17, 2.5, 3.53, 3.01, 2.46, 1.91, 1.85, 2.56, 2.67], [5.31, 5.75, 7.47, 8.26, 7.93, 7.4, 7.16, 7.42, 7.47, 8.12, 7.94, 8.59, 9.455, 9.74, 9.876, 10.876, 10.43, 9.36, 9.02, 10.026, 11.571, 11.78, 10.45, 9.88, 9.97, 9.617, 9.16, 8.96, 8.29, 8.48, 8.55, 8.28, 8.43, 8.22, 7.45, 6.36, 3.78, 3.09, 2.45, 2.03, 1.77, 2.2, 2.13, 2.4, 1.88, 0, 0.8, 1.23, 1.69, 1.44, 1.97, 3.03, 2.82, 2.17, 1.69, 2.03, 2.38, 2.72, 3.04, 3.58, 3.26, 2.86, 3.07, 2.89, 3.06, 3.29, 2.52, 2.72, 3.3, 3.39, 3.18, 2.36, 2.22, 2.24, 1.8, 1.6, 1.84, 2.63, 3.72, 4.95, 4.23, 3.6, 3.01, 2.81, 3.4, 3.39], [5.51, 5.95, 7.69, 8.52, 8.19, 7.66, 7.34, 7.68, 7.75, 8.38, 8.14, 8.75, 9.67, 9.96, 10.14, 11.14, 10.67, 9.62, 9.28, 10.29, 11.779, 12.04, 10.71, 10.14, 10.23, 9.871, 9.377, 9.2, 8.55, 8.68, 8.75, 8.48, 8.63, 8.42, 7.65, 6.56, 4.12, 3.47, 2.77, 2.41, 2.11, 2.46, 2.51, 2.76, 2.26, 0.8, 0, 1.05, 1.59, 1.5, 2.45, 3.39, 3.0, 2.51, 2.09, 2.11, 2.4, 2.8, 3.06, 3.54, 3.24, 2.96, 3.23, 2.99, 3.1, 3.37, 2.78, 3.08, 3.62, 3.67, 3.58, 2.68, 2.46, 2.56, 2.16, 1.86, 1.86, 2.79, 4.06, 5.15, 4.55, 3.92, 3.35, 3.19, 3.82, 3.75], [4.96, 5.42, 7.24, 8.05, 7.66, 7.13, 6.85, 7.15, 7.26, 7.89, 7.61, 8.28, 9.12, 9.43, 9.61, 10.61, 10.18, 9.09, 8.75, 9.76, 11.232, 11.51, 10.18, 9.63, 9.72, 9.37, 8.95, 8.81, 8.12, 8.13, 8.2, 7.93, 8.1, 7.89, 7.1, 6.01, 3.85, 3.36, 2.68, 2.4, 2.02, 2.19, 2.16, 2.35, 1.97, 1.23, 1.05, 0, 1.08, 1.29, 2.48, 3.44, 3.01, 2.56, 2.14, 2.18, 2.47, 2.71, 3.17, 3.73, 3.31, 2.97, 3.28, 3.26, 3.29, 3.32, 2.69, 3.05, 3.67, 3.7, 3.61, 2.79, 2.61, 2.55, 2.23, 2.03, 2.09, 2.84, 3.83, 4.88, 4.26, 3.73, 3.18, 3.08, 3.79, 3.76], [4.52, 4.92, 6.64, 7.45, 7.14, 6.61, 6.31, 6.63, 6.68, 7.29, 7.11, 7.72, 8.631, 8.91, 9.086, 10.086, 9.62, 8.57, 8.23, 9.24, 10.746, 10.99, 9.66, 9.09, 9.18, 8.809, 8.301, 8.05, 7.46, 7.65, 7.72, 7.45, 7.6, 7.39, 6.62, 5.53, 3.57, 3.18, 2.48, 2.16, 1.94, 1.97, 1.8, 2.03, 1.85, 1.69, 1.59, 1.08, 0, 0.99, 2.24, 3.06, 2.51, 2.06, 1.72, 1.82, 2.41, 2.53, 3.53, 4.07, 3.67, 3.13, 3.4, 3.52, 3.65, 3.52, 2.51, 2.79, 3.37, 3.4, 3.27, 2.43, 2.23, 2.31, 2.49, 2.45, 2.39, 2.56, 3.55, 4.52, 4.0, 3.53, 3.0, 2.96, 3.51, 3.48], [4.33, 4.75, 6.43, 7.28, 6.93, 6.4, 6.16, 6.42, 6.47, 7.14, 6.96, 7.57, 8.472, 8.76, 8.873, 9.873, 9.41, 8.36, 8.02, 9.03, 10.588, 10.78, 9.45, 8.88, 8.97, 8.611, 8.12, 7.92, 7.23, 7.5, 7.57, 7.3, 7.47, 7.26, 6.47, 5.38, 3.06, 2.45, 1.87, 1.55, 1.33, 1.36, 1.43, 1.6, 1.48, 1.44, 1.5, 1.29, 0.99, 0, 1.43, 2.37, 2.12, 1.57, 1.19, 1.63, 2.16, 2.34, 3.42, 4.02, 3.64, 3.08, 3.19, 3.45, 3.68, 3.51, 2.12, 2.12, 2.68, 2.79, 2.58, 1.82, 1.68, 1.86, 2.22, 2.16, 2.18, 2.01, 3.12, 4.13, 3.47, 2.92, 2.33, 2.25, 2.88, 2.85], [4.22, 4.6, 6.28, 7.11, 6.74, 6.21, 6.01, 6.21, 6.28, 6.97, 6.79, 7.44, 8.296, 8.59, 8.683, 9.663, 9.22, 8.15, 7.81, 8.833, 10.452, 10.61, 9.24, 8.67, 8.76, 8.407, 7.99, 7.83, 7.12, 7.33, 7.4, 7.13, 7.28, 7.07, 6.3, 5.203, 2.59, 1.66, 1.76, 1.6, 1.38, 1.39, 1.6, 1.65, 1.63, 1.97, 2.45, 2.48, 2.24, 1.43, 0, 1.48, 1.69, 1.22, 1.06, 1.82, 2.19, 2.27, 3.27, 4.01, 3.61, 2.93, 2.98, 3.28, 3.53, 3.34, 1.83, 1.43, 1.71, 1.92, 1.65, 1.45, 1.51, 1.69, 1.97, 2.15, 2.11, 1.6, 2.55, 3.74, 2.98, 2.37, 1.76, 1.7, 2.07, 2.24], [4.22, 4.52, 5.98, 6.65, 6.32, 5.71, 5.53, 5.75, 5.78, 6.47, 6.29, 6.96, 7.799, 8.09, 8.186, 9.19, 8.76, 7.67, 7.33, 8.336, 9.984, 10.11, 8.76, 8.21, 8.3, 7.93, 7.57, 7.41, 6.66, 6.83, 6.9, 6.63, 6.78, 6.57, 5.8, 4.706, 2.17, 1.76, 2.06, 1.94, 2.0, 1.77, 2.18, 2.41, 2.47, 3.03, 3.39, 3.44, 3.06, 2.37, 1.48, 0, 1.09, 1.5, 1.84, 2.42, 2.41, 2.37, 3.55, 4.07, 3.67, 3.05, 3.1, 3.48, 3.75, 3.6, 2.07, 1.45, 0.95, 1.26, 1.19, 1.49, 1.63, 1.93, 2.39, 2.71, 2.57, 1.42, 1.93, 3.26, 2.68, 2.23, 2.1, 1.94, 1.81, 1.9], [4.43, 4.81, 6.39, 7.22, 6.87, 6.36, 6.08, 6.42, 6.47, 7.06, 6.76, 7.37, 8.33, 8.64, 8.82, 9.82, 9.35, 8.3, 7.96, 8.97, 10.408, 10.72, 9.39, 8.82, 8.91, 8.545, 8.04, 7.84, 7.23, 7.3, 7.37, 7.1, 7.25, 7.04, 6.27, 5.18, 2.54, 1.99, 2.27, 1.93, 1.87, 1.78, 2.21, 2.48, 2.46, 2.82, 3.0, 3.01, 2.51, 2.12, 1.69, 1.09, 0, 1.17, 1.57, 1.89, 2.12, 2.06, 3.34, 3.84, 3.36, 2.8, 2.83, 3.35, 3.6, 3.45, 2.02, 1.44, 1.44, 1.55, 1.5, 1.44, 1.5, 1.88, 2.12, 2.36, 2.36, 1.17, 2.44, 3.69, 3.03, 2.42, 2.17, 2.05, 2.16, 2.09], [4.56, 5.0, 6.7, 7.51, 7.2, 6.67, 6.35, 6.69, 6.74, 7.35, 7.15, 7.76, 8.673, 8.97, 9.146, 10.146, 9.68, 8.63, 8.29, 9.296, 10.789, 11.05, 9.72, 9.15, 9.24, 8.869, 8.37, 8.11, 7.52, 7.69, 7.76, 7.49, 7.64, 7.43, 6.66, 5.57, 2.91, 2.08, 2.08, 1.58, 1.66, 1.61, 1.82, 2.07, 1.89, 2.17, 2.51, 2.56, 2.06, 1.57, 1.22, 1.5, 1.17, 0, 1.02, 1.44, 1.81, 1.93, 2.99, 3.53, 3.15, 2.61, 2.62, 3.02, 3.23, 3.1, 1.57, 1.43, 1.77, 1.96, 1.65, 1.19, 1.27, 1.57, 1.65, 1.89, 1.87, 1.32, 2.77, 4.1, 3.3, 2.43, 1.9, 1.68, 1.89, 1.96], [4.68, 5.14, 6.84, 7.65, 7.34, 6.81, 6.49, 6.83, 6.88, 7.49, 7.29, 7.9, 8.813, 9.11, 9.286, 10.286, 9.82, 8.77, 8.43, 9.436, 10.929, 11.19, 9.86, 9.29, 9.38, 9.021, 8.524, 8.29, 7.66, 7.83, 7.9, 7.63, 7.78, 7.57, 6.8, 5.71, 3.09, 2.0, 1.84, 1.48, 1.4, 1.59, 1.72, 1.91, 1.79, 1.69, 2.09, 2.14, 1.72, 1.19, 1.06, 1.84, 1.57, 1.02, 0, 1.2, 1.71, 1.85, 2.89, 3.57, 3.13, 2.55, 2.64, 2.94, 3.19, 3.0, 1.65, 1.37, 2.15, 2.28, 1.95, 1.43, 1.37, 1.61, 1.59, 1.73, 1.81, 1.5, 2.89, 4.2, 3.44, 2.73, 2.12, 1.88, 2.17, 2.2], [5.653, 6.14, 7.84, 8.65, 8.34, 7.81, 7.49, 7.83, 7.88, 8.51, 8.29, 8.9, 9.819, 10.11, 10.289, 11.289, 10.82, 9.77, 9.43, 10.439, 11.929, 12.19, 10.86, 10.29, 10.38, 10.012, 9.492, 9.27, 8.68, 8.83, 8.9, 8.63, 8.78, 8.57, 7.8, 6.71, 4.05, 2.76, 2.34, 2.08, 1.96, 2.41, 2.56, 2.79, 2.31, 2.03, 2.11, 2.18, 1.82, 1.63, 1.82, 2.42, 1.89, 1.44, 1.2, 0, 1.01, 1.25, 2.13, 2.69, 2.31, 1.83, 1.94, 2.18, 2.39, 2.34, 1.55, 1.97, 2.51, 2.4, 2.41, 1.31, 1.11, 1.43, 1.61, 1.61, 1.15, 1.7, 3.87, 5.18, 4.42, 3.53, 2.88, 2.42, 2.71, 2.32], [5.85, 6.23, 7.87, 8.7, 8.37, 7.84, 7.54, 7.86, 7.93, 8.56, 8.3, 8.93, 9.83, 10.12, 10.3, 11.3, 10.83, 9.78, 9.44, 10.45, 11.939, 12.2, 10.87, 10.3, 10.39, 10.034, 9.58, 9.4, 8.75, 8.84, 8.91, 8.64, 8.79, 8.58, 7.81, 6.72, 4.06, 2.73, 2.31, 1.99, 2.01, 2.42, 2.63, 2.88, 2.46, 2.38, 2.4, 2.47, 2.41, 2.16, 2.19, 2.41, 2.12, 1.81, 1.71, 1.01, 0, 0.72, 1.52, 1.98, 1.56, 1.14, 1.33, 1.61, 1.84, 1.77, 1.22, 1.64, 2.14, 2.01, 2.02, 1.06, 0.96, 1.06, 1.38, 1.44, 0.82, 1.59, 3.88, 5.19, 4.43, 3.42, 2.85, 1.99, 2.28, 1.87], [5.85, 6.09, 7.71, 8.46, 8.15, 7.58, 7.44, 7.66, 7.73, 8.26, 7.98, 8.63, 9.47, 9.78, 9.96, 10.96, 10.51, 9.46, 9.1, 10.11, 11.602, 11.86, 10.53, 9.96, 10.05, 9.737, 9.3, 9.12, 8.47, 8.48, 8.55, 8.28, 8.43, 8.22, 7.45, 6.36, 3.7, 2.37, 1.99, 1.79, 1.75, 2.3, 2.63, 2.9, 2.5, 2.72, 2.8, 2.71, 2.53, 2.34, 2.27, 2.37, 2.06, 1.93, 1.85, 1.25, 0.72, 0, 1.66, 2.26, 1.8, 1.32, 1.57, 1.97, 2.1, 2.03, 1.3, 1.54, 1.86, 1.73, 1.8, 1.16, 1.04, 1.36, 1.72, 1.76, 1.22, 1.29, 3.56, 4.83, 4.09, 3.12, 2.73, 1.95, 2.08, 1.69], [6.97, 7.49, 9.17, 9.94, 9.63, 8.96, 8.78, 9.1, 9.13, 9.72, 9.44, 10.09, 10.93, 11.24, 11.46, 12.44, 11.99, 10.92, 10.56, 11.57, 13.08, 13.32, 11.99, 11.42, 11.51, 11.22, 10.8, 10.62, 9.93, 9.94, 10.01, 9.74, 9.89, 9.68, 8.91, 7.82, 5.16, 3.83, 3.43, 3.13, 3.21, 3.72, 3.91, 4.0, 3.5, 3.04, 3.06, 3.17, 3.53, 3.42, 3.27, 3.55, 3.34, 2.99, 2.89, 2.13, 1.52, 1.66, 0, 0.94, 0.74, 1.3, 1.49, 1.49, 1.48, 1.79, 1.9, 2.64, 3.18, 2.93, 2.96, 2.28, 2.18, 2.02, 2.08, 1.94, 1.52, 2.69, 5.0, 6.29, 5.53, 4.52, 4.07, 3.09, 2.96, 2.43], [7.55, 8.03, 9.73, 10.52, 10.21, 9.56, 9.3, 9.64, 9.69, 10.3, 10.0, 10.63, 11.53, 11.84, 12.04, 13.06, 12.57, 11.5, 11.18, 12.19, 13.68, 13.92, 12.59, 12.02, 12.11, 11.78, 11.4, 11.2, 10.49, 10.52, 10.59, 10.32, 10.47, 10.26, 9.49, 8.4, 5.74, 4.43, 4.03, 3.73, 3.83, 4.3, 4.47, 4.62, 4.14, 3.58, 3.54, 3.73, 4.07, 4.02, 4.01, 4.07, 3.84, 3.53, 3.57, 2.69, 1.98, 2.26, 0.94, 0, 0.62, 1.48, 1.49, 1.43, 1.32, 1.91, 2.38, 3.18, 3.8, 3.49, 3.44, 2.78, 2.64, 2.48, 2.66, 2.5, 2.08, 3.29, 5.6, 6.87, 6.13, 5.16, 4.67, 3.67, 3.28, 2.85], [7.19, 7.59, 9.27, 10.08, 9.75, 9.12, 8.88, 9.22, 9.27, 9.88, 9.56, 10.19, 11.09, 11.4, 11.58, 12.6, 12.11, 11.08, 10.72, 11.73, 13.2, 13.48, 12.15, 11.58, 11.67, 11.354, 10.96, 10.76, 10.07, 10.06, 10.13, 9.86, 10.01, 9.8, 9.03, 7.94, 5.28, 3.99, 3.59, 3.27, 3.37, 3.84, 4.01, 4.22, 3.68, 3.26, 3.24, 3.31, 3.67, 3.64, 3.61, 3.67, 3.36, 3.15, 3.13, 2.31, 1.56, 1.8, 0.74, 0.62, 0, 1.02, 1.11, 1.23, 1.2, 1.73, 2.0, 2.8, 3.34, 3.03, 3.02, 2.34, 2.2, 2.04, 2.22, 2.1, 1.66, 2.81, 5.12, 6.41, 5.69, 4.7, 4.19, 3.21, 2.94, 2.47], [6.57, 6.93, 8.59, 9.38, 9.05, 8.42, 8.3, 8.56, 8.61, 9.16, 8.84, 9.51, 10.35, 10.66, 10.86, 11.84, 11.43, 10.36, 10.0, 10.99, 12.432, 12.74, 11.43, 10.88, 10.97, 10.64, 10.28, 10.12, 9.41, 9.28, 9.35, 9.08, 9.23, 9.02, 8.25, 7.16, 4.5, 3.25, 2.87, 2.51, 2.69, 3.16, 3.37, 3.5, 3.02, 2.86, 2.96, 2.97, 3.13, 3.08, 2.93, 3.05, 2.8, 2.61, 2.55, 1.83, 1.14, 1.32, 1.3, 1.48, 1.02, 0, 0.65, 0.89, 1.2, 1.29, 1.42, 2.3, 2.68, 2.39, 2.32, 1.76, 1.7, 1.44, 1.68, 1.7, 1.16, 2.07, 4.34, 5.63, 4.95, 3.96, 3.51, 2.57, 2.58, 2.09], [6.6, 6.98, 8.62, 9.45, 9.12, 8.49, 8.33, 8.61, 8.68, 9.25, 8.93, 9.6, 10.44, 10.75, 10.93, 11.93, 11.52, 10.45, 10.09, 11.08, 12.522, 12.83, 11.52, 10.97, 11.06, 10.73, 10.39, 10.23, 9.52, 9.37, 9.42, 9.15, 9.3, 9.09, 8.32, 7.23, 4.59, 3.36, 3.0, 2.62, 2.74, 3.17, 3.4, 3.57, 3.01, 3.07, 3.23, 3.28, 3.4, 3.19, 2.98, 3.1, 2.83, 2.62, 2.64, 1.94, 1.33, 1.57, 1.49, 1.49, 1.11, 0.65, 0, 0.82, 1.01, 1.24, 1.37, 2.17, 2.67, 2.38, 2.35, 1.79, 1.75, 1.45, 1.63, 1.75, 1.43, 2.14, 4.43, 5.7, 5.04, 4.05, 3.52, 2.58, 2.31, 1.84], [6.96, 7.42, 9.16, 9.93, 9.64, 8.89, 8.73, 9.05, 9.08, 9.69, 9.37, 10.04, 10.88, 11.19, 11.37, 12.41, 11.96, 10.89, 10.53, 11.52, 13.05, 13.27, 11.96, 11.41, 11.5, 11.17, 10.89, 10.73, 9.98, 9.85, 9.92, 9.65, 9.8, 9.59, 8.82, 7.73, 5.07, 3.78, 3.4, 3.06, 3.28, 3.69, 3.88, 4.01, 3.49, 2.89, 2.99, 3.26, 3.52, 3.45, 3.28, 3.48, 3.35, 3.02, 2.94, 2.18, 1.61, 1.97, 1.49, 1.43, 1.23, 0.89, 0.82, 0, 0.83, 1.16, 1.71, 2.67, 3.17, 2.86, 2.81, 2.27, 2.17, 1.83, 1.81, 1.89, 1.47, 2.68, 4.91, 6.2, 5.48, 4.51, 4.02, 3.02, 2.67, 2.22], [7.31, 7.65, 9.45, 10.28, 9.91, 9.32, 9.06, 9.36, 9.47, 10.1, 9.78, 10.45, 11.31, 11.62, 11.8, 12.8, 12.37, 11.3, 10.94, 11.95, 13.374, 13.7, 12.37, 11.82, 11.91, 11.58, 11.24, 11.08, 10.35, 10.24, 10.29, 10.02, 10.17, 9.96, 9.19, 8.1, 5.46, 4.21, 3.81, 3.47, 3.51, 3.98, 4.13, 4.32, 3.76, 3.06, 3.1, 3.29, 3.65, 3.68, 3.53, 3.75, 3.6, 3.23, 3.19, 2.39, 1.84, 2.1, 1.48, 1.32, 1.2, 1.2, 1.01, 0.83, 0, 0.93, 1.92, 2.9, 3.52, 3.23, 3.2, 2.5, 2.42, 2.1, 2.06, 1.94, 1.56, 2.93, 5.28, 6.57, 5.91, 4.92, 4.33, 3.43, 2.8, 2.45], [7.04, 7.52, 9.28, 10.03, 9.72, 8.97, 8.85, 9.15, 9.22, 9.81, 9.47, 10.2, 10.96, 11.25, 11.43, 12.43, 12.12, 10.99, 10.63, 11.56, 13.022, 13.39, 12.12, 11.57, 11.66, 11.27, 10.99, 10.83, 10.12, 9.87, 9.86, 9.61, 9.76, 9.53, 8.76, 7.67, 5.13, 3.82, 3.44, 3.08, 3.38, 3.77, 3.96, 4.05, 3.57, 3.29, 3.37, 3.32, 3.52, 3.51, 3.34, 3.6, 3.45, 3.1, 3.0, 2.34, 1.77, 2.03, 1.79, 1.91, 1.73, 1.29, 1.24, 1.16, 0.93, 0, 1.73, 2.71, 3.27, 2.96, 2.93, 2.37, 2.29, 1.91, 1.97, 2.01, 1.71, 2.74, 4.99, 6.16, 5.54, 4.65, 4.04, 3.04, 2.39, 2.04], [5.49, 5.89, 7.69, 8.5, 8.13, 7.54, 7.3, 7.6, 7.71, 8.34, 8.02, 8.69, 9.53, 9.84, 10.02, 11.02, 10.61, 9.54, 9.18, 10.17, 11.589, 11.92, 10.61, 10.06, 10.15, 9.82, 9.44, 9.28, 8.59, 8.46, 8.51, 8.24, 8.39, 8.18, 7.41, 6.32, 3.68, 2.43, 2.21, 1.85, 1.95, 2.24, 2.41, 2.64, 2.38, 2.52, 2.78, 2.69, 2.51, 2.12, 1.83, 2.07, 2.02, 1.57, 1.65, 1.55, 1.22, 1.3, 1.9, 2.38, 2.0, 1.42, 1.37, 1.71, 1.92, 1.73, 0, 1.26, 1.94, 1.81, 1.6, 1.1, 1.14, 1.02, 1.24, 1.24, 1.3, 1.43, 3.5, 4.79, 4.13, 3.14, 2.57, 1.73, 1.54, 1.33], [4.77, 5.15, 6.75, 7.54, 7.19, 6.6, 6.4, 6.7, 6.77, 7.34, 7.06, 7.73, 8.59, 8.9, 9.08, 10.08, 9.65, 8.56, 8.22, 9.23, 10.702, 10.98, 9.65, 9.1, 9.19, 8.82, 8.4, 8.24, 7.57, 7.6, 7.67, 7.4, 7.55, 7.34, 6.57, 5.48, 2.82, 1.57, 1.73, 1.61, 1.63, 1.7, 2.09, 2.22, 2.24, 2.72, 3.08, 3.05, 2.79, 2.12, 1.43, 1.45, 1.44, 1.43, 1.37, 1.97, 1.64, 1.54, 2.64, 3.18, 2.8, 2.3, 2.17, 2.67, 2.9, 2.71, 1.26, 0, 1.14, 1.19, 1.1, 1.22, 1.24, 1.38, 1.7, 1.86, 2.02, 1.11, 2.72, 3.99, 3.19, 2.4, 2.07, 1.37, 1.2, 1.13], [4.69, 4.89, 6.35, 6.96, 6.67, 6.0, 6.0, 6.1, 6.11, 6.68, 6.44, 7.07, 7.89, 8.16, 8.3, 9.28, 8.85, 7.78, 7.42, 8.43, 10.074, 10.18, 8.85, 8.3, 8.39, 8.06, 7.74, 7.6, 6.85, 6.9, 6.97, 6.7, 6.85, 6.64, 5.87, 4.779, 2.12, 1.25, 1.71, 1.69, 1.93, 1.8, 2.49, 2.52, 2.54, 3.3, 3.62, 3.67, 3.37, 2.68, 1.71, 0.95, 1.44, 1.77, 2.15, 2.51, 2.14, 1.86, 3.18, 3.8, 3.34, 2.68, 2.67, 3.17, 3.52, 3.27, 1.94, 1.14, 0, 0.65, 0.82, 1.5, 1.58, 1.9, 2.28, 2.6, 2.48, 1.25, 2.1, 3.31, 2.63, 2.14, 2.13, 1.57, 1.48, 1.45], [5.12, 5.28, 6.78, 7.35, 7.02, 6.35, 6.39, 6.51, 6.52, 6.99, 6.73, 7.36, 8.16, 8.43, 8.67, 9.63, 9.24, 8.07, 7.73, 8.72, 10.37, 10.47, 9.16, 8.61, 8.7, 8.37, 8.07, 7.91, 7.18, 7.17, 7.24, 6.97, 7.12, 6.91, 6.14, 5.05, 2.39, 1.3, 1.6, 1.8, 1.98, 1.95, 2.62, 2.71, 2.75, 3.39, 3.67, 3.7, 3.4, 2.79, 1.92, 1.26, 1.55, 1.96, 2.28, 2.4, 2.01, 1.73, 2.93, 3.49, 3.03, 2.39, 2.38, 2.86, 3.23, 2.96, 1.81, 1.19, 0.65, 0, 0.71, 1.33, 1.39, 1.67, 2.37, 2.55, 2.37, 1.12, 2.43, 3.58, 2.78, 2.35, 2.42, 1.76, 1.49, 1.3], [4.97, 5.15, 6.67, 7.32, 7.01, 6.34, 6.34, 6.5, 6.49, 7.0, 6.74, 7.41, 8.25, 8.52, 8.7, 9.72, 9.27, 8.14, 7.8, 8.81, 10.46, 10.56, 9.25, 8.7, 8.79, 8.4, 8.1, 7.94, 7.23, 7.26, 7.33, 7.06, 7.21, 7.0, 6.23, 5.14, 2.48, 1.45, 1.61, 1.61, 1.83, 1.76, 2.29, 2.44, 2.46, 3.18, 3.58, 3.61, 3.27, 2.58, 1.65, 1.19, 1.5, 1.65, 1.95, 2.41, 2.02, 1.8, 2.96, 3.44, 3.02, 2.32, 2.35, 2.81, 3.2, 2.93, 1.6, 1.1, 0.82, 0.71, 0, 1.22, 1.38, 1.44, 2.08, 2.36, 2.34, 1.19, 2.42, 3.65, 2.87, 2.18, 2.17, 1.45, 1.18, 1.19], [5.19, 5.49, 7.11, 7.94, 7.59, 7.1, 6.86, 7.08, 7.13, 7.82, 7.62, 8.25, 9.149, 9.42, 9.539, 10.539, 10.07, 9.02, 8.68, 9.689, 11.248, 11.44, 10.11, 9.54, 9.63, 9.274, 8.8, 8.64, 7.95, 8.16, 8.23, 7.96, 8.11, 7.9, 7.13, 6.039, 3.38, 2.07, 1.83, 1.49, 1.55, 1.68, 1.95, 2.22, 2.12, 2.36, 2.68, 2.79, 2.43, 1.82, 1.45, 1.49, 1.44, 1.19, 1.43, 1.31, 1.06, 1.16, 2.28, 2.78, 2.34, 1.76, 1.79, 2.27, 2.5, 2.37, 1.1, 1.22, 1.5, 1.33, 1.22, 0, 0.5, 0.92, 1.42, 1.64, 1.34, 1.07, 3.2, 4.51, 3.75, 2.76, 2.25, 1.63, 1.64, 1.29], [5.37, 5.67, 7.29, 8.12, 7.77, 7.28, 7.04, 7.26, 7.31, 7.98, 7.8, 8.43, 9.312, 9.6, 9.716, 10.716, 10.25, 9.2, 8.86, 9.866, 11.448, 11.62, 10.29, 9.72, 9.81, 9.454, 8.98, 8.76, 8.11, 8.34, 8.41, 8.14, 8.29, 8.08, 7.31, 6.219, 3.56, 2.23, 1.87, 1.57, 1.53, 1.84, 2.03, 2.32, 2.02, 2.22, 2.46, 2.61, 2.23, 1.68, 1.51, 1.63, 1.5, 1.27, 1.37, 1.11, 0.96, 1.04, 2.18, 2.64, 2.2, 1.7, 1.75, 2.17, 2.42, 2.29, 1.14, 1.24, 1.58, 1.39, 1.38, 0.5, 0, 0.76, 1.38, 1.5, 1.2, 1.13, 3.38, 4.69, 3.93, 2.92, 2.43, 1.75, 1.8, 1.47], [5.61, 5.99, 7.61, 8.42, 8.09, 7.5, 7.34, 7.56, 7.61, 8.22, 8.04, 8.73, 9.555, 9.84, 9.971, 10.971, 10.57, 9.46, 9.12, 10.121, 11.711, 11.88, 10.57, 10.02, 10.11, 9.72, 9.34, 9.12, 8.43, 8.58, 8.65, 8.38, 8.53, 8.32, 7.55, 6.46, 3.8, 2.49, 2.17, 1.77, 1.79, 2.12, 2.29, 2.5, 2.08, 2.24, 2.56, 2.55, 2.31, 1.86, 1.69, 1.93, 1.88, 1.57, 1.61, 1.43, 1.06, 1.36, 2.02, 2.48, 2.04, 1.44, 1.45, 1.83, 2.1, 1.91, 1.02, 1.38, 1.9, 1.67, 1.44, 0.92, 0.76, 0, 1.22, 1.3, 1.18, 1.51, 3.64, 4.95, 4.17, 3.18, 2.59, 1.75, 1.88, 1.59], [5.67, 6.15, 7.95, 8.76, 8.39, 7.82, 7.56, 7.88, 7.99, 8.62, 8.3, 8.95, 9.81, 10.12, 10.3, 11.3, 10.87, 9.82, 9.46, 10.45, 11.837, 12.2, 10.89, 10.32, 10.41, 10.097, 9.66, 9.5, 8.83, 8.74, 8.79, 8.52, 8.67, 8.46, 7.69, 6.6, 3.96, 2.89, 2.63, 2.13, 2.31, 2.62, 2.71, 2.84, 2.38, 1.8, 2.16, 2.23, 2.49, 2.22, 1.97, 2.39, 2.12, 1.65, 1.59, 1.61, 1.38, 1.72, 2.08, 2.66, 2.22, 1.68, 1.63, 1.81, 2.06, 1.97, 1.24, 1.7, 2.28, 2.37, 2.08, 1.42, 1.38, 1.22, 0, 0.6, 1.04, 1.87, 3.8, 5.09, 4.41, 3.4, 2.83, 1.95, 2.18, 1.99], [6.03, 6.47, 8.31, 9.12, 8.75, 8.18, 7.92, 8.24, 8.35, 8.98, 8.66, 9.31, 10.17, 10.48, 10.66, 11.66, 11.23, 10.18, 9.82, 10.81, 12.231, 12.56, 11.25, 10.68, 10.77, 10.457, 10.02, 9.86, 9.19, 9.12, 9.19, 8.92, 9.07, 8.86, 8.09, 7.0, 4.34, 3.07, 2.73, 2.37, 2.39, 2.84, 2.97, 3.18, 2.64, 1.6, 1.86, 2.03, 2.45, 2.16, 2.15, 2.71, 2.36, 1.89, 1.73, 1.61, 1.44, 1.76, 1.94, 2.5, 2.1, 1.7, 1.75, 1.89, 1.94, 2.01, 1.24, 1.86, 2.6, 2.55, 2.36, 1.64, 1.5, 1.3, 0.6, 0, 0.92, 2.05, 4.18, 5.49, 4.77, 3.76, 3.19, 2.31, 2.42, 2.17], [6.07, 6.51, 8.25, 9.06, 8.73, 8.2, 7.86, 8.22, 8.29, 8.92, 8.66, 9.29, 10.19, 10.5, 10.68, 11.68, 11.21, 10.16, 9.82, 10.83, 12.322, 12.58, 11.25, 10.68, 10.77, 10.414, 9.96, 9.8, 9.11, 9.2, 9.27, 9.0, 9.15, 8.94, 8.17, 7.08, 4.42, 3.09, 2.69, 2.37, 2.37, 2.8, 2.91, 3.18, 2.6, 1.84, 1.86, 2.09, 2.39, 2.18, 2.11, 2.57, 2.36, 1.87, 1.81, 1.15, 0.82, 1.22, 1.52, 2.08, 1.66, 1.16, 1.43, 1.47, 1.56, 1.71, 1.3, 2.02, 2.48, 2.37, 2.34, 1.34, 1.2, 1.18, 1.04, 0.92, 0, 1.81, 4.24, 5.55, 4.79, 3.78, 3.21, 2.39, 2.62, 2.23], [4.9, 5.14, 6.8, 7.49, 7.14, 6.59, 6.43, 6.65, 6.72, 7.29, 6.97, 7.64, 8.5, 8.81, 8.99, 9.99, 9.56, 8.49, 8.13, 9.14, 10.559, 10.89, 9.56, 9.01, 9.1, 8.77, 8.37, 8.21, 7.52, 7.43, 7.5, 7