[[0, 0.98, 0.75, 0.85, 1.21, 1.47, 1.27, 1.27, 1.39, 1.3, 1.5, 1.37, 1.58, 2.38, 2.53, 1.77, 1.74, 1.88, 2.5, 2.55, 2.05, 1.84, 1.64, 1.67, 2.4, 4.19, 4.55, 4.22, 4.45, 3.719, 2.23, 2.26, 3.151, 2.991, 2.883, 3.291, 3.818, 3.457, 3.16, 3.12, 2.88, 3.03, 2.97, 3.05, 3.28, 4.06, 4.0, 4.74, 4.72, 4.78, 4.63, 4.78, 5.1, 5.11, 6.03, 5.98, 6.39, 5.18, 4.66, 5.09, 5.79, 4.63, 4.52, 5.22, 5.96, 5.54, 5.36, 3.79, 2.76, 2.64, 2.66, 3.14, 3.62, 4.01, 4.29, 3.65, 3.27, 2.57, 1.88, 2.06, 2.52, 2.82, 2.92, 2.09, 2.41, 2.36], [0.98, 0, 0.77, 1.27, 1.53, 1.93, 1.41, 1.49, 0.97, 1.02, 1.26, 1.21, 1.1, 1.88, 2.15, 1.97, 2.1, 2.34, 2.94, 2.99, 2.43, 2.22, 1.96, 1.89, 1.98, 3.65, 4.01, 3.7, 3.91, 3.15, 1.89, 2.08, 2.51, 2.428, 2.31, 2.708, 3.24, 2.87, 2.7, 2.72, 2.46, 2.69, 2.69, 2.85, 3.1, 3.94, 3.96, 4.62, 4.4, 4.22, 4.31, 4.32, 4.48, 4.73, 5.55, 5.62, 5.99, 4.68, 4.26, 4.61, 5.13, 3.97, 3.92, 4.58, 5.36, 5.0, 4.76, 3.17, 2.16, 2.0, 2.08, 2.56, 3.04, 3.47, 3.77, 3.05, 2.65, 2.03, 1.48, 1.32, 1.84, 2.16, 2.28, 1.45, 1.93, 1.86], [0.75, 0.77, 0, 0.92, 1.1, 1.5, 1.2, 1.28, 1.02, 0.91, 1.05, 1.0, 1.37, 2.23, 2.44, 2.12, 2.11, 2.11, 2.53, 2.68, 2.14, 1.93, 1.85, 2.04, 2.37, 4.16, 4.58, 4.233, 4.46, 3.672, 2.18, 2.21, 3.098, 2.978, 2.84, 3.218, 3.765, 3.4, 3.196, 3.15, 2.71, 2.68, 2.66, 2.72, 2.89, 3.69, 3.69, 4.45, 4.33, 4.29, 4.26, 4.35, 4.59, 4.7, 5.58, 5.85, 6.22, 4.97, 4.41, 4.98, 5.66, 4.48, 4.35, 5.09, 5.87, 5.55, 5.27, 3.68, 2.67, 2.51, 2.65, 3.11, 3.57, 4.02, 4.28, 3.54, 3.18, 2.56, 1.73, 1.85, 2.33, 2.67, 2.83, 2.0, 2.26, 2.23], [0.85, 1.27, 0.92, 0, 0.94, 1.28, 0.9, 0.94, 1.48, 1.35, 1.47, 1.34, 1.95, 2.61, 2.66, 1.8, 1.79, 1.79, 2.23, 2.42, 1.9, 1.81, 1.99, 1.98, 2.91, 4.72, 5.08, 4.69, 4.86, 4.22, 2.7, 2.77, 3.66, 3.56, 3.36, 3.78, 4.31, 3.94, 3.67, 3.59, 3.01, 2.98, 2.96, 2.92, 3.15, 3.93, 3.97, 4.63, 4.59, 4.73, 4.58, 4.73, 4.95, 5.06, 5.94, 6.29, 6.66, 5.43, 4.91, 5.46, 6.18, 5.04, 4.89, 5.65, 6.41, 5.93, 5.83, 4.26, 3.23, 3.09, 3.15, 3.53, 4.07, 4.46, 4.84, 4.1, 3.82, 3.06, 2.23, 2.39, 2.91, 3.25, 3.37, 2.5, 2.86, 2.81], [1.21, 1.53, 1.1, 0.94, 0, 0.96, 1.02, 1.28, 1.64, 1.37, 1.37, 1.48, 2.07, 2.77, 2.76, 2.18, 2.21, 2.19, 2.11, 2.16, 1.9, 1.99, 2.09, 2.16, 2.85, 4.6, 5.1, 4.687, 4.877, 4.26, 2.66, 2.69, 3.7, 3.54, 3.4, 3.7, 4.21, 3.96, 3.63, 3.51, 3.07, 2.76, 2.78, 2.52, 2.67, 3.57, 3.43, 4.19, 4.13, 4.57, 4.56, 4.63, 4.81, 4.82, 5.86, 6.39, 6.74, 5.51, 4.97, 5.48, 6.2, 5.06, 4.95, 5.67, 6.41, 5.97, 5.83, 4.28, 3.25, 3.15, 3.17, 3.53, 4.03, 4.42, 4.72, 4.04, 3.78, 3.16, 2.31, 2.35, 2.95, 3.27, 3.39, 2.52, 2.88, 2.83], [1.47, 1.93, 1.5, 1.28, 0.96, 0, 1.06, 1.18, 2.08, 1.81, 1.75, 1.86, 2.55, 3.29, 3.24, 2.32, 2.23, 2.09, 1.91, 2.08, 1.88, 1.97, 2.09, 2.08, 3.17, 4.76, 5.163, 4.784, 4.98, 4.36, 2.82, 2.95, 4.08, 3.9, 3.88, 4.18, 4.53, 4.34, 3.93, 3.69, 3.19, 2.82, 2.84, 2.58, 2.79, 3.63, 3.57, 4.35, 4.29, 4.73, 4.62, 4.77, 4.97, 4.98, 5.9, 6.43, 6.82, 5.57, 5.03, 5.68, 6.32, 5.2, 5.01, 5.81, 6.55, 6.13, 5.97, 4.44, 3.47, 3.33, 3.35, 3.77, 4.37, 4.64, 4.96, 4.46, 4.2, 3.48, 2.71, 2.71, 3.13, 3.41, 3.61, 2.7, 3.0, 3.05], [1.27, 1.41, 1.2, 0.9, 1.02, 1.06, 0, 1.14, 1.78, 1.57, 1.71, 1.68, 2.07, 2.81, 2.74, 1.88, 1.87, 1.99, 2.17, 2.4, 2.06, 2.13, 2.15, 1.86, 2.79, 4.62, 5.0, 4.57, 4.78, 4.16, 2.6, 2.77, 3.6, 3.38, 3.38, 3.74, 4.13, 3.82, 3.51, 3.51, 2.97, 2.78, 2.86, 2.88, 3.13, 3.91, 3.83, 4.59, 4.57, 4.75, 4.72, 4.75, 4.91, 4.98, 5.9, 6.29, 6.66, 5.41, 4.87, 5.48, 6.16, 5.04, 4.95, 5.65, 6.39, 5.91, 5.81, 4.26, 3.23, 3.09, 3.05, 3.49, 4.03, 4.42, 4.72, 3.92, 3.7, 3.04, 2.25, 2.29, 2.91, 3.25, 3.37, 2.5, 2.9, 2.85], [1.27, 1.49, 1.28, 0.94, 1.28, 1.18, 1.14, 0, 1.4, 1.35, 1.29, 1.26, 1.87, 2.47, 2.34, 1.52, 1.39, 1.39, 2.05, 2.22, 1.72, 1.59, 1.75, 1.8, 2.93, 4.74, 5.26, 4.87, 5.04, 4.42, 2.84, 2.83, 3.78, 3.62, 3.32, 3.6, 4.09, 3.84, 3.65, 3.67, 3.47, 3.26, 3.46, 3.3, 3.43, 4.37, 4.31, 5.11, 5.05, 5.15, 5.02, 5.25, 5.41, 5.56, 6.46, 6.71, 7.14, 5.81, 5.35, 5.86, 6.44, 5.28, 5.17, 5.87, 6.61, 6.21, 6.07, 4.5, 3.47, 3.33, 3.41, 3.83, 4.29, 4.68, 4.98, 4.28, 3.94, 3.3, 2.45, 2.51, 3.15, 3.49, 3.63, 2.76, 3.1, 3.05], [1.39, 0.97, 1.02, 1.48, 1.64, 2.08, 1.78, 1.4, 0, 0.73, 0.77, 0.9, 0.73, 1.57, 1.78, 1.98, 1.99, 2.03, 2.87, 2.88, 2.32, 2.07, 1.77, 2.06, 2.09, 3.62, 4.16, 3.77, 3.94, 3.32, 1.96, 1.97, 2.7, 2.48, 2.12, 2.46, 3.01, 2.68, 2.61, 2.63, 2.49, 2.54, 2.72, 2.62, 2.81, 3.73, 3.73, 4.41, 4.33, 4.21, 4.24, 4.41, 4.55, 4.78, 5.66, 5.77, 6.22, 4.93, 4.47, 4.84, 5.28, 4.14, 4.03, 4.75, 5.49, 5.05, 4.95, 3.4, 2.37, 2.27, 2.29, 2.67, 3.17, 3.56, 3.86, 3.1, 2.78, 2.22, 1.41, 1.45, 2.07, 2.39, 2.51, 1.82, 2.18, 1.99], [1.3, 1.02, 0.91, 1.35, 1.37, 1.81, 1.57, 1.35, 0.73, 0, 0.66, 0.83, 1.02, 1.94, 2.15, 2.05, 2.08, 2.14, 2.6, 2.59, 2.03, 1.82, 1.52, 1.77, 2.1, 3.67, 4.27, 3.84, 4.01, 3.427, 1.87, 2.0, 2.77, 2.69, 2.31, 2.53, 3.14, 2.79, 2.6, 2.62, 2.5, 2.47, 2.75, 2.53, 2.76, 3.66, 3.68, 4.4, 4.28, 4.14, 4.17, 4.34, 4.5, 4.77, 5.57, 5.76, 6.19, 4.9, 4.44, 4.79, 5.33, 4.19, 4.08, 4.82, 5.56, 5.1, 5.02, 3.43, 2.4, 2.32, 2.36, 2.7, 3.18, 3.59, 3.89, 3.11, 2.89, 2.31, 1.4, 1.5, 2.14, 2.42, 2.56, 1.73, 2.17, 2.02], [1.5, 1.26, 1.05, 1.47, 1.37, 1.75, 1.71, 1.29, 0.77, 0.66, 0, 0.67, 1.16, 2.06, 2.19, 2.17, 2.14, 2.02, 2.36, 2.39, 1.83, 1.58, 1.58, 1.97, 2.38, 3.99, 4.57, 4.12, 4.27, 3.727, 2.13, 2.08, 3.067, 2.93, 2.47, 2.71, 3.32, 2.99, 2.88, 2.94, 2.78, 2.67, 2.91, 2.57, 2.74, 3.64, 3.6, 4.4, 4.36, 4.3, 4.21, 4.54, 4.7, 4.95, 5.77, 6.06, 6.57, 5.22, 4.78, 5.15, 5.61, 4.47, 4.34, 5.08, 5.82, 5.4, 5.32, 3.71, 2.68, 2.6, 2.66, 3.02, 3.46, 3.91, 4.21, 3.43, 3.17, 2.61, 1.68, 1.76, 2.4, 2.74, 2.82, 2.07, 2.43, 2.26], [1.37, 1.21, 1.0, 1.34, 1.48, 1.86, 1.68, 1.26, 0.9, 0.83, 0.67, 0, 1.01, 1.83, 1.98, 1.94, 1.83, 1.79, 2.55, 2.6, 1.96, 1.77, 1.51, 1.94, 2.43, 4.16, 4.7, 4.239, 4.392, 3.86, 2.26, 2.25, 3.18, 3.0, 2.62, 2.88, 3.43, 3.14, 3.07, 3.05, 3.05, 2.98, 3.2, 2.98, 3.15, 4.09, 4.07, 4.83, 4.79, 4.67, 4.66, 4.85, 5.05, 5.28, 6.14, 6.45, 6.86, 5.51, 5.07, 5.44, 5.82, 4.66, 4.65, 5.27, 6.01, 5.57, 5.47, 3.88, 2.85, 2.71, 2.77, 3.17, 3.63, 4.06, 4.36, 3.58, 3.32, 2.72, 1.81, 1.93, 2.53, 2.89, 2.99, 2.16, 2.54, 2.43], [1.58, 1.1, 1.37, 1.95, 2.07, 2.55, 2.07, 1.87, 0.73, 1.02, 1.16, 1.01, 0, 1.06, 1.41, 1.71, 1.9, 2.26, 3.36, 3.39, 2.75, 2.48, 1.8, 1.83, 1.78, 3.21, 3.79, 3.4, 3.57, 2.95, 1.71, 1.72, 2.29, 2.09, 1.77, 2.11, 2.68, 2.35, 2.36, 2.5, 2.74, 2.93, 3.07, 3.03, 3.26, 4.12, 4.18, 4.88, 4.8, 4.56, 4.67, 4.72, 4.84, 5.11, 5.97, 5.72, 6.27, 5.0, 4.54, 4.79, 4.91, 3.73, 3.88, 4.32, 5.06, 4.66, 4.54, 2.95, 1.94, 1.9, 1.98, 2.3, 2.74, 3.13, 3.47, 2.73, 2.39, 1.87, 1.24, 1.3, 1.8, 2.1, 2.08, 1.37, 1.73, 1.58], [2.38, 1.88, 2.23, 2.61, 2.77, 3.29, 2.81, 2.47, 1.57, 1.94, 2.06, 1.83, 1.06, 0, 1.15, 1.89, 2.14, 2.68, 4.08, 4.23, 3.57, 3.3, 2.62, 2.19, 1.9, 2.97, 3.57, 3.2, 3.33, 3.03, 2.45, 2.4, 2.41, 2.07, 1.73, 1.85, 2.46, 2.13, 2.26, 2.58, 3.02, 3.43, 3.83, 3.53, 3.84, 4.7, 5.0, 5.6, 5.34, 5.06, 5.23, 5.32, 5.34, 5.67, 6.25, 5.8, 6.41, 5.06, 4.66, 4.89, 4.65, 3.57, 3.8, 4.22, 4.84, 4.5, 4.36, 2.65, 2.22, 2.28, 2.34, 2.44, 2.58, 2.91, 3.29, 2.57, 2.21, 1.99, 1.9, 1.84, 2.04, 2.26, 2.02, 2.03, 1.93, 1.86], [2.53, 2.15, 2.44, 2.66, 2.76, 3.24, 2.74, 2.34, 1.78, 2.15, 2.19, 1.98, 1.41, 1.15, 0, 1.54, 1.73, 2.25, 3.89, 4.14, 3.38, 3.07, 2.61, 2.16, 2.37, 3.8, 4.38, 3.89, 4.06, 3.68, 2.68, 2.69, 3.04, 2.68, 2.3, 2.52, 2.99, 2.86, 2.95, 3.21, 3.55, 3.98, 4.22, 4.14, 4.39, 5.31, 5.37, 6.01, 5.85, 5.59, 5.76, 5.87, 5.99, 6.24, 7.0, 6.65, 7.14, 5.87, 5.43, 5.66, 5.64, 4.5, 4.67, 5.15, 5.79, 5.15, 5.21, 3.58, 2.77, 2.83, 2.97, 3.05, 3.37, 3.74, 4.06, 3.28, 3.06, 2.58, 2.35, 2.23, 2.73, 2.91, 2.83, 2.42, 2.5, 2.39], [1.77, 1.97, 2.12, 1.8, 2.18, 2.32, 1.88, 1.52, 1.98, 2.05, 2.17, 1.94, 1.71, 1.89, 1.54, 0, 0.79, 1.43, 2.87, 3.12, 2.56, 2.35, 1.89, 1.3, 2.61, 4.3, 4.82, 4.33, 4.5, 4.02, 2.82, 2.81, 3.44, 3.12, 2.76, 3.16, 3.65, 3.28, 3.31, 3.55, 3.91, 4.32, 4.52, 4.5, 4.67, 5.59, 5.55, 6.29, 6.23, 5.99, 6.14, 6.19, 6.29, 6.58, 7.4, 7.05, 7.54, 6.31, 5.87, 6.08, 6.04, 4.86, 5.01, 5.45, 6.17, 5.65, 5.63, 4.08, 3.19, 3.13, 3.21, 3.41, 3.85, 4.22, 4.5, 3.74, 3.46, 3.0, 2.45, 2.59, 3.17, 3.43, 3.29, 2.56, 2.78, 2.79], [1.74, 2.1, 2.11, 1.79, 2.21, 2.23, 1.87, 1.39, 1.99, 2.08, 2.14, 1.83, 1.9, 2.14, 1.73, 0.79, 0, 0.94, 2.48, 2.79, 2.15, 1.98, 1.62, 1.49, 3.02, 4.85, 5.31, 4.8, 4.95, 4.49, 3.11, 3.2, 3.87, 3.59, 3.25, 3.49, 3.92, 3.67, 3.72, 3.86, 3.98, 4.31, 4.51, 4.53, 4.7, 5.62, 5.56, 6.32, 6.28, 6.08, 6.17, 6.26, 6.38, 6.63, 7.51, 7.16, 7.77, 6.52, 6.08, 6.33, 6.53, 5.37, 5.32, 5.98, 6.72, 6.2, 6.18, 4.63, 3.7, 3.66, 3.52, 3.96, 4.38, 4.77, 5.03, 4.25, 4.01, 3.49, 2.8, 3.06, 3.6, 3.84, 3.8, 2.99, 3.23, 3.2], [1.88, 2.34, 2.11, 1.79, 2.19, 2.09, 1.99, 1.39, 2.03, 2.14, 2.02, 1.79, 2.26, 2.68, 2.25, 1.43, 0.94, 0, 1.74, 2.07, 1.49, 1.4, 1.36, 2.01, 3.54, 5.39, 5.85, 5.26, 5.47, 5.03, 3.43, 3.399, 4.41, 4.09, 3.79, 4.11, 4.54, 4.15, 4.08, 4.1, 4.16, 4.31, 4.57, 4.43, 4.62, 5.56, 5.44, 6.24, 6.22, 6.1, 6.11, 6.28, 6.46, 6.71, 7.55, 7.58, 8.07, 6.8, 6.32, 6.67, 7.05, 5.91, 5.82, 6.52, 7.26, 6.72, 6.72, 5.17, 4.14, 4.0, 3.96, 4.42, 4.92, 5.31, 5.57, 4.77, 4.55, 3.93, 3.06, 3.3, 3.86, 4.18, 4.28, 3.41, 3.75, 3.72], [2.5, 2.94, 2.53, 2.23, 2.11, 1.91, 2.17, 2.05, 2.87, 2.6, 2.36, 2.55, 3.36, 4.08, 3.89, 2.87, 2.48, 1.74, 0, 0.83, 0.97, 1.16, 1.98, 2.65, 4.22, 6.09, 6.55, 5.96, 6.17, 5.73, 4.13, 4.1, 5.11, 4.81, 4.57, 4.79, 5.2, 4.87, 4.72, 4.66, 4.36, 4.15, 4.33, 4.07, 4.2, 5.06, 4.9, 5.66, 5.64, 6.04, 6.05, 6.12, 6.36, 6.51, 7.41, 8.02, 8.35, 7.1, 6.56, 7.11, 7.73, 6.61, 6.46, 7.24, 7.96, 7.44, 7.46, 5.91, 4.88, 4.74, 4.68, 5.14, 5.66, 6.05, 6.31, 5.51, 5.29, 4.67, 3.8, 3.92, 4.56, 4.9, 5.02, 4.15, 4.49, 4.46], [2.55, 2.99, 2.68, 2.42, 2.16, 2.08, 2.4, 2.22, 2.88, 2.59, 2.39, 2.6, 3.39, 4.23, 4.14, 3.12, 2.79, 2.07, 0.83, 0, 0.98, 1.25, 1.91, 2.64, 4.01, 5.82, 6.28, 5.69, 5.9, 5.46, 3.86, 3.83, 4.94, 4.64, 4.48, 4.72, 5.03, 4.8, 4.51, 4.43, 4.17, 4.02, 4.18, 3.88, 3.93, 4.93, 4.65, 5.31, 5.29, 5.83, 5.88, 5.91, 6.09, 6.26, 7.3, 7.83, 8.18, 6.89, 6.35, 6.92, 7.5, 6.36, 6.21, 6.99, 7.71, 7.19, 7.21, 5.66, 4.63, 4.49, 4.47, 4.93, 5.41, 5.8, 6.06, 5.34, 5.14, 4.44, 3.65, 3.71, 4.31, 4.65, 4.77, 3.9, 4.28, 4.21], [2.05, 2.43, 2.14, 1.9, 1.9, 1.88, 2.06, 1.72, 2.32, 2.03, 1.83, 1.96, 2.75, 3.57, 3.38, 2.56, 2.15, 1.49, 0.97, 0.98, 0, 0.53, 1.29, 2.06, 3.59, 5.4, 5.86, 5.27, 5.48, 5.04, 3.44, 3.43, 4.46, 4.18, 3.94, 4.08, 4.41, 4.28, 4.09, 4.01, 3.85, 3.68, 4.0, 3.7, 3.81, 4.73, 4.61, 5.43, 5.35, 5.47, 5.52, 5.71, 5.87, 6.08, 6.98, 7.41, 7.8, 6.45, 5.97, 6.5, 7.08, 5.94, 5.85, 6.57, 7.29, 6.77, 6.79, 5.24, 4.21, 4.07, 4.05, 4.51, 5.03, 5.38, 5.64, 4.92, 4.68, 4.04, 3.23, 3.27, 3.89, 4.23, 4.35, 3.48, 3.82, 3.79], [1.84, 2.22, 1.93, 1.81, 1.99, 1.97, 2.13, 1.59, 2.07, 1.82, 1.58, 1.77, 2.48, 3.3, 3.07, 2.35, 1.98, 1.4, 1.16, 1.25, 0.53, 0, 1.2, 2.05, 3.48, 5.31, 5.77, 5.2, 5.39, 4.95, 3.35, 3.32, 4.33, 4.05, 3.73, 3.95, 4.24, 4.07, 3.92, 3.94, 3.84, 3.79, 4.13, 3.83, 3.96, 4.86, 4.76, 5.58, 5.5, 5.58, 5.51, 5.82, 5.98, 6.21, 7.07, 7.36, 7.79, 6.44, 5.98, 6.39, 7.01, 5.87, 5.78, 6.48, 7.2, 6.68, 6.7, 5.15, 4.12, 3.98, 3.98, 4.44, 4.92, 5.29, 5.55, 4.79, 4.53, 3.91, 3.04, 3.18, 3.8, 4.14, 4.28, 3.41, 3.73, 3.7], [1.64, 1.96, 1.85, 1.99, 2.09, 2.09, 2.15, 1.75, 1.77, 1.52, 1.58, 1.51, 1.8, 2.62, 2.61, 1.89, 1.62, 1.36, 1.98, 1.91, 1.29, 1.2, 0, 1.31, 2.5, 4.27, 4.73, 4.14, 4.35, 3.91, 2.33, 2.34, 3.31, 3.07, 2.91, 3.03, 3.38, 3.07, 3.0, 3.16, 3.38, 3.49, 3.79, 3.65, 3.8, 4.74, 4.62, 5.44, 5.4, 5.3, 5.31, 5.48, 5.66, 5.89, 6.77, 6.68, 7.25, 5.98, 5.5, 5.83, 5.95, 4.79, 4.76, 5.44, 6.14, 5.62, 5.64, 4.09, 3.14, 3.04, 3.0, 3.36, 3.84, 4.23, 4.49, 3.73, 3.47, 2.85, 2.12, 2.38, 2.96, 3.32, 3.26, 2.47, 2.79, 2.66], [1.67, 1.89, 2.04, 1.98, 2.16, 2.08, 1.86, 1.8, 2.06, 1.77, 1.97, 1.94, 1.83, 2.19, 2.16, 1.3, 1.49, 2.01, 2.65, 2.64, 2.06, 2.05, 1.31, 0, 1.71, 3.54, 4.0, 3.53, 3.68, 3.18, 1.9, 2.07, 2.66, 2.44, 2.22, 2.4, 2.75, 2.76, 2.75, 2.97, 3.27, 3.62, 3.84, 3.86, 4.07, 4.97, 4.95, 5.67, 5.59, 5.39, 5.52, 5.53, 5.71, 5.96, 6.76, 6.39, 7.02, 5.77, 5.35, 5.6, 5.44, 4.3, 4.41, 5.01, 5.65, 5.11, 5.05, 3.48, 2.71, 2.67, 2.69, 2.69, 3.19, 3.62, 3.78, 3.1, 2.98, 2.42, 2.07, 2.21, 2.77, 3.03, 2.79, 2.18, 2.22, 2.21], [2.4, 1.98, 2.37, 2.91, 2.85, 3.17, 2.79, 2.93, 2.09, 2.1, 2.38, 2.43, 1.78, 1.9, 2.37, 2.61, 3.02, 3.54, 4.22, 4.01, 3.59, 3.48, 2.5, 1.71, 0, 1.97, 2.39, 2.28, 2.33, 2.01, 1.53, 1.72, 1.73, 1.27, 1.39, 1.65, 1.76, 1.91, 1.92, 2.2, 2.5, 3.15, 3.39, 3.41, 3.72, 4.6, 4.66, 5.3, 5.12, 4.86, 5.07, 5.06, 5.18, 5.45, 6.13, 5.42, 5.91, 4.78, 4.34, 4.55, 4.17, 2.99, 3.14, 3.66, 4.28, 3.92, 3.76, 2.09, 2.08, 2.0, 2.18, 2.0, 1.96, 2.21, 2.25, 1.75, 1.79, 1.55, 1.78, 1.62, 2.02, 2.36, 1.98, 1.75, 1.87, 1.68], [4.19, 3.65, 4.16, 4.72, 4.6, 4.76, 4.62, 4.74, 3.62, 3.67, 3.99, 4.16, 3.21, 2.97, 3.8, 4.3, 4.85, 5.39, 6.09, 5.82, 5.4, 5.31, 4.27, 3.54, 1.97, 0, 1.02, 1.55, 1.42, 1.48, 2.24, 2.35, 1.84, 1.72, 1.88, 1.66, 1.67, 1.78, 1.79, 1.75, 2.47, 3.06, 3.52, 3.42, 3.47, 4.09, 4.35, 4.91, 4.63, 4.31, 4.58, 4.65, 4.69, 5.02, 5.5, 4.51, 4.72, 3.63, 3.19, 3.44, 2.66, 1.48, 1.93, 2.13, 2.73, 2.59, 2.19, 1.24, 2.21, 2.17, 2.09, 1.61, 1.51, 1.02, 1.0, 1.3, 1.52, 1.92, 2.63, 2.49, 2.33, 2.29, 2.13, 2.7, 2.8, 2.29], [4.55, 4.01, 4.58, 5.08, 5.1, 5.163, 5.0, 5.26, 4.16, 4.27, 4.57, 4.7, 3.79, 3.57, 4.38, 4.82, 5.31, 5.85, 6.55, 6.28, 5.86, 5.77, 4.73, 4.0, 2.39, 1.02, 0, 1.01, 0.92, 1.2, 2.48, 2.65, 1.82, 1.96, 2.28, 2.14, 1.97, 2.12, 2.05, 2.05, 2.45, 3.12, 3.6, 3.76, 3.77, 3.71, 4.09, 4.47, 4.15, 3.83, 4.18, 4.17, 4.19, 4.54, 5.02, 3.99, 4.32, 3.25, 2.85, 3.04, 2.36, 1.42, 1.89, 1.89, 2.47, 2.17, 1.81, 1.62, 2.51, 2.49, 2.15, 1.79, 1.75, 1.32, 1.34, 1.62, 1.66, 2.12, 2.95, 2.87, 2.59, 2.37, 2.27, 2.96, 3.02, 2.71], [4.22, 3.7, 4.233, 4.69, 4.687, 4.784, 4.57, 4.87, 3.77, 3.84, 4.12, 4.239, 3.4, 3.2, 3.89, 4.33, 4.8, 5.26, 5.96, 5.69, 5.27, 5.2, 4.14, 3.53, 2.28, 1.55, 1.01, 0, 0.79, 1.05, 2.09, 2.32, 1.57, 1.83, 2.01, 2.07, 2.04, 2.07, 1.8, 1.62, 2.06, 2.63, 3.33, 3.35, 3.36, 3.24, 3.58, 4.02, 3.7, 3.38, 3.67, 3.68, 3.72, 4.05, 4.63, 4.04, 4.55, 3.38, 2.96, 3.09, 2.69, 1.91, 2.24, 2.36, 2.84, 2.38, 2.24, 1.87, 2.3, 2.24, 1.8, 1.44, 1.58, 1.69, 1.69, 1.65, 1.49, 1.97, 2.68, 2.64, 2.38, 2.16, 2.1, 2.69, 2.75, 2.44], [4.45, 3.91, 4.46, 4.86, 4.877, 4.98, 4.78, 5.04, 3.94, 4.01, 4.27, 4.392, 3.57, 3.33, 4.06, 4.5, 4.95, 5.47, 6.17, 5.9, 5.48, 5.39, 4.35, 3.68, 2.33, 1.42, 0.92, 0.79, 0, 1.22, 2.32, 2.51, 1.7, 1.82, 2.04, 2.06, 1.99, 2.1, 1.93, 1.87, 2.27, 2.76, 3.64, 3.56, 3.51, 3.63, 3.85, 4.37, 4.09, 3.77, 4.06, 4.07, 4.11, 4.44, 5.04, 4.31, 4.74, 3.61, 3.19, 3.34, 2.84, 2.08, 2.49, 2.49, 2.95, 2.47, 2.43, 1.96, 2.51, 2.45, 2.01, 1.71, 1.63, 1.62, 1.66, 1.56, 1.68, 2.12, 2.81, 2.81, 2.61, 2.45, 2.39, 3.0, 3.06, 2.67], [3.719, 3.15, 3.672, 4.22, 4.26, 4.36, 4.16, 4.42, 3.32, 3.427, 3.727, 3.86, 2.95, 3.03, 3.68, 4.02, 4.49, 5.03, 5.73, 5.46, 5.04, 4.95, 3.91, 3.18, 2.01, 1.48, 1.2, 1.05, 1.22, 0, 1.64, 1.81, 1.22, 1.64, 1.88, 2.02, 2.07, 2.12, 1.93, 1.95, 2.15, 2.62, 2.84, 3.14, 3.07, 3.41, 3.79, 4.11, 3.85, 3.55, 3.78, 3.77, 3.85, 4.14, 4.94, 4.37, 4.88, 3.73, 3.29, 3.46, 2.96, 1.94, 2.43, 2.57, 3.23, 2.91, 2.55, 1.54, 1.71, 1.69, 1.39, 1.15, 1.51, 1.68, 1.82, 1.7, 1.56, 1.64, 2.11, 2.21, 2.05, 1.67, 1.69, 2.04, 2.14, 1.81], [2.23, 1.89, 2.18, 2.7, 2.66, 2.82, 2.6, 2.84, 1.96, 1.87, 2.13, 2.26, 1.71, 2.45, 2.68, 2.82, 3.11, 3.43, 4.13, 3.86, 3.44, 3.35, 2.33, 1.9, 1.53, 2.24, 2.48, 2.09, 2.32, 1.64, 0, 0.69, 1.6, 1.62, 1.72, 1.96, 2.43, 2.34, 2.09, 2.09, 2.31, 2.38, 2.46, 2.54, 2.83, 3.63, 3.63, 4.35, 4.21, 3.95, 4.14, 4.21, 4.31, 4.52, 5.42, 5.21, 5.74, 4.51, 4.05, 4.32, 4.16, 3.04, 3.31, 3.73, 4.35, 3.89, 3.71, 2.2, 1.55, 1.45, 1.47, 1.53, 2.13, 2.42, 2.52, 2.34, 2.06, 1.44, 1.05, 1.27, 1.47, 1.75, 1.71, 1.4, 1.68, 1.23], [2.26, 2.08, 2.21, 2.77, 2.69, 2.95, 2.77, 2.83, 1.97, 2.0, 2.08, 2.25, 1.72, 2.4, 2.69, 2.81, 3.2, 3.399, 4.1, 3.83, 3.43, 3.32, 2.34, 2.07, 1.72, 2.35, 2.65, 2.32, 2.51, 1.81, 0.69, 0, 1.45, 1.49, 1.61, 1.89, 2.44, 2.25, 2.06, 2.3, 2.54, 2.71, 2.75, 2.73, 2.94, 3.78, 3.74, 4.52, 4.42, 4.2, 4.31, 4.48, 4.58, 4.77, 5.69, 5.42, 5.95, 4.7, 4.3, 4.47, 4.25, 3.13, 3.48, 3.86, 4.42, 3.96, 3.7, 2.15, 1.5, 1.46, 1.64, 1.54, 2.08, 2.41, 2.67, 2.23, 1.89, 1.35, 1.1, 1.3, 1.56, 1.8, 1.66, 1.55, 1.81, 1.3], [3.151, 2.51, 3.098, 3.66, 3.7, 4.08, 3.6, 3.78, 2.7, 2.77, 3.067, 3.18, 2.29, 2.41, 3.04, 3.44, 3.87, 4.41, 5.11, 4.94, 4.46, 4.33, 3.31, 2.66, 1.73, 1.84, 1.82, 1.57, 1.7, 1.22, 1.6, 1.45, 0, 1.02, 1.14, 1.32, 1.75, 1.64, 1.79, 2.03, 2.39, 2.68, 3.18, 3.34, 3.27, 3.99, 4.09, 4.73, 4.49, 4.23, 4.42, 4.43, 4.45, 4.76, 5.58, 4.99, 5.52, 4.33, 3.91, 4.06, 3.68, 2.72, 3.21, 3.35, 3.85, 3.43, 3.13, 1.98, 1.61, 1.65, 1.47, 1.27, 1.41, 1.84, 2.0, 1.5, 1.22, 1.3, 1.69, 1.73, 2.11, 1.97, 1.85, 2.1, 2.26, 1.81], [2.991, 2.428, 2.978, 3.56, 3.54, 3.9, 3.38, 3.62, 2.48, 2.69, 2.93, 3.0, 2.09, 2.07, 2.68, 3.12, 3.59, 4.09, 4.81, 4.64, 4.18, 4.05, 3.07, 2.44, 1.27, 1.72, 1.96, 1.83, 1.82, 1.64, 1.62, 1.49, 1.02, 0, 0.76, 1.08, 1.43, 1.38, 1.55, 1.89, 2.33, 2.96, 3.34, 3.42, 3.61, 4.47, 4.57, 5.21, 4.99, 4.67, 4.94, 4.95, 4.99, 5.28, 5.98, 5.21, 5.64, 4.51, 4.09, 4.22, 3.88, 2.74, 3.09, 3.47, 3.95, 3.49, 3.31, 1.96, 1.81, 1.81, 1.83, 1.65, 1.63, 1.98, 2.06, 1.6, 1.4, 1.18, 1.69, 1.77, 1.97, 2.11, 1.73, 2.16, 2.2, 1.85], [2.883, 2.31, 2.84, 3.36, 3.4, 3.88, 3.38, 3.32, 2.12, 2.31, 2.47, 2.62, 1.77, 1.73, 2.3, 2.76, 3.25, 3.79, 4.57, 4.48, 3.94, 3.73, 2.91, 2.22, 1.39, 1.88, 2.28, 2.01, 2.04, 1.88, 1.72, 1.61, 1.14, 0.76, 0, 0.64, 1.23, 1.08, 1.37, 1.73, 2.33, 2.98, 3.42, 3.44, 3.59, 4.43, 4.55, 5.19, 4.99, 4.65, 4.94, 4.97, 4.99, 5.3, 5.96, 5.17, 5.68, 4.49, 4.07, 4.22, 3.92, 2.8, 3.23, 3.53, 4.07, 3.53, 3.41, 2.04, 1.89, 1.91, 1.93, 1.67, 1.75, 2.0, 2.16, 1.6, 1.46, 1.24, 1.65, 1.79, 2.07, 2.17, 1.83, 2.2, 2.3, 1.89], [3.291, 2.708, 3.218, 3.78, 3.7, 4.18, 3.74, 3.6, 2.46, 2.53, 2.71, 2.88, 2.11, 1.85, 2.52, 3.16, 3.49, 4.11, 4.79, 4.72, 4.08, 3.95, 3.03, 2.4, 1.65, 1.66, 2.14, 2.07, 2.06, 2.02, 1.96, 1.89, 1.32, 1.08, 0.64, 0, 0.93, 0.9, 1.39, 1.73, 2.43, 3.08, 3.62, 3.46, 3.69, 4.51, 4.73, 5.35, 5.09, 4.75, 5.06, 5.11, 5.13, 5.44, 5.98, 5.03, 5.5, 4.29, 3.89, 4.06, 3.72, 2.66, 3.01, 3.41, 3.91, 3.37, 3.31, 1.98, 2.05, 2.11, 2.11, 1.89, 1.91, 1.86, 2.02, 1.56, 1.56, 1.48, 1.93, 1.97, 2.19, 2.23, 1.97, 2.44, 2.6, 2.15], [3.818, 3.24, 3.765, 4.31, 4.21, 4.53, 4.13, 4.09, 3.01, 3.14, 3.32, 3.43, 2.68, 2.46, 2.99, 3.65, 3.92, 4.54, 5.2, 5.03, 4.41, 4.24, 3.38, 2.75, 1.76, 1.67, 1.97, 2.04, 1.99, 2.07, 2.43, 2.44, 1.75, 1.43, 1.23, 0.93, 0, 0.75, 1.34, 1.82, 2.64, 3.09, 3.99, 3.89, 4.0, 4.68, 4.94, 5.48, 5.16, 4.84, 5.19, 5.18, 5.2, 5.55, 6.03, 4.94, 5.21, 4.14, 3.76, 3.89, 3.39, 2.51, 2.98, 2.98, 3.54, 3.08, 3.02, 2.11, 2.54, 2.54, 2.36, 2.12, 1.92, 1.55, 1.65, 1.45, 1.87, 1.91, 2.52, 2.5, 2.64, 2.72, 2.5, 2.93, 3.03, 2.62], [3.457, 2.87, 3.4, 3.94, 3.96, 4.34, 3.82, 3.84, 2.68, 2.79, 2.99, 3.14, 2.35, 2.13, 2.86, 3.28, 3.67, 4.15, 4.87, 4.8, 4.28, 4.07, 3.07, 2.76, 1.91, 1.78, 2.12, 2.07, 2.1, 2.12, 2.34, 2.25, 1.64, 1.38, 1.08, 0.9, 0.75, 0, 1.03, 1.45, 2.31, 2.86, 3.68, 3.56, 3.73, 4.41, 4.65, 5.23, 4.97, 4.63, 4.96, 4.95, 4.99, 5.32, 5.84, 4.77, 5.0, 3.91, 3.59, 3.66, 3.24, 2.3, 2.75, 2.83, 3.43, 2.99, 2.83, 1.96, 2.27, 2.21, 2.03, 1.91, 1.81, 1.5, 1.74, 1.28, 1.48, 1.58, 2.11, 2.19, 2.41, 2.43, 2.21, 2.68, 2.86, 2.35], [3.16, 2.7, 3.196, 3.67, 3.63, 3.93, 3.51, 3.65, 2.61, 2.6, 2.88, 3.07, 2.36, 2.26, 2.95, 3.31, 3.72, 4.08, 4.72, 4.51, 4.09, 3.92, 3.0, 2.75, 1.92, 1.79, 2.05, 1.8, 1.93, 1.93, 2.09, 2.06, 1.79, 1.55, 1.37, 1.39, 1.34, 1.03, 0, 0.76, 1.56, 2.21, 2.93, 2.81, 3.0, 3.68, 3.92, 4.5, 4.14, 3.82, 4.17, 4.18, 4.16, 4.55, 5.03, 4.18, 4.61, 3.44, 3.02, 3.17, 3.19, 2.31, 2.62, 2.74, 3.42, 2.92, 2.9, 1.83, 1.98, 1.74, 1.5, 1.56, 1.74, 1.59, 1.85, 1.37, 1.41, 1.37, 1.92, 1.86, 1.98, 2.02, 1.9, 2.39, 2.67, 2.12], [3.12, 2.72, 3.15, 3.59, 3.51, 3.69, 3.51, 3.67, 2.63, 2.62, 2.94, 3.05, 2.5, 2.58, 3.21, 3.55, 3.86, 4.1, 4.66, 4.43, 4.01, 3.94, 3.16, 2.97, 2.2, 1.75, 2.05, 1.62, 1.87, 1.95, 2.09, 2.3, 2.03, 1.89, 1.73, 1.73, 1.82, 1.45, 0.76, 0, 1.14, 1.81, 2.59, 2.45, 2.5, 3.08, 3.3, 3.92, 3.66, 3.38, 3.63, 3.64, 3.72, 4.01, 4.57, 3.9, 4.27, 3.06, 2.64, 2.87, 3.21, 2.21, 2.38, 2.74, 3.44, 2.92, 2.94, 1.95, 1.98, 1.76, 1.4, 1.56, 1.86, 1.73, 1.89, 1.61, 1.51, 1.63, 2.16, 1.98, 1.88, 1.9, 1.98, 2.33, 2.71, 2.18], [2.88, 2.46, 2.71, 3.01, 3.07, 3.19, 2.97, 3.47, 2.49, 2.5, 2.78, 3.05, 2.74, 3.02, 3.55, 3.91, 3.98, 4.16, 4.36, 4.17, 3.85, 3.84, 3.38, 3.27, 2.5, 2.47, 2.45, 2.06, 2.27, 2.15, 2.31, 2.54, 2.39, 2.33, 2.33, 2.43, 2.64, 2.31, 1.56, 1.14, 0, 1.33, 1.65, 1.79, 1.88, 2.36, 2.66, 3.14, 2.9, 2.84, 3.07, 3.02, 3.14, 3.33, 3.93, 3.72, 4.13, 2.88, 2.34, 2.97, 3.59, 2.53, 2.42, 3.14, 3.86, 3.34, 3.36, 2.33, 2.08, 1.82, 1.52, 1.72, 2.2, 2.31, 2.59, 2.19, 1.95, 1.75, 2.18, 1.94, 1.88, 1.94, 2.04, 2.33, 2.75, 2.3], [3.03, 2.69, 2.68, 2.98, 2.76, 2.82, 2.78, 3.26, 2.54, 2.47, 2.67, 2.98, 2.93, 3.43, 3.98, 4.32, 4.31, 4.31, 4.15, 4.02, 3.68, 3.79, 3.49, 3.62, 3.15, 3.06, 3.12, 2.63, 2.76, 2.62, 2.38, 2.71, 2.68, 2.96, 2.98, 3.08, 3.09, 2.86, 2.21, 1.81, 1.33, 0, 1.38, 1.16, 1.21, 1.71, 1.89, 2.43, 2.17, 2.51, 2.6, 2.63, 2.87, 2.84, 3.52, 3.97, 4.48, 3.27, 2.79, 3.46, 4.1, 3.28, 3.27, 3.67, 4.39, 3.93, 3.89, 3.04, 2.59, 2.31, 1.71, 2.11, 2.55, 2.66, 2.96, 2.64, 2.5, 2.4, 2.37, 2.27, 2.29, 2.31, 2.67, 2.74, 3.2, 2.71], [2.97, 2.69, 2.66, 2.96, 2.78, 2.84, 2.86, 3.46, 2.72, 2.75, 2.91, 3.2, 3.07, 3.83, 4.22, 4.52, 4.51, 4.57, 4.33, 4.18, 4.0, 4.13, 3.79, 3.84, 3.39, 3.52, 3.6, 3.33, 3.64, 2.84, 2.46, 2.75, 3.18, 3.34, 3.42, 3.62, 3.99, 3.68, 2.93, 2.59, 1.65, 1.38, 0, 0.92, 1.05, 1.55, 1.83, 2.19, 2.23, 3.09, 3.02, 2.95, 3.21, 2.92, 3.78, 4.35, 4.88, 3.77, 3.21, 3.9, 4.64, 3.52, 3.37, 4.15, 4.91, 4.59, 4.39, 3.12, 2.51, 2.25, 2.17, 2.59, 3.25, 3.48, 3.86, 3.52, 3.08, 2.5, 2.41, 2.29, 2.31, 2.31, 2.61, 2.52, 2.94, 2.59], [3.05, 2.85, 2.72, 2.92, 2.52, 2.58, 2.88, 3.3, 2.62, 2.53, 2.57, 2.98, 3.03, 3.53, 4.14, 4.5, 4.53, 4.43, 4.07, 3.88, 3.7, 3.83, 3.65, 3.86, 3.41, 3.42, 3.76, 3.35, 3.56, 3.14, 2.54, 2.73, 3.34, 3.42, 3.44, 3.46, 3.89, 3.56, 2.81, 2.45, 1.79, 1.16, 0.92, 0, 0.75, 1.37, 1.79, 2.25, 2.13, 3.15, 2.98, 3.15, 3.35, 3.06, 3.88, 4.51, 5.12, 3.91, 3.37, 4.08, 4.76, 3.68, 3.55, 4.35, 5.07, 4.69, 4.63, 3.18, 2.73, 2.55, 2.37, 2.69, 3.21, 3.4, 3.74, 3.44, 3.12, 2.78, 2.55, 2.41, 2.41, 2.49, 2.73, 2.82, 3.18, 2.71], [3.28, 3.1, 2.89, 3.15, 2.67, 2.79, 3.13, 3.43, 2.81, 2.76, 2.74, 3.15, 3.26, 3.84, 4.39, 4.67, 4.7, 4.62, 4.2, 3.93, 3.81, 3.96, 3.8, 4.07, 3.72, 3.47, 3.77, 3.36, 3.51, 3.07, 2.83, 2.94, 3.27, 3.61, 3.59, 3.69, 4.0, 3.73, 3.0, 2.5, 1.88, 1.21, 1.05, 0.75, 0, 1.18, 1.46, 1.96, 1.96, 3.0, 2.83, 2.98, 3.18, 2.83, 3.73, 4.38, 4.99, 3.74, 3.22, 3.95, 4.65, 3.65, 3.56, 4.26, 4.98, 4.62, 4.54, 3.35, 2.78, 2.74, 2.38, 2.62, 3.08, 3.33, 3.71, 3.37, 3.11, 2.91, 2.74, 2.7, 2.72, 2.76, 3.04, 2.97, 3.31, 2.9], [4.06, 3.94, 3.69, 3.93, 3.57, 3.63, 3.91, 4.37, 3.73, 3.66, 3.64, 4.09, 4.12, 4.7, 5.31, 5.59, 5.62, 5.56, 5.06, 4.93, 4.73, 4.86, 4.74, 4.97, 4.6, 4.09, 3.71, 3.24, 3.63, 3.41, 3.63, 3.78, 3.99, 4.47, 4.43, 4.51, 4.68, 4.41, 3.68, 3.08, 2.36, 1.71, 1.55, 1.37, 1.18, 0, 1.06, 1.28, 1.34, 2.38, 2.15, 2.36, 2.64, 2.41, 2.99, 3.66, 4.33, 3.14, 2.6, 3.37, 4.05, 3.53, 3.26, 3.92, 4.46, 4.18, 4.18, 3.85, 3.44, 3.42, 2.98, 3.12, 3.6, 3.87, 4.17, 3.87, 3.67, 3.67, 3.56, 3.5, 3.42, 3.12, 3.54, 3.61, 3.93, 3.6], [4.0, 3.96, 3.69, 3.97, 3.43, 3.57, 3.83, 4.31, 3.73, 3.68, 3.6, 4.07, 4.18, 5.0, 5.37, 5.55, 5.56, 5.44, 4.9, 4.65, 4.61, 4.76, 4.62, 4.95, 4.66, 4.35, 4.09, 3.58, 3.85, 3.79, 3.63, 3.74, 4.09, 4.57, 4.55, 4.73, 4.94, 4.65, 3.92, 3.3, 2.66, 1.89, 1.83, 1.79, 1.46, 1.06, 0, 0.94, 1.28, 2.44, 2.19, 2.5, 2.78, 2.47, 3.25, 3.92, 4.45, 3.48, 2.86, 3.47, 4.29, 4.11, 3.82, 4.36, 4.74, 4.24, 4.52, 4.35, 3.74, 3.66, 3.04, 3.3, 3.82, 4.07, 4.33, 4.01, 3.77, 3.83, 3.62, 3.6, 3.74, 3.6, 4.06, 3.93, 4.17, 3.78], [4.74, 4.62, 4.45, 4.63, 4.19, 4.35, 4.59, 5.11, 4.41, 4.4, 4.4, 4.83, 4.88, 5.6, 6.01, 6.29, 6.32, 6.24, 5.66, 5.31, 5.43, 5.58, 5.44, 5.67, 5.3, 4.91, 4.47, 4.02, 4.37, 4.11, 4.35, 4.52, 4.73, 5.21, 5.19, 5.35, 5.48, 5.23, 4.5, 3.92, 3.14, 2.43, 2.19, 2.25, 1.96, 1.28, 0.94, 0, 1.02, 2.32, 2.09, 2.36, 2.64, 2.35, 3.13, 3.84, 4.31, 3.42, 2.84, 3.35, 4.21, 4.33, 4.04, 4.44, 4.82, 4.3, 4.54, 4.71, 4.14, 4.08, 3.56, 3.78, 4.22, 4.51, 4.81, 4.55, 4.31, 4.29, 4.24, 4.18, 4.14, 3.86, 4.3, 4.27, 4.57, 4.24], [4.72, 4.4, 4.33, 4.59, 4.13, 4.29, 4.57, 5.05, 4.33, 4.28, 4.36, 4.79, 4.8, 5.34, 5.85, 6.23, 6.28, 6.22, 5.64, 5.29, 5.35, 5.5, 5.4, 5.59, 5.12, 4.63, 4.15, 3.7, 4.09, 3.85, 4.21, 4.42, 4.49, 4.99, 4.99, 5.09, 5.16, 4.97, 4.14, 3.66, 2.9, 2.17, 2.23, 2.13, 1.96, 1.34, 1.28, 1.02, 0, 1.7, 1.57, 1.74, 1.98, 1.77, 2.45, 3.16, 3.63, 2.68, 2.32, 2.69, 3.65, 3.93, 3.64, 3.84, 4.14, 3.78, 3.82, 4.39, 3.96, 3.86, 3.38, 3.6, 3.88, 4.13, 4.37, 4.25, 4.03, 4.09, 4.08, 3.98, 3.82, 3.48, 3.94, 4.03, 4.39, 4.06], [4.78, 4.22, 4.29, 4.73, 4.57, 4.73, 4.75, 5.15, 4.21, 4.14, 4.3, 4.67, 4.56, 5.06, 5.59, 5.99, 6.08, 6.1, 6.04, 5.83, 5.47, 5.58, 5.3, 5.39, 4.86, 4.31, 3.83, 3.38, 3.77, 3.55, 3.95, 4.2, 4.23, 4.67, 4.65, 4.75, 4.84, 4.63, 3.82, 3.38, 2.84, 2.51, 3.09, 3.15, 3.0, 2.38, 2.44, 2.32, 1.7, 0, 0.85, 1.0, 1.28, 1.63, 1.79, 2.3, 2.67, 2.04, 2.0, 1.73, 2.81, 3.27, 3.0, 3.28, 3.46, 3.08, 3.16, 3.97, 3.5, 3.4, 3.12, 3.34, 3.58, 3.85, 4.03, 3.95, 3.73, 3.77, 3.86, 3.7, 3.38, 3.08, 3.46, 3.71, 3.91, 3.76], [4.63, 4.31, 4.26, 4.58, 4.56, 4.62, 4.72, 5.02, 4.24, 4.17, 4.21, 4.66, 4.67, 5.23, 5.76, 6.14, 6.17, 6.11, 6.05, 5.88, 5.52, 5.51, 5.31, 5.52, 5.07, 4.58, 4.18, 3.67, 4.06, 3.78, 4.14, 4.31, 4.42, 4.94, 4.94, 5.06, 5.19, 4.96, 4.17, 3.63, 3.07, 2.6, 3.02, 2.98, 2.83, 2.15, 2.19, 2.09, 1.57, 0.85, 0, 0.91, 1.37, 1.48, 1.8, 2.33, 2.9, 1.97, 1.99, 1.9, 3.02, 3.42, 3.01, 3.43, 3.71, 3.39, 3.43, 4.04, 3.55, 3.39, 3.29, 3.51, 3.77, 4.14, 4.36, 4.2, 3.98, 3.98, 4.01, 3.89, 3.51, 3.19, 3.65, 3.84, 3.92, 3.81], [4.78, 4.32, 4.35, 4.73, 4.63, 4.77, 4.75, 5.25, 4.41, 4.34, 4.54, 4.85, 4.72, 5.32, 5.87, 6.19, 6.26, 6.28, 6.12, 5.91, 5.71, 5.82, 5.48, 5.53, 5.06, 4.65, 4.17, 3.68, 4.07, 3.77, 4.21, 4.48, 4.43, 4.95, 4.97, 5.11, 5.18, 4.95, 4.18, 3.64, 3.02, 2.63, 2.95, 3.15, 2.98, 2.36, 2.5, 2.36, 1.74, 1.0, 0.91, 0, 0.88, 1.09, 1.71, 2.34, 2.87, 2.16, 2.16, 1.97, 3.21, 3.49, 3.1, 3.5, 3.78, 3.48, 3.48, 4.17, 3.68, 3.42, 3.3, 3.58, 3.9, 4.25, 4.43, 4.29, 4.01, 3.99, 4.04, 3.9, 3.54, 3.26, 3.72, 3.89, 4.07, 4.02], [5.1, 4.48, 4.59, 4.95, 4.81, 4.97, 4.91, 5.41, 4.55, 4.5, 4.7, 5.05, 4.84, 5.34, 5.99, 6.29, 6.38, 6.46, 6.36, 6.09, 5.87, 5.98, 5.66, 5.71, 5.18, 4.69, 4.19, 3.72, 4.11, 3.85, 4.31, 4.58, 4.45, 4.99, 4.99, 5.13, 5.2, 4.99, 4.16, 3.72, 3.14, 2.87, 3.21, 3.35, 3.18, 2.64, 2.78, 2.64, 1.98, 1.28, 1.37, 0.88, 0, 0.93, 1.71, 2.44, 2.79, 2.18, 2.04, 2.03, 3.19, 3.47, 3.14, 3.48, 3.98, 3.72, 3.58, 4.13, 3.72, 3.5, 3.44, 3.66, 3.94, 4.27, 4.43, 4.37, 4.07, 4.07, 4.18, 4.0, 3.62, 3.34, 3.74, 3.97, 4.11, 4.1], [5.11, 4.73, 4.7, 5.06, 4.82, 4.98, 4.98, 5.56, 4.78, 4.77, 4.95, 5.28, 5.11, 5.67, 6.24, 6.58, 6.63, 6.71, 6.51, 6.26, 6.08, 6.21, 5.89, 5.96, 5.45, 5.02, 4.54, 4.05, 4.44, 4.14, 4.52, 4.77, 4.76, 5.28, 5.3, 5.44, 5.55, 5.32, 4.55, 4.01, 3.33, 2.84, 2.92, 3.06, 2.83, 2.41, 2.47, 2.35, 1.77, 1.63, 1.48, 1.09, 0.93, 0, 1.42, 2.31, 2.62, 2.45, 2.31, 2.32, 3.54, 3.84, 3.49, 3.91, 4.39, 4.11, 3.99, 4.52, 4.01, 3.83, 3.75, 3.97, 4.25, 4.64, 4.84, 4.7, 4.42, 4.38, 4.45, 4.27, 3.93, 3.67, 4.07, 4.24, 4.38, 4.39], [6.03, 5.55, 5.58, 5.94, 5.86, 5.9, 5.9, 6.46, 5.66, 5.57, 5.77, 6.14, 5.97, 6.25, 7.0, 7.4, 7.51, 7.55, 7.41, 7.3, 6.98, 7.07, 6.77, 6.76, 6.13, 5.5, 5.02, 4.63, 5.04, 4.94, 5.42, 5.69, 5.58, 5.98, 5.96, 5.98, 6.03, 5.84, 5.03, 4.57, 3.93, 3.52, 3.78, 3.88, 3.73, 2.99, 3.25, 3.13, 2.45, 1.79, 1.8, 1.71, 1.71, 1.42, 0, 1.69, 2.06, 2.45, 2.59, 2.56, 3.78, 4.3, 3.93, 4.21, 4.33, 4.03, 4.19, 4.9, 4.73, 4.59, 4.49, 4.73, 4.85, 5.06, 5.16, 5.2, 4.98, 5.08, 5.31, 5.01, 4.55, 4.33, 4.65, 5.06, 5.1, 5.17], [5.98, 5.62, 5.85, 6.29, 6.39, 6.43, 6.29, 6.71, 5.77, 5.76, 6.06, 6.45, 5.72, 5.8, 6.65, 7.05, 7.16, 7.58, 8.02, 7.83, 7.41, 7.36, 6.68, 6.39, 5.42, 4.51, 3.99, 4.04, 4.31, 4.37, 5.21, 5.42, 4.99, 5.21, 5.17, 5.03, 4.94, 4.77, 4.18, 3.9, 3.72, 3.97, 4.35, 4.51, 4.38, 3.66, 3.92, 3.84, 3.16, 2.3, 2.33, 2.34, 2.44, 2.31, 1.69, 0, 1.19, 1.64, 2.0, 1.61, 2.57, 3.31, 3.04, 3.04, 2.82, 2.56, 3.04, 4.15, 4.3, 4.36, 4.22, 4.28, 4.16, 3.99, 4.05, 4.31, 4.31, 4.61, 5.2, 5.02, 4.44, 4.04, 4.16, 4.73, 4.79, 4.74], [6.39, 5.99, 6.22, 6.66, 6.74, 6.82, 6.66, 7.14, 6.22, 6.19, 6.57, 6.86, 6.27, 6.41, 7.14, 7.54, 7.77, 8.07, 8.35, 8.18, 7.8, 7.79, 7.25, 7.02, 5.91, 4.72, 4.32, 4.55, 4.74, 4.88, 5.74, 5.95, 5.52, 5.64, 5.68, 5.5, 5.21, 5.0, 4.61, 4.27, 4.13, 4.48, 4.88, 5.12, 4.99, 4.33, 4.45, 4.31, 3.63, 2.67, 2.9, 2.87, 2.79, 2.62, 2.06, 1.19, 0, 1.77, 2.21, 1.8, 2.56, 3.6, 3.37, 3.11, 2.75, 2.57, 3.05, 4.76, 4.93, 4.91, 4.77, 4.83, 4.63, 4.24, 4.2, 4.68, 4.8, 5.08, 5.75, 5.45, 5.01, 4.59, 4.75, 5.28, 5.46, 5.33], [5.18, 4.68, 4.97, 5.43, 5.51, 5.57, 5.41, 5.81, 4.93, 4.9, 5.22, 5.51, 5.0, 5.06, 5.87, 6.31, 6.52, 6.8, 7.1, 6.89, 6.45, 6.44, 5.98, 5.77, 4.78, 3.63, 3.25, 3.38, 3.61, 3.73, 4.51, 4.7, 4.33, 4.51, 4.49, 4.29, 4.14, 3.91, 3.44, 3.06, 2.88, 3.27, 3.77, 3.91, 3.74, 3.14, 3.48, 3.42, 2.68, 2.04, 1.97, 2.16, 2.18, 2.45, 2.45, 1.64, 1.77, 0, 0.86, 1.03, 1.75, 2.39, 2.14, 1.9, 2.18, 1.9, 2.08, 3.31, 3.54, 3.46, 3.52, 3.6, 3.5, 3.15, 3.11, 3.59, 3.63, 3.83, 4.5, 4.12, 3.56, 3.22, 3.54, 4.03, 4.01, 4.04], [4.66, 4.26, 4.41, 4.91, 4.97, 5.03, 4.87, 5.35, 4.47, 4.44, 4.78, 5.07, 4.54, 4.66, 5.43, 5.87, 6.08, 6.32, 6.56, 6.35, 5.97, 5.98, 5.5, 5.35, 4.34, 3.19, 2.85, 2.96, 3.19, 3.29, 4.05, 4.3, 3.91, 4.09, 4.07, 3.89, 3.76, 3.59, 3.02, 2.64, 2.34, 2.79, 3.21, 3.37, 3.22, 2.6, 2.86, 2.84, 2.32, 2.0, 1.99, 2.16, 2.04, 2.31, 2.59, 2.0, 2.21, 0.86, 0, 1.09, 1.79, 2.07, 1.86, 1.92, 2.5, 2.26, 2.18, 2.89, 3.18, 3.1, 3.06, 3.16, 3.02, 2.71, 2.79, 3.13, 3.19, 3.41, 4.0, 3.68, 3.18, 2.82, 3.1, 3.61, 3.71, 3.54], [5.09, 4.61, 4.98, 5.46, 5.48, 5.68, 5.48, 5.86, 4.84, 4.79, 5.15, 5.44, 4.79, 4.89, 5.66, 6.08, 6.33, 6.67, 7.11, 6.92, 6.5, 6.39, 5.83, 5.6, 4.55, 3.44, 3.04, 3.09, 3.34, 3.46, 4.32, 4.47, 4.06, 4.22, 4.22, 4.06, 3.89, 3.66, 3.17, 2.87, 2.97, 3.46, 3.9, 4.08, 3.95, 3.37, 3.47, 3.35, 2.69, 1.73, 1.9, 1.97, 2.03, 2.32, 2.56, 1.61, 1.8, 1.03, 1.09, 0, 1.64, 2.38, 2.19, 2.07, 2.29, 1.99, 2.03, 3.18, 3.37, 3.35, 3.31, 3.37, 3.21, 2.9, 2.92, 3.3, 3.32, 3.6, 4.29, 3.97, 3.37, 3.01, 3.27, 3.82, 3.88, 3.81], [5.79, 5.13, 5.66, 6.18, 6.2, 6.32, 6.16, 6.44, 5.28, 5.33, 5.61, 5.82, 4.91, 4.65, 5.64, 6.04, 6.53, 7.05, 7.73, 7.5, 7.08, 7.01, 5.95, 5.44, 4.17, 2.66, 2.36, 2.69, 2.84, 2.96, 4.16, 4.25, 3.68, 3.88, 3.92, 3.72, 3.39, 3.24, 3.19, 3.21, 3.59, 4.1, 4.64, 4.76, 4.65, 4.05, 4.29, 4.21, 3.65, 2.81, 3.02, 3.21, 3.19, 3.54, 3.78, 2.57, 2.56, 1.75, 1.79, 1.64, 0, 1.52, 1.65, 1.13, 1.29, 1.55, 1.25, 2.8, 3.31, 3.45, 3.19, 3.07, 2.71, 2.24, 2.28, 2.8, 2.94, 3.42, 4.13, 4.03, 3.55, 3.19, 3.05, 3.82, 3.66, 3.67], [4.63, 3.97, 4.48, 5.04, 5.06, 5.2, 5.04, 5.28, 4.14, 4.19, 4.47, 4.66, 3.73, 3.57, 4.5, 4.86, 5.37, 5.91, 6.61, 6.36, 5.94, 5.87, 4.79, 4.3, 2.99, 1.48, 1.42, 1.91, 2.08, 1.94, 3.04, 3.13, 2.72, 2.74, 2.8, 2.66, 2.51, 2.3, 2.31, 2.21, 2.53, 3.28, 3.52, 3.68, 3.65, 3.53, 4.11, 4.33, 3.93, 3.27, 3.42, 3.49, 3.47, 3.84, 4.3, 3.31, 3.6, 2.39, 2.07, 2.38, 1.52, 0, 0.75, 1.15, 2.05, 2.05, 1.45, 1.48, 2.13, 2.13, 2.17, 2.05, 2.01, 1.54, 1.72, 1.94, 1.92, 2.26, 2.99, 2.91, 2.35, 2.07, 1.97, 2.66, 2.6, 2.53], [4.52, 3.92, 4.35, 4.89, 4.95, 5.01, 4.95, 5.17, 4.03, 4.08, 4.34, 4.65, 3.88, 3.8, 4.67, 5.01, 5.32, 5.82, 6.46, 6.21, 5.85, 5.78, 4.76, 4.41, 3.14, 1.93, 1.89, 2.24, 2.49, 2.43, 3.31, 3.48, 3.21, 3.09, 3.23, 3.01, 2.98, 2.75, 2.62, 2.38, 2.42, 3.27, 3.37, 3.55, 3.56, 3.26, 3.82, 4.04, 3.64, 3.0, 3.01, 3.1, 3.14, 3.49, 3.93, 3.04, 3.37, 2.14, 1.86, 2.19, 1.65, 0.75, 0, 1.34, 2.22, 2.3, 1.8, 1.87, 2.38, 2.36, 2.48, 2.48, 2.46, 2.01, 2.19, 2.33, 2.33, 2.59, 3.26, 3.1, 2.52, 2.26, 2.16, 2.87, 2.75, 2.7], [5.22, 4.58, 5.09, 5.65, 5.67, 5.81, 5.65, 5.87, 4.75, 4.82, 5.08, 5.27, 4.32, 4.22, 5.15, 5.45, 5.98, 6.52, 7.24, 6.99, 6.57, 6.48, 5.44, 5.01, 3.66, 2.13, 1.89, 2.36, 2.49, 2.57, 3.73, 3.86, 3.35, 3.47, 3.53, 3.41, 2.98, 2.83, 2.74, 2.74, 3.14, 3.67, 4.15, 4.35, 4.26, 3.92, 4.36, 4.44, 3.84, 3.28, 3.43, 3.5, 3.48, 3.91, 4.21, 3.04, 3.11, 1.9, 1.92, 2.07, 1.13, 1.15, 1.34, 0, 1.48, 1.56, 0.94, 2.15, 2.9, 2.74, 2.72, 2.66, 2.38, 1.83, 1.69, 2.33, 2.45, 2.93, 3.64, 3.5, 2.92, 2.68, 2.78, 3.35, 3.33, 3.2], [5.96, 5.36, 5.87, 6.41, 6.41, 6.55, 6.39, 6.61, 5.49, 5.56, 5.82, 6.01, 5.06, 4.84, 5.79, 6.17, 6.72, 7.26, 7.96, 7.71, 7.29, 7.2, 6.14, 5.65, 4.28, 2.73, 2.47, 2.84, 2.95, 3.23, 4.35, 4.42, 3.85, 3.95, 4.07, 3.91, 3.54, 3.43, 3.42, 3.44, 3.86, 4.39, 4.91, 5.07, 4.98, 4.46, 4.74, 4.82, 4.14, 3.46, 3.71, 3.78, 3.98, 4.39, 4.33, 2.82, 2.75, 2.18, 2.5, 2.29, 1.29, 2.05, 2.22, 1.48, 0, 0.96, 1.34, 2.95, 3.74, 3.8, 3.52, 3.28, 2.94, 2.35, 2.35, 2.95, 2.97, 3.57, 4.34, 4.2, 3.78, 3.52, 3.38, 4.11, 4.19, 3.96], [5.54, 5.0, 5.55, 5.93, 5.97, 6.13, 5.91, 6.21, 5.05, 5.1, 5.4, 5.57, 4.66, 4.5, 5.15, 5.65, 6.2, 6.72, 7.44, 7.19, 6.77, 6.68, 5.62, 5.11, 3.92, 2.59, 2.17, 2.38, 2.47, 2.91, 3.89, 3.96, 3.43, 3.49, 3.53, 3.37, 3.08, 2.99, 2.92, 2.92, 3.34, 3.93, 4.59, 4.69, 4.62, 4.18, 4.24, 4.3, 3.78, 3.08, 3.39, 3.48, 3.72, 4.11, 4.03, 2.56, 2.57, 1.9, 2.26, 1.99, 1.55, 2.05, 2.3, 1.56, 0.96, 0, 1.32, 2.69, 3.26, 3.4, 3.08, 2.72, 2.54, 2.05, 2.01, 2.47, 2.67, 3.09, 3.94, 3.8, 3.44, 3.14, 3.1, 3.67, 3.81, 3.6], [5.36, 4.76, 5.27, 5.83, 5.83, 5.97, 5.81, 6.07, 4.95, 5.02, 5.32, 5.47, 4.54, 4.36, 5.21, 5.63, 6.18, 6.72, 7.46, 7.21, 6.79, 6.7, 5.64, 5.05, 3.76, 2.19, 1.81, 2.24, 2.43, 2.55, 3.71, 3.7, 3.13, 3.31, 3.41, 3.31, 3.02, 2.83, 2.9, 2.94, 3.36, 3.89, 4.39, 4.63, 4.54, 4.18, 4.52, 4.54, 3.82, 3.16, 3.43, 3.48, 3.58, 3.99, 4.19, 3.04, 3.05, 2.08, 2.18, 2.03, 1.25, 1.45, 1.8, 0.94, 1.34, 1.32, 0, 2.25, 2.98, 2.98, 2.82, 2.54, 2.26, 1.69, 1.67, 2.29, 2.25, 2.83, 3.68, 3.56, 3.06, 2.7, 2.74, 3.43, 3.43, 3.28], [3.79, 3.17, 3.68, 4.26, 4.28, 4.44, 4.26, 4.5, 3.4, 3.43, 3.71, 3.88, 2.95, 2.65, 3.58, 4.08, 4.63, 5.17, 5.91, 5.66, 5.24, 5.15, 4.09, 3.48, 2.09, 1.24, 1.62, 1.87, 1.96, 1.54, 2.2, 2.15, 1.98, 1.96, 2.04, 1.98, 2.11, 1.96, 1.83, 1.95, 2.33, 3.04, 3.12, 3.18, 3.35, 3.85, 4.35, 4.71, 4.39, 3.97, 4.04, 4.17, 4.13, 4.52, 4.9, 4.15, 4.76, 3.31, 2.89, 3.18, 2.8, 1.48, 1.87, 2.15, 2.95, 2.69, 2.25, 0, 1.35, 1.33, 1.67, 1.49, 1.51, 1.22, 1.52, 1.36, 1.26, 1.36, 2.17, 1.99, 1.53, 1.43, 1.33, 2.04, 1.86, 1.55], [2.76, 2.16, 2.67, 3.23, 3.25, 3.47, 3.23, 3.47, 2.37, 2.4, 2.68, 2.85, 1.94, 2.22, 2.77, 3.19, 3.7, 4.14, 4.88, 4.63, 4.21, 4.12, 3.14, 2.71, 2.08, 2.21, 2.51, 2.3, 2.51, 1.71, 1.55, 1.5, 1.61, 1.81, 1.89, 2.05, 2.54, 2.27, 1.98, 1.98, 2.08, 2.59, 2.51, 2.73, 2.78, 3.44, 3.74, 4.14, 3.96, 3.5, 3.55, 3.68, 3.72, 4.01, 4.73, 4.3, 4.93, 3.54, 3.18, 3.37, 3.31, 2.13, 2.38, 2.9, 3.74, 3.26, 2.98, 1.35, 0, 0.68, 1.2, 1.32, 1.66, 1.97, 2.43, 2.05, 1.59, 0.97, 1.28, 1.16, 1.0, 0.92, 1.02, 1.11, 1.11, 0.82], [2.64, 2.0, 2.51, 3.09, 3.15, 3.33, 3.09, 3.33, 2.27, 2.32, 2.6, 2.71, 1.9, 2.28, 2.83, 3.13, 3.66, 4.0, 4.74, 4.49, 4.07, 3.98, 3.04, 2.67, 2.0, 2.17, 2.49, 2.24, 2.45, 1.69, 1.45, 1.46, 1.65, 1.81, 1.91, 2.11, 2.54, 2.21, 1.74, 1.76, 1.82, 2.31, 2.25, 2.55, 2.74, 3.42, 3.66, 4.08, 3.86, 3.4, 3.39, 3.42, 3.5, 3.83, 4.59, 4.36, 4.91, 3.46, 3.1, 3.35, 3.45, 2.13, 2.36, 2.74, 3.8, 3.4, 2.98, 1.33, 0.68, 0, 0.94, 1.14, 1.68, 1.99, 2.37, 1.97, 1.51, 0.83, 1.26, 1.0, 0.8, 0.78, 1.08, 1.15, 1.25, 0.96], [2.66, 2.08, 2.65, 3.15, 3.17, 3.35, 3.05, 3.41, 2.29, 2.36, 2.66, 2.77, 1.98, 2.34, 2.97, 3.21, 3.52, 3.96, 4.68, 4.47, 4.05, 3.98, 3.0, 2.69, 2.18, 2.09, 2.15, 1.8, 2.01, 1.39, 1.47, 1.64, 1.47, 1.83, 1.93, 2.11, 2.36, 2.03, 1.5, 1.4, 1.52, 1.71, 2.17, 2.37, 2.38, 2.98, 3.04, 3.56, 3.38, 3.12, 3.29, 3.3, 3.44, 3.75, 4.49, 4.22, 4.77, 3.52, 3.06, 3.31, 3.19, 2.17, 2.48, 2.72, 3.52, 3.08, 2.82, 1.67, 1.2, 0.94, 0, 0.74, 1.4, 1.67, 2.03, 1.61, 1.23, 0.97, 1.26, 1.24, 1.26, 1.22, 1.32, 1.39, 1.73, 1.34], [3.14, 2.56, 3.11, 3.53, 3.53, 3.77, 3.49, 3.83, 2.67, 2.7, 3.02, 3.17, 2.3, 2.44, 3.05, 3.41, 3.96, 4.42, 5.14, 4.93, 4.51, 4.44, 3.36, 2.69, 2.0, 1.61, 1.79, 1.44, 1.71, 1.15, 1.53, 1.54, 1.27, 1.65, 1.67, 1.89, 2.12, 1.91, 1.56, 1.56, 1.72, 2.11, 2.59, 2.69, 2.62, 3.12, 3.3, 3.78, 3.6, 3.34, 3.51, 3.58, 3.66, 3.97, 4.73, 4.28, 4.83, 3.6, 3.16, 3.37, 3.07, 2.05, 2.48, 2.66, 3.28, 2.72, 2.54, 1.49, 1.32, 1.14, 0.74, 0, 0.86, 1.27, 1.53, 1.21, 1.01, 1.03, 1.54, 1.58, 1.6, 1.48, 1.34, 1.61, 1.85, 1.38], [3.62, 3.04, 3.57, 4.07, 4.03, 4.37, 4.03, 4.29, 3.17, 3.18, 3.46, 3.63, 2.74, 2.58, 3.37, 3.85, 4.38, 4.92, 5.66, 5.41, 5.03, 4.92, 3.84, 3.19, 1.96, 1.51, 1.75, 1.58, 1.63, 1.51, 2.13, 2.08, 1.41, 1.63, 1.75, 1.91, 1.92, 1.81, 1.74, 1.86, 2.2, 2.55, 3.25, 3.21, 3.08, 3.6, 3.82, 4.22, 3.88, 3.58, 3.77, 3.9, 3.94, 4.25, 4.85, 4.16, 4.63, 3.5, 3.02, 3.21, 2.71, 2.01, 2.46, 2.38, 2.94, 2.54, 2.26, 1.51, 1.66, 1.68, 1.4, 0.86, 0, 0.97, 1.17, 0.85, 0.93, 1.41, 2.0, 2.02, 1.98, 1.88, 1.56, 2.17, 2.19, 1.7], [4.01, 3.47, 4.02, 4.46, 4.42, 4.64, 4.42, 4.68, 3.56, 3.59, 3.91, 4.06, 3.13, 2.91, 3.74, 4.22, 4.77, 5.31, 6.05, 5.8, 5.38, 5.29, 4.23, 3.62, 2.21, 1.02, 1.32, 1.69, 1.62, 1.68, 2.42, 2.41, 1.84, 1.98, 2.0, 1.86, 1.55, 1.5, 1.59, 1.73, 2.31, 2.66, 3.48, 3.4, 3.33, 3.87, 4.07, 4.51, 4.13, 3.85, 4.14, 4.25, 4.27, 4.64, 5.06, 3.99, 4.24, 3.15, 2.71, 2.9, 2.24, 1.54, 2.01, 1.83, 2.35, 2.05, 1.69, 1.22, 1.97, 1.99, 1.67, 1.27, 0.97, 0, 0.74, 0.82, 1.1, 1.66, 2.39, 2.31, 2.13, 2.11, 1.89, 2.5, 2.6, 2.07], [4.29, 3.77, 4.28, 4.84, 4.72, 4.96, 4.72, 4.98, 3.86, 3.89, 4.21, 4.36, 3.47, 3.29, 4.06, 4.5, 5.03, 5.57, 6.31, 6.06, 5.64, 5.55, 4.49, 3.78, 2.25, 1.0, 1.34, 1.69, 1.66, 1.82, 2.52, 2.67, 2.0, 2.06, 2.16, 2.02, 1.65, 1.74, 1.85, 1.89, 2.59, 2.96, 3.86, 3.74, 3.71, 4.17, 4.33, 4.81, 4.37, 4.03, 4.36, 4.43, 4.43, 4.84, 5.16, 4.05, 4.2, 3.11, 2.79, 2.92, 2.28, 1.72, 2.19, 1.69, 2.35, 2.01, 1.67, 1.52, 2.43, 2.37, 2.03, 1.53, 1.17, 0.74, 0, 0.92, 1.36, 2.02, 2.75, 2.73, 2.57, 2.53, 2.35, 2.96, 3.02, 2.49], [3.65, 3.05, 3.54, 4.1, 4.04, 4.46, 3.92, 4.28, 3.1, 3.11, 3.43, 3.58, 2.73, 2.57, 3.28, 3.74, 4.25, 4.77, 5.51, 5.34, 4.92, 4.79, 3.73, 3.1, 1.75, 1.3, 1.62, 1.65, 1.56, 1.7, 2.34, 2.23, 1.5, 1.6, 1.6, 1.56, 1.45, 1.28, 1.37, 1.61, 2.19, 2.64, 3.52, 3.44, 3.37, 3.87, 4.01, 4.55, 4.25, 3.95, 4.2, 4.29, 4.37, 4.7, 5.2, 4.31, 4.68, 3.59, 3.13, 3.3, 2.8, 1.94, 2.33, 2.33, 2.95, 2.47, 2.29, 1.36, 2.05, 1.97, 1.61, 1.21, 0.85, 0.82, 0.92, 0, 0.84, 1.48, 2.15, 2.13, 2.27, 2.15, 1.93, 2.52, 2.64, 2.11], [3.27, 2.65, 3.18, 3.82, 3.78, 4.2, 3.7, 3.94, 2.78, 2.89, 3.17, 3.32, 2.39, 2.21, 3.06, 3.46, 4.01, 4.55, 5.29, 5.14, 4.68, 4.53, 3.47, 2.98, 1.79, 1.52, 1.66, 1.49, 1.68, 1.56, 2.06, 1.89, 1.22, 1.4, 1.46, 1.56, 1.87, 1.48, 1.41, 1.51, 1.95, 2.5, 3.08, 3.12, 3.11, 3.67, 3.77, 4.31, 4.03, 3.73, 3.98, 4.01, 4.07, 4.42, 4.98, 4.31, 4.8, 3.63, 3.19, 3.32, 2.94, 1.92, 2.33, 2.45, 2.97, 2.67, 2.25, 1.26, 1.59, 1.51, 1.23, 1.01, 0.93, 1.1, 1.36, 0.84, 0, 1.0, 1.65, 1.63, 1.71, 1.69, 1.45, 2.14, 2.24, 1.71], [2.57, 2.03, 2.56, 3.06, 3.16, 3.48, 3.04, 3.3, 2.22, 2.31, 2.61, 2.72, 1.87, 1.99, 2.58, 3.0, 3.49, 3.93, 4.67, 4.44, 4.04, 3.91, 2.85, 2.42, 1.55, 1.92, 2.12, 1.97, 2.12, 1.64, 1.44, 1.35, 1.3, 1.18, 1.24, 1.48, 1.91, 1.58, 1.37, 1.63, 1.75, 2.4, 2.5, 2.78, 2.91, 3.67, 3.83, 4.29, 4.09, 3.77, 3.98, 3.99, 4.07, 4.38, 5.08, 4.61, 5.08, 3.83, 3.41, 3.6, 3.42, 2.26, 2.59, 2.93, 3.57, 3.09, 2.83, 1.36, 0.97, 0.83, 0.97, 1.03, 1.41, 1.66, 2.02, 1.48, 1.0, 0, 1.03, 1.05, 1.13, 1.21, 1.03, 1.38, 1.62, 1.13], [1.88, 1.48, 1.73, 2.23, 2.31, 2.71, 2.25, 2.45, 1.41, 1.4, 1.68, 1.81, 1.24, 1.9, 2.35, 2.45, 2.8, 3.06, 3.8, 3.65, 3.23, 3.04, 2.12, 2.07, 1.78, 2.63, 2.95, 2.68, 2.81, 2.11, 1.05, 1.1, 1.69, 1.69, 1.65, 1.93, 2.52, 2.11, 1.92, 2.16, 2.18, 2.37, 2.41, 2.55, 2.74, 3.56, 3.62, 4.24, 4.08, 3.86, 4.01, 4.04, 4.18, 4.45, 5.31, 5.2, 5.75, 4.5, 4.0, 4.29, 4.13, 2.99, 3.26,