[[0, 0.98, 1.22, 2.08, 2.0, 1.8, 2.28, 2.21, 2.01, 2.27, 2.65, 2.88, 2.88, 2.89, 3.96, 6.4, 7.356, 7.01, 6.94, 7.117, 7.11, 7.25, 7.26, 7.28, 6.76, 6.79, 7.25, 8.07, 9.04, 8.42, 7.41, 6.45, 5.08, 4.6, 5.03, 5.52, 5.29, 4.56, 5.05, 6.15, 6.59, 6.55, 6.74, 6.47, 6.23, 5.32, 4.59, 4.47, 4.42, 5.03, 6.43, 7.51, 7.66, 7.61, 8.28, 8.6, 8.51, 8.74, 8.71, 8.85, 8.8, 8.05, 7.55, 7.75, 8.09, 7.91, 7.75, 8.53, 8.92, 8.68, 9.57, 9.94, 9.38, 8.03, 7.11, 7.03, 7.36, 7.07, 6.87, 7.59, 8.43, 9.06, 8.72, 8.15, 7.81, 8.06], [0.98, 0, 1.12, 2.14, 2.1, 1.92, 2.38, 2.21, 1.97, 2.29, 2.77, 3.0, 3.06, 3.15, 4.38, 6.839, 7.802, 7.387, 7.32, 7.534, 7.564, 7.721, 7.691, 7.76, 7.18, 7.25, 7.67, 8.53, 9.5, 8.84, 7.85, 6.81, 5.5, 5.02, 5.45, 5.94, 5.71, 4.98, 5.49, 6.57, 7.01, 6.97, 7.16, 6.87, 6.65, 5.72, 4.97, 4.87, 4.84, 5.39, 6.85, 7.85, 8.08, 7.97, 8.72, 9.04, 8.95, 9.18, 9.15, 9.29, 9.24, 8.53, 8.01, 8.19, 8.53, 8.35, 8.07, 8.89, 9.36, 9.12, 10.01, 10.32, 9.78, 8.39, 7.41, 7.37, 7.7, 7.39, 7.05, 7.73, 8.63, 9.28, 9.0, 8.37, 8.17, 8.48], [1.22, 1.12, 0, 1.22, 1.34, 1.1, 1.5, 1.47, 1.35, 1.61, 1.89, 2.14, 2.16, 2.25, 3.38, 5.859, 6.822, 6.427, 6.36, 6.557, 6.587, 6.744, 6.72, 6.78, 6.2, 6.29, 6.73, 7.59, 8.52, 7.86, 6.87, 5.81, 4.52, 4.06, 4.47, 4.96, 4.75, 4.04, 4.49, 5.61, 6.05, 6.01, 6.2, 5.89, 5.67, 4.74, 3.99, 3.89, 3.88, 4.41, 5.87, 6.89, 7.1, 7.01, 7.74, 8.06, 7.99, 8.22, 8.19, 8.31, 8.28, 7.57, 7.03, 7.21, 7.55, 7.37, 7.11, 7.93, 8.4, 8.16, 9.07, 9.38, 8.82, 7.45, 6.51, 6.49, 6.82, 6.55, 6.21, 6.87, 7.77, 8.32, 8.1, 7.45, 7.23, 7.52], [2.08, 2.14, 1.22, 0, 0.78, 0.8, 1.2, 1.47, 1.67, 1.75, 1.51, 1.42, 1.52, 1.65, 2.54, 4.94, 5.908, 5.484, 5.437, 5.674, 5.704, 5.861, 5.8, 5.9, 5.34, 5.43, 5.81, 6.71, 7.66, 7.0, 5.97, 4.89, 3.64, 3.32, 3.65, 4.12, 3.93, 3.26, 3.71, 4.77, 5.23, 5.21, 5.4, 5.07, 4.81, 3.84, 3.13, 3.05, 3.1, 3.63, 5.01, 5.99, 6.26, 6.09, 6.84, 7.2, 7.15, 7.36, 7.29, 7.43, 7.4, 6.71, 6.17, 6.35, 6.65, 6.47, 6.17, 7.03, 7.54, 7.28, 8.15, 8.38, 7.92, 6.57, 5.69, 5.67, 5.98, 5.73, 5.27, 6.03, 6.91, 7.46, 7.18, 6.53, 6.39, 6.7], [2.0, 2.1, 1.34, 0.78, 0, 0.88, 1.46, 1.59, 1.73, 1.93, 1.67, 1.5, 1.56, 1.63, 2.54, 4.92, 5.885, 5.467, 5.42, 5.634, 5.664, 5.821, 5.78, 5.86, 5.28, 5.37, 5.77, 6.65, 7.6, 6.94, 5.93, 4.883, 3.6, 3.24, 3.71, 4.06, 3.89, 3.22, 3.67, 4.73, 5.17, 5.17, 5.36, 5.03, 4.77, 3.8, 3.07, 3.01, 3.08, 3.57, 4.93, 5.93, 6.2, 6.07, 6.8, 7.14, 7.09, 7.3, 7.25, 7.37, 7.34, 6.65, 6.11, 6.29, 6.61, 6.447, 6.17, 6.99, 7.48, 7.22, 8.11, 8.36, 7.88, 6.53, 5.65, 5.63, 5.96, 5.69, 5.27, 5.93, 6.85, 7.4, 7.06, 6.55, 6.35, 6.66], [1.8, 1.92, 1.1, 0.8, 0.88, 0, 0.94, 1.17, 1.29, 1.51, 1.41, 1.52, 1.84, 1.85, 2.94, 5.382, 6.362, 5.967, 5.894, 6.097, 6.127, 6.284, 6.254, 6.314, 5.74, 5.79, 6.23, 7.09, 8.06, 7.417, 6.415, 5.346, 4.06, 3.68, 4.03, 4.52, 4.29, 3.66, 4.11, 5.13, 5.63, 5.61, 5.8, 5.47, 5.25, 4.26, 3.53, 3.43, 3.4, 3.95, 5.39, 6.41, 6.64, 6.547, 7.28, 7.6, 7.55, 7.78, 7.69, 7.83, 7.82, 7.09, 6.61, 6.79, 7.087, 6.91, 6.653, 7.47, 7.9, 7.66, 8.57, 8.803, 8.36, 6.97, 6.13, 6.03, 6.38, 6.11, 5.63, 6.35, 7.29, 7.8, 7.42, 6.95, 6.79, 7.12], [2.28, 2.38, 1.5, 1.2, 1.46, 0.94, 0, 0.93, 0.99, 1.03, 0.93, 1.48, 1.86, 1.85, 3.12, 5.342, 6.316, 5.901, 5.814, 6.088, 6.081, 6.238, 6.231, 6.291, 5.691, 5.75, 6.17, 7.05, 8.011, 7.414, 6.355, 5.357, 4.08, 3.7, 4.01, 4.5, 4.27, 3.62, 4.07, 5.13, 5.61, 5.57, 5.76, 5.47, 5.23, 4.26, 3.53, 3.43, 3.4, 3.97, 5.35, 6.37, 6.62, 6.487, 7.242, 7.542, 7.49, 7.72, 7.65, 7.79, 7.774, 7.05, 6.55, 6.73, 7.044, 6.867, 6.59, 7.447, 7.84, 7.6, 8.51, 8.723, 8.297, 6.89, 6.03, 5.93, 6.24, 5.97, 5.49, 6.21, 7.15, 7.68, 7.3, 6.83, 6.77, 7.1], [2.21, 2.21, 1.47, 1.47, 1.59, 1.17, 0.93, 0, 0.72, 0.96, 1.16, 1.67, 1.95, 1.8, 2.99, 5.375, 6.346, 5.928, 5.87, 6.104, 6.125, 6.282, 6.235, 6.318, 5.75, 5.8, 6.2, 7.06, 8.07, 7.441, 6.408, 5.353, 4.07, 3.87, 4.12, 4.55, 4.36, 3.75, 4.16, 5.16, 5.66, 5.66, 5.83, 5.52, 5.26, 4.33, 3.56, 3.52, 3.51, 4.04, 5.4, 6.4, 6.69, 6.48, 7.27, 7.59, 7.58, 7.77, 7.68, 7.82, 7.81, 7.1, 6.62, 6.8, 7.071, 6.894, 6.629, 7.44, 7.91, 7.65, 8.56, 8.776, 8.324, 6.94, 6.14, 6.04, 6.39, 6.14, 5.7, 6.34, 7.28, 7.79, 7.41, 7.02, 6.88, 7.19], [2.01, 1.97, 1.35, 1.67, 1.73, 1.29, 0.99, 0.72, 0, 0.8, 1.18, 1.97, 2.25, 2.14, 3.41, 5.846, 6.812, 6.379, 6.287, 6.535, 6.545, 6.711, 6.689, 6.75, 6.17, 6.24, 6.68, 7.5, 8.49, 7.87, 6.88, 5.813, 4.51, 4.15, 4.5, 4.99, 4.78, 4.15, 4.58, 5.6, 6.1, 6.08, 6.25, 5.96, 5.7, 4.75, 4.0, 3.94, 3.93, 4.46, 5.86, 6.86, 7.09, 6.92, 7.73, 8.05, 8.0, 8.23, 8.16, 8.3, 8.27, 7.52, 7.04, 7.24, 7.56, 7.374, 7.085, 7.84, 8.37, 8.13, 9.0, 9.233, 8.764, 7.34, 6.48, 6.42, 6.77, 6.5, 6.04, 6.74, 7.68, 8.19, 7.85, 7.4, 7.28, 7.59], [2.27, 2.29, 1.61, 1.75, 1.93, 1.51, 1.03, 0.96, 0.8, 0, 1.0, 2.01, 2.31, 2.3, 3.55, 5.986, 6.952, 6.528, 6.421, 6.678, 6.688, 6.854, 6.841, 6.89, 6.31, 6.38, 6.82, 7.66, 8.63, 8.03, 7.02, 5.971, 4.67, 4.33, 4.64, 5.11, 4.88, 4.15, 4.68, 5.72, 6.2, 6.14, 6.35, 6.04, 5.84, 4.89, 4.14, 4.14, 3.99, 4.56, 6.0, 7.0, 7.201, 7.08, 7.87, 8.19, 8.12, 8.35, 8.3, 8.44, 8.41, 7.66, 7.16, 7.36, 7.7, 7.517, 7.225, 8.02, 8.51, 8.27, 9.14, 9.367, 8.924, 7.46, 6.46, 6.36, 6.71, 6.4, 5.92, 6.66, 7.62, 8.23, 7.93, 7.42, 7.3, 7.61], [2.65, 2.77, 1.89, 1.51, 1.67, 1.41, 0.93, 1.16, 1.18, 1.0, 0, 1.37, 1.75, 1.78, 2.99, 5.255, 6.229, 5.805, 5.741, 6.018, 6.028, 6.174, 6.15, 6.23, 5.63, 5.7, 6.1, 7.0, 7.95, 7.37, 6.3, 5.268, 4.01, 3.71, 3.96, 4.43, 4.2, 3.47, 3.98, 5.04, 5.5, 5.44, 5.65, 5.36, 5.16, 4.25, 3.48, 3.38, 3.35, 3.9, 5.26, 6.28, 6.521, 6.391, 7.17, 7.47, 7.4, 7.65, 7.6, 7.7, 7.71, 7.0, 6.48, 6.66, 6.98, 6.777, 6.491, 7.38, 7.81, 7.55, 8.44, 8.647, 8.224, 6.774, 5.8, 5.72, 6.07, 5.78, 5.32, 6.06, 6.96, 7.53, 7.23, 6.76, 6.68, 6.97], [2.88, 3.0, 2.14, 1.42, 1.5, 1.52, 1.48, 1.67, 1.97, 2.01, 1.37, 0, 0.84, 0.97, 1.94, 4.114, 5.094, 4.73, 4.7, 4.9, 4.927, 5.084, 5.014, 5.114, 4.54, 4.59, 4.99, 5.89, 6.86, 6.217, 5.147, 4.049, 2.76, 2.64, 2.83, 3.2, 2.95, 2.22, 2.79, 3.89, 4.27, 4.23, 4.44, 4.13, 4.01, 3.12, 2.39, 2.39, 2.3, 2.75, 4.13, 5.15, 5.44, 5.35, 6.0, 6.32, 6.25, 6.48, 6.41, 6.61, 6.6, 5.89, 5.407, 5.587, 5.867, 5.69, 5.396, 6.27, 6.7, 6.44, 7.37, 7.649, 7.16, 5.79, 4.83, 4.73, 5.1, 4.87, 4.43, 5.07, 5.93, 6.52, 6.24, 5.71, 5.53, 5.78], [2.88, 3.06, 2.16, 1.52, 1.56, 1.84, 1.86, 1.95, 2.25, 2.31, 1.75, 0.84, 0, 0.59, 1.62, 3.974, 4.963, 4.633, 4.62, 4.797, 4.796, 4.953, 4.88, 4.98, 4.44, 4.49, 4.89, 5.79, 6.72, 6.063, 4.993, 3.91, 2.6, 2.64, 2.93, 3.04, 2.77, 2.14, 2.57, 3.71, 4.13, 4.05, 4.3, 3.97, 3.83, 2.94, 2.23, 2.11, 2.08, 2.59, 4.03, 5.07, 5.34, 5.27, 5.854, 6.174, 6.087, 6.337, 6.27, 6.47, 6.463, 5.75, 5.27, 5.45, 5.733, 5.556, 5.319, 6.19, 6.52, 6.28, 7.29, 7.635, 7.063, 5.696, 4.77, 4.67, 4.98, 4.77, 4.49, 5.13, 5.91, 6.52, 6.26, 5.65, 5.39, 5.58], [2.89, 3.15, 2.25, 1.65, 1.63, 1.85, 1.85, 1.8, 2.14, 2.3, 1.78, 0.97, 0.59, 0, 1.63, 3.967, 4.973, 4.643, 4.63, 4.81, 4.806, 4.963, 4.89, 4.99, 4.45, 4.5, 4.9, 5.8, 6.73, 6.073, 5.003, 3.8, 2.55, 2.79, 2.98, 3.01, 2.7, 2.13, 2.56, 3.66, 4.12, 4.1, 4.33, 3.96, 3.72, 2.83, 2.24, 2.18, 2.13, 2.62, 4.04, 5.08, 5.35, 5.28, 5.847, 6.17, 6.12, 6.35, 6.26, 6.48, 6.49, 5.76, 5.28, 5.46, 5.743, 5.566, 5.329, 6.2, 6.55, 6.29, 7.28, 7.579, 7.073, 5.74, 4.88, 4.76, 5.09, 4.88, 4.52, 5.26, 6.04, 6.59, 6.25, 5.68, 5.42, 5.57], [3.96, 4.38, 3.38, 2.54, 2.54, 2.94, 3.12, 2.99, 3.41, 3.55, 2.99, 1.94, 1.62, 1.63, 0, 2.6, 3.62, 3.39, 3.4, 3.5, 3.47, 3.65, 3.56, 3.68, 3.22, 3.21, 3.63, 4.53, 5.44, 4.76, 3.69, 2.61, 1.36, 2.06, 2.41, 1.98, 1.71, 1.54, 1.57, 2.45, 2.97, 3.01, 3.28, 2.91, 2.61, 1.9, 1.73, 1.75, 1.6, 1.85, 2.85, 3.87, 4.08, 4.01, 4.54, 4.94, 4.83, 5.06, 4.99, 5.13, 5.24, 4.51, 4.01, 4.19, 4.43, 4.29, 4.25, 4.99, 5.36, 5.14, 6.19, 6.62, 5.88, 4.65, 4.09, 3.91, 4.24, 4.15, 4.09, 4.71, 5.43, 6.02, 5.72, 4.91, 4.47, 4.52], [6.4, 6.839, 5.859, 4.94, 4.92, 5.382, 5.342, 5.375, 5.846, 5.986, 5.255, 4.114, 3.974, 3.967, 2.6, 0, 1.16, 1.15, 1.38, 1.64, 1.15, 1.41, 1.48, 1.36, 1.2, 1.27, 1.67, 2.37, 3.0, 2.48, 1.47, 0.79, 1.54, 2.26, 2.19, 1.58, 1.59, 2.44, 2.03, 1.73, 1.57, 1.87, 2.22, 1.97, 1.67, 1.72, 2.37, 2.51, 2.5, 2.19, 1.69, 2.29, 2.46, 2.07, 2.44, 2.9, 2.75, 2.78, 2.69, 2.83, 3.04, 2.51, 2.09, 2.33, 2.21, 2.15, 2.05, 2.77, 3.16, 3.02, 4.01, 4.36, 3.6, 2.93, 2.69, 2.85, 3.16, 3.03, 3.05, 3.43, 3.83, 4.32, 4.18, 3.43, 3.39, 3.36], [7.356, 7.802, 6.822, 5.908, 5.885, 6.362, 6.316, 6.346, 6.812, 6.952, 6.229, 5.094, 4.963, 4.973, 3.62, 1.16, 0, 0.79, 1.2, 1.2, 1.07, 1.19, 1.12, 0.88, 1.14, 1.39, 1.77, 2.11, 2.32, 1.84, 1.19, 1.31, 2.54, 3.18, 2.85, 2.22, 2.49, 3.38, 3.03, 2.33, 1.67, 2.03, 2.34, 2.23, 2.17, 2.52, 3.17, 3.29, 3.3, 2.95, 2.07, 2.09, 2.22, 1.83, 2.22, 2.62, 2.47, 2.4, 2.27, 2.33, 2.54, 2.25, 2.03, 2.27, 2.05, 1.73, 1.57, 2.37, 2.78, 2.76, 3.55, 3.62, 2.96, 2.85, 2.77, 3.07, 3.34, 3.39, 3.21, 3.39, 3.71, 4.08, 4.1, 3.29, 3.21, 3.24], [7.01, 7.387, 6.427, 5.484, 5.467, 5.967, 5.901, 5.928, 6.379, 6.528, 5.805, 4.73, 4.633, 4.643, 3.39, 1.15, 0.79, 0, 0.85, 1.13, 1.08, 1.24, 1.25, 1.15, 1.21, 1.54, 1.88, 2.32, 2.61, 2.27, 1.38, 1.4, 2.29, 3.01, 2.86, 2.13, 2.4, 3.25, 2.9, 2.3, 2.0, 2.22, 2.59, 2.26, 2.18, 2.49, 2.96, 3.24, 3.11, 2.8, 2.04, 2.28, 2.43, 2.04, 2.71, 3.05, 2.86, 2.81, 2.66, 2.58, 2.75, 2.58, 2.26, 2.46, 2.4, 2.02, 1.68, 2.48, 3.01, 3.01, 3.58, 3.75, 3.15, 2.8, 2.78, 3.0, 3.35, 3.26, 3.28, 3.52, 3.92, 4.23, 4.17, 3.5, 3.54, 3.67], [6.94, 7.32, 6.36, 5.437, 5.42, 5.894, 5.814, 5.87, 6.287, 6.421, 5.741, 4.7, 4.62, 4.63, 3.4, 1.38, 1.2, 0.85, 0, 0.82, 0.87, 1.11, 1.08, 1.28, 1.48, 1.81, 2.05, 2.39, 2.6, 2.28, 1.43, 1.55, 2.28, 3.02, 2.83, 2.14, 2.37, 3.26, 2.89, 2.61, 2.35, 2.73, 3.08, 2.69, 2.55, 2.66, 2.87, 3.19, 3.14, 2.89, 2.47, 2.73, 2.82, 2.41, 3.08, 3.22, 2.99, 3.04, 2.87, 2.65, 2.84, 2.65, 2.51, 2.59, 2.65, 2.39, 1.89, 2.43, 3.06, 3.1, 3.59, 3.74, 3.12, 2.89, 2.85, 3.07, 3.52, 3.41, 3.53, 3.81, 4.15, 4.3, 4.22, 3.77, 3.87, 4.1], [7.117, 7.534, 6.557, 5.674, 5.634, 6.097, 6.088, 6.104, 6.535, 6.678, 6.018, 4.9, 4.797, 4.81, 3.5, 1.64, 1.2, 1.13, 0.82, 0, 0.89, 1.09, 0.96, 1.32, 1.78, 1.91, 2.01, 2.33, 2.56, 2.02, 1.27, 1.75, 2.42, 3.12, 2.81, 2.16, 2.45, 3.36, 3.03, 2.79, 2.49, 2.93, 3.26, 3.01, 2.83, 2.9, 3.17, 3.31, 3.26, 3.11, 2.67, 2.85, 2.88, 2.49, 2.96, 3.1, 2.87, 2.92, 2.75, 2.47, 2.66, 2.57, 2.43, 2.49, 2.55, 2.35, 1.89, 2.37, 2.9, 2.88, 3.49, 3.6, 3.02, 2.93, 3.01, 3.33, 3.82, 3.77, 3.85, 4.03, 4.33, 4.4, 4.22, 3.83, 3.87, 4.0], [7.11, 7.564, 6.587, 5.704, 5.664, 6.127, 6.081, 6.125, 6.545, 6.688, 6.028, 4.927, 4.796, 4.806, 3.47, 1.15, 1.07, 1.08, 0.87, 0.89, 0, 0.82, 0.89, 1.03, 1.41, 1.58, 1.86, 2.2, 2.43, 1.95, 1.12, 1.34, 2.41, 3.03, 2.74, 2.13, 2.34, 3.29, 2.88, 2.56, 2.18, 2.6, 2.95, 2.64, 2.46, 2.57, 3.02, 3.14, 3.17, 2.86, 2.4, 2.74, 2.79, 2.42, 2.77, 2.91, 2.74, 2.75, 2.5, 2.42, 2.65, 2.4, 2.16, 2.26, 2.32, 2.18, 1.8, 2.38, 2.89, 2.83, 3.48, 3.69, 3.05, 2.82, 2.76, 3.22, 3.59, 3.52, 3.54, 3.82, 4.12, 4.25, 4.19, 3.66, 3.82, 3.87], [7.25, 7.721, 6.744, 5.861, 5.821, 6.284, 6.238, 6.282, 6.711, 6.854, 6.174, 5.084, 4.953, 4.963, 3.65, 1.41, 1.19, 1.24, 1.11, 1.09, 0.82, 0, 0.73, 0.95, 1.43, 1.7, 1.88, 2.06, 2.35, 1.79, 1.04, 1.6, 2.53, 3.17, 2.88, 2.31, 2.46, 3.39, 2.92, 2.64, 2.08, 2.34, 2.59, 2.4, 2.2, 2.61, 3.02, 3.1, 3.11, 2.78, 2.14, 2.5, 2.51, 2.18, 2.67, 2.83, 2.6, 2.51, 2.44, 2.42, 2.53, 2.24, 2.04, 2.06, 2.14, 2.0, 1.72, 2.34, 2.83, 2.79, 3.56, 3.79, 3.09, 2.6, 2.74, 2.86, 3.31, 3.28, 3.46, 3.74, 4.06, 4.17, 4.07, 3.6, 3.52, 3.53], [7.26, 7.691, 6.72, 5.8, 5.78, 6.254, 6.231, 6.235, 6.689, 6.841, 6.15, 5.014, 4.88, 4.89, 3.56, 1.48, 1.12, 1.25, 1.08, 0.96, 0.89, 0.73, 0, 0.8, 1.52, 1.59, 1.63, 1.95, 2.34, 1.74, 0.85, 1.59, 2.46, 3.08, 2.75, 2.1, 2.37, 3.26, 2.73, 2.43, 1.91, 2.37, 2.5, 2.31, 2.13, 2.58, 2.95, 3.03, 3.12, 2.77, 2.19, 2.45, 2.48, 2.15, 2.54, 2.72, 2.51, 2.4, 2.27, 2.35, 2.44, 2.23, 2.03, 2.03, 2.03, 1.91, 1.67, 2.33, 2.76, 2.74, 3.53, 3.78, 3.08, 2.67, 2.67, 2.97, 3.44, 3.43, 3.51, 3.71, 4.01, 4.12, 4.04, 3.45, 3.35, 3.34], [7.28, 7.76, 6.78, 5.9, 5.86, 6.314, 6.291, 6.318, 6.75, 6.89, 6.23, 5.114, 4.98, 4.99, 3.68, 1.36, 0.88, 1.15, 1.28, 1.32, 1.03, 0.95, 0.8, 0, 1.06, 1.33, 1.57, 1.73, 2.14, 1.54, 1.03, 1.35, 2.64, 3.14, 2.81, 2.2, 2.45, 3.34, 2.91, 2.31, 1.59, 1.95, 2.24, 2.07, 1.97, 2.32, 3.05, 3.13, 3.1, 2.73, 1.97, 2.05, 2.1, 1.79, 2.08, 2.3, 2.07, 2.08, 2.03, 2.17, 2.16, 1.89, 1.73, 1.91, 1.77, 1.53, 1.47, 2.13, 2.58, 2.48, 3.27, 3.56, 2.76, 2.45, 2.39, 2.73, 3.12, 3.19, 3.09, 3.21, 3.49, 3.72, 3.78, 3.15, 3.01, 3.06], [6.76, 7.18, 6.2, 5.34, 5.28, 5.74, 5.691, 5.75, 6.17, 6.31, 5.63, 4.54, 4.44, 4.45, 3.22, 1.2, 1.14, 1.21, 1.48, 1.78, 1.41, 1.43, 1.52, 1.06, 0, 0.93, 1.35, 1.73, 2.44, 2.08, 1.43, 0.89, 2.2, 2.92, 2.57, 2.14, 2.17, 3.04, 2.75, 2.21, 1.59, 1.77, 2.14, 1.99, 1.99, 2.04, 2.47, 2.77, 2.84, 2.21, 1.55, 1.73, 1.84, 1.51, 2.02, 2.5, 2.41, 2.42, 2.41, 2.39, 2.4, 1.83, 1.65, 1.93, 1.85, 1.49, 1.47, 2.23, 2.68, 2.66, 3.47, 3.76, 2.92, 2.19, 2.05, 2.23, 2.66, 2.57, 2.49, 2.65, 2.97, 3.44, 3.48, 2.73, 2.83, 3.04], [6.79, 7.25, 6.29, 5.43, 5.37, 5.79, 5.75, 5.8, 6.24, 6.38, 5.7, 4.59, 4.49, 4.5, 3.21, 1.27, 1.39, 1.54, 1.81, 1.91, 1.58, 1.7, 1.59, 1.33, 0.93, 0, 0.84, 1.56, 2.33, 1.97, 1.26, 1.12, 2.25, 2.91, 2.64, 2.17, 2.16, 3.01, 2.72, 2.18, 1.64, 1.92, 2.25, 2.12, 2.02, 2.07, 2.46, 2.64, 2.81, 2.12, 1.16, 1.52, 1.63, 1.36, 1.81, 2.37, 2.3, 2.27, 2.24, 2.26, 2.31, 1.76, 1.4, 1.7, 1.6, 1.44, 1.54, 2.1, 2.43, 2.39, 3.3, 3.69, 2.89, 2.2, 1.8, 2.08, 2.47, 2.42, 2.42, 2.4, 2.78, 3.39, 3.29, 2.54, 2.56, 2.65], [7.25, 7.67, 6.73, 5.81, 5.77, 6.23, 6.17, 6.2, 6.68, 6.82, 6.1, 4.99, 4.89, 4.9, 3.63, 1.67, 1.77, 1.88, 2.05, 2.01, 1.86, 1.88, 1.63, 1.57, 1.35, 0.84, 0, 1.08, 2.03, 1.47, 1.18, 1.6, 2.55, 3.21, 2.88, 2.41, 2.4, 3.29, 2.92, 2.6, 1.86, 2.24, 2.55, 2.4, 2.2, 2.41, 2.84, 2.96, 3.09, 2.52, 1.34, 1.34, 1.41, 1.18, 1.41, 1.87, 1.82, 1.77, 1.7, 1.8, 1.85, 1.56, 1.12, 1.18, 1.1, 1.18, 1.32, 1.76, 2.09, 2.01, 2.98, 3.39, 2.63, 1.74, 1.7, 1.98, 2.39, 2.32, 2.56, 2.36, 2.56, 3.11, 2.93, 2.12, 2.22, 2.33], [8.07, 8.53, 7.59, 6.71, 6.65, 7.09, 7.05, 7.06, 7.5, 7.66, 7.0, 5.89, 5.79, 5.8, 4.53, 2.37, 2.11, 2.32, 2.39, 2.33, 2.2, 2.06, 1.95, 1.73, 1.73, 1.56, 1.08, 0, 1.19, 1.11, 1.7, 2.16, 3.47, 4.09, 3.68, 3.17, 3.3, 4.21, 3.92, 3.46, 2.58, 2.74, 2.97, 2.86, 2.84, 3.15, 3.72, 3.86, 3.93, 3.3, 1.96, 1.58, 1.59, 1.4, 1.31, 1.51, 1.5, 1.41, 1.24, 1.2, 1.31, 1.22, 1.2, 1.24, 0.98, 1.08, 1.12, 1.1, 1.53, 1.43, 2.2, 2.55, 1.77, 1.32, 1.86, 2.2, 2.51, 2.64, 2.88, 2.48, 2.34, 2.37, 2.29, 1.78, 2.26, 2.37], [9.04, 9.5, 8.52, 7.66, 7.6, 8.06, 8.011, 8.07, 8.49, 8.63, 7.95, 6.86, 6.72, 6.73, 5.44, 3.0, 2.32, 2.61, 2.6, 2.56, 2.43, 2.35, 2.34, 2.14, 2.44, 2.33, 2.03, 1.19, 0, 1.12, 2.17, 3.01, 4.34, 5.0, 4.67, 4.06, 4.31, 5.24, 4.77, 4.07, 3.21, 3.17, 3.4, 3.45, 3.59, 4.1, 4.69, 4.83, 4.88, 4.23, 2.79, 2.05, 1.88, 1.83, 1.48, 1.52, 1.47, 1.32, 1.13, 0.97, 1.18, 1.51, 1.91, 1.83, 1.41, 1.39, 1.65, 1.01, 1.18, 1.28, 1.73, 1.92, 1.22, 1.67, 2.71, 3.05, 3.04, 3.23, 3.63, 2.87, 2.49, 2.24, 2.44, 1.97, 2.29, 2.46], [8.42, 8.84, 7.86, 7.0, 6.94, 7.417, 7.414, 7.441, 7.87, 8.03, 7.37, 6.217, 6.063, 6.073, 4.76, 2.48, 1.84, 2.27, 2.28, 2.02, 1.95, 1.79, 1.74, 1.54, 2.08, 1.97, 1.47, 1.11, 1.12, 0, 1.57, 2.41, 3.72, 4.18, 3.85, 3.22, 3.49, 4.38, 4.03, 3.47, 2.57, 2.79, 3.08, 3.11, 2.99, 3.4, 4.047, 4.116, 4.134, 3.57, 2.43, 1.97, 1.88, 1.73, 1.54, 1.54, 1.37, 1.34, 1.17, 1.17, 1.32, 1.41, 1.53, 1.53, 1.17, 1.31, 1.17, 1.27, 1.6, 1.54, 2.37, 2.52, 1.86, 1.91, 2.43, 2.85, 3.12, 3.13, 3.33, 3.07, 2.87, 2.86, 2.86, 2.39, 2.59, 2.64], [7.41, 7.85, 6.87, 5.97, 5.93, 6.415, 6.355, 6.408, 6.88, 7.02, 6.3, 5.147, 4.993, 5.003, 3.69, 1.47, 1.19, 1.38, 1.43, 1.27, 1.12, 1.04, 0.85, 1.03, 1.43, 1.26, 1.18, 1.7, 2.17, 1.57, 0, 1.56, 2.59, 3.21, 2.88, 2.25, 2.48, 3.37, 2.86, 2.44, 1.96, 2.32, 2.61, 2.46, 2.26, 2.63, 3.0, 3.12, 3.29, 2.76, 1.86, 1.98, 2.05, 1.8, 2.07, 2.35, 2.14, 2.09, 1.96, 2.12, 2.15, 1.96, 1.62, 1.74, 1.66, 1.5, 1.4, 2.14, 2.53, 2.49, 3.34, 3.59, 2.87, 2.36, 2.34, 2.7, 3.09, 3.1, 3.16, 3.28, 3.56, 3.85, 3.73, 3.06, 2.96, 2.99], [6.45, 6.81, 5.81, 4.89, 4.883, 5.346, 5.357, 5.353, 5.813, 5.971, 5.268, 4.049, 3.91, 3.8, 2.61, 0.79, 1.31, 1.4, 1.55, 1.75, 1.34, 1.6, 1.59, 1.35, 0.89, 1.12, 1.6, 2.16, 3.01, 2.41, 1.56, 0, 1.61, 2.41, 2.14, 1.61, 1.6, 2.47, 2.22, 1.92, 1.62, 1.88, 2.27, 2.04, 1.78, 1.67, 2.18, 2.46, 2.63, 2.06, 1.64, 2.2, 2.39, 2.02, 2.33, 2.83, 2.76, 2.85, 2.68, 2.82, 2.85, 2.38, 2.08, 2.36, 2.24, 1.96, 1.82, 2.58, 3.01, 2.93, 3.84, 4.13, 3.41, 2.78, 2.46, 2.72, 3.11, 2.96, 2.8, 3.1, 3.48, 3.99, 3.91, 3.16, 3.18, 3.25], [5.08, 5.5, 4.52, 3.64, 3.6, 4.06, 4.08, 4.07, 4.51, 4.67, 4.01, 2.76, 2.6, 2.55, 1.36, 1.54, 2.54, 2.29, 2.28, 2.42, 2.41, 2.53, 2.46, 2.64, 2.2, 2.25, 2.55, 3.47, 4.34, 3.72, 2.59, 1.61, 0, 1.5, 1.67, 1.2, 1.05, 1.44, 1.53, 1.95, 2.27, 2.51, 2.94, 2.59, 2.13, 1.76, 1.89, 1.95, 1.98, 1.95, 2.31, 3.17, 3.42, 3.11, 3.56, 4.0, 3.89, 3.92, 3.89, 4.11, 4.2, 3.51, 3.01, 3.19, 3.37, 3.27, 3.27, 3.97, 4.3, 4.22, 5.25, 5.66, 4.9, 3.73, 3.49, 3.27, 3.66, 3.61, 3.65, 4.13, 4.61, 5.2, 4.98, 4.15, 4.01, 4.02], [4.6, 5.02, 4.06, 3.32, 3.24, 3.68, 3.7, 3.87, 4.15, 4.33, 3.71, 2.64, 2.64, 2.79, 2.06, 2.26, 3.18, 3.01, 3.02, 3.12, 3.03, 3.17, 3.08, 3.14, 2.92, 2.91, 3.21, 4.09, 5.0, 4.18, 3.21, 2.41, 1.5, 0, 0.91, 1.24, 1.31, 1.44, 2.13, 2.55, 2.75, 3.11, 3.46, 3.21, 2.81, 2.54, 2.63, 2.45, 2.64, 2.97, 3.15, 3.97, 4.22, 3.81, 4.08, 4.22, 4.19, 4.34, 4.33, 4.67, 4.66, 3.91, 3.41, 3.59, 3.87, 3.91, 3.81, 4.63, 4.92, 4.58, 5.77, 6.22, 5.48, 4.19, 3.77, 3.83, 4.32, 4.03, 4.15, 4.61, 5.01, 5.46, 5.22, 4.85, 4.71, 4.64], [5.03, 5.45, 4.47, 3.65, 3.71, 4.03, 4.01, 4.12, 4.5, 4.64, 3.96, 2.83, 2.93, 2.98, 2.41, 2.19, 2.85, 2.86, 2.83, 2.81, 2.74, 2.88, 2.75, 2.81, 2.57, 2.64, 2.88, 3.68, 4.67, 3.85, 2.88, 2.14, 1.67, 0.91, 0, 0.99, 1.32, 1.65, 2.16, 2.54, 2.54, 3.06, 3.37, 3.1, 2.86, 2.69, 2.74, 2.64, 2.87, 3.12, 3.0, 3.6, 3.89, 3.46, 3.75, 3.85, 3.86, 3.97, 4.02, 4.32, 4.31, 3.56, 3.12, 3.3, 3.54, 3.58, 3.42, 4.28, 4.59, 4.23, 5.4, 5.83, 5.13, 3.82, 3.5, 3.64, 4.17, 3.96, 3.98, 4.36, 4.76, 5.17, 4.85, 4.54, 4.42, 4.35], [5.52, 5.94, 4.96, 4.12, 4.06, 4.52, 4.5, 4.55, 4.99, 5.11, 4.43, 3.2, 3.04, 3.01, 1.98, 1.58, 2.22, 2.13, 2.14, 2.16, 2.13, 2.31, 2.1, 2.2, 2.14, 2.17, 2.41, 3.17, 4.06, 3.22, 2.25, 1.61, 1.2, 1.24, 0.99, 0, 0.73, 1.46, 1.61, 1.97, 1.99, 2.45, 2.82, 2.51, 2.25, 2.12, 2.17, 2.13, 2.38, 2.51, 2.37, 3.05, 3.38, 3.03, 3.26, 3.34, 3.29, 3.46, 3.45, 3.69, 3.72, 3.03, 2.61, 2.79, 3.09, 3.05, 2.79, 3.67, 4.0, 3.64, 4.79, 5.238, 4.52, 3.27, 3.01, 3.03, 3.54, 3.37, 3.43, 3.85, 4.25, 4.62, 4.34, 4.03, 3.87, 3.78], [5.29, 5.71, 4.75, 3.93, 3.89, 4.29, 4.27, 4.36, 4.78, 4.88, 4.2, 2.95, 2.77, 2.7, 1.71, 1.59, 2.49, 2.4, 2.37, 2.45, 2.34, 2.46, 2.37, 2.45, 2.17, 2.16, 2.4, 3.3, 4.31, 3.49, 2.48, 1.6, 1.05, 1.31, 1.32, 0.73, 0, 1.11, 1.34, 1.62, 1.72, 2.04, 2.41, 2.08, 1.84, 1.65, 1.86, 1.78, 1.89, 2.08, 2.08, 2.82, 3.11, 2.96, 3.39, 3.63, 3.48, 3.73, 3.7, 3.96, 3.95, 3.22, 2.72, 2.84, 3.16, 3.175, 3.12, 3.98, 4.23, 3.91, 5.12, 5.568, 4.83, 3.48, 2.96, 2.68, 3.19, 3.08, 3.12, 3.54, 4.16, 4.71, 4.45, 3.82, 3.48, 3.45], [4.56, 4.98, 4.04, 3.26, 3.22, 3.66, 3.62, 3.75, 4.15, 4.15, 3.47, 2.22, 2.14, 2.13, 1.54, 2.44, 3.38, 3.25, 3.26, 3.36, 3.29, 3.39, 3.26, 3.34, 3.04, 3.01, 3.29, 4.21, 5.24, 4.38, 3.37, 2.47, 1.44, 1.44, 1.65, 1.46, 1.11, 0, 1.31, 1.97, 2.33, 2.43, 2.76, 2.49, 2.13, 1.68, 1.57, 1.43, 1.68, 1.85, 2.57, 3.63, 3.88, 3.83, 4.2, 4.36, 4.25, 4.48, 4.55, 4.87, 4.84, 4.11, 3.55, 3.69, 4.007, 4.085, 3.97, 4.83, 5.08, 4.76, 5.95, 6.418, 5.68, 4.37, 3.59, 3.31, 3.62, 3.53, 3.41, 4.05, 4.77, 5.4, 5.16, 4.45, 4.01, 3.96], [5.05, 5.49, 4.49, 3.71, 3.67, 4.11, 4.07, 4.16, 4.58, 4.68, 3.98, 2.79, 2.57, 2.56, 1.57, 2.03, 3.03, 2.9, 2.89, 3.03, 2.88, 2.92, 2.73, 2.91, 2.75, 2.72, 2.92, 3.92, 4.77, 4.03, 2.86, 2.22, 1.53, 2.13, 2.16, 1.61, 1.34, 1.31, 0, 1.34, 1.78, 1.92, 2.09, 1.8, 1.58, 1.55, 1.56, 1.66, 1.83, 1.8, 2.22, 3.14, 3.35, 3.32, 4.05, 4.29, 4.0, 4.05, 4.24, 4.56, 4.57, 3.96, 3.4, 3.44, 3.58, 3.68, 3.86, 4.56, 4.85, 4.69, 5.86, 6.29, 5.51, 4.3, 3.56, 3.18, 3.37, 3.44, 3.44, 4.0, 4.74, 5.37, 5.21, 4.2, 3.42, 3.37], [6.15, 6.57, 5.61, 4.77, 4.73, 5.13, 5.13, 5.16, 5.6, 5.72, 5.04, 3.89, 3.71, 3.66, 2.45, 1.73, 2.33, 2.3, 2.61, 2.79, 2.56, 2.64, 2.43, 2.31, 2.21, 2.18, 2.6, 3.46, 4.07, 3.47, 2.44, 1.92, 1.95, 2.55, 2.54, 1.97, 1.62, 1.97, 1.34, 0, 1.12, 1.44, 1.45, 1.3, 1.14, 1.73, 2.22, 2.28, 2.25, 2.26, 2.1, 2.44, 2.57, 2.64, 3.45, 3.61, 3.36, 3.35, 3.7, 4.08, 4.05, 3.48, 2.98, 3.08, 3.04, 3.04, 3.36, 4.14, 4.41, 4.27, 5.46, 5.79, 4.97, 3.98, 3.3, 3.08, 3.25, 3.32, 3.24, 3.62, 4.38, 5.03, 5.01, 3.82, 2.86, 2.71], [6.59, 7.01, 6.05, 5.23, 5.17, 5.63, 5.61, 5.66, 6.1, 6.2, 5.5, 4.27, 4.13, 4.12, 2.97, 1.57, 1.67, 2.0, 2.35, 2.49, 2.18, 2.08, 1.91, 1.59, 1.59, 1.64, 1.86, 2.58, 3.21, 2.57, 1.96, 1.62, 2.27, 2.75, 2.54, 1.99, 1.72, 2.33, 1.78, 1.12, 0, 0.94, 1.09, 0.96, 0.9, 1.65, 2.34, 2.42, 2.37, 2.12, 1.48, 1.66, 1.85, 1.78, 2.55, 2.75, 2.5, 2.45, 2.8, 3.16, 3.13, 2.56, 2.1, 2.2, 2.16, 2.14, 2.48, 3.26, 3.49, 3.37, 4.58, 4.89, 4.07, 3.16, 2.48, 2.2, 2.43, 2.54, 2.44, 2.66, 3.36, 4.05, 4.09, 2.9, 2.24, 2.19], [6.55, 6.97, 6.01, 5.21, 5.17, 5.61, 5.57, 5.66, 6.08, 6.14, 5.44, 4.23, 4.05, 4.1, 3.01, 1.87, 2.03, 2.22, 2.73, 2.93, 2.6, 2.34, 2.37, 1.95, 1.77, 1.92, 2.24, 2.74, 3.17, 2.79, 2.32, 1.88, 2.51, 3.11, 3.06, 2.45, 2.04, 2.43, 1.92, 1.44, 0.94, 0, 0.73, 0.82, 1.06, 1.61, 2.28, 2.36, 2.33, 1.94, 1.38, 1.62, 1.75, 1.82, 2.67, 3.03, 2.74, 2.79, 3.02, 3.24, 3.21, 2.64, 2.36, 2.52, 2.42, 2.18, 2.64, 3.3, 3.49, 3.41, 4.56, 4.87, 4.05, 3.24, 2.7, 2.28, 2.21, 2.3, 2.12, 2.54, 3.22, 3.89, 3.97, 2.86, 2.06, 2.05], [6.74, 7.16, 6.2, 5.4, 5.36, 5.8, 5.76, 5.83, 6.25, 6.35, 5.65, 4.44, 4.3, 4.33, 3.28, 2.22, 2.34, 2.59, 3.08, 3.26, 2.95, 2.59, 2.5, 2.24, 2.14, 2.25, 2.55, 2.97, 3.4, 3.08, 2.61, 2.27, 2.94, 3.46, 3.37, 2.82, 2.41, 2.76, 2.09, 1.45, 1.09, 0.73, 0, 0.69, 1.13, 1.84, 2.49, 2.53, 2.54, 2.23, 1.73, 1.77, 1.82, 2.03, 2.86, 3.18, 2.95, 2.9, 3.23, 3.43, 3.36, 2.85, 2.57, 2.71, 2.61, 2.41, 2.99, 3.51, 3.7, 3.64, 4.83, 5.1, 4.28, 3.49, 2.95, 2.45, 2.46, 2.61, 2.43, 2.75, 3.43, 4.1, 4.24, 3.03, 2.01, 1.98], [6.47, 6.87, 5.89, 5.07, 5.03, 5.47, 5.47, 5.52, 5.96, 6.04, 5.36, 4.13, 3.97, 3.96, 2.91, 1.97, 2.23, 2.26, 2.69, 3.01, 2.64, 2.4, 2.31, 2.07, 1.99, 2.12, 2.4, 2.86, 3.45, 3.11, 2.46, 2.04, 2.59, 3.21, 3.1, 2.51, 2.08, 2.49, 1.8, 1.3, 0.96, 0.82, 0.69, 0, 0.86, 1.51, 2.18, 2.28, 2.23, 1.98, 1.58, 1.78, 1.91, 2.04, 2.95, 3.27, 3.0, 2.95, 3.22, 3.5, 3.45, 2.92, 2.44, 2.56, 2.56, 2.44, 2.84, 3.46, 3.77, 3.69, 4.78, 5.13, 4.31, 3.36, 2.74, 2.3, 2.47, 2.62, 2.54, 2.8, 3.56, 4.25, 4.19, 3.04, 2.1, 2.07], [6.23, 6.65, 5.67, 4.81, 4.77, 5.25, 5.23, 5.26, 5.7, 5.84, 5.16, 4.01, 3.83, 3.72, 2.61, 1.67, 2.17, 2.18, 2.55, 2.83, 2.46, 2.2, 2.13, 1.97, 1.99, 2.02, 2.2, 2.84, 3.59, 2.99, 2.26, 1.78, 2.13, 2.81, 2.86, 2.25, 1.84, 2.13, 1.58, 1.14, 0.9, 1.06, 1.13, 0.86, 0, 1.13, 1.94, 2.0, 1.91, 1.76, 1.42, 2.0, 2.19, 2.18, 2.91, 3.25, 3.0, 2.95, 3.18, 3.46, 3.43, 2.88, 2.4, 2.48, 2.46, 2.54, 2.84, 3.5, 3.77, 3.63, 4.78, 5.19, 4.37, 3.4, 2.8, 2.38, 2.41, 2.56, 2.5, 2.94, 3.76, 4.43, 4.33, 3.16, 2.36, 2.25], [5.32, 5.72, 4.74, 3.84, 3.8, 4.26, 4.26, 4.33, 4.75, 4.89, 4.25, 3.12, 2.94, 2.83, 1.9, 1.72, 2.52, 2.49, 2.66, 2.9, 2.57, 2.61, 2.58, 2.32, 2.04, 2.07, 2.41, 3.15, 4.1, 3.4, 2.63, 1.67, 1.76, 2.54, 2.69, 2.12, 1.65, 1.68, 1.55, 1.73, 1.65, 1.61, 1.84, 1.51, 1.13, 0, 1.07, 1.23, 1.1, 1.05, 1.55, 2.55, 2.82, 2.71, 3.26, 3.62, 3.51, 3.7, 3.63, 3.79, 3.82, 3.11, 2.65, 2.85, 3.07, 2.985, 2.99, 3.75, 4.02, 3.76, 4.85, 5.34, 4.58, 3.41, 2.65, 2.59, 2.78, 2.63, 2.51, 3.17, 3.99, 4.6, 4.34, 3.43, 2.91, 3.02], [4.59, 4.97, 3.99, 3.13, 3.07, 3.53, 3.53, 3.56, 4.0, 4.14, 3.48, 2.39, 2.23, 2.24, 1.73, 2.37, 3.17, 2.96, 2.87, 3.17, 3.02, 3.02, 2.95, 3.05, 2.47, 2.46, 2.84, 3.72, 4.69, 4.047, 3.0, 2.18, 1.89, 2.63, 2.74, 2.17, 1.86, 1.57, 1.56, 2.22, 2.34, 2.28, 2.49, 2.18, 1.94, 1.07, 0, 0.58, 1.07, 0.86, 1.98, 3.04, 3.31, 3.22, 3.89, 4.21, 4.16, 4.35, 4.32, 4.44, 4.45, 3.76, 3.28, 3.46, 3.74, 3.554, 3.4, 4.2, 4.53, 4.33, 5.34, 5.788, 5.07, 3.78, 3.0, 2.96, 3.23, 2.98, 2.94, 3.58, 4.38, 4.97, 4.65, 3.86, 3.46, 3.69], [4.47, 4.87, 3.89, 3.05, 3.01, 3.43, 3.43, 3.52, 3.94, 4.14, 3.38, 2.39, 2.11, 2.18, 1.75, 2.51, 3.29, 3.24, 3.19, 3.31, 3.14, 3.1, 3.03, 3.13, 2.77, 2.64, 2.96, 3.86, 4.83, 4.116, 3.12, 2.46, 1.95, 2.45, 2.64, 2.13, 1.78, 1.43, 1.66, 2.28, 2.42, 2.36, 2.53, 2.28, 2.0, 1.23, 0.58, 0, 1.01, 1.06, 2.2, 3.28, 3.53, 3.44, 4.01, 4.29, 4.22, 4.45, 4.38, 4.52, 4.55, 3.8, 3.32, 3.5, 3.8, 3.715, 3.66, 4.44, 4.67, 4.43, 5.54, 6.008, 5.27, 3.98, 3.26, 3.06, 3.37, 3.2, 3.16, 3.8, 4.62, 5.19, 4.85, 4.08, 3.64, 3.75], [4.42, 4.84, 3.88, 3.1, 3.08, 3.4, 3.4, 3.51, 3.93, 3.99, 3.35, 2.3, 2.08, 2.13, 1.6, 2.5, 3.3, 3.11, 3.14, 3.26, 3.17, 3.11, 3.12, 3.1, 2.84, 2.81, 3.09, 3.93, 4.88, 4.134, 3.29, 2.63, 1.98, 2.64, 2.87, 2.38, 1.89, 1.68, 1.83, 2.25, 2.37, 2.33, 2.54, 2.23, 1.91, 1.1, 1.07, 1.01, 0, 1.09, 2.35, 3.37, 3.56, 3.49, 4.14, 4.42, 4.25, 4.5, 4.41, 4.57, 4.62, 3.85, 3.39, 3.51, 3.83, 3.808, 3.87, 4.55, 4.8, 4.54, 5.67, 6.16, 5.4, 4.07, 3.27, 2.97, 3.32, 3.09, 3.19, 3.83, 4.63, 5.22, 4.94, 4.15, 3.61, 3.74], [5.03, 5.39, 4.41, 3.63, 3.57, 3.95, 3.97, 4.04, 4.46, 4.56, 3.9, 2.75, 2.59, 2.62, 1.85, 2.19, 2.95, 2.8, 2.89, 3.11, 2.86, 2.78, 2.77, 2.73, 2.21, 2.12, 2.52, 3.3, 4.23, 3.57, 2.76, 2.06, 1.95, 2.97, 3.12, 2.51, 2.08, 1.85, 1.8, 2.26, 2.12, 1.94, 2.23, 1.98, 1.76, 1.05, 0.86, 1.06, 1.09, 0, 1.58, 2.68, 2.87, 2.8, 3.49, 3.85, 3.72, 3.93, 3.9, 4.0, 4.07, 3.34, 2.82, 3.0, 3.28, 3.12, 3.16, 3.76, 4.05, 3.91, 4.9, 5.37, 4.65, 3.44, 2.66, 2.62, 2.83, 2.7, 2.52, 3.12, 3.84, 4.47, 4.21, 3.42, 3.12, 3.27], [6.43, 6.85, 5.87, 5.01, 4.93, 5.39, 5.35, 5.4, 5.86, 6.0, 5.26, 4.13, 4.03, 4.04, 2.85, 1.69, 2.07, 2.04, 2.47, 2.67, 2.4, 2.14, 2.19, 1.97, 1.55, 1.16, 1.34, 1.96, 2.79, 2.43, 1.86, 1.64, 2.31, 3.15, 3.0, 2.37, 2.08, 2.57, 2.22, 2.1, 1.48, 1.38, 1.73, 1.58, 1.42, 1.55, 1.98, 2.2, 2.35, 1.58, 0, 1.16, 1.43, 1.44, 2.11, 2.49, 2.34, 2.47, 2.48, 2.58, 2.67, 2.02, 1.46, 1.74, 1.82, 1.74, 1.94, 2.42, 2.75, 2.73, 3.68, 4.07, 3.31, 2.2, 1.76, 1.54, 1.71, 1.84, 1.8, 2.1, 2.8, 3.41, 3.23, 2.26, 2.04, 2.21], [7.51, 7.85, 6.89, 5.99, 5.93, 6.41, 6.37, 6.4, 6.86, 7.0, 6.28, 5.15, 5.07, 5.08, 3.87, 2.29, 2.09, 2.28, 2.73, 2.85, 2.74, 2.5, 2.45, 2.05, 1.73, 1.52, 1.34, 1.58, 2.05, 1.97, 1.98, 2.2, 3.17, 3.97, 3.6, 3.05, 2.82, 3.63, 3.14, 2.44, 1.66, 1.62, 1.77, 1.78, 2.0, 2.55, 3.04, 3.28, 3.37, 2.68, 1.16, 0, 0.55, 0.64, 1.53, 1.95, 1.76, 1.77, 2.02, 2.06, 2.15, 1.84, 1.4, 1.68, 1.4, 1.3, 1.7, 1.9, 2.35, 2.35, 3.32, 3.53, 2.77, 1.88, 1.7, 1.6, 1.81, 1.98, 2.22, 1.9, 2.26, 2.87, 2.87, 1.78, 1.3, 1.47], [7.66, 8.08, 7.1, 6.26, 6.2, 6.64, 6.62, 6.69, 7.09, 7.201, 6.521, 5.44, 5.34, 5.35, 4.08, 2.46, 2.22, 2.43, 2.82, 2.88, 2.79, 2.51, 2.48, 2.1, 1.84, 1.63, 1.41, 1.59, 1.88, 1.88, 2.05, 2.39, 3.42, 4.22, 3.89, 3.38, 3.11, 3.88, 3.35, 2.57, 1.85, 1.75, 1.82, 1.91, 2.19, 2.82, 3.31, 3.53, 3.56, 2.87, 1.43, 0.55, 0, 0.73, 1.5, 1.9, 1.75, 1.7, 1.99, 2.07, 2.04, 1.79, 1.47, 1.63, 1.37, 1.25, 1.81, 1.89, 2.26, 2.3, 3.27, 3.44, 2.64, 1.97, 1.91, 1.71, 1.94, 2.15, 2.33, 1.95, 2.25, 2.88, 2.92, 1.91, 1.27, 1.48], [7.61, 7.97, 7.01, 6.09, 6.07, 6.547, 6.487, 6.48, 6.92, 7.08, 6.391, 5.35, 5.27, 5.28, 4.01, 2.07, 1.83, 2.04, 2.41, 2.49, 2.42, 2.18, 2.15, 1.79, 1.51, 1.36, 1.18, 1.4, 1.83, 1.73, 1.8, 2.02, 3.11, 3.81, 3.46, 3.03, 2.96, 3.83, 3.32, 2.64, 1.78, 1.82, 2.03, 2.04, 2.18, 2.71, 3.22, 3.44, 3.49, 2.8, 1.44, 0.64, 0.73, 0, 1.47, 1.91, 1.78, 1.75, 1.92, 1.96, 1.99, 1.7, 1.26, 1.5, 1.22, 1.04, 1.46, 1.68, 2.19, 2.19, 3.14, 3.27, 2.51, 1.74, 1.64, 1.72, 1.99, 1.98, 2.22, 1.92, 2.22, 2.81, 2.77, 1.92, 1.64, 1.87], [8.28, 8.72, 7.74, 6.84, 6.8, 7.28, 7.242, 7.27, 7.73, 7.87, 7.17, 6.0, 5.854, 5.847, 4.54, 2.44, 2.22, 2.71, 3.08, 2.96, 2.77, 2.67, 2.54, 2.08, 2.02, 1.81, 1.41, 1.31, 1.48, 1.54, 2.07, 2.33, 3.56, 4.08, 3.75, 3.26, 3.39, 4.2, 4.05, 3.45, 2.55, 2.67, 2.86, 2.95, 2.91, 3.26, 3.89, 4.01, 4.14, 3.49, 2.11, 1.53, 1.5, 1.47, 0, 0.96, 1.09, 1.14, 1.15, 1.19, 1.16, 1.21, 1.31, 1.47, 0.97, 1.15, 1.57, 1.33, 1.46, 1.22, 2.25, 2.46, 1.74, 1.57, 2.21, 2.51, 2.46, 2.71, 2.877, 2.07, 1.71, 2.16, 2.48, 1.83, 1.79, 1.8], [8.6, 9.04, 8.06, 7.2, 7.14, 7.6, 7.542, 7.59, 8.05, 8.19, 7.47, 6.32, 6.174, 6.17, 4.94, 2.9, 2.62, 3.05, 3.22, 3.1, 2.91, 2.83, 2.72, 2.3, 2.5, 2.37, 1.87, 1.51, 1.52, 1.54, 2.35, 2.83, 4.0, 4.22, 3.85, 3.34, 3.63, 4.36, 4.29, 3.61, 2.75, 3.03, 3.18, 3.27, 3.25, 3.62, 4.21, 4.29, 4.42, 3.85, 2.49, 1.95, 1.9, 1.91, 0.96, 0, 0.49, 0.78, 0.91, 1.11, 1.16, 1.31, 1.45, 1.53, 1.15, 1.57, 1.69, 1.37, 1.24, 1.24, 2.15, 2.34, 1.7, 1.47, 2.31, 2.77, 2.74, 2.99, 3.27, 2.49, 1.99, 2.08, 2.3, 2.05, 1.95, 1.8], [8.51, 8.95, 7.99, 7.15, 7.09, 7.55, 7.49, 7.58, 8.0, 8.12, 7.4, 6.25, 6.087, 6.12, 4.83, 2.75, 2.47, 2.86, 2.99, 2.87, 2.74, 2.6, 2.51, 2.07, 2.41, 2.3, 1.82, 1.5, 1.47, 1.37, 2.14, 2.76, 3.89, 4.19, 3.86, 3.29, 3.48, 4.25, 4.0, 3.36, 2.5, 2.74, 2.95, 3.0, 3.0, 3.51, 4.16, 4.22, 4.25, 3.72, 2.34, 1.76, 1.75, 1.78, 1.09, 0.49, 0, 0.63, 0.9, 1.14, 1.23, 1.32, 1.38, 1.38, 1.04, 1.42, 1.64, 1.36, 1.35, 1.43, 2.28, 2.57, 1.89, 1.48, 2.2, 2.5, 2.57, 2.86, 3.2, 2.48, 2.1, 2.29, 2.43, 2.02, 1.9, 1.79], [8.74, 9.18, 8.22, 7.36, 7.3, 7.78, 7.72, 7.77, 8.23, 8.35, 7.65, 6.48, 6.337, 6.35, 5.06, 2.78, 2.4, 2.81, 3.04, 2.92, 2.75, 2.51, 2.4, 2.08, 2.42, 2.27, 1.77, 1.41, 1.32, 1.34, 2.09, 2.85, 3.92, 4.34, 3.97, 3.46, 3.73, 4.48, 4.05, 3.35, 2.45, 2.79, 2.9, 2.95, 2.95, 3.7, 4.35, 4.45, 4.5, 3.93, 2.47, 1.77, 1.7, 1.75, 1.14, 0.78, 0.63, 0, 0.79, 1.19, 1.32, 1.51, 1.43, 1.35, 0.97, 1.39, 1.75, 1.45, 1.5, 1.52, 2.35, 2.58, 1.86, 1.63, 2.41, 2.73, 2.78, 3.13, 3.41, 2.71, 2.25, 2.34, 2.52, 1.93, 1.89, 1.86], [8.71, 9.15, 8.19, 7.29, 7.25, 7.69, 7.65, 7.68, 8.16, 8.3, 7.6, 6.41, 6.27, 6.26, 4.99, 2.69, 2.27, 2.66, 2.87, 2.75, 2.5, 2.44, 2.27, 2.03, 2.41, 2.24, 1.7, 1.24, 1.13, 1.17, 1.96, 2.68, 3.89, 4.33, 4.02, 3.45, 3.7, 4.55, 4.24, 3.7, 2.8, 3.02, 3.23, 3.22, 3.18, 3.63, 4.32, 4.38, 4.41, 3.9, 2.48, 2.02, 1.99, 1.92, 1.15, 0.91, 0.9, 0.79, 0, 0.84, 1.15, 1.34, 1.38, 1.3, 0.92, 1.4, 1.64, 1.12, 1.13, 1.29, 1.9, 2.15, 1.49, 1.46, 2.34, 2.72, 2.71, 2.98, 3.32, 2.66, 2.18, 2.21, 2.21, 1.84, 2.06, 2.05], [8.85, 9.29, 8.31, 7.43, 7.37, 7.83, 7.79, 7.82, 8.3, 8.44, 7.7, 6.61, 6.47, 6.48, 5.13, 2.83, 2.33, 2.58, 2.65, 2.47, 2.42, 2.42, 2.35, 2.17, 2.39, 2.26, 1.8, 1.2, 0.97, 1.17, 2.12, 2.82, 4.11, 4.67, 4.32, 3.69, 3.96, 4.87, 4.56, 4.08, 3.16, 3.24, 3.43, 3.5, 3.46, 3.79, 4.44, 4.52, 4.57, 4.0, 2.58, 2.06, 2.07, 1.96, 1.19, 1.11, 1.14, 1.19, 0.84, 0, 0.71, 1.16, 1.5, 1.48, 1.2, 1.34, 1.5, 0.92, 0.97, 0.95, 1.56, 1.79, 1.37, 1.38, 2.44, 2.82, 2.69, 3.08, 3.38, 2.58, 2.18, 2.13, 2.37, 1.94, 2.3, 2.29], [8.8, 9.24, 8.28, 7.4, 7.34, 7.82, 7.774, 7.81, 8.27, 8.41, 7.71, 6.6, 6.463, 6.49, 5.24, 3.04, 2.54, 2.75, 2.84, 2.66, 2.65, 2.53, 2.44, 2.16, 2.4, 2.31, 1.85, 1.31, 1.18, 1.32, 2.15, 2.85, 4.2, 4.66, 4.31, 3.72, 3.95, 4.84, 4.57, 4.05, 3.13, 3.21, 3.36, 3.45, 3.43, 3.82, 4.45, 4.55, 4.62, 4.07, 2.67, 2.15, 2.04, 1.99, 1.16, 1.16, 1.23, 1.32, 1.15, 0.71, 0, 1.01, 1.51, 1.53, 1.27, 1.41, 1.51, 1.15, 1.02, 0.76, 1.71, 1.84, 1.38, 1.61, 2.45, 2.85, 2.72, 3.07, 3.31, 2.37, 2.13, 2.04, 2.4, 2.11, 2.27, 2.28], [8.05, 8.53, 7.57, 6.71, 6.65, 7.09, 7.05, 7.1, 7.52, 7.66, 7.0, 5.89, 5.75, 5.76, 4.51, 2.51, 2.25, 2.58, 2.65, 2.57, 2.4, 2.24, 2.23, 1.89, 1.83, 1.76, 1.56, 1.22, 1.51, 1.41, 1.96, 2.38, 3.51, 3.91, 3.56, 3.03, 3.22, 4.11, 3.96, 3.48, 2.56, 2.64, 2.85, 2.92, 2.88, 3.11, 3.76, 3.8, 3.85, 3.34, 2.02, 1.84, 1.79, 1.7, 1.21, 1.31, 1.32, 1.51, 1.34, 1.16, 1.01, 0, 0.88, 1.14, 1.06, 1.16, 1.42, 1.36, 1.37, 1.21, 2.18, 2.61, 1.93, 1.4, 1.84, 2.16, 2.19, 2.36, 2.54, 2.12, 2.24, 2.23, 2.27, 1.98, 2.22, 2.23], [7.55, 8.01, 7.03, 6.17, 6.11, 6.61, 6.55, 6.62, 7.04, 7.16, 6.48, 5.407, 5.27, 5.28, 4.01, 2.09, 2.03, 2.26, 2.51, 2.43, 2.16, 2.04, 2.03, 1.73, 1.65, 1.4, 1.12, 1.2, 1.91, 1.53, 1.62, 2.08, 3.01, 3.41, 3.12, 2.61, 2.72, 3.55, 3.4, 2.98, 2.1, 2.36, 2.57, 2.44, 2.4, 2.65, 3.28, 3.32, 3.39, 2.82, 1.46, 1.4, 1.47, 1.26, 1.31, 1.45, 1.38, 1.43, 1.38, 1.5, 1.51, 0.88, 0, 0.6, 0.76, 1.1, 1.4, 1.58, 1.89, 1.71, 2.66, 3.01, 2.35, 1.28, 1.46, 1.84, 2.11, 2.14, 2.36, 2.0, 2.24, 2.53, 2.35, 1.86, 2.12, 2.15], [7.75, 8.19, 7.21, 6.35, 6.29, 6.79, 6.73, 6.8, 7.24, 7.36, 6.66, 5.587, 5.45, 5.46, 4.19, 2.33, 2.27, 2.46, 2.59, 2.49, 2.26, 2.06, 2.03, 1.91, 1.93, 1.7, 1.18, 1.24, 1.83, 1.53, 1.74, 2.36, 3.19, 3.59, 3.3, 2.79, 2.84, 3.69, 3.44, 3.08, 2.2, 2.52, 2.71, 2.56, 2.48, 2.85, 3.46, 3.5, 3.51, 3.0, 1.74, 1.68, 1.63, 1.5, 1.47, 1.53, 1.38, 1.35, 1.3, 1.48, 1.53, 1.14, 0.6, 0, 0.74, 1.12, 1.66, 1.6, 1.89, 1.73, 2.66, 3.03, 2.41, 1.24, 1.7, 2.06, 2.29, 2.38, 2.76, 2.32, 2.32, 2.57, 2.35, 1.86, 2.18, 2.11], [8.09, 8.53, 7.55, 6.65, 6.61, 7.087, 7.044, 7.071, 7.56, 7.7, 6.98, 5.867, 5.733, 5.743, 4.43, 2.21, 2.05, 2.4, 2.65, 2.55, 2.32, 2.14, 2.03, 1.77, 1.85, 1.6, 1.1, 0.98, 1.41, 1.17, 1.66, 2.24, 3.37, 3.87, 3.54, 3.09, 3.16, 4.007, 3.58, 3.04, 2.16, 2.42, 2.61, 2.56, 2.46, 3.07, 3.74, 3.8, 3.83, 3.28, 1.82, 1.4, 1.37, 1.22, 0.97, 1.15, 1.04, 0.97, 0.92, 1.2, 1.27, 1.06, 0.76, 0.74, 0, 0.92, 1.38, 1.34, 1.63, 1.53, 2.46, 2.77, 2.03, 1.42, 1.84, 2.2, 2.31, 2.52, 2.84, 2.28, 2.16, 2.51, 2.39, 1.72, 1.9, 1.93], [7.91, 8.35, 7.37, 6.47, 6.447, 6.91, 6.867, 6.894, 7.374, 7.517, 6.777, 5.69, 5.556, 5.566, 4.29, 2.15, 1.73, 2.02, 2.39, 2.35, 2.18, 2.0, 1.91, 1.53, 1.49, 1.44, 1.18, 1.08, 1.39, 1.31, 1.5, 1.96, 3.27, 3.91, 3.58, 3.05, 3.175, 4.085, 3.68, 3.04, 2.14, 2.18, 2.41, 2.44, 2.54, 2.985, 3.554, 3.715, 3.808, 3.12, 1.74, 1.3, 1.25, 1.04, 1.15, 1.57, 1.42, 1.39, 1.4, 1.34, 1.41, 1.16, 1.1, 1.12, 0.92, 0, 1.12, 1.4, 1.69, 1.71, 2.58, 2.77, 2.03, 1.42, 1.92, 2.22, 2.39, 2.54, 2.66, 2.26, 2.26, 2.61, 2.63, 1.8, 1.96, 2.09], [7.75, 8.07, 7.11, 6.17, 6.17, 6.653, 6.59, 6.629, 7.085, 7.225, 6.491, 5.396, 5.319, 5.329, 4.25, 2.05, 1.57, 1.68, 1.89, 1.89, 1.8, 1.72, 1.67, 1.47, 1.47, 1.54, 1.32, 1.12, 1.65, 1.17, 1.4, 1.82, 3.27, 3.81, 3.42, 2.79, 3.12, 3.97, 3.86, 3.36, 2.48, 2.64, 2.99, 2.84, 2.84, 2.99, 3.4, 3.66, 3.87, 3.16, 1.94, 1.7, 1.81, 1.46, 1.57, 1.69, 1.64, 1.75, 1.64, 1.5, 1.51, 1.42, 1.4, 1.66, 1.38, 1.12, 0, 1.2, 1.73, 1.63, 2.5, 2.55, 1.95, 1.64, 1.88, 2.5, 2.85, 2.84, 2.62, 2.6, 2.74, 2.77, 2.71, 2.3, 2.66, 2.89], [8.53, 8.89, 7.93, 7.03, 6.99, 7.47, 7.447, 7.44, 7.84, 8.02, 7.38, 6.27, 6.19, 6.2, 4.99, 2.77, 2.37, 2.48, 2.43, 2.37, 2.38, 2.34, 2.33, 2.13, 2.23, 2.1, 1.76, 1.1, 1.01, 1.27, 2.14, 2.58, 3.97, 4.63, 4.28, 3.67, 3.98, 4.83, 4.56, 4.14, 3.26, 3.3, 3.51, 3.46, 3.5, 3.75, 4.2, 4.44, 4.55, 3.76, 2.42, 1.9, 1.89, 1.68, 1.33, 1.37, 1.36, 1.45, 1.12, 0.92, 1.15, 1.36, 1.58, 1.6, 1.34, 1.4, 1.2, 0, 0.99, 1.19, 1.74, 1.87, 1.23, 1.16, 2.1, 2.62, 2.67, 2.94, 3.08, 2.52, 2.18, 2.11, 2.07, 2.02, 2.3, 2.49], [8.92, 9.36, 8.4, 7.54, 7.48, 7.9, 7.84, 7.91, 8.37, 8.51, 7.81, 6.7, 6.52, 6.55, 5.36, 3.16, 2.78, 3.01, 3.06, 2.9, 2.89, 2.83, 2.76, 2.58, 2.68, 2.43, 2.09, 1.53, 1.18, 1.6, 2.53, 3.01, 4.3, 4.92, 4.59, 4.0, 4.23, 5.08, 4.85, 4.41, 3.49, 3.49, 3.7, 3.77, 3.77, 4.02, 4.53, 4.67, 4.8, 4.05, 2.75, 2.35, 2.26, 2.19, 1.46, 1.24, 1.35, 1.5, 1.13, 0.97, 1.02, 1.37, 1.89, 1.89, 1.63, 1.69, 1.73, 0.99, 0, 0.92, 1.29, 1.5, 1.2, 1.65, 2.63, 3.09, 2.94, 3.21, 3.51, 2.71, 2.13, 1.9, 2.02, 2.15, 2.31, 2.26], [8.68, 9.12, 8.16, 7.28, 7.22, 7.66, 7.6, 7.65, 8.13, 8.27, 7.55, 6.44, 6.28, 6.29, 5.14, 3.02, 2.76, 3.01, 3.1, 2.88, 2.83, 2.79, 2.74, 2.48, 2.66, 2.39, 2.01, 1.43, 1.28, 1.54, 2.49, 2.93, 4.22, 4.58, 4.23, 3.64, 3.91, 4.76, 4.69, 4.27, 3.37, 3.41, 3.64, 3.69, 3.63, 3.76, 4.33, 4.43, 4.54, 3.91, 2.73, 2.35, 2.3, 2.19, 1.22, 1.24, 1.43, 1.52, 1.29, 0.95, 0.76, 1.21, 1.71, 1.73, 1.53, 1.71, 1.63, 1.19, 0.92, 0, 1.55, 1.82, 1.4, 1.53, 2.39, 3.01, 2.86, 3.09, 3.33, 2.53, 2.19, 1.94, 2.18, 2.19, 2.47, 2.44], [9.57, 10.01, 9.07, 8.15, 8.11, 8.57, 8.51, 8.56, 9.0, 9.14, 8.44, 7.37, 7.29, 7.28, 6.19, 4.01, 3.55, 3.58, 3.59, 3.49, 3.48, 3.56, 3.53, 3.27, 3.47, 3.3, 2.98, 2.2, 1.73, 2.37, 3.34, 3.84, 5.25, 5.77, 5.4, 4.79, 5.12, 5.95, 5.86, 5.46, 4.58, 4.56, 4.83, 4.78, 4.78, 4.85, 5.34, 5.54, 5.67, 4.9, 3.68, 3.32, 3.27, 3.14, 2.25, 2.15, 2.28, 2.35, 1.9, 1.56, 1.71, 2.18, 2.66, 2.66, 2.46, 2.58, 2.5, 1.74, 1.29, 1.55, 0, 1.05, 1.17, 2.1, 3.2, 3.78, 3.69, 3.84, 4.18, 3.36, 2.54, 2.01, 2.09, 2.62, 3.4, 3.39], [9.94, 10.32, 9.38, 8.38, 8.36, 8.803, 8.723, 8.776, 9.233, 9.367, 8.647, 7.649, 7.635, 7.579, 6.62, 4.36, 3.62, 3.75, 3.74, 3.6, 3.69, 3.79, 3.78, 3.56, 3.76, 3.69, 3.39, 2.55, 1.92, 2.52, 3.59, 4.13, 5.66, 6.22, 5.83, 5.238, 5.568, 6.418, 6.29, 5.79, 4.89, 4.87, 5.1, 5.13, 5.19, 5.34, 5.788, 6.008, 6.16, 5.37, 4.07, 3.53, 3.44, 3.27, 2.46, 2.34, 2.57, 2.58, 2.15, 1.79, 1.84, 2.61, 3.01, 3.03, 2.77, 2.77, 2.55, 1.87, 1.5, 1.82, 1.05, 0, 1.12, 2.55, 3.63, 4.21, 4.12, 4.39, 4.31, 3.43, 2.61, 2.02, 2.2, 2.75, 3.59, 3.62], [9.38, 9.78, 8.82, 7.92, 7.88, 8.36, 8.297, 8.324, 8.764, 8.924, 8.224, 7.16, 7.063, 7.073, 5.88, 3.6, 2.96, 3.15, 3.12, 3.02, 3.05, 3.09, 3.08, 2.76, 2.92, 2.89, 2.63, 1.77, 1.22, 1.86, 2.87, 3.41, 4.9, 5.48, 5.13, 4.52, 4.83, 5.68, 5.51, 4.97, 4.07, 4.05, 4.28, 4.31, 4.37, 4.58, 5.07, 5.27, 5.4, 4.65, 3.31, 2.77, 2.64, 2.51, 1.74, 1.7, 1.89, 1.86, 1.49, 1.37, 1.38, 1.93, 2.35, 2.41, 2.03, 2.03, 1.95, 1.23, 1.2, 1.4, 1.17, 1.12, 0, 1.81, 2.83, 3.41, 3.46, 3.63, 3.77, 3.03, 2.37, 1.94, 2.08, 2.25, 2.91, 3.04], [8.03, 8.39, 7.45, 6.57, 6.53, 6.97, 6.89, 6.94, 7.34, 7.46, 6.774, 5.79, 5.696, 5.74, 4.65, 2.93, 2.85, 2.8, 2.89, 2.93, 2.82, 2.6, 2.67, 2.45, 2.19, 2.2, 1.74, 1.32, 1.67, 1.91, 2.36, 2.78, 3.73, 4.19, 3.82, 3.27, 3.48, 4.37, 4.3, 3.98, 3.16, 3.24, 3.49, 3.36, 3.4, 3.41, 3.78, 3.98, 4.07, 3.44, 2.2, 1.88, 1.97, 1.74, 1.57, 1.47, 1.48, 1.63, 1.46, 1.38, 1.61, 1.4, 1.28, 1.24, 1.42, 1.42, 1.64, 1.16, 1.65, 1.53, 2.1, 2.55, 1.81, 0, 1.36, 1.78, 2.05, 2.16, 2.64, 2.18, 1.82, 1.81, 1.83, 1.68, 2.26, 2.47], [7.11, 7.41, 6.51, 5.69, 5.65, 6.13, 6.03, 6.14, 6.48, 6.46, 5.8, 4.83, 4.77, 4.88, 4.09, 2.69, 2.77, 2.78, 2.85, 3.01, 2.76, 2.74, 2.67, 2.39, 2.05, 1.8, 1.7, 1.86, 2.71, 2.43, 2.34, 2.46, 3.49, 3.77, 3.5, 3.01, 2.96, 3.59, 3.56, 3.3, 2.48, 2.7, 2.95, 2.74, 2.8, 2.65, 3.0, 3.26, 3.27, 2.66, 1.76, 1.7, 1.91, 1.64, 2.21, 2.31, 2.2, 2.41, 2.34, 2.44, 2.45, 1.84, 1.46, 1.7, 1.84, 1.92, 1.88, 2.1, 2.63, 2.39, 3.2, 3.63, 2.83, 1.36, 0, 1.26, 1.65, 1.5, 1.8, 1.62, 1.92, 2.45, 2.43, 1.88, 2.12, 2.35], [7.03, 7.37, 6.49, 5.67, 5.63, 6.03, 5.93, 6.04, 6.42, 6.36, 5.72, 4.73, 4.67, 4.76, 3.91, 2.85, 3.07, 3.0, 3.07, 3.33, 3.22, 2.86, 2.97, 2.73, 2.23, 2.08, 1.98, 2.2, 3.05, 2.85, 2.7, 2.72, 3.27, 3.83, 3.64, 3.03, 2.68, 3.31, 3.18, 3.08, 2.2, 2.28, 2.45, 2.3, 2.38, 2.59, 2.96, 3.06, 2.97, 2.62, 1.54, 1.6, 1.71, 1.72, 2.51, 2.77, 2.5, 2.73, 2.72, 2.82, 2.85, 2.16, 1.84, 2.06, 2.2, 2.22, 2.5, 2.62, 3.09, 3.01, 3.78, 4.21, 3.41, 1.78, 1.26, 0, 0.79, 0.88, 1.36, 1.62, 2.12, 3.03, 3.01, 2.1, 1.92, 2.17], [7.36, 7.7, 6.82, 5.98, 5.96, 6.38, 6.24, 6.39, 6.77, 6.71, 6.07, 5.1, 4.98, 5.09, 4.24, 3.16, 3.34, 3.35, 3.52, 3.82, 3.59, 3.31, 3.44, 3.12, 2.66, 2.47, 2.39, 2.51, 3.04, 3.12, 3.09, 3.11, 3.66, 4.32, 4.17, 3.54, 3.19, 3.62, 3.37, 3.25, 2.43, 2.21, 2.46, 2.47, 2.41, 2.78, 3.23, 3.37, 3.32, 2.83, 1.71, 1.81, 1.94, 1.99, 2.46, 2.74, 2.57, 2.78, 2.71, 2.69, 2.72, 2.19, 2.11, 2.29, 2.31, 2.39, 2.85, 2.67, 2.94, 2.86, 3.69, 4.12, 3.46, 2.05, 1.65, 0.79, 0, 0.77, 1.35, 1.39, 1.99, 2.88, 3.12, 2.07, 1.73, 1.96], [7.07, 7.39, 6.55, 5.73, 5.69, 6.11, 5.97, 6.14, 6.5, 6.4, 5.78, 4.87, 4.77, 4.88, 4.15, 3.03, 3.39, 3.26, 3.41, 3.77, 3.52, 3.28, 3.43, 3.19, 2.57, 2.42, 2.32, 2.64, 3.23, 3.13, 3.1, 2.96, 3.61, 4.03, 3.96, 3.37, 3.08, 3.53, 3.44, 3.32, 2.54, 2.3, 2.61, 2.62, 2.56, 2.63, 2.98, 3.2, 3.09, 2.7, 1.84, 1.98, 2.15, 1.98, 2.71, 2.99, 2.86, 3.13, 2.98, 3.08, 3.07, 2.36, 2.14, 2.38, 2.52, 2.54, 2.84, 2.94, 3.21, 3.09, 3.84, 4.39, 3.63, 2.16, 1.5, 0.88, 0.77, 0, 1.16, 1.54, 2.18, 3.07, 3.15, 2.32, 2.14, 2.43], [6.87, 7.05, 6.21, 5.27, 5.27, 5.63, 5.49, 5.7, 6.04, 5.92, 5.32, 4.43, 4.49, 4.52, 4.09, 3.05, 3.21, 3.2