[[0, 1.67, 2.65, 3.29, 4.8, 6.79, 7.66, 7.0, 6.84, 7.73, 7.98, 8.07, 7.34, 6.87, 6.79, 6.33, 6.22, 6.62, 7.17, 6.8, 7.18, 7.01, 6.42, 5.81, 5.75, 5.82, 5.25, 5.1, 4.86, 4.73, 4.84, 4.7, 4.91, 3.9, 2.27, 2.49, 3.27, 4.08, 3.72, 3.03, 2.77, 2.66, 2.47, 2.54, 2.87, 2.83, 2.87, 2.62, 2.37, 1.87, 1.74, 1.84, 1.62, 2.03, 2.09, 1.95, 2.55, 3.46, 4.03, 2.89, 2.62, 2.38, 2.51, 2.92, 3.24, 3.42, 3.57, 3.6, 3.32, 2.82, 3.59, 4.51, 5.29, 5.27, 7.47, 11.87, 14.059, 15.532, 16.228, 15.951, 15.938, 15.985, 15.597, 15.091, 15.091, 15.031], [1.67, 0, 1.32, 2.48, 4.07, 5.96, 6.85, 6.09, 5.99, 7.06, 7.57, 7.74, 7.05, 6.58, 6.52, 6.02, 5.85, 6.19, 6.56, 6.25, 6.61, 6.44, 5.85, 5.34, 5.12, 5.11, 4.34, 4.23, 3.95, 3.78, 3.97, 3.85, 4.18, 4.03, 2.62, 2.18, 2.98, 3.35, 2.83, 2.44, 2.38, 1.97, 1.56, 1.67, 2.02, 1.94, 1.9, 1.77, 1.52, 1.2, 1.15, 1.43, 1.25, 1.36, 2.28, 2.18, 1.5, 2.23, 2.56, 1.54, 1.41, 1.15, 1.12, 1.69, 2.07, 2.23, 2.96, 3.59, 2.63, 1.81, 3.4, 4.42, 4.9, 5.02, 6.72, 11.18, 13.103, 14.576, 15.272, 14.995, 14.982, 15.032, 14.645, 14.135, 14.135, 14.075], [2.65, 1.32, 0, 1.64, 3.11, 5.06, 5.95, 5.25, 5.03, 6.02, 6.53, 6.72, 6.05, 5.56, 5.5, 5.02, 4.85, 5.17, 5.54, 5.27, 5.61, 5.44, 4.85, 4.34, 4.14, 4.15, 3.66, 3.51, 3.19, 3.02, 3.01, 2.91, 3.36, 3.49, 2.58, 1.78, 2.24, 2.37, 2.19, 2.12, 1.86, 1.55, 1.36, 1.27, 1.6, 1.48, 1.4, 1.47, 1.46, 1.3, 1.27, 1.23, 1.51, 2.22, 3.22, 3.12, 1.6, 1.67, 1.94, 1.6, 2.09, 1.63, 1.7, 2.21, 2.71, 2.97, 4.04, 4.65, 3.69, 1.65, 2.9, 3.64, 4.08, 4.18, 5.78, 10.2, 12.214, 13.687, 14.383, 14.106, 14.093, 14.143, 13.756, 13.246, 13.246, 13.186], [3.29, 2.48, 1.64, 0, 1.79, 3.76, 4.67, 3.89, 3.77, 4.9, 5.27, 5.54, 4.83, 4.24, 4.16, 3.68, 3.59, 3.99, 4.42, 4.05, 4.35, 4.18, 3.63, 3.14, 3.12, 3.01, 2.8, 2.63, 2.37, 2.04, 1.97, 1.91, 2.5, 2.63, 1.84, 1.38, 1.56, 1.43, 2.17, 2.32, 2.0, 1.81, 1.62, 1.51, 1.64, 1.64, 1.58, 1.63, 1.68, 1.98, 2.25, 1.89, 2.17, 3.4, 4.42, 4.32, 2.84, 2.27, 2.24, 2.62, 3.05, 2.75, 2.68, 3.35, 3.87, 4.11, 5.2, 5.77, 4.85, 2.45, 1.78, 2.5, 2.96, 3.04, 4.56, 8.9, 10.93, 12.371, 13.066, 12.789, 12.776, 12.826, 12.439, 11.929, 11.929, 11.869], [4.8, 4.07, 3.11, 1.79, 0, 2.29, 3.12, 2.46, 2.44, 3.33, 3.68, 3.99, 3.2, 2.63, 2.59, 2.15, 2.04, 2.44, 2.91, 2.62, 2.96, 2.99, 2.2, 2.07, 2.09, 2.14, 2.19, 2.06, 1.94, 1.59, 1.4, 1.58, 2.11, 2.52, 3.09, 2.75, 2.25, 1.88, 3.02, 3.21, 2.91, 2.86, 2.89, 2.84, 2.79, 3.01, 2.85, 2.96, 3.17, 3.55, 3.68, 3.36, 3.74, 4.93, 5.91, 5.81, 4.23, 3.18, 3.37, 4.11, 4.64, 4.24, 4.19, 4.86, 5.36, 5.6, 6.69, 7.26, 6.34, 3.9, 1.77, 1.53, 1.93, 1.89, 2.95, 7.41, 9.36, 10.826, 11.522, 11.245, 11.232, 11.302, 10.915, 10.385, 10.412, 10.352], [6.79, 5.96, 5.06, 3.76, 2.29, 0, 1.51, 1.17, 1.41, 1.86, 2.17, 2.64, 2.03, 1.56, 1.4, 1.34, 1.25, 1.49, 1.74, 1.81, 1.71, 1.84, 1.45, 1.86, 1.98, 1.77, 2.06, 2.23, 2.37, 2.52, 2.45, 2.59, 2.56, 3.63, 5.0, 4.86, 4.24, 2.97, 3.73, 4.22, 4.48, 4.61, 4.74, 4.73, 4.66, 4.9, 4.76, 4.75, 4.96, 5.42, 5.65, 5.25, 5.63, 6.92, 7.98, 7.86, 6.34, 5.27, 5.38, 6.18, 6.75, 6.35, 6.22, 6.85, 7.39, 7.65, 8.74, 9.37, 8.37, 5.97, 3.72, 2.58, 1.92, 2.04, 1.4, 5.4, 7.47, 8.848, 9.523, 9.246, 9.233, 9.275, 8.887, 8.386, 8.386, 8.326], [7.66, 6.85, 5.95, 4.67, 3.12, 1.51, 0, 0.84, 1.24, 1.21, 1.38, 1.97, 1.54, 1.51, 1.41, 1.81, 2.02, 1.86, 1.89, 1.74, 1.48, 1.53, 1.68, 2.11, 2.17, 2.1, 2.91, 3.12, 3.24, 3.49, 3.38, 3.56, 3.43, 4.44, 5.89, 5.73, 5.07, 3.92, 4.36, 4.93, 5.35, 5.46, 5.65, 5.58, 5.59, 5.85, 5.73, 5.74, 5.97, 6.41, 6.6, 6.22, 6.58, 7.85, 8.91, 8.79, 7.21, 6.1, 6.33, 7.11, 7.62, 7.14, 7.07, 7.78, 8.32, 8.58, 9.67, 10.26, 9.24, 6.74, 4.61, 3.47, 2.75, 2.85, 1.27, 4.57, 6.56, 7.93, 8.591, 8.333, 8.321, 8.351, 7.963, 7.453, 7.473, 7.413], [7.0, 6.09, 5.25, 3.89, 2.46, 1.17, 0.84, 0, 0.88, 1.49, 1.76, 2.17, 1.64, 1.35, 1.27, 1.49, 1.72, 1.84, 1.91, 1.44, 1.38, 1.47, 1.4, 1.67, 1.73, 1.66, 2.21, 2.36, 2.52, 2.71, 2.62, 2.82, 2.69, 3.82, 5.21, 5.03, 4.39, 3.16, 3.76, 4.31, 4.65, 4.74, 4.87, 4.82, 4.79, 5.05, 4.91, 4.98, 5.23, 5.71, 5.9, 5.54, 5.94, 7.19, 8.25, 8.13, 6.53, 5.38, 5.55, 6.33, 6.88, 6.44, 6.33, 7.02, 7.54, 7.8, 8.89, 9.48, 8.5, 6.1, 3.99, 2.89, 2.17, 2.21, 1.39, 5.21, 7.14, 8.538, 9.233, 8.956, 8.943, 9.013, 8.626, 8.096, 8.132, 8.072], [6.84, 5.99, 5.03, 3.77, 2.44, 1.41, 1.24, 0.88, 0, 1.27, 1.86, 2.15, 1.5, 1.39, 1.47, 1.59, 1.72, 1.86, 1.87, 1.42, 1.48, 1.67, 1.36, 1.37, 1.39, 1.36, 1.97, 2.14, 2.3, 2.43, 2.32, 2.52, 2.39, 3.62, 4.93, 4.83, 4.15, 2.9, 3.5, 3.93, 4.45, 4.6, 4.71, 4.76, 4.71, 4.91, 4.71, 4.7, 4.85, 5.37, 5.6, 5.24, 5.54, 6.87, 7.95, 7.85, 6.29, 5.28, 5.33, 6.09, 6.7, 6.3, 6.23, 6.78, 7.3, 7.56, 8.65, 9.28, 8.32, 5.94, 3.77, 2.63, 1.89, 1.89, 1.59, 5.43, 7.48, 8.941, 9.616, 9.339, 9.326, 9.376, 8.989, 8.479, 8.479, 8.419], [7.73, 7.06, 6.02, 4.9, 3.33, 1.86, 1.21, 1.49, 1.27, 0, 0.79, 1.16, 1.07, 1.4, 1.62, 2.06, 2.11, 2.11, 1.98, 1.87, 1.61, 1.84, 1.77, 2.12, 2.1, 2.19, 2.98, 3.21, 3.31, 3.48, 3.35, 3.51, 3.42, 4.53, 5.88, 5.76, 5.1, 3.93, 4.47, 4.9, 5.4, 5.63, 5.88, 5.95, 5.88, 6.12, 5.92, 5.95, 6.06, 6.46, 6.69, 6.27, 6.49, 7.76, 8.84, 8.72, 7.22, 6.25, 6.42, 7.18, 7.75, 7.35, 7.3, 7.87, 8.41, 8.67, 9.76, 10.37, 9.39, 6.99, 4.74, 3.48, 2.74, 2.78, 1.4, 4.34, 6.53, 8.016, 8.692, 8.415, 8.402, 8.452, 8.065, 7.552, 7.555, 7.495], [7.98, 7.57, 6.53, 5.27, 3.68, 2.17, 1.38, 1.76, 1.86, 0.79, 0, 0.83, 1.08, 1.55, 1.77, 2.13, 2.24, 2.24, 2.15, 2.08, 1.78, 2.01, 2.1, 2.45, 2.57, 2.58, 3.53, 3.76, 3.86, 4.11, 3.94, 4.12, 3.97, 4.9, 6.39, 6.09, 5.37, 4.34, 4.9, 5.41, 5.75, 6.04, 6.39, 6.42, 6.37, 6.59, 6.47, 6.5, 6.65, 6.99, 7.14, 6.74, 6.98, 8.11, 9.13, 8.91, 7.63, 6.66, 6.93, 7.69, 8.16, 7.8, 7.75, 8.38, 8.92, 9.16, 10.25, 10.82, 9.88, 7.38, 5.07, 3.71, 3.11, 3.15, 1.65, 3.95, 6.2, 7.69, 8.371, 8.094, 8.081, 8.119, 7.732, 7.234, 7.234, 7.174], [8.07, 7.74, 6.72, 5.54, 3.99, 2.64, 1.97, 2.17, 2.15, 1.16, 0.83, 0, 1.17, 1.82, 2.16, 2.52, 2.57, 2.69, 2.66, 2.41, 2.19, 2.44, 2.41, 2.62, 2.78, 2.83, 3.74, 3.97, 4.09, 4.34, 4.17, 4.33, 4.2, 5.11, 6.6, 6.14, 5.4, 4.55, 5.07, 5.6, 5.8, 6.09, 6.58, 6.67, 6.66, 6.9, 6.7, 6.75, 6.92, 7.2, 7.33, 6.91, 7.17, 8.22, 9.18, 8.96, 7.72, 6.79, 7.06, 7.78, 8.25, 7.93, 7.84, 8.49, 9.01, 9.27, 10.38, 10.91, 9.95, 7.53, 5.16, 3.92, 3.28, 3.28, 1.9, 4.12, 6.25, 7.737, 8.433, 8.156, 8.143, 8.19, 7.803, 7.296, 7.296, 7.236], [7.34, 7.05, 6.05, 4.83, 3.2, 2.03, 1.54, 1.64, 1.5, 1.07, 1.08, 1.17, 0, 0.99, 1.33, 1.73, 1.96, 2.06, 2.05, 1.92, 1.72, 1.97, 1.74, 1.97, 2.13, 2.18, 3.11, 3.34, 3.44, 3.63, 3.46, 3.56, 3.53, 4.4, 5.83, 5.47, 4.63, 3.84, 4.46, 4.77, 5.13, 5.42, 5.83, 5.9, 5.85, 6.07, 5.87, 5.88, 6.03, 6.29, 6.44, 6.06, 6.3, 7.49, 8.43, 8.15, 7.01, 6.12, 6.37, 7.05, 7.56, 7.2, 7.21, 7.78, 8.26, 8.48, 9.57, 10.14, 9.28, 6.8, 4.47, 3.15, 2.53, 2.49, 1.71, 4.89, 7.16, 8.65, 9.328, 9.051, 9.038, 9.082, 8.695, 8.191, 8.191, 8.131], [6.87, 6.58, 5.56, 4.24, 2.63, 1.56, 1.51, 1.35, 1.39, 1.4, 1.55, 1.82, 0.99, 0, 0.72, 1.16, 1.39, 1.45, 1.78, 1.51, 1.47, 1.68, 1.37, 1.58, 1.78, 1.91, 2.58, 2.87, 2.93, 3.12, 2.97, 3.13, 3.16, 3.91, 5.22, 5.02, 4.26, 3.43, 4.21, 4.34, 4.66, 4.95, 5.22, 5.25, 5.16, 5.36, 5.24, 5.25, 5.4, 5.8, 5.99, 5.63, 5.79, 6.84, 7.9, 7.72, 6.5, 5.53, 5.78, 6.52, 7.05, 6.71, 6.68, 7.21, 7.73, 7.97, 9.06, 9.65, 8.75, 6.27, 3.98, 2.68, 2.0, 1.96, 1.58, 5.36, 7.67, 9.16, 9.852, 9.555, 9.542, 9.592, 9.187, 8.695, 8.695, 8.635], [6.79, 6.52, 5.5, 4.16, 2.59, 1.4, 1.41, 1.27, 1.47, 1.62, 1.77, 2.16, 1.33, 0.72, 0, 0.74, 1.15, 1.07, 1.42, 1.35, 1.57, 1.54, 1.19, 1.54, 1.8, 1.83, 2.52, 2.75, 2.83, 3.04, 2.89, 2.99, 2.98, 3.79, 5.2, 5.02, 4.24, 3.33, 4.11, 4.16, 4.62, 4.91, 5.22, 5.23, 5.14, 5.38, 5.28, 5.31, 5.46, 5.8, 5.97, 5.59, 5.73, 6.78, 7.86, 7.68, 6.48, 5.57, 5.82, 6.56, 7.03, 6.67, 6.66, 7.29, 7.81, 8.03, 9.12, 9.69, 8.79, 6.27, 3.98, 2.66, 1.98, 1.88, 1.64, 5.44, 7.73, 9.113, 9.809, 9.532, 9.519, 9.549, 9.162, 8.669, 8.669, 8.609], [6.33, 6.02, 5.02, 3.68, 2.15, 1.34, 1.81, 1.49, 1.59, 2.06, 2.13, 2.52, 1.73, 1.16, 0.74, 0, 0.67, 0.95, 1.38, 1.33, 1.63, 1.6, 1.07, 1.38, 1.5, 1.51, 2.26, 2.31, 2.47, 2.6, 2.33, 2.49, 2.54, 3.23, 4.7, 4.6, 3.86, 2.87, 3.67, 3.76, 4.24, 4.51, 4.76, 4.77, 4.74, 5.0, 4.88, 4.87, 5.02, 5.38, 5.53, 5.11, 5.31, 6.36, 7.54, 7.28, 6.14, 5.15, 5.44, 6.2, 6.65, 6.25, 6.22, 6.89, 7.43, 7.67, 8.76, 9.33, 8.35, 5.85, 3.54, 2.22, 1.74, 1.58, 1.96, 5.84, 8.15, 9.588, 10.263, 9.986, 9.973, 9.997, 9.61, 9.117, 9.117, 9.057], [6.22, 5.85, 4.85, 3.59, 2.04, 1.25, 2.02, 1.72, 1.72, 2.11, 2.24, 2.57, 1.96, 1.39, 1.15, 0.67, 0, 0.8, 1.29, 1.44, 1.72, 1.85, 1.02, 1.37, 1.47, 1.48, 2.13, 2.1, 2.32, 2.39, 2.22, 2.4, 2.39, 3.16, 4.59, 4.53, 3.83, 2.76, 3.58, 3.79, 4.21, 4.44, 4.65, 4.66, 4.67, 4.93, 4.77, 4.76, 4.89, 5.25, 5.42, 5.0, 5.2, 6.29, 7.45, 7.21, 6.03, 5.04, 5.33, 6.09, 6.56, 6.14, 6.11, 6.78, 7.32, 7.56, 8.65, 9.22, 8.24, 5.74, 3.47, 2.15, 1.75, 1.55, 1.83, 5.85, 8.18, 9.655, 10.331, 10.053, 10.041, 10.064, 9.677, 9.184, 9.184, 9.124], [6.62, 6.19, 5.17, 3.99, 2.44, 1.49, 1.86, 1.84, 1.86, 2.11, 2.24, 2.69, 2.06, 1.45, 1.07, 0.95, 0.8, 0, 0.87, 1.36, 1.64, 1.65, 1.14, 1.43, 1.51, 1.68, 2.37, 2.42, 2.56, 2.67, 2.46, 2.56, 2.63, 3.44, 5.05, 4.93, 4.23, 3.14, 3.92, 4.03, 4.59, 4.86, 5.07, 5.06, 5.05, 5.27, 5.15, 5.16, 5.27, 5.63, 5.8, 5.44, 5.64, 6.69, 7.83, 7.59, 6.41, 5.44, 5.71, 6.47, 6.96, 6.56, 6.55, 7.2, 7.74, 7.98, 9.07, 9.64, 8.7, 6.2, 3.93, 2.59, 2.11, 1.87, 1.91, 5.69, 7.96, 9.406, 10.098, 9.804, 9.791, 9.824, 9.436, 8.944, 8.944, 8.884], [7.17, 6.56, 5.54, 4.42, 2.91, 1.74, 1.89, 1.91, 1.87, 1.98, 2.15, 2.66, 2.05, 1.78, 1.42, 1.38, 1.29, 0.87, 0, 1.11, 1.57, 1.64, 1.33, 1.78, 1.76, 1.85, 2.64, 2.65, 2.83, 3.0, 2.79, 2.95, 2.9, 3.93, 5.56, 5.48, 4.78, 3.59, 4.15, 4.46, 5.12, 5.35, 5.5, 5.49, 5.42, 5.64, 5.54, 5.53, 5.66, 6.1, 6.31, 5.93, 6.11, 7.24, 8.32, 8.16, 6.92, 5.91, 6.08, 6.88, 7.43, 7.03, 6.98, 7.61, 8.15, 8.41, 9.5, 10.13, 9.13, 6.71, 4.44, 3.12, 2.6, 2.4, 2.12, 5.48, 7.73, 9.144, 9.836, 9.542, 9.529, 9.562, 9.165, 8.682, 8.672, 8.612], [6.8, 6.25, 5.27, 4.05, 2.62, 1.81, 1.74, 1.44, 1.42, 1.87, 2.08, 2.41, 1.92, 1.51, 1.35, 1.33, 1.44, 1.36, 1.11, 0, 0.8, 0.97, 0.86, 1.21, 1.33, 1.38, 2.17, 2.38, 2.48, 2.69, 2.54, 2.74, 2.59, 3.62, 5.17, 5.07, 4.41, 3.24, 3.76, 4.11, 4.71, 4.98, 5.17, 5.1, 5.07, 5.33, 5.23, 5.22, 5.35, 5.77, 5.94, 5.56, 5.74, 6.85, 7.93, 7.79, 6.55, 5.5, 5.79, 6.55, 7.06, 6.66, 6.63, 7.3, 7.84, 8.1, 9.19, 9.78, 8.78, 6.3, 4.05, 2.71, 2.03, 1.97, 2.25, 5.65, 7.94, 9.349, 10.045, 9.755, 9.742, 9.775, 9.382, 8.895, 8.889, 8.829], [7.18, 6.61, 5.61, 4.35, 2.96, 1.71, 1.48, 1.38, 1.48, 1.61, 1.78, 2.19, 1.72, 1.47, 1.57, 1.63, 1.72, 1.64, 1.57, 0.8, 0, 0.69, 1.06, 1.51, 1.65, 1.78, 2.45, 2.76, 2.82, 3.09, 2.92, 3.12, 2.91, 3.98, 5.45, 5.39, 4.75, 3.54, 3.96, 4.41, 5.03, 5.24, 5.43, 5.38, 5.37, 5.61, 5.49, 5.52, 5.69, 6.13, 6.3, 5.86, 6.02, 7.17, 8.27, 8.11, 6.83, 5.82, 6.09, 6.85, 7.36, 6.9, 6.87, 7.58, 8.12, 8.38, 9.47, 10.06, 9.04, 6.54, 4.27, 3.01, 2.27, 2.29, 2.01, 5.09, 7.36, 8.781, 9.476, 9.19, 9.177, 9.21, 8.819, 8.33, 8.33, 8.27], [7.01, 6.44, 5.44, 4.18, 2.99, 1.84, 1.53, 1.47, 1.67, 1.84, 2.01, 2.44, 1.97, 1.68, 1.54, 1.6, 1.85, 1.65, 1.64, 0.97, 0.69, 0, 1.13, 1.46, 1.54, 1.71, 2.3, 2.61, 2.63, 2.96, 2.83, 3.03, 2.76, 3.73, 5.24, 5.2, 4.56, 3.37, 3.79, 4.24, 4.82, 5.05, 5.24, 5.23, 5.2, 5.46, 5.34, 5.37, 5.52, 5.94, 6.11, 5.67, 5.83, 7.0, 8.14, 7.96, 6.66, 5.65, 5.92, 6.68, 7.19, 6.73, 6.66, 7.39, 7.93, 8.19, 9.28, 9.87, 8.85, 6.35, 4.16, 2.92, 2.14, 2.28, 2.3, 5.22, 7.51, 8.831, 9.526, 9.249, 9.236, 9.26, 8.873, 8.38, 8.38, 8.32], [6.42, 5.85, 4.85, 3.63, 2.2, 1.45, 1.68, 1.4, 1.36, 1.77, 2.1, 2.41, 1.74, 1.37, 1.19, 1.07, 1.02, 1.14, 1.33, 0.86, 1.06, 1.13, 0, 0.85, 1.07, 1.02, 1.79, 2.04, 2.12, 2.33, 2.22, 2.38, 2.23, 3.24, 4.71, 4.67, 4.03, 2.78, 3.28, 3.65, 4.29, 4.46, 4.69, 4.7, 4.71, 4.97, 4.81, 4.76, 4.91, 5.27, 5.46, 5.08, 5.22, 6.47, 7.57, 7.39, 6.11, 5.14, 5.37, 6.13, 6.6, 6.14, 6.11, 6.8, 7.34, 7.58, 8.67, 9.24, 8.26, 5.74, 3.49, 2.21, 1.59, 1.51, 2.03, 5.63, 7.96, 9.45, 10.128, 9.831, 9.818, 9.867, 9.46, 8.971, 8.967, 8.907], [5.81, 5.34, 4.34, 3.14, 2.07, 1.86, 2.11, 1.67, 1.37, 2.12, 2.45, 2.62, 1.97, 1.58, 1.54, 1.38, 1.37, 1.43, 1.78, 1.21, 1.51, 1.46, 0.85, 0, 0.5, 0.79, 1.4, 1.67, 1.71, 1.96, 1.85, 1.97, 1.88, 2.71, 4.18, 4.08, 3.44, 2.35, 2.87, 3.2, 3.7, 3.91, 4.24, 4.31, 4.38, 4.6, 4.4, 4.35, 4.46, 4.72, 4.87, 4.53, 4.81, 5.98, 7.0, 6.9, 5.54, 4.77, 4.92, 5.62, 6.05, 5.63, 5.62, 6.31, 6.83, 7.05, 8.14, 8.71, 7.75, 5.21, 3.0, 1.76, 1.2, 1.16, 2.36, 6.14, 8.41, 9.899, 10.575, 10.278, 10.265, 10.315, 9.916, 9.418, 9.418, 9.358], [5.75, 5.12, 4.14, 3.12, 2.09, 1.98, 2.17, 1.73, 1.39, 2.1, 2.57, 2.78, 2.13, 1.78, 1.8, 1.5, 1.47, 1.51, 1.76, 1.33, 1.65, 1.54, 1.07, 0.5, 0, 0.73, 1.24, 1.49, 1.53, 1.74, 1.63, 1.75, 1.64, 2.57, 4.12, 3.98, 3.32, 2.33, 2.67, 3.12, 3.64, 3.89, 4.12, 4.25, 4.28, 4.48, 4.3, 4.27, 4.28, 4.62, 4.85, 4.49, 4.75, 5.9, 7.02, 6.88, 5.44, 4.73, 4.78, 5.48, 5.99, 5.51, 5.46, 6.17, 6.71, 6.95, 8.04, 8.65, 7.63, 5.17, 3.02, 1.74, 1.18, 1.24, 2.42, 6.2, 8.423, 9.896, 10.592, 10.315, 10.302, 10.352, 9.965, 9.455, 9.455, 9.395], [5.82, 5.11, 4.15, 3.01, 2.14, 1.77, 2.1, 1.66, 1.36, 2.19, 2.58, 2.83, 2.18, 1.91, 1.83, 1.51, 1.48, 1.68, 1.85, 1.38, 1.78, 1.71, 1.02, 0.79, 0.73, 0, 1.19, 1.38, 1.56, 1.73, 1.56, 1.72, 1.55, 2.66, 4.19, 4.03, 3.41, 2.52, 2.72, 3.09, 3.67, 3.84, 4.01, 4.14, 4.25, 4.37, 4.19, 4.12, 4.25, 4.59, 4.82, 4.46, 4.72, 5.99, 7.05, 6.91, 5.47, 4.9, 4.83, 5.41, 5.94, 5.52, 5.43, 6.12, 6.68, 6.9, 7.99, 8.62, 7.62, 5.18, 3.17, 1.93, 1.35, 1.35, 2.41, 6.13, 8.37, 9.843, 10.539, 10.262, 10.249, 10.29, 9.903, 9.402, 9.402, 9.342], [5.25, 4.34, 3.66, 2.8, 2.19, 2.06, 2.91, 2.21, 1.97, 2.98, 3.53, 3.74, 3.11, 2.58, 2.52, 2.26, 2.13, 2.37, 2.64, 2.17, 2.45, 2.3, 1.79, 1.4, 1.24, 1.19, 0, 0.61, 0.75, 1.06, 1.29, 1.43, 0.94, 1.95, 3.44, 3.36, 2.88, 2.31, 2.65, 2.9, 3.4, 3.55, 3.78, 3.97, 4.04, 4.1, 3.94, 3.83, 3.6, 3.94, 4.15, 3.83, 4.13, 5.38, 6.48, 6.38, 5.06, 4.71, 4.52, 4.88, 5.41, 5.05, 4.84, 5.37, 5.93, 6.31, 7.24, 7.89, 6.89, 4.51, 2.62, 1.66, 1.16, 1.36, 2.78, 6.96, 9.0, 10.473, 11.169, 10.888, 10.875, 10.929, 10.542, 10.028, 10.032, 9.972], [5.1, 4.23, 3.51, 2.63, 2.06, 2.23, 3.12, 2.36, 2.14, 3.21, 3.76, 3.97, 3.34, 2.87, 2.75, 2.31, 2.1, 2.42, 2.65, 2.38, 2.76, 2.61, 2.04, 1.67, 1.49, 1.38, 0.61, 0, 0.56, 0.85, 1.18, 1.28, 0.87, 1.7, 3.19, 3.21, 2.67, 2.14, 2.58, 2.85, 3.29, 3.42, 3.69, 3.84, 3.91, 3.95, 3.83, 3.74, 3.51, 3.79, 3.98, 3.7, 3.98, 5.21, 6.33, 6.23, 4.95, 4.6, 4.37, 4.79, 5.26, 4.92, 4.73, 5.22, 5.72, 6.12, 7.03, 7.68, 6.72, 4.32, 2.47, 1.55, 1.27, 1.33, 2.95, 7.27, 9.247, 10.7, 11.396, 11.119, 11.096, 11.156, 10.769, 10.259, 10.259, 10.199], [4.86, 3.95, 3.19, 2.37, 1.94, 2.37, 3.24, 2.52, 2.3, 3.31, 3.86, 4.09, 3.44, 2.93, 2.83, 2.47, 2.32, 2.56, 2.83, 2.48, 2.82, 2.63, 2.12, 1.71, 1.53, 1.56, 0.75, 0.56, 0, 0.67, 1.0, 1.08, 0.81, 1.58, 2.99, 3.01, 2.39, 1.98, 2.46, 2.53, 2.99, 3.14, 3.43, 3.58, 3.65, 3.67, 3.59, 3.5, 3.25, 3.57, 3.78, 3.46, 3.76, 4.97, 6.09, 5.99, 4.67, 4.28, 4.07, 4.53, 4.96, 4.64, 4.49, 5.0, 5.52, 5.92, 6.85, 7.48, 6.5, 4.1, 2.23, 1.43, 1.31, 1.49, 3.11, 7.43, 9.447, 10.92, 11.616, 11.339, 11.319, 11.376, 10.989, 10.479, 10.479, 10.419], [4.73, 3.78, 3.02, 2.04, 1.59, 2.52, 3.49, 2.71, 2.43, 3.48, 4.11, 4.34, 3.63, 3.12, 3.04, 2.6, 2.39, 2.67, 3.0, 2.69, 3.09, 2.96, 2.33, 1.96, 1.74, 1.73, 1.06, 0.85, 0.67, 0, 0.61, 0.73, 0.92, 1.65, 2.8, 2.8, 2.22, 2.01, 2.55, 2.62, 2.84, 2.87, 3.06, 3.21, 3.26, 3.32, 3.2, 3.13, 2.94, 3.36, 3.55, 3.25, 3.57, 4.84, 5.92, 5.82, 4.46, 3.95, 3.7, 4.18, 4.69, 4.43, 4.22, 4.71, 5.27, 5.65, 6.6, 7.23, 6.27, 3.93, 2.12, 1.58, 1.62, 1.72, 3.34, 7.72, 9.697, 11.15, 11.846, 11.569, 11.544, 11.606, 11.219, 10.709, 10.709, 10.649], [4.84, 3.97, 3.01, 1.97, 1.4, 2.45, 3.38, 2.62, 2.32, 3.35, 3.94, 4.17, 3.46, 2.97, 2.89, 2.33, 2.22, 2.46, 2.79, 2.54, 2.92, 2.83, 2.22, 1.85, 1.63, 1.56, 1.29, 1.18, 1.0, 0.61, 0, 0.52, 0.89, 1.76, 2.97, 2.91, 2.29, 1.92, 2.48, 2.55, 2.71, 2.8, 3.01, 3.14, 3.25, 3.31, 3.15, 3.08, 3.05, 3.45, 3.66, 3.36, 3.68, 4.93, 6.03, 5.93, 4.39, 3.86, 3.69, 4.19, 4.76, 4.44, 4.35, 4.94, 5.48, 5.74, 6.83, 7.42, 6.48, 4.08, 2.25, 1.57, 1.63, 1.75, 3.29, 7.57, 9.65, 11.103, 11.792, 11.498, 11.485, 11.558, 11.171, 10.638, 10.662, 10.602], [4.7, 3.85, 2.91, 1.91, 1.58, 2.59, 3.56, 2.82, 2.52, 3.51, 4.12, 4.33, 3.56, 3.13, 2.99, 2.49, 2.4, 2.56, 2.95, 2.74, 3.12, 3.03, 2.38, 1.97, 1.75, 1.72, 1.43, 1.28, 1.08, 0.73, 0.52, 0, 0.91, 1.68, 2.85, 2.79, 2.11, 1.78, 2.28, 2.37, 2.51, 2.66, 2.97, 3.14, 3.19, 3.29, 3.09, 3.04, 3.01, 3.29, 3.54, 3.22, 3.54, 4.81, 5.89, 5.77, 4.25, 3.86, 3.63, 4.09, 4.72, 4.34, 4.29, 4.86, 5.36, 5.58, 6.67, 7.3, 6.38, 3.96, 2.11, 1.59, 1.69, 1.75, 3.45, 7.73, 9.83, 11.303, 11.992, 11.698, 11.685, 11.758, 11.371, 10.838, 10.862, 10.802], [4.91, 4.18, 3.36, 2.5, 2.11, 2.56, 3.43, 2.69, 2.39, 3.42, 3.97, 4.2, 3.53, 3.16, 2.98, 2.54, 2.39, 2.63, 2.9, 2.59, 2.91, 2.76, 2.23, 1.88, 1.64, 1.55, 0.94, 0.87, 0.81, 0.92, 0.89, 0.91, 0, 1.49, 3.08, 3.06, 2.48, 2.11, 2.53, 2.58, 2.98, 3.27, 3.56, 3.75, 3.84, 3.9, 3.74, 3.63, 3.46, 3.56, 3.81, 3.49, 3.81, 5.1, 6.12, 6.02, 4.72, 4.55, 4.3, 4.64, 5.21, 4.81, 4.74, 5.21, 5.67, 5.95, 6.98, 7.55, 6.73, 4.23, 2.42, 1.46, 1.48, 1.54, 3.38, 7.48, 9.557, 11.03, 11.719, 11.425, 11.412, 11.485, 11.098, 10.565, 10.589, 10.529], [3.9, 4.03, 3.49, 2.63, 2.52, 3.63, 4.44, 3.82, 3.62, 4.53, 4.9, 5.11, 4.4, 3.91, 3.79, 3.23, 3.16, 3.44, 3.93, 3.62, 3.98, 3.73, 3.24, 2.71, 2.57, 2.66, 1.95, 1.7, 1.58, 1.65, 1.76, 1.68, 1.49, 0, 2.21, 2.59, 2.25, 2.48, 2.98, 2.75, 2.79, 3.18, 3.53, 3.7, 3.95, 4.03, 3.83, 3.62, 3.33, 3.35, 3.36, 3.0, 3.36, 4.67, 5.33, 4.97, 4.63, 4.62, 4.55, 4.69, 5.0, 4.64, 4.51, 4.98, 5.5, 5.96, 6.63, 6.9, 6.36, 3.98, 2.15, 1.55, 2.17, 2.23, 4.35, 8.61, 10.77, 12.243, 12.938, 12.662, 12.649, 12.699, 12.312, 11.802, 11.802, 11.742], [2.27, 2.62, 2.58, 1.84, 3.09, 5.0, 5.89, 5.21, 4.93, 5.88, 6.39, 6.6, 5.83, 5.22, 5.2, 4.7, 4.59, 5.05, 5.56, 5.17, 5.45, 5.24, 4.71, 4.18, 4.12, 4.19, 3.44, 3.19, 2.99, 2.8, 2.97, 2.85, 3.08, 2.21, 0, 1.54, 2.04, 2.47, 2.97, 2.62, 2.38, 2.39, 2.36, 2.37, 2.54, 2.62, 2.54, 2.27, 1.98, 2.1, 2.03, 1.73, 1.91, 3.06, 3.62, 3.34, 3.3, 3.41, 3.38, 3.28, 3.31, 3.03, 3.18, 3.43, 3.97, 4.27, 4.6, 4.87, 4.35, 2.69, 1.94, 2.82, 3.5, 3.52, 5.76, 10.06, 12.17, 13.66, 14.349, 14.052, 14.039, 14.089, 13.702, 13.192, 13.192, 13.132], [2.49, 2.18, 1.78, 1.38, 2.75, 4.86, 5.73, 5.03, 4.83, 5.76, 6.09, 6.14, 5.47, 5.02, 5.02, 4.6, 4.53, 4.93, 5.48, 5.07, 5.39, 5.2, 4.67, 4.08, 3.98, 4.03, 3.36, 3.21, 3.01, 2.8, 2.91, 2.79, 3.06, 2.59, 1.54, 0, 1.18, 2.23, 2.51, 2.44, 1.76, 1.79, 1.94, 1.81, 2.04, 1.9, 1.84, 1.89, 1.48, 1.54, 1.65, 1.27, 1.47, 2.66, 3.42, 3.26, 2.24, 2.21, 2.44, 2.34, 2.69, 2.43, 2.36, 2.71, 3.17, 3.59, 4.38, 4.83, 4.07, 1.87, 1.62, 2.68, 3.38, 3.42, 5.48, 9.92, 11.87, 13.36, 14.056, 13.779, 13.766, 13.822, 13.434, 12.919, 12.944, 12.884], [3.27, 2.98, 2.24, 1.56, 2.25, 4.24, 5.07, 4.39, 4.15, 5.1, 5.37, 5.4, 4.63, 4.26, 4.24, 3.86, 3.83, 4.23, 4.78, 4.41, 4.75, 4.56, 4.03, 3.44, 3.32, 3.41, 2.88, 2.67, 2.39, 2.22, 2.29, 2.11, 2.48, 2.25, 2.04, 1.18, 0, 1.67, 2.11, 2.06, 1.48, 1.65, 2.12, 2.27, 2.26, 2.28, 2.16, 2.23, 2.08, 2.2, 2.37, 2.07, 2.35, 3.54, 4.28, 4.06, 2.92, 2.61, 2.82, 2.98, 3.51, 3.21, 3.1, 3.59, 3.99, 4.29, 5.32, 5.73, 4.97, 2.63, 1.52, 2.14, 2.718, 2.82, 4.84, 9.3, 11.19, 12.68, 13.379, 13.102, 13.089, 13.164, 12.777, 12.247, 12.287, 12.227], [4.08, 3.35, 2.37, 1.43, 1.88, 2.97, 3.92, 3.16, 2.9, 3.93, 4.34, 4.55, 3.84, 3.43, 3.33, 2.87, 2.76, 3.14, 3.59, 3.24, 3.54, 3.37, 2.78, 2.35, 2.33, 2.52, 2.31, 2.14, 1.98, 2.01, 1.92, 1.78, 2.11, 2.48, 2.47, 2.23, 1.67, 0, 1.28, 1.61, 1.71, 1.82, 2.21, 2.32, 2.29, 2.51, 2.33, 2.36, 2.45, 2.77, 2.96, 2.6, 2.96, 4.19, 5.13, 5.03, 3.51, 2.74, 2.89, 3.37, 3.86, 3.52, 3.49, 4.16, 4.68, 4.9, 5.99, 6.56, 5.64, 3.16, 2.05, 2.09, 2.17, 2.21, 3.69, 8.03, 10.12, 11.595, 12.291, 12.014, 12.001, 12.051, 11.664, 11.154, 11.154, 11.094], [3.72, 2.83, 2.19, 2.17, 3.02, 3.73, 4.36, 3.76, 3.5, 4.47, 4.9, 5.07, 4.46, 4.21, 4.11, 3.67, 3.58, 3.92, 4.15, 3.76, 3.96, 3.79, 3.28, 2.87, 2.67, 2.72, 2.65, 2.58, 2.46, 2.55, 2.48, 2.28, 2.53, 2.98, 2.97, 2.51, 2.11, 1.28, 0, 1.07, 1.45, 1.6, 1.91, 2.2, 2.13, 2.23, 2.09, 2.14, 2.21, 2.39, 2.68, 2.4, 2.76, 3.83, 4.79, 4.69, 3.15, 3.08, 3.37, 3.03, 3.62, 3.14, 3.01, 3.68, 4.22, 4.44, 5.55, 6.2, 5.18, 2.98, 2.71, 2.83, 2.85, 2.95, 4.47, 8.43, 10.4, 11.878, 12.574, 12.297, 12.284, 12.334, 11.947, 11.437, 11.437, 11.377], [3.03, 2.44, 2.12, 2.32, 3.21, 4.22, 4.93, 4.31, 3.93, 4.9, 5.41, 5.6, 4.77, 4.34, 4.16, 3.76, 3.79, 4.03, 4.46, 4.11, 4.41, 4.24, 3.65, 3.2, 3.12, 3.09, 2.9, 2.85, 2.53, 2.62, 2.55, 2.37, 2.58, 2.75, 2.62, 2.44, 2.06, 1.61, 1.07, 0, 1.4, 1.49, 1.58, 1.89, 2.08, 2.22, 2.14, 1.91, 2.0, 1.82, 2.05, 1.91, 2.03, 3.02, 4.14, 4.02, 2.66, 3.31, 3.66, 2.78, 3.09, 2.77, 2.72, 3.43, 3.81, 4.09, 5.12, 5.69, 4.77, 2.99, 2.88, 2.98, 3.02, 3.12, 5.0, 9.04, 11.335, 12.808, 13.503, 13.22, 13.207, 13.24, 12.853, 12.36, 12.36, 12.3], [2.77, 2.38, 1.86, 2.0, 2.91, 4.48, 5.35, 4.65, 4.45, 5.4, 5.75, 5.8, 5.13, 4.66, 4.62, 4.24, 4.21, 4.59, 5.12, 4.71, 5.03, 4.82, 4.29, 3.7, 3.64, 3.67, 3.4, 3.29, 2.99, 2.84, 2.71, 2.51, 2.98, 2.79, 2.38, 1.76, 1.48, 1.71, 1.45, 1.4, 0, 0.71, 1.36, 1.59, 1.72, 1.88, 1.6, 1.69, 1.74, 1.78, 1.99, 1.85, 2.03, 2.9, 3.72, 3.68, 2.2, 2.25, 2.74, 2.34, 2.79, 2.41, 2.38, 2.93, 3.39, 3.61, 4.74, 5.17, 4.33, 2.17, 2.4, 2.76, 3.2, 3.22, 5.16, 9.54, 11.49, 12.98, 13.679, 13.402, 13.389, 13.459, 13.072, 12.542, 12.582, 12.522], [2.66, 1.97, 1.55, 1.81, 2.86, 4.61, 5.46, 4.74, 4.6, 5.63, 6.04, 6.09, 5.42, 4.95, 4.91, 4.51, 4.44, 4.86, 5.35, 4.98, 5.24, 5.05, 4.46, 3.91, 3.89, 3.84, 3.55, 3.42, 3.14, 2.87, 2.8, 2.66, 3.27, 3.18, 2.39, 1.79, 1.65, 1.82, 1.6, 1.49, 0.71, 0, 0.91, 1.18, 1.29, 1.49, 1.29, 1.36, 1.57, 1.49, 1.76, 1.7, 1.8, 2.75, 3.65, 3.61, 1.95, 2.04, 2.49, 1.91, 2.4, 1.98, 1.91, 2.56, 3.04, 3.24, 4.37, 4.84, 3.94, 1.96, 2.53, 3.13, 3.53, 3.61, 5.35, 9.71, 11.56, 13.047, 13.743, 13.466, 13.453, 13.514, 13.127, 12.617, 12.617, 12.557], [2.47, 1.56, 1.36, 1.62, 2.89, 4.74, 5.65, 4.87, 4.71, 5.88, 6.39, 6.58, 5.83, 5.22, 5.22, 4.76, 4.65, 5.07, 5.5, 5.17, 5.43, 5.24, 4.69, 4.24, 4.12, 4.01, 3.78, 3.69, 3.43, 3.06, 3.01, 2.97, 3.56, 3.53, 2.36, 1.94, 2.12, 2.21, 1.91, 1.58, 1.36, 0.91, 0, 0.59, 0.86, 1.06, 0.94, 0.85, 1.16, 1.24, 1.41, 1.57, 1.55, 2.44, 3.5, 3.42, 1.88, 2.05, 2.38, 1.64, 2.11, 1.73, 1.56, 2.27, 2.71, 2.95, 4.04, 4.67, 3.69, 2.01, 2.76, 3.54, 3.98, 4.08, 5.54, 9.96, 11.83, 13.291, 13.986, 13.709, 13.696, 13.766, 13.379, 12.849, 12.882, 12.822], [2.54, 1.67, 1.27, 1.51, 2.84, 4.73, 5.58, 4.82, 4.76, 5.95, 6.42, 6.67, 5.9, 5.25, 5.23, 4.77, 4.66, 5.06, 5.49, 5.1, 5.38, 5.23, 4.7, 4.31, 4.25, 4.14, 3.97, 3.84, 3.58, 3.21, 3.14, 3.14, 3.75, 3.7, 2.37, 1.81, 2.27, 2.32, 2.2, 1.89, 1.59, 1.18, 0.59, 0, 0.73, 0.93, 0.85, 0.86, 1.13, 1.27, 1.48, 1.48, 1.54, 2.51, 3.57, 3.49, 1.95, 1.84, 2.19, 1.75, 2.16, 1.78, 1.67, 2.32, 2.84, 3.04, 4.13, 4.72, 3.72, 1.96, 2.75, 3.69, 4.15, 4.23, 5.59, 10.01, 11.86, 13.255, 13.951, 13.673, 13.661, 13.751, 13.363, 12.833, 12.854, 12.794], [2.87, 2.02, 1.6, 1.64, 2.79, 4.66, 5.59, 4.79, 4.71, 5.88, 6.37, 6.66, 5.85, 5.16, 5.14, 4.74, 4.67, 5.05, 5.42, 5.07, 5.37, 5.2, 4.71, 4.38, 4.28, 4.25, 4.04, 3.91, 3.65, 3.26, 3.25, 3.19, 3.84, 3.95, 2.54, 2.04, 2.26, 2.29, 2.13, 2.08, 1.72, 1.29, 0.86, 0.73, 0, 0.6, 0.64, 0.73, 1.18, 1.58, 1.89, 1.91, 1.85, 2.72, 3.74, 3.68, 2.04, 1.71, 2.04, 1.7, 2.35, 1.95, 1.82, 2.39, 2.85, 3.05, 4.16, 4.77, 3.85, 2.07, 2.74, 3.76, 4.2, 4.26, 5.54, 9.9, 11.65, 13.073, 13.769, 13.492, 13.479, 13.567, 13.18, 12.67, 12.67, 12.61], [2.83, 1.94, 1.48, 1.64, 3.01, 4.9, 5.85, 5.05, 4.91, 6.12, 6.59, 6.9, 6.07, 5.36, 5.38, 5.0, 4.93, 5.27, 5.64, 5.33, 5.61, 5.46, 4.97, 4.6, 4.48, 4.37, 4.1, 3.95, 3.67, 3.32, 3.31, 3.29, 3.9, 4.03, 2.62, 1.9, 2.28, 2.51, 2.23, 2.22, 1.88, 1.49, 1.06, 0.93, 0.6, 0, 0.52, 0.77, 0.96, 1.56, 1.89, 1.79, 1.85, 2.6, 3.58, 3.5, 1.88, 1.65, 1.92, 1.52, 2.21, 1.81, 1.7, 2.19, 2.67, 2.85, 3.96, 4.59, 3.67, 1.81, 2.76, 3.86, 4.34, 4.42, 5.8, 10.16, 11.83, 13.253, 13.949, 13.672, 13.659, 13.747, 13.36, 12.859, 12.85, 12.79], [2.87, 1.9, 1.4, 1.58, 2.85, 4.76, 5.73, 4.91, 4.71, 5.92, 6.47, 6.7, 5.87, 5.24, 5.28, 4.88, 4.77, 5.15, 5.54, 5.23, 5.49, 5.34, 4.81, 4.4, 4.3, 4.19, 3.94, 3.83, 3.59, 3.2, 3.15, 3.09, 3.74, 3.83, 2.54, 1.84, 2.16, 2.33, 2.09, 2.14, 1.6, 1.29, 0.94, 0.85, 0.64, 0.52, 0, 0.71, 0.92, 1.42, 1.83, 1.73, 1.89, 2.68, 3.7, 3.64, 1.98, 1.67, 1.96, 1.66, 2.39, 1.97, 1.8, 2.33, 2.81, 2.93, 4.1, 4.77, 3.87, 1.85, 2.7, 3.7, 4.2, 4.26, 5.64, 10.06, 11.73, 13.191, 13.886, 13.609, 13.596, 13.687, 13.3, 12.789, 12.79, 12.73], [2.62, 1.77, 1.47, 1.63, 2.96, 4.75, 5.74, 4.98, 4.7, 5.95, 6.5, 6.75, 5.88, 5.25, 5.31, 4.87, 4.76, 5.16, 5.53, 5.22, 5.52, 5.37, 4.76, 4.35, 4.27, 4.12, 3.83, 3.74, 3.5, 3.13, 3.08, 3.04, 3.63, 3.62, 2.27, 1.89, 2.23, 2.36, 2.14, 1.91, 1.69, 1.36, 0.85, 0.86, 0.73, 0.77, 0.71, 0, 0.81, 1.27, 1.58, 1.56, 1.6, 2.57, 3.61, 3.55, 2.13, 2.1, 2.33, 1.65, 2.32, 1.98, 1.81, 2.26, 2.78, 2.96, 4.05, 4.76, 3.86, 2.1, 2.63, 3.65, 4.13, 4.21, 5.71, 10.05, 11.88, 13.37, 14.051, 13.753, 13.741, 13.791, 13.403, 12.893, 12.893, 12.833], [2.37, 1.52, 1.46, 1.68, 3.17, 4.96, 5.97, 5.23, 4.85, 6.06, 6.65, 6.92, 6.03, 5.4, 5.46, 5.02, 4.89, 5.27, 5.66, 5.35, 5.69, 5.52, 4.91, 4.46, 4.28, 4.25, 3.6, 3.51, 3.25, 2.94, 3.05, 3.01, 3.46, 3.33, 1.98, 1.48, 2.08, 2.45, 2.21, 2.0, 1.74, 1.57, 1.16, 1.13, 1.18, 0.96, 0.92, 0.81, 0, 1.04, 1.33, 1.17, 1.33, 2.28, 3.32, 3.26, 2.08, 2.05, 2.34, 1.64, 2.17, 1.93, 1.74, 2.09, 2.67, 2.99, 3.86, 4.53, 3.61, 1.67, 2.48, 3.58, 4.04, 4.12, 5.9, 10.22, 12.17, 13.642, 14.318, 14.041, 14.028, 14.078, 13.691, 13.181, 13.181, 13.121], [1.87, 1.2, 1.3, 1.98, 3.55, 5.42, 6.41, 5.71, 5.37, 6.46, 6.99, 7.2, 6.29, 5.8, 5.8, 5.38, 5.25, 5.63, 6.1, 5.77, 6.13, 5.94, 5.27, 4.72, 4.62, 4.59, 3.94, 3.79, 3.57, 3.36, 3.45, 3.29, 3.56, 3.35, 2.1, 1.54, 2.2, 2.77, 2.39, 1.82, 1.78, 1.49, 1.24, 1.27, 1.58, 1.56, 1.42, 1.27, 1.04, 0, 0.67, 0.87, 1.03, 1.96, 2.8, 2.7, 1.7, 2.37, 2.72, 1.72, 2.05, 1.71, 1.64, 2.03, 2.39, 2.73, 3.6, 4.17, 3.47, 1.71, 2.62, 3.56, 4.18, 4.18, 6.32, 10.62, 12.746, 14.219, 14.895, 14.618, 14.605, 14.655, 14.268, 13.758, 13.758, 13.698], [1.74, 1.15, 1.27, 2.25, 3.68, 5.65, 6.6, 5.9, 5.6, 6.69, 7.14, 7.33, 6.44, 5.99, 5.97, 5.53, 5.42, 5.8, 6.31, 5.94, 6.3, 6.11, 5.46, 4.87, 4.85, 4.82, 4.15, 3.98, 3.78, 3.55, 3.66, 3.54, 3.81, 3.36, 2.03, 1.65, 2.37, 2.96, 2.68, 2.05, 1.99, 1.76, 1.41, 1.48, 1.89, 1.89, 1.83, 1.58, 1.33, 0.67, 0, 0.66, 0.92, 1.79, 2.57, 2.41, 1.81, 2.4, 2.83, 1.79, 1.92, 1.62, 1.69, 2.02, 2.44, 2.76, 3.41, 3.88, 3.22, 1.74, 2.75, 3.75, 4.33, 4.35, 6.53, 10.85, 12.94, 14.409, 15.085, 14.808, 14.795, 14.839, 14.452, 13.948, 13.948, 13.888], [1.84, 1.43, 1.23, 1.89, 3.36, 5.25, 6.22, 5.54, 5.24, 6.27, 6.74, 6.91, 6.06, 5.63, 5.59, 5.11, 5.0, 5.44, 5.93, 5.56, 5.86, 5.67, 5.08, 4.53, 4.49, 4.46, 3.83, 3.7, 3.46, 3.25, 3.36, 3.22, 3.49, 3.0, 1.73, 1.27, 2.07, 2.6, 2.4, 1.91, 1.85, 1.7, 1.57, 1.48, 1.91, 1.79, 1.73, 1.56, 1.17, 0.87, 0.66, 0, 0.92, 2.09, 2.87, 2.71, 2.05, 2.44, 2.77, 2.05, 2.24, 1.92, 1.99, 2.28, 2.82, 3.14, 3.83, 4.22, 3.56, 1.78, 2.41, 3.43, 3.99, 4.01, 6.11, 10.43, 12.6, 14.078, 14.753, 14.476, 14.463, 14.507, 14.12, 13.616, 13.616, 13.556], [1.62, 1.25, 1.51, 2.17, 3.74, 5.63, 6.58, 5.94, 5.54, 6.49, 6.98, 7.17, 6.3, 5.79, 5.73, 5.31, 5.2, 5.64, 6.11, 5.74, 6.02, 5.83, 5.22, 4.81, 4.75, 4.72, 4.13, 3.98, 3.76, 3.57, 3.68, 3.54, 3.81, 3.36, 1.91, 1.47, 2.35, 2.96, 2.76, 2.03, 2.03, 1.8, 1.55, 1.54, 1.85, 1.85, 1.89, 1.6, 1.33, 1.03, 0.92, 0.92, 0, 1.59, 2.49, 2.35, 1.77, 2.4, 2.77, 1.93, 2.0, 1.76, 1.79, 2.2, 2.62, 2.96, 3.59, 4.08, 3.34, 1.76, 2.65, 3.55, 4.15, 4.09, 6.43, 10.63, 12.96, 14.443, 15.119, 14.842, 14.829, 14.859, 14.472, 13.979, 13.979, 13.919], [2.03, 1.36, 2.22, 3.4, 4.93, 6.92, 7.85, 7.19, 6.87, 7.76, 8.11, 8.22, 7.49, 6.84, 6.78, 6.36, 6.29, 6.69, 7.24, 6.85, 7.17, 7.0, 6.47, 5.98, 5.9, 5.99, 5.38, 5.21, 4.97, 4.84, 4.93, 4.81, 5.1, 4.67, 3.06, 2.66, 3.54, 4.19, 3.83, 3.02, 2.9, 2.75, 2.44, 2.51, 2.72, 2.6, 2.68, 2.57, 2.28, 1.96, 1.79, 2.09, 1.59, 0, 1.22, 1.22, 1.16, 2.29, 2.54, 1.66, 1.13, 1.09, 1.52, 1.29, 1.59, 1.77, 2.44, 3.03, 2.15, 1.91, 3.86, 4.8, 5.32, 5.32, 7.62, 11.92, 14.221, 15.693, 16.389, 16.106, 16.093, 16.126, 15.739, 15.246, 15.246, 15.186], [2.09, 2.28, 3.22, 4.42, 5.91, 7.98, 8.91, 8.25, 7.95, 8.84, 9.13, 9.18, 8.43, 7.9, 7.86, 7.54, 7.45, 7.83, 8.32, 7.93, 8.27, 8.14, 7.57, 7.0, 7.02, 7.05, 6.48, 6.33, 6.09, 5.92, 6.03, 5.89, 6.12, 5.33, 3.62, 3.42, 4.28, 5.13, 4.79, 4.14, 3.72, 3.65, 3.5, 3.57, 3.74, 3.58, 3.7, 3.61, 3.32, 2.8, 2.57, 2.87, 2.49, 1.22, 0, 0.78, 1.86, 3.11, 3.06, 2.34, 1.67, 1.95, 2.38, 1.73, 1.61, 1.73, 1.92, 2.11, 1.71, 2.45, 4.54, 5.62, 6.369, 6.28, 8.64, 12.96, 15.19, 16.668, 17.364, 17.087, 17.074, 17.115, 16.728, 16.227, 16.227, 16.167], [1.95, 2.18, 3.12, 4.32, 5.81, 7.86, 8.79, 8.13, 7.85, 8.72, 8.91, 8.96, 8.15, 7.72, 7.68, 7.28, 7.21, 7.59, 8.16, 7.79, 8.11, 7.96, 7.39, 6.9, 6.88, 6.91, 6.38, 6.23, 5.99, 5.82, 5.93, 5.77, 6.02, 4.97, 3.34, 3.26, 4.06, 5.03, 4.69, 4.02, 3.68, 3.61, 3.42, 3.49, 3.68, 3.5, 3.64, 3.55, 3.26, 2.7, 2.41, 2.71, 2.35, 1.22, 0.78, 0, 1.82, 3.03, 3.12, 2.4, 1.77, 1.87, 2.36, 1.79, 1.83, 1.95, 2.26, 2.47, 1.99, 2.53, 4.44, 5.42, 6.22, 6.1, 8.54, 12.82, 15.09, 16.565, 17.261, 16.984, 16.971, 17.012, 16.625, 16.124, 16.124, 16.064], [2.55, 1.5, 1.6, 2.84, 4.23, 6.34, 7.21, 6.53, 6.29, 7.22, 7.63, 7.72, 7.01, 6.5, 6.48, 6.14, 6.03, 6.41, 6.92, 6.55, 6.83, 6.66, 6.11, 5.54, 5.44, 5.47, 5.06, 4.95, 4.67, 4.46, 4.39, 4.25, 4.72, 4.63, 3.3, 2.24, 2.92, 3.51, 3.15, 2.66, 2.2, 1.95, 1.88, 1.95, 2.04, 1.88, 1.98, 2.13, 2.08, 1.7, 1.81, 2.05, 1.77, 1.16, 1.86, 1.82, 0, 1.51, 1.78, 1.04, 1.15, 0.97, 1.3, 1.33, 1.49, 1.73, 2.7, 3.23, 2.47, 1.45, 3.34, 4.42, 4.96, 5.0, 6.98, 11.36, 13.43, 14.914, 15.61, 15.333, 15.32, 15.379, 14.992, 14.473, 14.482, 14.422], [3.46, 2.23, 1.67, 2.27, 3.18, 5.27, 6.1, 5.38, 5.28, 6.25, 6.66, 6.79, 6.12, 5.53, 5.57, 5.15, 5.04, 5.44, 5.91, 5.5, 5.82, 5.65, 5.14, 4.77, 4.73, 4.9, 4.71, 4.6, 4.28, 3.95, 3.86, 3.86, 4.55, 4.62, 3.41, 2.21, 2.61, 2.74, 3.08, 3.31, 2.25, 2.04, 2.05, 1.84, 1.71, 1.65, 1.67, 2.1, 2.05, 2.37, 2.4, 2.44, 2.4, 2.29, 3.11, 3.03, 1.51, 0, 1.03, 1.41, 1.8, 1.56, 1.73, 2.04, 2.46, 2.66, 3.81, 4.32, 3.32, 1.44, 2.95, 4.07, 4.55, 4.59, 5.93, 10.39, 12.16, 13.65, 14.349, 14.072, 14.059, 14.137, 13.75, 13.22, 13.26, 13.2], [4.03, 2.56, 1.94, 2.24, 3.37, 5.38, 6.33, 5.55, 5.33, 6.42, 6.93, 7.06, 6.37, 5.78, 5.82, 5.44, 5.33, 5.71, 6.08, 5.79, 6.09, 5.92, 5.37, 4.92, 4.78, 4.83, 4.52, 4.37, 4.07, 3.7, 3.69, 3.63, 4.3, 4.55, 3.38, 2.44, 2.82, 2.89, 3.37, 3.66, 2.74, 2.49, 2.38, 2.19, 2.04, 1.92, 1.96, 2.33, 2.34, 2.72, 2.83, 2.77, 2.77, 2.54, 3.06, 3.12, 1.78, 1.03, 0, 1.48, 1.85, 1.85, 1.98, 1.99, 2.35, 2.55, 3.58, 4.11, 3.13, 1.63, 3.02, 4.18, 4.66, 4.72, 6.14, 10.58, 12.23, 13.72, 14.419, 14.153, 14.129, 14.21, 13.823, 13.293, 13.333, 13.273], [2.89, 1.54, 1.6, 2.62, 4.11, 6.18, 7.11, 6.33, 6.09, 7.18, 7.69, 7.78, 7.05, 6.52, 6.56, 6.2, 6.09, 6.47, 6.88, 6.55, 6.85, 6.68, 6.13, 5.62, 5.48, 5.41, 4.88, 4.79, 4.53, 4.18, 4.19, 4.09, 4.64, 4.69, 3.28, 2.34, 2.98, 3.37, 3.03, 2.78, 2.34, 1.91, 1.64, 1.75, 1.7, 1.52, 1.66, 1.65, 1.64, 1.72, 1.79, 2.05, 1.93, 1.66, 2.34, 2.4, 1.04, 1.41, 1.48, 0, 0.95, 0.97, 1.04, 1.23, 1.63, 1.93, 2.74, 3.43, 2.53, 1.25, 3.46, 4.68, 5.178, 5.26, 6.9, 11.32, 13.13, 14.594, 15.29, 15.013, 15.0, 15.05, 14.663, 14.153, 14.159, 14.099], [2.62, 1.41, 2.09, 3.05, 4.64, 6.75, 7.62, 6.88, 6.7, 7.75, 8.16, 8.25, 7.56, 7.05, 7.03, 6.65, 6.56, 6.96, 7.43, 7.06, 7.36, 7.19, 6.6, 6.05, 5.99, 5.94, 5.41, 5.26, 4.96, 4.69, 4.76, 4.72, 5.21, 5.0, 3.31, 2.69, 3.51, 3.86, 3.62, 3.09, 2.79, 2.4, 2.11, 2.16, 2.35, 2.21, 2.39, 2.32, 2.17, 2.05, 1.92, 2.24, 2.0, 1.13, 1.67, 1.77, 1.15, 1.8, 1.85, 0.95, 0, 0.74, 1.01, 1.04, 1.44, 1.66, 2.19, 2.8, 1.92, 1.5, 3.89, 5.11, 5.608, 5.69, 7.45, 11.83, 13.78, 15.241, 15.937, 15.66, 15.647, 15.697, 15.31, 14.8, 14.8, 14.74], [2.38, 1.15, 1.63, 2.75, 4.24, 6.35, 7.14, 6.44, 6.3, 7.35, 7.8, 7.93, 7.2, 6.71, 6.67, 6.25, 6.14, 6.56, 7.03, 6.66, 6.9, 6.73, 6.14, 5.63, 5.51, 5.52, 5.05, 4.92, 4.64, 4.43, 4.44, 4.34, 4.81, 4.64, 3.03, 2.43, 3.21, 3.52, 3.14, 2.77, 2.41, 1.98, 1.73, 1.78, 1.95, 1.81, 1.97, 1.98, 1.93, 1.71, 1.62, 1.92, 1.76, 1.09, 1.95, 1.87, 0.97, 1.56, 1.85, 0.97, 0.74, 0, 0.97, 1.26, 1.64, 1.62, 2.63, 3.18, 2.2, 1.5, 3.53, 4.63, 5.13, 5.27, 7.01, 11.37, 13.28, 14.752, 15.448, 15.171, 15.158, 15.237, 14.85, 14.34, 14.34, 14.28], [2.51, 1.12, 1.7, 2.68, 4.19, 6.22, 7.07, 6.33, 6.23, 7.3, 7.75, 7.84, 7.21, 6.68, 6.66, 6.22, 6.11, 6.55, 6.98, 6.63, 6.87, 6.66, 6.11, 5.62, 5.46, 5.43, 4.84, 4.73, 4.49, 4.22, 4.35, 4.29, 4.74, 4.51, 3.18, 2.36, 3.1, 3.49, 3.01, 2.72, 2.38, 1.91, 1.56, 1.67, 1.82, 1.7, 1.8, 1.81, 1.74, 1.64, 1.69, 1.99, 1.79, 1.52, 2.38, 2.36, 1.3, 1.73, 1.98, 1.04, 1.01, 0.97, 0, 1.09, 1.51, 1.85, 2.76, 3.37, 2.41, 1.43, 3.42, 4.62, 5.08, 5.28, 6.96, 11.22, 12.93, 14.331, 15.027, 14.75, 14.737, 14.804, 14.432, 13.942, 13.922, 13.862], [2.92, 1.69, 2.21, 3.35, 4.86, 6.85, 7.78, 7.02, 6.78, 7.87, 8.38, 8.49, 7.78, 7.21, 7.29, 6.89, 6.78, 7.2, 7.61, 7.3, 7.58, 7.39, 6.8, 6.31, 6.17, 6.12, 5.37, 5.22, 5.0, 4.71, 4.94, 4.86, 5.21, 4.98, 3.43, 2.71, 3.59, 4.16, 3.68, 3.43, 2.93, 2.56, 2.27, 2.32, 2.39, 2.19, 2.33, 2.26, 2.09, 2.03, 2.02, 2.28, 2.2, 1.29, 1.73, 1.79, 1.33, 2.04, 1.99, 1.23, 1.04, 1.26, 1.09, 0, 0.8, 1.3, 2.05, 2.64, 1.74, 1.62, 3.77, 5.13, 5.65, 5.71, 7.63, 11.99, 13.66, 15.05, 15.76, 15.486, 15.47, 15.503, 15.136, 14.64, 14.64, 14.58], [3.24, 2.07, 2.71, 3.87, 5.36, 7.39, 8.32, 7.54, 7.3, 8.41, 8.92, 9.01, 8.26, 7.73, 7.81, 7.43, 7.32, 7.74, 8.15, 7.84, 8.12, 7.93, 7.34, 6.83, 6.71, 6.68, 5.93, 5.72, 5.52, 5.27, 5.48, 5.36, 5.67, 5.5, 3.97, 3.17, 3.99, 4.68, 4.22, 3.81, 3.39, 3.04, 2.71, 2.84, 2.85, 2.67, 2.81, 2.78, 2.67, 2.39, 2.44, 2.82, 2.62, 1.59, 1.61, 1.83, 1.49, 2.46, 2.35, 1.63, 1.44, 1.64, 1.51, 0.8, 0, 0.7, 1.45, 2.06, 1.26, 1.96, 4.21, 5.57, 6.07, 6.13, 8.17, 12.55, 14.26, 15.65, 16.34, 16.06, 16.05, 16.1, 15.71, 15.2, 15.2, 15.14], [3.42, 2.23, 2.97, 4.11, 5.6, 7.65, 8.58, 7.8, 7.56, 8.67, 9.16, 9.27, 8.48, 7.97, 8.03, 7.67, 7.56, 7.98, 8.41, 8.1, 8.38, 8.19, 7.58, 7.05, 6.95, 6.9, 6.31, 6.12, 5.92, 5.65, 5.74, 5.58, 5.95, 5.96, 4.27, 3.59, 4.29, 4.9, 4.44, 4.09, 3.61, 3.24, 2.95, 3.04, 3.05, 2.85, 2.93, 2.96, 2.99, 2.73, 2.76, 3.14, 2.96, 1.77, 1.73, 1.95, 1.73, 2.66, 2.55, 1.93, 1.66, 1.62, 1.85, 1.3, 0.7, 0, 1.33, 1.96, 1.2, 2.36, 4.63, 5.83, 6.35, 6.39, 8.43, 12.77, 14.42, 15.83, 16.52, 16.24, 16.23, 16.28, 15.89, 15.38, 15.38, 15.32], [3.57, 2.96, 4.04, 5.2, 6.69, 8.74, 9.67, 8.89, 8.65, 9.76, 10.25, 10.38, 9.57, 9.06, 9.12, 8.76, 8.65, 9.07, 9.5, 9.19, 9.47, 9.28, 8.67, 8.14, 8.04, 7.99, 7.24, 7.03, 6.85, 6.6, 6.83, 6.67, 6.98, 6.63, 4.6, 4.38, 5.32, 5.99, 5.55, 5.12, 4.74, 4.37, 4.04, 4.13, 4.16, 3.96, 4.1, 4.05, 3.86, 3.6, 3.41, 3.83, 3.59, 2.44, 1.92, 2.26, 2.7, 3.81, 3.58, 2.74, 2.19, 2.63, 2.76, 2.05, 1.45, 1.33, 0, 0.99, 0.93, 2.99, 5.48, 6.88, 7.38, 7.44, 9.52, 13.86, 15.61, 17.04, 17.73, 17.45, 17.44, 17.49, 17.1, 16.59, 16.59, 16.53], [3.6, 3.59, 4.65, 5.77, 7.26, 9.37, 10.26, 9.48, 9.28, 10.37, 10.82, 10.91, 10.14, 9.65, 9.69, 9.33, 9.22, 9.64, 10.13, 9.78, 10.06, 9.87, 9.24, 8.71, 8.65, 8.62, 7.89, 7.68, 7.48, 7.23, 7.42, 7.3, 7.55, 6.9, 4.87, 4.83, 5.73, 6.56, 6.2, 5.69, 5.17, 4.84, 4.67, 4.72, 4.77, 4.59, 4.77, 4.76, 4.53, 4.17, 3.88, 4.22, 4.08, 3.03, 2.11, 2.47, 3.23, 4.32, 4.11, 3.43, 2.8, 3.18, 3.37, 2.64, 2.06, 1.96, 0.99, 0, 1.3, 3.56, 5.91, 7.29, 7.95, 7.97, 10.15, 14.47, 16.16, 17.53, 18.22, 17.94, 17.93, 17.98, 17.59, 17.1, 17.08, 17.02], [3.32, 2.63, 3.69, 4.85, 6.34, 8.37, 9.24, 8.5, 8.32, 9.39, 9.88, 9.95, 9.28, 8.75, 8.79, 8.35, 8.24, 8.7, 9.13, 8.78, 9.04, 8.85, 8.26, 7.75, 7.63, 7.62, 6.89, 6.72, 6.5, 6.27, 6.48, 6.38, 6.73, 6.36, 4.35, 4.07, 4.97, 5.64, 5.18, 4.77, 4.33, 3.94, 3.69, 3.72, 3.85, 3.67, 3.87, 3.86, 3.61, 3.47, 3.22, 3.56, 3.34, 2.15, 1.71, 1.99, 2.47, 3.32, 3.13, 2.53, 1.92, 2.2, 2.41, 1.74, 1.26, 1.2, 0.93, 1.3, 0, 2.74, 5.17, 6.55, 7.03, 7.13, 9.13, 13.49, 15.06, 16.43, 17.08, 16.86, 16.83, 16.98, 16.59, 16.06, 16.1, 16.04], [2.82, 1.81, 1.65, 2.45, 3.9, 5.97, 6.74, 6.1, 5.94, 6.99, 7.38, 7.53, 6.8, 6.27, 6.27, 5.85, 5.74, 6.2, 6.71, 6.3, 6.54, 6.35, 5.74, 5.21, 5.17, 5.18, 4.51, 4.32, 4.1, 3.93, 4.08, 3.96, 4.23, 3.98, 2.69, 1.87, 2.63, 3.16, 2.98, 2.99, 2.17, 1.96, 2.01, 1.96, 2.07, 1.81, 1.85, 2.1, 1.67, 1.71, 1.74, 1.78, 1.76, 1.91, 2.45, 2.53, 1.45, 1.44, 1.63, 1.25, 1.5, 1.5, 1.43, 1.62, 1.96, 2.36, 2.99, 3.56, 2.74, 0, 2.63, 3.93, 4.41, 4.53, 6.69, 10.97, 12.96, 14.43, 15.12, 14.84, 14.83, 14.865, 14.475, 13.98, 13.98, 13.92], [3.59, 3.4, 2.9, 1.78, 1.77, 3.72, 4.61, 3.99, 3.77, 4.74, 5.07, 5.16, 4.47, 3.98, 3.98, 3.54, 3.47, 3.93, 4.44, 4.05, 4.27, 4.16, 3.49, 3.0, 3.02, 3.17, 2.62, 2.47, 2.23, 2.12, 2.25, 2.11, 2.42, 2.15, 1.94, 1.62, 1.52, 2.05, 2.71, 2.88, 2.4, 2.53, 2.76, 2.75, 2.74, 2.76, 2.7, 2.63, 2.48, 2.62, 2.75, 2.41, 2.65, 3.86, 4.54, 4.44, 3.34, 2.95, 3.02, 3.46, 3.89, 3.53, 3.42, 3.77, 4.21, 4.63, 5.48, 5.91, 5.17, 2.63, 0, 1.52, 2.28, 2.28, 4.48, 8.72, 10.75, 12.22, 12.91, 12.65, 12.62, 12.664, 12.283, 11.79, 11.79, 11.73], [4.51, 4.42, 3.64, 2.5, 1.53, 2.58, 3.47, 2.89, 2.63, 3.48, 3.71, 3.92, 3.15, 2.68, 2.66, 2.22, 2.15, 2.59, 3.12, 2.71, 3.01, 2.92, 2.21, 1.76, 1.74, 1.93, 1.66, 1.55, 1.43, 1.58, 1.57, 1.59, 1.46, 1.55, 2.82, 2.68, 2.14, 2.09, 2.83, 2.98, 2.76, 3.13, 3.54, 3.69, 3.76, 3.86, 3.7, 3.65, 3.58, 3.56, 3.75, 3.43, 3.55, 4.8, 5.62, 5.42, 4.42, 4.07, 4.18, 4.68, 5.11, 4.63, 4.62, 5.13, 5.57, 5.83, 6.88, 7.29, 6.55, 3.93, 1.52, 0, 1.04, 1.06, 3.3, 7.48, 9.75, 11.22, 11.93, 11.641, 11.628, 11.658, 11.271, 10.781, 10.781, 10.721], [5.29, 4.9, 4.08, 2.96, 1.93, 1.92, 2.75, 2.17, 1.89, 2.74, 3.11, 3.28, 2.53, 2.0, 1.98, 1.74, 1.75, 2.11, 2.6, 2.03, 2.27, 2.14, 1.59, 1.2, 1.18, 1.35, 1.16, 1.27, 1.31, 1.62, 1.63, 1.69, 1.48, 2.17, 3.5, 3.38, 2.718, 2.17, 2.85, 3.02, 3.2, 3.53, 3.98, 4.15, 4.2, 4.34, 4.2, 4.13, 4.04, 4.18, 4.33, 3.99, 4.15, 5.32, 6.369, 6.22, 4.96, 4.55, 4.66, 5.178, 5.608, 5.13, 5.08, 5.65, 6.07, 6.35, 7.38, 7.95, 7.03, 4.41, 2.28, 1.04, 0, 0.62, 2.62, 6.74, 9.05, 10.52, 11.21, 10.926, 10.916, 10.949, 10.559, 10.066, 10.066, 10.006], [5.27, 5.02, 4.18, 3.04, 1.89, 2.04, 2.85, 2.21, 1.89, 2.78, 3.15, 3.28, 2.49, 1.96, 1.88, 1.58, 1.55, 1.87, 2.4, 1.97, 2.29, 2.28, 1.51, 1.16, 1.24, 1.35, 1.36, 1.33, 1.49, 1.72, 1.75, 1.75, 1.54, 2.23, 3.52, 3.42, 2.82, 2.21, 2.95, 3.12, 3.22, 3.61, 4.08, 4.23, 4.26, 4.42, 4.26, 4.21, 4.12, 4.18, 4.35, 4.01, 4.09, 5.32, 6.28, 6.1, 5.0, 4.59, 4.72, 5.26, 5.69, 5.27, 5.28, 5.71, 6.13, 6.39, 7.44, 7.97, 7.13, 4.53, 2.28, 1.06, 0.62, 0, 2.66, 6.84, 9.17, 10.64, 11.33, 11.058, 11.036, 11.069, 10.687, 10.198, 10.197, 10.137], [7.47, 6.72, 5.78, 4.56, 2.95, 1.4, 1.27, 1.39, 1.59, 1.4, 1.65, 1.9, 1.71, 1.58, 1.64, 1.96, 1.83, 1.91, 2.12, 2.25, 2.01, 2.3, 2.03, 2.36, 2.42, 2.41, 2.78, 2.95, 3.11, 3.34, 3.29, 3.45, 3.38, 4.35, 5.76, 5.48, 4.84, 3.69, 4.47, 5.0, 5.16, 5.35, 5.54, 5.59, 5.54, 5.8, 5.64, 5.71, 5.9, 6.32, 6.53, 6.11, 6.43, 7.62, 8.64, 8.54, 6.98, 5.93, 6.14, 6.9, 7.45, 7.01, 6.96, 7.63, 8.17, 8.43, 9.52, 10.15, 9.13, 6.69, 4.48, 3.3, 2.62, 2.66, 0, 4.56, 6.623, 8.096, 8.792, 8.515, 8.502, 8.552, 8.165, 7.655, 7.675, 7.615], [11.87, 11.18, 10.2, 8.9, 7.41, 5.4, 4.57, 5.21, 5.43, 4.34, 3.95, 4.12, 4.89, 5.36, 5.44, 5.84, 5.85, 5.69, 5.48, 5.65, 5.09, 5.22, 5.63, 6.14, 6.2, 6.13, 6.96, 7.27, 7.43, 7.72, 7.57, 7.73, 7.48, 8.61, 10.06, 9.92, 9.3, 8.03, 8.43, 9.04, 9.54, 9.71, 9.96, 10.01, 9.9, 10.16, 10.06, 10.05, 10.22, 10.62, 10.85, 10.43, 10.63, 11.92, 12.96, 12.82, 11.36, 10.39, 10.58, 11.32, 11.83, 11.37, 11.22, 11.99, 12.55, 12.77, 13.86, 14.47, 13.49, 10.97, 8.72, 7.48, 6.74, 6.84, 4.56, 0, 2.43, 3.88, 4.518, 4.321, 4.268, 4.258, 3.951, 3.461, 3.441, 3.41], [14.059, 13.103, 12.214, 10.93, 9.36, 7.47, 6.56, 7.14, 7.48, 6.53, 6.2, 6.25, 7.16, 7.67, 7.73, 8.15, 8.18, 7.96, 7.73, 7.94, 7.36, 7.51, 7.96, 8.41, 8.423, 8.37, 9.0, 9.247, 