[[0, 1.48, 3.32, 4.3, 4.87, 4.52, 5.15, 5.48, 5.32, 4.83, 4.76, 5.06, 4.96, 4.61, 4.14, 3.68, 2.63, 2.17, 2.07, 2.07, 1.89, 1.67, 1.69, 1.68, 1.5, 1.4, 1.55, 1.65, 2.21, 2.13, 2.61, 2.29, 1.98, 2.4, 2.45, 1.65, 1.21, 1.11, 0.95, 1.31, 2.05, 2.63, 1.73, 1.28, 1.33, 1.21, 1.17, 1.15, 1.67, 1.98, 1.91, 2.68, 3.77, 4.84, 5.52, 6.83, 7.202, 6.48, 5.16, 4.76, 5.16, 5.59, 5.6, 5.02, 4.57, 4.54, 4.54, 4.55, 3.74, 3.78, 4.03, 4.4, 4.52, 4.53, 4.01, 3.29, 3.66, 3.84, 3.65, 3.48, 3.59, 3.07, 2.88, 2.84, 3.087, 3.095], [1.48, 0, 1.96, 3.24, 3.95, 3.6, 4.03, 4.36, 4.24, 3.77, 3.62, 3.92, 3.84, 3.49, 3.1, 2.78, 2.35, 2.33, 2.47, 2.69, 2.61, 2.29, 2.07, 2.04, 1.84, 1.52, 1.51, 1.55, 1.59, 1.57, 1.95, 1.67, 1.54, 1.42, 1.41, 1.23, 1.63, 2.07, 1.83, 2.03, 3.25, 3.81, 2.81, 2.26, 2.21, 2.17, 1.69, 1.67, 1.49, 1.52, 1.75, 2.7, 3.35, 4.26, 4.8, 5.93, 6.31, 5.56, 4.46, 4.32, 4.7, 5.07, 5.04, 4.5, 4.11, 4.14, 4.3, 4.15, 3.46, 3.62, 4.03, 4.28, 4.36, 4.29, 3.79, 2.85, 3.02, 3.12, 2.99, 2.92, 2.83, 2.43, 2.42, 2.28, 2.49, 2.27], [3.32, 1.96, 0, 1.42, 2.13, 1.82, 2.19, 2.56, 2.46, 2.19, 2.06, 2.14, 2.12, 1.95, 1.86, 1.96, 2.53, 2.93, 3.51, 4.35, 4.33, 3.95, 3.29, 3.44, 3.36, 2.98, 2.97, 2.89, 2.25, 2.49, 1.95, 2.17, 2.66, 2.06, 1.83, 2.37, 3.29, 3.95, 3.65, 3.73, 4.95, 5.57, 4.55, 4.02, 3.93, 3.93, 3.37, 3.15, 2.33, 2.0, 2.21, 2.94, 3.43, 3.64, 4.02, 4.73, 4.81, 4.16, 3.46, 3.6, 4.32, 4.61, 4.46, 4.44, 4.21, 4.32, 4.68, 4.37, 3.92, 4.14, 4.61, 4.72, 4.8, 4.81, 4.25, 3.17, 2.92, 3.12, 3.17, 3.1, 2.93, 2.67, 2.54, 2.44, 2.47, 2.33], [4.3, 3.24, 1.42, 0, 0.81, 0.84, 1.33, 1.94, 2.04, 1.93, 1.88, 1.96, 1.94, 1.89, 2.02, 2.12, 3.17, 3.83, 4.53, 5.45, 5.437, 5.1, 4.443, 4.52, 4.44, 3.94, 3.97, 3.85, 3.25, 3.43, 2.71, 3.01, 3.62, 3.0, 2.75, 3.35, 4.37, 5.03, 4.65, 4.69, 5.94, 6.617, 5.503, 4.94, 4.85, 4.89, 4.37, 4.114, 3.13, 2.64, 2.83, 3.18, 3.57, 3.74, 3.94, 4.39, 4.21, 3.78, 3.42, 3.74, 4.54, 4.77, 4.4, 4.62, 4.51, 4.64, 5.16, 4.97, 4.46, 4.6, 4.99, 5.2, 5.34, 5.45, 4.73, 3.79, 3.32, 3.54, 3.63, 3.56, 3.41, 3.25, 3.2, 3.04, 2.95, 2.93], [4.87, 3.95, 2.13, 0.81, 0, 0.67, 1.08, 1.69, 1.81, 1.84, 1.83, 1.79, 1.77, 1.72, 1.79, 2.05, 3.5, 4.32, 5.019, 5.965, 5.933, 5.673, 5.1, 5.135, 5.01, 4.53, 4.56, 4.4, 3.72, 3.82, 3.16, 3.48, 4.05, 3.47, 3.22, 3.88, 4.98, 5.54, 5.22, 5.14, 6.32, 7.147, 6.093, 5.47, 5.34, 5.38, 4.82, 4.62, 3.54, 3.11, 3.28, 3.35, 3.54, 3.65, 3.73, 4.16, 3.96, 3.57, 3.23, 3.77, 4.71, 4.64, 4.33, 4.77, 4.8, 4.91, 5.51, 5.36, 4.85, 4.99, 5.44, 5.59, 5.71, 5.8, 5.06, 4.12, 3.49, 3.79, 3.94, 3.77, 3.8, 3.7, 3.81, 3.65, 3.52, 3.52], [4.52, 3.6, 1.82, 0.84, 0.67, 0, 1.09, 1.62, 1.64, 1.65, 1.66, 1.64, 1.58, 1.51, 1.56, 1.74, 3.09, 3.91, 4.646, 5.612, 5.541, 5.341, 4.71, 4.8, 4.62, 4.14, 4.17, 4.01, 3.33, 3.43, 2.73, 3.05, 3.64, 3.12, 2.91, 3.53, 4.63, 5.17, 4.83, 4.69, 5.91, 6.77, 5.71, 5.12, 4.99, 5.01, 4.47, 4.25, 3.21, 2.72, 2.95, 3.16, 3.35, 3.44, 3.52, 3.97, 3.79, 3.42, 3.08, 3.66, 4.58, 4.47, 4.18, 4.66, 4.71, 4.78, 5.4, 5.25, 4.7, 4.88, 5.29, 5.48, 5.62, 5.69, 4.95, 3.99, 3.34, 3.64, 3.81, 3.62, 3.67, 3.49, 3.56, 3.38, 3.27, 3.27], [5.15, 4.03, 2.19, 1.33, 1.08, 1.09, 0, 0.89, 1.05, 1.06, 1.15, 1.13, 1.17, 1.14, 1.55, 1.89, 3.44, 4.32, 5.14, 6.12, 6.071, 5.86, 5.22, 5.29, 5.17, 4.77, 4.74, 4.58, 3.94, 4.08, 3.32, 3.62, 4.15, 3.53, 3.28, 4.0, 5.1, 5.68, 5.44, 5.36, 6.62, 7.36, 6.4, 5.83, 5.72, 5.68, 5.14, 5.0, 3.9, 3.41, 3.54, 3.41, 3.26, 3.23, 3.19, 3.58, 3.38, 3.03, 2.81, 3.31, 4.21, 4.12, 3.69, 4.41, 4.54, 4.51, 5.25, 5.14, 4.69, 4.77, 5.22, 5.23, 5.39, 5.4, 4.76, 3.86, 3.19, 3.37, 3.6, 3.51, 3.52, 3.58, 3.87, 3.69, 3.56, 3.66], [5.48, 4.36, 2.56, 1.94, 1.69, 1.62, 0.89, 0, 0.56, 0.97, 1.22, 1.2, 1.12, 1.35, 1.92, 2.32, 3.83, 4.75, 5.57, 6.53, 6.474, 6.271, 5.65, 5.7, 5.56, 5.1, 5.07, 4.91, 4.29, 4.45, 3.75, 4.09, 4.58, 3.9, 3.69, 4.39, 5.51, 6.05, 5.81, 5.81, 7.05, 7.734, 6.79, 6.2, 6.09, 6.05, 5.53, 5.41, 4.31, 3.8, 3.89, 3.64, 2.99, 2.98, 2.84, 3.03, 2.85, 2.52, 2.36, 2.92, 3.76, 3.67, 3.22, 4.06, 4.27, 4.36, 5.16, 5.07, 4.66, 4.78, 5.25, 5.14, 5.26, 5.31, 4.71, 3.89, 3.12, 3.22, 3.47, 3.46, 3.59, 3.65, 3.92, 3.72, 3.65, 3.73], [5.32, 4.24, 2.46, 2.04, 1.81, 1.64, 1.05, 0.56, 0, 0.75, 0.98, 0.98, 0.88, 1.09, 1.66, 2.06, 3.65, 4.57, 5.35, 6.35, 6.31, 6.07, 5.43, 5.52, 5.34, 4.92, 4.83, 4.61, 3.95, 4.11, 3.65, 4.05, 4.36, 3.76, 3.51, 4.23, 5.33, 5.91, 5.65, 5.63, 6.83, 7.55, 6.57, 5.98, 5.89, 5.89, 5.35, 5.13, 4.09, 3.64, 3.73, 3.48, 2.79, 2.74, 2.56, 2.83, 2.73, 2.34, 2.08, 2.74, 3.62, 3.45, 3.0, 3.96, 4.13, 4.28, 5.06, 4.99, 4.58, 4.7, 5.17, 5.06, 5.18, 5.23, 4.63, 3.73, 3.02, 3.12, 3.37, 3.36, 3.49, 3.55, 3.82, 3.64, 3.55, 3.55], [4.83, 3.77, 2.19, 1.93, 1.84, 1.65, 1.06, 0.97, 0.75, 0, 0.51, 0.77, 0.67, 0.74, 1.23, 1.61, 3.08, 3.98, 4.78, 5.76, 5.72, 5.5, 4.86, 4.93, 4.83, 4.39, 4.3, 4.1, 3.58, 3.72, 3.36, 3.74, 3.95, 3.45, 3.18, 3.86, 4.76, 5.38, 5.16, 5.14, 6.36, 7.0, 6.04, 5.45, 5.36, 5.34, 4.82, 4.64, 3.6, 3.15, 3.24, 3.07, 2.74, 2.75, 2.63, 3.02, 3.16, 2.53, 2.17, 2.67, 3.53, 3.54, 3.05, 3.83, 4.04, 4.05, 4.81, 4.72, 4.29, 4.37, 4.9, 4.79, 4.95, 4.98, 4.36, 3.44, 2.75, 2.91, 3.16, 3.11, 3.18, 3.22, 3.41, 3.27, 3.2, 3.16], [4.76, 3.62, 2.06, 1.88, 1.83, 1.66, 1.15, 1.22, 0.98, 0.51, 0, 0.68, 0.66, 0.57, 1.08, 1.4, 2.93, 3.81, 4.59, 5.55, 5.55, 5.31, 4.63, 4.74, 4.6, 4.2, 4.13, 3.91, 3.35, 3.51, 3.15, 3.51, 3.7, 3.14, 2.93, 3.49, 4.55, 5.21, 4.97, 4.91, 6.13, 6.83, 5.83, 5.3, 5.21, 5.25, 4.69, 4.43, 3.35, 2.92, 3.11, 2.92, 2.73, 2.7, 2.54, 3.09, 3.37, 2.68, 2.2, 2.72, 3.58, 3.43, 2.98, 3.82, 4.03, 4.0, 4.78, 4.67, 4.22, 4.3, 4.81, 4.78, 4.96, 4.93, 4.27, 3.41, 2.76, 2.88, 3.13, 3.06, 3.05, 3.15, 3.3, 3.16, 3.05, 3.05], [5.06, 3.92, 2.14, 1.96, 1.79, 1.64, 1.13, 1.2, 0.98, 0.77, 0.68, 0, 0.42, 0.75, 1.18, 1.56, 3.21, 4.07, 4.87, 5.846, 5.87, 5.627, 4.961, 4.996, 4.88, 4.46, 4.35, 4.05, 3.47, 3.55, 3.19, 3.57, 3.66, 3.18, 2.99, 3.69, 4.91, 5.45, 5.19, 5.09, 6.27, 7.11, 6.202, 5.68, 5.55, 5.61, 5.03, 4.79, 3.61, 3.24, 3.45, 3.12, 2.69, 2.66, 2.54, 3.09, 3.31, 2.64, 2.26, 2.82, 3.7, 3.43, 3.06, 3.84, 3.99, 4.1, 4.76, 4.57, 4.14, 4.32, 4.75, 4.72, 4.98, 4.95, 4.33, 3.45, 2.72, 2.86, 3.11, 3.04, 3.11, 3.27, 3.54, 3.34, 3.27, 3.27], [4.96, 3.84, 2.12, 1.94, 1.77, 1.58, 1.17, 1.12, 0.88, 0.67, 0.66, 0.42, 0, 0.61, 1.12, 1.48, 3.13, 4.03, 4.85, 5.826, 5.795, 5.567, 4.892, 4.996, 4.829, 4.42, 4.31, 4.03, 3.49, 3.53, 3.13, 3.49, 3.78, 3.2, 3.01, 3.67, 4.83, 5.39, 5.15, 5.07, 6.23, 7.05, 6.11, 5.58, 5.45, 5.49, 4.93, 4.69, 3.51, 3.14, 3.35, 3.06, 2.61, 2.56, 2.44, 3.05, 3.23, 2.52, 2.14, 2.7, 3.58, 3.33, 3.08, 3.82, 3.99, 4.04, 4.72, 4.59, 4.18, 4.26, 4.77, 4.7, 4.94, 4.91, 4.29, 3.39, 2.68, 2.82, 3.07, 3.0, 3.09, 3.19, 3.48, 3.3, 3.23, 3.21], [4.61, 3.49, 1.95, 1.89, 1.72, 1.51, 1.14, 1.35, 1.09, 0.74, 0.57, 0.75, 0.61, 0, 0.71, 1.15, 2.76, 3.679, 4.416, 5.402, 5.371, 5.203, 4.54, 4.592, 4.49, 4.07, 4.0, 3.8, 3.28, 3.24, 2.92, 3.24, 3.39, 2.91, 2.66, 3.36, 4.46, 5.04, 4.78, 4.66, 5.86, 6.706, 5.78, 5.248, 5.12, 5.14, 4.58, 4.34, 3.16, 2.77, 2.98, 2.79, 2.54, 2.55, 2.47, 3.16, 3.4, 2.69, 2.15, 2.67, 3.59, 3.3, 3.13, 3.77, 3.94, 3.97, 4.69, 4.58, 4.13, 4.19, 4.68, 4.67, 4.91, 4.88, 4.24, 3.34, 2.65, 2.79, 3.04, 2.95, 2.98, 3.12, 3.23, 3.09, 2.98, 2.98], [4.14, 3.1, 1.86, 2.02, 1.79, 1.56, 1.55, 1.92, 1.66, 1.23, 1.08, 1.18, 1.12, 0.71, 0, 0.64, 2.27, 3.13, 3.91, 4.89, 4.85, 4.624, 3.99, 4.04, 3.98, 3.6, 3.61, 3.49, 3.07, 3.05, 2.69, 2.97, 3.22, 2.84, 2.57, 3.05, 3.99, 4.53, 4.25, 4.13, 5.33, 6.17, 5.25, 4.74, 4.63, 4.65, 4.07, 3.83, 2.73, 2.32, 2.55, 2.56, 2.53, 2.6, 2.56, 3.43, 3.77, 3.08, 2.28, 2.72, 3.62, 3.31, 3.26, 3.72, 3.83, 3.9, 4.58, 4.43, 3.98, 4.06, 4.53, 4.54, 4.8, 4.77, 4.11, 3.23, 2.54, 2.7, 2.93, 2.84, 2.85, 2.93, 3.06, 2.9, 2.79, 2.87], [3.68, 2.78, 1.96, 2.12, 2.05, 1.74, 1.89, 2.32, 2.06, 1.61, 1.4, 1.56, 1.48, 1.15, 0.64, 0, 1.73, 2.61, 3.39, 4.383, 4.35, 4.127, 3.47, 3.599, 3.5, 3.1, 3.09, 3.09, 2.73, 2.73, 2.63, 2.87, 3.0, 2.68, 2.55, 2.81, 3.57, 4.09, 3.91, 3.77, 4.95, 5.71, 4.83, 4.26, 4.13, 4.17, 3.61, 3.37, 2.27, 2.0, 2.33, 2.52, 2.57, 2.8, 2.7, 3.83, 4.23, 3.48, 2.64, 2.9, 3.68, 3.51, 3.28, 3.7, 3.81, 3.88, 4.52, 4.35, 3.9, 4.04, 4.45, 4.5, 4.76, 4.73, 4.07, 3.19, 2.48, 2.64, 2.85, 2.78, 2.77, 2.77, 2.82, 2.68, 2.51, 2.61], [2.63, 2.35, 2.53, 3.17, 3.5, 3.09, 3.44, 3.83, 3.65, 3.08, 2.93, 3.21, 3.13, 2.76, 2.27, 1.73, 0, 1.18, 1.88, 2.82, 2.78, 2.64, 2.04, 2.11, 2.03, 1.75, 2.02, 2.3, 2.1, 2.16, 2.28, 2.4, 2.53, 2.45, 2.42, 2.46, 2.7, 2.84, 2.78, 2.68, 3.68, 4.38, 3.64, 3.05, 2.94, 2.96, 2.54, 2.24, 1.56, 1.49, 1.64, 2.23, 2.76, 3.47, 4.01, 5.28, 5.76, 5.07, 3.99, 3.67, 4.01, 4.22, 4.23, 3.85, 3.5, 3.57, 3.99, 3.78, 3.31, 3.49, 3.84, 3.95, 4.17, 4.14, 3.52, 2.76, 2.47, 2.61, 2.7, 2.69, 2.58, 2.44, 2.29, 2.15, 2.14, 2.3], [2.17, 2.33, 2.93, 3.83, 4.32, 3.91, 4.32, 4.75, 4.57, 3.98, 3.81, 4.07, 4.03, 3.679, 3.13, 2.61, 1.18, 0, 0.86, 1.82, 1.86, 1.8, 1.12, 1.11, 1.35, 1.43, 1.8, 1.96, 1.94, 2.12, 2.36, 2.46, 2.55, 2.55, 2.4, 2.26, 2.24, 2.18, 2.34, 2.08, 2.86, 3.48, 3.0, 2.47, 2.3, 2.4, 2.12, 1.84, 1.38, 1.59, 1.8, 2.29, 3.26, 4.11, 4.806, 6.099, 6.582, 5.87, 4.71, 4.41, 4.77, 4.94, 4.909, 4.33, 3.74, 3.81, 3.91, 3.8, 3.19, 3.35, 3.58, 3.77, 4.07, 4.02, 3.44, 3.1, 3.05, 3.21, 3.12, 3.05, 2.94, 2.62, 2.49, 2.47, 2.5, 2.74], [2.07, 2.47, 3.51, 4.53, 5.019, 4.646, 5.14, 5.57, 5.35, 4.78, 4.59, 4.87, 4.85, 4.416, 3.91, 3.39, 1.88, 0.86, 0, 1.06, 1.12, 1.3, 0.84, 0.93, 1.11, 1.49, 1.92, 2.04, 2.12, 2.26, 2.68, 2.7, 2.67, 2.91, 2.78, 2.36, 2.14, 1.96, 2.08, 2.0, 2.5, 3.06, 2.78, 2.27, 2.14, 2.22, 2.06, 1.72, 1.7, 2.03, 2.08, 2.55, 3.74, 4.86, 5.56, 6.864, 7.316, 6.606, 5.25, 4.79, 5.13, 5.3, 5.344, 4.63, 3.96, 3.99, 3.87, 3.8, 3.01, 3.11, 3.38, 3.63, 3.93, 3.78, 3.38, 3.28, 3.59, 3.69, 3.58, 3.45, 3.402, 3.12, 2.87, 2.98, 3.15, 3.29], [2.07, 2.69, 4.35, 5.45, 5.965, 5.612, 6.12, 6.53, 6.35, 5.76, 5.55, 5.846, 5.826, 5.402, 4.89, 4.383, 2.82, 1.82, 1.06, 0, 0.6, 0.84, 1.12, 0.99, 1.25, 1.71, 2.1, 2.2, 2.58, 2.7, 3.31, 3.08, 2.91, 3.308, 3.26, 2.6, 2.02, 1.72, 1.84, 1.8, 2.2, 2.78, 2.48, 2.09, 1.94, 1.94, 1.96, 1.68, 2.58, 3.01, 2.88, 3.31, 4.613, 5.742, 6.465, 7.841, 8.264, 7.534, 6.21, 5.45, 5.73, 5.98, 6.198, 5.27, 4.4, 4.35, 4.21, 4.22, 3.53, 3.43, 3.54, 3.95, 4.23, 4.06, 3.84, 4.1, 4.49, 4.59, 4.42, 4.27, 4.25, 4.007, 3.72, 3.897, 4.09, 4.087], [1.89, 2.61, 4.33, 5.437, 5.933, 5.541, 6.071, 6.474, 6.31, 5.72, 5.55, 5.87, 5.795, 5.371, 4.85, 4.35, 2.78, 1.86, 1.12, 0.6, 0, 0.6, 1.12, 1.09, 1.17, 1.73, 2.04, 2.14, 2.6, 2.62, 3.339, 3.05, 2.87, 3.248, 3.195, 2.5, 1.84, 1.48, 1.66, 1.54, 1.76, 2.32, 2.06, 1.71, 1.54, 1.6, 1.64, 1.54, 2.54, 2.97, 2.82, 3.31, 4.64, 5.759, 6.474, 7.818, 8.241, 7.551, 6.21, 5.55, 5.85, 6.06, 6.198, 5.43, 4.7, 4.71, 4.55, 4.6, 3.77, 3.73, 3.9, 4.21, 4.45, 4.36, 3.92, 4.1, 4.45, 4.55, 4.4, 4.25, 4.239, 3.987, 3.7, 3.837, 4.047, 4.107], [1.67, 2.29, 3.95, 5.1, 5.673, 5.341, 5.86, 6.271, 6.07, 5.5, 5.31, 5.627, 5.567, 5.203, 4.624, 4.127, 2.64, 1.8, 1.3, 0.84, 0.6, 0, 0.9, 0.99, 0.95, 1.47, 1.72, 1.84, 2.34, 2.38, 3.164, 2.907, 2.65, 3.037, 3.004, 2.26, 1.7, 1.54, 1.54, 1.4, 1.78, 2.36, 1.96, 1.63, 1.46, 1.48, 1.6, 1.4, 2.32, 2.75, 2.64, 3.21, 4.48, 5.555, 6.295, 7.622, 8.066, 7.3, 6.05, 5.37, 5.69, 5.94, 6.055, 5.23, 4.5, 4.53, 4.41, 4.4, 3.63, 3.67, 3.92, 4.21, 4.41, 4.32, 3.9, 3.78, 4.31, 4.35, 4.16, 4.13, 4.082, 3.74, 3.431, 3.62, 3.833, 3.867], [1.69, 2.07, 3.29, 4.443, 5.1, 4.71, 5.22, 5.65, 5.43, 4.86, 4.63, 4.961, 4.892, 4.54, 3.99, 3.47, 2.04, 1.12, 0.84, 1.12, 1.12, 0.9, 0, 0.73, 0.85, 1.17, 1.54, 1.64, 1.86, 2.04, 2.54, 2.46, 2.35, 2.57, 2.52, 1.94, 1.74, 1.72, 1.72, 1.6, 2.24, 2.9, 2.34, 1.95, 1.78, 1.86, 1.72, 1.3, 1.74, 2.13, 2.14, 2.69, 3.92, 4.97, 5.672, 7.005, 7.465, 6.715, 5.47, 4.97, 5.33, 5.52, 5.51, 4.77, 4.14, 4.23, 4.11, 4.08, 3.35, 3.43, 3.76, 3.97, 4.15, 4.06, 3.62, 3.28, 3.77, 3.75, 3.62, 3.59, 3.52, 3.16, 2.89, 3.026, 3.222, 3.253], [1.68, 2.04, 3.44, 4.52, 5.135, 4.8, 5.29, 5.7, 5.52, 4.93, 4.74, 4.996, 4.996, 4.592, 4.04, 3.599, 2.11, 1.11, 0.93, 0.99, 1.09, 0.99, 0.73, 0, 0.72, 1.08, 1.63, 1.69, 1.93, 1.99, 2.51, 2.41, 2.36, 2.68, 2.53, 2.05, 1.75, 1.73, 1.69, 1.59, 2.29, 2.93, 2.41, 1.94, 1.79, 1.89, 1.73, 1.39, 1.81, 2.22, 2.25, 2.9, 4.01, 5.036, 5.736, 7.048, 7.492, 6.761, 5.54, 4.88, 5.2, 5.47, 5.711, 4.9, 4.23, 4.2, 4.16, 4.03, 3.28, 3.44, 3.71, 3.98, 4.3, 4.15, 3.73, 3.41, 3.84, 3.86, 3.67, 3.64, 3.555, 3.23, 2.947, 3.113, 3.305, 3.344], [1.5, 1.84, 3.36, 4.44, 5.01, 4.62, 5.17, 5.56, 5.34, 4.83, 4.6, 4.88, 4.829, 4.49, 3.98, 3.5, 2.03, 1.35, 1.11, 1.25, 1.17, 0.95, 0.85, 0.72, 0, 0.78, 1.25, 1.39, 1.65, 1.61, 2.43, 2.19, 2.12, 2.46, 2.41, 1.91, 1.71, 1.51, 1.41, 1.33, 1.93, 2.67, 2.11, 1.68, 1.55, 1.65, 1.45, 1.33, 1.65, 2.04, 2.19, 2.78, 3.87, 4.88, 5.6, 6.929, 7.349, 6.599, 5.36, 4.86, 5.24, 5.39, 5.52, 4.86, 4.25, 4.26, 4.18, 4.11, 3.36, 3.46, 3.79, 4.04, 4.32, 4.17, 3.73, 3.39, 3.78, 3.88, 3.73, 3.68, 3.69, 3.17, 2.82, 3.0, 3.189, 3.233], [1.4, 1.52, 2.98, 3.94, 4.53, 4.14, 4.77, 5.1, 4.92, 4.39, 4.2, 4.46, 4.42, 4.07, 3.6, 3.1, 1.75, 1.43, 1.49, 1.71, 1.73, 1.47, 1.17, 1.08, 0.78, 0, 0.75, 1.07, 1.29, 1.35, 1.89, 1.83, 1.8, 1.98, 1.99, 1.63, 1.75, 1.75, 1.53, 1.47, 2.33, 3.01, 2.23, 1.74, 1.63, 1.59, 1.33, 1.15, 1.37, 1.74, 1.91, 2.64, 3.65, 4.58, 5.24, 6.49, 6.91, 6.18, 5.02, 4.74, 5.12, 5.43, 5.32, 4.82, 4.35, 4.42, 4.36, 4.25, 3.48, 3.6, 4.01, 4.32, 4.58, 4.47, 3.95, 3.13, 3.56, 3.72, 3.59, 3.54, 3.51, 2.93, 2.52, 2.5, 2.707, 2.646], [1.55, 1.51, 2.97, 3.97, 4.56, 4.17, 4.74, 5.07, 4.83, 4.3, 4.13, 4.35, 4.31, 4.0, 3.61, 3.09, 2.02, 1.8, 1.92, 2.1, 2.04, 1.72, 1.54, 1.63, 1.25, 0.75, 0, 0.62, 1.14, 1.06, 1.86, 1.74, 1.47, 1.75, 1.86, 1.38, 1.48, 1.74, 1.48, 1.48, 2.52, 3.18, 2.18, 1.81, 1.74, 1.74, 1.58, 1.56, 1.62, 1.95, 2.2, 3.07, 3.86, 4.79, 5.35, 6.56, 6.98, 6.23, 5.19, 5.15, 5.51, 5.82, 5.61, 5.23, 4.84, 4.93, 4.89, 4.78, 3.97, 4.09, 4.38, 4.77, 4.99, 4.92, 4.42, 3.5, 3.67, 3.81, 3.68, 3.67, 3.64, 3.02, 2.73, 2.65, 2.877, 2.631], [1.65, 1.55, 2.89, 3.85, 4.4, 4.01, 4.58, 4.91, 4.61, 4.1, 3.91, 4.05, 4.03, 3.8, 3.49, 3.09, 2.3, 1.96, 2.04, 2.2, 2.14, 1.84, 1.64, 1.69, 1.39, 1.07, 0.62, 0, 0.82, 0.84, 1.66, 1.54, 1.17, 1.49, 1.62, 1.16, 1.42, 1.82, 1.6, 1.58, 2.64, 3.3, 2.36, 1.97, 1.9, 1.86, 1.58, 1.68, 1.86, 2.23, 2.52, 3.33, 4.1, 5.01, 5.51, 6.6, 7.0, 6.27, 5.39, 5.43, 5.81, 6.06, 5.91, 5.63, 5.2, 5.27, 5.21, 5.1, 4.33, 4.43, 4.6, 5.01, 5.29, 5.22, 4.72, 3.9, 3.87, 4.03, 3.92, 3.81, 3.86, 3.2, 3.007, 2.91, 3.177, 2.977], [2.21, 1.59, 2.25, 3.25, 3.72, 3.33, 3.94, 4.29, 3.95, 3.58, 3.35, 3.47, 3.49, 3.28, 3.07, 2.73, 2.1, 1.94, 2.12, 2.58, 2.6, 2.34, 1.86, 1.93, 1.65, 1.29, 1.14, 0.82, 0, 0.54, 1.2, 1.2, 1.19, 1.33, 1.34, 1.28, 1.96, 2.44, 2.14, 1.96, 3.06, 3.76, 2.86, 2.33, 2.24, 2.24, 1.88, 1.84, 1.56, 1.99, 2.36, 3.23, 3.82, 4.67, 5.17, 6.2, 6.52, 5.81, 5.01, 5.07, 5.51, 5.74, 5.61, 5.37, 5.04, 5.17, 5.17, 5.04, 4.35, 4.45, 4.84, 5.09, 5.41, 5.3, 4.74, 3.68, 3.71, 3.89, 3.8, 3.69, 3.7, 3.22, 2.89, 2.77, 2.98, 2.72], [2.13, 1.57, 2.49, 3.43, 3.82, 3.43, 4.08, 4.45, 4.11, 3.72, 3.51, 3.55, 3.53, 3.24, 3.05, 2.73, 2.16, 2.12, 2.26, 2.7, 2.62, 2.38, 2.04, 1.99, 1.61, 1.35, 1.06, 0.84, 0.54, 0, 1.12, 1.12, 0.91, 1.37, 1.2, 1.18, 1.9, 2.36, 2.0, 1.78, 2.9, 3.74, 2.84, 2.35, 2.2, 2.22, 1.86, 1.94, 1.56, 1.95, 2.48, 3.37, 3.82, 4.61, 5.11, 6.14, 6.52, 5.79, 5.03, 5.19, 5.65, 5.7, 5.69, 5.53, 5.22, 5.37, 5.45, 5.22, 4.49, 4.71, 5.06, 5.37, 5.67, 5.56, 5.04, 3.98, 3.83, 4.01, 3.96, 3.81, 3.84, 3.42, 3.07, 2.97, 3.12, 2.88], [2.61, 1.95, 1.95, 2.71, 3.16, 2.73, 3.32, 3.75, 3.65, 3.36, 3.15, 3.19, 3.13, 2.92, 2.69, 2.63, 2.28, 2.36, 2.68, 3.31, 3.339, 3.164, 2.54, 2.51, 2.43, 1.89, 1.86, 1.66, 1.2, 1.12, 0, 0.66, 1.33, 1.31, 1.12, 1.48, 2.52, 2.98, 2.58, 2.42, 3.74, 4.527, 3.61, 3.09, 2.967, 2.94, 2.42, 2.38, 1.72, 2.05, 2.6, 3.45, 3.88, 4.19, 4.77, 5.64, 5.84, 5.29, 4.65, 4.87, 5.51, 5.6, 5.49, 5.41, 5.14, 5.31, 5.45, 5.14, 4.53, 4.75, 5.12, 5.43, 5.71, 5.62, 5.08, 4.0, 3.69, 3.95, 3.98, 3.77, 3.8, 3.44, 3.01, 2.95, 3.08, 2.84], [2.29, 1.67, 2.17, 3.01, 3.48, 3.05, 3.62, 4.09, 4.05, 3.74, 3.51, 3.57, 3.49, 3.24, 2.97, 2.87, 2.4, 2.46, 2.7, 3.08, 3.05, 2.907, 2.46, 2.41, 2.19, 1.83, 1.74, 1.54, 1.2, 1.12, 0.66, 0, 1.07, 1.29, 1.2, 1.28, 2.12, 2.58, 2.2, 2.22, 3.515, 4.27, 3.333, 2.82, 2.71, 2.687, 2.2, 2.22, 1.76, 2.07, 2.6, 3.53, 3.96, 4.33, 4.93, 5.84, 6.0, 5.49, 4.85, 5.07, 5.67, 5.74, 5.65, 5.49, 5.12, 5.31, 5.43, 5.16, 4.51, 4.73, 5.1, 5.39, 5.65, 5.56, 5.02, 4.04, 3.75, 3.99, 3.96, 3.79, 3.76, 3.38, 3.05, 2.93, 3.04, 2.88], [1.98, 1.54, 2.66, 3.62, 4.05, 3.64, 4.15, 4.58, 4.36, 3.95, 3.7, 3.66, 3.78, 3.39, 3.22, 3.0, 2.53, 2.55, 2.67, 2.91, 2.87, 2.65, 2.35, 2.36, 2.12, 1.8, 1.47, 1.17, 1.19, 0.91, 1.33, 1.07, 0, 0.94, 1.07, 0.87, 1.79, 2.25, 1.93, 1.89, 3.185, 4.014, 3.057, 2.607, 2.54, 2.49, 2.13, 2.11, 1.87, 2.2, 2.67, 3.48, 3.99, 4.68, 5.1, 6.13, 6.59, 5.98, 5.24, 5.42, 5.84, 5.75, 5.82, 5.68, 5.33, 5.48, 5.54, 5.35, 4.58, 4.76, 4.99, 5.4, 5.64, 5.55, 5.07, 4.11, 3.96, 4.08, 4.05, 3.92, 3.85, 3.43, 3.14, 3.0, 3.19, 2.97], [2.4, 1.42, 2.06, 3.0, 3.47, 3.12, 3.53, 3.9, 3.76, 3.45, 3.14, 3.18, 3.2, 2.91, 2.84, 2.68, 2.45, 2.55, 2.91, 3.308, 3.248, 3.037, 2.57, 2.68, 2.46, 1.98, 1.75, 1.49, 1.33, 1.37, 1.31, 1.29, 0.94, 0, 0.75, 1.13, 2.23, 2.77, 2.57, 2.53, 3.774, 4.534, 3.537, 3.067, 2.98, 2.97, 2.49, 2.37, 1.81, 1.88, 2.33, 3.12, 3.61, 4.2, 4.68, 5.71, 6.09, 5.42, 4.7, 4.84, 5.44, 5.41, 5.36, 5.34, 4.95, 5.04, 5.1, 5.01, 4.28, 4.4, 4.61, 4.94, 5.16, 5.07, 4.63, 3.67, 3.44, 3.66, 3.57, 3.38, 3.43, 2.97, 2.68, 2.56, 2.73, 2.47], [2.45, 1.41, 1.83, 2.75, 3.22, 2.91, 3.28, 3.69, 3.51, 3.18, 2.93, 2.99, 3.01, 2.66, 2.57, 2.55, 2.42, 2.4, 2.78, 3.26, 3.195, 3.004, 2.52, 2.53, 2.41, 1.99, 1.86, 1.62, 1.34, 1.2, 1.12, 1.2, 1.07, 0.75, 0, 1.04, 2.16, 2.769, 2.62, 2.56, 3.86, 4.641, 3.624, 3.154, 3.027, 3.04, 2.518, 2.42, 1.66, 1.71, 2.3, 3.05, 3.48, 3.97, 4.59, 5.5, 5.8, 5.15, 4.47, 4.71, 5.25, 5.2, 5.25, 5.23, 4.86, 4.97, 5.09, 4.92, 4.29, 4.47, 4.7, 4.95, 5.21, 5.08, 4.66, 3.68, 3.25, 3.45, 3.4, 3.23, 3.14, 2.88, 2.59, 2.51, 2.66, 2.48], [1.65, 1.23, 2.37, 3.35, 3.88, 3.53, 4.0, 4.39, 4.23, 3.86, 3.49, 3.69, 3.67, 3.36, 3.05, 2.81, 2.46, 2.26, 2.36, 2.6, 2.5, 2.26, 1.94, 2.05, 1.91, 1.63, 1.38, 1.16, 1.28, 1.18, 1.48, 1.28, 0.87, 1.13, 1.04, 0, 1.3, 1.92, 1.74, 1.84, 3.04, 3.78, 2.82, 2.41, 2.34, 2.3, 1.92, 1.9, 1.66, 1.93, 2.32, 3.11, 3.82, 4.63, 5.13, 6.16, 6.52, 5.81, 4.99, 5.11, 5.61, 5.6, 5.61, 5.45, 5.06, 5.19, 5.19, 5.12, 4.35, 4.43, 4.6, 4.97, 5.23, 5.14, 4.7, 3.76, 3.61, 3.75, 3.66, 3.47, 3.44, 3.06, 2.91, 2.79, 3.0, 2.9], [1.21, 1.63, 3.29, 4.37, 4.98, 4.63, 5.1, 5.51, 5.33, 4.76, 4.55, 4.91, 4.83, 4.46, 3.99, 3.57, 2.7, 2.24, 2.14, 2.02, 1.84, 1.7, 1.74, 1.75, 1.71, 1.75, 1.48, 1.42, 1.96, 1.9, 2.52, 2.12, 1.79, 2.23, 2.16, 1.3, 0, 0.98, 0.88, 1.34, 2.2, 2.8, 1.82, 1.65, 1.72, 1.66, 1.6, 1.68, 2.04, 2.39, 2.54, 3.37, 4.32, 5.35, 5.89, 7.1, 7.46, 6.71, 5.59, 5.55, 5.89, 6.1, 6.11, 5.69, 5.18, 5.21, 5.19, 5.16, 4.39, 4.45, 4.64, 4.97, 5.11, 5.04, 4.66, 3.94, 4.03, 4.03, 3.82, 3.77, 3.68, 3.18, 3.21, 3.11, 3.42, 3.431], [1.11, 2.07, 3.95, 5.03, 5.54, 5.17, 5.68, 6.05, 5.91, 5.38, 5.21, 5.45, 5.39, 5.04, 4.53, 4.09, 2.84, 2.18, 1.96, 1.72, 1.48, 1.54, 1.72, 1.73, 1.51, 1.75, 1.74, 1.82, 2.44, 2.36, 2.98, 2.58, 2.25, 2.77, 2.769, 1.92, 0.98, 0, 0.88, 1.1, 1.56, 2.22, 1.56, 1.21, 1.3, 1.26, 1.38, 1.52, 2.12, 2.53, 2.6, 3.19, 4.4, 5.49, 6.15, 7.494, 7.859, 7.129, 5.81, 5.51, 5.85, 6.06, 6.07, 5.49, 4.96, 5.05, 4.97, 4.9, 4.13, 4.09, 4.26, 4.65, 4.79, 4.78, 4.36, 3.94, 4.13, 4.23, 4.02, 3.89, 3.86, 3.48, 3.37, 3.37, 3.66, 3.745], [0.95, 1.83, 3.65, 4.65, 5.22, 4.83, 5.44, 5.81, 5.65, 5.16, 4.97, 5.19, 5.15, 4.78, 4.25, 3.91, 2.78, 2.34, 2.08, 1.84, 1.66, 1.54, 1.72, 1.69, 1.41, 1.53, 1.48, 1.6, 2.14, 2.0, 2.58, 2.2, 1.93, 2.57, 2.62, 1.74, 0.88, 0.88, 0, 0.96, 1.7, 2.46, 1.58, 1.41, 1.48, 1.44, 1.3, 1.34, 1.92, 2.29, 2.3, 3.03, 4.02, 5.15, 5.79, 7.123, 7.523, 6.85, 5.45, 5.27, 5.63, 5.84, 5.85, 5.31, 4.88, 4.97, 4.85, 4.82, 3.93, 4.03, 4.24, 4.65, 4.87, 4.84, 4.3, 3.72, 4.07, 4.15, 4.02, 3.93, 3.96, 3.44, 3.43, 3.33, 3.64, 3.561], [1.31, 2.03, 3.73, 4.69, 5.14, 4.69, 5.36, 5.81, 5.63, 5.14, 4.91, 5.09, 5.07, 4.66, 4.13, 3.77, 2.68, 2.08, 2.0, 1.8, 1.54, 1.4, 1.6, 1.59, 1.33, 1.47, 1.48, 1.58, 1.96, 1.78, 2.42, 2.22, 1.89, 2.53, 2.56, 1.84, 1.34, 1.1, 0.96, 0, 1.38, 2.3, 1.58, 1.07, 1.0, 1.08, 1.14, 1.26, 1.76, 2.21, 2.38, 3.09, 3.96, 4.91, 5.59, 6.96, 7.36, 6.73, 5.51, 5.45, 5.83, 5.84, 5.89, 5.49, 5.02, 5.09, 5.13, 5.0, 4.23, 4.29, 4.58, 4.99, 5.23, 5.18, 4.62, 3.92, 4.13, 4.29, 4.18, 4.09, 4.12, 3.58, 3.43, 3.37, 3.62, 3.68], [2.05, 3.25, 4.95, 5.94, 6.32, 5.91, 6.62, 7.05, 6.83, 6.36, 6.13, 6.27, 6.23, 5.86, 5.33, 4.95, 3.68, 2.86, 2.5, 2.2, 1.76, 1.78, 2.24, 2.29, 1.93, 2.33, 2.52, 2.64, 3.06, 2.9, 3.74, 3.515, 3.185, 3.774, 3.86, 3.04, 2.2, 1.56, 1.7, 1.38, 0, 1.12, 1.08, 1.29, 1.36, 1.38, 1.8, 2.04, 2.92, 3.39, 3.46, 3.97, 5.02, 6.11, 6.83, 8.22, 8.64, 7.91, 6.65, 6.39, 6.81, 6.76, 6.99, 6.43, 5.84, 5.91, 5.73, 5.78, 4.93, 4.85, 4.98, 5.41, 5.67, 5.6, 5.1, 4.82, 5.29, 5.49, 5.34, 5.19, 5.26, 4.8, 4.43, 4.56, 4.767, 4.8], [2.63, 3.81, 5.57, 6.617, 7.147, 6.77, 7.36, 7.734, 7.55, 7.0, 6.83, 7.11, 7.05, 6.706, 6.17, 5.71, 4.38, 3.48, 3.06, 2.78, 2.32, 2.36, 2.9, 2.93, 2.67, 3.01, 3.18, 3.3, 3.76, 3.74, 4.527, 4.27, 4.014, 4.534, 4.641, 3.78, 2.8, 2.22, 2.46, 2.3, 1.12, 0, 1.26, 1.91, 2.0, 2.0, 2.42, 2.78, 3.74, 4.21, 4.14, 4.85, 6.02, 7.09, 7.75, 9.14, 9.523, 8.773, 7.47, 7.13, 7.49, 7.74, 7.686, 7.01, 6.38, 6.45, 6.23, 6.28, 5.43, 5.37, 5.52, 5.83, 6.03, 6.02, 5.6, 5.52, 5.89, 6.09, 5.94, 5.83, 5.856, 5.38, 4.983, 5.16, 5.364, 5.457], [1.73, 2.81, 4.55, 5.503, 6.093, 5.71, 6.4, 6.79, 6.57, 6.04, 5.83, 6.202, 6.11, 5.78, 5.25, 4.83, 3.64, 3.0, 2.78, 2.48, 2.06, 1.96, 2.34, 2.41, 2.11, 2.23, 2.18, 2.36, 2.86, 2.84, 3.61, 3.333, 3.057, 3.537, 3.624, 2.82, 1.82, 1.56, 1.58, 1.58, 1.08, 1.26, 0, 1.05, 1.18, 1.2, 1.6, 1.9, 2.82, 3.15, 3.3, 3.95, 4.98, 6.07, 6.69, 8.072, 8.454, 7.744, 6.43, 6.27, 6.63, 6.98, 6.89, 6.43, 5.92, 5.89, 5.83, 5.86, 5.03, 5.07, 5.34, 5.65, 5.75, 5.74, 5.26, 4.68, 4.99, 5.17, 5.0, 4.91, 4.96, 4.38, 4.287, 4.25, 4.514, 4.408], [1.28, 2.26, 4.02, 4.94, 5.47, 5.12, 5.83, 6.2, 5.98, 5.45, 5.3, 5.68, 5.58, 5.248, 4.74, 4.26, 3.05, 2.47, 2.27, 2.09, 1.71, 1.63, 1.95, 1.94, 1.68, 1.74, 1.81, 1.97, 2.33, 2.35, 3.09, 2.82, 2.607, 3.067, 3.154, 2.41, 1.65, 1.21, 1.41, 1.07, 1.29, 1.91, 1.05, 0, 0.43, 0.59, 0.97, 1.29, 2.19, 2.6, 2.59, 3.32, 4.33, 5.4, 6.12, 7.43, 7.773, 7.08, 5.66, 5.46, 5.88, 6.35, 6.26, 5.7, 5.27, 5.28, 5.32, 5.29, 4.46, 4.56, 4.97, 5.32, 5.44, 5.43, 4.87, 4.09, 4.5, 4.68, 4.51, 4.42, 4.39, 3.85, 3.58, 3.56, 3.781, 3.715], [1.33, 2.21, 3.93, 4.85, 5.34, 4.99, 5.72, 6.09, 5.89, 5.36, 5.21, 5.55, 5.45, 5.12, 4.63, 4.13, 2.94, 2.3, 2.14, 1.94, 1.54, 1.46, 1.78, 1.79, 1.55, 1.63, 1.74, 1.9, 2.24, 2.2, 2.967, 2.71, 2.54, 2.98, 3.027, 2.34, 1.72, 1.3, 1.48, 1.0, 1.36, 2.0, 1.18, 0.43, 0, 0.4, 0.84, 1.28, 2.06, 2.47, 2.52, 3.21, 4.26, 5.31, 6.01, 7.317, 7.68, 6.97, 5.63, 5.43, 5.85, 6.24, 6.13, 5.63, 5.2, 5.17, 5.21, 5.16, 4.37, 4.47, 4.9, 5.25, 5.35, 5.34, 4.78, 4.06, 4.39, 4.59, 4.42, 4.31, 4.32, 3.76, 3.464, 3.47, 3.68, 3.66], [1.21, 2.17, 3.93, 4.89, 5.38, 5.01, 5.68, 6.05, 5.89, 5.34, 5.25, 5.61, 5.49, 5.14, 4.65, 4.17, 2.96, 2.4, 2.22, 1.94, 1.6, 1.48, 1.86, 1.89, 1.65, 1.59, 1.74, 1.86, 2.24, 2.22, 2.94, 2.687, 2.49, 2.97, 3.04, 2.3, 1.66, 1.26, 1.44, 1.08, 1.38, 2.0, 1.2, 0.59, 0.4, 0, 0.78, 1.32, 2.16, 2.53, 2.6, 3.23, 4.38, 5.45, 6.11, 7.4, 7.72, 7.03, 5.73, 5.49, 5.91, 6.34, 6.25, 5.67, 5.24, 5.23, 5.25, 5.26, 4.43, 4.47, 4.88, 5.23, 5.29, 5.32, 4.76, 4.04, 4.39, 4.65, 4.46, 4.33, 4.34, 3.7, 3.43, 3.41, 3.64, 3.645], [1.17, 1.69, 3.37, 4.37, 4.82, 4.47, 5.14, 5.53, 5.35, 4.82, 4.69, 5.03, 4.93, 4.58, 4.07, 3.61, 2.54, 2.12, 2.06, 1.96, 1.64, 1.6, 1.72, 1.73, 1.45, 1.33, 1.58, 1.58, 1.88, 1.86, 2.42, 2.2, 2.13, 2.49, 2.518, 1.92, 1.6, 1.38, 1.3, 1.14, 1.8, 2.42, 1.6, 0.97, 0.84, 0.78, 0, 0.82, 1.64, 2.09, 2.22, 2.93, 3.94, 4.97, 5.57, 6.88, 7.26, 6.53, 5.31, 5.13, 5.55, 5.9, 5.81, 5.21, 4.84, 4.85, 4.85, 4.88, 4.05, 4.15, 4.56, 4.85, 5.01, 4.94, 4.4, 3.6, 3.93, 4.15, 3.98, 3.87, 3.9, 3.24, 3.03, 2.99, 3.28, 3.245], [1.15, 1.67, 3.15, 4.114, 4.62, 4.25, 5.0, 5.41, 5.13, 4.64, 4.43, 4.79, 4.69, 4.34, 3.83, 3.37, 2.24, 1.84, 1.72, 1.68, 1.54, 1.4, 1.3, 1.39, 1.33, 1.15, 1.56, 1.68, 1.84, 1.94, 2.38, 2.22, 2.11, 2.37, 2.42, 1.9, 1.68, 1.52, 1.34, 1.26, 2.04, 2.78, 1.9, 1.29, 1.28, 1.32, 0.82, 0, 1.28, 1.73, 1.76, 2.39, 3.44, 4.49, 5.21, 6.58, 6.992, 6.25, 4.91, 4.53, 5.01, 5.28, 5.31, 4.75, 4.4, 4.43, 4.39, 4.42, 3.59, 3.67, 4.08, 4.35, 4.57, 4.46, 3.92, 3.02, 3.55, 3.73, 3.58, 3.47, 3.5, 3.12, 2.87, 2.85, 3.074, 2.907], [1.67, 1.49, 2.33, 3.13, 3.54, 3.21, 3.9, 4.31, 4.09, 3.6, 3.35, 3.61, 3.51, 3.16, 2.73, 2.27, 1.56, 1.38, 1.7, 2.58, 2.54, 2.32, 1.74, 1.81, 1.65, 1.37, 1.62, 1.86, 1.56, 1.56, 1.72, 1.76, 1.87, 1.81, 1.66, 1.66, 2.04, 2.12, 1.92, 1.76, 2.92, 3.74, 2.82, 2.19, 2.06, 2.16, 1.64, 1.28, 0, 0.69, 1.14, 1.95, 2.6, 3.41, 4.09, 5.46, 5.86, 5.13, 3.93, 3.85, 4.29, 4.46, 4.41, 4.15, 3.88, 4.01, 4.09, 3.94, 3.33, 3.49, 3.92, 4.11, 4.39, 4.34, 3.74, 2.66, 2.61, 2.87, 2.78, 2.71, 2.66, 2.4, 2.27, 2.11, 2.2, 2.12], [1.98, 1.52, 2.0, 2.64, 3.11, 2.72, 3.41, 3.8, 3.64, 3.15, 2.92, 3.24, 3.14, 2.77, 2.32, 2.0, 1.49, 1.59, 2.03, 3.01, 2.97, 2.75, 2.13, 2.22, 2.04, 1.74, 1.95, 2.23, 1.99, 1.95, 2.05, 2.07, 2.2, 1.88, 1.71, 1.93, 2.39, 2.53, 2.29, 2.21, 3.39, 4.21, 3.15, 2.6, 2.47, 2.53, 2.09, 1.73, 0.69, 0, 0.75, 1.56, 2.21, 3.02, 3.64, 5.03, 5.41, 4.68, 3.48, 3.46, 3.9, 4.07, 4.06, 3.84, 3.47, 3.56, 3.7, 3.61, 2.98, 3.16, 3.51, 3.74, 3.96, 3.95, 3.31, 2.33, 2.18, 2.44, 2.35, 2.2, 2.27, 1.95, 1.86, 1.66, 1.71, 1.69], [1.91, 1.75, 2.21, 2.83, 3.28, 2.95, 3.54, 3.89, 3.73, 3.24, 3.11, 3.45, 3.35, 2.98, 2.55, 2.33, 1.64, 1.8, 2.08, 2.88, 2.82, 2.64, 2.14, 2.25, 2.19, 1.91, 2.2, 2.52, 2.36, 2.48, 2.6, 2.6, 2.67, 2.33, 2.3, 2.32, 2.54, 2.6, 2.3, 2.38, 3.46, 4.14, 3.3, 2.59, 2.52, 2.6, 2.22, 1.76, 1.14, 0.75, 0, 1.21, 2.08, 3.11, 3.85, 5.174, 5.574, 4.87, 3.49, 3.17, 3.57, 3.92, 3.91, 3.43, 3.1, 3.13, 3.25, 3.2, 2.47, 2.55, 3.02, 3.27, 3.39, 3.4, 2.84, 1.84, 2.13, 2.27, 2.14, 2.05, 2.1, 1.8, 1.73, 1.57, 1.72, 1.68], [2.68, 2.7, 2.94, 3.18, 3.35, 3.16, 3.41, 3.64, 3.48, 3.07, 2.92, 3.12, 3.06, 2.79, 2.56, 2.52, 2.23, 2.29, 2.55, 3.31, 3.31, 3.21, 2.69, 2.9, 2.78, 2.64, 3.07, 3.33, 3.23, 3.37, 3.45, 3.53, 3.48, 3.12, 3.05, 3.11, 3.37, 3.19, 3.03, 3.09, 3.97, 4.85, 3.95, 3.32, 3.21, 3.23, 2.93, 2.39, 1.95, 1.56, 1.21, 0, 1.43, 2.64, 3.414, 4.77, 5.177, 4.49, 3.1, 2.62, 2.96, 3.19, 3.38, 2.82, 2.43, 2.42, 2.46, 2.55, 1.86, 1.92, 2.41, 2.5, 2.64, 2.69, 2.01, 1.45, 1.86, 2.08, 1.95, 1.76, 1.91, 1.81, 2.04, 1.92, 2.03, 2.09], [3.77, 3.35, 3.43, 3.57, 3.54, 3.35, 3.26, 2.99, 2.79, 2.74, 2.73, 2.69, 2.61, 2.54, 2.53, 2.57, 2.76, 3.26, 3.74, 4.613, 4.64, 4.48, 3.92, 4.01, 3.87, 3.65, 3.86, 4.1, 3.82, 3.82, 3.88, 3.96, 3.99, 3.61, 3.48, 3.82, 4.32, 4.4, 4.02, 3.96, 5.02, 6.02, 4.98, 4.33, 4.26, 4.38, 3.94, 3.44, 2.6, 2.21, 2.08, 1.43, 0, 1.27, 2.01, 3.38, 3.82, 3.13, 1.87, 1.89, 2.29, 2.38, 2.55, 2.31, 2.22, 2.31, 2.87, 3.0, 2.51, 2.73, 3.08, 2.95, 3.07, 3.18, 2.5, 1.64, 1.59, 1.55, 1.58, 1.63, 1.8, 2.14, 2.73, 2.47, 2.42, 2.48], [4.84, 4.26, 3.64, 3.74, 3.65, 3.44, 3.23, 2.98, 2.74, 2.75, 2.7, 2.66, 2.56, 2.55, 2.6, 2.8, 3.47, 4.11, 4.86, 5.742, 5.759, 5.555, 4.97, 5.036, 4.88, 4.58, 4.79, 5.01, 4.67, 4.61, 4.19, 4.33, 4.68, 4.2, 3.97, 4.63, 5.35, 5.49, 5.15, 4.91, 6.11, 7.09, 6.07, 5.4, 5.31, 5.45, 4.97, 4.49, 3.41, 3.02, 3.11, 2.64, 1.27, 0, 1.08, 2.23, 2.67, 2.08, 1.28, 1.82, 2.22, 1.95, 2.0, 2.26, 2.87, 2.96, 3.58, 3.79, 3.5, 3.78, 4.03, 3.64, 3.76, 3.89, 3.27, 2.45, 1.96, 1.98, 2.13, 2.24, 2.29, 2.87, 3.36, 3.16, 3.01, 3.07], [5.52, 4.8, 4.02, 3.94, 3.73, 3.52, 3.19, 2.84, 2.56, 2.63, 2.54, 2.54, 2.44, 2.47, 2.56, 2.7, 4.01, 4.806, 5.56, 6.465, 6.474, 6.295, 5.672, 5.736, 5.6, 5.24, 5.35, 5.51, 5.17, 5.11, 4.77, 4.93, 5.1, 4.68, 4.59, 5.13, 5.89, 6.15, 5.79, 5.59, 6.83, 7.75, 6.69, 6.12, 6.01, 6.11, 5.57, 5.21, 4.09, 3.64, 3.85, 3.414, 2.01, 1.08, 0, 1.41, 1.99, 1.34, 1.04, 1.88, 2.38, 1.57, 1.34, 2.36, 3.47, 3.6, 4.22, 4.39, 4.2, 4.5, 4.69, 4.28, 4.32, 4.43, 3.93, 3.09, 2.4, 2.42, 2.61, 2.68, 2.85, 3.37, 3.88, 3.7, 3.55, 3.63], [6.83, 5.93, 4.73, 4.39, 4.16, 3.97, 3.58, 3.03, 2.83, 3.02, 3.09, 3.09, 3.05, 3.16, 3.43, 3.83, 5.28, 6.099, 6.864, 7.841, 7.818, 7.622, 7.005, 7.048, 6.929, 6.49, 6.56, 6.6, 6.2, 6.14, 5.64, 5.84, 6.13, 5.71, 5.5, 6.16, 7.1, 7.494, 7.123, 6.96, 8.22, 9.14, 8.072, 7.43, 7.317, 7.4, 6.88, 6.58, 5.46, 5.03, 5.174, 4.77, 3.38, 2.23, 1.41, 0, 0.9, 0.81, 1.89, 3.01, 3.41, 2.34, 1.93, 3.567, 4.749, 4.873, 5.516, 5.629, 5.462, 5.802, 5.983, 5.51, 5.447, 5.651, 5.137, 4.306, 3.57, 3.564, 3.82, 3.91, 3.993, 4.42, 4.85, 4.63, 4.48, 4.58], [7.202, 6.31, 4.81, 4.21, 3.96, 3.79, 3.38, 2.85, 2.73, 3.16, 3.37, 3.31, 3.23, 3.4, 3.77, 4.23, 5.76, 6.582, 7.316, 8.264, 8.241, 8.066, 7.465, 7.492, 7.349, 6.91, 6.98, 7.0, 6.52, 6.52, 5.84, 6.0, 6.59, 6.09, 5.8, 6.52, 7.46, 7.859, 7.523, 7.36, 8.64, 9.523, 8.454, 7.773, 7.68, 7.72, 7.26, 6.992, 5.86, 5.41, 5.574, 5.177, 3.82, 2.67, 1.99, 0.9, 0, 0.93, 2.19, 3.39, 3.822, 2.78, 2.35, 3.987, 5.129, 5.273, 5.936, 6.026, 5.844, 6.185, 6.365, 5.923, 5.876, 6.045, 5.56, 4.76, 4.01, 3.941, 4.173, 4.286, 4.393, 4.76, 5.23, 5.01, 4.84, 4.98], [6.48, 5.56, 4.16, 3.78, 3.57, 3.42, 3.03, 2.52, 2.34, 2.53, 2.68, 2.64, 2.52, 2.69, 3.08, 3.48, 5.07, 5.87, 6.606, 7.534, 7.551, 7.3, 6.715, 6.761, 6.599, 6.18, 6.23, 6.27, 5.81, 5.79, 5.29, 5.49, 5.98, 5.42, 5.15, 5.81, 6.71, 7.129, 6.85, 6.73, 7.91, 8.773, 7.744, 7.08, 6.97, 7.03, 6.53, 6.25, 5.13, 4.68, 4.87, 4.49, 3.13, 2.08, 1.34, 0.81, 0.93, 0, 1.5, 2.7, 3.22, 2.21, 1.78, 3.32, 4.422, 4.56, 5.209, 5.322, 5.134, 5.489, 5.707, 5.234, 5.18, 5.383, 4.83, 4.016, 3.3, 3.28, 3.521, 3.616, 3.723, 4.07, 4.52, 4.32, 4.13, 4.27], [5.16, 4.46, 3.46, 3.42, 3.23, 3.08, 2.81, 2.36, 2.08, 2.17, 2.2, 2.26, 2.14, 2.15, 2.28, 2.64, 3.99, 4.71, 5.25, 6.21, 6.21, 6.05, 5.47, 5.54, 5.36, 5.02, 5.19, 5.39, 5.01, 5.03, 4.65, 4.85, 5.24, 4.7, 4.47, 4.99, 5.59, 5.81, 5.45, 5.51, 6.65, 7.47, 6.43, 5.66, 5.63, 5.73, 5.31, 4.91, 3.93, 3.48, 3.49, 3.1, 1.87, 1.28, 1.04, 1.89, 2.19, 1.5, 0, 1.26, 1.92, 1.69, 1.46, 2.26, 3.03, 3.16, 3.82, 3.942, 3.74, 4.069, 4.267, 3.82, 3.84, 3.97, 3.43, 2.63, 2.0, 2.02, 2.25, 2.3, 2.39, 2.97, 3.56, 3.36, 3.21, 3.29], [4.76, 4.32, 3.6, 3.74, 3.77, 3.66, 3.31, 2.92, 2.74, 2.67, 2.72, 2.82, 2.7, 2.67, 2.72, 2.9, 3.67, 4.41, 4.79, 5.45, 5.55, 5.37, 4.97, 4.88, 4.86, 4.74, 5.15, 5.43, 5.07, 5.19, 4.87, 5.07, 5.42, 4.84, 4.71, 5.11, 5.55, 5.51, 5.27, 5.45, 6.39, 7.13, 6.27, 5.46, 5.43, 5.49, 5.13, 4.53, 3.85, 3.46, 3.17, 2.62, 1.89, 1.82, 1.88, 3.01, 3.39, 2.7, 1.26, 0, 1.06, 1.49, 1.76, 1.68, 2.03, 2.02, 2.74, 2.75, 2.64, 2.9, 3.13, 2.76, 2.8, 2.93, 2.45, 1.87, 1.72, 1.74, 1.93, 1.98, 2.07, 2.81, 3.24, 3.18, 3.01, 3.11], [5.16, 4.7, 4.32, 4.54, 4.71, 4.58, 4.21, 3.76, 3.62, 3.53, 3.58, 3.7, 3.58, 3.59, 3.62, 3.68, 4.01, 4.77, 5.13, 5.73, 5.85, 5.69, 5.33, 5.2, 5.24, 5.12, 5.51, 5.81, 5.51, 5.65, 5.51, 5.67, 5.84, 5.44, 5.25, 5.61, 5.89, 5.85, 5.63, 5.83, 6.81, 7.49, 6.63, 5.88, 5.85, 5.91, 5.55, 5.01, 4.29, 3.9, 3.57, 2.96, 2.29, 2.22, 2.38, 3.41, 3.822, 3.22, 1.92, 1.06, 0, 1.43, 1.86, 1.56, 1.93, 1.84, 2.4, 2.47, 2.58, 2.7, 2.97, 2.52, 2.5, 2.67, 2.47, 2.15, 2.06, 2.04, 2.19, 2.34, 2.33, 3.09, 3.52, 3.42, 3.25, 3.53], [5.59, 5.07, 4.61, 4.77, 4.64, 4.47, 4.12, 3.67, 3.45, 3.54, 3.43, 3.43, 3.33, 3.3, 3.31, 3.51, 4.22, 4.94, 5.3, 5.98, 6.06, 5.94, 5.52, 5.47, 5.39, 5.43, 5.82, 6.06, 5.74, 5.7, 5.6, 5.74, 5.75, 5.41, 5.2, 5.6, 6.1, 6.06, 5.84, 5.84, 6.76, 7.74, 6.98, 6.35, 6.24, 6.34, 5.9, 5.28, 4.46, 4.07, 3.92, 3.19, 2.38, 1.95, 1.57, 2.34, 2.78, 2.21, 1.69, 1.49, 1.43, 0, 1.17, 1.85, 2.76, 2.81, 3.39, 3.497, 3.41, 3.69, 3.803, 3.35, 3.41, 3.5, 2.96, 2.66, 2.29, 2.29, 2.48, 2.51, 2.64, 3.5, 3.99, 3.87, 3.74, 4.0], [5.6, 5.04, 4.46, 4.4, 4.33, 4.18, 3.69, 3.22, 3.0, 3.05, 2.98, 3.06, 3.08, 3.13, 3.26, 3.28, 4.23, 4.909, 5.344, 6.198, 6.198, 6.055, 5.51, 5.711, 5.52, 5.32, 5.61, 5.91, 5.61, 5.69, 5.49, 5.65, 5.82, 5.36, 5.25, 5.61, 6.11, 6.07, 5.85, 5.89, 6.99, 7.686, 6.89, 6.26, 6.13, 6.25, 5.81, 5.31, 4.41, 4.06, 3.91, 3.38, 2.55, 2.0, 1.34, 1.93, 2.35, 1.78, 1.46, 1.76, 1.86, 1.17, 0, 1.82, 2.947, 3.163, 3.735, 3.813, 3.695, 4.033, 4.245, 3.753, 3.74, 3.907, 3.37, 2.81, 2.24, 2.2, 2.45, 2.56, 2.63, 3.39, 3.9, 3.72, 3.55, 3.77], [5.02, 4.5, 4.44, 4.62, 4.77, 4.66, 4.41, 4.06, 3.96, 3.83, 3.82, 3.84, 3.82, 3.77, 3.72, 3.7, 3.85, 4.33, 4.63, 5.27, 5.43, 5.23, 4.77, 4.9, 4.86, 4.82, 5.23, 5.63, 5.37, 5.53, 5.41, 5.49, 5.68, 5.34, 5.23, 5.45, 5.69, 5.49, 5.31, 5.49, 6.43, 7.01, 6.43, 5.7, 5.63, 5.67, 5.21, 4.75, 4.15, 3.84, 3.43, 2.82, 2.31, 2.26, 2.36, 3.567, 3.987, 3.32, 2.26, 1.68, 1.56, 1.85, 1.82, 0, 1.31, 1.6, 2.26, 2.21, 2.14, 2.42, 2.85, 2.4, 2.36, 2.45, 2.11, 2.13, 2.16, 2.0, 2.09, 2.3, 2.27, 2.95, 3.22, 3.24, 3.09, 3.41], [4.57, 4.11, 4.21, 4.51, 4.8, 4.71, 4.54, 4.27, 4.13, 4.04, 4.03, 3.99, 3.99, 3.94, 3.83, 3.81, 3.5, 3.74, 3.96, 4.4, 4.7, 4.5, 4.14, 4.23, 4.25, 4.35, 4.84, 5.2, 5.04, 5.22, 5.14, 5.12, 5.33, 4.95, 4.86, 5.06, 5.18, 4.96, 4.88, 5.02, 5.84, 6.38, 5.92, 5.27, 5.2, 5.24, 4.84, 4.4, 3.88, 3.47, 3.1, 2.43, 2.22, 2.87, 3.47, 4.749, 5.129, 4.422, 3.03, 2.03, 1.93, 2.76, 2.947, 1.31, 0, 0.83, 1.45, 1.16, 1.27, 1.59, 1.84, 1.71, 1.69, 1.68, 1.5, 1.72, 2.11, 2.01, 1.98, 2.15, 2.08, 2.52, 2.73, 2.79, 2.74, 3.08], [4.54, 4.14, 4.32, 4.64, 4.91, 4.78, 4.51, 4.36, 4.28, 4.05, 4.0, 4.1, 4.04, 3.97, 3.9, 3.88, 3.57, 3.81, 3.99, 4.35, 4.71, 4.53, 4.23, 4.2, 4.26, 4.42, 4.93, 5.27, 5.17, 5.37, 5.31, 5.31, 5.48, 5.04, 4.97, 5.19, 5.21, 5.05, 4.97, 5.09, 5.91, 6.45, 5.89, 5.28, 5.17, 5.23, 4.85, 4.43, 4.01, 3.56, 3.13, 2.42, 2.31, 2.96, 3.6, 4.873, 5.273, 4.56, 3.16, 2.02, 1.84, 2.81, 3.163, 1.6, 0.83, 0, 1.1, 1.21, 1.4, 1.5, 1.53, 1.42, 1.46, 1.39, 1.33, 1.91, 2.24, 2.16, 2.11, 2.16, 2.21, 2.59, 2.86, 2.94, 2.89, 3.17], [4.54, 4.3, 4.68, 5.16, 5.51, 5.4, 5.25, 5.16, 5.06, 4.81, 4.78, 4.76, 4.72, 4.69, 4.58, 4.52, 3.99, 3.91, 3.87, 4.21, 4.55, 4.41, 4.11, 4.16, 4.18, 4.36, 4.89, 5.21, 5.17, 5.45, 5.45, 5.43, 5.54, 5.1, 5.09, 5.19, 5.19, 4.97, 4.85, 5.13, 5.73, 6.23, 5.83, 5.32, 5.21, 5.25, 4.85, 4.39, 4.09, 3.7, 3.25, 2.46, 2.87, 3.58, 4.22, 5.516, 5.936, 5.209, 3.82, 2.74, 2.4, 3.39, 3.735, 2.26, 1.45, 1.1, 0, 1.03, 1.34, 1.26, 1.17, 0.92, 1.1, 1.09, 1.23, 1.83, 2.48, 2.46, 2.27, 2.32, 2.39, 2.83, 3.16, 3.2, 3.33, 3.51], [4.55, 4.15, 4.37, 4.97, 5.36, 5.25, 5.14, 5.07, 4.99, 4.72, 4.67, 4.57, 4.59, 4.58, 4.43, 4.35, 3.78, 3.8, 3.8, 4.22, 4.6, 4.4, 4.08, 4.03, 4.11, 4.25, 4.78, 5.1, 5.04, 5.22, 5.14, 5.16, 5.35, 5.01, 4.92, 5.12, 5.16, 4.9, 4.82, 5.0, 5.78, 6.28, 5.86, 5.29, 5.16, 5.26, 4.88, 4.42, 3.94, 3.61, 3.2, 2.55, 3.0, 3.79, 4.39, 5.629, 6.026, 5.322, 3.942, 2.75, 2.47, 3.497, 3.813, 2.21, 1.16, 1.21, 1.03, 0, 1.11, 1.27, 1.36, 1.35, 1.47, 1.32, 1.46, 1.84, 2.37, 2.33, 2.24, 2.23, 2.34, 2.56, 2.75, 2.91, 3.0, 3.18], [3.74, 3.46, 3.92, 4.46, 4.85, 4.7, 4.69, 4.66, 4.58, 4.29, 4.22, 4.14, 4.18, 4.13, 3.98, 3.9, 3.31, 3.19, 3.01, 3.53, 3.77, 3.63, 3.35, 3.28, 3.36, 3.48, 3.97, 4.33, 4.35, 4.49, 4.53, 4.51, 4.58, 4.28, 4.29, 4.35, 4.39, 4.13, 3.93, 4.23, 4.93, 5.43, 5.03, 4.46, 4.37, 4.43, 4.05, 3.59, 3.33, 2.98, 2.47, 1.86, 2.51, 3.5, 4.2, 5.462, 5.844, 5.134, 3.74, 2.64, 2.58, 3.41, 3.695, 2.14, 1.27, 1.4, 1.34, 1.11, 0, 0.84, 1.25, 1.42, 1.54, 1.47, 1.29, 1.45, 2.16, 2.24, 2.05, 2.02, 2.07, 2.15, 2.32, 2.44, 2.57, 2.65], [3.78, 3.62, 4.14, 4.6, 4.99, 4.88, 4.77, 4.78, 4.7, 4.37, 4.3, 4.32, 4.26, 4.19, 4.06, 4.04, 3.49, 3.35, 3.11, 3.43, 3.73, 3.67, 3.43, 3.44, 3.46, 3.6, 4.09, 4.43, 4.45, 4.71, 4.75, 4.73, 4.76, 4.4, 4.47, 4.43, 4.45, 4.09, 4.03, 4.29, 4.85, 5.37, 5.07, 4.56, 4.47, 4.47, 4.15, 3.67, 3.49, 3.16, 2.55, 1.92, 2.73, 3.78, 4.5, 5.802, 6.185, 5.489, 4.069, 2.9, 2.7, 3.69, 4.033, 2.42, 1.59, 1.5, 1.26, 1.27, 0.84, 0, 1.07, 1.16, 1.32, 1.21, 1.17, 1.73, 2.58, 2.64, 2.47, 2.46, 2.51, 2.51, 2.66, 2.76, 2.89, 3.01], [4.03, 4.03, 4.61, 4.99, 5.44, 5.29, 5.22, 5.25, 5.17, 4.9, 4.81, 4.75, 4.77, 4.68, 4.53, 4.45, 3.84, 3.58, 3.38, 3.54, 3.9, 3.92, 3.76, 3.71, 3.79, 4.01, 4.38, 4.6, 4.84, 5.06, 5.12, 5.1, 4.99, 4.61, 4.7, 4.6, 4.64, 4.26, 4.24, 4.58, 4.98, 5.52, 5.34, 4.97, 4.9, 4.88, 4.56, 4.08, 3.92, 3.51, 3.02, 2.41, 3.08, 4.03, 4.69, 5.983, 6.365, 5.707, 4.267, 3.13, 2.97, 3.803, 4.245, 2.85, 1.84, 1.53, 1.17, 1.36, 1.25, 1.07, 0, 0.83, 1.27, 1.14, 1.36, 2.08, 2.59, 2.65, 2.48, 2.41, 2.4, 2.66, 2.91, 2.99, 3.08, 3.44], [4.4, 4.28, 4.72, 5.2, 5.59, 5.48, 5.23, 5.14, 5.06, 4.79, 4.78, 4.72, 4.7, 4.67, 4.54, 4.5, 3.95, 3.77, 3.63, 3.95, 4.21, 4.21, 3.97, 3.98, 4.04, 4.32, 4.77, 5.01, 5.09, 5.37, 5.43, 5.39, 5.4, 4.94, 4.95, 4.97, 4.97, 4.65, 4.65, 4.99, 5.41, 5.83, 5.65, 5.32, 5.25, 5.23, 4.85, 4.35, 4.11, 3.74, 3.27, 2.5, 2.95, 3.64, 4.28, 5.51, 5.923, 5.234, 3.82, 2.76, 2.52, 3.35, 3.753, 2.4, 1.71, 1.42, 0.92, 1.35, 1.42, 1.16, 0.83, 0, 0.6, 0.69, 0.93, 1.85, 2.34, 2.26, 2.07, 2.18, 2.29, 2.61, 3.0, 3.06, 3.19, 3.47], [4.52, 4.36, 4.8, 5.34, 5.71, 5.62, 5.39, 5.26, 5.18, 4.95, 4.96, 4.98, 4.94, 4.91, 4.8, 4.76, 4.17, 4.07, 3.93, 4.23, 4.45, 4.41, 4.15, 4.3, 4.32, 4.58, 4.99, 5.29, 5.41, 5.67, 5.71, 5.65, 5.64, 5.16, 5.21, 5.23, 5.11, 4.79, 4.87, 5.23, 5.67, 6.03, 5.75, 5.44, 5.35, 5.29, 5.01, 4.57, 4.39, 3.96, 3.39, 2.64, 3.07, 3.76, 4.32, 5.447, 5.876, 5.18, 3.84, 2.8, 2.5, 3.41, 3.74, 2.36, 1.69, 1.46, 1.1, 1.47, 1.54, 1.32, 1.27, 0.6, 0, 0.65, 0.89, 1.91, 2.5, 2.34, 2.11, 2.26, 2.33, 2.51, 2.9, 2.98, 3.11, 3.43], [4.53, 4.29, 4.81, 5.45, 5.8, 5.69, 5.4, 5.31, 5.23, 4.98, 4.93, 4.95, 4.91, 4.88, 4.77, 4.73, 4.14, 4.02, 3.78, 4.06, 4.36, 4.32, 4.06, 4.15, 4.17, 4.47, 4.92, 5.22, 5.3, 5.56, 5.62, 5.56, 5.55, 5.07, 5.08, 5.14, 5.04, 4.78, 4.84, 5.18, 5.6, 6.02, 5.74, 5.43, 5.34, 5.32, 4.94, 4.46, 4.34, 3.95, 3.4, 2.69, 3.18, 3.89, 4.43, 5.651, 6.045, 5.383, 3.97, 2.93, 2.67, 3.5, 3.907, 2.45, 1.68, 1.39, 1.09, 1.32, 1.47, 1.21, 1.14, 0.69, 0.65, 0, 0.98, 1.92, 2.55, 2.37, 2.18, 2.25, 2.4, 2.64, 2.95, 3.07, 3.18, 3.52], [4.01, 3.79, 4.25, 4.73, 5.06, 4.95, 4.76, 4.71, 4.63, 4.36, 4.27, 4.33, 4.29, 4.24, 4.11, 4.07, 3.52, 3.44, 3.38, 3.84, 3.92, 3.9, 3.62, 3.73, 3.73, 3.95, 4.42, 4.72, 4.74, 5.04, 5.08, 5.02, 5.07, 4.63, 4.66, 4.7, 4.66, 4.36, 4.3, 4.62, 5.1, 5.6, 5.26, 4.87, 4.78, 4.76, 4.4, 3.92, 3.74, 3.31, 2.84, 2.01, 2.5, 3.27, 3.93, 5.137, 5.56, 4.83, 3.43, 2.45, 2.47, 2.96, 3.37, 2.11, 1.5, 1.33, 1.23, 1.46, 1.29, 1.17, 1.36, 0.93, 0.89, 0.98, 0, 1.36, 1.89, 1.91, 1.8, 1.81, 1.86, 2.1, 2.45, 2.47, 2.54, 2.86], [3.29, 2.85, 3.17, 3.79, 4.12, 3.99, 3.86, 3.89, 3.73, 3.44, 3.41, 3.45, 3.39, 3.34, 3.23, 3.19, 2.76, 3.1, 3.28, 4.1, 4.1, 3.78, 3.28, 3.41, 3.39, 3.13, 3.5, 3.9, 3.68, 3.98, 4.0, 4.04, 4.11, 3.67, 3.68, 3.76, 3.94, 3.94, 3.72, 3.92, 4.82, 5.52, 4.68, 4.09, 4.06, 4.04, 3.6, 3.02, 2.66, 2.33, 1.84, 1.45, 1.64, 2.45, 3.09, 4.306, 4.76, 4.016, 2.63, 1.87, 2.15, 2.66, 2.81, 2.13, 1.72, 1.91, 1.83, 1.84, 1.45, 1.73, 2.08, 1.85, 1.91, 1.92, 1.36, 0, 1.19, 1.27, 1.1, 1.19, 1.14, 1.42, 1.85, 1.77, 1.92, 2.0], [3.66, 3.02, 2.92, 3.32, 3.49, 3.34, 3.19, 3.12, 3.02, 2.75, 2.76, 2.72, 2.68, 2.65, 2.54, 2.48, 2.47, 3.05, 3.59, 4.49, 4.45, 4.31, 3.77, 3.84, 3.78, 3.56, 3.67, 3.87, 3.71, 3.83, 3.69, 3.75, 3.96, 3.44, 3.25, 3.61, 4.03, 4.13, 4.07, 4.13, 5.29, 5.89, 4.99, 4.5, 4.39, 4.39, 3.93, 3.55, 2.61, 2.18, 2.13, 1.86, 1.59, 1.96, 2.4, 3.57, 4.01, 3.3, 2.0, 1.72, 2.06, 2.29, 2.24, 2.16, 2.11, 2.24, 2.48, 2.37, 2.16, 2.58, 2.59, 2.34, 2.5, 2.55, 1.89, 1.19, 0, 0.58, 0.71, 0.66, 0.75, 1.31, 1.94, 1.74, 1.63, 1.93], [3.84, 3.12, 3.12, 3.54, 3.79, 3.64, 3.37, 3.22, 3.12, 2.91, 2.88, 2.86, 2.82, 2.79, 2.7, 2.64, 2.61, 3.21, 3.69, 4.59, 4.55, 4.35, 3.75, 3.86, 3.88, 3.72, 3.81, 4.03, 3.89, 4.01, 3.95, 3.99, 4.08, 3.66, 3.45, 3.75, 4.03, 4.23, 4.15, 4.29, 5.49, 6.09, 5.17, 4.68, 4.59, 4.65, 4.15, 3.73, 2.87, 2.44, 2.27, 2.08, 1.55, 1.98, 2.42, 3.564, 3.941, 3.28, 2.02, 1.74, 2.04, 2.29, 2.2, 2.0, 2.01, 2.16, 2.46, 2.33, 2.24, 2.64, 2.65, 2.26, 2.34, 2.37, 1.91, 1.27, 0.58, 0, 0.45, 0.68, 0.73, 1.37, 2.1, 1.92, 1.89, 2.17], [3.65,