[[0, 2.96, 5.92, 7.27, 7.82, 7.73, 8.1, 7.96, 7.599, 7.692, 7.799, 7.84, 7.37, 6.45, 6.21, 6.15, 5.86, 6.05, 6.22, 6.38, 6.45, 6.09, 6.41, 6.15, 4.82, 4.41, 4.45, 4.83, 4.65, 4.41, 4.24, 4.49, 5.27, 5.49, 4.84, 3.03, 1.76, 1.95, 2.16, 2.36, 2.46, 2.66, 2.8, 2.46, 2.45, 2.38, 2.59, 2.64, 2.17, 1.96, 1.77, 1.74, 1.87, 1.65, 2.46, 2.32, 2.37, 3.26, 5.07, 6.55, 7.59, 8.246, 8.678, 9.388, 10.308, 10.935, 10.787, 10.672, 10.846, 10.798, 10.861, 11.331, 11.067, 11.268, 12.23, 12.81, 13.456, 13.919, 13.549, 13.006, 12.682, 12.762, 11.652, 10.949, 10.865, 10.905], [2.96, 0, 3.2, 4.55, 5.08, 5.03, 5.32, 5.2, 4.86, 4.962, 5.06, 5.1, 4.63, 3.69, 3.61, 3.53, 3.42, 3.73, 3.74, 3.7, 3.79, 3.41, 3.61, 3.35, 2.4, 2.29, 2.41, 2.85, 2.83, 2.65, 2.66, 2.55, 2.67, 2.83, 2.4, 2.03, 2.92, 2.75, 3.14, 3.62, 3.66, 3.1, 2.94, 3.1, 3.37, 3.44, 3.63, 3.68, 3.39, 3.38, 3.41, 3.56, 3.73, 3.05, 3.12, 3.44, 3.11, 2.68, 2.19, 3.83, 4.99, 5.65, 5.99, 6.702, 7.582, 8.209, 8.065, 7.949, 8.123, 8.065, 8.135, 8.605, 8.318, 8.542, 9.55, 10.09, 10.72, 11.15, 10.78, 10.257, 9.933, 9.993, 8.903, 8.205, 8.139, 8.199], [5.92, 3.2, 0, 1.47, 2.1, 2.27, 2.6, 2.8, 2.52, 2.81, 2.68, 2.6, 2.71, 2.79, 2.63, 2.65, 2.72, 2.93, 2.94, 2.8, 2.73, 2.51, 1.85, 1.79, 2.44, 2.73, 2.61, 2.55, 2.63, 2.41, 2.68, 2.45, 1.71, 1.41, 1.74, 3.45, 5.42, 5.01, 5.14, 5.58, 5.38, 4.52, 4.32, 4.62, 5.07, 5.36, 5.79, 5.84, 5.93, 6.22, 6.43, 6.4, 6.55, 5.69, 4.72, 5.72, 5.35, 3.96, 2.05, 1.97, 3.49, 3.73, 4.05, 4.66, 4.86, 5.25, 5.14, 4.99, 5.07, 5.05, 5.069, 5.539, 5.32, 5.476, 6.41, 7.003, 7.716, 8.179, 7.809, 7.266, 6.95, 7.022, 5.97, 5.19, 5.46, 5.64], [7.27, 4.55, 1.47, 0, 0.87, 1.18, 1.49, 2.03, 2.13, 2.3, 2.31, 2.07, 2.32, 2.78, 2.68, 2.52, 2.75, 3.0, 2.93, 2.67, 2.6, 2.42, 2.04, 2.14, 3.01, 3.44, 3.36, 3.3, 3.3, 3.28, 3.71, 3.3, 2.52, 2.2, 2.71, 4.7, 6.57, 5.92, 5.85, 6.41, 6.19, 5.35, 5.13, 5.49, 5.9, 6.39, 6.74, 6.81, 7.04, 7.51, 7.72, 7.65, 7.74, 6.98, 5.77, 6.83, 6.22, 4.77, 2.98, 1.82, 2.76, 2.88, 3.14, 3.53, 3.69, 3.9, 3.85, 3.82, 3.76, 3.76, 3.84, 4.261, 4.003, 4.19, 5.12, 5.711, 6.41, 6.878, 6.508, 5.96, 5.649, 5.721, 4.64, 4.02, 4.25, 4.49], [7.82, 5.08, 2.1, 0.87, 0, 0.77, 1.2, 1.92, 2.04, 2.13, 2.14, 1.92, 2.21, 2.83, 2.75, 2.61, 2.8, 3.09, 3.12, 2.86, 2.73, 2.61, 2.03, 2.25, 3.26, 3.67, 3.81, 3.65, 3.77, 3.87, 4.24, 3.81, 2.97, 2.67, 3.16, 5.23, 7.14, 6.57, 6.34, 6.76, 6.64, 5.82, 5.42, 5.9, 6.29, 6.78, 7.25, 7.24, 7.65, 8.18, 8.39, 8.32, 8.29, 7.39, 6.26, 7.36, 6.89, 5.42, 3.39, 1.77, 2.33, 2.37, 2.55, 2.86, 3.06, 3.21, 3.16, 3.15, 3.13, 3.07, 3.141, 3.631, 3.42, 3.66, 4.57, 5.05, 5.78, 6.248, 5.878, 5.33, 5.028, 5.12, 4.07, 3.47, 3.66, 3.86], [7.73, 5.03, 2.27, 1.18, 0.77, 0, 1.05, 1.57, 1.73, 1.76, 1.89, 1.85, 2.0, 2.66, 2.5, 2.38, 2.65, 2.94, 2.87, 2.65, 2.54, 2.38, 1.98, 2.1, 3.01, 3.44, 3.54, 3.4, 3.5, 3.7, 4.03, 3.6, 2.7, 2.44, 3.05, 5.26, 7.09, 6.52, 6.25, 6.63, 6.51, 5.71, 5.41, 5.87, 6.24, 6.75, 7.2, 7.19, 7.6, 8.13, 8.34, 8.27, 8.18, 7.32, 6.13, 7.25, 6.84, 5.51, 3.44, 1.68, 2.32, 2.4, 2.6, 2.85, 3.11, 3.3, 3.17, 3.26, 3.3, 3.12, 3.24, 3.67, 3.53, 3.71, 4.6, 5.1, 5.85, 6.318, 5.948, 5.4, 5.11, 5.21, 4.16, 3.66, 3.83, 3.89], [8.1, 5.32, 2.6, 1.49, 1.2, 1.05, 0, 1.14, 1.64, 1.65, 1.72, 1.76, 1.91, 2.67, 2.65, 2.39, 2.74, 3.11, 3.02, 2.78, 2.61, 2.51, 2.09, 2.29, 3.42, 3.87, 4.05, 3.85, 4.01, 4.19, 4.54, 4.11, 3.17, 2.93, 3.44, 5.55, 7.44, 6.89, 6.7, 7.02, 6.92, 6.02, 5.66, 6.18, 6.55, 7.12, 7.51, 7.44, 7.95, 8.44, 8.67, 8.62, 8.53, 7.71, 6.56, 7.54, 7.11, 5.62, 3.63, 1.83, 2.49, 2.49, 2.49, 2.78, 2.82, 3.09, 3.02, 2.99, 3.05, 2.89, 2.99, 3.356, 3.26, 3.8, 4.79, 5.17, 5.54, 5.96, 5.55, 5.01, 4.72, 4.9, 3.77, 3.27, 3.5, 3.64], [7.96, 5.2, 2.8, 2.03, 1.92, 1.57, 1.14, 0, 0.96, 1.17, 1.32, 1.48, 1.45, 2.35, 2.35, 2.19, 2.64, 2.81, 2.64, 2.4, 2.49, 2.25, 1.89, 2.03, 3.26, 3.73, 3.87, 3.63, 3.75, 3.99, 4.36, 3.95, 2.99, 2.91, 3.38, 5.51, 7.32, 6.77, 6.52, 6.8, 6.64, 5.66, 5.56, 6.0, 6.39, 6.96, 7.37, 7.3, 7.83, 8.32, 8.55, 8.5, 8.39, 7.57, 6.42, 7.4, 6.95, 5.54, 3.51, 2.09, 2.51, 2.49, 2.53, 2.68, 2.82, 3.17, 3.08, 2.97, 3.07, 2.97, 3.07, 3.52, 3.36, 3.96, 4.75, 5.13, 5.6, 6.02, 5.67, 5.11, 4.86, 4.94, 3.79, 3.41, 3.54, 3.76], [7.599, 4.86, 2.52, 2.13, 2.04, 1.73, 1.64, 0.96, 0, 0.55, 0.84, 1.08, 1.07, 1.95, 1.97, 1.81, 2.18, 2.39, 2.18, 2.0, 2.03, 1.79, 1.63, 1.95, 2.94, 3.35, 3.467, 3.21, 3.35, 3.615, 3.98, 3.57, 2.57, 2.63, 3.08, 5.17, 6.98, 6.386, 6.12, 6.48, 6.32, 5.5, 5.26, 5.7, 6.05, 6.58, 7.01, 7.0, 7.443, 7.931, 8.158, 8.116, 8.018, 7.23, 6.1, 7.08, 6.59, 5.28, 3.17, 1.95, 2.23, 2.27, 2.37, 2.68, 3.08, 3.59, 3.42, 3.29, 3.43, 3.41, 3.49, 3.96, 3.74, 4.1, 4.99, 5.43, 6.0, 6.44, 6.07, 5.55, 5.24, 5.3, 4.23, 3.71, 3.8, 3.92], [7.692, 4.962, 2.81, 2.3, 2.13, 1.76, 1.65, 1.17, 0.55, 0, 0.81, 1.03, 1.04, 1.82, 1.92, 1.8, 2.17, 2.3, 2.15, 2.07, 1.98, 1.88, 1.94, 2.18, 3.03, 3.48, 3.58, 3.357, 3.463, 3.8, 4.13, 3.7, 2.7, 2.76, 3.35, 5.32, 7.09, 6.519, 6.25, 6.55, 6.41, 5.59, 5.41, 5.85, 6.2, 6.71, 7.116, 7.11, 7.556, 8.043, 8.271, 8.229, 8.151, 7.317, 6.27, 7.19, 6.74, 5.53, 3.32, 2.02, 2.14, 2.16, 2.16, 2.45, 2.97, 3.44, 3.29, 3.2, 3.36, 3.36, 3.42, 3.87, 3.65, 4.03, 4.96, 5.4, 5.93, 6.37, 6.0, 5.48, 5.17, 5.21, 4.14, 3.62, 3.67, 3.79], [7.799, 5.06, 2.68, 2.31, 2.14, 1.89, 1.72, 1.32, 0.84, 0.81, 0, 0.88, 0.99, 1.81, 1.95, 1.79, 2.1, 2.13, 1.96, 1.98, 1.93, 1.99, 1.95, 2.17, 3.12, 3.55, 3.667, 3.407, 3.55, 3.835, 4.16, 3.77, 2.79, 2.73, 3.26, 5.35, 7.18, 6.65, 6.36, 6.76, 6.74, 5.8, 5.7, 6.04, 6.49, 6.94, 7.35, 7.22, 7.69, 8.151, 8.365, 8.336, 8.238, 7.41, 6.28, 7.3, 6.89, 5.46, 3.39, 1.99, 2.09, 1.99, 2.11, 2.58, 2.8, 3.33, 3.16, 3.07, 3.23, 3.21, 3.27, 3.72, 3.44, 3.84, 4.81, 5.25, 5.76, 6.2, 5.83, 5.31, 5.0, 5.06, 3.99, 3.35, 3.38, 3.54], [7.84, 5.1, 2.6, 2.07, 1.92, 1.85, 1.76, 1.48, 1.08, 1.03, 0.88, 0, 0.77, 1.77, 1.97, 1.87, 2.18, 2.25, 2.08, 1.96, 1.91, 1.93, 1.87, 2.31, 3.16, 3.67, 3.81, 3.59, 3.75, 3.91, 4.38, 3.99, 3.07, 3.11, 3.52, 5.27, 7.199, 6.646, 6.36, 6.78, 6.64, 5.7, 5.52, 5.92, 6.39, 6.9, 7.31, 7.24, 7.703, 8.211, 8.418, 8.371, 8.307, 7.45, 6.3, 7.32, 6.91, 5.36, 3.43, 2.21, 2.23, 2.15, 2.19, 2.66, 2.82, 3.19, 3.1, 2.97, 3.07, 3.03, 3.13, 3.62, 3.32, 3.66, 4.63, 5.09, 5.64, 6.1, 5.73, 5.19, 4.88, 4.96, 3.85, 3.17, 3.34, 3.54], [7.37, 4.63, 2.71, 2.32, 2.21, 2.0, 1.91, 1.45, 1.07, 1.04, 0.99, 0.77, 0, 1.24, 1.58, 1.44, 1.79, 1.92, 1.73, 1.51, 1.46, 1.52, 1.66, 2.08, 2.85, 3.36, 3.46, 3.32, 3.4, 3.6, 4.11, 3.68, 2.82, 2.86, 3.49, 4.88, 6.75, 6.168, 5.95, 6.43, 6.17, 5.29, 5.25, 5.57, 5.98, 6.43, 6.78, 6.81, 7.22, 7.681, 7.908, 7.881, 7.86, 7.14, 5.95, 6.85, 6.32, 4.95, 3.0, 2.06, 2.28, 2.28, 2.4, 2.73, 3.17, 3.76, 3.61, 3.48, 3.64, 3.567, 3.633, 4.123, 3.87, 4.17, 5.08, 5.62, 6.223, 6.663, 6.3, 5.773, 5.466, 5.529, 4.436, 3.76, 3.83, 3.97], [6.45, 3.69, 2.79, 2.78, 2.83, 2.66, 2.67, 2.35, 1.95, 1.82, 1.81, 1.77, 1.24, 0, 0.82, 1.0, 1.23, 1.46, 1.27, 1.09, 1.08, 1.12, 2.0, 2.4, 2.41, 2.66, 2.8, 3.04, 3.04, 3.18, 3.67, 3.22, 2.54, 2.72, 3.55, 4.2, 5.91, 5.3, 5.37, 6.05, 5.79, 5.03, 4.85, 5.09, 5.48, 5.75, 6.16, 6.21, 6.26, 6.59, 6.82, 6.83, 7.04, 6.28, 5.63, 6.07, 5.68, 4.73, 3.04, 2.1, 2.4, 2.68, 2.92, 3.59, 4.25, 4.84, 4.686, 4.58, 4.74, 4.67, 4.736, 5.226, 4.943, 5.103, 6.1, 6.687, 7.32, 7.763, 7.39, 6.87, 6.546, 6.609, 5.516, 4.84, 4.81, 4.91], [6.21, 3.61, 2.63, 2.68, 2.75, 2.5, 2.65, 2.35, 1.97, 1.92, 1.95, 1.97, 1.58, 0.82, 0, 0.74, 1.15, 1.36, 1.29, 0.99, 1.02, 1.12, 1.88, 2.22, 2.07, 2.24, 2.32, 2.52, 2.5, 2.78, 3.17, 2.72, 2.1, 2.34, 3.17, 4.2, 5.69, 5.14, 5.23, 5.77, 5.73, 4.89, 4.75, 4.99, 5.42, 5.71, 6.22, 6.19, 6.14, 6.51, 6.72, 6.65, 6.7, 5.98, 5.23, 6.03, 5.62, 4.79, 3.12, 1.86, 2.32, 2.7, 2.92, 3.69, 4.37, 4.98, 4.83, 4.76, 4.92, 4.82, 4.9, 5.37, 5.07, 5.25, 6.22, 6.84, 7.549, 8.01, 7.639, 7.099, 6.77, 6.87, 5.74, 4.98, 4.89, 4.97], [6.15, 3.53, 2.65, 2.52, 2.61, 2.38, 2.39, 2.19, 1.81, 1.8, 1.79, 1.87, 1.44, 1.0, 0.74, 0, 0.69, 1.16, 1.13, 0.91, 0.98, 1.08, 1.76, 2.16, 2.01, 2.04, 2.2, 2.28, 2.34, 2.66, 3.11, 2.7, 2.08, 2.3, 3.21, 4.16, 5.53, 5.26, 5.27, 5.85, 5.81, 5.01, 4.85, 5.03, 5.5, 5.75, 6.2, 6.15, 6.18, 6.51, 6.66, 6.63, 6.58, 5.86, 5.23, 5.83, 5.56, 4.77, 2.96, 1.76, 2.16, 2.5, 2.9, 3.71, 4.39, 5.0, 4.85, 4.74, 4.9, 4.84, 4.92, 5.39, 5.109, 5.29, 6.26, 6.853, 7.47, 7.91, 7.54, 7.02, 6.71, 6.77, 5.68, 4.98, 4.91, 4.926], [5.86, 3.42, 2.72, 2.75, 2.8, 2.65, 2.74, 2.64, 2.18, 2.17, 2.1, 2.18, 1.79, 1.23, 1.15, 0.69, 0, 0.83, 1.08, 1.08, 1.19, 1.21, 2.23, 2.57, 2.28, 2.03, 2.03, 2.33, 2.25, 2.49, 2.92, 2.49, 2.01, 2.39, 3.4, 4.35, 5.5, 5.27, 5.4, 5.96, 5.96, 5.2, 5.08, 5.22, 5.63, 5.84, 6.29, 6.32, 6.19, 6.28, 6.45, 6.48, 6.59, 5.71, 5.64, 5.88, 5.73, 5.14, 3.37, 1.83, 2.17, 2.63, 3.11, 3.84, 4.68, 5.29, 5.142, 5.03, 5.19, 5.146, 5.221, 5.7, 5.399, 5.619, 6.55, 7.143, 7.78, 8.22, 7.85, 7.33, 7.008, 7.071, 5.978, 5.29, 5.22, 5.236], [6.05, 3.73, 2.93, 3.0, 3.09, 2.94, 3.11, 2.81, 2.39, 2.3, 2.13, 2.25, 1.92, 1.46, 1.36, 1.16, 0.83, 0, 0.85, 1.15, 1.4, 1.7, 2.48, 2.84, 2.65, 2.38, 2.3, 2.58, 2.36, 2.44, 2.81, 2.38, 2.26, 2.66, 3.55, 4.64, 5.97, 5.6, 5.85, 6.47, 6.41, 5.61, 5.49, 5.67, 6.06, 6.25, 6.76, 6.77, 6.56, 6.59, 6.7, 6.73, 6.86, 6.16, 5.95, 6.37, 6.0, 5.37, 3.7, 2.18, 2.48, 2.8, 3.12, 3.89, 4.63, 5.22, 5.078, 4.98, 5.12, 5.085, 5.128, 5.618, 5.355, 5.515, 6.462, 7.079, 7.703, 8.166, 7.796, 7.253, 6.946, 7.009, 5.916, 5.205, 5.15, 5.172], [6.22, 3.74, 2.94, 2.93, 3.12, 2.87, 3.02, 2.64, 2.18, 2.15, 1.96, 2.08, 1.73, 1.27, 1.29, 1.13, 1.08, 0.85, 0, 0.9, 1.33, 1.65, 2.29, 2.77, 2.64, 2.47, 2.49, 2.71, 2.57, 2.65, 3.1, 2.77, 2.49, 2.81, 3.56, 4.49, 5.9, 5.53, 5.82, 6.44, 6.38, 5.54, 5.46, 5.58, 6.01, 6.22, 6.65, 6.68, 6.47, 6.56, 6.67, 6.72, 6.79, 6.15, 5.7, 6.2, 5.81, 5.08, 3.37, 2.37, 2.59, 2.69, 3.09, 3.82, 4.5, 5.09, 4.942, 4.832, 4.99, 4.964, 4.992, 5.482, 5.219, 5.399, 6.326, 6.95, 7.556, 7.999, 7.629, 7.106, 6.799, 6.842, 5.769, 5.069, 5.04, 5.056], [6.38, 3.7, 2.8, 2.67, 2.86, 2.65, 2.78, 2.4, 2.0, 2.07, 1.98, 1.96, 1.51, 1.09, 0.99, 0.91, 1.08, 1.15, 0.9, 0, 0.77, 1.19, 2.03, 2.39, 2.46, 2.51, 2.53, 2.57, 2.55, 2.61, 3.16, 2.79, 2.25, 2.55, 3.5, 4.25, 5.76, 5.35, 5.62, 6.36, 6.18, 5.36, 5.3, 5.42, 5.73, 5.98, 6.43, 6.38, 6.29, 6.5, 6.61, 6.68, 6.87, 6.23, 5.62, 6.12, 5.59, 4.86, 3.09, 2.01, 2.27, 2.51, 2.95, 3.68, 4.44, 5.03, 4.888, 4.778, 4.93, 4.875, 4.938, 5.428, 5.165, 5.325, 6.29, 6.889, 7.501, 7.971, 7.594, 7.051, 6.747, 6.813, 5.717, 5.015, 4.942, 4.969], [6.45, 3.79, 2.73, 2.6, 2.73, 2.54, 2.61, 2.49, 2.03, 1.98, 1.93, 1.91, 1.46, 1.08, 1.02, 0.98, 1.19, 1.4, 1.33, 0.77, 0, 1.06, 2.02, 2.46, 2.45, 2.56, 2.56, 2.58, 2.68, 2.72, 3.31, 2.9, 2.36, 2.42, 3.55, 4.46, 5.79, 5.28, 5.59, 6.31, 6.13, 5.31, 5.25, 5.33, 5.68, 5.93, 6.38, 6.35, 6.28, 6.53, 6.68, 6.73, 7.0, 6.38, 5.69, 6.23, 5.56, 4.91, 3.2, 1.94, 2.26, 2.48, 2.92, 3.61, 4.41, 5.0, 4.861, 4.76, 4.9, 4.848, 4.911, 5.421, 5.138, 5.318, 6.26, 6.86, 7.494, 7.963, 7.587, 7.044, 6.74, 6.806, 5.71, 4.988, 4.95, 4.955], [6.09, 3.41, 2.51, 2.42, 2.61, 2.38, 2.51, 2.25, 1.79, 1.88, 1.99, 1.93, 1.52, 1.12, 1.12, 1.08, 1.21, 1.7, 1.65, 1.19, 1.06, 0, 1.58, 1.98, 1.99, 2.18, 2.3, 2.56, 2.62, 2.8, 3.35, 2.92, 2.14, 2.34, 3.25, 4.14, 5.45, 4.88, 4.83, 5.51, 5.31, 4.65, 4.51, 4.61, 4.96, 5.31, 5.62, 5.75, 5.86, 6.33, 6.54, 6.49, 6.64, 5.9, 5.37, 5.81, 5.42, 4.65, 2.82, 1.64, 2.36, 2.84, 3.06, 3.63, 4.45, 5.022, 4.878, 4.782, 4.936, 4.885, 4.948, 5.438, 5.155, 5.39, 6.3, 6.882, 7.526, 7.989, 7.619, 7.076, 6.752, 6.832, 5.722, 5.059, 4.97, 5.09], [6.41, 3.61, 1.85, 2.04, 2.03, 1.98, 2.09, 1.89, 1.63, 1.94, 1.95, 1.87, 1.66, 2.0, 1.88, 1.76, 2.23, 2.48, 2.29, 2.03, 2.02, 1.58, 0, 0.9, 1.85, 2.36, 2.44, 2.44, 2.5, 2.6, 3.09, 2.76, 2.04, 2.08, 2.53, 3.74, 5.71, 5.1, 4.93, 5.49, 5.23, 4.37, 4.13, 4.51, 4.92, 5.35, 5.74, 5.75, 6.16, 6.69, 6.9, 6.87, 6.86, 6.12, 4.97, 5.91, 5.4, 3.99, 2.0, 1.68, 3.08, 3.36, 3.58, 3.99, 4.31, 4.78, 4.67, 4.451, 4.58, 4.568, 4.611, 5.121, 4.91, 5.05, 6.02, 6.54, 7.19, 7.663, 7.293, 6.731, 6.423, 6.486, 5.48, 4.92, 4.99, 5.19], [6.15, 3.35, 1.79, 2.14, 2.25, 2.1, 2.29, 2.03, 1.95, 2.18, 2.17, 2.31, 2.08, 2.4, 2.22, 2.16, 2.57, 2.84, 2.77, 2.39, 2.46, 1.98, 0.9, 0, 1.57, 2.06, 2.28, 2.14, 2.34, 2.42, 2.71, 2.32, 1.7, 1.68, 2.01, 3.62, 5.47, 4.94, 4.67, 5.15, 4.95, 4.11, 3.89, 4.25, 4.64, 5.09, 5.56, 5.57, 5.98, 6.49, 6.7, 6.65, 6.68, 5.78, 4.63, 5.67, 5.26, 3.89, 1.76, 1.66, 3.3, 3.5, 3.76, 4.07, 4.35, 4.92, 4.81, 4.66, 4.799, 4.736, 4.825, 5.289, 5.13, 5.43, 6.36, 6.78, 7.47, 7.912, 7.542, 6.999, 6.73, 6.83, 5.68, 5.14, 5.21, 5.37], [4.82, 2.4, 2.44, 3.01, 3.26, 3.01, 3.42, 3.26, 2.94, 3.03, 3.12, 3.16, 2.85, 2.41, 2.07, 2.01, 2.28, 2.65, 2.64, 2.46, 2.45, 1.99, 1.85, 1.57, 0, 1.03, 1.51, 1.63, 1.87, 2.11, 2.18, 1.95, 1.55, 1.59, 2.2, 3.03, 4.18, 3.73, 3.66, 4.08, 4.22, 3.4, 3.24, 3.44, 3.83, 4.18, 4.63, 4.64, 4.85, 5.28, 5.45, 5.38, 5.31, 4.43, 3.74, 4.46, 4.11, 3.46, 1.97, 2.11, 3.51, 3.85, 4.11, 4.66, 5.505, 6.13, 5.988, 5.938, 6.11, 6.001, 6.098, 6.528, 6.265, 6.5, 7.53, 8.01, 8.76, 9.225, 8.855, 8.31, 7.996, 8.068, 6.966, 6.21, 6.12, 6.12], [4.41, 2.29, 2.73, 3.44, 3.67, 3.44, 3.87, 3.73, 3.35, 3.48, 3.55, 3.67, 3.36, 2.66, 2.24, 2.04, 2.03, 2.38, 2.47, 2.51, 2.56, 2.18, 2.36, 2.06, 1.03, 0, 0.78, 1.08, 1.36, 1.6, 1.83, 1.56, 1.4, 1.76, 2.53, 3.4, 4.11, 4.02, 4.15, 4.57, 4.75, 4.07, 3.85, 4.01, 4.34, 4.59, 5.12, 5.09, 5.04, 5.25, 5.26, 5.15, 5.02, 4.22, 4.41, 4.83, 4.62, 4.19, 2.5, 2.3, 3.44, 3.92, 4.354, 5.01, 5.918, 6.54, 6.421, 6.374, 6.56, 6.454, 6.534, 6.964, 6.678, 6.95, 7.92, 8.4, 9.19, 9.661, 9.291, 8.74, 8.435, 8.504, 7.405, 6.631, 6.51, 6.51], [4.45, 2.41, 2.61, 3.36, 3.81, 3.54, 4.05, 3.87, 3.467, 3.58, 3.667, 3.81, 3.46, 2.8, 2.32, 2.2, 2.03, 2.3, 2.49, 2.53, 2.56, 2.3, 2.44, 2.28, 1.51, 0.78, 0, 0.96, 0.82, 1.18, 1.39, 1.12, 1.16, 1.58, 2.57, 3.72, 4.53, 4.26, 4.53, 5.05, 5.25, 4.55, 4.37, 4.51, 4.84, 5.01, 5.52, 5.61, 5.34, 5.37, 5.42, 5.35, 5.32, 4.64, 4.81, 5.27, 4.96, 4.55, 2.7, 2.46, 3.46, 4.06, 4.497, 5.127, 6.007, 6.62, 6.487, 6.497, 6.7, 6.597, 6.657, 7.087, 6.764, 7.01, 7.9, 8.54, 9.31, 9.784, 9.414, 8.86, 8.561, 8.627, 7.531, 6.754, 6.63, 6.63], [4.83, 2.85, 2.55, 3.3, 3.65, 3.4, 3.85, 3.63, 3.21, 3.357, 3.407, 3.59, 3.32, 3.04, 2.52, 2.28, 2.33, 2.58, 2.71, 2.57, 2.58, 2.56, 2.44, 2.14, 1.63, 1.08, 0.96, 0, 0.66, 1.22, 1.43, 1.32, 1.24, 1.48, 2.35, 3.82, 4.83, 4.66, 4.83, 5.31, 5.43, 4.65, 4.47, 4.63, 5.02, 5.27, 5.84, 5.81, 5.68, 5.93, 5.9, 5.75, 5.68, 4.98, 4.77, 5.45, 5.08, 4.63, 2.54, 2.32, 3.36, 3.8, 4.24, 4.87, 5.747, 6.32, 6.207, 6.22, 6.44, 6.337, 6.38, 6.81, 6.487, 6.81, 7.72, 8.28, 9.05, 9.507, 9.137, 8.58, 8.284, 8.35, 7.254, 6.477, 6.35, 6.37], [4.65, 2.83, 2.63, 3.3, 3.77, 3.5, 4.01, 3.75, 3.35, 3.463, 3.55, 3.75, 3.4, 3.04, 2.5, 2.34, 2.25, 2.36, 2.57, 2.55, 2.68, 2.62, 2.5, 2.34, 1.87, 1.36, 0.82, 0.66, 0, 0.94, 1.15, 1.02, 1.28, 1.6, 2.51, 3.88, 4.99, 4.7, 4.99, 5.53, 5.69, 4.89, 4.75, 4.91, 5.28, 5.47, 6.0, 6.07, 5.82, 5.87, 5.82, 5.67, 5.72, 5.16, 4.97, 5.65, 5.18, 4.79, 2.78, 2.44, 3.46, 3.94, 4.4, 5.03, 5.89, 6.48, 6.347, 6.363, 6.58, 6.48, 6.523, 6.953, 6.63, 6.91, 7.8, 8.44, 9.19, 9.647, 9.277, 8.72, 8.427, 8.49, 7.397, 6.617, 6.49, 6.51], [4.41, 2.65, 2.41, 3.28, 3.87, 3.7, 4.19, 3.99, 3.615, 3.8, 3.835, 3.91, 3.6, 3.18, 2.78, 2.66, 2.49, 2.44, 2.65, 2.61, 2.72, 2.8, 2.6, 2.42, 2.11, 1.6, 1.18, 1.22, 0.94, 0, 0.93, 0.9, 1.48, 1.82, 2.47, 3.68, 4.77, 4.42, 4.83, 5.55, 5.55, 4.81, 4.69, 4.77, 5.08, 5.35, 5.86, 5.91, 5.58, 5.47, 5.4, 5.41, 5.7, 5.14, 5.01, 5.57, 4.92, 4.53, 2.66, 2.74, 3.8, 4.22, 4.68, 5.39, 6.252, 6.879, 6.735, 6.668, 6.84, 6.742, 6.828, 7.275, 6.997, 7.192, 8.139, 8.739, 9.49, 9.955, 9.585, 9.04, 8.72, 8.798, 7.69, 6.925, 6.81, 6.849], [4.24, 2.66, 2.68, 3.71, 4.24, 4.03, 4.54, 4.36, 3.98, 4.13, 4.16, 4.38, 4.11, 3.67, 3.17, 3.11, 2.92, 2.81, 3.1, 3.16, 3.31, 3.35, 3.09, 2.71, 2.18, 1.83, 1.39, 1.43, 1.15, 0.93, 0, 0.73, 1.69, 1.87, 2.24, 3.71, 4.86, 4.51, 4.88, 5.46, 5.58, 4.78, 4.64, 4.78, 5.17, 5.36, 5.89, 5.96, 5.67, 5.56, 5.53, 5.52, 5.67, 5.09, 4.9, 5.54, 4.95, 4.6, 2.71, 3.15, 4.11, 4.55, 5.01, 5.7, 6.562, 7.189, 7.045, 6.987, 7.19, 7.104, 7.147, 7.597, 7.316, 7.528, 8.45, 9.07, 9.8, 10.274, 9.904, 9.35, 9.048, 9.117, 8.018, 7.244, 7.12, 7.16], [4.49, 2.55, 2.45, 3.3, 3.81, 3.6, 4.11, 3.95, 3.57, 3.7, 3.77, 3.99, 3.68, 3.22, 2.72, 2.7, 2.49, 2.38, 2.77, 2.79, 2.9, 2.92, 2.76, 2.32, 1.95, 1.56, 1.12, 1.32, 1.02, 0.9, 0.73, 0, 1.16, 1.5, 2.19, 3.74, 4.85, 4.46, 4.81, 5.37, 5.53, 4.75, 4.61, 4.77, 5.12, 5.33, 5.82, 5.91, 5.6, 5.47, 5.48, 5.53, 5.6, 5.04, 4.91, 5.51, 5.02, 4.63, 2.6, 2.66, 3.62, 4.14, 4.58, 5.23, 6.121, 6.74, 6.604, 6.594, 6.78, 6.674, 6.754, 7.184, 6.872, 7.084, 8.0, 8.62, 9.41, 9.881, 9.511, 8.96, 8.655, 8.724, 7.625, 6.851, 6.73, 6.73], [5.27, 2.67, 1.71, 2.52, 2.97, 2.7, 3.17, 2.99, 2.57, 2.7, 2.79, 3.07, 2.82, 2.54, 2.1, 2.08, 2.01, 2.26, 2.49, 2.25, 2.36, 2.14, 2.04, 1.7, 1.55, 1.4, 1.16, 1.24, 1.28, 1.48, 1.69, 1.16, 0, 0.9, 1.85, 3.68, 4.97, 4.62, 4.71, 5.21, 5.35, 4.59, 4.45, 4.63, 4.94, 5.19, 5.68, 5.71, 5.6, 5.73, 5.92, 5.89, 5.98, 5.06, 4.75, 5.49, 5.22, 4.55, 2.38, 1.78, 2.72, 3.28, 3.58, 4.25, 5.09, 5.7, 5.564, 5.563, 5.76, 5.66, 5.723, 6.153, 5.85, 6.09, 7.02, 7.64, 8.37, 8.844, 8.474, 7.92, 7.624, 7.687, 6.594, 5.814, 5.69, 5.69], [5.49, 2.83, 1.41, 2.2, 2.67, 2.44, 2.93, 2.91, 2.63, 2.76, 2.73, 3.11, 2.86, 2.72, 2.34, 2.3, 2.39, 2.66, 2.81, 2.55, 2.42, 2.34, 2.08, 1.68, 1.59, 1.76, 1.58, 1.48, 1.6, 1.82, 1.87, 1.5, 0.9, 0, 1.49, 3.48, 5.09, 4.58, 4.67, 5.15, 5.21, 4.35, 4.17, 4.39, 4.86, 5.13, 5.6, 5.55, 5.68, 5.89, 6.1, 6.07, 6.14, 5.24, 4.41, 5.35, 5.0, 4.17, 2.02, 1.74, 2.88, 3.32, 3.62, 4.27, 4.887, 5.5, 5.367, 5.377, 5.58, 5.477, 5.537, 5.967, 5.641, 5.887, 6.78, 7.42, 8.19, 8.664, 8.294, 7.74, 7.441, 7.507, 6.411, 5.634, 5.51, 5.51], [4.84, 2.4, 1.74, 2.71, 3.16, 3.05, 3.44, 3.38, 3.08, 3.35, 3.26, 3.52, 3.49, 3.55, 3.17, 3.21, 3.4, 3.55, 3.56, 3.5, 3.55, 3.25, 2.53, 2.01, 2.2, 2.53, 2.57, 2.35, 2.51, 2.47, 2.24, 2.19, 1.85, 1.49, 0, 2.61, 4.48, 3.97, 4.0, 4.46, 4.42, 3.56, 3.32, 3.62, 4.09, 4.36, 4.85, 4.86, 4.91, 5.28, 5.47, 5.44, 5.49, 4.57, 3.62, 4.78, 4.43, 3.22, 1.51, 2.57, 3.97, 4.17, 4.53, 5.2, 5.54, 6.13, 5.979, 5.864, 6.05, 6.007, 6.044, 6.514, 6.256, 6.46, 7.49, 8.01, 8.7, 9.151, 8.781, 8.23, 7.928, 7.994, 6.898, 6.13, 6.14, 6.24], [3.03, 2.03, 3.45, 4.7, 5.23, 5.26, 5.55, 5.51, 5.17, 5.32, 5.35, 5.27, 4.88, 4.2, 4.2, 4.16, 4.35, 4.64, 4.49, 4.25, 4.46, 4.14, 3.74, 3.62, 3.03, 3.4, 3.72, 3.82, 3.88, 3.68, 3.71, 3.74, 3.68, 3.48, 2.61, 0, 2.33, 2.26, 2.35, 2.87, 2.57, 1.85, 1.71, 1.93, 2.22, 2.53, 2.86, 2.77, 2.86, 3.17, 3.3, 3.41, 3.6, 2.74, 1.95, 2.65, 2.3, 1.23, 2.28, 4.28, 5.8, 6.28, 6.62, 7.33, 7.87, 8.4, 8.315, 8.105, 8.279, 8.242, 8.295, 8.765, 8.505, 8.75, 9.72, 10.259, 10.881, 11.317, 10.943, 10.42, 10.1, 10.16, 9.07, 8.402, 8.33, 8.53], [1.76, 2.92, 5.42, 6.57, 7.14, 7.09, 7.44, 7.32, 6.98, 7.09, 7.18, 7.199, 6.75, 5.91, 5.69, 5.53, 5.5, 5.97, 5.9, 5.76, 5.79, 5.45, 5.71, 5.47, 4.18, 4.11, 4.53, 4.83, 4.99, 4.77, 4.86, 4.85, 4.97, 5.09, 4.48, 2.33, 0, 1.29, 1.26, 1.58, 1.54, 1.86, 2.0, 1.46, 1.41, 1.52, 1.77, 1.62, 1.39, 1.52, 1.49, 1.5, 1.65, 1.39, 1.98, 1.6, 1.67, 2.42, 4.27, 5.91, 7.09, 7.61, 8.041, 8.731, 9.651, 10.278, 10.133, 10.012, 10.186, 10.137, 10.203, 10.67, 10.39, 10.64, 11.61, 12.17, 12.816, 13.279, 12.908, 12.365, 12.042, 12.122, 11.012, 10.289, 10.208, 10.244], [1.95, 2.75, 5.01, 5.92, 6.57, 6.52, 6.89, 6.77, 6.386, 6.519, 6.65, 6.646, 6.168, 5.3, 5.14, 5.26, 5.27, 5.6, 5.53, 5.35, 5.28, 4.88, 5.1, 4.94, 3.73, 4.02, 4.26, 4.66, 4.7, 4.42, 4.51, 4.46, 4.62, 4.58, 3.97, 2.26, 1.29, 0, 0.91, 1.57, 1.73, 1.69, 1.67, 1.19, 1.42, 1.77, 1.82, 1.97, 1.64, 1.81, 1.88, 1.83, 2.08, 2.18, 2.35, 2.29, 1.78, 2.17, 3.8, 5.62, 6.86, 7.36, 7.66, 8.198, 9.118, 9.745, 9.594, 9.479, 9.653, 9.601, 9.671, 10.134, 9.854, 10.078, 11.005, 11.605, 12.263, 12.726, 12.356, 11.813, 11.492, 11.569, 10.462, 9.748, 9.71, 9.73], [2.16, 3.14, 5.14, 5.85, 6.34, 6.25, 6.7, 6.52, 6.12, 6.25, 6.36, 6.36, 5.95, 5.37, 5.23, 5.27, 5.4, 5.85, 5.82, 5.62, 5.59, 4.83, 4.93, 4.67, 3.66, 4.15, 4.53, 4.83, 4.99, 4.83, 4.88, 4.81, 4.71, 4.67, 4.0, 2.35, 1.26, 0.91, 0, 0.94, 1.04, 1.2, 1.36, 0.94, 0.87, 1.3, 1.37, 1.5, 1.53, 2.04, 2.19, 2.16, 2.19, 1.87, 1.98, 1.94, 1.87, 2.2, 3.71, 5.43, 6.81, 7.31, 7.49, 8.0, 8.82, 9.41, 9.259, 9.175, 9.33, 9.266, 9.335, 9.799, 9.536, 9.76, 10.69, 11.27, 11.979, 12.442, 12.072, 11.529, 11.222, 11.285, 10.192, 9.43, 9.4, 9.48], [2.36, 3.62, 5.58, 6.41, 6.76, 6.63, 7.02, 6.8, 6.48, 6.55, 6.76, 6.78, 6.43, 6.05, 5.77, 5.85, 5.96, 6.47, 6.44, 6.36, 6.31, 5.51, 5.49, 5.15, 4.08, 4.57, 5.05, 5.31, 5.53, 5.55, 5.46, 5.37, 5.21, 5.15, 4.46, 2.87, 1.58, 1.57, 0.94, 0, 0.76, 1.42, 1.74, 1.26, 1.21, 1.32, 1.35, 1.32, 1.49, 2.06, 2.13, 2.04, 1.99, 1.47, 1.8, 1.62, 2.01, 2.64, 4.35, 5.91, 7.27, 7.73, 7.83, 8.2, 9.02, 9.65, 9.5, 9.41, 9.59, 9.51, 9.57, 10.04, 9.799, 10.12, 11.01, 11.51, 12.24, 12.7, 12.33, 11.79, 11.48, 11.56, 10.438, 9.73, 9.72, 9.78], [2.46, 3.66, 5.38, 6.19, 6.64, 6.51, 6.92, 6.64, 6.32, 6.41, 6.74, 6.64, 6.17, 5.79, 5.73, 5.81, 5.96, 6.41, 6.38, 6.18, 6.13, 5.31, 5.23, 4.95, 4.22, 4.75, 5.25, 5.43, 5.69, 5.55, 5.58, 5.53, 5.35, 5.21, 4.42, 2.57, 1.54, 1.73, 1.04, 0.76, 0, 1.12, 1.4, 1.02, 0.77, 0.96, 1.17, 1.04, 1.43, 2.06, 2.19, 2.14, 2.13, 1.51, 1.78, 1.44, 1.89, 2.3, 4.07, 5.85, 7.33, 7.83, 7.91, 8.16, 8.94, 9.53, 9.376, 9.27, 9.43, 9.381, 9.446, 9.936, 9.68, 10.04, 10.89, 11.41, 12.076, 12.536, 12.166, 11.626, 11.299, 11.382, 10.289, 9.63, 9.68, 9.8], [2.66, 3.1, 4.52, 5.35, 5.82, 5.71, 6.02, 5.66, 5.5, 5.59, 5.8, 5.7, 5.29, 5.03, 4.89, 5.01, 5.2, 5.61, 5.54, 5.36, 5.31, 4.65, 4.37, 4.11, 3.4, 4.07, 4.55, 4.65, 4.89, 4.81, 4.78, 4.75, 4.59, 4.35, 3.56, 1.85, 1.86, 1.69, 1.2, 1.42, 1.12, 0, 0.82, 0.9, 1.15, 1.7, 2.01, 1.9, 2.31, 2.86, 3.05, 2.98, 2.99, 2.27, 1.64, 1.98, 1.79, 1.48, 3.21, 4.99, 6.57, 7.03, 7.03, 7.34, 7.96, 8.55, 8.416, 8.306, 8.45, 8.403, 8.466, 8.976, 8.72, 9.16, 9.95, 10.49, 11.091, 11.553, 11.183, 10.641, 10.353, 10.46, 9.303, 8.67, 8.66, 8.84], [2.8, 2.94, 4.32, 5.13, 5.42, 5.41, 5.66, 5.56, 5.26, 5.41, 5.7, 5.52, 5.25, 4.85, 4.75, 4.85, 5.08, 5.49, 5.46, 5.3, 5.25, 4.51, 4.13, 3.89, 3.24, 3.85, 4.37, 4.47, 4.75, 4.69, 4.64, 4.61, 4.45, 4.17, 3.32, 1.71, 2.0, 1.67, 1.36, 1.74, 1.4, 0.82, 0, 0.7, 1.05, 1.68, 2.15, 2.08, 2.53, 3.1, 3.29, 3.2, 3.21, 2.39, 1.78, 2.24, 2.07, 1.46, 3.07, 4.77, 6.41, 6.85, 6.81, 7.2, 7.82, 8.35, 8.2, 8.075, 8.229, 8.166, 8.235, 8.719, 8.52, 8.92, 9.79, 10.27, 10.879, 11.342, 10.972, 10.429, 10.122, 10.24, 9.15, 8.47, 8.48, 8.58], [2.46, 3.1, 4.62, 5.49, 5.9, 5.87, 6.18, 6.0, 5.7, 5.85, 6.04, 5.92, 5.57, 5.09, 4.99, 5.03, 5.22, 5.67, 5.58, 5.42, 5.33, 4.61, 4.51, 4.25, 3.44, 4.01, 4.51, 4.63, 4.91, 4.77, 4.78, 4.77, 4.63, 4.39, 3.62, 1.93, 1.46, 1.19, 0.94, 1.26, 1.02, 0.9, 0.7, 0, 0.69, 1.2, 1.65, 1.6, 1.95, 2.52, 2.69, 2.62, 2.69, 2.03, 1.78, 1.84, 1.85, 1.78, 3.31, 5.05, 6.59, 7.03, 7.11, 7.56, 8.3, 8.91, 8.779, 8.652, 8.826, 8.763, 8.829, 9.299, 9.056, 9.38, 10.33, 10.83, 11.476, 11.939, 11.569, 11.026, 10.705, 10.802, 9.689, 8.95, 8.96, 9.02], [2.45, 3.37, 5.07, 5.9, 6.29, 6.24, 6.55, 6.39, 6.05, 6.2, 6.49, 6.39, 5.98, 5.48, 5.42, 5.5, 5.63, 6.06, 6.01, 5.73, 5.68, 4.96, 4.92, 4.64, 3.83, 4.34, 4.84, 5.02, 5.28, 5.08, 5.17, 5.12, 4.94, 4.86, 4.09, 2.22, 1.41, 1.42, 0.87, 1.21, 0.77, 1.15, 1.05, 0.69, 0, 0.89, 1.32, 1.35, 1.58, 2.17, 2.32, 2.49, 2.52, 1.86, 2.07, 1.83, 1.94, 2.13, 3.64, 5.42, 6.94, 7.44, 7.5, 7.89, 8.73, 9.28, 9.169, 9.022, 9.196, 9.133, 9.196, 9.669, 9.45, 9.77, 10.72, 11.2, 11.846, 12.309, 11.936, 11.389, 11.069, 11.172, 10.079, 9.4, 9.41, 9.47], [2.38, 3.44, 5.36, 6.39, 6.78, 6.75, 7.12, 6.96, 6.58, 6.71, 6.94, 6.9, 6.43, 5.75, 5.71, 5.75, 5.84, 6.25, 6.22, 5.98, 5.93, 5.31, 5.35, 5.09, 4.18, 4.59, 5.01, 5.27, 5.47, 5.35, 5.36, 5.33, 5.19, 5.13, 4.36, 2.53, 1.52, 1.77, 1.3, 1.32, 0.96, 1.7, 1.68, 1.2, 0.89, 0, 0.89, 1.02, 1.13, 1.6, 2.01, 2.12, 1.89, 1.53, 2.1, 1.58, 2.19, 2.54, 3.97, 5.83, 7.21, 7.79, 7.99, 8.48, 9.3, 9.89, 9.753, 9.609, 9.783, 9.734, 9.797, 10.273, 10.06, 10.28, 11.25, 11.77, 12.413, 12.87, 12.496, 11.953, 11.633, 11.719, 10.646, 9.97, 9.98, 10.02], [2.59, 3.63, 5.79, 6.74, 7.25, 7.2, 7.51, 7.37, 7.01, 7.116, 7.35, 7.31, 6.78, 6.16, 6.22, 6.2, 6.29, 6.76, 6.65, 6.43, 6.38, 5.62, 5.74, 5.56, 4.63, 5.12, 5.52, 5.84, 6.0, 5.86, 5.89, 5.82, 5.68, 5.6, 4.85, 2.86, 1.77, 1.82, 1.37, 1.35, 1.17, 2.01, 2.15, 1.65, 1.32, 0.89, 0, 0.71, 0.84, 1.51, 1.94, 2.03, 1.68, 1.78, 2.33, 1.73, 2.22, 2.79, 4.36, 6.36, 7.8, 8.34, 8.56, 9.01, 9.829, 10.396, 10.242, 10.122, 10.296, 10.249, 10.312, 10.782, 10.529, 10.75, 11.68, 12.276, 12.901, 13.34, 12.966, 12.443, 12.123, 12.183, 11.113, 10.46, 10.45, 10.53], [2.64, 3.68, 5.84, 6.81, 7.24, 7.19, 7.44, 7.3, 7.0, 7.11, 7.22, 7.24, 6.81, 6.21, 6.19, 6.15, 6.32, 6.77, 6.68, 6.38, 6.35, 5.75, 5.75, 5.57, 4.64, 5.09, 5.61, 5.81, 6.07, 5.91, 5.96, 5.91, 5.71, 5.55, 4.86, 2.77, 1.62, 1.97, 1.5, 1.32, 1.04, 1.9, 2.08, 1.6, 1.35, 1.02, 0.71, 0, 0.83, 1.52, 1.91, 1.9, 1.63, 1.61, 2.08, 1.42, 2.11, 2.54, 4.33, 6.35, 7.69, 8.23, 8.35, 8.98, 9.682, 10.309, 10.165, 10.035, 10.209, 10.162, 10.225, 10.695, 10.435, 10.76, 11.67, 12.19, 12.82, 13.253, 12.88, 12.353, 12.033, 12.116, 11.003, 10.332, 10.3, 10.3], [2.17, 3.39, 5.93, 7.04, 7.65, 7.6, 7.95, 7.83, 7.443, 7.556, 7.69, 7.703, 7.22, 6.26, 6.14, 6.18, 6.19, 6.56, 6.47, 6.29, 6.28, 5.86, 6.16, 5.98, 4.85, 5.04, 5.34, 5.68, 5.82, 5.58, 5.67, 5.6, 5.6, 5.68, 4.91, 2.86, 1.39, 1.64, 1.53, 1.49, 1.43, 2.31, 2.53, 1.95, 1.58, 1.13, 0.84, 0.83, 0, 0.97, 1.26, 1.43, 1.28, 1.48, 2.25, 1.53, 2.0, 2.75, 4.66, 6.56, 7.84, 8.4, 8.64, 9.37, 10.195, 10.822, 10.668, 10.548, 10.722, 10.675, 10.738, 11.208, 10.928, 11.17, 12.1, 12.682, 13.311, 13.774, 13.397, 12.855, 12.537, 12.617, 11.507, 10.815, 10.77, 10.83], [1.96, 3.38, 6.22, 7.51, 8.18, 8.13, 8.44, 8.32, 7.931, 8.043, 8.151, 8.211, 7.681, 6.59, 6.51, 6.51, 6.28, 6.59, 6.56, 6.5, 6.53, 6.33, 6.69, 6.49, 5.28, 5.25, 5.37, 5.93, 5.87, 5.47, 5.56, 5.47, 5.73, 5.89, 5.28, 3.17, 1.52, 1.81, 2.04, 2.06, 2.06, 2.86, 3.1, 2.52, 2.17, 1.6, 1.51, 1.52, 0.97, 0, 0.73, 1.12, 1.21, 1.75, 2.82, 1.98, 2.41, 3.2, 5.11, 6.97, 8.13, 8.73, 9.109, 9.819, 10.719, 11.346, 11.189, 11.072, 11.246, 11.196, 11.259, 11.729, 11.449, 11.649, 12.606, 13.206, 13.832, 14.281, 13.905, 13.382, 13.064, 13.124, 12.034, 11.336, 11.264, 11.336], [1.77, 3.41, 6.43, 7.72, 8.39, 8.34, 8.67, 8.55, 8.158, 8.271, 8.365, 8.418, 7.908, 6.82, 6.72, 6.66, 6.45, 6.7, 6.67, 6.61, 6.68, 6.54, 6.9, 6.7, 5.45, 5.26, 5.42, 5.9, 5.82, 5.4, 5.53, 5.48, 5.92, 6.1, 5.47, 3.3, 1.49, 1.88, 2.19, 2.13, 2.19, 3.05, 3.29, 2.69, 2.32, 2.01, 1.94, 1.91, 1.26, 0.73, 0, 0.83, 1.18, 1.62, 2.77, 1.91, 2.28, 3.35, 5.32, 7.18, 8.36, 8.879, 9.322, 10.012, 10.932, 11.559, 11.399, 11.285, 11.459, 11.406, 11.469, 11.939, 11.659, 11.859, 12.819, 13.419, 14.03, 14.485, 14.103, 13.58, 13.268, 13.328, 12.238, 11.546, 11.474, 11.514], [1.74, 3.56, 6.4, 7.65, 8.32, 8.27, 8.62, 8.5, 8.116, 8.229, 8.336, 8.371, 7.881, 6.83, 6.65, 6.63, 6.48, 6.73, 6.72, 6.68, 6.73, 6.49, 6.87, 6.65, 5.38, 5.15, 5.35, 5.75, 5.67, 5.41, 5.52, 5.53, 5.89, 6.07, 5.44, 3.41, 1.5, 1.83, 2.16, 2.04, 2.14, 2.98, 3.2, 2.62, 2.49, 2.12, 2.03, 1.9, 1.43, 1.12, 0.83, 0, 0.91, 1.47, 2.46, 1.56, 2.15, 3.46, 5.45, 7.13, 8.27, 8.792, 9.275, 9.945, 10.865, 11.492, 11.341, 11.229, 11.403, 11.355, 11.417, 11.881, 11.601, 11.801, 12.752, 13.352, 13.993, 14.456, 14.086, 13.543, 13.219, 13.299, 12.189, 11.494, 11.415, 11.455], [1.87, 3.73, 6.55, 7.74, 8.29, 8.18, 8.53, 8.39, 8.018, 8.151, 8.238, 8.307, 7.86, 7.04, 6.7, 6.58, 6.59, 6.86, 6.79, 6.87, 7.0, 6.64, 6.86, 6.68, 5.31, 5.02, 5.32, 5.68, 5.72, 5.7, 5.67, 5.6, 5.98, 6.14, 5.49, 3.6, 1.65, 2.08, 2.19, 1.99, 2.13, 2.99, 3.21, 2.69, 2.52, 1.89, 1.68, 1.63, 1.28, 1.21, 1.18, 0.91, 0, 1.3, 2.29, 1.61, 2.32, 3.63, 5.5, 7.12, 8.24, 8.74, 9.154, 9.835, 10.755, 11.382, 11.222, 11.108, 11.3, 11.274, 11.308, 11.778, 11.482, 11.73, 12.7, 13.26, 13.875, 14.338, 13.968, 13.425, 13.112, 13.181, 12.082, 11.385, 11.312, 11.352], [1.65, 3.05, 5.69, 6.98, 7.39, 7.32, 7.71, 7.57, 7.23, 7.317, 7.41, 7.45, 7.14, 6.28, 5.98, 5.86, 5.71, 6.16, 6.15, 6.23, 6.38, 5.9, 6.12, 5.78, 4.43, 4.22, 4.64, 4.98, 5.16, 5.14, 5.09, 5.04, 5.06, 5.24, 4.57, 2.74, 1.39, 2.18, 1.87, 1.47, 1.51, 2.27, 2.39, 2.03, 1.86, 1.53, 1.78, 1.61, 1.48, 1.75, 1.62, 1.47, 1.3, 0, 1.47, 1.03, 1.76, 3.01, 4.78, 6.12, 7.32, 7.82, 8.26, 8.963, 9.863, 10.491, 10.366, 10.228, 10.4, 10.353, 10.428, 10.886, 10.623, 10.89, 11.88, 12.38, 13.05, 13.515, 13.145, 12.6, 12.283, 12.358, 11.253, 10.505, 10.43, 10.461], [2.46, 3.12, 4.72, 5.77, 6.26, 6.13, 6.56, 6.42, 6.1, 6.27, 6.28, 6.3, 5.95, 5.63, 5.23, 5.23, 5.64, 5.95, 5.7, 5.62, 5.69, 5.37, 4.97, 4.63, 3.74, 4.41, 4.81, 4.77, 4.97, 5.01, 4.9, 4.91, 4.75, 4.41, 3.62, 1.95, 1.98, 2.35, 1.98, 1.8, 1.78, 1.64, 1.78, 1.78, 2.07, 2.1, 2.33, 2.08, 2.25, 2.82, 2.77, 2.46, 2.29, 1.47, 0, 1.26, 1.29, 1.88, 3.71, 5.39, 6.81, 7.13, 7.41, 8.08, 8.676, 9.303, 9.159, 9.055, 9.23, 9.184, 9.235, 9.699, 9.436, 9.68, 10.63, 11.17, 11.879, 12.342, 11.972, 11.429, 11.116, 11.185, 10.086, 9.312, 9.24, 9.3], [2.32, 3.44, 5.72, 6.83, 7.36, 7.25, 7.54, 7.4, 7.08, 7.19, 7.3, 7.32, 6.85, 6.07, 6.03, 5.83, 5.88, 6.37, 6.2, 6.12, 6.23, 5.81, 5.91, 5.67, 4.46, 4.83, 5.27, 5.45, 5.65, 5.57, 5.54, 5.51, 5.49, 5.35, 4.78, 2.65, 1.6, 2.29, 1.94, 1.62, 1.44, 1.98, 2.24, 1.84, 1.83, 1.58, 1.73, 1.42, 1.53, 1.98, 1.91, 1.56, 1.61, 1.03, 1.26, 0, 1.33, 2.58, 4.53, 6.23, 7.61, 7.97, 8.35, 9.0, 9.799, 10.446, 10.282, 10.152, 10.326, 10.289, 10.351, 10.812, 10.532, 10.86, 11.81, 12.35, 12.931, 13.373, 13.003, 12.48, 12.156, 12.216, 11.143, 10.429, 10.356, 10.396], [2.37, 3.11, 5.35, 6.22, 6.89, 6.84, 7.11, 6.95, 6.59, 6.74, 6.89, 6.91, 6.32, 5.68, 5.62, 5.56, 5.73, 6.0, 5.81, 5.59, 5.56, 5.42, 5.4, 5.26, 4.11, 4.62, 4.96, 5.08, 5.18, 4.92, 4.95, 5.02, 5.22, 5.0, 4.43, 2.3, 1.67, 1.78, 1.87, 2.01, 1.89, 1.79, 2.07, 1.85, 1.94, 2.19, 2.22, 2.11, 2.0, 2.41, 2.28, 2.15, 2.32, 1.76, 1.29, 1.33, 0, 1.77, 3.96, 6.02, 7.36, 7.66, 8.02, 8.51, 9.363, 9.99, 9.831, 9.716, 9.89, 9.838, 9.901, 10.386, 10.091, 10.39, 11.28, 11.85, 12.488, 12.931, 12.561, 12.038, 11.714, 11.774, 10.684, 9.993, 9.95, 9.99], [3.26, 2.68, 3.96, 4.77, 5.42, 5.51, 5.62, 5.54, 5.28, 5.53, 5.46, 5.36, 4.95, 4.73, 4.79, 4.77, 5.14, 5.37, 5.08, 4.86, 4.91, 4.65, 3.99, 3.89, 3.46, 4.19, 4.55, 4.63, 4.79, 4.53, 4.6, 4.63, 4.55, 4.17, 3.22, 1.23, 2.42, 2.17, 2.2, 2.64, 2.3, 1.48, 1.46, 1.78, 2.13, 2.54, 2.79, 2.54, 2.75, 3.2, 3.35, 3.46, 3.63, 3.01, 1.88, 2.58, 1.77, 0, 2.65, 5.03, 6.61, 6.95, 7.11, 7.54, 7.84, 8.37, 8.293, 8.103, 8.237, 8.2, 8.283, 8.733, 8.47, 8.82, 9.67, 10.23, 10.838, 11.291, 10.921, 10.387, 10.084, 10.153, 9.081, 8.42, 8.44, 8.64], [5.07, 2.19, 2.05, 2.98, 3.39, 3.44, 3.63, 3.51, 3.17, 3.32, 3.39, 3.43, 3.0, 3.04, 3.12, 2.96, 3.37, 3.7, 3.37, 3.09, 3.2, 2.82, 2.0, 1.76, 1.97, 2.5, 2.7, 2.54, 2.78, 2.66, 2.71, 2.6, 2.38, 2.02, 1.51, 2.28, 4.27, 3.8, 3.71, 4.35, 4.07, 3.21, 3.07, 3.31, 3.64, 3.97, 4.36, 4.33, 4.66, 5.11, 5.32, 5.45, 5.5, 4.78, 3.71, 4.53, 3.96, 2.65, 0, 2.88, 4.42, 4.72, 4.96, 5.51, 5.95, 6.518, 6.374, 6.184, 6.358, 6.291, 6.354, 6.824, 6.611, 6.89, 7.84, 8.36, 8.968, 9.385, 9.011, 8.488, 8.168, 8.228, 7.178, 6.52, 6.57, 6.71], [6.55, 3.83, 1.97, 1.82, 1.77, 1.68, 1.83, 2.09, 1.95, 2.02, 1.99, 2.21, 2.06, 2.1, 1.86, 1.76, 1.83, 2.18, 2.37, 2.01, 1.94, 1.64, 1.68, 1.66, 2.11, 2.3, 2.46, 2.32, 2.44, 2.74, 3.15, 2.66, 1.78, 1.74, 2.57, 4.28, 5.91, 5.62, 5.43, 5.91, 5.85, 4.99, 4.77, 5.05, 5.42, 5.83, 6.36, 6.35, 6.56, 6.97, 7.18, 7.13, 7.12, 6.12, 5.39, 6.23, 6.02, 5.03, 2.88, 0, 1.96, 2.22, 2.44, 3.15, 3.829, 4.4, 4.33, 4.197, 4.34, 4.271, 4.345, 4.812, 4.529, 4.93, 6.0, 6.4, 7.05, 7.452, 7.082, 6.539, 6.223, 6.295, 5.202, 4.46, 4.37, 4.51], [7.59, 4.99, 3.49, 2.76, 2.33, 2.32, 2.49, 2.51, 2.23, 2.14, 2.09, 2.23, 2.28, 2.4, 2.32, 2.16, 2.17, 2.48, 2.59, 2.27, 2.26, 2.36, 3.08, 3.3, 3.51, 3.44, 3.46, 3.36, 3.46, 3.8, 4.11, 3.62, 2.72, 2.88, 3.97, 5.8, 7.09, 6.86, 6.81, 7.27, 7.33, 6.57, 6.41, 6.59, 6.94, 7.21, 7.8, 7.69, 7.84, 8.13, 8.36, 8.27, 8.24, 7.32, 6.81, 7.61, 7.36, 6.61, 4.42, 1.96, 0, 1.12, 1.44, 2.05, 2.85, 3.4, 3.243, 3.14, 3.32, 3.38, 3.32, 3.81, 3.51, 3.83, 4.8, 5.26, 5.91, 6.367, 5.997, 5.44, 5.147, 5.21, 4.114, 3.38, 3.29, 3.35], [8.246, 5.65, 3.73, 2.88, 2.37, 2.4, 2.49, 2.49, 2.27, 2.16, 1.99, 2.15, 2.28, 2.68, 2.7, 2.5, 2.63, 2.8, 2.69, 2.51, 2.48, 2.84, 3.36, 3.5, 3.85, 3.92, 4.06, 3.8, 3.94, 4.22, 4.55, 4.14, 3.28, 3.32, 4.17, 6.28, 7.61, 7.36, 7.31, 7.73, 7.83, 7.03, 6.85, 7.03, 7.44, 7.79, 8.34, 8.23, 8.4, 8.73, 8.879, 8.792, 8.74, 7.82, 7.13, 7.97, 7.66, 6.95, 4.72, 2.22, 1.12, 0, 0.96, 1.53, 2.15, 2.72, 2.65, 2.5, 2.64, 2.66, 2.72, 3.19, 2.85, 3.29, 4.34, 4.74, 5.37, 5.741, 5.371, 4.82, 4.521, 4.584, 3.491, 2.72, 2.65, 2.67], [8.678, 5.99, 4.05, 3.14, 2.55, 2.6, 2.49, 2.53, 2.37, 2.16, 2.11, 2.19, 2.4, 2.92, 2.92, 2.9, 3.11, 3.12, 3.09, 2.95, 2.92, 3.06, 3.58, 3.76, 4.11, 4.354, 4.497, 4.24, 4.4, 4.68, 5.01, 4.58, 3.58, 3.62, 4.53, 6.62, 8.041, 7.66, 7.49, 7.83, 7.91, 7.03, 6.81, 7.11, 7.5, 7.99, 8.56, 8.35, 8.64, 9.109, 9.322, 9.275, 9.154, 8.26, 7.41, 8.35, 8.02, 7.11, 4.96, 2.44, 1.44, 0.96, 0, 0.97, 1.63, 2.32, 2.35, 2.26, 2.34, 2.22, 2.38, 2.77, 2.41, 3.11, 4.14, 4.54, 5.05, 5.33, 4.96, 4.42, 4.11, 4.23, 3.1, 2.38, 2.27, 2.33], [9.388, 6.702, 4.66, 3.53, 2.86, 2.85, 2.78, 2.68, 2.68, 2.45, 2.58, 2.66, 2.73, 3.59, 3.69, 3.71, 3.84, 3.89, 3.82, 3.68, 3.61, 3.63, 3.99, 4.07, 4.66, 5.01, 5.127, 4.87, 5.03, 5.39, 5.7, 5.23, 4.25, 4.27, 5.2, 7.33, 8.731, 8.198, 8.0, 8.2, 8.16, 7.34, 7.2, 7.56, 7.89, 8.48, 9.01, 8.98, 9.37, 9.819, 10.012, 9.945, 9.835, 8.963, 8.08, 9.0, 8.51, 7.54, 5.51, 3.15, 2.05, 1.53, 0.97, 0, 1.0, 1.71, 1.76, 1.81, 1.99, 1.97, 1.89, 2.28, 1.94, 2.74, 3.47, 3.89, 4.4, 4.66, 4.29, 3.75, 3.44, 3.58, 2.57, 1.99, 1.98, 2.0], [10.308, 7.582, 4.86, 3.69, 3.06, 3.11, 2.82, 2.82, 3.08, 2.97, 2.8, 2.82, 3.17, 4.25, 4.37, 4.39, 4.68, 4.63, 4.5, 4.44, 4.41, 4.45, 4.31, 4.35, 5.505, 5.918, 6.007, 5.747, 5.89, 6.252, 6.562, 6.121, 5.09, 4.887, 5.54, 7.87, 9.651, 9.118, 8.82, 9.02, 8.94, 7.96, 7.82, 8.3, 8.73, 9.3, 9.829, 9.682, 10.195, 10.719, 10.932, 10.865, 10.755, 9.863, 8.676, 9.799, 9.363, 7.84, 5.95, 3.829, 2.85, 2.15, 1.63, 1.0, 0, 0.95, 1.22, 1.25, 1.45, 1.47, 1.43, 1.9, 1.56, 2.38, 2.85, 3.17, 3.66, 3.88, 3.47, 2.91, 2.68, 2.96, 1.91, 1.47, 1.46, 1.56], [10.935, 8.209, 5.25, 3.9, 3.21, 3.3, 3.09, 3.17, 3.59, 3.44, 3.33, 3.19, 3.76, 4.84, 4.98, 5.0, 5.29, 5.22, 5.09, 5.03, 5.0, 5.022, 4.78, 4.92, 6.13, 6.54, 6.62, 6.32, 6.48, 6.879, 7.189, 6.74, 5.7, 5.5, 6.13, 8.4, 10.278, 9.745, 9.41, 9.65, 9.53, 8.55, 8.35, 8.91, 9.28, 9.89, 10.396, 10.309, 10.822, 11.346, 11.559, 11.492, 11.382, 10.491, 9.303, 10.446, 9.99, 8.37, 6.518, 4.4, 3.4, 2.72, 2.32, 1.71, 0.95, 0, 0.81, 1.38, 1.5, 1.52, 1.42, 1.53, 1.31, 1.89, 2.2, 2.46, 3.03, 3.25, 2.84, 2.36, 2.11, 2.29, 1.3, 1.16, 1.35, 1.55], [10.787, 8.065, 5.14, 3.85, 3.16, 3.17, 3.02, 3.08, 3.42, 3.29, 3.16, 3.1, 3.61, 4.686, 4.83, 4.85, 5.142, 5.078, 4.942, 4.888, 4.861, 4.878, 4.67, 4.81, 5.988, 6.421, 6.487, 6.207, 6.347, 6.735, 7.045, 6.604, 5.564, 5.367, 5.979, 8.315, 10.133, 9.594, 9.259, 9.5, 9.376, 8.416, 8.2, 8.779, 9.169, 9.753, 10.242, 10.165, 10.668, 11.189, 11.399, 11.341, 11.222, 10.366, 9.159, 10.282, 9.831, 8.293, 6.374, 4.33, 3.243, 2.65, 2.35, 1.76, 1.22, 0.81, 0, 1.01, 1.35, 1.43, 1.29, 1.34, 1.24, 1.8, 2.17, 2.49, 2.98, 3.34, 2.99, 2.47, 2.16, 2.3, 1.39, 1.09, 1.32, 1.58], [10.672, 7.949, 4.99, 3.82, 3.15, 3.26, 2.99, 2.97, 3.29, 3.2, 3.07, 2.97, 3.48, 4.58, 4.76, 4.74, 5.03, 4.98, 4.832, 4.778, 4.76, 4.782, 4.451, 4.66, 5.938, 6.374, 6.497, 6.22, 6.363, 6.668, 6.987, 6.594, 5.563, 5.377, 5.864, 8.105, 10.012, 9.479, 9.175, 9.41, 9.27, 8.306, 8.075, 8.652, 9.022, 9.609, 10.122, 10.035, 10.548, 11.072, 11.285, 11.229, 11.108, 10.228, 9.055, 10.152, 9.716, 8.103, 6.184, 4.197, 3.14, 2.5, 2.26, 1.81, 1.25, 1.38, 1.01, 0, 0.92, 1.28, 1.1, 1.35, 1.51, 2.05, 2.58, 2.88, 3.13, 3.51, 3.08, 2.5, 2.29, 2.53, 1.54, 1.16, 1.27, 1.63], [10.846, 8.123, 5.07, 3.76, 3.13, 3.3, 3.05, 3.07, 3.43, 3.36, 3.23, 3.07, 3.64, 4.74, 4.92, 4.9, 5.19, 5.12, 4.99, 4.93, 4.9, 4.936, 4.58, 4.799, 6.11, 6.56, 6.7, 6.44, 6.58, 6.84, 7.19, 6.78, 5.76, 5.58, 6.05, 8.279, 10.186, 9.653, 9.33, 9.59, 9.43, 8.45, 8.229, 8.826, 9.196, 9.783, 10.296, 10.209, 10.722, 11.246, 11.459, 11.403, 11.3, 10.4, 9.23, 10.326, 9.89, 8.237, 6.358, 4.34, 3.32, 2.64, 2.34, 1.99, 1.45, 1.5, 1.35, 0.92, 0, 0.78, 0.78, 1.13, 1.43, 2.03, 2.54, 2.82, 3.19, 3.53, 3.0, 2.4, 2.35, 2.65, 1.7, 1.58, 1.73, 2.17], [10.798, 8.065, 5.05, 3.76, 3.07, 3.12, 2.89, 2.97, 3.41, 3.36, 3.21, 3.03, 3.567, 4.67, 4.82, 4.84, 5.146, 5.085, 4.964, 4.875, 4.848, 4.885, 4.568, 4.736, 6.001, 6.454, 6.597, 6.337, 6.48, 6.742, 7.104, 6.674, 5.66, 5.477, 6.007, 8.242, 10.137, 9.601, 9.266, 9.51, 9.381, 8.403, 8.166, 8.763, 9.133, 9.734, 10.249, 10.162, 10.675, 11.196, 11.406, 11.355, 11.274, 10.353, 9.184, 10.289, 9.838, 8.2, 6.291, 4.271, 3.38, 2.66, 2.22, 1.97, 1.47, 1.52, 1.43, 1.28, 0.78, 0, 0.8, 1.27, 1.43, 2.21, 2.74, 2.94, 3.39, 3.67, 3.26, 2.68, 2.63, 2.95, 1.94, 1.7, 1.91, 2.31], [10.861, 8.135, 5.069, 3.84, 3.141, 3.24, 2.99, 3.07, 3.49, 3.42, 3.27, 3.13, 3.633, 4.736, 4.9, 4.92, 5.221, 5.128, 4.992, 4.938, 4.911, 4.948, 4.611, 4.825, 6.098, 6.534, 6.657, 6.38, 6.523, 6.828, 7.147, 6.754, 5.723, 5.537, 6.044, 8.295, 10.203, 9.671, 9.335, 9.57, 9.446, 8.466, 8.235, 8.829, 9.196, 9.797, 10.312, 10.225, 10.738, 11.259, 11.469, 11.417, 11.308, 10.428, 9.235, 10.351, 9.901, 8.283, 6.354, 4.345, 3.32, 2.72, 2.38, 1.89, 1.43, 1.42, 1.29, 1.1, 0.78, 0.8, 0, 0.99, 1.21, 1.95, 2.6, 2.94, 3.29, 3.59, 3.06, 2.46, 2.43, 2.63, 1.72, 1.44, 1.69, 2.11], [11.331, 8.605, 5.539, 4.261, 3.631, 3.67, 3.356, 3.52, 3.96, 3.87, 3.72, 3.62, 4.123, 5.226, 5.37, 5.39, 5.7, 5.618, 5.482, 5.428, 5.421, 5.438, 5.121, 5.289, 6.528, 6.964, 7.087, 6.81, 6.953, 7.275, 7.597, 7.184, 6.153, 5.967, 6.514, 8.765, 10.67, 10.134, 9.799, 10.04, 9.936, 8.976, 8.719, 9.299, 9.669, 10.273, 10.782, 10.695, 11.208, 11.729, 11.939, 11.881, 11.778, 10.886, 9.699, 10.812, 10.386, 8.733, 6.824, 4.812, 3.81, 3.19, 2.77, 2.28, 1.9, 1.53, 1.34, 1.35, 1.13, 1.27, 0.99, 0, 0.86, 1.52, 1.99, 2.45, 2.76, 3.04, 2.57, 1.99, 1.88, 2.08, 1.37, 1.55, 1.66, 2.0], [11.067, 8.318, 5.32, 4.003, 3.42, 3.53, 3.26, 3.36, 3.74, 3.65, 3.44, 3.32, 3.87, 4.943, 5.07, 5.109, 5.399, 5.355, 5.219, 5.165, 5.138, 5.155, 4.91, 5.13, 6.265, 6.678, 6.764, 6.487, 6.63, 6.997, 7.316, 6.872, 5.85, 5.641, 6.256, 8.505, 10.39, 9.854, 9.536, 9.799, 9.68, 8.72, 8.52, 9.056, 9.45, 10.06, 10.529, 10.435, 10.928, 11.449, 11.659, 11.601, 11.482, 10.623, 9.436, 10.532, 10.091, 8.47, 6.611, 4.529, 3.51, 2.85, 2.41, 1.94, 1.56, 1.31, 1.24, 1.51, 1.43, 1.43, 1.21, 0.86, 0, 1.3, 2.07, 2.55, 2.98, 3.14, 2.75, 2.23, 2.02, 2.04, 1.25, 1.21, 1.34, 1.56], [11.268, 8.542, 5.476, 4.19, 3.66, 3.71, 3.8, 3.96, 4.1, 4.03, 3.84, 3.66, 4.17, 5.103, 5.25, 5.29, 5.619, 5.515, 5.399, 5.325, 5.318, 5.39, 5.05, 5.43, 6.5, 6.95, 7.01, 6.81, 6.91, 7.192, 7.528, 7.084, 6.09, 5.887, 6.46, 8.75, 10.64, 10.078, 9.76, 10.12, 10.04, 9.16, 8.92, 9.38, 9.77, 10.28, 10.75, 10.76, 11.17, 11.649, 11.859, 11.801, 11.73, 10.89, 9.68, 10.86, 10.39, 8.82, 6.89, 4.93, 3.83, 3.29, 3.11, 2.74, 2.38, 1.89, 1.8, 2.05, 2.03, 2.21, 1.95, 1.52, 1.3, 0, 1.37, 1.95, 2.44, 2.84, 2.53, 2.29, 2.1, 2.12, 1.49, 1.73, 1.86, 1.92], [12.23, 9.55, 6.41, 5.12, 4.57, 4.6, 4.79, 4.75, 4.99, 4.96, 4.81, 4.63, 5.08, 6.1, 6.22, 6.26, 6.55, 6.462, 6.326, 6.29, 6.26, 6.3, 6.02, 6.36, 7.53, 7.92, 7.9, 7.72, 7.8, 8.139, 8.45, 8.0, 7.02, 6.78, 7.49, 9.72, 11.61, 11.005, 10.69, 11.01, 10.89, 9.95, 9.79, 10.33, 10.72, 11.25, 11.68, 11.67, 12.1, 12.606, 12.819, 12.752, 12.7, 11.88, 10.63, 11.81, 11.28, 9.67, 7.84, 6.0, 4.8, 4.34, 4.14, 3.47, 2.85, 2.2, 2.17, 2.58, 2.54, 2.74, 2.6, 1.99, 2.07, 1.37, 0, 1.04, 1.59, 2.17, 1.78, 1.56, 1.57, 1.49, 1.72, 2.28, 2.31, 2.37], [12.81, 10.09, 7.003, 5.711, 5.05, 5.1, 5.17, 5.13, 5.43, 5.4, 5.25, 5.09, 5.62, 6.687, 6.84, 6.853, 7.143, 7.079, 6.95, 6.889, 6.86, 6.882, 6.54, 6.78, 8.01, 8.4, 8.54, 8.28, 8.44, 8.739, 9.07, 8.62, 7.64, 7.42, 8.01, 10.259