[[0, 0.79, 1.78, 1.84, 1.85, 2.02, 1.83, 1.99, 2.98, 5.623, 7.696, 8.49, 8.104, 7.922, 9.266, 10.7, 12.658, 13.042, 13.229, 13.294, 13.514, 13.394, 12.626, 12.615, 12.687, 12.092, 11.749, 11.935, 12.005, 11.915, 12.337, 12.389, 12.132, 11.685, 11.799, 12.341, 12.788, 11.855, 9.778, 9.071, 9.031, 9.368, 9.43, 8.526, 8.446, 8.173, 7.607, 6.655, 6.046, 6.07, 6.71, 8.256, 10.775, 12.583, 12.999, 12.757, 12.544, 12.424, 12.637, 12.992, 13.215, 13.218, 13.061, 13.087, 13.409, 13.542, 13.374, 13.367, 13.237, 12.917, 12.904, 13.042, 13.285, 14.336, 14.103, 13.207, 12.388, 11.605, 11.322, 11.871, 11.86, 12.166, 12.627, 12.35, 11.576, 10.176], [0.79, 0, 1.33, 1.45, 1.96, 2.07, 1.96, 1.98, 3.23, 6.073, 8.147, 8.969, 8.58, 8.392, 9.707, 11.165, 13.13, 13.526, 13.713, 13.772, 13.992, 13.875, 13.101, 13.099, 13.171, 12.585, 12.24, 12.428, 12.475, 12.385, 12.796, 12.856, 12.604, 12.166, 12.246, 12.82, 13.266, 12.339, 10.208, 9.546, 9.506, 9.751, 9.837, 8.976, 8.784, 8.594, 8.048, 7.073, 6.479, 6.485, 7.022, 8.59, 11.1, 12.954, 13.389, 13.183, 12.992, 12.825, 13.039, 13.4, 13.595, 13.619, 13.498, 13.536, 13.869, 13.963, 13.812, 13.831, 13.712, 13.375, 13.388, 13.507, 13.749, 14.8, 14.564, 13.666, 12.876, 12.074, 11.821, 12.332, 12.341, 12.662, 13.122, 12.817, 12.032, 10.64], [1.78, 1.33, 0, 0.66, 2.43, 2.76, 2.55, 2.67, 4.36, 7.235, 9.288, 10.187, 9.741, 9.608, 10.877, 12.303, 14.244, 14.637, 14.824, 14.889, 15.109, 14.989, 14.218, 14.21, 14.288, 13.695, 13.361, 13.527, 13.614, 13.524, 13.948, 13.988, 13.717, 13.325, 13.425, 13.93, 14.382, 13.455, 11.292, 10.575, 10.535, 10.801, 10.921, 10.001, 9.932, 9.742, 9.19, 8.197, 7.652, 7.607, 8.127, 9.622, 12.131, 14.057, 14.508, 14.343, 14.113, 13.949, 14.119, 14.421, 14.647, 14.691, 14.577, 14.589, 14.92, 15.039, 14.902, 14.907, 14.78, 14.448, 14.458, 14.585, 14.839, 15.887, 15.657, 14.744, 13.951, 13.144, 12.861, 13.399, 13.437, 13.743, 14.177, 13.892, 13.193, 11.816], [1.84, 1.45, 0.66, 0, 2.27, 2.56, 2.37, 2.55, 4.44, 7.349, 9.364, 10.226, 9.8, 9.682, 10.977, 12.397, 14.338, 14.733, 14.92, 14.974, 15.194, 15.071, 14.309, 14.286, 14.373, 13.781, 13.461, 13.62, 13.707, 13.617, 14.039, 14.082, 13.788, 13.407, 13.507, 14.018, 14.468, 13.541, 11.363, 10.675, 10.629, 10.863, 11.003, 10.074, 10.011, 9.775, 9.26, 8.28, 7.731, 7.646, 8.189, 9.683, 12.173, 14.125, 14.571, 14.391, 14.157, 13.958, 14.159, 14.514, 14.704, 14.744, 14.649, 14.674, 14.989, 15.104, 14.964, 14.984, 14.853, 14.522, 14.535, 14.662, 14.905, 15.967, 15.72, 14.824, 14.033, 13.224, 12.95, 13.484, 13.511, 13.837, 14.274, 13.983, 13.273, 11.895], [1.85, 1.96, 2.43, 2.27, 0, 0.87, 0.86, 0.88, 3.01, 5.768, 7.847, 8.866, 8.42, 8.238, 9.448, 10.866, 12.755, 13.15, 13.323, 13.394, 13.614, 13.494, 12.723, 12.718, 12.787, 12.195, 11.906, 12.075, 12.159, 12.066, 12.494, 12.534, 12.277, 11.915, 12.015, 12.458, 12.882, 11.954, 9.863, 9.071, 9.034, 9.352, 9.455, 8.655, 8.451, 8.232, 7.712, 6.711, 6.245, 6.246, 6.651, 8.065, 10.466, 12.624, 13.079, 12.946, 12.714, 12.547, 12.731, 12.974, 13.066, 13.135, 13.086, 13.095, 13.447, 13.556, 13.422, 13.441, 13.294, 12.974, 12.972, 13.12, 13.365, 14.413, 14.189, 13.279, 12.468, 11.661, 11.381, 11.953, 11.951, 12.294, 12.731, 12.46, 11.801, 10.412], [2.02, 2.07, 2.76, 2.56, 0.87, 0, 0.61, 0.85, 2.5, 5.255, 7.314, 8.279, 7.83, 7.694, 8.912, 10.333, 12.316, 12.717, 12.896, 12.961, 13.181, 13.061, 12.29, 12.282, 12.353, 11.761, 11.422, 11.611, 11.657, 11.568, 11.972, 12.032, 11.815, 11.399, 11.479, 12.019, 12.448, 11.521, 9.393, 8.632, 8.612, 8.905, 8.959, 8.174, 7.901, 7.691, 7.202, 6.192, 5.744, 5.736, 6.147, 7.645, 10.109, 12.088, 12.558, 12.399, 12.141, 12.065, 12.212, 12.532, 12.694, 12.707, 12.658, 12.67, 13.01, 13.14, 12.994, 13.014, 12.869, 12.544, 12.545, 12.692, 12.935, 13.985, 13.77, 12.857, 12.032, 11.228, 10.986, 11.523, 11.529, 11.821, 12.287, 11.999, 11.268, 9.874], [1.83, 1.96, 2.55, 2.37, 0.86, 0.61, 0, 0.92, 2.81, 5.619, 7.664, 8.626, 8.16, 8.061, 9.262, 10.697, 12.706, 13.101, 13.277, 13.342, 13.562, 13.442, 12.674, 12.663, 12.735, 12.14, 11.806, 11.994, 12.041, 11.948, 12.353, 12.425, 12.185, 11.749, 11.809, 12.406, 12.829, 11.902, 9.777, 9.039, 9.019, 9.247, 9.321, 8.552, 8.271, 8.043, 7.552, 6.576, 6.048, 6.023, 6.44, 8.04, 10.496, 12.487, 12.897, 12.732, 12.502, 12.406, 12.571, 12.904, 13.087, 13.109, 13.06, 13.069, 13.406, 13.527, 13.381, 13.395, 13.25, 12.933, 12.934, 13.073, 13.318, 14.369, 14.139, 13.235, 12.416, 11.632, 11.326, 11.922, 11.89, 12.205, 12.665, 12.386, 11.595, 10.203], [1.99, 1.98, 2.67, 2.55, 0.88, 0.85, 0.92, 0, 2.49, 5.168, 7.247, 8.329, 7.82, 7.724, 8.868, 10.268, 12.303, 12.687, 12.86, 12.931, 13.151, 13.031, 12.26, 12.255, 12.323, 11.731, 11.406, 11.595, 11.639, 11.546, 11.954, 12.014, 11.817, 11.395, 11.435, 12.006, 12.418, 11.491, 9.429, 8.654, 8.614, 8.915, 8.898, 8.226, 7.823, 7.641, 7.164, 6.191, 5.662, 5.608, 6.106, 7.608, 10.072, 12.098, 12.505, 12.413, 12.195, 12.1, 12.255, 12.553, 12.666, 12.701, 12.633, 12.673, 12.994, 13.104, 12.958, 12.975, 12.83, 12.508, 12.52, 12.653, 12.902, 13.949, 13.746, 12.812, 12.011, 11.233, 10.959, 11.51, 11.514, 11.8, 12.263, 11.986, 11.247, 9.812], [2.98, 3.23, 4.36, 4.44, 3.01, 2.5, 2.81, 2.49, 0, 3.09, 5.073, 5.927, 5.53, 5.26, 6.661, 8.104, 10.041, 10.433, 10.617, 10.674, 10.894, 10.774, 10.006, 9.998, 10.073, 9.492, 9.136, 9.327, 9.374, 9.284, 9.706, 9.761, 9.521, 9.031, 9.165, 9.741, 10.168, 9.241, 7.239, 6.752, 6.689, 6.783, 6.883, 6.035, 5.798, 5.648, 5.047, 4.092, 3.435, 3.61, 4.13, 5.561, 7.987, 9.99, 10.465, 10.174, 9.995, 9.894, 10.066, 10.424, 10.634, 10.629, 10.537, 10.567, 10.857, 10.976, 10.806, 10.791, 10.631, 10.332, 10.392, 10.448, 10.7, 11.772, 11.518, 10.643, 9.815, 9.034, 8.794, 9.32, 9.304, 9.593, 10.058, 9.776, 8.963, 7.534], [5.623, 6.073, 7.235, 7.349, 5.768, 5.255, 5.619, 5.168, 3.09, 0, 2.55, 3.54, 3.04, 2.77, 3.82, 5.314, 7.167, 7.553, 7.723, 7.783, 8.003, 7.888, 7.109, 7.113, 7.238, 6.692, 6.276, 6.488, 6.54, 6.422, 6.855, 6.932, 6.741, 6.331, 6.345, 6.925, 7.293, 6.375, 4.57, 3.967, 4.03, 4.427, 4.127, 3.812, 3.442, 3.252, 2.61, 2.26, 2.34, 2.7, 2.96, 3.49, 5.735, 7.405, 7.898, 7.69, 7.498, 7.547, 7.703, 7.834, 7.963, 7.89, 7.721, 7.738, 8.061, 8.193, 7.98, 8.008, 7.934, 7.567, 7.504, 7.634, 7.877, 8.92, 8.694, 7.807, 7.027, 6.319, 6.045, 6.716, 6.538, 6.859, 7.304, 7.019, 6.286, 4.768], [7.696, 8.147, 9.288, 9.364, 7.847, 7.314, 7.664, 7.247, 5.073, 2.55, 0, 1.45, 1.39, 1.3, 1.91, 3.11, 5.14, 5.52, 5.699, 5.745, 5.962, 5.836, 5.096, 5.06, 5.186, 4.642, 4.234, 4.42, 4.482, 4.348, 4.768, 4.854, 4.645, 4.229, 4.269, 4.853, 5.343, 4.573, 2.664, 2.307, 2.43, 2.65, 2.85, 3.08, 2.89, 2.76, 2.82, 2.87, 3.59, 3.87, 3.57, 3.44, 3.829, 5.585, 6.072, 5.812, 5.669, 5.746, 5.696, 6.058, 6.122, 6.177, 5.933, 5.933, 6.116, 6.306, 6.196, 6.193, 6.063, 5.763, 5.55, 5.74, 5.983, 6.905, 6.668, 5.783, 4.915, 4.199, 4.041, 4.618, 4.549, 4.707, 5.146, 4.91, 4.178, 2.86], [8.49, 8.969, 10.187, 10.226, 8.866, 8.279, 8.626, 8.329, 5.927, 3.54, 1.45, 0, 1.16, 1.39, 1.42, 2.6, 4.35, 4.76, 4.898, 4.917, 5.131, 5.01, 4.261, 4.264, 4.427, 3.9, 3.412, 3.569, 3.625, 3.517, 3.884, 3.991, 3.739, 3.281, 3.401, 4.172, 4.8, 4.29, 2.6, 2.42, 2.48, 2.7, 2.92, 3.17, 3.4, 3.47, 3.33, 3.66, 4.06, 4.4, 4.3, 4.11, 4.24, 5.162, 5.326, 5.001, 4.92, 4.991, 4.891, 5.334, 5.487, 5.75, 5.49, 5.527, 5.71, 5.9, 5.69, 5.71, 5.617, 5.437, 4.989, 5.159, 5.542, 6.086, 5.81, 5.069, 4.056, 3.27, 3.13, 3.59, 3.64, 3.845, 4.276, 4.016, 3.33, 2.67], [8.104, 8.58, 9.741, 9.8, 8.42, 7.83, 8.16, 7.82, 5.53, 3.04, 1.39, 1.16, 0, 1.15, 1.34, 2.639, 4.662, 5.078, 5.248, 5.296, 5.516, 5.393, 4.634, 4.678, 4.844, 4.214, 3.763, 3.988, 4.096, 3.929, 4.322, 4.408, 4.148, 3.69, 3.75, 4.429, 5.033, 4.343, 2.72, 2.58, 2.68, 3.02, 3.12, 3.39, 3.68, 3.61, 3.49, 3.64, 3.82, 4.2, 4.4, 4.29, 4.42, 5.445, 5.457, 5.229, 5.143, 5.222, 5.122, 5.527, 5.72, 5.843, 5.603, 5.643, 5.903, 6.073, 5.963, 5.883, 5.773, 5.453, 5.249, 5.471, 5.733, 6.508, 6.213, 5.338, 4.465, 3.69, 3.49, 3.962, 4.021, 4.248, 4.728, 4.448, 3.684, 2.93], [7.922, 8.392, 9.608, 9.682, 8.238, 7.694, 8.061, 7.724, 5.26, 2.77, 1.3, 1.39, 1.15, 0, 1.65, 2.95, 4.831, 5.213, 5.397, 5.44, 5.66, 5.529, 4.783, 4.793, 4.9, 4.35, 3.959, 4.178, 4.212, 4.059, 4.542, 4.576, 4.355, 3.834, 3.94, 4.58, 5.075, 4.305, 2.73, 2.53, 2.73, 3.05, 3.21, 3.34, 3.33, 3.28, 3.22, 3.41, 3.63, 3.95, 4.21, 4.12, 4.17, 5.279, 5.845, 5.462, 5.288, 5.328, 5.533, 5.87, 5.92, 5.94, 5.665, 5.685, 5.93, 6.1, 5.93, 5.925, 5.867, 5.435, 5.313, 5.455, 5.697, 6.633, 6.414, 5.501, 4.686, 3.987, 3.978, 4.4, 4.345, 4.548, 4.968, 4.707, 3.88, 2.6], [9.266, 9.707, 10.877, 10.977, 9.448, 8.912, 9.262, 8.868, 6.661, 3.82, 1.91, 1.42, 1.34, 1.65, 0, 1.78, 3.472, 3.887, 4.057, 4.1, 4.32, 4.203, 3.475, 3.56, 3.74, 3.095, 2.761, 2.813, 2.897, 2.787, 3.186, 3.249, 3.066, 2.636, 2.613, 3.326, 3.876, 3.27, 2.06, 1.98, 2.12, 2.6, 2.74, 3.29, 3.32, 3.45, 3.39, 3.9, 4.42, 4.78, 4.48, 4.07, 3.7, 4.576, 4.789, 4.435, 4.322, 4.548, 4.542, 4.608, 4.684, 4.73, 4.49, 4.526, 4.81, 4.96, 4.81, 4.786, 4.674, 4.48, 4.17, 4.313, 4.576, 5.33, 5.075, 4.276, 3.403, 2.628, 2.57, 3.028, 2.978, 3.221, 3.643, 3.399, 2.67, 2.23], [10.7, 11.165, 12.303, 12.397, 10.866, 10.333, 10.697, 10.268, 8.104, 5.314, 3.11, 2.6, 2.639, 2.95, 1.78, 0, 2.13, 2.66, 2.83, 2.83, 2.992, 2.932, 2.33, 2.56, 2.66, 2.15, 1.85, 1.85, 1.92, 2.05, 2.08, 2.18, 2.18, 1.81, 1.65, 2.11, 2.66, 2.31, 2.28, 2.62, 2.74, 2.86, 3.04, 3.83, 3.98, 4.07, 4.25, 4.92, 5.34, 5.38, 5.42, 4.65, 3.76, 4.062, 4.141, 3.95, 4.112, 4.22, 4.2, 4.28, 4.21, 4.03, 3.51, 3.45, 3.59, 3.72, 3.69, 3.77, 3.86, 3.52, 3.29, 3.28, 3.42, 4.026, 3.766, 2.923, 2.14, 1.91, 2.25, 2.45, 2.32, 2.38, 2.74, 2.64, 2.27, 2.11], [12.658, 13.13, 14.244, 14.338, 12.755, 12.316, 12.706, 12.303, 10.041, 7.167, 5.14, 4.35, 4.662, 4.831, 3.472, 2.13, 0, 0.99, 1.2, 1.22, 1.28, 1.28, 1.14, 1.41, 1.35, 1.22, 1.42, 1.4, 1.69, 1.62, 1.29, 1.41, 1.39, 1.38, 1.22, 1.14, 1.79, 2.54, 3.67, 4.03, 4.21, 4.33, 4.59, 5.44, 5.55, 5.62, 5.8, 6.53, 7.23, 7.25, 7.13, 6.16, 4.91, 4.61, 4.96, 4.9, 5.05, 5.09, 5.15, 5.21, 5.12, 4.66, 4.2, 4.0, 3.94, 3.97, 4.08, 4.32, 4.41, 4.25, 3.8, 3.59, 3.29, 3.1, 3.05, 2.74, 2.27, 2.4, 2.62, 2.74, 2.79, 2.69, 3.01, 3.03, 3.38, 3.62], [13.042, 13.526, 14.637, 14.733, 13.15, 12.717, 13.101, 12.687, 10.433, 7.553, 5.52, 4.76, 5.078, 5.213, 3.887, 2.66, 0.99, 0, 0.55, 0.77, 0.75, 0.77, 0.87, 0.84, 0.9, 1.17, 1.61, 1.79, 1.64, 1.65, 1.46, 1.5, 1.56, 1.67, 1.63, 1.37, 1.5, 2.37, 4.0, 4.32, 4.48, 4.64, 4.8, 5.71, 5.82, 5.87, 6.07, 6.8, 7.52, 7.54, 7.42, 6.45, 5.14, 5.14, 5.547, 5.43, 5.557, 5.54, 5.44, 5.66, 5.59, 4.97, 4.47, 4.35, 4.31, 4.2, 4.27, 4.41, 4.46, 4.24, 3.75, 3.42, 3.14, 3.15, 3.52, 3.19, 2.72, 2.75, 2.93, 3.07, 3.08, 3.06, 3.38, 3.36, 3.65, 3.91], [13.229, 13.713, 14.824, 14.92, 13.323, 12.896, 13.277, 12.86, 10.617, 7.723, 5.699, 4.898, 5.248, 5.397, 4.057, 2.83, 1.2, 0.55, 0, 0.62, 0.68, 0.76, 0.9, 0.99, 0.95, 1.38, 1.82, 1.94, 1.83, 1.86, 1.67, 1.69, 1.79, 1.82, 1.82, 1.56, 1.43, 2.42, 4.03, 4.45, 4.55, 4.67, 4.83, 5.72, 5.87, 5.96, 6.16, 6.91, 7.65, 7.67, 7.51, 6.5, 5.17, 5.23, 5.577, 5.5, 5.647, 5.59, 5.53, 5.727, 5.677, 5.0, 4.56, 4.44, 4.4, 4.29, 4.32, 4.46, 4.51, 4.27, 3.78, 3.45, 3.13, 3.2, 3.59, 3.28, 2.81, 2.74, 2.94, 3.12, 3.13, 3.17, 3.53, 3.43, 3.7, 3.98], [13.294, 13.772, 14.889, 14.974, 13.394, 12.961, 13.342, 12.931, 10.674, 7.783, 5.745, 4.917, 5.296, 5.44, 4.1, 2.83, 1.22, 0.77, 0.62, 0, 0.44, 0.6, 0.94, 1.03, 1.07, 1.32, 1.68, 1.74, 1.59, 1.78, 1.55, 1.63, 1.81, 1.84, 1.78, 1.52, 1.37, 2.32, 3.91, 4.47, 4.55, 4.55, 4.73, 5.7, 5.85, 5.96, 6.16, 6.89, 7.67, 7.65, 7.51, 6.4, 5.05, 5.03, 5.349, 5.24, 5.385, 5.37, 5.37, 5.45, 5.397, 4.74, 4.28, 4.16, 4.12, 4.01, 4.06, 4.2, 4.25, 4.05, 3.58, 3.25, 2.93, 2.94, 3.25, 3.0, 2.57, 2.54, 2.86, 3.04, 2.99, 2.99, 3.27, 3.27, 3.52, 3.9], [13.514, 13.992, 15.109, 15.194, 13.614, 13.181, 13.562, 13.151, 10.894, 8.003, 5.962, 5.131, 5.516, 5.66, 4.32, 2.992, 1.28, 0.75, 0.68, 0.44, 0, 0.44, 1.02, 1.19, 1.15, 1.46, 1.82, 1.86, 1.73, 1.82, 1.49, 1.55, 1.77, 1.98, 1.94, 1.68, 1.49, 2.32, 4.05, 4.666, 4.73, 4.69, 4.81, 5.82, 5.97, 6.08, 6.3, 7.07, 7.833, 7.85, 7.65, 6.46, 5.07, 4.85, 5.257, 5.2, 5.327, 5.29, 5.31, 5.45, 5.36, 4.74, 4.24, 4.12, 4.08, 3.97, 4.04, 4.2, 4.25, 4.03, 3.58, 3.23, 2.97, 2.92, 3.19, 2.96, 2.49, 2.6, 2.82, 2.94, 2.99, 2.89, 3.09, 3.17, 3.5, 3.94], [13.394, 13.875, 14.989, 15.071, 13.494, 13.061, 13.442, 13.031, 10.774, 7.888, 5.836, 5.01, 5.393, 5.529, 4.203, 2.932, 1.28, 0.77, 0.76, 0.6, 0.44, 0, 0.9, 1.01, 1.01, 1.44, 1.76, 1.76, 1.65, 1.76, 1.43, 1.53, 1.75, 1.94, 1.84, 1.58, 1.39, 2.16, 3.89, 4.526, 4.57, 4.61, 4.65, 5.68, 5.83, 5.94, 6.14, 6.93, 7.686, 7.697, 7.49, 6.34, 4.89, 4.77, 5.146, 5.04, 5.19, 5.15, 5.19, 5.29, 5.2, 4.56, 4.08, 3.96, 3.92, 3.81, 3.88, 4.02, 4.07, 3.89, 3.44, 3.09, 2.85, 2.82, 3.11, 2.82, 2.35, 2.38, 2.6, 2.88, 2.81, 2.77, 3.05, 3.09, 3.36, 3.76], [12.626, 13.101, 14.218, 14.309, 12.723, 12.29, 12.674, 12.26, 10.006, 7.109, 5.096, 4.261, 4.634, 4.783, 3.475, 2.33, 1.14, 0.87, 0.9, 0.94, 1.02, 0.9, 0, 0.77, 0.79, 0.86, 1.28, 1.4, 1.33, 1.34, 1.37, 1.47, 1.55, 1.52, 1.4, 1.34, 1.51, 2.06, 3.63, 3.91, 4.01, 4.23, 4.45, 5.1, 5.21, 5.24, 5.44, 6.21, 6.966, 6.99, 6.79, 5.98, 4.79, 4.981, 5.32, 5.14, 5.242, 5.23, 5.23, 5.327, 5.232, 4.52, 4.12, 3.98, 3.94, 3.83, 3.84, 4.0, 4.07, 3.85, 3.32, 2.97, 2.69, 2.94, 3.307, 2.96, 2.47, 2.24, 2.6, 3.0, 2.81, 2.95, 3.27, 3.13, 3.26, 3.6], [12.615, 13.099, 14.21, 14.286, 12.718, 12.282, 12.663, 12.255, 9.998, 7.113, 5.06, 4.264, 4.678, 4.793, 3.56, 2.56, 1.41, 0.84, 0.99, 1.03, 1.19, 1.01, 0.77, 0, 0.64, 0.93, 1.43, 1.63, 1.36, 1.45, 1.48, 1.54, 1.56, 1.61, 1.61, 1.49, 1.74, 2.27, 3.86, 4.02, 4.14, 4.44, 4.62, 5.31, 5.42, 5.37, 5.57, 6.28, 7.06, 7.0, 6.94, 6.21, 4.96, 5.388, 5.75, 5.57, 5.712, 5.68, 5.6, 5.746, 5.682, 4.93, 4.57, 4.43, 4.39, 4.28, 4.27, 4.45, 4.48, 4.22, 3.59, 3.28, 3.06, 3.33, 3.657, 3.39, 2.86, 2.65, 2.83, 3.29, 3.14, 3.28, 3.64, 3.48, 3.53, 3.79], [12.687, 13.171, 14.288, 14.373, 12.787, 12.353, 12.735, 12.323, 10.073, 7.238, 5.186, 4.427, 4.844, 4.9, 3.74, 2.66, 1.35, 0.9, 0.95, 1.07, 1.15, 1.01, 0.79, 0.64, 0, 0.97, 1.55, 1.85, 1.62, 1.49, 1.48, 1.54, 1.64, 1.79, 1.73, 1.59, 1.84, 2.41, 4.0, 4.02, 4.12, 4.46, 4.74, 5.39, 5.48, 5.45, 5.65, 6.4, 7.136, 7.12, 7.02, 6.25, 5.08, 5.42, 5.799, 5.699, 5.829, 5.8, 5.76, 5.889, 5.802, 5.07, 4.71, 4.57, 4.51, 4.4, 4.39, 4.59, 4.62, 4.32, 3.67, 3.4, 3.14, 3.41, 3.74, 3.49, 3.02, 2.75, 2.93, 3.43, 3.34, 3.38, 3.68, 3.56, 3.65, 3.81], [12.092, 12.585, 13.695, 13.781, 12.195, 11.761, 12.14, 11.731, 9.492, 6.692, 4.642, 3.9, 4.214, 4.35, 3.095, 2.15, 1.22, 1.17, 1.38, 1.32, 1.46, 1.44, 0.86, 0.93, 0.97, 0, 1.04, 1.34, 1.09, 0.98, 1.11, 1.27, 1.23, 1.22, 1.2, 1.44, 1.87, 2.2, 3.45, 3.63, 3.73, 4.19, 4.37, 4.92, 4.99, 4.94, 5.16, 5.89, 6.59, 6.61, 6.49, 5.82, 4.71, 5.101, 5.423, 5.272, 5.422, 5.39, 5.322, 5.467, 5.415, 4.78, 4.36, 4.2, 4.14, 4.17, 4.16, 4.3, 4.43, 4.11, 3.58, 3.35, 3.13, 3.2, 3.31, 3.08, 2.61, 2.42, 2.64, 3.02, 2.91, 3.01, 3.35, 3.25, 3.4, 3.46], [11.749, 12.24, 13.361, 13.461, 11.906, 11.422, 11.806, 11.406, 9.136, 6.276, 4.234, 3.412, 3.763, 3.959, 2.761, 1.85, 1.42, 1.61, 1.82, 1.68, 1.82, 1.76, 1.28, 1.43, 1.55, 1.04, 0, 0.84, 0.81, 0.84, 0.91, 1.01, 1.21, 1.16, 1.14, 1.66, 2.29, 2.54, 3.33, 3.49, 3.63, 4.03, 4.25, 4.84, 4.71, 4.52, 4.74, 5.49, 6.21, 6.19, 6.07, 5.68, 4.67, 4.67, 5.0, 4.855, 4.985, 5.01, 5.01, 5.17, 5.1, 4.64, 4.14, 3.92, 3.96, 4.11, 4.1, 4.3, 4.45, 4.09, 3.62, 3.49, 3.45, 3.4, 3.21, 2.84, 2.29, 2.12, 2.44, 2.74, 2.65, 2.53, 3.01, 2.99, 3.12, 3.3], [11.935, 12.428, 13.527, 13.62, 12.075, 11.611, 11.994, 11.595, 9.327, 6.488, 4.42, 3.569, 3.988, 4.178, 2.813, 1.85, 1.4, 1.79, 1.94, 1.74, 1.86, 1.76, 1.4, 1.63, 1.85, 1.34, 0.84, 0, 0.75, 1.2, 0.87, 1.15, 1.41, 1.3, 1.32, 1.64, 2.17, 2.26, 3.01, 3.25, 3.31, 3.61, 3.75, 4.52, 4.51, 4.48, 4.68, 5.49, 6.212, 6.27, 5.97, 5.3, 4.13, 4.09, 4.38, 4.18, 4.307, 4.37, 4.39, 4.49, 4.46, 4.0, 3.52, 3.32, 3.4, 3.57, 3.62, 3.84, 3.99, 3.69, 3.14, 3.07, 3.11, 2.92, 2.75, 2.32, 1.61, 1.72, 2.08, 2.22, 2.17, 2.03, 2.39, 2.45, 2.6, 3.04], [12.005, 12.475, 13.614, 13.707, 12.159, 11.657, 12.041, 11.639, 9.374, 6.54, 4.482, 3.625, 4.096, 4.212, 2.897, 1.92, 1.69, 1.64, 1.83, 1.59, 1.73, 1.65, 1.33, 1.36, 1.62, 1.09, 0.81, 0.75, 0, 0.91, 0.8, 1.04, 1.3, 1.23, 1.39, 1.71, 2.16, 2.27, 3.22, 3.5, 3.54, 3.82, 3.9, 4.63, 4.6, 4.49, 4.67, 5.52, 6.282, 6.248, 6.02, 5.47, 4.32, 4.5, 4.807, 4.585, 4.715, 4.82, 4.7, 4.86, 4.81, 4.27, 3.79, 3.65, 3.69, 3.74, 3.77, 3.95, 4.04, 3.74, 3.23, 3.08, 3.14, 3.11, 2.94, 2.65, 2.08, 2.03, 2.33, 2.59, 2.46, 2.38, 2.78, 2.76, 2.83, 3.23], [11.915, 12.385, 13.524, 13.617, 12.066, 11.568, 11.948, 11.546, 9.284, 6.422, 4.348, 3.517, 3.929, 4.059, 2.787, 2.05, 1.62, 1.65, 1.86, 1.78, 1.82, 1.76, 1.34, 1.45, 1.49, 0.98, 0.84, 1.2, 0.91, 0, 0.81, 0.93, 1.21, 1.2, 1.18, 1.82, 2.31, 2.44, 3.43, 3.65, 3.75, 4.13, 4.29, 4.94, 4.87, 4.68, 4.82, 5.51, 6.255, 6.25, 6.19, 5.78, 4.73, 4.79, 5.189, 5.089, 5.222, 5.23, 5.13, 5.347, 5.332, 4.78, 4.38, 4.16, 4.08, 4.11, 4.14, 4.36, 4.49, 4.17, 3.68, 3.45, 3.35, 3.38, 3.25, 3.06, 2.57, 2.34, 2.54, 2.92, 2.81, 2.73, 3.01, 3.05, 3.26, 3.46], [12.337, 12.796, 13.948, 14.039, 12.494, 11.972, 12.353, 11.954, 9.706, 6.855, 4.768, 3.884, 4.322, 4.542, 3.186, 2.08, 1.29, 1.46, 1.67, 1.55, 1.49, 1.43, 1.37, 1.48, 1.48, 1.11, 0.91, 0.87, 0.8, 0.81, 0, 0.46, 0.82, 1.07, 1.29, 1.59, 2.18, 2.41, 3.3, 3.58, 3.66, 3.94, 4.08, 4.89, 4.88, 4.85, 5.07, 5.9, 6.605, 6.551, 6.36, 5.61, 4.52, 4.28, 4.707, 4.647, 4.797, 4.8, 4.72, 4.96, 4.99, 4.53, 4.07, 3.85, 3.89, 3.98, 4.05, 4.25, 4.38, 4.04, 3.55, 3.38, 3.32, 3.09, 2.94, 2.61, 2.14, 2.07, 2.31, 2.51, 2.52, 2.34, 2.62, 2.68, 2.95, 3.33], [12.389, 12.856, 13.988, 14.082, 12.534, 12.032, 12.425, 12.014, 9.761, 6.932, 4.854, 3.991, 4.408, 4.576, 3.249, 2.18, 1.41, 1.5, 1.69, 1.63, 1.55, 1.53, 1.47, 1.54, 1.54, 1.27, 1.01, 1.15, 1.04, 0.93, 0.46, 0, 0.74, 1.07, 1.39, 1.79, 2.3, 2.59, 3.4, 3.62, 3.74, 4.06, 4.24, 4.95, 4.96, 4.95, 5.17, 6.003, 6.688, 6.68, 6.44, 5.69, 4.64, 4.42, 4.827, 4.827, 4.977, 4.94, 4.9, 5.1, 5.167, 4.69, 4.25, 4.05, 4.11, 4.2, 4.23, 4.43, 4.56, 4.22, 3.77, 3.6, 3.44, 3.25, 3.12, 2.79, 2.36, 2.23, 2.49, 2.63, 2.72, 2.52, 2.76, 2.84, 3.15, 3.47], [12.132, 12.604, 13.717, 13.788, 12.277, 11.815, 12.185, 11.817, 9.521, 6.741, 4.645, 3.739, 4.148, 4.355, 3.066, 2.18, 1.39, 1.56, 1.79, 1.81, 1.77, 1.75, 1.55, 1.56, 1.64, 1.23, 1.21, 1.41, 1.3, 1.21, 0.82, 0.74, 0, 0.93, 1.25, 1.73, 2.42, 2.77, 3.26, 3.64, 3.82, 4.04, 4.26, 4.79, 4.92, 4.99, 5.19, 5.96, 6.6, 6.526, 6.4, 5.57, 4.7, 4.6, 4.95, 4.947, 5.097, 5.06, 4.98, 5.22, 5.31, 4.95, 4.49, 4.29, 4.35, 4.42, 4.55, 4.75, 4.88, 4.54, 4.03, 3.88, 3.7, 3.51, 3.38, 2.93, 2.42, 2.31, 2.53, 2.63, 2.7, 2.62, 2.94, 2.96, 3.25, 3.45], [11.685, 12.166, 13.325, 13.407, 11.915, 11.399, 11.749, 11.395, 9.031, 6.331, 4.229, 3.281, 3.69, 3.834, 2.636, 1.81, 1.38, 1.67, 1.82, 1.84, 1.98, 1.94, 1.52, 1.61, 1.79, 1.22, 1.16, 1.3, 1.23, 1.2, 1.07, 1.07, 0.93, 0, 0.82, 1.48, 2.21, 2.46, 3.11, 3.37, 3.47, 3.83, 4.05, 4.76, 4.77, 4.76, 4.94, 5.61, 6.07, 6.13, 6.11, 5.46, 4.49, 4.61, 4.817, 4.657, 4.807, 4.89, 4.79, 5.01, 5.117, 4.74, 4.3, 4.1, 4.18, 4.25, 4.36, 4.56, 4.69, 4.35, 3.84, 3.69, 3.47, 3.54, 3.37, 2.84, 2.35, 2.16, 2.38, 2.56, 2.61, 2.61, 3.01, 2.87, 2.94, 2.98], [11.799, 12.246, 13.425, 13.507, 12.015, 11.479, 11.809, 11.435, 9.165, 6.345, 4.269, 3.401, 3.75, 3.94, 2.613, 1.65, 1.22, 1.63, 1.82, 1.78, 1.94, 1.84, 1.4, 1.61, 1.73, 1.2, 1.14, 1.32, 1.39, 1.18, 1.29, 1.39, 1.25, 0.82, 0, 1.2, 1.99, 2.38, 3.15, 3.47, 3.63, 3.91, 4.05, 4.9, 4.87, 4.78, 4.98, 5.73, 6.21, 6.23, 6.19, 5.62, 4.53, 4.61, 4.84, 4.643, 4.773, 4.87, 4.85, 5.07, 5.04, 4.68, 4.18, 3.98, 3.88, 3.95, 4.1, 4.34, 4.49, 4.21, 3.72, 3.49, 3.27, 3.46, 3.31, 2.94, 2.37, 2.24, 2.56, 2.82, 2.67, 2.63, 3.09, 3.01, 2.96, 3.0], [12.341, 12.82, 13.93, 14.018, 12.458, 12.019, 12.406, 12.006, 9.741, 6.925, 4.853, 4.172, 4.429, 4.58, 3.326, 2.11, 1.14, 1.37, 1.56, 1.52, 1.68, 1.58, 1.34, 1.49, 1.59, 1.44, 1.66, 1.64, 1.71, 1.82, 1.59, 1.79, 1.73, 1.48, 1.2, 0, 1.05, 2.0, 3.17, 3.61, 3.79, 3.95, 4.11, 5.04, 5.15, 5.18, 5.4, 6.15, 6.798, 6.81, 6.71, 5.7, 4.29, 4.65, 4.94, 4.7, 4.796, 4.91, 4.91, 4.91, 4.72, 4.3, 3.86, 3.62, 3.58, 3.57, 3.78, 3.96, 4.05, 3.87, 3.38, 3.09, 2.77, 3.28, 3.25, 2.68, 2.29, 2.34, 2.52, 2.78, 2.69, 2.83, 3.21, 3.03, 2.96, 3.2], [12.788, 13.266, 14.382, 14.468, 12.882, 12.448, 12.829, 12.418, 10.168, 7.293, 5.343, 4.8, 5.033, 5.075, 3.876, 2.66, 1.79, 1.5, 1.43, 1.37, 1.49, 1.39, 1.51, 1.74, 1.84, 1.87, 2.29, 2.17, 2.16, 2.31, 2.18, 2.3, 2.42, 2.21, 1.99, 1.05, 0, 1.37, 3.22, 3.96, 4.0, 3.98, 4.08, 5.11, 5.26, 5.37, 5.61, 6.422, 7.088, 7.151, 6.96, 5.79, 4.14, 4.765, 5.058, 4.758, 4.84, 5.02, 4.98, 4.92, 4.707, 3.91, 3.53, 3.43, 3.39, 3.26, 3.35, 3.41, 3.58, 3.38, 3.03, 2.6, 2.38, 3.09, 3.34, 2.75, 2.48, 2.65, 2.81, 2.91, 2.86, 3.04, 3.32, 3.14, 3.01, 3.158], [11.855, 12.339, 13.455, 13.541, 11.954, 11.521, 11.902, 11.491, 9.241, 6.375, 4.573, 4.29, 4.343, 4.305, 3.27, 2.31, 2.54, 2.37, 2.42, 2.32, 2.32, 2.16, 2.06, 2.27, 2.41, 2.2, 2.54, 2.26, 2.27, 2.44, 2.41, 2.59, 2.77, 2.46, 2.38, 2.0, 1.37, 0, 2.47, 3.17, 3.09, 3.01, 3.05, 4.1, 4.25, 4.36, 4.619, 5.432, 6.102, 6.181, 5.963, 4.74, 3.13, 3.989, 4.267, 4.022, 4.069, 4.209, 4.23, 4.217, 3.962, 3.0, 2.68, 2.64, 2.7, 2.59, 2.6, 2.72, 2.75, 2.35, 2.18, 1.91, 1.77, 2.825, 3.09, 2.44, 2.11, 2.36, 2.5, 2.6, 2.47, 2.67, 2.87, 2.59, 2.18, 2.24], [9.778, 10.208, 11.292, 11.363, 9.863, 9.393, 9.777, 9.429, 7.239, 4.57, 2.664, 2.6, 2.72, 2.73, 2.06, 2.28, 3.67, 4.0, 4.03, 3.91, 4.05, 3.89, 3.63, 3.86, 4.0, 3.45, 3.33, 3.01, 3.22, 3.43, 3.3, 3.4, 3.26, 3.11, 3.15, 3.17, 3.22, 2.47, 0, 1.24, 1.28, 1.4, 1.46, 2.15, 2.52, 2.93, 3.07, 3.74, 4.68, 4.84, 4.02, 2.77, 2.18, 3.447, 3.93, 3.551, 3.419, 3.41, 3.547, 3.781, 3.867, 3.89, 3.648, 3.624, 3.964, 4.094, 3.964, 3.955, 3.851, 3.471, 3.515, 3.631, 3.811, 4.727, 4.446, 3.568, 2.78, 2.27, 2.11, 2.57, 2.4, 2.68, 3.06, 2.78, 2.19, 1.45], [9.071, 9.546, 10.575, 10.675, 9.071, 8.632, 9.039, 8.654, 6.752, 3.967, 2.307, 2.42, 2.58, 2.53, 1.98, 2.62, 4.03, 4.32, 4.45, 4.47, 4.666, 4.526, 3.91, 4.02, 4.02, 3.63, 3.49, 3.25, 3.5, 3.65, 3.58, 3.62, 3.64, 3.37, 3.47, 3.61, 3.96, 3.17, 1.24, 0, 0.56, 1.48, 1.68, 2.01, 2.38, 2.75, 2.81, 3.28, 4.38, 4.68, 3.76, 2.59, 2.48, 4.113, 4.585, 4.288, 4.115, 4.136, 4.297, 4.393, 4.557, 4.664, 4.364, 4.447, 4.767, 4.92, 4.744, 4.721, 4.571, 4.251, 4.041, 4.271, 4.531, 5.464, 5.175, 4.314, 3.617, 2.87, 2.63, 3.23, 3.1, 3.457, 3.857, 3.537, 2.91, 1.91], [9.031, 9.506, 10.535, 10.629, 9.034, 8.612, 9.019, 8.614, 6.689, 4.03, 2.43, 2.48, 2.68, 2.73, 2.12, 2.74, 4.21, 4.48, 4.55, 4.55, 4.73, 4.57, 4.01, 4.14, 4.12, 3.73, 3.63, 3.31, 3.54, 3.75, 3.66, 3.74, 3.82, 3.47, 3.63, 3.79, 4.0, 3.09, 1.28, 0.56, 0, 1.2, 1.52, 1.85, 2.34, 2.75, 2.83, 3.26, 4.38, 4.72, 3.74, 2.47, 2.68, 4.279, 4.653, 4.396, 4.226, 4.26, 4.369, 4.382, 4.522, 4.567, 4.381, 4.487, 4.762, 4.914, 4.721, 4.618, 4.508, 4.274, 4.124, 4.251, 4.614, 5.476, 5.195, 4.319, 3.614, 2.83, 2.61, 3.19, 3.08, 3.474, 3.874, 3.554, 2.95, 1.97], [9.368, 9.751, 10.801, 10.863, 9.352, 8.905, 9.247, 8.915, 6.783, 4.427, 2.65, 2.7, 3.02, 3.05, 2.6, 2.86, 4.33, 4.64, 4.67, 4.55, 4.69, 4.61, 4.23, 4.44, 4.46, 4.19, 4.03, 3.61, 3.82, 4.13, 3.94, 4.06, 4.04, 3.83, 3.91, 3.95, 3.98, 3.01, 1.4, 1.48, 1.2, 0, 1.08, 1.73, 2.32, 2.77, 2.89, 3.48, 4.47, 4.82, 3.66, 2.11, 2.38, 3.905, 4.27, 4.041, 3.784, 3.842, 3.949, 4.082, 4.266, 4.284, 4.124, 4.184, 4.395, 4.565, 4.398, 4.338, 4.225, 3.994, 3.829, 4.056, 4.325, 5.186, 4.966, 4.065, 3.32, 2.65, 2.55, 2.91, 2.92, 3.14, 3.54, 3.24, 2.57, 1.65], [9.43, 9.837, 10.921, 11.003, 9.455, 8.959, 9.321, 8.898, 6.883, 4.127, 2.85, 2.92, 3.12, 3.21, 2.74, 3.04, 4.59, 4.8, 4.83, 4.73, 4.81, 4.65, 4.45, 4.62, 4.74, 4.37, 4.25, 3.75, 3.9, 4.29, 4.08, 4.24, 4.26, 4.05, 4.05, 4.11, 4.08, 3.05, 1.46, 1.68, 1.52, 1.08, 0, 1.41, 1.92, 2.41, 2.63, 3.459, 4.273, 4.653, 3.54, 1.99, 2.46, 3.827, 4.037, 3.91, 3.704, 3.746, 3.878, 3.972, 4.145, 4.079, 3.895, 3.904, 4.304, 4.379, 4.249, 4.246, 4.11, 3.79, 3.723, 3.947, 4.09, 5.1, 4.923, 3.984, 3.3, 2.71, 2.43, 2.91, 2.86, 3.1, 3.48, 3.24, 2.53, 1.71], [8.526, 8.976, 10.001, 10.074, 8.655, 8.174, 8.552, 8.226, 6.035, 3.812, 3.08, 3.17, 3.39, 3.34, 3.29, 3.83, 5.44, 5.71, 5.72, 5.7, 5.82, 5.68, 5.1, 5.31, 5.39, 4.92, 4.84, 4.52, 4.63, 4.94, 4.89, 4.95, 4.79, 4.76, 4.9, 5.04, 5.11, 4.1, 2.15, 2.01, 1.85, 1.73, 1.41, 0, 1.33, 1.86, 2.12, 3.184, 3.841, 4.063, 2.931, 1.72, 2.642, 4.327, 4.755, 4.56, 4.393, 4.232, 4.368, 4.692, 4.845, 4.871, 4.683, 4.709, 5.023, 5.153, 4.988, 5.005, 4.952, 4.569, 4.582, 4.749, 4.917, 5.95, 5.741, 4.842, 4.15, 3.5, 3.32, 3.72, 3.69, 4.03, 4.429, 4.161, 3.56, 2.68], [8.446, 8.784, 9.932, 10.011, 8.451, 7.901, 8.271, 7.823, 5.798, 3.442, 2.89, 3.4, 3.68, 3.33, 3.32, 3.98, 5.55, 5.82, 5.87, 5.85, 5.97, 5.83, 5.21, 5.42, 5.48, 4.99, 4.71, 4.51, 4.6, 4.87, 4.88, 4.96, 4.92, 4.77, 4.87, 5.15, 5.26, 4.25, 2.52, 2.38, 2.34, 2.32, 1.92, 1.33, 0, 0.95, 1.47, 2.6, 3.288, 3.419, 2.22, 1.79, 2.794, 4.57, 5.168, 5.0, 4.816, 4.855, 4.947, 5.307, 5.251, 5.169, 4.955, 5.01, 5.32, 5.429, 5.264, 5.287, 5.119, 4.785, 4.76, 4.913, 5.108, 6.158, 5.987, 5.094, 4.44, 3.97, 3.89, 4.31, 4.1, 4.28, 4.68, 4.4, 3.77, 2.69], [8.173, 8.594, 9.742, 9.775, 8.232, 7.691, 8.043, 7.641, 5.648, 3.252, 2.76, 3.47, 3.61, 3.28, 3.45, 4.07, 5.62, 5.87, 5.96, 5.96, 6.08, 5.94, 5.24, 5.37, 5.45, 4.94, 4.52, 4.48, 4.49, 4.68, 4.85, 4.95, 4.99, 4.76, 4.78, 5.18, 5.37, 4.36, 2.93, 2.75, 2.75, 2.77, 2.41, 1.86, 0.95, 0, 0.96, 2.25, 2.978, 2.892, 1.91, 2.22, 3.287, 5.047, 5.755, 5.613, 5.408, 5.432, 5.54, 5.94, 5.805, 5.566, 5.41, 5.35, 5.626, 5.725, 5.528, 5.496, 5.33, 5.028, 5.032, 5.136, 5.388, 6.484, 6.286, 5.51, 4.81, 4.4, 4.4, 4.76, 4.67, 4.71, 5.05, 4.81, 4.2, 2.98], [7.607, 8.048, 9.19, 9.26, 7.712, 7.202, 7.552, 7.164, 5.047, 2.61, 2.82, 3.33, 3.49, 3.22, 3.39, 4.25, 5.8, 6.07, 6.16, 6.16, 6.3, 6.14, 5.44, 5.57, 5.65, 5.16, 4.74, 4.68, 4.67, 4.82, 5.07, 5.17, 5.19, 4.94, 4.98, 5.4, 5.61, 4.619, 3.07, 2.81, 2.83, 2.89, 2.63, 2.12, 1.47, 0.96, 0, 1.49, 2.29, 2.35, 1.49, 2.06, 3.759, 5.401, 6.173, 5.905, 5.687, 5.734, 5.835, 6.199, 6.09, 5.868, 5.731, 5.737, 6.027, 6.139, 5.912, 5.937, 5.801, 5.44, 5.449, 5.582, 5.811, 6.9, 6.661, 5.842, 5.13, 4.6, 4.5, 5.0, 4.89, 4.97, 5.37, 5.108, 4.48, 3.2], [6.655, 7.073, 8.197, 8.28, 6.711, 6.192, 6.576, 6.191, 4.092, 2.26, 2.87, 3.66, 3.64, 3.41, 3.9, 4.92, 6.53, 6.8, 6.91, 6.89, 7.07, 6.93, 6.21, 6.28, 6.4, 5.89, 5.49, 5.49, 5.52, 5.51, 5.9, 6.003, 5.96, 5.61, 5.73, 6.15, 6.422, 5.432, 3.74, 3.28, 3.26, 3.48, 3.459, 3.184, 2.6, 2.25, 1.49, 0, 1.54, 1.9, 1.44, 2.591, 4.592, 6.444, 7.211, 6.89, 6.607, 6.71, 6.824, 7.1, 7.026, 6.809, 6.664, 6.725, 7.02, 7.138, 6.924, 6.914, 6.777, 6.453, 6.454, 6.553, 6.808, 7.902, 7.66, 6.85, 6.12, 5.45, 5.27, 5.87, 5.8, 5.975, 6.375, 6.113, 5.408, 4.07], [6.046, 6.479, 7.652, 7.731, 6.245, 5.744, 6.048, 5.662, 3.435, 2.34, 3.59, 4.06, 3.82, 3.63, 4.42, 5.34, 7.23, 7.52, 7.65, 7.67, 7.833, 7.686, 6.966, 7.06, 7.136, 6.59, 6.21, 6.212, 6.282, 6.255, 6.605, 6.688, 6.6, 6.07, 6.21, 6.798, 7.088, 6.102, 4.68, 4.38, 4.38, 4.47, 4.273, 3.841, 3.288, 2.978, 2.29, 1.54, 0, 1.14, 1.88, 3.544, 5.726, 7.058, 7.509, 7.449, 7.26, 7.383, 7.478, 7.835, 7.819, 7.747, 7.451, 7.511, 7.792, 7.902, 7.708, 7.772, 7.676, 7.319, 7.284, 7.386, 7.547, 8.6, 8.364, 7.482, 6.72, 6.05, 6.05, 6.35, 6.32, 6.578, 7.018, 6.698, 5.8, 4.27], [6.07, 6.485, 7.607, 7.646, 6.246, 5.736, 6.023, 5.608, 3.61, 2.7, 3.87, 4.4, 4.2, 3.95, 4.78, 5.38, 7.25, 7.54, 7.67, 7.65, 7.85, 7.697, 6.99, 7.0, 7.12, 6.61, 6.19, 6.27, 6.248, 6.25, 6.551, 6.68, 6.526, 6.13, 6.23, 6.81, 7.151, 6.181, 4.84, 4.68, 4.72, 4.82, 4.653, 4.063, 3.419, 2.892, 2.35, 1.9, 1.14, 0, 1.9, 3.866, 5.788, 7.13, 7.808, 7.694, 7.501, 7.531, 7.65, 8.063, 8.101, 7.887, 7.566, 7.586, 7.797, 7.922, 7.754, 7.822, 7.676, 7.365, 7.368, 7.391, 7.556, 8.612, 8.358, 7.526, 6.76, 6.35, 6.43, 6.73, 6.68, 6.78, 7.14, 6.878, 6.05, 4.57], [6.71, 7.022, 8.127, 8.189, 6.651, 6.147, 6.44, 6.106, 4.13, 2.96, 3.57, 4.3, 4.4, 4.21, 4.48, 5.42, 7.13, 7.42, 7.51, 7.51, 7.65, 7.49, 6.79, 6.94, 7.02, 6.49, 6.07, 5.97, 6.02, 6.19, 6.36, 6.44, 6.4, 6.11, 6.19, 6.71, 6.96, 5.963, 4.02, 3.76, 3.74, 3.66, 3.54, 2.931, 2.22, 1.91, 1.49, 1.44, 1.88, 1.9, 0, 2.33, 4.439, 6.361, 7.008, 6.667, 6.436, 6.463, 6.696, 6.998, 7.128, 6.997, 6.911, 6.888, 7.178, 7.317, 7.136, 7.109, 6.982, 6.651, 6.651, 6.784, 7.021, 8.092, 7.872, 7.077, 6.36, 5.85, 5.67, 6.23, 6.06, 6.2, 6.58, 6.28, 5.55, 4.23], [8.256, 8.59, 9.622, 9.683, 8.065, 7.645, 8.04, 7.608, 5.561, 3.49, 3.44, 4.11, 4.29, 4.12, 4.07, 4.65, 6.16, 6.45, 6.5, 6.4, 6.46, 6.34, 5.98, 6.21, 6.25, 5.82, 5.68, 5.3, 5.47, 5.78, 5.61, 5.69, 5.57, 5.46, 5.62, 5.7, 5.79, 4.74, 2.77, 2.59, 2.47, 2.11, 1.99, 1.72, 1.79, 2.22, 2.06, 2.591, 3.544, 3.866, 2.33, 0, 2.724, 4.832, 5.227, 5.038, 4.839, 4.813, 4.951, 5.059, 5.232, 5.211, 5.126, 5.149, 5.472, 5.608, 5.448, 5.473, 5.346, 5.026, 5.047, 5.177, 5.432, 6.491, 6.241, 5.336, 4.75, 4.18, 4.04, 4.42, 4.29, 4.61, 4.93, 4.65, 4.08, 3.14], [10.775, 11.1, 12.131, 12.173, 10.466, 10.109, 10.496, 10.072, 7.987, 5.735, 3.829, 4.24, 4.42, 4.17, 3.7, 3.76, 4.91, 5.14, 5.17, 5.05, 5.07, 4.89, 4.79, 4.96, 5.08, 4.71, 4.67, 4.13, 4.32, 4.73, 4.52, 4.64, 4.7, 4.49, 4.53, 4.29, 4.14, 3.13, 2.18, 2.48, 2.68, 2.38, 2.46, 2.642, 2.794, 3.287, 3.759, 4.592, 5.726, 5.788, 4.439, 2.724, 0, 2.428, 3.312, 3.085, 2.835, 2.79, 2.899, 3.295, 3.262, 3.23, 2.97, 2.99, 3.33, 3.46, 3.31, 3.33, 3.22, 2.88, 2.83, 3.0, 3.18, 4.172, 3.98, 3.21, 3.04, 3.09, 2.99, 2.97, 2.88, 2.98, 2.96, 2.76, 2.39, 2.57], [12.583, 12.954, 14.057, 14.125, 12.624, 12.088, 12.487, 12.098, 9.99, 7.405, 5.585, 5.162, 5.445, 5.279, 4.576, 4.062, 4.61, 5.14, 5.23, 5.03, 4.85, 4.77, 4.981, 5.388, 5.42, 5.101, 4.67, 4.09, 4.5, 4.79, 4.28, 4.42, 4.6, 4.61, 4.61, 4.65, 4.765, 3.989, 3.447, 4.113, 4.279, 3.905, 3.827, 4.327, 4.57, 5.047, 5.401, 6.444, 7.058, 7.13, 6.361, 4.832, 2.428, 0, 1.29, 1.55, 1.24, 1.26, 1.42, 1.78, 1.83, 2.09, 1.81, 1.95, 2.15, 2.26, 2.15, 2.33, 2.3, 2.18, 2.39, 2.72, 2.8, 2.69, 2.48, 2.41, 2.78, 3.332, 3.45, 2.71, 2.78, 2.44, 2.1, 2.14, 2.361, 3.546], [12.999, 13.389, 14.508, 14.571, 13.079, 12.558, 12.897, 12.505, 10.465, 7.898, 6.072, 5.326, 5.457, 5.845, 4.789, 4.141, 4.96, 5.547, 5.577, 5.349, 5.257, 5.146, 5.32, 5.75, 5.799, 5.423, 5.0, 4.38, 4.807, 5.189, 4.707, 4.827, 4.95, 4.817, 4.84, 4.94, 5.058, 4.267, 3.93, 4.585, 4.653, 4.27, 4.037, 4.755, 5.168, 5.755, 6.173, 7.211, 7.509, 7.808, 7.008, 5.227, 3.312, 1.29, 0, 1.04, 1.05, 1.29, 1.19, 1.35, 1.46, 2.02, 1.86, 1.96, 2.12, 2.23, 2.16, 2.36, 2.45, 2.29, 2.52, 2.99, 3.11, 2.8, 2.47, 2.48, 2.97, 3.4, 3.563, 2.837, 2.81, 2.71, 2.427, 2.39, 2.471, 3.798], [12.757, 13.183, 14.343, 14.391, 12.946, 12.399, 12.732, 12.413, 10.174, 7.69, 5.812, 5.001, 5.229, 5.462, 4.435, 3.95, 4.9, 5.43, 5.5, 5.24, 5.2, 5.04, 5.14, 5.57, 5.699, 5.272, 4.855, 4.18, 4.585, 5.089, 4.647, 4.827, 4.947, 4.657, 4.643, 4.7, 4.758, 4.022, 3.551, 4.288, 4.396, 4.041, 3.91, 4.56, 5.0, 5.613, 5.905, 6.89, 7.449, 7.694, 6.667, 5.038, 3.085, 1.55, 1.04, 0, 0.67, 1.09, 1.25, 1.21, 1.42, 1.8, 1.76, 1.9, 2.0, 2.15, 2.08, 2.3, 2.45, 2.29, 2.38, 2.77, 3.01, 2.92, 2.65, 2.44, 2.83, 3.266, 3.346, 2.96, 2.622, 2.547, 2.41, 2.37, 2.34, 3.607], [12.544, 12.992, 14.113, 14.157, 12.714, 12.141, 12.502, 12.195, 9.995, 7.498, 5.669, 4.92, 5.143, 5.288, 4.322, 4.112, 5.05, 5.557, 5.647, 5.385, 5.327, 5.19, 5.242, 5.712, 5.829, 5.422, 4.985, 4.307, 4.715, 5.222, 4.797, 4.977, 5.097, 4.807, 4.773, 4.796, 4.84, 4.069, 3.419, 4.115, 4.226, 3.784, 3.704, 4.393, 4.816, 5.408, 5.687, 6.607, 7.26, 7.501, 6.436, 4.839, 2.835, 1.24, 1.05, 0.67, 0, 0.84, 1.06, 1.16, 1.31, 1.69, 1.73, 1.81, 1.95, 2.08, 2.01, 2.19, 2.2, 2.24, 2.33, 2.78, 2.98, 2.95, 2.76, 2.61, 2.937, 3.362, 3.402, 2.967, 2.772, 2.657, 2.437, 2.412, 2.256, 3.546], [12.424, 12.825, 13.949, 13.958, 12.547, 12.065, 12.406, 12.1, 9.894, 7.547, 5.746, 4.991, 5.222, 5.328, 4.548, 4.22, 5.09, 5.54, 5.59, 5.37, 5.29, 5.15, 5.23, 5.68, 5.8, 5.39, 5.01, 4.37, 4.82, 5.23, 4.8, 4.94, 5.06, 4.89, 4.87, 4.91, 5.02, 4.209, 3.41, 4.136, 4.26, 3.842, 3.746, 4.232, 4.855, 5.432, 5.734, 6.71, 7.383, 7.531, 6.463, 4.813, 2.79, 1.26, 1.29, 1.09, 0.84, 0, 0.88, 1.3, 1.57, 2.05, 2.03, 2.11, 2.33, 2.46, 2.35, 2.53, 2.52, 2.5, 2.65, 3.12, 3.1, 3.13, 2.96, 2.73, 3.0, 3.41, 3.33, 2.93, 2.76, 2.64, 2.28, 2.34, 2.49, 3.669], [12.637, 13.039, 14.119, 14.159, 12.731, 12.212, 12.571, 12.255, 10.066, 7.703, 5.696, 4.891, 5.122, 5.533, 4.542, 4.2, 5.15, 5.44, 5.53, 5.37, 5.31, 5.19, 5.23, 5.6, 5.76, 5.322, 5.01, 4.39, 4.7, 5.13, 4.72, 4.9, 4.98, 4.79, 4.85, 4.91, 4.98, 4.23, 3.547, 4.297, 4.369, 3.949, 3.878, 4.368, 4.947, 5.54, 5.835, 6.824, 7.478, 7.65, 6.696, 4.951, 2.899, 1.42, 1.19, 1.25, 1.06, 0.88, 0, 1.08, 1.33, 1.89, 2.07, 2.15, 2.31, 2.38, 2.31, 2.39, 2.4, 2.48, 2.51, 3.0, 3.08, 3.11, 2.96, 2.87, 3.1, 3.37, 3.33, 2.83, 2.7, 2.58, 2.38, 2.3, 2.41, 3.778], [12.992, 13.4, 14.421, 14.514, 12.974, 12.532, 12.904, 12.553, 10.424, 7.834, 6.058, 5.334, 5.527, 5.87, 4.608, 4.28, 5.21, 5.66, 5.727, 5.45, 5.45, 5.29, 5.327, 5.746, 5.889, 5.467, 5.17, 4.49, 4.86, 5.347, 4.96, 5.1, 5.22, 5.01, 5.07, 4.91, 4.92, 4.217, 3.781, 4.393, 4.382, 4.082, 3.972, 4.692, 5.307, 5.94, 6.199, 7.1, 7.835, 8.063, 6.998, 5.059, 3.295, 1.78, 1.35, 1.21, 1.16, 1.3, 1.08, 0, 0.83, 1.37, 1.73, 1.83, 1.91, 2.04, 2.01, 1.95, 2.04, 2.22, 2.35, 2.76, 3.0, 2.95, 2.78, 2.73, 3.18, 3.407, 3.316, 3.09, 2.82, 2.92, 2.58, 2.477, 2.676, 4.117], [13.215, 13.595, 14.647, 14.704, 13.066, 12.694, 13.087, 12.666, 10.634, 7.963, 6.122, 5.487, 5.72, 5.92, 4.684, 4.21, 5.12, 5.59, 5.677, 5.397, 5.36, 5.2, 5.232, 5.682, 5.802, 5.415, 5.1, 4.46, 4.81, 5.332, 4.99, 5.167, 5.31, 5.117, 5.04, 4.72, 4.707, 3.962, 3.867, 4.557, 4.522, 4.266, 4.145, 4.845, 5.251, 5.805, 6.09, 7.026, 7.819, 8.101, 7.128, 5.232, 3.262, 1.83, 1.46, 1.42, 1.31, 1.57, 1.33, 0.83, 0, 1.14, 1.42, 1.52, 1.52, 1.63, 1.62, 1.68, 1.77, 1.87, 2.152, 2.516, 2.81, 2.9, 2.71, 2.62, 3.07, 3.312, 3.472, 3.18, 2.91, 2.95, 2.67, 2.587, 2.792, 4.066], [13.218, 13.619, 14.691, 14.744, 13.135, 12.707, 13.109, 12.701, 10.629, 7.89, 6.177, 5.75, 5.843, 5.94, 4.73, 4.03, 4.66, 4.97, 5.0, 4.74, 4.74, 4.56, 4.52, 4.93, 5.07, 4.78, 4.64, 4.0, 4.27, 4.78, 4.53, 4.69, 4.95, 4.74, 4.68, 4.3, 3.91, 3.0, 3.89, 4.664, 4.567, 4.284, 4.079, 4.871, 5.169, 5.566, 5.868, 6.809, 7.747, 7.887, 6.997, 5.211, 3.23, 2.09, 2.02, 1.8, 1.69, 2.05, 1.89, 1.37, 1.14, 0, 0.88, 0.98, 1.14, 1.05, 1.1, 1.18, 1.39, 1.45, 1.64, 1.79, 2.07, 2.32, 2.27, 2.32, 2.85, 3.18, 3.46, 3.28, 2.97, 2.97, 2.69, 2.55, 2.78, 3.92], [13.061, 13.498, 14.577, 14.649, 13.086, 12.658, 13.06, 12.633, 10.537, 7.721, 5.933, 5.49, 5.603, 5.665, 4.49, 3.51, 4.2, 4.47, 4.56, 4.28, 4.24, 4.08, 4.12, 4.57, 4.71, 4.36, 4.14, 3.52, 3.79, 4.38, 4.07, 4.25, 4.49, 4.3, 4.18, 3.86, 3.53, 2.68, 3.648, 4.364, 4.381, 4.124, 3.895, 4.683, 4.955, 5.41, 5.731, 6.664, 7.451, 7.566, 6.911, 5.126, 2.97, 1.81, 1.86, 1.76, 1.73, 2.03, 2.07, 1.73, 1.42, 0.88, 0, 0.54, 0.86, 0.89, 0.82, 0.98, 1.17, 1.09, 1.22, 1.41, 1.59, 1.86, 1.81, 1.82, 2.29, 2.96, 3.32, 2.92, 2.61, 2.57, 2.25, 2.19, 2.38, 3.518], [13.087, 13.536, 14.589, 14.674, 13.095, 12.67, 13.069, 12.673, 10.567, 7.738, 5.933, 5.527, 5.643, 5.685, 4.526, 3.45, 4.0, 4.35, 4.44, 4.16, 4.12, 3.96, 3.98, 4.43, 4.57, 4.2, 3.92, 3.32, 3.65, 4.16, 3.85, 4.05, 4.29, 4.1, 3.98, 3.62, 3.43, 2.64, 3.624, 4.447, 4.487, 4.184, 3.904, 4.709, 5.01, 5.35, 5.737, 6.725, 7.511, 7.586, 6.888, 5.149, 2.99, 1.95, 1.96, 1.9, 1.81, 2.11, 2.15, 1.83, 1.52, 0.98, 0.54, 0, 0.78, 0.85, 0.88, 1.1, 1.23, 1.09, 1.22, 1.35, 1.45, 1.9, 1.75, 1.74, 2.19, 2.88, 3.28, 2.88, 2.59, 2.51, 2.19, 2.11, 2.4, 3.534], [13.409, 13.869, 14.92, 14.989, 13.447, 13.01, 13.406, 12.994, 10.857, 8.061, 6.116, 5.71, 5.903, 5.93, 4.81, 3.59, 3.94, 4.31, 4.4, 4.12, 4.08, 3.92, 3.94, 4.39, 4.51, 4.14, 3.96, 3.4, 3.69, 4.08, 3.89, 4.11, 4.35, 4.18, 3.88, 3.58, 3.39, 2.7, 3.964, 4.767, 4.762, 4.395, 4.304, 5.023, 5.32, 5.626, 6.027, 7.02, 7.792, 7.797, 7.178, 5.472, 3.33, 2.15, 2.12, 2.0, 1.95, 2.33, 2.31, 1.91, 1.52, 1.14, 0.86, 0.78, 0, 0.43, 0.64, 0.98, 1.23, 1.29, 1.26, 1.27, 1.53, 1.72, 1.67, 1.8, 2.43, 3.18, 3.56, 3.16, 2.83, 2.79, 2.49, 2.47, 2.7, 3.728], [13.542, 13.963, 15.039, 15.104, 13.556, 13.14, 13.527, 13.104, 10.976, 8.193, 6.306, 5.9, 6.073, 6.1, 4.96, 3.72, 3.97, 4.2, 4.29, 4.01, 3.97, 3.81, 3.83, 4.28, 4.4, 4.17, 4.11, 3.57, 3.74, 4.11, 3.98, 4.2, 4.42, 4.25, 3.95, 3.57, 3.26, 2.59, 4.094, 4.92, 4.914, 4.565, 4.379, 5.153, 5.429, 5.725, 6.139, 7.138, 7.902, 7.922, 7.317, 5.608, 3.46, 2.26, 2.23, 2.15, 2.08, 2.46, 2.38, 2.04, 1.63, 1.05, 0.89, 0.85, 0.43, 0, 0.53, 0.91, 1.12, 1.32, 1.35, 1.24, 1.42, 1.59, 1.68, 1.87, 2.6, 3.31, 3.71, 3.33, 2.98, 2.98, 2.66, 2.62, 2.83, 3.841], [13.374, 13.812, 14.902, 14.964, 13.422, 12.994, 13.381, 12.958, 10.806, 7.98, 6.196, 5.69, 5.963, 5.93, 4.81, 3.69, 4.08, 4.27, 4.32, 4.06, 4.04, 3.88, 3.84, 4.27, 4.39, 4.16, 4.1, 3.62, 3.77, 4.14, 4.05, 4.23, 4.55, 4.36, 4.1, 3.78, 3.35, 2.6, 3.964, 4.744, 4.721, 4.398, 4.249, 4.988, 5.264, 5.528, 5.912, 6.924, 7.708, 7.754, 7.136, 5.448, 3.31, 2.15, 2.16, 2.08, 2.01, 2.35, 2.31, 2.01, 1.62, 1.1, 0.82, 0.88, 0.64, 0.53, 0, 0.7, 0.99, 1.07, 1.14, 1.15, 1.47, 1.7, 1.83, 2.04, 2.59, 3.28, 3.68, 3.3, 2.99, 2.95, 2.55, 2.49, 2.64, 3.667], [13.367, 13.831, 14.907, 14.984, 13.441, 13.014, 13.395, 12.975, 10.791, 8.008, 6.193, 5.71, 5.883, 5.925, 4.786, 3.77, 4.32, 4.41, 4.46, 4.2, 4.2, 4.02, 4.0, 4.45, 4.59, 4.3, 4.3, 3.84, 3.95, 4.36, 4.25, 4.43, 4.75, 4.56, 4.34, 3.96, 3.41, 2.72, 3.955, 4.721, 4.618, 4.338, 4.246, 5.005, 5.287, 5.496, 5.937, 6.914, 7.772, 7.822, 7.109, 5.473, 3.33, 2.33, 2.36, 2.3, 2.19, 2.53, 2.39, 1.95, 1.68, 1.18, 0.98, 1.1, 0.98, 0.91, 0.7, 0, 0.57, 0.87, 1.14, 1.27, 1.63, 1.96, 2.03, 2.24, 2.75, 3.32, 3.7, 3.24, 2.97, 2.95, 2.51, 2.45, 2.62, 3.788], [13.237, 13.712, 14.78, 14.853, 13.294, 12.869, 13.25, 12.83, 10.631, 7.934, 6.063, 5.617, 5.773, 5.867, 4.674, 3.86, 4.41, 4.46, 4.51, 4.25, 4.25, 4.07, 4.07, 4.48, 4.62, 4.43, 4.45, 3.99, 4.04, 4.49, 4.38, 4.56, 4.88, 4.69, 4.49, 4.05, 3.58, 2.75, 3.851, 4.571, 4.508, 4.225, 4.11, 4.952, 5.119, 5.33, 5.801, 6.777, 7.676, 7.676, 6.982, 5.346, 3.22, 2.3, 2.45, 2.45, 2.2, 2.52, 2.4, 2.04, 1.77, 1.39, 1.17, 1.23, 1.23, 1.12, 0.99, 0.57, 0, 0.88, 1.21, 1.34, 1.62, 2.01, 2.12, 2.39, 2.9, 3.49, 3.71, 3.27, 3.1, 3.0, 2.54, 2.52, 2.61, 3.764], [12.917, 13.375, 14.448, 14.522, 12.974, 12.544, 12.933, 12.508, 10.332, 7.567, 5.763, 5.437, 5.453, 5.435, 4.48, 3.52, 4.25, 4.24, 4.27, 4.05, 4.03, 3.89, 3.85, 4.22, 4.32, 4.11, 4.09, 3.69, 3.74, 4.17, 4.04, 4.22, 4.54, 4.35, 4.21, 3.87, 3.38, 2.35, 3.471, 4.251, 4.274, 3.994, 3.79, 4.569, 4.785, 5.028, 5.44, 6.453, 7.319, 7.365, 6.651, 5.026, 2.88, 2.18, 2.29, 2.29, 2.24, 2.5, 2.48, 2.22, 1.87, 1.45, 1.09, 1.09, 1.29, 1.32, 1.07, 0.87, 0.88, 0, 0.85, 1.14, 1.4, 2.11, 2.04, 2.13, 2.6, 3.09, 3.33, 2.97, 2.7, 2.66, 2.3, 2.14, 2.33, 3.344], [12.904, 13.388, 14.458, 14.535, 12.972, 12.545, 12.934, 12.52, 10.392, 7.504, 5.55, 4.989, 5.249, 5.313, 4.17, 3.29, 3.8, 3.75, 3.78, 3.58, 3.58, 3.44, 3.32, 3.59, 3.67, 3.58, 3.62, 3.14, 3.23, 3.68, 3.55, 3.77, 4.03, 3.84, 3.72, 3.38, 3.03, 2.18, 3.515, 4.041, 4.124, 3.829, 3.723, 4.582, 4.76, 5.032, 5.449, 6.454, 7.284, 7.368, 6.651, 5.047, 2.83, 2.39, 2.52, 2.38, 2.33, 2.65, 2.51, 2.35, 2.152, 1.64, 1.22, 1.22, 1.26, 1.35, 1.14, 1.14, 1.21, 0.85, 0, 0.71, 1.11, 1.8, 1.83, 1.74, 2.13, 2.58, 2.86, 2.58, 2.29, 2.33, 1.99, 1.75, 1.9, 3.185], [13.042, 13.507, 14.585, 14.662, 13.12, 12.692, 13.073, 12.653, 10.448, 7.634, 5.74, 5.159, 5.471, 5.455, 4.313, 3.28, 3.59, 3.42, 3.45, 3.25, 3.23, 3.09, 2.97, 3.28, 3.4, 3.35, 3.49, 3.07, 3.08, 3.45, 3.38, 3.6, 3.88, 3.69, 3.49, 3.09, 2.6, 1.91, 3.631, 4.271, 4.251, 4.056, 3.947, 4.749, 4.913, 5.136, 5.582, 6.553, 7.386, 7.391, 6.784, 5.177, 3.0, 2.72, 2.99, 2.77, 2.78, 3.12, 3.0, 2.76, 2.516, 1.79, 1.41, 1.35, 1.27, 1.24, 1.15, 1.