[[0, 0.89, 1.35, 1.75, 2.36, 2.72, 2.6, 2.73, 3.12, 3.45, 3.61, 3.52, 3.64, 3.96, 4.53, 4.71, 3.97, 3.68, 3.81, 3.64, 3.34, 3.18, 2.92, 2.83, 2.8, 2.9, 2.75, 3.0, 3.05, 2.65, 2.68, 2.66, 2.86, 2.87, 3.11, 3.3, 2.68, 3.01, 2.68, 2.89, 3.09, 3.51, 3.82, 5.12, 5.78, 6.267, 6.12, 6.987, 9.111, 10.84, 11.49, 11.56, 10.4, 10.41, 10.52, 10.527, 10.227, 9.304, 8.66, 6.44, 5.51, 5.47, 5.39, 4.88, 4.73, 4.51, 4.33, 4.39, 4.83, 5.48, 5.56, 4.61, 4.21, 4.07, 3.97, 4.25, 5.04, 5.37, 5.42, 5.26, 5.42, 5.13, 4.77, 4.77, 4.6, 4.9], [0.89, 0, 0.92, 1.54, 1.85, 2.35, 2.21, 2.56, 2.93, 3.3, 3.44, 3.31, 3.49, 3.81, 4.34, 4.46, 3.7, 3.45, 3.66, 3.41, 3.13, 2.93, 2.49, 2.52, 2.67, 2.77, 2.64, 2.93, 2.86, 2.8, 2.95, 2.89, 3.09, 3.12, 3.3, 3.33, 2.55, 3.02, 2.87, 3.12, 3.36, 3.74, 4.07, 5.276, 5.933, 6.42, 6.276, 7.08, 9.204, 10.996, 11.594, 11.682, 10.519, 10.506, 10.613, 10.62, 10.32, 9.397, 8.724, 6.35, 5.2, 5.08, 4.98, 4.51, 4.36, 4.16, 4.1, 4.1, 4.5, 5.19, 5.27, 4.48, 3.94, 3.68, 3.62, 3.94, 4.65, 4.94, 4.99, 4.83, 4.95, 4.68, 4.34, 4.34, 4.27, 4.43], [1.35, 0.92, 0, 1.14, 1.63, 2.03, 1.91, 2.1, 2.47, 2.86, 3.06, 2.89, 3.03, 3.35, 3.84, 3.96, 3.2, 2.95, 3.2, 3.05, 2.77, 2.67, 2.25, 2.14, 2.25, 2.39, 2.32, 2.53, 2.34, 2.54, 2.65, 2.63, 2.87, 2.9, 3.12, 3.13, 2.65, 3.08, 3.03, 3.3, 3.6, 3.9, 4.11, 5.089, 5.763, 6.208, 6.121, 6.979, 9.026, 10.718, 11.234, 11.343, 10.206, 10.117, 10.332, 10.379, 10.13, 9.196, 8.224, 5.93, 4.56, 4.4, 4.32, 3.87, 3.74, 3.56, 3.52, 3.5, 3.9, 4.69, 4.83, 4.0, 3.62, 3.56, 3.48, 3.76, 4.53, 4.8, 4.83, 4.91, 5.01, 4.86, 4.66, 4.5, 4.19, 4.37], [1.75, 1.54, 1.14, 0, 1.03, 1.43, 1.25, 1.32, 1.67, 2.0, 2.22, 1.99, 2.21, 2.45, 3.0, 3.26, 2.54, 2.27, 2.34, 2.27, 2.01, 2.11, 2.05, 1.82, 1.67, 1.85, 1.8, 1.97, 1.94, 2.04, 2.21, 2.27, 2.63, 2.5, 2.72, 3.01, 2.43, 2.7, 2.81, 3.2, 3.56, 4.16, 4.57, 5.749, 6.458, 6.908, 6.861, 7.699, 9.706, 11.392, 11.873, 12.023, 10.886, 10.797, 11.012, 11.059, 10.81, 9.888, 8.893, 6.501, 4.92, 4.52, 4.44, 3.87, 3.76, 3.46, 3.1, 3.16, 3.56, 4.15, 4.29, 3.22, 3.14, 3.04, 2.84, 3.16, 3.89, 4.18, 4.35, 4.51, 4.65, 4.46, 4.22, 4.02, 3.75, 3.93], [2.36, 1.85, 1.63, 1.03, 0, 0.84, 0.92, 1.27, 1.78, 1.99, 2.21, 2.28, 2.2, 2.36, 3.11, 3.49, 2.83, 2.56, 2.31, 2.0, 1.98, 2.04, 2.08, 1.89, 1.9, 2.08, 2.25, 2.28, 2.29, 2.41, 2.74, 3.1, 3.3, 3.15, 3.41, 3.74, 2.96, 3.13, 3.6, 4.07, 4.39, 4.97, 5.34, 6.533, 7.222, 7.69, 7.62, 8.47, 10.47, 12.156, 12.638, 12.787, 11.65, 11.561, 11.776, 11.823, 11.575, 10.652, 9.657, 7.26, 5.35, 4.59, 4.53, 4.08, 4.31, 3.97, 3.69, 3.65, 3.79, 4.4, 4.42, 3.27, 2.85, 2.49, 2.25, 2.69, 3.24, 3.41, 3.68, 3.94, 4.02, 3.79, 3.59, 3.43, 3.12, 3.22], [2.72, 2.35, 2.03, 1.43, 0.84, 0, 0.86, 1.23, 1.64, 1.91, 2.11, 2.16, 2.0, 2.1, 2.75, 3.21, 2.69, 2.5, 2.19, 1.76, 1.68, 1.72, 1.96, 1.79, 1.76, 1.96, 2.31, 2.28, 2.27, 2.39, 2.82, 3.26, 3.58, 3.27, 3.59, 3.88, 3.06, 3.11, 3.7, 4.31, 4.73, 5.31, 5.74, 6.933, 7.62, 8.07, 8.0, 8.83, 10.845, 12.522, 13.018, 13.148, 12.011, 11.921, 12.148, 12.192, 11.946, 11.012, 10.017, 7.62, 5.57, 4.57, 4.57, 4.14, 4.49, 4.25, 3.77, 3.71, 3.73, 4.14, 4.14, 3.13, 2.81, 2.45, 2.13, 2.59, 2.9, 3.19, 3.64, 3.96, 4.04, 3.83, 3.55, 3.35, 2.94, 3.14], [2.6, 2.21, 1.91, 1.25, 0.92, 0.86, 0, 0.95, 1.24, 1.45, 1.67, 1.66, 1.6, 1.82, 2.63, 2.91, 2.61, 2.22, 1.75, 1.5, 1.46, 1.56, 1.62, 1.51, 1.46, 1.52, 1.87, 1.8, 1.79, 1.95, 2.46, 3.08, 3.5, 3.05, 3.41, 3.66, 2.88, 2.71, 3.46, 4.23, 4.61, 5.17, 5.58, 6.773, 7.462, 7.93, 7.84, 8.67, 10.705, 12.382, 12.858, 13.008, 11.871, 11.781, 12.008, 12.052, 11.806, 10.872, 9.877, 7.48, 5.69, 4.81, 4.79, 4.42, 4.55, 4.19, 3.67, 3.75, 3.77, 3.84, 3.86, 2.69, 2.29, 2.01, 1.83, 2.25, 2.82, 3.07, 3.34, 3.58, 3.7, 3.51, 3.23, 3.07, 2.74, 2.9], [2.73, 2.56, 2.1, 1.32, 1.27, 1.23, 0.95, 0, 0.83, 1.2, 1.42, 1.31, 1.27, 1.41, 2.08, 2.48, 2.06, 1.63, 1.32, 1.31, 1.47, 1.83, 1.81, 1.54, 1.21, 1.15, 1.18, 1.31, 1.32, 1.36, 1.79, 2.41, 2.81, 2.34, 2.7, 3.01, 2.25, 2.04, 2.81, 3.58, 3.94, 4.52, 4.95, 6.163, 6.832, 7.28, 7.21, 8.06, 10.075, 11.752, 12.248, 12.378, 11.241, 11.151, 11.378, 11.422, 11.176, 10.242, 9.247, 6.85, 5.0, 4.2, 4.14, 3.77, 3.94, 3.58, 3.06, 3.12, 3.1, 3.25, 3.29, 2.18, 2.12, 2.22, 2.18, 2.46, 3.29, 3.42, 3.61, 3.81, 3.79, 3.5, 3.34, 3.26, 2.97, 3.11], [3.12, 2.93, 2.47, 1.67, 1.78, 1.64, 1.24, 0.83, 0, 1.01, 1.17, 1.0, 1.3, 1.22, 1.51, 2.13, 1.97, 1.4, 1.19, 1.34, 1.26, 1.64, 1.64, 1.45, 1.04, 0.94, 1.13, 1.1, 1.07, 1.41, 1.92, 2.48, 2.86, 2.33, 2.63, 2.991, 2.299, 1.91, 2.84, 3.65, 3.99, 4.61, 5.04, 6.2, 6.88, 7.33, 7.28, 8.11, 10.105, 11.782, 12.29, 12.428, 11.291, 11.19, 11.408, 11.452, 11.206, 10.272, 9.28, 6.88, 4.93, 4.07, 4.01, 3.7, 3.89, 3.59, 3.03, 3.09, 3.07, 2.82, 2.66, 1.87, 2.11, 2.25, 2.13, 2.47, 3.26, 3.37, 3.68, 3.86, 3.84, 3.47, 3.35, 3.21, 2.94, 3.1], [3.45, 3.3, 2.86, 2.0, 1.99, 1.91, 1.45, 1.2, 1.01, 0, 0.46, 0.77, 0.89, 0.99, 1.74, 2.5, 2.42, 1.83, 0.84, 0.89, 1.15, 1.33, 1.57, 1.54, 1.07, 0.79, 1.18, 1.03, 1.12, 1.66, 2.19, 3.01, 3.527, 2.88, 3.351, 3.741, 3.029, 2.539, 3.561, 4.2, 4.6, 5.18, 5.63, 6.863, 7.592, 8.042, 7.955, 8.793, 10.855, 12.532, 13.008, 13.158, 12.021, 11.931, 12.158, 12.202, 11.956, 11.022, 10.027, 7.63, 5.72, 4.7, 4.76, 4.39, 4.64, 4.28, 3.76, 3.72, 3.68, 3.27, 2.95, 1.62, 1.82, 1.88, 1.82, 2.1, 2.83, 2.96, 3.15, 3.29, 3.37, 3.02, 2.94, 2.82, 2.59, 2.75], [3.61, 3.44, 3.06, 2.22, 2.21, 2.11, 1.67, 1.42, 1.17, 0.46, 0, 0.63, 0.77, 0.83, 1.72, 2.44, 2.44, 1.87, 0.84, 1.09, 1.15, 1.43, 1.81, 1.74, 1.27, 1.03, 1.24, 1.21, 1.24, 1.78, 2.25, 3.05, 3.61, 2.94, 3.391, 3.781, 3.11, 2.599, 3.65, 4.24, 4.66, 5.22, 5.67, 6.903, 7.632, 8.062, 7.975, 8.833, 10.895, 12.572, 13.048, 13.198, 12.061, 11.971, 12.198, 12.242, 11.996, 11.062, 10.067, 7.67, 5.74, 4.7, 4.76, 4.41, 4.66, 4.32, 3.78, 3.74, 3.7, 3.21, 2.75, 1.46, 1.94, 1.98, 1.92, 2.26, 2.97, 3.06, 3.27, 3.41, 3.45, 3.14, 3.08, 2.94, 2.73, 2.89], [3.52, 3.31, 2.89, 1.99, 2.28, 2.16, 1.66, 1.31, 1.0, 0.77, 0.63, 0, 0.76, 0.76, 1.65, 2.13, 2.17, 1.6, 0.87, 1.22, 1.12, 1.5, 1.76, 1.61, 1.2, 1.0, 1.23, 1.14, 1.11, 1.61, 2.14, 2.78, 3.36, 2.71, 3.084, 3.454, 2.8, 2.272, 3.253, 3.91, 4.323, 4.91, 5.345, 6.576, 7.285, 7.715, 7.648, 8.506, 10.548, 12.225, 12.701, 12.851, 11.713, 11.624, 11.851, 11.895, 11.649, 10.715, 9.72, 7.32, 5.47, 4.51, 4.53, 4.16, 4.39, 4.01, 3.51, 3.49, 3.47, 3.04, 2.5, 1.43, 2.03, 2.09, 2.05, 2.37, 3.08, 3.21, 3.4, 3.56, 3.64, 3.31, 3.19, 3.07, 2.9, 3.02], [3.64, 3.49, 3.03, 2.21, 2.2, 2.0, 1.6, 1.27, 1.3, 0.89, 0.77, 0.76, 0, 0.68, 1.81, 2.05, 2.29, 1.86, 0.93, 1.22, 1.16, 1.82, 2.08, 1.97, 1.52, 1.22, 1.51, 1.44, 1.37, 1.65, 2.1, 2.9, 3.44, 2.85, 3.29, 3.64, 2.96, 2.49, 3.48, 4.11, 4.51, 5.07, 5.52, 6.77, 7.499, 7.929, 7.842, 8.701, 10.76, 12.439, 12.915, 13.065, 11.928, 11.83, 12.06, 12.109, 11.863, 10.929, 9.92, 7.54, 5.65, 4.63, 4.71, 4.3, 4.51, 4.21, 3.69, 3.65, 3.61, 3.24, 2.78, 1.59, 2.05, 2.03, 2.07, 2.43, 3.0, 3.15, 3.36, 3.52, 3.54, 3.21, 3.15, 3.07, 2.9, 2.96], [3.96, 3.81, 3.35, 2.45, 2.36, 2.1, 1.82, 1.41, 1.22, 0.99, 0.83, 0.76, 0.68, 0, 1.39, 1.97, 2.17, 1.76, 0.75, 1.08, 1.08, 1.6, 2.12, 2.05, 1.6, 1.32, 1.63, 1.56, 1.45, 1.83, 2.32, 3.06, 3.52, 2.81, 3.27, 3.64, 3.04, 2.49, 3.48, 4.23, 4.53, 5.13, 5.56, 6.77, 7.519, 7.969, 7.88, 8.71, 10.76, 12.439, 12.915, 13.065, 11.928, 11.83, 12.06, 12.109, 11.863, 10.929, 9.92, 7.54, 5.53, 4.37, 4.47, 4.08, 4.41, 4.15, 3.61, 3.51, 3.39, 2.84, 2.38, 1.23, 2.01, 2.01, 1.95, 2.23, 2.84, 2.99, 3.26, 3.44, 3.4, 3.05, 2.97, 2.83, 2.64, 2.78], [4.53, 4.34, 3.84, 3.0, 3.11, 2.75, 2.63, 2.08, 1.51, 1.74, 1.72, 1.65, 1.81, 1.39, 0, 1.4, 1.36, 1.07, 1.4, 1.97, 2.07, 2.21, 2.49, 2.44, 1.99, 1.85, 1.98, 1.85, 1.9, 2.34, 2.67, 2.95, 3.47, 2.72, 2.7, 2.79, 2.57, 2.46, 3.17, 3.88, 4.0, 4.56, 5.05, 6.05, 6.67, 7.1, 7.13, 7.98, 9.81, 11.506, 11.98, 12.13, 10.99, 10.88, 11.11, 11.16, 10.92, 9.98, 8.97, 6.61, 4.56, 3.3, 3.46, 3.13, 3.4, 3.18, 2.64, 2.5, 2.46, 1.95, 1.73, 1.36, 2.76, 2.94, 2.94, 3.1, 3.79, 3.92, 4.33, 4.51, 4.37, 4.06, 4.0, 3.84, 3.47, 3.55], [4.71, 4.46, 3.96, 3.26, 3.49, 3.21, 2.91, 2.48, 2.13, 2.5, 2.44, 2.13, 2.05, 1.97, 1.4, 0, 0.96, 1.39, 1.94, 2.61, 2.63, 3.09, 2.87, 2.76, 2.63, 2.43, 2.72, 2.65, 2.7, 2.8, 3.07, 3.09, 3.65, 3.24, 2.84, 2.41, 2.61, 2.76, 3.29, 3.84, 3.56, 4.04, 4.53, 5.49, 6.05, 6.54, 6.55, 7.36, 9.15, 10.75, 11.22, 11.37, 10.23, 10.12, 10.35, 10.4, 10.16, 9.22, 8.23, 5.87, 3.94, 2.76, 2.94, 2.59, 2.92, 2.52, 1.98, 2.02, 1.82, 1.61, 1.63, 1.8, 3.38, 3.52, 3.62, 3.7, 4.39, 4.5, 4.83, 4.99, 4.89, 4.56, 4.52, 4.52, 4.27, 4.19], [3.97, 3.7, 3.2, 2.54, 2.83, 2.69, 2.61, 2.06, 1.97, 2.42, 2.44, 2.17, 2.29, 2.17, 1.36, 0.96, 0, 0.91, 1.9, 2.73, 2.87, 3.13, 2.77, 2.46, 2.41, 2.23, 2.38, 2.41, 2.54, 2.52, 2.73, 2.51, 3.01, 2.68, 2.34, 1.99, 1.87, 2.4, 2.71, 3.16, 3.1, 3.56, 4.03, 5.01, 5.55, 6.04, 6.07, 6.84, 8.61, 10.289, 10.765, 10.915, 9.778, 9.68, 9.91, 9.959, 9.713, 8.779, 7.77, 5.39, 3.52, 2.48, 2.58, 2.25, 2.52, 2.08, 1.58, 1.5, 1.48, 1.83, 2.01, 2.04, 3.46, 3.68, 3.72, 3.86, 4.69, 4.86, 5.15, 5.33, 5.19, 4.9, 4.84, 4.76, 4.47, 4.43], [3.68, 3.45, 2.95, 2.27, 2.56, 2.5, 2.22, 1.63, 1.4, 1.83, 1.87, 1.6, 1.86, 1.76, 1.07, 1.39, 0.91, 0, 1.35, 2.26, 2.38, 2.62, 2.38, 2.13, 1.74, 1.6, 1.57, 1.58, 1.77, 1.73, 2.04, 2.1, 2.6, 2.01, 2.05, 2.06, 1.7, 1.69, 2.36, 2.97, 3.19, 3.75, 4.26, 5.22, 5.84, 6.33, 6.28, 7.13, 9.04, 10.719, 11.195, 11.345, 10.208, 10.11, 10.34, 10.389, 10.143, 9.209, 8.2, 5.84, 4.13, 3.17, 3.23, 2.86, 3.03, 2.65, 2.13, 2.13, 2.09, 2.2, 2.18, 1.65, 2.69, 3.17, 3.19, 3.31, 4.22, 4.39, 4.64, 4.72, 4.66, 4.37, 4.29, 4.25, 3.94, 3.94], [3.81, 3.66, 3.2, 2.34, 2.31, 2.19, 1.75, 1.32, 1.19, 0.84, 0.84, 0.87, 0.93, 0.75, 1.4, 1.94, 1.9, 1.35, 0, 1.01, 1.49, 1.77, 1.95, 1.88, 1.37, 1.11, 1.32, 1.35, 1.36, 1.6, 2.05, 2.77, 3.09, 2.44, 2.86, 3.21, 2.67, 2.22, 3.19, 3.9, 4.18, 4.76, 5.23, 6.383, 7.09, 7.52, 7.43, 8.28, 10.315, 11.992, 12.468, 12.618, 11.481, 11.391, 11.618, 11.662, 11.416, 10.5, 9.49, 7.09, 5.28, 4.22, 4.3, 3.91, 4.2, 3.84, 3.34, 3.28, 3.22, 2.77, 2.51, 1.2, 1.82, 2.04, 2.06, 2.28, 3.07, 3.22, 3.41, 3.55, 3.51, 3.22, 3.18, 3.08, 2.83, 2.87], [3.64, 3.41, 3.05, 2.27, 2.0, 1.76, 1.5, 1.31, 1.34, 0.89, 1.09, 1.22, 1.22, 1.08, 1.97, 2.61, 2.73, 2.26, 1.01, 0, 1.06, 1.24, 1.62, 1.63, 1.32, 1.22, 1.65, 1.48, 1.41, 2.01, 2.64, 3.5, 3.88, 3.23, 3.704, 4.074, 3.382, 2.972, 3.953, 4.71, 4.97, 5.57, 6.02, 7.256, 7.945, 8.395, 8.32, 9.166, 11.188, 12.865, 13.379, 13.491, 12.353, 12.264, 12.491, 12.535, 12.289, 11.355, 10.38, 7.96, 6.01, 4.95, 5.01, 4.68, 4.97, 4.65, 4.13, 4.11, 4.01, 3.4, 3.04, 1.71, 1.63, 1.43, 1.41, 1.59, 2.32, 2.49, 2.7, 2.82, 2.84, 2.61, 2.49, 2.37, 2.16, 2.24], [3.34, 3.13, 2.77, 2.01, 1.98, 1.68, 1.46, 1.47, 1.26, 1.15, 1.15, 1.12, 1.16, 1.08, 2.07, 2.63, 2.87, 2.38, 1.49, 1.06, 0, 0.98, 1.44, 1.49, 1.28, 1.28, 1.91, 1.76, 1.49, 2.11, 2.64, 3.48, 3.96, 3.37, 3.77, 4.134, 3.402, 2.97, 3.933, 4.65, 5.01, 5.57, 6.02, 7.256, 7.985, 8.435, 8.348, 9.186, 11.248, 12.925, 13.439, 13.571, 12.433, 12.333, 12.551, 12.595, 12.349, 11.415, 10.44, 8.02, 5.99, 4.79, 4.95, 4.62, 4.95, 4.71, 4.15, 4.11, 4.03, 3.46, 2.92, 1.99, 2.03, 1.83, 1.73, 1.91, 2.48, 2.67, 2.94, 3.04, 3.22, 2.99, 2.75, 2.55, 2.3, 2.5], [3.18, 2.93, 2.67, 2.11, 2.04, 1.72, 1.56, 1.83, 1.64, 1.33, 1.43, 1.5, 1.82, 1.6, 2.21, 3.09, 3.13, 2.62, 1.77, 1.24, 0.98, 0, 1.06, 1.25, 1.2, 1.26, 1.87, 1.82, 1.59, 2.43, 2.94, 3.66, 4.18, 3.59, 4.01, 4.354, 3.622, 3.152, 4.173, 4.806, 5.25, 5.783, 6.225, 7.476, 8.225, 8.675, 8.588, 9.426, 11.468, 13.145, 13.659, 13.803, 12.663, 12.553, 12.771, 12.815, 12.569, 11.655, 10.68, 8.24, 6.37, 5.19, 5.33, 5.02, 5.37, 5.05, 4.51, 4.49, 4.37, 3.62, 3.28, 2.29, 2.21, 1.83, 1.65, 1.87, 2.36, 2.55, 2.8, 3.0, 3.2, 3.01, 2.77, 2.55, 2.16, 2.46], [2.92, 2.49, 2.25, 2.05, 2.08, 1.96, 1.62, 1.81, 1.64, 1.57, 1.81, 1.76, 2.08, 2.12, 2.49, 2.87, 2.77, 2.38, 1.95, 1.62, 1.44, 1.06, 0, 0.53, 0.86, 1.14, 1.67, 1.54, 1.45, 2.15, 2.58, 3.22, 3.82, 3.35, 3.59, 3.597, 3.0, 2.67, 3.64, 4.109, 4.51, 4.986, 5.468, 6.719, 7.468, 7.918, 7.831, 8.669, 10.711, 12.408, 12.904, 13.046, 11.906, 11.796, 12.014, 12.058, 11.812, 10.898, 9.96, 7.52, 5.95, 4.91, 4.99, 4.66, 4.95, 4.59, 4.07, 4.07, 3.97, 3.4, 3.28, 2.67, 2.57, 2.23, 2.27, 2.33, 3.06, 3.23, 3.24, 3.32, 3.54, 3.37, 3.13, 3.01, 2.7, 2.86], [2.83, 2.52, 2.14, 1.82, 1.89, 1.79, 1.51, 1.54, 1.45, 1.54, 1.74, 1.61, 1.97, 2.05, 2.44, 2.76, 2.46, 2.13, 1.88, 1.63, 1.49, 1.25, 0.53, 0, 0.77, 0.99, 1.58, 1.51, 1.48, 2.04, 2.43, 2.99, 3.63, 3.14, 3.44, 3.467, 2.85, 2.5, 3.486, 3.959, 4.4, 4.836, 5.278, 6.549, 7.298, 7.748, 7.661, 8.499, 10.541, 12.218, 12.733, 12.843, 11.706, 11.617, 11.844, 11.888, 11.642, 10.728, 9.75, 7.37, 5.7, 4.68, 4.72, 4.37, 4.64, 4.28, 3.76, 3.76, 3.66, 3.39, 3.29, 2.64, 2.62, 2.36, 2.36, 2.48, 3.25, 3.42, 3.45, 3.63, 3.77, 3.58, 3.34, 3.16, 2.85, 2.99], [2.8, 2.67, 2.25, 1.67, 1.9, 1.76, 1.46, 1.21, 1.04, 1.07, 1.27, 1.2, 1.52, 1.6, 1.99, 2.63, 2.41, 1.74, 1.37, 1.32, 1.28, 1.2, 0.86, 0.77, 0, 0.62, 1.07, 1.0, 0.99, 1.55, 2.04, 2.68, 3.3, 2.77, 3.09, 3.431, 2.699, 2.25, 3.251, 3.883, 4.29, 4.841, 5.262, 6.553, 7.302, 7.75, 7.66, 8.503, 10.545, 12.222, 12.698, 12.848, 11.711, 11.621, 11.848, 11.892, 11.646, 10.73, 9.72, 7.34, 5.63, 4.61, 4.65, 4.28, 4.55, 4.19, 3.67, 3.67, 3.57, 3.26, 3.16, 2.17, 2.21, 2.25, 2.29, 2.37, 3.18, 3.35, 3.44, 3.5, 3.68, 3.43, 3.23, 3.13, 2.9, 3.04], [2.9, 2.77, 2.39, 1.85, 2.08, 1.96, 1.52, 1.15, 0.94, 0.79, 1.03, 1.0, 1.22, 1.32, 1.85, 2.43, 2.23, 1.6, 1.11, 1.22, 1.28, 1.26, 1.14, 0.99, 0.62, 0, 0.97, 1.0, 1.03, 1.35, 1.88, 2.5, 3.04, 2.49, 2.89, 3.26, 2.54, 2.069, 3.08, 3.71, 4.11, 4.661, 5.082, 6.373, 7.122, 7.57, 7.48, 8.323, 10.365, 12.042, 12.57, 12.688, 11.531, 11.441, 11.668, 11.712, 11.466, 10.55, 9.56, 7.22, 5.53, 4.53, 4.57, 4.24, 4.47, 4.09, 3.59, 3.59, 3.51, 3.08, 2.94, 1.87, 2.03, 2.11, 2.25, 2.37, 3.24, 3.41, 3.44, 3.5, 3.56, 3.23, 3.13, 3.07, 2.82, 2.96], [2.75, 2.64, 2.32, 1.8, 2.25, 2.31, 1.87, 1.18, 1.13, 1.18, 1.24, 1.23, 1.51, 1.63, 1.98, 2.72, 2.38, 1.57, 1.32, 1.65, 1.91, 1.87, 1.67, 1.58, 1.07, 0.97, 0, 0.79, 0.96, 1.08, 1.45, 2.03, 2.63, 2.04, 2.4, 2.721, 2.11, 1.68, 2.55, 3.2, 3.571, 4.131, 4.572, 5.843, 6.572, 7.002, 6.915, 7.773, 9.835, 11.512, 12.04, 12.17, 11.021, 10.92, 11.138, 11.182, 10.936, 10.002, 9.01, 6.69, 5.26, 4.56, 4.4, 4.07, 4.16, 3.82, 3.28, 3.4, 3.44, 3.29, 3.09, 2.08, 2.26, 2.62, 2.64, 2.86, 3.77, 3.92, 3.99, 3.95, 4.01, 3.7, 3.66, 3.6, 3.35, 3.49], [3.0, 2.93, 2.53, 1.97, 2.28, 2.28, 1.8, 1.31, 1.1, 1.03, 1.21, 1.14, 1.44, 1.56, 1.85, 2.65, 2.41, 1.58, 1.35, 1.48, 1.76, 1.82, 1.54, 1.51, 1.0, 1.0, 0.79, 0, 0.85, 1.09, 1.64, 2.24, 2.98, 2.35, 2.67, 2.991, 2.3, 1.95, 2.98, 3.53, 3.841, 4.421, 4.862, 6.113, 6.842, 7.292, 7.205, 8.043, 10.105, 11.782, 12.29, 12.408, 11.271, 11.181, 11.408, 11.452, 11.206, 10.272, 9.28, 6.98, 5.47, 4.59, 4.59, 4.22, 4.33, 3.99, 3.45, 3.57, 3.53, 3.22, 2.96, 1.81, 2.19, 2.45, 2.49, 2.65, 3.58, 3.75, 3.8, 3.72, 3.84, 3.51, 3.39, 3.35, 3.12, 3.26], [3.05, 2.86, 2.34, 1.94, 2.29, 2.27, 1.79, 1.32, 1.07, 1.12, 1.24, 1.11, 1.37, 1.45, 1.9, 2.7, 2.54, 1.77, 1.36, 1.41, 1.49, 1.59, 1.45, 1.48, 0.99, 1.03, 0.96, 0.85, 0, 1.26, 1.89, 2.49, 2.99, 2.44, 2.76, 3.11, 2.47, 2.08, 2.95, 3.68, 3.96, 4.52, 4.99, 6.28, 6.989, 7.399, 7.312, 8.171, 10.23, 11.909, 12.4, 12.535, 11.398, 11.3, 11.53, 11.579, 11.333, 10.399, 9.39, 7.07, 5.6, 4.8, 4.76, 4.35, 4.46, 4.1, 3.56, 3.64, 3.66, 3.33, 2.85, 1.88, 1.84, 2.14, 2.18, 2.36, 3.35, 3.5, 3.55, 3.51, 3.51, 3.24, 3.2, 3.12, 2.87, 2.95], [2.65, 2.8, 2.54, 2.04, 2.41, 2.39, 1.95, 1.36, 1.41, 1.66, 1.78, 1.61, 1.65, 1.83, 2.34, 2.8, 2.52, 1.73, 1.6, 2.01, 2.11, 2.43, 2.15, 2.04, 1.55, 1.35, 1.08, 1.09, 1.26, 0, 0.89, 1.57, 2.05, 1.52, 1.84, 2.21, 1.77, 1.38, 2.09, 2.78, 3.06, 3.62, 4.07, 5.37, 6.086, 6.52, 6.43, 7.28, 9.33, 11.026, 11.56, 11.67, 10.51, 10.4, 10.63, 10.68, 10.44, 9.5, 8.53, 6.51, 5.42, 4.76, 4.68, 4.29, 4.34, 3.98, 3.34, 3.56, 3.6, 3.47, 3.39, 2.26, 2.44, 2.8, 2.98, 3.1, 4.11, 4.24, 4.29, 4.19, 4.17, 3.86, 3.8, 3.76, 3.51, 3.63], [2.68, 2.95, 2.65, 2.21, 2.74, 2.82, 2.46, 1.79, 1.92, 2.19, 2.25, 2.14, 2.1, 2.32, 2.67, 3.07, 2.73, 2.04, 2.05, 2.64, 2.64, 2.94, 2.58, 2.43, 2.04, 1.88, 1.45, 1.64, 1.89, 0.89, 0, 1.02, 1.6, 1.19, 1.47, 1.96, 1.66, 1.51, 1.72, 2.23, 2.59, 3.07, 3.52, 4.82, 5.54, 5.97, 5.88, 6.73, 8.78, 10.48, 10.95, 11.1, 9.96, 9.85, 10.08, 10.13, 9.93, 8.95, 8.0, 6.28, 5.33, 4.87, 4.73, 4.28, 4.27, 3.91, 3.25, 3.47, 3.65, 3.76, 3.68, 2.63, 3.05, 3.43, 3.61, 3.73, 4.66, 4.79, 4.84, 4.82, 4.82, 4.49, 4.41, 4.37, 4.12, 4.26], [2.66, 2.89, 2.63, 2.27, 3.1, 3.26, 3.08, 2.41, 2.48, 3.01, 3.05, 2.78, 2.9, 3.06, 2.95, 3.09, 2.51, 2.1, 2.77, 3.5, 3.48, 3.66, 3.22, 2.99, 2.68, 2.5, 2.03, 2.24, 2.49, 1.57, 1.02, 0, 1.06, 1.05, 1.21, 1.54, 1.48, 1.69, 1.38, 1.47, 1.89, 2.25, 2.7, 3.92, 4.64, 5.07, 4.98, 5.83, 7.88, 9.58, 10.19, 10.24, 9.06, 8.95, 9.18, 9.23, 9.09, 8.05, 7.24, 5.82, 4.93, 4.57, 4.41, 3.92, 3.87, 3.49, 2.97, 3.11, 3.45, 3.88, 3.92, 3.21, 3.77, 4.19, 4.41, 4.53, 5.52, 5.65, 5.7, 5.64, 5.58, 5.23, 5.11, 5.09, 4.82, 5.02], [2.86, 3.09, 2.87, 2.63, 3.3, 3.58, 3.5, 2.81, 2.86, 3.527, 3.61, 3.36, 3.44, 3.52, 3.47, 3.65, 3.01, 2.6, 3.09, 3.88, 3.96, 4.18, 3.82, 3.63, 3.3, 3.04, 2.63, 2.98, 2.99, 2.05, 1.6, 1.06, 0, 1.01, 1.27, 1.98, 1.78, 1.87, 1.48, 1.61, 2.09, 2.05, 2.36, 3.5, 4.1, 4.59, 4.6, 5.43, 7.34, 9.08, 9.97, 9.9, 8.8, 8.57, 8.78, 8.87, 8.93, 7.79, 7.24, 6.04, 5.19, 4.95, 4.79, 4.26, 4.17, 3.79, 3.41, 3.49, 3.93, 4.38, 4.42, 3.51, 3.97, 4.49, 4.69, 4.77, 5.82, 5.97, 6.08, 6.02, 5.9, 5.55, 5.41, 5.41, 5.12, 5.22], [2.87, 3.12, 2.9, 2.5, 3.15, 3.27, 3.05, 2.34, 2.33, 2.88, 2.94, 2.71, 2.85, 2.81, 2.72, 3.24, 2.68, 2.01, 2.44, 3.23, 3.37, 3.59, 3.35, 3.14, 2.77, 2.49, 2.04, 2.35, 2.44, 1.52, 1.19, 1.05, 1.01, 0, 0.84, 1.67, 1.61, 1.4, 1.25, 1.84, 2.26, 2.62, 3.01, 4.15, 4.79, 5.28, 5.21, 6.04, 7.99, 9.71, 10.42, 10.41, 9.25, 9.08, 9.31, 9.36, 9.36, 8.28, 7.53, 6.01, 5.02, 4.74, 4.58, 4.11, 4.0, 3.6, 3.04, 3.2, 3.52, 3.83, 3.71, 2.74, 3.28, 3.84, 4.04, 4.1, 5.17, 5.32, 5.43, 5.37, 5.25, 4.9, 4.78, 4.76, 4.47, 4.53], [3.11, 3.3, 3.12, 2.72, 3.41, 3.59, 3.41, 2.7, 2.63, 3.351, 3.391, 3.084, 3.29, 3.27, 2.7, 2.84, 2.34, 2.05, 2.86, 3.704, 3.77, 4.01, 3.59, 3.44, 3.09, 2.89, 2.4, 2.67, 2.76, 1.84, 1.47, 1.21, 1.27, 0.84, 0, 1.23, 1.47, 1.6, 1.23, 1.78, 2.14, 2.34, 2.79, 3.83, 4.45, 4.94, 4.99, 5.76, 7.57, 9.21, 9.88, 9.91, 8.73, 8.62, 8.81, 8.86, 8.82, 7.78, 7.05, 5.41, 4.5, 4.12, 3.96, 3.49, 3.48, 3.08, 2.54, 2.72, 2.96, 3.33, 3.37, 2.86, 3.74, 4.18, 4.42, 4.52, 5.57, 5.74, 5.87, 5.77, 5.61, 5.28, 5.18, 5.16, 4.87, 4.85], [3.3, 3.33, 3.13, 3.01, 3.74, 3.88, 3.66, 3.01, 2.991, 3.741, 3.781, 3.454, 3.64, 3.64, 2.79, 2.41, 1.99, 2.06, 3.21, 4.074, 4.134, 4.354, 3.597, 3.467, 3.431, 3.26, 2.721, 2.991, 3.11, 2.21, 1.96, 1.54, 1.98, 1.67, 1.23, 0, 1.26, 1.85, 1.4, 1.95, 1.91, 2.13, 2.7, 3.58, 4.18, 4.65, 4.7, 5.51, 7.2, 8.88, 9.49, 9.56, 8.4, 8.27, 8.44, 8.49, 8.27, 7.35, 6.62, 4.76, 3.75, 3.37, 3.21, 2.76, 2.71, 2.33, 1.75, 1.87, 2.13, 2.72, 3.0, 3.13, 4.05, 4.57, 4.787, 4.89, 5.96, 6.13, 6.26, 6.14, 5.98, 5.61, 5.51, 5.49, 5.22, 5.18], [2.68, 2.55, 2.65, 2.43, 2.96, 3.06, 2.88, 2.25, 2.299, 3.029, 3.11, 2.8, 2.96, 3.04, 2.57, 2.61, 1.87, 1.7, 2.67, 3.382, 3.402, 3.622, 3.0, 2.85, 2.699, 2.54, 2.11, 2.3, 2.47, 1.77, 1.66, 1.48, 1.78, 1.61, 1.47, 1.26, 0, 1.17, 1.3, 1.83, 2.21, 2.63, 3.1, 4.22, 4.84, 5.39, 5.36, 6.17, 7.94, 9.72, 10.31, 10.4, 9.24, 9.19, 9.32, 9.33, 9.07, 8.15, 7.5, 5.6, 4.41, 3.77, 3.65, 3.26, 3.29, 2.95, 2.49, 2.51, 2.65, 3.2, 3.24, 2.85, 3.35, 3.79, 4.05, 4.15, 5.16, 5.33, 5.48, 5.36, 5.24, 4.77, 4.63, 4.65, 4.52, 4.5], [3.01, 3.02, 3.08, 2.7, 3.13, 3.11, 2.71, 2.04, 1.91, 2.539, 2.599, 2.272, 2.49, 2.49, 2.46, 2.76, 2.4, 1.69, 2.22, 2.972, 2.97, 3.152, 2.67, 2.5, 2.25, 2.069, 1.68, 1.95, 2.08, 1.38, 1.51, 1.69, 1.87, 1.4, 1.6, 1.85, 1.17, 0, 1.31, 2.02, 2.4, 3.0, 3.33, 4.57, 5.23, 5.7, 5.73, 6.52, 8.51, 10.19, 11.04, 11.07, 9.91, 9.78, 9.91, 9.9, 9.72, 8.76, 8.37, 6.47, 5.3, 4.54, 4.44, 4.11, 4.18, 3.84, 3.22, 3.34, 3.32, 3.31, 3.21, 2.52, 3.0, 3.42, 3.66, 3.78, 4.75, 4.9, 5.03, 4.93, 4.83, 4.38, 4.14, 4.2, 4.01, 4.15], [2.68, 2.87, 3.03, 2.81, 3.6, 3.7, 3.46, 2.81, 2.84, 3.561, 3.65, 3.253, 3.48, 3.48, 3.17, 3.29, 2.71, 2.36, 3.19, 3.953, 3.933, 4.173, 3.64, 3.486, 3.251, 3.08, 2.55, 2.98, 2.95, 2.09, 1.72, 1.38, 1.48, 1.25, 1.23, 1.4, 1.3, 1.31, 0, 1.27, 1.63, 2.13, 2.66, 3.9, 4.5, 5.01, 4.98, 5.73, 7.58, 9.44, 10.21, 10.22, 9.04, 8.97, 9.08, 9.03, 8.85, 7.85, 7.52, 5.8, 4.91, 4.65, 4.49, 3.98, 3.91, 3.51, 2.95, 3.07, 3.39, 3.84, 3.9, 3.49, 3.97, 4.37, 4.63, 4.71, 5.68, 5.87, 6.02, 5.92, 5.78, 5.31, 5.07, 5.13, 5.0, 5.08], [2.89, 3.12, 3.3, 3.2, 4.07, 4.31, 4.23, 3.58, 3.65, 4.2, 4.24, 3.91, 4.11, 4.23, 3.88, 3.84, 3.16, 2.97, 3.9, 4.71, 4.65, 4.806, 4.109, 3.959, 3.883, 3.71, 3.2, 3.53, 3.68, 2.78, 2.23, 1.47, 1.61, 1.84, 1.78, 1.95, 1.83, 2.02, 1.27, 0, 1.2, 1.46, 1.95, 3.19, 3.81, 4.28, 4.25, 5.02, 6.93, 8.89, 9.7, 9.73, 8.55, 8.36, 8.47, 8.42, 8.32, 7.28, 7.01, 5.75, 5.08, 4.98, 4.86, 4.33, 4.14, 3.8, 3.48, 3.5, 3.96, 4.43, 4.47, 4.16, 4.86, 5.24, 5.46, 5.58, 6.51, 6.68, 6.77, 6.67, 6.63, 6.12, 5.84, 5.9, 5.81, 5.97], [3.09, 3.36, 3.6, 3.56, 4.39, 4.73, 4.61, 3.94, 3.99, 4.6, 4.66, 4.323, 4.51, 4.53, 4.0, 3.56, 3.1, 3.19, 4.18, 4.97, 5.01, 5.25, 4.51, 4.4, 4.29, 4.11, 3.571, 3.841, 3.96, 3.06, 2.59, 1.89, 2.09, 2.26, 2.14, 1.91, 2.21, 2.4, 1.63, 1.2, 0, 1.02, 1.35, 2.69, 3.25, 3.68, 3.65, 4.46, 6.51, 8.41, 9.22, 9.25, 8.07, 7.9, 8.01, 7.96, 7.76, 6.78, 6.45, 5.05, 4.52, 4.5, 4.38, 3.85, 3.66, 3.34, 3.02, 3.1, 3.54, 4.03, 4.11, 4.36, 5.2, 5.54, 5.74, 5.9, 6.89, 7.04, 7.09, 6.95, 6.85, 6.42, 6.24, 6.28, 6.19, 6.35], [3.51, 3.74, 3.9, 4.16, 4.97, 5.31, 5.17, 4.52, 4.61, 5.18, 5.22, 4.91, 5.07, 5.13, 4.56, 4.04, 3.56, 3.75, 4.76, 5.57, 5.57, 5.783, 4.986, 4.836, 4.841, 4.661, 4.131, 4.421, 4.52, 3.62, 3.07, 2.25, 2.05, 2.62, 2.34, 2.13, 2.63, 3.0, 2.13, 1.46, 1.02, 0, 0.91, 2.05, 2.65, 3.16, 3.13, 3.9, 5.91, 7.77, 8.66, 8.61, 7.53, 7.34, 7.43, 7.5, 7.48, 6.38, 6.11, 5.11, 4.4, 4.36, 4.24, 3.75, 3.54, 3.24, 2.98, 3.04, 3.44, 4.13, 4.31, 4.92, 5.78, 6.12, 6.36, 6.52, 7.51, 7.66, 7.71, 7.55, 7.45, 7.02, 6.82, 6.88, 6.83, 6.95], [3.82, 4.07, 4.11, 4.57, 5.34, 5.74, 5.58, 4.95, 5.04, 5.63, 5.67, 5.345, 5.52, 5.56, 5.05, 4.53, 4.03, 4.26, 5.23, 6.02, 6.02, 6.225, 5.468, 5.278, 5.262, 5.082, 4.572, 4.862, 4.99, 4.07, 3.52, 2.7, 2.36, 3.01, 2.79, 2.7, 3.1, 3.33, 2.66, 1.95, 1.35, 0.91, 0, 1.48, 2.14, 2.61, 2.92, 3.67, 5.48, 7.2, 8.41, 8.28, 7.34, 7.15, 7.2, 7.29, 7.31, 6.27, 6.04, 5.18, 4.63, 4.63, 4.51, 4.0, 3.85, 3.61, 3.53, 3.55, 3.87, 4.6, 4.72, 5.39, 6.23, 6.55, 6.81, 6.97, 7.94, 8.09, 8.14, 7.98, 7.9, 7.47, 7.33, 7.35, 7.24, 7.38], [5.12, 5.276, 5.089, 5.749, 6.533, 6.933, 6.773, 6.163, 6.2, 6.863, 6.903, 6.576, 6.77, 6.77, 6.05, 5.49, 5.01, 5.22, 6.383, 7.256, 7.256, 7.476, 6.719, 6.549, 6.553, 6.373, 5.843, 6.113, 6.28, 5.37, 4.82, 3.92, 3.5, 4.15, 3.83, 3.58, 4.22, 4.57, 3.9, 3.19, 2.69, 2.05, 1.48, 0, 1.1, 1.65, 1.96, 2.73, 4.36, 6.0, 7.25, 7.1, 6.22, 6.07, 6.14, 6.27, 6.29, 5.37, 5.0, 4.36, 4.13, 4.25, 4.21, 4.04, 3.81, 3.67, 4.03, 4.09, 4.19, 4.88, 5.38, 6.35, 7.31, 7.71, 7.97, 8.11, 9.1, 9.25, 9.36, 9.24, 9.1, 8.71, 8.57, 8.59, 8.4, 8.48], [5.78, 5.933, 5.763, 6.458, 7.222, 7.62, 7.462, 6.832, 6.88, 7.592, 7.632, 7.285, 7.499, 7.519, 6.67, 6.05, 5.55, 5.84, 7.09, 7.945, 7.985, 8.225, 7.468, 7.298, 7.302, 7.122, 6.572, 6.842, 6.989, 6.086, 5.54, 4.64, 4.1, 4.79, 4.45, 4.18, 4.84, 5.23, 4.5, 3.81, 3.25, 2.65, 2.14, 1.1, 0, 0.85, 1.24, 1.89, 3.5, 5.32, 6.53, 6.38, 5.44, 5.25, 5.34, 5.41, 5.45, 4.45, 4.18, 3.62, 3.77, 4.21, 3.95, 4.0, 3.71, 3.87, 4.49, 4.51, 4.81, 5.22, 5.9, 7.03, 8.01, 8.41, 8.63, 8.75, 9.74, 9.93, 10.08, 9.96, 9.78, 9.35, 9.21, 9.27, 9.08, 9.16], [6.267, 6.42, 6.208, 6.908, 7.69, 8.07, 7.93, 7.28, 7.33, 8.042, 8.062, 7.715, 7.929, 7.969, 7.1, 6.54, 6.04, 6.33, 7.52, 8.395, 8.435, 8.675, 7.918, 7.748, 7.75, 7.57, 7.002, 7.292, 7.399, 6.52, 5.97, 5.07, 4.59, 5.28, 4.94, 4.65, 5.39, 5.7, 5.01, 4.28, 3.68, 3.16, 2.61, 1.65, 0.85, 0, 0.87, 1.52, 3.17, 4.93, 6.14, 5.99, 5.09, 4.9, 4.99, 5.0, 5.08, 4.1, 3.81, 3.49, 3.88, 4.66, 4.34, 4.43, 4.1, 4.38, 5.04, 5.02, 5.28, 5.63, 6.45, 7.52, 8.48, 8.86, 9.08, 9.2, 10.21, 10.38, 10.51, 10.39, 10.21, 9.86, 9.74, 9.8, 9.53, 9.61], [6.12, 6.276, 6.121, 6.861, 7.62, 8.0, 7.84, 7.21, 7.28, 7.955, 7.975, 7.648, 7.842, 7.88, 7.13, 6.55, 6.07, 6.28, 7.43, 8.32, 8.348, 8.588, 7.831, 7.661, 7.66, 7.48, 6.915, 7.205, 7.312, 6.43, 5.88, 4.98, 4.6, 5.21, 4.99, 4.7, 5.36, 5.73, 4.98, 4.25, 3.65, 3.13, 2.92, 1.96, 1.24, 0.87, 0, 1.15, 3.22, 4.94, 5.95, 5.92, 4.82, 4.69, 4.9, 4.81, 4.85, 4.01, 3.62, 3.54, 4.01, 4.73, 4.39, 4.44, 4.15, 4.43, 5.09, 5.07, 5.35, 5.74, 6.48, 7.49, 8.45, 8.83, 9.03, 9.15, 10.18, 10.35, 10.44, 10.32, 10.18, 9.81, 9.65, 9.69, 9.5, 9.6], [6.987, 7.08, 6.979, 7.699, 8.47, 8.83, 8.67, 8.06, 8.11, 8.793, 8.833, 8.506, 8.701, 8.71, 7.98, 7.36, 6.84, 7.13, 8.28, 9.166, 9.186, 9.426, 8.669, 8.499, 8.503, 8.323, 7.773, 8.043, 8.171, 7.28, 6.73, 5.83, 5.43, 6.04, 5.76, 5.51, 6.17, 6.52, 5.73, 5.02, 4.46, 3.9, 3.67, 2.73, 1.89, 1.52, 1.15, 0, 2.33, 4.03, 5.04, 4.99, 4.05, 3.96, 4.19, 3.84, 3.82, 3.32, 2.99, 3.13, 4.3, 5.36, 5.02, 5.15, 4.88, 5.18, 5.72, 5.74, 6.1, 6.39, 7.21, 8.3, 9.28, 9.66, 9.86, 10.0, 11.03, 11.18, 11.29, 11.17, 11.03, 10.6, 10.42, 10.46, 10.33, 10.43], [9.111, 9.204, 9.026, 9.706, 10.47, 10.845, 10.705, 10.075, 10.105, 10.855, 10.895, 10.548, 10.76, 10.76, 9.81, 9.15, 8.61, 9.04, 10.315, 11.188, 11.248, 11.468, 10.711, 10.541, 10.545, 10.365, 9.835, 10.105, 10.23, 9.33, 8.78, 7.88, 7.34, 7.99, 7.57, 7.2, 7.94, 8.51, 7.58, 6.93, 6.51, 5.91, 5.48, 4.36, 3.5, 3.17, 3.22, 2.33, 0, 2.14, 3.31, 3.16, 2.5, 2.29, 2.48, 2.17, 2.25, 1.73, 1.84, 3.86, 5.65, 6.95, 6.67, 6.9, 6.59, 6.83, 7.33, 7.33, 7.69, 8.02, 8.92, 10.17, 11.17, 11.65, 11.855, 11.97, 13.04, 13.21, 13.34, 13.22, 13.06, 12.61, 12.47, 12.47, 12.3, 12.28], [10.84, 10.996, 10.718, 11.392, 12.156, 12.522, 12.382, 11.752, 11.782, 12.532, 12.572, 12.225, 12.439, 12.439, 11.506, 10.75, 10.289, 10.719, 11.992, 12.865, 12.925, 13.145, 12.408, 12.218, 12.222, 12.042, 11.512, 11.782, 11.909, 11.026, 10.48, 9.58, 9.08, 9.71, 9.21, 8.88, 9.72, 10.19, 9.44, 8.89, 8.41, 7.77, 7.2, 6.0, 5.32, 4.93, 4.94, 4.03, 2.14, 0, 1.29, 1.24, 1.68, 1.81, 1.62, 1.43, 1.67, 2.27, 2.74, 5.02, 7.01, 8.33, 8.15, 8.48, 8.15, 8.33, 8.89, 9.01, 9.09, 9.64, 10.6, 11.87, 12.85, 13.33, 13.59, 13.65, 14.68, 14.87, 15.02, 14.92, 14.74, 14.41, 14.25, 14.31, 14.04, 14.0], [11.49, 11.594, 11.234, 11.873, 12.638, 13.018, 12.858, 12.248, 12.29, 13.008, 13.048, 12.701, 12.915, 12.915, 11.98, 11.22, 10.765, 11.195, 12.468, 13.379, 13.439, 13.659, 12.904, 12.733, 12.698, 12.57, 12.04, 12.29, 12.4, 11.56, 10.95, 10.19, 9.97, 10.42, 9.88, 9.49, 10.31, 11.04, 10.21, 9.7, 9.22, 8.66, 8.41, 7.25, 6.53, 6.14, 5.95, 5.04, 3.31, 1.29, 0, 0.79, 1.71, 2.04, 1.85, 1.72, 1.78, 2.64, 3.03, 5.43, 7.46, 8.78, 8.6, 8.93, 8.6, 8.8, 9.36, 9.48, 9.54, 10.11, 11.07, 12.34, 13.34, 13.9, 14.14, 14.16, 15.15, 15.34, 15.49, 15.49, 15.35, 15.02, 14.88, 14.92, 14.67, 14.57], [11.56, 11.682, 11.343, 12.023, 12.787, 13.148, 13.008, 12.378, 12.428, 13.158, 13.198, 12.851, 13.065, 13.065, 12.13, 11.37, 10.915, 11.345, 12.618, 13.491, 13.571, 13.803, 13.046, 12.843, 12.848, 12.688, 12.17, 12.408, 12.535, 11.67, 11.1, 10.24, 9.9, 10.41, 9.91, 9.56, 10.4, 11.07, 10.22, 9.73, 9.25, 8.61, 8.28, 7.1, 6.38, 5.99, 5.92, 4.99, 3.16, 1.24, 0.79, 0, 1.56, 2.07, 1.98, 1.75, 1.89, 2.73, 3.18, 5.6, 7.63, 8.95, 8.79, 9.1, 8.77, 8.95, 9.51, 9.63, 9.71, 10.26, 11.22, 12.49, 13.47, 13.99, 14.25, 14.27, 15.3, 15.49, 15.64, 15.58, 15.42, 15.09, 14.95, 14.99, 14.74, 14.66], [10.4, 10.519, 10.206, 10.886, 11.65, 12.011, 11.871, 11.241, 11.291, 12.021, 12.061, 11.713, 11.928, 11.928, 10.99, 10.23, 9.778, 10.208, 11.481, 12.353, 12.433, 12.663, 11.906, 11.706, 11.711, 11.531, 11.021, 11.271, 11.398, 10.51, 9.96, 9.06, 8.8, 9.25, 8.73, 8.4, 9.24, 9.91, 9.04, 8.55, 8.07, 7.53, 7.34, 6.22, 5.44, 5.09, 4.82, 4.05, 2.5, 1.68, 1.71, 1.56, 0, 0.97, 1.12, 1.21, 1.55, 1.55, 2.06, 4.48, 6.51, 7.83, 7.67, 7.98, 7.65, 7.83, 8.37, 8.49, 8.59, 9.14, 10.08, 11.35, 12.33, 12.85, 13.11, 13.13, 14.16, 14.35, 14.5, 14.44, 14.26, 13.93, 13.77, 13.83, 13.56, 13.52], [10.41, 10.506, 10.117, 10.797, 11.561, 11.921, 11.781, 11.151, 11.19, 11.931, 11.971, 11.624, 11.83, 11.83, 10.88, 10.12, 9.68, 10.11, 11.391, 12.264, 12.333, 12.553, 11.796, 11.617, 11.621, 11.441, 10.92, 11.181, 11.3, 10.4, 9.85, 8.95, 8.57, 9.08, 8.62, 8.27, 9.19, 9.78, 8.97, 8.36, 7.9, 7.34, 7.15, 6.07, 5.25, 4.9, 4.69, 3.96, 2.29, 1.81, 2.04, 2.07, 0.97, 0, 0.67, 0.96, 1.44, 1.24, 1.91, 4.37, 6.36, 7.68, 7.5, 7.83, 7.5, 7.7, 8.26, 8.38, 8.44, 9.01, 9.97, 11.24, 12.22, 12.8, 13.04, 13.08, 14.15, 14.32, 14.45, 14.39, 14.23, 13.88, 13.76, 13.76, 13.45, 13.43], [10.52, 10.613, 10.332, 11.012, 11.776, 12.148, 12.008, 11.378, 11.408, 12.158, 12.198, 11.851, 12.06, 12.06, 11.11, 10.35, 9.91, 10.34, 11.618, 12.491, 12.551, 12.771, 12.014, 11.844, 11.848, 11.668, 11.138, 11.408, 11.53, 10.63, 10.08, 9.18, 8.78, 9.31, 8.81, 8.44, 9.32, 9.91, 9.08, 8.47, 8.01, 7.43, 7.2, 6.14, 5.34, 4.99, 4.9, 4.19, 2.48, 1.62, 1.85, 1.98, 1.12, 0.67, 0, 0.83, 1.59, 1.35, 2.2, 4.58, 6.59, 7.91, 7.73, 8.06, 7.73, 7.93, 8.49, 8.61, 8.67, 9.24, 10.2, 11.47, 12.45, 12.97, 13.187, 13.29, 14.36, 14.53, 14.66, 14.54, 14.38, 13.99, 13.87, 13.87, 13.6, 13.58], [10.527, 10.62, 10.379, 11.059, 11.823, 12.192, 12.052, 11.422, 11.452, 12.202, 12.242, 11.895, 12.109, 12.109, 11.16, 10.4, 9.959, 10.389, 11.662, 12.535, 12.595, 12.815, 12.058, 11.888, 11.892, 11.712, 11.182, 11.452, 11.579, 10.68, 10.13, 9.23, 8.87, 9.36, 8.86, 8.49, 9.33, 9.9, 9.03, 8.42, 7.96, 7.5, 7.29, 6.27, 5.41, 5.0, 4.81, 3.84, 2.17, 1.43, 1.72, 1.75, 1.21, 0.96, 0.83, 0, 1.04, 1.36, 2.19, 4.61, 6.64, 7.96, 7.78, 8.11, 7.78, 7.98, 8.54, 8.66, 8.72, 9.29, 10.25, 11.52, 12.5, 12.98, 13.214, 13.3, 14.37, 14.54, 14.67, 14.55, 14.39, 14.0, 13.88, 13.88, 13.65, 13.63], [10.227, 10.32, 10.13, 10.81, 11.575, 11.946, 11.806, 11.176, 11.206, 11.956, 11.996, 11.649, 11.863, 11.863, 10.92, 10.16, 9.713, 10.143, 11.416, 12.289, 12.349, 12.569, 11.812, 11.642, 11.646, 11.466, 10.936, 11.206, 11.333, 10.44, 9.93, 9.09, 8.93, 9.36, 8.82, 8.27, 9.07, 9.72, 8.85, 8.32, 7.76, 7.48, 7.31, 6.29, 5.45, 5.08, 4.85, 3.82, 2.25, 1.67, 1.78, 1.89, 1.55, 1.44, 1.59, 1.04, 0, 1.26, 2.07, 4.37, 6.4, 7.72, 7.54, 7.87, 7.54, 7.74, 8.3, 8.42, 8.48, 9.05, 10.01, 11.28, 12.26, 12.74, 12.974, 13.06, 14.09, 14.28, 14.43, 14.31, 14.13, 13.72, 13.58, 13.62, 13.41, 13.39], [9.304, 9.397, 9.196, 9.888, 10.652, 11.012, 10.872, 10.242, 10.272, 11.022, 11.062, 10.715, 10.929, 10.929, 9.98, 9.22, 8.779, 9.209, 10.5, 11.355, 11.415, 11.655, 10.898, 10.728, 10.73, 10.55, 10.002, 10.272, 10.399, 9.5, 8.95, 8.05, 7.79, 8.28, 7.78, 7.35, 8.15, 8.76, 7.85, 7.28, 6.78, 6.38, 6.27, 5.37, 4.45, 4.1, 4.01, 3.32, 1.73, 2.27, 2.64, 2.73, 1.55, 1.24, 1.35, 1.36, 1.26, 0, 1.25, 3.43, 5.46, 6.78, 6.6, 6.93, 6.6, 6.8, 7.36, 7.52, 7.58, 8.15, 9.11, 10.38, 11.36, 11.82, 12.028, 12.12, 13.19, 13.36, 13.49, 13.37, 13.21, 12.78, 12.68, 12.68, 12.47, 12.49], [8.66, 8.724, 8.224, 8.893, 9.657, 10.017, 9.877, 9.247, 9.28, 10.027, 10.067, 9.72, 9.92, 9.92, 8.97, 8.23, 7.77, 8.2, 9.49, 10.38, 10.44, 10.68, 9.96, 9.75, 9.72, 9.56, 9.01, 9.28, 9.39, 8.53, 8.0, 7.24, 7.24, 7.53, 7.05, 6.62, 7.5, 8.37, 7.52, 7.01, 6.45, 6.11, 6.04, 5.0, 4.18, 3.81, 3.62, 2.99, 1.84, 2.74, 3.03, 3.18, 2.06, 1.91, 2.2, 2.19, 2.07, 1.25, 0, 2.54, 4.49, 5.79, 5.63, 5.94, 5.61, 5.79, 6.39, 6.55, 6.63, 7.18, 8.18, 9.41, 10.39, 11.03, 11.19, 11.23, 12.28, 12.45, 12.6, 12.58, 12.46, 12.15, 12.07, 12.05, 11.72, 11.68], [6.44, 6.35, 5.93, 6.501, 7.26, 7.62, 7.48, 6.85, 6.88, 7.63, 7.67, 7.32, 7.54, 7.54, 6.61, 5.87, 5.39, 5.84, 7.09, 7.96, 8.02, 8.24, 7.52, 7.37, 7.34, 7.22, 6.69, 6.98, 7.07, 6.51, 6.28, 5.82, 6.04, 6.01, 5.41, 4.76, 5.6, 6.47, 5.8, 5.75, 5.05, 5.11, 5.18, 4.36, 3.62, 3.49, 3.54, 3.13, 3.86, 5.02, 5.43, 5.6, 4.48, 4.37, 4.58, 4.61, 4.37, 3.43, 2.54, 0, 2.07, 3.43, 3.23, 3.56, 3.23, 3.43, 4.03, 4.19, 4.31, 4.82, 5.78, 7.05, 8.13, 8.65, 8.73, 8.83, 9.82, 10.01, 10.16, 10.24, 10.14, 9.85, 9.77, 9.69, 9.38, 9.32], [5.51, 5.2, 4.56, 4.92, 5.35, 5.57, 5.69, 5.0, 4.93, 5.72, 5.74, 5.47, 5.65, 5.53, 4.56, 3.94, 3.52, 4.13, 5.28, 6.01, 5.99, 6.37, 5.95, 5.7, 5.63, 5.53, 5.26, 5.47, 5.6, 5.42, 5.33, 4.93, 5.19, 5.02, 4.5, 3.75, 4.41, 5.3, 4.91, 5.08, 4.52, 4.4, 4.63, 4.13, 3.77, 3.88, 4.01, 4.3, 5.65, 7.01, 7.46, 7.63, 6.51, 6.36, 6.59, 6.64, 6.4, 5.46, 4.49, 2.07, 0, 1.56, 1.56, 1.73, 1.66, 1.62, 2.28, 2.22, 2.38, 3.03, 3.95, 5.3, 6.6, 6.94, 6.94, 7.16, 7.97, 8.12, 8.47, 8.67, 8.53, 8.24, 8.16, 8.02, 7.69, 7.69], [5.47, 5.08, 4.4, 4.52, 4.59, 4.57, 4.81, 4.2, 4.07, 4.7, 4.7, 4.51, 4.63, 4.37, 3.3, 2.76, 2.48, 3.17, 4.22, 4.95, 4.79, 5.19, 4.91, 4.68, 4.61, 4.53, 4.56, 4.59, 4.8, 4.76, 4.87, 4.57, 4.95, 4.74, 4.12, 3.37, 3.77, 4.54, 4.65, 4.98, 4.5, 4.36, 4.63, 4.25, 4.21, 4.66, 4.73, 5.36, 6.95, 8.33, 8.78, 8.95, 7.83, 7.68, 7.91, 7.96, 7.72, 6.78, 5.79, 3.43, 1.56, 0, 0.68, 0.93, 1.22, 1.22, 1.76, 1.68, 1.38, 2.03, 2.89, 4.24, 5.68, 6.02, 5.96, 6.12, 6.85, 6.98, 7.39, 7.61, 7.45, 7.14, 7.06, 6.86, 6.51, 6.57], [5.39, 4.98, 4.32, 4.44, 4.53, 4.57, 4.79, 4.14, 4.01, 4.76, 4.76, 4.53, 4.71, 4.47, 3.46, 2.94, 2.58, 3.23, 4.3, 5.01, 4.95, 5.33, 4.99, 4.72, 4.65, 4.57, 4.4, 4.59, 4.76, 4.68, 4.73, 4.41, 4.79, 4.58, 3.96, 3.21, 3.65, 4.44, 4.49, 4.86, 4.38, 4.24, 4.51, 4.21, 3.95, 4.34, 4.39, 5.02, 6.67, 8.15, 8.6, 8.79, 7.67, 7.5, 7.73, 7.78, 7.54, 6.6, 5.63, 3.23, 1.56, 0.68, 0, 0.73, 0.86, 1.14, 1.8, 1.64, 1.46, 2.09, 2.91, 4.32, 5.66, 6.02, 5.98, 6.2, 6.95, 7.12, 7.51, 7.71, 7.57, 7.26, 7.18, 7.0, 6.65, 6.67], [4.88, 4.51, 3.87, 3.87, 4.08, 4.14, 4.42, 3.77, 3.7, 4.39, 4.41, 4.16, 4.3, 4.08, 3.13, 2.59, 2.25, 2.86, 3.91, 4.68, 4.62, 5.02, 4.66, 4.37, 4.28, 4.24, 4.07, 4.22, 4.35, 4.29, 4.28, 3.92, 4.26, 4.11, 3.49, 2.76, 3.26, 4.11, 3.98, 4.33, 3.85, 3.75, 4.0, 4.04, 4.0, 4.43, 4.44, 5.15, 6.9, 8.48, 8.93, 9.1, 7.98, 7.83, 8.06, 8.11, 7.87, 6.93, 5.94, 3.56, 1.73, 0.93, 0.73, 0, 0.69, 0.81, 1.45, 1.23, 1.29, 2.02, 2.78, 3.99, 5.37, 5.69, 5.67, 5.85, 6.6, 6.77, 7.16, 7.36, 7.22, 6.91, 6.83, 6.65, 6.32, 6.32], [4.73, 4.36, 3.74, 3.76, 4.31, 4.49, 4.55, 3.94, 3.89, 4.64, 4.66, 4.39, 4.51, 4.41, 3.4, 2.92, 2.52, 3.03, 4.2, 4.97, 4.95, 5.37, 4.95, 4.64, 4.55, 4.47, 4.16, 4.33, 4.46, 4.34, 4.27, 3.87, 4.17, 4.0, 3.48, 2.71, 3.29, 4.18, 3.91, 4.14, 3.66, 3.54, 3.85, 3.81, 3.71, 4.1, 4.15, 4.88, 6.59, 8.15, 8.6, 8.77, 7.65, 7.5, 7.73, 7.78, 7.54, 6.6, 5.61, 3.23, 1.66, 1.22, 0.86, 0.69, 0, 0.76, 1.42, 1.3, 1.54, 2.29, 3.11, 4.22, 5.54, 5.92, 5.94, 6.14, 6.95, 7.1, 7.45, 7.65, 7.51, 7.22, 7.14, 7.0, 6.67, 6.67], [4.51, 4.16, 3.56, 3.46, 3.97, 4.25, 4.19, 3.58, 3.59, 4.28, 4.32, 4.01, 4.21, 4.15, 3.18, 2.52, 2.08, 2.65, 3.84, 4.65, 4.71, 5.05, 4.59, 4.28, 4.19, 4.09, 3.82, 3.99, 4.1, 3.98, 3.91, 3.49, 3.79, 3.6, 3.08, 2.33, 2.95, 3.84, 3.51, 3.8, 3.34, 3.24, 3.61, 3.67, 3.87, 4.38, 4.43, 5.18, 6.83, 8.33, 8.8, 8.95, 7.83, 7.7, 7.93, 7.98, 7.74, 6.8, 5.79, 3.43, 1.62, 1.22, 1.14, 0.81, 0.76, 0, 1.02, 0.9, 1.12, 1.97, 2.73, 3.82, 5.14, 5.54, 5.58, 5.76, 6.63, 6.74, 7.07, 7.27, 7.13, 6.84, 6.76, 6.64, 6.31, 6.29], [4.33, 4.1, 3.52, 3.1, 3.69, 3.77, 3.67, 3.06, 3.03, 3.76, 3.78, 3.51, 3.69, 3.61, 2.64, 1.98, 1.58, 2.13, 3.34, 4.13, 4.15, 4.51, 4.07, 3.76, 3.67, 3.59, 3.28, 3.45, 3.56, 3.34, 3.25, 2.97, 3.41, 3.04, 2.54, 1.75, 2.49, 3.22, 2.95, 3.48, 3.02, 2.98, 3.53, 4.03, 4.49, 5.04, 5.09, 5.72, 7.33, 8.89, 9.36, 9.51, 8.37, 8.26, 8.49, 8.54, 8.3, 7.36, 6.39, 4.03, 2.28, 1.76, 1.8, 1.45, 1.42, 1.02, 0, 0.62, 0.92, 1.81, 2.33, 3.26, 4.6, 4.98, 5.04, 5.24, 6.09, 6.2, 6.53, 6.73, 6.59, 6.26, 6.18, 6.06, 5.75, 5.71], [4.39, 4.1, 3.5, 3.16, 3.65, 3.71, 3.75, 3.12, 3.09, 3.72, 3.74, 3.49, 3.65, 3.51, 2.5, 2.02, 1.5, 2.13, 3.28, 4.11, 4.11, 4.49, 4.07, 3.76, 3.67, 3.59, 3.4, 3.57, 3.64, 3.56, 3.47, 3.11, 3.49, 3.2, 2.72, 1.87, 2.51, 3.34, 3.07, 3.5, 3.1, 3.04, 3.55, 4.09, 4.51, 5.02, 5.07, 5.74, 7.33, 9.01, 9.48, 9.63, 8.49, 8.38, 8.61, 8.66, 8.42, 7.52, 6.55, 4.19, 2.22, 1.68, 1.64, 1.23, 1.3, 0.9, 0.62, 0, 0.88, 1.87, 2.33, 3.22, 4.58, 4.98, 5.08, 5.24, 6.09, 6.2, 6.53, 6.73, 6.59, 6.28, 6.18, 6.04, 5.75, 5.69], [4.83, 4.5, 3.9, 3.56, 3.79, 3.73, 3.77, 3.1, 3.07, 3.68, 3.7, 3.47, 3.61, 3.39, 2.46, 1.82, 1.48, 2.09, 3.22, 4.01, 4.03, 4.37, 3.97, 3.66, 3.57, 3.51, 3.44, 3.53, 3.66, 3.6, 3.65, 3.45, 3.93, 3.52, 2.96, 2.13, 2.65, 3.32, 3.39, 3.96, 3.54, 3.44, 3.87, 4.19, 4.81, 5.28, 5.35, 6.1, 7.69, 9.09, 9.54, 9.71, 8.59, 8.44, 8.67, 8.72, 8.48, 7.58, 6.63, 4.31, 2.38, 1.38, 1.46, 1.29, 1.54, 1.12, 0.92, 0.88, 0, 1.41, 2.03, 3.12, 4.52, 4.9, 4.98, 5.14, 5.97, 6.12, 6.43, 6.63, 6.49, 6.16, 6.06, 5.92, 5.63, 5.57], [5.48, 5.19, 4.69, 4.15, 4.4, 4.14, 3.84, 3.25, 2.82, 3.27, 3.21, 3.04, 3.24, 2.84, 1.95, 1.61, 1.83, 2.2, 2.77, 3.4, 3.46, 3.62, 3.4, 3.39, 3.26, 3.08, 3.29, 3.22, 3.33, 3.47, 3.76, 3.88, 4.38, 3.83, 3.33, 2.72, 3.2, 3.31, 3.84, 4.43, 4.03, 4.13, 4.6, 4.88, 5.22, 5.63, 5.74, 6.39, 8.02, 9.64, 10.11, 10.26, 9.14, 9.01, 9.24, 9.29, 9.05, 8.15, 7.18, 4.82, 3.03, 2.03, 2.09, 2.02, 2.29, 1.97, 1.81, 1.87, 1.41, 0, 1.3, 2.43, 3.97, 4.25, 4.37, 4.43, 5.24, 5.37, 5.66, 5.82, 5.68, 5.35, 5.25, 5.13, 4.84, 4.78], [5.56, 5.27, 4.83, 4.29, 4.42, 4.14, 3.86, 3.29, 2.66, 2.95, 2.75, 2.5, 2.78, 2.38, 1.73, 1.63, 2.01, 2.18, 2.51, 3.04, 2.92, 3.28, 3.28, 3.29, 3.16, 2.94, 3.09, 2.96, 2.85, 3.39, 3.68, 3.92, 4.42, 3.71, 3.37, 3.0, 3.24, 3.21, 3.9, 4.47, 4.11, 4.31, 4.72, 5.38, 5.9, 6.45, 6.48, 7.21, 8.92, 10.6, 11.07, 11.22, 10.08, 9.97, 10.2, 10.25, 10.01, 9.11, 8.18, 5.78, 3.95, 2.89, 2.91, 2.78, 3.11, 2.73, 2.33, 2.33, 2.03, 1.3, 0, 1.69, 3.17, 3.29, 3.55, 3.73, 4.34, 4.49, 4.7, 4.9, 4.76, 4.43, 4.37, 4.27, 4.08, 3.88], [4.61, 4.48, 4.0, 3.22, 3.27, 3.13, 2.69, 2.18, 1.87, 1.62, 1.46, 1.43, 1.59, 1.23, 1.36, 1.8, 2.04, 1.65, 1.2, 1.71, 1.99, 2.29, 2.67, 2.64, 2.17, 1.87, 2.08, 1.81, 1.88, 2.26, 2.63, 3.21, 3.51, 2.74, 2.86, 3.13, 2.85, 2.52, 3.49, 4.16, 4.36, 4.92, 5.39, 6.35, 7.03, 7.52, 7.49, 8.3, 10.17, 11.87, 12.34, 12.49, 11.35, 11.24, 11.47, 11.52, 11.28, 10.38, 9.41, 7.05, 5.3, 4.24, 4.32, 3.99, 4.22, 3.82, 3.26, 3.22, 3.12, 2.43, 1.69, 0, 1.76, 1.94, 2.3, 2.34, 3.11, 3.18, 3.37, 3.51, 3.39, 3.08, 2.98, 2.96, 2.77, 2.63], [4.21, 3.94, 3.62, 3.14, 2.85, 2.81, 2.29, 2.12, 2.11, 1.82, 1.94, 2.03, 2.05, 2.01, 2.76, 3.38, 3.46, 2.69, 1.82, 1.63, 2.03, 2.21, 2.57, 2.62, 2.21, 2.03, 2.26, 2.19, 1.84, 2.44, 3.05, 3.77, 3.97, 3.28, 3.74, 4.05, 3.35, 3.0, 3.97, 4.86, 5.2, 5.78, 6.23, 7.31, 8.01, 8.48, 8.45, 9.28, 11.17, 12.85, 13.34, 13.47, 12.33, 12.22, 12.45, 12.5, 12.26, 11.36, 10.39, 8.13, 6.6, 5.68, 5.66, 5.37, 5.54, 5.14, 4.6, 4.58, 4.52, 3.97, 3.17, 1.76, 0, 1.02, 1.44, 1.16, 2.09, 2.18, 2.29, 2.31, 2.25, 2.02, 1.84, 1.8, 1.57, 1.45], [4.07, 3.68, 3.56, 3.04, 2.49, 2.45, 2.01, 2.22, 2.25, 1.88, 1.98, 2.09, 2.03, 2.01, 2.94, 3.52, 3.68, 3.17, 2.04, 1.43, 1.83, 1.83, 2.23, 2.36, 2.25, 2.11, 2.62, 2.45, 2.14, 2.8, 3.43, 4.19, 4.49, 3.84, 4.18, 4.57, 3.79, 3.42, 4.37, 5.24, 5.54, 6.12, 6.55, 7.71, 8.41, 8.86, 8.83, 9.66, 11.65, 13.33, 13.9, 13.99, 12.85, 12.8, 12.97, 12.98, 12.74, 11.82, 11.03, 8.65, 6.94, 6.02, 6.02, 5.69, 5.92, 5.54, 4.98, 4.98, 4.9, 4.25, 3.29, 1.94, 1.02, 0, 0.84, 0.86, 1.53, 1.66, 1.77, 1.83, 1.77, 1.6, 1.42, 1.36, 1.21, 1.05], [3.97, 3.62, 3.48, 2.84, 2.25, 2.13, 1.83, 2.18, 2.13, 1.82, 1.92, 2.05, 2.07, 1.95, 2.94, 3.62, 3.72, 3.19, 2.06, 1.41, 1.73, 1.65, 2.27, 2.36, 2.29, 2.25, 2.64, 2.49, 2.18, 2.98, 3.61, 4.41, 4.69, 4.04, 4.42, 4.787, 4.05, 3.66, 4.63, 5.46, 5.74, 6.36, 6.81, 7.97, 8.63, 9.08, 9.03, 9.86, 11.855, 13.59, 14.14, 14.25, 13.11, 13.04, 13.187, 13.214, 12.974, 12.028, 11.19, 8.73, 6.94, 5.96, 5.98, 5.67, 5.94, 5.58, 5.04, 5.08, 4.98, 4.37, 3.55, 2.3, 1.44, 0.84, 0, 0.84, 1.41, 1.68, 1.93, 2.13, 2.11, 2.0, 1.74, 1.52, 1.25, 1.31], [4.25, 3.94, 3.76, 3.16, 2.69, 2.59, 2.25, 2.46, 2.47, 2.1, 2.26, 2.37, 2.43, 2.23, 3.1, 3.7, 3.86, 3.31, 2.28, 1.59, 1.91, 1.87, 2.33, 2.48, 2.37, 2.37, 2.86, 2.65, 2.36, 3.1, 3.73, 4.53, 4.77, 4.1, 4.52, 4.89, 4.15, 3.78, 4.71, 5.58, 5.9, 6.52, 6.97, 8.11, 8.75, 9