[[0, 1.55, 2.22, 3.07, 3.51, 3.28, 3.85, 6.06, 7.964, 9.016, 10.049, 10.474, 10.981, 10.579, 9.4, 8.679, 9.34, 10.823, 10.774, 11.294, 12.201, 13.291, 13.388, 13.413, 13.114, 12.93, 13.468, 12.768, 12.579, 13.392, 13.861, 13.511, 12.113, 11.633, 12.108, 12.482, 12.579, 13.284, 13.897, 12.021, 9.27, 7.1, 5.351, 4.317, 5.134, 6.459, 6.939, 7.686, 8.556, 9.298, 10.388, 10.098, 10.548, 12.211, 11.648, 9.36, 9.39, 9.46, 10.24, 11.28, 11.44, 11.8, 12.37, 11.93, 11.7, 11.99, 13.0, 13.511, 13.408, 13.501, 14.014, 13.554, 12.684, 12.264, 11.064, 9.641, 9.228, 9.218, 8.966, 8.793, 9.051, 8.678, 8.028, 8.245, 9.128, 9.535], [1.55, 0, 1.05, 2.5, 3.1, 2.65, 2.68, 4.987, 6.957, 7.932, 8.964, 9.393, 9.883, 9.494, 8.342, 7.689, 8.299, 9.679, 9.641, 10.161, 11.105, 12.198, 12.329, 12.357, 12.041, 11.865, 12.355, 11.669, 11.486, 12.328, 12.759, 12.435, 11.04, 10.548, 11.05, 11.418, 11.518, 12.231, 12.822, 10.94, 8.22, 6.05, 4.33, 3.29, 4.041, 5.418, 5.898, 6.627, 7.497, 8.242, 9.332, 9.042, 9.53, 11.195, 10.63, 8.35, 8.36, 8.45, 9.17, 10.21, 10.35, 10.71, 11.32, 10.88, 10.63, 10.94, 11.89, 12.418, 12.315, 12.408, 12.921, 12.461, 11.628, 11.208, 10.008, 8.625, 8.192, 8.182, 7.962, 7.752, 7.995, 7.622, 6.992, 7.23, 8.099, 8.459], [2.22, 1.05, 0, 1.87, 2.53, 1.9, 2.15, 5.054, 6.987, 8.013, 9.066, 9.468, 10.016, 9.607, 8.445, 7.698, 8.38, 9.84, 9.828, 10.348, 11.261, 12.334, 12.419, 12.462, 12.145, 11.964, 12.522, 11.822, 11.625, 12.447, 12.918, 12.577, 11.187, 10.707, 11.191, 11.554, 11.654, 12.367, 12.974, 11.11, 8.31, 6.22, 4.58, 3.64, 4.197, 5.514, 5.982, 6.729, 7.599, 8.338, 9.428, 9.161, 9.62, 11.3, 10.72, 8.44, 8.45, 8.54, 9.32, 10.38, 10.54, 10.9, 11.47, 11.07, 10.82, 11.09, 12.06, 12.6, 12.471, 12.544, 13.057, 12.617, 11.744, 11.324, 10.104, 8.73, 8.3, 8.278, 8.058, 7.848, 8.094, 7.718, 7.088, 7.3, 8.168, 8.578], [3.07, 2.5, 1.87, 0, 1.32, 1.97, 3.48, 6.486, 8.419, 9.494, 10.529, 10.972, 11.522, 11.127, 9.969, 9.287, 9.952, 11.321, 11.355, 11.875, 12.808, 13.901, 14.017, 14.046, 13.709, 13.553, 14.057, 13.357, 13.189, 14.034, 14.462, 14.132, 12.702, 12.222, 12.735, 13.109, 13.221, 13.922, 14.521, 12.66, 9.92, 7.81, 6.27, 5.33, 5.804, 7.118, 7.583, 8.33, 9.2, 9.942, 11.032, 10.742, 11.23, 12.895, 12.33, 10.05, 10.06, 10.15, 10.85, 11.91, 12.07, 12.43, 13.0, 12.58, 12.35, 12.64, 13.61, 14.118, 14.018, 14.111, 14.624, 14.164, 13.328, 12.908, 11.708, 10.325, 9.892, 9.882, 9.662, 9.452, 9.695, 9.322, 8.672, 8.889, 9.772, 10.165], [3.51, 3.1, 2.53, 1.32, 0, 1.69, 3.688, 6.975, 8.765, 9.971, 11.0, 11.443, 11.973, 11.521, 10.45, 9.775, 10.442, 11.698, 11.735, 12.255, 13.228, 14.385, 14.496, 14.525, 14.171, 14.035, 14.496, 13.802, 13.64, 14.501, 14.924, 14.506, 13.173, 12.704, 13.177, 13.52, 13.701, 14.384, 14.812, 13.011, 10.44, 8.29, 6.79, 5.93, 6.303, 7.591, 8.071, 8.838, 9.688, 10.448, 11.538, 11.248, 11.738, 13.381, 12.838, 10.55, 10.56, 10.65, 11.35, 12.29, 12.47, 12.87, 13.5, 12.98, 12.73, 13.04, 14.05, 14.578, 14.498, 14.551, 15.083, 14.623, 13.833, 13.413, 12.213, 10.811, 10.398, 10.388, 10.148, 9.958, 10.185, 9.828, 9.178, 9.395, 10.278, 10.649], [3.28, 2.65, 1.9, 1.97, 1.69, 0, 2.593, 5.92, 7.762, 8.893, 9.926, 10.346, 10.896, 10.487, 9.325, 8.632, 9.322, 10.7, 10.668, 11.24, 12.121, 13.254, 13.353, 13.413, 13.057, 12.906, 13.416, 12.705, 12.505, 13.387, 13.827, 13.397, 12.067, 11.627, 12.097, 12.394, 12.574, 13.267, 13.814, 11.91, 9.35, 7.56, 6.18, 5.08, 5.32, 6.56, 7.028, 7.79, 8.585, 9.272, 10.382, 10.13, 10.58, 12.26, 11.72, 9.58, 9.55, 9.62, 10.24, 11.28, 11.52, 11.92, 12.43, 11.91, 11.68, 11.93, 12.94, 13.5, 13.38, 13.49, 14.04, 13.58, 12.77, 12.278, 11.078, 9.73, 9.36, 9.39, 9.15, 8.9, 9.085, 8.692, 8.042, 8.259, 9.122, 9.518], [3.85, 2.68, 2.15, 3.48, 3.688, 2.593, 0, 3.37, 5.277, 6.38, 7.376, 7.816, 8.357, 7.917, 6.826, 6.16, 6.81, 8.13, 8.15, 8.69, 9.62, 10.746, 10.857, 10.906, 10.558, 10.399, 10.875, 10.187, 10.038, 10.959, 11.38, 11.01, 9.58, 9.137, 9.65, 10.01, 10.15, 10.88, 11.37, 9.62, 7.84, 6.49, 5.25, 4.25, 4.05, 4.89, 5.07, 5.62, 6.29, 7.0, 8.03, 7.84, 8.27, 9.93, 9.43, 7.65, 7.84, 7.61, 8.17, 9.11, 9.33, 9.71, 10.24, 9.76, 9.47, 9.66, 10.51, 11.13, 11.05, 11.2, 11.71, 11.29, 10.5, 10.02, 8.92, 7.58, 7.21, 7.28, 6.94, 6.55, 6.69, 6.28, 5.63, 5.85, 6.75, 7.06], [6.06, 4.987, 5.054, 6.486, 6.975, 5.92, 3.37, 0, 2.05, 3.09, 4.08, 4.58, 5.081, 4.662, 3.54, 2.95, 3.74, 5.02, 5.06, 5.7, 6.45, 7.448, 7.579, 7.605, 7.3, 7.13, 7.574, 6.951, 6.84, 7.71, 8.17, 7.84, 6.41, 5.89, 6.44, 7.02, 7.18, 7.97, 8.6, 7.45, 5.87, 4.8, 4.8, 4.4, 3.24, 3.22, 3.34, 3.65, 4.26, 4.95, 5.86, 5.65, 5.8, 6.88, 6.6, 5.7, 5.99, 5.76, 6.0, 6.78, 6.88, 7.24, 7.75, 7.35, 7.04, 6.97, 7.6, 8.48, 8.62, 8.81, 9.14, 8.7, 8.23, 7.91, 6.75, 5.43, 5.14, 5.19, 4.67, 4.02, 4.22, 3.71, 3.16, 3.54, 4.34, 4.65], [7.964, 6.957, 6.987, 8.419, 8.765, 7.762, 5.277, 2.05, 0, 1.42, 2.37, 2.89, 3.34, 2.8, 2.01, 1.7, 2.43, 3.55, 3.57, 4.21, 4.86, 5.67, 5.786, 5.83, 5.51, 5.36, 5.764, 5.13, 5.11, 5.96, 6.44, 6.01, 4.68, 4.28, 4.91, 5.71, 5.95, 6.68, 7.23, 6.22, 4.86, 4.91, 5.45, 5.45, 4.05, 3.37, 3.23, 3.24, 3.47, 3.96, 4.79, 4.58, 4.69, 5.63, 5.45, 4.69, 5.06, 4.91, 4.85, 5.51, 5.65, 6.03, 6.58, 6.12, 5.79, 5.68, 6.31, 7.19, 7.45, 7.58, 7.91, 7.43, 7.06, 6.78, 5.64, 4.32, 4.03, 4.08, 3.52, 3.03, 3.13, 2.72, 2.13, 2.47, 3.19, 3.5], [9.016, 7.932, 8.013, 9.494, 9.971, 8.893, 6.38, 3.09, 1.42, 0, 1.15, 1.63, 2.1, 1.84, 1.25, 1.4, 1.67, 2.59, 2.81, 3.39, 3.98, 4.53, 4.635, 4.65, 4.33, 4.2, 4.67, 4.07, 4.21, 5.0, 5.38, 4.99, 3.78, 3.34, 4.01, 4.91, 5.07, 5.78, 6.47, 5.48, 4.42, 4.65, 5.45, 5.73, 4.69, 3.45, 3.19, 3.08, 3.15, 3.34, 4.07, 3.92, 3.97, 4.71, 4.57, 4.27, 4.78, 4.61, 4.15, 4.69, 4.87, 5.21, 5.7, 5.36, 4.97, 4.84, 5.43, 6.31, 6.59, 6.76, 7.03, 6.53, 6.22, 5.94, 4.84, 3.54, 3.27, 3.28, 2.96, 3.09, 3.11, 2.7, 2.09, 1.91, 2.35, 2.68], [10.049, 8.964, 9.066, 10.529, 11.0, 9.926, 7.376, 4.08, 2.37, 1.15, 0, 0.86, 1.13, 1.11, 1.2, 1.83, 1.52, 2.04, 2.16, 2.66, 3.19, 3.58, 3.6, 3.62, 3.28, 3.17, 3.64, 3.08, 3.3, 4.07, 4.39, 4.04, 2.97, 2.51, 3.2, 4.12, 4.28, 4.97, 5.66, 4.75, 3.95, 4.54, 5.72, 6.22, 5.4, 4.02, 3.6, 3.11, 3.0, 3.01, 3.48, 3.35, 3.48, 4.02, 4.0, 3.84, 4.31, 4.16, 3.66, 3.96, 4.2, 4.5, 4.95, 4.61, 4.22, 4.07, 4.6, 5.5, 5.86, 6.01, 6.26, 5.72, 5.45, 5.21, 4.17, 3.01, 2.82, 2.85, 2.99, 3.32, 3.28, 2.97, 2.76, 2.32, 1.98, 2.17], [10.474, 9.393, 9.468, 10.972, 11.443, 10.346, 7.816, 4.58, 2.89, 1.63, 0.86, 0, 1.11, 1.15, 1.68, 2.15, 1.98, 2.0, 2.06, 2.44, 2.85, 3.2, 3.22, 3.22, 2.9, 2.79, 3.38, 2.72, 2.84, 3.67, 3.95, 3.6, 2.61, 2.17, 2.8, 3.7, 3.88, 4.55, 5.3, 4.43, 4.07, 4.86, 6.2, 6.76, 5.78, 4.4, 4.04, 3.57, 3.34, 3.13, 3.52, 3.39, 3.44, 3.68, 3.72, 3.82, 4.33, 4.2, 3.52, 3.6, 3.84, 4.16, 4.59, 4.37, 4.12, 3.83, 4.22, 5.14, 5.5, 5.63, 5.86, 5.28, 5.07, 4.85, 3.79, 3.07, 2.84, 2.69, 2.83, 3.14, 3.04, 2.85, 2.94, 2.52, 1.96, 1.87], [10.981, 9.883, 10.016, 11.522, 11.973, 10.896, 8.357, 5.081, 3.34, 2.1, 1.13, 1.11, 0, 1.08, 1.79, 2.5, 1.95, 1.83, 1.75, 2.05, 2.52, 2.81, 2.61, 2.69, 2.41, 2.32, 2.81, 2.33, 2.49, 3.3, 3.56, 3.21, 2.32, 1.9, 2.53, 3.35, 3.55, 4.22, 4.89, 4.08, 3.8, 5.09, 6.33, 6.97, 6.27, 4.87, 4.43, 3.9, 3.47, 3.22, 3.25, 3.06, 3.13, 3.37, 3.41, 3.73, 4.0, 3.89, 3.25, 3.39, 3.63, 3.89, 4.28, 3.94, 3.67, 3.4, 3.81, 4.75, 5.19, 5.32, 5.51, 4.91, 4.74, 4.54, 3.56, 3.2, 3.11, 2.92, 2.98, 3.37, 3.25, 3.22, 3.23, 2.93, 2.29, 2.2], [10.579, 9.494, 9.607, 11.127, 11.521, 10.487, 7.917, 4.662, 2.8, 1.84, 1.11, 1.15, 1.08, 0, 1.57, 2.1, 1.93, 2.11, 2.01, 2.25, 2.76, 3.07, 3.11, 3.13, 2.85, 2.7, 3.15, 2.65, 2.79, 3.64, 4.02, 3.63, 2.6, 2.2, 2.83, 3.73, 3.89, 4.54, 5.19, 4.38, 3.88, 5.15, 6.41, 6.89, 5.85, 4.57, 4.15, 3.86, 3.65, 3.32, 3.37, 3.2, 3.33, 3.67, 3.73, 3.97, 4.26, 4.13, 3.43, 3.57, 3.79, 4.13, 4.58, 4.3, 3.95, 3.76, 4.11, 5.07, 5.53, 5.66, 5.87, 5.27, 5.08, 4.88, 3.86, 3.04, 2.65, 2.64, 3.28, 3.43, 3.37, 3.12, 2.97, 2.65, 2.07, 2.22], [9.4, 8.342, 8.445, 9.969, 10.45, 9.325, 6.826, 3.54, 2.01, 1.25, 1.2, 1.68, 1.79, 1.57, 0, 1.19, 1.16, 2.04, 2.22, 2.78, 3.29, 3.94, 4.088, 4.12, 3.84, 3.69, 4.16, 3.56, 3.54, 4.35, 4.85, 4.48, 3.29, 2.71, 3.3, 4.14, 4.3, 5.03, 5.8, 4.83, 3.81, 4.38, 5.44, 5.86, 5.0, 3.48, 3.24, 2.93, 2.7, 2.91, 3.46, 3.23, 3.34, 4.0, 3.9, 3.7, 4.07, 3.92, 3.54, 4.02, 4.24, 4.56, 5.01, 4.71, 4.28, 4.13, 4.7, 5.58, 5.9, 6.05, 6.32, 5.78, 5.49, 5.25, 4.15, 3.11, 3.0, 2.85, 2.95, 3.34, 3.32, 3.01, 2.4, 2.16, 2.06, 2.15], [8.679, 7.689, 7.698, 9.287, 9.775, 8.632, 6.16, 2.95, 1.7, 1.4, 1.83, 2.15, 2.5, 2.1, 1.19, 0, 1.13, 2.37, 2.35, 2.95, 3.66, 4.684, 4.787, 4.824, 4.53, 4.34, 4.85, 4.19, 4.11, 4.92, 5.44, 5.07, 3.7, 3.22, 3.75, 4.45, 4.55, 5.3, 6.03, 4.98, 3.64, 4.05, 5.01, 5.19, 4.19, 2.79, 2.69, 2.56, 2.51, 2.86, 3.47, 3.26, 3.29, 4.17, 3.99, 3.45, 3.8, 3.65, 3.59, 4.25, 4.39, 4.71, 5.2, 4.86, 4.49, 4.36, 4.97, 5.85, 6.07, 6.26, 6.55, 6.07, 5.64, 5.36, 4.26, 3.24, 2.91, 2.76, 2.58, 2.77, 2.85, 2.44, 1.87, 1.85, 1.91, 2.22], [9.34, 8.299, 8.38, 9.952, 10.442, 9.322, 6.81, 3.74, 2.43, 1.67, 1.52, 1.98, 1.95, 1.93, 1.16, 1.13, 0, 1.54, 1.64, 2.18, 3.05, 4.0, 4.123, 4.151, 3.86, 3.664, 4.197, 3.52, 3.46, 4.29, 4.81, 4.44, 3.05, 2.49, 3.12, 3.72, 3.78, 4.45, 5.14, 4.13, 2.95, 3.92, 4.98, 5.58, 4.82, 3.32, 2.96, 2.53, 2.32, 2.33, 2.86, 2.43, 2.64, 3.42, 3.22, 2.84, 3.13, 2.98, 2.78, 3.48, 3.6, 3.86, 4.37, 4.01, 3.62, 3.49, 4.14, 4.96, 5.24, 5.43, 5.7, 5.2, 4.83, 4.55, 3.49, 2.65, 2.52, 2.37, 2.57, 3.0, 3.04, 2.75, 2.2, 1.92, 1.74, 1.85], [10.823, 9.679, 9.84, 11.321, 11.698, 10.7, 8.13, 5.02, 3.55, 2.59, 2.04, 2.0, 1.83, 2.11, 2.04, 2.37, 1.54, 0, 1.02, 1.44, 1.99, 2.9, 3.06, 2.92, 2.58, 2.51, 2.9, 2.24, 2.16, 3.01, 3.49, 3.1, 1.89, 1.39, 2.04, 2.52, 2.66, 3.35, 3.96, 3.07, 3.23, 4.74, 5.98, 6.84, 6.1, 4.72, 4.34, 3.67, 3.14, 2.85, 2.78, 2.43, 2.44, 2.58, 2.5, 3.02, 3.15, 3.2, 2.06, 2.36, 2.78, 2.8, 3.29, 2.91, 2.48, 2.37, 2.94, 3.8, 4.18, 4.33, 4.6, 4.06, 3.81, 3.57, 2.97, 3.17, 3.08, 2.85, 3.09, 3.6, 3.5, 3.21, 3.2, 2.94, 2.3, 2.03], [10.774, 9.641, 9.828, 11.355, 11.735, 10.668, 8.15, 5.06, 3.57, 2.81, 2.16, 2.06, 1.75, 2.01, 2.22, 2.35, 1.64, 1.02, 0, 1.06, 1.91, 2.86, 2.92, 2.94, 2.64, 2.45, 2.86, 2.22, 2.06, 2.97, 3.43, 3.02, 1.79, 1.47, 1.92, 2.3, 2.52, 3.25, 3.86, 2.75, 2.69, 4.28, 5.66, 6.6, 5.88, 4.58, 4.06, 3.41, 2.78, 2.37, 2.22, 1.85, 1.88, 2.2, 2.08, 2.48, 2.75, 2.74, 1.98, 2.5, 2.76, 2.66, 3.13, 2.61, 2.4, 2.13, 2.8, 3.68, 3.92, 4.07, 4.4, 3.92, 3.57, 3.31, 2.37, 2.47, 2.4, 2.27, 2.61, 3.16, 3.06, 2.89, 2.98, 2.7, 2.04, 1.63], [11.294, 10.161, 10.348, 11.875, 12.255, 11.24, 8.69, 5.7, 4.21, 3.39, 2.66, 2.44, 2.05, 2.25, 2.78, 2.95, 2.18, 1.44, 1.06, 0, 1.35, 2.44, 2.5, 2.58, 2.28, 1.99, 2.46, 1.86, 1.74, 2.45, 2.91, 2.54, 1.45, 1.37, 1.44, 1.88, 1.98, 2.83, 3.36, 2.31, 3.03, 4.7, 6.18, 7.08, 6.34, 5.08, 4.6, 3.89, 3.4, 2.89, 2.28, 2.15, 1.94, 1.68, 1.76, 3.0, 3.07, 3.1, 1.9, 2.12, 2.2, 2.28, 2.71, 2.29, 2.18, 1.85, 2.22, 3.02, 3.36, 3.51, 3.76, 3.28, 2.97, 2.77, 2.31, 2.43, 2.5, 2.47, 2.75, 3.24, 3.04, 3.07, 3.42, 3.16, 2.32, 1.99], [12.201, 11.105, 11.261, 12.808, 13.228, 12.121, 9.62, 6.45, 4.86, 3.98, 3.19, 2.85, 2.52, 2.76, 3.29, 3.66, 3.05, 1.99, 1.91, 1.35, 0, 1.63, 2.05, 1.83, 1.81, 1.58, 1.77, 1.25, 1.37, 1.86, 2.16, 1.81, 1.28, 1.32, 1.11, 1.41, 1.49, 2.04, 2.73, 2.1, 4.02, 5.81, 7.15, 7.97, 7.19, 5.97, 5.53, 4.88, 4.43, 3.92, 3.29, 3.06, 2.79, 2.07, 2.49, 3.97, 4.12, 4.07, 2.47, 2.05, 1.93, 2.07, 2.2, 2.28, 2.21, 1.88, 1.89, 2.45, 3.03, 3.14, 3.21, 2.67, 2.72, 2.74, 2.96, 3.24, 3.37, 3.28, 3.8, 3.85, 3.65, 3.68, 4.29, 4.09, 3.15, 2.86], [13.291, 12.198, 12.334, 13.901, 14.385, 13.254, 10.746, 7.448, 5.67, 4.53, 3.58, 3.2, 2.81, 3.07, 3.94, 4.684, 4.0, 2.9, 2.86, 2.44, 1.63, 0, 1.2, 1.16, 1.44, 1.41, 1.44, 1.5, 1.68, 1.91, 1.91, 1.82, 2.05, 2.23, 1.9, 2.02, 2.0, 2.27, 2.84, 2.61, 4.65, 6.615, 8.14, 9.08, 8.28, 6.9, 6.46, 5.71, 5.04, 4.51, 3.86, 3.81, 3.28, 2.28, 2.86, 4.6, 4.77, 4.6, 3.26, 2.74, 2.82, 2.68, 2.59, 2.79, 2.82, 2.51, 2.3, 2.82, 3.48, 3.47, 3.4, 2.88, 3.21, 3.35, 3.59, 4.11, 4.34, 4.29, 4.79, 4.88, 4.58, 4.69, 5.32, 5.12, 4.22, 3.776], [13.388, 12.329, 12.419, 14.017, 14.496, 13.353, 10.857, 7.579, 5.786, 4.635, 3.6, 3.22, 2.61, 3.11, 4.088, 4.787, 4.123, 3.06, 2.92, 2.5, 2.05, 1.2, 0, 0.7, 1.0, 0.93, 1.42, 1.42, 1.62, 1.89, 1.83, 1.62, 1.85, 2.09, 1.92, 1.96, 2.02, 2.53, 3.04, 2.61, 4.549, 6.502, 8.138, 9.174, 8.457, 6.994, 6.474, 5.804, 5.021, 4.451, 3.633, 3.717, 3.08, 2.14, 2.56, 4.473, 4.65, 4.395, 3.46, 2.94, 3.02, 3.02, 2.99, 2.89, 2.84, 2.45, 2.26, 2.9, 3.54, 3.69, 3.62, 3.1, 3.01, 3.03, 3.41, 4.039, 4.344, 4.348, 4.719, 4.86, 4.56, 4.767, 5.383, 5.157, 4.286, 3.939], [13.413, 12.357, 12.462, 14.046, 14.525, 13.413, 10.906, 7.605, 5.83, 4.65, 3.62, 3.22, 2.69, 3.13, 4.12, 4.824, 4.151, 2.92, 2.94, 2.58, 1.83, 1.16, 0.7, 0, 0.72, 0.95, 1.26, 1.24, 1.38, 1.63, 1.61, 1.48, 1.81, 2.01, 1.66, 1.68, 1.8, 2.29, 2.82, 2.31, 4.59, 6.629, 8.2, 9.18, 8.5, 7.0, 6.56, 5.87, 4.96, 4.49, 3.64, 3.71, 3.14, 2.06, 2.58, 4.5, 4.67, 4.5, 3.292, 2.7, 2.7, 2.76, 2.77, 2.61, 2.52, 2.13, 2.06, 2.64, 3.24, 3.39, 3.34, 2.84, 2.79, 2.79, 3.39, 4.17, 4.42, 4.427, 4.83, 4.92, 4.68, 4.83, 5.44, 5.214, 4.34, 3.942], [13.114, 12.041, 12.145, 13.709, 14.171, 13.057, 10.558, 7.3, 5.51, 4.33, 3.28, 2.9, 2.41, 2.85, 3.84, 4.53, 3.86, 2.58, 2.64, 2.28, 1.81, 1.44, 1.0, 0.72, 0, 1.13, 1.42, 1.26, 1.38, 1.69, 1.79, 1.56, 1.77, 1.83, 1.66, 1.86, 1.96, 2.47, 2.84, 2.21, 4.4, 6.349, 7.929, 8.94, 8.22, 6.82, 6.34, 5.69, 4.78, 4.23, 3.42, 3.39, 2.94, 1.86, 2.34, 4.224, 4.377, 4.195, 3.06, 2.4, 2.7, 2.78, 2.75, 2.39, 2.18, 1.93, 1.88, 2.78, 3.16, 3.35, 3.44, 2.84, 2.75, 2.93, 3.29, 4.09, 4.24, 4.27, 4.63, 4.94, 4.64, 4.75, 5.174, 4.937, 4.1, 3.73], [12.93, 11.865, 11.964, 13.553, 14.035, 12.906, 10.399, 7.13, 5.36, 4.2, 3.17, 2.79, 2.32, 2.7, 3.69, 4.34, 3.664, 2.51, 2.45, 1.99, 1.58, 1.41, 0.93, 0.95, 1.13, 0, 0.95, 0.87, 1.01, 1.32, 1.48, 1.19, 1.28, 1.5, 1.37, 1.75, 1.93, 2.46, 3.01, 2.68, 4.238, 6.091, 7.63, 8.73, 8.01, 6.63, 6.13, 5.46, 4.59, 4.04, 3.45, 3.28, 2.97, 2.39, 2.69, 4.13, 4.298, 4.19, 2.99, 2.63, 2.67, 2.69, 2.96, 2.94, 2.83, 2.48, 2.35, 2.85, 3.53, 3.7, 3.61, 3.11, 3.02, 2.68, 3.06, 3.74, 4.004, 3.994, 4.3, 4.41, 4.07, 4.372, 5.019, 4.759, 3.876, 3.56], [13.468, 12.355, 12.522, 14.057, 14.496, 13.416, 10.875, 7.574, 5.764, 4.67, 3.64, 3.38, 2.81, 3.15, 4.16, 4.85, 4.197, 2.9, 2.86, 2.46, 1.77, 1.44, 1.42, 1.26, 1.42, 0.95, 0, 0.82, 1.06, 1.09, 1.13, 1.08, 1.79, 1.97, 1.78, 1.96, 2.0, 2.25, 2.76, 2.75, 4.67, 6.635, 8.175, 9.18, 8.46, 7.14, 6.64, 5.944, 5.12, 4.57, 3.86, 3.87, 3.5, 2.74, 3.16, 4.66, 4.748, 4.62, 3.54, 2.96, 2.94, 2.88, 2.91, 2.97, 2.9, 2.73, 2.46, 2.58, 3.36, 3.57, 3.46, 2.98, 2.97, 2.91, 3.59, 4.39, 4.62, 4.544, 4.799, 4.912, 4.6, 4.882, 5.546, 5.303, 4.4, 4.019], [12.768, 11.669, 11.822, 13.357, 13.802, 12.705, 10.187, 6.951, 5.13, 4.07, 3.08, 2.72, 2.33, 2.65, 3.56, 4.19, 3.52, 2.24, 2.22, 1.86, 1.25, 1.5, 1.42, 1.24, 1.26, 0.87, 0.82, 0, 0.64, 1.17, 1.45, 1.16, 1.25, 1.43, 1.28, 1.66, 1.8, 2.27, 2.94, 2.51, 4.07, 6.081, 7.578, 8.48, 7.72, 6.42, 5.94, 5.23, 4.56, 4.01, 3.32, 3.33, 2.94, 2.28, 2.64, 4.12, 4.188, 4.12, 2.82, 2.5, 2.54, 2.56, 2.81, 2.81, 2.68, 2.29, 2.18, 2.7, 3.4, 3.57, 3.52, 2.98, 2.93, 2.67, 3.07, 3.79, 3.96, 3.85, 4.182, 4.232, 4.0, 4.196, 4.846, 4.623, 3.703, 3.319], [12.579, 11.486, 11.625, 13.189, 13.64, 12.505, 10.038, 6.84, 5.11, 4.21, 3.3, 2.84, 2.49, 2.79, 3.54, 4.11, 3.46, 2.16, 2.06, 1.74, 1.37, 1.68, 1.62, 1.38, 1.38, 1.01, 1.06, 0.64, 0, 1.03, 1.47, 1.2, 1.03, 1.23, 1.0, 1.4, 1.5, 2.09, 2.7, 2.23, 3.83, 5.74, 7.309, 8.3, 7.52, 6.18, 5.7, 5.05, 4.18, 3.69, 3.12, 3.01, 2.76, 2.08, 2.48, 3.84, 3.85, 3.86, 2.7, 2.3, 2.34, 2.4, 2.57, 2.55, 2.44, 2.15, 2.02, 2.44, 3.08, 3.25, 3.2, 2.64, 2.61, 2.35, 2.77, 3.57, 3.74, 3.63, 3.899, 4.0, 3.7, 3.99, 4.64, 4.363, 3.52, 3.13], [13.392, 12.328, 12.447, 14.034, 14.501, 13.387, 10.959, 7.71, 5.96, 5.0, 4.07, 3.67, 3.3, 3.64, 4.35, 4.92, 4.29, 3.01, 2.97, 2.45, 1.86, 1.91, 1.89, 1.63, 1.69, 1.32, 1.09, 1.17, 1.03, 0, 0.76, 0.87, 1.48, 1.88, 1.45, 1.51, 1.53, 1.78, 2.23, 2.48, 4.42, 6.399, 8.064, 9.11, 8.35, 6.99, 6.55, 5.86, 4.95, 4.28, 3.49, 3.44, 3.15, 2.27, 2.69, 4.33, 4.378, 4.35, 3.33, 2.67, 2.59, 2.51, 2.56, 2.72, 2.69, 2.36, 2.03, 1.91, 2.63, 2.78, 2.71, 2.25, 2.3, 2.36, 3.12, 4.08, 4.35, 4.354, 4.6, 4.73, 4.39, 4.82, 5.47, 5.213, 4.33, 3.96], [13.861, 12.759, 12.918, 14.462, 14.924, 13.827, 11.38, 8.17, 6.44, 5.38, 4.39, 3.95, 3.56, 4.02, 4.85, 5.44, 4.81, 3.49, 3.43, 2.91, 2.16, 1.91, 1.83, 1.61, 1.79, 1.48, 1.13, 1.45, 1.47, 0.76, 0, 0.63, 1.86, 2.36, 1.87, 1.73, 1.77, 1.58, 2.03, 2.68, 4.918, 6.939, 8.559, 9.596, 8.83, 7.53, 7.05, 6.38, 5.47, 4.88, 4.03, 4.02, 3.59, 2.61, 3.07, 4.89, 4.958, 4.89, 3.742, 2.87, 2.77, 2.63, 2.66, 2.84, 2.85, 2.64, 2.23, 1.91, 2.69, 2.76, 2.63, 2.33, 2.56, 2.84, 3.66, 4.52, 4.844, 4.894, 5.14, 5.27, 4.93, 5.3, 5.95, 5.693, 4.83, 4.46], [13.511, 12.435, 12.577, 14.132, 14.506, 13.397, 11.01, 7.84, 6.01, 4.99, 4.04, 3.6, 3.21, 3.63, 4.48, 5.07, 4.44, 3.1, 3.02, 2.54, 1.81, 1.82, 1.62, 1.48, 1.56, 1.19, 1.08, 1.16, 1.2, 0.87, 0.63, 0, 1.45, 1.97, 1.5, 1.4, 1.5, 1.63, 2.14, 2.43, 4.663, 6.681, 8.215, 9.266, 8.48, 7.22, 6.76, 6.09, 5.24, 4.61, 3.84, 3.81, 3.3, 2.44, 2.84, 4.627, 4.737, 4.595, 3.372, 2.46, 2.4, 2.32, 2.43, 2.57, 2.54, 2.37, 2.02, 2.0, 2.74, 2.83, 2.72, 2.38, 2.51, 2.65, 3.47, 4.23, 4.534, 4.584, 4.83, 4.96, 4.64, 4.99, 5.64, 5.389, 4.5, 4.17], [12.113, 11.04, 11.187, 12.702, 13.173, 12.067, 9.58, 6.41, 4.68, 3.78, 2.97, 2.61, 2.32, 2.6, 3.29, 3.7, 3.05, 1.89, 1.79, 1.45, 1.28, 2.05, 1.85, 1.81, 1.77, 1.28, 1.79, 1.25, 1.03, 1.48, 1.86, 1.45, 0, 0.72, 0.85, 1.39, 1.51, 2.12, 2.87, 2.32, 3.82, 5.545, 7.02, 7.939, 7.21, 5.93, 5.43, 4.8, 4.17, 3.64, 3.19, 2.9, 2.73, 2.23, 2.51, 3.71, 3.838, 3.79, 2.39, 1.99, 2.03, 2.09, 2.36, 2.42, 2.41, 2.12, 2.05, 2.63, 3.17, 3.28, 3.31, 2.87, 2.8, 2.54, 2.82, 3.28, 3.43, 3.32, 3.68, 3.79, 3.59, 3.7, 4.299, 4.039, 3.156, 2.84], [11.633, 10.548, 10.707, 12.222, 12.704, 11.627, 9.137, 5.89, 4.28, 3.34, 2.51, 2.17, 1.9, 2.2, 2.71, 3.22, 2.49, 1.39, 1.47, 1.37, 1.32, 2.23, 2.09, 2.01, 1.83, 1.5, 1.97, 1.43, 1.23, 1.88, 2.36, 1.97, 0.72, 0, 0.91, 1.73, 1.81, 2.5, 3.23, 2.5, 3.6, 5.27, 6.697, 7.49, 6.83, 5.45, 4.99, 4.34, 3.77, 3.3, 3.05, 2.74, 2.73, 2.27, 2.51, 3.43, 3.56, 3.59, 2.25, 2.09, 2.17, 2.23, 2.62, 2.58, 2.39, 2.12, 2.23, 3.05, 3.45, 3.62, 3.79, 3.25, 3.02, 2.78, 2.72, 3.08, 3.17, 2.98, 3.32, 3.49, 3.39, 3.38, 3.804, 3.539, 2.69, 2.36], [12.108, 11.05, 11.191, 12.735, 13.177, 12.097, 9.65, 6.44, 4.91, 4.01, 3.2, 2.8, 2.53, 2.83, 3.3, 3.75, 3.12, 2.04, 1.92, 1.44, 1.11, 1.9, 1.92, 1.66, 1.66, 1.37, 1.78, 1.28, 1.0, 1.45, 1.87, 1.5, 0.85, 0.91, 0, 1.12, 1.22, 1.97, 2.76, 2.05, 3.73, 5.527, 7.087, 7.9, 7.14, 5.78, 5.32, 4.71, 4.08, 3.57, 3.0, 2.87, 2.46, 1.84, 2.22, 3.658, 3.828, 3.718, 2.2, 1.88, 1.68, 1.86, 2.09, 2.21, 2.06, 1.81, 1.9, 2.48, 2.82, 2.99, 3.1, 2.58, 2.41, 2.29, 2.65, 3.13, 3.18, 3.17, 3.59, 3.7, 3.62, 3.67, 4.203, 3.943, 3.1, 2.73], [12.482, 11.418, 11.554, 13.109, 13.52, 12.394, 10.01, 7.02, 5.71, 4.91, 4.12, 3.7, 3.35, 3.73, 4.14, 4.45, 3.72, 2.52, 2.3, 1.88, 1.41, 2.02, 1.96, 1.68, 1.86, 1.75, 1.96, 1.66, 1.4, 1.51, 1.73, 1.4, 1.39, 1.73, 1.12, 0, 0.7, 1.41, 1.98, 1.39, 3.65, 5.658, 7.22, 8.217, 7.4, 6.1, 5.7, 4.97, 4.16, 3.57, 2.82, 2.85, 2.28, 1.5, 1.9, 3.6, 3.77, 3.58, 2.314, 1.64, 1.5, 1.44, 1.61, 1.67, 1.66, 1.37, 1.4, 1.74, 2.04, 2.15, 2.26, 1.84, 1.79, 1.85, 2.47, 3.13, 3.42, 3.43, 3.75, 3.9, 3.74, 3.99, 4.6, 4.34, 3.46, 3.11], [12.579, 11.518, 11.654, 13.221, 13.701, 12.574, 10.15, 7.18, 5.95, 5.07, 4.28, 3.88, 3.55, 3.89, 4.3, 4.55, 3.78, 2.66, 2.52, 1.98, 1.49, 2.0, 2.02, 1.8, 1.96, 1.93, 2.0, 1.8, 1.5, 1.53, 1.77, 1.5, 1.51, 1.81, 1.22, 0.7, 0, 1.15, 1.74, 1.41, 3.83, 5.72, 7.34, 8.32, 7.62, 6.26, 5.8, 5.13, 4.36, 3.79, 2.98, 2.95, 2.44, 1.54, 2.06, 3.8, 3.89, 3.74, 2.432, 1.72, 1.36, 1.28, 1.33, 1.53, 1.58, 1.35, 1.26, 1.46, 1.88, 2.01, 2.08, 1.62, 1.63, 1.91, 2.63, 3.25, 3.6, 3.61, 3.87, 4.08, 3.84, 4.07, 4.68, 4.42, 3.56, 3.21], [13.284, 12.231, 12.367, 13.922, 14.384, 13.267, 10.88, 7.97, 6.68, 5.78, 4.97, 4.55, 4.22, 4.54, 5.03, 5.3, 4.45, 3.35, 3.25, 2.83, 2.04, 2.27, 2.53, 2.29, 2.47, 2.46, 2.25, 2.27, 2.09, 1.78, 1.58, 1.63, 2.12, 2.5, 1.97, 1.41, 1.15, 0, 0.99, 1.94, 4.675, 6.705, 8.145, 9.09, 8.39, 7.07, 6.59, 5.96, 5.19, 4.66, 3.85, 3.8, 3.23, 2.31, 2.77, 4.614, 4.764, 4.605, 3.199, 2.216, 1.979, 1.67, 1.42, 1.96, 2.05, 1.92, 1.67, 0.99, 1.77, 1.82, 1.55, 1.25, 2.02, 2.64, 3.5, 4.24, 4.47, 4.44, 4.88, 4.95, 4.71, 4.88, 5.49, 5.21, 4.31, 4.02], [13.897, 12.822, 12.974, 14.521, 14.812, 13.814, 11.37, 8.6, 7.23, 6.47, 5.66, 5.3, 4.89, 5.19, 5.8, 6.03, 5.14, 3.96, 3.86, 3.36, 2.73, 2.84, 3.04, 2.82, 2.84, 3.01, 2.76, 2.94, 2.7, 2.23, 2.03, 2.14, 2.87, 3.23, 2.76, 1.98, 1.74, 0.99, 0, 2.13, 5.23, 7.2, 8.7, 9.72, 9.06, 7.76, 7.32, 6.65, 5.7, 5.09, 4.22, 4.17, 3.74, 2.56, 3.04, 5.009, 5.142, 4.989, 3.832, 2.703, 2.492, 2.24, 1.85, 2.21, 2.3, 2.15, 1.68, 1.22, 1.68, 1.55, 1.42, 1.26, 2.19, 2.87, 3.89, 4.79, 5.1, 5.11, 5.43, 5.56, 5.24, 5.55, 6.14, 5.84, 4.96, 4.69], [12.021, 10.94, 11.11, 12.66, 13.011, 11.91, 9.62, 7.45, 6.22, 5.48, 4.75, 4.43, 4.08, 4.38, 4.83, 4.98, 4.13, 3.07, 2.75, 2.31, 2.1, 2.61, 2.61, 2.31, 2.21, 2.68, 2.75, 2.51, 2.23, 2.48, 2.68, 2.43, 2.32, 2.5, 2.05, 1.39, 1.41, 1.94, 2.13, 0, 3.16, 5.17, 6.69, 7.73, 7.05, 5.85, 5.39, 4.7, 3.79, 3.18, 2.39, 2.42, 1.97, 1.55, 1.71, 3.01, 3.16, 3.03, 1.85, 1.59, 1.57, 1.51, 1.44, 1.0, 1.23, 1.2, 1.33, 1.85, 1.75, 1.86, 2.39, 1.91, 1.42, 1.58, 2.0, 2.78, 3.07, 3.08, 3.54, 4.07, 3.95, 4.04, 4.49, 4.17, 3.27, 3.0], [9.27, 8.22, 8.31, 9.92, 10.44, 9.35, 7.84, 5.87, 4.86, 4.42, 3.95, 4.07, 3.8, 3.88, 3.81, 3.64, 2.95, 3.23, 2.69, 3.03, 4.02, 4.65, 4.549, 4.59, 4.4, 4.238, 4.67, 4.07, 3.83, 4.42, 4.918, 4.663, 3.82, 3.6, 3.73, 3.65, 3.83, 4.675, 5.23, 3.16, 0, 2.27, 3.97, 5.03, 4.51, 3.33, 3.09, 2.46, 1.87, 1.38, 1.29, 1.4, 1.57, 3.05, 2.43, 1.11, 1.14, 1.21, 1.97, 3.27, 3.69, 3.47, 3.9, 3.2, 3.05, 3.22, 3.99, 4.45, 4.19, 4.32, 4.87, 4.45, 3.52, 3.1, 2.0, 1.86, 1.97, 1.86, 2.68, 3.73, 3.79, 3.84, 3.51, 3.13, 2.71, 2.48], [7.1, 6.05, 6.22, 7.81, 8.29, 7.56, 6.49, 4.8, 4.91, 4.65, 4.54, 4.86, 5.09, 5.15, 4.38, 4.05, 3.92, 4.74, 4.28, 4.7, 5.81, 6.615, 6.502, 6.629, 6.349, 6.091, 6.635, 6.081, 5.74, 6.399, 6.939, 6.681, 5.545, 5.27, 5.527, 5.658, 5.72, 6.705, 7.2, 5.17, 2.27, 0, 1.9, 3.06, 2.78, 1.9, 1.82, 1.75, 1.98, 2.33, 3.314, 3.13, 3.58, 5.16, 4.62, 2.38, 2.37, 2.42, 3.82, 5.2, 5.44, 5.36, 5.85, 5.19, 5.04, 5.19, 6.06, 6.54, 6.377, 6.45, 6.983, 6.56, 5.61, 5.19, 3.99, 3.01, 3.14, 3.21, 3.37, 4.44, 4.38, 4.43, 4.08, 3.56, 3.46, 3.57], [5.351, 4.33, 4.58, 6.27, 6.79, 6.18, 5.25, 4.8, 5.45, 5.45, 5.72, 6.2, 6.33, 6.41, 5.44, 5.01, 4.98, 5.98, 5.66, 6.18, 7.15, 8.14, 8.138, 8.2, 7.929, 7.63, 8.175, 7.578, 7.309, 8.064, 8.559, 8.215, 7.02, 6.697, 7.087, 7.22, 7.34, 8.145, 8.7, 6.69, 3.97, 1.9, 0, 1.4, 1.86, 2.54, 2.7, 2.87, 3.32, 3.95, 5.04, 4.75, 5.22, 6.88, 6.32, 4.1, 4.11, 4.18, 5.34, 6.62, 6.94, 6.82, 7.35, 6.75, 6.58, 6.77, 7.68, 8.16, 8.06, 8.17, 8.694, 8.24, 7.37, 6.95, 5.744, 4.55, 4.54, 4.65, 4.47, 5.28, 5.28, 5.17, 4.82, 4.54, 4.68, 5.03], [4.317, 3.29, 3.64, 5.33, 5.93, 5.08, 4.25, 4.4, 5.45, 5.73, 6.22, 6.76, 6.97, 6.89, 5.86, 5.19, 5.58, 6.84, 6.6, 7.08, 7.97, 9.08, 9.174, 9.18, 8.94, 8.73, 9.18, 8.48, 8.3, 9.11, 9.596, 9.266, 7.939, 7.49, 7.9, 8.217, 8.32, 9.09, 9.72, 7.73, 5.03, 3.06, 1.4, 0, 1.56, 2.62, 3.08, 3.49, 4.3, 5.03, 6.12, 5.89, 6.3, 7.94, 7.4, 5.26, 5.21, 5.28, 6.16, 7.44, 7.64, 7.8, 8.31, 7.81, 7.6, 7.81, 8.7, 9.2, 9.12, 9.21, 9.72, 9.26, 8.41, 7.99, 6.79, 5.39, 5.3, 5.27, 5.05, 5.5, 5.56, 5.29, 4.84, 4.92, 5.24, 5.53], [5.134, 4.041, 4.197, 5.804, 6.303, 5.32, 4.05, 3.24, 4.05, 4.69, 5.4, 5.78, 6.27, 5.85, 5.0, 4.19, 4.82, 6.1, 5.88, 6.34, 7.19, 8.28, 8.457, 8.5, 8.22, 8.01, 8.46, 7.72, 7.52, 8.35, 8.83, 8.48, 7.21, 6.83, 7.14, 7.4, 7.62, 8.39, 9.06, 7.05, 4.51, 2.78, 1.86, 1.56, 0, 1.66, 2.1, 2.73, 3.6, 4.29, 5.36, 5.17, 5.66, 7.28, 6.76, 4.7, 4.63, 4.7, 5.52, 6.84, 7.02, 7.22, 7.73, 7.23, 7.04, 7.17, 8.0, 8.54, 8.34, 8.41, 8.96, 8.5, 7.69, 7.25, 6.03, 4.75, 4.36, 4.39, 4.13, 4.16, 4.24, 3.97, 3.52, 3.8, 4.36, 4.77], [6.459, 5.418, 5.514, 7.118, 7.591, 6.56, 4.89, 3.22, 3.37, 3.45, 4.02, 4.4, 4.87, 4.57, 3.48, 2.79, 3.32, 4.72, 4.58, 5.08, 5.97, 6.9, 6.994, 7.0, 6.82, 6.63, 7.14, 6.42, 6.18, 6.99, 7.53, 7.22, 5.93, 5.45, 5.78, 6.1, 6.26, 7.07, 7.76, 5.85, 3.33, 1.9, 2.54, 2.62, 1.66, 0, 0.84, 1.43, 2.12, 2.91, 3.98, 3.85, 4.3, 5.92, 5.42, 3.38, 3.41, 3.42, 4.26, 5.54, 5.74, 6.0, 6.49, 6.01, 5.8, 5.93, 6.78, 7.34, 7.08, 7.21, 7.7, 7.24, 6.35, 5.91, 4.69, 3.41, 3.18, 3.13, 2.95, 3.6, 3.56, 3.29, 2.78, 2.54, 2.96, 3.27], [6.939, 5.898, 5.982, 7.583, 8.071, 7.028, 5.07, 3.34, 3.23, 3.19, 3.6, 4.04, 4.43, 4.15, 3.24, 2.69, 2.96, 4.34, 4.06, 4.6, 5.53, 6.46, 6.474, 6.56, 6.34, 6.13, 6.64, 5.94, 5.7, 6.55, 7.05, 6.76, 5.43, 4.99, 5.32, 5.7, 5.8, 6.59, 7.32, 5.39, 3.09, 1.82, 2.7, 3.08, 2.1, 0.84, 0, 0.95, 1.8, 2.45, 3.54, 3.41, 3.86, 5.48, 4.96, 2.96, 2.99, 2.96, 3.84, 5.24, 5.36, 5.52, 5.99, 5.53, 5.32, 5.47, 6.34, 6.88, 6.66, 6.81, 7.32, 6.84, 5.89, 5.45, 4.27, 2.97, 2.7, 2.71, 2.67, 3.26, 3.24, 3.01, 2.56, 2.16, 2.56, 2.97], [7.686, 6.627, 6.729, 8.33, 8.838, 7.79, 5.62, 3.65, 3.24, 3.08, 3.11, 3.57, 3.9, 3.86, 2.93, 2.56, 2.53, 3.67, 3.41, 3.89, 4.88, 5.71, 5.804, 5.87, 5.69, 5.46, 5.944, 5.23, 5.05, 5.86, 6.38, 6.09, 4.8, 4.34, 4.71, 4.97, 5.13, 5.96, 6.65, 4.7, 2.46, 1.75, 2.87, 3.49, 2.73, 1.43, 0.95, 0, 1.19, 1.86, 2.85, 2.82, 3.15, 4.75, 4.23, 2.27, 2.42, 2.25, 3.15, 4.51, 4.77, 4.81, 5.32, 4.86, 4.67, 4.8, 5.63, 6.17, 5.93, 6.02, 6.57, 6.09, 5.14, 4.76, 3.56, 2.28, 2.27, 2.24, 2.36, 3.11, 3.09, 2.88, 2.55, 2.15, 2.15, 2.38], [8.556, 7.497, 7.599, 9.2, 9.688, 8.585, 6.29, 4.26, 3.47, 3.15, 3.0, 3.34, 3.47, 3.65, 2.7, 2.51, 2.32, 3.14, 2.78, 3.4, 4.43, 5.04, 5.021, 4.96, 4.78, 4.59, 5.12, 4.56, 4.18, 4.95, 5.47, 5.24, 4.17, 3.77, 4.08, 4.16, 4.36, 5.19, 5.7, 3.79, 1.87, 1.98, 3.32, 4.3, 3.6, 2.12, 1.8, 1.19, 0, 0.97, 1.94, 1.89, 2.3, 3.86, 3.36, 1.66, 2.05, 2.0, 2.7, 4.02, 4.36, 4.24, 4.65, 3.97, 3.78, 3.87, 4.7, 5.26, 5.02, 5.19, 5.7, 5.26, 4.37, 3.93, 2.75, 2.03, 2.12, 2.19, 2.23, 3.06, 2.96, 2.93, 2.58, 2.14, 2.0, 2.15], [9.298, 8.242, 8.338, 9.942, 10.448, 9.272, 7.0, 4.95, 3.96, 3.34, 3.01, 3.13, 3.22, 3.32, 2.91, 2.86, 2.33, 2.85, 2.37, 2.89, 3.92, 4.51, 4.451, 4.49, 4.23, 4.04, 4.57, 4.01, 3.69, 4.28, 4.88, 4.61, 3.64, 3.3, 3.57, 3.57, 3.79, 4.66, 5.09, 3.18, 1.38, 2.33, 3.95, 5.03, 4.29, 2.91, 2.45, 1.86, 0.97, 0, 1.23, 1.26, 1.73, 3.09, 2.61, 1.17, 1.5, 1.47, 2.25, 3.57, 3.91, 3.79, 4.14, 3.44, 3.27, 3.2, 4.01, 4.49, 4.35, 4.52, 5.03, 4.65, 3.72, 3.24, 2.12, 1.6, 1.81, 1.78, 2.3, 3.09, 3.05, 3.1, 2.79, 2.29, 1.95, 1.82], [10.388, 9.332, 9.428, 11.032, 11.538, 10.382, 8.03, 5.86, 4.79, 4.07, 3.48, 3.52, 3.25, 3.37, 3.46, 3.47, 2.86, 2.78, 2.22, 2.28, 3.29, 3.86, 3.633, 3.64, 3.42, 3.45, 3.86, 3.32, 3.12, 3.49, 4.03, 3.84, 3.19, 3.05, 3.0, 2.82, 2.98, 3.85, 4.22, 2.39, 1.29, 3.314, 5.04, 6.12, 5.36, 3.98, 3.54, 2.85, 1.94, 1.23, 0, 0.89, 1.06, 2.06, 1.62, 1.54, 1.61, 1.52, 1.9, 2.9, 3.3, 3.08, 3.37, 2.63, 2.44, 2.35, 3.12, 3.48, 3.22, 3.41, 3.92, 3.6, 2.63, 2.25, 1.37, 1.55, 1.7, 1.67, 2.41, 3.28, 3.24, 3.35, 3.08, 2.74, 2.2, 2.01], [10.098, 9.042, 9.161, 10.742, 11.248, 10.13, 7.84, 5.65, 4.58, 3.92, 3.35, 3.39, 3.06, 3.2, 3.23, 3.26, 2.43, 2.43, 1.85, 2.15, 3.06, 3.81, 3.717, 3.71, 3.39, 3.28, 3.87, 3.33, 3.01, 3.44, 4.02, 3.81, 2.9, 2.74, 2.87, 2.85, 2.95, 3.8, 4.17, 2.42, 1.4, 3.13, 4.75, 5.89, 5.17, 3.85, 3.41, 2.82, 1.89, 1.26, 0.89, 0, 1.21, 2.25, 1.85, 1.25, 1.34, 1.49, 1.77, 2.85, 3.21, 2.99, 3.32, 2.66, 2.45, 2.34, 3.11, 3.61, 3.49, 3.7, 4.17, 3.81, 2.98, 2.5, 1.52, 1.72, 1.81, 1.84, 2.54, 3.39, 3.25, 3.3, 2.99, 2.61, 2.13, 1.92], [10.548, 9.53, 9.62, 11.23, 11.738, 10.58, 8.27, 5.8, 4.69, 3.97, 3.48, 3.44, 3.13, 3.33, 3.34, 3.29, 2.64, 2.44, 1.88, 1.94, 2.79, 3.28, 3.08, 3.14, 2.94, 2.97, 3.5, 2.94, 2.76, 3.15, 3.59, 3.3, 2.73, 2.73, 2.46, 2.28, 2.44, 3.23, 3.74, 1.97, 1.57, 3.58, 5.22, 6.3, 5.66, 4.3, 3.86, 3.15, 2.3, 1.73, 1.06, 1.21, 0, 1.7, 1.22, 1.68, 1.93, 1.64, 1.5, 2.42, 2.72, 2.48, 2.79, 2.11, 1.86, 1.77, 2.58, 3.2, 3.14, 3.33, 3.8, 3.34, 2.59, 2.39, 1.69, 1.79, 1.98, 2.01, 2.61, 3.4, 3.32, 3.35, 3.2, 2.9, 2.34, 1.97], [12.211, 11.195, 11.3, 12.895, 13.381, 12.26, 9.93, 6.88, 5.63, 4.71, 4.02, 3.68, 3.37, 3.67, 4.0, 4.17, 3.42, 2.58, 2.2, 1.68, 2.07, 2.28, 2.14, 2.06, 1.86, 2.39, 2.74, 2.28, 2.08, 2.27, 2.61, 2.44, 2.23, 2.27, 1.84, 1.5, 1.54, 2.31, 2.56, 1.55, 3.05, 5.16, 6.88, 7.94, 7.28, 5.92, 5.48, 4.75, 3.86, 3.09, 2.06, 2.25, 1.7, 0, 0.74, 2.9, 2.95, 2.8, 2.32, 2.16, 2.34, 2.14, 2.25, 1.65, 1.72, 1.17, 1.42, 2.04, 2.14, 2.31, 2.6, 2.18, 1.71, 1.93, 1.93, 2.67, 3.04, 3.09, 3.41, 3.96, 3.92, 4.05, 4.34, 4.1, 3.32, 3.03], [11.648, 10.63, 10.72, 12.33, 12.838, 11.72, 9.43, 6.6, 5.45, 4.57, 4.0, 3.72, 3.41, 3.73, 3.9, 3.99, 3.22, 2.5, 2.08, 1.76, 2.49, 2.86, 2.56, 2.58, 2.34, 2.69, 3.16, 2.64, 2.48, 2.69, 3.07, 2.84, 2.51, 2.51, 2.22, 1.9, 2.06, 2.77, 3.04, 1.71, 2.43, 4.62, 6.32, 7.4, 6.76, 5.42, 4.96, 4.23, 3.36, 2.61, 1.62, 1.85, 1.22, 0.74, 0, 2.38, 2.43, 2.28, 1.82, 2.2, 2.46, 2.26, 2.43, 1.71, 1.68, 1.33, 1.88, 2.38, 2.36, 2.53, 2.94, 2.56, 1.83, 1.99, 1.63, 2.33, 2.66, 2.63, 2.99, 3.7, 3.72, 3.85, 3.96, 3.7, 3.02, 2.67], [9.36, 8.35, 8.44, 10.05, 10.55, 9.58, 7.65, 5.7, 4.69, 4.27, 3.84, 3.82, 3.73, 3.97, 3.7, 3.45, 2.84, 3.02, 2.48, 3.0, 3.97, 4.6, 4.473, 4.5, 4.224, 4.13, 4.66, 4.12, 3.84, 4.33, 4.89, 4.627, 3.71, 3.43, 3.658, 3.6, 3.8, 4.614, 5.009, 3.01, 1.11, 2.38, 4.1, 5.26, 4.7, 3.38, 2.96, 2.27, 1.66, 1.17, 1.54, 1.25, 1.68, 2.9, 2.38, 0, 0.85, 0.94, 1.96, 3.22, 3.58, 3.42, 3.79, 3.11, 3.0, 2.97, 3.88, 4.36, 4.16, 4.236, 4.749, 4.4, 3.41, 3.01, 1.95, 1.95, 2.0, 1.89, 2.39, 3.48, 3.52, 3.55, 3.36, 3.0, 2.54, 2.21], [9.39, 8.36, 8.45, 10.06, 10.56, 9.55, 7.84, 5.99, 5.06, 4.78, 4.31, 4.33, 4.0, 4.26, 4.07, 3.8, 3.13, 3.15, 2.75, 3.07, 4.12, 4.77, 4.65, 4.67, 4.377, 4.298, 4.748, 4.188, 3.85, 4.378, 4.958, 4.737, 3.838, 3.56, 3.828, 3.77, 3.89, 4.764, 5.142, 3.16, 1.14, 2.37, 4.11, 5.21, 4.63, 3.41, 2.99, 2.42, 2.05, 1.5, 1.61, 1.34, 1.93, 2.95, 2.43, 0.85, 0, 0.79, 2.07, 3.39, 3.79, 3.59, 3.96, 3.28, 3.17, 3.14, 3.99, 4.33, 4.13, 4.24, 4.77, 4.43, 3.38, 2.926, 2.0, 2.32, 2.45, 2.18, 2.82, 3.95, 3.97, 4.08, 3.85, 3.49, 3.05, 2.7], [9.46, 8.45, 8.54, 10.15, 10.65, 9.62, 7.61, 5.76, 4.91, 4.61, 4.16, 4.2, 3.89, 4.13, 3.92, 3.65, 2.98, 3.2, 2.74, 3.1, 4.07, 4.6, 4.395, 4.5, 4.195, 4.19, 4.62, 4.12, 3.86, 4.35, 4.89, 4.595, 3.79, 3.59, 3.718, 3.58, 3.74, 4.605, 4.989, 3.03, 1.21, 2.42, 4.18, 5.28, 4.7, 3.42, 2.96, 2.25, 2.0, 1.47, 1.52, 1.49, 1.64, 2.8, 2.28, 0.94, 0.79, 0, 2.04, 3.2, 3.62, 3.4, 3.77, 2.99, 2.86, 2.95, 3.8, 4.26, 4.06, 4.17, 4.7, 4.26, 3.33, 3.07, 2.09, 2.09, 2.24, 2.11, 2.73, 3.8, 3.86, 3.97, 3.7, 3.34, 2.86, 2.61], [10.24, 9.17, 9.32, 10.85, 11.35, 10.24, 8.17, 6.0, 4.85, 4.15, 3.66, 3.52, 3.25, 3.43, 3.54, 3.59, 2.78, 2.06, 1.98, 1.9, 2.47, 3.26, 3.46, 3.292, 3.06, 2.99, 3.54, 2.82, 2.7, 3.33, 3.742, 3.372, 2.39, 2.25, 2.2, 2.314, 2.432, 3.199, 3.832, 1.85, 1.97, 3.82, 5.34, 6.16, 5.52, 4.26, 3.84, 3.15, 2.7, 2.25, 1.9, 1.77, 1.5, 2.32, 1.82, 1.96, 2.07, 2.04, 0, 1.5, 1.8, 1.82, 2.35, 1.81, 1.68, 1.83, 2.78, 3.34, 3.22, 3.35, 3.877, 3.417, 2.65, 2.37, 1.87, 1.93, 2.0, 1.89, 2.69, 3.64, 3.6, 3.45, 3.32, 2.98, 2.4, 1.95], [11.28, 10.21, 10.38, 11.91, 12.29, 11.28, 9.11, 6.78, 5.51, 4.69, 3.96, 3.6, 3.39, 3.57, 4.02, 4.25, 3.48, 2.36, 2.5, 2.12, 2.05, 2.74, 2.94, 2.7, 2.4, 2.63, 2.96, 2.5, 2.3, 2.67, 2.87, 2.46, 1.99, 2.09, 1.88, 1.64, 1.72, 2.216, 2.703, 1.59, 3.27, 5.2, 6.62, 7.44, 6.84, 5.54, 5.24, 4.51, 4.02, 3.57, 2.9, 2.85, 2.42, 2.16, 2.2, 3.22, 3.39, 3.2, 1.5, 0, 1.02, 1.26, 1.53, 1.35, 1.26, 1.55, 1.9, 2.36, 2.62, 2.71, 3.02, 2.46, 2.13, 2.33, 2.67, 2.93, 3.0, 2.89, 3.49, 4.12, 3.94, 3.89, 4.08, 3.78, 3.04, 2.63], [11.44, 10.35, 10.54, 12.07, 12.47, 11.52, 9.33, 6.88, 5.65, 4.87, 4.2, 3.84, 3.63, 3.79, 4.24, 4.39, 3.6, 2.78, 2.76, 2.2, 1.93, 2.82, 3.02, 2.7, 2.7, 2.67, 2.94, 2.54, 2.34, 2.59, 2.77, 2.4, 2.03, 2.17, 1.68, 1.5, 1.36, 1.979, 2.492, 1.57, 3.69, 5.44, 6.94, 7.64, 7.02, 5.74, 5.36, 4.77, 4.36, 3.91, 3.3, 3.21, 2.72, 2.34, 2.46, 3.58, 3.79, 3.62, 1.8, 1.02, 0, 0.9, 1.31, 1.43, 1.5, 1.67, 2.06, 2.18, 2.4, 2.47, 2.771, 2.32, 2.03, 2.33, 2.89, 3.07, 3.18, 3.05, 3.63, 3.86, 3.92, 3.81, 4.14, 3.88, 3.08, 2.81], [11.8, 10.71, 10.9, 12.43, 12.87, 11.92, 9.71, 7.24, 6.03, 5.21, 4.5, 4.16, 3.89, 4.13, 4.56, 4.71, 3.86, 2.8, 2.66, 2.28, 2.07, 2.68, 3.02, 2.76, 2.78, 2.69, 2.88, 2.56, 2.4, 2.51, 2.63, 2.32, 2.09, 2.23, 1.86, 1.44, 1.28, 1.67, 2.24, 1.51, 3.47, 5.36, 6.82, 7.8, 7.22, 6.0, 5.52, 4.81, 4.24, 3.79, 3.08, 2.99, 2.48, 2.14, 2.26, 3.42, 3.59, 3.4, 1.82, 1.26, 0.9, 0, 0.83, 1.23, 1.42, 1.47, 1.76, 1.9, 1.94, 1.95, 2.34, 1.94, 1.79, 2.21, 2.67, 3.01, 3.22, 3.21, 3.67, 4.02, 4.12, 4.13, 4.36, 4.08, 3.3, 3.11], [12.37, 11.32, 11.47, 13.0, 13.5, 12.43, 10.24, 7.75, 6.58, 5.7, 4.95, 4.59, 4.28, 4.58, 5.01, 5.2, 4.37, 3.29, 3.13, 2.71, 2.2, 2.59, 2.99, 2.77, 2.75, 2.96, 2.91, 2.81, 2.57, 2.56, 2.66, 2.43, 2.36, 2.62, 2.09, 1.61, 1.33, 1.42, 1.85, 1.44, 3.9, 5.85, 7.35, 8.31, 7.73, 6.49, 5.99, 5.32, 4.65, 4.14, 3.37, 3.32, 2.79, 2.25, 2.43, 3.79, 3.96, 3.77, 2.35, 1.53, 1.31, 0.83, 0, 1.14, 1.35, 1.62, 1.61, 1.65, 1.67, 1.6, 1.97, 1.47, 1.7, 2.38, 3.0, 3.48, 3.69, 3.7, 4.16, 4.39, 4.39, 4.46, 4.85, 4.55, 3.73, 3.52], [11.93, 10.88, 11.07, 12.58, 12.98, 11.91, 9.76, 7.35, 6.12, 5.36, 4.61, 4.37, 3.94, 4.3, 4.71, 4.86, 4.01, 2.91, 2.61, 2.29, 2.28, 2.79, 2.89, 2.61, 2.39, 2.94, 2.97, 2.81, 2.55, 2.72, 2.84, 2.57, 2.42, 2.58, 2.21, 1.67, 1.53, 1.96, 2.21, 1.0, 3.2, 5.19, 6.75, 7.81, 7.23, 6.01, 5.53, 4.86, 3.97, 3.44, 2.63, 2.66, 2.11, 1.65, 1.71, 3.11, 3.28, 2.99, 1.81, 1.35, 1.43, 1.23, 1.14, 0, 0.73, 0.9, 1.43, 1.93, 1.73, 1.86, 2.43, 1.95, 1.7, 2.22, 2.54, 3.0, 3.23, 3.28, 3.66, 4.29, 4.23, 4.16, 4.49, 4.17, 3.45, 3.12], [11.7, 10.63, 10.82, 12.35, 12.73, 11.68, 9.47, 7.04, 5.79, 4.97, 4.22, 4.12, 3.67, 3.95, 4.28, 4.49, 3.62, 2.48, 2.4, 2.18, 2.21, 2.82, 2.84, 2.52, 2.18, 2.83, 2.9, 2.68, 2.44, 2.69, 2.85, 2.54, 2.41, 2.39, 2.06, 1.66, 1.58, 2.05, 2.3, 1.23, 3.05, 5.04, 6.58, 7.6, 7.04, 5.8, 5.32, 4.67, 3.78, 3.27, 2.44, 2.45, 1.86, 1.72, 1.68, 3.0, 3.17, 2.86, 1.68, 1.26, 1.5, 1.42, 1.35, 0.73, 0, 0.95, 1.6, 2.08, 2.1, 2.25, 2.66, 2.12, 1.85, 2.41, 2.65, 2.97, 3.12, 3.19, 3.71, 4.26, 4.1, 4.23, 4.24, 3.88, 3.26, 2.93], [11.99, 10.94, 11.09, 12.64, 13.04, 11.93, 9.66, 6.97, 5.68, 4.84, 4.07, 3.83, 3.4, 3.76, 4.13, 4.36, 3.49, 2.37, 2.13, 1.85, 1.88, 2.51, 2.45, 2.13, 1.93, 2.48, 2.73, 2.29, 2.15, 2.36, 2.64, 2.37, 2.12, 2.12, 1.81, 1.37, 1.35, 1.92, 2.15, 1.2, 3.22, 5.19, 6.77, 7.81, 7.17, 5.93, 5.47, 4.8, 3.87, 3.2, 2.35, 2.34, 1.77, 1.17, 1.33, 2.97, 3.14, 2.95, 1.83, 1.55, 1.67, 1.47, 1.62, 0.9, 0.95, 0, 1.13, 1.83, 2.07, 2.18, 2.53, 2.05, 1.78, 2.12, 2.36, 2.98, 3.19, 3.26, 3.66, 4.17, 4.01, 4.02, 4.29, 3.99, 3.23, 2.86], [13.0, 11.89, 12.06, 13.61, 14.05, 12.94, 10.51, 7.6, 6.31, 5.43, 4.6, 4.22, 3.81, 4.11, 4.7, 4.97, 4.14, 2.94, 2.8, 2.22, 1.89, 2.3, 2.26, 2.06, 1.88, 2.35, 2.46, 2.18, 2.02, 2.03, 2.23, 2.02, 2.05, 2.23, 1.9, 1.4, 1.26, 1.67, 1.68, 1.33, 3.99, 6.06, 7.68, 8.7, 8.0, 6.78, 6.34, 5.63, 4.7, 4.01, 3.12, 3.11, 2.58, 1.42, 1.88, 3.88, 3.99, 3.8, 2.78, 1.9, 2.06, 1.76, 1.61, 1.43, 1.6, 1.13, 0, 1.58, 1.78, 1.93, 2.14, 1.48, 1.81, 2.33, 2.89, 3.67, 4.02, 4.07, 4.35, 4.66, 4.4, 4.61, 5.14, 4.86, 4.04, 3.67], [13.511, 12.418, 12.6, 14.118, 14.578, 13.5, 11.13, 8.48, 7.19, 6.31, 5.5, 5.14, 4.75, 5.07, 5.58, 5.85, 4.96, 3.8, 3.68, 3.02, 2.45, 2.82, 2.9, 2.64, 2.78, 2.85, 2.58, 2.7, 2.44, 1.91, 1.91, 2.0, 2.63, 3.05, 2.48, 1.74, 1.46, 0.99, 1.22, 1.85, 4.45, 6.54, 8.16, 9.2, 8.54, 7.34, 6.88, 6.17, 5.26, 4.49, 3.48, 3.61, 3.2, 2.04, 2.38, 4.36, 4.33, 4.26, 3.34, 2.36, 2.18, 1.9, 1.65, 1.93, 2.08, 1.83, 1.58, 0, 1.34, 1.33, 1.12, 0.98, 1.47, 2.13, 3.13, 4.13, 4.5, 4.55, 4.77, 4.96, 4.72, 5.11, 5.72, 5.48, 4.6, 4.33], [13.408, 12.315, 12.471, 14.018, 14.498, 13.38, 11.05, 8.62, 7.45, 6.59, 5.86, 5.5, 5.19, 5.53, 5.9, 6.07, 5.24, 4.18, 3.92, 3.36, 3.03, 3.48, 3.54, 3.24, 3.16, 3.53, 3.36, 3.4, 3.08, 2.63, 2.69, 2.74, 3.17, 3.45, 2.82, 2.04, 1.88, 1.77, 1.68, 1.75, 4.19, 6.377, 8.06, 9.12, 8.34, 7.08, 6.66, 5.93, 5.02, 4.35, 3.22, 3.49, 3.14, 2.14, 2.36, 4.16, 4.13, 4.06, 3.22, 2.62, 2.4, 1.94, 1.67, 1.73, 2.1, 2.07, 1.78, 1.34, 0, 0.69, 1.26, 1.16, 1.09, 1.81, 2.67, 3.89, 4.24, 4.29, 4.51, 4.98, 4.9, 5.17, 5.6, 5.34, 4.58, 4.25], [13.501, 12.408, 12.544, 14.111, 14.551, 13.49, 11.2, 8.81, 7.58, 6.76, 6.01, 5.63, 5.32, 5.66, 6.05, 6.26, 5.43, 4.33, 4.07, 3.51, 3.14, 3.47, 3.69, 3.39, 3.35, 3.7, 3.57, 3.57, 3.25, 2.78, 2.76, 2.83, 3.28, 3.62, 2.99, 2.15, 2.01, 1.82, 1.55, 1.86, 4.32, 6.45, 8.17, 9.21, 8.41, 7.21, 6.81, 6.02, 5.19, 4.52, 3.41, 3.7, 3.33, 2.31, 2.53, 4.236, 4.24, 4.17, 3.35, 2.71, 2.47, 1.95, 1.6, 1.86, 2.25, 2.18, 1.93, 1.33, 0.69, 0, 0.87, 1.05, 1.2, 2.02, 2.74, 3.98, 4.35, 4.38, 4.6, 5.13, 5.09, 5.34, 5.83, 5.55, 4.73, 4.42], [14.014, 12.921, 13.057, 14.624, 15.083, 14.04, 11.71, 9.14, 7.91, 7.03, 6.26, 5.86, 5.51, 5.87, 6.32, 6.55, 5.7, 4.6, 4.4, 3.76, 3.21, 3.4, 3.62, 3.34, 3.44, 3.61, 3.46, 3.52, 3.2, 2.71, 2.63, 2.72, 3.31, 3.79, 3.1, 2.26, 2.08, 1.55, 1.42, 2.39, 4.87, 6.983, 8.694, 9.72, 8.96, 7.7, 7.32, 6.57, 5.7, 5.03, 3.92, 4.17, 3.8, 2.6, 2.94, 4.749, 4.77, 4.7, 3.877, 3.02, 2.771, 2.34, 1.97, 2.43, 2.66, 2.53, 2.14, 1.12, 1.26, 0.87, 0, 0.92, 1.67, 2.39, 3.33, 4.49, 4.88, 4.91, 5.13, 5.5, 5.28, 5.61, 6.26, 6.02, 5.22, 4.89], [13.554, 12.461, 12.617, 14.164, 14.623, 13.58, 11.29, 8.7, 7.43, 6.53, 5.72, 5.28, 4.91, 5.27, 5.78, 6.07, 5.2, 4.06, 3.92, 3.28, 2.67, 2.88, 3.1, 2.84, 2.84, 3.11, 2.98, 2.98, 2.64, 2.25, 2.33, 2.38, 2.87, 3.25, 2.58, 1.84, 1.62, 1.25, 1.26, 1.91, 4.45, 6.56, 8.24, 9.26, 8.5, 7.24, 6.84, 6.09, 5.26, 4.65, 3.6, 3.81, 3.34, 2.18, 2.56, 4.4, 4.43, 4.26, 3.417, 2.46, 2.32, 1.94, 1.47, 1.95, 2.12, 2.05, 1.48, 0.98, 1.16, 1.05, 0.92, 0, 1.45, 2.33, 3.15, 4.05, 4.44, 4.49, 4.71, 5.06, 4.78, 5.15, 5.8, 5.58, 4.76, 4.45], [12.684, 11.628, 11.744, 13.328, 13.833, 12.77, 10.5, 8.23, 7.06, 6.22, 5.45, 5.07, 4.74, 5.08, 5.49, 5.64, 4.83, 3.81, 3.57, 2.97, 2.72, 3.21, 3.01, 2.79, 2.75, 3.02, 2.97, 2.93, 2.61, 2.3, 2.56, 2.51, 2.8, 3.02, 2.41, 1.79, 1.63, 2.02, 2.19, 1.42, 3.52, 5.61, 7.37, 8.41, 7.69, 6.35, 5.89, 5.14, 4.37, 3.72, 2.63, 2.98, 2.59, 1.71, 1.83, 3.41, 3.38, 3.33, 2.65, 2.13, 2.03, 1.79, 1.7, 1.7, 1.85, 1.78, 1.81, 1.47, 1.09, 1.2, 1.67, 1.45, 0, 1.12, 1.9, 3.08, 3.49, 3.54, 3.82, 4.49, 4.37, 4.68, 5.09, 4.83, 4.03, 3.68], [12.264, 11.208, 11.324, 12.908, 13.413, 12.278, 10.02, 7.91, 6.78, 5.94, 5.21, 4.85, 4.54, 4.88, 5.25, 5.36, 4.55, 3.57, 3.31, 2.77, 2.74, 3.35, 3.03, 2.79, 2.93, 2.68, 2.91, 2.67, 2.35, 2.36, 2.84, 2.65, 2.54, 2.78, 2.29, 1.85, 1.91, 2.64, 2.87, 1.58, 3.1, 5.19, 6.95, 7.99, 7.25, 5.91, 5.45, 4.76, 3.93, 3.24, 2.25, 2.5, 2.39, 1.93, 1.99, 3.01, 2.926, 3.07, 2.37, 2.33, 2.33, 2.21, 2.38, 2.22, 2.41, 2.12, 2.33, 2.13, 1.81, 2.02, 2.39, 2.33, 1.12, 0, 1.3, 2.84, 3.15, 3.16, 3.66, 4.23, 4.09, 4.36, 4.81, 4.49, 3.71, 3.4], [11.064, 10.008, 10.104, 11.708, 12.213, 11.078, 8.92, 6.75, 5.64, 4.84, 4.17, 3.79, 3.56, 3.86, 4.15, 4.26, 3.49, 2.97, 2.37, 2.31, 2.96, 3.59, 3.41, 3.39, 3.29, 3.06, 3.59, 3.07, 2.77, 3.12, 3.66, 3.47, 2.82, 2.72, 2.65, 2.47, 2.63, 3.5, 3.89, 2.0, 2.0, 3.99, 5.744, 6.79, 6.03, 4.69, 4.27, 3.56, 2.75, 2.12, 1.37, 1.52, 1.69, 1.93, 1.63, 1.95, 2.0, 2.09, 1.87, 2.67, 2.89, 2.67, 3.0, 2.54, 2.65, 2.36, 2.89, 3.13, 2.67, 2.74, 3.33, 3.15, 1.9, 1.3, 0, 1.64, 2.05, 2.02, 2.48, 3.31, 3.25, 3.42, 3.69, 3.37, 2.57, 2.34], [9.641, 8.625, 8.73, 10.325, 10.811, 9.73, 7.58, 5.43, 4.32, 3.54, 3.01, 3.07, 3.2, 3.04, 3.11, 3.24, 2.65, 3.17, 2.47, 2.43, 3.24, 4.11, 4.039, 4.17, 4.09, 3.74, 4.39, 3.79, 3.57, 4.08, 4.52, 4.23, 3.28, 3.08, 3.13, 3.13, 3.25, 4.24, 4.79, 2.78, 1.86, 3.01, 4.55, 5.39, 4.75, 3.41, 2.97, 2.28, 2.03, 1.6, 1.55, 1.72, 1.79, 2.67, 2.33, 1.95, 2.32, 2.09, 1.93, 2.93, 3.07, 3.01, 3.48, 3.0, 2.97, 2.98, 3.67, 4.13, 3.89, 3.98, 4.49, 4.05, 3.08, 2.84, 1.64, 0, 0.77, 1.08, 1.68, 2.63,