[[0, 1.28, 1.58, 1.17, 1.01, 2.58, 4.43, 4.06, 5.37, 7.09, 7.95, 8.02, 8.94, 9.44, 9.44, 9.75, 10.3, 9.71, 9.04, 8.87, 9.29, 8.71, 8.06, 8.13, 8.69, 9.07, 9.08, 8.93, 9.35, 11.151, 12.52, 13.116, 14.493, 15.773, 15.706, 15.426, 15.34, 14.737, 13.78, 12.75, 12.79, 13.39, 13.31, 12.43, 11.81, 11.457, 11.671, 11.927, 11.917, 11.25, 11.18, 11.32, 11.467, 10.842, 10.104, 9.697, 8.514, 8.126, 8.783, 9.087, 9.553, 9.82, 8.88, 8.14, 9.2, 8.42, 6.081, 6.033, 7.263, 8.174, 8.754, 8.037, 7.407, 7.59, 7.691, 8.451, 9.81, 11.17, 12.221, 12.89, 12.837, 12.723, 12.303, 11.721, 12.239, 12.973], [1.28, 0, 0.92, 0.87, 1.73, 3.74, 5.61, 5.26, 6.47, 8.19, 9.05, 9.12, 10.04, 10.54, 10.54, 10.85, 11.4, 10.83, 10.14, 9.97, 10.43, 9.83, 9.16, 9.27, 9.85, 10.25, 10.24, 10.11, 10.45, 12.26, 13.66, 14.262, 15.633, 16.913, 16.846, 16.572, 16.463, 15.84, 14.88, 13.85, 13.89, 14.49, 14.43, 13.55, 12.95, 12.58, 12.78, 13.03, 13.02, 12.39, 12.32, 12.52, 12.59, 12.022, 11.264, 10.917, 9.717, 9.248, 9.886, 10.196, 10.699, 10.96, 10.04, 9.24, 10.3, 9.52, 7.184, 7.136, 8.366, 9.28, 9.857, 9.14, 8.53, 8.71, 8.794, 9.554, 10.91, 12.27, 13.324, 14.03, 13.96, 13.863, 13.443, 12.87, 13.402, 14.119], [1.58, 0.92, 0, 0.77, 1.99, 4.04, 5.95, 5.58, 6.93, 8.63, 9.49, 9.56, 10.48, 10.98, 10.98, 11.29, 11.84, 11.25, 10.58, 10.41, 10.81, 10.25, 9.6, 9.63, 10.17, 10.55, 10.56, 10.43, 10.89, 12.691, 14.034, 14.593, 16.004, 17.284, 17.217, 16.937, 16.877, 16.271, 15.32, 14.29, 14.33, 14.93, 14.85, 13.97, 13.33, 12.994, 13.211, 13.455, 13.445, 12.764, 12.657, 12.814, 12.998, 12.347, 11.573, 11.106, 9.943, 9.657, 10.317, 10.627, 11.067, 11.354, 10.36, 9.68, 10.74, 9.96, 7.621, 7.573, 8.803, 9.711, 10.294, 9.565, 8.944, 9.13, 9.231, 9.991, 11.35, 12.71, 13.761, 14.418, 14.368, 14.234, 13.814, 13.21, 13.727, 14.484], [1.17, 0.87, 0.77, 0, 1.38, 3.49, 5.42, 5.07, 6.42, 8.14, 9.0, 9.07, 9.99, 10.49, 10.49, 10.8, 11.35, 10.76, 10.09, 9.92, 10.28, 9.76, 9.11, 9.14, 9.66, 10.06, 10.05, 9.92, 10.399, 12.192, 13.49, 14.089, 15.463, 16.743, 16.676, 16.396, 16.387, 15.772, 14.83, 13.799, 13.84, 14.44, 14.32, 13.42, 12.78, 12.504, 12.712, 12.962, 12.952, 12.26, 12.17, 12.29, 12.46, 11.806, 11.069, 10.642, 9.462, 9.173, 9.818, 10.128, 10.563, 10.81, 9.87, 9.19, 10.25, 9.47, 7.122, 7.074, 8.304, 9.212, 9.795, 9.072, 8.454, 8.6, 8.732, 9.492, 10.859, 12.219, 13.262, 13.94, 13.824, 13.733, 13.313, 12.711, 13.206, 13.986], [1.01, 1.73, 1.99, 1.38, 0, 2.65, 4.56, 4.29, 5.44, 7.14, 7.996, 8.07, 8.99, 9.53, 9.49, 9.84, 10.37, 9.76, 9.09, 8.92, 9.28, 8.78, 8.15, 8.18, 8.72, 9.12, 9.09, 8.92, 9.42, 11.172, 12.49, 13.103, 14.352, 15.609, 15.584, 15.424, 15.375, 14.752, 13.826, 12.779, 12.84, 13.44, 13.32, 12.38, 11.78, 11.492, 11.712, 11.942, 12.01, 11.26, 11.21, 11.37, 11.42, 10.82, 10.054, 9.873, 8.593, 8.166, 8.798, 9.108, 9.592, 9.85, 8.97, 8.23, 9.246, 8.47, 6.102, 6.053, 7.283, 8.192, 8.775, 8.052, 7.46, 7.62, 7.712, 8.472, 9.839, 11.199, 12.242, 12.94, 12.824, 12.739, 12.322, 11.772, 12.232, 13.032], [2.58, 3.74, 4.04, 3.49, 2.65, 0, 2.05, 2.06, 3.07, 4.75, 5.61, 5.68, 6.6, 7.1, 7.1, 7.41, 7.96, 7.37, 6.7, 6.57, 6.89, 6.37, 5.72, 5.75, 6.23, 6.63, 6.58, 6.53, 7.01, 8.799, 10.1, 10.602, 12.033, 13.333, 13.186, 12.992, 12.982, 12.379, 11.44, 10.406, 10.45, 11.05, 10.93, 10.009, 9.35, 9.099, 9.319, 9.569, 9.579, 8.87, 8.78, 8.92, 9.05, 8.399, 7.582, 7.272, 6.12, 5.768, 6.425, 6.735, 7.179, 7.4, 6.48, 5.8, 6.86, 6.08, 3.749, 3.841, 4.911, 5.807, 6.402, 5.679, 5.049, 5.21, 5.339, 6.099, 7.466, 8.826, 9.869, 10.549, 10.419, 10.343, 9.923, 9.267, 9.819, 10.599], [4.43, 5.61, 5.95, 5.42, 4.56, 2.05, 0, 0.85, 1.44, 2.84, 3.62, 3.69, 4.61, 5.11, 5.11, 5.42, 5.97, 5.42, 4.75, 4.66, 4.9, 4.38, 3.75, 3.78, 4.28, 4.66, 4.67, 4.52, 5.019, 6.812, 8.11, 8.686, 10.063, 11.363, 11.276, 10.996, 10.995, 10.392, 9.45, 8.419, 8.46, 9.06, 8.94, 8.04, 7.38, 7.112, 7.35, 7.582, 7.59, 6.88, 6.79, 6.93, 7.08, 6.432, 5.712, 5.445, 4.21, 3.781, 4.438, 4.748, 5.183, 5.43, 4.49, 3.81, 4.87, 4.09, 2.44, 3.04, 3.47, 3.838, 4.415, 3.692, 3.08, 3.22, 3.39, 4.17, 5.479, 6.839, 7.882, 8.56, 8.441, 8.353, 7.933, 7.323, 7.832, 8.603], [4.06, 5.26, 5.58, 5.07, 4.29, 2.06, 0.85, 0, 1.57, 3.11, 3.95, 4.02, 4.94, 5.44, 5.44, 5.75, 6.3, 5.71, 5.06, 4.91, 5.25, 4.71, 4.08, 4.11, 4.65, 5.05, 5.04, 4.89, 5.35, 7.145, 8.477, 9.059, 10.45, 11.73, 11.663, 11.383, 11.34, 10.737, 9.78, 8.75, 8.79, 9.39, 9.27, 8.39, 7.77, 7.457, 7.665, 7.924, 7.917, 7.227, 7.12, 7.3, 7.43, 6.802, 6.044, 5.715, 4.514, 4.123, 4.783, 5.081, 5.53, 5.78, 4.82, 4.14, 5.2, 4.42, 2.89, 3.59, 3.94, 4.231, 4.788, 4.037, 3.45, 3.55, 3.8, 4.56, 5.81, 7.17, 8.215, 8.887, 8.794, 8.7, 8.28, 7.676, 8.179, 8.956], [5.37, 6.47, 6.93, 6.42, 5.44, 3.07, 1.44, 1.57, 0, 1.86, 2.74, 2.95, 3.81, 4.61, 4.47, 4.9, 5.47, 4.94, 3.99, 4.12, 4.54, 3.92, 3.05, 3.26, 3.84, 4.24, 4.25, 4.1, 4.42, 5.97, 7.57, 8.349, 9.58, 10.66, 10.676, 10.416, 10.13, 9.51, 8.45, 7.48, 7.56, 8.18, 8.1, 7.28, 6.86, 6.41, 6.63, 6.9, 7.15, 6.5, 6.23, 6.71, 6.66, 6.1, 5.372, 5.45, 4.25, 3.11, 3.536, 3.946, 4.66, 5.07, 4.27, 3.21, 4.03, 3.07, 2.46, 3.02, 2.99, 3.01, 3.69, 2.85, 2.3, 2.62, 2.69, 3.31, 4.58, 5.92, 6.96, 7.76, 7.65, 7.69, 7.37, 6.86, 7.38, 8.14], [7.09, 8.19, 8.63, 8.14, 7.14, 4.75, 2.84, 3.11, 1.86, 0, 1.14, 1.31, 2.23, 3.07, 2.93, 3.42, 4.09, 3.64, 2.77, 3.16, 3.5, 2.92, 1.83, 1.66, 2.22, 2.62, 2.67, 2.58, 2.78, 4.43, 6.09, 6.8, 7.74, 8.84, 8.862, 8.602, 8.35, 7.73, 6.69, 5.68, 5.78, 6.38, 6.32, 5.58, 5.06, 4.83, 5.17, 5.42, 5.69, 5.16, 4.73, 5.17, 5.06, 4.56, 3.82, 4.11, 3.03, 1.73, 2.09, 2.3, 2.86, 3.29, 2.87, 1.95, 2.35, 1.63, 2.56, 3.12, 2.73, 2.25, 2.55, 2.21, 1.48, 1.84, 2.15, 2.39, 2.84, 4.14, 5.14, 5.94, 5.83, 5.85, 5.53, 5.08, 5.56, 6.42], [7.95, 9.05, 9.49, 9.0, 7.996, 5.61, 3.62, 3.95, 2.74, 1.14, 0, 0.69, 1.25, 2.09, 1.91, 2.46, 3.07, 2.62, 1.81, 2.2, 2.54, 2.02, 1.09, 0.84, 1.28, 1.66, 1.75, 1.74, 1.84, 3.49, 5.05, 5.78, 6.84, 7.994, 7.97, 7.728, 7.482, 6.85, 5.83, 4.82, 4.92, 5.52, 5.46, 4.68, 4.14, 3.81, 4.17, 4.4, 4.67, 4.12, 3.71, 4.15, 4.08, 3.5, 2.82, 3.15, 2.09, 1.39, 1.67, 1.78, 2.16, 2.47, 2.29, 1.45, 1.53, 1.33, 2.94, 3.66, 3.05, 2.43, 2.63, 2.45, 1.78, 2.2, 2.43, 2.51, 2.44, 3.32, 4.3, 5.1, 5.01, 4.95, 4.63, 4.14, 4.64, 5.48], [8.02, 9.12, 9.56, 9.07, 8.07, 5.68, 3.69, 4.02, 2.95, 1.31, 0.69, 0, 1.14, 1.88, 1.76, 2.23, 2.86, 2.45, 1.74, 2.11, 2.29, 1.81, 1.26, 0.69, 1.07, 1.45, 1.5, 1.39, 1.55, 3.34, 4.86, 5.55, 6.63, 7.862, 7.832, 7.572, 7.386, 6.76, 5.76, 4.73, 4.81, 5.41, 5.35, 4.53, 3.91, 3.62, 4.0, 4.21, 4.44, 3.95, 3.52, 3.94, 3.83, 3.37, 2.67, 2.86, 2.0, 1.36, 1.62, 1.79, 2.09, 2.28, 2.0, 1.3, 1.44, 1.18, 3.07, 3.83, 3.14, 2.48, 2.7, 2.56, 1.87, 2.25, 2.54, 2.46, 2.23, 3.17, 4.21, 4.97, 4.88, 4.812, 4.42, 3.91, 4.45, 5.25], [8.94, 10.04, 10.48, 9.99, 8.99, 6.6, 4.61, 4.94, 3.81, 2.23, 1.25, 1.14, 0, 0.96, 0.98, 1.39, 2.06, 1.75, 1.2, 1.63, 1.87, 1.57, 1.42, 1.13, 0.99, 1.01, 1.14, 1.23, 1.13, 2.46, 3.98, 4.71, 5.79, 6.982, 6.952, 6.692, 6.472, 5.84, 4.84, 3.83, 3.89, 4.49, 4.43, 3.63, 3.13, 2.74, 3.12, 3.33, 3.64, 3.27, 2.92, 3.16, 2.99, 2.75, 2.19, 2.44, 1.88, 1.46, 1.42, 1.41, 1.69, 1.86, 1.8, 1.54, 1.18, 1.52, 3.53, 4.33, 3.36, 2.64, 2.76, 2.72, 2.45, 2.57, 2.84, 2.74, 2.49, 2.65, 3.31, 4.09, 3.98, 3.94, 3.58, 3.09, 3.63, 4.41], [9.44, 10.54, 10.98, 10.49, 9.53, 7.1, 5.11, 5.44, 4.61, 3.07, 2.09, 1.88, 0.96, 0, 0.64, 0.97, 1.54, 1.31, 1.26, 1.59, 1.53, 1.51, 1.84, 1.73, 1.45, 1.23, 1.56, 1.59, 1.37, 2.02, 3.38, 3.95, 5.136, 6.416, 6.349, 6.072, 5.963, 5.34, 4.34, 3.33, 3.39, 3.99, 3.93, 3.09, 2.53, 2.2, 2.48, 2.69, 2.86, 2.65, 2.48, 2.54, 2.43, 2.25, 1.75, 1.9, 1.94, 2.16, 2.02, 1.61, 1.51, 1.5, 1.98, 2.04, 1.62, 2.24, 4.31, 5.11, 4.1, 3.3, 3.3, 3.38, 3.25, 3.15, 3.42, 3.3, 3.05, 2.77, 2.83, 3.53, 3.46, 3.366, 2.946, 2.41, 2.97, 3.67], [9.44, 10.54, 10.98, 10.49, 9.49, 7.1, 5.11, 5.44, 4.47, 2.93, 1.91, 1.76, 0.98, 0.64, 0, 0.81, 1.54, 1.33, 1.26, 1.57, 1.55, 1.49, 1.86, 1.69, 1.49, 1.27, 1.58, 1.65, 1.45, 2.04, 3.52, 4.09, 5.262, 6.522, 6.474, 6.214, 6.012, 5.38, 4.36, 3.39, 3.43, 4.03, 3.97, 3.15, 2.67, 2.28, 2.56, 2.73, 2.94, 2.75, 2.6, 2.68, 2.51, 2.33, 1.79, 1.98, 1.76, 2.04, 1.96, 1.53, 1.53, 1.54, 2.06, 2.04, 1.62, 2.16, 4.13, 4.91, 3.94, 3.2, 3.32, 3.24, 3.13, 3.15, 3.44, 3.34, 3.11, 2.55, 2.89, 3.63, 3.52, 3.472, 3.072, 2.57, 3.15, 3.81], [9.75, 10.85, 11.29, 10.8, 9.84, 7.41, 5.42, 5.75, 4.9, 3.42, 2.46, 2.23, 1.39, 0.97, 0.81, 0, 1.03, 1.02, 1.35, 1.54, 1.26, 1.52, 2.29, 2.18, 1.76, 1.48, 1.65, 1.72, 1.5, 1.69, 3.17, 3.7, 4.912, 6.189, 6.124, 5.864, 5.699, 5.07, 4.05, 3.12, 3.12, 3.72, 3.66, 2.82, 2.38, 2.11, 2.21, 2.38, 2.47, 2.34, 2.37, 2.43, 2.18, 2.16, 1.58, 1.57, 2.01, 2.53, 2.21, 1.86, 1.86, 1.83, 2.37, 2.31, 1.85, 2.47, 4.68, 5.4, 4.51, 3.69, 3.81, 3.71, 3.6, 3.7, 4.01, 3.77, 3.3, 2.66, 2.6, 3.32, 3.19, 3.15, 2.722, 2.32, 2.8, 3.44], [10.3, 11.4, 11.84, 11.35, 10.37, 7.96, 5.97, 6.3, 5.47, 4.09, 3.07, 2.86, 2.06, 1.54, 1.54, 1.03, 0, 0.83, 1.72, 1.87, 1.41, 1.73, 2.84, 2.75, 2.39, 2.05, 2.14, 2.19, 1.87, 1.22, 2.32, 2.99, 4.29, 5.559, 5.492, 5.232, 5.086, 4.46, 3.54, 2.73, 2.57, 3.15, 3.05, 2.17, 1.81, 1.6, 1.62, 1.73, 1.86, 1.61, 1.76, 1.96, 1.67, 1.51, 1.29, 1.44, 2.42, 3.04, 2.88, 2.39, 2.35, 2.2, 2.8, 2.84, 2.46, 3.02, 5.47, 6.23, 5.28, 4.46, 4.54, 4.46, 4.25, 4.43, 4.8, 4.4, 3.79, 3.21, 2.85, 2.89, 2.62, 2.6, 2.2, 1.79, 2.13, 2.83], [9.71, 10.83, 11.25, 10.76, 9.76, 7.37, 5.42, 5.71, 4.94, 3.64, 2.62, 2.45, 1.75, 1.31, 1.33, 1.02, 0.83, 0, 1.19, 1.32, 1.02, 1.34, 2.35, 2.24, 2.06, 1.66, 1.85, 1.86, 1.56, 1.57, 2.87, 3.563, 4.877, 6.092, 6.05, 5.79, 5.65, 5.027, 4.07, 3.14, 3.08, 3.68, 3.62, 2.74, 2.2, 1.91, 2.03, 2.26, 2.35, 1.78, 1.91, 2.21, 2.1, 1.82, 1.3, 1.29, 1.95, 2.57, 2.55, 2.18, 2.16, 2.11, 2.49, 2.53, 2.25, 2.75, 5.2, 5.94, 5.01, 4.17, 4.25, 4.11, 3.84, 4.08, 4.39, 4.07, 3.7, 3.18, 2.86, 3.22, 3.17, 3.07, 2.69, 2.26, 2.7, 3.437], [9.04, 10.14, 10.58, 10.09, 9.09, 6.7, 4.75, 5.06, 3.99, 2.77, 1.81, 1.74, 1.2, 1.26, 1.26, 1.35, 1.72, 1.19, 0, 0.71, 1.11, 0.97, 1.44, 1.61, 1.39, 1.15, 1.3, 1.39, 1.31, 2.14, 3.76, 4.522, 5.73, 6.87, 6.869, 6.609, 6.36, 5.72, 4.74, 3.77, 3.77, 4.37, 4.31, 3.49, 3.03, 2.54, 2.8, 3.07, 3.3, 2.61, 2.58, 3.06, 2.91, 2.33, 1.83, 1.84, 1.72, 1.86, 1.98, 1.83, 2.13, 2.16, 2.22, 2.14, 1.76, 2.14, 4.53, 5.21, 4.38, 3.5, 3.58, 3.48, 3.15, 3.57, 3.78, 3.46, 3.11, 2.93, 3.25, 3.97, 3.86, 3.84, 3.52, 3.03, 3.55, 4.31], [8.87, 9.97, 10.41, 9.92, 8.92, 6.57, 4.66, 4.91, 4.12, 3.16, 2.2, 2.11, 1.63, 1.59, 1.57, 1.54, 1.87, 1.32, 0.71, 0, 1.06, 0.96, 1.63, 2.06, 1.82, 1.54, 1.69, 1.66, 1.6, 2.29, 3.83, 4.609, 5.86, 7.034, 7.01, 6.75, 6.522, 5.89, 4.93, 3.94, 3.94, 4.54, 4.48, 3.64, 3.18, 2.75, 2.91, 3.16, 3.39, 2.7, 2.83, 3.31, 3.1, 2.58, 2.08, 1.99, 1.77, 2.27, 2.41, 2.22, 2.42, 2.41, 2.51, 2.53, 2.15, 2.61, 5.02, 5.68, 4.89, 4.03, 4.05, 3.91, 3.54, 4.06, 4.27, 3.95, 3.56, 3.22, 3.52, 4.14, 4.03, 3.99, 3.65, 3.14, 3.66, 4.42], [9.29, 10.43, 10.81, 10.28, 9.28, 6.89, 4.9, 5.25, 4.54, 3.5, 2.54, 2.29, 1.87, 1.53, 1.55, 1.26, 1.41, 1.02, 1.11, 1.06, 0, 0.82, 1.89, 2.12, 1.94, 1.66, 1.87, 1.88, 1.82, 1.99, 3.31, 4.015, 5.26, 6.492, 6.447, 6.187, 6.107, 5.495, 4.55, 3.6, 3.56, 4.18, 4.04, 3.16, 2.58, 2.31, 2.61, 2.76, 2.93, 2.22, 2.27, 2.63, 2.5, 2.02, 1.44, 1.53, 1.85, 2.55, 2.65, 2.38, 2.28, 2.37, 2.79, 2.79, 2.53, 2.95, 5.28, 6.0, 5.19, 4.33, 4.43, 4.27, 3.82, 4.2, 4.55, 4.31, 3.96, 3.44, 3.34, 3.68, 3.57, 3.47, 3.13, 2.56, 3.08, 3.84], [8.71, 9.83, 10.25, 9.76, 8.78, 6.37, 4.38, 4.71, 3.92, 2.92, 2.02, 1.81, 1.57, 1.51, 1.49, 1.52, 1.73, 1.34, 0.97, 0.96, 0.82, 0, 1.41, 1.74, 1.62, 1.54, 1.69, 1.76, 1.82, 2.45, 3.85, 4.589, 5.84, 7.109, 7.042, 6.782, 6.67, 6.047, 5.07, 4.04, 4.1, 4.7, 4.64, 3.76, 3.14, 2.79, 3.03, 3.24, 3.39, 2.66, 2.71, 3.09, 2.92, 2.4, 1.8, 1.81, 1.79, 2.27, 2.57, 2.4, 2.44, 2.47, 2.59, 2.51, 2.19, 2.61, 4.74, 5.5, 4.71, 4.05, 4.21, 4.01, 3.36, 3.84, 4.23, 3.99, 3.62, 3.32, 3.72, 4.24, 4.19, 4.07, 3.67, 3.12, 3.64, 4.4], [8.06, 9.16, 9.6, 9.11, 8.15, 5.72, 3.75, 4.08, 3.05, 1.83, 1.09, 1.26, 1.42, 1.84, 1.86, 2.29, 2.84, 2.35, 1.44, 1.63, 1.89, 1.41, 0, 1.09, 1.25, 1.57, 1.8, 1.83, 1.87, 3.34, 4.84, 5.57, 6.69, 7.83, 7.792, 7.512, 7.38, 6.76, 5.72, 4.69, 4.77, 5.39, 5.31, 4.59, 3.95, 3.7, 4.04, 4.27, 4.48, 3.83, 3.5, 4.0, 3.87, 3.21, 2.568, 2.76, 1.96, 1.72, 1.98, 1.95, 2.23, 2.42, 2.38, 2.08, 1.96, 2.0, 3.83, 4.33, 3.84, 3.2, 3.32, 3.06, 2.45, 2.87, 3.34, 3.24, 3.01, 3.45, 4.17, 4.91, 4.84, 4.8, 4.46, 3.95, 4.47, 5.29], [8.13, 9.27, 9.63, 9.14, 8.18, 5.75, 3.78, 4.11, 3.26, 1.66, 0.84, 0.69, 1.13, 1.73, 1.69, 2.18, 2.75, 2.24, 1.61, 2.06, 2.12, 1.74, 1.09, 0, 0.88, 1.18, 1.31, 1.22, 1.46, 3.27, 4.61, 5.28, 6.44, 7.66, 7.622, 7.342, 7.267, 6.67, 5.71, 4.68, 4.74, 5.34, 5.24, 4.4, 3.72, 3.55, 3.91, 4.12, 4.31, 3.66, 3.25, 3.67, 3.64, 3.0, 2.36, 2.65, 1.73, 1.29, 1.61, 1.74, 1.92, 2.05, 1.75, 1.47, 1.55, 1.47, 3.32, 4.02, 3.33, 2.69, 2.77, 2.57, 1.96, 2.32, 2.77, 2.77, 2.56, 3.24, 4.16, 4.814, 4.75, 4.63, 4.23, 3.66, 4.18, 5.02], [8.69, 9.85, 10.17, 9.66, 8.72, 6.23, 4.28, 4.65, 3.84, 2.22, 1.28, 1.07, 0.99, 1.45, 1.49, 1.76, 2.39, 2.06, 1.39, 1.82, 1.94, 1.62, 1.25, 0.88, 0, 0.62, 0.77, 0.96, 1.3, 2.89, 4.27, 4.82, 5.96, 7.2, 7.122, 6.882, 6.87, 6.27, 5.27, 4.236, 4.28, 4.9, 4.76, 3.98, 3.26, 3.13, 3.53, 3.7, 3.95, 3.48, 3.05, 3.37, 3.2, 2.82, 2.18, 2.31, 1.75, 1.59, 1.65, 1.66, 1.84, 1.85, 1.73, 1.67, 1.41, 1.65, 3.66, 4.38, 3.59, 2.81, 2.93, 2.77, 2.32, 2.6, 3.01, 2.87, 2.52, 2.9, 3.719, 4.359, 4.27, 4.19, 3.83, 3.24, 3.7, 4.64], [9.07, 10.25, 10.55, 10.06, 9.12, 6.63, 4.66, 5.05, 4.24, 2.62, 1.66, 1.45, 1.01, 1.23, 1.27, 1.48, 2.05, 1.66, 1.15, 1.54, 1.66, 1.54, 1.57, 1.18, 0.62, 0, 0.43, 0.72, 1.0, 2.49, 3.85, 4.36, 5.56, 6.811, 6.707, 6.464, 6.472, 5.869, 4.91, 3.94, 3.92, 4.52, 4.4, 3.56, 2.88, 2.75, 3.09, 3.26, 3.51, 3.04, 2.67, 3.01, 2.84, 2.46, 1.8, 2.01, 1.85, 1.83, 1.79, 1.68, 1.86, 1.75, 1.71, 1.73, 1.35, 1.75, 4.08, 4.84, 3.95, 3.13, 3.23, 3.19, 2.74, 2.9, 3.31, 2.99, 2.68, 2.66, 3.36, 3.999, 3.898, 3.83, 3.45, 2.82, 3.3, 4.2], [9.08, 10.24, 10.56, 10.05, 9.09, 6.58, 4.67, 5.04, 4.25, 2.67, 1.75, 1.5, 1.14, 1.56, 1.58, 1.65, 2.14, 1.85, 1.3, 1.69, 1.87, 1.69, 1.8, 1.31, 0.77, 0.43, 0, 0.51, 0.89, 2.5, 3.88, 4.33, 5.55, 6.815, 6.68, 6.5, 6.499, 5.896, 4.94, 3.99, 3.95, 4.55, 4.43, 3.55, 2.91, 2.82, 3.1, 3.27, 3.52, 3.03, 2.8, 3.28, 3.01, 2.53, 1.81, 2.1, 2.0, 1.92, 1.92, 1.93, 2.09, 1.82, 1.64, 1.64, 1.28, 1.76, 4.15, 4.91, 4.02, 3.2, 3.28, 3.26, 2.81, 2.99, 3.34, 2.92, 2.53, 2.67, 3.41, 4.026, 3.916, 3.839, 3.46, 2.85, 3.29, 4.19], [8.93, 10.11, 10.43, 9.92, 8.92, 6.53, 4.52, 4.89, 4.1, 2.58, 1.74, 1.39, 1.23, 1.59, 1.65, 1.72, 2.19, 1.86, 1.39, 1.66, 1.88, 1.76, 1.83, 1.22, 0.96, 0.72, 0.51, 0, 0.84, 2.53, 3.89, 4.44, 5.62, 6.86, 6.793, 6.593, 6.583, 5.961, 5.03, 4.1, 4.06, 4.66, 4.54, 3.62, 3.0, 2.85, 3.11, 3.28, 3.53, 3.0, 2.85, 3.25, 3.04, 2.56, 1.88, 2.17, 1.85, 1.77, 1.91, 1.9, 2.06, 1.79, 1.53, 1.47, 1.37, 1.67, 4.12, 4.86, 3.97, 3.05, 3.15, 3.15, 2.68, 2.9, 3.25, 2.85, 2.56, 2.74, 3.5, 4.131, 4.024, 3.95, 3.55, 2.94, 3.34, 4.26], [9.35, 10.45, 10.89, 10.399, 9.42, 7.01, 5.019, 5.35, 4.42, 2.78, 1.84, 1.55, 1.13, 1.37, 1.45, 1.5, 1.87, 1.56, 1.31, 1.6, 1.82, 1.82, 1.87, 1.46, 1.3, 1.0, 0.89, 0.84, 0, 1.99, 3.43, 4.08, 5.22, 6.466, 6.407, 6.127, 6.013, 5.39, 4.45, 3.62, 3.5, 4.08, 4.02, 3.14, 2.54, 2.35, 2.63, 2.82, 3.03, 2.54, 2.55, 2.99, 2.7, 2.26, 1.8, 2.15, 2.05, 1.73, 1.85, 1.76, 1.88, 1.67, 1.55, 1.61, 1.31, 1.75, 4.28, 5.02, 4.11, 3.17, 3.13, 3.11, 2.82, 3.02, 3.39, 3.01, 2.5, 2.64, 3.0, 3.58, 3.51, 3.416, 3.01, 2.54, 3.06, 3.78], [11.151, 12.26, 12.691, 12.192, 11.172, 8.799, 6.812, 7.145, 5.97, 4.43, 3.49, 3.34, 2.46, 2.02, 2.04, 1.69, 1.22, 1.57, 2.14, 2.29, 1.99, 2.45, 3.34, 3.27, 2.89, 2.49, 2.5, 2.53, 1.99, 0, 1.8, 2.49, 3.63, 4.75, 4.772, 4.512, 4.24, 3.62, 2.74, 2.31, 1.91, 2.41, 2.39, 1.63, 1.57, 1.34, 1.24, 1.29, 1.38, 1.45, 1.76, 2.1, 1.83, 1.75, 1.81, 2.04, 2.9, 3.18, 2.86, 2.45, 2.31, 2.04, 2.68, 3.14, 2.5, 3.28, 5.73, 6.41, 5.38, 4.46, 4.28, 4.36, 4.23, 4.47, 4.72, 4.14, 3.41, 2.79, 2.35, 2.37, 2.06, 1.96, 1.64, 1.37, 1.79, 2.51], [12.52, 13.66, 14.034, 13.49, 12.49, 10.1, 8.11, 8.477, 7.57, 6.09, 5.05, 4.86, 3.98, 3.38, 3.52, 3.17, 2.32, 2.87, 3.76, 3.83, 3.31, 3.85, 4.84, 4.61, 4.27, 3.85, 3.88, 3.89, 3.43, 1.8, 0, 1.35, 2.27, 3.29, 3.26, 3.02, 3.0, 2.44, 2.2, 2.01, 1.67, 1.61, 1.45, 1.17, 1.47, 1.76, 1.48, 1.19, 1.24, 1.45, 1.62, 1.68, 1.69, 2.13, 2.79, 3.18, 4.12, 4.64, 4.5, 4.05, 3.49, 3.24, 3.78, 4.58, 4.0, 4.92, 7.27, 8.01, 6.94, 6.02, 5.7, 5.92, 5.73, 5.85, 6.24, 5.6, 4.59, 3.73, 3.15, 2.53, 2.12, 1.84, 1.68, 1.67, 1.27, 1.37], [13.116, 14.262, 14.593, 14.089, 13.103, 10.602, 8.686, 9.059, 8.349, 6.8, 5.78, 5.55, 4.71, 3.95, 4.09, 3.7, 2.99, 3.563, 4.522, 4.609, 4.015, 4.589, 5.57, 5.28, 4.82, 4.36, 4.33, 4.44, 4.08, 2.49, 1.35, 0, 1.78, 2.84, 2.73, 2.49, 2.55, 2.27, 1.77, 1.88, 1.8, 1.86, 1.76, 1.52, 1.94, 2.15, 1.89, 1.56, 1.45, 1.98, 2.15, 1.89, 1.94, 2.56, 3.22, 3.63, 4.69, 5.37, 5.11, 4.64, 4.06, 3.71, 4.37, 5.17, 4.65, 5.63, 7.9, 8.6, 7.53, 6.63, 6.35, 6.57, 6.4, 6.46, 6.87, 6.27, 5.4, 4.62, 4.06, 3.44, 2.99, 2.67, 2.39, 2.22, 1.96, 1.84], [14.493, 15.633, 16.004, 15.463, 14.352, 12.033, 10.063, 10.45, 9.58, 7.74, 6.84, 6.63, 5.79, 5.136, 5.262, 4.912, 4.29, 4.877, 5.73, 5.86, 5.26, 5.84, 6.69, 6.44, 5.96, 5.56, 5.55, 5.62, 5.22, 3.63, 2.27, 1.78, 0, 1.42, 1.43, 1.23, 1.29, 1.25, 1.47, 2.4, 2.24, 1.78, 1.76, 2.36, 2.76, 3.19, 3.03, 2.7, 2.67, 3.26, 3.43, 3.23, 3.06, 3.66, 4.52, 5.089, 6.064, 6.53, 6.05, 5.64, 4.98, 4.69, 5.664, 6.507, 5.63, 6.55, 8.72, 9.22, 8.13, 7.13, 6.75, 7.11, 7.38, 7.22, 7.43, 6.77, 5.62, 4.34, 3.64, 3.12, 2.71, 2.55, 2.47, 2.92, 2.36, 1.9], [15.773, 16.913, 17.284, 16.743, 15.609, 13.333, 11.363, 11.73, 10.66, 8.84, 7.994, 7.862, 6.982, 6.416, 6.522, 6.189, 5.559, 6.092, 6.87, 7.034, 6.492, 7.109, 7.83, 7.66, 7.2, 6.811, 6.815, 6.86, 6.466, 4.75, 3.29, 2.84, 1.42, 0, 0.71, 0.89, 0.79, 1.35, 2.29, 3.36, 3.28, 2.54, 2.62, 3.42, 4.02, 4.41, 4.187, 3.94, 3.91, 4.529, 4.627, 4.473, 4.34, 4.96, 5.802, 6.389, 7.344, 7.73, 7.13, 6.78, 6.22, 5.953, 6.944, 7.756, 6.804, 7.65, 9.9, 10.18, 9.01, 7.97, 7.51, 8.05, 8.42, 8.32, 8.45, 7.71, 6.54, 5.14, 3.98, 3.12, 3.09, 3.15, 3.55, 4.14, 3.56, 2.8], [15.706, 16.846, 17.217, 16.676, 15.584, 13.186, 11.276, 11.663, 10.676, 8.862, 7.97, 7.832, 6.952, 6.349, 6.474, 6.124, 5.492, 6.05, 6.869, 7.01, 6.447, 7.042, 7.792, 7.622, 7.122, 6.707, 6.68, 6.793, 6.407, 4.772, 3.26, 2.73, 1.43, 0.71, 0, 0.74, 1.02, 1.32, 2.34, 3.37, 3.27, 2.55, 2.63, 3.433, 3.942, 4.392, 4.18, 3.904, 3.874, 4.464, 4.58, 4.426, 4.31, 4.876, 5.661, 6.225, 7.274, 7.7, 7.14, 6.73, 6.17, 5.886, 6.86, 7.697, 6.78, 7.663, 9.882, 10.17, 9.0, 7.96, 7.52, 8.06, 8.465, 8.288, 8.42, 7.7, 6.51, 5.09, 4.09, 3.27, 3.24, 3.12, 3.48, 4.03, 3.51, 2.79], [15.426, 16.572, 16.937, 16.396, 15.424, 12.992, 10.996, 11.383, 10.416, 8.602, 7.728, 7.572, 6.692, 6.072, 6.214, 5.864, 5.232, 5.79, 6.609, 6.75, 6.187, 6.782, 7.512, 7.342, 6.882, 6.464, 6.5, 6.593, 6.127, 4.512, 3.02, 2.49, 1.23, 0.89, 0.74, 0, 0.84, 1.26, 2.14, 3.17, 3.07, 2.33, 2.37, 3.213, 3.71, 4.132, 3.92, 3.644, 3.614, 4.204, 4.3, 4.186, 4.102, 4.696, 5.538, 6.039, 7.014, 7.44, 6.88, 6.47, 5.89, 5.632, 6.58, 7.417, 6.52, 7.418, 9.63, 9.99, 8.84, 7.8, 7.38, 7.88, 8.208, 8.028, 8.22, 7.52, 6.35, 4.95, 3.89, 3.15, 2.98, 3.02, 3.28, 3.79, 3.29, 2.55], [15.34, 16.463, 16.877, 16.387, 15.375, 12.982, 10.995, 11.34, 10.13, 8.35, 7.482, 7.386, 6.472, 5.963, 6.012, 5.699, 5.086, 5.65, 6.36, 6.522, 6.107, 6.67, 7.38, 7.267, 6.87, 6.472, 6.499, 6.583, 6.013, 4.24, 3.0, 2.55, 1.29, 0.79, 1.02, 0.84, 0, 0.82, 1.76, 2.87, 2.71, 2.01, 2.11, 3.03, 3.67, 3.9, 3.72, 3.47, 3.48, 4.15, 4.28, 4.2, 4.07, 4.695, 5.555, 6.076, 7.02, 7.24, 6.6, 6.29, 5.83, 5.62, 6.568, 7.286, 6.274, 7.12, 9.39, 9.61, 8.42, 7.4, 6.92, 7.48, 7.97, 7.91, 7.88, 7.14, 5.93, 4.57, 3.49, 2.75, 2.74, 2.76, 3.14, 3.79, 3.29, 2.43], [14.737, 15.84, 16.271, 15.772, 14.752, 12.379, 10.392, 10.737, 9.51, 7.73, 6.85, 6.76, 5.84, 5.34, 5.38, 5.07, 4.46, 5.027, 5.72, 5.89, 5.495, 6.047, 6.76, 6.67, 6.27, 5.869, 5.896, 5.961, 5.39, 3.62, 2.44, 2.27, 1.25, 1.35, 1.32, 1.26, 0.82, 0, 1.3, 2.29, 2.09, 1.53, 1.59, 2.45, 3.07, 3.28, 3.08, 2.85, 2.9, 3.59, 3.7, 3.66, 3.53, 4.13, 4.97, 5.48, 6.42, 6.66, 6.02, 5.67, 5.23, 5.0, 5.98, 6.66, 5.64, 6.5, 8.77, 9.01, 7.8, 6.8, 6.3, 6.88, 7.43, 7.31, 7.24, 6.48, 5.29, 4.03, 3.19, 2.51, 2.42, 2.26, 2.66, 3.21, 2.73, 2.03], [13.78, 14.88, 15.32, 14.83, 13.826, 11.44, 9.45, 9.78, 8.45, 6.69, 5.83, 5.76, 4.84, 4.34, 4.36, 4.05, 3.54, 4.07, 4.74, 4.93, 4.55, 5.07, 5.72, 5.71, 5.27, 4.91, 4.94, 5.03, 4.45, 2.74, 2.2, 1.77, 1.47, 2.29, 2.34, 2.14, 1.76, 1.3, 0, 1.25, 1.23, 1.27, 1.43, 1.83, 2.13, 2.36, 2.2, 2.03, 2.1, 2.69, 2.74, 2.68, 2.63, 3.25, 4.05, 4.56, 5.5, 5.74, 5.06, 4.73, 4.31, 4.08, 5.06, 5.64, 4.62, 5.44, 7.75, 7.97, 6.82, 5.82, 5.48, 5.94, 6.43, 6.31, 6.22, 5.52, 4.59, 3.71, 3.15, 2.83, 2.44, 2.1, 2.14, 2.63, 2.41, 2.19], [12.75, 13.85, 14.29, 13.799, 12.779, 10.406, 8.419, 8.75, 7.48, 5.68, 4.82, 4.73, 3.83, 3.33, 3.39, 3.12, 2.73, 3.14, 3.77, 3.94, 3.6, 4.04, 4.69, 4.68, 4.236, 3.94, 3.99, 4.1, 3.62, 2.31, 2.01, 1.88, 2.4, 3.36, 3.37, 3.17, 2.87, 2.29, 1.25, 0, 1.04, 1.54, 1.56, 1.76, 1.66, 1.65, 1.73, 1.54, 1.71, 1.82, 1.77, 1.91, 1.8, 2.34, 3.04, 3.51, 4.45, 4.71, 4.09, 3.68, 3.32, 3.27, 4.45, 4.69, 3.75, 4.47, 6.7, 6.92, 5.85, 5.01, 4.73, 5.01, 5.42, 5.24, 5.25, 4.89, 4.32, 3.64, 3.26, 3.1, 2.67, 2.37, 2.19, 2.46, 2.18, 2.46], [12.79, 13.89, 14.33, 13.84, 12.84, 10.45, 8.46, 8.79, 7.56, 5.78, 4.92, 4.81, 3.89, 3.39, 3.43, 3.12, 2.57, 3.08, 3.77, 3.94, 3.56, 4.1, 4.77, 4.74, 4.28, 3.92, 3.95, 4.06, 3.5, 1.91, 1.67, 1.8, 2.24, 3.28, 3.27, 3.07, 2.71, 2.09, 1.23, 1.04, 0, 0.92, 0.94, 1.2, 1.38, 1.47, 1.39, 1.18, 1.25, 1.78, 1.97, 2.17, 2.04, 2.4, 3.12, 3.63, 4.59, 4.79, 4.15, 3.78, 3.34, 3.11, 4.13, 4.73, 3.71, 4.55, 6.84, 7.16, 6.09, 5.21, 4.87, 5.21, 5.54, 5.32, 5.31, 4.71, 3.92, 3.14, 2.7, 2.46, 2.05, 1.67, 1.49, 1.74, 1.66, 1.84], [13.39, 14.49, 14.93, 14.44, 13.44, 11.05, 9.06, 9.39, 8.18, 6.38, 5.52, 5.41, 4.49, 3.99, 4.03, 3.72, 3.15, 3.68, 4.37, 4.54, 4.18, 4.7, 5.39, 5.34, 4.9, 4.52, 4.55, 4.66, 4.08, 2.41, 1.61, 1.86, 1.78, 2.54, 2.55, 2.33, 2.01, 1.53, 1.27, 1.54, 0.92, 0, 0.54, 1.42, 1.98, 2.09, 1.83, 1.64, 1.75, 2.42, 2.63, 2.69, 2.64, 3.02, 3.76, 4.25, 5.21, 5.41, 4.79, 4.38, 3.94, 3.71, 4.67, 5.33, 4.33, 5.17, 7.48, 7.84, 6.75, 5.75, 5.39, 5.83, 6.18, 6.0, 6.01, 5.31, 4.24, 3.1, 2.44, 2.08, 1.67, 1.49, 1.55, 2.06, 1.62, 1.5], [13.31, 14.43, 14.85, 14.32, 13.32, 10.93, 8.94, 9.27, 8.1, 6.32, 5.46, 5.35, 4.43, 3.93, 3.97, 3.66, 3.05, 3.62, 4.31, 4.48, 4.04, 4.64, 5.31, 5.24, 4.76, 4.4, 4.43, 4.54, 4.02, 2.39, 1.45, 1.76, 1.76, 2.62, 2.63, 2.37, 2.11, 1.59, 1.43, 1.56, 0.94, 0.54, 0, 1.14, 1.74, 1.95, 1.79, 1.54, 1.65, 2.34, 2.45, 2.59, 2.4, 2.78, 3.6, 4.11, 5.07, 5.31, 4.69, 4.32, 3.86, 3.63, 4.55, 5.27, 4.25, 5.09, 7.38, 7.78, 6.69, 5.79, 5.53, 5.75, 6.06, 5.88, 6.01, 5.31, 4.2, 3.2, 2.54, 2.1, 1.67, 1.59, 1.59, 1.96, 1.38, 1.36], [12.43, 13.55, 13.97, 13.42, 12.38, 10.009, 8.04, 8.39, 7.28, 5.58, 4.68, 4.53, 3.63, 3.09, 3.15, 2.82, 2.17, 2.74, 3.49, 3.64, 3.16, 3.76, 4.59, 4.4, 3.98, 3.56, 3.55, 3.62, 3.14, 1.63, 1.17, 1.52, 2.36, 3.42, 3.433, 3.213, 3.03, 2.45, 1.83, 1.76, 1.2, 1.42, 1.14, 0, 0.94, 1.29, 1.13, 0.92, 1.17, 1.68, 1.81, 1.93, 1.56, 1.92, 2.6, 3.13, 4.07, 4.43, 4.03, 3.58, 3.14, 2.87, 3.69, 4.37, 3.51, 4.39, 6.8, 7.44, 6.37, 5.49, 5.19, 5.41, 5.32, 5.38, 5.71, 5.03, 3.96, 3.24, 2.68, 2.34, 1.77, 1.63, 1.41, 1.44, 1.16, 1.28], [11.81, 12.95, 13.33, 12.78, 11.78, 9.35, 7.38, 7.77, 6.86, 5.06, 4.14, 3.91, 3.13, 2.53, 2.67, 2.38, 1.81, 2.2, 3.03, 3.18, 2.58, 3.14, 3.95, 3.72, 3.26, 2.88, 2.91, 3.0, 2.54, 1.57, 1.47, 1.94, 2.76, 4.02, 3.942, 3.71, 3.67, 3.07, 2.13, 1.66, 1.38, 1.98, 1.74, 0.94, 0, 0.89, 1.29, 1.22, 1.29, 1.36, 1.37, 1.69, 1.4, 1.46, 2.0, 2.51, 3.49, 3.91, 3.55, 3.08, 2.48, 2.25, 3.09, 3.83, 2.99, 3.89, 6.16, 6.9, 5.87, 4.99, 4.69, 4.89, 4.82, 4.78, 5.15, 4.49, 3.78, 3.18, 2.78, 2.52, 1.99, 1.71, 1.37, 1.26, 1.26, 1.64], [11.457, 12.58, 12.994, 12.504, 11.492, 9.099, 7.112, 7.457, 6.41, 4.83, 3.81, 3.62, 2.74, 2.2, 2.28, 2.11, 1.6, 1.91, 2.54, 2.75, 2.31, 2.79, 3.7, 3.55, 3.13, 2.75, 2.82, 2.85, 2.35, 1.34, 1.76, 2.15, 3.19, 4.41, 4.392, 4.132, 3.9, 3.28, 2.36, 1.65, 1.47, 2.09, 1.95, 1.29, 0.89, 0, 0.9, 0.99, 1.16, 1.25, 1.32, 1.72, 1.37, 1.47, 1.99, 2.36, 3.28, 3.54, 3.32, 2.79, 2.33, 2.14, 3.12, 3.44, 2.82, 3.66, 5.91, 6.63, 5.6, 4.7, 4.4, 4.7, 4.67, 4.67, 4.82, 4.36, 3.79, 3.23, 2.83, 2.77, 2.26, 1.98, 1.66, 1.47, 1.71, 1.95], [11.671, 12.78, 13.211, 12.712, 11.712, 9.319, 7.35, 7.665, 6.63, 5.17, 4.17, 4.0, 3.12, 2.48, 2.56, 2.21, 1.62, 2.03, 2.8, 2.91, 2.61, 3.03, 4.04, 3.91, 3.53, 3.09, 3.1, 3.11, 2.63, 1.24, 1.48, 1.89, 3.03, 4.187, 4.18, 3.92, 3.72, 3.08, 2.2, 1.73, 1.39, 1.83, 1.79, 1.13, 1.29, 0.9, 0, 0.63, 0.94, 1.11, 1.42, 1.72, 1.49, 1.67, 2.21, 2.52, 3.44, 3.9, 3.54, 3.03, 2.83, 2.52, 3.3, 3.68, 3.1, 3.98, 6.33, 6.99, 5.92, 4.98, 4.84, 5.0, 4.95, 4.95, 5.2, 4.74, 3.99, 3.35, 2.87, 2.85, 2.32, 1.98, 1.66, 1.63, 1.69, 1.81], [11.927, 13.03, 13.455, 12.962, 11.942, 9.569, 7.582, 7.924, 6.9, 5.42, 4.4, 4.21, 3.33, 2.69, 2.73, 2.38, 1.73, 2.26, 3.07, 3.16, 2.76, 3.24, 4.27, 4.12, 3.7, 3.26, 3.27, 3.28, 2.82, 1.29, 1.19, 1.56, 2.7, 3.94, 3.904, 3.644, 3.47, 2.85, 2.03, 1.54, 1.18, 1.64, 1.54, 0.92, 1.22, 0.99, 0.63, 0, 0.65, 1.02, 1.37, 1.59, 1.4, 1.72, 2.34, 2.71, 3.65, 4.01, 3.75, 3.28, 2.94, 2.71, 3.45, 3.91, 3.29, 4.23, 6.5, 7.24, 6.17, 5.23, 5.05, 5.19, 5.14, 5.18, 5.47, 4.99, 4.22, 3.54, 3.04, 2.82, 2.29, 1.91, 1.59, 1.54, 1.4, 1.68], [11.917, 13.02, 13.445, 12.952, 12.01, 9.579, 7.59, 7.917, 7.15, 5.69, 4.67, 4.44, 3.64, 2.86, 2.94, 2.47, 1.86, 2.35, 3.3, 3.39, 2.93, 3.39, 4.48, 4.31, 3.95, 3.51, 3.52, 3.53, 3.03, 1.38, 1.24, 1.45, 2.67, 3.91, 3.874, 3.614, 3.48, 2.9, 2.1, 1.71, 1.25, 1.75, 1.65, 1.17, 1.29, 1.16, 0.94, 0.65, 0, 0.93, 1.48, 1.56, 1.47, 1.83, 2.49, 2.7, 3.68, 4.24, 4.04, 3.57, 3.21, 2.86, 3.4, 4.06, 3.54, 4.52, 6.83, 7.59, 6.56, 5.62, 5.4, 5.5, 5.37, 5.51, 5.86, 5.2, 4.45, 3.77, 3.27, 3.01, 2.48, 2.1, 1.76, 1.65, 1.53, 1.75], [11.25, 12.39, 12.764, 12.26, 11.26, 8.87, 6.88, 7.227, 6.5, 5.16, 4.12, 3.95, 3.27, 2.65, 2.75, 2.34, 1.61, 1.78, 2.61, 2.7, 2.22, 2.66, 3.83, 3.66, 3.48, 3.04, 3.03, 3.0, 2.54, 1.45, 1.45, 1.98, 3.26, 4.529, 4.464, 4.204, 4.15, 3.59, 2.69, 1.82, 1.78, 2.42, 2.34, 1.68, 1.36, 1.25, 1.11, 1.02, 0.93, 0, 1.03, 1.23, 1.36, 1.36, 1.86, 2.09, 2.95, 3.71, 3.67, 3.26, 2.9, 2.63, 3.31, 3.75, 3.31, 4.11, 6.6, 7.32, 6.33, 5.41, 5.23, 5.25, 4.94, 5.2, 5.63, 5.19, 4.58, 3.98, 3.56, 3.4, 2.87, 2.39, 2.05, 1.94, 1.88, 2.26], [11.18, 12.32, 12.657, 12.17, 11.21, 8.78, 6.79, 7.12, 6.23, 4.73, 3.71, 3.52, 2.92, 2.48, 2.6, 2.37, 1.76, 1.91, 2.58, 2.83, 2.27, 2.71, 3.5, 3.25, 3.05, 2.67, 2.8, 2.85, 2.55, 1.76, 1.62, 2.15, 3.43, 4.627, 4.58, 4.3, 4.28, 3.7, 2.74, 1.77, 1.97, 2.63, 2.45, 1.81, 1.37, 1.32, 1.42, 1.37, 1.48, 1.03, 0, 0.94, 1.01, 1.27, 1.65, 2.04, 2.82, 3.38, 3.26, 2.81, 2.61, 2.58, 3.26, 3.64, 3.32, 3.78, 6.17, 6.83, 5.94, 5.0, 5.0, 4.82, 4.45, 4.81, 5.32, 5.06, 4.67, 4.27, 3.87, 3.63, 3.08, 2.68, 2.36, 2.19, 2.09, 2.49], [11.32, 12.52, 12.814, 12.29, 11.37, 8.92, 6.93, 7.3, 6.71, 5.17, 4.15, 3.94, 3.16, 2.54, 2.68, 2.43, 1.96, 2.21, 3.06, 3.31, 2.63, 3.09, 4.0, 3.67, 3.37, 3.01, 3.28, 3.25, 2.99, 2.1, 1.68, 1.89, 3.23, 4.473, 4.426, 4.186, 4.2, 3.66, 2.68, 1.91, 2.17, 2.69, 2.59, 1.93, 1.69, 1.72, 1.72, 1.59, 1.56, 1.23, 0.94, 0, 0.95, 1.55, 1.95, 2.22, 2.92, 3.8, 3.62, 3.19, 2.87, 2.78, 3.54, 4.0, 3.72, 4.28, 6.47, 7.19, 6.2, 5.32, 5.26, 5.12, 4.87, 5.05, 5.64, 5.52, 5.13, 4.63, 4.23, 3.83, 3.32, 2.96, 2.64, 2.51, 2.19, 2.49], [11.467, 12.59, 12.998, 12.46, 11.42, 9.05, 7.08, 7.43, 6.66, 5.06, 4.08, 3.83, 2.99, 2.43, 2.51, 2.18, 1.67, 2.1, 2.91, 3.1, 2.5, 2.92, 3.87, 3.64, 3.2, 2.84, 3.01, 3.04, 2.7, 1.83, 1.69, 1.94, 3.06, 4.34, 4.31, 4.102, 4.07, 3.53, 2.63, 1.8, 2.04, 2.64, 2.4, 1.56, 1.4, 1.37, 1.49, 1.4, 1.47, 1.36, 1.01, 0.95, 0, 1.14, 1.76, 2.21, 3.11, 3.69, 3.45, 3.06, 2.72, 2.63, 3.55, 3.89, 3.45, 4.05, 6.26, 6.98, 6.03, 5.11, 5.15, 4.91, 4.72, 4.92, 5.51, 5.29, 4.74, 4.22, 3.78, 3.38, 2.85, 2.53, 2.21, 2.12, 1.86, 2.0], [10.842, 12.022, 12.347, 11.806, 10.82, 8.399, 6.432, 6.802, 6.1, 4.56, 3.5, 3.37, 2.75, 2.25, 2.33, 2.16, 1.51, 1.82, 2.33, 2.58, 2.02, 2.4, 3.21, 3.0, 2.82, 2.46, 2.53, 2.56, 2.26, 1.75, 2.13, 2.56, 3.66, 4.96, 4.876, 4.696, 4.695, 4.13, 3.25, 2.34, 2.4, 3.02, 2.78, 1.92, 1.46, 1.47, 1.67, 1.72, 1.83, 1.36, 1.27, 1.55, 1.14, 0, 1.12, 1.67, 2.47, 3.21, 3.07, 2.66, 2.42, 2.17, 3.07, 3.43, 2.93, 3.51, 5.98, 6.66, 5.73, 4.77, 4.75, 4.63, 4.32, 4.58, 5.13, 4.83, 4.14, 3.74, 3.42, 3.28, 2.83, 2.53, 2.13, 1.88, 1.92, 2.46], [10.104, 11.264, 11.573, 11.069, 10.054, 7.582, 5.712, 6.044, 5.372, 3.82, 2.82, 2.67, 2.19, 1.75, 1.79, 1.58, 1.29, 1.3, 1.83, 2.08, 1.44, 1.8, 2.568, 2.36, 2.18, 1.8, 1.81, 1.88, 1.8, 1.81, 2.79, 3.22, 4.52, 5.802, 5.661, 5.538, 5.555, 4.97, 4.05, 3.04, 3.12, 3.76, 3.6, 2.6, 2.0, 1.99, 2.21, 2.34, 2.49, 1.86, 1.65, 1.95, 1.76, 1.12, 0, 1.05, 1.73, 2.49, 2.55, 2.22, 2.12, 1.93, 2.53, 2.75, 2.45, 2.93, 5.34, 5.98, 5.07, 4.13, 4.21, 4.09, 3.76, 4.04, 4.55, 4.23, 3.78, 3.44, 3.12, 3.3, 3.09, 2.97, 2.61, 2.02, 2.46, 3.26], [9.697, 10.917, 11.106, 10.642, 9.873, 7.272, 5.445, 5.715, 5.45, 4.11, 3.15, 2.86, 2.44, 1.9, 1.98, 1.57, 1.44, 1.29, 1.84, 1.99, 1.53, 1.81, 2.76, 2.65, 2.31, 2.01, 2.1, 2.17, 2.15, 2.04, 3.18, 3.63, 5.089, 6.389, 6.225, 6.039, 6.076, 5.48, 4.56, 3.51, 3.63, 4.25, 4.11, 3.13, 2.51, 2.36, 2.52, 2.71, 2.7, 2.09, 2.04, 2.22, 2.21, 1.67, 1.05, 0, 1.6, 2.76, 2.84, 2.43, 2.33, 2.2, 2.72, 3.08, 2.8, 3.34, 5.67, 6.25, 5.38, 4.5, 4.56, 4.46, 4.03, 4.43, 4.94, 4.66, 4.17, 3.77, 3.49, 3.77, 3.6, 3.5, 3.04, 2.49, 3.01, 3.79], [8.514, 9.717, 9.943, 9.462, 8.593, 6.12, 4.21, 4.514, 4.25, 3.03, 2.09, 2.0, 1.88, 1.94, 1.76, 2.01, 2.42, 1.95, 1.72, 1.77, 1.85, 1.79, 1.96, 1.73, 1.75, 1.85, 2.0, 1.85, 2.05, 2.9, 4.12, 4.69, 6.064, 7.344, 7.274, 7.014, 7.02, 6.42, 5.5, 4.45, 4.59, 5.21, 5.07, 4.07, 3.49, 3.28, 3.44, 3.65, 3.68, 2.95, 2.82, 2.92, 3.11, 2.47, 1.73, 1.6, 0, 1.68, 1.96, 1.73, 1.89, 1.94, 2.06, 2.32, 2.4, 2.68, 4.63, 5.21, 4.36, 3.52, 3.58, 3.38, 2.93, 3.35, 3.92, 3.94, 3.67, 3.71, 4.13, 4.71, 4.56, 4.42, 3.98, 3.47, 3.99, 4.75], [8.126, 9.248, 9.657, 9.173, 8.166, 5.768, 3.781, 4.123, 3.11, 1.73, 1.39, 1.36, 1.46, 2.16, 2.04, 2.53, 3.04, 2.57, 1.86, 2.27, 2.55, 2.27, 1.72, 1.29, 1.59, 1.83, 1.92, 1.77, 1.73, 3.18, 4.64, 5.37, 6.53, 7.73, 7.7, 7.44, 7.24, 6.66, 5.74, 4.71, 4.79, 5.41, 5.31, 4.43, 3.91, 3.54, 3.9, 4.01, 4.24, 3.71, 3.38, 3.8, 3.69, 3.21, 2.49, 2.76, 1.68, 0, 1.04, 1.25, 1.81, 2.24, 1.72, 1.54, 2.06, 1.52, 3.15, 3.75, 2.88, 2.04, 2.32, 1.92, 1.53, 1.95, 2.42, 2.52, 2.83, 3.59, 4.29, 4.93, 4.78, 4.7, 4.32, 3.91, 4.47, 5.17], [8.783, 9.886, 10.317, 9.818, 8.798, 6.425, 4.438, 4.783, 3.536, 2.09, 1.67, 1.62, 1.42, 2.02, 1.96, 2.21, 2.88, 2.55, 1.98, 2.41, 2.65, 2.57, 1.98, 1.61, 1.65, 1.79, 1.92, 1.91, 1.85, 2.86, 4.5, 5.11, 6.05, 7.13, 7.14, 6.88, 6.6, 6.02, 5.06, 4.09, 4.15, 4.79, 4.69, 4.03, 3.55, 3.32, 3.54, 3.75, 4.04, 3.67, 3.26, 3.62, 3.45, 3.07, 2.55, 2.84, 1.96, 1.04, 0, 0.95, 1.43, 1.88, 1.76, 1.6, 1.86, 1.38, 3.25, 3.67, 2.8, 1.94, 2.12, 1.82, 1.71, 1.97, 2.36, 2.28, 2.45, 3.21, 3.77, 4.39, 4.26, 4.2, 3.86, 3.61, 4.05, 4.83], [9.087, 10.196, 10.627, 10.128, 9.108, 6.735, 4.748, 5.081, 3.946, 2.3, 1.78, 1.79, 1.41, 1.61, 1.53, 1.86, 2.39, 2.18, 1.83, 2.22, 2.38, 2.4, 1.95, 1.74, 1.66, 1.68, 1.93, 1.9, 1.76, 2.45, 4.05, 4.64, 5.64, 6.78, 6.73, 6.47, 6.29, 5.67, 4.73, 3.68, 3.78, 4.38, 4.32, 3.58, 3.08, 2.79, 3.03, 3.28, 3.57, 3.26, 2.81, 3.19, 3.06, 2.66, 2.22, 2.43, 1.73, 1.25, 0.95, 0, 0.98, 1.33, 1.87, 1.83, 1.83, 1.81, 3.56, 4.14, 3.23, 2.33, 2.47, 2.27, 2.2, 2.3, 2.69, 2.61, 2.78, 3.0, 3.5, 4.02, 3.87, 3.81, 3.43, 3.06, 3.6, 4.32], [9.553, 10.699, 11.067, 10.563, 9.592, 7.179, 5.183, 5.53, 4.66, 2.86, 2.16, 2.09, 1.69, 1.51, 1.53, 1.86, 2.35, 2.16, 2.13, 2.42, 2.28, 2.44, 2.23, 1.92, 1.84, 1.86, 2.09, 2.06, 1.88, 2.31, 3.49, 4.06, 4.98, 6.22, 6.17, 5.89, 5.83, 5.23, 4.31, 3.32, 3.34, 3.94, 3.86, 3.14, 2.48, 2.33, 2.83, 2.94, 3.21, 2.9, 2.61, 2.87, 2.72, 2.42, 2.12, 2.33, 1.89, 1.81, 1.43, 0.98, 0, 0.81, 1.59, 1.97, 1.91, 2.05, 4.0, 4.72, 3.67, 2.81, 2.61, 2.79, 2.74, 2.62, 2.95, 2.79, 2.66, 2.76, 3.22, 3.58, 3.41, 3.23, 2.79, 2.32, 2.98, 3.64], [9.82, 10.96, 11.354, 10.81, 9.85, 7.4, 5.43, 5.78, 5.07, 3.29, 2.47, 2.28, 1.86, 1.5, 1.54, 1.83, 2.2, 2.11, 2.16, 2.41, 2.37, 2.47, 2.42, 2.05, 1.85, 1.75, 1.82, 1.79, 1.67, 2.04, 3.24, 3.71, 4.69, 5.953, 5.886, 5.632, 5.62, 5.0, 4.08, 3.27, 3.11, 3.71, 3.63, 2.87, 2.25, 2.14, 2.52, 2.71, 2.86, 2.63, 2.58, 2.78, 2.63, 2.17, 1.93, 2.2, 1.94, 2.24, 1.88, 1.33, 0.81, 0, 1.38, 1.98, 1.64, 2.16, 4.39, 5.17, 4.12, 3.2, 2.94, 3.2, 3.21, 3.01, 3.26, 2.8, 2.57, 2.55, 2.97, 3.29, 3.1, 3.0, 2.56, 2.09, 2.63, 3.35], [8.88, 10.04, 10.36, 9.87, 8.97, 6.48, 4.49, 4.82, 4.27, 2.87, 2.29, 2.0, 1.8, 1.98, 2.06, 2.37, 2.8, 2.49, 2.22, 2.51, 2.79, 2.59, 2.38, 1.75, 1.73, 1.71, 1.64, 1.53, 1.55, 2.68, 3.78, 4.37, 5.664, 6.944, 6.86, 6.58, 6.568, 5.98, 5.06, 4.45, 4.13, 4.67, 4.55, 3.69, 3.09, 3.12, 3.3, 3.45, 3.4, 3.31, 3.26, 3.54, 3.55, 3.07, 2.53, 2.72, 2.06, 1.72, 1.76, 1.87, 1.59, 1.38, 0, 1.28, 1.72, 1.78, 4.07, 4.87, 3.84, 2.94, 2.7, 2.94, 2.75, 2.71, 3.04, 2.36, 2.25, 2.99, 3.69, 4.17, 4.06, 3.94, 3.52, 2.99, 3.45, 4.21], [8.14, 9.24, 9.68, 9.19, 8.23, 5.8, 3.81, 4.14, 3.21, 1.95, 1.45, 1.3, 1.54, 2.04, 2.04, 2.31, 2.84, 2.53, 2.14, 2.53, 2.79, 2.51, 2.08, 1.47, 1.67, 1.73, 1.64, 1.47, 1.61, 3.14, 4.58, 5.17, 6.507, 7.756, 7.697, 7.417, 7.286, 6.66, 5.64, 4.69, 4.73, 5.33, 5.27, 4.37, 3.83, 3.44, 3.68, 3.91, 4.06, 3.75, 3.64, 4.0, 3.89, 3.43, 2.75, 3.08, 2.32, 1.54, 1.6, 1.83, 1.97, 1.98, 1.28, 0, 1.28, 1.04, 3.03, 3.87, 2.9, 2.06, 2.18, 2.38, 1.93, 1.91, 2.14, 1.76, 2.07, 3.17, 4.11, 4.87, 4.78, 4.706, 4.297, 3.77, 4.33, 5.05], [9.2, 10.3, 10.74, 10.25, 9.246, 6.86, 4.87, 5.2, 4.03, 2.35, 1.53, 1.44, 1.18, 1.62, 1.62, 1.85, 2.46, 2.25, 1.76, 2.15, 2.53, 2.19, 1.96, 1.55, 1.41, 1.35, 1.28, 1.37, 1.31, 2.5, 4.0, 4.65, 5.63, 6.804, 6.78, 6.52, 6.274, 5.64, 4.62, 3.75, 3.71, 4.33, 4.25, 3.51, 2.99, 2.82, 3.1, 3.29, 3.54, 3.31, 3.32, 3.72, 3.45, 2.93, 2.45, 2.8, 2.4, 2.06, 1.86, 1.83, 1.91, 1.64, 1.72, 1.28, 0, 1.18, 3.59, 4.35, 3.34, 2.5, 2.56, 2.9, 2.67, 2.57, 2.56, 2.16, 1.63, 2.15, 3.13, 3.93, 3.82, 3.76, 3.42, 3.03, 3.51, 4.31], [8.42, 9.52, 9.96, 9.47, 8.47, 6.08, 4.09, 4.42, 3.07, 1.63, 1.33, 1.18, 1.52, 2.24, 2.16, 2.47, 3.02, 2.75, 2.14, 2.61, 2.95, 2.61, 2.0, 1.47, 1.65, 1.75, 1.76, 1.67, 1.75, 3.28, 4.92, 5.63, 6.55, 7.65, 7.663, 7.418, 7.12, 6.5, 5.44, 4.47, 4.55, 5.17, 5.09, 4.39, 3.89, 3.66, 3.98, 4.23, 4.52, 4.11, 3.78, 4.28, 4.05, 3.51, 2.93, 3.34, 2.68, 1.52, 1.38, 1.81, 2.05, 2.16, 1.78, 1.04, 1.18, 0, 2.83, 3.55, 2.54, 1.76, 2.0, 2.1, 1.81, 1.87, 1.98, 1.66, 1.77, 2.97, 3.95, 4.75, 4.66, 4.66, 4.34, 3.87, 4.35, 5.23], [6.081, 7.184, 7.621, 7.122, 6.102, 3.749, 2.44, 2.89, 2.46, 2.56, 2.94, 3.07, 3.53, 4.31, 4.13, 4.68, 5.47, 5.2, 4.53, 5.02, 5.28, 4.74, 3.83, 3.32, 3.66, 4.08, 4.15, 4.12, 4.28, 5.73, 7.27, 7.9, 8.72, 9.9, 9.882, 9.63, 9.39, 8.77, 7.75, 6.7, 6.84, 7.48, 7.38, 6.8, 6.16, 5.91, 6.33, 6.5, 6.83, 6.6, 6.17, 6.47, 6.26, 5.98, 5.34, 5.67, 4.63, 3.15, 3.25, 3.56, 4.0, 4.39, 4.07, 3.03, 3.59, 2.83, 0, 1.14, 1.47, 2.13, 2.73, 2.11, 2.02, 1.84, 1.73, 2.53, 3.96, 5.1, 6.18, 6.98, 6.89, 6.83, 6.49, 6.1, 6.58, 7.5], [6.033, 7.136, 7.573, 7.074, 6.053, 3.841, 3.04, 3.59, 3.02, 3.12, 3.66, 3.83, 4.33, 5.11, 4.91, 5.4, 6.23, 5.94, 5.21, 5.68, 6.0, 5.5, 4.33, 4.02, 4.38, 4.84, 4.91, 4.86, 5.02, 6.41, 8.01, 8.6, 9.22, 10.18, 10.17, 9.99, 9.61, 9.01, 7.97, 6.92, 7.16, 7.84, 7.78, 7.44, 6.9, 6.63, 6.99, 7.24, 7.59, 7.32, 6.83, 7.19, 6.98, 6.66, 5.98, 6.25, 5.21, 3.75, 3.67, 4.14, 4.72, 5.17, 4.87, 3.87, 4.35, 3.55, 1.14, 0, 1.33, 2.33, 2.81, 2.25, 2.52, 2.32, 2.13, 2.85, 4.2, 5.3, 6.34, 7.16, 7.17, 7.13, 6.89, 6.76, 7.24, 8.14], [7.263, 8.366, 8.803, 8.304, 7.283, 4.911, 3.47, 3.94, 2.99, 2.73, 3.05, 3.14, 3.36, 4.1, 3.94, 4.51, 5.28, 5.01, 4.38, 4.89, 5.19, 4.71, 3.84, 3.33, 3.59, 3.95, 4.02, 3.97, 4.11, 5.38, 6.94, 7.53, 8.13, 9.01, 9.0, 8.84, 8.42, 7.8, 6.82, 5.85, 6.09, 6.75, 6.69, 6.37, 5.87, 5.6, 5.92, 6.17, 6.56, 6.33, 5.94, 6.2, 6.03, 5.73, 5.07, 5.38, 4.36, 2.88, 2.8, 3.23, 3.67, 4.12, 3.84, 2.9, 3.34, 2.54, 1.47, 1.33, 0, 1.18, 1.6, 1.34, 1.87, 1.49, 1.1, 1.68, 3.11, 4.17, 5.19, 5.99, 6.06, 5.98, 5.82, 5.71, 6.19, 7.09], [8.174, 9.28, 9.711, 9.212, 8.192, 5.807, 3.838, 4.231, 3.01, 2.25, 2.43, 2.48, 2.64, 3.3, 3.2, 3.69, 4.46, 4.17, 3.5, 4.03, 4.33, 4.05, 3.2, 2.69, 2.81, 3.13, 3.2, 3.05, 3.17, 4.46, 6.02, 6.63, 7.13, 7.97, 7.96, 7.8, 7.4, 6.8, 5.82, 5.01, 5.21, 5.75, 5.79, 5.49, 4.99, 4.7, 4.98, 5.23, 5.62, 5.41, 5.0, 5.32, 5.11, 4.77, 4.13, 4.5, 3.52, 2.04, 1.94, 2.33, 2.81, 3.2, 2.94, 2.06, 2.5, 1.76, 2.13, 2.33, 1.18, 0, 0.88, 0.94, 1.55, 1.17, 0.86, 1.24, 2.45, 3.37, 4.25, 5.03, 5.04, 4.94, 4.86, 4.77, 5.25, 6.11], [8.754, 9.857, 10.294, 9.795, 8.775, 6.402, 4.415, 4.788, 3.69, 2.55, 2.63, 2.7, 2.76, 3.3, 3.32, 3.81, 4.54, 4.25, 3.58, 4.05, 4.43, 4.21, 3.32, 2.77, 2.93, 3.23, 3.28, 3.15, 3.13, 4.28, 5.7, 6.35, 6.75, 7.51, 7.52, 7.38, 6.92, 6.3, 5.48, 4.73, 4.87, 5.39, 5.53, 5.19, 4.69, 4.4, 4.84, 5.05, 5.4, 5.23, 5.0, 5.26, 5.15, 4.75, 4.21, 4.56, 3.58, 2.32, 2.12, 2.47, 2.61, 2.94, 2.7, 2.18, 2.56, 2.0, 2.73, 2.81, 1.6, 0.88, 0, 1.28, 1.95, 1.47, 1.18, 1.42, 2.19, 3.11, 3.83, 4.53, 4.64, 4.54, 4.52, 4.45, 5.05, 5.77], [8.037, 9.14, 9.565, 9.072, 8.052, 5.679, 3.692, 4.037, 2.85, 2.21, 2.45, 2.56, 2.72, 3.38, 3.24, 3.71, 4.46, 4.11, 3.48, 3.91, 4.27, 4.01, 3.06, 2.57, 2.77, 3.19, 3.26, 3.15, 3.11, 4.36, 5.92, 6.57, 7.11, 8.05, 8.06, 7.88, 7.48, 6.88, 5.94, 5.01, 5.21, 5.83, 5.75, 5.41, 4.89, 4.7, 5.0, 5.19, 5.5, 5.25, 4.82, 5.12, 4.91, 4.63, 4.09, 4.46, 3.38, 1.92, 1.82, 2.27, 2.79, 3.2, 2.94, 2.38, 2.9, 2.1, 2.11, 2.25, 1.34, 0.94, 1.28, 0, 1.15, 1.13, 1.18, 1.66, 2.91, 3.91, 4.57, 5.19, 5.14, 5.06, 4.86, 4.81, 5.25, 6.15], [7.407, 8.53, 8.944, 8.454, 7.46, 5.049, 3.08, 3.45, 2.3, 1.48, 1.78, 1.87, 2.45, 3.25, 3.13, 3.6, 4.25, 3.84, 3.15, 3.54, 3.82, 3.36, 2.45, 1.96, 2.32, 2.74, 2.81, 2.68, 2.82, 4.23, 5.73, 6.4, 7.38, 8.42, 8.465, 8.208, 7.97, 7.43, 6.43, 5.42, 5.54, 6.18, 6.06, 5.32, 4.82, 4.67, 4.95, 5.14, 5.37, 4.94, 4.45, 4.87, 4.72, 4.32, 3.76, 4.03, 2.93, 1.53, 1.71, 2.2, 2.74, 3.21, 2.75, 1.93, 2.67, 1.81, 2.02, 2.52, 1.87, 1.55, 1.95, 1.15, 0, 1.04, 1.55, 2.11, 3.12, 4.24, 5.06, 5.68, 5.59, 5.49, 5.17, 4.9, 5.44, 6.24], [7.59, 8.71, 9.13, 8.6, 7.62, 5.21, 3.22, 3.55, 2.62, 1.84, 2.2, 2.25, 2.57, 3.15, 3.15, 3.7, 4.43, 4.08, 3.57, 4.06, 4.2, 3.84, 2.87, 2.32, 2.6, 2.9, 2.99, 2.9, 3.02, 4.47, 5.85, 6.46, 7.22, 8.32, 8.288, 8.028, 7.91, 7.31, 6.31, 5.24, 5.32, 6.0, 5.88, 5.38, 4.78, 4.67, 4.95, 5.18, 5.51, 5.2, 4.81, 5.05, 4.92, 4.58, 4.04, 4.43, 3.35, 1.95, 1.97, 2.3, 2.62, 3.01, 2.71, 1.91, 2.57, 1.87, 1.84, 2.32, 1.49, 1.17, 1.47, 1.13, 1.04, 0, 0.91, 1.59, 2.72, 3.82, 4.82, 5.44, 5.37, 5.31, 4.99, 4.7, 5.18, 6.0], [7.691, 8.794, 9.231, 8.732, 7.712, 5.339, 3.39, 3.8, 2.69, 2.15, 2.43, 2.54, 2.84, 3.42, 3.44, 4.01, 4.8, 4.39, 3.78, 4.27, 4.55, 4.23, 3.34, 2.77, 3.01, 3.31, 3.34, 3.25, 3.39, 4.72, 6.24, 6.87, 7.43, 8.45, 8.42, 8.22, 7.88, 7.24, 6.22, 5.25, 5.31, 6.01, 6.01, 5.71, 5.15, 4.82, 5.2, 5.47, 5.86, 5.63, 5.32, 5.64, 5.51, 5.13, 4.55, 4.94, 3.92, 2.42, 2.36, 2.69, 2.95, 3.26, 3.04, 2.14, 2.56, 1.98, 1.73, 2.13, 1.1, 0.86, 1.18, 1.18, 1.55, 0.91, 0, 1.1, 2.53, 3.63, 4.59, 5.39, 5.42, 5.36, 5.12, 4.93, 5.45, 6.29], [8.451, 9.554, 9.991, 9.492, 8.472, 6.099, 4.17, 4.56, 3.31, 2.39, 2.51, 2.46, 2.74, 3.3, 3.34, 3.77, 4.4, 4.07, 3.46, 3.95, 4.31, 3.99, 3.24, 2.77, 2.87, 2.99, 2.92, 2.85, 3.01, 4.14, 5.6, 6.27, 6.77, 7.71, 7.7, 7.52, 7.14, 6.48, 5.52, 4.89, 4.71, 5.31, 5.31, 5.03, 4.49, 4.36, 4.74, 4.99, 5.2, 5.19, 5.06, 5.52, 5.29, 4.83, 4.23, 4.66, 3.94, 2.52, 2.28, 2.61, 2.79, 2.8, 2.36, 1.76, 2.16, 1.66, 2.53, 2.85, 1.68, 1.24, 1.42, 1.66, 2.11, 1.59, 1.1, 0, 1.67, 2.85, 3.83, 4.65, 4.7, 4.62, 4.44, 4.31, 4.79, 5.67], [9.81, 10.91, 11.35, 10.859, 9.839, 7.466, 5