[[0, 0.73, 1.0, 1.14, 1.58, 1.76, 1.18, 1.83, 2.35, 2.92, 4.05, 4.98, 5.41, 5.32, 3.99, 3.49, 3.87, 4.62, 5.38, 5.64, 5.93, 4.68, 3.5, 3.92, 4.62, 3.5, 3.65, 3.68, 2.8, 3.08, 3.01, 2.72, 2.77, 2.25, 2.36, 2.07, 2.23, 2.31, 2.54, 3.24, 3.7, 3.93, 4.1, 4.29, 4.49, 4.21, 4.4, 5.48, 5.53, 5.66, 5.76, 5.43, 5.798, 6.304, 5.745, 5.27, 4.71, 4.3, 4.09, 3.58, 3.35, 3.56, 3.76, 3.17, 2.69, 3.0, 3.17, 3.48, 3.75, 4.554, 5.71, 6.42, 6.26, 6.15, 5.93, 5.78, 5.33, 4.69, 4.49, 5.43, 5.31, 4.84, 4.49, 4.75, 5.24, 5.29], [0.73, 0, 0.91, 1.13, 1.57, 1.79, 1.39, 1.92, 2.22, 2.81, 3.94, 4.87, 5.26, 5.17, 4.0, 3.34, 3.72, 4.47, 5.21, 5.49, 5.82, 4.59, 3.35, 3.79, 4.49, 3.35, 3.52, 3.57, 2.89, 3.33, 3.06, 3.05, 3.14, 2.7, 2.61, 2.36, 2.58, 2.7, 2.71, 3.31, 3.81, 4.0, 4.23, 4.38, 4.6, 4.34, 4.51, 5.59, 5.631, 5.741, 5.838, 5.508, 5.911, 6.414, 5.812, 5.34, 4.74, 4.39, 4.2, 3.67, 3.36, 3.63, 3.83, 3.2, 2.76, 3.19, 3.36, 3.61, 3.84, 4.684, 5.82, 6.53, 6.37, 6.26, 6.02, 5.87, 5.48, 4.82, 4.6, 5.54, 5.44, 4.95, 4.6, 4.86, 5.37, 5.44], [1.0, 0.91, 0, 1.0, 1.34, 1.64, 1.02, 1.73, 2.17, 2.8, 3.93, 4.82, 5.21, 5.12, 3.89, 3.27, 3.65, 4.42, 5.22, 5.42, 5.79, 4.56, 3.38, 3.78, 4.56, 3.42, 3.39, 3.56, 2.62, 2.94, 2.75, 2.6, 2.57, 2.23, 2.34, 2.25, 2.37, 2.53, 2.88, 3.42, 3.96, 4.19, 4.38, 4.55, 4.77, 4.43, 4.58, 5.64, 5.644, 5.834, 5.916, 5.566, 5.99, 6.45, 5.822, 5.43, 4.87, 4.5, 4.31, 3.68, 3.49, 3.64, 3.86, 3.27, 2.77, 3.24, 3.49, 3.7, 3.93, 4.774, 5.87, 6.6, 6.38, 6.31, 6.11, 5.96, 5.55, 4.89, 4.67, 5.59, 5.53, 5.06, 4.77, 4.97, 5.48, 5.53], [1.14, 1.13, 1.0, 0, 1.22, 1.56, 1.54, 2.03, 2.33, 3.02, 4.15, 5.02, 5.45, 5.38, 4.07, 3.51, 3.95, 4.66, 5.42, 5.68, 5.93, 4.74, 3.6, 4.08, 4.82, 3.7, 3.79, 3.9, 2.96, 3.22, 3.01, 2.78, 2.79, 2.33, 2.22, 2.25, 2.51, 2.65, 2.82, 3.42, 3.82, 4.03, 4.28, 4.41, 4.57, 4.31, 4.4, 5.5, 5.53, 5.631, 5.76, 5.39, 5.79, 6.304, 5.742, 5.45, 4.89, 4.4, 4.17, 3.6, 3.33, 3.54, 3.8, 3.15, 2.81, 3.18, 3.33, 3.52, 3.83, 4.7, 5.71, 6.42, 6.26, 6.15, 5.89, 5.74, 5.33, 4.65, 4.47, 5.43, 5.35, 4.98, 4.65, 4.87, 5.38, 5.49], [1.58, 1.57, 1.34, 1.22, 0, 0.88, 1.78, 2.55, 3.11, 3.68, 4.73, 5.66, 6.11, 6.08, 4.67, 4.15, 4.67, 5.22, 6.0, 6.26, 6.51, 5.4, 4.2, 4.64, 5.36, 4.26, 4.23, 4.46, 3.56, 3.76, 3.47, 2.68, 2.41, 2.01, 1.98, 1.65, 1.83, 2.23, 2.1, 2.48, 3.1, 3.35, 3.58, 3.73, 3.93, 3.69, 3.86, 4.92, 4.964, 5.074, 5.2, 4.85, 5.247, 5.787, 5.17, 4.51, 3.97, 3.72, 3.55, 2.96, 2.77, 2.92, 3.12, 2.55, 2.05, 2.5, 2.59, 2.86, 3.13, 3.983, 5.17, 5.88, 5.7, 5.59, 5.31, 5.18, 4.79, 4.07, 3.91, 4.89, 4.79, 4.16, 3.89, 4.03, 4.56, 4.55], [1.76, 1.79, 1.64, 1.56, 0.88, 0, 1.72, 2.63, 3.15, 3.88, 5.01, 5.92, 6.25, 6.14, 4.91, 4.29, 4.73, 5.5, 6.24, 6.48, 6.91, 5.68, 4.42, 4.86, 5.6, 4.44, 4.45, 4.6, 3.34, 3.42, 3.35, 2.68, 2.13, 1.73, 1.66, 1.41, 1.77, 1.91, 1.88, 2.36, 2.84, 3.17, 3.32, 3.39, 3.61, 3.23, 3.44, 4.54, 4.575, 4.8, 4.94, 4.75, 5.11, 5.47, 4.99, 4.51, 3.89, 3.38, 3.13, 2.78, 2.67, 2.66, 2.6, 2.09, 1.67, 1.96, 2.27, 2.4, 2.63, 3.577, 4.77, 5.46, 5.32, 5.25, 5.05, 4.9, 4.53, 3.89, 3.67, 4.47, 4.39, 3.96, 3.65, 3.85, 4.34, 4.45], [1.18, 1.39, 1.02, 1.54, 1.78, 1.72, 0, 1.11, 1.61, 2.26, 3.37, 4.28, 4.63, 4.54, 3.29, 2.69, 3.11, 3.86, 4.58, 4.88, 5.27, 4.04, 2.78, 3.24, 3.98, 2.88, 2.87, 3.02, 2.16, 2.52, 2.27, 2.08, 2.01, 1.71, 1.9, 1.93, 2.01, 2.47, 3.12, 3.8, 4.34, 4.61, 4.76, 4.93, 5.21, 4.87, 5.08, 6.18, 6.218, 6.362, 6.462, 6.172, 6.575, 6.995, 6.362, 5.81, 5.27, 4.9, 4.73, 4.2, 4.07, 4.12, 4.24, 3.73, 3.25, 3.548, 3.692, 3.865, 4.242, 5.192, 6.41, 7.1, 6.96, 6.85, 6.65, 6.5, 6.13, 5.49, 5.27, 6.13, 6.01, 5.44, 5.11, 5.33, 5.9, 5.93], [1.83, 1.92, 1.73, 2.03, 2.55, 2.63, 1.11, 0, 1.1, 1.63, 2.6, 3.45, 3.72, 3.65, 2.42, 1.96, 2.32, 2.99, 3.77, 4.05, 4.5, 3.31, 2.15, 2.57, 3.27, 2.33, 2.46, 2.37, 1.73, 2.07, 2.02, 1.99, 2.22, 2.1, 2.63, 2.82, 2.84, 3.3, 4.05, 4.67, 5.27, 5.56, 5.73, 5.92, 6.14, 5.8, 5.97, 7.05, 7.091, 7.321, 7.403, 7.105, 7.508, 7.914, 7.272, 6.66, 6.14, 5.85, 5.68, 5.15, 4.896, 5.03, 5.187, 4.637, 4.12, 4.421, 4.613, 4.807, 5.186, 6.102, 7.28, 8.03, 7.83, 7.78, 7.58, 7.45, 7.08, 6.44, 6.22, 7.04, 6.94, 6.35, 6.08, 6.24, 6.85, 6.88], [2.35, 2.22, 2.17, 2.33, 3.11, 3.15, 1.61, 1.1, 0, 1.21, 2.08, 2.93, 3.24, 3.21, 2.36, 1.38, 1.84, 2.51, 3.19, 3.49, 3.92, 2.83, 1.51, 2.09, 2.67, 1.93, 2.04, 2.01, 1.75, 2.25, 2.04, 2.13, 2.4, 2.52, 3.11, 3.36, 3.42, 3.64, 4.47, 5.15, 5.77, 6.08, 6.17, 6.34, 6.68, 6.3, 6.55, 7.67, 7.705, 7.852, 7.952, 7.622, 8.025, 8.459, 7.832, 7.18, 6.6, 6.29, 6.16, 5.67, 5.46, 5.57, 5.681, 5.171, 4.72, 5.035, 5.2, 5.355, 5.614, 6.624, 7.9, 8.57, 8.45, 8.34, 8.14, 7.99, 7.58, 6.94, 6.72, 7.58, 7.5, 6.97, 6.6, 6.7, 7.15, 7.24], [2.92, 2.81, 2.8, 3.02, 3.68, 3.88, 2.26, 1.63, 1.21, 0, 1.51, 2.24, 2.71, 2.58, 2.13, 1.23, 1.27, 1.88, 2.58, 2.78, 3.13, 2.08, 1.12, 1.38, 1.98, 1.4, 1.27, 1.22, 1.72, 2.22, 1.97, 2.38, 2.85, 3.17, 3.8, 4.05, 4.01, 4.47, 5.28, 5.9, 6.48, 6.75, 6.88, 7.09, 7.35, 7.03, 7.24, 8.36, 8.395, 8.525, 8.625, 8.275, 8.678, 9.158, 8.421, 7.89, 7.31, 7.06, 6.89, 6.34, 6.118, 6.28, 6.417, 5.884, 5.39, 5.74, 5.87, 6.028, 6.393, 7.332, 8.59, 9.26, 9.14, 9.03, 8.81, 8.66, 8.21, 7.57, 7.37, 8.27, 8.19, 7.56, 7.23, 7.45, 7.96, 7.99], [4.05, 3.94, 3.93, 4.15, 4.73, 5.01, 3.37, 2.6, 2.08, 1.51, 0, 1.47, 1.76, 1.77, 1.2, 1.32, 0.98, 0.99, 1.41, 1.75, 2.12, 1.33, 1.03, 1.13, 1.31, 1.31, 1.68, 1.41, 1.93, 2.35, 2.2, 2.89, 3.64, 4.28, 4.93, 5.16, 4.94, 5.54, 6.37, 6.91, 7.61, 7.88, 7.99, 8.2, 8.5, 8.14, 8.39, 9.51, 9.545, 9.675, 9.775, 9.425, 9.828, 10.299, 9.565, 8.86, 8.36, 8.15, 8.0, 7.49, 7.248, 7.41, 7.527, 7.011, 6.54, 6.875, 7.005, 7.178, 7.483, 8.43, 9.74, 10.41, 10.29, 10.18, 9.96, 9.81, 9.36, 8.72, 8.52, 9.42, 9.34, 8.69, 8.36, 8.46, 8.99, 8.98], [4.98, 4.87, 4.82, 5.02, 5.66, 5.92, 4.28, 3.45, 2.93, 2.24, 1.47, 0, 1.15, 1.14, 1.57, 2.13, 1.69, 1.3, 1.24, 1.38, 1.15, 0.8, 1.78, 1.72, 1.48, 2.54, 2.67, 2.02, 2.92, 3.28, 3.13, 3.88, 4.63, 5.25, 5.88, 6.15, 6.03, 6.55, 7.36, 7.94, 8.54, 8.83, 8.98, 9.17, 9.45, 9.13, 9.32, 10.42, 10.458, 10.602, 10.702, 10.352, 10.755, 11.221, 10.504, 9.93, 9.37, 9.14, 8.99, 8.42, 8.175, 8.36, 8.517, 7.967, 7.47, 7.788, 7.932, 8.105, 8.473, 9.42, 10.65, 11.34, 11.2, 11.09, 10.89, 10.74, 10.29, 9.65, 9.45, 10.35, 10.27, 9.6, 9.35, 9.49, 10.02, 10.03], [5.41, 5.26, 5.21, 5.45, 6.11, 6.25, 4.63, 3.72, 3.24, 2.71, 1.76, 1.15, 0, 0.51, 1.82, 2.3, 1.86, 1.47, 1.07, 1.51, 1.12, 1.13, 2.11, 2.05, 1.77, 2.73, 2.92, 2.39, 3.23, 3.59, 3.46, 4.21, 4.96, 5.58, 6.23, 6.46, 6.38, 6.84, 7.65, 8.25, 8.87, 9.18, 9.27, 9.48, 9.78, 9.46, 9.65, 10.77, 10.805, 10.952, 11.052, 10.742, 11.145, 11.571, 10.834, 10.24, 9.66, 9.45, 9.32, 8.75, 8.525, 8.71, 8.844, 8.314, 7.8, 8.135, 8.282, 8.467, 8.786, 9.747, 11.0, 11.67, 11.55, 11.44, 11.24, 11.09, 10.7, 10.06, 9.84, 10.68, 10.6, 9.97, 9.68, 9.82, 10.35, 10.38], [5.32, 5.17, 5.12, 5.38, 6.08, 6.14, 4.54, 3.65, 3.21, 2.58, 1.77, 1.14, 0.51, 0, 1.87, 2.29, 1.77, 1.44, 1.04, 1.6, 1.37, 1.24, 2.06, 1.84, 1.64, 2.62, 2.83, 2.32, 3.14, 3.48, 3.37, 4.12, 4.85, 5.43, 6.08, 6.33, 6.25, 6.77, 7.54, 8.18, 8.8, 9.07, 9.18, 9.41, 9.69, 9.31, 9.54, 10.66, 10.695, 10.859, 10.959, 10.669, 11.072, 11.472, 10.724, 10.17, 9.59, 9.34, 9.17, 8.66, 8.452, 8.56, 8.7, 8.164, 7.69, 8.025, 8.189, 8.362, 8.659, 9.609, 10.89, 11.56, 11.44, 11.35, 11.15, 11.0, 10.63, 9.99, 9.77, 10.59, 10.49, 9.9, 9.57, 9.73, 10.3, 10.33], [3.99, 4.0, 3.89, 4.07, 4.67, 4.91, 3.29, 2.42, 2.36, 2.13, 1.2, 1.57, 1.82, 1.87, 0, 1.44, 1.32, 1.57, 1.77, 2.25, 2.58, 1.67, 1.65, 1.93, 2.07, 2.07, 2.32, 2.01, 1.87, 2.15, 2.18, 2.75, 3.54, 4.22, 4.87, 5.04, 4.88, 5.38, 6.23, 6.77, 7.53, 7.84, 7.91, 8.1, 8.46, 8.08, 8.33, 9.45, 9.485, 9.632, 9.75, 9.382, 9.785, 10.236, 9.572, 8.74, 8.12, 8.05, 7.92, 7.43, 7.205, 7.35, 7.458, 6.948, 6.48, 6.815, 6.962, 7.135, 7.371, 8.361, 9.68, 10.35, 10.23, 10.12, 9.92, 9.77, 9.32, 8.68, 8.48, 9.36, 9.28, 8.63, 8.32, 8.38, 8.77, 8.78], [3.49, 3.34, 3.27, 3.51, 4.15, 4.29, 2.69, 1.96, 1.38, 1.23, 1.32, 2.13, 2.3, 2.29, 1.44, 0, 0.9, 1.47, 2.09, 2.71, 3.12, 2.17, 1.19, 1.67, 2.15, 1.27, 1.54, 1.45, 1.51, 1.93, 1.82, 2.21, 2.92, 3.58, 4.23, 4.42, 4.32, 4.8, 5.61, 6.19, 6.91, 7.22, 7.29, 7.48, 7.84, 7.46, 7.71, 8.829, 8.862, 9.012, 9.112, 8.802, 9.205, 9.616, 8.894, 8.2, 7.62, 7.43, 7.3, 6.79, 6.585, 6.73, 6.821, 6.311, 5.84, 6.192, 6.342, 6.515, 6.766, 7.724, 9.059, 9.71, 9.61, 9.5, 9.3, 9.15, 8.76, 8.12, 7.9, 8.74, 8.66, 8.03, 7.7, 7.78, 8.31, 8.32], [3.87, 3.72, 3.65, 3.95, 4.67, 4.73, 3.11, 2.32, 1.84, 1.27, 0.98, 1.69, 1.86, 1.77, 1.32, 0.9, 0, 1.05, 1.71, 2.23, 2.66, 1.67, 0.97, 1.57, 1.69, 1.53, 1.7, 1.37, 1.65, 1.95, 1.96, 2.61, 3.36, 3.96, 4.61, 4.76, 4.8, 5.22, 6.01, 6.65, 7.39, 7.68, 7.77, 7.96, 8.28, 7.86, 8.109, 9.229, 9.262, 9.446, 9.546, 9.213, 9.616, 10.01, 9.288, 8.68, 8.06, 7.79, 7.64, 7.21, 7.059, 7.129, 7.21, 6.705, 6.26, 6.592, 6.776, 6.949, 7.132, 8.162, 9.459, 10.13, 10.01, 9.94, 9.74, 9.59, 9.18, 8.54, 8.32, 9.14, 9.08, 8.51, 8.16, 8.24, 8.75, 8.8], [4.62, 4.47, 4.42, 4.66, 5.22, 5.5, 3.86, 2.99, 2.51, 1.88, 0.99, 1.3, 1.47, 1.44, 1.57, 1.47, 1.05, 0, 0.9, 1.46, 1.83, 1.28, 1.26, 1.44, 1.18, 1.68, 1.91, 1.6, 2.48, 2.86, 2.69, 3.4, 4.19, 4.81, 5.46, 5.71, 5.45, 6.07, 6.92, 7.46, 8.08, 8.35, 8.52, 8.71, 8.95, 8.69, 8.88, 9.94, 9.984, 10.134, 10.205, 9.935, 10.347, 10.821, 10.064, 9.37, 8.91, 8.72, 8.57, 8.02, 7.707, 7.94, 8.077, 7.544, 7.03, 7.314, 7.435, 7.637, 8.03, 8.98, 10.19, 10.9, 10.72, 10.61, 10.39, 10.26, 9.91, 9.25, 9.03, 9.95, 9.79, 9.16, 8.89, 9.03, 9.56, 9.53], [5.38, 5.21, 5.22, 5.42, 6.0, 6.24, 4.58, 3.77, 3.19, 2.58, 1.41, 1.24, 1.07, 1.04, 1.77, 2.09, 1.71, 0.9, 0, 1.08, 1.31, 1.28, 1.94, 1.66, 1.28, 2.24, 2.35, 2.16, 3.2, 3.56, 3.43, 4.12, 4.91, 5.57, 6.22, 6.43, 6.21, 6.77, 7.62, 8.16, 8.84, 9.11, 9.24, 9.41, 9.73, 9.43, 9.66, 10.76, 10.798, 10.908, 11.008, 10.718, 11.121, 11.575, 10.838, 10.05, 9.57, 9.42, 9.29, 8.78, 8.481, 8.7, 8.814, 8.301, 7.81, 8.128, 8.238, 8.411, 8.747, 9.717, 10.99, 11.68, 11.54, 11.43, 11.19, 11.04, 10.69, 10.03, 9.81, 10.71, 10.59, 9.94, 9.65, 9.73, 10.24, 10.23], [5.64, 5.49, 5.42, 5.68, 6.26, 6.48, 4.88, 4.05, 3.49, 2.78, 1.75, 1.38, 1.51, 1.6, 2.25, 2.71, 2.23, 1.46, 1.08, 0, 1.21, 1.36, 2.22, 2.0, 1.5, 2.28, 2.33, 2.2, 3.5, 3.86, 3.71, 4.38, 5.17, 5.81, 6.46, 6.69, 6.43, 7.05, 7.9, 8.44, 9.12, 9.43, 9.54, 9.75, 10.03, 9.69, 9.88, 11.0, 11.035, 11.199, 11.299, 10.969, 11.372, 11.801, 11.064, 10.35, 9.89, 9.68, 9.55, 8.98, 8.772, 8.94, 9.074, 8.544, 8.03, 8.365, 8.529, 8.717, 9.013, 9.977, 11.23, 11.9, 11.78, 11.69, 11.49, 11.34, 10.93, 10.29, 10.07, 10.91, 10.83, 10.2, 9.93, 9.99, 10.52, 10.49], [5.93, 5.82, 5.79, 5.93, 6.51, 6.91, 5.27, 4.5, 3.92, 3.13, 2.12, 1.15, 1.12, 1.37, 2.58, 3.12, 2.66, 1.83, 1.31, 1.21, 0, 1.25, 2.59, 2.23, 1.69, 2.97, 3.0, 2.63, 3.93, 4.29, 4.1, 4.79, 5.58, 6.22, 6.87, 7.1, 6.86, 7.46, 8.31, 8.85, 9.49, 9.76, 9.91, 10.1, 10.36, 10.1, 10.29, 11.39, 11.428, 11.538, 11.638, 11.288, 11.691, 12.191, 11.474, 10.76, 10.3, 10.09, 9.96, 9.39, 9.111, 9.35, 9.484, 8.954, 8.44, 8.758, 8.868, 9.047, 9.423, 10.387, 11.62, 12.31, 12.17, 12.06, 11.82, 11.67, 11.24, 10.58, 10.38, 11.32, 11.22, 10.57, 10.3, 10.4, 10.91, 10.88], [4.68, 4.59, 4.56, 4.74, 5.4, 5.68, 4.04, 3.31, 2.83, 2.08, 1.33, 0.8, 1.13, 1.24, 1.67, 2.17, 1.67, 1.28, 1.28, 1.36, 1.25, 0, 1.54, 1.58, 1.46, 2.24, 2.45, 1.96, 2.76, 3.16, 2.93, 3.68, 4.37, 4.99, 5.64, 5.89, 5.81, 6.31, 7.1, 7.7, 8.26, 8.53, 8.7, 8.89, 9.15, 8.87, 9.08, 10.16, 10.201, 10.331, 10.425, 10.075, 10.478, 10.978, 10.261, 9.69, 9.13, 8.88, 8.73, 8.18, 7.898, 8.12, 8.257, 7.724, 7.23, 7.531, 7.655, 7.834, 8.216, 9.16, 10.39, 11.1, 10.94, 10.83, 10.61, 10.46, 10.01, 9.37, 9.17, 10.11, 9.99, 9.38, 9.07, 9.25, 9.78, 9.79], [3.5, 3.35, 3.38, 3.6, 4.2, 4.42, 2.78, 2.15, 1.51, 1.12, 1.03, 1.78, 2.11, 2.06, 1.65, 1.19, 0.97, 1.26, 1.94, 2.22, 2.59, 1.54, 0, 1.04, 1.36, 1.34, 1.43, 1.12, 1.7, 2.14, 1.99, 2.5, 3.09, 3.71, 4.32, 4.51, 4.37, 4.89, 5.72, 6.26, 6.98, 7.27, 7.36, 7.55, 7.89, 7.53, 7.78, 8.9, 8.935, 9.065, 9.165, 8.855, 9.258, 9.689, 8.955, 8.25, 7.71, 7.52, 7.39, 6.88, 6.638, 6.8, 6.92, 6.41, 5.93, 6.265, 6.395, 6.568, 6.853, 7.814, 9.13, 9.8, 9.68, 9.57, 9.35, 9.2, 8.81, 8.17, 7.95, 8.81, 8.73, 8.08, 7.75, 7.83, 8.38, 8.39], [3.92, 3.79, 3.78, 4.08, 4.64, 4.86, 3.24, 2.57, 2.09, 1.38, 1.13, 1.72, 2.05, 1.84, 1.93, 1.67, 1.57, 1.44, 1.66, 2.0, 2.23, 1.58, 1.04, 0, 0.92, 1.26, 1.43, 1.08, 2.12, 2.54, 2.31, 2.9, 3.61, 4.11, 4.74, 5.01, 4.79, 5.39, 6.24, 6.78, 7.48, 7.77, 7.9, 8.11, 8.37, 7.99, 8.2, 9.3, 9.338, 9.516, 9.616, 9.266, 9.669, 10.095, 9.384, 8.69, 8.23, 8.02, 7.85, 7.32, 7.109, 7.22, 7.36, 6.83, 6.35, 6.668, 6.846, 7.019, 7.353, 8.283, 9.53, 10.24, 10.08, 10.01, 9.81, 9.66, 9.23, 8.59, 8.37, 9.23, 9.15, 8.52, 8.23, 8.33, 8.86, 8.85], [4.62, 4.49, 4.56, 4.82, 5.36, 5.6, 3.98, 3.27, 2.67, 1.98, 1.31, 1.48, 1.77, 1.64, 2.07, 2.15, 1.69, 1.18, 1.28, 1.5, 1.69, 1.46, 1.36, 0.92, 0, 1.8, 1.77, 1.38, 2.74, 3.18, 2.97, 3.56, 4.31, 4.87, 5.44, 5.67, 5.45, 6.03, 6.88, 7.42, 8.08, 8.39, 8.5, 8.71, 9.01, 8.67, 8.88, 10.0, 10.05, 10.2, 10.282, 9.952, 10.355, 10.798, 10.061, 9.33, 8.85, 8.66, 8.53, 7.98, 7.79, 7.92, 8.08, 7.55, 7.05, 7.365, 7.53, 7.685, 7.99, 8.957, 10.23, 10.9, 10.78, 10.67, 10.47, 10.32, 9.91, 9.27, 9.05, 9.91, 9.83, 9.18, 8.89, 8.97, 9.46, 9.45], [3.5, 3.35, 3.42, 3.7, 4.26, 4.44, 2.88, 2.33, 1.93, 1.4, 1.31, 2.54, 2.73, 2.62, 2.07, 1.27, 1.53, 1.68, 2.24, 2.28, 2.97, 2.24, 1.34, 1.26, 1.8, 0, 0.99, 1.18, 1.66, 2.16, 1.79, 2.38, 3.05, 3.59, 4.18, 4.45, 4.21, 4.83, 5.68, 6.22, 6.96, 7.25, 7.36, 7.59, 7.85, 7.47, 7.68, 8.8, 8.832, 9.019, 9.099, 8.829, 9.232, 9.629, 8.858, 8.13, 7.69, 7.48, 7.31, 6.8, 6.63, 6.7, 6.8, 6.29, 5.81, 6.162, 6.329, 6.502, 6.793, 7.743, 9.029, 9.68, 9.58, 9.49, 9.29, 9.16, 8.79, 8.15, 7.93, 8.75, 8.63, 8.0, 7.69, 7.79, 8.36, 8.33], [3.65, 3.52, 3.39, 3.79, 4.23, 4.45, 2.87, 2.46, 2.04, 1.27, 1.68, 2.67, 2.92, 2.83, 2.32, 1.54, 1.7, 1.91, 2.35, 2.33, 3.0, 2.45, 1.43, 1.43, 1.77, 0.99, 0, 1.05, 1.77, 2.29, 2.0, 2.39, 3.08, 3.68, 4.31, 4.5, 4.26, 4.84, 5.69, 6.21, 7.01, 7.32, 7.39, 7.58, 7.94, 7.54, 7.79, 8.909, 8.942, 9.109, 9.209, 8.879, 9.282, 9.696, 8.965, 8.14, 7.62, 7.51, 7.38, 6.87, 6.682, 6.81, 6.91, 6.391, 5.92, 6.272, 6.439, 6.612, 6.834, 7.804, 9.139, 9.79, 9.69, 9.6, 9.4, 9.25, 8.84, 8.2, 7.98, 8.82, 8.74, 8.11, 7.8, 7.82, 8.23, 8.2], [3.68, 3.57, 3.56, 3.9, 4.46, 4.6, 3.02, 2.37, 2.01, 1.22, 1.41, 2.02, 2.39, 2.32, 2.01, 1.45, 1.37, 1.6, 2.16, 2.2, 2.63, 1.96, 1.12, 1.08, 1.38, 1.18, 1.05, 0, 1.68, 2.18, 1.85, 2.42, 3.15, 3.73, 4.36, 4.61, 4.45, 4.97, 5.82, 6.38, 7.16, 7.45, 7.56, 7.79, 8.07, 7.63, 7.859, 8.979, 9.012, 9.231, 9.331, 9.021, 9.423, 9.789, 9.072, 8.31, 7.79, 7.6, 7.47, 7.0, 6.803, 6.9, 6.98, 6.47, 5.99, 6.362, 6.561, 6.733, 6.97, 7.92, 9.229, 9.92, 9.78, 9.73, 9.53, 9.38, 8.99, 8.35, 8.13, 8.91, 8.87, 8.24, 7.93, 7.93, 8.52, 8.53], [2.8, 2.89, 2.62, 2.96, 3.56, 3.34, 2.16, 1.73, 1.75, 1.72, 1.93, 2.92, 3.23, 3.14, 1.87, 1.51, 1.65, 2.48, 3.2, 3.5, 3.93, 2.76, 1.7, 2.12, 2.74, 1.66, 1.77, 1.68, 0, 0.76, 0.83, 1.3, 2.01, 2.53, 3.22, 3.39, 3.55, 3.83, 4.58, 5.3, 6.0, 6.29, 6.38, 6.53, 6.83, 6.41, 6.64, 7.76, 7.789, 8.036, 8.116, 7.889, 8.272, 8.67, 8.025, 7.41, 6.85, 6.42, 6.19, 5.86, 5.687, 5.72, 5.7, 5.212, 4.83, 5.159, 5.306, 5.499, 5.667, 6.717, 7.986, 8.653, 8.54, 8.47, 8.27, 8.18, 7.81, 7.17, 6.95, 7.75, 7.61, 7.22, 6.83, 6.91, 7.46, 7.55], [3.08, 3.33, 2.94, 3.22, 3.76, 3.42, 2.52, 2.07, 2.25, 2.22, 2.35, 3.28, 3.59, 3.48, 2.15, 1.93, 1.95, 2.86, 3.56, 3.86, 4.29, 3.16, 2.14, 2.54, 3.18, 2.16, 2.29, 2.18, 0.76, 0, 0.97, 1.38, 1.95, 2.45, 3.28, 3.51, 3.71, 3.97, 4.64, 5.44, 6.06, 6.37, 6.36, 6.49, 6.71, 6.31, 6.58, 7.56, 7.65, 7.82, 7.92, 7.79, 8.17, 8.53, 8.208, 7.61, 6.97, 6.4, 5.99, 5.98, 5.71, 5.82, 5.5, 5.07, 4.93, 5.1, 5.29, 5.46, 5.55, 6.62, 7.75, 8.48, 8.32, 8.25, 8.05, 7.94, 7.57, 6.93, 6.73, 7.61, 7.47, 7.24, 6.91, 6.97, 7.38, 7.59], [3.01, 3.06, 2.75, 3.01, 3.47, 3.35, 2.27, 2.02, 2.04, 1.97, 2.2, 3.13, 3.46, 3.37, 2.18, 1.82, 1.96, 2.69, 3.43, 3.71, 4.1, 2.93, 1.99, 2.31, 2.97, 1.79, 2.0, 1.85, 0.83, 0.97, 0, 1.07, 1.76, 2.24, 2.95, 3.28, 3.48, 3.68, 4.41, 5.33, 5.89, 6.22, 6.29, 6.48, 6.7, 6.22, 6.41, 7.521, 7.633, 7.943, 8.023, 7.746, 8.156, 8.507, 7.932, 7.24, 6.82, 6.33, 6.1, 5.77, 5.64, 5.57, 5.51, 4.951, 4.62, 5.023, 5.219, 5.372, 5.652, 6.567, 7.836, 8.546, 8.403, 8.4, 8.2, 8.11, 7.74, 7.1, 6.88, 7.66, 7.56, 7.17, 6.78, 6.82, 7.47, 7.56], [2.72, 3.05, 2.6, 2.78, 2.68, 2.68, 2.08, 1.99, 2.13, 2.38, 2.89, 3.88, 4.21, 4.12, 2.75, 2.21, 2.61, 3.4, 4.12, 4.38, 4.79, 3.68, 2.5, 2.9, 3.56, 2.38, 2.39, 2.42, 1.3, 1.38, 1.07, 0, 0.89, 1.63, 2.4, 2.59, 2.61, 2.85, 3.66, 4.4, 5.08, 5.47, 5.52, 5.73, 6.01, 5.53, 5.68, 6.833, 6.926, 7.253, 7.373, 7.13, 7.466, 7.846, 7.285, 6.31, 5.89, 5.52, 5.41, 5.08, 4.91, 4.84, 4.86, 4.29, 3.91, 4.373, 4.543, 4.656, 4.853, 5.82, 7.16, 7.85, 7.72, 7.71, 7.51, 7.42, 7.05, 6.41, 6.19, 6.97, 6.85, 6.34, 5.99, 5.89, 6.56, 6.61], [2.77, 3.14, 2.57, 2.79, 2.41, 2.13, 2.01, 2.22, 2.4, 2.85, 3.64, 4.63, 4.96, 4.85, 3.54, 2.92, 3.36, 4.19, 4.91, 5.17, 5.58, 4.37, 3.09, 3.61, 4.31, 3.05, 3.08, 3.15, 2.01, 1.95, 1.76, 0.89, 0, 1.0, 2.01, 2.08, 2.18, 2.4, 3.19, 3.73, 4.39, 4.68, 4.71, 4.92, 5.2, 4.74, 4.91, 6.021, 6.113, 6.55, 6.71, 6.52, 6.86, 7.16, 6.76, 5.8, 5.28, 4.87, 4.68, 4.53, 4.48, 4.27, 4.03, 3.48, 3.12, 3.61, 3.78, 3.909, 4.08, 4.987, 6.36, 7.043, 6.9, 6.9, 6.7, 6.61, 6.24, 5.62, 5.38, 6.16, 6.04, 5.57, 5.26, 5.26, 5.81, 5.88], [2.25, 2.7, 2.23, 2.33, 2.01, 1.73, 1.71, 2.1, 2.52, 3.17, 4.28, 5.25, 5.58, 5.43, 4.22, 3.58, 3.96, 4.81, 5.57, 5.81, 6.22, 4.99, 3.71, 4.11, 4.87, 3.59, 3.68, 3.73, 2.53, 2.45, 2.24, 1.63, 1.0, 0, 1.17, 1.34, 1.56, 1.78, 2.57, 3.31, 3.89, 4.16, 4.19, 4.42, 4.62, 4.16, 4.37, 5.45, 5.5, 5.806, 5.926, 5.72, 6.099, 6.499, 5.98, 5.34, 4.84, 4.29, 4.04, 3.75, 3.76, 3.57, 3.45, 2.9, 2.6, 2.97, 3.12, 3.29, 3.58, 4.484, 5.74, 6.43, 6.29, 6.26, 6.06, 5.97, 5.6, 4.98, 4.74, 5.52, 5.44, 5.01, 4.7, 4.82, 5.35, 5.48], [2.36, 2.61, 2.34, 2.22, 1.98, 1.66, 1.9, 2.63, 3.11, 3.8, 4.93, 5.88, 6.23, 6.08, 4.87, 4.23, 4.61, 5.46, 6.22, 6.46, 6.87, 5.64, 4.32, 4.74, 5.44, 4.18, 4.31, 4.36, 3.22, 3.28, 2.95, 2.4, 2.01, 1.17, 0, 0.87, 1.25, 1.55, 1.8, 2.78, 3.22, 3.53, 3.66, 3.83, 3.97, 3.49, 3.68, 4.74, 4.79, 5.1, 5.18, 4.923, 5.33, 5.686, 5.125, 4.69, 4.19, 3.66, 3.43, 3.08, 3.23, 2.82, 2.86, 2.27, 2.07, 2.24, 2.43, 2.54, 2.91, 3.9, 4.99, 5.68, 5.54, 5.51, 5.31, 5.22, 4.85, 4.21, 4.01, 4.81, 4.75, 4.48, 4.13, 4.19, 4.82, 4.95], [2.07, 2.36, 2.25, 2.25, 1.65, 1.41, 1.93, 2.82, 3.36, 4.05, 5.16, 6.15, 6.46, 6.33, 5.04, 4.42, 4.76, 5.71, 6.43, 6.69, 7.1, 5.89, 4.51, 5.01, 5.67, 4.45, 4.5, 4.61, 3.39, 3.51, 3.28, 2.59, 2.08, 1.34, 0.87, 0, 0.78, 1.2, 1.45, 2.11, 2.85, 3.12, 3.25, 3.44, 3.7, 3.22, 3.45, 4.55, 4.6, 4.93, 5.07, 4.86, 5.2, 5.519, 4.88, 4.2, 3.6, 3.23, 3.06, 2.77, 2.84, 2.55, 2.63, 2.12, 1.72, 2.09, 2.24, 2.39, 2.56, 3.524, 4.82, 5.51, 5.37, 5.34, 5.14, 5.05, 4.68, 4.08, 3.86, 4.64, 4.5, 4.05, 3.7, 3.74, 4.31, 4.38], [2.23, 2.58, 2.37, 2.51, 1.83, 1.77, 2.01, 2.84, 3.42, 4.01, 4.94, 6.03, 6.38, 6.25, 4.88, 4.32, 4.8, 5.45, 6.21, 6.43, 6.86, 5.81, 4.37, 4.79, 5.45, 4.21, 4.26, 4.45, 3.55, 3.71, 3.48, 2.61, 2.18, 1.56, 1.25, 0.78, 0, 1.04, 1.69, 2.17, 3.03, 3.32, 3.45, 3.66, 3.96, 3.5, 3.73, 4.83, 4.88, 5.17, 5.27, 4.98, 5.38, 5.719, 5.08, 4.12, 3.62, 3.37, 3.24, 3.03, 3.08, 2.87, 2.89, 2.36, 1.98, 2.37, 2.56, 2.63, 2.76, 3.73, 5.08, 5.77, 5.63, 5.58, 5.38, 5.27, 4.9, 4.32, 4.12, 4.86, 4.72, 4.09, 3.8, 3.72, 4.35, 4.34], [2.31, 2.7, 2.53, 2.65, 2.23, 1.91, 2.47, 3.3, 3.64, 4.47, 5.54, 6.55, 6.84, 6.77, 5.38, 4.8, 5.22, 6.07, 6.77, 7.05, 7.46, 6.31, 4.89, 5.39, 6.03, 4.83, 4.84, 4.97, 3.83, 3.97, 3.68, 2.85, 2.4, 1.78, 1.55, 1.2, 1.04, 0, 1.21, 2.13, 2.49, 2.8, 2.91, 3.06, 3.4, 2.92, 3.13, 4.21, 4.32, 4.65, 4.73, 4.46, 4.88, 5.23, 4.68, 3.7, 3.28, 2.83, 2.94, 2.95, 2.86, 2.33, 2.39, 2.02, 1.7, 2.23, 2.14, 2.19, 2.22, 3.21, 4.48, 5.19, 5.07, 5.08, 4.86, 4.77, 4.44, 3.94, 3.64, 4.4, 4.2, 3.73, 3.52, 3.34, 3.85, 3.96], [2.54, 2.71, 2.88, 2.82, 2.1, 1.88, 3.12, 4.05, 4.47, 5.28, 6.37, 7.36, 7.65, 7.54, 6.23, 5.61, 6.01, 6.92, 7.62, 7.9, 8.31, 7.1, 5.72, 6.24, 6.88, 5.68, 5.69, 5.82, 4.58, 4.64, 4.41, 3.66, 3.19, 2.57, 1.8, 1.45, 1.69, 1.21, 0, 1.38, 1.64, 1.99, 2.12, 2.19, 2.55, 2.07, 2.26, 3.34, 3.45, 3.78, 3.88, 3.63, 3.99, 4.343, 3.77, 3.01, 2.53, 2.1, 2.11, 2.1, 2.17, 1.66, 1.58, 1.27, 1.21, 1.56, 1.57, 1.6, 1.55, 2.4, 3.61, 4.32, 4.18, 4.19, 3.97, 3.88, 3.53, 2.95, 2.75, 3.49, 3.33, 3.0, 2.77, 2.63, 3.18, 3.25], [3.24, 3.31, 3.42, 3.42, 2.48, 2.36, 3.8, 4.67, 5.15, 5.9, 6.91, 7.94, 8.25, 8.18, 6.77, 6.19, 6.65, 7.46, 8.16, 8.44, 8.85, 7.7, 6.26, 6.78, 7.42, 6.22, 6.21, 6.38, 5.3, 5.44, 5.33, 4.4, 3.73, 3.31, 2.78, 2.11, 2.17, 2.13, 1.38, 0, 1.18, 1.75, 2.04, 1.97, 2.25, 1.85, 1.74, 2.82, 2.91, 3.34, 3.5, 3.33, 3.67, 3.95, 3.43, 2.43, 1.75, 1.68, 1.51, 1.7, 1.67, 1.4, 1.7, 1.71, 1.39, 1.76, 2.09, 1.9, 1.67, 1.9, 3.09, 3.76, 3.62, 3.57, 3.35, 3.24, 2.89, 2.41, 2.15, 2.85, 2.69, 2.22, 2.05, 2.07, 2.48, 2.51], [3.7, 3.81, 3.96, 3.82, 3.1, 2.84, 4.34, 5.27, 5.77, 6.48, 7.61, 8.54, 8.87, 8.8, 7.53, 6.91, 7.39, 8.08, 8.84, 9.12, 9.49, 8.26, 6.98, 7.48, 8.08, 6.96, 7.01, 7.16, 6.0, 6.06, 5.89, 5.08, 4.39, 3.89, 3.22, 2.85, 3.03, 2.49, 1.64, 1.18, 0, 1.07, 1.4, 1.31, 1.39, 1.19, 1.08, 1.94, 2.07, 2.54, 2.78, 2.67, 3.01, 3.41, 3.03, 2.21, 1.71, 1.52, 1.57, 1.92, 1.71, 1.28, 1.34, 1.59, 1.71, 1.62, 1.63, 1.44, 1.35, 1.36, 2.39, 2.98, 2.78, 2.67, 2.47, 2.36, 2.11, 1.83, 1.41, 2.13, 2.05, 1.8, 2.11, 2.01, 2.22, 2.33], [3.93, 4.0, 4.19, 4.03, 3.35, 3.17, 4.61, 5.56, 6.08, 6.75, 7.88, 8.83, 9.18, 9.07, 7.84, 7.22, 7.68, 8.35, 9.11, 9.43, 9.76, 8.53, 7.27, 7.77, 8.39, 7.25, 7.32, 7.45, 6.29, 6.37, 6.22, 5.47, 4.68, 4.16, 3.53, 3.12, 3.32, 2.8, 1.99, 1.75, 1.07, 0, 0.75, 0.66, 1.04, 1.12, 1.51, 2.29, 2.28, 2.81, 3.15, 2.98, 3.4, 4.04, 3.66, 2.92, 2.48, 2.33, 2.36, 2.73, 2.34, 1.89, 1.39, 1.88, 2.14, 2.03, 1.78, 1.67, 1.56, 1.69, 3.04, 3.27, 3.23, 3.12, 2.74, 2.29, 2.3, 2.1, 1.74, 2.36, 2.64, 2.49, 2.88, 2.86, 2.89, 2.88], [4.1, 4.23, 4.38, 4.28, 3.58, 3.32, 4.76, 5.73, 6.17, 6.88, 7.99, 8.98, 9.27, 9.18, 7.91, 7.29, 7.77, 8.52, 9.24, 9.54, 9.91, 8.7, 7.36, 7.9, 8.5, 7.36, 7.39, 7.56, 6.38, 6.36, 6.29, 5.52, 4.71, 4.19, 3.66, 3.25, 3.45, 2.91, 2.12, 2.04, 1.4, 0.75, 0, 0.47, 0.97, 1.17, 1.76, 2.44, 2.43, 3.1, 3.4, 3.33, 3.71, 4.29, 3.99, 3.15, 2.67, 2.54, 2.59, 2.96, 2.67, 2.18, 1.6, 2.03, 2.27, 2.18, 1.87, 1.66, 1.55, 1.58, 3.27, 3.34, 3.28, 3.29, 2.77, 2.3, 2.23, 2.07, 1.95, 2.45, 2.83, 2.72, 3.05, 2.95, 3.0, 3.07], [4.29, 4.38, 4.55, 4.41, 3.73, 3.39, 4.93, 5.92, 6.34, 7.09, 8.2, 9.17, 9.48, 9.41, 8.1, 7.48, 7.96, 8.71, 9.41, 9.75, 10.1, 8.89, 7.55, 8.11, 8.71, 7.59, 7.58, 7.79, 6.53, 6.49, 6.48, 5.73, 4.92, 4.42, 3.83, 3.44, 3.66, 3.06, 2.19, 1.97, 1.31, 0.66, 0.47, 0, 0.72, 1.08, 1.59, 2.27, 2.24, 2.91, 3.21, 3.14, 3.52, 4.1, 3.8, 3.02, 2.56, 2.41, 2.46, 2.89, 2.56, 2.11, 1.45, 2.14, 2.34, 2.15, 1.86, 1.69, 1.48, 1.39, 3.08, 3.17, 3.07, 3.08, 2.56, 2.05, 1.94, 1.9, 1.74, 2.26, 2.66, 2.59, 3.0, 2.88, 2.87, 2.94], [4.49, 4.6, 4.77, 4.57, 3.93, 3.61, 5.21, 6.14, 6.68, 7.35, 8.5, 9.45, 9.78, 9.69, 8.46, 7.84, 8.28, 8.95, 9.73, 10.03, 10.36, 9.15, 7.89, 8.37, 9.01, 7.85, 7.94, 8.07, 6.83, 6.71, 6.7, 6.01, 5.2, 4.62, 3.97, 3.7, 3.96, 3.4, 2.55, 2.25, 1.39, 1.04, 0.97, 0.72, 0, 0.86, 1.39, 1.81, 1.76, 2.37, 2.65, 2.58, 2.94, 3.58, 3.46, 2.8, 2.46, 2.27, 2.28, 2.69, 2.4, 1.87, 1.51, 2.18, 2.44, 2.13, 1.98, 1.69, 1.68, 1.21, 2.6, 2.69, 2.55, 2.56, 2.1, 1.75, 1.68, 1.7, 1.42, 1.92, 2.26, 2.39, 2.92, 2.86, 2.71, 2.76], [4.21, 4.34, 4.43, 4.31, 3.69, 3.23, 4.87, 5.8, 6.3, 7.03, 8.14, 9.13, 9.46, 9.31, 8.08, 7.46, 7.86, 8.69, 9.43, 9.69, 10.1, 8.87, 7.53, 7.99, 8.67, 7.47, 7.54, 7.63, 6.41, 6.31, 6.22, 5.53, 4.74, 4.16, 3.49, 3.22, 3.5, 2.92, 2.07, 1.85, 1.19, 1.12, 1.17, 1.08, 0.86, 0, 1.19, 1.91, 1.88, 2.45, 2.79, 2.62, 3.08, 3.58, 3.44, 2.68, 2.32, 2.15, 2.14, 2.51, 2.3, 1.57, 1.03, 1.58, 2.04, 1.81, 1.8, 1.57, 1.4, 1.23, 2.68, 2.81, 2.77, 2.74, 2.42, 2.27, 2.14, 1.9, 1.6, 2.16, 2.46, 2.39, 2.8, 2.58, 2.65, 2.74], [4.4, 4.51, 4.58, 4.4, 3.86, 3.44, 5.08, 5.97, 6.55, 7.24, 8.39, 9.32, 9.65, 9.54, 8.33, 7.71, 8.109, 8.88, 9.66, 9.88, 10.29, 9.08, 7.78, 8.2, 8.88, 7.68, 7.79, 7.859, 6.64, 6.58, 6.41, 5.68, 4.91, 4.37, 3.68, 3.45, 3.73, 3.13, 2.26, 1.74, 1.08, 1.51, 1.76, 1.59, 1.39, 1.19, 0, 1.34, 1.61, 2.28, 2.5, 2.37, 2.75, 3.01, 2.75, 2.03, 1.71, 1.5, 1.49, 1.98, 1.83, 1.36, 1.64, 1.77, 1.97, 1.86, 1.89, 1.64, 1.63, 1.3, 1.97, 2.44, 2.26, 2.25, 2.05, 1.9, 1.71, 1.63, 1.09, 1.51, 1.65, 1.58, 2.03, 2.11, 2.18, 2.27], [5.48, 5.59, 5.64, 5.5, 4.92, 4.54, 6.18, 7.05, 7.67, 8.36, 9.51, 10.42, 10.77, 10.66, 9.45, 8.829, 9.229, 9.94, 10.76, 11.0, 11.39, 10.16, 8.9, 9.3, 10.0, 8.8, 8.909, 8.979, 7.76, 7.56, 7.521, 6.833, 6.021, 5.45, 4.74, 4.55, 4.83, 4.21, 3.34, 2.82, 1.94, 2.29, 2.44, 2.27, 1.81, 1.91, 1.34, 0, 0.95, 1.32, 1.52, 1.43, 1.77, 2.23, 2.17, 1.85, 1.71, 1.64, 1.83, 2.16, 2.37, 2.1, 2.28, 2.73, 3.09, 2.94, 2.89, 2.64, 2.45, 1.86, 1.03, 1.38, 1.52, 1.45, 1.55, 1.68, 1.83, 2.01, 1.31, 1.17, 1.11, 1.42, 1.93, 2.03, 1.76, 1.81], [5.53, 5.631, 5.644, 5.53, 4.964, 4.575, 6.218, 7.091, 7.705, 8.395, 9.545, 10.458, 10.805, 10.695, 9.485, 8.862, 9.262, 9.984, 10.798, 11.035, 11.428, 10.201, 8.935, 9.338, 10.05, 8.832, 8.942, 9.012, 7.789, 7.65, 7.633, 6.926, 6.113, 5.5, 4.79, 4.6, 4.88, 4.32, 3.45, 2.91, 2.07, 2.28, 2.43, 2.24, 1.76, 1.88, 1.61, 0.95, 0, 1.05, 1.33, 1.5, 1.68, 2.14, 2.22, 2.08, 2.0, 2.03, 2.0, 2.35, 2.44, 2.21, 2.31, 2.9, 3.14, 2.93, 2.88, 2.77, 2.56, 2.01, 1.42, 1.53, 1.69, 1.66, 1.76, 1.85, 2.08, 2.28, 1.52, 1.4, 1.44, 1.85, 2.36, 2.34, 2.17, 2.2], [5.66, 5.741, 5.834, 5.631, 5.074, 4.8, 6.362, 7.321, 7.852, 8.525, 9.675, 10.602, 10.952, 10.859, 9.632, 9.012, 9.446, 10.134, 10.908, 11.199, 11.538, 10.331, 9.065, 9.516, 10.2, 9.019, 9.109, 9.231, 8.036, 7.82, 7.943, 7.253, 6.55, 5.806, 5.1, 4.93, 5.17, 4.65, 3.78, 3.34, 2.54, 2.81, 3.1, 2.91, 2.37, 2.45, 2.28, 1.32, 1.05, 0, 0.84, 0.95, 1.19, 1.77, 2.19, 2.17, 2.13, 2.02, 2.19, 2.3, 2.47, 2.5, 2.78, 3.39, 3.65, 3.3, 3.23, 3.28, 3.15, 2.62, 1.47, 1.72, 1.66, 1.59, 1.65, 1.8, 2.23, 2.43, 1.77, 1.71, 1.71, 1.84, 2.13, 2.29, 1.98, 2.07], [5.76, 5.838, 5.916, 5.76, 5.2, 4.94, 6.462, 7.403, 7.952, 8.625, 9.775, 10.702, 11.052, 10.959, 9.75, 9.112, 9.546, 10.205, 11.008, 11.299, 11.638, 10.425, 9.165, 9.616, 10.282, 9.099, 9.209, 9.331, 8.116, 7.92, 8.023, 7.373, 6.71, 5.926, 5.18, 5.07, 5.27, 4.73, 3.88, 3.5, 2.78, 3.15, 3.4, 3.21, 2.65, 2.79, 2.5, 1.52, 1.33, 0.84, 0, 0.63, 0.81, 1.39, 1.91, 2.07, 2.21, 2.02, 2.31, 2.52, 2.59, 2.68, 3.04, 3.63, 3.81, 3.52, 3.37, 3.42, 3.37, 2.82, 1.49, 1.4, 1.62, 1.55, 1.59, 2.04, 2.53, 2.71, 2.05, 1.89, 1.59, 1.7, 2.05, 2.25, 1.82, 1.79], [5.43, 5.508, 5.566, 5.39, 4.85, 4.75, 6.172, 7.105, 7.622, 8.275, 9.425, 10.352, 10.742, 10.669, 9.382, 8.802, 9.213, 9.935, 10.718, 10.969, 11.288, 10.075, 8.855, 9.266, 9.952, 8.829, 8.879, 9.021, 7.889, 7.79, 7.746, 7.13, 6.52, 5.72, 4.923, 4.86, 4.98, 4.46, 3.63, 3.33, 2.67, 2.98, 3.33, 3.14, 2.58, 2.62, 2.37, 1.43, 1.5, 0.95, 0.63, 0, 0.82, 1.54, 1.88, 2.0, 2.14, 1.89, 2.2, 2.19, 2.4, 2.45, 2.91, 3.5, 3.64, 3.41, 3.32, 3.35, 3.28, 2.75, 1.58, 1.55, 1.83, 1.76, 1.74, 2.17, 2.58, 2.7, 1.98, 1.82, 1.6, 1.57, 1.8, 2.04, 1.61, 1.64], [5.798, 5.911, 5.99, 5.79, 5.247, 5.11, 6.575, 7.508, 8.025, 8.678, 9.828, 10.755, 11.145, 11.072, 9.785, 9.205, 9.616, 10.347, 11.121, 11.372, 11.691, 10.478, 9.258, 9.669, 10.355, 9.232, 9.282, 9.423, 8.272, 8.17, 8.156, 7.466, 6.86, 6.099, 5.33, 5.2, 5.38, 4.88, 3.99, 3.67, 3.01, 3.4, 3.71, 3.52, 2.94, 3.08, 2.75, 1.77, 1.68, 1.19, 0.81, 0.82, 0, 0.98, 1.54, 1.94, 2.28, 2.13, 2.48, 2.53, 2.74, 2.79, 3.33, 3.88, 3.98, 3.77, 3.72, 3.65, 3.56, 3.01, 1.48, 1.19, 1.67, 1.66, 1.98, 2.39, 2.7, 2.98, 2.34, 1.84, 1.56, 1.77, 1.98, 2.22, 1.77, 1.84], [6.304, 6.414, 6.45, 6.304, 5.787, 5.47, 6.995, 7.914, 8.459, 9.158, 10.299, 11.221, 11.571, 11.472, 10.236, 9.616, 10.01, 10.821, 11.575, 11.801, 12.191, 10.978, 9.689, 10.095, 10.798, 9.629, 9.696, 9.789, 8.67, 8.53, 8.507, 7.846, 7.16, 6.499, 5.686, 5.519, 5.719, 5.23, 4.343, 3.95, 3.41, 4.04, 4.29, 4.1, 3.58, 3.58, 3.01, 2.23, 2.14, 1.77, 1.39, 1.54, 0.98, 0, 1.2, 2.12, 2.54, 2.45, 2.74, 2.87, 3.26, 3.15, 3.77, 4.2, 4.3, 4.13, 4.2, 4.07, 3.86, 3.17, 1.42, 1.19, 1.39, 1.7, 2.26, 2.73, 2.96, 3.38, 2.82, 2.12, 1.76, 2.01, 2.16, 2.24, 2.03, 2.06], [5.745, 5.812, 5.822, 5.742, 5.17, 4.99, 6.362, 7.272, 7.832, 8.421, 9.565, 10.504, 10.834, 10.724, 9.572, 8.894, 9.288, 10.064, 10.838, 11.064, 11.474, 10.261, 8.955, 9.384, 10.061, 8.858, 8.965, 9.072, 8.025, 8.208, 7.932, 7.285, 6.76, 5.98, 5.125, 4.88, 5.08, 4.68, 3.77, 3.43, 3.03, 3.66, 3.99, 3.8, 3.46, 3.44, 2.75, 2.17, 2.22, 2.19, 1.91, 1.88, 1.54, 1.2, 0, 1.58, 2.04, 2.03, 2.5, 2.45, 2.78, 2.59, 3.55, 4.06, 3.82, 3.97, 4.04, 3.79, 3.56, 2.79, 1.46, 1.61, 1.59, 1.76, 2.22, 2.83, 3.06, 3.44, 2.74, 2.26, 1.72, 1.63, 2.04, 2.1, 1.95, 1.96], [5.27, 5.34, 5.43, 5.45, 4.51, 4.51, 5.81, 6.66, 7.18, 7.89, 8.86, 9.93, 10.24, 10.17, 8.74, 8.2, 8.68, 9.37, 10.05, 10.35, 10.76, 9.69, 8.25, 8.69, 9.33, 8.13, 8.14, 8.31, 7.41, 7.61, 7.24, 6.31, 5.8, 5.34, 4.69, 4.2, 4.12, 3.7, 3.01, 2.43, 2.21, 2.92, 3.15, 3.02, 2.8, 2.68, 2.03, 1.85, 2.08, 2.17, 2.07, 2.0, 1.94, 2.12, 1.58, 0, 1.12, 1.49, 2.1, 2.43, 2.56, 2.03, 2.81, 3.26, 3.16, 3.51, 3.56, 3.33, 2.82, 2.25, 1.62, 2.03, 2.01, 2.1, 2.3, 2.65, 2.74, 3.1, 2.38, 2.04, 1.72, 1.45, 1.96, 1.8, 1.67, 1.6], [4.71, 4.74, 4.87, 4.89, 3.97, 3.89, 5.27, 6.14, 6.6, 7.31, 8.36, 9.37, 9.66, 9.59, 8.12, 7.62, 8.06, 8.91, 9.57, 9.89, 10.3, 9.13, 7.71, 8.23, 8.85, 7.69, 7.62, 7.79, 6.85, 6.97, 6.82, 5.89, 5.28, 4.84, 4.19, 3.6, 3.62, 3.28, 2.53, 1.75, 1.71, 2.48, 2.67, 2.56, 2.46, 2.32, 1.71, 1.71, 2.0, 2.13, 2.21, 2.14, 2.28, 2.54, 2.04, 1.12, 0, 0.85, 1.36, 1.81, 2.0, 1.67, 2.37, 2.84, 2.72, 2.95, 3.04, 2.91, 2.5, 2.03, 1.88, 2.49, 2.41, 2.34, 2.34, 2.31, 2.42, 2.64, 1.76, 1.76, 1.64, 1.19, 1.56, 1.38, 1.27, 1.28], [4.3, 4.39, 4.5, 4.4, 3.72, 3.38, 4.9, 5.85, 6.29, 7.06, 8.15, 9.14, 9.45, 9.34, 8.05, 7.43, 7.79, 8.72, 9.42, 9.68, 10.09, 8.88, 7.52, 8.02, 8.66, 7.48, 7.51, 7.6, 6.42, 6.4, 6.33, 5.52, 4.87, 4.29, 3.66, 3.23, 3.37, 2.83, 2.1, 1.68, 1.52, 2.33, 2.54, 2.41, 2.27, 2.15, 1.5, 1.64, 2.03, 2.02, 2.02, 1.89, 2.13, 2.45, 2.03, 1.49, 0.85, 0, 0.73, 1.3, 1.37, 1.34, 2.16, 2.57, 2.41, 2.64, 2.85, 2.64, 2.21, 1.92, 1.83, 2.54, 2.42, 2.41, 2.35, 2.34, 2.33, 2.43, 1.53, 1.79, 1.57, 1.16, 1.29, 1.21, 1.3, 1.37], [4.09, 4.2, 4.31, 4.17, 3.55, 3.13, 4.73, 5.68, 6.16, 6.89, 8.0, 8.99, 9.32, 9.17, 7.92, 7.3, 7.64, 8.57, 9.29, 9.55, 9.96, 8.73, 7.39, 7.85, 8.53, 7.31, 7.38, 7.47, 6.19, 5.99, 6.1, 5.41, 4.68, 4.04, 3.43, 3.06, 3.24, 2.94, 2.11, 1.51, 1.57, 2.36, 2.59, 2.46, 2.28, 2.14, 1.49, 1.83, 2.0, 2.19, 2.31, 2.2, 2.48, 2.74, 2.5, 2.1, 1.36, 0.73, 0, 1.13, 1.28, 1.45, 2.15, 2.34, 2.2, 2.31, 2.72, 2.47, 2.12, 2.01, 2.08, 2.73, 2.69, 2.68, 2.6, 2.53, 2.4, 2.3, 1.6, 1.98, 1.68, 1.53, 1.36, 1.4, 1.71, 1.82], [3.58, 3.67, 3.68, 3.6, 2.96, 2.78, 4.2, 5.15, 5.67, 6.34, 7.49, 8.42, 8.75, 8.66, 7.43, 6.79, 7.21, 8.02, 8.78, 8.98, 9.39, 8.18, 6.88, 7.32, 7.98, 6.8, 6.87, 7.0, 5.86, 5.98, 5.77, 5.08, 4.53, 3.75, 3.08, 2.77, 3.03, 2.95, 2.1, 1.7, 1.92, 2.73, 2.96, 2.89, 2.69, 2.51, 1.98, 2.16, 2.35, 2.3, 2.52, 2.19, 2.53, 2.87, 2.45, 2.43, 1.81, 1.3, 1.13, 0, 0.95, 1.36, 2.46, 2.37, 1.99, 2.28, 2.73, 2.58, 2.61, 2.54, 2.33, 2.98, 3.04, 2.99, 2.99, 2.88, 2.83, 2.67, 2.09, 2.23, 2.07, 1.74, 1.25, 1.51, 2.0, 2.11], [3.35, 3.36, 3.49, 3.33, 2.77, 2.67, 4.07, 4.896, 5.46, 6.118, 7.248, 8.175, 8.525, 8.452, 7.205, 6.585, 7.059, 7.707, 8.481, 8.772, 9.111, 7.898, 6.638, 7.109, 7.79, 6.63, 6.682, 6.803, 5.687, 5.71, 5.64, 4.91, 4.48, 3.76, 3.23, 2.84, 3.08, 2.86, 2.17, 1.67, 1.71, 2.34, 2.67, 2.56, 2.4, 2.3, 1.83, 2.37, 2.44, 2.47, 2.59, 2.4, 2.74, 3.26, 2.78, 2.56, 2.0, 1.37, 1.28, 0.95, 0, 1.19, 2.17, 2.46, 2.06, 2.37, 2.52, 2.33, 2.46, 2.27, 2.58, 3.31, 3.13, 3.06, 2.88, 2.85, 2.72, 2.44, 1.78, 2.5, 2.24, 1.83, 1.6, 2.02, 2.23, 2.36], [3.56, 3.63, 3.64, 3.54, 2.92, 2.66, 4.12, 5.03, 5.57, 6.28, 7.41, 8.36, 8.71, 8.56, 7.35, 6.73, 7.129, 7.94, 8.7, 8.94, 9.35, 8.12, 6.8, 7.22, 7.92, 6.7, 6.81, 6.9, 5.72, 5.82, 5.57, 4.84, 4.27, 3.57, 2.82, 2.55, 2.87, 2.33, 1.66, 1.4, 1.28, 1.89, 2.18, 2.11, 1.87, 1.57, 1.36, 2.1, 2.21, 2.5, 2.68, 2.45, 2.79, 3.15, 2.59, 2.03, 1.67, 1.34, 1.45, 1.36, 1.19, 0, 1.44, 1.81, 1.63, 2.02, 2.15, 1.84, 1.93, 1.76, 2.33, 3.04, 2.92, 2.95, 2.83, 2.84, 2.53, 2.31, 1.67, 2.27, 2.19, 1.94, 1.93, 2.01, 2.3, 2.35], [3.76, 3.83, 3.86, 3.8, 3.12, 2.6, 4.24, 5.187, 5.681, 6.417, 7.527, 8.517, 8.844, 8.7, 7.458, 6.821, 7.21, 8.077, 8.814, 9.074, 9.484, 8.257, 6.92, 7.36, 8.08, 6.8, 6.91, 6.98, 5.7, 5.5, 5.51, 4.86, 4.03, 3.45, 2.86, 2.63, 2.89, 2.39, 1.58, 1.7, 1.34, 1.39, 1.6, 1.45, 1.51, 1.03, 1.64, 2.28, 2.31, 2.78, 3.04, 2.91, 3.33, 3.77, 3.55, 2.81, 2.37, 2.16, 2.15, 2.46, 2.17, 1.44, 0, 1.15, 1.69, 1.66, 1.59, 1.48, 1.27, 1.46, 2.71, 3.2, 3.18, 3.17, 2.91, 2.88, 2.65, 2.33, 1.87, 2.63, 2.69, 2.56, 2.93, 2.69, 2.7, 2.85], [3.17, 3.2, 3.27, 3.15, 2.55, 2.09, 3.73, 4.637, 5.171, 5.884, 7.011, 7.967, 8.314, 8.164, 6.948, 6.311, 6.705, 7.544, 8.301, 8.544, 8.954, 7.724, 6.41, 6.83, 7.55, 6.29, 6.391, 6.47, 5.212, 5.07, 4.951, 4.29, 3.48, 2.9, 2.27, 2.12, 2.36, 2.02, 1.27, 1.71, 1.59, 1.88, 2.03, 2.14, 2.18, 1.58, 1.77, 2.73, 2.9, 3.39, 3.63, 3.5, 3.88, 4.2, 4.06, 3.26, 2.84, 2.57, 2.34, 2.37, 2.46, 1.81, 1.15, 0, 1.0, 1.03, 1.2, 1.35, 1.36, 2.05, 3.14, 3.75, 3.67, 3.64, 3.46, 3.37, 3.04, 2.46, 2.34, 2.98, 3.02, 2.93, 3.04, 3.0, 3.39, 3.54], [2.69, 2.76, 2.77, 2.81, 2.05, 1.67, 3.25, 4.12, 4.72, 5.39, 6.54, 7.47, 7.8, 7.69, 6.48, 5.84, 6.26, 7.03, 7.81, 8.03, 8.44, 7.23, 5.93, 6.35, 7.05, 5.81, 5.92, 5.99, 4.83, 4.93, 4.62, 3.91, 3.12, 2.6, 2.07, 1.72, 1.98, 1.7, 1.21, 1.39, 1.71, 2.14, 2.27, 2.34, 2.44, 2.04, 1.97, 3.09, 3.14, 3.65, 3.81, 3.64, 3.98, 4.3, 3.82, 3.16, 2.72, 2.41, 2.2, 1.99, 2.06, 1.63, 1.69, 1.0, 0, 1.05, 1.36, 1.33, 1.64, 2.29, 3.42, 4.05, 3.91, 3.96, 3.76, 3.67, 3.32, 2.7, 2.48, 3.24, 3.26, 2.83, 2.64, 2.78, 3.31, 3.36], [3.0, 3.19, 3.24, 3.18, 2.5, 1.96, 3.548, 4.421, 5.035, 5.74, 6.875, 7.788, 8.135, 8.025, 6.815, 6.192, 6.592, 7.314, 8.128, 8.365, 8.758, 7.531, 6.265, 6.668, 7.365, 6.162, 6.272, 6.362, 5.159, 5.1, 5.023, 4.373, 3.61, 2.97, 2.24, 2.09, 2.37, 2.23, 1.56, 1.76, 1.62, 2.03, 2.18, 2.15, 2.13, 1.81, 1.86, 2.94, 2.93, 3.3, 3.52, 3.41, 3.77, 4.13, 3.97, 3.51, 2.95, 2.64, 2.31, 2.28, 2.37, 2.02, 1.66, 1.03, 1.05, 0, 0.81, 1.06, 1.39, 2.1, 3.29, 3.9, 3.56, 3.47, 3.23, 3.12, 2.83, 2.19, 2.13, 2.83, 3.01, 2.9, 2.97, 3.03, 3.48, 3.59], [3.17, 3.36, 3.49, 3.33, 2.59, 2.27, 3.692, 4.613, 5.2, 5.87, 7.005, 7.932, 8.282, 8.189, 6.962, 6.342, 6.776, 7.435, 8.238, 8.529, 8.868, 7.655, 6.395, 6.846, 7.53, 6.329, 6.439, 6.561, 5.306, 5.29, 5.219, 4.543, 3.78, 3.12, 2.43, 2.24, 2.56, 2.14, 1.57, 2.09, 1.63, 1.78, 1.87, 1.86, 1.98, 1.8, 1.89, 2.89, 2.88, 3.23, 3.37, 3.32, 3.72, 4.2, 4.04, 3.56, 3.04, 2.85, 2.72, 2.73, 2.52, 2.15, 1.59, 1.2, 1.36, 0.81, 0, 0.75, 1.22, 2.07, 3.26, 3.77, 3.53, 3.36, 3.04, 2.97, 2.72, 2.16, 2.08, 2.8, 3.0, 2.87, 3.22, 3.16, 3.45, 3.58], [3.48, 3.61, 3.7, 3.52, 2.86, 2.4, 3.865, 4.807, 5.355, 6.028, 7.178, 8.105, 8.467, 8.362, 7.135, 6.515, 6.949, 7.637, 8.411, 8.717, 9.047, 7.834, 6.568, 7.019, 7.685, 6.502, 6.612, 6.733, 5.499, 5.46, 5.372, 4.656, 3.909, 3.29, 2.54, 2.39, 2.63, 2.19, 1.6, 1.9, 1.44, 1.67, 1.66, 1.69, 1.69, 1.57, 1.64, 2.64, 2.77, 3.28, 3.42, 3.35, 3.65, 4.07, 3.79, 3.33, 2.91, 2.64, 2.47, 2.58, 2.33, 1.84, 1.48, 1.35, 1.33, 1.06, 0.75, 0, 0.99, 1.76, 3.07, 3.48, 3.32, 3.29, 2.95, 2.86, 2.53, 2.07, 1.95, 2.69, 2.75, 2.7, 2.95, 2.91, 3.28, 3.39], [3.75, 3.84, 3.93, 3.83, 3.13, 2.63, 4.242, 5.186, 5.614, 6.393, 7.483, 8.473, 8.786, 8.659, 7.371, 6.766, 7.132, 8.03, 8.747, 9.013, 9.423, 8.216, 6.853, 7.353, 7.99, 6.793, 6.834, 6.97, 5.667, 5.55, 5.652, 4.853, 4.08, 3.58, 2.91, 2.56, 2.76, 2.22, 1.55, 1.67, 1.35, 1.56, 1.55, 1.48, 1.68, 1.4, 1.63, 2.45, 2.56, 3.15, 3.37, 3.28, 3.56, 3.86, 3.56, 2.82, 2.5, 2.21, 2.12, 2.61, 2.46, 1.93, 1.27, 1.36, 1.64, 1.39, 1.22, 0.99, 0, 1.25, 2.84, 3.19, 3.11, 2.98, 2.76, 2.67, 2.38, 2.0, 2.02, 2.48, 2.48, 2.33, 2.66, 2.4, 2.63, 2.84], [4.554, 4.684, 4.774, 4.7, 3.983, 3.577, 5.192, 6.102, 6.624, 7.332, 8.43, 9.42, 9.747, 9.609, 8.361, 7.724, 8.162, 8.98, 9.717, 9.977, 10.387, 9.16, 7.814, 8.283, 8.957, 7.743, 7.804, 7.92, 6.717, 6.62, 6.567, 5.82, 4.987, 4.484, 3.9, 3.524, 3.73, 3.21, 2.4, 1.9, 1.36, 1.69, 1.58, 1.39, 1.21, 1.23, 1.3, 1.86, 2.01, 2.62, 2.82, 2.75, 3.01, 3.17, 2.79, 2.25, 2.03, 1.92, 2.01, 2.54, 2.27, 1.76, 1.46, 2.05, 2.29, 2.1, 2.07, 1.76, 1.25, 0, 2.11, 2.5, 2.3, 2.25, 1.93, 2.02, 1.69, 1.57, 1.61, 1.99, 2.05, 1.84, 2.35, 2.07, 2.1, 2.25], [5.71, 5.82, 5.87, 5.71, 5.17, 4.77, 6.41, 7.28, 7.9, 8.59, 9.74, 10.65, 11.0, 10.89, 9.68, 9.059, 9.459, 10.19, 10.99, 11.23, 11.62, 10.39, 9.13, 9.53, 10.23, 9.029, 9.139, 9.229, 7.986, 7.75, 7.836, 7.16, 6.36, 5.74, 4.99, 4.82, 5.08, 4.48, 3.61, 3.09, 2.39, 3.04, 3.27, 3.08, 2.6, 2.68, 1.97, 1.03, 1.42, 1.47, 1.49, 1.58, 1.48, 1.42, 1.46, 1.62, 1.88, 1.83, 2.08, 2.33, 2.58, 2.33, 2.71, 3.14, 3.42, 3.29, 3.26, 3.07, 2.84, 2.11, 0, 1.17, 1.37, 1.3, 1.58, 1.95, 2.06, 2.42, 1.88, 1.3, 1.06, 1.45, 1.78, 1.94, 1.67, 1.78], [6.42, 6.53, 6.6, 6.42, 5.88, 5.46, 7.1, 8.03, 8.57, 9.26, 10.41, 11.34, 11.67, 11.56, 10.35, 9.71, 10.13, 10.9, 11.68, 11.9, 12.31, 11.1, 9.8, 10.24, 10.9, 9.68, 9.79, 9.92, 8.653, 8.48, 8.546, 7.85, 7.043, 6.43, 5.68, 5.51, 5.77, 5.19, 4.32, 3.76, 2.98, 3.27, 3.34, 3.17, 2.69, 2.81, 2.44, 1.38, 1.53, 1.72, 1.4, 1.55, 1.19, 1.19, 1.61, 2.03, 2.49, 2.54, 2.73, 2.98, 3.31, 3.04, 3.2, 3.75, 4.05, 3.9, 3.77, 3.48, 3.19, 2.5, 1.17, 0, 0.94, 1.17, 1.63, 2.08, 2.37, 2.75, 2.31, 1.63, 1.31, 1.78, 2.21, 2.35, 1.92, 1.95], [6.26, 6.37, 6.38, 6.26, 5.7, 5.32, 6.96, 7.83, 8.45, 9.14, 10.29, 11.2, 11.55, 11.44, 10.23, 9.61, 10.01, 10.72, 11.54, 11.78, 12.17, 10.94, 9.68, 10.08, 10.78, 9.58, 9.69, 9.78, 8.54, 8.32, 8.403, 7.72, 6.9, 6.29, 5.54, 5.37, 5.63, 5.07, 4.18, 3.62, 2.78, 3.23, 3.28, 3.07, 2.55, 2.77, 2.26, 1.52, 1.69, 1.66, 1.62, 1.83, 1.67, 1.39, 1.59, 2.01, 2.41, 2.42, 2.69, 3.04, 3.13, 2.92, 3.18, 3.67, 3.91, 3.56, 3.53, 3.32, 3.11, 2.3, 1.37, 0.94, 0, 0.97, 1.25, 1.7, 1.95, 2.33, 2.03, 1.77, 1.51, 1.86, 2.55, 2.59, 2.18, 2.15], [6.15, 6.26, 6.31, 6.15, 5.59, 5.25, 6.85, 7.78, 8.34, 9.03, 10.18, 11.09, 11.44, 11.35, 10.12, 9.5, 9.94, 10.61, 11.43, 11.69, 12.06, 10.83, 9.57, 10.01, 10.67, 9.49, 9.6, 9.73, 8.47, 8.25, 8.4, 7.71, 6.9, 6.26, 5.51, 5.34, 5.58, 5.08, 4.19, 3.57, 2.67, 3.12, 3.29, 3.08, 2.56, 2.74, 2.25, 1.45, 1.66, 1.59, 1.55, 1.76, 1.66, 1.7, 1.76, 2.1, 2.34, 2.41, 2.68, 2.99, 3.06, 2.95, 3.17, 3.64, 3.96, 3.47, 3.36, 3.29, 2.98, 2.25, 1.3, 1.17, 0.97, 0, 0.9, 1.41, 1.66, 2.22, 1.8, 1.54, 1.36, 1.73, 2.46, 2.52, 2.05, 2.14], [5.93, 6.02, 6.11, 5.89, 5.31, 5.05, 6.65, 7.58, 8.14, 8.81, 9.96, 10.89, 11.24, 11.15, 9.92, 9.3, 9.74, 10.39, 11.19, 11.49, 11.82, 10.61, 9.35, 9.81, 10.47, 9.29, 9.4, 9.53, 8.27, 8.05, 8.2, 7.51, 6.7, 6.06, 5.31, 5.14, 5.38, 4.86, 3.97, 3.35, 2.47, 2.74, 2.77, 2.56, 2.1, 2.42, 2.05, 1.55, 1.76, 1.65, 1.59, 1.74, 1.98, 2.26, 2.22, 2.3, 2.34, 2.35, 2.6, 2.99, 2.88, 2.83, 2.91, 3.46, 3.76, 3.23, 3.04, 2.95, 2.76, 1.93, 1.58, 1.63, 1.25, 0.9, 0, 0.83, 1.36, 1.8, 1.7, 1.58, 1.58, 1.79, 2.52, 2.64, 2.09, 2.16], [5.78, 5.87, 5.96, 5.74, 5.18, 4.9, 6.5, 7.45, 7.99, 8.66, 9.81, 10.74, 11.09, 11.0, 9.77, 9.15, 9.59, 10.26, 11.04, 11.34, 11.67, 10.46, 9.2, 9.66, 10.32, 9.16, 9.25, 9.38, 8.18, 7.94, 8.11, 7.42, 6.61, 5.97, 5.22, 5.05, 5.27, 4.77, 3.88, 3.24, 2.36, 2.29, 2.3, 2.05, 1.75, 2.27, 1.9, 1.68, 1.85, 1.8, 2.04, 2.17, 2.39, 2.73, 2.83, 2.65, 2.31, 2.34, 2.53, 2.88, 2.85, 2.84, 2.88, 3.37, 3.67, 3.12, 2.97, 2.86, 2.67, 2.02, 1.95, 2.08, 1.7, 1.41, 0.83, 0, 0.87, 1.51, 1.43, 1.35, 1.77, 1.98, 2.59, 2.63, 2.3, 2.39], [5.33, 5.48, 5.55, 5.33, 4.79, 4.53, 6.13, 7.08, 7.58, 8.21, 9.36, 10.29, 10.7, 10.63, 9.32, 8.76, 9.18, 9.91, 10.69, 10.93, 11.24, 10.01, 8.81, 9.23, 9.91, 8.79, 8.84, 8.99, 7.81, 7.57, 7.74, 7.05, 6.24, 5.6, 4.85, 4.68, 4.9, 4.44, 3.53, 2.89, 2.11, 2.3, 2.23, 1.94, 1.68, 2.14, 1.71, 1