[[0, 0.89, 1.78, 3.22, 3.49, 3.33, 3.37, 2.64, 2.45, 2.37, 2.31, 3.13, 4.254, 4.421, 3.94, 4.57, 5.45, 4.966, 5.053, 4.93, 4.57, 4.75, 4.41, 4.63, 5.81, 5.98, 7.18, 8.8, 9.48, 10.993, 13.296, 14.286, 15.259, 15.219, 14.569, 14.606, 14.06, 12.82, 12.66, 13.07, 13.28, 13.41, 13.785, 13.816, 13.319, 12.49, 11.4, 10.91, 10.91, 11.22, 11.805, 11.775, 10.99, 10.45, 9.97, 9.78, 9.01, 8.38, 8.57, 9.1, 8.528, 8.055, 7.329, 5.55, 3.38, 2.49, 2.07, 2.07, 2.18, 2.48, 2.3, 2.28, 1.98, 3.58, 3.92, 4.12, 2.87, 3.52, 3.59, 3.24, 2.73, 2.36, 2.67, 3.72, 4.39, 4.65], [0.89, 0, 1.39, 2.93, 3.2, 2.94, 3.04, 2.41, 2.44, 2.24, 2.02, 2.88, 4.004, 4.154, 3.67, 4.26, 5.12, 4.67, 4.726, 4.62, 4.2, 4.46, 4.1, 4.32, 5.48, 5.63, 6.87, 8.47, 9.19, 10.703, 12.949, 14.013, 14.969, 14.949, 14.319, 14.296, 13.75, 12.51, 12.39, 12.8, 13.01, 13.12, 13.463, 13.474, 12.994, 12.16, 11.11, 10.62, 10.62, 10.91, 11.501, 11.428, 10.68, 10.14, 9.66, 9.45, 8.7, 8.09, 8.34, 8.79, 8.198, 7.708, 7.028, 5.24, 3.23, 2.64, 2.4, 2.3, 2.37, 2.65, 2.45, 2.33, 2.07, 3.79, 4.11, 4.41, 3.12, 3.75, 3.86, 3.47, 2.98, 2.71, 2.98, 3.99, 4.6, 4.86], [1.78, 1.39, 0, 1.84, 2.09, 2.01, 1.73, 1.76, 1.93, 1.65, 1.47, 1.67, 2.847, 3.18, 2.56, 2.95, 3.87, 3.44, 3.587, 3.45, 3.15, 3.37, 2.89, 3.05, 4.23, 4.38, 5.7, 7.46, 8.3, 9.795, 11.959, 12.883, 13.831, 13.811, 13.16, 13.086, 12.52, 11.36, 11.26, 11.81, 12.1, 12.209, 12.504, 12.499, 12.019, 11.15, 10.08, 9.61, 9.51, 9.66, 10.259, 10.172, 9.51, 8.93, 8.345, 8.22, 7.41, 6.8, 7.09, 7.44, 6.91, 6.452, 5.786, 4.05, 2.6, 2.59, 2.87, 2.75, 2.72, 2.7, 2.66, 2.46, 2.7, 4.86, 5.3, 5.5, 4.27, 4.88, 5.03, 4.66, 4.15, 3.94, 4.23, 5.16, 5.69, 5.85], [3.22, 2.93, 1.84, 0, 0.69, 0.95, 1.11, 1.92, 2.07, 1.95, 2.11, 1.57, 1.69, 2.34, 2.08, 1.93, 2.63, 2.32, 2.41, 2.15, 2.11, 2.17, 1.93, 1.95, 2.99, 3.28, 4.4, 6.06, 7.04, 8.52, 10.681, 11.506, 12.462, 12.422, 11.809, 11.826, 11.28, 10.04, 9.88, 10.51, 10.816, 10.946, 11.216, 11.221, 10.738, 9.77, 8.78, 8.23, 8.19, 8.42, 9.019, 8.926, 8.21, 7.67, 7.082, 6.88, 6.09, 5.52, 5.73, 6.18, 5.61, 5.172, 4.58, 2.87, 2.2, 3.39, 4.23, 4.11, 3.96, 3.82, 3.66, 3.34, 4.16, 6.38, 6.74, 6.92, 5.61, 6.12, 6.33, 5.92, 5.51, 5.32, 5.57, 6.58, 7.19, 7.29], [3.49, 3.2, 2.09, 0.69, 0, 0.68, 0.9, 1.79, 2.06, 2.08, 2.34, 1.82, 1.5, 2.11, 1.93, 1.76, 2.32, 1.93, 2.1, 1.92, 1.92, 1.98, 1.68, 1.72, 2.66, 3.01, 4.11, 5.81, 6.75, 8.256, 10.354, 11.176, 12.129, 12.089, 11.456, 11.456, 10.91, 9.73, 9.55, 10.22, 10.57, 10.691, 10.955, 10.954, 10.491, 9.44, 8.49, 7.94, 7.88, 8.05, 8.652, 8.579, 7.86, 7.3, 6.74, 6.55, 5.76, 5.21, 5.4, 5.87, 5.32, 4.85, 4.21, 2.56, 2.01, 3.56, 4.42, 4.3, 4.11, 3.93, 3.81, 3.47, 4.35, 6.55, 6.99, 7.19, 5.88, 6.35, 6.6, 6.17, 5.82, 5.63, 5.88, 6.87, 7.48, 7.62], [3.33, 2.94, 2.01, 0.95, 0.68, 0, 1.08, 1.93, 2.26, 2.26, 2.54, 1.94, 1.38, 2.03, 2.03, 1.86, 2.42, 2.13, 2.14, 2.04, 1.8, 1.92, 1.78, 1.84, 2.82, 3.13, 4.23, 5.73, 6.51, 8.025, 10.192, 11.216, 12.198, 12.158, 11.559, 11.596, 11.05, 9.81, 9.59, 10.06, 10.35, 10.46, 10.817, 10.792, 10.372, 9.34, 8.35, 7.9, 7.96, 8.21, 8.801, 8.728, 7.98, 7.44, 6.94, 6.75, 5.98, 5.41, 5.58, 6.09, 5.52, 5.01, 4.33, 2.68, 1.89, 3.22, 4.12, 4.04, 3.83, 3.59, 3.45, 3.13, 4.05, 6.35, 6.73, 7.07, 5.64, 6.19, 6.38, 5.91, 5.6, 5.39, 5.68, 6.77, 7.38, 7.62], [3.37, 3.04, 1.73, 1.11, 0.9, 1.08, 0, 1.19, 1.52, 1.92, 2.18, 1.58, 1.66, 2.25, 1.85, 1.84, 2.42, 2.01, 2.16, 2.18, 1.84, 1.96, 1.58, 1.92, 2.74, 2.99, 4.17, 5.93, 6.91, 8.399, 10.488, 11.273, 12.224, 12.201, 11.55, 11.496, 10.95, 9.81, 9.69, 10.4, 10.723, 10.833, 11.114, 11.099, 10.725, 9.6, 8.57, 8.06, 7.96, 8.09, 8.695, 8.642, 7.9, 7.36, 6.88, 6.79, 5.98, 5.27, 5.56, 5.91, 5.44, 4.97, 4.27, 2.66, 1.87, 3.34, 4.06, 4.04, 3.83, 3.63, 3.55, 3.13, 4.09, 6.27, 6.83, 7.03, 5.78, 6.15, 6.48, 6.05, 5.74, 5.55, 5.8, 6.73, 7.3, 7.46], [2.64, 2.41, 1.76, 1.92, 1.79, 1.93, 1.19, 0, 0.61, 1.15, 1.55, 1.87, 2.45, 2.759, 2.18, 2.25, 3.11, 2.68, 2.81, 2.87, 2.61, 2.73, 2.19, 2.41, 3.37, 3.54, 4.98, 6.84, 7.793, 9.329, 11.395, 12.08, 13.045, 13.005, 12.397, 12.226, 11.64, 10.58, 10.56, 11.263, 11.604, 11.774, 11.972, 12.046, 11.646, 10.527, 9.42, 8.87, 8.73, 8.8, 9.439, 9.389, 8.702, 8.11, 7.59, 7.5, 6.65, 6.04, 6.37, 6.6, 6.03, 5.629, 4.926, 3.35, 1.6, 2.57, 3.29, 3.25, 3.06, 2.92, 2.78, 2.36, 3.32, 5.5, 6.06, 6.24, 5.05, 5.44, 5.75, 5.38, 5.07, 4.86, 5.15, 6.08, 6.57, 6.65], [2.45, 2.44, 1.93, 2.07, 2.06, 2.26, 1.52, 0.61, 0, 1.2, 1.54, 1.92, 2.8, 3.026, 2.31, 2.58, 3.4, 3.05, 3.18, 3.24, 2.9, 3.02, 2.46, 2.84, 3.6, 3.79, 5.25, 7.07, 8.012, 9.55, 11.671, 12.393, 13.341, 13.301, 12.639, 12.547, 11.987, 10.85, 10.83, 11.502, 11.841, 11.97, 12.219, 12.251, 11.845, 10.76, 9.71, 9.16, 9.0, 9.11, 9.741, 9.65, 8.989, 8.414, 7.86, 7.77, 6.96, 6.29, 6.66, 6.85, 6.28, 5.91, 5.23, 3.62, 1.83, 2.4, 3.1, 3.04, 2.83, 2.75, 2.65, 2.31, 3.19, 5.27, 5.87, 6.07, 4.84, 5.29, 5.54, 5.15, 4.84, 4.63, 4.9, 5.79, 6.36, 6.38], [2.37, 2.24, 1.65, 1.95, 2.08, 2.26, 1.92, 1.15, 1.2, 0, 0.88, 1.26, 2.88, 3.17, 2.25, 2.44, 3.54, 3.15, 3.32, 3.18, 3.24, 3.44, 2.84, 2.78, 3.8, 3.97, 5.69, 7.57, 8.529, 10.042, 12.171, 12.856, 13.751, 13.729, 13.024, 12.782, 12.204, 11.15, 11.19, 11.999, 12.34, 12.47, 12.67, 12.719, 12.262, 11.234, 10.25, 9.7, 9.3, 9.35, 9.96, 9.882, 9.289, 8.62, 8.02, 7.89, 7.08, 6.55, 6.9, 7.19, 6.44, 5.99, 5.45, 3.8, 2.05, 2.64, 3.28, 3.14, 3.01, 2.93, 2.75, 2.61, 3.23, 5.39, 5.85, 5.97, 4.76, 5.23, 5.48, 5.07, 4.72, 4.51, 4.76, 5.67, 6.18, 6.06], [2.31, 2.02, 1.47, 2.11, 2.34, 2.54, 2.18, 1.55, 1.54, 0.88, 0, 1.2, 3.16, 3.43, 2.53, 2.64, 3.7, 3.37, 3.46, 3.44, 3.54, 3.7, 3.14, 2.98, 3.92, 4.05, 5.93, 7.81, 8.769, 10.262, 12.408, 13.119, 14.022, 13.986, 13.296, 12.999, 12.382, 11.39, 11.447, 12.239, 12.529, 12.659, 12.859, 12.905, 12.499, 11.494, 10.51, 9.96, 9.52, 9.51, 10.154, 10.067, 9.557, 8.86, 8.2, 8.09, 7.3, 6.75, 7.14, 7.39, 6.6, 6.15, 5.59, 4.12, 2.43, 2.82, 3.34, 3.2, 3.11, 3.09, 3.09, 2.89, 3.23, 5.45, 5.83, 5.95, 4.78, 5.27, 5.44, 5.09, 4.718, 4.51, 4.76, 5.648, 6.158, 5.992], [3.13, 2.88, 1.67, 1.57, 1.82, 1.94, 1.58, 1.87, 1.92, 1.26, 1.2, 0, 2.3, 2.83, 2.09, 1.88, 2.78, 2.49, 2.52, 2.52, 2.68, 2.84, 2.38, 2.18, 2.98, 3.29, 5.09, 6.99, 7.89, 9.405, 11.548, 12.273, 13.123, 13.1, 12.41, 12.064, 11.462, 10.504, 10.581, 11.36, 11.701, 11.831, 12.027, 12.099, 11.616, 10.651, 9.67, 9.12, 8.6, 8.59, 9.197, 9.164, 8.657, 7.92, 7.26, 7.15, 6.36, 5.87, 6.24, 6.55, 5.66, 5.15, 4.67, 3.28, 2.53, 3.54, 4.18, 4.06, 3.91, 3.75, 3.67, 3.33, 4.15, 6.33, 6.75, 6.85, 5.64, 6.15, 6.38, 5.95, 5.598, 5.39, 5.64, 6.548, 7.058, 6.872], [4.254, 4.004, 2.847, 1.69, 1.5, 1.38, 1.66, 2.45, 2.8, 2.88, 3.16, 2.3, 0, 1.37, 1.83, 1.52, 1.42, 1.21, 1.36, 1.22, 1.1, 1.22, 1.18, 1.38, 1.8, 2.33, 3.19, 4.93, 5.81, 7.29, 9.394, 10.15, 11.086, 11.043, 10.39, 10.41, 9.89, 8.69, 8.53, 9.28, 9.594, 9.74, 9.976, 9.994, 9.534, 8.517, 7.53, 7.02, 6.86, 7.07, 7.62, 7.57, 6.78, 6.26, 5.76, 5.67, 4.9, 4.27, 4.46, 4.95, 4.38, 3.89, 3.25, 1.8, 2.05, 4.333, 5.08, 5.0, 4.81, 4.65, 4.47, 4.15, 5.125, 7.228, 7.76, 7.96, 6.724, 7.191, 7.481, 7.091, 6.738, 6.551, 6.852, 7.865, 8.457, 8.654], [4.421, 4.154, 3.18, 2.34, 2.11, 2.03, 2.25, 2.759, 3.026, 3.17, 3.43, 2.83, 1.37, 0, 1.6, 1.55, 1.79, 1.66, 1.69, 1.73, 1.47, 1.55, 1.51, 1.85, 1.95, 2.14, 3.08, 4.84, 5.74, 7.19, 9.35, 10.04, 10.964, 10.924, 10.28, 10.2, 9.66, 8.5, 8.44, 9.17, 9.44, 9.57, 9.75, 9.83, 9.33, 8.41, 7.52, 7.03, 6.83, 6.96, 7.41, 7.36, 6.61, 6.13, 5.83, 5.64, 4.89, 4.24, 4.57, 4.98, 4.27, 3.7, 3.04, 1.51, 2.16, 4.445, 5.034, 4.948, 4.867, 4.73, 4.51, 4.17, 5.158, 7.221, 7.904, 8.087, 7.054, 7.624, 7.811, 7.444, 7.031, 6.775, 7.085, 8.018, 8.585, 8.836], [3.94, 3.67, 2.56, 2.08, 1.93, 2.03, 1.85, 2.18, 2.31, 2.25, 2.53, 2.09, 1.83, 1.6, 0, 1.11, 2.15, 2.16, 2.23, 2.21, 2.25, 2.37, 2.09, 1.97, 2.33, 2.62, 4.04, 5.92, 6.78, 8.312, 10.35, 11.06, 11.99, 11.93, 11.272, 11.114, 10.56, 9.54, 9.46, 10.29, 10.622, 10.745, 10.97, 10.995, 10.569, 9.47, 8.48, 8.01, 7.81, 7.76, 8.31, 8.214, 7.57, 7.01, 6.39, 6.26, 5.47, 5.0, 5.29, 5.44, 4.83, 4.46, 3.86, 2.47, 2.62, 4.07, 4.93, 4.85, 4.66, 4.6, 4.46, 4.12, 4.8, 7.06, 7.48, 7.627, 6.417, 6.784, 7.114, 6.704, 6.391, 6.184, 6.434, 7.341, 7.851, 7.765], [4.57, 4.26, 2.95, 1.93, 1.76, 1.86, 1.84, 2.25, 2.58, 2.44, 2.64, 1.88, 1.52, 1.55, 1.11, 0, 1.38, 1.43, 1.6, 1.56, 2.02, 2.1, 1.8, 1.22, 1.62, 1.87, 3.61, 5.53, 6.39, 7.928, 9.991, 10.673, 11.491, 11.465, 10.856, 10.476, 9.784, 8.91, 9.05, 9.873, 10.211, 10.381, 10.527, 10.611, 10.199, 9.1, 8.11, 7.66, 7.22, 6.99, 7.654, 7.616, 7.06, 6.36, 5.78, 5.67, 4.82, 4.33, 4.78, 5.03, 4.16, 3.67, 3.07, 1.94, 2.45, 4.56, 5.36, 5.26, 5.09, 4.89, 4.75, 4.43, 5.33, 7.51, 8.07, 8.23, 7.06, 7.47, 7.76, 7.39, 7.08, 6.87, 7.16, 8.07, 8.56, 8.46], [5.45, 5.12, 3.87, 2.63, 2.32, 2.42, 2.42, 3.11, 3.4, 3.54, 3.7, 2.78, 1.42, 1.79, 2.15, 1.38, 0, 0.97, 1.06, 1.02, 1.74, 1.7, 1.62, 1.16, 0.98, 1.41, 2.61, 4.61, 5.53, 7.018, 9.059, 9.667, 10.448, 10.382, 9.736, 9.433, 8.81, 7.97, 8.083, 8.975, 9.325, 9.446, 9.635, 9.687, 9.275, 8.17, 7.13, 6.62, 6.2, 5.91, 6.481, 6.508, 5.96, 5.26, 4.74, 4.71, 3.9, 3.37, 3.86, 4.21, 3.5, 2.87, 2.35, 1.4, 2.83, 5.4, 6.12, 6.06, 5.89, 5.67, 5.55, 5.19, 6.13, 8.29, 8.93, 9.09, 7.92, 8.25, 8.64, 8.25, 7.98, 7.79, 8.1, 9.01, 9.48, 9.574], [4.966, 4.67, 3.44, 2.32, 1.93, 2.13, 2.01, 2.68, 3.05, 3.15, 3.37, 2.49, 1.21, 1.66, 2.16, 1.43, 0.97, 0, 0.85, 0.77, 1.31, 1.27, 1.09, 0.89, 1.25, 1.62, 3.02, 5.0, 5.9, 7.408, 9.44, 10.048, 10.795, 10.716, 10.146, 9.78, 9.3, 8.38, 8.436, 9.368, 9.725, 9.845, 10.027, 10.065, 9.599, 8.551, 7.5, 7.01, 6.53, 6.44, 6.95, 6.98, 6.29, 5.57, 5.29, 5.26, 4.47, 3.94, 4.39, 4.72, 4.05, 3.24, 2.6, 1.55, 2.28, 4.85, 5.51, 5.49, 5.32, 5.12, 4.98, 4.62, 5.6, 7.72, 8.34, 8.5, 7.348, 7.772, 8.145, 7.718, 7.442, 7.309, 7.619, 8.543, 9.033, 9.184], [5.053, 4.726, 3.587, 2.41, 2.1, 2.14, 2.16, 2.81, 3.18, 3.32, 3.46, 2.52, 1.36, 1.69, 2.23, 1.6, 1.06, 0.85, 0, 0.8, 1.46, 1.32, 1.08, 0.96, 1.36, 1.79, 3.25, 5.15, 6.01, 7.525, 9.511, 10.132, 10.854, 10.763, 10.241, 9.85, 9.43, 8.57, 8.57, 9.469, 9.85, 9.969, 10.138, 10.163, 9.781, 8.685, 7.61, 7.08, 6.66, 6.49, 6.98, 7.07, 6.4, 5.72, 5.38, 5.31, 4.46, 4.11, 4.6, 4.97, 4.18, 3.39, 2.69, 1.62, 2.35, 4.8, 5.58, 5.48, 5.31, 5.13, 4.99, 4.61, 5.55, 7.75, 8.368, 8.49, 7.395, 7.762, 8.135, 7.742, 7.512, 7.379, 7.689, 8.67, 9.16, 9.334], [4.93, 4.62, 3.45, 2.15, 1.92, 2.04, 2.18, 2.87, 3.24, 3.18, 3.44, 2.52, 1.22, 1.73, 2.21, 1.56, 1.02, 0.77, 0.8, 0, 1.4, 1.38, 1.32, 1.02, 1.5, 2.03, 3.09, 5.09, 6.01, 7.515, 9.524, 10.132, 10.891, 10.768, 10.229, 9.899, 9.45, 8.47, 8.521, 9.46, 9.822, 9.94, 10.129, 10.172, 9.709, 8.655, 7.61, 7.06, 6.62, 6.49, 6.941, 6.928, 6.28, 5.7, 5.2, 5.11, 4.32, 3.97, 4.4, 4.83, 4.14, 3.35, 2.83, 1.66, 2.39, 4.84, 5.62, 5.5, 5.33, 5.15, 5.01, 4.69, 5.59, 7.75, 8.35, 8.49, 7.36, 7.75, 8.16, 7.73, 7.44, 7.27, 7.58, 8.55, 9.037, 9.232], [4.57, 4.2, 3.15, 2.11, 1.92, 1.8, 1.84, 2.61, 2.9, 3.24, 3.54, 2.68, 1.1, 1.47, 2.25, 2.02, 1.74, 1.31, 1.46, 1.4, 0, 0.68, 1.02, 1.54, 1.76, 2.25, 3.11, 4.57, 5.53, 7.027, 9.082, 9.913, 10.807, 10.792, 10.162, 10.179, 9.71, 8.53, 8.35, 9.06, 9.341, 9.491, 9.743, 9.754, 9.294, 8.2, 7.13, 6.62, 6.64, 6.91, 7.447, 7.41, 6.58, 6.06, 5.96, 5.79, 5.0, 4.39, 4.7, 5.01, 4.42, 3.77, 3.03, 1.6, 2.01, 4.14, 4.88, 4.78, 4.63, 4.35, 4.25, 3.95, 4.87, 7.11, 7.91, 8.13, 6.88, 7.37, 7.7, 7.23, 6.96, 6.85, 7.12, 8.09, 8.74, 8.98], [4.75, 4.46, 3.37, 2.17, 1.98, 1.92, 1.96, 2.73, 3.02, 3.44, 3.7, 2.84, 1.22, 1.55, 2.37, 2.1, 1.7, 1.27, 1.32, 1.38, 0.68, 0, 0.94, 1.6, 1.76, 2.17, 3.11, 4.59, 5.37, 6.911, 8.865, 9.683, 10.527, 10.51, 9.928, 10.01, 9.59, 8.49, 8.05, 8.82, 9.19, 9.34, 9.531, 9.533, 9.108, 8.02, 6.99, 6.42, 6.28, 6.93, 7.453, 7.41, 6.56, 6.02, 5.98, 5.81, 5.04, 4.39, 4.64, 5.07, 4.38, 3.85, 3.01, 1.54, 1.87, 4.08, 4.76, 4.74, 4.57, 4.31, 4.27, 3.97, 4.83, 7.03, 7.99, 8.23, 7.04, 7.45, 7.8, 7.39, 7.16, 7.03, 7.34, 8.39, 8.98, 9.22], [4.41, 4.1, 2.89, 1.93, 1.68, 1.78, 1.58, 2.19, 2.46, 2.84, 3.14, 2.38, 1.18, 1.51, 2.09, 1.8, 1.62, 1.09, 1.08, 1.32, 1.02, 0.94, 0, 1.24, 1.76, 2.07, 3.37, 5.07, 5.943, 7.458, 9.459, 10.154, 11.035, 10.998, 10.308, 10.328, 9.89, 8.81, 8.57, 9.422, 9.83, 9.902, 10.121, 10.161, 9.745, 8.66, 7.51, 6.94, 6.76, 7.07, 7.604, 7.57, 6.72, 6.14, 5.98, 5.81, 5.04, 4.57, 4.82, 5.15, 4.5, 3.97, 3.17, 1.66, 1.89, 4.02, 4.78, 4.7, 4.51, 4.33, 4.19, 3.83, 4.77, 6.95, 7.69, 7.85, 6.74, 7.15, 7.5, 7.09, 6.86, 6.73, 7.04, 8.01, 8.52, 8.72], [4.63, 4.32, 3.05, 1.95, 1.72, 1.84, 1.92, 2.41, 2.84, 2.78, 2.98, 2.18, 1.38, 1.85, 1.97, 1.22, 1.16, 0.89, 0.96, 1.02, 1.54, 1.6, 1.24, 0, 1.4, 1.85, 3.53, 5.51, 6.43, 7.938, 9.946, 10.552, 11.294, 11.174, 10.635, 10.236, 9.75, 8.838, 8.981, 9.886, 10.242, 10.36, 10.545, 10.592, 10.173, 9.072, 8.01, 7.5, 7.06, 6.67, 7.229, 7.285, 6.731, 6.04, 5.52, 5.39, 4.58, 4.27, 4.74, 5.15, 4.32, 3.59, 2.97, 1.94, 2.41, 4.56, 5.38, 5.26, 5.09, 4.91, 4.77, 4.43, 5.33, 7.53, 8.11, 8.25, 7.12, 7.43, 7.82, 7.45, 7.16, 6.97, 7.28, 8.21, 8.68, 8.82], [5.81, 5.48, 4.23, 2.99, 2.66, 2.82, 2.74, 3.37, 3.6, 3.8, 3.92, 2.98, 1.8, 1.95, 2.33, 1.62, 0.98, 1.25, 1.36, 1.5, 1.76, 1.76, 1.76, 1.4, 0, 1.17, 2.59, 4.51, 5.39, 6.912, 8.902, 9.527, 10.279, 10.231, 9.607, 9.193, 8.67, 7.815, 7.906, 8.875, 9.21, 9.34, 9.531, 9.578, 9.152, 8.064, 6.95, 6.46, 6.0, 5.61, 6.274, 6.29, 5.82, 5.06, 4.76, 4.63, 3.88, 3.33, 3.92, 4.11, 3.24, 2.55, 2.05, 1.24, 2.99, 5.64, 6.3, 6.28, 6.13, 5.85, 5.77, 5.45, 6.35, 8.51, 9.29, 9.41, 8.3, 8.63, 9.02, 8.63, 8.34, 8.13, 8.44, 9.35, 9.82, 9.78], [5.98, 5.63, 4.38, 3.28, 3.01, 3.13, 2.99, 3.54, 3.79, 3.97, 4.05, 3.29, 2.33, 2.14, 2.62, 1.87, 1.41, 1.62, 1.79, 2.03, 2.25, 2.17, 2.07, 1.85, 1.17, 0, 2.68, 4.44, 5.4, 6.87, 8.955, 9.471, 10.253, 10.167, 9.677, 9.34, 8.84, 7.76, 7.999, 8.769, 9.096, 9.266, 9.391, 9.471, 9.079, 8.009, 6.98, 6.47, 6.09, 5.8, 6.548, 6.46, 6.05, 5.43, 5.19, 5.08, 4.27, 3.58, 4.37, 4.48, 3.53, 2.8, 2.04, 1.31, 3.02, 5.65, 6.29, 6.33, 6.18, 5.8, 5.8, 5.52, 6.32, 8.54, 9.44, 9.56, 8.45, 8.88, 9.17, 8.8, 8.51, 8.3, 8.61, 9.52, 9.99, 9.87], [7.18, 6.87, 5.7, 4.4, 4.11, 4.23, 4.17, 4.98, 5.25, 5.69, 5.93, 5.09, 3.19, 3.08, 4.04, 3.61, 2.61, 3.02, 3.25, 3.09, 3.11, 3.11, 3.37, 3.53, 2.59, 2.68, 0, 2.18, 3.06, 4.652, 6.755, 7.334, 8.225, 8.145, 7.672, 7.529, 7.02, 5.84, 5.9, 6.609, 6.916, 7.083, 7.281, 7.332, 6.937, 5.869, 4.76, 4.23, 4.07, 4.22, 4.811, 4.8, 3.95, 3.49, 3.43, 3.34, 2.77, 1.86, 2.41, 2.54, 2.59, 2.26, 1.88, 2.23, 4.5, 7.01, 7.67, 7.65, 7.5, 7.24, 7.14, 6.8, 7.72, 9.88, 10.58, 10.72, 9.59, 10.06, 10.35, 9.94, 9.67, 9.52, 9.83, 10.78, 11.31, 11.51], [8.8, 8.47, 7.46, 6.06, 5.81, 5.73, 5.93, 6.84, 7.07, 7.57, 7.81, 6.99, 4.93, 4.84, 5.92, 5.53, 4.61, 5.0, 5.15, 5.09, 4.57, 4.59, 5.07, 5.51, 4.51, 4.44, 2.18, 0, 1.42, 2.61, 4.658, 5.612, 6.674, 6.66, 6.095, 6.2, 5.76, 4.42, 4.14, 4.61, 4.88, 5.01, 5.29, 5.253, 4.899, 3.77, 2.84, 2.31, 2.53, 2.94, 3.67, 3.6, 2.75, 2.59, 2.77, 2.74, 2.57, 2.32, 2.09, 2.14, 2.59, 3.24, 3.24, 4.01, 5.98, 8.05, 8.75, 8.73, 8.58, 8.2, 8.18, 7.9, 8.72, 11.04, 11.88, 12.3, 10.93, 11.54, 11.59, 11.18, 10.99, 10.96, 11.21, 12.4, 13.05, 13.29], [9.48, 9.19, 8.3, 7.04, 6.75, 6.51, 6.91, 7.793, 8.012, 8.529, 8.769, 7.89, 5.81, 5.74, 6.78, 6.39, 5.53, 5.9, 6.01, 6.01, 5.53, 5.37, 5.943, 6.43, 5.39, 5.4, 3.06, 1.42, 0, 1.83, 4.042, 5.25, 6.189, 6.212, 5.761, 5.9, 5.48, 4.24, 3.76, 4.01, 4.26, 4.41, 4.71, 4.724, 4.362, 3.43, 2.52, 2.19, 2.41, 2.82, 3.47, 3.38, 2.55, 2.29, 2.59, 2.62, 2.75, 2.8, 2.37, 2.3, 2.79, 3.74, 3.82, 4.93, 6.84, 8.49, 9.17, 9.35, 9.14, 8.66, 8.58, 8.34, 9.28, 11.64, 12.64, 13.185, 11.81, 12.411, 12.41, 12.02, 11.75, 11.56, 11.75, 12.98, 13.73, 13.97], [10.993, 10.703, 9.795, 8.52, 8.256, 8.025, 8.399, 9.329, 9.55, 10.042, 10.262, 9.405, 7.29, 7.19, 8.312, 7.928, 7.018, 7.408, 7.525, 7.515, 7.027, 6.911, 7.458, 7.938, 6.912, 6.87, 4.652, 2.61, 1.83, 0, 2.48, 3.93, 4.824, 4.844, 4.33, 4.59, 4.25, 2.87, 2.39, 2.5, 2.77, 2.92, 3.18, 3.16, 2.78, 1.86, 1.67, 1.7, 2.28, 2.45, 2.58, 2.65, 2.12, 2.3, 3.04, 3.19, 3.88, 4.03, 3.56, 3.33, 4.065, 4.91, 5.258, 6.453, 8.338, 9.86, 10.6, 10.74, 10.55, 9.99, 9.95, 9.71, 10.71, 13.17, 14.13, 14.686, 13.305, 14.001, 13.86, 13.49, 13.248, 13.11, 13.229, 14.459, 15.246, 15.483], [13.296, 12.949, 11.959, 10.681, 10.354, 10.192, 10.488, 11.395, 11.671, 12.171, 12.408, 11.548, 9.394, 9.35, 10.35, 9.991, 9.059, 9.44, 9.511, 9.524, 9.082, 8.865, 9.459, 9.946, 8.902, 8.955, 6.755, 4.658, 4.042, 2.48, 0, 1.85, 2.66, 2.72, 2.51, 2.87, 2.73, 2.27, 1.75, 1.46, 1.51, 1.74, 1.64, 1.46, 1.6, 1.44, 2.29, 2.8, 3.3, 3.643, 3.04, 3.27, 3.396, 4.016, 4.835, 5.029, 5.813, 6.094, 5.425, 5.146, 6.056, 6.931, 7.286, 8.525, 10.489, 11.86, 12.64, 12.66, 12.43, 11.95, 12.05, 11.81, 12.69, 15.31, 16.313, 16.864, 15.463, 16.013, 15.906, 15.556, 15.432, 15.422, 15.617, 16.844, 17.512, 17.752], [14.286, 14.013, 12.883, 11.506, 11.176, 11.216, 11.273, 12.08, 12.393, 12.856, 13.119, 12.273, 10.15, 10.04, 11.06, 10.673, 9.667, 10.048, 10.132, 10.132, 9.913, 9.683, 10.154, 10.552, 9.527, 9.471, 7.334, 5.612, 5.25, 3.93, 1.85, 0, 1.37, 1.39, 1.38, 1.82, 2.0, 2.08, 2.06, 1.95, 1.98, 1.89, 1.81, 1.93, 2.11, 2.33, 3.1, 3.706, 3.97, 4.291, 3.67, 3.899, 4.009, 4.678, 5.471, 5.645, 6.409, 6.694, 6.056, 5.832, 6.69, 7.545, 7.894, 9.17, 11.247, 13.443, 14.103, 14.16, 13.993, 13.575, 13.65, 13.37, 14.17, 16.43, 17.384, 17.704, 16.499, 16.886, 17.128, 16.755, 16.582, 16.489, 16.819, 17.943, 18.51, 18.727], [15.259, 14.969, 13.831, 12.462, 12.129, 12.198, 12.224, 13.045, 13.341, 13.751, 14.022, 13.123, 11.086, 10.964, 11.99, 11.491, 10.448, 10.795, 10.854, 10.891, 10.807, 10.527, 11.035, 11.294, 10.279, 10.253, 8.225, 6.674, 6.189, 4.824, 2.66, 1.37, 0, 0.76, 1.23, 1.87, 2.37, 2.95, 2.91, 2.76, 2.83, 2.8, 2.5, 2.66, 2.8, 3.3, 4.11, 4.66, 4.68, 4.995, 4.356, 4.469, 4.729, 5.337, 6.173, 6.386, 7.136, 7.504, 6.946, 6.702, 7.489, 8.272, 8.676, 10.003, 12.137, 14.253, 14.97, 15.067, 14.82, 14.42, 14.577, 14.297, 15.057, 17.357, 18.42, 18.685, 17.521, 17.874, 18.19, 17.834, 17.621, 17.494, 17.838, 18.897, 19.455, 19.655], [15.219, 14.949, 13.811, 12.422, 12.089, 12.158, 12.201, 13.005, 13.301, 13.729, 13.986, 13.1, 11.043, 10.924, 11.93, 11.465, 10.382, 10.716, 10.763, 10.768, 10.792, 10.51, 10.998, 11.174, 10.231, 10.167, 8.145, 6.66, 6.212, 4.844, 2.72, 1.39, 0.76, 0, 1.07, 1.65, 2.15, 2.87, 2.79, 2.68, 2.81, 2.78, 2.42, 2.44, 2.62, 3.18, 3.994, 4.616, 4.74, 5.007, 4.225, 4.369, 4.617, 5.317, 6.088, 6.306, 7.036, 7.441, 6.906, 6.642, 7.466, 8.167, 8.613, 9.972, 12.043, 14.293, 15.01, 15.107, 14.86, 14.46, 14.617, 14.337, 15.097, 17.337, 18.423, 18.611, 17.487, 17.86, 18.21, 17.82, 17.59, 17.474, 17.801, 18.874, 19.435, 19.635], [14.569, 14.319, 13.16, 11.809, 11.456, 11.559, 11.55, 12.397, 12.639, 13.024, 13.296, 12.41, 10.39, 10.28, 11.272, 10.856, 9.736, 10.146, 10.241, 10.229, 10.162, 9.928, 10.308, 10.635, 9.607, 9.677, 7.672, 6.095, 5.761, 4.33, 2.51, 1.38, 1.23, 1.07, 0, 1.1, 1.78, 2.58, 2.58, 2.61, 2.68, 2.57, 2.53, 2.53, 2.69, 2.93, 3.56, 4.23, 4.41, 4.64, 3.73, 3.856, 4.042, 4.701, 5.489, 5.69, 6.477, 6.846, 6.216, 6.017, 6.827, 7.582, 8.046, 9.296, 11.498, 13.8, 14.477, 14.554, 14.35, 13.93, 14.064, 13.784, 14.547, 16.767, 17.838, 18.012, 16.902, 17.255, 17.625, 17.235, 17.005, 16.892, 17.202, 18.218, 18.779, 18.97], [14.606, 14.296, 13.086, 11.826, 11.456, 11.596, 11.496, 12.226, 12.547, 12.782, 12.999, 12.064, 10.41, 10.2, 11.114, 10.476, 9.433, 9.78, 9.85, 9.899, 10.179, 10.01, 10.328, 10.236, 9.193, 9.34, 7.529, 6.2, 5.9, 4.59, 2.87, 1.82, 1.87, 1.65, 1.1, 0, 1.14, 2.28, 2.76, 2.99, 3.02, 2.87, 2.95, 2.99, 3.17, 3.41, 3.78, 4.55, 4.27, 3.96, 3.31, 3.44, 3.81, 4.288, 5.13, 5.243, 6.056, 6.443, 6.096, 5.814, 6.493, 7.163, 7.6, 9.13, 11.478, 14.05, 14.69, 14.73, 14.58, 14.22, 14.22, 13.94, 14.74, 16.96, 17.938, 18.058, 16.965, 17.332, 17.705, 17.312, 17.082, 16.949, 17.259, 18.183, 18.673, 18.813], [14.06, 13.75, 12.52, 11.28, 10.91, 11.05, 10.95, 11.64, 11.987, 12.204, 12.382, 11.462, 9.89, 9.66, 10.56, 9.784, 8.81, 9.3, 9.43, 9.45, 9.71, 9.59, 9.89, 9.75, 8.67, 8.84, 7.02, 5.76, 5.48, 4.25, 2.73, 2.0, 2.37, 2.15, 1.78, 1.14, 0, 1.7, 2.36, 2.53, 2.54, 2.43, 2.37, 2.49, 2.73, 2.99, 3.4, 4.25, 3.91, 3.52, 3.01, 3.18, 3.49, 3.97, 4.73, 4.94, 5.69, 6.04, 5.57, 5.277, 5.93, 6.609, 7.04, 8.59, 11.02, 13.65, 14.29, 14.31, 14.16, 13.84, 13.78, 13.5, 14.34, 16.5, 17.46, 17.58, 16.49, 16.84, 17.23, 16.82, 16.59, 16.42, 16.73, 17.64, 18.13, 18.239], [12.82, 12.51, 11.36, 10.04, 9.73, 9.81, 9.81, 10.58, 10.85, 11.15, 11.39, 10.504, 8.69, 8.5, 9.54, 8.91, 7.97, 8.38, 8.57, 8.47, 8.53, 8.49, 8.81, 8.838, 7.815, 7.76, 5.84, 4.42, 4.24, 2.87, 2.27, 2.08, 2.95, 2.87, 2.58, 2.28, 1.7, 0, 1.06, 1.51, 1.76, 1.77, 1.93, 2.11, 1.95, 1.73, 2.02, 2.85, 2.59, 2.659, 2.29, 2.54, 2.53, 3.09, 3.85, 4.0, 4.77, 4.98, 4.57, 4.32, 5.05, 5.8, 6.18, 7.53, 9.78, 12.39, 13.03, 13.07, 12.92, 12.54, 12.54, 12.26, 13.06, 15.28, 16.2, 16.32, 15.21, 15.66, 15.93, 15.54, 15.29, 15.14, 15.45, 16.44, 16.95, 17.15], [12.66, 12.39, 11.26, 9.88, 9.55, 9.59, 9.69, 10.56, 10.83, 11.19, 11.447, 10.581, 8.53, 8.44, 9.46, 9.05, 8.083, 8.436, 8.57, 8.521, 8.35, 8.05, 8.57, 8.981, 7.906, 7.999, 5.9, 4.14, 3.76, 2.39, 1.75, 2.06, 2.91, 2.79, 2.58, 2.76, 2.36, 1.06, 0, 1.17, 1.62, 1.61, 1.83, 1.87, 1.61, 1.17, 1.66, 2.25, 2.29, 2.836, 2.49, 2.76, 2.67, 3.11, 4.01, 4.1, 4.863, 5.159, 4.43, 4.28, 5.11, 5.92, 6.376, 7.53, 9.5, 11.75, 12.41, 12.47, 12.3, 11.9, 11.96, 11.68, 12.5, 14.78, 15.82, 16.04, 14.91, 15.34, 15.65, 15.26, 15.01, 14.9, 15.23, 16.32, 16.89, 17.09], [13.07, 12.8, 11.81, 10.51, 10.22, 10.06, 10.4, 11.263, 11.502, 11.999, 12.239, 11.36, 9.28, 9.17, 10.29, 9.873, 8.975, 9.368, 9.469, 9.46, 9.06, 8.82, 9.422, 9.886, 8.875, 8.769, 6.609, 4.61, 4.01, 2.5, 1.46, 1.95, 2.76, 2.68, 2.61, 2.99, 2.53, 1.51, 1.17, 0, 0.75, 0.98, 0.98, 1.08, 1.08, 1.18, 2.07, 2.78, 3.1, 3.722, 3.12, 3.35, 3.38, 4.032, 4.879, 5.022, 5.78, 5.959, 5.382, 5.132, 6.015, 6.822, 7.197, 8.39, 10.295, 12.0, 12.62, 12.8, 12.55, 12.09, 12.23, 11.95, 12.77, 15.11, 16.15, 16.69, 15.32, 15.97, 16.0, 15.61, 15.38, 15.25, 15.52, 16.71, 17.36, 17.58], [13.28, 13.01, 12.1, 10.816, 10.57, 10.35, 10.723, 11.604, 11.841, 12.34, 12.529, 11.701, 9.594, 9.44, 10.622, 10.211, 9.325, 9.725, 9.85, 9.822, 9.341, 9.19, 9.83, 10.242, 9.21, 9.096, 6.916, 4.88, 4.26, 2.77, 1.51, 1.98, 2.83, 2.81, 2.68, 3.02, 2.54, 1.76, 1.62, 0.75, 0, 0.73, 0.93, 1.11, 1.33, 1.41, 2.42, 3.17, 3.49, 4.032, 3.43, 3.6, 3.73, 4.409, 5.195, 5.357, 6.12, 6.287, 5.732, 5.482, 6.353, 7.172, 7.56, 8.741, 10.64, 12.31, 12.95, 13.11, 12.88, 12.36, 12.46, 12.16, 13.08, 15.4, 16.42, 16.96, 15.61, 16.268, 16.15, 15.84, 15.57, 15.4, 15.65, 16.82, 17.55, 17.81], [13.41, 13.12, 12.209, 10.946, 10.691, 10.46, 10.833, 11.774, 11.97, 12.47, 12.659, 11.831, 9.74, 9.57, 10.745, 10.381, 9.446, 9.845, 9.969, 9.94, 9.491, 9.34, 9.902, 10.36, 9.34, 9.266, 7.083, 5.01, 4.41, 2.92, 1.74, 1.89, 2.8, 2.78, 2.57, 2.87, 2.43, 1.77, 1.61, 0.98, 0.73, 0, 1.12, 1.2, 1.26, 1.54, 2.53, 3.26, 3.64, 4.179, 3.58, 3.79, 3.88, 4.501, 5.325, 5.487, 6.277, 6.453, 5.849, 5.636, 6.509, 7.311, 7.708, 8.88, 10.729, 12.46, 13.08, 13.24, 13.03, 12.55, 12.57, 12.27, 13.19, 15.53, 16.47, 17.072, 15.76, 16.418, 16.32, 15.95, 15.68, 15.53, 15.78, 16.99, 17.64, 17.9], [13.785, 13.463, 12.504, 11.216, 10.955, 10.817, 11.114, 11.972, 12.219, 12.67, 12.859, 12.027, 9.976, 9.75, 10.97, 10.527, 9.635, 10.027, 10.138, 10.129, 9.743, 9.531, 10.121, 10.545, 9.531, 9.391, 7.281, 5.29, 4.71, 3.18, 1.64, 1.81, 2.5, 2.42, 2.53, 2.95, 2.37, 1.93, 1.83, 0.98, 0.93, 1.12, 0, 0.64, 0.8, 1.7, 2.83, 3.5, 3.845, 4.394, 3.84, 3.95, 4.04, 4.686, 5.514, 5.682, 6.446, 6.602, 6.058, 5.838, 6.672, 7.497, 7.85, 9.053, 10.972, 12.5, 13.24, 13.32, 13.09, 12.67, 12.79, 12.51, 13.31, 15.79, 16.83, 17.356, 16.0, 16.679, 16.58, 16.31, 16.08, 15.93, 16.18, 17.353, 17.997, 18.297], [13.816, 13.474, 12.499, 11.221, 10.954, 10.792, 11.099, 12.046, 12.251, 12.719, 12.905, 12.099, 9.994, 9.83, 10.995, 10.611, 9.687, 10.065, 10.163, 10.172, 9.754, 9.533, 10.161, 10.592, 9.578, 9.471, 7.332, 5.253, 4.724, 3.16, 1.46, 1.93, 2.66, 2.44, 2.53, 2.99, 2.49, 2.11, 1.87, 1.08, 1.11, 1.2, 0.64, 0, 0.8, 1.7, 2.85, 3.506, 3.94, 4.455, 3.779, 3.95, 4.055, 4.729, 5.551, 5.719, 6.482, 6.664, 6.081, 5.895, 6.73, 7.515, 7.907, 9.096, 11.009, 12.42, 13.24, 13.32, 13.05, 12.61, 12.75, 12.488, 13.29, 15.816, 16.853, 17.373, 16.034, 16.722, 16.512, 16.199, 16.006, 15.962, 16.183, 17.404, 18.052, 18.312], [13.319, 12.994, 12.019, 10.738, 10.491, 10.372, 10.725, 11.646, 11.845, 12.262, 12.499, 11.616, 9.534, 9.33, 10.569, 10.199, 9.275, 9.599, 9.781, 9.709, 9.294, 9.108, 9.745, 10.173, 9.152, 9.079, 6.937, 4.899, 4.362, 2.78, 1.6, 2.11, 2.8, 2.62, 2.69, 3.17, 2.73, 1.95, 1.61, 1.08, 1.33, 1.26, 0.8, 0.8, 0, 1.38, 2.49, 3.18, 3.54, 4.112, 3.58, 3.65, 3.74, 4.326, 5.144, 5.319, 6.091, 6.285, 5.688, 5.503, 6.321, 7.076, 7.519, 8.596, 10.501, 12.04, 12.795, 12.84, 12.57, 12.208, 12.29, 12.048, 12.91, 15.359, 16.376, 16.879, 15.563, 16.322, 16.232, 15.839, 15.566, 15.493, 15.723, 16.924, 17.572, 17.812], [12.49, 12.16, 11.15, 9.77, 9.44, 9.34, 9.6, 10.527, 10.76, 11.234, 11.494, 10.651, 8.517, 8.41, 9.47, 9.1, 8.17, 8.551, 8.685, 8.655, 8.2, 8.02, 8.66, 9.072, 8.064, 8.009, 5.869, 3.77, 3.43, 1.86, 1.44, 2.33, 3.3, 3.18, 2.93, 3.41, 2.99, 1.73, 1.17, 1.18, 1.41, 1.54, 1.7, 1.7, 1.38, 0, 1.43, 2.02, 2.42, 3.03, 2.82, 2.91, 2.8, 3.3, 4.14, 4.33, 5.06, 5.209, 4.7, 4.49, 5.245, 6.07, 6.426, 7.579, 9.57, 11.32, 12.1, 12.1, 11.93, 11.45, 11.55, 11.27, 12.09, 14.57, 15.49, 15.97, 14.62, 15.21, 15.2, 14.77, 14.66, 14.63, 14.82, 16.05, 16.72, 16.96], [11.4, 11.11, 10.08, 8.78, 8.49, 8.35, 8.57, 9.42, 9.71, 10.25, 10.51, 9.67, 7.53, 7.52, 8.48, 8.11, 7.13, 7.5, 7.61, 7.61, 7.13, 6.99, 7.51, 8.01, 6.95, 6.98, 4.76, 2.84, 2.52, 1.67, 2.29, 3.1, 4.11, 3.994, 3.56, 3.78, 3.4, 2.02, 1.66, 2.07, 2.42, 2.53, 2.83, 2.85, 2.49, 1.43, 0, 1.09, 1.57, 2.06, 2.63, 2.82, 2.35, 2.51, 3.21, 3.32, 3.95, 4.16, 3.57, 3.32, 4.19, 5.08, 5.38, 6.55, 8.54, 10.55, 11.25, 11.29, 11.1, 10.7, 10.72, 10.44, 11.26, 13.58, 14.52, 14.94, 13.61, 14.08, 14.31, 13.88, 13.63, 13.58, 13.85, 15.02, 15.63, 15.87], [10.91, 10.62, 9.61, 8.23, 7.94, 7.9, 8.06, 8.87, 9.16, 9.7, 9.96, 9.12, 7.02, 7.03, 8.01, 7.66, 6.62, 7.01, 7.08, 7.06, 6.62, 6.42, 6.94, 7.5, 6.46, 6.47, 4.23, 2.31, 2.19, 1.7, 2.8, 3.706, 4.66, 4.616, 4.23, 4.55, 4.25, 2.85, 2.25, 2.78, 3.17, 3.26, 3.5, 3.506, 3.18, 2.02, 1.09, 0, 1.3, 1.91, 2.74, 2.95, 2.48, 2.44, 3.02, 3.19, 3.68, 3.87, 3.36, 3.07, 3.88, 4.83, 4.95, 6.02, 7.99, 9.96, 10.62, 10.66, 10.51, 10.11, 10.15, 9.87, 10.67, 12.99, 13.93, 14.39, 13.08, 13.51, 13.7, 13.31, 13.12, 13.09, 13.38, 14.55, 15.18, 15.42], [10.91, 10.62, 9.51, 8.19, 7.88, 7.96, 7.96, 8.73, 9.0, 9.3, 9.52, 8.6, 6.86, 6.83, 7.81, 7.22, 6.2, 6.53, 6.66, 6.62, 6.64, 6.28, 6.76, 7.06, 6.0, 6.09, 4.07, 2.53, 2.41, 2.28, 3.3, 3.97, 4.68, 4.74, 4.41, 4.27, 3.91, 2.59, 2.29, 3.1, 3.49, 3.64, 3.845, 3.94, 3.54, 2.42, 1.57, 1.3, 0, 1.55, 2.6, 2.65, 2.16, 2.06, 2.68, 2.79, 3.32, 3.51, 3.1, 2.97, 3.54, 4.43, 4.53, 5.62, 7.67, 10.1, 10.76, 10.82, 10.63, 10.27, 10.33, 10.05, 10.83, 13.07, 14.09, 14.31, 13.18, 13.57, 13.9, 13.51, 13.28, 13.17, 13.5, 14.55, 15.06, 15.26], [11.22, 10.91, 9.66, 8.42, 8.05, 8.21, 8.09, 8.8, 9.11, 9.35, 9.51, 8.59, 7.07, 6.96, 7.76, 6.99, 5.91, 6.44, 6.49, 6.49, 6.91, 6.93, 7.07, 6.67, 5.61, 5.8, 4.22, 2.94, 2.82, 2.45, 3.643, 4.291, 4.995, 5.007, 4.64, 3.96, 3.52, 2.659, 2.836, 3.722, 4.032, 4.179, 4.394, 4.455, 4.112, 3.03, 2.06, 1.91, 1.55, 0, 1.71, 1.84, 1.69, 1.45, 1.79, 2.0, 2.57, 3.04, 2.83, 2.5, 3.07, 3.72, 4.18, 5.87, 8.32, 10.97, 11.61, 11.63, 11.48, 11.14, 11.1, 10.82, 11.64, 13.82, 14.7, 14.82, 13.71, 14.02, 14.41, 14.04, 13.75, 13.56, 13.87, 14.76, 15.25, 15.37], [11.805, 11.501, 10.259, 9.019, 8.652, 8.801, 8.695, 9.439, 9.741, 9.96, 10.154, 9.197, 7.62, 7.41, 8.31, 7.654, 6.481, 6.95, 6.98, 6.941, 7.447, 7.453, 7.604, 7.229, 6.274, 6.548, 4.811, 3.67, 3.47, 2.58, 3.04, 3.67, 4.356, 4.225, 3.73, 3.31, 3.01, 2.29, 2.49, 3.12, 3.43, 3.58, 3.84, 3.779, 3.58, 2.82, 2.63, 2.74, 2.6, 1.71, 0, 0.99, 1.14, 1.56, 2.04, 2.336, 3.069, 3.596, 3.289, 2.993, 3.72, 4.19, 4.81, 6.427, 8.865, 11.533, 12.175, 12.173, 12.023, 11.725, 11.645, 11.36, 12.225, 14.405, 15.251, 15.374, 14.261, 14.591, 14.978, 14.591, 14.335, 14.162, 14.472, 15.385, 15.872, 16.012], [11.775, 11.428, 10.172, 8.926, 8.579, 8.728, 8.642, 9.389, 9.65, 9.882, 10.067, 9.164, 7.57, 7.36, 8.214, 7.616, 6.508, 6.98, 7.07, 6.928, 7.41, 7.41, 7.57, 7.285, 6.29, 6.46, 4.8, 3.6, 3.38, 2.65, 3.27, 3.899, 4.469, 4.369, 3.856, 3.44, 3.18, 2.54, 2.76, 3.35, 3.6, 3.79, 3.95, 3.95, 3.65, 2.91, 2.82, 2.95, 2.65, 1.84, 0.99, 0, 1.05, 1.63, 1.97, 2.28, 3.056, 3.555, 3.23, 2.92, 3.63, 4.14, 4.84, 6.35, 8.82, 11.45, 12.09, 12.13, 11.98, 11.6, 11.6, 11.32, 12.12, 14.34, 15.238, 15.358, 14.248, 14.578, 14.985, 14.578, 14.305, 14.092, 14.402, 15.312, 15.785, 15.916], [10.99, 10.68, 9.51, 8.21, 7.86, 7.98, 7.9, 8.702, 8.989, 9.289, 9.557, 8.657, 6.78, 6.61, 7.57, 7.06, 5.96, 6.29, 6.4, 6.28, 6.58, 6.56, 6.72, 6.731, 5.82, 6.05, 3.95, 2.75, 2.55, 2.12, 3.396, 4.009, 4.729, 4.617, 4.042, 3.81, 3.49, 2.53, 2.67, 3.38, 3.73, 3.88, 4.04, 4.055, 3.74, 2.8, 2.35, 2.48, 2.16, 1.69, 1.14, 1.05, 0, 1.04, 1.66, 1.79, 2.56, 2.99, 2.62, 2.31, 3.08, 3.69, 4.21, 5.66, 8.01, 10.6, 11.24, 11.26, 11.11, 10.79, 10.73, 10.45, 11.29, 13.45, 14.31, 14.43, 13.32, 13.69, 14.06, 13.67, 13.44, 13.31, 13.62, 14.59, 15.1, 15.283], [10.45, 10.14, 8.93, 7.67, 7.3, 7.44, 7.36, 8.11, 8.414, 8.62, 8.86, 7.92, 6.26, 6.13, 7.01, 6.36, 5.26, 5.57, 5.72, 5.7, 6.06, 6.02, 6.14, 6.04, 5.06, 5.43, 3.49, 2.59, 2.29, 2.3, 4.016, 4.678, 5.337, 5.317, 4.701, 4.288, 3.97, 3.09, 3.11, 4.032, 4.409, 4.501, 4.686, 4.729, 4.326, 3.3, 2.51, 2.44, 2.06, 1.45, 1.56, 1.63, 1.04, 0, 1.0, 1.35, 1.94, 2.35, 2.08, 1.81, 2.44, 3.03, 3.65, 5.08, 7.47, 10.1, 10.76, 10.74, 10.59, 10.33, 10.23, 9.91, 10.81, 12.97, 13.77, 13.89, 12.8, 13.19, 13.56, 13.15, 12.92, 12.79, 13.1, 14.03, 14.52, 14.672], [9.97, 9.66, 8.345, 7.082, 6.74, 6.94, 6.88, 7.59, 7.86, 8.02, 8.2, 7.26, 5.76, 5.83, 6.39, 5.78, 4.74, 5.29, 5.38, 5.2, 5.96, 5.98, 5.98, 5.52, 4.76, 5.19, 3.43, 2.77, 2.59, 3.04, 4.835, 5.471, 6.173, 6.088, 5.489, 5.13, 4.73, 3.85, 4.01, 4.879, 5.195, 5.325, 5.514, 5.551, 5.144, 4.14, 3.21, 3.02, 2.68, 1.79, 2.04, 1.97, 1.66, 1.0, 0, 0.81, 1.34, 1.97, 1.66, 1.41, 2.02, 2.71, 3.57, 4.96, 7.39, 10.0, 10.72, 10.66, 10.49, 10.29, 10.15, 9.79, 10.73, 12.91, 13.49, 13.65, 12.46, 12.788, 13.178, 12.788, 12.495, 12.268, 12.572, 13.485, 13.975, 14.072], [9.78, 9.45, 8.22, 6.88, 6.55, 6.75, 6.79, 7.5, 7.77, 7.89, 8.09, 7.15, 5.67, 5.64, 6.26, 5.67, 4.71, 5.26, 5.31, 5.11, 5.79, 5.81, 5.81, 5.39, 4.63, 5.08, 3.34, 2.74, 2.62, 3.19, 5.029, 5.645, 6.386, 6.306, 5.69, 5.243, 4.94, 4.0, 4.1, 5.022, 5.357, 5.487, 5.682, 5.719, 5.319, 4.33, 3.32, 3.19, 2.79, 2.0, 2.336, 2.28, 1.79, 1.35, 0.81, 0, 0.97, 1.84, 1.49, 1.32, 1.87, 2.62, 3.5, 4.79, 7.22, 9.73, 10.55, 10.45, 10.28, 10.1, 9.96, 9.58, 10.5, 12.72, 13.26, 13.4, 12.27, 12.6, 12.99, 12.6, 12.31, 12.08, 12.39, 13.3, 13.79, 13.902], [9.01, 8.7, 7.41, 6.09, 5.76, 5.98, 5.98, 6.65, 6.96, 7.08, 7.3, 6.36, 4.9, 4.89, 5.47, 4.82, 3.9, 4.47, 4.46, 4.32, 5.0, 5.04, 5.04, 4.58, 3.88, 4.27, 2.77, 2.57, 2.75, 3.88, 5.813, 6.409, 7.136, 7.036, 6.477, 6.056, 5.69, 4.77, 4.863, 5.78, 6.12, 6.277, 6.446, 6.482, 6.091, 5.06, 3.95, 3.68, 3.32, 2.57, 3.069, 3.056, 2.56, 1.94, 1.34, 0.97, 0, 1.15, 1.1, 1.13, 1.22, 1.83, 2.73, 4.02, 6.43, 8.94, 9.76, 9.66, 9.49, 9.31, 9.17, 8.81, 9.71, 11.93, 12.51, 12.67, 11.5, 11.81, 12.2, 11.83, 11.52, 11.31, 11.6, 12.53, 13.02, 13.132], [8.38, 8.09, 6.8, 5.52, 5.21, 5.41, 5.27, 6.04, 6.29, 6.55, 6.75, 5.87, 4.27, 4.24, 5.0, 4.33, 3.37, 3.94, 4.11, 3.97, 4.39, 4.39, 4.57, 4.27, 3.33, 3.58, 1.86, 2.32, 2.8, 4.03, 6.094, 6.694, 7.504, 7.441, 6.846, 6.443, 6.04, 4.98, 5.159, 5.959, 6.287, 6.453, 6.602, 6.664, 6.285, 5.209, 4.16, 3.87, 3.51, 3.04, 3.596, 3.555, 2.99, 2.35, 1.97, 1.84, 1.15, 0, 1.03, 1.34, 1.29, 1.44, 2.06, 3.25, 5.7, 8.35, 9.01, 8.99, 8.84, 8.58, 8.48, 8.14, 9.06, 11.22, 11.88, 12.04, 10.87, 11.26, 11.55, 11.2, 10.87, 10.7, 10.99, 11.9, 12.41, 12.562], [8.57, 8.34, 7.09, 5.73, 5.4, 5.58, 5.56, 6.37, 6.66, 6.9, 7.14, 6.24, 4.46, 4.57, 5.29, 4.78, 3.86, 4.39, 4.6, 4.4, 4.7, 4.64, 4.82, 4.74, 3.92, 4.37, 2.41, 2.09, 2.37, 3.56, 5.425, 6.056, 6.946, 6.906, 6.216, 6.096, 5.57, 4.57, 4.43, 5.382, 5.732, 5.849, 6.058, 6.081, 5.688, 4.7, 3.57, 3.36, 3.1, 2.83, 3.289, 3.23, 2.62, 2.08, 1.66, 1.49, 1.1, 1.03, 0, 0.91, 1.22, 2.07, 2.81, 3.72, 6.03, 8.6, 9.3, 9.28, 9.09, 8.89, 8.77, 8.39, 9.35, 11.51, 12.09, 12.25, 11.06, 11.39, 11.78, 11.39, 11.08, 10.91, 11.2, 12.19, 12.74, 12.912], [9.1, 8.79, 7.44, 6.18, 5.87, 6.09, 5.91, 6.6, 6.85, 7.19, 7.39, 6.55, 4.95, 4.98, 5.44, 5.03, 4.21, 4.72, 4.97, 4.83, 5.01, 5.07, 5.15, 5.15, 4.11, 4.48, 2.54, 2.14, 2.3, 3.33, 5.146, 5.832, 6.702, 6.642, 6.017, 5.814, 5.277, 4.32, 4.28, 5.132, 5.482, 5.636, 5.838, 5.895, 5.503, 4.49, 3.32, 3.07, 2.97, 2.5, 2.993, 2.92, 2.31, 1.81, 1.41, 1.32, 1.13, 1.34, 0.91, 0, 1.41, 2.22, 2.94, 4.09, 6.58, 9.07, 9.73, 9.71, 9.56, 9.3, 9.2, 8.86, 9.78, 11.94, 12.6, 12.76, 11.59, 11.898, 12.29, 11.898, 11.588, 11.378, 11.648, 12.555, 13.048, 13.084], [8.528, 8.198, 6.91, 5.61, 5.32, 5.52, 5.44, 6.03, 6.28, 6.44, 6.6, 5.66, 4.38, 4.27, 4.83, 4.16, 3.5, 4.05, 4.18, 4.14, 4.42, 4.38, 4.5, 4.32, 3.24, 3.53, 2.59, 2.59, 2.79, 4.065, 6.056, 6.69, 7.489, 7.466, 6.827, 6.493, 5.93, 5.05, 5.11, 6.015, 6.353, 6.509, 6.672, 6.73, 6.321, 5.245, 4.19, 3.88, 3.54, 3.07, 3.72, 3.63, 3.08, 2.44, 2.02, 1.87, 1.22, 1.29, 1.22, 1.41, 0, 1.43, 2.15, 3.32, 5.79, 8.34, 9.08, 9.04, 8.85, 8.67, 8.53, 8.15, 9.11, 11.29, 12.008, 12.13, 11.018, 11.328, 11.718, 11.348, 11.055, 10.828, 11.132, 12.045, 12.535, 12.392], [8.055, 7.708, 6.452, 5.172, 4.85, 5.01, 4.97, 5.629, 5.91, 5.99, 6.15, 5.15, 3.89, 3.7, 4.46, 3.67, 2.87, 3.24, 3.39, 3.35, 3.77, 3.85, 3.97, 3.59, 2.55, 2.8, 2.26, 3.24, 3.74, 4.91, 6.931, 7.545, 8.272, 8.167, 7.582, 7.163, 6.609, 5.8, 5.92, 6.822, 7.172, 7.311, 7.497, 7.515, 7.076, 6.07, 5.08, 4.83, 4.43, 3.72, 4.19, 4.14, 3.69, 3.03, 2.71, 2.62, 1.83, 1.44, 2.07, 2.22, 1.43, 0, 1.32, 2.69, 5.2, 7.85, 8.51, 8.49, 8.34, 8.08, 7.98, 7.66, 8.58, 10.72, 11.518, 11.638, 10.528, 10.938, 11.285, 10.878, 10.585, 10.372, 10.682, 11.592, 12.065, 11.99], [7.329, 7.028, 5.786, 4.58, 4.21, 4.33, 4.27, 4.926, 5.23, 5.45, 5.59, 4.67, 3.25, 3.04, 3.86, 3.07, 2.35, 2.6, 2.69, 2.83, 3.03, 3.01, 3.17, 2.97, 2.05, 2.04, 1.88, 3.24, 3.82, 5.258, 7.286, 7.894, 8.676, 8.613, 8.046, 7.6, 7.04, 6.18, 6.376, 7.197, 7.56, 7.708, 7.85, 7.907, 7.519, 6.426, 5.38, 4.95, 4.53, 4.18, 4.81, 4.84, 4.21, 3.65, 3.57, 3.5, 2.73, 2.06, 2.81, 2.94, 2.15, 1.32, 0, 1.93, 4.34, 7.01, 7.65, 7.65, 7.5, 7.18, 7.12, 6.84, 7.68, 9.86, 10.738, 10.858, 9.748, 10.138, 10.465, 10.098, 9.842, 9.689, 9.999, 10.889, 11.379, 11.467], [5.55, 5.24, 4.05, 2.87, 2.56, 2.68, 2.66, 3.35, 3.62, 3.8, 4.12, 3.28, 1.8, 1.51, 2.47, 1.94, 1.4, 1.55, 1.62, 1.66, 1.6, 1.54, 1.66, 1.94, 1.24, 1.31, 2.23, 4.01, 4.93, 6.453, 8.525, 9.17, 10.003, 9.972, 9.296, 9.13, 8.59, 7.53, 7.53, 8.39, 8.741, 8.88, 9.053, 9.096, 8.596, 7.579, 6.55, 6.02, 5.62, 5.87, 6.427, 6.35, 5.66, 5.08, 4.96, 4.79, 4.02, 3.25, 3.72, 4.09, 3.32, 2.69, 1.93, 0, 2.63, 5.26, 5.86, 5.84, 5.69, 5.47, 5.33, 5.01, 5.99, 8.07, 8.97, 9.09, 8.0, 8.51, 8.82, 8.39, 8.08, 7.91, 8.22, 9.13, 9.62, 9.772], [3.38, 3.23, 2.6, 2.2, 2.01, 1.89, 1.87, 1.6, 1.83, 2.05, 2.43, 2.53, 2.05, 2.16, 2.62, 2.45, 2.83, 2.28, 2.35, 2.39, 2.01, 1.87, 1.89, 2.41, 2.99, 3.02, 4.5, 5.98, 6.84, 8.338, 10.489, 11.247, 12.137, 12.043, 11.498, 11.478, 11.02, 9.78, 9.5, 10.295, 10.64, 10.729, 10.972, 11.009, 10.501, 9.57, 8.54, 7.99, 7.67, 8.32, 8.865, 8.82, 8.01, 7.47, 7.39, 7.22, 6.43, 5.7, 6.03, 6.58, 5.79, 5.2, 4.34, 2.63, 0, 2.77, 3.33, 3.31, 3.18, 3.0, 2.78, 2.54, 3.46, 5.54, 6.48, 6.66, 5.61, 6.26, 6.41, 6.02, 5.65, 5.52, 5.85, 6.94, 7.51, 7.71], [2.49, 2.64, 2.59, 3.39, 3.56, 3.22, 3.34, 2.57, 2.4, 2.64, 2.82, 3.54, 4.333, 4.445, 4.07, 4.56, 5.4, 4.85, 4.8, 4.84, 4.14, 4.08, 4.02, 4.56, 5.64, 5.65, 7.01, 8.05, 8.49, 9.86, 11.86, 13.443, 14.253, 14.293, 13.8, 14.05, 13.65, 12.39, 11.75, 12.0, 12.31, 12.46, 12.5, 12.42, 12.04, 11.32, 10.55, 9.96, 10.1, 10.97, 11.533, 11.45, 10.6, 10.1, 10.0, 9.73, 8.94, 8.35, 8.6, 9.07, 8.34, 7.85, 7.01, 5.26, 2.77, 0, 1.3, 1.4, 1.21, 1.21, 1.37, 1.27, 1.71, 3.87, 4.75, 5.29, 3.9, 4.63, 4.34, 4.01, 3.84, 3.81, 3.94, 5.19, 5.88, 6.14], [2.07, 2.4, 2.87, 4.23, 4.42, 4.12, 4.06, 3.29, 3.1, 3.28, 3.34, 4.18, 5.08, 5.034, 4.93, 5.36, 6.12, 5.51, 5.58, 5.62, 4.88, 4.76, 4.78, 5.38, 6.3, 6.29, 7.67, 8.75, 9.17, 10.6, 12.64, 14.103, 14.97, 15.01, 14.477, 14.69, 14.29, 13.03, 12.41, 12.62, 12.95, 13.08, 13.24, 13.24, 12.795, 12.1, 11.25, 10.62, 10.76, 11.61, 12.175, 12.09, 11.24, 10.76, 10.72, 10.55, 9.76, 9.01, 9.3, 9.73, 9.08, 8.51, 7.65, 5.86, 3.33, 1.3, 0, 0.82, 0.89, 1.15, 1.23, 1.41, 1.39, 2.81, 3.89, 4.53, 3.26, 4.01, 3.74, 3.45, 3.22, 2.99, 3.16, 4.41, 5.14, 5.42], [2.07, 2.3, 2.75, 4.11, 4.3, 4.04, 4.04, 3.25, 3.04, 3.14, 3.2, 4.06, 5.0, 4.948, 4.85, 5.26, 6.06, 5.49, 5.48, 5.5, 4.78, 4.74, 4.7, 5.26, 6.28, 6.33, 7.65, 8.73, 9.35, 10.74, 12.66, 14.16, 15.067, 15.107, 14.554, 14.73, 14.31, 13.07, 12.47, 12.8, 13.11, 13.24, 13.32, 13.32, 12.84, 12.1, 11.29, 10.66, 10.82, 11.63, 12.173, 12.13, 11.26, 10.74, 10.66, 10.45, 9.66, 8.99, 9.28, 9.71, 9.04, 8.49, 7.65, 5.84, 3.31, 1.4, 0.82, 0, 0.61, 0.99, 0.97, 1.25, 1.01, 2.93, 3.89, 4.43, 3.16, 3.91, 3.62, 3.31, 3.2, 3.11, 3.22, 4.47, 5.16, 5.46], [2.18, 2.37, 2.72, 3.96, 4.11, 3.83, 3.83, 3.06, 2.83, 3.01, 3.11, 3.91, 4.81, 4.867, 4.66, 5.09, 5.89, 5.32, 5.31, 5.33, 4.63, 4.57, 4.51, 5.09, 6.13, 6.18, 7.5, 8.58, 9.14, 10.55, 12.43, 13.993, 14.82, 14.86, 14.35, 14.58, 14.16, 12.92, 12.3, 12.55, 12.88, 13.03, 13.09, 13.05, 12.57, 11.93, 11.1, 10.51, 10.63, 11.48, 12.023, 11.98, 11.11, 10.59, 10.49, 10.28, 9.49, 8.84, 9.09, 9.56, 8.85, 8.34, 7.5, 5.69, 3.18, 1.21, 0.89, 0.61, 0, 0.7, 0.78, 1.04, 1.12, 3.12, 4.06, 4.62, 3.31, 4.06, 3.81, 3.52, 3.33, 3.3, 3.43, 4.66, 5.33, 5.57], [2.48, 2.65, 2.7, 3.82, 3.93, 3.59, 3.63, 2.92, 2.75, 2.93, 3.09, 3.75, 4.65, 4.73, 4.6, 4.89, 5.67, 5.12, 5.13, 5.15, 4.35, 4.31, 4.33, 4.91, 5.85, 5.8, 7.24, 8.2, 8.66, 9.99, 11.95, 13.575, 14.42, 14.46, 13.93, 14.22, 13.84, 12.54, 11.9, 12.09, 12.36, 12.55, 12.67, 12.61, 12.208, 11.45, 10.7, 10.11, 10.27, 11.14, 11.725, 11.6, 10.79, 10.33, 10.29, 10.1, 9.31, 8.58, 8.89, 9.3, 8.67, 8.08, 7.18, 5.47, 3.0, 1.21, 1.15, 0.99, 0.7, 0, 0.68, 0.9, 1.18, 3.5, 4.56, 5.14, 3.79, 4.52, 4.23, 3.94, 3.77, 3.72, 3.83, 5.04, 5.77, 6.01], [2.3, 2.45, 2.66, 3.66, 3.81, 3.45, 3.55, 2.78, 2.65, 2.75, 3.09, 3.67, 4.47, 4.51, 4.46, 4.75, 5.55, 4.98, 4.99, 5.01, 4.25, 4.27, 4.19, 4.77, 5.77, 5.8, 7.14, 8.18, 8.58, 9.95, 12.05, 13.65, 14.577, 14.617, 14.064, 14.22, 13.78, 12.54, 11.96, 12.23, 12.46, 12.57, 12.79, 12.75, 12.29, 11.55, 10.72, 10.15, 10.33, 11.1, 11.645, 11.6, 10.73, 10.23, 10.15, 9.96, 9.17, 8.48, 8.77, 9.2, 8.53, 7.98, 7.12, 5.33, 2.78, 1.37, 1.23, 0.97, 0.78, 0.68, 0, 0.6, 1.22, 3.6, 4.56, 5.16, 3.85, 4.62, 4.31, 4.02, 3.73, 3.66, 3.75, 4.98, 5.73, 5.99], [2.28, 2.33, 2.46, 3.34, 3.47, 3.13, 3.13, 2.36, 2.31, 2.61, 2.89, 3.33, 4.15, 4.17, 4.12, 4.43, 5.19, 4.62, 4.61, 4.69, 3.95, 3.97, 3.83, 4.43, 5.45, 5.52, 6.8, 7.9, 8.34, 9.71, 11.81, 13.37, 14.297, 14.337, 13.784, 13.94, 13.5, 12.26, 11.68, 11.95, 12.16, 12.27, 12.51, 12.488, 12.048, 11.27, 10.44, 9.87, 10.05, 10.82, 11.36, 11.32, 10.45, 9.91, 9.79, 9.58, 8.81, 8.14, 8.39, 8.86, 8.15, 7.66, 6.84, 5.01, 2.54, 1.27, 1.41, 1.25, 1.04, 0.9, 0.6, 0, 1.38, 3.8, 4.72, 5.32, 3.99, 4.76, 4.43, 4.12, 3.87, 3.74, 3.91, 5.14, 5.87, 6.17], [1.98, 2.07, 2.7, 4.16, 4.35, 4.05, 4.09, 3.32, 3.19, 3.23, 3.23, 4.15, 5.125, 5.158, 4.8, 5.33, 6.13, 5.6, 5.55, 5.59, 4.87, 4.83, 4.77, 5.33, 6.35, 6.32, 7.72, 8.72, 9.28, 10.71, 12.69, 14.17, 15.057, 15.097, 14.547, 14.74, 14.34, 13.06, 12.5, 12.77, 13.08, 13.19, 13.31, 13.29, 12.91, 12.09, 11.26, 10.67, 10.83, 11.64, 12.225, 12.12, 11.29, 10.81, 10.73, 10.5, 9.71, 9.06, 9.35, 9.78, 9.11, 8.58, 7.68, 5.99, 3.46