[[0, 0.91, 1.27, 1.23, 1.3, 1.6, 1.86, 2.78, 2.8, 2.86, 4.16, 5.35, 5.64, 5.4, 5.55, 5.27, 5.125, 5.129, 5.165, 4.816, 4.192, 3.996, 3.671, 3.29, 2.79, 2.33, 2.08, 2.24, 2.1, 2.37, 2.37, 2.13, 1.77, 1.77, 1.88, 1.98, 2.37, 2.32, 2.23, 3.01, 4.07, 3.43, 3.01, 3.32, 3.61, 3.56, 2.55, 2.27, 2.46, 2.44, 2.74, 3.01, 3.29, 3.82, 2.94, 2.42, 2.76, 2.65, 3.22, 4.34, 4.55, 3.54, 3.18, 3.58, 3.47, 3.15, 3.32, 3.45, 3.29, 2.81, 2.5, 2.57, 3.26, 3.5, 3.19, 3.19, 3.0, 2.21, 1.46, 1.68, 2.21, 3.06, 3.25, 3.06, 3.27, 3.52], [0.91, 0, 0.92, 1.1, 1.05, 1.67, 2.19, 3.19, 3.11, 3.27, 4.493, 5.674, 6.03, 5.77, 5.933, 5.57, 5.518, 5.522, 5.558, 5.229, 4.605, 4.409, 4.063, 3.64, 3.16, 2.62, 1.83, 1.95, 1.91, 2.38, 2.34, 1.96, 1.72, 1.68, 1.73, 2.03, 2.32, 2.15, 1.76, 2.58, 3.6, 3.1, 2.66, 2.95, 3.28, 3.19, 2.22, 1.84, 2.15, 2.29, 2.61, 3.06, 3.6, 4.17, 3.25, 2.69, 3.01, 2.96, 3.53, 4.43, 4.54, 3.57, 3.05, 3.67, 3.64, 3.12, 3.37, 3.5, 3.3, 2.52, 2.25, 2.22, 2.89, 2.97, 2.76, 2.8, 2.61, 1.88, 1.27, 1.35, 2.16, 3.07, 3.32, 3.09, 3.24, 3.43], [1.27, 0.92, 0, 1.04, 1.21, 2.11, 2.75, 3.79, 3.67, 3.77, 5.056, 6.252, 6.607, 6.344, 6.511, 6.133, 6.081, 6.085, 6.121, 5.792, 5.188, 5.018, 4.635, 4.133, 3.693, 3.22, 2.09, 1.95, 1.97, 2.52, 2.6, 2.08, 1.92, 2.08, 2.23, 2.61, 2.92, 2.75, 2.0, 2.32, 3.36, 2.84, 2.56, 2.81, 3.06, 2.99, 2.28, 1.78, 2.11, 2.55, 3.15, 3.6, 4.16, 4.79, 3.85, 3.27, 3.63, 3.56, 4.11, 5.07, 5.1, 4.09, 3.67, 4.225, 4.18, 3.66, 3.65, 3.82, 3.54, 2.46, 2.27, 2.24, 2.79, 2.81, 2.32, 2.26, 2.09, 1.52, 1.05, 1.09, 1.96, 2.97, 3.2, 2.93, 2.98, 3.07], [1.23, 1.1, 1.04, 0, 1.15, 2.09, 2.61, 3.533, 3.553, 3.59, 4.882, 6.074, 6.382, 6.153, 6.272, 5.994, 5.843, 5.848, 5.883, 5.555, 4.911, 4.735, 4.369, 3.936, 3.456, 2.94, 2.05, 1.85, 1.99, 2.54, 2.5, 2.16, 1.92, 2.04, 2.13, 2.43, 2.76, 2.55, 2.08, 2.38, 3.36, 2.88, 2.58, 2.83, 3.06, 2.95, 2.22, 1.84, 2.15, 2.39, 3.01, 3.52, 4.08, 4.63, 3.65, 3.15, 3.47, 3.4, 4.03, 4.9, 4.93, 3.917, 3.51, 4.131, 4.1, 3.52, 3.428, 3.64, 3.36, 2.58, 2.29, 2.24, 2.91, 2.69, 2.22, 2.22, 2.05, 1.4, 0.95, 1.53, 2.34, 3.29, 3.38, 3.11, 3.26, 3.35], [1.3, 1.05, 1.21, 1.15, 0, 1.18, 1.82, 2.84, 2.78, 2.92, 4.089, 5.282, 5.637, 5.38, 5.541, 5.203, 5.119, 5.132, 5.162, 4.842, 4.23, 4.08, 3.7, 3.21, 2.73, 2.23, 1.2, 1.48, 1.38, 1.71, 1.75, 1.57, 1.21, 1.21, 1.48, 1.96, 2.17, 2.04, 1.37, 2.11, 3.17, 2.61, 2.21, 2.5, 2.79, 2.7, 1.77, 1.51, 1.74, 1.96, 2.42, 2.87, 3.31, 3.86, 2.9, 2.44, 2.74, 2.63, 3.28, 4.2, 4.33, 3.3, 2.82, 3.478, 3.428, 2.85, 3.02, 3.17, 2.99, 1.97, 1.7, 1.71, 2.26, 2.68, 2.69, 2.77, 2.62, 1.81, 1.34, 1.72, 2.47, 3.46, 3.53, 3.36, 3.45, 3.66], [1.6, 1.67, 2.11, 2.09, 1.18, 0, 0.92, 1.96, 2.18, 2.2, 3.26, 4.35, 4.62, 4.38, 4.59, 4.27, 4.16, 4.17, 4.2, 3.96, 3.33, 3.18, 2.8, 2.29, 1.77, 1.39, 1.3, 1.92, 1.8, 1.79, 1.75, 1.73, 1.51, 1.27, 1.56, 1.78, 1.83, 1.88, 1.59, 2.65, 3.77, 2.93, 2.25, 2.5, 2.93, 2.88, 1.85, 2.15, 1.98, 1.88, 2.06, 2.21, 2.51, 2.96, 2.08, 1.72, 1.92, 1.81, 2.48, 3.42, 3.67, 2.7, 2.28, 2.74, 2.63, 2.27, 2.64, 2.75, 2.63, 1.91, 1.96, 1.85, 2.46, 3.34, 3.65, 3.763, 3.576, 2.75, 2.12, 2.42, 3.11, 3.94, 3.97, 3.88, 4.01, 4.3], [1.86, 2.19, 2.75, 2.61, 1.82, 0.92, 0, 1.28, 1.66, 1.74, 2.64, 3.65, 3.96, 3.7, 3.89, 3.57, 3.5, 3.51, 3.56, 3.28, 2.65, 2.5, 2.12, 1.75, 1.47, 1.33, 1.8, 2.58, 2.46, 2.25, 2.05, 2.15, 1.97, 1.61, 1.74, 1.66, 1.69, 1.96, 2.19, 3.25, 4.35, 3.47, 2.59, 2.8, 3.37, 3.42, 2.41, 2.77, 2.56, 2.02, 1.86, 1.87, 1.97, 2.36, 1.46, 1.16, 1.42, 1.31, 1.82, 2.88, 3.15, 2.24, 1.86, 2.24, 2.05, 2.11, 2.44, 2.53, 2.35, 2.45, 2.52, 2.45, 3.12, 3.94, 4.31, 4.429, 4.242, 3.41, 2.82, 3.01, 3.47, 4.0, 4.25, 4.22, 4.62, 5.006], [2.78, 3.19, 3.79, 3.533, 2.84, 1.96, 1.28, 0, 1.04, 1.08, 1.74, 2.59, 2.86, 2.64, 2.81, 2.51, 2.46, 2.45, 2.46, 2.24, 1.69, 1.72, 1.64, 1.95, 1.95, 1.91, 2.8, 3.54, 3.32, 2.99, 2.77, 2.99, 2.87, 2.63, 2.68, 2.16, 2.29, 2.74, 3.15, 4.21, 5.47, 4.63, 3.67, 3.86, 4.53, 4.54, 3.55, 3.87, 3.62, 2.92, 2.36, 1.95, 1.69, 1.78, 1.34, 1.64, 1.48, 1.65, 1.94, 2.36, 2.77, 2.36, 2.5, 2.24, 2.37, 2.51, 2.78, 2.81, 2.87, 3.51, 3.58, 3.53, 4.18, 5.04, 5.398, 5.515, 5.328, 4.51, 3.874, 4.068, 4.523, 4.695, 5.065, 5.28, 5.693, 6.013], [2.8, 3.11, 3.67, 3.553, 2.78, 2.18, 1.66, 1.04, 0, 0.6, 1.58, 2.65, 3.04, 2.8, 3.01, 2.65, 2.58, 2.61, 2.62, 2.52, 1.91, 2.02, 2.16, 2.25, 2.55, 2.35, 2.82, 3.66, 3.32, 3.13, 2.95, 3.17, 2.89, 2.59, 2.4, 1.86, 2.01, 2.5, 2.87, 4.09, 5.35, 4.63, 3.85, 4.1, 4.57, 4.56, 3.53, 3.75, 3.5, 2.88, 2.3, 1.81, 1.63, 1.64, 1.66, 1.66, 1.62, 1.77, 2.12, 2.26, 2.69, 2.56, 2.74, 2.28, 2.41, 2.55, 2.82, 2.85, 3.01, 3.39, 3.4, 3.45, 4.04, 4.92, 5.229, 5.366, 5.179, 4.373, 3.792, 3.972, 4.374, 4.655, 5.048, 5.229, 5.648, 5.929], [2.86, 3.27, 3.77, 3.59, 2.92, 2.2, 1.74, 1.08, 0.6, 0, 1.42, 2.57, 2.96, 2.72, 2.93, 2.59, 2.52, 2.49, 2.62, 2.48, 1.93, 1.84, 2.02, 2.17, 2.39, 2.33, 2.88, 3.6, 3.3, 3.01, 2.85, 3.03, 2.79, 2.57, 2.52, 1.96, 2.15, 2.6, 2.97, 4.31, 5.57, 4.87, 4.05, 4.3, 4.75, 4.72, 3.67, 3.95, 3.7, 3.04, 2.38, 1.89, 1.75, 1.82, 1.74, 1.76, 1.72, 1.79, 2.2, 2.32, 2.81, 2.58, 2.76, 2.3, 2.39, 2.57, 2.82, 2.87, 3.07, 3.49, 3.52, 3.57, 4.2, 5.14, 5.358, 5.495, 5.308, 4.458, 3.872, 4.068, 4.463, 4.838, 5.048, 5.169, 5.628, 5.869], [4.16, 4.493, 5.056, 4.882, 4.089, 3.26, 2.64, 1.74, 1.58, 1.42, 0, 1.37, 1.68, 1.58, 1.71, 1.61, 1.98, 2.09, 2.12, 2.1, 1.83, 2.06, 2.38, 2.69, 2.95, 3.01, 3.68, 4.5, 4.22, 3.71, 3.57, 3.83, 3.73, 3.39, 3.4, 2.94, 3.03, 3.4, 3.93, 5.29, 6.51, 5.77, 4.93, 5.14, 5.61, 5.58, 4.61, 5.026, 4.802, 3.94, 3.18, 2.65, 2.05, 1.72, 2.22, 2.42, 2.18, 2.43, 2.88, 2.6, 3.01, 3.34, 3.52, 2.98, 2.87, 3.19, 3.52, 3.53, 3.79, 4.29, 4.34, 4.43, 5.08, 6.08, 6.655, 6.812, 6.625, 5.802, 5.205, 5.365, 5.695, 5.91, 6.12, 6.489, 6.942, 7.177], [5.35, 5.674, 6.252, 6.074, 5.282, 4.35, 3.65, 2.59, 2.65, 2.57, 1.37, 0, 1.01, 1.17, 1.12, 1.48, 1.95, 2.08, 2.05, 2.07, 2.26, 2.45, 2.83, 3.16, 3.46, 3.76, 4.85, 5.71, 5.35, 4.56, 4.46, 4.82, 4.72, 4.36, 4.43, 3.93, 3.94, 4.39, 5.06, 6.48, 7.7, 6.86, 5.92, 5.99, 6.54, 6.65, 5.68, 6.219, 6.015, 4.955, 4.09, 3.56, 2.8, 2.35, 2.89, 3.27, 2.978, 3.2, 3.47, 3.13, 3.52, 3.85, 4.09, 3.53, 3.44, 3.8, 4.11, 4.1, 4.44, 5.14, 5.27, 5.48, 6.19, 7.19, 7.848, 8.005, 7.818, 6.988, 6.404, 6.549, 6.876, 6.824, 7.2, 7.702, 8.12, 8.37], [5.64, 6.03, 6.607, 6.382, 5.637, 4.62, 3.96, 2.86, 3.04, 2.96, 1.68, 1.01, 0, 0.86, 0.83, 1.23, 2.02, 2.19, 2.24, 2.3, 2.43, 2.54, 2.8, 3.15, 3.45, 3.89, 5.16, 6.0, 5.64, 4.85, 4.77, 5.13, 5.05, 4.69, 4.7, 4.22, 4.23, 4.72, 5.47, 6.87, 8.09, 7.23, 6.27, 6.24, 6.89, 7.0, 6.03, 6.57, 6.396, 5.296, 4.4, 3.826, 2.99, 2.44, 3.08, 3.5, 3.199, 3.35, 3.46, 3.04, 3.45, 3.76, 4.12, 3.54, 3.47, 3.87, 4.18, 4.09, 4.51, 5.41, 5.52, 5.87, 6.58, 7.56, 8.229, 8.346, 8.159, 7.329, 6.719, 6.879, 7.183, 7.169, 7.479, 7.982, 8.413, 8.643], [5.4, 5.77, 6.344, 6.153, 5.38, 4.38, 3.7, 2.64, 2.8, 2.72, 1.58, 1.17, 0.86, 0, 0.75, 1.19, 1.78, 2.15, 2.38, 2.5, 2.41, 2.48, 2.7, 3.03, 3.37, 3.69, 4.9, 5.78, 5.42, 4.57, 4.47, 4.93, 4.79, 4.41, 4.52, 4.0, 3.99, 4.48, 5.23, 6.61, 7.83, 6.97, 6.01, 5.98, 6.63, 6.74, 5.77, 6.31, 6.13, 5.04, 4.1, 3.55, 2.73, 2.08, 2.84, 3.3, 2.98, 3.03, 3.08, 2.58, 2.93, 3.34, 3.68, 3.2, 3.09, 3.53, 3.8, 3.67, 4.19, 5.19, 5.36, 5.61, 6.34, 7.3, 7.963, 8.08, 7.893, 7.083, 6.493, 6.613, 6.923, 6.97, 7.339, 7.76, 8.193, 8.463], [5.55, 5.933, 6.511, 6.272, 5.541, 4.59, 3.89, 2.81, 3.01, 2.93, 1.71, 1.12, 0.83, 0.75, 0, 1.0, 1.49, 1.84, 2.05, 2.15, 2.22, 2.39, 2.63, 3.0, 3.32, 3.78, 5.07, 5.93, 5.61, 4.66, 4.56, 5.04, 4.94, 4.6, 4.69, 4.23, 4.26, 4.73, 5.46, 6.78, 8.0, 7.14, 6.18, 6.15, 6.8, 6.91, 5.94, 6.5, 6.346, 5.226, 4.286, 3.74, 3.0, 2.23, 3.05, 3.55, 3.17, 3.26, 3.23, 2.79, 3.16, 3.51, 3.81, 3.31, 3.24, 3.66, 3.99, 3.92, 4.4, 5.42, 5.61, 5.84, 6.55, 7.47, 8.139, 8.256, 8.069, 7.239, 6.609, 6.809, 7.107, 7.069, 7.417, 7.924, 8.322, 8.567], [5.27, 5.57, 6.133, 5.994, 5.203, 4.27, 3.57, 2.51, 2.65, 2.59, 1.61, 1.48, 1.23, 1.19, 1.0, 0, 1.15, 1.42, 1.71, 1.77, 1.92, 2.07, 2.33, 2.68, 3.02, 3.56, 4.79, 5.65, 5.29, 4.34, 4.28, 4.78, 4.66, 4.3, 4.37, 3.91, 3.92, 4.39, 5.06, 6.44, 7.66, 6.8, 5.84, 5.81, 6.46, 6.57, 5.62, 6.167, 5.983, 4.863, 4.01, 3.453, 2.66, 2.01, 2.73, 3.21, 2.826, 2.94, 2.93, 2.47, 2.9, 3.21, 3.53, 3.03, 2.96, 3.38, 3.67, 3.56, 4.08, 5.1, 5.25, 5.46, 6.17, 7.13, 7.796, 7.933, 7.746, 6.916, 6.324, 6.479, 6.787, 6.742, 7.137, 7.624, 8.034, 8.307], [5.125, 5.518, 6.081, 5.843, 5.119, 4.16, 3.5, 2.46, 2.58, 2.52, 1.98, 1.95, 2.02, 1.78, 1.49, 1.15, 0, 0.83, 1.08, 1.38, 1.37, 1.54, 1.86, 2.21, 2.57, 3.17, 4.7, 5.54, 5.28, 4.33, 4.13, 4.59, 4.59, 4.27, 4.3, 3.84, 3.87, 4.32, 4.99, 6.37, 7.57, 6.71, 5.77, 5.74, 6.37, 6.5, 5.55, 6.11, 5.891, 4.811, 3.92, 3.35, 2.63, 2.24, 2.68, 3.14, 2.753, 2.85, 2.92, 2.42, 2.87, 3.14, 3.5, 3.0, 2.91, 3.37, 3.62, 3.49, 4.01, 5.03, 5.14, 5.37, 6.08, 7.06, 7.723, 7.881, 7.693, 6.823, 6.193, 6.407, 6.7, 6.653, 6.972, 7.496, 7.889, 8.099], [5.129, 5.522, 6.085, 5.848, 5.132, 4.17, 3.51, 2.45, 2.61, 2.49, 2.09, 2.08, 2.19, 2.15, 1.84, 1.42, 0.83, 0, 0.65, 1.17, 1.18, 1.37, 1.77, 2.22, 2.6, 3.14, 4.73, 5.55, 5.25, 4.3, 4.14, 4.62, 4.58, 4.28, 4.33, 3.87, 3.9, 4.39, 5.02, 6.36, 7.56, 6.72, 5.78, 5.75, 6.38, 6.51, 5.56, 6.099, 5.875, 4.795, 3.95, 3.4, 2.68, 2.27, 2.77, 3.21, 2.83, 2.94, 3.01, 2.77, 3.24, 3.33, 3.63, 3.07, 3.04, 3.38, 3.67, 3.62, 4.06, 5.06, 5.19, 5.38, 6.09, 7.07, 7.728, 7.885, 7.698, 6.828, 6.198, 6.414, 6.707, 6.634, 6.985, 7.489, 7.902, 8.1], [5.165, 5.558, 6.121, 5.883, 5.162, 4.2, 3.56, 2.46, 2.62, 2.62, 2.12, 2.05, 2.24, 2.38, 2.05, 1.71, 1.08, 0.65, 0, 0.88, 1.15, 1.5, 1.86, 2.39, 2.79, 3.31, 4.82, 5.62, 5.32, 4.57, 4.31, 4.73, 4.75, 4.43, 4.48, 4.0, 4.07, 4.54, 5.15, 6.39, 7.59, 6.75, 5.81, 5.8, 6.45, 6.56, 5.63, 6.175, 5.931, 4.94, 4.14, 3.55, 2.81, 2.56, 2.94, 3.34, 2.98, 3.17, 3.38, 3.22, 3.69, 3.7, 3.96, 3.46, 3.53, 3.79, 4.08, 4.01, 4.41, 5.29, 5.36, 5.47, 6.1, 7.1, 7.763, 7.921, 7.733, 6.863, 6.233, 6.45, 6.743, 6.65, 7.015, 7.538, 7.931, 8.122], [4.816, 5.229, 5.792, 5.555, 4.842, 3.96, 3.28, 2.24, 2.52, 2.48, 2.1, 2.07, 2.3, 2.5, 2.15, 1.77, 1.38, 1.17, 0.88, 0, 1.15, 1.4, 1.8, 2.35, 2.77, 3.17, 4.58, 5.36, 5.0, 4.23, 3.89, 4.37, 4.37, 4.11, 4.2, 3.78, 3.85, 4.38, 5.03, 6.15, 7.35, 6.49, 5.49, 5.58, 6.19, 6.34, 5.41, 5.91, 5.72, 4.68, 3.92, 3.39, 2.79, 2.58, 2.76, 3.12, 2.72, 2.99, 3.34, 3.56, 4.07, 3.8, 4.04, 3.62, 3.75, 3.89, 4.2, 4.23, 4.45, 5.17, 5.22, 5.33, 5.98, 6.82, 7.495, 7.592, 7.405, 6.575, 5.905, 6.121, 6.374, 6.297, 6.645, 7.155, 7.567, 7.761], [4.192, 4.605, 5.188, 4.911, 4.23, 3.33, 2.65, 1.69, 1.91, 1.93, 1.83, 2.26, 2.43, 2.41, 2.22, 1.92, 1.37, 1.18, 1.15, 1.15, 0, 0.87, 1.35, 1.76, 2.18, 2.5, 3.97, 4.71, 4.41, 3.72, 3.44, 3.76, 3.82, 3.52, 3.57, 3.17, 3.28, 3.73, 4.38, 5.58, 6.74, 5.9, 4.86, 4.95, 5.56, 5.67, 4.72, 5.26, 5.07, 3.99, 3.31, 2.76, 2.16, 1.97, 2.07, 2.45, 2.07, 2.38, 2.73, 3.01, 3.44, 3.29, 3.47, 3.09, 3.2, 3.36, 3.63, 3.66, 3.82, 4.6, 4.65, 4.7, 5.35, 6.23, 6.871, 6.948, 6.761, 5.951, 5.281, 5.501, 5.75, 5.741, 6.025, 6.533, 6.947, 7.137], [3.996, 4.409, 5.018, 4.735, 4.08, 3.18, 2.5, 1.72, 2.02, 1.84, 2.06, 2.45, 2.54, 2.48, 2.39, 2.07, 1.54, 1.37, 1.5, 1.4, 0.87, 0, 0.9, 1.45, 1.79, 2.27, 3.8, 4.6, 4.26, 3.49, 3.27, 3.59, 3.59, 3.27, 3.42, 2.94, 3.01, 3.44, 4.11, 5.45, 6.61, 5.71, 4.69, 4.68, 5.31, 5.5, 4.51, 5.03, 4.9, 3.82, 3.1, 2.55, 2.15, 2.12, 1.82, 2.06, 1.84, 2.09, 2.26, 2.74, 3.13, 2.76, 3.06, 2.6, 2.73, 2.91, 3.24, 3.19, 3.47, 4.27, 4.32, 4.45, 5.14, 6.02, 6.675, 6.772, 6.585, 5.755, 5.085, 5.324, 5.615, 5.655, 5.945, 6.367, 6.78, 6.973], [3.671, 4.063, 4.635, 4.369, 3.7, 2.8, 2.12, 1.64, 2.16, 2.02, 2.38, 2.83, 2.8, 2.7, 2.63, 2.33, 1.86, 1.77, 1.86, 1.8, 1.35, 0.9, 0, 0.99, 1.27, 1.87, 3.4, 4.26, 3.98, 3.11, 2.91, 3.19, 3.21, 2.89, 3.02, 2.6, 2.65, 3.12, 3.75, 5.07, 6.23, 5.33, 4.31, 4.3, 4.93, 5.12, 4.11, 4.65, 4.52, 3.42, 2.84, 2.55, 2.29, 2.22, 1.62, 1.7, 1.62, 1.75, 1.96, 2.62, 3.09, 2.36, 2.5, 2.5, 2.49, 2.67, 2.88, 2.95, 3.07, 3.81, 3.86, 4.07, 4.76, 5.64, 6.329, 6.406, 6.219, 5.409, 4.739, 4.959, 5.343, 5.455, 5.705, 6.059, 6.432, 6.662], [3.29, 3.64, 4.133, 3.936, 3.21, 2.29, 1.75, 1.95, 2.25, 2.17, 2.69, 3.16, 3.15, 3.03, 3.0, 2.68, 2.21, 2.22, 2.39, 2.35, 1.76, 1.45, 0.99, 0, 0.96, 1.6, 2.85, 3.71, 3.49, 2.76, 2.52, 2.74, 2.72, 2.4, 2.41, 2.43, 2.48, 2.77, 3.18, 4.52, 5.68, 4.82, 3.82, 3.83, 4.46, 4.59, 3.62, 4.12, 3.95, 3.01, 2.77, 2.58, 2.5, 2.29, 1.73, 1.63, 1.57, 1.72, 1.83, 2.77, 3.08, 2.17, 2.11, 2.43, 2.3, 2.52, 2.75, 2.8, 2.7, 3.3, 3.35, 3.52, 4.21, 5.13, 5.796, 5.913, 5.726, 4.896, 4.246, 4.446, 4.904, 5.088, 5.298, 5.566, 5.979, 6.129], [2.79, 3.16, 3.693, 3.456, 2.73, 1.77, 1.47, 1.95, 2.55, 2.39, 2.95, 3.46, 3.45, 3.37, 3.32, 3.02, 2.57, 2.6, 2.79, 2.77, 2.18, 1.79, 1.27, 0.96, 0, 0.9, 2.39, 3.15, 2.89, 2.2, 2.16, 2.36, 2.24, 1.92, 2.21, 2.19, 2.24, 2.27, 2.66, 4.02, 5.22, 4.34, 3.38, 3.37, 4.0, 4.13, 3.14, 3.66, 3.49, 2.51, 2.19, 2.18, 2.2, 2.59, 1.69, 1.55, 1.77, 1.72, 1.87, 2.79, 3.04, 2.11, 1.79, 2.11, 2.0, 1.92, 2.15, 2.24, 2.26, 2.7, 2.77, 3.0, 3.73, 4.67, 5.356, 5.473, 5.286, 4.456, 3.806, 4.106, 4.64, 5.03, 5.14, 5.21, 5.545, 5.775], [2.33, 2.62, 3.22, 2.94, 2.23, 1.39, 1.33, 1.91, 2.35, 2.33, 3.01, 3.76, 3.89, 3.69, 3.78, 3.56, 3.17, 3.14, 3.31, 3.17, 2.5, 2.27, 1.87, 1.6, 0.9, 0, 1.99, 2.65, 2.45, 2.0, 2.0, 2.14, 1.94, 1.62, 1.97, 1.97, 2.02, 2.03, 2.28, 3.46, 4.7, 3.8, 2.9, 2.99, 3.48, 3.57, 2.62, 3.12, 2.91, 1.91, 1.79, 1.92, 2.08, 2.43, 1.69, 1.49, 1.73, 1.64, 1.97, 2.91, 3.1, 2.15, 1.81, 2.19, 2.04, 1.7, 2.03, 2.16, 2.08, 2.2, 2.31, 2.48, 3.17, 4.13, 4.78, 4.92, 4.738, 3.88, 3.25, 3.57, 4.18, 4.81, 4.88, 4.91, 5.14, 5.35], [2.08, 1.83, 2.09, 2.05, 1.2, 1.3, 1.8, 2.8, 2.82, 2.88, 3.68, 4.85, 5.16, 4.9, 5.07, 4.79, 4.7, 4.73, 4.82, 4.58, 3.97, 3.8, 3.4, 2.85, 2.39, 1.99, 0, 1.12, 1.26, 1.27, 1.25, 1.19, 1.17, 0.99, 1.3, 1.72, 1.85, 1.88, 1.51, 2.25, 3.17, 2.77, 2.35, 2.56, 2.81, 2.66, 1.99, 1.73, 2.02, 2.22, 2.58, 2.71, 3.09, 3.52, 2.7, 2.26, 2.42, 2.39, 3.08, 3.98, 4.17, 3.16, 2.74, 3.28, 3.07, 2.81, 3.06, 3.27, 3.07, 1.93, 1.56, 1.57, 2.12, 2.58, 3.13, 3.29, 3.18, 2.31, 1.82, 2.04, 2.83, 3.68, 3.69, 3.66, 3.89, 4.0], [2.24, 1.95, 1.95, 1.85, 1.48, 1.92, 2.58, 3.54, 3.66, 3.6, 4.5, 5.71, 6.0, 5.78, 5.93, 5.65, 5.54, 5.55, 5.62, 5.36, 4.71, 4.6, 4.26, 3.71, 3.15, 2.65, 1.12, 0, 0.8, 1.41, 1.59, 1.23, 1.35, 1.71, 1.84, 2.4, 2.73, 2.56, 2.13, 2.21, 2.97, 2.79, 2.65, 2.92, 3.03, 2.92, 2.63, 1.95, 2.42, 2.88, 3.34, 3.63, 4.03, 4.5, 3.56, 3.16, 3.38, 3.35, 4.02, 4.94, 5.11, 4.06, 3.64, 4.2, 4.09, 3.63, 3.78, 3.99, 3.81, 2.57, 2.1, 2.21, 2.16, 2.24, 2.53, 2.61, 2.44, 1.57, 1.44, 1.92, 2.57, 3.44, 3.41, 3.38, 3.31, 3.34], [2.1, 1.91, 1.97, 1.99, 1.38, 1.8, 2.46, 3.32, 3.32, 3.3, 4.22, 5.35, 5.64, 5.42, 5.61, 5.29, 5.28, 5.25, 5.32, 5.0, 4.41, 4.26, 3.98, 3.49, 2.89, 2.45, 1.26, 0.8, 0, 1.11, 1.35, 1.13, 1.09, 1.37, 1.7, 2.2, 2.55, 2.42, 2.03, 2.13, 3.11, 2.81, 2.63, 2.92, 3.03, 2.94, 2.55, 2.03, 2.38, 2.82, 3.26, 3.49, 3.73, 4.18, 3.32, 2.88, 3.12, 3.05, 3.76, 4.74, 4.95, 3.9, 3.5, 4.0, 3.87, 3.45, 3.64, 3.85, 3.65, 2.41, 2.02, 2.17, 2.14, 2.38, 2.85, 2.83, 2.7, 1.91, 1.66, 2.18, 2.71, 3.6, 3.65, 3.64, 3.57, 3.68], [2.37, 2.38, 2.52, 2.54, 1.71, 1.79, 2.25, 2.99, 3.13, 3.01, 3.71, 4.56, 4.85, 4.57, 4.66, 4.34, 4.33, 4.3, 4.57, 4.23, 3.72, 3.49, 3.11, 2.76, 2.2, 2.0, 1.27, 1.41, 1.11, 0, 0.74, 0.94, 0.82, 0.96, 1.49, 2.05, 2.2, 2.37, 2.04, 2.64, 3.6, 3.16, 2.96, 3.11, 3.24, 3.13, 2.66, 2.4, 2.83, 2.75, 2.99, 3.22, 3.12, 3.57, 2.67, 2.41, 2.51, 2.48, 3.19, 4.23, 4.46, 3.43, 3.01, 3.51, 3.36, 3.04, 3.37, 3.52, 3.34, 2.18, 1.85, 2.24, 2.47, 2.89, 3.7, 3.74, 3.65, 2.78, 2.37, 2.75, 3.06, 3.61, 3.68, 3.89, 3.94, 4.17], [2.37, 2.34, 2.6, 2.5, 1.75, 1.75, 2.05, 2.77, 2.95, 2.85, 3.57, 4.46, 4.77, 4.47, 4.56, 4.28, 4.13, 4.14, 4.31, 3.89, 3.44, 3.27, 2.91, 2.52, 2.16, 2.0, 1.25, 1.59, 1.35, 0.74, 0, 0.92, 0.92, 0.98, 1.41, 1.99, 2.14, 2.35, 2.12, 2.78, 3.78, 3.34, 3.08, 3.21, 3.46, 3.25, 2.72, 2.56, 2.87, 2.81, 3.05, 3.22, 3.14, 3.59, 2.75, 2.37, 2.43, 2.58, 3.31, 4.35, 4.6, 3.59, 3.15, 3.65, 3.44, 3.24, 3.57, 3.72, 3.54, 2.4, 2.05, 2.36, 2.69, 3.09, 3.86, 3.902, 3.775, 2.945, 2.43, 2.75, 3.06, 3.43, 3.6, 3.95, 4.08, 4.31], [2.13, 1.96, 2.08, 2.16, 1.57, 1.73, 2.15, 2.99, 3.17, 3.03, 3.83, 4.82, 5.13, 4.93, 5.04, 4.78, 4.59, 4.62, 4.73, 4.37, 3.76, 3.59, 3.19, 2.74, 2.36, 2.14, 1.19, 1.23, 1.13, 0.94, 0.92, 0, 0.72, 1.06, 1.29, 1.87, 2.24, 2.31, 2.02, 2.68, 3.66, 3.24, 2.98, 3.13, 3.24, 3.15, 2.66, 2.2, 2.75, 2.77, 3.03, 3.24, 3.36, 3.81, 2.83, 2.43, 2.67, 2.62, 3.31, 4.39, 4.6, 3.61, 3.19, 3.67, 3.58, 3.32, 3.69, 3.82, 3.62, 2.44, 2.13, 2.3, 2.57, 2.81, 3.34, 3.48, 3.281, 2.42, 1.99, 2.39, 2.8, 3.39, 3.42, 3.59, 3.68, 3.87], [1.77, 1.72, 1.92, 1.92, 1.21, 1.51, 1.97, 2.87, 2.89, 2.79, 3.73, 4.72, 5.05, 4.79, 4.94, 4.66, 4.59, 4.58, 4.75, 4.37, 3.82, 3.59, 3.21, 2.72, 2.24, 1.94, 1.17, 1.35, 1.09, 0.82, 0.92, 0.72, 0, 0.72, 1.09, 1.65, 1.96, 1.87, 1.66, 2.5, 3.56, 3.1, 2.78, 2.95, 3.1, 2.97, 2.26, 1.92, 2.47, 2.31, 2.63, 2.88, 3.08, 3.55, 2.67, 2.25, 2.51, 2.44, 3.07, 4.15, 4.34, 3.25, 2.83, 3.35, 3.26, 2.86, 3.21, 3.34, 3.14, 2.06, 1.81, 1.94, 2.43, 2.71, 3.32, 3.485, 3.278, 2.42, 1.91, 2.31, 2.7, 3.49, 3.54, 3.53, 3.74, 4.01], [1.77, 1.68, 2.08, 2.04, 1.21, 1.27, 1.61, 2.63, 2.59, 2.57, 3.39, 4.36, 4.69, 4.41, 4.6, 4.3, 4.27, 4.28, 4.43, 4.11, 3.52, 3.27, 2.89, 2.4, 1.92, 1.62, 0.99, 1.71, 1.37, 0.96, 0.98, 1.06, 0.72, 0, 0.97, 1.41, 1.56, 1.65, 1.42, 2.44, 3.6, 3.0, 2.54, 2.73, 2.94, 2.87, 1.96, 2.02, 2.31, 1.97, 2.25, 2.46, 2.64, 3.15, 2.25, 1.79, 2.05, 2.0, 2.57, 3.61, 3.88, 2.85, 2.39, 2.91, 2.74, 2.52, 2.85, 3.0, 2.78, 1.84, 1.61, 1.8, 2.41, 2.91, 3.605, 3.702, 3.515, 2.76, 2.19, 2.35, 3.04, 3.77, 3.86, 3.81, 4.12, 4.39], [1.88, 1.73, 2.23, 2.13, 1.48, 1.56, 1.74, 2.68, 2.4, 2.52, 3.4, 4.43, 4.7, 4.52, 4.69, 4.37, 4.3, 4.33, 4.48, 4.2, 3.57, 3.42, 3.02, 2.41, 2.21, 1.97, 1.3, 1.84, 1.7, 1.49, 1.41, 1.29, 1.09, 0.97, 0, 1.08, 1.29, 1.56, 1.47, 2.69, 3.85, 3.41, 2.91, 3.1, 3.35, 3.22, 2.31, 2.11, 2.46, 2.16, 2.32, 2.45, 2.77, 3.16, 2.42, 1.96, 2.14, 2.03, 2.62, 3.54, 3.83, 2.82, 2.46, 2.9, 2.73, 2.59, 2.88, 3.01, 2.85, 2.11, 1.8, 2.03, 2.76, 2.96, 3.59, 3.77, 3.516, 2.67, 2.2, 2.38, 2.99, 3.68, 3.79, 3.8, 4.09, 4.36], [1.98, 2.03, 2.61, 2.43, 1.96, 1.78, 1.66, 2.16, 1.86, 1.96, 2.94, 3.93, 4.22, 4.0, 4.23, 3.91, 3.84, 3.87, 4.0, 3.78, 3.17, 2.94, 2.6, 2.43, 2.19, 1.97, 1.72, 2.4, 2.2, 2.05, 1.99, 1.87, 1.65, 1.41, 1.08, 0, 0.77, 1.04, 1.73, 3.01, 4.25, 3.71, 3.19, 3.4, 3.65, 3.56, 2.55, 2.45, 2.74, 2.12, 1.86, 1.71, 2.25, 2.62, 1.84, 1.48, 1.66, 1.61, 2.18, 2.82, 3.03, 2.26, 2.2, 2.28, 2.29, 2.31, 2.52, 2.63, 2.49, 2.31, 2.12, 2.31, 2.98, 3.44, 4.05, 4.181, 3.953, 3.17, 2.72, 2.85, 3.63, 4.16, 4.45, 4.26, 4.64, 4.87], [2.37, 2.32, 2.92, 2.76, 2.17, 1.83, 1.69, 2.29, 2.01, 2.15, 3.03, 3.94, 4.23, 3.99, 4.26, 3.92, 3.87, 3.9, 4.07, 3.85, 3.28, 3.01, 2.65, 2.48, 2.24, 2.02, 1.85, 2.73, 2.55, 2.2, 2.14, 2.24, 1.96, 1.56, 1.29, 0.77, 0, 0.95, 1.78, 2.98, 4.06, 3.48, 3.0, 3.17, 3.44, 3.35, 2.36, 2.5, 2.63, 1.95, 1.65, 1.58, 2.0, 2.47, 1.75, 1.41, 1.61, 1.58, 2.03, 2.61, 2.8, 2.11, 2.03, 2.11, 2.12, 2.08, 2.31, 2.38, 2.22, 1.94, 1.85, 2.06, 2.83, 3.43, 4.12, 4.26, 4.11, 3.38, 3.03, 3.07, 3.853, 4.43, 4.76, 4.57, 4.967, 5.24], [2.32, 2.15, 2.75, 2.55, 2.04, 1.88, 1.96, 2.74, 2.5, 2.6, 3.4, 4.39, 4.72, 4.48, 4.73, 4.39, 4.32, 4.39, 4.54, 4.38, 3.73, 3.44, 3.12, 2.77, 2.27, 2.03, 1.88, 2.56, 2.42, 2.37, 2.35, 2.31, 1.87, 1.65, 1.56, 1.04, 0.95, 0, 1.31, 2.55, 3.53, 3.01, 2.51, 2.7, 2.93, 2.76, 1.85, 2.03, 2.2, 1.54, 1.56, 1.71, 2.35, 3.0, 2.22, 1.82, 2.02, 1.93, 2.28, 2.94, 2.95, 2.0, 1.9, 2.2, 2.21, 1.99, 2.08, 2.13, 1.77, 1.71, 1.56, 1.55, 2.3, 2.94, 3.603, 3.79, 3.638, 3.03, 2.84, 3.04, 3.87, 4.76, 5.03, 4.58, 4.91, 5.218], [2.23, 1.76, 2.0, 2.08, 1.37, 1.59, 2.19, 3.15, 2.87, 2.97, 3.93, 5.06, 5.47, 5.23, 5.46, 5.06, 4.99, 5.02, 5.15, 5.03, 4.38, 4.11, 3.75, 3.18, 2.66, 2.28, 1.51, 2.13, 2.03, 2.04, 2.12, 2.02, 1.66, 1.42, 1.47, 1.73, 1.78, 1.31, 0, 1.7, 2.94, 2.38, 1.86, 2.07, 2.38, 2.25, 1.26, 1.36, 1.39, 1.49, 1.99, 2.48, 3.14, 3.85, 2.99, 2.49, 2.81, 2.7, 3.07, 3.73, 3.68, 2.67, 2.37, 2.89, 2.84, 2.34, 2.29, 2.38, 1.98, 1.32, 1.23, 1.14, 1.83, 2.39, 2.916, 3.073, 3.023, 2.458, 2.388, 2.61, 3.62, 4.61, 4.72, 4.51, 4.62, 4.81], [3.01, 2.58, 2.32, 2.38, 2.11, 2.65, 3.25, 4.21, 4.09, 4.31, 5.29, 6.48, 6.87, 6.61, 6.78, 6.44, 6.37, 6.36, 6.39, 6.15, 5.58, 5.45, 5.07, 4.52, 4.02, 3.46, 2.25, 2.21, 2.13, 2.64, 2.78, 2.68, 2.5, 2.44, 2.69, 3.01, 2.98, 2.55, 1.7, 0, 1.5, 1.0, 1.52, 1.57, 1.4, 1.41, 1.58, 1.42, 1.53, 2.29, 3.17, 3.66, 4.5, 5.17, 4.33, 3.85, 4.11, 4.06, 4.39, 5.07, 5.04, 3.97, 3.69, 4.27, 4.22, 3.68, 3.39, 3.5, 3.02, 2.14, 1.77, 1.64, 1.53, 1.31, 1.7, 1.94, 2.07, 1.94, 2.39, 2.89, 4.04, 5.11, 5.38, 5.11, 5.02, 4.99], [4.07, 3.6, 3.36, 3.36, 3.17, 3.77, 4.35, 5.47, 5.35, 5.57, 6.51, 7.7, 8.09, 7.83, 8.0, 7.66, 7.57, 7.56, 7.59, 7.35, 6.74, 6.61, 6.23, 5.68, 5.22, 4.7, 3.17, 2.97, 3.11, 3.6, 3.78, 3.66, 3.56, 3.6, 3.85, 4.25, 4.06, 3.53, 2.94, 1.5, 0, 1.38, 2.36, 2.35, 1.86, 1.83, 2.5, 2.42, 2.47, 3.17, 4.11, 4.64, 5.52, 6.27, 5.43, 4.93, 5.15, 5.1, 5.45, 6.19, 6.16, 5.09, 4.75, 5.35, 5.3, 4.78, 4.49, 4.62, 4.04, 3.16, 2.79, 2.5, 1.99, 1.69, 1.86, 1.9, 2.35, 2.76, 3.29, 3.67, 4.7, 5.77, 5.96, 5.67, 5.56, 5.55], [3.43, 3.1, 2.84, 2.88, 2.61, 2.93, 3.47, 4.63, 4.63, 4.87, 5.77, 6.86, 7.23, 6.97, 7.14, 6.8, 6.71, 6.72, 6.75, 6.49, 5.9, 5.71, 5.33, 4.82, 4.34, 3.8, 2.77, 2.79, 2.81, 3.16, 3.34, 3.24, 3.1, 3.0, 3.41, 3.71, 3.48, 3.01, 2.38, 1.0, 1.38, 0, 1.16, 1.13, 0.9, 1.09, 1.42, 1.62, 1.47, 2.11, 3.03, 3.56, 4.42, 5.31, 4.51, 4.03, 4.25, 4.2, 4.37, 5.19, 5.2, 4.07, 3.71, 4.33, 4.3, 3.86, 3.55, 3.7, 3.1, 2.16, 1.97, 1.58, 1.25, 1.23, 1.64, 1.7, 1.97, 2.26, 2.81, 3.15, 4.34, 5.55, 5.78, 5.47, 5.42, 5.45], [3.01, 2.66, 2.56, 2.58, 2.21, 2.25, 2.59, 3.67, 3.85, 4.05, 4.93, 5.92, 6.27, 6.01, 6.18, 5.84, 5.77, 5.78, 5.81, 5.49, 4.86, 4.69, 4.31, 3.82, 3.38, 2.9, 2.35, 2.65, 2.63, 2.96, 3.08, 2.98, 2.78, 2.54, 2.91, 3.19, 3.0, 2.51, 1.86, 1.52, 2.36, 1.16, 0, 0.69, 1.14, 1.29, 1.0, 1.34, 1.11, 1.49, 2.15, 2.7, 3.5, 4.37, 3.53, 3.19, 3.41, 3.38, 3.37, 4.23, 4.26, 3.13, 2.77, 3.39, 3.36, 2.92, 2.67, 2.86, 2.2, 1.6, 1.61, 1.14, 1.25, 1.61, 2.28, 2.36, 2.51, 2.26, 2.51, 2.89, 4.14, 5.33, 5.52, 5.27, 5.24, 5.27], [3.32, 2.95, 2.81, 2.83, 2.5, 2.5, 2.8, 3.86, 4.1, 4.3, 5.14, 5.99, 6.24, 5.98, 6.15, 5.81, 5.74, 5.75, 5.8, 5.58, 4.95, 4.68, 4.3, 3.83, 3.37, 2.99, 2.56, 2.92, 2.92, 3.11, 3.21, 3.13, 2.95, 2.73, 3.1, 3.4, 3.17, 2.7, 2.07, 1.57, 2.35, 1.13, 0.69, 0, 1.03, 1.36, 1.25, 1.53, 1.2, 1.6, 2.3, 2.83, 3.55, 4.42, 3.58, 3.28, 3.48, 3.43, 3.32, 4.2, 4.23, 3.1, 2.74, 3.36, 3.33, 2.89, 2.58, 2.75, 2.17, 1.69, 1.78, 1.35, 1.44, 1.58, 2.21, 2.43, 2.56, 2.45, 2.78, 3.14, 4.35, 5.58, 5.79, 5.5, 5.47, 5.52], [3.61, 3.28, 3.06, 3.06, 2.79, 2.93, 3.37, 4.53, 4.57, 4.75, 5.61, 6.54, 6.89, 6.63, 6.8, 6.46, 6.37, 6.38, 6.45, 6.19, 5.56, 5.31, 4.93, 4.46, 4.0, 3.48, 2.81, 3.03, 3.03, 3.24, 3.46, 3.24, 3.1, 2.94, 3.35, 3.65, 3.44, 2.93, 2.38, 1.4, 1.86, 0.9, 1.14, 1.03, 0, 0.69, 1.4, 1.64, 1.55, 2.05, 2.87, 3.38, 4.16, 4.95, 4.11, 3.73, 3.93, 3.86, 4.01, 4.85, 4.86, 3.75, 3.39, 4.05, 4.0, 3.52, 3.21, 3.36, 2.76, 2.08, 1.97, 1.64, 1.51, 1.41, 1.86, 2.28, 2.59, 2.56, 3.01, 3.37, 4.58, 5.79, 6.02, 5.71, 5.68, 5.69], [3.56, 3.19, 2.99, 2.95, 2.7, 2.88, 3.42, 4.54, 4.56, 4.72, 5.58, 6.65, 7.0, 6.74, 6.91, 6.57, 6.5, 6.51, 6.56, 6.34, 5.67, 5.5, 5.12, 4.59, 4.13, 3.57, 2.66, 2.92, 2.94, 3.13, 3.25, 3.15, 2.97, 2.87, 3.22, 3.56, 3.35, 2.76, 2.25, 1.41, 1.83, 1.09, 1.29, 1.36, 0.69, 0, 1.29, 1.59, 1.5, 2.02, 2.88, 3.41, 4.25, 5.1, 4.3, 3.9, 4.06, 4.01, 4.18, 4.98, 4.99, 3.86, 3.52, 4.14, 4.09, 3.65, 3.34, 3.49, 2.89, 1.99, 1.88, 1.53, 1.64, 1.48, 1.91, 2.39, 2.76, 2.67, 2.92, 3.36, 4.49, 5.68, 5.91, 5.6, 5.57, 5.62], [2.55, 2.22, 2.28, 2.22, 1.77, 1.85, 2.41, 3.55, 3.53, 3.67, 4.61, 5.68, 6.03, 5.77, 5.94, 5.62, 5.55, 5.56, 5.63, 5.41, 4.72, 4.51, 4.11, 3.62, 3.14, 2.62, 1.99, 2.63, 2.55, 2.66, 2.72, 2.66, 2.26, 1.96, 2.31, 2.55, 2.36, 1.85, 1.26, 1.58, 2.5, 1.42, 1.0, 1.25, 1.4, 1.29, 0, 1.08, 0.89, 1.05, 1.91, 2.34, 3.22, 4.07, 3.29, 2.85, 3.03, 2.96, 3.15, 4.01, 4.04, 2.91, 2.55, 3.17, 3.14, 2.7, 2.39, 2.54, 1.96, 1.26, 1.39, 0.74, 1.37, 1.75, 2.4, 2.58, 2.71, 2.42, 2.49, 2.81, 3.92, 5.07, 5.24, 4.97, 5.08, 5.19], [2.27, 1.84, 1.78, 1.84, 1.51, 2.15, 2.77, 3.87, 3.75, 3.95, 5.026, 6.219, 6.57, 6.31, 6.5, 6.167, 6.11, 6.099, 6.175, 5.91, 5.26, 5.03, 4.65, 4.12, 3.66, 3.12, 1.73, 1.95, 2.03, 2.4, 2.56, 2.2, 1.92, 2.02, 2.11, 2.45, 2.5, 2.03, 1.36, 1.42, 2.42, 1.62, 1.34, 1.53, 1.64, 1.59, 1.08, 0, 0.99, 1.69, 2.45, 2.94, 3.8, 4.59, 3.79, 3.27, 3.49, 3.46, 3.73, 4.61, 4.64, 3.51, 3.17, 3.81, 3.76, 3.26, 3.05, 3.24, 2.68, 1.8, 1.51, 1.12, 1.33, 1.41, 1.8, 1.96, 2.05, 1.6, 1.73, 1.99, 3.24, 4.41, 4.6, 4.33, 4.38, 4.45], [2.46, 2.15, 2.11, 2.15, 1.74, 1.98, 2.56, 3.62, 3.5, 3.7, 4.802, 6.015, 6.396, 6.13, 6.346, 5.983, 5.891, 5.875, 5.931, 5.72, 5.07, 4.9, 4.52, 3.95, 3.49, 2.91, 2.02, 2.42, 2.38, 2.83, 2.87, 2.75, 2.47, 2.31, 2.46, 2.74, 2.63, 2.2, 1.39, 1.53, 2.47, 1.47, 1.11, 1.2, 1.55, 1.5, 0.89, 0.99, 0, 1.24, 2.1, 2.63, 3.51, 4.38, 3.6, 3.1, 3.3, 3.27, 3.5, 4.383, 4.39, 3.283, 2.94, 3.529, 3.496, 3.044, 2.8, 2.97, 2.41, 1.61, 1.58, 1.07, 1.4, 1.62, 2.01, 2.25, 2.34, 2.05, 2.14, 2.5, 3.69, 4.88, 5.07, 4.82, 4.85, 4.94], [2.44, 2.29, 2.55, 2.39, 1.96, 1.88, 2.02, 2.92, 2.88, 3.04, 3.94, 4.955, 5.296, 5.04, 5.226, 4.863, 4.811, 4.795, 4.94, 4.68, 3.99, 3.82, 3.42, 3.01, 2.51, 1.91, 2.22, 2.88, 2.82, 2.75, 2.81, 2.77, 2.31, 1.97, 2.16, 2.12, 1.95, 1.54, 1.49, 2.29, 3.17, 2.11, 1.49, 1.6, 2.05, 2.02, 1.05, 1.69, 1.24, 0, 1.04, 1.53, 2.43, 3.3, 2.56, 2.14, 2.3, 2.31, 2.44, 3.3, 3.31, 2.28, 1.92, 2.46, 2.47, 2.09, 1.8, 1.93, 1.57, 1.39, 1.54, 1.11, 1.82, 2.36, 3.07, 3.27, 3.24, 2.85, 2.86, 3.06, 4.09, 5.18, 5.35, 4.96, 5.23, 5.44], [2.74, 2.61, 3.15, 3.01, 2.42, 2.06, 1.86, 2.36, 2.3, 2.38, 3.18, 4.09, 4.4, 4.1, 4.286, 4.01, 3.92, 3.95, 4.14, 3.92, 3.31, 3.1, 2.84, 2.77, 2.19, 1.79, 2.58, 3.34, 3.26, 2.99, 3.05, 3.03, 2.63, 2.25, 2.32, 1.86, 1.65, 1.56, 1.99, 3.17, 4.11, 3.03, 2.15, 2.3, 2.87, 2.88, 1.91, 2.45, 2.1, 1.04, 0, 0.73, 1.65, 2.54, 2.06, 1.72, 1.9, 1.99, 1.72, 2.36, 2.43, 1.74, 1.52, 1.56, 1.65, 1.37, 1.5, 1.63, 1.45, 1.81, 2.04, 1.83, 2.5, 3.28, 3.99, 4.13, 4.0, 3.55, 3.42, 3.5, 4.41, 5.38, 5.67, 5.24, 5.57, 5.9], [3.01, 3.06, 3.6, 3.52, 2.87, 2.21, 1.87, 1.95, 1.81, 1.89, 2.65, 3.56, 3.826, 3.55, 3.74, 3.453, 3.35, 3.4, 3.55, 3.39, 2.76, 2.55, 2.55, 2.58, 2.18, 1.92, 2.71, 3.63, 3.49, 3.22, 3.22, 3.24, 2.88, 2.46, 2.45, 1.71, 1.58, 1.71, 2.48, 3.66, 4.64, 3.56, 2.7, 2.83, 3.38, 3.41, 2.34, 2.94, 2.63, 1.53, 0.73, 0, 1.22, 2.01, 1.71, 1.49, 1.65, 1.74, 1.51, 1.99, 2.14, 1.65, 1.71, 1.35, 1.44, 1.54, 1.79, 1.84, 1.8, 2.24, 2.45, 2.24, 2.93, 3.85, 4.52, 4.68, 4.55, 4.02, 3.75, 3.73, 4.56, 5.49, 5.82, 5.45, 5.82, 6.15], [3.29, 3.6, 4.16, 4.08, 3.31, 2.51, 1.97, 1.69, 1.63, 1.75, 2.05, 2.8, 2.99, 2.73, 3.0, 2.66, 2.63, 2.68, 2.81, 2.79, 2.16, 2.15, 2.29, 2.5, 2.2, 2.08, 3.09, 4.03, 3.73, 3.12, 3.14, 3.36, 3.08, 2.64, 2.77, 2.25, 2.0, 2.35, 3.14, 4.5, 5.52, 4.42, 3.5, 3.55, 4.16, 4.25, 3.22, 3.8, 3.51, 2.43, 1.65, 1.22, 0, 1.15, 1.23, 1.31, 1.47, 1.56, 1.39, 1.91, 2.24, 2.07, 1.99, 1.65, 1.74, 2.0, 2.21, 2.26, 2.28, 2.74, 2.89, 3.1, 3.79, 4.73, 5.38, 5.5, 5.31, 4.76, 4.27, 4.25, 4.68, 5.25, 5.74, 5.75, 6.24, 6.61], [3.82, 4.17, 4.79, 4.63, 3.86, 2.96, 2.36, 1.78, 1.64, 1.82, 1.72, 2.35, 2.44, 2.08, 2.23, 2.01, 2.24, 2.27, 2.56, 2.58, 1.97, 2.12, 2.22, 2.29, 2.59, 2.43, 3.52, 4.5, 4.18, 3.57, 3.59, 3.81, 3.55, 3.15, 3.16, 2.62, 2.47, 3.0, 3.85, 5.17, 6.27, 5.31, 4.37, 4.42, 4.95, 5.1, 4.07, 4.59, 4.38, 3.3, 2.54, 2.01, 1.15, 0, 1.26, 1.68, 1.52, 1.49, 1.5, 1.78, 2.19, 2.1, 2.24, 1.86, 1.97, 2.25, 2.56, 2.59, 2.71, 3.45, 3.64, 3.95, 4.64, 5.6, 6.23, 6.35, 6.18, 5.41, 4.82, 4.94, 5.27, 5.66, 6.03, 6.26, 6.75, 7.12], [2.94, 3.25, 3.85, 3.65, 2.9, 2.08, 1.46, 1.34, 1.66, 1.74, 2.22, 2.89, 3.08, 2.84, 3.05, 2.73, 2.68, 2.77, 2.94, 2.76, 2.07, 1.82, 1.62, 1.73, 1.69, 1.69, 2.7, 3.56, 3.32, 2.67, 2.75, 2.83, 2.67, 2.25, 2.42, 1.84, 1.75, 2.22, 2.99, 4.33, 5.43, 4.51, 3.53, 3.58, 4.11, 4.3, 3.29, 3.79, 3.6, 2.56, 2.06, 1.71, 1.23, 1.26, 0, 0.86, 0.94, 0.87, 1.3, 2.12, 2.37, 1.8, 1.86, 1.84, 1.93, 2.05, 2.34, 2.43, 2.33, 2.75, 2.9, 3.23, 3.9, 4.82, 5.41, 5.53, 5.34, 4.53, 3.94, 4.08, 4.45, 4.88, 5.25, 5.32, 5.73, 6.1], [2.42, 2.69, 3.27, 3.15, 2.44, 1.72, 1.16, 1.64, 1.66, 1.76, 2.42, 3.27, 3.5, 3.3, 3.55, 3.21, 3.14, 3.21, 3.34, 3.12, 2.45, 2.06, 1.7, 1.63, 1.55, 1.49, 2.26, 3.16, 2.88, 2.41, 2.37, 2.43, 2.25, 1.79, 1.96, 1.48, 1.41, 1.82, 2.49, 3.85, 4.93, 4.03, 3.19, 3.28, 3.73, 3.9, 2.85, 3.27, 3.1, 2.14, 1.72, 1.49, 1.31, 1.68, 0.86, 0, 0.84, 0.97, 1.34, 2.42, 2.75, 1.94, 1.82, 1.92, 1.91, 2.01, 2.3, 2.39, 2.23, 2.49, 2.5, 2.79, 3.44, 4.32, 4.87, 4.97, 4.76, 3.99, 3.4, 3.52, 3.91, 4.32, 4.67, 4.82, 5.23, 5.6], [2.76, 3.01, 3.63, 3.47, 2.74, 1.92, 1.42, 1.48, 1.62, 1.72, 2.18, 2.978, 3.199, 2.98, 3.17, 2.826, 2.753, 2.83, 2.98, 2.72, 2.07, 1.84, 1.62, 1.57, 1.77, 1.73, 2.42, 3.38, 3.12, 2.51, 2.43, 2.67, 2.51, 2.05, 2.14, 1.66, 1.61, 2.02, 2.81, 4.11, 5.15, 4.25, 3.41, 3.48, 3.93, 4.06, 3.03, 3.49, 3.3, 2.3, 1.9, 1.65, 1.47, 1.52, 0.94, 0.84, 0, 0.85, 1.54, 2.44, 2.89, 2.14, 2.12, 2.2, 2.25, 2.39, 2.66, 2.81, 2.59, 2.77, 2.8, 2.97, 3.64, 4.5, 5.11, 5.23, 5.04, 4.31, 3.7, 3.78, 4.21, 4.46, 4.81, 5.1, 5.57, 5.94], [2.65, 2.96, 3.56, 3.4, 2.63, 1.81, 1.31, 1.65, 1.77, 1.79, 2.43, 3.2, 3.35, 3.03, 3.26, 2.94, 2.85, 2.94, 3.17, 2.99, 2.38, 2.09, 1.75, 1.72, 1.72, 1.64, 2.39, 3.35, 3.05, 2.48, 2.58, 2.62, 2.44, 2.0, 2.03, 1.61, 1.58, 1.93, 2.7, 4.06, 5.1, 4.2, 3.38, 3.43, 3.86, 4.01, 2.96, 3.46, 3.27, 2.31, 1.99, 1.74, 1.56, 1.49, 0.87, 0.97, 0.85, 0, 1.25, 2.21, 2.6, 1.81, 1.81, 1.95, 1.96, 2.04, 2.35, 2.48, 2.3, 2.5, 2.63, 2.88, 3.57, 4.47, 5.1, 5.22, 5.03, 4.22, 3.61, 3.77, 4.26, 4.75, 5.02, 4.99, 5.44, 5.83], [3.22, 3.53, 4.11, 4.03, 3.28, 2.48, 1.82, 1.94, 2.12, 2.2, 2.88, 3.47, 3.46, 3.08, 3.23, 2.93, 2.92, 3.01, 3.38, 3.34, 2.73, 2.26, 1.96, 1.83, 1.87, 1.97, 3.08, 4.02, 3.76, 3.19, 3.31, 3.31, 3.07, 2.57, 2.62, 2.18, 2.03, 2.28, 3.07, 4.39, 5.45, 4.37, 3.37, 3.32, 4.01, 4.18, 3.15, 3.73, 3.5, 2.44, 1.72, 1.51, 1.39, 1.5, 1.3, 1.34, 1.54, 1.25, 0, 1.34, 1.73, 1.08, 1.14, 0.92, 0.99, 1.35, 1.58, 1.67, 1.63, 2.55, 2.74, 3.07, 3.74, 4.66, 5.35, 5.47, 5.3, 4.69, 4.2, 4.2, 4.823, 5.498, 5.888, 5.72, 6.159, 6.553], [4.34, 4.43, 5.07, 4.9, 4.2, 3.42, 2.88, 2.36, 2.26, 2.32, 2.6, 3.13, 3.04, 2.58, 2.79, 2.47, 2.42, 2.77, 3.22, 3.56, 3.01, 2.74, 2.62, 2.77, 2.79, 2.91, 3.98, 4.94, 4.74, 4.23, 4.35, 4.39, 4.15, 3.61, 3.54, 2.82, 2.61, 2.94, 3.73, 5.07, 6.19, 5.19, 4.23, 4.2, 4.85, 4.98, 4.01, 4.61, 4.383, 3.3, 2.36, 1.99, 1.91, 1.78, 2.12, 2.42, 2.44, 2.21, 1.34, 0, 0.87, 1.44, 1.68, 1.22, 1.25, 1.63, 1.82, 1.75, 2.23, 3.19, 3.44, 3.83, 4.54, 5.52, 6.236, 6.373, 6.206, 5.516, 5.15, 5.273, 6.003, 6.655, 7.028, 6.78, 7.18, 7.553], [4.55, 4.54, 5.1, 4.93, 4.33, 3.67, 3.15, 2.77, 2.69, 2.81, 3.01, 3.52, 3.45, 2.93, 3.16, 2.9, 2.87, 3.24, 3.69, 4.07, 3.44, 3.13, 3.09, 3.08, 3.04, 3.1, 4.17, 5.11, 4.95, 4.46, 4.6, 4.6, 4.34, 3.88, 3.83, 3.03, 2.8, 2.95, 3.68, 5.04, 6.16, 5.2, 4.26, 4.23, 4.86, 4.99, 4.04, 4.64, 4.39, 3.31, 2.43, 2.14, 2.24, 2.19, 2.37, 2.75, 2.89, 2.6, 1.73, 0.87, 0, 1.31, 1.65, 1.19, 1.32, 1.62, 1.81, 1.7, 2.18, 3.14, 3.53, 3.84, 4.57, 5.55, 6.243, 6.4, 6.233, 5.493, 5.283, 5.428, 6.235, 6.988, 7.378, 7.03, 7.395, 7.725], [3.54, 3.57, 4.09, 3.917, 3.3, 2.7, 2.24, 2.36, 2.56, 2.58, 3.34, 3.85, 3.76, 3.34, 3.51, 3.21, 3.14, 3.33, 3.7, 3.8, 3.29, 2.76, 2.36, 2.17, 2.11, 2.15, 3.16, 4.06, 3.9, 3.43, 3.59, 3.61, 3.25, 2.85, 2.82, 2.26, 2.11, 2.0, 2.67, 3.97, 5.09, 4.07, 3.13, 3.1, 3.75, 3.86, 2.91, 3.51, 3.283, 2.28, 1.74, 1.65, 2.07, 2.1, 1.8, 1.94, 2.14, 1.81, 1.08, 1.44, 1.31, 0, 0.84, 0.9, 1.07, 1.23, 1.36, 1.43, 1.29, 2.23, 2.52, 2.71, 3.44, 4.42, 5.116, 5.273, 5.118, 4.403, 4.215, 4.378, 5.168, 6.0, 6.37, 6.0, 6.345, 6.675], [3.18, 3.05, 3.67, 3.51, 2.82, 2.28, 1.86, 2.5, 2.74, 2.76, 3.52, 4.09, 4.12, 3.68, 3.81, 3.53, 3.5, 3.63, 3.96, 4.04, 3.47, 3.06, 2.5, 2.11, 1.79, 1.81, 2.74, 3.64, 3.5, 3.01, 3.15, 3.19, 2.83, 2.39, 2.46, 2.2, 2.03, 1.9, 2.37, 3.69, 4.75, 3.71, 2.77, 2.74, 3.39, 3.52, 2.55, 3.17, 2.94, 1.92, 1.52, 1.71, 1.99, 2.24, 1.86, 1.82, 2.12, 1.81, 1.14, 1.68, 1.65, 0.84, 0, 0.94, 0.97, 0.95, 1.18, 1.27, 1.09, 1.81, 2.06, 2.35, 3.08, 4.06, 4.767, 4.924, 4.757, 4.143, 3.815, 3.938, 4.75, 5.64, 5.95, 5.58, 5.925, 6.275], [3.58, 3.67, 4.225, 4.131, 3.478, 2.74, 2.24, 2.24, 2.28, 2.3, 2.98, 3.53, 3.54, 3.2, 3.31, 3.03, 3.0, 3.07, 3.46, 3.62, 3.09, 2.6, 2.5, 2.43, 2.11, 2.19, 3.28, 4.2, 4.0, 3.51, 3.65, 3.67, 3.35, 2.91, 2.9, 2.28, 2.11, 2.2, 2.89, 4.27, 5.35, 4.33, 3.39, 3.36, 4.05, 4.14, 3.17, 3.81, 3.529, 2.46, 1.56, 1.35, 1.65, 1.86, 1.84, 1.92, 2.2, 1.95, 0.92, 1.22, 1.19, 0.9, 0.94, 0, 0.67, 0.89, 1.16, 1.13, 1.45, 2.33, 2.66, 2.97, 3.68, 4.68, 5.402, 5.559, 5.352, 4.743, 4.335, 4.498, 5.265, 6.08, 6.428, 6.08, 6.465, 6.835], [3.47, 3.64, 4.18, 4.1, 3.428, 2.63, 2.05, 2.37, 2.41, 2.39, 2.87, 3.44, 3.47, 3.09, 3.24, 2.96, 2.91, 3.04, 3.53, 3.75, 3.2, 2.73, 2.49, 2.3, 2.0, 2.04, 3.07, 4.09, 3.87, 3.36, 3.44, 3.58, 3.26, 2.74, 2.73, 2.29, 2.12, 2.21, 2.84, 4.22, 5.3, 4.3, 3.36, 3.33, 4.0, 4.09, 3.14, 3.76, 3.496, 2.47, 1.65, 1.44, 1.74, 1.97, 1.93, 1.91, 2.25, 1.96, 0.99, 1.25, 1.32, 1.07, 0.97, 0.67, 0, 0.86, 1.13, 1.12, 1.36, 2.32, 2.59, 2.94, 3.65, 4.65, 5.352, 5.509, 5.319, 4.669, 4.311, 4.308, 5.06, 5.91, 6.24, 5.91, 6.335, 6.665], [3.15, 3.12, 3.66, 3.52, 2.85, 2.27, 2.11, 2.51, 2.55, 2.57, 3.19, 3.8, 3.87, 3.53, 3.66, 3.38, 3.37, 3.38, 3.79, 3.89, 3.36, 2.91, 2.67, 2.52, 1.92, 1.7, 2.81, 3.63, 3.45, 3.04, 3.24, 3.32, 2.86, 2.52, 2.59, 2.31, 2.08, 1.99, 2.34, 3.68, 4.78, 3.86, 2.92, 2.89, 3.52, 3.65, 2.7, 3.26, 3.044, 2.09, 1.37, 1.54, 2.0, 2.25, 2.05, 2.01, 2.39, 2.04, 1.35, 1.63, 1.62, 1.23, 0.95, 0.89, 0.86, 0, 0.75, 0.8, 1.1, 1.88, 2.21, 2.5, 3.21, 4.21, 4.897, 5.054, 4.867, 4.153, 3.785, 4.09, 4.88, 5.87, 6.08, 5.71, 5.94, 6.27], [3.32, 3.37, 3.65, 3.428, 3.02, 2.64, 2.44, 2.78, 2.82, 2.82, 3.52, 4.11, 4.18, 3.8, 3.99, 3.67, 3.62, 3.67, 4.08, 4.2, 3.63, 3.24, 2.88, 2.75, 2.15, 2.03, 3.06, 3.78, 3.64, 3.37, 3.57, 3.69, 3.21, 2.85, 2.88, 2.52, 2.31, 2.08, 2.29, 3.39, 4.49, 3.55, 2.67, 2.58, 3.21, 3.34, 2.39, 3.05, 2.8, 1.8, 1.5, 1.79, 2.21, 2.56, 2.34, 2.3, 2.66, 2.35, 1.58, 1.82, 1.81, 1.36, 1.18, 1.16, 1.13, 0.75, 0, 0.49, 0.89, 1.77, 2.08, 2.31, 3.12, 3.9, 4.59, 4.767, 4.613, 3.95, 3.86, 4.24, 5.21, 6.26, 6.43, 6.04, 6.31, 6.5], [3.45, 3.5, 3.82, 3.64, 3.17, 2.75, 2.53, 2.81, 2.85, 2.87, 3.53, 4.1, 4.09, 3.67, 3.92, 3.56, 3.49, 3.62, 4.01, 4.23, 3.66, 3.19, 2.95, 2.8, 2.24, 2.16, 3.27, 3.99, 3.85, 3.52, 3.72, 3.82, 3.34, 3.0, 3.01, 2.63, 2.38, 2.13, 2.38, 3.5, 4.62, 3.7, 2.86, 2.75, 3.36, 3.49, 2.54, 3.24, 2.97, 1.93, 1.63, 1.84, 2.26, 2.59, 2.43, 2.39, 2.81, 2.48, 1.67, 1.75, 1.7, 1.43, 1.27, 1.13, 1.12, 0.8, 0.49, 0, 0.84, 1.92, 2.27, 2.44, 3.27, 4.05, 4.737, 4.96, 4.863, 4.12, 4.09, 4.45, 5.38, 6.35, 6.56, 6.13, 6.4, 6.63], [3.29, 3.3, 3.54, 3.36, 2.99, 2.63, 2.35, 2.87, 3.01, 3.07, 3.79, 4.44, 4.51, 4.19, 4.4, 4.08, 4.01, 4.06, 4.41, 4.45, 3.82, 3.47, 3.07, 2.7, 2.26, 2.08, 3.07, 3.81, 3.65, 3.34, 3.54, 3.62, 3.14, 2.78, 2.85, 2.49, 2.22, 1.77, 1.98, 3.02, 4.04, 3.1, 2.2, 2.17, 2.76, 2.89, 1.96, 2.68, 2.41, 1.57, 1.45, 1.8, 2.28, 2.71, 2.33, 2.23, 2.59, 2.3, 1.63, 2.23, 2.18, 1.29, 1.09, 1.45, 1.36, 1.1, 0.89, 0.84, 0, 1.5, 1.89, 1.92, 2.75, 3.45, 4.157, 4.36, 4.35, 3.88, 3.87, 4.13, 5.1, 6.11, 6.38, 5.95, 6.2, 6.43], [2.81, 2.52, 2.46, 2.58, 1.97, 1.91, 2.45, 3.51, 3.39, 3.49, 4.29, 5.14, 5.41, 5.19, 5.42, 5.1, 5.03, 5.06, 5.29, 5.17, 4.6, 4.27, 3.81, 3.3, 2.7, 2.2, 1.93, 2.57, 2.41, 2.18, 2.4, 2.44, 2.06, 1.84, 2.11, 2.31, 1.94, 1.71, 1.32, 2.14, 3.16, 2.16, 1.6, 1.69, 2.08, 1.99, 1.26, 1.8, 1.61, 1.39, 1.81, 2.24, 2.74, 3.45, 2.75, 2.49, 2.77, 2.5, 2.55, 3.19, 3.14, 2.23, 1.81, 2.33, 2.32, 1.88, 1.77, 1.92, 1.5, 0, 0.71, 1.04, 1.67, 2.47, 3.234, 3.4, 3.233, 2.78, 2.63, 2.97, 3.94, 5.11, 5.3, 5.01, 5.08, 5.21], [2.5, 2.25, 2.27, 2.29, 1.7, 1.96, 2.52, 3.58, 3.4, 3.52, 4.34, 5.27, 5.52, 5.36, 5.61, 5.25, 5.14, 5.19, 5.36, 5.22, 4.65, 4.32, 3.86, 3.35, 2.77, 2.31, 1.56, 2.1, 2.02, 1.85, 2.05, 2.13, 1.81, 1.61, 1.8, 2.12, 1.85, 1.56, 1.23, 1.77, 2.79, 1.97, 1.61, 1.78, 1.97, 1.88, 1.39, 1.51, 1.58, 1.54, 2.04, 2.45, 2.89, 3.64, 2.9, 2.5, 2.8, 2.63, 2.74, 3.44, 3.53, 2.52, 2.06, 2.66, 2.59, 2.21, 2.08, 2.27, 1.89, 0.71, 0, 0.89, 1.5, 2.12, 2.864, 2.982, 2.846, 2.33, 2.2, 2.58, 3.63, 4.8, 5.01, 4.74, 4.71, 4.82], [2.57, 2.22, 2.24, 2.24, 1.71, 1.85, 2.45, 3.53, 3.45, 3.57, 4.43, 5.48, 5.87, 5.61, 5.84, 5.46, 5.37, 5.38, 5.47, 5.33, 4.7, 4.45, 4.07, 3.52, 3.0, 2.48, 1.57, 2.21, 2.17, 2.24, 2.36, 2.3, 1.94, 1.8, 2.03, 2.31, 2.06, 1.55, 1.14, 1.64, 2.5, 1.58, 1.14, 1.35, 1.64, 1.53, 0.74, 1.12, 1.07, 1.11, 1.83, 2.24, 3.1, 3.95, 3.23, 2.79, 2.97, 2.88, 3.07, 3.83, 3.84, 2.71, 2.35, 2.97, 2.94, 2.5, 2.31, 2.44, 1.92, 1.04, 0.89, 0, 1.07, 1.77, 2.509, 2.7, 2.643, 2.24, 2.29, 2.55, 3.66, 4.85, 5.02, 4.77, 4.82, 4.95], [3.26, 2.89, 2.79, 2.91, 2.26, 2.46, 3.12, 4.18, 4.04, 4.2, 5.08, 6.19, 6.58, 6.34, 6.55, 6.17, 6.08, 6.09, 6.1, 5.98, 5.35, 5.14, 4.76, 4.21, 3.73, 3.17, 2.12, 2.16, 2.14, 2.47, 2.69, 2.57, 2.43, 2.41, 2.76, 2.98, 2.83, 2.3, 1.83, 1.53, 1.99, 1.25, 1.25, 1.44, 1.51, 1.64, 1.37, 1.33, 1.4, 1.82, 2.5, 2.93, 3.79, 4.64, 3.9, 3.44, 3.64, 3.57, 3.74, 4.54, 4.57, 3.44, 3.08, 3.68, 3.65, 3.21, 3.12, 3.27, 2.75, 1.67, 1.5, 1.07, 0, 1.4, 2.37, 2.17, 2.38, 2.13, 2.66, 2.86, 4.01, 5.16, 5.39, 5.1, 4.99, 5.02], [3.5, 2.97, 2.81, 2.69, 2.68, 3.34, 3.94, 5.04, 4.92, 5.14, 6.08, 7.19, 7.56, 7.3, 7.47, 7.13, 7.06, 7.07, 7.1, 6.82, 6.23, 6.02, 5.64, 5.13, 4.67, 4.13, 2.58, 2.24, 2.38, 2.89, 3.09, 2.81, 2.71, 2.91, 2.96, 3.44, 3.43, 2.94, 2.39, 1.31, 1.69, 1.23, 1.61, 1.58, 1.41, 1.48, 1.75, 1.41, 1.62, 2.36, 3.28, 3.85, 4.73, 5.6, 4.82, 4.32, 4.5, 4.47, 4.66, 5.52, 5.55, 4.42, 4.06, 4.68, 4.65, 4.21, 3.9, 4.05, 3.45, 2.47, 2.12, 1.77, 1.4, 0, 1.43, 1.81, 1.96, 1.89, 2.58, 2.98, 3.93, 4.92, 5.13, 4.84, 4.73, 4.72], [3.19, 2.76, 2.32, 2.22, 2.69, 3.65, 4.31, 5.398, 5.229, 5.358, 6.655, 7.848, 8.229, 7.963, 8.139, 7.796, 7.723, 7.728, 7.763, 7.495, 6.871, 6.675, 6.329, 5.796, 5.356, 4.78, 3.13, 2.53, 2.85, 3.7, 3.86, 3.34, 3.32, 3.605, 3.59, 4.05, 4.12, 3.603, 2.916, 1.7, 1.86, 1.64, 2.28, 2.21, 1.86, 1.91, 2.4, 1.8, 2.01, 3.07, 3.99, 4.52, 5.38, 6.23, 5.41, 4.87, 5.11, 5.1, 5.35, 6.236, 6.243, 5.116, 4.767, 5.402, 5.352, 4.897, 4.59, 4.737, 4.157, 3.234, 2.864, 2.509, 2.37, 1.43, 0, 0.86, 1.19, 1.3, 1.97, 2.25, 3.22, 4.41, 4.64, 4.35, 4.28, 4.27], [3.19, 2.8, 2.26, 2.22, 2.77, 3.763, 4.429, 5.515, 5.366, 5.495, 6.812, 8.005, 8.346, 8.08, 8.256, 7.933, 7.881, 7.885, 7.921, 7.592, 6.948, 6.772, 6.406, 5.913, 5.473, 4.92, 3.29, 2.61, 2.83, 3.74, 3.902, 3.48, 3.485, 3.702, 3.77, 4.181, 4.26, 3.79, 3.073, 1.94, 1.9, 1.7, 2.36, 2.43, 2.28, 2.39, 2.58, 1.96, 2.25, 3.27, 4.13, 4.68, 5.5, 6.35, 5.53, 4.97, 5.23, 5.22, 5.47, 6.373, 6.4, 5.273, 4.924, 5.559, 5.509, 5.054, 4.767, 4.96, 4.36, 3.4, 2.982, 2.7, 2.17, 1.81, 0.86, 0, 0.87, 1.32, 1.91, 2.19, 3.1, 4.25, 4.48, 4.19, 4.08, 4.07], [3.0, 2.61, 2.09, 2.05, 2.62, 3.576, 4.242, 5.328, 5.179, 5.308, 6.625, 7.818, 8.159, 7.893, 8.069, 7.746, 7.693, 7.698, 7.733, 7.405, 6.761, 6.585, 6.219, 5.726, 5.286, 4.738, 3.18, 2.44, 2.7, 3.65, 3.775, 3.281, 3.278, 3.515, 3.516, 3.953, 4.11, 3.638, 3.023, 2.07, 2.35, 1.97, 2.51, 2.56, 2.59, 2.76, 2.71, 2.05, 2.34, 3.24, 4.0, 4.55, 5.31, 6.18, 5.34, 4.76, 5.04, 5.03, 5.3, 6.206, 6.233, 5.118, 4.757, 5.352, 5.319, 4.867, 4.613, 4.863, 4.35, 3.233, 2.846, 2.643, 2.38, 1.96, 1.19, 0.87, 0, 1.01, 1.64, 1.9, 2.67, 3.88, 4.11, 3.82, 3.73, 3.74], [2.21, 1.88, 1.52, 1.4, 1.81, 2.75, 3.41, 4.51, 4.373, 4.458, 5.802, 6.988, 7.329, 7.083, 7.239, 6.916, 6.823, 6.828, 6.863, 6.575, 5.951, 5.755, 5.409, 4.896, 4.456, 3.88, 2.31, 1.57, 1.91, 2.78, 2.945, 2.42, 2.42, 2.76, 2.67, 3.17, 3.38, 3.03, 2.458, 1.94, 2.76, 2.26, 2.26, 2.45, 2.56, 2.67, 2.42, 1.6, 2.05, 2.85, 3.55, 4.02, 4.76, 5.41, 4.53, 3.99, 4.31, 4.22, 4.69, 5.516, 5