[[0, 0.93, 1.39, 1.08, 1.16, 1.93, 1.58, 1.56, 1.93, 1.71, 1.45, 2.03, 1.58, 1.64, 1.81, 2.58, 3.65, 4.04, 3.67, 4.33, 5.72, 5.16, 5.16, 4.88, 3.8, 2.39, 2.19, 2.1, 2.29, 1.76, 2.11, 1.42, 1.45, 1.3, 1.43, 2.96, 4.33, 5.12, 5.28, 4.18, 4.64, 6.203, 7.186, 7.703, 7.36, 5.86, 5.45, 5.91, 5.72, 6.18, 6.85, 7.06, 6.28, 5.29, 5.18, 5.39, 5.82, 6.38, 7.05, 7.52, 6.88, 6.28, 6.86, 8.52, 9.64, 9.34, 8.86, 8.93, 8.291, 6.23, 5.39, 5.359, 5.86, 8.662, 9.13, 8.437, 8.51, 9.092, 9.202, 9.452, 9.14, 8.4, 8.534, 8.583, 9.353, 9.813], [0.93, 0, 0.8, 0.97, 1.27, 1.86, 1.73, 1.73, 1.9, 1.52, 1.6, 2.06, 1.35, 1.41, 1.72, 2.53, 3.56, 3.87, 3.54, 4.16, 5.53, 5.05, 5.21, 4.91, 3.71, 2.2, 1.92, 1.95, 2.02, 1.71, 2.16, 1.73, 1.66, 1.51, 1.72, 3.27, 4.6, 5.33, 5.47, 4.39, 4.85, 6.379, 7.342, 7.879, 7.51, 6.09, 5.64, 6.1, 5.89, 6.33, 7.0, 7.21, 6.43, 5.44, 5.35, 5.54, 6.01, 6.57, 7.24, 7.69, 7.05, 6.43, 7.03, 8.77, 9.87, 9.57, 9.07, 9.18, 8.49, 6.42, 5.62, 5.55, 6.05, 8.84, 9.38, 8.67, 8.697, 9.299, 9.389, 9.699, 9.37, 8.67, 8.782, 8.742, 9.529, 9.969], [1.39, 0.8, 0, 0.95, 1.57, 1.88, 2.05, 1.91, 2.04, 1.76, 1.92, 2.28, 1.35, 1.43, 1.82, 2.37, 3.34, 3.65, 3.32, 3.96, 5.33, 4.85, 5.01, 4.71, 3.47, 1.98, 1.54, 1.81, 1.66, 1.71, 2.02, 1.87, 2.0, 1.77, 1.72, 3.35, 4.82, 5.53, 5.69, 4.61, 5.07, 6.559, 7.55, 8.099, 7.73, 6.27, 5.842, 6.302, 6.11, 6.53, 7.22, 7.43, 6.63, 5.64, 5.53, 5.72, 6.21, 6.79, 7.46, 7.91, 7.25, 6.59, 7.19, 9.01, 10.07, 9.75, 9.255, 9.325, 8.706, 6.64, 5.782, 5.77, 6.27, 9.072, 9.606, 8.862, 8.869, 9.479, 9.629, 9.919, 9.59, 8.87, 8.964, 8.907, 9.709, 10.169], [1.08, 0.97, 0.95, 0, 1.14, 1.73, 1.72, 1.68, 1.71, 1.45, 1.67, 1.99, 1.36, 1.66, 2.17, 2.76, 3.65, 4.1, 3.77, 4.41, 5.78, 5.22, 5.2, 4.9, 3.78, 2.17, 1.81, 2.24, 2.09, 2.0, 2.31, 1.66, 1.69, 1.54, 1.63, 3.12, 4.55, 5.16, 5.34, 4.28, 4.68, 6.161, 7.161, 7.664, 7.3, 5.76, 5.37, 5.83, 5.66, 6.12, 6.79, 7.0, 6.22, 5.23, 5.18, 5.35, 5.74, 6.3, 6.99, 7.42, 6.92, 6.2, 6.8, 8.68, 9.72, 9.32, 8.777, 8.847, 8.22, 6.19, 5.33, 5.38, 5.88, 8.719, 9.187, 8.529, 8.507, 8.989, 9.339, 9.589, 9.28, 8.6, 8.632, 8.543, 9.317, 9.777], [1.16, 1.27, 1.57, 1.14, 0, 1.17, 1.14, 1.1, 1.59, 1.37, 1.21, 1.41, 1.58, 1.94, 2.45, 3.2, 4.27, 4.64, 4.33, 5.01, 6.4, 5.86, 5.64, 5.28, 4.26, 2.57, 2.25, 2.46, 2.45, 2.14, 2.63, 1.6, 1.29, 1.16, 1.21, 2.42, 3.87, 4.5, 4.7, 3.66, 4.08, 5.615, 6.603, 7.115, 6.76, 5.179, 4.83, 5.27, 5.12, 5.58, 6.25, 6.46, 5.68, 4.69, 4.58, 4.77, 5.14, 5.72, 6.39, 6.84, 6.32, 5.64, 6.26, 8.0, 9.02, 8.74, 8.24, 8.41, 7.68, 5.61, 4.75, 4.76, 5.3, 8.01, 8.55, 7.94, 7.95, 8.388, 8.667, 8.866, 8.58, 7.94, 7.975, 8.052, 8.765, 9.225], [1.93, 1.86, 1.88, 1.73, 1.17, 0, 1.11, 1.29, 1.56, 1.38, 1.12, 1.24, 1.95, 2.61, 3.1, 3.89, 5.02, 5.39, 5.08, 5.72, 7.09, 6.53, 6.33, 5.97, 4.95, 3.3, 2.84, 2.97, 2.94, 2.73, 3.14, 2.31, 1.74, 1.77, 1.5, 2.07, 3.2, 3.85, 3.95, 3.03, 3.41, 4.76, 5.725, 6.271, 5.89, 4.43, 4.24, 4.52, 4.29, 4.69, 5.38, 5.59, 4.79, 3.8, 3.73, 3.9, 4.37, 4.95, 5.62, 6.15, 5.69, 5.03, 5.83, 7.33, 8.45, 8.13, 7.77, 7.94, 6.95, 4.88, 4.16, 4.09, 4.83, 7.64, 8.28, 7.51, 7.46, 7.69, 7.94, 8.21, 8.05, 7.37, 7.61, 7.485, 7.881, 8.341], [1.58, 1.73, 2.05, 1.72, 1.14, 1.11, 0, 1.02, 1.41, 1.13, 0.81, 1.07, 1.5, 2.22, 2.75, 3.58, 4.71, 5.139, 4.79, 5.45, 6.8, 6.16, 5.96, 5.6, 4.54, 3.01, 2.57, 2.6, 2.61, 2.46, 2.91, 1.96, 1.39, 1.44, 1.19, 2.3, 3.43, 4.02, 4.3, 3.34, 3.64, 5.029, 6.029, 6.529, 6.18, 4.66, 4.33, 4.75, 4.54, 5.0, 5.67, 5.88, 5.1, 4.11, 4.04, 4.25, 4.68, 5.24, 5.91, 6.4, 5.8, 5.18, 5.76, 7.42, 8.54, 8.18, 7.76, 7.93, 7.12, 5.09, 4.61, 4.34, 4.86, 7.55, 8.09, 7.38, 7.45, 7.897, 8.11, 8.317, 8.08, 7.5, 7.6, 7.535, 8.179, 8.639], [1.56, 1.73, 1.91, 1.68, 1.1, 1.29, 1.02, 0, 1.23, 1.17, 1.07, 1.15, 1.3, 1.86, 2.27, 3.1, 4.278, 4.716, 4.35, 5.01, 6.38, 5.7, 5.42, 4.98, 3.98, 2.57, 1.99, 2.2, 2.15, 2.02, 2.53, 1.6, 1.27, 1.1, 0.93, 2.16, 3.57, 4.36, 4.54, 3.56, 3.9, 5.446, 6.446, 6.946, 6.62, 5.08, 4.71, 5.15, 4.98, 5.44, 6.11, 6.32, 5.54, 4.55, 4.48, 4.69, 5.16, 5.7, 6.37, 6.8, 6.14, 5.52, 6.04, 7.7, 8.8, 8.553, 8.1, 8.23, 7.527, 5.49, 4.67, 4.6, 5.12, 7.73, 8.23, 7.6, 7.71, 8.236, 8.41, 8.543, 8.28, 7.7, 7.64, 7.872, 8.596, 9.053], [1.93, 1.9, 2.04, 1.71, 1.59, 1.56, 1.41, 1.23, 0, 0.94, 1.34, 1.14, 1.85, 2.49, 3.0, 3.73, 4.92, 5.31, 5.02, 5.66, 6.97, 6.31, 6.03, 5.61, 4.61, 2.92, 2.5, 2.79, 2.72, 2.67, 3.06, 2.11, 1.58, 1.75, 1.44, 2.11, 3.36, 3.93, 4.33, 3.45, 3.65, 4.84, 5.796, 6.376, 6.03, 4.53, 4.14, 4.6, 4.43, 4.81, 5.52, 5.73, 4.89, 3.96, 3.89, 4.12, 4.65, 5.13, 5.8, 6.25, 5.55, 4.89, 5.41, 7.21, 8.23, 7.989, 7.57, 7.7, 6.965, 4.98, 4.42, 4.11, 4.61, 7.16, 7.7, 7.03, 7.052, 7.672, 7.78, 8.07, 7.71, 7.47, 7.33, 7.21, 7.966, 8.446], [1.71, 1.52, 1.76, 1.45, 1.37, 1.38, 1.13, 1.17, 0.94, 0, 0.94, 1.12, 1.31, 1.93, 2.44, 3.29, 4.46, 4.89, 4.52, 5.16, 6.53, 5.85, 5.63, 5.23, 4.21, 2.56, 2.2, 2.31, 2.34, 2.13, 2.72, 1.81, 1.44, 1.51, 1.4, 2.51, 3.7, 4.21, 4.57, 3.69, 3.79, 5.299, 6.285, 6.799, 6.45, 4.91, 4.54, 4.98, 4.81, 5.27, 5.94, 6.15, 5.37, 4.38, 4.31, 4.52, 4.95, 5.47, 6.14, 6.59, 5.97, 5.31, 5.89, 7.65, 8.69, 8.43, 8.01, 8.18, 7.37, 5.32, 4.7, 4.49, 5.05, 7.72, 8.24, 7.57, 7.56, 8.093, 8.3, 8.57, 8.23, 7.89, 7.81, 7.725, 8.449, 8.909], [1.45, 1.6, 1.92, 1.67, 1.21, 1.12, 0.81, 1.07, 1.34, 0.94, 0, 1.12, 1.47, 2.17, 2.62, 3.47, 4.66, 5.07, 4.7, 5.34, 6.71, 6.05, 5.79, 5.47, 4.43, 2.74, 2.38, 2.43, 2.44, 2.29, 2.68, 1.97, 1.5, 1.55, 1.26, 2.33, 3.44, 4.11, 4.35, 3.39, 3.67, 5.14, 6.099, 6.616, 6.27, 4.79, 4.58, 4.84, 4.67, 5.09, 5.76, 5.97, 5.21, 4.2, 4.11, 4.32, 4.77, 5.35, 5.94, 6.47, 5.97, 5.37, 6.07, 7.53, 8.71, 8.33, 7.93, 8.12, 7.21, 5.14, 4.56, 4.37, 4.89, 7.78, 8.32, 7.65, 7.7, 8.047, 8.197, 8.467, 8.27, 7.61, 7.83, 7.762, 8.266, 8.726], [2.03, 2.06, 2.28, 1.99, 1.41, 1.24, 1.07, 1.15, 1.14, 1.12, 1.12, 0, 1.71, 2.51, 2.94, 3.79, 4.96, 5.39, 5.02, 5.66, 7.01, 6.33, 6.09, 5.77, 4.71, 3.1, 2.58, 2.79, 2.72, 2.61, 3.18, 2.21, 1.46, 1.51, 1.4, 2.21, 3.44, 3.89, 4.33, 3.47, 3.67, 4.8, 5.759, 6.279, 5.93, 4.41, 4.12, 4.52, 4.35, 4.77, 5.42, 5.63, 4.85, 3.86, 3.77, 4.0, 4.49, 5.07, 5.68, 6.09, 5.55, 4.85, 5.45, 7.03, 8.21, 7.93, 7.49, 7.68, 6.87, 4.86, 4.4, 4.11, 4.51, 7.16, 7.7, 7.05, 7.14, 7.61, 7.749, 7.97, 7.85, 7.55, 7.47, 7.29, 7.929, 8.386], [1.58, 1.35, 1.35, 1.36, 1.58, 1.95, 1.5, 1.3, 1.85, 1.31, 1.47, 1.71, 0, 1.14, 1.51, 2.28, 3.45, 3.86, 3.49, 4.15, 5.48, 4.84, 4.82, 4.5, 3.28, 2.01, 1.43, 1.48, 1.43, 1.58, 2.21, 1.86, 1.67, 1.34, 1.47, 3.24, 4.53, 5.18, 5.38, 4.38, 4.82, 6.312, 7.3, 7.812, 7.46, 5.931, 5.55, 6.01, 5.82, 6.28, 6.95, 7.16, 6.38, 5.39, 5.3, 5.51, 5.98, 6.56, 7.19, 7.62, 7.0, 6.32, 6.84, 8.66, 9.7, 9.422, 8.933, 9.05, 8.399, 6.33, 5.63, 5.5, 5.98, 8.642, 9.13, 8.52, 8.55, 9.105, 9.344, 9.503, 9.24, 8.571, 8.554, 8.648, 9.462, 9.922], [1.64, 1.41, 1.43, 1.66, 1.94, 2.61, 2.22, 1.86, 2.49, 1.93, 2.17, 2.51, 1.14, 0, 0.85, 1.64, 2.71, 3.12, 2.83, 3.47, 4.7, 4.16, 4.32, 4.02, 2.64, 1.51, 1.13, 1.24, 1.33, 1.38, 2.09, 1.78, 2.11, 1.76, 1.91, 3.82, 5.27, 5.98, 6.18, 5.12, 5.58, 7.092, 8.077, 8.592, 8.24, 6.728, 6.37, 6.81, 6.6, 7.06, 7.73, 7.94, 7.16, 6.17, 6.08, 6.29, 6.76, 7.32, 7.97, 8.42, 7.78, 7.1, 7.6, 9.42, 10.48, 10.222, 9.78, 9.87, 9.199, 7.13, 6.29, 6.28, 6.84, 9.399, 9.91, 9.237, 9.298, 9.905, 10.101, 10.243, 9.98, 9.32, 9.292, 9.408, 10.242, 10.702], [1.81, 1.72, 1.82, 2.17, 2.45, 3.1, 2.75, 2.27, 3.0, 2.44, 2.62, 2.94, 1.51, 0.85, 0, 1.07, 2.28, 2.67, 2.3, 2.9, 4.23, 3.63, 3.81, 3.53, 2.25, 1.74, 1.54, 1.11, 1.4, 1.37, 1.72, 1.65, 2.28, 1.91, 2.28, 4.09, 5.66, 6.47, 6.67, 5.57, 6.029, 7.513, 8.513, 9.07, 8.71, 7.212, 6.88, 7.3, 7.09, 7.51, 8.2, 8.41, 7.61, 6.62, 6.51, 6.72, 7.23, 7.79, 8.44, 8.89, 8.21, 7.55, 8.09, 9.85, 10.926, 10.715, 10.235, 10.36, 9.672, 7.619, 6.78, 6.732, 7.232, 9.84, 10.34, 9.71, 9.799, 10.374, 10.451, 10.613, 10.37, 9.73, 9.699, 9.912, 10.68, 11.14], [2.58, 2.53, 2.37, 2.76, 3.2, 3.89, 3.58, 3.1, 3.73, 3.29, 3.47, 3.79, 2.28, 1.64, 1.07, 0, 1.51, 1.74, 1.55, 2.13, 3.4, 2.86, 3.08, 2.84, 2.06, 2.03, 2.05, 1.54, 1.69, 1.94, 1.79, 2.16, 3.13, 2.76, 3.03, 4.891, 6.51, 7.4, 7.596, 6.48, 6.956, 8.417, 9.417, 9.985, 9.64, 8.139, 7.77, 8.209, 8.016, 8.42, 9.13, 9.34, 8.52, 7.53, 7.42, 7.63, 8.12, 8.72, 9.37, 9.82, 9.14, 8.48, 9.0, 10.74, 11.816, 11.592, 11.106, 11.202, 10.586, 8.546, 7.689, 7.659, 8.159, 10.703, 11.195, 10.565, 10.609, 11.275, 11.335, 11.48, 11.199, 10.587, 10.494, 10.756, 11.584, 12.063], [3.65, 3.56, 3.34, 3.65, 4.27, 5.02, 4.71, 4.278, 4.92, 4.46, 4.66, 4.96, 3.45, 2.71, 2.28, 1.51, 0, 0.89, 1.24, 1.58, 2.29, 2.31, 2.81, 2.65, 2.13, 2.82, 3.08, 2.85, 2.86, 2.89, 2.5, 3.27, 4.32, 3.898, 4.293, 6.123, 7.793, 8.61, 8.81, 7.69, 8.17, 9.69, 10.69, 11.207, 10.87, 9.358, 8.968, 9.428, 9.23, 9.69, 10.36, 10.57, 9.79, 8.8, 8.69, 8.88, 9.33, 9.91, 10.58, 11.03, 10.37, 9.73, 10.23, 11.918, 13.019, 12.807, 12.324, 12.397, 11.805, 9.76, 8.908, 8.878, 9.378, 11.913, 12.376, 11.786, 11.822, 12.497, 12.602, 12.746, 12.466, 11.842, 11.752, 12.019, 12.857, 13.313], [4.04, 3.87, 3.65, 4.1, 4.64, 5.39, 5.139, 4.716, 5.31, 4.89, 5.07, 5.39, 3.86, 3.12, 2.67, 1.74, 0.89, 0, 0.75, 1.13, 1.96, 1.94, 2.34, 2.32, 1.92, 3.15, 3.45, 3.16, 3.13, 3.14, 2.83, 3.66, 4.75, 4.336, 4.686, 6.525, 8.166, 9.04, 9.239, 8.12, 8.6, 10.08, 11.08, 11.631, 11.28, 9.782, 9.392, 9.852, 9.659, 10.08, 10.77, 10.98, 10.18, 9.19, 9.08, 9.27, 9.76, 10.34, 11.01, 11.46, 10.78, 10.12, 10.64, 12.36, 13.456, 13.24, 12.748, 12.818, 12.235, 10.189, 9.332, 9.302, 9.802, 12.329, 12.82, 12.202, 12.215, 12.927, 13.012, 13.122, 12.845, 12.239, 12.125, 12.409, 13.247, 13.703], [3.67, 3.54, 3.32, 3.77, 4.33, 5.08, 4.79, 4.35, 5.02, 4.52, 4.7, 5.02, 3.49, 2.83, 2.3, 1.55, 1.24, 0.75, 0, 0.98, 2.27, 1.87, 2.37, 2.09, 1.53, 2.82, 3.22, 2.81, 2.7, 2.77, 2.52, 3.27, 4.38, 3.97, 4.328, 6.172, 7.811, 8.67, 8.87, 7.75, 8.23, 9.724, 10.724, 11.258, 10.91, 9.415, 9.04, 9.485, 9.29, 9.73, 10.4, 10.61, 9.83, 8.84, 8.73, 8.92, 9.39, 9.97, 10.64, 11.09, 10.41, 9.77, 10.27, 11.989, 13.073, 12.864, 12.375, 12.445, 11.859, 9.82, 8.965, 8.935, 9.435, 11.947, 12.433, 11.823, 11.839, 12.551, 12.642, 12.766, 12.482, 11.879, 11.768, 12.053, 12.891, 13.347], [4.33, 4.16, 3.96, 4.41, 5.01, 5.72, 5.45, 5.01, 5.66, 5.16, 5.34, 5.66, 4.15, 3.47, 2.9, 2.13, 1.58, 1.13, 0.98, 0, 1.63, 1.49, 1.95, 1.71, 1.85, 3.36, 3.82, 3.49, 3.3, 3.39, 3.0, 3.89, 5.02, 4.63, 4.96, 6.778, 8.405, 9.31, 9.509, 8.39, 8.869, 10.335, 11.335, 11.889, 11.549, 10.052, 9.68, 10.122, 9.93, 10.35, 11.039, 11.249, 10.45, 9.46, 9.35, 9.54, 10.03, 10.61, 11.28, 11.73, 11.05, 10.39, 10.909, 12.612, 13.702, 13.48, 13.0, 13.07, 12.481, 10.459, 9.602, 9.572, 10.072, 12.575, 13.058, 12.445, 12.467, 13.185, 13.251, 13.354, 13.067, 12.484, 12.373, 12.662, 13.502, 13.956], [5.72, 5.53, 5.33, 5.78, 6.4, 7.09, 6.8, 6.38, 6.97, 6.53, 6.71, 7.01, 5.48, 4.7, 4.23, 3.4, 2.29, 1.96, 2.27, 1.63, 0, 1.36, 1.64, 1.86, 2.66, 4.55, 4.93, 4.68, 4.59, 4.7, 4.33, 5.22, 6.39, 6.0, 6.29, 8.12, 9.73, 10.66, 10.853, 9.74, 10.213, 11.665, 12.645, 13.239, 12.893, 11.396, 11.026, 11.49, 11.28, 11.68, 12.39, 12.6, 11.76, 10.766, 10.7, 10.93, 11.44, 12.0, 12.65, 13.1, 12.4, 11.74, 12.26, 13.952, 15.046, 14.828, 14.342, 14.412, 13.825, 11.803, 10.946, 10.916, 11.416, 13.945, 14.416, 13.795, 13.823, 14.524, 14.555, 14.647, 14.383, 13.788, 13.689, 13.969, 14.829, 15.3], [5.16, 5.05, 4.85, 5.22, 5.86, 6.53, 6.16, 5.7, 6.31, 5.85, 6.05, 6.33, 4.84, 4.16, 3.63, 2.86, 2.31, 1.94, 1.87, 1.49, 1.36, 0, 1.16, 1.34, 2.12, 3.95, 4.37, 4.0, 3.93, 3.96, 3.59, 4.54, 5.69, 5.3, 5.59, 7.3, 9.03, 9.935, 10.115, 9.04, 9.48, 10.841, 11.834, 12.494, 12.16, 10.661, 10.29, 10.77, 10.58, 10.96, 11.65, 11.86, 11.02, 10.03, 9.98, 10.23, 10.76, 11.32, 11.95, 12.38, 11.72, 11.02, 11.52, 13.221, 14.3, 14.09, 13.602, 13.672, 13.085, 11.048, 10.23, 10.181, 10.661, 13.217, 13.697, 13.087, 13.109, 13.798, 13.812, 13.976, 13.673, 13.029, 12.879, 13.187, 14.101, 14.581], [5.16, 5.21, 5.01, 5.2, 5.64, 6.33, 5.96, 5.42, 6.03, 5.63, 5.79, 6.09, 4.82, 4.32, 3.81, 3.08, 2.81, 2.34, 2.37, 1.95, 1.64, 1.16, 0, 0.88, 2.02, 3.83, 4.27, 4.0, 3.85, 3.76, 3.37, 4.26, 5.37, 4.96, 5.19, 6.88, 8.65, 9.575, 9.755, 8.66, 9.115, 10.441, 11.441, 12.111, 11.8, 10.295, 9.97, 10.39, 10.22, 10.6, 11.31, 11.5, 10.68, 9.67, 9.62, 9.85, 10.42, 11.0, 11.61, 12.02, 11.32, 10.66, 11.16, 12.86, 13.912, 13.702, 13.222, 13.292, 12.709, 10.688, 9.845, 9.815, 10.298, 12.817, 13.297, 12.687, 12.726, 13.407, 13.43, 13.596, 13.293, 12.641, 12.49, 12.807, 13.728, 14.198], [4.88, 4.91, 4.71, 4.9, 5.28, 5.97, 5.6, 4.98, 5.61, 5.23, 5.47, 5.77, 4.5, 4.02, 3.53, 2.84, 2.65, 2.32, 2.09, 1.71, 1.86, 1.34, 0.88, 0, 1.6, 3.41, 3.87, 3.62, 3.51, 3.36, 2.99, 3.86, 4.93, 4.56, 4.77, 6.54, 8.23, 9.2, 9.38, 8.28, 8.74, 10.086, 11.086, 11.737, 11.42, 9.92, 9.59, 9.99, 9.82, 10.2, 10.91, 11.12, 10.3, 9.31, 9.26, 9.49, 10.02, 10.58, 11.19, 11.64, 10.94, 10.28, 10.78, 12.464, 13.541, 13.314, 12.834, 12.904, 12.32, 10.314, 9.47, 9.44, 9.924, 12.423, 12.923, 12.293, 12.343, 13.033, 13.049, 13.156, 12.887, 12.246, 12.133, 12.412, 13.327, 13.798], [3.8, 3.71, 3.47, 3.78, 4.26, 4.95, 4.54, 3.98, 4.61, 4.21, 4.43, 4.71, 3.28, 2.64, 2.25, 2.06, 2.13, 1.92, 1.53, 1.85, 2.66, 2.12, 2.02, 1.6, 0, 2.15, 2.47, 2.36, 2.27, 2.28, 2.13, 2.88, 3.93, 3.54, 3.75, 5.54, 7.19, 8.16, 8.34, 7.24, 7.7, 9.066, 10.066, 10.69, 10.38, 8.88, 8.55, 8.95, 8.78, 9.16, 9.87, 10.08, 9.26, 8.25, 8.2, 8.43, 9.0, 9.56, 10.17, 10.6, 9.9, 9.24, 9.74, 11.46, 12.509, 12.285, 11.794, 11.864, 11.283, 9.277, 8.43, 8.4, 8.887, 11.386, 11.886, 11.256, 11.286, 11.996, 12.01, 12.125, 11.851, 11.215, 11.102, 11.389, 12.29, 12.758], [2.39, 2.2, 1.98, 2.17, 2.57, 3.3, 3.01, 2.57, 2.92, 2.56, 2.74, 3.1, 2.01, 1.51, 1.74, 2.03, 2.82, 3.15, 2.82, 3.36, 4.55, 3.95, 3.83, 3.41, 2.15, 0, 1.02, 1.73, 1.38, 1.53, 2.18, 1.95, 2.44, 2.05, 2.24, 3.71, 5.42, 6.382, 6.562, 5.47, 5.93, 7.259, 8.259, 8.914, 8.602, 7.11, 6.78, 7.22, 7.05, 7.41, 8.12, 8.31, 7.51, 6.48, 6.43, 6.68, 7.27, 7.85, 8.44, 8.85, 8.15, 7.47, 7.97, 9.645, 10.725, 10.492, 10.012, 10.12, 9.503, 7.495, 6.652, 6.622, 7.105, 9.624, 10.124, 9.493, 9.524, 10.233, 10.242, 10.334, 10.048, 9.445, 9.311, 9.596, 10.51, 10.967], [2.19, 1.92, 1.54, 1.81, 2.25, 2.84, 2.57, 1.99, 2.5, 2.2, 2.38, 2.58, 1.43, 1.13, 1.54, 2.05, 3.08, 3.45, 3.22, 3.82, 4.93, 4.37, 4.27, 3.87, 2.47, 1.02, 0, 1.19, 1.22, 1.53, 2.12, 1.83, 2.1, 1.83, 1.84, 3.37, 4.96, 5.888, 6.068, 4.97, 5.43, 6.796, 7.796, 8.446, 8.108, 6.63, 6.38, 6.78, 6.61, 6.95, 7.62, 7.81, 7.03, 6.0, 5.93, 6.2, 6.85, 7.41, 8.02, 8.35, 7.65, 6.97, 7.47, 9.27, 10.31, 10.059, 9.552, 9.643, 9.054, 7.001, 6.164, 6.15, 6.634, 9.209, 9.709, 9.064, 9.085, 9.76, 9.811, 9.93, 9.67, 9.018, 8.902, 9.131, 10.036, 10.516], [2.1, 1.95, 1.81, 2.24, 2.46, 2.97, 2.6, 2.2, 2.79, 2.31, 2.43, 2.79, 1.48, 1.24, 1.11, 1.54, 2.85, 3.16, 2.81, 3.49, 4.68, 4.0, 4.0, 3.62, 2.36, 1.73, 1.19, 0, 0.99, 1.36, 1.83, 1.78, 2.29, 2.1, 1.99, 3.68, 5.15, 6.06, 6.24, 5.16, 5.62, 7.009, 8.009, 8.623, 8.28, 6.8, 6.55, 6.99, 6.82, 7.16, 7.81, 8.0, 7.2, 6.17, 6.1, 6.41, 7.04, 7.6, 8.21, 8.54, 7.86, 7.14, 7.68, 9.46, 10.48, 10.273, 9.773, 9.863, 9.23, 7.177, 6.35, 6.32, 6.81, 9.476, 9.987, 9.277, 9.327, 9.976, 9.984, 10.186, 9.86, 9.22, 9.229, 9.365, 10.212, 10.692], [2.29, 2.02, 1.66, 2.09, 2.45, 2.94, 2.61, 2.15, 2.72, 2.34, 2.44, 2.72, 1.43, 1.33, 1.4, 1.69, 2.86, 3.13, 2.7, 3.3, 4.59, 3.93, 3.85, 3.51, 2.27, 1.38, 1.22, 0.99, 0, 1.11, 1.6, 1.87, 2.48, 2.15, 2.02, 3.73, 5.28, 6.19, 6.377, 5.27, 5.75, 7.152, 8.132, 8.755, 8.417, 6.92, 6.6, 7.02, 6.83, 7.21, 7.92, 8.13, 7.31, 6.3, 6.23, 6.46, 7.03, 7.61, 8.2, 8.63, 7.95, 7.29, 7.83, 9.57, 10.67, 10.403, 9.908, 9.993, 9.362, 7.327, 6.47, 6.44, 6.94, 9.632, 10.112, 9.422, 9.443, 10.126, 10.092, 10.302, 10.03, 9.347, 9.364, 9.501, 10.359, 10.828], [1.76, 1.71, 1.71, 2.0, 2.14, 2.73, 2.46, 2.02, 2.67, 2.13, 2.29, 2.61, 1.58, 1.38, 1.37, 1.94, 2.89, 3.14, 2.77, 3.39, 4.7, 3.96, 3.76, 3.36, 2.28, 1.53, 1.53, 1.36, 1.11, 0, 1.09, 1.36, 2.03, 1.64, 1.89, 3.62, 5.23, 6.02, 6.22, 5.16, 5.62, 6.992, 7.975, 8.632, 8.26, 6.78, 6.43, 6.85, 6.64, 7.04, 7.75, 7.96, 7.12, 6.13, 6.06, 6.29, 6.82, 7.38, 8.01, 8.46, 7.8, 7.1, 7.72, 9.44, 10.54, 10.28, 9.77, 9.89, 9.239, 7.17, 6.317, 6.307, 6.807, 9.51, 10.03, 9.28, 9.41, 9.969, 10.019, 10.309, 9.94, 9.24, 9.286, 9.366, 10.222, 10.702], [2.11, 2.16, 2.02, 2.31, 2.63, 3.14, 2.91, 2.53, 3.06, 2.72, 2.68, 3.18, 2.21, 2.09, 1.72, 1.79, 2.5, 2.83, 2.52, 3.0, 4.33, 3.59, 3.37, 2.99, 2.13, 2.18, 2.12, 1.83, 1.6, 1.09, 0, 1.37, 2.42, 2.09, 2.28, 4.07, 5.68, 6.49, 6.61, 5.51, 5.97, 7.396, 8.356, 9.013, 8.65, 7.23, 6.8, 7.24, 7.03, 7.43, 8.14, 8.35, 7.51, 6.52, 6.45, 6.66, 7.19, 7.75, 8.4, 8.85, 8.19, 7.57, 8.19, 9.91, 11.03, 10.71, 10.21, 10.26, 9.63, 7.544, 6.72, 6.677, 7.157, 10.012, 10.526, 9.802, 9.826, 10.462, 10.412, 10.782, 10.47, 9.69, 9.804, 9.747, 10.626, 11.086], [1.42, 1.73, 1.87, 1.66, 1.6, 2.31, 1.96, 1.6, 2.11, 1.81, 1.97, 2.21, 1.86, 1.78, 1.65, 2.16, 3.27, 3.66, 3.27, 3.89, 5.22, 4.54, 4.26, 3.86, 2.88, 1.95, 1.83, 1.78, 1.87, 1.36, 1.37, 0, 1.25, 1.22, 1.27, 3.08, 4.59, 5.46, 5.653, 4.54, 5.013, 6.474, 7.454, 8.039, 7.7, 6.22, 5.85, 6.29, 6.08, 6.48, 7.19, 7.4, 6.56, 5.59, 5.52, 5.75, 6.28, 6.82, 7.51, 7.9, 7.2, 6.54, 7.08, 8.84, 9.9, 9.699, 9.199, 9.269, 8.656, 6.603, 5.766, 5.716, 6.216, 8.879, 9.367, 8.677, 8.725, 9.382, 9.381, 9.626, 9.28, 8.66, 8.652, 8.816, 9.641, 10.121], [1.45, 1.66, 2.0, 1.69, 1.29, 1.74, 1.39, 1.27, 1.58, 1.44, 1.5, 1.46, 1.67, 2.11, 2.28, 3.13, 4.32, 4.75, 4.38, 5.02, 6.39, 5.69, 5.37, 4.93, 3.93, 2.44, 2.1, 2.29, 2.48, 2.03, 2.42, 1.25, 0, 0.75, 0.96, 2.29, 3.54, 4.31, 4.49, 3.49, 3.85, 5.416, 6.416, 6.913, 6.57, 5.07, 4.78, 5.16, 5.01, 5.43, 6.06, 6.27, 5.51, 4.62, 4.55, 4.78, 5.27, 5.73, 6.4, 6.77, 6.09, 5.45, 5.93, 7.65, 8.79, 8.523, 8.043, 8.16, 7.497, 5.44, 4.74, 4.59, 5.07, 7.749, 8.197, 7.55, 7.637, 8.226, 8.38, 8.559, 8.25, 7.61, 7.602, 7.77, 8.563, 9.023], [1.3, 1.51, 1.77, 1.54, 1.16, 1.77, 1.44, 1.1, 1.75, 1.51, 1.55, 1.51, 1.34, 1.76, 1.91, 2.76, 3.898, 4.336, 3.97, 4.63, 6.0, 5.3, 4.96, 4.56, 3.54, 2.05, 1.83, 2.1, 2.15, 1.64, 2.09, 1.22, 0.75, 0, 1.03, 2.64, 3.97, 4.74, 4.92, 3.86, 4.32, 5.826, 6.826, 7.326, 7.0, 5.46, 5.13, 5.53, 5.38, 5.82, 6.49, 6.7, 5.92, 4.93, 4.88, 5.07, 5.52, 6.08, 6.77, 7.18, 6.52, 5.9, 6.4, 8.1, 9.22, 8.933, 8.473, 8.55, 7.911, 5.87, 5.13, 5.0, 5.48, 8.167, 8.63, 8.017, 8.09, 8.652, 8.79, 8.912, 8.72, 8.031, 8.08, 8.203, 8.976, 9.433], [1.43, 1.72, 1.72, 1.63, 1.21, 1.5, 1.19, 0.93, 1.44, 1.4, 1.26, 1.4, 1.47, 1.91, 2.28, 3.03, 4.293, 4.686, 4.328, 4.96, 6.29, 5.59, 5.19, 4.77, 3.75, 2.24, 1.84, 1.99, 2.02, 1.89, 2.28, 1.27, 0.96, 1.03, 0, 2.05, 3.54, 4.43, 4.61, 3.55, 3.97, 5.413, 6.413, 6.993, 6.65, 5.15, 4.84, 5.22, 5.05, 5.43, 6.14, 6.35, 5.53, 4.54, 4.49, 4.72, 5.29, 5.83, 6.46, 6.87, 6.17, 5.53, 6.05, 7.77, 8.87, 8.608, 8.129, 8.239, 7.582, 5.553, 4.72, 4.67, 5.17, 7.832, 8.297, 7.627, 7.697, 8.332, 8.36, 8.542, 8.27, 7.63, 7.65, 7.77, 8.583, 9.06], [2.96, 3.27, 3.35, 3.12, 2.42, 2.07, 2.3, 2.16, 2.11, 2.51, 2.33, 2.21, 3.24, 3.82, 4.09, 4.891, 6.123, 6.525, 6.172, 6.778, 8.12, 7.3, 6.88, 6.54, 5.54, 3.71, 3.37, 3.68, 3.73, 3.62, 4.07, 3.08, 2.29, 2.64, 2.05, 0, 1.89, 2.76, 2.9, 1.96, 2.32, 3.59, 4.566, 5.263, 4.92, 3.62, 3.57, 3.77, 3.6, 3.96, 4.53, 4.68, 4.02, 3.19, 3.18, 3.43, 4.12, 4.56, 5.15, 5.46, 4.82, 4.04, 4.6, 6.08, 7.3, 6.98, 6.54, 6.71, 5.9, 3.85, 2.97, 2.96, 3.54, 6.29, 6.79, 6.12, 6.21, 6.677, 6.67, 6.92, 6.7, 5.98, 6.08, 6.2, 6.86, 7.33], [4.33, 4.6, 4.82, 4.55, 3.87, 3.2, 3.43, 3.57, 3.36, 3.7, 3.44, 3.44, 4.53, 5.27, 5.66, 6.51, 7.793, 8.166, 7.811, 8.405, 9.73, 9.03, 8.65, 8.23, 7.19, 5.42, 4.96, 5.15, 5.28, 5.23, 5.68, 4.59, 3.54, 3.97, 3.54, 1.89, 0, 1.13, 1.25, 0.89, 0.89, 2.02, 3.08, 3.7, 3.49, 2.49, 2.76, 2.66, 2.73, 2.99, 3.18, 3.31, 2.89, 2.7, 2.45, 2.44, 2.95, 3.31, 3.86, 4.11, 3.51, 2.71, 3.11, 4.39, 5.59, 5.27, 5.01, 5.2, 4.15, 2.3, 1.66, 1.69, 2.19, 4.68, 5.28, 4.51, 4.52, 5.004, 5.04, 5.224, 4.99, 4.49, 4.69, 4.628, 5.115, 5.592], [5.12, 5.33, 5.53, 5.16, 4.5, 3.85, 4.02, 4.36, 3.93, 4.21, 4.11, 3.89, 5.18, 5.98, 6.47, 7.4, 8.61, 9.04, 8.67, 9.31, 10.66, 9.935, 9.575, 9.2, 8.16, 6.382, 5.888, 6.06, 6.19, 6.02, 6.49, 5.46, 4.31, 4.74, 4.43, 2.76, 1.13, 0, 0.68, 1.28, 1.08, 1.49, 2.33, 2.95, 2.82, 2.34, 2.69, 2.63, 2.88, 2.98, 2.71, 2.74, 2.82, 2.85, 2.52, 2.39, 2.66, 2.7, 3.21, 3.42, 2.92, 2.12, 2.4, 3.64, 4.72, 4.48, 4.14, 4.31, 3.3, 1.61, 1.01, 1.32, 1.72, 3.91, 4.51, 3.8, 3.73, 4.0, 4.21, 4.5, 4.34, 4.06, 4.12, 3.86, 4.3, 4.742], [5.28, 5.47, 5.69, 5.34, 4.7, 3.95, 4.3, 4.54, 4.33, 4.57, 4.35, 4.33, 5.38, 6.18, 6.67, 7.596, 8.81, 9.239, 8.87, 9.509, 10.853, 10.115, 9.755, 9.38, 8.34, 6.562, 6.068, 6.24, 6.377, 6.22, 6.61, 5.653, 4.49, 4.92, 4.61, 2.9, 1.25, 0.68, 0, 1.26, 1.22, 1.69, 2.11, 2.71, 2.64, 2.5, 2.85, 2.73, 2.94, 2.98, 2.75, 2.78, 2.78, 2.79, 2.56, 2.35, 2.46, 2.56, 3.11, 3.44, 2.96, 2.24, 2.6, 3.66, 4.78, 4.54, 4.26, 4.43, 3.3, 1.85, 1.11, 1.34, 1.84, 4.13, 4.75, 4.0, 3.91, 4.0, 4.23, 4.54, 4.48, 3.96, 4.22, 3.92, 4.1, 4.542], [4.18, 4.39, 4.61, 4.28, 3.66, 3.03, 3.34, 3.56, 3.45, 3.69, 3.39, 3.47, 4.38, 5.12, 5.57, 6.48, 7.69, 8.12, 7.75, 8.39, 9.74, 9.04, 8.66, 8.28, 7.24, 5.47, 4.97, 5.16, 5.27, 5.16, 5.51, 4.54, 3.49, 3.86, 3.55, 1.96, 0.89, 1.28, 1.26, 0, 1.0, 2.17, 3.09, 3.67, 3.48, 2.54, 2.59, 2.55, 2.42, 2.74, 3.17, 3.26, 2.76, 2.43, 2.3, 2.31, 2.78, 3.16, 3.75, 4.08, 3.52, 2.78, 3.2, 4.66, 5.76, 5.38, 5.08, 5.25, 4.24, 2.35, 1.63, 1.48, 2.14, 4.89, 5.51, 4.74, 4.73, 5.097, 5.247, 5.557, 5.36, 4.64, 4.94, 4.738, 5.2, 5.66], [4.64, 4.85, 5.07, 4.68, 4.08, 3.41, 3.64, 3.9, 3.65, 3.79, 3.67, 3.67, 4.82, 5.58, 6.029, 6.956, 8.17, 8.6, 8.23, 8.869, 10.213, 9.48, 9.115, 8.74, 7.7, 5.93, 5.43, 5.62, 5.75, 5.62, 5.97, 5.013, 3.85, 4.32, 3.97, 2.32, 0.89, 1.08, 1.22, 1.0, 0, 1.77, 2.67, 3.23, 3.12, 2.44, 2.61, 2.49, 2.64, 2.8, 2.79, 2.88, 2.62, 2.69, 2.58, 2.47, 2.86, 2.92, 3.49, 3.8, 3.32, 2.52, 2.96, 4.34, 5.46, 5.06, 4.74, 4.89, 3.86, 1.87, 1.27, 1.26, 1.84, 4.63, 5.21, 4.48, 4.41, 4.757, 4.97, 5.28, 5.06, 4.56, 4.8, 4.478, 4.82, 5.26], [6.203, 6.379, 6.559, 6.161, 5.615, 4.76, 5.029, 5.446, 4.84, 5.299, 5.14, 4.8, 6.312, 7.092, 7.513, 8.417, 9.69, 10.08, 9.724, 10.335, 11.665, 10.841, 10.441, 10.086, 9.066, 7.259, 6.796, 7.009, 7.152, 6.992, 7.396, 6.474, 5.416, 5.826, 5.413, 3.59, 2.02, 1.49, 1.69, 2.17, 1.77, 0, 1.48, 2.36, 2.53, 2.63, 2.82, 2.66, 2.99, 3.03, 2.7, 2.75, 2.79, 2.9, 2.79, 2.72, 3.03, 2.93, 3.22, 3.11, 2.81, 2.29, 2.01, 3.11, 4.13, 3.77, 3.49, 3.72, 2.59, 1.18, 1.66, 1.91, 1.87, 3.36, 3.96, 3.29, 3.12, 3.35, 3.56, 4.05, 4.01, 3.83, 3.89, 3.07, 3.33, 3.81], [7.186, 7.342, 7.55, 7.161, 6.603, 5.725, 6.029, 6.446, 5.796, 6.285, 6.099, 5.759, 7.3, 8.077, 8.513, 9.417, 10.69, 11.08, 10.724, 11.335, 12.645, 11.834, 11.441, 11.086, 10.066, 8.259, 7.796, 8.009, 8.132, 7.975, 8.356, 7.454, 6.416, 6.826, 6.413, 4.566, 3.08, 2.33, 2.11, 3.09, 2.67, 1.48, 0, 1.42, 1.91, 2.53, 2.8, 2.64, 2.87, 2.59, 2.18, 2.09, 2.31, 2.84, 2.61, 2.4, 2.41, 2.43, 2.74, 2.79, 2.49, 2.17, 1.85, 2.85, 3.97, 4.03, 3.87, 4.14, 2.99, 2.1, 2.24, 2.25, 2.11, 3.4, 3.96, 3.17, 3.22, 3.43, 3.84, 4.29, 4.47, 4.39, 4.49, 3.53, 3.11, 3.19], [7.703, 7.879, 8.099, 7.664, 7.115, 6.271, 6.529, 6.946, 6.376, 6.799, 6.616, 6.279, 7.812, 8.592, 9.07, 9.985, 11.207, 11.631, 11.258, 11.889, 13.239, 12.494, 12.111, 11.737, 10.69, 8.914, 8.446, 8.623, 8.755, 8.632, 9.013, 8.039, 6.913, 7.326, 6.993, 5.263, 3.7, 2.95, 2.71, 3.67, 3.23, 2.36, 1.42, 0, 1.15, 2.11, 2.44, 2.1, 2.47, 2.11, 1.46, 1.49, 1.77, 2.66, 2.67, 2.44, 2.07, 1.59, 1.66, 1.69, 1.49, 1.71, 1.65, 2.55, 3.63, 3.69, 3.69, 4.12, 3.27, 2.72, 2.52, 2.51, 2.09, 2.84, 3.3, 2.77, 2.92, 3.45, 4.32, 4.77, 4.97, 4.87, 5.05, 3.77, 2.69, 2.73], [7.36, 7.51, 7.73, 7.3, 6.76, 5.89, 6.18, 6.62, 6.03, 6.45, 6.27, 5.93, 7.46, 8.24, 8.71, 9.64, 10.87, 11.28, 10.91, 11.549, 12.893, 12.16, 11.8, 11.42, 10.38, 8.602, 8.108, 8.28, 8.417, 8.26, 8.65, 7.7, 6.57, 7.0, 6.65, 4.92, 3.49, 2.82, 2.64, 3.48, 3.12, 2.53, 1.91, 1.15, 0, 1.66, 2.09, 1.59, 1.8, 1.52, 1.01, 0.94, 1.56, 2.45, 2.44, 2.19, 2.0, 1.76, 1.97, 1.74, 1.54, 1.52, 1.78, 2.98, 4.2, 4.28, 4.22, 4.59, 3.66, 2.91, 2.57, 2.42, 2.12, 3.01, 3.75, 3.16, 3.17, 3.88, 4.71, 5.24, 5.46, 5.34, 5.46, 4.2, 3.42, 3.6], [5.86, 6.09, 6.27, 5.76, 5.179, 4.43, 4.66, 5.08, 4.53, 4.91, 4.79, 4.41, 5.931, 6.728, 7.212, 8.139, 9.358, 9.782, 9.415, 10.052, 11.396, 10.661, 10.295, 9.92, 8.88, 7.11, 6.63, 6.8, 6.92, 6.78, 7.23, 6.22, 5.07, 5.46, 5.15, 3.62, 2.49, 2.34, 2.5, 2.54, 2.44, 2.63, 2.53, 2.11, 1.66, 0, 0.79, 0.91, 1.08, 1.18, 1.27, 1.5, 1.1, 1.29, 1.24, 1.25, 1.38, 1.62, 2.21, 2.26, 2.0, 1.68, 2.12, 3.54, 4.92, 4.92, 4.76, 5.05, 4.18, 3.09, 2.27, 1.88, 2.02, 4.01, 4.45, 3.72, 3.77, 4.36, 5.21, 5.76, 5.92, 5.86, 5.9, 4.74, 4.32, 4.6], [5.45, 5.64, 5.842, 5.37, 4.83, 4.24, 4.33, 4.71, 4.14, 4.54, 4.58, 4.12, 5.55, 6.37, 6.88, 7.77, 8.968, 9.392, 9.04, 9.68, 11.026, 10.29, 9.97, 9.59, 8.55, 6.78, 6.38, 6.55, 6.6, 6.43, 6.8, 5.85, 4.78, 5.13, 4.84, 3.57, 2.76, 2.69, 2.85, 2.59, 2.61, 2.82, 2.8, 2.44, 2.09, 0.79, 0, 0.86, 1.05, 1.15, 1.58, 1.79, 1.17, 1.22, 1.29, 1.4, 1.51, 1.81, 2.42, 2.43, 2.09, 1.81, 2.29, 3.83, 5.23, 5.17, 4.91, 5.18, 4.43, 3.36, 2.58, 2.17, 2.17, 4.3, 4.68, 3.97, 3.92, 4.79, 5.62, 6.17, 6.19, 6.13, 6.11, 4.85, 4.67, 4.89], [5.91, 6.1, 6.302, 5.83, 5.27, 4.52, 4.75, 5.15, 4.6, 4.98, 4.84, 4.52, 6.01, 6.81, 7.3, 8.209, 9.428, 9.852, 9.485, 10.122, 11.49, 10.77, 10.39, 9.99, 8.95, 7.22, 6.78, 6.99, 7.02, 6.85, 7.24, 6.29, 5.16, 5.53, 5.22, 3.77, 2.66, 2.63, 2.73, 2.55, 2.49, 2.66, 2.64, 2.1, 1.59, 0.91, 0.86, 0, 0.67, 0.77, 1.02, 1.29, 0.97, 1.36, 1.43, 1.5, 1.61, 1.59, 2.16, 2.21, 2.07, 1.75, 2.45, 3.83, 5.19, 5.17, 5.09, 5.36, 4.43, 3.16, 2.58, 2.21, 2.19, 4.1, 4.64, 3.95, 3.94, 4.77, 5.62, 6.17, 6.29, 6.21, 6.27, 5.05, 4.51, 4.69], [5.72, 5.89, 6.11, 5.66, 5.12, 4.29, 4.54, 4.98, 4.43, 4.81, 4.67, 4.35, 5.82, 6.6, 7.09, 8.016, 9.23, 9.659, 9.29, 9.93, 11.28, 10.58, 10.22, 9.82, 8.78, 7.05, 6.61, 6.82, 6.83, 6.64, 7.03, 6.08, 5.01, 5.38, 5.05, 3.6, 2.73, 2.88, 2.94, 2.42, 2.64, 2.99, 2.87, 2.47, 1.8, 1.08, 1.05, 0.67, 0, 0.72, 1.23, 1.44, 1.0, 1.23, 1.26, 1.45, 1.7, 1.94, 2.57, 2.66, 2.4, 2.08, 2.76, 4.14, 5.5, 5.52, 5.46, 5.73, 4.76, 3.43, 2.85, 2.42, 2.56, 4.35, 5.03, 4.24, 4.25, 5.06, 5.87, 6.42, 6.56, 6.48, 6.52, 5.32, 4.76, 4.9], [6.18, 6.33, 6.53, 6.12, 5.58, 4.69, 5.0, 5.44, 4.81, 5.27, 5.09, 4.77, 6.28, 7.06, 7.51, 8.42, 9.69, 10.08, 9.73, 10.35, 11.68, 10.96, 10.6, 10.2, 9.16, 7.41, 6.95, 7.16, 7.21, 7.04, 7.43, 6.48, 5.43, 5.82, 5.43, 3.96, 2.99, 2.98, 2.98, 2.74, 2.8, 3.03, 2.59, 2.11, 1.52, 1.18, 1.15, 0.77, 0.72, 0, 0.89, 1.12, 0.74, 1.23, 1.36, 1.39, 1.64, 1.68, 2.25, 2.52, 2.32, 1.94, 2.72, 4.12, 5.48, 5.52, 5.46, 5.73, 4.76, 3.57, 2.73, 2.3, 2.54, 4.27, 5.01, 4.24, 4.23, 5.02, 5.79, 6.36, 6.56, 6.42, 6.54, 5.3, 4.58, 4.66], [6.85, 7.0, 7.22, 6.79, 6.25, 5.38, 5.67, 6.11, 5.52, 5.94, 5.76, 5.42, 6.95, 7.73, 8.2, 9.13, 10.36, 10.77, 10.4, 11.039, 12.39, 11.65, 11.31, 10.91, 9.87, 8.12, 7.62, 7.81, 7.92, 7.75, 8.14, 7.19, 6.06, 6.49, 6.14, 4.53, 3.18, 2.71, 2.75, 3.17, 2.79, 2.7, 2.18, 1.46, 1.01, 1.27, 1.58, 1.02, 1.23, 0.89, 0, 0.57, 0.93, 1.82, 1.85, 1.74, 1.77, 1.53, 1.92, 2.05, 1.89, 1.59, 2.25, 3.65, 4.87, 4.95, 4.93, 5.3, 4.35, 3.22, 2.38, 2.23, 2.31, 3.72, 4.4, 3.81, 3.7, 4.59, 5.4, 5.95, 6.17, 6.03, 6.17, 4.91, 3.93, 4.01], [7.06, 7.21, 7.43, 7.0, 6.46, 5.59, 5.88, 6.32, 5.73, 6.15, 5.97, 5.63, 7.16, 7.94, 8.41, 9.34, 10.57, 10.98, 10.61, 11.249, 12.6, 11.86, 11.5, 11.12, 10.08, 8.31, 7.81, 8.0, 8.13, 7.96, 8.35, 7.4, 6.27, 6.7, 6.35, 4.68, 3.31, 2.74, 2.78, 3.26, 2.88, 2.75, 2.09, 1.49, 0.94, 1.5, 1.79, 1.29, 1.44, 1.12, 0.57, 0, 1.02, 2.03, 2.08, 1.91, 1.9, 1.68, 1.89, 1.94, 1.88, 1.56, 2.24, 3.66, 4.84, 4.96, 4.94, 5.31, 4.34, 3.17, 2.43, 2.34, 2.42, 3.55, 4.39, 3.82, 3.71, 4.6, 5.39, 5.96, 6.18, 6.04, 6.16, 4.92, 3.92, 3.94], [6.28, 6.43, 6.63, 6.22, 5.68, 4.79, 5.1, 5.54, 4.89, 5.37, 5.21, 4.85, 6.38, 7.16, 7.61, 8.52, 9.79, 10.18, 9.83, 10.45, 11.76, 11.02, 10.68, 10.3, 9.26, 7.51, 7.03, 7.2, 7.31, 7.12, 7.51, 6.56, 5.51, 5.92, 5.53, 4.02, 2.89, 2.82, 2.78, 2.76, 2.62, 2.79, 2.31, 1.77, 1.56, 1.1, 1.17, 0.97, 1.0, 0.74, 0.93, 1.02, 0, 1.15, 1.28, 1.27, 1.48, 1.58, 2.15, 2.38, 2.18, 1.84, 2.52, 3.94, 5.22, 5.26, 5.2, 5.57, 4.58, 3.31, 2.57, 2.06, 2.42, 4.23, 4.79, 4.12, 3.99, 4.86, 5.59, 6.18, 6.38, 6.24, 6.34, 5.12, 4.22, 4.26], [5.29, 5.44, 5.64, 5.23, 4.69, 3.8, 4.11, 4.55, 3.96, 4.38, 4.2, 3.86, 5.39, 6.17, 6.62, 7.53, 8.8, 9.19, 8.84, 9.46, 10.766, 10.03, 9.67, 9.31, 8.25, 6.48, 6.0, 6.17, 6.3, 6.13, 6.52, 5.59, 4.62, 4.93, 4.54, 3.19, 2.7, 2.85, 2.79, 2.43, 2.69, 2.9, 2.84, 2.66, 2.45, 1.29, 1.22, 1.36, 1.23, 1.23, 1.82, 2.03, 1.15, 0, 0.81, 1.02, 1.51, 1.89, 2.52, 2.99, 2.63, 2.27, 2.99, 4.25, 5.71, 5.55, 5.43, 5.72, 4.67, 3.48, 2.66, 2.19, 2.59, 4.7, 5.3, 4.57, 4.46, 4.99, 5.68, 6.29, 6.47, 6.35, 6.45, 5.23, 4.61, 4.87], [5.18, 5.35, 5.53, 5.18, 4.58, 3.73, 4.04, 4.48, 3.89, 4.31, 4.11, 3.77, 5.3, 6.08, 6.51, 7.42, 8.69, 9.08, 8.73, 9.35, 10.7, 9.98, 9.62, 9.26, 8.2, 6.43, 5.93, 6.1, 6.23, 6.06, 6.45, 5.52, 4.55, 4.88, 4.49, 3.18, 2.45, 2.52, 2.56, 2.3, 2.58, 2.79, 2.61, 2.67, 2.44, 1.24, 1.29, 1.43, 1.26, 1.36, 1.85, 2.08, 1.28, 0.81, 0, 0.59, 1.32, 1.94, 2.51, 2.86, 2.4, 2.04, 2.66, 4.04, 5.42, 5.46, 5.36, 5.67, 4.56, 3.31, 2.59, 2.08, 2.48, 4.65, 5.19, 4.34, 4.29, 4.82, 5.41, 5.98, 6.2, 6.12, 6.18, 5.08, 4.64, 4.86], [5.39, 5.54, 5.72, 5.35, 4.77, 3.9, 4.25, 4.69, 4.12, 4.52, 4.32, 4.0, 5.51, 6.29, 6.72, 7.63, 8.88, 9.27, 8.92, 9.54, 10.93, 10.23, 9.85, 9.49, 8.43, 6.68, 6.2, 6.41, 6.46, 6.29, 6.66, 5.75, 4.78, 5.07, 4.72, 3.43, 2.44, 2.39, 2.35, 2.31, 2.47, 2.72, 2.4, 2.44, 2.19, 1.25, 1.4, 1.5, 1.45, 1.39, 1.74, 1.91, 1.27, 1.02, 0.59, 0, 0.81, 1.61, 2.12, 2.57, 2.19, 1.73, 2.43, 3.91, 5.19, 5.15, 5.05, 5.36, 4.31, 3.2, 2.3, 1.85, 2.23, 4.44, 5.02, 4.21, 4.08, 4.57, 5.2, 5.77, 5.99, 5.89, 5.95, 4.83, 4.37, 4.59], [5.82, 6.01, 6.21, 5.74, 5.14, 4.37, 4.68, 5.16, 4.65, 4.95, 4.77, 4.49, 5.98, 6.76, 7.23, 8.12, 9.33, 9.76, 9.39, 10.03, 11.44, 10.76, 10.42, 10.02, 9.0, 7.27, 6.85, 7.04, 7.03, 6.82, 7.19, 6.28, 5.27, 5.52, 5.29, 4.12, 2.95, 2.66, 2.46, 2.78, 2.86, 3.03, 2.41, 2.07, 2.0, 1.38, 1.51, 1.61, 1.7, 1.64, 1.77, 1.9, 1.48, 1.51, 1.32, 0.81, 0, 0.96, 1.53, 2.14, 1.84, 1.58, 2.42, 3.64, 4.84, 4.78, 4.6, 5.01, 4.18, 3.37, 2.41, 2.06, 2.16, 4.17, 4.61, 4.02, 4.01, 4.38, 5.19, 5.72, 5.92, 5.82, 5.98, 4.74, 4.02, 4.32], [6.38, 6.57, 6.79, 6.3, 5.72, 4.95, 5.24, 5.7, 5.13, 5.47, 5.35, 5.07, 6.56, 7.32, 7.79, 8.72, 9.91, 10.34, 9.97, 10.61, 12.0, 11.32, 11.0, 10.58, 9.56, 7.85, 7.41, 7.6, 7.61, 7.38, 7.75, 6.82, 5.73, 6.08, 5.83, 4.56, 3.31, 2.7, 2.56, 3.16, 2.92, 2.93, 2.43, 1.59, 1.76, 1.62, 1.81, 1.59, 1.94, 1.68, 1.53, 1.68, 1.58, 1.89, 1.94, 1.61, 0.96, 0, 0.97, 1.64, 1.46, 1.5, 2.46, 3.42, 4.64, 4.4, 4.28, 4.71, 3.9, 3.25, 2.47, 2.2, 2.12, 3.55, 4.11, 3.7, 3.73, 4.16, 4.97, 5.54, 5.68, 5.56, 5.74, 4.46, 3.54, 3.88], [7.05, 7.24, 7.46, 6.99, 6.39, 5.62, 5.91, 6.37, 5.8, 6.14, 5.94, 5.68, 7.19, 7.97, 8.44, 9.37, 10.58, 11.01, 10.64, 11.28, 12.65, 11.95, 11.61, 11.19, 10.17, 8.44, 8.02, 8.21, 8.2, 8.01, 8.4, 7.51, 6.4, 6.77, 6.46, 5.15, 3.86, 3.21, 3.11, 3.75, 3.49, 3.22, 2.74, 1.66, 1.97, 2.21, 2.42, 2.16, 2.57, 2.25, 1.92, 1.89, 2.15, 2.52, 2.51, 2.12, 1.53, 0.97, 0, 1.07, 1.23, 1.61, 2.53, 3.45, 4.31, 4.15, 4.31, 4.78, 4.03, 3.44, 2.9, 2.75, 2.75, 3.3, 3.94, 3.71, 3.82, 4.23, 4.98, 5.49, 5.69, 5.57, 5.75, 4.59, 3.41, 3.65], [7.52, 7.69, 7.91, 7.42, 6.84, 6.15, 6.4, 6.8, 6.25, 6.59, 6.47, 6.09, 7.62, 8.42, 8.89, 9.82, 11.03, 11.46, 11.09, 11.73, 13.1, 12.38, 12.02, 11.64, 10.6, 8.85, 8.35, 8.54, 8.63, 8.46, 8.85, 7.9, 6.77, 7.18, 6.87, 5.46, 4.11, 3.42, 3.44, 4.08, 3.8, 3.11, 2.79, 1.69, 1.74, 2.26, 2.43, 2.21, 2.66, 2.52, 2.05, 1.94, 2.38, 2.99, 2.86, 2.57, 2.14, 1.64, 1.07, 0, 0.88, 1.58, 2.06, 2.74, 3.68, 3.7, 3.82, 4.29, 3.62, 3.45, 3.25, 3.16, 2.78, 2.67, 3.31, 3.12, 3.31, 3.74, 4.59, 5.06, 5.14, 5.12, 5.24, 4.04, 3.14, 3.38], [6.88, 7.05, 7.25, 6.92, 6.32, 5.69, 5.8, 6.14, 5.55, 5.97, 5.97, 5.55, 7.0, 7.78, 8.21, 9.14, 10.37, 10.78, 10.41, 11.05, 12.4, 11.72, 11.32, 10.94, 9.9, 8.15, 7.65, 7.86, 7.95, 7.8, 8.19, 7.2, 6.09, 6.52, 6.17, 4.82, 3.51, 2.92, 2.96, 3.52, 3.32, 2.81, 2.49, 1.49, 1.54, 2.0, 2.09, 2.07, 2.4, 2.32, 1.89, 1.88, 2.18, 2.63, 2.4, 2.19, 1.84, 1.46, 1.23, 0.88, 0, 1.14, 1.64, 2.5, 3.52, 3.64, 3.72, 4.15, 3.48, 3.13, 2.91, 2.76, 2.36, 2.53, 3.11, 2.66, 2.79, 3.6, 4.33, 4.82, 4.8, 4.84, 4.86, 3.72, 3.12, 3.44], [6.28, 6.43, 6.59, 6.2, 5.64, 5.03, 5.18, 5.52, 4.89, 5.31, 5.37, 4.85, 6.32, 7.1, 7.55, 8.48, 9.73, 10.12, 9.77, 10.39, 11.74, 11.02, 10.66, 10.28, 9.24, 7.47, 6.97, 7.14, 7.29, 7.1, 7.57, 6.54, 5.45, 5.9, 5.53, 4.04, 2.71, 2.12, 2.24, 2.78, 2.52, 2.29, 2.17, 1.71, 1.52, 1.68, 1.81, 1.75, 2.08, 1.94, 1.59, 1.56, 1.84, 2.27, 2.04, 1.73, 1.58, 1.5, 1.61, 1.58, 1.14, 0, 1.46, 2.98, 4.0, 3.86, 3.78, 4.15, 3.44, 2.73, 2.13, 2.02, 1.76, 2.91, 3.59, 2.94, 2.97, 3.64, 4.37, 4.9, 4.9, 4.9, 4.82, 3.66, 3.5, 3.82], [6.86, 7.03, 7.19, 6.8, 6.26, 5.83, 5.76, 6.04, 5.41, 5.89, 6.07, 5.45, 6.84, 7.6, 8.09, 9.0, 10.23, 10.64, 10.27, 10.909, 12.26, 11.52, 11.16, 10.78, 9.74, 7.97, 7.47, 7.68, 7.83, 7.72, 8.19, 7.08, 5.93, 6.4, 6.05, 4.6, 3.11, 2.4, 2.6, 3.2, 2.96, 2.01, 1.85, 1.65, 1.78, 2.12, 2.29, 2.45, 2.76, 2.72, 2.25, 2.24, 2.52, 2.99, 2.66, 2.43, 2.42, 2.46, 2.53, 2.06, 1.64, 1.46, 0, 2.2, 3.26, 3.32, 3.2, 3.49, 2.78, 2.13, 2.41, 2.46, 1.8, 2.31, 2.77, 2.06, 2.13, 3.08, 3.73, 4.22, 4.2, 4.18, 4.0, 2.98, 3.06, 3.36], [8.52, 8.77, 9.01, 8.68, 8.0, 7.33, 7.42, 7.7, 7.21, 7.65, 7.53, 7.03, 8.66, 9.42, 9.85, 10.74, 11.918, 12.36, 11.989, 12.612, 13.952, 13.221, 12.86, 12.464, 11.46, 9.645, 9.27, 9.46, 9.57, 9.44, 9.91, 8.84, 7.65, 8.1, 7.77, 6.08, 4.39, 3.64, 3.66, 4.66, 4.34, 3.11, 2.85, 2.55, 2.98, 3.54, 3.83, 3.83, 4.14, 4.12, 3.65, 3.66, 3.94, 4.25, 4.04, 3.91, 3.64, 3.42, 3.45, 2.74, 2.5, 2.98, 2.2, 0, 1.82, 1.92, 1.9, 2.19, 1.8, 2.81, 3.75, 3.76, 3.04, 1.65, 1.57, 1.42, 1.55, 1.56, 2.13, 2.56, 2.64, 2.66, 2.7, 1.96, 1.78, 1.94], [9.64, 9.87, 10.07, 9.72, 9.02, 8.45, 8.54, 8.8, 8.23, 8.69, 8.71, 8.21, 9.7, 10.48, 10.926, 11.816, 13.019, 13.456, 13.073, 13.702, 15.046, 14.3, 13.912, 13.541, 12.509, 10.725, 10.31, 10.48, 10.67, 10.54, 11.03, 9.9, 8.79, 9.22, 8.87, 7.3, 5.59, 4.72, 4.78, 5.76, 5.46, 4.13, 3.97, 3.63, 4.2, 4.92, 5.23, 5.19, 5.5, 5.48, 4.87, 4.84, 5.22, 5.71, 5.42, 5.19, 4.84, 4.64, 4.31, 3.68, 3.52, 4.0, 3.26, 1.82, 0, 1.12, 1.46, 1.65, 1.98, 3.97, 4.89, 4.9, 4.38, 2.19, 1.53, 1.84, 1.73, 1.32, 1.49, 1.72, 1.7, 2.1, 2.08, 1.78, 1.64, 1.6], [9.34, 9.57, 9.75, 9.32, 8.74, 8.13, 8.18, 8.553, 7.989, 8.43, 8.33, 7.93, 9.422, 10.222, 10.715, 11.592, 12.807, 13.24, 12.864, 13.48, 14.828, 14.09, 13.702, 13.314, 12.285, 10.492, 10.059, 10.273, 10.403, 10.28, 10.71, 9.699, 8.523, 8.933, 8.608, 6.98, 5.27, 4.48, 4.54, 5.38, 5.06, 3.77, 4.03, 3.69, 4.28, 4.92, 5.17, 5.17, 5.52, 5.52, 4.95, 4.96, 5.26, 5.55, 5.46, 5.15, 4.78, 4.4, 4.15, 3.7, 3.64, 3.86, 3.32, 1.92, 1.12, 0, 0.82, 0.97, 1.48, 3.49, 4.43, 4.52, 3.78, 2.05, 1.39, 1.84, 1.79, 0.96, 1.55, 1.76, 1.78, 1.64, 1.82, 1.4, 1.42, 1.52], [8.86, 9.07, 9.255, 8.777, 8.24, 7.77, 7.76, 8.1, 7.57, 8.01, 7.93, 7.49, 8.933, 9.78, 10.235, 11.106, 12.324, 12.748, 12.375, 13.0, 14.342, 13.602, 13.222, 12.834, 11.794, 10.012, 9.552, 9.773, 9.908, 9.77, 10.21, 9.199, 8.043, 8.473, 8.129, 6.54, 5.01, 4.14, 4.26, 5.08, 4.74, 3.49, 3.87, 3.69, 4.22, 4.76, 4.91, 5.09, 5.46, 5.46, 4.93, 4.94, 5.2, 5.43, 5.36, 5.05, 4.6, 4.28, 4.31, 3.82, 3.72, 3.78, 3.2, 1.9, 1.46, 0.82, 0, 0.71, 1.2, 3.17, 4.01, 4.14, 3.36, 2.17, 1.51, 1.82, 1.73, 1.12, 1.67, 2.06, 1.9, 1.54, 1.66, 1.3, 1.68, 1.94], [8.93, 9.18, 9.325, 8.847, 8.41, 7.94, 7.93, 8.23, 7.7, 8.18, 8.12, 7.68, 9.05, 9.87, 10.36, 11.202, 12.397, 12.818, 12.445, 13.07, 14.412, 13.672, 13.292, 12.904, 11.864, 10.12, 9.643, 9.863, 9.993, 9.89, 10.26, 9.269, 8.16, 8.55, 8.239, 6.71, 5.2, 4.31, 4.43, 5.25, 4.89, 3.72, 4.14, 4.12, 4.59, 5.05, 5.18, 5.36, 5.73, 5.73, 5.3, 5.31, 5.57, 5.72, 5.67, 5.36, 5.01, 4.71, 4.78, 4.29, 4.15, 4.15, 3.49, 2.19, 1.65, 0.97, 0.71, 0, 1.33, 3.34, 4.18, 4.31, 3.49, 2.52, 1.78, 2.03, 2.16, 1.11, 1.56, 1.81, 1.65, 1.41, 1.55, 1.33, 1.87, 2.15], [8.291, 8.49, 8.706, 8.22, 7.68, 6.95, 7.12, 7.527, 6.965, 7.37, 7.21, 6.87, 8.399, 9.199, 9.672, 10.586, 11.805, 12.235, 11.859, 12.481, 13.825, 13.085, 12.709, 12.32, 11.283, 9.503, 9.054, 9.23, 9.362, 9.239, 9.63, 8.656, 7.497, 7.911, 7.582, 5.9, 4.15, 3.3, 3.3, 4.24, 3.86, 2.59, 2.99, 3.27, 3.66, 4.18, 4.43, 4.43, 4.76, 4.76, 4.35, 4.34, 4.58, 4.67, 4.56, 4.31, 4.18, 3.9, 4.03, 3.62, 3.48, 3.44, 2.78, 1.8, 1.98, 1.48, 1.2, 1.33, 0, 2.25, 3.31, 3.48, 3.0, 2.03, 1.85, 1.58, 1.67, 1.18, 1.69, 2.18, 2.16, 1.88, 1.96, 1.26, 1.58, 1.96], [6.23, 6.42, 6.64, 6.19, 5.61, 4.88, 5.09, 5.49, 4.98, 5.32, 5.14, 4.86, 6.33, 7.13, 7.619, 8.546, 9.76, 10.189, 9.82, 10.459, 11.803, 11.048, 10.688, 10.314, 9.277, 7.495, 7.001, 7.177, 7.327, 7.17, 7.544, 6.603, 5.44, 5.87, 5.553, 3.85, 2.3, 1.61, 1.85, 2.35, 1.87, 1.18, 2.1, 2.72, 2.91, 3.09, 3.36, 3.16, 3.43, 3.57, 3.22, 3.17, 3.31, 3.48, 3.31, 3.2, 3.37, 3.25, 3.44, 3.45, 3.13, 2.73, 2.13, 2.81, 3.97, 3.49, 3.17, 3.34, 2.25, 0, 1.76, 2.03, 1.91, 3.12, 3.7, 3.01, 2.96, 3.11, 3.44, 3.89, 3.85, 3.57, 3.65, 2.97, 3.21, 3.65], [5.39, 5.62, 5.782, 5.33, 4.75, 4.16, 4.61, 4.67, 4.42, 4.7, 4.56, 4.4, 5.63, 6.29, 6.78, 7.689, 8.908, 9.332, 8.965, 9.602, 10.946, 10.23, 9.845, 9.47, 8.43, 6.652, 6.164, 6.35, 6.47, 6.317, 6.72, 5.766, 4.74, 5.13, 4.72, 2.97, 1.66, 1.01, 1.11, 1.63, 1.27, 1.66, 2.24, 2.52, 2.57, 2.27, 2.58, 2.58, 2.85, 2.73, 2.38, 2.43, 2.57, 2.66, 2.59, 2.3, 2.41, 2.47, 2.9, 3.25, 2.91, 2.13, 2.41, 3.75, 4.89, 4.43, 4.01, 4.18, 3.31, 1.76, 0, 0.91, 1.39, 4.06, 4.64, 3.97, 3.88, 4.03, 4.4, 4.87, 4.79, 4.19, 4.37, 3.85, 4.09, 4.49], [5.359, 5.55, 5.77, 5.38, 4.76, 4.09, 4.34, 4.6, 4.11, 4.49, 4.37, 4.11, 5.5, 6.28, 6.732, 7.659, 8.878, 9.302, 8.935, 9.572, 10.916, 10.181, 9.815, 9.44, 8.4, 6.622, 6.15, 6.32, 6.44, 6.307, 6.677, 5.716, 4.59, 5.0, 4.67, 2.96, 1.69, 1.32, 1.34, 1.48, 1.26, 1.91, 2.25, 2.51, 2.42, 1.88, 2.17, 2.21, 2.42, 2.3, 2.23, 2.34, 2.06, 2.19, 2.08, 1.85, 2.06, 2.2, 2.75, 3.16, 2.76, 2.02, 2.46, 3.76, 4.9, 4.52, 4.14, 4.31, 3.48, 2.03, 0.91, 0, 1.24, 4.09, 4.67, 4.02, 3.99, 4.14, 4.49, 5.0, 4.94, 4.5, 4.7, 4.02, 4.14, 4.52], [5.86, 6.05, 6.27, 5.88, 5.3, 4.83, 4.86, 5.12, 4.61, 5.05, 4.89, 4.51, 5.98, 6.84, 7.232, 8.159, 9.378, 9.802, 9.435, 10.072, 11.416, 10.661, 10.298, 9.924, 8.887, 7.105, 6.634, 6.81, 6.94, 6.807, 7.157, 6.216, 5.07, 5.48, 5.17, 3.54, 2.19, 1.72, 1.84, 2.14, 1.84, 1.87, 2.11, 2.09, 2.12, 2.02, 2.17, 2.19, 2.56, 2.54, 2.31, 2.42, 2.42, 2.59, 2.48, 2.23, 2.16, 2.12, 2.75, 2.78, 2.36, 1.76, 1.8, 3.04, 4.38, 3.78, 3.36, 3.49, 3.0, 1.91, 1.39, 1.24, 0, 3.23, 3.79, 3.16, 3.25, 3.58, 4.27, 4.84, 4.68, 4.18, 4.3, 3.48, 3.62, 4.06], [8.662, 8.84, 9.072, 8.719, 8.01, 7.64, 7.55, 7.73, 7.16, 7.72, 7.78, 7.16, 8.642, 9.399, 9.84, 10.703, 11.913, 12.329, 11.947, 12.575, 13.945, 13.217, 12.817, 12.423, 11.386, 9.624, 9.209, 9.476, 9.632, 9.51, 10.012, 8.879, 7.749, 8.167, 7.832, 6.29, 4.68, 3.91, 4.13, 4.89, 4.63, 3.36, 3.4, 2.84, 3.01, 4.01, 4.3, 4.1, 4.35, 4.27, 3.72, 3.55, 4.23, 4.7, 4.65, 4.44, 4.17, 3.55, 3.3, 2.67, 2.53, 2.91, 2.31, 1.65, 2.19, 2.05, 2.17, 2.52, 2.03, 3.12, 4.06, 4.09, 3.23, 0, 1.28, 1.15, 1.38, 2.05, 2.76, 3.13, 3.13, 3.13, 2.91, 2.07, 1.73, 2.13], [9.13, 9.38, 9.606, 9.187, 8.55, 8.28, 8.09, 8.23, 7.7, 8.24, 8.32, 7.7, 9.13, 9.91, 10.34, 11.195, 12.376, 12.82, 12.433, 13.058, 14.416, 13.697, 13.297, 12.923, 11.886, 10.124, 9.709, 9.987, 10.112, 10.03, 10.526, 9.367, 8.197, 8.63, 8.297, 6.79, 5.28, 4.51, 4.75, 5.51, 5.21, 3.96, 3.96, 3.3, 3.75, 4.45, 4.68, 4.64, 5.03, 5.01, 4.4, 4.39, 4.79, 5.3, 5.19, 5.02, 4.61, 4.11, 3.94, 3.31, 3.11, 3.59, 2.77, 1.57, 1.53, 1.39, 1.51, 1.78, 1.85, 3.7, 4.64, 4.67, 3.79, 1.28, 0, 0.99, 1.24, 1.53, 2.06, 2.35, 2.31, 2.31, 2.17, 1.55, 1.51, 1.75], [8.437, 8.67, 8.862, 8.529, 7.94, 7.51, 7.38, 7.6, 7.03, 7.57, 7.65, 7.05, 8.52, 9.237, 9.71, 10.565, 11.786, 12.202, 11.823, 12.445, 13.795, 13.087, 12.687, 12.293, 11.256, 9.493, 9.064, 9.277, 