[[0, 0.87, 0.92, 0.64, 0.77, 2.39, 1.18, 1.31, 1.77, 2.21, 1.98, 2.03, 3.26, 3.2, 3.61, 3.85, 3.28, 3.93, 3.98, 4.23, 4.75, 4.81, 4.91, 4.97, 5.57, 7.03, 8.87, 11.87, 13.23, 13.33, 13.16, 10.85, 9.21, 9.24, 9.48, 10.09, 8.18, 4.79, 3.53, 4.18, 3.65, 3.04, 3.69, 4.06, 3.75, 3.6, 3.71, 3.54, 3.64, 3.34, 3.28, 2.98, 2.59, 2.74, 2.53, 1.88, 1.79, 1.7, 1.95, 1.9, 1.74, 1.6, 1.75, 1.97, 2.4, 1.07, 3.24, 4.43, 4.66, 4.65, 5.79, 6.74, 7.44, 8.71, 9.8, 10.52, 9.82, 9.31, 9.32, 9.01, 8.46, 7.68, 7.69, 7.59, 6.71, 6.37], [0.87, 0, 0.65, 0.75, 1.3, 2.96, 1.79, 1.76, 1.98, 2.24, 1.91, 2.38, 3.63, 3.63, 4.08, 4.28, 3.73, 4.4, 4.47, 4.72, 5.22, 5.28, 5.38, 5.42, 6.02, 7.46, 9.32, 12.32, 13.68, 13.78, 13.61, 11.3, 9.64, 9.67, 9.91, 10.52, 8.61, 5.22, 3.94, 4.59, 4.1, 3.49, 4.14, 4.49, 4.2, 4.05, 4.16, 3.99, 4.03, 3.67, 3.77, 3.47, 3.0, 3.17, 3.02, 2.41, 2.28, 2.05, 2.46, 2.21, 1.91, 1.61, 1.8, 1.9, 2.27, 1.36, 3.73, 4.88, 5.17, 5.12, 6.22, 7.21, 7.89, 9.16, 10.25, 10.97, 10.27, 9.74, 9.73, 9.44, 8.89, 8.09, 8.1, 8.0, 7.16, 6.82], [0.92, 0.65, 0, 0.64, 1.27, 2.77, 1.62, 1.87, 2.15, 2.53, 2.14, 2.31, 3.4, 3.34, 3.73, 3.87, 3.34, 3.97, 4.08, 4.29, 4.77, 4.87, 4.97, 4.99, 5.63, 7.03, 8.91, 11.89, 13.27, 13.35, 13.2, 10.89, 9.25, 9.28, 9.52, 10.15, 8.22, 4.85, 3.61, 4.24, 3.73, 3.1, 3.73, 4.12, 3.83, 3.66, 3.79, 3.6, 3.66, 3.36, 3.46, 3.18, 2.73, 2.76, 2.75, 2.26, 2.25, 2.14, 2.35, 2.36, 2.06, 1.88, 2.03, 2.15, 2.54, 1.29, 3.46, 4.51, 4.88, 4.75, 5.93, 6.88, 7.52, 8.75, 9.84, 10.56, 9.86, 9.37, 9.38, 9.07, 8.52, 7.74, 7.75, 7.65, 6.75, 6.41], [0.64, 0.75, 0.64, 0, 0.99, 2.55, 1.42, 1.57, 1.93, 2.39, 2.12, 2.13, 3.36, 3.2, 3.63, 3.85, 3.28, 3.87, 3.94, 4.17, 4.71, 4.77, 4.85, 4.91, 5.57, 7.03, 8.89, 11.89, 13.25, 13.33, 13.18, 10.87, 9.21, 9.2, 9.48, 10.11, 8.18, 4.85, 3.55, 4.24, 3.71, 3.12, 3.73, 4.14, 3.83, 3.62, 3.79, 3.56, 3.62, 3.34, 3.34, 3.06, 2.63, 2.76, 2.65, 2.12, 2.13, 2.0, 2.21, 2.24, 2.0, 1.84, 2.01, 2.13, 2.46, 1.19, 3.32, 4.47, 4.76, 4.71, 5.81, 6.76, 7.46, 8.73, 9.82, 10.54, 9.84, 9.39, 9.38, 9.09, 8.54, 7.74, 7.71, 7.61, 6.75, 6.39], [0.77, 1.3, 1.27, 0.99, 0, 1.8, 0.79, 1.32, 2.14, 2.68, 2.31, 1.76, 2.89, 2.75, 3.16, 3.46, 3.03, 3.66, 3.81, 3.92, 4.36, 4.42, 4.46, 4.52, 5.1, 6.46, 8.3, 11.3, 12.66, 12.76, 12.61, 10.32, 8.68, 8.69, 8.95, 9.58, 7.65, 4.28, 3.02, 3.69, 3.08, 2.47, 3.1, 3.51, 3.2, 3.01, 3.16, 2.99, 3.21, 2.99, 2.85, 2.45, 2.12, 2.15, 1.98, 1.39, 1.38, 1.27, 1.46, 1.57, 1.67, 1.63, 1.66, 1.98, 2.59, 0.98, 2.67, 3.9, 4.09, 4.06, 5.22, 6.15, 6.87, 8.14, 9.21, 9.93, 9.25, 8.8, 8.81, 8.46, 7.91, 7.17, 7.18, 7.08, 6.16, 5.78], [2.39, 2.96, 2.77, 2.55, 1.8, 0, 1.39, 2.58, 3.22, 3.8, 3.27, 2.0, 1.97, 1.81, 2.06, 2.46, 2.21, 2.74, 2.89, 3.04, 3.3, 3.46, 3.44, 3.38, 4.06, 4.92, 6.72, 9.8, 11.14, 11.18, 11.05, 8.82, 7.26, 7.19, 7.43, 8.06, 6.13, 2.76, 1.82, 2.21, 1.54, 1.57, 1.8, 2.19, 1.9, 1.83, 1.88, 1.97, 2.19, 2.17, 1.95, 1.61, 1.28, 1.29, 1.1, 1.09, 1.52, 1.51, 1.18, 1.79, 2.55, 2.89, 2.6, 3.36, 4.13, 1.96, 1.59, 2.6, 2.45, 2.44, 3.58, 4.51, 5.29, 6.48, 7.53, 8.33, 7.73, 7.3, 7.282, 6.9, 6.39, 5.65, 5.66, 5.58, 4.7, 4.24], [1.18, 1.79, 1.62, 1.42, 0.79, 1.39, 0, 1.41, 2.03, 2.55, 2.22, 1.35, 2.44, 2.26, 2.69, 2.99, 2.56, 3.21, 3.34, 3.49, 3.91, 4.01, 4.01, 4.05, 4.65, 6.01, 7.81, 10.79, 12.19, 12.25, 12.12, 9.83, 8.21, 8.22, 8.48, 9.11, 7.18, 3.81, 2.59, 3.28, 2.65, 2.14, 2.63, 3.06, 2.75, 2.54, 2.69, 2.68, 2.86, 2.66, 2.44, 2.14, 1.65, 1.7, 1.59, 0.98, 1.09, 0.98, 1.05, 1.26, 1.54, 1.78, 1.79, 2.39, 2.94, 1.19, 2.38, 3.49, 3.66, 3.61, 4.83, 5.68, 6.42, 7.71, 8.74, 9.46, 8.78, 8.33, 8.34, 7.99, 7.44, 6.7, 6.71, 6.61, 5.69, 5.31], [1.31, 1.76, 1.87, 1.57, 1.32, 2.58, 1.41, 0, 1.02, 1.58, 1.29, 2.08, 3.43, 3.41, 3.84, 4.1, 3.55, 4.08, 4.17, 4.5, 4.96, 5.02, 5.06, 5.08, 5.78, 7.18, 9.06, 12.08, 13.46, 13.5, 13.41, 11.12, 9.54, 9.53, 9.81, 10.44, 8.51, 5.14, 3.88, 4.51, 3.88, 3.29, 3.92, 4.33, 4.02, 3.81, 3.98, 3.75, 3.87, 3.61, 3.55, 3.21, 2.76, 2.91, 2.74, 2.09, 1.88, 1.63, 1.88, 1.39, 1.09, 1.27, 1.5, 1.58, 1.89, 1.56, 3.39, 4.64, 4.89, 4.84, 5.92, 6.89, 7.63, 8.9, 9.99, 10.75, 10.09, 9.66, 9.67, 9.28, 8.77, 8.03, 8.04, 7.94, 7.02, 6.6], [1.77, 1.98, 2.15, 1.93, 2.14, 3.22, 2.03, 1.02, 0, 0.8, 1.05, 2.58, 3.97, 3.93, 4.38, 4.54, 3.93, 4.56, 4.61, 4.88, 5.46, 5.54, 5.62, 5.64, 6.32, 7.86, 9.74, 12.76, 14.1, 14.18, 14.03, 11.72, 10.14, 10.13, 10.41, 11.04, 9.11, 5.74, 4.48, 5.11, 4.56, 3.97, 4.6, 5.01, 4.7, 4.49, 4.66, 4.41, 4.45, 4.11, 4.17, 3.85, 3.42, 3.59, 3.44, 2.69, 2.34, 2.15, 2.58, 1.83, 1.37, 1.51, 1.72, 1.76, 1.73, 1.96, 4.11, 5.32, 5.57, 5.52, 6.6, 7.57, 8.31, 9.58, 10.67, 11.39, 10.71, 10.26, 10.27, 9.96, 9.41, 8.63, 8.64, 8.54, 7.62, 7.24], [2.21, 2.24, 2.53, 2.39, 2.68, 3.8, 2.55, 1.58, 0.8, 0, 1.19, 3.0, 4.47, 4.35, 4.84, 4.94, 4.27, 4.92, 5.01, 5.32, 5.92, 6.02, 6.1, 6.12, 6.78, 8.44, 10.32, 13.3, 14.68, 14.76, 14.61, 12.3, 10.62, 10.65, 10.89, 11.52, 9.59, 6.24, 5.0, 5.63, 5.1, 4.49, 5.14, 5.53, 5.22, 5.05, 5.18, 4.99, 5.03, 4.63, 4.71, 4.43, 4.0, 4.15, 4.06, 3.23, 2.88, 2.67, 3.1, 2.37, 1.65, 1.69, 1.98, 1.84, 1.69, 2.4, 4.71, 5.9, 6.11, 6.1, 7.18, 8.15, 8.89, 10.16, 11.25, 11.97, 11.27, 10.78, 10.77, 10.48, 9.93, 9.13, 9.12, 9.02, 8.16, 7.82], [1.98, 1.91, 2.14, 2.12, 2.31, 3.27, 2.22, 1.29, 1.05, 1.19, 0, 2.13, 3.44, 3.48, 3.95, 4.01, 3.4, 4.11, 4.2, 4.45, 5.01, 5.15, 5.23, 5.25, 5.89, 7.63, 9.43, 12.43, 13.73, 13.85, 13.68, 11.31, 9.67, 9.7, 9.94, 10.55, 8.64, 5.25, 4.29, 4.8, 4.31, 3.66, 4.27, 4.66, 4.37, 4.2, 4.31, 4.18, 4.24, 3.94, 3.96, 3.74, 3.27, 3.5, 3.59, 2.86, 2.53, 2.2, 2.55, 1.82, 1.48, 1.66, 1.95, 1.95, 2.06, 2.11, 4.04, 5.27, 5.5, 5.31, 6.43, 7.36, 8.08, 9.37, 10.4, 11.04, 10.3, 9.75, 9.82, 9.49, 8.94, 8.18, 8.11, 8.01, 7.21, 6.89], [2.03, 2.38, 2.31, 2.13, 1.76, 2.0, 1.35, 2.08, 2.58, 3.0, 2.13, 0, 1.61, 1.69, 2.16, 2.36, 1.89, 2.6, 2.73, 2.86, 3.38, 3.46, 3.48, 3.5, 4.08, 5.66, 7.46, 10.44, 11.82, 11.9, 11.75, 9.44, 7.74, 7.77, 8.01, 8.6, 6.71, 3.7, 2.74, 3.17, 2.56, 1.89, 2.4, 2.71, 2.44, 2.33, 2.46, 2.57, 2.71, 2.69, 2.63, 2.39, 1.94, 1.93, 2.28, 1.63, 1.6, 1.53, 1.22, 1.49, 2.23, 2.57, 2.5, 3.04, 3.55, 2.04, 2.97, 3.88, 3.83, 3.58, 4.84, 5.65, 6.27, 7.44, 8.47, 9.15, 8.41, 7.86, 7.85, 7.56, 7.01, 6.23, 6.16, 6.08, 5.36, 5.0], [3.26, 3.63, 3.4, 3.36, 2.89, 1.97, 2.44, 3.43, 3.97, 4.47, 3.44, 1.61, 0, 1.2, 1.47, 1.53, 1.5, 2.05, 2.16, 2.17, 2.35, 2.63, 2.57, 2.53, 3.27, 4.63, 6.29, 9.21, 10.41, 10.53, 10.36, 8.01, 6.37, 6.4, 6.64, 7.249, 5.36, 2.73, 2.47, 2.34, 1.99, 1.82, 1.99, 2.32, 2.33, 2.24, 2.31, 2.9, 3.08, 3.14, 3.08, 2.8, 2.29, 2.16, 2.17, 2.14, 2.41, 2.5, 2.01, 2.7, 3.54, 3.88, 3.67, 4.31, 4.9, 2.97, 2.8, 3.17, 3.04, 2.85, 4.09, 4.78, 5.32, 6.41, 7.48, 8.02, 7.08, 6.51, 6.5, 6.23, 5.74, 4.9, 4.83, 4.89, 4.17, 3.99], [3.2, 3.63, 3.34, 3.2, 2.75, 1.81, 2.26, 3.41, 3.93, 4.35, 3.48, 1.69, 1.2, 0, 0.91, 1.45, 1.48, 1.59, 1.74, 1.81, 2.23, 2.35, 2.23, 2.21, 2.93, 4.31, 6.05, 9.03, 10.39, 10.47, 10.32, 8.01, 6.33, 6.36, 6.6, 7.21, 5.3, 2.43, 2.37, 2.06, 1.91, 2.06, 2.07, 2.3, 2.39, 2.22, 2.43, 2.82, 3.2, 3.26, 3.12, 2.8, 2.33, 2.2, 2.09, 2.08, 2.47, 2.54, 2.09, 2.68, 3.52, 3.88, 3.67, 4.31, 4.82, 2.89, 2.46, 2.65, 2.48, 2.35, 3.49, 4.32, 4.98, 6.11, 7.16, 7.76, 6.98, 6.45, 6.44, 6.17, 5.6, 4.8, 4.79, 4.69, 3.93, 3.61], [3.61, 4.08, 3.73, 3.63, 3.16, 2.06, 2.69, 3.84, 4.38, 4.84, 3.95, 2.16, 1.47, 0.91, 0, 1.12, 1.39, 1.26, 1.53, 1.58, 1.98, 2.06, 1.98, 2.0, 2.5, 3.84, 5.6, 8.6, 9.92, 10.02, 9.85, 7.56, 5.92, 5.95, 6.19, 6.8, 4.93, 2.14, 2.58, 1.99, 1.82, 1.95, 2.0, 2.07, 2.16, 2.21, 2.26, 2.67, 2.91, 3.01, 2.89, 2.83, 2.5, 2.43, 2.24, 2.43, 2.88, 2.97, 2.48, 3.15, 3.99, 4.33, 4.12, 4.76, 5.25, 3.28, 2.49, 2.42, 2.29, 2.18, 3.12, 3.73, 4.41, 5.64, 6.65, 7.23, 6.51, 6.02, 6.05, 5.7, 5.15, 4.41, 4.4, 4.4, 3.72, 3.14], [3.85, 4.28, 3.87, 3.85, 3.46, 2.46, 2.99, 4.1, 4.54, 4.94, 4.01, 2.36, 1.53, 1.45, 1.12, 0, 0.99, 1.16, 1.33, 1.1, 1.38, 1.62, 1.64, 1.6, 2.3, 3.9, 5.66, 8.66, 9.94, 10.02, 9.85, 7.56, 5.92, 5.95, 6.19, 6.8, 5.05, 2.64, 2.84, 2.35, 2.34, 2.21, 2.16, 2.15, 2.3, 2.33, 2.44, 2.95, 3.11, 3.31, 3.19, 3.23, 2.94, 2.71, 2.68, 2.85, 3.32, 3.37, 2.88, 3.53, 4.35, 4.67, 4.58, 5.14, 5.53, 3.72, 2.79, 3.06, 2.85, 2.72, 3.64, 4.19, 4.59, 5.68, 6.77, 7.27, 6.53, 6.02, 6.05, 5.68, 5.23, 4.49, 4.58, 4.56, 3.98, 3.48], [3.28, 3.73, 3.34, 3.28, 3.03, 2.21, 2.56, 3.55, 3.93, 4.27, 3.4, 1.89, 1.5, 1.48, 1.39, 0.99, 0, 1.23, 1.44, 1.45, 1.85, 1.99, 2.07, 2.07, 2.75, 4.47, 6.25, 9.25, 10.61, 10.67, 10.56, 8.27, 6.63, 6.66, 6.9, 7.509, 5.7, 3.21, 2.83, 2.74, 2.25, 2.04, 2.01, 2.08, 2.15, 2.18, 2.27, 2.86, 3.02, 3.14, 3.08, 3.08, 2.75, 2.54, 2.49, 2.58, 2.97, 2.94, 2.47, 3.06, 3.82, 4.24, 4.17, 4.67, 5.06, 3.39, 3.04, 3.55, 3.3, 3.17, 4.05, 4.58, 5.08, 6.25, 7.26, 7.9, 7.22, 6.67, 6.68, 6.31, 5.78, 5.2, 5.13, 5.23, 4.63, 3.97], [3.93, 4.4, 3.97, 3.87, 3.66, 2.74, 3.21, 4.08, 4.56, 4.92, 4.11, 2.6, 2.05, 1.59, 1.26, 1.16, 1.23, 0, 0.59, 1.02, 1.44, 1.36, 1.44, 1.38, 2.1, 3.7, 5.54, 8.68, 9.96, 10.04, 9.95, 7.7, 6.116, 6.11, 6.386, 7.012, 5.37, 2.8, 3.34, 2.73, 2.44, 2.67, 2.72, 2.63, 2.68, 2.79, 2.92, 3.31, 3.37, 3.57, 3.47, 3.55, 3.16, 2.89, 2.98, 3.17, 3.6, 3.57, 3.06, 3.61, 4.37, 4.81, 4.66, 5.14, 5.45, 4.04, 3.25, 3.14, 2.95, 2.72, 3.64, 4.07, 4.47, 5.5, 6.63, 7.27, 6.67, 6.224, 6.225, 5.852, 5.39, 4.91, 4.94, 4.96, 4.32, 3.58], [3.98, 4.47, 4.08, 3.94, 3.81, 2.89, 3.34, 4.17, 4.61, 5.01, 4.2, 2.73, 2.16, 1.74, 1.53, 1.33, 1.44, 0.59, 0, 0.95, 1.37, 1.25, 1.31, 1.29, 1.97, 3.63, 5.39, 8.45, 9.79, 9.83, 9.74, 7.49, 5.91, 5.9, 6.176, 6.81, 5.24, 2.93, 3.43, 2.76, 2.61, 2.88, 2.83, 2.72, 2.79, 2.92, 3.05, 3.48, 3.52, 3.72, 3.64, 3.7, 3.35, 3.08, 3.13, 3.36, 3.79, 3.76, 3.23, 3.74, 4.48, 4.94, 4.83, 5.33, 5.62, 4.17, 3.2, 3.21, 2.94, 2.77, 3.67, 4.12, 4.38, 5.41, 6.52, 7.2, 6.46, 6.014, 6.035, 5.69, 5.18, 4.76, 4.79, 4.83, 4.15, 3.53], [4.23, 4.72, 4.29, 4.17, 3.92, 3.04, 3.49, 4.5, 4.88, 5.32, 4.45, 2.86, 2.17, 1.81, 1.58, 1.1, 1.45, 1.02, 0.95, 0, 0.96, 1.14, 1.36, 1.3, 1.7, 3.42, 5.12, 8.16, 9.46, 9.54, 9.39, 7.08, 5.5, 5.49, 5.77, 6.4, 4.77, 2.64, 3.24, 2.55, 2.78, 2.87, 2.74, 2.53, 2.76, 2.81, 2.92, 3.31, 3.41, 3.75, 3.57, 3.67, 3.48, 3.23, 3.28, 3.41, 3.82, 3.85, 3.36, 3.97, 4.75, 5.11, 5.04, 5.56, 6.01, 4.3, 2.91, 2.9, 2.61, 2.5, 3.44, 3.87, 4.19, 5.18, 6.31, 6.83, 6.07, 5.62, 5.63, 5.32, 4.79, 4.35, 4.38, 4.4, 3.72, 3.1], [4.75, 5.22, 4.77, 4.71, 4.36, 3.3, 3.91, 4.96, 5.46, 5.92, 5.01, 3.38, 2.35, 2.23, 1.98, 1.38, 1.85, 1.44, 1.37, 0.96, 0, 0.88, 1.24, 1.1, 1.64, 3.04, 4.72, 7.76, 8.94, 9.02, 8.91, 6.66, 5.04, 5.03, 5.29, 5.92, 4.45, 2.9, 3.6, 2.87, 2.94, 3.11, 2.9, 2.77, 3.02, 3.01, 3.16, 3.43, 3.59, 3.93, 3.77, 3.89, 3.66, 3.43, 3.5, 3.73, 4.16, 4.21, 3.7, 4.37, 5.17, 5.55, 5.38, 5.9, 6.33, 4.7, 3.19, 3.14, 2.67, 2.58, 3.22, 3.57, 3.95, 4.84, 6.11, 6.51, 5.71, 5.26, 5.27, 4.92, 4.57, 3.91, 4.04, 3.98, 3.4, 2.92], [4.81, 5.28, 4.87, 4.77, 4.42, 3.46, 4.01, 5.02, 5.54, 6.02, 5.15, 3.46, 2.63, 2.35, 2.06, 1.62, 1.99, 1.36, 1.25, 1.14, 0.88, 0, 0.58, 0.7, 1.46, 3.0, 4.72, 7.5, 8.78, 8.86, 8.77, 6.7, 5.04, 4.93, 5.21, 5.92, 4.63, 3.06, 3.86, 3.13, 3.12, 3.31, 3.1, 2.97, 3.2, 3.25, 3.4, 3.71, 3.79, 4.13, 3.99, 4.11, 3.86, 3.63, 3.7, 3.91, 4.36, 4.37, 3.82, 4.41, 5.23, 5.63, 5.46, 5.96, 6.39, 4.88, 3.61, 3.46, 3.01, 2.96, 3.38, 3.67, 3.97, 4.78, 6.15, 6.53, 5.59, 5.2, 5.21, 4.96, 4.63, 4.11, 4.3, 4.12, 3.5, 3.1], [4.91, 5.38, 4.97, 4.85, 4.46, 3.44, 4.01, 5.06, 5.62, 6.1, 5.23, 3.48, 2.57, 2.23, 1.98, 1.64, 2.07, 1.44, 1.31, 1.36, 1.24, 0.58, 0, 0.44, 1.36, 2.94, 4.6, 7.4, 8.66, 8.74, 8.65, 6.54, 4.92, 4.81, 5.09, 5.74, 4.53, 3.2, 3.86, 3.17, 3.08, 3.27, 3.06, 2.99, 3.18, 3.23, 3.42, 3.75, 3.87, 4.15, 4.01, 4.11, 3.84, 3.61, 3.66, 3.89, 4.34, 4.37, 3.82, 4.45, 5.27, 5.67, 5.46, 5.98, 6.43, 4.82, 3.77, 3.6, 3.19, 3.16, 3.32, 3.65, 3.87, 4.62, 6.05, 6.45, 5.47, 5.06, 5.07, 4.82, 4.55, 4.03, 4.18, 4.06, 3.4, 3.02], [4.97, 5.42, 4.99, 4.91, 4.52, 3.38, 4.05, 5.08, 5.64, 6.12, 5.25, 3.5, 2.53, 2.21, 2.0, 1.6, 2.07, 1.38, 1.29, 1.3, 1.1, 0.7, 0.44, 0, 1.26, 2.86, 4.54, 7.4, 8.68, 8.76, 8.67, 6.54, 4.94, 4.83, 5.11, 5.78, 4.47, 3.14, 3.78, 3.11, 3.0, 3.19, 3.0, 2.89, 3.02, 3.07, 3.32, 3.63, 3.73, 4.03, 3.89, 4.03, 3.76, 3.47, 3.58, 3.89, 4.36, 4.41, 3.84, 4.49, 5.31, 5.69, 5.44, 5.98, 6.43, 4.78, 3.57, 3.48, 3.03, 3.0, 3.22, 3.49, 3.75, 4.62, 5.93, 6.37, 5.51, 5.08, 5.09, 4.84, 4.45, 3.97, 4.18, 4.0, 3.32, 2.98], [5.57, 6.02, 5.63, 5.57, 5.1, 4.06, 4.65, 5.78, 6.32, 6.78, 5.89, 4.08, 3.27, 2.93, 2.5, 2.3, 2.75, 2.1, 1.97, 1.7, 1.64, 1.46, 1.36, 1.26, 0, 1.98, 3.66, 6.7, 7.94, 8.04, 7.89, 5.66, 4.1, 4.05, 4.33, 4.98, 4.17, 3.32, 4.36, 3.63, 3.68, 3.89, 3.7, 3.51, 3.64, 3.73, 3.96, 4.31, 4.45, 4.75, 4.61, 4.69, 4.46, 4.21, 4.24, 4.47, 4.9, 4.95, 4.44, 5.09, 5.95, 6.25, 6.12, 6.72, 7.21, 5.42, 4.03, 3.6, 3.37, 3.38, 3.16, 2.93, 2.99, 3.74, 4.97, 5.41, 4.61, 4.2, 4.23, 3.94, 3.87, 3.83, 3.72, 3.56, 3.08, 2.56], [7.03, 7.46, 7.03, 7.03, 6.46, 4.92, 6.01, 7.18, 7.86, 8.44, 7.63, 5.66, 4.63, 4.31, 3.84, 3.9, 4.47, 3.7, 3.63, 3.42, 3.04, 3.0, 2.94, 2.86, 1.98, 0, 2.08, 5.12, 6.44, 6.52, 6.41, 4.18, 2.58, 2.57, 2.85, 3.6, 3.19, 3.86, 4.88, 4.09, 4.2, 4.47, 4.36, 4.21, 4.32, 4.43, 4.48, 4.63, 4.71, 5.09, 4.99, 5.23, 5.12, 4.75, 4.88, 5.57, 6.14, 6.25, 5.64, 6.33, 7.13, 7.59, 7.24, 7.9, 8.63, 6.62, 4.33, 3.54, 3.55, 3.52, 2.54, 1.61, 1.55, 1.96, 3.29, 3.89, 3.13, 2.7, 2.73, 2.62, 2.73, 2.87, 2.64, 2.5, 2.18, 2.0], [8.87, 9.32, 8.91, 8.89, 8.3, 6.72, 7.81, 9.06, 9.74, 10.32, 9.43, 7.46, 6.29, 6.05, 5.6, 5.66, 6.25, 5.54, 5.39, 5.12, 4.72, 4.72, 4.6, 4.54, 3.66, 2.08, 0, 3.18, 4.48, 4.54, 4.43, 2.26, 1.3, 1.53, 1.69, 2.42, 3.01, 4.74, 5.9, 5.23, 5.62, 6.01, 5.6, 5.47, 5.74, 5.81, 5.78, 5.97, 6.09, 6.43, 6.33, 6.45, 6.62, 6.35, 6.52, 7.23, 7.8, 7.89, 7.32, 8.01, 8.89, 9.37, 9.02, 9.78, 10.47, 8.48, 5.79, 4.68, 4.55, 4.44, 3.46, 2.41, 1.55, 1.12, 1.61, 2.21, 1.43, 1.56, 1.51, 1.88, 1.95, 2.53, 2.46, 2.16, 2.86, 2.78], [11.87, 12.32, 11.89, 11.89, 11.3, 9.8, 10.79, 12.08, 12.76, 13.3, 12.43, 10.44, 9.21, 9.03, 8.6, 8.66, 9.25, 8.68, 8.45, 8.16, 7.76, 7.5, 7.4, 7.4, 6.7, 5.12, 3.18, 0, 1.7, 1.58, 1.69, 2.22, 3.2, 3.35, 3.49, 3.9, 5.17, 7.6, 8.84, 8.03, 8.58, 9.03, 8.44, 8.25, 8.54, 8.63, 8.58, 8.91, 8.99, 9.33, 9.23, 9.35, 9.62, 9.43, 9.54, 10.29, 10.86, 10.95, 10.38, 11.07, 11.91, 12.41, 12.12, 12.9, 13.59, 11.48, 8.73, 7.6, 7.45, 7.42, 6.38, 5.39, 4.57, 3.46, 2.73, 2.61, 2.73, 3.18, 3.25, 3.78, 4.13, 4.81, 5.1, 4.88, 5.58, 5.76], [13.23, 13.68, 13.27, 13.25, 12.66, 11.14, 12.19, 13.46, 14.1, 14.68, 13.73, 11.82, 10.41, 10.39, 9.92, 9.94, 10.61, 9.96, 9.79, 9.46, 8.94, 8.78, 8.66, 8.68, 7.94, 6.44, 4.48, 1.7, 0, 0.88, 1.49, 3.22, 4.48, 4.43, 4.61, 4.98, 6.33, 8.92, 10.22, 9.41, 10.0, 10.49, 9.88, 9.69, 10.02, 10.09, 10.02, 10.23, 10.35, 10.67, 10.57, 10.63, 10.88, 10.75, 10.82, 11.57, 12.12, 12.25, 11.76, 12.43, 13.29, 13.73, 13.44, 14.2, 14.889, 12.84, 10.17, 9.02, 8.79, 8.74, 7.68, 6.69, 5.93, 4.76, 4.01, 3.57, 3.93, 4.34, 4.45, 5.08, 5.43, 6.09, 6.32, 6.14, 6.84, 7.06], [13.33, 13.78, 13.35, 13.33, 12.76, 11.18, 12.25, 13.5, 14.18, 14.76, 13.85, 11.9, 10.53, 10.47, 10.02, 10.02, 10.67, 10.04, 9.83, 9.54, 9.02, 8.86, 8.74, 8.76, 8.04, 6.52, 4.54, 1.58, 0.88, 0, 1.01, 3.12, 4.46, 4.55, 4.65, 4.86, 6.21, 9.0, 10.28, 9.47, 10.02, 10.51, 9.9, 9.65, 10.0, 10.07, 9.98, 10.27, 10.37, 10.71, 10.61, 10.67, 10.98, 10.83, 10.92, 11.63, 12.22, 12.33, 11.8, 12.49, 13.33, 13.81, 13.5, 14.28, 14.963, 12.92, 10.21, 9.06, 8.87, 8.8, 7.78, 6.75, 5.97, 4.82, 3.91, 3.43, 3.89, 4.36, 4.47, 4.8, 5.31, 6.05, 6.36, 6.22, 6.94, 7.14], [13.16, 13.61, 13.2, 13.18, 12.61, 11.05, 12.12, 13.41, 14.03, 14.61, 13.68, 11.75, 10.36, 10.32, 9.85, 9.85, 10.56, 9.95, 9.74, 9.39, 8.91, 8.77, 8.65, 8.67, 7.89, 6.41, 4.43, 1.69, 1.49, 1.01, 0, 2.69, 4.23, 4.4, 4.36, 4.29, 5.68, 8.77, 10.07, 9.24, 9.87, 10.36, 9.75, 9.42, 9.77, 9.84, 9.75, 10.08, 10.14, 10.46, 10.36, 10.5, 10.81, 10.68, 10.77, 11.5, 12.07, 12.18, 11.67, 12.38, 13.24, 13.66, 13.41, 14.19, 14.873, 12.79, 10.1, 8.95, 8.72, 8.67, 7.65, 6.66, 5.82, 4.67, 3.6, 2.9, 3.5, 4.11, 4.18, 4.53, 4.92, 5.72, 6.05, 5.99, 6.71, 6.93], [10.85, 11.3, 10.89, 10.87, 10.32, 8.82, 9.83, 11.12, 11.72, 12.3, 11.31, 9.44, 8.01, 8.01, 7.56, 7.56, 8.27, 7.7, 7.49, 7.08, 6.66, 6.7, 6.54, 6.54, 5.66, 4.18, 2.26, 2.22, 3.22, 3.12, 2.69, 0, 1.94, 2.41, 2.41, 2.1, 3.45, 6.4, 7.76, 6.95, 7.54, 8.03, 7.46, 7.27, 7.62, 7.71, 7.62, 7.95, 8.07, 8.41, 8.31, 8.37, 8.64, 8.43, 8.54, 9.25, 9.78, 9.89, 9.38, 10.09, 10.95, 11.39, 11.16, 11.94, 12.618, 10.493, 7.81, 6.68, 6.51, 6.44, 5.42, 4.45, 3.57, 2.58, 1.93, 1.51, 1.45, 1.94, 2.01, 2.46, 2.83, 3.59, 3.78, 3.72, 4.38, 4.66], [9.21, 9.64, 9.25, 9.21, 8.68, 7.26, 8.21, 9.54, 10.14, 10.62, 9.67, 7.74, 6.37, 6.33, 5.92, 5.92, 6.63, 6.116, 5.91, 5.5, 5.04, 5.04, 4.92, 4.94, 4.1, 2.58, 1.3, 3.2, 4.48, 4.46, 4.23, 1.94, 0, 1.05, 1.03, 1.8, 2.33, 4.78, 6.1, 5.33, 5.94, 6.39, 5.86, 5.65, 5.98, 6.11, 6.0, 6.37, 6.49, 6.83, 6.73, 6.79, 7.08, 6.87, 6.94, 7.67, 8.2, 8.33, 7.8, 8.55, 9.41, 9.85, 9.62, 10.356, 11.029, 8.879, 6.21, 5.08, 4.93, 4.92, 3.86, 2.89, 2.23, 1.56, 2.01, 2.45, 1.25, 0.92, 0.97, 1.62, 1.67, 2.11, 2.06, 2.0, 2.82, 3.1], [9.24, 9.67, 9.28, 9.2, 8.69, 7.19, 8.22, 9.53, 10.13, 10.65, 9.7, 7.77, 6.4, 6.36, 5.95, 5.95, 6.66, 6.11, 5.9, 5.49, 5.03, 4.93, 4.81, 4.83, 4.05, 2.57, 1.53, 3.35, 4.43, 4.55, 4.4, 2.41, 1.05, 0, 1.1, 2.03, 2.74, 4.95, 6.15, 5.46, 6.03, 6.42, 5.89, 5.72, 5.93, 6.04, 6.07, 6.32, 6.46, 6.84, 6.72, 6.86, 6.97, 6.82, 6.93, 7.645, 8.175, 8.285, 7.758, 8.488, 9.36, 9.788, 9.57, 10.35, 11.025, 8.875, 6.22, 5.13, 4.98, 4.93, 3.95, 2.86, 2.34, 1.77, 2.54, 2.84, 1.56, 1.35, 1.4, 2.15, 2.18, 2.5, 2.25, 2.01, 2.63, 3.01], [9.48, 9.91, 9.52, 9.48, 8.95, 7.43, 8.48, 9.81, 10.41, 10.89, 9.94, 8.01, 6.64, 6.6, 6.19, 6.19, 6.9, 6.386, 6.176, 5.77, 5.29, 5.21, 5.09, 5.11, 4.33, 2.85, 1.69, 3.49, 4.61, 4.65, 4.36, 2.41, 1.03, 1.1, 0, 1.49, 2.3, 4.83, 6.11, 5.38, 6.05, 6.6, 5.93, 5.58, 5.93, 6.08, 5.95, 6.36, 6.44, 6.78, 6.68, 6.78, 7.17, 7.076, 7.189, 7.919, 8.449, 8.559, 8.012, 8.742, 9.619, 10.042, 9.829, 10.626, 11.299, 9.149, 6.44, 5.29, 5.06, 5.09, 4.11, 3.12, 2.46, 1.71, 2.34, 2.72, 1.38, 1.15, 1.3, 1.59, 1.92, 2.14, 2.03, 2.11, 2.81, 3.21], [10.09, 10.52, 10.15, 10.11, 9.58, 8.06, 9.11, 10.44, 11.04, 11.52, 10.55, 8.6, 7.249, 7.21, 6.8, 6.8, 7.509, 7.012, 6.81, 6.4, 5.92, 5.92, 5.74, 5.78, 4.98, 3.6, 2.42, 3.9, 4.98, 4.86, 4.29, 2.1, 1.8, 2.03, 1.49, 0, 2.07, 5.3, 6.64, 5.97, 6.68, 7.23, 6.54, 6.13, 6.42, 6.63, 6.48, 6.85, 6.91, 7.25, 7.15, 7.37, 7.8, 7.703, 7.816, 8.546, 9.076, 9.186, 8.639, 9.369, 10.246, 10.669, 10.456, 11.253, 11.926, 9.776, 7.07, 5.92, 5.67, 5.72, 4.72, 3.73, 3.07, 2.58, 2.53, 2.39, 1.37, 1.62, 1.49, 1.46, 1.77, 2.45, 2.5, 2.6, 3.46, 3.84], [8.18, 8.61, 8.22, 8.18, 7.65, 6.13, 7.18, 8.51, 9.11, 9.59, 8.64, 6.71, 5.36, 5.3, 4.93, 5.05, 5.7, 5.37, 5.24, 4.77, 4.45, 4.63, 4.53, 4.47, 4.17, 3.19, 3.01, 5.17, 6.33, 6.21, 5.68, 3.45, 2.33, 2.74, 2.3, 2.07, 0, 3.39, 4.75, 4.06, 4.75, 5.34, 4.61, 4.38, 4.83, 4.84, 4.59, 4.94, 5.06, 5.32, 5.28, 5.44, 5.87, 5.776, 5.889, 6.639, 7.17, 7.28, 6.712, 7.442, 8.319, 8.742, 8.529, 9.326, 9.999, 7.849, 5.14, 3.99, 3.74, 3.79, 2.79, 2.46, 3.06, 3.17, 3.34, 3.34, 2.62, 2.27, 2.22, 1.81, 1.36, 1.14, 1.27, 1.73, 1.63, 2.05], [4.79, 5.22, 4.85, 4.85, 4.28, 2.76, 3.81, 5.14, 5.74, 6.24, 5.25, 3.7, 2.73, 2.43, 2.14, 2.64, 3.21, 2.8, 2.93, 2.64, 2.9, 3.06, 3.2, 3.14, 3.32, 3.86, 4.74, 7.6, 8.92, 9.0, 8.77, 6.4, 4.78, 4.95, 4.83, 5.3, 3.39, 0, 1.46, 1.01, 1.86, 2.47, 2.08, 2.17, 2.52, 2.57, 2.06, 2.33, 2.55, 2.77, 2.69, 2.49, 2.72, 2.53, 2.68, 3.33, 3.82, 3.91, 3.52, 4.13, 5.01, 5.41, 5.24, 6.02, 6.71, 4.5, 2.15, 1.42, 1.29, 1.26, 2.22, 3.23, 3.93, 4.68, 5.45, 6.05, 5.29, 4.74, 4.77, 4.46, 3.95, 3.09, 3.28, 3.4, 2.84, 2.3], [3.53, 3.94, 3.61, 3.55, 3.02, 1.82, 2.59, 3.88, 4.48, 5.0, 4.29, 2.74, 2.47, 2.37, 2.58, 2.84, 2.83, 3.34, 3.43, 3.24, 3.6, 3.86, 3.86, 3.78, 4.36, 4.88, 5.9, 8.84, 10.22, 10.28, 10.07, 7.76, 6.1, 6.15, 6.11, 6.64, 4.75, 1.46, 0, 1.13, 1.44, 1.75, 1.4, 1.77, 1.92, 1.81, 1.44, 1.67, 1.97, 2.05, 1.97, 1.57, 1.7, 1.43, 1.52, 2.17, 2.72, 2.81, 2.56, 3.03, 3.77, 4.17, 4.0, 4.78, 5.47, 3.24, 1.79, 1.92, 2.01, 1.9, 3.22, 4.15, 4.89, 5.74, 6.63, 7.35, 6.63, 6.02, 5.99, 5.74, 5.21, 4.37, 4.36, 4.42, 3.82, 3.42], [4.18, 4.59, 4.24, 4.24, 3.69, 2.21, 3.28, 4.51, 5.11, 5.63, 4.8, 3.17, 2.34, 2.06, 1.99, 2.35, 2.74, 2.73, 2.76, 2.55, 2.87, 3.13, 3.17, 3.11, 3.63, 4.09, 5.23, 8.03, 9.41, 9.47, 9.24, 6.95, 5.33, 5.46, 5.38, 5.97, 4.06, 1.01, 1.13, 0, 1.13, 1.86, 1.43, 1.44, 1.87, 1.88, 1.39, 1.7, 1.92, 2.12, 2.06, 1.9, 2.03, 1.96, 1.97, 2.78, 3.37, 3.44, 2.95, 3.62, 4.44, 4.86, 4.69, 5.49, 6.2, 3.93, 1.76, 1.67, 1.4, 1.31, 2.41, 3.3, 4.08, 4.89, 5.82, 6.56, 5.82, 5.21, 5.2, 4.91, 4.42, 3.58, 3.57, 3.75, 3.21, 2.81], [3.65, 4.1, 3.73, 3.71, 3.08, 1.54, 2.65, 3.88, 4.56, 5.1, 4.31, 2.56, 1.99, 1.91, 1.82, 2.34, 2.25, 2.44, 2.61, 2.78, 2.94, 3.12, 3.08, 3.0, 3.68, 4.2, 5.62, 8.58, 10.0, 10.02, 9.87, 7.54, 5.94, 6.03, 6.05, 6.68, 4.75, 1.86, 1.44, 1.13, 0, 1.01, 0.94, 1.21, 1.42, 1.27, 1.06, 1.53, 1.79, 1.81, 1.87, 1.59, 1.56, 1.39, 1.5, 2.21, 2.76, 2.81, 2.18, 2.93, 3.81, 4.25, 3.98, 4.74, 5.51, 3.32, 2.03, 2.2, 1.83, 1.72, 2.68, 3.63, 4.37, 5.38, 6.35, 7.17, 6.43, 5.94, 5.95, 5.56, 5.11, 4.29, 4.28, 4.34, 3.64, 3.2], [3.04, 3.49, 3.1, 3.12, 2.47, 1.57, 2.14, 3.29, 3.97, 4.49, 3.66, 1.89, 1.82, 2.06, 1.95, 2.21, 2.04, 2.67, 2.88, 2.87, 3.11, 3.31, 3.27, 3.19, 3.89, 4.47, 6.01, 9.03, 10.49, 10.51, 10.36, 8.03, 6.39, 6.42, 6.6, 7.23, 5.34, 2.47, 1.75, 1.86, 1.01, 0, 0.95, 1.22, 1.25, 1.14, 1.17, 1.48, 1.7, 1.66, 1.74, 1.56, 1.29, 1.18, 1.51, 1.66, 2.15, 2.26, 1.71, 2.34, 3.22, 3.64, 3.37, 4.11, 4.88, 2.69, 2.26, 2.77, 2.52, 2.31, 3.41, 4.12, 4.76, 5.87, 6.88, 7.7, 6.98, 6.45, 6.46, 6.09, 5.6, 4.84, 4.83, 4.87, 4.25, 3.65], [3.69, 4.14, 3.73, 3.73, 3.1, 1.8, 2.63, 3.92, 4.6, 5.14, 4.27, 2.4, 1.99, 2.07, 2.0, 2.16, 2.01, 2.72, 2.83, 2.74, 2.9, 3.1, 3.06, 3.0, 3.7, 4.36, 5.6, 8.44, 9.88, 9.9, 9.75, 7.46, 5.86, 5.89, 5.93, 6.54, 4.61, 2.08, 1.4, 1.43, 0.94, 0.95, 0, 0.81, 1.0, 0.81, 0.88, 1.23, 1.53, 1.59, 1.55, 1.31, 1.38, 1.29, 1.56, 2.17, 2.7, 2.79, 2.18, 2.87, 3.75, 4.247, 3.94, 4.72, 5.41, 3.32, 2.21, 2.68, 2.13, 2.08, 3.08, 3.81, 4.59, 5.42, 6.35, 7.05, 6.31, 5.8, 5.81, 5.44, 4.99, 4.17, 4.16, 4.22, 3.66, 3.18], [4.06, 4.49, 4.12, 4.14, 3.51, 2.19, 3.06, 4.33, 5.01, 5.53, 4.66, 2.71, 2.32, 2.3, 2.07, 2.15, 2.08, 2.63, 2.72, 2.53, 2.77, 2.97, 2.99, 2.89, 3.51, 4.21, 5.47, 8.25, 9.69, 9.65, 9.42, 7.27, 5.65, 5.72, 5.58, 6.13, 4.38, 2.17, 1.77, 1.44, 1.21, 1.22, 0.81, 0, 0.63, 0.72, 0.65, 1.32, 1.4, 1.58, 1.54, 1.66, 1.73, 1.7, 1.99, 2.64, 3.15, 3.24, 2.67, 3.34, 4.16, 4.66, 4.37, 5.17, 5.88, 3.73, 2.34, 2.85, 2.32, 2.25, 3.25, 3.74, 4.44, 5.21, 6.02, 6.72, 6.06, 5.55, 5.5, 5.07, 4.58, 3.94, 3.83, 4.21, 3.81, 3.13], [3.75, 4.2, 3.83, 3.83, 3.2, 1.9, 2.75, 4.02, 4.7, 5.22, 4.37, 2.44, 2.33, 2.39, 2.16, 2.3, 2.15, 2.68, 2.79, 2.76, 3.02, 3.2, 3.18, 3.02, 3.64, 4.32, 5.74, 8.54, 10.02, 10.0, 9.77, 7.62, 5.98, 5.93, 5.93, 6.42, 4.83, 2.52, 1.92, 1.87, 1.42, 1.25, 1.0, 0.63, 0, 0.59, 0.82, 1.19, 1.25, 1.43, 1.35, 1.53, 1.46, 1.47, 1.74, 2.33, 2.86, 2.93, 2.36, 3.03, 3.85, 4.35, 4.08, 4.88, 5.59, 3.42, 2.37, 3.06, 2.65, 2.56, 3.58, 3.97, 4.59, 5.44, 6.31, 7.05, 6.39, 5.9, 5.85, 5.44, 4.93, 4.49, 4.36, 4.62, 4.14, 3.46], [3.6, 4.05, 3.66, 3.62, 3.01, 1.83, 2.54, 3.81, 4.49, 5.05, 4.2, 2.33, 2.24, 2.22, 2.21, 2.33, 2.18, 2.79, 2.92, 2.81, 3.01, 3.25, 3.23, 3.07, 3.73, 4.43, 5.81, 8.63, 10.09, 10.07, 9.84, 7.71, 6.11, 6.04, 6.08, 6.63, 4.84, 2.57, 1.81, 1.88, 1.27, 1.14, 0.81, 0.72, 0.59, 0, 0.67, 1.14, 1.34, 1.42, 1.34, 1.32, 1.21, 1.32, 1.61, 2.16, 2.61, 2.74, 2.17, 2.82, 3.64, 4.14, 3.85, 4.63, 5.34, 3.21, 2.42, 3.03, 2.48, 2.41, 3.39, 3.96, 4.72, 5.59, 6.44, 7.16, 6.46, 6.05, 6.02, 5.57, 5.08, 4.46, 4.39, 4.57, 4.01, 3.39], [3.71, 4.16, 3.79, 3.79, 3.16, 1.88, 2.69, 3.98, 4.66, 5.18, 4.31, 2.46, 2.31, 2.43, 2.26, 2.44, 2.27, 2.92, 3.05, 2.92, 3.16, 3.4, 3.42, 3.32, 3.96, 4.48, 5.78, 8.58, 10.02, 9.98, 9.75, 7.62, 6.0, 6.07, 5.95, 6.48, 4.59, 2.06, 1.44, 1.39, 1.06, 1.17, 0.88, 0.65, 0.82, 0.67, 0, 0.91, 1.07, 1.15, 1.15, 1.17, 1.36, 1.39, 1.68, 2.29, 2.78, 2.91, 2.32, 2.99, 3.85, 4.31, 4.06, 4.84, 5.55, 3.38, 2.09, 2.66, 2.27, 2.08, 3.18, 3.87, 4.57, 5.48, 6.23, 7.03, 6.39, 5.94, 5.89, 5.44, 4.93, 4.17, 4.16, 4.4, 3.96, 3.42], [3.54, 3.99, 3.6, 3.56, 2.99, 1.97, 2.68, 3.75, 4.41, 4.99, 4.18, 2.57, 2.9, 2.82, 2.67, 2.95, 2.86, 3.31, 3.48, 3.31, 3.43, 3.71, 3.75, 3.63, 4.31, 4.63, 5.97, 8.91, 10.23, 10.27, 10.08, 7.95, 6.37, 6.32, 6.36, 6.85, 4.94, 2.33, 1.67, 1.7, 1.53, 1.48, 1.23, 1.32, 1.19, 1.14, 0.91, 0, 0.66, 0.9, 0.78, 0.86, 1.25, 1.3, 1.75, 2.3, 2.69, 2.82, 2.29, 2.82, 3.6, 4.06, 3.77, 4.55, 5.24, 3.17, 2.02, 2.63, 2.26, 2.03, 3.05, 3.86, 4.68, 5.55, 6.52, 7.32, 6.76, 6.31, 6.26, 5.89, 5.36, 4.64, 4.61, 4.71, 4.07, 3.51], [3.64, 4.03, 3.66, 3.62, 3.21, 2.19, 2.86, 3.87, 4.45, 5.03, 4.24, 2.71, 3.08, 3.2, 2.91, 3.11, 3.02, 3.37, 3.52, 3.41, 3.59, 3.79, 3.87, 3.73, 4.45, 4.71, 6.09, 8.99, 10.35, 10.37, 10.14, 8.07, 6.49, 6.46, 6.44, 6.91, 5.06, 2.55, 1.97, 1.92, 1.79, 1.7, 1.53, 1.4, 1.25, 1.34, 1.07, 0.66, 0, 0.58, 0.6, 1.06, 1.49, 1.56, 2.07, 2.6, 3.03, 3.1, 2.51, 3.06, 3.66, 4.12, 3.79, 4.53, 5.26, 3.23, 2.34, 2.87, 2.54, 2.33, 3.35, 3.98, 4.88, 5.67, 6.56, 7.38, 6.84, 6.43, 6.38, 5.97, 5.42, 4.76, 4.71, 5.01, 4.47, 3.73], [3.34, 3.67, 3.36, 3.34, 2.99, 2.17, 2.66, 3.61, 4.11, 4.63, 3.94, 2.69, 3.14, 3.26, 3.01, 3.31, 3.14, 3.57, 3.72, 3.75, 3.93, 4.13, 4.15, 4.03, 4.75, 5.09, 6.43, 9.33, 10.67, 10.71, 10.46, 8.41, 6.83, 6.84, 6.78, 7.25, 5.32, 2.77, 2.05, 2.12, 1.81, 1.66, 1.59, 1.58, 1.43, 1.42, 1.15, 0.9, 0.58, 0, 0.66, 0.9, 1.41, 1.6, 1.97, 2.44, 2.83, 2.88, 2.37, 2.84, 3.28, 3.72, 3.41, 4.17, 4.88, 2.87, 2.5, 3.11, 2.72, 2.55, 3.61, 4.26, 5.22, 6.01, 6.88, 7.68, 7.18, 6.77, 6.72, 6.29, 5.74, 5.04, 5.05, 5.35, 4.79, 4.11], [3.28, 3.77, 3.46, 3.34, 2.85, 1.95, 2.44, 3.55, 4.17, 4.71, 3.96, 2.63, 3.08, 3.12, 2.89, 3.19, 3.08, 3.47, 3.64, 3.57, 3.77, 3.99, 4.01, 3.89, 4.61, 4.99, 6.33, 9.23, 10.57, 10.61, 10.36, 8.31, 6.73, 6.72, 6.68, 7.15, 5.28, 2.69, 1.97, 2.06, 1.87, 1.74, 1.55, 1.54, 1.35, 1.34, 1.15, 0.78, 0.6, 0.66, 0, 0.76, 1.35, 1.54, 1.87, 2.32, 2.73, 2.68, 2.17, 2.8, 3.3, 3.76, 3.43, 4.17, 4.88, 2.87, 2.16, 3.01, 2.54, 2.41, 3.49, 4.16, 5.12, 5.97, 6.8, 7.58, 7.08, 6.67, 6.62, 6.21, 5.64, 4.98, 4.93, 5.21, 4.61, 3.93], [2.98, 3.47, 3.18, 3.06, 2.45, 1.61, 2.14, 3.21, 3.85, 4.43, 3.74, 2.39, 2.8, 2.8, 2.83, 3.23, 3.08, 3.55, 3.7, 3.67, 3.89, 4.11, 4.11, 4.03, 4.69, 5.23, 6.45, 9.35, 10.63, 10.67, 10.5, 8.37, 6.79, 6.86, 6.78, 7.37, 5.44, 2.49, 1.57, 1.9, 1.59, 1.56, 1.31, 1.66, 1.53, 1.32, 1.17, 0.86, 1.06, 0.9, 0.76, 0, 1.01, 1.1, 1.37, 1.78, 2.19, 2.22, 1.77, 2.32, 3.06, 3.48, 3.19, 3.95, 4.64, 2.59, 1.96, 2.75, 2.32, 2.29, 3.43, 4.36, 5.32, 6.13, 7.02, 7.72, 7.16, 6.73, 6.7, 6.29, 5.8, 5.04, 5.07, 5.23, 4.49, 4.07], [2.59, 3.0, 2.73, 2.63, 2.12, 1.28, 1.65, 2.76, 3.42, 4.0, 3.27, 1.94, 2.29, 2.33, 2.5, 2.94, 2.75, 3.16, 3.35, 3.48, 3.66, 3.86, 3.84, 3.76, 4.46, 5.12, 6.62, 9.62, 10.88, 10.98, 10.81, 8.64, 7.08, 6.97, 7.17, 7.8, 5.87, 2.72, 1.7, 2.03, 1.56, 1.29, 1.38, 1.73, 1.46, 1.21, 1.36, 1.25, 1.49, 1.41, 1.35, 1.01, 0, 0.79, 1.02, 1.31, 1.68, 1.89, 1.46, 1.93, 2.63, 3.05, 2.76, 3.52, 4.21, 2.16, 1.95, 2.72, 2.53, 2.38, 3.62, 4.47, 5.27, 6.32, 7.33, 8.07, 7.51, 7.06, 7.03, 6.66, 6.13, 5.39, 5.4, 5.34, 4.54, 4.18], [2.74, 3.17, 2.76, 2.76, 2.15, 1.29, 1.7, 2.91, 3.59, 4.15, 3.5, 1.93, 2.16, 2.2, 2.43, 2.71, 2.54, 2.89, 3.08, 3.23, 3.43, 3.63, 3.61, 3.47, 4.21, 4.75, 6.35, 9.43, 10.75, 10.83, 10.68, 8.43, 6.87, 6.82, 7.076, 7.703, 5.776, 2.53, 1.43, 1.96, 1.39, 1.18, 1.29, 1.7, 1.47, 1.32, 1.39, 1.3, 1.56, 1.6, 1.54, 1.1, 0.79, 0, 0.87, 1.34, 1.85, 1.9, 1.55, 2.0, 2.78, 3.2, 2.87, 3.63, 4.36, 2.31, 1.78, 2.43, 2.5, 2.23, 3.55, 4.4, 5.08, 6.11, 7.18, 7.96, 7.36, 6.93, 6.935, 6.55, 6.06, 5.29, 5.33, 5.21, 4.33, 3.97], [2.53, 3.02, 2.75, 2.65, 1.98, 1.1, 1.59, 2.74, 3.44, 4.06, 3.59, 2.28, 2.17, 2.09, 2.24, 2.68, 2.49, 2.98, 3.13, 3.28, 3.5, 3.7, 3.66, 3.58, 4.24, 4.88, 6.52, 9.54, 10.82, 10.92, 10.77, 8.54, 6.94, 6.93, 7.189, 7.816, 5.889, 2.68, 1.52, 1.97, 1.5, 1.51, 1.56, 1.99, 1.74, 1.61, 1.68, 1.75, 2.07, 1.97, 1.87, 1.37, 1.02, 0.87, 0, 1.09, 1.7, 1.85, 1.58, 2.13, 2.73, 3.05, 2.8, 3.54, 4.23, 2.18, 1.57, 2.3, 2.43, 2.3, 3.44, 4.31, 5.11, 6.26, 7.37, 8.09, 7.49, 7.047, 7.068, 6.695, 6.17, 5.423, 5.407, 5.36, 4.46, 4.14], [1.88, 2.41, 2.26, 2.12, 1.39, 1.09, 0.98, 2.09, 2.69, 3.23, 2.86, 1.63, 2.14, 2.08, 2.43, 2.85, 2.58, 3.17, 3.36, 3.41, 3.73, 3.91, 3.89, 3.89, 4.47, 5.57, 7.23, 10.29, 11.57, 11.63, 11.5, 9.25, 7.67, 7.645, 7.919, 8.546, 6.639, 3.33, 2.17, 2.78, 2.21, 1.66, 2.17, 2.64, 2.33, 2.16, 2.29, 2.3, 2.6, 2.44, 2.32, 1.78, 1.31, 1.34, 1.09, 0, 0.69, 0.98, 1.05, 1.42, 1.96, 2.26, 2.09, 2.81, 3.46, 1.49, 2.18, 3.05, 3.12, 3.05, 4.25, 5.1, 5.86, 7.15, 8.18, 8.84, 8.22, 7.777, 7.8, 7.45, 6.9, 6.16, 6.137, 6.04, 5.15, 4.73], [1.79, 2.28, 2.25, 2.13, 1.38, 1.52, 1.09, 1.88, 2.34, 2.88, 2.53, 1.6, 2.41, 2.47, 2.88, 3.32, 2.97, 3.6, 3.79, 3.82, 4.16, 4.36, 4.34, 4.36, 4.9, 6.14, 7.8, 10.86, 12.12, 12.22, 12.07, 9.78, 8.2, 8.175, 8.449, 9.076, 7.17, 3.82, 2.72, 3.37, 2.76, 2.15, 2.7, 3.15, 2.86, 2.61, 2.78, 2.69, 3.03, 2.83, 2.73, 2.19, 1.68, 1.85, 1.7, 0.69, 0, 0.65, 1.04, 1.23, 1.71, 1.83, 1.76, 2.42, 3.13, 1.4, 2.59, 3.6, 3.69, 3.64, 4.8, 5.67, 6.45, 7.74, 8.77, 9.41, 8.75, 8.32, 8.37, 8.0, 7.45, 6.71, 6.667, 6.57, 5.68, 5.28], [1.7, 2.05, 2.14, 2.0, 1.27, 1.51, 0.98, 1.63, 2.15, 2.67, 2.2, 1.53, 2.5, 2.54, 2.97, 3.37, 2.94, 3.57, 3.76, 3.85, 4.21, 4.37, 4.37, 4.41, 4.95, 6.25, 7.89, 10.95, 12.25, 12.33, 12.18, 9.89, 8.33, 8.285, 8.559, 9.186, 7.28, 3.91, 2.81, 3.44, 2.81, 2.26, 2.79, 3.24, 2.93, 2.74, 2.91, 2.82, 3.1, 2.88, 2.68, 2.22, 1.89, 1.9, 1.85, 0.98, 0.65, 0, 0.85, 0.88, 1.34, 1.62, 1.57, 2.23, 2.86, 1.39, 2.6, 3.75, 3.76, 3.73, 4.95, 5.8, 6.54, 7.83, 8.86, 9.52, 8.86, 8.43, 8.46, 8.07, 7.54, 6.8, 6.777, 6.68, 5.79, 5.37], [1.95, 2.46, 2.35, 2.21, 1.46, 1.18, 1.05, 1.88, 2.58, 3.1, 2.55, 1.22, 2.01, 2.09, 2.48, 2.88, 2.47, 3.06, 3.23, 3.36, 3.7, 3.82, 3.82, 3.84, 4.44, 5.64, 7.32, 10.38, 11.76, 11.8, 11.67, 9.38, 7.8, 7.758, 8.012, 8.639, 6.712, 3.52, 2.56, 2.95, 2.18, 1.71, 2.18, 2.67, 2.36, 2.17, 2.32, 2.29, 2.51, 2.37, 2.17, 1.77, 1.46, 1.55, 1.58, 1.05, 1.04, 0.85, 0, 1.05, 1.85, 2.13, 2.0, 2.68, 3.35, 1.72, 2.37, 3.42, 3.17, 3.12, 4.38, 5.23, 5.95, 7.2, 8.23, 8.99, 8.33, 7.876, 7.871, 7.508, 7.01, 6.243, 6.23, 6.133, 5.256, 4.84], [1.9, 2.21, 2.36, 2.24, 1.57, 1.79, 1.26, 1.39, 1.83, 2.37, 1.82, 1.49, 2.7, 2.68, 3.15, 3.53, 3.06, 3.61, 3.74, 3.97, 4.37, 4.41, 4.45, 4.49, 5.09, 6.33, 8.01, 11.07, 12.43, 12.49, 12.38, 10.09, 8.55, 8.488, 8.742, 9.369, 7.442, 4.13, 3.03, 3.62, 2.93, 2.34, 2.87, 3.34, 3.03, 2.82, 2.99, 2.82, 3.06, 2.84, 2.8, 2.32, 1.93, 2.0, 2.13, 1.42, 1.23, 0.88, 1.05, 0, 1.06, 1.44, 1.43, 2.03, 2.6, 1.73, 2.88, 3.91, 3.88, 3.81, 5.11, 5.94, 6.7, 7.95, 8.96, 9.72, 9.039, 8.606, 8.601, 8.238, 7.74, 6.973, 6.96, 6.863, 5.966, 5.57], [1.74, 1.91, 2.06, 2.0, 1.67, 2.55, 1.54, 1.09, 1.37, 1.65, 1.48, 2.23, 3.54, 3.52, 3.99, 4.35, 3.82, 4.37, 4.48, 4.75, 5.17, 5.23, 5.27, 5.31, 5.95, 7.13, 8.89, 11.91, 13.29, 13.33, 13.24, 10.95, 9.41, 9.36, 9.619, 10.246, 8.319, 5.01, 3.77, 4.44, 3.81, 3.22, 3.75, 4.16, 3.85, 3.64, 3.85, 3.6, 3.66, 3.28, 3.3, 3.06, 2.63, 2.78, 2.73, 1.96, 1.71, 1.34, 1.85, 1.06, 0, 0.88, 0.87, 1.23, 1.8, 1.59, 3.46, 4.59, 4.7, 4.69, 5.93, 6.82, 7.52, 8.79, 9.84, 10.58, 9.916, 9.483, 9.498, 9.11, 8.599, 7.851, 7.837, 7.74, 6.85, 6.45], [1.6, 1.61, 1.88, 1.84, 1.63, 2.89, 1.78, 1.27, 1.51, 1.69, 1.66, 2.57, 3.88, 3.88, 4.33, 4.67, 4.24, 4.81, 4.94, 5.11, 5.55, 5.63, 5.67, 5.69, 6.25, 7.59, 9.37, 12.41, 13.73, 13.81, 13.66, 11.39, 9.85, 9.788, 10.042, 10.669, 8.742, 5.41, 4.17, 4.86, 4.25, 3.64, 4.247, 4.66, 4.35, 4.14, 4.31, 4.06, 4.12, 3.72, 3.76, 3.48, 3.05, 3.2, 3.05, 2.26, 1.83, 1.62, 2.13, 1.44, 0.88, 0, 0.55, 0.87, 1.46, 1.35, 3.8, 5.03, 5.18, 5.15, 6.37, 7.24, 7.98, 9.25, 10.3, 11.008, 10.342, 9.912, 9.931, 9.598, 9.048, 8.288, 8.26, 8.163, 7.266, 6.89], [1.75, 1.8, 2.03, 2.01, 1.66, 2.6, 1.79, 1.5, 1.72, 1.98, 1.95, 2.5, 3.67, 3.67, 4.12, 4.58, 4.17, 4.66, 4.83, 5.04, 5.38, 5.46, 5.46, 5.44, 6.12, 7.24, 9.02, 12.12, 13.44, 13.5, 13.41, 11.16, 9.62, 9.57, 9.829, 10.456, 8.529, 5.24, 4.0, 4.69, 3.98, 3.37, 3.94, 4.37, 4.08, 3.85, 4.06, 3.77, 3.79, 3.41, 3.43, 3.19, 2.76, 2.87, 2.8, 2.09, 1.76, 1.57, 2.0, 1.43, 0.87, 0.55, 0, 0.9, 1.61, 1.28, 3.57, 4.76, 4.87, 4.82, 6.06, 6.93, 7.69, 8.94, 9.99, 10.73, 10.115, 9.667, 9.668, 9.32, 8.797, 8.043, 8.047, 7.95, 7.042, 6.66], [1.97, 1.9, 2.15, 2.13, 1.98, 3.36, 2.39, 1.58, 1.76, 1.84, 1.95, 3.04, 4.31, 4.31, 4.76, 5.14, 4.67, 5.14, 5.33, 5.56, 5.9, 5.96, 5.98, 5.98, 6.72, 7.9, 9.78, 12.9, 14.2, 14.28, 14.19, 11.94, 10.356, 10.35, 10.626, 11.253, 9.326, 6.02, 4.78, 5.49, 4.74, 4.11, 4.72, 5.17, 4.88, 4.63, 4.84, 4.55, 4.53, 4.17, 4.17, 3.95, 3.52, 3.63, 3.54, 2.81, 2.42, 2.23, 2.68, 2.03, 1.23, 0.87, 0.9, 0, 0.89, 1.76, 4.35, 5.5, 5.63, 5.58, 6.78, 7.67, 8.47, 9.72, 10.77, 11.51, 10.91, 10.464, 10.465, 10.1, 9.574, 8.84, 8.844, 8.747, 7.839, 7.44], [2.4, 2.27, 2.54, 2.46, 2.59, 4.13, 2.94, 1.89, 1.73, 1.69, 2.06, 3.55, 4.9, 4.82, 5.25, 5.53, 5.06, 5.45, 5.62, 6.01, 6.33, 6.39, 6.43, 6.43, 7.21, 8.63, 10.47, 13.59, 14.889, 14.963, 14.873, 12.618, 11.029, 11.025, 11.299, 11.926, 9.999, 6.71, 5.47, 6.2, 5.51, 4.88, 5.41, 5.88, 5.59, 5.34, 5.55, 5.24, 5.26, 4.88, 4.88, 4.64, 4.21, 4.36, 4.23, 3.46, 3.13, 2.86, 3.35, 2.6, 1.8, 1.46, 1.61, 0.89, 0, 2.33, 5.08, 6.27, 6.4, 6.33, 7.55, 8.38, 9.2, 10.45, 11.5, 12.2, 11.585, 11.137, 11.138, 10.765, 10.267, 9.513, 9.517, 9.42, 8.512, 8.13], [1.07, 1.36, 1.29, 1.19, 0.98, 1.96, 1.19, 1.56, 1.96, 2.4, 2.11, 2.04, 2.97, 2.89, 3.28, 3.72, 3.39, 4.04, 4.17, 4.3, 4.7, 4.88, 4.82, 4.78, 5.42, 6.62, 8.48, 11.48, 12.84, 12.92, 12.79, 10.493, 8.879, 8.875, 9.149, 9.776, 7.849, 4.5, 3.24, 3.93, 3.32, 2.69, 3.32, 3.73, 3.42, 3.21, 3.38, 3.17, 3.23, 2.87, 2.87, 2.59, 2.16, 2.31, 2.18, 1.49, 1.4, 1.39, 1.72, 1.73, 1.59, 1.35, 1.28, 1.76, 2.33, 0, 2.81, 4.1, 4.27, 4.26, 5.42, 6.31, 7.07, 8.36, 9.41, 10.13, 9.446, 9.013, 9.03, 8.68, 8.13, 7.39, 7.367, 7.27, 6.373, 5.98], [3.24, 3.73, 3.46, 3.32, 2.67, 1.59, 2.38, 3.39, 4.11, 4.71, 4.04, 2.97, 2.8, 2.46, 2.49, 2.79, 3.04, 3.25, 3.2, 2.91, 3.19, 3.61, 3.77, 3.57, 4.03, 4.33, 5.79, 8.73, 10.17, 10.21, 10.1, 7.81, 6.21, 6.22, 6.44, 7.07, 5.14, 2.15, 1.79, 1.76, 2.03, 2.26, 2.21, 2.34, 2.37, 2.42, 2.09, 2.02, 2.34, 2.5, 2.16, 1.96, 1.95, 1.78, 1.57, 2.18, 2.59, 2.6, 2.37, 2.88, 3.46, 3.8, 3.57, 4.35, 5.08, 2.81, 0, 1.43, 1.68, 1.57, 2.69, 3.68, 4.5, 5.61, 6.68, 7.44, 6.76, 6.29, 6.3, 5.91, 5.4, 4.66, 4.67, 4.57, 3.81, 3.35], [4.43, 4.88, 4.51, 4.47, 3.9, 2.6, 3.49, 4.64, 5.32, 5.9, 5.27, 3.88, 3.17, 2.65, 2.42, 3.06, 3.55, 3.14, 3.21, 2.9, 3.14, 3.46, 3.6, 3.48, 3.6, 3.54, 4.68, 7.6, 9.02, 9.06, 8.95, 6.68, 5.08, 5.13, 5.29, 5.92, 3.99, 1.42, 1.92, 1.67, 2.2, 2.77, 2.68, 2.85, 3.06, 3.03, 2.66, 2.63, 2.87, 3.11, 3.01, 2.75, 2.72, 2.43, 2.3, 3.05, 3.6, 3.75, 3.42, 3.91, 4.59, 5.03, 4.76, 5.5, 6.27, 4.1, 1.43, 0, 1.11, 0.96, 1.54, 2.79, 3.63, 4.52, 5.51, 6.29, 5.61, 5.14, 5.15, 4.76, 4.25, 3.51, 3.7, 3.7, 2.98, 2.28], [4.66, 5.17, 4.88, 4.76, 4.09, 2.45, 3.66, 4.89, 5.57, 6.11, 5.5, 3.83, 3.04, 2.48, 2.29, 2.85, 3.3, 2.95, 2.94, 2.61, 2.67, 3.01, 3.19, 3.03, 3.37, 3.55, 4.55, 7.45, 8.79, 8.87, 8.72, 6.51, 4.93, 4.98, 5.06, 5.67, 3.74, 1.29, 2.01, 1.4, 1.83, 2.52, 2.13, 2.32, 2.65, 2.48, 2.27, 2.26, 2.54, 2.72, 2.54, 2.32, 2.53, 2.5, 2.43, 3.12, 3.69, 3.76, 3.17, 3.88, 4.7, 5.18, 4.87, 5.63, 6.4, 4.27, 1.68, 1.11, 0, 0.65, 1.51, 2.68, 3.62, 4.41, 5.26, 6.02, 5.34, 4.91, 4.9, 4.53, 4.02, 3.26, 3.49, 3.53, 2.85, 2.21], [4.65, 5.12, 4.75, 4.71, 4.06, 2.44, 3.61, 4.84, 5.52, 6.1, 5.31, 3.58, 2.85, 2.35, 2.18, 2.72, 3.17, 2.72, 2.77, 2.5, 2.58, 2.96, 3.16, 3.0, 3.38, 3.52, 4.44, 7.42, 8.74, 8.8, 8.67, 6.44, 4.92, 4.93, 5.09, 5.72, 3.79, 1.26, 1.9, 1.31, 1.72, 2.31, 2.08, 2.25, 2.56, 2.41, 2.08, 2.03, 2.33, 2.55, 2.41, 2.29, 2.38, 2.23, 2.3, 3.05, 3.64, 3.73, 3.12, 3.81, 4.69, 5.15, 4.82, 5.58, 6.33, 4.26, 1.57, 0.96, 0.65, 0, 1.46, 2.63, 3.53, 4.34, 5.21, 5.99, 5.37, 4.94, 4.95, 4.56, 4.05, 3.31, 3.56, 3.56, 2.86, 2.14], [5.79, 6.22, 5.93, 5.81, 5.22, 3.58, 4.83, 5.92, 6.6, 7.18, 6.43, 4.84, 4.09, 3.49, 3.12, 3.64, 4.05, 3.64, 3.67, 3.44, 3.22, 3.38, 3.32, 3.22, 3.16, 2.54, 3.46, 6.38, 7.68, 7.78, 7.65, 5.42, 3.86, 3.95, 4.11, 4.72, 2.79, 2.22, 3.22, 2.41, 2.68, 3.41, 3.08, 3.25, 3.58, 3.39, 3.18, 3.05, 3.35, 3.61, 3.49, 3.43, 3.62, 3.55, 3.44, 4.25, 4.8, 4.95, 4.38, 5.11, 5.93, 6.37, 6.06, 6.78, 7.55, 5.42, 2.69, 1.54, 1.51, 1.46, 0, 1.61, 2.57, 3.24, 4.21, 4.97, 4.37, 3.94, 3.95, 3.56, 3.05, 2.31, 2.62, 2.64, 2.08, 1.36], [6.74, 7.21, 6.88, 6.76, 6.15, 4.51, 5.68, 6.89, 7.57, 8.15, 7.36, 5.65, 4.78, 4.32, 3.73, 4.19, 4.58, 4.07, 4.12, 3.87, 3.57, 3.67, 3.65, 3.49, 2.93, 1.61, 2.41, 5.39, 6.69, 6.75, 6.66, 4.45, 2.89, 2.86, 3.12, 3.73, 2.46, 3.23, 4.15, 3.3, 3.63, 4.12, 3.81, 3.74, 3.97, 3.96, 3.87, 3.86, 3.98, 4.26, 4.16, 4.36, 4.47, 4.4, 4.31, 5.1, 5.67, 5.8, 5.23, 5.94, 6.82, 7.24, 6.93, 7.67, 8.38, 6.31, 3.68, 2.79, 2.68, 2.63, 1.61, 0, 1.4, 2.19, 3.2, 3.98, 3.38, 2.97, 2.96, 2.59, 2.16, 2.14, 1.77, 1.89, 1.73, 1.53], [7.44, 7.89, 7.52, 7.46, 6.87, 5.29, 6.42, 7.63, 8.31, 8.89, 8.08, 6.27, 5.32, 4.98, 4.41, 4.59, 5.08, 4.47, 4.38, 4.19, 3.95, 3.97, 3.87, 3.75, 2.99, 1.55, 1.55, 4.57, 5.93, 5.97, 5.82, 3.57, 2.23, 2.34, 2.46, 3.07, 3.06, 3.93, 4.89, 4.08, 4.37, 4.76, 4.59, 4.44, 4.59, 4.72, 4.57, 4.68, 4.88, 5.22, 5.12, 5.32, 5.27, 5.08, 5.11, 5.86, 6.45, 6.54, 5.95, 6.7, 7.52, 7.98, 7.69, 8.47, 9.2, 7.07, 4.5, 3.63, 3.62, 3.53, 2.57, 1.4, 0, 1.31, 2.44, 3.28, 2.56, 2.35, 2.4, 2.31, 2.1, 2.56, 2.19, 2.01, 2.35, 2.23], [8.71, 9.16, 8.75, 8.73, 8.14, 6.48, 7.71, 8.9, 9.58, 10.16, 9.37, 7.44, 6.41, 6.11, 5.64, 5.68, 6.25, 5.5, 5.41, 5.18, 4.84, 4.78, 4.62, 4.62, 3.74, 1.96, 1.12, 3.46, 4.76, 4.82, 4.67, 2.58, 1.56, 1.77, 1.71, 2.58, 3.17, 4.68, 5.74, 4.89, 5.38, 5.87, 5.42, 5.21, 5.44, 5.59, 5.48, 5.55, 5.67, 6.01, 5.97, 6.13, 6.32, 6.11, 6.26, 7.15, 7.74, 7.83, 7.2, 7.95, 8.79, 9.25, 8.94, 9.72, 10.45, 8.36, 5.61, 4.52, 4.41, 4.34, 3.24, 2.19, 1.31, 0, 1.71, 2.37, 1.67, 1.64, 1.73, 1.98, 2.23, 2.69, 2.48, 2.22, 2.92, 2.76], [9.8, 10.25, 9.84, 9.82, 9.21, 7.53, 8.74, 9.99, 10.67, 11.25, 10.4, 8.47, 7.48, 7.16, 6.65, 6.77, 7.26, 6.63, 6.52, 6.31, 6.11, 6.15, 6.05, 5.93, 4.97, 3.29, 1.61, 2.73, 4.01, 3.91, 3.6, 1.93, 2.01, 2.54, 2.34, 2.53, 3.34, 5.45, 6.63, 5.82, 6.35, 6.88, 6.35, 6.02, 6.31, 6.44, 6.23, 6.52, 6.56, 6.88, 6.8, 7.02, 7.33, 7.18, 7.37, 8.18, 8.77, 8.86, 8.23, 8.96, 9.84, 10.3, 9.99, 10.77, 11.5, 9.41, 6.68, 5.51, 5.26, 5.21, 4.21, 3.2, 2.44, 1.71, 0, 1.26, 1.62, 2.01, 1.92, 2.15, 2.14, 3.1, 3.11, 3.23, 3.99, 3.73], [10.52, 10.97, 10.56, 10.54, 9.93, 8.33, 9.46, 10.75, 11.39, 11.97, 11.04, 9.15, 8.02, 7.76, 7.23, 7.27, 7.9, 7.27, 7.2, 6.83, 6.51, 6.53, 6.45, 6.37, 5.41, 3.89, 2.21, 2.61, 3.57, 3.43, 2.9, 1.51, 2.45, 2.84, 2.72, 2.39, 3.34, 6.05, 7.35, 6.56, 7.17, 7.7, 7.05, 6.72, 7.05, 7.16, 7.03, 7.32, 7.38, 7.68, 7.58, 7.72, 8.07, 7.96, 8.09, 8.84, 9.41, 9.52, 8.99, 9.72, 10.58, 11.008, 10.73, 11.51, 12.2, 10.13, 7.44, 6.29, 6.02, 5.99, 4.97, 3.98, 3.28, 2.37, 1.26, 0, 1.56, 2.11, 2.0, 2.13, 2.36, 3.38, 3.65, 3.61, 4.45, 4.29], [9.82, 10.27, 9.86, 9.84, 9.25, 7.73, 8.78, 10.09, 10.71, 11.27, 10.3, 8.41, 7.08, 6.98, 6.51, 6.53, 7.22, 6.67, 6.46, 6.07, 5.71, 5.59, 5.47, 5.51, 4.61, 3.13, 1.43, 2.73, 3.93, 3.89, 3.5, 1.45, 1.25, 1.56, 1.38, 1.37, 2.62, 5.29, 6.63, 5.82, 6.43, 6.98, 6.31, 6.06, 6.39, 6.46, 6.39, 6.76, 6.84, 7.18, 7.08, 7.16, 7.51, 7.36, 7.49, 8.22, 8.75, 8.86, 8.33, 9.039, 9.916, 10.342, 10.115, 10.91, 11.585, 9.446, 6.76, 5.61, 5.34, 5.37, 4.37, 3.38, 2.56, 1.67, 1.62, 1.56, 0, 0.77, 0.94, 1.31, 1.76, 2.48, 2.75, 2.57, 3.37, 3.53], [9.31, 9.74, 9.37, 9.39, 8.8, 7.3, 8.33, 9.66, 10.26, 10.78, 9.75, 7.86, 6.51, 6.45, 6.02, 6.02, 6.67, 6.224, 6.014, 5.62, 5.26, 5.2, 5.06, 5.08, 4.2, 2.7, 1.56, 3.18, 4.34, 4.36, 4.11, 1.94, 0.92, 1.35, 1.15, 1.62, 2.27, 4.74, 6.02, 5.21, 5.94, 6.45, 5.8, 5.55, 5.9, 6.05, 5.94, 6.31, 6