[[0, 0.79, 1.39, 1.71, 2.43, 4.262, 4.894, 4.96, 4.45, 3.78, 3.55, 3.38, 3.12, 3.15, 2.89, 3.12, 3.21, 3.07, 2.24, 1.92, 2.53, 4.533, 6.097, 6.298, 6.37, 6.047, 5.81, 4.83, 3.66, 3.21, 3.63, 4.17, 4.32, 4.5, 4.4, 4.63, 4.76, 4.81, 5.13, 4.83, 3.68, 3.04, 3.15, 3.27, 2.89, 3.07, 3.58, 3.89, 4.28, 4.94, 5.79, 5.76, 5.23, 5.45, 5.42, 6.0, 6.9, 7.02, 7.24, 7.55, 7.24, 6.25, 5.39, 4.72, 4.53, 4.81, 4.67, 5.25, 5.87, 6.37, 6.33, 6.48, 6.48, 7.27, 8.89, 9.28, 9.11, 9.89, 10.63, 10.629, 9.972, 9.39, 9.37, 9.618, 8.726, 7.696], [0.79, 0, 1.16, 1.68, 2.5, 4.26, 4.922, 4.99, 4.46, 3.99, 3.76, 3.61, 3.35, 3.42, 3.14, 3.33, 3.32, 2.96, 2.13, 2.11, 2.62, 4.49, 6.104, 6.298, 6.416, 6.085, 5.798, 4.96, 3.83, 3.56, 3.8, 4.38, 4.49, 4.65, 4.53, 4.58, 4.71, 4.68, 5.06, 4.68, 3.53, 2.87, 3.24, 3.28, 2.94, 3.06, 3.61, 4.06, 4.45, 5.09, 5.9, 5.73, 5.36, 5.66, 5.69, 6.17, 6.91, 7.07, 7.31, 7.6, 7.29, 6.3, 5.48, 4.95, 4.78, 5.0, 4.86, 5.46, 6.0, 6.48, 6.54, 6.75, 6.75, 7.52, 9.06, 9.37, 9.2, 9.94, 10.7, 10.67, 10.01, 9.42, 9.4, 9.64, 8.79, 7.763], [1.39, 1.16, 0, 1.0, 1.54, 3.54, 4.35, 4.79, 4.68, 4.43, 4.18, 3.93, 3.59, 3.72, 3.52, 3.67, 2.92, 2.12, 1.79, 1.99, 2.38, 3.73, 5.244, 5.498, 5.556, 5.285, 5.03, 4.8, 3.69, 3.44, 3.56, 4.14, 4.37, 4.43, 4.29, 4.16, 4.09, 4.02, 4.3, 4.14, 3.07, 2.61, 2.94, 3.06, 2.76, 2.84, 3.17, 3.36, 3.67, 4.33, 5.14, 5.03, 4.88, 5.3, 5.49, 5.75, 6.17, 6.23, 6.49, 6.76, 6.45, 5.5, 4.66, 4.13, 4.0, 4.26, 4.18, 4.74, 5.16, 5.66, 5.7, 5.97, 5.99, 6.76, 8.24, 8.59, 8.4, 9.12, 9.88, 9.829, 9.15, 8.56, 8.52, 8.8, 7.976, 7.09], [1.71, 1.68, 1.0, 0, 1.36, 3.42, 4.53, 5.05, 5.12, 4.97, 4.76, 4.55, 4.23, 4.36, 4.12, 4.19, 3.14, 1.94, 2.21, 2.39, 2.76, 3.71, 4.97, 5.19, 5.22, 4.96, 4.87, 5.14, 4.07, 3.82, 3.96, 4.4, 4.67, 4.71, 4.61, 4.3, 4.11, 4.12, 4.28, 4.36, 3.53, 3.05, 3.14, 3.48, 3.16, 3.26, 3.27, 3.16, 3.31, 3.91, 4.78, 4.85, 5.04, 5.42, 5.69, 5.87, 5.89, 5.83, 6.09, 6.34, 6.01, 5.06, 4.1, 3.51, 3.36, 3.62, 3.6, 4.16, 4.64, 5.1, 5.12, 5.45, 5.45, 6.22, 7.76, 8.15, 8.0, 8.72, 9.44, 9.389, 8.73, 8.14, 8.08, 8.48, 7.68, 6.95], [2.43, 2.5, 1.54, 1.36, 0, 2.4, 3.47, 3.99, 4.2, 4.07, 3.94, 3.73, 3.71, 3.56, 3.22, 3.25, 2.16, 1.44, 1.71, 1.83, 1.86, 2.69, 3.89, 4.11, 4.2, 3.92, 3.77, 4.02, 3.33, 3.06, 3.3, 3.6, 3.87, 3.91, 3.89, 3.54, 3.33, 3.38, 3.58, 3.54, 2.95, 2.59, 2.48, 2.88, 2.7, 2.7, 2.51, 2.2, 2.49, 3.09, 3.9, 4.15, 4.14, 4.58, 4.87, 5.07, 5.17, 4.97, 5.35, 5.56, 5.19, 4.32, 3.52, 3.09, 2.86, 3.22, 3.08, 3.58, 3.92, 4.42, 4.48, 4.75, 4.75, 5.52, 6.98, 7.33, 7.1, 7.78, 8.48, 8.39, 7.71, 7.14, 7.08, 7.38, 6.58, 5.71], [4.262, 4.26, 3.54, 3.42, 2.4, 0, 1.35, 1.89, 2.4, 2.67, 2.78, 3.35, 3.69, 3.44, 2.82, 2.43, 1.54, 2.08, 2.487, 2.69, 2.18, 1.19, 2.13, 2.41, 2.44, 2.26, 2.21, 2.56, 2.51, 2.24, 2.3, 2.68, 2.87, 2.87, 2.89, 2.42, 2.21, 2.5, 2.58, 2.32, 1.99, 2.427, 2.0, 2.32, 2.72, 2.92, 2.63, 2.64, 2.43, 2.49, 2.98, 3.31, 3.12, 3.62, 3.77, 4.01, 4.17, 3.87, 4.23, 4.42, 3.99, 3.28, 3.42, 3.67, 3.22, 3.16, 3.14, 3.56, 3.78, 3.88, 3.9, 4.25, 4.57, 4.96, 6.16, 6.25, 5.88, 6.44, 7.06, 6.95, 6.25, 5.68, 5.56, 5.92, 4.88, 3.75], [4.894, 4.922, 4.35, 4.53, 3.47, 1.35, 0, 0.86, 1.69, 2.38, 2.75, 3.72, 4.2, 3.75, 3.19, 2.72, 2.45, 3.13, 3.28, 3.42, 3.01, 1.52, 1.6, 1.94, 1.99, 1.91, 1.6, 2.17, 2.62, 2.69, 2.43, 2.61, 2.76, 2.7, 2.72, 2.45, 2.6, 2.97, 2.77, 2.39, 2.48, 3.18, 2.73, 2.91, 3.37, 3.67, 3.6, 3.67, 3.5, 3.3, 3.17, 3.4, 3.23, 3.51, 3.52, 3.5, 3.66, 3.32, 3.68, 3.87, 3.6, 3.45, 4.45, 4.82, 4.39, 4.23, 4.23, 4.59, 4.75, 4.81, 4.69, 5.04, 5.4, 5.55, 6.35, 6.3, 5.71, 5.97, 6.59, 6.48, 5.8, 5.21, 5.05, 5.39, 4.31, 3.16], [4.96, 4.99, 4.79, 5.05, 3.99, 1.89, 0.86, 0, 1.27, 2.26, 2.87, 3.86, 4.32, 3.81, 3.25, 2.8, 2.79, 3.63, 3.58, 3.56, 3.21, 1.92, 1.64, 1.88, 2.29, 2.37, 1.92, 2.21, 2.7, 2.83, 2.57, 2.57, 2.82, 2.82, 2.8, 2.67, 2.94, 3.33, 3.21, 2.77, 2.9, 3.46, 2.95, 2.95, 3.706, 3.93, 3.74, 4.11, 3.98, 3.78, 3.63, 3.68, 3.45, 3.55, 3.52, 3.46, 3.76, 3.52, 3.8, 4.11, 3.86, 3.83, 4.93, 5.28, 4.87, 4.81, 4.75, 5.09, 5.37, 5.35, 5.23, 5.56, 5.92, 6.09, 6.87, 6.74, 6.03, 6.23, 6.81, 6.7, 6.04, 5.45, 5.21, 5.41, 4.31, 3.12], [4.45, 4.46, 4.68, 5.12, 4.2, 2.4, 1.69, 1.27, 0, 1.19, 1.9, 2.87, 3.39, 2.86, 2.3, 1.89, 2.92, 3.84, 3.55, 3.47, 3.34, 2.31, 2.61, 2.75, 3.08, 3.12, 2.65, 2.8, 3.21, 2.96, 3.12, 3.26, 3.43, 3.49, 3.47, 3.36, 3.55, 3.88, 3.86, 3.4, 3.09, 3.47, 3.26, 3.4, 3.72, 4.12, 4.17, 4.66, 4.61, 4.39, 4.46, 4.27, 3.9, 4.08, 4.09, 4.17, 4.57, 4.55, 4.77, 5.02, 4.79, 4.86, 5.72, 5.93, 5.56, 5.48, 5.44, 5.8, 6.02, 6.14, 6.06, 6.25, 6.61, 7.0, 7.84, 7.75, 7.06, 7.24, 7.76, 7.71, 7.09, 6.48, 6.22, 6.28, 5.18, 3.99], [3.78, 3.99, 4.43, 4.97, 4.07, 2.67, 2.38, 2.26, 1.19, 0, 0.87, 1.72, 2.28, 1.73, 1.33, 1.34, 2.51, 3.71, 3.26, 2.98, 2.91, 2.4, 3.54, 3.66, 3.71, 3.63, 3.32, 3.01, 3.34, 2.93, 3.17, 3.59, 3.64, 3.72, 3.72, 3.85, 3.9, 4.17, 4.17, 3.83, 3.28, 3.3, 3.23, 3.55, 3.63, 3.97, 4.26, 4.71, 4.7, 4.76, 5.07, 4.86, 4.17, 4.33, 4.26, 4.54, 5.32, 5.32, 5.6, 5.81, 5.54, 5.47, 5.95, 5.96, 5.61, 5.55, 5.49, 5.91, 6.23, 6.33, 6.31, 6.58, 6.92, 7.43, 8.45, 8.38, 7.75, 7.95, 8.61, 8.5, 7.86, 7.27, 7.09, 7.23, 6.23, 5.02], [3.55, 3.76, 4.18, 4.76, 3.94, 2.78, 2.75, 2.87, 1.9, 0.87, 0, 1.13, 1.77, 1.5, 1.24, 1.55, 2.66, 3.76, 3.25, 2.93, 2.94, 2.77, 4.11, 4.27, 4.26, 3.98, 3.77, 3.12, 3.37, 2.9, 3.16, 3.72, 3.71, 3.77, 3.75, 3.88, 3.97, 4.16, 4.28, 3.92, 3.23, 3.33, 3.32, 3.62, 3.64, 4.04, 4.37, 4.82, 4.81, 4.81, 5.18, 4.99, 4.36, 4.46, 4.41, 4.81, 5.73, 5.69, 6.07, 6.22, 5.87, 5.6, 6.0, 6.07, 5.7, 5.64, 5.58, 6.0, 6.22, 6.36, 6.36, 6.63, 6.97, 7.4, 8.52, 8.49, 7.98, 8.36, 8.98, 8.89, 8.21, 7.64, 7.58, 7.76, 6.78, 5.61], [3.38, 3.61, 3.93, 4.55, 3.73, 3.35, 3.72, 3.86, 2.87, 1.72, 1.13, 0, 0.92, 1.11, 1.29, 1.82, 2.83, 3.83, 3.16, 2.88, 2.91, 3.54, 5.02, 5.3, 5.29, 4.99, 4.78, 3.95, 4.04, 3.47, 3.77, 4.37, 4.36, 4.42, 4.46, 4.49, 4.54, 4.75, 4.93, 4.59, 3.84, 3.56, 3.67, 4.05, 3.99, 4.21, 4.62, 4.99, 5.08, 5.36, 5.87, 5.7, 5.09, 5.19, 5.14, 5.68, 6.62, 6.58, 6.94, 7.07, 6.76, 6.21, 6.25, 6.16, 5.83, 5.77, 5.79, 6.27, 6.51, 6.65, 6.75, 7.14, 7.42, 8.01, 9.17, 9.18, 8.77, 9.31, 9.95, 9.86, 9.16, 8.61, 8.55, 8.75, 7.77, 6.64], [3.12, 3.35, 3.59, 4.23, 3.71, 3.69, 4.2, 4.32, 3.39, 2.28, 1.77, 0.92, 0, 1.11, 1.51, 2.14, 2.91, 3.95, 3.24, 2.78, 2.91, 4.02, 5.44, 5.78, 5.79, 5.49, 5.32, 4.51, 4.54, 3.97, 4.29, 4.89, 4.86, 4.94, 4.94, 4.95, 4.96, 5.03, 5.27, 5.03, 4.28, 3.86, 4.03, 4.35, 4.23, 4.47, 4.88, 5.23, 5.48, 5.88, 6.47, 6.28, 5.63, 5.75, 5.64, 6.26, 7.16, 7.12, 7.4, 7.65, 7.34, 6.61, 6.45, 6.28, 5.97, 6.11, 6.05, 6.59, 6.87, 7.07, 7.19, 7.6, 7.82, 8.45, 9.69, 9.78, 9.33, 9.85, 10.47, 10.36, 9.66, 9.11, 9.05, 9.25, 8.27, 7.14], [3.15, 3.42, 3.72, 4.36, 3.56, 3.44, 3.75, 3.81, 2.86, 1.73, 1.5, 1.11, 1.11, 0, 0.84, 1.71, 2.58, 3.7, 2.99, 2.67, 2.7, 3.65, 4.97, 5.33, 5.24, 4.94, 4.83, 4.24, 4.37, 3.76, 4.14, 4.74, 4.73, 4.87, 4.89, 4.9, 4.89, 4.92, 5.12, 4.88, 4.17, 3.79, 3.92, 4.26, 4.06, 4.26, 4.67, 4.78, 5.13, 5.45, 6.12, 6.03, 5.3, 5.52, 5.45, 5.95, 6.89, 6.79, 7.17, 7.32, 6.93, 6.34, 6.32, 6.11, 5.84, 5.82, 5.8, 6.26, 6.5, 6.74, 6.98, 7.15, 7.33, 8.08, 9.26, 9.35, 8.92, 9.38, 10.04, 9.93, 9.29, 8.58, 8.46, 8.66, 7.68, 6.55], [2.89, 3.14, 3.52, 4.12, 3.22, 2.82, 3.19, 3.25, 2.3, 1.33, 1.24, 1.29, 1.51, 0.84, 0, 1.05, 2.14, 3.22, 2.61, 2.37, 2.34, 3.15, 4.43, 4.69, 4.66, 4.38, 4.23, 3.66, 3.83, 3.34, 3.66, 4.22, 4.17, 4.31, 4.33, 4.34, 4.31, 4.44, 4.6, 4.32, 3.65, 3.23, 3.32, 3.66, 3.5, 3.68, 4.09, 4.28, 4.57, 4.99, 5.56, 5.45, 4.76, 5.06, 5.01, 5.49, 6.35, 6.25, 6.61, 6.78, 6.39, 5.76, 5.74, 5.55, 5.26, 5.36, 5.24, 5.78, 6.02, 6.28, 6.44, 6.65, 6.81, 7.48, 8.74, 8.83, 8.4, 8.9, 9.52, 9.41, 8.77, 8.12, 8.02, 8.2, 7.2, 6.09], [3.12, 3.33, 3.67, 4.19, 3.25, 2.43, 2.72, 2.8, 1.89, 1.34, 1.55, 1.82, 2.14, 1.71, 1.05, 0, 1.79, 2.91, 2.38, 2.16, 2.03, 2.62, 4.04, 3.96, 3.97, 3.73, 3.4, 3.01, 3.08, 2.57, 2.91, 3.43, 3.5, 3.68, 3.72, 3.69, 3.68, 3.83, 3.97, 3.69, 3.06, 2.68, 2.83, 3.15, 2.91, 3.13, 3.6, 3.97, 4.04, 4.34, 4.85, 4.62, 3.95, 4.27, 4.22, 4.86, 5.72, 5.66, 6.02, 6.27, 5.88, 5.23, 5.37, 5.22, 4.87, 4.97, 4.85, 5.35, 5.61, 5.83, 5.97, 6.08, 6.22, 6.93, 8.03, 8.16, 7.75, 8.25, 8.83, 8.8, 8.2, 7.57, 7.41, 7.53, 6.43, 5.3], [3.21, 3.32, 2.92, 3.14, 2.16, 1.54, 2.45, 2.79, 2.92, 2.51, 2.66, 2.83, 2.91, 2.58, 2.14, 1.79, 0, 1.66, 1.65, 1.61, 1.1, 1.53, 3.027, 3.291, 3.359, 3.048, 2.82, 2.4, 2.33, 2.06, 2.08, 2.5, 2.61, 2.71, 2.79, 2.6, 2.41, 2.4, 2.66, 2.48, 2.13, 1.95, 2.08, 2.6, 2.38, 2.32, 2.21, 2.66, 2.97, 3.35, 3.96, 3.65, 2.98, 3.36, 3.47, 3.73, 4.55, 4.59, 4.89, 5.16, 4.85, 3.98, 3.9, 3.69, 3.46, 3.68, 3.54, 4.08, 4.36, 4.58, 4.7, 5.09, 5.29, 5.92, 7.2, 7.29, 6.88, 7.42, 8.04, 7.93, 7.23, 6.64, 6.56, 6.76, 5.78, 4.75], [3.07, 2.96, 2.12, 1.94, 1.44, 2.08, 3.13, 3.63, 3.84, 3.71, 3.76, 3.83, 3.95, 3.7, 3.22, 2.91, 1.66, 0, 1.17, 1.61, 1.54, 2.15, 3.55, 3.784, 3.822, 3.611, 3.409, 3.52, 2.75, 2.6, 2.56, 3.24, 3.51, 3.45, 3.33, 2.98, 2.85, 2.64, 2.8, 2.96, 2.17, 1.97, 2.28, 2.6, 2.22, 2.22, 2.39, 2.42, 2.67, 3.17, 3.82, 3.43, 3.66, 4.1, 4.35, 4.59, 4.69, 4.71, 5.01, 5.28, 4.97, 4.02, 3.34, 3.05, 2.84, 3.1, 3.1, 3.66, 3.96, 4.34, 4.4, 4.75, 4.83, 5.52, 6.96, 7.17, 6.96, 7.58, 8.22, 8.15, 7.41, 6.84, 6.76, 7.02, 6.28, 5.57], [2.24, 2.13, 1.79, 2.21, 1.71, 2.487, 3.28, 3.58, 3.55, 3.26, 3.25, 3.16, 3.24, 2.99, 2.61, 2.38, 1.65, 1.17, 0, 1.02, 1.13, 2.723, 4.363, 4.577, 4.675, 4.364, 3.976, 3.49, 2.74, 2.59, 2.63, 3.31, 3.46, 3.46, 3.34, 3.27, 3.34, 3.13, 3.47, 3.27, 2.14, 1.76, 2.31, 2.57, 2.05, 2.07, 2.72, 3.13, 3.48, 4.12, 4.75, 4.38, 4.03, 4.37, 4.46, 4.84, 5.56, 5.7, 6.0, 6.27, 5.96, 5.01, 4.39, 3.92, 3.71, 3.95, 3.93, 4.51, 4.91, 5.35, 5.43, 5.78, 5.78, 6.57, 8.01, 8.2, 7.97, 8.61, 9.25, 9.18, 8.44, 7.87, 7.77, 7.99, 7.11, 6.002], [1.92, 2.11, 1.99, 2.39, 1.83, 2.69, 3.42, 3.56, 3.47, 2.98, 2.93, 2.88, 2.78, 2.67, 2.37, 2.16, 1.61, 1.61, 1.02, 0, 0.83, 2.94, 4.563, 4.831, 4.903, 4.569, 4.271, 3.25, 2.78, 2.31, 2.63, 3.29, 3.34, 3.38, 3.28, 3.39, 3.48, 3.39, 3.71, 3.57, 2.56, 2.12, 2.41, 2.83, 2.47, 2.41, 2.96, 3.41, 3.84, 4.4, 5.05, 4.7, 4.09, 4.37, 4.42, 4.84, 5.78, 5.9, 6.2, 6.47, 6.16, 5.23, 4.61, 4.24, 4.07, 4.33, 4.35, 4.89, 5.23, 5.65, 5.73, 6.06, 6.08, 6.85, 8.29, 8.44, 8.19, 8.77, 9.41, 9.36, 8.64, 8.05, 7.99, 8.23, 7.329, 6.236], [2.53, 2.62, 2.38, 2.76, 1.86, 2.18, 3.01, 3.21, 3.34, 2.91, 2.94, 2.91, 2.91, 2.7, 2.34, 2.03, 1.1, 1.54, 1.13, 0.83, 0, 2.19, 3.87, 4.13, 4.193, 3.882, 3.57, 2.68, 2.37, 2.08, 2.26, 2.74, 2.89, 2.95, 2.93, 2.96, 2.99, 3.02, 3.28, 3.02, 2.41, 2.05, 2.22, 2.74, 2.44, 2.32, 2.53, 2.98, 3.39, 3.87, 4.5, 4.19, 3.58, 3.9, 3.95, 4.35, 5.23, 5.31, 5.61, 5.88, 5.57, 4.68, 4.24, 3.95, 3.74, 4.04, 3.92, 4.48, 4.78, 5.12, 5.2, 5.51, 5.65, 6.36, 7.74, 7.89, 7.6, 8.16, 8.78, 8.71, 7.95, 7.4, 7.34, 7.56, 6.64, 5.521], [4.533, 4.49, 3.73, 3.71, 2.69, 1.19, 1.52, 1.92, 2.31, 2.4, 2.77, 3.54, 4.02, 3.65, 3.15, 2.62, 1.53, 2.15, 2.723, 2.94, 2.19, 0, 1.68, 1.96, 2.07, 1.79, 1.56, 2.13, 2.28, 2.33, 2.13, 2.43, 2.64, 2.56, 2.6, 2.15, 1.82, 1.99, 1.97, 1.89, 2.12, 2.601, 2.42, 2.63, 2.866, 3.01, 2.48, 2.81, 2.72, 2.84, 3.17, 2.86, 2.57, 3.01, 3.18, 3.26, 3.4, 3.42, 3.76, 4.01, 3.7, 3.35, 3.67, 3.84, 3.45, 3.61, 3.55, 3.93, 4.09, 4.15, 4.13, 4.56, 4.9, 5.37, 6.51, 6.5, 5.95, 6.25, 6.89, 6.78, 6.04, 5.49, 5.39, 5.59, 4.65, 3.62], [6.097, 6.104, 5.244, 4.97, 3.89, 2.13, 1.6, 1.64, 2.61, 3.54, 4.11, 5.02, 5.44, 4.97, 4.43, 4.04, 3.027, 3.55, 4.363, 4.563, 3.87, 1.68, 0, 0.88, 1.27, 1.31, 1.24, 2.25, 3.04, 3.63, 3.05, 2.61, 2.82, 2.78, 2.9, 2.45, 2.38, 2.59, 2.25, 2.35, 3.447, 4.189, 3.773, 3.793, 4.379, 4.577, 3.677, 3.55, 3.3, 3.02, 2.43, 2.76, 2.79, 2.97, 3.26, 2.9, 2.76, 2.42, 2.68, 3.01, 2.6, 2.83, 3.75, 4.28, 3.99, 4.124, 4.038, 4.269, 4.47, 4.23, 3.93, 4.4, 4.74, 4.83, 5.69, 5.54, 4.81, 4.99, 5.61, 5.48, 4.8, 4.21, 3.99, 4.33, 3.23, 2.4], [6.298, 6.298, 5.498, 5.19, 4.11, 2.41, 1.94, 1.88, 2.75, 3.66, 4.27, 5.3, 5.78, 5.33, 4.69, 3.96, 3.291, 3.784, 4.577, 4.831, 4.13, 1.96, 0.88, 0, 0.99, 1.19, 1.1, 2.49, 3.32, 3.81, 3.29, 2.97, 3.22, 3.14, 3.3, 2.85, 2.56, 2.81, 2.55, 2.77, 3.637, 4.38, 4.037, 4.047, 4.605, 4.702, 3.777, 3.55, 3.32, 3.02, 2.29, 2.64, 2.69, 3.01, 3.32, 3.06, 2.8, 2.44, 2.68, 3.03, 2.58, 2.85, 3.71, 4.24, 4.138, 4.395, 4.295, 4.424, 4.449, 4.17, 3.99, 4.1, 4.46, 4.79, 5.55, 5.46, 4.77, 4.87, 5.41, 5.38, 4.78, 4.17, 3.89, 4.15, 2.91, 2.1], [6.37, 6.416, 5.556, 5.22, 4.2, 2.44, 1.99, 2.29, 3.08, 3.71, 4.26, 5.29, 5.79, 5.24, 4.66, 3.97, 3.359, 3.822, 4.675, 4.903, 4.193, 2.07, 1.27, 0.99, 0, 0.82, 1.11, 2.46, 3.33, 3.94, 3.38, 3.12, 3.23, 3.15, 3.29, 2.8, 2.37, 2.74, 2.38, 2.66, 3.832, 4.495, 4.161, 4.155, 4.646, 4.769, 3.945, 3.54, 3.274, 2.87, 2.22, 2.49, 2.56, 3.0, 3.35, 3.19, 2.87, 2.35, 2.59, 2.78, 2.49, 2.66, 3.6, 4.13, 4.148, 4.381, 4.322, 4.348, 4.328, 3.94, 3.66, 3.81, 4.07, 4.3, 5.12, 5.09, 4.48, 4.74, 5.28, 5.23, 4.65, 4.02, 3.78, 4.04, 2.98, 2.15], [6.047, 6.085, 5.285, 4.96, 3.92, 2.26, 1.91, 2.37, 3.12, 3.63, 3.98, 4.99, 5.49, 4.94, 4.38, 3.73, 3.048, 3.611, 4.364, 4.569, 3.882, 1.79, 1.31, 1.19, 0.82, 0, 1.07, 2.14, 3.07, 3.68, 3.08, 2.92, 2.89, 2.83, 2.97, 2.46, 2.13, 2.34, 1.98, 2.32, 3.558, 4.221, 3.914, 3.898, 4.328, 4.466, 3.647, 3.34, 3.05, 2.79, 2.22, 2.61, 2.46, 2.8, 3.11, 3.07, 2.85, 2.45, 2.69, 2.98, 2.51, 2.6, 3.48, 3.95, 3.94, 4.105, 4.068, 4.154, 4.216, 3.8, 3.58, 3.81, 4.09, 4.22, 5.04, 5.05, 4.52, 4.8, 5.4, 5.35, 4.75, 4.14, 4.04, 4.4, 3.28, 2.35], [5.81, 5.798, 5.03, 4.87, 3.77, 2.21, 1.6, 1.92, 2.65, 3.32, 3.77, 4.78, 5.32, 4.83, 4.23, 3.4, 2.82, 3.409, 3.976, 4.271, 3.57, 1.56, 1.24, 1.1, 1.11, 1.07, 0, 1.93, 2.58, 3.17, 2.59, 2.51, 2.7, 2.58, 2.72, 2.25, 2.08, 2.25, 2.05, 2.13, 3.15, 3.873, 3.617, 3.725, 4.046, 4.138, 3.4, 3.35, 3.24, 2.88, 2.33, 2.34, 2.25, 2.61, 2.88, 2.9, 2.92, 2.74, 3.02, 3.33, 3.06, 2.85, 3.97, 4.32, 4.15, 4.421, 4.318, 4.481, 4.57, 4.41, 4.21, 4.36, 4.6, 4.77, 5.51, 5.56, 5.09, 5.33, 5.97, 5.9, 5.32, 4.71, 4.47, 4.57, 3.43, 2.46], [4.83, 4.96, 4.8, 5.14, 4.02, 2.56, 2.17, 2.21, 2.8, 3.01, 3.12, 3.95, 4.51, 4.24, 3.66, 3.01, 2.4, 3.52, 3.49, 3.25, 2.68, 2.13, 2.25, 2.49, 2.46, 2.14, 1.93, 0, 1.65, 2.14, 1.82, 1.52, 1.21, 1.05, 1.13, 1.28, 1.65, 1.94, 1.78, 1.52, 2.67, 3.281, 3.174, 3.288, 3.591, 3.62, 3.25, 3.82, 3.85, 3.83, 3.02, 2.67, 1.96, 1.88, 1.89, 2.15, 2.97, 3.07, 3.43, 3.68, 3.45, 3.22, 4.34, 4.75, 4.736, 5.014, 4.914, 5.156, 5.276, 4.94, 4.54, 4.95, 5.29, 5.32, 5.92, 5.87, 5.32, 5.84, 6.46, 6.37, 5.69, 5.1, 5.04, 5.22, 4.3, 3.33], [3.66, 3.83, 3.69, 4.07, 3.33, 2.51, 2.62, 2.7, 3.21, 3.34, 3.37, 4.04, 4.54, 4.37, 3.83, 3.08, 2.33, 2.75, 2.74, 2.78, 2.37, 2.28, 3.04, 3.32, 3.33, 3.07, 2.58, 1.65, 0, 0.91, 0.65, 0.97, 1.12, 1.26, 1.22, 1.41, 1.84, 1.77, 1.85, 1.53, 1.48, 2.06, 2.11, 2.058, 2.281, 2.15, 2.06, 2.99, 2.94, 2.78, 2.69, 2.44, 1.93, 2.19, 2.14, 2.78, 3.74, 3.92, 4.18, 4.49, 4.18, 3.31, 3.75, 4.04, 3.73, 3.886, 3.81, 4.11, 4.41, 4.37, 4.13, 4.44, 4.66, 4.87, 5.97, 6.14, 6.01, 6.807, 7.581, 7.56, 6.9, 6.35, 6.33, 6.578, 5.649, 4.562], [3.21, 3.56, 3.44, 3.82, 3.06, 2.24, 2.69, 2.83, 2.96, 2.93, 2.9, 3.47, 3.97, 3.76, 3.34, 2.57, 2.06, 2.6, 2.59, 2.31, 2.08, 2.33, 3.63, 3.81, 3.94, 3.68, 3.17, 2.14, 0.91, 0, 0.88, 1.44, 1.67, 1.85, 1.87, 2.0, 2.29, 2.36, 2.54, 2.16, 1.43, 1.79, 1.72, 1.92, 2.0, 1.96, 2.17, 2.96, 2.89, 2.81, 3.24, 3.05, 2.38, 2.46, 2.45, 3.21, 4.29, 4.45, 4.73, 5.02, 4.71, 3.74, 3.96, 4.17, 3.8, 3.74, 3.7, 4.06, 4.36, 4.56, 4.44, 4.73, 4.99, 5.36, 6.46, 6.75, 6.6, 7.397, 8.171, 8.15, 7.49, 6.94, 6.92, 7.168, 6.239, 5.192], [3.63, 3.8, 3.56, 3.96, 3.3, 2.3, 2.43, 2.57, 3.12, 3.17, 3.16, 3.77, 4.29, 4.14, 3.66, 2.91, 2.08, 2.56, 2.63, 2.63, 2.26, 2.13, 3.05, 3.29, 3.38, 3.08, 2.59, 1.82, 0.65, 0.88, 0, 0.94, 1.25, 1.33, 1.35, 1.42, 1.71, 1.8, 1.86, 1.56, 1.27, 1.97, 1.98, 1.96, 2.151, 2.14, 2.01, 2.92, 2.85, 2.71, 2.72, 2.43, 1.88, 2.06, 2.09, 2.63, 3.65, 3.83, 4.11, 4.42, 4.13, 3.24, 3.74, 4.01, 3.7, 3.74, 3.7, 4.0, 4.34, 4.32, 4.14, 4.45, 4.75, 4.94, 6.0, 6.15, 6.02, 6.8, 7.571, 7.55, 6.89, 6.34, 6.314, 6.556, 5.625, 4.589], [4.17, 4.38, 4.14, 4.4, 3.6, 2.68, 2.61, 2.57, 3.26, 3.59, 3.72, 4.37, 4.89, 4.74, 4.22, 3.43, 2.5, 3.24, 3.31, 3.29, 2.74, 2.43, 2.61, 2.97, 3.12, 2.92, 2.51, 1.52, 0.97, 1.44, 0.94, 0, 0.85, 0.95, 1.11, 1.32, 1.71, 1.96, 1.88, 1.52, 1.95, 2.57, 2.4, 2.465, 2.785, 2.78, 2.29, 3.16, 3.11, 2.99, 2.38, 2.29, 1.8, 1.74, 1.67, 2.09, 2.97, 3.13, 3.39, 3.7, 3.55, 2.92, 3.76, 4.11, 3.9, 4.056, 3.98, 4.28, 4.58, 4.4, 4.08, 4.41, 4.69, 4.8, 5.5, 5.55, 5.32, 6.1, 6.854, 6.833, 6.176, 5.623, 5.597, 5.851, 4.907, 3.875], [4.32, 4.49, 4.37, 4.67, 3.87, 2.87, 2.76, 2.82, 3.43, 3.64, 3.71, 4.36, 4.86, 4.73, 4.17, 3.5, 2.61, 3.51, 3.46, 3.34, 2.89, 2.64, 2.82, 3.22, 3.23, 2.89, 2.7, 1.21, 1.12, 1.67, 1.25, 0.85, 0, 0.6, 0.8, 1.17, 1.66, 1.81, 1.77, 1.35, 2.12, 2.72, 2.558, 2.598, 2.941, 2.95, 2.54, 3.35, 3.36, 3.28, 2.63, 2.58, 1.89, 1.83, 1.8, 2.12, 3.0, 3.08, 3.34, 3.61, 3.52, 3.05, 3.89, 4.24, 4.109, 4.364, 4.264, 4.529, 4.77, 4.53, 4.11, 4.54, 4.9, 4.89, 5.43, 5.44, 5.27, 6.01, 6.744, 6.743, 6.046, 5.493, 5.467, 5.692, 4.812, 3.951], [4.5, 4.65, 4.43, 4.71, 3.91, 2.87, 2.7, 2.82, 3.49, 3.72, 3.77, 4.42, 4.94, 4.87, 4.31, 3.68, 2.71, 3.45, 3.46, 3.38, 2.95, 2.56, 2.78, 3.14, 3.15, 2.83, 2.58, 1.05, 1.26, 1.85, 1.33, 0.95, 0.6, 0, 0.52, 0.95, 1.5, 1.69, 1.57, 1.23, 2.0, 2.688, 2.615, 2.755, 3.041, 3.03, 2.66, 3.37, 3.4, 3.36, 2.61, 2.42, 1.81, 1.75, 1.66, 1.86, 2.78, 2.9, 3.14, 3.37, 3.34, 2.95, 3.87, 4.2, 4.126, 4.404, 4.364, 4.586, 4.729, 4.47, 4.09, 4.62, 4.98, 4.97, 5.43, 5.4, 5.17, 5.912, 6.655, 6.628, 5.954, 5.381, 5.304, 5.592, 4.714, 3.9], [4.4, 4.53, 4.29, 4.61, 3.89, 2.89, 2.72, 2.8, 3.47, 3.72, 3.75, 4.46, 4.94, 4.89, 4.33, 3.72, 2.79, 3.33, 3.34, 3.28, 2.93, 2.6, 2.9, 3.3, 3.29, 2.97, 2.72, 1.13, 1.22, 1.87, 1.35, 1.11, 0.8, 0.52, 0, 0.75, 1.46, 1.67, 1.61, 1.31, 1.9, 2.56, 2.57, 2.658, 2.961, 2.97, 2.66, 3.45, 3.48, 3.42, 2.67, 2.5, 1.95, 1.81, 1.8, 2.0, 2.82, 3.0, 3.28, 3.51, 3.4, 3.11, 3.81, 4.18, 4.106, 4.346, 4.366, 4.649, 4.789, 4.47, 4.01, 4.6, 4.98, 4.91, 5.47, 5.48, 5.23, 5.992, 6.755, 6.742, 6.051, 5.481, 5.421, 5.709, 4.831, 3.953], [4.63, 4.58, 4.16, 4.3, 3.54, 2.42, 2.45, 2.67, 3.36, 3.85, 3.88, 4.49, 4.95, 4.9, 4.34, 3.69, 2.6, 2.98, 3.27, 3.39, 2.96, 2.15, 2.45, 2.85, 2.8, 2.46, 2.25, 1.28, 1.41, 2.0, 1.42, 1.32, 1.17, 0.95, 0.75, 0, 0.77, 1.2, 1.1, 0.8, 1.81, 2.478, 2.345, 2.505, 2.908, 2.92, 2.37, 3.1, 3.07, 3.01, 2.36, 2.17, 1.78, 1.7, 1.81, 2.05, 2.65, 2.73, 3.01, 3.28, 2.99, 2.64, 3.38, 3.77, 3.696, 3.936, 3.976, 4.239, 4.379, 4.06, 3.6, 4.19, 4.57, 4.5, 5.34, 5.43, 5.08, 5.819, 6.582, 6.569, 5.881, 5.308, 5.248, 5.58, 4.676, 3.683], [4.76, 4.71, 4.09, 4.11, 3.33, 2.21, 2.6, 2.94, 3.55, 3.9, 3.97, 4.54, 4.96, 4.89, 4.31, 3.68, 2.41, 2.85, 3.34, 3.48, 2.99, 1.82, 2.38, 2.56, 2.37, 2.13, 2.08, 1.65, 1.84, 2.29, 1.71, 1.71, 1.66, 1.5, 1.46, 0.77, 0, 0.81, 0.91, 0.95, 1.98, 2.56, 2.4, 2.415, 2.895, 2.99, 2.22, 2.61, 2.64, 2.66, 2.21, 2.04, 1.59, 1.75, 1.88, 2.06, 2.42, 2.5, 2.8, 3.07, 2.8, 2.37, 2.81, 3.3, 3.341, 3.641, 3.701, 3.884, 3.906, 3.529, 3.03, 3.6, 4.0, 4.13, 5.21, 5.32, 4.99, 5.629, 6.372, 6.359, 5.691, 5.098, 5.038, 5.35, 4.486, 3.533], [4.81, 4.68, 4.02, 4.12, 3.38, 2.5, 2.97, 3.33, 3.88, 4.17, 4.16, 4.75, 5.03, 4.92, 4.44, 3.83, 2.4, 2.64, 3.13, 3.39, 3.02, 1.99, 2.59, 2.81, 2.74, 2.34, 2.25, 1.94, 1.77, 2.36, 1.8, 1.96, 1.81, 1.69, 1.67, 1.2, 0.81, 0, 0.66, 1.08, 1.79, 2.417, 2.66, 2.62, 2.756, 2.753, 2.23, 2.66, 2.67, 2.75, 2.44, 2.03, 1.5, 1.86, 2.07, 2.23, 2.67, 2.77, 3.07, 3.36, 3.11, 2.54, 2.78, 3.33, 3.356, 3.68, 3.711, 3.9, 3.98, 3.58, 3.18, 3.73, 4.05, 4.2, 5.46, 5.57, 5.3, 5.94, 6.671, 6.638, 5.944, 5.371, 5.274, 5.562, 4.739, 3.866], [5.13, 5.06, 4.3, 4.28, 3.58, 2.58, 2.77, 3.21, 3.86, 4.17, 4.28, 4.93, 5.27, 5.12, 4.6, 3.97, 2.66, 2.8, 3.47, 3.71, 3.28, 1.97, 2.25, 2.55, 2.38, 1.98, 2.05, 1.78, 1.85, 2.54, 1.86, 1.88, 1.77, 1.57, 1.61, 1.1, 0.91, 0.66, 0, 0.88, 1.97, 2.737, 2.99, 2.92, 3.059, 3.041, 2.59, 2.86, 2.87, 2.83, 2.34, 1.89, 1.48, 1.78, 2.11, 2.09, 2.43, 2.53, 2.83, 3.12, 2.81, 2.4, 3.12, 3.53, 3.536, 3.831, 3.891, 4.08, 4.16, 3.78, 3.38, 3.95, 4.33, 4.34, 5.36, 5.45, 5.1, 5.66, 6.4, 6.37, 5.71, 5.08, 4.994, 5.311, 4.519, 3.71], [4.83, 4.68, 4.14, 4.36, 3.54, 2.32, 2.39, 2.77, 3.4, 3.83, 3.92, 4.59, 5.03, 4.88, 4.32, 3.69, 2.48, 2.96, 3.27, 3.57, 3.02, 1.89, 2.35, 2.77, 2.66, 2.32, 2.13, 1.52, 1.53, 2.16, 1.56, 1.52, 1.35, 1.23, 1.31, 0.8, 0.95, 1.08, 0.88, 0, 1.59, 2.33, 2.433, 2.439, 2.72, 2.68, 2.25, 2.98, 2.97, 2.87, 2.36, 2.07, 1.58, 1.84, 1.95, 2.15, 2.53, 2.63, 2.93, 3.22, 2.91, 2.58, 3.46, 3.79, 3.64, 3.874, 3.82, 4.06, 4.3, 4.08, 3.68, 4.21, 4.57, 4.58, 5.54, 5.63, 5.28, 5.9, 6.64, 6.61, 5.95, 5.326, 5.22, 5.594, 4.627, 3.77], [3.68, 3.53, 3.07, 3.53, 2.95, 1.99, 2.48, 2.9, 3.09, 3.28, 3.23, 3.84, 4.28, 4.17, 3.65, 3.06, 2.13, 2.17, 2.14, 2.56, 2.41, 2.12, 3.447, 3.637, 3.832, 3.558, 3.15, 2.67, 1.48, 1.43, 1.27, 1.95, 2.12, 2.0, 1.9, 1.81, 1.98, 1.79, 1.97, 1.59, 0, 0.98, 1.29, 1.45, 1.41, 1.41, 1.8, 2.57, 2.56, 2.44, 2.93, 2.54, 2.21, 2.57, 2.7, 3.04, 3.78, 3.92, 4.16, 4.43, 4.1, 3.27, 3.41, 3.6, 3.27, 3.23, 3.27, 3.67, 3.89, 3.97, 3.89, 4.38, 4.74, 5.15, 6.41, 6.625, 6.518, 7.227, 7.978, 7.98, 7.311, 6.716, 6.649, 6.961, 6.066, 5.17], [3.04, 2.87, 2.61, 3.05, 2.59, 2.427, 3.18, 3.46, 3.47, 3.3, 3.33, 3.56, 3.86, 3.79, 3.23, 2.68, 1.95, 1.97, 1.76, 2.12, 2.05, 2.601, 4.189, 4.38, 4.495, 4.221, 3.873, 3.281, 2.06, 1.79, 1.97, 2.57, 2.72, 2.688, 2.56, 2.478, 2.56, 2.417, 2.737, 2.33, 0.98, 0, 0.83, 1.25, 1.01, 1.03, 1.48, 2.25, 2.26, 2.72, 3.53, 3.22, 2.93, 3.23, 3.24, 3.66, 4.44, 4.56, 4.8, 5.07, 4.72, 3.75, 3.17, 3.16, 2.83, 2.93, 2.89, 3.35, 3.63, 3.91, 3.95, 4.46, 4.68, 5.39, 6.97, 7.248, 7.187, 7.952, 8.704, 8.714, 8.032, 7.444, 7.372, 7.701, 6.794, 5.853], [3.15, 3.24, 2.94, 3.14, 2.48, 2.0, 2.73, 2.95, 3.26, 3.23, 3.32, 3.67, 4.03, 3.92, 3.32, 2.83, 2.08, 2.28, 2.31, 2.41, 2.22, 2.42, 3.773, 4.037, 4.161, 3.914, 3.617, 3.174, 2.11, 1.72, 1.98, 2.4, 2.558, 2.615, 2.57, 2.345, 2.4, 2.66, 2.99, 2.433, 1.29, 0.83, 0, 0.86, 1.22, 1.34, 1.35, 2.0, 1.93, 2.23, 3.06, 3.17, 2.9, 3.2, 3.23, 3.61, 4.25, 4.09, 4.35, 4.62, 4.25, 3.26, 2.86, 2.85, 2.54, 2.56, 2.5, 2.94, 3.26, 3.48, 3.48, 3.87, 4.23, 4.86, 6.46, 6.818, 6.737, 7.537, 8.274, 8.293, 7.608, 7.012, 6.943, 7.34, 6.396, 5.375], [3.27, 3.28, 3.06, 3.48, 2.88, 2.32, 2.91, 2.95, 3.4, 3.55, 3.62, 4.05, 4.35, 4.26, 3.66, 3.15, 2.6, 2.6, 2.57, 2.83, 2.74, 2.63, 3.793, 4.047, 4.155, 3.898, 3.725, 3.288, 2.058, 1.92, 1.96, 2.465, 2.598, 2.755, 2.658, 2.505, 2.415, 2.62, 2.92, 2.439, 1.45, 1.25, 0.86, 0, 0.92, 1.26, 1.33, 1.84, 1.81, 2.13, 2.968, 3.09, 2.9, 3.26, 3.29, 3.71, 4.21, 4.17, 4.39, 4.66, 4.27, 3.28, 2.76, 2.83, 2.5, 2.5, 2.4, 2.8, 3.22, 3.42, 3.36, 3.69, 3.99, 4.68, 6.316, 6.784, 6.709, 7.506, 8.266, 8.265, 7.579, 7.003, 6.945, 7.254, 6.376, 5.492], [2.89, 2.94, 2.76, 3.16, 2.7, 2.72, 3.37, 3.706, 3.72, 3.63, 3.64, 3.99, 4.23, 4.06, 3.5, 2.91, 2.38, 2.22, 2.05, 2.47, 2.44, 2.866, 4.379, 4.605, 4.646, 4.328, 4.046, 3.591, 2.281, 2.0, 2.151, 2.785, 2.941, 3.041, 2.961, 2.908, 2.895, 2.756, 3.059, 2.72, 1.41, 1.01, 1.22, 0.92, 0, 0.8, 1.47, 1.98, 2.03, 2.59, 3.585, 3.35, 3.02, 3.4, 3.47, 3.91, 4.59, 4.716, 4.93, 5.24, 4.89, 3.88, 3.12, 2.91, 2.56, 2.7, 2.52, 3.04, 3.38, 3.88, 3.88, 4.15, 4.35, 5.18, 6.896, 7.367, 7.306, 8.103, 8.843, 8.862, 8.182, 7.598, 7.537, 7.828, 6.996, 6.152], [3.07, 3.06, 2.84, 3.26, 2.7, 2.92, 3.67, 3.93, 4.12, 3.97, 4.04, 4.21, 4.47, 4.26, 3.68, 3.13, 2.32, 2.22, 2.07, 2.41, 2.32, 3.01, 4.577, 4.702, 4.769, 4.466, 4.138, 3.62, 2.15, 1.96, 2.14, 2.78, 2.95, 3.03, 2.97, 2.92, 2.99, 2.753, 3.041, 2.68, 1.41, 1.03, 1.34, 1.26, 0.8, 0, 1.37, 1.94, 2.05, 2.75, 3.705, 3.418, 3.02, 3.36, 3.37, 3.87, 4.739, 4.896, 5.11, 5.42, 5.07, 4.06, 3.24, 2.85, 2.62, 2.68, 2.58, 3.14, 3.56, 4.08, 4.12, 4.35, 4.51, 5.3, 7.097, 7.507, 7.452, 8.243, 9.003, 9.002, 8.363, 7.778, 7.72, 8.031, 7.099, 6.224], [3.58, 3.61, 3.17, 3.27, 2.51, 2.63, 3.6, 3.74, 4.17, 4.26, 4.37, 4.62, 4.88, 4.67, 4.09, 3.6, 2.21, 2.39, 2.72, 2.96, 2.53, 2.48, 3.677, 3.777, 3.945, 3.647, 3.4, 3.25, 2.06, 2.17, 2.01, 2.29, 2.54, 2.66, 2.66, 2.37, 2.22, 2.23, 2.59, 2.25, 1.8, 1.48, 1.35, 1.33, 1.47, 1.37, 0, 1.27, 1.38, 1.94, 2.778, 2.74, 2.45, 2.71, 2.86, 3.22, 3.92, 3.94, 4.14, 4.43, 4.04, 3.03, 2.29, 2.18, 1.95, 2.21, 2.05, 2.49, 2.83, 3.13, 3.17, 3.42, 3.56, 4.37, 6.18, 6.588, 6.476, 7.316, 8.033, 8.032, 7.39, 6.813, 6.801, 7.167, 6.166, 5.202], [3.89, 4.06, 3.36, 3.16, 2.2, 2.64, 3.67, 4.11, 4.66, 4.71, 4.82, 4.99, 5.23, 4.78, 4.28, 3.97, 2.66, 2.42, 3.13, 3.41, 2.98, 2.81, 3.55, 3.55, 3.54, 3.34, 3.35, 3.82, 2.99, 2.96, 2.92, 3.16, 3.35, 3.37, 3.45, 3.1, 2.61, 2.66, 2.86, 2.98, 2.57, 2.25, 2.0, 1.84, 1.98, 1.94, 1.27, 0, 0.89, 1.47, 2.3, 2.69, 2.68, 3.14, 3.51, 3.61, 3.83, 3.59, 3.91, 4.08, 3.65, 2.78, 1.82, 1.63, 1.52, 1.88, 1.7, 2.06, 2.34, 2.66, 2.66, 2.87, 2.91, 3.74, 5.51, 6.018, 5.963, 6.784, 7.544, 7.537, 6.885, 6.267, 6.231, 6.597, 5.785, 4.97], [4.28, 4.45, 3.67, 3.31, 2.49, 2.43, 3.5, 3.98, 4.61, 4.7, 4.81, 5.08, 5.48, 5.13, 4.57, 4.04, 2.97, 2.67, 3.48, 3.84, 3.39, 2.72, 3.3, 3.32, 3.274, 3.05, 3.24, 3.85, 2.94, 2.89, 2.85, 3.11, 3.36, 3.4, 3.48, 3.07, 2.64, 2.67, 2.87, 2.97, 2.56, 2.26, 1.93, 1.81, 2.03, 2.05, 1.38, 0.89, 0, 1.02, 1.95, 2.62, 2.71, 3.11, 3.44, 3.68, 3.76, 3.44, 3.74, 3.91, 3.38, 2.55, 1.63, 1.78, 1.43, 1.53, 1.41, 1.71, 1.93, 2.35, 2.41, 2.58, 2.68, 3.47, 5.147, 5.574, 5.555, 6.434, 7.245, 7.157, 6.549, 5.948, 5.893, 6.37, 5.39, 4.64], [4.94, 5.09, 4.33, 3.91, 3.09, 2.49, 3.3, 3.78, 4.39, 4.76, 4.81, 5.36, 5.88, 5.45, 4.99, 4.34, 3.35, 3.17, 4.12, 4.4, 3.87, 2.84, 3.02, 3.02, 2.87, 2.79, 2.88, 3.83, 2.78, 2.81, 2.71, 2.99, 3.28, 3.36, 3.42, 3.01, 2.66, 2.75, 2.83, 2.87, 2.44, 2.72, 2.23, 2.13, 2.59, 2.75, 1.94, 1.47, 1.02, 0, 1.39, 2.22, 2.51, 2.99, 3.38, 3.62, 3.6, 3.12, 3.38, 3.55, 2.98, 2.25, 1.85, 2.3, 1.99, 1.89, 1.85, 1.89, 2.09, 2.25, 2.21, 2.32, 2.52, 3.09, 4.49, 4.88, 5.03, 5.922, 6.696, 6.669, 6.056, 5.422, 5.377, 5.917, 4.849, 4.2], [5.79, 5.9, 5.14, 4.78, 3.9, 2.98, 3.17, 3.63, 4.46, 5.07, 5.18, 5.87, 6.47, 6.12, 5.56, 4.85, 3.96, 3.82, 4.75, 5.05, 4.5, 3.17, 2.43, 2.29, 2.22, 2.22, 2.33, 3.02, 2.69, 3.24, 2.72, 2.38, 2.63, 2.61, 2.67, 2.36, 2.21, 2.44, 2.34, 2.36, 2.93, 3.53, 3.06, 2.968, 3.585, 3.705, 2.778, 2.3, 1.95, 1.39, 0, 1.47, 1.8, 2.18, 2.65, 2.79, 2.73, 2.29, 2.47, 2.64, 2.05, 1.58, 2.18, 2.83, 2.8, 2.92, 2.82, 2.9, 2.94, 2.7, 2.3, 2.55, 2.83, 3.04, 3.98, 4.27, 4.214, 5.08, 5.792, 5.775, 5.172, 4.577, 4.561, 5.027, 3.942, 3.358], [5.76, 5.73, 5.03, 4.85, 4.15, 3.31, 3.4, 3.68, 4.27, 4.86, 4.99, 5.7, 6.28, 6.03, 5.45, 4.62, 3.65, 3.43, 4.38, 4.7, 4.19, 2.86, 2.76, 2.64, 2.49, 2.61, 2.34, 2.67, 2.44, 3.05, 2.43, 2.29, 2.58, 2.42, 2.5, 2.17, 2.04, 2.03, 1.89, 2.07, 2.54, 3.22, 3.17, 3.09, 3.35, 3.418, 2.74, 2.69, 2.62, 2.22, 1.47, 0, 1.21, 1.73, 2.1, 2.32, 2.3, 2.14, 2.22, 2.25, 2.16, 1.33, 2.63, 3.06, 3.13, 3.55, 3.47, 3.53, 3.59, 3.19, 2.91, 3.1, 3.3, 3.63, 4.53, 4.66, 4.49, 5.162, 5.85, 5.881, 5.256, 4.605, 4.542, 4.803, 4.355, 3.936], [5.23, 5.36, 4.88, 5.04, 4.14, 3.12, 3.23, 3.45, 3.9, 4.17, 4.36, 5.09, 5.63, 5.3, 4.76, 3.95, 2.98, 3.66, 4.03, 4.09, 3.58, 2.57, 2.79, 2.69, 2.56, 2.46, 2.25, 1.96, 1.93, 2.38, 1.88, 1.8, 1.89, 1.81, 1.95, 1.78, 1.59, 1.5, 1.48, 1.58, 2.21, 2.93, 2.9, 2.9, 3.02, 3.02, 2.45, 2.68, 2.71, 2.51, 1.8, 1.21, 0, 0.84, 1.27, 1.51, 2.23, 2.31, 2.53, 2.8, 2.49, 1.94, 2.92, 3.49, 3.58, 3.92, 3.9, 4.1, 4.16, 3.6, 3.36, 3.71, 3.93, 4.22, 5.32, 5.41, 5.16, 5.774, 6.489, 6.507, 5.91, 5.255, 5.072, 5.274, 4.351, 3.666], [5.45, 5.66, 5.3, 5.42, 4.58, 3.62, 3.51, 3.55, 4.08, 4.33, 4.46, 5.19, 5.75, 5.52, 5.06, 4.27, 3.36, 4.1, 4.37, 4.37, 3.9, 3.01, 2.97, 3.01, 3.0, 2.8, 2.61, 1.88, 2.19, 2.46, 2.06, 1.74, 1.83, 1.75, 1.81, 1.7, 1.75, 1.86, 1.78, 1.84, 2.57, 3.23, 3.2, 3.26, 3.4, 3.36, 2.71, 3.14, 3.11, 2.99, 2.18, 1.73, 0.84, 0, 0.71, 1.01, 2.17, 2.31, 2.59, 2.84, 2.49, 2.42, 3.48, 3.91, 4.0, 4.34, 4.3, 4.54, 4.58, 4.2, 3.72, 4.17, 4.49, 4.56, 5.54, 5.61, 5.16, 5.718, 6.483, 6.474, 5.882, 5.241, 5.06, 5.263, 4.366, 3.679], [5.42, 5.69, 5.49, 5.69, 4.87, 3.77, 3.52, 3.52, 4.09, 4.26, 4.41, 5.14, 5.64, 5.45, 5.01, 4.22, 3.47, 4.35, 4.46, 4.42, 3.95, 3.18, 3.26, 3.32, 3.35, 3.11, 2.88, 1.89, 2.14, 2.45, 2.09, 1.67, 1.8, 1.66, 1.8, 1.81, 1.88, 2.07, 2.11, 1.95, 2.7, 3.24, 3.23, 3.29, 3.47, 3.37, 2.86, 3.51, 3.44, 3.38, 2.65, 2.1, 1.27, 0.71, 0, 1.18, 2.46, 2.62, 2.9, 3.15, 2.98, 2.79, 3.81, 4.3, 4.35, 4.67, 4.59, 4.87, 4.97, 4.57, 4.09, 4.52, 4.82, 4.95, 5.89, 5.96, 5.53, 6.048, 6.813, 6.804, 6.232, 5.571, 5.373, 5.556, 4.704, 3.826], [6.0, 6.17, 5.75, 5.87, 5.07, 4.01, 3.5, 3.46, 4.17, 4.54, 4.81, 5.68, 6.26, 5.95, 5.49, 4.86, 3.73, 4.59, 4.84, 4.84, 4.35, 3.26, 2.9, 3.06, 3.19, 3.07, 2.9, 2.15, 2.78, 3.21, 2.63, 2.09, 2.12, 1.86, 2.0, 2.05, 2.06, 2.23, 2.09, 2.15, 3.04, 3.66, 3.61, 3.71, 3.91, 3.87, 3.22, 3.61, 3.68, 3.62, 2.79, 2.32, 1.51, 1.01, 1.18, 0, 1.46, 1.6, 1.92, 2.15, 2.28, 2.73, 3.77, 4.38, 4.45, 4.79, 4.77, 5.01, 4.99, 4.57, 3.95, 4.62, 5.04, 4.91, 5.63, 5.62, 5.07, 5.31, 5.99, 5.98, 5.383, 4.71, 4.502, 4.681, 3.878, 3.185], [6.9, 6.91, 6.17, 5.89, 5.17, 4.17, 3.66, 3.76, 4.57, 5.32, 5.73, 6.62, 7.16, 6.89, 6.35, 5.72, 4.55, 4.69, 5.56, 5.78, 5.23, 3.4, 2.76, 2.8, 2.87, 2.85, 2.92, 2.97, 3.74, 4.29, 3.65, 2.97, 3.0, 2.78, 2.82, 2.65, 2.42, 2.67, 2.43, 2.53, 3.78, 4.44, 4.25, 4.21, 4.59, 4.739, 3.92, 3.83, 3.76, 3.6, 2.73, 2.3, 2.23, 2.17, 2.46, 1.46, 0, 0.82, 1.18, 1.35, 2.08, 2.55, 3.71, 4.42, 4.51, 4.85, 4.77, 4.99, 5.01, 4.49, 3.95, 4.56, 4.9, 4.67, 4.85, 4.7, 4.11, 4.07, 4.71, 4.72, 4.08, 3.407, 3.35, 3.636, 3.018, 2.78], [7.02, 7.07, 6.23, 5.83, 4.97, 3.87, 3.32, 3.52, 4.55, 5.32, 5.69, 6.58, 7.12, 6.79, 6.25, 5.66, 4.59, 4.71, 5.7, 5.9, 5.31, 3.42, 2.42, 2.44, 2.35, 2.45, 2.74, 3.07, 3.92, 4.45, 3.83, 3.13, 3.08, 2.9, 3.0, 2.73, 2.5, 2.77, 2.53, 2.63, 3.92, 4.56, 4.09, 4.17, 4.716, 4.896, 3.94, 3.59, 3.44, 3.12, 2.29, 2.14, 2.31, 2.31, 2.62, 1.6, 0.82, 0, 0.64, 0.91, 1.38, 2.01, 3.07, 3.8, 3.89, 4.27, 4.19, 4.37, 4.37, 3.79, 3.23, 3.9, 4.24, 4.01, 4.51, 4.38, 3.79, 3.87, 4.55, 4.52, 3.88, 3.23, 3.13, 3.583, 2.935, 2.52], [7.24, 7.31, 6.49, 6.09, 5.35, 4.23, 3.68, 3.8, 4.77, 5.6, 6.07, 6.94, 7.4, 7.17, 6.61, 6.02, 4.89, 5.01, 6.0, 6.2, 5.61, 3.76, 2.68, 2.68, 2.59, 2.69, 3.02, 3.43, 4.18, 4.73, 4.11, 3.39, 3.34, 3.14, 3.28, 3.01, 2.8, 3.07, 2.83, 2.93, 4.16, 4.8, 4.35, 4.39, 4.93, 5.11, 4.14, 3.91, 3.74, 3.38, 2.47, 2.22, 2.53, 2.59, 2.9, 1.92, 1.18, 0.64, 0, 0.77, 1.24, 1.95, 2.93, 3.68, 3.83, 4.15, 4.01, 4.19, 4.29, 3.63, 3.01, 3.7, 4.04, 3.83, 4.35, 4.24, 3.69, 3.77, 4.41, 4.4, 3.76, 3.15, 3.17, 3.67, 3.03, 2.76], [7.55, 7.6, 6.76, 6.34, 5.56, 4.42, 3.87, 4.11, 5.02, 5.81, 6.22, 7.07, 7.65, 7.32, 6.78, 6.27, 5.16, 5.28, 6.27, 6.47, 5.88, 4.01, 3.01, 3.03, 2.78, 2.98, 3.33, 3.68, 4.49, 5.02, 4.42, 3.7, 3.61, 3.37, 3.51, 3.28, 3.07, 3.36, 3.12, 3.22, 4.43, 5.07, 4.62, 4.66, 5.24, 5.42, 4.43, 4.08, 3.91, 3.55, 2.64, 2.25, 2.8, 2.84, 3.15, 2.15, 1.35, 0.91, 0.77, 0, 1.29, 1.94, 3.26, 3.91, 4.08, 4.38, 4.38, 4.44, 4.42, 3.86, 3.14, 3.81, 4.05, 3.86, 4.26, 4.17, 3.62, 3.56, 4.16, 4.17, 3.57, 2.88, 2.92, 3.28, 2.78, 2.91], [7.24, 7.29, 6.45, 6.01, 5.19, 3.99, 3.6, 3.86, 4.79, 5.54, 5.87, 6.76, 7.34, 6.93, 6.39, 5.88, 4.85, 4.97, 5.96, 6.16, 5.57, 3.7, 2.6, 2.58, 2.49, 2.51, 3.06, 3.45, 4.18, 4.71, 4.13, 3.55, 3.52, 3.34, 3.4, 2.99, 2.8, 3.11, 2.81, 2.91, 4.1, 4.72, 4.25, 4.27, 4.89, 5.07, 4.04, 3.65, 3.38, 2.98, 2.05, 2.16, 2.49, 2.49, 2.98, 2.28, 2.08, 1.38, 1.24, 1.29, 0, 1.67, 2.63, 3.08, 3.33, 3.45, 3.47, 3.45, 3.29, 2.91, 2.43, 2.86, 3.22, 3.33, 4.05, 4.04, 3.55, 3.79, 4.51, 4.5, 3.94, 3.37, 3.589, 4.08, 3.635, 3.18], [6.25, 6.3, 5.5, 5.06, 4.32, 3.28, 3.45, 3.83, 4.86, 5.47, 5.6, 6.21, 6.61, 6.34, 5.76, 5.23, 3.98, 4.02, 5.01, 5.23, 4.68, 3.35, 2.83, 2.85, 2.66, 2.6, 2.85, 3.22, 3.31, 3.74, 3.24, 2.92, 3.05, 2.95, 3.11, 2.64, 2.37, 2.54, 2.4, 2.58, 3.27, 3.75, 3.26, 3.28, 3.88, 4.06, 3.03, 2.78, 2.55, 2.25, 1.58, 1.33, 1.94, 2.42, 2.79, 2.73, 2.55, 2.01, 1.95, 1.94, 1.67, 0, 2.18, 2.73, 2.74, 3.1, 3.08, 3.14, 3.16, 2.78, 2.36, 2.81, 2.93, 2.96, 3.94, 4.17, 3.96, 4.632, 5.337, 5.308, 4.697, 4.113, 4.158, 4.652, 4.228, 3.969], [5.39, 5.48, 4.66, 4.1, 3.52, 3.42, 4.45, 4.93, 5.72, 5.95, 6.0, 6.25, 6.45, 6.32, 5.74, 5.37, 3.9, 3.34, 4.39, 4.61, 4.24, 3.67, 3.75, 3.71, 3.6, 3.48, 3.97, 4.34, 3.75, 3.96, 3.74, 3.76, 3.89, 3.87, 3.81, 3.38, 2.81, 2.78, 3.12, 3.46, 3.41, 3.17, 2.86, 2.76, 3.12, 3.24, 2.29, 1.82, 1.63, 1.85, 2.18, 2.63, 2.92, 3.48, 3.81, 3.77, 3.71, 3.07, 2.93, 3.26, 2.63, 2.18, 0, 1.31, 1.42, 1.58, 1.54, 1.72, 1.84, 1.48, 1.42, 1.89, 1.97, 2.68, 4.353, 4.783, 4.808, 5.706, 6.489, 6.425, 5.739, 5.274, 5.453, 6.03, 5.399, 4.83], [4.72, 4.95, 4.13, 3.51, 3.09, 3.67, 4.82, 5.28, 5.93, 5.96, 6.07, 6.16, 6.28, 6.11, 5.55, 5.22, 3.69, 3.05, 3.92, 4.24, 3.95, 3.84, 4.28, 4.24, 4.13, 3.95, 4.32, 4.75, 4.04, 4.17, 4.01, 4.11, 4.24, 4.2, 4.18, 3.77, 3.3, 3.33, 3.53, 3.79, 3.6, 3.16, 2.85, 2.83, 2.91, 2.85, 2.18, 1.63, 1.78, 2.3, 2.83, 3.06, 3.49, 3.91, 4.3, 4.38, 4.42, 3.8, 3.68, 3.91, 3.08, 2.73, 1.31, 0, 0.75, 1.49, 1.51, 1.75, 1.99, 2.21, 2.03, 2.38, 2.4, 3.235, 5.043, 5.508, 5.518, 6.397, 7.234, 7.265, 6.679, 6.146, 6.419, 6.902, 6.449, 5.9], [4.53, 4.78, 4.0, 3.36, 2.86, 3.22, 4.39, 4.87, 5.56, 5.61, 5.7, 5.83, 5.97, 5.84, 5.26, 4.87, 3.46, 2.84, 3.71, 4.07, 3.74, 3.45, 3.99, 4.138, 4.148, 3.94, 4.15, 4.736, 3.73, 3.8, 3.7, 3.9, 4.109, 4.126, 4.106, 3.696, 3.341, 3.356, 3.536, 3.64, 3.27, 2.83, 2.54, 2.5, 2.56, 2.62, 1.95, 1.52, 1.43, 1.99, 2.8, 3.13, 3.58, 4.0, 4.35, 4.45, 4.51, 3.89, 3.83, 4.08, 3.33, 2.74, 1.42, 0.75, 0, 1.0, 1.12, 1.58, 1.9, 2.3, 2.24, 2.63, 2.63, 3.508, 5.301, 5.772, 5.768, 6.638, 7.44, 7.416, 6.803, 6.253, 6.473, 6.936, 6.482, 5.898], [4.81, 5.0, 4.26, 3.62, 3.22, 3.16, 4.23, 4.81, 5.48, 5.55, 5.64, 5.77, 6.11, 5.82, 5.36, 4.97, 3.68, 3.1, 3.95, 4.33, 4.04, 3.61, 4.124, 4.395, 4.381, 4.105, 4.421, 5.014, 3.886, 3.74, 3.74, 4.056, 4.364, 4.404, 4.346, 3.936, 3.641, 3.68, 3.831, 3.874, 3.23, 2.93, 2.56, 2.5, 2.7, 2.68, 2.21, 1.88, 1.53, 1.89, 2.92, 3.55, 3.92, 4.34, 4.67, 4.79, 4.85, 4.27, 4.15, 4.38, 3.45, 3.1, 1.58, 1.49, 1.0, 0, 0.72, 1.08, 1.52, 1.92, 2.04, 2.33, 2.43, 3.34, 5.056, 5.529, 5.606, 6.583, 7.366, 7.264, 6.55, 6.093, 6.273, 6.856, 6.302, 5.598], [4.67, 4.86, 4.18, 3.6, 3.08, 3.14, 4.23, 4.75, 5.44, 5.49, 5.58, 5.79, 6.05, 5.8, 5.24, 4.85, 3.54, 3.1, 3.93, 4.35, 3.92, 3.55, 4.038, 4.295, 4.322, 4.068, 4.318, 4.914, 3.81, 3.7, 3.7, 3.98, 4.264, 4.364, 4.366, 3.976, 3.701, 3.711, 3.891, 3.82, 3.27, 2.89, 2.5, 2.4, 2.52, 2.58, 2.05, 1.7, 1.41, 1.85, 2.82, 3.47, 3.9, 4.3, 4.59, 4.77, 4.77, 4.19, 4.01, 4.38, 3.47, 3.08, 1.54, 1.51, 1.12, 0.72, 0, 0.86, 1.46, 1.94, 1.9, 2.21, 2.29, 3.14, 4.922, 5.466, 5.666, 6.611, 7.414, 7.247, 6.63, 6.193, 6.413, 7.01, 6.362, 5.718], [5.25, 5.46, 4.74, 4.16, 3.58, 3.56, 4.59, 5.09, 5.8, 5.91, 6.0, 6.27, 6.59, 6.26, 5.78, 5.35, 4.08, 3.66, 4.51, 4.89, 4.48, 3.93, 4.269, 4.424, 4.348, 4.154, 4.481, 5.156, 4.11, 4.06, 4.0, 4.28, 4.529, 4.586, 4.649, 4.239, 3.884, 3.9, 4.08, 4.06, 3.67, 3.35, 2.94, 2.8, 3.04, 3.14, 2.49, 2.06, 1.71, 1.89, 2.9, 3.53, 4.1, 4.54, 4.87, 5.01, 4.99, 4.37, 4.19, 4.44, 3.45, 3.14, 1.72, 1.75, 1.58, 1.08, 0.86, 0, 0.92, 1.32, 1.54, 1.53, 1.65, 2.58, 4.296, 4.914, 5.344, 6.387, 7.227, 7.02, 6.42, 5.953, 6.16, 6.7, 6.2, 5.578], [5.87, 6.0, 5.16, 4.64, 3.92, 3.78, 4.75, 5.37, 6.02, 6.23, 6.22, 6.51, 6.87, 6.5, 6.02, 5.61, 4.36, 3.96, 4.91, 5.23, 4.78, 4.09, 4.47, 4.449, 4.328, 4.216, 4.57, 5.276, 4.41, 4.36, 4.34, 4.58, 4.77, 4.729, 4.789, 4.379, 3.906, 3.98, 4.16, 4.3, 3.89, 3.63, 3.26, 3.22, 3.38, 3.56, 2.83, 2.34, 1.93, 2.09, 2.94, 3.59, 4.16, 4.58, 4.97, 4.99, 5.01, 4.37, 4.29, 4.42, 3.29, 3.16, 1.84, 1.99, 1.9, 1.52, 1.46, 0.92, 0, 1.04, 1.5, 1.33, 1.55, 2.38, 3.9, 4.534, 5.024, 6.207, 7.027, 6.84, 6.326, 5.733, 5.88, 6.42, 6.0, 5.318], [6.37, 6.48, 5.66, 5.1, 4.42, 3.88, 4.81, 5.35, 6.14, 6.33, 6.36, 6.65, 7.07, 6.74, 6.28, 5.83, 4.58, 4.34, 5.35, 5.65, 5.12, 4.15, 4.23, 4.17, 3.94, 3.8, 4.41, 4.94, 4.37, 4.56, 4.32, 4.4, 4.53, 4.47, 4.47, 4.06, 3.529, 3.58, 3.78, 4.08, 3.97, 3.91, 3.48, 3.42, 3.88, 4.08, 3.13, 2.66, 2.35, 2.25, 2.7, 3.19, 3.6, 4.2, 4.57, 4.57, 4.49, 3.79, 3.63, 3.86, 2.91, 2.78, 1.48, 2.21, 2.3, 1.92, 1.94, 1.32, 1.04, 0, 1.08, 1.19, 1.47, 2.2, 3.46, 4.17, 4.627, 5.767, 6.61, 6.42, 5.863, 5.353, 5.5, 6.06, 5.54, 4.909], [6.33, 6.54, 5.7, 5.12, 4.48, 3.9, 4.69, 5.23, 6.06, 6.31, 6.36, 6.75, 7.19, 6.98, 6.44, 5.97, 4.7, 4.4, 5.43, 5.73, 5.2, 4.13, 3.93, 3.99, 3.66, 3.58, 4.21, 4.54, 4.13, 4.44, 4.14, 4.08, 4.11, 4.09, 4.01, 3.6, 3.03, 3.18, 3.38, 3.68, 3.89, 3.95, 3.48, 3.36, 3.88, 4.12, 3.17, 2.66, 2.41, 2.21, 2.3, 2.91, 3.36, 3.72, 4.09, 3.95, 3.95, 3.23, 3.01, 3.14, 2.43, 2.36, 1.42, 2.03, 2.24, 2.04, 1.9, 1.54, 1.5, 1.08, 0, 0.99, 1.35, 1.76, 3.396, 3.878, 4.244, 5.267, 6.067, 5.86, 5.246, 4.853, 5.04, 5.62, 5.12, 4.63], [6.48, 6.75, 5.97, 5.45, 4.75, 4.25, 5.04, 5.56, 6.25, 6.58, 6.63, 7.14, 7.6, 7.15, 6.65, 6.08, 5.09, 4.75, 5.78, 6.06, 5.51, 4.56, 4.4, 4.1, 3.81, 3.81, 4.36, 4.95, 4.44, 4.73, 4.45, 4.41, 4.54, 4.62, 4.6, 4.19, 3.6, 3.73, 3.95, 4.21, 4.38, 4.46, 3.87, 3.69, 4.15, 4.35, 3.42, 2.87, 2.58, 2.32, 2.55, 3.1, 3.71, 4.17, 4.52, 4.62, 4.56, 3.9, 3.7, 3.81, 2.86, 2.81, 1.89, 2.38, 2.63, 2.33, 2.21, 1.53, 1.33, 1.19, 0.99, 0, 0.66, 1.47, 3.05, 3.68, 4.151, 5.274, 6.077, 5.967, 5.533, 4.93, 5.19, 5.71, 5.17, 4.68], [6.48, 6.75, 5.99, 5.45, 4.75, 4.57, 5.4, 5.92, 6.61, 6.92, 6.97, 7.42, 7.82, 7.33, 6.81, 6.22, 5.29, 4.83, 5.78, 6.08, 5.65, 4.9, 4.74, 4.46, 4.07, 4.09, 4.6, 5.29, 4.66, 4.99, 4.75, 4.69, 4.9, 4.98, 4.98, 4.57, 4.0, 4.05, 4.33, 4.57, 4.74, 4.68, 4.23, 3.99, 4.35, 4.51, 3.56, 2.91, 2.68, 2.52, 2.83, 3.3, 3.93, 4.49, 4.82, 5.04, 4.9, 4.24, 4.04, 4.05, 3.22, 2.93, 1.97, 2.4, 2.63, 2.43, 2.29, 1.65, 1.55, 1.47, 1.35, 0.66, 0, 1.25, 2.984, 3.624, 4.154, 5.28, 6.14, 6.01, 5.656, 5.149, 5.39, 5.91, 5.43, 4.976], [7.27, 7.52, 6.76, 6.22, 5.52, 4.96, 5.55, 6.09, 7.0, 7.43, 7.4, 8.01, 8.45, 8.08, 7.48, 6.93, 5.92, 5.52, 6.57, 6.85, 6.36, 5.37, 4.83, 4.79, 4.3, 4.22, 4.77, 5.32, 4.87, 5.36, 4.94, 4.8, 4.89, 4.97, 4.91, 4.5, 4.13, 4.2, 4.34, 4.58, 5.15, 5.39, 4.86, 4.68, 5.18, 5.3, 4.37, 3.74, 3.47, 3.09, 3.04, 3.63, 4.22, 4.56, 4.95, 4.91, 4.67, 4.01, 3.83, 3.86, 3.33, 2.96, 2.68, 3.235, 3.508, 3.34, 3.14, 2.58, 2.38, 2.2, 1.76, 1.47, 1.25, 0, 2.0, 2.67, 3.316, 4.507, 5.387, 5.197, 4.783, 4.48, 4.74, 5.18, 4.98, 4.93], [8.89, 9.06, 8.24, 7.76, 6.98, 6.16, 6.35, 6.87, 7.84, 8.45, 8.52, 9.17, 9.69, 9.26, 8.74, 8.03, 7.2, 6.96, 8.01, 8.29, 7.74, 6.51, 5.69, 5.55, 5.12, 5.04, 5.51, 5.92, 5.97, 6.46, 6.0, 5.5, 5.43, 5.43, 5.47, 5.34, 5.21, 5.46, 5.36, 5.54, 6.41, 6.97, 6.46, 6.316, 6.896, 7.097, 6.18, 5.51, 5.147, 4.49, 3.98, 4.53, 5.32, 5.54, 5.89, 5.63, 4.85, 4.51, 4.35, 4.26, 4.05, 3.94, 4.353, 5.043, 5.301, 5.056, 4.922, 4.296, 3.9, 3.46, 3.396, 3.05, 2.984, 2.0, 0, 1.21, 2.14, 3.38, 4.06, 4.03, 3.79, 3.58, 3.7, 4.0, 4.6, 4.99], [9.28, 9.37, 8.59, 8.15, 7.33, 6.25, 6.3, 6.74, 7.75, 8.38, 8.49, 9.18, 9.78, 9.35, 8.83, 8.16, 7.29, 7.17, 8.2, 8.44, 7.89, 6.5, 5.54, 5.46, 5.09, 5.05, 5.56, 5.87, 6.14, 6.75, 6.15, 5.55, 5.44, 5.4, 5.48, 5.43, 5.32, 5.57, 5.45, 5.63, 6.625, 7.248, 6.818, 6.784, 7.367, 7.507, 6.588, 6.018, 5.574, 4.88, 4.27, 4.66, 5.41, 5.61, 5.96, 5.62, 4.7, 4.38, 4.24, 4.17, 4.04, 4.17, 4.783, 5.508, 5.772, 5.529, 5.466, 4.914, 4.534, 4.17, 3.878, 3.68, 3.624, 2.67, 1.21, 0, 1.25, 2.51, 3.03, 3.04, 2.88, 2.77, 2.77, 3.11, 4.11, 4.64], [9.11, 9.2, 8.4, 8.0, 7.1, 5.88, 5.71, 6.03, 7.06, 7.75, 7.98, 8.77, 9.33, 8.92, 8.4, 7.75, 6.88, 6.96, 7.97, 8.19, 7.6, 5.95, 4.81, 4.77, 4.48, 4.52, 5.09, 5.32, 6.01, 6.6, 6.02, 5.32, 5.27, 5.17, 5.23, 5.08, 4.99, 5.3, 5.1, 5.28, 6.518, 7.187, 6.737, 6.709, 7.306, 7.452, 6.476, 5.963, 5.555, 5.03, 4.214, 4.49, 5.16, 5.16, 5.53, 5.07, 4.11, 3.79, 3.69, 3.62, 3.55, 3.96, 4.808, 5.518, 5.768, 5.606, 5.666, 5.344, 5.024, 4.627, 4.244, 4.151, 4.154, 3.316, 2.14, 1.25, 0, 1.44, 2.22, 2.13, 1.93, 1.82, 1.88, 2.34, 3.5, 4.15], [9.89, 9.94, 9.12, 8.72, 7.78, 6.44, 5.97, 6.23, 7.24, 7.95, 8.36, 9.31, 9.85, 9.38, 8.9, 8.25, 7.42, 7.58, 8.61, 8.77, 8.16, 6.25, 4.99, 4.8