[[0, 1.46, 1.78, 3.88, 4.69, 3.68, 3.69, 3.24, 2.59, 2.43, 2.08, 1.94, 2.3, 2.33, 2.92, 3.83, 4.38, 4.32, 3.61, 3.1, 2.98, 2.44, 1.38, 1.58, 1.85, 1.9, 1.83, 1.75, 2.27, 1.93, 1.54, 1.43, 1.95, 2.16, 2.81, 3.59, 3.5, 4.748, 5.828, 5.428, 4.948, 4.061, 3.322, 3.335, 3.592, 2.566, 2.09, 1.78, 1.85, 2.2, 2.22, 2.8, 4.644, 3.816, 4.029, 4.336, 3.89, 3.5, 4.136, 6.199, 5.582, 6.916, 8.0, 8.293, 9.149, 9.026, 8.251, 8.098, 8.434, 9.359, 10.342, 10.947, 10.72, 9.41, 7.609, 6.153, 6.316, 6.383, 6.933, 8.253, 8.305, 7.378, 6.259, 7.019, 6.914, 6.98], [1.46, 0, 1.06, 2.74, 3.53, 2.56, 2.57, 2.14, 1.67, 1.73, 1.18, 1.66, 2.24, 2.29, 2.32, 2.73, 3.28, 3.2, 2.51, 2.04, 1.94, 1.72, 1.36, 1.58, 1.69, 1.74, 1.95, 1.97, 2.11, 2.05, 2.14, 2.01, 2.55, 2.68, 3.47, 4.31, 4.419, 5.899, 6.932, 6.535, 6.049, 5.182, 4.442, 4.475, 4.752, 3.686, 2.65, 2.32, 2.49, 2.98, 2.98, 3.709, 5.844, 4.973, 5.208, 5.507, 5.039, 4.6, 5.235, 7.399, 6.762, 8.093, 9.157, 9.444, 10.289, 10.151, 9.411, 9.271, 9.595, 10.525, 11.462, 12.067, 11.837, 10.544, 8.749, 7.31, 7.464, 7.534, 8.087, 9.41, 9.465, 8.518, 7.387, 8.07, 8.014, 8.069], [1.78, 1.06, 0, 2.34, 3.23, 2.28, 2.21, 1.7, 1.29, 1.27, 1.18, 1.5, 1.94, 2.03, 1.98, 2.49, 3.04, 2.84, 2.05, 1.64, 1.52, 1.54, 1.54, 1.88, 1.81, 1.8, 2.11, 1.91, 1.91, 1.81, 2.12, 2.27, 2.57, 2.6, 3.01, 4.09, 4.698, 6.365, 7.362, 7.019, 6.502, 5.535, 4.825, 4.918, 5.195, 4.029, 3.03, 2.48, 2.69, 3.618, 3.48, 4.212, 6.298, 5.502, 5.732, 6.002, 5.504, 5.08, 5.698, 7.853, 7.21, 8.536, 9.603, 9.887, 10.732, 10.593, 9.873, 9.713, 10.038, 10.968, 11.864, 12.47, 12.243, 10.993, 9.186, 7.753, 7.907, 7.977, 8.53, 9.853, 9.908, 8.981, 7.902, 8.602, 8.489, 8.549], [3.88, 2.74, 2.34, 0, 1.15, 0.7, 0.79, 1.0, 1.55, 1.69, 2.1, 2.26, 1.92, 1.89, 1.44, 0.93, 1.38, 1.18, 1.37, 1.62, 1.46, 1.84, 2.931, 3.534, 2.89, 2.809, 3.516, 3.339, 2.295, 2.953, 3.649, 3.822, 3.73, 3.36, 4.41, 5.776, 6.666, 8.553, 9.555, 9.218, 8.692, 7.765, 7.045, 7.172, 7.455, 6.249, 4.861, 4.133, 4.435, 5.511, 5.557, 6.409, 8.478, 7.61, 7.851, 8.147, 7.664, 7.225, 7.898, 10.053, 9.41, 10.756, 11.809, 12.147, 12.992, 12.853, 12.113, 11.961, 12.296, 13.222, 14.124, 14.69, 14.494, 13.236, 11.446, 10.013, 10.167, 10.237, 10.79, 12.113, 12.159, 11.221, 10.044, 10.739, 10.666, 10.726], [4.69, 3.53, 3.23, 1.15, 0, 1.35, 1.66, 1.91, 2.48, 2.54, 2.877, 3.138, 2.77, 2.62, 2.19, 1.46, 1.69, 1.59, 1.88, 2.23, 2.23, 2.615, 3.641, 4.304, 3.623, 3.639, 4.386, 4.265, 3.308, 3.865, 4.459, 4.612, 4.6, 4.275, 5.388, 6.619, 7.476, 9.363, 10.365, 10.028, 9.499, 8.555, 7.855, 7.982, 8.256, 7.044, 5.655, 4.923, 5.225, 6.301, 6.347, 7.199, 9.268, 8.42, 8.661, 8.957, 8.434, 7.975, 8.668, 10.843, 10.22, 11.566, 12.619, 12.957, 13.802, 13.663, 12.923, 12.771, 13.086, 14.032, 14.934, 15.5, 15.304, 14.046, 12.256, 10.823, 10.977, 11.047, 11.6, 12.923, 12.969, 12.031, 10.834, 11.549, 11.456, 11.536], [3.68, 2.56, 2.28, 0.7, 1.35, 0, 0.79, 1.0, 1.35, 1.45, 1.9, 2.08, 1.9, 1.83, 1.46, 1.03, 1.58, 1.46, 1.51, 1.68, 1.48, 1.66, 2.705, 3.329, 2.67, 2.64, 3.31, 3.153, 2.15, 2.81, 3.46, 3.61, 3.51, 3.16, 4.29, 5.637, 6.52, 8.347, 9.349, 9.012, 8.486, 7.559, 6.839, 6.972, 7.249, 6.043, 4.655, 3.948, 4.229, 5.305, 5.352, 6.203, 8.292, 7.424, 7.665, 7.961, 7.478, 7.039, 7.692, 9.867, 9.224, 10.57, 11.623, 11.941, 12.786, 12.648, 11.908, 11.768, 12.092, 13.022, 13.919, 14.484, 14.289, 13.03, 11.24, 9.807, 9.961, 10.031, 10.584, 11.907, 11.962, 11.015, 9.838, 10.533, 10.46, 10.52], [3.69, 2.57, 2.21, 0.79, 1.66, 0.79, 0, 0.77, 1.2, 1.38, 1.87, 1.99, 1.75, 1.78, 1.33, 1.04, 1.51, 1.21, 1.32, 1.39, 1.29, 1.63, 2.73, 3.33, 2.64, 2.61, 3.314, 3.137, 2.08, 2.76, 3.43, 3.58, 3.48, 3.09, 4.14, 5.554, 6.464, 8.351, 9.353, 9.016, 8.491, 7.543, 6.843, 6.976, 7.253, 6.047, 4.659, 3.972, 4.253, 5.309, 5.356, 6.207, 8.296, 7.428, 7.669, 7.965, 7.482, 7.043, 7.716, 9.871, 9.228, 10.574, 11.627, 11.945, 12.791, 12.652, 11.912, 11.772, 12.096, 13.026, 13.923, 14.489, 14.293, 13.034, 11.244, 9.811, 9.965, 10.035, 10.588, 11.911, 11.966, 11.019, 9.842, 10.537, 10.484, 10.544], [3.24, 2.14, 1.7, 1.0, 1.91, 1.0, 0.77, 0, 0.69, 0.95, 1.44, 1.54, 1.44, 1.41, 1.1, 1.17, 1.74, 1.42, 1.19, 1.1, 1.04, 1.26, 2.3, 2.88, 2.27, 2.18, 2.901, 2.744, 1.63, 2.33, 2.98, 3.13, 3.05, 2.7, 3.79, 5.09, 6.031, 7.918, 8.921, 8.583, 8.058, 7.111, 6.411, 6.537, 6.821, 5.614, 4.226, 3.519, 3.82, 4.876, 4.92, 5.774, 7.843, 6.975, 7.216, 7.512, 7.029, 6.591, 7.283, 9.418, 8.775, 10.121, 11.174, 11.512, 12.358, 12.219, 11.479, 11.326, 11.662, 12.587, 13.49, 14.056, 13.86, 12.601, 10.811, 9.378, 9.532, 9.602, 10.155, 11.478, 11.524, 10.586, 9.409, 10.104, 10.04, 10.111], [2.59, 1.67, 1.29, 1.55, 2.48, 1.35, 1.2, 0.69, 0, 0.56, 0.97, 1.09, 1.39, 1.46, 1.29, 1.64, 2.23, 2.05, 1.48, 1.09, 1.07, 1.17, 1.79, 2.21, 1.76, 1.57, 2.24, 2.08, 1.44, 1.8, 2.39, 2.52, 2.48, 2.37, 3.32, 4.52, 5.361, 7.248, 8.251, 7.913, 7.388, 6.441, 5.741, 5.873, 6.151, 4.944, 3.576, 2.89, 3.2, 4.23, 4.25, 5.104, 7.193, 6.325, 6.566, 6.86, 6.38, 5.93, 6.633, 8.76, 8.125, 9.471, 10.524, 10.842, 11.688, 11.549, 10.809, 10.669, 10.993, 11.923, 12.82, 13.386, 13.19, 11.931, 10.141, 8.708, 8.862, 8.932, 9.485, 10.808, 10.863, 9.916, 8.759, 9.454, 9.39, 9.461], [2.43, 1.73, 1.27, 1.69, 2.54, 1.45, 1.38, 0.95, 0.56, 0, 0.91, 0.97, 1.17, 1.24, 1.17, 1.8, 2.33, 2.27, 1.62, 1.31, 1.23, 1.19, 1.67, 2.01, 1.66, 1.37, 2.02, 1.86, 1.28, 1.5, 2.11, 2.24, 2.22, 2.17, 3.2, 4.28, 5.17, 7.028, 8.031, 7.693, 7.168, 6.221, 5.521, 5.653, 5.931, 4.764, 3.396, 2.67, 2.98, 4.01, 4.03, 4.89, 6.98, 6.12, 6.37, 6.64, 6.16, 5.73, 6.42, 8.54, 7.92, 9.26, 10.31, 10.642, 11.468, 11.329, 10.609, 10.449, 10.773, 11.703, 12.6, 13.18, 12.97, 11.711, 9.921, 8.488, 8.642, 8.712, 9.265, 10.588, 10.643, 9.696, 8.54, 9.234, 9.17, 9.241], [2.08, 1.18, 1.18, 2.1, 2.877, 1.9, 1.87, 1.44, 0.97, 0.91, 0, 1.1, 1.7, 1.73, 1.74, 2.25, 2.78, 2.72, 2.09, 1.7, 1.5, 1.32, 1.2, 1.56, 1.71, 1.36, 1.79, 1.71, 1.45, 1.45, 1.76, 1.87, 2.01, 2.04, 3.03, 4.11, 4.82, 6.57, 7.63, 7.25, 6.75, 5.82, 5.1, 5.181, 5.458, 4.271, 2.883, 2.26, 2.49, 3.513, 3.54, 4.4, 6.49, 5.63, 5.88, 6.15, 5.67, 5.22, 5.91, 8.05, 7.43, 8.77, 9.82, 10.149, 10.995, 10.856, 10.116, 9.976, 10.3, 11.231, 12.127, 12.69, 12.497, 11.238, 9.448, 8.015, 8.169, 8.239, 8.792, 10.115, 10.171, 9.223, 8.046, 8.741, 8.66, 8.74], [1.94, 1.66, 1.5, 2.26, 3.138, 2.08, 1.99, 1.54, 1.09, 0.97, 1.1, 0, 0.86, 0.99, 1.36, 2.23, 2.76, 2.7, 2.13, 1.7, 1.5, 0.96, 1.16, 1.5, 1.37, 1.0, 1.45, 1.31, 1.01, 1.15, 1.58, 1.73, 1.75, 1.56, 2.57, 3.63, 4.54, 6.395, 7.398, 7.061, 6.535, 5.608, 4.888, 5.021, 5.298, 4.091, 2.77, 2.08, 2.37, 3.4, 3.46, 4.26, 6.33, 5.47, 5.713, 5.99, 5.53, 5.08, 5.79, 7.89, 7.27, 8.61, 9.66, 9.989, 10.835, 10.696, 9.956, 9.816, 10.14, 11.071, 11.987, 12.59, 12.36, 11.09, 9.288, 7.855, 8.009, 8.079, 8.632, 9.955, 10.011, 9.083, 7.89, 8.61, 8.54, 8.62], [2.3, 2.24, 1.94, 1.92, 2.77, 1.9, 1.75, 1.44, 1.39, 1.17, 1.7, 0.86, 0, 0.47, 0.82, 1.77, 2.26, 2.16, 1.87, 1.46, 1.46, 1.18, 1.56, 2.16, 1.65, 1.48, 2.03, 1.85, 1.21, 1.59, 1.98, 2.17, 2.13, 1.74, 2.81, 4.07, 5.06, 6.887, 7.881, 7.543, 7.018, 6.094, 5.391, 5.503, 5.781, 4.574, 3.206, 2.52, 2.83, 3.86, 3.98, 4.777, 6.83, 5.962, 6.197, 6.49, 6.01, 5.56, 6.27, 8.387, 7.75, 9.104, 10.186, 10.481, 11.338, 11.214, 10.439, 10.286, 10.622, 11.547, 12.53, 13.136, 12.906, 11.593, 9.797, 8.341, 8.504, 8.571, 9.121, 10.441, 10.493, 9.546, 8.39, 9.13, 9.04, 9.117], [2.33, 2.29, 2.03, 1.89, 2.62, 1.83, 1.78, 1.41, 1.46, 1.24, 1.73, 0.99, 0.47, 0, 0.83, 1.7, 2.23, 2.13, 1.96, 1.53, 1.53, 1.25, 1.61, 2.21, 1.7, 1.59, 2.12, 1.96, 1.32, 1.72, 2.03, 2.2, 2.22, 1.85, 2.96, 4.16, 5.084, 6.937, 7.931, 7.593, 7.068, 6.144, 5.437, 5.553, 5.824, 4.624, 3.276, 2.63, 2.86, 3.91, 4.05, 4.827, 6.88, 6.012, 6.247, 6.526, 6.057, 5.61, 6.3, 8.437, 7.8, 9.154, 10.236, 10.531, 11.388, 11.264, 10.489, 10.319, 10.655, 11.58, 12.58, 13.186, 12.956, 11.643, 9.841, 8.388, 8.548, 8.615, 9.162, 10.482, 10.537, 9.596, 8.44, 9.169, 9.07, 9.147], [2.92, 2.32, 1.98, 1.44, 2.19, 1.46, 1.33, 1.1, 1.29, 1.17, 1.74, 1.36, 0.82, 0.83, 0, 1.13, 1.64, 1.52, 1.39, 1.14, 1.08, 1.04, 1.96, 2.68, 1.93, 1.98, 2.65, 2.49, 1.61, 2.17, 2.7, 2.87, 2.85, 2.44, 3.49, 4.79, 5.754, 7.607, 8.518, 8.178, 7.652, 6.714, 6.008, 6.129, 6.38, 5.194, 3.826, 3.079, 3.447, 4.5, 4.7, 5.477, 7.433, 6.662, 6.837, 7.156, 6.65, 6.16, 6.87, 9.087, 8.45, 9.824, 10.906, 11.161, 11.949, 11.828, 11.085, 10.889, 11.205, 12.162, 13.25, 13.856, 13.626, 12.313, 10.511, 9.058, 9.178, 9.245, 9.812, 11.152, 11.11, 10.198, 9.05, 9.85, 9.76, 9.837], [3.83, 2.73, 2.49, 0.93, 1.46, 1.03, 1.04, 1.17, 1.64, 1.8, 2.25, 2.23, 1.77, 1.7, 1.13, 0, 0.87, 0.75, 1.22, 1.43, 1.27, 1.73, 2.81, 3.562, 2.78, 2.796, 3.523, 3.372, 2.46, 3.06, 3.604, 3.786, 3.76, 3.37, 4.46, 5.76, 6.667, 8.517, 9.446, 9.106, 8.58, 7.647, 6.924, 7.045, 7.29, 6.127, 4.739, 4.012, 4.34, 5.41, 5.599, 6.39, 8.366, 7.574, 7.75, 8.069, 7.54, 7.09, 7.757, 10.0, 9.363, 10.737, 11.819, 12.068, 12.865, 12.744, 12.012, 11.805, 12.121, 13.077, 14.146, 14.769, 14.527, 13.214, 11.407, 9.954, 10.074, 10.141, 10.708, 12.048, 12.023, 11.082, 9.949, 10.749, 10.621, 10.698], [4.38, 3.28, 3.04, 1.38, 1.69, 1.58, 1.51, 1.74, 2.23, 2.33, 2.78, 2.76, 2.26, 2.23, 1.64, 0.87, 0, 0.84, 1.49, 1.72, 1.7, 2.28, 3.36, 4.092, 3.319, 3.346, 4.073, 3.922, 3.01, 3.61, 4.174, 4.35, 4.31, 3.9, 5.01, 6.31, 7.217, 9.07, 10.041, 9.701, 9.161, 8.237, 7.534, 7.646, 7.914, 6.717, 5.329, 4.582, 4.95, 6.0, 6.149, 6.94, 8.956, 8.124, 8.34, 8.639, 8.11, 7.66, 8.367, 10.55, 9.913, 11.287, 12.369, 12.624, 13.484, 13.357, 12.602, 12.429, 12.745, 13.696, 14.713, 15.319, 15.089, 13.776, 11.98, 10.524, 10.647, 10.714, 11.284, 12.624, 12.636, 11.701, 10.519, 11.302, 11.206, 11.28], [4.32, 3.2, 2.84, 1.18, 1.59, 1.46, 1.21, 1.42, 2.05, 2.27, 2.72, 2.7, 2.16, 2.13, 1.52, 0.75, 0.84, 0, 1.05, 1.44, 1.46, 2.04, 3.28, 4.032, 3.239, 3.286, 4.013, 3.842, 2.819, 3.547, 4.114, 4.29, 4.25, 3.82, 4.79, 6.204, 7.157, 9.01, 9.981, 9.641, 9.101, 8.177, 7.474, 7.586, 7.854, 6.657, 5.269, 4.522, 4.87, 5.94, 6.089, 6.88, 8.896, 8.064, 8.28, 8.579, 8.05, 7.6, 8.287, 10.49, 9.853, 11.227, 12.309, 12.564, 13.424, 13.297, 12.542, 12.369, 12.685, 13.636, 14.653, 15.259, 15.029, 13.716, 11.92, 10.464, 10.587, 10.654, 11.224, 12.564, 12.576, 11.641, 10.459, 11.242, 11.126, 11.2], [3.61, 2.51, 2.05, 1.37, 1.88, 1.51, 1.32, 1.19, 1.48, 1.62, 2.09, 2.13, 1.87, 1.96, 1.39, 1.22, 1.49, 1.05, 0, 0.77, 0.95, 1.59, 2.65, 3.35, 2.62, 2.61, 3.3, 3.132, 2.4, 2.9, 3.45, 3.54, 3.56, 3.39, 4.2, 5.56, 6.427, 8.291, 9.293, 8.956, 8.431, 7.483, 6.783, 6.916, 7.184, 5.972, 4.619, 3.872, 4.193, 5.27, 5.319, 6.127, 8.226, 7.374, 7.589, 7.909, 7.362, 6.903, 7.596, 9.771, 9.163, 10.494, 11.559, 11.885, 12.731, 12.592, 11.851, 11.699, 12.015, 12.96, 13.883, 14.489, 14.259, 12.986, 11.184, 9.751, 9.905, 9.975, 10.528, 11.851, 11.897, 10.959, 9.789, 10.492, 10.396, 10.464], [3.1, 2.04, 1.64, 1.62, 2.23, 1.68, 1.39, 1.1, 1.09, 1.31, 1.7, 1.7, 1.46, 1.53, 1.14, 1.43, 1.72, 1.44, 0.77, 0, 0.66, 1.14, 2.14, 2.9, 2.15, 2.16, 2.75, 2.61, 2.09, 2.49, 3.0, 3.05, 3.17, 3.0, 3.87, 5.09, 5.894, 7.767, 8.761, 8.423, 7.898, 6.971, 6.251, 6.383, 6.661, 5.454, 4.106, 3.379, 3.73, 4.737, 4.826, 5.617, 7.71, 6.85, 7.097, 7.37, 6.867, 6.417, 7.083, 9.267, 8.65, 9.984, 11.06, 11.352, 12.198, 12.079, 11.319, 11.179, 11.499, 12.433, 13.39, 13.996, 13.766, 12.453, 10.657, 9.218, 9.384, 9.442, 9.995, 11.318, 11.373, 10.426, 9.256, 9.979, 9.863, 9.937], [2.98, 1.94, 1.52, 1.46, 2.23, 1.48, 1.29, 1.04, 1.07, 1.23, 1.5, 1.5, 1.46, 1.53, 1.08, 1.27, 1.7, 1.46, 0.95, 0.66, 0, 0.9, 1.88, 2.7, 1.85, 1.96, 2.61, 2.45, 1.93, 2.37, 2.86, 2.97, 3.07, 2.86, 3.79, 4.87, 5.76, 7.63, 8.59, 8.25, 7.726, 6.78, 6.08, 6.198, 6.465, 5.268, 3.9, 3.133, 3.49, 4.52, 4.7, 5.5, 7.49, 6.67, 6.88, 7.19, 6.65, 6.2, 6.89, 9.11, 8.47, 9.85, 10.92, 11.19, 12.03, 11.9, 11.159, 10.981, 11.296, 12.247, 13.27, 13.87, 13.64, 12.33, 10.54, 9.09, 9.21, 9.28, 9.85, 11.19, 11.188, 10.25, 9.05, 9.85, 9.74, 9.82], [2.44, 1.72, 1.54, 1.84, 2.615, 1.66, 1.63, 1.26, 1.17, 1.19, 1.32, 0.96, 1.18, 1.25, 1.04, 1.73, 2.28, 2.04, 1.59, 1.14, 0.9, 0, 1.32, 2.08, 1.57, 1.48, 2.09, 1.93, 1.31, 1.77, 2.28, 2.47, 2.49, 2.3, 3.25, 4.31, 5.22, 7.07, 8.03, 7.69, 7.17, 6.22, 5.52, 5.638, 5.915, 4.708, 3.34, 2.6, 2.91, 3.96, 4.14, 4.94, 6.93, 6.11, 6.32, 6.63, 6.09, 5.64, 6.33, 8.55, 7.91, 9.29, 10.36, 10.63, 11.47, 11.34, 10.599, 10.433, 10.753, 11.688, 12.71, 13.31, 13.08, 11.77, 9.98, 8.53, 8.65, 8.72, 9.29, 10.63, 10.628, 9.69, 8.49, 9.29, 9.18, 9.26], [1.38, 1.36, 1.54, 2.931, 3.641, 2.705, 2.73, 2.3, 1.79, 1.67, 1.2, 1.16, 1.56, 1.61, 1.96, 2.81, 3.36, 3.28, 2.65, 2.14, 1.88, 1.32, 0, 1.16, 1.25, 1.28, 1.49, 1.33, 1.59, 1.29, 1.32, 1.41, 1.77, 1.76, 2.63, 3.51, 4.06, 5.81, 6.75, 6.41, 5.89, 4.96, 4.24, 4.37, 4.65, 3.462, 2.07, 1.48, 1.67, 2.7, 2.9, 3.68, 5.67, 4.87, 5.06, 5.39, 4.85, 4.38, 5.05, 7.31, 6.67, 8.05, 9.12, 9.37, 10.19, 10.06, 9.32, 9.17, 9.494, 10.42, 11.45, 12.05, 11.82, 10.51, 8.72, 7.27, 7.39, 7.46, 8.03, 9.37, 9.36, 8.41, 7.23, 8.03, 7.92, 8.0], [1.58, 1.58, 1.88, 3.534, 4.304, 3.329, 3.33, 2.88, 2.21, 2.01, 1.56, 1.5, 2.16, 2.21, 2.68, 3.562, 4.092, 4.032, 3.35, 2.9, 2.7, 2.08, 1.16, 0, 1.39, 1.4, 1.37, 1.33, 1.79, 1.53, 1.54, 1.53, 1.87, 1.9, 2.69, 3.63, 4.06, 5.25, 6.37, 5.91, 5.41, 4.58, 3.92, 3.81, 3.99, 2.89, 1.49, 1.4, 1.51, 2.2, 2.16, 2.9, 5.03, 4.19, 4.44, 4.71, 4.21, 3.76, 4.43, 6.59, 5.97, 7.31, 8.36, 8.67, 9.53, 9.4, 8.66, 8.52, 8.85, 9.76, 10.63, 11.23, 11.0, 9.75, 7.96, 6.53, 6.69, 6.76, 7.31, 8.63, 8.7, 7.75, 6.57, 7.27, 7.18, 7.26], [1.85, 1.69, 1.81, 2.89, 3.623, 2.67, 2.64, 2.27, 1.76, 1.66, 1.71, 1.37, 1.65, 1.7, 1.93, 2.78, 3.319, 3.239, 2.62, 2.15, 1.85, 1.57, 1.25, 1.39, 0, 1.17, 1.46, 1.54, 1.82, 1.84, 1.95, 2.14, 2.3, 2.15, 2.96, 3.7, 4.37, 5.86, 6.88, 6.48, 5.96, 5.01, 4.31, 4.42, 4.7, 3.54, 2.36, 1.77, 2.14, 3.07, 3.09, 3.73, 5.74, 4.94, 5.15, 5.48, 5.0, 4.55, 5.24, 7.3, 6.72, 8.02, 9.09, 9.38, 10.24, 10.11, 9.37, 9.23, 9.56, 10.47, 11.42, 12.02, 11.79, 10.48, 8.69, 7.24, 7.4, 7.47, 8.02, 9.34, 9.41, 8.48, 7.38, 8.16, 8.01, 8.09], [1.9, 1.74, 1.8, 2.809, 3.639, 2.64, 2.61, 2.18, 1.57, 1.37, 1.36, 1.0, 1.48, 1.59, 1.98, 2.796, 3.346, 3.286, 2.61, 2.16, 1.96, 1.48, 1.28, 1.4, 1.17, 0, 0.81, 0.89, 0.99, 1.01, 1.3, 1.43, 1.47, 1.58, 2.39, 3.31, 4.08, 5.81, 6.87, 6.47, 5.97, 5.04, 4.34, 4.43, 4.71, 3.61, 2.37, 1.88, 2.05, 2.84, 2.92, 3.66, 5.71, 4.85, 5.1, 5.41, 4.95, 4.52, 5.21, 7.27, 6.67, 7.99, 9.04, 9.39, 10.232, 10.113, 9.38, 9.213, 9.537, 10.468, 11.39, 11.99, 11.76, 10.47, 8.68, 7.25, 7.406, 7.476, 8.029, 9.35, 9.408, 8.49, 7.31, 8.03, 7.96, 8.04], [1.83, 1.95, 2.11, 3.516, 4.386, 3.31, 3.314, 2.901, 2.24, 2.02, 1.79, 1.45, 2.03, 2.12, 2.65, 3.523, 4.073, 4.013, 3.3, 2.75, 2.61, 2.09, 1.49, 1.37, 1.46, 0.81, 0, 0.56, 1.4, 1.08, 1.23, 1.12, 1.36, 1.65, 2.2, 3.06, 3.53, 5.12, 6.22, 5.76, 5.28, 4.39, 3.69, 3.68, 3.98, 3.04, 1.98, 1.75, 1.7, 2.19, 2.29, 3.01, 5.04, 4.16, 4.41, 4.74, 4.3, 3.87, 4.54, 6.6, 6.0, 7.26, 8.33, 8.64, 9.5, 9.39, 8.67, 8.49, 8.82, 9.73, 10.66, 11.26, 11.03, 9.72, 7.93, 6.5, 6.66, 6.73, 7.28, 8.6, 8.67, 7.78, 6.64, 7.36, 7.29, 7.35], [1.75, 1.97, 1.91, 3.339, 4.265, 3.153, 3.137, 2.744, 2.08, 1.86, 1.71, 1.31, 1.85, 1.96, 2.49, 3.372, 3.922, 3.842, 3.132, 2.61, 2.45, 1.93, 1.33, 1.33, 1.54, 0.89, 0.56, 0, 1.2, 0.84, 1.07, 1.2, 1.28, 1.49, 1.96, 3.04, 3.67, 5.24, 6.32, 5.9, 5.4, 4.51, 3.79, 3.86, 4.16, 3.28, 2.16, 1.85, 1.74, 2.39, 2.41, 3.15, 5.22, 4.36, 4.59, 4.9, 4.46, 4.03, 4.7, 6.78, 6.16, 7.44, 8.49, 8.82, 9.68, 9.57, 8.85, 8.67, 9.0, 9.91, 10.82, 11.42, 11.19, 9.9, 8.11, 6.68, 6.84, 6.91, 7.46, 8.78, 8.85, 7.96, 6.8, 7.5, 7.45, 7.51], [2.27, 2.11, 1.91, 2.295, 3.308, 2.15, 2.08, 1.63, 1.44, 1.28, 1.45, 1.01, 1.21, 1.32, 1.61, 2.46, 3.01, 2.819, 2.4, 2.09, 1.93, 1.31, 1.59, 1.79, 1.82, 0.99, 1.4, 1.2, 0, 0.92, 1.55, 1.76, 1.54, 1.39, 2.4, 3.74, 4.63, 6.4, 7.44, 7.08, 6.58, 5.65, 4.93, 5.02, 5.3, 4.22, 3.0, 2.41, 2.46, 3.35, 3.37, 4.23, 6.32, 5.44, 5.69, 5.98, 5.5, 5.07, 5.76, 7.88, 7.24, 8.58, 9.63, 9.98, 10.84, 10.703, 9.97, 9.803, 10.147, 11.058, 11.94, 12.5, 12.31, 11.06, 9.27, 7.84, 7.996, 8.066, 8.619, 9.94, 9.998, 9.06, 7.88, 8.56, 8.51, 8.57], [1.93, 2.05, 1.81, 2.953, 3.865, 2.81, 2.76, 2.33, 1.8, 1.5, 1.45, 1.15, 1.59, 1.72, 2.17, 3.06, 3.61, 3.547, 2.9, 2.49, 2.37, 1.77, 1.29, 1.53, 1.84, 1.01, 1.08, 0.84, 0.92, 0, 0.91, 1.14, 1.0, 1.13, 1.86, 3.04, 3.87, 5.64, 6.68, 6.291, 5.82, 4.89, 4.17, 4.251, 4.548, 3.62, 2.48, 2.09, 1.98, 2.67, 2.65, 3.49, 5.58, 4.7, 4.95, 5.22, 4.76, 4.33, 5.02, 7.14, 6.5, 7.84, 8.89, 9.24, 10.085, 9.946, 9.226, 9.046, 9.39, 10.301, 11.2, 11.76, 11.567, 10.32, 8.518, 7.085, 7.239, 7.309, 7.862, 9.185, 9.241, 8.313, 7.14, 7.82, 7.77, 7.83], [1.54, 2.14, 2.12, 3.649, 4.459, 3.46, 3.43, 2.98, 2.39, 2.11, 1.76, 1.58, 1.98, 2.03, 2.7, 3.604, 4.174, 4.114, 3.45, 3.0, 2.86, 2.28, 1.32, 1.54, 1.95, 1.3, 1.23, 1.07, 1.55, 0.91, 0, 0.71, 0.75, 0.98, 1.47, 2.57, 3.24, 4.99, 6.03, 5.65, 5.13, 4.18, 3.5, 3.601, 3.858, 2.89, 1.81, 1.76, 1.27, 1.98, 2.2, 2.8, 4.89, 4.03, 4.28, 4.55, 4.07, 3.64, 4.33, 6.45, 5.83, 7.17, 8.22, 8.569, 9.395, 9.256, 8.536, 8.376, 8.7, 9.631, 10.567, 11.17, 10.94, 9.65, 7.854, 6.415, 6.569, 6.639, 7.192, 8.515, 8.571, 7.623, 6.45, 7.15, 7.08, 7.16], [1.43, 2.01, 2.27, 3.822, 4.612, 3.61, 3.58, 3.13, 2.52, 2.24, 1.87, 1.73, 2.17, 2.2, 2.87, 3.786, 4.35, 4.29, 3.54, 3.05, 2.97, 2.47, 1.41, 1.53, 2.14, 1.43, 1.12, 1.2, 1.76, 1.14, 0.71, 0, 0.78, 1.27, 1.78, 2.78, 3.19, 4.86, 5.94, 5.54, 5.06, 4.15, 3.43, 3.473, 3.691, 2.86, 1.68, 1.71, 1.3, 1.81, 2.01, 2.65, 4.74, 3.88, 4.13, 4.4, 3.92, 3.49, 4.18, 6.3, 5.68, 7.02, 8.07, 8.402, 9.228, 9.089, 8.369, 8.209, 8.533, 9.463, 10.38, 11.0, 10.756, 9.483, 7.681, 6.248, 6.402, 6.472, 7.025, 8.348, 8.403, 7.456, 6.3, 7.0, 6.93, 7.01], [1.95, 2.55, 2.57, 3.73, 4.6, 3.51, 3.48, 3.05, 2.48, 2.22, 2.01, 1.75, 2.13, 2.22, 2.85, 3.76, 4.31, 4.25, 3.56, 3.17, 3.07, 2.49, 1.77, 1.87, 2.3, 1.47, 1.36, 1.28, 1.54, 1.0, 0.75, 0.78, 0, 0.77, 1.42, 2.5, 3.25, 4.92, 5.98, 5.576, 5.111, 4.203, 3.49, 3.516, 3.793, 2.98, 1.94, 2.03, 1.54, 1.93, 2.31, 2.83, 4.86, 3.98, 4.23, 4.5, 4.04, 3.61, 4.3, 6.42, 5.78, 7.12, 8.17, 8.505, 9.331, 9.192, 8.472, 8.292, 8.636, 9.546, 10.463, 11.04, 10.813, 9.574, 7.764, 6.331, 6.485, 6.555, 7.108, 8.431, 8.486, 7.559, 6.42, 7.1, 7.05, 7.11], [2.16, 2.68, 2.6, 3.36, 4.275, 3.16, 3.09, 2.7, 2.37, 2.17, 2.04, 1.56, 1.74, 1.85, 2.44, 3.37, 3.9, 3.82, 3.39, 3.0, 2.86, 2.3, 1.76, 1.9, 2.15, 1.58, 1.65, 1.49, 1.39, 1.13, 0.98, 1.27, 0.77, 0, 1.49, 2.81, 3.66, 5.33, 6.37, 6.01, 5.49, 4.56, 3.84, 3.961, 4.218, 3.23, 2.19, 2.1, 1.75, 2.3, 2.62, 3.16, 5.25, 4.39, 4.64, 4.91, 4.43, 3.98, 4.69, 6.81, 6.19, 7.53, 8.58, 8.909, 9.755, 9.616, 8.876, 8.736, 9.06, 9.991, 10.887, 11.47, 11.26, 9.998, 8.208, 6.775, 6.929, 6.999, 7.552, 8.875, 8.931, 7.983, 6.81, 7.51, 7.44, 7.52], [2.81, 3.47, 3.01, 4.41, 5.388, 4.29, 4.14, 3.79, 3.32, 3.2, 3.03, 2.57, 2.81, 2.96, 3.49, 4.46, 5.01, 4.79, 4.2, 3.87, 3.79, 3.25, 2.63, 2.69, 2.96, 2.39, 2.2, 1.96, 2.4, 1.86, 1.47, 1.78, 1.42, 1.49, 0, 1.82, 2.77, 4.4, 5.42, 5.06, 4.54, 3.55, 2.87, 3.0, 3.34, 3.16, 2.5, 2.69, 2.12, 2.07, 2.43, 2.75, 4.32, 3.64, 3.89, 4.14, 3.62, 3.39, 3.72, 5.82, 5.22, 6.54, 7.67, 7.9, 8.76, 8.63, 7.89, 7.75, 8.08, 8.99, 9.9, 10.56, 10.35, 9.04, 7.19, 5.76, 5.92, 5.99, 6.54, 7.86, 7.93, 6.98, 5.92, 6.66, 6.47, 6.55], [3.59, 4.31, 4.09, 5.776, 6.619, 5.637, 5.554, 5.09, 4.52, 4.28, 4.11, 3.63, 4.07, 4.16, 4.79, 5.76, 6.31, 6.204, 5.56, 5.09, 4.87, 4.31, 3.51, 3.63, 3.7, 3.31, 3.06, 3.04, 3.74, 3.04, 2.57, 2.78, 2.5, 2.81, 1.82, 0, 1.27, 2.96, 4.02, 3.68, 3.26, 2.49, 2.07, 2.36, 3.22, 3.52, 3.34, 3.65, 3.04, 2.55, 3.21, 3.37, 3.9, 3.22, 3.69, 3.8, 3.66, 3.57, 2.92, 4.46, 3.98, 5.12, 6.19, 6.48, 7.32, 7.19, 6.49, 6.33, 6.64, 7.57, 8.48, 9.1, 8.85, 7.54, 5.75, 4.34, 4.56, 4.61, 5.1, 6.42, 6.49, 5.68, 4.6, 5.24, 5.11, 5.19], [3.5, 4.419, 4.698, 6.666, 7.476, 6.52, 6.464, 6.031, 5.361, 5.17, 4.82, 4.54, 5.06, 5.084, 5.754, 6.667, 7.217, 7.157, 6.427, 5.894, 5.76, 5.22, 4.06, 4.06, 4.37, 4.08, 3.53, 3.67, 4.63, 3.87, 3.24, 3.19, 3.25, 3.66, 2.77, 1.27, 0, 1.93, 3.03, 2.75, 2.39, 1.98, 1.9, 2.23, 3.13, 3.45, 3.63, 4.14, 3.61, 2.44, 3.16, 3.26, 3.69, 3.01, 3.52, 3.53, 3.47, 3.44, 2.41, 3.47, 3.35, 4.15, 5.24, 5.51, 6.35, 6.22, 5.52, 5.34, 5.67, 6.58, 7.51, 8.13, 7.88, 6.57, 4.78, 3.53, 3.79, 3.82, 4.13, 5.45, 5.54, 4.77, 3.59, 4.17, 4.1, 4.16], [4.748, 5.899, 6.365, 8.553, 9.363, 8.347, 8.351, 7.918, 7.248, 7.028, 6.57, 6.395, 6.887, 6.937, 7.607, 8.517, 9.07, 9.01, 8.291, 7.767, 7.63, 7.07, 5.81, 5.25, 5.86, 5.81, 5.12, 5.24, 6.4, 5.64, 4.99, 4.86, 4.92, 5.33, 4.4, 2.96, 1.93, 0, 1.42, 1.14, 1.1, 1.49, 1.99, 2.04, 2.52, 3.86, 4.7, 5.41, 4.86, 3.49, 3.89, 3.71, 3.0, 2.64, 2.87, 3.16, 3.16, 3.49, 2.2, 1.82, 2.48, 2.3, 3.43, 3.62, 4.46, 4.33, 3.67, 3.49, 3.8, 4.71, 5.66, 6.32, 6.07, 4.74, 2.97, 2.12, 2.18, 2.17, 2.3, 3.56, 3.65, 2.98, 1.96, 2.5, 2.37, 2.41], [5.828, 6.932, 7.362, 9.555, 10.365, 9.349, 9.353, 8.921, 8.251, 8.031, 7.63, 7.398, 7.881, 7.931, 8.518, 9.446, 10.041, 9.981, 9.293, 8.761, 8.59, 8.03, 6.75, 6.37, 6.88, 6.87, 6.22, 6.32, 7.44, 6.68, 6.03, 5.94, 5.98, 6.37, 5.42, 4.02, 3.03, 1.42, 0, 0.72, 1.4, 2.05, 2.75, 2.88, 3.22, 4.78, 5.58, 6.29, 5.8, 4.55, 4.71, 4.31, 3.24, 3.24, 3.27, 3.6, 3.62, 4.07, 2.8, 2.06, 2.76, 2.06, 2.61, 2.72, 3.48, 3.37, 2.71, 2.61, 2.88, 3.69, 4.84, 5.5, 5.23, 3.92, 2.87, 2.24, 1.7, 1.65, 1.78, 2.68, 2.65, 2.2, 1.36, 1.68, 1.59, 1.59], [5.428, 6.535, 7.019, 9.218, 10.028, 9.012, 9.016, 8.583, 7.913, 7.693, 7.25, 7.061, 7.543, 7.593, 8.178, 9.106, 9.701, 9.641, 8.956, 8.423, 8.25, 7.69, 6.41, 5.91, 6.48, 6.47, 5.76, 5.9, 7.08, 6.291, 5.65, 5.54, 5.576, 6.01, 5.06, 3.68, 2.75, 1.14, 0.72, 0, 0.94, 1.63, 2.33, 2.36, 2.78, 4.34, 5.14, 5.85, 5.36, 4.11, 4.23, 3.83, 2.74, 2.8, 2.77, 3.14, 3.14, 3.61, 2.4, 1.96, 2.3, 2.1, 2.97, 3.04, 3.82, 3.73, 3.05, 2.91, 3.14, 4.01, 5.16, 5.82, 5.55, 4.24, 2.63, 1.82, 1.32, 1.37, 1.68, 3.0, 2.95, 2.22, 1.52, 2.06, 2.01, 2.03], [4.948, 6.049, 6.502, 8.692, 9.499, 8.486, 8.491, 8.058, 7.388, 7.168, 6.75, 6.535, 7.018, 7.068, 7.652, 8.58, 9.161, 9.101, 8.431, 7.898, 7.726, 7.17, 5.89, 5.41, 5.96, 5.97, 5.28, 5.4, 6.58, 5.82, 5.13, 5.06, 5.111, 5.49, 4.54, 3.26, 2.39, 1.1, 1.4, 0.94, 0, 1.15, 1.83, 1.88, 2.16, 3.8, 4.62, 5.33, 4.88, 3.61, 3.67, 3.29, 2.32, 2.22, 2.21, 2.62, 2.6, 3.05, 1.9, 1.88, 2.12, 2.4, 3.49, 3.64, 4.36, 4.29, 3.63, 3.41, 3.7, 4.65, 5.8, 6.42, 6.15, 4.82, 3.03, 1.84, 1.84, 1.83, 2.26, 3.6, 3.57, 2.86, 2.0, 2.7, 2.67, 2.67], [4.061, 5.182, 5.535, 7.765, 8.555, 7.559, 7.543, 7.111, 6.441, 6.221, 5.82, 5.608, 6.094, 6.144, 6.714, 7.647, 8.237, 8.177, 7.483, 6.971, 6.78, 6.22, 4.96, 4.58, 5.01, 5.04, 4.39, 4.51, 5.65, 4.89, 4.18, 4.15, 4.203, 4.56, 3.55, 2.49, 1.98, 1.49, 2.05, 1.63, 1.15, 0, 0.9, 1.05, 1.57, 3.03, 3.83, 4.52, 3.99, 2.84, 2.96, 2.7, 2.09, 1.69, 1.88, 2.21, 2.05, 2.38, 1.35, 2.63, 2.15, 3.25, 4.42, 4.53, 5.29, 5.18, 4.52, 4.3, 4.63, 5.52, 6.63, 7.31, 7.06, 5.75, 3.86, 2.37, 2.51, 2.62, 3.13, 4.47, 4.44, 3.67, 2.81, 3.57, 3.36, 3.42], [3.322, 4.442, 4.825, 7.045, 7.855, 6.839, 6.843, 6.411, 5.741, 5.521, 5.1, 4.888, 5.391, 5.437, 6.008, 6.924, 7.534, 7.474, 6.783, 6.251, 6.08, 5.52, 4.24, 3.92, 4.31, 4.34, 3.69, 3.79, 4.93, 4.17, 3.5, 3.43, 3.49, 3.84, 2.87, 2.07, 1.9, 1.99, 2.75, 2.33, 1.83, 0.9, 0, 0.65, 1.41, 2.41, 3.13, 3.72, 3.25, 2.26, 2.56, 2.36, 2.23, 1.77, 2.08, 2.41, 2.09, 2.14, 1.51, 3.37, 2.81, 3.97, 5.16, 5.23, 5.99, 5.9, 5.24, 5.02, 5.33, 6.22, 7.37, 8.05, 7.8, 6.49, 4.58, 3.07, 3.21, 3.26, 3.83, 5.17, 5.14, 4.37, 3.53, 4.33, 4.12, 4.18], [3.335, 4.475, 4.918, 7.172, 7.982, 6.972, 6.976, 6.537, 5.873, 5.653, 5.181, 5.021, 5.503, 5.553, 6.129, 7.045, 7.646, 7.586, 6.916, 6.383, 6.198, 5.638, 4.37, 3.81, 4.42, 4.43, 3.68, 3.86, 5.02, 4.251, 3.601, 3.473, 3.516, 3.961, 3.0, 2.36, 2.23, 2.04, 2.88, 2.36, 1.88, 1.05, 0.65, 0, 1.02, 2.04, 2.84, 3.53, 3.12, 2.05, 2.47, 2.21, 2.08, 1.56, 1.81, 2.16, 1.74, 1.89, 1.42, 3.26, 2.72, 3.88, 5.07, 5.14, 5.92, 5.83, 5.11, 4.85, 5.18, 6.05, 7.26, 7.94, 7.69, 6.4, 4.49, 3.0, 3.14, 3.19, 3.76, 5.1, 5.01, 4.26, 3.54, 4.26, 4.03, 4.09], [3.592, 4.752, 5.195, 7.455, 8.256, 7.249, 7.253, 6.821, 6.151, 5.931, 5.458, 5.298, 5.781, 5.824, 6.38, 7.29, 7.914, 7.854, 7.184, 6.661, 6.465, 5.915, 4.65, 3.99, 4.7, 4.71, 3.98, 4.16, 5.3, 4.548, 3.858, 3.691, 3.793, 4.218, 3.34, 3.22, 3.13, 2.52, 3.22, 2.78, 2.16, 1.57, 1.41, 1.02, 0, 1.82, 2.86, 3.63, 3.24, 2.05, 2.27, 1.97, 1.68, 1.3, 1.43, 1.84, 1.36, 1.61, 1.44, 3.1, 2.64, 3.76, 4.97, 5.0, 5.74, 5.67, 4.91, 4.55, 4.86, 5.89, 7.18, 7.86, 7.63, 6.3, 4.39, 2.92, 3.06, 3.13, 3.66, 4.98, 4.87, 4.1, 3.52, 4.16, 4.07, 4.13], [2.566, 3.686, 4.029, 6.249, 7.044, 6.043, 6.047, 5.614, 4.944, 4.764, 4.271, 4.091, 4.574, 4.624, 5.194, 6.127, 6.717, 6.657, 5.972, 5.454, 5.268, 4.708, 3.462, 2.89, 3.54, 3.61, 3.04, 3.28, 4.22, 3.62, 2.89, 2.86, 2.98, 3.23, 3.16, 3.52, 3.45, 3.86, 4.78, 4.34, 3.8, 3.03, 2.41, 2.04, 1.82, 0, 1.5, 2.25, 1.88, 1.63, 2.21, 2.03, 2.9, 2.46, 2.51, 2.82, 2.18, 1.93, 2.68, 4.36, 3.76, 5.1, 6.25, 6.26, 7.02, 6.91, 6.11, 5.87, 6.12, 7.27, 8.46, 9.12, 8.93, 7.62, 5.67, 4.22, 4.44, 4.59, 5.1, 6.3, 6.21, 5.32, 4.92, 5.66, 5.55, 5.67], [2.09, 2.65, 3.03, 4.861, 5.655, 4.655, 4.659, 4.226, 3.576, 3.396, 2.883, 2.77, 3.206, 3.276, 3.826, 4.739, 5.329, 5.269, 4.619, 4.106, 3.9, 3.34, 2.07, 1.49, 2.36, 2.37, 1.98, 2.16, 3.0, 2.48, 1.81, 1.68, 1.94, 2.19, 2.5, 3.34, 3.63, 4.7, 5.58, 5.14, 4.62, 3.83, 3.13, 2.84, 2.86, 1.5, 0, 0.99, 0.9, 1.65, 2.01, 2.25, 4.04, 3.5, 3.59, 3.9, 3.24, 2.75, 3.46, 5.6, 4.94, 6.28, 7.49, 7.58, 8.34, 8.17, 7.41, 7.17, 7.46, 8.59, 9.72, 10.36, 10.17, 8.86, 6.97, 5.48, 5.62, 5.69, 6.24, 7.6, 7.51, 6.6, 5.92, 6.64, 6.39, 6.45], [1.78, 2.32, 2.48, 4.133, 4.923, 3.948, 3.972, 3.519, 2.89, 2.67, 2.26, 2.08, 2.52, 2.63, 3.079, 4.012, 4.582, 4.522, 3.872, 3.379, 3.133, 2.6, 1.48, 1.4, 1.77, 1.88, 1.75, 1.85, 2.41, 2.09, 1.76, 1.71, 2.03, 2.1, 2.69, 3.65, 4.14, 5.41, 6.29, 5.85, 5.33, 4.52, 3.72, 3.53, 3.63, 2.25, 0.99, 0, 0.95, 2.26, 2.48, 3.02, 4.85, 4.29, 4.42, 4.75, 4.09, 3.56, 4.27, 6.35, 5.81, 7.09, 8.36, 8.33, 9.13, 8.98, 8.22, 7.98, 8.25, 9.3, 10.57, 11.25, 11.06, 9.75, 7.74, 6.31, 6.41, 6.46, 7.01, 8.39, 8.34, 7.33, 6.69, 7.49, 7.24, 7.32], [1.85, 2.49, 2.69, 4.435, 5.225, 4.229, 4.253, 3.82, 3.2, 2.98, 2.49, 2.37, 2.83, 2.86, 3.447, 4.34, 4.95, 4.87, 4.193, 3.73, 3.49, 2.91, 1.67, 1.51, 2.14, 2.05, 1.7, 1.74, 2.46, 1.98, 1.27, 1.3, 1.54, 1.75, 2.12, 3.04, 3.61, 4.86, 5.8, 5.36, 4.88, 3.99, 3.25, 3.12, 3.24, 1.88, 0.9, 0.95, 0, 1.75, 2.11, 2.51, 4.28, 3.72, 3.83, 4.16, 3.5, 2.99, 3.68, 5.86, 5.26, 6.6, 7.81, 7.92, 8.68, 8.49, 7.77, 7.61, 7.9, 8.95, 10.02, 10.68, 10.49, 9.18, 7.27, 5.82, 5.94, 6.03, 6.6, 7.92, 7.93, 6.96, 6.14, 6.88, 6.67, 6.77], [2.2, 2.98, 3.618, 5.511, 6.301, 5.305, 5.309, 4.876, 4.23, 4.01, 3.513, 3.4, 3.86, 3.91, 4.5, 5.41, 6.0, 5.94, 5.27, 4.737, 4.52, 3.96, 2.7, 2.2, 3.07, 2.84, 2.19, 2.39, 3.35, 2.67, 1.98, 1.81, 1.93, 2.3, 2.07, 2.55, 2.44, 3.49, 4.55, 4.11, 3.61, 2.84, 2.26, 2.05, 2.05, 1.63, 1.65, 2.26, 1.75, 0, 1.06, 1.32, 3.07, 2.37, 2.52, 2.81, 2.37, 2.02, 2.43, 4.65, 4.05, 5.39, 6.46, 6.69, 7.51, 7.38, 6.64, 6.5, 6.83, 7.74, 8.77, 9.37, 9.14, 7.83, 6.04, 4.59, 4.71, 4.78, 5.35, 6.69, 6.68, 5.75, 4.61, 5.35, 5.3, 5.38], [2.22, 2.98, 3.48, 5.557, 6.347, 5.352, 5.356, 4.92, 4.25, 4.03, 3.54, 3.46, 3.98, 4.05, 4.7, 5.599, 6.149, 6.089, 5.319, 4.826, 4.7, 4.14, 2.9, 2.16, 3.09, 2.92, 2.29, 2.41, 3.37, 2.65, 2.2, 2.01, 2.31, 2.62, 2.43, 3.21, 3.16, 3.89, 4.71, 4.23, 3.67, 2.96, 2.56, 2.47, 2.27, 2.21, 2.01, 2.48, 2.11, 1.06, 0, 1.0, 3.03, 2.33, 2.52, 2.73, 2.25, 1.92, 2.59, 4.57, 3.95, 5.29, 6.34, 6.65, 7.49, 7.36, 6.64, 6.48, 6.81, 7.72, 8.59, 9.19, 8.96, 7.71, 5.92, 4.49, 4.65, 4.74, 5.27, 6.59, 6.66, 5.71, 4.59, 5.29, 5.3, 5.32], [2.8, 3.709, 4.212, 6.409, 7.199, 6.203, 6.207, 5.774, 5.104, 4.89, 4.4, 4.26, 4.777, 4.827, 5.477, 6.39, 6.94, 6.88, 6.127, 5.617, 5.5, 4.94, 3.68, 2.9, 3.73, 3.66, 3.01, 3.15, 4.23, 3.49, 2.8, 2.65, 2.83, 3.16, 2.75, 3.37, 3.26, 3.71, 4.31, 3.83, 3.29, 2.7, 2.36, 2.21, 1.97, 2.03, 2.25, 3.02, 2.51, 1.32, 1.0, 0, 2.19, 1.69, 1.68, 1.91, 1.41, 1.2, 2.05, 3.71, 3.09, 4.41, 5.56, 5.77, 6.63, 6.5, 5.76, 5.62, 5.95, 6.86, 7.79, 8.43, 8.2, 6.89, 5.06, 3.63, 3.85, 3.98, 4.49, 5.73, 5.8, 4.85, 3.95, 4.73, 4.82, 4.84], [4.644, 5.844, 6.298, 8.478, 9.268, 8.292, 8.296, 7.843, 7.193, 6.98, 6.49, 6.33, 6.83, 6.88, 7.433, 8.366, 8.956, 8.896, 8.226, 7.71, 7.49, 6.93, 5.67, 5.03, 5.74, 5.71, 5.04, 5.22, 6.32, 5.58, 4.89, 4.74, 4.86, 5.25, 4.32, 3.9, 3.69, 3.0, 3.24, 2.74, 2.32, 2.09, 2.23, 2.08, 1.68, 2.9, 4.04, 4.85, 4.28, 3.07, 3.03, 2.19, 0, 0.96, 0.89, 0.84, 1.02, 1.53, 1.56, 2.08, 1.38, 2.88, 3.97, 3.88, 4.58, 4.41, 3.67, 3.61, 3.88, 4.83, 5.82, 6.44, 6.23, 5.0, 3.17, 2.0, 2.44, 2.73, 3.24, 3.96, 3.81, 3.26, 2.78, 3.66, 3.81, 3.91], [3.816, 4.973, 5.502, 7.61, 8.42, 7.424, 7.428, 6.975, 6.325, 6.12, 5.63, 5.47, 5.962, 6.012, 6.662, 7.574, 8.124, 8.064, 7.374, 6.85, 6.67, 6.11, 4.87, 4.19, 4.94, 4.85, 4.16, 4.36, 5.44, 4.7, 4.03, 3.88, 3.98, 4.39, 3.64, 3.22, 3.01, 2.64, 3.24, 2.8, 2.22, 1.69, 1.77, 1.56, 1.3, 2.46, 3.5, 4.29, 3.72, 2.37, 2.33, 1.69, 0.96, 0, 0.71, 0.9, 0.72, 1.23, 1.26, 2.46, 1.84, 3.22, 4.31, 4.54, 5.4, 5.27, 4.53, 4.39, 4.707, 5.618, 6.6, 7.2, 6.97, 5.66, 3.87, 2.44, 2.76, 3.01, 3.48, 4.52, 4.558, 3.74, 2.76, 3.7, 3.91, 3.97], [4.029, 5.208, 5.732, 7.851, 8.661, 7.665, 7.669, 7.216, 6.566, 6.37, 5.88, 5.713, 6.197, 6.247, 6.837, 7.75, 8.34, 8.28, 7.589, 7.097, 6.88, 6.32, 5.06, 4.44, 5.15, 5.1, 4.41, 4.59, 5.69, 4.95, 4.28, 4.13, 4.23, 4.64, 3.89, 3.69, 3.52, 2.87, 3.27, 2.77, 2.21, 1.88, 2.08, 1.81, 1.43, 2.51, 3.59, 4.42, 3.83, 2.52, 2.52, 1.68, 0.89, 0.71, 0, 0.93, 0.71, 1.36, 1.59, 2.41, 1.81, 3.09, 4.26, 4.33, 5.15, 5.02, 4.28, 4.18, 4.47, 5.38, 6.43, 7.07, 6.84, 5.51, 3.68, 2.31, 2.67, 2.88, 3.39, 4.35, 4.32, 3.57, 2.87, 3.69, 4.0, 4.04], [4.336, 5.507, 6.002, 8.147, 8.957, 7.961, 7.965, 7.512, 6.86, 6.64, 6.15, 5.99, 6.49, 6.526, 7.156, 8.069, 8.639, 8.579, 7.909, 7.37, 7.19, 6.63, 5.39, 4.71, 5.48, 5.41, 4.74, 4.9, 5.98, 5.22, 4.55, 4.4, 4.5, 4.91, 4.14, 3.8, 3.53, 3.16, 3.6, 3.14, 2.62, 2.21, 2.41, 2.16, 1.84, 2.82, 3.9, 4.75, 4.16, 2.81, 2.73, 1.91, 0.84, 0.9, 0.93, 0, 0.9, 1.37, 1.7, 2.52, 1.64, 3.3, 4.37, 4.26, 4.98, 4.75, 4.01, 3.95, 4.34, 5.19, 6.1, 6.7, 6.51, 5.28, 3.47, 2.42, 2.78, 3.07, 3.58, 4.3, 4.21, 3.64, 3.04, 3.88, 4.15, 4.21], [3.89, 5.039, 5.504, 7.664, 8.434, 7.478, 7.482, 7.029, 6.38, 6.16, 5.67, 5.53, 6.01, 6.057, 6.65, 7.54, 8.11, 8.05, 7.362, 6.867, 6.65, 6.09, 4.85, 4.21, 5.0, 4.95, 4.3, 4.46, 5.5, 4.76, 4.07, 3.92, 4.04, 4.43, 3.62, 3.66, 3.47, 3.16, 3.62, 3.14, 2.6, 2.05, 2.09, 1.74, 1.36, 2.18, 3.24, 4.09, 3.5, 2.37, 2.25, 1.41, 1.02, 0.72, 0.71, 0.9, 0, 0.87, 1.36, 2.56, 1.86, 3.34, 4.43, 4.54, 5.38, 5.27, 4.53, 4.39, 4.7, 5.65, 6.64, 7.28, 7.05, 5.72, 3.89, 2.48, 2.9, 3.13, 3.62, 4.56, 4.55, 3.72, 3.08, 3.96, 4.13, 4.15], [3.5, 4.6, 5.08, 7.225, 7.975, 7.039, 7.043, 6.591, 5.93, 5.73, 5.22, 5.08, 5.56, 5.61, 6.16, 7.09, 7.66, 7.6, 6.903, 6.417, 6.2, 5.64, 4.38, 3.76, 4.55, 4.52, 3.87, 4.03, 5.07, 4.33, 3.64, 3.49, 3.61, 3.98, 3.39, 3.57, 3.44, 3.49, 4.07, 3.61, 3.05, 2.38, 2.14, 1.89, 1.61, 1.93, 2.75, 3.56, 2.99, 2.02, 1.92, 1.2, 1.53, 1.23, 1.36, 1.37, 0.87, 0, 1.59, 3.07, 2.39, 3.85, 5.06, 5.05, 5.83, 5.72, 5.02, 4.86, 5.19, 6.16, 7.17, 7.79, 7.58, 6.27, 4.4, 3.05, 3.39, 3.6, 4.09, 5.15, 5.08, 4.15, 3.63, 4.51, 4.64, 4.68], [4.136, 5.235, 5.698, 7.898, 8.668, 7.692, 7.716, 7.283, 6.633, 6.42, 5.91, 5.79, 6.27, 6.3, 6.87, 7.757, 8.367, 8.287, 7.596, 7.083, 6.89, 6.33, 5.05, 4.43, 5.24, 5.21, 4.54, 4.7, 5.76, 5.02, 4.33, 4.18, 4.3, 4.69, 3.72, 2.92, 2.41, 2.2, 2.8, 2.4, 1.9, 1.35, 1.51, 1.42, 1.44, 2.68, 3.46, 4.27, 3.68, 2.43, 2.59, 2.05, 1.56, 1.26, 1.59, 1.7, 1.36, 1.59, 0, 2.32, 1.86, 3.04, 4.21, 4.34, 5.14, 5.01, 4.27, 4.13, 4.46, 5.37, 6.46, 7.1, 6.89, 5.56, 3.71, 2.24, 2.4, 2.55, 3.04, 4.34, 4.31, 3.44, 2.58, 3.36, 3.39, 3.45], [6.199, 7.399, 7.853, 10.053, 10.843, 9.867, 9.871, 9.418, 8.76, 8.54, 8.05, 7.89, 8.387, 8.437, 9.087, 10.0, 10.55, 10.49, 9.771, 9.267, 9.11, 8.55, 7.31, 6.59, 7.3, 7.27, 6.6, 6.78, 7.88, 7.14, 6.45, 6.3, 6.42, 6.81, 5.82, 4.46, 3.47, 1.82, 2.06, 1.96, 1.88, 2.63, 3.37, 3.26, 3.1, 4.36, 5.6, 6.35, 5.86, 4.65, 4.57, 3.71, 2.08, 2.46, 2.41, 2.52, 2.56, 3.07, 2.32, 0, 1.36, 1.14, 2.35, 2.22, 3.0, 2.97, 2.29, 2.23, 2.46, 3.41, 4.26, 4.9, 4.71, 3.4, 1.59, 1.3, 1.56, 1.73, 1.56, 2.22, 2.41, 1.98, 1.68, 2.04, 2.11, 2.25], [5.582, 6.762, 7.21, 9.41, 10.22, 9.224, 9.228, 8.775, 8.125, 7.92, 7.43, 7.27, 7.75, 7.8, 8.45, 9.363, 9.913, 9.853, 9.163, 8.65, 8.47, 7.91, 6.67, 5.97, 6.72, 6.67, 6.0, 6.16, 7.24, 6.5, 5.83, 5.68, 5.78, 6.19, 5.22, 3.98, 3.35, 2.48, 2.76, 2.3, 2.12, 2.15, 2.81, 2.72, 2.64, 3.76, 4.94, 5.81, 5.26, 4.05, 3.95, 3.09, 1.38, 1.84, 1.81, 1.64, 1.86, 2.39, 1.86, 1.36, 0, 2.02, 3.01, 2.92, 3.72, 3.57, 2.97, 2.87, 3.22, 4.01, 4.82, 5.46, 5.31, 3.96, 2.11, 1.32, 1.74, 1.97, 2.32, 3.04, 2.95, 2.38, 2.18, 2.92, 3.11, 3.19], [6.916, 8.093, 8.536, 10.756, 11.566, 10.57, 10.574, 10.121, 9.471, 9.26, 8.77, 8.61, 9.104, 9.154, 9.824, 10.737, 11.287, 11.227, 10.494, 9.984, 9.85, 9.29, 8.05, 7.31, 8.02, 7.99, 7.26, 7.44, 8.58, 7.84, 7.17, 7.02, 7.12, 7.53, 6.54, 5.12, 4.15, 2.3, 2.06, 2.1, 2.4, 3.25, 3.97, 3.88, 3.76, 5.1, 6.28, 7.09, 6.6, 5.39, 5.29, 4.41, 2.88, 3.22, 3.09, 3.3, 3.34, 3.85, 3.04, 1.14, 2.02, 0, 1.67, 1.56, 2.3, 2.31, 1.75, 1.49, 1.76, 2.77, 3.6, 4.16, 4.03, 2.72, 1.65, 1.52, 1.54, 1.65, 1.46, 1.64, 1.77, 2.04, 1.86, 1.52, 1.61, 1.75], [8.0, 9.157, 9.603, 11.809, 12.619, 11.623, 11.627, 11.174, 10.524, 10.31, 9.82, 9.66, 10.186, 10.236, 10.906, 11.819, 12.369, 12.309, 11.559, 11.06, 10.92, 10.36, 9.12, 8.36, 9.09, 9.04, 8.33, 8.49, 9.63, 8.89, 8.22, 8.07, 8.17, 8.58, 7.67, 6.19, 5.24, 3.43, 2.61, 2.97, 3.49, 4.42, 5.16, 5.07, 4.97, 6.25, 7.49, 8.36, 7.81, 6.46, 6.34, 5.56, 3.97, 4.31, 4.26, 4.37, 4.43, 5.06, 4.21, 2.35, 3.01, 1.67, 0, 1.37, 1.63, 1.66, 1.74, 1.9, 1.89, 1.88, 2.49, 3.01, 2.8, 1.71, 2.42, 2.45, 2.35, 2.38, 2.17, 1.51, 1.76, 2.23, 1.97, 1.43, 1.58, 1.56], [8.293, 9.444, 9.887, 12.147, 12.957, 11.941, 11.945, 11.512, 10.842, 10.642, 10.149, 9.989, 10.481, 10.531, 11.161, 12.068, 12.624, 12.564, 11.885, 11.352, 11.19, 10.63, 9.37, 8.67, 9.38, 9.39, 8.64, 8.82, 9.98, 9.24, 8.569, 8.402, 8.505, 8.909, 7.9, 6.48, 5.51, 3.62, 2.72, 3.04, 3.64, 4.53, 5.23, 5.14, 5.0, 6.26, 7.58, 8.33, 7.92, 6.69, 6.65, 5.77, 3.88, 4.54, 4.33, 4.26, 4.54, 5.05, 4.34, 2.22, 2.92, 1.56, 1.37, 0, 1.14, 1.41, 1.55, 1.59, 1.58, 1.79, 2.6, 3.08, 2.99, 1.62, 1.51, 2.2, 2.06, 2.01, 1.6, 0.78, 1.25, 1.5, 2.24, 1.64, 1.93, 1.89], [9.149, 10.289, 10.732, 12.992, 13.802, 12.786, 12.791, 12.358, 11.688, 11.468, 10.995, 10.835, 11.338, 11.388, 11.949, 12.865, 13.484, 13.424, 12.731, 12.198, 12.03, 11.47, 10.19, 9.53, 10.24, 10.232, 9.5, 9.68, 10.84, 10.085, 9.395, 9.228, 9.331, 9.755, 8.76, 7.32, 6.35, 4.46, 3.48, 3.82, 4.36, 5.29, 5.99, 5.92, 5.74, 7.02, 8.34, 9.13, 8.68, 7.51, 7.49, 6.63, 4.58, 5.4, 5.15, 4.98, 5.38, 5.83, 5.14, 3.0, 3.72, 2.3, 1.63, 1.14, 0, 0.93, 1.41, 1.63, 1.58, 1.27, 1.96, 2.34, 2.21, 1.08, 2.15, 3.06, 2.92, 2.87, 2.42, 1.16, 1.25, 1.98, 2.98, 2.28, 2.49, 2.45], [9.026, 10.151, 10.593, 12.853, 13.663, 12.648, 12.652, 12.219, 11.549, 11.329, 10.856, 10.696, 11.214, 11.264, 11.828, 12.744, 13.357, 13.297, 12.592, 12.079, 11.9, 11.34, 10.06, 9.4, 10.11, 10.113, 9.39, 9.57, 10.703, 9.946, 9.256, 9.089, 9.192, 9.616, 8.63, 7.19, 6.22, 4.33, 3.37, 3.73, 4.29, 5.18, 5.9, 5.83, 5.67, 6.91, 8.17, 8.98, 8.49, 7.38, 7.36, 6.5, 4.41, 5.27, 5.02, 4.75, 5.27, 5.72, 5.01, 2.97, 3.57, 2.31, 1.66, 1.41, 0.93, 0, 1.0, 1.5, 1.35, 1.14, 1.81, 2.41, 2.34, 1.43, 2.3, 3.09, 2.91, 2.94, 2.55, 1.35, 1.38, 2.13, 2.97, 2.31, 2.48, 2.54], [8.251, 9.411, 9.873, 12.113, 12.923, 11.908, 11.912, 11.479, 10.809, 10.609, 10.116, 9.956, 10.439, 10.489, 11.085, 12.012, 12.602, 12.542, 11.851, 11.319, 11.159, 10.599, 9.32, 8.66, 9.37, 9.38, 8.67, 8.85, 9.97, 9.226, 8.536, 8.369, 8.472, 8.876, 7.89, 6.49, 5.52, 3.67, 2.71, 3.05, 3.63, 4.52, 5.24, 5.11, 4.91, 6.11, 7.41, 8.22, 7.77, 6.64, 6.64, 5.76, 3.67, 4.53, 4.28, 4.01, 4.53, 5.02, 4.27, 2.29, 2.97, 1.75, 1.74, 1.55, 1.41, 1.0, 0, 0.68, 0.65, 1.5, 2.51, 3.13, 3.0, 1.79, 2.1, 2.61, 2.41, 2.5, 2.29, 1.51, 1.34, 2.25, 2.47, 1.91, 2.18, 2.28], [8.098, 9.271, 9.713, 11.961, 12.771, 11.768, 11.772, 11.326, 10.669, 10.449, 9.976, 9.816, 10.286, 10.319, 10.889, 11.805, 12.429, 12.369, 11.699, 11.179, 10.981, 10.433, 9.17, 8.52, 9.23, 9.213, 8.49, 8.67, 9.803, 9.046, 8.376, 8.209, 8.292, 8.736, 7.75, 6.33, 5.34, 3.49, 2.61, 2.91, 3.41, 4.3, 5.02, 4.85, 4.55, 5.87, 7.17, 7.98, 7.61, 6.5, 6.48, 5.62, 3.61, 4.39, 4.18, 3.95, 4.39, 4.86, 4.13, 2.23, 2.87, 1.49, 1.9, 1.59, 1.63, 1.5, 0.68, 0, 0.65, 1.72, 2.91, 3.49, 3.28, 2.07, 2.02, 2.41, 2.27, 2.34, 2.15, 1.57, 1.32, 2.23, 2.45, 1.97, 2.14, 2.24], [8.434, 9.595, 10.038, 12.296, 13.086, 12.092, 12.096, 11.662, 10.993, 10.773, 10.3, 10.14, 10.622, 10.655, 11.205, 12.121, 12.745, 12.685, 12.015, 11.499, 11.296, 10.753, 9.494, 8.85, 9.56, 9.537, 8.82, 9.0, 10.147, 9.39, 8.7, 8.533, 8.636, 9.06, 8.08, 6.64, 5.67, 3.8, 2.88, 3.14, 3.7, 4.63, 5.33, 5.18, 4.86, 6.12, 7.46, 8.25, 7.9, 6.83, 6.81, 5.95, 3.88, 4.707, 4.47, 4.34, 4.7, 5.19, 4.46, 2.46, 3.22, 1.76, 1.89, 1.58, 1.58, 1.35, 0.65, 0.65, 0, 1.51, 2.66, 3.26, 3.09, 1.96, 2.21, 2.62, 2.44, 2.49, 2.22, 1.6, 1.35, 2.3, 2.7, 2.1, 2.37, 2.47], [9.359, 10.525, 10.968, 13.222, 14.032, 13.022, 13.026, 12.587, 11.923, 11.703, 11.231, 11.071, 11.547, 11.58, 12.162, 13.077, 13.696, 13.636, 12.96, 12.433, 12.247, 11.688, 10.42, 9.76, 10.47, 10.468, 9.73, 9.91, 11.058, 10.301, 9.631, 9.463, 9.546, 9.991, 8.99, 7.57, 6.58, 4.71, 3.69, 4.01, 4.65, 5.52, 6.22, 6.05, 5.89, 7.27, 8.59, 9.3, 8.95, 7.74, 7.72, 6.86, 4.83, 5.618, 5.38, 5.19, 5.65, 6.16, 5.37, 3.41, 4.01, 2.77, 1.88, 1.79, 1.27, 1.14, 1.5, 1.72, 1.51, 0, 1.53, 2.21, 1.96, 1.31, 2.64, 3.59, 3.35, 3.36, 3.01, 1.71, 1.6, 2.37, 3.21, 2.55, 2.72, 2.68], [10.342, 11.462, 11.864, 14.124, 14.934, 13.919, 13.923, 13.49, 12.82, 12.6, 12.127, 11.987, 12.53, 12.58, 13.25, 14.146, 14.713, 14.653, 13.883, 13.39, 13.27, 12.71, 11.45, 10.63, 11.42, 11.39, 10.66, 10.82, 11.94, 11.2, 10.567, 10.38, 10.463, 10.887, 9.9, 8.48, 7.51, 5.66, 4.84, 5.16, 5.8, 6.63, 7.37, 7.26, 7.18, 8.46, 9.72, 10.57, 10.02, 8.77, 8.59, 7.79, 5.82, 6.6, 6.43, 6.1, 6.64, 7.17, 6.46, 4.26, 4.82, 3.6, 2.49, 2.6, 1.96, 1.81, 2.51, 2.91, 2.66, 1.53, 0, 1.0, 0.95, 1.58, 3.37, 4.48, 4.32, 4.33, 3.9, 2.46, 2.39, 3.34, 4.22, 3.42, 3.55, 3.47], [10.947, 12.067, 12.47, 14.69, 15.5, 14.484, 14.489, 14.056, 13.386, 13.18, 12.69, 12.59, 13.136, 13.186, 13.856, 14.769, 15.319, 15.259, 14.489, 13.996, 13.87, 13.31, 12.05, 11.23, 12.02, 11.99, 11.26, 11.42, 12.5, 11.76, 11.17, 11.0, 11.04, 11.47, 10.56, 9.1, 8.13, 6.32, 5.5, 5.82, 6.42, 7.31, 8.05, 7.94, 7.86, 9.12, 10.36, 11.25, 10.68, 9.37, 9.19, 8.43, 6.44, 7.2, 7.07, 6.7, 7.28, 7.79, 7.1, 4.9, 5.46, 4.16, 3.01, 3.08, 2.34, 2.41, 3.13, 3.49, 3.26, 2.21, 1.0, 0, 0.71, 1.96, 3.79, 5.02, 4.92, 4.89, 4.4, 3.06, 3.03, 3.98, 4.82, 4.04, 4.17, 4.13], [10.72, 11.837, 12.243, 14.494, 15.304, 14.289, 14.293, 13.86, 13.19, 12.97, 12.497, 12.36, 12.906, 12.956, 13.626, 14.527, 15.089, 15.029, 14.259, 13.766, 13.64, 13.08, 11.82, 11.0, 11.79, 11.76, 11.03, 11.19, 12.31, 11.567, 10.94, 10.756, 10.813, 11.26, 10.35, 8.85, 7.88, 6.07, 5.23, 5.55, 6.15, 7.06, 7.8, 7.69, 7.63, 8.93, 10.17, 11.06, 10.49, 9.14, 8.96, 8.2, 6.23, 6.97, 6.84, 6.51, 7.05, 7.58, 6.89, 4.71, 5.31, 4.03, 2.8, 2.99, 2.21, 2.34, 3.0, 3.28, 3.09, 1.96, 0.95, 0.71, 0, 1.67, 3.6, 4.89, 4.75, 4.72, 4.19, 2.73, 2.82, 3.81, 4.59, 3.79, 3.94, 3.88], [9.41, 10.544, 10.993, 13.236, 14.046, 13.03, 13.034, 12.601, 11.931, 11.711, 11.238, 11.09, 11.593, 11.643, 12.313, 13.214, 13.776, 13.716, 12.986, 12.453, 12.33, 11.77, 10.51, 9.75, 10.48, 10.47, 9.72, 9.9, 11.06, 10.32, 9.65, 9.483, 9.574, 9.998, 9.04, 7.54, 6.57, 4.74, 3.92, 4.24, 4.82, 5.75, 6.49, 6.4, 6.3, 7.62, 8.86, 9.75, 9.18, 7.83, 7.71, 6.89, 5.0, 5.66, 5.51, 5.28, 5.72, 6.27, 5.56, 3.4, 3.96, 2.72, 1.71, 1.62, 1.08, 1.43, 1.79, 2.07, 1.96