[[0, 0.65, 1.1, 1.06, 1.69, 2.25, 3.19, 3.97, 4.86, 4.95, 5.46, 4.64, 3.96, 3.84, 3.43, 3.43, 3.39, 3.57, 3.86, 3.98, 3.57, 3.27, 3.41, 3.47, 3.54, 3.42, 3.64, 3.74, 4.11, 4.44, 5.63, 4.76, 3.12, 2.83, 2.99, 2.88, 2.45, 2.73, 3.22, 3.11, 2.86, 3.88, 3.52, 2.72, 3.74, 4.15, 3.82, 3.83, 4.14, 3.94, 3.54, 3.511, 3.501, 4.098, 3.961, 4.2, 4.68, 4.471, 4.428, 4.31, 4.13, 3.91, 4.01, 4.74, 4.78, 3.44, 2.82, 2.73, 2.68, 2.74, 3.84, 4.86, 4.32, 3.94, 3.56, 3.07, 2.77, 2.22, 1.77, 2.08, 3.85, 4.38, 4.66, 4.52, 4.56, 4.47], [0.65, 0, 0.77, 0.79, 1.3, 1.84, 2.76, 3.52, 4.39, 4.5, 4.99, 4.17, 3.73, 3.55, 3.02, 3.04, 3.0, 3.3, 3.59, 3.77, 3.3, 2.94, 3.02, 3.16, 3.25, 3.27, 3.53, 3.51, 3.78, 4.05, 5.2, 4.33, 2.91, 2.64, 2.62, 2.61, 2.12, 2.36, 2.77, 2.68, 2.57, 3.87, 3.53, 2.79, 3.75, 4.2, 3.85, 3.88, 4.23, 4.09, 3.69, 3.695, 3.705, 4.285, 4.145, 4.386, 4.929, 4.575, 4.572, 4.516, 4.24, 4.02, 4.08, 4.77, 4.77, 3.39, 2.77, 2.44, 2.25, 2.31, 3.37, 4.41, 3.97, 3.55, 3.27, 2.76, 2.52, 2.01, 1.68, 2.03, 3.72, 4.21, 4.47, 4.35, 4.37, 4.26], [1.1, 0.77, 0, 0.46, 1.23, 1.93, 3.01, 3.81, 4.6, 4.79, 5.22, 4.46, 3.9, 3.74, 3.07, 2.97, 3.27, 3.47, 3.74, 3.92, 3.53, 3.17, 3.31, 3.43, 3.52, 3.56, 3.74, 3.66, 3.83, 4.12, 5.35, 4.44, 3.08, 2.73, 2.77, 2.78, 2.31, 2.55, 2.9, 2.85, 2.82, 4.06, 3.76, 3.04, 3.9, 4.43, 4.14, 4.15, 4.5, 4.32, 3.94, 3.925, 3.955, 4.535, 4.395, 4.499, 5.22, 4.845, 4.825, 4.79, 4.55, 4.35, 4.39, 4.96, 4.9, 3.72, 3.0, 2.69, 2.4, 2.62, 3.58, 4.58, 4.26, 3.8, 3.54, 2.93, 2.63, 2.12, 1.81, 2.06, 3.87, 4.4, 4.64, 4.52, 4.54, 4.41], [1.06, 0.79, 0.46, 0, 1.05, 1.73, 2.85, 3.65, 4.44, 4.57, 5.06, 4.28, 3.7, 3.58, 2.89, 2.83, 3.07, 3.27, 3.54, 3.68, 3.33, 2.99, 3.13, 3.23, 3.34, 3.3, 3.46, 3.42, 3.63, 3.94, 5.17, 4.24, 2.86, 2.55, 2.55, 2.5, 2.11, 2.23, 2.68, 2.65, 2.54, 3.9, 3.68, 2.86, 3.64, 4.21, 4.0, 3.93, 4.32, 4.12, 3.78, 3.862, 3.875, 4.472, 4.315, 4.479, 5.179, 4.765, 4.782, 4.749, 4.47, 4.289, 4.29, 4.86, 4.72, 3.42, 2.72, 2.43, 2.16, 2.46, 3.42, 4.4, 4.12, 3.64, 3.4, 2.91, 2.59, 2.14, 1.83, 1.92, 3.71, 4.24, 4.48, 4.36, 4.38, 4.25], [1.69, 1.3, 1.23, 1.05, 0, 1.08, 2.12, 3.0, 3.79, 3.92, 4.39, 3.61, 3.15, 3.07, 2.56, 2.22, 2.62, 3.02, 3.27, 3.43, 3.02, 2.66, 2.88, 3.08, 3.17, 3.25, 3.33, 3.21, 3.38, 3.45, 4.6, 3.81, 2.83, 2.66, 2.54, 2.57, 2.18, 2.26, 2.21, 2.06, 2.47, 4.01, 3.81, 2.87, 3.69, 4.28, 4.11, 4.0, 4.35, 4.19, 3.87, 3.969, 3.996, 4.619, 4.536, 4.74, 5.386, 4.929, 4.969, 4.99, 4.599, 4.516, 4.476, 5.029, 4.85, 3.369, 2.71, 2.4, 2.09, 2.01, 2.79, 3.77, 3.45, 3.07, 2.73, 2.62, 2.52, 2.17, 1.9, 2.03, 3.3, 3.75, 4.01, 3.95, 3.93, 3.78], [2.25, 1.84, 1.93, 1.73, 1.08, 0, 1.28, 2.14, 2.95, 3.06, 3.61, 2.77, 2.41, 2.33, 2.04, 1.52, 1.88, 2.44, 2.73, 2.97, 2.5, 2.06, 2.24, 2.44, 2.59, 2.65, 2.87, 2.69, 2.84, 2.87, 3.82, 3.17, 2.49, 2.68, 2.66, 2.39, 1.98, 2.0, 1.65, 1.4, 2.13, 3.75, 3.73, 2.81, 3.25, 4.04, 3.85, 3.696, 4.03, 3.906, 3.683, 3.966, 4.127, 4.764, 4.664, 4.797, 5.357, 4.937, 5.094, 5.098, 4.581, 4.521, 4.404, 4.863, 4.51, 2.846, 2.301, 1.854, 1.59, 1.33, 2.27, 2.93, 2.67, 2.53, 2.41, 2.88, 2.92, 2.51, 2.18, 2.01, 2.82, 3.11, 3.33, 3.33, 3.29, 3.12], [3.19, 2.76, 3.01, 2.85, 2.12, 1.28, 0, 1.22, 1.99, 2.04, 2.53, 1.89, 1.65, 1.71, 2.0, 1.52, 1.38, 2.12, 2.45, 2.71, 2.16, 1.86, 2.12, 2.26, 2.25, 2.61, 2.97, 2.67, 2.82, 2.61, 3.06, 2.69, 2.769, 2.998, 2.935, 2.81, 2.32, 2.24, 1.45, 1.34, 2.57, 4.15, 4.29, 3.35, 3.71, 4.38, 4.21, 4.076, 4.45, 4.266, 3.886, 4.3, 4.74, 5.181, 5.081, 5.228, 5.848, 5.671, 5.971, 5.821, 5.215, 4.918, 4.741, 5.183, 4.849, 3.258, 2.735, 2.031, 1.758, 1.29, 1.97, 2.39, 1.97, 2.41, 2.31, 3.04, 3.04, 2.81, 2.76, 2.743, 3.16, 2.75, 2.83, 2.87, 2.63, 2.56], [3.97, 3.52, 3.81, 3.65, 3.0, 2.14, 1.22, 0, 1.23, 1.62, 2.21, 1.77, 2.05, 2.07, 2.46, 1.84, 1.6, 2.38, 2.57, 2.75, 2.36, 2.4, 2.4, 2.26, 2.19, 2.63, 2.99, 2.73, 3.06, 2.85, 3.0, 2.69, 2.934, 3.29, 3.175, 3.17, 2.62, 2.58, 1.79, 1.6, 3.01, 4.49, 4.89, 3.95, 3.91, 4.62, 4.65, 4.37, 4.91, 4.8, 4.54, 5.137, 5.609, 5.889, 5.901, 6.008, 6.456, 6.424, 6.762, 6.606, 5.946, 5.295, 4.978, 5.414, 5.003, 3.378, 3.209, 2.339, 2.086, 1.63, 1.75, 1.83, 1.87, 2.13, 2.23, 2.96, 3.0, 2.97, 3.16, 3.572, 3.6, 3.23, 3.35, 3.55, 3.31, 3.2], [4.86, 4.39, 4.6, 4.44, 3.79, 2.95, 1.99, 1.23, 0, 1.25, 1.7, 1.54, 2.0, 1.92, 2.63, 2.21, 1.99, 2.27, 2.4, 2.54, 2.57, 2.73, 2.47, 2.43, 2.34, 2.64, 2.98, 2.62, 2.67, 2.32, 2.25, 2.18, 3.378, 3.957, 3.791, 3.7, 3.19, 3.11, 2.24, 2.21, 3.72, 5.16, 5.708, 4.84, 4.66, 5.405, 5.442, 5.271, 5.778, 5.665, 5.177, 5.82, 6.41, 6.817, 6.73, 6.824, 7.397, 7.28, 7.6, 7.507, 6.835, 6.234, 5.774, 6.067, 5.198, 3.749, 3.566, 3.257, 2.77, 2.36, 2.22, 2.22, 2.4, 2.78, 2.92, 3.59, 3.65, 3.84, 4.11, 4.476, 4.252, 3.862, 3.7, 4.02, 3.62, 3.47], [4.95, 4.5, 4.79, 4.57, 3.92, 3.06, 2.04, 1.62, 1.25, 0, 1.15, 1.23, 1.81, 1.75, 2.58, 2.34, 1.92, 2.26, 2.37, 2.57, 2.58, 2.76, 2.6, 2.56, 2.25, 2.57, 2.81, 2.55, 2.8, 2.35, 1.74, 1.93, 3.35, 3.907, 3.593, 3.57, 3.2, 2.98, 2.37, 2.28, 3.71, 5.19, 5.761, 4.821, 4.53, 5.413, 5.526, 5.279, 5.806, 5.729, 5.288, 5.948, 6.463, 6.783, 6.763, 6.893, 7.39, 7.333, 7.673, 7.6, 6.939, 6.159, 5.715, 5.805, 5.328, 3.733, 3.707, 3.309, 2.89, 2.53, 2.61, 2.91, 2.83, 3.41, 3.57, 4.26, 4.28, 4.35, 4.44, 4.581, 4.296, 3.906, 3.63, 3.892, 3.47, 3.22], [5.46, 4.99, 5.22, 5.06, 4.39, 3.61, 2.53, 2.21, 1.7, 1.15, 0, 1.08, 1.9, 2.18, 3.01, 2.83, 2.33, 2.79, 2.9, 3.1, 3.07, 3.138, 2.83, 2.77, 2.68, 3.0, 3.14, 2.94, 2.85, 2.58, 1.83, 2.42, 3.82, 4.384, 4.117, 4.06, 3.69, 3.45, 2.84, 2.81, 4.24, 5.7, 6.28, 5.331, 5.06, 5.921, 6.053, 5.786, 6.333, 6.256, 5.778, 6.441, 6.973, 7.293, 7.273, 7.4, 7.92, 7.843, 8.203, 8.13, 7.466, 6.686, 6.206, 6.338, 5.781, 4.252, 4.257, 3.816, 3.417, 2.98, 3.06, 3.3, 3.2, 3.8, 4.02, 4.61, 4.77, 4.86, 4.93, 5.088, 4.751, 4.387, 3.901, 4.156, 3.759, 3.146], [4.64, 4.17, 4.46, 4.28, 3.61, 2.77, 1.89, 1.77, 1.54, 1.23, 1.08, 0, 1.42, 1.48, 2.27, 1.99, 1.71, 2.27, 2.46, 2.78, 2.53, 2.37, 2.23, 2.15, 2.32, 2.74, 2.82, 2.44, 2.55, 2.26, 2.05, 2.54, 3.62, 4.025, 3.925, 3.84, 3.33, 3.31, 2.4, 2.21, 3.66, 5.16, 5.58, 4.58, 4.54, 5.33, 5.3, 5.108, 5.635, 5.558, 5.258, 5.921, 6.291, 6.608, 6.651, 6.738, 7.175, 7.083, 7.389, 7.27, 6.641, 6.025, 5.768, 6.158, 5.561, 3.501, 3.504, 3.094, 2.86, 2.22, 2.58, 2.84, 2.64, 3.22, 3.4, 4.05, 4.17, 4.12, 4.15, 4.24, 4.018, 3.755, 3.235, 3.461, 3.181, 2.61], [3.96, 3.73, 3.9, 3.7, 3.15, 2.41, 1.65, 2.05, 2.0, 1.81, 1.9, 1.42, 0, 0.72, 1.63, 1.67, 1.37, 1.77, 1.9, 2.18, 1.93, 1.73, 1.49, 1.51, 1.82, 2.08, 2.38, 1.96, 1.85, 1.72, 2.17, 2.12, 2.958, 3.443, 3.35, 3.32, 2.95, 2.97, 2.16, 1.85, 3.14, 4.6, 4.9, 3.88, 4.08, 4.69, 4.549, 4.343, 4.87, 4.633, 4.164, 4.835, 5.29, 5.631, 5.685, 5.853, 6.318, 6.332, 6.649, 6.459, 5.779, 5.251, 5.025, 5.513, 4.807, 3.139, 2.916, 2.365, 2.32, 1.96, 3.22, 3.44, 3.04, 3.64, 3.56, 4.21, 4.23, 4.02, 3.65, 3.3, 3.024, 2.7, 2.34, 2.66, 2.24, 2.01], [3.84, 3.55, 3.74, 3.58, 3.07, 2.33, 1.71, 2.07, 1.92, 1.75, 2.18, 1.48, 0.72, 0, 1.45, 1.49, 1.15, 1.33, 1.48, 1.86, 1.61, 1.43, 1.39, 1.53, 1.54, 1.84, 2.06, 1.78, 1.71, 1.58, 2.19, 1.92, 2.66, 3.19, 3.05, 2.98, 2.61, 2.75, 1.88, 1.61, 2.8, 4.26, 4.56, 3.58, 3.8, 4.25, 4.18, 4.01, 4.44, 4.3, 3.96, 4.615, 5.084, 5.52, 5.423, 5.65, 6.08, 6.086, 6.406, 6.19, 5.47, 4.93, 4.71, 5.28, 4.578, 2.68, 2.56, 2.11, 2.02, 1.84, 3.18, 3.38, 3.08, 3.68, 3.6, 4.23, 4.25, 3.98, 3.57, 3.04, 2.75, 2.42, 2.14, 2.44, 2.02, 1.81], [3.43, 3.02, 3.07, 2.89, 2.56, 2.04, 2.0, 2.46, 2.63, 2.58, 3.01, 2.27, 1.63, 1.45, 0, 1.08, 1.5, 1.58, 1.47, 1.55, 1.2, 1.06, 1.16, 1.24, 1.61, 1.67, 1.77, 1.51, 1.36, 1.77, 2.94, 2.31, 2.11, 2.52, 2.52, 2.37, 2.38, 2.56, 1.97, 1.52, 1.87, 3.33, 3.61, 2.71, 2.93, 3.7, 3.53, 3.44, 3.93, 3.73, 3.33, 3.81, 4.22, 4.66, 4.62, 4.71, 5.35, 5.09, 5.43, 5.38, 4.76, 4.42, 4.22, 4.55, 3.93, 1.89, 1.87, 1.62, 1.53, 1.99, 3.35, 3.49, 3.55, 3.93, 3.95, 4.58, 4.58, 4.21, 3.6, 2.71, 2.34, 2.27, 2.13, 2.35, 2.17, 2.06], [3.43, 3.04, 2.97, 2.83, 2.22, 1.52, 1.52, 1.84, 2.21, 2.34, 2.83, 1.99, 1.67, 1.49, 1.08, 0, 1.36, 1.6, 1.89, 2.03, 1.62, 1.4, 1.56, 1.76, 2.01, 2.11, 2.39, 2.07, 2.06, 2.13, 2.82, 2.43, 2.49, 2.8, 2.7, 2.69, 2.48, 2.6, 1.73, 1.3, 2.21, 3.81, 3.99, 3.13, 3.27, 4.14, 3.89, 3.78, 4.21, 4.03, 3.81, 4.31, 4.56, 5.08, 4.96, 5.07, 5.67, 5.37, 5.61, 5.56, 4.96, 4.74, 4.62, 4.99, 4.41, 2.45, 2.23, 1.86, 1.75, 1.61, 2.55, 2.65, 2.79, 2.99, 3.03, 3.62, 3.64, 3.37, 3.2, 2.65, 2.36, 2.21, 2.17, 2.43, 2.31, 2.08], [3.39, 3.0, 3.27, 3.07, 2.62, 1.88, 1.38, 1.6, 1.99, 1.92, 2.33, 1.71, 1.37, 1.15, 1.5, 1.36, 0, 1.32, 1.73, 2.15, 1.66, 1.28, 1.52, 1.62, 1.73, 2.23, 2.55, 2.19, 2.38, 2.17, 2.56, 2.03, 2.59, 2.94, 2.82, 2.77, 2.3, 2.3, 1.35, 1.24, 2.29, 3.95, 4.19, 3.49, 3.57, 4.14, 4.07, 3.94, 4.35, 4.29, 4.11, 4.61, 4.88, 5.513, 5.304, 5.55, 5.95, 5.763, 6.07, 5.98, 5.32, 4.94, 4.7, 5.13, 4.75, 2.79, 2.59, 2.02, 1.71, 1.43, 2.21, 2.61, 2.41, 2.95, 3.07, 3.66, 3.68, 3.47, 3.08, 2.85, 2.78, 2.61, 2.25, 2.37, 2.27, 2.04], [3.57, 3.3, 3.47, 3.27, 3.02, 2.44, 2.12, 2.38, 2.27, 2.26, 2.79, 2.27, 1.77, 1.33, 1.58, 1.6, 1.32, 0, 0.81, 1.09, 0.94, 1.22, 1.32, 1.4, 1.09, 1.41, 1.73, 1.47, 1.8, 1.93, 2.68, 1.83, 1.87, 2.46, 2.3, 2.29, 2.1, 2.4, 1.59, 1.46, 2.09, 3.27, 3.73, 3.01, 2.87, 3.54, 3.57, 3.44, 3.87, 3.85, 3.43, 4.05, 4.48, 5.053, 4.853, 5.04, 5.53, 5.37, 5.71, 5.62, 4.94, 4.48, 4.08, 4.37, 3.69, 2.03, 1.73, 1.78, 1.63, 2.11, 3.05, 3.39, 3.41, 3.89, 4.07, 4.66, 4.66, 4.41, 3.98, 2.79, 2.64, 2.41, 2.43, 2.33, 2.27, 2.22], [3.86, 3.59, 3.74, 3.54, 3.27, 2.73, 2.45, 2.57, 2.4, 2.37, 2.9, 2.46, 1.9, 1.48, 1.47, 1.89, 1.73, 0.81, 0, 0.7, 0.87, 1.05, 1.31, 1.27, 0.96, 1.18, 1.3, 1.16, 1.41, 1.72, 2.69, 1.98, 2.0, 2.51, 2.29, 2.34, 2.23, 2.43, 1.82, 1.61, 2.04, 3.08, 3.56, 2.72, 2.74, 3.41, 3.52, 3.31, 3.8, 3.7, 3.18, 3.84, 4.324, 4.74, 4.624, 4.787, 5.34, 5.274, 5.654, 5.55, 4.91, 4.29, 3.89, 4.16, 3.4, 1.8, 1.84, 1.89, 1.8, 2.36, 3.56, 3.8, 3.94, 4.4, 4.5, 5.11, 5.11, 4.84, 4.33, 2.98, 2.47, 2.32, 2.32, 2.46, 2.28, 2.33], [3.98, 3.77, 3.92, 3.68, 3.43, 2.97, 2.71, 2.75, 2.54, 2.57, 3.1, 2.78, 2.18, 1.86, 1.55, 2.03, 2.15, 1.09, 0.7, 0, 0.73, 1.35, 1.47, 1.41, 1.16, 1.22, 1.24, 1.2, 1.49, 1.84, 2.91, 2.06, 1.92, 2.39, 2.23, 2.36, 2.21, 2.41, 1.94, 1.79, 2.06, 2.94, 3.52, 2.68, 2.54, 3.35, 3.46, 3.27, 3.78, 3.633, 3.14, 3.72, 4.287, 4.627, 4.547, 4.677, 5.3, 5.217, 5.617, 5.51, 4.863, 4.19, 3.81, 4.02, 3.2, 1.68, 1.84, 1.97, 1.84, 2.66, 3.88, 4.02, 4.3, 4.66, 4.78, 5.37, 5.37, 5.08, 4.55, 3.14, 2.51, 2.34, 2.52, 2.66, 2.46, 2.57], [3.57, 3.3, 3.53, 3.33, 3.02, 2.5, 2.16, 2.36, 2.57, 2.58, 3.07, 2.53, 1.93, 1.61, 1.2, 1.62, 1.66, 0.94, 0.87, 0.73, 0, 0.9, 1.16, 1.14, 1.15, 1.27, 1.47, 1.27, 1.62, 1.95, 3.04, 2.17, 2.01, 2.32, 2.2, 2.27, 2.14, 2.32, 1.71, 1.42, 1.81, 2.89, 3.35, 2.51, 2.49, 3.24, 3.21, 3.14, 3.55, 3.45, 3.05, 3.61, 4.1, 4.478, 4.421, 4.528, 5.07, 5.004, 5.37, 5.26, 4.605, 4.0, 3.78, 4.09, 3.41, 1.55, 1.69, 1.6, 1.55, 2.11, 3.45, 3.63, 3.77, 4.17, 4.21, 4.84, 4.82, 4.55, 4.04, 2.71, 2.2, 2.03, 2.17, 2.21, 2.17, 2.32], [3.27, 2.94, 3.17, 2.99, 2.66, 2.06, 1.86, 2.4, 2.73, 2.76, 3.138, 2.37, 1.73, 1.43, 1.06, 1.4, 1.28, 1.22, 1.05, 1.35, 0.9, 0, 0.9, 1.14, 1.39, 1.65, 1.89, 1.59, 1.72, 1.99, 3.1, 2.53, 2.29, 2.52, 2.34, 2.47, 2.32, 2.48, 1.77, 1.46, 1.83, 3.11, 3.35, 2.47, 2.77, 3.54, 3.33, 3.2, 3.67, 3.49, 3.21, 3.69, 4.02, 4.478, 4.341, 4.528, 5.07, 4.87, 5.27, 5.12, 4.5, 4.16, 4.04, 4.45, 3.91, 2.01, 1.85, 1.6, 1.67, 1.83, 3.21, 3.41, 3.27, 3.71, 3.79, 4.4, 4.4, 4.09, 3.6, 2.25, 2.06, 1.97, 1.83, 1.91, 1.77, 1.66], [3.41, 3.02, 3.31, 3.13, 2.88, 2.24, 2.12, 2.4, 2.47, 2.6, 2.83, 2.23, 1.49, 1.39, 1.16, 1.56, 1.52, 1.32, 1.31, 1.47, 1.16, 0.9, 0, 0.68, 1.21, 1.43, 1.67, 1.37, 1.46, 1.73, 2.88, 2.43, 2.33, 2.74, 2.54, 2.57, 2.32, 2.58, 1.91, 1.6, 2.15, 3.41, 3.73, 2.99, 3.07, 3.66, 3.53, 3.48, 3.89, 3.81, 3.41, 3.99, 4.38, 4.91, 4.695, 4.863, 5.43, 5.29, 5.67, 5.48, 4.88, 4.5, 4.22, 4.61, 3.97, 2.07, 1.87, 1.74, 1.73, 2.17, 3.45, 3.47, 3.59, 3.95, 4.03, 4.64, 4.62, 4.21, 3.68, 2.61, 2.36, 2.33, 2.27, 2.49, 2.31, 2.22], [3.47, 3.16, 3.43, 3.23, 3.08, 2.44, 2.26, 2.26, 2.43, 2.56, 2.77, 2.15, 1.51, 1.53, 1.24, 1.76, 1.62, 1.4, 1.27, 1.41, 1.14, 1.14, 0.68, 0, 0.87, 1.23, 1.33, 1.17, 1.4, 1.77, 2.84, 2.41, 2.15, 2.5, 2.36, 2.37, 2.08, 2.38, 1.87, 1.68, 2.11, 3.21, 3.69, 2.79, 2.75, 3.44, 3.43, 3.26, 3.81, 3.67, 3.37, 4.03, 4.46, 4.733, 4.718, 4.783, 5.35, 5.304, 5.659, 5.497, 4.834, 4.24, 3.98, 4.33, 3.75, 1.99, 1.89, 1.72, 1.71, 2.27, 3.49, 3.57, 3.75, 4.09, 4.19, 4.78, 4.78, 4.37, 3.84, 2.73, 2.52, 2.51, 2.43, 2.65, 2.51, 2.44], [3.54, 3.25, 3.52, 3.34, 3.17, 2.59, 2.25, 2.19, 2.34, 2.25, 2.68, 2.32, 1.82, 1.54, 1.61, 2.01, 1.73, 1.09, 0.96, 1.16, 1.15, 1.39, 1.21, 0.87, 0, 0.86, 1.22, 1.12, 1.67, 1.78, 2.69, 1.94, 1.78, 2.31, 2.07, 2.1, 1.83, 2.01, 1.74, 1.69, 2.18, 3.26, 3.76, 2.82, 2.66, 3.33, 3.52, 3.31, 3.84, 3.731, 3.3, 3.98, 4.533, 4.837, 4.753, 4.866, 5.44, 5.414, 5.78, 5.61, 4.95, 4.19, 3.77, 4.06, 3.48, 2.0, 1.88, 1.69, 1.68, 2.22, 3.5, 3.68, 3.82, 4.18, 4.24, 4.87, 4.85, 4.52, 4.01, 2.9, 2.75, 2.58, 2.76, 2.88, 2.66, 2.69], [3.42, 3.27, 3.56, 3.3, 3.25, 2.65, 2.61, 2.63, 2.64, 2.57, 3.0, 2.74, 2.08, 1.84, 1.67, 2.11, 2.23, 1.41, 1.18, 1.22, 1.27, 1.65, 1.43, 1.23, 0.86, 0, 0.88, 1.08, 1.41, 1.66, 2.77, 1.96, 1.68, 2.37, 2.19, 2.02, 1.89, 2.05, 2.08, 1.79, 2.1, 3.08, 3.54, 2.56, 2.42, 3.25, 3.38, 3.17, 3.68, 3.576, 3.0, 3.677, 4.287, 4.567, 4.507, 4.609, 5.22, 5.16, 5.54, 5.43, 4.79, 4.05, 3.53, 3.8, 3.02, 1.66, 1.76, 1.71, 1.72, 2.5, 4.0, 4.12, 4.3, 4.56, 4.66, 5.25, 5.25, 4.82, 4.21, 2.96, 2.85, 2.76, 3.06, 3.2, 2.98, 2.97], [3.64, 3.53, 3.74, 3.46, 3.33, 2.87, 2.97, 2.99, 2.98, 2.81, 3.14, 2.82, 2.38, 2.06, 1.77, 2.39, 2.55, 1.73, 1.3, 1.24, 1.47, 1.89, 1.67, 1.33, 1.22, 0.88, 0, 0.82, 1.29, 1.7, 2.93, 2.44, 1.98, 2.51, 2.41, 2.18, 2.15, 2.31, 2.3, 2.05, 2.18, 3.06, 3.44, 2.54, 2.48, 3.29, 3.38, 3.15, 3.72, 3.559, 3.04, 3.6, 4.215, 4.555, 4.515, 4.586, 5.199, 5.16, 5.54, 5.409, 4.789, 4.03, 3.65, 3.82, 3.06, 1.6, 1.78, 1.85, 1.92, 2.84, 4.32, 4.44, 4.66, 4.86, 4.98, 5.53, 5.55, 5.08, 4.43, 3.12, 2.91, 2.92, 3.2, 3.36, 3.14, 3.17], [3.74, 3.51, 3.66, 3.42, 3.21, 2.69, 2.67, 2.73, 2.62, 2.55, 2.94, 2.44, 1.96, 1.78, 1.51, 2.07, 2.19, 1.47, 1.16, 1.2, 1.27, 1.59, 1.37, 1.17, 1.12, 1.08, 0.82, 0, 1.03, 1.28, 2.63, 2.34, 2.14, 2.65, 2.49, 2.38, 2.23, 2.41, 2.12, 1.81, 2.28, 3.4, 3.76, 2.82, 2.92, 3.67, 3.68, 3.45, 4.06, 3.88, 3.36, 3.96, 4.521, 4.89, 4.821, 4.9, 5.54, 5.46, 5.84, 5.73, 5.09, 4.47, 4.11, 4.38, 3.6, 1.9, 1.92, 1.77, 1.74, 2.56, 4.04, 4.16, 4.34, 4.58, 4.68, 5.29, 5.31, 4.9, 4.31, 3.02, 2.81, 2.76, 2.94, 3.14, 2.9, 2.89], [4.11, 3.78, 3.83, 3.63, 3.38, 2.84, 2.82, 3.06, 2.67, 2.8, 2.85, 2.55, 1.85, 1.71, 1.36, 2.06, 2.38, 1.8, 1.41, 1.49, 1.62, 1.72, 1.46, 1.4, 1.67, 1.41, 1.29, 1.03, 0, 0.99, 2.48, 2.31, 2.35, 2.96, 2.76, 2.65, 2.68, 2.76, 2.47, 2.1, 2.33, 3.69, 4.01, 3.05, 3.27, 4.0, 4.03, 3.78, 4.31, 4.09, 3.47, 4.05, 4.66, 5.04, 5.029, 5.07, 5.73, 5.63, 6.01, 5.9, 5.32, 4.76, 4.36, 4.69, 3.77, 2.23, 2.23, 2.04, 2.05, 2.83, 4.35, 4.37, 4.51, 4.87, 4.89, 5.48, 5.48, 5.05, 4.46, 3.21, 2.94, 2.77, 2.77, 3.01, 2.71, 2.58], [4.44, 4.05, 4.12, 3.94, 3.45, 2.87, 2.61, 2.85, 2.32, 2.35, 2.58, 2.26, 1.72, 1.58, 1.77, 2.13, 2.17, 1.93, 1.72, 1.84, 1.95, 1.99, 1.73, 1.77, 1.78, 1.66, 1.7, 1.28, 0.99, 0, 1.79, 1.66, 2.66, 3.23, 3.01, 2.98, 2.75, 2.69, 2.32, 2.03, 2.9, 4.32, 4.7, 3.7, 3.76, 4.59, 4.6, 4.35, 4.88, 4.66, 4.1, 4.791, 5.341, 5.661, 5.676, 5.703, 6.32, 6.266, 6.6, 6.49, 5.89, 5.23, 4.83, 5.06, 4.14, 2.86, 2.78, 2.39, 2.26, 2.72, 4.1, 4.18, 4.28, 4.76, 4.76, 5.39, 5.37, 5.0, 4.49, 3.66, 3.33, 3.12, 3.06, 3.3, 2.98, 2.85], [5.63, 5.2, 5.35, 5.17, 4.6, 3.82, 3.06, 3.0, 2.25, 1.74, 1.83, 2.05, 2.17, 2.19, 2.94, 2.82, 2.56, 2.68, 2.69, 2.91, 3.04, 3.1, 2.88, 2.84, 2.69, 2.77, 2.93, 2.63, 2.48, 1.79, 0, 1.39, 3.49, 4.112, 3.76, 3.81, 3.64, 3.42, 2.95, 2.8, 4.15, 5.584, 6.206, 5.27, 4.844, 5.78, 5.95, 5.671, 6.218, 6.141, 5.641, 6.324, 6.934, 7.254, 7.214, 7.233, 7.841, 7.804, 8.144, 8.011, 7.351, 6.571, 6.011, 6.016, 5.419, 4.184, 4.099, 3.68, 3.33, 3.43, 3.97, 4.23, 4.35, 4.87, 4.97, 5.58, 5.6, 5.45, 5.36, 4.99, 4.61, 4.163, 3.898, 4.284, 3.79, 3.58], [4.76, 4.33, 4.44, 4.24, 3.81, 3.17, 2.69, 2.69, 2.18, 1.93, 2.42, 2.54, 2.12, 1.92, 2.31, 2.43, 2.03, 1.83, 1.98, 2.06, 2.17, 2.53, 2.43, 2.41, 1.94, 1.96, 2.44, 2.34, 2.31, 1.66, 1.39, 0, 2.52, 3.11, 2.65, 2.7, 2.59, 2.37, 2.0, 2.11, 3.26, 4.676, 5.313, 4.376, 3.879, 4.87, 5.02, 4.79, 5.32, 5.24, 4.751, 5.434, 6.044, 6.364, 6.324, 6.331, 6.951, 6.914, 7.26, 7.11, 6.45, 5.67, 5.11, 5.12, 4.451, 3.34, 3.22, 2.79, 2.36, 2.74, 3.76, 3.94, 4.16, 4.62, 4.76, 5.35, 5.35, 5.08, 4.61, 4.12, 3.89, 3.56, 3.58, 3.74, 3.46, 3.43], [3.12, 2.91, 3.08, 2.86, 2.83, 2.49, 2.769, 2.934, 3.378, 3.35, 3.82, 3.62, 2.958, 2.66, 2.11, 2.49, 2.59, 1.87, 2.0, 1.92, 2.01, 2.29, 2.33, 2.15, 1.78, 1.68, 1.98, 2.14, 2.35, 2.66, 3.49, 2.52, 0, 0.95, 1.21, 1.12, 1.27, 1.57, 1.9, 1.95, 1.48, 2.36, 2.88, 2.12, 1.86, 2.47, 2.7, 2.37, 2.88, 2.78, 2.38, 3.0, 3.57, 3.89, 3.867, 3.88, 4.46, 4.44, 4.76, 4.61, 3.93, 3.15, 2.61, 2.86, 2.48, 1.92, 1.46, 1.15, 1.14, 2.66, 3.7, 4.22, 4.36, 4.32, 4.36, 4.87, 4.85, 4.36, 3.67, 2.5, 2.81, 2.78, 3.16, 3.04, 2.82, 2.97], [2.83, 2.64, 2.73, 2.55, 2.66, 2.68, 2.998, 3.29, 3.957, 3.907, 4.384, 4.025, 3.443, 3.19, 2.52, 2.8, 2.94, 2.46, 2.51, 2.39, 2.32, 2.52, 2.74, 2.5, 2.31, 2.37, 2.51, 2.65, 2.96, 3.23, 4.112, 3.11, 0.95, 0, 0.9, 1.21, 1.32, 1.48, 2.09, 2.28, 1.51, 2.31, 2.57, 1.83, 1.95, 2.44, 2.67, 2.32, 2.69, 2.61, 2.45, 2.87, 3.14, 3.32, 3.4, 3.45, 3.99, 3.95, 4.23, 4.08, 3.4, 2.68, 2.46, 2.83, 2.75, 2.29, 1.83, 1.4, 1.55, 2.81, 3.77, 4.491, 4.497, 4.23, 4.19, 4.58, 4.56, 4.07, 3.26, 2.13, 2.88, 2.93, 3.23, 3.15, 3.05, 3.14], [2.99, 2.62, 2.77, 2.55, 2.54, 2.66, 2.935, 3.175, 3.791, 3.593, 4.117, 3.925, 3.35, 3.05, 2.52, 2.7, 2.82, 2.3, 2.29, 2.23, 2.2, 2.34, 2.54, 2.36, 2.07, 2.19, 2.41, 2.49, 2.76, 3.01, 3.76, 2.65, 1.21, 0.9, 0, 1.15, 1.22, 1.34, 1.91, 2.16, 1.81, 2.95, 3.15, 2.19, 2.25, 2.98, 3.29, 2.94, 3.39, 3.33, 3.01, 3.39, 3.66, 3.88, 3.84, 3.89, 4.55, 4.55, 4.81, 4.58, 4.08, 3.24, 2.98, 3.29, 3.33, 2.61, 2.13, 1.62, 1.49, 2.75, 3.61, 4.388, 4.385, 4.09, 4.11, 4.4, 4.36, 3.87, 3.3, 2.35, 3.04, 2.99, 3.33, 3.29, 3.13, 3.16], [2.88, 2.61, 2.78, 2.5, 2.57, 2.39, 2.81, 3.17, 3.7, 3.57, 4.06, 3.84, 3.32, 2.98, 2.37, 2.69, 2.77, 2.29, 2.34, 2.36, 2.27, 2.47, 2.57, 2.37, 2.1, 2.02, 2.18, 2.38, 2.65, 2.98, 3.81, 2.7, 1.12, 1.21, 1.15, 0, 0.97, 1.03, 1.72, 1.99, 1.54, 2.58, 2.96, 2.1, 2.14, 2.81, 3.08, 2.83, 3.3, 3.18, 2.68, 3.2, 3.67, 3.992, 3.892, 3.959, 4.579, 4.502, 4.862, 4.769, 4.129, 3.45, 2.99, 3.18, 3.1, 2.38, 1.88, 1.53, 1.32, 2.78, 3.66, 4.32, 4.42, 4.24, 4.2, 4.67, 4.65, 4.16, 3.49, 2.4, 3.35, 3.34, 3.68, 3.62, 3.4, 3.45], [2.45, 2.12, 2.31, 2.11, 2.18, 1.98, 2.32, 2.62, 3.19, 3.2, 3.69, 3.33, 2.95, 2.61, 2.38, 2.48, 2.3, 2.1, 2.23, 2.21, 2.14, 2.32, 2.32, 2.08, 1.83, 1.89, 2.15, 2.23, 2.68, 2.75, 3.64, 2.59, 1.27, 1.32, 1.22, 0.97, 0, 0.66, 1.37, 1.64, 1.87, 2.83, 3.17, 2.19, 2.33, 3.06, 3.21, 2.96, 3.47, 3.29, 2.93, 3.43, 3.84, 4.05, 4.05, 4.157, 4.701, 4.644, 4.984, 4.811, 4.18, 3.44, 3.12, 3.45, 3.29, 2.59, 2.01, 1.58, 1.15, 2.21, 3.13, 3.77, 3.81, 3.65, 3.59, 4.0, 4.0, 3.55, 2.88, 2.27, 3.44, 3.39, 3.73, 3.71, 3.55, 3.52], [2.73, 2.36, 2.55, 2.23, 2.26, 2.0, 2.24, 2.58, 3.11, 2.98, 3.45, 3.31, 2.97, 2.75, 2.56, 2.6, 2.3, 2.4, 2.43, 2.41, 2.32, 2.48, 2.58, 2.38, 2.01, 2.05, 2.31, 2.41, 2.76, 2.69, 3.42, 2.37, 1.57, 1.48, 1.34, 1.03, 0.66, 0, 1.27, 1.66, 1.83, 3.11, 3.47, 2.43, 2.59, 3.36, 3.55, 3.3, 3.77, 3.61, 3.25, 3.69, 4.14, 4.351, 4.351, 4.43, 5.01, 4.941, 5.31, 5.156, 4.54, 3.8, 3.44, 3.67, 3.51, 2.89, 2.35, 1.74, 1.37, 2.15, 3.07, 3.73, 3.79, 3.59, 3.51, 4.04, 4.06, 3.61, 2.94, 2.35, 3.64, 3.55, 3.87, 3.87, 3.69, 3.64], [3.22, 2.77, 2.9, 2.68, 2.21, 1.65, 1.45, 1.79, 2.24, 2.37, 2.84, 2.4, 2.16, 1.88, 1.97, 1.73, 1.35, 1.59, 1.82, 1.94, 1.71, 1.77, 1.91, 1.87, 1.74, 2.08, 2.3, 2.12, 2.47, 2.32, 2.95, 2.0, 1.9, 2.09, 1.91, 1.72, 1.37, 1.27, 0, 0.87, 1.88, 3.32, 3.78, 2.96, 2.9, 3.57, 3.68, 3.51, 3.92, 3.88, 3.58, 4.16, 4.535, 4.96, 4.834, 4.941, 5.502, 5.345, 5.725, 5.652, 4.992, 4.45, 4.17, 4.3, 3.94, 2.68, 2.3, 1.75, 1.26, 1.46, 2.38, 2.76, 2.92, 3.06, 3.16, 3.75, 3.77, 3.52, 3.15, 2.64, 2.97, 2.8, 3.02, 2.94, 2.9, 2.85], [3.11, 2.68, 2.85, 2.65, 2.06, 1.4, 1.34, 1.6, 2.21, 2.28, 2.81, 2.21, 1.85, 1.61, 1.52, 1.3, 1.24, 1.46, 1.61, 1.79, 1.42, 1.46, 1.6, 1.68, 1.69, 1.79, 2.05, 1.81, 2.1, 2.03, 2.8, 2.11, 1.95, 2.28, 2.16, 1.99, 1.64, 1.66, 0.87, 0, 1.67, 3.11, 3.57, 2.75, 2.81, 3.5, 3.45, 3.36, 3.77, 3.67, 3.35, 3.897, 4.26, 4.75, 4.598, 4.783, 5.314, 5.11, 5.55, 5.457, 4.793, 4.32, 4.02, 4.35, 3.806, 2.17, 1.89, 1.42, 1.05, 1.29, 2.47, 2.67, 2.89, 3.01, 3.09, 3.68, 3.68, 3.37, 3.02, 2.49, 2.52, 2.37, 2.55, 2.71, 2.53, 2.46], [2.86, 2.57, 2.82, 2.54, 2.47, 2.13, 2.57, 3.01, 3.72, 3.71, 4.24, 3.66, 3.14, 2.8, 1.87, 2.21, 2.29, 2.09, 2.04, 2.06, 1.81, 1.83, 2.15, 2.11, 2.18, 2.1, 2.18, 2.28, 2.33, 2.9, 4.15, 3.26, 1.48, 1.51, 1.81, 1.54, 1.87, 1.83, 1.88, 1.67, 0, 2.1, 2.24, 1.76, 2.02, 2.51, 2.66, 2.51, 2.72, 2.7, 2.44, 2.78, 2.91, 3.47, 3.328, 3.58, 3.98, 3.86, 4.26, 4.15, 3.57, 3.11, 2.91, 3.34, 3.1, 1.58, 1.5, 1.37, 1.56, 2.34, 3.52, 3.98, 3.94, 3.98, 4.06, 4.59, 4.59, 4.12, 3.43, 2.18, 2.25, 2.38, 2.68, 2.56, 2.56, 2.53], [3.88, 3.87, 4.06, 3.9, 4.01, 3.75, 4.15, 4.49, 5.16, 5.19, 5.7, 5.16, 4.6, 4.26, 3.33, 3.81, 3.95, 3.27, 3.08, 2.94, 2.89, 3.11, 3.41, 3.21, 3.26, 3.08, 3.06, 3.4, 3.69, 4.32, 5.584, 4.676, 2.36, 2.31, 2.95, 2.58, 2.83, 3.11, 3.32, 3.11, 2.1, 0, 0.98, 1.58, 1.34, 1.25, 1.32, 1.33, 1.46, 1.48, 1.34, 1.8, 1.95, 1.99, 1.89, 1.98, 2.52, 2.52, 3.02, 3.03, 2.43, 1.95, 1.97, 1.8, 1.48, 1.96, 2.04, 2.45, 2.66, 4.12, 5.0, 5.6, 5.7, 5.62, 5.62, 6.09, 6.09, 5.58, 4.77, 3.24, 2.95, 2.88, 3.2, 3.18, 3.28, 3.87], [3.52, 3.53, 3.76, 3.68, 3.81, 3.73, 4.29, 4.89, 5.708, 5.761, 6.28, 5.58, 4.9, 4.56, 3.61, 3.99, 4.19, 3.73, 3.56, 3.52, 3.35, 3.35, 3.73, 3.69, 3.76, 3.54, 3.44, 3.76, 4.01, 4.7, 6.206, 5.313, 2.88, 2.57, 3.15, 2.96, 3.17, 3.47, 3.78, 3.57, 2.24, 0.98, 0, 1.32, 1.62, 1.33, 1.28, 1.27, 1.36, 1.36, 1.22, 1.26, 1.39, 1.51, 1.45, 1.7, 2.04, 1.86, 2.34, 2.37, 1.79, 1.39, 1.57, 1.72, 1.64, 2.16, 2.3, 2.71, 3.1, 4.14, 5.06, 5.86, 5.66, 5.34, 5.38, 5.73, 5.73, 5.2, 4.41, 2.98, 3.09, 3.22, 3.58, 3.42, 3.56, 3.95], [2.72, 2.79, 3.04, 2.86, 2.87, 2.81, 3.35, 3.95, 4.84, 4.821, 5.331, 4.58, 3.88, 3.58, 2.71, 3.13, 3.49, 3.01, 2.72, 2.68, 2.51, 2.47, 2.99, 2.79, 2.82, 2.56, 2.54, 2.82, 3.05, 3.7, 5.27, 4.376, 2.12, 1.83, 2.19, 2.1, 2.19, 2.43, 2.96, 2.75, 1.76, 1.58, 1.32, 0, 1.22, 1.75, 1.64, 1.45, 1.92, 1.7, 1.3, 1.74, 1.95, 2.17, 2.27, 2.44, 2.84, 2.76, 3.1, 2.97, 2.37, 1.91, 1.87, 2.48, 2.24, 1.62, 1.8, 1.87, 2.24, 3.08, 4.28, 5.08, 4.82, 4.52, 4.44, 4.91, 4.89, 4.4, 3.59, 2.1, 3.05, 3.22, 3.52, 3.4, 3.4, 3.45], [3.74, 3.75, 3.9, 3.64, 3.69, 3.25, 3.71, 3.91, 4.66, 4.53, 5.06, 4.54, 4.08, 3.8, 2.93, 3.27, 3.57, 2.87, 2.74, 2.54, 2.49, 2.77, 3.07, 2.75, 2.66, 2.42, 2.48, 2.92, 3.27, 3.76, 4.844, 3.879, 1.86, 1.95, 2.25, 2.14, 2.33, 2.59, 2.9, 2.81, 2.02, 1.34, 1.62, 1.22, 0, 1.39, 1.64, 1.33, 1.76, 1.6, 1.52, 2.18, 2.51, 2.57, 2.71, 2.62, 3.16, 3.137, 3.52, 3.33, 2.71, 2.03, 1.79, 2.02, 1.62, 1.7, 1.94, 1.97, 2.3, 3.5, 4.6, 5.06, 5.24, 5.18, 5.28, 5.81, 5.79, 5.3, 4.53, 2.98, 3.07, 3.24, 3.52, 3.46, 3.46, 3.71], [4.15, 4.2, 4.43, 4.21, 4.28, 4.04, 4.38, 4.62, 5.405, 5.413, 5.921, 5.33, 4.69, 4.25, 3.7, 4.14, 4.14, 3.54, 3.41, 3.35, 3.24, 3.54, 3.66, 3.44, 3.33, 3.25, 3.29, 3.67, 4.0, 4.59, 5.78, 4.87, 2.47, 2.44, 2.98, 2.81, 3.06, 3.36, 3.57, 3.5, 2.51, 1.25, 1.33, 1.75, 1.39, 0, 0.83, 0.74, 0.83, 0.85, 1.07, 1.55, 1.9, 2.0, 1.94, 1.97, 2.33, 2.27, 2.63, 2.48, 1.76, 1.38, 1.24, 1.47, 1.25, 2.29, 2.43, 2.66, 2.95, 4.31, 5.17, 5.95, 5.85, 5.61, 5.63, 6.16, 6.14, 5.65, 4.84, 3.35, 3.08, 3.23, 3.51, 3.47, 3.53, 4.02], [3.82, 3.85, 4.14, 4.0, 4.11, 3.85, 4.21, 4.65, 5.442, 5.526, 6.053, 5.3, 4.549, 4.18, 3.53, 3.89, 4.07, 3.57, 3.52, 3.46, 3.21, 3.33, 3.53, 3.43, 3.52, 3.38, 3.38, 3.68, 4.03, 4.6, 5.95, 5.02, 2.7, 2.67, 3.29, 3.08, 3.21, 3.55, 3.68, 3.45, 2.66, 1.32, 1.28, 1.64, 1.64, 0.83, 0, 0.63, 0.88, 0.8, 0.92, 1.5, 1.75, 1.87, 1.83, 1.92, 2.14, 2.1, 2.38, 2.25, 1.51, 1.39, 1.41, 1.74, 1.44, 2.22, 2.3, 2.61, 2.9, 4.14, 5.16, 5.78, 5.6, 5.46, 5.38, 5.85, 5.83, 5.32, 4.51, 3.12, 3.01, 3.26, 3.54, 3.42, 3.64, 4.05], [3.83, 3.88, 4.15, 3.93, 4.0, 3.696, 4.076, 4.37, 5.271, 5.279, 5.786, 5.108, 4.343, 4.01, 3.44, 3.78, 3.94, 3.44, 3.31, 3.27, 3.14, 3.2, 3.48, 3.26, 3.31, 3.17, 3.15, 3.45, 3.78, 4.35, 5.671, 4.79, 2.37, 2.32, 2.94, 2.83, 2.96, 3.3, 3.51, 3.36, 2.51, 1.33, 1.27, 1.45, 1.33, 0.74, 0.63, 0, 0.81, 0.67, 0.91, 1.43, 1.72, 1.88, 1.88, 1.93, 2.27, 2.27, 2.59, 2.44, 1.7, 1.3, 1.26, 1.59, 1.31, 2.07, 2.15, 2.26, 2.67, 3.85, 5.07, 5.64, 5.449, 5.33, 5.31, 5.84, 5.82, 5.33, 4.52, 3.11, 2.86, 3.01, 3.31, 3.25, 3.37, 3.78], [4.14, 4.23, 4.5, 4.32, 4.35, 4.03, 4.45, 4.91, 5.778, 5.806, 6.333, 5.635, 4.87, 4.44, 3.93, 4.21, 4.35, 3.87, 3.8, 3.78, 3.55, 3.67, 3.89, 3.81, 3.84, 3.68, 3.72, 4.06, 4.31, 4.88, 6.218, 5.32, 2.88, 2.69, 3.39, 3.3, 3.47, 3.77, 3.92, 3.77, 2.72, 1.46, 1.36, 1.92, 1.76, 0.83, 0.88, 0.81, 0, 0.72, 1.24, 1.6, 1.69, 1.87, 1.79, 1.88, 1.9, 1.92, 2.18, 2.13, 1.43, 1.31, 1.37, 1.64, 1.42, 2.44, 2.5, 2.77, 3.16, 4.28, 5.44, 6.04, 5.78, 5.7, 5.62, 6.11, 6.09, 5.6, 4.79, 3.36, 2.99, 3.06, 3.4, 3.34, 3.48, 4.05], [3.94, 4.09, 4.32, 4.12, 4.19, 3.906, 4.266, 4.8, 5.665, 5.729, 6.256, 5.558, 4.633, 4.3, 3.73, 4.03, 4.29, 3.85, 3.7, 3.633, 3.45, 3.49, 3.81, 3.67, 3.731, 3.576, 3.559, 3.88, 4.09, 4.66, 6.141, 5.24, 2.78, 2.61, 3.33, 3.18, 3.29, 3.61, 3.88, 3.67, 2.7, 1.48, 1.36, 1.7, 1.6, 0.85, 0.8, 0.67, 0.72, 0, 1.0, 1.48, 1.67, 1.79, 1.77, 1.8, 1.96, 1.9, 2.26, 2.07, 1.39, 1.31, 1.31, 1.68, 1.48, 2.36, 2.36, 2.57, 3.04, 4.1, 5.42, 5.98, 5.66, 5.56, 5.44, 5.93, 5.91, 5.42, 4.61, 3.16, 2.95, 3.02, 3.36, 3.28, 3.4, 3.79], [3.54, 3.69, 3.94, 3.78, 3.87, 3.683, 3.886, 4.54, 5.177, 5.288, 5.778, 5.258, 4.164, 3.96, 3.33, 3.81, 4.11, 3.43, 3.18, 3.14, 3.05, 3.21, 3.41, 3.37, 3.3, 3.0, 3.04, 3.36, 3.47, 4.1, 5.641, 4.751, 2.38, 2.45, 3.01, 2.68, 2.93, 3.25, 3.58, 3.35, 2.44, 1.34, 1.22, 1.3, 1.52, 1.07, 0.92, 0.91, 1.24, 1.0, 0, 1.02, 1.57, 1.81, 1.73, 1.88, 2.34, 2.26, 2.62, 2.47, 1.89, 1.57, 1.35, 1.68, 1.28, 2.04, 2.02, 2.37, 2.72, 3.98, 5.14, 5.83, 5.513, 5.4, 5.26, 5.71, 5.71, 5.2, 4.39, 3.0, 3.01, 3.1, 3.48, 3.36, 3.3, 3.71], [3.511, 3.695, 3.925, 3.862, 3.969, 3.966, 4.3, 5.137, 5.82, 5.948, 6.441, 5.921, 4.835, 4.615, 3.81, 4.31, 4.61, 4.05, 3.84, 3.72, 3.61, 3.69, 3.99, 4.03, 3.98, 3.677, 3.6, 3.96, 4.05, 4.791, 6.324, 5.434, 3.0, 2.87, 3.39, 3.2, 3.43, 3.69, 4.16, 3.897, 2.78, 1.8, 1.26, 1.74, 2.18, 1.55, 1.5, 1.43, 1.6, 1.48, 1.02, 0, 0.95, 1.41, 1.37, 1.56, 2.14, 1.98, 2.3, 2.19, 1.79, 1.43, 1.33, 1.72, 1.84, 2.52, 2.54, 2.89, 3.3, 4.46, 5.54, 6.29, 5.853, 5.642, 5.439, 5.595, 5.632, 5.028, 4.23, 3.0, 2.97, 3.24, 3.72, 3.42, 3.42, 4.05], [3.501, 3.705, 3.955, 3.875, 3.996, 4.127, 4.74, 5.609, 6.41, 6.463, 6.973, 6.291, 5.29, 5.084, 4.22, 4.56, 4.88, 4.48, 4.324, 4.287, 4.1, 4.02, 4.38, 4.46, 4.533, 4.287, 4.215, 4.521, 4.66, 5.341, 6.934, 6.044, 3.57, 3.14, 3.66, 3.67, 3.84, 4.14, 4.535, 4.26, 2.91, 1.95, 1.39, 1.95, 2.51, 1.9, 1.75, 1.72, 1.69, 1.67, 1.57, 0.95, 0, 0.94, 0.9, 1.19, 1.65, 1.63, 1.93, 2.0, 1.62, 1.24, 1.52, 1.79, 2.25, 2.87, 2.87, 3.34, 3.81, 4.59, 5.77, 6.534, 5.96, 5.792, 5.477, 5.625, 5.602, 5.018, 4.22, 3.15, 3.0, 3.31, 3.67, 3.43, 3.79, 4.34], [4.098, 4.285, 4.535, 4.472, 4.619, 4.764, 5.181, 5.889, 6.817, 6.783, 7.293, 6.608, 5.631, 5.52, 4.66, 5.08, 5.513, 5.053, 4.74, 4.627, 4.478, 4.478, 4.91, 4.733, 4.837, 4.567, 4.555, 4.89, 5.04, 5.661, 7.254, 6.364, 3.89, 3.32, 3.88, 3.992, 4.05, 4.351, 4.96, 4.75, 3.47, 1.99, 1.51, 2.17, 2.57, 2.0, 1.87, 1.88, 1.87, 1.79, 1.81, 1.41, 0.94, 0, 0.78, 1.01, 1.33, 1.59, 1.83, 1.88, 1.52, 1.14, 1.72, 1.85, 2.19, 3.35, 3.45, 3.66, 4.19, 5.01, 6.35, 7.074, 6.605, 6.392, 6.049, 6.128, 6.162, 5.578, 4.78, 3.67, 3.6, 3.61, 4.03, 3.83, 4.15, 4.8], [3.961, 4.145, 4.395, 4.315, 4.536, 4.664, 5.081, 5.901, 6.73, 6.763, 7.273, 6.651, 5.685, 5.423, 4.62, 4.96, 5.304, 4.853, 4.624, 4.547, 4.421, 4.341, 4.695, 4.718, 4.753, 4.507, 4.515, 4.821, 5.029, 5.676, 7.214, 6.324, 3.867, 3.4, 3.84, 3.892, 4.05, 4.351, 4.834, 4.598, 3.328, 1.89, 1.45, 2.27, 2.71, 1.94, 1.83, 1.88, 1.79, 1.77, 1.73, 1.37, 0.9, 0.78, 0, 0.75, 1.23, 1.45, 1.77, 1.86, 1.46, 1.2, 1.72, 1.87, 2.19, 3.29, 3.29, 3.64, 4.09, 5.01, 6.23, 6.954, 6.434, 6.254, 6.077, 6.245, 6.202, 5.618, 4.808, 3.75, 3.6, 3.57, 3.95, 3.83, 4.13, 4.72], [4.2, 4.386, 4.499, 4.479, 4.74, 4.797, 5.228, 6.008, 6.824, 6.893, 7.4, 6.738, 5.853, 5.65, 4.71, 5.07, 5.55, 5.04, 4.787, 4.677, 4.528, 4.528, 4.863, 4.783, 4.866, 4.609, 4.586, 4.9, 5.07, 5.703, 7.233, 6.331, 3.88, 3.45, 3.89, 3.959, 4.157, 4.43, 4.941, 4.783, 3.58, 1.98, 1.7, 2.44, 2.62, 1.97, 1.92, 1.93, 1.88, 1.8, 1.88, 1.56, 1.19, 1.01, 0.75, 0, 1.14, 1.56, 1.82, 1.81, 1.57, 1.33, 1.69, 1.68, 2.2, 3.52, 3.48, 3.73, 4.14, 5.24, 6.38, 7.081, 6.787, 6.487, 6.387, 6.503, 6.506, 5.84, 5.05, 4.02, 3.85, 3.84, 4.2, 4.12, 4.36, 5.01], [4.68, 4.929, 5.22, 5.179, 5.386, 5.357, 5.848, 6.456, 7.397, 7.39, 7.92, 7.175, 6.318, 6.08, 5.35, 5.67, 5.95, 5.53, 5.34, 5.3, 5.07, 5.07, 5.43, 5.35, 5.44, 5.22, 5.199, 5.54, 5.73, 6.32, 7.841, 6.951, 4.46, 3.99, 4.55, 4.579, 4.701, 5.01, 5.502, 5.314, 3.98, 2.52, 2.04, 2.84, 3.16, 2.33, 2.14, 2.27, 1.9, 1.96, 2.34, 2.14, 1.65, 1.33, 1.23, 1.14, 0, 1.04, 1.2, 1.27, 1.17, 1.47, 2.01, 1.96, 2.54, 3.92, 3.98, 4.25, 4.74, 5.58, 6.8, 7.541, 7.17, 6.927, 6.77, 6.99, 7.009, 6.36, 5.53, 4.5, 4.39, 4.36, 4.68, 4.62, 4.98, 5.51], [4.471, 4.575, 4.845, 4.765, 4.929, 4.937, 5.671, 6.424, 7.28, 7.333, 7.843, 7.083, 6.332, 6.086, 5.09, 5.37, 5.763, 5.37, 5.274, 5.217, 5.004, 4.87, 5.29, 5.304, 5.414, 5.16, 5.16, 5.46, 5.63, 6.266, 7.804, 6.914, 4.44, 3.95, 4.55, 4.502, 4.644, 4.941, 5.345, 5.11, 3.86, 2.52, 1.86, 2.76, 3.137, 2.27, 2.1, 2.27, 1.92, 1.9, 2.26, 1.98, 1.63, 1.59, 1.45, 1.56, 1.04, 0, 0.76, 0.89, 1.05, 1.63, 1.95, 2.0, 2.52, 3.7, 3.76, 4.21, 4.66, 5.4, 6.54, 7.333, 6.95, 6.585, 6.507, 6.738, 6.735, 6.188, 5.39, 4.26, 4.23, 4.48, 4.76, 4.64, 4.94, 5.45], [4.428, 4.572, 4.825, 4.782, 4.969, 5.094, 5.971, 6.762, 7.6, 7.673, 8.203, 7.389, 6.649, 6.406, 5.43, 5.61, 6.07, 5.71, 5.654, 5.617, 5.37, 5.27, 5.67, 5.659, 5.78, 5.54, 5.54, 5.84, 6.01, 6.6, 8.144, 7.26, 4.76, 4.23, 4.81, 4.862, 4.984, 5.31, 5.725, 5.55, 4.26, 3.02, 2.34, 3.1, 3.52, 2.63, 2.38, 2.59, 2.18, 2.26, 2.62, 2.3, 1.93, 1.83, 1.77, 1.82, 1.2, 0.76, 0, 0.77, 1.29, 1.91, 2.27, 2.32, 2.88, 4.06, 4.08, 4.51, 4.98, 5.52, 6.66, 7.65, 7.23, 6.821, 6.607, 6.715, 6.732, 6.088, 5.29, 4.54, 4.55, 4.86, 5.18, 4.98, 5.28, 5.85], [4.31, 4.516, 4.79, 4.749, 4.99, 5.098, 5.821, 6.606, 7.507, 7.6, 8.13, 7.27, 6.459, 6.19, 5.38, 5.56, 5.98, 5.62, 5.55, 5.51, 5.26, 5.12, 5.48, 5.497, 5.61, 5.43, 5.409, 5.73, 5.9, 6.49, 8.011, 7.11, 4.61, 4.08, 4.58, 4.769, 4.811, 5.156, 5.652, 5.457, 4.15, 3.03, 2.37, 2.97, 3.33, 2.48, 2.25, 2.44, 2.13, 2.07, 2.47, 2.19, 2.0, 1.88, 1.86, 1.81, 1.27, 0.89, 0.77, 0, 1.06, 1.76, 2.14, 2.35, 2.85, 4.05, 4.03, 4.4, 4.87, 5.47, 6.61, 7.577, 7.063, 6.725, 6.428, 6.54, 6.536, 5.87, 5.1, 4.31, 4.42, 4.75, 5.05, 4.95, 5.11, 5.58], [4.13, 4.24, 4.55, 4.47, 4.599, 4.581, 5.215, 5.946, 6.835, 6.939, 7.466, 6.641, 5.779, 5.47, 4.76, 4.96, 5.32, 4.94, 4.91, 4.863, 4.605, 4.5, 4.88, 4.834, 4.95, 4.79, 4.789, 5.09, 5.32, 5.89, 7.351, 6.45, 3.93, 3.4, 4.08, 4.129, 4.18, 4.54, 4.992, 4.793, 3.57, 2.43, 1.79, 2.37, 2.71, 1.76, 1.51, 1.7, 1.43, 1.39, 1.89, 1.79, 1.62, 1.52, 1.46, 1.57, 1.17, 1.05, 1.29, 1.06, 0, 1.16, 1.6, 1.95, 2.27, 3.39, 3.39, 3.72, 4.23, 4.91, 6.03, 6.9, 6.443, 6.15, 5.889, 6.18, 6.16, 5.63, 4.82, 3.75, 3.82, 4.11, 4.37, 4.29, 4.49, 4.9], [3.91, 4.02, 4.35, 4.289, 4.516, 4.521, 4.918, 5.295, 6.234, 6.159, 6.686, 6.025, 5.251, 4.93, 4.42, 4.74, 4.94, 4.48, 4.29, 4.19, 4.0, 4.16, 4.5, 4.24, 4.19, 4.05, 4.03, 4.47, 4.76, 5.23, 6.571, 5.67, 3.15, 2.68, 3.24, 3.45, 3.44, 3.8, 4.45, 4.32, 3.11, 1.95, 1.39, 1.91, 2.03, 1.38, 1.39, 1.3, 1.31, 1.31, 1.57, 1.43, 1.24, 1.14, 1.2, 1.33, 1.47, 1.63, 1.91, 1.76, 1.16, 0, 0.84, 1.29, 1.63, 2.95, 3.05, 3.18, 3.67, 4.65, 5.81, 6.63, 6.23, 5.931, 5.794, 6.02, 6.02, 5.45, 4.64, 3.57, 3.5, 3.65, 3.93, 3.87, 4.03, 4.56], [4.01, 4.08, 4.39, 4.29, 4.476, 4.404, 4.741, 4.978, 5.774, 5.715, 6.206, 5.768, 5.025, 4.71, 4.22, 4.62, 4.7, 4.08, 3.89, 3.81, 3.78, 4.04, 4.22, 3.98, 3.77, 3.53, 3.65, 4.11, 4.36, 4.83, 6.011, 5.11, 2.61, 2.46, 2.98, 2.99, 3.12, 3.44, 4.17, 4.02, 2.91, 1.97, 1.57, 1.87, 1.79, 1.24, 1.41, 1.26, 1.37, 1.31, 1.35, 1.33, 1.52, 1.72, 1.72, 1.69, 2.01, 1.95, 2.27, 2.14, 1.6, 0.84, 0, 1.03, 1.47, 2.71, 2.85, 2.94, 3.33, 4.57, 5.63, 6.43, 6.17, 5.83, 5.826, 6.14, 6.14, 5.57, 4.76, 3.63, 3.72, 3.75, 4.11, 4.09, 4.01, 4.42], [4.74, 4.77, 4.96, 4.86, 5.029, 4.863, 5.183, 5.414, 6.067, 5.805, 6.338, 6.158, 5.513, 5.28, 4.55, 4.99, 5.13, 4.37, 4.16, 4.02, 4.09, 4.45, 4.61, 4.33, 4.06, 3.8, 3.82, 4.38, 4.69, 5.06, 6.016, 5.12, 2.86, 2.83, 3.29, 3.18, 3.45, 3.67, 4.3, 4.35, 3.34, 1.8, 1.72, 2.48, 2.02, 1.47, 1.74, 1.59, 1.64, 1.68, 1.68, 1.72, 1.79, 1.85, 1.87, 1.68, 1.96, 2.0, 2.32, 2.35, 1.95, 1.29, 1.03, 0, 1.24, 3.18, 3.18, 3.41, 3.6, 5.16, 5.96, 6.747, 6.813, 6.58, 6.579, 6.95, 6.95, 6.38, 5.57, 4.32, 4.11, 4.04, 4.38, 4.36, 4.4, 5.05], [4.78, 4.77, 4.9, 4.72, 4.85, 4.51, 4.849, 5.003, 5.198, 5.328, 5.781, 5.561, 4.807, 4.578, 3.93, 4.41, 4.75, 3.69, 3.4, 3.2, 3.41, 3.91, 3.97, 3.75, 3.48, 3.02, 3.06, 3.6, 3.77, 4.14, 5.419, 4.451, 2.48, 2.75, 3.33, 3.1, 3.29, 3.51, 3.94, 3.806, 3.1, 1.48, 1.64, 2.24, 1.62, 1.25, 1.44, 1.31, 1.42, 1.48, 1.28, 1.84, 2.25, 2.19, 2.19, 2.2, 2.54, 2.52, 2.88, 2.85, 2.27, 1.63, 1.47, 1.24, 0, 2.44, 2.52, 2.97, 3.2, 4.72, 5.9, 6.293, 6.539, 6.5, 6.5, 6.97, 6.97, 6.46, 5.65, 4.12, 3.55, 3.6, 3.94, 3.96, 3.92, 4.59], [3.44, 3.39, 3.72, 3.42, 3.369, 2.846, 3.258, 3.378, 3.749, 3.733, 4.252, 3.501, 3.139, 2.68, 1.89, 2.45, 2.79, 2.03, 1.8, 1.68, 1.55, 2.01, 2.07, 1.99, 2.0, 1.66, 1.6, 1.9, 2.23, 2.86, 4.184, 3.34, 1.92, 2.29, 2.61, 2.38, 2.59, 2.89, 2.68, 2.17, 1.58, 1.96, 2.16, 1.62, 1.7, 2.29, 2.22, 2.07, 2.44, 2.36, 2.04, 2.52, 2.87, 3.35, 3.29, 3.52, 3.92, 3.7, 4.06, 4.05, 3.39, 2.95, 2.71, 3.18, 2.44, 0, 1.06, 1.57, 1.98, 2.86, 4.32, 4.56, 4.72, 4.794, 4.896, 5.446, 5.446, 4.976, 4.31, 2.9, 2.29, 2.56, 2.84, 2.8, 2.88, 3.01], [2.82, 2.77, 3.0, 2.72, 2.71, 2.301, 2.735, 3.209, 3.566, 3.707, 4.257, 3.504, 2.916, 2.56, 1.87, 2.23, 2.59, 1.73, 1.84, 1.84, 1.69, 1.85, 1.87, 1.89, 1.88, 1.76, 1.78, 1.92, 2.23, 2.78, 4.099, 3.22, 1.46, 1.83, 2.13, 1.88, 2.01, 2.35, 2.3, 1.89, 1.5, 2.04, 2.3, 1.8, 1.94, 2.43, 2.3, 2.15, 2.5, 2.36, 2.02, 2.54, 2.87, 3.45, 3.29, 3.48, 3.98, 3.76, 4.08, 4.03, 3.39, 3.05, 2.85, 3.18, 2.52, 1.06, 0, 1.01, 1.4, 2.62, 3.82, 4.159, 4.231, 4.191, 4.216, 4.746, 4.729, 4.259, 3.57, 2.18, 2.23, 2.48, 2.78, 2.68, 2.7, 2.81], [2.73, 2.44, 2.69, 2.43, 2.4, 1.854, 2.031, 2.339, 3.257, 3.309, 3.816, 3.094, 2.365, 2.11, 1.62, 1.86, 2.02, 1.78, 1.89, 1.97, 1.6, 1.6, 1.74, 1.72, 1.69, 1.71, 1.85, 1.77, 2.04, 2.39, 3.68, 2.79, 1.15, 1.4, 1.62, 1.53, 1.58, 1.74, 1.75, 1.42, 1.37, 2.45, 2.71, 1.87, 1.97, 2.66, 2.61, 2.26, 2.77, 2.57, 2.37, 2.89, 3.34, 3.66, 3.64, 3.73, 4.25, 4.21, 4.51, 4.4, 3.72, 3.18, 2.94, 3.41, 2.97, 1.57, 1.01, 0, 0.85, 1.91, 3.35, 3.69, 3.63, 3.71, 3.746, 4.296, 4.279, 3.809, 3.12, 1.91, 2.24, 2.27, 2.55, 2.47, 2.37, 2.44], [2.68, 2.25, 2.4, 2.16, 2.09, 1.59, 1.758, 2.086, 2.77, 2.89, 3.417, 2.86, 2.32, 2.02, 1.53, 1.75, 1.71, 1.63, 1.8, 1.84, 1.55, 1.67, 1.73, 1.71, 1.68, 1.72, 1.92, 1.74, 2.05, 2.26, 3.33, 2.36, 1.14, 1.55, 1.49, 1.32, 1.15, 1.37, 1.26, 1.05, 1.56, 2.66, 3.1, 2.24, 2.3, 2.95, 2.9, 2.67, 3.16, 3.04, 2.72, 3.3, 3.81, 4.19, 4.09, 4.14, 4.74, 4.66, 4.98, 4.87, 4.23, 3.67, 3.33, 3.6, 3.2, 1.98, 1.4, 0.85, 0, 1.74, 2.84, 3.26, 3.42, 3.42, 3.46, 3.99, 3.99, 3.52, 2.95, 2.08, 2.65, 2.62, 2.98, 2.86, 2.7, 2.79], [2.74, 2.31, 2.62, 2.46, 2.01, 1.33, 1.29, 1.63, 2.36, 2.53, 2.98, 2.22, 1.96, 1.84, 1.99, 1.61, 1.43, 2.11, 2.36, 2.66, 2.11, 1.83, 2.17, 2.27, 2.22, 2.5, 2.84, 2.56, 2.83, 2.72, 3.43, 2.74, 2.66, 2.81, 2.75, 2.78, 2.21, 2.15, 1.46, 1.29, 2.34, 4.12, 4.14, 3.08, 3.5, 4.31, 4.14, 3.85, 4.28, 4.1, 3.98, 4.46, 4.59, 5.01, 5.01, 5.24, 5.58, 5.4, 5.52, 5.47, 4.91, 4.65, 4.57, 5.16, 4.72, 2.86, 2.62, 1.91, 1.74, 0, 2.02, 2.6, 2.28, 2.5, 2.26, 2.91, 2.91, 2.68, 2.27, 2.58, 2.91, 2.76, 2.9, 2.94, 2.88, 2.73], [3.84, 3.37, 3.58, 3.42, 2.79, 2.27, 1.97, 1.75, 2.22, 2.61, 3.06, 2.58, 3.22, 3.18, 3.35, 2.55, 2.21, 3.05, 3.56, 3.88, 3.45, 3.21, 3.45, 3.49, 3.5, 4.0, 4.32, 4.04, 4.35, 4.1, 3.97, 3.76, 3.7, 3.77, 3.61, 3.66, 3.13, 3.07, 2.38, 2.47, 3.52, 5.0, 5.06, 4.28, 4.6, 5.17, 5.16, 5.07, 5.44, 5.42, 5.14, 5.54, 5.77, 6.35, 6.23, 6.38, 6.8, 6.54, 6.66, 6.61, 6.03, 5.81, 5.63, 5.96, 5.9, 4.32, 3.82, 3.35, 2.84, 2.02, 0, 1.52, 1.24, 1.2, 1.2, 1.91, 2.11, 2.6, 2.91, 3.58, 4.41, 4.3, 4.18, 4.12, 4.04, 3.77], [4.86, 4.41, 4.58, 4.4, 3.77, 2.93, 2.39, 1.83, 2.22, 2.91, 3.3, 2.84, 3.44, 3.38, 3.49, 2.65, 2.61, 3.39, 3.8, 4.02, 3.63, 3.41, 3.47, 3.57, 3.68, 4.12, 4.44, 4.16, 4.37, 4.18, 4.23, 3.94, 4.22, 4.491, 4.388, 4.32, 3.77, 3.73, 2.76, 2.67, 3.98, 5.6, 5.86, 5.08, 5.06, 5.95, 5.78, 5.64, 6.04, 5.98, 5.83, 6.29, 6.534, 7.074, 6.954, 7.081, 7.541, 7.333, 7.65, 7.577, 6.9, 6.63, 6.43, 6.747, 6.293, 4.56, 4.159, 3.69, 3.26, 2.6, 1.52, 0, 1.14, 1.34, 1.82, 2.57, 2.95, 3.56, 3.97, 4.422, 4.57, 4.38, 4.34, 4.46, 4.38, 4.09], [4.32, 3.97, 4.26, 4.12, 3.45, 2.67, 1.97, 1.87, 2.4, 2.83, 3.2, 2.64, 3.04, 3.08, 3.55, 2.79, 2.41, 3.41, 3.94, 4.3, 3.77, 3.27, 3.59, 3.75, 3.82, 4.3, 4.66, 4.34, 4.51, 4.28, 4.35, 4.16, 4.36, 4.497, 4.385, 4.42, 3.81, 3.79, 2.92, 2.89, 3.94, 5.7, 5.66, 4.82, 5.24, 5.85, 5.6, 5.449, 5.78, 5.66, 5.513, 5.853, 5.96, 6.605, 6.434, 6.787, 7.17, 6.95, 7.23, 7.063, 6.443, 6.23, 6.17, 6.813, 6.539, 4.72, 4.231, 3.63, 3.42, 2.28, 1.24, 1.14, 0, 0.96, 1.22, 1.97, 2.37, 2.98, 3.39, 3.94, 4.41, 4.22, 4.02, 3.92, 3.82, 3.49], [3.94, 3.55, 3.8, 3.64, 3.07, 2.53, 2.41, 2.13, 2.78, 3.41, 3.8, 3.22, 3.64, 3.68, 3.93, 2.99, 2.95, 3.89, 4.4, 4.66, 4.17, 3.71, 3.95, 4.09, 4.18, 4.56, 4.86, 4.58, 4.87, 4.76, 4.87, 4.62, 4.32, 4.23, 4.09, 4.24, 3.65, 3.59, 3.06, 3.01, 3.98, 5.62, 5.34, 4.52, 5.18, 5.61, 5.46, 5.33, 5.7, 5.56, 5.4, 5.642, 5.792, 6.392, 6.254, 6.487, 6.927, 6.585, 6.821, 6.725, 6.15, 5.931, 5.83, 6.58, 6.5, 4.794, 4.191, 3.71, 3.42, 2.5, 1.2, 1.34, 0.96, 0, 0.88, 1.55, 1.97, 2.54, 2.97, 3.62, 4.55, 4.56, 4.56, 4.52, 4.4, 4.11], [3.56, 3.27, 3.54, 3.4, 2.73, 2.41, 2.31, 2.23, 2.92, 3.57, 4.02, 3.4, 3.56, 3.6, 3.95, 3.03, 3.07, 4.07, 4.5, 4.78, 4.21, 3.79, 4.03, 4.19, 4.24, 4.66, 4.98, 4.68, 4.89, 4.76, 4.97, 4.76, 4.36, 4.19, 4.11, 4.2, 3.59, 3.51, 3.16, 3.09, 4.06, 5.62, 5.38, 4.44, 5.28, 5.63, 5.38, 5.31, 5.62, 5.44, 5.26, 5.439, 5.477, 6.049, 6.077, 6.387, 6.77, 6.507, 6.607, 6.428, 5.889, 5.794, 5.826, 6.579, 6.5, 4.896, 4.216, 3.746, 3.46, 2.26, 1.2, 1.82, 1.22, 0.88, 0, 1.13, 1.41, 2.0, 2.45, 3.24, 4.33, 4.3, 4.42, 4.36, 4.24, 4.01], [3.07, 2.76, 2.93, 2.91, 2.62, 2.88, 3.04, 2.96, 3.59, 4.26, 4.61, 4.05, 4.21, 4.23, 4.58, 3.62, 3.66, 4.66, 5.11, 5.37, 4.84, 4.4, 4.64, 4.78, 4.87, 5.25, 5.53, 5.29, 5.48, 5.39, 5.58, 5.35, 4.87, 4.58, 4.4, 4.67, 4.0, 4.04, 3.75, 3.68, 4.59, 6.09, 5.73, 4.91, 5.81, 6.16, 5.85, 5.84, 6.11, 5.93, 5.71, 5.595, 5.625, 6.128, 6.245, 6.503, 6.99, 6.738, 6.715, 6.54, 6.18, 6.02, 6.14, 6.95, 6.97, 5.446, 4.746, 4.296, 3.99, 2.91, 1.91, 2.57, 1.97, 1.55, 1.13, 0, 0.62, 1.13, 1.8, 3.13, 4.48, 4.83, 4.93, 4.79, 4.77, 4.54], [2.77, 2.52, 2.63, 2.59, 2.52, 2.92, 3.04, 3.0, 3.65, 4.28, 4.77, 4.17, 4.23, 4.25, 4.58, 3.64, 3.68, 4.66, 5.11, 5.37, 4.82, 4.4, 4.62, 4.78, 4.85, 5.25, 5.55, 5.31, 5.48, 5.37, 5.6, 5.35, 4.85, 4.56, 4.36, 4.65, 4.0, 4.06, 3.77, 3.68, 4.59, 6.09, 5.73, 4.89, 5.79, 6.14, 5.83, 5.82, 6.09, 5.91, 5.71, 5.632, 5.602, 6.162, 6.202, 6.506, 7.009, 6.735, 6.732, 6.536, 6.16, 6.02, 6.14, 6.95, 6.97, 5.446, 4.729, 4.279, 3.99, 2.91, 2.11, 2.95, 2.37, 1.97, 1.41, 0.62, 0, 0.81, 1.66, 2.97, 4.48,