[[0, 1.1, 1.83, 2.17, 1.69, 1.82, 1.74, 1.75, 1.79, 2.25, 2.7, 2.7, 2.69, 2.59, 2.68, 3.4, 4.06, 2.43, 2.03, 2.14, 2.58, 2.74, 2.78, 2.78, 3.17, 3.31, 4.39, 3.79, 4.22, 4.93, 5.12, 5.66, 5.48, 5.21, 5.49, 6.46, 6.81, 7.51, 8.06, 7.79, 8.04, 8.48, 8.16, 7.56, 8.04, 8.22, 7.79, 8.09, 8.07, 8.2, 7.85, 7.31, 8.118, 9.27, 9.836, 10.276, 10.62, 10.08, 9.679, 8.865, 8.222, 7.775, 8.249, 8.03, 6.6, 4.64, 3.38, 3.58, 3.71, 3.64, 3.62, 3.41, 3.29, 3.23, 2.99, 2.95, 2.29, 2.7, 3.2, 3.78, 3.82, 3.83, 3.47, 3.13, 2.69, 2.92], [1.1, 0, 1.21, 1.85, 1.71, 1.78, 1.5, 1.39, 1.45, 1.83, 2.54, 2.38, 2.33, 2.39, 2.24, 3.2, 3.86, 2.23, 1.57, 1.6, 2.0, 2.22, 2.1, 1.92, 2.55, 2.89, 4.33, 3.71, 4.18, 4.85, 4.88, 5.62, 5.36, 5.07, 5.41, 6.4, 6.83, 7.49, 7.96, 7.69, 7.92, 8.4, 8.08, 7.42, 7.82, 8.22, 7.75, 8.01, 7.966, 7.88, 7.59, 7.064, 8.012, 9.17, 9.73, 10.18, 10.54, 9.98, 9.553, 8.759, 8.125, 7.695, 8.152, 7.932, 6.48, 4.5, 3.24, 2.78, 2.91, 2.94, 3.06, 2.83, 2.65, 2.63, 2.57, 2.73, 2.01, 2.06, 2.7, 3.34, 3.58, 3.69, 3.05, 2.61, 2.17, 2.24], [1.83, 1.21, 0, 1.14, 1.12, 1.43, 1.35, 1.26, 1.12, 1.38, 1.65, 1.67, 1.74, 1.72, 1.63, 2.13, 2.77, 1.36, 1.12, 1.27, 1.37, 1.57, 1.65, 2.31, 3.14, 3.7, 5.36, 4.7, 4.99, 5.62, 5.59, 6.43, 6.17, 5.98, 6.38, 7.41, 7.88, 8.54, 9.01, 8.64, 8.91, 9.37, 9.11, 8.45, 8.71, 9.25, 8.78, 9.06, 9.0, 8.89, 8.64, 8.128, 9.056, 10.24, 10.77, 11.23, 11.61, 11.01, 10.574, 9.763, 9.141, 8.76, 9.208, 9.0, 7.53, 5.53, 4.29, 3.01, 2.78, 2.49, 2.63, 2.36, 2.24, 2.34, 2.22, 2.18, 2.02, 2.79, 2.91, 3.91, 4.67, 4.76, 3.86, 3.7, 3.22, 3.17], [2.17, 1.85, 1.14, 0, 0.92, 1.29, 1.37, 1.68, 1.44, 1.3, 1.25, 1.09, 1.22, 1.34, 1.17, 1.97, 2.45, 1.5, 1.66, 1.65, 1.53, 1.25, 1.65, 2.43, 3.42, 4.26, 5.9, 5.26, 5.71, 6.42, 6.35, 7.11, 6.87, 6.56, 6.94, 7.81, 8.3, 9.0, 9.49, 9.28, 9.43, 9.85, 9.59, 8.91, 9.35, 9.71, 9.3, 9.5, 9.427, 9.3, 9.05, 8.531, 9.499, 10.64, 11.217, 11.67, 12.03, 11.47, 11.037, 10.226, 9.569, 9.176, 9.616, 9.38, 7.95, 5.97, 4.69, 3.27, 2.56, 2.29, 2.35, 2.12, 2.24, 2.54, 1.98, 1.84, 2.24, 3.17, 3.19, 4.13, 5.01, 5.16, 4.26, 4.06, 3.62, 3.47], [1.69, 1.71, 1.12, 0.92, 0, 1.03, 1.19, 1.56, 1.3, 1.22, 1.41, 1.25, 1.42, 1.32, 1.41, 2.17, 2.67, 1.5, 1.56, 1.57, 1.63, 1.49, 1.63, 2.33, 3.28, 4.0, 5.6, 5.02, 5.47, 6.1, 6.09, 6.95, 6.75, 6.4, 6.76, 7.63, 8.06, 8.76, 9.27, 9.0, 9.19, 9.655, 9.41, 8.65, 9.21, 9.53, 9.06, 9.32, 9.293, 9.163, 8.899, 8.348, 9.333, 10.48, 11.05, 11.49, 11.85, 11.29, 10.875, 10.061, 9.432, 9.025, 9.479, 9.222, 7.79, 5.85, 4.55, 3.11, 2.64, 2.35, 2.33, 2.12, 2.14, 2.48, 1.86, 1.8, 2.1, 3.01, 3.09, 4.03, 4.83, 4.96, 4.04, 3.8, 3.34, 3.21], [1.82, 1.78, 1.43, 1.29, 1.03, 0, 0.72, 1.41, 1.25, 1.43, 1.86, 1.48, 1.55, 1.55, 1.38, 2.32, 2.98, 1.61, 1.75, 1.76, 1.68, 1.64, 2.0, 2.48, 3.29, 3.97, 5.33, 4.91, 5.38, 6.09, 5.98, 6.86, 6.62, 6.25, 6.67, 7.5, 7.69, 8.37, 9.16, 9.01, 9.18, 9.38, 9.08, 8.46, 8.98, 9.22, 8.85, 9.09, 8.981, 8.86, 8.561, 8.043, 9.006, 10.138, 10.72, 11.16, 11.5, 10.94, 10.548, 9.727, 9.099, 8.686, 9.166, 8.863, 7.473, 5.54, 4.24, 2.98, 2.57, 2.28, 2.2, 2.03, 1.91, 2.17, 1.69, 1.75, 1.81, 2.7, 2.62, 3.68, 4.48, 4.61, 3.73, 3.47, 3.01, 2.88], [1.74, 1.5, 1.35, 1.37, 1.19, 0.72, 0, 1.13, 1.07, 1.35, 1.84, 1.52, 1.57, 1.75, 1.58, 2.6, 3.18, 1.79, 1.55, 1.5, 1.56, 1.62, 2.04, 2.42, 3.01, 3.67, 5.23, 4.69, 5.18, 5.87, 5.84, 6.68, 6.48, 6.13, 6.47, 7.32, 7.63, 8.17, 8.92, 8.77, 8.92, 9.2, 8.84, 8.24, 8.9, 9.18, 8.75, 8.87, 8.826, 8.66, 8.403, 7.852, 8.829, 9.961, 10.54, 10.98, 11.32, 10.76, 10.371, 9.536, 8.945, 8.532, 9.012, 8.749, 7.299, 5.38, 4.08, 2.96, 2.73, 2.38, 2.34, 2.19, 1.99, 2.17, 1.75, 1.87, 1.91, 2.54, 2.62, 3.56, 4.28, 4.41, 3.59, 3.25, 2.79, 2.7], [1.75, 1.39, 1.26, 1.68, 1.56, 1.41, 1.13, 0, 0.64, 0.98, 1.61, 1.85, 2.2, 2.16, 2.15, 2.39, 2.95, 1.68, 1.56, 1.61, 1.61, 1.97, 2.35, 2.69, 3.28, 3.56, 5.28, 4.64, 4.93, 5.5, 5.63, 6.47, 6.25, 6.02, 6.42, 7.43, 7.86, 8.44, 8.95, 8.6, 8.87, 9.37, 9.09, 8.39, 8.83, 9.25, 8.8, 9.1, 9.04, 8.87, 8.62, 8.071, 9.039, 10.2, 10.75, 11.19, 11.53, 10.97, 10.581, 9.769, 9.155, 8.748, 9.228, 8.965, 7.515, 5.59, 4.33, 3.45, 3.32, 2.85, 2.61, 2.48, 2.36, 2.68, 2.26, 2.28, 2.2, 2.73, 3.09, 3.77, 4.45, 4.6, 3.86, 3.48, 3.04, 3.07], [1.79, 1.45, 1.12, 1.44, 1.3, 1.25, 1.07, 0.64, 0, 0.76, 1.61, 1.71, 2.08, 2.04, 1.91, 2.23, 2.71, 1.32, 1.24, 1.39, 1.37, 1.67, 2.13, 2.53, 3.16, 3.64, 5.32, 4.64, 4.93, 5.54, 5.61, 6.49, 6.27, 6.08, 6.48, 7.51, 7.92, 8.5, 9.13, 8.78, 9.041, 9.541, 9.19, 8.45, 8.81, 9.29, 8.86, 9.16, 9.213, 9.07, 8.793, 8.228, 9.219, 10.36, 10.93, 11.37, 11.71, 11.15, 10.761, 9.923, 9.332, 8.919, 9.399, 9.139, 7.686, 5.81, 4.55, 3.37, 3.24, 2.89, 2.69, 2.5, 2.4, 2.72, 2.26, 2.26, 2.2, 2.87, 3.11, 3.97, 4.69, 4.84, 4.02, 3.7, 3.24, 3.17], [2.25, 1.83, 1.38, 1.3, 1.22, 1.43, 1.35, 0.98, 0.76, 0, 1.27, 1.43, 1.9, 1.94, 1.75, 2.25, 2.47, 1.62, 1.56, 1.65, 1.35, 1.53, 2.01, 2.43, 3.3, 4.02, 5.7, 5.08, 5.47, 6.1, 6.13, 7.03, 6.75, 6.54, 6.88, 7.81, 8.26, 8.86, 9.39, 9.1, 9.31, 9.803, 9.47, 8.81, 9.29, 9.69, 9.22, 9.5, 9.493, 9.323, 9.079, 8.488, 9.482, 10.62, 11.19, 11.63, 11.97, 11.41, 11.023, 10.186, 9.612, 9.205, 9.679, 9.42, 7.972, 6.09, 4.83, 3.49, 3.14, 2.71, 2.43, 2.22, 2.2, 2.72, 2.12, 2.02, 2.48, 3.13, 3.31, 4.25, 4.93, 5.08, 4.16, 3.94, 3.48, 3.37], [2.7, 2.54, 1.65, 1.25, 1.41, 1.86, 1.84, 1.61, 1.61, 1.27, 0, 0.9, 1.63, 1.65, 1.5, 1.76, 2.14, 1.93, 2.25, 2.34, 2.0, 1.82, 2.1, 3.2, 4.23, 4.99, 6.67, 6.05, 6.38, 7.03, 7.02, 7.92, 7.66, 7.45, 7.83, 8.76, 9.19, 9.89, 10.2, 9.87, 10.14, 10.66, 10.48, 9.76, 10.2, 10.66, 10.13, 10.47, 10.21, 10.1, 9.87, 9.347, 10.261, 11.45, 11.98, 12.42, 12.78, 12.2, 11.802, 11.031, 10.368, 9.938, 10.398, 10.201, 8.725, 6.76, 5.52, 4.06, 2.87, 2.22, 2.12, 1.97, 2.29, 2.79, 2.07, 1.77, 2.95, 3.86, 3.82, 4.86, 5.68, 5.81, 4.89, 4.63, 4.27, 4.04], [2.7, 2.38, 1.67, 1.09, 1.25, 1.48, 1.52, 1.85, 1.71, 1.43, 0.9, 0, 1.25, 1.35, 1.04, 1.76, 2.22, 2.03, 2.31, 2.24, 2.02, 1.6, 1.82, 2.94, 3.93, 4.77, 6.41, 5.83, 6.34, 7.03, 6.96, 7.82, 7.58, 7.25, 7.59, 8.4, 8.87, 9.53, 9.9, 9.75, 9.88, 10.28, 10.14, 9.46, 10.02, 10.34, 9.91, 10.11, 9.846, 9.736, 9.49, 8.93, 9.898, 11.05, 11.616, 12.06, 12.4, 11.84, 11.439, 10.651, 10.005, 9.555, 10.032, 9.812, 8.342, 6.38, 5.14, 3.68, 2.49, 1.88, 1.7, 1.63, 2.01, 2.41, 1.75, 1.57, 2.59, 3.52, 3.5, 4.6, 5.38, 5.53, 4.63, 4.39, 4.01, 3.8], [2.69, 2.33, 1.74, 1.22, 1.42, 1.55, 1.57, 2.2, 2.08, 1.9, 1.63, 1.25, 0, 0.74, 0.89, 2.17, 2.91, 2.0, 2.08, 1.95, 1.91, 1.39, 1.69, 2.55, 3.62, 4.46, 5.94, 5.48, 6.03, 6.68, 6.61, 7.37, 7.19, 6.78, 7.12, 8.01, 8.3, 8.72, 9.33, 9.24, 9.47, 9.59, 9.35, 9.03, 9.61, 9.87, 9.28, 9.34, 8.86, 8.75, 8.52, 8.1, 8.899, 10.1, 10.63, 11.07, 11.43, 10.85, 10.44, 9.684, 9.038, 8.608, 9.048, 8.88, 7.39, 5.49, 4.29, 2.83, 1.78, 1.43, 1.55, 1.34, 1.48, 1.92, 1.4, 1.34, 1.94, 2.77, 2.73, 3.79, 4.57, 4.7, 3.82, 3.56, 3.34, 3.11], [2.59, 2.39, 1.72, 1.34, 1.32, 1.55, 1.75, 2.16, 2.04, 1.94, 1.65, 1.35, 0.74, 0, 0.85, 2.21, 2.89, 1.98, 2.26, 2.13, 2.13, 1.87, 1.89, 2.79, 3.76, 4.54, 5.98, 5.58, 6.11, 6.74, 6.67, 7.41, 7.25, 6.8, 7.16, 8.05, 8.34, 8.74, 9.37, 9.24, 9.47, 9.63, 9.43, 9.09, 9.71, 9.93, 9.32, 9.28, 8.72, 8.61, 8.4, 8.0, 8.776, 9.98, 10.49, 10.95, 11.33, 10.73, 10.297, 9.576, 8.898, 8.48, 8.911, 8.74, 7.25, 5.35, 4.15, 2.69, 1.78, 1.59, 1.57, 1.44, 1.38, 1.72, 1.38, 1.14, 1.82, 2.65, 2.61, 3.67, 4.45, 4.58, 3.72, 3.46, 3.34, 3.09], [2.68, 2.24, 1.63, 1.17, 1.41, 1.38, 1.58, 2.15, 1.91, 1.75, 1.5, 1.04, 0.89, 0.85, 0, 1.74, 2.52, 1.91, 2.03, 1.9, 1.88, 1.5, 1.52, 2.48, 3.55, 4.43, 5.91, 5.41, 5.92, 6.65, 6.54, 7.28, 7.08, 6.69, 7.05, 7.94, 8.25, 8.87, 9.44, 9.35, 9.52, 9.72, 9.42, 8.96, 9.5, 9.8, 9.33, 9.43, 9.161, 9.027, 8.79, 8.267, 9.206, 10.337, 10.924, 11.38, 11.74, 11.18, 10.747, 9.953, 9.316, 8.886, 9.346, 9.109, 7.68, 5.76, 4.54, 3.08, 1.79, 1.44, 1.54, 1.31, 1.59, 1.89, 1.31, 1.27, 1.99, 2.96, 2.9, 4.0, 4.84, 4.99, 4.09, 3.87, 3.43, 3.28], [3.4, 3.2, 2.13, 1.97, 2.17, 2.32, 2.6, 2.39, 2.23, 2.25, 1.76, 1.76, 2.17, 2.21, 1.74, 0, 1.5, 1.65, 2.21, 2.54, 2.22, 2.08, 2.18, 3.32, 4.43, 5.07, 6.59, 5.95, 6.1, 6.71, 6.66, 7.5, 7.2, 7.13, 7.69, 8.74, 9.11, 9.83, 10.6, 10.214, 10.464, 10.964, 10.62, 9.78, 9.82, 10.32, 10.01, 10.446, 10.574, 10.447, 10.177, 9.643, 10.646, 11.774, 12.364, 12.82, 13.18, 12.62, 12.2, 11.353, 10.736, 10.323, 10.763, 10.53, 9.1, 7.2, 5.98, 4.52, 3.17, 2.3, 2.24, 2.27, 2.65, 3.11, 2.59, 2.51, 3.41, 4.4, 4.34, 5.44, 6.32, 6.45, 5.55, 5.39, 4.89, 4.8], [4.06, 3.86, 2.77, 2.45, 2.67, 2.98, 3.18, 2.95, 2.71, 2.47, 2.14, 2.22, 2.91, 2.89, 2.52, 1.5, 0, 1.97, 2.77, 3.2, 2.72, 2.74, 2.9, 4.08, 5.13, 5.85, 7.35, 6.71, 6.88, 7.39, 7.387, 8.293, 8.013, 7.93, 8.45, 9.5, 9.85, 10.59, 11.36, 10.974, 11.224, 11.724, 11.364, 10.54, 10.48, 11.04, 10.81, 11.194, 11.334, 11.207, 10.937, 10.403, 11.406, 12.534, 13.124, 13.58, 13.94, 13.38, 12.96, 12.113, 11.496, 11.083, 11.523, 11.29, 9.88, 8.02, 6.84, 5.36, 4.11, 3.3, 2.92, 2.97, 3.47, 3.95, 3.39, 3.23, 4.27, 5.26, 5.2, 6.3, 7.18, 7.31, 6.41, 6.23, 5.75, 5.64], [2.43, 2.23, 1.36, 1.5, 1.5, 1.61, 1.79, 1.68, 1.32, 1.62, 1.93, 2.03, 2.0, 1.98, 1.91, 1.65, 1.97, 0, 1.1, 1.47, 1.15, 1.43, 1.81, 2.57, 3.38, 3.98, 5.58, 4.92, 5.07, 5.56, 5.65, 6.65, 6.409, 6.3, 6.76, 7.75, 8.16, 8.76, 9.45, 9.08, 9.335, 9.835, 9.47, 8.67, 8.91, 9.41, 9.08, 9.38, 9.48, 9.35, 9.08, 8.511, 9.513, 10.645, 11.23, 11.67, 12.03, 11.49, 11.09, 10.29, 9.69, 9.24, 9.7, 9.48, 8.05, 6.25, 5.07, 3.59, 3.12, 2.85, 2.87, 2.64, 2.66, 3.04, 2.62, 2.44, 2.52, 3.45, 3.51, 4.57, 5.35, 5.48, 4.58, 4.42, 3.92, 3.83], [2.03, 1.57, 1.12, 1.66, 1.56, 1.75, 1.55, 1.56, 1.24, 1.56, 2.25, 2.31, 2.08, 2.26, 2.03, 2.21, 2.77, 1.1, 0, 0.67, 0.89, 1.25, 1.45, 1.85, 2.56, 3.2, 4.72, 4.06, 4.25, 4.94, 4.89, 5.85, 5.61, 5.44, 5.9, 6.87, 7.28, 8.0, 8.63, 8.259, 8.512, 9.012, 8.65, 7.83, 8.13, 8.61, 8.18, 8.56, 8.64, 8.53, 8.26, 7.688, 8.691, 9.822, 10.409, 10.849, 11.19, 10.67, 10.27, 9.47, 8.87, 8.4, 8.86, 8.64, 7.23, 5.41, 4.23, 2.89, 2.84, 2.81, 2.93, 2.74, 2.52, 2.74, 2.56, 2.58, 2.04, 2.59, 2.85, 3.89, 4.51, 4.64, 3.78, 3.58, 3.1, 2.99], [2.14, 1.6, 1.27, 1.65, 1.57, 1.76, 1.5, 1.61, 1.39, 1.65, 2.34, 2.24, 1.95, 2.13, 1.9, 2.54, 3.2, 1.47, 0.67, 0, 0.76, 0.98, 1.18, 1.52, 2.23, 2.89, 4.47, 3.91, 4.18, 4.91, 4.9, 5.72, 5.48, 5.21, 5.69, 6.6, 7.05, 7.69, 8.18, 7.83, 8.1, 8.6, 8.26, 7.52, 8.02, 8.42, 7.95, 8.25, 8.25, 8.08, 7.83, 7.258, 8.249, 9.39, 9.96, 10.4, 10.74, 10.22, 9.82, 9.02, 8.44, 8.01, 8.47, 8.21, 6.84, 5.04, 3.86, 2.52, 2.51, 2.44, 2.68, 2.57, 2.19, 2.29, 2.29, 2.33, 1.79, 2.24, 2.32, 3.44, 4.08, 4.21, 3.33, 3.17, 2.75, 2.64], [2.58, 2.0, 1.37, 1.53, 1.63, 1.68, 1.56, 1.61, 1.37, 1.35, 2.0, 2.02, 1.91, 2.13, 1.88, 2.22, 2.72, 1.15, 0.89, 0.76, 0, 0.84, 1.28, 1.84, 2.61, 3.33, 4.95, 4.37, 4.62, 5.21, 5.32, 6.16, 5.96, 5.69, 6.17, 7.1, 7.55, 8.09, 8.68, 8.35, 8.6, 9.093, 8.72, 8.04, 8.5, 8.9, 8.49, 8.75, 8.79, 8.62, 8.37, 7.775, 8.772, 9.909, 10.48, 10.92, 11.26, 10.72, 10.34, 9.54, 8.98, 8.55, 9.01, 8.79, 7.34, 5.54, 4.36, 2.94, 2.71, 2.38, 2.64, 2.49, 2.17, 2.33, 2.27, 2.25, 2.13, 2.76, 2.84, 3.86, 4.56, 4.69, 3.79, 3.67, 3.21, 3.08], [2.74, 2.22, 1.57, 1.25, 1.49, 1.64, 1.62, 1.97, 1.67, 1.53, 1.82, 1.6, 1.39, 1.87, 1.5, 2.08, 2.74, 1.43, 1.25, 0.98, 0.84, 0, 1.08, 1.84, 2.81, 3.61, 5.15, 4.63, 5.0, 5.67, 5.68, 6.52, 6.32, 5.99, 6.41, 7.3, 7.73, 8.35, 8.96, 8.65, 8.86, 9.311, 8.98, 8.22, 8.8, 9.18, 8.73, 8.99, 8.99, 8.82, 8.57, 7.986, 8.989, 10.121, 10.7, 11.14, 11.48, 10.92, 10.56, 9.756, 9.18, 8.75, 9.209, 8.97, 7.52, 5.72, 4.52, 3.06, 2.31, 1.98, 2.26, 2.13, 2.09, 2.33, 2.09, 2.11, 2.19, 2.9, 2.9, 3.98, 4.74, 4.87, 3.97, 3.83, 3.33, 3.24], [2.78, 2.1, 1.65, 1.65, 1.63, 2.0, 2.04, 2.35, 2.13, 2.01, 2.1, 1.82, 1.69, 1.89, 1.52, 2.18, 2.9, 1.81, 1.45, 1.18, 1.28, 1.08, 0, 1.44, 2.53, 3.27, 4.81, 4.21, 4.66, 5.39, 5.3, 6.18, 5.94, 5.65, 5.97, 6.92, 7.29, 8.01, 8.56, 8.33, 8.54, 9.02, 8.66, 7.88, 8.36, 8.78, 8.25, 8.61, 8.601, 8.461, 8.197, 7.641, 8.643, 9.775, 10.36, 10.8, 11.14, 10.58, 10.185, 9.391, 8.779, 8.346, 8.806, 8.57, 7.12, 5.3, 4.12, 2.64, 2.01, 1.88, 2.14, 2.07, 1.97, 2.11, 2.05, 2.07, 2.11, 2.46, 2.46, 3.64, 4.36, 4.49, 3.61, 3.43, 3.07, 2.88], [2.78, 1.92, 2.31, 2.43, 2.33, 2.48, 2.42, 2.69, 2.53, 2.43, 3.2, 2.94, 2.55, 2.79, 2.48, 3.32, 4.08, 2.57, 1.85, 1.52, 1.84, 1.84, 1.44, 0, 1.25, 2.13, 3.53, 3.07, 3.52, 4.29, 4.2, 4.98, 4.78, 4.39, 4.81, 5.66, 6.13, 6.81, 7.38, 7.11, 7.28, 7.8, 7.44, 6.68, 7.18, 7.54, 7.07, 7.41, 7.398, 7.248, 6.978, 6.423, 7.426, 8.558, 9.14, 9.58, 9.94, 9.38, 8.98, 8.153, 7.556, 7.15, 7.583, 7.33, 5.9, 4.1, 3.08, 2.28, 2.41, 2.84, 3.2, 3.11, 2.75, 2.99, 3.03, 2.97, 2.51, 1.86, 2.28, 3.34, 3.52, 3.47, 2.49, 2.53, 2.29, 2.04], [3.17, 2.55, 3.14, 3.42, 3.28, 3.29, 3.01, 3.28, 3.16, 3.3, 4.23, 3.93, 3.62, 3.76, 3.55, 4.43, 5.13, 3.38, 2.56, 2.23, 2.61, 2.81, 2.53, 1.25, 0, 1.26, 2.62, 2.14, 2.59, 3.2, 3.13, 4.03, 3.77, 3.48, 3.86, 4.67, 5.12, 5.8, 6.31, 6.08, 6.25, 6.65, 6.41, 5.67, 6.25, 6.59, 6.12, 6.42, 6.311, 6.141, 5.891, 5.336, 6.319, 7.451, 8.03, 8.47, 8.83, 8.27, 7.87, 7.046, 6.469, 6.06, 6.496, 6.24, 4.81, 3.27, 2.67, 2.53, 3.2, 3.87, 4.23, 4.14, 3.62, 3.76, 3.92, 3.9, 3.16, 2.41, 2.91, 3.77, 3.69, 3.36, 2.24, 2.2, 2.16, 2.15], [3.31, 2.89, 3.7, 4.26, 4.0, 3.97, 3.67, 3.56, 3.64, 4.02, 4.99, 4.77, 4.46, 4.54, 4.43, 5.07, 5.85, 3.98, 3.2, 2.89, 3.33, 3.61, 3.27, 2.13, 1.26, 0, 1.84, 1.4, 1.71, 2.34, 2.31, 3.11, 2.91, 2.6, 2.94, 3.89, 4.32, 4.94, 5.55, 5.3, 5.49, 5.97, 5.65, 4.87, 5.41, 5.69, 5.32, 5.56, 5.593, 5.49, 5.22, 4.668, 5.633, 6.78, 7.35, 7.79, 8.13, 7.57, 7.19, 6.41, 5.87, 5.38, 5.82, 5.64, 4.37, 3.13, 2.73, 3.13, 3.9, 4.63, 4.91, 4.88, 4.34, 4.32, 4.58, 4.74, 3.48, 2.75, 3.39, 4.01, 3.89, 3.58, 2.62, 2.46, 2.42, 2.61], [4.39, 4.33, 5.36, 5.9, 5.6, 5.33, 5.23, 5.28, 5.32, 5.7, 6.67, 6.41, 5.94, 5.98, 5.91, 6.59, 7.35, 5.58, 4.72, 4.47, 4.95, 5.15, 4.81, 3.53, 2.62, 1.84, 0, 1.12, 1.05, 1.22, 1.75, 1.97, 1.91, 1.42, 1.88, 2.45, 2.74, 3.36, 4.07, 3.86, 4.05, 4.55, 4.25, 3.69, 4.23, 4.27, 3.74, 4.1, 4.16, 4.33, 3.86, 3.3, 4.236, 5.248, 5.83, 6.27, 6.61, 6.05, 5.69, 4.99, 4.51, 3.98, 4.4, 4.22, 3.23, 3.25, 3.35, 4.31, 5.24, 6.03, 6.29, 6.32, 5.76, 5.48, 5.94, 6.24, 4.52, 3.87, 4.35, 4.83, 4.49, 4.04, 3.6, 3.54, 3.44, 3.71], [3.79, 3.71, 4.7, 5.26, 5.02, 4.91, 4.69, 4.64, 4.64, 5.08, 6.05, 5.83, 5.48, 5.58, 5.41, 5.95, 6.71, 4.92, 4.06, 3.91, 4.37, 4.63, 4.21, 3.07, 2.14, 1.4, 1.12, 0, 0.83, 1.48, 1.81, 2.21, 2.03, 1.94, 2.26, 3.01, 3.4, 4.06, 4.67, 4.42, 4.65, 5.11, 4.75, 4.07, 4.43, 4.67, 4.26, 4.6, 4.8, 4.85, 4.46, 3.88, 4.811, 5.882, 6.469, 6.909, 7.25, 6.71, 6.41, 5.75, 5.25, 4.7, 5.12, 4.98, 3.95, 3.17, 3.19, 4.05, 4.9, 5.67, 5.95, 5.88, 5.4, 5.24, 5.6, 5.78, 4.34, 3.65, 4.19, 4.65, 4.31, 3.92, 3.46, 3.34, 3.2, 3.41], [4.22, 4.18, 4.99, 5.71, 5.47, 5.38, 5.18, 4.93, 4.93, 5.47, 6.38, 6.34, 6.03, 6.11, 5.92, 6.1, 6.88, 5.07, 4.25, 4.18, 4.62, 5.0, 4.66, 3.52, 2.59, 1.71, 1.05, 0.83, 0, 1.07, 1.5, 1.76, 1.62, 1.59, 2.13, 2.86, 3.31, 3.95, 4.52, 4.13, 4.4, 4.9, 4.52, 3.88, 4.24, 4.48, 4.07, 4.49, 4.55, 4.7, 4.29, 3.73, 4.643, 5.695, 6.28, 6.72, 7.08, 6.58, 6.24, 5.58, 5.12, 4.59, 4.99, 4.87, 3.92, 3.6, 3.64, 4.54, 5.43, 6.22, 6.5, 6.47, 5.95, 5.77, 6.13, 6.31, 4.83, 4.18, 4.64, 5.08, 4.78, 4.35, 3.93, 3.87, 3.69, 3.94], [4.93, 4.85, 5.62, 6.42, 6.1, 6.09, 5.87, 5.5, 5.54, 6.1, 7.03, 7.03, 6.68, 6.74, 6.65, 6.71, 7.39, 5.56, 4.94, 4.91, 5.21, 5.67, 5.39, 4.29, 3.2, 2.34, 1.22, 1.48, 1.07, 0, 1.09, 1.47, 1.35, 1.52, 1.68, 2.51, 2.86, 3.44, 4.01, 3.62, 3.85, 4.35, 4.13, 3.41, 3.95, 4.21, 3.72, 4.0, 4.08, 4.17, 3.68, 3.12, 4.12, 5.16, 5.75, 6.21, 6.59, 6.07, 5.65, 5.01, 4.63, 4.06, 4.44, 4.34, 3.75, 4.03, 4.11, 5.01, 6.04, 6.81, 7.09, 7.1, 6.56, 6.26, 6.7, 6.98, 5.34, 4.65, 5.23, 5.69, 5.29, 4.88, 4.4, 4.28, 4.22, 4.49], [5.12, 4.88, 5.59, 6.35, 6.09, 5.98, 5.84, 5.63, 5.61, 6.13, 7.02, 6.96, 6.61, 6.67, 6.54, 6.66, 7.387, 5.65, 4.89, 4.9, 5.32, 5.68, 5.3, 4.2, 3.13, 2.31, 1.75, 1.81, 1.5, 1.09, 0, 1.24, 1.28, 1.33, 1.57, 2.32, 2.69, 3.37, 4.0, 3.61, 3.84, 4.34, 4.06, 3.16, 3.52, 3.88, 3.49, 3.83, 3.99, 3.88, 3.59, 3.035, 4.09, 5.15, 5.74, 6.2, 6.58, 6.08, 5.64, 5.0, 4.9, 4.21, 4.47, 4.51, 4.36, 4.6, 4.46, 5.08, 5.95, 6.8, 7.06, 7.03, 6.55, 6.43, 6.71, 6.97, 5.61, 4.86, 5.48, 6.0, 5.76, 5.35, 4.73, 4.57, 4.41, 4.52], [5.66, 5.62, 6.43, 7.11, 6.95, 6.86, 6.68, 6.47, 6.49, 7.03, 7.92, 7.82, 7.37, 7.41, 7.28, 7.5, 8.293, 6.65, 5.85, 5.72, 6.16, 6.52, 6.18, 4.98, 4.03, 3.11, 1.97, 2.21, 1.76, 1.47, 1.24, 0, 0.82, 1.11, 1.01, 1.8, 2.17, 2.79, 3.26, 2.89, 3.12, 3.68, 3.48, 2.84, 3.22, 3.4, 2.93, 3.33, 3.31, 3.6, 3.15, 2.61, 3.39, 4.382, 4.98, 5.44, 5.86, 5.36, 4.96, 4.34, 4.32, 3.75, 3.99, 3.95, 4.3, 4.62, 4.66, 5.8, 6.77, 7.62, 7.88, 7.85, 7.37, 7.07, 7.53, 7.81, 6.07, 5.4, 5.9, 6.14, 5.86, 5.45, 5.05, 5.03, 5.03, 5.3], [5.48, 5.36, 6.17, 6.87, 6.75, 6.62, 6.48, 6.25, 6.27, 6.75, 7.66, 7.58, 7.19, 7.25, 7.08, 7.2, 8.013, 6.409, 5.61, 5.48, 5.96, 6.32, 5.94, 4.78, 3.77, 2.91, 1.91, 2.03, 1.62, 1.35, 1.28, 0.82, 0, 1.05, 1.15, 1.9, 2.35, 3.13, 3.62, 3.21, 3.42, 3.92, 3.62, 2.96, 3.22, 3.48, 3.01, 3.47, 3.57, 3.68, 3.27, 2.73, 3.66, 4.725, 5.32, 5.78, 6.2, 5.74, 5.26, 4.58, 4.4, 3.91, 4.23, 4.19, 4.38, 4.7, 4.78, 5.72, 6.63, 7.46, 7.72, 7.67, 7.21, 6.97, 7.37, 7.59, 6.03, 5.36, 5.84, 6.28, 6.0, 5.57, 5.13, 5.01, 4.89, 5.14], [5.21, 5.07, 5.98, 6.56, 6.4, 6.25, 6.13, 6.02, 6.08, 6.54, 7.45, 7.25, 6.78, 6.8, 6.69, 7.13, 7.93, 6.3, 5.44, 5.21, 5.69, 5.99, 5.65, 4.39, 3.48, 2.6, 1.42, 1.94, 1.59, 1.52, 1.33, 1.11, 1.05, 0, 0.86, 1.73, 2.16, 2.86, 3.51, 3.2, 3.43, 3.95, 3.67, 2.99, 3.43, 3.57, 3.04, 3.46, 3.54, 3.69, 3.3, 2.8, 3.63, 4.681, 5.268, 5.725, 6.09, 5.55, 5.15, 4.45, 4.23, 3.76, 4.04, 4.0, 3.93, 4.25, 4.29, 5.25, 6.14, 7.01, 7.27, 7.24, 6.76, 6.48, 6.92, 7.22, 5.5, 4.83, 5.33, 5.75, 5.49, 5.08, 4.6, 4.56, 4.44, 4.71], [5.49, 5.41, 6.38, 6.94, 6.76, 6.67, 6.47, 6.42, 6.48, 6.88, 7.83, 7.59, 7.12, 7.16, 7.05, 7.69, 8.45, 6.76, 5.9, 5.69, 6.17, 6.41, 5.97, 4.81, 3.86, 2.94, 1.88, 2.26, 2.13, 1.68, 1.57, 1.01, 1.15, 0.86, 0, 1.39, 1.74, 2.38, 3.01, 2.8, 2.93, 3.49, 3.25, 2.49, 3.09, 3.25, 2.72, 2.92, 3.0, 3.21, 2.78, 2.3, 3.16, 4.238, 4.81, 5.25, 5.57, 5.09, 4.67, 4.13, 4.11, 3.56, 3.84, 3.76, 4.07, 4.53, 4.51, 5.53, 6.5, 7.35, 7.61, 7.58, 7.1, 6.76, 7.26, 7.56, 5.78, 5.11, 5.65, 6.03, 5.71, 5.32, 4.84, 4.74, 4.76, 5.03], [6.46, 6.4, 7.41, 7.81, 7.63, 7.5, 7.32, 7.43, 7.51, 7.81, 8.76, 8.4, 8.01, 8.05, 7.94, 8.74, 9.5, 7.75, 6.87, 6.6, 7.1, 7.3, 6.92, 5.66, 4.67, 3.89, 2.45, 3.01, 2.86, 2.51, 2.32, 1.8, 1.9, 1.73, 1.39, 0, 0.77, 1.45, 1.94, 1.75, 1.86, 2.28, 2.3, 1.92, 2.34, 2.28, 1.83, 2.15, 2.23, 2.66, 2.23, 1.77, 2.39, 3.13, 3.66, 4.14, 4.48, 4.06, 3.62, 3.22, 3.9, 3.49, 3.25, 3.41, 4.2, 5.04, 5.34, 6.46, 7.31, 8.18, 8.46, 8.41, 7.93, 7.69, 8.09, 8.39, 6.71, 6.04, 6.52, 6.84, 6.36, 6.01, 5.79, 5.73, 5.63, 5.9], [6.81, 6.83, 7.88, 8.3, 8.06, 7.69, 7.63, 7.86, 7.92, 8.26, 9.19, 8.87, 8.3, 8.34, 8.25, 9.11, 9.85, 8.16, 7.28, 7.05, 7.55, 7.73, 7.29, 6.13, 5.12, 4.32, 2.74, 3.4, 3.31, 2.86, 2.69, 2.17, 2.35, 2.16, 1.74, 0.77, 0, 1.04, 1.69, 1.56, 1.75, 2.13, 2.25, 2.01, 2.31, 2.09, 1.86, 2.04, 2.22, 2.81, 2.3, 2.0, 2.42, 3.02, 3.47, 3.91, 4.23, 3.85, 3.49, 2.99, 3.97, 3.58, 3.32, 3.46, 4.29, 5.21, 5.55, 6.67, 7.6, 8.43, 8.69, 8.7, 8.18, 7.9, 8.36, 8.66, 6.9, 6.23, 6.73, 7.03, 6.49, 6.16, 5.96, 5.9, 5.84, 6.11], [7.51, 7.49, 8.54, 9.0, 8.76, 8.37, 8.17, 8.44, 8.5, 8.86, 9.89, 9.53, 8.72, 8.74, 8.87, 9.83, 10.59, 8.76, 8.0, 7.69, 8.09, 8.35, 8.01, 6.81, 5.8, 4.94, 3.36, 4.06, 3.95, 3.44, 3.37, 2.79, 3.13, 2.86, 2.38, 1.45, 1.04, 0, 1.27, 1.5, 1.63, 1.97, 2.11, 2.11, 2.53, 2.25, 2.06, 1.98, 2.1, 2.71, 2.18, 1.88, 2.22, 2.62, 2.91, 3.27, 3.55, 3.33, 3.01, 2.57, 3.65, 3.46, 3.12, 3.34, 4.19, 5.33, 5.81, 6.95, 8.08, 8.83, 9.07, 9.12, 8.52, 8.16, 8.74, 9.04, 7.22, 6.57, 7.07, 7.27, 6.55, 6.22, 6.14, 6.14, 6.3, 6.53], [8.06, 7.96, 9.01, 9.49, 9.27, 9.16, 8.92, 8.95, 9.13, 9.39, 10.2, 9.9, 9.33, 9.37, 9.44, 10.6, 11.36, 9.45, 8.63, 8.18, 8.68, 8.96, 8.56, 7.38, 6.31, 5.55, 4.07, 4.67, 4.52, 4.01, 4.0, 3.26, 3.62, 3.51, 3.01, 1.94, 1.69, 1.27, 0, 0.77, 0.94, 1.44, 2.12, 2.14, 2.44, 2.06, 1.95, 2.05, 2.21, 2.94, 2.45, 2.13, 2.35, 2.69, 2.9, 3.22, 3.7, 3.46, 3.2, 2.74, 4.08, 3.89, 3.41, 3.71, 4.62, 5.84, 6.46, 7.62, 8.67, 9.4, 9.74, 9.77, 9.17, 8.83, 9.33, 9.57, 7.99, 7.24, 7.76, 7.9, 7.12, 6.81, 6.71, 6.75, 6.87, 7.0], [7.79, 7.69, 8.64, 9.28, 9.0, 9.01, 8.77, 8.6, 8.78, 9.1, 9.87, 9.75, 9.24, 9.24, 9.35, 10.214, 10.974, 9.08, 8.259, 7.83, 8.35, 8.65, 8.33, 7.11, 6.08, 5.3, 3.86, 4.42, 4.13, 3.62, 3.61, 2.89, 3.21, 3.2, 2.8, 1.75, 1.56, 1.5, 0.77, 0, 0.67, 1.23, 1.85, 1.85, 2.11, 1.85, 1.74, 1.92, 2.14, 2.83, 2.34, 2.04, 2.3, 2.72, 2.99, 3.41, 3.97, 3.69, 3.35, 3.07, 4.27, 4.08, 3.62, 3.94, 4.87, 5.91, 6.43, 7.57, 8.58, 9.31, 9.67, 9.72, 9.1, 8.78, 9.3, 9.54, 7.96, 7.21, 7.75, 7.93, 7.21, 6.88, 6.74, 6.74, 6.8, 6.99], [8.04, 7.92, 8.91, 9.43, 9.19, 9.18, 8.92, 8.87, 9.041, 9.31, 10.14, 9.88, 9.47, 9.47, 9.52, 10.464, 11.224, 9.335, 8.512, 8.1, 8.6, 8.86, 8.54, 7.28, 6.25, 5.49, 4.05, 4.65, 4.4, 3.85, 3.84, 3.12, 3.42, 3.43, 2.93, 1.86, 1.75, 1.63, 0.94, 0.67, 0, 0.96, 1.7, 1.72, 1.96, 1.72, 1.65, 1.83, 2.05, 2.72, 2.21, 1.89, 2.19, 2.53, 2.8, 3.28, 3.84, 3.56, 3.2, 2.98, 4.46, 4.31, 3.87, 4.17, 5.06, 6.06, 6.54, 7.7, 8.79, 9.54, 9.86, 9.91, 9.31, 8.93, 9.47, 9.73, 8.07, 7.34, 7.88, 8.12, 7.4, 7.07, 6.89, 6.87, 6.99, 7.16], [8.48, 8.4, 9.37, 9.85, 9.655, 9.38, 9.2, 9.37, 9.541, 9.803, 10.66, 10.28, 9.59, 9.63, 9.72, 10.964, 11.724, 9.835, 9.012, 8.6, 9.093, 9.311, 9.02, 7.8, 6.65, 5.97, 4.55, 5.11, 4.9, 4.35, 4.34, 3.68, 3.92, 3.95, 3.49, 2.28, 2.13, 1.97, 1.44, 1.23, 0.96, 0, 1.12, 1.62, 1.94, 1.44, 1.45, 1.59, 1.87, 2.38, 1.93, 1.91, 1.83, 2.05, 2.4, 2.84, 3.4, 3.14, 2.72, 2.86, 4.66, 4.61, 4.15, 4.47, 5.38, 6.32, 6.74, 7.88, 8.93, 9.68, 10.0, 10.03, 9.45, 9.09, 9.57, 9.81, 8.27, 7.58, 8.06, 8.34, 7.64, 7.29, 7.09, 7.09, 7.15, 7.3], [8.16, 8.08, 9.11, 9.59, 9.41, 9.08, 8.84, 9.09, 9.19, 9.47, 10.48, 10.14, 9.35, 9.43, 9.42, 10.62, 11.364, 9.47, 8.65, 8.26, 8.72, 8.98, 8.66, 7.44, 6.41, 5.65, 4.25, 4.75, 4.52, 4.13, 4.06, 3.48, 3.62, 3.67, 3.25, 2.3, 2.25, 2.11, 2.12, 1.85, 1.7, 1.12, 0, 1.12, 1.6, 1.28, 1.11, 1.31, 1.91, 2.12, 1.67, 1.77, 1.87, 2.03, 2.46, 2.8, 3.38, 3.14, 2.72, 3.28, 5.14, 5.01, 4.63, 4.89, 5.76, 6.6, 6.74, 7.78, 8.77, 9.5, 9.78, 9.77, 9.23, 8.97, 9.39, 9.57, 8.13, 7.42, 7.94, 8.32, 7.84, 7.41, 7.05, 7.01, 6.95, 7.14], [7.56, 7.42, 8.45, 8.91, 8.65, 8.46, 8.24, 8.39, 8.45, 8.81, 9.76, 9.46, 9.03, 9.09, 8.96, 9.78, 10.54, 8.67, 7.83, 7.52, 8.04, 8.22, 7.88, 6.68, 5.67, 4.87, 3.69, 4.07, 3.88, 3.41, 3.16, 2.84, 2.96, 2.99, 2.49, 1.92, 2.01, 2.11, 2.14, 1.85, 1.72, 1.62, 1.12, 0, 1.16, 1.26, 1.07, 1.33, 2.07, 2.0, 1.53, 1.71, 2.13, 2.57, 3.08, 3.48, 3.94, 3.58, 3.18, 3.54, 5.28, 5.09, 4.77, 4.97, 5.84, 6.54, 6.62, 7.38, 8.37, 9.18, 9.44, 9.45, 8.93, 8.65, 9.07, 9.35, 7.75, 7.04, 7.66, 8.12, 7.8, 7.37, 6.87, 6.73, 6.63, 6.86], [8.04, 7.82, 8.71, 9.35, 9.21, 8.98, 8.9, 8.83, 8.81, 9.29, 10.2, 10.02, 9.61, 9.71, 9.5, 9.82, 10.48, 8.91, 8.13, 8.02, 8.5, 8.8, 8.36, 7.18, 6.25, 5.41, 4.23, 4.43, 4.24, 3.95, 3.52, 3.22, 3.22, 3.43, 3.09, 2.34, 2.31, 2.53, 2.44, 2.11, 1.96, 1.94, 1.6, 1.16, 0, 0.9, 1.11, 1.45, 2.49, 2.62, 2.21, 2.41, 2.75, 2.91, 3.3, 3.76, 4.28, 4.02, 3.64, 4.0, 5.9, 5.71, 5.35, 5.59, 6.48, 7.3, 7.44, 8.22, 9.07, 9.9, 10.18, 10.09, 9.65, 9.51, 9.83, 9.99, 8.67, 7.92, 8.54, 9.0, 8.64, 8.27, 7.79, 7.61, 7.47, 7.64], [8.22, 8.22, 9.25, 9.71, 9.53, 9.22, 9.18, 9.25, 9.29, 9.69, 10.66, 10.34, 9.87, 9.93, 9.8, 10.32, 11.04, 9.41, 8.61, 8.42, 8.9, 9.18, 8.78, 7.54, 6.59, 5.69, 4.27, 4.67, 4.48, 4.21, 3.88, 3.4, 3.48, 3.57, 3.25, 2.28, 2.09, 2.25, 2.06, 1.85, 1.72, 1.44, 1.28, 1.26, 0.9, 0, 0.93, 1.21, 2.33, 2.62, 2.15, 2.37, 2.45, 2.65, 3.14, 3.56, 4.12, 3.9, 3.46, 3.74, 5.6, 5.45, 4.99, 5.29, 6.26, 7.2, 7.38, 8.36, 9.21, 10.06, 10.32, 10.29, 9.81, 9.59, 9.97, 10.23, 8.67, 7.98, 8.48, 8.92, 8.52, 8.17, 7.77, 7.67, 7.53, 7.78], [7.79, 7.75, 8.78, 9.3, 9.06, 8.85, 8.75, 8.8, 8.86, 9.22, 10.13, 9.91, 9.28, 9.32, 9.33, 10.01, 10.81, 9.08, 8.18, 7.95, 8.49, 8.73, 8.25, 7.07, 6.12, 5.32, 3.74, 4.26, 4.07, 3.72, 3.49, 2.93, 3.01, 3.04, 2.72, 1.83, 1.86, 2.06, 1.95, 1.74, 1.65, 1.45, 1.11, 1.07, 1.11, 0.93, 0, 0.92, 1.76, 2.05, 1.6, 1.76, 2.02, 2.44, 2.97, 3.39, 3.95, 3.65, 3.23, 3.35, 5.11, 4.94, 4.56, 4.8, 5.73, 6.53, 6.67, 7.69, 8.58, 9.45, 9.69, 9.68, 9.18, 8.92, 9.36, 9.66, 7.94, 7.27, 7.77, 8.17, 7.83, 7.46, 7.02, 6.96, 6.94, 7.19], [8.09, 8.01, 9.06, 9.5, 9.32, 9.09, 8.87, 9.1, 9.16, 9.5, 10.47, 10.11, 9.34, 9.28, 9.43, 10.446, 11.194, 9.38, 8.56, 8.25, 8.75, 8.99, 8.61, 7.41, 6.42, 5.56, 4.1, 4.6, 4.49, 4.0, 3.83, 3.33, 3.47, 3.46, 2.92, 2.15, 2.04, 1.98, 2.05, 1.92, 1.83, 1.59, 1.31, 1.33, 1.45, 1.21, 0.92, 0, 1.54, 1.87, 1.5, 1.76, 1.98, 2.34, 2.79, 3.35, 3.83, 3.59, 3.15, 3.23, 5.01, 4.88, 4.44, 4.76, 5.67, 6.47, 6.59, 7.57, 8.68, 9.53, 9.75, 9.76, 9.2, 8.86, 9.48, 9.78, 7.92, 7.17, 7.77, 8.19, 7.79, 7.4, 6.98, 6.9, 7.0, 7.27], [8.07, 7.966, 9.0, 9.427, 9.293, 8.981, 8.826, 9.04, 9.213, 9.493, 10.21, 9.846, 8.86, 8.72, 9.161, 10.574, 11.334, 9.48, 8.64, 8.25, 8.79, 8.99, 8.601, 7.398, 6.311, 5.593, 4.16, 4.8, 4.55, 4.08, 3.99, 3.31, 3.57, 3.54, 3.0, 2.23, 2.22, 2.1, 2.21, 2.14, 2.05, 1.87, 1.91, 2.07, 2.49, 2.33, 1.76, 1.54, 0, 1.01, 1.08, 1.34, 1.16, 1.68, 2.13, 2.69, 3.15, 2.73, 2.37, 2.39, 3.65, 3.52, 3.12, 3.42, 4.33, 5.15, 5.31, 6.43, 7.76, 8.71, 8.99, 8.96, 8.32, 7.92, 8.58, 8.92, 7.44, 6.47, 6.75, 6.89, 6.43, 6.0, 5.8, 5.94, 6.38, 6.55], [8.2, 7.88, 8.89, 9.3, 9.163, 8.86, 8.66, 8.87, 9.07, 9.323, 10.1, 9.736, 8.75, 8.61, 9.027, 10.447, 11.207, 9.35, 8.53, 8.08, 8.62, 8.82, 8.461, 7.248, 6.141, 5.49, 4.33, 4.85, 4.7, 4.17, 3.88, 3.6, 3.68, 3.69, 3.21, 2.66, 2.81, 2.71, 2.94, 2.83, 2.72, 2.38, 2.12, 2.0, 2.62, 2.62, 2.05, 1.87, 1.01, 0, 0.93, 1.43, 1.41, 1.67, 2.24, 2.76, 3.22, 2.7, 2.48, 2.66, 3.84, 3.75, 3.41, 3.65, 4.48, 5.26, 5.4, 6.18, 7.49, 8.54, 8.84, 8.71, 8.066, 7.75, 8.33, 8.61, 7.57, 6.52, 6.74, 6.88, 6.4, 5.99, 5.89, 6.03, 6.35, 6.4], [7.85, 7.59, 8.64, 9.05, 8.899, 8.561, 8.403, 8.62, 8.793, 9.079, 9.87, 9.49, 8.52, 8.4, 8.79, 10.177, 10.937, 9.08, 8.26, 7.83, 8.37, 8.57, 8.197, 6.978, 5.891, 5.22, 3.86, 4.46, 4.29, 3.68, 3.59, 3.15, 3.27, 3.3, 2.78, 2.23, 2.3, 2.18, 2.45, 2.34, 2.21, 1.93, 1.67, 1.53, 2.21, 2.15, 1.6, 1.5, 1.08, 0.93, 0, 0.9, 1.06, 1.78, 2.37, 2.89, 3.33, 2.87, 2.39, 2.59, 4.09, 3.94, 3.68, 3.92, 4.69, 5.41, 5.51, 6.33, 7.56, 8.47, 8.65, 8.7, 8.04, 7.64, 8.32, 8.6, 7.12, 6.23, 6.63, 7.07, 6.67, 6.26, 5.8, 5.76, 6.04, 6.23], [7.31, 7.064, 8.128, 8.531, 8.348, 8.043, 7.852, 8.071, 8.228, 8.488, 9.347, 8.93, 8.1, 8.0, 8.267, 9.643, 10.403, 8.511, 7.688, 7.258, 7.775, 7.986, 7.641, 6.423, 5.336, 4.668, 3.3, 3.88, 3.73, 3.12, 3.035, 2.61, 2.73, 2.8, 2.3, 1.77, 2.0, 1.88, 2.13, 2.04, 1.89, 1.91, 1.77, 1.71, 2.41, 2.37, 1.76, 1.76, 1.34, 1.43, 0.9, 0, 1.34, 2.18, 2.85, 3.29, 3.77, 3.33, 2.89, 2.81, 3.89, 3.62, 3.42, 3.7, 4.39, 5.19, 5.27, 6.11, 7.32, 8.11, 8.33, 8.42, 7.76, 7.38, 8.0, 8.32, 6.7, 5.91, 6.43, 6.89, 6.41, 6.0, 5.52, 5.42, 5.66, 5.807], [8.118, 8.012, 9.056, 9.499, 9.333, 9.006, 8.829, 9.039, 9.219, 9.482, 10.261, 9.898, 8.899, 8.776, 9.206, 10.646, 11.406, 9.513, 8.691, 8.249, 8.772, 8.989, 8.643, 7.426, 6.319, 5.633, 4.236, 4.811, 4.643, 4.12, 4.09, 3.39, 3.66, 3.63, 3.16, 2.39, 2.42, 2.22, 2.35, 2.3, 2.19, 1.83, 1.87, 2.13, 2.75, 2.45, 2.02, 1.98, 1.16, 1.41, 1.06, 1.34, 0, 1.38, 1.93, 2.57, 3.09, 2.51, 2.05, 2.41, 3.81, 3.7, 3.42, 3.72, 4.47, 5.17, 5.51, 6.55, 7.86, 8.764, 9.096, 9.103, 8.409, 7.989, 8.626, 8.963, 7.493, 6.585, 6.859, 7.11, 6.39, 6.0, 5.78, 6.04, 6.434, 6.522], [9.27, 9.17, 10.24, 10.64, 10.48, 10.138, 9.961, 10.2, 10.36, 10.62, 11.45, 11.05, 10.1, 9.98, 10.337, 11.774, 12.534, 10.645, 9.822, 9.39, 9.909, 10.121, 9.775, 8.558, 7.451, 6.78, 5.248, 5.882, 5.695, 5.16, 5.15, 4.382, 4.725, 4.681, 4.238, 3.13, 3.02, 2.62, 2.69, 2.72, 2.53, 2.05, 2.03, 2.57, 2.91, 2.65, 2.44, 2.34, 1.68, 1.67, 1.78, 2.18, 1.38, 0, 0.85, 1.35, 1.85, 1.45, 1.35, 2.15, 3.69, 3.58, 3.28, 3.48, 4.33, 5.27, 6.07, 7.49, 8.94, 9.97, 10.17, 10.06, 9.38, 8.98, 9.62, 9.94, 8.62, 7.65, 7.83, 7.25, 6.47, 6.22, 6.88, 7.14, 7.58, 7.69], [9.836, 9.73, 10.77, 11.217, 11.05, 10.72, 10.54, 10.75, 10.93, 11.19, 11.98, 11.616, 10.63, 10.49, 10.924, 12.364, 13.124, 11.23, 10.409, 9.96, 10.48, 10.7, 10.36, 9.14, 8.03, 7.35, 5.83, 6.469, 6.28, 5.75, 5.74, 4.98, 5.32, 5.268, 4.81, 3.66, 3.47, 2.91, 2.9, 2.99, 2.8, 2.4, 2.46, 3.08, 3.3, 3.14, 2.97, 2.79, 2.13, 2.24, 2.37, 2.85, 1.93, 0.85, 0, 0.82, 1.38, 1.06, 1.18, 2.02, 3.58, 3.57, 3.19, 3.51, 4.4, 5.46, 6.56, 8.04, 9.47, 10.5, 10.74, 10.63, 9.95, 9.51, 10.21, 10.45, 9.19, 8.18, 8.38, 7.6, 6.64, 6.37, 7.35, 7.65, 8.11, 8.2], [10.276, 10.18, 11.23, 11.67, 11.49, 11.16, 10.98, 11.19, 11.37, 11.63, 12.42, 12.06, 11.07, 10.95, 11.38, 12.82, 13.58, 11.67, 10.849, 10.4, 10.92, 11.14, 10.8, 9.58, 8.47, 7.79, 6.27, 6.909, 6.72, 6.21, 6.2, 5.44, 5.78, 5.725, 5.25, 4.14, 3.91, 3.27, 3.22, 3.41, 3.28, 2.84, 2.8, 3.48, 3.76, 3.56, 3.39, 3.35, 2.69, 2.76, 2.89, 3.29, 2.57, 1.35, 0.82, 0, 0.74, 0.92, 1.22, 2.2, 3.46, 3.65, 3.33, 3.67, 4.5, 5.78, 7.06, 8.54, 9.97, 10.98, 11.18, 11.07, 10.41, 9.99, 10.67, 10.91, 9.63, 8.64, 8.86, 7.92, 6.92, 6.81, 7.89, 8.11, 8.55, 8.66], [10.62, 10.54, 11.61, 12.03, 11.85, 11.5, 11.32, 11.53, 11.71, 11.97, 12.78, 12.4, 11.43, 11.33, 11.74, 13.18, 13.94, 12.03, 11.19, 10.74, 11.26, 11.48, 11.14, 9.94, 8.83, 8.13, 6.61, 7.25, 7.08, 6.59, 6.58, 5.86, 6.2, 6.09, 5.57, 4.48, 4.23, 3.55, 3.7, 3.97, 3.84, 3.4, 3.38, 3.94, 4.28, 4.12, 3.95, 3.83, 3.15, 3.22, 3.33, 3.77, 3.09, 1.85, 1.38, 0.74, 0, 1.0, 1.34, 2.18, 3.38, 3.51, 3.21, 3.51, 4.44, 6.12, 7.42, 8.88, 10.31, 11.32, 11.5, 11.39, 10.75, 10.31, 10.97, 11.27, 9.97, 8.98, 9.18, 8.22, 7.26, 7.17, 8.25, 8.49, 8.89, 9.06], [10.08, 9.98, 11.01, 11.47, 11.29, 10.94, 10.76, 10.97, 11.15, 11.41, 12.2, 11.84, 10.85, 10.73, 11.18, 12.62, 13.38, 11.49, 10.67, 10.22, 10.72, 10.92, 10.58, 9.38, 8.27, 7.57, 6.05, 6.71, 6.58, 6.07, 6.08, 5.36, 5.74, 5.55, 5.09, 4.06, 3.85, 3.33, 3.46, 3.69, 3.56, 3.14, 3.14, 3.58, 4.02, 3.9, 3.65, 3.59, 2.73, 2.7, 2.87, 3.33, 2.51, 1.45, 1.06, 0.92, 1.0, 0, 1.08, 2.04, 3.12, 3.33, 3.13, 3.33, 4.04, 5.5, 6.8, 8.26, 9.67, 10.66, 10.94, 10.81, 10.19, 9.73, 10.39, 10.67, 9.41, 8.4, 8.62, 7.56, 6.64, 6.55, 7.57, 7.89, 8.31, 8.44], [9.679, 9.553, 10.574, 11.037, 10.875, 10.548, 10.371, 10.581, 10.761, 11.023, 11.802, 11.439, 10.44, 10.297, 10.747, 12.2, 12.96, 11.09, 10.27, 9.82, 10.34, 10.56, 10.185, 8.98, 7.87, 7.19, 5.69, 6.41, 6.24, 5.65, 5.64, 4.96, 5.26, 5.15, 4.67, 3.62, 3.49, 3.01, 3.2, 3.35, 3.2, 2.72, 2.72, 3.18, 3.64, 3.46, 3.23, 3.15, 2.37, 2.48, 2.39, 2.89, 2.05, 1.35, 1.18, 1.22, 1.34, 1.08, 0, 1.54, 3.02, 3.11, 2.77, 3.11, 4.04, 5.42, 6.54, 7.92, 9.43, 10.34, 10.6, 10.59, 9.83, 9.39, 10.15, 10.39, 9.03, 8.02, 8.28, 7.68, 6.66, 6.41, 7.17, 7.49, 7.97, 8.04], [8.865, 8.759, 9.763, 10.226, 10.061, 9.727, 9.536, 9.769, 9.923, 10.186, 11.031, 10.651, 9.684, 9.576, 9.953, 11.353, 12.113, 10.29, 9.47, 9.02, 9.54, 9.756, 9.391, 8.153, 7.046, 6.41, 4.99, 5.75, 5.58, 5.01, 5.0, 4.34, 4.58, 4.45, 4.13, 3.22, 2.99, 2.57, 2.74, 3.07, 2.98, 2.86, 3.28, 3.54, 4.0, 3.74, 3.35, 3.23, 2.39, 2.66, 2.59, 2.81, 2.41, 2.15, 2.02, 2.2, 2.18, 2.04, 1.54, 0, 2.2, 2.07, 1.77, 1.99, 2.94, 4.68, 5.76, 7.24, 8.724, 9.669, 9.834, 9.807, 9.064, 8.65, 9.364, 9.61, 8.256, 7.263, 7.54, 6.94, 5.96, 5.73, 6.544, 6.759, 7.199, 7.349], [8.222, 8.125, 9.141, 9.569, 9.432, 9.099, 8.945, 9.155, 9.332, 9.612, 10.368, 10.005, 9.038, 8.898, 9.316, 10.736, 11.496, 9.69, 8.87, 8.44, 8.98, 9.18, 8.779, 7.556, 6.469, 5.87, 4.51, 5.25, 5.12, 4.63, 4.9, 4.32, 4.4, 4.23, 4.11, 3.9, 3.97, 3.65, 4.08, 4.27, 4.46, 4.66, 5.14, 5.28, 5.9, 5.6, 5.11, 5.01, 3.65, 3.84, 4.09, 3.89, 3.81, 3.69, 3.58, 3.46, 3.38, 3.12, 3.02, 2.2, 0, 1.11, 1.39, 1.35, 1.8, 3.651, 4.931, 6.325, 7.719, 8.808, 9.125, 8.995, 8.355, 7.935, 8.595, 8.881, 7.572, 6.562, 6.733, 5.771, 4.825, 4.684, 5.707, 6.058, 6.498, 6.668], [7.775, 7.695, 8.76, 9.176, 9.025, 8.686, 8.532, 8.748, 8.919, 9.205, 9.938, 9.555, 8.608, 8.48, 8.886, 10.323, 11.083, 9.24, 8.4, 8.01, 8.55, 8.75, 8.346, 7.15, 6.06, 5.38, 3.98, 4.7, 4.59, 4.06, 4.21, 3.75, 3.91, 3.76, 3.56, 3.49, 3.58, 3.46, 3.89, 4.08, 4.31, 4.61, 5.01, 5.09, 5.71, 5.45, 4.94, 4.88, 3.52, 3.75, 3.94, 3.62, 3.7, 3.58, 3.57, 3.65, 3.51, 3.33, 3.11, 2.07, 1.11, 0, 0.84, 0.8, 1.41, 3.37, 4.57, 5.93, 7.3, 8.427, 8.695, 8.545, 7.957, 7.551, 8.185, 8.528, 7.139, 6.121, 6.35, 5.51, 4.59, 4.46, 5.4, 5.677, 6.108, 6.287], [8.249, 8.152, 9.208, 9.616, 9.479, 9.166, 9.012, 9.228, 9.399, 9.679, 10.398, 10.032, 9.048, 8.911, 9.346, 10.763, 11.523, 9.7, 8.86, 8.47, 9.01, 9.209, 8.806, 7.583, 6.496, 5.82, 4.4, 5.12, 4.99, 4.44, 4.47, 3.99, 4.23, 4.04, 3.84, 3.25, 3.32, 3.12, 3.41, 3.62, 3.87, 4.15, 4.63, 4.77, 5.35, 4.99, 4.56, 4.44, 3.12, 3.41, 3.68, 3.42, 3.42, 3.28, 3.19, 3.33, 3.21, 3.13, 2.77, 1.77, 1.39, 0.84, 0, 0.84, 1.95, 3.85, 5.01, 6.43, 7.814, 8.919, 9.172, 9.054, 8.422, 8.029, 8.692, 8.968, 7.619, 6.601, 6.826, 6.05, 5.09, 4.92, 5.849, 6.131, 6.586, 6.758], [8.03, 7.932, 9.0, 9.38, 9.222, 8.863, 8.749, 8.965, 9.139, 9.42, 10.201, 9.812, 8.88, 8.74, 9.109, 10.53, 11.29, 9.48, 8.64, 8.21, 8.79, 8.97, 8.57, 7.33, 6.24, 5.64, 4.22, 4.98, 4.87, 4.34, 4.51, 3.95, 4.19, 4.0, 3.76, 3.41, 3.46, 3.34, 3.71, 3.94, 4.17, 4.47, 4.89, 4.97, 5.59, 5.29, 4.8, 4.76, 3.42, 3.65, 3.92, 3.7, 3.72, 3.48, 3.51, 3.67, 3.51, 3.33, 3.11, 1.99, 1.35, 0.8, 0.84, 0, 1.65, 3.71, 4.79, 6.17, 7.58, 8.67, 8.95, 8.82, 8.18, 7.748, 8.42, 8.731, 7.379, 6.358, 6.527, 5.79, 4.89, 4.78, 5.64, 5.894, 6.325, 6.504], [6.6, 6.48, 7.53, 7.95, 7.79, 7.473, 7.299, 7.515, 7.686, 7.972, 8.725, 8.342, 7.39, 7.25, 7.68, 9.1, 9.88, 8.05, 7.23, 6.84, 7.34, 7.52, 7.12, 5.9, 4.81, 4.37, 3.23, 3.95, 3.92, 3.75, 4.36, 4.3, 4.38, 3.93, 4.07, 4.2, 4.29, 4.19, 4.62, 4.87, 5.06, 5.38, 5.76, 5.84, 6.48, 6.26, 5.73, 5.67, 4.33, 4.48, 4.69, 4.39, 4.47, 4.33, 4.4, 4.5, 4.44, 4.04, 4.04, 2.94, 1.8, 1.41, 1.95, 1.65, 0, 2.18, 3.32, 4.68, 6.11, 7.18, 7.46, 7.33, 6.73, 6.298, 6.97, 7.275, 5.906, 4.908, 5.117, 4.26, 3.34, 3.27, 4.17, 4.444, 4.875, 5.054], [4.64, 4.5, 5.53, 5.97, 5.85, 5.54, 5.38, 5.59, 5.81, 6.09, 6.76, 6.38, 5.49, 5.35, 5.76, 7.2, 8.02, 6.25, 5.41, 5.04, 5.54, 5.72, 5.3, 4.1, 3.27, 3.13, 3.25, 3.17, 3.6, 4.03, 4.6, 4.62, 4.7, 4.25, 4.53, 5.04, 5.21, 5.33, 5.84, 5.91, 6.06, 6.32, 6.6, 6.54, 7.3, 7.2, 6.53, 6.47, 5.15, 5.26, 5.41, 5.19, 5.17, 5.27, 5.46, 5.78, 6.12, 5.5, 5.42, 4.68, 3.651, 3.37, 3.85, 3.71, 2.18, 0, 1.32, 2.86, 4.35, 5.4, 5.6, 5.47, 4.85, 4.39, 5.07, 5.31, 4.05, 2.98, 3.28, 2.46, 1.62, 1.29, 2.27, 2.51, 2.93, 3.16], [3.38, 3.24, 4.29, 4.69, 4.55, 4.24, 4.08, 4.33, 4.55, 4.83, 5.52, 5.14, 4.29, 4.15, 4.54, 5.98, 6.84, 5.07, 4.23, 3.86, 4.36, 4.52, 4.12, 3.08, 2.67, 2.73, 3.35, 3.19, 3.64, 4.11, 4.46, 4.66, 4.78, 4.29, 4.51, 5.34, 5.55, 5.81, 6.46, 6.43, 6.54, 6.74, 6.74, 6.62, 7.44, 7.38, 6.67, 6.59, 5.31, 5.4, 5.51, 5.27, 5.51, 6.07, 6.56, 7.06, 7.42, 6.8, 6.54, 5.76, 4.931, 4.57, 5.01, 4.79, 3.32, 1.32, 0, 1.74, 3.17, 4.22, 4.4, 4.27, 3.65, 3.13, 3.79, 4.03, 2.85, 1.82, 2.22, 2.12, 1.7, 1.31, 1.35, 1.43, 1.69, 1.96], [3.58, 2.78, 3.01, 3.27, 3.11, 2.98, 2.96, 3.45, 3.37, 3.49, 4.06, 3.68, 2.83, 2.69, 3.08, 4.52, 5.36, 3.59, 2.89, 2.52, 2.94, 3.06, 2.64, 2.28, 2.53, 3.13, 4.31, 4.05, 4.54, 5.01, 5.08, 5.8, 5.72, 5.25, 5.53, 6.46, 6.67, 6.95, 7.62, 7.57, 7.7, 7.88, 7.78, 7.38, 8.22, 8.36, 7.69, 7.57, 6.43, 6.18, 6.33, 6.11, 6.55, 7.49, 8.04, 8.54, 8.88, 8.26, 7.92, 7.24, 6.325, 5.93, 6.43, 6.17, 4.68, 2.86, 1.74, 0, 1.61, 2.62, 2.88, 2.85, 2.13, 1.89, 2.35, 2.69, 2.11, 1.3, 1.46, 2.28, 2.38, 2.23, 1.59, 1.71, 1.63, 1.42], [3.71, 2.91, 2.78, 2.56, 2.64, 2.57, 2.73, 3.32, 3.24, 3.14, 2.87, 2.49, 1.78, 1.78, 1.79, 3.17, 4.11, 3.12, 2.84, 2.51, 2.71, 2.31, 2.01, 2.41, 3.2, 3.9, 5.24, 4.9, 5.43, 6.04, 5.95, 6.77, 6.63, 6.14, 6.5, 7.31, 7.6, 8.08, 8.67, 8.58, 8.79, 8.93, 8.77, 8.37, 9.07, 9.21, 8.58, 8.68, 7.76, 7.49, 7.56, 7.32, 7.86, 8.94, 9.47, 9.97, 10.31, 9.67, 9.43, 8.724, 7.719, 7.3, 7.814, 7.58, 6.11, 4.35, 3.17, 1.61, 0, 1.31, 1.69, 1.54, 1.48, 1.62, 1.5, 1.94, 2.38, 2.25, 2.07, 3.17, 3.61, 3.58, 2.7, 2.74, 2.52, 2.35], [3.64, 2.94, 2.49, 2.29, 2.35, 2.28, 2.38, 2.85, 2.89, 2.71, 2.22, 1.88, 1.43, 1.59, 1.44, 2.3, 3.3, 2.85, 2.81, 2.44, 2.38, 1.98, 1.88, 2.84, 3.87, 4.63, 6.03, 5.67, 6.22, 6.81, 6.8, 7.62, 7.46, 7.01, 7.35, 8.18, 8.43, 8.83, 9.4, 9.31, 9.54, 9.68, 9.5, 9.18, 9.9, 10.06, 9.45, 9.53, 8.71, 8.54, 8.47, 8.11, 8.764, 9.97, 10.5, 10.98, 11.32, 10.66, 10.34, 9.669, 8.808, 8.427, 8.919, 8.67, 7.18, 5.4, 4.22, 2.62, 1.31, 0, 0.88, 1.11, 1.17, 1.35, 1.27, 1.67, 2.31, 2.76, 2.58, 3.64, 4.34, 4.49, 3.55, 3.51, 3.17, 2.94], [3.62, 3.06, 2.63, 2.35, 2.33, 2.2, 2.34, 2.61, 2.69, 2.43, 2.12, 1.7, 1.55, 1.57, 1.54, 2.24, 2.92, 2.87, 2.93, 2.68, 2.64, 2.26, 2.14, 3.2, 4.23, 4.91, 6.29, 5.95, 6.5, 7.09, 7.06, 7.88, 7.72, 7.27, 7.61, 8.46, 8.69, 9.07, 9.74, 9.67, 9.86, 10.0, 9.78, 9.44, 10.18, 10.32, 9.69, 9.75, 8.99, 8.84, 8.65, 8.33, 9.096, 10.17, 10.74, 11.18, 11.5, 10.94, 10.6, 9.834, 9.125, 8.695, 9.172, 8.95, 7.46, 5.6, 4.4, 2.88, 1.69, 0.88, 0, 0.63, 1.01, 1.39, 1.15, 1.53, 2.29, 2.92, 2.68, 3.8, 4.58, 4.73, 3.81, 3.71, 3.41, 3.24], [3.41, 2.83, 2.36, 2.12, 2.12, 2.03, 2.19, 2.48, 2.5, 2.22, 1.97, 1.63, 1.34, 1.44, 1.31, 2.27, 2.97, 2.64, 2.74, 2.57, 2.49, 2.13, 2.07, 3.11, 4.14, 4.88, 6.32, 5.88, 6.47, 7.1, 7.03, 7.85, 7.67, 7.24, 7.58, 8.41, 8.7, 9.12, 9.77, 9.72, 9.91, 10.03, 9.77, 9.45, 10.09, 10.29, 9.68, 9.76, 8.96, 8.71, 8.7, 8.42, 9.103, 10.06, 10.63, 11.07, 11.39, 10.81, 10.59, 9.807, 8.995, 8.545, 9.054, 8.82, 7.33, 5.47, 4.27, 2.85, 1.54, 1.11, 0.63, 0, 0.92, 1.52, 0.96, 1.34, 2.28, 3.01, 2.71, 3.65, 4.49, 4.64, 3.9, 3.76, 3.46, 3.33], [3.29, 2.65, 2.24, 2.24, 2.14, 1.91, 1.99, 2.36, 2.4, 2.2, 2.29, 2.01, 1.48, 1.38, 1.59, 2.65, 3.47, 2.66, 2.52, 2.19, 2.17, 2.09, 1.97, 2.75, 3.62, 4.34, 5.76, 5.4, 5.95, 6.56, 6.55, 7.37, 7.21, 6.76, 7.1, 7.93, 8.18, 8.52, 9.17, 9.1, 9.31, 9.45, 9.23, 8.93, 9.65, 9.81, 9.18, 9.2, 8.32, 8.066, 8.04, 7.76, 8.409, 9.38, 9.95, 10.41, 10.75, 10.19, 9.83, 9.064, 8.355, 7.957, 8.422, 8.18, 6.73, 4.85, 3.65, 2.13, 1.48, 1.17, 1.01, 0.92, 0, 0.96, 0.82, 1.22, 1.84, 2.31, 1.91, 3.07, 3.75, 3.9, 3.14, 2.98, 2.88, 2.65], [3.23, 2.63, 2.34, 2.54, 2.48, 2.17, 2.17, 2.68, 2.72, 2.72, 2.79, 2.41, 1.92, 1.72, 1.89, 3.11, 3.95, 3.04, 2.74, 2.29, 2.33, 2.33, 2.11, 2.99, 3.76, 4.32, 5.48, 5.24, 5.77, 6.26, 6.43, 7.07, 6.97, 6.48, 6.76, 7.69, 7.9, 8.16, 8.83, 8.78, 8.93, 9.09, 8.97, 8.65, 9.51, 9.59, 8.92, 8.86, 7.92, 7.75, 7.64, 7.38, 7.989, 8.98, 9.51, 9.99, 10.31, 9.73, 9.39, 8.65, 7.935, 7.551, 8.029, 7.748, 6.298, 4.39, 3.13, 1.89, 1.62, 1.35, 1.39, 1.52, 0.96, 0, 1.0, 1.38, 1.54, 1.91, 1.53, 2.57, 3.29, 3.44, 2.68, 2.58, 2.5, 2.49], [2.99, 2.57, 2.22, 1.98, 1.86, 1.69, 1.75, 2.26, 2.26, 2.12, 2.07, 1.75, 1.4, 1.38, 1.31, 2.59, 3.39, 2.62, 2.56, 2.29, 2.27, 2.09, 2.05, 3.03, 3.92, 4.58, 5.94, 5.6, 6.13, 6.7, 6.71, 7.53, 7.37, 6.92, 7.26, 8.09, 8.36, 8.74, 9.33, 9.3, 9.47, 9.57, 9.39, 9.07, 9.83, 9.97, 9.36, 9.48, 8.58, 8.33, 8.32, 8.0, 8.626, 9.62, 10.21, 10.67, 10.97, 10.39, 10.15, 9.364, 8.595, 8.185, 8.692, 8.42, 6.97, 5.07, 3.79, 2.35, 1.5, 1.27, 1.15, 0.96, 0.82, 1.0, 0, 0.96, 1.86, 2.55, 2.11, 3.17, 3.89, 4.04, 3.22, 3.14, 2.86, 2.67], [2.95, 2.73, 2.18, 1.84, 1.8, 1.75, 1.87, 2.28, 2.26, 2.02, 1.77, 1.57, 1.34, 1.14, 1.27, 2.51, 3.23, 2.44, 2.58, 2.33, 2.25, 2.11, 2.07, 2.97, 3.9, 4.74, 6.24, 5.78, 6.31, 6.98, 6.97, 7.81, 7.59, 7.22, 7.56, 8.39, 8.66, 9.04, 9.57, 9.54, 9.73, 9.81, 9.57, 9.35, 9.99, 10.23, 9.66, 9.78, 8.92, 8.61, 8.6, 8.32, 8.963, 9.94, 10.45, 10.91, 11.27, 10.67, 10.39, 9.61, 8.881, 8.528, 8.968, 8.731, 7.275, 5.31, 4.03, 2.69, 1.94, 1.67, 1.53, 1.34, 1.22, 1.38, 0.96, 0, 1.96, 2.83, 2.41, 3.39, 4.15, 4.24, 3.52, 3.3, 3.18, 2.91], [2.29, 2.01, 2.02, 2.24, 2.1, 1.81, 1.91, 2.2, 2.2, 2.48, 2.95, 2.59, 1.94, 1.82, 1.99, 3.41, 4.27, 2.52, 2.04, 1.79, 2.13, 2.19, 2.11, 2.51, 3.16, 3.48, 4.52, 4.34, 4.83, 5.34, 5.61, 6.07, 6.03, 5.5, 5.78, 6.71, 6.9, 7.22, 7.99, 7.96, 8.07, 8.27, 8.13, 7.75, 8.67, 8.67, 7.94, 7.92, 7.44, 7.57, 7.12, 6.7, 7.493, 8.62, 9.19,