0	0.6631121549977883	0.1741181103453172	0.8416567447241755	0.19365300359976867	0.361222604755703	0.10302693226424431	0.610767371587397	0.6842810167750651	0.13022130354614403	0.49304358515202196	0.5789247934871561	0.037942074114036495	0.4076583593311581	0.006515424625755162	0.2783147545158733	0.6185362073744166	0.5742721538762712	0.3379213110633075	0.13887282183071648	0.7482852403365104	0.6886737155033461	0.8115266318643303	0.4809359389327551	0.3096326092551387	0.5827810661428823	0.6112302622293081	0.22980256273889044	0.253264318748588	0.2117288519741536	0.9113871043505261	0.2968473424938807	0.23448795321461935	0.6040214235951503	0.03788227247155662	0.01568169574183398	0.7856399961225281	0.6203557133012632	0.9086061751641138	0.8329705904988398	0.9312987629994228	0.5391488223898964	0.2054786738754839	0.6996810616890569	0.0814520427596499	0.8927433870981349	0.1857772994125706	0.4087120442211366	0.429462182423061	0.8515993163719165	0.884455226677533	0.46426886088524066	0.05972981456533821	0.6146633087238009	0.8991048865711136	0.33447383836471967	0.12038490929345513	0.43424283024374055	0.02625817576159295	0.17459227947901124	0.39618338375229345	0.9878333078790086	0.45026893249069677	0.508173231700416	0.6546787705903568	0.4497892927254663	0.02994392259379408	0.05690852432893623	0.66298015455301	0.5984583740220599	0.5776350361497818	0.9811341854560344	0.8982087741124395	0.8936254310496986	0.7746412016683578	0.384116944208335	0.3712207863144673	0.8892724991505507	0.0696855969082466	0.5655888336872609	0.3695913490638353	0.837543784409751	0.7482139813884647	0.6099781348954184	0.42076016307834674	0.2672240493712398	0.23577224947867692	0.28260520551861557	0.006325987564974711	0.4762402966107264	0.12068505787283179	0.4788861239351696	0.3325533914883777	0.3162426547674436	0.5908037009207099	0.35673829173660565	0.8446779762068163	0.21699568546243497	0.7024846008594663	0.03267580407703241	0.7420961237203049	0.9691505610816629	0.8888088771582204	0.9673273335249076	0.809009366815123	0.3698017065127509	0.4647163922174272	0.821535206021131	0.33117856209181795	0.32318715559017763	0.3192376347110788	0.19248391747498217	0.3389072141792524
0.6631121549977883	0	0.1052235948199729	0.6565607144319433	0.2280766083993937	0.1928087833938832	0.6032698344565115	0.638917029979311	0.6222951150912741	0.22947135171227062	0.14849606094269485	0.5095681953288291	0.5298582634954669	0.11398098426567405	0.6259469610217634	0.8412281339056584	0.048786832917988354	0.12327968018616908	0.7106664239959477	0.3049796102561173	0.05566550472221088	0.6486446848488181	0.9538204118520991	0.3244154637800568	0.14294693007375647	0.8578539597675338	0.866054072203293	0.744094887298957	0.822095866048775	0.09997651519218143	0.3767008541266421	0.5749537689461738	0.5175650851707826	0.7407449211380304	0.6729671480490502	0.6936190655406596	0.7185188977643777	0.9228006396496529	0.8270085996150075	0.46223580974405065	0.8458204012257058	0.8933779013565847	0.8712842087532687	0.633903785114943	0.6529120226888893	0.263881833336994	0.8319573065224224	0.8519031599420266	0.3437327292245045	0.8026385773324054	0.8009210327312487	0.9236154650811987	0.051064649900346204	0.6573075417284115	0.12595862112758882	0.3548339568094636	0.04691861433895561	0.7304598567913346	0.2838010112763404	0.6047004130520015	0.48159480086550355	0.23663648433495243	0.4619322432293498	0.22629833587329684	0.9588052379130638	0.11604452510112029	0.1323609113736688	0.294296361769566	0.7891277298139678	0.6610021995992555	0.37964287735541513	0.09603074560495928	0.8912015457344309	0.10652567988324757	0.4030305122999718	0.28230003130017367	0.7052687121343839	0.4149649227086063	0.008954109684979672	0.0069412880212864625	0.5832466850521975	0.7296242823586793	0.24997933289516372	0.14941885810212363	0.9902620194681108	0.45969492978282767	0.16968666980874392	0.8603064957909304	0.38181381313350127	0.7019805157328298	0.0789482298729891	0.21982183040255432	0.3467083165365523	0.4133030191877295	0.15294246205517503	0.9287938021233381	0.8817862679819934	0.5327894311567625	0.8486796150654375	0.21952665529519755	0.75616807022167	0.15770427077271842	0.873508329560104	0.01673151114956528	0.13077793389338044	0.25891396145951806	0.8842385612955068	0.7669122637326166	0.35293562211044116	0.45331877074176274	0.4983769361167061	0.6261346229547134	0.22595646124291835
0.1741181103453172	0.1052235948199729	0	0.626562541677567	0.10012339041354912	0.514369383243352	0.21904381253892802	0.24699342991337514	0.3173783151997176	0.5220409937067546	0.5860865325513918	0.8083931035774289	0.4868775310880533	0.9350988262090626	0.43654517106983914	0.4824165847931545	0.1406332436190979	0.4509318285750472	0.8149887192139841	0.1652610153949705	0.7283849068723616	0.8277150056838549	0.9287607698546977	0.6467610474668676	0.6854194972930654	0.14208799472681455	0.22642315381156652	0.20531603810490817	0.5006465726069417	0.29290295140751654	0.5501906773489447	0.7465553825528431	0.7271929963140354	0.0621544522969496	0.6336549314791398	0.9488130172571376	0.0799054131827317	0.7839392060703533	0.5424343476281808	0.6829240555364525	0.9574300099291884	0.8937443522547078	0.8164923829282523	0.6057799188155238	0.6193669571848164	0.9591187701900705	0.7071008559460235	0.8587158195820641	0.49245561885784606	0.30698334695606766	0.5801766904199187	0.9096226109533748	0.5359657492266682	0.8169166940559008	0.2451025865350348	0.09212248965965819	0.09565713512992668	0.7812810730287206	0.2609110088470311	0.07941197540557587	0.11009627678515466	0.9077639291076567	0.31149189309316994	0.36758705771562783	0.8622369920951529	0.5306803169630072	0.6272094491639727	0.2626387911822383	0.01767498064219164	0.8084228700561219	0.9998436540012052	0.6568075392444721	0.9049288124282103	0.44584687007681445	0.03221315783954848	0.09756626894453213	0.5650905051141761	0.7091781248657654	0.2598067924261953	0.4167656302809488	0.47648268410763384	0.406641138211396	0.09944687336772451	0.616766468871607	0.6549878396070347	0.2365478507190264	0.6767769793950807	0.6514425311350375	0.19036803541269576	0.5717373221301948	0.12196739955599356	0.8685819719063871	0.023619920971036157	0.5252893942498295	0.5795579015306762	0.3665113126616685	0.301906652321803	0.6183202634537677	0.6899869025529893	0.28720046231373064	0.31714766696426	0.14033573709335778	0.5269224942947232	0.7848736774179107	0.8777994614198906	0.35332302616833533	0.8835449235065563	0.6121953698878376	0.17760399416740413	0.2409607609451878	0.9850182736104646	0.12571993359806244	0.10846323229697619
0.8416567447241755	0.6565607144319433	0.626562541677567	0	0.35104783703840603	0.12399753765293986	0.7120189376934036	0.9136389199880514	0.5405381373403815	0.1998570058966761	0.8417660707845891	0.2634879424196295	0.2469963862407133	0.37050850308176664	0.3166631897953296	0.34423286725443236	0.7577900651252732	0.6026334048090916	0.9264084859110182	0.7926180094668023	0.6475468816560632	0.577187693942511	0.14604643399529227	0.3882028546356239	0.16486533077310317	0.35835117260711025	0.15811875550696908	0.23499185068696682	0.876660390468722	0.6555721792698653	0.22175692942896974	0.3873681739329793	0.3843057543291063	0.5744337956068967	0.6581245497454158	0.39380435156037386	0.26166319113049896	0.8192913787529023	0.9586581894566887	0.36108683540317676	0.3505421297781314	0.23606191351467598	0.11461230951928769	0.6120694449893448	0.7201329665501737	0.1413513909080366	0.9264522330110239	0.5224038369797975	0.715700812453076	0.20462287083581976	0.5090218256182345	0.16733087326495888	0.7050052972479276	0.7395011923406938	0.25570525238291797	0.8259846272208572	0.8949374802576296	0.804647363188821	0.6658580582610564	0.6927703532242571	0.84966821879438	0.966004733290369	0.2313294717139519	0.3596713046527764	0.2654666791760124	0.9423224695134148	0.17417809372088822	0.9879458265262318	0.18216337271528005	0.7148650119504804	0.774995008966483	0.5157385434085984	0.8169016854580035	0.23093568666537967	0.8472843285353865	0.666669447607485	0.9983437723240892	0.09801724789521427	0.5520476440429655	0.8767372523756215	0.604362799623779	0.5983296839997118	0.2211469309140599	0.5136901755121056	0.1349873646899693	0.43970896833943107	0.6900008603446444	0.9503293940778654	0.7373638032775537	0.2601220741315545	0.6578155479543999	0.9530838876220199	0.8632689639817892	0.19709234173091228	0.9042905094363074	0.3479898781395184	0.4036224311948232	0.16525211061905187	0.6824623561535389	0.16283349061636287	0.14029613866959845	0.5299328169287729	0.542889706015557	0.4442015880219481	0.7291645269996406	0.4262176945200078	0.8118457664664207	0.5907613986633395	0.5624565415809947	0.8937759883417965	0.7964344712691037	0.4556367755720431	0.2266037867679308
0.19365300359976867	0.2280766083993937	0.10012339041354912	0.35104783703840603	0	0.5590834863558437	0.24550457398194792	0.5719733542439509	0.9846705571561076	0.1622283954182544	0.3078380889353538	0.7562169636508408	0.8920458346796926	0.2865706803213446	0.9699874929935398	0.06257824833923642	0.03747752152315609	0.9763864831649948	0.10588907205290532	0.16856164495037818	0.5796332094165676	0.6604633365684486	0.7540794946988081	0.11873950030954317	0.48789681778894767	0.09181206104722173	0.06578270565591282	0.605756297037713	0.10110370373659694	0.6466788238014114	0.4248321570560869	0.2044459355064936	0.4850922033868077	0.8832443673859415	0.9321357449568444	0.06394153112388701	0.9751640835855392	0.78553425016649	0.39440789599659165	0.7225987176888835	0.6274639045780835	0.29632998650454123	0.5209831535052197	0.376102900913863	0.05864254027133797	0.5790608042468262	0.6911477841436849	0.09129471570560577	0.3839484842167	0.3252735872270983	0.41354453612285036	0.7196667286914288	0.6942380094640697	0.7654901890172543	0.14940138266236358	0.1854942718890228	0.9886780558775506	0.857216566963088	0.020923077894007935	0.4180986050655858	0.193111667680394	0.07892615015331306	0.37092490820083723	0.6145089351501634	0.7163665590110655	0.7498434992689877	0.3110198064179641	0.7886935411903102	0.9641264146711171	0.3692910244208739	0.4761753442655994	0.38955196259133174	0.842081293445751	0.8020885450850906	0.41943537483027404	0.03676605123233467	0.34694444483877396	0.13409094713105296	0.08981028589187623	0.775308142699024	0.13912169095043214	0.8846033707664024	0.1735380747985178	0.7636929854917739	0.2775671148071326	0.44463933022311874	0.8561433668143205	0.19270555029755498	0.9093842973399011	0.7550246520619459	0.4639101399996556	0.15705554665573263	0.4022306885028394	0.4593751624772311	0.42472261565178593	0.7086400525071385	0.520295939257512	0.3774294938669308	0.7247154972460582	0.9956681167118967	0.417410919995319	0.1819924699321972	0.6528708044308089	0.3205268417312517	0.2707163788489103	0.8981652554941046	0.2836050869966762	0.9993369485839005	0.28544879494228215	0.09098685185637623	0.31960035517771923	0.7689387465284803	0.4714358279012595
0.361222604755703	0.1928087833938832	0.514369383243352	0.12399753765293986	0.5590834863558437	0	0.6478335378511308	0.33904297884113654	0.7698623718867633	0.6386572769782751	0.1370391517146614	0.7809062163924197	0.3701185864363391	0.21258261258064826	0.3823963598275294	0.6711292489549621	0.2389643048572977	0.853354279417976	0.36661857847087087	0.3285219192372405	0.4800710738693378	0.9785460943384255	0.11142015444153619	0.153706799538182	0.6058929835184229	0.724902252995451	0.7564188675219157	0.3103975077946919	0.6897119421438787	0.6743791867854351	0.9028790720029235	0.12410184482648168	0.5538723084617371	0.41932790056444347	0.4644345487702296	0.9268317570754584	0.2765358840145159	0.8716615407767812	0.776636361984526	0.33505425513216125	0.11371210372226659	0.054007612651011505	0.7645795560885498	0.27243855095253056	0.6595796200013478	0.6080755405989283	0.38064561478897585	0.5878696745445418	0.739934726119477	0.1964443577960373	0.77033549908552	0.5086534845327351	0.7418835265684597	0.3648537642145385	0.17737009845680585	0.15531856319521675	0.5779712710878041	0.8285195460031477	0.364495181595618	0.3247252450707525	0.23004205950542844	0.5596721679763347	0.5150122266132952	0.16380812977563053	0.07068723112555864	0.06701139301328352	0.29427352575896637	0.2688764476582437	0.35416730849211076	0.021954472874648245	0.23345021636662866	0.6825190685730622	0.0964570779304108	0.421715413541338	0.10534950600148685	0.6473099461592681	0.31515030594239246	0.3709438111485793	0.208377273981613	0.059598342678735095	0.6057975400547817	0.21464052761817498	0.7992911346426053	0.47818726698354097	0.18716325358846175	0.30143809488348394	0.8224007093587943	0.04748260722424369	0.3152306669732309	0.26209632351864465	0.9841404168086655	0.8620564100624744	0.2722931316898305	0.04347121184540259	0.24890408570864475	0.7551134345676744	0.3230186644383053	0.2047248177629276	0.8536646901190701	0.8206051515138028	0.03045307851066026	0.27648714772678995	0.41117356925812	0.984393004035795	0.4198290766251672	0.9530205318444381	0.26245596744157185	0.48895798591608364	0.7372267330176705	0.05457565963295663	0.4469332502242339	0.5195404853819869	0.9251535620612578
0.10302693226424431	0.6032698344565115	0.21904381253892802	0.7120189376934036	0.24550457398194792	0.6478335378511308	0	0.36186193696088986	0.8876513214094143	0.039184163680229145	0.1165192057788994	0.8922901212366703	0.37490090993583614	0.43722802018947304	0.9978481643284126	0.004816876772700374	0.11144021148580407	0.7318764660707197	0.28464390270611906	0.7499417977486874	0.9168389807895279	0.3875782407670376	0.6913356670993261	0.2975483288683298	0.28534913486294466	0.5601429066874342	0.4299976984563153	0.20031262548958206	0.7845358206528206	0.8500270691481813	0.6206268780212334	0.5178616697366657	0.7597990022426524	0.29217790413462896	0.26864345436952053	0.457863295234865	0.2476712797631695	0.47892175477374765	0.47197146898812015	0.5700758532306411	0.9746734085037809	0.6114220028984866	0.4002110143262756	0.8360733216382155	0.5404074039212954	0.9343156254998949	0.08262400156785876	0.17119596058204012	0.2260553737831723	0.8975848793683829	0.8157912713932919	0.2527202284759511	0.8194791504219177	0.31923039659464314	0.8129858662962791	0.3829860822443587	0.38472067396889686	0.948459826541476	0.938269860574365	0.534994662439624	0.05671080070900425	0.6131386113758303	0.883285643725191	0.725699070666345	0.27949168608231256	0.14061352960539952	0.3081973628970799	0.6818276701372479	0.2251542673297623	0.5291442835814897	0.39287667569432383	0.5211738694040173	0.15131955257083363	0.04247494160644916	0.8222984098920442	0.7417095833928151	0.8455102455740628	0.6911345900157208	0.4100066948934965	0.8658130421451542	0.24679347150006137	0.8104847335497993	0.290686825245293	0.13303931767797528	0.2961884465078175	0.8666995436994891	0.6206813058682404	0.896762629845098	0.6319605829492879	0.7094267771532025	0.7222237138164861	0.2397593722114506	0.9201182896990923	0.4866566095548328	0.004863119593400689	0.050795603969067016	0.16487127824318304	0.8269727021007383	0.02627147888729331	0.42008185053260694	0.9129288049472436	0.5428105900142773	0.5073707233837398	0.8991750784473231	0.3342529704443834	0.08471872758920351	0.1975944945431315	0.8960079510331437	0.6231907417062658	0.5834817781029112	0.3681484013215527	0.7243212381614106	0.8801661944025013
0.610767371587397	0.638917029979311	0.24699342991337514	0.9136389199880514	0.5719733542439509	0.33904297884113654	0.36186193696088986	0	0.3936552718651334	0.5002442263707756	0.40865819875010334	0.5377686788887843	0.8671922002059822	0.03933030066073484	0.7837180276035769	0.16734069320803724	0.8446445369063559	0.48928909836916346	0.9469633461594079	0.4850414572657603	0.17529360819400075	0.8925222833765867	0.03948671909289747	0.5105910365841163	0.3402603015349336	0.5207357011265459	0.202877555902504	0.33908959098328795	0.943170182050802	0.4893602975249213	0.7050954125927665	0.30992162026468917	0.7303291297695219	0.832467529157869	0.25586404791880824	0.9395129277544683	0.4936160750506937	0.7950205466587028	0.22362870507738974	0.9146488257926709	0.728245738172366	0.6944478540112549	0.5897949129824877	0.23318402898029977	0.4482872459128241	0.20083010158414338	0.33853083968807773	0.9101711642308211	0.13659632043646863	0.8617791199377757	0.638638306789785	0.9174726907089347	0.9143878436661941	0.2746312057936886	0.9423641601062983	0.43636791089604376	0.07222714394824736	0.7285960526791848	0.7906092193296037	0.6800288662342471	0.9412434667043521	0.8131716122715098	0.013871882810169822	0.44752868623640674	0.4356467771145516	0.9661295494315232	0.008939809493409334	0.6647805110696136	0.2887434889266677	0.6664305569127934	0.9185479036742317	0.685004930789776	0.13132395483365944	0.7291708373372108	0.2659823566610109	0.7972454472649789	0.17857277095363866	0.290308015591237	0.08724041672012428	0.4119590313148014	0.39091367266755495	0.4880084696693978	0.7848425916967235	0.9431956440449206	0.2215161120234045	0.20562174048126003	0.8877258536393716	0.936452774827562	0.20494075106196208	0.525839310088837	0.7911426609171548	0.828617301481058	0.7817528180558742	0.20891284640236862	0.6769123153707555	0.7625418972471308	0.7526854695817861	0.3298289125750258	0.2993928787129202	0.96709325552773	0.18760796167823102	0.6122799750983624	0.33244101026988904	0.04436300816168148	0.17710749329588626	0.44998216164255644	0.16934111724312184	0.24862613245392595	0.8799976095500033	0.882162894854283	0.9455291816735898	0.3949756130442559	0.058364332973241395
0.6842810167750651	0.6222951150912741	0.3173783151997176	0.5405381373403815	0.9846705571561076	0.7698623718867633	0.8876513214094143	0.3936552718651334	0	0.5596598733508595	0.36669365668590426	0.8563368696920471	0.8194040363601034	0.9313707639617195	0.49622500908196865	0.9649793297658935	0.21210658663179194	0.6138423258458863	0.4354925356982138	0.5326239301318374	0.4739932053671092	0.4692554149081726	0.24234123626569903	0.6467404571162123	0.9184886130491933	0.4107823594759673	0.3442035526417925	0.03471447535837546	0.6544187866917074	0.04380269845187457	0.12620966502911612	0.16158957021149445	0.758845176382631	0.1428643311836596	0.46679226570388166	0.5566592673781926	0.5533357778367423	0.15562315174532637	0.0830942881302642	0.14552595242255983	0.9548825121928876	0.04798959935409686	0.9620118470828244	0.8945353589401195	0.06545766115382134	0.0842737560530763	0.7246040084487855	0.6981996014626723	0.8819462700755638	0.8541494807628629	0.7691179622431159	0.8908285156459799	0.4535394267891145	0.8878572379490662	0.8581023088568328	0.6767223851165366	0.09858357273392682	0.2275654119115459	0.31186428407004496	0.06599993532664727	0.13228168713376998	0.5518464658601109	0.004539462061733834	0.9629956763619786	0.20945898976893074	0.34400448529533356	0.9811470647168615	0.1259839892336918	0.4739841185842545	0.43777828105622774	0.32398492937366297	0.629169789440033	0.7446151084313243	0.48823739983033465	0.4938183032338622	0.13149119467197268	0.33756789794810516	0.6569147052945068	0.37377261266287465	0.1401019795446551	0.2537895594739126	0.19557129234115245	0.7064985102664041	0.7806934723304247	0.7626149610542131	0.19871573235466033	0.1432426860391095	0.3077550729923235	0.8547092104218795	0.33870469525372593	0.7564816106901442	0.20510154602689057	0.1497146087288328	0.07779130524001066	0.8282190186991322	0.6848222067770311	0.03966253950398002	0.2130990551487969	0.5531325806172679	0.2264045836990185	0.5416267901489327	0.8315793602001237	0.6807635969736615	0.6923860509166194	0.41836503175799056	0.7918532025559737	0.775937780743555	0.17628798084769914	0.41739448169595295	0.4517254351295833	0.9457394076144638	0.9825113789003957	0.04830944868312337
0.13022130354614403	0.22947135171227062	0.5220409937067546	0.1998570058966761	0.1622283954182544	0.6386572769782751	0.039184163680229145	0.5002442263707756	0.5596598733508595	0	0.5611355472955505	0.4036105688019841	0.2710025490570729	0.03820313077126836	0.24598594666648266	0.7438536057331463	0.8081065516247503	0.24706347602233147	0.5914392489378905	0.5685328121384893	0.08753860906232336	0.7809992394565067	0.7268026999029874	0.4230583527680908	0.2472765142651141	0.5595218576047403	0.3227091915214292	0.6574728855258852	0.7260543847308073	0.9006278012958998	0.0939478066561239	0.6222240224309662	0.06335329383125277	0.9230743723885605	0.08271179649852889	0.31133613622496914	0.43199682841110276	0.07987815232088058	0.3487110069539502	0.8796644412647359	0.09950448644590681	0.569465078131171	0.7997934331069996	0.5330908166269054	0.8715377491140639	0.18723806422808553	0.4377938933481791	0.6754399279177886	0.5844726675003475	0.36112916309399645	0.17572244959334804	0.2683828974913617	0.4219119146095254	0.5091054406041656	0.220901913240642	0.45240154258482024	0.39442618019130626	0.882186931707036	0.07884041554832699	0.35610506238910755	0.47055812365612126	0.8004709664204048	0.18641714728898207	0.834168366445717	0.4046672656631467	0.027416529631811515	0.8288239439304894	0.05134692031049648	0.9733675820801457	0.05804848998048873	0.3162959494168801	0.030261234362155442	0.41629963175411167	0.0425989929717796	0.47961548296159784	0.894610732878413	0.4935951100421464	0.2712811527275615	0.7064515625177431	0.9457070238360062	0.15187743927200525	0.27472505615877807	0.39913107887779065	0.8471134886009785	0.10902614225872409	0.3136144417050629	0.5936061439300372	0.6929834597824797	0.014534248806081784	0.11566195014537928	0.37138291101967735	0.3188079667088001	0.30321206603723705	0.4438233386930277	0.22859355858676034	0.6078560921555672	0.41014385618590143	0.674350474192883	0.4620252527776405	0.25025884652102837	0.33241745831128466	0.2178878429742409	0.5305380571142032	0.05529824308842657	0.7101360893872506	0.7106838042982658	0.24771280414425867	0.977520517791621	0.13177224043444413	0.6548982452801326	0.9015882145116063	0.4145763015890368	0.15952327076731565
0.49304358515202196	0.14849606094269485	0.5860865325513918	0.8417660707845891	0.3078380889353538	0.1370391517146614	0.1165192057788994	0.40865819875010334	0.36669365668590426	0.5611355472955505	0	0.042957059305055	0.4576504007346742	0.19842289618815367	0.2731966025194018	0.6962525451169022	0.7854643008578432	0.5713787111394556	0.2746787442364781	0.9543268681723385	0.06559183317280237	0.17831352000858847	0.09359654497365777	0.7129908591685377	0.22369522843434841	0.07995761338551477	0.9593809152872346	0.8446773724597689	0.9082599518924575	0.7232845140471883	0.8036453083548498	0.4721731691563532	0.9439294955732395	0.6236261265111438	0.7289756227384309	0.2820180158234399	0.7568785352281853	0.4202705182650356	0.8128026165640291	0.5914618508544601	0.7317355934989743	0.5223755661528594	0.6425343888073531	0.015990921119676704	0.39362076464868145	0.895584312015041	0.05430139201951112	0.1090857599095355	0.8955545329038431	0.8846684522267735	0.11348180202563118	0.08864589095529374	0.007574320980129556	0.5590998445928225	0.7048773898904606	0.7917558869592193	0.050652411512794315	0.2091418246918907	0.28514618585270557	0.2179537108220928	0.17536813855765476	0.3322385058108863	0.49203802766585525	0.9320518407640535	0.7014470785544197	0.6872756032413283	0.7293423888571988	0.16939150247347334	0.5050737748944891	0.13690243412525516	0.2557097462313752	0.12951056743040368	0.5923258378384642	0.06694510019488842	0.4166110452635068	0.36256910085695093	0.9313831308198266	0.9124560771370237	0.258641407236463	0.9463816846389738	0.4874102359062932	0.014946188949312433	0.4683407550209294	0.2670047226613438	0.14486210659826382	0.16887253398977653	0.20030943661852763	0.3891206192677825	0.12763480558009832	0.3819560154996099	0.2778130156112386	0.5496363554553977	0.09379575435370768	0.596074659316052	0.02266119639688091	0.5443203062138586	0.043413117383504396	0.3857707985716323	0.13601171845379323	0.8236301463598632	0.5693975621558591	0.8898663920622277	0.07892118818248806	0.7977149675595561	0.816797338060772	0.6013153761515717	0.260072696015877	0.827739544758038	0.6589448747225426	0.7303865970621575	0.19231637025248283	0.7222723561052403	0.3195647330066319
0.5789247934871561	0.5095681953288291	0.8083931035774289	0.2634879424196295	0.7562169636508408	0.7809062163924197	0.8922901212366703	0.5377686788887843	0.8563368696920471	0.4036105688019841	0.042957059305055	0	0.9442896529424152	0.1661798719240889	0.4805089504492096	0.1116507535733221	0.723497024388666	0.4998355394374876	0.5901903325045879	0.4514527261758414	0.2770734362670866	0.2323900897233091	0.048376712588636184	0.8115650675632856	0.4896919489216812	0.5566149561697337	0.6268764032685159	0.3739042881285426	0.2924137938500656	0.5052314431645788	0.3243008328587492	0.35310572132295137	0.717422220875033	0.609203715458024	0.4376129983878104	0.3873133385453037	0.7533552974396551	0.05656895072752077	0.5718784602230784	0.9114493834939444	0.6822621590761229	0.08147583101213762	0.264704368358722	0.020477389342697605	0.33150178728741275	0.9054882172045112	0.7659624724261749	0.10741029171915073	0.6302990611431647	0.6678365327020124	0.8151530503491723	0.4511730585803312	0.6853338517049714	0.3404568768236754	0.6734879337033022	0.7768773968736408	0.9059163792040643	0.2737902660288195	0.9898631150936287	0.12270390873260806	0.09532879437379338	0.24351718449903692	0.04637911800222383	0.276345416574031	0.8745565145148169	0.03992138410516577	0.005327327650859526	0.022624037588418466	0.92805072437516	0.5512962981736689	0.5734342948877564	0.07759173983351109	0.9585046671890632	0.5085148059424243	0.27421972093168623	0.39254676481183115	0.15910070337429605	0.24512432549687524	0.6500240532205528	0.3941093874029161	0.9507631250394014	0.9074872955425685	0.8481549801087865	0.08626796801459291	0.999387662717796	0.453052769573414	0.2495598541438674	0.9298649808222472	0.5877203528798635	0.30309517135490416	0.6472142732730929	0.8554063767627965	0.566560007118379	0.9109545841053845	0.9849014268288018	0.5642409992328661	0.5528228388779588	0.5274878658668339	0.9366200031478215	0.4477040462862504	0.8402520098777803	0.5678050622731003	0.09395120900890341	0.9643782213439798	0.5622243550622331	0.28504644787120714	0.9413694820622228	0.8755248843948248	0.13791644453795548	0.6408891097769367	0.758214484881577	0.14323747770706563	0.5615921519938246
0.037942074114036495	0.5298582634954669	0.4868775310880533	0.2469963862407133	0.8920458346796926	0.3701185864363391	0.37490090993583614	0.8671922002059822	0.8194040363601034	0.2710025490570729	0.4576504007346742	0.9442896529424152	0	0.8578834355115242	0.7897389450057025	0.9864857560812479	0.928613708204436	0.6687027019658867	0.4515072964379847	0.8981255878955998	0.7381888404168716	0.6445756916656922	0.8963043197088958	0.9895084954140907	0.14185146975315088	0.9658901600632228	0.12209840665218996	0.7606632852721085	0.3205803567124167	0.254744999850278	0.9293481570733554	0.009613826631794553	0.45252307147361415	0.20262439607280103	0.6889137314545939	0.6366826002197729	0.0009521255428808217	0.35974090406836523	0.08236809150447233	0.6972916982358629	0.9375913586128906	0.14278313153469913	0.8495118994133546	0.482508649439383	0.03955588510710217	0.19032482376549542	0.7560839115030018	0.06219203111875049	0.6307291765785695	0.917630262962908	0.43931375951649876	0.05951535628248161	0.822488038045262	0.4335730492045875	0.6695689443587785	0.6957484453350419	0.8091740635006683	0.5270523587104282	0.3226334118903955	0.121924289532784	0.3263036722721684	0.020297288938634583	0.4302900249931798	0.9970957735919687	0.9581910871499912	0.5735513109913528	0.23635215869422155	0.8559158761142626	0.6570345669583866	0.6439648253700394	0.6367111243584881	0.6276149340087752	0.694418187825631	0.7088730561612344	0.622189822804026	0.8930217371063277	0.013958527401285448	0.5730087359665549	0.48388039155595286	0.5623757374419742	0.633945077463733	0.9528502391228572	0.13431457375690337	0.2477097009533621	0.19151881645245328	0.8401180181470921	0.6934164488162098	0.9494085323437538	0.3754672154244916	0.3852297612298493	0.17304898207666886	0.5013422570274433	0.7705279798033328	0.7696493543667897	0.04691211041079979	0.7279372835479777	0.5992530137506954	0.1894195829182237	0.2785257009874682	0.2940613660032271	0.29958818585895575	0.916237133099176	0.7258459123742278	0.9231942041958371	0.5466362472481604	0.1656368477719733	0.11186687272694884	0.7155674988027797	0.5978625753126707	0.4635939125693207	0.5809949376372544	0.030617188577961807	0.9344457794515677
0.4076583593311581	0.11398098426567405	0.9350988262090626	0.37050850308176664	0.2865706803213446	0.21258261258064826	0.43722802018947304	0.03933030066073484	0.9313707639617195	0.03820313077126836	0.19842289618815367	0.1661798719240889	0.8578834355115242	0	0.8611166517631196	0.49203485169740235	0.030054781074931425	0.06794362683885513	0.9963571627524472	0.40400092059977755	0.6170768214056033	0.08368430327798193	0.2251189785686536	0.500904952991623	0.5687129309519966	0.2901546406065578	0.5301730464811493	0.27397292138803875	0.34163367885429696	0.8923783912983706	0.5045233065260766	0.9895148694875219	0.3576791380414701	0.1367825576323749	0.6707273889116405	0.6765634201887204	0.5635014876453893	0.3519159145598171	0.5436946068285592	0.5532371740849006	0.2745465857949274	0.4356463110651625	0.3076476246605988	0.20655691974698032	0.4867110685480859	0.5360608548097945	0.48900930755346605	0.5047144697049497	0.9499895146540956	0.04662902715776396	0.9159041155711076	0.3945484636495611	0.4106031103817134	0.015159277547881045	0.6151509346730459	0.979997612976632	0.420239710326086	0.2800791271165718	0.696528771888463	0.4157110844728922	0.12904626557893373	0.8231399753355068	0.9453913639135416	0.04677666619801135	0.554184634717308	0.4483933231671108	0.8686452064497693	0.4114955592347237	0.5483506724181746	0.8683889476703124	0.057978996185575005	0.1965536928130852	0.7094956401759853	0.1885151635602994	0.25907831550755556	0.3429783283129414	0.8507228737907094	0.298867603654034	0.870112241205083	0.3801594407004235	0.3298122781838926	0.6008290948122137	0.7273590123454466	0.8114147634165054	0.23677873809583427	0.5797725946703548	0.16487197005261323	0.11945337316025673	0.9790634636401131	0.5395124465580873	0.23431833272068114	0.2747650092467523	0.4692383705281107	0.8429015957828329	0.11098463359331845	0.6921925322445864	0.7311051573050106	0.4490117830985648	0.019642412663886333	0.10979483474345908	0.46221516372709226	0.7666360280199787	0.15283871178648356	0.6626625768598624	0.9749101786112964	0.34842674474154	0.002112758348749688	0.44304975846642614	0.49815302285799556	0.39856529160166954	0.708416968340976	0.12266872433438591	0.03702973711183277
0.006515424625755162	0.6259469610217634	0.43654517106983914	0.3166631897953296	0.9699874929935398	0.3823963598275294	0.9978481643284126	0.7837180276035769	0.49622500908196865	0.24598594666648266	0.2731966025194018	0.4805089504492096	0.7897389450057025	0.8611166517631196	0	0.18529635806931954	0.22157539356046374	0.3011706495616788	0.38688299968531403	0.8737948074362285	0.9984927686997169	0.8644089098073483	0.3325632752237889	0.3988057318603	0.3322158278824324	0.3068120219213363	0.09421246555423779	0.09259721442341717	0.7401660535617139	0.481789679190603	0.5835283293219791	0.7374555695091689	0.24045153088841875	0.0393435958963515	0.5649131135651055	0.31754126046196796	0.8875861120830596	0.5628508292728229	0.9225667666633994	0.14522364198365134	0.617709839890778	0.25121127564403034	0.358911119926266	0.0982040713639637	0.7193928388792049	0.6269945030378993	0.2791296352940744	0.3117140695871107	0.4326905648391951	0.08939697069856012	0.8192966149763721	0.6555613076391648	0.04281460544680393	0.9036632265478355	0.3860536496209014	0.4171331325454667	0.7049400712575271	0.7983981127439266	0.4206890148132233	0.6428535563395747	0.5828259692299437	0.5975296010839071	0.6330826949709878	0.7857744595918904	0.5941380591378191	0.621485754531381	0.3893353416762495	0.7601339018615794	0.4421251222528	0.5177778965756132	0.49561649587113776	0.7647780456134735	0.8676149015933345	0.969837260475533	0.09228609210800631	0.4842510307547828	0.9549912758962129	0.5669036495155658	0.5441711018850944	0.703123320797034	0.6126475308773154	0.9885888575953777	0.19856761421175362	0.08265598835084809	0.7377956710328615	0.7596841064590221	0.3064259397513315	0.4842813822205111	0.4575557803773721	0.22028313436725266	0.9749043316614516	0.9998190596219634	0.24963764073724648	0.33552018503659065	0.7296316998859481	0.24789841273516233	0.6371164603185595	0.8547547744504418	0.40030946754129715	0.11871562856630347	0.45740708550566445	0.6839863443586491	0.48822977435639736	0.8586994593121875	0.5789480949322633	0.6406081809811002	0.9015532332040909	0.07784433628347298	0.4453406217688022	0.6993815660399735	0.2744709747497035	0.01996132216622759	0.679903389274816
0.2783147545158733	0.8412281339056584	0.4824165847931545	0.34423286725443236	0.06257824833923642	0.6711292489549621	0.004816876772700374	0.16734069320803724	0.9649793297658935	0.7438536057331463	0.6962525451169022	0.1116507535733221	0.9864857560812479	0.49203485169740235	0.18529635806931954	0	0.0014118126123207064	0.030110796647670357	0.4815149706216194	0.600753711391211	0.35125760990436317	0.34103214563707307	0.70325804249555	0.16812992811383842	0.21537272674906993	0.9175494940654844	0.7496925981415872	0.4280434490575754	0.15846187282268376	0.6079739014214404	0.814050007245232	0.17663774888998418	0.5547693746615432	0.41935379087766955	0.15131298242294688	0.6543742899695397	0.36320737823795757	0.6314027841365643	0.30235612771547615	0.8561480361266803	0.14600379928995533	0.3447208615113473	0.9646898131500071	0.20828684869310676	0.5583656450066956	0.2291710426749356	0.9936528563242918	0.29989874617679213	0.49954826111790407	0.7157603941021414	0.17220056430821895	0.9619579188860387	0.7419314562376237	0.0667288083496197	0.6552795499520754	0.9104115514323026	0.25496418647340247	0.4637978690896616	0.830446420069497	0.48960390423123945	0.6457318053487082	0.30044012774477924	0.8967489176655223	0.8609317841584488	0.6635074086934885	0.07699489778784152	0.6388419317700904	0.6834694161272107	0.9377924478578099	0.5415047240155654	0.7678059099577249	0.43503670861101484	0.7374172894796246	0.03749078672669204	0.6008868483331592	0.7960975542755717	0.09853508736572503	0.37580558889151705	0.7607755284032238	0.8320245281344604	0.28424711695003646	0.5374231157233547	0.8402290274471577	0.23002316037046133	0.7462010974439803	0.30343197133619215	0.9009751152787578	0.8049378789840678	0.8584641068281609	0.6190698309969825	0.08887636268909027	0.11023855966420826	0.718614064215448	0.44884081093328343	0.25531602538975307	0.9436017111781003	0.5264100915208213	0.7909991403844098	0.341428218254649	0.5066323989728705	0.5371437434474918	0.48009123256764674	0.14050295042095973	0.9394297445975982	0.6008622183333239	0.5286263108481388	0.2901072950613588	0.3635948614410224	0.1291835285561025	0.2659685598494782	0.29274654751852314	0.6964686103029738	0.40757096188280817
0.6185362073744166	0.048786832917988354	0.1406332436190979	0.7577900651252732	0.03747752152315609	0.2389643048572977	0.11144021148580407	0.8446445369063559	0.21210658663179194	0.8081065516247503	0.7854643008578432	0.723497024388666	0.928613708204436	0.030054781074931425	0.22157539356046374	0.0014118126123207064	0	0.3832156835018772	0.9410882205011148	0.7626481868270587	0.009339940982251438	0.27459123075995207	0.30431500566860814	0.944248184118068	0.04937768661818209	0.5065978677479541	0.7007166869928354	0.7926614401578715	0.9690206704608062	0.9739667247108033	0.0635980149593941	0.1617191988887311	0.26998659895123145	0.7078552738991253	0.2689033207747462	0.23465562157319653	0.7554630602324379	0.376412674179178	0.023954639553610213	0.1570747525187377	0.4333550421954071	0.40588891519843473	0.013806445024226788	0.928462114616535	0.7671253605137638	0.966110015938806	0.019711752532783233	0.42751572667628823	0.6671811444501277	0.3278332237132606	0.44845782095042974	0.6720658110281101	0.017936380042296918	0.46943330134481265	0.6301685665934177	0.9744232587644546	0.22639313562554464	0.5954602218039167	0.5862948233395718	0.743580335669103	0.9765712149017834	0.9605478765817281	0.28615166375565204	0.78372446263739	0.30266662599733996	0.3417677066611553	0.8515118253144893	0.23349808339078404	0.18635116932619067	0.2469244414349946	0.003692286294799896	0.42422382864240826	0.621058178597836	0.28496626608229103	0.060882838346953294	0.7270757025229516	0.9553503027458252	0.3922668982291996	0.2148132008750393	0.627670536723419	0.7673079059099064	0.9493411798186873	0.8730532560993814	0.3454110939668191	0.14303659987977624	0.0555945565680932	0.42510978807030897	0.3898273374097797	0.8623028464615723	0.09108781688344025	0.5428692755167891	0.43150974215715476	0.180889000740465	0.9863235711829984	0.05289845514452374	0.2302479037223496	0.6666037253809999	0.30470088619616464	0.5711516417606736	0.46901219333904154	0.6394634127919783	0.9587360155786053	0.8178049480932261	0.12848299384607853	0.11036478386681403	0.31451645399649353	0.6207200672563429	0.16210931271880635	0.550311896137362	0.8513122098789371	0.7232891318264371	0.6192988581676618	0.12109357668755405
0.5742721538762712	0.12327968018616908	0.4509318285750472	0.6026334048090916	0.9763864831649948	0.853354279417976	0.7318764660707197	0.48928909836916346	0.6138423258458863	0.24706347602233147	0.5713787111394556	0.4998355394374876	0.6687027019658867	0.06794362683885513	0.3011706495616788	0.030110796647670357	0.3832156835018772	0	0.37231917877599563	0.09296522764300508	0.5415687021443351	0.8176519423735941	0.07531252664745192	0.317847028861724	0.6145596276621706	0.6976718031822273	0.15220689621175687	0.44524988562085266	0.7963211090076125	0.9329701237416506	0.4823782667113411	0.21526429914708978	0.12152236970687424	0.8165902671994758	0.13362319566297376	0.42396857842973923	0.39189276854271815	0.48984045758471717	0.05633767384633426	0.5708309249631303	0.19160518606500487	0.4210416935863963	0.7540254712766077	0.011858948294971139	0.3174794384902927	0.4578963049409749	0.4407180507817714	0.6722183208421788	0.38578052009445996	0.42832564810640894	0.54650856316224	0.1708388238361337	0.709481707516436	0.4951678839966276	0.5383691789933434	0.47170500221244116	0.45706073375423073	0.4709294074106365	0.7108601321115304	0.24787099949322378	0.051306603401677475	0.004216250195550053	0.49207714718540685	0.013819380516810087	0.7596731328466496	0.4945624701760102	0.06306637750215338	0.23739867661950753	0.886949651592062	0.0619522285675691	0.42648540022674286	0.24420012614586406	0.039962133504949926	0.959686241484873	0.5588914036678336	0.6537822091603294	0.6448169676824086	0.7411682218590562	0.44920224600217185	0.3170774263553495	0.4489928926267249	0.8614174117116632	0.5043952993755109	0.6126857467417608	0.0704323530299239	0.5749559330109685	0.30352614662485244	0.22162753726526352	0.18897002885732272	0.30196276154496937	0.8912554885534011	0.776651076696179	0.08945809676517036	0.44979678139739154	0.2906184102132946	0.7869507796203976	0.16244535793088433	0.8192270252631435	0.9434073223323204	0.9677615362366906	0.3243762395891149	0.056058482276307275	0.7034481561743958	0.6100600091097391	0.47538827486314505	0.5731365120958519	0.3203348840250848	0.7833382372414026	0.8906168103068431	0.3833498513345831	0.12071585849018684	0.4356687043752837	0.5778003353844459
