0	0.22904786524879028	0.36066975872733864	0.11266780472017346	0.9812693826021787	0.4008677476828335	0.5874171196226892	0.40947296429598445	0.31885785685549994	0.39721578368843224	0.6226574113332977	0.24071635660041102	0.40064048634601057	0.24608180385008083	0.7738689892850669	0.9412549412518193	0.5813531966131904	0.8989149999865488	0.9173595811502	0.3809745960212795	0.204485279143246	0.7677147880613084	0.4748273538175911	0.7537438965613618	0.28504934652099734	0.2578368951673353	0.3728178008248939	0.7747753754440854	0.5942380405891279	0.859726348211293	0.3962023954627384	0.4452816412542684	0.14242961203227067	0.9230048249951237	0.02130790918658787	0.5505833114705316	0.7236727001673758	0.0915814009493845	0.9901874431056482	0.042970032659926605	0.6808379222995075	0.7935468252880096	0.6041904561874155	0.5340553014597701	0.5599602844890786	0.21616672963564476	0.9718226593503798	0.08170637546174886	0.1796370591826001	0.3314555379997576	0.6664593145399041	0.8934408720242336	0.8490244197051523	0.2634438869587733	0.6036472508023983	0.48054567267149484	0.03835476486781875	0.9794579925180881	0.5255142447626557	0.32704529122291415	0.5034321241520878	0.26276342074834147	0.7006351877702884	0.3443516380988497	0.33108775766463927	0.016710155119558534	0.46320052335949335	0.5070485530541082	0.6292200835352484	0.14309691290044135	0.3492257994237704	0.03702291825538073	0.8897693200771664	0.4395800761518579	0.9334485658500569	0.07404308422346306	0.47196065512363694	0.03188389882399445	0.2118411007854757	0.38356313934046515	0.451956440276151	0.46344808926776626	0.3345121745876011	0.44859468241568334	0.5449159856596694	0.3213148494624761	0.18222677440819057	0.3672873991136839	0.27723997791584676	0.988364625149888	0.4575801234377559	0.35770672682080207	0.2379269780130654	0.4843851663027422	0.2764710730330592	0.5612588516702497	0.35592309859184434	0.25659977438545556	0.766891985734774	0.5637632918029191	0.09734954989750644	0.3649045441225166	0.07603215900299998	0.7548344435019096	0.9326221592193851	0.8375723732334646	0.9101890044030091	0.915052945192996	0.49362526387269756	0.47982490816565715	0.2572862426461773	0.3880308299572639	0.14975830205323626
0.22904786524879028	0	0.727652997930021	0.6077706500651892	0.06374484132173142	0.6621576689918051	0.05857857034124647	0.7035007684524716	0.6965302607163458	0.3446761470475389	0.2873516128170027	0.4681674053524184	0.39158806690657677	0.7744714544443482	0.5046132281136521	0.8056099595867993	0.7447741126543249	0.8541106483620797	0.6756196694215513	0.4504669943107773	0.667922627858278	0.3163078852749627	0.21090112586274734	0.8534589210396126	0.7498268135209272	0.7229202776179169	0.06062673423151543	0.8678086530533867	0.02484803125579016	0.9611502945695181	0.2075695351164415	0.4559833990387805	0.484359725571718	0.15817744117120824	0.8026072611814234	0.7756441783969179	0.16549511866315725	0.5704380004898955	0.15220496738359868	0.25337450598795175	0.4367925724002799	0.8862255014162581	0.04365148005193353	0.870748967461284	0.0727291824732873	0.6080465757065301	0.13609327194776888	0.25683213692344076	0.1529777387968434	0.5507657341445339	0.03867434739281794	0.5954497466296109	0.16009538149229852	0.30668713303828854	0.562880693236989	0.1522099070763141	0.5212324030580957	0.8641590142461139	0.3606964483013444	0.3567238070063521	0.9719482364283794	0.06215203559371718	0.9072049774403292	0.002041915097316882	0.5715076367232584	0.7262637994830856	0.7810013266704823	0.7315739033205022	0.9495535956357871	0.4477761869168324	0.5836466568258206	0.9910346275771761	0.1381450462850936	0.4424002842581719	0.6838075386849901	0.28539968262699833	0.9312193105901905	0.502962240978576	0.41896036689477134	0.5746819873743857	0.010268850517850092	0.27859480384589275	0.29401728155009743	0.7213961376931783	0.04984165686378805	0.5821392617788534	0.3591307615296766	0.4276168431563847	0.336364887114846	0.5733130171310262	0.9676102886635413	0.7176275360382747	0.9748215089107424	0.7802413917685772	0.573021092205848	0.280294018514642	0.26195374019972617	0.7870831563858012	0.5829827458499398	0.36127579759520545	0.29417820748627854	0.758476107418809	0.11779320091656764	0.1101069031849955	0.898312424855488	0.2294458257116292	0.9972393655655987	0.34676474416479364	0.04392603688795371	0.3005872945744983	0.6604506876244987	0.6263164726789551	0.6092730036438608
0.36066975872733864	0.727652997930021	0	0.8157494617717946	0.7999597483605283	0.9655859092365153	0.5956969682751154	0.038934984356236324	0.6766269085776974	0.6299780448844986	0.40123280197134914	0.8643274193156981	0.3057862854176847	0.6571349595428779	0.27990013312031337	0.2453135274991607	0.2147757360942224	0.5788035516984564	0.8344422480676484	0.518997711220284	0.02611495719842427	0.14600350424955855	0.45385055048520784	0.8562053558025793	0.3847417775684091	0.06398143562752612	0.8586196323796969	0.3993155237940038	0.08980815726062175	0.7260260934315251	0.35176277297959824	0.70718384698466	0.8625945924599268	0.6056135512064849	0.04892511704059377	0.6955008564490095	0.8690584541941728	0.7072941911874999	0.9875652881962398	0.13212076491086222	0.263440912687842	0.20847327058638454	0.00512720079521467	0.8298035645542807	0.4542962183945334	0.7473698708842251	0.7033960104478382	0.31269321458179833	0.11286519007579576	0.4432022804087907	0.6809099450932585	0.5503186493243549	0.9961346479203954	0.4426541568245518	0.5008291188365146	0.9665605386018228	0.4675670853681375	0.19190616593380105	0.0274776796056323	0.9939426905892575	0.9430263840273768	0.6484253909960368	0.868539927500128	0.44978191269201295	0.8684933660449315	0.7757793456490171	0.10318932205744913	0.800173579189442	0.5246960535169243	0.4817625922750398	0.33395252702067857	0.5752386917741519	0.18196243344554386	0.46587734502026656	0.49329330080420397	0.1924077789080535	0.1387666804263512	0.6083614827593026	0.038159252230825835	0.6450160032687451	0.67660085397602	0.007748495270139544	0.7341304546250544	0.19817227056649922	0.23309721328298827	0.33327966809968057	0.6838410162969587	0.8809018436474954	0.4004675887173751	0.7001543159614854	0.4846794851581111	0.7704335960094217	0.03727782343452746	0.1138846645216064	0.09195466630114768	0.7942373084029783	0.3862902944313189	0.3515434963966768	0.2713073160673307	0.48804476368239436	0.35618440294895815	0.9870243132612619	0.13010194338474568	0.7809369326957081	0.10319972218119722	0.3244614902508487	0.74242358563094	0.2982443911596562	0.6883121372545798	0.5130383773212513	0.9195520962752017	0.6714332177120313	0.09700852167201146
0.11266780472017346	0.6077706500651892	0.8157494617717946	0	0.09694855527519353	0.480900058953848	0.44252329551803626	0.1034356621687973	0.9424639223691477	0.36956758530952927	0.6185371979337375	0.5987829775012421	0.21080232417574818	0.39304929971948555	0.9086002761494766	0.8885929544150507	0.3337154287898514	0.4952039422218647	0.8450795771389492	0.7176697232619456	0.9867983587066148	0.9984539156178822	0.4124631144016915	0.7933831766179167	0.6769539134817609	0.8040249095455078	0.8722722380508452	0.42240437926020324	0.57342115777828	0.32013070214685535	0.8618366933985001	0.22671342562790486	0.9624496175014388	0.31505391502596136	0.48847735785140345	0.8178226183371682	0.11293361728687701	0.7691400163796149	0.009086951904489049	0.6919511172614093	0.9416611029109644	0.22421648595352806	0.2887268134067297	0.7708535548298157	0.9940881041567636	0.9759203336599854	0.6229948119307398	0.2866142900102898	0.19344726041340132	0.12429414670890138	0.9049806673006299	0.8160505042985735	0.9520551969123922	0.08916009921447832	0.22370835398659095	0.6356191471592316	0.93618946849652	0.17815291514819875	0.4029516207338202	0.8958208932697066	0.26419242491067885	0.9696402099965045	0.42044434489913185	0.007295322522542946	0.4464884096455001	0.43287474045367225	0.5082886122325985	0.5408984090982494	0.2976544305202652	0.526029552735233	0.017308603059202232	0.9416151093867269	0.7097110476297283	0.5178743454195825	0.06395017458233876	0.8477453257650118	0.2814104644664015	0.8841363305661416	0.49937511853069594	0.7883785534126522	0.6966118959138236	0.6396463216414292	0.3018974062210902	0.8186411762157632	0.9653895156484731	0.6150715941111607	0.41930368038850685	0.07262886173339056	0.47177857955324065	0.7839226050672045	0.41819664001978796	0.8681375742710435	0.19517018697553912	0.05256897727461862	0.9668208556591964	0.9772715321344011	0.11904081800612609	0.7012319893892958	0.22452939206292766	0.6104642349063746	0.46956343610614915	0.5768597223143576	0.08292021856204423	0.7899105107229222	0.11461514113670956	0.3917766059474561	0.6444953774918891	0.3886942219988495	0.475847705387882	0.7265871892976478	0.2951973584601849	0.726994151451656	0.06382152762407134
0.9812693826021787	0.06374484132173142	0.7999597483605283	0.09694855527519353	0	0.26411228654235863	0.5334076871490231	0.28225710879815724	0.4087464685074109	0.15654753849583714	0.781738553313257	0.9680153247534087	0.25078110263214226	0.8902162562051695	0.46923525123233756	0.7013131745347309	0.10964186187291813	0.8089744337681497	0.8446724737074551	0.3753862007262935	0.7567062851535543	0.7957042483830251	0.09473655591755525	0.7531765352576506	0.7078552314810748	0.3479460529670152	0.0994546433386061	0.4412773528528787	0.4250586046394813	0.08540723944125828	0.20512040438270585	0.9651714136484955	0.2757085678021828	0.4066630261872094	0.42660072273127947	0.4772442871898349	0.19913194812026458	0.1995174001199539	0.012307786146086408	0.08618745734180666	0.9356614720704783	0.8002890652605728	0.06259309337327335	0.7433576890822111	0.7996972764759709	0.3617828960706033	0.631953142740481	0.608616846153958	0.3830850280040835	0.003719921335029963	0.4491006186945643	0.9834475588376335	0.6194022066206176	0.08025253186454895	0.3527610832231428	0.9876220375329434	0.3170482797679073	0.2550969840533044	0.2191237295913141	0.8163443333363466	0.0254637938438097	0.17579196078568649	0.280079904596476	0.7610400399812283	0.1517841111548075	0.16199916325619268	0.8936984859966723	0.435741931239383	0.4085183674648293	0.019191710050920685	0.35648000257330303	0.8398857953558204	0.7865787225651526	0.8821654765522129	0.480751012439818	0.4182062430911958	0.36368911391671965	0.6970254329233742	0.45338004755534456	0.9904859785123389	0.9989401433164182	0.46817543059353595	0.25369573584565863	0.948990430394402	0.14541465366431872	0.8957908674407492	0.6773321912848734	0.23314089066006494	0.8206476235197477	0.12960131417907317	0.05870629389173976	0.20869819190554983	0.11282472882769656	0.029411992061022962	0.09652101683095149	0.6844003747542301	0.18998783942308506	0.014935442596105353	0.8933707506595397	0.5563918425249688	0.37785338321073203	0.1285645196550146	0.2339404237439644	0.694281693963803	0.5698910448375928	0.24267324946543667	0.9581779519964249	0.12333305350666335	0.49516837503245836	0.38725920007273074	0.9818670078189446	0.0668393636191611	0.46139520743442497
0.4008677476828335	0.6621576689918051	0.9655859092365153	0.480900058953848	0.26411228654235863	0	0.5922478149248968	0.1531149012698717	0.5807789413659212	0.07882936473552582	0.9148754272943517	0.4245798944447935	0.6051174343861775	0.9269374991815645	0.5229010357616194	0.18631851894975715	0.46036995544641623	0.611091110859604	0.3772058424220792	0.29216607622853574	0.04590212967756846	0.024029938108204973	0.31416650360465725	0.2073428882257501	0.784042754202644	0.6487417084590845	0.8034713474933233	0.21087426760715033	0.3753920514743211	0.541220759117163	0.1549992819085736	0.017129854804550093	0.8111653049863327	0.06076539293398586	0.00255660217661835	0.6419143445315529	0.37720276129014685	0.7135812929996322	0.7772146095868958	0.14220315564864394	0.6299617930185393	0.5303952408417812	0.2941083493632254	0.10664285408708818	0.7820552255321547	0.09673102925401689	0.49134668022720374	0.46820745562846333	0.49463256471197437	0.4061969303974814	0.7559698304104984	0.8012398974894672	0.8326390208655639	0.5426626385059224	0.6488028989285239	0.24553955827298257	0.8906312948741886	0.7352967262204236	0.06461876502004527	0.15371262164331145	0.019476478577425183	0.27104429207875447	0.1944805956789647	0.21160815416718282	0.5756774671840086	0.7367175705297295	0.32515202487882666	0.46885517103743635	0.31981358642779767	0.586338774090058	0.20518627114542576	0.7454882444908527	0.23673693677104446	0.7053855875414006	0.7985926160600489	0.8066155694848663	0.9736142518867651	0.5298430333301439	0.47570626198637445	0.32434477785593807	0.8224466269252921	0.7386449615150478	0.7570646653776082	0.18701500478883648	0.3072191592780773	0.7849029986231137	0.5605939982770362	0.1535228204892013	0.2534807550991941	0.9685374200810998	0.4343166939419121	0.5915147824110337	0.9011765035433134	0.2695333664579327	0.746208809093198	0.17796184948065452	0.7629088000653125	0.252488986381613	0.17631865125553414	0.8663154319514361	0.25698652129265	0.19727658883102672	0.3934552902281653	0.014516364852371177	0.29884447592919716	0.4442290488891363	0.11636502173238616	0.8617074829482222	0.2989372591590772	0.05631179025817579	0.09749028601234344	0.10945265818448169	0.5381085728228553
0.5874171196226892	0.05857857034124647	0.5956969682751154	0.44252329551803626	0.5334076871490231	0.5922478149248968	0	0.3000533673618133	0.7069547351437496	0.8588012184319544	0.8984723383571669	0.4155401499934681	0.9517435703196301	0.04468673031909465	0.11917410889023772	0.3531631790129579	0.6153698439684203	0.023995221041448134	0.9295119662634429	0.5643162639308185	0.7442730461163002	0.7152597875068932	0.48928971788747944	0.09835386263876467	0.009112114929809678	0.7401391094044971	0.11319972318884175	0.05729186403148334	0.6957789330555703	0.7715975966128967	0.9995635451033068	0.4888502379207317	0.9206406294730519	0.2398266522060548	0.20041892408989714	0.783485445029845	0.25111180402126454	0.8916150844892721	0.9660862939436997	0.9439793791027197	0.799439814574434	0.30779314322842066	0.1419496169721728	0.028907158020240353	0.2508500135722187	0.2770758409151912	0.8137023299504307	0.009655786308423786	0.2472105474051587	0.3013384310325462	0.14969085690113149	0.9421789785592907	0.5787246367228431	0.6795005578922542	0.07698193876404447	0.05111236118211415	0.017922867776394846	0.2714937358701458	0.31082949065454	0.8616879953743728	0.0703913145799453	0.43803600613724314	0.5783892199780925	0.39771048383708096	0.8459283011477325	0.5745633450620657	0.06774513819143035	0.526637159149656	0.7787493609420851	0.9051180546717258	0.9953501304006349	0.05929988851346113	0.38089208290633636	0.3256078909340049	0.35301615557133414	0.25159269310089705	0.5370252489142942	0.8300604174433033	0.023442460348902294	0.045797512378398575	0.1502350766456252	0.44841387647167075	0.6859039773421992	0.6727015116936645	0.056410572524842606	0.3088082131956158	0.727990310461452	0.1462800543588797	0.10972320629516263	0.6821593385261	0.8915896788774474	0.7651896327384197	0.06729771820478014	0.2781800507668283	0.1076756955898871	0.6578871667248569	0.12418267758338652	0.39610514787143025	0.8938900768461556	0.13951888584201	0.695157094234986	0.20532047045427948	0.39313325378103237	0.2109314175322643	0.09731796711720653	0.6478476206693767	0.2535496109591915	0.19476203615912702	0.29708112533821296	0.9764931976886698	0.27904807585252156	0.627609102633853	0.25647522165205483
0.40947296429598445	0.7035007684524716	0.038934984356236324	0.1034356621687973	0.28225710879815724	0.1531149012698717	0.3000533673618133	0	0.10881165451341501	0.9112074600711931	0.6464429490065349	0.708229615862372	0.12147817576913011	0.539191294863482	0.3745217286066189	0.3182566360387794	0.24381658224404057	0.0809277271344766	0.9406709846402248	0.9786636495993049	0.49347777713382146	0.9150071506001676	0.8175242770888587	0.5841947571243724	0.5286269435626655	0.3684831273423991	0.20501784039114257	0.2775324882032937	0.9176031236594883	0.07827367458295653	0.8228324167880354	0.7272342252747382	0.8718864820270231	0.8410315982229125	0.07100055150286544	0.39930511525819035	0.9747425949229097	0.21283299792557897	0.1659545697298499	0.1361614328702837	0.3921766927018133	0.6708478969227005	0.26211692950783516	0.8321172119138224	0.9528187130886125	0.22555767013453798	0.9128582498917828	0.04928184677198977	0.2099430793622976	0.3694654664092615	0.2878628112756425	0.3831432454348288	0.31296352601391386	0.42993071154689977	0.1916107376612377	0.21233500074860656	0.5391939197992173	0.9696345535624048	0.5097689553448187	0.3052187580350437	0.4713168487478425	0.9658233930727026	0.8986787118384175	0.11539630507395304	0.9997185394474026	0.22071297355327002	0.22300680872836454	0.3984612850684831	0.7003376991584819	0.32524840968336755	0.46794462167633843	0.5704965124171596	0.44319438285168833	0.22943773451811666	0.7766226965681493	0.4946130926527694	0.6247945715273634	0.3165319754633453	0.8310375271887495	0.60295046929792	0.9409467261049396	0.032024145673883564	0.7624486085195112	0.453215611350131	0.015083122324520581	0.9493522722261778	0.42132378114651103	0.7923311904962348	0.48953962779758964	0.5535887241121346	0.11993942807649827	0.4745524236903972	0.5163884309090315	0.6061881713920401	0.7561866858918121	0.004012933985406364	0.285961087499491	0.6622758054688963	0.982474085759638	0.16273080035090737	0.4411468013065737	0.915004260645749	0.6881340783277102	0.5281622641994874	0.9822560047314514	0.712597739613638	0.3964020907776348	0.7095944803392268	0.4153129565456959	0.2850936462918835	0.6759173239939374	0.039738031517156935	0.5463287785749896
0.31885785685549994	0.6965302607163458	0.6766269085776974	0.9424639223691477	0.4087464685074109	0.5807789413659212	0.7069547351437496	0.10881165451341501	0	0.8324901393004859	0.3893599363003414	0.7013332482192909	0.5002043233145681	0.4868532090877826	0.37502949280831455	0.8165557854340298	0.7406885613028407	0.01177329383563619	0.26321137564009056	0.9655882584516446	0.13826399628215835	0.6274540605016694	0.2966098737986056	0.33141472537532257	0.3498754403332557	0.33837544912242645	0.554371877981408	0.966918220855684	0.5836812363127373	0.7898780180623475	0.9419700493834108	0.11559868802702333	0.09594490222870644	0.9457532927334387	0.304981443343994	0.41810288615955415	0.9646378107082478	0.8150990684241587	0.16207446341806575	0.6534754419203807	0.6810688448451578	0.22170282824256626	0.06039056245319596	0.9370960627613623	0.9213190711981109	0.028614299904554774	0.418150820079242	0.21501812303348744	0.33789547760540106	0.4024993451382899	0.6816296826619405	0.9230771716093104	0.5064683132352537	0.11953347611707099	0.8536972903278901	0.9302406405494714	0.1279837715467289	0.35137657457247173	0.3347743839445275	0.38919283232520263	0.25271746736190936	0.4903809715346701	0.2257928919130493	0.882058247272537	0.1325670709511717	0.6023707413198521	0.689434266592985	0.9910002346793585	0.9711265258212926	0.2644115791698918	0.7243363145588436	0.21117982957558756	0.6860873474966317	0.8776266954668569	0.3653329142841092	0.08242375629231213	0.46520072406210433	0.11751934091610783	0.9556683616907564	0.8530573609537355	0.5677088674207809	0.41465666338825347	0.8913960255294543	0.7823185566158213	0.3146571855308774	0.6349343276730802	0.0401868232378938	0.9918264181844227	0.3441060353830807	0.6241229834759109	0.49874609145413007	0.6468363013513152	0.09031431327474937	0.5765478858323795	0.5930726663731446	0.3642286129673269	0.014948376982430678	0.797424021434834	0.6752759410039231	0.5675817477124396	0.8274799390976098	0.856873435551419	0.702432558529795	0.9260690817034687	0.3568539199856168	0.6882536454302766	0.304424984447508	0.6099486162038663	0.7755694250264091	0.45376256046965713	0.05299414054722673	0.5064520299337223	0.8344613565212284
0.39721578368843224	0.3446761470475389	0.6299780448844986	0.36956758530952927	0.15654753849583714	0.07882936473552582	0.8588012184319544	0.9112074600711931	0.8324901393004859	0	0.857549693725804	0.9041855094788861	0.632000496818315	0.7353740217436244	0.7275102355802922	0.9180021752291058	0.8809967684081272	0.10237027549376032	0.4075437945499293	0.7672652044303593	0.48379233175552805	0.3531073374731294	0.6493739264751885	0.7843715783939224	0.6443230262345764	0.49563560546412	0.7460502672654761	0.24720196469574385	0.3704227110772127	0.6575933034111324	0.27988356378819335	0.34729848291712273	0.694998328123032	0.988271585028375	0.6926844975789648	0.052433229181768404	0.9339442168082108	0.3766554374977834	0.8051967616825773	0.16579757641524984	0.41010113918336344	0.6397474065072889	0.6257392584096956	0.9557183054813903	0.46924476451657293	0.6815538433958176	0.5863101361414249	0.22143937239702727	0.5722058681578167	0.5229133750187999	0.029076042763722443	0.37802975075089273	0.523560006238335	0.8577401723825603	0.6377613744570301	0.9257500442288937	0.5998152839661162	0.5524941301789834	0.1319411392411216	0.9156108643168815	0.4619244538114258	0.5127900969976493	0.49401475653922367	0.5359293537203569	0.7428795480189453	0.5535211915974785	0.3659199113530982	0.952341078845251	0.35812083628629543	0.4587862087510103	0.15037483629841086	0.27778855780949785	0.165247927845533	0.8126009531055204	0.3115323992588076	0.6477396272926602	0.6555963396683377	0.9827496428156567	0.08817656407520091	0.1430599045702654	0.20717996910390057	0.03702410788981325	0.01642250584129279	0.6628485782369418	0.7817347988390532	0.03087272929251561	0.8579286108531411	0.573963903152068	0.11350532422255055	0.36513646012351164	0.1990459561608502	0.2797055533517726	0.25087768917205655	0.7530933068592531	0.12113930425217412	0.20646399793879677	0.28146168953389017	0.26767587168981266	0.07549129066026572	0.203741182691625	0.28250892380468895	0.5241649760408954	0.3366780342336224	0.8056316809403572	0.7109804130363472	0.19716060521587164	0.2969233613471034	0.8802499452620475	0.5369740526198716	0.7194653044340826	0.34926220327835333	0.7223576479352218	0.4609780107455087
0.6226574113332977	0.2873516128170027	0.40123280197134914	0.6185371979337375	0.781738553313257	0.9148754272943517	0.8984723383571669	0.6464429490065349	0.3893599363003414	0.857549693725804	0	0.349778052195851	0.38447933402201895	0.4004621389833122	0.12367880324354186	0.04524484617438418	0.5381031091038861	0.6159036711470333	0.34085185207879476	0.4017958143302274	0.5548828458689731	0.3943554946990062	0.6200938063320544	0.5615814082574709	0.6348196191240577	0.40446985383092704	0.40956483924032516	0.45212637029722313	0.16912782748064437	0.0005299896345025701	0.998312632442599	0.355951490059205	0.1310137457733166	0.5692520933064698	0.2510445283556334	0.7889877615793908	0.6195754938652928	0.9250391180455929	0.5240040071854162	0.20036254011974952	0.19182651790330996	0.871277896566017	0.9035678148608239	0.20965004114124097	0.4787214575934987	0.20088814662093912	0.7996651266839222	0.005954617020699549	0.9744572515416837	0.24933987185719086	0.6056890042388512	0.266304971537382	0.7746480694245801	0.25865797753996544	0.8006753643562851	0.6949701914559305	0.6000788807452876	0.29345810927733706	0.819515810573219	0.5219511100462523	0.46166418313857427	0.46458666570600915	0.4655284846954666	0.9787602861272274	0.17663647415696615	0.5191695501731879	0.23110000582425938	0.9419681020817623	0.013957853499113382	0.6567645920359028	0.5803585386093646	0.7570236302781395	0.5773273360465319	0.365676687295712	0.9910759906311615	0.6473241036642132	0.8525726250004217	0.19217072764498622	0.24713475101576132	0.5976251483806492	0.7985212834316897	0.5657451611508478	0.6142301885965139	0.6719971081638211	0.5925917016853128	0.5241708014960244	0.6463486636748036	0.2243172105158593	0.26556650915093005	0.3489965873265791	0.9656100448646608	0.16320672613392662	0.9298115745562672	0.6594635051329011	0.014555604635036912	0.867573860269946	0.25055709949408245	0.512292951354153	0.5022358499081037	0.3704357422233914	0.2372162232755557	0.8849061789637632	0.9855216884948589	0.8482606932763778	0.5280541779284517	0.3858795415773555	0.31535186586977104	0.9285736363172737	0.13246030809561715	0.2223660918343484	0.03492700201912391	0.8062746812157792	0.7425462949867546
0.24071635660041102	0.4681674053524184	0.8643274193156981	0.5987829775012421	0.9680153247534087	0.4245798944447935	0.4155401499934681	0.708229615862372	0.7013332482192909	0.9041855094788861	0.349778052195851	0	0.029969545327794056	0.20195563716885023	0.15428509572937932	0.3352412873432009	0.6723402700086346	0.3041174668189196	0.907716350619982	0.8496696869031093	0.2775237520156931	0.8504280568053701	0.8938112269798373	0.45114897349850225	0.4072562763684756	0.7157887482274494	0.6612029552713975	0.7375179908051818	0.32366078573993906	0.2726631885156243	0.3330331794552851	0.8318720309803911	0.15063922508639715	0.6394093244903026	0.5227380719910921	0.5514922397059403	0.16230914904285976	0.21288023631169728	0.05754854047877367	0.614694139838924	0.018817193891355943	0.696045546565418	0.7393757602270294	0.918092608406626	0.9266786996834736	0.05607190941863016	0.5044614175241154	0.8634066014373876	0.14330934450455846	0.4207271079707706	0.8772796389443085	0.43262136652832084	0.3837199849949119	0.5368666330634965	0.3360058012209579	0.3792548152069116	0.20092377389956706	0.4086900934635834	0.38995297356434677	0.9134597203699232	0.9884304535379168	0.3469088726740771	0.8347824126241222	0.10946100938592607	0.4551471904895611	0.6950768088934228	0.4039318251891305	0.4974922320273085	0.32728345671162595	0.73174041852752	0.5773338375757653	0.31582927260826177	0.06171428201641094	0.2987891093814432	0.18603368156120603	0.6605339873874172	0.8253442924081649	0.05085077842773711	0.353892184505603	0.9516226727124772	0.4322351393231063	0.6618413485159412	0.4554814781489963	0.08112270308736336	0.7047672840394771	0.06455389547823231	0.3893772560422818	0.6041695213429563	0.7817577118906202	0.1612395946301779	0.1597838679948712	0.2725519239752455	0.9399656280522133	0.572389774871927	0.8343811525478388	0.05765980679825666	0.5001714356721896	0.542132255299145	0.5210686422112487	0.33042398781881865	0.18491958859680568	0.9763205073003177	0.24089223286791306	0.20301318642940647	0.11763361831003394	0.7777800058949492	0.690347972053598	0.27471888730614646	0.35538459599035555	0.494623622619914	0.8599795854635585	0.74903478712574	0.4448072754775818
0.40064048634601057	0.39158806690657677	0.3057862854176847	0.21080232417574818	0.25078110263214226	0.6051174343861775	0.9517435703196301	0.12147817576913011	0.5002043233145681	0.632000496818315	0.38447933402201895	0.029969545327794056	0	0.8861973843233256	0.5134390333160193	0.7713895074594698	0.9401645157981008	0.49691259615233085	0.22981637343275618	0.3864237345986272	0.21793755545716076	0.5944834251394666	0.15394048425456153	0.41602806629540334	0.44188345526866746	0.858523698342308	0.047856223048152846	0.3039692373922609	0.6854299588517052	0.8453559704569349	0.4157471825319188	0.9916486415147419	0.46742535791722517	0.31745709478234185	0.5796429341976175	0.9796753966744778	0.73924700826075	0.07977188682352254	0.1422487951992445	0.40912798614268076	0.9658329894148403	0.14607888478732234	0.24601518427818303	0.1059124848191384	0.46238618104528983	0.08380018366537101	0.16949720612543384	0.4613232383279551	0.5355410729608304	0.508265457411126	0.9494472055910282	0.9619852507854932	0.5855583058253575	0.40754081885610693	0.9095976233812636	0.5189311501642802	0.8088954777149424	0.07992129163571304	0.902714538200293	0.6757952717838402	0.7173689783473358	0.991443665756556	0.4470900799788696	0.2875011782012391	0.6536883356410171	0.15241364837260185	0.1770625831627265	0.962652821167319	0.7643894566674677	0.036614375010690314	0.39982532990176367	0.9677981799772958	0.942425407011827	0.8702642759059813	0.29813801744203905	0.5433972494965142	0.12802772068506962	0.5516914817524503	0.0768669916228295	0.7511138360338756	0.9555021196377449	0.33036055574666445	0.86469518295012	0.9831199988205295	0.4873798909869903	0.376556663908561	0.6208638034504911	0.4649164903622447	0.8627509390103075	0.3241267410166869	0.15191251556640772	0.7587895303476782	0.6981606323413897	0.5717736762290118	0.431662506408499	0.749047088875552	0.5241038726713222	0.7873930526645166	0.5886519437040633	0.0642395943058145	0.5024087413337651	0.02936002855906472	0.8880752215164246	0.5278220944940764	0.4178685425633365	0.3741659180731488	0.14602356267951588	0.2088959309166104	0.943688677703563	0.7823686102606481	0.08037750301605417	0.3641193896847369	0.06675471506486808
0.24608180385008083	0.7744714544443482	0.6571349595428779	0.39304929971948555	0.8902162562051695	0.9269374991815645	0.04468673031909465	0.539191294863482	0.4868532090877826	0.7353740217436244	0.4004621389833122	0.20195563716885023	0.8861973843233256	0	0.6604664174555099	0.6215097075459293	0.9281264789204151	0.3210179706049442	0.3149383439694754	0.3368201904502527	0.8655386797703203	0.6493834162129117	0.8808967285476808	0.10787708192512768	0.020506797562761747	0.736132379176993	0.8800723301097724	0.7956089018850713	0.9208835103516939	0.40725446378065555	0.6076090291583766	0.4297470670574518	0.18188131575433297	0.09523537868780119	0.1570269981987351	0.9854388638806075	0.3466616579040416	0.5343165504752703	0.7410378557488378	0.10701535769824921	0.37546173209699496	0.752317583868551	0.9462446026207076	0.949082534582178	0.9226855779878624	0.9681815197893906	0.7336347890427874	0.5560218505538123	0.6136603548907369	0.4551124193603656	0.03475515606882196	0.5189936390408331	0.9060597052283557	0.44764534380858556	0.15042669156811628	0.3705165526697294	0.6390773801113705	0.5423147686601215	0.5462684649173484	0.5717217205811335	0.2136299784585476	0.8277014650875273	0.8611043965002833	0.7422418610748932	0.15188152718785752	0.8290113314316131	0.29326280310078967	0.1772966349011057	0.5723870963343913	0.9730354952424933	0.826317752118498	0.8697255928114506	0.45989645420363645	0.13591184958721758	0.5765253805376769	0.5968326674075524	0.46327410203287955	0.9442514833983483	0.576994746820251	0.09951133619338026	0.38013089991004534	0.2501514322277949	0.7445129332331063	0.2712445917163053	0.27763098399873976	0.7786805424027626	0.1570217445833717	0.8206582026205477	0.542235018548533	0.4662411165696041	0.3390204610478985	0.358248443686659	0.27770107497354324	0.007710640723752937	0.46628397048419645	0.21099416593183495	0.8321253066119866	0.4553898982234883	0.5746161080492944	0.669480834803844	0.9669724725264129	0.9427778044218041	0.39144937868555574	0.5448629149059998	0.0623646326149897	0.06316377981350263	0.14600526192594665	0.19485579152585686	0.7008741969860596	0.7006133590058766	0.20528417481799177	0.5798604393846074	0.7882245077464078
0.7738689892850669	0.5046132281136521	0.27990013312031337	0.9086002761494766	0.46923525123233756	0.5229010357616194	0.11917410889023772	0.3745217286066189	0.37502949280831455	0.7275102355802922	0.12367880324354186	0.15428509572937932	0.5134390333160193	0.6604664174555099	0	0.5193146158764964	0.7106060162564956	0.025207817387954745	0.02469131210144615	0.37245913864022906	0.14765056664308585	0.671030637448022	0.8521635010297307	0.5204412910688015	0.020231796169838168	0.4033775131130797	0.3336878314862026	0.45715782466330124	0.15958811918614912	0.8767595379059162	0.8194701368883248	0.7805117749761706	0.5252350366086963	0.03860504198829806	0.8312333057112894	0.6327749063260898	0.7718492477346905	0.3628351140100191	0.11023154037017635	0.39361576629204276	0.23258734660992053	0.4041838536866903	0.8096686268521988	0.8720701769021516	0.6799135755802336	0.8999289074175949	0.435051758088439	0.8892926449583126	0.5584730456838664	0.6702024385378337	0.19536845032002836	0.9608784557033118	0.4716711520296243	0.20293547031652703	0.6673904225905	0.6292257916212534	0.39049872708807964	0.2812997178386635	0.4931104289158179	0.6921923425885137	0.03040968160881008	0.25771377701473874	0.5968358548884035	0.25846100565043495	0.39105785666013926	0.7687359854416967	0.35760226804439343	0.16281778735748242	0.007318446908724963	0.6574566718157798	0.14280864709091745	0.43515560562082845	0.13343614846027663	0.14512779674707155	0.470408688654957	0.2833263747834047	0.6554988649050206	0.7112116755656225	0.25169452829432815	0.7482765338133661	0.24483313246768823	0.23823229165581916	0.24501937847341038	0.01439867280159246	0.8123091546170206	0.6680473333840989	0.656387194545716	0.09438002113672062	0.8859863079059338	0.7521959783955637	0.9135374371235859	0.06635856176914279	0.4785076139670936	0.03699726711788709	0.6901431288669408	0.08059638022537219	0.883712328750221	0.39532105930061634	0.6375093109002015	0.0064996395509456795	0.7310102921714895	0.18252340445568305	0.8623862945040959	0.4025441322758776	0.5808421346719769	0.10676519284948394	0.785492864272541	0.1624159857870182	0.755544941890261	0.38786340333805647	0.7091780805222332	0.7491925983799202	0.15446547511715303
0.9412549412518193	0.8056099595867993	0.2453135274991607	0.8885929544150507	0.7013131745347309	0.18631851894975715	0.3531631790129579	0.3182566360387794	0.8165557854340298	0.9180021752291058	0.04524484617438418	0.3352412873432009	0.7713895074594698	0.6215097075459293	0.5193146158764964	0	0.5200489708563548	0.749271263303154	0.6079673057828654	0.7013658674789194	0.6366420064579725	0.8819791185088024	0.2747328527152272	0.5090859733671594	0.17583909286281496	0.17942911334252087	0.3702700397371327	0.8212548474200377	0.28928632667322507	0.17116141876815705	0.7189659284881206	0.5053907981196368	0.8052047641980581	0.5312074092439473	0.6288350767622793	0.6524820038605487	0.4256553285025416	0.33403387273817053	0.7114145501390728	0.6075255132871269	0.9717269846443531	0.16010021836440924	0.15010014649932035	0.6393559789487613	0.27023273377964674	0.5038560138707113	0.1969068667065612	0.1265105079840887	0.5616315934145378	0.08054827686112687	0.4310650267201258	0.7336178380645455	0.6351917426233062	0.5506897608777407	0.9140904508728539	0.5398762161882948	0.8174867522187195	0.4326601032997047	0.2534993269304828	0.859895156922421	0.6048353373428771	0.17557966285208393	0.39686507354401346	0.7047337083707957	0.9528287762423339	0.9046662353566515	0.46215064689343544	0.7723480085867939	0.6749059493915033	0.26715910019591316	0.1484302479591112	0.9041221178575081	0.2251457931453843	0.5338860845064121	0.1853467170966887	0.05082884397555576	0.2724038007345685	0.26590352029142716	0.5727661931961346	0.7077747320551784	0.04285375925590862	0.26770389465503963	0.37438406055576146	0.9875305189521082	0.12035751877481682	0.6978460346341356	0.18067094091965885	0.5547045563653096	0.916745033985545	0.1366308332886781	0.9457970103543842	0.5166285475950281	0.003051786943363388	0.6778356700109155	0.9000649846085411	0.4789249360127349	0.7118494908275155	0.7405980481758013	0.557374919642951	0.8938978447754746	0.012176999757517848	0.9383731667177294	0.1645464446344963	0.10473131439987748	0.5907591851952082	0.06428121278539933	0.9457670465577113	0.6920691501916794	0.3812633452175028	0.6042041389820106	0.09529853101524244	0.022093335921231638	0.8847282821829675
0.5813531966131904	0.7447741126543249	0.2147757360942224	0.3337154287898514	0.10964186187291813	0.46036995544641623	0.6153698439684203	0.24381658224404057	0.7406885613028407	0.8809967684081272	0.5381031091038861	0.6723402700086346	0.9401645157981008	0.9281264789204151	0.7106060162564956	0.5200489708563548	0	0.6772634200225581	0.5277436058730484	0.7644948273604231	0.21865077152877122	0.8236805170627589	0.21272705405049241	0.04487572895184355	0.14855736121473984	0.23162471435917642	0.18375876348613507	0.8695697034321144	0.6797939951512363	0.8367301574457401	0.19757215537534978	0.47907874928837	0.5586946277627424	0.06891578487482908	0.5889814770918806	0.9856046548600931	0.5480387613153337	0.47710945883196	0.9977631250525466	0.19835358362524302	0.07391414983853906	0.4433686040676694	0.07610911172559165	0.18953314137623123	0.8864205151434121	0.47021835572809656	0.8821475985613828	0.8439869815901943	0.2170798112211485	0.27248887070927197	0.42165508938785934	0.9033208073825935	0.4023781566420943	0.537751122535112	0.012094811765444802	0.9474207145649294	0.07307395947769024	0.6463964381917826	0.843388786132291	0.5146501892517434	0.3427443586888913	0.49165595293279474	0.5929217640008752	0.3866235245672204	0.11472872514133592	0.9005320225138075	0.34051712661056477	0.03661616498969822	0.6566732946602553	0.3824826523163104	0.985234483365285	0.4864342103452308	0.35678235292730043	0.7974581682905034	0.7903973652830538	0.2802634097852732	0.4970120170140345	0.05046373296039752	0.32876340093769685	0.04621815494415682	0.33382842316659567	0.7524211161837612	0.2782742415104623	0.896828197823587	0.3752831906053361	0.35460988125690673	0.7695112141218425	0.5833237155528903	0.9458196145237635	0.031649612747993716	0.7206885461543612	0.7481434125589148	0.23952725183899926	0.10230198838807314	0.10263463344592072	0.939217322524775	0.8073129858172584	0.02309246812158927	0.0852411311330723	0.09018779173341707	0.8862436273892661	0.6710333775197728	0.09413617505900007	0.6724061579077681	0.6400709252049596	0.734069255196851	0.9700731080391995	0.5701263386092477	0.5153372825015875	0.8199361907934841	0.854379255617806	0.7224428357830922	0.8954914108026409
0.8989149999865488	0.8541106483620797	0.5788035516984564	0.4952039422218647	0.8089744337681497	0.611091110859604	0.023995221041448134	0.0809277271344766	0.01177329383563619	0.10237027549376032	0.6159036711470333	0.3041174668189196	0.49691259615233085	0.3210179706049442	0.025207817387954745	0.749271263303154	0.6772634200225581	0	0.20385791796238195	0.7731941853993103	0.5184445249212838	0.5844793174676132	0.12480519218574015	0.870811316449074	0.8463870201170046	0.026218527190930097	0.7395826752823838	0.949888939186142	0.2212007815138991	0.7979326269191709	0.3810484499757031	0.8994442325041574	0.8103269463118408	0.3149646362220858	0.6912768565566517	0.5118485747839258	0.2035911593503611	0.23008923269360138	0.5806041187900595	0.1630351056203666	0.2051424908745728	0.16968401023712387	0.25790050523313546	0.9742104604234915	0.31483802649992754	0.052644745306457574	0.5335990555635303	0.24566224756366672	0.11315985994701072	0.3822482557453557	0.6542767860249237	0.5015660940225941	0.8519776826637959	0.6874273819980946	0.46700723333987215	0.5576511718015216	0.7896306872345306	0.4466760165564244	0.05434070060944185	0.7392287192117379	0.03435643274938116	0.7950874182503792	0.9776249765803229	0.3768138410817906	0.6265207720459357	0.4645661843537444	0.8782750254326117	0.4213678512620329	0.2576069481699933	0.4278724186237648	0.3943638302106304	0.7754744626102168	0.1793361380008449	0.06273099690187078	0.18534250219926007	0.05987275233875755	0.1853337538544274	0.970021432636274	0.21686110580961504	0.7313857942555856	0.5474011220479811	0.661597163101497	0.2239741144238394	0.40337319049501563	0.8288741597428088	0.1538450657405842	0.5834322879962021	0.6746699337049923	0.05342791414249748	0.3377365173587862	0.6640636036066736	0.881413024067654	0.6002426674112721	0.23248437521949328	0.9905926927895135	0.07396827261743377	0.5705722434465555	0.1755098385992223	0.37359925922934856	0.5731553722462551	0.225463844401536	0.5725128423578862	0.028808634372724184	0.037496724841766804	0.46955379638351846	0.26758633713352953	0.16729262980990867	0.5701961316278563	0.25262531831131785	0.9817311859319242	0.6078604273868332	0.2564420018361572	0.20328856836029785
