0	0.2804861537507517	0.36386747643243067	0.5210986683437989	0.01669972284684873	0.8193604264216104	0.7358405993210217	0.07378078364323426	0.8489775813670053	0.33817234746731173	0.46854552826188567	0.1868004808698699	0.945777359836556	0.8148814472485174	0.28788028792316167	0.28514450084301535	0.23068121560046428	0.13440141506781855	0.1716743967925315	0.47670821898003657	0.9622235170938537	0.6610495092771118	0.48568991905244274	0.9492402302433679	0.4280169321234435	0.8748747180378368	0.3743519359361652	0.5139409000489186	0.9349460996812629	0.627472925896054	0.9677542662453228	0.307888507775227	0.44009996025446163	0.8677404944701784	0.7644569657753144	0.16734533780475547	0.18410859355566533	0.07910697288332202	0.8164903717027568	0.4118363551144737	0.16230636773804097	0.028569292298087245	0.7343783549463626	0.19821954046203916	0.8211024082414161	0.995582770975007	0.7222905995995229	0.7683533344025507	0.25156730635560665	0.6696788813688256	0.7000157664709279	0.44790611559390225	0.14014079985905026	0.07898361484416316	0.18285185770585632	0.5401874775730433	0.3720639313581928	0.061293716951170474	0.21873982890810084	0.4454701461729045	0.909046410458933	0.3514722576446062	0.5367027382492213	0.8903394946507243	0.03746716346679135	0.5430046539746902	0.9858685051668119	0.9940438336500693	0.36656952927436504	0.5806129975544719	0.7246968867653379	0.8327633901966155	0.3160540712517833	0.1840079080977014	0.19477459414965104	0.5015979202232685	0.44058925690504935	0.836267878363305	0.5606249558461649	0.2774073492846256	0.5559857268464334	0.9991584031078371	0.9502411719730861	0.9175567038895259	0.2703833028968141	0.27965137940263673	0.308084484529244	0.7442910703065834	0.007887041656788663	0.8533186593243975	0.7732898320785747	0.0693901054391668	0.43735418527355907	0.9424111138306606	0.7058517665571591	0.11125776065035886	0.3516801093465737	0.9856919528407005	0.8391123974738969	0.1230409506082707	0.23787623856229356	0.7474943296017057	0.7265563598737214	0.5427270030325027	0.003632463013242493	0.4890996579282987	0.598531206506094	0.46855984634855763	0.5574401262417028	0.3928250901743152	0.517851133644662	0.920245554338579	0.8321450249437023
0.2804861537507517	0	0.32514564476587215	0.9826887028302383	0.15745900228366327	0.11939091357743736	0.098957588026936	0.4908017132549385	0.05909256280380215	0.6669822605151757	0.8503030162406723	0.33346996434180753	0.8006284839204446	0.4947125966589433	0.21403434505961283	0.7960243373911055	0.4932890509336513	0.7406199832071018	0.28219037506120037	0.0008870913381453516	0.12536178914096152	0.5673092906624284	0.2910763831826839	0.253657543614203	0.42635485321772715	0.42481402788400935	0.9748964883638869	0.3114677533256218	0.615427888276512	0.8046700323627288	0.19460786320267365	0.6819588070947434	0.29770912212481915	0.5967993080175649	0.6649111569202295	0.44791794808017793	0.9601649033483659	0.7973994723317109	0.05045654580391912	0.4012487656187468	0.46208142541992014	0.6439797522956874	0.9404998650864438	0.6144492986251281	0.40306792438902594	0.11074815050158826	0.13505510092179418	0.06814063037245277	0.6686177543744275	0.16607559502638658	0.2696219444365179	0.8220742503309503	0.8511736882799819	0.6071814630891553	0.781099859962823	0.07669996285062852	0.6754235200958433	0.25156617795985525	0.20964084833734142	0.8392708864567333	0.5404601757412191	0.4326883262640817	0.1489989031523833	0.5850490275063319	0.42279399395506245	0.8570228825615941	0.07852933845528265	0.04313967866966706	0.2683197440121067	0.9444975456607171	0.2735350397589208	0.2876174163726023	0.0727315262340571	0.6455403961120251	0.6753342607488337	0.5269964907102218	0.6301692118912546	0.9166242446818483	0.43463394897918783	0.1818024284594435	0.6883134525811841	0.5380753256487013	0.9759496943068672	0.7181576236121126	0.427043020517314	0.4920762894325257	0.8699225841391609	0.6258360703689064	0.3777331497532268	0.615856666908201	0.8533327353290042	0.749884927057599	0.5822707409111936	0.7932138333240258	0.8591381163131431	0.7021073751904882	0.9885360155507317	0.21633349970050675	0.7427193105260441	0.3199928138592133	0.6781956529035913	0.23205332592289307	0.27677248900495344	0.533594472876284	0.6309541456167937	0.11885873823373971	0.8728464481581905	0.8794487704808175	0.7738228621444749	0.6288784929730716	0.7949608012790816	0.16012792959543265	0.8630994969146474
0.36386747643243067	0.32514564476587215	0	0.184560972310008	0.23268443478978162	0.18495772360466367	0.31687429815146084	0.9572953649852889	0.6169748585258781	0.8059503228635663	0.11170274153681425	0.7410544228413645	0.9863803045184539	0.9209945993514347	0.41603694903882216	0.08026413714665381	0.6109140531404472	0.93381830892947	0.044203961409637116	0.43497203589258215	0.23458673175295952	0.03164847843868224	0.8483815509793998	0.7595901949937875	0.4659247032697843	0.3449025046729335	0.21209544927045598	0.9332376021924106	0.3280849715977022	0.20154549400286836	0.14503497203186966	0.7207655389680103	0.039420919277077915	0.8685593582018006	0.6851173768932416	0.6132989631672386	0.27500091496970425	0.4774903859766265	0.690592494870835	0.16067463083389133	0.25970374932528995	0.3131102968832643	0.5099573974714136	0.5667735786602626	0.7462823747166347	0.5021947327237021	0.032236293668794214	0.6133437226073485	0.18213499836329128	0.5199065237196336	0.8183361883551483	0.29548451796052166	0.29696994859803905	0.43839288189296677	0.19425905684988698	0.732588431072222	0.3339133602767046	0.5124966609067183	0.6966622268035885	0.835133781781953	0.4006494314105782	0.031166870539535485	0.3338701825774425	0.027420542006555304	0.0043652456861064115	0.6129037263605859	0.7959250708474941	0.402751888096482	0.5229380042511275	0.337634122609758	0.9973547779770748	0.5660679777932102	0.7480412908709592	0.07191861009266454	0.9311654499344271	0.3500376497011267	0.9886033292465988	0.0785974828539806	0.044488445482331995	0.8224344571122442	0.15367469409941326	0.17541017247376878	0.393595533301198	0.5511762920006099	0.24370967887652306	0.12179352498857354	0.3006633073406343	0.22271787218271832	0.3429981773560554	0.13095478302292063	0.6085260036774033	0.5311249854658447	0.007232986361331961	0.6422502121172675	0.4003923462327167	0.2990731627098494	0.5327578113533598	0.0353606888334449	0.04035205294454891	0.7643136414965448	0.6742182199040502	0.16813353589604352	0.22627855266797559	0.48708594455908283	0.3622085797721155	0.9950122204179966	0.3915923804926399	0.0604853221812901	0.9680819277346776	0.7108932666585873	0.3900254355687527	0.969020526329406	0.10354291989484177
0.5210986683437989	0.9826887028302383	0.184560972310008	0	0.4983911564723026	0.630141431796118	0.45728929531084583	0.42812099083447874	0.267757127159142	0.4200592279931893	0.4495842056554652	0.1291292132839369	0.4401150040973302	0.543148797017253	0.4532362727845356	0.18008196328606796	0.6996932333214365	0.13663739822802046	0.9830161329052467	0.9880566734885515	0.28925107268619266	0.7259846428540379	0.17103223785629762	0.5945050269723389	0.7317663377973798	0.01614328367066864	0.29128461040676334	0.02985414199647496	0.1486530852849498	0.9186976856017995	0.272478433307473	0.9990607218706229	0.7415744927080614	0.44055568549585444	0.7662384603161266	0.8446150910301851	0.439477357605388	0.8882516842070356	0.11367544306231137	0.8087720425100211	0.2984234896444653	0.41880833257801864	0.10254280550170569	0.9112632282944749	0.9734446400158218	0.006739453394337236	0.6020213768717761	0.7248650776730126	0.04057894403304574	0.3203560286887518	0.03439654578570539	0.8051781814473172	0.4253482922078292	0.922430659166596	0.2534763143384312	0.15516036868778027	0.9700331071438895	0.4542674760872122	0.7804108741534075	0.4437856436996197	0.5327963220112409	0.00451565316639313	0.8575860919105265	0.6050926725371355	0.7356697878114625	0.09571126901452498	0.9771671860412696	0.48793668733205153	0.913771629421891	0.6667786881886351	0.013450736508228922	0.7891061639525112	0.044079517668930035	0.5551156627813675	0.791963452648218	0.174214989321554	0.3056824257130557	0.7904001392281182	0.5027989008503599	0.895034501347757	0.6408492424230618	0.6111589243978623	0.9373319063664463	0.6042454179286151	0.5044415377643557	0.011988774252661316	0.13882881842326866	0.38833614342146694	0.08982433691061398	0.9013565134534122	0.8456863411475237	0.41219153917825635	0.8610518023214252	0.5340890584141355	0.9952384924697276	0.6449450916340437	0.02170707609273126	0.29107044396873394	0.9836235065340871	0.22838893669556337	0.708263865358832	0.38430351547528496	0.2369037651415612	0.3511874636586396	0.7590438708345536	0.8216556903568416	0.7449934378652453	0.5542015954118329	0.06492257868894324	0.6985179946613195	0.057302562637564725	0.9015344831905479	0.5677260976018287
0.01669972284684873	0.15745900228366327	0.23268443478978162	0.4983911564723026	0	0.4467115728357476	0.3547341697181372	0.22649928612212067	0.8589741447818904	0.6271336709936698	0.21715740359766655	0.7083994600649215	0.9517983342387537	0.1066091922142054	0.7148486243818664	0.292364720427965	0.8318696535297831	0.5339050842519587	0.09493814409600265	0.24044940386527403	0.45007823456711415	0.0512750348685187	0.6571646456884548	0.2482255662203372	0.9016394465787955	0.8976964594655925	0.6287087012960938	0.042983245438490414	0.5794155171453104	0.7544259475049301	0.22580674669464051	0.0833501539435394	0.20996940710707146	0.06069480472714339	0.01082981455606058	0.7544567511904584	0.19288099229235034	0.24357951451580417	0.4790966724576273	0.9197891129090046	0.9405418517167423	0.3598581855682216	0.2175808658787245	0.6217140691246738	0.23871594881453662	0.5283818167239723	0.12818281847253943	0.038139222640022674	0.49914942149504105	0.5137508360138447	0.593071552685768	0.08837803155770096	0.8149457526294819	0.21658847190002328	0.32196112974756663	0.17384015224235394	0.2831011543094397	0.43322449699786314	0.9372955745187814	0.036469333615539945	0.6020997981216271	0.08214703248050292	0.6652509751643211	0.22258956045218448	0.49519261525519587	0.9326842268336252	0.8428643946536495	0.8601807899649592	0.12902119983617633	0.751877916131988	0.8091709867016424	0.043957751923460964	0.41477054414560866	0.7275677925905082	0.19144771387690396	0.8973368514346348	0.9776663554840507	0.369788264183996	0.4038333937063856	0.41949615965128184	0.9848464925768947	0.9787723761113539	0.3307667871318303	0.48571798908782693	0.8250147268527875	0.8625062036251845	0.3853480359638658	0.006713387025578221	0.4229113037877673	0.33060884618388076	0.36925583389992045	0.8731655570911236	0.7628368957957856	0.11341335528710916	0.4525018658738811	0.08805145693046779	0.8418429756247265	0.746827753831866	0.4726954449614902	0.025846829656862358	0.30922141358242006	0.7402456105126721	0.5886240526034229	0.4866483333552738	0.16194517577021206	0.8300653586502131	0.1627247214537072	0.8951133734764665	0.10937628556814183	0.3678576440297059	0.7706425686332156	0.6679872084209375	0.5020367183298671
0.8193604264216104	0.11939091357743736	0.18495772360466367	0.630141431796118	0.4467115728357476	0	0.303624257591371	0.5656778950224557	0.3113767156233912	0.13905359384541538	0.5506195978159922	0.7658804123166482	0.800327089193293	0.40473043480219695	0.7098702487131818	0.5928622271305389	0.7937726131945494	0.4518356159920831	0.15043542337030025	0.1275692077296513	0.3512663113271691	0.6236739362031251	0.5087826407134561	0.4165055722685729	0.28910149606381363	0.7690636763829208	0.9784120635686137	0.22687035522838783	0.7708103066567717	0.9597751931425766	0.1861224895880218	0.8224263793915311	0.74540349022089	0.8047743160157349	0.639851529180538	0.5920362940656483	0.09299406953143607	0.5240593405743488	0.6656964046969536	0.36007771808573785	0.79719951732826	0.845367720094389	0.6976169014991136	0.61352325840231	0.621554600403046	0.8820197460637124	0.6400941289491467	0.11109697643802963	0.2915794102233571	0.8816978486065984	0.07855978097838512	0.6420497793245235	0.01161572482470885	0.7653534805293849	0.7718534170185373	0.3338776009287835	0.8720926637203064	0.570836200472807	0.5544946144063687	0.5129225892499488	0.25002407331215903	0.19362020487856213	0.7456753947934788	0.18118696674819923	0.024418951101317088	0.22796352847158186	0.34628336129315973	0.4408810310146891	0.6101119967809194	0.713270461790177	0.40620618342172243	0.607464392078271	0.93729876029532	0.5333025788019836	0.031494535111704414	0.5642733072025534	0.48781755998404	0.6815055199181456	0.7610013638754309	0.8413788216112041	0.2821516270018325	0.3638934133134647	0.5119784612398192	0.07947788755046625	0.10305134809498406	0.5057667466035133	0.9472385501246909	0.6833079260134431	0.2568786431011101	0.5029583587733047	0.6830850762212023	0.7929373643966867	0.5715827389629927	0.015913722246443718	0.6108689773082707	0.4043334716672403	0.4105160817035216	0.48100566536312805	0.46076300395782044	0.7388979712061116	0.05016709158886512	0.4792948714794688	0.4290220221132235	0.8069075252365372	0.9780831878115916	0.6568941161431577	0.7650058201920964	0.9233367590052742	0.5975239369140684	0.38662080247383157	0.3213967929377435	0.01038131971762457	0.1773591652418366
0.7358405993210217	0.098957588026936	0.31687429815146084	0.45728929531084583	0.3547341697181372	0.303624257591371	0	0.5410439958306947	0.3255933852383517	0.46974629838708215	0.12737073021903433	0.19690595496680108	0.33791194090152665	0.01440622567068095	0.2743126971192852	0.38101214174283604	0.5078582800335176	0.5266419419499473	0.04228305026847068	0.2721168583118325	0.27333748715004014	0.6613578343256388	0.30138408147884754	0.5812201130478806	0.11302534464192981	0.44464009225151246	0.6930101915900604	0.07704973739469079	0.7370397889008298	0.8804735831078865	0.21772673875927162	0.48405048099058134	0.23641502976392004	0.750963160239174	0.36561714409436663	0.8276182205050373	0.4178354829009022	0.09261596809899897	0.9488400277201304	0.46464564925482843	0.21670902920859603	0.5451913574561167	0.2820762763611575	0.26880874807163846	0.6960801447068062	0.04720749266007862	0.42726771787339435	0.6889772548043434	0.293522501492247	0.32115452423057045	0.8202590432700981	0.7037278530951122	0.4175320822299675	0.22937926569731948	0.4758565044091938	0.35056183935032736	0.6644464163717286	0.2661170649353082	0.42471152945245516	0.5994378050942122	0.3961734273897808	0.9233706195355738	0.5554855410733743	0.9979641365376103	0.6118757050619752	0.8213540067078456	0.8258264583262078	0.1579389369981955	0.26362669883590684	0.7690258484911835	0.8501738352787915	0.9846042277494205	0.27593942423602236	0.8040870742102626	0.5632660725725408	0.35976385305301783	0.09172728773587868	0.26737997189753926	0.624169047285445	0.5024963178017736	0.18244259099213211	0.8025557709168927	0.18444859354487153	0.5826202650835584	0.8786419802122918	0.40254244877692125	0.3674493590787925	0.33043971517162174	0.7616647911580005	0.9118165130446687	0.9947444260667256	0.5032111524853171	0.2510739140330157	0.010812243628226859	0.30057259207283726	0.5827516764223317	0.6251847443890148	0.366075572662239	0.5412276470480487	0.7494502905045052	0.37404336251012216	0.16437711658219645	0.3989537325029404	0.8376992868227539	0.4896144665751071	0.9941980950571184	0.022853369452800476	0.4566864356558571	0.49535540088134156	0.1867886693114399	0.8722817004509832	0.09927961168985289	0.33814084229737373
0.07378078364323426	0.4908017132549385	0.9572953649852889	0.42812099083447874	0.22649928612212067	0.5656778950224557	0.5410439958306947	0	0.7669240029114803	0.420600893518396	0.4321866337520822	0.15635621529759614	0.43654279871814916	0.19634871312020086	0.5094533205207205	0.36318789246499317	0.06567116810657614	0.8931808171749012	0.48699736650633696	0.9879426335150112	0.16760450450812536	0.9785390771797321	0.7243483184416419	0.12904139766659573	0.8071437100824728	0.5970771940290468	0.30473049987706824	0.25036848892581265	0.5243613109876776	0.13639516322419531	0.6833531557535534	0.07999940989859611	0.8631324363652849	0.3554128070914626	0.14390414972098653	0.7059139929583721	0.5243901668182813	0.0782701812703005	0.4791355330619438	0.18849020303036557	0.8364960190336252	0.9984753759212662	0.29340341811393533	0.6673302820560052	0.069153202271928	0.7791364528229501	0.17120901437422575	0.24242750988134165	0.4735016980395651	0.048236225640612695	0.21870545421107856	0.21009200160018027	0.3259369451014852	0.5006714509484	0.641755877190587	0.31643037941105323	0.36650251492986463	0.45001497153194947	0.1084301985084648	0.7435830816085024	0.3798593437590456	0.016003768209573832	0.982344845432614	0.5056002138094055	0.575113627535864	0.9801009344380285	0.20769770336632754	0.36244608440484516	0.5546520848062341	0.23060269117778043	0.09459097690547036	0.11100345725032679	0.06504110879163094	0.3983688391229575	0.24661702099000637	0.6364138974279065	0.13021259203547408	0.8123296576649764	0.7616999144289203	0.2822613416258437	0.7970979004905635	0.7603193769860348	0.21510685400280516	0.6100600335670932	0.10754948328330705	0.844053206445228	0.4806510743425395	0.6782051548491733	0.37401731461491683	0.35875300764352647	0.4716830405471102	0.23636204773893477	0.06781956159607139	0.9645593954419356	0.41998081468797366	0.412991696957798	0.9972465924800024	0.6810722959983859	0.34081790534046297	0.39304269224983746	0.302805177227095	0.17589793344072058	0.5068662849675614	0.2662317491636942	0.23731391631222443	0.48373821314976173	0.24426671108794684	0.37213362030746866	0.5447419625572821	0.15189987354847412	0.06916296019678303	0.6603408034745005	0.6677557288158825
0.8489775813670053	0.05909256280380215	0.6169748585258781	0.267757127159142	0.8589741447818904	0.3113767156233912	0.3255933852383517	0.7669240029114803	0	0.5051451298310295	0.3597428553187839	0.11248440929294223	0.6571172658267548	0.8655933723107296	0.3365814614097341	0.004625097151301549	0.254677857308783	0.6891885485223342	0.21553344101462335	0.8912111973040284	0.22411486800403757	0.5168043374207486	0.5251331884738423	0.3215558213143853	0.05683490614082998	0.35260613529568297	0.798494055997251	0.47106239335883293	0.4298259693667593	0.926903970561038	0.47890969879597045	0.6056378910564549	0.45866569066909024	0.23333568470519161	0.3220430905298335	0.35433769264399495	0.8075225528146013	0.7569996157083112	0.09720258819832117	0.7787627369875738	0.8263069588440478	0.1711488595578794	0.16222319219426795	0.8251882436438653	0.5009024827160057	0.4391274473680259	0.11571098914675759	0.752386698137704	0.93836842319366	0.7592494675564467	0.9340040846710274	0.7883891828290366	0.7558787586064531	0.8690846309175282	0.30507345123298557	0.5629087790509679	0.8547186957893284	0.7471376001902073	0.49683417645439687	0.6991361719455188	0.2671505166318654	0.04945014708179418	0.703281546305592	0.8704452669957988	0.7771658070262168	0.8217443008356702	0.5836695291401138	0.050345010998691375	0.9933413249898218	0.2749179417508857	0.057750884669279356	0.9116969081153387	0.9661661322526379	0.8563502283730667	0.4050414199044098	0.8234895133160729	0.2865763571795308	0.7652101011676059	0.3838140069378294	0.454025899376732	0.10387903286733846	0.5996793239102526	0.8997518686517486	0.01742701274329883	0.20366411904963433	0.4281960352282209	0.7407589761421753	0.6704542842826208	0.49053625218463626	0.44347291503041963	0.759048998203556	0.2977713268161287	0.9246471676680154	0.029935382446347525	0.9073741927347104	0.1888054383356177	0.13095988199989816	0.2295250524370981	0.6524820447827808	0.217933178693424	0.4430780056145506	0.8859019998627194	0.12079305109359573	0.41987412456832807	0.20822836071134743	0.8999316989098985	0.5705170643931042	0.3405068217146875	0.9183368806372006	0.253946975270108	0.5935641621865597	0.7321631632697823	0.6392693509098106
0.33817234746731173	0.6669822605151757	0.8059503228635663	0.4200592279931893	0.6271336709936698	0.13905359384541538	0.46974629838708215	0.420600893518396	0.5051451298310295	0	0.025110115656110876	0.9587445563608035	0.7010331842134203	0.9996372813072087	0.9820659164738842	0.18442750092337679	0.4694745497157572	0.9605513497002267	0.021189917944750447	0.029112552521734947	0.36658284072328196	0.003983510003297219	0.25947276543576925	0.38179415433290154	0.5302624079395021	0.40041140492080407	0.9291552996141271	0.2973598617177001	0.36983243166196567	0.8840473367316227	0.942748796139147	0.18887318485260318	0.6503513312720557	0.7839837738318706	0.598290201266804	0.1833268875745495	0.9837297832253799	0.5451851519112368	0.5201901691355763	0.027556579806677806	0.4379006949842551	0.533801546077094	0.9946774950024858	0.6530856819438345	0.6806441808965931	0.2229892020845391	0.24651230488064269	0.5339167308748852	0.2669294933030155	0.07860570062109884	0.898861380351988	0.21378166818330202	0.947262806293914	0.7471105622388533	0.25400712831301386	0.7201542341197296	0.5323083678423534	0.6048949037409662	0.2193898975909545	0.2906230157149119	0.10373680211383207	0.7831151568725151	0.24065515379899538	0.6245162232337008	0.6642837348399363	0.02740988965477975	0.6694359574649269	0.8376427977265916	0.13215089027806137	0.7903816434242061	0.3205643429606577	0.45178424943796414	0.03321610006501918	0.6764803658724319	0.044040518733905576	0.9878424131033444	0.3445890068278399	0.9115941999442955	0.9119084054368054	0.5475923135769376	0.30810747150537565	0.9550098504681352	0.4206693567480859	0.1891593634467288	0.44438166741604646	0.3938720354748524	0.8659703845064307	0.42676041422763933	0.8873876003919828	0.995948895245036	0.8113025953871645	0.5726642280696911	0.9406354093239198	0.2787798385807201	0.11267009203398526	0.7664002373377635	0.07571809718038047	0.024359003429974546	0.14889811184614332	0.6556667576146712	0.9632207876942218	0.3273294624621995	0.6431308958251326	0.8739823764188278	0.5645717468536525	0.3657703523486612	0.5787828932107154	0.08348009322645566	0.7305718143193678	0.5241231694749388	0.8749612719576969	0.7878095867159732	0.7079519556073903
0.46854552826188567	0.8503030162406723	0.11170274153681425	0.4495842056554652	0.21715740359766655	0.5506195978159922	0.12737073021903433	0.4321866337520822	0.3597428553187839	0.025110115656110876	0	0.0410827942062999	0.0028896645170212176	0.2492195410138779	0.11497531598062039	0.31692056041470473	0.5176634405602452	0.8021023288983167	0.45919335853371235	0.5288705703700173	0.6183032648604874	0.07771576846336459	0.05164669689193824	0.44539944543669296	0.3851654642769483	0.18927535519709038	0.6835531186513019	0.884635299527492	0.37068882156235916	0.8690297502608214	0.7011830322863243	0.9295318290716753	0.8106867815140364	0.5160717170435617	0.09394097698523052	0.32023119755938856	0.8030513070432089	0.3743424570622238	0.9326559530275417	0.639596275575627	0.8658019486661845	0.2809550289317092	0.24108124926223595	0.9986777331607971	0.8826839291352724	0.13286952556404508	0.42678079882167064	0.10150037388153044	0.03263950913342906	0.7519222374739339	0.9683056768161902	0.1333494834159734	0.1572689066379822	0.4392365961443321	0.472438808107699	0.8133953334471914	0.059154999889006965	0.3364515526002968	0.05564265641123889	0.7204181435299849	0.5549166721244191	0.4076648825458926	0.5214203848412372	0.8941703400292701	0.45136320750150727	0.051607088151370384	0.02286352823266391	0.5714700639416032	0.9445928603934419	0.2187360526756983	0.5936003910778463	0.053852032904868063	0.2897793111946063	0.7658956289370225	0.04533373914572392	0.049081993815100255	0.30589412353083634	0.9148875254212127	0.3853037280098266	0.6637574070103696	0.5091359388437504	0.17398290811511297	0.44317101820978533	0.7305105043490451	0.23922745254617728	0.18304270224022412	0.15055745018805544	0.66305542382873	0.32766966117987995	0.6112813368758223	0.7839352588486055	0.142163206812974	0.6772206678972974	0.8791928872950588	0.563055464483408	0.7100593656492885	0.8939775191054982	0.4018634484369057	0.6148997187344475	0.7150493181360905	0.960567924054297	0.5835706401311131	0.912360382310471	0.9779698661553742	0.5004068210026584	0.9917290192112165	0.0606402107927263	0.1662738079179512	0.5491870073643637	0.5076032120382518	0.23527933584491412	0.008266958293765225	0.100867880239494
0.1868004808698699	0.33346996434180753	0.7410544228413645	0.1291292132839369	0.7083994600649215	0.7658804123166482	0.19690595496680108	0.15635621529759614	0.11248440929294223	0.9587445563608035	0.0410827942062999	0	0.11473923646931017	0.8655597032167965	0.7808418268059767	0.68514897515458	0.6827552945352469	0.5245042003283565	0.5063884911186319	0.9643509758796769	0.39716856998400707	0.3423643979919754	0.20773543984187592	0.9050609086574811	0.891289118010492	0.48521622678888865	0.9840217031340518	0.8547303603494734	0.059236776450763196	0.7233698083661723	0.7450784867720573	0.6888018634858286	0.7592710529734882	0.6801153317761389	0.4941738917514208	0.8809416374456434	0.4910585616037877	0.6627757023330763	0.9691957919944677	0.00018666252826660124	0.7034777590333099	0.898554121260124	0.1563176430108033	0.5598289028485743	0.07859908627426682	0.08531240188790679	0.20611200288774434	0.7043764296714605	0.22811619035980335	0.4476099839518376	0.6447926225672044	0.2219491142005755	0.2444078228954628	0.1401718563766049	0.6011079233457326	0.35645935527092143	0.005668638526225456	0.4919786718333147	0.05383184516864148	0.44389709148595224	0.9049454100654268	0.40109091152836085	0.48932932908335713	0.09567753846381555	0.8193944487285497	0.7849707074276486	0.9032937627676894	0.24634176047916645	0.9732717103671725	0.8696517589323146	0.9643894507443078	0.12804730115721974	0.42985727376054006	0.41011978313701525	0.5468473243984491	0.9026175429133133	0.22733385671666173	0.8648383967855583	0.7238572556429943	0.3663977018341892	0.4386544482425787	0.32731835775959606	0.7346421605151451	0.5286243279795958	0.43099069552166536	0.04242003627866675	0.09237793210387923	0.022201694386448922	0.5078255558444456	0.7552032276119934	0.21865656150077173	0.266244129784742	0.8882582780690585	0.9758320252476945	0.28410197368114654	0.8723075368959096	0.5008655739554329	0.9137470494513198	0.44297714374051733	0.44124378468962944	0.3459093569956613	0.7330424957227647	0.5764519429927758	0.8458581117822604	0.30446521954886896	0.0813508691947541	0.2301668952355208	0.2468846037334611	0.9878330113439595	0.278659233423563	0.1497012131184272	0.3856288774325479	0.5466087592342858
0.945777359836556	0.8006284839204446	0.9863803045184539	0.4401150040973302	0.9517983342387537	0.800327089193293	0.33791194090152665	0.43654279871814916	0.6571172658267548	0.7010331842134203	0.0028896645170212176	0.11473923646931017	0	0.8297566783189877	0.7727352902398368	0.3599118167953561	0.05633039170147869	0.7903492113152624	0.431832715345975	0.04996239665771174	0.13175280496478692	0.21669262896017438	0.48770099447570314	0.8161741061753223	0.3980164247154274	0.8763699707128191	0.32966165771921363	0.2743126008317518	0.7766943686521732	0.0985618623825707	0.10373087238752277	0.2470863482589878	0.5393884190869496	0.04176240558621003	0.2898110650086724	0.9712510523889415	0.45191838850007016	0.035380602742276834	0.4093329685081456	0.741908421051344	0.18023750413185868	0.8397351211364078	0.6741135697719555	0.4234420642300001	0.25299270087675685	0.8937656977740701	0.5657613349721384	0.9987661598847344	0.520876193230139	0.32119150932577956	0.7503250750322648	0.4845884555540205	0.4629196246687223	0.20638688849224862	0.003034041054171488	0.6895825333664454	0.11158864819853687	0.023028899447959383	0.8299993181552504	0.5213343353373869	0.8812158634491621	0.05974254513038191	0.6165253425397137	0.23985837109297026	0.2983747692795027	0.811930568325554	0.9165554689010034	0.03098199440452709	0.9347568564694608	0.794015053863442	0.716567748445294	0.6986226806770292	0.9252626241337981	0.019191298747586738	0.7887753646869131	0.9275940389613427	0.36491332460842885	0.5888486348832761	0.9858213943854628	0.9066844211607598	0.8408521048606482	0.5228758320908142	0.33855135754754595	0.10178161399674357	0.445332674502274	0.908621996291655	0.6360661731522805	0.6527971191496179	0.4450784013061547	0.74616987486628	0.6725116849198757	0.2014528766929904	0.05281196232791008	0.23581753638619052	0.6576341100135512	0.32689348257863227	0.4938995094153502	0.16919092259335988	0.6240079065682012	0.43258406711990494	0.8709921609531853	0.10757318292702689	0.11503676800972318	0.4907029597345217	0.5838769675518339	0.34304784020287815	0.8498107071310207	0.7463136494612748	0.9295355116294113	0.1420421349062162	0.3267746473096331	0.5286346293092928	0.9012473074947864
0.8148814472485174	0.4947125966589433	0.9209945993514347	0.543148797017253	0.1066091922142054	0.40473043480219695	0.01440622567068095	0.19634871312020086	0.8655933723107296	0.9996372813072087	0.2492195410138779	0.8655597032167965	0.8297566783189877	0	0.8599270203463448	0.13966357744253777	0.8190439034208659	0.943840322443798	0.21563206502135057	0.21482530708314906	0.5902488233159662	0.5498181287660932	0.31343476473630394	0.19383662089179843	0.4237372787914858	0.14704579714982535	0.22886752090475226	0.8361561391990043	0.47956782932311737	0.010953972331765649	0.01686953988837958	0.6752137039517033	0.08379615116022021	0.3238228097304725	0.21896327390882342	0.6742016391008572	0.4075403514811289	0.8653548663262045	0.5274461916741598	0.7571292700004694	0.11516201543277138	0.7409288221337569	0.07650201497928433	0.7927418243844236	0.4324939305102844	0.5122750992516022	0.44995085265295454	0.635691960782014	0.48369944145589927	0.36596857222677526	0.6335735767646282	0.6811363601750876	0.036093554137434425	0.772110507152144	0.3747574893092791	0.013616712878616877	0.4089078525321129	0.7853668747202195	0.8292186739388127	0.3068963526931887	0.7140552643759362	0.6070489140940825	0.41519738032444853	0.3055624179062191	0.1123831930027861	0.4031378378144632	0.8038558944222247	0.4579062317871315	0.6971306215953799	0.5195654192212749	0.9119526127217273	0.6775508258760735	0.941872143746389	0.7499487027789311	0.22111557785786828	0.9068432660758341	0.9657096755339157	0.34143244574821185	0.7278686029563881	0.632095377279316	0.48889138503847585	0.5408776444320925	0.6913157926085748	0.4184167143947728	0.107646057331094	0.4858477762692466	0.7458942196552769	0.6294819795380909	0.5653336487766342	0.9094562451873562	0.5637067075903882	0.14127692298830763	0.36766953028487837	0.6108463934614422	0.9817755292294549	0.23630503605335818	0.6559330035207862	0.9257388256064683	0.9224363509061673	0.3821597792014936	0.8274106234066397	0.237516838095714	0.7780997988963628	0.7397460702753561	0.009425337648375498	0.8904022725180102	0.9816649355427937	0.5382095458218393	0.5294366033682358	0.6635725553616595	0.577358005742308	0.0237493928244793	0.7171675294644378
0.28788028792316167	0.21403434505961283	0.41603694903882216	0.4532362727845356	0.7148486243818664	0.7098702487131818	0.2743126971192852	0.5094533205207205	0.3365814614097341	0.9820659164738842	0.11497531598062039	0.7808418268059767	0.7727352902398368	0.8599270203463448	0	0.7805754664042471	0.11935593656317878	0.745913868371927	0.6000614531890418	0.11389745344408031	0.5899023070938619	0.29923443579191267	0.04169748357729852	0.1739609656356046	0.6357397424287357	0.31543992094861095	0.6595646308304265	0.5773031735772762	0.6439255786025229	0.15262780982582924	0.8877682266667769	0.21362325813959393	0.7936155756765908	0.24706233632912633	0.6255143273976811	0.3374544268342222	0.03683832458598724	0.8202820713506538	0.04537863539079445	0.16329826423204608	0.16124545815334745	0.6719309358472788	0.1334040582744005	0.5881119439500005	0.9681115575416217	0.8160769468754998	0.9497202253765435	0.3141302570975937	0.32801281740895905	0.35579170417712014	0.6815161660754206	0.42691874175586564	0.8877018959794831	0.8018771431386896	0.11546413260150123	0.3939462170739212	0.03274001158398887	0.08330176176192383	0.5620455751543245	0.14863746493189867	0.38621382126215076	0.1656347472825057	0.5172604137758587	0.9334083792640181	0.48680776493339484	0.7945042261571374	0.8604173267568793	0.7935304050964781	0.5977337543509929	0.8786852808992376	0.34813441544709045	0.57099222028441	0.9582583010944843	0.9213386931584086	0.34491396219930937	0.18552779058098934	0.4764167553990807	0.25037242205389676	0.3121696426011975	0.3800364662887089	0.019448800668782518	0.5273250703285212	0.9869242778431503	0.8803459484731393	0.14824943004062474	0.43398694976010677	0.6670394453969596	0.6434879049699784	0.4083524568389092	0.7159898792550632	0.341975378223233	0.7811852087435854	0.6808126004969215	0.6899908904938041	0.7033327071945564	0.630852708742816	0.7710924163913998	0.02464363345575582	0.5800911113583584	0.6203854734908885	0.3235351711570612	0.5793135421520066	0.4212155347737405	0.3385079585337558	0.5472045702821706	0.017103179218962206	0.9745986014170283	0.4274133871325876	0.6153096884178633	0.9280822680242129	0.5145028702076075	0.8227159037473023	0.601702123683114
0.28514450084301535	0.7960243373911055	0.08026413714665381	0.18008196328606796	0.292364720427965	0.5928622271305389	0.38101214174283604	0.36318789246499317	0.004625097151301549	0.18442750092337679	0.31692056041470473	0.68514897515458	0.3599118167953561	0.13966357744253777	0.7805754664042471	0	0.8533163747279086	0.4450390412629476	0.48566902578240034	0.8566612647771602	0.9910934214501355	0.36454610082803796	0.2709695720416909	0.05389117280003741	0.42187647528635164	0.08319356274671208	0.41390167276392265	0.03016795407406314	0.2348371594330506	0.004663670946077114	0.6878019837388671	0.2689372781262195	0.3652206435045877	0.3460910440263617	0.42929143920507373	0.4609336939513834	0.987334838717951	0.48300923790510697	0.5308391037793173	0.7843228004886129	0.06616873067188722	0.9749023898831859	0.8826832740696308	0.14187980173427783	0.32796422719480023	0.43027520357021143	0.7695156786306541	0.13224685757591714	0.7837758642258645	0.22897292651906664	0.29017551343740167	0.09658970186362204	0.806479847679268	0.4686347767577155	0.5099892816572374	0.890966732285108	0.11628388781124621	0.7957027411477258	0.423367666769626	0.29618067710328144	0.5907104941548342	0.7743008550129334	0.3482991445702167	0.45123717166085486	0.6361671834453165	0.3656636936736767	0.17094353211630886	0.5261492118340391	0.054911502207494634	0.6955935656541516	0.9598153963677283	0.3104149321901417	0.7987856279387741	0.9699351012855063	0.8931836819199513	0.11269028777305878	0.532094826642102	0.8600121056741099	0.17830554587113678	0.5235797046810075	0.004907174592486019	0.3856344675799075	0.7639098987225973	0.29584876617377087	0.7189922448122462	0.7715927794075229	0.3063919593466906	0.8173437909398932	0.074607482406156	0.7735019867098739	0.8846384321752859	0.7043833021635364	0.5406783487103523	0.48551894237834226	0.7323907248286553	0.022429766917221095	0.2030833411975994	0.1535001687894061	0.14732491342247056	0.8580345980655241	0.8144372151231098	0.13999206620253335	0.9711734880649713	0.2162648563228582	0.9480327553805284	0.44313008812115107	0.7035696630529419	0.9149831813567815	0.48576571397621837	0.40941315451110105	0.8901147454447843	0.976196308818368	0.8606188886614029
0.23068121560046428	0.4932890509336513	0.6109140531404472	0.6996932333214365	0.8318696535297831	0.7937726131945494	0.5078582800335176	0.06567116810657614	0.254677857308783	0.4694745497157572	0.5176634405602452	0.6827552945352469	0.05633039170147869	0.8190439034208659	0.11935593656317878	0.8533163747279086	0	0.8705966451974937	0.207897999238272	0.8410824476006089	0.5699592352462717	0.46705658126023597	0.6912574951259868	0.3662675673270439	0.7383396787375945	0.9173502713570941	0.8979616515933113	0.36162001308381486	0.5737713007499383	0.5625510942587584	0.7549370457904796	0.14517594303375358	0.9702355087317452	0.9399840518157465	0.049406251212504526	0.1846434797111881	0.010123382730000463	0.6106771775722366	0.4221484440699462	0.2927748944844074	0.2259587691807814	0.5720307295533738	0.0662063333926396	0.9831622620102031	0.18980195948941092	0.3241143945378676	0.7899318767981458	0.2889960728170383	0.09177349643815136	0.5730579742869464	0.228577333908486	0.5745988938068546	0.09344812431973659	0.23460049093273883	0.7698005408020043	0.31583593597437143	0.8787017096224451	0.5358926206884049	0.5690273311114251	0.8981477855607196	0.043355504756871666	0.5136738007588031	0.7874378266681079	0.9400155958718646	0.6709428359801665	0.8985155871136102	0.5757491095423694	0.04129556432663106	0.8202297398009043	0.7143975163750835	0.6015535653191121	0.1976161373647909	0.2439113506989803	0.41887035347202195	0.03434489484978687	0.23109775946254985	0.8408247222392983	0.517880751377769	0.32360199669597745	0.4863877413037696	0.18218656866269078	0.5328649672918508	0.8396129291464961	0.07649585897059219	0.27844699996683675	0.8856902900769709	0.7040005628378857	0.8474346536106167	0.1835630305085144	0.5327557389774085	0.3137130596659212	0.7821671946339728	0.7653398078278303	0.49944958600032474	0.26542826249179763	0.7111697945780411	0.29423873422072766	0.9629448390824124	0.2271263976559168	0.8419510431668558	0.790378866443526	0.5331990222078813	0.36945922318885016	0.55962683155225	0.9373664715279847	0.5582687364345895	0.0347185378588154	0.31300125596570083	0.8406985736649322	0.2551691189448647	0.4814783527200467	0.6573593600193073	0.8567705629042709
0.13440141506781855	0.7406199832071018	0.93381830892947	0.13663739822802046	0.5339050842519587	0.4518356159920831	0.5266419419499473	0.8931808171749012	0.6891885485223342	0.9605513497002267	0.8021023288983167	0.5245042003283565	0.7903492113152624	0.943840322443798	0.745913868371927	0.4450390412629476	0.8705966451974937	0	0.09792706125024042	0.46621010210604463	0.7809146008860193	0.5107856133848018	0.6495499501502211	0.8994931678960182	0.7804483645777358	0.8147313287648412	0.944884683127209	0.8888984784079157	0.36611281900321524	0.679783171036697	0.9413635924900237	0.3770895354900906	0.05036672194481262	0.33990929007430615	0.880677196213463	0.7619239135860929	0.25293514890433866	0.5917673119081359	0.365079613470782	0.007037557252655868	0.32737278651411106	0.8492118392671169	0.21420344452726525	0.9209076121065937	0.08838853083795972	0.43806891947260607	0.44649086473773403	0.6379898315909467	0.885702623914049	0.9710656325847591	0.1629510006180095	0.8585735991141372	0.13098692341472162	0.30193103647665553	0.5344421637897223	0.586305901830008	0.09127859847633712	0.023922833832801693	0.7101790816451679	0.6866484409129588	0.5987189276948144	0.7879849576109177	0.9536139088216349	0.033131327450917625	0.46070904617566055	0.7218385753011768	0.30929201467530987	0.5730855087981094	0.25513265361207293	0.8458028601514609	0.43340778722181406	0.24248565362604957	0.42293378067634757	0.47365833609153973	0.11768338259585787	0.27623735509181846	0.3741643076901926	0.7979189353854074	0.594116106662517	0.18127224765841843	0.9213926598296522	0.16510116006638031	0.9846562749913593	0.21141051222380658	0.9854698991940024	0.1812224361090774	0.6603275264933117	0.6518459565041941	0.36520934310075215	0.4139993247129984	0.9720219483114251	0.35123467646473205	0.6247138041059113	0.5433597908726506	0.8995382815589985	0.030059235158349074	0.2841438555497273	0.16122056701958742	0.6567998012522017	0.030870518377054346	0.584179116149795	0.9548926977765074	0.9895169247051698	0.2132113262541756	0.8117559561375314	0.0835539790181703	0.13441926606306775	0.12134427623427213	0.39460703049083745	0.9013429365726244	0.8244311121282303	0.22017918688934945	0.396795928318854
