0	0.566299978369699	0.43909587137841977	0.26009870809807334	0.18144278310682982	0.17318687216265294	0.9584274103160788	0.13830687673399078	0.1842760425385298	0.47010730915508225	0.46163859094337345	0.7947091913553993	0.1216580246122404	0.42653400176364076	0.9767588392286174	0.5363851532957871	0.8037040151576913	0.17503033480307606	0.8557580281282805	0.564169322654942	0.5347367135715673	0.47701080920240924	0.636278642150901	0.47837463712270145	0.5248243885878351	0.6866514925302705	0.1465607722837836	0.5464626658828188	0.5279181505551142	0.4927933632382121	0.41387845676659785	0.87111628825423	0.692685785603952	0.12489757069999186	0.11753182579721866	0.8114413915718172	0.7387960923885839	0.6727650165591521	0.6221510465986674	0.2783558577491023	0.012705879971380729	0.10465049963313255	0.005188917610105426	0.149886375460196	0.566517416689482	0.7332452029438764	0.6121417135025512	0.16415532768811214	0.9539061820544655	0.569339372067512	0.16754565514427022	0.14901255817599868	0.8865405169630167	0.40110417479477545	0.006980567189453057	0.9482619627269074	0.909583165772079	0.3212402724449769	0.4107888187930454	0.1167697241611354	0.06199776704112714	0.8870087025470879	0.7408996718679953	0.02535940950469595	0.3880490112115569	0.5995192381191875	0.6078782001620656	0.35237639522824693	0.08073536766566791	0.1888145981722531	0.004189640919886051	0.766577502149771	0.6473683421887035	0.17127568245156888	0.22567375014795577	0.5427654556400775	0.010582351565514903	0.016809216045732045	0.013331674343952327	0.9336690762409581	0.14113354347870477	0.834474291048857	0.7663787307669999	0.09363524649787325	0.15082380340777668	0.7907861526040421	0.3373508031514798	0.7737819481625677	0.725211357273007	0.7032185430954909	0.5289277921400497	0.33357681462911803	0.9977069657525718	0.551870231673955	0.7193295324822453	0.3339055161124179	0.7518818344626228	0.2511040551102741	0.14891660528622652	0.7928958668151913	0.8875304555202869	0.7103466480438998	0.30828318801174004	0.9692846965847005	0.3953283358282711	0.11987430834298318	0.06626353546834884	0.3768809342536976	0.0424168327333827	0.7088336580692493	0.8964042498218825	0.02752779151398832	0.015580994505798862
0.566299978369699	0	0.5002475751912141	0.3711248018372072	0.21828850199171357	0.6257402351757498	0.7097216592229406	0.808229437618955	0.6329790188524546	0.5228835666916829	0.3727950130964087	0.6997784525471044	0.4773668520297889	0.04182228542340749	0.9837621068235384	0.3481639743826087	0.2695425843748296	0.7444694794098783	0.7617155044839781	0.8169129291510376	0.23703228730667647	0.960055184250195	0.9616336108069055	0.8803840818692095	0.49956025235656587	0.6794374893673769	0.7432245512261382	0.2257009093559852	0.24583862966430647	0.5089393282521041	0.3317691145462246	0.6226485153661387	0.39403657678577575	0.2391413995994235	0.41590334013540187	0.2972072319007425	0.6299122751234013	0.5452438635377904	0.6636598215698954	0.7792409039511332	0.8727527208610544	0.9624876861890811	0.31762396172938157	0.7774926327834397	0.2621755202591566	0.6354265907352181	0.086381067885549	0.14083325860993978	0.8221531051505224	0.5362743900600302	0.5469280037932449	0.8619306437152661	0.6347182897635238	0.34303209197200957	0.5235411225100955	0.45814291235037596	0.503166265426723	0.26568518048867584	0.13035249161232487	0.19404830642958337	0.8338508629659582	0.1774624165090266	0.21887910962213442	0.1055352690574074	0.9903429945919032	0.4238645953824244	0.5539448150785027	0.4633059588557047	0.8152025174242452	0.8033175541199155	0.3129344389781642	0.3795512886053387	0.055568009738449664	0.32857282689096956	0.4944576609839656	0.28681691768557427	0.3380407821463326	0.6301403845766211	0.036872878599604086	0.007593052286543722	0.7158295969320729	0.7072898726339563	0.46328518891392	0.24130107323869687	0.35600066994167734	0.5998777165259468	0.46970597980335294	0.20383233136052026	0.9083140727614651	0.7221603305766029	0.32028846310995573	0.5764478467595386	0.6792310474372616	0.5460499898944478	0.39881029214966557	0.5840652209569542	0.26149117141291234	0.12029481119699226	0.6792469656727333	0.5476158688373847	0.18025988892686007	0.43718956695731237	0.9119705615253031	0.5661003742185893	0.12408598228498535	0.7024324967605383	0.9608003990947245	0.48540312003665176	0.32972500581884867	0.14291484539365995	0.7016299391132534	0.27975959450498566	0.521307562379374
0.43909587137841977	0.5002475751912141	0	0.7854567173588549	0.48225980596131723	0.5332592009381519	0.2665635901182317	0.9364401507711289	0.3489439289325037	0.6966804350938367	0.2478833696427023	0.9185483190309404	0.7938248319950854	0.4572099790393489	0.02073538049135215	0.9154498332901858	0.6655125617188309	0.22809007802437187	0.44998605178054873	0.6273622570538777	0.6807565375136168	0.9757229190948412	0.4294203664583601	0.38959044973688084	0.3468856785452601	0.9822156380622389	0.8644015782563268	0.24448844163725614	0.522880478266807	0.7479524740094688	0.19993100750402393	0.11022683722288984	0.4691548127251788	0.40207915472102373	0.07922700047841502	0.7764633694118511	0.6876448280752772	0.3342959790747856	0.4299948611817468	0.29245052736370714	0.7774376263818726	0.10927190773205375	0.4652576934412369	0.7951090633937057	0.5674247569613635	0.06366637300998113	0.3843981294215685	0.733594520987594	0.6133924378654828	0.5395293831882711	0.3237510007336599	0.04821401719145202	0.4135807043476646	0.5454896143260285	0.9960554769389115	0.6013751984385817	0.8988943245423919	0.5428088957012073	0.9306045071408291	0.5788613204158597	0.6801552855609374	0.4811577152548129	0.9771751114818121	0.9275007994914111	0.6425298369177436	0.2105717715149783	0.9411954648129214	0.6630723443672929	0.08263300230890847	0.17015690831606967	0.0750970273582493	0.19888729593026921	0.04047171774863656	0.9996464368680146	0.2933412522060481	0.9176997025172037	0.9092876625542996	0.6718384065590755	0.050908164387504784	0.5626018352954767	0.6387055851826999	0.7523938915836779	0.005018781987123133	0.023995512268110364	0.3155457654897258	0.33396442779152047	0.6774954000181004	0.6752237639529824	0.7709571767900981	0.39137635070318444	0.5127229023276332	0.0470124687426865	0.21053409449489147	0.41527674875379095	0.41829295393637556	0.47097075819195844	0.005515587463863381	0.9916115064613698	0.8277864748338989	0.21061737461854513	0.6227012335004766	0.3880842352117658	0.32932221344672796	0.5219591817610791	0.8785041419502807	0.8085575211493923	0.7183797233433306	0.9202936157134028	0.5669905947834217	0.9166163466449953	0.2182223789623262	0.6195236856647618	0.7678216369058515
0.26009870809807334	0.3711248018372072	0.7854567173588549	0	0.370718484536398	0.36175002734601314	0.9041441180567374	0.4739042773980271	0.8792624886384323	0.8717459851821447	0.7248719433334311	0.26978481168577995	0.6094513111463067	0.9349100982270903	0.7749563445270933	0.26207057404079637	0.8423944579665532	0.7253466391613204	0.7774302795006373	0.8912264061180409	0.4867801165229869	0.20023581789185785	0.19991499773540833	0.9621412202967824	0.19258566012182576	0.8928712854976824	0.9854482243552377	0.006355919432474377	0.595966683235568	0.6354818275305524	0.3131712313163556	0.10292896109986183	0.7138048647216382	0.562508217841897	0.06333046229263162	0.2611276481204369	0.9696677933560022	0.5971849062648072	0.3605700747167895	0.4866017515973954	0.6516546047801165	0.9941961217911208	0.4193897346866179	0.49849619026210035	0.38776908406970867	0.25375348535375997	0.3440039429633427	0.1678969977025474	0.14555505507921884	0.5775709661934728	0.8515452355631548	0.6098569308687419	0.6140440869207668	0.23442160394777845	0.9105784902162984	0.19295849186374447	0.08900561084557002	0.04016586793796073	0.3889582433838068	0.20321628364757705	0.5099279552654633	0.585748782741153	0.5649722425382033	0.37193701521861977	0.19705111489184524	0.7309192355751347	0.374979150222834	0.7673221282633574	0.6075067582840974	0.6777118945653775	0.8513825213507316	0.9127664089063582	0.5860823731385726	0.025390635228263347	0.9719503794080226	0.2699823476597425	0.36424944880326837	0.4110133549792593	0.7265248747652624	0.0911276674954784	0.1752323766743078	0.2640744290657704	0.43803612741344633	0.15978542116540528	0.6636665741318932	0.8710132091121386	0.9175210377290361	0.9947936312904679	0.15987144371841433	0.8002018473120712	0.8268909807005335	0.18774497915743116	0.9974181581905199	0.8727487063609409	0.43204040337093563	0.546776933779616	0.9730213353304437	0.021799123801243714	0.09689394611888413	0.7377732702618223	0.6654495017135151	0.3194631338453735	0.12314544003290073	0.9275702702877361	0.03377848575025133	0.3538797147139703	0.03002692776376914	0.11228546528819383	0.8877158768031553	0.756443321164249	0.09825012214071394	0.6211130988725676	0.2766051947361383
0.18144278310682982	0.21828850199171357	0.48225980596131723	0.370718484536398	0	0.4576743751025306	0.40006737568305606	0.9028043084148152	0.49089596848727957	0.7600131249625273	0.5619802668685591	0.3798994580141808	0.16711003722180628	0.4449801207885633	0.20141382025026333	0.595550612960322	0.7804087100405759	0.006818758990098317	0.0676773280326558	0.2308363504230292	0.6751445454593668	0.7038742929010561	0.8288379452464428	0.11710581183064794	0.9897367777157579	0.16709876839770998	0.924790972287504	0.42418554162028155	0.7552795928631312	0.044829726779616386	0.466988784554617	0.582498164225505	0.07869179304872143	0.8272331613814197	0.7702316835900632	0.5084465683510611	0.3422513048148732	0.5453868586743238	0.3627596007796662	0.4361182486862225	0.6060220829325689	0.7156109439761198	0.47777647034158366	0.4405370423414896	0.7628471850324583	0.22561809384407028	0.5862652881879502	0.8063943147187012	0.9156986040305654	0.1925161626384142	0.2862583696503268	0.7100045540691012	0.5261746381882056	0.2892603009470004	0.09435521708212846	0.10475009767119936	0.9398363543007684	0.9360551576772036	0.2184885157833395	0.8334977905503497	0.9412123397237083	0.4266907279067077	0.3165560061101026	0.6752485839031732	0.8043241266969922	0.185398646620477	0.8754006914641602	0.6688569579278186	0.21925466087897016	0.8943111362907352	0.08570484423350111	0.4267150590479605	0.9324935962831753	0.15946452364568875	0.20457312358073	0.6543779337286797	0.45652334638505854	0.8775304668215875	0.12732737381143866	0.6853186671741072	0.17576247406455625	0.8814820401223038	0.6528152417852245	0.7405199956528326	0.2918755774180585	0.9736742713116214	0.9308065447795586	0.10762875257045923	0.13310039693782183	0.588548052276956	0.6133723813533029	0.0740116777951364	0.5965148048450669	0.6750465666487575	0.9722984881261708	0.4096027539667805	0.34105347625299254	0.0954919661947854	0.31426813233056594	0.8201488173351458	0.0718593448481073	0.6563057138854258	0.3749207304572504	0.834100168853839	0.6674970996781822	0.4524787011554793	0.631326710155473	0.7306401099547086	0.3879168753811074	0.8247294113984454	0.704601699202573	0.4096920977469498	0.23529468910123152
0.17318687216265294	0.6257402351757498	0.5332592009381519	0.36175002734601314	0.4576743751025306	0	0.7536810983042237	0.36067027476177393	0.5888606864781867	0.6375252174533134	0.2423805413591935	0.1817924419698903	0.25421695849035086	0.08934134294448837	0.057387672227729225	0.7215278105620692	0.10912292396187495	0.1012167405258817	0.5500832210176404	0.01976757712624111	0.5401586095528563	0.8616051277217758	0.4047177703750944	0.7459869544901682	0.3719922624426375	0.6286294875616213	0.7339606081482268	0.3957043163918391	0.2786672442619461	0.09635673901618746	0.17496930287868173	0.027696078255526446	0.8564798386411224	0.23500247984744727	0.3622632928419003	0.0989731179858434	0.3093354617136803	0.9845925937041894	0.977751464525021	0.46919822133317013	0.8801541198110859	0.30993292864896527	0.07555282372046013	0.06649888723120956	0.28929430324309147	0.6879250463796325	0.07101042714396655	0.31284869470481125	0.35135206952755804	0.7980415607290903	0.7981482974920052	0.05721696699113421	0.2629277210956126	0.8078343771245252	0.7824148244097341	0.5399825377227977	0.9025927041660039	0.7707125018609571	0.84450968203656	0.6297367129160468	0.7173967126231419	0.05960871528941625	0.8978700951162484	0.6335404000972434	0.8394620146857776	0.3280404539960161	0.22916017843254943	0.013712106468232288	0.9719223565284667	0.5947197797122523	0.07645149624521441	0.03422117366074695	0.1126428796234964	0.9213885785032614	0.49750543387388013	0.785283787125785	0.0464380365939433	0.19598360109123103	0.032208721720823896	0.9352868106168769	0.30411550803788123	0.7648208795324208	0.09849911118401411	0.11893675949159932	0.71580607489666	0.7798611430714683	0.4793331847685063	0.36591246520272935	0.9321434605639063	0.1191609221864447	0.48834655528705206	0.1153222842151631	0.13904870570439187	0.09111262431148615	0.4344027321327504	0.4585746000645018	0.1033220899295505	0.3010473737158891	0.3583412609556682	0.6276616373698829	0.980980382636967	0.36155642263542087	0.5956540953321142	0.600189495635075	0.1801820196199463	0.9630473739101552	0.2483039444995726	0.2735768550544493	0.9328674742346312	0.9183767933981207	0.06506438477086807	0.1580893327361711	0.4698294260532795
0.9584274103160788	0.7097216592229406	0.2665635901182317	0.9041441180567374	0.40006737568305606	0.7536810983042237	0	0.9368775941474415	0.26852667900207594	0.4969437512775611	0.611680501633403	0.4664596379426038	0.7794499604008613	0.8845875593540228	0.5626007598742973	0.5159379940872905	0.016397042326804723	0.49738669227580423	0.9688008474768534	0.228651111232978	0.4632757085155008	0.24461714857784578	0.8271022431758817	0.603206310559015	0.7296773097891013	0.8106925605355118	0.6965909956369309	0.4575513942868853	0.8776582072540604	0.1586056086640667	0.503912395805573	0.9338330294909308	0.9025079290401307	0.5173701217486109	0.259569778864006	0.9919742613173734	0.21907343654833267	0.3721879002733123	0.6737120570573921	0.6387373815382676	0.6540756092840403	0.020497612210027993	0.6815960961491891	0.7671193663119308	0.3796294312065758	0.41423796408296565	0.445332838485506	0.20825237577225697	0.4310611343028852	0.6179116325084891	0.6239897349694257	0.6261021490570449	0.5892374611751975	0.08848069368005318	0.06547901761690866	0.7694394034187849	0.7157588952727171	0.8381942881895169	0.4784950696246364	0.5269082892528297	0.4968317340519597	0.639463428965093	0.056107046971179075	0.7824987514117112	0.11875823802181795	0.30827403557558675	0.21573842760327722	0.7970864453877803	0.8254485134159778	0.13825613737863351	0.6234737308861004	0.5207875143143295	0.7218843169927442	0.09606584352066871	0.40723445939555636	0.9412898147090717	0.6467539253811151	0.9141593801541565	0.945032243099957	0.5163538963274085	0.8309778870274751	0.308658142957126	0.4310484846285232	0.9920632063978901	0.5608026913835551	0.47540319173773493	0.268494826966833	0.4035796002703186	0.03957311998913626	0.8263954022126909	0.7110345131874273	0.6540993109745376	0.02936477201222365	0.9426820569276613	0.383121241469205	0.8222902128841447	0.32087837293770716	0.8727799726338593	0.6214964084897676	0.24340803906733066	0.37672954446060647	0.04372860880513074	0.9197666438326481	0.8877037717943183	0.036790553596303455	0.9876403110400966	0.7184770506637523	0.3718593295912992	0.9695628775725202	0.34842992476486434	0.29314206776772955	0.7982515448903819	0.6648330602367798
0.13830687673399078	0.808229437618955	0.9364401507711289	0.4739042773980271	0.9028043084148152	0.36067027476177393	0.9368775941474415	0	0.8524654683768506	0.2677749674289619	0.6186753699871278	0.023986570656034156	0.041211624491506504	0.8383455380195893	0.7410881007884589	0.45459952525787095	0.743318063224182	0.9703643388318867	0.3399720220834076	0.3280128770842803	0.7776588165514602	0.34733743563749153	0.7839218005138915	0.3790536152659424	0.42284258693555565	0.4891179344753508	0.37427812057731336	0.22505368725545738	0.3584001254093929	0.11249630753290529	0.39301633471435793	0.869566211581322	0.7413376643242612	0.7154831938202848	0.6156400595312431	0.8815733810719519	0.7270596287440912	0.9975776061615005	0.01719664740956217	0.7395801279435104	0.7083285703476223	0.5531203799611636	0.5760231345291197	0.8047153619493649	0.7388740530279869	0.6400181816239682	0.27588238799943965	0.7935822411423057	0.6720223245977449	0.9412769970824677	0.35951224924687686	0.19954980134557276	0.1751089887578049	0.6627086666884103	0.7686479376076822	0.2881041942345022	0.3984055665935988	0.43430735043806123	0.6753478856677696	0.9426822170300422	0.8679216789234013	0.6162968530593571	0.23192945213351546	0.22990503615318258	0.9390720088692021	0.9152286824232486	0.7797890847552684	0.21052091465636114	0.2684568427481837	0.11126778976397966	0.4750807483909918	0.9661558240359549	0.7299131441011611	0.20096244232698302	0.281510780582392	0.735854955419635	0.2168234011907092	0.6289385989101668	0.6407741851818072	0.6312306578351893	0.4266648977542734	0.3625890110193263	0.6252165577616927	0.7620613487219936	0.9841086136615025	0.26080665672565306	0.35187386586554026	0.43820300076961605	0.13178963988137093	0.18773715562096005	0.12166344125313411	0.2520307414419898	0.09234312802795064	0.4278079230135736	0.461339884701195	0.5190828966491611	0.9005872349727261	0.8685376510779957	0.40988591328771096	0.9501965691089256	0.49959151999649887	0.33088662348096054	0.6518046974164472	0.3373680241338455	0.17314666209391794	0.6316408230392182	0.4598345040351759	0.9722151345513159	0.6870526222057655	0.8558154148656227	0.029184672982161097	0.3946005956138252	0.8165743611036465
0.1842760425385298	0.6329790188524546	0.3489439289325037	0.8792624886384323	0.49089596848727957	0.5888606864781867	0.26852667900207594	0.8524654683768506	0	0.39556318233933785	0.48721993345077075	0.12293172779267691	0.1644246493035475	0.6784566796078584	0.25359440702484193	0.2363491125434113	0.8692252686558372	0.8188734966370746	0.2938401959509289	0.14432718953372958	0.9520025392020446	0.8477720925243271	0.3482561684590657	0.3785530733431326	0.7840052646219989	0.011064301750204897	0.47201782747450494	0.7850222522850568	0.9978547630686008	0.5889130739565361	0.2330454612897851	0.89327970744877	0.6143012619826461	0.6967737341634793	0.9238404304434058	0.3724670076979314	0.904939857388268	0.865300014431818	0.13816380060229838	0.9623770725356434	0.6831544767657387	0.9830779606595054	0.16664425265299498	0.5502139927905998	0.867566390243521	0.11214641693996741	0.07380312188222171	0.3529242870795678	0.3773849997576657	0.5282745582253919	0.18035753688763234	0.375761322056541	0.6428407846664754	0.729990480044243	0.013639608374719225	0.4834596662079599	0.08187881328283286	0.5869359325084349	0.911126688475973	0.6070317638515922	0.47073650964595837	0.30457590732326734	0.1266530170039869	0.45010282083464215	0.08832398333532898	0.42817251025444414	0.9454466271318434	0.13845167928212343	0.4485514802556768	0.5891189064564071	0.00827817425086208	0.12099910185596496	0.9774575675463185	0.4163200722202638	0.8156653673707118	0.808947225100501	0.1811127079726389	0.7105669218506354	0.6032099370537057	0.22099890577688341	0.20614311718636535	0.1856634787339264	0.8328216303544971	0.1403598793108254	0.9554681413135335	0.27386448080941794	0.5789677494258061	0.6243628741172853	0.8183584005181183	0.7685836556000188	0.7480889223554686	0.13135587559063022	0.3197078604136847	0.08811219734041742	0.6663208012990971	0.913708134789149	0.21391114262470712	0.7219132787306678	0.9284875329005302	0.5971155852244687	0.2535512999395465	0.14030847152669312	0.2833606398061773	0.5850031861891507	0.2881912089696419	0.8929134710154701	0.1386901677214668	0.5521770326533963	0.29445091532101364	0.6668775703050878	0.17249165811576983	0.6609020389482438	0.5087491922279929
0.47010730915508225	0.5228835666916829	0.6966804350938367	0.8717459851821447	0.7600131249625273	0.6375252174533134	0.4969437512775611	0.2677749674289619	0.39556318233933785	0	0.5474105068246634	0.9105985698975628	0.6921509473410568	0.9909435276531963	0.20229975481466533	0.762284701055806	0.12843638513977795	0.42699241760532114	0.6946622113791635	0.9558998506707062	0.7621034018928502	0.5848366160975091	0.6944494387346135	0.7216190188222714	0.6587521033036506	0.19618716349536525	0.4630192594820087	0.8787201167042413	0.4995550531898877	0.44816949272264905	0.9359139212424857	0.4282580913729681	0.10163416428701644	0.7376466139622021	0.9849442433802674	0.7354236509061858	0.2508918495629633	0.6756781435437985	0.2031117910152752	0.6283401719067403	0.14769659051950979	0.7836884620412444	0.6677710982471388	0.8050666663998745	0.5881621153621847	0.9219590189721734	0.5204732289857059	0.7408437810925599	0.579841956570885	0.18752058716058495	0.6354739641578144	0.23002797403447384	0.014052837795608175	0.45099122573325645	0.264353008499179	0.5918733926980021	0.5334296414861133	0.3653580599162759	0.07223738253137046	0.015837552898168683	0.10487851577778584	0.14016464566121534	0.982248145225303	0.16728212928789332	0.8818994209398683	0.18350617056741414	0.5751174691259888	0.6157196157712017	0.39970830015670433	0.426771976277162	0.7070609417732634	0.08758698496592388	0.4317504886922934	0.5561524858096799	0.536897898960474	0.06917516607815732	0.19445933127258896	0.030087426790585292	0.4926211352997837	0.5149085023107295	0.8271832081618445	0.039517671773339536	0.616803351405464	0.19125930654381673	0.6905135495735725	0.7382497340527681	0.5069851833067888	0.13731359260019604	0.27797159205673716	0.04985204067639526	0.435600378726576	0.575561541728496	0.7429575629866295	0.39380822634301726	0.4766985665034873	0.5090764590447305	0.4522658593758253	0.5537150433493363	0.05105746024589197	0.5558207825266785	0.6401141188465095	0.8432755171584825	0.05159396043213604	0.27642874033890585	0.9550112048371403	0.9623299327441815	0.4229265217794047	0.27335035783586537	0.9668016818476661	0.8086879427981074	0.5888054876487862	0.1068323183963602	0.1088563413592647
0.46163859094337345	0.3727950130964087	0.2478833696427023	0.7248719433334311	0.5619802668685591	0.2423805413591935	0.611680501633403	0.6186753699871278	0.48721993345077075	0.5474105068246634	0	0.9036263563573713	0.8038330346662466	0.8398373897998253	0.49756795184183666	0.2727944324028805	0.1266287196643633	0.8939979453637635	0.5618398066837008	0.8144460857332365	0.4212247282797109	0.9256533161422218	0.7284740119527491	0.29509057571359887	0.3809419242922675	0.02659302164017674	0.36760225577876804	0.5869980667419182	0.21153493621867614	0.44814983742978143	0.4540309692518508	0.06451372941294198	0.80586974739942	0.4156436696347189	0.6490790971404072	0.8006768983913959	0.7656214308615175	0.38189306577878834	0.4273462212142024	0.021427162596150295	0.5895248480654862	0.5999722533788918	0.686120907418495	0.7699698642159435	0.00475133154439622	0.22956325691072887	0.14503858182781226	0.5675645578342005	0.027960904848600032	0.856634080629194	0.1809809756555404	0.5031075924034616	0.9131467021869646	0.5656752087575181	0.6787669751690697	0.841969738058404	0.8064443090128476	0.9600254001106243	0.12451950411172541	0.9078124238904004	0.7155802866951797	0.3122749352175339	0.3199745041375731	0.3263586819855244	0.5511346421870646	0.6619771119459051	0.5267608432394248	0.5647157742206476	0.34957451216946045	0.8898584728243885	0.3944184289505056	0.08989594301781045	0.042601935194875096	0.9461489883394484	0.17228001887283462	0.8605591537763858	0.5154619079204001	0.6986993019645754	0.9644552589844865	0.9840328614440019	0.11311740477408261	0.42258893220352645	0.579156029570024	0.34320283111936023	0.19344734270891228	0.3513716191620144	0.8716572172041945	0.6579146011775184	0.502857091829464	0.44880685870259707	0.0474933394000846	0.8902054082522167	0.290442197974493	0.01821248503218653	0.03689869857001338	0.5769772764491657	0.33074562436182275	0.6433767553189177	0.3736923760594315	0.18312970645221283	0.33172408326716907	0.9040593972122409	0.5212043706821489	0.4972535354234182	0.036274249376548884	0.7903542796913221	0.5406262583367449	0.008778831129261144	0.15471402791003153	0.2800403167615185	0.890531942540205	0.9167724322925425	0.921827402305808
0.7947091913553993	0.6997784525471044	0.9185483190309404	0.26978481168577995	0.3798994580141808	0.1817924419698903	0.4664596379426038	0.023986570656034156	0.12293172779267691	0.9105985698975628	0.9036263563573713	0	0.13352342549548368	0.9420532074343229	0.17036246357596352	0.6544095298486765	0.15009759021596347	0.8796597976452278	0.8186074927837736	0.9604333965595488	0.21750397824252066	0.3206256414718145	0.9829890762671286	0.8490359409007363	0.6951256563844792	0.808222401859267	0.7815892589035527	0.2215283289593032	0.8035202907708013	0.40234872799336974	0.566121499842293	0.5782617382465123	0.01599363841544188	0.9551259662284702	0.25064586324195515	0.9664452603769094	0.14875527005534672	0.9499274851973896	0.21872508883135044	0.5025195627497604	0.868170681801578	0.1835834817877926	0.5799404568877917	0.06518439176966295	0.8487418486016318	0.29092654395972384	0.8436863349507249	0.8536090431999431	0.3451054366849703	0.00333291036478911	0.39563253959235256	0.7042111518259526	0.7489115795481919	0.6770486608831195	0.313333651826711	0.2310165719498941	0.32803988967267894	0.7070432007333735	0.08531831034180937	0.7878806178788398	0.510375049593579	0.9876272290134407	0.6721431877757632	0.9295551521662969	0.2052727672097181	0.353526349010704	0.7163677329413405	0.1630041354927	0.9104859921022109	0.12293371332344571	0.9055324060699778	0.4734644088941996	0.5037455873224582	0.802821886854142	0.12564110844803977	0.7233653874993915	0.7063350984302014	0.8617399588570432	0.49324281284927396	0.604089409205859	0.3115559702744354	0.534363053749827	0.3678190179657237	0.4296170884192616	0.5453203072606522	0.41060544294489976	0.3524688225706538	0.3408169729344782	0.24201774541819532	0.9399443010739231	0.09452906173945164	0.05229480742082626	0.20728547329182978	0.5892858894716613	0.36577339304578493	0.12676805147676484	0.027719932793403346	0.3467452812723478	0.08378970727394774	0.1540391785402747	0.862715756203748	0.23415382131852625	0.9644929915317514	0.551846735451116	0.08642984318418168	0.6225173642138541	0.08449402476652601	0.2023477674088534	0.2544619171752561	0.6018912902286179	0.31998449140826557	0.4709704114639026	0.30816015704492916
0.1216580246122404	0.4773668520297889	0.7938248319950854	0.6094513111463067	0.16711003722180628	0.25421695849035086	0.7794499604008613	0.041211624491506504	0.1644246493035475	0.6921509473410568	0.8038330346662466	0.13352342549548368	0	0.5446248872029219	0.9679568032722842	0.07818520411274366	0.0344050293302971	0.4530312697617699	0.6933490418251149	0.010387000877135621	0.7423929156145509	0.16625042069752305	0.08238615416838879	0.4810244893801173	0.816315616071726	0.46778720899763904	0.9547966272022292	0.21942902840543044	0.3265901800287998	0.5206017907082884	0.3788447178049903	0.5752198152339885	0.5318854489192764	0.37148208315553843	0.24131653855296242	0.4561342145287831	0.8665075697568722	0.8384636980496627	0.571515959577061	0.6392404839829785	0.8619103691240432	0.09072102759140221	0.8761854107815034	0.09564402278126649	0.974670801529744	0.14957233630955735	0.761600041952122	0.6357242882717613	0.9461302862921156	0.0949520894253898	0.5847619233552716	0.11390919448672521	0.26435878664838497	0.8889818653435763	0.22052166896143532	0.44655712912934453	0.29072432462126774	0.17505771850348184	0.09807789005994272	0.6573932468492719	0.8119696907445643	0.4217266254475843	0.7663321643939788	0.5297953183845012	0.08783922190437643	0.9766119784486816	0.14441805164904586	0.17057027063718766	0.08252330448011502	0.07017982474344686	0.19309395755576975	0.0647823394940037	0.5830529078891599	0.7041805544526867	0.30037378041518026	0.14821126395691953	0.6837154827882679	0.34592308422560525	0.937506300480622	0.6130138076093982	0.43507736809249165	0.11632422188342306	0.5024286652627465	0.39941009501442515	0.2312092473820352	0.8064085860063401	0.48459771941211727	0.1548058043224162	0.9833365647764377	0.24813930989610056	0.203054863171529	0.2534136093016436	0.9794773074260422	0.7726118769459215	0.6892892146118533	0.0447112197908599	0.47915387200645865	0.48836016143160077	0.5124324460095366	0.7165389507749059	0.3982620589532827	0.705047004163924	0.8982067634967614	0.938435884573916	0.2945276897132948	0.8943104428655975	0.9349463730719719	0.3248144113401348	0.1611417671975678	0.7703985454773538	0.8947282941348059	0.1631277975785912	0.301761822593287
0.42653400176364076	0.04182228542340749	0.4572099790393489	0.9349100982270903	0.4449801207885633	0.08934134294448837	0.8845875593540228	0.8383455380195893	0.6784566796078584	0.9909435276531963	0.8398373897998253	0.9420532074343229	0.5446248872029219	0	0.3856296556914047	0.4708798350090696	0.7676434783689446	0.37440775427244366	0.0941641945215288	0.39620857964711	0.44432017301879034	0.09425552964719464	0.47299738847340067	0.694541429055676	0.8235045139833571	0.28919988048219913	0.8539705871282709	0.917072556543035	0.9589728495588794	0.2472720900062766	0.16497355016655768	0.5387054150330366	0.005933419401210394	0.4342014512083596	0.27247350606415055	0.7049248203863877	0.6907706462220213	0.7806488896090542	0.3765513488513508	0.370564503241952	0.820740569156221	0.3210602602657082	0.6068374717279541	0.45321355541375286	0.9216060270604424	0.9693865563379764	0.24621321632256465	0.2606637928709774	0.44769304769253127	0.6940098846956286	0.7489681311122556	0.958643674460707	0.006817319253923149	0.4072985078944579	0.11844844521712405	0.19214880091673525	0.013099576002024937	0.9360808692485236	0.6700511718471699	0.9441781360492656	0.9502877500925586	0.20955196554730637	0.4840350173515533	0.4544025530571627	0.7648593710608391	0.8316541463406567	0.3088142938974989	0.4781935576779197	0.7013072896532475	0.9571002934173595	0.9986682847354905	0.9589597490844955	0.6958549899083607	0.2777435452950068	0.4311059043338906	0.150606349657615	0.8351672108195709	0.4512577531462506	0.06767907429325659	0.13410808850073863	0.20245088260340038	0.6708089881335653	0.17321745488859797	0.256544896357748	0.7754736761450423	0.0037468112628978867	0.7037580241453587	0.5164212282254662	0.8243062200224074	0.17078141006024117	0.4812769625060501	0.3345213800888115	0.22787185997446402	0.31144952864260034	0.5995842041645709	0.863226863487824	0.9864791219402299	0.6369478362377927	0.7460556565191093	0.1732308407346299	0.55452620876768	0.05513211704752885	0.946251060226723	0.7083040457474574	0.5312114705111683	0.33376618208393216	0.8740869908496073	0.6512917187860195	0.3509668954315833	0.7660882691975485	0.33952933446489364	0.636661492765328	0.21377374463629928
0.9767588392286174	0.9837621068235384	0.02073538049135215	0.7749563445270933	0.20141382025026333	0.057387672227729225	0.5626007598742973	0.7410881007884589	0.25359440702484193	0.20229975481466533	0.49756795184183666	0.17036246357596352	0.9679568032722842	0.3856296556914047	0	0.633564628457067	0.8318789789440708	0.32435049713950304	0.8373010292664793	0.980646041039549	0.28187316305830346	0.6048247598489376	0.33161830873922415	0.6111197150426895	0.44144345254307205	0.5409401593049391	0.5156788981904866	0.4382000744021395	0.6463796116131693	0.6641925349270408	0.5145045538152075	0.29406853993881144	0.573948430972336	0.8592767425367064	0.5008682236897348	0.18240070609949555	0.45687675235069747	0.36519148402268453	0.015320943046406521	0.9725052258206462	0.02781545351171799	0.3057738690592219	0.5788486065979539	0.36550807702385535	0.05541501660944337	0.12580169246449968	0.34041163614462766	0.25760742407259307	0.6698142521226262	0.8326578538875906	0.48939283842329595	0.4920656371699762	0.18129407067645864	0.34238272062688135	0.06760106252358578	0.6170910428264003	0.392124576339109	0.31475898501421673	0.6534030062317635	0.3263688316691544	0.4555729413411064	0.05343527611932131	0.16293645033465398	0.5508175841528775	0.3885369707059534	0.5356515582614632	0.8331485537783863	0.023487390618292525	0.29117809658697313	0.44209458536133117	0.5727185713166701	0.6453128389744546	0.3698136542608542	0.581688355261908	0.3926236168092079	0.09285669773260385	0.4760553950616012	0.19693624713548152	0.9125359180325108	0.6651795394141935	0.20593250606056712	0.5042154867841049	0.47680394433900697	0.9496226835964361	0.35245300710422234	0.11419698192154559	0.1793930920796183	0.3475006281695622	0.4423913458557136	0.3127169821649691	0.5127609871057397	0.7338133938319554	0.5054228337905114	0.8322262069312001	0.5085898970960413	0.28861285152597216	0.6082717105279313	0.9388822347625262	0.08589983690467917	0.2472077887891072	0.3235434151785571	0.9097002197893864	0.7472517881248203	0.09827722567204555	0.11893916264533533	0.4448967142323287	0.26710115422663094	0.7369525789025231	0.10993289828249586	0.7905946715284475	0.5370835705271317	0.022470514510972928	0.5467114508998001
0.5363851532957871	0.3481639743826087	0.9154498332901858	0.26207057404079637	0.595550612960322	0.7215278105620692	0.5159379940872905	0.45459952525787095	0.2363491125434113	0.762284701055806	0.2727944324028805	0.6544095298486765	0.07818520411274366	0.4708798350090696	0.633564628457067	0	0.8622530697982571	0.9453914928593545	0.04365201659821427	0.5640184250724886	0.15738769787435636	0.601032783446481	0.9278509454995385	0.9511210501508099	0.12770044626723953	0.4356633682648583	0.9297602434336952	0.42676582674194885	0.39299216772722323	0.32490395806606587	0.7696443918234935	0.5837625783100784	0.614995464291472	0.26649729970937386	0.09715926932851693	0.4227332617383134	0.8164439314842727	0.873585538525924	0.21644262995747887	0.9502294396208061	0.8525057420478027	0.7381065154705599	0.7636086624145892	0.4422950300908325	0.7800913195672943	0.9096602595115404	0.9597153615504431	0.2966997500429549	0.41177174120055227	0.5210240652385775	0.5622807802799538	0.6368892041786282	0.6461205506024332	0.39878885484906346	0.5852172474277424	0.3858188731967578	0.44459073557453554	0.9659685392680385	0.07089776067997389	0.8323712513747257	0.5371517231765923	0.040906407601113526	0.9701383544845779	0.5829482901452093	0.5811671817698204	0.8650218749935853	0.6755990455402925	0.7883093329126878	0.6923490393473377	0.9419987111350384	0.6720576145843354	0.7947626925964031	0.846476005837923	0.17684825898224799	0.00014395301576231034	0.8049306128815147	0.8300662484079436	0.5837255630970076	0.19612160251684385	0.9695373746756579	0.4891423857220052	0.9141314482667752	0.031353148807975684	0.7606455878634778	0.03010623459845896	0.43172945620840764	0.7098465923997936	0.9145183360528933	0.047009720372368835	0.6785602491128995	0.631453052880233	0.05593876649646112	0.540319857366962	0.12812497899481246	0.2878723751350448	0.12298077396294116	0.06505867210373628	0.8271565254144098	0.9197324617781006	0.12097318663627354	0.31983715642583965	0.9367426044512852	0.9915186202152299	0.6366328623580796	0.19487331122557705	0.34031851122985	0.4045304169144107	0.7635632210089067	0.41898612780847966	0.5676903530920895	0.7223703005706542	0.4523389031915902	0.011890922280136107
0.8037040151576913	0.2695425843748296	0.6655125617188309	0.8423944579665532	0.7804087100405759	0.10912292396187495	0.016397042326804723	0.743318063224182	0.8692252686558372	0.12843638513977795	0.1266287196643633	0.15009759021596347	0.0344050293302971	0.7676434783689446	0.8318789789440708	0.8622530697982571	0	0.987109527624507	0.8820201054799497	0.31829656553937935	0.11439602403585847	0.16450538978342633	0.4220165875253268	0.1615866248561313	0.03365227534734583	0.6645279040347302	0.8716075006780006	0.17300417960264258	0.14178222670082707	0.8292403256081248	0.9983678164225106	0.33087893861041917	0.22301371898636213	0.7810446575907894	0.8900354651027453	0.4421520746267561	0.5930135930997232	0.354145153025768	0.6522074443577693	0.15957578934903738	0.6491491763705132	0.5652404875406409	0.34108413660153836	0.24455068331877838	0.36310275538115466	0.6958888328318228	0.3633478149835083	0.13363152315401028	0.07874285490922561	0.04148613224503106	0.7481147538050137	0.3594084292556008	0.704299860086348	0.8790098924374398	0.18159841226288187	0.06959573398181884	0.5568084160836857	0.07114560832277605	0.6812729535381147	0.4820760551035156	0.2542275109954446	0.3619224341618833	0.6849178961592937	0.949429659809533	0.8544854522806277	0.3516385579863477	0.46291131096818117	0.16232922256654725	0.09860970508915057	0.7580646000538901	0.10882109423860442	0.1343047530824899	0.701649633207212	0.9205604456394982	0.16214621662509532	0.6682172357152109	0.5160943772231172	0.7426107383848735	0.5789853613898562	0.11348131287877927	0.280211998382335	0.4059901238141639	0.6240150154546639	0.03797103237749444	0.05247081472373516	0.5783252691059846	0.21609235822701633	0.4281308284999693	0.13731649790161204	0.08149328837447611	0.10572982778934192	0.7265096061321853	0.9894138052185605	0.03619148823373364	0.3440468319335952	0.40893310086437296	0.13722295539640783	0.35120247433655793	0.5044816450844647	0.11694889712244505	0.9780055126239278	0.26752209010500216	0.174417691061734	0.06529489182143422	0.4109929161265654	0.14827852400205532	0.42360528646494633	0.0357834240698921	0.5123767534952199	0.5552941565904467	0.6284093460629642	0.5041306999575798	0.3514915247155539
0.17503033480307606	0.7444694794098783	0.22809007802437187	0.7253466391613204	0.006818758990098317	0.1012167405258817	0.49738669227580423	0.9703643388318867	0.8188734966370746	0.42699241760532114	0.8939979453637635	0.8796597976452278	0.4530312697617699	0.37440775427244366	0.32435049713950304	0.9453914928593545	0.987109527624507	0	0.23536091293596162	0.5847156516297749	0.5218232885870774	0.0806384984954871	0.06715122343348245	0.021239476598794993	0.11235626682035804	0.1404371753454694	0.7279943497969438	0.08237567979998528	0.8739080651843034	0.5834436339594062	0.6596216606552997	0.8468543106846457	0.9189951603254843	0.6614629039641331	0.49495771031619673	0.9145212143802095	0.9197828126056162	0.9749373843648002	0.6391279295901575	0.4221272273109763	0.6959346749853378	0.38423080419891853	0.9916284542453233	0.7159908667456264	0.2617413179179817	0.3707236978882028	0.8572796763338536	0.38759730082758026	0.1457356596805801	0.49880480552820705	0.9366222062116605	0.7751156354828406	0.27270328518494025	0.4218162766569401	0.22862833391192294	0.36007605221025485	0.35106769344013733	0.8291110324716241	0.0009881836701227664	0.5846348592569632	0.9836620563676662	0.314960654436101	0.6421225994975985	0.7578464620214203	0.6244281285435466	0.8817160854362283	0.3793741341334965	0.5098149464768359	0.5286739368787156	0.4045507380113047	0.19300543308028673	0.15452760767206342	0.7787065331837911	0.8239490740003885	0.7561849360294489	0.24015331931634953	0.954381517083591	0.03470810453742712	0.15545428618722434	0.08176716315939259	0.5703431200392521	0.8516864356744229	0.3181298399873066	0.7730041222075898	0.16387586606376414	0.13973456104993587	0.5574363237929947	0.5111706619597517	0.5164564374961838	0.2520821760341718	0.30965536017664863	0.4758417095979617	0.7192069839802917	0.48228616754193276	0.1939712252291831	0.07396311658141264	0.3321041687882077	0.47371825647950494	0.7967918325854829	0.08835652230197977	0.26961620721847057	0.7232835211088477	0.5375271838967314	0.9066448836593606	0.5046924134714058	0.032026281907372334	0.7973851406162792	0.10144695927894987	0.1325130662672186	0.14131890612444997	0.5926231271392154	0.9528052372610298	0.7129643790065953
