0	0.226190038237678	0.401837616523282	0.303817782133819	0.447516373311594	0.311427320662658	0.544933870463103	0.466572454340972	0.772781255263395	0.403097625195612	0.443824412345132	0.45174630749453	0.394581551026991	0.38075420143441	0.487699722593418	0.35605573683123	0.448870642690491	0.42437805682084	0.466653660813762	0.435319154775059	0.348809011079802	0.387011904008384	0.442129638912722	0.487164238481179	0.42551869720844	0.941923599182871	0.609842695529647	0.970105335320377	0.661941432518304	0.485703339604531	0.494185141713	0.563999074575957	0.445198357098755	0.503865354337162	1.33521482362441	1.03865906519577	0.661643241352833	0.715137328200085	0.650229582456299	0.480975551533414	0.71522598082826	0.467983897430832	0.586677219384621	0.549663232951463	0.598467679572913	0.725552478656558	0.655919645180614	0.757941884903885	0.642735795333584	0.860294830374939	0.746729223669422	0.578899336746272	0.741709248818838	0.708245039784641	0.349431205050995	0.440257093337539	0.214114851319821	0.164366785009261	0.353793369084051	0.364141163289566	0.337281006764101	0.303232071309055	0.673388298874269	0.338800747659308	0.491297403041229	0.355315287715826	0.345495372197869	0.421716504807448	0.435894391459268	0.423676201387024	0.413901133237742	0.355343030254195	0.447771609505175	0.382027889676517	0.441024999847957	0.446882987757732	0.286480693503893	0.32965681001518	0.406809729294909	0.63298247335697	0.554791640018989	0.570360304856266	0.459457132297551	0.435330053921676	0.566174370907627	1.08994269754316	0.842294779894341	0.717103231075348	0.762015366646458	0.56420389557789	0.674590245348993	0.482588333876108	1.0833689090902	0.80914077730199	0.614780361037085	0.572614935613807	0.612204049969409	0.543047188917896	0.36377272420836	0.47826464319472	0.475611015508617	0.720132172925773	0.492873520340589	0.718153755319372	0.67680602026404	0.773843307476198	0.508251825602127	0.762824647649373	0.602186564217261	0.48433988834116	0.388351154371275	0.460722319933467	0.497604640934451
0.226190038237678	0	0.215204491206118	0.127037368008107	0.186532848649254	0.380695614092086	0.550526991335746	0.44311121483909	0.584898097233106	0.35614589729136	0.28780780126156	0.498937121173008	0.281499161354786	0.384473755877371	0.504650037552823	0.208682087520383	0.536525824683435	0.451781655814442	0.507115554837379	0.447282892455497	0.40360351461412	0.45401095094508	0.569956893871148	0.391910011162718	0.466489380219444	0.954001158789602	0.539624246261693	1.09825093963734	0.696529956432576	0.664603625499922	0.586997441067852	0.514588235803847	0.42406242375697	0.529661626525313	1.15723154097388	1.08997765253295	0.687141089245447	0.737759944516057	0.742560516407542	0.526618581041797	0.691005319836985	0.470596806472638	0.644238312241508	0.644203507704508	0.538704193604452	0.806601672791913	0.658870947783201	0.800891366830013	0.730711013103202	0.884623625317412	0.805344341486636	0.611811615346897	0.774422744688632	0.69228313713693	0.396268614333298	0.503703066231555	0.264629810846744	0.0742914079784064	0.170420910422252	0.134944507268107	0.140324069948688	0.383105541605034	0.663416983534505	0.420059666445261	0.640091901597533	0.32006838577745	0.236158580482588	0.196041650009911	0.324949673393765	0.505653314080174	0.37132976635485	0.217464362025175	0.449184280327288	0.458370095033054	0.37471084038778	0.504163366105033	0.420556680793282	0.301765778325541	0.414258882809048	0.616965458708098	0.63758297993102	0.451939679930569	0.532003705211734	0.476180061726723	0.555595864141119	1.10072423256702	0.90108436477576	0.731678767957494	0.890142433417378	0.606818047724215	0.672324984343826	0.454198291764629	1.07971878013792	0.792776351529979	0.738842119042941	0.593604433042448	0.580776866708015	0.650819544384101	0.384339470840442	0.465439484332758	0.645827698258496	0.836032368933552	0.475548164921263	0.830598687745661	0.661174742182314	0.825694486716101	0.71056285740888	0.793825141211868	0.651792141805893	0.490507047967142	0.359023131866838	0.390846947260788	0.507462754284135
0.401837616523282	0.215204491206118	0	0.0975479102067262	0.109222104409863	0.397650773226844	0.441017809919928	0.372801001877137	0.542466929185359	0.311655393835522	0.385905991162926	0.479488946957501	0.287719786257167	0.514729900014374	0.41815872709874	0.303881924067842	0.567484423095521	0.412526235150566	0.401783938986662	0.341225483324578	0.383170167819612	0.452875152583592	0.591809163758468	0.370895028187329	0.402329278603813	0.814826361649728	0.484605812914321	1.11113166715126	0.748215619320651	0.743043352115576	0.458870926401439	0.42069184763523	0.46693759625292	0.49571520592462	1.01192314258149	1.11810496686928	0.626989148158118	0.659352649943323	0.845848230324271	0.506539000546632	0.553126403859875	0.340168140034484	0.641240344945414	0.750304191774706	0.581969892671525	0.861739377997659	0.737596595207763	0.837675698211583	0.835104117095026	0.959288420777613	0.815256010366711	0.627118586422014	0.616695737418904	0.670948646698739	0.409517749449065	0.552708683246462	0.365736199554025	0.215173990258366	0.0847250160356163	0.127359628754895	0.101660925296785	0.407622635502717	0.532925234347373	0.396738115219528	0.603295227216668	0.288456594254882	0.368667606325796	0.274309050254875	0.291587935777783	0.506717803402984	0.334447133757879	0.301902746363678	0.424282308174285	0.430902533001225	0.44125547643275	0.453700249732212	0.399565765054576	0.291240342729404	0.405725056762448	0.525765101086077	0.576387337821685	0.401735165485859	0.547442687128566	0.387437018290001	0.456148870190427	1.15011574317854	0.903956244256766	0.72957988964026	0.756288129206916	0.439748267975676	0.618749831954803	0.384702235862566	1.01091660280146	0.752724991096477	0.727622023151411	0.541454971002992	0.518846835740693	0.664824321828826	0.328984923719244	0.485724145290125	0.771196863353487	0.906330116324367	0.458973405565624	0.879115930347736	0.743682578665084	0.869091698556121	0.820199013602364	0.863575258605254	0.68109994563192	0.568013163164639	0.381647258514086	0.452431134655115	0.473209128636334
0.303817782133819	0.127037368008107	0.0975479102067262	0	0.111299658112864	0.317142883529928	0.479546456701961	0.354343758857164	0.601539830519305	0.302015022360735	0.322416250041141	0.472286629736536	0.241734003930507	0.423895491016064	0.41356398920234	0.232894559380461	0.497535210826349	0.379684234314111	0.401560119733873	0.346909701401018	0.337875747834352	0.421557486684409	0.530525666930218	0.346382072409655	0.373773746264867	0.814287281652617	0.462328214206407	1.14641537447855	0.718758825257078	0.672348767061739	0.461915285729578	0.416179893878227	0.385343402587066	0.465055481153496	1.11855028122878	1.12110506577597	0.627728569948904	0.627805126055859	0.759256979834709	0.496077389743755	0.57297554844043	0.322703548063251	0.552452971729609	0.656050748741754	0.529252219185389	0.811408713089811	0.674697051657093	0.774562363512796	0.74997931570568	0.908895704055508	0.794003552879047	0.562229960189129	0.641998209033197	0.642694359053318	0.320586222209054	0.458585027676891	0.320246543112754	0.118527994110349	0.12757448353025	0.0823083479892355	0.077511112251594	0.360534969977877	0.592793792422358	0.361239229009447	0.563323835126379	0.241123645751112	0.291900455694264	0.228115174851802	0.256661738637717	0.468278413148731	0.314669147444751	0.258483952108525	0.407397400498435	0.383271020930311	0.391102655273581	0.439480228980766	0.32749749661551	0.262154533565355	0.359734947436112	0.504028316760641	0.563055692468094	0.394199717635974	0.513011082828521	0.365855462437484	0.455975291729413	1.08403613475652	0.861042332499215	0.689040352626918	0.762786784288613	0.470861820772123	0.617460723855034	0.38146465747582	1.08244097309364	0.732442647535555	0.689443740588794	0.516458403019208	0.468170471220398	0.581878349677996	0.293453516561475	0.441813199973988	0.666514448008434	0.832461305945687	0.415341629564245	0.81941285883259	0.668380137003287	0.843709274895047	0.750083362899524	0.815620053518053	0.626543641699694	0.510766445372901	0.344793977184955	0.298727726555976	0.44579396932865
0.447516373311594	0.186532848649254	0.109222104409863	0.111299658112864	0	0.467137630025689	0.470175583021702	0.400222443591375	0.57078948235605	0.38912077567878	0.394460487289199	0.513308286772217	0.292180419571276	0.54069882598314	0.457016422443303	0.290139053130947	0.610589974775043	0.393538891602163	0.497058945060082	0.372980650184995	0.404433967889896	0.469288539769053	0.67410335017833	0.378292385305109	0.509833105640312	0.852748578783092	0.542239498723192	1.02265588188575	0.908652758839613	0.869121289569291	0.55634220549605	0.489823366645247	0.492508658235277	0.500661058777626	1.10406888506155	1.19642088081151	0.789557428110284	0.759493497327144	0.99544676424045	0.66643012123589	0.704978222578035	0.411811170572072	0.723400918731594	0.870729967670709	0.746201605670532	1.04569324051739	0.922153739634968	0.980935375667063	0.971395313026437	1.05998966189354	0.977247314901081	0.755738726498202	0.667196177472802	0.832235411681892	0.489276419353238	0.602004651580311	0.416226369149115	0.202562919523845	0.16846899968613	0.164587569171439	0.0581548507345755	0.478387743064302	0.561568620046022	0.426560173192612	0.569052502986299	0.356806889779486	0.396413515683326	0.285578782393782	0.325273775527568	0.503966362974393	0.383249570777372	0.315616887989336	0.411646527806672	0.438342037078032	0.439561195924541	0.484313491979499	0.396147546900735	0.301923423637558	0.404980279610996	0.5782524417776	0.592245406634177	0.428206097851366	0.527858344837204	0.383754299778711	0.507675105375617	1.15362572448022	0.81423156962109	0.869715484431384	0.895632207645944	0.562412359294271	0.712879456787104	0.448939645654966	1.03448784553839	0.910386031150674	0.882997865843848	0.673799434725528	0.605461091975118	0.729785093985424	0.406681820665143	0.490346993772058	0.890611314092382	1.03914355337555	0.521628893879071	1.03464108783291	0.8605220339208	1.00416450272946	0.87692208996363	0.931784303360016	0.784475489184973	0.649196695705174	0.511520784879829	0.438506627240511	0.524642032860916
0.311427320662658	0.380695614092086	0.397650773226844	0.317142883529928	0.467137630025689	0	0.354043860232467	0.218097495354157	0.502836735437629	0.193256029007877	0.31416041707239	0.276338679934792	0.309357402015786	0.403815762286957	0.222576830644572	0.246074783167087	0.271797033892371	0.170750884172408	0.147938256918494	0.151462807734254	0.119646925102468	0.184917662084172	0.313403827661978	0.19206346480902	0.249595620184139	0.772534443866689	0.298822804437678	1.10362348675295	0.644344924875236	0.547405428247495	0.318602477640804	0.388804587052944	0.298684054040326	0.305887947895703	1.16125525531709	1.03427961542959	0.520171634277467	0.586543177510178	0.564808156929067	0.298106550238878	0.529610163288208	0.234638978648305	0.323953256833585	0.503805068193531	0.420243997733191	0.651212500119346	0.541322709256542	0.650076921874742	0.572849791077034	0.751477757613896	0.56445249506116	0.437379244800529	0.535265649672469	0.637951740237315	0.416145572675247	0.220583908569005	0.308343772990248	0.272367417902488	0.458533294174122	0.372641704692279	0.413150733370322	0.0602404707998088	0.453955070223283	0.148158737670257	0.457814818116646	0.150097334442935	0.300116094820333	0.378734039002433	0.302533324208218	0.3093639534948	0.166976417591539	0.257003528985732	0.288475111056795	0.143101236797312	0.307759163867265	0.234635630437974	0.177310010905904	0.18345496821599	0.129751003827423	0.451886791530701	0.391821796896213	0.247480038728831	0.310384575429948	0.238029928525915	0.288230510915071	1.01901455422079	0.810706336669248	0.557092940488214	0.736165397484755	0.358955878997828	0.454789891122499	0.372254388457268	1.12102890167934	0.681842938355546	0.574522472979152	0.359817530312215	0.386542095792072	0.452566529699189	0.246513017469125	0.316244041110797	0.507981914908346	0.649297494056104	0.263552318481759	0.633806518605528	0.495048423702841	0.687494529187785	0.588884502410737	0.693634474156967	0.508765703202718	0.53994282210531	0.428442192817813	0.413462796630217	0.238779041000326
0.544933870463103	0.550526991335746	0.441017809919928	0.479546456701961	0.470175583021702	0.354043860232467	0	0.129550786347512	0.630447483672429	0.350484922391893	0.585824648423547	0.540652276626122	0.556760925575339	0.729107839553842	0.521629528593225	0.481541189411211	0.493718878538233	0.404283986552861	0.316524199873203	0.315046540023256	0.413798913777767	0.382729412861171	0.543348298400401	0.457872283955267	0.509453796914285	0.94681881451318	0.444849855595192	0.926241070962875	0.732065826852168	0.743399647705411	0.504600667804546	0.579011650677985	0.49474449414488	0.547687996551488	1.15936709879804	0.902654574579178	0.691062358416872	0.650301471619868	0.800619621412847	0.554204705733723	0.630789680115442	0.479756862894494	0.601916410105912	0.734062729103755	0.741066346634386	0.858155533614305	0.756427852772598	0.74150999134968	0.78873728410548	0.836485135351556	0.697354260828233	0.582960836183438	0.768408419169067	0.859068618830164	0.69555258515381	0.374533818708658	0.491742053187574	0.461306970185328	0.585305951550495	0.544856484608852	0.489232375059904	0.325469297770964	0.0371729098030232	0.151193665716819	0.439192189787576	0.344237438241825	0.531129176888704	0.593762520212146	0.51364420375209	0.571482962092337	0.471022848521255	0.529943227619388	0.541735308063172	0.398441340893778	0.431324501835148	0.353833302652302	0.366631619745972	0.369604637493446	0.32751204084237	0.629340637256492	0.495549848418362	0.445656366621897	0.555958858208623	0.344148445091335	0.41959284219197	0.95602475184769	0.734314657277811	0.682170204273747	0.789357345978602	0.532322408121351	0.623981943274862	0.468698488448843	0.962065680898451	0.676475386222941	0.653189180825365	0.513806837426198	0.520305238294686	0.554743665514079	0.493613176325462	0.546395496582499	0.767640590516134	0.764355469067101	0.510561681217036	0.772396833270937	0.709080682479326	0.769217383404563	0.668907860364632	0.776694529888885	0.629007971286365	0.722731105896122	0.678157752178265	0.638421986807737	0.362144388975505
0.466572454340972	0.44311121483909	0.372801001877137	0.354343758857164	0.400222443591375	0.218097495354157	0.129550786347512	0	0.490033707464325	0.162251370216631	0.416690636293997	0.433478993368352	0.442924638537002	0.58197630746075	0.388394669333475	0.350114753100372	0.386286386660797	0.266628020652778	0.192942135947204	0.165907757214285	0.250851472233036	0.263987894135549	0.430471176995723	0.318107953254569	0.331030128780752	0.894640654404492	0.257466472491192	1.00383565788599	0.629864365319975	0.705648804842909	0.389715576192455	0.528140571867778	0.319217433598039	0.383715247478062	1.16277997348081	0.859876497689896	0.614576161490354	0.610509563238635	0.645717333771232	0.454670520964921	0.523817544794972	0.345026162779315	0.457595702302936	0.613150999180127	0.553254063854312	0.743201626363849	0.566542939101741	0.621406422267955	0.660536311712315	0.70442673017479	0.573784344889798	0.402296979675393	0.667728257828119	0.726616480706222	0.557122024911454	0.246062655293626	0.411162009788606	0.36977042518364	0.522519830926168	0.423282201836146	0.415635850345373	0.192290213275403	0.171004683851843	0.0887463402003839	0.505275508164705	0.162063125331028	0.346855954631612	0.42615649815469	0.410510381508774	0.447638004996392	0.336380911720231	0.375929082303453	0.418614758377082	0.245552997690163	0.257679307146277	0.273544381177885	0.248947932906334	0.210816155736713	0.205417882659421	0.487421742571503	0.424745509423367	0.298241467662651	0.42779569778724	0.224773506714929	0.256292488534359	1.0044878575232	0.770173531163999	0.584343358947678	0.766047050490624	0.452749503593662	0.580783464700194	0.313168328294129	0.958701221239191	0.624394897626131	0.593414465952108	0.390363702413576	0.360423042613947	0.404159037722118	0.413094631639366	0.40022125663134	0.744367522918115	0.697928254751721	0.351866403318726	0.686547272282662	0.524121158388959	0.700642438845193	0.709818242428319	0.65732745189971	0.497077120024942	0.607150745561371	0.564455907793351	0.567742222249393	0.212818064260083
0.772781255263395	0.584898097233106	0.542466929185359	0.601539830519305	0.57078948235605	0.502836735437629	0.630447483672429	0.490033707464325	0	0.43824607864407	0.532145275356416	0.648006880959967	0.599124665192294	0.792560506333505	0.580006266579175	0.531454545191192	0.739326669922571	0.556004883310543	0.550163224130908	0.456835226781827	0.511461439446913	0.547674383553901	0.74727655661381	0.445778595855814	0.565851966344397	0.934550017152185	0.475130620265491	1.06958323918134	0.725478079208223	1.07593708022651	0.747707917897984	0.757433124282074	0.565366476920733	0.537057802239091	0.855919241010936	0.867765460082443	0.84115149616035	0.91444147718254	0.763200634303277	0.747148604985856	0.721505695093306	0.631303270852131	0.613248187250231	0.769818040559054	0.576782159855394	0.776032621982961	0.643091347498982	0.81694495169323	0.793829471977012	0.755678392146882	0.730853619598743	0.622019543320559	0.71946640962214	0.65448374641046	0.81596031846803	0.697994550936619	0.739144055352726	0.684592062127967	0.664560366020586	0.622444116349354	0.650893662316772	0.477422078727152	0.633787542692851	0.583896746209335	0.837649518451938	0.46240874049929	0.597122042525305	0.565693146602842	0.66380561705319	0.660954521519502	0.547742109821781	0.519725228385242	0.539882290049729	0.561916287738222	0.457054118517971	0.640012849601512	0.653432682617313	0.530355114739554	0.503989403506542	0.634033579742642	0.764738442238292	0.457092475270446	0.621939453550157	0.604690718662439	0.558620311776953	1.13981920469012	0.971885924795349	0.698711829175986	1.05346893307336	0.812956867514892	0.765516007093491	0.640299331048487	1.02197535044883	0.875725784454806	0.918047959679752	0.682808029866169	0.696402682526075	0.77182873488837	0.708973661796253	0.678081114727365	0.917908514461114	0.8163074049151	0.531667294876868	0.782697880388401	0.572986426729508	0.867398065206498	0.878863571995034	0.725008140182084	0.738704808671877	0.700592381735894	0.649322409448286	0.733733999334554	0.589610382455142
0.403097625195612	0.35614589729136	0.311655393835522	0.302015022360735	0.38912077567878	0.193256029007877	0.350484922391893	0.162251370216631	0.43824607864407	0	0.385136813392446	0.474371032154381	0.413622604724951	0.508462988122412	0.382734915541273	0.339544409544597	0.396103315131127	0.240273643704825	0.202307294432954	0.189489219820905	0.224450149353614	0.239637393416691	0.343597225665988	0.24476776556553	0.232006000994941	0.860656149698108	0.243598273827197	1.109566731595	0.618786107690163	0.627415881476704	0.349506075940874	0.509969759162009	0.308211486553521	0.310386567001391	1.10097476112947	0.941605701539918	0.477233165747426	0.597931291962872	0.548322755328925	0.318161162161	0.472467345231533	0.295608495736914	0.38672052979273	0.599167109879793	0.411909199542878	0.690845932954078	0.499920185699347	0.605600810589187	0.639266519451705	0.684599722837031	0.523229837992976	0.361906079102286	0.655132139291213	0.613093002714499	0.511728613832336	0.281439915160393	0.342855570541535	0.333222472176309	0.425021865580707	0.331091379855	0.374771864140192	0.15133163030261	0.412047590317411	0.198799106594514	0.651585148521418	0.0905498357461831	0.32552538573415	0.355401385830407	0.391267428966116	0.454260339893965	0.295346626299023	0.351445525858451	0.380615723393449	0.24383716717637	0.29476599222743	0.313321774320778	0.319060187075772	0.186092591964585	0.199933475249871	0.500090872142564	0.441520726871914	0.275463234754977	0.402153386821329	0.277624108590351	0.290702141700345	1.02838097911317	0.940220406274819	0.582124199950894	0.766056093087982	0.411272765415932	0.569024083803145	0.295898588025491	1.01144758823152	0.578610960430262	0.604888016863751	0.393464159004825	0.34513738423901	0.493986512401733	0.358125944239256	0.37533056824443	0.709814121590291	0.710449905431381	0.309804836021651	0.6806503107141	0.47765437854801	0.661311789312714	0.760355592720913	0.619587351030891	0.477231140098168	0.61302483212386	0.439085959967947	0.594403872902409	0.191151736650036
0.443824412345132	0.28780780126156	0.385905991162926	0.322416250041141	0.394460487289199	0.31416041707239	0.585824648423547	0.416690636293997	0.532145275356416	0.385136813392446	0	0.170833746578319	0.161940905442553	0.223085745855598	0.184055503713634	0.145058127072939	0.4359681606076	0.311434925735708	0.422882411137945	0.319951500200781	0.220478418460434	0.424172559130754	0.686051292704156	0.355663289597909	0.433550864883309	0.951854829138959	0.489940955636477	1.19581327037825	0.764476181915018	0.598726436417522	0.529679895266533	0.454573956068101	0.252737108944546	0.386024164194238	1.12127862125093	1.05354169275298	0.926395614921251	0.833741010900351	0.762987143408073	0.686762575184201	0.749811287452999	0.466722077901095	0.545951404509784	0.525990616572591	0.505870696420246	0.73558871181906	0.672505772187092	0.819486846108567	0.698319847588154	0.839350043571263	0.843897542594888	0.521582038076952	0.304933682017755	0.559056508325388	0.391140772474	0.47311346374545	0.400335418367984	0.291297759845495	0.387712694933151	0.333863026991768	0.393228577372433	0.331628633185087	0.655462272655993	0.404518832732385	0.659518431518394	0.380105042122628	0.134615434962818	0.110445515211278	0.250194168235179	0.207241650183526	0.18121560050664	0.208779106228854	0.274489399821189	0.276083686606603	0.418359567224765	0.542574827516802	0.393456953264342	0.304464681991564	0.315918069490699	0.426402200724346	0.523066803283574	0.390733003625903	0.393488672252429	0.380747370121484	0.433734149784801	1.04434922235604	0.974396362763642	0.693674400247505	1.01549950679314	0.682192723843278	0.496340386332629	0.36699888645924	1.09914218370915	0.98005353918342	0.933822705186506	0.611955370791793	0.65048446234517	0.5907000653303	0.358445811397729	0.495613134050914	0.725706450422366	0.771039895414128	0.385171788329929	0.734937887860343	0.662746531270304	0.899546457304797	0.766784482079913	0.812260609180231	0.691718800321567	0.331359985562551	0.352573849104087	0.451844225957927	0.443822560960938
0.45174630749453	0.498937121173008	0.479488946957501	0.472286629736536	0.513308286772217	0.276338679934792	0.540652276626122	0.433478993368352	0.648006880959967	0.474371032154381	0.170833746578319	0	0.182423343521728	0.285336983718335	0.104762600419211	0.248380538404623	0.42957474521167	0.263247617092085	0.367601294639328	0.273310029812794	0.198114732455293	0.352275137642341	0.659321566719043	0.378928981050931	0.478741485131702	0.888617064078376	0.594066769448608	1.0437933803368	0.854572013107426	0.538674424186665	0.418582199986138	0.46581022973465	0.336314465277902	0.369517876667902	1.20075702091599	1.1199312314711	0.932987074599237	0.835941232754158	0.838684919588049	0.650726720467203	0.726790032083258	0.416098506612941	0.569982409797787	0.548617614518314	0.650989017289387	0.810556775392079	0.826505952103814	0.910485753614606	0.735721587852403	0.971937593020353	0.881413553110818	0.664536482170173	0.223621645862487	0.68695774322014	0.437788793888985	0.476151156621104	0.366628475289039	0.37553077561471	0.503842635369692	0.487490023300868	0.491589119486485	0.313711134970749	0.60672711321307	0.333737773178818	0.51881637867017	0.449882538728131	0.26058136170596	0.290278469445929	0.291015426739787	0.131834258340054	0.162933525128963	0.309226082670107	0.257341060607509	0.220213917477573	0.474022060723751	0.465566344652869	0.299910098907121	0.345684870872704	0.311517807323612	0.426550693453064	0.533129957851792	0.430353374364135	0.361626786034915	0.368219753000911	0.478708096437189	1.07201165428157	0.851034741312469	0.771230525857767	0.926444273719157	0.581374673963275	0.514650653498558	0.449816880163536	1.11948637988856	1.03603557256565	0.89906718145452	0.625586331145199	0.706670123615803	0.604838564349351	0.290456438455005	0.544046858091279	0.702024920514265	0.812865921835625	0.441698230549208	0.781306338525354	0.829123189136859	0.949162761381032	0.726949201844072	0.944437309708364	0.798655020976265	0.432925661084447	0.417021513532126	0.513079228424642	0.48132065980395
0.394581551026991	0.281499161354786	0.287719786257167	0.241734003930507	0.292180419571276	0.309357402015786	0.556760925575339	0.442924638537002	0.599124665192294	0.413622604724951	0.161940905442553	0.182423343521728	0	0.237409600568992	0.143360602746774	0.149454180165426	0.492803686198861	0.294119691362055	0.357670653663672	0.30221930017759	0.264913062054639	0.391963842400093	0.66987597548594	0.302344049398701	0.418253125527725	0.82539884529304	0.500492548115266	1.13002714774085	0.801264042225238	0.588054030752805	0.316930828161518	0.288538117597307	0.318567928221493	0.324923869617808	1.157225994387	1.21612989495212	0.748430326422217	0.703767761258991	0.857832931323487	0.568946198397926	0.612237427341656	0.290097681155055	0.565354375972105	0.639175610814493	0.544349062493425	0.836762396242717	0.795647158256646	0.919073681604616	0.807801634126872	1.03649720851059	0.867001230496493	0.67640859976499	0.270331318508001	0.65256913614866	0.415925955600592	0.477737681888085	0.320910728821132	0.232336712288178	0.261875896987785	0.259156996893562	0.240465547659566	0.377460298742593	0.653032670255962	0.424423715267388	0.609423538005475	0.35846945131548	0.183918060164579	0.142596088622963	0.0756349628907491	0.262850602180367	0.111600899140957	0.20918007919781	0.233289490620074	0.303609846117071	0.434956270092917	0.420059510470139	0.365763919630737	0.273293433617871	0.303614724235906	0.40515361352177	0.573436073930843	0.381776799411221	0.427393844399278	0.367675126045721	0.484937398408934	1.10180263174393	0.928252441083957	0.748431474197487	0.878651917269355	0.445344754770717	0.516520658573837	0.353204750847537	1.18606904618344	0.946379993255159	0.891572871057976	0.606327806494299	0.609888249074755	0.654840081537009	0.204979743715247	0.453824640789735	0.767717019180155	0.905150193198857	0.459077952858626	0.875999898426761	0.835283822446579	0.986018448173001	0.831250702117628	1.02032652402196	0.802127565513037	0.411192657928278	0.367889952613336	0.411648196896446	0.464912260041777
0.38075420143441	0.384473755877371	0.514729900014374	0.423895491016064	0.54069882598314	0.403815762286957	0.729107839553842	0.58197630746075	0.792560506333505	0.508462988122412	0.223085745855598	0.285336983718335	0.237409600568992	0	0.273257016125404	0.261638622534677	0.495633251923598	0.356101982490451	0.464556452797487	0.454478953641439	0.348541044050298	0.491970434164908	0.694267265457077	0.481412868630988	0.44406688025707	0.95923001063818	0.663088203194595	1.13210681454319	0.802264897614246	0.446432243299802	0.463767433397241	0.395590953990615	0.332903974152039	0.386529783648556	1.198531845275	1.22381943553568	0.920454187055714	0.771696449219952	0.753005848647634	0.660984094326259	0.708829862674982	0.51016347754076	0.661229938904515	0.571578644586734	0.573550966754609	0.822663027650166	0.788670107075704	0.901786926648548	0.761236249816498	1.00244446816322	0.905823836583171	0.634685148443332	0.399573576574389	0.722631778412436	0.388772134844206	0.474245515050484	0.361965712667837	0.352757827942035	0.439314226061173	0.418455389771892	0.479514740670837	0.445345241706565	0.825820796944522	0.523176839780613	0.715711092710398	0.489180792049703	0.226691735336916	0.198816361433546	0.305692216137288	0.269088143224896	0.257941320633479	0.303160763475609	0.347064154761249	0.340586283030277	0.518748022959621	0.625846211368922	0.467866887695731	0.379459780945205	0.435877641804698	0.463524719306335	0.663983599929239	0.590510207130452	0.456487157589119	0.481230054776714	0.623265813059036	1.09216598510024	0.95886614359985	0.787105240463289	0.994358331033898	0.634228267471528	0.53268663482241	0.442073306076676	1.14352888661814	1.02190861013475	1.00360814250761	0.71824962290257	0.778241200013054	0.645960334678669	0.377806237360066	0.574119708310788	0.723075776349788	0.911407494628635	0.550640347827634	0.878165316617218	0.837617814548177	0.975903413245498	0.801347916420339	1.03661325393391	0.786394614426691	0.400077744710221	0.416584520407089	0.506395924618981	0.528887631854977
0.487699722593418	0.504650037552823	0.41815872709874	0.41356398920234	0.457016422443303	0.222576830644572	0.521629528593225	0.388394669333475	0.580006266579175	0.382734915541273	0.184055503713634	0.104762600419211	0.143360602746774	0.273257016125404	0	0.222248274194546	0.350204839045552	0.131911210568117	0.242517387884323	0.174944636990722	0.133154331952145	0.259639605042654	0.56547411762193	0.254087914259057	0.340088242640545	0.80836592405011	0.439645550711959	1.13670411610528	0.888871612112922	0.599953461264151	0.334330297204315	0.350552127329292	0.280724386267525	0.216741442954333	1.13518582750637	1.23020563399403	0.822082754420138	0.792152921414649	0.851979772741895	0.586739048640158	0.659998929279669	0.30648255775625	0.519985532834119	0.627424954086966	0.628593252037295	0.857817247566563	0.840490446670145	0.940435491804452	0.776467773539257	0.991428817164132	0.824321454755619	0.629936530838217	0.152037636705112	0.731630622519066	0.474416774059396	0.429913006039512	0.393316797975086	0.398273944430381	0.461293717032095	0.440222380748549	0.458369646508596	0.260525443867587	0.599136006478807	0.328603022694234	0.504424641382337	0.35341418452713	0.306508651676594	0.288349669219029	0.210590552014388	0.139684084550928	0.0689614727179072	0.271958820814402	0.174959382810479	0.135569372779075	0.450662181483677	0.363370125525042	0.276605151602872	0.277840920089904	0.198111053885264	0.355281844083725	0.44990990048452	0.301663018681719	0.279832075495588	0.253101574578758	0.349651223337669	1.06278788981996	0.947058476044423	0.744806955936425	0.951522881247758	0.473137164922412	0.433614408683739	0.402104291850571	1.17781651798021	1.01960426849611	0.931961695301199	0.573061817375522	0.581371214135246	0.62079660281382	0.261745854872732	0.46435833121229	0.797149013260492	0.89922516600285	0.38312758253936	0.853926179022749	0.790424655647748	0.988690358516964	0.828263904977946	0.966463591685005	0.756273575207688	0.507503925978901	0.494441287849821	0.55184356827828	0.400033571054845
0.35605573683123	0.208682087520383	0.303881924067842	0.232894559380461	0.290139053130947	0.246074783167087	0.481541189411211	0.350114753100372	0.531454545191192	0.339544409544597	0.145058127072939	0.248380538404623	0.149454180165426	0.261638622534677	0.222248274194546	0	0.401951765220566	0.27568707431598	0.361595114188208	0.287227638930705	0.213595935468705	0.369977563591264	0.605171351200075	0.268077119478684	0.358030453179044	0.896560338672449	0.456057901207456	1.11094497131499	0.754807247033196	0.668492219167065	0.492752946686523	0.385755965358378	0.319747617737477	0.360160759640614	1.20959854359045	1.13767006356284	0.805800444926246	0.778404323229534	0.778756594069709	0.555270159555772	0.658606124010908	0.391436818275565	0.53502340115412	0.612234212936976	0.548458227176196	0.809302607615767	0.670231016964671	0.863295313684615	0.737556039856198	0.897633160088014	0.852807615369242	0.585319763636242	0.489158406853625	0.707683445854475	0.425883052425652	0.3887400571426	0.336179377753357	0.183764963065203	0.325659102235816	0.286660024069199	0.272478169543433	0.275502487206711	0.584541531061829	0.327807168049268	0.620056881636559	0.289606480645159	0.173150259931256	0.154338931209196	0.20636293168494	0.250903027582063	0.16890190280657	0.0984422338390865	0.254017415735947	0.284337762618309	0.33146543002477	0.440179906971417	0.316018674578793	0.227441538607179	0.275947687894625	0.513564268840749	0.51910301418404	0.364324014681691	0.434319516397532	0.31269591626125	0.424888069258722	1.07770115476443	0.930736456092645	0.720312068621237	1.00352754069366	0.606873134208265	0.563389115542558	0.419407922310515	1.12224723485231	0.918303393857844	0.887994741500655	0.606846449886453	0.592779294085041	0.586210066658649	0.33339864060566	0.421121650881851	0.675708107240223	0.877506299116993	0.37964881188097	0.836281627705058	0.670622850517359	0.93829772362085	0.734174355216495	0.863590338815352	0.684959850278477	0.45462996774735	0.442065333254929	0.391831288668623	0.421123655058411
0.448870642690491	0.536525824683435	0.567484423095521	0.497535210826349	0.610589974775043	0.271797033892371	0.493718878538233	0.386286386660797	0.739326669922571	0.396103315131127	0.4359681606076	0.42957474521167	0.492803686198861	0.495633251923598	0.350204839045552	0.401951765220566	0	0.253636691058729	0.371809722510817	0.338592146311071	0.245962155319067	0.343657555528629	0.457826281962018	0.383873797664492	0.451980750564796	0.936467412182705	0.480190572240561	1.07422143316766	0.858579480175883	0.682988456755089	0.498330489909973	0.528054680341195	0.396791995523982	0.432690252005772	1.1859343587908	1.10342828362239	0.750262234473095	0.813953021561945	0.750703157209825	0.552209556993862	0.752630586808467	0.435453174507921	0.533554321706107	0.615824998034856	0.65202510017823	0.806165163060168	0.715742364951123	0.779337502751134	0.687538239824486	0.815051339477889	0.727424594461452	0.583311714672618	0.604780413167319	0.775145127231267	0.51371564050788	0.245004118940711	0.465509952859123	0.436018878543699	0.616191204371403	0.557561980425919	0.577726278375614	0.248915561673989	0.578717054279181	0.290695945573413	0.490542790905381	0.346707441205473	0.441607199031693	0.524634092951614	0.466383948544844	0.377289022802938	0.31849246427069	0.370253584428677	0.373199367371503	0.277716794865508	0.37848520083548	0.347251542041626	0.330278730192427	0.331786445038501	0.295576209604699	0.621252583885637	0.435145560044715	0.444709981475519	0.493794322019059	0.376867030135267	0.402003912431031	1.03344427281167	0.853030584994935	0.765933165466973	0.832405273647693	0.580396568378002	0.588719310522897	0.545792231491033	0.999335694349661	0.842242018164809	0.778417513270094	0.60416593768659	0.635906856409949	0.578751450897052	0.444796012979568	0.456789008958276	0.595984280395273	0.802140641431165	0.461646690189288	0.795102347052256	0.725051920752531	0.832671826197732	0.62819809085984	0.787919355391364	0.63445914857298	0.628509908207274	0.632966873125743	0.608146093261242	0.342645943400098
0.42437805682084	0.451781655814442	0.412526235150566	0.379684234314111	0.393538891602163	0.170750884172408	0.404283986552861	0.266628020652778	0.556004883310543	0.240273643704825	0.311434925735708	0.263247617092085	0.294119691362055	0.356101982490451	0.131911210568117	0.27568707431598	0.253636691058729	0	0.175530899150519	0.101886131634324	0.100684397853608	0.150878660289653	0.377873864622231	0.134333500747918	0.248992637434238	0.785532402274118	0.336376932231002	1.04581999204888	0.885054272843893	0.67181768051275	0.331745948684998	0.375084845009441	0.250324195078308	0.171690969299199	1.19776817204369	1.22929039681952	0.725306707866113	0.742459249472512	0.7739197553477	0.476973870552301	0.653909579005638	0.278067113773367	0.457419872215191	0.667205149102557	0.661541453860793	0.919311119756001	0.843215953493966	0.886714353397847	0.743664869665952	0.91878171978853	0.796489689813886	0.574409435662653	0.384681338836754	0.849175662942433	0.5086569747572	0.27092327095113	0.328745342920279	0.350432333928359	0.482055319644367	0.418225298286078	0.413263892339614	0.162359411325271	0.492403387466971	0.212536544454179	0.448626761762082	0.228335969758527	0.366461242670176	0.363580343269676	0.308914650151199	0.204001960851014	0.130581424279501	0.276506583175705	0.174402390677482	0.0457283269930788	0.290773483598925	0.244789705125225	0.179300088487882	0.194366448885762	0.111648886882259	0.370410044731644	0.337006814911818	0.19802816739268	0.205640688332181	0.15894591086462	0.277958441887548	1.07294741529741	0.799764881278995	0.76835921349068	0.929240141999076	0.422684927245164	0.447461445842182	0.376557299154252	1.17304193099902	0.964884527745739	0.872594316777242	0.513135267447187	0.489716890845215	0.569798973947127	0.277499745065264	0.351671059344529	0.797325564325839	0.924078547722325	0.351876536966296	0.889106158160676	0.752201944791373	0.9271281303266	0.777427189790941	0.879285621449143	0.677576282950014	0.652525456623391	0.559897452909053	0.56574629319919	0.249506597476626
0.466653660813762	0.507115554837379	0.401783938986662	0.401560119733873	0.497058945060082	0.147938256918494	0.316524199873203	0.192942135947204	0.550163224130908	0.202307294432954	0.422882411137945	0.367601294639328	0.357670653663672	0.464556452797487	0.242517387884323	0.361595114188208	0.371809722510817	0.175530899150519	0	0.138161267073154	0.210335495753769	0.196526522784974	0.376353300031523	0.23179273379242	0.213261666967878	0.775394823495419	0.243590850210945	0.99360659751966	0.62479585236813	0.600153682412385	0.208497917810572	0.404981894745428	0.24676919850136	0.236446549395028	1.11976665191733	0.98835787431211	0.528015418651786	0.535105880949797	0.633905504787643	0.325258500797596	0.425318078405057	0.280384008237672	0.406864082176769	0.636718158497245	0.497167221643426	0.758650589664559	0.630599928499519	0.71219516165143	0.6928633980201	0.779853737871932	0.530033706509029	0.415790309831746	0.522341178540872	0.747011735934382	0.497371979959674	0.245043152745464	0.381715733642376	0.410715549202766	0.53795554821639	0.428715179120232	0.488864984011711	0.146573371307744	0.397981325949899	0.166575958397923	0.477830065648871	0.18453950798681	0.372235179091153	0.431707403375611	0.328861719230524	0.390879148944318	0.223307585308397	0.371518164473929	0.313510429672709	0.169197225700862	0.293752670466078	0.183653630115477	0.245822097114073	0.186050334654567	0.158143203193116	0.407631704260098	0.471224843087271	0.256579180236713	0.317624842315194	0.244147954397327	0.307435831485986	1.03475147482876	0.810482361161255	0.52833843421036	0.740630521798441	0.295622575648591	0.512203551140212	0.288720862554915	1.09520944560115	0.660406199376965	0.646569385157747	0.379692622837107	0.376426530027595	0.412503697801191	0.339019218893178	0.365877429643248	0.684322627783011	0.768807340035979	0.380634425331116	0.751796633980345	0.592281890998906	0.747431347698668	0.731709557549487	0.800388848113086	0.558708916088493	0.616431791079128	0.548306086716128	0.532667068837763	0.224633109411545
