0	0.228142726798414	0.313226522873803	0.34014625671952	0.436893720161699	0.347401527925666	0.553570084547317	0.532839234395841	0.519509886988308	0.228324635594263	0.306603403664643	0.337079930496075	0.43446328414639	0.319777618516112	0.381977510277214	0.434929523559159	0.526210151976442	0.351034786930215	0.420659076588083	0.254109226867971	0.331050375717733	0.453779696539493	0.313869498803291	0.357672637281802	0.344728901210335	0.873365221211162	0.317925892748197	0.732736845595281	0.186334107444968	0.328416434524947	0.542524648049169	0.377780268705388	0.37277878013007	0.43118429463449	0.559393664456782	0.493561794614644	0.390541550052516	0.726844885525321	0.520192265091875	0.302056688392368	0.403106109221479	0.408785496619008	0.629618980172977	0.318754895989217	0.382163882667207	0.386725768103139	0.305582467304352	0.244984284644139	0.361346518639705	0.4899004532998	0.601744675090321	0.370296736618594	0.496709961701593	0.499819037864533	0.427280655403759	0.31520727429732	0.139720755619461	0.179196802150292	0.320296996100527	0.311578236275764	0.408826010712072	0.357639571627166	0.627104211792269	0.47442612779191	0.968635973395487	0.32187032044894	0.233454166308341	0.305361530509124	0.362641446801188	0.328506094767626	0.359172804369524	0.467062011330412	0.74032575485463	0.317500592164997	0.514130188375807	0.553779934796032	0.431362996445391	0.420280232099554	0.502283851165878	0.435539585840493	0.559453100542382	0.437097464699918	0.505533650145866	0.352910706001536	0.457818896731242	0.686325987551768	0.410608630272628	0.291980568232885	0.446991339999191	0.603423626358287	0.578523511858358	0.424612163422144	0.705886180793685	0.365882506283386	0.448458071697536	0.516613263564841	0.251290320636154	0.452332044390519	0.367243331940941	0.562404457059275	0.343789534174861	0.513876317770921	0.42650160040405	0.506111155552682	0.315686482696274	0.437007083053456	0.26457108622542	0.522015869852475	0.476410039061456	0.446689914361158	0.33775575276511	0.46923450322902	0.374636461966026
0.228142726798414	0	0.0735711677180092	0.0721167842597058	0.100945136773758	0.17167163964281	0.369672209662576	0.328854751376435	0.366942065182124	0.101644114782663	0.263661779124161	0.301838021553993	0.209691810305912	0.253350842107866	0.223948530486294	0.173996928462698	0.324960439717553	0.246226614745949	0.222741849150371	0.297911320411448	0.270897177774833	0.237123663853436	0.238264930660324	0.183031409383233	0.314489975364514	0.710716017336467	0.185819537851455	0.807151990145072	0.227991003541333	0.361038361467723	0.269155060753464	0.523069939610917	0.199641799767654	0.284709181701067	0.883341805192847	0.549616458661278	0.355648216430911	0.821192052700213	0.427485250331449	0.184933077200939	0.3327933651876	0.253508346435982	0.42885030995344	0.489007385444804	0.345803334782876	0.43858299380711	0.292353258558027	0.38101637053441	0.465557203980711	0.450089391129349	0.502541796699243	0.436236736063815	0.586404897919913	0.546830425963563	0.624720524007747	0.226245092217541	0.0980513677875468	0.0279336307324183	0.102643920930131	0.0645060513368547	0.100427770930117	0.192456708460628	0.422646346621513	0.288246411402676	0.775939156896565	0.130776394746261	0.171928717536863	0.209187434097328	0.251472352639632	0.502015354340529	0.229660442364549	0.201545752340958	0.461380543041779	0.255351452896251	0.254231571765252	0.327491483038746	0.473957298936495	0.295357058490331	0.285981842797683	0.452592137601195	0.570333582365229	0.281432978250459	0.434221494652928	0.331136897581764	0.421067651098667	0.784119674534452	0.540917899511942	0.396596703553634	0.607499947435785	0.417544590546477	0.742026770725659	0.271420207377875	1.00092501866051	0.485237708737932	0.434631646434456	0.47698720744013	0.3084758642537	0.536537156916854	0.355622028641077	0.429897207931258	0.606892151518955	0.655164731156986	0.4512652464274	0.648188150594217	0.405589219043913	0.534564557058201	0.372031594463397	0.506409745451898	0.618280695111865	0.435024943202172	0.408097443434975	0.6699000220938	0.221631877255156
0.313226522873803	0.0735711677180092	0	0.0589724738147228	0.0589357907269996	0.182003437211163	0.407089917365802	0.342978380687409	0.427563600399383	0.172003888932019	0.231729141639098	0.26952428076197	0.193020970939332	0.295622564284507	0.203989726657959	0.157377218762249	0.275312901372716	0.260973797895408	0.262240051932294	0.358994090957741	0.270712096621299	0.24827873831172	0.250249750218764	0.172539170111657	0.31756888881461	0.668125482026533	0.16763180159606	0.83896395357758	0.249195865841051	0.376431121746766	0.280432847838507	0.53795815914159	0.20816507061779	0.342521182717887	0.900300272824884	0.607147095772447	0.34113380588329	0.745110204819715	0.381333461368799	0.201504890459129	0.314694053338413	0.213920339142937	0.502851193329038	0.484857520911055	0.3088114485942	0.39711514843289	0.277595857788483	0.393982456072607	0.428777599253824	0.400380381242805	0.503074168223973	0.443281015754838	0.511296672143098	0.486922071313825	0.626424694201267	0.233447528962318	0.133248838194498	0.0574531943199343	0.0342341877007912	0.0675307873491404	0.0380026396518583	0.20282791526373	0.444498900231735	0.324423987439487	0.809673084045681	0.164780415975565	0.243543791079485	0.175971450813352	0.202211653700037	0.495126040974786	0.183336582652096	0.170952696661269	0.446938378394409	0.254408954641699	0.266328222171253	0.354872913173865	0.563695052527916	0.322830544445897	0.289888475952207	0.401226068421287	0.496386082481397	0.225955589060701	0.443143628529397	0.328468615691325	0.370406832214885	0.790372883393557	0.597537263137207	0.384029470648075	0.657248198155098	0.382134365671896	0.650597985620249	0.258073865179227	0.931531125083593	0.463053263817555	0.396665531927022	0.416772137015181	0.281453196134844	0.528888243333615	0.29079975398374	0.434842477900664	0.621758601440125	0.635268881238204	0.39135683870987	0.592741485884732	0.414944094322653	0.532307704966562	0.349983616584138	0.450901917783261	0.650227108013588	0.414218658057082	0.344527214106296	0.718796730260964	0.26126103098861
0.34014625671952	0.0721167842597058	0.0589724738147228	0	0.0547345857179498	0.224482790722568	0.399776722827983	0.372964244960954	0.421777902547415	0.147625223558081	0.273859070927453	0.355710529970405	0.221443011044277	0.267823408280403	0.228019993220491	0.152451658050689	0.349029174383973	0.27522354587899	0.262744085618037	0.33489058605533	0.290356709406276	0.246587858087501	0.260188857971189	0.19576531452899	0.242529816974223	0.676463925211692	0.198589611618965	0.800025430021017	0.277361190860108	0.411882042725287	0.284217477094636	0.495072636811456	0.226064623019944	0.312080467715857	0.93269080853062	0.605428950743507	0.347180650558142	0.743971894984809	0.37224751373548	0.18867666001817	0.374768682561882	0.210005572600125	0.466012239090041	0.468530678773488	0.290280726265648	0.412372600998446	0.27833797288293	0.407112188478235	0.449344165124524	0.418516383659963	0.492983909388337	0.428852565248448	0.574703305662375	0.492494149135556	0.598875353897189	0.272248257269178	0.133750593447211	0.0840655038135525	0.0978806100908288	0.0414157383613619	0.0624771632376191	0.208343688144736	0.457557524592495	0.336260445506159	0.7145337558312	0.14037919300352	0.233589774254723	0.228584492902476	0.248652157503231	0.554870693835425	0.210017297830759	0.167915027742055	0.394309865619139	0.254489269312349	0.291758743447528	0.391508800984721	0.513509012834737	0.275321460610302	0.309051407793825	0.382184543925214	0.529620945495832	0.266825334684886	0.432417401197876	0.324743035906837	0.413996123789357	0.761884174120616	0.599787717270239	0.450927335001446	0.623746905882185	0.425311858118503	0.684267494865804	0.261274817885253	0.98543444987048	0.557500953789247	0.426746171290556	0.449867550846523	0.313156877738353	0.545827223393225	0.309567485694887	0.42830333698422	0.719860725743345	0.655794026561941	0.40609141414285	0.612902998461338	0.392105963251184	0.58361637310165	0.43132052167882	0.484894842960328	0.641305855998018	0.394179892153586	0.364685418370757	0.697167542021033	0.268178955490972
0.436893720161699	0.100945136773758	0.0589357907269996	0.0547345857179498	0	0.232991473206468	0.387383045426259	0.340893681521476	0.459508424697325	0.199050422959931	0.320557201363373	0.346824214253875	0.23254309047303	0.320522376171943	0.239387311512518	0.178239342007533	0.307689879186736	0.266339959494066	0.286093495912132	0.415980137542016	0.308287417093653	0.229515836472485	0.292171309237841	0.180330781153036	0.347390193523171	0.669304445374683	0.220474866214504	0.860412560732738	0.362064501867987	0.519068941792022	0.331907014539139	0.57435963321199	0.232633634179597	0.342618748349289	1.0208804005319	0.692422497451446	0.413448264081039	0.855125018394811	0.420743494131007	0.276141310863803	0.412530732577655	0.26094935300375	0.498720875585879	0.552279772685799	0.373244090882793	0.481406745794988	0.356236132878821	0.514070848870749	0.498107263061573	0.460822430914559	0.572278308979846	0.536429328781689	0.612175031541968	0.582125324665322	0.691882967569071	0.277026398550791	0.206316457546569	0.114294097275984	0.100216638545649	0.0694882827504428	0.0222419708394045	0.222086286723531	0.410750116647937	0.324052099666312	0.779302053825632	0.165397604780818	0.292301865153592	0.241622052879422	0.272409122537978	0.593953776525317	0.230507675049714	0.181832665634547	0.376651873973596	0.276252083017443	0.252309802210836	0.339067513149413	0.577188504742053	0.331217726702557	0.309634261725341	0.46028046975566	0.554150891611325	0.283963971449968	0.4882809112635	0.402058277161136	0.468801565951889	0.868481573306357	0.693234618387491	0.53499625578712	0.738317122290753	0.471435633202837	0.733434214309494	0.29237049644748	1.03644143716595	0.651084508409371	0.50224087070892	0.507532621354612	0.408453058375893	0.651857434821652	0.391681111499506	0.507007408490591	0.781613275243669	0.719071846381883	0.466337932275945	0.701206618645325	0.5111838676467	0.682689814588114	0.477074721088149	0.537273536028594	0.749559857948178	0.415999704784225	0.44334963801069	0.775291136081542	0.319818224983808
0.347401527925666	0.17167163964281	0.182003437211163	0.224482790722568	0.232991473206468	0	0.206806292686593	0.148385114968802	0.311123617588817	0.115732630312833	0.275847689848034	0.245905391673799	0.209386080174778	0.350287213476162	0.143497783893771	0.134807132081661	0.163934484041725	0.133552860735952	0.108272107909554	0.186276744391012	0.12183537025922	0.0827986700738852	0.224744682405602	0.102727241877367	0.263786569580444	0.705912335311288	0.135981353790569	0.943354221384827	0.28568221996418	0.527632277551309	0.289111028456836	0.657142077913467	0.147925785961926	0.229768005841824	0.854967872867826	0.545989812795841	0.408630094211	0.813788217141052	0.363429982445102	0.272890092405347	0.337475455199399	0.293327316311122	0.41549943371394	0.444052993917666	0.329862550907128	0.421574747987483	0.302173043645855	0.409868525205726	0.391293290573518	0.309267914557243	0.391968944773525	0.39303048739764	0.517801009066303	0.548795396743349	0.787850784664099	0.155767118601161	0.1546907608944	0.13232549765379	0.18417711229498	0.237364067515473	0.228276135844734	0.0582801585853494	0.245667865626552	0.129370352280158	0.849046161475897	0.12150208302646	0.277243055112581	0.247391792851211	0.276570822595285	0.386016787624098	0.14787419787368	0.178031188537796	0.271468386170541	0.125962892270001	0.177874457297957	0.195607704799335	0.386931904481264	0.212490441291703	0.119061740950249	0.453103676208878	0.401086595665935	0.176703653781198	0.290262476040061	0.2365964276719	0.333939735954941	0.844971659501953	0.626473942041508	0.381479467084906	0.76465668523159	0.37904464989016	0.775811817675142	0.249003501435848	1.07067527815866	0.482532979730015	0.39567694236325	0.354959251339581	0.302577027437243	0.450207253633184	0.367414199697443	0.319202540812898	0.584648750190786	0.598637667698214	0.324452788318703	0.582357323253633	0.355338631232878	0.513285973268215	0.413726556901555	0.349146131299707	0.552269593675338	0.465284976640701	0.484338519041176	0.848302897092836	0.201394857342376
0.553570084547317	0.369672209662576	0.407089917365802	0.399776722827983	0.387383045426259	0.206806292686593	0	0.0809877325511833	0.382362682817296	0.233433607214363	0.440783818111136	0.478299731796314	0.46763673732375	0.428585621017315	0.353073074282292	0.240843379708475	0.376724475291941	0.260835712336835	0.163665483091322	0.277467881290633	0.293093138139392	0.216652616759295	0.325769210438457	0.283293115882117	0.308706972750221	0.899812832906773	0.302090232304731	0.933464974358046	0.45976433261642	0.836789578662165	0.446115365068565	0.75124252294613	0.227469994301223	0.306818782578154	0.858523174881169	0.643693346319969	0.568146005818147	0.950848081280577	0.44456669383889	0.452928138691942	0.502665945462246	0.479419581989921	0.567843451949866	0.551475022563386	0.457081589283896	0.541997896399551	0.451046209575045	0.548107196846642	0.476999488330729	0.366543508826066	0.444825608313084	0.364167064859206	0.730750059359267	0.683869286211091	0.875533022412503	0.28121402465566	0.371600343038816	0.372313952947703	0.421501446242481	0.436590678584281	0.421145742731496	0.166950437781266	0.032258733492688	0.0649704221803378	0.790763659575051	0.247967790756953	0.497413340211409	0.365944028601232	0.495956657741762	0.610670960497561	0.329443963666604	0.286509459406395	0.291955461941821	0.202983160152913	0.250380772082124	0.217068501416077	0.372401145970038	0.222120033982299	0.169871501078547	0.459571661621757	0.483254403831628	0.331151739703915	0.320513355265477	0.277517694921018	0.40183550549543	0.982546655606508	0.745048527888583	0.537167554837	0.845006144515626	0.577691407075864	0.834225211819276	0.297222066221202	1.08192764231025	0.692641214843767	0.558534724101678	0.436016629930964	0.484702945169412	0.494013223786646	0.544077404559984	0.531778657618038	0.764519180651875	0.67078996473532	0.434412379672058	0.656561433327791	0.419920901617362	0.646360212222336	0.651788448795144	0.40690851411719	0.527974892666893	0.523343715230957	0.642699729414717	1.01663678442576	0.272380633167433
0.532839234395841	0.328854751376435	0.342978380687409	0.372964244960954	0.340893681521476	0.148385114968802	0.0809877325511833	0	0.315429591702637	0.19677717744527	0.324911511436637	0.319817351183502	0.356467473041696	0.349294991440732	0.263632532962081	0.184856975230311	0.298489861482998	0.184152908396386	0.0932260988626818	0.240759857201792	0.208030357396589	0.178890893399001	0.35113126032505	0.202423896052449	0.281049305288507	0.757876306073328	0.233272031321014	0.896256169868896	0.421288454544016	0.743639056114468	0.378001182662134	0.713718338134617	0.183834840877643	0.250392815587953	0.804741255585813	0.590805965374183	0.577575720125362	0.885754313908024	0.461079596890504	0.424617033646217	0.472743116401505	0.412705946234745	0.603036480161257	0.514336668312814	0.406531383451042	0.523903162844709	0.40137755901774	0.534198875488174	0.46420315019585	0.380791948337386	0.438059755333347	0.358965328080146	0.589473544397074	0.594580018007821	0.766171180317682	0.234890099588056	0.333419481440125	0.307695403076767	0.330265283013528	0.39264685222654	0.364538470939007	0.147973325294702	0.107478573250118	0.0372240895617285	0.745122765911027	0.195193718181775	0.418701339915711	0.263686034566727	0.384104422098443	0.527581438316221	0.228117004321871	0.259125563601475	0.330496448727512	0.163192361433993	0.169389043035429	0.148153905238883	0.351013946984383	0.204895444592688	0.100751743521907	0.456623641602488	0.529912511719532	0.276123482132946	0.257892181362636	0.236503705386127	0.364549078099359	0.867754920334338	0.681043007561053	0.480354749726791	0.772371613547886	0.50485460741796	0.773264551215206	0.262394566201687	1.07600640942667	0.624991248439474	0.541628319978251	0.430648596122203	0.399595594529617	0.473214364619819	0.479642036146441	0.503686682290563	0.752315311806801	0.672409482611504	0.369952799759407	0.647528041391768	0.406838910528318	0.66699033968851	0.572462931312408	0.429197715583662	0.542346962267358	0.462967820130953	0.547097503661819	0.962588799091932	0.273196121991098
0.519509886988308	0.366942065182124	0.427563600399383	0.421777902547415	0.459508424697325	0.311123617588817	0.382362682817296	0.315429591702637	0	0.293271060769435	0.464937399811498	0.502345138240003	0.555324238651245	0.493752135325054	0.516529080976185	0.433199728039839	0.441753866783102	0.457268389891253	0.36057984527964	0.425659973729604	0.354259039871553	0.338855593944444	0.378712164689729	0.355865042988861	0.509907674780135	0.845225096520713	0.360257340767402	0.561110970836787	0.392686163522346	0.73510006152724	0.536599208975968	0.73693804476732	0.341231607506749	0.534058345194518	0.70764387327133	0.488919852362346	0.521796953126306	0.849257719287334	0.455323583967075	0.451263687479816	0.507327206264805	0.476792647575129	0.588630112940154	0.42610587089303	0.368581614287422	0.409288381982434	0.325600380489931	0.418155407852318	0.377286735048455	0.325165155351482	0.437473782177741	0.328232081591422	0.736154738109803	0.518014432148877	0.578172514043586	0.322010753195833	0.380870625471561	0.365350730319049	0.417893966062709	0.364784773308587	0.484447162603097	0.34962911213754	0.432266274603912	0.287179571512099	0.611653517497018	0.283025927151394	0.537472649195275	0.444670313045748	0.599777213602759	0.675230420831982	0.446264252133039	0.499048264018455	0.585080484785511	0.388021018725818	0.461213397222788	0.4731712959935	0.351183758269142	0.40971930806062	0.380934666010393	0.533905742760573	0.498704227148349	0.383805613346392	0.513314573659185	0.449950366183893	0.51725020984873	1.08427526574014	0.506783712933609	0.42207631066166	0.795148859119049	0.636422292283712	0.819941328628447	0.376135101717479	0.971919947301632	0.529041826328351	0.448132290883625	0.426521045993367	0.431142339695148	0.478704113181631	0.506298373416348	0.583738242666453	0.595289949470071	0.50633895315445	0.393457779075936	0.515708221255983	0.367395961724717	0.489771486691647	0.443155889043783	0.335673402909644	0.361744376633614	0.50223115542556	0.479720307966799	0.614409654729201	0.327481228134985
0.228324635594263	0.101644114782663	0.172003888932019	0.147625223558081	0.199050422959931	0.115732630312833	0.233433607214363	0.19677717744527	0.293271060769435	0	0.238941032255045	0.264809593248539	0.251554070040914	0.218006102812734	0.208353896740145	0.158105109728008	0.327755813449912	0.151765486065774	0.1222284817376	0.158550485646415	0.184990602181203	0.186418704871358	0.183464429520342	0.153259166263152	0.179666664464868	0.744710527388375	0.155589241421376	0.77356730096955	0.223960263192078	0.471474255947964	0.281185908728574	0.481160596267036	0.16151032489711	0.19169245296136	0.765622617887574	0.528240737409644	0.353971852032396	0.838334226918047	0.399376446153794	0.215663407178557	0.337911750300017	0.267630381134369	0.442264041395657	0.404305776276008	0.297136114159778	0.419068283172713	0.264139195666989	0.370147327500579	0.40746730309191	0.388650815977304	0.444181072073033	0.332684462263117	0.542036575550314	0.513793475130408	0.609633951979237	0.162297104736878	0.0970712967552689	0.0910117484153262	0.185400123182612	0.16098737025277	0.199942878184975	0.1182623745226	0.289645797158709	0.173217166881031	0.689344026014687	0.0765693809604722	0.233494252728249	0.174489880515694	0.26350407057414	0.404623282507529	0.191597419212018	0.203839483858343	0.401345352607904	0.137411145428799	0.226183931120873	0.250443760807157	0.303716989346812	0.217948490624023	0.184693670254605	0.396436498793674	0.462607827813611	0.273451274786683	0.357837986510534	0.213376955191072	0.370929530951011	0.79555111328809	0.506177033289991	0.379141510231551	0.623660055590962	0.453289599581571	0.686140517237503	0.220620047229923	0.967402995867387	0.480944981003432	0.448454462682873	0.444178988070119	0.284150216558575	0.464372061338164	0.351239341337605	0.394302853226937	0.596820643838425	0.619057087222407	0.369542139419796	0.591353338797417	0.318234302780608	0.54305422983721	0.371736147362683	0.442163082224581	0.510842557053231	0.40409427895876	0.380645486448086	0.687465800299714	0.184797763507113
0.306603403664643	0.263661779124161	0.231729141639098	0.273859070927453	0.320557201363373	0.275847689848034	0.440783818111136	0.324911511436637	0.464937399811498	0.238941032255045	0	0.124981698261453	0.229793607682236	0.146586913205168	0.156783304361951	0.194285455452076	0.379584014340208	0.248125492792513	0.236926933196939	0.202281125829664	0.211331295153042	0.31610547364041	0.469449595468924	0.277296134130844	0.251504665958389	0.635155591333202	0.291465856147021	0.779202209917891	0.283758354984284	0.331985881146899	0.373793691969234	0.469493763435914	0.240781231082593	0.267975026718456	0.707106755301486	0.471247863796243	0.599938969875628	0.756505005404387	0.535884270414352	0.354194402796969	0.454638955467337	0.329247890024152	0.691406433205203	0.384330111884267	0.304782878123261	0.457143065575441	0.291573216336839	0.407063659175409	0.459236326815639	0.505113223580358	0.60190176307295	0.36158179694724	0.244183642226425	0.39351935425489	0.408559715066553	0.334133050841107	0.254951809322654	0.215954328092676	0.259631816629719	0.295389219982326	0.327896261966265	0.268926156687853	0.511534964419072	0.30607963126553	0.859035399471806	0.276226352575835	0.214858629212771	0.0920817341807676	0.201894907940836	0.250708044825544	0.154602369786916	0.279965220064123	0.549249585045702	0.210474674285018	0.319007646963027	0.374314462787664	0.336915406499621	0.274153310973045	0.277547643236771	0.331511381071832	0.581700512754238	0.342122732864392	0.301523683885021	0.253523119392151	0.341978874985144	0.667059184107903	0.412447410758489	0.307138413562277	0.435760831103858	0.499623043399265	0.59726806455269	0.349836487136685	0.824972716192899	0.392602536363934	0.515856338242875	0.501184419375612	0.217920197389172	0.470995050326242	0.310574440979201	0.461403397835988	0.567452085153272	0.605443816302334	0.347095746673052	0.538514618696115	0.330941947899533	0.599058362580814	0.356971308328644	0.528657638375995	0.573081461226737	0.31270743360441	0.321156468892636	0.591625780117359	0.398816656395328
0.337079930496075	0.301838021553993	0.26952428076197	0.355710529970405	0.346824214253875	0.245905391673799	0.478299731796314	0.319817351183502	0.502345138240003	0.264809593248539	0.124981698261453	0	0.202669154988761	0.207103333460786	0.140136800422216	0.23400727555908	0.253254922414548	0.193235748138646	0.210536055629443	0.20985767173138	0.201276571425521	0.266419928111017	0.468004761888705	0.206958018282479	0.295147904131534	0.681877960669796	0.23604133505977	0.850099968307442	0.344386919742291	0.34679207065139	0.3763775382709	0.54337733652161	0.211062605465406	0.282902037535249	0.804319271839657	0.640032917629836	0.660001653225342	0.850540635403283	0.559668566019286	0.469239750387952	0.453461165251903	0.358823681408878	0.685741205600568	0.438379305191257	0.3993246432208	0.517173712308763	0.397455585417774	0.453402185167673	0.481905918698515	0.533592000593607	0.689507829866085	0.46856499649745	0.188058955456318	0.496087398184194	0.552181627265545	0.24795906458622	0.2849612798365	0.231274392553594	0.255752271077319	0.36455324194486	0.336760506041522	0.265522313777149	0.51208771020865	0.329645124741958	0.933079746373679	0.318936699389502	0.277495761045651	0.11481586991215	0.176388994548357	0.204754295745686	0.158166673532464	0.323402312186857	0.558909577377145	0.219038601587343	0.324125798286966	0.319433293158946	0.432845045037219	0.367828803015667	0.221694480235392	0.42370517603216	0.588072505234639	0.29459229330418	0.362614467584095	0.248294324038927	0.335450024518894	0.664469266983118	0.545849849849413	0.336262387775158	0.615273052376393	0.448586668323493	0.632740312591938	0.329338685051501	0.82563078413903	0.461594101190673	0.549532154080649	0.524858849777903	0.271345453502842	0.495411654675947	0.330523982407464	0.497374026020047	0.606204731425483	0.646722842964983	0.383662325668526	0.622260468618082	0.437253299410715	0.577046278086726	0.322216110075659	0.578478703336251	0.648096222317733	0.431435442093392	0.376193839718307	0.73326572252973	0.37392319056214
0.43446328414639	0.209691810305912	0.193020970939332	0.221443011044277	0.23254309047303	0.209386080174778	0.46763673732375	0.356467473041696	0.555324238651245	0.251554070040914	0.229793607682236	0.202669154988761	0	0.298308081934299	0.080965717671956	0.173713386350977	0.28584960520962	0.231442824446586	0.21265046934188	0.332156715344829	0.271240788875875	0.241204373689881	0.412917643018144	0.210309580124455	0.314744714725042	0.52419173482769	0.233327689648722	0.981738561790704	0.438771301929384	0.330259155148352	0.135007852999274	0.504859299266648	0.249622960293262	0.248152878291823	0.995541713111236	0.795743275739997	0.519278349133758	0.766964924239189	0.534156302767791	0.313916786775506	0.373176572608842	0.164994029339915	0.348163183444548	0.631995565810085	0.402307692099918	0.573643295008831	0.485465503451292	0.610540641823236	0.666321400256775	0.605644367027986	0.559853703089531	0.620374629822599	0.30713300442226	0.533247245071411	0.692650319713692	0.386048381781028	0.228802121653017	0.171079862377916	0.214147945996615	0.222844528936018	0.221969505426665	0.246485921241503	0.499518234130127	0.357384985076978	0.941489832016427	0.216940582950791	0.225077991437665	0.20642889397813	0.0728741657853107	0.377992040787945	0.13235256938011	0.243874426410506	0.417015977363726	0.271067370908854	0.305530709733311	0.324167897179508	0.554067324174714	0.306913924632689	0.287409436995539	0.468936522231127	0.702638955938293	0.300927729898292	0.377747891370566	0.369284626524143	0.387278715871017	0.762476982352915	0.663622388625453	0.525928125015569	0.632362022714741	0.235880172257127	0.654835320269877	0.338685611579277	1.027019949423	0.566720313280898	0.518028250396723	0.495088712813022	0.35585247689055	0.621650640915626	0.254078197265417	0.292206023769859	0.825213674969522	0.782409928519212	0.477604137932628	0.737671044574803	0.577667151869776	0.715487336915431	0.532766489222902	0.649426306587435	0.817579889737828	0.424512881422373	0.439264499937109	0.76513532219641	0.40345961500926
0.319777618516112	0.253350842107866	0.295622564284507	0.267823408280403	0.320522376171943	0.350287213476162	0.428585621017315	0.349294991440732	0.493752135325054	0.218006102812734	0.146586913205168	0.207103333460786	0.298308081934299	0	0.204949747026906	0.228556446094114	0.478704590913682	0.241849595101475	0.278914229153294	0.208437625559657	0.265840892949632	0.369015903714822	0.423228777778349	0.309438298643456	0.289435255249994	0.872724443533304	0.338675446503741	0.68606313433399	0.325513753918459	0.398545061370437	0.405011668597318	0.446590222413512	0.212743070560477	0.339018220084359	0.74107559881204	0.587552581935181	0.628002571855644	0.779161655368908	0.492361301138615	0.424171715225114	0.490128463407346	0.400826313388598	0.726300254692741	0.344143430903849	0.345675024885867	0.472201491337622	0.368030736980983	0.41830771663296	0.431065395567061	0.519011199191834	0.632742269878716	0.34872788637266	0.318384306595174	0.48968660082393	0.42299356239225	0.312127130364882	0.255722667608475	0.231342279750444	0.311777190813085	0.261262345978962	0.335960870937686	0.313250608542801	0.496540144945551	0.335204597783896	0.851511845097918	0.267949719291632	0.210805313629708	0.129849079475256	0.26467081846834	0.285745256977445	0.191216183500698	0.328767368346925	0.586050158203006	0.205744700698119	0.361198353858274	0.455543262205321	0.334186311304618	0.271732445089356	0.348382044067244	0.266099755086872	0.583375570726622	0.398722814169231	0.42467323104029	0.321818247632079	0.453652223827429	0.645018610647919	0.350903251466298	0.351689292862341	0.469945696712271	0.574497445100078	0.61858204823062	0.29076363944052	0.828059573589921	0.527588604694994	0.546158590455344	0.509545610829332	0.321049110057478	0.483685223255167	0.346927370352434	0.631792997932722	0.627489293564226	0.609670083509058	0.405530254552002	0.583804300108517	0.390012669359953	0.576586510795015	0.378613042076019	0.547247234102968	0.522922742927422	0.315024720636895	0.336472397905428	0.556612105809472	0.347594002310943
0.381977510277214	0.223948530486294	0.203989726657959	0.228019993220491	0.239387311512518	0.143497783893771	0.353073074282292	0.263632532962081	0.516529080976185	0.208353896740145	0.156783304361951	0.140136800422216	0.080965717671956	0.204949747026906	0	0.118613058959083	0.220846700133952	0.0907413178737073	0.133579213667812	0.184128175681615	0.11621459421447	0.163388832617686	0.390781516191267	0.154874741094824	0.231224880437138	0.637278817162965	0.23651650951642	0.918948752866203	0.386118139431094	0.398243801253949	0.242569935977833	0.552006471868097	0.19483538395205	0.183198379957147	0.885042672921619	0.718746535543222	0.58473410601597	0.805498541157912	0.486322452725922	0.354556012798623	0.413916955801445	0.299802229143228	0.509961705359306	0.515895736451526	0.400168515846939	0.568491192399855	0.439134731516271	0.537844711535037	0.547964214777777	0.520343071152804	0.584922361333962	0.505520892507907	0.237066892471533	0.606487048959862	0.707699049570882	0.297540239392639	0.21132817606665	0.179842124230254	0.225352376784182	0.242417445099207	0.254172025819084	0.173579279323635	0.39230086203414	0.258371842039836	0.932422866275536	0.191801102096404	0.234761067645739	0.178690128859869	0.11424351362124	0.225022800094347	0.0720624986086883	0.202091855729571	0.319917995411925	0.114347452200809	0.225074350955331	0.250968611313503	0.381518367961749	0.215919310889585	0.189121508784407	0.385714169463571	0.562113401050007	0.255394032367035	0.279007567811802	0.248866296576403	0.383520899012334	0.691056721259035	0.586572744761807	0.46503118502569	0.589248978500731	0.35410071388435	0.715776031250036	0.314700884837625	0.996410546625823	0.572467350572707	0.530276086016184	0.464304602374741	0.28470132805574	0.573748055565769	0.328315805818375	0.376277335720861	0.733353133990553	0.751161400960533	0.398112979487457	0.709289418348614	0.4815631130492	0.667114155469087	0.49267637195111	0.546273817350574	0.702901107566432	0.442284782892002	0.495438731727596	0.811439006330011	0.351328259736889
0.434929523559159	0.173996928462698	0.157377218762249	0.152451658050689	0.178239342007533	0.134807132081661	0.240843379708475	0.184856975230311	0.433199728039839	0.158105109728008	0.194285455452076	0.23400727555908	0.173713386350977	0.228556446094114	0.118613058959083	0	0.224536112207836	0.16894348440334	0.108456635665257	0.230983172247303	0.173150238011532	0.152798778596876	0.325732487803162	0.157988760766141	0.180435020063088	0.667993134016493	0.181446057554837	0.906961265684304	0.332350676196179	0.530335709961799	0.268603448782559	0.566383325585495	0.153749462663631	0.194938386103314	0.873357947635874	0.631800470390392	0.487035406039141	0.797285743099358	0.339580774433535	0.268302294090895	0.381822598757135	0.271971848610454	0.546948645314977	0.465072155650516	0.2918028665879	0.451872440082087	0.301135334787536	0.468482350922025	0.466899384191705	0.383363283772121	0.43979230328296	0.403654719062524	0.474867638043848	0.506486904020628	0.693026509122832	0.238275841507524	0.189606788320448	0.160656672446724	0.176531108845129	0.191440533683364	0.192953224140726	0.102371276168396	0.281190907164888	0.168997032342997	0.779749856875675	0.165499343695322	0.247635679633349	0.151828206862819	0.223078900752014	0.432110398227392	0.109713085376222	0.0549190353477844	0.256263257092225	0.163015435444493	0.14251244766129	0.207287029892516	0.451025626799317	0.148454272721486	0.133151256748225	0.380572295614742	0.49204837562611	0.215049803052182	0.285779954475585	0.206735209335964	0.352684456239316	0.755749001573406	0.574338401603329	0.445258869147072	0.73608622209169	0.425515473757788	0.715603606902871	0.244988403216613	1.09232287657472	0.547260753025662	0.49957447763772	0.417083358129503	0.314648229239941	0.485069836165121	0.345316614382626	0.411940392287059	0.714027740516313	0.699430145952146	0.344724734903782	0.64013958490423	0.359015047550153	0.640958599923447	0.453801978795493	0.451518990763697	0.628799694816289	0.393264680354266	0.438495701449914	0.869601367609906	0.244175281819736
0.526210151976442	0.324960439717553	0.275312901372716	0.349029174383973	0.307689879186736	0.163934484041725	0.376724475291941	0.298489861482998	0.441753866783102	0.327755813449912	0.379584014340208	0.253254922414548	0.28584960520962	0.478704590913682	0.220846700133952	0.224536112207836	0	0.255462224569266	0.224892069150407	0.344400944914244	0.223361738752906	0.175830998553177	0.338653851505517	0.148583217754602	0.350405546138823	0.653913918569662	0.178810704364303	0.989030722138589	0.362061217912789	0.588379504728132	0.347358650574129	0.730782862408524	0.214711308770289	0.38515935704667	0.930008898302022	0.686710873038807	0.485939501340303	0.863243968681899	0.363637616392019	0.374831927714677	0.356363730537392	0.347429092052707	0.537763282648192	0.54334302013293	0.389006296064948	0.465745020753509	0.396499107304613	0.465873880460963	0.477546887002727	0.369513105536138	0.507508055184763	0.504011581855028	0.51837214688925	0.607685383489827	0.893064412214239	0.213335911792732	0.318874944388224	0.265371435023179	0.241391947443759	0.354461709975266	0.28721258567197	0.187097816337047	0.395511497139753	0.291760586728213	0.893429242917913	0.310016562059381	0.372117929667866	0.341641070226828	0.344096142761182	0.460676715681249	0.22059931256799	0.243597889975763	0.337156394058008	0.257107789344918	0.231974422455349	0.299952177952993	0.603955842294006	0.341057346659428	0.185050679397863	0.549879614231415	0.484929178475189	0.157782759822626	0.394109367910631	0.27780221204457	0.325380147100994	0.861631379757037	0.788052407660487	0.437650721623004	0.905317774377763	0.331268090297094	0.767874118230284	0.29736543063532	0.975965992055468	0.539678311277602	0.437093313358543	0.378975251023333	0.346174999111551	0.474658250290268	0.392471084148344	0.387954147338523	0.632299717008196	0.613926174930089	0.358793364056599	0.59502250516338	0.451354076935709	0.533315792429854	0.401496820411976	0.428171938810807	0.64041246973589	0.556250276167457	0.583065254798569	0.973635894999711	0.277669823468413
0.351034786930215	0.246226614745949	0.260973797895408	0.27522354587899	0.266339959494066	0.133552860735952	0.260835712336835	0.184152908396386	0.457268389891253	0.151765486065774	0.248125492792513	0.193235748138646	0.231442824446586	0.241849595101475	0.0907413178737073	0.16894348440334	0.255462224569266	0	0.0926398198218823	0.111163855135588	0.0645283981166604	0.152904343315521	0.317923048146338	0.114521361158866	0.217246080034004	0.757493528880858	0.233828614420614	0.90028140643848	0.38986594750317	0.552153440961324	0.350567850181734	0.551628451072874	0.204212959569935	0.161591191199512	0.820825277062495	0.715497263460903	0.565640238557413	0.890094574703224	0.533317531130763	0.394519732119221	0.485762329089259	0.402197993986567	0.592144623784043	0.515184392879435	0.461088791710901	0.63279082528386	0.484950122381747	0.564624859982946	0.516289027700302	0.51162164612268	0.628964943596568	0.499596059524713	0.352798256653218	0.715499580068592	0.758395805561914	0.235217162008985	0.215198306174412	0.206315063879352	0.264463035472907	0.288483116080495	0.284467663165332	0.159544929818135	0.266425316916838	0.190978329226584	0.90214913096529	0.164559479649001	0.330106388750129	0.210652840099071	0.221874796693478	0.260064294798347	0.13809021293914	0.256422656606765	0.343202152092176	0.0650037843346049	0.199280189346712	0.184814309491749	0.278156906464178	0.235548978745619	0.150160192171869	0.450053418873783	0.52283609240215	0.276167249026826	0.297137588737084	0.218084319307514	0.446390687144385	0.758506585347315	0.655656582502092	0.521288019957224	0.643726521589987	0.489909288785851	0.761922186431506	0.339511824897175	0.967378050117593	0.637840524361068	0.598339813232375	0.535654510770214	0.319251245404221	0.608512597736929	0.455940405094799	0.500506697771095	0.740257759560625	0.808462612541495	0.415548597560778	0.793396559684977	0.49012471491274	0.726312529245713	0.539363871829623	0.544683697913919	0.653371802438434	0.526036601425721	0.557209433329953	0.847917915919034	0.326488221505378
0.420659076588083	0.222741849150371	0.262240051932294	0.262744085618037	0.286093495912132	0.108272107909554	0.163665483091322	0.0932260988626818	0.36057984527964	0.1222284817376	0.236926933196939	0.210536055629443	0.21265046934188	0.278914229153294	0.133579213667812	0.108456635665257	0.224892069150407	0.0926398198218823	0	0.128433731429242	0.123931136192324	0.133689892128828	0.332395184926666	0.14516677044905	0.168632730881209	0.631591083696547	0.166690403861366	0.85902172426366	0.37986836678691	0.560106607224646	0.257137322293705	0.619586145852938	0.160181723385578	0.101676081567495	0.854043467895916	0.62308117020287	0.541458829609906	0.890585636471677	0.50080808542415	0.3416216862899	0.421117012657138	0.318914596349957	0.507175655793318	0.542808122355753	0.390995990144183	0.571567779517283	0.41063536666446	0.530077152084842	0.542581189661733	0.458858089550498	0.492568212275197	0.418445993614037	0.441281594091565	0.589200010687364	0.742426430781632	0.222062009104376	0.233710104262001	0.207341278035227	0.252794232837827	0.293924561657039	0.290564687976407	0.0982320883676092	0.186770162397829	0.097170105821796	0.69933113568885	0.15493265372013	0.28683508554589	0.192088235315077	0.234034219280027	0.398129944023274	0.141808051976765	0.196479153876847	0.284405931170613	0.115176368765388	0.143800931896502	0.116437812581003	0.312474542387338	0.157915098524906	0.049828553915977	0.452809708433115	0.557708151906046	0.242974664641547	0.193857926070507	0.146537320528264	0.325374344405656	0.74676983450378	0.639401203273032	0.482403491413536	0.688260700468388	0.403168606671708	0.743773094617611	0.261000483701236	1.06830853437134	0.577768630514435	0.547565010477831	0.474219485124181	0.298924192798008	0.508221310918149	0.408245798442459	0.356057725378702	0.76695829011263	0.755883050468612	0.36899726217677	0.722531286642397	0.39860906860042	0.681949528602656	0.527130075322197	0.50504030900425	0.621516746016879	0.470858832169044	0.502558108588659	0.920573628424413	0.24126139845419
