0	0.15274183918575213	0.7757767051758311	0.7143664199043027	0.11427727606444671	0.7220234538039928	0.7762643977567846	0.3960745913967385	0.15104034053697324	0.8434432907756652	0.5233214448257271	0.002015541486052874	0.5607963817749299	0.920652028416923	0.0876773760429922	0.6136546213734411	0.37293604618394727	0.40324020788867476	0.8530984778357424	0.7002256106859476	0.2390019308880904	0.5546755523070331	0.23959024838589293	0.16196526986837156	0.5898120858710357	0.22838116844781808	0.64064882206416	0.34678953739671736	0.08204365082847531	0.12931826143453695	0.4025701171842695	0.32655779746092595	0.23272176904898612	0.8912624782655495	0.24541661228613698	0.20715756139616937	0.2438523619953621	0.3475771157281494	0.13460253766254504	0.11104436873438561	0.8887979340455389	0.7921043235975429	0.33247532609551655	0.31451810175491823	0.7356207222315505	0.6724686322543849	0.10120321724004377	0.6132671066470082	0.8840325952696405	0.27184337144185655	0.5848513836336363	0.5073602727504128	0.713236144771001	0.6870076003466099	0.5594263299275245	0.3590288709342663	0.4768195274054994	0.9823406626052741	0.45247027455733013	0.8340466042532108	0.5959398458694556	0.6367684577463588	0.6685320871654581	0.8098215606207223	0.9863078486218717	0.013038774633468142	0.10073094719310882	0.029760691640038583	0.5085559638803817	0.36321044617189513	0.2580964890371382	0.6876752678623589	0.3431984610357589	0.4467899633581851	0.4218910643811443	0.1988849808092411	0.9579088157451805	0.44284282156879873	0.39642691437738276	0.43303074414602305	0.9436640673556369	0.5976943793480258	0.7249736497682748	0.26651521052843363	0.4371627262032385	0.12044329104590046	0.5676857268506931	0.8702610926538127	0.08187978754304837	0.8983320859140339	0.25590175639441437	0.1763257855217215	0.20311039594631808	0.0996202665942526	0.4672858569777609	0.43006528323052917	0.8295499699460427	0.5438021345631731	0.07188285808822936	0.12104194779090471	0.5602154679085709	0.058123472807989573	0.8768092038532461	0.9339703583339897	0.016881065414736995	0.3116622239872605	0.477192614783017	0.35329728178638964	0.19111135972220972	0.6186961186385025	0.4711276398789065	0.7972363437145931	0.26938837616221145
0.15274183918575213	0	0.926352989432873	0.8059123828399537	0.4653273046698432	0.12719529918497108	0.2503693500242161	0.9666336835786936	0.30420413967536175	0.48773524213373276	0.17525771069807672	0.8809954155653535	0.9181156492421331	0.5010672085109492	0.14617675307420808	0.6787731469568518	0.9913068633144614	0.0037283170205710814	0.8209546499043971	0.300794084827678	0.540046367641309	0.6940403309870782	0.6921798388695882	0.22359787360498662	0.9616811991848716	0.9657602050514312	0.4174666669058712	0.5144974146278141	0.7870372450848783	0.991989644466496	0.8273592487922096	0.3516497417228428	0.32163401059997354	0.10134725792058252	0.39276868281712773	0.23029998851783606	0.9284282078448195	0.5966425426290486	0.04650287507580786	0.9945991821093523	0.6356024727468542	0.7494732118765308	0.383140995855906	0.4338325681736447	0.7798189008730708	0.9028990415831154	0.399890597834607	0.015888778781192547	0.9277379681030397	0.2780149694179861	0.6684360783859846	0.4241034671501803	0.850248093385388	0.3624688458606493	0.04004192099269899	0.5364111904570993	0.7639412431719149	0.18428529930046145	0.3703376800594448	0.5885092420401511	0.9197205590815496	0.40361493486974354	0.7274205914018701	0.8974302441716765	0.547534013868149	0.6949683985676233	0.659757891972754	0.7962173476765115	0.9067344145106156	0.39813140951326775	0.6546272109089639	0.8346208932631043	0.558264508296709	0.23111138882466165	0.13134133195152486	0.09369014499694606	0.4462817916829017	0.4611275664327811	0.10094463947704058	0.35407844634601027	0.48753772977006005	0.5958819011731747	0.6727384216269574	0.7293193736471268	0.7977473910274658	0.9851995947527004	0.19507000971597066	0.10821337473019632	0.8036833522077939	0.567398584261935	0.574115882088575	0.46780695044134835	0.4014118595304129	0.4287499388621724	0.19310286301663837	0.698951209039311	0.16054816616167134	0.2941871464485847	0.7182700056548635	0.4847567670378393	0.07448712361674048	0.9865782309382238	0.4657708770097324	0.7963397462496782	0.8363685395251838	0.4842655929496751	0.3309842137390512	0.5143498785398638	0.9703023789118453	0.5320563142578711	0.5395055429790914	0.4000900653587911	0.8806136887202004
0.7757767051758311	0.926352989432873	0	0.12317757814736274	0.6093734189673845	0.4857910476148002	0.9253696350680048	0.3887824236087054	0.3405916892229659	0.45880166074469164	0.5937785159588049	0.9072396069029575	0.2200798633624077	0.03992474817101033	0.057269812211109494	0.184916807766903	0.7520939548043236	0.94893071419169	0.825403778189958	0.40186413586548075	0.6940739957590186	0.0658402022890835	0.22280711529779784	0.6608733679414219	0.4524890094292048	0.1439593737447613	0.15210491292456207	0.16078376310387987	0.9293966834611948	0.5864163691644695	0.668113603364124	0.8733478753464893	0.9000454388924286	0.033962617144081886	0.34755664159999156	0.79100727533162	0.38196240829765327	0.7055340055212272	0.4806051432063735	0.6185626031802567	0.8637477737790177	0.20453802411982513	0.6739693008991434	0.20200209802789482	0.7271127660651153	0.35066462489605943	0.9199048420675016	0.8886353428550849	0.6718519027723603	0.19066812787332266	0.7366560141705085	0.6516957189593932	0.9390638122906392	0.5103814143840886	0.5498312082290433	0.41000787721098975	0.6101594139313181	0.25799544387770335	0.7130470833932042	0.47590679175253936	0.9530310726338308	0.6860303724808502	0.5841076758998159	0.2537827287693819	0.11590497327023208	0.038856897083814124	0.687465819888736	0.7653415399874335	0.41621189263001057	0.9382471960159858	0.30535688145960493	0.2944957505690423	0.02573905204857596	0.7274381700109164	0.33216435718260906	0.18566343120575923	0.29162139988608293	0.8268931011853051	0.04381612158331283	0.8890473744259677	0.49952392353221553	0.5043739850036467	0.029285286828248047	0.41730626814492466	0.43579618261152453	0.8763768114247992	0.6254260597939028	0.4709944072464839	0.35319403161052654	0.4395247998819455	0.15745507798332448	0.12040924208758763	0.8698807599743795	0.8627144981081708	0.20639757247075197	0.48942613626978293	0.3903664712696938	0.9753251570095477	0.017192305691919874	0.29908873140464587	0.15037209743448254	0.22302285173601244	0.8658776101567274	0.995891000164461	0.39690657778659477	0.7528155668495071	0.5592301549254515	0.7463418158739824	0.4766802842011584	0.475125737255795	0.821800707049862	0.12090639929060298	0.15484579633680662
0.7143664199043027	0.8059123828399537	0.12317757814736274	0	0.9330028495579373	0.72440113394292	0.0366057099152296	0.012265410140678834	0.23889026596212826	0.2922581199250168	0.02644783256427985	0.42781940431803944	0.013463285308779938	0.2952736813590743	0.28902450690526293	0.634979072737021	0.10557165810599622	0.3814010264322619	0.6097990748399107	0.5827706543325828	0.9417233195086873	0.5881417002523003	0.5282233015115234	0.30024078898047446	0.7754596671725136	0.8529132705478364	0.38492649724688577	0.27794125974688366	0.8023125454175375	0.7418520260051684	0.3846131985177029	0.9186045184678356	0.9588211953043396	0.8468407438056647	0.8247259884021017	0.44360987647923056	0.43592338270336095	0.2172522611585519	0.4143299282760734	0.25452844816926123	0.06417692257515761	0.5031489512297557	0.48090802156361634	0.9251308353208455	0.7351109469143143	0.5929599184492966	0.9312434167671169	0.6143679174626605	0.6288432547138708	0.6130893076773227	0.44052621582506724	0.8875732381093597	0.20064545754536245	0.8296580809185958	0.6640218838806949	0.6948508700616227	0.3670249084826084	0.39224914319309	0.04951791822938889	0.0028657952297984624	0.17542738752690368	0.719941030947247	0.5859322690674733	0.04104744927463666	0.35876698368578797	0.816332935145101	0.31629712873359017	0.7299196807043113	0.5569626010142643	0.8954970211274077	0.539225069371051	0.6637592941485929	0.5014817814891811	0.02358383769222261	0.5656956749905593	0.4023476283677365	0.1134237622732146	0.14254709675251276	0.8279056413807806	0.4162963862802552	0.510933162864108	0.7168815077507805	0.8507454353684137	0.9032777649535165	0.9064720323619799	0.2630259520260917	0.47255929295276566	0.7247376887339867	0.29766192608959663	0.03062408172676756	0.04536739808267887	0.8323122888379839	0.4840033709690821	0.4008258769087806	0.5634365770867855	0.20256997329432258	0.8706473661185263	0.4883014353781212	0.9183966031369061	0.030065156877260857	0.6116961050660971	0.9090185778243766	0.1455849371467952	0.6597440112328559	0.9464784603856177	0.48901072518879785	0.2839525894130245	0.8181564733945201	0.4774019032932646	0.41729664755432005	0.5949917495931895	0.030756566140983876	0.16685096364498664
0.11427727606444671	0.4653273046698432	0.6093734189673845	0.9330028495579373	0	0.5459517733487599	0.13395157568199756	0.7379093143982404	0.21573049462619232	0.46522733894935786	0.4498407355808203	0.8772851775407207	0.48992953204630885	0.5541232452792932	0.997952547208648	0.694039829442559	0.11550065308166602	0.6677047493739217	0.9371189124930533	0.14411084898761295	0.4809792493216323	0.8221534480730698	0.0841583090041862	0.8333709921598654	0.17805142481768454	0.5007526921618122	0.10550787680101315	0.5299795289316337	0.20145551960945607	0.6718857065151609	0.23183001137019732	0.4870619039538052	0.06360203663468766	0.41331198935410407	0.3467351814456423	0.7069053007872883	0.605055516317217	0.7809587756008527	0.8454975043846124	0.7277027067381941	0.8466899884061185	0.41833657130824864	0.9290330124429683	0.5817903260307357	0.1831042460119846	0.46605319527076317	0.016266201347816645	0.3759789444265905	0.17300050308972326	0.4378812321449027	0.22523933389306727	0.6043615232391754	0.8009573581860888	0.39216460970317624	0.9538058856752412	0.27281206263626745	0.7333069313020497	0.48877741246760387	0.17062604622529254	0.6093518712382359	0.9833243263611569	0.29772175742414064	0.2993160396245279	0.5705231494972176	0.24751270754002552	0.8691859356328102	0.1783427451674967	0.41904687784672456	0.5585655299732084	0.09822053415296705	0.3269524790271854	0.8413129537180427	0.7772355529092771	0.8363632447629794	0.13436191415086163	0.09869300944557158	0.873850225097059	0.21366814060252903	0.10356879044542333	0.5870409859478606	0.11982122475592438	0.11613596637308732	0.8936142586727587	0.663964298094234	0.27730529051743047	0.2158927018911314	0.5937503813750464	0.7194728624064065	0.8949803988503555	0.8461443824305912	0.388743278971756	0.9426332058885036	0.6974191114369078	0.28490022040757323	0.3777811820261544	0.2870045430475139	0.6155283627276483	0.46878018797700327	0.5364934457890612	0.7953816433737361	0.35940338363540214	0.7072261066080751	0.4243875134433419	0.8633534486076266	0.6434531496544116	0.3243340887929477	0.15431617427683808	0.5689006164544574	0.7706065422212899	0.23596964890391603	0.4789672593961777	0.8119455238469044	0.6977033922211366
0.7220234538039928	0.12719529918497108	0.4857910476148002	0.72440113394292	0.5459517733487599	0	0.47964053430716336	0.9405089681369049	0.40877163171201325	0.3790074823518761	0.7779672295724388	0.4696770422515093	0.8494040543289069	0.7424748753620763	0.8854708821012188	0.6011041872429704	0.8675233262023191	0.9320617788672227	0.23589849861829382	0.8850736535221729	0.04894188920357978	0.14612781247277928	0.8572620709060794	0.19920562175527545	0.4623481955003559	0.19075754671282708	0.9266918327367575	0.6094940012748914	0.15831236168580354	0.2667343179176921	0.10442122778149321	0.16227181317510464	0.6917069527989957	0.12813004533886385	0.18328823284590678	0.7373970070239652	0.21837842635169402	0.7233388341874255	0.7139120788706889	0.09163522681038094	0.5252776607871156	0.17937276002342006	0.038150710883813166	0.15484680509817295	0.24933286359662132	0.46401398707764896	0.9008717224044651	0.3681909947613712	0.8577666270347121	0.361500524986758	0.07738969090091563	0.9755894363450802	0.3304968726281988	0.18114020246302298	0.2600455258503963	0.4251859587785638	0.569194921189386	0.5848080434346058	0.5560013594165787	0.511189003927013	0.2926614223829974	0.22076333846852247	0.6133933409404086	0.4789703215524973	0.7419775759861897	0.12513501335533916	0.8263873093655768	0.3588665639670371	0.08035516579393365	0.26341140330195867	0.1473455470616134	0.6483460587034007	0.7587526460356782	0.2748945811518937	0.9323629625747795	0.5408196090140135	0.8751169379323269	0.5908120607665659	0.5972053667925654	0.2597955567467424	0.5961824175377044	0.07894364218042904	0.6419819555449298	0.5228257792938181	0.7380883769502666	0.9813025946680372	0.7746457443404913	0.33236694484814466	0.9759878540099285	0.6053978735547465	0.2425689296986533	0.22740260150721525	0.2662586143664383	0.7866787698858952	0.6195018126020642	0.23601259298135246	0.019515761809429932	0.8666814305777707	0.6982534289197476	0.7906677672083596	0.8555111604887747	0.5453678799082011	0.9800440649022942	0.8721219697427607	0.5178746748385369	0.9038495516646613	0.16612674931125637	0.07583238009384663	0.5797828227311617	0.27350639755883654	0.986282123672013	0.27459154616551806	0.7285730221646661
0.7762643977567846	0.2503693500242161	0.9253696350680048	0.0366057099152296	0.13395157568199756	0.47964053430716336	0	0.019394963433798762	0.49644222486992995	0.7701457122116234	0.5714902457583703	0.35025427299358325	0.40855694960793854	0.6996368578266486	0.8643176684561571	0.8307342759129684	0.304175002663862	0.036352211769083764	0.7867039190264404	0.24707126967185578	0.601067709634728	0.22096679900245886	0.02132394721089903	0.6308357655208726	0.16730013812319822	0.6631215006851184	0.7301153382137452	0.3046794070981629	0.3408050483768912	0.5447524455394848	0.9486371629273681	0.5157246110871049	0.5402359917510847	0.12505639723255468	0.46310129378301157	0.036618649488381116	0.3892629948946582	0.5754504415151142	0.09615529153204916	0.2364479394858673	0.5850519191108359	0.8274088996166747	0.5726548863868798	0.9437571852687806	0.48591597355663796	0.6438627731098326	0.6830531347263027	0.371713419485842	0.6752329381297493	0.17637269184987392	0.1564171910376405	0.8868531298507419	0.866090432219403	0.31696360412153735	0.29826492974135055	0.45727556717397677	0.473072158667041	0.5463612757318579	0.16256236447679173	0.6911105750196312	0.9002705798227335	0.08082127316849841	0.43371411091174894	0.5209007180335791	0.21924018893200148	0.6772430573530397	0.882464504355074	0.6971732514932512	0.4439748982506848	0.6609021098292579	0.8500863005508611	0.17588120885382008	0.8536016665418837	0.7314144478840062	0.4068136833614955	0.36430669415119543	0.3489950787793471	0.9751311398735543	0.008408118957365485	0.2917210626696136	0.4831481185668225	0.33163545859718657	0.6476701079143503	0.7775322510846421	0.8792809541386878	0.12760834662376663	0.947743316100312	0.676259035232859	0.5324574507953633	0.014147815243384043	0.9865870970707875	0.9450583696520571	0.19870445499044798	0.14050134795946712	0.9434839598316627	0.3522070448111476	0.9142186647669703	0.394378242832369	0.5584173444266571	0.08158979219780271	0.8978851832499641	0.42982956735316	0.7562364170276853	0.5405681526208226	0.8106012600854653	0.14253660877055674	0.8558808950456531	0.5418817226996494	0.41948562587550675	0.02392089583715995	0.3569106187811776	0.3642700989569273	0.7570295607528684
0.3960745913967385	0.9666336835786936	0.3887824236087054	0.012265410140678834	0.7379093143982404	0.9405089681369049	0.019394963433798762	0	0.04145090328687073	0.7815335959579602	0.5477839650055438	0.442513307606895	0.9130752380434195	0.08564663160845509	0.2792591673435293	0.5255997439965548	0.5679794217704919	0.2770181421290646	0.0927032465925367	0.8287099738543562	0.25039010146398955	0.9329436759815163	0.557286148518012	0.4601749729079071	0.3870713448125055	0.6276344339971358	0.2530475294358545	0.466934096230432	0.6524948022021428	0.8373383424470117	0.22154434650926236	0.8820892097736437	0.4974418967915323	0.7315902269431683	0.840640245986078	0.825984762264593	0.4506006504956458	0.36714628062884513	0.34487825945861694	0.434431618598053	0.7489844004435575	0.35623105743621897	0.04244123571179104	0.7945896581366937	0.2466512101906203	0.036756227661134955	0.8582402988995553	0.29950356998715244	0.6999692835595359	0.6088999527028087	0.934755838894086	0.06612943040093677	0.14910213025745656	0.5514688361784652	0.8719504442765792	0.8949884720791603	0.0796455087003376	0.859814776792683	0.9939210272183437	0.5132963365127463	0.3675343428907891	0.34010176136839376	0.4146832133544548	0.892980977221679	0.21831726424831377	0.39486567939836537	0.193195901412894	0.48250906861496123	0.6527268253128312	0.8688731187230069	0.7566082612653794	0.5461015605725406	0.9392943892429154	0.05587605985059063	0.7307668853123203	0.5708097499985492	0.48158210839296367	0.9306832693863563	0.6495805987682056	0.39179662572952145	0.2643515099406185	0.7047937635142706	0.4746289519142346	0.7431943833728607	0.5155850807458645	0.6780453585391942	0.30059203587898764	0.018020178858218494	0.3025144831695984	0.7651209119748102	0.0819601351948902	0.5488709385285395	0.8675746590229547	0.5783560050542285	0.48450770871315585	0.2736311339271754	0.7807118746441901	0.2527978081034521	0.8924590444533839	0.36164448001473837	0.7830903638978888	0.017974924743715537	0.8527698457244559	0.4966126722434875	0.9728584152706019	0.6871955393287174	0.8326688815577549	0.1606443633343887	0.9929375992549194	0.9806141005842153	0.6894191806160676	0.5892700781009519	0.9306669938931705
0.15104034053697324	0.30420413967536175	0.3405916892229659	0.23889026596212826	0.21573049462619232	0.40877163171201325	0.49644222486992995	0.04145090328687073	0	0.7997537556942783	0.5730128411829486	0.7437960576401997	0.2944109031596873	0.7665478816777251	0.8785452848557597	0.9006118937745351	0.7168718870374716	0.20435731721684736	0.8731722052215993	0.7978069367577904	0.9372954218074003	0.8034505017749496	0.45971202097711306	0.936682810968942	0.0409016975267964	0.5402382118166491	0.3997231339859523	0.15549658135634536	0.1940275227774818	0.03393492377171525	0.41499244376820144	0.5150202622717637	0.7793973718216992	0.022745344848708826	0.7954997519651773	0.5499135661364857	0.5457156827762376	0.8348122414244152	0.942088078349065	0.49431943686346136	0.7833737662369886	0.9953936235195892	0.1222156593333179	0.5427274403060324	0.32574081955059697	0.12835752346725948	0.5108135427528789	0.20942643659432836	0.6108731318252149	0.562938958262589	0.9061786161139166	0.16623493731513406	0.266356485040678	0.13292768690492063	0.4492257578686941	0.7547990473100785	0.2059951528441225	0.6423095696333014	0.9204816727700952	0.5876579079181229	0.1464416660452169	0.4641729655717385	0.9063180226318097	0.9485852129229944	0.35029998202937584	0.4312012249288182	0.3994606247614021	0.19849932916757074	0.06990916209649367	0.4565701132879174	0.3978658762686489	0.7350271292017254	0.8708016550421487	0.5875101579463236	0.15973727736530685	0.09505623942188568	0.06457771418175651	0.7173107239233129	0.4247267520850534	0.6986151217303771	0.932781724836659	0.09227304670504843	0.5971669177944405	0.11792733987288895	0.26583044322773475	0.0862318724071156	0.5993205450359465	0.7383118421663567	0.7120434436357365	0.4968682145800559	0.07766974295546947	0.7675674548064592	0.11755111325445877	0.0643284171557491	0.3768320976835918	0.7049617712764823	0.4819260538691206	0.5491209998761446	0.7824916471268714	0.5691938467440896	0.2635440768873686	0.4523878234760925	0.7110519758062968	0.3060278838813253	0.651592313991274	0.9698358047796798	0.871524946913372	0.984949564398714	0.5350417542500963	0.9596222254058985	0.03881648405334859	0.6329775340370698	0.10643999806171489
0.8434432907756652	0.48773524213373276	0.45880166074469164	0.2922581199250168	0.46522733894935786	0.3790074823518761	0.7701457122116234	0.7815335959579602	0.7997537556942783	0	0.486751069069698	0.512345425053579	0.7151125743570983	0.6306271103345977	0.4172721049585286	0.8286787717650954	0.5445966032787422	0.7639407979903701	0.3553896168972558	0.29305784657859124	0.21083329287753938	0.11435791553658903	0.18357859595678194	0.1566057350944967	0.6779711317244643	0.25433285282708706	0.9074971986581598	0.29815975439536424	0.7313340858050824	0.9279973540353728	0.3328175706833746	0.23877524539982464	0.36549140972849004	0.5534971622540857	0.3277720630038914	0.5827257310588606	0.8050643592816047	0.18390008917874512	0.06568408315026208	0.8300910244397443	0.6988133327378987	0.1675395947911884	0.25592798173529485	0.023060998937017185	0.5721480911096278	0.9468632939601558	0.5341204493708994	0.7645180456297956	0.08817451982719748	0.634251882824716	0.12454376510306053	0.3614592418991517	0.9888425089016137	0.22878051261730536	0.8409780335180601	0.2609635867204292	0.6622727247804391	0.4181297391364195	0.4049253406277947	0.6084152759404118	0.024639046630110184	0.6245692921400596	0.11337002824178788	0.492435570976139	0.04570785232679675	0.7259461226690669	0.7834329157293343	0.03156947435193125	0.6497003007109031	0.45995554514484394	0.20892942324284247	0.4991276837466314	0.16983996416492153	0.9610355494905233	0.7796134276634016	0.6782565365792007	0.8413048608290585	0.3491561748194242	0.7608692555687799	0.03695285640370005	0.711203170013314	0.4099647393985386	0.7925701356852508	0.957414890334571	0.1355828812121791	0.7463690439766665	0.5008582424653967	0.2908841908193298	0.22426299089555612	0.9253705315329106	0.8964562139350737	0.6555302215903307	0.4229365053627857	0.45023005400974214	0.42369629762267225	0.2822748165259248	0.4343727044951813	0.18842380236524303	0.11170969320046009	0.9993884926048663	0.19347123846305292	0.342930040741802	0.6347851377294372	0.14173453427307636	0.7950757003313996	0.05232170122311197	0.061760737300266544	0.4184312957015446	0.18006831117786215	0.792343187903288	0.11678730881431221	0.3615208093308203	0.5732545971730599
0.5233214448257271	0.17525771069807672	0.5937785159588049	0.02644783256427985	0.4498407355808203	0.7779672295724388	0.5714902457583703	0.5477839650055438	0.5730128411829486	0.486751069069698	0	0.6051516196337444	0.44176679682952336	0.12869485306436856	0.5444148908950932	0.6779167377135423	0.0469706689611008	0.17102468927867387	0.033018500294272224	0.9427528900988776	0.5579145222805048	0.8347661601091028	0.9622713252890686	0.16873704434777226	0.486833270635775	0.1789335577398491	0.3756069692775834	0.08513618625683117	0.012028925419387493	0.22422928872035797	0.36697246221097224	0.24840918868540618	0.3825214026926008	0.8134498138729804	0.35021783234919424	0.29290653579918124	0.882393689862747	0.9850402584302587	0.6284396700580276	0.7228302950692023	0.5173631325939291	0.5185121243812335	0.7077910520673223	0.3390991953196444	0.3102882912060231	0.7888227593256123	0.02478405464088318	0.890508632204744	0.4061567074051793	0.22045665578137397	0.8729850217522485	0.35050567545020994	0.6313528691217094	0.9694052322734987	0.03759539084245056	0.627288521997184	0.31761079617608967	0.9509588813779929	0.7966512755224254	0.48930063898658294	0.36249999321505133	0.35666145401660365	0.7432635242369827	0.200002582878679	0.006014057026274	0.4990646278766081	0.7472601737408782	0.2041065576123804	0.49273550473248084	0.5297853276421848	0.2959177312754142	0.7772369504956848	0.9582505964123734	0.639192530069006	0.42772295378883973	0.5190080665599184	0.652282034894417	0.22329433346479488	0.9451565685068309	0.7653992140184425	0.8845152920755224	0.06085844849064459	0.38461749559901637	0.41876086058890283	0.32674231690605116	0.6947683389842376	0.45744003401672173	0.9329864975430371	0.8453573719443649	0.00170013932568569	0.8133710517873977	0.2898048606149768	0.07389945326154068	0.953239678718265	0.941044416016424	0.1911523036258217	0.2664691350147673	0.8058687956040376	0.3518787053383804	0.18672875260216049	0.4252487638166773	0.0675060459569421	0.34548353239339324	0.14379696017081334	0.47079325537320715	0.10191904839112942	0.31547121331646755	0.8846529882369782	0.01119634970285499	0.6585797148398168	0.4423439778009519	0.5432789545195541	0.11581905469262876
0.002015541486052874	0.8809954155653535	0.9072396069029575	0.42781940431803944	0.8772851775407207	0.4696770422515093	0.35025427299358325	0.442513307606895	0.7437960576401997	0.512345425053579	0.6051516196337444	0	0.3033227883423819	0.2907171559441406	0.3898956330900387	0.4345770519363822	0.7169310888732673	0.37380958925251706	0.5801905453608792	0.4191391542905776	0.5283684409128109	0.14889772179442673	0.30063165710096396	0.3852193431165486	0.4058562475913938	0.43457448187483316	0.341073891107569	0.4041604535014697	0.6327712693854982	0.4280134558209	0.6238370572906747	0.8702245436081084	0.3564620366900375	0.8506135605535349	0.19407949511080913	0.6970274698100137	0.7122526569469052	0.36369244114220545	0.5042141189073864	0.3220865822456199	0.586642651991227	0.2710751886879381	0.612083415192193	0.8015559745923208	0.43687128350727955	0.016352181699721413	0.5465102999969547	0.2777578885310318	0.2662356926229307	0.8312665890546069	0.8831402625015796	0.0016778826302866756	0.43865791700259604	0.0967070168526949	0.4863313048414464	0.2949041835289612	0.5548797421004172	0.7665860898673111	0.07649444414895112	0.8396771237162505	0.7826561847641051	0.8015072631481982	0.9419435277775242	0.9505532816535912	0.8881373533040096	0.9913807944582362	0.09721790690761922	0.2298508692150164	0.6835741335908961	0.071780939434259	0.7495148956068988	0.8815121283784392	0.5090037222009032	0.01965973121510256	0.5090719145532462	0.33806340656694933	0.6058704389784445	0.6672333261034501	0.4648192398050245	0.8828222358724339	0.47057312227716597	0.6490929395397478	0.07747043091588235	0.10189458332218948	0.08905652766545968	0.5073637564707821	0.38662996377011627	0.9171139410859439	0.13738235482652894	0.6204719740108261	0.01780647909474875	0.2406306196379523	0.7390959106881296	0.05315658634858533	0.41526198008364223	0.6854204230879126	0.7178492740411464	0.37396659777650454	0.4877389962488988	0.4781275258916573	0.11126749707099592	0.2583548360226562	0.6271180692528276	0.5184927988459023	0.7466567825081628	0.06370210218205707	0.6538404743730579	0.7281739472769915	0.7425057802417698	0.8277255861262509	0.8094703334628027	0.2958961790592811	0.6006354590245293
0.5607963817749299	0.9181156492421331	0.2200798633624077	0.013463285308779938	0.48992953204630885	0.8494040543289069	0.40855694960793854	0.9130752380434195	0.2944109031596873	0.7151125743570983	0.44176679682952336	0.3033227883423819	0	0.3615536391935654	0.4996831179727612	0.7992264709636154	0.703570893580625	0.8764227265474662	0.1639871438741971	0.019754976464524843	0.8226305111440381	0.9135078789430214	0.6502055326933721	0.5841989655822845	0.48580066123973653	0.3215452550096535	0.5479595143326197	0.8321437795602232	0.32607847958825753	0.3703263376005588	0.9932255108510057	0.22522366840629238	0.05844852097012754	0.6197451854468697	0.05926927796095882	0.04766899023330118	0.8669359296909166	0.027426530281782435	0.5962777630037455	0.4184759658647048	0.10533847765347748	0.6825682018800278	0.8364583978568536	0.7288676786306193	0.7047060782255077	0.049253055002990154	0.5918853988216171	0.07735942570911891	0.5095388393047723	0.7591834816984941	0.014416739736352269	0.1594326889829507	0.5115382446531072	0.6326129878535709	0.5771377284310264	0.6223656287857703	0.7344818328527409	0.17061925257556065	0.18696808876117788	0.8691803050708979	0.3055831932430719	0.05887606765247888	0.11560897189300512	0.3376086176685169	0.7943566290898592	0.5625452102733556	0.012472886482267742	0.5361124649949311	0.42051129585772895	0.3247013039000567	0.8213035224440082	0.31668393520980564	0.45416179509388277	0.7324550562915982	0.9141552426693785	0.9783876634811485	0.46158062499258357	0.17544937138596228	0.9872378364375072	0.5279038181271778	0.1257995183300762	0.8226484771696878	0.6939893537865333	0.7472434465135974	0.22195772232655187	0.8143040227422074	0.7903598293774657	0.7975826749859057	0.778150493639346	0.33880981856130266	0.8474297242968557	0.9927768612756752	0.7793785462958281	0.4816847384453442	0.8212307021507531	0.35184191028450607	0.1095499473944258	0.38106005005621724	0.0662282401045391	0.8745907490358745	0.4974480993071033	0.743584155092035	0.8347268418020952	0.36773890944043885	0.06412918666213163	0.9765407383236844	0.16345568452745862	0.9811908980966106	0.6242104483038075	0.6575663778241052	0.1983294385331651	0.030919267535909012	0.2742907487687887
0.920652028416923	0.5010672085109492	0.03992474817101033	0.2952736813590743	0.5541232452792932	0.7424748753620763	0.6996368578266486	0.08564663160845509	0.7665478816777251	0.6306271103345977	0.12869485306436856	0.2907171559441406	0.3615536391935654	0	0.7141897348646755	0.11976199302944612	0.6552707682136677	0.810257942776496	0.033595025387084365	0.701534141325439	0.07563515654091335	0.3915293667154158	0.911348000870509	0.9672066920358221	0.28371943597622074	0.32841917114494734	0.554341481316833	0.24666889185350116	0.40741087208162463	0.13762787636574825	0.21195796149438995	0.9918073907638216	0.5314482816229854	0.9560525049492495	0.14256896627961269	0.5918624206265023	0.6886989095940602	0.761197418317881	0.9174283135317494	0.8015611783537303	0.6856665374123285	0.7413967950409022	0.41153209047117767	0.8604218385523658	0.34384552483697073	0.9202142182779414	0.4763308651021809	0.35022094142874816	0.3532970693296932	0.4614124695721835	0.9100530341135273	0.13714378629727675	0.2404616521112347	0.1673309035650522	0.9090450485737662	0.2927058834874017	0.5802397065055244	0.35765113204752574	0.2789575467015152	0.07422580083541097	0.9217800936422528	0.12668558515908468	0.07262454029342646	0.6445764965201126	0.6680097317984506	0.3016419206534696	0.9745314173436371	0.4886224616007432	0.31567756522829715	0.39603305611193684	0.5269825791752838	0.996014842163495	0.5823340126103368	0.26867018903711815	0.7436393224664243	0.15187195737423353	0.22142521814983407	0.6432420861647921	0.10978770291316198	0.7939187684837476	0.2939201444955265	0.9985360051101956	0.9516777116810897	0.5697971388233913	0.594077178762264	0.45100665323583566	0.2705306720296341	0.9071676704262349	0.6966870049152103	0.11118329271059813	0.9928742868330532	0.9752691057233551	0.10662016495348314	0.5866687502496929	0.7131655451991973	0.07230073661716918	0.37245995973830537	0.7986926291185322	0.3828070109426386	0.9309077063074587	0.21160383872237332	0.9430608037102093	0.7335502283925065	0.8522167710069711	0.473894493139133	0.4200923907491917	0.40300422227588273	0.7879826719983599	0.269935293018028	0.8626394704990675	0.8765064267102334	0.8260572741162711	0.9379321184885923
0.0876773760429922	0.14617675307420808	0.057269812211109494	0.28902450690526293	0.997952547208648	0.8854708821012188	0.8643176684561571	0.2792591673435293	0.8785452848557597	0.4172721049585286	0.5444148908950932	0.3898956330900387	0.4996831179727612	0.7141897348646755	0	0.23016054048618362	0.3505141329850453	0.34640148000100934	0.4311653130965295	0.969428012582032	0.6487473922011932	0.6176146938606686	0.4031759125047495	0.16135646304360796	0.4264668798670699	0.22067212709548856	0.5233341130375992	0.1652155136956851	0.2591237032316075	0.10801421867111105	0.5903277309624031	0.9810145267747471	0.02314950838734009	0.3633669915576584	0.10402000362810204	0.7735201859811776	0.8678191355888502	0.07518582688191022	0.7805200069471727	0.6572398400318341	0.06519642717083307	0.08879673450843872	0.18271693806163303	0.6299639133778875	0.038926480767240035	0.49180196928069997	0.8624200456325781	0.17839191254014675	0.1390788821960296	0.8161751249633129	0.03816631388514846	0.14940542675588908	0.6733103417873728	0.25086091089024065	0.5031629527356414	0.5383173511354363	0.9152624117279806	0.6691377683924463	0.025092088458105954	0.12369783709434301	0.9193818247548196	0.7754904036063073	0.1704001189899278	0.6027701575547222	0.5752357896812514	0.29754304318086666	0.27657222473436593	0.06428940364646274	0.2866070624829753	0.6679681096868645	0.054709331621110024	0.06289188820479474	0.023511789841044406	0.9657158495151602	0.9427392151868762	0.11268951020048223	0.2808736631581439	0.037952762723795885	0.21252057105590583	0.21466265783227712	0.8039812298710969	0.7717548776932708	0.6418787890525375	0.6140788323277909	0.1972894085810699	0.2878978483446524	0.8395538005316916	0.13078639140828485	0.7910370694461305	0.8334694454048256	0.343627166005006	0.19510424493475376	0.2811881941911901	0.8932200574501461	0.9343752202364138	0.4891958141695808	0.729734910006822	0.32086116932075837	0.6562608507113002	0.7343472083496132	0.6080170093300518	0.07539869839708346	0.22829905632650427	0.8517547732519831	0.006252133324042841	0.848620309118849	0.07842358594000287	0.37901093035524147	0.8882402910467155	0.1987689052857351	0.159165759722266	0.8768603475864906	0.3815844970091298
0.6136546213734411	0.6787731469568518	0.184916807766903	0.634979072737021	0.694039829442559	0.6011041872429704	0.8307342759129684	0.5255997439965548	0.9006118937745351	0.8286787717650954	0.6779167377135423	0.4345770519363822	0.7992264709636154	0.11976199302944612	0.23016054048618362	0	0.8724975342817161	0.15202428394660628	0.03361566740857125	0.823696070541961	0.5104619322539107	0.5349436560995402	0.051689851181220936	0.6941508448960508	0.6312850482076092	0.6413056957845166	0.2832260785323538	0.9741213959492739	0.9897229507958767	0.10786834423026148	0.4486812464748665	0.5935876870781888	0.20208085068136272	0.10714941948464474	0.7030465350391985	0.3691285641672363	0.18303891188235133	0.10116898783986061	0.6760763930279792	0.14140709275729313	0.5808383226542131	0.7026705617270541	0.8102833914607543	0.28679677527748904	0.16226697610759833	0.3022729117025271	0.8600423591377604	0.8402619117342317	0.5029926545092963	0.42860901194924583	0.520710735598267	0.5895084420791106	0.8773783873882456	0.5040466143845518	0.21734805138085078	0.49472826286520855	0.6385448703839802	0.8463395776248833	0.06413063417397591	0.9439399390688694	0.10839810511507353	0.26876621758774033	0.49245653932022015	0.7862707995150359	0.6159001199767948	0.048454966119171994	0.7189491045765601	0.35058540477397804	0.05315998880682016	0.7792213519056075	0.5844085363422519	0.21750983514342181	0.8453101016008076	0.4577441571296653	0.4606845269576161	7.914434356692812e-05	0.48621498939960783	0.5759385850264275	0.30038351210016134	0.8401018900741535	0.5832402540577031	0.07633786626165584	0.4204087337050001	0.07234159833279385	0.03672240222090972	0.9059281299851885	0.6494966205598862	0.7443408252501922	0.29491619750323805	0.8046338481140012	0.5332747670901258	0.9638507509615962	0.7215776502522968	0.3056046533161505	0.014788977549302196	0.19060660935268825	0.08358626625737386	0.2208384825655011	0.49818844941279083	0.8005491371193861	0.48984291685752845	0.3730493410507242	0.0451695742360958	0.2937074912030172	0.39598679176799534	0.31201475571577875	0.6085946139450267	0.6072489469293583	0.6985062809371408	0.3405927078825839	0.3466671683651772	0.9326228033843125	0.5642467895778748
0.37293604618394727	0.9913068633144614	0.7520939548043236	0.10557165810599622	0.11550065308166602	0.8675233262023191	0.304175002663862	0.5679794217704919	0.7168718870374716	0.5445966032787422	0.0469706689611008	0.7169310888732673	0.703570893580625	0.6552707682136677	0.3505141329850453	0.8724975342817161	0	0.3649357517064743	0.7052976563153605	0.9331505431625547	0.27591540267318093	0.4580161489416994	0.02910540257785532	0.4639440261629475	0.9542955968739677	0.7742785232468183	0.06885574504274306	0.4528991252533321	0.3299479397934312	0.14488880478993904	0.888840747821973	0.8099376657896193	0.6260114498111234	0.5212136847304799	0.789874611284449	0.14335735000930183	0.31752473182112495	0.026473486452648798	0.5887537196261443	0.27740227569852327	0.28595460051814436	0.7858908438989147	0.28600753423326153	0.3267310771264387	0.5860086843643765	0.49516663019706864	0.732520849869163	0.11181937534595154	0.9528827115234579	0.9686724302845049	0.2568744010314268	0.9266468275691915	0.6764537268672554	0.5763541604591655	0.2503445115383348	0.1705746272536356	0.485169401577333	0.2521444939220635	0.3590722448055813	0.23929767226105392	0.18610048257737133	0.7753801008941483	0.18185713035498263	0.8756724369469573	0.0019736968762434914	0.858060254910997	0.26819149514287133	0.1481259156033008	0.25203536929100134	0.38545491109215313	0.072497539282524	0.059072936829907	0.6117397872534976	0.5671039645204297	0.582011521511658	0.9835336105625604	0.014178624891113323	0.40961703659856397	0.5715469550963964	0.43907984266234856	0.16854254161063287	0.4354821570561592	0.29417731107941314	0.5930554355297609	0.02330407394371936	0.32059181799175185	0.06484864171645055	0.803676784270051	0.13125788641382585	0.8703542658579221	0.17323126061718308	0.33664038888710557	0.7129793042999903	0.3378106378068666	0.46420440684232456	0.15312061719087522	0.832733819430603	0.12768588522930824	0.22195062875122873	0.2170481002857979	0.9219281361050576	0.6918611544125212	0.4097743264472773	0.5392692475499621	0.9191221288575961	0.684948720935972	0.7708051092109269	0.06762829105738	0.5768098774961741	0.11722869040641781	0.47110152948718986	0.8127764233104461	0.43721935374597465
0.40324020788867476	0.0037283170205710814	0.94893071419169	0.3814010264322619	0.6677047493739217	0.9320617788672227	0.036352211769083764	0.2770181421290646	0.20435731721684736	0.7639407979903701	0.17102468927867387	0.37380958925251706	0.8764227265474662	0.810257942776496	0.34640148000100934	0.15202428394660628	0.3649357517064743	0	0.540562260428283	0.6226754450552324	0.5007821932867703	0.6262124146626079	0.055662368694174624	0.9908241032535343	0.8582707146095705	0.6785403166539282	0.49636917224118293	0.43867353208072857	0.9453358078996352	0.967758911386235	0.37289842733491396	0.4212215194366099	0.09008777848830174	0.45577812036044685	0.8957120248320494	0.7941782022940855	0.9686221598944277	0.3322677969308736	0.404555064994479	0.6807545561811343	0.9359804537054123	0.1294949543883548	0.6700010289665771	0.7795799852830744	0.18207969259939527	0.6422758353094331	0.5894190338860313	0.6630628108917148	0.6997797065319902	0.4606065908401693	0.7002716825562463	0.3631905778945562	0.1794771564386125	0.5389206395150553	0.2096870105330244	0.9365346555267006	0.11207505162983022	0.22135375684395364	0.7316498497910723	0.5420313943794541	0.42929211607307394	0.489027966451955	0.7185014507283137	0.8074084392594408	0.5422187138935332	0.812556512432133	0.5682572477974545	0.8523503296654318	0.7535179093057135	0.8161721281527003	0.7636281502643811	0.17181249449517422	0.957219717708386	0.6289351026487439	0.550781756818256	0.8534260787979084	0.5899651620887072	0.1305600034201745	0.21714956148889109	0.6957786968294063	0.5589545784272116	0.2580335831137315	0.6578958641080275	0.318974172698372	0.15884276330054126	0.29865679025537284	0.13635754910373854	0.782416520385873	0.1427735440070651	0.07167991491432668	0.6963780129743692	0.4256122552310626	0.9957056276126071	0.0812108075110809	0.9636293075258093	0.5194430143416222	0.7972309458450737	0.9981113410809497	0.8967673988271714	0.40544089494220414	0.918111461530142	0.058035064341178	0.6092848626683978	0.7781919640830312	0.5143990278932153	0.10063729261556853	0.8073694364251918	0.9382000497640255	0.5739768907444568	0.5545898121084883	0.801671893547419	0.05618903716297097	0.10058923715884505
