[[0.0, 1.028, 1.694, 1.782, 2.264, 2.369, 2.842, 3.197, 3.063, 3.259, 3.653, 4.414, 4.857, 4.817, 4.251, 3.328, 2.683, 2.275, 2.505, 2.851, 2.884, 2.829, 2.96, 3.317, 4.171, 4.912, 7.826, 9.925, 8.048, 6.718, 6.122, 4.572, 3.658, 4.022, 4.375, 4.272, 4.187, 4.511, 4.254, 4.064, 3.517, 3.294, 3.38, 3.607, 3.983, 3.672, 3.899, 3.997, 4.15, 7.532, 11.063, 11.96, 11.499, 10.983, 10.877, 10.81, 10.865, 11.165, 12.157, 13.351, 14.088, 14.559, 15.154, 15.067, 15.693, 15.787, 15.748, 15.743, 16.012, 15.98, 15.68, 15.211, 15.28, 15.869, 15.741, 15.619, 15.148, 14.713, 13.972, 12.981, 12.733, 12.574, 11.598, 8.077, 4.335, 2.882], [1.028, 0.0, 0.875, 1.16, 1.787, 1.817, 2.171, 2.514, 2.394, 2.543, 2.996, 3.705, 4.141, 4.093, 3.528, 2.574, 2.086, 2.047, 1.965, 2.253, 2.245, 2.144, 2.252, 2.613, 3.49, 4.184, 7.107, 9.015, 7.276, 6.003, 5.314, 3.887, 3.07, 3.242, 3.527, 3.467, 3.619, 3.967, 3.914, 3.788, 3.314, 3.207, 3.289, 3.423, 3.94, 3.799, 4.125, 4.186, 4.495, 8.411, 11.932, 12.874, 12.237, 11.743, 11.62, 11.541, 11.614, 11.95, 12.998, 14.2, 14.907, 15.426, 15.976, 15.99, 16.423, 16.488, 16.568, 16.58, 16.856, 16.83, 16.578, 16.108, 16.203, 16.755, 16.605, 16.388, 15.892, 15.449, 14.709, 13.818, 13.613, 13.431, 12.31, 8.985, 5.184, 3.346], [1.694, 0.875, 0.0, 0.91, 1.482, 1.562, 1.797, 2.085, 2.08, 2.185, 2.655, 3.16, 3.608, 3.521, 2.947, 2.169, 1.951, 2.402, 2.145, 1.931, 1.971, 1.738, 1.79, 2.185, 2.886, 3.59, 6.465, 8.349, 6.68, 5.401, 4.682, 3.334, 2.529, 2.606, 2.92, 2.88, 3.171, 3.446, 3.519, 3.531, 3.17, 3.112, 3.227, 3.329, 3.791, 3.803, 4.071, 4.13, 4.812, 9.013, 12.541, 13.464, 12.788, 12.333, 12.178, 12.112, 12.193, 12.532, 13.592, 14.796, 15.538, 16.041, 16.512, 16.572, 16.993, 17.089, 17.153, 17.172, 17.433, 17.411, 17.194, 16.731, 16.811, 17.361, 17.252, 17.016, 16.498, 16.047, 15.32, 14.464, 14.256, 14.03, 12.904, 9.597, 5.798, 3.816], [1.782, 1.16, 0.91, 0.0, 0.942, 1.118, 1.325, 1.773, 1.801, 1.969, 2.443, 2.903, 3.271, 3.168, 2.596, 1.991, 1.799, 2.063, 1.919, 1.57, 1.448, 1.662, 1.576, 1.758, 2.658, 3.233, 6.201, 8.276, 6.393, 5.069, 4.434, 2.929, 2.238, 2.53, 2.998, 2.96, 3.275, 3.666, 3.794, 3.787, 3.393, 3.252, 3.439, 3.588, 4.033, 4.117, 4.222, 4.353, 5.276, 9.127, 12.667, 13.581, 13.09, 12.597, 12.47, 12.398, 12.461, 12.758, 13.779, 14.967, 15.69, 16.171, 16.763, 16.75, 17.338, 17.436, 17.397, 17.439, 17.654, 17.605, 17.322, 16.867, 16.962, 17.5, 17.385, 17.259, 16.834, 16.4, 15.656, 14.669, 14.405, 14.242, 13.217, 9.603, 5.793, 3.711], [2.264, 1.787, 1.482, 0.942, 0.0, 0.53, 0.907, 1.209, 1.233, 1.472, 1.86, 2.447, 2.796, 2.68, 2.112, 1.611, 1.325, 1.632, 1.545, 1.146, 1.156, 1.406, 1.238, 1.507, 2.35, 2.738, 5.792, 7.953, 6.04, 4.623, 4.079, 2.537, 2.417, 2.852, 3.262, 3.391, 3.768, 4.203, 4.386, 4.328, 3.854, 3.749, 3.907, 4.117, 4.509, 4.559, 4.643, 4.799, 5.712, 9.638, 13.117, 14.047, 13.61, 13.087, 12.971, 12.904, 12.969, 13.266, 14.253, 15.431, 16.156, 16.627, 17.223, 17.202, 17.838, 17.951, 17.912, 17.927, 18.142, 18.065, 17.777, 17.31, 17.379, 17.956, 17.846, 17.741, 17.331, 16.904, 16.16, 15.164, 14.893, 14.732, 13.737, 10.038, 6.095, 4.053], [2.369, 1.817, 1.562, 1.118, 0.53, 0.0, 0.771, 1.07, 1.021, 1.279, 1.655, 2.198, 2.553, 2.524, 1.936, 1.444, 1.288, 1.725, 1.518, 1.151, 1.145, 1.377, 1.306, 1.481, 2.257, 2.637, 5.653, 7.793, 5.881, 4.486, 3.982, 2.465, 2.478, 2.931, 3.273, 3.537, 3.92, 4.358, 4.547, 4.457, 4.017, 3.895, 4.063, 4.216, 4.629, 4.68, 4.797, 4.896, 5.879, 9.819, 13.321, 14.271, 13.82, 13.323, 13.209, 13.143, 13.203, 13.511, 14.49, 15.659, 16.38, 16.857, 17.468, 17.367, 18.011, 18.131, 18.092, 18.059, 18.323, 18.305, 18.014, 17.552, 17.6, 18.199, 18.075, 17.935, 17.465, 17.033, 16.289, 15.298, 15.042, 14.883, 13.921, 10.323, 6.302, 4.256], [2.842, 2.171, 1.797, 1.325, 0.907, 0.771, 0.0, 0.812, 0.902, 1.144, 1.429, 1.864, 2.115, 2.096, 1.636, 1.327, 1.261, 1.958, 1.631, 1.206, 1.116, 1.252, 1.289, 1.303, 2.119, 2.253, 5.308, 7.49, 5.584, 4.131, 3.57, 2.226, 2.362, 2.912, 3.228, 3.518, 3.914, 4.359, 4.564, 4.503, 4.092, 3.99, 4.143, 4.332, 4.764, 4.795, 4.883, 5.005, 6.077, 10.229, 13.744, 14.657, 14.221, 13.695, 13.579, 13.514, 13.565, 13.882, 14.795, 16.018, 16.705, 17.198, 17.781, 17.743, 18.445, 18.574, 18.537, 18.478, 18.688, 18.667, 18.379, 17.905, 17.974, 18.572, 18.447, 18.287, 17.891, 17.464, 16.736, 15.725, 15.45, 15.316, 14.372, 10.637, 6.618, 4.552], [3.197, 2.514, 2.085, 1.773, 1.209, 1.07, 0.812, 0.0, 0.669, 1.231, 1.398, 1.805, 1.964, 1.984, 1.703, 1.502, 1.36, 2.252, 1.802, 1.446, 1.462, 1.492, 1.468, 1.63, 2.246, 2.336, 5.293, 7.474, 5.576, 4.139, 3.584, 2.24, 2.456, 2.961, 3.187, 3.498, 3.923, 4.348, 4.569, 4.542, 4.144, 4.024, 4.197, 4.363, 4.768, 4.822, 4.907, 5.029, 6.333, 10.542, 13.966, 14.913, 14.474, 13.965, 13.806, 13.74, 13.81, 14.141, 15.04, 16.236, 16.928, 17.421, 17.993, 18.0, 18.691, 18.818, 18.779, 18.722, 18.933, 18.897, 18.611, 18.133, 18.199, 18.794, 18.666, 18.509, 18.159, 17.747, 17.022, 15.985, 15.685, 15.596, 14.663, 10.836, 6.804, 4.753], [3.063, 2.394, 2.08, 1.801, 1.233, 1.021, 0.902, 0.669, 0.0, 0.891, 1.11, 1.775, 2.112, 2.098, 1.729, 1.431, 1.138, 1.954, 1.646, 1.364, 1.442, 1.329, 1.39, 1.71, 2.423, 2.427, 5.374, 7.572, 5.668, 4.212, 3.755, 2.414, 2.754, 3.297, 3.479, 3.823, 4.246, 4.686, 4.902, 4.798, 4.355, 4.202, 4.351, 4.533, 5.0, 4.968, 5.079, 5.222, 6.239, 10.374, 13.804, 14.75, 14.306, 13.799, 13.642, 13.576, 13.65, 13.976, 14.877, 16.062, 16.754, 17.245, 17.831, 17.836, 18.526, 18.658, 18.62, 18.598, 18.807, 18.721, 18.435, 17.96, 18.024, 18.623, 18.494, 18.378, 18.028, 17.614, 16.871, 15.857, 15.56, 15.448, 14.51, 10.664, 6.628, 4.605], [3.259, 2.543, 2.185, 1.969, 1.472, 1.279, 1.144, 1.231, 0.891, 0.0, 0.746, 1.344, 1.781, 1.724, 1.236, 1.023, 1.255, 2.061, 1.918, 1.577, 1.43, 1.245, 1.468, 1.747, 2.286, 2.179, 4.872, 7.055, 5.142, 3.7, 3.253, 2.211, 2.793, 3.34, 3.567, 3.91, 4.368, 4.767, 4.998, 4.917, 4.507, 4.369, 4.505, 4.645, 5.139, 5.079, 5.272, 5.316, 6.408, 10.573, 14.08, 15.007, 14.578, 14.056, 13.96, 13.892, 13.947, 14.246, 15.176, 16.386, 17.073, 17.567, 18.144, 18.12, 18.805, 18.938, 18.907, 18.903, 19.109, 19.041, 18.752, 18.288, 18.369, 18.956, 18.84, 18.729, 18.312, 17.889, 17.146, 16.151, 15.884, 15.731, 14.768, 11.012, 6.959, 4.909], [3.653, 2.996, 2.655, 2.443, 1.86, 1.655, 1.429, 1.398, 1.11, 0.746, 0.0, 0.933, 1.418, 1.307, 1.047, 1.045, 1.472, 2.38, 2.179, 1.975, 1.756, 1.568, 1.867, 2.047, 2.433, 2.349, 4.522, 6.729, 4.821, 3.422, 2.995, 2.571, 3.165, 3.661, 3.871, 4.225, 4.619, 5.065, 5.275, 5.181, 4.714, 4.56, 4.683, 4.829, 5.308, 5.272, 5.464, 5.509, 6.649, 10.911, 14.447, 15.364, 14.941, 14.463, 14.328, 14.262, 14.316, 14.611, 15.537, 16.748, 17.437, 17.933, 18.506, 18.521, 19.197, 19.302, 19.269, 19.307, 19.515, 19.407, 19.122, 18.682, 18.779, 19.327, 19.251, 19.137, 18.716, 18.278, 17.534, 16.555, 16.289, 16.13, 15.117, 11.381, 7.382, 5.36], [4.414, 3.705, 3.16, 2.903, 2.447, 2.198, 1.864, 1.805, 1.775, 1.344, 0.933, 0.0, 0.813, 0.782, 0.912, 1.457, 2.139, 3.128, 2.929, 2.504, 2.207, 2.032, 2.202, 2.239, 2.251, 2.144, 3.691, 5.916, 4.05, 2.726, 2.281, 2.503, 3.166, 3.681, 3.917, 4.292, 4.753, 5.127, 5.336, 5.38, 4.969, 4.808, 4.909, 5.063, 5.561, 5.589, 5.743, 5.826, 7.434, 11.667, 15.268, 16.125, 15.753, 15.3, 15.168, 15.053, 15.127, 15.425, 16.3, 17.516, 18.192, 18.769, 19.285, 19.342, 20.021, 20.122, 20.092, 20.13, 20.341, 20.228, 19.897, 19.523, 19.619, 20.142, 20.093, 19.979, 19.542, 19.111, 18.368, 17.384, 17.12, 16.959, 15.943, 12.2, 8.201, 6.131], [4.857, 4.141, 3.608, 3.271, 2.796, 2.553, 2.115, 1.964, 2.112, 1.781, 1.418, 0.813, 0.0, 0.672, 1.07, 1.934, 2.629, 3.646, 3.396, 2.97, 2.622, 2.412, 2.497, 2.495, 2.397, 2.093, 3.462, 5.604, 3.694, 2.469, 1.987, 2.449, 3.242, 3.798, 4.018, 4.394, 4.907, 5.245, 5.516, 5.529, 5.143, 5.082, 5.198, 5.376, 5.875, 5.934, 6.062, 6.256, 7.957, 12.236, 15.754, 16.676, 16.261, 15.735, 15.624, 15.561, 15.611, 15.918, 16.835, 18.042, 18.727, 19.23, 19.777, 19.763, 20.471, 20.614, 20.58, 20.513, 20.722, 20.7, 20.42, 19.948, 20.019, 20.619, 20.5, 20.329, 19.934, 19.507, 18.779, 17.765, 17.493, 17.364, 16.432, 12.577, 8.53, 6.425], [4.817, 4.093, 3.521, 3.168, 2.68, 2.524, 2.096, 1.984, 2.098, 1.724, 1.307, 0.782, 0.672, 0.0, 0.809, 1.778, 2.54, 3.561, 3.324, 2.861, 2.493, 2.345, 2.463, 2.277, 2.326, 2.08, 3.397, 5.561, 3.685, 2.44, 2.112, 2.384, 3.153, 3.676, 3.955, 4.305, 4.784, 5.125, 5.391, 5.481, 5.121, 4.993, 5.133, 5.36, 5.852, 5.893, 6.02, 6.177, 7.846, 12.123, 15.676, 16.573, 16.161, 15.689, 15.55, 15.471, 15.522, 15.819, 16.74, 17.948, 18.632, 19.151, 19.678, 19.745, 20.422, 20.529, 20.499, 20.536, 20.746, 20.609, 20.324, 19.904, 19.999, 20.528, 20.474, 20.357, 19.951, 19.52, 18.777, 17.788, 17.524, 17.365, 16.351, 12.531, 8.566, 6.461], [4.251, 3.528, 2.947, 2.596, 2.112, 1.936, 1.636, 1.703, 1.729, 1.236, 1.047, 0.912, 1.07, 0.809, 0.0, 1.237, 2.113, 3.061, 2.914, 2.357, 1.991, 1.954, 2.097, 1.969, 2.082, 1.99, 3.774, 5.955, 4.042, 2.61, 2.337, 2.076, 2.761, 3.272, 3.554, 3.878, 4.364, 4.736, 5.0, 5.075, 4.723, 4.631, 4.759, 4.983, 5.466, 5.533, 5.653, 5.758, 7.267, 11.586, 15.12, 16.044, 15.619, 15.133, 15.019, 14.953, 15.006, 15.3, 16.246, 17.437, 18.129, 18.618, 19.205, 19.184, 19.858, 19.981, 19.95, 19.97, 20.178, 20.093, 19.807, 19.356, 19.453, 20.017, 19.928, 19.813, 19.383, 18.946, 18.203, 17.223, 16.958, 16.797, 15.778, 12.017, 8.013, 5.942], [3.328, 2.574, 2.169, 1.991, 1.611, 1.444, 1.327, 1.502, 1.431, 1.023, 1.045, 1.457, 1.934, 1.778, 1.237, 0.0, 1.112, 2.106, 1.993, 1.572, 1.411, 1.403, 1.688, 1.904, 2.308, 2.223, 4.665, 6.819, 4.972, 3.534, 3.019, 2.257, 2.665, 3.231, 3.473, 3.817, 4.238, 4.631, 4.807, 4.777, 4.382, 4.179, 4.26, 4.403, 4.867, 4.916, 5.134, 5.151, 6.311, 10.576, 14.152, 15.042, 14.618, 14.171, 14.031, 13.912, 13.986, 14.293, 15.198, 16.398, 17.09, 17.652, 18.196, 18.261, 18.899, 18.991, 18.971, 18.999, 19.21, 19.103, 18.806, 18.416, 18.554, 19.069, 18.962, 18.843, 18.41, 17.973, 17.23, 16.251, 15.99, 15.822, 14.791, 11.086, 7.255, 5.146], [2.683, 2.086, 1.951, 1.799, 1.325, 1.288, 1.261, 1.36, 1.138, 1.255, 1.472, 2.139, 2.629, 2.54, 2.113, 1.112, 0.0, 1.296, 1.198, 1.131, 1.178, 1.087, 1.451, 1.692, 2.315, 2.599, 5.62, 7.776, 5.929, 4.473, 3.895, 2.669, 2.876, 3.388, 3.533, 3.823, 4.195, 4.6, 4.738, 4.66, 4.153, 3.915, 4.001, 4.161, 4.63, 4.585, 4.825, 4.87, 5.757, 9.814, 13.316, 14.204, 13.793, 13.336, 13.177, 13.06, 13.132, 13.449, 14.311, 15.535, 16.214, 16.788, 17.305, 17.406, 18.069, 18.16, 18.124, 18.17, 18.38, 18.252, 17.944, 17.549, 17.681, 18.189, 18.085, 17.985, 17.59, 17.178, 16.435, 15.42, 15.135, 15.01, 13.989, 10.169, 6.445, 4.45], [2.275, 2.047, 2.402, 2.063, 1.632, 1.725, 1.958, 2.252, 1.954, 2.061, 2.38, 3.128, 3.646, 3.561, 3.061, 2.106, 1.296, 0.0, 0.787, 1.131, 1.418, 1.579, 1.713, 2.124, 2.999, 3.488, 6.637, 8.859, 6.999, 5.493, 4.991, 3.612, 3.735, 4.22, 4.332, 4.456, 4.665, 4.923, 5.015, 4.939, 4.418, 4.259, 4.406, 4.492, 4.797, 4.639, 4.877, 4.985, 5.266, 8.913, 12.35, 13.226, 12.821, 12.36, 12.163, 12.038, 12.122, 12.466, 13.338, 14.55, 15.235, 15.792, 16.376, 16.44, 17.1, 17.148, 17.11, 17.162, 17.378, 17.25, 16.906, 16.507, 16.598, 17.113, 17.055, 16.958, 16.603, 16.195, 15.451, 14.433, 14.131, 14.024, 12.99, 9.236, 5.832, 3.991], [2.505, 1.965, 2.145, 1.919, 1.545, 1.518, 1.631, 1.802, 1.646, 1.918, 2.179, 2.929, 3.396, 3.324, 2.914, 1.993, 1.198, 0.787, 0.0, 1.003, 1.299, 1.395, 1.468, 1.784, 2.715, 3.298, 6.491, 8.715, 6.858, 5.344, 4.801, 3.447, 3.535, 4.033, 4.077, 4.207, 4.447, 4.709, 4.77, 4.684, 4.264, 4.101, 4.285, 4.302, 4.643, 4.503, 4.723, 4.793, 5.403, 9.154, 12.669, 13.52, 13.119, 12.665, 12.474, 12.354, 12.451, 12.777, 13.627, 14.844, 15.525, 16.091, 16.603, 16.736, 17.403, 17.486, 17.448, 17.496, 17.707, 17.552, 17.213, 16.826, 16.918, 17.435, 17.378, 17.276, 16.918, 16.507, 15.766, 14.748, 14.46, 14.338, 13.316, 9.558, 6.21, 4.387], [2.851, 2.253, 1.931, 1.57, 1.146, 1.151, 1.206, 1.446, 1.364, 1.577, 1.975, 2.504, 2.97, 2.861, 2.357, 1.572, 1.131, 1.131, 1.003, 0.0, 0.778, 1.346, 1.285, 1.606, 2.349, 2.764, 5.931, 8.118, 6.267, 4.791, 4.245, 2.854, 3.01, 3.484, 3.532, 3.745, 4.026, 4.295, 4.414, 4.438, 3.995, 3.883, 4.112, 4.141, 4.41, 4.466, 4.542, 4.669, 5.653, 9.562, 13.062, 13.933, 13.53, 13.078, 12.878, 12.759, 12.848, 13.19, 14.037, 15.25, 15.932, 16.498, 17.056, 17.153, 17.805, 17.883, 17.845, 17.894, 18.106, 17.96, 17.621, 17.233, 17.345, 17.853, 17.785, 17.684, 17.33, 16.919, 16.177, 15.16, 14.858, 14.75, 13.722, 9.97, 6.605, 4.678], [2.884, 2.245, 1.971, 1.448, 1.156, 1.145, 1.116, 1.462, 1.442, 1.43, 1.756, 2.207, 2.622, 2.493, 1.991, 1.411, 1.178, 1.418, 1.299, 0.778, 0.0, 1.161, 1.154, 1.345, 2.084, 2.448, 5.469, 7.612, 5.803, 4.371, 3.809, 2.743, 2.875, 3.291, 3.421, 3.619, 3.932, 4.307, 4.471, 4.482, 4.092, 3.912, 4.058, 4.194, 4.634, 4.711, 4.835, 4.97, 5.989, 9.894, 13.454, 14.279, 13.848, 13.384, 13.206, 13.084, 13.178, 13.496, 14.447, 15.625, 16.355, 16.919, 17.451, 17.529, 18.133, 18.208, 18.169, 18.225, 18.438, 18.324, 17.981, 17.609, 17.673, 18.172, 18.122, 18.009, 17.632, 17.222, 16.479, 15.462, 15.18, 15.052, 14.019, 10.356, 6.675, 4.721], [2.829, 2.144, 1.738, 1.662, 1.406, 1.377, 1.252, 1.492, 1.329, 1.245, 1.568, 2.032, 2.412, 2.345, 1.954, 1.403, 1.087, 1.579, 1.395, 1.346, 1.161, 0.0, 0.789, 1.288, 2.118, 2.392, 5.432, 7.585, 5.778, 4.347, 3.716, 2.688, 2.952, 3.454, 3.6, 3.777, 4.209, 4.61, 4.78, 4.759, 4.377, 4.296, 4.412, 4.536, 5.021, 5.008, 5.244, 5.294, 6.118, 10.12, 13.571, 14.477, 13.944, 13.477, 13.271, 13.232, 13.328, 13.666, 14.575, 15.794, 16.505, 17.002, 17.531, 17.545, 18.225, 18.291, 18.246, 18.306, 18.529, 18.398, 18.168, 17.687, 17.764, 18.313, 18.261, 18.145, 17.763, 17.356, 16.591, 15.641, 15.334, 15.19, 14.166, 10.395, 6.543, 4.551], [2.96, 2.252, 1.79, 1.576, 1.238, 1.306, 1.289, 1.468, 1.39, 1.468, 1.867, 2.202, 2.497, 2.463, 2.097, 1.688, 1.451, 1.713, 1.468, 1.285, 1.154, 0.789, 0.0, 1.334, 2.188, 2.466, 5.539, 7.692, 5.894, 4.452, 3.817, 2.752, 2.95, 3.379, 3.509, 3.742, 4.235, 4.605, 4.819, 4.811, 4.47, 4.382, 4.499, 4.654, 5.162, 5.213, 5.386, 5.495, 6.314, 10.245, 13.608, 14.54, 14.003, 13.537, 13.295, 13.251, 13.374, 13.72, 14.632, 15.827, 16.534, 17.023, 17.569, 17.61, 18.294, 18.314, 18.27, 18.333, 18.561, 18.402, 18.171, 17.691, 17.773, 18.301, 18.254, 18.172, 17.821, 17.416, 16.652, 15.699, 15.392, 15.248, 14.217, 10.326, 6.44, 4.441], [3.317, 2.613, 2.185, 1.758, 1.507, 1.481, 1.303, 1.63, 1.71, 1.747, 2.047, 2.239, 2.495, 2.277, 1.969, 1.904, 1.692, 2.124, 1.784, 1.606, 1.345, 1.288, 1.334, 0.0, 1.285, 1.88, 4.908, 7.102, 5.245, 3.757, 3.21, 2.186, 2.788, 3.066, 3.317, 3.428, 3.83, 4.099, 4.416, 4.668, 4.419, 4.244, 4.372, 4.619, 5.136, 5.209, 5.341, 5.456, 6.595, 10.503, 14.066, 14.928, 14.519, 14.05, 13.895, 13.785, 13.853, 14.173, 15.065, 16.299, 16.982, 17.517, 18.019, 18.137, 18.8, 18.888, 18.854, 18.895, 19.105, 18.969, 18.649, 18.249, 18.346, 18.868, 18.816, 18.705, 18.306, 17.882, 17.14, 16.145, 15.876, 15.721, 14.687, 10.825, 6.95, 5.009], [4.171, 3.49, 2.886, 2.658, 2.35, 2.257, 2.119, 2.246, 2.423, 2.286, 2.433, 2.251, 2.397, 2.326, 2.082, 2.308, 2.315, 2.999, 2.715, 2.349, 2.084, 2.118, 2.188, 1.285, 0.0, 1.257, 4.07, 6.284, 4.414, 2.924, 2.575, 2.324, 2.836, 3.047, 3.368, 3.415, 3.757, 4.046, 4.348, 4.623, 4.439, 4.292, 4.315, 4.594, 5.121, 5.167, 5.325, 5.506, 7.033, 11.268, 14.879, 15.755, 15.359, 14.928, 14.782, 14.662, 14.739, 15.053, 15.96, 17.135, 17.85, 18.415, 18.949, 18.981, 19.599, 19.702, 19.667, 19.709, 19.97, 19.851, 19.514, 19.148, 19.237, 19.756, 19.702, 19.593, 19.119, 18.684, 17.941, 16.956, 16.702, 16.544, 15.487, 11.769, 7.758, 5.833], [4.912, 4.184, 3.59, 3.233, 2.738, 2.637, 2.253, 2.336, 2.427, 2.179, 2.349, 2.144, 2.093, 2.08, 1.99, 2.223, 2.599, 3.488, 3.298, 2.764, 2.448, 2.392, 2.466, 1.88, 1.257, 0.0, 3.268, 5.526, 3.65, 2.173, 2.062, 2.205, 3.238, 3.649, 4.048, 4.283, 4.751, 5.109, 5.45, 5.725, 5.557, 5.422, 5.42, 5.714, 6.251, 6.284, 6.456, 6.607, 8.031, 12.192, 15.754, 16.608, 16.22, 15.761, 15.6, 15.48, 15.556, 15.881, 16.734, 17.957, 18.639, 19.21, 19.736, 19.826, 20.5, 20.595, 20.557, 20.603, 20.813, 20.674, 20.337, 19.953, 20.047, 20.567, 20.511, 20.408, 20.018, 19.605, 18.861, 17.848, 17.57, 17.438, 16.4, 12.509, 8.292, 6.137], [7.826, 7.107, 6.465, 6.201, 5.792, 5.653, 5.308, 5.293, 5.374, 4.872, 4.522, 3.691, 3.462, 3.397, 3.774, 4.665, 5.62, 6.637, 6.491, 5.931, 5.469, 5.432, 5.539, 4.908, 4.07, 3.268, 0.0, 2.732, 1.676, 1.624, 2.515, 4.04, 5.095, 5.521, 5.917, 6.099, 6.61, 6.984, 7.235, 7.562, 7.441, 7.382, 7.361, 7.634, 8.23, 8.196, 8.456, 8.724, 10.688, 15.032, 18.706, 19.538, 19.131, 18.693, 18.564, 18.447, 18.523, 18.818, 19.725, 20.937, 21.653, 22.227, 22.702, 22.727, 23.38, 23.486, 23.458, 23.494, 23.736, 23.62, 23.321, 22.92, 23.015, 23.54, 23.522, 23.39, 22.909, 22.453, 21.716, 20.775, 20.503, 20.329, 19.263, 15.638, 11.453, 9.263], [9.925, 9.015, 8.349, 8.276, 7.953, 7.793, 7.49, 7.474, 7.572, 7.055, 6.729, 5.916, 5.604, 5.561, 5.955, 6.819, 7.776, 8.859, 8.715, 8.118, 7.612, 7.585, 7.692, 7.102, 6.284, 5.526, 2.732, 0.0, 2.124, 3.743, 3.943, 5.655, 6.493, 6.121, 6.244, 6.524, 7.069, 7.229, 7.478, 7.522, 7.742, 7.901, 7.69, 7.896, 8.505, 8.906, 9.288, 9.678, 12.425, 17.069, 20.697, 21.578, 20.986, 20.559, 20.419, 20.333, 20.425, 20.729, 21.8, 22.981, 23.696, 24.257, 24.674, 24.721, 25.171, 25.284, 25.371, 25.375, 25.625, 25.604, 25.375, 24.976, 25.081, 25.594, 25.554, 25.313, 24.763, 24.255, 23.53, 22.742, 22.529, 22.31, 21.171, 17.787, 13.665, 11.456], [8.048, 7.276, 6.68, 6.393, 6.04, 5.881, 5.584, 5.576, 5.668, 5.142, 4.821, 4.05, 3.694, 3.685, 4.042, 4.972, 5.929, 6.999, 6.858, 6.267, 5.803, 5.778, 5.894, 5.245, 4.414, 3.65, 1.676, 2.124, 0.0, 2.091, 2.533, 3.85, 4.661, 4.854, 5.13, 5.381, 5.921, 6.165, 6.515, 6.693, 6.558, 6.579, 6.522, 6.799, 7.379, 7.586, 7.821, 8.162, 10.802, 15.291, 18.857, 19.804, 19.37, 18.901, 18.783, 18.726, 18.772, 19.052, 20.06, 21.211, 21.924, 22.418, 23.006, 22.96, 23.551, 23.675, 23.654, 23.67, 23.929, 23.854, 23.592, 23.168, 23.276, 23.824, 23.72, 23.604, 23.101, 22.641, 21.905, 20.949, 20.709, 20.552, 19.479, 15.873, 11.739, 9.53], [6.718, 6.003, 5.401, 5.069, 4.623, 4.486, 4.131, 4.139, 4.212, 3.7, 3.422, 2.726, 2.469, 2.44, 2.61, 3.534, 4.473, 5.493, 5.344, 4.791, 4.371, 4.347, 4.452, 3.757, 2.924, 2.173, 1.624, 3.743, 2.091, 0.0, 1.65, 2.932, 4.026, 4.387, 4.762, 4.967, 5.459, 5.823, 6.053, 6.368, 6.273, 6.176, 6.195, 6.462, 7.046, 7.027, 7.232, 7.506, 9.609, 13.917, 17.564, 18.43, 18.054, 17.618, 17.49, 17.375, 17.446, 17.741, 18.661, 19.832, 20.539, 21.106, 21.63, 21.656, 22.312, 22.421, 22.394, 22.428, 22.657, 22.542, 22.21, 21.849, 21.942, 22.467, 22.425, 22.306, 21.848, 21.389, 20.653, 19.693, 19.427, 19.266, 18.197, 14.489, 10.277, 8.148], [6.122, 5.314, 4.682, 4.434, 4.079, 3.982, 3.57, 3.584, 3.755, 3.253, 2.995, 2.281, 1.987, 2.112, 2.337, 3.019, 3.895, 4.991, 4.801, 4.245, 3.809, 3.716, 3.817, 3.21, 2.575, 2.062, 2.515, 3.943, 2.533, 1.65, 0.0, 1.962, 3.117, 3.46, 3.749, 3.989, 4.484, 4.822, 5.034, 5.308, 5.279, 5.365, 5.302, 5.534, 6.191, 6.168, 6.569, 6.933, 8.966, 13.384, 16.953, 17.849, 17.349, 16.889, 16.758, 16.688, 16.739, 17.032, 17.983, 19.207, 19.901, 20.436, 20.93, 20.984, 21.608, 21.715, 21.738, 21.722, 21.931, 21.856, 21.639, 21.183, 21.32, 21.852, 21.741, 21.572, 21.135, 20.68, 19.944, 19.028, 18.761, 18.568, 17.497, 13.856, 9.737, 7.549], [4.572, 3.887, 3.334, 2.929, 2.537, 2.465, 2.226, 2.24, 2.414, 2.211, 2.571, 2.503, 2.449, 2.384, 2.076, 2.257, 2.669, 3.612, 3.447, 2.854, 2.743, 2.688, 2.752, 2.186, 2.324, 2.205, 4.04, 5.655, 3.85, 2.932, 1.962, 0.0, 1.473, 1.987, 2.324, 2.508, 3.02, 3.333, 3.669, 3.844, 3.737, 3.782, 3.765, 4.016, 4.626, 4.691, 4.963, 5.343, 7.58, 11.921, 15.467, 16.384, 15.972, 15.455, 15.37, 15.307, 15.356, 15.643, 16.572, 17.78, 18.463, 18.963, 19.527, 19.482, 20.183, 20.33, 20.303, 20.276, 20.484, 20.432, 20.152, 19.694, 19.767, 20.37, 20.252, 20.125, 19.695, 19.246, 18.503, 17.54, 17.275, 17.113, 16.126, 12.307, 8.095, 5.932], [3.658, 3.07, 2.529, 2.238, 2.417, 2.478, 2.362, 2.456, 2.754, 2.793, 3.165, 3.166, 3.242, 3.153, 2.761, 2.665, 2.876, 3.735, 3.535, 3.01, 2.875, 2.952, 2.95, 2.788, 2.836, 3.238, 5.095, 6.493, 4.661, 4.026, 3.117, 1.473, 0.0, 1.206, 1.72, 1.686, 2.137, 2.395, 2.794, 2.834, 2.663, 2.525, 2.596, 2.783, 3.302, 3.552, 3.76, 4.061, 6.361, 10.792, 14.36, 15.288, 14.812, 14.324, 14.231, 14.171, 14.219, 14.501, 15.473, 16.661, 17.39, 17.886, 18.423, 18.377, 19.003, 19.148, 19.136, 19.12, 19.364, 19.291, 19.079, 18.589, 18.722, 19.295, 19.157, 19.019, 18.543, 18.084, 17.348, 16.405, 16.14, 15.965, 14.929, 11.32, 7.172, 5.005], [4.022, 3.242, 2.606, 2.53, 2.852, 2.931, 2.912, 2.961, 3.297, 3.34, 3.661, 3.681, 3.798, 3.676, 3.272, 3.231, 3.388, 4.22, 4.033, 3.484, 3.291, 3.454, 3.379, 3.066, 3.047, 3.649, 5.521, 6.121, 4.854, 4.387, 3.46, 1.987, 1.206, 0.0, 0.974, 0.969, 1.428, 1.758, 2.019, 2.115, 2.098, 2.141, 2.029, 2.283, 2.905, 3.111, 3.334, 3.796, 6.414, 11.09, 14.691, 15.602, 14.991, 14.557, 14.407, 14.355, 14.434, 14.732, 15.816, 16.997, 17.711, 18.241, 18.697, 18.723, 19.165, 19.286, 19.374, 19.377, 19.625, 19.6, 19.4, 18.957, 19.06, 19.594, 19.538, 19.293, 18.754, 18.236, 17.53, 16.729, 16.512, 16.294, 15.151, 11.768, 7.655, 5.548], [4.375, 3.527, 2.92, 2.998, 3.262, 3.273, 3.228, 3.187, 3.479, 3.567, 3.871, 3.917, 4.018, 3.955, 3.554, 3.473, 3.533, 4.332, 4.077, 3.532, 3.421, 3.6, 3.509, 3.317, 3.368, 4.048, 5.917, 6.244, 5.13, 4.762, 3.749, 2.324, 1.72, 0.974, 0.0, 0.81, 1.219, 1.57, 1.914, 1.894, 1.851, 1.94, 1.801, 2.053, 2.668, 3.103, 3.444, 3.913, 6.534, 11.259, 14.826, 15.774, 15.158, 14.651, 14.542, 14.531, 14.605, 14.937, 16.002, 17.167, 17.872, 18.39, 18.898, 18.835, 19.348, 19.407, 19.503, 19.516, 19.789, 19.766, 19.56, 19.14, 19.233, 19.782, 19.707, 19.458, 18.895, 18.389, 17.632, 16.905, 16.7, 16.478, 15.323, 11.967, 8.04, 6.068], [4.272, 3.467, 2.88, 2.96, 3.391, 3.537, 3.518, 3.498, 3.823, 3.91, 4.225, 4.292, 4.394, 4.305, 3.878, 3.817, 3.823, 4.456, 4.207, 3.745, 3.619, 3.777, 3.742, 3.428, 3.415, 4.283, 6.099, 6.524, 5.381, 4.967, 3.989, 2.508, 1.686, 0.969, 0.81, 0.0, 1.047, 1.204, 1.512, 1.648, 1.704, 1.794, 1.745, 1.86, 2.582, 2.924, 3.246, 3.714, 6.211, 10.986, 14.567, 15.494, 14.872, 14.335, 14.226, 14.215, 14.325, 14.643, 15.723, 16.884, 17.598, 18.128, 18.608, 18.557, 19.056, 19.132, 19.234, 19.229, 19.491, 19.499, 19.294, 18.853, 18.948, 19.509, 19.412, 19.144, 18.58, 18.024, 17.301, 16.608, 16.408, 16.194, 15.045, 11.7, 7.824, 5.889], [4.187, 3.619, 3.171, 3.275, 3.768, 3.92, 3.914, 3.923, 4.246, 4.368, 4.619, 4.753, 4.907, 4.784, 4.364, 4.238, 4.195, 4.665, 4.447, 4.026, 3.932, 4.209, 4.235, 3.83, 3.757, 4.751, 6.61, 7.069, 5.921, 5.459, 4.484, 3.02, 2.137, 1.428, 1.219, 1.047, 0.0, 0.877, 1.452, 1.62, 1.698, 1.655, 1.577, 1.744, 2.167, 2.853, 3.143, 3.569, 6.071, 10.784, 14.346, 15.289, 14.691, 14.221, 14.092, 14.065, 14.134, 14.471, 15.539, 16.703, 17.392, 17.915, 18.434, 18.406, 18.872, 18.936, 19.034, 19.042, 19.32, 19.284, 19.084, 18.663, 18.773, 19.312, 19.259, 18.995, 18.439, 17.939, 17.184, 16.462, 16.259, 16.033, 14.877, 11.529, 7.723, 5.922], [4.511, 3.967, 3.446, 3.666, 4.203, 4.358, 4.359, 4.348, 4.686, 4.767, 5.065, 5.127, 5.245, 5.125, 4.736, 4.631, 4.6, 4.923, 4.709, 4.295, 4.307, 4.61, 4.605, 4.099, 4.046, 5.109, 6.984, 7.229, 6.165, 5.823, 4.822, 3.333, 2.395, 1.758, 1.57, 1.204, 0.877, 0.0, 1.162, 1.475, 1.626, 1.621, 1.531, 1.607, 1.98, 2.814, 3.114, 3.515, 5.97, 10.722, 14.3, 15.219, 14.615, 14.162, 13.987, 13.933, 14.059, 14.387, 15.464, 16.63, 17.334, 17.861, 18.344, 18.387, 18.807, 18.902, 19.009, 19.013, 19.269, 19.217, 19.023, 18.611, 18.721, 19.242, 19.2, 18.92, 18.372, 17.781, 17.111, 16.403, 16.2, 15.982, 14.826, 11.506, 7.988, 6.256], [4.254, 3.914, 3.519, 3.794, 4.386, 4.547, 4.564, 4.569, 4.902, 4.998, 5.275, 5.336, 5.516, 5.391, 5.0, 4.807, 4.738, 5.015, 4.77, 4.414, 4.471, 4.78, 4.819, 4.416, 4.348, 5.45, 7.235, 7.478, 6.515, 6.053, 5.034, 3.669, 2.794, 2.019, 1.914, 1.512, 1.452, 1.162, 0.0, 0.937, 1.211, 1.319, 1.398, 1.283, 1.668, 2.193, 2.474, 2.871, 5.382, 10.156, 13.769, 14.664, 14.032, 13.568, 13.409, 13.331, 13.471, 13.798, 14.863, 16.044, 16.752, 17.302, 17.746, 17.788, 18.241, 18.325, 18.446, 18.455, 18.694, 18.67, 18.462, 18.045, 18.162, 18.672, 18.617, 18.339, 17.789, 17.202, 16.514, 15.828, 15.625, 15.41, 14.253, 10.964, 7.854, 6.302], [4.064, 3.788, 3.531, 3.787, 4.328, 4.457, 4.503, 4.542, 4.798, 4.917, 5.181, 5.38, 5.529, 5.481, 5.075, 4.777, 4.66, 4.939, 4.684, 4.438, 4.482, 4.759, 4.811, 4.668, 4.623, 5.725, 7.562, 7.522, 6.693, 6.368, 5.308, 3.844, 2.834, 2.115, 1.894, 1.648, 1.62, 1.475, 0.937, 0.0, 0.912, 1.257, 1.074, 0.946, 1.462, 2.083, 2.413, 2.823, 5.378, 10.136, 13.728, 14.65, 14.005, 13.498, 13.373, 13.342, 13.468, 13.8, 14.868, 16.033, 16.756, 17.287, 17.763, 17.712, 18.176, 18.29, 18.405, 18.363, 18.628, 18.655, 18.448, 17.999, 18.078, 18.665, 18.547, 18.279, 17.718, 17.151, 16.435, 15.741, 15.535, 15.319, 14.203, 10.89, 7.708, 6.133], [3.517, 3.314, 3.17, 3.393, 3.854, 4.017, 4.092, 4.144, 4.355, 4.507, 4.714, 4.969, 5.143, 5.121, 4.723, 4.382, 4.153, 4.418, 4.264, 3.995, 4.092, 4.377, 4.47, 4.419, 4.439, 5.557, 7.441, 7.742, 6.558, 6.273, 5.279, 3.737, 2.663, 2.098, 1.851, 1.704, 1.698, 1.626, 1.211, 0.912, 0.0, 0.805, 0.855, 0.826, 1.265, 1.672, 1.999, 2.383, 4.956, 9.721, 13.307, 14.25, 13.662, 13.143, 13.042, 12.991, 13.066, 13.391, 14.454, 15.627, 16.326, 16.864, 17.364, 17.337, 17.816, 17.906, 18.009, 17.996, 18.25, 18.238, 18.035, 17.578, 17.67, 18.24, 18.142, 17.88, 17.328, 16.814, 16.078, 15.34, 15.132, 14.916, 13.771, 10.468, 7.354, 5.903], [3.294, 3.207, 3.112, 3.252, 3.749, 3.895, 3.99, 4.024, 4.202, 4.369, 4.56, 4.808, 5.082, 4.993, 4.631, 4.179, 3.915, 4.259, 4.101, 3.883, 3.912, 4.296, 4.382, 4.244, 4.292, 5.422, 7.382, 7.901, 6.579, 6.176, 5.365, 3.782, 2.525, 2.141, 1.94, 1.794, 1.655, 1.621, 1.319, 1.257, 0.805, 0.0, 0.773, 0.865, 1.245, 1.762, 1.856, 2.226, 4.84, 9.502, 13.133, 14.017, 13.55, 13.112, 12.983, 12.878, 12.941, 13.265, 14.273, 15.409, 16.114, 16.683, 17.216, 17.249, 17.751, 17.825, 17.889, 17.927, 18.187, 18.101, 17.81, 17.465, 17.575, 18.087, 18.013, 17.822, 17.298, 16.787, 16.051, 15.214, 15.017, 14.843, 13.698, 10.302, 7.043, 5.536], [3.38, 3.289, 3.227, 3.439, 3.907, 4.063, 4.143, 4.197, 4.351, 4.505, 4.683, 4.909, 5.198, 5.133, 4.759, 4.26, 4.001, 4.406, 4.285, 4.112, 4.058, 4.412, 4.499, 4.372, 4.315, 5.42, 7.361, 7.69, 6.522, 6.195, 5.302, 3.765, 2.596, 2.029, 1.801, 1.745, 1.577, 1.531, 1.398, 1.074, 0.855, 0.773, 0.0, 0.713, 1.287, 1.847, 2.108, 2.571, 5.203, 9.875, 13.521, 14.396, 13.905, 13.468, 13.339, 13.234, 13.297, 13.626, 14.614, 15.781, 16.486, 17.077, 17.572, 17.619, 18.108, 18.183, 18.257, 18.284, 18.541, 18.471, 18.194, 17.835, 17.941, 18.451, 18.388, 18.181, 17.656, 17.142, 16.406, 15.588, 15.379, 15.196, 14.052, 10.665, 7.132, 5.634], [3.607, 3.423, 3.329, 3.588, 4.117, 4.216, 4.332, 4.363, 4.533, 4.645, 4.829, 5.063, 5.376, 5.36, 4.983, 4.403, 4.161, 4.492, 4.302, 4.141, 4.194, 4.536, 4.654, 4.619, 4.594, 5.714, 7.634, 7.896, 6.799, 6.462, 5.534, 4.016, 2.783, 2.283, 2.053, 1.86, 1.744, 1.607, 1.283, 0.946, 0.826, 0.865, 0.713, 0.0, 1.04, 1.751, 2.063, 2.429, 5.008, 9.731, 13.378, 14.25, 13.749, 13.292, 13.16, 13.058, 13.136, 13.475, 14.466, 15.634, 16.331, 16.928, 17.419, 17.48, 17.951, 18.009, 18.119, 18.128, 18.385, 18.327, 18.048, 17.695, 17.801, 18.309, 18.246, 18.004, 17.481, 16.95, 16.215, 15.451, 15.244, 15.058, 13.88, 10.545, 7.273, 5.796], [3.983, 3.94, 3.791, 4.033, 4.509, 4.629, 4.764, 4.768, 5.0, 5.139, 5.308, 5.561, 5.875, 5.852, 5.466, 4.867, 4.63, 4.797, 4.643, 4.41, 4.634, 5.021, 5.162, 5.136, 5.121, 6.251, 8.23, 8.505, 7.379, 7.046, 6.191, 4.626, 3.302, 2.905, 2.668, 2.582, 2.167, 1.98, 1.668, 1.462, 1.265, 1.245, 1.287, 1.04, 0.0, 1.588, 1.746, 2.008, 4.679, 9.28, 12.93, 13.802, 13.35, 12.922, 12.788, 12.688, 12.744, 13.063, 14.056, 15.202, 15.899, 16.481, 17.012, 17.05, 17.532, 17.624, 17.673, 17.712, 17.976, 17.883, 17.592, 17.255, 17.374, 17.877, 17.82, 17.634, 17.114, 16.616, 15.88, 15.021, 14.824, 14.647, 13.513, 10.274, 7.52, 6.171], [3.672, 3.799, 3.803, 4.117, 4.559, 4.68, 4.795, 4.822, 4.968, 5.079, 5.272, 5.589, 5.934, 5.893, 5.533, 4.916, 4.585, 4.639, 4.503, 4.466, 4.711, 5.008, 5.213, 5.209, 5.167, 6.284, 8.196, 8.906, 7.586, 7.027, 6.168, 4.691, 3.552, 3.111, 3.103, 2.924, 2.853, 2.814, 2.193, 2.083, 1.672, 1.762, 1.847, 1.751, 1.588, 0.0, 0.882, 1.165, 3.717, 8.263, 11.92, 12.782, 12.31, 11.87, 11.743, 11.638, 11.701, 11.99, 12.979, 14.161, 14.865, 15.468, 15.939, 15.998, 16.475, 16.589, 16.641, 16.656, 16.913, 16.855, 16.575, 16.221, 16.319, 16.829, 16.767, 16.578, 16.054, 15.583, 14.847, 13.957, 13.762, 13.573, 12.432, 9.674, 7.311, 6.209], [3.899, 4.125, 4.071, 4.222, 4.643, 4.797, 4.883, 4.907, 5.079, 5.272, 5.464, 5.743, 6.062, 6.02, 5.653, 5.134, 4.825, 4.877, 4.723, 4.542, 4.835, 5.244, 5.386, 5.341, 5.325, 6.456, 8.456, 9.288, 7.821, 7.232, 6.569, 4.963, 3.76, 3.334, 3.444, 3.246, 3.143, 3.114, 2.474, 2.413, 1.999, 1.856, 2.108, 2.063, 1.746, 0.882, 0.0, 0.817, 3.46, 7.973, 11.626, 12.496, 12.089, 11.648, 11.52, 11.415, 11.478, 11.768, 12.757, 13.91, 14.612, 15.183, 15.721, 15.732, 16.257, 16.365, 16.377, 16.441, 16.7, 16.61, 16.281, 15.933, 16.043, 16.552, 16.507, 16.356, 15.833, 15.35, 14.624, 13.714, 13.517, 13.365, 12.222, 9.716, 7.56, 6.476], [3.997, 4.186, 4.13, 4.353, 4.799, 4.896, 5.005, 5.029, 5.222, 5.316, 5.509, 5.826, 6.256, 6.177, 5.758, 5.151, 4.87, 4.985, 4.793, 4.669, 4.97, 5.294, 5.495, 5.456, 5.506, 6.607, 8.724, 9.678, 8.162, 7.506, 6.933, 5.343, 4.061, 3.796, 3.913, 3.714, 3.569, 3.515, 2.871, 2.823, 2.383, 2.226, 2.571, 2.429, 2.008, 1.165, 0.817, 0.0, 3.061, 7.561, 11.196, 12.092, 11.665, 11.228, 11.098, 10.992, 11.056, 11.353, 12.331, 13.493, 14.186, 14.758, 15.295, 15.319, 15.837, 15.949, 15.954, 16.015, 16.275, 16.186, 15.875, 15.533, 15.64, 16.144, 16.079, 15.933, 15.416, 14.946, 14.214, 13.286, 13.093, 12.944, 11.814, 9.547, 7.408, 6.343], [4.15, 4.495, 4.812, 5.276, 5.712, 5.879, 6.077, 6.333, 6.239, 6.408, 6.649, 7.434, 7.957, 7.846, 7.267, 6.311, 5.757, 5.266, 5.403, 5.653, 5.989, 6.118, 6.314, 6.595, 7.033, 8.031, 10.688, 12.425, 10.802, 9.609, 8.966, 7.58, 6.361, 6.414, 6.534, 6.211, 6.071, 5.97, 5.382, 5.378, 4.956, 4.84, 5.203, 5.008, 4.679, 3.717, 3.46, 3.061, 0.0, 4.889, 8.467, 9.397, 8.792, 8.326, 8.193, 8.129, 8.194, 8.522, 9.559, 10.731, 11.446, 11.984, 12.53, 12.551, 13.017, 13.062, 13.178, 13.206, 13.451, 13.398, 13.161, 12.746, 12.854, 13.371, 13.282, 13.027, 12.514, 11.983, 11.284, 10.585, 10.455, 10.285, 9.602, 8.101, 6.357, 5.683], [7.532, 8.411, 9.013, 9.127, 9.638, 9.819, 10.229, 10.542, 10.374, 10.573, 10.911, 11.667, 12.236, 12.123, 11.586, 10.576, 9.814, 8.913, 9.154, 9.562, 9.894, 10.12, 10.245, 10.503, 11.268, 12.192, 15.032, 17.069, 15.291, 13.917, 13.384, 11.921, 10.792, 11.09, 11.259, 10.986, 10.784, 10.722, 10.156, 10.136, 9.721, 9.502, 9.875, 9.731, 9.28, 8.263, 7.973, 7.561, 4.889, 0.0, 3.7, 4.594, 4.257, 3.916, 3.833, 3.851, 3.95, 4.411, 5.171, 6.078, 6.785, 7.306, 7.884, 7.897, 8.451, 8.58, 8.547, 8.553, 8.819, 8.694, 8.397, 8.023, 8.216, 8.708, 8.774, 8.754, 8.519, 8.236, 7.704, 6.965, 6.916, 6.83, 6.555, 5.833, 6.355, 6.675], [11.063, 11.932, 12.541, 12.667, 13.117, 13.321, 13.744, 13.966, 13.804, 14.08, 14.447, 15.268, 15.754, 15.676, 15.12, 14.152, 13.316, 12.35, 12.669, 13.062, 13.454, 13.571, 13.608, 14.066, 14.879, 15.754, 18.706, 20.697, 18.857, 17.564, 16.953, 15.467, 14.36, 14.691, 14.826, 14.567, 14.346, 14.3, 13.769, 13.728, 13.307, 13.133, 13.521, 13.378, 12.93, 11.92, 11.626, 11.196, 8.467, 3.7, 0.0, 1.339, 1.309, 1.681, 1.917, 2.183, 2.088, 2.521, 2.61, 2.94, 3.49, 3.839, 4.602, 4.613, 5.08, 5.115, 5.01, 5.028, 5.245, 5.209, 5.075, 4.691, 4.968, 5.451, 5.491, 5.542, 5.458, 5.271, 4.808, 4.146, 4.148, 4.146, 4.135, 4.44, 7.912, 9.918], [11.96, 12.874, 13.464, 13.581, 14.047, 14.271, 14.657, 14.913, 14.75, 15.007, 15.364, 16.125, 16.676, 16.573, 16.044, 15.042, 14.204, 13.226, 13.52, 13.933, 14.279, 14.477, 14.54, 14.928, 15.755, 16.608, 19.538, 21.578, 19.804, 18.43, 17.849, 16.384, 15.288, 15.602, 15.774, 15.494, 15.289, 15.219, 14.664, 14.65, 14.25, 14.017, 14.396, 14.25, 13.802, 12.782, 12.496, 12.092, 9.397, 4.594, 1.339, 0.0, 0.93, 1.518, 1.829, 1.836, 1.582, 1.722, 1.712, 1.969, 2.466, 2.828, 3.381, 3.516, 4.001, 4.101, 4.079, 4.077, 4.311, 4.222, 3.999, 3.662, 3.871, 4.302, 4.399, 4.432, 4.308, 4.146, 3.738, 3.191, 3.276, 3.273, 3.204, 4.734, 8.822, 10.859], [11.499, 12.237, 12.788, 13.09, 13.61, 13.82, 14.221, 14.474, 14.306, 14.578, 14.941, 15.753, 16.261, 16.161, 15.619, 14.618, 13.793, 12.821, 13.119, 13.53, 13.848, 13.944, 14.003, 14.519, 15.359, 16.22, 19.131, 20.986, 19.37, 18.054, 17.349, 15.972, 14.812, 14.991, 15.158, 14.872, 14.691, 14.615, 14.032, 14.005, 13.662, 13.55, 13.905, 13.749, 13.35, 12.31, 12.089, 11.665, 8.792, 4.257, 1.309, 0.93, 0.0, 0.824, 1.134, 1.348, 1.193, 1.496, 1.666, 2.372, 3.036, 3.419, 3.941, 4.052, 4.41, 4.477, 4.548, 4.55, 4.803, 4.856, 4.725, 4.22, 4.345, 4.774, 4.821, 4.693, 4.524, 4.303, 3.846, 3.379, 3.418, 3.349, 3.17, 4.349, 8.339, 10.389], [10.983, 11.743, 12.333, 12.597, 13.087, 13.323, 13.695, 13.965, 13.799, 14.056, 14.463, 15.3, 15.735, 15.689, 15.133, 14.171, 13.336, 12.36, 12.665, 13.078, 13.384, 13.477, 13.537, 14.05, 14.928, 15.761, 18.693, 20.559, 18.901, 17.618, 16.889, 15.455, 14.324, 14.557, 14.651, 14.335, 14.221, 14.162, 13.568, 13.498, 13.143, 13.112, 13.468, 13.292, 12.922, 11.87, 11.648, 11.228, 8.326, 3.916, 1.681, 1.518, 0.824, 0.0, 0.714, 1.01, 0.913, 1.272, 1.846, 2.903, 3.628, 3.989, 4.43, 4.487, 5.032, 5.009, 5.101, 5.057, 5.26, 5.374, 5.181, 4.668, 4.712, 5.286, 5.261, 5.027, 4.797, 4.554, 4.046, 3.5, 3.489, 3.372, 3.124, 3.959, 7.822, 9.864], [10.877, 11.62, 12.178, 12.47, 12.971, 13.209, 13.579, 13.806, 13.642, 13.96, 14.328, 15.168, 15.624, 15.55, 15.019, 14.031, 13.177, 12.163, 12.474, 12.878, 13.206, 13.271, 13.295, 13.895, 14.782, 15.6, 18.564, 20.419, 18.783, 17.49, 16.758, 15.37, 14.231, 14.407, 14.542, 14.226, 14.092, 13.987, 13.409, 13.373, 13.042, 12.983, 13.339, 13.16, 12.788, 11.743, 11.52, 11.098, 8.193, 3.833, 1.917, 1.829, 1.134, 0.714, 0.0, 0.732, 0.857, 1.285, 1.952, 2.999, 3.723, 4.097, 4.645, 4.784, 5.217, 5.167, 5.253, 5.256, 5.489, 5.45, 5.282, 4.791, 4.886, 5.404, 5.423, 5.2, 5.058, 4.752, 4.252, 3.662, 3.594, 3.493, 3.179, 3.865, 7.632, 9.68], [10.81, 11.541, 12.112, 12.398, 12.904, 13.143, 13.514, 13.74, 13.576, 13.892, 14.262, 15.053, 15.561, 15.471, 14.953, 13.912, 13.06, 12.038, 12.354, 12.759, 13.084, 13.232, 13.251, 13.785, 14.662, 15.48, 18.447, 20.333, 18.726, 17.375, 16.688, 15.307, 14.171, 14.355, 14.531, 14.215, 14.065, 13.933, 13.331, 13.342, 12.991, 12.878, 13.234, 13.058, 12.688, 11.638, 11.415, 10.992, 8.129, 3.851, 2.183, 1.836, 1.348, 1.01, 0.732, 0.0, 0.698, 1.136, 1.879, 3.042, 3.785, 4.223, 4.716, 4.914, 5.34, 5.276, 5.357, 5.356, 5.572, 5.536, 5.3, 4.87, 4.96, 5.449, 5.477, 5.271, 5.044, 4.727, 4.232, 3.641, 3.582, 3.481, 3.146, 3.704, 7.535, 9.608], [10.865, 11.614, 12.193, 12.461, 12.969, 13.203, 13.565, 13.81, 13.65, 13.947, 14.316, 15.127, 15.611, 15.522, 15.006, 13.986, 13.132, 12.122, 12.451, 12.848, 13.178, 13.328, 13.374, 13.853, 14.739, 15.556, 18.523, 20.425, 18.772, 17.446, 16.739, 15.356, 14.219, 14.434, 14.605, 14.325, 14.134, 14.059, 13.471, 13.468, 13.066, 12.941, 13.297, 13.136, 12.744, 11.701, 11.478, 11.056, 8.194, 3.95, 2.088, 1.582, 1.193, 0.913, 0.857, 0.698, 0.0, 0.771, 1.611, 2.778, 3.512, 3.971, 4.478, 4.669, 5.075, 5.077, 5.146, 5.139, 5.367, 5.355, 5.184, 4.681, 4.749, 5.242, 5.263, 5.062, 4.802, 4.534, 3.961, 3.29, 3.232, 3.141, 2.865, 3.681, 7.64, 9.702], [11.165, 11.95, 12.532, 12.758, 13.266, 13.511, 13.882, 14.141, 13.976, 14.246, 14.611, 15.425, 15.918, 15.819, 15.3, 14.293, 13.449, 12.466, 12.777, 13.19, 13.496, 13.666, 13.72, 14.173, 15.053, 15.881, 18.818, 20.729, 19.052, 17.741, 17.032, 15.643, 14.501, 14.732, 14.937, 14.643, 14.471, 14.387, 13.798, 13.8, 13.391, 13.265, 13.626, 13.475, 13.063, 11.99, 11.768, 11.353, 8.522, 4.411, 2.521, 1.722, 1.496, 1.272, 1.285, 1.136, 0.771, 0.0, 1.188, 2.464, 3.199, 3.642, 4.104, 4.32, 4.721, 4.759, 4.802, 4.818, 5.002, 5.054, 4.896, 4.4, 4.406, 4.902, 4.855, 4.639, 4.294, 3.998, 3.436, 2.787, 2.795, 2.744, 2.467, 3.896, 7.983, 10.034], [12.157, 12.998, 13.592, 13.779, 14.253, 14.49, 14.795, 15.04, 14.877, 15.176, 15.537, 16.3, 16.835, 16.74, 16.246, 15.198, 14.311, 13.338, 13.627, 14.037, 14.447, 14.575, 14.632, 15.065, 15.96, 16.734, 19.725, 21.8, 20.06, 18.661, 17.983, 16.572, 15.473, 15.816, 16.002, 15.723, 15.539, 15.464, 14.863, 14.868, 14.454, 14.273, 14.614, 14.466, 14.056, 12.979, 12.757, 12.331, 9.559, 5.171, 2.61, 1.712, 1.666, 1.846, 1.952, 1.879, 1.611, 1.188, 0.0, 1.422, 2.081, 2.645, 3.12, 3.455, 3.881, 3.946, 3.926, 3.961, 4.168, 4.162, 4.031, 3.559, 3.576, 4.023, 3.919, 3.8, 3.524, 3.312, 2.895, 2.419, 2.43, 2.37, 2.238, 4.766, 8.918, 10.967], [13.351, 14.2, 14.796, 14.967, 15.431, 15.659, 16.018, 16.236, 16.062, 16.386, 16.748, 17.516, 18.042, 17.948, 17.437, 16.398, 15.535, 14.55, 14.844, 15.25, 15.625, 15.794, 15.827, 16.299, 17.135, 17.957, 20.937, 22.981, 21.211, 19.832, 19.207, 17.78, 16.661, 16.997, 17.167, 16.884, 16.703, 16.63, 16.044, 16.033, 15.627, 15.409, 15.781, 15.634, 15.202, 14.161, 13.91, 13.493, 10.731, 6.078, 2.94, 1.969, 2.372, 2.903, 2.999, 3.042, 2.778, 2.464, 1.422, 0.0, 0.879, 1.392, 2.118, 2.497, 2.932, 2.888, 2.916, 3.045, 3.24, 3.087, 2.982, 2.594, 2.673, 3.1, 3.019, 2.958, 2.855, 2.675, 2.356, 2.169, 2.183, 2.208, 2.599, 6.006, 10.11, 12.155], [14.088, 14.907, 15.538, 15.69, 16.156, 16.38, 16.705, 16.928, 16.754, 17.073, 17.437, 18.192, 18.727, 18.632, 18.129, 17.09, 16.214, 15.235, 15.525, 15.932, 16.355, 16.505, 16.534, 16.982, 17.85, 18.639, 21.653, 23.696, 21.924, 20.539, 19.901, 18.463, 17.39, 17.711, 17.872, 17.598, 17.392, 17.334, 16.752, 16.756, 16.326, 16.114, 16.486, 16.331, 15.899, 14.865, 14.612, 14.186, 11.446, 6.785, 3.49, 2.466, 3.036, 3.628, 3.723, 3.785, 3.512, 3.199, 2.081, 0.879, 0.0, 0.788, 1.474, 1.987, 2.402, 2.374, 2.378, 2.461, 2.597, 2.418, 2.376, 2.072, 2.212, 2.582, 2.504, 2.452, 2.522, 2.385, 2.25, 2.281, 2.36, 2.394, 3.277, 6.712, 10.823, 12.819], [14.559, 15.426, 16.041, 16.171, 16.627, 16.857, 17.198, 17.421, 17.245, 17.567, 17.933, 18.769, 19.23, 19.151, 18.618, 17.652, 16.788, 15.792, 16.091, 16.498, 16.919, 17.002, 17.023, 17.517, 18.415, 19.21, 22.227, 24.257, 22.418, 21.106, 20.436, 18.963, 17.886, 18.241, 18.39, 18.128, 17.915, 17.861, 17.302, 17.287, 16.864, 16.683, 17.077, 16.928, 16.481, 15.468, 15.183, 14.758, 11.984, 7.306, 3.839, 2.828, 3.419, 3.989, 4.097, 4.223, 3.971, 3.642, 2.645, 1.392, 0.788, 0.0, 1.086, 1.568, 2.082, 1.806, 1.791, 1.927, 2.085, 1.882, 1.871, 1.602, 1.739, 2.146, 2.08, 2.096, 2.126, 2.021, 1.942, 2.129, 2.313, 2.455, 3.589, 6.956, 11.173, 13.301], [15.154, 15.976, 16.512, 16.763, 17.223, 17.468, 17.781, 17.993, 17.831, 18.144, 18.506, 19.285, 19.777, 19.678, 19.205, 18.196, 17.305, 16.376, 16.603, 17.056, 17.451, 17.531, 17.569, 18.019, 18.949, 19.736, 22.702, 24.674, 23.006, 21.63, 20.93, 19.527, 18.423, 18.697, 18.898, 18.608, 18.434, 18.344, 17.746, 17.763, 17.364, 17.216, 17.572, 17.419, 17.012, 15.939, 15.721, 15.295, 12.53, 7.884, 4.602, 3.381, 3.941, 4.43, 4.645, 4.716, 4.478, 4.104, 3.12, 2.118, 1.474, 1.086, 0.0, 1.05, 1.388, 1.34, 1.352, 1.345, 1.411, 1.425, 1.393, 1.207, 1.274, 1.623, 1.624, 1.66, 1.841, 1.79, 1.793, 2.399, 2.672, 2.767, 3.956, 7.576, 11.914, 13.97], [15.067, 15.99, 16.572, 16.75, 17.202, 17.367, 17.743, 18.0, 17.836, 18.12, 18.521, 19.342, 19.763, 19.745, 19.184, 18.261, 17.406, 16.44, 16.736, 17.153, 17.529, 17.545, 17.61, 18.137, 18.981, 19.826, 22.727, 24.721, 22.96, 21.656, 20.984, 19.482, 18.377, 18.723, 18.835, 18.557, 18.406, 18.387, 17.788, 1