0	0.2333245135577775	0.10112316623648632	0.9452966066571242	0.2919818960143544	0.08021007637141586	0.9937137476922328	0.4852078770876994	0.33653766182955247	0.7636824407233352	0.08180080818378832	0.6354982994747155	0.4201263847714618	0.2571304388251975	0.31663117528706175	0.6370663176347551	0.02944921679102641	0.6004675344566794	0.08623568075040378	0.3062712646952267	0.924570568554494	0.5522953775503175	0.1726988354332607	0.2704343037484548	0.4256726631783003	0.6421611420675363	0.7829126104361133	0.8607762390195	0.4761637150738439	0.3067850345230768	0.8416435942879984	0.8096322327516567	0.15538300100679447	0.25785824747724806	0.9820866714162422	0.6972911054715194	0.6635699305741952	0.8326458034391522	0.8979354445241313	0.3741204054204087	0.2899710218999113	0.755175151187517	0.4275545456948623	0.5894713975062768	0.4729767139990434	0.9503868391171656	0.0008179963352954456	0.062285120107785086	0.4488778128067564	0.41302214730963516	0.5027672769537648	0.05732527220568884	0.1406322562454131	0.27458720270743775	0.6809991363044289	0.8207920760922736	0.3936991322830723	0.012269874771013156	0.7251312488435416	0.019246481585985742	0.0032192300552824626	0.14166324899761407	0.20656712482491868	0.3179009063534375	0.8181482858132556	0.288677449814436	0.681331675605622	0.2186387360437685	0.8054731621284621	0.19003015242118781	0.494105451516641	0.4407411049479477	0.22198348422548064	0.5847473704648499	0.5344774438488467	0.5136963836590265	0.1063646038561844	0.2862019072233073	0.683611336877657	0.8075741123364945	0.8992405072110987	0.21950158789924923	0.2332607755773083	0.831213979508675	0.1438207004552453	0.22601684812062184	0.3842681119105169	0.5928511519434319	0.16492158530752743	0.8605970617222378	0.783503671676325	0.24871089114856526	0.7506509761807312	0.029207294168974607	0.8516283227698916	0.36533623949508265	0.6173953262288646	0.9276984972092691	0.20772660415983957	0.9182972867294003	0.36994377484597596	0.6077645172107767	0.012551080355185817	0.3779737811563578	0.7834657092074054	0.6003677748994083	0.3661095257387551	0.518771165218523	0.4518127485551162	0.17815656198998686	0.2516294120836996	0.476544915102746	0.33986001938483323
0.2333245135577775	0	0.9509880973894425	0.01885736764484236	0.3870524511181319	0.6752106534980331	0.9173141072426506	0.9090885064799487	0.9183496687925191	0.071891918373583	0.7673243897288108	0.2966333232309264	0.00729177438962092	0.24834448090889882	0.9837397283660178	0.37858299176675336	0.3424219785798873	0.59181169945009	0.38699327665510785	0.9577932503190545	0.3865360060980181	0.16190006538300705	0.9210582207873419	0.27596717881951993	0.2117789142260852	0.9936741479531408	0.9366463359111316	0.25415213246510404	0.7081798770514941	0.021237875354431557	0.5821800735661201	0.6878899432653431	0.5059209881454433	0.4779513868971428	0.3202414100087704	0.7250823785774168	0.8385310051117552	0.6552487496133458	0.8019593133708975	0.4568541048623267	0.6621955546321299	0.6492830249818127	0.7454837228495218	0.8340566694173466	0.9083070481181805	0.32612746173735474	0.6504783766154485	0.7240839792088675	0.26544571010335183	0.0070553101040693456	0.6356184452617994	0.6259500606008268	0.9739710015014984	0.3086262219558229	0.3306483949909398	0.09236637248204904	0.7115134895463464	0.15609956116423573	0.21193364583004137	0.9185097193902678	0.4552104667014355	0.04888356733636512	0.6876403485402625	0.18052863509789985	0.24491762059366928	0.9174969317531179	0.9240142584888302	0.9653296206937818	0.4936836375090965	0.3603896844046429	0.7707901566765	0.24607178090011306	0.2593241181993863	0.36620775707677355	0.5850712048222622	0.5769788731635989	0.7702914988689812	0.23693161534325358	0.34380017925094175	0.00022584464442954033	0.06689957145268477	0.4575803476285156	0.5590565991152007	0.5006648279240826	0.17387435853838407	0.22130370462964677	0.4535748875241935	0.12171433022428368	0.3376859760675256	0.2864047169946161	0.08642203052062092	0.319348756630476	0.13249166335664653	0.9885934875354757	0.8082709288286779	0.09892367055210316	0.9516208670013219	0.5268624324200146	0.06480999859345116	0.4519536053601758	0.3886059300142426	0.018005959666631433	0.5121646225193041	0.06197644947042391	0.5133513522732438	0.5805047854860689	0.330705782329778	0.5512205654598548	0.28882182369339293	0.1927191575628573	0.5773294441424273	0.042082637241109944	0.5333605605078171
0.10112316623648632	0.9509880973894425	0	0.031010004448965955	0.9544810775604643	0.5513576068448921	0.3490951567679541	0.9618352655584571	0.70307645675572	0.9088237984128854	0.7396495325874275	0.4490848823836163	0.5674349958558587	0.07881543480633835	0.051769751468422776	0.5438681282803175	0.117260174713956	0.9567225876392962	0.8842587541066805	0.9313539469531533	0.9297925382109755	0.3855948418148053	0.7637590208547642	0.7833841434310661	0.5862277214687373	0.9304180125820002	0.29608827409152083	0.4030762347150567	0.35710183279167906	0.35109734414916016	0.6596728883730603	0.7582988059983975	0.6408345366296446	0.08118258380934584	0.48936853536234803	0.7145023285369075	0.2994120686042864	0.04233310720200856	0.264578221991263	0.03135587731929668	0.7655461053495086	0.9090515910052378	0.8721093734625027	0.5215543371580745	0.17954683579594044	0.2883551008117564	0.5094933734630759	0.593934433427678	0.7780684171724438	0.9165524193776091	0.9588624315138561	0.13895188754101873	0.8691183695312752	0.18988778989769606	0.8661798675938496	0.9944788197063086	0.6314377959634433	0.1550749513589429	0.49961441402276985	0.41537876272879903	0.6014374461315546	0.2666694714312391	0.9759679379958764	0.6399357129696162	0.5303167254497912	0.015852299568571926	0.41020248309616103	0.0875400371029873	0.77878616977929	0.11648932377823196	0.49453660571527225	0.5401539504542563	0.27972415018465246	0.48333350615334536	0.35012625772043715	0.7785524682414249	0.5171241142213979	0.6777245612362613	0.35123647981856776	0.9683676150652667	0.9377026084311963	0.48516982090057414	0.8616977959090694	0.3357159619409713	0.2859421998881244	0.6660578463149747	0.06872659026798744	0.2970823618709738	0.06770932380114314	0.33792372660464354	0.2428221770065634	0.031052178814125586	0.35063864807841527	0.9547081142231327	0.5780212935553757	0.18188902490190595	0.08045413617387298	0.45808188867708155	0.9020220496636806	0.6088129924677188	0.9279499488329224	0.2491380220021453	0.248270071897028	0.06732313736633067	0.6047638405830108	0.5726050920936108	0.4712378191324623	0.85093450925375	0.3851834410589836	0.6852922848782931	0.31192985142422125	0.4438975925759697	0.1509524295179009
0.9452966066571242	0.01885736764484236	0.031010004448965955	0	0.9568694463341426	0.7088983372978939	0.20188390642891796	0.8682798951280832	0.10404017703729596	0.3431373377951926	0.2228969209103816	0.8111566977012448	0.7246669964685049	0.35575715804517627	0.5016645949252028	0.7894804238210485	0.3928319964299125	0.060946923041407364	0.3420814534491837	0.8219664188233119	0.18444298960686933	0.21523725729599708	0.7423449185899261	0.9704688932941391	0.21304706917746108	0.81251019784889	0.9702394894786659	0.5561043946264862	0.7361706976534215	0.7845362494363695	0.5982769612134229	0.02283614292893199	0.20570427122228763	0.2135979012047805	0.2101905430258264	0.2737168574680895	0.09436965856168722	0.7814361846140416	0.1791297626076933	0.8265782358096926	0.00046257442552022354	0.236346485258768	0.4240436224434113	0.5492008973743058	0.6956377175506905	0.3133868906948113	0.5994605148107538	0.15564499109025787	0.5516399612504305	0.880766363364791	0.3589516401282543	0.6945916505544766	0.83680702114138	0.6066676114101224	0.49233650888206615	0.20916380935418033	0.42578464267427985	0.8128433163119082	0.1500501960735594	0.14545790520714164	0.826917804582151	0.13239087175442987	0.5145321380077341	0.3277633472050884	0.6452891280879164	0.6940948452978006	0.36489112820262193	0.3716726920338582	0.3938289257657641	0.11932666018182003	0.5555756599814363	0.9223225504962923	0.8111359535499141	0.9485308621707375	0.6499551684690843	0.09380852314335908	0.7308252458013126	0.5952809652491442	0.061250535069611645	0.5061816696829389	0.22208264515026188	0.625040650987042	0.9149730322067536	0.2732256014650173	0.8118929444526105	0.39880668477256365	0.7040322669043914	0.2928647465002616	0.21281025096634332	0.14424829644154924	0.14239769368241373	0.21717244710856598	0.23159079695004758	0.4705387113275241	0.8457207782305951	0.5615183634358427	0.3640841797972102	0.11923713310277484	0.40961610799518866	0.592526455299481	0.7926331023721407	0.7310648476389681	0.26218948550493637	0.2072756978671213	0.9341859445287811	0.4286403774717331	0.977059483300583	0.7818092512861938	0.33537625616455724	0.10600381734808395	0.8934676357525633	0.5215372587942022	0.6378244232946312
0.2919818960143544	0.3870524511181319	0.9544810775604643	0.9568694463341426	0	0.727983569208678	0.5251183861691618	0.0017330105019193187	0.8769170595420025	0.429108145109408	0.9546974823026623	0.029712123160225867	0.7633210040476127	0.39015123317294487	0.5694942592332102	0.8921197610771516	0.16240008976018838	0.5401648177738588	0.049196087082882145	0.41684722057202284	0.36404413105888456	0.038722313316149615	0.375792298599546	0.2172769921355968	0.0024530022912560012	0.11110661646335818	0.6051532528402019	0.5539505749707241	0.7926152787607701	0.041194472015732675	0.9514500600742963	0.43189469623657517	0.9869916300378593	0.8483584443260048	0.09707171716063068	0.503761390047494	0.36289426303731864	0.7441637520942337	0.8120021421560822	0.14692676306249164	0.20387236060052172	0.8825636824983726	0.5736108007519993	0.827848819342548	0.9939514917232205	0.5539174869154386	0.5935495485941666	0.9083833824530042	0.8041532414749996	0.4323703001796896	0.21610250533313924	0.9942246777815454	0.6559833920044741	0.7562657997497406	0.5212135984678171	0.5035609199357632	0.44657214791321664	0.5653831956937465	0.5272832325656152	0.08028941092247632	0.9647619025805678	0.024834473090388998	0.6147614451533637	0.26365747552046126	0.3947486526070948	0.6898766100033635	0.8089773274589127	0.5118244847692824	0.2152045109261015	0.7649386479244001	0.006126163587939049	0.5491415000690066	0.7979430819276846	0.21541015871938773	0.2267739235190075	0.7656514517996714	0.48257662985972605	0.2101007430527002	0.7065835077989653	0.09448590940749158	0.999638493367419	0.9555385202991414	0.7898941614516257	0.15296164822769753	0.45240946182786423	0.4653689815185331	0.8256609601838538	0.12020426723796862	0.383943482389417	0.04216292979845082	0.8763880616342377	0.9592164903282078	0.5323150599159401	0.4697933878147589	0.7041109579609013	0.3484749457452072	0.22545814737558445	0.6128990602137282	0.7933736278782096	0.8797516203989612	0.14816242308564553	0.9784295840996585	0.9671141731660279	0.7971102718472836	0.32348534082521485	0.01951856274186492	0.6716738315943434	0.2839789505729381	0.7869224744564656	0.20301677678685892	0.3208452677800051	0.3139354530970698	0.7142334129256803
0.08021007637141586	0.6752106534980331	0.5513576068448921	0.7088983372978939	0.727983569208678	0	0.7685688072264635	0.8426884341372309	0.08434891828477908	0.00653497888689436	0.41315553904319324	0.886411007945679	0.6102857625724369	0.015562262846500863	0.7469114431599294	0.16797417047667684	0.6150759360716295	0.1332485568833136	0.010845570882047628	0.4889179891412213	0.06319780109808504	0.10090448206882152	0.4143964345810238	0.4829296300620979	0.7995493121222579	0.1082802118917795	0.03310183183248905	0.27179498646705924	0.3438865454329667	0.5215403301515182	0.608808864049024	0.806074365069481	0.07702416956568003	0.8859914209761905	0.9108029446840962	0.3366239664135303	0.024832519683336884	0.8440147636908943	0.5522666851086492	0.3797069748782165	0.8032772443599491	0.28173848131794843	0.15374667210899373	0.1714249427440636	0.05399099869019319	0.9207356878472921	0.9649429806286893	0.5640779583648782	0.505238504264981	0.00957640423848849	0.9366759779272154	0.6781191565857656	0.9315335100162363	0.005069892205417426	0.4643472091278178	0.5031572851155359	0.16022713999779614	0.3574695731066383	0.6442342453226623	0.8033245784915112	0.4765279079585989	0.1096947356662028	0.4567225981949853	0.121614893091048	0.5649407349910635	0.7686289296959256	0.16956192640382006	0.6251797902119867	0.4481073244923698	0.7000760652132569	0.6114139758337025	0.34439183843826315	0.9485521205122656	0.14720816441557927	0.7037614764931537	0.2194156569553809	0.7792160335738223	0.02015673565448961	0.25391122474138816	0.45360941876040617	0.03207167496838814	0.11378620102959114	0.11381637415542822	0.09995330795142132	0.8780528890998592	0.9236493065980261	0.4691756959247154	0.2068064672399923	0.888064093977463	0.863120505465301	0.18302040109133733	0.0071933621500109846	0.5756253463493225	0.39449814996114874	0.30225985343362727	0.13896404900629866	0.08388520358488305	0.4740127467611419	0.4576826816573445	0.29439669295419013	0.7971321227450688	0.012247405355706786	0.87923673764674	0.9803038616099577	0.3183813382596232	0.5574796681848141	0.48703358263845953	0.6091329107087604	0.11755940335917825	0.8258876180610036	0.9787078067306053	0.07813431773098256	0.8954038874055704
0.9937137476922328	0.9173141072426506	0.3490951567679541	0.20188390642891796	0.5251183861691618	0.7685688072264635	0	0.8413589975977076	0.5608906569518365	0.4060222824150552	0.43562878774891767	0.19423492324783298	0.7025878148045736	0.9284037908831065	0.46383893736898396	0.23029346619404534	0.34837320039248554	0.01204330954204158	0.4849912506281703	0.35032792772017074	0.30651457991707176	0.4798581979414386	0.695680839282882	0.6372417181742069	0.706085786532878	0.22355908467775454	0.929061160400203	0.754971957856109	0.31711103301062127	0.521764946375983	0.9453906522127763	0.4710790144527407	0.7202305594234722	0.152013914375972	0.398057450644584	0.5672638704635905	0.9063494720800831	0.5535433003757614	0.0516781623714927	0.1958221140515699	0.37282240604663264	0.5293545981216633	0.6942117187775512	0.5722028725149996	0.4015614584064958	0.40112341181993194	0.4901639673304258	0.2916606714342306	0.7652901026962636	0.8810438981721858	0.789165172390031	0.18884552955711476	0.32609008616400015	0.8492647064248403	0.9234477725429099	0.05092700521250304	0.7688402164445709	0.8909319850975164	0.7522890556253087	0.251191921177226	0.15807117787734415	0.14224233173884337	0.03009476108703235	0.2461126348675755	0.34536826868863446	0.6820100949039786	0.019268078279820133	0.2083040134436731	0.018685296299631338	0.830056719949142	0.10943111250055071	0.32180570427058786	0.5564166419259741	0.9296567497827213	0.05891190845655592	0.8000914688230369	0.517457602280451	0.46107413033253875	0.35598054142395585	0.6116074388466555	0.20405245187436738	0.4165104733526529	0.9637101138827104	0.9462285210096206	0.8612090515356942	0.7613669538357828	0.29556944817248887	0.8134912679553827	0.2806616184099534	0.15993537325428608	0.26499935503564886	0.9982267718357704	0.7645201506457016	0.5230368972753778	0.6962693232881964	0.01432435085034156	0.29505929086442717	0.34302364190429624	0.1972380066042415	0.6262829547067446	0.447569974516588	0.050651288029220254	0.7236822274943322	0.7168249236225941	0.058918156012173206	0.04830105042908439	0.06639434582681825	0.8079881768223888	0.7593444358525392	0.5890604699244716	0.9973827476748706	0.3190927559908274	0.6673340198468011
0.4852078770876994	0.9090885064799487	0.9618352655584571	0.8682798951280832	0.0017330105019193187	0.8426884341372309	0.8413589975977076	0	0.5310753509038943	0.6698556196983567	0.8068521147925586	0.9338618506008712	0.02470118480278538	0.022665640504719864	0.8981381842196982	0.6419270818657119	0.8196863567294602	0.23545527185032233	0.41079894440542386	0.8872467302695005	0.8385883780831201	0.6092111746092133	0.16661571726131041	0.12917042030306647	0.8667860290781355	0.4826572133639242	0.22917104226394236	0.9187080505904246	0.28407216993941675	0.6006322705530529	0.3327989229796996	0.29135054002248495	0.256335992541215	0.5784814539217235	0.4754516416227822	0.6197771796768999	0.8975310205885404	0.1385784648910261	0.21863602354250133	0.6559765173620269	0.2909917137883039	0.242947575099823	0.022702990013349855	0.6940219845552862	0.4234782353847174	0.08509968139621926	0.26681782564666356	0.3995968389918233	0.7839777735935436	0.8321326594185794	0.3935304585476901	0.43673908577228904	0.13605801979149157	0.7265417682648247	0.5570841007596883	0.5227104267970184	0.7893200211750444	0.15719294995841226	0.5102608334704173	0.9051362758360009	0.8631666878594599	0.21946542524366608	0.49278571739914323	0.2933363303375339	0.9604952885560405	0.12131503033995472	0.07809315366829639	0.4227507179960396	0.9050764351081003	0.6936862359033219	0.9628257541010112	0.37596811396953556	0.8919211421707973	0.05971347247614289	0.5711898654965588	0.1540342744985631	0.6879973205345185	0.7037726325059801	0.6120709564941799	0.9846132971041384	0.32783573140477773	0.21810224024846459	0.5878150441579099	0.9608735413277636	0.18905793220561296	0.44467548012777414	0.969980914318678	0.10760946270017058	0.9758957524433638	0.7453618390604078	0.15111388781807256	0.2845732629154766	0.46707829110557286	0.24686767306173885	0.4421113464818547	0.610958998727363	0.2606606343065859	0.5971561119846632	0.4885603895107947	0.19671919832487095	0.29953085404115276	0.9861699279528737	0.5029188437268373	0.7279906538159217	0.5738832542737388	0.01977239407314657	0.08680030792420279	0.6792635021593204	0.14499265333167932	0.6381308366114864	0.7919094124563519	0.1517883984230558	0.17779596651494045
0.33653766182955247	0.9183496687925191	0.70307645675572	0.10404017703729596	0.8769170595420025	0.08434891828477908	0.5608906569518365	0.5310753509038943	0	0.3884640818347398	0.33872742538994194	0.44358706874758336	0.1083431057742571	0.4487813774178788	0.8967686770810479	0.48601683478090985	0.6793368245727494	0.3450173057128557	0.8799259404945489	0.5173719095662133	0.9271441184335855	0.49513854735183915	0.44646287719391653	0.29795635669996756	0.47564298206616196	0.8748469514703155	0.40301186511085274	0.2156018186345331	0.94917977665297	0.1594063612433657	0.8995767701123611	0.4760119158084123	0.8533887790511915	0.03462087407858372	0.05270746044028218	0.9337648741205982	0.16751565514172972	0.34865819556032185	0.5795228843208208	0.13798494587653243	0.6768875018334973	0.23890228512445333	0.8093044449131798	0.8350331353369457	0.2768673634902089	0.36627608000842127	0.5984517371403538	0.8735983326299359	0.6075196751561087	0.9898420431945376	0.18525173696690955	0.6776566350724995	0.06084494123163475	0.21871972436600473	0.34924962981059493	0.30626794899352905	0.6370686746391155	0.2712829181206716	0.8967697795601887	0.9016875076889544	0.2781917226330519	0.12481459220586488	0.6439356335121554	0.5345477221960433	0.8015135171591382	0.2766408572401602	0.5922664151149031	0.6949822130898742	0.500207326812576	0.25253686916844187	0.6400922656468918	0.43072828462880886	0.45570214350999705	0.8495400398488036	0.5812733185112541	0.4908490891219286	0.008187308221604406	0.14556732033753428	0.24827292471822315	0.6269374293975135	0.8380253386776098	0.26426020710099996	0.26524724219466	0.4634252713739335	0.9313538203285572	0.7338433758799001	0.5734816749439867	0.601934225369033	0.38158394541155605	0.7728664844098888	0.9546096736329176	0.6099877944693067	0.815256779286227	0.29691838678213867	0.7619895263641291	0.4915672983353224	0.23708032987238004	0.8637535804645234	0.9668886758654813	0.8295200186109137	0.6886850187207342	0.590005450303857	0.14801678637993243	0.2902173704943154	0.7733154687322121	0.8282179298950146	0.09312477698116295	0.4816402932967978	0.20036658160573673	0.7827515909788575	0.6974623947043018	0.5175110289368771	0.12075056152582664
0.7636824407233352	0.071891918373583	0.9088237984128854	0.3431373377951926	0.429108145109408	0.00653497888689436	0.4060222824150552	0.6698556196983567	0.3884640818347398	0	0.0386604872197438	0.9687864802319548	0.26428299684762024	0.20745164038790187	0.7512865415982981	0.48800543063581636	0.03674898577419594	0.46495537423479716	0.08542724100147892	0.36812479554499433	0.5516494669894907	0.0932365056569443	0.5228938904394699	0.5484187698201628	0.10597027044788765	0.6180061608040144	0.9177840226701262	0.9685142557676414	0.9669874417926153	0.3213094952359481	0.39447836301350014	0.2099144849201332	0.9686954297920236	0.903272566204933	0.03663755674498259	0.3687143197915216	0.6204601538679102	0.19913464218782007	0.8162957020527027	0.8757919791947683	0.7268422360912252	0.2638940057598613	0.6777234038136396	0.14158638818443736	0.2969288302874131	0.1969920978450287	0.5041412838134819	0.5962242530190336	0.9088143138471853	0.7130090978504213	0.23389685915380531	0.43034393783129155	0.6398992020308968	0.9616295861191343	0.6306610794580336	0.20816465135182627	0.9073317309473775	0.29137529690403674	0.005371630197057664	0.40593733962446343	0.5408680689039786	0.9938797836368121	0.7725226623040949	0.2056820863811898	0.5542456108813953	0.5823011777885533	0.4205798670366555	0.263394850247505	0.849764383513196	0.2142986952549082	0.06838237203386277	0.8168799947125276	0.48357960446417014	0.20226434423233763	0.8569077678924176	0.9177506704292329	0.4335741152526964	0.6824373882175486	0.9622839766149578	0.9992022193895107	0.5168333813194664	0.08321346838776889	0.6834049256923485	0.6522284910877612	0.7286402684170917	0.7197516516652227	0.11461721627730004	0.07978522260317178	0.7039763732393496	0.8486717488133746	0.21036280752058834	0.5097943917556157	0.45152840875355826	0.6618698244346548	0.09397184586209717	0.7344016208419649	0.40913085245662084	0.686640905076937	0.08425337326993476	0.9704108580223227	0.8020238788446008	0.8735865977599511	0.5086656641956074	0.1504513686240182	0.2220778661228585	0.5959694019475827	0.8957971466917433	0.5529265007741835	0.9836535532721867	0.6498378166202026	0.6276694239499656	0.73052086920805	0.8522152693903524
0.08180080818378832	0.7673243897288108	0.7396495325874275	0.2228969209103816	0.9546974823026623	0.41315553904319324	0.43562878774891767	0.8068521147925586	0.33872742538994194	0.0386604872197438	0	0.8631699194927097	0.38942967402457584	0.2777708516946523	0.4557976658345112	0.6338132318065663	0.5265609201134317	0.6219138993587765	0.5577632721212797	0.3262150022245931	0.23635208923543594	0.8551587963502773	0.20527274878746715	0.2736570437581295	0.18066328709200263	0.9597865612936276	0.3595247312106874	0.5500925947219139	0.3486033708123375	0.20018737846287304	0.9401899119722187	0.714922651020421	0.457283956738781	0.39549935488981625	0.3669974514292651	0.3982646798616939	0.20240980894663618	0.00213395000418215	0.9329526471377556	0.8587474506614934	0.5513820275351815	0.8878715573256486	0.7503967159042603	0.8474251178002992	0.5061353493567537	0.8323861784833231	0.25513359257516743	0.4810776559986739	0.3153477329955333	0.5558644826567549	0.22064723638549466	0.5978960996351319	0.5290159152404766	0.47497947303134347	0.01743536950085811	0.903289175447673	0.2960936597578109	0.674931941314185	0.17071606562805974	0.16445017823083763	0.24948292246510595	0.008762497684718373	0.3060292463593872	0.45572104607463837	0.36183308209913856	0.9870989752976962	0.21647559726847643	0.6582595405434933	0.47704037922214715	0.038893428166027144	0.6922121828927388	0.6659233077863376	0.722643696917238	0.7008489506214357	0.8179813190948029	0.16061283369252277	0.06333073369230091	0.5419411299477327	0.6790694819281807	0.2006656241443101	0.9791738103510622	0.08149818342611637	0.15421559233589832	0.7469690911795175	0.7728882187327836	0.726697652984758	0.924949140495498	0.889886158920705	0.9248188534705424	0.5063834093983336	0.6886988587123408	0.48921611795022046	0.7628334764588456	0.8002166055073254	0.13963248823922947	0.25295382253566234	0.4108866082153487	0.4079295105760866	0.4246066774356967	0.44557013913758636	0.09978490278142049	0.23239038709224036	0.9658314369798024	0.620176880713315	0.5198737205819031	0.6158156244854487	0.620534767260541	0.7548430638835892	0.1731564154558336	0.12105288899164801	0.22568438606263852	0.41711978430760843	0.7361610293901214
0.6354982994747155	0.2966333232309264	0.4490848823836163	0.8111566977012448	0.029712123160225867	0.886411007945679	0.19423492324783298	0.9338618506008712	0.44358706874758336	0.9687864802319548	0.8631699194927097	0	0.4662986153406612	0.4283650503219989	0.29702158495671194	0.8508243698093337	0.5592281910391497	0.9605743772864239	0.5924219037303412	0.4764432297631369	0.02785839125896894	0.5189293695992294	0.2604724862827431	0.2950564290598262	0.7692773024955506	0.17699530638041694	0.833320938634852	0.6880639563824907	0.3797881036118437	0.6494251992936438	0.41208023956222184	0.5489438661205428	0.06007294454476886	0.3985686008847019	0.3160361530390281	0.19796116759761961	0.4159535516749451	0.006950594807662358	0.5979019187415057	0.24527073192284732	0.0622858968952017	0.24448135235530633	0.6680669796250642	0.5820714578106881	0.5084128797310394	0.19340783370306291	0.4998784421101258	0.8548292032769321	0.6812103878918123	0.6749426280752083	0.181992784570007	0.6978559531399198	0.9825663552875751	0.6870482266685659	0.393236933148453	0.010881541098036851	0.13039649160976552	0.8268037176041535	0.0004914355098983858	0.11441899687363644	0.9847642923205812	0.280544213475168	0.22651070082104974	0.5343116909933042	0.5338086794552789	0.286929473900679	0.6440736572815752	0.30795881321769925	0.6100416453390611	0.7979857694320942	0.6637419350146367	0.709814104786067	0.2920672082097022	0.8516643343550334	0.4966635011181082	0.027455251128895353	0.9005779840988377	0.5432612380519881	0.875630664219736	0.3627296417660325	0.4852453901184026	0.36253388519319474	0.06392438154827729	0.6562416313099569	0.2875934979224134	0.3394619532161033	0.9438676236478559	0.4046681975788531	0.17381943442242487	0.2047153885949451	0.821341466966927	0.9454071980777211	0.15920983562191116	0.8410403296415939	0.1491947121897106	0.9021416206392376	0.34530778530635287	0.5044414138903418	0.44243021970308505	0.14566371426842628	0.5416665318062752	0.2271445689981424	0.8536186129549382	0.8113157622675894	0.33138586822509375	0.3439264160517068	0.8254791949184759	0.4723321880241982	0.16761998619835394	0.762720866372213	0.003941341877023552	0.2235878246693611	0.8639494448908431
0.4201263847714618	0.00729177438962092	0.5674349958558587	0.7246669964685049	0.7633210040476127	0.6102857625724369	0.7025878148045736	0.02470118480278538	0.1083431057742571	0.26428299684762024	0.38942967402457584	0.4662986153406612	0	0.3028943562938584	0.6975879211449065	0.4017059709502503	0.440373361184748	0.2897752127328087	0.3153988227819816	0.14667086440576604	0.7921456438972644	0.4824725475496432	0.4503403407170431	0.24786102860359416	0.011197881381868835	0.28643900574604597	0.3669542271132502	0.30238142714518	0.17697648121378062	0.4151131022878629	0.6716922622609581	0.9240609984054237	0.7773413662225243	0.1626620614489458	0.9419352965212273	0.18300256432418005	0.9557978798455071	0.8662768145681294	0.6281133690032058	0.6819267921970258	0.33443027018515814	0.5104635565547634	0.7181764516930582	0.0007586681171255494	0.929527737006317	0.2411813084570792	0.39440226683291124	0.6852263073357403	0.001668504379357616	0.08788469964775203	0.2595777631691961	0.11325394085944052	0.8307397566694722	0.5908484612930489	0.39712762822087366	0.9227070023029846	0.9034888633165186	0.3927415750570088	0.971939867475267	0.36726412634938455	0.050573696031993354	0.8621119296839461	0.7239715806261421	0.36143513480317424	0.7095638456172414	0.06842049860109434	0.5329009812089076	0.7185716681788807	0.00767459805109727	0.5495729582171153	0.23544396187565186	0.8716141963584821	0.15451235103472172	0.3438322403525562	0.9782497684257022	0.9782277433663499	0.2961235916181869	0.39479655059163177	0.3194026569827261	0.5641331529788938	0.43691549418871656	0.4650289233971896	0.6329043169016408	0.39918766801510397	0.9746654308779402	0.3280030328772212	0.050231122712304344	0.9756582450983698	0.40793553412989836	0.05003037328363269	0.4700235587013013	0.28181038674140535	0.5527527743929621	0.6766367051367782	0.8452737326012982	0.505718425393292	0.030306199126319044	0.5788179614117653	0.10316605957594416	0.6297263062234699	0.2762117936587095	0.3625799865276388	0.3992404945292447	0.9821341864122177	0.7603514538939261	0.006540244946342977	0.22700280019524266	0.7075039276870104	0.6702898605215257	0.11393797848929044	0.6325018799378247	0.19680149122973822	0.4462535868727586
0.2571304388251975	0.24834448090889882	0.07881543480633835	0.35575715804517627	0.39015123317294487	0.015562262846500863	0.9284037908831065	0.022665640504719864	0.4487813774178788	0.20745164038790187	0.2777708516946523	0.4283650503219989	0.3028943562938584	0	0.5088805363274277	0.9241709247045483	0.030818184506578916	0.1902902733542432	0.6407924863023179	0.6919144090414757	0.15956239265889194	0.1263041274153408	0.29565866720627487	0.8009783071812985	0.11689882795927986	0.35190828926060913	0.7325974993736144	0.11082703119991588	0.6319261676895225	0.4280395017316124	0.863966294910806	0.22637683075228798	0.8118716800934342	0.3559207780837098	0.323768012903632	0.3844075119409185	0.9486373124625523	0.7603091247908661	0.13792637213205927	0.9388581903227132	0.7178783678640837	0.3704533325815438	0.6065697232677637	0.35827601857041624	0.6706644179254361	0.36908865399038104	0.44470707078444305	0.28642343972575224	0.3084279183332823	0.19795139991590027	0.15386775774528172	0.4233795694656217	0.9556931616784246	0.8702715755299688	0.9304493880967961	0.7865963326414966	0.32676603418064354	0.8857678370924176	0.7392853337170209	0.6007188850897917	0.8290762743585771	0.5260560736705022	0.12856694978744987	0.08592226843921147	0.6132744713153789	0.32992289661987007	0.763892531528785	0.8996699630632834	0.644257169740471	0.28267203069969626	0.758561665812435	0.027874831664592037	0.9675721589566234	0.9811899178398438	0.6709802642200511	0.655889636863951	0.7529411916354077	0.5574155834766834	0.4447856612761537	0.25743588226360814	0.09831106284389401	0.3546534725438393	0.5992281433743559	0.8269760361622033	0.6761877045783145	0.5278487814086662	0.07772784851473935	0.7800038590408177	0.46730741428278244	0.7707652382755086	0.8136724159392262	0.9578816741357057	0.1343719002200473	0.8873730577543117	0.18043536358951695	0.5856683271254346	0.08708305391574778	0.652820466626534	0.8365257599419071	0.11351594367549533	0.7628196777519871	0.2408543288301872	0.6574773741627045	0.5415542806747538	0.7285769836131332	0.264141395067899	0.2947993386139174	0.556525812526616	0.9951215327962234	0.024361589657592053	0.7023409521385396	0.9847767459042374	0.036289251912151266
0.31663117528706175	0.9837397283660178	0.051769751468422776	0.5016645949252028	0.5694942592332102	0.7469114431599294	0.46383893736898396	0.8981381842196982	0.8967686770810479	0.7512865415982981	0.4557976658345112	0.29702158495671194	0.6975879211449065	0.5088805363274277	0	0.6606975647437344	0.5078958967340977	0.1982423086617382	0.8619767995571272	0.13654805050536234	0.5186088731324721	0.5975275314638633	0.6050801766394668	0.05452814529186678	0.09868537514190001	0.5487621530164113	0.8761638575623871	0.7700532117759378	0.4397491629267779	0.2613146106865083	0.6238374687011867	0.36960293381347864	0.4782511985696368	0.9883347102815823	0.489507742106588	0.007670902191822204	0.06111399872130008	0.9145821584409267	0.34359377776696187	0.48507673219876635	0.1486807543409404	0.20605243734348522	0.1381923619219524	0.22649668126622957	0.9226241736367815	0.24683970300181945	0.663459403025081	0.5556455612548582	0.5180152265313899	0.17847915289957683	0.7511042161660872	0.9143090972181022	0.5660673661442226	0.3344254871775588	0.09120267919593605	0.4582330309612612	0.9199677574406036	0.73108495380324	0.5687105721123807	0.4673913306062527	0.32996173601704226	0.741389194313985	0.0672353603908511	0.7250079858587731	0.17414921398647865	0.9108638852650159	0.55531602784315	0.10855618501423059	0.5832077240516031	0.5038675989770169	0.010899585165866754	0.19564337388599817	0.5114489102005968	0.9819944922647468	0.2870812090043774	0.30451670197207026	0.05125112352673378	0.6784669275896997	0.9726230546368927	0.04025440439424599	0.568417946707549	0.9767433907509974	0.5315694097579486	0.8293325990495842	0.031929605885023804	0.23784676455616505	0.3627059006274381	0.8731555056228417	0.36995350931655124	0.5131348786251478	0.06639332430917377	0.3066896627666027	0.9878604124214778	0.6121213714981872	0.1726589269308697	0.681041717704871	0.1355469096140075	0.8480381088690987	0.8792624040723752	0.922018963116979	0.30909391224933436	0.7059343283201349	0.21965239269198222	0.609069550049307	0.22578069475240736	0.0033565844717743376	0.8270575091964207	0.05071196501813391	0.8192759202020691	0.2626845254889154	0.2876050024105643	0.36824981585357563	0.0959679146507002
0.6370663176347551	0.37858299176675336	0.5438681282803175	0.7894804238210485	0.8921197610771516	0.16797417047667684	0.23029346619404534	0.6419270818657119	0.48601683478090985	0.48800543063581636	0.6338132318065663	0.8508243698093337	0.4017059709502503	0.9241709247045483	0.6606975647437344	0	0.8148775414620187	0.3407382544120956	0.781672862670423	0.087758895561036	0.09621436987273257	0.4538453988918919	0.2351822202702617	0.7189260801387379	0.08357110340429386	0.17930405263330196	0.7811140119352623	0.8761707063336167	0.6133434386687051	0.1506653476588118	0.8729417554842096	0.1719974402972817	0.04169537487358843	0.9704993986477369	0.1416892665812648	0.45281749585723763	0.34853455910080244	0.9545762143313042	0.5313049664322301	0.745385779486059	0.5953929801062524	0.6169229604903748	0.11437140893024178	0.9591746677945375	0.689827772319724	0.9151175722030443	0.7313795479543199	0.07333015763533168	0.4894609540960356	0.23874021186406702	0.6844081088005008	0.23738468509342925	0.987737642496662	0.3715566765047589	0.7830035840808954	0.8433895096951981	0.0030168159854160326	0.33490450288957896	0.6660586344195398	0.48696214144094174	0.2887269904325178	0.42987027535571254	0.5960020207567855	0.11532296354824867	0.7393804792303069	0.4636196156566885	0.6979504829322185	0.9911500960212115	0.6056534894890859	0.67814891687053	0.9018461874033273	0.5798916618937046	0.9434038068083287	0.595505233525921	0.5434399278820096	0.22202078562449556	0.06925181373765432	0.2904691465247966	0.7616298847992232	0.5327181241284145	0.7973334852928445	0.6895772326043171	0.03471259467041399	0.4824482884491974	0.21342376236832705	0.4147306389897487	0.8842879696058711	0.9497185864222943	0.41688730194624524	0.5976877278896032	0.7073402516145699	0.5159695618278518	0.6438790178604712	0.5402956229394776	0.5215312656295398	0.43173645556063367	0.4549682668182	0.5907631694532235	0.19097978516164216	0.5908157904280794	0.0897124110049694	0.42766363667251217	0.723247302342815	0.322889168091695	0.006779231142845066	0.7262300390830051	0.2670759923474977	0.548141458543343	0.031535495896453214	0.09759226352651817	0.5371565483304459	0.30636738019398346	0.426514658797862
0.02944921679102641	0.3424219785798873	0.117260174713956	0.3928319964299125	0.16240008976018838	0.6150759360716295	0.34837320039248554	0.8196863567294602	0.6793368245727494	0.03674898577419594	0.5265609201134317	0.5592281910391497	0.440373361184748	0.030818184506578916	0.5078958967340977	0.8148775414620187	0	0.18986387647483438	0.6996933993829154	0.8602903776444181	0.48039504699090296	0.4989767443814992	0.9672075406339332	0.46700008362329015	0.9894267327450114	0.4445480078250995	0.20354000982159992	0.7928204614566473	0.009604722642176489	0.7068977586680439	0.1900094821288828	0.8527718924247732	0.21857606512925143	0.6919544051298245	0.15650196814790507	0.2215856762277012	0.12588518848155628	0.7275097550053049	0.43948244305815454	0.5704842527502937	0.6124700796113886	0.007378095823996622	0.8025801633364568	0.4946422381706632	0.04410163673950085	0.7676112777149131	0.5860488740049771	0.9811009242613706	0.4721245062449172	0.07103120889490333	0.3267265419228724	0.2782965064810665	0.6007066326856615	0.251623328661277	0.6331669495872824	0.5884779394836814	0.30899902333905516	0.30919551912324594	0.6941622119892757	0.7300043957556261	0.4406702228974858	0.8148364173697361	0.1092363228155796	0.5014024883548762	0.20127770817036028	0.907828666282659	0.010559614795854877	0.5152987117962664	0.6498064767024225	0.5048097027949535	0.6893309160879642	0.7224729691562272	0.9873144825668625	0.16540187677782814	0.0284773651273732	0.6739161980782226	0.17426376115680775	0.14297743513128747	0.7184096791117072	0.4822881144558677	0.2969574499746833	0.3211153358158315	0.10544195170525483	0.5258301550370036	0.08070513345464969	0.5396897634451386	0.19822976666252223	0.7969418599411157	0.4595010179814536	0.21902646387518387	0.5841220449797236	0.79960696283111	0.4351010156352686	0.7193420822130328	0.12227273432907748	0.18582828770839377	0.7379453988753181	0.9280730969250918	0.11635504308509781	0.9949751994395833	0.4872956970126867	0.8138565481698465	0.3526702844444126	0.5160831007167246	0.6016182404757162	0.9251786641405292	0.012235560434708748	0.7311203603777988	0.5431856062941907	0.37928781184956695	0.3947581496358352	0.5163458830144417	0.28732472511336005
0.6004675344566794	0.59181169945009	0.9567225876392962	0.060946923041407364	0.5401648177738588	0.1332485568833136	0.01204330954204158	0.23545527185032233	0.3450173057128557	0.46495537423479716	0.6219138993587765	0.9605743772864239	0.2897752127328087	0.1902902733542432	0.1982423086617382	0.3407382544120956	0.18986387647483438	0	0.1940064425020046	0.6158686689826405	0.9686720359326413	0.37225002333176327	0.10709511934962801	0.9133934634687186	0.0743906551264546	0.9730087167737635	0.3742051729525381	0.6785906962550472	0.1465121439046454	0.3305917857008903	0.715516076655006	0.8585804143283366	0.5472871051519563	0.7870378991305599	0.7136147338922407	0.9214760269714223	0.25489303417223474	0.5274766122171313	0.3002800809019892	0.4128488856489926	0.1391033678518253	0.44257242655163587	0.5715675999959579	0.7719629052459103	0.22725847296210278	0.3533444067156277	0.5690476729439224	0.7983040583219341	0.2730934630466664	0.24413377389156243	0.7458480579564478	0.5331625170918852	0.8076933912452149	0.03562617339523688	0.1955967743137461	0.7394343995537394	0.652358218267493	0.5556238743273717	0.9850564256106762	0.11632210683263067	0.061282578390344455	0.3070101984798812	0.43375990722311264	0.08273661937386567	0.6798039286511488	0.7385295559204047	0.4329470334410317	0.02781988664902879	0.22508838316201785	0.2412294394943284	0.7430192803074619	0.8687741229163806	0.9405899360038559	0.7086447543282838	0.21330964722719337	0.8607661155986608	0.1774005870021801	0.03985764766944977	0.47699139871328333	0.232372024646474	0.014829294937739768	0.08181226648167028	0.24396023605041217	0.26922860383115965	0.6370350749562594	0.661972210212761	0.04968512062411423	0.2710327907573231	0.740140933016733	0.0013763474176622381	0.6095393231184737	0.1327642570818498	0.16262404955838294	0.8105885714066519	0.053287146406722385	0.8870857825044309	0.7374095161107448	0.4111113215411669	0.3780575562101728	0.03170932016190575	0.35563621562941383	0.39991036054141127	0.34475221466759776	0.2375099624496919	0.952320994899426	0.24243178831310608	0.01652986481878027	0.2570158889760107	0.9751666990261553	0.03198865857962929	0.9409191288438108	0.835211157752101	0.6940051698882442
