0	0.5536096499879329	0.33200430855577123	0.19118148662429224	0.019597929035298223	0.6287953658095179	0.8845870762097828	0.21123392658839169	0.4149234902007719	0.6597328575869715	0.9542723214706622	0.5024310072666992	0.5323627895641648	0.23387926448428065	0.8572547787483605	0.3346061328376144	0.1632423331893571	0.3380600679535608	0.4984695094853444	0.3645241313852736	0.5209909295462576	0.7281687691189349	0.5313434505887027	0.163198524720383	0.16464216583683122	0.1605189892696417	0.07168794860393346	0.6597148652720107	0.11531676009812841	0.5424227651456958	0.4667288143970779	0.5322298651605384	0.8674154776533732	0.4937098040418496	0.8636236335771007	0.8817725788271068	0.7411816012435283	0.9937880873122176	0.12847677853427342	0.6008021603892434	0.6134858024612428	0.4624105768329162	0.18016502671098378	0.5676613251214742	0.9880700264880491	0.7943312307953654	0.0963790658488024	0.9548674659116423	0.6351046313367779	0.2193731107330975	0.8468976709031861	0.2767267582769243	0.426587292658264	0.04966084771964474	0.14010892778293027	0.2504768081554337	0.16792335984888218	0.31489507705031017	0.7614992879282384	0.8566587503260689	0.26085478377255644	0.11693893090641894	0.9864816591641516	0.6430644020642406	0.22128771743128994	0.40583698322326	0.7046707919302095	0.19765511420517923	0.24767578966011983	0.13540310799836464	0.39492152624705135	0.4071173239595517	0.5845264625965141	0.9663822345498823	0.8024431672987218	0.2109775437439334	0.39908159218236205	0.6306246059862164	0.2103966746062269	0.9887552445943636	0.20652861571199554	0.8163693173889951	0.45836227880125624	0.6847663948534796	0.4892198890347663	0.5831658097333846	0.9205533983528088	0.6585219015783107	0.29059727934878565	0.7610748819870669	0.26398167603199574	0.24149825493667654	0.8608931967119955	0.9019473153255992	0.39314909532409836	0.7772436808270088	0.2668434619277307	0.1684127455747363	0.6120888281666009	0.762193760568356	0.7139704308201995	0.6930223757876447	0.8816309380467782	0.24484230507548277	0.5836800561812409	0.21255104405698144	0.24444429404570045	0.8269200829142803	0.12906174973353934	0.8135255829786899	0.16688792051614554	0.9997479236110147	0.895669337558633
0.5536096499879329	0	0.830504288014044	0.0012347855040938382	0.5246010746874038	0.17108941844511372	0.6304109726039858	0.4304853978759735	0.49203363439678127	0.024054972429611632	0.9338037240104823	0.15638382815415175	0.10982037215461493	0.9190735935022943	0.8816171449365683	0.6690000794942291	0.4076870072567844	0.026928325370107586	0.1166001213739769	0.9566087373583919	0.2992746905554433	0.7612505001876598	0.8133444557438795	0.3446713247987294	0.5838474839480369	0.2989027643454397	0.7461093997365768	0.6108017427637348	0.7541924672863438	0.478469426606437	0.8541483261532028	0.7654831175785037	0.22356580858077157	0.917067484029735	0.09247996849690943	0.9340249058179078	0.25977038150156617	0.3217458241867617	0.0782370018926285	0.5532470142711375	0.634385636193455	0.5825259044360082	0.6336983554044217	0.5080937455818523	0.7430606493118922	0.8578189744980332	0.122299978156439	0.5906359807928957	0.37330848045366694	0.7037501564650487	0.2940251807195451	0.603981959120275	0.9590141485951855	0.6022982283318041	0.36905344971728116	0.561901340411633	0.19264709442348893	0.849073708503541	0.9553435053737073	0.3322706543454851	0.3070145708961879	0.8568976034367889	0.42644365015542296	0.8304376082008955	0.8055112158478749	0.6590974648690185	0.2252295969125756	0.0593619366569319	0.5040959649966037	0.8305327918475537	0.4789062645486858	0.5161670612179029	0.8214869459386976	0.6665449304166131	0.8211108343175043	0.6765526961281662	0.3078413930777981	0.47788080541557654	0.6546935192521937	0.5039737836457441	0.8880075288186925	0.05097949076057251	0.7543848994325191	0.7174752290928965	0.6589654711260345	0.7714436773873339	0.8986663405221195	0.25740382359633485	0.9882325850329937	0.44845740010212154	0.151890252290784	0.15279379828599893	0.07090049300494039	0.5872616712843415	0.44076667470023323	0.04645228929018752	0.39401539526049023	0.14549880009144367	0.05982358934692544	0.9669670206010939	0.9566948402394324	0.7138624997100985	0.990808765793477	0.49638641728101984	0.13299009690012353	0.6655056613571871	0.6606514950325276	0.04347951578486031	0.03464007568182814	0.38422292563816896	0.794227413042609	0.8601812456087723	0.6253653048193244
0.33200430855577123	0.830504288014044	0	0.448554450429401	0.5475482638980398	0.012149428967706877	0.8912370126947325	0.9576536765549878	0.45161004209736344	0.6090555705389595	0.7310975882689293	0.2837305392745415	0.7346865943347216	0.7639697669310284	0.6095387398152815	0.6138843812373063	0.09186251994715355	0.6255412386180832	0.3210785739043649	0.5229135447017385	0.014893476226514935	0.7238453331146552	0.07541310619116037	0.72075887008251	0.7010649671032831	0.42413392466094624	0.9099292260870738	0.7375376979915378	0.04501123192038037	0.7167801360468193	0.34177149787441274	0.9958022629422921	0.0549962790323677	0.7896558977283245	0.670624493890854	0.5711038302108593	0.6130511040429648	0.48138496069643	0.47630678773680146	0.40423867202891706	0.05927300874933161	0.4457256117635484	0.15993991900844262	0.8629192980137892	0.17689533760847054	0.375711799362212	0.9216414921668178	0.03791334187826956	0.692316981259574	0.830995263607546	0.40670388836689786	0.43101377117518025	0.2597694549628162	0.8741893753132367	0.8591182484380337	0.11546127310076715	0.7977752918381711	0.2788724864494495	0.8016761292395945	0.8212417124873085	0.17120991887534798	0.9923227100373613	0.2116012339720229	0.18145923846138146	0.8060216805157556	0.02027137054302286	0.3593742387654516	0.33718413202218056	0.13042150969142563	0.28661590558817185	0.48013951733894467	0.44907460763055984	0.7516278027858151	0.4892381981525824	0.42222537949907	0.19212150255514782	0.9728180540730238	0.8979988866858305	0.8194900715953376	0.11852481003718152	0.20785321204181717	0.5379029600706344	0.2813919775072108	0.3324972656513673	0.43829837219644685	0.7746657585784178	0.9408995280485666	0.6820170489056264	0.4123931942555482	0.703624861750866	0.6354545503365793	0.5117404420634036	0.1312325889130438	0.3495104424891813	0.4464036358041463	0.24827954372993832	0.04671964830629882	0.5836511931710642	0.7713368347703724	0.9518496393322774	0.7183253109080237	0.38710308929755877	0.4194146618813095	0.4153987849821503	0.009390881332254186	0.50176092245008	0.4125859384441918	0.5085596237102543	0.5501498912864169	0.07745551646058835	0.7525972550659608	0.4700161924285946	0.31608522435121467
0.19118148662429224	0.0012347855040938382	0.448554450429401	0	0.5723529471859239	0.715621509094524	0.5530899432085004	0.7466559864654931	0.3386520799456877	0.9702018362143688	0.1699830186435345	0.9792823858107398	0.8362477924908115	0.9563224405831386	0.8765417357476146	0.32125938261303644	0.11275513158388173	0.18064979393973346	0.16707851781689265	0.28889900032925375	0.024282598538173827	0.11933402209136024	0.7539632303325058	0.19861877880755763	0.8101483565314016	0.07064843703724932	0.5102461350524827	0.4298209550340084	0.3593831071653364	0.8527210753894409	0.5743259416001	0.2613495680894289	0.2339218542502789	0.623217611057754	0.4935088359607105	0.9384510523034456	0.9161738927138453	0.4774929228642587	0.9800496807197417	0.04965959205525905	0.5676705017049705	0.7457951149628959	0.1441868424221422	0.8491458501657735	0.20633364389470965	0.20838066958606283	0.9438423184804143	0.17965979895836826	0.07785981036893552	0.20466180727005678	0.4784012207544147	0.2493370359800413	0.01685849938180828	0.9667536120770474	0.13479221587938195	0.8787173533348902	0.22299547439687284	0.7297477801471322	0.5868791050060008	0.7760709251613791	0.40633189251743584	0.5176412627776613	0.8140154674713185	0.8906423450189935	0.9200811975456301	0.6822435125912814	0.2416710644461959	0.48532942826659353	0.8058532511770002	0.8601727865124374	0.37424527151694087	0.8578936080889178	0.8641176963598766	0.4692215261222127	0.4427188486127309	0.3466315616963189	0.3359482008657182	0.2912889828743387	0.49880039957512323	0.1571350786974821	0.5252534947648065	0.13105976598464641	0.10286318180463716	0.28116904821540845	0.4664539334687935	0.9004609124082196	0.47029505804432603	0.23602108616895945	0.8320157289582971	0.08995115731364911	0.8844577260281524	0.4258962888309985	0.3328697859792451	0.7347146572836204	0.2663943673424374	0.1279078932482156	0.0756598660745289	0.05676931955734177	0.46829081035474895	0.38822688595471233	0.989640244331411	0.9970796281940315	0.9991759336381568	0.2222507015182681	0.49953789907135493	0.8427931677527767	0.014683787813000837	0.6584884469119777	0.5632674506522943	0.46168564126604217	0.10913464145312313	0.4745104238038055	0.3779972417981584
0.019597929035298223	0.5246010746874038	0.5475482638980398	0.5723529471859239	0	0.7834678128147436	0.009338344143374866	0.9084221388495727	0.1957318349288688	0.3548423154866781	0.6783052869906805	0.3298948817461902	0.49878341001020066	0.5021855535790166	0.41966788690499446	0.7093539312957272	0.5863073762588581	0.8622695830395852	0.8132398467654207	0.16227660904091	0.8323946889849593	0.7333937044623433	0.5391386403358236	0.3701333785295239	0.3867376303403053	0.5085968550279658	0.3798390506341879	0.5873975653481509	0.6329193984479503	0.5514792243462663	0.6277378934937524	0.9799535275069012	0.9183755992187431	0.611152302151578	0.4268154267139428	0.044185555970859824	0.20585352776180132	0.4175911638639126	0.9864580632945398	0.3522546149003818	0.6539262779144477	0.7245130469402522	0.9713528675999079	0.50738410522222	0.4661354294738347	0.909073047978909	0.6115027943633936	0.12563590752966447	0.6838933473656186	0.28599208115322805	0.223989097729422	0.10455870799338962	0.9684387945170309	0.9604692342779333	0.9767790113356204	0.777725323044084	0.6739795480707103	0.9818987112750113	0.13617983439508896	0.06032774905145788	0.47660493365343226	0.9903379469424515	0.717247350401233	0.011699887502328754	0.28434911179487765	0.803818093521998	0.43745947905612215	0.6141822880337783	0.25774263998100944	0.4281031346816684	0.8846756860833697	0.6107198224788302	0.13901565168422914	0.600197591401024	0.5483141315964751	0.9126144239587678	0.17956284067333828	0.7000696800713924	0.8212368973005378	0.15569502536581337	0.7079537186227061	0.14696116539355286	0.8364053515656585	0.5722369965045444	0.5585355098316446	0.21334257853364547	0.3765876004481562	0.0034015963961457896	0.4254682232892879	0.12256244719568676	0.06713536527427078	0.4262788768639142	0.13627809743007568	0.31076572670844693	0.5482436884128418	0.24745260197101404	0.7758106041154029	0.5104430909779107	0.8843814157282691	0.19071087505769035	0.45733836007294026	0.2288772801373492	0.5972106094733582	0.23809124177798902	0.722762157533553	0.3960734002452536	0.4711515703316609	0.9374787578931177	0.9978422489695826	0.5700647745091991	0.6196359097180231	0.4189113466407518	0.9810238990016167
0.6287953658095179	0.17108941844511372	0.012149428967706877	0.715621509094524	0.7834678128147436	0	0.3943527763786858	0.493362813193833	0.36107273850189336	0.46004561211191586	0.2278655483112937	0.11083558214012279	0.5206135171281955	0.34424164322083317	0.10527325748246485	0.8265675992557213	0.22786998178250673	0.29540255823383965	0.8163350332095921	0.18621972582524515	0.9359655336151543	0.6762293075861221	0.6798825477206376	0.18618004281256906	0.48251720591544833	0.12691903294649454	0.8193499105607976	0.512121291636182	0.03019440506652271	0.8749101995021439	0.4174018306070725	0.6638598232237404	0.9403721549899622	0.3698161851588456	0.8396412161283114	0.02589597779589914	0.48341072687239317	0.6312575868391636	0.3401174180010612	0.8668490666504851	0.5809292884314295	0.9189024717589803	0.8402483828381306	0.049138305671156735	0.735848841888387	0.2165012258512219	0.5439709234126425	0.9398484371440985	0.5017422044758899	0.1474356089181753	0.1652356975551862	0.48885650187227614	0.7996816494486133	0.8504456359622192	0.5149123186486758	0.6791805916484094	0.4841817679585604	0.5236589311356797	0.17001632141781042	0.10099102108145819	0.7930337373878664	0.6596038085778543	0.7407129498431813	0.45087094037069286	0.11677018317996768	0.11848561526302315	0.6151156792948216	0.7876289287709904	0.436579160552799	0.5974587076314216	0.9418400278314668	0.5218472712818469	0.6702132806968067	0.9270319866206435	0.28904812846502626	0.7559361580994914	0.3716139828316821	0.18802679212498108	0.604294338857955	0.17881843920249052	0.6784540006703965	0.839328471969872	0.09103044276016448	0.5887183681276343	0.4486597959889024	0.31952514227787177	0.6672208648561295	0.9242685585681449	0.47962099754367404	0.9987681207379848	0.6742802817467425	0.015893526817940207	0.8062759050838672	0.3940187414541314	0.7821474223407893	0.011208453091246517	0.9127192851079137	0.289055432469858	0.7141940197447583	0.07898854913854247	0.7277020424438977	0.14202366759756124	0.08307207610463796	0.018075528650675188	0.7856036935224128	0.7596142755910212	0.33503953093637273	0.7721140859726471	0.9275089185077384	0.2459341345280719	0.6094379106980504	0.8117385591675421	0.17531231489313726
0.8845870762097828	0.6304109726039858	0.8912370126947325	0.5530899432085004	0.009338344143374866	0.3943527763786858	0	0.035652915948015895	0.4956660185859555	0.4573232425181821	0.11285531425613216	0.7992238411873593	0.6396678389571434	0.5962906317450525	0.9478953315558696	0.8143009464501951	0.35306807284206243	0.9665486832236905	0.5746411552600919	0.8084806796013868	0.3571909173897463	0.7791625322113489	0.6636640002877918	0.6577708358305937	0.43442038238072256	0.5889377273066364	0.6714500980536128	0.8486746528714636	0.2653989459248559	0.7973362098234453	0.07448255733074949	0.07264009063653476	0.14563919812949344	0.5249828559286787	0.6106022054478583	0.08118571186354995	0.045737792325482585	0.1368866608259972	0.2999545710015491	0.6431400573346181	0.7449492901471085	0.0636128635374581	0.1396059485720058	0.7719770739300548	0.11219075759068753	0.9622811529780959	0.6379991365838077	0.11025321942125854	0.4472825365483989	0.023124463140224205	0.9124883297198599	0.9585888035126494	0.22508562576723923	0.7564329302738186	0.05644223516956026	0.11931871128616323	0.6480496604661092	0.3286298758586801	0.2804580831624113	0.2712175194472207	0.252867341714775	0.9367595378578499	0.8661586823558329	0.08920664907835218	0.40691168852878645	0.7587978788470159	0.9558432732866894	0.2631813350287343	0.5230805802847548	0.8926161965805404	0.27948567282455716	0.7396135509796998	0.2990517299683174	0.12663655696599085	0.029891342622795802	0.3449380037333246	0.8175813172651177	0.3803788322099635	0.49616248810328656	0.8669750456136969	0.6585061388140313	0.1374493168507085	0.8851581052158017	0.2355173319334667	0.7890677862062478	0.9757508257173472	0.9646781488202105	0.66628687587015	0.8800742630879972	0.6798927957953131	0.5555556640743726	0.9119278581108261	0.05079054498417035	0.8247085521616988	0.3672901995044364	0.4320720164387488	0.2424487550355945	0.9183283591268719	0.3561071559471649	0.8162087123875179	0.09649625446348542	0.29524681612378567	0.7450650538874568	0.17576788350156847	0.8221104735143563	0.568722677374735	0.06633783365026014	0.5992516388112173	0.40002612537182003	0.27985643010076655	0.31825994587035644	0.9743746586632765	0.5518000777653074
0.21123392658839169	0.4304853978759735	0.9576536765549878	0.7466559864654931	0.9084221388495727	0.493362813193833	0.035652915948015895	0	0.9873457743651157	0.03276759437935506	0.05982693465219047	0.22961635721586082	0.6441132026484848	0.7785205188085871	0.6718609450404076	0.18816003833797712	0.7655759413061514	0.0652448373390353	0.43115502493387514	0.7469105242236327	0.7898692568924495	0.8559130438081847	0.9173200438313232	0.8619967241298333	0.29315752997849476	0.9297384903126698	0.9035686847479787	0.676283119618285	0.5250552817979017	0.14511488899418667	0.8791690791797546	0.38938520647264163	0.012610964318312101	0.9307153976833845	0.8319434580882161	0.8089967363241561	0.36977046976781314	0.46453811932110034	0.790009546989481	0.8130732004236318	0.06533664878133028	0.9100899814722743	0.2792355646226826	0.28168973377429063	0.24934732668726145	0.48932152150168906	0.6211147064150571	0.06741112380114644	0.15809577282367848	0.2705287034523809	0.28798179795062506	0.4962795592406507	0.5150946720837389	0.48968927310713806	0.8763091797798059	0.05496699874218691	0.33828999907914437	0.9735097201376548	0.8996087937644157	0.7620760393776783	0.5272217817917318	0.34729857171032885	0.40607779884036077	0.8598682018361121	0.08483293092195587	0.33459797244862	0.3262945763804015	0.9953880855480427	0.9312986201940464	0.045554775786161406	0.08686213761973516	0.30183323494109526	0.06222994658052261	0.3610254086764768	0.28859671469363624	0.6505393511623421	0.632465914719072	0.8318080776067712	0.4900027723436825	0.5177780442295215	0.5650918495287075	0.641402019893931	0.9672527539123151	0.25314485929929864	0.457751455091277	0.05867900219011324	0.2322710110620514	0.323404339686549	0.2074392342273328	0.8105951012013399	0.37608142759722096	0.4141004467917552	0.25530345967644474	0.7881454633312075	0.0036062045761358075	0.11822948781146225	0.08577176388537677	0.24301073888089686	0.9813947205003485	0.1926099635614873	0.517342468840187	0.042059847127265626	0.2048486500435749	0.2553212456589652	0.8857714389118567	0.7123533808732895	0.7204912618508369	0.13819250368435154	0.07515308100087348	0.08022917376894134	0.659388775817278	0.9613268044010401	0.6971469139521937
0.4149234902007719	0.49203363439678127	0.45161004209736344	0.3386520799456877	0.1957318349288688	0.36107273850189336	0.4956660185859555	0.9873457743651157	0	0.7170861648453044	0.938252899832793	0.42386709150319324	0.012372281909093785	0.6265393852278391	0.15309615475900806	0.2796600353382027	0.3063772100620943	0.5357039622342002	0.9547144785076699	0.2926261424632507	0.812554898576887	0.27875458889126004	0.26612547264442143	0.38340529891734854	0.23215652763046557	0.525370724017443	0.32841519792429497	0.17340043513589298	0.1704389787770868	0.6269998348494104	0.2997640580915045	0.058990260486468826	0.728898795634518	0.10561428931876071	0.24484995008282295	0.6130570024983975	0.8551458340757092	0.1775340015988489	0.23406691304979288	0.8134860907921203	0.10296605742944387	0.14710710861008125	0.6309291293057353	0.2628490218508728	0.2972122866322787	0.15131706230147857	0.9752663173148393	0.4462594760386408	0.38257617968774704	0.058866965067299715	0.21458918132575744	0.5248885480216301	0.06622216853164342	0.8553147009222314	0.6592239465586226	0.1872286202386697	0.8815025338921574	0.3188825605426595	0.5140060609507243	0.8898045166527984	0.7547694133165528	0.6732742827531025	0.021242380635176694	0.08119313893851932	0.2858448383749361	0.9300206672824965	0.3713331843213902	0.042061161622744425	0.7604984414203041	0.2239954342345073	0.4655549558805686	0.02952807686328618	0.1929668116917468	0.33996125995659165	0.5406603561980016	0.09962452887499518	0.9478777749695194	0.6478994560366712	0.5492886852913156	0.12455643399220273	0.41891968741511854	0.8547101153751959	0.5602574753837336	0.7482570516802525	0.5583272444433319	0.7056332039016036	0.5479701743186789	0.3245045266360792	0.0499139365368797	0.4323644202922562	0.06777753842040157	0.7134427117829953	0.40950661657106846	0.8938788029756174	0.5086715169268891	0.10702097269896038	0.8303766849500628	0.9051743569872244	0.8200224407669194	0.4635383822653266	0.4711765767444698	0.2902546416419849	0.8796606693200928	0.7334536862407425	0.9770397447845515	0.20073051031108968	0.043150966211070174	0.991749598305888	0.8735275419084308	0.5752267878914532	0.017433137497101292	0.7887029672193572	0.7912911912061563
0.6597328575869715	0.024054972429611632	0.6090555705389595	0.9702018362143688	0.3548423154866781	0.46004561211191586	0.4573232425181821	0.03276759437935506	0.7170861648453044	0	0.18176637762751857	0.4902406566441573	0.07743102079098196	0.5036431089032368	0.4750482086008688	0.14942383363844558	0.4150543309935175	0.31647306631441774	0.019762237520137726	0.8665625435782984	0.6101197428870343	0.15151709072484787	0.09856717633560608	0.0963567392572221	0.9406185091759366	0.8592011739551809	0.7441332040838287	0.19367889053927845	0.25043342874660934	0.04061282872616856	0.6804620108113516	0.7635106580537976	0.7670439117079749	0.7615838338340234	0.128747908979165	0.8975242709815842	0.04852895184087658	0.734594232715302	0.270041662128665	0.40662795406047336	0.9513582476341783	0.4543566509988537	0.715887950909642	0.07700058861723491	0.6494829550695419	0.12262628933917041	0.2221075090141944	0.1259447175725147	0.9287203497245292	0.42682794580860695	0.21061283345066306	0.3242465904593622	0.7221588490940883	0.35611800235678015	0.08855783223876912	0.5764512751065799	0.011645603075335464	0.9660281428643209	0.2737201230879561	0.2786441869884484	0.4512142930817602	0.011925425180219551	0.6220707362201175	0.5699569881906297	0.8936508728230272	0.18143508248552465	0.7142355189996041	0.6194562293405523	0.8943481457999787	0.3999216578212048	0.4156607339803884	0.8435176554144608	0.4849977170241824	0.5128286590050118	0.13797738294375184	0.322228581070387	0.029105837113236777	0.7909003295749214	0.06760268639801692	0.3667799381687945	0.5586690885191067	0.3393810597580339	0.93139420227613	0.16423545202569734	0.49518499399884686	0.9101732270828661	0.061059587267441096	0.07818962271173902	0.10141811882588248	0.21584646141060826	0.7721758837484158	0.0060127075577322	0.7420812050994314	0.47068151735875496	0.708404456724377	0.8649022446894662	0.7247120269857846	0.8766919688962597	0.4704517211033702	0.8586651415290446	0.45778510297593034	0.5447180701783025	0.15888419534091025	0.5389614812535455	0.8918429218212918	0.7218111278089931	0.23606512533525026	0.013756720785229937	0.8845639842583395	0.31344766289010895	0.2991632141635219	0.760269284377345	0.8154384411543711
0.9542723214706622	0.9338037240104823	0.7310975882689293	0.1699830186435345	0.6783052869906805	0.2278655483112937	0.11285531425613216	0.05982693465219047	0.938252899832793	0.18176637762751857	0	0.7850389429978251	0.038509032340918514	0.11579953573048618	0.9273655005374617	0.6917135162687951	0.6154559583632726	0.8961066106774485	0.014144689728981641	0.5091246204658944	0.43214110614646495	0.05487453160896494	0.389597575242267	0.9832615573900482	0.8251059177454111	0.7582176211991515	0.7420234147439587	0.006912290456114856	0.532227339778864	0.9624339711951134	0.2999431144791047	0.28285177266598027	0.8865156618951053	0.838356245208399	0.6699405557414755	0.6506840578499906	0.04298325025212402	0.2816374980452828	0.7409313649805147	0.6620982816639657	0.16416532280472984	0.31470611384795344	0.11803493927022723	0.6079526030256936	0.3457633049028773	0.43890363872370386	0.2591524681415295	0.18554395168758353	0.10035729929303006	0.6200068832519302	0.39450046764352087	0.8551420860762364	0.5901019282941501	0.6743163958418933	0.5268143108585233	0.1433610270567417	0.4054223964872562	0.6964222352132154	0.8237216449906227	0.22254379798316537	0.24962084250388217	0.3199795075792857	0.04276165207101057	0.6131059362264619	0.31425033246896605	0.7846685313437222	0.7917695246297735	0.07323826289503266	0.7442214024827957	0.6893558327302403	0.13520246693944293	0.5112297028350883	0.7958490905658293	0.588546084721997	0.06891354719371467	0.22733513614955048	0.7574757175767435	0.9333340066288761	0.8653621149626027	0.38767138436352466	0.4752009830499383	0.6319748993218616	0.07624488631156423	0.3991250349569827	0.989063822994709	0.937847367573378	0.136051072993704	0.24416875151610218	0.6380124548704837	0.9771644620139806	0.08595727691434663	0.2061953168946543	0.5998194268074367	0.22186144264305563	0.28831570381047833	0.7275511309980076	0.9168044011757892	0.3644895652211565	0.6485443162316507	0.9209173382425089	0.28653993920365073	0.9961748253694067	0.5879639106393656	0.8929636039380432	0.12426203044254747	0.27524127743029714	0.4616091871818053	0.06315117062550613	0.9718362379020233	0.8181322709568888	0.7081829370189198	0.3545427125568932	0.7376782623843781
0.5024310072666992	0.15638382815415175	0.2837305392745415	0.9792823858107398	0.3298948817461902	0.11083558214012279	0.7992238411873593	0.22961635721586082	0.42386709150319324	0.4902406566441573	0.7850389429978251	0	0.32004670770242705	0.8992264229481748	0.9975734403017202	0.3882489318527814	0.3166395290931904	0.2060602706886766	0.09645799442864833	0.5069375626235936	0.9272724376110945	0.12222162865450703	0.521871947946712	0.3723329071547179	0.4111323823009819	0.1989041216579065	0.6399048089624655	0.8106207194710641	0.9191128284054331	0.23505967634255875	0.1365198264054308	0.09554602578005889	0.6038321746537638	0.28444287367154075	0.778181803766442	0.41375885540679813	0.20859012890267536	0.31505654542718087	0.08854278071532762	0.48664403739307494	0.9522260386927981	0.5642352566463609	0.2213557072566662	0.7391360727085027	0.6653217385130956	0.7900885985273078	0.9319309666162761	0.6708077300223291	0.7167308092407683	0.26077987150138626	0.9139036823915915	0.034179964221976666	0.32495526799716934	0.4229323901127121	0.09379491127201123	0.5889131370571741	0.7184312290433525	0.24276781209959042	0.7423925084549329	0.6088636199691017	0.5496812218139592	0.9122471482636408	0.40981338369674736	0.9631714074923226	0.5436980006785511	0.49297224923110505	0.3655197883153326	0.24467772577091074	0.5506842215276276	0.9097615121019835	0.4431827026013587	0.48954000082179927	0.6647199147933894	0.13965452446675086	0.7771841108350717	0.5782946117264057	0.8534378096132794	0.9946402318566183	0.6088182851939097	0.15457895619941275	0.03479938210125322	0.05487064100771255	0.6319186234752814	0.3629837318299215	0.7200375574039318	0.8465231770279809	0.6188069345293149	0.3939069863417096	0.6458856997542041	0.19565986715702388	0.7975958108963955	0.42793834213518467	0.6819526533085162	0.9115842744527223	0.1570760972003291	0.5216219765841181	0.9120217738207747	0.6784098529300033	0.31189599263147283	0.17267016924172962	0.7825072981821314	0.39804027430687905	0.28997122552964383	0.1551101959142429	0.612424385897587	0.027113346966203267	0.10579003804150622	0.822421878082594	0.48421652857272546	0.4962528316213809	0.26854194502009876	0.45891701129543105	0.44477030831872744
0.5323627895641648	0.10982037215461493	0.7346865943347216	0.8362477924908115	0.49878341001020066	0.5206135171281955	0.6396678389571434	0.6441132026484848	0.012372281909093785	0.07743102079098196	0.038509032340918514	0.32004670770242705	0	0.7013879777616029	0.24420702616642398	0.27079332588274163	0.02773148303784978	0.7876795805368644	0.2664027877530747	0.4730457740359503	0.7373623163095189	0.49376476018224535	0.5752736575824969	0.1616856725321575	0.8937435305816369	0.5031157635864659	0.5632621084615501	0.7514165139152568	0.6788809857306614	0.6635724431521939	0.2564210499587589	0.8038674345401373	0.6391468981825289	0.7534284954974367	0.9018813650160733	0.1437048236371702	0.06535286185252043	0.667939762897107	0.15599190559371812	0.41208975764085887	0.5913220738023719	0.047745095724519904	0.2134104148960302	0.24176160149151493	0.43128804418791145	0.9909002858040804	0.10193492115954639	0.4349030153607534	0.6746278887640056	0.7285276895071771	0.7406795768980587	0.7295941977706553	0.5476683519379333	0.9382630941290536	0.1516132832102689	0.10321853645009305	0.9878532484788372	0.6902655990868383	0.21990840531080647	0.44958164032959347	0.6297248672286627	0.8599218845104404	0.7141042436081808	0.5351578823323266	0.4747301045634893	0.6639623698858547	0.2804017167984699	0.8563775520755601	0.9093807147572787	0.15138171462398398	0.7073361251537655	0.6892166236882987	0.0635591096123177	0.10656549382689073	0.10243123847261171	0.15535499489664195	0.6185920477233835	0.3312433185140121	0.8660803196625106	0.20048025096169309	0.7486367119457402	0.28119131738347014	0.37737665282042987	0.7366175445839539	0.3258656293109715	0.6250228729026135	0.7828969543343537	0.32003951009403664	0.4948535860801452	0.5655315245917176	0.6876293318860247	0.3425869666174175	0.26515498556643213	0.22775467351963208	0.3319844318755575	0.31954037300913396	0.14290814281538367	0.5725380642316018	0.46392661375756505	0.569475975958525	0.15268562276352748	0.6304919980448558	0.9612807959560069	0.5506894705975153	0.5997037763681776	0.4987322478192475	0.07757688442158639	0.06590842991884338	0.504319547786827	0.09909543429706402	0.893294462776372	0.6117864574282316	0.6177971159220559
0.23387926448428065	0.9190735935022943	0.7639697669310284	0.9563224405831386	0.5021855535790166	0.34424164322083317	0.5962906317450525	0.7785205188085871	0.6265393852278391	0.5036431089032368	0.11579953573048618	0.8992264229481748	0.7013879777616029	0	0.739814413984656	0.5082792118164204	0.779158892779777	0.3654535283223671	0.7638260600163279	0.23799481407013712	0.6367688296586724	0.7303199292276934	0.7943122300207198	0.45868060602368255	0.40134195617879065	0.8137127053459071	0.565206540598431	0.5000844947578172	0.8317357452637786	0.6561385778005171	0.09309125482989566	0.3112675672884633	0.19814892686551866	0.29841430136300473	0.16413548691350832	0.08710755248528568	0.9016850511064163	0.09218976354364072	0.7174025155504486	0.9679985499432383	0.24147837000187944	0.3176246500280714	0.07518142336912526	0.9887755324083272	0.29163631492520836	0.4065481555825542	0.15377635837168702	0.30444096213103544	0.4095823714924488	0.0050394097128175774	0.8833484477654671	0.8016316507406648	0.3222441193190072	0.396900396892373	0.9679423480859326	0.24526414658729245	0.8759215780086114	0.23234374975871952	0.8966402172119908	0.13668203168684367	0.00874742008888596	0.22859763399880917	0.6570018431504264	0.5924517356736017	0.1942685291720334	0.39664772106671464	0.10138589202586079	0.13420474246099556	0.5500107644778989	0.43444137822128237	0.9178514541893364	0.35879793723373166	0.8213413118380597	0.5606064068361405	0.9429395359814491	0.47914289669131904	0.6545233420967247	0.3347907120674469	0.5348384723089036	0.5261550928582888	0.5963349641619738	0.5152113517656076	0.17189958914879377	0.918633041863576	0.37439304080281766	0.4274239280629465	0.24811247367459	0.8007965192915277	0.49510802832073186	0.29052556307645616	0.2559401065249771	0.2810095861292725	0.5981205995515836	0.7285844520057032	0.18170100211407392	0.3193466881410605	0.1309724094698873	0.07289899460051719	0.3467010509977647	0.8012591746198408	0.9904510395538847	0.130903588631062	0.4735319251040768	0.8811990900253956	0.8643485832756465	0.6308290358765964	0.7605285595364843	0.5919905124601095	0.07995373572713371	0.8271403828250291	0.9569993136884462	0.17217602307693802	0.9501191338580766
0.8572547787483605	0.8816171449365683	0.6095387398152815	0.8765417357476146	0.41966788690499446	0.10527325748246485	0.9478953315558696	0.6718609450404076	0.15309615475900806	0.4750482086008688	0.9273655005374617	0.9975734403017202	0.24420702616642398	0.739814413984656	0	0.44006840518958035	0.043849196877938534	0.827936039930983	0.8372245968938471	0.4497774712904321	0.27305749721464945	0.37341128191009165	0.21354763660061093	0.4461206933738787	0.44685201419088305	0.08269215685146736	0.5355171042857083	0.9982221574598477	0.830834928520577	0.4086397914304448	0.7955173210172342	0.8012702711371635	0.5990271612387854	0.32847583350898935	0.17475558632056565	0.20398867836532752	0.515674574509818	0.505348547430643	0.9613819412030195	0.1711215419898331	0.20703695567535418	0.483380774767332	0.5893978093976441	0.7542500234983914	0.7336158364697669	0.34346817962838594	0.9978098153436135	0.07005044014468553	0.2401952784414042	0.461163949946792	0.6817718508615362	0.9107341073689871	0.20099274173239678	0.8801065339675119	0.9445592210718332	0.11027143545442986	0.566491979946422	0.4028181563523876	0.2537685533890326	0.988477833990481	0.6231707374440215	0.979382874865552	0.46486517146715967	0.19227486742816513	0.7038015936507946	0.23748515997439967	0.6337518802486731	0.9949819318902814	0.602909544586253	0.8768553917724596	0.7218934888005558	0.8088105714401164	0.37741930789445455	0.6717330605595961	0.31587268418105785	0.9062761392873262	0.7963523649035852	0.3272158845846601	0.5398713594040084	0.21619865411411432	0.6940841472692347	0.827109541174771	0.9757827788319551	0.2837363291471414	0.8230074283717705	0.16962347944202272	0.2586706405784921	0.44248571678147575	0.2996931503520883	0.4783946001931547	0.35940200981309045	0.5439692733694586	0.018819291091067503	0.24143728254090346	0.5387482525945588	0.20343040962942338	0.3698807425617803	0.9890645450435369	0.5468207586814433	0.23001184068202374	0.11131597740086119	0.9861894674564383	0.0011517314472362372	0.9617536271796593	0.24114939675063662	0.5799813391861819	0.8774184748751819	0.2364563640113131	0.5116102697636297	0.6894692697115541	0.5456082160372391	0.2770515623751094	0.4420546563625608
0.3346061328376144	0.6690000794942291	0.6138843812373063	0.32125938261303644	0.7093539312957272	0.8265675992557213	0.8143009464501951	0.18816003833797712	0.2796600353382027	0.14942383363844558	0.6917135162687951	0.3882489318527814	0.27079332588274163	0.5082792118164204	0.44006840518958035	0	0.6855331887226062	0.4260636357864317	0.8188554949272963	0.6921482332113977	0.8251957934963566	0.3459564388871832	0.4705382610232094	0.835485345295376	0.8575588766956503	0.7225786486849708	0.6636247552615984	0.318501502238443	0.8623200853314879	0.5777485257188889	0.0800414448157184	0.053861515955516026	0.5577611609835249	0.5396075351287379	0.6106230903231339	0.3515604925265563	0.8978843481753997	0.08430572036890249	0.798055858256743	0.1632757001255869	0.9382162282092119	0.904700632037071	0.3598961297858304	0.3749802998502003	0.6238666745593981	0.6395745493360138	0.5568510011377626	0.30113724331651104	0.5070450311486688	0.5068162428513795	0.8695020871665873	0.48328214816357173	0.1214920546698367	0.2694592050958723	0.4594862440554439	0.8162606039641056	0.9867843529939536	0.7431666464714525	0.3241213036852272	0.22686574832102524	0.02505885132212815	0.09898781492934716	0.03704146128272423	0.4058905939797287	0.15022257187420662	0.7216175955231539	0.207462007190369	0.019524634743240843	0.19892041536108007	0.2497695787834867	0.25211519524569126	0.7407223689569896	0.9111196892218576	0.8315759671483954	0.5597740172750784	0.3068692082120338	0.7572074716089134	0.29068886156422713	0.9483874318893605	0.9016777389174121	0.7239925415120506	0.12224607685166688	0.8696515054109356	0.2354769028768442	0.19955871028622962	0.010077328281367759	0.8326721243571148	0.34952635216069416	0.2954878988710955	0.38714762664044733	0.45332181026942275	0.13145764594576337	0.48225052698805115	0.7346354492445649	0.7147571431723353	0.8862906004929955	0.040629528149166094	0.5838518600125635	0.30606687785603137	0.5875371796425267	0.6296975178997892	0.9183986600189201	0.8198435820015905	0.4725237495570265	0.25406148758515223	0.44972099058009984	0.14977391750319957	0.14008690981789085	0.44040474411403197	0.9335997129869699	0.2667489037949773	0.4627068599762125	0.2442729487296711
0.1632423331893571	0.4076870072567844	0.09186251994715355	0.11275513158388173	0.5863073762588581	0.22786998178250673	0.35306807284206243	0.7655759413061514	0.3063772100620943	0.4150543309935175	0.6154559583632726	0.3166395290931904	0.02773148303784978	0.779158892779777	0.043849196877938534	0.6855331887226062	0	0.769292736020837	0.18543016282392033	0.8627760740537934	0.6840472410904609	0.5937166445754832	0.9965442456994302	0.40979402552290367	0.47887140704990794	0.6140105624200047	0.7811462547779343	0.399995981150443	0.7282317511200127	0.9064872318188774	0.7294204479273315	0.1035342092039192	0.8136826026438445	0.9437220261219544	0.048821866482103404	0.41532352747409695	0.05359520876028345	0.003974124132469337	0.740508565061811	0.9897664405661596	0.7921855490364822	0.11330355311271545	0.8519262105153032	0.34460308552686125	0.22154446836613562	0.9406299051342295	0.2419277801811074	0.31448762927579155	0.5482653916544092	0.023419166931121782	0.8693032667548185	0.1520754565141914	0.7798542060839528	0.8225272053855767	0.48478204485243004	0.37292674869426323	0.8849163941106211	0.855377966211941	0.36508893112984886	0.7842634377729176	0.047532089244152975	0.8739083091148254	0.592251849673702	0.6458201959622507	0.9096462853574594	0.3384005167174762	0.6447907703998889	0.4061706767973772	0.14638310476352012	0.7702484787156098	0.2762345073635706	0.8828581682933051	0.10803045317123916	0.6597854201295523	0.4386572450980585	0.9558813961196991	0.8083124690256218	0.04978102643238469	0.8957873155863303	0.9802268096597302	0.20697021058531706	0.0855095136297126	0.6874075012154193	0.008310407946249487	0.9705943273621438	0.8296335853205314	0.6338062645691532	0.9570372169892536	0.8690497670980144	0.22559279431816515	0.5027626727290838	0.3175780562867776	0.8371669517143449	0.8184780437644961	0.15643327607354973	0.7252523312046867	0.9934165078349189	0.18852685638818167	0.39175801593307813	0.3917224427049488	0.08015552733007725	0.546987502413757	0.03569370827789864	0.013133457275888882	0.4428330825062471	0.35894777783942666	0.08124356776553132	0.36887475668725034	0.5086697567745205	0.4920744342524872	0.12019464279116865	0.7364886503939706	0.4033097973750196
0.3380600679535608	0.026928325370107586	0.6255412386180832	0.18064979393973346	0.8622695830395852	0.29540255823383965	0.9665486832236905	0.0652448373390353	0.5357039622342002	0.31647306631441774	0.8961066106774485	0.2060602706886766	0.7876795805368644	0.3654535283223671	0.827936039930983	0.4260636357864317	0.769292736020837	0	0.47125329157518137	0.06144076123794051	0.42012799246469534	0.5788022291007887	0.12463819684115196	0.5184411386891989	0.6640090969447379	0.6873602209096058	0.5520938542061132	0.13861677387742188	0.9905365557692186	0.6025378796517152	0.7367666596250774	0.05564857108404886	0.702956765091844	0.9346790398035616	0.16269408282402564	0.6682004062701477	0.859983005612822	0.0755491428061199	0.040262299971163484	0.6358214824763622	0.24581302315913	0.9593016014482472	0.3210330363331947	0.3187395148155159	0.6034110486417249	0.5643880392926645	0.7488794055229034	0.9965227540640885	0.054682652919843755	0.7798529960228778	0.11892688400844975	0.47128485980048784	0.04543463430294126	0.26041348492912153	0.17527626448019695	0.550514336058846	0.7540175062797337	0.40241361112583696	0.941265248096513	0.2999767561672041	0.9288740231750608	0.5824699563665872	0.6113923745849428	0.19744039060590335	0.6768480806802468	0.5235722407566427	0.08543075032680214	0.803172167130801	0.8628627661987813	0.2378580630161704	0.762091295810489	0.22609931108058634	0.186972413182102	0.8119225687153608	0.6928617524879132	0.35031492183274093	0.973471457337648	0.9583405134431532	0.5528238706702838	0.0410315294623379	0.28901626065372477	0.07007660680053795	0.9431276026118665	0.3783765365906361	0.8166304223052262	0.8466441284979266	0.9447147629682987	0.5478988229915399	0.6468740593213279	0.4013138005947855	0.641343175632719	0.6174740402297192	0.4447037075256236	0.2667965289307068	0.11810933193964168	0.37362963815255035	0.4366308026840565	0.242909758977377	0.7394714376268607	0.3486415745299051	0.11239356953640345	0.17034484825574403	0.9328162217716877	0.7497827073250234	0.494547607872328	0.2204455356992573	0.7171392065832611	0.20017511528528653	0.5901143232913192	0.8888065641019874	0.18484797914815077	0.9514226237629375	0.994797264888617
