[[0, 0.91, 2.02, 1.86, 2.11, 2.3, 2.64, 2.19, 2.87, 5.22, 5.21, 5.481, 5.696, 5.607, 6.349, 7.029, 7.172, 7.585, 8.197, 8.373, 8.768, 9.562, 9.417, 9.984, 11.1, 11.037, 10.97, 11.438, 11.967, 12.15, 12.512, 12.797, 12.918, 13.987, 14.63, 14.91, 16.183, 17.384, 17.436, 17.011, 17.22, 16.776, 16.214, 17.47, 18.56, 18.069, 17.889, 18.245, 17.339, 16.311, 16.007, 15.848, 15.168, 14.863, 14.28, 12.15, 11.571, 11.837, 10.593, 10.377, 10.653, 11.202, 11.427, 11.642, 11.833, 11.946, 11.889, 11.555, 12.524, 12.834, 11.961, 10.923, 10.009, 8.759, 7.274, 7.133, 7.037, 7.003, 6.875, 6.98, 6.737, 5.814, 5.78, 7.082, 7.139, 6.902], [0.91, 0, 1.57, 1.77, 2.14, 2.15, 2.31, 2.04, 3.42, 5.713, 5.703, 6.013, 6.28, 6.24, 6.936, 7.647, 7.756, 8.215, 8.778, 8.945, 9.355, 10.115, 9.958, 10.551, 11.715, 11.658, 11.554, 12.05, 12.582, 12.765, 13.073, 13.355, 13.531, 14.599, 15.239, 15.522, 16.789, 18.005, 17.992, 17.563, 17.839, 17.388, 16.792, 18.014, 19.159, 18.678, 18.49, 18.86, 17.945, 16.923, 16.616, 16.46, 15.777, 15.459, 14.869, 12.731, 12.149, 12.449, 11.137, 10.993, 11.265, 11.814, 12.01, 12.243, 12.434, 12.547, 12.49, 12.156, 13.125, 13.424, 12.554, 11.515, 10.595, 9.345, 7.863, 7.728, 7.653, 7.604, 7.484, 7.598, 7.353, 6.433, 6.407, 7.686, 7.749, 7.512], [2.02, 1.57, 0, 1.5, 1.87, 1.26, 1.16, 1.55, 3.89, 6.114, 6.03, 6.437, 6.804, 6.758, 7.519, 8.141, 8.233, 8.71, 9.31, 9.457, 9.884, 10.514, 10.378, 11.038, 12.157, 12.121, 12.103, 12.588, 13.08, 13.26, 13.574, 13.871, 14.06, 15.106, 15.769, 16.08, 17.318, 18.475, 18.431, 17.98, 18.278, 17.914, 17.219, 18.421, 19.591, 19.165, 18.999, 19.338, 18.491, 17.453, 17.154, 17.024, 16.344, 16.048, 15.461, 13.265, 12.625, 12.913, 11.618, 11.464, 11.774, 12.367, 12.603, 12.829, 13.018, 13.131, 13.074, 12.74, 13.708, 13.998, 13.128, 12.084, 11.173, 9.9, 8.438, 8.291, 8.164, 8.122, 8.011, 8.134, 7.885, 6.971, 6.965, 8.273, 8.338, 8.101], [1.86, 1.77, 1.5, 0, 1.17, 1.54, 1.52, 1.51, 2.89, 5.08, 5.028, 5.483, 5.81, 5.787, 6.525, 7.182, 7.27, 7.727, 8.358, 8.509, 8.933, 9.632, 9.477, 10.147, 11.239, 11.161, 11.16, 11.58, 12.123, 12.269, 12.582, 12.882, 13.083, 14.112, 14.757, 15.066, 16.324, 17.509, 17.507, 17.081, 17.362, 16.94, 16.256, 17.458, 18.651, 18.194, 18.028, 18.375, 17.5, 16.444, 16.14, 16.021, 15.338, 15.031, 14.447, 12.286, 11.681, 11.976, 10.64, 10.501, 10.811, 11.378, 11.597, 11.846, 12.009, 12.142, 12.085, 11.751, 12.72, 13.007, 12.12, 11.107, 10.158, 8.917, 7.446, 7.332, 7.187, 7.142, 7.019, 7.128, 6.882, 5.968, 5.959, 7.267, 7.335, 7.098], [2.11, 2.14, 1.87, 1.17, 0, 1.15, 1.49, 1.16, 2.58, 4.482, 4.394, 4.887, 5.256, 5.368, 6.066, 6.746, 6.814, 7.279, 7.867, 8.023, 8.442, 9.104, 8.997, 9.659, 10.755, 10.668, 10.646, 11.106, 11.626, 11.792, 12.105, 12.405, 12.6, 13.632, 14.28, 14.589, 15.844, 16.949, 16.901, 16.525, 16.774, 16.457, 15.7, 16.856, 18.143, 17.702, 17.539, 17.858, 17.02, 15.987, 15.663, 15.544, 14.864, 14.56, 13.973, 11.855, 11.177, 11.514, 10.181, 10.017, 10.323, 10.924, 11.128, 11.375, 11.535, 11.671, 11.611, 11.277, 12.246, 12.516, 11.646, 10.624, 9.687, 8.429, 6.955, 6.808, 6.702, 6.659, 6.429, 6.614, 6.351, 5.42, 5.488, 6.799, 6.864, 6.627], [2.3, 2.15, 1.26, 1.54, 1.15, 0, 0.98, 1.43, 3.21, 5.254, 5.164, 5.629, 5.887, 5.952, 6.71, 7.352, 7.47, 7.929, 8.5, 8.696, 9.081, 9.734, 9.599, 10.244, 11.386, 11.306, 11.299, 11.79, 12.259, 12.468, 12.777, 13.039, 13.257, 14.309, 14.962, 15.248, 16.534, 17.604, 17.566, 17.151, 17.394, 17.108, 16.382, 17.538, 18.808, 18.381, 18.207, 18.549, 17.685, 16.664, 16.342, 16.206, 15.526, 15.221, 14.652, 12.542, 11.841, 12.167, 10.861, 10.69, 11.02, 11.588, 11.782, 12.002, 12.205, 12.318, 12.244, 11.91, 12.879, 13.197, 12.327, 11.275, 10.358, 9.087, 7.643, 7.476, 7.364, 7.332, 7.016, 7.282, 7.019, 6.079, 6.152, 7.446, 7.511, 7.274], [2.64, 2.31, 1.16, 1.52, 1.49, 0.98, 0, 1.27, 3.61, 5.509, 5.422, 5.953, 6.306, 6.361, 7.057, 7.685, 7.768, 8.245, 8.839, 8.998, 9.426, 10.056, 9.92, 10.577, 11.695, 11.628, 11.638, 12.121, 12.633, 12.79, 13.089, 13.407, 13.601, 14.639, 15.299, 15.61, 16.854, 17.931, 17.878, 17.45, 17.731, 17.459, 16.698, 17.851, 19.121, 18.712, 18.54, 18.891, 18.033, 16.991, 16.684, 16.568, 15.882, 15.578, 15.008, 12.833, 12.135, 12.486, 11.157, 10.992, 11.342, 11.905, 12.13, 12.374, 12.556, 12.669, 12.612, 12.278, 13.247, 13.537, 12.667, 11.623, 10.7, 9.438, 7.973, 7.826, 7.695, 7.654, 7.461, 7.63, 7.358, 6.424, 6.506, 7.814, 7.88, 7.642], [2.19, 2.04, 1.55, 1.51, 1.16, 1.43, 1.27, 0, 3.06, 4.936, 4.809, 5.415, 5.756, 5.807, 6.585, 7.227, 7.298, 7.798, 8.355, 8.505, 8.944, 9.574, 9.49, 10.178, 11.271, 11.183, 11.237, 11.634, 12.108, 12.3, 12.59, 12.887, 13.102, 14.131, 14.809, 15.108, 16.364, 17.446, 17.411, 17.009, 17.299, 16.954, 16.204, 17.341, 18.633, 18.193, 18.044, 18.383, 17.528, 16.501, 16.197, 16.064, 15.384, 15.085, 14.51, 12.323, 11.613, 11.95, 10.617, 10.513, 10.843, 11.444, 11.657, 11.91, 12.066, 12.199, 12.142, 11.808, 12.777, 13.047, 12.177, 11.144, 10.204, 8.936, 7.481, 7.342, 7.213, 7.187, 6.991, 7.128, 6.88, 5.952, 6.025, 7.324, 7.399, 7.161], [2.87, 3.42, 3.89, 2.89, 2.58, 3.21, 3.61, 3.06, 0, 2.43, 2.48, 2.79, 3.02, 3.02, 3.738, 4.44, 4.52, 4.923, 5.531, 5.77, 6.112, 6.796, 6.672, 7.377, 8.456, 8.413, 8.417, 8.756, 9.262, 9.408, 9.741, 10.047, 10.273, 11.262, 11.911, 12.228, 13.481, 14.657, 14.697, 14.242, 14.534, 14.091, 13.421, 14.66, 15.808, 15.359, 15.176, 15.54, 14.654, 13.592, 13.288, 13.169, 12.489, 12.176, 11.594, 9.596, 8.98, 9.266, 8.07, 7.869, 8.079, 8.546, 8.736, 8.979, 9.171, 9.284, 9.264, 8.93, 9.873, 10.172, 9.299, 8.266, 7.329, 6.059, 4.655, 4.473, 4.332, 4.313, 4.201, 4.267, 4.024, 3.124, 3.25, 4.495, 4.57, 4.37], [5.22, 5.713, 6.114, 5.08, 4.482, 5.254, 5.509, 4.936, 2.43, 0, 0.75, 1.02, 1.29, 1.51, 2.02, 2.63, 2.73, 3.21, 3.69, 3.82, 4.221, 4.926, 4.88, 5.578, 6.57, 6.595, 6.655, 6.877, 7.325, 7.499, 7.815, 8.061, 8.349, 9.345, 9.948, 10.256, 11.512, 12.74, 12.783, 12.37, 12.668, 12.107, 11.386, 12.598, 13.827, 13.379, 13.239, 13.537, 12.67, 11.698, 11.351, 11.258, 10.578, 10.288, 9.721, 7.817, 7.27, 7.53, 6.3, 6.07, 6.28, 6.758, 6.871, 7.112, 7.312, 7.425, 7.425, 7.128, 7.951, 8.203, 7.351, 6.318, 5.352, 4.202, 3.25, 3.42, 2.99, 2.81, 2.72, 2.64, 2.38, 2.0, 2.7, 3.5, 3.52, 3.36], [5.21, 5.703, 6.03, 5.028, 4.394, 5.164, 5.422, 4.809, 2.48, 0.75, 0, 1.17, 1.46, 1.74, 2.25, 2.82, 3.0, 3.52, 3.92, 3.99, 4.362, 4.952, 4.895, 5.567, 6.598, 6.498, 6.556, 6.923, 7.4, 7.575, 7.865, 8.179, 8.383, 9.397, 10.072, 10.38, 11.63, 12.798, 12.809, 12.392, 12.668, 12.214, 11.462, 12.65, 13.891, 13.483, 13.354, 13.646, 12.791, 11.811, 11.475, 11.379, 10.719, 10.429, 9.882, 7.93, 7.3, 7.58, 6.33, 6.12, 6.39, 6.848, 6.952, 7.216, 7.456, 7.569, 7.549, 7.252, 8.078, 8.331, 7.477, 6.505, 5.542, 4.406, 3.56, 3.81, 3.3, 3.16, 2.97, 2.91, 2.69, 2.33, 3.03, 3.91, 3.85, 3.69], [5.481, 6.013, 6.437, 5.483, 4.887, 5.629, 5.953, 5.415, 2.79, 1.02, 1.17, 0, 0.95, 1.27, 1.62, 2.25, 2.31, 2.83, 3.21, 3.3, 3.712, 4.383, 4.437, 5.108, 6.026, 6.054, 6.177, 6.438, 6.824, 6.971, 7.305, 7.594, 7.858, 8.823, 9.434, 9.751, 11.01, 12.169, 12.214, 11.812, 12.099, 11.634, 10.839, 12.067, 13.32, 12.919, 12.708, 13.038, 12.208, 11.295, 10.988, 10.835, 10.155, 9.805, 9.338, 7.44, 6.81, 7.09, 5.88, 5.63, 5.88, 6.398, 6.519, 6.729, 6.909, 7.039, 7.008, 6.731, 7.571, 7.781, 6.928, 5.875, 4.952, 3.728, 2.97, 3.2, 2.73, 2.59, 2.48, 2.42, 2.12, 1.9, 2.58, 3.36, 3.38, 3.26], [5.696, 6.28, 6.804, 5.81, 5.256, 5.887, 6.306, 5.756, 3.02, 1.29, 1.46, 0.95, 0, 0.96, 1.37, 2.06, 2.18, 2.6, 2.96, 3.15, 3.42, 4.333, 4.36, 5.045, 5.804, 5.721, 5.821, 6.108, 6.494, 6.648, 7.018, 7.395, 7.545, 8.485, 9.108, 9.425, 10.707, 11.829, 12.022, 11.7, 11.721, 11.322, 10.607, 11.917, 13.043, 12.679, 12.445, 12.766, 11.933, 11.0, 10.702, 10.54, 9.86, 9.483, 9.06, 7.25, 6.58, 6.9, 5.77, 5.48, 5.63, 6.1, 6.206, 6.416, 6.596, 6.726, 6.686, 6.449, 7.298, 7.506, 6.638, 5.588, 4.663, 3.406, 2.64, 3.03, 2.56, 2.46, 2.17, 2.31, 2.01, 1.77, 2.41, 3.15, 3.11, 2.95], [5.607, 6.24, 6.758, 5.787, 5.368, 5.952, 6.361, 5.807, 3.02, 1.51, 1.74, 1.27, 0.96, 0, 1.13, 1.82, 1.98, 2.42, 2.84, 2.99, 3.42, 4.233, 4.227, 4.838, 5.716, 5.708, 5.797, 6.077, 6.491, 6.634, 7.029, 7.375, 7.529, 8.471, 9.151, 9.451, 10.647, 11.88, 11.962, 11.657, 11.719, 11.3, 10.695, 11.989, 13.096, 12.65, 12.442, 12.772, 11.888, 10.957, 10.67, 10.497, 9.797, 9.447, 9.003, 7.07, 6.56, 6.78, 5.65, 5.34, 5.53, 5.92, 6.15, 6.291, 6.488, 6.641, 6.581, 6.324, 7.227, 7.389, 6.553, 5.547, 4.704, 3.41, 2.6, 2.89, 2.46, 2.34, 2.13, 2.25, 1.83, 1.63, 2.07, 2.91, 2.83, 2.67], [6.349, 6.936, 7.519, 6.525, 6.066, 6.71, 7.057, 6.585, 3.738, 2.02, 2.25, 1.62, 1.37, 1.13, 0, 1.17, 1.21, 1.57, 2.03, 2.18, 2.67, 3.55, 3.534, 4.058, 4.986, 5.031, 5.09, 5.447, 5.749, 5.949, 6.319, 6.582, 6.786, 7.821, 8.441, 8.681, 9.914, 11.181, 11.278, 10.958, 10.997, 10.569, 10.01, 11.315, 12.355, 11.934, 11.757, 12.019, 11.157, 10.267, 9.96, 9.77, 9.07, 8.697, 8.25, 6.34, 5.85, 6.11, 4.98, 4.61, 4.8, 5.244, 5.36, 5.522, 5.722, 5.872, 5.812, 5.594, 6.472, 6.646, 5.787, 4.769, 3.894, 2.66, 1.91, 2.32, 2.01, 1.99, 1.86, 1.92, 1.74, 1.92, 2.02, 2.48, 2.42, 2.32], [7.029, 7.647, 8.141, 7.182, 6.746, 7.352, 7.685, 7.227, 4.44, 2.63, 2.82, 2.25, 2.06, 1.82, 1.17, 0, 0.72, 1.12, 1.56, 1.63, 1.94, 2.7, 2.62, 3.265, 4.214, 4.36, 4.526, 4.71, 5.03, 5.227, 5.523, 5.823, 6.03, 7.107, 7.747, 8.019, 9.255, 10.411, 10.424, 10.034, 10.255, 9.81, 9.26, 10.496, 11.621, 11.186, 11.029, 11.345, 10.404, 9.54, 9.25, 9.06, 8.36, 8.05, 7.58, 5.49, 5.12, 5.32, 4.15, 3.96, 4.11, 4.58, 4.69, 4.9, 5.14, 5.27, 5.19, 4.99, 5.836, 6.077, 5.236, 4.172, 3.3, 2.35, 1.92, 2.33, 1.98, 1.84, 1.95, 2.07, 2.17, 2.43, 2.63, 2.89, 2.83, 2.69], [7.172, 7.756, 8.233, 7.27, 6.814, 7.47, 7.768, 7.298, 4.52, 2.73, 3.0, 2.31, 2.18, 1.98, 1.21, 0.72, 0, 0.76, 1.22, 1.51, 1.84, 2.62, 2.66, 3.29, 4.121, 4.24, 4.463, 4.55, 4.964, 5.084, 5.386, 5.74, 5.93, 6.944, 7.616, 7.916, 9.132, 10.311, 10.327, 10.002, 10.17, 9.724, 9.106, 10.353, 11.484, 11.049, 10.875, 11.231, 10.282, 9.36, 9.09, 8.92, 8.22, 7.91, 7.44, 5.37, 4.86, 5.12, 3.97, 3.76, 3.93, 4.4, 4.55, 4.78, 4.96, 5.09, 5.03, 4.93, 5.75, 5.931, 5.05, 4.037, 3.14, 2.13, 1.74, 2.05, 1.62, 1.5, 1.83, 1.95, 2.05, 2.43, 2.59, 2.75, 2.69, 2.57], [7.585, 8.215, 8.71, 7.727, 7.279, 7.929, 8.245, 7.798, 4.923, 3.21, 3.52, 2.83, 2.6, 2.42, 1.57, 1.12, 0.76, 0, 0.88, 1.09, 1.42, 2.28, 2.3, 2.965, 3.754, 3.857, 4.066, 4.19, 4.454, 4.639, 5.015, 5.346, 5.505, 6.507, 7.125, 7.445, 8.647, 9.822, 9.979, 9.626, 9.736, 9.256, 8.66, 9.976, 11.062, 10.584, 10.418, 10.743, 9.804, 8.9, 8.607, 8.42, 7.72, 7.41, 6.94, 5.01, 4.54, 4.8, 3.69, 3.44, 3.53, 3.94, 4.09, 4.36, 4.54, 4.71, 4.63, 4.51, 5.353, 5.472, 4.593, 3.577, 2.7, 1.97, 1.98, 2.13, 1.72, 1.56, 2.11, 2.23, 2.33, 2.75, 2.81, 2.95, 2.89, 2.77], [8.197, 8.778, 9.31, 8.358, 7.867, 8.5, 8.839, 8.355, 5.531, 3.69, 3.92, 3.21, 2.96, 2.84, 2.03, 1.56, 1.22, 0.88, 0, 0.77, 1.18, 1.98, 2.16, 2.67, 3.424, 3.66, 3.91, 3.99, 3.97, 4.124, 4.581, 4.795, 5.168, 6.011, 6.604, 6.904, 8.103, 9.32, 9.425, 9.169, 9.276, 8.713, 8.12, 9.413, 10.56, 10.049, 9.858, 10.211, 9.242, 8.36, 8.07, 7.88, 7.18, 6.83, 6.36, 4.65, 4.28, 4.52, 3.37, 3.34, 3.31, 3.64, 3.67, 3.9, 4.12, 4.27, 4.19, 4.01, 4.89, 4.912, 4.082, 3.04, 2.24, 1.67, 2.02, 2.05, 1.88, 1.8, 2.29, 2.33, 2.47, 3.19, 3.15, 2.93, 2.87, 2.73], [8.373, 8.945, 9.457, 8.509, 8.023, 8.696, 8.998, 8.505, 5.77, 3.82, 3.99, 3.3, 3.15, 2.99, 2.18, 1.63, 1.51, 1.09, 0.77, 0, 1.07, 1.93, 2.05, 2.6, 3.274, 3.539, 3.705, 3.86, 3.86, 4.075, 4.488, 4.705, 5.06, 6.015, 6.537, 6.875, 8.027, 9.24, 9.258, 9.092, 9.258, 8.632, 8.05, 9.28, 10.521, 9.97, 9.81, 10.13, 9.194, 8.35, 8.06, 7.87, 7.17, 6.8, 6.35, 4.48, 4.25, 4.43, 3.26, 3.25, 3.26, 3.55, 3.54, 3.73, 3.91, 4.08, 4.0, 3.76, 4.64, 4.747, 3.917, 2.873, 2.05, 1.58, 2.25, 2.32, 2.05, 1.95, 2.54, 2.64, 2.66, 3.36, 3.28, 3.22, 3.16, 3.02], [8.768, 9.355, 9.884, 8.933, 8.442, 9.081, 9.426, 8.944, 6.112, 4.221, 4.362, 3.712, 3.42, 3.42, 2.67, 1.94, 1.84, 1.42, 1.18, 1.07, 0, 1.28, 1.44, 1.93, 2.598, 2.67, 2.87, 3.09, 3.35, 3.505, 3.835, 4.16, 4.31, 5.344, 5.984, 6.284, 7.523, 8.688, 8.893, 8.541, 8.597, 8.056, 7.5, 8.87, 9.85, 9.498, 9.315, 9.64, 8.69, 7.82, 7.53, 7.34, 6.66, 6.31, 5.86, 4.47, 4.14, 4.4, 3.29, 3.12, 3.01, 3.3, 3.31, 3.6, 3.7, 3.81, 3.79, 3.73, 4.43, 4.409, 3.579, 2.549, 1.76, 1.71, 2.5, 2.69, 2.3, 2.22, 2.93, 2.99, 3.13, 3.73, 3.85, 3.89, 3.85, 3.71], [9.562, 10.115, 10.514, 9.632, 9.104, 9.734, 10.056, 9.574, 6.796, 4.926, 4.952, 4.383, 4.333, 4.233, 3.55, 2.7, 2.62, 2.28, 1.98, 1.93, 1.28, 0, 0.84, 1.09, 1.784, 1.95, 2.31, 2.53, 2.67, 2.839, 3.1, 3.4, 3.69, 4.673, 5.339, 5.659, 6.903, 8.013, 7.998, 7.638, 7.87, 7.461, 6.78, 8.01, 9.161, 8.766, 8.617, 8.936, 8.09, 7.24, 6.93, 6.8, 6.18, 5.89, 5.48, 4.39, 4.16, 4.38, 3.27, 3.22, 3.15, 3.24, 3.25, 3.58, 3.74, 3.73, 3.81, 3.83, 4.31, 4.24, 3.45, 2.46, 2.04, 2.25, 3.16, 3.43, 3.1, 3.12, 3.78, 3.74, 3.988, 4.681, 4.791, 4.843, 4.806, 4.669], [9.417, 9.958, 10.378, 9.477, 8.997, 9.599, 9.92, 9.49, 6.672, 4.88, 4.895, 4.437, 4.36, 4.227, 3.534, 2.62, 2.66, 2.3, 2.16, 2.05, 1.44, 0.84, 0, 1.01, 1.938, 2.13, 2.41, 2.63, 2.87, 3.03, 3.3, 3.54, 3.81, 4.896, 5.516, 5.816, 7.066, 8.19, 8.167, 7.68, 7.984, 7.624, 6.98, 8.19, 9.357, 8.969, 8.797, 9.113, 8.27, 7.44, 7.11, 6.98, 6.4, 6.15, 5.8, 4.75, 4.6, 4.82, 3.69, 3.7, 3.57, 3.6, 3.61, 3.96, 4.12, 4.09, 4.17, 4.17, 4.59, 4.5, 3.73, 2.86, 2.26, 2.33, 3.38, 3.57, 3.28, 3.26, 3.946, 3.937, 4.17, 4.828, 4.951, 5.026, 5.006, 4.869], [9.984, 10.551, 11.038, 10.147, 9.659, 10.244, 10.577, 10.178, 7.377, 5.578, 5.567, 5.108, 5.045, 4.838, 4.058, 3.265, 3.29, 2.965, 2.67, 2.6, 1.93, 1.09, 1.01, 0, 1.33, 1.46, 1.8, 2.14, 2.34, 2.44, 2.73, 3.01, 3.24, 4.3, 4.934, 5.214, 6.442, 7.586, 7.579, 7.13, 7.34, 7.0, 6.45, 7.68, 8.764, 8.41, 8.19, 8.541, 7.68, 6.99, 6.68, 6.55, 6.01, 5.74, 5.43, 4.52, 4.45, 4.65, 3.6, 3.59, 3.44, 3.43, 3.4, 3.75, 3.93, 3.9, 3.98, 3.96, 4.16, 4.05, 3.36, 2.59, 2.19, 2.62, 3.75, 3.98, 3.91, 3.903, 4.55, 4.584, 4.817, 5.469, 5.578, 5.513, 5.456, 5.333], [11.1, 11.715, 12.157, 11.239, 10.755, 11.386, 11.695, 11.271, 8.456, 6.57, 6.598, 6.026, 5.804, 5.716, 4.986, 4.214, 4.121, 3.754, 3.424, 3.274, 2.598, 1.784, 1.938, 1.33, 0, 0.83, 1.27, 1.35, 1.41, 1.31, 1.66, 2.06, 2.19, 3.07, 3.71, 4.01, 5.24, 6.362, 6.48, 6.16, 6.21, 5.81, 5.3, 6.53, 7.563, 7.24, 7.0, 7.33, 6.55, 5.86, 5.55, 5.5, 5.02, 4.91, 4.7, 3.99, 3.86, 4.04, 3.27, 3.08, 2.93, 2.9, 2.83, 3.36, 3.58, 3.55, 3.55, 3.61, 3.61, 3.46, 3.19, 2.72, 2.46, 3.07, 4.3, 4.57, 4.473, 4.553, 5.121, 5.121, 5.391, 6.061, 6.174, 6.059, 6.002, 5.933], [11.037, 11.658, 12.121, 11.161, 10.668, 11.306, 11.628, 11.183, 8.413, 6.595, 6.498, 6.054, 5.721, 5.708, 5.031, 4.36, 4.24, 3.857, 3.66, 3.539, 2.67, 1.95, 2.13, 1.46, 0.83, 0, 0.84, 1.1, 1.36, 1.42, 1.83, 2.27, 2.32, 3.24, 3.84, 4.12, 5.31, 6.42, 6.59, 6.29, 6.298, 5.9, 5.35, 6.64, 7.65, 7.41, 7.17, 7.42, 6.66, 5.97, 5.7, 5.63, 5.17, 5.06, 4.91, 4.28, 4.07, 4.27, 3.52, 3.29, 3.14, 3.11, 3.06, 3.51, 3.75, 3.72, 3.76, 3.82, 3.8, 3.65, 3.5, 3.15, 2.89, 3.46, 4.61, 4.9, 4.59, 4.63, 5.29, 5.277, 5.474, 6.098, 6.314, 6.366, 6.312, 6.206], [10.97, 11.554, 12.103, 11.16, 10.646, 11.299, 11.638, 11.237, 8.417, 6.655, 6.556, 6.177, 5.821, 5.797, 5.09, 4.526, 4.463, 4.066, 3.91, 3.705, 2.87, 2.31, 2.41, 1.8, 1.27, 0.84, 0, 0.84, 1.28, 1.48, 1.85, 2.27, 2.34, 3.28, 3.88, 4.12, 5.37, 6.62, 6.808, 6.525, 6.495, 5.9, 5.47, 6.84, 7.762, 7.49, 7.27, 7.472, 6.68, 6.03, 5.7, 5.55, 5.07, 4.98, 4.89, 4.42, 4.31, 4.49, 3.84, 3.57, 3.34, 3.27, 3.12, 3.61, 3.85, 3.82, 3.82, 3.92, 3.98, 3.83, 3.64, 3.37, 3.11, 3.68, 4.83, 5.12, 4.81, 4.69, 5.476, 5.513, 5.65, 6.167, 6.373, 6.459, 6.439, 6.302], [11.438, 12.05, 12.588, 11.58, 11.106, 11.79, 12.121, 11.634, 8.756, 6.877, 6.923, 6.438, 6.108, 6.077, 5.447, 4.71, 4.55, 4.19, 3.99, 3.86, 3.09, 2.53, 2.63, 2.14, 1.35, 1.1, 0.84, 0, 1.02, 1.08, 1.41, 1.83, 1.9, 2.7, 3.28, 3.58, 4.83, 6.113, 6.308, 6.052, 6.017, 5.383, 4.89, 6.3, 7.251, 6.911, 6.71, 6.932, 6.12, 5.49, 5.18, 5.05, 4.53, 4.46, 4.39, 4.16, 4.05, 4.21, 3.8, 3.37, 3.22, 3.05, 2.94, 3.49, 3.73, 3.74, 3.78, 3.9, 3.84, 3.75, 3.6, 3.47, 3.17, 3.76, 4.97, 5.28, 4.95, 4.87, 5.55, 5.61, 5.77, 6.327, 6.47, 6.539, 6.519, 6.379], [11.967, 12.582, 13.08, 12.123, 11.626, 12.259, 12.633, 12.108, 9.262, 7.325, 7.4, 6.824, 6.494, 6.491, 5.749, 5.03, 4.964, 4.454, 3.97, 3.86, 3.35, 2.67, 2.87, 2.34, 1.41, 1.36, 1.28, 1.02, 0, 0.76, 1.23, 1.53, 1.84, 2.44, 2.9, 3.115, 4.39, 5.65, 5.885, 5.687, 5.769, 4.91, 4.35, 5.68, 6.821, 6.368, 6.185, 6.401, 5.6, 4.95, 4.64, 4.57, 4.17, 4.18, 4.13, 3.88, 3.69, 3.95, 3.62, 3.33, 3.08, 3.03, 2.82, 3.39, 3.57, 3.54, 3.6, 3.74, 3.54, 3.45, 3.4, 3.21, 2.89, 3.74, 5.11, 5.26, 5.09, 5.21, 5.7, 5.51, 5.718, 6.667, 6.57, 6.356, 6.319, 6.199], [12.15, 12.765, 13.26, 12.269, 11.792, 12.468, 12.79, 12.3, 9.408, 7.499, 7.575, 6.971, 6.648, 6.634, 5.949, 5.227, 5.084, 4.639, 4.124, 4.075, 3.505, 2.839, 3.03, 2.44, 1.31, 1.42, 1.48, 1.08, 0.76, 0, 0.85, 1.21, 1.5, 2.06, 2.6, 2.86, 4.11, 5.375, 5.605, 5.424, 5.491, 4.694, 4.13, 5.5, 6.528, 6.171, 5.97, 6.175, 5.4, 4.69, 4.36, 4.31, 3.87, 3.82, 3.73, 3.46, 3.35, 3.55, 3.36, 2.93, 2.74, 2.63, 2.46, 3.03, 3.23, 3.2, 3.28, 3.52, 3.14, 3.07, 3.3, 3.03, 2.87, 3.7, 5.13, 5.24, 5.23, 5.39, 5.79, 5.627, 5.891, 6.79, 6.763, 6.456, 6.396, 6.33], [12.512, 13.073, 13.574, 12.582, 12.105, 12.777, 13.089, 12.59, 9.741, 7.815, 7.865, 7.305, 7.018, 7.029, 6.319, 5.523, 5.386, 5.015, 4.581, 4.488, 3.835, 3.1, 3.3, 2.73, 1.66, 1.83, 1.85, 1.41, 1.23, 0.85, 0, 0.72, 1.11, 1.69, 2.41, 2.63, 3.823, 5.03, 5.204, 4.965, 5.109, 4.43, 3.78, 5.05, 6.152, 5.86, 5.64, 5.942, 5.13, 4.42, 4.11, 4.04, 3.58, 3.57, 3.48, 3.25, 3.34, 3.42, 3.35, 2.86, 2.79, 2.68, 2.49, 3.06, 3.24, 3.21, 3.35, 3.61, 3.23, 3.24, 3.45, 3.26, 3.3, 4.05, 5.48, 5.69, 5.58, 5.68, 6.168, 6.097, 6.367, 7.149, 7.233, 6.926, 6.903, 6.86], [12.797, 13.355, 13.871, 12.882, 12.405, 13.039, 13.407, 12.887, 10.047, 8.061, 8.179, 7.594, 7.395, 7.375, 6.582, 5.823, 5.74, 5.346, 4.795, 4.705, 4.16, 3.4, 3.54, 3.01, 2.06, 2.27, 2.27, 1.83, 1.53, 1.21, 0.72, 0, 0.95, 1.75, 2.23, 2.39, 3.586, 4.797, 4.91, 4.7, 4.848, 4.167, 3.52, 4.77, 5.94, 5.58, 5.369, 5.642, 4.83, 4.1, 3.77, 3.68, 3.2, 3.17, 3.18, 3.07, 3.36, 3.5, 3.41, 3.0, 2.91, 2.82, 2.51, 3.08, 3.22, 3.15, 3.31, 3.57, 3.13, 3.06, 3.47, 3.42, 3.66, 4.41, 5.74, 5.93, 5.96, 6.04, 6.605, 6.47, 6.801, 7.6, 7.601, 7.08, 7.077, 7.057], [12.918, 13.531, 14.06, 13.083, 12.6, 13.257, 13.601, 13.102, 10.273, 8.349, 8.383, 7.858, 7.545, 7.529, 6.786, 6.03, 5.93, 5.505, 5.168, 5.06, 4.31, 3.69, 3.81, 3.24, 2.19, 2.32, 2.34, 1.9, 1.84, 1.5, 1.11, 0.95, 0, 1.34, 2.04, 2.2, 3.31, 4.56, 4.752, 4.5, 4.53, 3.895, 3.33, 4.66, 5.698, 5.29, 5.102, 5.404, 4.5, 3.83, 3.52, 3.43, 2.99, 3.0, 2.95, 2.88, 3.75, 3.75, 3.84, 3.33, 3.28, 3.11, 2.86, 3.29, 3.33, 3.3, 3.44, 3.88, 3.2, 3.05, 3.58, 3.63, 3.91, 4.74, 6.03, 6.28, 6.15, 6.23, 6.821, 6.784, 7.02, 7.732, 7.88, 7.59, 7.57, 7.547], [13.987, 14.599, 15.106, 14.112, 13.632, 14.309, 14.639, 14.131, 11.262, 9.345, 9.397, 8.823, 8.485, 8.471, 7.821, 7.107, 6.944, 6.507, 6.011, 6.015, 5.344, 4.673, 4.896, 4.3, 3.07, 3.24, 3.28, 2.7, 2.44, 2.06, 1.69, 1.75, 1.34, 0, 1.02, 1.1, 2.33, 3.68, 3.91, 3.71, 3.76, 2.9, 2.39, 3.76, 4.728, 4.45, 4.21, 4.438, 3.54, 2.99, 2.7, 2.67, 2.27, 2.36, 2.67, 3.52, 4.49, 4.45, 4.62, 4.25, 4.08, 3.77, 3.5, 3.85, 3.83, 3.82, 3.96, 4.46, 3.76, 3.53, 4.06, 4.21, 4.33, 5.36, 6.93, 7.04, 6.99, 7.134, 7.493, 7.331, 7.632, 8.453, 8.526, 8.096, 8.063, 8.037], [14.63, 15.239, 15.769, 14.757, 14.28, 14.962, 15.299, 14.809, 11.911, 9.948, 10.072, 9.434, 9.108, 9.151, 8.441, 7.747, 7.616, 7.125, 6.604, 6.537, 5.984, 5.339, 5.516, 4.934, 3.71, 3.84, 3.88, 3.28, 2.9, 2.6, 2.41, 2.23, 2.04, 1.02, 0, 0.88, 1.91, 3.4, 3.73, 3.61, 3.64, 2.58, 2.13, 3.44, 4.431, 4.11, 3.75, 3.9, 3.08, 2.53, 2.34, 2.35, 1.95, 2.22, 2.77, 3.68, 4.79, 4.63, 5.08, 4.81, 4.58, 4.13, 3.9, 3.91, 3.89, 3.88, 4.02, 4.56, 3.8, 3.59, 4.08, 4.33, 4.73, 5.98, 7.524, 7.677, 7.644, 7.699, 8.078, 7.885, 8.148, 9.037, 9.042, 8.193, 8.16, 8.257], [14.91, 15.522, 16.08, 15.066, 14.589, 15.248, 15.61, 15.108, 12.228, 10.256, 10.38, 9.751, 9.425, 9.451, 8.681, 8.019, 7.916, 7.445, 6.904, 6.875, 6.284, 5.659, 5.816, 5.214, 4.01, 4.12, 4.12, 3.58, 3.115, 2.86, 2.63, 2.39, 2.2, 1.1, 0.88, 0, 1.47, 2.98, 3.25, 3.21, 3.24, 2.12, 1.81, 3.08, 4.017, 3.73, 3.41, 3.527, 2.74, 2.33, 2.12, 2.23, 1.93, 2.38, 2.95, 3.86, 4.99, 4.85, 5.16, 5.01, 4.74, 4.29, 4.04, 4.17, 4.25, 4.16, 4.26, 4.82, 4.02, 3.83, 4.36, 4.65, 5.07, 6.28, 7.79, 7.94, 7.95, 8.016, 8.409, 8.142, 8.474, 9.345, 9.349, 8.536, 8.48, 8.537], [16.183, 16.789, 17.318, 16.324, 15.844, 16.534, 16.854, 16.364, 13.481, 11.512, 11.63, 11.01, 10.707, 10.647, 9.914, 9.255, 9.132, 8.647, 8.103, 8.027, 7.523, 6.903, 7.066, 6.442, 5.24, 5.31, 5.37, 4.83, 4.39, 4.11, 3.823, 3.586, 3.31, 2.33, 1.91, 1.47, 0, 1.61, 1.96, 2.14, 2.05, 1.23, 1.3, 2.19, 2.88, 2.7, 2.2, 2.33, 1.65, 1.7, 1.65, 1.84, 1.84, 2.55, 3.0, 4.37, 5.56, 5.26, 5.85, 5.937, 5.65, 5.18, 4.93, 5.06, 5.12, 4.97, 5.05, 5.45, 4.65, 4.36, 5.01, 5.56, 6.34, 7.55, 9.014, 9.19, 9.2, 9.232, 9.631, 9.408, 9.674, 10.632, 10.632, 9.791, 9.72, 9.824], [17.384, 18.005, 18.475, 17.509, 16.949, 17.604, 17.931, 17.446, 14.657, 12.74, 12.798, 12.169, 11.829, 11.88, 11.181, 10.411, 10.311, 9.822, 9.32, 9.24, 8.688, 8.013, 8.19, 7.586, 6.362, 6.42, 6.62, 6.113, 5.65, 5.375, 5.03, 4.797, 4.56, 3.68, 3.4, 2.98, 1.61, 0, 0.69, 1.01, 0.94, 1.32, 1.67, 1.44, 1.71, 1.63, 1.17, 1.56, 1.54, 2.35, 2.42, 2.59, 2.97, 3.66, 4.09, 5.8, 6.83, 6.59, 7.02, 7.11, 6.98, 6.67, 6.36, 6.61, 6.69, 6.54, 6.64, 7.02, 6.24, 5.93, 6.52, 7.11, 7.81, 8.94, 10.33, 10.5, 10.45, 10.608, 10.95, 10.758, 11.041, 11.991, 12.04, 11.32, 11.27, 11.334], [17.436, 17.992, 18.431, 17.507, 16.901, 17.566, 17.878, 17.411, 14.697, 12.783, 12.809, 12.214, 12.022, 11.962, 11.278, 10.424, 10.327, 9.979, 9.425, 9.258, 8.893, 7.998, 8.167, 7.579, 6.48, 6.59, 6.808, 6.308, 5.885, 5.605, 5.204, 4.91, 4.752, 3.91, 3.73, 3.25, 1.96, 0.69, 0, 0.78, 0.91, 1.51, 1.96, 1.29, 1.74, 1.64, 1.2, 1.57, 1.65, 2.62, 2.67, 2.88, 3.2, 3.91, 4.44, 5.957, 7.196, 6.919, 7.1, 7.284, 7.226, 6.88, 6.61, 6.88, 6.94, 6.79, 6.87, 7.33, 6.55, 6.24, 6.79, 7.36, 8.06, 9.13, 10.493, 10.628, 10.66, 10.74, 11.149, 10.991, 11.276, 12.207, 12.259, 11.593, 11.547, 11.607], [17.011, 17.563, 17.98, 17.081, 16.525, 17.151, 17.45, 17.009, 14.242, 12.37, 12.392, 11.812, 11.7, 11.657, 10.958, 10.034, 10.002, 9.626, 9.169, 9.092, 8.541, 7.638, 7.68, 7.13, 6.16, 6.29, 6.525, 6.052, 5.687, 5.424, 4.965, 4.7, 4.5, 3.71, 3.61, 3.21, 2.14, 1.01, 0.78, 0, 0.81, 1.67, 1.88, 1.47, 1.96, 1.98, 1.48, 1.87, 1.97, 2.78, 2.81, 3.02, 3.3, 4.07, 4.62, 6.11, 7.28, 7.04, 7.17, 7.08, 7.05, 6.9, 6.61, 6.86, 6.84, 6.81, 6.97, 7.51, 6.73, 6.42, 6.89, 7.34, 7.96, 8.95, 10.281, 10.365, 10.444, 10.544, 11.006, 10.87, 11.195, 12.026, 12.115, 11.637, 11.657, 11.637], [17.22, 17.839, 18.278, 17.362, 16.774, 17.394, 17.731, 17.299, 14.534, 12.668, 12.668, 12.099, 11.721, 11.719, 10.997, 10.255, 10.17, 9.736, 9.276, 9.258, 8.597, 7.87, 7.984, 7.34, 6.21, 6.298, 6.495, 6.017, 5.769, 5.491, 5.109, 4.848, 4.53, 3.76, 3.64, 3.24, 2.05, 0.94, 0.91, 0.81, 0, 1.42, 1.93, 1.6, 1.79, 1.91, 1.43, 1.66, 1.86, 2.75, 2.76, 2.97, 3.23, 3.94, 4.59, 6.16, 7.31, 7.09, 7.3, 7.17, 7.04, 6.79, 6.56, 6.848, 6.85, 6.74, 6.88, 7.4, 6.62, 6.31, 6.8, 7.33, 7.99, 8.96, 10.251, 10.333, 10.497, 10.637, 10.982, 10.898, 11.219, 12.016, 12.119, 11.621, 11.567, 11.604], [16.776, 17.388, 17.914, 16.94, 16.457, 17.108, 17.459, 16.954, 14.091, 12.107, 12.214, 11.634, 11.322, 11.3, 10.569, 9.81, 9.724, 9.256, 8.713, 8.632, 8.056, 7.461, 7.624, 7.0, 5.81, 5.9, 5.9, 5.383, 4.91, 4.694, 4.43, 4.167, 3.895, 2.9, 2.58, 2.12, 1.23, 1.32, 1.51, 1.67, 1.42, 0, 1.17, 1.7, 2.29, 2.11, 1.67, 1.76, 1.22, 1.67, 1.6, 1.71, 2.05, 2.72, 3.41, 5.1, 6.21, 5.99, 6.46, 6.559, 6.238, 5.83, 5.54, 5.73, 5.81, 5.66, 5.72, 6.1, 5.32, 5.03, 5.66, 6.25, 6.91, 8.178, 9.682, 9.814, 9.862, 9.966, 10.28, 10.056, 10.339, 11.3, 11.262, 10.417, 10.34, 10.431], [16.214, 16.792, 17.219, 16.256, 15.7, 16.382, 16.698, 16.204, 13.421, 11.386, 11.462, 10.839, 10.607, 10.695, 10.01, 9.26, 9.106, 8.66, 8.12, 8.05, 7.5, 6.78, 6.98, 6.45, 5.3, 5.35, 5.47, 4.89, 4.35, 4.13, 3.78, 3.52, 3.33, 2.39, 2.13, 1.81, 1.3, 1.67, 1.96, 1.88, 1.93, 1.17, 0, 1.73, 2.685, 2.6, 2.18, 2.43, 1.65, 1.78, 1.57, 1.68, 1.88, 2.59, 3.18, 4.65, 5.62, 5.46, 5.91, 5.86, 5.67, 5.38, 5.07, 5.3, 5.34, 5.23, 5.39, 5.91, 5.13, 4.82, 5.35, 5.8, 6.5, 7.63, 9.117, 9.284, 9.22, 9.28, 9.71, 9.428, 9.723, 10.669, 10.714, 9.99, 9.99, 9.99], [17.47, 18.014, 18.421, 17.458, 16.856, 17.538, 17.851, 17.341, 14.66, 12.598, 12.65, 12.067, 11.917, 11.989, 11.315, 10.496, 10.353, 9.976, 9.413, 9.28, 8.87, 8.01, 8.19, 7.68, 6.53, 6.64, 6.84, 6.3, 5.68, 5.5, 5.05, 4.77, 4.66, 3.76, 3.44, 3.08, 2.19, 1.44, 1.29, 1.47, 1.6, 1.7, 1.73, 0, 1.71, 1.43, 1.15, 1.36, 1.66, 2.69, 2.7, 2.89, 3.13, 3.72, 4.45, 5.72, 6.87, 6.73, 7.1, 7.23, 7.06, 6.85, 6.46, 6.57, 6.61, 6.5, 6.72, 7.22, 6.42, 6.11, 6.66, 7.09, 7.81, 9.0, 10.43, 10.58, 10.51, 10.548, 11.018, 10.823, 11.053, 12.023, 12.096, 11.26, 11.254, 11.269], [18.56, 19.159, 19.591, 18.651, 18.143, 18.808, 19.121, 18.633, 15.808, 13.827, 13.891, 13.32, 13.043, 13.096, 12.355, 11.621, 11.484, 11.062, 10.56, 10.521, 9.85, 9.161, 9.357, 8.764, 7.563, 7.65, 7.762, 7.251, 6.821, 6.528, 6.152, 5.94, 5.698, 4.728, 4.431, 4.017, 2.88, 1.71, 1.74, 1.96, 1.79, 2.29, 2.685, 1.71, 0, 1.22, 1.4, 1.37, 2.37, 3.5, 3.51, 3.78, 4.08, 4.83, 5.36, 7.1, 8.139, 7.868, 8.363, 8.252, 8.04, 7.702, 7.46, 7.701, 7.718, 7.583, 7.73, 8.19, 7.37, 7.08, 7.61, 8.16, 8.918, 9.98, 11.455, 11.636, 11.603, 11.653, 12.152, 11.857, 12.23, 13.072, 13.126, 12.461, 12.43, 12.464], [18.069, 18.678, 19.165, 18.194, 17.702, 18.381, 18.712, 18.193, 15.359, 13.379, 13.483, 12.919, 12.679, 12.65, 11.934, 11.186, 11.049, 10.584, 10.049, 9.97, 9.498, 8.766, 8.969, 8.41, 7.24, 7.41, 7.49, 6.911, 6.368, 6.171, 5.86, 5.58, 5.29, 4.45, 4.11, 3.73, 2.7, 1.63, 1.64, 1.98, 1.91, 2.11, 2.6, 1.43, 1.22, 0, 1.16, 1.45, 2.17, 3.32, 3.27, 3.46, 3.8, 4.39, 5.079, 6.478, 7.648, 7.511, 7.858, 7.935, 7.718, 7.465, 7.138, 7.3, 7.34, 7.17, 7.33, 7.83, 7.01, 6.72, 7.33, 7.78, 8.4, 9.61, 10.984, 11.171, 11.144, 11.23, 11.712, 11.498, 11.778, 12.731, 12.723, 11.939, 11.873, 11.933], [17.889, 18.49, 18.999, 18.028, 17.539, 18.207, 18.54, 18.044, 15.176, 13.239, 13.354, 12.708, 12.445, 12.442, 11.757, 11.029, 10.875, 10.418, 9.858, 9.81, 9.315, 8.617, 8.797, 8.19, 7.0, 7.17, 7.27, 6.71, 6.185, 5.97, 5.64, 5.369, 5.102, 4.21, 3.75, 3.41, 2.2, 1.17, 1.2, 1.48, 1.43, 1.67, 2.18, 1.15, 1.4, 1.16, 0, 0.87, 1.43, 2.519, 2.63, 2.82, 3.159, 3.79, 4.36, 5.989, 7.236, 6.9, 7.59, 7.749, 7.525, 7.179, 6.826, 6.94, 6.96, 6.81, 6.93, 7.27, 6.47, 6.16, 6.73, 7.38, 8.18, 9.41, 10.832, 10.965, 10.938, 10.958, 11.551, 11.276, 11.563, 12.522, 12.515, 11.591, 11.575, 11.645], [18.245, 18.86, 19.338, 18.375, 17.858, 18.549, 18.891, 18.383, 15.54, 13.537, 13.646, 13.038, 12.766, 12.772, 12.019, 11.345, 11.231, 10.743, 10.211, 10.13, 9.64, 8.936, 9.113, 8.541, 7.33, 7.42, 7.472, 6.932, 6.401, 6.175, 5.942, 5.642, 5.404, 4.438, 3.9, 3.527, 2.33, 1.56, 1.57, 1.87, 1.66, 1.76, 2.43, 1.36, 1.37, 1.45, 0.87, 0, 1.52, 2.569, 2.659, 2.87, 3.429, 3.819, 4.426, 6.321, 7.209, 6.918, 7.889, 7.971, 7.655, 7.331, 7.018, 7.098, 7.13, 7.0, 7.04, 7.26, 6.3, 5.97, 6.9, 7.55, 8.39, 9.638, 11.116, 11.266, 11.25, 11.324, 11.773, 11.483, 11.794, 12.731, 12.683, 11.763, 11.701, 11.853], [17.339, 17.945, 18.491, 17.5, 17.02, 17.685, 18.033, 17.528, 14.654, 12.67, 12.791, 12.208, 11.933, 11.888, 11.157, 10.404, 10.282, 9.804, 9.242, 9.194, 8.69, 8.09, 8.27, 7.68, 6.55, 6.66, 6.68, 6.12, 5.6, 5.4, 5.13, 4.83, 4.5, 3.54, 3.08, 2.74, 1.65, 1.54, 1.65, 1.97, 1.86, 1.22, 1.65, 1.66, 2.37, 2.17, 1.43, 1.52, 0, 1.45, 1.62, 1.77, 2.27, 2.84, 3.33, 5.338, 6.41, 6.01, 6.986, 7.116, 6.783, 6.245, 5.983, 6.01, 6.03, 5.92, 5.98, 6.2, 5.36, 5.03, 5.74, 6.57, 7.47, 8.68, 10.199, 10.352, 10.37, 10.416, 10.775, 10.513, 10.807, 11.737, 11.724, 10.617, 10.585, 10.739], [16.311, 16.923, 17.453, 16.444, 15.987, 16.664, 16.991, 16.501, 13.592, 11.698, 11.811, 11.295, 11.0, 10.957, 10.267, 9.54, 9.36, 8.9, 8.36, 8.35, 7.82, 7.24, 7.44, 6.99, 5.86, 5.97, 6.03, 5.49, 4.95, 4.69, 4.42, 4.1, 3.83, 2.99, 2.53, 2.33, 1.7, 2.35, 2.62, 2.78, 2.75, 1.67, 1.78, 2.69, 3.5, 3.32, 2.519, 2.569, 1.45, 0, 0.53, 0.82, 1.3, 1.77, 2.18, 4.29, 5.2, 4.82, 5.936, 6.074, 5.75, 5.28, 5.01, 5.12, 5.16, 5.05, 5.09, 5.29, 4.51, 4.3, 5.17, 5.94, 6.82, 7.95, 9.32, 9.43, 9.34, 9.42, 9.77, 9.53, 9.87, 10.768, 10.768, 9.75, 9.69, 9.85], [16.007, 16.616, 17.154, 16.14, 15.663, 16.342, 16.684, 16.197, 13.288, 11.351, 11.475, 10.988, 10.702, 10.67, 9.96, 9.25, 9.09, 8.607, 8.07, 8.06, 7.53, 6.93, 7.11, 6.68, 5.55, 5.7, 5.7, 5.18, 4.64, 4.36, 4.11, 3.77, 3.52, 2.7, 2.34, 2.12, 1.65, 2.42, 2.67, 2.81, 2.76, 1.6, 1.57, 2.7, 3.51, 3.27, 2.63, 2.659, 1.62, 0.53, 0, 0.57, 1.01, 1.6, 2.05, 4.04, 4.91, 4.67, 5.66, 5.764, 5.42, 5.01, 4.72, 4.91, 4.95, 4.82, 4.88, 5.08, 4.34, 4.13, 4.96, 5.69, 6.51, 7.62, 8.99, 9.12, 9.05, 9.11, 9.52, 9.264, 9.6, 10.487, 10.481, 9.5, 9.52, 9.6], [15.848, 16.46, 17.024, 16.021, 15.544, 16.206, 16.568, 16.064, 13.169, 11.258, 11.379, 10.835, 10.54, 10.497, 9.77, 9.06, 8.92, 8.42, 7.88, 7.87, 7.34, 6.8, 6.98, 6.55, 5.5, 5.63, 5.55, 5.05, 4.57, 4.31, 4.04, 3.68, 3.43, 2.67, 2.35, 2.23, 1.84, 2.59, 2.88, 3.02, 2.97, 1.71, 1.68, 2.89, 3.78, 3.46, 2.82, 2.87, 1.77, 0.82, 0.57, 0, 0.78, 1.29, 1.84, 3.89, 4.8, 4.48, 5.516, 5.654, 5.31, 4.84, 4.55, 4.72, 4.76, 4.65, 4.67, 4.87, 4.25, 4.02, 4.83, 5.6, 6.36, 7.49, 8.84, 8.95, 8.9, 8.96, 9.33, 9.11, 9.41, 10.314, 10.328, 9.25, 9.29, 9.35], [15.168, 15.777, 16.344, 15.338, 14.864, 15.526, 15.882, 15.384, 12.489, 10.578, 10.719, 10.155, 9.86, 9.797, 9.07, 8.36, 8.22, 7.72, 7.18, 7.17, 6.66, 6.18, 6.4, 6.01, 5.02, 5.17, 5.07, 4.53, 4.17, 3.87, 3.58, 3.2, 2.99, 2.27, 1.95, 1.93, 1.84, 2.97, 3.2, 3.3, 3.23, 2.05, 1.88, 3.13, 4.08, 3.8, 3.159, 3.429, 2.27, 1.3, 1.01, 0.78, 0, 1.01, 1.54, 3.25, 4.46, 4.12, 4.89, 4.974, 4.63, 4.22, 3.95, 4.08, 4.1, 3.99, 4.09, 4.47, 4.09, 3.88, 4.37, 5.06, 5.86, 6.93, 8.16, 8.25, 8.22, 8.26, 8.63, 8.47, 8.75, 9.648, 9.648, 8.61, 8.63, 8.69], [14.863, 15.459, 16.048, 15.031, 14.56, 15.221, 15.578, 15.085, 12.176, 10.288, 10.429, 9.805, 9.483, 9.447, 8.697, 8.05, 7.91, 7.41, 6.83, 6.8, 6.31, 5.89, 6.15, 5.74, 4.91, 5.06, 4.98, 4.46, 4.18, 3.82, 3.57, 3.17, 3.0, 2.36, 2.22, 2.38, 2.55, 3.66, 3.91, 4.07, 3.94, 2.72, 2.59, 3.72, 4.83, 4.39, 3.79, 3.819, 2.84, 1.77, 1.6, 1.29, 1.01, 0, 1.01, 2.86, 3.85, 3.59, 4.56, 4.69, 4.36, 4.03, 3.66, 3.75, 3.81, 3.68, 3.68, 4.08, 3.62, 3.39, 4.14, 4.75, 5.55, 6.6, 7.85, 7.88, 7.93, 7.97, 8.34, 8.16, 8.42, 9.338, 9.318, 8.24, 8.22, 8.321], [14.28, 14.869, 15.461, 14.447, 13.973, 14.652, 15.008, 14.51, 11.594, 9.721, 9.882, 9.338, 9.06, 9.003, 8.25, 7.58, 7.44, 6.94, 6.36, 6.35, 5.86, 5.48, 5.8, 5.43, 4.7, 4.91, 4.89, 4.39, 4.13, 3.73, 3.48, 3.18, 2.95, 2.67, 2.77, 2.95, 3.0, 4.09, 4.44, 4.62, 4.59, 3.41, 3.18, 4.45, 5.36, 5.079, 4.36, 4.426, 3.33, 2.18, 2.05, 1.84, 1.54, 1.01, 0, 2.25, 3.18, 2.86, 3.95, 4.08, 3.77, 3.54, 3.27, 3.42, 3.46, 3.33, 3.33, 3.65, 3.19, 3.06, 3.87, 4.5, 5.32, 6.27, 7.4, 7.47, 7.4, 7.42, 7.91, 7.69, 7.97, 8.871, 8.891, 7.87, 7.83, 7.93], [12.15, 12.731, 13.265, 12.286, 11.855, 12.542, 12.833, 12.323, 9.596, 7.817, 7.93, 7.44, 7.25, 7.07, 6.34, 5.49, 5.37, 5.01, 4.65, 4.48, 4.47, 4.39, 4.75, 4.52, 3.99, 4.28, 4.42, 4.16, 3.88, 3.46, 3.25, 3.07, 2.88, 3.52, 3.68, 3.86, 4.37, 5.8, 5.957, 6.11, 6.16, 5.1, 4.65, 5.72, 7.1, 6.478, 5.989, 6.321, 5.338, 4.29, 4.04, 3.89, 3.25, 2.86, 2.25, 0, 1.51, 1.31, 1.82, 2.05, 1.94, 1.95, 1.88, 2.09, 2.09, 2.04, 2.1, 2.54, 2.4, 2.41, 2.96, 3.41, 4.13, 4.98, 5.91, 5.92, 5.83, 5.69, 6.24, 6.16, 6.38, 7.14, 7.1, 6.14, 6.06, 6.16], [11.571, 12.149, 12.625, 11.681, 11.177, 11.841, 12.135, 11.613, 8.98, 7.27, 7.3, 6.81, 6.58, 6.56, 5.85, 5.12, 4.86, 4.54, 4.28, 4.25, 4.14, 4.16, 4.6, 4.45, 3.86, 4.07, 4.31, 4.05, 3.69, 3.35, 3.34, 3.36, 3.75, 4.49, 4.79, 4.99, 5.56, 6.83, 7.196, 7.28, 7.31, 6.21, 5.62, 6.87, 8.139, 7.648, 7.236, 7.209, 6.41, 5.2, 4.91, 4.8, 4.46, 3.85, 3.18, 1.51, 0, 0.8, 1.37, 1.4, 1.41, 1.72, 1.69, 2.14, 2.42, 2.25, 2.21, 2.19, 2.23, 2.42, 3.07, 3.24, 3.82, 4.69, 5.5, 5.53, 5.34, 5.32, 5.69, 5.61, 5.85, 6.57, 6.65, 5.71, 5.65, 5.69], [11.837, 12.449, 12.913, 11.976, 11.514, 12.167, 12.486, 11.95, 9.266, 7.53, 7.58, 7.09, 6.9, 6.78, 6.11, 5.32, 5.12, 4.8, 4.52, 4.43, 4.4, 4.38, 4.82, 4.65, 4.04, 4.27, 4.49, 4.21, 3.95, 3.55, 3.42, 3.5, 3.75, 4.45, 4.63, 4.85, 5.26, 6.59, 6.919, 7.04, 7.09, 5.99, 5.46, 6.73, 7.868, 7.511, 6.9, 6.918, 6.01, 4.82, 4.67, 4.48, 4.12, 3.59, 2.86, 1.31, 0.8, 0, 1.51, 1.68, 1.53, 1.78, 1.83, 1.98, 2.3, 2.19, 2.21, 2.25, 2.15, 2.36, 2.85, 3.32, 4.0, 4.87, 5.74, 5.75, 5.58, 5.56, 5.95, 5.83, 6.09, 6.83, 6.93, 5.89, 5.81, 5.91], [10.593, 11.137, 11.618, 10.64, 10.181, 10.861, 11.157, 10.617, 8.07, 6.3, 6.33, 5.88, 5.77, 5.65, 4.98, 4.15, 3.97, 3.69, 3.37, 3.26, 3.29, 3.27, 3.69, 3.6, 3.27, 3.52, 3.84, 3.8, 3.62, 3.36, 3.35, 3.41, 3.84, 4.62, 5.08, 5.16, 5.85, 7.02, 7.1, 7.17, 7.3, 6.46, 5.91, 7.1, 8.363, 7.858, 7.59, 7.889, 6.986, 5.936, 5.66, 5.516, 4.89, 4.56, 3.95, 1.82, 1.37, 1.51, 0, 1.01, 1.08, 1.49, 1.58, 1.83, 2.15, 2.1, 1.96, 2.14, 2.66, 2.824, 2.66, 2.63, 3.17, 3.88, 4.69, 4.7, 4.57, 4.59, 4.96, 4.84, 5.16, 5.84, 5.92, 5.32, 5.08, 5.14], [10.377, 10.993, 11.464, 10.501, 10.017, 10.69, 10.992, 10.513, 7.869, 6.07, 6.12, 5.63, 5.48, 5.34, 4.61, 3.96, 3.76, 3.44, 3.34, 3.25, 3.12, 3.22, 3.7, 3.59, 3.08, 3.29, 3.57, 3.37, 3.33, 2.93, 2.86, 3.0, 3.33, 4.25, 4.81, 5.01, 5.937, 7.11, 7.284, 7.08, 7.17, 6.559, 5.86, 7.23, 8.252, 7.935, 7.749, 7.971, 7.116, 6.074, 5.764, 5.654, 4.974, 4.69, 4.08, 2.05, 1.4, 1.68, 1.01, 0, 0.67, 1.28, 1.43, 1.84, 2.08, 2.17, 2.07, 2.35, 2.747, 3.117, 3.17, 2.84, 3.12, 3.69, 4.4, 4.45, 4.28, 4.38, 4.71, 4.71, 5.03, 5.55, 5.65, 5.25, 5.11, 5.05], [10.653, 11.265, 11.774, 10.811, 10.323, 11.02, 11.342, 10.843, 8.079, 6.28, 6.39, 5.88, 5.63, 5.53, 4.8, 4.11, 3.93, 3.53, 3.31, 3.26, 3.01, 3.15, 3.57, 3.44, 2.93, 3.14, 3.34, 3.22, 3.08, 2.74, 2.79, 2.91, 3.28, 4.08, 4.58, 4.74, 5.65, 6.98, 7.226, 7.05, 7.04, 6.238, 5.67, 7.06, 8.04, 7.718, 7.525, 7.655, 6.783, 5.75, 5.42, 5.31, 4.63, 4.36, 3.77, 1.94, 1.41, 1.53, 1.08, 0.67, 0, 0.89, 1.12, 1.63, 1.85, 1.84, 1.86, 2.08, 2.5, 2.77, 2.76, 2.51, 2.83, 3.44, 4.33, 4.32, 4.25, 4.33, 4.58, 4.58, 4.9, 5.5, 5.56, 5.1, 4.94, 4.94], [11.202, 11.814, 12.367, 11.378, 10.924, 11.588, 11.905, 11.444, 8.546, 6.758, 6.848, 6.398, 6.1, 5.92, 5.244, 4.58, 4.4, 3.94, 3.64, 3.55, 3.3, 3.24, 3.6, 3.43, 2.9, 3.11, 3.27, 3.05, 3.03, 2.63, 2.68, 2.82, 3.11, 3.77, 4.13, 4.29, 5.18, 6.67, 6.88, 6.9, 6.79, 5.83, 5.38, 6.85, 7.702, 7.465, 7.179, 7.331, 6.245, 5.28, 5.01, 4.84, 4.22, 4.03, 3.54, 1.95, 1.72, 1.78, 1.49, 1.28, 0.89, 0, 0.65, 1.28, 1.54, 1.47, 1.57, 1.57, 2.07, 2.4, 2.27, 2.24, 2.68, 3.45, 4.38, 4.45, 4.46, 4.5, 4.87, 4.65, 4.99, 5.79, 5.79, 5.09, 5.01, 5.03], [11.427, 12.01, 12.603, 11.597, 11.128, 11.782, 12.13, 11.657, 8.736, 6.871, 6.952, 6.519, 6.206, 6.15, 5.36, 4.69, 4.55, 4.09, 3.67, 3.54, 3.31, 3.25, 3.61, 3.4, 2.83, 3.06, 3.12, 2.94, 2.82, 2.46, 2.49, 2.51, 2.86, 3.5, 3.9, 4.04, 4.93, 6.36, 6.61, 6.61, 6.56, 5.54, 5.07, 6.46, 7.46, 7.138, 6.826, 7.018, 5.983, 5.01, 4.72, 4.55, 3.95, 3.66, 3.27, 1.88, 1.69, 1.83, 1.58, 1.43, 1.12, 0.65, 0, 1.05, 1.35, 1.32, 1.38, 1.5, 1.88, 2.19, 2.1, 2.03, 2.51, 3.32, 4.43, 4.52, 4.53, 4.61, 5.0, 4.8, 5.12, 6.027, 5.98, 5.24, 5.14, 5.14], [11.642, 12.243, 12.829, 11.846, 11.375, 12.002, 12.374, 11.91, 8.979, 7.112, 7.216, 6.729, 6.416, 6.291, 5.522, 4.9, 4.78, 4.36, 3.9, 3.73, 3.6, 3.58, 3.96, 3.75, 3.36, 3.51, 3.61, 3.49, 3.39, 3.03, 3.06, 3.08, 3.29, 3.85, 3.91, 4.17, 5.06, 6.61, 6.88, 6.86, 6.848, 5.73, 5.3, 6.57, 7.701, 7.3, 6.94, 7.098, 6.01, 5.12, 4.91, 4.72, 4.08, 3.75, 3.42, 2.09, 2.14, 1.98, 1.83, 1.84, 1.63, 1.28, 1.05, 0, 0.7, 0.79, 0.89, 1.15, 1.41, 1.78, 1.69, 1.92, 2.58, 3.49, 4.52, 4.63, 4.76, 4.82, 5.109, 5.01, 5.212, 6.129, 6.091, 5.01, 4.99, 5.06], [11.833, 12.434, 13.018, 12.009, 11.535, 12.205, 12.556, 12.066, 9.171, 7.312, 7.456, 6.909, 6.596, 6.488, 5.722, 5.14, 4.96, 4.54, 4.12, 3.91, 3.7, 3.74, 4.12, 3.93, 3.58, 3.75, 3.85, 3.73, 3.57, 3.23, 3.24, 3.22, 3.33, 3.83, 3.89, 4.25, 5.12, 6.69, 6.94, 6.84, 6.85, 5.81, 5.34, 6.61, 7.718, 7.34, 6.96, 7.13, 6.03, 5.16, 4.95, 4.76, 4.1, 3.81, 3.46, 2.09, 2.42, 2.3, 2.15, 2.08, 1.85, 1.54, 1.35, 0.7, 0, 0.51, 0.75, 1.25, 1.63, 1.74, 1.73, 2.16, 2.8, 3.71, 4.7, 4.83, 4.94, 4.98, 5.289, 5.255, 5.472, 6.278, 6.227, 5.21, 5.24, 5.32], [11.946, 12.547, 13.131, 12.142, 11.671, 12.318, 12.669, 12.199, 9.284, 7.425, 7.569, 7.039, 6.726, 6.641, 5.872, 5.27, 5.09, 4.71, 4.27, 4.08, 3.81, 3.73, 4.09, 3.9, 3.55, 3.72, 3.82, 3.74, 3.54, 3.2, 3.21, 3.15, 3.3, 3.82, 3.88, 4.16, 4.97, 6.54, 6.79, 6.81, 6.74, 5.66, 5.23, 6.5, 7.583, 7.17, 6.81, 7.0, 5.92, 5.05, 4.82, 4.65, 3.99, 3.68, 3.33, 2.04, 2.25, 2.19, 2.1, 2.17, 1.84, 1.47, 1.32, 0.79, 0.51, 0, 0.58, 1.28, 1.48, 1.71, 1.7, 2.13, 2.83, 3.74, 4.83, 4.92, 5.055, 5.064, 5.419, 5.345, 5.582, 6.388, 6.357, 5.32, 5.26, 5.38], [11.889, 12.49, 13.074, 12.085, 11.611, 12.244, 12.612, 12.142, 9.264, 7.425, 7.549, 7.008, 6.686, 6.581, 5.812, 5.19, 5.03, 4.63, 4.19, 4.0, 3.79, 3.81, 4.17, 3.98, 3.55, 3.76, 3.82, 3.78, 3.6, 3.28, 3.35, 3.31, 3.44, 3.96, 4.02, 4.26, 5.05, 6.64, 6.87, 6.97, 6.88, 5.72, 5.39, 6.72, 7.73, 7.33, 6.93, 7.04, 5.98, 5.09, 4.88, 4.67, 4.09, 3.68, 3.33, 2.1, 2.21, 2.21, 1.96, 2.07, 1.86, 1.57, 1.38, 0.89, 0.75, 0.58, 0, 1.08, 1.34, 1.61, 1.76, 2.21, 2.83, 3.76, 4.87, 4.92, 5.03, 5.064, 5.399, 5.32, 5.6, 6.379, 6.317, 5.26, 5.16, 5.341], [11.555, 12.156, 12.74, 11.751, 11.277, 11.91, 12.278, 11.808, 8.93, 7.128, 7.252, 6.731, 6.449, 6.324, 5.594, 4.99, 4.93, 4.51, 4.01, 3.76, 3.73, 3.83, 4.17, 3.96, 3.61, 3.82, 3.92, 3.9, 3.74, 3.52, 3.61, 3.57, 3.88, 4.46, 4.56, 4.82, 5.45, 7.02, 7.33, 7.51, 7.4, 6.1, 5.91, 7.22, 8.19, 7.83, 7.27, 7.26, 6.2, 5.29, 5.08, 4.87, 4.47, 4.08, 3.65, 2.54, 2.19, 2.25, 2.14, 2.35, 2.08, 1.57, 1.5, 1.15, 1.25, 1.28, 1.08, 0, 1.18, 1.57, 1.58, 1.95, 2.55, 3.5, 4.57, 4.62, 4.724, 4.77, 5.102, 4.968, 5.225, 6.102, 6.04, 4.78, 4.78, 4.941], [12.524, 13.125, 13.708, 12.72, 12.246, 12.879, 13.247, 12.777, 9.873, 7.951, 8.078, 7.571, 7.298, 7.227, 6.472, 5.836, 5.75, 5.353, 4.89, 4.64, 4.43, 4.31, 4.59, 4.16, 3.61, 3.8, 3.98, 3.84, 3.54, 3.14, 3.23, 3.13, 3.2, 3.76, 3.8, 4.02, 4.65, 6.24, 6.55, 6.73, 6.62, 5.32, 5.13, 6.42, 7.37, 7.01, 6.47, 6.3, 5.36, 4.51, 4.34, 4.25, 4.09, 3.62, 3.19, 2.4, 2.23, 2.15, 2.66, 2.747, 2.5, 2.07, 1.88, 1.41, 1.63, 1.48, 1.34, 1.18, 0, 0.85, 1.66, 2.15, 2.89, 4.06, 5.367, 5.477, 5.587, 5.653, 6.025, 5.855, 6.109, 7.052, 6.984, 5.747, 5.763, 5.902], [12.834, 13.424, 13.998, 13.007, 12.516, 13.197, 13.537, 13.047, 10.172, 8.203, 8.331, 7.781, 7.506, 7.389, 6.646, 6.077, 5.931, 5.472, 4.912, 4.747, 4.409, 4.24, 4.5, 4.05, 3.46, 3.65, 3.83, 3.75, 3.45, 3.07, 3.24, 3.06, 3.05, 3.53, 3.59, 3.83, 4.36, 5.93, 6.24, 6.42, 6.31, 5.03, 4.82, 6.11, 7.08, 6.72, 6.16, 5.97, 5.03, 4.3, 4.13, 4.02, 3.88, 3.39, 3.06, 2.41, 2.42, 2.36, 2.824, 3.117, 2.77, 2.4, 2.19, 1.78, 1.74, 1.71, 1.61, 1.57, 0.85, 0, 1.25, 2.12, 3.02, 4.202, 5.617, 5.739, 5.877, 5.924, 6.369, 6.124, 6.395, 7.304, 7.296, 6.095, 6.042, 6.193], [11.961, 12.554, 13.128, 12.12, 11.646, 12.327, 12.667, 12.177, 9.299, 7.351, 7.477, 6.928, 6.638, 6.553, 5.787, 5.236, 5.05, 4.593, 4.082, 3.917, 3.579, 3.45, 3.73, 3.36, 3.19, 3.5, 3.64, 3.6, 3.4, 3.3, 3.45, 3.47, 3.58, 4.06, 4.08, 4.36, 5.01, 6.52, 6.79, 6.89, 6.8, 5.66, 5.35, 6.66, 7.61, 7.33, 6.73, 6.9, 5.74, 5.17, 4.96, 4.83, 4.37, 4.14, 3.87, 2.96, 3.07, 2.85, 2.66, 3.17, 2.76, 2.27, 2.1, 1.69, 1.73, 1.7, 1.76, 1.58, 1.66, 1.25, 0, 1.27, 2.19, 3.352, 4.756, 4.869, 5.004, 5.033, 5.457, 5.275, 5.483, 6.407, 6.402, 5.23, 5.206, 5.365], [10.923, 11.515, 12.084, 11.107, 10.624, 11.275, 11.623, 11.144, 8.266, 6.318, 6.505, 5.875, 5.588, 5.547, 4.