[[0, 1.25, 1.45, 1.26, 1.5, 1.79, 1.95, 2.25, 2.33, 1.9, 1.49, 1.56, 1.43, 1.45, 1.75, 2.03, 2.21, 2.24, 1.96, 2.1, 2.21, 2.44, 2.64, 2.69, 3.28, 2.89, 2.36, 2.16, 2.705, 2.82, 2.6, 2.31, 2.54, 2.98, 2.92, 3.19, 3.02, 2.82, 2.9, 2.29, 2.54, 2.68, 2.65, 2.98, 3.66, 4.06, 4.31, 3.98, 4.13, 4.24, 4.37, 4.886, 4.98, 4.702, 5.469, 6.808, 7.461, 6.752, 6.469, 6.396, 6.243, 6.456, 6.473, 5.618, 5.513, 7.696, 11.601, 14.404, 13.626, 12.552, 12.215, 12.965, 13.349, 12.305, 10.685, 11.441, 12.405, 12.302, 12.039, 12.105, 12.172, 11.292, 11.049, 10.243, 9.298, 9.191], [1.25, 0, 0.68, 1.63, 2.19, 2.52, 2.64, 2.98, 3.04, 2.49, 1.84, 1.77, 1.66, 1.4, 1.78, 2.08, 2.32, 2.31, 1.99, 2.13, 2.06, 2.07, 2.21, 2.36, 2.81, 2.56, 2.13, 2.486, 3.706, 3.767, 3.467, 3.133, 3.283, 3.39, 3.23, 4.031, 3.915, 3.752, 3.743, 3.02, 2.93, 2.93, 3.0, 3.53, 4.43, 4.75, 4.98, 4.69, 4.82, 5.01, 5.257, 5.819, 5.849, 5.615, 6.502, 7.837, 8.486, 7.776, 7.496, 7.419, 7.266, 7.48, 7.442, 6.572, 6.505, 8.729, 12.623, 15.403, 14.627, 13.555, 13.225, 13.976, 14.369, 13.331, 11.712, 12.473, 13.428, 13.316, 13.042, 13.122, 13.196, 12.325, 12.082, 11.296, 10.285, 10.131], [1.45, 0.68, 0, 1.41, 2.07, 2.34, 2.5, 2.88, 2.94, 2.41, 1.76, 1.71, 1.68, 1.5, 1.78, 1.94, 2.14, 2.25, 1.97, 2.11, 2.1, 2.03, 2.15, 2.38, 2.69, 2.48, 2.11, 2.463, 3.583, 3.644, 3.47, 3.071, 3.201, 3.35, 3.19, 3.908, 3.712, 3.589, 3.67, 2.9, 2.89, 2.85, 2.96, 3.39, 4.29, 4.71, 4.92, 4.65, 4.72, 4.99, 5.18, 5.716, 5.746, 5.472, 6.379, 7.714, 8.363, 7.653, 7.373, 7.296, 7.144, 7.357, 7.319, 6.449, 6.382, 8.605, 12.5, 15.28, 14.504, 13.432, 13.102, 13.853, 14.246, 13.208, 11.589, 12.35, 13.305, 13.193, 12.919, 12.999, 13.073, 12.202, 11.959, 11.193, 10.202, 10.029], [1.26, 1.63, 1.41, 0, 1.38, 1.55, 1.61, 2.03, 2.11, 1.58, 1.45, 1.72, 1.73, 1.63, 1.93, 1.97, 2.11, 2.32, 2.2, 2.38, 2.35, 2.56, 2.76, 2.89, 3.18, 2.87, 2.54, 2.36, 2.765, 2.934, 2.76, 2.53, 2.68, 3.4, 3.34, 3.09, 2.88, 2.8, 3.12, 2.61, 2.9, 2.96, 3.05, 3.0, 3.7, 4.24, 4.55, 4.2, 4.33, 4.36, 4.51, 5.026, 5.06, 4.74, 5.409, 6.744, 7.394, 6.683, 6.403, 6.33, 6.183, 6.387, 6.349, 5.498, 5.432, 7.636, 11.534, 14.327, 13.549, 12.477, 12.138, 12.893, 13.28, 12.242, 10.619, 11.38, 12.339, 12.23, 11.964, 12.036, 12.103, 11.232, 10.989, 10.183, 9.148, 8.978], [1.5, 2.19, 2.07, 1.38, 0, 0.79, 0.97, 1.25, 1.37, 0.88, 1.09, 1.42, 1.35, 1.53, 1.73, 1.51, 1.61, 1.84, 1.72, 1.86, 1.99, 2.2, 2.44, 2.89, 3.34, 2.83, 2.2, 1.7, 1.92, 2.22, 2.2, 2.19, 2.32, 3.38, 3.36, 2.79, 2.66, 2.54, 2.96, 2.57, 2.94, 3.06, 3.13, 3.04, 3.56, 4.08, 4.43, 4.14, 4.33, 4.3, 4.05, 4.33, 4.66, 4.14, 4.51, 5.814, 6.461, 5.732, 5.501, 5.491, 5.383, 5.476, 5.613, 4.91, 4.8, 6.697, 10.601, 13.386, 12.613, 11.532, 11.196, 11.945, 12.329, 11.294, 9.671, 10.447, 11.391, 11.282, 11.019, 11.085, 11.152, 10.307, 10.047, 9.27, 8.332, 8.142], [1.79, 2.52, 2.34, 1.55, 0.79, 0, 0.78, 1.08, 1.06, 0.91, 1.22, 1.35, 1.52, 1.78, 1.84, 1.56, 1.6, 1.85, 1.77, 1.83, 2.0, 2.23, 2.57, 3.08, 3.43, 2.88, 2.23, 1.67, 1.59, 1.93, 1.99, 2.16, 2.35, 3.45, 3.43, 2.68, 2.49, 2.43, 2.89, 2.58, 3.01, 3.09, 3.18, 2.99, 3.39, 4.09, 4.42, 4.13, 4.28, 4.17, 4.08, 4.26, 4.59, 4.01, 4.214, 5.438, 6.111, 5.462, 5.219, 5.23, 5.14, 5.31, 5.41, 4.76, 4.67, 6.362, 10.231, 13.036, 12.263, 11.182, 10.846, 11.595, 11.979, 10.935, 9.315, 10.077, 11.035, 10.932, 10.669, 10.735, 10.802, 9.957, 9.697, 9.003, 8.102, 7.852], [1.95, 2.64, 2.5, 1.61, 0.97, 0.78, 0, 0.64, 0.88, 0.69, 1.32, 1.65, 1.62, 1.86, 1.88, 1.66, 1.66, 1.69, 1.67, 1.81, 1.94, 2.27, 2.59, 3.02, 3.37, 2.82, 2.35, 1.91, 1.99, 2.35, 2.41, 2.54, 2.75, 3.85, 3.85, 3.04, 2.77, 2.81, 3.29, 2.94, 3.35, 3.55, 3.6, 3.35, 3.83, 4.47, 4.76, 4.49, 4.64, 4.51, 4.46, 4.64, 4.97, 4.39, 4.36, 5.535, 6.228, 5.66, 5.396, 5.41, 5.28, 5.47, 5.53, 4.98, 4.85, 6.423, 10.328, 13.132, 12.354, 11.279, 10.942, 11.692, 12.076, 11.032, 9.412, 10.168, 11.132, 11.029, 10.766, 10.832, 10.899, 10.019, 9.776, 9.08, 8.139, 7.929], [2.25, 2.98, 2.88, 2.03, 1.25, 1.08, 0.64, 0, 0.74, 0.83, 1.6, 2.05, 2.04, 2.22, 2.2, 2.08, 2.0, 1.89, 1.99, 1.93, 2.18, 2.49, 2.85, 3.16, 3.63, 3.12, 2.75, 2.23, 2.23, 2.61, 2.65, 2.88, 3.03, 4.13, 4.17, 3.28, 2.81, 3.01, 3.53, 3.2, 3.69, 3.83, 3.9, 3.65, 4.05, 4.67, 5.04, 4.75, 4.9, 4.81, 4.82, 4.92, 5.23, 4.65, 4.28, 5.318, 6.011, 5.38, 5.139, 5.17, 5.08, 5.25, 5.41, 4.84, 4.71, 6.282, 10.064, 12.858, 12.079, 11.007, 10.668, 11.423, 11.81, 10.772, 9.149, 9.911, 10.875, 10.76, 10.494, 10.566, 10.633, 9.762, 9.554, 8.923, 7.982, 7.712], [2.33, 3.04, 2.94, 2.11, 1.37, 1.06, 0.88, 0.74, 0, 0.93, 1.66, 2.11, 2.12, 2.3, 2.3, 2.16, 2.16, 1.99, 2.01, 2.01, 2.14, 2.41, 2.91, 3.28, 3.79, 3.22, 2.75, 2.35, 2.31, 2.73, 2.79, 3.0, 3.21, 4.29, 4.25, 3.36, 2.93, 3.15, 3.65, 3.34, 3.77, 3.89, 3.98, 3.75, 4.05, 4.81, 5.14, 4.89, 5.04, 4.95, 4.84, 4.96, 5.25, 4.69, 4.18, 5.241, 5.933, 5.38, 5.2, 5.23, 5.12, 5.25, 5.45, 4.84, 4.75, 6.224, 10.01, 12.804, 12.025, 10.953, 10.614, 11.369, 11.756, 10.717, 9.103, 9.877, 10.832, 10.706, 10.44, 10.512, 10.593, 9.725, 9.502, 8.866, 7.885, 7.615], [1.9, 2.49, 2.41, 1.58, 0.88, 0.91, 0.69, 0.83, 0.93, 0, 1.03, 1.44, 1.45, 1.69, 1.63, 1.53, 1.55, 1.56, 1.64, 1.7, 1.73, 2.02, 2.32, 2.81, 3.14, 2.63, 2.14, 1.76, 2.02, 2.38, 2.38, 2.43, 2.62, 3.68, 3.66, 3.01, 2.76, 2.72, 3.2, 2.79, 3.2, 3.32, 3.39, 3.24, 3.72, 4.34, 4.69, 4.4, 4.57, 4.62, 4.49, 4.71, 4.96, 4.4, 4.479, 5.743, 6.363, 5.793, 5.472, 5.479, 5.366, 5.539, 5.62, 4.99, 4.9, 6.62, 10.5, 13.291, 12.512, 11.44, 11.101, 11.856, 12.249, 11.217, 9.603, 10.356, 11.308, 11.193, 10.927, 11.008, 11.093, 10.213, 9.976, 9.256, 8.215, 8.062], [1.49, 1.84, 1.76, 1.45, 1.09, 1.22, 1.32, 1.6, 1.66, 1.03, 0, 0.89, 1.12, 1.38, 1.32, 1.32, 1.58, 1.75, 1.65, 1.77, 1.92, 2.17, 2.39, 2.52, 2.81, 2.48, 2.11, 1.69, 2.25, 2.43, 2.31, 2.08, 2.23, 3.03, 3.03, 2.74, 2.57, 2.47, 2.77, 2.22, 2.57, 2.67, 2.72, 2.69, 3.29, 3.91, 4.14, 3.87, 4.06, 4.25, 4.32, 4.78, 4.75, 4.37, 4.869, 6.161, 6.793, 6.123, 5.822, 5.769, 5.636, 5.829, 5.879, 5.011, 5.006, 7.049, 10.933, 13.739, 12.966, 11.885, 11.549, 12.298, 12.682, 11.638, 10.033, 10.786, 11.738, 11.635, 11.372, 11.438, 11.523, 10.663, 10.406, 9.68, 8.625, 8.472], [1.56, 1.77, 1.71, 1.72, 1.42, 1.35, 1.65, 2.05, 2.11, 1.44, 0.89, 0, 0.65, 1.15, 1.27, 1.41, 1.71, 1.9, 1.7, 1.96, 2.17, 2.14, 2.18, 2.37, 2.58, 2.25, 1.8, 1.66, 2.34, 2.42, 2.28, 2.01, 2.18, 2.56, 2.54, 2.85, 2.7, 2.58, 2.72, 2.05, 2.16, 2.34, 2.51, 2.84, 3.34, 3.82, 4.01, 3.8, 4.01, 4.2, 4.29, 4.75, 4.78, 4.4, 5.019, 6.311, 6.963, 6.275, 6.012, 5.939, 5.826, 6.039, 6.036, 5.201, 5.216, 7.219, 11.103, 13.909, 13.136, 12.055, 11.719, 12.468, 12.852, 11.808, 10.188, 10.95, 11.908, 11.805, 11.542, 11.608, 11.675, 10.83, 10.57, 9.81, 8.835, 8.665], [1.43, 1.66, 1.68, 1.73, 1.35, 1.52, 1.62, 2.04, 2.12, 1.45, 1.12, 0.65, 0, 0.98, 1.2, 1.4, 1.7, 1.85, 1.59, 1.93, 2.04, 1.97, 2.01, 2.22, 2.47, 2.1, 1.47, 1.57, 2.47, 2.507, 2.33, 2.08, 2.31, 2.65, 2.59, 3.04, 2.93, 2.71, 2.83, 2.2, 2.31, 2.39, 2.54, 2.85, 3.45, 3.97, 4.14, 3.95, 4.14, 4.21, 4.3, 4.74, 4.85, 4.47, 5.102, 6.421, 7.073, 6.365, 6.102, 6.029, 5.936, 6.129, 6.146, 5.36, 5.306, 7.309, 11.213, 14.019, 13.246, 12.165, 11.829, 12.578, 12.962, 11.918, 10.298, 11.054, 12.018, 11.915, 11.652, 11.718, 11.785, 10.925, 10.662, 9.926, 9.025, 8.815], [1.45, 1.4, 1.5, 1.63, 1.53, 1.78, 1.86, 2.22, 2.3, 1.69, 1.38, 1.15, 0.98, 0, 0.68, 1.22, 1.56, 1.45, 1.15, 1.51, 1.62, 1.49, 1.69, 1.94, 2.35, 1.9, 1.57, 2.01, 3.05, 3.07, 2.91, 2.6, 2.89, 3.17, 3.03, 3.68, 3.61, 3.35, 3.49, 2.76, 2.79, 2.85, 3.02, 3.31, 4.09, 4.59, 4.76, 4.55, 4.78, 4.91, 4.94, 5.36, 5.45, 5.03, 5.72, 7.004, 7.631, 7.022, 6.711, 6.721, 6.553, 6.766, 6.763, 5.96, 5.93, 7.867, 11.771, 14.556, 13.783, 12.702, 12.366, 13.115, 13.499, 12.464, 10.841, 11.617, 12.561, 12.452, 12.209, 12.255, 12.342, 11.517, 11.237, 10.437, 9.425, 9.255], [1.75, 1.78, 1.78, 1.93, 1.73, 1.84, 1.88, 2.2, 2.3, 1.63, 1.32, 1.27, 1.2, 0.68, 0, 0.92, 1.28, 1.21, 1.03, 1.33, 1.54, 1.45, 1.69, 1.82, 2.19, 1.74, 1.57, 2.07, 3.05, 3.19, 3.11, 2.78, 3.03, 3.31, 3.19, 3.74, 3.63, 3.39, 3.63, 2.92, 2.95, 3.03, 3.2, 3.47, 4.23, 4.73, 4.9, 4.71, 4.98, 5.17, 5.2, 5.58, 5.61, 5.15, 5.7, 6.91, 7.551, 7.04, 6.7, 6.69, 6.54, 6.77, 6.73, 5.98, 5.95, 7.767, 11.611, 14.396, 13.623, 12.542, 12.206, 12.975, 13.348, 12.324, 10.71, 11.503, 12.421, 12.295, 12.049, 12.118, 12.2, 11.36, 11.083, 10.337, 9.242, 9.089], [2.03, 2.08, 1.94, 1.97, 1.51, 1.56, 1.66, 2.08, 2.16, 1.53, 1.32, 1.41, 1.4, 1.22, 0.92, 0, 0.64, 0.91, 0.95, 1.19, 1.24, 1.43, 1.79, 2.06, 2.37, 1.76, 1.33, 1.83, 2.63, 2.83, 2.77, 2.52, 2.79, 3.35, 3.29, 3.5, 3.33, 3.09, 3.45, 2.78, 2.99, 2.91, 3.14, 3.35, 4.03, 4.65, 4.82, 4.59, 4.84, 4.93, 4.9, 5.22, 5.35, 4.83, 5.24, 6.461, 7.128, 6.62, 6.28, 6.27, 6.14, 6.35, 6.33, 5.62, 5.57, 7.324, 11.128, 13.913, 13.141, 12.059, 11.723, 12.492, 12.865, 11.841, 10.218, 11.02, 11.938, 11.812, 11.566, 11.635, 11.705, 10.874, 10.6, 9.857, 8.839, 8.646], [2.21, 2.32, 2.14, 2.11, 1.61, 1.6, 1.66, 2.0, 2.16, 1.55, 1.58, 1.71, 1.7, 1.56, 1.28, 0.64, 0, 0.73, 0.95, 1.13, 1.5, 1.51, 1.77, 2.22, 2.53, 1.9, 1.49, 1.87, 2.57, 2.91, 2.89, 2.7, 2.97, 3.61, 3.61, 3.66, 3.41, 3.25, 3.63, 2.98, 3.29, 3.15, 3.32, 3.51, 4.21, 4.83, 5.04, 4.81, 5.06, 5.11, 4.98, 5.22, 5.49, 4.97, 5.08, 6.281, 6.948, 6.48, 6.12, 6.11, 6.0, 6.21, 6.27, 5.64, 5.59, 7.164, 11.028, 13.816, 13.041, 11.999, 11.626, 12.432, 12.785, 11.781, 10.158, 10.954, 11.878, 11.752, 11.489, 11.575, 11.645, 10.814, 10.514, 9.697, 8.719, 8.546], [2.24, 2.31, 2.25, 2.32, 1.84, 1.85, 1.69, 1.89, 1.99, 1.56, 1.75, 1.9, 1.85, 1.45, 1.21, 0.91, 0.73, 0, 0.62, 0.88, 1.29, 1.32, 1.78, 2.03, 2.62, 1.99, 1.76, 2.28, 2.94, 3.26, 3.28, 3.13, 3.4, 3.92, 3.8, 4.03, 3.74, 3.66, 4.06, 3.35, 3.56, 3.52, 3.71, 3.94, 4.64, 5.24, 5.41, 5.18, 5.41, 5.48, 5.31, 5.65, 5.92, 5.36, 5.39, 6.588, 7.295, 6.75, 6.45, 6.46, 6.33, 6.52, 6.6, 5.99, 5.94, 7.531, 11.335, 14.121, 13.348, 12.266, 11.931, 12.679, 13.072, 12.028, 10.405, 11.201, 12.125, 12.016, 11.753, 11.822, 11.892, 11.061, 10.781, 10.004, 8.983, 8.813], [1.96, 1.99, 1.97, 2.2, 1.72, 1.77, 1.67, 1.99, 2.01, 1.64, 1.65, 1.7, 1.59, 1.15, 1.03, 0.95, 0.95, 0.62, 0, 0.72, 1.05, 1.04, 1.54, 1.81, 2.4, 1.81, 1.56, 2.12, 3.0, 3.22, 3.22, 3.01, 3.3, 3.8, 3.72, 4.05, 3.92, 3.72, 3.94, 3.23, 3.4, 3.36, 3.55, 3.78, 4.52, 5.12, 5.29, 5.06, 5.29, 5.36, 5.21, 5.57, 5.8, 5.3, 5.65, 6.888, 7.555, 6.99, 6.69, 6.72, 6.57, 6.78, 6.88, 6.19, 6.12, 7.791, 11.675, 14.461, 13.688, 12.606, 12.271, 13.019, 13.412, 12.368, 10.745, 11.541, 12.465, 12.356, 12.093, 12.162, 12.232, 11.401, 11.121, 10.364, 9.343, 9.153], [2.1, 2.13, 2.11, 2.38, 1.86, 1.83, 1.81, 1.93, 2.01, 1.7, 1.77, 1.96, 1.93, 1.51, 1.33, 1.19, 1.13, 0.88, 0.72, 0, 0.69, 1.02, 1.62, 1.91, 2.52, 2.09, 1.86, 2.26, 3.12, 3.4, 3.38, 3.25, 3.5, 4.06, 3.96, 4.15, 3.9, 3.78, 4.14, 3.43, 3.64, 3.58, 3.77, 3.98, 4.72, 5.32, 5.49, 5.26, 5.47, 5.56, 5.49, 5.81, 6.0, 5.5, 5.73, 6.968, 7.653, 7.03, 6.71, 6.7, 6.57, 6.78, 6.86, 6.23, 6.16, 7.866, 11.715, 14.501, 13.728, 12.646, 12.311, 13.059, 13.443, 12.408, 10.785, 11.561, 12.505, 12.396, 12.133, 12.199, 12.266, 11.421, 11.161, 10.464, 9.443, 9.193], [2.21, 2.06, 2.1, 2.35, 1.99, 2.0, 1.94, 2.18, 2.14, 1.73, 1.92, 2.17, 2.04, 1.62, 1.54, 1.24, 1.5, 1.29, 1.05, 0.69, 0, 0.91, 1.55, 1.96, 2.51, 2.14, 1.91, 2.45, 3.33, 3.59, 3.57, 3.44, 3.69, 4.31, 4.19, 4.26, 4.11, 3.91, 4.29, 3.64, 3.87, 3.85, 4.0, 4.17, 4.87, 5.51, 5.72, 5.45, 5.66, 5.69, 5.68, 6.0, 6.13, 5.65, 6.04, 7.232, 7.905, 7.32, 7.0, 6.97, 6.84, 7.05, 7.09, 6.44, 6.37, 8.141, 11.965, 14.769, 13.991, 12.916, 12.579, 13.329, 13.713, 12.669, 11.064, 11.817, 12.769, 12.666, 12.403, 12.469, 12.554, 11.674, 11.437, 10.754, 9.673, 9.463], [2.44, 2.07, 2.03, 2.56, 2.2, 2.23, 2.27, 2.49, 2.41, 2.02, 2.17, 2.14, 1.97, 1.49, 1.45, 1.43, 1.51, 1.32, 1.04, 1.02, 0.91, 0, 0.86, 1.49, 1.94, 1.57, 1.64, 2.46, 3.5, 3.72, 3.62, 3.43, 3.7, 4.1, 3.98, 4.41, 4.3, 4.08, 4.24, 3.53, 3.58, 3.62, 3.83, 4.06, 4.82, 5.4, 5.57, 5.34, 5.59, 5.78, 5.77, 6.03, 6.16, 5.74, 6.19, 7.428, 8.087, 7.43, 7.13, 7.1, 6.99, 7.16, 7.28, 6.59, 6.5, 8.34, 12.209, 14.994, 14.215, 13.141, 12.805, 13.573, 13.946, 12.922, 11.308, 12.124, 13.019, 12.893, 12.628, 12.716, 12.781, 11.904, 11.681, 11.059, 9.977, 9.687], [2.64, 2.21, 2.15, 2.76, 2.44, 2.57, 2.59, 2.85, 2.91, 2.32, 2.39, 2.18, 2.01, 1.69, 1.69, 1.79, 1.77, 1.78, 1.54, 1.62, 1.55, 0.86, 0, 1.05, 1.34, 1.29, 1.42, 2.5, 3.66, 3.9, 3.78, 3.45, 3.68, 4.04, 3.86, 4.47, 4.38, 4.14, 4.28, 3.61, 3.54, 3.6, 3.77, 4.12, 4.88, 5.38, 5.53, 5.34, 5.63, 5.86, 5.77, 6.11, 6.14, 5.86, 6.49, 7.78, 8.41, 7.67, 7.41, 7.36, 7.17, 7.38, 7.44, 6.65, 6.56, 8.68, 12.546, 15.288, 14.509, 13.435, 13.113, 13.871, 14.266, 13.276, 11.64, 12.47, 13.356, 13.193, 12.922, 13.033, 13.09, 12.27, 12.03, 11.39, 10.36, 10.09], [2.69, 2.36, 2.38, 2.89, 2.89, 3.08, 3.02, 3.16, 3.28, 2.81, 2.52, 2.37, 2.22, 1.94, 1.82, 2.06, 2.22, 2.03, 1.81, 1.91, 1.96, 1.49, 1.05, 0, 0.89, 0.96, 1.69, 2.81, 4.05, 4.07, 3.81, 3.38, 3.71, 3.77, 3.59, 4.5, 4.49, 4.15, 4.17, 3.5, 3.45, 3.49, 3.62, 4.01, 4.87, 5.27, 5.46, 5.21, 5.42, 5.65, 5.8, 6.28, 6.19, 5.93, 6.88, 8.13, 8.78, 8.06, 7.78, 7.689, 7.58, 7.77, 7.81, 6.9, 6.85, 9.03, 12.893, 15.699, 14.926, 13.845, 13.509, 14.258, 14.642, 13.606, 11.99, 12.76, 13.698, 13.595, 13.332, 13.398, 13.48, 12.6, 12.38, 11.82, 10.79, 10.5], [3.28, 2.81, 2.69, 3.18, 3.34, 3.43, 3.37, 3.63, 3.79, 3.14, 2.81, 2.58, 2.47, 2.35, 2.19, 2.37, 2.53, 2.62, 2.4, 2.52, 2.51, 1.94, 1.34, 0.89, 0, 0.95, 1.78, 2.98, 4.26, 4.4, 4.12, 3.49, 3.78, 3.82, 3.56, 4.71, 4.76, 4.46, 4.36, 3.53, 3.28, 3.3, 3.49, 3.88, 4.74, 5.12, 5.31, 5.16, 5.49, 5.86, 6.15, 6.57, 6.4, 6.24, 7.13, 8.32, 8.95, 8.25, 7.97, 7.86, 7.69, 7.92, 7.96, 7.03, 7.04, 9.24, 13.07, 15.828, 15.053, 14.01, 13.64, 14.44, 14.81, 13.84, 12.22, 13.07, 13.92, 13.76, 13.48, 13.6, 13.67, 12.85, 12.61, 12.05, 11.02, 10.73], [2.89, 2.56, 2.48, 2.87, 2.83, 2.88, 2.82, 3.12, 3.22, 2.63, 2.48, 2.25, 2.1, 1.9, 1.74, 1.76, 1.9, 1.99, 1.81, 2.09, 2.14, 1.57, 1.29, 0.96, 0.95, 0, 1.27, 2.45, 3.71, 3.87, 3.61, 3.12, 3.39, 3.55, 3.25, 4.36, 4.41, 4.05, 4.05, 3.24, 3.01, 3.09, 3.22, 3.57, 4.49, 4.87, 5.04, 4.87, 5.22, 5.47, 5.68, 6.08, 5.95, 5.71, 6.48, 7.71, 8.32, 7.66, 7.38, 7.27, 7.18, 7.37, 7.35, 6.52, 6.37, 8.59, 12.44, 15.14, 14.37, 13.3, 12.97, 13.75, 14.16, 13.19, 11.59, 12.44, 13.27, 13.09, 12.77, 12.93, 13.04, 12.24, 11.98, 11.38, 10.35, 10.06], [2.36, 2.13, 2.11, 2.54, 2.2, 2.23, 2.35, 2.75, 2.75, 2.14, 2.11, 1.8, 1.47, 1.57, 1.57, 1.33, 1.49, 1.76, 1.56, 1.86, 1.91, 1.64, 1.42, 1.69, 1.78, 1.27, 0, 1.4, 2.74, 2.9, 2.68, 2.39, 2.74, 2.96, 2.84, 3.61, 3.58, 3.24, 3.26, 2.67, 2.7, 2.56, 2.71, 3.06, 3.86, 4.3, 4.49, 4.28, 4.61, 4.76, 4.79, 5.09, 5.12, 4.8, 5.43, 6.72, 7.35, 6.69, 6.43, 6.36, 6.25, 6.44, 6.36, 5.73, 5.62, 7.62, 11.49, 14.245, 13.473, 12.41, 12.06, 12.84, 13.21, 12.24, 10.6, 11.43, 12.32, 12.16, 11.88, 12.0, 12.05, 11.23, 10.97, 10.37, 9.48, 9.21], [2.16, 2.486, 2.463, 2.36, 1.7, 1.67, 1.91, 2.23, 2.35, 1.76, 1.69, 1.66, 1.57, 2.01, 2.07, 1.83, 1.87, 2.28, 2.12, 2.26, 2.45, 2.46, 2.5, 2.81, 2.98, 2.45, 1.4, 0, 1.6, 1.84, 1.74, 1.47, 1.7, 2.62, 2.72, 2.59, 2.58, 2.26, 2.38, 1.93, 2.16, 2.24, 2.27, 2.26, 2.94, 3.48, 3.75, 3.48, 3.83, 3.96, 4.01, 4.19, 4.26, 3.86, 4.39, 5.58, 6.19, 5.57, 5.29, 5.28, 5.13, 5.34, 5.24, 4.65, 4.58, 6.48, 10.31, 13.049, 12.24, 11.25, 10.86, 11.7, 12.07, 11.1, 9.46, 10.29, 11.18, 11.02, 10.72, 10.86, 10.91, 10.11, 9.83, 9.33, 8.48, 8.25], [2.705, 3.706, 3.583, 2.765, 1.92, 1.59, 1.99, 2.23, 2.31, 2.02, 2.25, 2.34, 2.47, 3.05, 3.05, 2.63, 2.57, 2.94, 3.0, 3.12, 3.33, 3.5, 3.66, 4.05, 4.26, 3.71, 2.74, 1.6, 0, 0.86, 0.98, 1.55, 1.38, 2.44, 2.62, 1.47, 1.54, 1.3, 1.66, 1.81, 2.58, 2.58, 2.65, 2.46, 2.4, 3.16, 3.15, 2.96, 3.13, 3.1, 3.07, 3.15, 3.28, 2.84, 3.07, 4.32, 4.89, 4.19, 3.89, 3.94, 3.91, 4.04, 4.1, 3.43, 3.36, 5.12, 8.97, 11.726, 10.953, 9.87, 9.54, 10.28, 10.69, 9.68, 8.04, 8.87, 9.76, 9.62, 9.359, 9.44, 9.51, 8.73, 8.51, 8.17, 7.34, 7.19], [2.82, 3.767, 3.644, 2.934, 2.22, 1.93, 2.35, 2.61, 2.73, 2.38, 2.43, 2.42, 2.507, 3.07, 3.19, 2.83, 2.91, 3.26, 3.22, 3.4, 3.59, 3.72, 3.9, 4.07, 4.4, 3.87, 2.9, 1.84, 0.86, 0, 0.68, 1.33, 1.28, 2.12, 2.46, 1.47, 1.6, 1.26, 1.36, 1.83, 2.64, 2.44, 2.39, 2.18, 2.14, 2.9, 2.73, 2.58, 2.69, 2.68, 2.71, 2.81, 2.92, 2.62, 3.09, 4.34, 4.95, 4.27, 3.93, 3.9, 3.91, 4.04, 4.1, 3.43, 3.4, 5.14, 8.903, 11.709, 10.936, 9.855, 9.519, 10.268, 10.652, 9.608, 8.0, 8.75, 9.72, 9.605, 9.36, 9.408, 9.475, 8.73, 8.53, 8.21, 7.4, 7.19], [2.6, 3.467, 3.47, 2.76, 2.2, 1.99, 2.41, 2.65, 2.79, 2.38, 2.31, 2.28, 2.33, 2.91, 3.11, 2.77, 2.89, 3.28, 3.22, 3.38, 3.57, 3.62, 3.78, 3.81, 4.12, 3.61, 2.68, 1.74, 0.98, 0.68, 0, 0.99, 1.1, 1.88, 2.14, 1.45, 1.6, 1.2, 1.26, 1.41, 2.32, 2.1, 2.11, 1.9, 1.94, 2.6, 2.67, 2.36, 2.51, 2.58, 2.73, 2.93, 2.98, 2.72, 3.37, 4.62, 5.25, 4.53, 4.21, 4.2, 4.17, 4.3, 4.34, 3.61, 3.58, 5.44, 9.263, 12.069, 11.296, 10.215, 9.879, 10.628, 11.012, 9.968, 8.348, 9.13, 10.08, 9.965, 9.702, 9.768, 9.835, 9.03, 8.77, 8.49, 7.7, 7.49], [2.31, 3.133, 3.071, 2.53, 2.19, 2.16, 2.54, 2.88, 3.0, 2.43, 2.08, 2.01, 2.08, 2.6, 2.78, 2.52, 2.7, 3.13, 3.01, 3.25, 3.44, 3.43, 3.45, 3.38, 3.49, 3.12, 2.39, 1.47, 1.55, 1.33, 0.99, 0, 0.99, 1.69, 1.81, 1.7, 1.89, 1.39, 1.47, 1.16, 1.73, 1.59, 1.52, 1.55, 1.87, 2.35, 2.64, 2.35, 2.7, 2.97, 3.18, 3.52, 3.33, 3.19, 4.0, 5.11, 5.68, 5.08, 4.74, 4.65, 4.52, 4.79, 4.79, 3.88, 3.93, 6.01, 9.736, 12.542, 11.746, 10.725, 10.363, 11.158, 11.516, 10.55, 8.93, 9.8, 10.63, 10.483, 10.195, 10.31, 10.38, 9.66, 9.4, 8.98, 8.11, 7.88], [2.54, 3.283, 3.201, 2.68, 2.32, 2.35, 2.75, 3.03, 3.21, 2.62, 2.23, 2.18, 2.31, 2.89, 3.03, 2.79, 2.97, 3.4, 3.3, 3.5, 3.69, 3.7, 3.68, 3.71, 3.78, 3.39, 2.74, 1.7, 1.38, 1.28, 1.1, 0.99, 0, 1.52, 1.78, 1.37, 1.62, 1.1, 1.34, 1.27, 1.9, 1.78, 1.73, 1.82, 1.94, 2.4, 2.55, 2.18, 2.51, 2.98, 3.11, 3.31, 3.14, 3.06, 3.83, 4.94, 5.53, 4.91, 4.59, 4.48, 4.41, 4.6, 4.56, 3.57, 3.6, 5.82, 9.57, 12.329, 11.54, 10.53, 10.14, 10.98, 11.35, 10.38, 8.78, 9.63, 10.46, 10.3, 10.0, 10.14, 10.23, 9.43, 9.25, 8.93, 8.08, 7.83], [2.98, 3.39, 3.35, 3.4, 3.38, 3.45, 3.85, 4.13, 4.29, 3.68, 3.03, 2.56, 2.65, 3.17, 3.31, 3.35, 3.61, 3.92, 3.8, 4.06, 4.31, 4.1, 4.04, 3.77, 3.82, 3.55, 2.96, 2.62, 2.44, 2.12, 1.88, 1.69, 1.52, 0, 0.92, 1.77, 1.92, 1.72, 1.62, 1.33, 1.5, 1.36, 1.29, 1.86, 2.22, 2.26, 2.29, 2.12, 2.41, 3.06, 3.43, 3.75, 3.46, 3.5, 4.43, 5.58, 6.21, 5.55, 5.19, 5.08, 5.13, 5.28, 5.24, 4.35, 4.36, 6.4, 10.126, 12.935, 12.139, 11.138, 10.745, 11.551, 11.903, 10.899, 9.3, 10.15, 11.014, 10.871, 10.62, 10.693, 10.755, 10.03, 9.87, 9.53, 8.8, 8.61], [2.92, 3.23, 3.19, 3.34, 3.36, 3.43, 3.85, 4.17, 4.25, 3.66, 3.03, 2.54, 2.59, 3.03, 3.19, 3.29, 3.61, 3.8, 3.72, 3.96, 4.19, 3.98, 3.86, 3.59, 3.56, 3.25, 2.84, 2.72, 2.62, 2.46, 2.14, 1.81, 1.78, 0.92, 0, 2.11, 2.34, 1.98, 1.96, 1.49, 1.36, 1.06, 1.23, 1.84, 2.44, 2.52, 2.53, 2.42, 2.83, 3.54, 4.01, 4.41, 4.08, 4.16, 5.11, 6.24, 6.85, 6.15, 5.81, 5.66, 5.67, 5.86, 5.92, 4.97, 4.92, 7.04, 10.595, 13.352, 12.62, 11.498, 11.179, 11.911, 12.341, 11.325, 9.74, 10.71, 11.48, 11.28, 11.04, 11.1, 11.238, 10.67, 10.49, 10.23, 9.44, 9.25], [3.19, 4.031, 3.908, 3.09, 2.79, 2.68, 3.04, 3.28, 3.36, 3.01, 2.74, 2.85, 3.04, 3.68, 3.74, 3.5, 3.66, 4.03, 4.05, 4.15, 4.26, 4.41, 4.47, 4.5, 4.71, 4.36, 3.61, 2.59, 1.47, 1.47, 1.45, 1.7, 1.37, 1.77, 2.11, 0, 0.97, 0.87, 1.21, 1.5, 2.27, 2.23, 2.18, 1.79, 1.47, 2.03, 2.2, 1.97, 2.18, 2.59, 2.72, 2.96, 2.73, 2.63, 3.32, 4.47, 5.02, 4.32, 4.02, 3.93, 3.98, 4.09, 4.13, 3.18, 3.21, 5.15, 8.657, 11.48, 10.77, 9.6, 9.252, 9.981, 10.4, 9.39, 7.91, 8.86, 9.57, 9.43, 9.23, 9.21, 9.257, 8.8, 8.82, 8.52, 7.79, 7.6], [3.02, 3.915, 3.712, 2.88, 2.66, 2.49, 2.77, 2.81, 2.93, 2.76, 2.57, 2.7, 2.93, 3.61, 3.63, 3.33, 3.41, 3.74, 3.92, 3.9, 4.11, 4.3, 4.38, 4.49, 4.76, 4.41, 3.58, 2.58, 1.54, 1.6, 1.6, 1.89, 1.62, 1.92, 2.34, 0.97, 0, 0.94, 1.34, 1.63, 2.18, 2.14, 2.13, 1.84, 1.82, 2.36, 2.49, 2.32, 2.49, 2.86, 3.01, 3.17, 3.08, 2.94, 3.25, 4.42, 4.985, 4.313, 4.03, 3.96, 4.05, 4.14, 4.1, 3.23, 3.26, 5.16, 8.912, 11.698, 11.005, 9.883, 9.507, 10.233, 10.649, 9.663, 8.06, 8.965, 9.737, 9.579, 9.339, 9.405, 9.44, 8.744, 8.782, 8.416, 7.735, 7.565], [2.82, 3.752, 3.589, 2.8, 2.54, 2.43, 2.81, 3.01, 3.15, 2.72, 2.47, 2.58, 2.71, 3.35, 3.39, 3.09, 3.25, 3.66, 3.72, 3.78, 3.91, 4.08, 4.14, 4.15, 4.46, 4.05, 3.24, 2.26, 1.3, 1.26, 1.2, 1.39, 1.1, 1.72, 1.98, 0.87, 0.94, 0, 0.9, 1.23, 2.02, 2.04, 1.93, 1.56, 1.56, 2.16, 2.29, 1.92, 2.19, 2.6, 2.77, 2.97, 2.82, 2.64, 3.362, 4.5, 5.127, 4.427, 4.07, 3.983, 4.03, 4.14, 4.18, 3.31, 3.28, 5.332, 8.949, 11.737, 11.026, 9.903, 9.524, 10.31, 10.689, 9.685, 8.158, 9.148, 9.866, 9.706, 9.452, 9.506, 9.538, 8.944, 8.802, 8.496, 7.795, 7.625], [2.9, 3.743, 3.67, 3.12, 2.96, 2.89, 3.29, 3.53, 3.65, 3.2, 2.77, 2.72, 2.83, 3.49, 3.63, 3.45, 3.63, 4.06, 3.94, 4.14, 4.29, 4.24, 4.28, 4.17, 4.36, 4.05, 3.26, 2.38, 1.66, 1.36, 1.26, 1.47, 1.34, 1.62, 1.96, 1.21, 1.34, 0.9, 0, 1.23, 1.8, 1.8, 1.85, 1.5, 1.54, 2.06, 2.09, 1.88, 2.17, 2.48, 2.57, 2.83, 2.64, 2.58, 3.51, 4.595, 5.199, 4.584, 4.227, 4.08, 4.09, 4.26, 4.297, 3.347, 3.32, 5.454, 9.029, 11.845, 11.123, 10.026, 9.653, 10.45, 10.858, 9.831, 8.3, 9.29, 9.986, 9.826, 9.554, 9.648, 9.715, 9.102, 8.93, 8.63, 7.86, 7.67], [2.29, 3.02, 2.9, 2.61, 2.57, 2.58, 2.94, 3.2, 3.34, 2.79, 2.22, 2.05, 2.2, 2.76, 2.92, 2.78, 2.98, 3.35, 3.23, 3.43, 3.64, 3.53, 3.61, 3.5, 3.53, 3.24, 2.67, 1.93, 1.81, 1.83, 1.41, 1.16, 1.27, 1.33, 1.49, 1.5, 1.63, 1.23, 1.23, 0, 1.21, 1.27, 1.28, 1.45, 1.63, 2.11, 2.32, 2.01, 2.28, 2.93, 3.32, 3.58, 3.29, 3.39, 4.303, 5.428, 6.012, 5.377, 5.04, 4.916, 4.969, 5.119, 5.116, 4.186, 4.17, 6.199, 9.89, 12.698, 11.935, 10.884, 10.48, 11.283, 11.653, 10.678, 9.104, 10.015, 10.781, 10.629, 10.39, 10.467, 10.525, 9.866, 9.792, 9.466, 8.722, 8.515], [2.54, 2.93, 2.89, 2.9, 2.94, 3.01, 3.35, 3.69, 3.77, 3.2, 2.57, 2.16, 2.31, 2.79, 2.95, 2.99, 3.29, 3.56, 3.4, 3.64, 3.87, 3.58, 3.54, 3.45, 3.28, 3.01, 2.7, 2.16, 2.58, 2.64, 2.32, 1.73, 1.9, 1.5, 1.36, 2.27, 2.18, 2.02, 1.8, 1.21, 0, 0.98, 1.13, 1.48, 2.32, 2.5, 2.67, 2.52, 3.01, 3.7, 4.17, 4.49, 4.177, 4.34, 5.253, 6.298, 6.885, 6.253, 5.953, 5.803, 5.819, 5.949, 5.903, 4.953, 4.886, 7.138, 10.638, 13.3, 12.543, 11.538, 11.159, 11.947, 12.441, 11.514, 9.955, 10.948, 11.64, 11.366, 11.04, 11.243, 11.358, 10.776, 10.702, 10.396, 9.615, 9.425], [2.68, 2.93, 2.85, 2.96, 3.06, 3.09, 3.55, 3.83, 3.89, 3.32, 2.67, 2.34, 2.39, 2.85, 3.03, 2.91, 3.15, 3.52, 3.36, 3.58, 3.85, 3.62, 3.6, 3.49, 3.3, 3.09, 2.56, 2.24, 2.58, 2.44, 2.1, 1.59, 1.78, 1.36, 1.06, 2.23, 2.14, 2.04, 1.8, 1.27, 0.98, 0, 0.71, 1.28, 2.28, 2.48, 2.63, 2.48, 2.93, 3.66, 4.05, 4.39, 4.08, 4.2, 5.15, 6.157, 6.784, 6.17, 5.83, 5.7, 5.73, 5.88, 5.88, 4.91, 4.9, 7.049, 10.641, 13.402, 12.7, 11.621, 11.23, 12.01, 12.415, 11.471, 9.9, 10.87, 11.594, 11.368, 11.129, 11.214, 11.332, 10.702, 10.61, 10.29, 9.5, 9.29], [2.65, 3.0, 2.96, 3.05, 3.13, 3.18, 3.6, 3.9, 3.98, 3.39, 2.72, 2.51, 2.54, 3.02, 3.2, 3.14, 3.32, 3.71, 3.55, 3.77, 4.0, 3.83, 3.77, 3.62, 3.49, 3.22, 2.71, 2.27, 2.65, 2.39, 2.11, 1.52, 1.73, 1.29, 1.23, 2.18, 2.13, 1.93, 1.85, 1.28, 1.13, 0.71, 0, 1.07, 2.03, 2.25, 2.4, 2.33, 2.7, 3.45, 3.86, 4.18, 3.87, 4.01, 4.96, 6.007, 6.614, 5.98, 5.64, 5.53, 5.56, 5.71, 5.65, 4.68, 4.71, 6.839, 10.467, 13.248, 12.492, 11.451, 11.049, 11.863, 12.253, 11.298, 9.73, 10.66, 11.387, 11.209, 10.959, 11.076, 11.119, 10.512, 10.44, 10.08, 9.33, 9.14], [2.98, 3.53, 3.39, 3.0, 3.04, 2.99, 3.35, 3.65, 3.75, 3.24, 2.69, 2.84, 2.85, 3.31, 3.47, 3.35, 3.51, 3.94, 3.78, 3.98, 4.17, 4.06, 4.12, 4.01, 3.88, 3.57, 3.06, 2.26, 2.46, 2.18, 1.9, 1.55, 1.82, 1.86, 1.84, 1.79, 1.84, 1.56, 1.5, 1.45, 1.48, 1.28, 1.07, 0, 1.36, 1.68, 2.03, 1.88, 2.19, 2.92, 3.25, 3.55, 3.26, 3.34, 4.31, 5.297, 5.924, 5.29, 4.95, 4.82, 4.91, 5.04, 5.0, 4.03, 4.1, 6.186, 9.715, 12.478, 11.76, 10.709, 10.322, 11.076, 11.495, 10.528, 9.04, 10.13, 10.683, 10.483, 10.206, 10.283, 10.398, 9.822, 9.81, 9.41, 8.74, 8.55], [3.66, 4.43, 4.29, 3.7, 3.56, 3.39, 3.83, 4.05, 4.05, 3.72, 3.29, 3.34, 3.45, 4.09, 4.23, 4.03, 4.21, 4.64, 4.52, 4.72, 4.87, 4.82, 4.88, 4.87, 4.74, 4.49, 3.86, 2.94, 2.4, 2.14, 1.94, 1.87, 1.94, 2.22, 2.44, 1.47, 1.82, 1.56, 1.54, 1.63, 2.32, 2.28, 2.03, 1.36, 0, 0.98, 1.25, 1.44, 1.63, 2.2, 2.49, 2.83, 2.5, 2.64, 3.71, 4.6, 5.03, 4.43, 4.21, 4.14, 4.23, 4.3, 4.18, 3.33, 3.56, 5.14, 8.69, 11.45, 10.86, 9.83, 9.42, 10.08, 10.59, 9.7, 8.54, 9.57, 9.64, 9.294, 9.06, 9.112, 9.141, 8.727, 9.15, 8.71, 8.12, 7.93], [4.06, 4.75, 4.71, 4.24, 4.08, 4.09, 4.47, 4.67, 4.81, 4.34, 3.91, 3.82, 3.97, 4.59, 4.73, 4.65, 4.83, 5.24, 5.12, 5.32, 5.51, 5.4, 5.38, 5.27, 5.12, 4.87, 4.3, 3.48, 3.16, 2.9, 2.6, 2.35, 2.4, 2.26, 2.52, 2.03, 2.36, 2.16, 2.06, 2.11, 2.5, 2.48, 2.25, 1.68, 0.98, 0, 1.01, 1.12, 1.37, 2.2, 2.57, 2.89, 2.5, 2.68, 3.83, 4.74, 5.15, 4.51, 4.29, 4.18, 4.33, 4.38, 4.26, 3.41, 3.62, 5.22, 8.69, 11.35, 10.86, 9.83, 9.48, 10.06, 10.57, 9.78, 8.66, 9.79, 9.66, 9.16, 9.08, 8.995, 9.056, 8.67, 9.25, 8.81, 8.24, 8.05], [4.31, 4.98, 4.92, 4.55, 4.43, 4.42, 4.76, 5.04, 5.14, 4.69, 4.14, 4.01, 4.14, 4.76, 4.9, 4.82, 5.04, 5.41, 5.29, 5.49, 5.72, 5.57, 5.53, 5.46, 5.31, 5.04, 4.49, 3.75, 3.15, 2.73, 2.67, 2.64, 2.55, 2.29, 2.53, 2.2, 2.49, 2.29, 2.09, 2.32, 2.67, 2.63, 2.4, 2.03, 1.25, 1.01, 0, 1.09, 1.34, 1.93, 2.44, 2.8, 2.39, 2.45, 3.78, 4.71, 4.92, 4.24, 4.06, 3.97, 4.1, 4.15, 4.01, 3.26, 3.43, 4.99, 8.56, 11.24, 10.63, 9.68, 9.55, 10.07, 10.62, 9.77, 8.61, 9.76, 9.45, 9.01, 8.73, 8.833, 8.879, 8.44, 9.02, 8.54, 8.03, 7.82], [3.98, 4.69, 4.65, 4.2, 4.14, 4.13, 4.49, 4.75, 4.89, 4.4, 3.87, 3.8, 3.95, 4.55, 4.71, 4.59, 4.81, 5.18, 5.06, 5.26, 5.45, 5.34, 5.34, 5.21, 5.16, 4.87, 4.28, 3.48, 2.96, 2.58, 2.36, 2.35, 2.18, 2.12, 2.42, 1.97, 2.32, 1.92, 1.88, 2.01, 2.52, 2.48, 2.33, 1.88, 1.44, 1.12, 1.09, 0, 0.97, 1.46, 2.03, 2.37, 2.02, 2.08, 3.37, 4.38, 4.77, 4.01, 3.73, 3.64, 3.79, 3.84, 3.82, 2.91, 3.06, 4.86, 8.43, 11.175, 10.48, 9.41, 9.36, 9.94, 10.37, 9.36, 8.22, 9.37, 9.34, 9.059, 8.869, 8.937, 9.032, 8.502, 8.69, 8.27, 7.7, 7.51], [4.13, 4.82, 4.72, 4.33, 4.33, 4.28, 4.64, 4.9, 5.04, 4.57, 4.06, 4.01, 4.14, 4.78, 4.98, 4.84, 5.06, 5.41, 5.29, 5.47, 5.66, 5.59, 5.63, 5.42, 5.49, 5.22, 4.61, 3.83, 3.13, 2.69, 2.51, 2.7, 2.51, 2.41, 2.83, 2.18, 2.49, 2.19, 2.17, 2.28, 3.01, 2.93, 2.7, 2.19, 1.63, 1.37, 1.34, 0.97, 0, 1.25, 1.72, 2.18, 1.87, 1.99, 3.06, 4.01, 4.56, 3.9, 3.68, 3.63, 3.8, 3.83, 3.71, 2.88, 3.03, 4.69, 8.36, 11.12, 10.51, 9.48, 9.09, 9.69, 10.2, 9.25, 7.97, 8.98, 9.17, 8.938, 8.71, 8.738, 8.816, 8.18, 8.6, 8.2, 7.61, 7.42], [4.24, 5.01, 4.99, 4.36, 4.3, 4.17, 4.51, 4.81, 4.95, 4.62, 4.25, 4.2, 4.21, 4.91, 5.17, 4.93, 5.11, 5.48, 5.36, 5.56, 5.69, 5.78, 5.86, 5.65, 5.86, 5.47, 4.76, 3.96, 3.1, 2.68, 2.58, 2.97, 2.98, 3.06, 3.54, 2.59, 2.86, 2.6, 2.48, 2.93, 3.7, 3.66, 3.45, 2.92, 2.2, 2.2, 1.93, 1.46, 1.25, 0, 0.99, 1.41, 1.34, 1.2, 2.55, 3.6, 3.91, 3.25, 3.05, 3.02, 3.11, 3.14, 2.98, 2.19, 2.26, 4.08, 8.03, 10.77, 10.12, 9.07, 9.0, 9.5, 9.95, 8.92, 7.92, 8.87, 8.78, 8.628, 8.385, 8.431, 8.498, 7.65, 7.87, 7.27, 6.74, 6.61], [4.37, 5.257, 5.18, 4.51, 4.05, 4.08, 4.46, 4.82, 4.84, 4.49, 4.32, 4.29, 4.3, 4.94, 5.2, 4.9, 4.98, 5.31, 5.21, 5.49, 5.68, 5.77, 5.77, 5.8, 6.15, 5.68, 4.79, 4.01, 3.07, 2.71, 2.73, 3.18, 3.11, 3.43, 4.01, 2.72, 3.01, 2.77, 2.57, 3.32, 4.17, 4.05, 3.86, 3.25, 2.49, 2.57, 2.44, 2.03, 1.72, 0.99, 0, 0.76, 0.95, 0.79, 1.94, 3.01, 3.4, 2.72, 2.54, 2.51, 2.62, 2.61, 2.49, 1.8, 1.79, 3.69, 7.58, 10.299, 9.65, 8.58, 8.41, 8.91, 9.38, 8.35, 7.37, 8.3, 8.35, 8.195, 7.932, 7.998, 8.065, 7.199, 7.34, 6.6, 6.07, 5.98], [4.886, 5.819, 5.716, 5.026, 4.33, 4.26, 4.64, 4.92, 4.96, 4.71, 4.78, 4.75, 4.74, 5.36, 5.58, 5.22, 5.22, 5.65, 5.57, 5.81, 6.0, 6.03, 6.11, 6.28, 6.57, 6.08, 5.09, 4.19, 3.15, 2.81, 2.93, 3.52, 3.31, 3.75, 4.41, 2.96, 3.17, 2.97, 2.83, 3.58, 4.49, 4.39, 4.18, 3.55, 2.83, 2.89, 2.8, 2.37, 2.18, 1.41, 0.76, 0, 0.59, 0.89, 1.66, 2.63, 2.8, 2.16, 1.98, 1.93, 2.04, 2.01, 1.99, 1.38, 1.25, 3.09, 6.88, 9.642, 8.95, 7.88, 7.85, 8.35, 8.74, 7.75, 6.91, 7.82, 7.71, 7.578, 7.295, 7.401, 7.451, 6.6, 6.7, 6.06, 5.53, 5.42], [4.98, 5.849, 5.746, 5.06, 4.66, 4.59, 4.97, 5.23, 5.25, 4.96, 4.75, 4.78, 4.85, 5.45, 5.61, 5.35, 5.49, 5.92, 5.8, 6.0, 6.13, 6.16, 6.14, 6.19, 6.4, 5.95, 5.12, 4.26, 3.28, 2.92, 2.98, 3.33, 3.14, 3.46, 4.08, 2.73, 3.08, 2.82, 2.64, 3.29, 4.177, 4.08, 3.87, 3.26, 2.5, 2.5, 2.39, 2.02, 1.87, 1.34, 0.95, 0.59, 0, 0.8, 1.91, 2.9, 2.99, 2.27, 2.07, 2.04, 2.17, 2.14, 2.04, 1.39, 1.44, 3.2, 6.91, 9.692, 8.98, 7.99, 8.02, 8.52, 8.91, 7.98, 7.06, 8.03, 7.78, 7.628, 7.36, 7.451, 7.51, 6.77, 6.91, 6.37, 5.82, 5.65], [4.702, 5.615, 5.472, 4.74, 4.14, 4.01, 4.39, 4.65, 4.69, 4.4, 4.37, 4.4, 4.47, 5.03, 5.15, 4.83, 4.97, 5.36, 5.3, 5.5, 5.65, 5.74, 5.86, 5.93, 6.24, 5.71, 4.8, 3.86, 2.84, 2.62, 2.72, 3.19, 3.06, 3.5, 4.16, 2.63, 2.94, 2.64, 2.58, 3.39, 4.34, 4.2, 4.01, 3.34, 2.64, 2.68, 2.45, 2.08, 1.99, 1.2, 0.79, 0.89, 0.8, 0, 1.57, 2.68, 3.07, 2.25, 2.01, 2.0, 2.05, 2.14, 2.0, 1.39, 1.46, 3.24, 7.11, 9.849, 9.12, 8.19, 8.16, 8.72, 9.13, 8.06, 7.02, 7.97, 7.92, 7.748, 7.5, 7.571, 7.63, 6.75, 6.89, 6.21, 5.72, 5.55], [5.469, 6.502, 6.379, 5.409, 4.51, 4.214, 4.36, 4.28, 4.18, 4.479, 4.869, 5.019, 5.102, 5.72, 5.7, 5.24, 5.08, 5.39, 5.65, 5.73, 6.04, 6.19, 6.49, 6.88, 7.13, 6.48, 5.43, 4.39, 3.07, 3.09, 3.37, 4.0, 3.83, 4.43, 5.11, 3.32, 3.25, 3.362, 3.51, 4.303, 5.253, 5.15, 4.96, 4.31, 3.71, 3.83, 3.78, 3.37, 3.06, 2.55, 1.94, 1.66, 1.91, 1.57, 0, 1.39, 2.04, 1.5, 1.38, 1.49, 1.56, 1.61, 1.79, 1.4, 1.37, 2.29, 6.14, 8.936, 8.19, 7.12, 6.85, 7.55, 7.96, 6.91, 5.55, 6.56, 6.97, 6.85, 6.57, 6.67, 6.72, 5.84, 5.78, 5.22, 4.59, 4.44], [6.808, 7.837, 7.714, 6.744, 5.814, 5.438, 5.535, 5.318, 5.241, 5.743, 6.161, 6.311, 6.421, 7.004, 6.91, 6.461, 6.281, 6.588, 6.888, 6.968, 7.232, 7.428, 7.78, 8.13, 8.32, 7.71, 6.72, 5.58, 4.32, 4.34, 4.62, 5.11, 4.94, 5.58, 6.24, 4.47, 4.42, 4.5, 4.595, 5.428, 6.298, 6.157, 6.007, 5.297, 4.6, 4.74, 4.71, 4.38, 4.01, 3.6, 3.01, 2.63, 2.9, 2.68, 1.39, 0, 1.15, 1.31, 1.31, 1.5, 1.71, 1.68, 1.88, 1.97, 2.12, 1.58, 4.85, 7.65, 6.96, 5.97, 5.56, 6.28, 6.71, 5.7, 4.68, 5.65, 5.7, 5.58, 5.3, 5.4, 5.47, 4.67, 4.79, 4.27, 3.64, 3.45], [7.461, 8.486, 8.363, 7.394, 6.461, 6.111, 6.228, 6.011, 5.933, 6.363, 6.793, 6.963, 7.073, 7.631, 7.551, 7.128, 6.948, 7.295, 7.555, 7.653, 7.905, 8.087, 8.41, 8.78, 8.95, 8.32, 7.35, 6.19, 4.89, 4.95, 5.25, 5.68, 5.53, 6.21, 6.85, 5.02, 4.985, 5.127, 5.199, 6.012, 6.885, 6.784, 6.614, 5.924, 5.03, 5.15, 4.92, 4.77, 4.56, 3.91, 3.4, 2.8, 2.99, 3.07, 2.04, 1.15, 0, 1.02, 1.22, 1.41, 1.64, 1.35, 1.63, 2.14, 2.15, 1.03, 4.24, 7.02, 6.37, 5.48, 5.53, 5.97, 6.42, 5.61, 4.85, 5.8, 5.13, 4.93, 4.69, 4.75, 4.82, 4.06, 4.26, 3.76, 3.19, 3.04], [6.752, 7.776, 7.653, 6.683, 5.732, 5.462, 5.66, 5.38, 5.38, 5.793, 6.123, 6.275, 6.365, 7.022, 7.04, 6.62, 6.48, 6.75, 6.99, 7.03, 7.32, 7.43, 7.67, 8.06, 8.25, 7.66, 6.69, 5.57, 4.19, 4.27, 4.53, 5.08, 4.91, 5.55, 6.15, 4.32, 4.313, 4.427, 4.584, 5.377, 6.253, 6.17, 5.98, 5.29, 4.43, 4.51, 4.24, 4.01, 3.9, 3.25, 2.72, 2.16, 2.27, 2.25, 1.5, 1.31, 1.02, 0, 0.66, 0.79, 1.06, 0.85, 1.09, 1.44, 1.51, 1.33, 4.94, 7.66, 6.93, 6.04, 6.17, 6.59, 7.04, 6.15, 5.35, 6.3, 5.79, 5.55, 5.29, 5.37, 5.42, 4.68, 4.84, 4.34, 3.83, 3.6], [6.469, 7.496, 7.373, 6.403, 5.501, 5.219, 5.396, 5.139, 5.2, 5.472, 5.822, 6.012, 6.102, 6.711, 6.7, 6.28, 6.12, 6.45, 6.69, 6.71, 7.0, 7.13, 7.41, 7.78, 7.97, 7.38, 6.43, 5.29, 3.89, 3.93, 4.21, 4.74, 4.59, 5.19, 5.81, 4.02, 4.03, 4.07, 4.227, 5.04, 5.953, 5.83, 5.64, 4.95, 4.21, 4.29, 4.06, 3.73, 3.68, 3.05, 2.54, 1.98, 2.07, 2.01, 1.38, 1.31, 1.22, 0.66, 0, 0.63, 0.98, 0.89, 1.05, 1.22, 1.31, 1.47, 5.18, 7.94, 7.19, 6.24, 6.31, 6.83, 7.22, 6.23, 5.29, 6.28, 6.01, 5.85, 5.57, 5.67, 5.72, 4.98, 5.0, 4.54, 4.01, 3.78], [6.396, 7.419, 7.296, 6.33, 5.491, 5.23, 5.41, 5.17, 5.23, 5.479, 5.769, 5.939, 6.029, 6.721, 6.69, 6.27, 6.11, 6.46, 6.72, 6.7, 6.97, 7.1, 7.36, 7.689, 7.86, 7.27, 6.36, 5.28, 3.94, 3.9, 4.2, 4.65, 4.48, 5.08, 5.66, 3.93, 3.96, 3.983, 4.08, 4.916, 5.803, 5.7, 5.53, 4.82, 4.14, 4.18, 3.97, 3.64, 3.63, 3.02, 2.51, 1.93, 2.04, 2.0, 1.49, 1.5, 1.41, 0.79, 0.63, 0, 0.67, 0.7, 0.86, 1.13, 1.2, 1.66, 5.31, 8.01, 7.24, 6.45, 6.66, 7.12, 7.53, 6.6, 5.7, 6.67, 6.16, 5.94, 5.76, 5.76, 5.87, 5.13, 5.15, 4.65, 4.16, 3.91], [6.243, 7.266, 7.144, 6.183, 5.383, 5.14, 5.28, 5.08, 5.12, 5.366, 5.636, 5.826, 5.936, 6.553, 6.54, 6.14, 6.0, 6.33, 6.57, 6.57, 6.84, 6.99, 7.17, 7.58, 7.69, 7.18, 6.25, 5.13, 3.91, 3.91, 4.17, 4.52, 4.41, 5.13, 5.67, 3.98, 4.05, 4.03, 4.09, 4.969, 5.819, 5.73, 5.56, 4.91, 4.23, 4.33, 4.1, 3.79, 3.8, 3.11, 2.62, 2.04, 2.17, 2.05, 1.56, 1.71, 1.64, 1.06, 0.98, 0.67, 0, 0.67, 0.85, 1.16, 1.19, 1.87, 5.54, 8.2, 7.39, 6.72, 6.95, 7.39, 7.8, 6.89, 5.93, 6.86, 6.45, 6.17, 6.03, 6.01, 6.04, 5.22, 5.16, 4.6, 4.11, 3.82], [6.456, 7.48, 7.357, 6.387, 5.476, 5.31, 5.47, 5.25, 5.25, 5.539, 5.829, 6.039, 6.129, 6.766, 6.77, 6.35, 6.21, 6.52, 6.78, 6.78, 7.05, 7.16, 7.38, 7.77, 7.92, 7.37, 6.44, 5.34, 4.04, 4.04, 4.3, 4.79, 4.6, 5.28, 5.86, 4.09, 4.14, 4.14, 4.26, 5.119, 5.949, 5.88, 5.71, 5.04, 4.3, 4.38, 4.15, 3.84, 3.83, 3.14, 2.61, 2.01, 2.14, 2.14, 1.61, 1.68, 1.35, 0.85, 0.89, 0.7, 0.67, 0, 0.9, 1.23, 1.28, 1.82, 5.23, 7.95, 7.18, 6.43, 6.7, 7.12, 7.51, 6.68, 5.8, 6.73, 6.2, 5.94, 5.74, 5.76, 5.77, 4.99, 4.97, 4.49, 3.96, 3.75], [6.473, 7.442, 7.319, 6.349, 5.613, 5.41, 5.53, 5.41, 5.45, 5.62, 5.879, 6.036, 6.146, 6.763, 6.73, 6.33, 6.27, 6.6, 6.88, 6.86, 7.09, 7.28, 7.44, 7.81, 7.96, 7.35, 6.36, 5.24, 4.1, 4.1, 4.34, 4.79, 4.56, 5.24, 5.92, 4.13, 4.1, 4.18, 4.297, 5.116, 5.903, 5.88, 5.65, 5.0, 4.18, 4.26, 4.01, 3.82, 3.71, 2.98, 2.49, 1.99, 2.04, 2.0, 1.79, 1.88, 1.63, 1.09, 1.05, 0.86, 0.85, 0.9, 0, 1.13, 1.26, 1.76, 5.45, 8.05, 7.24, 6.65, 6.8, 7.26, 7.69, 6.84, 5.98, 6.87, 6.36, 6.02, 5.88, 5.88, 5.91, 5.11, 5.29, 4.65, 4.22, 3.97], [5.618, 6.572, 6.449, 5.498, 4.91, 4.76, 4.98, 4.84, 4.84, 4.99, 5.011, 5.201, 5.36, 5.96, 5.98, 5.62, 5.64, 5.99, 6.19, 6.23, 6.44, 6.59, 6.65, 6.9, 7.03, 6.52, 5.73, 4.65, 3.43, 3.43, 3.61, 3.88, 3.57, 4.35, 4.97, 3.18, 3.23, 3.31, 3.347, 4.186, 4.953, 4.91, 4.68, 4.03, 3.33, 3.41, 3.26, 2.91, 2.88, 2.19, 1.8, 1.38, 1.39, 1.39, 1.4, 1.97, 2.14, 1.44, 1.22, 1.13, 1.16, 1.23, 1.13, 0, 0.73, 2.43, 6.14, 8.899, 8.11, 7.18, 7.21, 7.75, 8.16, 7.23, 6.29, 7.28, 7.05, 6.87, 6.57, 6.71, 6.8, 5.98, 6.04, 5.5, 4.89, 4.68], [5.513, 6.505, 6.382, 5.432, 4.8, 4.67, 4.85, 4.71, 4.75, 4.9, 5.006, 5.216, 5.306, 5.93, 5.95, 5.57, 5.59, 5.94, 6.12, 6.16, 6.37, 6.5, 6.56, 6.85, 7.04, 6.37, 5.62, 4.58, 3.36, 3.4, 3.58, 3.93, 3.6, 4.36, 4.92, 3.21, 3.26, 3.28, 3.32, 4.17, 4.886, 4.9, 4.71, 4.1, 3.56, 3.62, 3.43, 3.06, 3.03, 2.26, 1.79, 1.25, 1.44, 1.46, 1.37, 2.12, 2.15, 1.51, 1.31, 1.2, 1.19, 1.28, 1.26, 0.73, 0, 2.56, 6.25, 8.95, 8.14, 7.15, 7.24, 7.78, 8.21, 7.26, 6.3, 7.21, 7.12, 6.94, 6.62, 6.78, 6.89, 6.09, 5.95, 5.51, 4.82, 4.63], [7.696, 8.729, 8.605, 7.636, 6.697, 6.362, 6.423, 6.282, 6.224, 6.62, 7.049, 7.219, 7.309, 7.867, 7.767, 7.324, 7.164, 7.531, 7.791, 7.866, 8.141, 8.34, 8.68, 9.03, 9.24, 8.59, 7.62, 6.48, 5.12, 5.14, 5.44, 6.01, 5.82, 6.4, 7.04, 5.15, 5.16, 5.332, 5.454, 6.199, 7.138, 7.049, 6.839, 6.186, 5.14, 5.22, 4.99, 4.86, 4.69, 4.08, 3.69, 3.09, 3.2, 3.24, 2.29, 1.58, 1.03, 1.33, 1.47, 1.66, 1.87, 1.82, 1.76, 2.43, 2.56, 0, 4.11, 6.77, 6.06, 5.33, 5.36, 5.84, 6.29, 5.4, 4.54, 5.43, 4.96, 4.68, 4.52, 4.48, 4.55, 3.83, 4.21, 3.63, 3.16, 2.89], [11.601, 12.623, 12.5, 11.534, 10.601, 10.231, 10.328, 10.064, 10.01, 10.5, 10.933, 11.103, 11.213, 11.771, 11.611, 11.128, 11.028, 11.335, 11.675, 11.715, 11.965, 12.209, 12.546, 12.893, 13.07, 12.44, 11.49, 10.31, 8.97, 8.903, 9.263, 9.736, 9.57, 10.126, 10.595, 8.657, 8.912, 8.949, 9.029, 9.89, 10.638, 10.641, 10.467, 9.715, 8.69, 8.69, 8.56, 8.43, 8.36, 8.03, 7.58, 6.88, 6.91, 7.11, 6.14, 4.85, 4.24, 4.94, 5.18, 5.31, 5.54, 5.23, 5.45, 6.14, 6.25, 4.11, 0, 3.02, 2.55, 2.12, 2.55, 2.61, 2.8, 2.59, 2.49, 3.26, 2.11, 1.47, 1.47, 1.61, 1.12, 1.7, 1.76, 1.84, 2.45, 2.7], [14.404, 15.403, 15.28, 14.327, 13.386, 13.036, 13.132, 12.858, 12.804, 13.291, 13.739, 13.909, 14.019, 14.556, 14.396, 13.913, 13.816, 14.121, 14.461, 14.501, 14.769, 14.994, 15.288, 15.699, 15.828, 15.14, 14.245, 13.049, 11.726, 11.709, 12.069, 12.542, 12.329, 12.935, 13.352, 11.48, 11.698, 11.737, 11.845, 12.698, 13.3, 13.402, 13.248, 12.478, 11.45, 11.35, 11.24, 11.175, 11.12, 10.77, 10.299, 9.642, 9.692, 9.849, 8.936, 7.65, 7.02, 7.66, 7.94, 8.01, 8.2, 7.95, 8.05, 8.899, 8.95, 6.77, 3.02, 0, 1.27, 2.12, 2.47, 2.03, 1.96, 2.27, 3.73, 3.1, 2.25, 2.49, 2.69, 2.91, 2.98, 3.48, 3.4, 4.2, 5.27, 5.42], [13.626, 14.627, 14.504, 13.549, 12.613, 12.263, 12.354, 12.079, 12.025, 12.512, 12.966, 13.136, 13.246, 13.783, 13.623, 13.141, 13.041, 13.348, 13.688, 13.728, 13.991, 14.215, 14.509, 14.926, 15.053, 14.37, 13.473, 12.24, 10.953, 10.936, 11.296, 11.746, 11.54, 12.139, 12.62, 10.77, 11.005, 11.026, 11.123, 11.935, 12.543, 12.7, 12.492, 11.76, 10.86, 10.86, 10.63, 10.48, 10.51, 10.12, 9.65, 8.95, 8.98, 9.12, 8.19, 6.96, 6.37, 6.93, 7.19, 7.24, 7.39, 7.18, 7.24, 8.11, 8.14, 6.06, 2.55, 1.27, 0, 1.55, 1.98, 1.56, 1.41, 1.74, 3.02, 2.33, 1.6, 2.16, 2.32, 2.52, 2.73, 3.23, 3.17, 3.53, 4.5, 4.63], [12.552, 13.555, 13.432, 12.477, 11.532, 11.182, 11.279, 11.007, 10.953, 11.44, 11.885, 12.055, 12.165, 12.702, 12.542, 12.059, 11.999, 12.266, 12.606, 12.646, 12.916, 13.141, 13.435, 13.845, 14.01, 13.3, 12.41, 11.25, 9.87, 9.855, 10.215, 10.725, 10.53, 11.138, 11.498, 9.6, 9.883, 9.903, 10.026, 10.884, 11.538, 11.621, 11.451, 10.709, 9.83, 9.83, 9.68, 9.41, 9.48, 9.07, 8.58, 7.88, 7.99, 8.19, 7.12, 5.97, 5.48, 6.04, 6.24, 6.45, 6.72, 6.43, 6.65, 7.18, 7.15, 5.33, 2.12, 2.12, 1.55, 0, 1.01, 1.09, 1.48, 1.19, 1.91, 1.8, 1.41, 1.69, 2.01, 2.19, 2.46, 3.26, 3.06, 3.36, 3.67, 3.86], [12.215, 13.225, 13.102, 12.138, 11.196, 10.846, 10.942, 10.668, 10.614, 11.101, 11.549, 11.719, 11.829, 12.366, 12.206, 11.723, 11.626, 11.931, 12.271, 12.311, 12.579, 12.805, 13.113, 13.509, 13.64, 12.97, 12.06, 10.86, 9.54, 9.519, 9.879, 10.363, 10.14, 10.745, 11.179, 9.252, 9.507, 9.524, 9.653, 10.48, 11.159, 11.23, 11.049, 10.322, 9.42, 9.48, 9.55, 9.36, 9.09, 9.0, 8.41, 7.85, 8.02, 8.16, 6.85, 5.56, 5.53, 6.17, 6.31, 6.66, 6.95, 6.7, 6.8, 7.21, 7.24, 5.36, 2.55, 2.47, 1.98, 1.01, 0, 0.94, 1.53, 0.82, 1.56, 1.39, 1.36, 1.94, 2.28, 2.32, 2.83, 3.63, 3.61, 3.87, 4.04, 4.15], [12.965, 13.976, 13.853, 12.893, 11.945, 11.595, 11.692, 11.423, 11.369, 11.856, 12.298, 12.468, 12.578, 13.115, 12.975, 12.492, 12.432, 12.679, 13.019, 13.059, 13.329, 13.573, 13.871, 14.258, 14.44, 13.75, 12.84, 11.7, 10.28, 10.268, 10.628, 11.158, 10.98, 11.551, 11.911, 9.981, 10.233, 10.31, 10.45, 11.283, 11.947, 12.01, 11.863, 11.076, 10.08, 10.06, 10.07, 9.94, 9.69, 9.5, 8.91, 8.35, 8.52, 8.72, 7.55, 6.28, 5.97, 6.59, 6.83, 7.12, 7.39, 7.12, 7.26, 7.75, 7.78, 5.84, 2.61, 2.03, 1.56, 1.09, 0.94, 0, 1.01, 0.96, 2.34, 1.89, 1.36, 1.92, 2.24, 2.36, 2.79, 3.63, 3.63, 3.95, 4.34, 4.55], [13.349, 14.369, 14.246, 13.28, 12.329, 11.979, 12.076, 11.81, 11.756, 12.249, 12.682, 12.852, 12.962, 13.499, 13.348, 12.865, 12.785, 13.072, 13.412, 13.443, 13.713, 13.946, 14.266, 14.642, 14.81, 14.16, 13.21, 12.07, 10.69, 10.652, 11.012, 11.516, 11.35, 11.903, 12.341, 10.4, 10.649, 10.689, 10.858, 11.653, 12.441, 12.415, 12.253, 11.495, 10.59, 10.57, 10.62, 10.37, 10.2, 9.95, 9.38, 8.74, 8.91, 9.13, 7.96, 6.71, 6.42, 7.04, 7.22, 7.53, 7.8, 7.51, 7.69, 8.16, 8.21, 6.29, 2.8, 1.96, 1.41, 1.48, 1.53, 1.01, 0, 1.27, 2.71, 2.1, 1.63, 2.39, 2.55, 2.81, 3.18, 3.78, 3.48, 4.06, 4.75, 4.94], [12.305, 13.331, 13.208, 12.242, 11.294, 10.935, 11.032, 10.772, 10.717, 11.217, 11.638, 11.808, 11.918, 12.464, 12.324, 11.841, 11.781, 12.028, 12.368, 12.408, 12.669, 12.922, 13.276, 13.606, 13.84, 13.19, 12.24, 11.1, 9.68, 9.608, 9.968, 10.55, 10.38, 10.899, 11.325, 9.39, 9.663, 9.685, 9.831, 10.678, 11.514, 11.471, 11.298, 10.528, 9.7, 9.78, 9.77, 9.36, 9.25, 8.92, 8.35, 7.75, 7.98, 8.06, 6.91, 5.7, 5.61, 6.15, 6.23, 6.6, 6.89, 6.68, 6.84, 7.23, 7.26, 5.4, 2.59, 2.27, 1.74, 1.19, 0.82, 0.96, 1.27, 0,