[[0, 0.95, 1.51, 1.72, 1.66, 2.02, 2.39, 2.18, 1.97, 1.5, 1.44, 1.5, 1.8, 1.16, 1.35, 1.41, 1.39, 1.76, 2.02, 2.21, 2.13, 2.03, 1.14, 1.69, 2.45, 2.62, 2.27, 2.52, 2.83, 2.72, 2.53, 2.8, 2.74, 2.47, 2.17, 1.75, 2.15, 2.19, 2.19, 2.49, 2.6, 2.34, 2.78, 2.73, 3.1, 2.6, 3.33, 3.66, 3.17, 2.79, 2.88, 3.44, 3.64, 3.81, 3.37, 3.13, 3.9, 5.21, 6.68, 7.04, 6.78, 5.54, 4.05, 3.11, 3.01, 2.82, 2.87, 2.38, 1.98, 2.36, 2.59, 2.76, 2.75, 2.34, 2.71, 2.98, 2.79, 2.91, 2.78, 2.58, 3.1, 3.76, 4.95, 6.65, 7.03, 6.85], [0.95, 0, 1.1, 1.05, 1.15, 1.43, 1.9, 1.79, 1.54, 1.23, 1.31, 1.35, 1.91, 1.25, 1.52, 1.54, 1.22, 1.63, 1.75, 1.78, 1.62, 1.78, 1.35, 1.66, 2.04, 2.25, 1.8, 1.95, 2.14, 2.19, 2.3, 2.51, 2.49, 2.5, 2.08, 1.72, 1.86, 1.86, 1.86, 2.2, 2.21, 2.11, 2.53, 2.68, 3.01, 2.19, 3.14, 3.35, 2.82, 2.6, 2.63, 3.05, 3.59, 3.76, 3.34, 2.68, 3.37, 4.8, 6.43, 6.67, 6.39, 5.07, 3.46, 2.74, 2.64, 2.69, 2.74, 2.37, 2.19, 2.63, 2.7, 2.79, 2.82, 2.37, 2.6, 2.87, 2.76, 2.84, 2.69, 2.49, 3.03, 3.71, 4.88, 6.6, 6.96, 6.7], [1.51, 1.1, 0, 0.93, 1.17, 1.63, 2.1, 2.07, 1.82, 1.67, 1.45, 1.31, 2.01, 1.51, 2.06, 1.76, 1.14, 1.27, 1.49, 1.6, 1.38, 1.7, 1.69, 1.46, 1.68, 1.75, 1.52, 1.59, 1.88, 1.91, 2.16, 2.31, 2.41, 2.42, 2.02, 1.46, 1.46, 1.46, 1.54, 1.82, 2.11, 2.05, 2.55, 2.76, 3.15, 2.15, 2.64, 2.79, 2.28, 2.2, 2.25, 2.45, 3.09, 3.52, 3.14, 2.2, 3.05, 4.56, 5.99, 6.13, 5.83, 4.63, 3.06, 2.24, 2.18, 2.45, 2.54, 2.21, 2.65, 3.07, 3.16, 3.17, 3.2, 2.59, 2.44, 2.57, 2.7, 2.92, 2.87, 2.75, 3.27, 4.11, 5.04, 6.74, 7.16, 7.08], [1.72, 1.05, 0.93, 0, 0.8, 1.38, 1.85, 1.92, 1.61, 1.64, 1.5, 1.3, 1.94, 1.52, 2.01, 1.73, 1.41, 1.62, 1.66, 1.59, 1.39, 1.89, 1.6, 1.51, 1.75, 1.84, 1.53, 1.54, 1.73, 1.94, 2.35, 2.46, 2.64, 2.63, 2.25, 1.73, 1.43, 1.51, 1.57, 1.97, 2.16, 2.14, 2.66, 2.95, 3.26, 1.96, 2.67, 2.84, 2.29, 2.29, 2.36, 2.48, 2.9, 3.17, 2.75, 2.13, 3.08, 4.79, 6.24, 6.28, 6.0, 4.82, 3.19, 2.27, 2.23, 2.56, 2.59, 2.22, 2.62, 2.92, 2.85, 2.86, 3.17, 2.46, 2.21, 2.56, 2.59, 2.79, 2.76, 2.72, 3.2, 4.06, 4.89, 6.55, 6.97, 6.87], [1.66, 1.15, 1.17, 0.8, 0, 1.0, 1.51, 1.86, 1.29, 1.24, 1.2, 1.16, 2.12, 1.48, 1.95, 1.77, 1.81, 1.98, 2.14, 2.07, 1.81, 2.11, 1.76, 1.77, 2.03, 2.12, 1.89, 1.98, 2.03, 2.1, 2.51, 2.64, 2.82, 2.81, 2.47, 2.09, 1.73, 1.81, 1.93, 2.37, 2.46, 2.56, 2.8, 3.17, 3.42, 2.3, 3.11, 3.28, 2.79, 2.65, 2.72, 2.9, 3.2, 3.33, 2.95, 2.61, 3.32, 4.97, 6.46, 6.62, 6.3, 5.04, 3.39, 2.77, 2.67, 2.8, 2.81, 2.48, 2.48, 2.7, 2.61, 2.7, 2.93, 2.3, 2.47, 2.5, 2.47, 2.55, 2.5, 2.48, 2.98, 3.78, 4.73, 6.37, 6.81, 6.65], [2.02, 1.43, 1.63, 1.38, 1.0, 0, 0.95, 1.26, 0.85, 1.16, 1.26, 1.82, 2.66, 1.9, 2.03, 2.01, 2.21, 2.5, 2.58, 2.51, 2.17, 2.67, 2.3, 2.19, 2.67, 2.62, 2.31, 2.24, 2.41, 2.62, 3.03, 3.24, 3.38, 3.43, 2.95, 2.59, 2.17, 2.31, 2.35, 2.87, 2.86, 3.04, 3.24, 3.61, 3.9, 2.46, 3.15, 3.3, 2.87, 3.03, 3.12, 3.02, 3.32, 3.39, 3.05, 2.65, 3.68, 5.41, 6.86, 7.06, 6.8, 5.54, 3.77, 2.95, 2.77, 3.14, 3.23, 2.84, 2.62, 2.94, 2.91, 2.7, 2.55, 2.22, 2.65, 2.7, 2.71, 2.55, 2.4, 2.42, 2.64, 3.32, 4.21, 5.83, 6.15, 6.03], [2.39, 1.9, 2.1, 1.85, 1.51, 0.95, 0, 0.93, 0.94, 1.33, 1.47, 2.31, 3.17, 2.37, 2.32, 2.18, 2.72, 3.11, 3.23, 3.18, 2.94, 3.14, 2.73, 2.72, 3.26, 3.13, 2.72, 2.85, 3.0, 3.17, 3.6, 3.75, 3.93, 3.92, 3.62, 3.18, 2.88, 2.92, 2.94, 3.5, 3.57, 3.65, 3.81, 4.14, 4.37, 2.91, 3.34, 3.53, 3.28, 3.56, 3.65, 3.25, 3.35, 3.38, 3.1, 3.0, 4.15, 5.92, 7.35, 7.45, 7.17, 5.93, 4.28, 3.38, 3.28, 3.59, 3.68, 3.29, 2.75, 3.19, 3.0, 2.77, 2.62, 2.47, 2.84, 3.01, 3.08, 2.88, 2.83, 2.61, 2.59, 3.05, 3.82, 5.38, 5.64, 5.82], [2.18, 1.79, 2.07, 1.92, 1.86, 1.26, 0.93, 0, 0.95, 1.26, 1.5, 2.42, 3.22, 2.14, 2.09, 1.91, 2.43, 3.02, 3.04, 3.03, 2.85, 3.29, 2.6, 2.57, 3.21, 3.1, 2.53, 2.74, 2.99, 3.34, 3.69, 3.96, 4.054, 3.924, 3.535, 2.79, 2.73, 2.69, 2.67, 3.13, 3.38, 3.32, 3.8, 4.09, 4.46, 2.92, 3.05, 3.28, 3.05, 3.27, 3.4, 3.02, 3.2, 3.31, 2.95, 2.81, 4.22, 6.13, 7.54, 7.62, 7.32, 6.12, 4.33, 3.11, 3.01, 3.3, 3.35, 3.0, 2.52, 2.96, 2.79, 2.76, 2.47, 2.34, 2.59, 3.0, 3.21, 3.07, 2.9, 2.7, 2.52, 2.76, 3.65, 5.35, 5.59, 5.67], [1.97, 1.54, 1.82, 1.61, 1.29, 0.85, 0.94, 0.95, 0, 0.95, 1.21, 1.97, 2.71, 1.69, 1.86, 1.74, 2.18, 2.67, 2.71, 2.64, 2.44, 2.74, 2.31, 2.32, 2.92, 2.85, 2.16, 2.31, 2.52, 2.85, 3.2, 3.47, 3.607, 3.452, 3.04, 2.46, 2.44, 2.46, 2.46, 2.96, 2.949, 2.85, 3.19, 3.58, 3.95, 2.55, 3.08, 3.29, 2.78, 2.8, 2.91, 2.93, 3.23, 3.3, 2.96, 2.62, 3.81, 5.64, 7.07, 7.21, 6.91, 5.71, 3.84, 2.8, 2.84, 3.05, 3.1, 2.65, 2.19, 2.59, 2.64, 2.63, 2.16, 1.91, 2.54, 2.65, 2.82, 2.64, 2.57, 2.37, 2.39, 2.91, 3.9, 5.68, 6.06, 5.92], [1.5, 1.23, 1.67, 1.64, 1.24, 1.16, 1.33, 1.26, 0.95, 0, 0.86, 1.72, 2.56, 1.52, 1.41, 1.41, 1.73, 2.34, 2.46, 2.45, 2.35, 2.67, 1.96, 1.95, 2.57, 2.68, 2.17, 2.42, 2.65, 2.74, 2.99, 3.24, 3.397, 3.342, 2.93, 2.03, 2.13, 2.09, 2.17, 2.57, 2.88, 2.72, 3.2, 3.47, 3.9, 2.78, 3.19, 3.42, 2.93, 2.77, 2.94, 3.18, 3.16, 3.19, 2.93, 2.89, 3.88, 5.59, 7.16, 7.4, 7.08, 5.78, 3.99, 2.97, 2.85, 2.74, 2.73, 2.44, 1.78, 2.28, 2.23, 2.32, 2.13, 1.68, 2.19, 2.34, 2.33, 2.23, 2.2, 1.92, 2.14, 2.78, 3.93, 5.75, 6.13, 5.93], [1.44, 1.31, 1.45, 1.5, 1.2, 1.26, 1.47, 1.5, 1.21, 0.86, 0, 1.72, 2.56, 1.56, 1.43, 1.31, 1.65, 2.28, 2.34, 2.53, 2.43, 2.69, 1.86, 1.71, 2.39, 2.52, 2.21, 2.44, 2.65, 2.64, 2.95, 3.12, 3.42, 3.347, 2.901, 2.03, 2.01, 2.13, 2.25, 2.678, 3.02, 2.72, 3.24, 3.43, 3.9, 2.92, 3.11, 3.36, 2.89, 2.71, 2.84, 3.12, 3.1, 3.15, 2.83, 2.87, 3.88, 5.59, 7.04, 7.28, 6.86, 5.66, 3.95, 2.95, 2.95, 2.98, 2.93, 2.5, 1.92, 2.22, 2.39, 2.42, 2.21, 1.62, 2.29, 2.3, 2.29, 2.23, 2.24, 1.94, 2.36, 3.04, 4.01, 5.77, 6.21, 6.13], [1.5, 1.35, 1.31, 1.3, 1.16, 1.82, 2.31, 2.42, 1.97, 1.72, 1.72, 0, 1.34, 1.26, 2.09, 1.97, 1.51, 1.46, 1.84, 1.93, 1.69, 1.69, 1.44, 1.73, 2.31, 2.36, 2.13, 2.1, 2.25, 2.06, 1.89, 2.0, 1.98, 1.95, 1.89, 1.89, 1.97, 1.97, 2.13, 2.33, 2.3, 2.3, 2.4, 2.73, 2.86, 2.6, 3.43, 3.54, 3.07, 2.71, 2.76, 3.18, 3.54, 3.75, 3.39, 2.97, 3.1, 4.27, 5.86, 6.06, 5.74, 4.62, 3.45, 3.07, 2.93, 2.88, 2.89, 2.48, 2.74, 3.0, 3.19, 3.44, 3.53, 2.8, 2.79, 2.84, 2.75, 3.03, 3.12, 3.1, 3.7, 4.44, 5.53, 7.29, 7.71, 7.51], [1.8, 1.91, 2.01, 1.94, 2.12, 2.66, 3.17, 3.22, 2.71, 2.56, 2.56, 1.34, 0, 1.66, 2.69, 2.55, 1.75, 1.66, 1.76, 1.71, 1.59, 1.05, 1.5, 1.89, 2.43, 2.42, 1.99, 1.88, 2.09, 1.9, 1.53, 1.82, 1.5, 1.29, 1.37, 1.83, 2.33, 2.17, 2.09, 2.19, 1.94, 1.76, 1.92, 1.95, 2.26, 2.38, 3.37, 3.46, 2.91, 2.41, 2.54, 3.1, 3.64, 4.09, 3.71, 2.73, 2.76, 3.93, 5.34, 5.66, 5.4, 4.36, 3.33, 2.83, 2.75, 2.8, 2.75, 2.34, 3.18, 3.56, 3.67, 4.1, 4.19, 3.42, 3.15, 3.5, 3.57, 3.89, 3.74, 3.78, 4.38, 5.06, 6.37, 8.23, 8.63, 8.37], [1.16, 1.25, 1.51, 1.52, 1.48, 1.9, 2.37, 2.14, 1.69, 1.52, 1.56, 1.26, 1.66, 0, 1.37, 1.45, 1.21, 1.74, 1.9, 1.89, 1.93, 1.81, 1.38, 1.69, 2.39, 2.6, 2.11, 2.16, 2.49, 2.46, 2.49, 2.72, 2.613, 2.216, 1.85, 1.51, 2.07, 2.13, 2.07, 2.278, 2.16, 1.76, 2.26, 2.37, 2.86, 2.46, 3.05, 3.28, 2.77, 2.27, 2.48, 3.02, 3.34, 3.51, 3.13, 2.73, 3.62, 4.93, 6.44, 6.76, 6.5, 5.3, 3.67, 2.79, 2.65, 2.42, 2.39, 1.96, 1.84, 2.1, 2.57, 2.88, 2.83, 2.28, 2.51, 2.7, 2.69, 2.89, 2.88, 2.78, 3.3, 3.92, 5.23, 6.99, 7.37, 7.15], [1.35, 1.52, 2.06, 2.01, 1.95, 2.03, 2.32, 2.09, 1.86, 1.41, 1.43, 2.09, 2.69, 1.37, 0, 0.72, 1.54, 2.57, 2.37, 2.52, 2.64, 2.8, 1.81, 1.84, 2.76, 3.15, 2.56, 2.75, 2.98, 3.21, 3.33, 3.64, 3.58, 3.383, 2.912, 1.88, 1.86, 2.051, 1.9, 2.378, 2.848, 2.63, 3.19, 3.36, 3.63, 2.81, 2.88, 3.19, 2.72, 2.5, 2.87, 3.47, 2.85, 2.84, 2.58, 3.16, 4.45, 5.84, 7.41, 7.81, 7.53, 6.21, 4.42, 3.08, 2.64, 2.07, 2.08, 1.73, 1.11, 1.33, 1.64, 1.85, 1.7, 1.47, 1.84, 2.05, 2.0, 2.12, 2.01, 1.71, 2.19, 2.73, 3.96, 5.68, 6.06, 5.84], [1.41, 1.54, 1.76, 1.73, 1.77, 2.01, 2.18, 1.91, 1.74, 1.41, 1.31, 1.97, 2.55, 1.45, 0.72, 0, 1.38, 2.41, 2.35, 2.48, 2.42, 2.58, 1.65, 1.54, 2.52, 2.83, 2.2, 2.39, 2.7, 2.95, 3.133, 3.483, 3.48, 3.303, 2.848, 1.67, 1.6, 1.831, 1.699, 2.318, 2.888, 2.63, 3.19, 3.3, 3.63, 2.55, 2.62, 2.89, 2.54, 2.26, 2.59, 3.11, 2.57, 2.68, 2.38, 2.82, 4.15, 5.62, 7.03, 7.45, 7.17, 5.89, 4.08, 2.72, 2.4, 2.07, 2.12, 1.79, 1.19, 1.55, 1.72, 1.85, 1.76, 1.39, 1.7, 1.91, 2.02, 2.22, 2.19, 1.79, 2.21, 2.77, 4.0, 5.72, 6.1, 5.88], [1.39, 1.22, 1.14, 1.41, 1.81, 2.21, 2.72, 2.43, 2.18, 1.73, 1.65, 1.51, 1.75, 1.21, 1.54, 1.38, 0, 1.21, 1.25, 1.46, 1.48, 1.6, 1.39, 1.24, 1.64, 2.01, 1.56, 1.73, 2.06, 2.13, 2.0, 2.35, 2.34, 2.157, 1.7, 0.94, 1.5, 1.38, 1.24, 1.48, 1.79, 1.57, 2.15, 2.22, 2.63, 1.95, 2.38, 2.63, 2.08, 1.82, 1.93, 2.55, 2.93, 3.46, 3.02, 2.2, 3.29, 4.7, 6.19, 6.57, 6.29, 4.99, 3.28, 2.24, 2.0, 1.99, 2.06, 1.57, 2.13, 2.49, 2.76, 2.97, 2.98, 2.37, 2.24, 2.61, 2.6, 2.94, 2.81, 2.67, 3.33, 4.01, 5.3, 7.02, 7.4, 7.18], [1.76, 1.63, 1.27, 1.62, 1.98, 2.5, 3.11, 3.02, 2.67, 2.34, 2.28, 1.46, 1.66, 1.74, 2.57, 2.41, 1.21, 0, 0.94, 1.23, 1.51, 1.53, 1.66, 1.69, 1.55, 1.48, 1.59, 1.7, 1.73, 1.64, 1.49, 1.56, 1.6, 1.49, 1.23, 1.41, 1.99, 1.75, 1.81, 1.63, 1.8, 1.74, 2.14, 1.89, 2.26, 1.88, 2.81, 2.9, 2.39, 2.45, 2.22, 2.68, 3.6, 4.19, 3.79, 2.23, 2.56, 3.77, 5.28, 5.58, 5.28, 4.1, 2.69, 2.05, 2.13, 2.62, 2.73, 2.3, 3.2, 3.52, 3.73, 3.92, 4.05, 3.28, 2.99, 3.28, 3.21, 3.47, 3.48, 3.46, 4.16, 4.92, 6.09, 7.87, 8.27, 8.01], [2.02, 1.75, 1.49, 1.66, 2.14, 2.58, 3.23, 3.04, 2.71, 2.46, 2.34, 1.84, 1.76, 1.9, 2.37, 2.35, 1.25, 0.94, 0, 0.75, 1.29, 1.77, 1.9, 1.69, 1.75, 1.84, 1.65, 1.6, 1.53, 1.6, 1.67, 1.94, 1.9, 1.89, 1.47, 1.33, 1.77, 1.59, 1.61, 1.45, 1.56, 1.38, 1.98, 1.91, 2.28, 1.92, 2.73, 2.68, 2.11, 2.01, 1.88, 2.5, 3.32, 3.93, 3.49, 2.21, 2.58, 3.79, 5.42, 5.66, 5.32, 4.14, 2.57, 1.83, 1.99, 2.2, 2.35, 1.86, 2.98, 3.28, 3.47, 3.78, 3.91, 3.16, 2.83, 3.12, 3.11, 3.43, 3.32, 3.48, 4.16, 4.84, 5.97, 7.79, 8.19, 7.97], [2.21, 1.78, 1.6, 1.59, 2.07, 2.51, 3.18, 3.03, 2.64, 2.45, 2.53, 1.93, 1.71, 1.89, 2.52, 2.48, 1.46, 1.23, 0.75, 0, 0.86, 1.66, 1.95, 1.74, 1.7, 1.81, 1.5, 1.39, 1.38, 1.51, 1.7, 1.93, 1.85, 1.96, 1.42, 1.5, 1.76, 1.44, 1.56, 1.38, 1.31, 1.29, 1.87, 1.94, 2.27, 1.75, 2.72, 2.49, 1.82, 1.76, 1.61, 2.19, 3.19, 3.9, 3.44, 1.98, 2.39, 3.74, 5.35, 5.55, 5.25, 4.01, 2.38, 1.7, 1.82, 1.97, 2.08, 1.75, 3.07, 3.33, 3.5, 3.87, 3.98, 3.29, 2.98, 3.27, 3.3, 3.58, 3.49, 3.61, 4.27, 4.95, 6.14, 7.92, 8.3, 8.08], [2.13, 1.62, 1.38, 1.39, 1.81, 2.17, 2.94, 2.85, 2.44, 2.35, 2.43, 1.69, 1.59, 1.93, 2.64, 2.42, 1.48, 1.51, 1.29, 0.86, 0, 1.56, 1.83, 1.5, 1.74, 1.81, 1.48, 1.23, 1.34, 1.51, 1.64, 1.95, 1.89, 2.16, 1.6, 1.56, 1.7, 1.42, 1.48, 1.52, 1.35, 1.63, 2.05, 2.16, 2.45, 1.63, 2.54, 2.47, 1.88, 1.62, 1.69, 2.11, 2.99, 3.72, 3.24, 2.0, 2.27, 3.68, 5.25, 5.39, 5.13, 3.93, 2.34, 1.86, 1.8, 1.93, 2.0, 1.89, 3.19, 3.49, 3.42, 3.69, 3.86, 3.17, 2.74, 3.17, 3.34, 3.62, 3.51, 3.55, 4.05, 4.81, 5.98, 7.74, 8.12, 7.9], [2.03, 1.78, 1.7, 1.89, 2.11, 2.67, 3.14, 3.29, 2.74, 2.67, 2.69, 1.69, 1.05, 1.81, 2.8, 2.58, 1.6, 1.53, 1.77, 1.66, 1.56, 0, 1.59, 1.78, 1.96, 2.01, 1.68, 1.65, 1.98, 1.89, 1.66, 1.85, 1.39, 1.36, 1.4, 1.62, 2.12, 2.02, 1.78, 2.0, 1.91, 1.79, 1.95, 2.06, 2.11, 1.83, 2.94, 3.11, 2.52, 2.38, 2.37, 2.79, 3.53, 4.14, 3.74, 2.32, 2.51, 3.66, 5.01, 5.31, 5.17, 4.11, 3.0, 2.44, 2.36, 2.61, 2.62, 2.27, 3.35, 3.63, 3.7, 3.81, 4.06, 3.41, 3.08, 3.57, 3.7, 3.92, 3.73, 3.73, 4.37, 5.07, 6.3, 8.0, 8.34, 8.14], [1.14, 1.35, 1.69, 1.6, 1.76, 2.3, 2.73, 2.6, 2.31, 1.96, 1.86, 1.44, 1.5, 1.38, 1.81, 1.65, 1.39, 1.66, 1.9, 1.95, 1.83, 1.59, 0, 1.09, 1.79, 1.9, 1.53, 1.72, 2.07, 1.98, 2.03, 2.3, 2.22, 2.19, 1.77, 1.47, 1.65, 1.75, 1.77, 2.07, 2.18, 1.92, 2.4, 2.35, 2.6, 2.0, 2.83, 3.04, 2.61, 2.17, 2.24, 2.84, 3.02, 3.29, 2.87, 2.45, 3.24, 4.37, 5.9, 6.32, 6.06, 4.86, 3.31, 2.45, 2.37, 2.48, 2.47, 2.1, 2.4, 2.56, 2.65, 2.84, 3.03, 2.38, 2.47, 2.82, 2.79, 2.99, 3.02, 2.94, 3.46, 4.0, 5.11, 6.83, 7.21, 6.95], [1.69, 1.66, 1.46, 1.51, 1.77, 2.19, 2.72, 2.57, 2.32, 1.95, 1.71, 1.73, 1.89, 1.69, 1.84, 1.54, 1.24, 1.69, 1.69, 1.74, 1.5, 1.78, 1.09, 0, 1.28, 1.47, 1.18, 1.35, 1.74, 1.75, 1.88, 2.19, 2.25, 2.46, 1.88, 1.0, 1.1, 0.98, 1.14, 1.62, 1.95, 1.81, 2.37, 2.32, 2.65, 1.83, 2.24, 2.51, 2.08, 1.8, 1.99, 2.47, 2.33, 2.86, 2.44, 2.12, 3.09, 4.38, 5.91, 6.27, 5.95, 4.75, 3.1, 2.06, 1.96, 1.87, 1.88, 1.63, 2.43, 2.63, 2.635, 2.77, 2.98, 2.25, 1.94, 2.39, 2.42, 2.7, 2.59, 2.65, 3.19, 3.79, 4.92, 6.68, 7.08, 6.82], [2.45, 2.04, 1.68, 1.75, 2.03, 2.67, 3.26, 3.21, 2.92, 2.57, 2.39, 2.31, 2.43, 2.39, 2.76, 2.52, 1.64, 1.55, 1.75, 1.7, 1.74, 1.96, 1.79, 1.28, 0, 0.75, 1.14, 1.37, 1.38, 1.45, 1.54, 1.47, 1.83, 2.32, 1.82, 1.48, 1.54, 1.32, 1.46, 1.34, 1.59, 1.97, 2.49, 2.32, 2.43, 1.61, 2.3, 2.45, 2.14, 1.88, 1.53, 1.87, 2.69, 3.74, 3.3, 1.9, 2.47, 3.74, 5.33, 5.61, 5.25, 4.01, 2.32, 1.58, 1.6, 2.15, 2.14, 2.23, 3.39, 3.61, 3.56, 3.67, 3.94, 3.23, 2.76, 3.21, 3.24, 3.44, 3.39, 3.41, 3.95, 4.67, 5.72, 7.44, 7.88, 7.62], [2.62, 2.25, 1.75, 1.84, 2.12, 2.62, 3.13, 3.1, 2.85, 2.68, 2.52, 2.36, 2.42, 2.6, 3.15, 2.83, 2.01, 1.48, 1.84, 1.81, 1.81, 2.01, 1.9, 1.47, 0.75, 0, 1.03, 1.28, 1.25, 1.38, 1.51, 1.42, 1.74, 2.15, 1.71, 1.67, 1.75, 1.51, 1.59, 1.55, 1.68, 2.06, 2.44, 2.23, 2.42, 1.48, 2.11, 2.26, 1.97, 2.11, 1.82, 1.82, 2.66, 3.57, 3.19, 1.75, 2.08, 3.71, 5.2, 5.3, 4.98, 3.82, 2.21, 1.37, 1.49, 2.32, 2.35, 2.4, 3.62, 3.86, 3.71, 3.84, 4.05, 3.34, 2.77, 3.28, 3.41, 3.59, 3.62, 3.66, 3.98, 4.76, 5.67, 7.43, 7.89, 7.73], [2.27, 1.8, 1.52, 1.53, 1.89, 2.31, 2.72, 2.53, 2.16, 2.17, 2.21, 2.13, 1.99, 2.11, 2.56, 2.2, 1.56, 1.59, 1.65, 1.5, 1.48, 1.68, 1.53, 1.18, 1.14, 1.03, 0, 0.77, 1.12, 1.35, 1.6, 1.77, 2.01, 2.16, 1.6, 1.26, 1.5, 1.28, 1.36, 1.46, 1.49, 1.57, 2.03, 2.04, 2.29, 1.19, 1.9, 2.09, 1.66, 1.72, 1.53, 1.77, 2.31, 3.04, 2.62, 1.32, 2.25, 4.04, 5.49, 5.65, 5.33, 4.13, 2.36, 1.4, 1.44, 1.97, 2.06, 1.89, 2.91, 3.17, 3.1, 3.29, 3.4, 2.63, 2.2, 2.81, 3.1, 3.32, 3.35, 3.27, 3.53, 4.17, 5.2, 7.1, 7.48, 7.24], [2.52, 1.95, 1.59, 1.54, 1.98, 2.24, 2.85, 2.74, 2.31, 2.42, 2.44, 2.1, 1.88, 2.16, 2.75, 2.39, 1.73, 1.7, 1.6, 1.39, 1.23, 1.65, 1.72, 1.35, 1.37, 1.28, 0.77, 0, 0.85, 1.12, 1.45, 1.64, 1.8, 2.05, 1.49, 1.43, 1.55, 1.43, 1.53, 1.55, 1.54, 1.62, 1.76, 1.89, 2.06, 1.2, 2.11, 2.24, 1.75, 1.79, 1.68, 1.84, 2.52, 3.21, 2.75, 1.29, 1.98, 3.77, 5.2, 5.34, 5.02, 3.86, 2.11, 1.47, 1.57, 2.12, 2.25, 1.98, 3.1, 3.34, 3.35, 3.52, 3.61, 2.88, 2.49, 2.98, 3.29, 3.53, 3.54, 3.54, 3.84, 4.5, 5.43, 7.25, 7.65, 7.45], [2.83, 2.14, 1.88, 1.73, 2.03, 2.41, 3.0, 2.99, 2.52, 2.65, 2.65, 2.25, 2.09, 2.49, 2.98, 2.7, 2.06, 1.73, 1.53, 1.38, 1.34, 1.98, 2.07, 1.74, 1.38, 1.25, 1.12, 0.85, 0, 0.75, 1.16, 1.37, 1.63, 2.18, 1.58, 1.8, 1.76, 1.4, 1.62, 1.48, 1.37, 1.75, 1.87, 1.98, 2.05, 1.31, 2.38, 2.29, 1.84, 1.74, 1.57, 1.81, 2.69, 3.64, 3.2, 1.58, 1.77, 3.4, 4.95, 5.17, 4.81, 3.61, 1.96, 1.26, 1.48, 1.99, 2.1, 2.07, 3.39, 3.69, 3.68, 3.87, 4.0, 3.29, 2.82, 3.15, 3.32, 3.58, 3.65, 3.65, 4.15, 4.83, 5.72, 7.58, 8.0, 7.78], [2.72, 2.19, 1.91, 1.94, 2.1, 2.62, 3.17, 3.34, 2.85, 2.74, 2.64, 2.06, 1.9, 2.46, 3.21, 2.95, 2.13, 1.64, 1.6, 1.51, 1.51, 1.89, 1.98, 1.75, 1.45, 1.38, 1.35, 1.12, 0.75, 0, 0.93, 1.24, 1.56, 2.09, 1.59, 1.93, 1.99, 1.71, 2.01, 1.79, 1.64, 1.88, 1.74, 1.79, 1.98, 1.76, 2.93, 2.88, 2.33, 1.89, 1.68, 2.1, 3.0, 3.99, 3.57, 2.07, 1.66, 3.13, 4.66, 4.96, 4.58, 3.38, 1.79, 1.85, 2.03, 2.34, 2.43, 2.38, 3.6, 3.96, 4.022, 4.24, 4.35, 3.5, 3.11, 3.38, 3.49, 3.83, 3.9, 3.92, 4.56, 5.12, 6.09, 7.97, 8.41, 8.17], [2.53, 2.3, 2.16, 2.35, 2.51, 3.03, 3.6, 3.69, 3.2, 2.99, 2.95, 1.89, 1.53, 2.49, 3.33, 3.133, 2.0, 1.49, 1.67, 1.7, 1.64, 1.66, 2.03, 1.88, 1.54, 1.51, 1.6, 1.45, 1.16, 0.93, 0, 0.83, 1.09, 1.52, 1.24, 1.78, 2.24, 1.94, 2.12, 1.8, 1.47, 1.75, 1.71, 1.74, 1.83, 1.89, 3.06, 3.07, 2.64, 2.18, 1.77, 2.29, 3.35, 4.4, 3.98, 2.34, 1.81, 3.04, 4.57, 4.91, 4.55, 3.37, 2.22, 2.1, 2.28, 2.65, 2.68, 2.59, 3.836, 4.216, 4.343, 4.61, 4.7, 3.81, 3.46, 3.73, 3.78, 4.08, 4.07, 4.13, 4.73, 5.39, 6.62, 8.52, 8.92, 8.66], [2.8, 2.51, 2.31, 2.46, 2.64, 3.24, 3.75, 3.96, 3.47, 3.24, 3.12, 2.0, 1.82, 2.72, 3.64, 3.483, 2.35, 1.56, 1.94, 1.93, 1.95, 1.85, 2.3, 2.19, 1.47, 1.42, 1.77, 1.64, 1.37, 1.24, 0.83, 0, 0.92, 1.41, 1.29, 2.05, 2.41, 2.15, 2.37, 2.01, 1.68, 2.02, 1.9, 1.75, 1.66, 2.02, 3.17, 3.2, 2.87, 2.65, 2.2, 2.56, 3.66, 4.67, 4.25, 2.41, 1.82, 3.01, 4.58, 4.88, 4.5, 3.34, 2.27, 2.11, 2.41, 3.0, 2.97, 2.94, 4.16, 4.5, 4.613, 4.9, 5.01, 4.16, 3.77, 4.06, 3.95, 4.21, 4.28, 4.28, 4.9, 5.68, 6.77, 8.65, 9.09, 8.87], [2.74, 2.49, 2.41, 2.64, 2.82, 3.38, 3.93, 4.054, 3.607, 3.397, 3.42, 1.98, 1.5, 2.613, 3.58, 3.48, 2.34, 1.6, 1.9, 1.85, 1.89, 1.39, 2.22, 2.25, 1.83, 1.74, 2.01, 1.8, 1.63, 1.56, 1.09, 0.92, 0, 1.03, 1.15, 2.03, 2.53, 2.15, 2.31, 1.97, 1.72, 2.1, 2.08, 1.91, 1.72, 2.12, 3.41, 3.44, 3.09, 2.71, 2.44, 2.9, 3.88, 4.91, 4.49, 2.65, 1.82, 2.83, 4.32, 4.6, 4.32, 3.32, 2.61, 2.39, 2.45, 2.96, 3.03, 2.86, 4.18, 4.46, 4.573, 4.92, 5.03, 4.28, 3.87, 4.14, 4.11, 4.37, 4.24, 4.32, 5.04, 5.8, 7.05, 8.89, 9.29, 9.01], [2.47, 2.5, 2.42, 2.63, 2.81, 3.43, 3.92, 3.924, 3.452, 3.342, 3.347, 1.95, 1.29, 2.216, 3.383, 3.303, 2.157, 1.49, 1.89, 1.96, 2.16, 1.36, 2.19, 2.46, 2.32, 2.15, 2.16, 2.05, 2.18, 2.09, 1.52, 1.41, 1.03, 0, 0.94, 1.84, 2.66, 2.48, 2.42, 2.14, 1.93, 1.85, 1.89, 1.66, 1.75, 2.23, 3.42, 3.53, 3.1, 3.0, 2.75, 3.25, 4.21, 4.88, 4.5, 2.76, 2.43, 3.54, 4.89, 5.21, 4.99, 3.99, 3.02, 2.7, 2.7, 3.07, 3.2, 2.83, 3.844, 4.147, 4.434, 4.85, 4.84, 4.15, 3.78, 4.07, 4.08, 4.36, 4.27, 4.31, 4.93, 5.69, 7.08, 8.92, 9.32, 9.02], [2.17, 2.08, 2.02, 2.25, 2.47, 2.95, 3.62, 3.535, 3.04, 2.93, 2.901, 1.89, 1.37, 1.85, 2.912, 2.848, 1.7, 1.23, 1.47, 1.42, 1.6, 1.4, 1.77, 1.88, 1.82, 1.71, 1.6, 1.49, 1.58, 1.59, 1.24, 1.29, 1.15, 0.94, 0, 1.3, 2.18, 1.94, 1.9, 1.7, 1.21, 1.25, 1.49, 1.38, 1.81, 1.73, 2.8, 2.83, 2.38, 2.26, 2.01, 2.51, 3.49, 4.26, 3.9, 2.16, 2.39, 3.64, 5.13, 5.45, 5.11, 4.01, 2.6, 2.12, 2.08, 2.43, 2.5, 2.13, 3.27, 3.573, 3.957, 4.37, 4.34, 3.63, 3.3, 3.57, 3.62, 3.96, 3.85, 3.89, 4.49, 5.21, 6.6, 8.46, 8.86, 8.56], [1.75, 1.72, 1.46, 1.73, 2.09, 2.59, 3.18, 2.79, 2.46, 2.03, 2.03, 1.89, 1.83, 1.51, 1.88, 1.67, 0.94, 1.41, 1.33, 1.5, 1.56, 1.62, 1.47, 1.0, 1.48, 1.67, 1.26, 1.43, 1.8, 1.93, 1.78, 2.05, 2.03, 1.84, 1.3, 0, 1.12, 1.06, 0.98, 1.18, 1.53, 1.33, 1.97, 2.06, 2.55, 1.95, 2.14, 2.33, 1.92, 1.74, 1.73, 2.35, 2.55, 3.12, 2.74, 2.04, 3.09, 4.5, 6.01, 6.33, 5.99, 4.81, 3.14, 1.98, 1.8, 1.69, 1.8, 1.37, 2.27, 2.565, 2.78, 3.13, 3.1, 2.37, 2.06, 2.41, 2.44, 2.76, 2.69, 2.65, 3.21, 3.93, 5.32, 7.2, 7.6, 7.3], [2.15, 1.86, 1.46, 1.43, 1.73, 2.17, 2.88, 2.73, 2.44, 2.13, 2.01, 1.97, 2.33, 2.07, 1.86, 1.6, 1.5, 1.99, 1.77, 1.76, 1.7, 2.12, 1.65, 1.1, 1.54, 1.75, 1.5, 1.55, 1.76, 1.99, 2.24, 2.41, 2.53, 2.66, 2.18, 1.12, 0, 0.78, 0.92, 1.36, 2.03, 1.97, 2.69, 2.96, 3.15, 2.27, 2.2, 2.31, 1.82, 1.8, 2.03, 2.43, 2.33, 2.66, 2.24, 2.22, 3.29, 4.72, 6.15, 6.47, 6.15, 4.93, 3.22, 2.08, 1.8, 1.71, 1.8, 1.59, 2.43, 2.63, 2.66, 2.75, 2.92, 2.25, 1.86, 1.95, 2.06, 2.24, 2.25, 2.29, 2.91, 3.67, 4.78, 6.54, 6.9, 6.66], [2.19, 1.86, 1.46, 1.51, 1.81, 2.31, 2.92, 2.69, 2.46, 2.09, 2.13, 1.97, 2.17, 2.13, 2.051, 1.831, 1.38, 1.75, 1.59, 1.44, 1.42, 2.02, 1.75, 0.98, 1.32, 1.51, 1.28, 1.43, 1.4, 1.71, 1.94, 2.15, 2.15, 2.48, 1.94, 1.06, 0.78, 0, 0.76, 0.98, 1.59, 1.81, 2.49, 2.72, 2.93, 2.01, 2.24, 2.27, 1.88, 1.68, 1.71, 2.13, 2.21, 2.96, 2.56, 1.98, 2.89, 4.42, 5.95, 6.19, 5.89, 4.59, 2.98, 1.74, 1.56, 1.47, 1.68, 1.47, 2.67, 2.91, 2.9, 3.07, 3.24, 2.55, 2.08, 2.33, 2.38, 2.54, 2.47, 2.51, 3.15, 3.97, 5.16, 6.92, 7.32, 7.02], [2.19, 1.86, 1.54, 1.57, 1.93, 2.35, 2.94, 2.67, 2.46, 2.17, 2.25, 2.13, 2.09, 2.07, 1.9, 1.699, 1.24, 1.81, 1.61, 1.56, 1.48, 1.78, 1.77, 1.14, 1.46, 1.59, 1.36, 1.53, 1.62, 2.01, 2.12, 2.37, 2.31, 2.42, 1.9, 0.98, 0.92, 0.76, 0, 0.94, 1.61, 1.75, 2.33, 2.66, 2.93, 1.83, 1.92, 1.93, 1.5, 1.58, 1.83, 2.13, 2.15, 2.86, 2.46, 1.94, 3.05, 4.58, 6.11, 6.37, 6.07, 4.79, 3.1, 1.72, 1.4, 1.33, 1.5, 1.13, 2.37, 2.69, 2.62, 2.79, 2.94, 2.35, 1.82, 2.15, 2.32, 2.5, 2.39, 2.39, 2.93, 3.71, 5.0, 6.78, 7.18, 6.9], [2.49, 2.2, 1.82, 1.97, 2.37, 2.87, 3.5, 3.13, 2.96, 2.57, 2.678, 2.33, 2.19, 2.278, 2.378, 2.318, 1.48, 1.63, 1.45, 1.38, 1.52, 2.0, 2.07, 1.62, 1.34, 1.55, 1.46, 1.55, 1.48, 1.79, 1.8, 2.01, 1.97, 2.14, 1.7, 1.18, 1.36, 0.98, 0.94, 0, 1.17, 1.55, 2.17, 2.32, 2.51, 2.01, 2.3, 2.29, 1.74, 1.4, 1.53, 1.97, 2.59, 3.52, 3.1, 2.02, 2.65, 4.16, 5.71, 5.95, 5.65, 4.35, 2.62, 1.52, 1.3, 1.39, 1.66, 1.55, 2.95, 3.21, 3.28, 3.61, 3.64, 3.01, 2.54, 2.87, 3.0, 3.14, 3.01, 3.11, 3.63, 4.47, 5.82, 7.62, 8.02, 7.72], [2.6, 2.21, 2.11, 2.16, 2.46, 2.86, 3.57, 3.38, 2.949, 2.88, 3.02, 2.3, 1.94, 2.16, 2.848, 2.888, 1.79, 1.8, 1.56, 1.31, 1.35, 1.91, 2.18, 1.95, 1.59, 1.68, 1.49, 1.54, 1.37, 1.64, 1.47, 1.68, 1.72, 1.93, 1.21, 1.53, 2.03, 1.59, 1.61, 1.17, 0, 1.16, 1.5, 1.71, 2.16, 1.86, 2.69, 2.56, 1.99, 1.43, 1.38, 2.0, 2.96, 4.066, 3.666, 2.11, 2.52, 3.87, 5.46, 5.72, 5.4, 4.12, 2.37, 1.81, 1.83, 1.84, 1.79, 1.74, 3.14, 3.42, 3.79, 4.22, 4.13, 3.52, 3.17, 3.44, 3.53, 3.77, 3.72, 3.78, 4.36, 5.06, 6.45, 8.29, 8.69, 8.39], [2.34, 2.11, 2.05, 2.14, 2.56, 3.04, 3.65, 3.32, 2.85, 2.72, 2.72, 2.3, 1.76, 1.76, 2.63, 2.63, 1.57, 1.74, 1.38, 1.29, 1.63, 1.79, 1.92, 1.81, 1.97, 2.06, 1.57, 1.62, 1.75, 1.88, 1.75, 2.02, 2.1, 1.85, 1.25, 1.33, 1.97, 1.81, 1.75, 1.55, 1.16, 0, 1.14, 1.43, 1.98, 2.02, 2.63, 2.62, 1.95, 1.59, 1.66, 2.16, 3.0, 3.69, 3.25, 1.99, 2.84, 4.39, 6.0, 6.3, 5.96, 4.7, 2.97, 2.01, 2.07, 2.04, 2.09, 1.68, 2.72, 3.02, 3.495, 3.939, 3.91, 3.16, 3.01, 3.36, 3.49, 3.73, 3.7, 3.72, 4.24, 4.86, 6.23, 8.09, 8.483, 8.21], [2.78, 2.53, 2.55, 2.66, 2.8, 3.24, 3.81, 3.8, 3.19, 3.2, 3.24, 2.4, 1.92, 2.26, 3.19, 3.19, 2.15, 2.14, 1.98, 1.87, 2.05, 1.95, 2.4, 2.37, 2.49, 2.44, 2.03, 1.76, 1.87, 1.74, 1.71, 1.9, 2.08, 1.89, 1.49, 1.97, 2.69, 2.49, 2.33, 2.17, 1.5, 1.14, 0, 0.97, 1.48, 2.16, 3.23, 3.18, 2.51, 2.17, 2.2, 2.74, 3.62, 4.39, 3.97, 2.43, 2.64, 4.17, 5.76, 6.12, 5.78, 4.54, 2.93, 2.61, 2.63, 2.6, 2.67, 2.18, 3.26, 3.58, 4.058, 4.559, 4.466, 3.74, 3.57, 3.96, 4.07, 4.37, 4.36, 4.36, 4.9, 5.46, 6.81, 8.67, 9.066, 8.79], [2.73, 2.68, 2.76, 2.95, 3.17, 3.61, 4.14, 4.09, 3.58, 3.47, 3.43, 2.73, 1.95, 2.37, 3.36, 3.3, 2.22, 1.89, 1.91, 1.94, 2.16, 2.06, 2.35, 2.32, 2.32, 2.23, 2.04, 1.89, 1.98, 1.79, 1.74, 1.75, 1.91, 1.66, 1.38, 2.06, 2.96, 2.72, 2.66, 2.32, 1.71, 1.43, 0.97, 0, 1.15, 1.93, 3.12, 3.25, 2.74, 2.52, 2.43, 2.97, 3.89, 4.58, 4.18, 2.42, 2.49, 3.98, 5.47, 5.87, 5.55, 4.35, 2.64, 2.44, 2.62, 2.83, 2.8, 2.51, 3.55, 3.83, 4.248, 4.683, 4.68, 3.97, 3.8, 4.29, 4.4, 4.7, 4.65, 4.65, 5.13, 5.65, 6.98, 8.84, 9.23, 8.98], [3.1, 3.01, 3.15, 3.26, 3.42, 3.9, 4.37, 4.46, 3.95, 3.9, 3.9, 2.86, 2.26, 2.86, 3.63, 3.63, 2.63, 2.26, 2.28, 2.27, 2.45, 2.11, 2.6, 2.65, 2.43, 2.42, 2.29, 2.06, 2.05, 1.98, 1.83, 1.66, 1.72, 1.75, 1.81, 2.55, 3.15, 2.93, 2.93, 2.51, 2.16, 1.98, 1.48, 1.15, 0, 2.02, 3.43, 3.56, 3.15, 2.81, 2.68, 3.26, 4.16, 4.93, 4.43, 2.69, 1.98, 3.35, 4.9, 5.26, 5.0, 3.72, 2.63, 2.53, 2.65, 3.02, 3.05, 2.9, 3.98, 4.18, 4.447, 4.785, 4.89, 4.24, 4.11, 4.66, 4.75, 5.01, 4.9, 4.94, 5.48, 6.0, 7.17, 8.89, 9.29, 9.05], [2.6, 2.19, 2.15, 1.96, 2.3, 2.46, 2.91, 2.92, 2.55, 2.78, 2.92, 2.6, 2.38, 2.46, 2.81, 2.55, 1.95, 1.88, 1.92, 1.75, 1.63, 1.83, 2.0, 1.83, 1.61, 1.48, 1.19, 1.2, 1.31, 1.76, 1.89, 2.02, 2.12, 2.23, 1.73, 1.95, 2.27, 2.01, 1.83, 2.01, 1.86, 2.02, 2.16, 1.93, 2.02, 0, 1.75, 2.06, 1.69, 2.09, 1.88, 1.94, 2.84, 3.43, 2.97, 1.25, 2.2, 3.93, 5.48, 5.68, 5.48, 4.2, 2.31, 1.31, 1.45, 2.28, 2.37, 2.24, 3.18, 3.36, 3.21, 3.18, 3.41, 3.04, 2.67, 3.54, 3.81, 3.89, 3.82, 3.78, 3.98, 4.5, 5.49, 7.13, 7.47, 7.39], [3.33, 3.14, 2.64, 2.67, 3.11, 3.15, 3.34, 3.05, 3.08, 3.19, 3.11, 3.43, 3.37, 3.05, 2.88, 2.62, 2.38, 2.81, 2.73, 2.72, 2.54, 2.94, 2.83, 2.24, 2.3, 2.11, 1.9, 2.11, 2.38, 2.93, 3.06, 3.17, 3.41, 3.42, 2.8, 2.14, 2.2, 2.24, 1.92, 2.3, 2.69, 2.63, 3.23, 3.12, 3.43, 1.75, 0, 0.77, 1.32, 1.94, 2.07, 1.69, 1.51, 2.0, 1.5, 1.26, 3.13, 5.2, 6.67, 6.75, 6.51, 5.27, 3.32, 1.52, 1.18, 2.01, 2.04, 1.79, 2.75, 3.11, 3.16, 3.17, 3.2, 2.75, 2.48, 3.13, 3.64, 3.8, 3.85, 3.71, 3.77, 4.29, 5.1, 6.62, 6.82, 6.96], [3.66, 3.35, 2.79, 2.84, 3.28, 3.3, 3.53, 3.28, 3.29, 3.42, 3.36, 3.54, 3.46, 3.28, 3.19, 2.89, 2.63, 2.9, 2.68, 2.49, 2.47, 3.11, 3.04, 2.51, 2.45, 2.26, 2.09, 2.24, 2.29, 2.88, 3.07, 3.2, 3.44, 3.53, 2.83, 2.33, 2.31, 2.27, 1.93, 2.29, 2.56, 2.62, 3.18, 3.25, 3.56, 2.06, 0.77, 0, 0.99, 1.81, 1.94, 1.64, 1.56, 2.15, 1.69, 1.31, 2.9, 4.97, 6.44, 6.52, 6.28, 5.04, 3.11, 1.45, 1.17, 1.88, 1.93, 1.84, 2.98, 3.46, 3.49, 3.58, 3.53, 3.06, 2.65, 3.28, 3.75, 3.95, 4.04, 3.9, 4.02, 4.64, 5.45, 6.99, 7.19, 7.35], [3.17, 2.82, 2.28, 2.29, 2.79, 2.87, 3.28, 3.05, 2.78, 2.93, 2.89, 3.07, 2.91, 2.77, 2.72, 2.54, 2.08, 2.39, 2.11, 1.82, 1.88, 2.52, 2.61, 2.08, 2.14, 1.97, 1.66, 1.75, 1.84, 2.33, 2.64, 2.87, 3.09, 3.1, 2.38, 1.92, 1.82, 1.88, 1.5, 1.74, 1.99, 1.95, 2.51, 2.74, 3.15, 1.69, 1.32, 0.99, 0, 1.22, 1.49, 1.43, 1.81, 2.56, 2.08, 1.26, 2.55, 4.56, 6.03, 6.13, 5.91, 4.67, 2.72, 1.14, 1.0, 1.43, 1.52, 1.39, 2.55, 3.01, 3.12, 3.21, 3.14, 2.71, 2.28, 2.91, 3.36, 3.54, 3.61, 3.55, 3.75, 4.29, 5.22, 6.82, 7.14, 7.14], [2.79, 2.6, 2.2, 2.29, 2.65, 3.03, 3.56, 3.27, 2.8, 2.77, 2.71, 2.71, 2.41, 2.27, 2.5, 2.26, 1.82, 2.45, 2.01, 1.76, 1.62, 2.38, 2.17, 1.8, 1.88, 2.11, 1.72, 1.79, 1.74, 1.89, 2.18, 2.65, 2.71, 3.0, 2.26, 1.74, 1.8, 1.68, 1.58, 1.4, 1.43, 1.59, 2.17, 2.52, 2.81, 2.09, 1.94, 1.81, 1.22, 0, 0.87, 1.55, 2.09, 3.12, 2.66, 1.84, 2.57, 4.26, 5.81, 6.09, 5.81, 4.53, 2.6, 1.46, 1.38, 1.13, 1.2, 1.23, 2.37, 2.71, 3.06, 3.39, 3.24, 2.65, 2.64, 3.01, 3.36, 3.58, 3.61, 3.55, 3.99, 4.53, 5.66, 7.4, 7.78, 7.6], [2.88, 2.63, 2.25, 2.36, 2.72, 3.12, 3.65, 3.4, 2.91, 2.94, 2.84, 2.76, 2.54, 2.48, 2.87, 2.59, 1.93, 2.22, 1.88, 1.61, 1.69, 2.37, 2.24, 1.99, 1.53, 1.82, 1.53, 1.68, 1.57, 1.68, 1.77, 2.2, 2.44, 2.75, 2.01, 1.73, 2.03, 1.71, 1.83, 1.53, 1.38, 1.66, 2.2, 2.43, 2.68, 1.88, 2.07, 1.94, 1.49, 0.87, 0, 1.02, 2.3, 3.45, 3.01, 1.63, 2.24, 3.65, 5.26, 5.52, 5.24, 3.98, 2.05, 1.31, 1.39, 1.5, 1.61, 1.66, 2.9, 3.3, 3.55, 3.84, 3.77, 3.04, 3.07, 3.38, 3.59, 3.87, 3.88, 3.88, 4.46, 4.96, 6.05, 7.81, 8.19, 8.01], [3.44, 3.05, 2.45, 2.48, 2.9, 3.02, 3.25, 3.02, 2.93, 3.18, 3.12, 3.18, 3.1, 3.02, 3.47, 3.11, 2.55, 2.68, 2.5, 2.19, 2.11, 2.79, 2.84, 2.47, 1.87, 1.82, 1.77, 1.84, 1.81, 2.1, 2.29, 2.56, 2.9, 3.25, 2.51, 2.35, 2.43, 2.13, 2.13, 1.97, 2.0, 2.16, 2.74, 2.97, 3.26, 1.94, 1.69, 1.64, 1.43, 1.55, 1.02, 0, 1.74, 2.97, 2.49, 1.31, 2.26, 4.17, 5.62, 5.56, 5.3, 4.12, 2.29, 1.31, 1.37, 1.92, 2.07, 2.18, 3.5, 3.9, 3.95, 3.98, 4.09, 3.44, 3.05, 3.62, 4.07, 4.23, 4.3, 4.3, 4.5, 5.18, 5.97, 7.59, 7.87, 8.01], [3.64, 3.59, 3.09, 2.9, 3.2, 3.32, 3.35, 3.2, 3.23, 3.16, 3.1, 3.54, 3.64, 3.34, 2.85, 2.57, 2.93, 3.6, 3.32, 3.19, 2.99, 3.53, 3.02, 2.33, 2.69, 2.66, 2.31, 2.52, 2.69, 3.0, 3.35, 3.66, 3.88, 4.21, 3.49, 2.55, 2.33, 2.21, 2.15, 2.59, 2.96, 3.0, 3.62, 3.89, 4.16, 2.84, 1.51, 1.56, 1.81, 2.09, 2.3, 1.74, 0, 1.37, 1.13, 1.93, 3.56, 5.63, 7.1, 7.06, 6.8, 5.62, 3.77, 2.23, 1.89, 1.94, 1.87, 1.92, 2.54, 2.92, 3.11, 3.14, 3.11, 2.66, 2.21, 2.8, 3.25, 3.39, 3.46, 3.28, 3.52, 4.1, 4.85, 6.21, 6.45, 6.57], [3.81, 3.76, 3.52, 3.17, 3.33, 3.39, 3.38, 3.31, 3.3, 3.19, 3.15, 3.75, 4.09, 3.51, 2.84, 2.68, 3.46, 4.19, 3.93, 3.9, 3.72, 4.14, 3.29, 2.86, 3.74, 3.57, 3.04, 3.21, 3.64, 3.99, 4.4, 4.67, 4.91, 4.88, 4.26, 3.12, 2.66, 2.96, 2.86, 3.52, 4.066, 3.69, 4.39, 4.58, 4.93, 3.43, 2.0, 2.15, 2.56, 3.12, 3.45, 2.97, 1.37, 0, 0.92, 2.58, 4.61, 6.76, 8.23, 8.25, 7.97, 6.79, 4.86, 3.22, 2.84, 2.75, 2.72, 2.69, 2.49, 2.43, 2.5, 2.49, 2.56, 2.31, 1.98, 2.31, 2.82, 2.96, 2.99, 2.83, 3.03, 3.53, 4.16, 5.38, 5.6, 5.66], [3.37, 3.34, 3.14, 2.75, 2.95, 3.05, 3.1, 2.95, 2.96, 2.93, 2.83, 3.39, 3.71, 3.13, 2.58, 2.38, 3.02, 3.79, 3.49, 3.44, 3.24, 3.74, 2.87, 2.44, 3.3, 3.19, 2.62, 2.75, 3.2, 3.57, 3.98, 4.25, 4.49, 4.5, 3.9, 2.74, 2.24, 2.56, 2.46, 3.1, 3.666, 3.25, 3.97, 4.18, 4.43, 2.97, 1.5, 1.69, 2.08, 2.66, 3.01, 2.49, 1.13, 0.92, 0, 1.94, 4.17, 6.34, 7.81, 7.79, 7.53, 6.35, 4.42, 2.72, 2.36, 2.43, 2.38, 2.17, 2.33, 2.49, 2.54, 2.57, 2.54, 2.21, 2.06, 2.49, 2.92, 3.1, 3.15, 3.03, 3.19, 3.67, 4.34, 5.7, 5.96, 6.1], [3.13, 2.68, 2.2, 2.13, 2.61, 2.65, 3.0, 2.81, 2.62, 2.89, 2.87, 2.97, 2.73, 2.73, 3.16, 2.82, 2.2, 2.23, 2.21, 1.98, 2.0, 2.32, 2.45, 2.12, 1.9, 1.75, 1.32, 1.29, 1.58, 2.07, 2.34, 2.41, 2.65, 2.76, 2.16, 2.04, 2.22, 1.98, 1.94, 2.02, 2.11, 1.99, 2.43, 2.42, 2.69, 1.25, 1.26, 1.31, 1.26, 1.84, 1.63, 1.31, 1.93, 2.58, 1.94, 0, 2.29, 4.46, 5.93, 5.97, 5.73, 4.51, 2.56, 1.16, 1.24, 2.13, 2.3, 2.07, 3.15, 3.55, 3.52, 3.57, 3.58, 3.03, 2.68, 3.43, 3.86, 3.98, 4.03, 4.01, 4.15, 4.71, 5.42, 7.0, 7.24, 7.32], [3.9, 3.37, 3.05, 3.08, 3.32, 3.68, 4.15, 4.22, 3.81, 3.88, 3.88, 3.1, 2.76, 3.62, 4.45, 4.15, 3.29, 2.56, 2.58, 2.39, 2.27, 2.51, 3.24, 3.09, 2.47, 2.08, 2.25, 1.98, 1.77, 1.66, 1.81, 1.82, 1.82, 2.43, 2.39, 3.09, 3.29, 2.89, 3.05, 2.65, 2.52, 2.84, 2.64, 2.49, 1.98, 2.2, 3.13, 2.9, 2.55, 2.57, 2.24, 2.26, 3.56, 4.61, 4.17, 2.29, 0, 2.25, 3.72, 3.78, 3.54, 2.38, 1.59, 1.85, 2.25, 2.94, 3.09, 3.3, 4.7, 5.06, 4.99, 5.12, 5.21, 4.5, 4.09, 4.62, 5.01, 5.27, 5.26, 5.26, 5.6, 6.26, 7.11, 8.85, 9.25, 9.11], [5.21, 4.8, 4.56, 4.79, 4.97, 5.41, 5.92, 6.13, 5.64, 5.59, 5.59, 4.27, 3.93, 4.93, 5.84, 5.62, 4.7, 3.77, 3.79, 3.74, 3.68, 3.66, 4.37, 4.38, 3.74, 3.71, 4.04, 3.77, 3.4, 3.13, 3.04, 3.01, 2.83, 3.54, 3.64, 4.5, 4.72, 4.42, 4.58, 4.16, 3.87, 4.39, 4.17, 3.98, 3.35, 3.93, 5.2, 4.97, 4.56, 4.26, 3.65, 4.17, 5.63, 6.76, 6.34, 4.46, 2.25, 0, 1.77, 2.03, 1.79, 1.27, 2.02, 3.72, 4.16, 4.63, 4.7, 4.93, 6.33, 6.63, 6.62, 6.87, 7.0, 6.31, 5.94, 6.23, 6.34, 6.7, 6.69, 6.75, 7.41, 7.97, 9.02, 10.76, 11.16, 10.92], [6.68, 6.43, 5.99, 6.24, 6.46, 6.86, 7.35, 7.54, 7.07, 7.16, 7.04, 5.86, 5.34, 6.44, 7.41, 7.03, 6.19, 5.28, 5.42, 5.35, 5.25, 5.01, 5.9, 5.91, 5.33, 5.2, 5.49, 5.2, 4.95, 4.66, 4.57, 4.58, 4.32, 4.89, 5.13, 6.01, 6.15, 5.95, 6.11, 5.71, 5.46, 6.0, 5.76, 5.47, 4.9, 5.48, 6.67, 6.44, 6.03, 5.81, 5.26, 5.62, 7.1, 8.23, 7.81, 5.93, 3.72, 1.77, 0, 0.72, 1.12, 1.68, 3.39, 5.19, 5.67, 6.32, 6.37, 6.56, 7.94, 8.26, 8.29, 8.44, 8.53, 7.74, 7.37, 7.7, 7.97, 8.27, 8.22, 8.24, 8.84, 9.48, 10.47, 12.23, 12.63, 12.43], [7.04, 6.67, 6.13, 6.28, 6.62, 7.06, 7.45, 7.62, 7.21, 7.4, 7.28, 6.06, 5.66, 6.76, 7.81, 7.45, 6.57, 5.58, 5.66, 5.55, 5.39, 5.31, 6.32, 6.27, 5.61, 5.3, 5.65, 5.34, 5.17, 4.96, 4.91, 4.88, 4.6, 5.21, 5.45, 6.33, 6.47, 6.19, 6.37, 5.95, 5.72, 6.3, 6.12, 5.87, 5.26, 5.68, 6.75, 6.52, 6.13, 6.09, 5.52, 5.56, 7.06, 8.25, 7.79, 5.97, 3.78, 2.03, 0.72, 0, 0.68, 1.7, 3.59, 5.27, 5.85, 6.54, 6.61, 6.84, 8.26, 8.56, 8.51, 8.66, 8.79, 8.04, 7.55, 7.94, 8.25, 8.55, 8.5, 8.56, 9.02, 9.76, 10.61, 12.31, 12.71, 12.63], [6.78, 6.39, 5.83, 6.0, 6.3, 6.8, 7.17, 7.32, 6.91, 7.08, 6.86, 5.74, 5.4, 6.5, 7.53, 7.17, 6.29, 5.28, 5.32, 5.25, 5.13, 5.17, 6.06, 5.95, 5.25, 4.98, 5.33, 5.02, 4.81, 4.58, 4.55, 4.5, 4.32, 4.99, 5.11, 5.99, 6.15, 5.89, 6.07, 5.65, 5.4, 5.96, 5.78, 5.55, 5.0, 5.48, 6.51, 6.28, 5.91, 5.81, 5.24, 5.3, 6.8, 7.97, 7.53, 5.73, 3.54, 1.79, 1.12, 0.68, 0, 1.38, 3.33, 5.05, 5.61, 6.26, 6.33, 6.56, 7.96, 8.26, 8.25, 8.44, 8.53, 7.76, 7.25, 7.58, 7.87, 8.23, 8.18, 8.26, 8.7, 9.42, 10.29, 12.03, 12.49, 12.37], [5.54, 5.07, 4.63, 4.82, 5.04, 5.54, 5.93, 6.12, 5.71, 5.78, 5.66, 4.62, 4.36, 5.3, 6.21, 5.89, 4.99, 4.1, 4.14, 4.01, 3.93, 4.11, 4.86, 4.75, 4.01, 3.82, 4.13, 3.86, 3.61, 3.38, 3.37, 3.34, 3.32, 3.99, 4.01, 4.81, 4.93, 4.59, 4.79, 4.35, 4.12, 4.7, 4.54, 4.35, 3.72, 4.2, 5.27, 5.04, 4.67, 4.53, 3.98, 4.12, 5.62, 6.79, 6.35, 4.51, 2.38, 1.27, 1.68, 1.7, 1.38, 0, 1.99, 3.81, 4.35, 5.0, 5.05, 5.26, 6.7, 7.0, 6.97, 7.16, 7.21, 6.48, 6.05, 6.36, 6.71, 6.93, 6.92, 6.96, 7.48, 8.18, 9.11, 10.81, 11.21, 11.11], [4.05, 3.46, 3.06, 3.19, 3.39, 3.77, 4.28, 4.33, 3.84, 3.99, 3.95, 3.45, 3.33, 3.67, 4.42, 4.08, 3.28, 2.69, 2.57, 2.38, 2.34, 3.0, 3.31, 3.1, 2.32, 2.21, 2.36, 2.11, 1.96, 1.79, 2.22, 2.27, 2.61, 3.02, 2.6, 3.14, 3.22, 2.98, 3.1, 2.62, 2.37, 2.97, 2.93, 2.64, 2.63, 2.31, 3.32, 3.11, 2.72, 2.6, 2.05, 2.29, 3.77, 4.86, 4.42, 2.56, 1.59, 2.02, 3.39, 3.59, 3.33, 1.99, 0, 1.9, 2.44, 3.09, 3.16, 3.37, 4.75, 5.07, 5.06, 5.29, 5.26, 4.55, 4.22, 4.61, 5.04, 5.2, 5.25, 5.27, 5.69, 6.31, 7.3, 8.98, 9.38, 9.26], [3.11, 2.74, 2.24, 2.27, 2.77, 2.95, 3.38, 3.11, 2.8, 2.97, 2.95, 3.07, 2.83, 2.79, 3.08, 2.72, 2.24, 2.05, 1.83, 1.7, 1.86, 2.44, 2.45, 2.06, 1.58, 1.37, 1.4, 1.47, 1.26, 1.85, 2.1, 2.11, 2.39, 2.7, 2.12, 1.98, 2.08, 1.74, 1.72, 1.52, 1.81, 2.01, 2.61, 2.44, 2.53, 1.31, 1.52, 1.45, 1.14, 1.46, 1.31, 1.31, 2.23, 3.22, 2.72, 1.16, 1.85, 3.72, 5.19, 5.27, 5.05, 3.81, 1.9, 0, 0.84, 1.69, 1.84, 1.87, 3.17, 3.59, 3.52, 3.67, 3.62, 3.15, 2.76, 3.29, 3.78, 3.92, 3.95, 3.95, 4.15, 4.79, 5.66, 7.34, 7.7, 7.66], [3.01, 2.64, 2.18, 2.23, 2.67, 2.77, 3.28, 3.01, 2.84, 2.85, 2.95, 2.93, 2.75, 2.65, 2.64, 2.4, 2.0, 2.13, 1.99, 1.82, 1.8, 2.36, 2.37, 1.96, 1.6, 1.49, 1.44, 1.57, 1.48, 2.03, 2.28, 2.41, 2.45, 2.7, 2.08, 1.8, 1.8, 1.56, 1.4, 1.3, 1.83, 2.07, 2.63, 2.62, 2.65, 1.45, 1.18, 1.17, 1.0, 1.38, 1.39, 1.37, 1.89, 2.84, 2.36, 1.24, 2.25, 4.16, 5.67, 5.85, 5.61, 4.35, 2.44, 0.84, 0, 1.31, 1.46, 1.39, 2.71, 3.13, 3.08, 3.23, 3.16, 2.85, 2.44, 2.97, 3.36, 3.56, 3.59, 3.49, 3.71, 4.35, 5.34, 6.94, 7.32, 7.14], [2.82, 2.69, 2.45, 2.56, 2.8, 3.14, 3.59, 3.3, 3.05, 2.74, 2.98, 2.88, 2.8, 2.42, 2.07, 2.07, 1.99, 2.62, 2.2, 1.97, 1.93, 2.61, 2.48, 1.87, 2.15, 2.32, 1.97, 2.12, 1.99, 2.34, 2.65, 3.0, 2.96, 3.07, 2.43, 1.69, 1.71, 1.47, 1.33, 1.39, 1.84, 2.04, 2.6, 2.83, 3.02, 2.28, 2.01, 1.88, 1.43, 1.13, 1.5, 1.92, 1.94, 2.75, 2.43, 2.13, 2.94, 4.63, 6.32, 6.54, 6.26, 5.0, 3.09, 1.69, 1.31, 0, 0.61, 0.94, 2.1, 2.28, 2.41, 2.8, 2.79, 2.4, 2.09, 2.54, 2.71, 3.05, 3.06, 3.06, 3.46, 4.04, 5.15, 6.85, 7.23, 7.03], [2.87, 2.74, 2.54, 2.59, 2.81, 3.23, 3.68, 3.35, 3.1, 2.73, 2.93, 2.89, 2.75, 2.39, 2.08, 2.12, 2.06, 2.73, 2.35, 2.08, 2.0, 2.62, 2.47, 1.88, 2.14, 2.35, 2.06, 2.25, 2.1, 2.43, 2.68, 2.97, 3.03, 3.2, 2.5, 1.8, 1.8, 1.68, 1.5, 1.66, 1.79, 2.09, 2.67, 2.8, 3.05, 2.37, 2.04, 1.93, 1.52, 1.2, 1.61, 2.07, 1.87, 2.72, 2.38, 2.3, 3.09, 4.7, 6.37, 6.61, 6.33, 5.05, 3.16, 1.84, 1.46, 0.61, 0, 0.83, 1.95, 2.17, 2.3, 2.75, 2.74, 2.35, 2.08, 2.45, 2.68, 3.04, 2.99, 2.99, 3.53, 4.01, 5.12, 6.84, 7.22, 7.02], [2.38, 2.37, 2.21, 2.22, 2.48, 2.84, 3.29, 3.0, 2.65, 2.44, 2.5, 2.48, 2.34, 1.96, 1.73, 1.79, 1.57, 2.3, 1.86, 1.75, 1.89, 2.27, 2.1, 1.63, 2.23, 2.4, 1.89, 1.98, 2.07, 2.38, 2.59, 2.94, 2.86, 2.83, 2.13, 1.37, 1.59, 1.47, 1.13, 1.55, 1.74, 1.68, 2.18, 2.51, 2.9, 2.24, 1.79, 1.84, 1.39, 1.23, 1.66, 2.18, 1.92, 2.69, 2.17, 2.07, 3.3, 4.93, 6.56, 6.84, 6.56, 5.26, 3.37, 1.87, 1.39, 0.94, 0.83, 0, 1.52, 1.88, 2.29, 2.7, 2.57, 2.2, 2.05, 2.32, 2.53, 2.83, 2.84, 2.82, 3.42, 3.9, 4.99, 6.77, 7.15, 6.95], [1.98, 2.19, 2.65, 2.62, 2.48, 2.62, 2.75, 2.52, 2.19, 1.78, 1.92, 2.74, 3.18, 1.84, 1.11, 1.19, 2.13, 3.2, 2.98, 3.07, 3.19, 3.35, 2.4, 2.43, 3.39, 3.62, 2.91, 3.1, 3.39, 3.6, 3.836, 4.16, 4.18, 3.844, 3.27, 2.27, 2.43, 2.67, 2.37, 2.95, 3.14, 2.72, 3.26, 3.55, 3.98, 3.18, 2.75, 2.98, 2.55, 2.37, 2.9, 3.5, 2.54, 2.49, 2.33, 3.15, 4.7, 6.33, 7.94, 8.26, 7.96, 6.7, 4.75, 3.17, 2.71, 2.1, 1.95, 1.52, 0, 0.96, 1.49, 1.82, 1.53, 1.36, 1.99, 2.08, 2.09, 2.29, 2.32, 1.86, 2.32, 2.74, 3.81, 5.53, 5.91, 5.69], [2.36, 2.63, 3.07, 2.92, 2.7, 2.94, 3.19, 2.96, 2.59, 2.28, 2.22, 3.0, 3.56, 2.1, 1.33, 1.55, 2.49, 3.52, 3.28, 3.33, 3.49, 3.63, 2.56, 2.63, 3.61, 3.86, 3.17, 3.34, 3.69, 3.96, 4.216, 4.5, 4.46, 4.147, 3.573, 2.565, 2.63, 2.91, 2.69, 3.21, 3.42, 3.02, 3.58, 3.83, 4.18, 3.36, 3.11, 3.46, 3.01, 2.71, 3.3, 3.9, 2.92, 2.43, 2.49, 3.55, 5.06, 6.63, 8.26, 8.56, 8.26, 7.0, 5.07, 3.59, 3.13, 2.28, 2.17, 1.88, 0.96, 0, 0.97, 1.32, 1.23, 1.4, 2.01, 1.94, 1.99, 2.11, 2.12, 1.82, 2.22, 2.6, 3.51, 5.21, 5.59, 5.37], [2.59, 2.7, 3.16, 2.85, 2.61, 2.91, 3.0, 2.79, 2.64, 2.23, 2.39, 3.19, 3.67, 2.57, 1.64, 1.72, 2.76, 3.73, 3.47, 3.5, 3.42, 3.7, 2.65, 2.635, 3.56, 3.71, 3.1, 3.35, 3.68, 4.022, 4.343, 4.613, 4.573, 4.434, 3.957, 2.78, 2.66, 2.9, 2.62, 3.28, 3.79, 3.495, 4.058, 4.248, 4.447, 3.21, 3.16, 3.49, 3.12, 3.06, 3.55, 3.95, 3.11, 2.5, 2.54, 3.52, 4.99, 6.62, 8.29, 8.51, 8.25, 6.97, 5.06, 3.52, 3.08, 2.41, 2.3, 2.29, 1.49, 0.97, 0, 0.77, 1.14, 1.29, 1.66, 1.83, 1.96, 2.0, 1.95, 1.95, 1.79, 2.17, 2.98, 4.66, 5.04, 4.82], [2.76, 2.79, 3.17, 2.86, 2.7, 2.7, 2.77, 2.76, 2.63, 2.32, 2.42, 3.44, 4.1, 2.88, 1.85, 1.85, 2.97, 3.92, 3.78, 3.87, 3.69, 3.81, 2.84, 2.77, 3.67, 3.84, 3.29, 3.52, 3.87, 4.24, 4.61, 4.9, 4.92, 4.85, 4.37, 3.13, 2.75, 3.07, 2.79, 3.61, 4.22, 3.939, 4.559, 4.683, 4.785, 3.18, 3.17, 3.58, 3.21, 3.39, 3.84, 3.98, 3.14, 2.49, 2.57, 3.57, 5.12, 6.87, 8.44, 8.66, 8.44, 7.16, 5.29, 3.67, 3.23, 2.8, 2.75, 2.7, 1.82, 1.32, 0.77, 0, 0.99, 1.3, 1.73, 1.84, 2.01, 1.93, 1.8, 1.72, 1.62, 1.96, 2.61, 4.25, 4.55, 4.41], [2.75, 2.82, 3.2, 3.17, 2.93, 2.55, 2.62, 2.47, 2.16, 2.13, 2.21, 3.53, 4.19, 2.83, 1.7, 1.76, 2.98, 4.05, 3.91, 3.98, 3.86, 4.06, 3.03, 2.98, 3.94, 4.05, 3.4, 3.61, 4.0, 4.35, 4.7, 5.01, 5.03, 4.84, 4.34, 3.1, 2.92, 3.24, 2.94, 3.64, 4.13, 3.91, 4.466, 4.68, 4.89, 3.41, 3.2, 3.53, 3.14, 3.24, 3.77, 4.09, 3.11, 2.56, 2.54, 3.58, 5.21, 7.0, 8.53, 8.79, 8.53, 7.21, 5.26, 3.62, 3.16, 2.79, 2.74, 2.57, 1.53, 1.23, 1.14, 0.99, 0, 1.11, 2.08, 1.97, 2.24, 2.02, 1.87, 1.65, 1.37, 1.65, 2.56, 4.22, 4.6, 4.42], [2.34, 2.37, 2.59, 2.46, 2.3, 2.22, 2.47, 2.34, 1.91, 1.68, 1.62, 2.8, 3.42, 2.28, 1.47, 1.39, 2.37, 3.28, 3.16, 3.29, 3.17, 3.41, 2.38, 2.25, 3.23, 3.34, 2.63, 2.88, 3.29, 3.5, 3.81, 4.16, 4.28, 4.15, 3.63, 2.37, 2.25, 2.55, 2.35, 3.01, 3.52, 3.16, 3.74, 3.97, 4.24, 3.04, 2.75, 3.06, 2.71, 2.65, 3.04, 3.44, 2.66, 2.31, 2.21, 3.03, 4.5, 6.31, 7.74, 8.04, 7.76, 6.48, 4.55, 3.15, 2.85, 2.4, 2.35, 2.2, 1.36, 1.4, 1.29, 1.3, 1.11, 0, 1.61, 1.52, 1.75, 1.63, 1.5, 1.42, 1.66, 2.1, 3.13, 4.93, 5.326, 5.13], [2.71, 2.6, 2.44, 2.21, 2.47, 2.65, 2.84, 2.59, 2.54, 2.19, 2.29, 2.79, 3.15, 2.51, 1.84, 1.7, 2.24, 2.99, 2.83, 2.98, 2.74, 3.08, 2.47, 1.94, 2.76, 2.77, 2.2, 2.49, 2.82, 3.11, 3.46, 3.77, 3.87, 3.78, 3.3, 2.06, 1.86, 2.08, 1.82, 2.54, 3.17, 3.01, 3.57, 3.8, 4.11, 2.67, 2.48, 2.65, 2.28, 2.64, 3.07, 3.05, 2.21, 1.98, 2.06, 2.68, 4.09, 5.94, 7.37, 7.55, 7.25, 6.05, 4.22, 2.76, 2.44, 2.09, 2.08, 2.05, 1.99, 2.01, 1.66, 1.73, 2.08, 1.61, 0, 1.15, 1.52, 1.7, 1.69, 1.71, 1.85, 2.43, 3.38, 5.28, 5.58, 5.46], [2.98, 2.87, 2.57, 2.56, 2.5, 2.7, 3.01, 3.0, 2.65, 2.34, 2.3, 2.84, 3.5, 2.7, 2.05, 1.91, 2.61, 3.28, 3.12, 3.27, 3.17, 3.57, 2.82, 2.39, 3.21, 3.28, 2.81, 2.98, 3.15, 3.38, 3.73, 4.06, 4.14, 4.07, 3.57, 2.41, 1.95, 2.33, 2.15, 2.87, 3.44, 3.36, 3.96, 4.29, 4.66, 3.54, 3.13, 3.28, 2.91, 3.01, 3.38, 3.62, 2.8, 2.31, 2.49, 3.43, 4.62, 6.23, 7.7, 7.94, 7.58, 6.36, 4.61, 3.29, 2.97, 2.54, 2.45, 2.32, 2.08, 1.94, 1.83, 1.84, 1.97, 1.52, 1.15, 0, 0.79, 1.05, 1.14, 1.36, 1.66, 2.16, 3.11, 4.95, 5.35, 5.17], [2.79, 2.76, 2.7, 2.59, 2.47, 2.71, 3.08, 3.21, 2.82, 2.33, 2.29, 2.75, 3.57, 2.69, 2.0, 2.02, 2.6, 3.21, 3.11, 3.3, 3.34, 3.7, 2.79, 2.42, 3.24, 3.41, 3.1, 3.29, 3.32, 3.49, 3.78, 3.95, 4.11, 4.08, 3.62, 2.44, 2.06, 2.38, 2.32, 3.0, 3.53, 3.49, 4.07, 4.4, 4.75, 3.81, 3.64, 3.75, 3.36, 3.36, 3.59, 4.07, 3.25, 2.82, 2.92, 3.86, 5.01, 6.34, 7.97, 8.25, 7.87, 6.71, 5.04, 3.78, 3.36, 2.71, 2.68, 2.53, 2.09, 1.99, 1.96, 2.01, 2.24, 1.75, 1.52, 0.79, 0, 0.8, 1.11, 1.19, 1.65, 2.05, 3.06, 4.9, 5.32, 5.08], [2.91, 2.84, 2.92, 2.79, 2.55, 2.55, 2.88, 3.07, 2.64, 2.23, 2.23, 3.03, 3.89, 2.89, 2.12, 2.22, 2.94, 3.47, 3.43, 3.58, 3.62, 3.92, 2.99, 2.7, 3.44, 3.59, 3.32, 3.53, 3.58, 3.83, 4.08, 4.21, 4.37, 4.36, 3.96, 2.76, 2.24, 2.54, 2.5, 3.14, 3.77, 3.73, 4.37, 4.7, 5.01, 3.89, 3.8, 3.95, 3.54, 3.58, 3.87, 4.23, 3.39, 2.96, 3.1, 3.98, 5.27, 6.7, 8.27, 8.55, 8.23, 6.93, 5.2, 3.92, 3.56, 3.05, 3.04, 2.83, 2.29, 2.11, 2.0, 1.93, 2.02, 1.63, 1.7, 1.05, 0.8, 0, 0.75, 1.07, 1.41, 1.91, 2.8, 4.58, 4.98, 4.74], [2.78, 2.69, 2.87, 2.76, 2.5, 2.4, 2.83, 2.9, 2.57, 2.2, 2.24, 3.12, 3.74, 2.88, 2.01, 2.19, 2.81, 3.48, 3.32, 3.49, 3.51, 3.73, 3.02, 2.59, 3.39, 3.62, 3.35, 3.54, 3.65, 3.9, 4.07, 4.28, 4.24, 4.27, 3.85, 2.69, 2.25, 2.47, 2.39, 3.01, 3.72, 3.7, 4.36, 4.65, 4.9, 3.82, 3.85, 4.04, 3.61, 3.61, 3.88, 4.3, 3.46, 2.99, 3.15, 4.03, 5.26, 6.69, 8.22, 8.5, 8.18, 6.92, 5.25, 3.95, 3.59, 3.06