[[0, 1.24, 1.34, 3.83, 9.16, 10.795, 10.197, 9.93, 9.884, 9.944, 9.937, 10.557, 11.882, 12.106, 11.604, 11.011, 9.68, 8.884, 8.434, 7.85, 7.71, 8.15, 8.29, 6.82, 6.76, 7.76, 7.73, 7.46, 7.32, 7.33, 6.98, 6.59, 6.42, 6.335, 7.142, 8.488, 9.3, 7.314, 5.472, 4.19, 4.009, 3.92, 4.07, 4.13, 4.59, 5.05, 5.04, 5.13, 5.06, 4.99, 4.89, 4.68, 4.68, 5.32, 5.57, 5.95, 5.69, 5.26, 5.63, 6.02, 6.81, 6.78, 5.71, 5.14, 5.09, 5.17, 5.32, 5.55, 5.56, 5.46, 4.89, 5.87, 5.84, 5.63, 5.01, 4.69, 4.48, 4.47, 3.91, 4.805, 5.215, 5.342, 5.352, 5.509, 6.119, 6.179], [1.24, 0, 1.2, 4.49, 9.874, 11.651, 10.943, 10.649, 10.704, 10.799, 10.852, 11.432, 12.79, 13.0, 12.499, 11.926, 10.58, 9.742, 9.292, 8.73, 8.25, 8.71, 8.83, 7.38, 7.68, 8.68, 8.63, 8.36, 8.22, 8.112, 7.642, 7.235, 7.054, 6.733, 7.525, 8.839, 9.622, 7.524, 5.487, 4.181, 3.989, 3.879, 3.99, 4.07, 4.47, 4.97, 5.02, 5.13, 5.02, 4.89, 4.75, 4.72, 4.64, 5.38, 5.59, 5.99, 5.67, 5.16, 5.47, 5.78, 6.51, 6.52, 5.35, 4.86, 4.79, 4.95, 5.06, 5.29, 5.08, 4.74, 4.03, 4.81, 4.7, 4.53, 4.11, 3.93, 4.16, 4.05, 3.69, 4.825, 5.232, 5.382, 5.409, 5.569, 6.176, 6.259], [1.34, 1.2, 0, 3.79, 9.221, 10.997, 10.297, 9.946, 10.036, 10.116, 10.143, 10.709, 12.079, 12.265, 11.776, 11.183, 9.896, 8.987, 8.557, 7.93, 7.59, 7.99, 8.11, 6.64, 6.84, 7.94, 7.901, 7.64, 7.5, 7.409, 6.899, 6.555, 6.308, 6.035, 6.731, 8.079, 8.834, 6.787, 4.872, 3.627, 3.39, 3.3, 3.37, 3.63, 4.21, 4.57, 4.66, 4.91, 4.92, 4.93, 4.87, 4.56, 4.38, 5.06, 5.19, 5.51, 5.33, 5.08, 5.43, 5.8, 6.61, 6.64, 5.47, 4.94, 4.81, 4.99, 5.14, 5.33, 5.22, 4.92, 4.33, 5.33, 5.24, 5.05, 4.49, 4.29, 4.34, 4.15, 3.75, 4.254, 4.592, 4.742, 4.732, 4.929, 5.499, 5.642], [3.83, 4.49, 3.79, 0, 5.566, 7.367, 6.703, 6.3, 6.312, 6.392, 6.443, 7.029, 8.419, 8.636, 8.11, 7.52, 6.39, 5.36, 5.01, 4.44, 4.1, 4.62, 4.76, 3.49, 3.47, 4.49, 4.36, 4.01, 3.99, 3.84, 3.31, 3.03, 2.83, 2.73, 3.53, 4.82, 5.707, 4.085, 4.01, 4.03, 4.02, 4.43, 5.14, 5.72, 6.24, 6.26, 6.41, 6.66, 6.71, 6.6, 6.84, 6.45, 6.17, 6.67, 6.58, 6.64, 6.46, 6.39, 6.8, 7.67, 8.88, 8.83, 7.54, 6.71, 6.78, 6.74, 6.89, 7.08, 7.63, 8.13, 7.76, 8.94, 8.73, 8.46, 7.82, 7.4, 7.13, 6.72, 5.14, 4.95, 4.62, 3.99, 4.08, 4.24, 4.17, 3.866], [9.16, 9.874, 9.221, 5.566, 0, 2.58, 2.21, 1.97, 1.9, 1.7, 1.59, 1.97, 3.22, 3.52, 3.06, 2.59, 1.68, 1.41, 1.68, 1.85, 2.33, 2.81, 2.55, 2.66, 2.64, 1.72, 1.75, 1.98, 2.52, 2.19, 2.56, 2.82, 3.03, 3.48, 2.95, 2.59, 2.83, 3.82, 7.76, 8.56, 8.85, 9.32, 10.11, 10.766, 11.229, 11.232, 11.465, 11.791, 11.861, 11.741, 11.849, 11.34, 11.06, 11.54, 11.31, 11.29, 11.07, 11.06, 11.569, 12.399, 13.791, 13.732, 12.494, 11.47, 11.249, 11.146, 11.287, 11.746, 12.882, 13.497, 13.106, 14.259, 14.079, 13.812, 13.138, 12.718, 12.465, 12.032, 9.886, 8.896, 8.13, 7.32, 7.39, 7.57, 7.18, 5.68], [10.795, 11.651, 10.997, 7.367, 2.58, 0, 1.01, 1.57, 1.48, 1.56, 1.63, 1.65, 1.62, 1.8, 1.44, 1.53, 1.86, 2.61, 3.06, 3.55, 4.101, 4.001, 3.827, 4.465, 4.551, 3.52, 3.47, 3.94, 4.4, 3.85, 4.275, 4.78, 4.847, 5.332, 4.77, 3.83, 3.51, 5.48, 9.66, 10.411, 10.736, 11.162, 11.96, 12.58, 13.018, 13.026, 13.22, 13.579, 13.629, 13.523, 13.672, 13.142, 12.859, 13.348, 13.192, 13.129, 12.938, 12.916, 13.478, 14.293, 15.612, 15.575, 14.326, 13.316, 13.103, 12.983, 13.121, 13.623, 14.797, 15.362, 15.015, 16.085, 15.993, 15.726, 15.066, 14.652, 14.373, 13.938, 11.772, 10.673, 9.855, 9.074, 9.141, 9.229, 8.911, 7.16], [10.197, 10.943, 10.297, 6.703, 2.21, 1.01, 0, 0.88, 0.99, 1.21, 1.36, 1.68, 2.19, 2.47, 2.09, 1.96, 1.65, 2.36, 2.79, 3.22, 3.46, 3.28, 3.16, 3.789, 4.05, 3.21, 3.2, 3.69, 4.17, 3.44, 3.65, 4.11, 4.18, 4.67, 4.12, 3.18, 2.86, 4.81, 8.95, 9.715, 10.057, 10.469, 11.299, 11.919, 12.308, 12.325, 12.542, 12.9, 12.945, 12.861, 12.964, 12.423, 12.126, 12.581, 12.473, 12.431, 12.225, 12.215, 12.771, 13.595, 14.933, 14.893, 13.627, 12.637, 12.438, 12.318, 12.455, 12.947, 14.115, 14.687, 14.345, 15.396, 15.312, 15.051, 14.399, 13.985, 13.706, 13.259, 11.073, 9.992, 9.182, 8.381, 8.388, 8.496, 8.198, 6.43], [9.93, 10.649, 9.946, 6.3, 1.97, 1.57, 0.88, 0, 0.65, 0.97, 1.52, 1.86, 2.47, 2.71, 2.35, 2.26, 1.83, 2.14, 2.59, 2.84, 2.94, 2.86, 2.7, 3.426, 3.59, 2.93, 2.96, 3.37, 3.93, 3.1, 3.25, 3.59, 3.74, 4.25, 3.64, 2.76, 2.52, 4.47, 8.63, 9.35, 9.64, 10.081, 10.893, 11.548, 12.01, 12.013, 12.272, 12.598, 12.648, 12.542, 12.659, 12.114, 11.843, 12.306, 12.14, 12.1, 11.86, 11.85, 12.396, 13.206, 14.608, 14.545, 13.3, 12.277, 12.05, 11.947, 12.094, 12.553, 13.672, 14.266, 13.91, 15.063, 14.877, 14.602, 13.945, 13.525, 13.272, 12.839, 10.693, 9.643, 8.8, 7.93, 7.96, 8.14, 7.79, 5.99], [9.884, 10.704, 10.036, 6.312, 1.9, 1.48, 0.99, 0.65, 0, 0.7, 1.25, 1.61, 2.36, 2.58, 2.12, 1.87, 1.54, 1.87, 2.3, 2.61, 2.91, 2.91, 2.73, 3.476, 3.42, 2.66, 2.69, 3.1, 3.7, 2.97, 3.28, 3.68, 3.91, 4.42, 3.81, 2.93, 2.61, 4.68, 8.84, 9.52, 9.77, 10.22, 11.03, 11.69, 12.137, 12.16, 12.412, 12.756, 12.806, 12.689, 12.81, 12.28, 11.98, 12.46, 12.31, 12.27, 12.05, 11.98, 12.51, 13.36, 14.732, 14.685, 13.429, 12.405, 12.181, 12.078, 12.225, 12.681, 13.796, 14.391, 14.032, 15.195, 14.999, 14.726, 14.069, 13.649, 13.396, 12.963, 10.83, 9.78, 8.97, 8.1, 8.11, 8.31, 7.96, 6.16], [9.944, 10.799, 10.116, 6.392, 1.7, 1.56, 1.21, 0.97, 0.7, 0, 0.95, 1.31, 2.24, 2.46, 1.98, 1.75, 1.46, 1.73, 2.08, 2.41, 2.981, 2.99, 2.81, 3.576, 3.4, 2.54, 2.51, 2.86, 3.5, 2.99, 3.4, 3.78, 3.99, 4.52, 3.91, 3.03, 2.73, 4.74, 8.9, 9.6, 9.87, 10.32, 11.13, 11.79, 12.25, 12.26, 12.513, 12.856, 12.906, 12.789, 12.906, 12.361, 12.07, 12.54, 12.37, 12.35, 12.13, 12.08, 12.61, 13.46, 14.829, 14.78, 13.526, 12.5, 12.27, 12.17, 12.32, 12.77, 13.88, 14.48, 14.13, 15.295, 15.099, 14.81, 14.15, 13.73, 13.48, 13.05, 10.93, 9.88, 9.07, 8.2, 8.21, 8.39, 8.04, 6.26], [9.937, 10.852, 10.143, 6.443, 1.59, 1.63, 1.36, 1.52, 1.25, 0.95, 0, 0.88, 2.05, 2.31, 1.85, 1.54, 1.27, 1.44, 1.83, 2.32, 3.114, 3.12, 2.98, 3.609, 3.401, 2.35, 2.36, 2.63, 3.03, 2.82, 3.31, 3.87, 4.06, 4.59, 4.0, 3.24, 3.14, 4.89, 9.01, 9.67, 9.9, 10.35, 11.16, 11.82, 12.267, 12.29, 12.543, 12.89, 12.943, 12.82, 12.94, 12.41, 12.13, 12.61, 12.46, 12.42, 12.2, 12.13, 12.66, 13.49, 14.88, 14.815, 13.559, 12.535, 12.311, 12.208, 12.355, 12.811, 13.935, 14.547, 14.165, 15.328, 15.132, 14.874, 14.199, 13.78, 13.526, 13.093, 10.96, 9.93, 9.16, 8.29, 8.3, 8.5, 8.13, 6.47], [10.557, 11.432, 10.709, 7.029, 1.97, 1.65, 1.68, 1.86, 1.61, 1.31, 0.88, 0, 1.45, 1.69, 1.31, 1.3, 1.47, 1.88, 2.29, 2.822, 3.64, 3.648, 3.5, 4.187, 3.967, 2.93, 2.9, 3.17, 3.41, 3.48, 3.97, 4.47, 4.62, 5.19, 4.56, 3.74, 3.5, 5.39, 9.55, 10.23, 10.48, 10.93, 11.72, 12.36, 12.82, 12.84, 13.09, 13.44, 13.49, 13.38, 13.52, 12.97, 12.71, 13.17, 13.02, 12.98, 12.74, 12.71, 13.24, 14.09, 15.46, 15.378, 14.102, 13.11, 12.88, 12.771, 12.918, 13.373, 14.495, 15.069, 14.705, 15.888, 15.692, 15.405, 14.742, 14.322, 14.069, 13.636, 11.54, 10.51, 9.74, 8.87, 8.86, 9.06, 8.69, 7.03], [11.882, 12.79, 12.079, 8.419, 3.22, 1.62, 2.19, 2.47, 2.36, 2.24, 2.05, 1.45, 0, 0.6, 0.86, 1.33, 2.32, 3.17, 3.6, 4.192, 4.984, 4.918, 4.772, 5.539, 5.331, 4.2, 4.227, 4.537, 4.7, 4.77, 5.24, 5.76, 5.95, 6.56, 5.89, 4.99, 4.57, 6.72, 10.88, 11.56, 11.85, 12.28, 13.07, 13.73, 14.19, 14.21, 14.48, 14.829, 14.88, 14.73, 14.87, 14.318, 14.04, 14.5, 14.35, 14.31, 14.07, 14.06, 14.59, 15.456, 16.798, 16.731, 15.475, 14.471, 14.246, 14.123, 14.271, 14.726, 15.845, 16.439, 16.095, 17.277, 17.082, 16.775, 16.115, 15.695, 15.442, 15.009, 12.903, 11.86, 11.05, 10.18, 10.21, 10.39, 10.04, 8.26], [12.106, 13.0, 12.265, 8.636, 3.52, 1.8, 2.47, 2.71, 2.58, 2.46, 2.31, 1.69, 0.6, 0, 0.72, 1.37, 2.46, 3.33, 3.78, 4.37, 5.15, 5.075, 4.909, 5.726, 5.488, 4.357, 4.424, 4.754, 4.94, 5.03, 5.48, 5.96, 6.15, 6.8, 6.11, 5.19, 4.75, 6.92, 11.08, 11.74, 12.03, 12.44, 13.23, 13.89, 14.35, 14.37, 14.64, 14.989, 15.04, 14.89, 15.03, 14.48, 14.22, 14.68, 14.53, 14.49, 14.27, 14.24, 14.77, 15.62, 16.978, 16.891, 15.635, 14.631, 14.406, 14.283, 14.431, 14.886, 16.023, 16.596, 16.252, 17.434, 17.239, 16.932, 16.275, 15.855, 15.602, 15.169, 13.07, 12.04, 11.23, 10.36, 10.39, 10.57, 10.22, 8.54], [11.604, 12.499, 11.776, 8.11, 3.06, 1.44, 2.09, 2.35, 2.12, 1.98, 1.85, 1.31, 0.86, 0.72, 0, 0.97, 1.98, 2.85, 3.28, 3.89, 4.67, 4.615, 4.469, 5.256, 5.04, 3.88, 3.91, 4.22, 4.44, 4.55, 5.02, 5.54, 5.73, 6.34, 5.67, 4.77, 4.35, 6.52, 10.68, 11.34, 11.61, 12.04, 12.83, 13.47, 13.93, 13.95, 14.2, 14.55, 14.6, 14.49, 14.63, 14.08, 13.82, 14.28, 14.13, 14.09, 13.87, 13.82, 14.35, 15.18, 16.53, 16.46, 15.206, 14.18, 13.95, 13.85, 14.0, 14.45, 15.56, 16.16, 15.81, 16.975, 16.779, 16.49, 15.83, 15.41, 15.16, 14.73, 12.63, 11.62, 10.83, 9.96, 9.97, 10.15, 9.8, 8.08], [11.011, 11.926, 11.183, 7.52, 2.59, 1.53, 1.96, 2.26, 1.87, 1.75, 1.54, 1.3, 1.33, 1.37, 0.97, 0, 1.41, 2.44, 2.87, 3.34, 4.12, 4.02, 3.86, 4.65, 4.45, 3.29, 3.34, 3.71, 3.95, 4.04, 4.53, 5.05, 5.2, 5.81, 5.18, 4.28, 3.94, 5.99, 10.15, 10.81, 11.08, 11.49, 12.26, 12.9, 13.36, 13.38, 13.63, 13.98, 14.03, 13.92, 14.08, 13.53, 13.27, 13.75, 13.6, 13.56, 13.34, 13.27, 13.8, 14.63, 15.96, 15.87, 14.62, 13.61, 13.38, 13.26, 13.41, 13.86, 14.97, 15.57, 15.2, 16.4, 16.19, 15.9, 15.24, 14.82, 14.57, 14.14, 12.08, 11.07, 10.28, 9.41, 9.42, 9.62, 9.27, 7.61], [9.68, 10.58, 9.896, 6.39, 1.68, 1.86, 1.65, 1.83, 1.54, 1.46, 1.27, 1.47, 2.32, 2.46, 1.98, 1.41, 0, 1.29, 1.64, 2.11, 3.05, 2.99, 2.71, 3.36, 3.24, 2.06, 2.17, 2.66, 3.04, 2.93, 3.4, 3.86, 3.97, 4.66, 4.03, 3.19, 3.21, 4.72, 8.86, 9.52, 9.85, 10.18, 10.97, 11.57, 12.01, 12.01, 12.24, 12.59, 12.64, 12.55, 12.71, 12.16, 11.9, 12.38, 12.27, 12.23, 12.01, 11.98, 12.51, 13.32, 14.61, 14.56, 13.29, 12.28, 12.07, 11.95, 12.08, 12.57, 13.72, 14.34, 13.97, 15.026, 14.931, 14.69, 14.03, 13.63, 13.34, 12.91, 10.75, 9.74, 8.97, 8.18, 8.17, 8.31, 7.98, 6.52], [8.884, 9.742, 8.987, 5.36, 1.41, 2.61, 2.36, 2.14, 1.87, 1.73, 1.44, 1.88, 3.17, 3.33, 2.85, 2.44, 1.29, 0, 0.73, 1.16, 2.2, 2.44, 2.14, 2.49, 2.31, 1.43, 1.42, 1.75, 2.23, 2.04, 2.49, 2.91, 3.0, 3.63, 3.0, 2.72, 3.049, 3.87, 7.89, 8.53, 8.8, 9.21, 9.98, 10.62, 11.08, 11.1, 11.35, 11.7, 11.75, 11.64, 11.8, 11.25, 10.99, 11.47, 11.34, 11.3, 11.08, 11.01, 11.52, 12.35, 13.7, 13.63, 12.38, 11.35, 11.12, 11.02, 11.17, 11.62, 12.75, 13.33, 12.988, 14.125, 13.938, 13.68, 13.04, 12.62, 12.35, 11.9, 9.8, 8.79, 8.0, 7.17, 7.2, 7.38, 7.03, 5.81], [8.434, 9.292, 8.557, 5.01, 1.68, 3.06, 2.79, 2.59, 2.3, 2.08, 1.83, 2.29, 3.6, 3.78, 3.28, 2.87, 1.64, 0.73, 0, 0.95, 2.07, 2.33, 2.03, 2.08, 1.92, 1.36, 1.41, 1.54, 2.0, 1.95, 2.44, 2.82, 2.85, 3.36, 2.69, 2.69, 3.219, 3.62, 7.54, 8.22, 8.51, 8.84, 9.61, 10.25, 10.75, 10.73, 10.94, 11.27, 11.32, 11.23, 11.43, 10.88, 10.6, 11.1, 10.99, 10.95, 10.73, 10.66, 11.15, 11.94, 13.29, 13.22, 11.97, 10.94, 10.69, 10.59, 10.74, 11.19, 12.34, 12.98, 12.601, 13.715, 13.554, 13.31, 12.65, 12.25, 11.96, 11.53, 9.41, 8.4, 7.63, 6.84, 6.85, 7.05, 6.68, 5.6], [7.85, 8.73, 7.93, 4.44, 1.85, 3.55, 3.22, 2.84, 2.61, 2.41, 2.32, 2.822, 4.192, 4.37, 3.89, 3.34, 2.11, 1.16, 0.95, 0, 1.52, 2.02, 1.76, 1.47, 1.39, 1.35, 1.44, 1.55, 2.07, 1.9, 2.35, 2.67, 2.66, 3.11, 2.3, 2.46, 3.092, 3.25, 6.97, 7.63, 7.92, 8.27, 9.04, 9.68, 10.16, 10.16, 10.39, 10.7, 10.77, 10.68, 10.86, 10.31, 10.03, 10.53, 10.42, 10.38, 10.16, 10.09, 10.56, 11.39, 12.7, 12.63, 11.38, 10.35, 10.08, 9.98, 10.15, 10.58, 11.71, 12.33, 11.94, 13.12, 12.91, 12.64, 12.0, 11.58, 11.31, 10.9, 8.84, 7.85, 7.12, 6.31, 6.3, 6.5, 6.11, 5.11], [7.71, 8.25, 7.59, 4.1, 2.33, 4.101, 3.46, 2.94, 2.91, 2.981, 3.114, 3.64, 4.984, 5.15, 4.67, 4.12, 3.05, 2.2, 2.07, 1.52, 0, 1.18, 1.12, 1.41, 1.91, 2.33, 2.42, 2.69, 3.29, 2.74, 2.89, 2.89, 2.98, 3.19, 2.3, 1.98, 2.552, 2.35, 6.17, 6.85, 7.14, 7.51, 8.26, 8.9, 9.38, 9.38, 9.61, 9.92, 9.99, 9.9, 10.08, 9.53, 9.25, 9.77, 9.62, 9.58, 9.36, 9.29, 9.78, 10.61, 11.92, 11.85, 10.6, 9.57, 9.32, 9.22, 9.37, 9.82, 10.93, 11.55, 11.16, 12.336, 12.13, 11.86, 11.2, 10.78, 10.53, 10.12, 8.06, 7.07, 6.28, 5.53, 5.66, 5.72, 5.51, 4.41], [8.15, 8.71, 7.99, 4.62, 2.81, 4.001, 3.28, 2.86, 2.91, 2.99, 3.12, 3.648, 4.918, 5.075, 4.615, 4.02, 2.99, 2.44, 2.33, 2.02, 1.18, 0, 1.04, 1.67, 2.31, 2.87, 3.0, 3.31, 3.95, 3.4, 3.47, 3.45, 3.6, 3.65, 2.7, 2.1, 2.48, 2.27, 6.31, 7.03, 7.48, 7.83, 8.52, 9.12, 9.54, 9.46, 9.69, 10.0, 10.07, 9.98, 10.16, 9.65, 9.43, 9.91, 9.78, 9.66, 9.46, 9.39, 9.88, 10.69, 12.0, 11.91, 10.64, 9.65, 9.4, 9.28, 9.43, 10.14, 11.23, 11.77, 11.26, 12.38, 12.37, 12.24, 11.38, 11.0, 10.65, 10.32, 8.28, 7.29, 6.6, 5.85, 5.9, 6.02, 5.93, 4.77], [8.29, 8.83, 8.11, 4.76, 2.55, 3.827, 3.16, 2.7, 2.73, 2.81, 2.98, 3.5, 4.772, 4.909, 4.469, 3.86, 2.71, 2.14, 2.03, 1.76, 1.12, 1.04, 0, 1.69, 2.09, 2.51, 2.64, 2.93, 3.55, 3.02, 3.15, 3.19, 3.18, 3.41, 2.52, 1.92, 2.212, 2.51, 6.47, 7.17, 7.52, 7.85, 8.58, 9.18, 9.7, 9.66, 9.87, 10.18, 10.23, 10.14, 10.36, 9.81, 9.53, 10.03, 9.92, 9.88, 9.66, 9.59, 10.04, 10.87, 12.16, 12.07, 10.82, 9.81, 9.56, 9.44, 9.59, 10.12, 11.27, 11.81, 11.38, 12.54, 12.39, 12.18, 11.42, 11.02, 10.75, 10.32, 8.34, 7.39, 6.64, 5.97, 6.06, 6.1, 5.95, 4.89], [6.82, 7.38, 6.64, 3.49, 2.66, 4.465, 3.789, 3.426, 3.476, 3.576, 3.609, 4.187, 5.539, 5.726, 5.256, 4.65, 3.36, 2.49, 2.08, 1.47, 1.41, 1.67, 1.69, 0, 1.4, 1.96, 2.11, 2.3, 2.8, 2.29, 2.32, 2.42, 2.43, 2.28, 1.55, 2.002, 2.782, 2.257, 5.74, 6.46, 6.79, 7.06, 7.81, 8.43, 8.95, 8.91, 9.1, 9.41, 9.46, 9.37, 9.59, 9.06, 8.8, 9.3, 9.17, 9.13, 8.93, 8.84, 9.31, 10.1, 11.39, 11.3, 10.05, 9.04, 8.77, 8.65, 8.82, 9.25, 10.44, 11.06, 10.63, 11.75, 11.62, 11.37, 10.69, 10.31, 10.0, 9.61, 7.55, 6.58, 5.91, 5.18, 5.19, 5.41, 5.06, 4.14], [6.76, 7.68, 6.84, 3.47, 2.64, 4.551, 4.05, 3.59, 3.42, 3.4, 3.401, 3.967, 5.331, 5.488, 5.04, 4.45, 3.24, 2.31, 1.92, 1.39, 1.91, 2.31, 2.09, 1.4, 0, 1.4, 1.45, 1.58, 1.9, 1.55, 1.9, 2.2, 2.15, 2.62, 2.19, 2.805, 3.632, 3.017, 6.04, 6.8, 7.11, 7.38, 8.09, 8.71, 9.27, 9.19, 9.36, 9.65, 9.72, 9.63, 9.85, 9.38, 9.1, 9.6, 9.49, 9.47, 9.27, 9.16, 9.59, 10.36, 11.63, 11.56, 10.29, 9.28, 9.07, 8.99, 9.08, 9.55, 10.7, 11.3, 10.83, 11.97, 11.84, 11.57, 10.85, 10.47, 10.16, 9.79, 7.83, 7.1, 6.51, 5.7, 5.77, 6.05, 5.76, 4.92], [7.76, 8.68, 7.94, 4.49, 1.72, 3.52, 3.21, 2.93, 2.66, 2.54, 2.35, 2.93, 4.2, 4.357, 3.88, 3.29, 2.06, 1.43, 1.36, 1.35, 2.33, 2.87, 2.51, 1.96, 1.4, 0, 0.69, 1.08, 1.48, 1.21, 1.84, 2.32, 2.29, 3.1, 2.73, 3.002, 3.582, 3.88, 7.24, 7.98, 8.29, 8.58, 9.31, 9.91, 10.41, 10.43, 10.56, 10.83, 10.9, 10.81, 11.03, 10.62, 10.34, 10.84, 10.71, 10.71, 10.47, 10.34, 10.77, 11.58, 12.83, 12.7, 11.45, 10.44, 10.27, 10.15, 10.26, 10.71, 11.76, 12.42, 11.97, 13.13, 12.94, 12.69, 12.03, 11.63, 11.36, 10.95, 8.99, 8.24, 7.59, 6.86, 6.89, 7.13, 6.74, 5.76], [7.73, 8.63, 7.901, 4.36, 1.75, 3.47, 3.2, 2.96, 2.69, 2.51, 2.36, 2.9, 4.227, 4.424, 3.91, 3.34, 2.17, 1.42, 1.41, 1.44, 2.42, 3.0, 2.64, 2.11, 1.45, 0.69, 0, 0.85, 1.31, 1.12, 1.79, 2.29, 2.3, 3.07, 2.82, 3.137, 3.569, 4.127, 7.33, 8.01, 8.22, 8.63, 9.36, 9.94, 10.46, 10.48, 10.61, 10.84, 10.91, 10.82, 11.06, 10.67, 10.39, 10.89, 10.78, 10.78, 10.54, 10.41, 10.8, 11.67, 12.88, 12.77, 11.46, 10.47, 10.34, 10.24, 10.35, 10.76, 11.75, 12.31, 11.94, 13.1, 12.89, 12.64, 12.0, 11.58, 11.33, 10.92, 9.06, 8.41, 7.8, 7.07, 7.12, 7.34, 6.95, 5.87], [7.46, 8.36, 7.64, 4.01, 1.98, 3.94, 3.69, 3.37, 3.1, 2.86, 2.63, 3.17, 4.537, 4.754, 4.22, 3.71, 2.66, 1.75, 1.54, 1.55, 2.69, 3.31, 2.93, 2.3, 1.58, 1.08, 0.85, 0, 0.96, 0.97, 1.6, 2.1, 2.13, 2.74, 2.71, 3.379, 3.839, 4.292, 7.06, 7.74, 7.93, 8.36, 9.09, 9.67, 10.19, 10.21, 10.36, 10.59, 10.66, 10.53, 10.79, 10.4, 10.12, 10.62, 10.51, 10.51, 10.27, 10.14, 10.53, 11.4, 12.61, 12.48, 11.17, 10.22, 10.13, 10.05, 10.16, 10.53, 11.48, 12.02, 11.65, 12.83, 12.62, 12.35, 11.71, 11.31, 11.06, 10.61, 8.79, 8.16, 7.61, 6.86, 6.93, 7.13, 6.82, 5.76], [7.32, 8.22, 7.5, 3.99, 2.52, 4.4, 4.17, 3.93, 3.7, 3.5, 3.03, 3.41, 4.7, 4.94, 4.44, 3.95, 3.04, 2.23, 2.0, 2.07, 3.29, 3.95, 3.55, 2.8, 1.9, 1.48, 1.31, 0.96, 0, 0.97, 1.56, 2.1, 2.01, 2.72, 2.77, 3.753, 4.417, 4.472, 6.96, 7.62, 7.85, 8.24, 8.97, 9.55, 10.07, 10.09, 10.24, 10.47, 10.54, 10.41, 10.67, 10.28, 10.0, 10.5, 10.39, 10.39, 10.17, 10.04, 10.43, 11.3, 12.53, 12.42, 11.07, 10.1, 10.05, 9.97, 10.1, 10.47, 11.4, 11.88, 11.53, 12.71, 12.5, 12.23, 11.59, 11.19, 10.96, 10.51, 8.69, 8.04, 7.51, 6.8, 6.89, 7.07, 6.76, 5.8], [7.33, 8.112, 7.409, 3.84, 2.19, 3.85, 3.44, 3.1, 2.97, 2.99, 2.82, 3.48, 4.77, 5.03, 4.55, 4.04, 2.93, 2.04, 1.95, 1.9, 2.74, 3.4, 3.02, 2.29, 1.55, 1.21, 1.12, 0.97, 0.97, 0, 0.91, 1.55, 1.56, 2.25, 2.26, 3.146, 3.606, 4.002, 6.59, 7.27, 7.48, 7.91, 8.66, 9.28, 9.78, 9.8, 9.95, 10.24, 10.31, 10.18, 10.38, 9.97, 9.67, 10.17, 10.04, 10.04, 9.8, 9.67, 10.08, 10.93, 12.2, 12.13, 10.92, 9.87, 9.7, 9.62, 9.71, 10.18, 11.23, 11.767, 11.391, 12.568, 12.381, 12.114, 11.46, 11.06, 10.81, 10.36, 8.36, 7.65, 7.04, 6.33, 6.42, 6.64, 6.31, 5.31], [6.98, 7.642, 6.899, 3.31, 2.56, 4.275, 3.65, 3.25, 3.28, 3.4, 3.31, 3.97, 5.24, 5.48, 5.02, 4.53, 3.4, 2.49, 2.44, 2.35, 2.89, 3.47, 3.15, 2.32, 1.9, 1.84, 1.79, 1.6, 1.56, 0.91, 0, 0.94, 1.03, 1.52, 1.91, 3.073, 3.581, 3.803, 5.98, 6.56, 6.77, 7.22, 8.01, 8.65, 9.13, 9.13, 9.34, 9.67, 9.72, 9.57, 9.75, 9.26, 8.96, 9.48, 9.35, 9.31, 9.07, 9.02, 9.45, 10.28, 11.63, 11.58, 10.355, 9.38, 9.15, 9.09, 9.28, 9.63, 10.665, 11.257, 10.901, 12.057, 11.885, 11.584, 10.918, 10.521, 10.268, 9.818, 7.75, 6.94, 6.47, 5.72, 5.87, 6.11, 5.8, 4.76], [6.59, 7.235, 6.555, 3.03, 2.82, 4.78, 4.11, 3.59, 3.68, 3.78, 3.87, 4.47, 5.76, 5.96, 5.54, 5.05, 3.86, 2.91, 2.82, 2.67, 2.89, 3.45, 3.19, 2.42, 2.2, 2.32, 2.29, 2.1, 2.1, 1.55, 0.94, 0, 0.77, 1.24, 1.73, 2.961, 3.466, 3.543, 5.46, 5.92, 6.17, 6.6, 7.39, 8.05, 8.53, 8.53, 8.78, 9.089, 9.16, 9.01, 9.17, 8.64, 8.32, 8.86, 8.73, 8.67, 8.45, 8.4, 8.85, 9.72, 11.098, 11.071, 9.775, 8.86, 8.73, 8.67, 8.84, 9.11, 10.148, 10.74, 10.378, 11.54, 11.365, 11.058, 10.401, 9.981, 9.728, 9.289, 7.19, 6.52, 6.07, 5.38, 5.51, 5.69, 5.42, 4.52], [6.42, 7.054, 6.308, 2.83, 3.03, 4.847, 4.18, 3.74, 3.91, 3.99, 4.06, 4.62, 5.95, 6.15, 5.73, 5.2, 3.97, 3.0, 2.85, 2.66, 2.98, 3.6, 3.18, 2.43, 2.15, 2.29, 2.3, 2.13, 2.01, 1.56, 1.03, 0.77, 0, 1.05, 1.82, 2.98, 3.739, 3.593, 5.25, 5.79, 6.12, 6.49, 7.26, 7.88, 8.38, 8.4, 8.61, 8.939, 8.972, 8.842, 9.02, 8.55, 8.25, 8.73, 8.58, 8.56, 8.32, 8.23, 8.7, 9.61, 10.98, 10.95, 9.665, 8.75, 8.66, 8.58, 8.73, 9.02, 9.999, 10.613, 10.231, 11.376, 11.213, 10.92, 10.274, 9.86, 9.584, 9.148, 7.06, 6.43, 5.96, 5.33, 5.42, 5.56, 5.39, 4.65], [6.335, 6.733, 6.035, 2.73, 3.48, 5.332, 4.67, 4.25, 4.42, 4.52, 4.59, 5.19, 6.56, 6.8, 6.34, 5.81, 4.66, 3.63, 3.36, 3.11, 3.19, 3.65, 3.41, 2.28, 2.62, 3.1, 3.07, 2.74, 2.72, 2.25, 1.52, 1.24, 1.05, 0, 1.29, 2.65, 3.35, 2.88, 4.62, 5.26, 5.53, 5.98, 6.77, 7.412, 7.91, 7.898, 8.111, 8.405, 8.455, 8.36, 8.503, 8.039, 7.76, 8.26, 8.07, 8.03, 7.81, 7.76, 8.287, 9.14, 10.486, 10.479, 9.183, 8.279, 8.13, 8.05, 8.259, 8.535, 9.511, 10.102, 9.721, 10.883, 10.714, 10.407, 9.755, 9.341, 9.076, 8.675, 6.598, 5.78, 5.31, 4.68, 4.77, 4.89, 4.68, 3.82], [7.142, 7.525, 6.731, 3.53, 2.95, 4.77, 4.12, 3.64, 3.81, 3.91, 4.0, 4.56, 5.89, 6.11, 5.67, 5.18, 4.03, 3.0, 2.69, 2.3, 2.3, 2.7, 2.52, 1.55, 2.19, 2.73, 2.82, 2.71, 2.77, 2.26, 1.91, 1.73, 1.82, 1.29, 0, 1.64, 2.42, 2.03, 5.15, 5.878, 6.174, 6.601, 7.394, 8.01, 8.49, 8.482, 8.72, 9.024, 9.094, 8.999, 9.173, 8.597, 8.343, 8.866, 8.705, 8.645, 8.445, 8.401, 8.911, 9.741, 11.085, 11.012, 9.756, 8.743, 8.536, 8.418, 8.551, 9.037, 10.167, 10.753, 10.354, 11.516, 11.367, 11.066, 10.354, 9.951, 9.695, 9.326, 7.219, 6.23, 5.46, 4.63, 4.62, 4.86, 4.45, 3.43], [8.488, 8.839, 8.079, 4.82, 2.59, 3.83, 3.18, 2.76, 2.93, 3.03, 3.24, 3.74, 4.99, 5.19, 4.77, 4.28, 3.19, 2.72, 2.69, 2.46, 1.98, 2.1, 1.92, 2.002, 2.805, 3.002, 3.137, 3.379, 3.753, 3.146, 3.073, 2.961, 2.98, 2.65, 1.64, 0, 1.14, 2.01, 6.044, 6.781, 7.117, 7.544, 8.274, 8.919, 9.402, 9.39, 9.629, 9.973, 10.011, 9.887, 10.062, 9.486, 9.269, 9.769, 9.628, 9.568, 9.348, 9.324, 9.817, 10.658, 11.978, 11.888, 10.67, 9.652, 9.396, 9.27, 9.461, 9.932, 11.079, 11.668, 11.404, 12.447, 12.316, 12.024, 11.297, 10.889, 10.607, 10.229, 8.108, 7.041, 6.234, 5.511, 5.601, 5.671, 5.43, 4.15], [9.3, 9.622, 8.834, 5.707, 2.83, 3.51, 2.86, 2.52, 2.61, 2.73, 3.14, 3.5, 4.57, 4.75, 4.35, 3.94, 3.21, 3.049, 3.219, 3.092, 2.552, 2.48, 2.212, 2.782, 3.632, 3.582, 3.569, 3.839, 4.417, 3.606, 3.581, 3.466, 3.739, 3.35, 2.42, 1.14, 0, 2.51, 6.444, 7.277, 7.579, 8.0, 8.795, 9.455, 9.857, 9.833, 10.092, 10.436, 10.474, 10.35, 10.505, 9.949, 9.71, 10.212, 10.108, 9.956, 9.743, 9.701, 10.217, 11.081, 12.401, 12.351, 11.113, 10.109, 9.859, 9.773, 10.008, 10.521, 11.6, 12.169, 11.847, 13.011, 12.861, 12.573, 11.861, 11.413, 11.173, 10.753, 8.625, 7.537, 6.864, 6.114, 6.224, 6.201, 6.031, 4.83], [7.314, 7.524, 6.787, 4.085, 3.82, 5.48, 4.81, 4.47, 4.68, 4.74, 4.89, 5.39, 6.72, 6.92, 6.52, 5.99, 4.72, 3.87, 3.62, 3.25, 2.35, 2.27, 2.51, 2.257, 3.017, 3.88, 4.127, 4.292, 4.472, 4.002, 3.803, 3.543, 3.593, 2.88, 2.03, 2.01, 2.51, 0, 4.34, 5.263, 5.799, 6.095, 6.822, 7.445, 7.957, 7.787, 7.939, 8.32, 8.353, 8.249, 8.453, 7.943, 7.689, 8.166, 7.999, 7.858, 7.75, 7.649, 8.147, 8.92, 10.263, 10.221, 9.03, 8.017, 7.755, 7.696, 7.872, 8.588, 9.747, 10.304, 9.805, 10.828, 10.933, 10.774, 9.925, 9.542, 9.147, 8.802, 6.611, 5.472, 4.822, 4.121, 4.191, 4.245, 4.235, 3.14], [5.472, 5.487, 4.872, 4.01, 7.76, 9.66, 8.95, 8.63, 8.84, 8.9, 9.01, 9.55, 10.88, 11.08, 10.68, 10.15, 8.86, 7.89, 7.54, 6.97, 6.17, 6.31, 6.47, 5.74, 6.04, 7.24, 7.33, 7.06, 6.96, 6.59, 5.98, 5.46, 5.25, 4.62, 5.15, 6.044, 6.444, 4.34, 0, 1.72, 2.07, 2.14, 2.81, 3.319, 3.85, 3.73, 3.836, 4.167, 4.214, 4.052, 4.293, 3.86, 3.58, 4.02, 3.87, 3.79, 3.69, 3.58, 4.059, 4.897, 6.232, 6.194, 4.896, 3.989, 3.867, 3.804, 4.04, 4.585, 5.596, 6.136, 6.013, 6.772, 6.879, 6.7, 5.843, 5.385, 4.978, 4.68, 2.877, 1.88, 1.65, 1.76, 1.67, 1.39, 1.76, 2.7], [4.19, 4.181, 3.627, 4.03, 8.56, 10.411, 9.715, 9.35, 9.52, 9.6, 9.67, 10.23, 11.56, 11.74, 11.34, 10.81, 9.52, 8.53, 8.22, 7.63, 6.85, 7.03, 7.17, 6.46, 6.8, 7.98, 8.01, 7.74, 7.62, 7.27, 6.56, 5.92, 5.79, 5.26, 5.878, 6.781, 7.277, 5.263, 1.72, 0, 1.03, 1.42, 1.97, 2.516, 2.83, 2.85, 3.153, 3.501, 3.513, 3.57, 3.49, 2.96, 2.74, 3.2, 3.07, 2.97, 2.73, 2.7, 3.27, 4.12, 5.47, 5.462, 4.19, 3.42, 3.35, 3.31, 3.6, 3.99, 4.723, 5.138, 5.027, 5.834, 5.85, 5.771, 4.931, 4.502, 4.152, 3.779, 1.97, 1.78, 1.85, 2.12, 2.05, 2.03, 2.68, 3.5], [4.009, 3.989, 3.39, 4.02, 8.85, 10.736, 10.057, 9.64, 9.77, 9.87, 9.9, 10.48, 11.85, 12.03, 11.61, 11.08, 9.85, 8.8, 8.51, 7.92, 7.14, 7.48, 7.52, 6.79, 7.11, 8.29, 8.22, 7.93, 7.85, 7.48, 6.77, 6.17, 6.12, 5.53, 6.174, 7.117, 7.579, 5.799, 2.07, 1.03, 0, 0.85, 1.32, 1.98, 2.44, 2.54, 2.85, 3.2, 3.21, 3.3, 3.1, 2.53, 2.27, 2.91, 2.7, 2.76, 2.7, 2.79, 3.34, 4.05, 5.28, 5.37, 4.24, 3.61, 3.44, 3.48, 3.67, 3.9, 4.27, 4.737, 4.795, 5.573, 5.377, 5.146, 4.395, 3.96, 3.687, 3.28, 2.1, 1.97, 2.0, 2.35, 2.3, 2.2, 2.75, 3.77], [3.92, 3.879, 3.3, 4.43, 9.32, 11.162, 10.469, 10.081, 10.22, 10.32, 10.35, 10.93, 12.28, 12.44, 12.04, 11.49, 10.18, 9.21, 8.84, 8.27, 7.51, 7.83, 7.85, 7.06, 7.38, 8.58, 8.63, 8.36, 8.24, 7.91, 7.22, 6.6, 6.49, 5.98, 6.601, 7.544, 8.0, 6.095, 2.14, 1.42, 0.85, 0, 0.89, 1.55, 2.19, 2.09, 2.46, 2.81, 2.86, 2.93, 2.77, 2.22, 1.94, 2.72, 2.61, 2.73, 2.71, 2.78, 3.35, 4.02, 5.17, 5.24, 4.19, 3.58, 3.41, 3.43, 3.66, 3.85, 4.24, 4.52, 4.53, 5.204, 5.075, 4.773, 4.045, 3.684, 3.477, 3.07, 2.27, 1.94, 2.09, 2.66, 2.57, 2.37, 2.74, 4.148], [4.07, 3.99, 3.37, 5.14, 10.11, 11.96, 11.299, 10.893, 11.03, 11.13, 11.16, 11.72, 13.07, 13.23, 12.83, 12.26, 10.97, 9.98, 9.61, 9.04, 8.26, 8.52, 8.58, 7.81, 8.09, 9.31, 9.36, 9.09, 8.97, 8.66, 8.01, 7.39, 7.26, 6.77, 7.394, 8.274, 8.795, 6.822, 2.81, 1.97, 1.32, 0.89, 0, 0.9, 1.52, 1.7, 1.91, 2.16, 2.19, 2.3, 2.2, 1.69, 1.43, 2.21, 2.1, 2.28, 2.26, 2.27, 2.86, 3.47, 4.54, 4.61, 3.74, 3.37, 2.98, 3.0, 3.15, 3.3, 3.67, 4.11, 4.32, 4.598, 4.517, 4.098, 3.398, 2.96, 2.75, 2.48, 2.3, 1.97, 2.4, 3.15, 3.16, 2.94, 3.29, 4.957], [4.13, 4.07, 3.63, 5.72, 10.766, 12.58, 11.919, 11.548, 11.69, 11.79, 11.82, 12.36, 13.73, 13.89, 13.47, 12.9, 11.57, 10.62, 10.25, 9.68, 8.9, 9.12, 9.18, 8.43, 8.71, 9.91, 9.94, 9.67, 9.55, 9.28, 8.65, 8.05, 7.88, 7.412, 8.01, 8.919, 9.455, 7.445, 3.319, 2.516, 1.98, 1.55, 0.9, 0, 1.0, 1.76, 1.89, 1.8, 1.79, 1.84, 1.7, 1.31, 1.11, 1.69, 1.72, 2.06, 1.82, 1.83, 2.34, 2.87, 3.8, 3.93, 3.16, 2.89, 2.64, 2.6, 2.69, 2.82, 3.11, 3.59, 4.0, 4.215, 4.203, 3.715, 2.96, 2.38, 2.17, 1.94, 2.2, 2.23, 2.9, 3.77, 3.8, 3.514, 3.87, 5.589], [4.59, 4.47, 4.21, 6.24, 11.229, 13.018, 12.308, 12.01, 12.137, 12.25, 12.267, 12.82, 14.19, 14.35, 13.93, 13.36, 12.01, 11.08, 10.75, 10.16, 9.38, 9.54, 9.7, 8.95, 9.27, 10.41, 10.46, 10.19, 10.07, 9.78, 9.13, 8.53, 8.38, 7.91, 8.49, 9.402, 9.857, 7.957, 3.85, 2.83, 2.44, 2.19, 1.52, 1.0, 0, 1.3, 1.49, 1.34, 1.35, 1.68, 1.3, 0.81, 0.93, 1.57, 1.42, 1.72, 1.34, 1.75, 2.38, 2.77, 3.64, 3.85, 3.34, 3.31, 3.04, 2.96, 3.01, 3.02, 3.21, 3.77, 4.218, 4.558, 4.403, 3.893, 3.1, 2.46, 2.25, 2.32, 2.74, 2.73, 3.46, 4.35, 4.36, 4.092, 4.33, 6.058], [5.05, 4.97, 4.57, 6.26, 11.232, 13.026, 12.325, 12.013, 12.16, 12.26, 12.29, 12.84, 14.21, 14.37, 13.95, 13.38, 12.01, 11.1, 10.73, 10.16, 9.38, 9.46, 9.66, 8.91, 9.19, 10.43, 10.48, 10.21, 10.09, 9.8, 9.13, 8.53, 8.4, 7.898, 8.482, 9.39, 9.833, 7.787, 3.73, 2.85, 2.54, 2.09, 1.7, 1.76, 1.3, 0, 0.87, 1.26, 1.35, 1.92, 1.48, 1.19, 1.47, 1.89, 1.68, 1.66, 1.5, 2.27, 3.02, 3.13, 3.98, 4.25, 3.92, 3.83, 3.46, 3.68, 3.83, 3.98, 4.37, 4.89, 5.14, 5.118, 5.423, 4.913, 4.06, 3.52, 3.17, 3.42, 3.5, 3.09, 3.44, 4.23, 4.171, 3.997, 4.39, 6.08], [5.04, 5.02, 4.66, 6.41, 11.465, 13.22, 12.542, 12.272, 12.412, 12.513, 12.543, 13.09, 14.48, 14.64, 14.2, 13.63, 12.24, 11.35, 10.94, 10.39, 9.61, 9.69, 9.87, 9.1, 9.36, 10.56, 10.61, 10.36, 10.24, 9.95, 9.34, 8.78, 8.61, 8.111, 8.72, 9.629, 10.092, 7.939, 3.836, 3.153, 2.85, 2.46, 1.91, 1.89, 1.49, 0.87, 0, 0.87, 0.96, 1.53, 1.35, 1.24, 1.5, 1.78, 1.71, 1.57, 1.71, 2.18, 2.95, 3.06, 3.67, 3.92, 3.79, 3.7, 3.27, 3.51, 3.72, 3.83, 4.3, 4.84, 5.09, 5.088, 5.413, 4.91, 4.09, 3.53, 3.14, 3.37, 3.43, 3.06, 3.57, 4.413, 4.383, 4.163, 4.64, 6.321], [5.13, 5.13, 4.91, 6.66, 11.791, 13.579, 12.9, 12.598, 12.756, 12.856, 12.89, 13.44, 14.829, 14.989, 14.55, 13.98, 12.59, 11.7, 11.27, 10.7, 9.92, 10.0, 10.18, 9.41, 9.65, 10.83, 10.84, 10.59, 10.47, 10.24, 9.67, 9.089, 8.939, 8.405, 9.024, 9.973, 10.436, 8.32, 4.167, 3.501, 3.2, 2.81, 2.16, 1.8, 1.34, 1.26, 0.87, 0, 0.65, 1.12, 1.02, 1.09, 1.13, 1.37, 1.4, 1.38, 1.54, 1.85, 2.48, 2.53, 3.28, 3.55, 3.34, 3.37, 3.06, 3.12, 3.29, 3.32, 3.69, 4.29, 4.68, 4.758, 4.945, 4.42, 3.56, 2.98, 2.63, 2.88, 3.26, 3.25, 3.891, 4.741, 4.709, 4.534, 4.877, 6.645], [5.06, 5.02, 4.92, 6.71, 11.861, 13.629, 12.945, 12.648, 12.806, 12.906, 12.943, 13.49, 14.88, 15.04, 14.6, 14.03, 12.64, 11.75, 11.32, 10.77, 9.99, 10.07, 10.23, 9.46, 9.72, 10.9, 10.91, 10.66, 10.54, 10.31, 9.72, 9.16, 8.972, 8.455, 9.094, 10.011, 10.474, 8.353, 4.214, 3.513, 3.21, 2.86, 2.19, 1.79, 1.35, 1.35, 0.96, 0.65, 0, 0.93, 1.11, 1.18, 1.32, 1.52, 1.35, 1.49, 1.55, 1.86, 2.29, 2.46, 3.15, 3.36, 3.09, 3.24, 2.97, 3.05, 3.2, 3.17, 3.54, 4.08, 4.47, 4.508, 4.718, 4.17, 3.37, 2.85, 2.48, 2.81, 3.25, 3.38, 3.983, 4.793, 4.743, 4.601, 4.909, 6.695], [4.99, 4.89, 4.93, 6.6, 11.741, 13.523, 12.861, 12.542, 12.689, 12.789, 12.82, 13.38, 14.73, 14.89, 14.49, 13.92, 12.55, 11.64, 11.23, 10.68, 9.9, 9.98, 10.14, 9.37, 9.63, 10.81, 10.82, 10.53, 10.41, 10.18, 9.57, 9.01, 8.842, 8.36, 8.999, 9.887, 10.35, 8.249, 4.052, 3.57, 3.3, 2.93, 2.3, 1.84, 1.68, 1.92, 1.53, 1.12, 0.93, 0, 1.16, 1.43, 1.37, 1.61, 1.6, 1.66, 1.96, 1.59, 1.94, 2.23, 3.06, 3.21, 2.88, 2.95, 2.74, 2.66, 2.87, 2.88, 3.21, 3.75, 4.2, 4.278, 4.448, 3.918, 3.18, 2.64, 2.29, 2.48, 2.84, 3.25, 3.859, 4.689, 4.639, 4.559, 4.806, 6.597], [4.89, 4.75, 4.87, 6.84, 11.849, 13.672, 12.964, 12.659, 12.81, 12.906, 12.94, 13.52, 14.87, 15.03, 14.63, 14.08, 12.71, 11.8, 11.43, 10.86, 10.08, 10.16, 10.36, 9.59, 9.85, 11.03, 11.06, 10.79, 10.67, 10.38, 9.75, 9.17, 9.02, 8.503, 9.173, 10.062, 10.505, 8.453, 4.293, 3.49, 3.1, 2.77, 2.2, 1.7, 1.3, 1.48, 1.35, 1.02, 1.11, 1.16, 0, 0.93, 1.21, 1.43, 1.36, 1.64, 1.42, 1.49, 2.1, 2.33, 3.2, 3.41, 3.14, 3.09, 2.86, 2.84, 2.93, 2.9, 3.31, 3.89, 4.3, 4.5, 4.53, 4.0, 3.18, 2.58, 2.33, 2.46, 2.7, 3.21, 4.0, 4.89, 4.9, 4.583, 4.963, 6.726], [4.68, 4.72, 4.56, 6.45, 11.34, 13.142, 12.423, 12.114, 12.28, 12.361, 12.41, 12.97, 14.318, 14.48, 14.08, 13.53, 12.16, 11.25, 10.88, 10.31, 9.53, 9.65, 9.81, 9.06, 9.38, 10.62, 10.67, 10.4, 10.28, 9.97, 9.26, 8.64, 8.55, 8.039, 8.597, 9.486, 9.949, 7.943, 3.86, 2.96, 2.53, 2.22, 1.69, 1.31, 0.81, 1.19, 1.24, 1.09, 1.18, 1.43, 0.93, 0, 0.78, 1.24, 1.25, 1.43, 1.25, 1.64, 2.33, 2.6, 3.53, 3.82, 3.47, 3.4, 3.07, 3.03, 3.14, 3.07, 3.44, 4.0, 4.488, 4.728, 4.735, 4.223, 3.343, 2.75, 2.44, 2.61, 2.73, 2.76, 3.47, 4.38, 4.37, 4.082, 4.439, 6.182], [4.68, 4.64, 4.38, 6.17, 11.06, 12.859, 12.126, 11.843, 11.98, 12.07, 12.13, 12.71, 14.04, 14.22, 13.82, 13.27, 11.9, 10.99, 10.6, 10.03, 9.25, 9.43, 9.53, 8.8, 9.1, 10.34, 10.39, 10.12, 10.0, 9.67, 8.96, 8.32, 8.25, 7.76, 8.343, 9.269, 9.71, 7.689, 3.58, 2.74, 2.27, 1.94, 1.43, 1.11, 0.93, 1.47, 1.5, 1.13, 1.32, 1.37, 1.21, 0.78, 0, 1.1, 1.21, 1.37, 1.35, 1.52, 2.05, 2.46, 3.53, 3.7, 3.23, 3.12, 2.87, 2.71, 2.8, 2.77, 3.16, 3.86, 4.328, 4.548, 4.493, 3.983, 3.15, 2.55, 2.28, 2.25, 2.55, 2.52, 3.17, 4.08, 4.07, 3.804, 4.14, 5.911], [5.32, 5.38, 5.06, 6.67, 11.54, 13.348, 12.581, 12.306, 12.46, 12.54, 12.61, 13.17, 14.5, 14.68, 14.28, 13.75, 12.38, 11.47, 11.1, 10.53, 9.77, 9.91, 10.03, 9.3, 9.6, 10.84, 10.89, 10.62, 10.5, 10.17, 9.48, 8.86, 8.73, 8.26, 8.866, 9.769, 10.212, 8.166, 4.02, 3.2, 2.91, 2.72, 2.21, 1.69, 1.57, 1.89, 1.78, 1.37, 1.52, 1.61, 1.43, 1.24, 1.1, 0, 0.85, 0.99, 1.55, 1.82, 1.95, 2.06, 3.01, 3.26, 3.11, 3.28, 3.09, 2.81, 2.88, 2.69, 3.18, 4.0, 4.69, 4.75, 4.78, 4.23, 3.59, 3.05, 2.62, 2.73, 2.97, 2.92, 3.69, 4.56, 4.49, 4.241, 4.611, 6.393], [5.57, 5.59, 5.19, 6.58, 11.31, 13.192, 12.473, 12.14, 12.31, 12.37, 12.46, 13.02, 14.35, 14.53, 14.13, 13.6, 12.27, 11.34, 10.99, 10.42, 9.62, 9.78, 9.92, 9.17, 9.49, 10.71, 10.78, 10.51, 10.39, 10.04, 9.35, 8.73, 8.58, 8.07, 8.705, 9.628, 10.108, 7.999, 3.87, 3.07, 2.7, 2.61, 2.1, 1.72, 1.42, 1.68, 1.71, 1.4, 1.35, 1.6, 1.36, 1.25, 1.21, 0.85, 0, 0.68, 1.14, 1.71, 2.06, 2.15, 3.0, 3.29, 3.24, 3.43, 3.18, 3.02, 3.07, 2.88, 3.39, 4.33, 4.98, 5.08, 5.11, 4.48, 3.8, 3.28, 2.77, 3.04, 3.04, 2.93, 3.56, 4.41, 4.36, 4.12, 4.47, 6.232], [5.95, 5.99, 5.51, 6.64, 11.29, 13.129, 12.431, 12.1, 12.27, 12.35, 12.42, 12.98, 14.31, 14.49, 14.09, 13.56, 12.23, 11.3, 10.95, 10.38, 9.58, 9.66, 9.88, 9.13, 9.47, 10.71, 10.78, 10.51, 10.39, 10.04, 9.31, 8.67, 8.56, 8.03, 8.645, 9.568, 9.956, 7.858, 3.79, 2.97, 2.76, 2.73, 2.28, 2.06, 1.72, 1.66, 1.57, 1.38, 1.49, 1.66, 1.64, 1.43, 1.37, 0.99, 0.68, 0, 1.14, 1.77, 2.16, 2.19, 3.04, 3.31, 3.36, 3.43, 3.28, 3.08, 3.21, 3.18, 3.71, 4.625, 5.18, 5.298, 5.428, 4.86, 4.18, 3.64, 3.15, 3.32, 3.32, 2.99, 3.52, 4.35, 4.3, 4.04, 4.41, 6.192], [5.69, 5.67, 5.33, 6.46, 11.07, 12.938, 12.225, 11.86, 12.05, 12.13, 12.2, 12.74, 14.07, 14.27, 13.87, 13.34, 12.01, 11.08, 10.73, 10.16, 9.36, 9.46, 9.66, 8.93, 9.27, 10.47, 10.54, 10.27, 10.17, 9.8, 9.07, 8.45, 8.32, 7.81, 8.445, 9.348, 9.743, 7.75, 3.69, 2.73, 2.7, 2.71, 2.26, 1.82, 1.34, 1.5, 1.71, 1.54, 1.55, 1.96, 1.42, 1.25, 1.35, 1.55, 1.14, 1.14, 0, 1.41, 2.12, 2.45, 3.44, 3.65, 3.3, 3.19, 3.0, 2.92, 3.09, 3.0, 3.683, 4.603, 5.081, 5.381, 5.331, 4.815, 4.0, 3.36, 3.09, 3.08, 2.78, 2.63, 3.26, 4.19, 4.2, 3.9, 4.17, 5.972], [5.26, 5.16, 5.08, 6.39, 11.06, 12.916, 12.215, 11.85, 11.98, 12.08, 12.13, 12.71, 14.06, 14.24, 13.82, 13.27, 11.98, 11.01, 10.66, 10.09, 9.29, 9.39, 9.59, 8.84, 9.16, 10.34, 10.41, 10.14, 10.04, 9.67, 9.02, 8.4, 8.23, 7.76, 8.401, 9.324, 9.701, 7.649, 3.58, 2.7, 2.79, 2.78, 2.27, 1.83, 1.75, 2.27, 2.18, 1.85, 1.86, 1.59, 1.49, 1.64, 1.52, 1.82, 1.71, 1.77, 1.41, 0, 1.03, 1.64, 2.89, 2.92, 2.31, 2.02, 1.89, 1.85, 1.96, 2.05, 2.92, 3.8, 4.268, 4.488, 4.535, 4.09, 3.27, 2.61, 2.34, 2.21, 1.95, 2.4, 3.23, 4.12, 4.07, 3.85, 4.14, 5.928], [5.63, 5.47, 5.43, 6.8, 11.569, 13.478, 12.771, 12.396, 12.51, 12.61, 12.66, 13.24, 14.59, 14.77, 14.35, 13.8, 12.51, 11.52, 11.15, 10.56, 9.78, 9.88, 10.04, 9.31, 9.59, 10.77, 10.8, 10.53, 10.43, 10.08, 9.45, 8.85, 8.7, 8.287, 8.911, 9.817, 10.217, 8.147, 4.059, 3.27, 3.34, 3.35, 2.86, 2.34, 2.38, 3.02, 2.95, 2.48, 2.29, 1.94, 2.1, 2.33, 2.05, 1.95, 2.06, 2.16, 2.12, 1.03, 0, 0.99, 2.3, 2.31, 1.78, 1.91, 2.08, 1.92, 1.79, 1.62, 2.23, 3.09, 3.84, 3.98, 3.95, 3.62, 3.22, 2.62, 2.29, 2.12, 2.22, 2.95, 3.74, 4.59, 4.58, 4.46, 4.69, 6.49], [6.02, 5.78, 5.8, 7.67, 12.399, 14.293, 13.595, 13.206, 13.36, 13.46, 13.49, 14.09, 15.456, 15.62, 15.18, 14.63, 13.32, 12.35, 11.94, 11.39, 10.61, 10.69, 10.87, 10.1, 10.36, 11.58, 11.67, 11.4, 11.3, 10.93, 10.28, 9.72, 9.61, 9.14, 9.741, 10.658, 11.081, 8.92, 4.897, 4.12, 4.05, 4.02, 3.47, 2.87, 2.77, 3.13, 3.06, 2.53, 2.46, 2.23, 2.33, 2.6, 2.46, 2.06, 2.15, 2.19, 2.45, 1.64, 0.99, 0, 1.43, 1.64, 1.81, 2.16, 2.11, 2.13, 2.02, 1.75, 2.26, 3.34, 4.11, 4.09, 4.22, 3.81, 3.37, 2.81, 2.32, 2.41, 2.73, 3.7, 4.524, 5.368, 5.338, 5.204, 5.491, 7.308], [6.81, 6.51, 6.61, 8.88, 13.791, 15.612, 14.933, 14.608, 14.732, 14.829, 14.88, 15.46, 16.798, 16.978, 16.53, 15.96, 14.61, 13.7, 13.29, 12.7, 11.92, 12.0, 12.16, 11.39, 11.63, 12.83, 12.88, 12.61, 12.53, 12.2, 11.63, 11.098, 10.98, 10.486, 11.085, 11.978, 12.401, 10.263, 6.232, 5.47, 5.28, 5.17, 4.54, 3.8, 3.64, 3.98, 3.67, 3.28, 3.15, 3.06, 3.2, 3.53, 3.53, 3.01, 3.0, 3.04, 3.44, 2.89, 2.3, 1.43, 0, 0.89, 1.82, 2.69, 2.66, 2.78, 2.59, 2.26, 2.13, 3.11, 4.04, 3.78, 4.15, 3.74, 3.56, 3.04, 2.75, 2.68, 3.94, 5.018, 5.839, 6.709, 6.699, 6.545, 6.88, 8.686], [6.78, 6.52, 6.64, 8.83, 13.732, 15.575, 14.893, 14.545, 14.685, 14.78, 14.815, 15.378, 16.731, 16.891, 16.46, 15.87, 14.56, 13.63, 13.22, 12.63, 11.85, 11.91, 12.07, 11.3, 11.56, 12.7, 12.77, 12.48, 12.42, 12.13, 11.58, 11.071, 10.95, 10.479, 11.012, 11.888, 12.351, 10.221, 6.194, 5.462, 5.37, 5.24, 4.61, 3.93, 3.85, 4.25, 3.92, 3.55, 3.36, 3.21, 3.41, 3.82, 3.7, 3.26, 3.29, 3.31, 3.65, 2.92, 2.31, 1.64, 0.89, 0, 1.75, 2.66, 2.67, 2.71, 2.56, 2.19, 1.82, 2.82, 3.95, 3.61, 4.0, 3.69, 3.57, 3.19, 2.84, 2.81, 3.93, 4.962, 5.792, 6.662, 6.652, 6.457, 6.827, 8.613], [5.71, 5.35, 5.47, 7.54, 12.494, 14.326, 13.627, 13.3, 13.429, 13.526, 13.559, 14.102, 15.475, 15.635, 15.206, 14.62, 13.29, 12.38, 11.97, 11.38, 10.6, 10.64, 10.82, 10.05, 10.29, 11.45, 11.46, 11.17, 11.07, 10.92, 10.355, 9.775, 9.665, 9.183, 9.756, 10.67, 11.113, 9.03, 4.896, 4.19, 4.24, 4.19, 3.74, 3.16, 3.34, 3.92, 3.79, 3.34, 3.09, 2.88, 3.14, 3.47, 3.23, 3.11, 3.24, 3.36, 3.3, 2.31, 1.78, 1.81, 1.82, 1.75, 0, 1.29, 1.64, 1.6, 1.61, 1.48, 1.75, 2.25, 2.74, 2.84, 3.15, 2.98, 2.9, 2.36, 2.01, 1.82, 2.68, 3.85, 4.78, 5.55, 5.5, 5.44, 5.65, 7.369], [5.14, 4.86, 4.94, 6.71, 11.47, 13.316, 12.637, 12.277, 12.405, 12.5, 12.535, 13.11, 14.471, 14.631, 14.18, 13.61, 12.28, 11.35, 10.94, 10.35, 9.57, 9.65, 9.81, 9.04, 9.28, 10.44, 10.47, 10.22, 10.1, 9.87, 9.38, 8.86, 8.75, 8.279, 8.743, 9.652, 10.109, 8.017, 3.989, 3.42, 3.61, 3.58, 3.37, 2.89, 3.31, 3.83, 3.7, 3.37, 3.24, 2.95, 3.09, 3.4, 3.12, 3.28, 3.43, 3.43, 3.19, 2.02, 1.91, 2.16, 2.69, 2.66, 1.29, 0, 1.03, 1.05, 1.22, 1.73, 2.52, 2.88, 2.83, 3.248, 3.655, 3.47, 2.79, 2.33, 2.0, 1.77, 1.83, 2.94, 3.89, 4.64, 4.57, 4.49, 4.72, 6.345], [5.09, 4.79, 4.81, 6.78, 11.249, 13.103, 12.438, 12.05, 12.181, 12.27, 12.311, 12.88, 14.246, 14.406, 13.95, 13.38, 12.07, 11.12, 10.69, 10.08, 9.32, 9.4, 9.56, 8.77, 9.07, 10.27, 10.34, 10.13, 10.05, 9.7, 9.15, 8.73, 8.66, 8.13, 8.536, 9.396, 9.859, 7.755, 3.867, 3.35, 3.44, 3.41, 2.98, 2.64, 3.04, 3.46, 3.27, 3.06, 2.97, 2.74, 2.86, 3.07, 2.87, 3.09, 3.18, 3.28, 3.0, 1.89, 2.08, 2.11, 2.66, 2.67, 1.64, 1.03, 0, 0.86, 1.23, 1.88, 2.73, 3.33, 3.46, 3.68, 4.07, 3.84, 2.94, 2.38, 1.99, 1.86, 1.84, 2.59, 3.481, 4.218, 4.168, 4.15, 4.41, 6.117], [5.17, 4.95, 4.99, 6.74, 11.146, 12.983, 12.318, 11.947, 12.078, 12.17, 12.208, 12.771, 14.123, 14.283, 13.85, 13.26, 11.95, 11.02, 10.59, 9.98, 9.22, 9.28, 9.44, 8.65, 8.99, 10.15, 10.24, 10.05, 9.97, 9.62, 9.09, 8.67, 8.58, 8.05, 8.418, 9.27, 9.773, 7.696, 3.804, 3.31, 3.48, 3.43, 3.0, 2.6, 2.96, 3.68, 3.51, 3.12, 3.05, 2.66, 2.84, 3.03, 2.71, 2.81, 3.02, 3.08, 2.92, 1.85, 1.92, 2.13, 2.78, 2.71, 1.6, 1.05, 0.86, 0, 0.75, 1.38, 2.47, 3.11, 3.26, 3.54, 3.83, 3.54, 2.74, 2.34, 1.81, 1.6, 1.78, 2.55, 3.398, 4.168, 4.092, 4.027, 4.232, 6.011], [5.32, 5.06, 5.14, 6.89, 11.287, 13.121, 12.455, 12.094, 12.225, 12.32, 12.355, 12.918, 14.271, 14.431, 14.0, 13.41, 12.08, 11.17, 10.74, 10.15, 9.37, 9.43, 9.59, 8.82, 9.08, 10.26, 10.35, 10.16, 10.1, 9.71, 9.28, 8.84, 8.73, 8.259, 8.551, 9.461, 10.008, 7.872, 4.04, 3.6, 3.67, 3.66, 3.15, 2.69, 3.01, 3.83, 3.72, 3.29, 3.2, 2.87, 2.93, 3.14, 2.8, 2.88, 3.07, 3.21, 3.09, 1.96, 1.79, 2.02, 2.59, 2.56, 1.61, 1.22, 1.23, 0.75, 0, 1.11, 2.24, 2.94, 3.27, 3.41, 3.46, 3.21, 2.67, 2.29, 1.86, 1.49, 1.99, 2.78, 3.407, 4.222, 4.222, 4.107, 4.419, 6.162], [5.55, 5.29, 5.33, 7.08, 11.746, 13.623, 12.947, 12.553, 12.681, 12.77, 12.811, 13.373, 14.726, 14.886, 14.45, 13.86, 12.57, 11.62, 11.19, 10.58, 9.82, 10.14, 10.12, 9.25, 9.55, 10.71, 10.76, 10.53, 10.47, 10.18, 9.63, 9.11, 9.02, 8.535, 9.037, 9.932, 10.521, 8.588, 4.585, 3.99, 3.9, 3.85, 3.3, 2.82, 3.02, 3.98, 3.83, 3.32, 3.17, 2.88, 2.9, 3.07, 2.77, 2.69, 2.88, 3.18, 3.0, 2.05, 1.62, 1.75, 2.26, 2.19, 1.48, 1.73, 1.88, 1.38, 1.11, 0, 1.47, 2.45, 3.24, 3.5, 3.15, 2.64, 2.56, 2.18, 1.93, 1.64, 2.3, 3.23, 3.906, 4.833, 4.877, 4.626, 4.862, 6.62], [5.56, 5.08, 5.22, 7.63, 12.882, 14.797, 14.115, 13.672, 13.796, 13.88, 13.935, 14.495, 15.845, 16.023, 15.56, 14.97, 13.72, 12.75, 12.34, 11.71, 10.93, 11.23, 11.27, 10.44, 10.7, 11.76, 11.75, 11.48, 11.4, 11.23, 10.665, 10.148, 9.999, 9.511, 10.167, 11.079, 11.6, 9.747, 5.596, 4.723, 4.27, 4.24, 3.67, 3.11, 3.21, 4.37, 4.3, 3.69, 3.54, 3.21, 3.31, 3.44, 3.16, 3.18, 3.39, 3.71, 3.683, 2.92, 2.23, 2.26, 2.13, 1.82, 1.75, 2.52, 2.73, 2.47, 2.24, 1.47, 0, 1.28, 2.53, 2.55, 2.42, 2.13, 2.17, 1.93, 1.8, 1.51, 3.247, 4.42, 5.107, 5.977, 6.067, 5.884, 6.052, 7.751], [5.46, 4.74, 4.92, 8.13, 13.497, 15.362, 14.687, 14.266, 14.391, 14.48, 14.547, 15.069, 16.439, 16.596, 16.16, 15.57, 14.34, 13.33, 12.98, 12.33, 11.55, 11.77, 11.81, 11.06, 11.3, 12.42, 12.31, 12.02, 11.88, 11.767, 11.257, 10.74, 10.613, 10.102, 10.753, 11.668, 12.169, 10.304, 6.136, 5.138, 4.737, 4.52, 4.11, 3.59, 3.77, 4.89, 4.84, 4.29, 4.08, 3.75, 3.89, 4.0, 3.86, 4.0, 4.33, 4.625, 4.603, 3.8, 3.09, 3.34, 3.11, 2.82, 2.25, 2.88, 3.33, 3.11, 2.94, 2.45, 1.28, 0, 1.55, 1.61, 1.6, 1.55, 1.77, 1.77, 1.94, 1.87, 3.784, 5.01, 5.785, 6.65, 6.72, 6.6, 6.727, 8.359], [4.89, 4.03, 4.33, 7.76, 13.106, 15.015, 14.345, 13.91, 14.032, 14.13, 14.165, 14.705, 16.095, 16.252, 15.81, 15.2, 13.97, 12.988, 12.601, 11.94, 11.16, 11.26, 11.38, 10.63, 10.83, 11.97, 11.94, 11.65, 11.53, 11.391, 10.901, 10.378, 10.231, 9.721, 10.354, 11.404, 11.847, 9.805, 6.013, 5.027, 4.795, 4.53, 4.32, 4.0, 4.218, 5.14, 5.09, 4.68, 4.47, 4.2, 4.3, 4.488, 4.328, 4.69, 4.98, 5.18, 5.081, 4.268, 3.84, 4.11, 4.04, 3.95, 2.74, 2.83, 3.46, 3.26, 3.27, 3.24, 2.53, 1.55, 0, 1.36, 1.33, 1.44, 1.7, 2.18, 2.29, 2.3, 3.615, 5.051, 6.061, 6.628, 6.698, 6.638, 6.825, 8.084], [5.87, 4.81, 5.33, 8.94, 14.259, 16.085, 15.396, 15.063, 15.195, 15.295, 15.328, 15.888, 17.277, 17.434, 16.975, 16.4, 15.026, 14.125, 13.715, 13.12, 12.336, 12.38, 12.54, 11.75, 11.97, 13.13, 13.1, 12.83, 12.71, 12.568, 12.057, 11.54, 11.376, 10.883, 11.516, 12.447, 13.011, 10.828, 6.772, 5.834, 5.573, 5.204, 4.598, 4.215, 4.558, 5.118, 5.088, 4.758, 4.508, 4.278, 4.5, 4.728, 4.548, 4.75, 5.08, 5.298, 5.381, 4.488, 3.98, 4.09, 3.78, 3.61, 2.84, 3.248, 3.68, 3.54, 3.41, 3.5, 2.55, 1.61, 1.36, 0, 1.07, 1.44, 1.94, 2.5, 2.63, 2.74, 4.428, 5.628, 6.458, 7.246, 7.226, 7.207, 7.483, 9.137], [5.84, 4.7, 5.24, 8.73, 14.079, 15.993, 15.312, 14.877, 14.999, 15.099, 15.132, 15.692, 17.082, 17.239, 16.779, 16.19, 14.931, 13.938, 13.554,