[[0, 1.65, 2.44, 2.78, 2.87, 2.96, 3.09, 2.97, 2.76, 2.92, 3.34, 3.52, 3.14, 3.14, 3.58, 3.27, 3.07, 3.43, 3.74, 3.71, 3.32, 3.44, 3.23, 3.98, 5.092, 4.79, 4.674, 4.638, 4.388, 4.858, 4.705, 3.714, 3.12, 2.86, 3.271, 3.662, 4.235, 4.73, 5.201, 4.9, 4.78, 3.58, 3.34, 3.794, 5.006, 5.796, 5.704, 6.224, 6.394, 6.381, 6.138, 6.591, 7.128, 7.565, 7.599, 7.362, 6.385, 5.031, 3.64, 3.16, 3.19, 3.49, 3.92, 4.2, 4.19, 4.31, 4.36, 3.96, 3.71, 3.38, 2.85, 2.08, 2.01, 1.95, 2.18, 2.1, 2.56, 2.79, 3.06, 3.659, 3.97, 3.36, 2.59, 2.42, 2.56, 2.49], [1.65, 0, 1.15, 1.71, 1.9, 1.91, 1.98, 1.88, 2.03, 2.65, 3.45, 3.85, 3.37, 3.33, 3.61, 3.28, 3.2, 3.66, 4.09, 4.24, 4.23, 4.01, 3.26, 3.01, 4.14, 3.863, 3.55, 3.463, 3.25, 3.92, 3.89, 2.81, 2.35, 2.07, 2.43, 2.75, 3.4, 3.7, 4.2, 3.83, 3.73, 2.55, 2.61, 2.89, 4.0, 4.71, 4.54, 5.14, 5.35, 5.34, 5.1, 5.55, 6.09, 6.51, 6.586, 6.329, 5.31, 3.91, 2.77, 2.93, 3.2, 2.82, 3.15, 3.33, 3.36, 3.4, 3.55, 3.23, 3.18, 3.11, 2.34, 1.59, 1.96, 2.12, 2.33, 1.63, 1.75, 2.12, 2.25, 2.54, 2.86, 2.27, 1.94, 1.79, 1.75, 1.9], [2.44, 1.15, 0, 0.9, 1.11, 1.2, 1.19, 1.29, 1.5, 2.52, 3.56, 3.92, 3.42, 3.22, 3.46, 3.23, 3.17, 3.71, 4.16, 4.41, 4.48, 4.24, 3.41, 2.42, 3.33, 3.04, 2.99, 3.145, 3.012, 3.65, 3.56, 2.38, 2.0, 1.68, 1.72, 2.0, 2.61, 3.01, 3.29, 2.98, 2.8, 1.82, 1.94, 2.2, 3.15, 3.8, 3.61, 4.29, 4.44, 4.39, 4.15, 4.56, 5.14, 5.56, 5.64, 5.42, 4.38, 2.88, 2.12, 3.0, 3.29, 2.65, 2.58, 2.74, 2.73, 2.75, 2.96, 2.62, 2.75, 2.72, 1.95, 1.8, 2.51, 2.61, 2.58, 1.8, 1.58, 1.99, 2.18, 2.53, 2.79, 2.2, 1.71, 1.58, 1.4, 1.77], [2.78, 1.71, 0.9, 0, 0.63, 0.86, 0.97, 1.17, 1.02, 1.82, 2.84, 3.16, 2.8, 2.62, 2.7, 2.59, 2.65, 2.99, 3.52, 3.65, 3.82, 3.62, 2.69, 1.86, 2.99, 3.3, 3.623, 3.745, 3.672, 4.155, 3.76, 2.32, 1.86, 1.54, 1.34, 1.58, 2.65, 3.33, 2.93, 2.38, 2.36, 1.32, 1.4, 1.64, 2.43, 3.16, 2.99, 3.63, 3.82, 3.81, 3.61, 4.06, 4.82, 5.12, 5.3, 5.06, 4.04, 2.44, 1.4, 2.26, 2.61, 1.99, 1.92, 2.12, 2.29, 2.17, 2.3, 1.92, 2.03, 1.96, 1.49, 1.92, 2.61, 2.69, 2.52, 1.94, 1.6, 2.13, 2.52, 3.21, 3.51, 2.9, 1.79, 1.76, 1.76, 1.65], [2.87, 1.9, 1.11, 0.63, 0, 0.67, 0.98, 0.86, 0.85, 1.69, 2.75, 3.13, 2.61, 2.45, 2.65, 2.44, 2.44, 2.94, 3.37, 3.62, 3.71, 3.53, 2.62, 1.69, 3.0, 3.37, 3.673, 3.795, 3.702, 4.185, 3.589, 2.07, 1.63, 1.39, 1.45, 1.67, 2.56, 3.38, 2.76, 2.33, 2.19, 1.21, 1.23, 1.45, 2.26, 2.97, 2.9, 3.52, 3.75, 3.76, 3.6, 3.97, 4.69, 5.05, 5.29, 5.11, 4.03, 2.31, 1.41, 2.25, 2.58, 1.96, 1.85, 1.95, 1.96, 1.96, 2.19, 1.81, 1.92, 1.89, 1.42, 1.79, 2.5, 2.54, 2.35, 1.73, 1.49, 2.02, 2.45, 3.26, 3.56, 2.97, 1.58, 1.55, 1.77, 1.6], [2.96, 1.91, 1.2, 0.86, 0.67, 0, 0.67, 0.75, 1.3, 2.2, 3.26, 3.62, 3.12, 2.98, 3.16, 2.93, 2.91, 3.39, 3.86, 4.05, 4.1, 3.88, 3.05, 1.7, 2.55, 2.84, 3.19, 3.325, 3.212, 3.71, 3.14, 1.7, 1.48, 1.46, 1.4, 1.3, 2.07, 2.83, 2.51, 2.08, 2.0, 1.0, 1.26, 1.22, 2.21, 2.98, 2.75, 3.35, 3.58, 3.55, 3.31, 3.74, 4.3, 4.72, 4.88, 4.66, 3.6, 2.1, 1.66, 2.62, 2.89, 2.33, 1.96, 1.92, 1.85, 1.99, 2.18, 1.76, 2.11, 2.24, 1.63, 2.06, 2.83, 2.85, 2.68, 1.94, 1.56, 1.89, 2.2, 2.77, 3.07, 2.46, 1.47, 1.42, 1.56, 1.37], [3.09, 1.98, 1.19, 0.97, 0.98, 0.67, 0, 0.64, 1.47, 2.47, 3.57, 3.93, 3.43, 3.29, 3.47, 3.24, 3.26, 3.7, 4.17, 4.38, 4.41, 4.19, 3.38, 1.69, 2.38, 2.53, 2.86, 3.015, 2.922, 3.365, 2.93, 1.59, 1.29, 1.43, 1.15, 1.19, 1.9, 2.52, 2.3, 2.03, 1.87, 1.17, 1.49, 1.45, 2.28, 2.91, 2.68, 3.3, 3.47, 3.4, 3.2, 3.63, 4.17, 4.63, 4.79, 4.57, 3.51, 1.95, 1.73, 2.91, 3.18, 2.6, 2.07, 1.87, 1.9, 2.06, 2.23, 1.97, 2.42, 2.55, 1.84, 2.13, 2.92, 2.96, 2.77, 1.97, 1.61, 1.92, 1.93, 2.46, 2.76, 2.19, 1.36, 1.43, 1.35, 1.36], [2.97, 1.88, 1.29, 1.17, 0.86, 0.75, 0.64, 0, 1.19, 2.25, 3.31, 3.67, 3.17, 2.97, 3.21, 2.98, 2.94, 3.44, 3.91, 4.1, 4.13, 3.91, 3.1, 1.59, 2.7, 2.95, 3.106, 3.272, 3.159, 3.582, 2.93, 1.43, 1.05, 1.09, 1.33, 1.49, 2.16, 2.86, 2.44, 2.15, 2.03, 1.23, 1.53, 1.45, 2.24, 2.85, 2.88, 3.36, 3.57, 3.54, 3.36, 3.77, 4.35, 4.81, 5.07, 4.91, 3.79, 2.13, 1.57, 2.65, 2.92, 2.34, 1.85, 1.69, 1.62, 1.8, 1.95, 1.79, 2.18, 2.31, 1.56, 1.81, 2.58, 2.66, 2.51, 1.71, 1.39, 1.7, 1.85, 2.6, 2.94, 2.33, 1.2, 1.35, 1.39, 1.28], [2.76, 2.03, 1.5, 1.02, 0.85, 1.3, 1.47, 1.19, 0, 1.2, 2.22, 2.64, 2.12, 1.9, 2.14, 1.89, 1.95, 2.41, 2.88, 3.05, 3.18, 3.02, 2.11, 1.9, 3.43, 3.86, 4.163, 4.325, 4.252, 4.659, 3.939, 2.38, 1.86, 1.32, 1.78, 2.04, 3.088, 3.91, 3.07, 2.74, 2.52, 1.56, 1.28, 1.7, 2.49, 3.08, 3.31, 3.67, 3.9, 3.95, 3.93, 4.32, 5.08, 5.46, 5.72, 5.6, 4.44, 2.7, 1.14, 1.84, 2.09, 1.53, 1.54, 1.88, 1.85, 1.77, 1.96, 1.54, 1.59, 1.58, 1.19, 1.5, 2.17, 2.27, 2.04, 1.74, 1.64, 1.99, 2.713, 3.65, 3.99, 3.36, 1.81, 1.92, 2.04, 1.79], [2.92, 2.65, 2.52, 1.82, 1.69, 2.2, 2.47, 2.25, 1.2, 0, 1.14, 1.52, 1.12, 1.02, 1.3, 1.15, 1.27, 1.53, 1.96, 2.11, 2.18, 2.1, 1.43, 2.4, 4.15, 4.845, 5.243, 5.405, 5.332, 5.739, 5.018, 3.316, 2.72, 2.14, 2.592, 2.818, 4.095, 4.912, 3.99, 3.42, 3.2, 2.16, 1.76, 2.38, 3.03, 3.64, 4.03, 4.19, 4.22, 4.43, 4.53, 4.92, 5.7, 6.06, 6.38, 6.32, 5.18, 3.3, 1.58, 1.36, 1.37, 1.17, 1.78, 2.06, 2.17, 2.05, 1.88, 1.5, 1.25, 1.34, 1.67, 1.82, 2.17, 1.99, 2.1, 2.14, 2.536, 2.63, 3.713, 4.658, 5.01, 4.36, 2.71, 2.86, 3.02, 2.57], [3.34, 3.45, 3.56, 2.84, 2.75, 3.26, 3.57, 3.31, 2.22, 1.14, 0, 0.52, 0.72, 0.86, 1.16, 1.07, 1.17, 1.19, 1.42, 1.47, 1.64, 1.64, 1.35, 2.9, 5.05, 5.942, 6.361, 6.522, 6.449, 6.856, 6.135, 4.393, 3.716, 3.139, 3.66, 3.86, 5.192, 6.029, 5.05, 4.34, 4.18, 3.1, 2.62, 3.22, 3.81, 4.32, 4.81, 4.81, 4.78, 5.05, 5.25, 5.58, 6.56, 6.8, 7.22, 7.22, 5.96, 4.06, 2.32, 1.56, 1.41, 1.51, 2.38, 2.7, 3.13, 2.73, 2.4, 2.24, 1.69, 1.84, 2.45, 2.78, 2.79, 2.29, 2.48, 3.071, 3.613, 3.621, 4.798, 5.735, 6.09, 5.46, 3.77, 3.94, 4.1, 3.65], [3.52, 3.85, 3.92, 3.16, 3.13, 3.62, 3.93, 3.67, 2.64, 1.52, 0.52, 0, 0.74, 0.98, 1.14, 1.11, 1.17, 1.03, 1.24, 1.43, 1.52, 1.56, 1.53, 3.12, 5.29, 6.302, 6.721, 6.882, 6.809, 7.216, 6.496, 4.773, 4.076, 3.499, 4.009, 4.24, 5.552, 6.409, 5.43, 4.72, 4.58, 3.48, 2.96, 3.62, 4.05, 4.58, 5.11, 4.99, 4.96, 5.19, 5.45, 5.92, 6.82, 7.04, 7.56, 7.52, 6.32, 4.3, 2.62, 1.64, 1.49, 1.73, 2.62, 3.0, 3.476, 3.13, 2.62, 2.64, 2.01, 2.0, 2.75, 3.083, 2.91, 2.33, 2.54, 3.371, 3.993, 3.908, 5.158, 6.115, 6.47, 5.84, 4.15, 4.32, 4.48, 4.03], [3.14, 3.37, 3.42, 2.8, 2.61, 3.12, 3.43, 3.17, 2.12, 1.12, 0.72, 0.74, 0, 0.7, 0.82, 0.93, 0.91, 1.17, 1.42, 1.65, 1.7, 1.66, 1.57, 3.04, 5.13, 5.82, 6.221, 6.382, 6.289, 6.712, 5.996, 4.233, 3.656, 3.019, 3.56, 3.76, 5.052, 5.909, 4.93, 4.42, 4.18, 3.18, 2.54, 3.22, 3.83, 4.48, 4.97, 4.95, 4.92, 5.17, 5.37, 5.74, 6.56, 6.92, 7.32, 7.3, 6.06, 4.16, 2.38, 1.56, 1.53, 1.71, 2.52, 2.78, 3.03, 2.73, 2.38, 2.28, 1.75, 1.64, 2.25, 2.563, 2.47, 1.97, 2.14, 2.871, 3.453, 3.401, 4.651, 5.595, 5.95, 5.32, 3.63, 3.78, 3.94, 3.51], [3.14, 3.33, 3.22, 2.62, 2.45, 2.98, 3.29, 2.97, 1.9, 1.02, 0.86, 0.98, 0.7, 0, 0.84, 0.91, 0.85, 1.31, 1.44, 1.83, 1.82, 1.86, 1.61, 2.96, 4.99, 5.64, 6.002, 6.172, 6.095, 6.494, 5.775, 4.047, 3.42, 2.84, 3.42, 3.64, 4.866, 5.71, 4.79, 4.26, 4.04, 3.0, 2.28, 2.98, 3.67, 4.26, 4.79, 4.75, 4.72, 4.99, 5.21, 5.56, 6.38, 6.72, 7.12, 7.14, 5.86, 3.98, 2.16, 1.6, 1.55, 1.63, 2.38, 2.58, 2.79, 2.53, 2.26, 2.04, 1.63, 1.5, 2.09, 2.36, 2.37, 2.01, 2.12, 2.66, 3.268, 3.235, 4.485, 5.389, 5.75, 5.1, 3.43, 3.58, 3.74, 3.33], [3.58, 3.61, 3.46, 2.7, 2.65, 3.16, 3.47, 3.21, 2.14, 1.3, 1.16, 1.14, 0.82, 0.84, 0, 0.73, 0.93, 1.27, 1.48, 1.65, 1.82, 1.9, 1.51, 2.78, 4.99, 5.82, 6.249, 6.41, 6.31, 6.74, 6.023, 4.28, 3.66, 3.02, 3.46, 3.64, 5.05, 5.91, 4.91, 4.32, 4.14, 3.12, 2.42, 3.02, 3.49, 4.06, 4.61, 4.41, 4.26, 4.61, 4.93, 5.44, 6.24, 6.64, 7.14, 7.14, 5.78, 3.92, 2.0, 1.46, 1.41, 1.51, 2.26, 2.62, 2.99, 2.49, 2.18, 1.94, 1.43, 1.28, 2.09, 2.6, 2.75, 2.35, 2.32, 2.98, 3.52, 3.51, 4.7, 5.63, 6.01, 5.4, 3.75, 3.92, 4.08, 3.65], [3.27, 3.28, 3.23, 2.59, 2.44, 2.93, 3.24, 2.98, 1.89, 1.15, 1.07, 1.11, 0.93, 0.91, 0.73, 0, 0.7, 1.1, 1.51, 1.78, 1.83, 1.95, 1.5, 2.73, 4.84, 5.59, 6.0, 6.17, 6.06, 6.49, 5.79, 4.048, 3.41, 2.75, 3.27, 3.51, 4.82, 5.68, 4.64, 4.13, 3.97, 2.93, 2.23, 2.89, 3.5, 4.11, 4.56, 4.48, 4.39, 4.72, 4.92, 5.39, 6.17, 6.53, 6.91, 6.93, 5.63, 3.79, 2.01, 1.35, 1.24, 1.46, 2.21, 2.45, 2.7, 2.32, 2.07, 1.89, 1.34, 1.23, 1.92, 2.41, 2.44, 1.98, 2.01, 2.75, 3.23, 3.2, 4.43, 5.38, 5.8, 5.19, 3.54, 3.69, 3.85, 3.4], [3.07, 3.2, 3.17, 2.65, 2.44, 2.91, 3.26, 2.94, 1.95, 1.27, 1.17, 1.17, 0.91, 0.85, 0.93, 0.7, 0, 1.12, 1.27, 1.68, 1.71, 1.75, 1.46, 2.87, 4.96, 5.57, 5.94, 6.11, 6.0, 6.43, 5.73, 3.99, 3.35, 2.69, 3.29, 3.61, 4.76, 5.62, 4.74, 4.25, 4.11, 3.05, 2.31, 2.97, 3.64, 4.35, 4.78, 4.7, 4.59, 4.88, 5.06, 5.55, 6.27, 6.67, 7.09, 7.05, 5.79, 3.91, 2.15, 1.49, 1.26, 1.56, 2.33, 2.53, 2.66, 2.44, 2.15, 2.01, 1.5, 1.39, 2.02, 2.25, 2.28, 1.92, 1.83, 2.59, 3.17, 3.119, 4.369, 5.32, 5.72, 5.09, 3.42, 3.57, 3.73, 3.28], [3.43, 3.66, 3.71, 2.99, 2.94, 3.39, 3.7, 3.44, 2.41, 1.53, 1.19, 1.03, 1.17, 1.31, 1.27, 1.1, 1.12, 0, 0.97, 1.3, 1.37, 1.51, 1.32, 2.77, 5.04, 6.063, 6.482, 6.643, 6.571, 6.978, 6.256, 4.514, 3.817, 3.26, 3.75, 3.89, 5.313, 6.14, 5.14, 4.47, 4.31, 3.23, 2.67, 3.35, 3.76, 4.37, 4.78, 4.68, 4.65, 4.86, 5.12, 5.61, 6.49, 6.75, 7.19, 7.27, 6.01, 4.05, 2.33, 1.53, 1.24, 1.46, 2.29, 2.79, 3.22, 2.86, 2.39, 2.37, 1.66, 1.65, 2.42, 2.85, 2.6, 2.1, 2.13, 3.23, 3.75, 3.682, 4.919, 5.856, 6.22, 5.59, 3.9, 4.05, 4.21, 3.78], [3.74, 4.09, 4.16, 3.52, 3.37, 3.86, 4.17, 3.91, 2.88, 1.96, 1.42, 1.24, 1.42, 1.44, 1.48, 1.51, 1.27, 0.97, 0, 0.99, 1.1, 1.08, 1.35, 3.1, 5.53, 6.533, 6.952, 7.113, 7.041, 7.448, 6.726, 4.969, 4.287, 3.71, 4.22, 4.42, 5.79, 6.61, 5.61, 4.96, 4.78, 3.68, 3.14, 3.78, 4.29, 4.78, 5.31, 4.91, 4.68, 5.01, 5.59, 6.08, 6.76, 7.16, 7.7, 7.74, 6.42, 4.48, 2.8, 1.88, 1.47, 1.89, 2.78, 3.24, 3.67, 3.27, 2.86, 2.86, 2.23, 2.22, 2.95, 3.28, 3.21, 2.61, 2.64, 3.58, 4.22, 4.139, 5.389, 6.326, 6.69, 6.06, 4.33, 4.5, 4.68, 4.25], [3.71, 4.24, 4.41, 3.65, 3.62, 4.05, 4.38, 4.1, 3.05, 2.11, 1.47, 1.43, 1.65, 1.83, 1.65, 1.78, 1.68, 1.3, 0.99, 0, 0.81, 0.87, 1.26, 3.25, 5.64, 6.703, 7.125, 7.286, 7.213, 7.621, 6.899, 5.142, 4.46, 3.883, 4.39, 4.566, 5.956, 6.793, 5.78, 5.07, 4.93, 3.83, 3.27, 3.91, 4.36, 4.81, 5.32, 4.86, 4.55, 4.96, 5.64, 6.17, 6.93, 7.27, 7.85, 7.89, 6.57, 4.69, 2.93, 2.03, 1.52, 1.94, 2.83, 3.37, 3.839, 3.38, 2.99, 2.89, 2.24, 2.37, 3.02, 3.51, 3.46, 2.98, 3.07, 3.77, 4.378, 4.345, 5.562, 6.499, 6.86, 6.23, 4.5, 4.67, 4.85, 4.42], [3.32, 4.23, 4.48, 3.82, 3.71, 4.1, 4.41, 4.13, 3.18, 2.18, 1.64, 1.52, 1.7, 1.82, 1.82, 1.83, 1.71, 1.37, 1.1, 0.81, 0, 0.9, 1.45, 3.42, 5.73, 6.74, 7.175, 7.336, 7.243, 7.666, 6.95, 5.187, 4.51, 3.933, 4.48, 4.66, 5.986, 6.843, 5.83, 5.24, 5.06, 3.96, 3.4, 4.06, 4.57, 5.12, 5.63, 5.23, 5.0, 5.27, 5.89, 6.36, 6.98, 7.42, 7.96, 8.0, 6.72, 4.78, 3.06, 2.12, 1.73, 2.21, 3.04, 3.48, 3.93, 3.57, 3.2, 3.2, 2.57, 2.58, 3.23, 3.52, 3.39, 2.81, 3.0, 3.785, 4.44, 4.375, 5.605, 6.549, 6.91, 6.28, 4.55, 4.72, 4.9, 4.47], [3.44, 4.01, 4.24, 3.62, 3.53, 3.88, 4.19, 3.91, 3.02, 2.1, 1.64, 1.56, 1.66, 1.86, 1.9, 1.95, 1.75, 1.51, 1.08, 0.87, 0.9, 0, 1.25, 3.16, 5.55, 6.54, 6.955, 7.116, 7.043, 7.454, 6.715, 4.987, 4.281, 3.713, 4.3, 4.5, 5.81, 6.603, 5.65, 5.04, 4.84, 3.66, 3.28, 3.9, 4.41, 4.92, 5.43, 4.93, 4.6, 4.97, 5.69, 6.2, 6.76, 7.24, 7.82, 7.84, 6.56, 4.58, 2.92, 1.9, 1.55, 1.97, 2.84, 3.32, 3.73, 3.41, 2.96, 3.04, 2.39, 2.52, 3.13, 3.36, 3.43, 2.89, 2.98, 3.6, 4.24, 4.155, 5.405, 6.329, 6.663, 6.011, 4.29, 4.44, 4.62, 4.229], [3.23, 3.26, 3.41, 2.69, 2.62, 3.05, 3.38, 3.1, 2.11, 1.43, 1.35, 1.53, 1.57, 1.61, 1.51, 1.5, 1.46, 1.32, 1.35, 1.26, 1.45, 1.25, 0, 2.27, 4.64, 5.643, 6.065, 6.226, 6.171, 6.576, 5.84, 4.097, 3.44, 2.823, 3.298, 3.49, 4.896, 5.728, 4.72, 4.01, 3.85, 2.81, 2.31, 2.87, 3.34, 3.87, 4.38, 3.88, 3.79, 4.06, 4.54, 5.07, 5.93, 6.23, 6.79, 6.83, 5.51, 3.71, 1.93, 1.21, 0.86, 1.08, 1.81, 2.43, 2.88, 2.42, 2.25, 2.09, 1.56, 1.59, 2.24, 2.69, 2.98, 2.66, 2.57, 2.83, 3.37, 3.46, 4.535, 5.48, 5.84, 5.19, 3.52, 3.67, 3.85, 3.42], [3.98, 3.01, 2.42, 1.86, 1.69, 1.7, 1.69, 1.59, 1.9, 2.4, 2.9, 3.12, 3.04, 2.96, 2.78, 2.73, 2.87, 2.77, 3.1, 3.25, 3.42, 3.16, 2.27, 0, 2.57, 3.7, 4.129, 4.29, 4.19, 4.62, 3.94, 2.4, 2.08, 2.04, 2.12, 1.82, 2.99, 3.81, 2.91, 2.22, 2.12, 1.48, 1.84, 1.68, 1.77, 2.26, 2.51, 2.41, 2.62, 2.63, 2.71, 3.26, 4.1, 4.34, 4.86, 4.9, 3.64, 1.74, 1.42, 2.02, 2.13, 1.65, 1.52, 1.56, 1.91, 1.69, 1.76, 1.88, 1.89, 2.18, 2.21, 2.9, 3.67, 3.63, 3.36, 2.84, 2.54, 2.83, 3.08, 3.73, 4.07, 3.46, 2.33, 2.44, 2.48, 2.35], [5.092, 4.14, 3.33, 2.99, 3.0, 2.55, 2.38, 2.7, 3.43, 4.15, 5.05, 5.29, 5.13, 4.99, 4.99, 4.84, 4.96, 5.04, 5.53, 5.64, 5.73, 5.55, 4.64, 2.57, 0, 1.37, 2.02, 2.07, 2.42, 2.52, 2.45, 2.33, 2.83, 3.17, 2.47, 1.77, 1.7, 1.68, 1.64, 1.41, 1.37, 2.31, 2.97, 2.25, 2.04, 1.99, 1.6, 2.02, 2.25, 2.0, 1.66, 2.23, 2.71, 2.67, 2.73, 2.59, 1.89, 1.49, 3.23, 4.13, 4.38, 3.9, 3.19, 2.93, 2.7, 2.94, 3.17, 3.41, 3.84, 4.11, 3.72, 4.37, 5.16, 5.12, 4.85, 4.05, 3.43, 3.64, 2.93, 2.62, 2.56, 2.61, 3.12, 3.27, 3.13, 3.299], [4.79, 3.863, 3.04, 3.3, 3.37, 2.84, 2.53, 2.95, 3.86, 4.845, 5.942, 6.302, 5.82, 5.64, 5.82, 5.59, 5.57, 6.063, 6.533, 6.703, 6.74, 6.54, 5.643, 3.7, 1.37, 0, 1.15, 1.28, 1.75, 1.81, 2.04, 2.44, 2.94, 3.42, 2.58, 2.2, 1.37, 1.07, 1.67, 2.02, 2.1, 3.06, 3.6, 2.86, 2.67, 2.92, 2.45, 2.83, 3.2, 2.73, 2.37, 2.76, 2.98, 3.1, 3.04, 2.82, 2.18, 2.36, 4.02, 5.1, 5.41, 4.95, 4.1, 3.66, 3.19, 3.59, 3.98, 4.06, 4.61, 4.74, 4.07, 4.32, 5.11, 5.09, 4.68, 3.92, 3.28, 3.43, 2.68, 2.17, 2.17, 2.12, 3.09, 3.144, 2.662, 3.251], [4.674, 3.55, 2.99, 3.623, 3.673, 3.19, 2.86, 3.106, 4.163, 5.243, 6.361, 6.721, 6.221, 6.002, 6.249, 6.0, 5.94, 6.482, 6.952, 7.125, 7.175, 6.955, 6.065, 4.129, 2.02, 1.15, 0, 0.87, 1.22, 1.38, 1.77, 2.31, 2.99, 3.41, 2.85, 2.63, 1.82, 1.18, 2.08, 2.43, 2.45, 3.417, 3.917, 3.238, 3.0, 3.29, 2.84, 3.22, 3.53, 3.2, 2.88, 3.31, 3.51, 3.77, 3.69, 3.45, 2.85, 2.69, 4.41, 5.53, 5.84, 5.38, 4.43, 3.97, 3.44, 3.86, 4.35, 4.43, 5.0, 5.11, 4.26, 4.13, 4.96, 5.06, 4.67, 3.69, 2.99, 3.1, 2.21, 1.82, 1.68, 1.79, 3.02, 3.031, 2.657, 3.327], [4.638, 3.463, 3.145, 3.745, 3.795, 3.325, 3.015, 3.272, 4.325, 5.405, 6.522, 6.882, 6.382, 6.172, 6.41, 6.17, 6.11, 6.643, 7.113, 7.286, 7.336, 7.116, 6.226, 4.29, 2.07, 1.28, 0.87, 0, 1.17, 1.25, 1.52, 2.42, 3.16, 3.52, 3.08, 2.84, 1.97, 1.13, 2.07, 2.42, 2.502, 3.565, 4.105, 3.399, 3.09, 3.24, 2.71, 3.15, 3.62, 3.13, 2.77, 3.08, 3.44, 3.64, 3.66, 3.44, 2.7, 2.84, 4.6, 5.7, 6.01, 5.569, 4.62, 4.1, 3.55, 4.05, 4.54, 4.62, 5.19, 5.3, 4.45, 4.08, 4.71, 4.99, 4.8, 3.66, 3.06, 3.13, 2.1, 1.63, 1.47, 1.74, 3.11, 2.958, 2.875, 3.494], [4.388, 3.25, 3.012, 3.672, 3.702, 3.212, 2.922, 3.159, 4.252, 5.332, 6.449, 6.809, 6.289, 6.095, 6.31, 6.06, 6.0, 6.571, 7.041, 7.213, 7.243, 7.043, 6.171, 4.19, 2.42, 1.75, 1.22, 1.17, 0, 1.36, 1.81, 2.45, 3.17, 3.57, 3.29, 2.89, 2.24, 1.68, 2.34, 2.53, 2.77, 3.492, 4.05, 3.344, 3.24, 3.51, 3.12, 3.58, 3.89, 3.54, 3.24, 3.67, 4.03, 4.33, 4.31, 4.07, 3.25, 2.91, 4.49, 5.59, 5.9, 5.476, 4.59, 4.11, 3.54, 3.98, 4.43, 4.51, 5.08, 5.21, 4.34, 3.81, 4.18, 4.82, 4.73, 3.53, 3.01, 3.14, 1.93, 1.44, 1.46, 1.57, 2.978, 2.827, 2.69, 3.306], [4.858, 3.92, 3.65, 4.155, 4.185, 3.71, 3.365, 3.582, 4.659, 5.739, 6.856, 7.216, 6.712, 6.494, 6.74, 6.49, 6.43, 6.978, 7.448, 7.621, 7.666, 7.454, 6.576, 4.62, 2.52, 1.81, 1.38, 1.25, 1.36, 0, 1.31, 2.57, 3.25, 3.77, 3.29, 3.33, 2.1, 1.46, 2.18, 2.67, 2.85, 3.908, 4.428, 3.749, 3.52, 3.43, 2.92, 3.38, 3.87, 3.22, 2.74, 2.99, 3.39, 3.75, 3.85, 3.57, 2.71, 3.17, 4.89, 6.02, 6.33, 5.859, 4.95, 4.41, 3.86, 4.36, 4.85, 4.93, 5.52, 5.65, 4.76, 4.21, 4.82, 5.32, 5.01, 3.91, 3.27, 3.36, 2.21, 1.8, 2.04, 2.29, 3.34, 3.311, 3.295, 3.646], [4.705, 3.89, 3.56, 3.76, 3.589, 3.14, 2.93, 2.93, 3.939, 5.018, 6.135, 6.496, 5.996, 5.775, 6.023, 5.79, 5.73, 6.256, 6.726, 6.899, 6.95, 6.715, 5.84, 3.94, 2.45, 2.04, 1.77, 1.52, 1.81, 1.31, 0, 1.86, 2.58, 3.1, 2.8, 2.94, 1.87, 1.67, 1.47, 2.08, 2.28, 3.299, 3.719, 3.1, 2.93, 2.78, 2.31, 2.87, 3.4, 2.93, 2.27, 2.48, 3.08, 3.34, 3.6, 3.4, 2.42, 2.58, 4.2, 5.32, 5.63, 5.163, 4.22, 3.64, 3.15, 3.63, 4.14, 4.22, 4.79, 4.88, 4.11, 3.92, 4.55, 4.77, 4.48, 3.44, 2.92, 3.09, 2.14, 1.99, 2.21, 2.44, 2.79, 2.84, 3.12, 3.195], [3.714, 2.81, 2.38, 2.32, 2.07, 1.7, 1.59, 1.43, 2.38, 3.316, 4.393, 4.773, 4.233, 4.047, 4.28, 4.048, 3.99, 4.514, 4.969, 5.142, 5.187, 4.987, 4.097, 2.4, 2.33, 2.44, 2.31, 2.42, 2.45, 2.57, 1.86, 0, 1.16, 1.46, 1.58, 1.84, 1.55, 2.35, 2.09, 1.98, 1.8, 1.88, 2.22, 1.86, 2.41, 2.78, 2.61, 2.93, 3.02, 3.01, 2.87, 3.16, 3.88, 4.34, 4.64, 4.52, 3.46, 2.12, 2.52, 3.58, 3.89, 3.44, 2.52, 1.98, 1.61, 1.99, 2.46, 2.54, 3.11, 3.24, 2.75, 2.76, 3.45, 3.61, 3.04, 2.28, 1.76, 1.89, 1.34, 1.79, 2.21, 2.02, 1.67, 1.8, 1.86, 1.75], [3.12, 2.35, 2.0, 1.86, 1.63, 1.48, 1.29, 1.05, 1.86, 2.72, 3.716, 4.076, 3.656, 3.42, 3.66, 3.41, 3.35, 3.817, 4.287, 4.46, 4.51, 4.281, 3.44, 2.08, 2.83, 2.94, 2.99, 3.16, 3.17, 3.25, 2.58, 1.16, 0, 1.02, 1.3, 1.52, 2.07, 2.97, 2.77, 2.52, 2.4, 1.76, 2.0, 1.84, 2.73, 3.28, 3.23, 3.61, 3.7, 3.69, 3.45, 3.84, 4.5, 4.92, 5.2, 5.06, 4.02, 2.54, 2.0, 2.9, 3.25, 2.77, 1.98, 1.62, 1.67, 1.95, 2.24, 2.16, 2.57, 2.72, 2.25, 2.24, 2.91, 3.01, 2.42, 1.86, 1.62, 1.65, 1.62, 2.51, 2.83, 2.28, 1.39, 1.58, 1.54, 1.25], [2.86, 2.07, 1.68, 1.54, 1.39, 1.46, 1.43, 1.09, 1.32, 2.14, 3.139, 3.499, 3.019, 2.84, 3.02, 2.75, 2.69, 3.26, 3.71, 3.883, 3.933, 3.713, 2.823, 2.04, 3.17, 3.42, 3.41, 3.52, 3.57, 3.77, 3.1, 1.46, 1.02, 0, 1.24, 1.78, 2.53, 3.31, 2.85, 2.68, 2.54, 1.62, 1.56, 1.74, 2.63, 3.36, 3.35, 3.61, 3.68, 3.65, 3.59, 3.9, 4.64, 5.1, 5.38, 5.32, 4.22, 2.56, 1.48, 2.28, 2.59, 2.17, 1.54, 1.54, 1.57, 1.75, 2.1, 1.88, 2.03, 2.06, 1.69, 1.74, 2.55, 2.63, 2.1, 1.54, 1.26, 1.61, 1.88, 2.97, 3.33, 2.74, 1.39, 1.54, 1.74, 1.41], [3.271, 2.43, 1.72, 1.34, 1.45, 1.4, 1.15, 1.33, 1.78, 2.592, 3.66, 4.009, 3.56, 3.42, 3.46, 3.27, 3.29, 3.75, 4.22, 4.39, 4.48, 4.3, 3.298, 2.12, 2.47, 2.58, 2.85, 3.08, 3.29, 3.29, 2.8, 1.58, 1.3, 1.24, 0, 1.3, 1.81, 2.71, 2.39, 2.34, 2.04, 1.72, 1.88, 1.94, 2.77, 3.2, 2.77, 3.23, 3.4, 3.25, 3.07, 3.42, 4.14, 4.54, 4.74, 4.52, 3.54, 2.12, 1.78, 2.74, 3.05, 2.63, 2.04, 1.94, 2.01, 2.13, 2.4, 2.24, 2.41, 2.48, 1.85, 2.42, 3.27, 3.17, 2.64, 2.1, 1.66, 2.03, 2.06, 2.57, 2.95, 2.44, 1.71, 1.8, 1.88, 1.69], [3.662, 2.75, 2.0, 1.58, 1.67, 1.3, 1.19, 1.49, 2.04, 2.818, 3.86, 4.24, 3.76, 3.64, 3.64, 3.51, 3.61, 3.89, 4.42, 4.566, 4.66, 4.5, 3.49, 1.82, 1.77, 2.2, 2.63, 2.84, 2.89, 3.33, 2.94, 1.84, 1.52, 1.78, 1.3, 0, 1.79, 2.39, 2.21, 1.92, 1.7, 1.42, 1.84, 1.46, 2.19, 2.82, 2.47, 3.01, 3.18, 3.05, 2.77, 3.22, 3.82, 4.1, 4.06, 3.9, 2.96, 1.84, 1.96, 2.94, 3.25, 2.83, 2.04, 1.82, 1.93, 1.93, 2.18, 2.04, 2.51, 2.68, 2.21, 2.94, 3.75, 3.73, 3.32, 2.68, 1.92, 2.17, 2.22, 2.47, 2.61, 2.1, 1.93, 2.02, 1.88, 1.87], [4.235, 3.4, 2.61, 2.65, 2.56, 2.07, 1.9, 2.16, 3.088, 4.095, 5.192, 5.552, 5.052, 4.866, 5.05, 4.82, 4.76, 5.313, 5.79, 5.956, 5.986, 5.81, 4.896, 2.99, 1.7, 1.37, 1.82, 1.97, 2.24, 2.1, 1.87, 1.55, 2.07, 2.53, 1.81, 1.79, 0, 1.64, 1.88, 2.09, 1.91, 2.41, 2.855, 2.29, 2.78, 3.11, 2.56, 2.98, 3.15, 2.82, 2.48, 2.91, 3.19, 3.57, 3.69, 3.47, 2.51, 2.03, 3.21, 4.33, 4.64, 4.199, 3.33, 2.85, 2.42, 2.78, 3.19, 3.23, 3.8, 3.93, 3.2, 3.59, 4.34, 4.3, 3.93, 3.17, 2.57, 2.7, 2.11, 1.84, 2.06, 1.81, 2.24, 2.35, 2.19, 2.22], [4.73, 3.7, 3.01, 3.33, 3.38, 2.83, 2.52, 2.86, 3.91, 4.912, 6.029, 6.409, 5.909, 5.71, 5.91, 5.68, 5.62, 6.14, 6.61, 6.793, 6.843, 6.603, 5.728, 3.81, 1.68, 1.07, 1.18, 1.13, 1.68, 1.46, 1.67, 2.35, 2.97, 3.31, 2.71, 2.39, 1.64, 0, 1.52, 1.95, 2.024, 3.072, 3.627, 2.93, 2.6, 2.57, 2.08, 2.58, 3.23, 2.66, 2.1, 2.45, 2.65, 3.03, 3.05, 2.79, 2.01, 2.39, 4.11, 5.21, 5.52, 5.08, 4.19, 3.73, 3.22, 3.6, 4.05, 4.13, 4.7, 4.81, 4.1, 4.11, 4.92, 5.04, 4.63, 3.73, 3.07, 3.32, 2.49, 2.02, 1.92, 2.07, 2.96, 3.031, 2.672, 3.218], [5.201, 4.2, 3.29, 2.93, 2.76, 2.51, 2.3, 2.44, 3.07, 3.99, 5.05, 5.43, 4.93, 4.79, 4.91, 4.64, 4.74, 5.14, 5.61, 5.78, 5.83, 5.65, 4.72, 2.91, 1.64, 1.67, 2.08, 2.07, 2.34, 2.18, 1.47, 2.09, 2.77, 2.85, 2.39, 2.21, 1.88, 1.52, 0, 1.05, 1.17, 2.41, 2.71, 2.09, 1.76, 1.55, 1.32, 1.7, 2.25, 1.84, 1.38, 1.75, 2.29, 2.69, 2.89, 2.73, 1.71, 1.71, 3.09, 4.17, 4.48, 4.02, 3.13, 2.71, 2.26, 2.56, 3.01, 3.15, 3.66, 3.81, 3.34, 3.95, 4.76, 4.74, 4.39, 3.57, 3.05, 3.2, 2.69, 2.7, 2.84, 2.89, 2.86, 3.07, 3.158, 3.24], [4.9, 3.83, 2.98, 2.38, 2.33, 2.08, 2.03, 2.15, 2.74, 3.42, 4.34, 4.72, 4.42, 4.26, 4.32, 4.13, 4.25, 4.47, 4.96, 5.07, 5.24, 5.04, 4.01, 2.22, 1.41, 2.02, 2.43, 2.42, 2.53, 2.67, 2.08, 1.98, 2.52, 2.68, 2.34, 1.92, 2.09, 1.95, 1.05, 0, 0.82, 1.6, 2.28, 1.5, 1.15, 1.24, 1.07, 1.41, 2.02, 1.71, 1.39, 1.78, 2.58, 2.86, 3.1, 2.94, 1.88, 1.22, 2.56, 3.62, 3.91, 3.39, 2.64, 2.28, 2.03, 2.13, 2.56, 2.68, 3.13, 3.34, 3.03, 3.86, 4.63, 4.65, 4.38, 3.56, 2.94, 3.17, 2.56, 2.77, 2.89, 2.84, 2.63, 2.8, 2.86, 2.91], [4.78, 3.73, 2.8, 2.36, 2.19, 2.0, 1.87, 2.03, 2.52, 3.2, 4.18, 4.58, 4.18, 4.04, 4.14, 3.97, 4.11, 4.31, 4.78, 4.93, 5.06, 4.84, 3.85, 2.12, 1.37, 2.1, 2.45, 2.502, 2.77, 2.85, 2.28, 1.8, 2.4, 2.54, 2.04, 1.7, 1.91, 2.024, 1.17, 0.82, 0, 1.46, 1.96, 1.36, 1.29, 1.46, 1.21, 1.59, 2.0, 1.81, 1.57, 1.94, 2.7, 3.06, 3.32, 3.24, 2.1, 1.08, 2.42, 3.5, 3.77, 3.25, 2.54, 2.18, 1.95, 2.01, 2.44, 2.5, 3.01, 3.22, 2.97, 3.72, 4.49, 4.53, 4.28, 3.46, 2.88, 3.09, 2.6, 2.57, 2.71, 2.54, 2.53, 2.68, 2.74, 2.85], [3.58, 2.55, 1.82, 1.32, 1.21, 1.0, 1.17, 1.23, 1.56, 2.16, 3.1, 3.48, 3.18, 3.0, 3.12, 2.93, 3.05, 3.23, 3.68, 3.83, 3.96, 3.66, 2.81, 1.48, 2.31, 3.06, 3.417, 3.565, 3.492, 3.908, 3.299, 1.88, 1.76, 1.62, 1.72, 1.42, 2.41, 3.072, 2.41, 1.6, 1.46, 0, 1.04, 0.86, 1.65, 2.32, 2.33, 2.75, 2.92, 2.93, 2.81, 3.16, 3.88, 4.22, 4.5, 4.48, 3.24, 1.58, 1.44, 2.5, 2.75, 2.15, 1.64, 1.68, 1.81, 1.73, 2.08, 1.74, 2.07, 2.32, 1.99, 2.6, 3.37, 3.43, 3.22, 2.4, 1.82, 2.11, 2.48, 2.97, 3.27, 2.68, 1.59, 1.58, 1.78, 1.83], [3.34, 2.61, 1.94, 1.4, 1.23, 1.26, 1.49, 1.53, 1.28, 1.76, 2.62, 2.96, 2.54, 2.28, 2.42, 2.23, 2.31, 2.67, 3.14, 3.27, 3.4, 3.28, 2.31, 1.84, 2.97, 3.6, 3.917, 4.105, 4.05, 4.428, 3.719, 2.22, 2.0, 1.56, 1.88, 1.84, 2.855, 3.627, 2.71, 2.28, 1.96, 1.04, 0, 1.0, 2.03, 2.74, 2.91, 2.95, 3.1, 3.19, 3.19, 3.6, 4.3, 4.72, 5.098, 5.138, 3.82, 2.06, 1.24, 2.06, 2.31, 1.89, 1.54, 1.64, 1.75, 1.63, 2.1, 1.62, 1.65, 1.64, 1.79, 2.24, 2.87, 2.93, 2.7, 2.02, 1.82, 2.29, 2.94, 3.43, 3.73, 3.12, 1.87, 1.9, 2.22, 2.05], [3.794, 2.89, 2.2, 1.64, 1.45, 1.22, 1.45, 1.45, 1.7, 2.38, 3.22, 3.62, 3.22, 2.98, 3.02, 2.89, 2.97, 3.35, 3.78, 3.91, 4.06, 3.9, 2.87, 1.68, 2.25, 2.86, 3.238, 3.399, 3.344, 3.749, 3.1, 1.86, 1.84, 1.74, 1.94, 1.46, 2.29, 2.93, 2.09, 1.5, 1.36, 0.86, 1.0, 0, 1.39, 2.1, 2.17, 2.43, 2.6, 2.63, 2.53, 2.9, 3.64, 4.06, 4.34, 4.34, 3.02, 1.46, 1.58, 2.48, 2.73, 2.35, 1.76, 1.64, 1.73, 1.47, 2.1, 1.72, 2.05, 2.2, 2.05, 2.7, 3.47, 3.45, 3.24, 2.42, 1.9, 2.15, 2.42, 2.87, 3.15, 2.64, 1.83, 1.9, 2.08, 2.01], [5.006, 4.0, 3.15, 2.43, 2.26, 2.21, 2.28, 2.24, 2.49, 3.03, 3.81, 4.05, 3.83, 3.67, 3.49, 3.5, 3.64, 3.76, 4.29, 4.36, 4.57, 4.41, 3.34, 1.77, 2.04, 2.67, 3.0, 3.09, 3.24, 3.52, 2.93, 2.41, 2.73, 2.63, 2.77, 2.19, 2.78, 2.6, 1.76, 1.15, 1.29, 1.65, 2.03, 1.39, 0, 1.07, 1.36, 1.44, 1.99, 1.82, 1.7, 2.15, 2.99, 3.23, 3.71, 3.73, 2.47, 1.25, 1.91, 3.01, 3.16, 2.68, 2.03, 1.95, 2.04, 1.7, 2.07, 2.13, 2.52, 2.69, 2.68, 3.55, 4.38, 4.42, 4.23, 3.39, 2.89, 3.02, 2.99, 3.48, 3.68, 3.43, 2.8, 2.99, 2.99, 3.04], [5.796, 4.71, 3.8, 3.16, 2.97, 2.98, 2.91, 2.85, 3.08, 3.64, 4.32, 4.58, 4.48, 4.26, 4.06, 4.11, 4.35, 4.37, 4.78, 4.81, 5.12, 4.92, 3.87, 2.26, 1.99, 2.92, 3.29, 3.24, 3.51, 3.43, 2.78, 2.78, 3.28, 3.36, 3.2, 2.82, 3.11, 2.57, 1.55, 1.24, 1.46, 2.32, 2.74, 2.1, 1.07, 0, 0.75, 0.95, 1.78, 1.63, 1.47, 1.76, 2.68, 2.9, 3.32, 3.36, 2.08, 1.52, 2.44, 3.5, 3.71, 3.11, 2.5, 2.46, 2.37, 2.29, 2.62, 2.7, 3.13, 3.3, 3.33, 4.24, 5.05, 5.15, 4.92, 4.12, 3.68, 3.75, 3.48, 3.73, 3.85, 3.82, 3.49, 3.72, 3.659, 3.81], [5.704, 4.54, 3.61, 2.99, 2.9, 2.75, 2.68, 2.88, 3.31, 4.03, 4.81, 5.11, 4.97, 4.79, 4.61, 4.56, 4.78, 4.78, 5.31, 5.32, 5.63, 5.43, 4.38, 2.51, 1.6, 2.45, 2.84, 2.71, 3.12, 2.92, 2.31, 2.61, 3.23, 3.35, 2.77, 2.47, 2.56, 2.08, 1.32, 1.07, 1.21, 2.33, 2.91, 2.17, 1.36, 0.75, 0, 1.08, 1.87, 1.62, 1.18, 1.55, 2.47, 2.63, 2.87, 2.83, 1.69, 1.43, 2.85, 3.93, 4.16, 3.54, 2.93, 2.85, 2.7, 2.7, 2.97, 3.01, 3.5, 3.67, 3.44, 4.41, 5.26, 5.28, 5.07, 4.25, 3.61, 3.82, 3.29, 3.24, 3.46, 3.53, 3.48, 3.65, 3.601, 3.714], [6.224, 5.14, 4.29, 3.63, 3.52, 3.35, 3.3, 3.36, 3.67, 4.19, 4.81, 4.99, 4.95, 4.75, 4.41, 4.48, 4.7, 4.68, 4.91, 4.86, 5.23, 4.93, 3.88, 2.41, 2.02, 2.83, 3.22, 3.15, 3.58, 3.38, 2.87, 2.93, 3.61, 3.61, 3.23, 3.01, 2.98, 2.58, 1.7, 1.41, 1.59, 2.75, 2.95, 2.43, 1.44, 0.95, 1.08, 0, 0.99, 0.92, 1.22, 1.77, 2.53, 2.83, 3.41, 3.45, 2.19, 1.69, 2.83, 3.69, 3.82, 3.44, 2.67, 2.65, 2.64, 2.5, 2.85, 3.05, 3.38, 3.51, 3.78, 4.73, 5.56, 5.58, 5.23, 4.45, 3.99, 4.08, 3.71, 3.76, 3.98, 4.03, 3.86, 4.05, 4.104, 4.214], [6.394, 5.35, 4.44, 3.82, 3.75, 3.58, 3.47, 3.57, 3.9, 4.22, 4.78, 4.96, 4.92, 4.72, 4.26, 4.39, 4.59, 4.65, 4.68, 4.55, 5.0, 4.6, 3.79, 2.62, 2.25, 3.2, 3.53, 3.62, 3.89, 3.87, 3.4, 3.02, 3.7, 3.68, 3.4, 3.18, 3.15, 3.23, 2.25, 2.02, 2.0, 2.92, 3.1, 2.6, 1.99, 1.78, 1.87, 0.99, 0, 0.91, 1.79, 2.42, 3.22, 3.52, 4.12, 4.18, 2.9, 1.86, 3.06, 3.82, 3.79, 3.47, 2.78, 2.58, 2.59, 2.45, 2.82, 3.08, 3.37, 3.62, 4.01, 4.92, 5.77, 5.77, 5.36, 4.64, 4.16, 4.19, 3.86, 3.97, 4.21, 4.16, 4.01, 4.22, 4.331, 4.401], [6.381, 5.34, 4.39, 3.81, 3.76, 3.55, 3.4, 3.54, 3.95, 4.43, 5.05, 5.19, 5.17, 4.99, 4.61, 4.72, 4.88, 4.86, 5.01, 4.96, 5.27, 4.97, 4.06, 2.63, 2.0, 2.73, 3.2, 3.13, 3.54, 3.22, 2.93, 3.01, 3.69, 3.65, 3.25, 3.05, 2.82, 2.66, 1.84, 1.71, 1.81, 2.93, 3.19, 2.63, 1.82, 1.63, 1.62, 0.92, 0.91, 0, 1.02, 1.61, 2.41, 2.73, 3.31, 3.35, 2.13, 1.67, 3.07, 3.97, 4.0, 3.62, 2.85, 2.73, 2.72, 2.64, 2.99, 3.33, 3.64, 3.85, 4.1, 5.01, 5.84, 5.88, 5.51, 4.67, 4.15, 4.26, 3.77, 3.8, 3.98, 4.07, 4.02, 4.23, 4.321, 4.391], [6.138, 5.1, 4.15, 3.61, 3.6, 3.31, 3.2, 3.36, 3.93, 4.53, 5.25, 5.45, 5.37, 5.21, 4.93, 4.92, 5.06, 5.12, 5.59, 5.64, 5.89, 5.69, 4.54, 2.71, 1.66, 2.37, 2.88, 2.77, 3.24, 2.74, 2.27, 2.87, 3.45, 3.59, 3.07, 2.77, 2.48, 2.1, 1.38, 1.39, 1.57, 2.81, 3.19, 2.53, 1.7, 1.47, 1.18, 1.22, 1.79, 1.02, 0, 0.95, 1.81, 1.97, 2.47, 2.49, 1.39, 1.53, 3.23, 4.17, 4.34, 3.92, 3.07, 2.89, 2.82, 2.76, 3.13, 3.39, 3.76, 3.95, 4.04, 5.01, 5.86, 5.86, 5.51, 4.65, 4.07, 4.24, 3.63, 3.54, 3.7, 3.77, 3.92, 4.11, 4.155, 4.225], [6.591, 5.55, 4.56, 4.06, 3.97, 3.74, 3.63, 3.77, 4.32, 4.92, 5.58, 5.92, 5.74, 5.56, 5.44, 5.39, 5.55, 5.61, 6.08, 6.17, 6.36, 6.2, 5.07, 3.26, 2.23, 2.76, 3.31, 3.08, 3.67, 2.99, 2.48, 3.16, 3.84, 3.9, 3.42, 3.22, 2.91, 2.45, 1.75, 1.78, 1.94, 3.16, 3.6, 2.9, 2.15, 1.76, 1.55, 1.77, 2.42, 1.61, 0.95, 0, 1.26, 1.48, 1.9, 1.92, 1.14, 1.96, 3.68, 4.68, 4.93, 4.41, 3.56, 3.18, 3.17, 3.15, 3.64, 3.82, 4.21, 4.44, 4.43, 5.4, 6.25, 6.25, 5.9, 5.04, 4.46, 4.63, 4.02, 3.99, 4.15, 4.22, 4.29, 4.48, 4.548, 4.601], [7.128, 6.09, 5.14, 4.82, 4.69, 4.3, 4.17, 4.35, 5.08, 5.7, 6.56, 6.82, 6.56, 6.38, 6.24, 6.17, 6.27, 6.49, 6.76, 6.93, 6.98, 6.76, 5.93, 4.1, 2.71, 2.98, 3.51, 3.44, 4.03, 3.39, 3.08, 3.88, 4.5, 4.64, 4.14, 3.82, 3.19, 2.65, 2.29, 2.58, 2.7, 3.88, 4.3, 3.64, 2.99, 2.68, 2.47, 2.53, 3.22, 2.41, 1.81, 1.26, 0, 0.86, 1.3, 1.32, 1.3, 2.62, 4.48, 5.56, 5.75, 5.43, 4.5, 4.1, 3.95, 3.99, 4.56, 4.74, 5.13, 5.34, 5.35, 6.02, 6.87, 6.87, 6.52, 5.7, 5.1, 5.29, 4.66, 4.49, 4.55, 4.66, 4.89, 5.08, 5.128, 5.195], [7.565, 6.51, 5.56, 5.12, 5.05, 4.72, 4.63, 4.81, 5.46, 6.06, 6.8, 7.04, 6.92, 6.72, 6.64, 6.53, 6.67, 6.75, 7.16, 7.27, 7.42, 7.24, 6.23, 4.34, 2.67, 3.1, 3.77, 3.64, 4.33, 3.75, 3.34, 4.34, 4.92, 5.1, 4.54, 4.1, 3.57, 3.03, 2.69, 2.86, 3.06, 4.22, 4.72, 4.06, 3.23, 2.9, 2.63, 2.83, 3.52, 2.73, 1.97, 1.48, 0.86, 0, 0.74, 0.88, 1.44, 2.86, 4.88, 5.88, 6.09, 5.65, 4.78, 4.46, 4.39, 4.37, 4.88, 5.08, 5.43, 5.68, 5.67, 6.5, 7.35, 7.33, 7.0, 6.16, 5.54, 5.73, 5.1, 4.95, 4.93, 5.02, 5.35, 5.54, 5.585, 5.655], [7.599, 6.586, 5.64, 5.3, 5.29, 4.88, 4.79, 5.07, 5.72, 6.38, 7.22, 7.56, 7.32, 7.12, 7.14, 6.91, 7.09, 7.19, 7.7, 7.85, 7.96, 7.82, 6.79, 4.86, 2.73, 3.04, 3.69, 3.66, 4.31, 3.85, 3.6, 4.64, 5.2, 5.38, 4.74, 4.06, 3.69, 3.05, 2.89, 3.1, 3.32, 4.5, 5.098, 4.34, 3.71, 3.32, 2.87, 3.41, 4.12, 3.31, 2.47, 1.9, 1.3, 0.74, 0, 0.52, 1.54, 3.38, 5.24, 6.32, 6.59, 6.09, 5.26, 4.92, 4.71, 4.77, 5.22, 5.36, 5.81, 6.06, 5.83, 6.76, 7.61, 7.57, 7.26, 6.44, 5.74, 5.97, 5.28, 4.99, 4.91, 5.02, 5.51, 5.716, 5.602, 5.769], [7.362, 6.329, 5.42, 5.06, 5.11, 4.66, 4.57, 4.91, 5.6, 6.32, 7.22, 7.52, 7.3, 7.14, 7.14, 6.93, 7.05, 7.27, 7.74, 7.89, 8.0, 7.84, 6.83, 4.9, 2.59, 2.82, 3.45, 3.44, 4.07, 3.57, 3.4, 4.52, 5.06, 5.32, 4.52, 3.9, 3.47, 2.79, 2.73, 2.94, 3.24, 4.48, 5.138, 4.34, 3.73, 3.36, 2.83, 3.45, 4.18, 3.35, 2.49, 1.92, 1.32, 0.88, 0.52, 0, 1.52, 3.42, 5.24, 6.32, 6.61, 6.11, 5.32, 4.88, 4.67, 4.79, 5.18, 5.34, 5.85, 6.06, 5.63, 6.54, 7.39, 7.35, 7.06, 6.24, 5.54, 5.77, 5.04, 4.77, 4.69, 4.82, 5.27, 5.473, 5.382, 5.509], [6.385, 5.31, 4.38, 4.04, 4.03, 3.6, 3.51, 3.79, 4.44, 5.18, 5.96, 6.32, 6.06, 5.86, 5.78, 5.63, 5.79, 6.01, 6.42, 6.57, 6.72, 6.56, 5.51, 3.64, 1.89, 2.18, 2.85, 2.7, 3.25, 2.71, 2.42, 3.46, 4.02, 4.22, 3.54, 2.96, 2.51, 2.01, 1.71, 1.88, 2.1, 3.24, 3.82, 3.02, 2.47, 2.08, 1.69, 2.19, 2.9, 2.13, 1.39, 1.14, 1.3, 1.44, 1.54, 1.52, 0, 2.12, 3.86, 5.02, 5.31, 4.81, 4.08, 3.72, 3.55, 3.53, 4.04, 4.1, 4.59, 4.82, 4.53, 5.48, 6.33, 6.29, 6.08, 5.26, 4.56, 4.79, 4.1, 3.79, 3.83, 3.94, 4.33, 4.516, 4.405, 4.529], [5.031, 3.91, 2.88, 2.44, 2.31, 2.1, 1.95, 2.13, 2.7, 3.3, 4.06, 4.3, 4.16, 3.98, 3.92, 3.79, 3.91, 4.05, 4.48, 4.69, 4.78, 4.58, 3.71, 1.74, 1.49, 2.36, 2.69, 2.84, 2.91, 3.17, 2.58, 2.12, 2.54, 2.56, 2.12, 1.84, 2.03, 2.39, 1.71, 1.22, 1.08, 1.58, 2.06, 1.46, 1.25, 1.52, 1.43, 1.69, 1.86, 1.67, 1.53, 1.96, 2.62, 2.86, 3.38, 3.42, 2.12, 0, 2.16, 3.3, 3.51, 2.97, 2.3, 1.94, 2.11, 1.99, 2.38, 2.48, 2.87, 3.14, 3.01, 3.76, 4.63, 4.67, 4.44, 3.62, 2.98, 3.19, 2.9, 2.99, 3.17, 2.84, 2.79, 2.98, 3.02, 3.078], [3.64, 2.77, 2.12, 1.4, 1.41, 1.66, 1.73, 1.57, 1.14, 1.58, 2.32, 2.62, 2.38, 2.16, 2.0, 2.01, 2.15, 2.33, 2.8, 2.93, 3.06, 2.92, 1.93, 1.42, 3.23, 4.02, 4.41, 4.6, 4.49, 4.89, 4.2, 2.52, 2.0, 1.48, 1.78, 1.96, 3.21, 4.11, 3.09, 2.56, 2.42, 1.44, 1.24, 1.58, 1.91, 2.44, 2.85, 2.83, 3.06, 3.07, 3.23, 3.68, 4.48, 4.88, 5.24, 5.24, 3.86, 2.16, 0, 1.36, 1.63, 1.21, 0.98, 1.32, 1.65, 1.41, 1.46, 1.2, 1.31, 1.36, 1.37, 2.04, 2.91, 2.89, 2.64, 2.06, 2.02, 2.23, 3.1, 3.97, 4.37, 3.76, 2.25, 2.4, 2.44, 2.27], [3.16, 2.93, 3.0, 2.26, 2.25, 2.62, 2.91, 2.65, 1.84, 1.36, 1.56, 1.64, 1.56, 1.6, 1.46, 1.35, 1.49, 1.53, 1.88, 2.03, 2.12, 1.9, 1.21, 2.02, 4.13, 5.1, 5.53, 5.7, 5.59, 6.02, 5.32, 3.58, 2.9, 2.28, 2.74, 2.94, 4.33, 5.21, 4.17, 3.62, 3.5, 2.5, 2.06, 2.48, 3.01, 3.5, 3.93, 3.69, 3.82, 3.97, 4.17, 4.68, 5.56, 5.88, 6.32, 6.32, 5.02, 3.3, 1.36, 0, 0.77, 1.01, 1.48, 2.1, 2.45, 2.19, 1.76, 1.68, 1.23, 1.06, 1.65, 2.24, 2.59, 2.13, 1.92, 2.24, 2.78, 2.73, 3.98, 4.95, 5.35, 4.72, 3.09, 3.24, 3.44, 2.97], [3.19, 3.2, 3.29, 2.61, 2.58, 2.89, 3.18, 2.92, 2.09, 1.37, 1.41, 1.49, 1.53, 1.55, 1.41, 1.24, 1.26, 1.24, 1.47, 1.52, 1.73, 1.55, 0.86, 2.13, 4.38, 5.41, 5.84, 6.01, 5.9, 6.33, 5.63, 3.89, 3.25, 2.59, 3.05, 3.25, 4.64, 5.52, 4.48, 3.91, 3.77, 2.75, 2.31, 2.73, 3.16, 3.71, 4.16, 3.82, 3.79, 4.0, 4.34, 4.93, 5.75, 6.09, 6.59, 6.61, 5.31, 3.51, 1.63, 0.77, 0, 0.86, 1.53, 2.11, 2.58, 2.22, 1.77, 1.73, 1.16, 1.29, 1.9, 2.49, 2.84, 2.44, 2.31, 2.57, 3.13, 3.06, 4.27, 5.22, 5.62, 5.01, 3.36, 3.51, 3.67, 3.22], [3.49, 2.82, 2.65, 1.99, 1.96, 2.33, 2.6, 2.34, 1.53, 1.17, 1.51, 1.73, 1.71, 1.63, 1.51, 1.46, 1.56, 1.46, 1.89, 1.94, 2.21, 1.97, 1.08, 1.65, 3.9, 4.95, 5.38, 5.569, 5.476, 5.859, 5.163, 3.44, 2.77, 2.17, 2.63, 2.83, 4.199, 5.08, 4.02, 3.39, 3.25, 2.15, 1.89, 2.35, 2.68, 3.11, 3.54, 3.44, 3.47, 3.62, 3.92, 4.41, 5.43, 5.65, 6.09, 6.11, 4.81, 2.97, 1.21, 1.01, 0.86, 0, 1.17, 1.75, 2.18, 1.84, 1.51, 1.39, 1.06, 1.25, 1.68, 2.11, 2.72, 2.5, 2.29, 2.31, 2.71, 2.74, 3.85, 4.8, 5.16, 4.55, 2.9, 3.07, 3.21, 2.82], [3.92, 3.15, 2.58, 1.92, 1.85, 1.96, 2.07, 1.85, 1.54, 1.78, 2.38, 2.62, 2.52, 2.38, 2.26, 2.21, 2.33, 2.29, 2.78, 2.83, 3.04, 2.84, 1.81, 1.52, 3.19, 4.1, 4.43, 4.62, 4.59, 4.95, 4.22, 2.52, 1.98, 1.54, 2.04, 2.04, 3.33, 4.19, 3.13, 2.64, 2.54, 1.64, 1.54, 1.76, 2.03, 2.5, 2.93, 2.67, 2.78, 2.85, 3.07, 3.56, 4.5, 4.78, 5.26, 5.32, 4.08, 2.3, 0.98, 1.48, 1.53, 1.17, 0, 0.96, 1.37, 1.17, 1.24, 1.22, 1.25, 1.44, 1.71, 2.36, 3.09, 3.05, 2.7, 2.24, 2.04, 2.11, 2.92, 3.99, 4.37, 3.74, 2.29, 2.48, 2.56, 2.43], [4.2, 3.33, 2.74, 2.12, 1.95, 1.92, 1.87, 1.69, 1.88, 2.06, 2.7, 3.0, 2.78, 2.58, 2.62, 2.45, 2.53, 2.79, 3.24, 3.37, 3.48, 3.32, 2.43, 1.56, 2.93, 3.66, 3.97, 4.1, 4.11, 4.41, 3.64, 1.98, 1.62, 1.54, 1.94, 1.82, 2.85, 3.73, 2.71, 2.28, 2.18, 1.68, 1.64, 1.64, 1.95, 2.46, 2.85, 2.65, 2.58, 2.73, 2.89, 3.18, 4.1, 4.46, 4.92, 4.88, 3.72, 1.94, 1.32, 2.1, 2.11, 1.75, 0.96, 0, 0.81, 0.77, 1.08, 1.24, 1.61, 1.92, 2.07, 2.68, 3.47, 3.45, 3.02, 2.42, 2.14, 2.21, 2.54, 3.53, 3.91, 3.34, 2.17, 2.4, 2.4, 2.33], [4.19, 3.36, 2.73, 2.29, 1.96, 1.85, 1.9, 1.62, 1.85, 2.17, 3.13, 3.476, 3.03, 2.79, 2.99, 2.7, 2.66, 3.22, 3.67, 3.839, 3.93, 3.73, 2.88, 1.91, 2.7, 3.19, 3.44, 3.55, 3.54, 3.86, 3.15, 1.61, 1.67, 1.57, 2.01, 1.93, 2.42, 3.22, 2.26, 2.03, 1.95, 1.81, 1.75, 1.73, 2.04, 2.37, 2.7, 2.64, 2.59, 2.72, 2.82, 3.17, 3.95, 4.39, 4.71, 4.67, 3.55, 2.11, 1.65, 2.45, 2.58, 2.18, 1.37, 0.81, 0, 0.72, 1.09, 1.37, 1.84, 2.15, 2.12, 2.59, 3.44, 3.4, 2.97, 2.31, 2.01, 1.98, 2.11, 3.06, 3.46, 3.09, 2.1, 2.31, 2.31, 2.28], [4.31, 3.4, 2.75, 2.17, 1.96, 1.99, 2.06, 1.8, 1.77, 2.05, 2.73, 3.13, 2.73, 2.53, 2.49, 2.32, 2.44, 2.86, 3.27, 3.38, 3.57, 3.41, 2.42, 1.69, 2.94, 3.59, 3.86, 4.05, 3.98, 4.36, 3.63, 1.99, 1.95, 1.75, 2.13, 1.93, 2.78, 3.6, 2.56, 2.13, 2.01, 1.73, 1.63, 1.47, 1.7, 2.29, 2.7, 2.5, 2.45, 2.64, 2.76, 3.15, 3.99, 4.37, 4.77, 4.79, 3.53, 1.99, 1.41, 2.19, 2.22, 1.84, 1.17, 0.77, 0.72, 0, 0.91, 1.17, 1.5, 1.77, 1.98, 2.69, 3.52, 3.52, 3.13, 2.51, 2.19, 2.18, 2.43, 3.42, 3.8, 3.35, 2.36, 2.53, 2.55, 2.44], [4.36, 3.55, 2.96, 2.3, 2.19, 2.18, 2.23, 1.95, 1.96, 1.88, 2.4, 2.62, 2.38, 2.26, 2.18, 2.07, 2.15, 2.39, 2.86, 2.99, 3.2, 2.96, 2.25, 1.76, 3.17, 3.98, 4.35, 4.54, 4.43, 4.85, 4.14, 2.46, 2.24, 2.1, 2.4, 2.18, 3.19, 4.05, 3.01, 2.56, 2.44, 2.08, 2.1, 2.1, 2.07, 2.62, 2.97, 2.85, 2.82, 2.99, 3.13, 3.64, 4.56, 4.88, 5.22, 5.18, 4.04, 2.38, 1.46, 1.76, 1.77, 1.51, 1.24, 1.08, 1.09, 0.91, 0, 0.9, 1.15, 1.52, 1.85, 2.72, 3.31, 3.17, 2.84, 2.66, 2.54, 2.29, 2.88, 3.83, 4.25, 3.78, 2.65, 2.8, 2.82, 2.65], [3.96, 3.23, 2.62, 1.92, 1.81, 1.76, 1.97, 1.79, 1.54, 1.5, 2.24, 2.64, 2.28, 2.04, 1.94, 1.89, 2.01, 2.37, 2.86, 2.89, 3.2, 3.04, 2.09, 1.88, 3.41, 4.06, 4.43, 4.62, 4.51, 4.93, 4.22, 2.54, 2.16, 1.88, 2.24, 2.04, 3.23, 4.13, 3.15, 2.68, 2.5, 1.74, 1.62, 1.72, 2.13, 2.7, 3.01, 3.05, 3.08, 3.33, 3.39, 3.82, 4.74, 5.08, 5.36, 5.34, 4.1, 2.48, 1.2, 1.68, 1.73, 1.39, 1.22, 1.24, 1.37, 1.17, 0.9, 0, 0.81, 1.14, 1.25, 2.3, 3.01, 2.89, 2.62, 2.32, 2.28, 2.07, 3.0, 3.97, 4.39, 3.8, 2.43, 2.62, 2.62, 2.37], [3.71, 3.18, 2.75, 2.03, 1.92, 2.11, 2.42, 2.18, 1.59, 1.25, 1.69, 2.01, 1.75, 1.63, 1.43, 1.34, 1.5, 1.66, 2.23, 2.24, 2.57, 2.39, 1.56, 1.89, 3.84, 4.61, 5.0, 5.19, 5.08, 5.52, 4.79, 3.11, 2.57, 2.03, 2.41, 2.51, 3.8, 4.7, 3.66, 3.13, 3.01, 2.07, 1.65, 2.05, 2.52, 3.13, 3.5, 3.38, 3.37, 3.64, 3.76, 4.21, 5.13, 5.43, 5.81, 5.85, 4.59, 2.87, 1.31, 1.23, 1.16, 1.06, 1.25, 1.61, 1.84, 1.5, 1.15, 0.81, 0, 0.81, 1.24, 2.21, 2.8, 2.58, 2.35, 2.27, 2.55, 2.46, 3.53, 4.58, 4.98, 4.37, 2.82, 2.91, 3.13, 2.68], [3.38, 3.11, 2.72, 1.96, 1.89, 2.24, 2.55, 2.31, 1.58, 1.34, 1.84, 2.0, 1.64, 1.5, 1.28, 1.23, 1.39, 1.65, 2.22, 2.37, 2.58, 2.52, 1.59, 2.18, 4.11, 4.74, 5.11, 5.3, 5.21, 5.65, 4.88, 3.24, 2.72, 2.06, 2.48, 2.68, 3.93, 4.81, 3.81, 3.34, 3.22, 2.32, 1.64, 2.2, 2.69, 3.3, 3.67, 3.51, 3.62, 3.85, 3.95, 4.44, 5.34, 5.68, 6.06, 6.06, 4.82, 3.14, 1.36, 1.06, 1.29, 1.25, 1.44, 1.92, 2.15, 1.77, 1.52, 1.14, 0.81, 0, 1.11, 2.04, 2.39, 2.25, 2.0, 2.24, 2.58, 2.55, 3.72, 4.69, 5.11, 4.5, 2.91, 3.02, 3.22, 2.79], [2.85, 2.34, 1.95, 1.49, 1.42, 1.63, 1.84, 1.56, 1.19, 1.67, 2.45, 2.75, 2.25, 2.09, 2.09, 1.92, 2.02, 2.42, 2.95, 3.02, 3.23, 3.13, 2.24, 2.21, 3.72, 4.07, 4.26, 4.45, 4.34, 4.76, 4.11, 2.75, 2.25, 1.69, 1.85, 2.21, 3.2, 4.1, 3.34, 3.03, 2.97, 1.99, 1.79, 2.05, 2.68, 3.33, 3.44, 3.78, 4.01, 4.1, 4.04, 4.43, 5.35, 5.67, 5.83, 5.63, 4.53, 3.01, 1.37, 1.65, 1.9, 1.68, 1.71, 2.07, 2.12, 1.98, 1.85, 1.25, 1.24, 1.11, 0, 1.47, 2.02, 1.94, 1.85, 1.67, 1.83, 1.7, 2.81, 3.82, 4.24, 3.63, 2.08, 2.21, 2.33, 2.1], [2.08, 1.59, 1.8, 1.92, 1.79, 2.06, 2.13, 1.81, 1.5, 1.82, 2.78, 3.083, 2.563, 2.36, 2.6, 2.41, 2.25, 2.85, 3.28, 3.51, 3.52, 3.36, 2.69, 2.9, 4.37, 4.32, 4.13, 4.08, 3.81, 4.21, 3.92, 2.76, 2.24, 1.74, 2.42, 2.94, 3.59, 4.11, 3.95, 3.86, 3.72, 2.6, 2.24, 2.7, 3.55, 4.24, 4.41, 4.73, 4.92, 5.01, 5.01, 5.4, 6.02, 6.5, 6.76, 6.54, 5.48, 3.76, 2.04, 2.24, 2.49, 2.11, 2.36, 2.68, 2.59, 2.69, 2.72, 2.3, 2.21, 2.04, 1.47, 0, 1.07, 1.47, 1.48, 0.88, 1.34, 1.41, 2.3, 3.13, 3.65, 3.08, 1.97, 1.96, 2.18, 2.11], [2.01, 1.96, 2.51, 2.61, 2.5, 2.83, 2.92, 2.58, 2.17, 2.17, 2.79, 2.91, 2.47, 2.37, 2.75, 2.44, 2.28, 2.6, 3.21, 3.46, 3.39, 3.43, 2.98, 3.67, 5.16, 5.11, 4.96, 4.71, 4.18, 4.82, 4.55, 3.45, 2.91, 2.55, 3.27, 3.75, 4.34, 4.92, 4.76, 4.63, 4.49, 3.37, 2.87, 3.47, 4.38, 5.05, 5.26, 5.56, 5.77, 5.84, 5.86, 6.25, 6.87, 7.35, 7.61, 7.39, 6.33, 4.63, 2.91, 2.59, 2.84, 2.72, 3.09, 3.47, 3.44, 3.52, 3.31, 3.01, 2.8, 2.39, 2.02, 1.07, 0, 1.08, 1.37, 1.51, 2.15, 2.02, 2.85, 3.48, 3.92, 3.45, 2.52, 2.35, 2.79, 2.62], [1.95, 2.12, 2.61, 2.69, 2.54, 2.85, 2.96, 2.66, 2.27, 1.99, 2.29, 2.33, 1.97, 2.01, 2.35, 1.98, 1.92, 2.1, 2.61, 2.98, 2.81, 2.89, 2.66, 3.63, 5.12, 5.09, 5.06, 4.99, 4.82, 5.32, 4.77, 3.61, 3.01, 2.63, 3.17, 3.73, 4.3, 5.04, 4.74, 4.65, 4.53, 3.43, 2.93, 3.45, 4.42, 5.15, 5.28, 5.58, 5.77, 5.88, 5.86, 6.25, 6.87, 7.33, 7.57, 7.35, 6.29, 4.67, 2.89, 2.13, 2.44, 2.5, 3.05, 3.45, 3.4, 3.52, 3.17, 2.89, 2.58, 2.25, 1.94, 1.47, 1.08, 0, 0.97, 1.63, 2.37, 2.12, 3.23, 4.12, 4.5, 3.91, 2.7, 2.49, 2.89, 2.72], [2.18, 2.33, 2.58, 2.52, 2.35, 2.68, 2.77, 2.51, 2.04, 2.1, 2.48, 2.54, 2.14, 2.12, 2.32, 2.01, 1.83, 2.13, 2.64, 3.07, 3.0, 2.98, 2.57, 3.36, 4.85, 4.68, 4.67, 4.8, 4.73, 5.01, 4.48, 3.04, 2.42, 2.1, 2.64, 3.32, 3.93, 4.63, 4.39, 4.38, 4.28, 3.22, 2.7, 3.24, 4.23, 4.92, 5.07, 5.23, 5.36, 5.51, 5.51, 5.9, 6.52, 7.0, 7.26, 7.06, 6.08, 4.44, 2.64, 1.92, 2.31, 2.29, 2.7, 3.02, 2.97, 3.13, 2.84, 2.62, 2.35, 2.0, 1.85, 1.48, 1.37, 0.97, 0, 1.48, 2.02, 1.85, 2.96, 3.99, 4.33, 3.8, 2.31, 2.4, 2.6, 2.33], [2.1, 1.63, 1.8, 1.94, 1.73, 1.94, 1.97, 1.71, 1.74, 2.14, 3.071, 3.371, 2.871, 2.66, 2.98, 2.75, 2.59, 3.23, 3.58, 3.77, 3.785, 3.6, 2.83, 2.84, 4.05, 3.92, 3.69, 3.66, 3.53, 3.91, 3.44, 2.28, 1.86, 1.54, 2.1, 2.68, 3.17, 3.73, 3.57, 3.56, 3.46, 2.4, 2.02, 2.42, 3.39, 4.12, 4.25, 4.45, 4.64, 4.67, 4.65, 5.04, 5.7, 6.16, 6.44, 6.24, 5.26, 3.62, 2.06, 2.24, 2.57, 2.31, 2.24, 2.42, 2.31, 2.51, 2.66, 2.32, 2.27, 2.24, 1.67, 0.88, 1.51, 1.63, 1.48, 0, 1.08, 1.23, 2.08, 2.89, 3.29, 2.72, 1.49, 1.48, 1.84, 1.75], [2.56, 1.75, 1.58, 1.6, 1.49, 1.56, 1.61, 1.39, 1.64, 2.536, 3.613, 3.993, 3.453, 3.268, 3.52, 3.23, 3.17, 3.75, 4.22, 4.378, 4.44, 4.24, 3.37, 2.54, 3.43, 3.28, 2.99, 3.06, 3.01, 3.27, 2.92, 1.76, 1.62, 1.26, 1.66, 1.92, 2.57, 3.07, 3.05, 2.94, 2.88, 1.82, 1.82, 1.9, 2.89, 3.68, 3.61, 3.99, 4.16, 4.15, 4.07, 4.46, 5.1, 5.54, 5.74, 5.54, 4.56, 2.98, 2.02, 2.78, 3.13, 2.71, 2.04, 2.14, 2.01, 2.19, 2.54, 2.28, 2.55, 2.58, 1.83, 1.34, 2.15, 2.37, 2.02, 1.08, 0, 0.97, 1.46, 2.31, 2.71, 2.12, 1.19, 1.18, 1.34, 1.59], [2.79, 2.12, 1.99, 2.13, 2.02, 1.89, 1.92, 1.7, 1.99, 2.63, 3.621, 3.908, 3.401, 3.235, 3.51, 3.2, 3.119, 3.682, 4.139, 4.345, 4.375, 4.155, 3.46, 2.83, 3.64, 3.43, 3.1, 3.13, 3.14, 3.36, 3.09, 1.89, 1.65, 1.61, 2.03, 2.17, 2.7, 3.32, 3.2, 3.17, 3.09, 2.11, 2.29, 2.15, 3.02, 3.75, 3.82, 4.08, 4.19, 4.26, 4.24, 4.63, 5.29, 5.73, 5.97, 5.77, 4.79, 3.19, 2.23, 2.73, 3.06, 2.74, 2.11, 2.21, 1.98, 2.18, 2.29, 2.