[[0, 2.07, 2.77, 2.64, 2.56, 2.91, 3.12, 2.96, 2.45, 2.19, 3.16, 3.37, 3.36, 3.47, 3.49, 3.45, 3.28, 3.3, 3.67, 3.23, 3.19, 3.07, 3.02, 2.74, 2.54, 2.38, 1.89, 1.4, 1.5, 1.86, 2.37, 2.62, 3.18, 3.71, 4.58, 4.09, 3.76, 3.91, 4.17, 4.18, 3.92, 3.78, 3.83, 3.45, 2.77, 2.07, 1.66, 2.08, 1.91, 2.44, 2.1, 2.54, 2.35, 2.69, 2.7, 2.75, 2.27, 2.3, 2.15, 1.64, 1.98, 1.69, 1.24, 1.51, 1.94, 2.46, 3.62, 4.47, 5.38, 5.85, 4.42, 3.66, 3.49, 3.44, 3.56, 3.86, 3.74, 3.13, 2.71, 3.51, 4.07, 3.79, 3.31, 3.23, 3.75, 3.82], [2.07, 0, 1.1, 1.21, 1.39, 1.7, 1.81, 1.59, 1.64, 1.48, 1.93, 1.94, 2.11, 2.32, 2.74, 2.8, 2.31, 2.09, 2.16, 2.28, 2.26, 2.46, 2.01, 1.93, 1.83, 1.89, 2.2, 2.07, 2.11, 1.71, 1.98, 2.01, 1.93, 2.58, 3.31, 2.94, 2.53, 2.66, 2.6, 2.45, 2.29, 2.31, 2.42, 2.26, 2.06, 1.8, 1.73, 2.19, 2.46, 3.01, 2.95, 3.81, 3.68, 3.98, 3.908, 3.941, 3.581, 3.56, 3.507, 2.73, 1.99, 1.92, 2.15, 2.38, 2.937, 2.71, 3.53, 4.24, 4.97, 5.18, 4.03, 3.33, 3.2, 3.01, 2.91, 2.93, 2.85, 2.42, 2.46, 2.88, 3.32, 3.1, 2.74, 2.6, 2.92, 2.91], [2.77, 1.1, 0, 0.67, 1.11, 1.22, 1.37, 1.27, 1.8, 1.5, 1.89, 1.78, 2.07, 2.1, 2.48, 2.52, 2.31, 1.89, 1.72, 1.86, 1.86, 2.16, 1.83, 1.69, 1.59, 1.75, 2.483, 2.55, 2.496, 1.75, 1.88, 1.99, 2.01, 2.24, 2.59, 2.38, 1.97, 2.12, 1.98, 1.97, 2.07, 2.01, 1.78, 1.62, 1.82, 1.72, 1.83, 2.21, 2.76, 3.33, 3.51, 4.308, 4.28, 4.561, 4.508, 4.481, 4.081, 4.023, 3.975, 3.23, 2.05, 2.04, 2.754, 2.744, 3.343, 3.458, 3.83, 4.36, 5.07, 5.38, 4.21, 3.53, 3.32, 3.09, 3.01, 2.99, 2.87, 2.36, 2.6, 2.94, 3.28, 2.94, 2.54, 2.48, 2.86, 2.91], [2.64, 1.21, 0.67, 0, 0.84, 1.25, 1.38, 1.16, 1.87, 1.81, 1.78, 1.77, 2.1, 2.19, 2.57, 2.61, 2.4, 1.96, 1.75, 1.73, 1.61, 1.87, 1.64, 1.8, 1.66, 2.0, 2.787, 2.846, 2.823, 1.8, 1.75, 1.78, 1.72, 1.85, 2.48, 2.35, 2.02, 2.01, 1.99, 2.0, 1.8, 1.74, 1.57, 1.49, 1.93, 1.81, 1.72, 2.36, 3.01, 3.62, 3.76, 4.32, 4.19, 4.488, 4.473, 4.517, 4.157, 4.164, 4.227, 3.557, 2.28, 2.27, 2.798, 2.956, 3.541, 3.396, 3.68, 4.01, 4.76, 5.01, 3.8, 3.14, 2.91, 2.76, 2.7, 2.66, 2.54, 2.03, 2.41, 2.61, 2.93, 2.65, 2.19, 2.17, 2.51, 2.58], [2.56, 1.39, 1.11, 0.84, 0, 0.89, 0.94, 0.9, 1.59, 1.73, 1.82, 1.75, 2.16, 2.17, 2.43, 2.49, 2.5, 1.96, 1.95, 1.75, 1.59, 1.69, 1.5, 1.6, 1.44, 2.06, 2.75, 2.772, 2.763, 1.62, 1.31, 1.32, 1.52, 1.81, 2.6, 2.35, 1.96, 1.97, 1.99, 2.0, 1.82, 1.88, 1.85, 1.61, 1.73, 1.77, 1.5, 2.24, 2.961, 3.3, 3.54, 4.16, 3.91, 4.13, 4.19, 4.374, 4.014, 4.061, 4.159, 3.472, 2.112, 2.13, 2.675, 2.913, 3.354, 3.4, 3.6, 3.79, 4.46, 4.65, 3.62, 2.96, 2.67, 2.46, 2.32, 2.36, 2.26, 1.75, 1.89, 2.27, 2.67, 2.31, 1.79, 1.81, 2.43, 2.5], [2.91, 1.7, 1.22, 1.25, 0.89, 0, 0.57, 1.03, 1.5, 1.68, 1.63, 1.44, 1.87, 1.92, 2.24, 2.4, 2.57, 1.93, 1.78, 1.76, 1.58, 1.88, 1.67, 1.65, 1.41, 2.11, 2.7, 2.699, 2.77, 1.73, 1.34, 1.29, 1.51, 2.0, 2.49, 2.14, 1.79, 1.86, 1.8, 1.71, 1.81, 1.91, 1.94, 1.5, 1.62, 1.8, 1.65, 2.17, 2.914, 3.222, 3.47, 4.19, 4.2, 4.42, 4.33, 4.5, 4.08, 4.11, 4.18, 3.387, 2.059, 2.12, 2.81, 2.98, 3.25, 3.81, 4.03, 3.94, 4.47, 4.68, 3.71, 3.07, 2.8, 2.53, 2.37, 2.29, 2.25, 1.8, 2.04, 2.44, 2.66, 2.34, 1.92, 2.02, 2.52, 2.41], [3.12, 1.81, 1.37, 1.38, 0.94, 0.57, 0, 1.18, 1.73, 1.83, 1.72, 1.61, 2.02, 1.97, 2.19, 2.41, 2.64, 1.8, 1.69, 1.67, 1.59, 1.85, 1.6, 1.72, 1.56, 2.22, 2.83, 2.849, 2.913, 1.96, 1.51, 1.44, 1.54, 1.99, 2.42, 1.97, 1.64, 1.67, 1.63, 1.52, 1.64, 1.74, 1.83, 1.49, 1.71, 1.97, 1.9, 2.391, 3.098, 3.352, 3.64, 4.44, 4.43, 4.65, 4.6, 4.75, 4.31, 4.32, 4.33, 3.517, 2.2, 2.25, 2.94, 3.15, 3.52, 4.02, 4.22, 4.11, 4.58, 4.75, 3.9, 3.3, 3.07, 2.68, 2.48, 2.38, 2.24, 1.87, 2.07, 2.43, 2.65, 2.33, 1.89, 1.97, 2.53, 2.44], [2.96, 1.59, 1.27, 1.16, 0.9, 1.03, 1.18, 0, 1.43, 1.77, 1.86, 1.75, 2.1, 2.19, 2.51, 2.59, 2.62, 2.02, 2.07, 2.29, 1.99, 2.27, 2.02, 1.98, 1.8, 2.28, 2.79, 2.732, 2.896, 1.76, 1.51, 1.58, 1.62, 2.23, 2.8, 2.51, 2.3, 2.41, 2.13, 2.02, 2.04, 2.18, 2.05, 1.83, 1.77, 1.97, 1.76, 2.38, 3.072, 3.18, 3.54, 4.14, 4.29, 4.27, 4.28, 4.45, 4.086, 4.134, 4.159, 3.472, 2.112, 2.21, 2.9, 3.168, 3.354, 3.48, 3.48, 3.81, 4.4, 4.63, 3.74, 3.1, 2.83, 2.4, 2.28, 2.2, 1.98, 1.57, 1.87, 2.07, 2.39, 2.01, 1.61, 1.67, 2.39, 2.54], [2.45, 1.64, 1.8, 1.87, 1.59, 1.5, 1.73, 1.43, 0, 1.32, 2.55, 2.4, 2.69, 2.68, 2.88, 2.82, 2.93, 2.73, 2.66, 2.84, 2.62, 2.84, 2.65, 2.41, 1.91, 1.67, 1.96, 1.85, 2.09, 1.51, 1.74, 2.09, 2.35, 3.04, 3.614, 2.96, 2.95, 3.04, 2.78, 2.85, 2.89, 3.03, 2.96, 2.46, 1.94, 1.98, 1.49, 1.61, 1.98, 2.39, 2.69, 3.25, 3.76, 3.86, 3.59, 3.68, 3.3, 3.09, 3.22, 2.27, 1.55, 1.9, 2.21, 2.42, 2.53, 3.27, 3.97, 4.46, 5.13, 5.5, 4.43, 3.83, 3.56, 3.19, 3.13, 3.07, 3.03, 2.56, 2.36, 2.94, 3.38, 2.94, 2.44, 2.56, 3.28, 3.31], [2.19, 1.48, 1.5, 1.81, 1.73, 1.68, 1.83, 1.77, 1.32, 0, 2.03, 2.04, 2.01, 1.96, 2.06, 2.1, 2.11, 1.93, 1.98, 2.36, 2.32, 2.54, 2.15, 1.67, 1.37, 0.83, 1.5, 1.49, 1.45, 1.23, 1.8, 2.19, 2.39, 3.08, 3.493, 2.68, 2.47, 2.74, 2.66, 2.85, 3.01, 2.89, 2.8, 2.34, 1.22, 1.42, 1.41, 1.19, 1.76, 2.41, 2.63, 3.51, 3.9, 4.08, 3.89, 3.84, 3.34, 3.13, 2.96, 1.99, 1.05, 1.28, 2.03, 1.98, 2.69, 3.63, 4.17, 4.72, 5.47, 5.76, 4.55, 3.91, 3.6, 3.49, 3.41, 3.45, 3.37, 2.86, 2.64, 3.28, 3.8, 3.38, 2.86, 2.92, 3.28, 3.35], [3.16, 1.93, 1.89, 1.78, 1.82, 1.63, 1.72, 1.86, 2.55, 2.03, 0, 0.73, 1.12, 1.31, 1.97, 2.33, 2.18, 1.34, 1.47, 1.45, 1.43, 1.71, 1.5, 1.4, 1.5, 2.36, 3.11, 3.04, 3.0, 2.02, 1.65, 1.3, 1.22, 1.77, 2.3, 2.05, 1.84, 1.75, 1.81, 1.9, 1.68, 1.38, 1.53, 1.43, 1.45, 1.57, 2.22, 2.42, 3.25, 4.04, 4.1, 4.96, 4.93, 5.23, 5.24, 5.15, 4.67, 4.66, 4.55, 3.74, 2.44, 2.53, 3.28, 3.27, 4.08, 4.06, 3.68, 3.37, 3.9, 4.11, 2.98, 2.32, 2.19, 2.02, 1.9, 1.84, 1.86, 2.05, 2.71, 2.75, 2.79, 2.59, 2.39, 2.27, 2.35, 1.96], [3.37, 1.94, 1.78, 1.77, 1.75, 1.44, 1.61, 1.75, 2.4, 2.04, 0.73, 0, 1.07, 1.54, 2.06, 2.4, 2.29, 1.51, 1.64, 1.84, 1.88, 2.04, 1.75, 1.69, 1.79, 2.49, 3.1, 3.09, 3.05, 2.11, 1.74, 1.49, 1.29, 1.86, 2.41, 2.1, 1.75, 1.72, 1.66, 1.71, 1.59, 1.33, 1.68, 1.56, 1.54, 1.84, 2.19, 2.51, 3.32, 3.91, 4.05, 4.95, 4.96, 5.28, 5.19, 5.2, 4.74, 4.69, 4.58, 3.75, 2.41, 2.44, 3.27, 3.4, 4.03, 3.99, 3.65, 3.28, 3.77, 4.02, 2.87, 2.35, 2.18, 2.03, 1.87, 1.79, 1.81, 2.04, 2.74, 2.76, 2.74, 2.5, 2.34, 2.26, 2.3, 1.83], [3.36, 2.11, 2.07, 2.1, 2.16, 1.87, 2.02, 2.1, 2.69, 2.01, 1.12, 1.07, 0, 0.87, 1.25, 1.59, 1.58, 1.12, 1.65, 1.93, 2.01, 2.13, 1.86, 1.58, 1.8, 2.28, 2.69, 2.86, 2.7, 2.22, 1.97, 1.76, 1.7, 2.37, 2.82, 2.43, 2.02, 2.19, 2.15, 2.14, 2.14, 1.9, 2.07, 1.69, 1.23, 1.73, 2.44, 2.32, 3.27, 4.04, 4.24, 5.14, 5.25, 5.51, 5.42, 5.35, 4.87, 4.76, 4.53, 3.56, 2.44, 2.57, 3.46, 3.45, 4.24, 4.2, 4.0, 3.87, 4.48, 4.69, 3.58, 2.86, 2.69, 2.56, 2.44, 2.4, 2.28, 2.33, 3.09, 3.01, 3.05, 2.81, 2.67, 2.59, 2.51, 2.28], [3.47, 2.32, 2.1, 2.19, 2.17, 1.92, 1.97, 2.19, 2.68, 1.96, 1.31, 1.54, 0.87, 0, 0.98, 1.22, 1.39, 0.93, 1.26, 1.68, 1.68, 1.92, 1.61, 1.27, 1.65, 2.17, 2.78, 2.93, 2.85, 2.35, 2.08, 1.89, 1.81, 2.46, 2.67, 2.32, 1.99, 2.18, 2.16, 2.23, 2.29, 2.11, 2.08, 1.56, 1.18, 1.82, 2.63, 2.35, 3.34, 4.21, 4.39, 5.37, 5.46, 5.72, 5.65, 5.58, 5.04, 4.93, 4.72, 3.65, 2.61, 2.82, 3.73, 3.58, 4.41, 4.69, 4.65, 4.46, 5.03, 5.22, 4.17, 3.49, 3.28, 3.11, 2.97, 2.89, 2.83, 2.62, 3.24, 3.22, 3.4, 3.08, 2.88, 2.76, 2.82, 2.69], [3.49, 2.74, 2.48, 2.57, 2.43, 2.24, 2.19, 2.51, 2.88, 2.06, 1.97, 2.06, 1.25, 0.98, 0, 0.88, 1.37, 1.11, 1.74, 2.02, 2.12, 2.26, 1.91, 1.55, 1.93, 2.33, 2.7, 2.99, 2.89, 2.41, 2.34, 2.23, 2.41, 2.98, 3.07, 2.52, 2.27, 2.46, 2.44, 2.53, 2.71, 2.63, 2.44, 1.94, 1.32, 1.94, 2.73, 2.43, 3.4, 4.23, 4.41, 5.37, 5.5, 5.74, 5.65, 5.58, 5.04, 4.97, 4.7, 3.63, 2.65, 2.86, 3.77, 3.64, 4.49, 4.99, 4.97, 4.98, 5.61, 5.8, 4.73, 4.01, 3.8, 3.65, 3.55, 3.47, 3.25, 3.1, 3.46, 3.62, 3.82, 3.42, 3.12, 3.1, 3.26, 3.11], [3.45, 2.8, 2.52, 2.61, 2.49, 2.4, 2.41, 2.59, 2.82, 2.1, 2.33, 2.4, 1.59, 1.22, 0.88, 0, 1.01, 1.53, 1.92, 2.36, 2.42, 2.38, 2.21, 1.73, 1.95, 2.35, 2.72, 2.97, 2.93, 2.49, 2.56, 2.57, 2.81, 3.38, 3.57, 2.9, 2.51, 2.84, 2.86, 2.91, 3.07, 2.99, 2.74, 2.38, 1.5, 2.06, 2.67, 2.35, 3.32, 4.19, 4.43, 5.35, 5.46, 5.7, 5.65, 5.58, 5.08, 4.91, 4.66, 3.55, 2.59, 2.84, 3.69, 3.56, 4.41, 4.95, 5.15, 5.26, 5.89, 6.08, 5.05, 4.33, 4.06, 3.97, 3.83, 3.77, 3.51, 3.22, 3.6, 3.68, 3.86, 3.5, 3.18, 3.16, 3.28, 3.31], [3.28, 2.31, 2.31, 2.4, 2.5, 2.57, 2.64, 2.62, 2.93, 2.11, 2.18, 2.29, 1.58, 1.39, 1.37, 1.01, 0, 1.46, 1.91, 2.33, 2.45, 2.45, 2.2, 1.72, 2.16, 2.44, 2.83, 3.02, 2.9, 2.48, 2.63, 2.68, 2.64, 3.29, 3.62, 3.13, 2.66, 2.95, 3.03, 2.96, 2.94, 2.86, 2.85, 2.45, 1.87, 2.13, 2.8, 2.52, 3.47, 4.3, 4.46, 5.46, 5.47, 5.77, 5.74, 5.63, 5.07, 5.04, 4.77, 3.7, 2.8, 2.87, 3.74, 3.63, 4.52, 4.52, 4.84, 5.13, 5.76, 5.95, 4.9, 4.18, 3.97, 3.84, 3.7, 3.62, 3.38, 3.13, 3.45, 3.51, 3.75, 3.55, 3.25, 3.11, 3.17, 3.2], [3.3, 2.09, 1.89, 1.96, 1.96, 1.93, 1.8, 2.02, 2.73, 1.93, 1.34, 1.51, 1.12, 0.93, 1.11, 1.53, 1.46, 0, 1.07, 1.37, 1.35, 1.57, 1.24, 0.96, 1.64, 2.22, 2.79, 2.94, 2.86, 2.3, 2.01, 1.76, 1.62, 2.09, 2.46, 2.03, 1.6, 1.79, 1.83, 1.84, 1.94, 1.8, 1.79, 1.57, 1.21, 1.75, 2.54, 2.44, 3.43, 4.28, 4.34, 5.3, 5.37, 5.63, 5.58, 5.49, 4.95, 4.96, 4.65, 3.7, 2.6, 2.71, 3.6, 3.49, 4.4, 4.62, 4.54, 4.49, 4.92, 5.11, 4.2, 3.56, 3.37, 3.16, 2.94, 2.9, 2.68, 2.55, 3.11, 3.05, 3.25, 2.91, 2.73, 2.55, 2.69, 2.56], [3.67, 2.16, 1.72, 1.75, 1.95, 1.78, 1.69, 2.07, 2.66, 1.98, 1.47, 1.64, 1.65, 1.26, 1.74, 1.92, 1.91, 1.07, 0, 0.96, 1.1, 1.46, 1.09, 1.19, 1.37, 2.15, 3.12, 3.25, 3.19, 2.35, 2.18, 1.93, 1.63, 1.96, 2.09, 1.58, 1.41, 1.58, 1.54, 1.57, 1.77, 1.67, 1.62, 1.46, 1.5, 1.98, 2.67, 2.61, 3.44, 4.27, 4.41, 5.35, 5.5, 5.72, 5.65, 5.58, 5.06, 4.97, 4.82, 3.81, 2.69, 2.94, 3.79, 3.62, 4.41, 4.73, 4.85, 4.68, 4.89, 5.08, 4.21, 3.61, 3.44, 3.27, 3.03, 2.93, 2.85, 2.56, 3.22, 3.06, 3.1, 3.0, 2.7, 2.56, 2.6, 2.55], [3.23, 2.28, 1.86, 1.73, 1.75, 1.76, 1.67, 2.29, 2.84, 2.36, 1.45, 1.84, 1.93, 1.68, 2.02, 2.36, 2.33, 1.37, 0.96, 0, 0.7, 0.88, 0.75, 1.21, 1.45, 2.51, 3.44, 3.51, 3.47, 2.43, 2.1, 1.65, 1.61, 1.48, 1.93, 1.58, 1.39, 1.34, 1.56, 1.53, 1.55, 1.45, 1.62, 1.4, 1.78, 1.88, 2.53, 2.91, 3.76, 4.63, 4.63, 5.37, 5.28, 5.58, 5.61, 5.54, 5.08, 5.07, 4.92, 4.11, 2.97, 3.02, 3.63, 3.58, 4.53, 4.59, 4.63, 4.44, 4.51, 4.7, 3.81, 3.31, 3.24, 2.99, 2.79, 2.71, 2.67, 2.48, 2.92, 2.8, 2.9, 2.92, 2.54, 2.46, 2.4, 2.25], [3.19, 2.26, 1.86, 1.61, 1.59, 1.58, 1.59, 1.99, 2.62, 2.32, 1.43, 1.88, 2.01, 1.68, 2.12, 2.42, 2.45, 1.35, 1.1, 0.7, 0, 0.78, 0.81, 1.21, 1.45, 2.51, 3.42, 3.49, 3.41, 2.37, 1.76, 1.27, 1.23, 1.32, 1.83, 1.68, 1.45, 1.48, 1.64, 1.71, 1.59, 1.51, 1.44, 1.26, 1.78, 1.86, 2.39, 2.87, 3.72, 4.49, 4.55, 5.11, 5.02, 5.28, 5.29, 5.2, 4.74, 4.89, 4.9, 4.13, 2.93, 3.0, 3.61, 3.58, 4.33, 4.49, 4.49, 4.22, 4.43, 4.6, 3.73, 3.15, 3.0, 2.81, 2.59, 2.51, 2.47, 2.24, 2.68, 2.58, 2.74, 2.58, 2.3, 2.26, 2.26, 2.29], [3.07, 2.46, 2.16, 1.87, 1.69, 1.88, 1.85, 2.27, 2.84, 2.54, 1.71, 2.04, 2.13, 1.92, 2.26, 2.38, 2.45, 1.57, 1.46, 0.88, 0.78, 0, 0.81, 1.47, 1.69, 2.71, 3.48, 3.55, 3.61, 2.61, 2.14, 1.67, 1.49, 1.3, 1.99, 1.72, 1.49, 1.54, 1.74, 1.75, 1.61, 1.57, 1.62, 1.66, 1.88, 2.18, 2.53, 3.01, 3.9, 4.77, 4.79, 5.35, 5.14, 5.38, 5.47, 5.48, 5.08, 5.09, 4.96, 4.19, 3.07, 3.1, 3.61, 3.72, 4.63, 4.57, 4.65, 4.38, 4.45, 4.62, 3.77, 3.23, 3.1, 2.93, 2.67, 2.53, 2.53, 2.38, 2.76, 2.62, 2.74, 2.68, 2.3, 2.28, 2.3, 2.23], [3.02, 2.01, 1.83, 1.64, 1.5, 1.67, 1.6, 2.02, 2.65, 2.15, 1.5, 1.75, 1.86, 1.61, 1.91, 2.21, 2.2, 1.24, 1.09, 0.75, 0.81, 0.81, 0, 1.08, 1.4, 2.4, 3.19, 3.24, 3.18, 2.18, 1.85, 1.58, 1.44, 1.51, 2.12, 1.73, 1.44, 1.47, 1.65, 1.66, 1.66, 1.54, 1.59, 1.55, 1.55, 1.77, 2.3, 2.66, 3.57, 4.44, 4.38, 5.14, 5.07, 5.35, 5.34, 5.31, 4.85, 4.86, 4.67, 3.84, 2.74, 2.75, 3.34, 3.39, 4.34, 4.4, 4.5, 4.35, 4.52, 4.71, 3.76, 3.22, 3.09, 2.92, 2.66, 2.62, 2.56, 2.25, 2.75, 2.73, 2.83, 2.61, 2.25, 2.29, 2.33, 2.28], [2.74, 1.93, 1.69, 1.8, 1.6, 1.65, 1.72, 1.98, 2.41, 1.67, 1.4, 1.69, 1.58, 1.27, 1.55, 1.73, 1.72, 0.96, 1.19, 1.21, 1.21, 1.47, 1.08, 0, 0.9, 1.66, 2.51, 2.62, 2.54, 1.8, 1.61, 1.46, 1.72, 2.13, 2.62, 2.23, 1.8, 1.99, 2.11, 2.14, 2.28, 2.08, 1.97, 1.53, 1.11, 1.33, 2.02, 2.06, 2.97, 3.82, 3.86, 4.78, 4.81, 5.07, 5.06, 4.99, 4.45, 4.46, 4.19, 3.26, 2.16, 2.33, 3.1, 2.95, 3.9, 4.22, 4.38, 4.35, 4.94, 5.23, 4.12, 3.42, 3.17, 3.02, 2.92, 3.02, 2.94, 2.55, 2.87, 3.11, 3.43, 3.05, 2.75, 2.63, 2.93, 2.94], [2.54, 1.83, 1.59, 1.66, 1.44, 1.41, 1.56, 1.8, 1.91, 1.37, 1.5, 1.79, 1.8, 1.65, 1.93, 1.95, 2.16, 1.64, 1.37, 1.45, 1.45, 1.69, 1.4, 0.9, 0, 1.32, 2.19, 2.24, 2.22, 1.3, 1.39, 1.46, 1.88, 2.39, 2.68, 2.11, 1.98, 2.17, 2.09, 2.26, 2.46, 2.28, 2.09, 1.53, 1.21, 1.19, 1.54, 1.58, 2.43, 3.34, 3.4, 4.2, 4.37, 4.55, 4.48, 4.41, 3.93, 3.84, 3.71, 2.9, 1.7, 2.01, 2.64, 2.55, 3.3, 3.98, 4.22, 4.25, 4.96, 5.29, 4.0, 3.28, 3.03, 2.98, 2.98, 3.12, 3.1, 2.63, 2.79, 3.19, 3.51, 3.13, 2.75, 2.77, 3.13, 3.08], [2.38, 1.89, 1.75, 2.0, 2.06, 2.11, 2.22, 2.28, 1.67, 0.83, 2.36, 2.49, 2.28, 2.17, 2.33, 2.35, 2.44, 2.22, 2.15, 2.51, 2.51, 2.71, 2.4, 1.66, 1.32, 0, 1.45, 1.68, 1.38, 1.44, 2.07, 2.36, 2.76, 3.25, 3.643, 2.89, 2.7, 2.99, 2.89, 3.08, 3.36, 3.2, 2.97, 2.49, 1.59, 1.71, 1.6, 1.1, 1.55, 2.42, 2.72, 3.64, 4.13, 4.21, 4.0, 3.87, 3.49, 3.22, 3.17, 2.0, 1.24, 1.63, 2.28, 2.13, 2.96, 4.04, 4.5, 5.07, 5.88, 6.19, 4.9, 4.14, 3.89, 3.88, 3.9, 4.02, 3.96, 3.43, 3.21, 3.87, 4.39, 3.95, 3.45, 3.51, 3.93, 3.98], [1.89, 2.2, 2.483, 2.787, 2.75, 2.7, 2.83, 2.79, 1.96, 1.5, 3.11, 3.1, 2.69, 2.78, 2.7, 2.72, 2.83, 2.79, 3.12, 3.44, 3.42, 3.48, 3.19, 2.51, 2.19, 1.45, 0, 0.95, 1.29, 1.83, 2.5, 2.91, 3.35, 4.06, 4.587, 3.66, 3.45, 3.78, 3.7, 3.81, 4.01, 3.89, 3.94, 3.4, 2.08, 2.26, 2.03, 1.55, 1.88, 2.05, 2.15, 3.01, 3.5, 3.66, 3.39, 3.4, 2.94, 2.71, 2.44, 1.53, 1.57, 1.88, 2.03, 1.92, 2.25, 3.21, 4.23, 5.0, 5.97, 6.58, 5.13, 4.33, 4.1, 4.09, 4.21, 4.41, 4.33, 3.74, 3.34, 4.14, 4.72, 4.28, 3.82, 3.88, 4.4, 4.43], [1.4, 2.07, 2.55, 2.846, 2.772, 2.699, 2.849, 2.732, 1.85, 1.49, 3.04, 3.09, 2.86, 2.93, 2.99, 2.97, 3.02, 2.94, 3.25, 3.51, 3.49, 3.55, 3.24, 2.62, 2.24, 1.68, 0.95, 0, 1.0, 1.68, 2.39, 2.8, 3.34, 4.119, 4.643, 3.77, 3.547, 3.87, 3.85, 3.846, 4.06, 3.92, 3.95, 3.39, 2.03, 1.91, 1.68, 1.4, 1.61, 1.92, 1.86, 2.66, 3.05, 3.25, 3.06, 3.03, 2.55, 2.34, 1.97, 1.12, 1.3, 1.29, 1.4, 1.45, 1.76, 2.9, 3.94, 4.67, 5.6, 6.17, 4.72, 4.0, 3.77, 3.72, 3.88, 4.1, 3.98, 3.41, 2.99, 3.75, 4.31, 3.89, 3.45, 3.49, 4.01, 4.08], [1.5, 2.11, 2.496, 2.823, 2.763, 2.77, 2.913, 2.896, 2.09, 1.45, 3.0, 3.05, 2.7, 2.85, 2.89, 2.93, 2.9, 2.86, 3.19, 3.47, 3.41, 3.61, 3.18, 2.54, 2.22, 1.38, 1.29, 1.0, 0, 1.44, 2.15, 2.64, 3.28, 4.05, 4.595, 3.91, 3.509, 3.79, 3.73, 3.897, 4.111, 4.04, 3.85, 3.33, 2.03, 1.75, 1.52, 1.2, 1.11, 1.74, 1.72, 2.66, 3.03, 3.11, 2.9, 2.81, 2.35, 2.3, 2.21, 1.24, 1.32, 1.23, 1.38, 1.29, 1.94, 3.18, 4.06, 4.79, 5.66, 6.07, 4.68, 3.86, 3.65, 3.72, 3.86, 4.16, 4.06, 3.41, 2.95, 3.75, 4.31, 3.91, 3.47, 3.53, 4.05, 4.06], [1.86, 1.71, 1.75, 1.8, 1.62, 1.73, 1.96, 1.76, 1.51, 1.23, 2.02, 2.11, 2.22, 2.35, 2.41, 2.49, 2.48, 2.3, 2.35, 2.43, 2.37, 2.61, 2.18, 1.8, 1.3, 1.44, 1.83, 1.68, 1.44, 0, 1.01, 1.46, 2.1, 2.85, 3.433, 2.73, 2.56, 2.71, 2.63, 2.82, 2.9, 2.88, 2.71, 2.23, 1.41, 1.07, 0.82, 1.02, 1.71, 2.36, 2.32, 3.18, 3.45, 3.55, 3.42, 3.39, 2.93, 2.92, 2.89, 2.16, 1.1, 1.39, 1.96, 1.91, 2.42, 3.06, 3.44, 3.81, 4.58, 5.03, 3.64, 2.94, 2.65, 2.68, 2.76, 2.98, 2.88, 2.33, 2.25, 2.73, 3.25, 2.79, 2.35, 2.39, 2.93, 2.92], [2.37, 1.98, 1.88, 1.75, 1.31, 1.34, 1.51, 1.51, 1.74, 1.8, 1.65, 1.74, 1.97, 2.08, 2.34, 2.56, 2.63, 2.01, 2.18, 2.1, 1.76, 2.14, 1.85, 1.61, 1.39, 2.07, 2.5, 2.39, 2.15, 1.01, 0, 0.75, 1.39, 2.18, 2.808, 2.44, 2.25, 2.26, 2.22, 2.39, 2.37, 2.41, 2.24, 1.66, 1.42, 1.26, 1.17, 1.75, 2.46, 2.91, 3.03, 3.73, 3.7, 3.8, 3.77, 3.82, 3.34, 3.53, 3.72, 3.01, 1.81, 1.94, 2.55, 2.58, 2.85, 3.37, 3.45, 3.3, 3.99, 4.34, 3.13, 2.35, 2.18, 2.03, 2.05, 2.25, 2.17, 1.74, 1.94, 2.28, 2.66, 2.22, 1.92, 1.98, 2.44, 2.47], [2.62, 2.01, 1.99, 1.78, 1.32, 1.29, 1.44, 1.58, 2.09, 2.19, 1.3, 1.49, 1.76, 1.89, 2.23, 2.57, 2.68, 1.76, 1.93, 1.65, 1.27, 1.67, 1.58, 1.46, 1.46, 2.36, 2.91, 2.8, 2.64, 1.46, 0.75, 0, 0.96, 1.67, 2.4, 2.25, 1.96, 1.89, 1.91, 2.0, 1.88, 1.94, 1.83, 1.43, 1.59, 1.43, 1.56, 2.2, 2.95, 3.44, 3.52, 4.2, 4.03, 4.25, 4.22, 4.27, 3.83, 4.06, 4.23, 3.5, 2.24, 2.29, 2.92, 3.01, 3.36, 3.56, 3.52, 3.19, 3.64, 3.97, 2.9, 2.24, 2.03, 1.76, 1.74, 1.92, 1.88, 1.63, 2.01, 2.19, 2.41, 2.15, 1.79, 1.81, 2.23, 2.12], [3.18, 1.93, 2.01, 1.72, 1.52, 1.51, 1.54, 1.62, 2.35, 2.39, 1.22, 1.29, 1.7, 1.81, 2.41, 2.81, 2.64, 1.62, 1.63, 1.61, 1.23, 1.49, 1.44, 1.72, 1.88, 2.76, 3.35, 3.34, 3.28, 2.1, 1.39, 0.96, 0, 1.17, 2.12, 1.91, 1.72, 1.67, 1.65, 1.6, 1.26, 1.32, 1.57, 1.37, 1.91, 1.99, 2.08, 2.82, 3.63, 4.12, 4.14, 4.74, 4.77, 4.89, 4.76, 4.93, 4.49, 4.64, 4.77, 4.04, 2.68, 2.73, 3.34, 3.59, 3.98, 3.8, 3.76, 3.27, 3.62, 3.79, 2.88, 2.5, 2.09, 1.86, 1.7, 1.58, 1.58, 1.55, 2.25, 1.93, 2.09, 2.01, 1.87, 1.69, 1.83, 1.66], [3.71, 2.58, 2.24, 1.85, 1.81, 2.0, 1.99, 2.23, 3.04, 3.08, 1.77, 1.86, 2.37, 2.46, 2.98, 3.38, 3.29, 2.09, 1.96, 1.48, 1.32, 1.3, 1.51, 2.13, 2.39, 3.25, 4.06, 4.119, 4.05, 2.85, 2.18, 1.67, 1.17, 0, 1.43, 1.56, 1.53, 1.22, 1.36, 1.47, 1.35, 1.37, 1.66, 1.68, 2.54, 2.674, 2.753, 3.57, 4.36, 4.89, 4.95, 5.55, 5.26, 5.48, 5.55, 5.72, 5.28, 5.43, 5.546, 4.819, 3.47, 3.46, 3.89, 4.28, 4.765, 4.37, 4.23, 3.84, 3.55, 3.64, 3.05, 2.79, 2.64, 2.41, 2.17, 1.97, 2.05, 2.12, 2.78, 2.28, 2.16, 2.32, 2.3, 2.02, 1.86, 1.67], [4.58, 3.31, 2.59, 2.48, 2.6, 2.49, 2.42, 2.8, 3.614, 3.493, 2.3, 2.41, 2.82, 2.67, 3.07, 3.57, 3.62, 2.46, 2.09, 1.93, 1.83, 1.99, 2.12, 2.62, 2.68, 3.643, 4.587, 4.643, 4.595, 3.433, 2.808, 2.4, 2.12, 1.43, 0, 1.25, 1.52, 1.27, 1.29, 1.6, 1.94, 1.74, 1.69, 1.65, 2.956, 3.25, 3.618, 4.023, 4.81, 5.46, 5.54, 6.18, 6.21, 6.45, 6.42, 6.35, 5.87, 5.94, 6.09, 5.314, 4.003, 4.17, 4.9, 4.908, 5.398, 5.7, 5.5, 4.97, 4.2, 4.13, 3.96, 3.82, 3.85, 3.72, 3.42, 3.12, 3.2, 3.35, 3.97, 3.55, 3.35, 3.37, 3.25, 3.25, 2.87, 2.54], [4.09, 2.94, 2.38, 2.35, 2.35, 2.14, 1.97, 2.51, 2.96, 2.68, 2.05, 2.1, 2.43, 2.32, 2.52, 2.9, 3.13, 2.03, 1.58, 1.58, 1.68, 1.72, 1.73, 2.23, 2.11, 2.89, 3.66, 3.77, 3.91, 2.73, 2.44, 2.25, 1.91, 1.56, 1.25, 0, 1.01, 0.9, 0.82, 1.01, 1.53, 1.43, 1.54, 1.58, 2.18, 2.7, 2.99, 3.23, 4.06, 4.77, 4.79, 5.57, 5.88, 6.04, 5.89, 5.9, 5.36, 5.23, 5.22, 4.379, 3.13, 3.52, 4.17, 4.22, 4.77, 5.37, 5.39, 4.92, 4.57, 4.7, 4.07, 3.83, 3.76, 3.59, 3.31, 3.03, 3.07, 3.16, 3.76, 3.4, 3.14, 3.18, 2.96, 3.02, 2.74, 2.33], [3.76, 2.53, 1.97, 2.02, 1.96, 1.79, 1.64, 2.3, 2.95, 2.47, 1.84, 1.75, 2.02, 1.99, 2.27, 2.51, 2.66, 1.6, 1.41, 1.39, 1.45, 1.49, 1.44, 1.8, 1.98, 2.7, 3.45, 3.547, 3.509, 2.56, 2.25, 1.96, 1.72, 1.53, 1.52, 1.01, 0, 0.57, 0.97, 1.02, 1.34, 1.3, 1.51, 1.49, 1.95, 2.39, 2.775, 3.02, 3.83, 4.54, 4.58, 5.52, 5.57, 5.87, 5.8, 5.79, 5.27, 5.22, 5.07, 4.24, 2.94, 3.03, 3.84, 3.91, 4.66, 5.04, 5.14, 4.83, 4.76, 4.87, 4.14, 3.68, 3.59, 3.42, 3.18, 2.92, 2.9, 2.85, 3.37, 3.03, 2.87, 2.91, 2.67, 2.67, 2.47, 2.18], [3.91, 2.66, 2.12, 2.01, 1.97, 1.86, 1.67, 2.41, 3.04, 2.74, 1.75, 1.72, 2.19, 2.18, 2.46, 2.84, 2.95, 1.79, 1.58, 1.34, 1.48, 1.54, 1.47, 1.99, 2.17, 2.99, 3.78, 3.87, 3.79, 2.71, 2.26, 1.89, 1.67, 1.22, 1.27, 0.9, 0.57, 0, 0.8, 0.97, 1.17, 1.17, 1.4, 1.42, 2.2, 2.44, 2.87, 3.29, 4.08, 4.73, 4.75, 5.63, 5.58, 5.88, 5.89, 5.9, 5.38, 5.39, 5.32, 4.559, 3.21, 3.24, 3.93, 4.02, 4.77, 5.03, 4.95, 4.6, 4.35, 4.44, 3.81, 3.45, 3.4, 3.21, 2.95, 2.69, 2.67, 2.78, 3.36, 2.96, 2.76, 2.84, 2.6, 2.64, 2.38, 1.99], [4.17, 2.6, 1.98, 1.99, 1.99, 1.8, 1.63, 2.13, 2.78, 2.66, 1.81, 1.66, 2.15, 2.16, 2.44, 2.86, 3.03, 1.83, 1.54, 1.56, 1.64, 1.74, 1.65, 2.11, 2.09, 2.89, 3.7, 3.85, 3.73, 2.63, 2.22, 1.91, 1.65, 1.36, 1.29, 0.82, 0.97, 0.8, 0, 0.73, 1.27, 1.27, 1.34, 1.34, 2.2, 2.66, 2.85, 3.19, 3.96, 4.53, 4.55, 5.51, 5.68, 5.84, 5.69, 5.72, 5.22, 5.25, 5.26, 4.479, 3.11, 3.38, 4.09, 4.16, 4.65, 5.05, 4.89, 4.6, 4.27, 4.46, 3.83, 3.47, 3.38, 3.13, 2.87, 2.65, 2.59, 2.78, 3.42, 3.08, 2.84, 2.74, 2.62, 2.68, 2.58, 1.99], [4.18, 2.45, 1.97, 2.0, 2.0, 1.71, 1.52, 2.02, 2.85, 2.85, 1.9, 1.71, 2.14, 2.23, 2.53, 2.91, 2.96, 1.84, 1.57, 1.53, 1.71, 1.75, 1.66, 2.14, 2.26, 3.08, 3.81, 3.846, 3.897, 2.82, 2.39, 2.0, 1.6, 1.47, 1.6, 1.01, 1.02, 0.97, 0.73, 0, 0.92, 1.2, 1.47, 1.47, 2.321, 2.69, 2.88, 3.354, 4.19, 4.62, 4.66, 5.56, 5.71, 5.93, 5.8, 5.89, 5.47, 5.46, 5.37, 4.6, 3.24, 3.25, 4.0, 4.25, 4.7, 4.82, 4.84, 4.49, 4.12, 4.25, 3.8, 3.5, 3.35, 3.0, 2.64, 2.5, 2.44, 2.51, 3.15, 2.79, 2.55, 2.49, 2.39, 2.53, 2.45, 1.8], [3.92, 2.29, 2.07, 1.8, 1.82, 1.81, 1.64, 2.04, 2.89, 3.01, 1.68, 1.59, 2.14, 2.29, 2.71, 3.07, 2.94, 1.94, 1.77, 1.55, 1.59, 1.61, 1.66, 2.28, 2.46, 3.36, 4.01, 4.06, 4.111, 2.9, 2.37, 1.88, 1.26, 1.35, 1.94, 1.53, 1.34, 1.17, 1.27, 0.92, 0, 0.72, 1.33, 1.49, 2.51, 2.69, 2.82, 3.56, 4.37, 4.76, 4.86, 5.58, 5.41, 5.71, 5.7, 5.87, 5.53, 5.52, 5.51, 4.78, 3.42, 3.37, 3.82, 4.27, 4.72, 4.22, 4.2, 3.75, 3.8, 3.95, 3.32, 2.92, 2.73, 2.34, 2.04, 1.88, 1.86, 1.95, 2.75, 2.25, 2.07, 2.25, 2.15, 1.97, 1.89, 1.36], [3.78, 2.31, 2.01, 1.74, 1.88, 1.91, 1.74, 2.18, 3.03, 2.89, 1.38, 1.33, 1.9, 2.11, 2.63, 2.99, 2.86, 1.8, 1.67, 1.45, 1.51, 1.57, 1.54, 2.08, 2.28, 3.2, 3.89, 3.92, 4.04, 2.88, 2.41, 1.94, 1.32, 1.37, 1.74, 1.43, 1.3, 1.17, 1.27, 1.2, 0.72, 0, 1.17, 1.41, 2.355, 2.55, 2.8, 3.48, 4.33, 4.88, 4.98, 5.58, 5.53, 5.89, 5.84, 5.91, 5.49, 5.4, 5.37, 4.637, 3.32, 3.31, 3.78, 4.19, 4.74, 4.4, 4.18, 3.63, 3.82, 4.01, 3.16, 2.82, 2.71, 2.36, 2.1, 1.92, 1.88, 2.19, 2.99, 2.55, 2.49, 2.51, 2.41, 2.17, 2.09, 1.56], [3.83, 2.42, 1.78, 1.57, 1.85, 1.94, 1.83, 2.05, 2.96, 2.8, 1.53, 1.68, 2.07, 2.08, 2.44, 2.74, 2.85, 1.79, 1.62, 1.62, 1.44, 1.62, 1.59, 1.97, 2.09, 2.97, 3.94, 3.95, 3.85, 2.71, 2.24, 1.83, 1.57, 1.66, 1.69, 1.54, 1.51, 1.4, 1.34, 1.47, 1.33, 1.17, 0, 1.2, 2.2, 2.42, 2.73, 3.31, 4.16, 4.87, 4.93, 5.57, 5.48, 5.7, 5.67, 5.68, 5.26, 5.33, 5.38, 4.67, 3.35, 3.38, 4.03, 4.04, 4.73, 4.77, 4.31, 4.12, 4.57, 4.74, 3.83, 3.15, 2.94, 2.75, 2.57, 2.45, 2.29, 2.6, 3.32, 3.06, 2.98, 2.72, 2.66, 2.56, 2.42, 2.19], [3.45, 2.26, 1.62, 1.49, 1.61, 1.5, 1.49, 1.83, 2.46, 2.34, 1.43, 1.56, 1.69, 1.56, 1.94, 2.38, 2.45, 1.57, 1.46, 1.4, 1.26, 1.66, 1.55, 1.53, 1.53, 2.49, 3.4, 3.39, 3.33, 2.23, 1.66, 1.43, 1.37, 1.68, 1.65, 1.58, 1.49, 1.42, 1.34, 1.47, 1.49, 1.41, 1.2, 0, 1.74, 1.98, 2.37, 2.75, 3.58, 4.31, 4.35, 5.03, 5.06, 5.28, 5.23, 5.16, 4.7, 4.73, 4.86, 4.09, 2.75, 2.92, 3.65, 3.64, 4.11, 4.51, 4.39, 4.06, 4.63, 4.86, 3.79, 3.09, 2.88, 2.71, 2.63, 2.49, 2.41, 2.38, 2.88, 2.92, 3.0, 2.68, 2.44, 2.48, 2.54, 2.33], [2.77, 2.06, 1.82, 1.93, 1.73, 1.62, 1.71, 1.77, 1.94, 1.22, 1.45, 1.54, 1.23, 1.18, 1.32, 1.5, 1.87, 1.21, 1.5, 1.78, 1.78, 1.88, 1.55, 1.11, 1.21, 1.59, 2.08, 2.03, 2.03, 1.41, 1.42, 1.59, 1.91, 2.54, 2.956, 2.18, 1.95, 2.2, 2.2, 2.321, 2.51, 2.355, 2.2, 1.74, 0, 1.08, 1.71, 1.55, 2.54, 3.31, 3.49, 4.33, 4.56, 4.76, 4.67, 4.62, 4.12, 3.97, 3.7, 2.71, 1.63, 1.9, 2.77, 2.66, 3.45, 4.13, 4.23, 4.2, 4.85, 5.08, 3.99, 3.31, 3.06, 2.97, 2.85, 2.79, 2.75, 2.36, 2.66, 2.88, 3.16, 2.76, 2.38, 2.4, 2.64, 2.69], [2.07, 1.8, 1.72, 1.81, 1.77, 1.8, 1.97, 1.97, 1.98, 1.42, 1.57, 1.84, 1.73, 1.82, 1.94, 2.06, 2.13, 1.75, 1.98, 1.88, 1.86, 2.18, 1.77, 1.33, 1.19, 1.71, 2.26, 1.91, 1.75, 1.07, 1.26, 1.43, 1.99, 2.674, 3.25, 2.7, 2.39, 2.44, 2.66, 2.69, 2.69, 2.55, 2.42, 1.98, 1.08, 0, 1.09, 1.41, 2.08, 2.89, 2.99, 3.77, 3.8, 4.1, 4.09, 3.98, 3.48, 3.39, 3.24, 2.45, 1.39, 1.58, 2.11, 2.12, 2.83, 3.27, 3.37, 3.68, 4.37, 4.7, 3.47, 2.77, 2.54, 2.47, 2.45, 2.71, 2.59, 2.12, 2.28, 2.64, 2.96, 2.6, 2.28, 2.24, 2.6, 2.61], [1.66, 1.73, 1.83, 1.72, 1.5, 1.65, 1.9, 1.76, 1.49, 1.41, 2.22, 2.19, 2.44, 2.63, 2.73, 2.67, 2.8, 2.54, 2.67, 2.53, 2.39, 2.53, 2.3, 2.02, 1.54, 1.6, 2.03, 1.68, 1.52, 0.82, 1.17, 1.56, 2.08, 2.753, 3.618, 2.99, 2.775, 2.87, 2.85, 2.88, 2.82, 2.8, 2.73, 2.37, 1.71, 1.09, 0, 1.14, 1.81, 2.36, 2.38, 3.04, 3.09, 3.25, 3.16, 3.25, 2.85, 2.86, 2.93, 2.2, 1.22, 1.21, 1.6, 1.87, 2.26, 2.98, 3.34, 3.69, 4.46, 4.83, 3.52, 2.88, 2.59, 2.54, 2.62, 2.86, 2.78, 2.17, 2.05, 2.61, 3.05, 2.63, 2.27, 2.27, 2.89, 2.86], [2.08, 2.19, 2.21, 2.36, 2.24, 2.17, 2.391, 2.38, 1.61, 1.19, 2.42, 2.51, 2.32, 2.35, 2.43, 2.35, 2.52, 2.44, 2.61, 2.91, 2.87, 3.01, 2.66, 2.06, 1.58, 1.1, 1.55, 1.4, 1.2, 1.02, 1.75, 2.2, 2.82, 3.57, 4.023, 3.23, 3.02, 3.29, 3.19, 3.354, 3.56, 3.48, 3.31, 2.75, 1.55, 1.41, 1.14, 0, 1.21, 2.08, 2.26, 3.14, 3.63, 3.73, 3.54, 3.43, 3.01, 2.72, 2.65, 1.54, 1.02, 1.31, 2.06, 1.87, 2.42, 3.52, 3.94, 4.33, 5.18, 5.71, 4.24, 3.44, 3.25, 3.26, 3.42, 3.66, 3.54, 2.93, 2.69, 3.35, 3.89, 3.47, 3.03, 3.05, 3.55, 3.58], [1.91, 2.46, 2.76, 3.01, 2.961, 2.914, 3.098, 3.072, 1.98, 1.76, 3.25, 3.32, 3.27, 3.34, 3.4, 3.32, 3.47, 3.43, 3.44, 3.76, 3.72, 3.9, 3.57, 2.97, 2.43, 1.55, 1.88, 1.61, 1.11, 1.71, 2.46, 2.95, 3.63, 4.36, 4.81, 4.06, 3.83, 4.08, 3.96, 4.19, 4.37, 4.33, 4.16, 3.58, 2.54, 2.08, 1.81, 1.21, 0, 1.23, 1.61, 2.43, 3.12, 3.16, 2.83, 2.64, 2.38, 2.17, 2.2, 1.33, 1.47, 1.44, 1.69, 1.58, 2.03, 3.43, 4.25, 4.86, 5.77, 6.28, 4.81, 3.97, 3.78, 3.87, 4.07, 4.37, 4.21, 3.52, 3.1, 3.9, 4.48, 4.08, 3.62, 3.68, 4.22, 4.23], [2.44, 3.01, 3.33, 3.62, 3.3, 3.222, 3.352, 3.18, 2.39, 2.41, 4.04, 3.91, 4.04, 4.21, 4.23, 4.19, 4.3, 4.28, 4.27, 4.63, 4.49, 4.77, 4.44, 3.82, 3.34, 2.42, 2.05, 1.92, 1.74, 2.36, 2.91, 3.44, 4.12, 4.89, 5.46, 4.77, 4.54, 4.73, 4.53, 4.62, 4.76, 4.88, 4.87, 4.31, 3.31, 2.89, 2.36, 2.08, 1.23, 0, 1.08, 1.8, 2.51, 2.43, 2.12, 2.05, 1.91, 1.92, 1.93, 1.52, 1.94, 1.97, 2.08, 1.91, 1.38, 2.72, 3.52, 4.45, 5.6, 6.13, 5.0, 3.92, 3.87, 3.84, 4.16, 4.44, 4.26, 3.55, 2.93, 3.69, 4.29, 3.97, 3.45, 3.57, 4.55, 4.52], [2.1, 2.95, 3.51, 3.76, 3.54, 3.47, 3.64, 3.54, 2.69, 2.63, 4.1, 4.05, 4.24, 4.39, 4.41, 4.43, 4.46, 4.34, 4.41, 4.63, 4.55, 4.79, 4.38, 3.86, 3.4, 2.72, 2.15, 1.86, 1.72, 2.32, 3.03, 3.52, 4.14, 4.95, 5.54, 4.79, 4.58, 4.75, 4.55, 4.66, 4.86, 4.98, 4.93, 4.35, 3.49, 2.99, 2.38, 2.26, 1.61, 1.08, 0, 1.24, 1.85, 1.95, 1.58, 1.63, 1.33, 1.36, 1.47, 1.38, 2.04, 1.99, 1.78, 1.47, 1.04, 2.32, 3.6, 4.57, 5.74, 6.41, 5.12, 4.06, 3.97, 4.06, 4.42, 4.76, 4.62, 3.87, 3.29, 3.99, 4.55, 4.23, 3.79, 3.95, 4.73, 4.62], [2.54, 3.81, 4.308, 4.32, 4.16, 4.19, 4.44, 4.14, 3.25, 3.51, 4.96, 4.95, 5.14, 5.37, 5.37, 5.35, 5.46, 5.3, 5.35, 5.37, 5.11, 5.35, 5.14, 4.78, 4.2, 3.64, 3.01, 2.66, 2.66, 3.18, 3.73, 4.2, 4.74, 5.55, 6.18, 5.57, 5.52, 5.63, 5.51, 5.56, 5.58, 5.58, 5.57, 5.03, 4.33, 3.77, 3.04, 3.14, 2.43, 1.8, 1.24, 0, 1.15, 1.37, 1.0, 0.95, 0.91, 1.06, 1.35, 2.02, 2.88, 2.83, 2.16, 1.99, 1.2, 2.46, 3.94, 4.65, 6.18, 6.91, 5.58, 4.48, 4.27, 4.54, 4.92, 5.28, 5.16, 4.41, 3.77, 4.43, 5.05, 4.73, 4.27, 4.41, 5.15, 5.16], [2.35, 3.68, 4.28, 4.19, 3.91, 4.2, 4.43, 4.29, 3.76, 3.9, 4.93, 4.96, 5.25, 5.46, 5.5, 5.46, 5.47, 5.37, 5.5, 5.28, 5.02, 5.14, 5.07, 4.81, 4.37, 4.13, 3.5, 3.05, 3.03, 3.45, 3.7, 4.03, 4.77, 5.26, 6.21, 5.88, 5.57, 5.58, 5.68, 5.71, 5.41, 5.53, 5.48, 5.06, 4.56, 3.8, 3.09, 3.63, 3.12, 2.51, 1.85, 1.15, 0, 0.88, 0.95, 1.14, 1.2, 1.37, 1.78, 2.67, 3.37, 2.96, 2.23, 2.2, 1.53, 2.31, 3.71, 4.56, 6.01, 6.68, 5.37, 4.15, 4.06, 4.31, 4.71, 5.05, 4.93, 4.16, 3.6, 4.22, 4.82, 4.54, 4.14, 4.18, 4.92, 4.99], [2.69, 3.98, 4.561, 4.488, 4.13, 4.42, 4.65, 4.27, 3.86, 4.08, 5.23, 5.28, 5.51, 5.72, 5.74, 5.7, 5.77, 5.63, 5.72, 5.58, 5.28, 5.38, 5.35, 5.07, 4.55, 4.21, 3.66, 3.25, 3.11, 3.55, 3.8, 4.25, 4.89, 5.48, 6.45, 6.04, 5.87, 5.88, 5.84, 5.93, 5.71, 5.89, 5.7, 5.28, 4.76, 4.1, 3.25, 3.73, 3.16, 2.43, 1.95, 1.37, 0.88, 0, 0.79, 1.06, 1.04, 1.37, 1.8, 2.79, 3.53, 3.24, 2.47, 2.26, 1.71, 2.65, 3.83, 4.78, 6.11, 6.66, 5.39, 4.21, 4.06, 4.27, 4.69, 4.99, 4.91, 4.08, 3.62, 4.06, 4.66, 4.38, 4.12, 4.18, 4.92, 5.37], [2.7, 3.908, 4.508, 4.473, 4.19, 4.33, 4.6, 4.28, 3.59, 3.89, 5.24, 5.19, 5.42, 5.65, 5.65, 5.65, 5.74, 5.58, 5.65, 5.61, 5.29, 5.47, 5.34, 5.06, 4.48, 4.0, 3.39, 3.06, 2.9, 3.42, 3.77, 4.22, 4.76, 5.55, 6.42, 5.89, 5.8, 5.89, 5.69, 5.8, 5.7, 5.84, 5.67, 5.23, 4.67, 4.09, 3.16, 3.54, 2.83, 2.12, 1.58, 1.0, 0.95, 0.79, 0, 0.71, 0.83, 1.08, 1.57, 2.48, 3.28, 3.11, 2.32, 2.27, 1.52, 2.74, 4.1, 4.83, 6.24, 6.87, 5.5, 4.48, 4.33, 4.46, 4.84, 5.18, 5.12, 4.31, 3.75, 4.39, 4.97, 4.63, 4.27, 4.37, 5.13, 5.34], [2.75, 3.941, 4.481, 4.517, 4.374, 4.5, 4.75, 4.45, 3.68, 3.84, 5.15, 5.2, 5.35, 5.58, 5.58, 5.58, 5.63, 5.49, 5.58, 5.54, 5.2, 5.48, 5.31, 4.99, 4.41, 3.87, 3.4, 3.03, 2.81, 3.39, 3.82, 4.27, 4.93, 5.72, 6.35, 5.9, 5.79, 5.9, 5.72, 5.89, 5.87, 5.91, 5.68, 5.16, 4.62, 3.98, 3.25, 3.43, 2.64, 2.05, 1.63, 0.95, 1.14, 1.06, 0.71, 0, 0.68, 1.09, 1.52, 2.37, 3.21, 3.08, 2.41, 2.2, 1.57, 2.89, 4.25, 5.06, 6.47, 7.14, 5.77, 4.53, 4.5, 4.73, 5.11, 5.49, 5.35, 4.62, 4.0, 4.68, 5.28, 4.96, 4.46, 4.64, 5.22, 5.45], [2.27, 3.581, 4.081, 4.157, 4.014, 4.08, 4.31, 4.086, 3.3, 3.34, 4.67, 4.74, 4.87, 5.04, 5.04, 5.08, 5.07, 4.95, 5.06, 5.08, 4.74, 5.08, 4.85, 4.45, 3.93, 3.49, 2.94, 2.55, 2.35, 2.93, 3.34, 3.83, 4.49, 5.28, 5.87, 5.36, 5.27, 5.38, 5.22, 5.47, 5.53, 5.49, 5.26, 4.7, 4.12, 3.48, 2.85, 3.01, 2.38, 1.91, 1.33, 0.91, 1.2, 1.04, 0.83, 0.68, 0, 0.77, 1.2, 2.01, 2.83, 2.68, 2.09, 1.78, 1.21, 2.71, 4.11, 4.94, 6.25, 6.86, 5.47, 4.33, 4.26, 4.47, 4.85, 5.19, 5.05, 4.3, 3.72, 4.48, 5.06, 4.74, 4.26, 4.34, 4.92, 5.11], [2.3, 3.56, 4.023, 4.164, 4.061, 4.11, 4.32, 4.134, 3.09, 3.13, 4.66, 4.69, 4.76, 4.93, 4.97, 4.91, 5.04, 4.96, 4.97, 5.07, 4.89, 5.09, 4.86, 4.46, 3.84, 3.22, 2.71, 2.34, 2.3, 2.92, 3.53, 4.06, 4.64, 5.43, 5.94, 5.23, 5.22, 5.39, 5.25, 5.46, 5.52, 5.4, 5.33, 4.73, 3.97, 3.39, 2.86, 2.72, 2.17, 1.92, 1.36, 1.06, 1.37, 1.37, 1.08, 1.09, 0.77, 0, 0.77, 1.66, 2.56, 2.59, 1.96, 1.69, 1.24, 2.72, 4.18, 5.11, 6.32, 6.99, 5.56, 4.5, 4.35, 4.58, 4.96, 5.3, 5.16, 4.41, 3.85, 4.55, 5.17, 4.83, 4.35, 4.41, 5.03, 5.06], [2.15, 3.507, 3.975, 4.227, 4.159, 4.18, 4.33, 4.159, 3.22, 2.96, 4.55, 4.58, 4.53, 4.72, 4.7, 4.66, 4.77, 4.65, 4.82, 4.92, 4.9, 4.96, 4.67, 4.19, 3.71, 3.17, 2.44, 1.97, 2.21, 2.89, 3.72, 4.23, 4.77, 5.546, 6.09, 5.22, 5.07, 5.32, 5.26, 5.37, 5.51, 5.37, 5.38, 4.86, 3.7, 3.24, 2.93, 2.65, 2.2, 1.93, 1.47, 1.35, 1.78, 1.8, 1.57, 1.52, 1.2, 0.77, 0, 1.45, 2.37, 2.34, 1.85, 1.56, 1.41, 2.73, 4.15, 5.1, 6.29, 7.06, 5.65, 4.55, 4.42, 4.59, 5.01, 5.33, 5.17, 4.46, 3.88, 4.52, 5.14, 4.82, 4.34, 4.4, 5.04, 5.11], [1.64, 2.73, 3.23, 3.557, 3.472, 3.387, 3.517, 3.472, 2.27, 1.99, 3.74, 3.75, 3.56, 3.65, 3.63, 3.55, 3.7, 3.7, 3.81, 4.11, 4.13, 4.19, 3.84, 3.26, 2.9, 2.0, 1.53, 1.12, 1.24, 2.16, 3.01, 3.5, 4.04, 4.819, 5.314, 4.379, 4.24, 4.559, 4.479, 4.6, 4.78, 4.637, 4.67, 4.09, 2.71, 2.45, 2.2, 1.54, 1.33, 1.52, 1.38, 2.02, 2.67, 2.79, 2.48, 2.37, 2.01, 1.66, 1.45, 0, 1.46, 1.71, 1.54, 1.41, 1.46, 2.74, 3.98, 4.83, 5.76, 6.35, 4.98, 4.1, 3.83, 3.92, 4.3, 4.66, 4.54, 3.79, 3.17, 3.91, 4.51, 4.19, 3.71, 3.77, 4.35, 4.38], [1.98, 1.99, 2.05, 2.28, 2.112, 2.059, 2.2, 2.112, 1.55, 1.05, 2.44, 2.41, 2.44, 2.61, 2.65, 2.59, 2.8, 2.6, 2.69, 2.97, 2.93, 3.07, 2.74, 2.16, 1.7, 1.24, 1.57, 1.3, 1.32, 1.1, 1.81, 2.24, 2.68, 3.47, 4.003, 3.13, 2.94, 3.21, 3.11, 3.24, 3.42, 3.32, 3.35, 2.75, 1.63, 1.39, 1.22, 1.02, 1.47, 1.94, 2.04, 2.88, 3.37, 3.53, 3.28, 3.21, 2.83, 2.56, 2.37, 1.46, 0, 0.91, 1.66, 1.59, 2.06, 2.98, 3.48, 4.01, 4.82, 5.23, 3.94, 3.3, 2.97, 2.82, 2.98, 3.26, 3.12, 2.47, 2.19, 2.79, 3.31, 2.89, 2.41, 2.45, 3.03, 3.1], [1.69, 1.92, 2.04, 2.27, 2.13, 2.12, 2.25, 2.21, 1.9, 1.28, 2.53, 2.44, 2.57, 2.82, 2.86, 2.84, 2.87, 2.71, 2.94, 3.02, 3.0, 3.1, 2.75, 2.33, 2.01, 1.63, 1.88, 1.29, 1.23, 1.39, 1.94, 2.29, 2.73, 3.46, 4.17, 3.52, 3.03, 3.24, 3.38, 3.25, 3.37, 3.31, 3.38, 2.92, 1.9, 1.58, 1.21, 1.31, 1.44, 1.97, 1.99, 2.83, 2.96, 3.24, 3.11, 3.08, 2.68, 2.59, 2.34, 1.71, 0.91, 0, 1.25, 1.34, 1.91, 2.95, 3.59, 4.1, 4.93, 5.3, 4.03, 3.41, 3.1, 2.93, 3.01, 3.25, 3.11, 2.5, 2.08, 2.82, 3.38, 2.92, 2.48, 2.52, 3.1, 3.15], [1.24, 2.15, 2.754, 2.798, 2.675, 2.81, 2.94, 2.9, 2.21, 2.03, 3.28, 3.27, 3.46, 3.73, 3.77, 3.69, 3.74, 3.6, 3.79, 3.63, 3.61, 3.61, 3.34, 3.1, 2.64, 2.28, 2.03, 1.4, 1.38, 1.96, 2.55, 2.92, 3.34, 3.89, 4.9, 4.17, 3.84, 3.93, 4.09, 4.0, 3.82, 3.78, 4.03, 3.65, 2.77, 2.11, 1.6, 2.06, 1.69, 2.08, 1.78, 2.16, 2.23, 2.47, 2.32, 2.41, 2.09, 1.96, 1.85, 1.54, 1.66, 1.25, 0, 1.09, 1.56, 2.44, 3.82, 4.59, 5.46, 5.83, 4.52, 3.88, 3.59, 3.44, 3.52, 3.76, 3.66, 2.99, 2.65, 3.37, 3.93, 3.53, 3.13, 3.11, 3.71, 3.66], [1.51, 2.38, 2.744, 2.956, 2.913, 2.98, 3.15, 3.168, 2.42, 1.98, 3.27, 3.4, 3.45, 3.58, 3.64, 3.56, 3.63, 3.49, 3.62, 3.58, 3.58, 3.72, 3.39, 2.95, 2.55, 2.13, 1.92, 1.45, 1.29, 1.91, 2.58, 3.01, 3.59, 4.28, 4.908, 4.22, 3.91, 4.02, 4.16, 4.25, 4.27, 4.19, 4.04, 3.64, 2.66, 2.12, 1.87, 1.87, 1.58, 1.91, 1.47, 1.99, 2.2, 2.26, 2.27, 2.2, 1.78, 1.69, 1.56, 1.41, 1.59, 1.34, 1.09, 0, 1.29, 2.69, 3.85, 4.78, 5.79, 6.18, 4.83, 3.91, 3.82, 3.79, 3.93, 4.21, 4.11, 3.46, 3.0, 3.8, 4.34, 3.9, 3.4, 3.46, 3.88, 3.97], [1.94, 2.937, 3.343, 3.541, 3.354, 3.25, 3.52, 3.354, 2.53, 2.69, 4.08, 4.03, 4.24, 4.41, 4.49, 4.41, 4.52, 4.4, 4.41, 4.53, 4.33, 4.63, 4.34, 3.9, 3.3, 2.96, 2.25, 1.76, 1.94, 2.42, 2.85, 3.36, 3.98, 4.765, 5.398, 4.77, 4.66, 4.77, 4.65, 4.7, 4.72, 4.74, 4.73, 4.11, 3.45, 2.83, 2.26, 2.42, 2.03, 1.38, 1.04, 1.2, 1.53, 1.71, 1.52, 1.57, 1.21, 1.24, 1.41, 1.46, 2.06, 1.91, 1.56, 1.29, 0, 2.04, 3.46, 4.27, 5.44, 6.09, 4.76, 3.74, 3.67, 3.68, 4.1, 4.46, 4.36, 3.61, 2.95, 3.63, 4.23, 3.91, 3.45, 3.55, 4.31, 4.34], [2.46, 2.71, 3.458, 3.396, 3.4, 3.81, 4.02, 3.48, 3.27, 3.63, 4.06, 3.99, 4.2, 4.69, 4.99, 4.95, 4.52, 4.62, 4.73, 4.59, 4.49, 4.57, 4.4, 4.22, 3.98, 4.04, 3.21, 2.9, 3.18, 3.06, 3.37, 3.56, 3.8, 4.37, 5.7, 5.37, 5.04, 5.03, 5.05, 4.82, 4.22, 4.4, 4.77, 4.51, 4.13, 3.27, 2.98, 3.52, 3.43, 2.72, 2.32, 2.46, 2.31, 2.65, 2.74, 2.89, 2.71, 2.72, 2.73, 2.74, 2.98, 2.95, 2.44, 2.69, 2.04, 0, 1.64, 2.59, 3.94, 4.75, 3.4, 2.88, 2.77, 2.72, 3.16, 3.64, 3.4, 2.91, 2.75, 2.91, 3.29, 3.41, 3.33, 2.93, 3.39, 3.58], [3.62, 3.53, 3.83, 3.68, 3.6, 4.03, 4.22, 3.48, 3.97, 4.17, 3.68, 3.65, 4.0, 4.65, 4.97, 5.15, 4.84, 4.54, 4.85, 4.63, 4.49, 4.65, 4.5, 4.38, 4.22, 4.5, 4.23, 3.94, 4.06, 3.44, 3.45, 3.52, 3.76, 4.23, 5.5, 5.39, 5.14, 4.95, 4.89, 4.84, 4.2, 4.18, 4.31, 4.39, 4.23, 3.37, 3.34, 3.94, 4.25, 3.52, 3.6, 3.94, 3.71, 3.83, 4.1, 4.25, 4.11, 4.18, 4.15, 3.98, 3.48, 3.59, 3.82, 3.85, 3.46, 1.64, 0, 1.49, 2.74, 3.47, 2.42, 2.04, 1.99, 2.16, 2.56, 2.76, 2.78, 2.85, 3.13, 2.97, 3.13, 3.15, 3.39, 2.85, 3.29, 3.44], [4.47, 4.24, 4.36, 4.01, 3.79, 3.94, 4.11, 3.81, 4.46, 4.72, 3.37, 3.28, 3.87, 4.46, 4.98, 5.26, 5.13, 4.49, 4.68, 4.44, 4.22, 4.38, 4.35, 4.35, 4.25, 5.07, 5.0, 4.67, 4.79, 3.81, 3.3, 3.19, 3.27, 3.84, 4.97, 4.92, 4.83, 4.6, 4.6, 4.49, 3.75, 3.63, 4.12, 4.06, 4.2, 3.68, 3.69, 4.33, 4.86, 4.45, 4.57, 4.65, 4.56, 4.78, 4.83, 5.06, 4.94, 5.11, 5.1, 4.83, 4.01, 4.1, 4.59, 4.78, 4.27, 2.59, 1.49, 0, 1.91, 2.72, 1.59, 1.59, 1.56, 1.69, 2.11, 2.27, 2.51, 2.7, 3.16, 2.86, 2.94, 2.98, 3.26, 2.86, 3.02, 3.03], [5.38, 4.97, 5.07, 4.76, 4.46, 4.47, 4.58, 4.4, 5.13, 5.47, 3.9, 3.77, 4.48, 5.03, 5.61, 5.89, 5.76, 4.92, 4.89, 4.51, 4.43, 4.45, 4.52, 4.94, 4.96, 5.88, 5.97, 5.6, 5.66, 4.58, 3.99, 3.64, 3.62, 3.55, 4.2, 4.57, 4.76, 4.35, 4.27, 4.12, 3.8, 3.82, 4.57, 4.63, 4.85, 4.37, 4.46, 5.18, 5.77, 5.6, 5.74, 6.18, 6.01, 6.11, 6.24, 6.47, 6.25, 6.32, 6.29, 5.76, 4.82, 4.93, 5.46, 5.79, 5.44, 3.94, 2.74, 1.91, 0, 1.15, 1.2, 2.34, 2.35, 2.22, 2.36, 2.44, 2.76, 3.09, 3.59, 2.99, 2.75, 3.03, 3.37, 3.09, 3.05, 2.84], [5.85, 5.18, 5.38, 5.01, 4.65, 4.68, 4.75, 4.63, 5.5, 5.76, 4.11, 4.02, 4.69, 5.22, 5.8, 6.08, 5.95, 5.11, 5.08, 4.7, 4.6, 4.62, 4.71, 5.23, 5.29, 6.19, 6.58, 6.17, 6.07, 5.03, 4.34, 3.97, 3.79, 3.64, 4.13, 4.7, 4.87, 4.44, 4.46, 4.25, 3.95, 4.01, 4.74, 4.86, 5.08, 4.7, 4.83, 5.71, 6.28, 6.13, 6.41, 6.91, 6.68, 6.66, 6.87, 7.14, 6.86, 6.99, 7.06, 6.35, 5.23, 5.3, 5.83, 6.18, 6.09, 4.75, 3.47, 2.72, 1.15, 0, 1.83, 2.89, 2.92, 2.69, 2.63, 2.59, 2.95, 3.22, 3.82, 3.28, 2.92, 3.3, 3.58, 3.24, 3.2, 3.01], [4.42, 4.03, 4.21, 3.8, 3.62, 3.71, 3.9, 3.74, 4.43, 4.55, 2.98, 2.87, 3.58, 4.17, 4.73, 5.05, 4.9, 4.2, 4.21, 3.81, 3.73, 3.77, 3.76, 4.12, 4.0, 4.9, 5.13, 4.72, 4.68, 3.64, 3.13, 2.9, 2.88, 3.05, 3.96, 4.07, 4.14, 3.81, 3.83, 3.8, 3.32, 3.16, 3.83, 3.79, 3.99, 3.47, 3.52, 4.24, 4.81, 5.0, 5.12, 5.58, 5.37, 5.39, 5.5, 5.77, 5.47, 5.56, 5.65, 4.98, 3.94, 4.03, 4.52, 4.83, 4.76, 3.4, 2.42, 1.59, 1.2, 1.83, 0, 1.56, 1.57, 1.58, 1.8, 1.86, 2.2, 2.49, 3.07, 2.73, 2.59, 2.75, 3.03, 2.69, 2.59, 2.46], [3.66, 3.33, 3.53, 3.14, 2.96, 3.07, 3.3, 3.1, 3.83, 3.91, 2.32, 2.35, 2.86, 3.49, 4.01, 4.33, 4.18, 3.56, 3.61, 3.31, 3.15, 3.23, 3.22, 3.42, 3.28, 4.14, 4.33, 4.0, 3.86, 2.94, 2.35, 2.24, 2.5, 2.79, 3.82, 3.83, 3.68, 3.45, 3.47, 3.5, 2.92, 2.82, 3.15, 3.09, 3.31, 2.77, 2.88, 3.44, 3.97, 3.92, 4.06, 4.48, 4.15, 4.21, 4.48, 4.53, 4.33, 4.5, 4.55, 4.1, 3.3, 3.41, 3.88, 3.91, 3.74, 2.88, 2.04, 1.59, 2.34, 2.89, 1.56, 0, 0.79, 1.16, 1.44, 1.52, 1.86, 1.99, 2.39, 2.19, 2.21, 2.39, 2.33, 2.23, 2.29, 2.26], [3.49, 3.2, 3.32, 2.91, 2.67, 2.8, 3.07, 2.83, 3.56, 3.6, 2.19, 2.18, 2.69, 3.28, 3.8, 4.06, 3.97, 3.37, 3.44, 3.24, 3.0, 3.1, 3.09, 3.17, 3.03, 3.89, 4.1, 3.77, 3.65, 2.65, 2.18, 2.03, 2.09, 2.64, 3.85, 3.76, 3.59, 3.4, 3.38, 3.35, 2.73, 2.71, 2.94, 2.88, 3.06, 2.54, 2.59, 3.25, 3.78, 3.87, 3.97, 4.27, 4.06, 4.06, 4.33, 4.5, 4.26, 4.35, 4.42, 3.83, 2.97, 3.1, 3.59, 3.82, 3.67, 2.77, 1.99, 1.56, 2.35, 2.92, 1.57, 0.79, 0, 0.83, 1.31, 1.43, 1.73, 1.78, 2.28, 1.96, 2.06, 2.0, 2.2, 2.0, 2.06, 2.13], [3.44, 3.01, 3.09, 2.76, 2.46, 2.53, 2.68, 2.4, 3.19, 3.49, 2.02, 2.03, 2.56, 3.11, 3.65, 3.97, 3.84, 3.16, 3.27, 2.99, 2.81, 2.93, 2.92, 3.02, 2.98, 3.88, 4.09, 3.72, 3.72, 2.68, 2.03, 1.76, 1.86, 2.41, 3.72, 3.59, 3.42, 3.21, 3.13, 3.0, 2.34, 2.36, 2.75, 2.71, 2.97, 2.47, 2.54, 3.26, 3.87, 3.84, 4.06, 4.54, 4.31, 4.27, 4.46, 4.73, 4.47, 4.58, 4.59, 3.92, 2.82, 2.93, 3.44, 3.79, 3.68, 2.72, 2.16, 1.69, 2.22, 2.69, 1.58, 1.16, 0.83, 0, 0.76, 1.02, 1.16, 1.25, 1.79, 1.49, 1.53, 1.61, 1.73, 1.41, 1.61, 1.66], [3.56, 2.91, 3.01, 2.7, 2.32, 2.37, 2.48, 2.28, 3.13, 3.41, 1.9, 1.87, 2.44, 2.97, 3.55, 3.83, 3.7, 2.94, 3.03, 2.79, 2.59, 2.67, 2.66, 2.92, 2.98, 3.9, 4.21, 3.88, 3.86, 2.76, 2.05, 1.74, 1.7, 2.17, 3.42, 3.31, 3.18, 2.95, 2.87, 2.64, 2.04, 2.1, 2.57, 2.63, 2.85, 2.45, 2.62, 3.42, 4.07, 4.16, 4.42, 4.92, 4.71, 4.69, 4.84, 5.11, 4.85, 4.96, 5.01, 4.3, 2.98, 3.01, 3.52, 3.93, 4.1, 3.16, 2.56, 2.11, 2.36, 2.63, 1.8, 1.44, 1.31, 0.76, 0, 0.72, 0.74, 1.07, 1.77, 1.55, 1.59, 1.57, 1.53, 1.43, 1.61, 1.58], [3.86, 2.93, 2.99, 2.66, 2.36, 2.29, 2.38, 2.2, 3.07, 3.45, 1.84, 1.79, 2.4, 2.89, 3.47, 3.77, 3.62, 2.9, 2.93, 2.71, 2.51, 2.53, 2.62, 3.02, 3.12, 4.02, 4.41, 4.1, 4.16, 2.98, 2.25, 1.92, 1.58, 1.97, 3.12, 3.03, 2.92, 2.69, 2.65, 2.5, 1.88, 1.92, 2.45, 2.49, 2.79, 2.71, 2.86, 3.66, 4.37, 4.44, 4.76, 5.28, 5.05, 4.99, 5.18, 5.49, 5.19, 5.3, 5.33, 4.66, 3.26, 3.25, 3.76, 4.21, 4.46, 3.64, 2.76, 2.27, 2.44, 2.59, 1.86, 1.52, 1.43, 1.02, 0.72, 0, 0.8, 1.21, 2.03, 1.67, 1.65, 1.65, 1.69, 1.45, 1.67, 1.56], [3.74, 2.85, 2.87, 2.54, 2.26, 2.25, 2.24, 1.98, 3.03, 3.37, 1.86, 1.81, 2.28, 2.83, 3.25, 3.51, 3.38, 2.68, 2.85, 2.67, 2.47, 2.53, 2.56, 2.94, 3.1, 3.96, 4.33, 3.98, 4.06, 2.88, 2.17, 1.88, 1.58, 2.05, 3.2, 3.07, 2.9, 2.67, 2.59, 2.44, 1.86, 1.88, 2.29, 2.41, 2.75, 2.59, 2.78, 3.54, 4.21, 4.26, 4.62, 5.16, 4.93, 4.91, 5.12, 5.35, 5.05, 5.16, 5.17, 4.54, 3.12, 3.11, 3.66, 4.11, 4.36, 3.4, 2.78, 2.51, 2.76, 2.95, 2.2, 1.86, 1.73, 1.16, 0.74, 0.8, 0, 0.99, 1.75, 1.37, 1.37, 1.39, 1.29, 1.17, 1.39, 1.36], [3.13, 2.42, 2.36, 2.03, 1.75, 1.8, 1.87, 1.57, 2.56, 2.86, 2.05, 2.04, 2.33, 2.62, 3.1, 3.22, 3.13, 2.55, 2.56, 2.48, 2.24, 2.38, 2.25, 2.55, 2.63, 3.43, 3.74, 3.41, 3.41, 2.33, 1.74, 1.63, 1.55, 2.12, 3.35, 3.16, 2.85, 2.78, 2.78, 2.51, 1.95, 2.19, 2.6, 2.38, 2.36, 2.12, 2.17, 2.93, 3.52, 3.55, 3.87, 4.41, 4.16, 4.08, 4.31, 4.62, 4.3, 4.41, 4.46, 3.79, 2.47, 2.5, 2.99, 3.46, 3.61, 2.91, 2.85, 2.7, 3.09, 3.22, 2.49, 1.99, 1.78, 1.25, 1.07, 1.21, 0.99, 0, 1.04, 0.9, 1.08, 0.98, 0.94, 0.82, 1.34, 1.63], [2.71, 2.46, 2.6, 2.41, 1.89, 2.04, 2.07, 1.87, 2.36, 2.64, 2.71, 2.74, 3.09, 3.24, 3.46, 3.6, 3.45, 3.11, 3.22, 2.92, 2.68, 2.76, 2.75, 2.87, 2.79, 3.21, 3.34, 2.99, 2.95, 2.25, 1.94, 2.01, 2.25, 2.78, 3.97, 3.76, 3.37, 3.36, 3.42, 3.15, 2.75, 2.