[[0, 1.15, 1.66, 2.01, 1.56, 1.46, 1.69, 2.43, 2.64, 2.72, 3.02, 2.17, 1.46, 1.92, 1.55, 1.35, 1.4, 2.05, 3.152, 3.77, 4.28, 4.11, 3.55, 3.36, 3.12, 3.17, 3.0, 2.99, 2.79, 3.097, 2.91, 2.48, 2.15, 1.45, 1.56, 1.9, 2.1, 2.89, 4.81, 6.22, 7.01, 8.62, 11.303, 14.321, 16.007, 16.642, 16.426, 16.167, 16.643, 16.826, 16.139, 16.19, 16.521, 16.093, 15.156, 14.642, 14.88, 15.187, 15.532, 15.938, 17.738, 18.956, 18.509, 17.867, 17.645, 18.158, 18.664, 18.785, 18.609, 18.901, 18.522, 17.887, 16.95, 16.293, 15.139, 14.786, 12.493, 9.147, 7.776, 8.517, 8.407, 8.541, 8.15, 7.501, 7.78, 8.43], [1.15, 0, 0.73, 1.14, 1.11, 1.15, 1.4, 1.78, 1.93, 2.01, 2.19, 1.32, 1.35, 2.21, 2.14, 1.84, 1.87, 2.26, 3.905, 4.498, 4.95, 4.86, 4.298, 4.068, 3.728, 3.858, 3.688, 3.58, 3.478, 3.807, 3.62, 3.23, 2.82, 1.7, 1.49, 1.95, 2.51, 3.7, 5.62, 6.99, 7.8, 9.37, 12.076, 15.055, 16.74, 17.364, 17.153, 16.894, 17.362, 17.544, 16.866, 16.949, 17.271, 16.809, 15.931, 15.475, 15.739, 15.92, 16.328, 16.815, 18.539, 19.764, 19.314, 18.671, 18.415, 18.92, 19.44, 19.567, 19.385, 19.689, 19.29, 18.666, 17.738, 17.058, 15.872, 15.554, 13.272, 9.909, 8.497, 9.29, 9.137, 9.294, 8.94, 8.24, 8.53, 9.18], [1.66, 0.73, 0, 0.71, 1.04, 1.18, 1.33, 1.53, 1.5, 1.62, 1.72, 1.13, 1.8, 2.76, 2.65, 2.35, 2.378, 2.59, 4.415, 5.048, 5.52, 5.43, 4.848, 4.618, 4.278, 4.408, 4.238, 4.11, 4.045, 4.331, 4.17, 3.74, 3.33, 2.25, 1.86, 2.3, 2.94, 4.21, 6.13, 7.52, 8.29, 9.88, 12.544, 15.536, 17.239, 17.885, 17.657, 17.407, 17.874, 18.049, 17.37, 17.456, 17.787, 17.31, 16.43, 15.942, 16.24, 16.513, 16.878, 17.339, 18.975, 20.237, 19.839, 19.15, 18.914, 19.442, 19.941, 20.026, 19.913, 20.187, 19.823, 19.161, 18.24, 17.574, 16.391, 16.067, 13.756, 10.399, 9.002, 9.76, 9.607, 9.83, 9.45, 8.81, 9.08, 9.69], [2.01, 1.14, 0.71, 0, 1.23, 1.37, 1.54, 1.58, 1.39, 1.37, 1.29, 1.12, 2.15, 3.11, 2.995, 2.7, 2.725, 2.908, 4.805, 5.332, 5.922, 5.772, 5.192, 4.905, 4.582, 4.772, 4.565, 4.475, 4.432, 4.71, 4.52, 4.11, 3.68, 2.46, 2.05, 2.41, 3.19, 4.52, 6.56, 7.89, 8.66, 10.25, 12.959, 15.99, 17.672, 18.275, 18.071, 17.794, 18.273, 18.456, 17.778, 17.846, 18.177, 17.709, 16.832, 16.381, 16.702, 16.898, 17.2, 17.78, 19.482, 20.716, 20.246, 19.603, 19.367, 19.849, 20.357, 20.47, 20.311, 20.595, 20.216, 19.578, 18.635, 17.987, 16.793, 16.477, 14.157, 10.821, 9.409, 10.19, 10.037, 10.22, 9.84, 9.14, 9.47, 10.1], [1.56, 1.11, 1.04, 1.23, 0, 0.66, 0.87, 1.47, 1.64, 1.86, 2.08, 1.17, 1.44, 2.52, 2.413, 2.13, 2.18, 2.45, 4.146, 4.742, 5.24, 5.122, 4.53, 4.24, 4.0, 4.062, 3.875, 3.73, 3.782, 4.077, 3.91, 3.52, 3.05, 1.91, 1.64, 2.12, 2.72, 3.97, 5.99, 7.42, 8.21, 9.76, 12.447, 15.265, 16.96, 17.592, 17.376, 17.117, 17.587, 17.773, 17.125, 17.311, 17.625, 17.053, 16.191, 15.922, 16.209, 16.388, 16.69, 17.27, 18.869, 20.2, 19.764, 19.141, 18.885, 19.305, 19.759, 19.912, 19.753, 19.96, 19.601, 18.954, 18.018, 17.349, 16.157, 15.836, 13.539, 10.194, 8.888, 9.68, 9.45, 9.57, 9.17, 8.49, 8.78, 9.423], [1.46, 1.15, 1.18, 1.37, 0.66, 0, 0.79, 1.37, 1.6, 1.82, 2.0, 1.25, 1.48, 2.44, 2.43, 2.17, 2.06, 2.69, 4.152, 4.633, 5.143, 5.013, 4.378, 4.103, 3.846, 3.99, 3.755, 3.57, 3.653, 4.043, 3.85, 3.52, 3.05, 2.09, 2.04, 2.24, 2.58, 3.63, 5.85, 7.24, 8.01, 9.58, 12.335, 15.29, 16.985, 17.614, 17.398, 17.139, 17.606, 17.797, 17.116, 17.205, 17.547, 17.062, 16.167, 15.722, 15.957, 16.178, 16.486, 16.927, 18.725, 19.976, 19.546, 18.918, 18.676, 19.164, 19.69, 19.823, 19.615, 19.907, 19.537, 18.896, 17.977, 17.314, 16.128, 15.798, 13.508, 10.133, 8.756, 9.56, 9.41, 9.547, 9.147, 8.487, 8.762, 9.412], [1.69, 1.4, 1.33, 1.54, 0.87, 0.79, 0, 1.1, 1.45, 1.67, 1.85, 1.22, 1.69, 2.727, 2.76, 2.38, 2.29, 2.72, 4.394, 4.932, 5.407, 5.257, 4.637, 4.331, 4.127, 4.232, 4.045, 3.835, 3.977, 4.344, 4.16, 3.71, 3.32, 2.02, 2.03, 2.31, 2.61, 3.96, 6.18, 7.63, 8.44, 10.007, 12.691, 15.581, 17.296, 17.924, 17.708, 17.449, 17.917, 18.111, 17.427, 17.472, 17.809, 17.378, 16.415, 16.033, 16.361, 16.546, 16.77, 17.329, 19.049, 20.381, 19.951, 19.326, 19.043, 19.5, 19.955, 20.122, 19.885, 20.14, 19.77, 19.149, 18.219, 17.576, 16.433, 16.066, 13.752, 10.475, 9.115, 9.867, 9.72, 9.8, 9.4, 8.76, 9.001, 9.651], [2.43, 1.78, 1.53, 1.58, 1.47, 1.37, 1.1, 0, 0.83, 1.01, 1.37, 1.26, 2.47, 3.722, 3.672, 3.209, 3.184, 3.56, 5.4, 5.951, 6.439, 6.289, 5.634, 5.319, 5.119, 5.251, 5.001, 4.726, 4.954, 5.376, 5.18, 4.73, 4.22, 2.76, 2.49, 2.67, 3.23, 4.84, 7.154, 8.564, 9.352, 10.919, 13.653, 16.569, 18.278, 18.932, 18.708, 18.449, 18.916, 19.11, 18.42, 18.452, 18.797, 18.383, 17.426, 16.993, 17.213, 17.457, 17.67, 18.183, 20.014, 21.232, 20.816, 20.172, 19.957, 20.468, 20.939, 21.107, 20.83, 21.09, 20.729, 20.111, 19.187, 18.564, 17.418, 17.056, 14.758, 11.5, 10.077, 10.858, 10.746, 10.82, 10.42, 9.78, 10.004, 10.654], [2.64, 1.93, 1.5, 1.39, 1.64, 1.6, 1.45, 0.83, 0, 0.72, 1.18, 1.27, 2.76, 3.932, 3.822, 3.444, 3.454, 3.852, 5.663, 6.15, 6.671, 6.541, 5.901, 5.571, 5.371, 5.47, 5.18, 4.944, 5.113, 5.54, 5.353, 4.98, 4.47, 3.07, 2.78, 3.0, 3.46, 5.102, 7.344, 8.734, 9.482, 11.069, 13.772, 16.744, 18.45, 19.093, 18.886, 18.627, 19.094, 19.277, 18.59, 18.73, 19.053, 18.541, 17.693, 17.185, 17.331, 17.664, 17.957, 18.318, 20.107, 21.336, 20.94, 20.278, 20.124, 20.675, 21.189, 21.271, 21.093, 21.374, 21.013, 20.395, 19.465, 18.802, 17.628, 17.297, 15.004, 11.642, 10.267, 11.028, 10.856, 11.049, 10.646, 9.998, 10.276, 10.926], [2.72, 2.01, 1.62, 1.37, 1.86, 1.82, 1.67, 1.01, 0.72, 0, 0.98, 1.31, 2.84, 4.012, 3.964, 3.521, 3.497, 3.861, 5.758, 6.272, 6.746, 6.613, 5.992, 5.662, 5.454, 5.572, 5.322, 5.076, 5.275, 5.683, 5.493, 5.051, 4.55, 3.11, 2.76, 2.84, 3.54, 5.142, 7.384, 8.792, 9.602, 11.228, 13.926, 16.898, 18.602, 19.248, 19.032, 18.773, 19.24, 19.434, 18.744, 18.804, 19.13, 18.704, 17.767, 17.251, 17.474, 17.752, 18.028, 18.443, 20.269, 21.498, 21.063, 20.404, 20.227, 20.764, 21.263, 21.371, 21.167, 21.448, 21.078, 20.466, 19.542, 18.879, 17.733, 17.38, 15.096, 11.739, 10.39, 11.128, 11.016, 11.144, 10.741, 10.101, 10.359, 11.018], [3.02, 2.19, 1.72, 1.29, 2.08, 2.0, 1.85, 1.37, 1.18, 0.98, 0, 1.25, 2.96, 4.132, 4.102, 3.656, 3.652, 3.984, 5.881, 6.407, 6.877, 6.75, 6.124, 5.791, 5.586, 5.701, 5.457, 5.17, 5.428, 5.837, 5.613, 5.18, 4.67, 3.27, 2.94, 2.92, 3.64, 5.293, 7.53, 8.98, 9.793, 11.4, 14.101, 17.054, 18.766, 19.4, 19.184, 18.925, 19.392, 19.581, 18.899, 18.954, 19.265, 18.833, 17.902, 17.455, 17.743, 17.925, 18.221, 18.678, 20.453, 21.747, 21.352, 20.728, 20.428, 20.925, 21.427, 21.558, 21.334, 21.592, 21.245, 20.63, 19.706, 19.046, 17.9, 17.541, 15.233, 11.893, 10.542, 11.274, 11.156, 11.267, 10.864, 10.224, 10.482, 11.138], [2.17, 1.32, 1.13, 1.12, 1.17, 1.25, 1.22, 1.26, 1.27, 1.31, 1.25, 0, 1.87, 3.13, 3.083, 2.697, 2.69, 2.928, 4.777, 5.315, 5.827, 5.74, 5.089, 4.782, 4.59, 4.624, 4.379, 4.152, 4.387, 4.767, 4.552, 4.11, 3.58, 2.32, 1.95, 2.11, 2.91, 4.46, 6.623, 8.053, 8.843, 10.41, 13.111, 15.941, 17.645, 18.276, 18.066, 17.807, 18.274, 18.457, 17.81, 17.935, 18.249, 17.741, 16.824, 16.512, 16.784, 16.968, 17.248, 17.758, 19.493, 20.827, 20.403, 19.769, 19.481, 19.923, 20.38, 20.533, 20.362, 20.561, 20.208, 19.573, 18.636, 17.968, 16.782, 16.46, 14.147, 10.878, 9.518, 10.29, 10.094, 10.192, 9.78, 9.1, 9.372, 10.04], [1.46, 1.35, 1.8, 2.15, 1.44, 1.48, 1.69, 2.47, 2.76, 2.84, 2.96, 1.87, 0, 1.8, 1.67, 1.63, 1.76, 2.17, 3.11, 3.83, 4.2, 4.11, 3.53, 3.34, 3.12, 3.23, 3.16, 3.19, 2.95, 3.157, 2.87, 2.5, 1.97, 1.29, 1.54, 2.18, 2.58, 3.17, 4.93, 6.34, 7.17, 8.76, 11.432, 14.268, 15.969, 16.595, 16.378, 16.12, 16.592, 16.778, 16.131, 16.137, 16.482, 16.07, 15.079, 14.831, 15.18, 15.299, 15.495, 16.204, 17.884, 19.211, 18.761, 18.124, 17.785, 18.208, 18.662, 18.838, 18.613, 18.825, 18.455, 17.8, 16.886, 16.249, 15.106, 14.745, 12.434, 9.174, 7.836, 8.58, 8.41, 8.47, 8.11, 7.41, 7.58, 8.23], [1.92, 2.21, 2.76, 3.11, 2.52, 2.44, 2.727, 3.722, 3.932, 4.012, 4.132, 3.13, 1.8, 0, 1.13, 1.47, 1.58, 1.65, 1.85, 2.49, 3.06, 2.97, 2.45, 2.24, 2.06, 2.07, 1.96, 2.03, 1.85, 2.1, 2.17, 2.12, 1.97, 1.93, 1.66, 2.14, 2.04, 2.29, 3.77, 5.08, 5.87, 7.46, 10.115, 12.997, 14.68, 15.295, 15.07, 14.814, 15.283, 15.472, 14.799, 14.859, 15.142, 14.713, 13.808, 13.528, 13.917, 14.053, 14.301, 15.009, 16.635, 17.944, 17.47, 16.83, 16.497, 16.899, 17.339, 17.469, 17.356, 17.614, 17.224, 16.574, 15.635, 14.975, 13.82, 13.442, 11.131, 7.842, 6.57, 7.22, 7.05, 7.19, 6.89, 6.21, 6.42, 7.05], [1.55, 2.14, 2.65, 2.995, 2.413, 2.43, 2.76, 3.672, 3.822, 3.964, 4.102, 3.083, 1.67, 1.13, 0, 0.7, 0.97, 1.36, 1.98, 2.48, 3.11, 2.96, 2.4, 2.19, 1.97, 2.08, 1.85, 1.98, 1.66, 1.83, 1.88, 1.77, 1.66, 1.74, 2.01, 2.39, 2.09, 2.32, 3.92, 5.13, 5.88, 7.43, 10.062, 13.01, 14.699, 15.321, 15.097, 14.832, 15.302, 15.49, 14.818, 14.964, 15.269, 14.757, 13.911, 13.561, 13.907, 14.103, 14.388, 15.049, 16.601, 17.89, 17.409, 16.783, 16.533, 16.963, 17.458, 17.568, 17.429, 17.698, 17.319, 16.675, 15.724, 15.085, 13.89, 13.566, 11.257, 7.94, 6.56, 7.33, 7.18, 7.34, 7.02, 6.34, 6.65, 7.3], [1.35, 1.84, 2.35, 2.7, 2.13, 2.17, 2.38, 3.209, 3.444, 3.521, 3.656, 2.697, 1.63, 1.47, 0.7, 0, 0.71, 1.34, 2.32, 2.86, 3.37, 3.2, 2.6, 2.33, 2.15, 2.14, 2.03, 2.08, 1.94, 2.29, 2.22, 2.07, 2.12, 1.96, 2.03, 2.23, 1.91, 2.38, 4.16, 5.55, 6.34, 7.87, 10.519, 13.472, 15.161, 15.801, 15.588, 15.312, 15.779, 15.965, 15.286, 15.327, 15.629, 15.249, 14.292, 13.895, 14.25, 14.366, 14.688, 15.243, 16.998, 18.264, 17.825, 17.191, 16.866, 17.334, 17.837, 17.968, 17.737, 18.044, 17.665, 17.03, 16.11, 15.45, 14.304, 13.928, 11.652, 8.366, 6.96, 7.71, 7.6, 7.68, 7.34, 6.72, 6.95, 7.64], [1.4, 1.87, 2.378, 2.725, 2.18, 2.06, 2.29, 3.184, 3.454, 3.497, 3.652, 2.69, 1.76, 1.58, 0.97, 0.71, 0, 1.23, 2.29, 2.85, 3.32, 3.17, 2.53, 2.26, 2.02, 2.15, 1.96, 1.97, 1.87, 2.28, 2.19, 2.04, 2.33, 1.99, 2.12, 2.22, 1.86, 2.31, 4.15, 5.54, 6.33, 7.88, 10.549, 13.462, 15.165, 15.811, 15.58, 15.322, 15.789, 15.983, 15.299, 15.313, 15.644, 15.287, 14.322, 13.905, 14.26, 14.376, 14.626, 15.235, 16.948, 18.256, 17.826, 17.198, 16.867, 17.355, 17.83, 17.963, 17.749, 17.998, 17.625, 17.002, 16.077, 15.445, 14.303, 13.935, 11.662, 8.364, 6.95, 7.72, 7.63, 7.71, 7.35, 6.73, 6.96, 7.65], [2.05, 2.26, 2.59, 2.908, 2.45, 2.69, 2.72, 3.56, 3.852, 3.861, 3.984, 2.928, 2.17, 1.65, 1.36, 1.34, 1.23, 0, 2.0, 3.12, 3.73, 3.62, 2.98, 2.75, 2.47, 2.5, 2.49, 2.46, 2.4, 2.53, 2.66, 2.09, 2.38, 2.06, 1.71, 2.09, 2.05, 2.88, 4.62, 5.79, 6.56, 8.15, 10.751, 13.584, 15.177, 15.606, 15.384, 15.119, 15.629, 15.821, 15.253, 15.296, 15.538, 15.16, 14.344, 14.222, 14.69, 14.843, 14.993, 15.791, 17.35, 18.644, 18.183, 17.515, 17.21, 17.487, 17.79, 17.98, 17.92, 18.107, 17.694, 16.977, 16.08, 15.42, 14.23, 13.776, 11.637, 8.578, 7.24, 7.87, 7.66, 7.82, 7.46, 6.84, 7.03, 7.68], [3.152, 3.905, 4.415, 4.805, 4.146, 4.152, 4.394, 5.4, 5.663, 5.758, 5.881, 4.777, 3.11, 1.85, 1.98, 2.32, 2.29, 2.0, 0, 1.48, 2.03, 1.98, 1.4, 1.37, 1.15, 1.22, 1.21, 1.52, 1.46, 1.35, 1.54, 1.69, 2.28, 2.92, 3.096, 3.27, 2.57, 1.86, 2.86, 3.89, 4.64, 6.19, 8.791, 11.639, 13.22, 13.757, 13.526, 13.262, 13.729, 13.929, 13.344, 13.39, 13.649, 13.272, 12.384, 12.267, 12.759, 12.909, 13.079, 13.905, 15.448, 16.723, 16.229, 15.558, 15.27, 15.55, 15.901, 16.083, 15.986, 16.181, 15.78, 15.069, 14.157, 13.483, 12.327, 11.905, 9.713, 6.64, 5.32, 5.97, 5.74, 5.9, 5.68, 5.0, 5.13, 5.76], [3.77, 4.498, 5.048, 5.332, 4.742, 4.633, 4.932, 5.951, 6.15, 6.272, 6.407, 5.315, 3.83, 2.49, 2.48, 2.86, 2.85, 3.12, 1.48, 0, 0.91, 0.82, 0.76, 0.93, 0.97, 0.98, 1.05, 1.42, 1.5, 1.65, 2.04, 2.61, 3.16, 3.82, 3.97, 3.81, 2.919, 1.52, 2.1, 3.13, 3.78, 5.23, 7.825, 10.701, 12.421, 13.024, 12.805, 12.535, 12.996, 13.188, 12.507, 12.627, 12.94, 12.483, 11.598, 11.293, 11.645, 11.798, 12.01, 12.691, 14.332, 15.647, 15.186, 14.546, 14.235, 14.629, 15.077, 15.227, 15.074, 15.321, 14.939, 14.313, 13.379, 12.719, 11.534, 11.191, 8.927, 5.68, 4.38, 5.17, 4.98, 5.1, 4.76, 4.14, 4.43, 5.08], [4.28, 4.95, 5.52, 5.922, 5.24, 5.143, 5.407, 6.439, 6.671, 6.746, 6.877, 5.827, 4.2, 3.06, 3.11, 3.37, 3.32, 3.73, 2.03, 0.91, 0, 0.57, 1.07, 1.34, 1.46, 1.45, 1.58, 1.91, 1.87, 2.14, 2.41, 3.1, 3.63, 4.248, 4.487, 4.203, 3.363, 1.73, 1.43, 2.68, 3.31, 4.74, 7.369, 10.199, 11.9, 12.528, 12.318, 12.065, 12.521, 12.712, 12.062, 12.131, 12.467, 12.01, 11.033, 10.745, 11.12, 11.233, 11.483, 12.147, 13.791, 15.117, 14.669, 14.038, 13.713, 14.141, 14.596, 14.771, 14.561, 14.793, 14.426, 13.785, 12.854, 12.18, 11.037, 10.673, 8.416, 5.21, 3.95, 4.7, 4.59, 4.61, 4.31, 3.67, 3.88, 4.57], [4.11, 4.86, 5.43, 5.772, 5.122, 5.013, 5.257, 6.289, 6.541, 6.613, 6.75, 5.74, 4.11, 2.97, 2.96, 3.2, 3.17, 3.62, 1.98, 0.82, 0.57, 0, 0.82, 1.25, 1.29, 1.32, 1.47, 1.86, 1.74, 1.95, 2.38, 3.07, 3.62, 4.24, 4.397, 4.11, 3.222, 1.56, 1.72, 2.89, 3.48, 4.87, 7.482, 10.355, 12.05, 12.673, 12.459, 12.209, 12.668, 12.859, 12.178, 12.221, 12.557, 12.12, 11.157, 10.875, 11.239, 11.358, 11.588, 12.271, 13.912, 15.241, 14.805, 14.168, 13.826, 14.257, 14.711, 14.881, 14.656, 14.923, 14.551, 13.915, 12.979, 12.336, 11.193, 10.82, 8.534, 5.28, 3.98, 4.75, 4.62, 4.66, 4.34, 3.74, 3.93, 4.6], [3.55, 4.298, 4.848, 5.192, 4.53, 4.378, 4.637, 5.634, 5.901, 5.992, 6.124, 5.089, 3.53, 2.45, 2.4, 2.6, 2.53, 2.98, 1.4, 0.76, 1.07, 0.82, 0, 0.69, 0.71, 0.86, 0.99, 1.36, 1.36, 1.69, 1.98, 2.63, 3.2, 3.72, 3.8, 3.45, 2.542, 1.22, 2.32, 3.53, 4.14, 5.49, 8.162, 11.015, 12.713, 13.335, 13.122, 12.863, 13.33, 13.522, 12.858, 12.861, 13.217, 12.82, 11.84, 11.555, 11.91, 12.029, 12.208, 12.908, 14.581, 15.912, 15.476, 14.848, 14.5, 14.937, 15.391, 15.561, 15.331, 15.558, 15.182, 14.535, 13.621, 12.999, 11.856, 11.483, 9.187, 5.98, 4.64, 5.39, 5.28, 5.3, 4.96, 4.36, 4.55, 5.24], [3.36, 4.068, 4.618, 4.905, 4.24, 4.103, 4.331, 5.319, 5.571, 5.662, 5.791, 4.782, 3.34, 2.24, 2.19, 2.33, 2.26, 2.75, 1.37, 0.93, 1.34, 1.25, 0.69, 0, 0.66, 0.85, 0.98, 1.35, 1.55, 1.74, 1.81, 2.36, 2.93, 3.49, 3.587, 3.22, 2.36, 1.39, 2.53, 3.76, 4.43, 5.86, 8.492, 11.325, 13.023, 13.668, 13.455, 13.182, 13.649, 13.832, 13.168, 13.194, 13.527, 13.15, 12.17, 11.885, 12.243, 12.356, 12.543, 13.212, 14.902, 16.233, 15.809, 15.178, 14.83, 15.247, 15.718, 15.877, 15.638, 15.859, 15.489, 14.868, 13.94, 13.309, 12.166, 11.795, 9.505, 6.31, 5.01, 5.76, 5.63, 5.65, 5.31, 4.69, 4.92, 5.61], [3.12, 3.728, 4.278, 4.582, 4.0, 3.846, 4.127, 5.119, 5.371, 5.454, 5.586, 4.59, 3.12, 2.06, 1.97, 2.15, 2.02, 2.47, 1.15, 0.97, 1.46, 1.29, 0.71, 0.66, 0, 0.67, 0.74, 1.11, 1.29, 1.48, 1.71, 2.2, 2.79, 3.31, 3.41, 3.06, 2.24, 1.41, 2.61, 3.78, 4.47, 5.98, 8.652, 11.568, 13.251, 13.877, 13.666, 13.408, 13.875, 14.06, 13.382, 13.368, 13.727, 13.35, 12.384, 12.048, 12.432, 12.55, 12.74, 13.461, 15.099, 16.431, 15.978, 15.341, 14.999, 15.444, 15.916, 16.069, 15.863, 16.102, 15.735, 15.085, 14.169, 13.537, 12.394, 12.027, 9.731, 6.467, 5.09, 5.86, 5.75, 5.81, 5.47, 4.87, 5.06, 5.75], [3.17, 3.858, 4.408, 4.772, 4.062, 3.99, 4.232, 5.251, 5.47, 5.572, 5.701, 4.624, 3.23, 2.07, 2.08, 2.14, 2.15, 2.5, 1.22, 0.98, 1.45, 1.32, 0.86, 0.85, 0.67, 0, 0.65, 0.94, 1.12, 1.47, 1.74, 2.33, 2.88, 3.5, 3.45, 3.13, 2.37, 1.44, 2.62, 3.87, 4.52, 5.95, 8.619, 11.412, 13.108, 13.713, 13.5, 13.241, 13.711, 13.909, 13.25, 13.372, 13.646, 13.209, 12.292, 12.021, 12.35, 12.466, 12.736, 13.328, 15.024, 16.352, 15.928, 15.294, 14.96, 15.374, 15.797, 15.967, 15.808, 16.032, 15.636, 15.007, 14.096, 13.414, 12.251, 11.877, 9.644, 6.38, 5.1, 5.87, 5.64, 5.68, 5.32, 4.78, 5.01, 5.64], [3.0, 3.688, 4.238, 4.565, 3.875, 3.755, 4.045, 5.001, 5.18, 5.322, 5.457, 4.379, 3.16, 1.96, 1.85, 2.03, 1.96, 2.49, 1.21, 1.05, 1.58, 1.47, 0.99, 0.98, 0.74, 0.65, 0, 0.65, 0.93, 1.34, 1.79, 2.28, 2.89, 3.39, 3.32, 2.98, 2.18, 1.37, 2.79, 4.0, 4.65, 6.12, 8.752, 11.625, 13.323, 13.945, 13.735, 13.476, 13.946, 14.132, 13.468, 13.594, 13.927, 13.45, 12.55, 12.211, 12.5, 12.656, 12.9, 13.487, 15.159, 16.49, 16.078, 15.444, 15.133, 15.581, 16.056, 16.209, 16.015, 16.244, 15.88, 15.268, 14.338, 13.666, 12.483, 12.155, 9.886, 6.607, 5.23, 6.06, 5.87, 5.95, 5.61, 5.03, 5.26, 5.93], [2.99, 3.58, 4.11, 4.475, 3.73, 3.57, 3.835, 4.726, 4.944, 5.076, 5.17, 4.152, 3.19, 2.03, 1.98, 2.08, 1.97, 2.46, 1.52, 1.42, 1.91, 1.86, 1.36, 1.35, 1.11, 0.94, 0.65, 0, 0.96, 1.45, 1.9, 2.49, 2.98, 3.42, 3.35, 2.81, 2.09, 1.5, 3.12, 4.41, 5.04, 6.45, 9.076, 11.901, 13.627, 14.241, 14.031, 13.772, 14.237, 14.428, 13.775, 13.924, 14.24, 13.743, 12.826, 12.498, 12.767, 12.954, 13.221, 13.719, 15.423, 16.757, 16.356, 15.731, 15.449, 15.903, 16.36, 16.513, 16.324, 16.514, 16.172, 15.543, 14.619, 13.95, 12.768, 12.44, 10.167, 6.92, 5.6, 6.39, 6.2, 6.28, 5.94, 5.32, 5.57, 6.22], [2.79, 3.478, 4.045, 4.432, 3.782, 3.653, 3.977, 4.954, 5.113, 5.275, 5.428, 4.387, 2.95, 1.85, 1.66, 1.94, 1.87, 2.4, 1.46, 1.5, 1.87, 1.74, 1.36, 1.55, 1.29, 1.12, 0.93, 0.96, 0, 0.95, 1.72, 2.29, 2.72, 3.08, 3.17, 3.27, 2.57, 1.86, 2.9, 4.11, 4.74, 6.09, 8.759, 11.66, 13.358, 13.984, 13.776, 13.518, 13.985, 14.17, 13.503, 13.669, 14.014, 13.477, 12.62, 12.235, 12.519, 12.698, 12.939, 13.537, 15.177, 16.481, 16.039, 15.428, 15.183, 15.646, 16.137, 16.287, 16.079, 16.349, 15.967, 15.343, 14.407, 13.744, 12.561, 12.228, 9.952, 6.654, 5.3, 6.11, 5.96, 6.02, 5.72, 5.12, 5.35, 6.0], [3.097, 3.807, 4.331, 4.71, 4.077, 4.043, 4.344, 5.376, 5.54, 5.683, 5.837, 4.767, 3.157, 2.1, 1.83, 2.29, 2.28, 2.53, 1.35, 1.65, 2.14, 1.95, 1.69, 1.74, 1.48, 1.47, 1.34, 1.45, 0.95, 0, 1.03, 1.66, 2.15, 2.85, 3.36, 3.78, 3.14, 2.33, 2.85, 3.82, 4.45, 5.84, 8.415, 11.311, 12.992, 13.591, 13.372, 13.113, 13.592, 13.778, 13.097, 13.279, 13.607, 13.07, 12.268, 11.971, 12.349, 12.539, 12.769, 13.495, 14.958, 16.287, 15.792, 15.182, 14.917, 15.282, 15.747, 15.897, 15.742, 16.017, 15.63, 14.999, 14.073, 13.395, 12.219, 11.867, 9.609, 6.285, 4.91, 5.72, 5.57, 5.65, 5.47, 4.81, 5.02, 5.59], [2.91, 3.62, 4.17, 4.52, 3.91, 3.85, 4.16, 5.18, 5.353, 5.493, 5.613, 4.552, 2.87, 2.17, 1.88, 2.22, 2.19, 2.66, 1.54, 2.04, 2.41, 2.38, 1.98, 1.81, 1.71, 1.74, 1.79, 1.9, 1.72, 1.03, 0, 1.23, 1.7, 2.68, 3.27, 3.65, 3.05, 2.3, 2.94, 3.89, 4.52, 5.95, 8.608, 11.499, 13.194, 13.835, 13.622, 13.346, 13.796, 13.982, 13.304, 13.41, 13.735, 13.28, 12.407, 12.068, 12.422, 12.589, 12.899, 13.588, 15.148, 16.457, 15.957, 15.301, 15.059, 15.438, 15.929, 16.043, 15.922, 16.195, 15.805, 15.139, 14.223, 13.546, 12.351, 12.038, 9.727, 6.455, 5.08, 5.83, 5.72, 5.8, 5.56, 4.9, 5.13, 5.7], [2.48, 3.23, 3.74, 4.11, 3.52, 3.52, 3.71, 4.73, 4.98, 5.051, 5.18, 4.11, 2.5, 2.12, 1.77, 2.07, 2.04, 2.09, 1.69, 2.61, 3.1, 3.07, 2.63, 2.36, 2.2, 2.33, 2.28, 2.49, 2.29, 1.66, 1.23, 0, 1.23, 2.09, 2.64, 3.06, 2.52, 2.49, 3.39, 4.34, 5.065, 6.553, 9.215, 12.034, 13.693, 14.326, 14.101, 13.825, 14.287, 14.45, 13.788, 13.909, 14.151, 13.677, 12.838, 12.761, 13.284, 13.38, 13.647, 14.45, 15.839, 17.117, 16.623, 15.931, 15.645, 15.934, 16.331, 16.509, 16.414, 16.66, 16.262, 15.608, 14.659, 13.999, 12.848, 12.47, 10.13, 6.983, 5.62, 6.293, 6.39, 6.57, 6.33, 5.59, 5.78, 6.31], [2.15, 2.82, 3.33, 3.68, 3.05, 3.05, 3.32, 4.22, 4.47, 4.55, 4.67, 3.58, 1.97, 1.97, 1.66, 2.12, 2.33, 2.38, 2.28, 3.16, 3.63, 3.62, 3.2, 2.93, 2.79, 2.88, 2.89, 2.98, 2.72, 2.15, 1.7, 1.23, 0, 1.64, 2.23, 2.65, 2.59, 2.9, 3.88, 4.71, 5.42, 7.01, 9.64, 12.547, 14.212, 14.842, 14.614, 14.358, 14.823, 14.966, 14.301, 14.401, 14.695, 14.238, 13.316, 13.185, 13.711, 13.838, 14.091, 14.877, 16.334, 17.609, 17.116, 16.429, 16.149, 16.452, 16.858, 17.023, 16.907, 17.138, 16.76, 16.109, 15.155, 14.509, 13.344, 13.003, 10.642, 7.485, 6.104, 6.77, 6.84, 7.02, 6.84, 6.06, 6.27, 6.76], [1.45, 1.7, 2.25, 2.46, 1.91, 2.09, 2.02, 2.76, 3.07, 3.11, 3.27, 2.32, 1.29, 1.93, 1.74, 1.96, 1.99, 2.06, 2.92, 3.82, 4.248, 4.24, 3.72, 3.49, 3.31, 3.5, 3.39, 3.42, 3.08, 2.85, 2.68, 2.09, 1.64, 0, 1.21, 1.95, 2.55, 3.38, 4.8, 6.05, 6.852, 8.462, 11.114, 13.988, 15.674, 16.305, 16.078, 15.81, 16.28, 16.448, 15.807, 15.813, 16.155, 15.741, 14.77, 14.55, 15.016, 15.169, 15.355, 16.178, 17.707, 18.999, 18.507, 17.85, 17.548, 17.924, 18.353, 18.529, 18.353, 18.566, 18.19, 17.523, 16.598, 15.972, 14.806, 14.456, 12.113, 8.916, 7.527, 8.25, 8.1, 8.22, 7.94, 7.2, 7.39, 7.98], [1.56, 1.49, 1.86, 2.05, 1.64, 2.04, 2.03, 2.49, 2.78, 2.76, 2.94, 1.95, 1.54, 1.66, 2.01, 2.03, 2.12, 1.71, 3.096, 3.97, 4.487, 4.397, 3.8, 3.587, 3.41, 3.45, 3.32, 3.35, 3.17, 3.36, 3.27, 2.64, 2.23, 1.21, 0, 1.3, 2.2, 3.39, 5.168, 6.54, 7.359, 8.949, 11.618, 14.406, 16.112, 16.729, 16.499, 16.234, 16.704, 16.893, 16.266, 16.286, 16.611, 16.197, 15.211, 15.02, 15.403, 15.536, 15.704, 16.512, 18.141, 19.45, 18.974, 18.322, 17.998, 18.402, 18.806, 18.976, 18.816, 19.011, 18.644, 17.936, 17.007, 16.384, 15.233, 14.868, 12.54, 9.357, 8.025, 8.743, 8.55, 8.59, 8.29, 7.57, 7.72, 8.35], [1.9, 1.95, 2.3, 2.41, 2.12, 2.24, 2.31, 2.67, 3.0, 2.84, 2.92, 2.11, 2.18, 2.14, 2.39, 2.23, 2.22, 2.09, 3.27, 3.81, 4.203, 4.11, 3.45, 3.22, 3.06, 3.13, 2.98, 2.81, 3.27, 3.78, 3.65, 3.06, 2.65, 1.95, 1.3, 0, 1.4, 2.77, 4.979, 6.466, 7.276, 8.843, 11.547, 14.372, 16.078, 16.712, 16.499, 16.24, 16.707, 16.893, 16.246, 16.254, 16.599, 16.171, 15.194, 14.92, 15.249, 15.379, 15.575, 16.216, 17.94, 19.265, 18.841, 18.216, 17.879, 18.319, 18.776, 18.947, 18.701, 18.899, 18.543, 17.897, 16.992, 16.358, 15.212, 14.854, 12.526, 9.311, 7.954, 8.68, 8.522, 8.579, 8.17, 7.51, 7.66, 8.33], [2.1, 2.51, 2.94, 3.19, 2.72, 2.58, 2.61, 3.23, 3.46, 3.54, 3.64, 2.91, 2.58, 2.04, 2.09, 1.91, 1.86, 2.05, 2.57, 2.919, 3.363, 3.222, 2.542, 2.36, 2.24, 2.37, 2.18, 2.09, 2.57, 3.14, 3.05, 2.52, 2.59, 2.55, 2.2, 1.4, 0, 1.83, 4.119, 5.54, 6.336, 7.903, 10.629, 13.514, 15.229, 15.874, 15.641, 15.382, 15.849, 16.041, 15.377, 15.385, 15.733, 15.319, 14.342, 14.0, 14.289, 14.439, 14.632, 15.236, 16.999, 18.293, 17.881, 17.256, 16.939, 17.45, 17.905, 18.069, 17.812, 18.044, 17.683, 17.045, 16.135, 15.515, 14.369, 13.999, 11.688, 8.448, 7.054, 7.792, 7.679, 7.73, 7.33, 6.69, 6.897, 7.547], [2.89, 3.7, 4.21, 4.52, 3.97, 3.63, 3.96, 4.84, 5.102, 5.142, 5.293, 4.46, 3.17, 2.29, 2.32, 2.38, 2.31, 2.88, 1.86, 1.52, 1.73, 1.56, 1.22, 1.39, 1.41, 1.44, 1.37, 1.5, 1.86, 2.33, 2.3, 2.49, 2.9, 3.38, 3.39, 2.77, 1.83, 0, 2.34, 3.77, 4.58, 6.19, 8.888, 11.857, 13.558, 14.184, 13.968, 13.712, 14.179, 14.37, 13.689, 13.7, 14.014, 13.629, 12.674, 12.232, 12.55, 12.734, 12.984, 13.503, 15.269, 16.558, 16.136, 15.508, 15.232, 15.714, 16.223, 16.358, 16.127, 16.388, 16.027, 15.403, 14.464, 13.841, 12.695, 12.328, 10.0, 6.683, 5.332, 6.07, 5.96, 6.074, 5.674, 5.034, 5.264, 5.914], [4.81, 5.62, 6.13, 6.56, 5.99, 5.85, 6.18, 7.154, 7.344, 7.384, 7.53, 6.623, 4.93, 3.77, 3.92, 4.16, 4.15, 4.62, 2.86, 2.1, 1.43, 1.72, 2.32, 2.53, 2.61, 2.62, 2.79, 3.12, 2.9, 2.85, 2.94, 3.39, 3.88, 4.8, 5.168, 4.979, 4.119, 2.34, 0, 1.59, 2.34, 3.97, 6.608, 9.606, 11.295, 11.912, 11.699, 11.443, 11.91, 12.096, 11.412, 11.475, 11.777, 11.34, 10.42, 10.015, 10.375, 10.523, 10.908, 11.494, 13.147, 14.402, 13.945, 13.288, 12.994, 13.452, 13.951, 14.082, 13.924, 14.235, 13.831, 13.188, 12.255, 11.561, 10.415, 10.054, 7.763, 4.418, 3.08, 3.81, 3.74, 3.88, 3.68, 2.96, 3.07, 3.72], [6.22, 6.99, 7.52, 7.89, 7.42, 7.24, 7.63, 8.564, 8.734, 8.792, 8.98, 8.053, 6.34, 5.08, 5.13, 5.55, 5.54, 5.79, 3.89, 3.13, 2.68, 2.89, 3.53, 3.76, 3.78, 3.87, 4.0, 4.41, 4.11, 3.82, 3.89, 4.34, 4.71, 6.05, 6.54, 6.466, 5.54, 3.77, 1.59, 0, 0.89, 2.54, 5.198, 8.249, 9.914, 10.506, 10.298, 10.039, 10.514, 10.677, 9.981, 10.062, 10.358, 9.916, 9.051, 8.657, 9.083, 9.282, 9.618, 10.264, 11.857, 13.052, 12.555, 11.885, 11.62, 12.062, 12.55, 12.661, 12.552, 12.87, 12.451, 11.818, 10.864, 10.212, 9.02, 8.696, 6.345, 3.15, 1.99, 2.52, 2.73, 2.71, 2.59, 1.99, 2.14, 2.67], [7.01, 7.8, 8.29, 8.66, 8.21, 8.01, 8.44, 9.352, 9.482, 9.602, 9.793, 8.843, 7.17, 5.87, 5.88, 6.34, 6.33, 6.56, 4.64, 3.78, 3.31, 3.48, 4.14, 4.43, 4.47, 4.52, 4.65, 5.04, 4.74, 4.45, 4.52, 5.065, 5.42, 6.852, 7.359, 7.276, 6.336, 4.58, 2.34, 0.89, 0, 1.73, 4.371, 7.459, 9.122, 9.724, 9.497, 9.249, 9.724, 9.867, 9.174, 9.303, 9.606, 9.106, 8.284, 7.915, 8.335, 8.578, 8.871, 9.526, 11.088, 12.254, 11.754, 11.078, 10.878, 11.302, 11.786, 11.885, 11.793, 12.111, 11.704, 11.053, 10.096, 9.465, 8.253, 7.952, 5.572, 2.36, 1.4, 1.99, 2.36, 2.36, 2.3, 1.76, 1.77, 2.24], [8.62, 9.37, 9.88, 10.25, 9.76, 9.58, 10.007, 10.919, 11.069, 11.228, 11.4, 10.41, 8.76, 7.46, 7.43, 7.87, 7.88, 8.15, 6.19, 5.23, 4.74, 4.87, 5.49, 5.86, 5.98, 5.95, 6.12, 6.45, 6.09, 5.84, 5.95, 6.553, 7.01, 8.462, 8.949, 8.843, 7.903, 6.19, 3.97, 2.54, 1.73, 0, 2.856, 5.777, 7.472, 8.108, 7.886, 7.63, 8.089, 8.243, 7.55, 7.701, 8.022, 7.502, 6.705, 6.388, 6.824, 7.026, 7.313, 8.01, 9.454, 10.621, 10.125, 9.438, 9.275, 9.682, 10.178, 10.306, 10.17, 10.481, 10.101, 9.423, 8.517, 7.852, 6.661, 6.341, 3.973, 1.63, 1.51, 1.64, 2.23, 1.83, 1.75, 1.89, 1.68, 1.69], [11.303, 12.076, 12.544, 12.959, 12.447, 12.335, 12.691, 13.653, 13.772, 13.926, 14.101, 13.111, 11.432, 10.115, 10.062, 10.519, 10.549, 10.751, 8.791, 7.825, 7.369, 7.482, 8.162, 8.492, 8.652, 8.619, 8.752, 9.076, 8.759, 8.415, 8.608, 9.215, 9.64, 11.114, 11.618, 11.547, 10.629, 8.888, 6.608, 5.198, 4.371, 2.856, 0, 3.2, 4.843, 5.439, 5.229, 4.959, 5.41, 5.569, 4.87, 5.117, 5.39, 4.91, 4.17, 3.93, 4.357, 4.587, 4.897, 5.589, 6.946, 8.119, 7.576, 6.958, 6.738, 7.07, 7.585, 7.651, 7.568, 7.88, 7.492, 6.801, 5.903, 5.25, 4.08, 3.735, 1.99, 2.59, 3.65, 2.993, 3.171, 3.088, 3.531, 4.154, 4.021, 3.365], [14.321, 15.055, 15.536, 15.99, 15.265, 15.29, 15.581, 16.569, 16.744, 16.898, 17.054, 15.941, 14.268, 12.997, 13.01, 13.472, 13.462, 13.584, 11.639, 10.701, 10.199, 10.355, 11.015, 11.325, 11.568, 11.412, 11.625, 11.901, 11.66, 11.311, 11.499, 12.034, 12.547, 13.988, 14.406, 14.372, 13.514, 11.857, 9.606, 8.249, 7.459, 5.777, 3.2, 0, 1.8, 2.6, 2.47, 2.26, 2.63, 2.83, 2.44, 2.34, 2.52, 2.12, 1.86, 2.54, 2.84, 2.89, 2.9, 3.771, 4.566, 5.406, 4.896, 4.33, 4.03, 4.27, 4.605, 4.733, 4.623, 4.785, 4.422, 3.799, 2.887, 2.32, 1.38, 1.53, 2.54, 5.293, 6.604, 6.014, 6.122, 5.902, 6.356, 6.982, 6.823, 6.167], [16.007, 16.74, 17.239, 17.672, 16.96, 16.985, 17.296, 18.278, 18.45, 18.602, 18.766, 17.645, 15.969, 14.68, 14.699, 15.161, 15.165, 15.177, 13.22, 12.421, 11.9, 12.05, 12.713, 13.023, 13.251, 13.108, 13.323, 13.627, 13.358, 12.992, 13.194, 13.693, 14.212, 15.674, 16.112, 16.078, 15.229, 13.558, 11.295, 9.914, 9.122, 7.472, 4.843, 1.8, 0, 1.1, 1.19, 1.26, 1.71, 1.85, 1.66, 1.24, 1.46, 1.5, 2.0, 3.04, 3.28, 3.17, 2.96, 3.32, 3.59, 4.104, 3.56, 3.03, 2.69, 2.73, 3.028, 3.22, 3.146, 3.288, 2.908, 2.27, 1.48, 1.24, 1.58, 1.99, 3.76, 6.912, 8.298, 7.638, 7.742, 7.574, 8.008, 8.631, 8.501, 7.843], [16.642, 17.364, 17.885, 18.275, 17.592, 17.614, 17.924, 18.932, 19.093, 19.248, 19.4, 18.276, 16.595, 15.295, 15.321, 15.801, 15.811, 15.606, 13.757, 13.024, 12.528, 12.673, 13.335, 13.668, 13.877, 13.713, 13.945, 14.241, 13.984, 13.591, 13.835, 14.326, 14.842, 16.305, 16.729, 16.712, 15.874, 14.184, 11.912, 10.506, 9.724, 8.108, 5.439, 2.6, 1.1, 0, 0.49, 1.04, 1.09, 1.21, 1.14, 1.1, 1.1, 1.44, 2.2, 3.08, 3.22, 2.91, 2.68, 3.0, 2.99, 3.638, 3.1, 2.59, 2.33, 2.29, 2.53, 2.687, 2.734, 2.891, 2.528, 1.81, 1.44, 1.4, 1.96, 2.27, 4.281, 7.546, 8.92, 8.237, 8.345, 8.196, 8.622, 9.265, 9.115, 8.445], [16.426, 17.153, 17.657, 18.071, 17.376, 17.398, 17.708, 18.708, 18.886, 19.032, 19.184, 18.066, 16.378, 15.07, 15.097, 15.588, 15.58, 15.384, 13.526, 12.805, 12.318, 12.459, 13.122, 13.455, 13.666, 13.5, 13.735, 14.031, 13.776, 13.372, 13.622, 14.101, 14.614, 16.078, 16.499, 16.499, 15.641, 13.968, 11.699, 10.298, 9.497, 7.886, 5.229, 2.47, 1.19, 0.49, 0, 0.81, 0.98, 1.12, 1.07, 1.09, 1.05, 1.35, 2.07, 2.95, 3.09, 2.78, 2.53, 2.87, 3.08, 3.748, 3.23, 2.7, 2.4, 2.42, 2.68, 2.837, 2.881, 3.061, 2.638, 1.96, 1.57, 1.59, 2.07, 2.34, 4.09, 7.336, 8.693, 8.02, 8.117, 7.98, 8.403, 9.037, 8.893, 8.226], [16.167, 16.894, 17.407, 17.794, 17.117, 17.139, 17.449, 18.449, 18.627, 18.773, 18.925, 17.807, 16.12, 14.814, 14.832, 15.312, 15.322, 15.119, 13.262, 12.535, 12.065, 12.209, 12.863, 13.182, 13.408, 13.241, 13.476, 13.772, 13.518, 13.113, 13.346, 13.825, 14.358, 15.81, 16.234, 16.24, 15.382, 13.712, 11.443, 10.039, 9.249, 7.63, 4.959, 2.26, 1.26, 1.04, 0.81, 0, 0.91, 1.17, 1.02, 1.28, 1.38, 1.44, 1.82, 2.7, 3.02, 2.83, 2.62, 2.94, 3.607, 4.115, 3.6, 3.07, 2.73, 2.79, 3.01, 3.19, 3.157, 3.297, 2.874, 2.231, 1.52, 1.56, 1.92, 2.13, 3.82, 7.069, 8.417, 7.744, 7.859, 7.704, 8.127, 8.761, 8.617, 7.95], [16.643, 17.362, 17.874, 18.273, 17.587, 17.606, 17.917, 18.916, 19.094, 19.24, 19.392, 18.274, 16.592, 15.283, 15.302, 15.779, 15.789, 15.629, 13.729, 12.996, 12.521, 12.668, 13.33, 13.649, 13.875, 13.711, 13.946, 14.237, 13.985, 13.592, 13.796, 14.287, 14.823, 16.28, 16.704, 16.707, 15.849, 14.179, 11.91, 10.514, 9.724, 8.089, 5.41, 2.63, 1.71, 1.09, 0.98, 0.91, 0, 0.6, 0.91, 1.37, 1.35, 1.65, 2.13, 2.89, 3.11, 2.76, 2.61, 2.85, 3.177, 3.816, 3.286, 2.78, 2.58, 2.48, 2.48, 2.823, 2.796, 2.87, 2.487, 1.92, 1.75, 1.91, 2.21, 2.4, 4.35, 7.533, 8.904, 8.218, 8.334, 8.169, 8.58, 9.22, 9.087, 8.4], [16.826, 17.544, 18.049, 18.456, 17.773, 17.797, 18.111, 19.11, 19.277, 19.434, 19.581, 18.457, 16.778, 15.472, 15.49, 15.965, 15.983, 15.821, 13.929, 13.188, 12.712, 12.859, 13.522, 13.832, 14.06, 13.909, 14.132, 14.428, 14.17, 13.778, 13.982, 14.45, 14.966, 16.448, 16.893, 16.893, 16.041, 14.37, 12.096, 10.677, 9.867, 8.243, 5.569, 2.83, 1.85, 1.21, 1.12, 1.17, 0.6, 0, 0.89, 1.43, 1.39, 1.73, 2.29, 3.03, 3.21, 2.88, 2.63, 2.85, 3.02, 3.68, 3.07, 2.64, 2.58, 2.44, 2.3, 2.59, 2.639, 2.76, 2.42, 1.94, 1.91, 1.99, 2.27, 2.46, 4.41, 7.713, 9.07, 8.377, 8.497, 8.343, 8.774, 9.403, 9.276, 8.589], [16.139, 16.866, 17.37, 17.778, 17.125, 17.116, 17.427, 18.42, 18.59, 18.744, 18.899, 17.81, 16.131, 14.799, 14.818, 15.286, 15.299, 15.253, 13.344, 12.507, 12.062, 12.178, 12.858, 13.168, 13.382, 13.25, 13.468, 13.775, 13.503, 13.097, 13.304, 13.788, 14.301, 15.807, 16.266, 16.246, 15.377, 13.689, 11.412, 9.981, 9.174, 7.55, 4.87, 2.44, 1.66, 1.14, 1.07, 1.02, 0.91, 0.89, 0, 1.04, 1.3, 1.4, 1.8, 2.44, 2.74, 2.49, 2.34, 2.62, 3.165, 3.952, 3.422, 2.95, 2.75, 2.69, 2.748, 2.967, 3.057, 3.268, 2.885, 2.23, 1.84, 1.82, 2.04, 2.29, 3.86, 7.046, 8.383, 7.697, 7.818, 7.681, 8.124, 8.761, 8.651, 7.979], [16.19, 16.949, 17.456, 17.846, 17.311, 17.205, 17.472, 18.452, 18.73, 18.804, 18.954, 17.935, 16.137, 14.859, 14.964, 15.327, 15.313, 15.296, 13.39, 12.627, 12.131, 12.221, 12.861, 13.194, 13.368, 13.372, 13.594, 13.924, 13.669, 13.279, 13.41, 13.909, 14.401, 15.813, 16.286, 16.254, 15.385, 13.7, 11.475, 10.062, 9.303, 7.701, 5.117, 2.34, 1.24, 1.1, 1.09, 1.28, 1.37, 1.43, 1.04, 0, 1.06, 1.46, 1.74, 2.66, 2.94, 2.69, 2.44, 2.88, 2.93, 3.672, 3.122, 2.57, 2.33, 2.43, 2.634, 2.824, 2.725, 2.98, 2.603, 1.99, 1.48, 1.44, 1.86, 2.21, 4.0, 7.2, 8.514, 7.773, 7.967, 7.781, 8.224, 8.881, 8.671, 8.03], [16.521, 17.271, 17.787, 18.177, 17.625, 17.547, 17.809, 18.797, 19.053, 19.13, 19.265, 18.249, 16.482, 15.142, 15.269, 15.629, 15.644, 15.538, 13.649, 12.94, 12.467, 12.557, 13.217, 13.527, 13.727, 13.646, 13.927, 14.24, 14.014, 13.607, 13.735, 14.151, 14.695, 16.155, 16.611, 16.599, 15.733, 14.014, 11.777, 10.358, 9.606, 8.022, 5.39, 2.52, 1.46, 1.1, 1.05, 1.38, 1.35, 1.39, 1.3, 1.06, 0, 1.0, 1.8, 2.6, 2.8, 2.51, 2.3, 2.86, 3.113, 3.741, 3.251, 2.595, 2.275, 2.275, 2.374, 2.671, 2.595, 2.743, 2.303, 1.75, 1.42, 1.38, 1.92, 2.25, 4.2, 7.46, 8.849, 8.044, 8.223, 8.067, 8.489, 9.161, 8.991, 8.304], [16.093, 16.809, 17.31, 17.709, 17.053, 17.062, 17.378, 18.383, 18.541, 18.704, 18.833, 17.741, 16.07, 14.713, 14.757, 15.249, 15.287, 15.16, 13.272, 12.483, 12.01, 12.12, 12.82, 13.15, 13.35, 13.209, 13.45, 13.743, 13.477, 13.07, 13.28, 13.677, 14.238, 15.741, 16.197, 16.171, 15.319, 13.629, 11.34, 9.916, 9.106, 7.502, 4.91, 2.12, 1.5, 1.44, 1.35, 1.44, 1.65, 1.73, 1.4, 1.46, 1.0, 0, 1.56, 2.3, 2.62, 2.35, 2.4, 2.98, 3.404, 4.112, 3.654, 3.05, 2.75, 2.726, 2.914, 3.154, 3.146, 3.348, 2.965, 2.39, 2.06, 1.76, 1.88, 2.09, 3.8, 7.0, 8.372, 7.627, 7.766, 7.646, 8.055, 8.687, 8.577, 7.892], [15.156, 15.931, 16.43, 16.832, 16.191, 16.167, 16.415, 17.426, 17.693, 17.767, 17.902, 16.824, 15.079, 13.808, 13.911, 14.292, 14.322, 14.344, 12.384, 11.598, 11.033, 11.157, 11.84, 12.17, 12.384, 12.292, 12.55, 12.826, 12.62, 12.268, 12.407, 12.838, 13.316, 14.77, 15.211, 15.194, 14.342, 12.674, 10.42, 9.051, 8.284, 6.705, 4.17, 1.86, 2.0, 2.2, 2.07, 1.82, 2.13, 2.29, 1.8, 1.74, 1.8, 1.56, 0, 1.38, 1.68, 1.63, 1.56, 2.38, 3.341, 4.477, 3.966, 3.31, 3.01, 3.237, 3.625, 3.815, 3.655, 3.872, 3.492, 2.862, 2.16, 1.96, 1.86, 2.03, 3.28, 6.18, 7.555, 6.805, 6.947, 6.724, 7.167, 7.79, 7.617, 6.958], [14.642, 15.475, 15.942, 16.381, 15.922, 15.722, 16.033, 16.993, 17.185, 17.251, 17.455, 16.512, 14.831, 13.528, 13.561, 13.895, 13.905, 14.222, 12.267, 11.293, 10.745, 10.875, 11.555, 11.885, 12.048, 12.021, 12.211, 12.498, 12.235, 11.971, 12.068, 12.761, 13.185, 14.55, 15.02, 14.92, 14.0, 12.232, 10.015, 8.657, 7.915, 6.388, 3.93, 2.54, 3.04, 3.08, 2.95, 2.7, 2.89, 3.03, 2.44, 2.66, 2.6, 2.3, 1.38, 0, 0.8, 0.95, 1.38, 1.948, 3.432, 4.498, 3.988, 3.35, 3.17, 3.73, 4.202, 4.203, 4.051, 4.359, 4.016, 3.533, 2.9, 2.8, 2.56, 2.73, 3.48, 6.06, 7.281, 6.568, 6.733, 6.499, 6.947, 7.593, 7.469, 6.839], [14.88, 15.739, 16.24, 16.702, 16.209, 15.957, 16.361, 17.213, 17.331, 17.474, 17.743, 16.784, 15.18, 13.917, 13.907, 14.25, 14.26, 14.69, 12.759, 11.645, 11.12, 11.239, 11.91, 12.243, 12.432, 12.35, 12.5, 12.767, 12.519, 12.349, 12.422, 13.284, 13.711, 15.016, 15.403, 15.249, 14.289, 12.55, 10.375, 9.083, 8.335, 6.824, 4.357, 2.84, 3.28, 3.22, 3.09, 3.02, 3.11, 3.21, 2.74, 2.94, 2.8, 2.62, 1.68, 0.8, 0, 0.73, 1.22, 1.54, 3.115, 4.209, 3.784, 3.17, 3.05, 3.77, 4.35, 4.18, 4.07, 4.37, 4.087, 3.55, 3.06, 3.04, 2.84, 3.09, 4.04, 6.496, 7.76, 7.104, 7.185, 6.919, 7.33, 7.973, 7.895, 7.285], [15.187, 15.92, 16.513, 16.898, 16.388, 16.178, 16.546, 17.457, 17.664, 17.752, 17.925, 16.968, 15.299, 14.053, 14.103, 14.366, 14.376, 14.843, 12.909, 11.798, 11.233, 11.358, 12.029, 12.356, 12.55, 12.466, 12.656, 12.954, 12.698, 12.539, 12.589, 13.38, 13.838, 15.169, 15.536, 15.379, 14.439, 12.734, 10.523, 9.282, 8.578, 7.026, 4.587, 2.89, 3.17, 2.91, 2.78, 2.83, 2.76, 2.88, 2.49, 2.69, 2.51, 2.35, 1.63, 0.95, 0.73, 0, 0.81, 1.25, 2.8, 3.962, 3.568, 3.0, 2.7, 3.4, 3.94, 3.804, 3.643, 3.906, 3.6, 3.12, 2.83, 2.83, 2.71, 3.0, 4.23, 6.686, 7.921, 7.26, 7.395, 7.069, 7.463, 8.123, 7.985, 7.415], [15.532, 16.328, 16.878, 17.2, 16.69, 16.486, 16.77, 17.67, 17.957, 18.028, 18.221, 17.248, 15.495, 14.301, 14.388, 14.688, 14.626, 14.993, 13.079, 12.01, 11.483, 11.588, 12.208, 12.543, 12.74, 12.736, 12.9, 13.221, 12.939, 12.769, 12.899, 13.647, 14.091, 15.355, 15.704, 15.575, 14.632, 12.984, 10.908, 9.618, 8.871, 7.313, 4.897, 2.9, 2.96, 2.68, 2.53, 2.62, 2.61, 2.63, 2.34, 2.44, 2.3, 2.4, 1.56, 1.38, 1.22, 0.81, 0, 1.16, 2.65, 3.806, 3.44, 2.91, 2.57, 3.23, 3.71, 3.6, 3.376, 3.61, 3.29, 2.81, 2.5, 2.56, 2.66, 2.99, 4.34, 6.941, 8.203, 7.533, 7.685, 7.319, 7.733, 8.393, 8.195, 7.605], [15.938, 16.815, 17.339, 17.78, 17.27, 16.927, 17.329, 18.183, 18.318, 18.443, 18.678, 17.758, 16.204, 15.009, 15.049, 15.243, 15.235, 15.791, 13.905, 12.691, 12.147, 12.271, 12.908, 13.212, 13.461, 13.328, 13.487, 13.719, 13.537, 13.495, 13.588, 14.45, 14.877, 16.178, 16.512, 16.216, 15.236, 13.503, 11.494, 10.264, 9.526, 8.01, 5.589, 3.771, 3.32, 3.0, 2.87, 2.94, 2.85, 2.85, 2.62, 2.88, 2.86, 2.98, 2.38, 1.948, 1.54, 1.25, 1.16, 0, 2.03, 3.227, 2.92, 2.49, 2.31, 3.05, 3.61, 3.28, 3.15, 3.45, 3.25, 3.01, 2.88, 3.04, 3.44, 3.85, 5.331, 7.701, 8.917, 8.256, 8.351, 8.085, 8.456, 9.105, 9.021, 8.451], [17.738, 18.539, 18.975, 19.482, 18.869, 18.725, 19.049, 20.014, 20.107, 20.269, 20.453, 19.493, 17.884, 16.635, 16.601, 16.998, 16.948, 17.35, 15.448, 14.332, 13.791, 13.912, 14.581, 14.902, 15.099, 15.024, 15.159, 15.423, 15.177, 14.958, 15.148, 15.839, 16.334, 17.707, 18.141, 17.94, 16.999, 15.269, 13.147, 11.857, 11.088, 9.454, 6.946, 4.566, 3.59, 2.99, 3.08, 3.607, 3.177, 3.02, 3.165, 2.93, 3.113, 3.404, 3.341, 3.432, 3.115, 2.8, 2.65, 2.03, 0, 1.48, 1.49, 1.68, 2.14, 2.56, 2.7, 2.09, 2.1, 2.54, 2.66, 2.78, 3.15, 3.43, 4.226, 4.716, 6.458, 9.028, 10.356, 9.684, 9.84, 9.645, 10.056, 10.716, 10.564, 9.926], [18.956, 19.764, 20.237, 20.716, 20.2, 19.976, 20.381, 21.232, 21.336, 21.498, 21.747, 20.827, 19.211, 17.944, 17.89, 18.264, 18.256, 18.644, 16.723, 15.647, 15.117, 15.241, 15.912, 16.233, 16.431, 16.352, 16.49, 16.757, 16.481, 16.287, 16.457, 17.117, 17.609, 18.999, 19.45, 19.265, 18.293, 16.558, 14.402, 13.052, 12.254, 10.621, 8.119, 5.406, 4.104, 3.638, 3.748, 4.115, 3.816, 3.68, 3.952, 3.672, 3.741, 4.112, 4.477, 4.498, 4.209, 3.962, 3.806, 3.227, 1.48, 0, 0.99, 1.6, 1.84, 2.22, 2.5, 1.79, 1.7, 2.22, 2.34, 2.66, 3.25, 3.99, 4.955, 5.465, 7.392, 10.201, 11.526, 10.927, 11.115, 10.937, 11.382, 12.025, 11.89, 11.235], [18.509, 19.314, 19.839, 20.246, 19.764, 19.546, 19.951, 20.816, 20.94, 21.063, 21.352, 20.403, 18.761, 17.47, 17.409, 17.825, 17.826, 18.183, 16.229, 15.186, 14.669, 14.805, 15.476, 15.809, 15.978, 15.928, 16.078, 16.356, 16.039, 15.792, 15.957, 16.623, 17.116, 18.507, 18.974, 18.841, 17.881, 16.136, 13.945, 12.555, 11.754, 10.125, 7.576, 4.896, 3.56, 3.1, 3.23, 3.6, 3.286, 3.07, 3.422, 3.122, 3.251, 3.654, 3.966, 3.988, 3.784, 3.568, 3.44, 2.92, 1.49, 0.99, 0, 1.07, 1.49, 1.79, 1.99, 1.36, 1.51, 1.97, 2.13, 2.33, 2.88, 3.5, 4.48, 5.01, 6.922, 9.738, 11.024, 10.448, 10.638, 10.463, 10.907, 11.532, 11.41, 10.755], [17.867, 18.671, 19.15, 19.603, 19.141, 18.918, 19.326, 20.172, 20.278, 20.404, 20.728, 19.769, 18.124, 16.83, 16.783, 17.191, 17.198, 17.515, 15.558, 14.546, 14.038, 14.168, 14.848, 15.178, 15.341, 15.294, 15.444, 15.731, 15.428, 15.182, 15.301, 15.931, 16.429, 17.85, 18.322, 18.216, 17.256, 15.508, 13.288, 11.885, 11.078, 9.438, 6.958, 4.33, 3.03, 2.59, 2.7, 3.07, 2.78, 2.64, 2.95, 2.57, 2.595, 3.05, 3.31, 3.35, 3.17, 3.0, 2.91, 2.49, 1.68, 1.6, 1.07, 0, 1.06, 1.36, 1.74, 1.47, 1.52, 1.86, 1.88, 2.02, 2.39, 2.99, 3.95, 4.46, 6.29, 9.128, 10.348, 9.758, 9.938, 9.801, 10.252, 10.878, 10.75, 10.095], [17.645, 18.415, 18.914, 19.367, 18.885, 18.676, 19.043, 19.957, 20.124, 20.227, 20.428, 19.481, 17.785, 16.497, 16.533, 16.866, 16.867, 17.21, 15.27, 14.235, 13.713, 13.826, 14.5, 14.83, 14.999, 14.96, 15.133, 15.449, 15.183, 14.917, 15.059, 15.645, 16.149, 17.548, 17.998, 17.879, 16.939, 15.232, 12.994, 11.62, 10.878, 9.275, 6.738, 4.03, 2.69, 2.33, 2.4, 2.73, 2.58, 2.58, 2.75, 2.33, 2.275, 2.75, 3.01, 3.17, 3.05, 2.7, 2.57, 2.31, 2.14, 1.84, 1.49, 1.06, 0, 0.98, 1.7, 1.61, 1.58, 1.76, 1.6, 1.56, 1.97, 2.69, 3.63, 4.08, 5.937, 8.808, 10.088, 9.458, 9.698, 9.485, 9.933, 10.573, 10.433, 9.778], [18.158, 18.92, 19.442, 19.849, 19.305, 19.164, 19.5, 20.468, 20.675, 20.764, 20.925, 19.923, 18.208, 16.899, 16.963, 17.334, 17.355, 17.487, 15.55, 14.629, 14.141, 14.257, 14.937, 15.247, 15.444, 15.374, 15.581, 15.903, 15.646, 15.282, 15.438, 15.934, 16.452, 17.924, 18.402, 18.319, 17.45, 15.714, 13.452, 12.062, 11.302, 9.682, 7.07, 4.27, 2.73, 2.29, 2.42, 2.79, 2.48, 2.44, 2.69, 2.43, 2.275, 2.726, 3.237, 3.73, 3.77, 3.4, 3.23, 3.05, 2.56, 2.22, 1.79, 1.36, 0.98, 0, 1.18, 1.37, 1.28, 1.32, 1.24, 1.44, 1.97, 2.65, 3.61, 4.04, 6.014, 9.174, 10.477, 9.8, 10.007, 9.861, 10.298, 10.899, 10.783, 10.144], [18.664, 19.44, 19.941, 20.357, 19.759, 19.69, 19.955, 20.939, 21.189, 21.263, 21.427, 20.38, 18.662, 17.339, 17.458, 17.837, 17.83, 17.79, 15.901, 15.077, 14.596, 14.711, 15.391, 15.718, 15.916, 15.797, 16.056, 16.36, 16.137, 15.747, 15.929, 16.331, 16.858, 18.353, 18.806, 18.776, 17.905, 16.223, 13.951, 12.55, 11.786, 10.178, 7.585, 4.605, 3.028, 2.53, 2.68, 3.01, 2.48, 2.3, 2.748, 2.634, 2.374, 2.914, 3.625, 4.202, 4.35, 3.94, 3.71, 3.61, 2.7, 2.5, 1.99, 1.74, 1.7, 1.18, 0, 1.05, 1.24, 1.14, 1.16, 1.48, 2.11, 2.71, 3.79, 4.16, 6.363, 9.637, 10.98, 10.256, 10.435, 10.246, 10.689, 11.335, 11.202, 10.529], [18.785, 19.567, 20.026, 20.47, 19.912, 19.823, 20.122, 21.107, 21.271, 21.371, 21.558, 20.533, 18.838, 17.469, 17.568, 17.968, 17.963, 17.98, 16.0