[[0, 0.93, 1.15, 1.52, 2.43, 2.2, 2.18, 2.45, 3.63, 4.62, 4.77, 6.47, 7.42, 6.73, 7.06, 7.06, 7.01, 6.67, 6.22, 5.69, 4.89, 4.83, 5.24, 6.12, 6.34, 6.32, 6.22, 6.19, 5.49, 6.12, 7.8, 8.076, 8.226, 8.389, 8.303, 8.62, 9.043, 8.73, 8.14, 7.49, 6.52, 5.3, 4.4, 4.73, 5.42, 4.44, 3.67, 4.02, 4.33, 3.52, 2.2, 1.86, 1.96, 2.26, 4.26, 5.01, 5.75, 5.695, 5.282, 5.549, 4.69, 3.93, 4.105, 4.495, 4.254, 4.647, 4.968, 5.006, 5.271, 4.936, 4.33, 4.06, 4.76, 4.15, 3.5, 3.75, 4.16, 4.89, 4.81, 4.35, 3.66, 2.63, 1.82, 1.98, 2.76, 2.89], [0.93, 0, 0.72, 1.21, 2.06, 1.91, 1.99, 2.2, 3.26, 4.21, 4.32, 6.12, 6.95, 6.32, 6.55, 6.55, 6.52, 6.18, 5.77, 5.28, 4.42, 4.34, 4.69, 5.61, 5.81, 5.77, 5.69, 5.7, 4.98, 5.57, 7.23, 7.49, 7.66, 7.823, 7.74, 8.05, 8.46, 8.14, 7.55, 6.98, 6.09, 4.93, 4.01, 4.16, 4.93, 4.07, 3.32, 3.51, 3.78, 3.07, 1.61, 1.31, 1.29, 1.59, 3.67, 4.42, 5.16, 5.1, 4.75, 4.94, 4.04, 3.32, 3.516, 3.926, 3.626, 4.037, 4.379, 4.504, 4.724, 4.44, 3.82, 3.53, 4.19, 3.56, 2.93, 3.22, 3.71, 4.56, 4.48, 3.92, 3.23, 2.24, 1.73, 1.79, 2.51, 2.56], [1.15, 0.72, 0, 1.07, 2.0, 1.77, 1.79, 2.14, 3.28, 4.29, 4.38, 6.32, 7.17, 6.54, 6.73, 6.69, 6.74, 6.42, 5.99, 5.5, 4.68, 4.52, 4.89, 5.81, 5.99, 5.97, 5.87, 5.88, 5.16, 5.77, 7.45, 7.73, 7.9, 8.057, 7.96, 8.27, 8.7, 8.38, 7.79, 7.2, 6.29, 5.13, 4.17, 4.34, 5.09, 4.19, 3.4, 3.69, 4.02, 3.29, 1.81, 1.39, 1.43, 1.83, 3.91, 4.643, 5.366, 5.323, 4.95, 5.16, 4.26, 3.48, 3.748, 4.143, 3.883, 4.217, 4.616, 4.722, 4.942, 4.612, 4.06, 3.77, 4.43, 3.8, 3.11, 3.42, 3.93, 4.8, 4.74, 4.14, 3.47, 2.44, 1.51, 1.75, 2.59, 2.68], [1.52, 1.21, 1.07, 0, 1.39, 1.14, 1.1, 1.59, 2.61, 3.72, 3.99, 5.69, 6.6, 5.95, 6.24, 6.34, 6.347, 6.01, 5.577, 5.07, 4.27, 4.15, 4.58, 5.46, 5.66, 5.66, 5.54, 5.51, 4.81, 5.46, 7.14, 7.405, 7.575, 7.738, 7.65, 7.96, 8.39, 8.07, 7.48, 6.83, 5.92, 4.7, 3.76, 4.03, 4.76, 3.78, 2.99, 3.4, 3.69, 2.9, 1.8, 1.6, 1.44, 1.96, 3.6, 4.284, 5.007, 4.964, 4.611, 4.87, 3.85, 3.17, 3.394, 3.824, 3.544, 3.867, 4.297, 4.346, 4.62, 4.199, 3.69, 3.42, 4.12, 3.49, 2.84, 3.09, 3.48, 4.29, 4.27, 3.71, 2.92, 1.83, 1.24, 1.26, 2.06, 2.17], [2.43, 2.06, 2.0, 1.39, 0, 1.03, 1.55, 1.08, 1.7, 2.77, 2.96, 4.54, 5.55, 4.82, 5.17, 5.35, 5.4, 5.04, 4.61, 4.1, 3.28, 3.18, 3.59, 4.47, 4.67, 4.67, 4.55, 4.52, 3.82, 4.53, 6.15, 6.412, 6.582, 6.745, 6.66, 6.97, 7.399, 7.08, 6.49, 5.84, 4.91, 3.73, 2.81, 3.18, 3.91, 2.99, 2.16, 2.69, 2.86, 2.11, 2.17, 2.07, 1.97, 2.29, 2.91, 3.4, 4.154, 3.971, 3.618, 3.88, 2.84, 2.16, 2.421, 2.92, 2.7, 2.87, 3.344, 3.402, 3.662, 3.272, 2.8, 2.59, 3.23, 2.78, 2.53, 2.6, 2.69, 3.48, 3.36, 2.8, 1.91, 1.36, 2.05, 1.11, 1.29, 1.48], [2.2, 1.91, 1.77, 1.14, 1.03, 0, 1.02, 0.87, 2.05, 3.06, 3.63, 5.17, 6.26, 5.45, 5.8, 6.02, 6.055, 5.755, 5.288, 4.79, 4.03, 3.91, 4.34, 5.22, 5.42, 5.42, 5.3, 5.27, 4.57, 5.24, 6.9, 7.165, 7.335, 7.498, 7.41, 7.72, 8.15, 7.83, 7.24, 6.59, 5.68, 4.44, 3.52, 3.81, 4.54, 3.58, 2.83, 3.3, 3.53, 2.74, 2.22, 2.08, 1.94, 2.42, 3.5, 4.064, 4.827, 4.724, 4.371, 4.558, 3.541, 2.861, 3.154, 3.624, 3.344, 3.534, 4.057, 4.103, 4.38, 3.973, 3.47, 3.22, 3.9, 3.31, 2.96, 2.97, 3.24, 3.93, 3.89, 3.37, 2.6, 1.23, 1.26, 0.98, 1.8, 1.93], [2.18, 1.99, 1.79, 1.1, 1.55, 1.02, 0, 1.05, 2.57, 3.72, 4.29, 5.85, 6.88, 6.082, 6.48, 6.74, 6.81, 6.45, 6.02, 5.45, 4.65, 4.59, 5.02, 5.9, 6.1, 6.1, 5.98, 5.95, 5.25, 5.9, 7.568, 7.831, 8.001, 8.163, 8.078, 8.388, 8.818, 8.51, 7.92, 7.27, 6.3, 5.1, 4.12, 4.43, 5.12, 4.14, 3.35, 3.9, 4.13, 3.32, 2.48, 2.28, 2.1, 2.54, 4.08, 4.709, 5.452, 5.389, 5.036, 5.223, 4.186, 3.546, 3.819, 4.249, 3.969, 4.219, 4.722, 4.788, 5.045, 4.639, 4.073, 3.86, 4.52, 3.91, 3.36, 3.55, 3.94, 4.682, 4.584, 4.133, 3.24, 1.65, 1.1, 1.34, 2.34, 2.53], [2.45, 2.2, 2.14, 1.59, 1.08, 0.87, 1.05, 0, 1.84, 2.95, 3.58, 5.12, 6.11, 5.292, 5.747, 5.99, 6.06, 5.76, 5.267, 4.68, 3.94, 3.88, 4.31, 5.19, 5.39, 5.39, 5.27, 5.24, 4.54, 5.19, 6.852, 7.115, 7.285, 7.448, 7.362, 7.672, 8.102, 7.799, 7.209, 6.56, 5.59, 4.35, 3.45, 3.8, 4.55, 3.59, 2.86, 3.39, 3.54, 2.71, 2.61, 2.39, 2.23, 2.77, 3.65, 4.093, 4.836, 4.713, 4.321, 4.508, 3.511, 2.811, 3.183, 3.553, 3.333, 3.483, 4.006, 4.069, 4.329, 3.919, 3.433, 3.19, 3.87, 3.32, 3.11, 3.12, 3.23, 3.96, 3.88, 3.4, 2.51, 1.24, 1.61, 1.09, 1.83, 1.98], [3.63, 3.26, 3.28, 2.61, 1.7, 2.05, 2.57, 1.84, 0, 1.39, 1.9, 3.72, 4.59, 3.84, 4.15, 4.25, 4.3, 4.04, 3.51, 2.92, 2.26, 2.4, 2.63, 3.47, 3.65, 3.65, 3.53, 3.5, 2.92, 3.55, 5.13, 5.378, 5.548, 5.711, 5.625, 5.935, 6.365, 6.06, 5.47, 4.82, 3.87, 2.67, 2.45, 2.34, 3.09, 2.19, 1.82, 2.39, 2.46, 2.31, 2.95, 2.93, 2.85, 3.25, 3.35, 3.02, 3.58, 3.22, 2.85, 2.84, 2.12, 1.44, 1.97, 2.44, 2.28, 2.01, 2.45, 2.45, 2.77, 2.46, 2.14, 2.25, 2.67, 2.78, 2.97, 2.92, 2.65, 2.86, 2.6, 2.28, 1.83, 1.84, 2.87, 2.11, 1.59, 1.48], [4.62, 4.21, 4.29, 3.72, 2.77, 3.06, 3.72, 2.95, 1.39, 0, 0.95, 2.75, 3.6, 2.89, 3.06, 3.18, 3.23, 3.03, 2.54, 2.03, 1.89, 2.53, 2.48, 3.08, 3.14, 3.14, 2.94, 2.89, 2.73, 3.02, 4.06, 4.32, 4.47, 4.606, 4.53, 4.86, 5.261, 4.95, 4.36, 3.75, 2.74, 2.66, 2.76, 2.39, 2.42, 1.88, 1.85, 2.48, 2.65, 2.9, 3.68, 3.68, 3.6, 4.0, 3.9, 3.17, 3.49, 2.95, 2.4, 2.35, 1.99, 1.75, 2.48, 2.69, 2.45, 1.88, 2.02, 2.04, 2.42, 2.39, 2.29, 2.68, 2.9, 3.23, 3.56, 3.57, 3.3, 3.03, 2.87, 2.75, 2.24, 2.65, 3.98, 3.16, 2.42, 2.25], [4.77, 4.32, 4.38, 3.99, 2.96, 3.63, 4.29, 3.58, 1.9, 0.95, 0, 2.3, 3.13, 2.52, 2.59, 2.51, 2.54, 2.36, 1.81, 1.5, 1.28, 2.02, 1.97, 2.43, 2.45, 2.45, 2.21, 2.26, 2.16, 2.35, 3.33, 3.61, 3.74, 3.92, 3.8, 4.11, 4.539, 4.22, 3.65, 3.06, 2.19, 2.15, 2.29, 2.02, 1.93, 1.41, 1.64, 2.15, 2.22, 2.53, 3.51, 3.61, 3.49, 3.75, 3.37, 2.68, 2.92, 2.32, 1.81, 1.76, 1.7, 1.52, 2.07, 2.16, 1.96, 1.37, 1.43, 1.49, 1.75, 1.72, 1.92, 2.31, 2.53, 2.82, 3.21, 3.16, 2.89, 2.86, 2.64, 2.44, 2.07, 3.1, 4.67, 3.55, 2.69, 2.48], [6.47, 6.12, 6.32, 5.69, 4.54, 5.17, 5.85, 5.12, 3.72, 2.75, 2.3, 0, 1.31, 0.9, 1.09, 1.41, 1.56, 1.48, 1.61, 1.84, 2.28, 3.18, 2.95, 3.13, 3.09, 2.99, 2.81, 2.88, 3.14, 3.11, 3.03, 3.31, 3.28, 3.06, 2.9, 3.23, 3.32, 3.02, 2.71, 2.4, 2.11, 2.91, 3.47, 3.42, 3.15, 3.21, 3.82, 3.95, 3.66, 4.33, 5.37, 5.67, 5.41, 5.73, 4.63, 3.86, 3.84, 3.06, 2.87, 2.84, 3.04, 3.36, 3.53, 3.48, 3.34, 2.83, 2.89, 2.87, 2.97, 2.98, 3.6, 4.19, 4.13, 4.46, 4.73, 4.48, 3.93, 3.36, 3.16, 3.58, 3.23, 4.6, 6.11, 5.07, 4.23, 4.14], [7.42, 6.95, 7.17, 6.6, 5.55, 6.26, 6.88, 6.11, 4.59, 3.6, 3.13, 1.31, 0, 0.97, 1.14, 1.38, 1.65, 1.89, 2.16, 2.39, 2.97, 3.91, 3.6, 3.64, 3.58, 3.48, 3.38, 3.47, 3.73, 3.62, 3.38, 3.62, 3.59, 3.29, 3.17, 3.42, 3.03, 2.85, 2.94, 2.63, 2.58, 3.48, 4.1, 4.09, 3.74, 3.98, 4.61, 4.68, 4.33, 5.08, 6.14, 6.42, 6.2, 6.5, 5.24, 4.47, 4.41, 3.53, 3.52, 3.57, 3.75, 4.09, 4.24, 4.07, 4.01, 3.54, 3.54, 3.5, 3.5, 3.61, 4.25, 4.86, 4.78, 5.11, 5.4, 5.09, 4.6, 4.03, 3.79, 4.17, 4.02, 5.69, 7.18, 6.02, 5.04, 4.91], [6.73, 6.32, 6.54, 5.95, 4.82, 5.45, 6.082, 5.292, 3.84, 2.89, 2.52, 0.9, 0.97, 0, 1.01, 1.41, 1.48, 1.64, 1.67, 2.0, 2.54, 3.6, 3.37, 3.61, 3.57, 3.47, 3.25, 3.38, 3.6, 3.57, 3.47, 3.77, 3.76, 3.52, 3.34, 3.61, 3.54, 3.3, 3.17, 2.82, 2.49, 3.31, 3.73, 3.72, 3.47, 3.39, 4.02, 4.09, 3.86, 4.47, 5.51, 5.81, 5.57, 5.89, 4.95, 4.2, 4.24, 3.48, 3.21, 3.2, 3.3, 3.5, 3.75, 3.64, 3.58, 2.99, 3.03, 3.07, 3.13, 3.14, 3.76, 4.27, 4.29, 4.64, 4.95, 4.72, 4.29, 3.76, 3.52, 3.82, 3.45, 4.88, 6.31, 5.17, 4.33, 4.24], [7.06, 6.55, 6.73, 6.24, 5.17, 5.8, 6.48, 5.747, 4.15, 3.06, 2.59, 1.09, 1.14, 1.01, 0, 0.7, 1.05, 1.23, 1.68, 2.05, 2.53, 3.29, 2.96, 2.88, 2.82, 2.76, 2.64, 2.77, 3.05, 2.86, 2.8, 3.06, 2.99, 2.81, 2.73, 3.04, 2.89, 2.67, 2.5, 2.19, 2.04, 2.96, 3.58, 3.57, 3.18, 3.52, 4.19, 4.2, 3.81, 4.6, 5.68, 5.94, 5.68, 6.0, 4.72, 3.79, 3.63, 2.79, 2.94, 3.01, 3.29, 3.61, 3.78, 3.61, 3.53, 3.04, 3.04, 3.02, 3.0, 3.15, 3.75, 4.36, 4.24, 4.57, 4.82, 4.57, 3.94, 3.53, 3.37, 3.65, 3.58, 5.21, 6.8, 5.74, 4.86, 4.67], [7.06, 6.55, 6.69, 6.34, 5.35, 6.02, 6.74, 5.99, 4.25, 3.18, 2.51, 1.41, 1.38, 1.41, 0.7, 0, 0.75, 1.13, 1.54, 1.99, 2.49, 3.17, 2.86, 2.56, 2.5, 2.42, 2.34, 2.51, 2.81, 2.6, 2.6, 2.8, 2.69, 2.59, 2.53, 2.86, 2.71, 2.45, 2.26, 1.97, 1.8, 2.74, 3.5, 3.45, 3.0, 3.4, 4.03, 4.06, 3.69, 4.46, 5.54, 5.82, 5.54, 5.82, 4.54, 3.71, 3.33, 2.55, 2.74, 2.81, 3.25, 3.51, 3.6, 3.47, 3.39, 2.96, 2.92, 2.92, 2.92, 3.03, 3.65, 4.26, 4.16, 4.49, 4.74, 4.47, 3.8, 3.41, 3.31, 3.55, 3.74, 5.45, 7.04, 5.92, 4.92, 4.71], [7.01, 6.52, 6.74, 6.347, 5.4, 6.055, 6.81, 6.06, 4.3, 3.23, 2.54, 1.56, 1.65, 1.48, 1.05, 0.75, 0, 0.92, 1.25, 1.78, 2.3, 2.8, 2.49, 2.35, 2.25, 2.17, 2.01, 2.12, 2.4, 2.23, 2.41, 2.59, 2.6, 2.46, 2.34, 2.67, 2.54, 2.32, 2.11, 1.86, 1.45, 2.39, 3.13, 3.06, 2.57, 3.05, 3.82, 3.67, 3.3, 4.09, 5.35, 5.67, 5.57, 5.57, 4.15, 3.32, 2.92, 2.42, 2.57, 2.66, 3.24, 3.54, 3.51, 3.18, 3.26, 2.97, 2.59, 2.55, 2.55, 2.64, 3.26, 3.87, 3.77, 4.1, 4.35, 4.08, 3.49, 3.08, 2.94, 3.2, 3.71, 5.48, 7.09, 5.955, 4.91, 4.72], [6.67, 6.18, 6.42, 6.01, 5.04, 5.755, 6.45, 5.76, 4.04, 3.03, 2.36, 1.48, 1.89, 1.64, 1.23, 1.13, 0.92, 0, 1.01, 1.52, 2.04, 2.34, 2.05, 2.07, 1.99, 1.95, 1.81, 2.0, 2.16, 2.11, 2.35, 2.51, 2.46, 2.4, 2.26, 2.63, 2.64, 2.48, 2.09, 1.72, 1.37, 2.17, 2.79, 2.74, 2.35, 2.71, 3.66, 3.33, 2.92, 3.81, 5.21, 5.45, 5.35, 5.39, 3.91, 2.92, 2.74, 2.38, 2.55, 2.54, 3.04, 3.28, 3.31, 2.96, 3.02, 2.77, 2.41, 2.29, 2.25, 2.4, 3.0, 3.55, 3.31, 3.62, 3.85, 3.64, 3.13, 2.82, 2.68, 2.98, 3.45, 5.18, 6.79, 5.67, 4.61, 4.46], [6.22, 5.77, 5.99, 5.577, 4.61, 5.288, 6.02, 5.267, 3.51, 2.54, 1.81, 1.61, 2.16, 1.67, 1.68, 1.54, 1.25, 1.01, 0, 1.09, 1.61, 2.19, 1.98, 2.12, 2.04, 2.06, 1.88, 1.95, 2.09, 2.16, 2.54, 2.68, 2.61, 2.59, 2.55, 2.88, 3.05, 2.85, 2.48, 1.99, 1.44, 2.02, 2.44, 2.29, 2.08, 2.12, 2.99, 2.7, 2.45, 3.06, 4.54, 4.92, 4.82, 4.78, 3.48, 2.75, 2.81, 2.43, 2.12, 2.05, 2.61, 2.75, 2.82, 2.53, 2.63, 2.2, 1.82, 1.8, 1.82, 1.93, 2.51, 2.9, 2.88, 3.21, 3.56, 3.37, 3.12, 2.95, 2.67, 2.75, 2.94, 4.67, 6.291, 5.165, 4.099, 3.923], [5.69, 5.28, 5.5, 5.07, 4.1, 4.79, 5.45, 4.68, 2.92, 2.03, 1.5, 1.84, 2.39, 2.0, 2.05, 1.99, 1.78, 1.52, 1.09, 0, 1.3, 2.1, 1.95, 2.17, 2.19, 2.13, 1.89, 1.96, 2.1, 2.25, 2.83, 2.97, 2.94, 3.1, 2.98, 3.37, 3.58, 3.3, 2.95, 2.32, 1.49, 1.77, 2.29, 2.28, 2.05, 1.95, 2.54, 2.65, 2.44, 3.13, 4.13, 4.49, 4.41, 4.49, 3.59, 2.72, 2.8, 2.28, 2.19, 2.12, 2.32, 2.32, 2.43, 2.16, 2.26, 1.83, 1.57, 1.51, 1.49, 1.68, 2.24, 2.77, 2.69, 2.98, 3.41, 3.26, 2.99, 2.64, 2.36, 2.46, 2.69, 4.16, 5.71, 4.59, 3.53, 3.34], [4.89, 4.42, 4.68, 4.27, 3.28, 4.03, 4.65, 3.94, 2.26, 1.89, 1.28, 2.28, 2.97, 2.54, 2.53, 2.49, 2.3, 2.04, 1.61, 1.3, 0, 1.38, 1.19, 1.73, 1.77, 1.75, 1.65, 1.64, 1.52, 2.01, 3.01, 3.23, 3.4, 3.56, 3.44, 3.77, 4.18, 3.86, 3.33, 2.68, 1.79, 1.39, 1.73, 1.62, 1.79, 1.33, 1.92, 2.07, 1.74, 2.27, 3.43, 3.61, 3.49, 3.67, 2.75, 1.94, 2.3, 1.84, 1.71, 1.68, 1.66, 1.6, 1.75, 1.6, 1.48, 1.03, 1.11, 1.09, 1.27, 1.04, 1.56, 2.01, 2.05, 2.4, 2.79, 2.68, 2.31, 1.98, 1.8, 1.9, 1.87, 3.44, 4.99, 3.87, 2.81, 2.62], [4.83, 4.34, 4.52, 4.15, 3.18, 3.91, 4.59, 3.88, 2.4, 2.53, 2.02, 3.18, 3.91, 3.6, 3.29, 3.17, 2.8, 2.34, 2.19, 2.1, 1.38, 0, 0.81, 1.41, 1.67, 1.69, 1.53, 1.44, 0.98, 1.55, 2.99, 3.31, 3.52, 3.608, 3.52, 3.83, 4.32, 4.08, 3.41, 2.84, 2.07, 1.07, 1.19, 1.14, 1.51, 1.39, 1.86, 1.67, 1.14, 1.71, 3.09, 3.43, 3.31, 3.29, 1.87, 1.0, 1.52, 1.54, 1.73, 1.94, 2.0, 1.74, 1.77, 1.54, 1.56, 1.53, 1.41, 1.25, 1.49, 1.08, 1.26, 1.65, 1.41, 1.58, 1.77, 1.66, 1.31, 1.52, 1.42, 1.28, 1.61, 3.36, 4.93, 3.81, 2.81, 2.58], [5.24, 4.69, 4.89, 4.58, 3.59, 4.34, 5.02, 4.31, 2.63, 2.48, 1.97, 2.95, 3.6, 3.37, 2.96, 2.86, 2.49, 2.05, 1.98, 1.95, 1.19, 0.81, 0, 1.12, 1.18, 1.14, 1.12, 1.11, 0.91, 1.5, 2.58, 2.84, 3.09, 3.19, 3.09, 3.46, 3.97, 3.75, 3.08, 2.57, 1.84, 1.14, 1.38, 1.21, 1.3, 1.5, 2.19, 1.96, 1.29, 2.18, 3.66, 3.9, 3.74, 3.76, 2.18, 1.19, 1.61, 1.63, 1.72, 1.93, 2.13, 1.87, 1.94, 1.61, 1.67, 1.54, 1.36, 1.16, 1.2, 1.19, 1.45, 1.96, 1.5, 1.79, 2.08, 1.89, 1.52, 1.57, 1.47, 1.47, 2.02, 3.79, 5.36, 4.24, 3.18, 2.99], [6.12, 5.61, 5.81, 5.46, 4.47, 5.22, 5.9, 5.19, 3.47, 3.08, 2.43, 3.13, 3.64, 3.61, 2.88, 2.56, 2.35, 2.07, 2.12, 2.17, 1.73, 1.41, 1.12, 0, 0.5, 0.62, 0.6, 0.65, 0.79, 1.0, 1.74, 2.08, 2.29, 2.35, 2.25, 2.6, 3.15, 2.93, 2.26, 1.89, 1.64, 1.4, 1.94, 1.85, 1.46, 2.2, 2.75, 2.52, 2.09, 2.88, 4.36, 4.68, 4.58, 4.48, 2.74, 1.69, 1.33, 1.23, 1.82, 1.99, 2.47, 2.67, 2.54, 2.33, 2.43, 2.2, 1.74, 1.58, 1.44, 1.61, 2.13, 2.68, 2.2, 2.47, 2.82, 2.59, 2.14, 1.79, 1.97, 2.15, 2.88, 4.67, 6.24, 5.12, 4.06, 3.87], [6.34, 5.81, 5.99, 5.66, 4.67, 5.42, 6.1, 5.39, 3.65, 3.14, 2.45, 3.09, 3.58, 3.57, 2.82, 2.5, 2.25, 1.99, 2.04, 2.19, 1.77, 1.67, 1.18, 0.5, 0, 0.4, 0.56, 0.61, 1.05, 1.04, 1.6, 1.82, 2.03, 2.17, 2.03, 2.46, 3.01, 2.79, 2.12, 1.77, 1.52, 1.48, 2.14, 1.99, 1.56, 2.3, 3.01, 2.78, 2.27, 3.14, 4.68, 4.94, 4.84, 4.8, 3.04, 1.99, 1.47, 1.37, 2.0, 2.09, 2.61, 2.83, 2.82, 2.51, 2.59, 2.38, 1.94, 1.9, 1.6, 1.89, 2.41, 2.96, 2.42, 2.69, 3.0, 2.79, 2.3, 1.99, 2.07, 2.33, 3.08, 4.87, 6.46, 5.32, 4.26, 4.07], [6.32, 5.77, 5.97, 5.66, 4.67, 5.42, 6.1, 5.39, 3.65, 3.14, 2.45, 2.99, 3.48, 3.47, 2.76, 2.42, 2.17, 1.95, 2.06, 2.13, 1.75, 1.69, 1.14, 0.62, 0.4, 0, 0.54, 0.57, 1.11, 1.08, 1.58, 1.9, 2.11, 2.21, 2.09, 2.5, 3.05, 2.83, 2.18, 1.75, 1.52, 1.44, 2.16, 2.01, 1.6, 2.32, 3.03, 2.78, 2.29, 3.2, 4.68, 4.94, 4.82, 4.8, 3.1, 2.01, 1.55, 1.37, 1.96, 2.03, 2.61, 2.79, 2.76, 2.47, 2.51, 2.38, 1.96, 1.88, 1.6, 1.85, 2.41, 2.98, 2.42, 2.69, 3.0, 2.77, 2.3, 1.95, 2.05, 2.29, 3.08, 4.85, 6.44, 5.32, 4.26, 4.07], [6.22, 5.69, 5.87, 5.54, 4.55, 5.3, 5.98, 5.27, 3.53, 2.94, 2.21, 2.81, 3.38, 3.25, 2.64, 2.34, 2.01, 1.81, 1.88, 1.89, 1.65, 1.53, 1.12, 0.6, 0.56, 0.54, 0, 0.51, 1.01, 1.08, 1.66, 1.94, 2.19, 2.27, 2.17, 2.56, 3.05, 2.87, 2.22, 1.79, 1.34, 1.36, 2.02, 1.95, 1.46, 2.16, 2.91, 2.7, 2.25, 3.14, 4.56, 4.82, 4.72, 4.72, 3.04, 1.97, 1.51, 1.39, 1.88, 1.99, 2.47, 2.75, 2.68, 2.35, 2.41, 2.24, 1.88, 1.72, 1.5, 1.77, 2.31, 2.86, 2.38, 2.69, 3.0, 2.79, 2.24, 1.89, 2.01, 2.21, 3.0, 4.77, 6.34, 5.2, 4.14, 3.95], [6.19, 5.7, 5.88, 5.51, 4.52, 5.27, 5.95, 5.24, 3.5, 2.89, 2.26, 2.88, 3.47, 3.38, 2.77, 2.51, 2.12, 2.0, 1.95, 1.96, 1.64, 1.44, 1.11, 0.65, 0.61, 0.57, 0.51, 0, 0.88, 1.01, 1.69, 2.01, 2.22, 2.34, 2.18, 2.59, 3.16, 2.96, 2.25, 1.86, 1.41, 1.25, 1.97, 1.84, 1.39, 2.13, 2.8, 2.59, 2.16, 3.01, 4.47, 4.79, 4.69, 4.63, 2.95, 1.84, 1.46, 1.4, 1.81, 1.92, 2.52, 2.76, 2.69, 2.32, 2.42, 2.21, 1.81, 1.67, 1.51, 1.66, 2.18, 2.73, 2.25, 2.56, 2.89, 2.64, 2.17, 1.84, 1.9, 2.18, 2.95, 4.74, 6.31, 5.17, 4.11, 3.92], [5.49, 4.98, 5.16, 4.81, 3.82, 4.57, 5.25, 4.54, 2.92, 2.73, 2.16, 3.14, 3.73, 3.6, 3.05, 2.81, 2.4, 2.16, 2.09, 2.1, 1.52, 0.98, 0.91, 0.79, 1.05, 1.11, 1.01, 0.88, 0, 1.09, 2.33, 2.65, 2.86, 2.96, 2.88, 3.15, 3.66, 3.42, 2.77, 2.38, 1.67, 1.29, 1.53, 1.42, 1.27, 1.87, 2.28, 1.97, 1.66, 2.23, 3.75, 4.07, 3.97, 3.89, 2.21, 1.28, 1.06, 1.16, 1.45, 1.68, 2.08, 2.22, 2.29, 2.08, 2.12, 1.93, 1.51, 1.33, 1.35, 1.36, 1.76, 2.21, 1.99, 2.22, 2.41, 2.12, 1.69, 1.6, 1.72, 1.7, 2.35, 4.02, 5.61, 4.47, 3.41, 3.22], [6.12, 5.57, 5.77, 5.46, 4.53, 5.24, 5.9, 5.19, 3.55, 3.02, 2.35, 3.11, 3.62, 3.57, 2.86, 2.6, 2.23, 2.11, 2.16, 2.25, 2.01, 1.55, 1.5, 1.0, 1.04, 1.08, 1.08, 1.01, 1.09, 0, 1.7, 2.02, 2.21, 2.33, 2.23, 2.54, 2.93, 2.71, 2.02, 1.79, 1.54, 1.66, 2.16, 1.81, 1.34, 2.34, 2.73, 2.54, 2.05, 2.88, 4.34, 4.68, 4.56, 4.44, 2.86, 1.81, 1.21, 1.23, 1.8, 1.99, 2.55, 2.77, 2.78, 2.45, 2.55, 2.42, 1.9, 1.86, 1.68, 1.77, 2.17, 2.66, 2.48, 2.67, 2.96, 2.73, 2.24, 1.87, 1.85, 2.11, 2.84, 4.63, 6.24, 5.12, 4.06, 3.857], [7.8, 7.23, 7.45, 7.14, 6.15, 6.9, 7.568, 6.852, 5.13, 4.06, 3.33, 3.03, 3.38, 3.47, 2.8, 2.6, 2.41, 2.35, 2.54, 2.83, 3.01, 2.99, 2.58, 1.74, 1.6, 1.58, 1.66, 1.69, 2.33, 1.7, 0, 0.8, 1.01, 0.97, 0.77, 1.12, 1.79, 1.71, 1.14, 1.25, 1.96, 2.7, 3.52, 3.27, 2.62, 3.6, 4.35, 3.98, 3.57, 4.42, 6.0, 6.3, 6.18, 6.06, 4.22, 3.21, 2.63, 2.57, 3.08, 3.11, 3.87, 4.25, 4.08, 3.65, 3.83, 3.54, 3.08, 3.0, 2.76, 3.09, 3.65, 4.08, 3.5, 3.83, 4.36, 4.13, 3.72, 3.31, 3.35, 3.73, 4.5, 6.31, 7.92, 6.8, 5.736, 5.52], [8.076, 7.49, 7.73, 7.405, 6.412, 7.165, 7.831, 7.115, 5.378, 4.32, 3.61, 3.31, 3.62, 3.77, 3.06, 2.8, 2.59, 2.51, 2.68, 2.97, 3.23, 3.31, 2.84, 2.08, 1.82, 1.9, 1.94, 2.01, 2.65, 2.02, 0.8, 0, 0.55, 0.93, 0.79, 1.06, 1.71, 1.61, 1.26, 1.41, 2.08, 2.9, 3.84, 3.55, 2.96, 3.92, 4.71, 4.3, 3.79, 4.7, 6.32, 6.6, 6.48, 6.36, 4.54, 3.51, 2.93, 2.81, 3.3, 3.31, 4.11, 4.43, 4.36, 3.91, 4.09, 3.84, 3.34, 3.32, 3.06, 3.41, 3.97, 4.42, 3.84, 4.17, 4.64, 4.41, 3.98, 3.55, 3.61, 3.97, 4.74, 6.57, 8.191, 7.045, 5.979, 5.803], [8.226, 7.66, 7.9, 7.575, 6.582, 7.335, 8.001, 7.285, 5.548, 4.47, 3.74, 3.28, 3.59, 3.76, 2.99, 2.69, 2.6, 2.46, 2.61, 2.94, 3.4, 3.52, 3.09, 2.29, 2.03, 2.11, 2.19, 2.22, 2.86, 2.21, 1.01, 0.55, 0, 0.84, 0.9, 0.99, 1.68, 1.56, 1.29, 1.4, 2.03, 3.01, 4.01, 3.7, 3.15, 4.07, 4.9, 4.47, 3.96, 4.87, 6.51, 6.79, 6.67, 6.53, 4.69, 3.68, 3.1, 2.98, 3.43, 3.4, 4.22, 4.56, 4.49, 4.04, 4.22, 3.99, 3.47, 3.47, 3.21, 3.6, 4.14, 4.55, 4.05, 4.36, 4.85, 4.62, 4.15, 3.68, 3.72, 4.1, 4.87, 6.722, 8.341, 7.215, 6.149, 5.973], [8.389, 7.823, 8.057, 7.738, 6.745, 7.498, 8.163, 7.448, 5.711, 4.606, 3.92, 3.06, 3.29, 3.52, 2.81, 2.59, 2.46, 2.4, 2.59, 3.1, 3.56, 3.608, 3.19, 2.35, 2.17, 2.21, 2.27, 2.34, 2.96, 2.33, 0.97, 0.93, 0.84, 0, 0.76, 0.75, 1.3, 1.2, 0.97, 1.2, 2.19, 3.17, 4.13, 3.9, 3.17, 4.198, 4.98, 4.57, 4.16, 5.01, 6.57, 6.87, 6.73, 6.55, 4.77, 3.74, 3.12, 2.96, 3.39, 3.4, 4.18, 4.7, 4.49, 4.06, 4.24, 3.99, 3.53, 3.45, 3.23, 3.64, 4.22, 4.63, 4.11, 4.46, 4.99, 4.76, 4.31, 3.86, 3.86, 4.24, 5.05, 6.885, 8.503, 7.371, 6.302, 6.112], [8.303, 7.74, 7.96, 7.65, 6.66, 7.41, 8.078, 7.362, 5.625, 4.53, 3.8, 2.9, 3.17, 3.34, 2.73, 2.53, 2.34, 2.26, 2.55, 2.98, 3.44, 3.52, 3.09, 2.25, 2.03, 2.09, 2.17, 2.18, 2.88, 2.23, 0.77, 0.79, 0.9, 0.76, 0, 0.79, 1.2, 1.08, 0.83, 1.14, 2.17, 3.09, 4.07, 3.76, 3.15, 4.09, 4.9, 4.49, 4.06, 4.95, 6.55, 6.83, 6.71, 6.59, 4.75, 3.74, 3.16, 3.02, 3.49, 3.48, 4.26, 4.66, 4.55, 4.12, 4.26, 4.01, 3.53, 3.49, 3.23, 3.62, 4.18, 4.59, 4.03, 4.38, 4.87, 4.66, 4.23, 3.76, 3.82, 4.18, 4.95, 6.799, 8.418, 7.292, 6.226, 6.03], [8.62, 8.05, 8.27, 7.96, 6.97, 7.72, 8.388, 7.672, 5.935, 4.86, 4.11, 3.23, 3.42, 3.61, 3.04, 2.86, 2.67, 2.63, 2.88, 3.37, 3.77, 3.83, 3.46, 2.6, 2.46, 2.5, 2.56, 2.59, 3.15, 2.54, 1.12, 1.06, 0.99, 0.75, 0.79, 0, 1.09, 1.17, 1.08, 1.31, 2.5, 3.4, 4.32, 4.13, 3.42, 4.4, 5.17, 4.8, 4.41, 5.26, 6.8, 7.1, 6.98, 6.86, 5.1, 4.03, 3.43, 3.25, 3.76, 3.83, 4.57, 4.97, 4.78, 4.39, 4.57, 4.28, 3.84, 3.78, 3.56, 3.91, 4.47, 4.92, 4.48, 4.81, 5.24, 5.03, 4.56, 4.11, 4.15, 4.53, 5.3, 7.11, 8.74, 7.602, 6.536, 6.34], [9.043, 8.46, 8.7, 8.39, 7.399, 8.15, 8.818, 8.102, 6.365, 5.261, 4.539, 3.32, 3.03, 3.54, 2.89, 2.71, 2.54, 2.64, 3.05, 3.58, 4.18, 4.32, 3.97, 3.15, 3.01, 3.05, 3.05, 3.16, 3.66, 2.93, 1.79, 1.71, 1.68, 1.3, 1.2, 1.09, 0, 0.8, 1.11, 1.6, 2.69, 3.81, 4.75, 4.5, 3.81, 4.85, 5.6, 5.21, 4.86, 5.67, 7.23, 7.53, 7.41, 7.19, 5.51, 4.42, 3.82, 3.64, 4.07, 3.96, 4.82, 5.36, 5.17, 4.76, 4.98, 4.69, 4.19, 4.19, 3.91, 4.3, 4.82, 5.31, 4.97, 5.3, 5.77, 5.56, 5.05, 4.54, 4.56, 4.94, 5.71, 7.54, 9.158, 8.032, 6.966, 6.77], [8.73, 8.14, 8.38, 8.07, 7.08, 7.83, 8.51, 7.799, 6.06, 4.95, 4.22, 3.02, 2.85, 3.3, 2.67, 2.45, 2.32, 2.48, 2.85, 3.3, 3.86, 4.08, 3.75, 2.93, 2.79, 2.83, 2.87, 2.96, 3.42, 2.71, 1.71, 1.61, 1.56, 1.2, 1.08, 1.17, 0.8, 0, 0.93, 1.56, 2.51, 3.55, 4.47, 4.22, 3.53, 4.57, 5.26, 4.97, 4.62, 5.41, 6.93, 7.23, 7.09, 6.81, 5.19, 4.18, 3.52, 3.28, 3.67, 3.6, 4.48, 5.04, 4.81, 4.38, 4.64, 4.37, 3.89, 3.83, 3.57, 3.96, 4.52, 4.97, 4.71, 5.1, 5.61, 5.36, 4.85, 4.34, 4.32, 4.68, 5.41, 7.22, 8.85, 7.729, 6.663, 6.467], [8.14, 7.55, 7.79, 7.48, 6.49, 7.24, 7.92, 7.209, 5.47, 4.36, 3.65, 2.71, 2.94, 3.17, 2.5, 2.26, 2.11, 2.09, 2.48, 2.95, 3.33, 3.41, 3.08, 2.26, 2.12, 2.18, 2.22, 2.25, 2.77, 2.02, 1.14, 1.26, 1.29, 0.97, 0.83, 1.08, 1.11, 0.93, 0, 1.21, 2.18, 3.04, 3.92, 3.61, 2.88, 3.94, 4.67, 4.3, 3.97, 4.82, 6.34, 6.64, 6.5, 6.18, 4.52, 3.43, 2.81, 2.65, 3.12, 3.15, 3.97, 4.59, 4.3, 3.87, 4.11, 3.82, 3.32, 3.28, 2.98, 3.35, 3.91, 4.36, 4.02, 4.43, 4.9, 4.67, 4.16, 3.69, 3.73, 4.09, 4.86, 6.65, 8.26, 7.14, 6.08, 5.877], [7.49, 6.98, 7.2, 6.83, 5.84, 6.59, 7.27, 6.56, 4.82, 3.75, 3.06, 2.4, 2.63, 2.82, 2.19, 1.97, 1.86, 1.72, 1.99, 2.32, 2.68, 2.84, 2.57, 1.89, 1.77, 1.75, 1.79, 1.86, 2.38, 1.79, 1.25, 1.41, 1.4, 1.2, 1.14, 1.31, 1.6, 1.56, 1.21, 0, 1.43, 2.39, 3.39, 3.26, 2.63, 3.33, 4.22, 3.91, 3.56, 4.41, 5.83, 6.07, 5.97, 5.99, 4.37, 3.32, 2.68, 2.36, 2.91, 3.04, 3.6, 3.9, 3.77, 3.48, 3.56, 3.31, 2.95, 2.79, 2.75, 2.98, 3.56, 4.11, 3.85, 4.16, 4.45, 4.22, 3.55, 3.08, 3.0, 3.4, 4.15, 5.98, 7.598, 6.472, 5.406, 5.21], [6.52, 6.09, 6.29, 5.92, 4.91, 5.68, 6.3, 5.59, 3.87, 2.74, 2.19, 2.11, 2.58, 2.49, 2.04, 1.8, 1.45, 1.37, 1.44, 1.49, 1.79, 2.07, 1.84, 1.64, 1.52, 1.52, 1.34, 1.41, 1.67, 1.54, 1.96, 2.08, 2.03, 2.19, 2.17, 2.5, 2.69, 2.51, 2.18, 1.43, 0, 1.48, 2.42, 2.49, 1.94, 2.48, 3.35, 3.14, 2.79, 3.54, 4.96, 5.26, 5.14, 5.2, 3.58, 2.67, 2.27, 1.93, 2.22, 2.29, 2.65, 2.99, 2.92, 2.63, 2.71, 2.46, 2.2, 1.98, 2.06, 2.21, 2.75, 3.36, 3.16, 3.47, 3.72, 3.53, 2.78, 2.37, 2.19, 2.57, 3.2, 5.05, 6.64, 5.519, 4.453, 4.27], [5.3, 4.93, 5.13, 4.7, 3.73, 4.44, 5.1, 4.35, 2.67, 2.66, 2.15, 2.91, 3.48, 3.31, 2.96, 2.74, 2.39, 2.17, 2.02, 1.77, 1.39, 1.07, 1.14, 1.4, 1.48, 1.44, 1.36, 1.25, 1.29, 1.66, 2.7, 2.9, 3.01, 3.17, 3.09, 3.4, 3.81, 3.55, 3.04, 2.39, 1.48, 0, 1.2, 1.53, 1.66, 1.76, 2.45, 2.36, 1.57, 2.32, 3.7, 4.08, 3.98, 3.96, 2.36, 1.57, 2.01, 1.79, 2.08, 2.23, 2.19, 1.97, 1.84, 1.51, 1.61, 1.62, 1.78, 1.54, 1.48, 1.37, 1.67, 2.16, 1.94, 2.17, 2.44, 2.13, 1.48, 1.51, 1.15, 1.29, 2.08, 3.83, 5.4, 4.28, 3.24, 3.05], [4.4, 4.01, 4.17, 3.76, 2.81, 3.52, 4.12, 3.45, 2.45, 2.76, 2.29, 3.47, 4.1, 3.73, 3.58, 3.5, 3.13, 2.79, 2.44, 2.29, 1.73, 1.19, 1.38, 1.94, 2.14, 2.16, 2.02, 1.97, 1.53, 2.16, 3.52, 3.84, 4.01, 4.13, 4.07, 4.32, 4.75, 4.47, 3.92, 3.39, 2.42, 1.2, 0, 1.39, 1.86, 1.7, 1.97, 1.88, 1.29, 1.48, 2.72, 3.08, 2.98, 2.94, 1.6, 1.39, 2.17, 2.21, 2.16, 2.39, 2.17, 1.73, 1.54, 1.23, 1.31, 1.78, 1.92, 1.66, 1.64, 1.29, 1.39, 1.72, 1.6, 1.57, 1.58, 1.31, 1.22, 1.83, 1.55, 1.17, 1.62, 2.99, 4.5, 3.4, 2.64, 2.51], [4.73, 4.16, 4.34, 4.03, 3.18, 3.81, 4.43, 3.8, 2.34, 2.39, 2.02, 3.42, 4.09, 3.72, 3.57, 3.45, 3.06, 2.74, 2.29, 2.28, 1.62, 1.14, 1.21, 1.85, 1.99, 2.01, 1.95, 1.84, 1.42, 1.81, 3.27, 3.55, 3.7, 3.9, 3.76, 4.13, 4.5, 4.22, 3.61, 3.26, 2.49, 1.53, 1.39, 0, 0.97, 1.17, 1.44, 1.17, 0.84, 1.43, 2.97, 3.31, 3.13, 2.97, 1.83, 1.34, 1.84, 1.98, 1.97, 2.04, 2.24, 1.76, 1.65, 1.4, 1.56, 1.67, 1.49, 1.47, 1.49, 1.3, 1.06, 1.33, 1.21, 1.44, 1.85, 1.76, 1.69, 2.04, 1.72, 1.42, 1.87, 3.32, 4.79, 3.63, 2.57, 2.36], [5.42, 4.93, 5.09, 4.76, 3.91, 4.54, 5.12, 4.55, 3.09, 2.42, 1.93, 3.15, 3.74, 3.47, 3.18, 3.0, 2.57, 2.35, 2.08, 2.05, 1.79, 1.51, 1.3, 1.46, 1.56, 1.6, 1.46, 1.39, 1.27, 1.34, 2.62, 2.96, 3.15, 3.17, 3.15, 3.42, 3.81, 3.53, 2.88, 2.63, 1.94, 1.66, 1.86, 0.97, 0, 1.42, 1.87, 1.68, 1.39, 2.14, 3.66, 4.04, 3.86, 3.58, 2.3, 1.61, 1.55, 1.63, 1.74, 1.93, 2.45, 2.49, 2.36, 1.97, 2.11, 1.88, 1.48, 1.42, 1.38, 1.41, 1.43, 1.86, 1.66, 1.99, 2.52, 2.35, 2.12, 2.17, 1.91, 1.83, 2.5, 4.07, 5.48, 4.34, 3.28, 3.07], [4.44, 4.07, 4.19, 3.78, 2.99, 3.58, 4.14, 3.59, 2.19, 1.88, 1.41, 3.21, 3.98, 3.39, 3.52, 3.4, 3.05, 2.71, 2.12, 1.95, 1.33, 1.39, 1.5, 2.2, 2.3, 2.32, 2.16, 2.13, 1.87, 2.34, 3.6, 3.92, 4.07, 4.198, 4.09, 4.4, 4.85, 4.57, 3.94, 3.33, 2.48, 1.76, 1.7, 1.17, 1.42, 0, 1.23, 1.26, 1.31, 1.7, 2.86, 3.24, 3.1, 3.14, 2.5, 1.99, 2.43, 2.43, 2.16, 2.25, 2.21, 1.63, 1.9, 1.85, 1.81, 1.36, 1.24, 1.24, 1.62, 1.43, 1.19, 1.52, 1.7, 1.95, 2.4, 2.29, 2.14, 2.29, 2.03, 1.85, 1.96, 3.13, 4.52, 3.34, 2.32, 2.07], [3.67, 3.32, 3.4, 2.99, 2.16, 2.83, 3.35, 2.86, 1.82, 1.85, 1.64, 3.82, 4.61, 4.02, 4.19, 4.03, 3.82, 3.66, 2.99, 2.54, 1.92, 1.86, 2.19, 2.75, 3.01, 3.03, 2.91, 2.8, 2.28, 2.73, 4.35, 4.71, 4.9, 4.98, 4.9, 5.17, 5.6, 5.26, 4.67, 4.22, 3.35, 2.45, 1.97, 1.44, 1.87, 1.23, 0, 1.15, 1.5, 1.53, 2.43, 2.61, 2.59, 2.53, 2.37, 2.06, 2.5, 2.46, 2.11, 2.2, 1.78, 1.46, 1.91, 2.04, 2.02, 1.79, 1.71, 1.75, 2.13, 1.86, 1.54, 1.57, 2.07, 2.1, 2.43, 2.46, 2.43, 2.76, 2.42, 2.1, 1.61, 2.5, 3.69, 2.59, 1.63, 1.52], [4.02, 3.51, 3.69, 3.4, 2.69, 3.3, 3.9, 3.39, 2.39, 2.48, 2.15, 3.95, 4.68, 4.09, 4.2, 4.06, 3.67, 3.33, 2.7, 2.65, 2.07, 1.67, 1.96, 2.52, 2.78, 2.78, 2.7, 2.59, 1.97, 2.54, 3.98, 4.3, 4.47, 4.57, 4.49, 4.8, 5.21, 4.97, 4.3, 3.91, 3.14, 2.36, 1.88, 1.17, 1.68, 1.26, 1.15, 0, 1.21, 1.38, 2.52, 2.84, 2.66, 2.44, 1.88, 1.81, 2.15, 2.37, 2.12, 2.27, 2.25, 1.79, 1.92, 1.99, 2.05, 1.96, 1.72, 1.68, 1.98, 1.85, 1.39, 1.32, 1.68, 1.73, 1.98, 2.03, 2.1, 2.75, 2.49, 2.05, 2.06, 2.89, 4.16, 3.06, 2.06, 1.83], [4.33, 3.78, 4.02, 3.69, 2.86, 3.53, 4.13, 3.54, 2.46, 2.65, 2.22, 3.66, 4.33, 3.86, 3.81, 3.69, 3.3, 2.92, 2.45, 2.44, 1.74, 1.14, 1.29, 2.09, 2.27, 2.29, 2.25, 2.16, 1.66, 2.05, 3.57, 3.79, 3.96, 4.16, 4.06, 4.41, 4.86, 4.62, 3.97, 3.56, 2.79, 1.57, 1.29, 0.84, 1.39, 1.31, 1.5, 1.21, 0, 1.09, 2.73, 3.13, 2.95, 2.73, 1.49, 1.22, 1.94, 2.22, 2.17, 2.34, 2.34, 1.68, 1.65, 1.26, 1.4, 1.53, 1.53, 1.57, 1.57, 1.26, 0.82, 1.05, 1.03, 1.12, 1.55, 1.46, 1.45, 1.84, 1.58, 1.26, 1.49, 3.02, 4.43, 3.33, 2.33, 2.12], [3.52, 3.07, 3.29, 2.9, 2.11, 2.74, 3.32, 2.71, 2.31, 2.9, 2.53, 4.33, 5.08, 4.47, 4.6, 4.46, 4.09, 3.81, 3.06, 3.13, 2.27, 1.71, 2.18, 2.88, 3.14, 3.2, 3.14, 3.01, 2.23, 2.88, 4.42, 4.7, 4.87, 5.01, 4.95, 5.26, 5.67, 5.41, 4.82, 4.41, 3.54, 2.32, 1.48, 1.43, 2.14, 1.7, 1.53, 1.38, 1.09, 0, 1.86, 2.3, 2.22, 1.98, 1.42, 1.67, 2.47, 2.81, 2.46, 2.49, 2.37, 1.75, 1.78, 1.63, 1.67, 1.98, 2.02, 2.2, 2.32, 1.87, 1.35, 1.0, 1.34, 1.11, 1.38, 1.33, 1.4, 2.33, 2.21, 1.51, 1.48, 2.19, 3.64, 2.52, 1.98, 1.85], [2.2, 1.61, 1.81, 1.8, 2.17, 2.22, 2.48, 2.61, 2.95, 3.68, 3.51, 5.37, 6.14, 5.51, 5.68, 5.54, 5.35, 5.21, 4.54, 4.13, 3.43, 3.09, 3.66, 4.36, 4.68, 4.68, 4.56, 4.47, 3.75, 4.34, 6.0, 6.32, 6.51, 6.57, 6.55, 6.8, 7.23, 6.93, 6.34, 5.83, 4.96, 3.7, 2.72, 2.97, 3.66, 2.86, 2.43, 2.52, 2.73, 1.86, 0, 0.76, 0.76, 0.76, 2.52, 3.15, 3.89, 3.91, 3.62, 3.91, 3.43, 2.55, 2.46, 2.71, 2.63, 2.98, 3.2, 3.241, 3.497, 3.11, 2.47, 2.26, 2.88, 2.31, 1.74, 2.03, 2.62, 3.61, 3.47, 2.77, 2.46, 1.95, 2.36, 2.14, 2.32, 2.33], [1.86, 1.31, 1.39, 1.6, 2.07, 2.08, 2.28, 2.39, 2.93, 3.68, 3.61, 5.67, 6.42, 5.81, 5.94, 5.82, 5.67, 5.45, 4.92, 4.49, 3.61, 3.43, 3.9, 4.68, 4.94, 4.94, 4.82, 4.79, 4.07, 4.68, 6.3, 6.6, 6.79, 6.87, 6.83, 7.1, 7.53, 7.23, 6.64, 6.07, 5.26, 4.08, 3.08, 3.31, 4.04, 3.24, 2.61, 2.84, 3.13, 2.3, 0.76, 0, 0.66, 0.92, 2.86, 3.45, 4.19, 4.17, 3.86, 4.09, 3.41, 2.63, 2.64, 2.99, 2.77, 3.2, 3.5, 3.526, 3.797, 3.43, 2.85, 2.64, 3.22, 2.61, 2.06, 2.41, 2.96, 3.95, 3.85, 3.09, 2.76, 1.89, 2.14, 1.9, 2.42, 2.39], [1.96, 1.29, 1.43, 1.44, 1.97, 1.94, 2.1, 2.23, 2.85, 3.6, 3.49, 5.41, 6.2, 5.57, 5.68, 5.54, 5.57, 5.35, 4.82, 4.41, 3.49, 3.31, 3.74, 4.58, 4.84, 4.82, 4.72, 4.69, 3.97, 4.56, 6.18, 6.48, 6.67, 6.73, 6.71, 6.98, 7.41, 7.09, 6.5, 5.97, 5.14, 3.98, 2.98, 3.13, 3.86, 3.1, 2.59, 2.66, 2.95, 2.22, 0.76, 0.66, 0, 0.86, 2.68, 3.33, 4.09, 4.01, 3.64, 3.91, 3.27, 2.39, 2.44, 2.85, 2.59, 2.96, 3.42, 3.438, 3.657, 3.31, 2.75, 2.5, 3.04, 2.47, 1.94, 2.27, 2.78, 3.79, 3.69, 2.97, 2.52, 1.87, 2.06, 1.8, 2.2, 2.23], [2.26, 1.59, 1.83, 1.96, 2.29, 2.42, 2.54, 2.77, 3.25, 4.0, 3.75, 5.73, 6.5, 5.89, 6.0, 5.82, 5.57, 5.39, 4.78, 4.49, 3.67, 3.29, 3.76, 4.48, 4.8, 4.8, 4.72, 4.63, 3.89, 4.44, 6.06, 6.36, 6.53, 6.55, 6.59, 6.86, 7.19, 6.81, 6.18, 5.99, 5.2, 3.96, 2.94, 2.97, 3.58, 3.14, 2.53, 2.44, 2.73, 1.98, 0.76, 0.92, 0.86, 0, 2.24, 2.95, 3.69, 3.89, 3.5, 3.65, 3.35, 2.79, 2.46, 2.65, 2.65, 3.08, 3.24, 3.34, 3.44, 3.13, 2.51, 2.14, 2.76, 2.27, 1.88, 2.21, 2.86, 3.91, 3.79, 3.07, 2.82, 2.23, 2.58, 2.24, 2.54, 2.51], [4.26, 3.67, 3.91, 3.6, 2.91, 3.5, 4.08, 3.65, 3.35, 3.9, 3.37, 4.63, 5.24, 4.95, 4.72, 4.54, 4.15, 3.91, 3.48, 3.59, 2.75, 1.87, 2.18, 2.74, 3.04, 3.1, 3.04, 2.95, 2.21, 2.86, 4.22, 4.54, 4.69, 4.77, 4.75, 5.1, 5.51, 5.19, 4.52, 4.37, 3.58, 2.36, 1.6, 1.83, 2.3, 2.5, 2.37, 1.88, 1.49, 1.42, 2.52, 2.86, 2.68, 2.24, 0, 1.23, 1.79, 2.39, 2.36, 2.67, 2.71, 2.55, 2.22, 1.77, 1.99, 2.4, 2.4, 2.38, 2.32, 2.01, 1.79, 1.66, 1.6, 1.55, 1.84, 1.55, 1.46, 2.53, 2.33, 1.79, 2.0, 2.95, 4.4, 3.42, 2.82, 2.81], [5.01, 4.42, 4.643, 4.284, 3.4, 4.064, 4.709, 4.093, 3.02, 3.17, 2.68, 3.86, 4.47, 4.2, 3.79, 3.71, 3.32, 2.92, 2.75, 2.72, 1.94, 1.0, 1.19, 1.69, 1.99, 2.01, 1.97, 1.84, 1.28, 1.81, 3.21, 3.51, 3.68, 3.74, 3.74, 4.03, 4.42, 4.18, 3.43, 3.32, 2.67, 1.57, 1.39, 1.34, 1.61, 1.99, 2.06, 1.81, 1.22, 1.67, 3.15, 3.45, 3.33, 2.95, 1.23, 0, 1.04, 1.52, 1.71, 1.94, 2.06, 2.06, 1.97, 1.64, 1.82, 1.83, 1.63, 1.59, 1.47, 1.3, 1.34, 1.55, 1.35, 1.48, 1.77, 1.62, 1.39, 1.74, 1.58, 1.42, 1.87, 3.56, 5.109, 3.963, 2.97, 2.82], [5.75, 5.16, 5.366, 5.007, 4.154, 4.827, 5.452, 4.836, 3.58, 3.49, 2.92, 3.84, 4.41, 4.24, 3.63, 3.33, 2.92, 2.74, 2.81, 2.8, 2.3, 1.52, 1.61, 1.33, 1.47, 1.55, 1.51, 1.46, 1.06, 1.21, 2.63, 2.93, 3.1, 3.12, 3.16, 3.43, 3.82, 3.52, 2.81, 2.68, 2.27, 2.01, 2.17, 1.84, 1.55, 2.43, 2.5, 2.15, 1.94, 2.47, 3.89, 4.19, 4.09, 3.69, 1.79, 1.04, 0, 1.06, 1.59, 1.84, 2.28, 2.72, 2.67, 2.36, 2.58, 2.41, 1.85, 1.89, 1.73, 1.76, 2.06, 2.29, 2.21, 2.42, 2.71, 2.48, 2.01, 2.0, 2.04, 2.06, 2.65, 4.32, 5.832, 4.706, 3.641, 3.465], [5.695, 5.1, 5.323, 4.964, 3.971, 4.724, 5.389, 4.713, 3.22, 2.95, 2.32, 3.06, 3.53, 3.48, 2.79, 2.55, 2.42, 2.38, 2.43, 2.28, 1.84, 1.54, 1.63, 1.23, 1.37, 1.37, 1.39, 1.4, 1.16, 1.23, 2.57, 2.81, 2.98, 2.96, 3.02, 3.25, 3.64, 3.28, 2.65, 2.36, 1.93, 1.79, 2.21, 1.98, 1.63, 2.43, 2.46, 2.37, 2.22, 2.81, 3.91, 4.17, 4.01, 3.89, 2.39, 1.52, 1.06, 0, 1.03, 1.38, 1.76, 2.28, 2.23, 2.08, 2.1, 2.01, 1.61, 1.61, 1.47, 1.6, 2.1, 2.55, 2.53, 2.74, 3.03, 2.8, 2.27, 2.02, 2.02, 1.98, 2.45, 4.22, 5.769, 4.623, 3.538, 3.342], [5.282, 4.75, 4.95, 4.611, 3.618, 4.371, 5.036, 4.321, 2.85, 2.4, 1.81, 2.87, 3.52, 3.21, 2.94, 2.74, 2.57, 2.55, 2.12, 2.19, 1.71, 1.73, 1.72, 1.82, 2.0, 1.96, 1.88, 1.81, 1.45, 1.8, 3.08, 3.3, 3.43, 3.39, 3.49, 3.76, 4.07, 3.67, 3.12, 2.91, 2.22, 2.08, 2.16, 1.97, 1.74, 2.16, 2.11, 2.12, 2.17, 2.46, 3.62, 3.86, 3.64, 3.5, 2.36, 1.71, 1.59, 1.03, 0, 0.77, 1.19, 1.85, 1.9, 1.99, 1.99, 1.7, 1.36, 1.5, 1.44, 1.55, 2.05, 2.4, 2.46, 2.81, 3.08, 2.85, 2.5, 2.51, 2.35, 2.25, 2.18, 3.798, 5.376, 4.291, 3.26, 3.109], [5.549, 4.94, 5.16, 4.87, 3.88, 4.558, 5.223, 4.508, 2.84, 2.35, 1.76, 2.84, 3.57, 3.2, 3.01, 2.81, 2.66, 2.54, 2.05, 2.12, 1.68, 1.94, 1.93, 1.99, 2.09, 2.03, 1.99, 1.92, 1.68, 1.99, 3.11, 3.31, 3.4, 3.4, 3.48, 3.83, 3.96, 3.6, 3.15, 3.04, 2.29, 2.23, 2.39, 2.04, 1.93, 2.25, 2.2, 2.27, 2.34, 2.49, 3.91, 4.09, 3.91, 3.65, 2.67, 1.94, 1.84, 1.38, 0.77, 0, 1.1, 1.88, 2.05, 2.1, 2.12, 1.77, 1.37, 1.59, 1.51, 1.68, 2.2, 2.35, 2.43, 2.88, 3.33, 3.16, 2.93, 2.76, 2.64, 2.66, 2.49, 3.98, 5.563, 4.498, 3.53, 3.3], [4.69, 4.04, 4.26, 3.85, 2.84, 3.541, 4.186, 3.511, 2.12, 1.99, 1.7, 3.04, 3.75, 3.3, 3.29, 3.25, 3.24, 3.04, 2.61, 2.32, 1.66, 2.0, 2.13, 2.47, 2.61, 2.61, 2.47, 2.52, 2.08, 2.55, 3.87, 4.11, 4.22, 4.18, 4.26, 4.57, 4.82, 4.48, 3.97, 3.6, 2.65, 2.19, 2.17, 2.24, 2.45, 2.21, 1.78, 2.25, 2.34, 2.37, 3.43, 3.41, 3.27, 3.35, 2.71, 2.06, 2.28, 1.76, 1.19, 1.1, 0, 1.3, 1.71, 1.98, 1.8, 1.57, 1.57, 1.71, 1.79, 1.74, 2.26, 2.47, 2.65, 2.86, 3.15, 2.94, 2.61, 2.66, 2.46, 2.4, 1.89, 3.1, 4.526, 3.541, 2.67, 2.54], [3.93, 3.32, 3.48, 3.17, 2.16, 2.861, 3.546, 2.811, 1.44, 1.75, 1.52, 3.36, 4.09, 3.5, 3.61, 3.51, 3.54, 3.28, 2.75, 2.32, 1.6, 1.74, 1.87, 2.67, 2.83, 2.79, 2.75, 2.76, 2.22, 2.77, 4.25, 4.43, 4.56, 4.7, 4.66, 4.97, 5.36, 5.04, 4.59, 3.9, 2.99, 1.97, 1.73, 1.76, 2.49, 1.63, 1.46, 1.79, 1.68, 1.75, 2.55, 2.63, 2.39, 2.79, 2.55, 2.06, 2.72, 2.28, 1.85, 1.88, 1.3, 0, 1.05, 1.4, 1.3, 1.35, 1.53, 1.59, 1.77, 1.54, 1.46, 1.75, 1.97, 2.12, 2.33, 2.3, 2.07, 2.32, 2.14, 1.62, 1.33, 2.3, 3.866, 2.761, 1.85, 1.64], [4.105, 3.516, 3.748, 3.394, 2.421, 3.154, 3.819, 3.183, 1.97, 2.48, 2.07, 3.53, 4.24, 3.75, 3.78, 3.6, 3.51, 3.31, 2.82, 2.43, 1.75, 1.77, 1.94, 2.54, 2.82, 2.76, 2.68, 2.69, 2.29, 2.78, 4.08, 4.36, 4.49, 4.49, 4.55, 4.78, 5.17, 4.81, 4.3, 3.77, 2.92, 1.84, 1.54, 1.65, 2.36, 1.9, 1.91, 1.92, 1.65, 1.78, 2.46, 2.64, 2.44, 2.46, 2.22, 1.97, 2.67, 2.23, 1.9, 2.05, 1.71, 1.05, 0, 0.85, 0.93, 1.28, 1.6, 1.6, 1.6, 1.29, 1.35, 1.52, 1.62, 1.67, 1.9, 2.01, 2.08, 2.43, 2.21, 1.75, 1.62, 2.65, 4.159, 3.113, 2.4, 2.23], [4.495, 3.926, 4.143, 3.824, 2.92, 3.624, 4.249, 3.553, 2.44, 2.69, 2.16, 3.48, 4.07, 3.64, 3.61, 3.47, 3.18, 2.96, 2.53, 2.16, 1.6, 1.54, 1.61, 2.33, 2.51, 2.47, 2.35, 2.32, 2.08, 2.45, 3.65, 3.91, 4.04, 4.06, 4.12, 4.39, 4.76, 4.38, 3.87, 3.48, 2.63, 1.51, 1.23, 1.4, 1.97, 1.85, 2.04, 1.99, 1.26, 1.63, 2.71, 2.99, 2.85, 2.65, 1.77, 1.64, 2.36, 2.08, 1.99, 2.1, 1.98, 1.4, 0.85, 0, 0.64, 1.17, 1.41, 1.37, 1.29, 1.0, 1.08, 1.41, 1.23, 1.32, 1.85, 1.78, 1.67, 2.08, 1.88, 1.36, 1.63, 2.991, 4.589, 3.503, 2.85, 2.64], [4.254, 3.626, 3.883, 3.544, 2.7, 3.344, 3.969, 3.333, 2.28, 2.45, 1.96, 3.34, 4.01, 3.58, 3.53, 3.39, 3.26, 3.02, 2.63, 2.26, 1.48, 1.56, 1.67, 2.43, 2.59, 2.51, 2.41, 2.42, 2.12, 2.55, 3.83, 4.09, 4.22, 4.24, 4.26, 4.57, 4.98, 4.64, 4.11, 3.56, 2.71, 1.61, 1.31, 1.56, 2.11, 1.81, 2.02, 2.05, 1.4, 1.67, 2.63, 2.77, 2.59, 2.65, 1.99, 1.82, 2.58, 2.1, 1.99, 2.12, 1.8, 1.3, 0.93, 0.64, 0, 1.01, 1.39, 1.35, 1.43, 1.12, 1.22, 1.51, 1.47, 1.42, 1.91, 1.82, 1.73, 1.88, 1.82, 1.4, 1.41, 2.791, 4.309, 3.243, 2.71, 2.48], [4.647, 4.037, 4.217, 3.867, 2.87, 3.534, 4.219, 3.483, 2.01, 1.88, 1.37, 2.83, 3.54, 2.99, 3.04, 2.96, 2.97, 2.77, 2.2, 1.83, 1.03, 1.53, 1.54, 2.2, 2.38, 2.38, 2.24, 2.21, 1.93, 2.42, 3.54, 3.84, 3.99, 3.99, 4.01, 4.28, 4.69, 4.37, 3.82, 3.31, 2.46, 1.62, 1.78, 1.67, 1.88, 1.36, 1.79, 1.96, 1.53, 1.98, 2.98, 3.2, 2.96, 3.08, 2.4, 1.83, 2.41, 2.01, 1.7, 1.77, 1.57, 1.35, 1.28, 1.17, 1.01, 0, 1.0, 1.06, 1.28, 1.15, 1.21, 1.62, 1.7, 2.01, 2.56, 2.45, 2.22, 2.09, 1.87, 1.77, 1.42, 2.961, 4.539, 3.433, 2.58, 2.35], [4.968, 4.379, 4.616, 4.297, 3.344, 4.057, 4.722, 4.006, 2.45, 2.02, 1.43, 2.89, 3.54, 3.03, 3.04, 2.92, 2.59, 2.41, 1.82, 1.57, 1.11, 1.41, 1.36, 1.74, 1.94, 1.96, 1.88, 1.81, 1.51, 1.9, 3.08, 3.34, 3.47, 3.53, 3.53, 3.84, 4.19, 3.89, 3.32, 2.95, 2.2, 1.78, 1.92, 1.49, 1.48, 1.24, 1.71, 1.72, 1.53, 2.02, 3.2, 3.5, 3.42, 3.24, 2.4, 1.63, 1.85, 1.61, 1.36, 1.37, 1.57, 1.53, 1.6, 1.41, 1.39, 1.0, 0, 0.72, 0.94, 1.03, 1.25, 1.74, 1.82, 2.07, 2.62, 2.51, 2.38, 2.21, 2.01, 1.95, 2.0, 3.464, 5.062, 3.936, 2.951, 2.695], [5.006, 4.504, 4.722, 4.346, 3.402, 4.103, 4.788, 4.069, 2.45, 2.04, 1.49, 2.87, 3.5, 3.07, 3.02, 2.92, 2.55, 2.29, 1.8, 1.51, 1.09, 1.25, 1.16, 1.58, 1.9, 1.88, 1.72, 1.67, 1.33, 1.86, 3.0, 3.32, 3.47, 3.45, 3.49, 3.78, 4.19, 3.83, 3.28, 2.79, 1.98, 1.54, 1.66, 1.47, 1.42, 1.24, 1.75, 1.68, 1.57, 2.2, 3.241, 3.526, 3.438, 3.34, 2.38, 1.59, 1.89, 1.61, 1.5, 1.59, 1.71, 1.59, 1.6, 1.37, 1.35, 1.06, 0.72, 0, 0.7, 0.79, 1.11, 1.62, 1.7, 2.05, 2.559, 2.45, 2.24, 2.05, 1.85, 1.77, 2.06, 3.527, 5.105, 3.979, 2.913, 2.717], [5.271, 4.724, 4.942, 4.62, 3.662, 4.38, 5.045, 4.329, 2.77, 2.42, 1.75, 2.97, 3.5, 3.13, 3.0, 2.92, 2.55, 2.25, 1.82, 1.49, 1.27, 1.49, 1.2, 1.44, 1.6, 1.6, 1.5, 1.51, 1.35, 1.68, 2.76, 3.06, 3.21, 3.23, 3.23, 3.56, 3.91, 3.57, 2.98, 2.75, 2.06, 1.48, 1.64, 1.49, 1.38, 1.62, 2.13, 1.98, 1.57, 2.32, 3.497, 3.797, 3.657, 3.44, 2.32, 1.47, 1.73, 1.47, 1.44, 1.51, 1.79, 1.77, 1.6, 1.29, 1.43, 1.28, 0.94, 0.7, 0, 0.69, 1.17, 1.7, 1.56, 1.95, 2.52, 2.39, 2.26, 2.11, 1.95, 1.83, 2.3, 3.807, 5.385, 4.259, 3.193, 3.018], [4.936, 4.44, 4.612, 4.199, 3.272, 3.973, 4.639, 3.919, 2.46, 2.39, 1.72, 2.98, 3.61, 3.14, 3.15, 3.03, 2.64, 2.4, 1.93, 1.68, 1.04, 1.08, 1.19, 1.61, 1.89, 1.85, 1.77, 1.66, 1.36, 1.77, 3.09, 3.41, 3.6, 3.64, 3.62, 3.91, 4.3, 3.96, 3.35, 2.98, 2.21, 1.37, 1.29, 1.3, 1.41, 1.43, 1.86, 1.85, 1.26, 1.87, 3.11, 3.43, 3.31, 3.13, 2.01, 1.3, 1.76, 1.6, 1.55, 1.68, 1.74, 1.54, 1.29, 1.0, 1.12, 1.15, 1.03, 0.79, 0.69, 0, 0.9, 1.45, 1.31, 1.7, 2.19, 2.1, 1.93, 1.88, 1.78, 1.52, 1.79, 3.477, 5.015, 3.869, 2.923, 2.668], [4.33, 3.82, 4.06, 3.69, 2.8, 3.47, 4.073, 3.433, 2.14, 2.29, 1.92, 3.6, 4.25, 3.76, 3.75, 3.65, 3.26, 3.0, 2.51, 2.24, 1.56, 1.26, 1.45, 2.13, 2.41, 2.41, 2.31, 2.18, 1.76, 2.17, 3.65, 3.97, 4.14, 4.22, 4.18, 4.47, 4.82, 4.52, 3.91, 3.56, 2.75, 1.67, 1.39, 1.06, 1.43, 1.19, 1.54, 1.39, 0.82, 1.35, 2.47, 2.85, 2.75, 2.51, 1.79, 1.34, 2.06, 2.1, 2.05, 2.2, 2.26, 1.46, 1.35, 1.08, 1.22, 1.21, 1.25, 1.11, 1.17, 0.9, 0, 0.95, 0.97, 1.26, 1.81, 1.86, 1.79, 1.96, 1.76, 1.42, 1.67, 2.88, 4.429, 3.283, 2.37, 2.16], [4.06, 3.53, 3.77, 3.42, 2.59, 3.22, 3.86, 3.19, 2.25, 2.68, 2.31, 4.19, 4.86, 4.27, 4.36, 4.26, 3.87, 3.55, 2.9, 2.77, 2.01, 1.65, 1.96, 2.68, 2.96, 2.98, 2.86, 2.73, 2.21, 2.66, 4.08, 4.42, 4.55, 4.63, 4.59, 4.92, 5.31, 4.97, 4.36, 4.11, 3.36, 2.16, 1.72, 1.33, 1.86, 1.52, 1.57, 1.32, 1.05, 1.0, 2.26, 2.64, 2.5, 2.14, 1.66, 1.55, 2.29, 2.55, 2.4, 2.35, 2.47, 1.75, 1.52, 1.41, 1.51, 1.62, 1.74, 1.62, 1.7, 1.45, 0.95, 0, 0.9, 0.95, 1.66, 1.75, 1.94, 2.39, 2.25, 1.79, 1.94, 2.69, 4.18, 3.048, 2.34, 2.15], [4.76, 4.19, 4.43, 4.12, 3.23, 3.9, 4.52, 3.87, 2.67, 2.9, 2.53, 4.13, 4.78, 4.29, 4.24, 4.16, 3.77, 3.31, 2.88, 2.69, 2.05, 1.41, 1.5, 2.2, 2.42, 2.42, 2.38, 2.25, 1.99, 2.48, 3.5, 3.84, 4.05, 4.11, 4.03, 4.48, 4.97, 4.71, 4.02, 3.85, 3.16, 1.94, 1.6, 1.21, 1.66, 1.7, 2.07, 1.68, 1.03, 1.34, 2.88, 3.22, 3.04, 2.76, 1.6, 1.35, 2.21, 2.53, 2.46, 2.43, 2.65, 1.97, 1.62, 1.23, 1.47, 1.7, 1.82, 1.7, 1.56, 1.31, 0.97, 0.9, 0, 0.73, 1.56, 1.55, 1.68, 2.17, 2.19, 1.61, 2.08, 3.31, 4.86, 3.74, 2.88, 2.65], [4.15, 3.56, 3.8, 3.49, 2.78, 3.31, 3.91, 3.32, 2.78, 3.23, 2.82, 4.46, 5.11, 4.64, 4.57, 4.49, 4.1, 3.62, 3.21, 2.98, 2.4, 1.58, 1.79, 2.47, 2.69, 2.69, 2.69, 2.56, 2.22, 2.67, 3.83, 4.17, 4.36, 4.46, 4.38, 4.81, 5.3, 5.1, 4.43, 4.16, 3.47, 2.17, 1.57, 1.44, 1.99, 1.95, 2.1, 1.73, 1.12, 1.11, 2.31, 2.61, 2.47, 2.27, 1.55, 1.48, 2.42, 2.74, 2.81, 2.88, 2.86, 2.12, 1.67, 1.32, 1.42, 2.01, 2.07, 2.05, 1.95, 1.7, 1.26, 0.95, 0.73, 0, 0.95, 1.08, 1.47, 2.3, 2.3, 1.64, 1.95, 2.8, 4.25, 3.19, 2.73, 2.66], [3.5, 2.93, 3.11, 2.84, 2.53, 2.96, 3.36, 3.11, 2.97, 3.56, 3.21, 4.73, 5.4, 4.95, 4.82, 4.74, 4.35, 3.85, 3.56, 3.41, 2.79, 1.77, 2.08, 2.82, 3.0, 3.0, 3.0, 2.89, 2.41, 2.96, 4.36, 4.64, 4.85, 4.99, 4.87, 5.24, 5.77, 5.61, 4.9, 4.45, 3.72, 2.44, 1.58, 1.85, 2.52, 2.4, 2.43, 1.98, 1.55, 1.38, 1.74, 2.06, 1.94, 1.88, 1.84, 1.77, 2.71, 3.03, 3.08, 3.33, 3.15, 2.33, 1.9, 1.85, 1.91, 2.56, 2.62, 2.559, 2.52, 2.19, 1.81, 1.66, 1.56, 0.95, 0, 0.77, 1.36, 2.41, 2.43, 1.69, 2.04, 2.55, 3.6, 2.86, 2.78, 2.75], [3.75, 3.22, 3.42, 3.09, 2.6, 2.97, 3.55, 3.12, 2.92, 3.57, 3.16, 4.48, 5.09, 4.72, 4.57, 4.47, 4.08, 3.64, 3.37, 3.26, 2.68, 1.66, 1.89, 2.59, 2.79, 2.77, 2.79, 2.64, 2.12, 2.73, 4.13, 4.41, 4.62, 4.76, 4.66, 5.03, 5.56, 5.36, 4.67, 4.22, 3.53, 2.13, 1.31, 1.76, 2.35, 2.29, 2.46, 2.03, 1.46, 1.33, 2.03, 2.41, 2.27, 2.21, 1.55, 1.62, 2.48, 2.8, 2.85, 3.16, 2.94, 2.3, 2.01, 1.78, 1.82, 2.45, 2.51, 2.45, 2.39, 2.1, 1.86, 1.75, 1.55, 1.08, 0.77, 0, 0.93, 2.08, 2.1, 1.4, 1.95, 2.52, 3.83, 2.83, 2.75, 2.76], [4.16, 3.71, 3.93, 3.48, 2.69, 3.24, 3.94, 3.23, 2.65, 3.3, 2.89, 3.93, 4.6, 4.29, 3.94, 3.8, 3.49, 3.13, 3.12, 2.99, 2.31, 1.31, 1.52, 2.14, 2.3, 2.3, 2.24, 2.17, 1.69, 2.24, 3.72, 3.98, 4.15, 4.31, 4.23, 4.56, 5.05, 4.85, 4.16, 3.55, 2.78, 1.48, 1.22, 1.69, 2.12, 2.14, 2.43, 2.1, 1.45, 1.4, 2.62, 2.96, 2.78, 2.86, 1.46, 1.39, 2.01, 2.27, 2.5, 2.93, 2.61, 2.07, 2.08, 1.67, 1.73, 2.22, 2.38, 2.24, 2.26, 1.93, 1.79, 1.94, 1.68, 1.47, 1.36, 0.93, 0, 1.39, 1.37, 0.87, 1.6, 2.67, 4.24, 3.14, 2.62, 2.57], [4.89, 4.56, 4.8, 4.29, 3.48, 3.93, 4.682, 3.96, 2.86, 3.03, 2.86, 3.36, 4.03, 3.76, 3.53, 3.41, 3.08, 2.82, 2.95, 2.64, 1.98, 1.52, 1.57, 1.79, 1.99, 1.95, 1.89, 1.84, 1.6, 1.87, 3.31, 3.55, 3.68, 3.86, 3.76, 4.11, 4.54, 4.34, 3.69, 3.08, 2.37, 1.51, 1.83, 2.04, 2.17, 2.29, 2.76, 2.75, 1.84, 2.33, 3.61, 3.95, 3.79, 3.91, 2.53, 1.74, 2.0, 2.02, 2.51, 2.76, 2.66, 2.32, 2.43, 2.08, 1.88, 2.09, 2.21, 2.05, 2.11, 1.88, 1.96, 2.39, 2.17, 2.3, 2.41, 2.08, 1.39, 0, 0.84, 1.1, 1.85, 3.34, 4.727, 3.667, 2.87, 2.76], [4.81, 4.48, 4.74, 4.27, 3.36, 3.89, 4.