[[0, 1.39, 2.42, 3.51, 4.57, 4.78, 4.84, 4.87, 4.91, 4.95, 5.05, 5.22, 4.7, 4.65, 4.85, 5.06, 5.08, 5.03, 5.67, 6.17, 6.2, 6.39, 6.38, 6.35, 5.78, 4.85, 4.85, 4.51, 5.03, 6.48, 7.16, 7.03, 6.25, 6.34, 6.26, 6.01, 5.48, 5.15, 5.14, 5.44, 5.85, 5.85, 5.61, 5.97, 6.85, 6.96, 6.76, 6.85, 7.28, 7.34, 7.25, 7.44, 7.84, 8.3, 8.78, 9.159, 9.21, 9.11, 8.95, 8.72, 8.24, 8.43, 7.958, 6.424, 4.1, 3.23, 3.46, 3.71, 4.01, 4.55, 4.9, 5.13, 5.26, 5.76, 5.8, 5.9, 5.8, 5.44, 5.18, 5.28, 5.41, 4.21, 2.78, 2.63, 2.57, 2.53], [1.39, 0, 1.49, 2.58, 3.54, 3.63, 3.81, 3.92, 3.88, 3.86, 3.98, 4.15, 3.65, 3.64, 3.82, 4.03, 4.05, 3.98, 4.58, 5.08, 5.11, 5.34, 5.33, 5.3, 4.79, 4.32, 4.68, 3.86, 3.98, 5.39, 6.11, 5.94, 5.18, 5.25, 5.17, 4.96, 4.45, 4.08, 4.17, 4.39, 4.72, 4.8, 4.58, 4.94, 5.86, 5.93, 5.73, 5.76, 6.17, 6.25, 6.22, 6.43, 6.75, 7.17, 7.82, 8.2, 8.22, 8.08, 7.88, 7.59, 7.15, 7.34, 6.828, 5.334, 3.11, 2.7, 2.61, 2.74, 2.98, 3.54, 3.89, 4.24, 4.61, 4.99, 4.83, 5.03, 4.85, 4.41, 4.09, 4.39, 4.54, 3.48, 2.21, 1.9, 2.1, 2.12], [2.42, 1.49, 0, 1.45, 2.35, 2.52, 2.6, 2.59, 2.63, 2.81, 3.17, 3.4, 2.96, 3.21, 3.47, 3.64, 3.56, 3.51, 3.79, 4.21, 4.44, 4.65, 4.62, 4.69, 4.56, 4.37, 4.73, 3.89, 3.59, 4.72, 5.34, 5.03, 4.53, 4.48, 4.44, 4.63, 4.38, 3.97, 4.14, 4.18, 4.29, 4.23, 4.15, 4.77, 5.55, 5.8, 5.42, 5.05, 5.38, 5.24, 5.09, 5.32, 5.76, 6.1, 6.54, 6.9, 6.95, 6.87, 6.71, 6.5, 6.16, 6.27, 5.721, 4.367, 3.04, 2.83, 2.54, 2.43, 2.91, 3.37, 3.64, 4.15, 4.7, 5.0, 4.74, 5.0, 4.7, 4.22, 3.9, 4.3, 4.45, 3.51, 2.44, 2.59, 2.79, 2.63], [3.51, 2.58, 1.45, 0, 1.28, 1.43, 1.45, 1.5, 1.44, 1.6, 2.1, 2.49, 1.93, 2.34, 2.52, 2.57, 2.59, 2.46, 2.56, 3.08, 3.33, 3.56, 3.47, 3.58, 3.47, 3.84, 4.42, 3.72, 2.5, 3.63, 4.23, 3.94, 3.38, 3.43, 3.27, 3.58, 3.47, 3.16, 3.43, 3.47, 3.5, 3.44, 3.34, 3.88, 4.54, 4.67, 4.29, 3.98, 4.19, 3.97, 3.96, 4.17, 4.47, 4.89, 5.37, 5.749, 5.7, 5.6, 5.44, 5.21, 4.83, 5.04, 4.448, 3.04, 2.61, 2.96, 2.39, 2.16, 2.36, 2.52, 2.87, 3.44, 3.97, 4.27, 3.97, 4.17, 3.95, 3.35, 3.19, 3.61, 3.78, 2.98, 2.97, 3.22, 3.48, 3.42], [4.57, 3.54, 2.35, 1.28, 0, 0.83, 0.73, 0.9, 1.22, 1.36, 1.78, 2.09, 1.91, 2.8, 3.12, 2.97, 2.81, 2.82, 2.56, 2.76, 2.91, 3.02, 3.13, 3.18, 3.67, 4.5, 5.14, 4.44, 2.76, 2.87, 3.47, 3.14, 2.92, 2.73, 2.83, 3.4, 3.55, 3.38, 3.65, 3.45, 3.52, 3.56, 3.46, 3.8, 4.22, 4.29, 4.01, 3.46, 3.53, 3.23, 3.2, 3.43, 3.75, 4.05, 4.41, 4.69, 4.74, 4.66, 4.54, 4.33, 4.11, 4.12, 3.56, 2.74, 3.39, 3.76, 3.21, 2.94, 2.88, 2.94, 3.05, 3.54, 4.11, 4.37, 3.85, 3.93, 3.65, 3.01, 2.89, 3.37, 3.58, 3.36, 3.89, 4.1, 4.36, 4.34], [4.78, 3.63, 2.52, 1.43, 0.83, 0, 0.72, 1.03, 1.05, 1.09, 1.67, 2.0, 1.78, 2.35, 2.63, 2.48, 2.46, 2.45, 2.33, 2.49, 2.8, 2.91, 2.98, 3.07, 3.52, 4.21, 4.79, 4.05, 2.59, 2.9, 3.52, 3.05, 2.97, 2.72, 2.84, 3.35, 3.4, 3.21, 3.54, 3.38, 3.39, 3.45, 3.41, 3.89, 4.29, 4.28, 4.0, 3.47, 3.56, 3.22, 3.29, 3.56, 3.56, 3.84, 4.6, 4.907, 4.89, 4.61, 4.33, 4.02, 3.8, 3.85, 3.29, 2.55, 3.1, 3.47, 2.88, 2.59, 2.79, 2.89, 3.06, 3.53, 4.06, 4.34, 3.98, 4.12, 3.86, 3.18, 3.02, 3.54, 3.67, 3.23, 3.6, 3.87, 4.07, 4.13], [4.84, 3.81, 2.6, 1.45, 0.73, 0.72, 0, 0.87, 0.93, 1.25, 1.81, 2.14, 1.96, 2.75, 3.03, 2.86, 2.78, 2.75, 2.55, 2.63, 2.86, 2.97, 3.08, 3.17, 3.68, 4.57, 5.13, 4.37, 2.71, 2.72, 3.34, 2.85, 2.71, 2.52, 2.72, 3.31, 3.52, 3.35, 3.6, 3.46, 3.45, 3.61, 3.51, 3.95, 4.31, 4.3, 4.0, 3.57, 3.36, 2.9, 2.83, 3.08, 3.34, 3.64, 4.239, 4.659, 4.55, 4.45, 4.15, 3.94, 3.7, 3.75, 3.27, 2.59, 3.36, 3.79, 3.24, 2.99, 2.91, 2.97, 3.18, 3.67, 4.2, 4.48, 4.02, 4.06, 3.76, 3.06, 2.96, 3.48, 3.81, 3.57, 3.88, 4.03, 4.29, 4.43], [4.87, 3.92, 2.59, 1.5, 0.9, 1.03, 0.87, 0, 0.88, 1.14, 1.66, 2.11, 1.81, 2.76, 3.04, 2.89, 2.73, 2.82, 2.68, 2.72, 3.03, 3.04, 3.09, 3.18, 3.57, 4.58, 5.22, 4.42, 2.66, 2.93, 3.57, 3.08, 2.86, 2.77, 2.79, 3.3, 3.49, 3.26, 3.57, 3.39, 3.34, 3.36, 3.32, 3.84, 4.32, 4.35, 4.09, 3.5, 3.53, 3.11, 2.9, 3.21, 3.53, 3.77, 4.13, 4.47, 4.48, 4.44, 4.24, 4.03, 3.81, 3.84, 3.3, 2.64, 3.25, 3.9, 3.29, 2.98, 2.82, 2.8, 2.99, 3.54, 4.05, 4.33, 3.95, 4.11, 3.87, 3.13, 3.01, 3.57, 3.72, 3.56, 4.09, 4.3, 4.5, 4.6], [4.91, 3.88, 2.63, 1.44, 1.22, 1.05, 0.93, 0.88, 0, 0.96, 1.48, 1.81, 1.61, 2.48, 2.7, 2.49, 2.53, 2.48, 2.3, 2.36, 2.73, 2.68, 2.59, 2.8, 3.21, 4.38, 4.84, 4.16, 2.32, 2.73, 3.37, 2.9, 2.62, 2.43, 2.45, 3.0, 3.15, 2.96, 3.23, 3.17, 3.12, 3.24, 3.16, 3.62, 4.12, 4.09, 3.79, 3.26, 3.41, 3.01, 3.04, 3.23, 3.43, 3.71, 4.37, 4.77, 4.52, 4.52, 4.1, 3.93, 3.69, 3.88, 3.16, 2.28, 2.85, 3.62, 2.99, 2.68, 2.6, 2.54, 2.79, 3.3, 3.79, 4.11, 3.73, 3.87, 3.59, 2.97, 2.95, 3.29, 3.52, 3.6, 3.75, 3.98, 4.26, 4.38], [4.95, 3.86, 2.81, 1.6, 1.36, 1.09, 1.25, 1.14, 0.96, 0, 1.28, 1.57, 1.23, 2.14, 2.36, 2.19, 2.19, 2.16, 2.04, 2.04, 2.51, 2.48, 2.43, 2.54, 2.89, 3.98, 4.531, 3.86, 1.94, 2.45, 3.17, 2.62, 2.62, 2.33, 2.49, 2.94, 3.07, 2.78, 3.07, 3.05, 2.98, 2.96, 2.94, 3.44, 3.88, 3.93, 3.61, 3.08, 3.15, 2.87, 3.08, 3.35, 3.29, 3.63, 4.497, 4.817, 4.62, 4.56, 4.16, 3.79, 3.43, 3.62, 3.08, 2.16, 2.43, 3.32, 2.55, 2.24, 2.02, 2.22, 2.49, 2.98, 3.45, 3.79, 3.57, 3.81, 3.57, 2.85, 2.79, 3.25, 3.42, 3.34, 3.55, 3.8, 4.12, 4.18], [5.05, 3.98, 3.17, 2.1, 1.78, 1.67, 1.81, 1.66, 1.48, 1.28, 0, 0.77, 0.89, 1.7, 1.94, 1.83, 1.79, 1.76, 1.58, 1.64, 1.83, 1.78, 1.77, 1.8, 2.37, 3.64, 4.336, 3.6, 1.54, 2.03, 3.05, 2.58, 2.24, 2.07, 1.77, 2.14, 2.17, 1.94, 2.25, 2.19, 2.2, 2.18, 2.16, 2.54, 2.92, 2.97, 2.67, 2.18, 2.73, 3.065, 3.295, 3.511, 3.42, 3.803, 4.867, 5.227, 5.153, 5.04, 4.64, 4.11, 3.426, 3.729, 3.356, 2.06, 2.01, 2.86, 2.35, 2.02, 1.94, 1.86, 1.81, 2.32, 2.83, 3.09, 2.73, 2.69, 2.51, 1.89, 1.89, 2.45, 2.62, 2.74, 3.15, 3.46, 3.78, 3.72], [5.22, 4.15, 3.4, 2.49, 2.09, 2.0, 2.14, 2.11, 1.81, 1.57, 0.77, 0, 1.02, 1.99, 2.15, 2.06, 2.02, 2.09, 1.93, 1.99, 2.12, 1.89, 1.74, 1.83, 2.32, 3.71, 4.486, 3.73, 1.69, 2.04, 3.08, 2.59, 2.27, 2.12, 1.74, 2.03, 2.0, 1.95, 2.1, 2.02, 2.07, 2.01, 1.93, 2.21, 2.69, 2.78, 2.52, 2.09, 2.8, 3.104, 3.271, 3.458, 3.41, 3.836, 4.758, 5.154, 5.134, 4.93, 4.53, 4.06, 3.419, 3.645, 3.329, 2.05, 2.4, 3.01, 2.7, 2.25, 2.13, 2.01, 1.9, 2.27, 2.74, 3.02, 2.6, 2.58, 2.42, 1.82, 1.7, 2.34, 2.47, 2.87, 3.52, 3.75, 4.03, 3.95], [4.7, 3.65, 2.96, 1.93, 1.91, 1.78, 1.96, 1.81, 1.61, 1.23, 0.89, 1.02, 0, 1.37, 1.61, 1.44, 1.36, 1.45, 1.57, 1.85, 1.92, 1.91, 1.8, 2.01, 2.24, 3.29, 3.898, 3.13, 1.15, 2.28, 3.34, 2.87, 2.43, 2.28, 1.9, 1.99, 2.08, 1.89, 2.14, 2.08, 2.05, 1.97, 1.95, 2.45, 2.99, 3.08, 2.76, 2.49, 3.359, 3.355, 3.582, 3.792, 3.753, 4.159, 5.124, 5.475, 5.39, 5.29, 4.87, 4.42, 3.859, 4.068, 3.711, 2.29, 1.78, 2.57, 2.12, 1.67, 1.65, 1.69, 1.76, 2.15, 2.64, 2.92, 2.72, 2.92, 2.66, 2.04, 1.96, 2.5, 2.49, 2.49, 2.92, 3.15, 3.43, 3.49], [4.65, 3.64, 3.21, 2.34, 2.8, 2.35, 2.75, 2.76, 2.48, 2.14, 1.7, 1.99, 1.37, 0, 0.66, 0.83, 0.95, 0.9, 1.4, 1.84, 1.87, 2.0, 2.03, 2.04, 1.83, 2.52, 2.98, 2.22, 1.3, 3.11, 4.302, 3.775, 3.4, 3.23, 2.47, 1.9, 1.91, 1.68, 1.97, 2.07, 2.0, 1.98, 1.84, 2.34, 2.82, 2.93, 2.61, 2.82, 4.156, 4.488, 4.738, 4.951, 4.728, 5.14, 6.242, 6.5, 6.324, 5.98, 5.52, 5.063, 4.414, 4.446, 4.171, 2.784, 1.65, 2.06, 1.67, 1.58, 1.86, 1.92, 2.01, 2.02, 2.29, 2.65, 2.89, 3.15, 2.81, 2.47, 2.11, 2.49, 2.54, 1.96, 2.29, 2.64, 2.98, 3.04], [4.85, 3.82, 3.47, 2.52, 3.12, 2.63, 3.03, 3.04, 2.7, 2.36, 1.94, 2.15, 1.61, 0.66, 0, 0.59, 0.99, 0.9, 1.5, 1.88, 1.75, 1.9, 1.91, 2.0, 1.53, 2.24, 2.64, 1.92, 1.18, 3.259, 4.405, 3.932, 3.606, 3.444, 2.687, 2.06, 2.01, 1.76, 1.91, 1.99, 2.06, 1.96, 1.94, 2.26, 2.76, 2.71, 2.57, 2.98, 4.368, 4.734, 5.001, 5.231, 5.01, 5.41, 6.499, 6.722, 6.373, 5.96, 5.48, 5.108, 4.599, 4.551, 4.126, 2.867, 1.65, 2.02, 1.59, 1.62, 1.8, 1.98, 1.99, 1.86, 2.17, 2.49, 2.85, 3.15, 2.83, 2.63, 2.25, 2.49, 2.5, 2.02, 2.31, 2.62, 2.96, 3.1], [5.06, 4.03, 3.64, 2.57, 2.97, 2.48, 2.86, 2.89, 2.49, 2.19, 1.83, 2.06, 1.44, 0.83, 0.59, 0, 0.62, 0.75, 1.27, 1.63, 1.54, 1.65, 1.74, 1.81, 1.52, 2.37, 2.71, 2.03, 1.15, 3.095, 4.252, 3.777, 3.47, 3.274, 2.537, 1.89, 1.9, 1.75, 2.02, 2.08, 2.09, 2.05, 1.93, 2.31, 2.75, 2.72, 2.48, 2.81, 4.202, 4.584, 4.845, 5.075, 4.858, 5.26, 6.343, 6.596, 6.191, 5.81, 5.31, 4.918, 4.402, 4.493, 3.991, 2.677, 1.72, 2.13, 1.76, 1.69, 1.81, 2.03, 2.14, 1.99, 2.34, 2.6, 2.94, 3.2, 2.82, 2.54, 2.2, 2.5, 2.55, 2.07, 2.4, 2.73, 3.09, 3.27], [5.08, 4.05, 3.56, 2.59, 2.81, 2.46, 2.78, 2.73, 2.53, 2.19, 1.79, 2.02, 1.36, 0.95, 0.99, 0.62, 0, 0.75, 1.25, 1.61, 1.48, 1.55, 1.7, 1.79, 1.54, 2.17, 2.71, 2.05, 1.29, 3.06, 4.306, 3.779, 3.49, 3.312, 2.56, 1.73, 1.86, 1.91, 2.14, 2.22, 2.03, 1.99, 1.91, 2.23, 2.59, 2.56, 2.44, 2.69, 4.177, 4.521, 4.751, 4.973, 4.772, 5.141, 6.247, 6.505, 6.269, 5.93, 5.41, 5.021, 4.404, 4.227, 4.015, 2.76, 1.86, 2.19, 1.9, 1.83, 1.99, 2.15, 2.24, 2.03, 2.3, 2.58, 2.98, 3.28, 2.84, 2.58, 2.2, 2.54, 2.57, 1.95, 2.54, 2.91, 3.19, 3.23], [5.03, 3.98, 3.51, 2.46, 2.82, 2.45, 2.75, 2.82, 2.48, 2.16, 1.76, 2.09, 1.45, 0.9, 0.9, 0.75, 0.75, 0, 0.94, 1.38, 1.39, 1.6, 1.71, 1.66, 1.57, 2.28, 2.72, 2.08, 1.12, 3.008, 4.136, 3.68, 3.34, 3.202, 2.51, 1.82, 1.93, 1.8, 1.97, 2.01, 1.84, 1.84, 1.78, 2.3, 2.74, 2.71, 2.45, 2.76, 4.121, 4.502, 4.752, 4.948, 4.727, 5.162, 6.236, 6.479, 6.147, 5.82, 5.3, 4.897, 4.286, 4.357, 3.971, 2.531, 1.75, 2.24, 1.73, 1.64, 1.58, 1.84, 2.13, 2.1, 2.25, 2.51, 2.99, 3.31, 2.83, 2.51, 2.29, 2.55, 2.54, 1.98, 2.49, 2.84, 3.18, 3.32], [5.67, 4.58, 3.79, 2.56, 2.56, 2.33, 2.55, 2.68, 2.3, 2.04, 1.58, 1.93, 1.57, 1.4, 1.5, 1.27, 1.25, 0.94, 0, 0.88, 1.11, 1.32, 1.29, 1.4, 1.79, 2.68, 3.14, 2.52, 1.46, 2.83, 3.87, 3.38, 3.24, 2.99, 2.27, 1.94, 2.23, 2.22, 2.43, 2.39, 2.04, 2.16, 2.14, 2.38, 2.7, 2.63, 2.49, 2.42, 3.71, 4.021, 4.3, 4.49, 4.31, 4.716, 5.745, 6.0, 5.638, 5.22, 4.7, 4.354, 3.783, 3.785, 3.419, 2.033, 2.27, 2.92, 2.37, 2.18, 2.1, 2.2, 2.51, 2.48, 2.77, 2.95, 3.23, 3.45, 3.01, 2.69, 2.61, 2.95, 2.96, 2.56, 3.21, 3.56, 3.96, 4.02], [6.17, 5.08, 4.21, 3.08, 2.76, 2.49, 2.63, 2.72, 2.36, 2.04, 1.64, 1.99, 1.85, 1.84, 1.88, 1.63, 1.61, 1.38, 0.88, 0, 1.09, 1.24, 1.43, 1.36, 1.83, 2.86, 3.28, 2.74, 1.8, 2.67, 3.79, 3.16, 3.14, 2.87, 2.45, 2.2, 2.41, 2.44, 2.63, 2.67, 2.26, 2.34, 2.34, 2.68, 2.8, 2.67, 2.75, 2.6, 3.729, 3.964, 4.174, 4.347, 4.204, 4.579, 5.605, 5.917, 5.501, 5.18, 4.56, 4.214, 3.668, 3.676, 3.33, 2.28, 2.57, 3.34, 2.85, 2.68, 2.58, 2.58, 2.91, 2.84, 3.05, 3.21, 3.61, 3.73, 3.25, 2.99, 2.91, 3.23, 3.3, 3.0, 3.61, 3.94, 4.28, 4.46], [6.2, 5.11, 4.44, 3.33, 2.91, 2.8, 2.86, 3.03, 2.73, 2.51, 1.83, 2.12, 1.92, 1.87, 1.75, 1.54, 1.48, 1.39, 1.11, 1.09, 0, 0.79, 1.12, 1.13, 1.62, 2.57, 2.99, 2.45, 1.69, 2.74, 3.9, 3.41, 3.33, 3.14, 2.46, 2.15, 2.5, 2.53, 2.76, 2.62, 2.29, 2.51, 2.43, 2.49, 2.51, 2.28, 2.4, 2.53, 3.828, 4.215, 4.513, 4.697, 4.497, 4.849, 5.906, 6.193, 5.719, 5.343, 4.746, 4.516, 3.952, 3.858, 3.44, 2.39, 2.68, 3.33, 2.84, 2.67, 2.57, 2.59, 2.78, 2.63, 2.84, 3.02, 3.32, 3.32, 2.88, 2.68, 2.44, 2.84, 2.93, 2.89, 3.54, 3.85, 4.25, 4.39], [6.39, 5.34, 4.65, 3.56, 3.02, 2.91, 2.97, 3.04, 2.68, 2.48, 1.78, 1.89, 1.91, 2.0, 1.9, 1.65, 1.55, 1.6, 1.32, 1.24, 0.79, 0, 0.75, 1.02, 1.39, 2.7, 3.06, 2.38, 1.86, 2.73, 3.87, 3.38, 3.32, 3.05, 2.39, 1.9, 2.27, 2.36, 2.57, 2.47, 2.2, 2.3, 2.22, 2.42, 2.48, 2.29, 2.41, 2.38, 3.773, 4.088, 4.378, 4.588, 4.405, 4.768, 5.859, 6.125, 5.665, 5.238, 4.601, 4.422, 3.919, 3.709, 3.37, 2.3, 2.77, 3.36, 2.99, 2.82, 2.52, 2.4, 2.55, 2.44, 2.69, 2.87, 3.31, 3.39, 2.93, 2.67, 2.45, 2.83, 2.96, 2.98, 3.71, 4.06, 4.46, 4.52], [6.38, 5.33, 4.62, 3.47, 3.13, 2.98, 3.08, 3.09, 2.59, 2.43, 1.77, 1.74, 1.8, 2.03, 1.91, 1.74, 1.7, 1.71, 1.29, 1.43, 1.12, 0.75, 0, 0.71, 1.4, 2.91, 3.33, 2.75, 1.77, 2.52, 3.62, 3.15, 3.05, 2.82, 2.06, 1.79, 2.18, 2.27, 2.38, 2.22, 1.93, 2.07, 1.99, 2.17, 2.39, 2.14, 2.16, 2.13, 3.451, 3.805, 4.095, 4.305, 4.142, 4.505, 5.568, 5.838, 5.39, 4.897, 4.28, 4.087, 3.643, 3.517, 3.121, 1.83, 2.64, 3.39, 2.96, 2.77, 2.49, 2.19, 2.26, 2.27, 2.5, 2.76, 3.06, 3.08, 2.68, 2.42, 2.46, 2.8, 2.87, 3.15, 3.72, 4.07, 4.47, 4.51], [6.35, 5.3, 4.69, 3.58, 3.18, 3.07, 3.17, 3.18, 2.8, 2.54, 1.8, 1.83, 2.01, 2.04, 2.0, 1.81, 1.79, 1.66, 1.4, 1.36, 1.13, 1.02, 0.71, 0, 1.51, 3.0, 3.52, 2.94, 1.88, 2.33, 3.421, 2.977, 2.8, 2.63, 2.09, 1.64, 2.19, 2.26, 2.39, 2.19, 1.9, 2.0, 1.92, 2.08, 2.22, 1.95, 1.99, 2.14, 3.361, 3.81, 4.06, 4.249, 4.07, 4.48, 5.528, 5.778, 5.392, 4.836, 4.338, 4.089, 3.556, 3.537, 3.15, 1.86, 2.67, 3.5, 2.99, 2.86, 2.5, 2.12, 2.15, 2.24, 2.45, 2.69, 2.99, 2.97, 2.57, 2.27, 2.31, 2.73, 2.84, 3.14, 3.79, 4.14, 4.56, 4.64], [5.78, 4.79, 4.56, 3.47, 3.67, 3.52, 3.68, 3.57, 3.21, 2.89, 2.37, 2.32, 2.24, 1.83, 1.53, 1.52, 1.54, 1.57, 1.79, 1.83, 1.62, 1.39, 1.4, 1.51, 0, 1.83, 2.47, 1.93, 1.75, 3.392, 4.512, 4.065, 3.824, 3.717, 3.04, 2.01, 1.9, 2.01, 2.02, 2.26, 2.21, 1.93, 1.91, 1.97, 2.05, 2.0, 2.3, 2.91, 4.412, 4.892, 5.156, 5.363, 5.186, 5.552, 6.626, 6.833, 6.498, 5.94, 5.41, 5.184, 4.658, 4.549, 4.133, 2.745, 2.46, 2.79, 2.56, 2.55, 2.21, 2.17, 2.3, 2.01, 2.04, 2.28, 2.88, 3.02, 2.7, 2.64, 2.24, 2.3, 2.29, 2.39, 3.18, 3.59, 3.99, 4.07], [4.85, 4.32, 4.37, 3.84, 4.5, 4.21, 4.57, 4.58, 4.38, 3.98, 3.64, 3.71, 3.29, 2.52, 2.24, 2.37, 2.17, 2.28, 2.68, 2.86, 2.57, 2.7, 2.91, 3.0, 1.83, 0, 1.08, 1.28, 2.6, 5.039, 6.148, 5.71, 5.39, 5.307, 4.527, 3.374, 2.97, 2.989, 2.859, 3.13, 3.266, 3.04, 2.969, 3.032, 3.24, 3.29, 3.802, 4.412, 6.013, 6.462, 6.743, 6.953, 6.773, 7.139, 8.222, 8.435, 8.14, 7.664, 7.13, 6.831, 6.277, 6.097, 5.806, 4.366, 2.49, 2.02, 2.37, 2.46, 2.52, 2.895, 3.065, 2.452, 2.03, 2.35, 3.57, 3.95, 3.787, 3.836, 3.395, 2.99, 2.62, 1.56, 2.53, 3.3, 3.7, 3.64], [4.85, 4.68, 4.73, 4.42, 5.14, 4.79, 5.13, 5.22, 4.84, 4.531, 4.336, 4.486, 3.898, 2.98, 2.64, 2.71, 2.71, 2.72, 3.14, 3.28, 2.99, 3.06, 3.33, 3.52, 2.47, 1.08, 0, 1.12, 3.04, 5.567, 6.73, 6.246, 5.857, 5.77, 5.078, 3.979, 3.69, 3.685, 3.575, 3.81, 3.871, 3.76, 3.748, 3.842, 4.16, 3.989, 4.481, 5.142, 6.701, 7.024, 7.314, 7.524, 7.341, 7.704, 8.778, 9.033, 8.505, 8.055, 7.378, 7.287, 6.807, 6.649, 6.174, 4.782, 2.83, 2.3, 2.55, 2.9, 3.042, 3.58, 3.772, 3.182, 2.752, 3.05, 4.352, 4.712, 4.543, 4.6, 4.186, 3.77, 3.34, 2.2, 2.63, 3.34, 3.72, 3.76], [4.51, 3.86, 3.89, 3.72, 4.44, 4.05, 4.37, 4.42, 4.16, 3.86, 3.6, 3.73, 3.13, 2.22, 1.92, 2.03, 2.05, 2.08, 2.52, 2.74, 2.45, 2.38, 2.75, 2.94, 1.93, 1.28, 1.12, 0, 2.46, 4.833, 6.016, 5.452, 5.166, 5.053, 4.302, 3.28, 3.17, 3.04, 2.97, 3.15, 3.18, 3.16, 3.12, 3.32, 3.7, 3.49, 3.87, 4.459, 5.993, 6.262, 6.526, 6.736, 6.536, 6.902, 8.033, 8.291, 7.871, 7.438, 6.752, 6.554, 6.034, 5.852, 5.497, 4.193, 2.15, 1.66, 1.71, 2.06, 2.32, 2.88, 3.13, 2.66, 2.61, 2.97, 3.99, 4.25, 3.99, 3.886, 3.51, 3.47, 3.32, 2.1, 2.03, 2.48, 2.94, 3.12], [5.03, 3.98, 3.59, 2.5, 2.76, 2.59, 2.71, 2.66, 2.32, 1.94, 1.54, 1.69, 1.15, 1.3, 1.18, 1.15, 1.29, 1.12, 1.46, 1.8, 1.69, 1.86, 1.77, 1.88, 1.75, 2.6, 3.04, 2.46, 0, 2.65, 3.85, 3.4, 3.02, 2.89, 2.27, 1.98, 1.89, 1.66, 1.81, 1.71, 1.9, 1.86, 1.76, 2.06, 2.58, 2.59, 2.39, 2.84, 3.809, 4.11, 4.4, 4.65, 4.537, 4.937, 5.934, 6.19, 5.824, 5.7, 5.24, 4.83, 4.18, 4.443, 4.0, 2.453, 1.47, 2.24, 1.81, 1.68, 1.56, 1.56, 1.57, 1.78, 2.13, 2.33, 2.27, 2.63, 2.51, 2.07, 1.99, 2.31, 2.22, 2.26, 2.63, 2.84, 3.16, 3.34], [6.48, 5.39, 4.72, 3.63, 2.87, 2.9, 2.72, 2.93, 2.73, 2.45, 2.03, 2.04, 2.28, 3.11, 3.259, 3.095, 3.06, 3.008, 2.83, 2.67, 2.74, 2.73, 2.52, 2.33, 3.392, 5.039, 5.567, 4.833, 2.65, 0, 1.44, 1.33, 1.45, 1.4, 1.48, 2.21, 2.88, 2.87, 3.02, 2.68, 2.53, 2.73, 2.65, 2.55, 2.57, 2.44, 2.02, 1.99, 1.9, 2.04, 2.33, 2.34, 2.28, 2.5, 3.5, 3.78, 3.385, 3.35, 2.93, 2.48, 2.0, 2.23, 2.13, 2.03, 3.18, 4.27, 3.56, 3.25, 2.95, 2.47, 2.3, 2.97, 3.4, 3.32, 2.62, 2.54, 2.32, 1.94, 2.52, 3.12, 3.37, 4.35, 4.72, 5.07, 5.37, 5.39], [7.16, 6.11, 5.34, 4.23, 3.47, 3.52, 3.34, 3.57, 3.37, 3.17, 3.05, 3.08, 3.34, 4.302, 4.405, 4.252, 4.306, 4.136, 3.87, 3.79, 3.9, 3.87, 3.62, 3.421, 4.512, 6.148, 6.73, 6.016, 3.85, 1.44, 0, 1.01, 1.63, 1.74, 2.34, 3.37, 4.0, 4.01, 4.12, 3.78, 3.59, 3.81, 3.808, 3.625, 3.33, 2.96, 2.42, 2.21, 1.62, 1.46, 1.69, 1.6, 1.6, 1.62, 2.36, 2.527, 2.35, 2.15, 1.97, 1.8, 1.52, 1.81, 2.21, 2.81, 4.22, 5.45, 4.64, 4.33, 3.97, 3.41, 3.32, 4.082, 4.606, 4.36, 3.34, 3.0, 3.08, 2.84, 3.62, 4.12, 4.51, 5.47, 5.9, 6.23, 6.57, 6.61], [7.03, 5.94, 5.03, 3.94, 3.14, 3.05, 2.85, 3.08, 2.9, 2.62, 2.58, 2.59, 2.87, 3.775, 3.932, 3.777, 3.779, 3.68, 3.38, 3.16, 3.41, 3.38, 3.15, 2.977, 4.065, 5.71, 6.246, 5.452, 3.4, 1.33, 1.01, 0, 1.2, 1.29, 1.65, 2.778, 3.497, 3.47, 3.62, 3.257, 2.978, 3.26, 3.26, 3.175, 2.92, 2.55, 1.99, 1.8, 1.41, 1.19, 1.46, 1.53, 1.37, 1.77, 2.81, 3.088, 2.76, 2.68, 2.28, 1.87, 1.55, 1.72, 1.64, 2.18, 3.83, 5.015, 4.27, 3.92, 3.6, 3.06, 2.97, 3.64, 4.17, 3.95, 2.95, 2.61, 2.65, 2.43, 3.21, 3.73, 4.09, 5.047, 5.463, 5.713, 5.975, 6.155], [6.25, 5.18, 4.53, 3.38, 2.92, 2.97, 2.71, 2.86, 2.62, 2.62, 2.24, 2.27, 2.43, 3.4, 3.606, 3.47, 3.49, 3.34, 3.24, 3.14, 3.33, 3.32, 3.05, 2.8, 3.824, 5.39, 5.857, 5.166, 3.02, 1.45, 1.63, 1.2, 0, 0.79, 1.35, 2.24, 2.87, 2.84, 2.95, 2.65, 2.44, 2.68, 2.68, 2.74, 2.74, 2.63, 2.21, 1.78, 1.87, 1.71, 1.8, 1.97, 1.95, 2.41, 3.33, 3.75, 3.56, 3.52, 3.1, 2.67, 2.31, 2.48, 2.22, 2.18, 3.41, 4.62, 3.99, 3.64, 3.32, 2.74, 2.49, 3.18, 3.737, 3.67, 2.57, 2.33, 2.27, 2.09, 2.73, 3.25, 3.56, 4.478, 4.89, 5.06, 5.28, 5.48], [6.34, 5.25, 4.48, 3.43, 2.73, 2.72, 2.52, 2.77, 2.43, 2.33, 2.07, 2.12, 2.28, 3.23, 3.444, 3.274, 3.312, 3.202, 2.99, 2.87, 3.14, 3.05, 2.82, 2.63, 3.717, 5.307, 5.77, 5.053, 2.89, 1.4, 1.74, 1.29, 0.79, 0, 1.04, 2.17, 2.78, 2.73, 2.86, 2.54, 2.31, 2.61, 2.61, 2.79, 2.77, 2.74, 2.34, 1.83, 1.82, 1.76, 1.93, 2.12, 2.0, 2.4, 3.5, 3.887, 3.67, 3.61, 3.11, 2.76, 2.4, 2.51, 2.29, 2.07, 3.3, 4.51, 3.9, 3.51, 3.21, 2.69, 2.42, 3.099, 3.62, 3.58, 2.52, 2.4, 2.24, 2.1, 2.82, 3.2, 3.57, 4.39, 4.8, 4.95, 5.19, 5.37], [6.26, 5.17, 4.44, 3.27, 2.83, 2.84, 2.72, 2.79, 2.45, 2.49, 1.77, 1.74, 1.9, 2.47, 2.687, 2.537, 2.56, 2.51, 2.27, 2.45, 2.46, 2.39, 2.06, 2.09, 3.04, 4.527, 5.078, 4.302, 2.27, 1.48, 2.34, 1.65, 1.35, 1.04, 0, 1.39, 2.1, 2.05, 2.18, 1.86, 1.61, 1.87, 1.85, 1.99, 2.15, 2.16, 1.76, 1.33, 2.12, 2.284, 2.494, 2.681, 2.5, 2.927, 4.035, 4.451, 4.274, 4.07, 3.49, 2.96, 2.4, 2.623, 2.43, 1.81, 2.86, 3.91, 3.44, 3.13, 2.91, 2.31, 1.98, 2.41, 2.92, 2.78, 2.04, 1.88, 1.68, 1.58, 2.16, 2.54, 2.83, 3.71, 4.2, 4.37, 4.65, 4.79], [6.01, 4.96, 4.63, 3.58, 3.4, 3.35, 3.31, 3.3, 3.0, 2.94, 2.14, 2.03, 1.99, 1.9, 2.06, 1.89, 1.73, 1.82, 1.94, 2.2, 2.15, 1.9, 1.79, 1.64, 2.01, 3.374, 3.979, 3.28, 1.98, 2.21, 3.37, 2.778, 2.24, 2.17, 1.39, 0, 1.07, 1.22, 1.31, 1.23, 0.94, 1.16, 1.0, 0.98, 1.48, 1.51, 1.43, 1.64, 3.071, 3.371, 3.596, 3.803, 3.631, 4.049, 5.092, 5.512, 5.379, 5.08, 4.52, 4.11, 3.474, 3.371, 3.168, 2.3, 2.55, 3.24, 3.11, 3.02, 2.68, 2.2, 1.87, 1.74, 2.03, 2.15, 2.03, 2.03, 1.65, 1.61, 1.77, 2.13, 2.18, 2.7, 3.59, 3.84, 4.2, 4.36], [5.48, 4.45, 4.38, 3.47, 3.55, 3.4, 3.52, 3.49, 3.15, 3.07, 2.17, 2.0, 2.08, 1.91, 2.01, 1.9, 1.86, 1.93, 2.23, 2.41, 2.5, 2.27, 2.18, 2.19, 1.9, 2.97, 3.69, 3.17, 1.89, 2.88, 4.0, 3.497, 2.87, 2.78, 2.1, 1.07, 0, 0.61, 0.74, 1.12, 1.19, 1.27, 1.05, 1.15, 1.77, 1.86, 1.92, 2.29, 3.647, 4.03, 4.194, 4.364, 4.25, 4.69, 5.736, 6.139, 6.157, 5.85, 5.39, 4.907, 4.21, 4.227, 4.088, 2.77, 2.48, 2.85, 3.0, 2.99, 2.57, 2.35, 1.94, 1.73, 1.82, 2.06, 1.92, 1.94, 1.64, 1.78, 1.92, 1.84, 1.97, 2.11, 3.36, 3.55, 3.75, 3.93], [5.15, 4.08, 3.97, 3.16, 3.38, 3.21, 3.35, 3.26, 2.96, 2.78, 1.94, 1.95, 1.89, 1.68, 1.76, 1.75, 1.91, 1.8, 2.22, 2.44, 2.53, 2.36, 2.27, 2.26, 2.01, 2.989, 3.685, 3.04, 1.66, 2.87, 4.01, 3.47, 2.84, 2.73, 2.05, 1.22, 0.61, 0, 0.65, 1.01, 1.18, 1.2, 1.04, 1.4, 2.12, 2.21, 2.21, 2.44, 3.677, 4.037, 4.224, 4.394, 4.268, 4.748, 5.784, 6.204, 6.133, 5.94, 5.5, 4.965, 4.228, 4.403, 4.14, 2.8, 2.11, 2.6, 2.59, 2.56, 2.18, 1.96, 1.65, 1.54, 1.85, 2.05, 1.99, 2.01, 1.67, 1.69, 1.87, 1.93, 2.0, 2.18, 2.97, 3.12, 3.36, 3.58], [5.14, 4.17, 4.14, 3.43, 3.65, 3.54, 3.6, 3.57, 3.23, 3.07, 2.25, 2.1, 2.14, 1.97, 1.91, 2.02, 2.14, 1.97, 2.43, 2.63, 2.76, 2.57, 2.38, 2.39, 2.02, 2.859, 3.575, 2.97, 1.81, 3.02, 4.12, 3.62, 2.95, 2.86, 2.18, 1.31, 0.74, 0.65, 0, 0.78, 1.21, 1.11, 0.97, 1.21, 2.03, 2.12, 2.2, 2.45, 3.75, 4.15, 4.3, 4.47, 4.373, 4.838, 5.888, 6.308, 6.28, 6.01, 5.59, 5.055, 4.338, 4.49, 4.23, 2.97, 2.22, 2.55, 2.72, 2.71, 2.33, 1.99, 1.62, 1.41, 1.6, 1.84, 1.88, 1.78, 1.52, 1.84, 1.9, 1.7, 1.83, 2.05, 3.02, 3.21, 3.45, 3.65], [5.44, 4.39, 4.18, 3.47, 3.45, 3.38, 3.46, 3.39, 3.17, 3.05, 2.19, 2.02, 2.08, 2.07, 1.99, 2.08, 2.22, 2.01, 2.39, 2.67, 2.62, 2.47, 2.22, 2.19, 2.26, 3.13, 3.81, 3.15, 1.71, 2.68, 3.78, 3.257, 2.65, 2.54, 1.86, 1.23, 1.12, 1.01, 0.78, 0, 0.93, 0.97, 0.93, 1.11, 1.91, 2.04, 2.02, 2.21, 3.464, 3.824, 4.012, 4.199, 4.044, 4.504, 5.522, 5.922, 5.917, 5.63, 5.17, 4.68, 3.964, 4.079, 3.897, 2.69, 2.28, 2.83, 2.74, 2.65, 2.41, 1.97, 1.34, 1.23, 1.54, 1.84, 1.74, 1.88, 1.7, 1.64, 1.82, 1.94, 1.89, 2.23, 3.18, 3.31, 3.53, 3.65], [5.85, 4.72, 4.29, 3.5, 3.52, 3.39, 3.45, 3.34, 3.12, 2.98, 2.2, 2.07, 2.05, 2.0, 2.06, 2.09, 2.03, 1.84, 2.04, 2.26, 2.29, 2.2, 1.93, 1.9, 2.21, 3.266, 3.871, 3.18, 1.9, 2.53, 3.59, 2.978, 2.44, 2.31, 1.61, 0.94, 1.19, 1.18, 1.21, 0.93, 0, 0.84, 0.92, 1.24, 1.8, 1.93, 1.75, 1.88, 3.291, 3.589, 3.796, 4.003, 3.831, 4.249, 5.252, 5.695, 5.604, 5.32, 4.78, 4.334, 3.654, 3.594, 3.5, 2.56, 2.57, 3.2, 3.03, 2.9, 2.58, 2.04, 1.59, 1.6, 1.81, 2.13, 2.03, 2.17, 1.75, 1.81, 2.13, 2.31, 2.26, 2.58, 3.47, 3.64, 3.9, 4.16], [5.85, 4.8, 4.23, 3.44, 3.56, 3.45, 3.61, 3.36, 3.24, 2.96, 2.18, 2.01, 1.97, 1.98, 1.96, 2.05, 1.99, 1.84, 2.16, 2.34, 2.51, 2.3, 2.07, 2.0, 1.93, 3.04, 3.76, 3.16, 1.86, 2.73, 3.81, 3.26, 2.68, 2.61, 1.87, 1.16, 1.27, 1.2, 1.11, 0.97, 0.84, 0, 0.7, 1.22, 1.72, 1.97, 1.99, 2.04, 3.474, 3.872, 4.053, 4.254, 4.105, 4.492, 5.543, 5.892, 5.884, 5.58, 5.12, 4.62, 3.903, 3.957, 3.751, 2.74, 2.59, 3.1, 3.01, 2.82, 2.64, 2.04, 1.53, 1.54, 1.71, 1.93, 2.11, 2.27, 1.93, 1.99, 2.15, 2.23, 2.1, 2.38, 3.49, 3.64, 3.86, 3.98], [5.61, 4.58, 4.15, 3.34, 3.46, 3.41, 3.51, 3.32, 3.16, 2.94, 2.16, 1.93, 1.95, 1.84, 1.94, 1.93, 1.91, 1.78, 2.14, 2.34, 2.43, 2.22, 1.99, 1.92, 1.91, 2.969, 3.748, 3.12, 1.76, 2.65, 3.808, 3.26, 2.68, 2.61, 1.85, 1.0, 1.05, 1.04, 0.97, 0.93, 0.92, 0.7, 0, 0.98, 1.66, 1.91, 1.83, 2.04, 3.494, 3.872, 4.059, 4.226, 4.111, 4.532, 5.514, 5.923, 5.92, 5.64, 5.18, 4.67, 3.963, 3.991, 3.815, 2.66, 2.39, 2.86, 2.85, 2.66, 2.44, 1.92, 1.59, 1.54, 1.71, 1.87, 1.95, 2.05, 1.65, 1.67, 1.75, 1.89, 1.88, 2.24, 3.31, 3.5, 3.72, 3.88], [5.97, 4.94, 4.77, 3.88, 3.8, 3.89, 3.95, 3.84, 3.62, 3.44, 2.54, 2.21, 2.45, 2.34, 2.26, 2.31, 2.23, 2.3, 2.38, 2.68, 2.49, 2.42, 2.17, 2.08, 1.97, 3.032, 3.842, 3.32, 2.06, 2.55, 3.625, 3.175, 2.74, 2.79, 1.99, 0.98, 1.15, 1.4, 1.21, 1.11, 1.24, 1.22, 0.98, 0, 0.98, 1.19, 1.33, 1.72, 3.245, 3.717, 3.927, 4.134, 4.022, 4.4, 5.4, 5.763, 5.698, 5.42, 4.96, 4.49, 3.77, 3.693, 3.6, 2.62, 2.69, 3.1, 3.13, 3.02, 2.78, 2.28, 1.71, 1.4, 1.63, 1.73, 1.57, 1.61, 1.45, 1.63, 1.67, 1.73, 1.66, 2.48, 3.65, 3.88, 4.22, 4.3], [6.85, 5.86, 5.55, 4.54, 4.22, 4.29, 4.31, 4.32, 4.12, 3.88, 2.92, 2.69, 2.99, 2.82, 2.76, 2.75, 2.59, 2.74, 2.7, 2.8, 2.51, 2.48, 2.39, 2.22, 2.05, 3.24, 4.16, 3.7, 2.58, 2.57, 3.33, 2.92, 2.74, 2.77, 2.15, 1.48, 1.77, 2.12, 2.03, 1.91, 1.8, 1.72, 1.66, 0.98, 0, 0.77, 1.03, 1.64, 3.05, 3.482, 3.712, 3.922, 3.782, 4.148, 5.182, 5.46, 5.353, 5.02, 4.54, 4.13, 3.51, 3.307, 3.3, 2.8, 3.35, 3.86, 3.81, 3.68, 3.46, 2.94, 2.33, 1.92, 2.09, 1.91, 1.79, 1.73, 1.63, 1.85, 2.19, 2.03, 2.1, 3.1, 4.35, 4.74, 5.08, 5.1], [6.96, 5.93, 5.8, 4.67, 4.29, 4.28, 4.3, 4.35, 4.09, 3.93, 2.97, 2.78, 3.08, 2.93, 2.71, 2.72, 2.56, 2.71, 2.63, 2.67, 2.28, 2.29, 2.14, 1.95, 2.0, 3.29, 3.989, 3.49, 2.59, 2.44, 2.96, 2.55, 2.63, 2.74, 2.16, 1.51, 1.86, 2.21, 2.12, 2.04, 1.93, 1.97, 1.91, 1.19, 0.77, 0, 0.76, 1.53, 2.88, 3.317, 3.582, 3.772, 3.572, 3.981, 5.027, 5.251, 5.063, 4.69, 4.19, 3.82, 3.2, 3.09, 3.01, 2.67, 3.24, 3.79, 3.74, 3.73, 3.31, 2.85, 2.36, 2.09, 2.22, 2.02, 1.94, 1.76, 1.64, 1.86, 2.3, 2.2, 2.39, 3.27, 4.4, 4.81, 5.25, 5.27], [6.76, 5.73, 5.42, 4.29, 4.01, 4.0, 4.0, 4.09, 3.79, 3.61, 2.67, 2.52, 2.76, 2.61, 2.57, 2.48, 2.44, 2.45, 2.49, 2.75, 2.4, 2.41, 2.16, 1.99, 2.3, 3.802, 4.481, 3.87, 2.39, 2.02, 2.42, 1.99, 2.21, 2.34, 1.76, 1.43, 1.92, 2.21, 2.2, 2.02, 1.75, 1.99, 1.83, 1.33, 1.03, 0.76, 0, 1.21, 2.32, 2.82, 3.13, 3.309, 3.069, 3.449, 4.489, 4.736, 4.51, 4.21, 3.75, 3.3, 2.68, 2.705, 2.59, 2.35, 2.94, 3.71, 3.4, 3.33, 3.05, 2.51, 2.1, 2.05, 2.36, 2.26, 1.84, 1.56, 1.4, 1.6, 2.02, 2.22, 2.55, 3.31, 4.2, 4.59, 5.01, 5.07], [6.85, 5.76, 5.05, 3.98, 3.46, 3.47, 3.57, 3.5, 3.26, 3.08, 2.18, 2.09, 2.49, 2.82, 2.98, 2.81, 2.69, 2.76, 2.42, 2.6, 2.53, 2.38, 2.13, 2.14, 2.91, 4.412, 5.142, 4.459, 2.84, 1.99, 2.21, 1.8, 1.78, 1.83, 1.33, 1.64, 2.29, 2.44, 2.45, 2.21, 1.88, 2.04, 2.04, 1.72, 1.64, 1.53, 1.21, 0, 1.71, 2.23, 2.5, 2.69, 2.49, 2.91, 3.919, 4.203, 4.1, 3.88, 3.46, 2.95, 2.31, 2.4, 2.38, 2.12, 3.35, 4.06, 3.79, 3.52, 3.34, 2.8, 2.39, 2.44, 2.83, 2.71, 2.21, 2.07, 1.75, 1.97, 2.41, 2.67, 2.9, 3.64, 4.53, 4.92, 5.28, 5.28], [7.28, 6.17, 5.38, 4.19, 3.53, 3.56, 3.36, 3.53, 3.41, 3.15, 2.73, 2.8, 3.359, 4.156, 4.368, 4.202, 4.177, 4.121, 3.71, 3.729, 3.828, 3.773, 3.451, 3.361, 4.412, 6.013, 6.701, 5.993, 3.809, 1.9, 1.62, 1.41, 1.87, 1.82, 2.12, 3.071, 3.647, 3.677, 3.75, 3.464, 3.291, 3.474, 3.494, 3.245, 3.05, 2.88, 2.32, 1.71, 0, 0.92, 1.19, 1.3, 1.14, 1.54, 2.6, 2.92, 2.79, 2.77, 2.53, 2.04, 1.46, 1.91, 2.11, 2.71, 4.2, 5.148, 4.58, 4.37, 4.05, 3.53, 3.2, 3.776, 4.243, 4.129, 2.92, 2.58, 2.6, 2.56, 3.24, 3.65, 4.088, 5.034, 5.575, 5.917, 6.2, 6.16], [7.34, 6.25, 5.24, 3.97, 3.23, 3.22, 2.9, 3.11, 3.01, 2.87, 3.065, 3.104, 3.355, 4.488, 4.734, 4.584, 4.521, 4.502, 4.021, 3.964, 4.215, 4.088, 3.805, 3.81, 4.892, 6.462, 7.024, 6.262, 4.11, 2.04, 1.46, 1.19, 1.71, 1.76, 2.284, 3.371, 4.03, 4.037, 4.15, 3.824, 3.589, 3.872, 3.872, 3.717, 3.482, 3.317, 2.82, 2.23, 0.92, 0, 0.61, 0.74, 0.76, 1.14, 2.0, 2.38, 2.27, 2.31, 2.15, 1.68, 1.3, 1.67, 1.95, 2.73, 4.48, 5.668, 5.06, 4.659, 4.39, 3.79, 3.54, 4.276, 4.769, 4.652, 3.4, 3.06, 3.12, 2.94, 3.74, 4.153, 4.608, 5.574, 6.015, 6.225, 6.528, 6.608], [7.25, 6.22, 5.09, 3.96, 3.2, 3.29, 2.83, 2.9, 3.04, 3.08, 3.295, 3.271, 3.582, 4.738, 5.001, 4.845, 4.751, 4.752, 4.3, 4.174, 4.513, 4.378, 4.095, 4.06, 5.156, 6.743, 7.314, 6.526, 4.4, 2.33, 1.69, 1.46, 1.8, 1.93, 2.494, 3.596, 4.194, 4.224, 4.3, 4.012, 3.796, 4.053, 4.059, 3.927, 3.712, 3.582, 3.13, 2.5, 1.19, 0.61, 0, 0.49, 0.87, 1.25, 1.89, 2.27, 2.26, 2.26, 2.16, 1.79, 1.53, 1.78, 1.94, 2.914, 4.77, 5.938, 5.339, 4.923, 4.66, 4.06, 3.81, 4.514, 5.057, 4.919, 3.65, 3.23, 3.31, 3.15, 3.97, 4.34, 4.818, 5.79, 6.265, 6.435, 6.655, 6.738], [7.44, 6.43, 5.32, 4.17, 3.43, 3.56, 3.08, 3.21, 3.23, 3.35, 3.511, 3.458, 3.792, 4.951, 5.231, 5.075, 4.973, 4.948, 4.49, 4.347, 4.697, 4.588, 4.305, 4.249, 5.363, 6.953, 7.524, 6.736, 4.65, 2.34, 1.6, 1.53, 1.97, 2.12, 2.681, 3.803, 4.364, 4.394, 4.47, 4.199, 4.003, 4.254, 4.226, 4.134, 3.922, 3.772, 3.309, 2.69, 1.3, 0.74, 0.49, 0, 0.74, 1.18, 1.74, 2.04, 2.01, 2.03, 2.07, 1.72, 1.42, 1.75, 2.03, 3.11, 5.0, 6.128, 5.56, 5.153, 4.87, 4.31, 4.04, 4.71, 5.287, 5.129, 3.88, 3.34, 3.44, 3.32, 4.1, 4.493, 5.025, 6.011, 6.495, 6.645, 6.825, 6.928], [7.84, 6.75, 5.76, 4.47, 3.75, 3.56, 3.34, 3.53, 3.43, 3.29, 3.42, 3.41, 3.753, 4.728, 5.01, 4.858, 4.772, 4.727, 4.31, 4.204, 4.497, 4.405, 4.142, 4.07, 5.186, 6.773, 7.341, 6.536, 4.537, 2.28, 1.6, 1.37, 1.95, 2.0, 2.5, 3.631, 4.25, 4.268, 4.373, 4.044, 3.831, 4.105, 4.111, 4.022, 3.782, 3.572, 3.069, 2.49, 1.14, 0.76, 0.87, 0.74, 0, 0.78, 1.74, 2.1, 1.99, 1.97, 1.73, 1.38, 1.12, 1.45, 1.85, 2.99, 4.92, 6.034, 5.44, 5.09, 4.81, 4.29, 4.0, 4.57, 5.103, 4.98, 3.82, 3.36, 3.44, 3.24, 4.007, 4.461, 4.931, 5.865, 6.358, 6.528, 6.774, 6.948], [8.3, 7.17, 6.1, 4.89, 4.05, 3.84, 3.64, 3.77, 3.71, 3.63, 3.803, 3.836, 4.159, 5.14, 5.41, 5.26, 5.141, 5.162, 4.716, 4.579, 4.849, 4.768, 4.505, 4.48, 5.552, 7.139, 7.704, 6.902, 4.937, 2.5, 1.62, 1.77, 2.41, 2.4, 2.927, 4.049, 4.69, 4.748, 4.838, 4.504, 4.249, 4.492, 4.532, 4.4, 4.148, 3.981, 3.449, 2.91, 1.54, 1.14, 1.25, 1.18, 0.78, 0, 1.38, 1.74, 1.61, 1.73, 1.61, 1.18, 1.14, 1.39, 2.03, 3.33, 5.32, 6.414, 5.82, 5.51, 5.19, 4.71, 4.38, 4.95, 5.455, 5.312, 4.18, 3.76, 3.838, 3.667, 4.367, 4.881, 5.311, 6.234, 6.738, 6.948, 7.234, 7.368], [8.78, 7.82, 6.54, 5.37, 4.41, 4.6, 4.239, 4.13, 4.37, 4.497, 4.867, 4.758, 5.124, 6.242, 6.499, 6.343, 6.247, 6.236, 5.745, 5.605, 5.906, 5.859, 5.568, 5.528, 6.626, 8.222, 8.778, 8.033, 5.934, 3.5, 2.36, 2.81, 3.33, 3.5, 4.035, 5.092, 5.736, 5.784, 5.888, 5.522, 5.252, 5.543, 5.514, 5.4, 5.182, 5.027, 4.489, 3.919, 2.6, 2.0, 1.89, 1.74, 1.74, 1.38, 0, 0.68, 1.07, 1.75, 2.05, 1.98, 2.14, 2.37, 2.91, 4.39, 6.3, 7.508, 6.884, 6.49, 6.23, 5.59, 5.38, 5.993, 6.586, 6.432, 5.2, 4.76, 4.898, 4.618, 5.368, 5.934, 6.341, 7.286, 7.854, 8.084, 8.348, 8.444], [9.159, 8.2, 6.9, 5.749, 4.69, 4.907, 4.659, 4.47, 4.77, 4.817, 5.227, 5.154, 5.475, 6.5, 6.722, 6.596, 6.505, 6.479, 6.0, 5.917, 6.193, 6.125, 5.838, 5.778, 6.833, 8.435, 9.033, 8.291, 6.19, 3.78, 2.527, 3.088, 3.75, 3.887, 4.451, 5.512, 6.139, 6.204, 6.308, 5.922, 5.695, 5.892, 5.923, 5.763, 5.46, 5.251, 4.736, 4.203, 2.92, 2.38, 2.27, 2.04, 2.1, 1.74, 0.68, 0, 0.91, 1.65, 2.298, 2.16, 2.42, 2.61, 3.11, 4.57, 6.54, 7.784, 7.078, 6.705, 6.425, 5.79, 5.638, 6.243, 6.846, 6.653, 5.54, 5.18, 5.298, 5.037, 5.768, 6.334, 6.701, 7.629, 8.254, 8.544, 8.824, 8.904], [9.21, 8.22, 6.95, 5.7, 4.74, 4.89, 4.55, 4.48, 4.52, 4.62, 5.153, 5.134, 5.39, 6.324, 6.373, 6.191, 6.269, 6.147, 5.638, 5.501, 5.719, 5.665, 5.39, 5.392, 6.498, 8.14, 8.505, 7.871, 5.824, 3.385, 2.35, 2.76, 3.56, 3.67, 4.274, 5.379, 6.157, 6.133, 6.28, 5.917, 5.604, 5.884, 5.92, 5.698, 5.353, 5.063, 4.51, 4.1, 2.79, 2.27, 2.26, 2.01, 1.99, 1.61, 1.07, 0.91, 0, 1.18, 1.56, 1.55, 2.17, 2.36, 2.58, 4.14, 6.29, 7.595, 6.77, 6.34, 6.06, 5.54, 5.51, 6.12, 6.63, 6.47, 5.51, 5.19, 5.27, 5.023, 5.777, 6.323, 6.633, 7.647, 8.043, 8.333, 8.635, 8.755], [9.11, 8.08, 6.87, 5.6, 4.66, 4.61, 4.45, 4.44, 4.52, 4.56, 5.04, 4.93, 5.29, 5.98, 5.96, 5.81, 5.93, 5.82, 5.22, 5.18, 5.343, 5.238, 4.897, 4.836, 5.94, 7.664, 8.055, 7.438, 5.7, 3.35, 2.15, 2.68, 3.52, 3.61, 4.07, 5.08, 5.85, 5.94, 6.01, 5.63, 5.32, 5.58, 5.64, 5.42, 5.02, 4.69, 4.21, 3.88, 2.77, 2.31, 2.26, 2.03, 1.97, 1.73, 1.75, 1.65, 1.18, 0, 1.08, 1.31, 1.99, 2.2, 2.36, 3.72, 6.19, 7.46, 6.59, 6.2, 5.82, 5.26, 5.43, 5.96, 6.43, 6.23, 5.45, 5.09, 5.17, 4.89, 5.57, 6.19, 6.48, 7.42, 7.99, 8.3, 8.58, 8.7], [8.95, 7.88, 6.71, 5.44, 4.54, 4.33, 4.15, 4.24, 4.1, 4.16, 4.64, 4.53, 4.87, 5.52, 5.48, 5.31, 5.41, 5.3, 4.7, 4.56, 4.746, 4.601, 4.28, 4.338, 5.41, 7.13, 7.378, 6.752, 5.24, 2.93, 1.97, 2.28, 3.1, 3.11, 3.49, 4.52, 5.39, 5.5, 5.59, 5.17, 4.78, 5.12, 5.18, 4.96, 4.54, 4.19, 3.75, 3.46, 2.53, 2.15, 2.16, 2.07, 1.73, 1.61, 2.05, 2.298, 1.56, 1.08, 0, 0.83, 1.49, 1.58, 1.86, 3.28, 5.81, 7.06, 6.25, 5.88, 5.5, 5.02, 5.11, 5.54, 5.99, 5.79, 5.09, 4.71, 4.75, 4.51, 5.13, 5.79, 6.08, 6.96, 7.49, 7.74, 8.04, 8.22], [8.72, 7.59, 6.5, 5.21, 4.33, 4.02, 3.94, 4.03, 3.93, 3.79, 4.11, 4.06, 4.42, 5.063, 5.108, 4.918, 5.021, 4.897, 4.354, 4.214, 4.516, 4.422, 4.087, 4.089, 5.184, 6.831, 7.287, 6.554, 4.83, 2.48, 1.8, 1.87, 2.67, 2.76, 2.96, 4.11, 4.907, 4.965, 5.055, 4.68, 4.334, 4.62, 4.67, 4.49, 4.13, 3.82, 3.3, 2.95, 2.04, 1.68, 1.79, 1.72, 1.38, 1.18, 1.98, 2.16, 1.55, 1.31, 0.83, 0, 0.92, 1.27, 1.67, 2.99, 5.28, 6.59, 5.76, 5.37, 5.05, 4.53, 4.58, 4.99, 5.48, 5.26, 4.58, 4.16, 4.2, 4.0, 4.638, 5.258, 5.548, 6.477, 6.995, 7.228, 7.53, 7.685], [8.24, 7.15, 6.16, 4.83, 4.11, 3.8, 3.7, 3.81, 3.69, 3.43, 3.426, 3.419, 3.859, 4.414, 4.599, 4.402, 4.404, 4.286, 3.783, 3.668, 3.952, 3.919, 3.643, 3.556, 4.658, 6.277, 6.807, 6.034, 4.18, 2.0, 1.52, 1.55, 2.31, 2.4, 2.4, 3.474, 4.21, 4.228, 4.338, 3.964, 3.654, 3.903, 3.963, 3.77, 3.51, 3.2, 2.68, 2.31, 1.46, 1.3, 1.53, 1.42, 1.12, 1.14, 2.14, 2.42, 2.17, 1.99, 1.49, 0.92, 0, 1.07, 1.69, 2.71, 4.68, 5.837, 5.12, 4.89, 4.59, 4.05, 3.9, 4.27, 4.8, 4.56, 3.82, 3.42, 3.44, 3.3, 3.89, 4.461, 4.771, 5.689, 6.218, 6.451, 6.754, 6.917], [8.43, 7.34, 6.27, 5.04, 4.12, 3.85, 3.75, 3.84, 3.88, 3.62, 3.729, 3.645, 4.068, 4.446, 4.551, 4.493, 4.227, 4.357, 3.785, 3.676, 3.858, 3.709, 3.517, 3.537, 4.549, 6.097, 6.649, 5.852, 4.443, 2.23, 1.81, 1.72, 2.48, 2.51, 2.623, 3.371, 4.227, 4.403, 4.49, 4.079, 3.594, 3.957, 3.991, 3.693, 3.307, 3.09, 2.705, 2.4, 1.91, 1.67, 1.78, 1.75, 1.45, 1.39, 2.37, 2.61, 2.36, 2.2, 1.58, 1.27, 1.07, 0, 1.28, 2.7, 4.963, 6.074, 5.37, 5.096, 4.86, 4.316, 4.183, 4.381, 4.828, 4.668, 3.97, 3.57, 3.59, 3.5, 4.053, 4.659, 4.949, 5.757, 6.459, 6.731, 7.031, 7.157], [7.958, 6.828, 5.721, 4.448, 3.56, 3.29, 3.27, 3.3, 3.16, 3.08, 3.356, 3.329, 3.711, 4.171, 4.126, 3.991, 4.015, 3.971, 3.419, 3.33, 3.44, 3.37, 3.121, 3.15, 4.133, 5.806, 6.174, 5.497, 4.0, 2.13, 2.21, 1.64, 2.22, 2.29, 2.43, 3.168, 4.088, 4.14, 4.23, 3.897, 3.5, 3.751, 3.815, 3.6, 3.3, 3.01, 2.59, 2.38, 2.11, 1.95, 1.94, 2.03, 1.85, 2.03, 2.91, 3.11, 2.58, 2.36, 1.86, 1.67, 1.69, 1.28, 0, 2.06, 4.506, 5.734, 4.95, 4.659, 4.302, 3.839, 3.826, 4.107, 4.548, 4.384, 3.81, 3.43, 3.43, 3.2, 3.783, 4.374, 4.671, 5.534, 6.101, 6.371, 6.731, 6.837], [6.424, 5.334, 4.367, 3.04, 2.74, 2.55, 2.59, 2.64, 2.28, 2.16, 2.06, 2.05, 2.29, 2.784, 2.867, 2.677, 2.76, 2.531, 2.033, 2.28, 2.39, 2.3, 1.83, 1.86, 2.745, 4.366, 4.782, 4.193, 2.453, 2.03, 2.81, 2.18, 2.18, 2.07, 1.81, 2.3, 2.77, 2.8, 2.97, 2.69, 2.56, 2.74, 2.66, 2.62, 2.8, 2.67, 2.35, 2.12, 2.71, 2.73, 2.914, 3.11, 2.99, 3.33, 4.39, 4.57, 4.14, 3.72, 3.28, 2.99, 2.71, 2.7, 2.06, 0, 2.929, 4.13, 3.32, 3.042, 2.605, 2.3, 2.55, 2.78, 3.21, 3.25, 3.11, 3.03, 2.87, 2.59, 2.91, 3.47, 3.58, 4.058, 4.593, 4.926, 5.33, 5.324], [4.1, 3.11, 3.04, 2.61, 3.39, 3.1, 3.36, 3.25, 2.85, 2.43, 2.01, 2.4, 1.78, 1.65, 1.65, 1.72, 1.86, 1.75, 2.27, 2.57, 2.68, 2.77, 2.64, 2.67, 2.46, 2.49, 2.83, 2.15, 1.47, 3.18, 4.22, 3.83, 3.41, 3.3, 2.86, 2.55, 2.48, 2.11, 2.22, 2.28, 2.57, 2.59, 2.39, 2.69, 3.35, 3.24, 2.94, 3.35, 4.2, 4.48, 4.77, 5.0, 4.92, 5.32, 6.3, 6.54, 6.29, 6.19, 5.81, 5.28, 4.68, 4.963, 4.506, 2.929, 0, 1.57, 1.04, 1.09, 1.17, 1.35, 1.54, 1.89, 2.3, 2.48, 2.64, 3.08, 2.9, 2.46, 2.52, 2.88, 2.91, 2.21, 1.96, 2.39, 2.85, 2.95], [3.23, 2.7, 2.83, 2.96, 3.76, 3.47, 3.79, 3.9, 3.62, 3.32, 2.86, 3.01, 2.57, 2.06, 2.02, 2.13, 2.19, 2.24, 2.92, 3.34, 3.33, 3.36, 3.39, 3.5, 2.79, 2.02, 2.3, 1.66, 2.24, 4.27, 5.45, 5.015, 4.62, 4.51, 3.91, 3.24, 2.85, 2.6, 2.55, 2.83, 3.2, 3.1, 2.86, 3.1, 3.86, 3.79, 3.71, 4.06, 5.148, 5.668, 5.938, 6.128, 6.034, 6.414, 7.508, 7.784, 7.595, 7.46, 7.06, 6.59, 5.837, 6.074, 5.734, 4.13, 1.57, 0, 0.99, 1.46, 1.8, 2.34, 2.41, 2.16, 2.25, 2.65, 3.15, 3.49, 3.31, 3.05, 2.85, 2.73, 2.78, 1.74, 1.17, 1.94, 2.28, 2.18], [3.46, 2.61, 2.54, 2.39, 3.21, 2.88, 3.24, 3.29, 2.99, 2.55, 2.35, 2.7, 2.12, 1.67, 1.59, 1.76, 1.9, 1.73, 2.37, 2.85, 2.84, 2.99, 2.96, 2.99, 2.56, 2.37, 2.55, 1.71, 1.81, 3.56, 4.64, 4.27, 3.99, 3.9, 3.44, 3.11, 3.0, 2.59, 2.72, 2.74, 3.03, 3.01, 2.85, 3.13, 3.81, 3.74, 3.4, 3.79, 4.58, 5.06, 5.339, 5.56, 5.44, 5.82, 6.884, 7.078, 6.77, 6.59, 6.25, 5.76, 5.12, 5.37, 4.95, 3.32, 1.04, 0.99, 0, 0.73, 1.11, 1.71, 2.04, 2.17, 2.56, 2.82, 3.24, 3.66, 3.42, 2.84, 2.68, 3.04, 3.09, 2.11, 1.58, 2.01, 2.41, 2.49], [3.71, 2.74, 2.43, 2.16, 2.94, 2.59, 2.99, 2.98, 2.68, 2.24, 2.02, 2.25, 1.67, 1.58, 1.62, 1.69, 1.83, 1.64, 2.18, 2.68, 2.67, 2.82, 2.77, 2.86, 2.55, 2.46, 2.9, 2.06, 1.68, 3.25, 4.33, 3.92, 3.64, 3.51, 3.13, 3.02, 2.99, 2.56, 2.71, 2.65, 2.9, 2.82, 2.66, 3.02, 3.68, 3.73, 3.33, 3.52, 4.37, 4.659, 4.923, 5.153, 5.09, 5.51, 6.49, 6.705, 6.34, 6.2, 5.88, 5.37, 4.89, 5.096, 4.659, 3.042, 1.09, 1.46, 0.73, 0, 0.96, 1.32, 1.79, 2.16, 2.59, 2.87, 3.19, 3.61, 3.41, 2.75, 2.65, 3.03, 3.06, 2.24, 2.01, 2.36, 2.68, 2.74], [4.01, 2.98, 2.91, 2.36, 2.88, 2.79, 2.91, 2.82, 2.6, 2.02, 1.94, 2.13, 1.65, 1.86, 1.8, 1.81, 1.99, 1.58, 2.1, 2.58, 2.57, 2.52, 2.49, 2.5, 2.21, 2.52, 3.042, 2.32, 1.56, 2.95, 3.97, 3.6, 3.32, 3.21, 2.91, 2.68, 2.57, 2.18, 2.33, 2.41, 2.58, 2.64, 2.44, 2.78, 3.46, 3.31, 3.05, 3.34, 4.05, 4.39, 4.66, 4.87, 4.81, 5.19, 6.23, 6.425, 6.06, 5.82, 5.5, 5.05, 4.59, 4.86, 4.302, 2.605, 1.17, 1.8, 1.11, 0.96, 0, 1.02, 1.61, 1.8, 2.17, 2.39, 2.75, 3.17, 2.97, 2.35, 2.31, 2.63, 2.7, 2.2, 2.45, 2.88, 3.3, 3.42], [4.55, 3.54, 3.37, 2.52, 2.94, 2.89, 2.97, 2.8, 2.54, 2.22, 1.86, 2.01, 1.69, 1.92, 1.98, 2.03, 2.15, 1.84, 2.2, 2.58, 2.59, 2.4, 2.19, 2.12, 2.17, 2.895, 3.58, 2.88, 1.56, 2.47, 3.41, 3.06, 2.74, 2.69, 2.31, 2.2, 2.35, 1.96, 1.99, 1.97, 2.04, 2.04, 1.92, 2.28, 2.94, 2.85, 2.51, 2.8, 3.53, 3.79, 4.06, 4.31, 4.29, 4.71, 5.59, 5.79, 5.54, 5.26, 5.02, 4.53, 4.05, 4.316, 3.839, 2.3, 1.35, 2.34, 1.71, 1.32, 1.02, 0, 1.15, 1.46, 1.85, 1.97, 2.31, 2.71, 2.51, 1.91, 2.03, 2.33, 2.38, 2.42, 2.965, 3.36, 3.78, 3.9], [4.9, 3.89, 3.64, 2.87, 3.05, 3.06, 3.18, 2.99, 2.79, 2.49, 1.81, 1.9, 1.76, 2.01, 1.99, 2.14, 2.24, 2.13, 2.51, 2.91, 2.78, 2.55, 2.26, 2.15, 2.3, 3.065, 3.772, 3.13, 1.57, 2.3, 3.32, 2.97, 2.49, 2.42, 1.98, 1.87, 1.94, 1.65, 1.62, 1.34, 1.59, 1.53, 1.59, 1.71, 2.33, 2.36, 2.1, 2.39, 3.2, 3.54, 3.81, 4.04, 4.0, 4.38, 5.38, 5.638, 5.51, 5.43, 5.11, 4.58, 3.9, 4.183, 3.826, 2.55, 1.54, 2.41, 2.04, 1.79, 1.61, 1.15, 0, 1.01, 1.46, 1.78, 1.6, 2.0, 1.88, 1.56, 1.88, 2.06, 2.13, 2.27, 2.88, 3.35, 3.61, 3.51], [5.13, 4.24, 4.15, 3.44, 3.54, 3.53, 3.67, 3.54, 3.3, 2.98, 2.32, 2.27, 2.15, 2.02, 1.86, 1.99, 2.03, 2.1, 2.48, 2.84, 2.63, 2.44, 2.27, 2.24, 2.01, 2.452, 3.182, 2.66, 1.78, 2.97, 4.082, 3.64, 3.18, 3.099, 2.41, 1.74, 1.73, 1.54, 1.41, 1.23, 1.6, 1.54, 1.54, 1.4, 1.92, 2.09, 2.05, 2.44, 3.776, 4.276, 4.514, 4.71, 4.57, 4.95, 5.993, 6.243, 6.12, 5.96, 5.54, 4.99, 4.27, 4.381, 4.107, 2.78, 1.89, 2.16, 2.17, 2.16, 1.8, 1.46, 1.01, 0, 0.85, 1.17, 1.67, 2.05, 1.87, 1.79, 1.75, 1.65, 1.58, 1.8, 2.79, 3.28, 3.68, 3.62], [5.26, 4.61, 4.7, 3.97, 4.11, 4.06, 4.2, 4.05, 3.79, 3.45, 2.83, 2.74, 2.64, 2.29, 2.17, 2.34, 2.3, 2.25, 2.77, 3.05, 2.84, 2.69, 2.5, 2.45, 2.04, 2.03, 2.752, 2.61, 2.13, 3.4, 4.606, 4.17, 3.737, 3.62, 2.92, 2.03, 1.82, 1.85, 1.6, 1.54, 1.81, 1.71, 1.71, 1.63, 2.09, 2.22, 2.36, 2.83, 4.243, 4.769, 5.057, 5.287, 5.103, 5.455, 6.586, 6.846, 6.63, 6.43, 5.99, 5.48, 4.8, 4.828, 4.548, 3.21, 2.3, 2.25, 2.56, 2.59, 2.17, 1.85, 1.46, 0.85, 0, 0.92, 1.86, 2.28, 2.16, 2.2, 2.18, 1.72, 1.47, 1.51, 2.9, 3.63, 4.05, 4.01], [5.76, 4.99, 5.0, 4.27, 4.37, 4.34, 4.48, 4.33, 4.11, 3.79, 3.09, 3.02, 2.92, 2.65, 2.49, 2.6, 2.58, 2.51, 2.95, 3.21, 3.02, 2.87, 2.76, 2.69, 2.28, 2.35, 3.05, 2.97, 2.33, 3.32, 4.36, 3.95, 3.67, 3.58, 2.78, 2.15, 2.06, 2.05, 1.84, 1.84, 2.13, 1.93, 1.87, 1.73, 1.91, 2.02, 2.26, 2.71, 4.129, 4.652, 4.919, 5.129, 4.98, 5.312, 6.432, 6.653, 6.47, 6.23, 5.79, 5.26, 4.56, 4.668, 4.384, 3.25, 2.48, 2.65, 2.82, 2.87, 2.39, 1.97, 1.78, 1.17, 0.92, 0, 1.58, 2.06, 1.96, 2.12, 2.16, 1.52, 1.27, 1.79, 3.44, 4.03, 4.45, 4.45], [5.8, 4.83, 4.74, 3.97, 3.85, 3.98, 4.02, 3.95, 3.73, 3.57, 2.73, 2.6, 2.72, 2.89, 2.85, 2.94, 2.98, 2.99, 3.23, 3.61, 3.32, 3.31, 3.06, 2.99, 2.88, 3.57, 4.352, 3.99, 2.27, 2.62, 3.34, 2.95, 2.57, 2.52, 2.04, 2.03, 1.92, 1.99, 1.88, 1.74, 2.03, 2.11, 1.95, 1.57, 1.79, 1.94, 1.84, 2.21, 2.92, 3.4, 3.65, 3.88, 3.82, 4.18, 5.2, 5.54, 5.51, 5.45, 5.09, 4.58, 3.82, 3.97, 3.81, 3.11, 2.64, 3.15, 3.24, 3.19, 2.75, 2.31, 1.6, 1.67, 1.86, 1.58, 0, 1.06, 1.16, 1.44, 2.0, 1.48, 1.53, 2.59, 3.78, 4.19, 4.49, 4.43], [5.9, 5.03, 5.0, 4.17, 3.93, 4.12, 4.06, 4.11, 3.87, 3.81, 2.69, 2.58, 2.92, 3.15, 3.15, 3.2, 3.28, 3.31, 3.45, 3.73, 3.32, 3.39, 3.08, 2.97, 3.02, 3.95, 4.712, 4.25, 2.63, 2.54, 3.0, 2.61, 2.33, 2.4, 1.88, 2.03, 1.94, 2.01, 1.78, 1.88, 2.17, 2.27, 2.05, 1.61, 1.73, 1.76, 1.56, 2.07, 2.58, 3.06, 3.23, 3.34, 3.36, 3.76, 4.76, 5.18, 5.19, 5.09, 4.71, 4.16, 3.42, 3.57, 3.43, 3.03, 3.08, 3.49, 3.66, 3.61, 3.17, 2.71, 2.0, 2.05, 2.28, 2.06, 1.06, 0, 0.72, 1.28, 1.92, 1.58, 1.93, 3.09, 4.06, 4.39, 4.71, 4.77], [5.8, 4.85, 4.7, 3.95, 3.65, 3.86, 3.76, 3.87, 3.59, 3.57, 2.51, 2.42, 2.66, 2.81, 2.83, 2.82, 2.84, 2.83, 3.01, 3.25, 2.88, 2.93, 2.68, 2.57, 2.7, 3.787, 4.543, 3.99, 2.51, 2.32, 3.08, 2.65, 2.27, 2.24, 1.68, 1.65, 1.64,