[[0, 1.09, 1.68, 1.57, 1.4, 1.83, 2.49, 2.82, 2.84, 2.99, 2.99, 2.97, 3.25, 3.77, 4.35, 5.03, 4.94, 4.65, 4.58, 4.85, 5.68, 6.51, 7.54, 8.5, 8.87, 8.4, 7.63, 6.82, 6.25, 5.68, 5.52, 5.29, 5.43, 6.02, 7.49, 11.313, 12.888, 13.727, 14.306, 13.468, 13.349, 12.91, 12.63, 11.869, 11.561, 11.384, 10.836, 10.213, 10.599, 10.631, 11.268, 12.551, 13.413, 14.441, 15.786, 15.049, 14.436, 14.177, 13.753, 13.246, 12.833, 12.808, 13.602, 13.646, 13.066, 13.614, 14.152, 14.63, 15.581, 16.812, 17.186, 17.097, 17.515, 18.156, 18.852, 19.054, 18.976, 18.898, 18.372, 17.999, 18.059, 17.655, 16.842, 16.99, 17.045, 17.198], [1.09, 0, 0.91, 0.82, 1.13, 1.7, 2.2, 2.41, 2.33, 2.6, 2.7, 2.9, 3.3, 3.72, 4.46, 5.213, 5.09, 4.61, 4.49, 4.74, 5.49, 6.38, 7.39, 8.41, 9.033, 8.57, 7.2, 6.35, 5.72, 5.17, 4.99, 4.74, 5.02, 5.61, 7.979, 11.788, 13.392, 14.245, 14.828, 13.983, 13.868, 13.437, 13.154, 12.342, 12.053, 11.877, 11.261, 10.683, 11.114, 11.126, 11.747, 13.01, 13.886, 14.902, 16.241, 15.525, 14.908, 14.673, 14.245, 13.753, 13.303, 13.318, 14.124, 14.174, 13.594, 14.121, 14.662, 15.169, 16.094, 17.325, 17.699, 17.593, 18.025, 18.662, 19.379, 19.592, 19.517, 19.433, 18.902, 18.54, 18.569, 18.168, 17.346, 17.494, 17.55, 17.705], [1.68, 0.91, 0, 0.57, 0.92, 1.25, 1.65, 2.0, 1.92, 2.13, 2.31, 2.51, 2.99, 3.37, 4.17, 4.849, 4.721, 4.27, 4.24, 4.45, 5.12, 6.025, 6.94, 7.918, 8.666, 8.152, 6.61, 5.76, 5.09, 4.64, 4.46, 4.21, 4.47, 5.12, 7.624, 11.492, 13.099, 13.952, 14.535, 13.687, 13.569, 13.144, 12.862, 12.049, 11.76, 11.573, 10.963, 10.39, 10.822, 10.813, 11.415, 12.684, 13.573, 14.575, 15.94, 15.206, 14.595, 14.36, 13.953, 13.46, 13.01, 13.011, 13.831, 13.881, 13.301, 13.808, 14.349, 14.876, 15.801, 17.032, 17.406, 17.3, 17.731, 18.349, 19.086, 19.299, 19.224, 19.14, 18.609, 18.247, 18.257, 17.855, 17.033, 17.181, 17.237, 17.393], [1.57, 0.82, 0.57, 0, 0.73, 1.18, 1.64, 1.97, 1.93, 2.16, 2.34, 2.5, 2.94, 3.3, 3.98, 4.786, 4.65, 4.2, 4.15, 4.4, 5.07, 5.958, 6.95, 7.99, 8.593, 8.082, 6.6, 5.79, 5.2, 4.67, 4.53, 4.26, 4.58, 5.15, 7.575, 11.365, 12.975, 13.825, 14.41, 13.572, 13.445, 13.017, 12.734, 11.922, 11.633, 11.455, 10.839, 10.263, 10.694, 10.686, 11.293, 12.567, 13.446, 14.46, 15.816, 15.085, 14.468, 14.233, 13.825, 13.333, 12.883, 12.884, 13.706, 13.759, 13.179, 13.684, 14.224, 14.769, 15.694, 16.905, 17.288, 17.176, 17.604, 18.222, 18.959, 19.178, 19.109, 19.033, 18.502, 18.14, 18.132, 17.733, 16.906, 17.054, 17.11, 17.265], [1.4, 1.13, 0.92, 0.73, 0, 1.05, 1.65, 1.94, 2.0, 2.27, 2.41, 2.49, 2.69, 3.05, 3.81, 4.568, 4.5, 4.07, 4.18, 4.31, 5.02, 5.79, 6.9, 7.9, 8.39, 7.66, 6.53, 5.74, 5.33, 4.92, 4.74, 4.45, 4.65, 5.18, 7.189, 11.038, 12.625, 13.48, 14.063, 13.21, 13.101, 12.667, 12.384, 11.622, 11.297, 11.11, 10.552, 9.95, 10.347, 10.316, 10.931, 12.214, 13.093, 14.121, 15.495, 14.735, 14.107, 13.871, 13.478, 12.986, 12.561, 12.534, 13.359, 13.393, 12.823, 13.311, 13.866, 14.393, 15.312, 16.569, 16.923, 16.84, 17.272, 17.878, 18.609, 18.816, 18.726, 18.657, 18.131, 17.762, 17.757, 17.375, 16.556, 16.686, 16.739, 16.895], [1.83, 1.7, 1.25, 1.18, 1.05, 0, 1.02, 1.43, 1.51, 1.78, 1.82, 2.0, 2.32, 2.76, 3.48, 4.14, 3.95, 3.58, 3.61, 3.78, 4.39, 5.26, 6.27, 7.33, 7.913, 7.25, 6.1, 5.31, 4.9, 4.51, 4.41, 4.1, 4.26, 4.71, 6.713, 10.531, 12.091, 12.935, 13.53, 12.692, 12.587, 12.148, 11.894, 11.123, 10.793, 10.614, 10.066, 9.466, 9.822, 9.806, 10.458, 11.641, 12.606, 13.631, 15.016, 14.211, 13.549, 13.321, 12.979, 12.479, 12.083, 12.034, 12.808, 12.852, 12.287, 12.741, 13.376, 13.874, 14.814, 16.045, 16.399, 16.35, 16.762, 17.368, 18.075, 18.265, 18.182, 18.118, 17.59, 17.228, 17.235, 16.868, 16.031, 16.11, 16.175, 16.354], [2.49, 2.2, 1.65, 1.64, 1.65, 1.02, 0, 0.93, 1.09, 1.2, 1.28, 1.48, 2.04, 2.52, 3.02, 3.56, 3.47, 3.14, 3.23, 3.36, 3.77, 4.7, 5.688, 6.748, 7.333, 6.83, 5.46, 4.69, 4.38, 4.01, 3.81, 3.48, 3.8, 4.11, 6.339, 10.13, 11.726, 12.561, 13.15, 12.323, 12.202, 11.768, 11.505, 10.692, 10.38, 10.202, 9.612, 9.028, 9.451, 9.414, 10.057, 11.24, 12.194, 13.227, 14.583, 13.813, 13.159, 12.94, 12.567, 12.071, 11.654, 11.668, 12.431, 12.472, 11.915, 12.369, 12.99, 13.505, 14.433, 15.661, 16.033, 15.944, 16.355, 16.979, 17.687, 17.905, 17.828, 17.749, 17.223, 16.871, 16.872, 16.484, 15.674, 15.745, 15.798, 15.973], [2.82, 2.41, 2.0, 1.97, 1.94, 1.43, 0.93, 0, 0.58, 0.71, 0.83, 1.19, 1.49, 1.85, 2.47, 2.99, 2.88, 2.47, 2.64, 2.81, 3.34, 4.19, 5.18, 6.22, 6.768, 6.28, 5.13, 4.34, 3.97, 3.82, 3.68, 3.31, 3.45, 3.84, 5.849, 9.648, 11.25, 12.091, 12.683, 11.847, 11.729, 11.295, 11.032, 10.219, 9.927, 9.732, 9.122, 8.552, 8.978, 8.938, 9.551, 10.754, 11.721, 12.735, 14.093, 13.313, 12.686, 12.468, 12.094, 11.618, 11.181, 11.179, 11.961, 11.999, 11.445, 11.899, 12.515, 13.027, 13.955, 15.188, 15.572, 15.471, 15.882, 16.52, 17.214, 17.427, 17.355, 17.274, 16.754, 16.395, 16.396, 16.023, 15.202, 15.272, 15.328, 15.5], [2.84, 2.33, 1.92, 1.93, 2.0, 1.51, 1.09, 0.58, 0, 0.63, 0.77, 1.03, 1.37, 1.77, 2.45, 3.03, 2.94, 2.49, 2.62, 2.81, 3.3, 4.17, 5.2, 6.2, 6.843, 6.36, 5.01, 4.24, 3.73, 3.52, 3.4, 3.03, 3.27, 3.72, 5.829, 9.654, 11.277, 12.129, 12.691, 11.856, 11.74, 11.321, 11.038, 10.225, 9.937, 9.744, 9.14, 8.561, 8.998, 8.947, 9.574, 10.817, 11.727, 12.749, 14.111, 13.334, 12.732, 12.496, 12.1, 11.634, 11.187, 11.185, 12.007, 12.028, 11.478, 11.945, 12.52, 13.03, 13.967, 15.194, 15.578, 15.477, 15.888, 16.526, 17.259, 17.447, 17.355, 17.309, 16.76, 16.41, 16.411, 16.027, 15.207, 15.318, 15.373, 15.529], [2.99, 2.6, 2.13, 2.16, 2.27, 1.78, 1.2, 0.71, 0.63, 0, 0.58, 0.82, 1.38, 1.8, 2.36, 2.84, 2.75, 2.36, 2.55, 2.68, 3.09, 3.96, 4.91, 5.89, 6.598, 6.31, 5.04, 4.27, 3.78, 3.53, 3.39, 3.04, 3.3, 3.73, 5.577, 9.45, 11.069, 11.919, 12.504, 11.666, 11.539, 11.111, 10.828, 10.015, 9.727, 9.534, 8.918, 8.351, 8.788, 8.757, 9.35, 10.616, 11.517, 12.539, 13.895, 13.144, 12.542, 12.306, 11.91, 11.424, 10.977, 10.975, 11.8, 11.843, 11.273, 11.758, 12.316, 12.851, 13.771, 14.999, 15.382, 15.27, 15.678, 16.316, 17.053, 17.272, 17.191, 17.116, 16.587, 16.226, 16.206, 15.827, 14.997, 15.128, 15.183, 15.339], [2.99, 2.7, 2.31, 2.34, 2.41, 1.82, 1.28, 0.83, 0.77, 0.58, 0, 0.66, 1.2, 1.66, 2.3, 2.68, 2.53, 2.22, 2.43, 2.52, 3.11, 3.94, 4.77, 5.81, 6.44, 6.13, 5.02, 4.25, 3.76, 3.49, 3.35, 3.0, 3.18, 3.63, 5.436, 9.267, 10.881, 11.733, 12.316, 11.472, 11.356, 10.925, 10.642, 9.829, 9.541, 9.348, 8.732, 8.165, 8.602, 8.611, 9.204, 10.47, 11.371, 12.373, 13.712, 12.998, 12.396, 12.16, 11.728, 11.238, 10.791, 10.789, 11.612, 11.662, 11.082, 11.609, 12.15, 12.657, 13.582, 14.813, 15.191, 15.084, 15.516, 16.15, 16.868, 17.08, 17.006, 16.922, 16.39, 16.029, 16.058, 15.656, 14.834, 14.982, 15.038, 15.193], [2.97, 2.9, 2.51, 2.5, 2.49, 2.0, 1.48, 1.19, 1.03, 0.82, 0.66, 0, 1.04, 1.5, 2.16, 2.62, 2.45, 2.2, 2.35, 2.52, 3.17, 3.98, 4.85, 5.99, 6.5, 6.03, 5.06, 4.23, 3.64, 3.27, 3.13, 2.78, 3.0, 3.51, 5.296, 9.184, 10.76, 11.59, 12.176, 11.352, 11.222, 10.802, 10.52, 9.706, 9.418, 9.214, 8.589, 8.039, 8.485, 8.525, 9.118, 10.381, 11.288, 12.29, 13.623, 12.918, 12.313, 12.078, 11.584, 11.095, 10.648, 10.646, 11.472, 11.524, 10.944, 11.529, 12.07, 12.562, 13.508, 14.679, 15.085, 14.958, 15.373, 16.02, 16.725, 16.943, 16.874, 16.787, 16.258, 15.937, 15.977, 15.579, 14.752, 14.899, 14.955, 15.11], [3.25, 3.3, 2.99, 2.94, 2.69, 2.32, 2.04, 1.49, 1.37, 1.38, 1.2, 1.04, 0, 0.9, 1.66, 2.32, 2.25, 1.84, 1.91, 2.14, 2.91, 3.7, 4.75, 5.75, 6.14, 5.53, 4.58, 3.83, 3.34, 2.93, 2.83, 2.44, 2.6, 2.95, 4.78, 8.741, 10.323, 11.113, 11.724, 10.917, 10.807, 10.379, 10.025, 9.232, 8.932, 8.742, 8.103, 7.562, 8.048, 8.07, 8.66, 9.92, 10.824, 11.83, 13.22, 12.46, 11.853, 11.623, 11.087, 10.6, 10.144, 10.152, 11.003, 11.05, 10.493, 11.086, 11.635, 12.148, 13.093, 14.233, 14.625, 14.495, 14.913, 15.548, 16.25, 16.477, 16.414, 16.33, 15.821, 15.517, 15.543, 15.141, 14.314, 14.459, 14.506, 14.653], [3.77, 3.72, 3.37, 3.3, 3.05, 2.76, 2.52, 1.85, 1.77, 1.8, 1.66, 1.5, 0.9, 0, 1.22, 1.98, 1.95, 1.44, 1.55, 1.8, 2.57, 3.32, 4.35, 5.41, 5.82, 4.99, 4.02, 3.25, 2.78, 2.45, 2.41, 2.08, 2.12, 2.55, 4.44, 8.244, 9.912, 10.759, 11.313, 10.497, 10.37, 9.943, 9.654, 8.853, 8.559, 8.366, 7.753, 7.186, 7.606, 7.676, 8.266, 9.549, 10.45, 11.37, 12.729, 12.012, 11.407, 11.177, 10.704, 10.283, 9.87, 9.854, 10.646, 10.676, 10.119, 10.652, 11.147, 11.683, 12.611, 13.831, 14.24, 14.11, 14.513, 15.16, 15.89, 16.1, 16.02, 15.976, 15.413, 15.069, 15.092, 14.659, 13.832, 14.042, 14.074, 14.204], [4.35, 4.46, 4.17, 3.98, 3.81, 3.48, 3.02, 2.47, 2.45, 2.36, 2.3, 2.16, 1.66, 1.22, 0, 1.24, 1.29, 0.8, 0.95, 1.1, 1.79, 2.54, 3.57, 4.59, 5.0, 4.37, 3.6, 2.81, 2.42, 2.35, 2.31, 1.78, 2.12, 2.23, 3.86, 7.578, 9.202, 10.041, 10.62, 9.832, 9.702, 9.242, 8.945, 8.12, 7.849, 7.651, 7.023, 6.456, 6.922, 6.842, 7.46, 8.68, 9.624, 10.641, 12.008, 11.223, 10.613, 10.383, 10.003, 9.529, 9.084, 9.092, 9.922, 9.94, 9.406, 9.846, 10.461, 11.002, 11.945, 13.167, 13.536, 13.438, 13.841, 14.456, 15.166, 15.379, 15.322, 15.258, 14.723, 14.362, 14.343, 13.961, 13.131, 13.219, 13.266, 13.413], [5.03, 5.213, 4.849, 4.786, 4.568, 4.14, 3.56, 2.99, 3.03, 2.84, 2.68, 2.62, 2.32, 1.98, 1.24, 0, 0.79, 0.82, 1.33, 0.98, 1.37, 1.92, 2.89, 3.87, 4.22, 3.95, 3.32, 2.69, 2.62, 2.93, 2.85, 2.38, 2.68, 2.37, 3.2, 6.898, 8.502, 9.321, 9.926, 9.146, 9.019, 8.559, 8.244, 7.42, 7.145, 6.947, 6.323, 5.756, 6.222, 6.127, 6.734, 7.92, 8.904, 9.941, 11.288, 10.517, 9.893, 9.68, 9.303, 8.779, 8.335, 8.348, 9.202, 9.24, 8.686, 9.123, 9.781, 10.319, 11.26, 12.484, 12.853, 12.755, 13.158, 13.773, 14.463, 14.696, 14.639, 14.555, 14.041, 13.679, 13.654, 13.261, 12.431, 12.493, 12.543, 12.71], [4.94, 5.09, 4.721, 4.65, 4.5, 3.95, 3.47, 2.88, 2.94, 2.75, 2.53, 2.45, 2.25, 1.95, 1.29, 0.79, 0, 0.79, 1.1, 0.93, 1.4, 1.99, 2.98, 3.98, 4.39, 4.12, 3.43, 2.7, 2.53, 2.92, 2.78, 2.37, 2.59, 2.32, 3.35, 7.131, 8.735, 9.573, 10.173, 9.385, 9.255, 8.795, 8.48, 7.652, 7.381, 7.183, 6.546, 5.988, 6.46, 6.38, 6.987, 8.162, 9.157, 10.191, 11.529, 10.77, 10.146, 9.933, 9.55, 9.032, 8.588, 8.601, 9.455, 9.49, 8.939, 9.376, 10.014, 10.558, 11.501, 12.717, 13.086, 12.988, 13.391, 14.006, 14.696, 14.929, 14.872, 14.793, 14.279, 13.918, 13.887, 13.502, 12.675, 12.746, 12.796, 12.963], [4.65, 4.61, 4.27, 4.2, 4.07, 3.58, 3.14, 2.47, 2.49, 2.36, 2.22, 2.2, 1.84, 1.44, 0.8, 0.82, 0.79, 0, 0.79, 0.72, 1.47, 2.1, 3.13, 4.17, 4.58, 4.25, 3.42, 2.65, 2.38, 2.57, 2.51, 2.02, 2.26, 2.19, 3.656, 7.501, 9.105, 9.943, 10.543, 9.755, 9.625, 9.165, 8.85, 8.042, 7.751, 7.553, 6.936, 6.358, 6.83, 6.75, 7.357, 8.532, 9.527, 10.561, 11.911, 11.14, 10.516, 10.303, 9.92, 9.402, 8.958, 8.971, 9.825, 9.86, 9.309, 9.746, 10.384, 10.928, 11.871, 13.087, 13.456, 13.358, 13.761, 14.376, 15.066, 15.299, 15.242, 15.163, 14.649, 14.288, 14.257, 13.872, 13.045, 13.116, 13.166, 13.333], [4.58, 4.49, 4.24, 4.15, 4.18, 3.61, 3.23, 2.64, 2.62, 2.55, 2.43, 2.35, 1.91, 1.55, 0.95, 1.33, 1.1, 0.79, 0, 0.71, 1.44, 2.23, 3.34, 4.4, 4.89, 4.5, 3.53, 2.72, 2.31, 2.34, 2.2, 1.79, 1.99, 2.0, 3.929, 7.762, 9.378, 10.216, 10.813, 10.016, 9.886, 9.434, 9.123, 8.295, 8.024, 7.826, 7.189, 6.631, 7.103, 7.023, 7.63, 8.804, 9.8, 10.834, 12.172, 11.413, 10.788, 10.576, 10.193, 9.675, 9.231, 9.243, 10.097, 10.133, 9.582, 10.019, 10.648, 11.195, 12.129, 13.349, 13.711, 13.611, 14.014, 14.643, 15.345, 15.575, 15.515, 15.436, 14.916, 14.558, 14.53, 14.145, 13.318, 13.389, 13.439, 13.606], [4.85, 4.74, 4.45, 4.4, 4.31, 3.78, 3.36, 2.81, 2.81, 2.68, 2.52, 2.52, 2.14, 1.8, 1.1, 0.98, 0.93, 0.72, 0.71, 0, 1.19, 1.82, 2.99, 4.03, 4.52, 4.21, 3.28, 2.47, 2.2, 2.27, 2.15, 1.68, 1.9, 1.83, 3.619, 7.464, 9.068, 9.886, 10.492, 9.712, 9.585, 9.125, 8.81, 7.982, 7.711, 7.513, 6.876, 6.318, 6.788, 6.693, 7.3, 8.494, 9.47, 10.507, 11.854, 11.083, 10.459, 10.246, 9.869, 9.345, 8.901, 8.913, 9.768, 9.806, 9.252, 9.689, 10.347, 10.891, 11.834, 13.056, 13.413, 13.315, 13.718, 14.345, 15.035, 15.268, 15.211, 15.126, 14.612, 14.251, 14.22, 13.827, 12.997, 13.059, 13.109, 13.276], [5.68, 5.49, 5.12, 5.07, 5.02, 4.39, 3.77, 3.34, 3.3, 3.09, 3.11, 3.17, 2.91, 2.57, 1.79, 1.37, 1.4, 1.47, 1.44, 1.19, 0, 1.19, 2.3, 3.3, 3.91, 3.66, 2.33, 1.82, 1.81, 2.24, 2.12, 1.71, 2.13, 1.56, 2.889, 6.794, 8.398, 9.216, 9.822, 9.042, 8.915, 8.455, 8.14, 7.312, 7.041, 6.843, 6.219, 5.648, 6.118, 6.023, 6.63, 7.824, 8.8, 9.837, 11.184, 10.413, 9.789, 9.576, 9.199, 8.675, 8.231, 8.243, 9.098, 9.136, 8.582, 9.019, 9.677, 10.221, 11.164, 12.386, 12.743, 12.645, 13.048, 13.675, 14.365, 14.598, 14.541, 14.456, 13.942, 13.581, 13.55, 13.157, 12.327, 12.389, 12.439, 12.606], [6.51, 6.38, 6.025, 5.958, 5.79, 5.26, 4.7, 4.19, 4.17, 3.96, 3.94, 3.98, 3.7, 3.32, 2.54, 1.92, 1.99, 2.1, 2.23, 1.82, 1.19, 0, 1.27, 2.35, 2.92, 2.57, 1.76, 1.51, 1.92, 2.85, 2.99, 2.62, 2.76, 2.05, 2.039, 5.844, 7.448, 8.266, 8.872, 8.092, 7.965, 7.505, 7.19, 6.362, 6.091, 5.893, 5.269, 4.698, 5.168, 5.073, 5.68, 6.874, 7.85, 8.887, 10.234, 9.463, 8.839, 8.626, 8.249, 7.725, 7.281, 7.293, 8.148, 8.186, 7.632, 8.069, 8.727, 9.271, 10.214, 11.436, 11.793, 11.695, 12.098, 12.725, 13.415, 13.648, 13.591, 13.506, 12.992, 12.631, 12.6, 12.207, 11.377, 11.439, 11.489, 11.656], [7.54, 7.39, 6.94, 6.95, 6.9, 6.27, 5.688, 5.18, 5.2, 4.91, 4.77, 4.85, 4.75, 4.35, 3.57, 2.89, 2.98, 3.13, 3.34, 2.99, 2.3, 1.27, 0, 1.2, 1.91, 1.68, 1.43, 1.9, 2.41, 3.835, 3.975, 3.608, 3.67, 2.78, 1.49, 4.831, 6.415, 7.233, 7.839, 7.059, 6.932, 6.472, 6.158, 5.333, 5.062, 4.883, 4.236, 3.709, 4.175, 4.1, 4.664, 5.847, 6.837, 7.854, 9.201, 8.43, 7.806, 7.593, 7.216, 6.692, 6.288, 6.281, 7.115, 7.153, 6.599, 7.056, 7.694, 8.238, 9.181, 10.398, 10.763, 10.677, 11.08, 11.683, 12.373, 12.606, 12.549, 12.473, 11.959, 11.598, 11.567, 11.174, 10.344, 10.406, 10.456, 10.623], [8.5, 8.41, 7.918, 7.99, 7.9, 7.33, 6.748, 6.22, 6.2, 5.89, 5.81, 5.99, 5.75, 5.41, 4.59, 3.87, 3.98, 4.17, 4.4, 4.03, 3.3, 2.35, 1.2, 0, 0.99, 1.06, 2.17, 2.94, 3.445, 4.898, 5.018, 4.685, 4.73, 3.8, 1.89, 3.92, 5.45, 6.271, 6.856, 6.076, 5.949, 5.492, 5.215, 4.43, 4.24, 4.07, 3.56, 3.03, 3.47, 3.38, 3.89, 4.93, 5.88, 6.891, 8.218, 7.447, 6.823, 6.61, 6.233, 5.749, 5.314, 5.318, 6.132, 6.17, 5.736, 6.19, 6.84, 7.31, 8.19, 9.43, 9.81, 9.714, 10.117, 10.72, 11.41, 11.643, 11.586, 11.5, 10.98, 10.61, 10.59, 10.211, 9.381, 9.429, 9.473, 9.64], [8.87, 9.033, 8.666, 8.593, 8.39, 7.913, 7.333, 6.768, 6.843, 6.598, 6.44, 6.5, 6.14, 5.82, 5.0, 4.22, 4.39, 4.58, 4.89, 4.52, 3.91, 2.92, 1.91, 0.99, 0, 1.05, 2.8, 3.59, 4.14, 5.577, 5.717, 5.344, 5.42, 4.41, 2.28, 3.27, 4.7, 5.521, 6.086, 5.286, 5.159, 4.702, 4.445, 3.69, 3.55, 3.4, 2.95, 2.6, 2.92, 2.85, 3.24, 4.2, 5.13, 6.101, 7.428, 6.657, 6.033, 5.82, 5.463, 4.979, 4.53, 4.56, 5.382, 5.46, 5.01, 5.56, 6.19, 6.54, 7.4, 8.64, 9.02, 8.927, 9.31, 9.913, 10.603, 10.836, 10.779, 10.695, 10.181, 9.819, 9.794, 9.401, 8.571, 8.639, 8.683, 8.85], [8.4, 8.57, 8.152, 8.082, 7.66, 7.25, 6.83, 6.28, 6.36, 6.31, 6.13, 6.03, 5.53, 4.99, 4.37, 3.95, 4.12, 4.25, 4.5, 4.21, 3.66, 2.57, 1.68, 1.06, 1.05, 0, 2.01, 2.8, 3.45, 4.81, 5.0, 4.67, 4.65, 3.66, 1.67, 3.58, 5.13, 5.951, 6.536, 5.742, 5.612, 5.152, 4.895, 4.1, 3.839, 3.71, 3.18, 2.63, 3.07, 3.06, 3.47, 4.63, 5.6, 6.577, 7.97, 7.15, 6.514, 6.304, 5.96, 5.47, 5.06, 5.042, 5.812, 5.85, 5.36, 5.85, 6.48, 6.93, 7.87, 9.11, 9.486, 9.38, 9.763, 10.366, 11.096, 11.309, 11.232, 11.148, 10.633, 10.272, 10.259, 9.871, 9.059, 9.129, 9.162, 9.332], [7.63, 7.2, 6.61, 6.6, 6.53, 6.1, 5.46, 5.13, 5.01, 5.04, 5.02, 5.06, 4.58, 4.02, 3.6, 3.32, 3.43, 3.42, 3.53, 3.28, 2.33, 1.76, 1.43, 2.17, 2.8, 2.01, 0, 1.05, 1.74, 2.83, 3.05, 2.86, 2.94, 2.09, 1.82, 5.43, 7.029, 7.876, 8.446, 7.652, 7.522, 7.079, 6.817, 6.05, 5.709, 5.52, 4.95, 4.36, 4.742, 4.75, 5.38, 6.64, 7.55, 8.507, 9.92, 9.08, 8.47, 8.234, 7.87, 7.44, 7.01, 6.977, 7.762, 7.78, 7.236, 7.709, 8.281, 8.822, 9.765, 10.991, 11.376, 11.27, 11.713, 12.32, 13.01, 13.24, 13.162, 13.09, 12.543, 12.2, 12.169, 11.796, 10.969, 11.099, 11.132, 11.27], [6.82, 6.35, 5.76, 5.79, 5.74, 5.31, 4.69, 4.34, 4.24, 4.27, 4.25, 4.23, 3.83, 3.25, 2.81, 2.69, 2.7, 2.65, 2.72, 2.47, 1.82, 1.51, 1.9, 2.94, 3.59, 2.8, 1.05, 0, 0.99, 2.06, 2.22, 2.05, 2.13, 1.42, 2.51, 6.231, 7.862, 8.709, 9.265, 8.467, 8.337, 7.877, 7.642, 6.843, 6.519, 6.343, 5.743, 5.176, 5.564, 5.566, 6.176, 7.419, 8.36, 9.32, 10.719, 9.902, 9.277, 9.042, 8.694, 8.233, 7.82, 7.804, 8.56, 8.585, 8.057, 8.522, 9.114, 9.638, 10.581, 11.803, 12.189, 12.083, 12.486, 13.109, 13.832, 14.052, 13.975, 13.893, 13.359, 13.018, 13.002, 12.629, 11.802, 11.9, 11.936, 12.074], [6.25, 5.72, 5.09, 5.2, 5.33, 4.9, 4.38, 3.97, 3.73, 3.78, 3.76, 3.64, 3.34, 2.78, 2.42, 2.62, 2.53, 2.38, 2.31, 2.2, 1.81, 1.92, 2.41, 3.445, 4.14, 3.45, 1.74, 0.99, 0, 1.47, 1.67, 1.42, 1.54, 1.31, 3.1, 6.787, 8.414, 9.25, 9.821, 9.006, 8.879, 8.431, 8.178, 7.379, 7.055, 6.863, 6.279, 5.709, 6.1, 6.159, 6.766, 8.046, 8.937, 9.893, 11.221, 10.495, 9.894, 9.658, 9.231, 8.786, 8.357, 8.338, 9.117, 9.17, 8.593, 9.149, 9.69, 10.203, 11.134, 12.339, 12.722, 12.616, 13.019, 13.665, 14.367, 14.594, 14.532, 14.459, 13.933, 13.572, 13.594, 13.196, 12.366, 12.516, 12.552, 12.691], [5.68, 5.17, 4.64, 4.67, 4.92, 4.51, 4.01, 3.82, 3.52, 3.53, 3.49, 3.27, 2.93, 2.45, 2.35, 2.93, 2.92, 2.57, 2.34, 2.27, 2.24, 2.85, 3.835, 4.898, 5.577, 4.81, 2.83, 2.06, 1.47, 0, 0.68, 0.73, 0.97, 1.42, 4.113, 8.044, 9.628, 10.361, 10.969, 10.154, 10.041, 9.618, 9.282, 8.515, 8.132, 7.994, 7.427, 6.834, 7.314, 7.481, 8.1, 9.405, 10.258, 11.175, 12.583, 11.823, 11.195, 10.959, 10.401, 9.928, 9.515, 9.485, 10.182, 10.221, 9.755, 10.394, 10.921, 11.413, 12.364, 13.481, 13.787, 13.713, 14.119, 14.739, 15.486, 15.67, 15.607, 15.589, 15.08, 14.779, 14.845, 14.401, 13.588, 13.781, 13.837, 13.975], [5.52, 4.99, 4.46, 4.53, 4.74, 4.41, 3.81, 3.68, 3.4, 3.39, 3.35, 3.13, 2.83, 2.41, 2.31, 2.85, 2.78, 2.51, 2.2, 2.15, 2.12, 2.99, 3.975, 5.018, 5.717, 5.0, 3.05, 2.22, 1.67, 0.68, 0, 0.67, 1.07, 1.58, 4.338, 8.34, 9.896, 10.658, 11.251, 10.454, 10.341, 9.907, 9.51, 8.755, 8.417, 8.293, 7.66, 7.074, 7.593, 7.621, 8.26, 9.525, 10.378, 11.415, 12.803, 12.023, 11.415, 11.168, 10.658, 10.108, 9.635, 9.659, 10.47, 10.517, 10.023, 10.639, 11.203, 11.716, 12.667, 13.781, 14.087, 13.992, 14.412, 15.05, 15.732, 15.959, 15.896, 15.872, 15.386, 15.079, 15.116, 14.691, 13.867, 13.992, 14.051, 14.215], [5.29, 4.74, 4.21, 4.26, 4.45, 4.1, 3.48, 3.31, 3.03, 3.04, 3.0, 2.78, 2.44, 2.08, 1.78, 2.38, 2.37, 2.02, 1.79, 1.68, 1.71, 2.62, 3.608, 4.685, 5.344, 4.67, 2.86, 2.05, 1.42, 0.73, 0.67, 0, 0.9, 1.33, 4.045, 8.027, 9.6, 10.347, 10.976, 10.178, 10.065, 9.631, 9.266, 8.481, 8.167, 7.977, 7.384, 6.797, 7.3, 7.334, 7.941, 9.212, 10.094, 11.096, 12.487, 11.747, 11.122, 10.886, 10.362, 9.849, 9.394, 9.392, 10.234, 10.281, 9.747, 10.343, 10.907, 11.423, 12.371, 13.488, 13.851, 13.756, 14.156, 14.777, 15.479, 15.706, 15.643, 15.579, 15.093, 14.786, 14.82, 14.396, 13.571, 13.716, 13.766, 13.922], [5.43, 5.02, 4.47, 4.58, 4.65, 4.26, 3.8, 3.45, 3.27, 3.3, 3.18, 3.0, 2.6, 2.12, 2.12, 2.68, 2.59, 2.26, 1.99, 1.9, 2.13, 2.76, 3.67, 4.73, 5.42, 4.65, 2.94, 2.13, 1.54, 0.97, 1.07, 0.9, 0, 1.33, 4.08, 8.024, 9.606, 10.361, 10.99, 10.192, 10.079, 9.645, 9.306, 8.513, 8.193, 8.005, 7.413, 6.846, 7.314, 7.376, 7.966, 9.249, 10.15, 11.13, 12.509, 11.752, 11.147, 10.912, 10.384, 9.863, 9.45, 9.434, 10.248, 10.304, 9.761, 10.36, 10.927, 11.42, 12.371, 13.502, 13.868, 13.773, 14.173, 14.791, 15.502, 15.72, 15.657, 15.576, 15.09, 14.783, 14.826, 14.416, 13.586, 13.73, 13.786, 13.944], [6.02, 5.61, 5.12, 5.15, 5.18, 4.71, 4.11, 3.84, 3.72, 3.73, 3.63, 3.51, 2.95, 2.55, 2.23, 2.37, 2.32, 2.19, 2.0, 1.83, 1.56, 2.05, 2.78, 3.8, 4.41, 3.66, 2.09, 1.42, 1.31, 1.42, 1.58, 1.33, 1.33, 0, 3.01, 6.88, 8.49, 9.26, 9.854, 9.065, 8.952, 8.509, 8.21, 7.46, 7.08, 6.87, 6.36, 5.77, 6.19, 6.34, 6.95, 8.23, 9.12, 10.04, 11.43, 10.67, 10.06, 9.83, 9.26, 8.87, 8.44, 8.39, 9.15, 9.18, 8.64, 9.27, 9.78, 10.29, 11.25, 12.386, 12.77, 12.69, 13.09, 13.69, 14.44, 14.63, 14.55, 14.48, 13.96, 13.65, 13.71, 13.28, 12.47, 12.66, 12.71, 12.84], [7.49, 7.979, 7.624, 7.575, 7.189, 6.713, 6.339, 5.849, 5.829, 5.577, 5.436, 5.296, 4.78, 4.44, 3.86, 3.2, 3.35, 3.656, 3.929, 3.619, 2.889, 2.039, 1.49, 1.89, 2.28, 1.67, 1.82, 2.51, 3.1, 4.113, 4.338, 4.045, 4.08, 3.01, 0, 4.11, 5.72, 6.51, 7.09, 6.238, 6.108, 5.657, 5.34, 4.59, 4.23, 4.06, 3.47, 2.92, 3.36, 3.61, 4.22, 5.52, 6.37, 7.27, 8.66, 7.98, 7.31, 7.04, 6.49, 6.12, 5.69, 5.62, 6.4, 6.43, 5.89, 6.5, 6.99, 7.52, 8.42, 9.52, 9.94, 9.8, 10.24, 10.92, 11.67, 11.86, 11.78, 11.73, 11.19, 10.9, 10.94, 10.47, 9.66, 9.89, 9.92, 10.09], [11.313, 11.788, 11.492, 11.365, 11.038, 10.531, 10.13, 9.648, 9.654, 9.45, 9.267, 9.184, 8.741, 8.244, 7.578, 6.898, 7.131, 7.501, 7.762, 7.464, 6.794, 5.844, 4.831, 3.92, 3.27, 3.58, 5.43, 6.231, 6.787, 8.044, 8.34, 8.027, 8.024, 6.88, 4.11, 0, 1.81, 2.6, 3.12, 2.3, 2.23, 1.85, 1.99, 1.6, 1.62, 1.45, 1.56, 1.79, 1.57, 1.52, 1.03, 1.87, 2.4, 3.4, 4.81, 4.07, 3.3, 3.09, 2.64, 2.27, 1.86, 1.91, 2.47, 2.54, 2.18, 2.77, 3.14, 3.63, 4.39, 5.63, 6.07, 5.91, 6.31, 6.97, 7.78, 7.97, 7.87, 7.8, 7.22, 6.91, 6.95, 6.46, 5.67, 5.9, 5.95, 6.08], [12.888, 13.392, 13.099, 12.975, 12.625, 12.091, 11.726, 11.25, 11.277, 11.069, 10.881, 10.76, 10.323, 9.912, 9.202, 8.502, 8.735, 9.105, 9.378, 9.068, 8.398, 7.448, 6.415, 5.45, 4.7, 5.13, 7.029, 7.862, 8.414, 9.628, 9.896, 9.6, 9.606, 8.49, 5.72, 1.81, 0, 1.07, 1.55, 1.37, 1.3, 1.44, 1.7, 2.13, 2.09, 1.98, 2.63, 3.14, 2.66, 2.71, 1.8, 1.14, 1.27, 1.91, 3.42, 2.62, 1.77, 1.56, 1.41, 1.1, 0.95, 1.18, 0.88, 1.37, 1.29, 1.66, 2.03, 2.2, 2.94, 4.1, 4.42, 4.42, 4.86, 5.48, 6.13, 6.24, 6.16, 6.07, 5.55, 5.2, 5.22, 4.85, 4.02, 4.21, 4.32, 4.49], [13.727, 14.245, 13.952, 13.825, 13.48, 12.935, 12.561, 12.091, 12.129, 11.919, 11.733, 11.59, 11.113, 10.759, 10.041, 9.321, 9.573, 9.943, 10.216, 9.886, 9.216, 8.266, 7.233, 6.271, 5.521, 5.951, 7.876, 8.709, 9.25, 10.361, 10.658, 10.347, 10.361, 9.26, 6.51, 2.6, 1.07, 0, 0.98, 1.46, 1.61, 1.81, 2.03, 2.52, 2.6, 2.65, 3.4, 3.89, 3.35, 3.44, 2.63, 1.77, 1.12, 1.32, 2.79, 1.99, 1.3, 1.19, 1.1, 1.07, 1.2, 1.39, 0.87, 1.24, 1.2, 1.23, 1.56, 1.71, 2.27, 3.31, 3.63, 3.63, 4.01, 4.59, 5.28, 5.45, 5.35, 5.24, 4.76, 4.45, 4.51, 4.1, 3.27, 3.44, 3.51, 3.72], [14.306, 14.828, 14.535, 14.41, 14.063, 13.53, 13.15, 12.683, 12.691, 12.504, 12.316, 12.176, 11.724, 11.313, 10.62, 9.926, 10.173, 10.543, 10.813, 10.492, 9.822, 8.872, 7.839, 6.856, 6.086, 6.536, 8.446, 9.265, 9.821, 10.969, 11.251, 10.976, 10.99, 9.854, 7.09, 3.12, 1.55, 0.98, 0, 1.4, 1.53, 1.87, 2.31, 2.96, 3.1, 3.19, 3.94, 4.41, 3.79, 3.86, 3.21, 2.13, 1.38, 1.3, 2.49, 1.69, 1.08, 1.03, 1.18, 1.47, 1.7, 1.75, 1.07, 1.22, 1.64, 1.73, 1.66, 1.61, 1.91, 2.87, 3.15, 3.13, 3.59, 4.21, 4.86, 4.97, 4.85, 4.76, 4.18, 3.93, 4.01, 3.56, 2.77, 2.94, 3.09, 3.26], [13.468, 13.983, 13.687, 13.572, 13.21, 12.692, 12.323, 11.847, 11.856, 11.666, 11.472, 11.352, 10.917, 10.497, 9.832, 9.146, 9.385, 9.755, 10.016, 9.712, 9.042, 8.092, 7.059, 6.076, 5.286, 5.742, 7.652, 8.467, 9.006, 10.154, 10.454, 10.178, 10.192, 9.065, 6.238, 2.3, 1.37, 1.46, 1.4, 0, 0.73, 1.37, 1.83, 2.32, 2.6, 2.61, 3.1, 3.55, 2.93, 3.08, 2.43, 1.91, 1.9, 2.28, 3.65, 2.85, 2.02, 1.73, 1.68, 1.53, 1.58, 1.75, 1.35, 1.36, 1.4, 1.93, 2.16, 2.29, 2.93, 3.97, 4.27, 4.25, 4.71, 5.37, 6.06, 6.09, 5.91, 5.86, 5.3, 4.99, 5.13, 4.64, 3.93, 4.1, 4.25, 4.48], [13.349, 13.868, 13.569, 13.445, 13.101, 12.587, 12.202, 11.729, 11.74, 11.539, 11.356, 11.222, 10.807, 10.37, 9.702, 9.019, 9.255, 9.625, 9.886, 9.585, 8.915, 7.965, 6.932, 5.949, 5.159, 5.612, 7.522, 8.337, 8.879, 10.041, 10.341, 10.065, 10.079, 8.952, 6.108, 2.23, 1.3, 1.61, 1.53, 0.73, 0, 0.88, 1.34, 2.07, 2.33, 2.34, 2.97, 3.42, 2.8, 2.93, 2.293, 1.8, 2.01, 2.37, 3.72, 2.88, 2.07, 1.72, 1.81, 1.62, 1.63, 1.78, 1.4, 1.35, 1.51, 1.96, 2.21, 2.38, 2.84, 3.88, 4.32, 4.22, 4.62, 5.34, 6.09, 6.18, 6.02, 5.95, 5.35, 5.08, 5.18, 4.71, 3.92, 4.13, 4.26, 4.43], [12.91, 13.437, 13.144, 13.017, 12.667, 12.148, 11.768, 11.295, 11.321, 11.111, 10.925, 10.802, 10.379, 9.943, 9.242, 8.559, 8.795, 9.165, 9.434, 9.125, 8.455, 7.505, 6.472, 5.492, 4.702, 5.152, 7.079, 7.877, 8.431, 9.618, 9.907, 9.631, 9.645, 8.509, 5.657, 1.85, 1.44, 1.81, 1.87, 1.37, 0.88, 0, 0.8, 1.55, 1.77, 1.84, 2.53, 2.98, 2.42, 2.47, 1.98, 1.8, 2.13, 2.67, 4.06, 3.2, 2.33, 2.04, 2.13, 1.84, 1.79, 1.82, 1.54, 1.45, 1.53, 2.02, 2.35, 2.56, 3.08, 4.22, 4.62, 4.54, 4.92, 5.64, 6.39, 6.5, 6.36, 6.27, 5.69, 5.4, 5.48, 5.01, 4.2, 4.41, 4.54, 4.69], [12.63, 13.154, 12.862, 12.734, 12.384, 11.894, 11.505, 11.032, 11.038, 10.828, 10.642, 10.52, 10.025, 9.654, 8.945, 8.244, 8.48, 8.85, 9.123, 8.81, 8.14, 7.19, 6.158, 5.215, 4.445, 4.895, 6.817, 7.642, 8.178, 9.282, 9.51, 9.266, 9.306, 8.21, 5.34, 1.99, 1.7, 2.03, 2.31, 1.83, 1.34, 0.8, 0, 1.01, 1.29, 1.48, 2.21, 2.66, 2.4, 2.25, 1.8, 1.96, 2.29, 2.87, 4.26, 3.4, 2.55, 2.26, 2.31, 1.98, 1.91, 1.98, 1.8, 1.63, 1.67, 2.2, 2.57, 2.92, 3.52, 4.52, 4.84, 4.72, 5.1, 5.72, 6.43, 6.64, 6.56, 6.55, 6.03, 5.74, 5.78, 5.29, 4.48, 4.67, 4.74, 4.89], [11.869, 12.342, 12.049, 11.922, 11.622, 11.123, 10.692, 10.219, 10.225, 10.015, 9.829, 9.706, 9.232, 8.853, 8.12, 7.42, 7.652, 8.042, 8.295, 7.982, 7.312, 6.362, 5.333, 4.43, 3.69, 4.1, 6.05, 6.843, 7.379, 8.515, 8.755, 8.481, 8.513, 7.46, 4.59, 1.6, 2.13, 2.52, 2.96, 2.32, 2.07, 1.55, 1.01, 0, 0.72, 0.99, 1.54, 1.87, 1.73, 1.64, 1.63, 2.11, 2.7, 3.4, 4.79, 4.01, 3.2, 2.91, 2.86, 2.35, 2.22, 2.31, 2.25, 2.12, 2.0, 2.69, 3.22, 3.57, 4.31, 5.37, 5.69, 5.51, 5.87, 6.57, 7.32, 7.55, 7.49, 7.48, 6.96, 6.67, 6.71, 6.22, 5.41, 5.6, 5.61, 5.76], [11.561, 12.053, 11.76, 11.633, 11.297, 10.793, 10.38, 9.927, 9.937, 9.727, 9.541, 9.418, 8.932, 8.559, 7.849, 7.145, 7.381, 7.751, 8.024, 7.711, 7.041, 6.091, 5.062, 4.24, 3.55, 3.839, 5.709, 6.519, 7.055, 8.132, 8.417, 8.167, 8.193, 7.08, 4.23, 1.62, 2.09, 2.6, 3.1, 2.6, 2.33, 1.77, 1.29, 0.72, 0, 0.73, 1.5, 1.73, 1.71, 1.68, 1.65, 2.13, 2.66, 3.38, 4.83, 4.05, 3.26, 3.01, 2.84, 2.47, 2.24, 2.27, 2.39, 2.38, 2.06, 2.71, 3.22, 3.61, 4.45, 5.55, 5.87, 5.73, 6.11, 6.79, 7.56, 7.77, 7.69, 7.68, 7.16, 6.87, 6.93, 6.42, 5.63, 5.82, 5.85, 6.0], [11.384, 11.877, 11.573, 11.455, 11.11, 10.614, 10.202, 9.732, 9.744, 9.534, 9.348, 9.214, 8.742, 8.366, 7.651, 6.947, 7.183, 7.553, 7.826, 7.513, 6.843, 5.893, 4.883, 4.07, 3.4, 3.71, 5.52, 6.343, 6.863, 7.994, 8.293, 7.977, 8.005, 6.87, 4.06, 1.45, 1.98, 2.65, 3.19, 2.61, 2.34, 1.84, 1.48, 0.99, 0.73, 0, 1.17, 1.8, 1.66, 1.57, 1.24, 1.92, 2.65, 3.37, 4.7, 4.0, 3.39, 3.16, 2.73, 2.48, 2.19, 2.2, 2.46, 2.59, 2.15, 2.78, 3.27, 3.72, 4.6, 5.7, 6.1, 5.96, 6.3, 6.96, 7.77, 7.96, 7.86, 7.81, 7.29, 7.0, 7.06, 6.55, 5.76, 5.95, 5.98, 6.11], [10.836, 11.261, 10.963, 10.839, 10.552, 10.066, 9.612, 9.122, 9.14, 8.918, 8.732, 8.589, 8.103, 7.753, 7.023, 6.323, 6.546, 6.936, 7.189, 6.876, 6.219, 5.269, 4.236, 3.56, 2.95, 3.18, 4.95, 5.743, 6.279, 7.427, 7.66, 7.384, 7.413, 6.36, 3.47, 1.56, 2.63, 3.4, 3.94, 3.1, 2.97, 2.53, 2.21, 1.54, 1.5, 1.17, 0, 1.47, 1.39, 1.36, 1.17, 2.37, 3.2, 4.06, 5.37, 4.71, 4.08, 3.85, 3.34, 2.83, 2.42, 2.43, 3.15, 3.12, 2.72, 3.45, 3.98, 4.49, 5.37, 6.47, 6.79, 6.55, 6.91, 7.65, 8.42, 8.65, 8.59, 8.58, 8.06, 7.77, 7.81, 7.32, 6.51, 6.7, 6.73, 6.86], [10.213, 10.683, 10.39, 10.263, 9.95, 9.466, 9.028, 8.552, 8.561, 8.351, 8.165, 8.039, 7.562, 7.186, 6.456, 5.756, 5.988, 6.358, 6.631, 6.318, 5.648, 4.698, 3.709, 3.03, 2.6, 2.63, 4.36, 5.176, 5.709, 6.834, 7.074, 6.797, 6.846, 5.77, 2.92, 1.79, 3.14, 3.89, 4.41, 3.55, 3.42, 2.98, 2.66, 1.87, 1.73, 1.8, 1.47, 0, 1.04, 1.31, 1.78, 3.0, 3.73, 4.65, 6.0, 5.28, 4.55, 4.32, 3.83, 3.32, 2.97, 3.1, 3.66, 3.63, 3.29, 4.08, 4.55, 4.96, 5.84, 6.92, 7.24, 7.08, 7.46, 8.14, 8.91, 9.14, 9.08, 9.07, 8.55, 8.26, 8.3, 7.81, 7.0, 7.19, 7.22, 7.35], [10.599, 11.114, 10.822, 10.694, 10.347, 9.822, 9.451, 8.978, 8.998, 8.788, 8.602, 8.485, 8.048, 7.606, 6.922, 6.222, 6.46, 6.83, 7.103, 6.788, 6.118, 5.168, 4.175, 3.47, 2.92, 3.07, 4.742, 5.564, 6.1, 7.314, 7.593, 7.3, 7.314, 6.19, 3.36, 1.57, 2.66, 3.35, 3.79, 2.93, 2.8, 2.42, 2.4, 1.73, 1.71, 1.66, 1.39, 1.04, 0, 0.93, 1.6, 2.76, 3.49, 4.37, 5.82, 5.08, 4.17, 3.88, 3.67, 3.22, 2.89, 2.82, 3.14, 3.15, 2.61, 3.36, 3.83, 4.3, 5.16, 6.36, 6.76, 6.68, 7.1, 7.76, 8.53, 8.68, 8.56, 8.49, 7.93, 7.62, 7.68, 7.19, 6.38, 6.57, 6.64, 6.83], [10.631, 11.126, 10.813, 10.686, 10.316, 9.806, 9.414, 8.938, 8.947, 8.757, 8.611, 8.525, 8.07, 7.676, 6.842, 6.127, 6.38, 6.75, 7.023, 6.693, 6.023, 5.073, 4.1, 3.38, 2.85, 3.06, 4.75, 5.566, 6.159, 7.481, 7.621, 7.334, 7.376, 6.34, 3.61, 1.52, 2.71, 3.44, 3.86, 3.08, 2.93, 2.47, 2.25, 1.64, 1.68, 1.57, 1.36, 1.31, 0.93, 0, 1.31, 2.41, 3.18, 4.22, 5.71, 4.79, 3.92, 3.71, 3.64, 3.09, 2.76, 2.75, 3.23, 3.16, 2.66, 3.15, 3.78, 4.35, 5.27, 6.49, 6.87, 6.77, 7.15, 7.75, 8.44, 8.67, 8.61, 8.52, 8.0, 7.63, 7.59, 7.2, 6.37, 6.42, 6.47, 6.6], [11.268, 11.747, 11.415, 11.293, 10.931, 10.458, 10.057, 9.551, 9.574, 9.35, 9.204, 9.118, 8.66, 8.266, 7.46, 6.734, 6.987, 7.357, 7.63, 7.3, 6.63, 5.68, 4.664, 3.89, 3.24, 3.47, 5.38, 6.176, 6.766, 8.1, 8.26, 7.941, 7.966, 6.95, 4.22, 1.03, 1.8, 2.63, 3.21, 2.43, 2.293, 1.98, 1.8, 1.63, 1.65, 1.24, 1.17, 1.78, 1.6, 1.31, 0, 1.36, 2.33, 3.21, 4.62, 3.84, 3.21, 2.98, 2.63, 2.16, 1.81, 1.88, 2.5, 2.55, 2.05, 2.54, 3.17, 3.66, 4.58, 5.82, 6.2, 6.1, 6.48, 7.08, 7.77, 8.0, 7.94, 7.85, 7.33, 6.96, 6.92, 6.53, 5.7, 5.81, 5.86, 6.01], [12.551, 13.01, 12.684, 12.567, 12.214, 11.641, 11.24, 10.754, 10.817, 10.616, 10.47, 10.381, 9.92, 9.549, 8.68, 7.92, 8.162, 8.532, 8.804, 8.494, 7.824, 6.874, 5.847, 4.93, 4.2, 4.63, 6.64, 7.419, 8.046, 9.405, 9.525, 9.212, 9.249, 8.23, 5.52, 1.87, 1.14, 1.77, 2.13, 1.91, 1.8, 1.8, 1.96, 2.11, 2.13, 1.92, 2.37, 3.0, 2.76, 2.41, 1.36, 0, 1.33, 2.09, 3.52, 2.66, 1.99, 1.84, 1.63, 1.26, 1.13, 1.28, 1.64, 1.61, 1.53, 1.82, 2.35, 2.52, 3.42, 4.64, 5.02, 4.92, 5.3, 5.9, 6.59, 6.82, 6.76, 6.67, 6.15, 5.78, 5.74, 5.37, 4.54, 4.59, 4.64, 4.807], [13.413, 13.886, 13.573, 13.446, 13.093, 12.606, 12.194, 11.721, 11.727, 11.517, 11.371, 11.288, 10.824, 10.45, 9.624, 8.904, 9.157, 9.527, 9.8, 9.47, 8.8, 7.85, 6.837, 5.88, 5.13, 5.6, 7.55, 8.36, 8.937, 10.258, 10.378, 10.094, 10.15, 9.12, 6.37, 2.4, 1.27, 1.12, 1.38, 1.9, 2.01, 2.13, 2.29, 2.7, 2.66, 2.65, 3.2, 3.73, 3.49, 3.18, 2.33, 1.33, 0, 1.2, 2.69, 1.83, 1.24, 1.27, 1.08, 1.09, 1.16, 1.27, 1.27, 1.42, 1.42, 1.45, 1.68, 1.73, 2.45, 3.69, 4.07, 3.97, 4.33, 4.93, 5.62, 5.85, 5.79, 5.7, 5.18, 4.81, 4.77, 4.38, 3.55, 3.64, 3.69, 3.84], [14.441, 14.902, 14.575, 14.46, 14.121, 13.631, 13.227, 12.735, 12.749, 12.539, 12.373, 12.29, 11.83, 11.37, 10.641, 9.941, 10.191, 10.561, 10.834, 10.507, 9.837, 8.887, 7.854, 6.891, 6.101, 6.577, 8.507, 9.32, 9.893, 11.175, 11.415, 11.096, 11.13, 10.04, 7.27, 3.4, 1.91, 1.32, 1.3, 2.28, 2.37, 2.67, 2.87, 3.4, 3.38, 3.37, 4.06, 4.65, 4.37, 4.22, 3.21, 2.09, 1.2, 0, 1.63, 1.11, 1.08, 1.19, 1.22, 1.67, 1.88, 1.93, 1.67, 1.94, 2.14, 1.89, 1.82, 1.55, 1.67, 2.73, 3.07, 3.01, 3.29, 3.89, 4.58, 4.79, 4.73, 4.66, 4.12, 3.75, 3.75, 3.32, 2.49, 2.7, 2.73, 2.86], [15.786, 16.241, 15.94, 15.816, 15.495, 15.016, 14.583, 14.093, 14.111, 13.895, 13.712, 13.623, 13.22, 12.729, 12.008, 11.288, 11.529, 11.911, 12.172, 11.854, 11.184, 10.234, 9.201, 8.218, 7.428, 7.97, 9.92, 10.719, 11.221, 12.583, 12.803, 12.487, 12.509, 11.43, 8.66, 4.81, 3.42, 2.79, 2.49, 3.65, 3.72, 4.06, 4.26, 4.79, 4.83, 4.7, 5.37, 6.0, 5.82, 5.71, 4.62, 3.52, 2.69, 1.63, 0, 1.16, 2.05, 2.26, 2.37, 2.98, 3.35, 3.4, 3.12, 3.33, 3.55, 3.2, 2.91, 2.4, 1.76, 2.08, 2.42, 2.28, 2.28, 2.7, 3.35, 3.56, 3.48, 3.43, 2.89, 2.52, 2.64, 2.13, 1.72, 1.91, 1.98, 1.91], [15.049, 15.525, 15.206, 15.085, 14.735, 14.211, 13.813, 13.313, 13.334, 13.144, 12.998, 12.918, 12.46, 12.012, 11.223, 10.517, 10.77, 11.14, 11.413, 11.083, 10.413, 9.463, 8.43, 7.447, 6.657, 7.15, 9.08, 9.902, 10.495, 11.823, 12.023, 11.747, 11.752, 10.67, 7.98, 4.07, 2.62, 1.99, 1.69, 2.85, 2.88, 3.2, 3.4, 4.01, 4.05, 4.0, 4.71, 5.28, 5.08, 4.79, 3.84, 2.66, 1.83, 1.11, 1.16, 0, 1.05, 1.3, 1.61, 2.18, 2.53, 2.6, 2.26, 2.47, 2.71, 2.32, 2.27, 1.98, 1.86, 2.72, 2.98, 2.94, 3.14, 3.56, 4.09, 4.32, 4.26, 4.17, 3.65, 3.28, 3.24, 2.85, 2.06, 2.17, 2.22, 2.25], [14.436, 14.908, 14.595, 14.468, 14.107, 13.549, 13.159, 12.686, 12.732, 12.542, 12.396, 12.313, 11.853, 11.407, 10.613, 9.893, 10.146, 10.516, 10.788, 10.459, 9.789, 8.839, 7.806, 6.823, 6.033, 6.514, 8.47, 9.277, 9.894, 11.195, 11.415, 11.122, 11.147, 10.06, 7.31, 3.3, 1.77, 1.3, 1.08, 2.02, 2.07, 2.33, 2.55, 3.2, 3.26, 3.39, 4.08, 4.55, 4.17, 3.92, 3.21, 1.99, 1.24, 1.08, 2.05, 1.05, 0, 0.53, 0.98, 1.39, 1.78, 1.87, 1.43, 1.56, 1.82, 1.69, 1.96, 1.81, 2.15, 3.23, 3.49, 3.45, 3.69, 4.15, 4.7, 4.91, 4.85, 4.76, 4.24, 3.87, 3.83, 3.44, 2.61, 2.66, 2.67, 2.82], [14.177, 14.673, 14.36, 14.233, 13.871, 13.321, 12.94, 12.468, 12.496, 12.306, 12.16, 12.078, 11.623, 11.177, 10.383, 9.68, 9.933, 10.303, 10.576, 10.246, 9.576, 8.626, 7.593, 6.61, 5.82, 6.304, 8.234, 9.042, 9.658, 10.959, 11.168, 10.886, 10.912, 9.83, 7.04, 3.09, 1.56, 1.19, 1.03, 1.73, 1.72, 2.04, 2.26, 2.91, 3.01, 3.16, 3.85, 4.32, 3.88, 3.71, 2.98, 1.84, 1.27, 1.19, 2.26, 1.3, 0.53, 0, 0.89, 1.24, 1.61, 1.68, 1.36, 1.39, 1.69, 1.68, 1.97, 1.88, 2.24, 3.32, 3.6, 3.56, 3.84, 4.3, 4.91, 5.12, 5.06, 4.97, 4.45, 4.08, 4.04, 3.65, 2.82, 2.89, 2.9, 3.07], [13.753, 14.245, 13.953, 13.825, 13.478, 12.979, 12.567, 12.094, 12.1, 11.91, 11.728, 11.584, 11.087, 10.704, 10.003, 9.303, 9.55, 9.92, 10.193, 9.869, 9.199, 8.249, 7.216, 6.233, 5.463, 5.96, 7.87, 8.694, 9.231, 10.401, 10.658, 10.362, 10.384, 9.26, 6.49, 2.64, 1.41, 1.1, 1.18, 1.68, 1.81, 2.13, 2.31, 2.86, 2.84, 2.73, 3.34, 3.83, 3.67, 3.64, 2.63, 1.63, 1.08, 1.22, 2.37, 1.61, 0.98, 0.89, 0, 0.83, 1.12, 1.23, 1.27, 1.38, 1.64, 2.09, 2.16, 2.03, 2.47, 3.49, 3.77, 3.73, 4.01, 4.51, 5.24, 5.45, 5.37, 5.32, 4.78, 4.49, 4.53, 4.08, 3.25, 3.44, 3.47, 3.6], [13.246, 13.753, 13.46, 13.333, 12.986, 12.479, 12.071, 11.618, 11.634, 11.424, 11.238, 11.095, 10.6, 10.283, 9.529, 8.779, 9.032, 9.402, 9.675, 9.345, 8.675, 7.725, 6.692, 5.749, 4.979, 5.47, 7.44, 8.233, 8.786, 9.928, 10.108, 9.849, 9.863, 8.87, 6.12, 2.27, 1.1, 1.07, 1.47, 1.53, 1.62, 1.84, 1.98, 2.35, 2.47, 2.48, 2.83, 3.32, 3.22, 3.09, 2.16, 1.26, 1.09, 1.67, 2.98, 2.18, 1.39, 1.24, 0.83, 0, 0.65, 0.94, 1.14, 1.29, 1.45, 1.96, 2.39, 2.34, 2.96, 4.0, 4.16, 4.18, 4.5, 5.02, 5.71, 5.96, 5.92, 5.87, 5.39, 5.08, 5.1, 4.69, 3.86, 3.97, 4.02, 4.17], [12.833, 13.303, 13.01, 12.883, 12.561, 12.083, 11.654, 11.181, 11.187, 10.977, 10.791, 10.648, 10.144, 9.87, 9.084, 8.335, 8.588, 8.958, 9.231, 8.901, 8.231, 7.281, 6.288, 5.314, 4.53, 5.06, 7.01, 7.82, 8.357, 9.515, 9.635, 9.394, 9.45, 8.44, 5.69, 1.86, 0.95, 1.2, 1.7, 1.58, 1.63, 1.79, 1.91, 2.22, 2.24, 2.19, 2.42, 2.97, 2.89, 2.76, 1.81, 1.13, 1.16, 1.88, 3.35, 2.53, 1.78, 1.61, 1.12, 0.65, 0, 0.59, 1.21, 1.32, 1.42, 1.97, 2.42, 2.53, 3.25, 4.29, 4.59, 4.51, 4.89, 5.51, 6.18, 6.41, 6.35, 6.3, 5.82, 5.51, 5.53, 5.12, 4.29, 4.38, 4.43, 4.58], [12.808, 13.318, 13.011, 12.884, 12.534, 12.034, 11.668, 11.179, 11.185, 10.975, 10.789, 10.646, 10.152, 9.854, 9.092, 8.348, 8.601, 8.971, 9.243, 8.913, 8.243, 7.293, 6.281, 5.318, 4.56, 5.042, 6.977, 7.804, 8.338, 9.485, 9.659, 9.392, 9.434, 8.39, 5.62, 1.91, 1.18, 1.39, 1.75, 1.75, 1.78, 1.82, 1.98, 2.31, 2.27, 2.2, 2.43, 3.1, 2.82, 2.75, 1.88, 1.28, 1.27, 1.93, 3.4, 2.6, 1.87, 1.68, 1.23, 0.94, 0.59, 0, 1.08, 1.31, 1.45, 2.08, 2.53, 2.44, 3.12, 4.26, 4.6, 4.5, 4.9, 5.5, 6.17, 6.4, 6.34, 6.27, 5.79, 5.48, 5.5, 5.09, 4.26, 4.35, 4.4, 4.57], [13.602, 14.124, 13.831, 13.706, 13.359, 12.808, 12.431, 11.961, 12.007, 11.8, 11.612, 11.472, 11.003, 10.646, 9.922, 9.202, 9.455, 9.825, 10.097, 9.768, 9.098, 8.148, 7.115, 6.132, 5.382, 5.812, 7.762, 8.56, 9.117, 10.182, 10.47, 10.234, 10.248, 9.15, 6.4, 2.47, 0.88, 0.87, 1.07, 1.35, 1.4, 1.54, 1.8, 2.25, 2.39, 2.46, 3.15, 3.66, 3.14, 3.23, 2.5, 1.64, 1.27, 1.67, 3.12, 2.26, 1.43, 1.36, 1.27, 1.14, 1.21, 1.08, 0, 0.81, 1.23, 1.54, 1.95, 1.8, 2.44, 3.56, 3.86, 3.8, 4.26, 4.9, 5.55, 5.66, 5.58, 5.49, 5.01, 4.72, 4.78, 4.37, 3.56, 3.71, 3.8, 3.99], [13.646, 14.174, 13.881, 13.759, 13.393, 12.852, 12.472, 11.999, 12.028, 11.843, 11.662, 11.524, 11.05, 10.676, 9.94, 9.24, 9.49, 9.86, 10.133, 9.806, 9.136, 8.186, 7.153, 6.17, 5.46, 5.85, 7.78, 8.585, 9.17, 10.221, 10.517, 10.281, 10.304, 9.18, 6.43, 2.54, 1.37, 1.24, 1.22, 1.36, 1.35, 1.45, 1.63, 2.12, 2.38, 2.59, 3.12, 3.63, 3.15, 3.16, 2.55, 1.61, 1.42, 1.94, 3.33, 2.47, 1.56, 1.39, 1.38, 1.29, 1.32, 1.31, 0.81, 0, 0.98, 1.43, 1.76, 1.77, 2.53, 3.63, 3.85, 3.75, 4.29, 4.91, 5.56, 5.65, 5.59, 5.54, 5.06, 4.75, 4.83, 4.36, 3.61, 3.76, 3.89, 4.08], [13.066, 13.594, 13.301, 13.179, 12.823, 12.287, 11.915, 11.445, 11.478, 11.273, 11.082, 10.944, 10.493, 10.119, 9.406, 8.686, 8.939, 9.309, 9.582, 9.252, 8.582, 7.632, 6.599, 5.736, 5.01, 5.36, 7.236, 8.057, 8.593, 9.755, 10.023, 9.747, 9.761, 8.64, 5.89, 2.18, 1.29, 1.2, 1.64, 1.4, 1.51, 1.53, 1.67, 2.0, 2.06, 2.15, 2.72, 3.29, 2.61, 2.66, 2.05, 1.53, 1.42, 2.14, 3.55, 2.71, 1.82, 1.69, 1.64, 1.45, 1.42, 1.45, 1.23, 0.98, 0, 1.09, 1.62, 1.87, 2.77, 4.01, 4.29, 4.31, 4.77, 5.39, 6.04, 6.13, 6.01, 5.92, 5.42, 5.09, 5.15, 4.74, 3.95, 4.1, 4.21, 4.4], [13.614, 14.121, 13.808, 13.684, 13.311, 12.741, 12.369, 11.899, 11.945, 11.758, 11.609, 11.529, 11.086, 10.652, 9.846, 9.123, 9.376, 9.746, 10.019, 9.689, 9.019, 8.069, 7.056, 6.19, 5.56, 5.85, 7.709, 8.522, 9.149, 10.394, 10.639, 10.343, 10.36, 9.27, 6.5, 2.77, 1.66, 1.23, 1.73, 1.93, 1.96, 2.02, 2.2, 2.69, 2.71, 2.78, 3.45, 4.08, 3.36, 3.15, 2.54, 1.82, 1.45, 1.89, 3.2, 2.32, 1.69, 1.68, 2.09, 1.96, 1.97, 2.08, 1.54, 1.43, 1.09, 0, 1.01, 1.5, 2.34, 3.52, 3.84, 3.78, 4.28, 4.9, 5.49, 5.62, 5.56, 5.47, 4.95, 4.58, 4.54, 4.15, 3.5, 3.47, 3.54, 3.81], [14.152, 14.662, 14.349, 14.224, 13.866, 13.376, 12.99, 12.515, 12.52, 12.316, 12.15, 12.07, 11.635, 11.147, 10.461, 9.781, 10.014, 10.384, 10.648, 10.347, 9.677, 8.727, 7.694, 6.84, 6.19, 6.48, 8.281, 9.114, 9.69, 10.921, 11.203, 10.907, 10.927, 9.78, 6.99, 3.14, 2.03, 1.56, 1.66, 2.16, 2.21, 2.35, 2.57, 3.22, 3.22, 3.27, 3.98, 4.55, 3.83, 3.78, 3.17, 2.35, 1.68, 1.82, 2.91, 2.27, 1.96, 1.97, 2.16, 2.39, 2.42, 2.53, 1.95, 1.76, 1.62, 1.01, 0, 1.03, 1.65, 2.87, 3.23, 3.11, 3.67, 4.33, 5.02, 5.09, 4.99, 4.92, 4.34, 4.03, 4.05, 3.6, 3.01, 3.14, 3.21, 3.4], [14.63, 15.169, 14.876, 14.769, 14.393, 13.874, 13.505, 13.027, 13.03, 12.851, 12.657, 12.562, 12.148, 11.683, 11.002, 10.319, 10.558, 10.928, 11.195, 10.891, 10.221, 9.271, 8.238, 7.31, 6.54, 6.93, 8.822, 9.638, 10.203, 11.413, 11.716, 11.423, 11.42, 10.29, 7.52, 3.63, 2.2, 1.71, 1.61, 2.29, 2.38, 2.56, 2.92, 3.57, 3.61, 3.72, 4.49, 4.96, 4.3, 4.35, 3.66, 2.52, 1.73, 1.55, 2.4, 1.98, 1.81, 1.88, 2.03, 2.34, 2.53, 2.44, 1.8, 1.77, 1.87, 1.5, 1.03, 0, 1.12, 2.34, 2.7, 2.7, 3.3, 3.92, 4.55, 4.58, 4.44, 4.37, 3.81, 3.46, 3.6, 3.19, 2.64, 2.71, 2.82, 3.03], [15.581, 16.094, 15.801, 15.694, 15.312, 14.814, 14.433, 13.955, 13.967, 13.771, 13.582, 13.508, 13.093, 12.611, 11.945, 11.26, 11.501, 11.871, 12.129, 11.834, 11.164, 10.214, 9.181, 8.19, 7.4, 7.87, 9.765, 10.581, 11.134, 12.364, 12.667, 12.371, 12.371, 11.25, 8.42, 4.39, 2.94, 2.27, 1.91, 2.93, 2.84, 3.08, 3.52, 4.31, 4.45, 4.6, 5.37, 5.84, 5.16, 5.27, 4.58, 3.42, 2.45, 1.67, 1.76, 1.86, 2.15, 2.24, 2.47, 2.96, 3.25, 3.12, 2.44, 2.53, 2.77, 2.34, 1.65, 1.12, 0, 1.42, 1.84, 1.76, 2.22, 2.94, 3.67, 3.74, 3.6, 3.51, 2.95, 2.62, 2.74, 2.31, 1.92, 2.03, 2.04, 2.01], [16.812, 17.325, 17.032, 16.905, 16.569, 16.045, 15.661, 15.188, 15.194, 14.999, 14.813, 14.679, 14.233, 13.831, 13.167, 12.484, 12.717, 13.087, 13.349, 13.056, 12.386, 11.436, 10.398, 9.43, 8.64, 9.11, 10.991, 11.803, 12.339, 13.481, 13.781, 13.488, 13.502, 12.386, 9.52, 5.63, 4.1, 3.31, 2.87, 3.97, 3.88, 4.22, 4.52, 5.37, 5.55, 5.7, 6.47, 6.92, 6.36, 6.49, 5.82, 4.64, 3.69, 2.73, 2.08, 2.72, 3.23, 3.32, 3.49, 4.0, 4.29, 4.26, 3.56, 3.63, 4.01, 3.52, 2.87, 2.34, 1.42, 0, 0.96, 0.92, 1.34, 1.82, 2.39, 2.58, 2.42, 2.33, 1.83, 1.76, 1.98, 1.65, 1.84, 1.99, 1.9, 1.77], [17.186, 17.699, 17.406, 17.288, 16.923, 16.399, 16.033, 15.572, 15.578, 15.382, 15.191, 15.085, 14.625, 14.24, 13.536, 12.853, 13.0