[[0, 0.94, 1.35, 1.59, 1.77, 1.97, 2.75, 3.45, 4.07, 3.97, 4.04, 5.16, 5.98, 5.58, 5.48, 5.45, 5.71, 6.21, 6.45, 7.23, 8.28, 8.33, 8.09, 8.03, 8.41, 8.73, 8.34, 8.21, 7.91, 7.59, 7.24, 8.08, 8.35, 10.11, 10.93, 11.5, 11.34, 10.86, 10.44, 10.2, 10.52, 10.69, 9.44, 9.04, 8.52, 8.48, 9.7, 9.3, 8.893, 8.255, 7.67, 7.54, 6.996, 6.99, 6.96, 7.44, 7.21, 6.89, 7.22, 7.67, 7.52, 7.24, 7.39, 7.29, 7.03, 7.38, 6.38, 5.53, 5.43, 5.2, 5.0, 4.59, 4.94, 5.4, 5.09, 5.27, 4.84, 4.56, 4.35, 4.81, 4.98, 4.27, 3.25, 1.88, 1.96, 2.37], [0.94, 0, 0.61, 0.89, 1.09, 1.83, 2.95, 3.83, 4.45, 4.41, 4.52, 5.64, 6.6, 6.14, 6.12, 5.91, 6.17, 6.69, 6.97, 7.75, 8.68, 8.75, 8.53, 8.43, 8.81, 9.11, 8.72, 8.57, 8.27, 7.95, 7.64, 8.5, 8.77, 10.49, 11.31, 11.88, 11.76, 11.24, 10.82, 10.6, 10.94, 11.11, 9.82, 9.42, 8.94, 8.86, 10.08, 9.68, 9.293, 8.635, 8.046, 7.92, 7.4, 7.39, 7.38, 7.82, 7.63, 7.35, 7.66, 8.05, 7.92, 7.64, 7.79, 7.67, 7.43, 7.78, 6.84, 6.09, 5.97, 5.66, 5.54, 5.03, 5.46, 5.92, 5.67, 5.71, 5.22, 4.94, 4.73, 5.21, 5.42, 4.73, 3.75, 2.46, 2.56, 2.95], [1.35, 0.61, 0, 0.52, 0.92, 2.02, 3.24, 4.12, 4.74, 4.76, 4.81, 5.91, 6.91, 6.43, 6.39, 6.2, 6.42, 6.94, 7.2, 7.98, 8.89, 8.96, 8.76, 8.68, 9.1, 9.34, 8.93, 8.82, 8.58, 8.3, 7.99, 8.85, 9.12, 10.808, 11.62, 12.21, 12.01, 11.45, 11.11, 10.85, 11.19, 11.4, 10.05, 9.65, 9.25, 9.17, 10.37, 9.957, 9.583, 8.945, 8.376, 8.23, 7.703, 7.68, 7.65, 8.11, 7.92, 7.66, 7.97, 8.38, 8.17, 7.85, 8.0, 7.9, 7.66, 8.01, 7.09, 6.36, 6.24, 5.97, 5.83, 5.32, 5.75, 6.17, 5.9, 5.9, 5.43, 5.15, 4.94, 5.46, 5.73, 5.08, 4.1, 2.93, 3.01, 3.3], [1.59, 0.89, 0.52, 0, 0.82, 2.18, 3.44, 4.36, 4.98, 4.92, 4.91, 5.99, 7.01, 6.59, 6.51, 6.32, 6.6, 7.1, 7.34, 8.1, 9.11, 9.16, 8.96, 8.9, 9.32, 9.56, 9.19, 9.1, 8.82, 8.48, 8.17, 9.024, 9.282, 11.031, 11.86, 12.45, 12.21, 11.71, 11.33, 11.07, 11.43, 11.64, 10.31, 9.91, 9.49, 9.41, 10.61, 10.18, 9.806, 9.168, 8.579, 8.455, 7.909, 7.92, 7.91, 8.35, 8.08, 7.84, 8.15, 8.54, 8.33, 7.99, 8.16, 8.08, 7.78, 8.09, 7.23, 6.4, 6.32, 6.05, 5.89, 5.42, 5.81, 6.25, 6.1, 6.08, 5.71, 5.47, 5.32, 5.68, 5.93, 5.22, 4.22, 3.21, 3.23, 3.52], [1.77, 1.09, 0.92, 0.82, 0, 1.74, 3.1, 4.02, 4.64, 4.68, 4.75, 5.85, 6.83, 6.39, 6.35, 6.16, 6.38, 6.88, 7.16, 7.96, 8.83, 8.94, 8.68, 8.62, 9.0, 9.28, 8.87, 8.74, 8.44, 8.14, 7.71, 8.615, 8.919, 10.691, 11.508, 12.13, 11.95, 11.37, 10.99, 10.75, 11.13, 11.28, 9.93, 9.51, 9.13, 9.09, 10.246, 9.84, 9.486, 8.828, 8.231, 8.15, 7.609, 7.6, 7.55, 8.01, 7.8, 7.46, 7.69, 8.12, 7.95, 7.63, 7.78, 7.68, 7.44, 7.75, 6.87, 6.18, 6.12, 5.91, 5.71, 5.14, 5.63, 6.11, 5.9, 5.86, 5.31, 5.07, 4.96, 5.34, 5.69, 4.98, 4.02, 3.01, 3.09, 3.36], [1.97, 1.83, 2.02, 2.18, 1.74, 0, 1.84, 2.66, 3.32, 3.56, 3.73, 4.87, 5.91, 5.57, 5.49, 5.26, 5.5, 5.96, 6.3, 6.98, 7.59, 7.66, 7.5, 7.4, 7.64, 7.86, 7.53, 7.3, 6.96, 6.52, 6.23, 6.97, 7.22, 8.98, 9.82, 10.67, 10.57, 9.99, 9.53, 9.35, 9.51, 9.64, 8.61, 8.21, 7.67, 7.55, 8.67, 8.25, 7.85, 7.26, 6.76, 6.55, 6.11, 6.16, 6.07, 6.43, 6.16, 5.82, 6.09, 6.48, 6.41, 6.21, 6.42, 6.34, 6.16, 6.47, 5.69, 5.1, 5.08, 4.79, 4.61, 4.06, 4.47, 5.07, 4.94, 4.86, 4.35, 4.17, 4.06, 4.4, 4.41, 3.78, 2.96, 2.69, 2.75, 2.82], [2.75, 2.95, 3.24, 3.44, 3.1, 1.84, 0, 1.22, 1.74, 2.04, 2.33, 3.37, 4.51, 4.23, 4.17, 3.86, 4.06, 4.42, 4.76, 5.42, 5.99, 6.14, 5.98, 5.92, 6.14, 6.42, 6.05, 5.9, 5.62, 5.38, 5.13, 5.81, 6.0, 7.7, 8.5, 9.07, 9.01, 8.55, 8.03, 7.85, 8.15, 8.3, 7.03, 6.67, 6.29, 6.09, 7.17, 6.79, 6.43, 5.84, 5.32, 5.13, 4.57, 4.7, 4.71, 5.11, 5.06, 4.84, 5.15, 5.66, 5.59, 5.33, 5.52, 5.42, 5.04, 5.33, 4.41, 3.94, 3.82, 3.31, 3.29, 2.96, 3.23, 3.67, 3.5, 3.3, 2.89, 2.71, 2.64, 2.96, 2.85, 2.24, 1.56, 1.89, 1.91, 1.76], [3.45, 3.83, 4.12, 4.36, 4.02, 2.66, 1.22, 0, 0.9, 1.26, 1.79, 2.61, 3.67, 3.41, 3.49, 3.06, 3.18, 3.6, 3.98, 4.6, 5.29, 5.36, 5.14, 5.06, 5.38, 5.68, 5.33, 5.26, 5.04, 4.78, 4.49, 5.13, 5.22, 6.76, 7.72, 8.29, 8.27, 7.87, 7.37, 7.05, 7.39, 7.58, 6.37, 5.91, 5.45, 5.41, 6.37, 6.01, 5.65, 5.0, 4.62, 4.53, 3.99, 4.14, 4.13, 4.59, 4.5, 4.28, 4.57, 5.08, 5.27, 4.85, 5.02, 4.98, 4.5, 4.75, 4.03, 3.54, 3.3, 2.73, 2.71, 2.54, 2.71, 2.93, 2.8, 2.56, 2.19, 1.83, 1.7, 2.26, 2.09, 1.38, 1.2, 2.19, 2.21, 1.92], [4.07, 4.45, 4.74, 4.98, 4.64, 3.32, 1.74, 0.9, 0, 0.92, 1.27, 2.13, 3.09, 2.83, 2.87, 2.5, 2.6, 2.92, 3.3, 3.98, 4.67, 4.8, 4.58, 4.54, 4.84, 5.14, 4.77, 4.7, 4.5, 4.3, 4.03, 4.71, 4.78, 6.34, 7.3, 7.73, 7.69, 7.31, 6.77, 6.45, 6.71, 6.98, 5.73, 5.35, 4.95, 4.91, 5.89, 5.41, 5.03, 4.52, 4.38, 4.31, 3.71, 3.78, 3.61, 4.05, 4.08, 3.92, 4.21, 4.72, 5.19, 4.71, 4.88, 4.82, 4.3, 4.41, 3.87, 3.44, 3.3, 2.71, 2.61, 2.64, 2.73, 2.61, 2.38, 2.06, 1.91, 1.43, 1.42, 2.12, 1.93, 1.3, 1.14, 2.51, 2.51, 2.2], [3.97, 4.41, 4.76, 4.92, 4.68, 3.56, 2.04, 1.26, 0.92, 0, 0.93, 1.79, 2.85, 2.61, 2.69, 2.44, 2.58, 2.72, 3.12, 3.76, 4.71, 4.88, 4.6, 4.54, 4.88, 5.26, 4.89, 4.82, 4.68, 4.48, 4.25, 4.79, 4.9, 6.42, 7.42, 7.91, 7.75, 7.47, 6.89, 6.57, 6.81, 7.06, 5.87, 5.49, 5.07, 5.03, 5.99, 5.53, 5.15, 4.64, 4.56, 4.49, 3.99, 4.02, 3.85, 4.17, 4.22, 4.06, 4.43, 4.82, 5.47, 4.91, 5.06, 5.02, 4.52, 4.47, 3.91, 3.46, 3.32, 2.75, 2.77, 2.9, 2.99, 2.53, 2.12, 2.04, 2.19, 1.79, 1.64, 2.34, 2.23, 1.5, 1.18, 2.41, 2.39, 2.04], [4.04, 4.52, 4.81, 4.91, 4.75, 3.73, 2.33, 1.79, 1.27, 0.93, 0, 1.44, 2.56, 2.38, 2.52, 2.39, 2.53, 2.59, 2.93, 3.57, 4.52, 4.69, 4.45, 4.39, 4.75, 5.03, 4.76, 4.69, 4.65, 4.57, 4.44, 4.84, 4.83, 6.401, 7.33, 7.84, 7.58, 7.3, 6.82, 6.44, 6.68, 6.95, 5.72, 5.42, 4.98, 4.92, 5.92, 5.56, 5.24, 4.71, 4.91, 4.84, 4.34, 4.31, 4.14, 4.3, 4.33, 4.33, 4.72, 5.07, 5.7, 5.1, 5.23, 5.23, 4.71, 4.58, 4.12, 3.63, 3.55, 3.04, 3.0, 3.27, 3.38, 2.74, 2.11, 2.11, 2.4, 2.06, 1.91, 2.57, 2.76, 2.01, 1.37, 2.44, 2.38, 2.09], [5.16, 5.64, 5.91, 5.99, 5.85, 4.87, 3.37, 2.61, 2.13, 1.79, 1.44, 0, 1.42, 1.48, 1.84, 1.83, 1.79, 1.97, 2.03, 2.61, 3.42, 3.65, 3.39, 3.39, 3.71, 4.07, 3.7, 3.97, 3.99, 4.17, 4.16, 4.4, 4.07, 5.416, 6.516, 6.934, 6.58, 6.48, 6.06, 5.68, 5.86, 5.97, 4.74, 4.32, 4.0, 4.092, 4.96, 4.86, 4.68, 4.17, 4.71, 4.58, 4.2, 4.25, 4.3, 4.16, 3.95, 4.03, 4.68, 4.87, 5.36, 4.76, 4.85, 4.83, 4.25, 4.12, 3.72, 3.15, 3.17, 2.44, 2.8, 3.15, 3.2, 2.32, 1.81, 1.77, 2.22, 2.06, 2.05, 2.47, 2.92, 2.13, 2.27, 3.7, 3.48, 2.97], [5.98, 6.6, 6.91, 7.01, 6.83, 5.91, 4.51, 3.67, 3.09, 2.85, 2.56, 1.42, 0, 1.02, 1.22, 1.31, 1.47, 1.57, 1.37, 1.89, 2.84, 2.97, 2.77, 2.73, 3.15, 3.33, 3.28, 3.45, 3.63, 3.87, 3.84, 4.02, 3.63, 4.707, 5.779, 6.237, 5.9, 5.86, 5.62, 5.16, 5.36, 5.37, 4.04, 3.74, 3.36, 3.54, 4.5, 4.64, 4.46, 3.95, 4.45, 4.4, 4.02, 4.19, 4.4, 3.98, 3.73, 3.79, 4.4, 4.61, 5.06, 4.48, 4.57, 4.49, 3.99, 3.8, 3.38, 2.75, 2.65, 2.28, 2.82, 3.25, 3.14, 2.22, 1.71, 1.87, 2.1, 2.32, 2.31, 2.53, 3.16, 2.83, 3.33, 4.64, 4.44, 3.99], [5.58, 6.14, 6.43, 6.59, 6.39, 5.57, 4.23, 3.41, 2.83, 2.61, 2.38, 1.48, 1.02, 0, 0.68, 1.25, 1.41, 1.59, 1.39, 2.13, 3.3, 3.41, 3.21, 3.17, 3.65, 3.85, 3.66, 3.83, 3.97, 4.128, 4.118, 4.395, 4.025, 5.322, 6.302, 6.72, 6.412, 6.3, 6.08, 5.66, 5.892, 5.922, 4.52, 4.18, 3.906, 3.972, 5.0, 4.84, 4.66, 4.225, 4.63, 4.62, 4.16, 4.25, 4.46, 4.26, 3.99, 4.03, 4.5, 4.75, 5.3, 4.56, 4.69, 4.69, 4.23, 4.02, 3.52, 2.83, 2.61, 2.34, 2.9, 3.23, 3.08, 2.38, 1.81, 1.69, 1.98, 2.32, 2.27, 2.61, 3.28, 2.77, 3.01, 4.2, 3.98, 3.51], [5.48, 6.12, 6.39, 6.51, 6.35, 5.49, 4.17, 3.49, 2.87, 2.69, 2.52, 1.84, 1.22, 0.68, 0, 1.03, 1.39, 1.55, 1.47, 2.15, 3.3, 3.35, 3.21, 3.17, 3.67, 3.83, 3.52, 3.67, 3.75, 3.874, 3.864, 4.141, 3.851, 5.344, 6.224, 6.723, 6.393, 6.183, 5.949, 5.612, 5.912, 5.988, 4.58, 4.18, 3.872, 3.852, 5.029, 4.807, 4.524, 4.051, 4.417, 4.484, 4.027, 4.03, 4.36, 4.14, 3.89, 3.91, 4.16, 4.491, 5.047, 4.38, 4.47, 4.51, 4.11, 3.86, 3.36, 2.63, 2.41, 2.3, 2.72, 3.05, 2.88, 2.32, 1.75, 1.71, 1.86, 2.28, 2.29, 2.61, 3.133, 2.81, 2.95, 4.16, 3.94, 3.47], [5.45, 5.91, 6.2, 6.32, 6.16, 5.26, 3.86, 3.06, 2.5, 2.44, 2.39, 1.83, 1.31, 1.25, 1.03, 0, 0.78, 1.08, 1.26, 2.06, 3.15, 3.24, 3.06, 3.06, 3.44, 3.7, 3.43, 3.58, 3.46, 3.404, 3.354, 3.842, 3.612, 5.245, 6.137, 6.716, 6.353, 6.13, 5.819, 5.402, 5.727, 5.828, 4.533, 4.159, 3.75, 3.733, 4.856, 4.456, 4.122, 3.735, 3.884, 3.837, 3.294, 3.4, 3.666, 3.59, 3.32, 3.26, 3.691, 4.06, 4.497, 3.93, 4.06, 4.02, 3.44, 3.45, 2.95, 2.28, 2.04, 1.83, 2.09, 2.56, 2.47, 1.67, 1.5, 1.38, 1.35, 1.71, 1.72, 1.9, 2.41, 2.32, 2.74, 4.03, 3.83, 3.34], [5.71, 6.17, 6.42, 6.6, 6.38, 5.5, 4.06, 3.18, 2.6, 2.58, 2.53, 1.79, 1.47, 1.41, 1.39, 0.78, 0, 0.78, 1.04, 1.82, 2.89, 3.12, 2.88, 2.86, 3.26, 3.54, 3.23, 3.5, 3.38, 3.352, 3.248, 3.799, 3.469, 4.997, 6.017, 6.436, 6.142, 6.03, 5.713, 5.247, 5.51, 5.591, 4.25, 3.93, 3.587, 3.63, 4.593, 4.23, 3.99, 3.549, 3.687, 3.614, 3.103, 3.18, 3.41, 3.47, 3.16, 3.12, 3.59, 3.98, 4.35, 3.77, 3.92, 3.88, 3.34, 3.37, 2.83, 2.2, 2.14, 1.73, 2.17, 2.56, 2.33, 1.87, 1.44, 1.36, 1.31, 1.69, 1.74, 1.88, 2.19, 2.3, 2.94, 4.25, 4.05, 3.46], [6.21, 6.69, 6.94, 7.1, 6.88, 5.96, 4.42, 3.6, 2.92, 2.72, 2.59, 1.97, 1.57, 1.59, 1.55, 1.08, 0.78, 0, 0.66, 1.4, 2.51, 2.82, 2.62, 2.6, 2.94, 3.24, 2.95, 3.2, 3.14, 3.16, 3.117, 3.579, 3.189, 4.637, 5.737, 6.116, 5.819, 5.77, 5.373, 4.89, 5.11, 5.151, 3.879, 3.599, 3.267, 3.37, 4.213, 3.92, 3.66, 3.309, 3.63, 3.537, 3.083, 3.06, 3.35, 3.29, 2.98, 3.12, 3.49, 3.74, 4.33, 3.67, 3.8, 3.76, 3.28, 3.13, 2.65, 2.08, 2.22, 1.93, 2.37, 2.8, 2.53, 1.99, 1.64, 1.66, 1.73, 2.05, 2.14, 2.1, 2.29, 2.72, 3.28, 4.67, 4.45, 3.9], [6.45, 6.97, 7.2, 7.34, 7.16, 6.3, 4.76, 3.98, 3.3, 3.12, 2.93, 2.03, 1.37, 1.39, 1.47, 1.26, 1.04, 0.66, 0, 1.06, 2.31, 2.68, 2.48, 2.44, 2.86, 3.06, 2.79, 3.02, 3.08, 3.12, 3.11, 3.51, 3.066, 4.569, 5.609, 6.01, 5.713, 5.59, 5.27, 4.83, 5.03, 5.02, 3.693, 3.453, 3.142, 3.21, 4.09, 3.81, 3.61, 3.326, 3.66, 3.57, 3.15, 3.28, 3.61, 3.27, 3.06, 3.14, 3.63, 3.78, 4.31, 3.59, 3.7, 3.72, 3.32, 3.05, 2.57, 1.98, 2.06, 1.97, 2.57, 3.02, 2.65, 2.03, 1.72, 1.7, 2.03, 2.37, 2.46, 2.44, 2.61, 3.1, 3.6, 4.93, 4.69, 4.18], [7.23, 7.75, 7.98, 8.1, 7.96, 6.98, 5.42, 4.6, 3.98, 3.76, 3.57, 2.61, 1.89, 2.13, 2.15, 2.06, 1.82, 1.4, 1.06, 0, 1.61, 2.06, 1.9, 1.88, 2.2, 2.42, 2.09, 2.44, 2.48, 2.64, 2.73, 2.95, 2.5, 3.76, 4.88, 5.19, 4.91, 4.91, 4.53, 4.11, 4.23, 4.16, 2.89, 2.61, 2.45, 2.53, 3.33, 3.05, 2.95, 2.7, 3.28, 3.27, 3.15, 3.32, 3.65, 3.05, 3.0, 3.12, 3.41, 3.42, 3.75, 3.11, 3.32, 3.36, 3.04, 2.77, 2.47, 2.46, 2.28, 2.51, 3.23, 3.74, 3.37, 2.63, 2.4, 2.32, 2.75, 3.11, 3.22, 3.06, 3.15, 3.7, 4.36, 5.75, 5.55, 4.98], [8.28, 8.68, 8.89, 9.11, 8.83, 7.59, 5.99, 5.29, 4.67, 4.71, 4.52, 3.42, 2.84, 3.3, 3.3, 3.15, 2.89, 2.51, 2.31, 1.61, 0, 1.15, 0.87, 0.97, 0.89, 1.33, 1.1, 1.11, 1.51, 2.15, 2.42, 1.86, 2.01, 2.41, 3.51, 3.92, 3.66, 3.54, 3.2, 2.78, 2.94, 2.93, 1.82, 1.68, 1.68, 1.7, 1.98, 2.28, 2.3, 2.39, 2.99, 3.3, 3.42, 3.45, 3.86, 3.24, 2.97, 3.33, 3.44, 3.41, 3.24, 3.1, 3.17, 3.23, 3.09, 2.82, 2.82, 3.31, 3.23, 3.38, 3.82, 4.37, 3.92, 3.4, 3.45, 3.25, 3.68, 3.92, 4.13, 3.69, 3.62, 4.35, 5.31, 6.78, 6.64, 6.09], [8.33, 8.75, 8.96, 9.16, 8.94, 7.66, 6.14, 5.36, 4.8, 4.88, 4.69, 3.65, 2.97, 3.41, 3.35, 3.24, 3.12, 2.82, 2.68, 2.06, 1.15, 0, 0.72, 0.72, 1.0, 1.46, 1.39, 1.28, 1.62, 2.1, 2.47, 2.17, 2.26, 2.2, 3.04, 3.61, 3.33, 3.03, 2.77, 2.51, 2.79, 3.12, 2.21, 2.03, 1.83, 1.85, 2.45, 2.85, 2.59, 2.46, 3.18, 3.33, 3.39, 3.56, 3.89, 3.27, 3.0, 3.28, 3.53, 3.48, 3.39, 3.15, 3.4, 3.38, 3.24, 2.91, 2.71, 3.22, 3.24, 3.39, 3.71, 4.24, 3.85, 3.37, 3.52, 3.46, 3.79, 4.01, 4.18, 3.8, 3.65, 4.38, 5.42, 6.91, 6.73, 6.18], [8.09, 8.53, 8.76, 8.96, 8.68, 7.5, 5.98, 5.14, 4.58, 4.6, 4.45, 3.39, 2.77, 3.21, 3.21, 3.06, 2.88, 2.62, 2.48, 1.9, 0.87, 0.72, 0, 0.6, 0.94, 1.36, 1.27, 1.24, 1.6, 2.04, 2.37, 2.01, 2.2, 2.34, 3.32, 3.81, 3.57, 3.29, 2.99, 2.81, 3.05, 3.26, 2.19, 1.85, 1.63, 1.77, 2.25, 2.69, 2.51, 2.36, 3.08, 3.29, 3.37, 3.48, 3.83, 3.27, 2.94, 3.22, 3.45, 3.4, 3.29, 3.15, 3.32, 3.26, 3.14, 2.81, 2.71, 3.06, 3.04, 3.17, 3.57, 4.12, 3.69, 3.19, 3.3, 3.22, 3.55, 3.75, 3.92, 3.6, 3.39, 4.14, 5.2, 6.69, 6.51, 5.96], [8.03, 8.43, 8.68, 8.9, 8.62, 7.4, 5.92, 5.06, 4.54, 4.54, 4.39, 3.39, 2.73, 3.17, 3.17, 3.06, 2.86, 2.6, 2.44, 1.88, 0.97, 0.72, 0.6, 0, 0.94, 1.26, 1.29, 1.3, 1.68, 2.08, 2.31, 2.01, 2.0, 2.36, 3.3, 3.79, 3.57, 3.27, 3.03, 2.77, 3.03, 3.28, 2.19, 1.81, 1.51, 1.63, 2.31, 2.65, 2.45, 2.28, 3.04, 3.23, 3.23, 3.44, 3.75, 3.15, 2.9, 3.14, 3.39, 3.36, 3.27, 3.07, 3.26, 3.26, 3.14, 2.81, 2.57, 3.06, 3.0, 3.21, 3.55, 4.08, 3.65, 3.13, 3.22, 3.2, 3.49, 3.67, 3.86, 3.52, 3.43, 4.16, 5.14, 6.61, 6.47, 5.94], [8.41, 8.81, 9.1, 9.32, 9.0, 7.64, 6.14, 5.38, 4.84, 4.88, 4.75, 3.71, 3.15, 3.65, 3.67, 3.44, 3.26, 2.94, 2.86, 2.2, 0.89, 1.0, 0.94, 0.94, 0, 1.0, 1.07, 1.06, 1.16, 1.76, 2.17, 1.65, 1.78, 1.98, 3.02, 3.57, 3.27, 3.07, 2.75, 2.39, 2.59, 2.78, 1.73, 1.59, 1.57, 1.47, 1.79, 2.13, 2.07, 2.12, 2.76, 3.01, 3.09, 3.3, 3.65, 2.99, 2.78, 3.02, 3.15, 3.16, 3.05, 2.81, 3.0, 3.04, 2.94, 2.63, 2.61, 3.38, 3.42, 3.51, 3.75, 4.38, 3.99, 3.51, 3.66, 3.6, 3.87, 4.13, 4.32, 3.86, 3.75, 4.4, 5.5, 7.05, 6.91, 6.36], [8.73, 9.11, 9.34, 9.56, 9.28, 7.86, 6.42, 5.68, 5.14, 5.26, 5.03, 4.07, 3.33, 3.85, 3.83, 3.7, 3.54, 3.24, 3.06, 2.42, 1.33, 1.46, 1.36, 1.26, 1.0, 0, 0.85, 1.2, 1.6, 1.94, 2.13, 1.61, 1.7, 1.78, 2.64, 3.39, 3.09, 2.71, 2.51, 2.13, 2.33, 2.42, 1.43, 1.33, 1.21, 1.07, 1.55, 1.77, 1.79, 1.66, 2.26, 2.59, 2.81, 2.86, 3.23, 2.59, 2.38, 2.72, 2.73, 2.68, 2.63, 2.59, 2.44, 2.54, 2.54, 2.15, 2.67, 3.66, 3.76, 3.87, 3.95, 4.58, 4.23, 3.75, 3.92, 3.82, 4.17, 4.41, 4.56, 4.12, 4.07, 4.78, 5.82, 7.33, 7.17, 6.64], [8.34, 8.72, 8.93, 9.19, 8.87, 7.53, 6.05, 5.33, 4.77, 4.89, 4.76, 3.7, 3.28, 3.66, 3.52, 3.43, 3.23, 2.95, 2.79, 2.09, 1.1, 1.39, 1.27, 1.29, 1.07, 0.85, 0, 1.07, 1.35, 1.59, 1.76, 1.42, 1.45, 2.11, 3.09, 3.74, 3.48, 3.02, 2.64, 2.38, 2.6, 2.75, 1.5, 1.32, 1.2, 1.12, 1.74, 1.82, 1.6, 1.47, 2.05, 2.4, 2.54, 2.55, 2.92, 2.36, 2.15, 2.43, 2.52, 2.49, 2.38, 2.26, 2.25, 2.31, 2.29, 1.94, 2.36, 3.25, 3.31, 3.46, 3.54, 4.17, 3.82, 3.34, 3.53, 3.45, 3.76, 3.96, 4.17, 3.79, 3.66, 4.43, 5.45, 6.94, 6.76, 6.23], [8.21, 8.57, 8.82, 9.1, 8.74, 7.3, 5.9, 5.26, 4.7, 4.82, 4.69, 3.97, 3.45, 3.83, 3.67, 3.58, 3.5, 3.2, 3.02, 2.44, 1.11, 1.28, 1.24, 1.3, 1.06, 1.2, 1.07, 0, 0.98, 1.6, 1.87, 1.27, 1.86, 2.26, 3.0, 3.73, 3.55, 2.93, 2.67, 2.41, 2.63, 2.8, 1.85, 1.61, 1.79, 1.53, 2.01, 2.07, 2.05, 2.04, 2.5, 2.83, 2.91, 3.0, 3.37, 2.71, 2.5, 2.74, 2.89, 2.86, 2.73, 2.63, 2.7, 2.78, 2.78, 2.45, 2.57, 3.22, 3.26, 3.49, 3.61, 4.2, 3.77, 3.35, 3.56, 3.46, 3.73, 3.99, 4.2, 3.82, 3.65, 4.38, 5.3, 6.79, 6.65, 6.18], [7.91, 8.27, 8.58, 8.82, 8.44, 6.96, 5.62, 5.04, 4.5, 4.68, 4.65, 3.99, 3.63, 3.97, 3.75, 3.46, 3.38, 3.14, 3.08, 2.48, 1.51, 1.62, 1.6, 1.68, 1.16, 1.6, 1.35, 0.98, 0, 1.12, 1.53, 1.01, 1.6, 2.42, 3.12, 3.93, 3.85, 3.21, 2.85, 2.63, 2.93, 3.02, 2.01, 1.83, 1.97, 1.59, 2.23, 1.97, 1.95, 1.76, 2.24, 2.71, 2.71, 2.9, 3.19, 2.51, 2.24, 2.42, 2.53, 2.5, 2.49, 2.29, 2.44, 2.54, 2.54, 2.17, 2.25, 2.94, 3.1, 3.37, 3.47, 3.98, 3.61, 3.19, 3.22, 3.3, 3.63, 3.83, 4.08, 3.68, 3.53, 4.22, 5.04, 6.57, 6.49, 6.06], [7.59, 7.95, 8.3, 8.48, 8.14, 6.52, 5.38, 4.78, 4.3, 4.48, 4.57, 4.17, 3.87, 4.128, 3.874, 3.404, 3.352, 3.16, 3.12, 2.64, 2.15, 2.1, 2.04, 2.08, 1.76, 1.94, 1.59, 1.6, 1.12, 0, 0.83, 1.05, 1.3, 2.56, 3.38, 4.49, 4.49, 3.77, 3.29, 3.13, 3.29, 3.36, 2.43, 2.29, 2.05, 1.53, 2.41, 2.05, 1.61, 1.3, 1.58, 1.93, 1.87, 2.12, 2.41, 1.75, 1.42, 1.44, 1.73, 1.52, 1.71, 1.57, 1.78, 1.86, 1.86, 1.51, 1.77, 2.66, 2.9, 3.23, 3.05, 3.6, 3.19, 2.93, 3.28, 3.2, 3.55, 3.71, 3.96, 3.48, 3.31, 3.96, 4.76, 6.27, 6.31, 6.0], [7.24, 7.64, 7.99, 8.17, 7.71, 6.23, 5.13, 4.49, 4.03, 4.25, 4.44, 4.16, 3.84, 4.118, 3.864, 3.354, 3.248, 3.117, 3.11, 2.73, 2.42, 2.47, 2.37, 2.31, 2.17, 2.13, 1.76, 1.87, 1.53, 0.83, 0, 1.16, 1.47, 3.01, 3.89, 4.8, 4.88, 4.2, 3.72, 3.52, 3.74, 3.85, 2.84, 2.62, 2.16, 1.82, 2.84, 2.52, 2.02, 1.45, 1.37, 1.82, 1.72, 2.01, 2.34, 1.78, 1.51, 1.37, 1.54, 1.51, 1.6, 1.58, 1.67, 1.67, 1.63, 1.34, 1.52, 2.319, 2.65, 3.0, 2.8, 3.23, 2.9, 2.7, 3.19, 3.09, 3.38, 3.6, 3.79, 3.27, 3.06, 3.69, 4.45, 5.94, 6.034, 5.787], [8.08, 8.5, 8.85, 9.024, 8.615, 6.97, 5.81, 5.13, 4.71, 4.79, 4.84, 4.4, 4.02, 4.395, 4.141, 3.842, 3.799, 3.579, 3.51, 2.95, 1.86, 2.17, 2.01, 2.01, 1.65, 1.61, 1.42, 1.27, 1.01, 1.05, 1.16, 0, 1.11, 2.17, 3.01, 4.12, 4.16, 3.48, 3.02, 2.82, 2.86, 2.99, 2.16, 2.1, 1.94, 1.44, 2.04, 1.84, 1.64, 1.37, 1.75, 2.22, 2.46, 2.67, 3.04, 2.28, 1.95, 2.07, 2.08, 1.99, 2.0, 2.06, 2.09, 2.29, 2.31, 1.96, 2.34, 3.19, 3.41, 3.68, 3.64, 4.07, 3.74, 3.48, 3.61, 3.63, 3.96, 4.22, 4.39, 3.91, 3.72, 4.37, 5.17, 6.74, 6.74, 6.404], [8.35, 8.77, 9.12, 9.282, 8.919, 7.22, 6.0, 5.22, 4.78, 4.9, 4.83, 4.07, 3.63, 4.025, 3.851, 3.612, 3.469, 3.189, 3.066, 2.5, 2.01, 2.26, 2.2, 2.0, 1.78, 1.7, 1.45, 1.86, 1.6, 1.3, 1.47, 1.11, 0, 1.88, 3.02, 4.27, 4.39, 3.89, 3.43, 3.11, 3.07, 2.9, 2.25, 2.13, 1.89, 1.29, 2.05, 1.85, 1.51, 1.26, 1.94, 2.11, 2.31, 2.7, 3.05, 2.25, 2.02, 2.1, 2.21, 2.1, 2.35, 2.23, 2.38, 2.54, 2.66, 2.23, 2.53, 3.422, 3.58, 3.79, 3.75, 4.34, 3.93, 3.57, 3.78, 3.72, 3.99, 4.25, 4.46, 3.98, 3.81, 4.48, 5.36, 6.99, 6.918, 6.474], [10.11, 10.49, 10.808, 11.031, 10.691, 8.98, 7.7, 6.76, 6.34, 6.42, 6.401, 5.416, 4.707, 5.322, 5.344, 5.245, 4.997, 4.637, 4.569, 3.76, 2.41, 2.2, 2.34, 2.36, 1.98, 1.78, 2.11, 2.26, 2.42, 2.56, 3.01, 2.17, 1.88, 0, 1.68, 2.89, 2.97, 2.75, 2.23, 2.17, 1.97, 1.84, 1.87, 2.03, 1.99, 1.95, 1.59, 2.01, 2.05, 2.2, 2.88, 3.11, 3.55, 3.78, 4.01, 3.41, 3.16, 3.4, 3.43, 3.32, 3.25, 3.51, 3.4, 3.68, 3.82, 3.43, 4.141, 5.153, 5.288, 5.329, 5.51, 6.1, 5.67, 5.25, 5.48, 5.368, 5.601, 5.841, 6.031, 5.52, 5.33, 5.98, 7.06, 8.666, 8.586, 8.099], [10.93, 11.31, 11.62, 11.86, 11.508, 9.82, 8.5, 7.72, 7.3, 7.42, 7.33, 6.516, 5.779, 6.302, 6.224, 6.137, 6.017, 5.737, 5.609, 4.88, 3.51, 3.04, 3.32, 3.3, 3.02, 2.64, 3.09, 3.0, 3.12, 3.38, 3.89, 3.01, 3.02, 1.68, 0, 1.59, 1.71, 1.55, 1.45, 1.79, 1.77, 2.14, 2.63, 2.63, 2.77, 2.51, 2.51, 2.77, 2.81, 2.98, 3.64, 3.91, 4.31, 4.4, 4.65, 3.95, 3.9, 4.22, 4.05, 3.82, 3.87, 4.19, 4.1, 4.28, 4.44, 4.07, 4.878, 5.971, 6.14, 6.33, 6.35, 6.92, 6.51, 6.11, 6.28, 6.22, 6.51, 6.75, 6.96, 6.5, 6.31, 6.98, 7.9, 9.51, 9.421, 9.009], [11.5, 11.88, 12.21, 12.45, 12.13, 10.67, 9.07, 8.29, 7.73, 7.91, 7.84, 6.934, 6.237, 6.72, 6.723, 6.716, 6.436, 6.116, 6.01, 5.19, 3.92, 3.61, 3.81, 3.79, 3.57, 3.39, 3.74, 3.73, 3.93, 4.49, 4.8, 4.12, 4.27, 2.89, 1.59, 0, 1.06, 1.5, 1.64, 1.9, 2.1, 2.27, 2.76, 2.76, 3.24, 3.42, 2.84, 3.18, 3.64, 3.99, 4.53, 5.08, 5.2, 5.21, 5.5, 4.9, 5.05, 5.41, 5.22, 4.93, 5.1, 5.14, 5.11, 5.15, 5.17, 4.98, 5.56, 6.59, 6.71, 6.86, 6.9, 7.49, 7.1, 6.7, 6.85, 6.79, 6.94, 7.22, 7.49, 7.05, 6.76, 7.55, 8.45, 10.0, 9.94, 9.47], [11.34, 11.76, 12.01, 12.21, 11.95, 10.57, 9.01, 8.27, 7.69, 7.75, 7.58, 6.58, 5.9, 6.412, 6.393, 6.353, 6.142, 5.819, 5.713, 4.91, 3.66, 3.33, 3.57, 3.57, 3.27, 3.09, 3.48, 3.55, 3.85, 4.49, 4.88, 4.16, 4.39, 2.97, 1.71, 1.06, 0, 1.04, 1.54, 1.88, 2.08, 2.47, 2.74, 2.72, 3.22, 3.32, 2.88, 3.3, 3.72, 4.09, 4.63, 4.98, 5.2, 5.15, 5.5, 4.88, 4.93, 5.31, 5.18, 4.97, 4.98, 5.02, 4.99, 4.99, 4.95, 4.72, 5.32, 6.35, 6.45, 6.56, 6.68, 7.31, 6.92, 6.46, 6.61, 6.53, 6.82, 7.02, 7.23, 6.79, 6.64, 7.33, 8.35, 9.86, 9.72, 9.27], [10.86, 11.24, 11.45, 11.71, 11.37, 9.99, 8.55, 7.87, 7.31, 7.47, 7.3, 6.48, 5.86, 6.3, 6.183, 6.13, 6.03, 5.77, 5.59, 4.91, 3.54, 3.03, 3.29, 3.27, 3.07, 2.71, 3.02, 2.93, 3.21, 3.77, 4.2, 3.48, 3.89, 2.75, 1.55, 1.5, 1.04, 0, 0.98, 1.48, 1.8, 2.37, 2.72, 2.74, 3.04, 2.98, 2.78, 3.18, 3.38, 3.53, 3.97, 4.46, 4.66, 4.65, 4.9, 4.32, 4.23, 4.63, 4.5, 4.29, 4.28, 4.32, 4.23, 4.35, 4.41, 4.06, 4.72, 5.81, 5.91, 6.12, 6.12, 6.75, 6.38, 5.94, 6.15, 6.03, 6.4, 6.58, 6.79, 6.37, 6.3, 6.99, 7.97, 9.42, 9.28, 8.81], [10.44, 10.82, 11.11, 11.33, 10.99, 9.53, 8.03, 7.37, 6.77, 6.89, 6.82, 6.06, 5.62, 6.08, 5.949, 5.819, 5.713, 5.373, 5.27, 4.53, 3.2, 2.77, 2.99, 3.03, 2.75, 2.51, 2.64, 2.67, 2.85, 3.29, 3.72, 3.02, 3.43, 2.23, 1.45, 1.64, 1.54, 0.98, 0, 1.06, 1.34, 1.91, 2.18, 2.32, 2.46, 2.58, 2.12, 2.42, 2.62, 2.91, 3.37, 3.8, 3.96, 3.95, 4.2, 3.62, 3.75, 4.13, 3.9, 3.75, 3.74, 3.88, 3.73, 3.85, 3.99, 3.66, 4.38, 5.49, 5.61, 5.74, 5.82, 6.43, 6.02, 5.58, 5.83, 5.67, 5.98, 6.16, 6.43, 5.97, 5.74, 6.49, 7.45, 8.96, 8.88, 8.43], [10.2, 10.6, 10.85, 11.07, 10.75, 9.35, 7.85, 7.05, 6.45, 6.57, 6.44, 5.68, 5.16, 5.66, 5.612, 5.402, 5.247, 4.89, 4.83, 4.11, 2.78, 2.51, 2.81, 2.77, 2.39, 2.13, 2.38, 2.41, 2.63, 3.13, 3.52, 2.82, 3.11, 2.17, 1.79, 1.9, 1.88, 1.48, 1.06, 0, 0.8, 1.43, 1.86, 2.04, 2.26, 2.32, 1.88, 2.08, 2.34, 2.65, 3.19, 3.62, 3.78, 3.75, 4.02, 3.5, 3.55, 3.89, 3.7, 3.61, 3.58, 3.66, 3.51, 3.65, 3.79, 3.42, 4.14, 5.23, 5.35, 5.42, 5.56, 6.17, 5.76, 5.32, 5.57, 5.37, 5.66, 5.82, 6.05, 5.59, 5.42, 6.19, 7.23, 8.72, 8.6, 8.15], [10.52, 10.94, 11.19, 11.43, 11.13, 9.51, 8.15, 7.39, 6.71, 6.81, 6.68, 5.86, 5.36, 5.892, 5.912, 5.727, 5.51, 5.11, 5.03, 4.23, 2.94, 2.79, 3.05, 3.03, 2.59, 2.33, 2.6, 2.63, 2.93, 3.29, 3.74, 2.86, 3.07, 1.97, 1.77, 2.1, 2.08, 1.8, 1.34, 0.8, 0, 1.17, 1.96, 2.24, 2.38, 2.36, 1.84, 1.96, 2.18, 2.81, 3.39, 3.62, 3.9, 3.89, 4.14, 3.46, 3.57, 3.93, 3.7, 3.63, 3.62, 3.72, 3.67, 3.81, 3.99, 3.72, 4.46, 5.57, 5.67, 5.68, 5.88, 6.49, 6.06, 5.64, 5.89, 5.61, 6.0, 6.16, 6.37, 5.89, 5.68, 6.37, 7.53, 8.96, 8.9, 8.45], [10.69, 11.11, 11.4, 11.64, 11.28, 9.64, 8.3, 7.58, 6.98, 7.06, 6.95, 5.97, 5.37, 5.922, 5.988, 5.828, 5.591, 5.151, 5.02, 4.16, 2.93, 3.12, 3.26, 3.28, 2.78, 2.42, 2.75, 2.8, 3.02, 3.36, 3.85, 2.99, 2.9, 1.84, 2.14, 2.27, 2.47, 2.37, 1.91, 1.43, 1.17, 0, 1.77, 2.19, 2.49, 2.49, 1.67, 1.95, 2.37, 2.9, 3.52, 3.55, 3.99, 3.94, 4.11, 3.53, 3.72, 4.02, 3.79, 3.56, 3.63, 3.93, 3.74, 3.92, 4.2, 3.85, 4.67, 5.78, 5.88, 5.95, 6.09, 6.7, 6.27, 5.85, 6.06, 5.84, 6.17, 6.41, 6.64, 6.12, 5.97, 6.7, 7.74, 9.23, 9.13, 8.62], [9.44, 9.82, 10.05, 10.31, 9.93, 8.61, 7.03, 6.37, 5.73, 5.87, 5.72, 4.74, 4.04, 4.52, 4.58, 4.533, 4.25, 3.879, 3.693, 2.89, 1.82, 2.21, 2.19, 2.19, 1.73, 1.43, 1.5, 1.85, 2.01, 2.43, 2.84, 2.16, 2.25, 1.87, 2.63, 2.76, 2.74, 2.72, 2.18, 1.86, 1.96, 1.77, 0, 0.9, 1.52, 1.48, 1.2, 1.3, 1.66, 2.05, 2.39, 2.88, 3.04, 2.93, 3.2, 2.7, 2.89, 3.23, 3.0, 2.97, 2.94, 2.9, 2.77, 2.77, 2.93, 2.68, 3.32, 4.41, 4.49, 4.66, 4.72, 5.35, 4.98, 4.52, 4.67, 4.45, 4.78, 5.04, 5.27, 4.89, 4.8, 5.55, 6.47, 7.96, 7.86, 7.31], [9.04, 9.42, 9.65, 9.91, 9.51, 8.21, 6.67, 5.91, 5.35, 5.49, 5.42, 4.32, 3.74, 4.18, 4.18, 4.159, 3.93, 3.599, 3.453, 2.61, 1.68, 2.03, 1.85, 1.81, 1.59, 1.33, 1.32, 1.61, 1.83, 2.29, 2.62, 2.1, 2.13, 2.03, 2.63, 2.76, 2.72, 2.74, 2.32, 2.04, 2.24, 2.19, 0.9, 0, 1.08, 1.16, 1.42, 1.42, 1.58, 1.79, 2.33, 2.78, 2.94, 2.91, 3.16, 2.64, 2.65, 3.03, 2.88, 2.79, 2.84, 2.7, 2.67, 2.71, 2.69, 2.5, 3.06, 4.01, 4.09, 4.22, 4.34, 4.95, 4.58, 4.1, 4.27, 4.13, 4.34, 4.6, 4.85, 4.45, 4.34, 5.11, 6.11, 7.64, 7.48, 6.95], [8.52, 8.94, 9.25, 9.49, 9.13, 7.67, 6.29, 5.45, 4.95, 5.07, 4.98, 4.0, 3.36, 3.906, 3.872, 3.75, 3.587, 3.267, 3.142, 2.45, 1.68, 1.83, 1.63, 1.51, 1.57, 1.21, 1.2, 1.79, 1.97, 2.05, 2.16, 1.94, 1.89, 1.99, 2.77, 3.24, 3.22, 3.04, 2.46, 2.26, 2.38, 2.49, 1.52, 1.08, 0, 0.96, 1.48, 1.68, 1.52, 1.39, 1.99, 2.4, 2.62, 2.59, 2.9, 2.24, 2.23, 2.57, 2.44, 2.33, 2.5, 2.56, 2.47, 2.41, 2.41, 2.18, 2.74, 3.61, 3.75, 3.78, 4.0, 4.55, 4.14, 3.68, 3.89, 3.81, 4.0, 4.28, 4.47, 4.01, 3.86, 4.59, 5.67, 7.18, 7.04, 6.57], [8.48, 8.86, 9.17, 9.41, 9.09, 7.55, 6.09, 5.41, 4.91, 5.03, 4.92, 4.092, 3.54, 3.972, 3.852, 3.733, 3.63, 3.37, 3.21, 2.53, 1.7, 1.85, 1.77, 1.63, 1.47, 1.07, 1.12, 1.53, 1.59, 1.53, 1.82, 1.44, 1.29, 1.95, 2.51, 3.42, 3.32, 2.98, 2.58, 2.32, 2.36, 2.49, 1.48, 1.16, 0.96, 0, 1.42, 1.56, 1.26, 1.03, 1.79, 2.04, 2.24, 2.31, 2.66, 1.94, 1.89, 2.21, 2.14, 2.01, 2.2, 2.12, 2.19, 2.21, 2.19, 1.92, 2.48, 3.561, 3.69, 3.9, 3.9, 4.47, 4.06, 3.66, 3.83, 3.79, 4.08, 4.32, 4.53, 4.07, 3.88, 4.57, 5.47, 7.08, 6.98, 6.57], [9.7, 10.08, 10.37, 10.61, 10.246, 8.67, 7.17, 6.37, 5.89, 5.99, 5.92, 4.96, 4.5, 5.0, 5.029, 4.856, 4.593, 4.213, 4.09, 3.33, 1.98, 2.45, 2.25, 2.31, 1.79, 1.55, 1.74, 2.01, 2.23, 2.41, 2.84, 2.04, 2.05, 1.59, 2.51, 2.84, 2.88, 2.78, 2.12, 1.88, 1.84, 1.67, 1.2, 1.42, 1.48, 1.42, 0, 1.08, 1.46, 1.89, 2.35, 2.74, 3.02, 3.03, 3.3, 2.68, 2.91, 3.25, 2.98, 2.71, 2.98, 3.04, 2.91, 2.99, 3.27, 2.98, 3.7, 4.709, 4.843, 4.9, 5.073, 5.67, 5.26, 4.82, 5.03, 4.841, 5.116, 5.38, 5.606, 5.09, 4.92, 5.61, 6.61, 8.22, 8.1, 7.578], [9.3, 9.68, 9.957, 10.18, 9.84, 8.25, 6.79, 6.01, 5.41, 5.53, 5.56, 4.86, 4.64, 4.84, 4.807, 4.456, 4.23, 3.92, 3.81, 3.05, 2.28, 2.85, 2.69, 2.65, 2.13, 1.77, 1.82, 2.07, 1.97, 2.05, 2.52, 1.84, 1.85, 2.01, 2.77, 3.18, 3.3, 3.18, 2.42, 2.08, 1.96, 1.95, 1.3, 1.42, 1.68, 1.56, 1.08, 0, 0.82, 1.55, 1.89, 2.32, 2.5, 2.51, 2.76, 2.22, 2.55, 2.75, 2.5, 2.31, 2.58, 2.6, 2.53, 2.61, 2.91, 2.62, 3.3, 4.343, 4.457, 4.54, 4.667, 5.274, 4.86, 4.44, 4.69, 4.47, 4.705, 4.96, 5.19, 4.73, 4.42, 5.19, 6.25, 7.773, 7.693, 7.146], [8.893, 9.293, 9.583, 9.806, 9.486, 7.85, 6.43, 5.65, 5.03, 5.15, 5.24, 4.68, 4.46, 4.66, 4.524, 4.122, 3.99, 3.66, 3.61, 2.95, 2.3, 2.59, 2.51, 2.45, 2.07, 1.79, 1.6, 2.05, 1.95, 1.61, 2.02, 1.64, 1.51, 2.05, 2.81, 3.64, 3.72, 3.38, 2.62, 2.34, 2.18, 2.37, 1.66, 1.58, 1.52, 1.26, 1.46, 0.82, 0, 0.97, 1.43, 1.74, 2.02, 2.15, 2.4, 1.78, 1.99, 2.21, 1.98, 1.85, 2.06, 2.14, 2.13, 2.21, 2.45, 2.14, 2.876, 3.969, 4.103, 4.18, 4.293, 4.9, 4.47, 4.06, 4.31, 4.15, 4.36, 4.58, 4.83, 4.39, 4.02, 4.81, 5.798, 7.331, 7.271, 6.803], [8.255, 8.635, 8.945, 9.168, 8.828, 7.26, 5.84, 5.0, 4.52, 4.64, 4.71, 4.17, 3.95, 4.225, 4.051, 3.735, 3.549, 3.309, 3.326, 2.7, 2.39, 2.46, 2.36, 2.28, 2.12, 1.66, 1.47, 2.04, 1.76, 1.3, 1.45, 1.37, 1.26, 2.2, 2.98, 3.99, 4.09, 3.53, 2.91, 2.65, 2.81, 2.9, 2.05, 1.79, 1.39, 1.03, 1.89, 1.55, 0.97, 0, 1.12, 1.37, 1.63, 1.78, 2.07, 1.43, 1.38, 1.64, 1.65, 1.5, 1.83, 1.87, 1.76, 1.86, 1.88, 1.55, 2.218, 3.311, 3.52, 3.61, 3.67, 4.26, 3.83, 3.43, 3.64, 3.56, 3.79, 4.01, 4.22, 3.8, 3.55, 4.26, 5.191, 6.763, 6.703, 6.252], [7.67, 8.046, 8.376, 8.579, 8.231, 6.76, 5.32, 4.62, 4.38, 4.56, 4.91, 4.71, 4.45, 4.63, 4.417, 3.884, 3.687, 3.63, 3.66, 3.28, 2.99, 3.18, 3.08, 3.04, 2.76, 2.26, 2.05, 2.5, 2.24, 1.58, 1.37, 1.75, 1.94, 2.88, 3.64, 4.53, 4.63, 3.97, 3.37, 3.19, 3.39, 3.52, 2.39, 2.33, 1.99, 1.79, 2.35, 1.89, 1.43, 1.12, 0, 1.03, 1.23, 1.32, 1.67, 1.31, 1.3, 1.36, 1.15, 1.42, 1.49, 1.49, 1.26, 1.28, 1.34, 1.33, 1.81, 2.78, 3.06, 3.17, 3.07, 3.66, 3.23, 3.03, 3.64, 3.42, 3.63, 3.97, 4.08, 3.44, 3.23, 3.82, 4.72, 6.31, 6.279, 6.009], [7.54, 7.92, 8.23, 8.455, 8.15, 6.55, 5.13, 4.53, 4.31, 4.49, 4.84, 4.58, 4.4, 4.62, 4.484, 3.837, 3.614, 3.537, 3.57, 3.27, 3.3, 3.33, 3.29, 3.23, 3.01, 2.59, 2.4, 2.83, 2.71, 1.93, 1.82, 2.22, 2.11, 3.11, 3.91, 5.08, 4.98, 4.46, 3.8, 3.62, 3.62, 3.55, 2.88, 2.78, 2.4, 2.04, 2.74, 2.32, 1.74, 1.37, 1.03, 0, 0.96, 1.11, 1.52, 1.32, 1.25, 1.29, 1.26, 1.55, 1.42, 1.52, 1.43, 1.35, 1.45, 1.54, 1.8, 2.63, 3.01, 2.84, 3.02, 3.57, 3.22, 3.1, 3.71, 3.33, 3.54, 3.88, 3.91, 3.11, 2.96, 3.63, 4.75, 6.3, 6.255, 5.865], [6.996, 7.4, 7.703, 7.909, 7.609, 6.11, 4.57, 3.99, 3.71, 3.99, 4.34, 4.2, 4.02, 4.16, 4.027, 3.294, 3.103, 3.083, 3.15, 3.15, 3.42, 3.39, 3.37, 3.23, 3.09, 2.81, 2.54, 2.91, 2.71, 1.87, 1.72, 2.46, 2.31, 3.55, 4.31, 5.2, 5.2, 4.66, 3.96, 3.78, 3.9, 3.99, 3.04, 2.94, 2.62, 2.24, 3.02, 2.5, 2.02, 1.63, 1.23, 0.96, 0, 0.79, 1.24, 1.08, 1.15, 1.01, 1.34, 1.67, 1.84, 1.6, 1.59, 1.59, 1.59, 1.64, 1.72, 2.35, 2.71, 2.5, 2.5, 3.003, 2.64, 2.48, 3.23, 2.87, 2.84, 3.22, 3.35, 2.73, 2.44, 3.13, 4.17, 5.66, 5.62, 5.211], [6.99, 7.39, 7.68, 7.92, 7.6, 6.16, 4.7, 4.14, 3.78, 4.02, 4.31, 4.25, 4.19, 4.25, 4.03, 3.4, 3.18, 3.06, 3.28, 3.32, 3.45, 3.56, 3.48, 3.44, 3.3, 2.86, 2.55, 3.0, 2.9, 2.12, 2.01, 2.67, 2.7, 3.78, 4.4, 5.21, 5.15, 4.65, 3.95, 3.75, 3.89, 3.94, 2.93, 2.91, 2.59, 2.31, 3.03, 2.51, 2.15, 1.78, 1.32, 1.11, 0.79, 0, 0.85, 1.03, 1.1, 1.06, 1.09, 1.56, 1.89, 1.67, 1.52, 1.44, 1.38, 1.55, 1.89, 2.58, 3.04, 2.77, 2.39, 2.96, 2.55, 2.49, 3.12, 2.94, 2.83, 3.15, 3.26, 2.74, 2.47, 3.22, 4.08, 5.61, 5.51, 5.18], [6.96, 7.38, 7.65, 7.91, 7.55, 6.07, 4.71, 4.13, 3.61, 3.85, 4.14, 4.3, 4.4, 4.46, 4.36, 3.666, 3.41, 3.35, 3.61, 3.65, 3.86, 3.89, 3.83, 3.75, 3.65, 3.23, 2.92, 3.37, 3.19, 2.41, 2.34, 3.04, 3.05, 4.01, 4.65, 5.5, 5.5, 4.9, 4.2, 4.02, 4.14, 4.11, 3.2, 3.16, 2.9, 2.66, 3.3, 2.76, 2.4, 2.07, 1.67, 1.52, 1.24, 0.85, 0, 1.04, 1.31, 1.23, 1.32, 1.75, 2.18, 1.98, 1.81, 1.79, 1.73, 1.84, 2.26, 2.95, 3.55, 3.2, 2.5, 2.99, 2.68, 2.72, 3.11, 3.19, 3.12, 3.16, 3.29, 2.93, 2.54, 3.29, 4.13, 5.54, 5.56, 5.23], [7.44, 7.82, 8.11, 8.35, 8.01, 6.43, 5.11, 4.59, 4.05, 4.17, 4.3, 4.16, 3.98, 4.26, 4.14, 3.59, 3.47, 3.29, 3.27, 3.05, 3.24, 3.27, 3.27, 3.15, 2.99, 2.59, 2.36, 2.71, 2.51, 1.75, 1.78, 2.28, 2.25, 3.41, 3.95, 4.9, 4.88, 4.32, 3.62, 3.5, 3.46, 3.53, 2.7, 2.64, 2.24, 1.94, 2.68, 2.22, 1.78, 1.43, 1.31, 1.32, 1.08, 1.03, 1.04, 0, 1.07, 0.89, 1.1, 1.19, 1.8, 1.56, 1.55, 1.51, 1.45, 1.26, 1.84, 2.77, 3.27, 3.1, 2.84, 3.41, 3.0, 2.68, 3.21, 3.21, 3.36, 3.66, 3.85, 3.31, 3.02, 3.75, 4.59, 5.94, 6.04, 5.713], [7.21, 7.63, 7.92, 8.08, 7.8, 6.16, 5.06, 4.5, 4.08, 4.22, 4.33, 3.95, 3.73, 3.99, 3.89, 3.32, 3.16, 2.98, 3.06, 3.0, 2.97, 3.0, 2.94, 2.9, 2.78, 2.38, 2.15, 2.5, 2.24, 1.42, 1.51, 1.95, 2.02, 3.16, 3.9, 5.05, 4.93, 4.23, 3.75, 3.55, 3.57, 3.72, 2.89, 2.65, 2.23, 1.89, 2.91, 2.55, 1.99, 1.38, 1.3, 1.25, 1.15, 1.1, 1.31, 1.07, 0, 0.64, 1.15, 1.28, 1.55, 1.35, 1.34, 1.4, 1.16, 1.11, 1.53, 2.4, 2.98, 2.81, 2.55, 3.12, 2.71, 2.51, 2.94, 2.92, 3.23, 3.49, 3.6, 3.0, 2.89, 3.6, 4.48, 5.93, 5.87, 5.56], [6.89, 7.35, 7.66, 7.84, 7.46, 5.82, 4.84, 4.28, 3.92, 4.06, 4.33, 4.03, 3.79, 4.03, 3.91, 3.26, 3.12, 3.12, 3.14, 3.12, 3.33, 3.28, 3.22, 3.14, 3.02, 2.72, 2.43, 2.74, 2.42, 1.44, 1.37, 2.07, 2.1, 3.4, 4.22, 5.41, 5.31, 4.63, 4.13, 3.89, 3.93, 4.02, 3.23, 3.03, 2.57, 2.21, 3.25, 2.75, 2.21, 1.64, 1.36, 1.29, 1.01, 1.06, 1.23, 0.89, 0.64, 0, 0.99, 1.28, 1.59, 1.29, 1.38, 1.4, 1.18, 1.23, 1.45, 2.2, 2.86, 2.69, 2.37, 2.86, 2.51, 2.35, 2.88, 2.9, 3.05, 3.35, 3.44, 2.88, 2.71, 3.38, 4.24, 5.69, 5.69, 5.42], [7.22, 7.66, 7.97, 8.15, 7.69, 6.09, 5.15, 4.57, 4.21, 4.43, 4.72, 4.68, 4.4, 4.5, 4.16, 3.691, 3.59, 3.49, 3.63, 3.41, 3.44, 3.53, 3.45, 3.39, 3.15, 2.73, 2.52, 2.89, 2.53, 1.73, 1.54, 2.08, 2.21, 3.43, 4.05, 5.22, 5.18, 4.5, 3.9, 3.7, 3.7, 3.79, 3.0, 2.88, 2.44, 2.14, 2.98, 2.5, 1.98, 1.65, 1.15, 1.26, 1.34, 1.09, 1.32, 1.1, 1.15, 0.99, 0, 0.97, 1.42, 1.12, 1.11, 1.11, 1.11, 1.16, 1.8, 2.65, 3.19, 3.1, 2.7, 3.17, 2.84, 2.74, 3.41, 3.31, 3.46, 3.66, 3.77, 3.21, 3.06, 3.71, 4.57, 5.96, 6.02, 5.77], [7.67, 8.05, 8.38, 8.54, 8.12, 6.48, 5.66, 5.08, 4.72, 4.82, 5.07, 4.87, 4.61, 4.75, 4.491, 4.06, 3.98, 3.74, 3.78, 3.42, 3.41, 3.48, 3.4, 3.36, 3.16, 2.68, 2.49, 2.86, 2.5, 1.52, 1.51, 1.99, 2.1, 3.32, 3.82, 4.93, 4.97, 4.29, 3.75, 3.61, 3.63, 3.56, 2.97, 2.79, 2.33, 2.01, 2.71, 2.31, 1.85, 1.5, 1.42, 1.55, 1.67, 1.56, 1.75, 1.19, 1.28, 1.28, 0.97, 0, 1.27, 1.21, 1.08, 1.14, 1.46, 1.25, 1.97, 2.88, 3.38, 3.53, 3.25, 3.68, 3.33, 3.19, 3.78, 3.78, 3.97, 4.23, 4.38, 3.84, 3.61, 4.28, 5.12, 6.49, 6.65, 6.38], [7.52, 7.92, 8.17, 8.33, 7.95, 6.41, 5.59, 5.27, 5.19, 5.47, 5.7, 5.36, 5.06, 5.3, 5.047, 4.497, 4.35, 4.33, 4.31, 3.75, 3.24, 3.39, 3.29, 3.27, 3.05, 2.63, 2.38, 2.73, 2.49, 1.71, 1.6, 2.0, 2.35, 3.25, 3.87, 5.1, 4.98, 4.28, 3.74, 3.58, 3.62, 3.63, 2.94, 2.84, 2.5, 2.2, 2.98, 2.58, 2.06, 1.83, 1.49, 1.42, 1.84, 1.89, 2.18, 1.8, 1.55, 1.59, 1.42, 1.27, 0, 0.92, 0.97, 0.89, 1.31, 1.44, 1.86, 2.65, 2.95, 3.34, 3.28, 3.57, 3.42, 3.58, 4.23, 3.99, 4.22, 4.56, 4.63, 3.77, 3.76, 4.47, 5.41, 6.64, 6.84, 6.49], [7.24, 7.64, 7.85, 7.99, 7.63, 6.21, 5.33, 4.85, 4.71, 4.91, 5.1, 4.76, 4.48, 4.56, 4.38, 3.93, 3.77, 3.67, 3.59, 3.11, 3.1, 3.15, 3.15, 3.07, 2.81, 2.59, 2.26, 2.63, 2.29, 1.57, 1.58, 2.06, 2.23, 3.51, 4.19, 5.14, 5.02, 4.32, 3.88, 3.66, 3.72, 3.93, 2.9, 2.7, 2.56, 2.12, 3.04, 2.6, 2.14, 1.87, 1.49, 1.52, 1.6, 1.67, 1.98, 1.56, 1.35, 1.29, 1.12, 1.21, 0.92, 0, 0.65, 0.75, 0.99, 1.14, 1.44, 2.21, 2.63, 2.94, 2.64, 3.05, 2.78, 2.86, 3.49, 3.31, 3.68, 3.98, 4.05, 3.31, 3.3, 4.01, 4.91, 6.16, 6.3, 5.95], [7.39, 7.79, 8.0, 8.16, 7.78, 6.42, 5.52, 5.02, 4.88, 5.06, 5.23, 4.85, 4.57, 4.69, 4.47, 4.06, 3.92, 3.8, 3.7, 3.32, 3.17, 3.4, 3.32, 3.26, 3.0, 2.44, 2.25, 2.7, 2.44, 1.78, 1.67, 2.09, 2.38, 3.4, 4.1, 5.11, 4.99, 4.23, 3.73, 3.51, 3.67, 3.74, 2.77, 2.67, 2.47, 2.19, 2.91, 2.53, 2.13, 1.76, 1.26, 1.43, 1.59, 1.52, 1.81, 1.55, 1.34, 1.38, 1.11, 1.08, 0.97, 0.65, 0, 0.56, 0.98, 1.03, 1.59, 2.4, 2.88, 3.13, 2.87, 3.2, 3.01, 3.03, 3.64, 3.48, 3.85, 4.17, 4.24, 3.52, 3.51, 4.2, 5.1, 6.33, 6.49, 6.12], [7.29, 7.67, 7.9, 8.08, 7.68, 6.34, 5.42, 4.98, 4.82, 5.02, 5.23, 4.83, 4.49, 4.69, 4.51, 4.02, 3.88, 3.76, 3.72, 3.36, 3.23, 3.38, 3.26, 3.26, 3.04, 2.54, 2.31, 2.78, 2.54, 1.86, 1.67, 2.29, 2.54, 3.68, 4.28, 5.15, 4.99, 4.35, 3.85, 3.65, 3.81, 3.92, 2.77, 2.71, 2.41, 2.21, 2.99, 2.61, 2.21, 1.86, 1.28, 1.35, 1.59, 1.44, 1.79, 1.51, 1.4, 1.4, 1.11, 1.14, 0.89, 0.75, 0.56, 0, 0.84, 0.95, 1.39, 2.28, 2.78, 3.03, 2.85, 3.2, 3.01, 3.01, 3.62, 3.5, 3.83, 4.11, 4.16, 3.52, 3.47, 4.14, 5.06, 6.29, 6.47, 6.16], [7.03, 7.43, 7.66, 7.78, 7.44, 6.16, 5.04, 4.5, 4.3, 4.52, 4.71, 4.25, 3.99, 4.23, 4.11, 3.44, 3.34, 3.28, 3.32, 3.04, 3.09, 3.24, 3.14, 3.14, 2.94, 2.54, 2.29, 2.78, 2.54, 1.86, 1.63, 2.31, 2.66, 3.82, 4.44, 5.17, 4.95, 4.41, 3.99, 3.79, 3.99, 4.2, 2.93, 2.69, 2.41, 2.19, 3.27, 2.91, 2.45, 1.88, 1.34, 1.45, 1.59, 1.38, 1.73, 1.45, 1.16, 1.18, 1.11, 1.46, 1.31, 0.99, 0.98, 0.84, 0, 0.69, 1.19, 1.98, 2.58, 2.65, 2.31, 2.76, 2.45, 2.43, 3.04, 3.02, 3.29, 3.61, 3.66, 2.98, 2.97, 3.62, 4.52, 5.87, 5.91, 5.64], [7.38, 7.78, 8.01, 8.09, 7.75, 6.47, 5.33, 4.75, 4.41, 4.47, 4.58, 4.12, 3.8, 4.02, 3.86, 3.45, 3.37, 3.13, 3.05, 2.77, 2.82, 2.91, 2.81, 2.81, 2.63, 2.15, 1.94, 2.45, 2.17, 1.51, 1.34, 1.96, 2.23, 3.43, 4.07, 4.98, 4.72, 4.06, 3.66, 3.42, 3.72, 3.85, 2.68, 2.5, 2.18, 1.92, 2.98, 2.62, 2.14, 1.55, 1.33, 1.54, 1.64, 1.55, 1.84, 1.26, 1.11, 1.23, 1.16, 1.25, 1.44, 1.14, 1.03, 0.95, 0.69, 0, 1.22, 2.15, 2.67, 2.84, 2.62, 3.03, 2.74, 2.46, 3.01, 3.13, 3.5, 3.72, 3.83, 3.27, 3.2, 3.89, 4.75, 6.08, 6.12, 5.83], [6.38, 6.84, 7.09, 7.23, 6.87, 5.69, 4.41, 4.03, 3.87, 3.91, 4.12, 3.72, 3.38, 3.52, 3.36, 2.95, 2.83, 2.65, 2.57, 2.47, 2.82, 2.71, 2.71, 2.57, 2.61, 2.67, 2.36, 2.57, 2.25, 1.77, 1.52, 2.34, 2.53, 4.141, 4.878, 5.56, 5.32, 4.72, 4.38, 4.14, 4.46, 4.67, 3.32, 3.06, 2.74, 2.48, 3.7, 3.3, 2.876, 2.218, 1.81, 1.8, 1.72, 1.89, 2.26, 1.84, 1.53, 1.45, 1.8, 1.97, 1.86, 1.44, 1.59, 1.39, 1.19, 1.22, 0, 1.25, 1.73, 1.94, 1.84, 2.33, 2.04, 1.9, 2.47, 2.53, 2.86, 3.16, 3.23, 2.47, 2.48, 3.09, 3.99, 5.32, 5.42, 5.09], [5.53, 6.09, 6.36, 6.4, 6.18, 5.1, 3.94, 3.54, 3.44, 3.46, 3.63, 3.15, 2.75, 2.83, 2.63, 2.28, 2.2, 2.08, 1.98, 2.46, 3.31, 3.22, 3.06, 3.06, 3.38, 3.66, 3.25, 3.22, 2.94, 2.66, 2.319, 3.19, 3.422, 5.153, 5.971, 6.59, 6.35, 5.81, 5.49, 5.23, 5.57, 5.78, 4.41, 4.01, 3.61, 3.561, 4.709, 4.343, 3.969, 3.311, 2.78, 2.63, 2.35, 2.58, 2.95, 2.77, 2.4, 2.2, 2.65, 2.88, 2.65, 2.21, 2.4, 2.28, 1.98, 2.15, 1.25, 0, 1.06, 1.11, 1.35, 1.56, 1.33, 1.37, 1.96, 1.94, 2.31, 2.59, 2.66, 2.04, 1.97, 2.46, 3.3, 4.59, 4.65, 4.28], [5.43, 5.97, 6.24, 6.32, 6.12, 5.08, 3.82, 3.3, 3.3, 3.32, 3.55, 3.17, 2.65, 2.61, 2.41, 2.04, 2.14, 2.22, 2.06, 2.28, 3.23, 3.24, 3.04, 3.0, 3.42, 3.76, 3.31, 3.26, 3.1, 2.9, 2.65, 3.41, 3.58, 5.288, 6.14, 6.71, 6.45, 5.91, 5.61, 5.35, 5.67, 5.88, 4.49, 4.09, 3.75, 3.69, 4.843, 4.457, 4.103, 3.52, 3.06, 3.01, 2.71, 3.04, 3.55, 3.27, 2.98, 2.86, 3.19, 3.38, 2.95, 2.63, 2.88, 2.78, 2.58, 2.67, 1.73, 1.06, 0, 1.17, 1.93, 2.06, 1.81, 1.85, 2.2, 1.96, 1.97, 2.67, 2.64, 2.26, 2.33, 2.58, 3.16, 4.47, 4.45, 4.06], [5.2, 5.66, 5.97, 6.05, 5.91, 4.79, 3.31, 2.73, 2.71, 2.75, 3.04, 2.44, 2.28, 2.34, 2.3, 1.83, 1.73, 1.93, 1.97, 2.51, 3.38, 3.39, 3.17, 3.21, 3.51, 3.87, 3.46, 3.49, 3.37, 3.23, 3.0, 3.68, 3.79, 5.329, 6.33, 6.86, 6.56, 6.12, 5.74, 5.42, 5.68, 5.95, 4.66, 4.22, 3.78, 3.9, 4.9, 4.54, 4.18, 3.61, 3.17, 2.84, 2.5, 2.77, 3.2, 3.1, 2.81, 2.69, 3.1, 3.53, 3.34, 2.94, 3.13, 3.03, 2.65, 2.84, 1.94, 1.11, 1.17, 0, 1.56, 1.69, 1.52, 1.48, 1.81, 1.41, 1.62, 1.96, 1.89, 1.55, 1.66, 1.67, 2.89, 4.26, 4.08, 3.67], [5.0, 5.54, 5.83, 5.89, 5.71, 4.61, 3.29, 2.71, 2.61, 2.77, 3.0, 2.8, 2.82, 2.9, 2.72, 2.09, 2.17, 2.37, 2.57, 3.23, 3.82, 3.71, 3.57, 3.55, 3.75, 3.95, 3.54, 3.61, 3.47, 3.05, 2.8, 3.64, 3.75, 5.51, 6.35, 6.9, 6.68, 6.12, 5.82, 5.56, 5.88, 6.09, 4.72, 4.34, 4.0, 3.9, 5.073, 4.667, 4.293, 3.67, 3.07, 3.02, 2.5, 2.39, 2.5, 2.84, 2.55, 2.37, 2.7, 3.25, 3.28, 2.64, 2.87, 2.85, 2.31, 2.62, 1.84, 1.35, 1.93, 1.56, 0, 0.97, 1.04, 0.96, 1.63, 1.97, 1.8, 1.72, 1.79, 1.25, 1.32, 1.69, 2.57, 3.88, 3.84, 3.49], [4.59, 5.03, 5.32, 5.42, 5.14, 4.06, 2.96, 2.54, 2.64, 2.9, 3.27, 3.15, 3.25, 3.23, 3.05, 2.56, 2.56, 2.8, 3.02, 3.74, 4.37, 4.24, 4.12, 4.08, 4.38, 4.58, 4.17, 4.2, 3.98, 3.6, 3.23, 4.07, 4.34, 6.1, 6.92, 7.49, 7.31, 6.75, 6.43, 6.17, 6.49, 6.7, 5.35, 4.95, 4.55, 4.47, 5.67, 5.274, 4.9, 4.26, 3.66, 3.57, 3.003, 2.96, 2.99, 3.41, 3.12, 2.86, 3.17, 3.68, 3.57, 3.05, 3.2, 3.2, 2.76, 3.03, 2.33, 1.56, 2.06, 1.69, 0.97, 0, 0.79, 1.49, 1.9, 2.32, 1.91, 1.73, 1.8, 1.5, 1.43, 1.68, 2.58, 3.75, 3.77, 3.42], [4.94, 5.46, 5.75, 5.81, 5.63, 4.47, 3.23, 2.71, 2.73, 2.99, 3.38, 3.2, 3.14, 3.08, 2.88, 2.47, 2.33, 2.53, 2.65, 3.37, 3.92, 3.85, 3.69, 3.65, 3.99, 4.23, 3.82, 3.77, 3.61, 3.19, 2.9, 3.74, 3.93, 5.67, 6.51, 7.1, 6.92, 6.38, 6.02, 5.76, 6.06, 6.27, 4.98, 4.58, 4.14, 4.06, 5.26, 4.86, 4.47, 3.83, 3.23, 3.22, 2.64, 2.55, 2.68, 3.0, 2.71, 2.51, 2.84, 3.33, 3.42, 2.78, 3.01, 3.01, 2.45, 2.74, 2.04, 1.33, 1.81, 1.52, 1.04, 0.79, 0, 1.38, 1.95, 2.17, 1.94, 1.92, 2.01, 1.59, 1.34, 1.71, 2.67, 3.9, 3.86, 3.63], [5.4, 5.92, 6.17, 6.25, 6.11, 5.07, 3.67, 2.93, 2.61, 2.53, 2.74, 2.32, 2.22, 2.38, 2.32, 1.67, 1.87, 1.99, 2.03, 2.63, 3.4, 3.37, 3.19, 3.13, 3.51, 3.75, 3.34, 3.35, 3.19, 2.93, 2.7, 3.48, 3.57, 5.25, 6.11, 6.7, 6.46, 5.94, 5.58, 5.32, 5.64, 5.85, 4.52, 4.1, 3.68, 3.66, 4.82, 4.44, 4.06, 3.43, 3.03, 3.1, 2.48, 2.49, 2.72, 2.68, 2.51, 2.35, 2.74, 3.19, 3.58, 2.86, 3.03, 3.01, 2.43, 2.46, 1.9, 1.37, 1.85, 1.48, 0.96, 1.49, 1.38, 0, 1.31, 1.63, 1.7, 1.74, 1.79, 1.35, 1.6, 1.83, 2.61, 4.04, 3.96, 3.63], [5.09, 5.67, 5.9, 6.1, 5.9, 4.94, 3.5, 2.8, 2.38, 2.12, 2.11, 1.81, 1.71, 1.81, 1.75, 1.5, 1.44, 1.64, 1.72, 2.4, 3.45, 3.52, 3.3, 3.22, 3.66, 3.92, 3.53, 3.56, 3.22, 3.28, 3.19, 3.61, 3.78, 5.48, 6.28, 6.85, 6.61, 6.15, 5.83, 5.57, 5.89, 6.06, 4.67, 4.27, 3.89, 3.83, 5.03, 4.69, 4.31, 3.64, 3.64, 3.71, 3.23, 3.12, 3.11, 3.21, 2.94, 2.88, 3.41, 3.78, 4.23, 3.49, 3.64, 3.62, 3.04, 3.01, 2.47, 1.96, 2.2, 1.81, 1.63, 1.9, 1.95, 1.31, 0, 1.32, 1.43, 1.49, 1.5, 1.68, 1.97, 1.96, 2.42, 3.75, 3.63, 3.26], [5.27, 5.71, 5.9, 6.08, 5.86, 4.86, 3.3, 2.56, 2.06, 2.04, 2.11, 1.77, 1.87, 1.69, 1.71, 1.38, 1.36, 1.66, 1.7, 2.32, 3.25, 3.46, 3.22, 3.2, 3.6, 3.82, 3.45, 3.46, 3.3, 3.2, 3.09, 3.63, 3.72, 5.368, 6.22, 6.79, 6.53, 6.03, 5.67, 5.37, 5.61, 5.84, 4.45, 4.13, 3.81, 3.79, 4.841, 4.47, 4.15, 3.56, 3.42, 3.33, 2.87, 2.94, 3.19, 3.21, 2.92, 2.9, 3.31, 3.78, 3.99, 3.31, 3.48, 3.5, 3.02, 3.13, 2.53, 1.94, 1.96, 1.41, 1.97, 2.32, 2.17, 1.63, 1.32, 0, 1.27, 1.45, 1.5, 1.76, 2.19, 1.82, 2.42, 3.75, 3.61, 3.2], [4.84, 5.22, 5.43, 5.71, 5.31, 4.35, 2.89, 2.19, 1.91, 2.19, 2.4, 2.22, 2.1, 1.98, 1.86, 1.35, 1.31, 1.73, 2.03, 2.75, 3.68, 3.79, 3.55, 3.49, 3.87, 4.17, 3.76, 3.73, 3.63, 3.55, 3.38, 3.96, 3.99, 5.601, 6.51, 6.94, 6.82, 6.4, 5.98, 5.66, 6.0, 6.17, 4.78, 4.34, 4.0, 4.08, 5.116, 4.705, 4.36, 3.79, 3.63, 3.54, 2.84, 2.83, 3.12, 3.36, 3.23, 3.05, 3.46, 3.97, 4.22, 3.68, 3.85, 3.83, 3.29, 3.5, 2.86, 2.31, 1.97, 1.62, 1.8, 1.91, 1.94, 1.7, 1.43, 1.27, 0, 1.14, 1.15, 1.27, 1.7, 1.75, 2.15, 3.54, 3.32, 2.85], [4.56, 4.94, 5.15, 5.47, 5.07, 4.17, 2.71, 1.83, 1.43, 1.79, 2.06, 2.06, 2.32, 2.32, 2.28, 1.71, 1.69, 2.05, 2.37, 3.11, 3.92, 4.01, 3.75, 3.67, 4.13, 4.41, 3.96, 3.99, 3.83, 3.71, 3.6, 4.22, 4.25, 5.841, 6.75, 7.22, 7.02, 6.58, 6.16, 5.82, 6.16, 6.41, 5.04, 4.6, 4.28, 4.32, 5.38, 4.96, 4.58, 4.01, 3.97, 3.88, 3.22, 3.15, 3.16, 3.66, 3.49, 3.35, 3.66, 4.23, 4.56, 3.98, 4.17, 4.11, 3.61, 3.72, 3.16, 2.59, 2.67, 1.96, 1.72, 1.73, 1.92, 1.74, 1.49, 1.45, 1.14, 0, 0.49, 1