[[0, 0.88, 0.95, 2.16, 2.19, 2.21, 3.2, 3.66, 4.11, 4.54, 3.94, 3.71, 3.71, 3.48, 3.06, 3.14, 3.04, 2.86, 3.33, 4.05, 4.0, 3.32, 3.0, 3.35, 3.47, 3.33, 3.16, 2.93, 2.81, 2.36, 2.43, 2.56, 2.69, 2.52, 2.78, 2.804, 2.54, 2.61, 2.5, 2.66, 3.33, 3.7, 3.983, 4.103, 4.416, 4.893, 5.173, 5.216, 4.766, 4.083, 3.307, 2.65, 3.11, 3.15, 3.03, 3.39, 3.63, 4.03, 3.99, 4.1, 3.57, 3.48, 3.74, 3.66, 3.33, 3.56, 3.92, 4.29, 4.42, 4.72, 4.48, 3.56, 2.85, 2.89, 3.41, 2.77, 2.3, 1.64, 1.84, 1.68, 1.74, 2.06, 2.72, 3.06, 3.42, 3.73], [0.88, 0, 0.91, 2.4, 2.39, 2.45, 3.34, 3.74, 4.09, 4.58, 4.12, 3.91, 3.89, 3.58, 3.14, 3.26, 3.12, 2.82, 3.47, 4.29, 4.18, 3.38, 3.04, 3.37, 3.45, 3.35, 3.2, 2.95, 2.79, 2.26, 2.37, 2.48, 2.53, 2.32, 2.52, 2.67, 2.42, 2.57, 2.436, 2.52, 3.15, 3.58, 4.012, 3.966, 4.336, 4.816, 5.136, 5.156, 4.729, 4.203, 3.416, 2.71, 3.27, 3.31, 3.19, 3.63, 3.83, 4.09, 4.11, 4.1, 3.67, 3.66, 3.9, 3.8, 3.47, 3.7, 4.12, 4.49, 4.54, 4.8, 4.58, 3.6, 2.99, 2.97, 3.51, 2.97, 2.52, 1.9, 2.0, 1.86, 1.52, 1.94, 2.5, 2.86, 3.16, 3.61], [0.95, 0.91, 0, 1.85, 1.98, 1.98, 3.07, 3.67, 4.08, 4.51, 3.77, 3.4, 3.46, 3.27, 2.87, 2.95, 2.67, 2.37, 2.86, 3.64, 3.71, 3.03, 2.83, 3.18, 3.22, 3.12, 2.91, 2.7, 2.54, 2.13, 2.38, 2.53, 2.54, 2.51, 2.85, 2.814, 2.51, 2.6, 2.47, 2.59, 3.18, 3.627, 3.893, 3.793, 4.066, 4.543, 4.723, 4.826, 4.356, 3.973, 3.47, 2.66, 2.64, 2.64, 2.62, 2.9, 3.34, 3.8, 3.82, 3.57, 3.04, 2.89, 3.13, 3.07, 2.7, 2.93, 3.45, 3.8, 3.97, 4.33, 4.07, 3.13, 2.78, 2.62, 2.92, 2.54, 2.19, 1.75, 1.79, 1.41, 1.45, 2.25, 2.79, 2.97, 3.15, 3.7], [2.16, 2.4, 1.85, 0, 0.87, 0.95, 1.66, 2.38, 2.73, 3.04, 2.42, 2.17, 2.45, 2.36, 2.44, 2.36, 2.48, 2.62, 2.09, 2.55, 2.66, 2.4, 2.22, 2.43, 2.57, 2.59, 2.82, 2.95, 2.89, 2.98, 3.45, 4.009, 4.133, 4.123, 4.44, 4.542, 4.194, 3.913, 3.917, 3.932, 4.62, 5.247, 5.267, 5.093, 5.263, 5.657, 5.744, 5.667, 5.474, 5.479, 5.169, 4.156, 2.89, 2.77, 3.297, 3.774, 4.351, 4.887, 4.724, 3.86, 3.61, 3.2, 2.84, 2.94, 3.01, 2.38, 2.54, 2.69, 2.82, 3.02, 2.96, 2.86, 3.11, 2.95, 2.47, 1.93, 1.48, 1.6, 1.56, 1.64, 2.68, 3.86, 4.52, 4.56, 4.78, 5.43], [2.19, 2.39, 1.98, 0.87, 0, 0.94, 1.63, 2.25, 2.64, 2.97, 2.35, 2.14, 2.28, 2.27, 2.29, 2.23, 2.51, 2.75, 2.18, 2.82, 2.91, 2.35, 2.15, 2.3, 2.42, 2.54, 2.77, 2.74, 2.74, 3.031, 3.481, 4.002, 4.146, 4.147, 4.367, 4.583, 4.273, 4.006, 4.102, 4.104, 4.77, 5.36, 5.397, 5.212, 5.374, 5.817, 5.937, 5.817, 5.643, 5.614, 5.302, 4.269, 3.06, 2.88, 3.407, 3.952, 4.481, 5.035, 4.9, 3.95, 3.74, 3.37, 3.01, 3.15, 3.18, 2.69, 2.89, 2.98, 2.97, 3.13, 3.19, 3.29, 3.34, 3.16, 2.74, 2.14, 1.41, 1.37, 1.29, 1.63, 2.73, 3.97, 4.63, 4.69, 4.89, 5.54], [2.21, 2.45, 1.98, 0.95, 0.94, 0, 1.63, 2.55, 3.0, 3.33, 2.61, 2.4, 2.52, 2.31, 2.31, 2.25, 2.35, 2.61, 2.14, 2.72, 2.85, 2.59, 2.51, 2.8, 3.02, 3.0, 3.11, 3.16, 2.92, 2.89, 3.346, 3.956, 4.043, 4.118, 4.43, 4.471, 4.158, 3.84, 3.935, 3.924, 4.518, 5.257, 5.237, 5.077, 5.184, 5.601, 5.704, 5.577, 5.347, 5.394, 5.153, 4.12, 2.78, 2.62, 3.207, 3.729, 4.223, 4.751, 4.688, 3.75, 3.5, 3.09, 2.83, 2.95, 2.98, 2.65, 2.81, 2.98, 3.01, 3.25, 3.15, 3.05, 3.16, 3.1, 2.72, 2.18, 1.85, 1.89, 1.81, 1.95, 2.71, 3.85, 4.51, 4.51, 4.77, 5.42], [3.2, 3.34, 3.07, 1.66, 1.63, 1.63, 0, 1.18, 1.59, 1.86, 1.42, 1.25, 1.71, 1.68, 1.96, 1.88, 2.56, 3.18, 2.15, 1.87, 1.92, 2.28, 2.96, 2.99, 3.37, 3.53, 3.84, 3.87, 3.704, 3.917, 4.407, 5.032, 5.184, 5.131, 5.417, 5.619, 5.309, 4.97, 5.06, 5.049, 5.648, 6.396, 6.405, 6.196, 6.334, 6.775, 6.863, 6.649, 6.451, 6.574, 6.317, 5.259, 3.599, 2.959, 4.25, 4.847, 5.319, 5.864, 5.681, 4.457, 4.301, 4.149, 3.84, 3.94, 4.059, 3.18, 2.68, 2.55, 2.7, 2.38, 2.32, 2.98, 4.13, 3.93, 3.05, 2.49, 2.3, 2.34, 2.16, 2.5, 3.62, 4.88, 5.56, 5.58, 5.86, 6.51], [3.66, 3.74, 3.67, 2.38, 2.25, 2.55, 1.18, 0, 0.79, 1.04, 1.12, 1.25, 1.93, 1.98, 2.2, 2.1, 2.88, 3.56, 2.77, 1.95, 1.82, 2.42, 2.78, 2.69, 3.09, 3.31, 3.7, 4.07, 4.079, 4.344, 4.936, 5.506, 5.519, 5.472, 5.772, 6.062, 5.732, 5.271, 5.524, 5.609, 6.147, 6.945, 7.08, 6.806, 6.936, 7.504, 7.744, 7.424, 7.154, 7.254, 6.826, 5.753, 4.285, 3.545, 4.902, 5.482, 5.905, 6.325, 6.054, 4.841, 4.836, 4.82, 4.72, 4.82, 4.81, 3.74, 2.96, 2.83, 2.74, 2.4, 2.34, 3.18, 4.45, 4.29, 3.25, 2.59, 2.1, 2.38, 2.24, 2.84, 4.1, 5.2, 5.92, 5.96, 6.28, 6.97], [4.11, 4.09, 4.08, 2.73, 2.64, 3.0, 1.59, 0.79, 0, 0.83, 1.25, 1.52, 2.1, 2.29, 2.49, 2.47, 3.31, 3.93, 3.2, 2.26, 2.09, 2.79, 3.13, 2.96, 3.4, 3.76, 4.139, 4.369, 4.409, 4.696, 5.329, 5.925, 5.935, 5.865, 6.162, 6.472, 6.165, 5.72, 5.876, 5.962, 6.499, 7.304, 7.49, 7.21, 7.36, 7.931, 8.171, 7.871, 7.544, 7.727, 7.256, 6.186, 4.692, 4.012, 5.295, 5.952, 6.318, 6.681, 6.421, 5.193, 5.229, 5.23, 5.13, 5.25, 5.22, 4.17, 3.37, 3.14, 2.97, 2.59, 2.57, 3.45, 4.8, 4.66, 3.64, 3.02, 2.45, 2.83, 2.67, 3.25, 4.47, 5.57, 6.31, 6.39, 6.65, 7.36], [4.54, 4.58, 4.51, 3.04, 2.97, 3.33, 1.86, 1.04, 0.83, 0, 1.04, 1.69, 2.23, 2.54, 2.9, 2.86, 3.68, 4.34, 3.49, 2.57, 2.46, 3.16, 3.517, 3.15, 3.53, 4.136, 4.429, 4.779, 4.857, 5.164, 5.776, 6.367, 6.414, 6.364, 6.647, 6.957, 6.632, 6.219, 6.304, 6.407, 6.907, 7.739, 7.814, 7.534, 7.627, 8.198, 8.478, 8.178, 7.928, 8.125, 7.706, 6.633, 5.039, 4.336, 5.659, 6.336, 6.739, 7.079, 6.882, 5.672, 5.59, 5.62, 5.42, 5.56, 5.55, 4.52, 3.72, 3.35, 3.1, 2.76, 2.78, 3.82, 5.23, 5.09, 4.09, 3.47, 2.82, 3.24, 3.0, 3.6, 4.88, 6.02, 6.74, 6.88, 7.14, 7.75], [3.94, 4.12, 3.77, 2.42, 2.35, 2.61, 1.42, 1.12, 1.25, 1.04, 0, 1.13, 1.97, 2.04, 2.42, 2.28, 3.08, 3.76, 2.73, 2.03, 1.94, 2.58, 3.08, 2.81, 3.07, 3.582, 3.974, 4.127, 4.213, 4.52, 5.104, 5.703, 5.793, 5.766, 6.009, 6.319, 5.989, 5.627, 5.66, 5.706, 6.226, 7.056, 7.094, 6.874, 6.944, 7.438, 7.678, 7.438, 7.168, 7.322, 7.034, 5.962, 4.339, 3.696, 4.859, 5.567, 6.028, 6.467, 6.287, 5.074, 4.899, 4.84, 4.62, 4.76, 4.77, 3.78, 2.86, 2.49, 2.38, 2.14, 2.18, 3.1, 4.647, 4.51, 3.45, 2.89, 2.32, 2.6, 2.42, 2.88, 4.18, 5.44, 6.12, 6.26, 6.52, 7.11], [3.71, 3.91, 3.4, 2.17, 2.14, 2.4, 1.25, 1.25, 1.52, 1.69, 1.13, 0, 1.2, 1.35, 1.77, 1.57, 2.37, 3.05, 1.98, 1.44, 1.47, 1.93, 2.49, 2.46, 2.74, 3.06, 3.47, 3.434, 3.514, 3.801, 4.352, 4.987, 5.117, 5.05, 5.29, 5.583, 5.253, 4.911, 4.924, 4.973, 5.51, 6.32, 6.329, 6.167, 6.252, 6.677, 6.917, 6.657, 6.412, 6.564, 6.282, 5.229, 3.609, 2.958, 4.14, 4.817, 5.303, 5.754, 5.571, 4.358, 4.183, 4.09, 3.81, 3.95, 4.0, 3.05, 2.45, 2.2, 2.31, 1.95, 1.99, 2.71, 3.937, 3.797, 2.8, 2.26, 2.09, 2.37, 2.21, 2.35, 3.47, 4.75, 5.41, 5.53, 5.79, 6.4], [3.71, 3.89, 3.46, 2.45, 2.28, 2.52, 1.71, 1.93, 2.1, 2.23, 1.97, 1.2, 0, 0.87, 1.15, 1.23, 1.77, 2.41, 1.6, 1.48, 1.45, 1.75, 2.21, 2.34, 2.48, 2.72, 3.01, 2.96, 2.92, 3.187, 3.717, 4.302, 4.352, 4.362, 4.585, 4.895, 4.565, 4.234, 4.347, 4.35, 4.902, 5.681, 5.718, 5.458, 5.591, 6.105, 6.274, 6.008, 5.815, 5.952, 5.627, 4.534, 2.923, 2.263, 3.546, 4.186, 4.627, 5.091, 4.926, 3.722, 3.56, 3.487, 3.31, 3.39, 3.4, 2.57, 2.23, 2.24, 2.25, 2.05, 1.99, 2.71, 3.44, 3.22, 2.42, 1.98, 2.33, 2.45, 2.29, 2.59, 3.11, 4.15, 4.75, 4.83, 5.11, 5.72], [3.48, 3.58, 3.27, 2.36, 2.27, 2.31, 1.68, 1.98, 2.29, 2.54, 2.04, 1.35, 0.87, 0, 0.74, 0.66, 1.24, 1.92, 1.33, 1.47, 1.2, 1.26, 1.72, 1.85, 2.15, 2.31, 2.6, 2.61, 2.45, 2.717, 3.333, 3.923, 3.988, 3.957, 4.221, 4.491, 4.164, 3.787, 3.857, 3.909, 4.424, 5.242, 5.337, 5.057, 5.161, 5.721, 6.001, 5.701, 5.448, 5.628, 5.223, 4.17, 2.559, 1.95, 3.179, 3.839, 4.242, 4.579, 4.399, 3.209, 3.113, 3.14, 2.94, 3.08, 3.07, 2.22, 1.82, 1.87, 1.84, 1.74, 1.56, 2.16, 2.81, 2.67, 1.99, 1.65, 2.08, 2.38, 2.22, 2.42, 2.9, 3.86, 4.44, 4.54, 4.72, 5.27], [3.06, 3.14, 2.87, 2.44, 2.29, 2.31, 1.96, 2.2, 2.49, 2.9, 2.42, 1.77, 1.15, 0.74, 0, 0.64, 1.16, 1.72, 1.65, 1.89, 1.7, 1.46, 1.76, 1.87, 2.09, 2.37, 2.72, 2.59, 2.29, 2.369, 3.039, 3.649, 3.648, 3.598, 3.855, 4.165, 3.838, 3.393, 3.529, 3.652, 4.132, 4.997, 5.2, 4.92, 5.041, 5.601, 5.881, 5.581, 5.237, 5.42, 4.929, 3.876, 2.422, 1.87, 2.985, 3.685, 4.022, 4.294, 4.062, 2.92, 2.93, 2.96, 2.98, 3.0, 2.95, 2.48, 2.22, 2.21, 2.18, 2.2, 2.02, 2.18, 2.67, 2.45, 2.11, 1.67, 2.1, 2.24, 2.1, 2.48, 2.6, 3.42, 4.06, 4.14, 4.34, 5.03], [3.14, 3.26, 2.95, 2.36, 2.23, 2.25, 1.88, 2.1, 2.47, 2.86, 2.28, 1.57, 1.23, 0.66, 0.64, 0, 1.08, 1.68, 1.33, 1.63, 1.4, 1.2, 1.62, 1.71, 1.97, 2.21, 2.6, 2.53, 2.27, 2.403, 3.053, 3.643, 3.711, 3.623, 3.887, 4.197, 3.849, 3.43, 3.523, 3.629, 4.144, 4.977, 5.12, 4.846, 4.982, 5.547, 5.847, 5.527, 5.172, 5.36, 4.943, 3.91, 2.322, 1.83, 2.911, 3.625, 3.986, 4.285, 4.079, 2.96, 2.85, 2.86, 2.84, 2.96, 2.89, 2.24, 1.96, 2.03, 2.08, 1.94, 1.78, 2.0, 2.55, 2.43, 2.01, 1.69, 2.04, 2.28, 2.14, 2.42, 2.78, 3.64, 4.24, 4.34, 4.46, 5.01], [3.04, 3.12, 2.67, 2.48, 2.51, 2.35, 2.56, 2.88, 3.31, 3.68, 3.08, 2.37, 1.77, 1.24, 1.16, 1.08, 0, 0.84, 0.91, 1.79, 1.62, 1.18, 1.54, 1.73, 1.91, 2.05, 2.18, 2.11, 1.79, 1.78, 2.49, 3.06, 3.01, 3.04, 3.34, 3.496, 3.16, 2.75, 2.84, 2.869, 3.386, 4.179, 4.286, 4.018, 4.21, 4.77, 5.09, 4.73, 4.418, 4.591, 4.203, 3.19, 1.61, 1.29, 2.27, 2.814, 3.274, 3.533, 3.31, 2.18, 2.13, 2.28, 2.2, 2.2, 2.21, 1.72, 1.66, 1.97, 2.02, 2.22, 1.8, 1.6, 2.07, 1.87, 1.71, 1.67, 2.34, 2.48, 2.34, 2.5, 2.46, 3.28, 3.78, 3.88, 4.0, 4.45], [2.86, 2.82, 2.37, 2.62, 2.75, 2.61, 3.18, 3.56, 3.93, 4.34, 3.76, 3.05, 2.41, 1.92, 1.72, 1.68, 0.84, 0, 1.17, 2.33, 2.18, 1.44, 1.64, 1.91, 1.93, 1.97, 2.0, 1.81, 1.51, 1.52, 2.21, 2.72, 2.55, 2.58, 2.86, 2.89, 2.6, 2.27, 2.28, 2.32, 2.78, 3.522, 3.637, 3.403, 3.598, 4.155, 4.513, 4.138, 3.825, 3.962, 3.58, 2.67, 1.43, 1.29, 1.85, 2.17, 2.75, 2.89, 2.69, 1.82, 1.71, 2.08, 2.0, 2.06, 1.89, 1.58, 1.86, 2.33, 2.42, 2.84, 2.38, 1.48, 1.77, 1.59, 1.63, 1.71, 2.44, 2.44, 2.38, 2.46, 2.26, 2.94, 3.32, 3.42, 3.56, 4.03], [3.33, 3.47, 2.86, 2.09, 2.18, 2.14, 2.15, 2.77, 3.2, 3.49, 2.73, 1.98, 1.6, 1.33, 1.65, 1.33, 0.91, 1.17, 0, 1.3, 1.37, 1.09, 1.67, 1.84, 1.94, 1.98, 2.05, 2.0, 1.88, 2.15, 2.78, 3.43, 3.4, 3.43, 3.65, 3.8, 3.47, 3.16, 3.17, 3.19, 3.73, 4.4, 4.458, 4.244, 4.354, 4.794, 5.054, 4.734, 4.529, 4.783, 4.51, 3.58, 1.94, 1.54, 2.46, 2.98, 3.44, 3.946, 3.76, 2.59, 2.46, 2.45, 2.19, 2.31, 2.34, 1.61, 1.51, 1.64, 1.83, 1.97, 1.55, 1.73, 2.44, 2.28, 1.7, 1.64, 2.23, 2.39, 2.27, 2.29, 2.81, 3.85, 4.33, 4.33, 4.45, 4.98], [4.05, 4.29, 3.64, 2.55, 2.82, 2.72, 1.87, 1.95, 2.26, 2.57, 2.03, 1.44, 1.48, 1.47, 1.89, 1.63, 1.79, 2.33, 1.3, 0, 0.59, 1.49, 2.15, 2.26, 2.48, 2.48, 2.73, 2.94, 2.86, 3.09, 3.64, 4.25, 4.32, 4.39, 4.61, 4.794, 4.444, 4.12, 4.25, 4.224, 4.744, 5.514, 5.581, 5.397, 5.527, 5.951, 6.074, 5.891, 5.569, 5.698, 5.43, 4.48, 2.82, 2.36, 3.48, 3.935, 4.452, 5.011, 4.848, 3.618, 3.54, 3.31, 3.19, 3.31, 3.3, 2.35, 1.63, 1.62, 1.73, 1.59, 1.27, 1.87, 3.28, 3.24, 2.22, 2.1, 2.57, 3.03, 3.01, 2.85, 3.75, 4.85, 5.35, 5.27, 5.43, 6.0], [4.0, 4.18, 3.71, 2.66, 2.91, 2.85, 1.92, 1.82, 2.09, 2.46, 1.94, 1.47, 1.45, 1.2, 1.7, 1.4, 1.62, 2.18, 1.37, 0.59, 0, 1.2, 1.9, 2.01, 2.35, 2.29, 2.56, 2.81, 2.75, 3.02, 3.65, 4.2, 4.19, 4.24, 4.46, 4.733, 4.343, 3.95, 4.14, 4.163, 4.723, 5.473, 5.543, 5.286, 5.436, 5.984, 6.224, 5.904, 5.631, 5.759, 5.4, 4.43, 2.79, 2.29, 3.49, 3.942, 4.436, 4.898, 4.735, 3.472, 3.41, 3.36, 3.26, 3.38, 3.37, 2.38, 1.52, 1.47, 1.52, 1.3, 1.0, 1.68, 3.15, 3.07, 2.01, 1.89, 2.36, 2.92, 2.92, 2.84, 3.56, 4.6, 5.14, 5.1, 5.32, 5.85], [3.32, 3.38, 3.03, 2.4, 2.35, 2.59, 2.28, 2.42, 2.79, 3.16, 2.58, 1.93, 1.75, 1.26, 1.46, 1.2, 1.18, 1.44, 1.09, 1.49, 1.2, 0, 1.0, 1.19, 1.39, 1.47, 1.68, 1.81, 1.83, 2.16, 2.83, 3.44, 3.47, 3.4, 3.64, 3.933, 3.583, 3.21, 3.28, 3.329, 3.861, 4.654, 4.832, 4.603, 4.775, 5.335, 5.653, 5.295, 4.903, 5.054, 4.66, 3.65, 2.31, 2.03, 2.85, 3.311, 3.76, 4.051, 3.825, 2.72, 2.67, 2.92, 2.7, 2.88, 2.85, 1.82, 1.6, 1.79, 1.72, 1.8, 1.54, 1.42, 2.31, 2.17, 1.53, 1.45, 1.84, 2.14, 1.96, 2.24, 2.88, 3.78, 4.34, 4.5, 4.6, 4.99], [3.0, 3.04, 2.83, 2.22, 2.15, 2.51, 2.96, 2.78, 3.13, 3.517, 3.08, 2.49, 2.21, 1.72, 1.76, 1.62, 1.54, 1.64, 1.67, 2.15, 1.9, 1.0, 0, 0.73, 0.99, 1.03, 1.24, 1.45, 1.53, 1.86, 2.51, 3.2, 3.19, 3.02, 3.3, 3.576, 3.229, 2.83, 2.94, 3.027, 3.527, 4.377, 4.62, 4.443, 4.633, 5.193, 5.553, 5.167, 4.76, 4.797, 4.34, 3.35, 2.31, 2.39, 2.71, 3.17, 3.6, 3.757, 3.51, 2.82, 2.69, 2.76, 2.6, 2.8, 2.69, 1.88, 2.02, 2.31, 1.98, 2.34, 2.18, 1.98, 2.07, 2.13, 1.59, 1.45, 1.46, 1.66, 1.56, 1.86, 2.68, 3.46, 4.04, 4.24, 4.36, 4.73], [3.35, 3.37, 3.18, 2.43, 2.3, 2.8, 2.99, 2.69, 2.96, 3.15, 2.81, 2.46, 2.34, 1.85, 1.87, 1.71, 1.73, 1.91, 1.84, 2.26, 2.01, 1.19, 0.73, 0, 0.96, 1.26, 1.52, 1.827, 2.02, 2.29, 2.96, 3.61, 3.58, 3.476, 3.716, 4.009, 3.679, 3.272, 3.376, 3.477, 3.994, 4.847, 5.048, 4.873, 5.063, 5.623, 5.963, 5.637, 5.244, 5.287, 4.776, 3.8, 2.58, 2.58, 3.12, 3.64, 4.061, 4.221, 3.952, 2.99, 2.98, 3.13, 2.97, 3.13, 3.06, 2.13, 2.15, 2.34, 1.93, 2.29, 2.31, 2.11, 2.5, 2.42, 1.8, 1.68, 1.55, 2.03, 1.87, 2.21, 3.07, 3.91, 4.41, 4.55, 4.67, 5.14], [3.47, 3.45, 3.22, 2.57, 2.42, 3.02, 3.37, 3.09, 3.4, 3.53, 3.07, 2.74, 2.48, 2.15, 2.09, 1.97, 1.91, 1.93, 1.94, 2.48, 2.35, 1.39, 0.99, 0.96, 0, 0.98, 1.23, 1.54, 1.58, 1.97, 2.78, 3.33, 3.24, 3.13, 3.35, 3.68, 3.39, 2.9, 3.03, 3.19, 3.69, 4.521, 4.744, 4.495, 4.714, 5.274, 5.634, 5.357, 4.924, 4.998, 4.43, 3.58, 2.48, 2.64, 2.9, 3.26, 3.78, 3.92, 3.54, 2.91, 2.92, 2.97, 2.75, 2.95, 2.86, 2.13, 2.29, 2.6, 2.33, 2.73, 2.53, 2.29, 2.32, 2.22, 2.0, 1.72, 1.75, 2.13, 2.03, 2.29, 3.01, 3.85, 4.41, 4.47, 4.55, 5.06], [3.33, 3.35, 3.12, 2.59, 2.54, 3.0, 3.53, 3.31, 3.76, 4.136, 3.582, 3.06, 2.72, 2.31, 2.37, 2.21, 2.05, 1.97, 1.98, 2.48, 2.29, 1.47, 1.03, 1.26, 0.98, 0, 0.81, 0.9, 1.12, 1.57, 2.32, 2.99, 2.84, 2.55, 2.81, 3.04, 2.71, 2.36, 2.49, 2.71, 3.25, 4.06, 4.28, 4.14, 4.45, 4.95, 5.21, 4.99, 4.54, 4.48, 3.91, 3.1, 2.3, 2.4, 2.66, 2.84, 3.38, 3.56, 3.14, 2.67, 2.76, 2.79, 2.63, 2.75, 2.64, 1.91, 2.07, 2.44, 2.37, 2.85, 2.59, 2.17, 1.9, 2.04, 1.86, 1.58, 1.79, 2.01, 2.01, 2.23, 2.97, 3.67, 4.21, 4.33, 4.47, 4.82], [3.16, 3.2, 2.91, 2.82, 2.77, 3.11, 3.84, 3.7, 4.139, 4.429, 3.974, 3.47, 3.01, 2.6, 2.72, 2.6, 2.18, 2.0, 2.05, 2.73, 2.56, 1.68, 1.24, 1.52, 1.23, 0.81, 0, 0.89, 1.05, 1.56, 2.29, 2.76, 2.53, 2.3, 2.58, 2.79, 2.44, 2.27, 2.32, 2.42, 3.04, 3.67, 3.89, 3.75, 4.14, 4.62, 4.8, 4.7, 4.23, 4.11, 3.7, 2.81, 2.31, 2.35, 2.39, 2.47, 3.05, 3.19, 3.01, 2.56, 2.61, 2.66, 2.54, 2.7, 2.51, 1.98, 2.2, 2.49, 2.44, 3.0, 2.72, 2.34, 1.95, 2.07, 2.05, 1.85, 2.0, 2.18, 2.22, 2.06, 2.72, 3.44, 3.94, 4.02, 4.16, 4.49], [2.93, 2.95, 2.7, 2.95, 2.74, 3.16, 3.87, 4.07, 4.369, 4.779, 4.127, 3.434, 2.96, 2.61, 2.59, 2.53, 2.11, 1.81, 2.0, 2.94, 2.81, 1.81, 1.45, 1.827, 1.54, 0.9, 0.89, 0, 0.64, 1.11, 1.86, 2.39, 2.3, 2.01, 2.21, 2.44, 2.09, 2.06, 1.91, 2.05, 2.59, 3.32, 3.5, 3.42, 3.69, 4.19, 4.47, 4.29, 3.84, 3.78, 3.33, 2.52, 2.12, 2.12, 2.12, 2.28, 2.72, 2.94, 2.72, 2.45, 2.34, 2.35, 2.35, 2.41, 2.2, 1.97, 2.33, 2.64, 2.75, 3.23, 2.97, 2.37, 2.0, 2.02, 2.1, 2.06, 2.33, 2.09, 2.13, 2.15, 2.45, 3.19, 3.67, 3.79, 3.87, 4.2], [2.81, 2.79, 2.54, 2.89, 2.74, 2.92, 3.704, 4.079, 4.409, 4.857, 4.213, 3.514, 2.92, 2.45, 2.29, 2.27, 1.79, 1.51, 1.88, 2.86, 2.75, 1.83, 1.53, 2.02, 1.58, 1.12, 1.05, 0.64, 0, 0.77, 1.66, 2.17, 2.0, 1.83, 2.09, 2.32, 1.97, 1.8, 1.75, 1.93, 2.37, 3.22, 3.42, 3.26, 3.63, 4.05, 4.29, 4.05, 3.6, 3.64, 3.19, 2.36, 1.72, 1.72, 1.72, 2.02, 2.48, 2.64, 2.42, 2.09, 1.98, 1.95, 2.01, 2.05, 1.86, 1.79, 2.17, 2.52, 2.67, 3.17, 2.89, 2.27, 1.7, 1.66, 2.04, 2.0, 2.39, 2.13, 2.17, 2.25, 2.29, 3.07, 3.53, 3.55, 3.67, 4.02], [2.36, 2.26, 2.13, 2.98, 3.031, 2.89, 3.917, 4.344, 4.696, 5.164, 4.52, 3.801, 3.187, 2.717, 2.369, 2.403, 1.78, 1.52, 2.15, 3.09, 3.02, 2.16, 1.86, 2.29, 1.97, 1.57, 1.56, 1.11, 0.77, 0, 1.11, 1.76, 1.71, 1.5, 1.72, 1.93, 1.62, 1.39, 1.34, 1.5, 1.92, 2.83, 3.09, 2.99, 3.28, 3.78, 4.08, 3.76, 3.31, 3.27, 2.72, 1.85, 1.55, 1.61, 1.53, 2.03, 2.25, 2.51, 2.39, 2.24, 1.97, 1.94, 2.16, 2.06, 1.85, 2.04, 2.44, 2.91, 2.98, 3.48, 3.1, 2.2, 1.65, 1.67, 2.19, 2.17, 2.64, 2.404, 2.42, 2.28, 1.9, 2.44, 2.9, 3.06, 3.16, 3.49], [2.43, 2.37, 2.38, 3.45, 3.481, 3.346, 4.407, 4.936, 5.329, 5.776, 5.104, 4.352, 3.717, 3.333, 3.039, 3.053, 2.49, 2.21, 2.78, 3.64, 3.65, 2.83, 2.51, 2.96, 2.78, 2.32, 2.29, 1.86, 1.66, 1.11, 0, 1.13, 1.56, 1.27, 1.65, 1.6, 1.41, 1.04, 1.05, 1.15, 1.61, 2.34, 2.64, 2.64, 2.81, 3.31, 3.49, 3.35, 2.88, 2.66, 2.15, 1.34, 1.94, 2.24, 1.72, 2.48, 2.5, 2.86, 2.98, 3.03, 2.64, 2.57, 2.77, 2.67, 2.44, 2.71, 3.03, 3.54, 3.63, 4.13, 3.75, 2.85, 2.16, 2.24, 2.8, 2.78, 3.194, 2.914, 2.954, 2.73, 1.91, 1.79, 2.21, 2.29, 2.49, 2.88], [2.56, 2.48, 2.53, 4.009, 4.002, 3.956, 5.032, 5.506, 5.925, 6.367, 5.703, 4.987, 4.302, 3.923, 3.649, 3.643, 3.06, 2.72, 3.43, 4.25, 4.2, 3.44, 3.2, 3.61, 3.33, 2.99, 2.76, 2.39, 2.17, 1.76, 1.13, 0, 0.77, 1.18, 1.44, 1.35, 1.32, 1.37, 1.52, 1.54, 1.9, 2.19, 2.65, 2.67, 2.84, 3.42, 3.54, 3.54, 3.19, 2.67, 2.06, 1.63, 2.39, 2.77, 2.25, 2.85, 2.87, 3.23, 3.35, 3.5, 3.13, 3.06, 3.3, 3.14, 2.91, 3.24, 3.56, 4.15, 4.24, 4.72, 4.36, 3.42, 2.75, 2.81, 3.29, 3.25, 3.647, 3.475, 3.647, 3.14, 1.8, 1.7, 2.02, 1.88, 1.86, 2.33], [2.69, 2.53, 2.54, 4.133, 4.146, 4.043, 5.184, 5.519, 5.935, 6.414, 5.793, 5.117, 4.352, 3.988, 3.648, 3.711, 3.01, 2.55, 3.4, 4.32, 4.19, 3.47, 3.19, 3.58, 3.24, 2.84, 2.53, 2.3, 2.0, 1.71, 1.56, 0.77, 0, 0.97, 1.29, 1.16, 1.17, 1.26, 1.51, 1.61, 1.83, 2.14, 2.52, 2.56, 2.85, 3.39, 3.49, 3.51, 3.16, 2.7, 2.05, 1.76, 2.34, 2.64, 2.1, 2.46, 2.58, 2.86, 2.94, 3.01, 2.76, 2.71, 2.97, 2.83, 2.58, 3.03, 3.33, 3.94, 4.11, 4.69, 4.31, 3.35, 2.48, 2.52, 3.16, 3.26, 3.731, 3.578, 3.763, 3.248, 1.89, 1.95, 2.13, 2.05, 2.03, 2.46], [2.52, 2.32, 2.51, 4.123, 4.147, 4.118, 5.131, 5.472, 5.865, 6.364, 5.766, 5.05, 4.362, 3.957, 3.598, 3.623, 3.04, 2.58, 3.43, 4.39, 4.24, 3.4, 3.02, 3.476, 3.13, 2.55, 2.3, 2.01, 1.83, 1.5, 1.27, 1.18, 0.97, 0, 0.84, 0.91, 0.84, 1.01, 0.96, 1.16, 1.62, 2.03, 2.37, 2.53, 2.84, 3.36, 3.46, 3.5, 3.07, 2.49, 1.84, 1.55, 2.37, 2.77, 2.19, 2.49, 2.57, 2.79, 2.63, 2.94, 2.75, 2.86, 3.06, 2.92, 2.65, 3.06, 3.52, 3.99, 4.2, 4.72, 4.4, 3.36, 2.19, 2.37, 3.31, 3.37, 3.829, 3.441, 3.59, 3.129, 1.98, 1.7, 2.06, 2.2, 2.4, 2.63], [2.78, 2.52, 2.85, 4.44, 4.367, 4.43, 5.417, 5.772, 6.162, 6.647, 6.009, 5.29, 4.585, 4.221, 3.855, 3.887, 3.34, 2.86, 3.65, 4.61, 4.46, 3.64, 3.3, 3.716, 3.35, 2.81, 2.58, 2.21, 2.09, 1.72, 1.65, 1.44, 1.29, 0.84, 0, 0.83, 0.86, 1.45, 1.36, 1.52, 2.0, 2.35, 2.73, 3.01, 3.26, 3.7, 3.86, 3.88, 3.49, 2.79, 1.98, 1.87, 2.83, 3.05, 2.73, 2.93, 3.17, 3.41, 3.31, 3.44, 3.19, 3.26, 3.5, 3.4, 3.09, 3.34, 3.76, 4.25, 4.44, 4.98, 4.6, 3.62, 2.59, 2.75, 3.55, 3.55, 4.047, 3.641, 3.788, 3.363, 2.12, 1.86, 2.0, 2.26, 2.5, 2.81], [2.804, 2.67, 2.814, 4.542, 4.583, 4.471, 5.619, 6.062, 6.472, 6.957, 6.319, 5.583, 4.895, 4.491, 4.165, 4.197, 3.496, 2.89, 3.8, 4.794, 4.733, 3.933, 3.576, 4.009, 3.68, 3.04, 2.79, 2.44, 2.32, 1.93, 1.6, 1.35, 1.16, 0.91, 0.83, 0, 0.75, 1.26, 1.09, 1.27, 1.71, 1.98, 2.42, 2.72, 3.01, 3.47, 3.57, 3.61, 3.26, 2.56, 1.73, 1.66, 2.62, 2.94, 2.38, 2.72, 2.76, 3.06, 2.98, 3.29, 3.04, 3.05, 3.33, 3.17, 2.88, 3.27, 3.83, 4.44, 4.747, 5.273, 4.87, 3.61, 2.36, 2.58, 3.48, 3.718, 4.279, 3.828, 4.042, 3.516, 2.286, 1.79, 1.87, 2.07, 2.23, 2.6], [2.54, 2.42, 2.51, 4.194, 4.273, 4.158, 5.309, 5.732, 6.165, 6.632, 5.989, 5.253, 4.565, 4.164, 3.838, 3.849, 3.16, 2.6, 3.47, 4.444, 4.343, 3.583, 3.229, 3.679, 3.39, 2.71, 2.44, 2.09, 1.97, 1.62, 1.41, 1.32, 1.17, 0.84, 0.86, 0.75, 0, 0.91, 0.92, 1.08, 1.64, 1.87, 2.29, 2.53, 2.78, 3.22, 3.34, 3.36, 2.95, 2.29, 1.6, 1.31, 2.37, 2.67, 2.21, 2.43, 2.59, 2.87, 2.81, 3.04, 2.77, 2.8, 3.06, 2.9, 2.61, 3.02, 3.54, 4.09, 4.44, 4.96, 4.503, 3.24, 2.19, 2.33, 3.19, 3.331, 3.921, 3.51, 3.738, 3.206, 2.125, 1.76, 1.88, 2.04, 2.3, 2.53], [2.61, 2.57, 2.6, 3.913, 4.006, 3.84, 4.97, 5.271, 5.72, 6.219, 5.627, 4.911, 4.234, 3.787, 3.393, 3.43, 2.75, 2.27, 3.16, 4.12, 3.95, 3.21, 2.83, 3.272, 2.9, 2.36, 2.27, 2.06, 1.8, 1.39, 1.04, 1.37, 1.26, 1.01, 1.45, 1.26, 0.91, 0, 0.75, 0.85, 1.37, 2.06, 2.32, 2.36, 2.63, 3.11, 3.25, 3.07, 2.72, 2.38, 1.83, 1.18, 2.06, 2.5, 1.74, 2.24, 2.28, 2.46, 2.38, 2.71, 2.5, 2.55, 2.79, 2.67, 2.36, 2.75, 3.27, 3.78, 4.09, 4.63, 4.15, 3.03, 2.08, 2.22, 2.92, 2.94, 3.542, 3.265, 3.397, 3.08, 2.21, 1.87, 2.11, 2.17, 2.37, 2.66], [2.5, 2.436, 2.47, 3.917, 4.102, 3.935, 5.06, 5.524, 5.876, 6.304, 5.66, 4.924, 4.347, 3.857, 3.529, 3.523, 2.84, 2.28, 3.17, 4.25, 4.14, 3.28, 2.94, 3.376, 3.03, 2.49, 2.32, 1.91, 1.75, 1.34, 1.05, 1.52, 1.51, 0.96, 1.36, 1.09, 0.92, 0.75, 0, 0.62, 1.28, 1.95, 2.13, 2.29, 2.62, 2.98, 3.3, 3.2, 2.75, 2.31, 1.7, 1.05, 2.03, 2.49, 1.73, 2.23, 2.25, 2.43, 2.45, 2.72, 2.47, 2.56, 2.72, 2.68, 2.39, 2.8, 3.42, 3.89, 4.12, 4.64, 4.18, 3.04, 1.93, 2.09, 3.03, 3.19, 3.749, 3.297, 3.434, 3.067, 2.24, 1.78, 2.06, 2.32, 2.44, 2.65], [2.66, 2.52, 2.59, 3.932, 4.104, 3.924, 5.049, 5.609, 5.962, 6.407, 5.706, 4.973, 4.35, 3.909, 3.652, 3.629, 2.869, 2.32, 3.19, 4.224, 4.163, 3.329, 3.027, 3.477, 3.19, 2.71, 2.42, 2.05, 1.93, 1.5, 1.15, 1.54, 1.61, 1.16, 1.52, 1.27, 1.08, 0.85, 0.62, 0, 1.1, 1.69, 1.91, 2.05, 2.3, 2.66, 2.94, 2.9, 2.41, 2.01, 1.58, 1.03, 2.03, 2.51, 1.75, 2.17, 2.17, 2.47, 2.57, 2.78, 2.55, 2.52, 2.76, 2.68, 2.39, 2.72, 3.34, 3.91, 4.2, 4.76, 4.26, 2.94, 2.17, 2.23, 2.99, 3.208, 3.815, 3.335, 3.49, 3.116, 2.28, 1.76, 1.88, 2.08, 2.22, 2.45], [3.33, 3.15, 3.18, 4.62, 4.77, 4.518, 5.648, 6.147, 6.499, 6.907, 6.226, 5.51, 4.902, 4.424, 4.132, 4.144, 3.386, 2.78, 3.73, 4.744, 4.723, 3.861, 3.527, 3.994, 3.69, 3.25, 3.04, 2.59, 2.37, 1.92, 1.61, 1.9, 1.83, 1.62, 2.0, 1.71, 1.64, 1.37, 1.28, 1.1, 0, 1.25, 1.37, 1.35, 1.66, 2.08, 2.38, 2.28, 1.87, 1.63, 1.32, 1.19, 2.21, 2.85, 1.77, 2.11, 1.93, 1.91, 2.17, 2.78, 2.59, 2.5, 2.6, 2.5, 2.27, 2.98, 3.8, 4.39, 4.54, 5.103, 4.726, 3.4, 2.41, 2.43, 3.13, 3.731, 4.384, 4.061, 4.078, 3.787, 2.708, 2.16, 2.06, 1.96, 1.96, 1.95], [3.7, 3.58, 3.627, 5.247, 5.36, 5.257, 6.396, 6.945, 7.304, 7.739, 7.056, 6.32, 5.681, 5.242, 4.997, 4.977, 4.179, 3.522, 4.4, 5.514, 5.473, 4.654, 4.377, 4.847, 4.521, 4.06, 3.67, 3.32, 3.22, 2.83, 2.34, 2.19, 2.14, 2.03, 2.35, 1.98, 1.87, 2.06, 1.95, 1.69, 1.25, 0, 0.8, 1.0, 1.33, 1.63, 1.93, 1.87, 1.7, 1.28, 1.15, 1.54, 2.94, 3.56, 2.36, 2.24, 2.2, 2.24, 2.62, 3.19, 3.0, 2.87, 3.01, 2.89, 2.68, 3.55, 4.51, 5.14, 5.347, 5.868, 5.516, 4.12, 3.115, 3.0, 3.881, 4.633, 5.183, 4.745, 4.94, 4.351, 3.146, 2.349, 2.11, 1.95, 1.89, 1.84], [3.983, 4.012, 3.893, 5.267, 5.397, 5.237, 6.405, 7.08, 7.49, 7.814, 7.094, 6.329, 5.718, 5.337, 5.2, 5.12, 4.286, 3.637, 4.458, 5.581, 5.543, 4.832, 4.62, 5.048, 4.744, 4.28, 3.89, 3.5, 3.42, 3.09, 2.64, 2.65, 2.52, 2.37, 2.73, 2.42, 2.29, 2.32, 2.13, 1.91, 1.37, 0.8, 0, 0.6, 0.99, 1.35, 1.73, 1.67, 1.54, 1.44, 1.59, 1.74, 2.941, 3.578, 2.36, 2.16, 2.18, 2.18, 2.6, 3.25, 3.02, 2.75, 2.87, 2.77, 2.58, 3.514, 4.47, 5.02, 5.308, 5.885, 5.548, 4.343, 3.284, 3.121, 4.099, 4.859, 5.406, 4.98, 5.123, 4.434, 3.412, 2.632, 2.398, 2.241, 2.264, 2.14], [4.103, 3.966, 3.793, 5.093, 5.212, 5.077, 6.196, 6.806, 7.21, 7.534, 6.874, 6.167, 5.458, 5.057, 4.92, 4.846, 4.018, 3.403, 4.244, 5.397, 5.286, 4.603, 4.443, 4.873, 4.495, 4.14, 3.75, 3.42, 3.26, 2.99, 2.64, 2.67, 2.56, 2.53, 3.01, 2.72, 2.53, 2.36, 2.29, 2.05, 1.35, 1.0, 0.6, 0, 0.77, 1.17, 1.63, 1.55, 1.4, 1.52, 1.73, 1.88, 2.76, 3.358, 2.24, 2.2, 2.08, 2.06, 2.54, 3.13, 2.96, 2.73, 2.83, 2.67, 2.52, 3.43, 4.37, 4.96, 5.128, 5.676, 5.268, 4.243, 3.344, 3.161, 3.893, 4.61, 5.163, 4.991, 5.043, 4.374, 3.361, 2.809, 2.538, 2.241, 2.19, 2.22], [4.416, 4.336, 4.066, 5.263, 5.374, 5.184, 6.334, 6.936, 7.36, 7.627, 6.944, 6.252, 5.591, 5.161, 5.041, 4.982, 4.21, 3.598, 4.354, 5.527, 5.436, 4.775, 4.633, 5.063, 4.714, 4.45, 4.14, 3.69, 3.63, 3.28, 2.81, 2.84, 2.85, 2.84, 3.26, 3.01, 2.78, 2.63, 2.62, 2.3, 1.66, 1.33, 0.99, 0.77, 0, 1.0, 1.5, 1.42, 1.39, 1.59, 1.98, 2.21, 3.07, 3.57, 2.49, 2.57, 2.27, 2.23, 2.81, 3.36, 3.21, 2.88, 3.0, 2.94, 2.79, 3.76, 4.64, 5.17, 5.32, 5.841, 5.421, 4.498, 3.73, 3.53, 4.163, 4.868, 5.358, 5.301, 5.278, 4.676, 3.665, 3.076, 2.66, 2.3, 2.18, 2.37], [4.893, 4.816, 4.543, 5.657, 5.817, 5.601, 6.775, 7.504, 7.931, 8.198, 7.438, 6.677, 6.105, 5.721, 5.601, 5.547, 4.77, 4.155, 4.794, 5.951, 5.984, 5.335, 5.193, 5.623, 5.274, 4.95, 4.62, 4.19, 4.05, 3.78, 3.31, 3.42, 3.39, 3.36, 3.7, 3.47, 3.22, 3.11, 2.98, 2.66, 2.08, 1.63, 1.35, 1.17, 1.0, 0, 0.8, 0.9, 1.01, 1.35, 2.1, 2.67, 3.53, 4.05, 2.93, 2.93, 2.83, 2.85, 3.41, 3.96, 3.77, 3.38, 3.36, 3.38, 3.13, 4.14, 5.1, 5.51, 5.741, 6.281, 5.921, 4.975, 4.15, 3.97, 4.663, 5.4, 5.927, 5.718, 5.755, 5.11, 4.188, 3.556, 3.099, 2.639, 2.456, 2.29], [5.173, 5.136, 4.723, 5.744, 5.937, 5.704, 6.863, 7.744, 8.171, 8.478, 7.678, 6.917, 6.274, 6.001, 5.881, 5.847, 5.09, 4.513, 5.054, 6.074, 6.224, 5.653, 5.553, 5.963, 5.634, 5.21, 4.8, 4.47, 4.29, 4.08, 3.49, 3.54, 3.49, 3.46, 3.86, 3.57, 3.34, 3.25, 3.3, 2.94, 2.38, 1.93, 1.73, 1.63, 1.5, 0.8, 0, 0.9, 1.07, 1.35, 2.28, 2.85, 3.63, 4.27, 3.13, 2.99, 2.93, 3.09, 3.67, 4.14, 3.97, 3.48, 3.5, 3.48, 3.23, 4.26, 5.14, 5.59, 5.924, 6.504, 6.164, 5.298, 4.474, 4.29, 4.903, 5.648, 6.187, 5.984, 6.058, 5.407, 4.442, 3.816, 3.311, 2.776, 2.616, 2.489], [5.216, 5.156, 4.826, 5.667, 5.817, 5.577, 6.649, 7.424, 7.871, 8.178, 7.438, 6.657, 6.008, 5.701, 5.581, 5.527, 4.73, 4.138, 4.734, 5.891, 5.904, 5.295, 5.167, 5.637, 5.357, 4.99, 4.7, 4.29, 4.05, 3.76, 3.35, 3.54, 3.51, 3.5, 3.88, 3.61, 3.36, 3.07, 3.2, 2.9, 2.28, 1.87, 1.67, 1.55, 1.42, 0.9, 0.9, 0, 0.83, 1.39, 2.36, 2.77, 3.35, 3.97, 2.85, 2.87, 2.67, 2.77, 3.35, 3.72, 3.53, 3.24, 3.18, 3.12, 3.03, 3.94, 4.84, 5.33, 5.601, 6.121, 5.881, 4.938, 4.274, 4.13, 4.543, 5.354, 5.927, 5.767, 5.781, 5.376, 4.462, 3.845, 3.345, 2.768, 2.551, 2.286], [4.766, 4.729, 4.356, 5.474, 5.643, 5.347, 6.451, 7.154, 7.544, 7.928, 7.168, 6.412, 5.815, 5.448, 5.237, 5.172, 4.418, 3.825, 4.529, 5.569, 5.631, 4.903, 4.76, 5.244, 4.924, 4.54, 4.23, 3.84, 3.6, 3.31, 2.88, 3.19, 3.16, 3.07, 3.49, 3.26, 2.95, 2.72, 2.75, 2.41, 1.87, 1.7, 1.54, 1.4, 1.39, 1.01, 1.07, 0.83, 0, 1.02, 1.91, 2.32, 3.04, 3.74, 2.5, 2.62, 2.4, 2.5, 3.02, 3.49, 3.34, 3.05, 3.15, 3.09, 2.84, 3.69, 4.57, 5.12, 5.459, 6.033, 5.679, 4.565, 3.84, 3.7, 4.17, 4.937, 5.554, 5.377, 5.357, 4.986, 4.155, 3.575, 3.086, 2.606, 2.381, 2.24], [4.083, 4.203, 3.973, 5.479, 5.614, 5.394, 6.574, 7.254, 7.727, 8.125, 7.322, 6.564, 5.952, 5.628, 5.42, 5.36, 4.591, 3.962, 4.783, 5.698, 5.759, 5.054, 4.797, 5.287, 4.998, 4.48, 4.11, 3.78, 3.64, 3.27, 2.66, 2.67, 2.7, 2.49, 2.79, 2.56, 2.29, 2.38, 2.31, 2.01, 1.63, 1.28, 1.44, 1.52, 1.59, 1.35, 1.35, 1.39, 1.02, 0, 1.27, 1.82, 3.2, 3.94, 2.84, 2.72, 2.84, 2.86, 3.32, 3.95, 3.66, 3.45, 3.55, 3.45, 3.2, 3.91, 4.73, 5.36, 5.69, 6.293, 5.916, 4.6, 3.62, 3.52, 4.32, 4.956, 5.543, 5.052, 5.263, 4.674, 3.729, 2.91, 2.449, 2.15, 2.07, 1.72], [3.307, 3.416, 3.47, 5.169, 5.302, 5.153, 6.317, 6.826, 7.256, 7.706, 7.034, 6.282, 5.627, 5.223, 4.929, 4.943, 4.203, 3.58, 4.51, 5.43, 5.4, 4.66, 4.34, 4.776, 4.43, 3.91, 3.7, 3.33, 3.19, 2.72, 2.15, 2.06, 2.05, 1.84, 1.98, 1.73, 1.6, 1.83, 1.7, 1.58, 1.32, 1.15, 1.59, 1.73, 1.98, 2.1, 2.28, 2.36, 1.91, 1.27, 0, 1.17, 2.93, 3.57, 2.57, 2.67, 2.77, 2.91, 3.11, 3.66, 3.35, 3.18, 3.34, 3.22, 2.97, 3.6, 4.46, 5.11, 5.36, 5.94, 5.54, 4.14, 2.77, 2.93, 3.71, 4.308, 4.949, 4.54, 4.784, 4.214, 3.14, 2.16, 1.74, 1.56, 1.54, 1.55], [2.65, 2.71, 2.66, 4.156, 4.269, 4.12, 5.259, 5.753, 6.186, 6.633, 5.962, 5.229, 4.534, 4.17, 3.876, 3.91, 3.19, 2.67, 3.58, 4.48, 4.43, 3.65, 3.35, 3.8, 3.58, 3.1, 2.81, 2.52, 2.36, 1.85, 1.34, 1.63, 1.76, 1.55, 1.87, 1.66, 1.31, 1.18, 1.05, 1.03, 1.19, 1.54, 1.74, 1.88, 2.21, 2.67, 2.85, 2.77, 2.32, 1.82, 1.17, 0, 1.92, 2.58, 1.7, 2.18, 2.24, 2.46, 2.6, 3.01, 2.62, 2.53, 2.73, 2.61, 2.38, 2.83, 3.49, 4.14, 4.37, 4.91, 4.53, 3.15, 2.04, 2.16, 2.86, 3.4, 3.939, 3.483, 3.711, 3.25, 2.45, 1.73, 1.63, 1.61, 1.77, 1.98], [3.11, 3.27, 2.64, 2.89, 3.06, 2.78, 3.599, 4.285, 4.692, 5.039, 4.339, 3.609, 2.923, 2.559, 2.422, 2.322, 1.61, 1.43, 1.94, 2.82, 2.79, 2.31, 2.31, 2.58, 2.48, 2.3, 2.31, 2.12, 1.72, 1.55, 1.94, 2.39, 2.34, 2.37, 2.83, 2.62, 2.37, 2.06, 2.03, 2.03, 2.21, 2.94, 2.941, 2.76, 3.07, 3.53, 3.63, 3.35, 3.04, 3.2, 2.93, 1.92, 0, 1.2, 0.98, 1.68, 2.04, 2.5, 2.36, 1.75, 1.54, 1.37, 1.41, 1.31, 1.32, 1.49, 1.83, 2.42, 2.67, 3.21, 2.83, 2.05, 1.7, 1.68, 1.86, 2.32, 3.03, 3.07, 3.05, 3.05, 2.73, 3.03, 3.07, 2.95, 3.09, 3.52], [3.15, 3.31, 2.64, 2.77, 2.88, 2.62, 2.959, 3.545, 4.012, 4.336, 3.696, 2.958, 2.263, 1.95, 1.87, 1.83, 1.29, 1.29, 1.54, 2.36, 2.29, 2.03, 2.39, 2.58, 2.64, 2.4, 2.35, 2.12, 1.72, 1.61, 2.24, 2.77, 2.64, 2.77, 3.05, 2.94, 2.67, 2.5, 2.49, 2.51, 2.85, 3.56, 3.578, 3.358, 3.57, 4.05, 4.27, 3.97, 3.74, 3.94, 3.57, 2.58, 1.2, 0, 1.5, 2.18, 2.52, 3.06, 2.9, 1.85, 1.72, 1.63, 1.65, 1.63, 1.56, 1.47, 1.61, 2.02, 2.29, 2.59, 2.25, 1.91, 1.86, 1.68, 1.66, 2.24, 2.89, 2.87, 2.89, 2.85, 2.61, 3.33, 3.53, 3.39, 3.61, 4.12], [3.03, 3.19, 2.62, 3.297, 3.407, 3.207, 4.25, 4.902, 5.295, 5.659, 4.859, 4.14, 3.546, 3.179, 2.985, 2.911, 2.27, 1.85, 2.46, 3.48, 3.49, 2.85, 2.71, 3.12, 2.9, 2.66, 2.39, 2.12, 1.72, 1.53, 1.72, 2.25, 2.1, 2.19, 2.73, 2.38, 2.21, 1.74, 1.73, 1.75, 1.77, 2.36, 2.36, 2.24, 2.49, 2.93, 3.13, 2.85, 2.5, 2.84, 2.57, 1.7, 0.98, 1.5, 0, 1.46, 1.48, 1.86, 2.0, 1.77, 1.36, 1.17, 1.23, 1.23, 1.18, 1.67, 2.35, 2.9, 3.11, 3.75, 3.45, 2.51, 1.74, 1.72, 2.22, 2.804, 3.397, 3.369, 3.31, 3.13, 2.77, 2.81, 2.79, 2.67, 2.83, 3.2], [3.39, 3.63, 2.9, 3.774, 3.952, 3.729, 4.847, 5.482, 5.952, 6.336, 5.567, 4.817, 4.186, 3.839, 3.685, 3.625, 2.814, 2.17, 2.98, 3.935, 3.942, 3.311, 3.17, 3.64, 3.26, 2.84, 2.47, 2.28, 2.02, 2.03, 2.48, 2.85, 2.46, 2.49, 2.93, 2.72, 2.43, 2.24, 2.23, 2.17, 2.11, 2.24, 2.16, 2.2, 2.57, 2.93, 2.99, 2.87, 2.62, 2.72, 2.67, 2.18, 1.68, 2.18, 1.46, 0, 1.16, 1.44, 1.6, 1.49, 1.32, 1.23, 1.39, 1.39, 1.2, 1.97, 2.85, 3.38, 3.79, 4.43, 4.13, 2.95, 2.18, 1.96, 2.464, 3.224, 3.834, 3.549, 3.694, 3.369, 3.01, 3.55, 3.47, 3.15, 3.33, 3.54], [3.63, 3.83, 3.34, 4.351, 4.481, 4.223, 5.319, 5.905, 6.318, 6.739, 6.028, 5.303, 4.627, 4.242, 4.022, 3.986, 3.274, 2.75, 3.44, 4.452, 4.436, 3.76, 3.6, 4.061, 3.78, 3.38, 3.05, 2.72, 2.48, 2.25, 2.5, 2.87, 2.58, 2.57, 3.17, 2.76, 2.59, 2.28, 2.25, 2.17, 1.93, 2.2, 2.18, 2.08, 2.27, 2.83, 2.93, 2.67, 2.4, 2.84, 2.77, 2.24, 2.04, 2.52, 1.48, 1.16, 0, 0.8, 1.02, 1.39, 1.38, 1.39, 1.71, 1.63, 1.52, 2.51, 3.334, 3.869, 4.227, 4.845, 4.513, 3.43, 2.72, 2.52, 2.95, 3.738, 4.331, 4.208, 4.205, 3.986, 3.49, 3.61, 3.51, 3.19, 3.27, 3.58], [4.03, 4.09, 3.8, 4.887, 5.035, 4.751, 5.864, 6.325, 6.681, 7.079, 6.467, 5.754, 5.091, 4.579, 4.294, 4.285, 3.533, 2.89, 3.946, 5.011, 4.898, 4.051, 3.757, 4.221, 3.92, 3.56, 3.19, 2.94, 2.64, 2.51, 2.86, 3.23, 2.86, 2.79, 3.41, 3.06, 2.87, 2.46, 2.43, 2.47, 1.91, 2.24, 2.18, 2.06, 2.23, 2.85, 3.09, 2.77, 2.5, 2.86, 2.91, 2.46, 2.5, 3.06, 1.86, 1.44, 0.8, 0, 0.8, 1.59, 1.68, 1.93, 2.21, 2.15, 2.04, 2.97, 3.864, 4.386, 4.633, 5.268, 4.953, 3.657, 2.74, 2.6, 3.344, 4.054, 4.671, 4.506, 4.514, 4.346, 3.85, 3.77, 3.69, 3.47, 3.45, 3.52], [3.99, 4.11, 3.82, 4.724, 4.9, 4.688, 5.681, 6.054, 6.421, 6.882, 6.287, 5.571, 4.926, 4.399, 4.062, 4.079, 3.31, 2.69, 3.76, 4.848, 4.735, 3.825, 3.51, 3.952, 3.54, 3.14, 3.01, 2.72, 2.42, 2.39, 2.98, 3.35, 2.94, 2.63, 3.31, 2.98, 2.81, 2.38, 2.45, 2.57, 2.17, 2.62, 2.6, 2.54, 2.81, 3.41, 3.67, 3.35, 3.02, 3.32, 3.11, 2.6, 2.36, 2.9, 2.0, 1.6, 1.02, 0.8, 0, 1.29, 1.52, 1.75, 2.01, 1.99, 1.86, 2.767, 3.661, 4.203, 4.453, 5.073, 4.762, 3.41, 2.38, 2.24, 3.085, 3.77, 4.448, 4.21, 4.19, 4.23, 3.95, 3.85, 3.79, 3.69, 3.81, 3.92], [4.1, 4.1, 3.57, 3.86, 3.95, 3.75, 4.457, 4.841, 5.193, 5.672, 5.074, 4.358, 3.722, 3.209, 2.92, 2.96, 2.18, 1.82, 2.59, 3.618, 3.472, 2.72, 2.82, 2.99, 2.91, 2.67, 2.56, 2.45, 2.09, 2.24, 3.03, 3.5, 3.01, 2.94, 3.44, 3.29, 3.04, 2.71, 2.72, 2.78, 2.78, 3.19, 3.25, 3.13, 3.36, 3.96, 4.14, 3.72, 3.49, 3.95, 3.66, 3.01, 1.75, 1.85, 1.77, 1.49, 1.39, 1.59, 1.29, 0, 0.87, 1.24, 1.28, 1.44, 1.49, 1.74, 2.52, 3.01, 3.3, 3.869, 3.52, 2.42, 2.01, 1.75, 2.05, 2.87, 3.6, 3.78, 3.68, 3.88, 3.68, 4.06, 4.12, 3.98, 4.1, 4.43], [3.57, 3.67, 3.04, 3.61, 3.74, 3.5, 4.301, 4.836, 5.229, 5.59, 4.899, 4.183, 3.56, 3.113, 2.93, 2.85, 2.13, 1.71, 2.46, 3.54, 3.41, 2.67, 2.69, 2.98, 2.92, 2.76, 2.61, 2.34, 1.98, 1.97, 2.64, 3.13, 2.76, 2.75, 3.19, 3.04, 2.77, 2.5, 2.47, 2.55, 2.59, 3.0, 3.02, 2.96, 3.21, 3.77, 3.97, 3.53, 3.34, 3.66, 3.35, 2.62, 1.54, 1.72, 1.36, 1.32, 1.38, 1.68, 1.52, 0.87, 0, 0.93, 1.17, 1.25, 1.1, 1.39, 2.29, 2.82, 3.11, 3.69, 3.41, 2.27, 1.84, 1.62, 2.0, 2.82, 3.51, 3.45, 3.35, 3.45, 3.15, 3.61, 3.61, 3.55, 3.73, 3.96], [3.48, 3.66, 2.89, 3.2, 3.37, 3.09, 4.149, 4.82, 5.23, 5.62, 4.84, 4.09, 3.487, 3.14, 2.96, 2.86, 2.28, 2.08, 2.45, 3.31, 3.36, 2.92, 2.76, 3.13, 2.97, 2.79, 2.66, 2.35, 1.95, 1.94, 2.57, 3.06, 2.71, 2.86, 3.26, 3.05, 2.8, 2.55, 2.56, 2.52, 2.5, 2.87, 2.75, 2.73, 2.88, 3.38, 3.48, 3.24, 3.05, 3.45, 3.18, 2.53, 1.37, 1.63, 1.17, 1.23, 1.39, 1.93, 1.75, 1.24, 0.93, 0, 0.76, 0.82, 0.71, 1.5, 2.28, 2.65, 3.08, 3.68, 3.38, 2.6, 1.97, 1.65, 2.07, 2.85, 3.42, 3.4, 3.32, 3.24, 3.08, 3.64, 3.6, 3.38, 3.48, 3.87], [3.74, 3.9, 3.13, 2.84, 3.01, 2.83, 3.84, 4.72, 5.13, 5.42, 4.62, 3.81, 3.31, 2.94, 2.98, 2.84, 2.2, 2.0, 2.19, 3.19, 3.26, 2.7, 2.6, 2.97, 2.75, 2.63, 2.54, 2.35, 2.01, 2.16, 2.77, 3.3, 2.97, 3.06, 3.5, 3.33, 3.06, 2.79, 2.72, 2.76, 2.6, 3.01, 2.87, 2.83, 3.0, 3.36, 3.5, 3.18, 3.15, 3.55, 3.34, 2.73, 1.41, 1.65, 1.23, 1.39, 1.71, 2.21, 2.01, 1.28, 1.17, 0.76, 0, 0.62, 0.69, 1.26, 2.08, 2.45, 2.78, 3.32, 3.12, 2.4, 1.85, 1.53, 1.91, 2.71, 3.3, 3.4, 3.3, 3.24, 3.22, 3.86, 3.8, 3.58, 3.68, 3.99], [3.66, 3.8, 3.07, 2.94, 3.15, 2.95, 3.94, 4.82, 5.25, 5.56, 4.76, 3.95, 3.39, 3.08, 3.0, 2.96, 2.2, 2.06, 2.31, 3.31, 3.38, 2.88, 2.8, 3.13, 2.95, 2.75, 2.7, 2.41, 2.05, 2.06, 2.67, 3.14, 2.83, 2.92, 3.4, 3.17, 2.9, 2.67, 2.68, 2.68, 2.5, 2.89, 2.77, 2.67, 2.94, 3.38, 3.48, 3.12, 3.09, 3.45, 3.22, 2.61, 1.31, 1.63, 1.23, 1.39, 1.63, 2.15, 1.99, 1.44, 1.25, 0.82, 0.62, 0, 0.71, 1.38, 2.18, 2.59, 2.98, 3.44, 3.28, 2.58, 1.99, 1.61, 2.07, 2.87, 3.5, 3.52, 3.42, 3.34, 3.12, 3.76, 3.68, 3.46, 3.54, 3.89], [3.33, 3.47, 2.7, 3.01, 3.18, 2.98, 4.059, 4.81, 5.22, 5.55, 4.77, 4.0, 3.4, 3.07, 2.95, 2.89, 2.21, 1.89, 2.34, 3.3, 3.37, 2.85, 2.69, 3.06, 2.86, 2.64, 2.51, 2.2, 1.86, 1.85, 2.44, 2.91, 2.58, 2.65, 3.09, 2.88, 2.61, 2.36, 2.39, 2.39, 2.27, 2.68, 2.58, 2.52, 2.79, 3.13, 3.23, 3.03, 2.84, 3.2, 2.97, 2.38, 1.32, 1.56, 1.18, 1.2, 1.52, 2.04, 1.86, 1.49, 1.1, 0.71, 0.69, 0.71, 0, 1.29, 2.15, 2.54, 2.99, 3.61, 3.33, 2.49, 1.92, 1.52, 1.96, 2.72, 3.29, 3.27, 3.21, 3.01, 2.83, 3.45, 3.41, 3.17, 3.25, 3.62], [3.56, 3.7, 2.93, 2.38, 2.69, 2.65, 3.18, 3.74, 4.17, 4.52, 3.78, 3.05, 2.57, 2.22, 2.48, 2.24, 1.72, 1.58, 1.61, 2.35, 2.38, 1.82, 1.88, 2.13, 2.13, 1.91, 1.98, 1.97, 1.79, 2.04, 2.71, 3.24, 3.03, 3.06, 3.34, 3.27, 3.02, 2.75, 2.8, 2.72, 2.98, 3.55, 3.514, 3.43, 3.76, 4.14, 4.26, 3.94, 3.69, 3.91, 3.6, 2.83, 1.49, 1.47, 1.67, 1.97, 2.51, 2.97, 2.767, 1.74, 1.39, 1.5, 1.26, 1.38, 1.29, 0, 1.12, 1.69, 2.02, 2.62, 2.36, 1.62, 1.63, 1.43, 1.03, 1.77, 2.48, 2.74, 2.64, 2.54, 2.94, 3.7, 3.76, 3.62, 3.8, 4.19], [3.92, 4.12, 3.45, 2.54, 2.89, 2.81, 2.68, 2.96, 3.37, 3.72, 2.86, 2.45, 2.23, 1.82, 2.22, 1.96, 1.66, 1.86, 1.51, 1.63, 1.52, 1.6, 2.02, 2.15, 2.29, 2.07, 2.2, 2.33, 2.17, 2.44, 3.03, 3.56, 3.33, 3.52, 3.76, 3.83, 3.54, 3.27, 3.42, 3.34, 3.8, 4.51, 4.47, 4.37, 4.64, 5.1, 5.14, 4.84, 4.57, 4.73, 4.46, 3.49, 1.83, 1.61, 2.35, 2.85, 3.334, 3.864, 3.661, 2.52, 2.29, 2.28, 2.08, 2.18, 2.15, 1.12, 0, 0.91, 1.26, 1.7, 1.46, 1.3, 2.25, 2.15, 1.37, 1.71, 2.52, 3.0, 2.94, 2.82, 3.28, 4.14, 4.42, 4.26, 4.46, 4.91], [4.29, 4.49, 3.8, 2.69, 2.98, 2.98, 2.55, 2.83, 3.14, 3.35, 2.49, 2.2, 2.24, 1.87, 2.21, 2.03, 1.97, 2.33, 1.64, 1.62, 1.47, 1.79, 2.31, 2.34, 2.6, 2.44, 2.49, 2.64, 2.52, 2.91, 3.54, 4.15, 3.94, 3.99, 4.25, 4.44, 4.09, 3.78, 3.89, 3.91, 4.39, 5.14, 5.02, 4.96, 5.17, 5.51, 5.59, 5.33, 5.12, 5.36, 5.11, 4.14, 2.42, 2.02, 2.9, 3.38, 3.869, 4.386, 4.203, 3.01, 2.82, 2.65, 2.45, 2.59, 2.54, 1.69, 0.91, 0, 0.89, 1.23, 1.15, 1.57, 2.9, 2.8, 1.9, 2.1, 2.75, 3.31, 3.21, 3.03, 3.63, 4.53, 4.91, 4.85, 4.95, 5.4], [4.42, 4.54, 3.97, 2.82, 2.97, 3.01, 2.7, 2.74, 2.97, 3.1, 2.38, 2.31, 2.25, 1.84, 2.18, 2.08, 2.02, 2.42, 1.83, 1.73, 1.52, 1.72, 1.98, 1.93, 2.33, 2.37, 2.44, 2.75, 2.67, 2.98, 3.63, 4.24, 4.11, 4.2, 4.44, 4.747, 4.44, 4.09, 4.12, 4.2, 4.54, 5.347, 5.308, 5.128, 5.32, 5.741, 5.924, 5.601, 5.459, 5.69, 5.36, 4.37, 2.67, 2.29, 3.11, 3.79, 4.227, 4.633, 4.453, 3.3, 3.11, 3.08, 2.78, 2.98, 2.99, 2.02, 1.26, 0.89, 0, 0.9, 1.08, 1.6, 2.89, 2.83, 1.99, 2.13, 2.56, 3.2, 3.02, 3.02, 3.7, 4.6, 5.04, 5.0, 5.18, 5.55], [4.72, 4.8, 4.33, 3.02, 3.13, 3.25, 2.38, 2.4, 2.59, 2.76, 2.14, 1.95, 2.05, 1.74, 2.2, 1.94, 2.22, 2.84, 1.97, 1.59, 1.3, 1.8, 2.34, 2.29, 2.73, 2.85, 3.0, 3.23, 3.17, 3.48, 4.13, 4.72, 4.69, 4.72, 4.98, 5.273, 4.96, 4.63, 4.64, 4.76, 5.103, 5.868, 5.885, 5.676, 5.841, 6.281, 6.504, 6.121, 6.033, 6.293, 5.94, 4.91, 3.21, 2.59, 3.75, 4.43, 4.845, 5.268, 5.073, 3.869, 3.69, 3.68, 3.32, 3.44, 3.61, 2.62, 1.7, 1.23, 0.9, 0, 0.86, 1.94, 3.47, 3.33, 2.33, 2.47, 2.84, 3.46, 3.34, 3.32, 4.02, 4.94, 5.46, 5.48, 5.66, 6.11], [4.48, 4.58, 4.07, 2.96, 3.19, 3.15, 2.32, 2.34, 2.57, 2.78, 2.18, 1.99, 1.99, 1.56, 2.02, 1.78, 1.8, 2.38, 1.55, 1.27, 1.0, 1.54, 2.18, 2.31, 2.53, 2.59, 2.72, 2.97, 2.89, 3.1, 3.75, 4.36, 4.31, 4.4, 4.6, 4.87, 4.503, 4.15, 4.18, 4.26, 4.726, 5.516, 5.548, 5.268, 5.421, 5.921, 6.164, 5.881, 5.679, 5.916, 5.54, 4.53, 2.83, 2.25, 3.45, 4.13, 4.513, 4.953, 4.762, 3.52, 3.41, 3.38, 3.12, 3.28, 3.33, 2.36, 1.46, 1.15, 1.08, 0.86, 0, 1.56, 3.09, 3.01, 2.09, 2.17, 2.8, 3.38, 3.28, 3.22, 3.78, 4.68, 5.14, 5.2, 5.34, 5.85], [3.56, 3.6, 3.13, 2.86, 3.29, 3.05, 2.98, 3.18, 3.45, 3.82, 3.1, 2.71, 2.71, 2.16, 2.18, 2.0, 1.6, 1.48, 1.73, 1.87, 1.68, 1.42, 1.98, 2.11, 2.29, 2.17, 2.34, 2.37, 2.27, 2.2, 2.85, 3.42, 3.35, 3.36, 3.62, 3.61, 3.24, 3.03, 3.04, 2.94, 3.4, 4.12, 4.343, 4.243, 4.498, 4.975, 5.298, 4.938, 4.565, 4.6, 4.14, 3.15, 2.05, 1.91, 2.51, 2.95, 3.43, 3.657, 3.41, 2.42, 2.27, 2.6, 2.4, 2.58, 2.49, 1.62, 1.3, 1.57, 1.6, 1.94, 1.56, 0, 1.75, 1.71, 1.33, 1.73, 2.64, 2.98, 2.86, 2.9, 3.12, 3.68, 3.86, 4.02, 4.16, 4.61], [2.85, 2.99, 2.78, 3.11, 3.34, 3.16, 4.13, 4.45, 4.8, 5.23, 4.647, 3.937, 3.44, 2.81, 2.67, 2.55, 2.07, 1.77, 2.44, 3.28, 3.15, 2.31, 2.07, 2.5, 2.32, 1.9, 1.95, 2.0, 1.7, 1.65, 2.16, 2.75, 2.48, 2.19, 2.59, 2.36, 2.19, 2.08, 1.93, 2.17, 2.41, 3.115, 3.284, 3.344, 3.73, 4.15, 4.474, 4.274, 3.84, 3.62, 2.77, 2.04, 1.7, 1.86, 1.74, 2.18, 2.72, 2.74, 2.38, 2.01, 1.84, 1.97, 1.85, 1.99, 1.92, 1.63, 2.25, 2.9, 2.89, 3.47, 3.09, 1.75, 0, 0.84, 1.56, 2.08, 2.85, 2.81, 2.83, 2.91, 2.83, 2.83, 2.99, 3.17, 3.47, 3.6], [2.89, 2.97, 2.62, 2.95, 3.16, 3.1, 3.93, 4.29, 4.66, 5.09, 4.51, 3.797, 3.22, 2.67, 2.45, 2.43, 1.87, 1.59, 2.28, 3.24, 3.07, 2.17, 2.13, 2.42, 2.22, 2.04, 2.07, 2.02, 1.66, 1.67, 2.24, 2.81, 2.52, 2.37, 2.75, 2.58, 2.33, 2.22, 2.09, 2.23, 2.43, 3.0, 3.121, 3.161, 3.53, 3.97, 4.29, 4.13, 3.7, 3.52, 2.93, 2.16, 1.68, 1.68, 1.72, 1.96, 2.52, 2.6, 2.24, 1.75, 1.62, 1.65, 1.53, 1.61, 1.52, 1.43, 2.15, 2.8, 2.83, 3.33, 3.01, 1.71, 0.84, 0, 1.48, 2.0, 2.71, 2.59, 2.67, 2.75, 2.61, 2.93, 2.93, 3.13, 3.41, 3.52], [3.41, 3.51, 2.92, 2.47, 2.74, 2.72, 3.05, 3.25, 3.64, 4.09, 3.45, 2.8, 2.42, 1.99, 2.11, 2.01, 1.71, 1.63, 1.7, 2.22, 2.01, 1.53, 1.59, 1.8, 2.0, 1.86, 2.05, 2.1, 2.04, 2.19, 2.8, 3.29, 3.16, 3.31, 3.55, 3.48, 3.19, 2.92, 3.03, 2.99, 3.13, 3.881, 4.099, 3.893, 4.163, 4.663, 4.903, 4.543, 4.17, 4.32, 3.71, 2.86, 1.86, 1.66, 2.22, 2.464, 2.95, 3.344, 3.085, 2.05, 2.0, 2.07, 1.91, 2.07, 1.96, 1.03, 1.37, 1.9, 1.99, 2.33, 2.09, 1.33, 1.56, 1.48, 0, 1.22, 1.95, 2.43, 2.45, 2.47, 2.93, 3.59, 3.73, 3.55, 3.81, 4.3], [2.77, 2.97, 2.54, 1.93, 2.14, 2.18, 2.49, 2.59, 3.02, 3.47, 2.89, 2.26, 1.98, 1.65, 1.67, 1.69, 1.67, 1.71, 1.64, 2.1, 1.89, 1.45, 1.45, 1.68, 1.72, 1.58, 1.85, 2.06, 2.0, 2.17, 2.78, 3.25, 3.26, 3.37, 3.55, 3.718, 3.331, 2.94, 3.19, 3.208, 3.731, 4.633, 4.859, 4.61, 4.868, 5.4, 5.648, 5.354, 4.937, 4.956, 4.308, 3.4, 2.32, 2.24, 2.804, 3.224, 3.738, 4.054, 3.77, 2.87, 2.82, 2.85, 2.71, 2.87, 2.72, 1.77, 1.71, 2.1, 2.13, 2.47, 2.17, 1.73, 2.08, 2.0, 1.22, 0, 1.17, 1.71, 1.75, 1.79