[[0, 0.74, 1.09, 1.28, 0.96, 0.9, 1.47, 2.3, 2.91, 2.81, 3.52, 3.65, 3.61, 4.45, 4.75, 5.43, 7.19, 7.6, 7.41, 4.77, 2.48, 2.87, 2.95, 3.02, 2.92, 3.32, 4.01, 4.4, 4.63, 4.42, 4.38, 4.53, 4.74, 5.02, 5.25, 5.59, 5.4, 5.39, 5.23, 4.94, 4.44, 4.12, 3.79, 4.03, 4.47, 4.93, 4.6, 4.07, 3.71, 4.13, 4.13, 4.0, 4.01, 3.82, 3.73, 4.8, 6.48, 6.79, 5.44, 3.98, 2.34, 3.17, 3.09, 2.17, 2.36, 2.66, 2.91, 3.22, 3.07, 2.7, 3.27, 3.22, 3.1, 2.43, 2.02, 1.79, 1.73, 1.85, 2.28, 2.93, 3.52, 4.7, 5.82, 7.82, 8.12, 7.41], [0.74, 0, 0.89, 1.22, 1.06, 1.06, 1.55, 2.04, 2.49, 2.57, 3.18, 3.19, 3.17, 3.93, 4.27, 4.89, 6.67, 7.08, 6.89, 4.23, 2.32, 2.73, 2.89, 3.12, 3.0, 3.3, 4.03, 4.68, 4.67, 4.46, 4.6, 5.03, 5.26, 5.54, 5.77, 6.11, 5.94, 5.89, 5.75, 5.4, 4.92, 4.58, 4.35, 4.57, 5.01, 5.47, 5.14, 4.51, 4.21, 4.59, 4.57, 4.4, 4.41, 4.32, 4.25, 5.32, 7.0, 7.29, 5.94, 4.5, 2.86, 3.43, 3.37, 2.29, 2.12, 2.38, 2.65, 3.0, 2.83, 2.3, 2.75, 2.72, 2.64, 1.93, 1.58, 1.55, 1.49, 1.51, 1.94, 2.53, 3.02, 4.16, 5.26, 7.3, 7.58, 6.87], [1.09, 0.89, 0, 1.09, 1.23, 1.21, 1.52, 1.89, 2.5, 2.42, 3.01, 3.2, 3.22, 3.84, 4.18, 4.74, 6.52, 6.93, 6.74, 4.08, 2.65, 3.08, 3.14, 3.51, 3.29, 3.51, 4.28, 4.81, 4.94, 4.87, 4.93, 5.26, 5.41, 5.69, 5.92, 6.26, 6.13, 6.1, 5.96, 5.75, 5.23, 4.81, 4.6, 4.88, 5.28, 5.78, 5.45, 4.84, 4.54, 4.96, 4.94, 4.79, 4.76, 4.53, 4.44, 5.49, 7.15, 7.46, 6.13, 4.71, 3.01, 3.76, 3.54, 2.52, 2.25, 2.53, 2.78, 2.97, 2.76, 2.39, 2.6, 2.57, 2.57, 1.82, 1.35, 1.32, 1.36, 1.62, 1.97, 2.48, 2.87, 3.97, 5.13, 7.07, 7.31, 6.68], [1.28, 1.22, 1.09, 0, 0.82, 1.16, 1.47, 1.72, 2.53, 2.47, 3.02, 3.19, 3.21, 4.07, 4.27, 5.03, 6.81, 7.24, 7.03, 4.41, 3.14, 3.51, 3.31, 3.54, 3.42, 3.86, 4.87, 5.52, 5.63, 5.34, 5.04, 5.17, 5.24, 5.4, 5.65, 6.01, 6.0, 6.07, 6.01, 5.86, 5.32, 4.96, 4.73, 4.93, 5.31, 5.89, 5.56, 5.01, 4.63, 5.11, 5.11, 5.04, 5.05, 4.6, 4.33, 5.32, 7.0, 7.31, 6.0, 4.58, 3.08, 4.17, 4.03, 3.01, 2.86, 2.96, 3.17, 3.14, 3.01, 2.46, 2.81, 2.92, 2.8, 2.19, 1.6, 1.47, 1.35, 1.33, 1.5, 2.27, 3.24, 4.32, 5.44, 7.2, 7.44, 6.95], [0.96, 1.06, 1.23, 0.82, 0, 0.82, 1.27, 2.16, 2.89, 2.85, 3.48, 3.67, 3.71, 4.59, 4.79, 5.55, 7.33, 7.74, 7.55, 4.89, 3.06, 3.43, 3.33, 3.46, 3.4, 3.88, 4.67, 5.14, 5.27, 5.1, 4.74, 4.83, 4.72, 4.88, 5.11, 5.49, 5.5, 5.57, 5.45, 5.34, 4.8, 4.4, 4.23, 4.49, 4.85, 5.35, 5.02, 4.47, 4.15, 4.59, 4.57, 4.48, 4.49, 4.02, 3.85, 4.82, 6.5, 6.81, 5.5, 4.08, 2.66, 3.71, 3.45, 2.81, 2.76, 3.08, 3.19, 3.36, 3.17, 2.94, 3.35, 3.38, 3.3, 2.67, 1.98, 1.81, 1.71, 1.67, 2.08, 2.75, 3.7, 4.8, 5.92, 7.7, 7.96, 7.47], [0.9, 1.06, 1.21, 1.16, 0.82, 0, 0.91, 2.24, 2.93, 2.89, 3.56, 3.77, 3.83, 4.73, 4.93, 5.69, 7.47, 7.88, 7.69, 5.03, 3.12, 3.47, 3.41, 3.32, 3.18, 3.86, 4.69, 5.08, 5.31, 5.14, 4.9, 4.83, 4.7, 4.74, 4.97, 5.31, 5.34, 5.21, 5.05, 4.92, 4.38, 3.98, 3.75, 4.01, 4.41, 4.91, 4.58, 4.03, 3.71, 4.15, 4.13, 4.0, 3.99, 3.62, 3.51, 4.54, 6.2, 6.53, 5.2, 3.78, 2.42, 3.55, 3.31, 2.67, 2.9, 3.2, 3.37, 3.66, 3.45, 3.1, 3.47, 3.5, 3.4, 2.73, 2.14, 1.95, 1.85, 1.93, 2.28, 2.99, 3.8, 4.94, 6.06, 7.94, 8.22, 7.61], [1.47, 1.55, 1.52, 1.47, 1.27, 0.91, 0, 1.83, 2.42, 2.46, 3.13, 3.3, 3.32, 4.22, 4.42, 5.24, 6.98, 7.43, 7.22, 4.66, 3.65, 4.0, 3.96, 3.97, 3.71, 4.49, 5.24, 5.65, 5.86, 5.81, 5.63, 5.46, 5.29, 5.33, 5.48, 5.98, 6.01, 5.78, 5.5, 5.39, 4.83, 4.51, 4.42, 4.5, 4.78, 5.32, 5.01, 4.36, 4.16, 4.54, 4.44, 4.39, 4.44, 4.05, 3.98, 5.03, 6.71, 7.0, 5.63, 4.21, 3.17, 4.12, 3.94, 3.26, 3.45, 3.79, 3.92, 4.25, 4.04, 3.47, 3.3, 3.19, 3.09, 2.64, 2.31, 2.36, 2.26, 2.32, 2.51, 3.0, 3.43, 4.43, 5.65, 7.59, 7.89, 7.22], [2.3, 2.04, 1.89, 1.72, 2.16, 2.24, 1.83, 0, 1.01, 1.11, 1.58, 1.69, 1.81, 2.61, 2.87, 3.63, 5.53, 5.9, 5.73, 3.41, 4.0, 4.41, 4.23, 4.4, 4.32, 4.86, 5.81, 6.5, 6.55, 6.36, 6.26, 6.39, 6.58, 6.86, 7.09, 7.43, 7.26, 7.21, 7.05, 6.98, 6.44, 6.06, 5.69, 5.87, 6.27, 6.77, 6.48, 5.93, 5.69, 6.09, 6.01, 5.9, 5.95, 5.62, 5.57, 6.64, 8.32, 8.61, 7.24, 5.8, 4.32, 5.11, 5.07, 4.03, 3.8, 4.02, 4.21, 4.22, 4.09, 3.18, 2.27, 1.92, 1.94, 1.71, 1.74, 1.91, 2.01, 1.91, 1.84, 2.01, 2.04, 2.86, 4.06, 6.08, 6.36, 5.67], [2.91, 2.49, 2.5, 2.53, 2.89, 2.93, 2.42, 1.01, 0, 0.84, 1.29, 1.28, 1.28, 2.0, 2.2, 3.08, 5.04, 5.47, 5.3, 3.28, 4.39, 4.94, 4.58, 4.75, 4.67, 5.35, 6.2, 6.85, 6.84, 6.89, 6.83, 7.12, 7.31, 7.59, 7.82, 8.16, 7.91, 7.82, 7.66, 7.39, 6.91, 6.59, 6.32, 6.44, 6.88, 7.36, 7.03, 6.48, 6.24, 6.58, 6.52, 6.35, 6.4, 6.29, 6.3, 7.37, 9.05, 9.34, 7.97, 6.47, 4.89, 5.52, 5.5, 4.42, 4.17, 4.47, 4.68, 4.57, 4.44, 3.43, 2.4, 1.55, 1.51, 1.62, 2.11, 2.5, 2.46, 2.36, 2.23, 1.98, 1.75, 2.25, 3.59, 5.53, 5.89, 5.22], [2.81, 2.57, 2.42, 2.47, 2.85, 2.89, 2.46, 1.11, 0.84, 0, 1.11, 1.32, 1.44, 2.1, 2.32, 3.18, 5.16, 5.59, 5.44, 3.3, 4.37, 4.92, 4.38, 4.49, 4.49, 5.23, 6.22, 6.79, 6.92, 6.83, 6.85, 7.06, 7.27, 7.55, 7.78, 8.12, 7.89, 7.8, 7.64, 7.37, 6.89, 6.55, 6.3, 6.48, 6.9, 7.36, 7.05, 6.5, 6.24, 6.58, 6.54, 6.39, 6.44, 6.29, 6.26, 7.33, 9.01, 9.3, 7.93, 6.43, 4.81, 5.46, 5.38, 4.3, 4.29, 4.43, 4.54, 4.41, 4.18, 3.21, 2.34, 1.75, 1.55, 1.5, 1.95, 2.16, 2.1, 2.04, 2.01, 1.98, 1.77, 2.43, 3.71, 5.61, 5.95, 5.28], [3.52, 3.18, 3.01, 3.02, 3.48, 3.56, 3.13, 1.58, 1.29, 1.11, 0, 0.91, 1.37, 1.69, 1.63, 2.35, 4.27, 4.72, 4.59, 2.69, 4.56, 5.13, 4.69, 4.62, 4.86, 5.72, 6.77, 7.5, 7.47, 7.18, 7.32, 7.73, 7.94, 8.22, 8.45, 8.79, 8.58, 8.51, 8.37, 8.12, 7.62, 7.24, 6.99, 7.17, 7.59, 8.05, 7.74, 7.23, 6.99, 7.33, 7.29, 7.14, 7.17, 6.94, 6.93, 8.0, 9.68, 9.97, 8.6, 7.1, 5.46, 6.15, 5.99, 4.95, 4.78, 4.82, 4.85, 4.64, 4.03, 3.0, 2.03, 1.44, 1.58, 1.83, 2.42, 2.73, 2.67, 2.67, 2.26, 1.77, 1.54, 1.7, 2.8, 4.72, 5.06, 4.37], [3.65, 3.19, 3.2, 3.19, 3.67, 3.77, 3.3, 1.69, 1.28, 1.32, 0.91, 0, 0.8, 1.28, 1.34, 2.16, 4.06, 4.49, 4.32, 2.44, 4.51, 5.06, 4.74, 4.87, 5.11, 5.99, 6.84, 7.61, 7.46, 7.19, 7.49, 7.96, 8.21, 8.49, 8.72, 9.06, 8.81, 8.72, 8.56, 8.37, 7.89, 7.51, 7.24, 7.34, 7.78, 8.24, 7.97, 7.4, 7.18, 7.52, 7.44, 7.29, 7.32, 7.19, 7.2, 8.27, 9.95, 10.24, 8.87, 7.37, 5.69, 6.38, 6.32, 5.22, 4.79, 4.85, 4.9, 4.69, 4.14, 3.15, 2.22, 1.35, 1.55, 1.92, 2.55, 2.9, 2.9, 2.62, 2.27, 1.38, 0.99, 1.41, 2.63, 4.57, 4.95, 4.3], [3.61, 3.17, 3.22, 3.21, 3.71, 3.83, 3.32, 1.81, 1.28, 1.44, 1.37, 0.8, 0, 1.18, 1.4, 2.22, 4.04, 4.47, 4.32, 2.58, 4.41, 4.96, 4.78, 4.93, 5.03, 5.85, 6.72, 7.53, 7.42, 7.19, 7.51, 8.04, 8.29, 8.57, 8.8, 9.14, 8.89, 8.8, 8.64, 8.35, 7.89, 7.57, 7.26, 7.36, 7.76, 8.22, 7.91, 7.4, 7.18, 7.5, 7.4, 7.23, 7.28, 7.27, 7.28, 8.35, 10.03, 10.32, 8.95, 7.45, 5.77, 6.26, 6.28, 5.08, 4.65, 4.75, 4.8, 4.65, 4.28, 3.19, 2.22, 1.27, 1.35, 1.78, 2.55, 2.96, 2.96, 2.72, 2.31, 1.54, 1.21, 1.41, 2.75, 4.71, 5.07, 4.36], [4.45, 3.93, 3.84, 4.07, 4.59, 4.73, 4.22, 2.61, 2.0, 2.1, 1.69, 1.28, 1.18, 0, 0.86, 1.72, 3.22, 3.79, 3.6, 3.04, 5.13, 5.72, 5.5, 5.79, 5.91, 6.49, 7.32, 8.11, 8.02, 7.89, 8.335, 8.94, 9.19, 9.47, 9.7, 10.04, 9.79, 9.72, 9.56, 9.23, 8.79, 8.47, 8.16, 8.26, 8.66, 9.12, 8.81, 8.3, 8.04, 8.38, 8.26, 8.09, 8.18, 8.17, 8.18, 9.25, 10.93, 11.22, 9.85, 8.35, 6.65, 7.06, 6.92, 5.72, 5.25, 5.45, 5.54, 5.37, 4.92, 3.83, 2.84, 1.71, 2.03, 2.46, 3.21, 3.58, 3.6, 3.6, 3.23, 2.3, 1.69, 1.09, 2.03, 3.91, 4.21, 3.46], [4.75, 4.27, 4.18, 4.27, 4.79, 4.93, 4.42, 2.87, 2.2, 2.32, 1.63, 1.34, 1.4, 0.86, 0, 1.48, 3.24, 3.85, 3.64, 3.04, 5.35, 5.92, 5.74, 5.91, 6.21, 6.95, 7.74, 8.57, 8.44, 8.11, 8.55, 9.14, 9.39, 9.67, 9.9, 10.24, 9.99, 9.92, 9.76, 9.51, 9.03, 8.67, 8.44, 8.58, 8.96, 9.42, 9.11, 8.6, 8.38, 8.72, 8.62, 8.47, 8.54, 8.37, 8.38, 9.45, 11.13, 11.42, 10.05, 8.55, 6.85, 7.48, 7.32, 6.16, 5.77, 5.71, 5.68, 5.49, 4.92, 3.83, 2.84, 2.01, 2.41, 2.88, 3.55, 3.92, 3.94, 3.74, 3.37, 2.4, 1.77, 1.03, 1.87, 3.69, 3.99, 3.28], [5.43, 4.89, 4.74, 5.03, 5.55, 5.69, 5.24, 3.63, 3.08, 3.18, 2.35, 2.16, 2.22, 1.72, 1.48, 0, 2.02, 2.57, 2.44, 2.52, 5.23, 6.3, 6.4, 6.55, 6.83, 7.21, 8.14, 8.91, 8.84, 8.43, 9.309, 9.9, 10.15, 10.43, 10.66, 11.0, 10.75, 10.7, 10.54, 10.21, 9.75, 9.43, 9.14, 9.3, 9.76, 10.22, 9.87, 9.34, 9.06, 9.4, 9.36, 9.19, 9.2, 9.15, 9.14, 10.21, 11.89, 12.18, 10.81, 9.31, 7.61, 7.98, 7.68, 6.48, 5.95, 5.79, 5.68, 5.57, 4.74, 3.57, 2.38, 2.35, 3.15, 3.52, 4.09, 4.46, 4.56, 4.52, 4.13, 3.1, 2.33, 1.35, 1.19, 2.59, 2.89, 2.16], [7.19, 6.67, 6.52, 6.81, 7.33, 7.47, 6.98, 5.53, 5.04, 5.16, 4.27, 4.06, 4.04, 3.22, 3.24, 2.02, 0, 0.95, 1.1, 2.78, 6.31, 7.94, 8.22, 8.33, 8.51, 8.61, 9.86, 10.67, 10.54, 10.149, 11.089, 11.68, 11.93, 12.21, 12.44, 12.78, 12.57, 12.52, 12.36, 11.99, 11.53, 11.21, 10.92, 11.02, 11.44, 11.94, 11.59, 11.04, 10.76, 11.1, 10.94, 10.77, 10.88, 10.91, 10.92, 11.99, 13.67, 13.96, 12.59, 11.11, 9.41, 9.4, 9.32, 7.96, 7.25, 7.23, 6.94, 6.91, 6.14, 5.03, 4.04, 4.03, 4.77, 5.2, 5.87, 6.28, 6.38, 6.34, 5.95, 4.92, 4.09, 3.07, 2.03, 1.57, 1.59, 1.6], [7.6, 7.08, 6.93, 7.24, 7.74, 7.88, 7.43, 5.9, 5.47, 5.59, 4.72, 4.49, 4.47, 3.79, 3.85, 2.57, 0.95, 0, 0.93, 3.17, 6.76, 8.39, 8.65, 8.76, 8.96, 9.02, 10.33, 11.14, 11.01, 10.58, 11.519, 12.09, 12.34, 12.62, 12.85, 13.19, 13.0, 12.95, 12.79, 12.42, 11.96, 11.64, 11.35, 11.45, 11.89, 12.41, 12.06, 11.49, 11.17, 11.53, 11.31, 11.16, 11.31, 11.34, 11.33, 12.4, 14.08, 14.37, 13.0, 11.54, 9.84, 9.79, 9.75, 8.39, 7.66, 7.68, 7.37, 7.26, 6.55, 5.46, 4.45, 4.46, 5.2, 5.67, 6.34, 6.71, 6.81, 6.77, 6.38, 5.35, 4.52, 3.48, 2.18, 1.24, 1.44, 1.93], [7.41, 6.89, 6.74, 7.03, 7.55, 7.69, 7.22, 5.73, 5.3, 5.44, 4.59, 4.32, 4.32, 3.6, 3.64, 2.44, 1.1, 0.93, 0, 3.04, 6.69, 8.18, 8.46, 8.57, 8.75, 8.97, 10.16, 10.93, 10.82, 10.41, 11.329, 11.9, 12.15, 12.43, 12.66, 13.0, 12.81, 12.76, 12.6, 12.23, 11.77, 11.45, 11.16, 11.22, 11.66, 12.18, 11.85, 11.26, 10.98, 11.34, 11.08, 10.93, 11.08, 11.13, 11.14, 12.21, 13.89, 14.18, 12.81, 11.35, 9.65, 9.56, 9.6, 8.22, 7.49, 7.51, 7.28, 7.13, 6.44, 5.25, 4.26, 4.25, 4.97, 5.46, 6.15, 6.52, 6.62, 6.58, 6.19, 5.16, 4.37, 3.33, 2.53, 1.81, 1.81, 1.82], [4.77, 4.23, 4.08, 4.41, 4.89, 5.03, 4.66, 3.41, 3.28, 3.3, 2.69, 2.44, 2.58, 3.04, 3.04, 2.52, 2.78, 3.17, 3.04, 0, 3.93, 5.52, 5.82, 5.93, 6.11, 6.17, 7.52, 8.33, 8.18, 7.75, 8.69, 9.26, 9.49, 9.77, 10.0, 10.34, 10.17, 10.12, 9.96, 9.59, 9.13, 8.81, 8.52, 8.62, 9.06, 9.58, 9.25, 8.62, 8.32, 8.7, 8.48, 8.31, 8.42, 8.51, 8.48, 9.55, 11.23, 11.52, 10.15, 8.71, 7.01, 6.9, 6.96, 5.52, 4.81, 4.81, 4.52, 4.41, 3.7, 2.63, 1.82, 2.15, 2.67, 2.92, 3.49, 3.88, 3.98, 3.94, 3.55, 2.74, 2.03, 2.51, 3.35, 3.91, 3.99, 3.14], [2.48, 2.32, 2.65, 3.14, 3.06, 3.12, 3.65, 4.0, 4.39, 4.37, 4.56, 4.51, 4.41, 5.13, 5.35, 5.23, 6.31, 6.76, 6.69, 3.93, 0, 1.79, 2.49, 2.7, 2.64, 2.7, 3.65, 4.44, 4.35, 3.9, 4.84, 5.43, 5.68, 5.96, 6.19, 6.53, 6.28, 6.21, 6.05, 5.74, 5.28, 4.96, 4.65, 4.79, 5.25, 5.71, 5.38, 4.81, 4.57, 4.89, 4.85, 4.68, 4.79, 4.74, 4.81, 5.9, 7.46, 7.71, 6.34, 4.84, 3.2, 3.45, 3.17, 2.17, 1.84, 1.6, 1.37, 1.64, 1.47, 2.1, 3.15, 3.68, 3.88, 3.13, 2.86, 2.75, 2.87, 3.07, 3.28, 3.91, 3.94, 4.98, 6.02, 7.08, 7.42, 6.69], [2.87, 2.73, 3.08, 3.51, 3.43, 3.47, 4.0, 4.41, 4.94, 4.92, 5.13, 5.06, 4.96, 5.72, 5.92, 6.3, 7.94, 8.39, 8.18, 5.52, 1.79, 0, 1.02, 1.37, 1.37, 1.43, 2.16, 3.03, 2.88, 2.57, 3.19, 3.76, 3.99, 4.27, 4.5, 4.84, 4.67, 4.62, 4.46, 4.19, 3.65, 3.31, 3.06, 3.26, 3.64, 4.12, 3.85, 3.4, 3.34, 3.64, 3.76, 3.81, 4.2, 4.37, 4.26, 5.11, 6.39, 6.42, 4.89, 3.97, 2.17, 1.88, 1.92, 1.64, 1.85, 1.51, 1.48, 1.97, 2.42, 3.21, 4.1, 4.27, 4.45, 3.72, 3.39, 3.28, 3.38, 3.56, 3.77, 4.44, 4.61, 5.67, 6.73, 8.65, 8.93, 8.24], [2.95, 2.89, 3.14, 3.31, 3.33, 3.41, 3.96, 4.23, 4.58, 4.38, 4.69, 4.74, 4.78, 5.5, 5.74, 6.4, 8.22, 8.65, 8.46, 5.82, 2.49, 1.02, 0, 0.81, 0.99, 1.51, 2.36, 3.15, 3.1, 2.89, 3.01, 3.54, 3.75, 4.03, 4.26, 4.6, 4.35, 4.36, 4.18, 3.95, 3.43, 3.05, 2.9, 3.18, 3.56, 4.02, 3.71, 3.44, 3.36, 3.62, 3.86, 3.89, 4.3, 4.33, 4.16, 4.97, 6.23, 6.2, 4.67, 3.79, 1.97, 2.06, 2.12, 1.86, 2.23, 1.87, 1.82, 2.19, 2.52, 3.35, 4.28, 4.21, 4.19, 3.48, 3.15, 2.96, 3.0, 3.1, 3.37, 4.12, 4.61, 5.67, 6.93, 8.69, 9.07, 8.44], [3.02, 3.12, 3.51, 3.54, 3.46, 3.32, 3.97, 4.4, 4.75, 4.49, 4.62, 4.87, 4.93, 5.79, 5.91, 6.55, 8.33, 8.76, 8.57, 5.93, 2.7, 1.37, 0.81, 0, 0.78, 1.64, 2.67, 3.36, 3.41, 3.0, 3.16, 3.49, 3.62, 3.9, 4.13, 4.47, 4.3, 4.29, 4.11, 3.74, 3.22, 2.98, 2.75, 2.99, 3.37, 3.85, 3.54, 3.31, 3.15, 3.45, 3.69, 3.76, 4.15, 4.3, 4.13, 4.9, 6.16, 6.15, 4.66, 3.78, 1.94, 2.07, 2.27, 1.93, 2.58, 2.2, 2.23, 2.48, 2.71, 3.36, 4.45, 4.36, 4.44, 3.81, 3.62, 3.35, 3.23, 3.45, 3.62, 4.35, 4.76, 5.88, 7.0, 8.9, 9.24, 8.55], [2.92, 3.0, 3.29, 3.42, 3.4, 3.18, 3.71, 4.32, 4.67, 4.49, 4.86, 5.11, 5.03, 5.91, 6.21, 6.83, 8.51, 8.96, 8.75, 6.11, 2.64, 1.37, 0.99, 0.78, 0, 1.46, 2.47, 3.18, 3.25, 3.0, 3.1, 3.37, 3.48, 3.74, 3.97, 4.31, 4.12, 4.01, 3.87, 3.54, 3.06, 2.78, 2.61, 2.77, 3.15, 3.61, 3.32, 3.07, 3.03, 3.29, 3.49, 3.58, 3.99, 4.16, 4.07, 4.84, 6.02, 6.01, 4.44, 3.64, 1.88, 1.65, 2.07, 1.59, 2.26, 1.92, 2.17, 2.54, 3.01, 3.74, 4.75, 4.58, 4.38, 3.75, 3.46, 3.25, 3.27, 3.51, 3.76, 4.55, 4.94, 6.06, 7.3, 9.2, 9.56, 8.79], [3.32, 3.3, 3.51, 3.86, 3.88, 3.86, 4.49, 4.86, 5.35, 5.23, 5.72, 5.99, 5.85, 6.49, 6.95, 7.21, 8.61, 9.02, 8.97, 6.17, 2.7, 1.43, 1.51, 1.64, 1.46, 0, 1.73, 2.52, 2.49, 2.4, 2.7, 3.09, 3.32, 3.72, 3.95, 4.29, 4.18, 4.05, 3.93, 3.58, 3.14, 2.82, 2.65, 3.01, 3.33, 3.77, 3.72, 3.61, 3.51, 3.81, 4.03, 4.06, 4.49, 4.66, 4.49, 5.16, 6.18, 6.07, 4.66, 4.06, 2.38, 1.73, 1.81, 1.71, 2.12, 1.76, 2.03, 2.68, 3.19, 4.18, 4.97, 5.08, 5.1, 4.29, 3.76, 3.59, 3.61, 4.11, 4.42, 5.25, 5.54, 6.58, 7.78, 9.4, 9.56, 8.81], [4.01, 4.03, 4.28, 4.87, 4.67, 4.69, 5.24, 5.81, 6.2, 6.22, 6.77, 6.84, 6.72, 7.32, 7.74, 8.14, 9.86, 10.33, 10.16, 7.52, 3.65, 2.16, 2.36, 2.67, 2.47, 1.73, 0, 1.05, 0.96, 1.15, 1.67, 2.04, 2.25, 2.89, 3.22, 3.46, 3.31, 3.08, 2.96, 2.71, 2.45, 2.25, 2.14, 2.3, 2.68, 3.2, 3.25, 3.32, 3.66, 3.64, 3.78, 3.89, 4.44, 4.53, 4.62, 4.95, 5.67, 5.56, 4.31, 3.91, 2.47, 1.76, 1.84, 2.62, 2.99, 2.89, 3.26, 3.69, 4.28, 5.23, 6.08, 6.01, 5.93, 5.16, 4.61, 4.54, 4.64, 4.96, 5.33, 6.12, 6.47, 7.33, 8.83, 10.55, 10.91, 10.22], [4.4, 4.68, 4.81, 5.52, 5.14, 5.08, 5.65, 6.5, 6.85, 6.79, 7.5, 7.61, 7.53, 8.11, 8.57, 8.91, 10.67, 11.14, 10.93, 8.33, 4.44, 3.03, 3.15, 3.36, 3.18, 2.52, 1.05, 0, 0.85, 1.22, 1.64, 1.73, 1.88, 2.78, 3.25, 3.33, 3.18, 2.87, 2.81, 2.48, 2.52, 2.4, 2.25, 2.41, 2.83, 3.25, 3.44, 3.49, 3.79, 3.79, 3.87, 4.04, 4.51, 4.7, 4.85, 5.14, 5.42, 5.35, 4.44, 4.08, 2.82, 2.27, 2.33, 3.21, 3.72, 3.72, 4.11, 4.48, 5.13, 5.94, 6.89, 6.86, 6.7, 5.93, 5.34, 5.13, 5.27, 5.65, 6.02, 6.85, 7.18, 8.24, 9.56, 11.4, 11.76, 11.03], [4.63, 4.67, 4.94, 5.63, 5.27, 5.31, 5.86, 6.55, 6.84, 6.92, 7.47, 7.46, 7.42, 8.02, 8.44, 8.84, 10.54, 11.01, 10.82, 8.18, 4.35, 2.88, 3.1, 3.41, 3.25, 2.49, 0.96, 0.85, 0, 1.15, 1.69, 1.9, 2.03, 2.91, 3.26, 3.3, 3.23, 2.94, 2.88, 2.53, 2.51, 2.33, 2.28, 2.5, 2.82, 3.16, 3.47, 3.48, 3.86, 3.82, 3.86, 4.03, 4.48, 4.73, 4.86, 5.15, 5.51, 5.44, 4.47, 4.09, 3.03, 2.3, 2.4, 3.32, 3.55, 3.59, 3.94, 4.37, 4.98, 5.91, 6.76, 6.75, 6.61, 5.92, 5.37, 5.24, 5.32, 5.6, 6.07, 6.84, 7.17, 8.01, 9.51, 11.25, 11.61, 10.92], [4.42, 4.46, 4.87, 5.34, 5.1, 5.14, 5.81, 6.36, 6.89, 6.83, 7.18, 7.19, 7.19, 7.89, 8.11, 8.43, 10.149, 10.58, 10.41, 7.75, 3.9, 2.57, 2.89, 3.0, 3.0, 2.4, 1.15, 1.22, 1.15, 0, 1.32, 1.81, 2.1, 2.88, 3.41, 3.57, 3.56, 3.25, 3.03, 2.8, 2.7, 2.54, 2.49, 2.75, 3.07, 3.59, 3.74, 3.83, 3.99, 4.03, 4.23, 4.42, 4.93, 4.96, 4.93, 5.32, 5.9, 5.77, 4.62, 4.32, 2.94, 2.49, 2.65, 3.41, 3.56, 3.2, 3.45, 3.78, 4.41, 5.28, 6.33, 6.58, 6.52, 5.85, 5.24, 5.05, 5.11, 5.29, 5.52, 6.25, 6.64, 7.92, 9.08, 10.76, 11.08, 10.37], [4.38, 4.6, 4.93, 5.04, 4.74, 4.9, 5.63, 6.26, 6.83, 6.85, 7.32, 7.49, 7.51, 8.335, 8.55, 9.309, 11.089, 11.519, 11.329, 8.69, 4.84, 3.19, 3.01, 3.16, 3.1, 2.7, 1.67, 1.64, 1.69, 1.32, 0, 1.11, 1.62, 2.52, 3.31, 3.49, 3.5, 3.27, 3.09, 3.02, 2.8, 2.6, 2.63, 2.95, 3.21, 3.79, 3.9, 4.01, 4.13, 4.23, 4.49, 4.6, 5.15, 4.96, 4.83, 5.16, 5.76, 5.71, 4.56, 4.22, 2.72, 2.63, 2.87, 3.59, 4.08, 3.94, 4.23, 4.48, 5.13, 6.12, 7.15, 7.1, 6.82, 6.11, 5.4, 5.13, 5.09, 5.11, 5.58, 6.41, 7.3, 8.505, 9.72, 11.5, 11.88, 11.29], [4.53, 5.03, 5.26, 5.17, 4.83, 4.83, 5.46, 6.39, 7.12, 7.06, 7.73, 7.96, 8.04, 8.94, 9.14, 9.9, 11.68, 12.09, 11.9, 9.26, 5.43, 3.76, 3.54, 3.49, 3.37, 3.09, 2.04, 1.73, 1.9, 1.81, 1.11, 0, 0.99, 1.89, 2.7, 2.86, 2.85, 2.58, 2.42, 2.45, 2.21, 2.11, 2.04, 2.3, 2.52, 3.16, 3.31, 3.44, 3.5, 3.64, 3.9, 4.07, 4.64, 4.33, 4.16, 4.47, 5.09, 5.02, 3.91, 3.55, 2.71, 2.6, 2.88, 3.82, 4.51, 4.51, 4.86, 5.15, 5.74, 6.69, 7.72, 7.69, 7.41, 6.68, 5.93, 5.48, 5.46, 5.66, 5.85, 7.0, 7.87, 9.11, 10.29, 12.17, 12.49, 11.86], [4.74, 5.26, 5.41, 5.24, 4.72, 4.7, 5.29, 6.58, 7.31, 7.27, 7.94, 8.21, 8.29, 9.19, 9.39, 10.15, 11.93, 12.34, 12.15, 9.49, 5.68, 3.99, 3.75, 3.62, 3.48, 3.32, 2.25, 1.88, 2.03, 2.1, 1.62, 0.99, 0, 1.22, 1.93, 2.23, 2.42, 2.03, 2.05, 2.02, 1.88, 1.82, 1.97, 2.11, 2.25, 2.83, 3.0, 3.03, 3.13, 3.23, 3.45, 3.76, 4.21, 3.9, 3.69, 3.96, 4.36, 4.29, 3.36, 3.02, 2.62, 2.67, 2.89, 4.03, 4.7, 4.7, 4.99, 5.2, 5.81, 6.9, 7.93, 7.94, 7.68, 6.95, 6.18, 5.75, 5.69, 5.83, 6.14, 7.15, 8.12, 9.36, 10.5, 12.32, 12.56, 12.07], [5.02, 5.54, 5.69, 5.4, 4.88, 4.74, 5.33, 6.86, 7.59, 7.55, 8.22, 8.49, 8.57, 9.47, 9.67, 10.43, 12.21, 12.62, 12.43, 9.77, 5.96, 4.27, 4.03, 3.9, 3.74, 3.72, 2.89, 2.78, 2.91, 2.88, 2.52, 1.89, 1.22, 0, 1.25, 1.91, 2.06, 1.83, 2.01, 1.96, 1.74, 1.74, 2.01, 1.97, 2.05, 2.71, 2.68, 2.71, 2.71, 2.83, 3.09, 3.42, 3.91, 3.56, 3.03, 3.2, 3.66, 3.57, 2.6, 2.34, 2.82, 2.93, 2.95, 4.25, 4.98, 4.98, 5.27, 5.42, 6.07, 7.18, 8.21, 8.22, 7.96, 7.23, 6.46, 6.03, 5.95, 6.09, 6.36, 7.39, 8.4, 9.64, 10.78, 12.58, 12.84, 12.35], [5.25, 5.77, 5.92, 5.65, 5.11, 4.97, 5.48, 7.09, 7.82, 7.78, 8.45, 8.72, 8.8, 9.7, 9.9, 10.66, 12.44, 12.85, 12.66, 10.0, 6.19, 4.5, 4.26, 4.13, 3.97, 3.95, 3.22, 3.25, 3.26, 3.41, 3.31, 2.7, 1.93, 1.25, 0, 1.3, 1.63, 1.48, 1.28, 1.49, 1.35, 1.49, 1.9, 1.88, 1.56, 1.7, 1.81, 1.96, 2.16, 1.88, 2.2, 2.51, 2.84, 2.55, 2.28, 2.33, 3.03, 2.92, 1.69, 1.71, 3.05, 3.14, 3.14, 4.48, 5.21, 5.21, 5.5, 5.65, 6.3, 7.41, 8.44, 8.45, 8.19, 7.46, 6.69, 6.26, 6.18, 6.32, 6.63, 7.62, 8.63, 9.87, 11.01, 12.81, 13.07, 12.58], [5.59, 6.11, 6.26, 6.01, 5.49, 5.31, 5.98, 7.43, 8.16, 8.12, 8.79, 9.06, 9.14, 10.04, 10.24, 11.0, 12.78, 13.19, 13.0, 10.34, 6.53, 4.84, 4.6, 4.47, 4.31, 4.29, 3.46, 3.33, 3.3, 3.57, 3.49, 2.86, 2.23, 1.91, 1.3, 0, 0.69, 0.84, 1.24, 1.39, 1.63, 1.83, 1.98, 2.02, 1.78, 1.48, 1.61, 2.08, 2.28, 2.2, 2.46, 2.49, 2.66, 2.49, 2.82, 2.33, 2.61, 2.52, 1.73, 2.41, 3.39, 3.46, 3.48, 4.82, 5.55, 5.55, 5.84, 5.99, 6.66, 7.75, 8.78, 8.79, 8.53, 7.8, 7.03, 6.6, 6.52, 6.66, 6.95, 7.96, 8.97, 10.21, 11.35, 13.15, 13.43, 12.92], [5.4, 5.94, 6.13, 6.0, 5.5, 5.34, 6.01, 7.26, 7.91, 7.89, 8.58, 8.81, 8.89, 9.79, 9.99, 10.75, 12.57, 13.0, 12.81, 10.17, 6.28, 4.67, 4.35, 4.3, 4.12, 4.18, 3.31, 3.18, 3.23, 3.56, 3.5, 2.85, 2.42, 2.06, 1.63, 0.69, 0, 0.83, 1.29, 1.42, 1.84, 1.96, 2.01, 2.05, 1.91, 1.65, 1.7, 2.19, 2.39, 2.27, 2.61, 2.6, 2.75, 2.5, 2.83, 2.34, 2.56, 2.49, 1.72, 2.32, 3.24, 3.43, 3.33, 4.69, 5.48, 5.44, 5.73, 6.0, 6.63, 7.62, 8.63, 8.56, 8.34, 7.61, 6.84, 6.41, 6.33, 6.47, 6.74, 7.83, 8.72, 9.96, 11.2, 12.96, 13.38, 12.77], [5.39, 5.89, 6.1, 6.07, 5.57, 5.21, 5.78, 7.21, 7.82, 7.8, 8.51, 8.72, 8.8, 9.72, 9.92, 10.7, 12.52, 12.95, 12.76, 10.12, 6.21, 4.62, 4.36, 4.29, 4.01, 4.05, 3.08, 2.87, 2.94, 3.25, 3.27, 2.58, 2.03, 1.83, 1.48, 0.84, 0.83, 0, 0.8, 1.09, 1.57, 1.67, 1.8, 1.68, 1.56, 1.56, 1.67, 1.94, 2.14, 1.92, 2.34, 2.43, 2.78, 2.43, 2.68, 2.45, 2.83, 2.74, 1.81, 2.17, 3.27, 3.3, 3.3, 4.62, 5.41, 5.41, 5.74, 6.05, 6.66, 7.61, 8.6, 8.51, 8.23, 7.5, 6.73, 6.36, 6.26, 6.48, 6.71, 7.82, 8.63, 9.89, 11.15, 13.01, 13.41, 12.74], [5.23, 5.75, 5.96, 6.01, 5.45, 5.05, 5.5, 7.05, 7.66, 7.64, 8.37, 8.56, 8.64, 9.56, 9.76, 10.54, 12.36, 12.79, 12.6, 9.96, 6.05, 4.46, 4.18, 4.11, 3.87, 3.93, 2.96, 2.81, 2.88, 3.03, 3.09, 2.42, 2.05, 2.01, 1.28, 1.24, 1.29, 0.8, 0, 0.79, 1.13, 1.37, 1.58, 1.58, 1.3, 1.2, 1.43, 1.68, 2.0, 1.78, 2.14, 2.17, 2.56, 2.25, 2.6, 2.49, 3.13, 3.06, 1.89, 2.09, 3.13, 3.18, 3.12, 4.5, 5.27, 5.27, 5.6, 5.93, 6.5, 7.45, 8.42, 8.35, 8.09, 7.36, 6.59, 6.22, 6.18, 6.38, 6.67, 7.72, 8.47, 9.73, 11.01, 12.87, 13.25, 12.58], [4.94, 5.4, 5.75, 5.86, 5.34, 4.92, 5.39, 6.98, 7.39, 7.37, 8.12, 8.37, 8.35, 9.23, 9.51, 10.21, 11.99, 12.42, 12.23, 9.59, 5.74, 4.19, 3.95, 3.74, 3.54, 3.58, 2.71, 2.48, 2.53, 2.8, 3.02, 2.45, 2.02, 1.96, 1.49, 1.39, 1.42, 1.09, 0.79, 0, 0.76, 1.18, 1.39, 1.45, 1.19, 1.23, 1.58, 1.65, 1.81, 1.73, 2.07, 2.08, 2.45, 2.58, 2.85, 2.8, 3.28, 3.25, 2.26, 2.08, 2.96, 2.83, 2.89, 4.09, 4.88, 4.88, 5.29, 5.62, 6.27, 7.06, 8.09, 8.0, 7.76, 7.03, 6.52, 6.15, 6.13, 6.33, 6.62, 7.57, 8.2, 9.48, 10.62, 12.56, 12.9, 12.21], [4.44, 4.92, 5.23, 5.32, 4.8, 4.38, 4.83, 6.44, 6.91, 6.89, 7.62, 7.89, 7.89, 8.79, 9.03, 9.75, 11.53, 11.96, 11.77, 9.13, 5.28, 3.65, 3.43, 3.22, 3.06, 3.14, 2.45, 2.52, 2.51, 2.7, 2.8, 2.21, 1.88, 1.74, 1.35, 1.63, 1.84, 1.57, 1.13, 0.76, 0, 0.7, 0.91, 1.01, 0.95, 1.31, 1.54, 1.49, 1.73, 1.71, 1.93, 2.06, 2.51, 2.58, 2.65, 2.78, 3.62, 3.57, 2.24, 1.94, 2.44, 2.35, 2.35, 3.61, 4.38, 4.4, 4.77, 5.08, 5.73, 6.56, 7.59, 7.54, 7.3, 6.57, 6.0, 5.63, 5.61, 5.81, 6.1, 7.03, 7.76, 8.98, 10.16, 12.06, 12.38, 11.73], [4.12, 4.58, 4.81, 4.96, 4.4, 3.98, 4.51, 6.06, 6.59, 6.55, 7.24, 7.51, 7.57, 8.47, 8.67, 9.43, 11.21, 11.64, 11.45, 8.81, 4.96, 3.31, 3.05, 2.98, 2.78, 2.82, 2.25, 2.4, 2.33, 2.54, 2.6, 2.11, 1.82, 1.74, 1.49, 1.83, 1.96, 1.67, 1.37, 1.18, 0.7, 0, 0.79, 1.07, 1.11, 1.49, 1.68, 1.61, 1.79, 1.81, 2.09, 2.18, 2.67, 2.54, 2.61, 2.94, 3.82, 3.73, 2.36, 1.86, 2.02, 2.11, 2.01, 3.29, 4.08, 4.06, 4.39, 4.72, 5.31, 6.28, 7.27, 7.22, 6.98, 6.25, 5.54, 5.17, 5.17, 5.39, 5.7, 6.67, 7.42, 8.64, 9.84, 11.72, 12.06, 11.41], [3.79, 4.35, 4.6, 4.73, 4.23, 3.75, 4.42, 5.69, 6.32, 6.3, 6.99, 7.24, 7.26, 8.16, 8.44, 9.14, 10.92, 11.35, 11.16, 8.52, 4.65, 3.06, 2.9, 2.75, 2.61, 2.65, 2.14, 2.25, 2.28, 2.49, 2.63, 2.04, 1.97, 2.01, 1.9, 1.98, 2.01, 1.8, 1.58, 1.39, 0.91, 0.79, 0, 0.76, 1.18, 1.52, 1.69, 1.72, 1.9, 1.94, 2.2, 2.25, 2.72, 2.69, 2.9, 3.07, 4.01, 3.9, 2.53, 2.11, 1.87, 1.86, 1.96, 3.14, 3.85, 3.93, 4.26, 4.63, 5.2, 6.01, 7.06, 6.91, 6.69, 5.96, 5.35, 4.98, 4.96, 5.16, 5.51, 6.44, 7.09, 8.33, 9.55, 11.55, 11.89, 11.2], [4.03, 4.57, 4.88, 4.93, 4.49, 4.01, 4.5, 5.87, 6.44, 6.48, 7.17, 7.34, 7.36, 8.26, 8.58, 9.3, 11.02, 11.45, 11.22, 8.62, 4.79, 3.26, 3.18, 2.99, 2.77, 3.01, 2.3, 2.41, 2.5, 2.75, 2.95, 2.3, 2.11, 1.97, 1.88, 2.02, 2.05, 1.68, 1.58, 1.45, 1.01, 1.07, 0.76, 0, 0.96, 1.52, 1.59, 1.66, 1.78, 1.8, 1.96, 2.09, 2.66, 2.61, 2.88, 2.93, 3.93, 3.82, 2.33, 2.07, 2.11, 1.84, 2.04, 3.32, 4.01, 4.13, 4.52, 4.87, 5.48, 6.25, 7.26, 7.03, 6.75, 6.08, 5.59, 5.28, 5.26, 5.46, 5.71, 6.7, 7.21, 8.41, 9.75, 11.81, 12.15, 11.42], [4.47, 5.01, 5.28, 5.31, 4.85, 4.41, 4.78, 6.27, 6.88, 6.9, 7.59, 7.78, 7.76, 8.66, 8.96, 9.76, 11.44, 11.89, 11.66, 9.06, 5.25, 3.64, 3.56, 3.37, 3.15, 3.33, 2.68, 2.83, 2.82, 3.07, 3.21, 2.52, 2.25, 2.05, 1.56, 1.78, 1.91, 1.56, 1.3, 1.19, 0.95, 1.11, 1.18, 0.96, 0, 0.98, 1.09, 1.4, 1.42, 1.62, 1.7, 1.75, 2.5, 2.35, 2.38, 2.73, 3.83, 3.74, 2.17, 1.81, 2.63, 2.32, 2.42, 3.72, 4.41, 4.55, 4.92, 5.25, 5.88, 6.69, 7.7, 7.49, 7.05, 6.42, 5.93, 5.64, 5.62, 5.82, 6.05, 7.08, 7.67, 8.73, 10.19, 12.25, 12.57, 11.86], [4.93, 5.47, 5.78, 5.89, 5.35, 4.91, 5.32, 6.77, 7.36, 7.36, 8.05, 8.24, 8.22, 9.12, 9.42, 10.22, 11.94, 12.41, 12.18, 9.58, 5.71, 4.12, 4.02, 3.85, 3.61, 3.77, 3.2, 3.25, 3.16, 3.59, 3.79, 3.16, 2.83, 2.71, 1.7, 1.48, 1.65, 1.56, 1.2, 1.23, 1.31, 1.49, 1.52, 1.52, 0.98, 0, 0.95, 1.32, 1.66, 1.54, 1.6, 1.53, 1.8, 1.85, 2.42, 2.43, 3.29, 3.22, 1.87, 2.03, 3.07, 2.94, 2.9, 4.18, 4.89, 5.01, 5.4, 5.77, 6.38, 7.15, 8.16, 7.95, 7.55, 6.88, 6.39, 6.08, 6.06, 6.26, 6.59, 7.58, 8.17, 9.29, 10.67, 12.71, 13.05, 12.32], [4.6, 5.14, 5.45, 5.56, 5.02, 4.58, 5.01, 6.48, 7.03, 7.05, 7.74, 7.97, 7.91, 8.81, 9.11, 9.87, 11.59, 12.06, 11.85, 9.25, 5.38, 3.85, 3.71, 3.54, 3.32, 3.72, 3.25, 3.44, 3.47, 3.74, 3.9, 3.31, 3.0, 2.68, 1.81, 1.61, 1.7, 1.67, 1.43, 1.58, 1.54, 1.68, 1.69, 1.59, 1.09, 0.95, 0, 1.01, 1.17, 1.15, 1.31, 1.28, 1.69, 1.62, 2.11, 2.16, 3.2, 3.13, 1.6, 1.92, 2.72, 2.67, 2.69, 3.85, 4.56, 4.68, 5.07, 5.42, 6.05, 6.82, 7.83, 7.62, 7.28, 6.55, 6.08, 5.79, 5.77, 5.97, 6.28, 7.23, 7.82, 9.0, 10.34, 12.38, 12.72, 11.99], [4.07, 4.51, 4.84, 5.01, 4.47, 4.03, 4.36, 5.93, 6.48, 6.5, 7.23, 7.4, 7.4, 8.3, 8.6, 9.34, 11.04, 11.49, 11.26, 8.62, 4.81, 3.4, 3.44, 3.31, 3.07, 3.61, 3.32, 3.49, 3.48, 3.83, 4.01, 3.44, 3.03, 2.71, 1.96, 2.08, 2.19, 1.94, 1.68, 1.65, 1.49, 1.61, 1.72, 1.66, 1.4, 1.32, 1.01, 0, 0.82, 0.7, 0.86, 1.03, 1.32, 1.43, 1.9, 2.05, 3.25, 3.32, 1.75, 1.49, 2.19, 2.4, 2.22, 3.24, 3.95, 4.09, 4.42, 4.77, 5.4, 6.19, 7.2, 7.07, 6.77, 6.08, 5.55, 5.28, 5.26, 5.48, 5.81, 6.76, 7.31, 8.45, 9.71, 11.79, 12.07, 11.36], [3.71, 4.21, 4.54, 4.63, 4.15, 3.71, 4.16, 5.69, 6.24, 6.24, 6.99, 7.18, 7.18, 8.04, 8.38, 9.06, 10.76, 11.17, 10.98, 8.32, 4.57, 3.34, 3.36, 3.15, 3.03, 3.51, 3.66, 3.79, 3.86, 3.99, 4.13, 3.5, 3.13, 2.71, 2.16, 2.28, 2.39, 2.14, 2.0, 1.81, 1.73, 1.79, 1.9, 1.78, 1.42, 1.66, 1.17, 0.82, 0, 0.74, 1.02, 1.09, 1.44, 1.53, 1.62, 2.17, 3.47, 3.56, 2.01, 1.47, 2.25, 2.46, 2.4, 2.98, 3.67, 3.83, 4.2, 4.63, 5.16, 5.85, 6.94, 6.83, 6.51, 5.8, 5.33, 4.98, 4.96, 5.16, 5.45, 6.44, 6.97, 8.29, 9.37, 11.49, 11.77, 11.06], [4.13, 4.59, 4.96, 5.11, 4.59, 4.15, 4.54, 6.09, 6.58, 6.58, 7.33, 7.52, 7.5, 8.38, 8.72, 9.4, 11.1, 11.53, 11.34, 8.7, 4.89, 3.64, 3.62, 3.45, 3.29, 3.81, 3.64, 3.79, 3.82, 4.03, 4.23, 3.64, 3.23, 2.83, 1.88, 2.2, 2.27, 1.92, 1.78, 1.73, 1.71, 1.81, 1.94, 1.8, 1.62, 1.54, 1.15, 0.7, 0.74, 0, 0.76, 1.01, 1.24, 1.41, 1.56, 1.89, 3.15, 3.22, 1.73, 1.47, 2.41, 2.64, 2.54, 3.42, 4.03, 4.23, 4.58, 5.03, 5.56, 6.27, 7.32, 7.15, 6.85, 6.16, 5.69, 5.36, 5.34, 5.56, 5.89, 6.86, 7.33, 8.63, 9.75, 11.85, 12.17, 11.44], [4.13, 4.57, 4.94, 5.11, 4.57, 4.13, 4.44, 6.01, 6.52, 6.54, 7.29, 7.44, 7.4, 8.26, 8.62, 9.36, 10.94, 11.31, 11.08, 8.48, 4.85, 3.76, 3.86, 3.69, 3.49, 4.03, 3.78, 3.87, 3.86, 4.23, 4.49, 3.9, 3.45, 3.09, 2.2, 2.46, 2.61, 2.34, 2.14, 2.07, 1.93, 2.09, 2.2, 1.96, 1.7, 1.6, 1.31, 0.86, 1.02, 0.76, 0, 0.69, 1.24, 1.49, 1.82, 2.21, 3.43, 3.5, 2.05, 1.61, 2.51, 2.62, 2.68, 3.44, 3.99, 4.25, 4.6, 5.01, 5.52, 6.23, 7.28, 7.09, 6.53, 6.02, 5.63, 5.36, 5.34, 5.56, 5.91, 6.88, 7.23, 8.39, 9.71, 11.87, 12.15, 11.42], [4.0, 4.4, 4.79, 5.04, 4.48, 4.0, 4.39, 5.9, 6.35, 6.39, 7.14, 7.29, 7.23, 8.09, 8.47, 9.19, 10.77, 11.16, 10.93, 8.31, 4.68, 3.81, 3.89, 3.76, 3.58, 4.06, 3.89, 4.04, 4.03, 4.42, 4.6, 4.07, 3.76, 3.42, 2.51, 2.49, 2.6, 2.43, 2.17, 2.08, 2.06, 2.18, 2.25, 2.09, 1.75, 1.53, 1.28, 1.03, 1.09, 1.01, 0.69, 0, 0.99, 1.12, 1.65, 1.92, 3.34, 3.47, 2.1, 1.62, 2.38, 2.73, 2.75, 3.43, 3.94, 4.3, 4.59, 4.86, 5.35, 6.06, 7.11, 6.92, 6.38, 5.85, 5.48, 5.21, 5.21, 5.45, 5.84, 6.77, 7.08, 8.22, 9.54, 11.7, 11.98, 11.25], [4.01, 4.41, 4.76, 5.05, 4.49, 3.99, 4.44, 5.95, 6.4, 6.44, 7.17, 7.32, 7.28, 8.18, 8.54, 9.2, 10.88, 11.31, 11.08, 8.42, 4.79, 4.2, 4.3, 4.15, 3.99, 4.49, 4.44, 4.51, 4.48, 4.93, 5.15, 4.64, 4.21, 3.91, 2.84, 2.66, 2.75, 2.78, 2.56, 2.45, 2.51, 2.67, 2.72, 2.66, 2.5, 1.8, 1.69, 1.32, 1.44, 1.24, 1.24, 0.99, 0, 0.97, 1.66, 1.85, 3.05, 3.2, 2.13, 1.91, 2.75, 3.3, 3.24, 3.78, 4.19, 4.53, 4.9, 5.19, 5.44, 6.03, 7.06, 6.93, 6.59, 5.92, 5.49, 5.2, 5.2, 5.46, 5.87, 6.78, 7.15, 8.37, 9.51, 11.67, 11.93, 11.2], [3.82, 4.32, 4.53, 4.6, 4.02, 3.62, 4.05, 5.62, 6.29, 6.29, 6.94, 7.19, 7.27, 8.17, 8.37, 9.15, 10.91, 11.34, 11.13, 8.51, 4.74, 4.37, 4.33, 4.3, 4.16, 4.66, 4.53, 4.7, 4.73, 4.96, 4.96, 4.33, 3.9, 3.56, 2.55, 2.49, 2.5, 2.43, 2.25, 2.58, 2.58, 2.54, 2.69, 2.61, 2.35, 1.85, 1.62, 1.43, 1.53, 1.41, 1.49, 1.12, 0.97, 0, 1.09, 1.38, 2.88, 3.09, 1.78, 1.5, 2.58, 3.61, 3.23, 3.95, 4.42, 4.66, 4.99, 5.14, 5.27, 6.06, 7.01, 6.92, 6.66, 5.93, 5.2, 4.85, 4.79, 4.99, 5.32, 6.37, 7.12, 8.34, 9.58, 11.5, 11.84, 11.17], [3.73, 4.25, 4.44, 4.33, 3.85, 3.51, 3.98, 5.57, 6.3, 6.26, 6.93, 7.2, 7.28, 8.18, 8.38, 9.14, 10.92, 11.33, 11.14, 8.48, 4.81, 4.26, 4.16, 4.13, 4.07, 4.49, 4.62, 4.85, 4.86, 4.93, 4.83, 4.16, 3.69, 3.03, 2.28, 2.82, 2.83, 2.68, 2.6, 2.85, 2.65, 2.61, 2.9, 2.88, 2.38, 2.42, 2.11, 1.9, 1.62, 1.56, 1.82, 1.65, 1.66, 1.09, 0, 1.15, 2.77, 3.06, 1.77, 1.19, 2.47, 3.54, 3.24, 3.86, 4.41, 4.59, 4.76, 4.91, 5.08, 5.93, 6.94, 6.93, 6.71, 5.98, 5.21, 4.8, 4.72, 4.86, 5.15, 6.24, 7.15, 8.35, 9.51, 11.35, 11.69, 11.08], [4.8, 5.32, 5.49, 5.32, 4.82, 4.54, 5.03, 6.64, 7.37, 7.33, 8.0, 8.27, 8.35, 9.25, 9.45, 10.21, 11.99, 12.4, 12.21, 9.55, 5.9, 5.11, 4.97, 4.9, 4.84, 5.16, 4.95, 5.14, 5.15, 5.32, 5.16, 4.47, 3.96, 3.2, 2.33, 2.33, 2.34, 2.45, 2.49, 2.8, 2.78, 2.94, 3.07, 2.93, 2.73, 2.43, 2.16, 2.05, 2.17, 1.89, 2.21, 1.92, 1.85, 1.38, 1.15, 0, 1.7, 2.03, 1.12, 1.46, 3.06, 4.11, 3.87, 4.75, 5.38, 5.56, 5.67, 5.74, 6.05, 6.96, 7.99, 8.0, 7.78, 7.05, 6.28, 5.87, 5.75, 5.89, 6.22, 7.27, 8.22, 9.42, 10.56, 12.38, 12.7, 12.13], [6.48, 7.0, 7.15, 7.0, 6.5, 6.2, 6.71, 8.32, 9.05, 9.01, 9.68, 9.95, 10.03, 10.93, 11.13, 11.89, 13.67, 14.08, 13.89, 11.23, 7.46, 6.39, 6.23, 6.16, 6.02, 6.18, 5.67, 5.42, 5.51, 5.9, 5.76, 5.09, 4.36, 3.66, 3.03, 2.61, 2.56, 2.83, 3.13, 3.28, 3.62, 3.82, 4.01, 3.93, 3.83, 3.29, 3.2, 3.25, 3.47, 3.15, 3.43, 3.34, 3.05, 2.88, 2.77, 1.7, 0, 0.59, 1.72, 2.8, 4.5, 5.25, 5.15, 6.13, 6.84, 6.94, 7.01, 7.18, 7.67, 8.64, 9.67, 9.68, 9.44, 8.71, 7.94, 7.53, 7.43, 7.57, 7.88, 8.95, 9.88, 11.1, 12.24, 14.08, 14.38, 13.81], [6.79, 7.29, 7.46, 7.31, 6.81, 6.53, 7.0, 8.61, 9.34, 9.3, 9.97, 10.24, 10.32, 11.22, 11.42, 12.18, 13.96, 14.37, 14.18, 11.52, 7.71, 6.42, 6.2, 6.15, 6.01, 6.07, 5.56, 5.35, 5.44, 5.77, 5.71, 5.02, 4.29, 3.57, 2.92, 2.52, 2.49, 2.74, 3.06, 3.25, 3.57, 3.73, 3.9, 3.82, 3.74, 3.22, 3.13, 3.32, 3.56, 3.22, 3.5, 3.47, 3.2, 3.09, 3.06, 2.03, 0.59, 0, 1.69, 2.91, 4.71, 5.24, 5.22, 6.24, 6.95, 7.03, 7.1, 7.39, 7.94, 8.97, 9.96, 9.97, 9.73, 9.0, 8.23, 7.82, 7.74, 7.88, 8.19, 9.28, 10.17, 11.39, 12.53, 14.41, 14.69, 14.1], [5.44, 5.94, 6.13, 6.0, 5.5, 5.2, 5.63, 7.24, 7.97, 7.93, 8.6, 8.87, 8.95, 9.85, 10.05, 10.81, 12.59, 13.0, 12.81, 10.15, 6.34, 4.89, 4.67, 4.66, 4.44, 4.66, 4.31, 4.44, 4.47, 4.62, 4.56, 3.91, 3.36, 2.6, 1.69, 1.73, 1.72, 1.81, 1.89, 2.26, 2.24, 2.36, 2.53, 2.33, 2.17, 1.87, 1.6, 1.75, 2.01, 1.73, 2.05, 2.1, 2.13, 1.78, 1.77, 1.12, 1.72, 1.69, 0, 1.62, 3.28, 3.61, 3.61, 4.69, 5.44, 5.46, 5.71, 6.02, 6.63, 7.62, 8.59, 8.6, 8.36, 7.63, 6.86, 6.47, 6.39, 6.53, 6.82, 7.91, 8.78, 10.02, 11.18, 13.06, 13.38, 12.75], [3.98, 4.5, 4.71, 4.58, 4.08, 3.78, 4.21, 5.8, 6.47, 6.43, 7.1, 7.37, 7.45, 8.35, 8.55, 9.31, 11.11, 11.54, 11.35, 8.71, 4.84, 3.97, 3.79, 3.78, 3.64, 4.06, 3.91, 4.08, 4.09, 4.32, 4.22, 3.55, 3.02, 2.34, 1.71, 2.41, 2.32, 2.17, 2.09, 2.08, 1.94, 1.86, 2.11, 2.07, 1.81, 2.03, 1.92, 1.49, 1.47, 1.47, 1.61, 1.62, 1.91, 1.5, 1.19, 1.46, 2.8, 2.91, 1.62, 0, 2.04, 3.11, 2.71, 3.65, 4.28, 4.44, 4.57, 4.78, 5.25, 6.2, 7.17, 7.1, 6.88, 6.15, 5.38, 4.99, 4.91, 5.05, 5.36, 6.45, 7.3, 8.52, 9.76, 11.56, 11.96, 11.33], [2.34, 2.86, 3.01, 3.08, 2.66, 2.42, 3.17, 4.32, 4.89, 4.81, 5.46, 5.69, 5.77, 6.65, 6.85, 7.61, 9.41, 9.84, 9.65, 7.01, 3.2, 2.17, 1.97, 1.94, 1.88, 2.38, 2.47, 2.82, 3.03, 2.94, 2.72, 2.71, 2.62, 2.82, 3.05, 3.39, 3.24, 3.27, 3.13, 2.96, 2.44, 2.02, 1.87, 2.11, 2.63, 3.07, 2.72, 2.19, 2.25, 2.41, 2.51, 2.38, 2.75, 2.58, 2.47, 3.06, 4.5, 4.71, 3.28, 2.04, 0, 1.63, 1.47, 1.93, 2.64, 2.72, 2.87, 3.0, 3.47, 4.44, 5.47, 5.4, 5.24, 4.51, 3.76, 3.37, 3.33, 3.53, 4.04, 4.83, 5.64, 6.84, 8.04, 9.78, 10.18, 9.61], [3.17, 3.43, 3.76, 4.17, 3.71, 3.55, 4.12, 5.11, 5.52, 5.46, 6.15, 6.38, 6.26, 7.06, 7.48, 7.98, 9.4, 9.79, 9.56, 6.9, 3.45, 1.88, 2.06, 2.07, 1.65, 1.73, 1.76, 2.27, 2.3, 2.49, 2.63, 2.6, 2.67, 2.93, 3.14, 3.46, 3.43, 3.3, 3.18, 2.83, 2.35, 2.11, 1.86, 1.84, 2.32, 2.94, 2.67, 2.4, 2.46, 2.64, 2.62, 2.73, 3.3, 3.61, 3.54, 4.11, 5.25, 5.24, 3.61, 3.11, 1.63, 0, 1.14, 1.78, 2.29, 2.53, 2.96, 3.53, 4.1, 4.87, 5.82, 5.67, 5.39, 4.74, 4.37, 4.16, 4.16, 4.52, 4.93, 5.82, 6.01, 7.13, 8.35, 10.35, 10.59, 9.84], [3.09, 3.37, 3.54, 4.03, 3.45, 3.31, 3.94, 5.07, 5.5, 5.38, 5.99, 6.32, 6.28, 6.92, 7.32, 7.68, 9.32, 9.75, 9.6, 6.96, 3.17, 1.92, 2.12, 2.27, 2.07, 1.81, 1.84, 2.33, 2.4, 2.65, 2.87, 2.88, 2.89, 2.95, 3.14, 3.48, 3.33, 3.3, 3.12, 2.89, 2.35, 2.01, 1.96, 2.04, 2.42, 2.9, 2.69, 2.22, 2.4, 2.54, 2.68, 2.75, 3.24, 3.23, 3.24, 3.87, 5.15, 5.22, 3.61, 2.71, 1.47, 1.14, 0, 1.6, 2.31, 2.29, 2.66, 3.17, 3.68, 4.77, 5.54, 5.55, 5.49, 4.66, 4.03, 3.76, 3.82, 4.32, 4.71, 5.6, 6.03, 6.95, 8.35, 9.99, 10.31, 9.62], [2.17, 2.29, 2.52, 3.01, 2.81, 2.67, 3.26, 4.03, 4.42, 4.3, 4.95, 5.22, 5.08, 5.72, 6.16, 6.48, 7.96, 8.39, 8.22, 5.52, 2.17, 1.64, 1.86, 1.93, 1.59, 1.71, 2.62, 3.21, 3.32, 3.41, 3.59, 3.82, 4.03, 4.25, 4.48, 4.82, 4.69, 4.62, 4.5, 4.09, 3.61, 3.29, 3.14, 3.32, 3.72, 4.18, 3.85, 3.24, 2.98, 3.42, 3.44, 3.43, 3.78, 3.95, 3.86, 4.75, 6.13, 6.24, 4.69, 3.65, 1.93, 1.78, 1.6, 0, 1.25, 1.25, 1.6, 2.23, 2.64, 3.45, 4.28, 4.31, 4.25, 3.5, 2.93, 2.66, 2.78, 3.22, 3.59, 4.42, 4.77, 5.81, 6.99, 8.77, 9.07, 8.26], [2.36, 2.12, 2.25, 2.86, 2.76, 2.9, 3.45, 3.8, 4.17, 4.29, 4.78, 4.79, 4.65, 5.25, 5.77, 5.95, 7.25, 7.66, 7.49, 4.81, 1.84, 1.85, 2.23, 2.58, 2.26, 2.12, 2.99, 3.72, 3.55, 3.56, 4.08, 4.51, 4.7, 4.98, 5.21, 5.55, 5.48, 5.41, 5.27, 4.88, 4.38, 4.08, 3.85, 4.01, 4.41, 4.89, 4.56, 3.95, 3.67, 4.03, 3.99, 3.94, 4.19, 4.42, 4.41, 5.38, 6.84, 6.95, 5.44, 4.28, 2.64, 2.29, 2.31, 1.25, 0, 0.88, 1.31, 1.94, 2.15, 2.9, 3.73, 3.86, 3.9, 3.21, 2.74, 2.61, 2.71, 2.95, 3.32, 4.03, 4.24, 5.3, 6.48, 8.24, 8.42, 7.65], [2.66, 2.38, 2.53, 2.96, 3.08, 3.2, 3.79, 4.02, 4.47, 4.43, 4.82, 4.85, 4.75, 5.45, 5.71, 5.79, 7.23, 7.68, 7.51, 4.81, 1.6, 1.51, 1.87, 2.2, 1.92, 1.76, 2.89, 3.72, 3.59, 3.2, 3.94, 4.51, 4.7, 4.98, 5.21, 5.55, 5.44, 5.41, 5.27, 4.88, 4.4, 4.06, 3.93, 4.13, 4.55, 5.01, 4.68, 4.09, 3.83, 4.23, 4.25, 4.3, 4.53, 4.66, 4.59, 5.56, 6.94, 7.03, 5.46, 4.44, 2.72, 2.53, 2.29, 1.25, 0.88, 0, 0.89, 1.54, 1.79, 2.76, 3.59, 3.98, 4.1, 3.39, 2.82, 2.67, 2.81, 3.01, 3.32, 4.01, 4.3, 5.38, 6.52, 7.96, 8.12, 7.37], [2.91, 2.65, 2.78, 3.17, 3.19, 3.37, 3.92, 4.21, 4.68, 4.54, 4.85, 4.9, 4.8, 5.54, 5.68, 5.68, 6.94, 7.37, 7.28, 4.52, 1.37, 1.48, 1.82, 2.23, 2.17, 2.03, 3.26, 4.11, 3.94, 3.45, 4.23, 4.86, 4.99, 5.27, 5.5, 5.84, 5.73, 5.74, 5.6, 5.29, 4.77, 4.39, 4.26, 4.52, 4.92, 5.4, 5.07, 4.42, 4.2, 4.58, 4.6, 4.59, 4.9, 4.99, 4.76, 5.67, 7.01, 7.1, 5.71, 4.57, 2.87, 2.96, 2.66, 1.6, 1.31, 0.89, 0, 1.05, 1.46, 2.53, 3.44, 4.05, 4.19, 3.5, 2.91, 2.76, 2.88, 3.04, 3.33, 4.0, 4.35, 5.39, 6.43, 7.51, 7.71, 7.08], [3.22, 3.0, 2.97, 3.14, 3.36, 3.66, 4.25, 4.22, 4.57, 4.41, 4.64, 4.69, 4.65, 5.37, 5.49, 5.57, 6.91, 7.26, 7.13, 4.41, 1.64, 1.97, 2.19, 2.48, 2.54, 2.68, 3.69, 4.48, 4.37, 3.78, 4.48, 5.15, 5.2, 5.42, 5.65, 5.99, 6.0, 6.05, 5.93, 5.62, 5.08, 4.72, 4.63, 4.87, 5.25, 5.77, 5.42, 4.77, 4.63, 5.03, 5.01, 4.86, 5.19, 5.14, 4.91, 5.74, 7.18, 7.39, 6.02, 4.78, 3.0, 3.53, 3.17, 2.23, 1.94, 1.54, 1.05, 0, 1.21, 2.28, 3.39, 3.96, 4.06, 3.33, 2.78, 2.65, 2.77, 2.85, 3.06, 3.59, 4.1, 5.28, 6.26, 7.18, 7.44, 6.93], [3.07, 2.83, 2.76, 3.01, 3.17, 3.45, 4.04, 4.09, 4.44, 4.18, 4.03, 4.14, 4.28, 4.92, 4.92, 4.74, 6.14, 6.55, 6.44, 3.7, 1.47, 2.42, 2.52, 2.71, 3.01, 3.19, 4.28, 5.13, 4.98, 4.41, 5.13, 5.74, 5.81, 6.07, 6.3, 6.66, 6.63, 6.66, 6.5, 6.27, 5.73, 5.31, 5.2, 5.48, 5.88, 6.38, 6.05, 5.4, 5.16, 5.56, 5.52, 5.35, 5.44, 5.27, 5.08, 6.05, 7.67, 7.94, 6.63, 5.25, 3.47, 4.1, 3.68, 2.64, 2.15, 1.79, 1.46, 1.21, 0, 1.53, 2.6, 3.37, 3.67, 3.1, 2.67, 2.52, 2.5, 2.66, 2.77, 3.28, 3.61, 4.61, 5.45, 6.57, 6.77, 6.28], [2.7, 2.3, 2.39, 2.46, 2.94, 3.1, 3.47, 3.18, 3.43, 3.21, 3.0, 3.15, 3.19, 3.83, 3.83, 3.57, 5.03, 5.46, 5.25, 2.63, 2.1, 3.21, 3.35, 3.36, 3.74, 4.18, 5.23, 5.94, 5.91, 5.28, 6.12, 6.69, 6.9, 7.18, 7.41, 7.75, 7.62, 7.61, 7.45, 7.06, 6.56, 6.28, 6.01, 6.25, 6.69, 7.15, 6.82, 6.19, 5.85, 6.27, 6.23, 6.06, 6.03, 6.06, 5.93, 6.96, 8.64, 8.97, 7.62, 6.2, 4.44, 4.87, 4.77, 3.45, 2.9, 2.76, 2.53, 2.28, 1.53, 0, 1.51, 2.44, 2.74, 2.25, 2.14, 2.05, 1.99, 2.05, 2.14, 2.63, 2.66, 3.56, 4.2, 5.7, 5.94, 5.23], [3.27, 2.75, 2.6, 2.81, 3.35, 3.47, 3.3, 2.27, 2.4, 2.34, 2.03, 2.22, 2.22, 2.84, 2.84, 2.38, 4.04, 4.45, 4.26, 1.82, 3.15, 4.1, 4.28, 4.45, 4.75, 4.97, 6.08, 6.89, 6.76, 6.33, 7.15, 7.72, 7.93, 8.21, 8.44, 8.78, 8.63, 8.6, 8.42, 8.09, 7.59, 7.27, 7.06, 7.26, 7.7, 8.16, 7.83, 7.2, 6.94, 7.32, 7.28, 7.11, 7.06, 7.01, 6.94, 7.99, 9.67, 9.96, 8.59, 7.17, 5.47, 5.82, 5.54, 4.28, 3.73, 3.59, 3.44, 3.39, 2.6, 1.51, 0, 1.41, 1.85, 1.7, 2.03, 2.34, 2.46, 2.4, 2.07, 1.86, 1.91, 2.47, 3.19, 4.65, 4.89, 4.16], [3.22, 2.72, 2.57, 2.92, 3.38, 3.5, 3.19, 1.92, 1.55, 1.75, 1.44, 1.35, 1.27, 1.71, 2.01, 2.35, 4.03, 4.46, 4.25, 2.15, 3.68, 4.27, 4.21, 4.36, 4.58, 5.08, 6.01, 6.86, 6.75, 6.58, 7.1, 7.69, 7.94, 8.22, 8.45, 8.79, 8.56, 8.51, 8.35, 8.0, 7.54, 7.22, 6.91, 7.03, 7.49, 7.95, 7.62, 7.07, 6.83, 7.15, 7.09, 6.92, 6.93, 6.92, 6.93, 8.0, 9.68, 9.97, 8.6, 7.1, 5.4, 5.67, 5.55, 4.31, 3.86, 3.98, 4.05, 3.96, 3.37, 2.44, 1.41, 0, 1.0, 1.25, 1.94, 2.31, 2.37, 2.39, 1.98, 1.45, 1.32, 1.6, 2.9, 4.8, 5.14, 4.39], [3.1, 2.64, 2.57, 2.8, 3.3, 3.4, 3.09, 1.94, 1.51, 1.55, 1.58, 1.55, 1.35, 2.03, 2.41, 3.15, 4.77, 5.2, 4.97, 2.67, 3.88, 4.45, 4.19, 4.44, 4.38, 5.1, 5.93, 6.7, 6.61, 6.52, 6.82, 7.41, 7.68, 7.96, 8.19, 8.53, 8.34, 8.23, 8.09, 7.76, 7.3, 6.98, 6.69, 6.75, 7.05, 7.55, 7.28, 6.77, 6.51, 6.85, 6.53, 6.38, 6.59, 6.66, 6.71, 7.78, 9.44, 9.73, 8.36, 6.88, 5.24, 5.39, 5.49, 4.25, 3.9, 4.1, 4.19, 4.06, 3.67, 2.74, 1.85, 1.0, 0, 0.93, 1.76, 2.17, 2.19, 2.11, 1.72, 1.45, 1.46, 2.0, 3.62, 5.62, 5.98, 5.25], [2.43, 1.93, 1.82, 2.19, 2.67, 2.73, 2.64, 1.71, 1.62, 1.5, 1.83, 1.92, 1.78, 2.46, 2.88, 3.52, 5.2, 5.67, 5.46, 2.92, 3.13, 3.72, 3.48, 3.81, 3.75, 4.29, 5.16, 5.93, 5.92, 5.85, 6.11, 6.68, 6.95, 7.23, 7.46, 7.8, 7.61, 7.5, 7.36, 7.03, 6.57, 6.25, 5.96, 6.08, 6.42, 6.88, 6.55, 6.08, 5.8, 6.16, 6.02, 5.85, 5.92, 5.93, 5.98, 7.05, 8.71, 9.0, 7.63, 6.15, 4.51, 4.74, 4.66, 3.5, 3.21, 3.39, 3.5, 3.33, 3.1, 2.25, 1.7, 1.25, 0.93, 0, 0.99, 1.4, 1.5, 1.48, 1.25, 1.46, 1.61, 2.59, 4.01, 5.99, 6.35, 5.62], [2.02, 1.58, 1.35, 1.6, 1.98, 2.14, 2.31, 1.74, 2.11, 1.95, 2.42, 2.55, 2.55, 3.21, 3.55, 4.09, 5.87, 6.34, 6.15, 3.49, 2.86, 3.39, 3.15, 3.62, 3.46, 3.76, 4.61, 5.34, 5.37, 5.24, 5.4, 5.93, 6.18, 6.46, 6.69, 7.03, 6.84, 6.73, 6.59, 6.52, 6.0, 5.54, 5.35, 5.59, 5.93, 6.39, 6.08, 5.55, 5.33, 5.69, 5.63, 5.48, 5.49, 5.2, 5.21, 6.28, 7.94, 8.23, 6.86, 5.38, 3.76, 4.37, 4.03, 2.93, 2.74, 2.82, 2.91, 2.78, 2.67, 2.14, 2.03, 1.94, 1.76, 0.99, 0, 0.55, 0.79, 1.01, 1.04, 1.73, 2.18, 3.3, 4.66, 6.44, 6.82, 6.15], [1.79, 1.55, 1.32, 1.47, 1.81, 1.95, 2.36, 1.91, 2.5, 2.16, 2.73, 2.9, 2.96, 3.58, 3.92, 4.46, 6.28, 6.71, 6.52, 3.88, 2.75, 3.28, 2.96, 3.35, 3.25, 3.59, 4.54, 5.13, 5.24, 5.05, 5.13, 5.48, 5.75, 6.03, 6.26, 6.6, 6.41, 6.36, 6.22, 6.15, 5.63, 5.17, 4.98, 5.28, 5.64, 6.08, 5.79, 5.28, 4.98, 5.36, 5.36, 5.21, 5.2, 4.85, 4.8, 5.87, 7.53, 7.82, 6.47, 4.99, 3.37, 4.16, 3.76, 2.66, 2.61, 2.67, 2.76, 2.65, 2.52, 2.05, 2.34, 2.31, 2.17, 1.4, 0.55, 0, 0.64, 0.94, 1.11, 2.0, 2.57, 3.71, 4.99, 6.75, 7.13, 6.48], [1.73, 1.49, 1.36, 1.35, 1.71, 1.85, 2.26, 2.01, 2.46, 2.1, 2.67, 2.9, 2.96, 3.6, 3.94, 4.56, 6.38, 6.81, 6.62, 3.98, 2.87, 3.38, 3.0, 3.23, 3.27, 3.61, 4.64, 5.27, 5.32, 5.11, 5.09, 5.46, 5.69, 5.95, 6.18, 6.52, 6.33, 6.26, 6.18, 6.13, 5.61, 5.17, 4.96, 5.26, 5.62, 6.06, 5.77, 5.26, 4.96, 5.34, 5.34, 5.21, 5.2, 4.79, 4.72, 5.75, 7.43, 7.74, 6.39, 4.91, 3.33, 4.16, 3.82, 2.78, 2.71, 2.81, 2.88, 2.77, 2.5, 1.99, 2.46, 2.37, 2.19, 1.5, 0.79, 0.64, 0, 0.82, 1.05, 1.98, 2.59, 3.75, 5.05, 6.83, 7.23, 6.58], [1.85, 1.51, 1.62, 1.33, 1.67, 1.93, 2.32, 1.91, 2.36, 2.04, 2.67, 2.62, 2.72, 3.6, 3.74, 4.52, 6.34, 6.77, 6.58, 3.94, 3.07, 3.56, 3.1, 3.45, 3.51, 4.11, 4.96, 5.65, 5.6, 5.29, 5.11, 5.66, 5.83, 6.09, 6.32, 6.66, 6.47, 6.48, 6.38, 6.33, 5.81, 5.39, 5.16, 5.46, 5.82, 6.26, 5.97, 5.48, 5.16, 5.56, 5.56, 5.45, 5.46, 4.99, 4.86, 5.89, 7.57, 7.88, 6.53, 5.05, 3.53, 4.52, 4.32, 3.22, 2.95, 3.01, 3.04, 2.85, 2.66, 2.05, 2.4, 2.39, 2.11, 1.48, 1.01, 0.94, 0.82, 0, 0.91, 1.6, 2.47, 3.71, 4.97, 6.73, 7.15, 6.54], [2.28, 1.94, 1.97, 1.5, 2.08, 2.28, 2.51, 1.84, 2.23, 2.01, 2.26