[[0, 0.87, 1.05, 1.37, 1.76, 2.02, 2.58, 4.4, 5.33, 5.53, 5.51, 5.55, 5.02, 4.79, 5.02, 6.09, 7.59, 9.046, 9.653, 10.0, 9.883, 9.586, 10.17, 12.443, 14.151, 13.127, 12.917, 14.584, 14.95, 15.064, 14.644, 14.449, 14.407, 14.746, 14.957, 15.119, 15.619, 15.796, 15.973, 15.761, 15.06, 13.837, 12.994, 13.388, 13.751, 13.014, 12.906, 12.714, 12.798, 12.475, 11.522, 10.73, 10.42, 10.38, 10.811, 11.563, 11.47, 9.31, 7.34, 7.84, 7.21, 5.37, 5.12, 5.16, 4.62, 4.32, 4.57, 3.57, 3.22, 3.19, 2.64, 2.89, 2.77, 2.95, 3.68, 4.23, 4.8, 6.3, 8.36, 10.493, 12.041, 12.066, 10.676, 9.576, 9.376, 9.536], [0.87, 0, 1.02, 1.36, 1.71, 1.99, 2.73, 4.65, 5.44, 5.6, 5.8, 5.8, 5.25, 5.04, 5.29, 6.38, 7.86, 9.296, 9.909, 10.25, 10.119, 9.899, 10.44, 12.659, 14.407, 13.392, 13.199, 14.872, 15.24, 15.369, 14.969, 14.713, 14.657, 15.004, 15.216, 15.372, 15.872, 16.089, 16.291, 16.062, 15.339, 14.116, 13.273, 13.642, 14.004, 13.273, 13.168, 12.993, 13.082, 12.779, 11.806, 11.023, 10.713, 10.653, 11.09, 11.816, 11.74, 9.58, 7.41, 7.99, 7.34, 5.58, 5.35, 5.37, 4.75, 4.41, 4.809, 3.743, 3.33, 3.16, 2.49, 2.84, 2.74, 2.94, 3.65, 4.2, 4.75, 6.35, 8.61, 10.743, 12.257, 12.278, 10.891, 9.829, 9.626, 9.786], [1.05, 1.02, 0, 0.8, 1.15, 1.59, 2.45, 4.31, 5.24, 5.48, 5.58, 5.5, 4.89, 4.84, 5.25, 6.3, 7.82, 9.281, 9.865, 10.209, 10.095, 9.707, 10.345, 12.648, 14.375, 13.283, 12.933, 14.623, 14.9, 15.103, 14.72, 14.632, 14.588, 14.907, 15.049, 15.197, 15.803, 15.914, 16.071, 15.839, 15.124, 13.941, 13.138, 13.529, 13.872, 13.135, 13.044, 12.84, 12.882, 12.618, 11.688, 10.886, 10.584, 10.516, 10.978, 11.744, 11.557, 9.4, 7.27, 7.97, 7.28, 5.46, 5.33, 5.383, 4.57, 4.21, 4.708, 3.86, 3.43, 3.42, 2.69, 2.74, 2.62, 2.8, 3.39, 4.02, 4.75, 6.39, 8.524, 10.745, 12.305, 12.303, 10.893, 9.745, 9.585, 9.768], [1.37, 1.36, 0.8, 0, 0.63, 1.13, 2.11, 4.03, 4.94, 5.2, 5.28, 5.12, 4.37, 4.44, 4.87, 5.92, 7.46, 8.97, 9.505, 9.85, 9.715, 9.318, 9.965, 12.243, 13.992, 12.868, 12.53, 14.152, 14.4, 14.617, 14.32, 14.27, 14.225, 14.48, 14.629, 14.805, 15.425, 15.522, 15.705, 15.461, 14.687, 13.521, 12.732, 13.126, 13.469, 12.732, 12.641, 12.496, 12.481, 12.236, 11.322, 10.482, 10.172, 10.092, 10.572, 11.343, 11.128, 9.02, 6.89, 7.59, 6.9, 5.06, 4.95, 4.966, 4.15, 3.81, 4.308, 3.52, 3.29, 3.32, 2.75, 2.42, 2.22, 2.32, 2.93, 3.62, 4.35, 6.01, 8.132, 10.365, 11.925, 11.923, 10.513, 9.339, 9.199, 9.368], [1.76, 1.71, 1.15, 0.63, 0, 0.98, 2.16, 4.06, 5.07, 5.35, 5.39, 5.19, 4.44, 4.51, 4.96, 6.01, 7.55, 9.06, 9.595, 9.9, 9.805, 9.385, 10.032, 12.307, 14.056, 12.938, 12.6, 14.184, 14.41, 14.684, 14.41, 14.345, 14.315, 14.541, 14.676, 14.875, 15.493, 15.569, 15.769, 15.525, 14.731, 13.585, 12.796, 13.19, 13.533, 12.779, 12.708, 12.557, 12.552, 12.303, 11.366, 10.546, 10.236, 10.156, 10.63, 11.407, 11.181, 9.07, 6.96, 7.66, 6.969, 5.13, 5.02, 5.036, 4.12, 3.88, 4.369, 3.77, 3.64, 3.65, 2.94, 2.55, 2.15, 2.17, 2.8, 3.49, 4.3, 6.08, 8.202, 10.435, 11.995, 11.99, 10.58, 9.403, 9.263, 9.437], [2.02, 1.99, 1.59, 1.13, 0.98, 0, 1.62, 3.48, 4.65, 4.97, 5.01, 4.55, 3.8, 3.85, 4.2, 5.25, 6.91, 8.4, 8.97, 9.32, 9.18, 8.72, 9.269, 11.592, 13.31, 12.195, 11.86, 13.407, 13.61, 13.91, 13.71, 13.64, 13.572, 13.836, 13.947, 14.12, 14.767, 14.837, 15.006, 14.751, 13.994, 12.848, 12.033, 12.424, 12.767, 12.013, 11.939, 11.817, 11.791, 11.533, 10.64, 9.8, 9.522, 9.442, 9.919, 10.662, 10.392, 8.289, 6.2, 6.9, 6.21, 4.41, 4.28, 4.331, 3.4, 3.16, 3.663, 3.41, 3.54, 3.61, 2.92, 2.21, 1.71, 1.57, 2.12, 2.77, 3.52, 5.34, 7.479, 9.689, 11.249, 11.245, 9.855, 8.686, 8.497, 8.732], [2.58, 2.73, 2.45, 2.11, 2.16, 1.62, 0, 2.16, 3.31, 3.63, 3.57, 3.33, 2.72, 2.73, 3.02, 4.03, 5.49, 6.98, 7.65, 7.92, 7.796, 7.44, 8.032, 10.384, 12.073, 10.993, 10.66, 12.236, 12.59, 12.724, 12.47, 12.391, 12.341, 12.63, 12.739, 12.895, 13.533, 13.644, 13.824, 13.572, 12.817, 11.634, 10.831, 11.177, 11.52, 10.763, 10.694, 10.589, 10.589, 10.331, 9.432, 8.578, 8.322, 8.242, 8.719, 9.453, 9.167, 7.03, 5.12, 5.72, 5.03, 3.23, 3.04, 3.26, 2.5, 2.14, 2.67, 2.83, 2.74, 2.95, 2.52, 1.97, 1.83, 2.01, 1.88, 2.21, 2.78, 4.24, 6.28, 8.446, 10.026, 10.002, 8.626, 7.483, 7.249, 7.503], [4.4, 4.65, 4.31, 4.03, 4.06, 3.48, 2.16, 0, 1.47, 1.85, 1.95, 1.71, 1.46, 1.69, 1.86, 2.39, 3.81, 5.28, 5.91, 6.2, 6.08, 5.72, 6.295, 8.621, 10.313, 9.23, 8.843, 10.492, 10.81, 10.973, 10.667, 10.613, 10.578, 10.882, 11.027, 11.166, 11.778, 11.837, 12.005, 11.783, 11.091, 9.868, 9.077, 9.468, 9.81, 9.073, 8.982, 8.727, 8.777, 8.557, 7.669, 6.824, 6.574, 6.494, 6.959, 7.699, 7.464, 5.35, 3.8, 4.14, 3.47, 2.07, 2.04, 2.12, 2.14, 1.84, 2.13, 2.77, 2.9, 3.17, 3.12, 3.07, 3.59, 3.69, 3.04, 2.55, 2.28, 2.9, 4.52, 6.695, 8.275, 8.253, 6.883, 5.741, 5.541, 5.758], [5.33, 5.44, 5.24, 4.94, 5.07, 4.65, 3.31, 1.47, 0, 0.7, 1.12, 1.38, 1.55, 1.76, 1.75, 1.66, 3.04, 4.515, 5.16, 5.463, 5.349, 4.949, 5.576, 7.905, 9.614, 8.499, 8.13, 9.74, 10.0, 10.2, 9.931, 9.851, 9.841, 10.151, 10.255, 10.416, 11.013, 11.101, 11.295, 11.05, 10.312, 9.158, 8.355, 8.726, 9.078, 8.321, 8.241, 8.04, 8.081, 7.852, 6.956, 6.116, 5.84, 5.76, 6.237, 6.977, 6.691, 4.6, 3.63, 3.87, 3.12, 3.0, 2.87, 2.99, 3.25, 2.93, 2.72, 3.14, 3.07, 3.26, 3.83, 4.08, 4.76, 4.86, 4.29, 3.88, 3.43, 2.93, 3.89, 5.996, 7.556, 7.552, 6.199, 5.096, 4.9, 5.116], [5.53, 5.6, 5.48, 5.2, 5.35, 4.97, 3.63, 1.85, 0.7, 0, 0.9, 1.4, 1.57, 1.7, 1.67, 1.46, 2.8, 4.267, 4.9, 5.21, 5.092, 4.727, 5.331, 7.662, 9.372, 8.274, 7.944, 9.614, 9.877, 10.094, 9.748, 9.614, 9.593, 9.914, 10.077, 10.216, 10.768, 10.879, 11.078, 10.824, 10.152, 8.949, 8.104, 8.518, 8.88, 8.143, 8.032, 7.797, 7.878, 7.627, 6.717, 5.88, 5.607, 5.53, 6.024, 6.747, 6.574, 4.54, 3.61, 3.81, 3.24, 3.26, 2.97, 3.21, 3.47, 3.11, 2.88, 3.26, 3.19, 3.32, 3.99, 4.36, 5.06, 5.2, 4.57, 4.1, 3.65, 3.07, 3.73, 5.754, 7.302, 7.326, 5.942, 4.86, 4.72, 4.94], [5.51, 5.8, 5.58, 5.28, 5.39, 5.01, 3.57, 1.95, 1.12, 0.9, 0, 1.1, 1.55, 1.58, 1.57, 1.26, 2.4, 3.79, 4.36, 4.65, 4.558, 4.167, 4.808, 7.126, 8.824, 7.74, 7.49, 9.117, 9.44, 9.597, 9.22, 9.125, 9.066, 9.367, 9.555, 9.717, 10.295, 10.38, 10.565, 10.348, 9.624, 8.401, 7.598, 7.989, 8.352, 7.615, 7.504, 7.333, 7.351, 7.079, 6.177, 5.343, 5.067, 4.993, 5.484, 6.187, 6.06, 4.14, 3.33, 3.47, 2.88, 2.98, 2.67, 2.83, 3.19, 2.87, 2.68, 3.0, 2.97, 3.1, 3.81, 4.18, 4.94, 5.08, 4.57, 3.86, 3.33, 2.75, 3.27, 5.188, 6.768, 6.778, 5.42, 4.4, 4.26, 4.44], [5.55, 5.8, 5.5, 5.12, 5.19, 4.55, 3.33, 1.71, 1.38, 1.4, 1.1, 0, 1.17, 1.54, 1.53, 1.42, 2.66, 4.17, 4.88, 5.01, 4.87, 4.43, 4.991, 7.257, 8.992, 7.868, 7.567, 9.24, 9.5, 9.74, 9.36, 9.258, 9.202, 9.495, 9.698, 9.873, 10.484, 10.513, 10.724, 10.513, 9.755, 8.572, 7.769, 8.178, 8.541, 7.803, 7.692, 7.473, 7.505, 7.247, 6.314, 5.494, 5.184, 5.104, 5.601, 6.355, 6.22, 4.22, 2.93, 3.17, 2.62, 2.54, 2.21, 2.35, 2.57, 2.27, 2.2, 2.8, 3.13, 3.14, 3.69, 3.96, 4.64, 4.76, 3.79, 3.22, 2.73, 2.17, 3.25, 5.374, 6.928, 6.952, 5.58, 4.44, 4.3, 4.437], [5.02, 5.25, 4.89, 4.37, 4.44, 3.8, 2.72, 1.46, 1.55, 1.57, 1.55, 1.17, 0, 0.87, 1.0, 1.75, 3.31, 4.76, 5.45, 5.64, 5.52, 5.12, 5.695, 7.953, 9.719, 8.598, 8.22, 9.847, 10.09, 10.35, 10.07, 9.965, 9.955, 10.187, 10.356, 10.526, 11.17, 11.24, 11.412, 11.179, 10.416, 9.253, 8.462, 8.853, 9.199, 8.462, 8.368, 8.217, 8.194, 7.942, 7.029, 6.209, 5.879, 5.799, 6.279, 7.07, 6.87, 4.81, 3.3, 3.58, 2.93, 2.37, 2.16, 2.52, 2.24, 1.96, 1.69, 2.19, 2.56, 2.51, 3.1, 3.25, 3.93, 4.01, 3.34, 2.93, 2.68, 2.7, 3.88, 6.095, 7.655, 7.653, 6.275, 5.081, 4.961, 5.118], [4.79, 5.04, 4.84, 4.44, 4.51, 3.85, 2.73, 1.69, 1.76, 1.7, 1.58, 1.54, 0.87, 0, 0.75, 1.66, 3.3, 4.75, 5.3, 5.63, 5.47, 5.07, 5.577, 7.832, 9.633, 8.586, 8.37, 9.96, 10.32, 10.5, 10.12, 9.91, 9.88, 10.11, 10.318, 10.511, 11.11, 11.223, 11.406, 11.174, 10.407, 9.224, 8.381, 8.793, 9.156, 8.418, 8.328, 8.224, 8.211, 7.905, 6.94, 6.146, 5.781, 5.733, 6.17, 6.99, 6.857, 4.74, 3.25, 3.47, 2.88, 2.12, 2.09, 2.39, 2.11, 1.77, 1.54, 1.88, 2.29, 2.38, 2.91, 3.06, 3.72, 3.8, 3.47, 2.76, 2.55, 2.57, 3.79, 5.977, 7.525, 7.535, 6.142, 4.94, 4.82, 4.98], [5.02, 5.29, 5.25, 4.87, 4.96, 4.2, 3.02, 1.86, 1.75, 1.67, 1.57, 1.53, 1.0, 0.75, 0, 1.39, 3.03, 4.46, 5.07, 5.42, 5.28, 4.88, 5.21, 7.466, 9.169, 8.213, 8.08, 9.67, 10.03, 10.17, 9.85, 9.54, 9.47, 9.751, 9.966, 10.136, 10.685, 10.868, 11.039, 10.821, 10.083, 8.86, 8.017, 8.392, 8.754, 8.02, 7.926, 7.837, 7.869, 7.521, 6.548, 5.756, 5.446, 5.412, 5.846, 6.566, 6.49, 4.35, 3.18, 3.28, 2.69, 2.05, 1.9, 2.24, 2.16, 1.92, 1.53, 1.99, 2.42, 2.55, 3.22, 3.31, 3.99, 4.19, 3.8, 2.97, 2.48, 2.48, 3.4, 5.513, 7.058, 7.088, 5.698, 4.579, 4.43, 4.61], [6.09, 6.38, 6.3, 5.92, 6.01, 5.25, 4.03, 2.39, 1.66, 1.46, 1.26, 1.42, 1.75, 1.66, 1.39, 0, 1.88, 3.47, 4.0, 4.21, 4.07, 3.71, 4.1, 6.398, 8.096, 7.06, 6.91, 8.517, 8.9, 9.06, 8.68, 8.45, 8.366, 8.658, 8.873, 9.046, 9.624, 9.746, 9.943, 9.705, 8.976, 7.753, 6.91, 7.299, 7.662, 6.927, 6.85, 6.713, 6.737, 6.425, 5.452, 4.646, 4.356, 4.293, 4.747, 5.473, 5.38, 3.4, 2.91, 3.05, 2.52, 2.66, 2.51, 2.61, 3.03, 2.71, 2.44, 3.06, 3.43, 3.56, 4.27, 4.4, 5.08, 5.26, 4.57, 3.74, 3.13, 2.35, 2.65, 4.457, 6.008, 6.021, 4.72, 3.68, 3.52, 3.74], [7.59, 7.86, 7.82, 7.46, 7.55, 6.91, 5.49, 3.81, 3.04, 2.8, 2.4, 2.66, 3.31, 3.3, 3.03, 1.88, 0, 1.81, 2.64, 2.65, 2.59, 2.51, 2.78, 5.016, 6.664, 5.72, 5.53, 7.077, 7.5, 7.537, 7.26, 7.067, 7.006, 7.301, 7.456, 7.601, 8.153, 8.397, 8.594, 8.325, 7.596, 6.373, 5.49, 5.802, 6.164, 5.464, 5.384, 5.312, 5.357, 5.09, 4.137, 3.294, 3.004, 3.01, 3.43, 4.15, 3.9, 3.0, 4.05, 3.73, 3.58, 4.3, 4.09, 4.15, 4.69, 4.41, 4.06, 4.64, 4.87, 5.0, 5.69, 5.86, 6.64, 6.86, 6.13, 5.4, 4.79, 3.45, 2.47, 3.24, 4.68, 4.69, 3.8, 3.16, 3.08, 3.44], [9.046, 9.296, 9.281, 8.97, 9.06, 8.4, 6.98, 5.28, 4.515, 4.267, 3.79, 4.17, 4.76, 4.75, 4.46, 3.47, 1.81, 0, 1.35, 1.32, 1.34, 1.32, 1.41, 3.58, 5.194, 4.33, 4.14, 5.69, 6.13, 6.17, 5.89, 5.68, 5.564, 5.849, 6.02, 6.159, 6.703, 6.984, 7.181, 6.895, 6.157, 4.937, 4.054, 4.374, 4.737, 4.017, 3.909, 3.919, 3.964, 3.68, 2.71, 1.99, 2.1, 2.22, 2.36, 3.08, 2.95, 4.05, 5.54, 5.2, 4.95, 5.65, 5.4, 5.5, 6.04, 5.86, 5.43, 5.95, 6.22, 6.41, 7.14, 7.29, 8.13, 8.33, 7.64, 6.81, 6.16, 4.86, 3.56, 2.91, 3.73, 3.68, 3.35, 3.53, 3.81, 4.11], [9.653, 9.909, 9.865, 9.505, 9.595, 8.97, 7.65, 5.91, 5.16, 4.9, 4.36, 4.88, 5.45, 5.3, 5.07, 4.0, 2.64, 1.35, 0, 0.93, 1.11, 1.47, 1.5, 2.83, 4.556, 3.66, 3.55, 5.12, 5.52, 5.64, 5.26, 5.01, 4.88, 5.102, 5.316, 5.486, 6.065, 6.272, 6.475, 6.206, 5.448, 4.21, 3.367, 3.747, 4.104, 3.364, 3.324, 3.48, 3.422, 2.99, 2.18, 2.18, 2.43, 2.57, 2.35, 2.85, 2.92, 4.72, 6.23, 5.95, 5.74, 6.44, 6.15, 6.29, 6.83, 6.61, 6.14, 6.46, 6.79, 6.98, 7.73, 7.9, 8.6, 8.96, 8.49, 7.7, 6.89, 5.57, 4.15, 3.52, 3.9, 3.59, 3.86, 4.2, 4.58, 4.8], [10.0, 10.25, 10.209, 9.85, 9.9, 9.32, 7.92, 6.2, 5.463, 5.21, 4.65, 5.01, 5.64, 5.63, 5.42, 4.21, 2.65, 1.32, 0.93, 0, 0.98, 1.36, 1.43, 2.58, 4.306, 3.47, 3.34, 4.89, 5.29, 5.37, 5.05, 4.84, 4.69, 4.817, 5.037, 5.208, 5.784, 6.048, 6.245, 5.979, 5.147, 3.906, 3.08, 3.443, 3.754, 3.146, 3.08, 3.21, 3.18, 2.88, 2.15, 1.83, 2.12, 2.34, 2.34, 2.68, 2.67, 4.27, 5.96, 5.68, 5.51, 6.35, 6.1, 6.24, 6.78, 6.72, 6.17, 6.83, 7.14, 7.33, 8.06, 8.15, 8.95, 9.27, 8.56, 7.65, 6.82, 5.5, 3.94, 3.11, 3.53, 3.4, 3.53, 3.89, 4.25, 4.53], [9.883, 10.119, 10.095, 9.715, 9.805, 9.18, 7.796, 6.08, 5.349, 5.092, 4.558, 4.87, 5.52, 5.47, 5.28, 4.07, 2.59, 1.34, 1.11, 0.98, 0, 0.98, 1.15, 2.8, 4.546, 3.63, 3.56, 5.09, 5.51, 5.45, 5.27, 5.0, 4.83, 5.12, 5.346, 5.516, 6.078, 6.265, 6.465, 6.196, 5.437, 4.177, 3.274, 3.663, 4.029, 3.369, 3.36, 3.385, 3.252, 2.9, 2.09, 1.79, 1.96, 2.06, 2.14, 2.7, 2.57, 4.07, 5.56, 5.36, 5.35, 6.21, 5.96, 5.96, 6.56, 6.56, 6.05, 6.63, 6.96, 7.15, 7.94, 8.13, 8.79, 9.13, 8.4, 7.47, 6.54, 5.26, 3.66, 2.93, 3.43, 3.42, 3.37, 3.67, 4.03, 4.25], [9.586, 9.899, 9.707, 9.318, 9.385, 8.72, 7.44, 5.72, 4.949, 4.727, 4.167, 4.43, 5.12, 5.07, 4.88, 3.71, 2.51, 1.32, 1.47, 1.36, 0.98, 0, 0.93, 3.127, 4.849, 3.95, 3.86, 5.29, 5.73, 5.71, 5.51, 5.38, 5.21, 5.38, 5.557, 5.73, 6.36, 6.494, 6.674, 6.381, 5.652, 4.392, 3.529, 3.883, 4.248, 3.589, 3.495, 3.588, 3.435, 3.146, 2.33, 1.81, 2.02, 2.06, 2.16, 2.66, 2.57, 4.01, 5.3, 5.14, 4.99, 5.57, 5.4, 5.48, 5.94, 5.96, 5.51, 6.33, 6.76, 6.93, 7.68, 7.75, 8.35, 8.67, 7.84, 6.87, 6.04, 4.9, 3.58, 2.99, 3.53, 3.48, 3.45, 3.63, 3.99, 4.25], [10.17, 10.44, 10.345, 9.965, 10.032, 9.269, 8.032, 6.295, 5.576, 5.331, 4.808, 4.991, 5.695, 5.577, 5.21, 4.1, 2.78, 1.41, 1.5, 1.43, 1.15, 0.93, 0, 2.53, 4.199, 3.34, 3.33, 4.72, 5.16, 5.22, 5.1, 4.83, 4.6, 4.77, 4.936, 5.109, 5.719, 5.937, 6.137, 5.825, 5.028, 3.805, 2.944, 3.253, 3.602, 2.982, 2.902, 3.078, 2.928, 2.57, 1.72, 1.3, 1.53, 1.67, 1.57, 2.21, 2.1, 3.6, 5.09, 4.85, 4.68, 5.68, 5.51, 5.49, 6.19, 6.27, 5.84, 6.8, 7.31, 7.48, 8.23, 8.28, 8.84, 9.196, 8.355, 7.28, 6.29, 4.83, 3.23, 2.5, 3.08, 2.97, 2.98, 3.24, 3.58, 3.88], [12.443, 12.659, 12.648, 12.243, 12.307, 11.592, 10.384, 8.621, 7.905, 7.662, 7.126, 7.257, 7.953, 7.832, 7.466, 6.398, 5.016, 3.58, 2.83, 2.58, 2.8, 3.127, 2.53, 0, 2.06, 1.67, 1.66, 2.87, 3.31, 3.65, 3.41, 3.02, 2.53, 2.52, 2.66, 2.83, 3.55, 3.798, 4.018, 3.804, 2.88, 1.68, 1.46, 1.54, 1.64, 1.46, 1.86, 2.31, 1.96, 1.68, 1.47, 2.03, 2.34, 2.44, 2.2, 2.22, 2.25, 4.33, 6.5, 6.14, 6.27, 7.49, 7.5, 7.36, 8.34, 8.488, 7.99, 8.97, 9.46, 9.63, 10.386, 10.624, 11.183, 11.526, 10.67, 9.586, 8.449, 6.56, 4.44, 2.97, 2.79, 2.86, 3.37, 4.05, 4.47, 4.51], [14.151, 14.407, 14.375, 13.992, 14.056, 13.31, 12.073, 10.313, 9.614, 9.372, 8.824, 8.992, 9.719, 9.633, 9.169, 8.096, 6.664, 5.194, 4.556, 4.306, 4.546, 4.849, 4.199, 2.06, 0, 1.49, 1.74, 1.63, 2.25, 2.75, 2.57, 2.08, 1.57, 1.52, 1.66, 1.81, 2.17, 2.24, 2.46, 2.38, 1.8, 1.46, 1.84, 1.64, 1.6, 2.0, 2.08, 2.55, 2.2, 2.12, 2.75, 3.57, 3.94, 3.98, 3.5, 2.96, 3.41, 5.53, 7.867, 7.36, 7.7, 9.091, 9.126, 9.169, 10.106, 10.237, 9.839, 10.716, 11.3, 11.444, 12.2, 12.326, 12.939, 13.235, 12.396, 11.301, 10.206, 8.158, 6.121, 4.228, 3.51, 3.62, 4.39, 5.25, 5.55, 5.57], [13.127, 13.392, 13.283, 12.868, 12.938, 12.195, 10.993, 9.23, 8.499, 8.274, 7.74, 7.868, 8.598, 8.586, 8.213, 7.06, 5.72, 4.33, 3.66, 3.47, 3.63, 3.95, 3.34, 1.67, 1.49, 0, 1.11, 2.24, 3.0, 3.58, 3.32, 2.85, 2.42, 2.57, 2.81, 3.02, 3.4, 3.19, 3.49, 3.45, 2.87, 2.11, 2.27, 2.23, 2.15, 2.27, 2.75, 3.1, 2.63, 2.21, 1.9, 2.64, 3.09, 3.11, 2.69, 2.23, 2.54, 4.66, 7.03, 6.65, 6.94, 8.218, 8.259, 8.219, 9.073, 9.159, 8.98, 9.86, 10.33, 10.46, 11.184, 11.383, 11.946, 12.16, 11.272, 10.2, 9.222, 7.325, 5.268, 3.5, 2.78, 2.89, 3.68, 4.52, 4.84, 4.88], [12.917, 13.199, 12.933, 12.53, 12.6, 11.86, 10.66, 8.843, 8.13, 7.944, 7.49, 7.567, 8.22, 8.37, 8.08, 6.91, 5.53, 4.14, 3.55, 3.34, 3.56, 3.86, 3.33, 1.66, 1.74, 1.11, 0, 2.05, 2.63, 3.17, 2.95, 2.62, 2.25, 2.36, 2.6, 2.91, 3.45, 3.36, 3.56, 3.42, 2.7, 1.92, 2.24, 2.04, 2.1, 2.28, 2.58, 2.73, 2.32, 2.02, 2.13, 2.77, 3.14, 3.16, 2.78, 2.6, 2.71, 4.73, 7.18, 6.9, 7.11, 8.25, 8.3, 8.16, 8.86, 9.02, 8.85, 9.77, 10.14, 10.25, 10.96, 11.17, 11.79, 11.81, 10.94, 9.97, 9.24, 7.44, 5.32, 3.83, 3.23, 3.36, 4.07, 4.81, 5.15, 5.15], [14.584, 14.872, 14.623, 14.152, 14.184, 13.407, 12.236, 10.492, 9.74, 9.614, 9.117, 9.24, 9.847, 9.96, 9.67, 8.517, 7.077, 5.69, 5.12, 4.89, 5.09, 5.29, 4.72, 2.87, 1.63, 2.24, 2.05, 0, 1.14, 1.62, 1.54, 1.15, 1.18, 1.33, 1.35, 1.64, 2.02, 1.83, 2.05, 1.79, 1.23, 1.83, 2.45, 2.27, 2.39, 2.83, 2.53, 2.56, 2.31, 2.57, 3.46, 4.26, 4.63, 4.65, 4.43, 4.19, 4.32, 6.16, 8.79, 8.53, 8.66, 9.82, 9.71, 9.73, 10.47, 10.55, 10.4, 11.34, 11.83, 11.94, 12.682, 12.68, 13.26, 13.397, 12.53, 11.597, 10.71, 8.93, 6.79, 5.44, 4.84, 4.93, 5.76, 6.56, 6.78, 6.86], [14.95, 15.24, 14.9, 14.4, 14.41, 13.61, 12.59, 10.81, 10.0, 9.877, 9.44, 9.5, 10.09, 10.32, 10.03, 8.9, 7.5, 6.13, 5.52, 5.29, 5.51, 5.73, 5.16, 3.31, 2.25, 3.0, 2.63, 1.14, 0, 1.0, 0.98, 1.29, 1.66, 1.79, 1.71, 1.68, 1.78, 1.87, 1.89, 1.63, 1.19, 2.31, 3.03, 2.75, 2.89, 3.35, 3.05, 2.68, 2.63, 3.11, 4.04, 4.84, 5.17, 5.21, 4.99, 4.87, 4.92, 6.8, 9.39, 9.15, 9.26, 10.36, 10.23, 10.15, 10.83, 10.93, 10.84, 11.74, 12.21, 12.3, 13.03, 13.08, 13.66, 13.7, 12.79, 11.96, 11.17, 9.51, 7.35, 6.06, 5.58, 5.75, 6.36, 7.14, 7.4, 7.48], [15.064, 15.369, 15.103, 14.617, 14.684, 13.91, 12.724, 10.973, 10.2, 10.094, 9.597, 9.74, 10.35, 10.5, 10.17, 9.06, 7.537, 6.17, 5.64, 5.37, 5.45, 5.71, 5.22, 3.65, 2.75, 3.58, 3.17, 1.62, 1.0, 0, 0.88, 1.51, 1.88, 2.11, 2.09, 2.06, 2.12, 2.13, 1.99, 1.69, 1.69, 2.73, 3.19, 2.83, 3.01, 3.61, 3.17, 2.92, 2.93, 3.51, 4.46, 5.12, 5.57, 5.69, 5.51, 5.43, 5.16, 7.14, 9.55, 9.37, 9.5, 10.66, 10.49, 10.39, 11.13, 11.19, 11.04, 11.92, 12.33, 12.42, 13.164, 13.12, 13.78, 13.88, 13.05, 12.14, 11.39, 9.77, 7.73, 6.36, 6.14, 6.29, 6.92, 7.46, 7.84, 8.02], [14.644, 14.969, 14.72, 14.32, 14.41, 13.71, 12.47, 10.667, 9.931, 9.748, 9.22, 9.36, 10.07, 10.12, 9.85, 8.68, 7.26, 5.89, 5.26, 5.05, 5.27, 5.51, 5.1, 3.41, 2.57, 3.32, 2.95, 1.54, 0.98, 0.88, 0, 0.99, 1.52, 1.81, 1.81, 1.74, 1.8, 1.73, 1.77, 1.57, 1.43, 2.45, 3.05, 2.83, 3.01, 3.51, 3.05, 2.74, 2.75, 3.31, 4.22, 4.94, 5.31, 5.43, 5.25, 5.21, 5.26, 7.18, 9.61, 9.37, 9.4, 10.38, 10.25, 10.05, 10.83, 10.91, 10.7, 11.54, 11.85, 12.0, 12.73, 12.92, 13.6, 13.64, 12.77, 11.74, 11.05, 9.53, 7.51, 6.24, 5.92, 6.09, 6.68, 7.24, 7.7, 7.76], [14.449, 14.713, 14.632, 14.27, 14.345, 13.64, 12.391, 10.613, 9.851, 9.614, 9.125, 9.258, 9.965, 9.91, 9.54, 8.45, 7.067, 5.68, 5.01, 4.84, 5.0, 5.38, 4.83, 3.02, 2.08, 2.85, 2.62, 1.15, 1.29, 1.51, 0.99, 0, 0.81, 1.22, 1.32, 1.47, 1.79, 1.76, 1.96, 1.74, 1.46, 2.2, 2.88, 2.64, 2.84, 3.26, 2.88, 2.53, 2.54, 2.92, 3.79, 4.67, 4.92, 5.04, 4.78, 4.8, 5.03, 6.85, 9.36, 9.04, 9.15, 10.21, 10.02, 9.76, 10.68, 10.66, 10.39, 11.23, 11.617, 11.727, 12.469, 12.77, 13.45, 13.59, 12.696, 11.61, 10.78, 9.26, 7.16, 5.85, 5.41, 5.52, 6.17, 6.93, 7.29, 7.31], [14.407, 14.657, 14.588, 14.225, 14.315, 13.572, 12.341, 10.578, 9.841, 9.593, 9.066, 9.202, 9.955, 9.88, 9.47, 8.366, 7.006, 5.564, 4.88, 4.69, 4.83, 5.21, 4.6, 2.53, 1.57, 2.42, 2.25, 1.18, 1.66, 1.88, 1.52, 0.81, 0, 0.77, 1.07, 1.48, 1.86, 1.77, 1.97, 1.83, 1.59, 1.95, 2.51, 2.31, 2.43, 2.83, 2.65, 2.48, 2.41, 2.69, 3.42, 4.2, 4.57, 4.61, 4.33, 4.27, 4.46, 6.4, 8.79, 8.49, 8.6, 9.74, 9.63, 9.45, 10.41, 10.51, 10.2, 11.06, 11.527, 11.672, 12.433, 12.66, 13.26, 13.499, 12.629, 11.546, 10.49, 8.79, 6.73, 5.3, 4.86, 4.97, 5.66, 6.42, 6.8, 6.82], [14.746, 15.004, 14.907, 14.48, 14.541, 13.836, 12.63, 10.882, 10.151, 9.914, 9.367, 9.495, 10.187, 10.11, 9.751, 8.658, 7.301, 5.849, 5.102, 4.817, 5.12, 5.38, 4.77, 2.52, 1.52, 2.57, 2.36, 1.33, 1.79, 2.11, 1.81, 1.22, 0.77, 0, 0.6, 1.07, 1.55, 1.52, 1.72, 1.66, 1.32, 1.78, 2.38, 2.14, 2.14, 2.6, 2.42, 2.79, 2.6, 2.7, 3.33, 4.13, 4.46, 4.5, 4.18, 3.96, 4.21, 6.15, 8.56, 8.24, 8.37, 9.63, 9.7, 9.72, 10.557, 10.76, 10.27, 11.282, 11.806, 11.959, 12.737, 12.859, 13.443, 13.746, 12.907, 11.827, 10.78, 8.86, 6.56, 5.07, 4.61, 4.7, 5.39, 6.13, 6.51, 6.51], [14.957, 15.216, 15.049, 14.629, 14.676, 13.947, 12.739, 11.027, 10.255, 10.077, 9.555, 9.698, 10.356, 10.318, 9.966, 8.873, 7.456, 6.02, 5.316, 5.037, 5.346, 5.557, 4.936, 2.66, 1.66, 2.81, 2.6, 1.35, 1.71, 2.09, 1.81, 1.32, 1.07, 0.6, 0, 0.75, 1.39, 1.36, 1.54, 1.48, 1.1, 1.72, 2.32, 2.1, 2.1, 2.58, 2.44, 2.79, 2.6, 2.76, 3.47, 4.29, 4.64, 4.68, 4.32, 4.12, 4.19, 6.09, 8.58, 8.3, 8.41, 9.73, 9.932, 9.949, 10.728, 10.923, 10.487, 11.513, 12.043, 12.21, 12.969, 12.953, 13.541, 13.849, 13.025, 12.001, 10.989, 9.0, 6.7, 5.19, 4.71, 4.82, 5.51, 6.25, 6.57, 6.65], [15.119, 15.372, 15.197, 14.805, 14.875, 14.12, 12.895, 11.166, 10.416, 10.216, 9.717, 9.873, 10.526, 10.511, 10.136, 9.046, 7.601, 6.159, 5.486, 5.208, 5.516, 5.73, 5.109, 2.83, 1.81, 3.02, 2.91, 1.64, 1.68, 2.06, 1.74, 1.47, 1.48, 1.07, 0.75, 0, 1.04, 1.25, 1.41, 1.33, 1.11, 1.73, 2.33, 2.07, 1.99, 2.51, 2.39, 2.76, 2.65, 2.85, 3.64, 4.46, 4.81, 4.85, 4.47, 4.21, 4.22, 6.42, 8.57, 8.25, 8.46, 9.9, 10.104, 10.133, 10.921, 11.104, 10.678, 11.703, 12.225, 12.386, 13.148, 13.121, 13.714, 14.057, 13.166, 12.166, 11.162, 9.165, 6.888, 5.2, 4.88, 4.97, 5.52, 6.22, 6.52, 6.66], [15.619, 15.872, 15.803, 15.425, 15.493, 14.767, 13.533, 11.778, 11.013, 10.768, 10.295, 10.484, 11.17, 11.11, 10.685, 9.624, 8.153, 6.703, 6.065, 5.784, 6.078, 6.36, 5.719, 3.55, 2.17, 3.4, 3.45, 2.02, 1.78, 2.12, 1.8, 1.79, 1.86, 1.55, 1.39, 1.04, 0, 0.85, 0.91, 0.93, 1.37, 2.49, 3.103, 2.88, 2.85, 3.43, 3.11, 3.226, 3.245, 3.551, 4.319, 5.13, 5.503, 5.558, 5.17, 4.73, 5.1, 7.22, 9.49, 9.09, 9.353, 10.658, 10.744, 10.747, 11.614, 11.799, 11.3, 12.276, 12.768, 12.95, 13.671, 13.785, 14.376, 14.721, 13.855, 12.813, 11.758, 9.825, 7.663, 5.98, 5.38, 5.49, 6.2, 7.04, 7.3, 7.26], [15.796, 16.089, 15.914, 15.522, 15.569, 14.837, 13.644, 11.837, 11.101, 10.879, 10.38, 10.513, 11.24, 11.223, 10.868, 9.746, 8.397, 6.984, 6.272, 6.048, 6.265, 6.494, 5.937, 3.798, 2.24, 3.19, 3.36, 1.83, 1.87, 2.13, 1.73, 1.76, 1.77, 1.52, 1.36, 1.25, 0.85, 0, 0.54, 0.82, 1.4, 2.54, 3.285, 3.079, 3.06, 3.62, 3.3, 3.319, 3.232, 3.561, 4.397, 5.249, 5.61, 5.644, 5.307, 4.893, 5.24, 7.263, 9.687, 9.367, 9.574, 10.811, 10.934, 10.921, 11.716, 11.833, 11.561, 12.504, 13.007, 13.154, 13.898, 14.043, 14.549, 14.82, 13.909, 12.871, 11.894, 9.983, 7.864, 6.217, 5.45, 5.52, 6.46, 7.28, 7.577, 7.563], [15.973, 16.291, 16.071, 15.705, 15.769, 15.006, 13.824, 12.005, 11.295, 11.078, 10.565, 10.724, 11.412, 11.406, 11.039, 9.943, 8.594, 7.181, 6.475, 6.245, 6.465, 6.674, 6.137, 4.018, 2.46, 3.49, 3.56, 2.05, 1.89, 1.99, 1.77, 1.96, 1.97, 1.72, 1.54, 1.41, 0.91, 0.54, 0, 0.6, 1.56, 2.74, 3.495, 3.253, 3.22, 3.78, 3.46, 3.439, 3.414, 3.701, 4.603, 5.443, 5.804, 5.824, 5.487, 5.116, 5.44, 7.423, 9.867, 9.587, 9.754, 10.969, 11.13, 11.135, 11.892, 11.996, 11.758, 12.704, 13.204, 13.351, 14.095, 14.2, 14.726, 15.02, 14.097, 13.097, 12.093, 10.153, 8.044, 6.417, 5.71, 5.8, 6.68, 7.5, 7.797, 7.766], [15.761, 16.062, 15.839, 15.461, 15.525, 14.751, 13.572, 11.783, 11.05, 10.824, 10.348, 10.513, 11.179, 11.174, 10.821, 9.705, 8.325, 6.895, 6.206, 5.979, 6.196, 6.381, 5.825, 3.804, 2.38, 3.45, 3.42, 1.79, 1.63, 1.69, 1.57, 1.74, 1.83, 1.66, 1.48, 1.33, 0.93, 0.82, 0.6, 0, 1.2, 2.48, 3.281, 3.021, 3.06, 3.6, 3.24, 3.27, 3.232, 3.498, 4.374, 5.271, 5.518, 5.604, 5.327, 5.06, 5.32, 7.17, 9.707, 9.45, 9.594, 10.75, 10.905, 10.959, 11.612, 11.769, 11.46, 12.449, 12.941, 13.108, 13.85, 13.897, 14.411, 14.745, 13.848, 12.842, 11.841, 9.96, 7.764, 6.32, 5.71, 5.82, 6.6, 7.4, 7.66, 7.686], [15.06, 15.339, 15.124, 14.687, 14.731, 13.994, 12.817, 11.091, 10.312, 10.152, 9.624, 9.755, 10.416, 10.407, 10.083, 8.976, 7.596, 6.157, 5.448, 5.147, 5.437, 5.652, 5.028, 2.88, 1.8, 2.87, 2.7, 1.23, 1.19, 1.69, 1.43, 1.46, 1.59, 1.32, 1.1, 1.11, 1.37, 1.4, 1.56, 1.2, 0, 1.54, 2.36, 2.18, 2.2, 2.66, 2.5, 2.69, 2.5, 2.72, 3.69, 4.51, 4.76, 4.82, 4.58, 4.46, 4.46, 6.31, 8.827, 8.57, 8.697, 9.971, 10.118, 10.117, 10.834, 11.0, 10.596, 11.645, 12.157, 12.342, 13.089, 13.071, 13.602, 13.907, 13.102, 12.056, 11.052, 9.201, 6.887, 5.44, 4.97, 5.1, 5.73, 6.48, 6.786, 6.829], [13.837, 14.116, 13.941, 13.521, 13.585, 12.848, 11.634, 9.868, 9.158, 8.949, 8.401, 8.572, 9.253, 9.224, 8.86, 7.753, 6.373, 4.937, 4.21, 3.906, 4.177, 4.392, 3.805, 1.68, 1.46, 2.11, 1.92, 1.83, 2.31, 2.73, 2.45, 2.2, 1.95, 1.78, 1.72, 1.73, 2.49, 2.54, 2.74, 2.48, 1.54, 0, 1.04, 1.12, 1.06, 1.3, 1.26, 1.79, 1.48, 1.54, 2.45, 3.17, 3.52, 3.62, 3.34, 3.22, 3.19, 5.21, 7.35, 7.096, 7.214, 8.688, 8.82, 8.877, 9.634, 9.817, 9.396, 10.45, 10.977, 11.147, 11.906, 11.908, 12.459, 12.804, 11.937, 10.853, 9.829, 7.858, 5.656, 4.026, 3.67, 3.74, 4.39, 5.05, 5.39, 5.49], [12.994, 13.273, 13.138, 12.732, 12.796, 12.033, 10.831, 9.077, 8.355, 8.104, 7.598, 7.769, 8.462, 8.381, 8.017, 6.91, 5.49, 4.054, 3.367, 3.08, 3.274, 3.529, 2.944, 1.46, 1.84, 2.27, 2.24, 2.45, 3.03, 3.19, 3.05, 2.88, 2.51, 2.38, 2.32, 2.33, 3.103, 3.285, 3.495, 3.281, 2.36, 1.04, 0, 1.0, 1.16, 1.06, 0.94, 1.57, 1.36, 1.24, 1.89, 2.41, 2.88, 3.08, 2.8, 2.68, 2.69, 4.73, 6.76, 6.48, 6.55, 7.808, 7.977, 8.08, 8.832, 9.014, 8.553, 9.607, 10.134, 10.304, 11.063, 11.085, 11.636, 11.984, 11.134, 10.07, 8.994, 7.04, 5.04, 3.43, 3.55, 3.46, 3.95, 4.47, 4.87, 5.05], [13.388, 13.642, 13.529, 13.126, 13.19, 12.424, 11.177, 9.468, 8.726, 8.518, 7.989, 8.178, 8.853, 8.793, 8.392, 7.299, 5.802, 4.374, 3.747, 3.443, 3.663, 3.883, 3.253, 1.54, 1.64, 2.23, 2.04, 2.27, 2.75, 2.83, 2.83, 2.64, 2.31, 2.14, 2.1, 2.07, 2.88, 3.079, 3.253, 3.021, 2.18, 1.12, 1.0, 0, 0.78, 0.92, 1.02, 1.75, 1.5, 1.34, 2.09, 2.73, 3.18, 3.36, 3.1, 2.96, 2.95, 4.97, 6.9, 6.62, 6.83, 8.205, 8.297, 8.392, 9.203, 9.386, 8.973, 9.967, 10.512, 10.664, 11.432, 11.33, 11.953, 12.349, 11.502, 10.45, 9.386, 7.415, 5.24, 3.79, 3.93, 3.86, 4.35, 4.81, 5.13, 5.41], [13.751, 14.004, 13.872, 13.469, 13.533, 12.767, 11.52, 9.81, 9.078, 8.88, 8.352, 8.541, 9.199, 9.156, 8.754, 7.662, 6.164, 4.737, 4.104, 3.754, 4.029, 4.248, 3.602, 1.64, 1.6, 2.15, 2.1, 2.39, 2.89, 3.01, 3.01, 2.84, 2.43, 2.14, 2.1, 1.99, 2.85, 3.06, 3.22, 3.06, 2.2, 1.06, 1.16, 0.78, 0, 0.94, 1.38, 2.05, 1.78, 1.64, 2.41, 3.07, 3.48, 3.66, 3.32, 2.96, 2.89, 5.05, 6.873, 6.479, 6.777, 8.502, 8.657, 8.754, 9.546, 9.748, 9.302, 10.327, 10.874, 11.027, 11.794, 11.664, 12.296, 12.692, 11.848, 10.813, 9.749, 7.712, 5.496, 3.59, 3.53, 3.52, 4.07, 4.63, 4.97, 5.19], [13.014, 13.273, 13.135, 12.732, 12.779, 12.013, 10.763, 9.073, 8.321, 8.143, 7.615, 7.803, 8.462, 8.418, 8.02, 6.927, 5.464, 4.017, 3.364, 3.146, 3.369, 3.589, 2.982, 1.46, 2.0, 2.27, 2.28, 2.83, 3.35, 3.61, 3.51, 3.26, 2.83, 2.6, 2.58, 2.51, 3.43, 3.62, 3.78, 3.6, 2.66, 1.3, 1.06, 0.92, 0.94, 0, 1.0, 1.91, 1.66, 1.3, 1.81, 2.45, 2.86, 3.02, 2.7, 2.5, 2.73, 4.83, 6.373, 5.999, 6.137, 7.822, 7.929, 8.023, 8.811, 9.011, 8.576, 9.587, 10.134, 10.287, 11.06, 10.939, 11.541, 11.935, 11.111, 10.078, 9.017, 7.032, 4.816, 3.41, 3.43, 3.28, 3.73, 4.13, 4.41, 4.77], [12.906, 13.168, 13.044, 12.641, 12.708, 11.939, 10.694, 8.982, 8.241, 8.032, 7.504, 7.692, 8.368, 8.328, 7.926, 6.85, 5.384, 3.909, 3.324, 3.08, 3.36, 3.495, 2.902, 1.86, 2.08, 2.75, 2.58, 2.53, 3.05, 3.17, 3.05, 2.88, 2.65, 2.42, 2.44, 2.39, 3.11, 3.3, 3.46, 3.24, 2.5, 1.26, 0.94, 1.02, 1.38, 1.0, 0, 1.23, 1.12, 1.2, 1.91, 2.59, 3.04, 3.24, 2.96, 2.88, 3.13, 5.13, 6.84, 6.54, 6.56, 7.811, 7.877, 7.994, 8.769, 8.949, 8.511, 9.511, 10.032, 10.193, 10.958, 10.894, 11.514, 11.869, 11.017, 9.973, 8.981, 7.041, 4.96, 3.93, 4.07, 3.92, 4.37, 4.75, 5.03, 5.39], [12.714, 12.993, 12.84, 12.496, 12.557, 11.817, 10.589, 8.727, 8.04, 7.797, 7.333, 7.473, 8.217, 8.224, 7.837, 6.713, 5.312, 3.919, 3.48, 3.21, 3.385, 3.588, 3.078, 2.31, 2.55, 3.1, 2.73, 2.56, 2.68, 2.92, 2.74, 2.53, 2.48, 2.79, 2.79, 2.76, 3.226, 3.319, 3.439, 3.27, 2.69, 1.79, 1.57, 1.75, 2.05, 1.91, 1.23, 0, 0.85, 1.49, 2.2, 2.88, 3.31, 3.55, 3.37, 3.33, 3.76, 5.62, 7.489, 7.212, 7.213, 8.244, 8.091, 7.997, 8.84, 8.854, 8.659, 9.545, 9.979, 10.076, 10.82, 11.03, 11.688, 11.873, 10.859, 9.918, 8.994, 7.28, 5.452, 4.38, 4.62, 4.43, 4.836, 5.254, 5.614, 5.894], [12.798, 13.082, 12.882, 12.481, 12.552, 11.791, 10.589, 8.777, 8.081, 7.878, 7.351, 7.505, 8.194, 8.211, 7.869, 6.737, 5.357, 3.964, 3.422, 3.18, 3.252, 3.435, 2.928, 1.96, 2.2, 2.63, 2.32, 2.31, 2.63, 2.93, 2.75, 2.54, 2.41, 2.6, 2.6, 2.65, 3.245, 3.232, 3.414, 3.232, 2.5, 1.48, 1.36, 1.5, 1.78, 1.66, 1.12, 0.85, 0, 1.0, 1.93, 2.69, 3.08, 3.12, 3.04, 3.0, 3.25, 5.17, 7.256, 7.036, 7.163, 8.214, 8.024, 8.004, 8.753, 8.813, 8.623, 9.534, 10.027, 10.154, 10.898, 11.019, 11.574, 11.802, 10.868, 9.837, 8.921, 7.29, 5.236, 4.17, 4.29, 4.12, 4.529, 5.089, 5.409, 5.524], [12.475, 12.779, 12.618, 12.236, 12.303, 11.533, 10.331, 8.557, 7.852, 7.627, 7.079, 7.247, 7.942, 7.905, 7.521, 6.425, 5.09, 3.68, 2.99, 2.88, 2.9, 3.146, 2.57, 1.68, 2.12, 2.21, 2.02, 2.57, 3.11, 3.51, 3.31, 2.92, 2.69, 2.7, 2.76, 2.85, 3.551, 3.561, 3.701, 3.498, 2.72, 1.54, 1.24, 1.34, 1.64, 1.3, 1.2, 1.49, 1.0, 0, 1.25, 2.23, 2.46, 2.48, 2.38, 2.44, 2.79, 4.65, 6.51, 6.27, 6.417, 7.571, 7.578, 7.601, 8.386, 8.477, 8.219, 9.156, 9.683, 9.83, 10.58, 10.688, 11.216, 11.545, 10.622, 9.582, 8.526, 6.681, 4.5, 3.55, 3.67, 3.52, 3.87, 4.43, 4.65, 4.83], [11.522, 11.806, 11.688, 11.322, 11.366, 10.64, 9.432, 7.669, 6.956, 6.717, 6.177, 6.314, 7.029, 6.94, 6.548, 5.452, 4.137, 2.71, 2.18, 2.15, 2.09, 2.33, 1.72, 1.47, 2.75, 1.9, 2.13, 3.46, 4.04, 4.46, 4.22, 3.79, 3.42, 3.33, 3.47, 3.64, 4.319, 4.397, 4.603, 4.374, 3.69, 2.45, 1.89, 2.09, 2.41, 1.81, 1.91, 2.2, 1.93, 1.25, 0, 1.28, 1.53, 1.57, 1.35, 1.71, 1.98, 3.8, 5.63, 5.31, 5.44, 6.578, 6.633, 6.628, 7.433, 7.547, 7.206, 8.163, 8.69, 8.837, 9.587, 9.775, 10.303, 10.612, 9.706, 8.649, 7.585, 5.708, 3.55, 2.62, 2.76, 2.57, 2.86, 3.36, 3.62, 3.8], [10.73, 11.023, 10.886, 10.482, 10.546, 9.8, 8.578, 6.824, 6.116, 5.88, 5.343, 5.494, 6.209, 6.146, 5.756, 4.646, 3.294, 1.99, 2.18, 1.83, 1.79, 1.81, 1.3, 2.03, 3.57, 2.64, 2.77, 4.26, 4.84, 5.12, 4.94, 4.67, 4.2, 4.13, 4.29, 4.46, 5.13, 5.249, 5.443, 5.271, 4.51, 3.17, 2.41, 2.73, 3.07, 2.45, 2.59, 2.88, 2.69, 2.23, 1.28, 0, 0.73, 0.91, 0.99, 1.59, 1.56, 2.92, 4.81, 4.57, 4.62, 5.715, 5.754, 5.822, 6.587, 6.759, 6.392, 7.377, 7.89, 8.057, 8.807, 8.895, 9.429, 9.777, 8.886, 7.823, 6.765, 4.885, 2.85, 1.74, 2.28, 2.23, 2.14, 2.54, 2.92, 3.12], [10.42, 10.713, 10.584, 10.172, 10.236, 9.522, 8.322, 6.574, 5.84, 5.607, 5.067, 5.184, 5.879, 5.781, 5.446, 4.356, 3.004, 2.1, 2.43, 2.12, 1.96, 2.02, 1.53, 2.34, 3.94, 3.09, 3.14, 4.63, 5.17, 5.57, 5.31, 4.92, 4.57, 4.46, 4.64, 4.81, 5.503, 5.61, 5.804, 5.518, 4.76, 3.52, 2.88, 3.18, 3.48, 2.86, 3.04, 3.31, 3.08, 2.46, 1.53, 0.73, 0, 0.54, 0.88, 1.8, 1.75, 2.57, 4.52, 4.22, 4.35, 5.428, 5.498, 5.478, 6.257, 6.429, 6.016, 7.027, 7.52, 7.707, 8.457, 8.65, 9.15, 9.475, 8.593, 7.533, 6.437, 4.618, 2.46, 1.51, 2.47, 2.36, 2.01, 2.15, 2.53, 2.71], [10.38, 10.653, 10.516, 10.092, 10.156, 9.442, 8.242, 6.494, 5.76, 5.53, 4.993, 5.104, 5.799, 5.733, 5.412, 4.293, 3.01, 2.22, 2.57, 2.34, 2.06, 2.06, 1.67, 2.44, 3.98, 3.11, 3.16, 4.65, 5.21, 5.69, 5.43, 5.04, 4.61, 4.5, 4.68, 4.85, 5.558, 5.644, 5.824, 5.604, 4.82, 3.62, 3.08, 3.36, 3.66, 3.02, 3.24, 3.55, 3.12, 2.48, 1.57, 0.91, 0.54, 0, 0.78, 1.66, 1.65, 2.49, 4.4, 4.14, 4.25, 5.325, 5.407, 5.39, 6.203, 6.369, 5.976, 6.973, 7.46, 7.647, 8.417, 8.55, 9.073, 9.375, 8.513, 7.45, 6.383, 4.535, 2.34, 1.47, 2.37, 2.26, 1.85, 2.03, 2.37, 2.47], [10.811, 11.09, 10.978, 10.572, 10.63, 9.919, 8.719, 6.959, 6.237, 6.024, 5.484, 5.601, 6.279, 6.17, 5.846, 4.747, 3.43, 2.36, 2.35, 2.34, 2.14, 2.16, 1.57, 2.2, 3.5, 2.69, 2.78, 4.43, 4.99, 5.51, 5.25, 4.78, 4.33, 4.18, 4.32, 4.47, 5.17, 5.307, 5.487, 5.327, 4.58, 3.34, 2.8, 3.1, 3.32, 2.7, 2.96, 3.37, 3.04, 2.38, 1.35, 0.99, 0.88, 0.78, 0, 1.22, 1.31, 2.71, 4.64, 4.32, 4.47, 5.67, 5.82, 5.772, 6.64, 6.834, 6.356, 7.39, 7.874, 8.062, 8.829, 8.987, 9.556, 9.852, 9.002, 7.927, 6.84, 4.86, 2.76, 1.61, 2.11, 1.76, 1.75, 2.23, 2.55, 2.69], [11.563, 11.816, 11.744, 11.343, 11.407, 10.662, 9.453, 7.699, 6.977, 6.747, 6.187, 6.355, 7.07, 6.99, 6.566, 5.473, 4.15, 3.08, 2.85, 2.68, 2.7, 2.66, 2.21, 2.22, 2.96, 2.23, 2.6, 4.19, 4.87, 5.43, 5.21, 4.8, 4.27, 3.96, 4.12, 4.21, 4.73, 4.893, 5.116, 5.06, 4.46, 3.22, 2.68, 2.96, 2.96, 2.5, 2.88, 3.33, 3.0, 2.44, 1.71, 1.59, 1.8, 1.66, 1.22, 0, 1.13, 3.11, 5.12, 4.62, 4.95, 6.37, 6.494, 6.566, 7.417, 7.58, 7.17, 8.13, 8.68, 8.83, 9.62, 9.684, 10.27, 10.609, 9.747, 8.661, 7.56, 5.56, 3.36, 1.81, 1.65, 1.44, 1.77, 2.55, 2.85, 2.85], [11.47, 11.74, 11.557, 11.128, 11.181, 10.392, 9.167, 7.464, 6.691, 6.574, 6.06, 6.22, 6.87, 6.857, 6.49, 5.38, 3.9, 2.95, 2.92, 2.67, 2.57, 2.57, 2.1, 2.25, 3.41, 2.54, 2.71, 4.32, 4.92, 5.16, 5.26, 5.03, 4.46, 4.21, 4.19, 4.22, 5.1, 5.24, 5.44, 5.32, 4.46, 3.19, 2.69, 2.95, 2.89, 2.73, 3.13, 3.76, 3.25, 2.79, 1.98, 1.56, 1.75, 1.65, 1.31, 1.13, 0, 2.44, 4.65, 4.33, 4.7, 6.2, 6.41, 6.49, 7.23, 7.45, 7.02, 8.1, 8.61, 8.78, 9.53, 9.36, 9.94, 10.314, 9.501, 8.48, 7.45, 5.43, 3.21, 1.54, 1.68, 1.59, 1.86, 2.5, 2.82, 2.98], [9.31, 9.58, 9.4, 9.02, 9.07, 8.289, 7.03, 5.35, 4.6, 4.54, 4.14, 4.22, 4.81, 4.74, 4.35, 3.4, 3.0, 4.05, 4.72, 4.27, 4.07, 4.01, 3.6, 4.33, 5.53, 4.66, 4.73, 6.16, 6.8, 7.14, 7.18, 6.85, 6.4, 6.15, 6.09, 6.42, 7.22, 7.263, 7.423, 7.17, 6.31, 5.21, 4.73, 4.97, 5.05, 4.83, 5.13, 5.62, 5.17, 4.65, 3.8, 2.92, 2.57, 2.49, 2.71, 3.11, 2.44, 0, 2.67, 2.45, 2.72, 4.1, 4.37, 4.43, 5.09, 5.31, 4.92, 6.04, 6.55, 6.76, 7.49, 7.2, 7.78, 8.2, 7.39, 6.34, 5.29, 3.31, 1.43, 2.04, 3.233, 3.323, 2.26, 1.82, 1.6, 1.66], [7.34, 7.41, 7.27, 6.89, 6.96, 6.2, 5.12, 3.8, 3.63, 3.61, 3.33, 2.93, 3.3, 3.25, 3.18, 2.91, 4.05, 5.54, 6.23, 5.96, 5.56, 5.3, 5.09, 6.5, 7.867, 7.03, 7.18, 8.79, 9.39, 9.55, 9.61, 9.36, 8.79, 8.56, 8.58, 8.57, 9.49, 9.687, 9.867, 9.707, 8.827, 7.35, 6.76, 6.9, 6.873, 6.373, 6.84, 7.489, 7.256, 6.51, 5.63, 4.81, 4.52, 4.4, 4.64, 5.12, 4.65, 2.67, 0, 0.8, 0.97, 2.37, 2.9, 2.82, 3.24, 3.36, 3.43, 4.59, 5.2, 5.19, 5.58, 5.27, 5.75, 6.25, 5.36, 4.25, 3.2, 1.48, 2.26, 3.85, 5.363, 5.353, 4.003, 2.95, 2.65, 2.886], [7.84, 7.99, 7.97, 7.59, 7.66, 6.9, 5.72, 4.14, 3.87, 3.81, 3.47, 3.17, 3.58, 3.47, 3.28, 3.05, 3.73, 5.2, 5.95, 5.68, 5.36, 5.14, 4.85, 6.14, 7.36, 6.65, 6.9, 8.53, 9.15, 9.37, 9.37, 9.04, 8.49, 8.24, 8.3, 8.25, 9.09, 9.367, 9.587, 9.45, 8.57, 7.096, 6.48, 6.62, 6.479, 5.999, 6.54, 7.212, 7.036, 6.27, 5.31, 4.57, 4.22, 4.14, 4.32, 4.62, 4.33, 2.45, 0.8, 0, 0.91, 2.79, 3.2, 3.2, 3.84, 3.94, 3.67, 4.73, 5.38, 5.41, 6.06, 5.85, 6.45, 6.91, 6.04, 4.91, 3.78, 1.82, 1.96, 3.33, 4.65, 4.66, 3.37, 2.37, 1.99, 2.29], [7.21, 7.34, 7.28, 6.9, 6.969, 6.21, 5.03, 3.47, 3.12, 3.24, 2.88, 2.62, 2.93, 2.88, 2.69, 2.52, 3.58, 4.95, 5.74, 5.51, 5.35, 4.99, 4.68, 6.27, 7.7, 6.94, 7.11, 8.66, 9.26, 9.5, 9.4, 9.15, 8.6, 8.37, 8.41, 8.46, 9.353, 9.574, 9.754, 9.594, 8.697, 7.214, 6.55, 6.83, 6.777, 6.137, 6.56, 7.213, 7.163, 6.417, 5.44, 4.62, 4.35, 4.25, 4.47, 4.95, 4.7, 2.72, 0.97, 0.91, 0, 2.06, 2.47, 2.51, 3.09, 3.19, 2.9, 4.02, 4.67, 4.78, 5.35, 5.14, 5.74, 6.16, 5.31, 4.2, 3.09, 1.31, 2.03, 3.7, 5.16, 5.126, 3.8, 2.68, 2.4, 2.7], [5.37, 5.58, 5.46, 5.06, 5.13, 4.41, 3.23, 2.07, 3.0, 3.26, 2.98, 2.54, 2.37, 2.12, 2.05, 2.66, 4.3, 5.65, 6.44, 6.35, 6.21, 5.57, 5.68, 7.49, 9.091, 8.218, 8.25, 9.82, 10.36, 10.66, 10.38, 10.21, 9.74, 9.63, 9.73, 9.9, 10.658, 10.811, 10.969, 10.75, 9.971, 8.688, 7.808, 8.205, 8.502, 7.822, 7.811, 8.244, 8.214, 7.571, 6.578, 5.715, 5.428, 5.325, 5.67, 6.37, 6.2, 4.1, 2.37, 2.79, 2.06, 0, 0.95, 1.27, 1.39, 1.43, 1.78, 2.94, 3.47, 3.82, 3.79, 3.56, 3.96, 4.34, 3.49, 2.4, 1.71, 1.59, 3.29, 5.334, 6.882, 6.895, 5.491, 4.346, 4.157, 4.337], [5.12, 5.35, 5.33, 4.95, 5.02, 4.28, 3.04, 2.04, 2.87, 2.97, 2.67, 2.21, 2.16, 2.09, 1.9, 2.51, 4.09, 5.4, 6.15, 6.1, 5.96, 5.4, 5.51, 7.5, 9.126, 8.259, 8.3, 9.71, 10.23, 10.49, 10.25, 10.02, 9.63, 9.7, 9.932, 10.104, 10.744, 10.934, 11.13, 10.905, 10.118, 8.82, 7.977, 8.297, 8.657, 7.929, 7.877, 8.091, 8.024, 7.578, 6.633, 5.754, 5.498, 5.407, 5.82, 6.494, 6.41, 4.37, 2.9, 3.2, 2.47, 0.95, 0, 1.02, 1.32, 1.34, 1.43, 2.59, 3.16, 3.45, 3.48, 3.29, 3.85, 4.23, 3.36, 2.35, 1.5, 1.8, 3.38, 5.427, 7.019, 7.011, 5.67, 4.57, 4.35, 4.53], [5.16, 5.37, 5.383, 4.966, 5.036, 4.331, 3.26, 2.12, 2.99, 3.21, 2.83, 2.35, 2.52, 2.39, 2.24, 2.61, 4.15, 5.5, 6.29, 6.24, 5.96, 5.48, 5.49, 7.36, 9.169, 8.219, 8.16, 9.73, 10.15, 10.39, 10.05, 9.76, 9.45, 9.72, 9.949, 10.133, 10.747, 10.921, 11.135, 10.959, 10.117, 8.877, 8.08, 8.392, 8.754, 8.023, 7.994, 7.997, 8.004, 7.601, 6.628, 5.822, 5.478, 5.39, 5.772, 6.566, 6.49, 4.43, 2.82, 3.2, 2.51, 1.27, 1.02, 0, 1.22, 1.44, 1.95, 3.17, 3.6, 3.89, 3.7, 3.53, 3.99, 4.25, 3.413, 2.31, 1.3, 1.86, 3.42, 5.51, 7.044, 7.063, 5.653, 4.55, 4.396, 4.53], [4.62, 4.75, 4.57, 4.15, 4.12, 3.4, 2.5, 2.14, 3.25, 3.47, 3.19, 2.57, 2.24, 2.11, 2.16, 3.03, 4.69, 6.04, 6.83, 6.78, 6.56, 5.94, 6.19, 8.34, 10.106, 9.073, 8.86, 10.47, 10.83, 11.13, 10.83, 10.68, 10.41, 10.557, 10.728, 10.921, 11.614, 11.716, 11.892, 11.612, 10.834, 9.634, 8.832, 9.203, 9.546, 8.811, 8.769, 8.84, 8.753, 8.386, 7.433, 6.587, 6.257, 6.203, 6.64, 7.417, 7.23, 5.09, 3.24, 3.84, 3.09, 1.39, 1.32, 1.22, 0, 0.88, 1.75, 2.93, 3.38, 3.63, 3.18, 2.61, 2.97, 3.25, 2.42, 1.37, 1.0, 2.3, 4.2, 6.435, 7.995, 8.005, 6.595, 5.381, 5.261, 5.438], [4.32, 4.41, 4.21, 3.81, 3.88, 3.16, 2.14, 1.84, 2.93, 3.11, 2.87, 2.27, 1.96, 1.77, 1.92, 2.71, 4.41, 5.86, 6.61, 6.72, 6.56, 5.96, 6.27, 8.488, 10.237, 9.159, 9.02, 10.55, 10.93, 11.19, 10.91, 10.66, 10.51, 10.76, 10.923, 11.104, 11.799, 11.833, 11.996, 11.769, 11.0, 9.817, 9.014, 9.386, 9.748, 9.011, 8.949, 8.854, 8.813, 8.477, 7.547, 6.759, 6.429, 6.369, 6.834, 7.58, 7.45, 5.31, 3.36, 3.94, 3.19, 1.43, 1.34, 1.44, 0.88, 0, 1.51, 2.53, 3.02, 3.23, 2.84, 2.45, 2.93, 3.13, 2.32, 1.53, 1.24, 2.42, 4.36, 6.598, 8.158, 8.168, 6.758, 5.584, 5.444, 5.601], [4.57, 4.809, 4.708, 4.308, 4.369, 3.663, 2.67, 2.13, 2.72, 2.88, 2.68, 2.2, 1.69, 1.54, 1.53, 2.44, 4.06, 5.43, 6.14, 6.17, 6.05, 5.51, 5.84, 7.99, 9.839, 8.98, 8.85, 10.4, 10.84, 11.04, 10.7, 10.39, 10.2, 10.27, 10.487, 10.678, 11.3, 11.561, 11.758, 11.46, 10.596, 9.396, 8.553, 8.973, 9.302, 8.576, 8.511, 8.659, 8.623, 8.219, 7.206, 6.392, 6.016, 5.976, 6.356, 7.17, 7.02, 4.92, 3.43, 3.67, 2.9, 1.78, 1.43, 1.95, 1.75, 1.51, 0, 1.58, 2.07, 2.46, 2.73, 2.68, 3.253, 3.86, 3.33, 2.7, 2.17, 2.49, 3.93, 6.1, 7.659, 7.67, 6.245, 5.08, 4.96, 5.12], [3.57, 3.743, 3.86, 3.52, 3.77, 3.41, 2.83, 2.77, 3.14, 3.26, 3.0, 2.8, 2.19, 1.88, 1.99, 3.06, 4.64, 5.95, 6.46, 6.83, 6.63, 6.33, 6.8, 8.97, 10.716, 9.86, 9.77, 11.34, 11.74, 11.92, 11.54, 11.23, 11.06, 11.282, 11.513, 11.703, 12.276, 12.504, 12.704, 12.449, 11.645, 10.45, 9.607, 9.967, 10.327, 9.587, 9.511, 9.545, 9.534, 9.156, 8.163, 7.377, 7.027, 6.973, 7.39, 8.13, 8.1, 6.04, 4.59, 4.73, 4.02, 2.94, 2.59, 3.17, 2.93, 2.53, 1.58, 0, 0.91, 1.16, 1.57, 1.86, 2.84, 3.92, 4.01, 3.64, 3.31, 3.65, 4.93, 7.04, 8.58, 8.596, 7.2, 6.14, 5.96, 6.08], [3.22, 3.33, 3.43, 3.29, 3.64, 3.54, 2.74, 2.9, 3.07, 3.19, 2.97, 3.13, 2.56, 2.29, 2.42, 3.43, 4.87, 6.22, 6.79, 7.14, 6.96, 6.76, 7.31, 9.46, 11.3, 10.33, 10.14, 11.83, 12.21, 12.33, 11.85, 11.617, 11.527, 11.806, 12.043, 12.225, 12.768, 13.007, 13.204, 12.941, 12.157, 10.977, 10.134, 10.512, 10.874, 10.134, 10.032, 9.979, 10.027, 9.683, 8.69, 7.89, 7.52, 7.46, 7.874, 8.68, 8.61, 6.55, 5.2, 5.38, 4.67, 3.47, 3.16, 3.6, 3.38, 3.02, 2.07, 0.91, 0, 0.87, 1.36, 1.97, 3.13, 4.07, 4.22, 3.87, 3.82, 4.24, 5.48, 7.63, 9.13, 9.16, 7.75, 6.65, 6.51, 6.63], [3.19, 3.16, 3.42, 3.32, 3.65, 3.61, 2.95, 3.17, 3.26, 3.32, 3.1, 3.14, 2.51, 2.38, 2.55, 3.56, 5.0, 6.41, 6.98, 7.33, 7.15, 6.93, 7.48, 9.63, 11.444, 10.46, 10.25, 11.94, 12.3, 12.42, 12.0, 11.727, 11.672, 11.959, 12.21, 12.386, 12.95, 13.154, 13.351, 13.108, 12.342, 11.147, 10.304, 10.664, 11.027, 10.287, 10.193, 10.076, 10.154, 9.83, 8.837, 8.057, 7.707, 7.647, 8.062, 8.83, 8.78, 6.76, 5.19, 5.41, 4.78, 3.82, 3.45, 3.89, 3.63, 3.23, 2.46, 1.16, 0.87, 0, 1.09, 2.14, 3.22, 4.12, 4.33, 4.12, 4.07, 4.37, 5.67, 7.78, 9.3, 9.33, 7.92, 6.8, 6.68, 6.8], [2.64, 2.49, 2.69, 2.75, 2.94, 2.92, 2.52, 3.12, 3.83, 3.99, 3.81, 3.69, 3.1, 2.91, 3.22, 4.27, 5.69, 7.14, 7.73, 8.06, 7.94, 7.68, 8.23, 10.386, 12.2, 11.184, 10.96, 12.682, 13.03, 13.164, 12.73, 12.469, 12.433, 12.737, 12.969, 13.148, 13.671, 13.898, 14.095, 13.85, 13.089, 11.906, 11.063, 11.432, 11.794, 11.06, 10.958, 10.82, 10.898, 10.58, 9.587, 8.807, 8.457, 8.417, 8.829, 9.62, 9.53, 7.49, 5.58, 6.06, 5.35, 3.79, 3.48, 3.7, 3.18, 2.84, 2.73, 1.57, 1.36, 1.09, 0, 1.51, 2.65, 3.53, 3.78, 3.49, 3.48, 4.44, 6.42, 8.55, 10.09, 10.12, 8.71, 7.59, 7.45, 7.57], [2.89, 2.84, 2.74, 2.42, 2.55, 2.21, 1.97, 3.07, 4.08, 4.36, 4.18, 3.96, 3.25, 3.06, 3.31, 4.4, 5.86, 7.29, 7.9, 8.15, 8.13, 7.75, 8.28, 10.624, 12.326, 11.383, 11.17, 12.68, 13.08, 13.12, 12.92, 12.77, 12.66, 12.859, 12.953, 13.121, 13.785, 14.043, 14.2, 13.897, 13.071, 11.908, 11.085, 11.33, 11.664, 10.939, 10.894, 11.03, 11.019, 10.688, 9.775, 8.895, 8.65, 8.55, 8.987, 9.684, 9.36, 7.2, 5.27, 5.85, 5.14, 3.56, 3.29, 3.53, 2.61, 2.45, 2.68, 1.86, 1.97, 2.14, 1.51, 0, 1.46, 2.46, 2.65, 2.46, 2.69, 4.39, 6.45, 8.611, 10.191, 10.201, 8.831, 7.689, 7.425, 7.673], [2.77, 2.74, 2.62, 2.22, 2.1