[[0, 0.89, 2.76, 3.95, 3.28, 3.44, 3.61, 3.5, 3.49, 3.94, 5.03, 5.03, 4.48, 3.86, 2.61, 1.51, 1.71, 1.67, 1.63, 1.71, 1.67, 1.39, 1.59, 1.8, 3.04, 3.17, 2.97, 2.67, 2.05, 2.0, 2.02, 2.12, 1.92, 1.4, 1.45, 1.31, 1.58, 4.288, 6.607, 3.44, 1.89, 1.62, 1.79, 1.79, 1.99, 2.451, 5.374, 7.931, 9.431, 11.7, 13.886, 14.195, 13.527, 12.901, 12.665, 12.428, 12.252, 11.819, 11.053, 11.033, 11.166, 11.823, 12.09, 11.847, 11.781, 11.7, 11.004, 10.724, 11.59, 12.615, 12.918, 13.011, 13.427, 11.927, 10.687, 10.524, 10.173, 10.0, 9.457, 8.788, 8.171, 7.807, 7.089, 5.31, 3.38, 2.26], [0.89, 0, 2.19, 3.28, 2.71, 2.89, 3.12, 3.03, 3.1, 3.47, 4.44, 4.5, 4.05, 3.45, 2.18, 1.62, 1.92, 1.9, 1.86, 1.86, 2.0, 1.82, 1.88, 2.27, 3.65, 3.76, 3.54, 3.22, 2.48, 2.41, 2.45, 2.61, 2.39, 1.77, 1.92, 1.7, 1.57, 3.779, 6.08, 3.03, 1.92, 1.59, 2.0, 2.1, 2.02, 2.884, 5.881, 8.454, 9.941, 12.219, 14.41, 14.726, 14.052, 13.426, 13.195, 12.958, 12.777, 12.332, 11.578, 11.557, 11.69, 12.347, 12.62, 12.377, 12.315, 12.244, 11.534, 11.262, 12.109, 13.128, 13.431, 13.524, 13.946, 12.446, 11.194, 11.051, 10.689, 10.516, 10.004, 9.315, 8.712, 8.348, 7.658, 5.84, 3.83, 2.65], [2.76, 2.19, 0, 1.83, 1.84, 2.12, 2.37, 2.34, 2.47, 2.64, 3.11, 3.25, 2.92, 2.22, 1.49, 2.89, 3.33, 3.33, 3.17, 3.27, 3.65, 3.55, 3.43, 4.06, 5.5, 5.63, 5.47, 5.07, 4.07, 3.52, 3.94, 4.04, 3.68, 3.06, 3.29, 3.01, 2.56, 2.04, 4.05, 1.66, 2.47, 2.94, 3.93, 3.913, 3.096, 4.971, 7.96, 10.516, 12.011, 14.277, 16.462, 16.778, 16.103, 15.478, 15.247, 15.01, 14.829, 14.395, 13.618, 13.598, 13.731, 14.388, 14.654, 14.411, 14.343, 14.259, 13.557, 13.289, 14.143, 15.191, 15.494, 15.587, 16.004, 14.492, 13.273, 13.112, 12.756, 12.583, 11.987, 11.334, 10.722, 10.375, 9.626, 7.836, 5.782, 4.419], [3.95, 3.28, 1.83, 0, 1.41, 1.49, 1.66, 1.75, 1.7, 1.67, 1.8, 1.72, 1.55, 1.35, 1.96, 3.88, 4.34, 4.38, 4.24, 4.52, 4.94, 4.8, 4.68, 5.25, 6.65, 6.72, 6.5, 6.06, 4.98, 4.71, 5.23, 5.37, 4.97, 4.47, 4.74, 4.48, 4.01, 2.69, 3.234, 1.65, 3.06, 3.81, 4.78, 4.735, 3.938, 5.783, 8.771, 11.333, 12.833, 15.114, 17.308, 17.627, 16.95, 16.324, 16.096, 15.862, 15.681, 15.224, 14.498, 14.473, 14.606, 15.263, 15.539, 15.296, 15.177, 15.125, 14.42, 14.173, 14.989, 16.02, 16.323, 16.416, 16.841, 15.359, 14.089, 13.955, 13.587, 13.414, 12.902, 12.19, 11.573, 11.207, 10.557, 8.693, 6.65, 5.23], [3.28, 2.71, 1.84, 1.41, 0, 0.68, 0.85, 0.84, 0.87, 1.12, 1.91, 2.01, 1.76, 1.44, 1.37, 2.89, 3.33, 3.39, 3.27, 3.53, 3.95, 3.85, 3.65, 4.26, 5.66, 5.73, 5.51, 5.07, 4.05, 3.76, 4.3, 4.42, 4.12, 3.72, 3.87, 3.69, 3.4, 2.84, 4.23, 1.48, 2.21, 2.9, 3.83, 3.74, 2.97, 4.796, 7.778, 10.34, 11.84, 14.126, 16.317, 16.64, 15.958, 15.332, 15.11, 14.88, 14.691, 14.231, 13.506, 13.491, 13.625, 14.281, 14.553, 14.31, 14.199, 14.156, 13.446, 13.187, 14.013, 15.027, 15.33, 15.423, 15.853, 14.372, 13.102, 12.974, 12.605, 12.442, 11.903, 11.163, 10.546, 10.267, 9.588, 7.703, 5.64, 4.22], [3.44, 2.89, 2.12, 1.49, 0.68, 0, 0.57, 0.8, 0.91, 1.0, 1.87, 2.03, 1.72, 1.38, 1.55, 3.07, 3.57, 3.61, 3.47, 3.77, 4.19, 4.07, 3.89, 4.5, 5.9, 5.97, 5.75, 5.29, 4.25, 3.9, 4.44, 4.58, 4.16, 3.72, 3.91, 3.69, 3.32, 2.72, 4.03, 1.48, 2.41, 3.1, 4.01, 3.945, 3.171, 4.993, 7.981, 10.54, 12.049, 14.327, 16.524, 16.846, 16.165, 15.54, 15.315, 15.083, 14.903, 14.437, 13.709, 13.692, 13.825, 14.479, 14.757, 14.514, 14.407, 14.361, 13.653, 13.392, 14.219, 15.233, 15.536, 15.629, 16.057, 14.575, 13.299, 13.177, 12.806, 12.633, 12.125, 11.389, 10.772, 10.484, 9.81, 7.888, 5.878, 4.4], [3.61, 3.12, 2.37, 1.66, 0.85, 0.57, 0, 0.61, 0.88, 0.97, 1.78, 1.8, 1.63, 1.33, 1.72, 3.06, 3.52, 3.6, 3.5, 3.78, 4.2, 4.06, 3.9, 4.47, 5.85, 5.94, 5.7, 5.2, 4.32, 3.91, 4.35, 4.55, 4.13, 3.73, 3.98, 3.86, 3.55, 2.97, 4.211, 1.55, 2.4, 3.11, 3.92, 3.94, 3.104, 4.803, 7.799, 10.368, 11.891, 14.165, 16.362, 16.685, 16.002, 15.376, 15.153, 14.922, 14.752, 14.272, 13.54, 13.512, 13.647, 14.287, 14.578, 14.334, 14.231, 14.168, 13.458, 13.211, 14.018, 15.063, 15.366, 15.462, 15.895, 14.388, 13.129, 13.018, 12.625, 12.535, 12.044, 11.333, 10.716, 10.477, 9.727, 7.784, 5.75, 4.31], [3.5, 3.03, 2.34, 1.75, 0.84, 0.8, 0.61, 0, 0.65, 1.1, 2.07, 1.97, 1.7, 1.54, 1.65, 2.81, 3.27, 3.33, 3.31, 3.55, 3.93, 3.79, 3.67, 4.16, 5.54, 5.63, 5.39, 4.89, 4.07, 3.78, 4.06, 4.28, 4.0, 3.56, 3.83, 3.77, 3.46, 3.18, 4.601, 1.74, 2.29, 2.84, 3.69, 3.61, 2.78, 4.422, 7.418, 9.99, 11.507, 13.787, 15.987, 16.307, 15.624, 14.998, 14.775, 14.558, 14.368, 13.908, 13.153, 13.149, 13.283, 13.918, 14.197, 13.952, 13.847, 13.804, 13.094, 12.829, 13.654, 14.685, 14.988, 15.084, 15.531, 14.006, 12.768, 12.656, 12.279, 12.189, 11.734, 10.967, 10.357, 10.15, 9.4, 7.454, 5.38, 3.94], [3.49, 3.1, 2.47, 1.7, 0.87, 0.91, 0.88, 0.65, 0, 0.91, 1.92, 1.86, 1.61, 1.47, 1.72, 2.8, 3.24, 3.3, 3.26, 3.5, 3.86, 3.76, 3.62, 4.15, 5.55, 5.62, 5.4, 4.92, 4.04, 3.77, 4.17, 4.31, 4.01, 3.59, 3.82, 3.76, 3.49, 3.03, 4.454, 1.57, 2.22, 2.83, 3.72, 3.56, 2.84, 4.569, 7.554, 10.116, 11.622, 13.913, 16.108, 16.431, 15.747, 15.122, 14.899, 14.667, 14.483, 14.017, 13.291, 13.275, 13.409, 14.065, 14.341, 14.096, 14.005, 13.962, 13.252, 12.974, 13.812, 14.809, 15.112, 15.21, 15.64, 14.151, 12.875, 12.761, 12.388, 12.227, 11.724, 10.962, 10.35, 10.14, 9.427, 7.504, 5.51, 4.03], [3.94, 3.47, 2.64, 1.67, 1.12, 1.0, 0.97, 1.1, 0.91, 0, 1.37, 1.51, 1.36, 1.12, 1.81, 3.29, 3.83, 3.87, 3.69, 3.97, 4.41, 4.39, 4.17, 4.8, 6.2, 6.27, 6.05, 5.61, 4.59, 4.16, 4.72, 4.88, 4.44, 4.0, 4.29, 4.17, 3.8, 2.76, 3.71, 1.4, 2.69, 3.44, 4.33, 4.325, 3.511, 5.362, 8.337, 10.897, 12.406, 14.684, 16.881, 17.202, 16.522, 15.896, 15.672, 15.439, 15.259, 14.794, 14.019, 14.042, 14.175, 14.789, 15.087, 14.844, 14.756, 14.69, 13.981, 13.741, 14.547, 15.589, 15.892, 15.985, 16.414, 14.924, 13.668, 13.545, 13.174, 13.001, 12.365, 11.678, 11.12, 10.844, 10.15, 8.228, 6.233, 4.78], [5.03, 4.44, 3.11, 1.8, 1.91, 1.87, 1.78, 2.07, 1.92, 1.37, 0, 0.98, 1.37, 1.53, 2.62, 4.22, 4.7, 4.78, 4.64, 4.86, 5.34, 5.32, 5.18, 5.71, 7.09, 7.16, 6.96, 6.56, 5.72, 5.33, 5.71, 5.89, 5.59, 5.17, 5.48, 5.3, 4.93, 3.23, 2.96, 1.93, 3.88, 4.53, 5.4, 5.32, 4.496, 6.229, 9.201, 11.769, 13.301, 15.561, 17.755, 18.078, 17.396, 16.77, 16.547, 16.315, 16.146, 15.666, 14.951, 14.884, 15.019, 15.674, 15.95, 15.707, 15.637, 15.574, 14.864, 14.584, 15.429, 16.462, 16.765, 16.858, 17.288, 15.766, 14.558, 14.438, 14.066, 13.898, 13.258, 12.559, 12.026, 11.8, 11.101, 9.178, 7.15, 5.73], [5.03, 4.5, 3.25, 1.72, 2.01, 2.03, 1.8, 1.97, 1.86, 1.51, 0.98, 0, 0.81, 1.43, 2.58, 4.02, 4.54, 4.6, 4.48, 4.68, 5.14, 5.14, 4.96, 5.45, 6.85, 6.94, 6.74, 6.3, 5.54, 5.27, 5.57, 5.77, 5.57, 5.13, 5.44, 5.38, 5.01, 3.63, 3.32, 2.01, 3.72, 4.35, 5.22, 5.08, 4.26, 5.914, 8.903, 11.472, 13.01, 15.269, 17.469, 17.789, 17.106, 16.48, 16.257, 16.026, 15.856, 15.376, 14.666, 14.601, 14.736, 15.386, 15.664, 15.42, 15.35, 15.287, 14.577, 14.297, 15.137, 16.167, 16.47, 16.566, 16.999, 15.474, 14.275, 14.163, 13.79, 13.62, 13.004, 12.279, 11.773, 11.606, 10.85, 8.933, 6.93, 5.49], [4.48, 4.05, 2.92, 1.55, 1.76, 1.72, 1.63, 1.7, 1.61, 1.36, 1.37, 0.81, 0, 1.02, 2.07, 3.51, 4.05, 4.15, 3.91, 4.11, 4.63, 4.57, 4.37, 4.94, 6.34, 6.41, 6.21, 5.81, 4.93, 4.76, 5.04, 5.24, 5.08, 4.6, 4.93, 4.87, 4.58, 3.6, 3.77, 1.94, 3.11, 3.76, 4.71, 4.55, 3.73, 5.493, 8.465, 11.028, 12.533, 14.817, 17.014, 17.336, 16.656, 16.03, 15.807, 15.573, 15.39, 14.927, 14.179, 14.144, 14.277, 14.931, 15.21, 14.967, 14.898, 14.832, 14.124, 13.844, 14.687, 15.72, 16.023, 16.116, 16.547, 15.024, 13.822, 13.702, 13.331, 13.158, 12.51, 11.809, 11.276, 11.024, 10.333, 8.411, 6.42, 4.96], [3.86, 3.45, 2.22, 1.35, 1.44, 1.38, 1.33, 1.54, 1.47, 1.12, 1.53, 1.43, 1.02, 0, 1.35, 3.23, 3.73, 3.75, 3.55, 3.73, 4.25, 4.23, 4.05, 4.68, 6.12, 6.19, 6.01, 5.59, 4.67, 4.2, 4.58, 4.74, 4.48, 3.98, 4.27, 4.11, 3.84, 2.84, 3.71, 1.28, 2.61, 3.48, 4.47, 4.439, 3.562, 5.504, 8.46, 11.016, 12.511, 14.779, 16.973, 17.292, 16.615, 15.989, 15.761, 15.527, 15.346, 14.895, 14.123, 14.117, 14.25, 14.884, 15.163, 14.92, 14.845, 14.773, 14.068, 13.817, 14.643, 15.691, 15.994, 16.087, 16.506, 15.009, 13.805, 13.658, 13.29, 13.117, 12.454, 11.786, 11.254, 10.93, 10.161, 8.362, 6.27, 4.907], [2.61, 2.18, 1.49, 1.96, 1.37, 1.55, 1.72, 1.65, 1.72, 1.81, 2.62, 2.58, 2.07, 1.35, 0, 2.1, 2.56, 2.62, 2.46, 2.7, 3.22, 3.2, 3.04, 3.67, 5.07, 5.16, 4.94, 4.56, 3.78, 3.33, 3.79, 3.95, 3.63, 3.19, 3.4, 3.2, 2.85, 2.63, 4.8, 1.39, 1.68, 2.39, 3.375, 3.346, 2.54, 4.401, 7.373, 9.929, 11.429, 13.701, 15.892, 16.214, 15.533, 14.908, 14.683, 14.452, 14.265, 13.817, 13.042, 13.022, 13.155, 13.812, 14.084, 13.841, 13.767, 13.695, 12.987, 12.719, 13.565, 14.613, 14.915, 15.008, 15.428, 13.913, 12.723, 12.58, 12.212, 12.039, 11.384, 10.704, 10.167, 9.84, 9.088, 7.269, 5.24, 4.03], [1.51, 1.62, 2.89, 3.88, 2.89, 3.07, 3.06, 2.81, 2.8, 3.29, 4.22, 4.02, 3.51, 3.23, 2.1, 0, 0.68, 0.84, 0.82, 1.14, 1.3, 1.36, 1.4, 1.89, 3.09, 3.18, 2.98, 2.72, 2.18, 1.99, 2.17, 2.31, 2.41, 2.03, 2.14, 2.2, 2.19, 4.555, 6.854, 3.29, 1.4, 1.19, 1.44, 1.36, 1.2, 2.363, 5.31, 7.866, 9.378, 11.653, 13.85, 14.173, 13.491, 12.865, 12.642, 12.413, 12.224, 11.765, 11.006, 10.985, 11.118, 11.769, 12.048, 11.805, 11.716, 11.671, 10.961, 10.682, 11.525, 12.555, 12.858, 12.951, 13.386, 11.862, 10.66, 10.539, 10.17, 9.998, 9.36, 8.641, 8.123, 7.857, 7.103, 5.34, 3.45, 2.23], [1.71, 1.92, 3.33, 4.34, 3.33, 3.57, 3.52, 3.27, 3.24, 3.83, 4.7, 4.54, 4.05, 3.73, 2.56, 0.68, 0, 0.52, 0.86, 1.14, 1.28, 1.3, 1.28, 1.65, 2.61, 2.7, 2.5, 2.2, 2.0, 2.05, 2.19, 2.27, 2.35, 2.17, 2.1, 2.16, 2.49, 5.015, 7.314, 3.75, 1.76, 1.43, 1.14, 1.02, 1.38, 2.13, 4.847, 7.403, 8.903, 11.2, 13.389, 13.711, 13.028, 12.403, 12.18, 11.954, 11.764, 11.304, 10.546, 10.527, 10.661, 11.317, 11.586, 11.342, 11.255, 11.192, 10.482, 10.219, 11.042, 12.09, 12.393, 12.497, 12.927, 11.396, 10.197, 10.077, 9.71, 9.557, 8.904, 8.178, 7.661, 7.417, 6.607, 4.84, 3.01, 2.11], [1.67, 1.9, 3.33, 4.38, 3.39, 3.61, 3.6, 3.33, 3.3, 3.87, 4.78, 4.6, 4.15, 3.75, 2.62, 0.84, 0.52, 0, 0.68, 1.04, 1.14, 1.24, 1.22, 1.59, 2.63, 2.72, 2.54, 2.18, 2.02, 2.03, 2.11, 2.21, 2.33, 2.07, 2.08, 2.06, 2.45, 4.95, 7.234, 3.77, 1.72, 1.45, 1.14, 1.08, 1.42, 2.069, 4.878, 7.434, 8.934, 11.234, 13.437, 13.743, 13.057, 12.431, 12.208, 11.988, 11.795, 11.335, 10.553, 10.593, 10.71, 11.356, 11.629, 11.382, 11.286, 11.24, 10.513, 10.259, 11.073, 12.131, 12.434, 12.531, 12.961, 11.436, 10.222, 10.112, 9.723, 9.592, 8.947, 8.224, 7.727, 7.5, 6.65, 4.86, 3.05, 2.07], [1.63, 1.86, 3.17, 4.24, 3.27, 3.47, 3.5, 3.31, 3.26, 3.69, 4.64, 4.48, 3.91, 3.55, 2.46, 0.82, 0.86, 0.68, 0, 0.72, 1.04, 1.08, 0.94, 1.43, 2.79, 2.88, 2.72, 2.44, 2.16, 2.15, 2.23, 2.47, 2.51, 2.07, 2.2, 2.26, 2.45, 4.73, 7.04, 3.59, 1.5, 1.13, 1.2, 1.28, 1.22, 2.269, 5.097, 7.645, 9.145, 11.423, 13.618, 13.939, 13.259, 12.633, 12.408, 12.176, 11.996, 11.533, 10.756, 10.771, 10.904, 11.545, 11.836, 11.593, 11.493, 11.425, 10.715, 10.47, 11.284, 12.329, 12.632, 12.725, 13.15, 11.656, 10.39, 10.257, 9.885, 9.756, 9.097, 8.415, 7.878, 7.596, 6.837, 5.099, 3.33, 2.29], [1.71, 1.86, 3.27, 4.52, 3.53, 3.77, 3.78, 3.55, 3.5, 3.97, 4.86, 4.68, 4.11, 3.73, 2.7, 1.14, 1.14, 1.04, 0.72, 0, 0.9, 0.92, 0.86, 1.19, 2.61, 2.7, 2.52, 2.38, 2.34, 2.25, 2.23, 2.49, 2.49, 2.01, 2.16, 2.18, 2.33, 4.83, 7.14, 3.71, 1.68, 1.17, 1.28, 1.38, 1.48, 2.232, 4.98, 7.525, 9.02, 11.286, 13.474, 13.797, 13.115, 12.49, 12.267, 12.04, 11.851, 11.404, 10.621, 10.633, 10.766, 11.391, 11.68, 11.438, 11.352, 11.279, 10.569, 10.327, 11.152, 12.2, 12.503, 12.596, 13.013, 11.528, 10.265, 10.114, 9.747, 9.629, 8.961, 8.287, 7.755, 7.456, 6.654, 5.002, 3.35, 2.33], [1.67, 2.0, 3.65, 4.94, 3.95, 4.19, 4.2, 3.93, 3.86, 4.41, 5.34, 5.14, 4.63, 4.25, 3.22, 1.3, 1.28, 1.14, 1.04, 0.9, 0, 0.66, 0.84, 1.17, 2.23, 2.4, 2.32, 2.22, 2.08, 2.01, 1.87, 2.11, 2.19, 1.77, 1.92, 1.94, 2.17, 5.07, 7.38, 4.13, 1.96, 1.47, 1.14, 1.22, 1.66, 1.903, 4.772, 7.208, 8.692, 10.954, 13.153, 13.46, 12.778, 12.152, 11.929, 11.708, 11.519, 11.077, 10.293, 10.298, 10.411, 11.059, 11.332, 11.089, 11.02, 10.957, 10.231, 9.982, 10.824, 11.872, 12.175, 12.268, 12.681, 11.176, 9.937, 9.793, 9.415, 9.294, 8.626, 7.952, 7.446, 7.156, 6.326, 4.84, 3.15, 2.15], [1.39, 1.82, 3.55, 4.8, 3.85, 4.07, 4.06, 3.79, 3.76, 4.39, 5.32, 5.14, 4.57, 4.23, 3.2, 1.36, 1.3, 1.24, 1.08, 0.92, 0.66, 0, 0.74, 1.05, 2.25, 2.4, 2.34, 2.18, 1.94, 1.97, 1.71, 1.97, 1.97, 1.63, 1.76, 1.76, 2.05, 4.97, 7.24, 4.03, 1.92, 1.39, 1.24, 1.22, 1.58, 1.87, 4.793, 7.254, 8.744, 11.006, 13.191, 13.514, 12.832, 12.207, 11.984, 11.76, 11.571, 11.128, 10.359, 10.344, 10.477, 11.134, 11.401, 11.158, 11.072, 10.996, 10.286, 10.048, 10.876, 11.924, 12.227, 12.32, 12.733, 11.243, 10.0, 9.843, 9.464, 9.328, 8.794, 8.106, 7.514, 7.179, 6.357, 4.86, 3.07, 1.99], [1.59, 1.88, 3.43, 4.68, 3.65, 3.89, 3.9, 3.67, 3.62, 4.17, 5.18, 4.96, 4.37, 4.05, 3.04, 1.4, 1.28, 1.22, 0.94, 0.86, 0.84, 0.74, 0, 0.87, 2.29, 2.44, 2.32, 2.16, 2.16, 2.19, 2.15, 2.35, 2.41, 2.01, 1.96, 2.08, 2.31, 4.91, 7.22, 3.89, 1.88, 1.25, 1.06, 1.18, 1.42, 1.93, 4.778, 7.294, 8.789, 11.052, 13.249, 13.572, 12.89, 12.264, 12.041, 11.82, 11.632, 11.173, 10.404, 10.396, 10.529, 11.171, 11.45, 11.207, 11.118, 11.053, 10.343, 10.084, 10.921, 11.969, 12.272, 12.365, 12.793, 11.279, 10.033, 9.889, 9.528, 9.374, 8.82, 8.112, 7.5, 7.236, 6.404, 4.82, 3.15, 2.29], [1.8, 2.27, 4.06, 5.25, 4.26, 4.5, 4.47, 4.16, 4.15, 4.8, 5.71, 5.45, 4.94, 4.68, 3.67, 1.89, 1.65, 1.59, 1.43, 1.19, 1.17, 1.05, 0.87, 0, 1.66, 1.77, 1.71, 1.83, 2.27, 2.46, 2.28, 2.52, 2.52, 2.2, 2.13, 2.33, 2.7, 5.6, 7.89, 4.52, 2.33, 1.62, 1.11, 1.31, 1.63, 1.64, 4.086, 6.619, 8.114, 10.393, 12.595, 12.898, 12.216, 11.59, 11.368, 11.147, 10.958, 10.498, 9.726, 9.739, 9.856, 10.509, 10.773, 10.53, 10.443, 10.396, 9.67, 9.407, 10.246, 11.294, 11.597, 11.69, 12.12, 10.6, 9.37, 9.243, 8.866, 8.715, 8.179, 7.476, 6.939, 6.616, 5.742, 4.21, 2.76, 2.04], [3.04, 3.65, 5.5, 6.65, 5.66, 5.9, 5.85, 5.54, 5.55, 6.2, 7.09, 6.85, 6.34, 6.12, 5.07, 3.09, 2.61, 2.63, 2.79, 2.61, 2.23, 2.25, 2.29, 1.66, 0, 0.59, 0.75, 1.19, 1.95, 2.32, 2.16, 2.16, 2.58, 3.0, 3.19, 3.404, 4.154, 7.185, 9.484, 5.98, 3.71, 2.9, 1.99, 2.11, 2.87, 1.6, 2.72, 5.042, 6.542, 8.842, 11.028, 11.33, 10.649, 10.036, 9.813, 9.576, 9.387, 8.927, 8.15, 8.166, 8.309, 8.933, 9.226, 8.97, 8.9, 8.837, 8.127, 7.863, 8.687, 9.723, 10.026, 10.119, 10.549, 9.024, 7.795, 7.669, 7.292, 7.175, 6.653, 5.99, 5.43, 5.16, 4.25, 2.97, 1.72, 1.98], [3.17, 3.76, 5.63, 6.72, 5.73, 5.97, 5.94, 5.63, 5.62, 6.27, 7.16, 6.94, 6.41, 6.19, 5.16, 3.18, 2.7, 2.72, 2.88, 2.7, 2.4, 2.4, 2.44, 1.77, 0.59, 0, 0.6, 1.16, 2.08, 2.59, 2.33, 2.21, 2.63, 3.15, 3.348, 3.554, 4.301, 7.335, 9.634, 6.07, 3.82, 3.03, 2.08, 2.14, 2.96, 1.73, 2.467, 4.898, 6.398, 8.711, 10.878, 11.189, 10.515, 9.909, 9.685, 9.429, 9.24, 8.78, 8.009, 8.019, 8.147, 8.78, 9.085, 8.826, 8.731, 8.684, 7.974, 7.703, 8.534, 9.576, 9.879, 9.972, 10.402, 8.88, 7.652, 7.525, 7.148, 7.014, 6.506, 5.82, 5.28, 4.99, 4.088, 2.7, 1.67, 2.03], [2.97, 3.54, 5.47, 6.5, 5.51, 5.75, 5.7, 5.39, 5.4, 6.05, 6.96, 6.74, 6.21, 6.01, 4.94, 2.98, 2.5, 2.54, 2.72, 2.52, 2.32, 2.34, 2.32, 1.71, 0.75, 0.6, 0, 0.86, 1.78, 2.35, 2.09, 2.03, 2.43, 2.97, 3.168, 3.394, 4.141, 7.175, 9.474, 5.89, 3.58, 2.91, 1.94, 1.92, 2.7, 1.65, 2.63, 5.07, 6.57, 8.866, 11.052, 11.361, 10.679, 10.061, 9.838, 9.601, 9.412, 8.952, 8.186, 8.194, 8.333, 8.957, 9.25, 8.994, 8.91, 8.85, 8.14, 7.891, 8.7, 9.748, 10.051, 10.144, 10.574, 9.049, 7.821, 7.694, 7.317, 7.202, 6.68, 5.966, 5.44, 5.135, 4.245, 2.58, 1.27, 1.87], [2.67, 3.22, 5.07, 6.06, 5.07, 5.29, 5.2, 4.89, 4.92, 5.61, 6.56, 6.3, 5.81, 5.59, 4.56, 2.72, 2.2, 2.18, 2.44, 2.38, 2.22, 2.18, 2.16, 1.83, 1.19, 1.16, 0.86, 0, 1.34, 1.95, 1.77, 1.75, 2.17, 2.57, 2.78, 3.0, 3.75, 6.79, 9.08, 5.49, 3.16, 2.71, 1.8, 1.7, 2.44, 1.61, 3.01, 5.476, 6.976, 9.279, 11.485, 11.781, 11.092, 10.466, 10.263, 10.033, 9.837, 9.377, 8.598, 8.667, 8.798, 9.401, 9.705, 9.451, 9.336, 9.285, 8.568, 8.352, 9.109, 10.173, 10.476, 10.576, 11.006, 9.49, 8.227, 8.119, 7.742, 7.621, 7.07, 6.375, 5.853, 5.546, 4.656, 2.86, 1.27, 1.59], [2.05, 2.48, 4.07, 4.98, 4.05, 4.25, 4.32, 4.07, 4.04, 4.59, 5.72, 5.54, 4.93, 4.67, 3.78, 2.18, 2.0, 2.02, 2.16, 2.34, 2.08, 1.94, 2.16, 2.27, 1.95, 2.08, 1.78, 1.34, 0, 1.09, 1.11, 1.09, 1.41, 1.59, 1.94, 2.1, 2.75, 5.79, 8.08, 4.49, 2.44, 2.37, 1.8, 1.52, 2.18, 1.95, 3.971, 6.487, 7.987, 10.262, 12.454, 12.772, 12.095, 11.469, 11.242, 11.009, 10.823, 10.378, 9.632, 9.621, 9.754, 10.411, 10.684, 10.441, 10.326, 10.271, 9.565, 9.318, 10.143, 11.174, 11.477, 11.57, 11.99, 10.513, 9.243, 9.101, 8.736, 8.563, 8.046, 7.345, 6.728, 6.36, 5.668, 3.813, 1.85, 1.43], [2.0, 2.41, 3.52, 4.71, 3.76, 3.9, 3.91, 3.78, 3.77, 4.16, 5.33, 5.27, 4.76, 4.2, 3.33, 1.99, 2.05, 2.03, 2.15, 2.25, 2.01, 1.97, 2.19, 2.46, 2.32, 2.59, 2.35, 1.95, 1.09, 0, 0.98, 1.06, 1.1, 1.28, 1.73, 1.91, 2.12, 4.98, 7.27, 3.8, 2.17, 2.48, 2.27, 2.03, 2.15, 2.48, 4.72, 7.265, 8.765, 11.029, 13.214, 13.524, 12.855, 12.229, 11.993, 11.769, 11.581, 11.15, 10.367, 10.358, 10.491, 11.134, 11.415, 11.172, 11.101, 11.011, 10.314, 10.049, 10.904, 11.946, 12.249, 12.342, 12.756, 11.256, 10.018, 9.849, 9.499, 9.326, 8.798, 8.139, 7.522, 7.143, 6.366, 4.57, 2.511, 1.86], [2.02, 2.45, 3.94, 5.23, 4.3, 4.44, 4.35, 4.06, 4.17, 4.72, 5.71, 5.57, 5.04, 4.58, 3.79, 2.17, 2.19, 2.11, 2.23, 2.23, 1.87, 1.71, 2.15, 2.28, 2.16, 2.33, 2.09, 1.77, 1.11, 0.98, 0, 0.58, 0.88, 1.26, 1.71, 1.89, 2.42, 5.46, 7.75, 4.34, 2.45, 2.58, 2.33, 2.15, 2.39, 2.3, 4.232, 6.788, 8.283, 10.546, 12.728, 13.044, 12.369, 11.743, 11.521, 11.283, 11.095, 10.667, 9.884, 9.887, 10.02, 10.651, 10.934, 10.691, 10.612, 10.533, 9.823, 9.591, 10.415, 11.463, 11.766, 11.859, 12.273, 10.784, 9.561, 9.402, 9.021, 8.944, 8.4, 7.743, 7.151, 6.752, 5.942, 4.139, 2.24, 1.6], [2.12, 2.61, 4.04, 5.37, 4.42, 4.58, 4.55, 4.28, 4.31, 4.88, 5.89, 5.77, 5.24, 4.74, 3.95, 2.31, 2.27, 2.21, 2.47, 2.49, 2.11, 1.97, 2.35, 2.52, 2.16, 2.21, 2.03, 1.75, 1.09, 1.06, 0.58, 0, 0.82, 1.48, 1.87, 2.05, 2.62, 5.631, 7.93, 4.5, 2.59, 2.76, 2.45, 2.29, 2.63, 2.48, 4.043, 6.599, 8.094, 10.36, 12.545, 12.855, 12.186, 11.561, 11.338, 11.101, 10.912, 10.478, 9.701, 9.681, 9.814, 10.471, 10.737, 10.494, 10.426, 10.35, 9.64, 9.385, 10.226, 11.274, 11.577, 11.67, 12.087, 10.575, 9.344, 9.191, 8.827, 8.687, 8.152, 7.486, 6.894, 6.5, 5.71, 3.907, 2.32, 1.9], [1.92, 2.39, 3.68, 4.97, 4.12, 4.16, 4.13, 4.0, 4.01, 4.44, 5.59, 5.57, 5.08, 4.48, 3.63, 2.41, 2.35, 2.33, 2.51, 2.49, 2.19, 1.97, 2.41, 2.52, 2.58, 2.63, 2.43, 2.17, 1.41, 1.1, 0.88, 0.82, 0, 1.02, 1.35, 1.55, 2.02, 4.98, 7.27, 3.96, 2.59, 2.82, 2.55, 2.51, 2.73, 2.74, 4.7, 7.256, 8.746, 11.008, 13.191, 13.5, 12.832, 12.206, 11.97, 11.744, 11.557, 11.13, 10.353, 10.329, 10.462, 11.119, 11.383, 11.14, 11.074, 10.982, 10.285, 10.017, 10.878, 11.926, 12.229, 12.322, 12.735, 11.227, 9.994, 9.82, 9.472, 9.339, 8.816, 8.16, 7.548, 7.141, 6.331, 4.562, 2.74, 2.02], [1.4, 1.77, 3.06, 4.47, 3.72, 3.72, 3.73, 3.56, 3.59, 4.0, 5.17, 5.13, 4.6, 3.98, 3.19, 2.03, 2.17, 2.07, 2.07, 2.01, 1.77, 1.63, 2.01, 2.2, 3.0, 3.15, 2.97, 2.57, 1.59, 1.28, 1.26, 1.48, 1.02, 0, 0.81, 0.99, 1.24, 4.24, 6.55, 3.44, 2.11, 2.36, 2.27, 2.21, 2.33, 2.697, 5.432, 7.988, 9.475, 11.736, 13.919, 14.228, 13.56, 12.934, 12.698, 12.461, 12.285, 11.859, 11.073, 11.074, 11.207, 11.844, 12.108, 11.865, 11.803, 11.71, 11.013, 10.762, 11.607, 12.655, 12.958, 13.05, 13.463, 11.973, 10.719, 10.545, 10.198, 10.051, 9.504, 8.871, 8.262, 7.855, 7.045, 5.293, 3.245, 1.98], [1.45, 1.92, 3.29, 4.74, 3.87, 3.91, 3.98, 3.83, 3.82, 4.29, 5.48, 5.44, 4.93, 4.27, 3.4, 2.14, 2.1, 2.08, 2.2, 2.16, 1.92, 1.76, 1.96, 2.13, 3.19, 3.348, 3.168, 2.78, 1.94, 1.73, 1.71, 1.87, 1.35, 0.81, 0, 0.72, 1.17, 4.01, 6.36, 3.67, 2.34, 2.53, 2.32, 2.28, 2.58, 2.87, 5.644, 8.2, 9.664, 11.926, 14.1, 14.406, 13.741, 13.115, 12.875, 12.638, 12.466, 12.041, 11.254, 11.248, 11.381, 12.023, 12.289, 12.046, 11.987, 11.89, 11.197, 10.943, 11.791, 12.844, 13.139, 13.232, 13.645, 12.146, 10.904, 10.725, 10.382, 10.215, 9.668, 9.06, 8.457, 8.05, 7.26, 5.506, 3.481, 2.35], [1.31, 1.7, 3.01, 4.48, 3.69, 3.69, 3.86, 3.77, 3.76, 4.17, 5.3, 5.38, 4.87, 4.11, 3.2, 2.2, 2.16, 2.06, 2.26, 2.18, 1.94, 1.76, 2.08, 2.33, 3.404, 3.554, 3.394, 3.0, 2.1, 1.91, 1.89, 2.05, 1.55, 0.99, 0.72, 0, 0.91, 3.81, 6.08, 3.51, 2.42, 2.59, 2.4, 2.36, 2.78, 3.058, 5.855, 8.411, 9.873, 12.134, 14.314, 14.62, 13.955, 13.329, 13.089, 12.852, 12.681, 12.255, 11.471, 11.453, 11.586, 12.237, 12.506, 12.263, 12.196, 12.107, 11.414, 11.142, 12.009, 13.053, 13.354, 13.446, 13.859, 12.351, 11.13, 10.951, 10.591, 10.435, 9.85, 9.235, 8.634, 8.267, 7.477, 5.728, 3.689, 2.51], [1.58, 1.57, 2.56, 4.01, 3.4, 3.32, 3.55, 3.46, 3.49, 3.8, 4.93, 5.01, 4.58, 3.84, 2.85, 2.19, 2.49, 2.45, 2.45, 2.33, 2.17, 2.05, 2.31, 2.7, 4.154, 4.301, 4.141, 3.75, 2.75, 2.12, 2.42, 2.62, 2.02, 1.24, 1.17, 0.91, 0, 3.1, 5.45, 3.12, 2.43, 2.74, 2.85, 2.73, 2.69, 3.645, 6.597, 9.144, 10.608, 12.87, 15.047, 15.353, 14.688, 14.063, 13.823, 13.586, 13.414, 12.988, 12.202, 12.195, 12.328, 12.971, 13.248, 13.005, 12.931, 12.84, 12.147, 11.887, 12.741, 13.788, 14.089, 14.18, 14.593, 13.094, 11.865, 11.687, 11.324, 11.175, 10.549, 9.933, 9.353, 9.006, 8.216, 6.476, 4.43, 3.056], [4.288, 3.779, 2.04, 2.69, 2.84, 2.72, 2.97, 3.18, 3.03, 2.76, 3.23, 3.63, 3.6, 2.84, 2.63, 4.555, 5.015, 4.95, 4.73, 4.83, 5.07, 4.97, 4.91, 5.6, 7.185, 7.335, 7.175, 6.79, 5.79, 4.98, 5.46, 5.631, 4.98, 4.24, 4.01, 3.81, 3.1, 0, 2.75, 1.76, 3.67, 4.608, 5.609, 5.59, 4.695, 6.605, 9.637, 12.178, 13.625, 15.886, 18.042, 18.348, 17.683, 17.057, 16.817, 16.58, 16.416, 15.985, 15.204, 15.191, 15.319, 15.973, 16.244, 16.001, 15.948, 15.85, 15.158, 14.897, 15.752, 16.805, 17.097, 17.175, 17.587, 16.085, 14.851, 14.678, 14.335, 14.174, 13.577, 12.982, 12.387, 12.04, 11.238, 9.501, 7.467, 6.045], [6.607, 6.08, 4.05, 3.234, 4.23, 4.03, 4.211, 4.601, 4.454, 3.71, 2.96, 3.32, 3.77, 3.71, 4.8, 6.854, 7.314, 7.234, 7.04, 7.14, 7.38, 7.24, 7.22, 7.89, 9.484, 9.634, 9.474, 9.08, 8.08, 7.27, 7.75, 7.93, 7.27, 6.55, 6.36, 6.08, 5.45, 2.75, 0, 3.59, 5.954, 6.907, 7.92, 7.886, 7.006, 8.918, 11.932, 14.488, 15.947, 18.209, 20.369, 20.675, 20.011, 19.385, 19.145, 18.908, 18.741, 18.31, 17.529, 17.514, 17.641, 18.298, 18.564, 18.321, 18.27, 18.173, 17.48, 17.217, 18.074, 19.127, 19.422, 19.502, 19.915, 18.407, 17.187, 17.014, 16.651, 16.499, 15.899, 15.295, 14.694, 14.347, 13.557, 11.808, 9.766, 8.343], [3.44, 3.03, 1.66, 1.65, 1.48, 1.48, 1.55, 1.74, 1.57, 1.4, 1.93, 2.01, 1.94, 1.28, 1.39, 3.29, 3.75, 3.77, 3.59, 3.71, 4.13, 4.03, 3.89, 4.52, 5.98, 6.07, 5.89, 5.49, 4.49, 3.8, 4.34, 4.5, 3.96, 3.44, 3.67, 3.51, 3.12, 1.76, 3.59, 0, 2.37, 3.337, 4.37, 4.333, 3.436, 5.4, 8.389, 10.945, 12.44, 14.703, 16.891, 17.204, 16.532, 15.906, 15.673, 15.436, 15.258, 14.824, 14.038, 14.026, 14.159, 14.816, 15.086, 14.843, 14.769, 14.685, 13.986, 13.72, 14.572, 15.62, 15.923, 16.016, 16.43, 14.924, 13.702, 13.538, 13.182, 13.009, 12.407, 11.763, 11.151, 10.804, 10.029, 8.256, 6.182, 4.759], [1.89, 1.92, 2.47, 3.06, 2.21, 2.41, 2.4, 2.29, 2.22, 2.69, 3.88, 3.72, 3.11, 2.61, 1.68, 1.4, 1.76, 1.72, 1.5, 1.68, 1.96, 1.92, 1.88, 2.33, 3.71, 3.82, 3.58, 3.16, 2.44, 2.17, 2.45, 2.59, 2.59, 2.11, 2.34, 2.42, 2.43, 3.67, 5.954, 2.37, 0, 1.33, 2.06, 2.04, 1.38, 3.108, 6.043, 8.599, 10.096, 12.359, 14.547, 14.863, 14.189, 13.563, 13.332, 13.101, 12.914, 12.481, 11.694, 11.715, 11.848, 12.481, 12.771, 12.528, 12.422, 12.344, 11.642, 11.409, 12.229, 13.276, 13.579, 13.672, 14.086, 12.612, 11.35, 11.188, 10.829, 10.656, 10.124, 9.471, 8.856, 8.449, 7.676, 5.898, 3.861, 2.59], [1.62, 1.59, 2.94, 3.81, 2.9, 3.1, 3.11, 2.84, 2.83, 3.44, 4.53, 4.35, 3.76, 3.48, 2.39, 1.19, 1.43, 1.45, 1.13, 1.17, 1.47, 1.39, 1.25, 1.62, 2.9, 3.03, 2.91, 2.71, 2.37, 2.48, 2.58, 2.76, 2.82, 2.36, 2.53, 2.59, 2.74, 4.608, 6.907, 3.337, 1.33, 0, 1.25, 1.45, 1.35, 2.2, 5.121, 7.64, 9.14, 11.415, 13.607, 13.922, 13.248, 12.622, 12.392, 12.162, 11.973, 11.531, 10.765, 10.771, 10.904, 11.555, 11.834, 11.591, 11.482, 11.411, 10.701, 10.468, 11.279, 12.327, 12.63, 12.723, 13.142, 11.663, 10.393, 10.255, 9.886, 9.713, 9.199, 8.515, 7.911, 7.533, 6.825, 5.15, 3.46, 2.42], [1.79, 2.0, 3.93, 4.78, 3.83, 4.01, 3.92, 3.69, 3.72, 4.33, 5.4, 5.22, 4.71, 4.47, 3.375, 1.44, 1.14, 1.14, 1.2, 1.28, 1.14, 1.24, 1.06, 1.11, 1.99, 2.08, 1.94, 1.8, 1.8, 2.27, 2.33, 2.45, 2.55, 2.27, 2.32, 2.4, 2.85, 5.609, 7.92, 4.37, 2.06, 1.25, 0, 0.78, 1.4, 1.39, 4.074, 6.627, 8.122, 10.405, 12.608, 12.922, 12.24, 11.614, 11.391, 11.159, 10.979, 10.51, 9.732, 9.764, 9.892, 10.527, 10.82, 10.577, 10.469, 10.411, 9.696, 9.454, 10.261, 11.306, 11.609, 11.702, 12.132, 10.636, 9.36, 9.246, 8.869, 8.74, 8.218, 7.53, 6.938, 6.62, 5.87, 4.1, 2.55, 1.89], [1.79, 2.1, 3.913, 4.735, 3.74, 3.945, 3.94, 3.61, 3.56, 4.325, 5.32, 5.08, 4.55, 4.439, 3.346, 1.36, 1.02, 1.08, 1.28, 1.38, 1.22, 1.22, 1.18, 1.31, 2.11, 2.14, 1.92, 1.7, 1.52, 2.03, 2.15, 2.29, 2.51, 2.21, 2.28, 2.36, 2.73, 5.59, 7.886, 4.333, 2.04, 1.45, 0.78, 0, 1.2, 1.39, 4.107, 6.627, 8.127, 10.41, 12.602, 12.925, 12.242, 11.616, 11.393, 11.165, 10.974, 10.514, 9.798, 9.769, 9.919, 10.559, 10.832, 10.588, 10.482, 10.439, 9.729, 9.465, 10.297, 11.31, 11.613, 11.723, 12.137, 10.649, 9.383, 9.252, 8.882, 8.724, 8.224, 7.484, 6.867, 6.603, 5.873, 4.02, 2.27, 1.51], [1.99, 2.02, 3.096, 3.938, 2.97, 3.171, 3.104, 2.78, 2.84, 3.511, 4.496, 4.26, 3.73, 3.562, 2.54, 1.2, 1.38, 1.42, 1.22, 1.48, 1.66, 1.58, 1.42, 1.63, 2.87, 2.96, 2.7, 2.44, 2.18, 2.15, 2.39, 2.63, 2.73, 2.33, 2.58, 2.78, 2.69, 4.695, 7.006, 3.436, 1.38, 1.35, 1.4, 1.2, 0, 2.11, 4.971, 7.529, 9.027, 11.29, 13.489, 13.807, 13.125, 12.5, 12.277, 12.044, 11.867, 11.411, 10.639, 10.653, 10.773, 11.429, 11.706, 11.463, 11.353, 11.293, 10.582, 10.34, 11.157, 12.204, 12.507, 12.6, 13.017, 11.538, 10.275, 10.134, 9.754, 9.635, 9.121, 8.436, 7.84, 7.486, 6.67, 4.9, 2.97, 1.87], [2.451, 2.884, 4.971, 5.783, 4.796, 4.993, 4.803, 4.422, 4.569, 5.362, 6.229, 5.914, 5.493, 5.504, 4.401, 2.363, 2.13, 2.069, 2.269, 2.232, 1.903, 1.87, 1.93, 1.64, 1.6, 1.73, 1.65, 1.61, 1.95, 2.48, 2.3, 2.48, 2.74, 2.697, 2.87, 3.058, 3.645, 6.605, 8.918, 5.4, 3.108, 2.2, 1.39, 1.39, 2.11, 0, 3.066, 5.596, 7.137, 9.381, 11.584, 11.901, 11.215, 10.589, 10.365, 10.155, 9.983, 9.503, 8.817, 8.736, 8.883, 9.5, 9.782, 9.531, 9.461, 9.401, 8.691, 8.407, 9.247, 10.275, 10.578, 10.69, 11.128, 9.587, 8.447, 8.317, 7.94, 7.873, 7.55, 6.65, 6.13, 6.12, 5.31, 3.69, 1.92, 1.36], [5.374, 5.881, 7.96, 8.771, 7.778, 7.981, 7.799, 7.418, 7.554, 8.337, 9.201, 8.903, 8.465, 8.46, 7.373, 5.31, 4.847, 4.878, 5.097, 4.98, 4.772, 4.793, 4.778, 4.086, 2.72, 2.467, 2.63, 3.01, 3.971, 4.72, 4.232, 4.043, 4.7, 5.432, 5.644, 5.855, 6.597, 9.637, 11.932, 8.389, 6.043, 5.121, 4.074, 4.107, 4.971, 3.066, 0, 2.59, 4.183, 6.433, 8.622, 8.915, 8.223, 7.606, 7.37, 7.2, 7.02, 6.54, 6.013, 6.046, 6.176, 6.736, 7.012, 6.75, 6.6, 6.58, 5.853, 5.66, 6.38, 7.29, 7.6, 7.72, 8.17, 6.8, 5.7, 5.63, 5.27, 5.28, 5.13, 4.25, 3.79, 3.84, 3.03, 2.13, 2.5, 3.698], [7.931, 8.454, 10.516, 11.333, 10.34, 10.54, 10.368, 9.99, 10.116, 10.897, 11.769, 11.472, 11.028, 11.016, 9.929, 7.866, 7.403, 7.434, 7.645, 7.525, 7.208, 7.254, 7.294, 6.619, 5.042, 4.898, 5.07, 5.476, 6.487, 7.265, 6.788, 6.599, 7.256, 7.988, 8.2, 8.411, 9.144, 12.178, 14.488, 10.945, 8.599, 7.64, 6.627, 6.627, 7.529, 5.596, 2.59, 0, 1.82, 4.03, 6.165, 6.422, 5.706, 5.13, 4.93, 4.71, 4.49, 4.05, 3.63, 3.68, 3.85, 4.35, 4.63, 4.35, 4.14, 4.14, 3.43, 3.27, 3.85, 4.76, 5.079, 5.209, 5.659, 4.27, 3.23, 3.18, 2.96, 3.11, 3.02, 2.44, 2.04, 1.97, 1.92, 3.06, 4.78, 6.218], [9.431, 9.941, 12.011, 12.833, 11.84, 12.049, 11.891, 11.507, 11.622, 12.406, 13.301, 13.01, 12.533, 12.511, 11.429, 9.378, 8.903, 8.934, 9.145, 9.02, 8.692, 8.744, 8.789, 8.114, 6.542, 6.398, 6.57, 6.976, 7.987, 8.765, 8.283, 8.094, 8.746, 9.475, 9.664, 9.873, 10.608, 13.625, 15.947, 12.44, 10.096, 9.14, 8.122, 8.127, 9.027, 7.137, 4.183, 1.82, 0, 2.49, 4.64, 4.905, 4.21, 3.63, 3.39, 3.23, 2.87, 2.41, 1.89, 1.94, 2.13, 2.61, 2.889, 2.609, 2.46, 2.44, 1.69, 1.59, 2.21, 3.2, 3.513, 3.623, 4.046, 2.63, 1.55, 1.48, 1.26, 1.55, 1.66, 1.5, 1.78, 2.05, 2.763, 4.266, 6.292, 7.713], [11.7, 12.219, 14.277, 15.114, 14.126, 14.327, 14.165, 13.787, 13.913, 14.684, 15.561, 15.269, 14.817, 14.779, 13.701, 11.653, 11.2, 11.234, 11.423, 11.286, 10.954, 11.006, 11.052, 10.393, 8.842, 8.711, 8.866, 9.279, 10.262, 11.029, 10.546, 10.36, 11.008, 11.736, 11.926, 12.134, 12.87, 15.886, 18.209, 14.703, 12.359, 11.415, 10.405, 10.41, 11.29, 9.381, 6.433, 4.03, 2.49, 0, 2.29, 2.572, 1.86, 1.26, 1.06, 1.0, 0.96, 0.82, 1.12, 1.25, 1.24, 1.28, 1.36, 1.46, 1.37, 1.49, 1.6, 1.58, 1.64, 1.49, 1.63, 1.64, 1.91, 1.58, 1.9, 1.97, 1.89, 1.96, 2.509, 3.097, 3.628, 3.98, 4.793, 6.519, 8.581, 10.013], [13.886, 14.41, 16.462, 17.308, 16.317, 16.524, 16.362, 15.987, 16.108, 16.881, 17.755, 17.469, 17.014, 16.973, 15.892, 13.85, 13.389, 13.437, 13.618, 13.474, 13.153, 13.191, 13.249, 12.595, 11.028, 10.878, 11.052, 11.485, 12.454, 13.214, 12.728, 12.545, 13.191, 13.919, 14.1, 14.314, 15.047, 18.042, 20.369, 16.891, 14.547, 13.607, 12.608, 12.602, 13.489, 11.584, 8.622, 6.165, 4.64, 2.29, 0, 0.68, 0.87, 1.31, 1.49, 1.85, 2.15, 2.459, 3.079, 3.16, 2.97, 2.53, 2.39, 2.67, 2.68, 2.74, 3.305, 3.53, 3.31, 2.56, 2.44, 2.43, 2.28, 2.91, 3.63, 3.78, 3.98, 4.053, 4.662, 5.294, 5.82, 6.159, 6.93, 8.725, 10.773, 12.196], [14.195, 14.726, 16.778, 17.627, 16.64, 16.846, 16.685, 16.307, 16.431, 17.202, 18.078, 17.789, 17.336, 17.292, 16.214, 14.173, 13.711, 13.743, 13.939, 13.797, 13.46, 13.514, 13.572, 12.898, 11.33, 11.189, 11.361, 11.781, 12.772, 13.524, 13.044, 12.855, 13.5, 14.228, 14.406, 14.62, 15.353, 18.348, 20.675, 17.204, 14.863, 13.922, 12.922, 12.925, 13.807, 11.901, 8.915, 6.422, 4.905, 2.572, 0.68, 0, 0.83, 1.447, 1.69, 2.021, 2.307, 2.636, 3.319, 3.32, 3.19, 2.67, 2.51, 2.81, 2.84, 2.98, 3.547, 3.758, 3.41, 2.7, 2.54, 2.51, 2.4, 3.01, 3.79, 3.98, 4.174, 4.293, 4.943, 5.584, 6.107, 6.455, 7.22, 9.006, 11.096, 12.513], [13.527, 14.052, 16.103, 16.95, 15.958, 16.165, 16.002, 15.624, 15.747, 16.522, 17.396, 17.106, 16.656, 16.615, 15.533, 13.491, 13.028, 13.057, 13.259, 13.115, 12.778, 12.832, 12.89, 12.216, 10.649, 10.515, 10.679, 11.092, 12.095, 12.855, 12.369, 12.186, 12.832, 13.56, 13.741, 13.955, 14.688, 17.683, 20.011, 16.532, 14.189, 13.248, 12.24, 12.242, 13.125, 11.215, 8.223, 5.706, 4.21, 1.86, 0.87, 0.83, 0, 0.74, 0.94, 1.28, 1.64, 1.94, 2.62, 2.63, 2.52, 2.08, 1.96, 2.22, 2.27, 2.37, 2.88, 3.04, 2.8, 2.17, 2.03, 2.02, 1.93, 2.48, 3.14, 3.31, 3.53, 3.597, 4.227, 4.892, 5.424, 5.776, 6.534, 8.325, 10.401, 11.831], [12.901, 13.426, 15.478, 16.324, 15.332, 15.54, 15.376, 14.998, 15.122, 15.896, 16.77, 16.48, 16.03, 15.989, 14.908, 12.865, 12.403, 12.431, 12.633, 12.49, 12.152, 12.207, 12.264, 11.59, 10.036, 9.909, 10.061, 10.466, 11.469, 12.229, 11.743, 11.561, 12.206, 12.934, 13.115, 13.329, 14.063, 17.057, 19.385, 15.906, 13.563, 12.622, 11.614, 11.616, 12.5, 10.589, 7.606, 5.13, 3.63, 1.26, 1.31, 1.447, 0.74, 0, 0.4, 0.78, 1.14, 1.4, 2.06, 2.17, 2.06, 1.62, 1.56, 1.74, 1.73, 1.81, 2.28, 2.42, 2.34, 1.71, 1.67, 1.68, 1.67, 2.06, 2.66, 2.77, 2.97, 2.934, 3.584, 4.282, 4.834, 5.13, 5.929, 7.723, 9.776, 11.207], [12.665, 13.195, 15.247, 16.096, 15.11, 15.315, 15.153, 14.775, 14.899, 15.672, 16.547, 16.257, 15.807, 15.761, 14.683, 12.642, 12.18, 12.208, 12.408, 12.267, 11.929, 11.984, 12.041, 11.368, 9.813, 9.685, 9.838, 10.263, 11.242, 11.993, 11.521, 11.338, 11.97, 12.698, 12.875, 13.089, 13.823, 16.817, 19.145, 15.673, 13.332, 12.392, 11.391, 11.393, 12.277, 10.365, 7.37, 4.93, 3.39, 1.06, 1.49, 1.69, 0.94, 0.4, 0, 0.54, 0.98, 1.2, 1.84, 1.95, 1.86, 1.5, 1.44, 1.66, 1.65, 1.75, 2.12, 2.2, 2.18, 1.67, 1.65, 1.64, 1.61, 1.94, 2.44, 2.57, 2.75, 2.734, 3.364, 4.042, 4.594, 4.918, 5.706, 7.494, 9.56, 10.984], [12.428, 12.958, 15.01, 15.862, 14.88, 15.083, 14.922, 14.558, 14.667, 15.439, 16.315, 16.026, 15.573, 15.527, 14.452, 12.413, 11.954, 11.988, 12.176, 12.04, 11.708, 11.76, 11.82, 11.147, 9.576, 9.429, 9.601, 10.033, 11.009, 11.769, 11.283, 11.101, 11.744, 12.461, 12.638, 12.852, 13.586, 16.58, 18.908, 15.436, 13.101, 12.162, 11.159, 11.165, 12.044, 10.155, 7.2, 4.71, 3.23, 1.0, 1.85, 2.021, 1.28, 0.78, 0.54, 0, 0.58, 0.96, 1.74, 1.81, 1.72, 1.3, 1.24, 1.44, 1.43, 1.53, 1.94, 1.98, 1.86, 1.39, 1.35, 1.3, 1.39, 1.66, 2.24, 2.35, 2.59, 2.574, 3.186, 3.866, 4.418, 4.718, 5.527, 7.243, 9.316, 10.75], [12.252, 12.777, 14.829, 15.681, 14.691, 14.903, 14.752, 14.368, 14.483, 15.259, 16.146, 15.856, 15.39, 15.346, 14.265, 12.224, 11.764, 11.795, 11.996, 11.851, 11.519, 11.571, 11.632, 10.958, 9.387, 9.24, 9.412, 9.837, 10.823, 11.581, 11.095, 10.912, 11.557, 12.285, 12.466, 12.681, 13.414, 16.416, 18.741, 15.258, 12.914, 11.973, 10.979, 10.974, 11.867, 9.983, 7.02, 4.49, 2.87, 0.96, 2.15, 2.307, 1.64, 1.14, 0.98, 0.58, 0, 0.62, 1.36, 1.43, 1.36, 1.06, 1.08, 1.18, 1.09, 1.19, 1.54, 1.66, 1.38, 1.01, 1.07, 1.08, 1.35, 1.28, 1.88, 1.95, 2.25, 2.331, 2.961, 3.606, 4.158, 4.492, 5.28, 7.066, 9.127, 10.573], [11.819, 12.332, 14.395, 15.224, 14.231, 14.437, 14.272, 13.908, 14.017, 14.794, 15.666, 15.376, 14.927, 14.895, 13.817, 11.765, 11.304, 11.335, 11.533, 11.404, 11.077, 11.128, 11.173, 10.498, 8.927, 8.78, 8.952, 9.377, 10.378, 11.15, 10.667, 10.478, 11.13, 11.859, 12.041, 12.255, 12.988, 15.985, 18.31, 14.824, 12.481, 11.531, 10.51, 10.514, 11.411, 9.503, 6.54, 4.05, 2.41, 0.82, 2.459, 2.636, 1.94, 1.4, 1.2, 0.96, 0.62, 0, 0.9, 1.01, 0.98, 0.94, 1.08, 1.04, 0.85, 1.01, 1.2, 1.3, 1.1, 1.05, 1.29, 1.32, 1.669, 1.14, 1.54, 1.61, 1.79, 1.98, 2.586, 3.146, 3.698, 4.032, 4.842, 6.597, 8.674, 10.101], [11.053, 11.578, 13.618, 14.498, 13.506, 13.709, 13.54, 13.153, 13.291, 14.019, 14.951, 14.666, 14.179, 14.123, 13.042, 11.006, 10.546, 10.553, 10.756, 10.621, 10.293, 10.359, 10.404, 9.726, 8.15, 8.009, 8.186, 8.598, 9.632, 10.367, 9.884, 9.701, 10.353, 11.073, 11.254, 11.471, 12.202, 15.204, 17.529, 14.038, 11.694, 10.765, 9.732, 9.798, 10.639, 8.817, 6.013, 3.63, 1.89, 1.12, 3.079, 3.319, 2.62, 2.06, 1.84, 1.74, 1.36, 0.9, 0, 0.47, 0.66, 0.9, 1.22, 1.08, 1.05, 0.99, 0.92, 0.94, 1.04, 1.75, 1.99, 2.024, 2.414, 1.3, 1.38, 1.35, 1.21, 1.5, 2.046, 2.557, 3.037, 3.308, 4.07, 5.834, 7.917, 9.332], [11.033, 11.557, 13.598, 14.473, 13.491, 13.692, 13.512, 13.149, 13.275, 14.042, 14.884, 14.601, 14.144, 14.117, 13.022, 10.985, 10.527, 10.593, 10.771, 10.633, 10.298, 10.344, 10.396, 9.739, 8.166, 8.019, 8.194, 8.667, 9.621, 10.358, 9.887, 9.681, 10.329, 11.074, 11.248, 11.453, 12.195, 15.191, 17.514, 14.026, 11.715, 10.771, 9.764, 9.769, 10.653, 8.736, 6.046, 3.68, 1.94, 1.25, 3.16, 3.32, 2.63, 2.17, 1.95, 1.81, 1.43, 1.01, 0.47, 0, 0.47, 0.81, 1.11, 1.01, 1.04, 1.0, 0.89, 0.85, 1.01, 1.74, 1.94, 2.019, 2.409, 1.19, 1.23, 1.24, 1.14, 1.49, 2.08, 2.472, 2.977, 3.272, 4.068, 5.857, 7.954, 9.339], [11.166, 11.69, 13.731, 14.606, 13.625, 13.825, 13.647, 13.283, 13.409, 14.175, 15.019, 14.736, 14.277, 14.25, 13.155, 11.118, 10.661, 10.71, 10.904, 10.766, 10.411, 10.477, 10.529, 9.856, 8.309, 8.147, 8.333, 8.798, 9.754, 10.491, 10.02, 9.814, 10.462, 11.207, 11.381, 11.586, 12.328, 15.319, 17.641, 14.159, 11.848, 10.904, 9.892, 9.919, 10.773, 8.883, 6.176, 3.85, 2.13, 1.24, 2.97, 3.19, 2.52, 2.06, 1.86, 1.72, 1.36, 0.98, 0.66, 0.47, 0, 0.74, 1.04, 1.0, 1.07, 1.03, 0.96, 0.96, 1.16, 1.71, 1.91, 1.92, 2.296, 1.22, 1.18, 1.17, 1.11, 1.36, 2.009, 2.602, 3.107, 3.422, 4.198, 5.979, 8.104, 9.479], [11.823, 12.347, 14.388, 15.263, 14.281, 14.479, 14.287, 13.918, 14.065, 14.789, 15.674, 15.386, 14.931, 14.884, 13.812, 11.769, 11.317, 11.356, 11.545, 11.391, 11.059, 11.134, 11.171, 10.509, 8.933, 8.78, 8.957, 9.401, 10.411, 11.134, 10.651, 10.471, 11.119, 11.844, 12.023, 12.237, 12.971, 15.973, 18.298, 14.816, 12.481, 11.555, 10.527, 10.559, 11.429, 9.5, 6.736, 4.35, 2.61, 1.28, 2.53, 2.67, 2.08, 1.62, 1.5, 1.3, 1.06, 0.94, 0.9, 0.81, 0.74, 0, 0.4, 0.52, 0.65, 0.71, 1.12, 1.26, 1.14, 1.17, 1.27, 1.3, 1.71, 1.0, 1.56, 1.53, 1.73, 1.9, 2.549, 3.236, 3.747, 4.062, 4.834, 6.628, 8.704, 10.101], [12.09, 12.62, 14.654, 15.539, 14.553, 14.757, 14.578, 14.197, 14.341, 15.087, 15.95, 15.664, 15.21, 15.163, 14.084, 12.048, 11.586, 11.629, 11.836, 11.68, 11.332, 11.401, 11.45, 10.773, 9.226, 9.085, 9.25, 9.705, 10.684, 11.415, 10.934, 10.737, 11.383, 12.108, 12.289, 12.506, 13.248, 16.244, 18.564, 15.086, 12.771, 11.834, 10.82, 10.832, 11.706, 9.782, 7.012, 4.63, 2.889, 1.36, 2.39, 2.51, 1.96, 1.56, 1.44, 1.24, 1.08, 1.08, 1.22, 1.11, 1.04, 0.4, 0, 0.48, 0.67, 0.77, 1.3, 1.42, 1.26, 1.11, 1.17, 1.18, 1.45, 1.02, 1.76, 1.75, 2.01, 2.18, 2.809, 3.523, 4.02, 4.335, 5.104, 6.905, 9.017, 10.394], [11.847, 12.377, 14.411, 15.296, 14.31, 14.514, 14.334, 13.952, 14.096, 14.844, 15.707, 15.42, 14.967, 14.92, 13.841, 11.805, 11.342, 11.382, 11.593, 11.438, 11.089, 11.158, 11.207, 10.53, 8.97, 8.826, 8.994, 9.451, 10.441, 11.172, 10.691, 10.494, 11.14, 11.865, 12.046, 12.263, 13.005, 16.001, 18.321, 14.843, 12.528, 11.591, 10.577, 10.588, 11.463, 9.531, 6.75, 4.35, 2.609, 1.46, 2.67, 2.81, 2.22, 1.74, 1.66, 1.44, 1.18, 1.04, 1.08, 1.01, 1.0, 0.52, 0.48, 0, 0.41, 0.45, 0.96, 1.14, 0.9, 1.07, 1.21, 1.32, 1.67, 1.06, 1.68, 1.61, 1.75, 2.12, 2.689, 3.261, 3.776, 4.092, 4.861, 6.662, 8.761, 10.138], [11.781, 12.315, 14.343, 15.177, 14.199, 14.407, 14.231, 13.847, 14.005, 14.756, 15.637, 15.35, 14.898, 14.845, 13.767, 11.716, 11.255, 11.286, 11.493, 11.352, 11.02, 11.072, 11.118, 10.443, 8.9, 8.731, 8.91, 9.336, 10.326, 11.101, 10.612, 10.426, 11.074, 11.803, 11.987, 12.196, 12.931, 15.948, 18.27, 14.769, 12.422, 11.482, 10.469, 10.482, 11.353, 9.461, 6.6, 4.14, 2.46, 1.37, 2.68, 2.84, 2.27, 1.73, 1.65, 1.43, 1.09, 0.85, 1.05, 1.04, 1.07, 0.65, 0.67, 0.41, 0, 0.3, 0.85, 1.09, 0.79, 0.98, 1.2, 1.33, 1.72, 1.01, 1.63, 1.64, 1.74, 2.13, 2.659, 3.199, 3.706, 3.982, 4.764, 6.551, 8.625, 10.066], [11.7, 12.244, 14.259, 15.125, 14.156, 14.361, 14.168, 13.804, 13.962, 14.69, 15.574, 15.287, 14.832, 14.773, 13.695, 11.671, 11.192, 11.24, 11.425, 11.279, 10.957, 10.996, 11.053, 10.396, 8.837, 8.684, 8.85, 9.285, 10.271, 11.011, 10.533, 10.35, 10.982, 11.71, 11.89, 12.107, 12.84, 15.85, 18.173, 14.685, 12.344, 11.411, 10.411, 10.439, 11.293, 9.401, 6.58, 4.14, 2.44, 1.49, 2.74, 2.98, 2.37, 1.81, 1.75, 1.53, 1.19, 1.01, 0.99, 1.0, 1.03, 0.71, 0.77, 0.45, 0.3, 0, 0.75, 1.03, 0.77, 1.1, 1.3, 1.45, 1.8, 1.05, 1.67, 1.54, 1.74, 2.09, 2.596, 3.138, 3.643, 3.926, 4.681, 6.492, 8.568, 10.005], [11.004, 11.534, 13.557, 14.42, 13.446, 13.653, 13.458, 13.094, 13.252, 13.981, 14.864, 14.577, 14.124, 14.068, 12.987, 10.961, 10.482, 10.513, 10.715, 10.569, 10.231, 10.286, 10.343, 9.67, 8.127, 7.974, 8.14, 8.568, 9.565, 10.314, 9.823, 9.64, 10.285, 11.013, 11.197, 11.414, 12.147, 15.158, 17.48, 13.986, 11.642, 10.701, 9.696, 9.729, 10.582, 8.691, 5.853, 3.43, 1.69, 1.6, 3.305, 3.547, 2.88, 2.28, 2.12, 1.94, 1.54, 1.2, 0.92, 0.89, 0.96, 1.12, 1.3, 0.96, 0.85, 0.75, 0, 0.5, 0.88, 1.67, 1.977, 2.093, 2.503, 1.3, 1.44, 1.31, 1.33, 1.7, 2.19, 2.51, 2.968, 3.227, 3.971, 5.785, 7.865, 9.295], [10.724, 11.262, 13.289, 14.173, 13.187, 13.392, 13.211, 12.829, 12.974, 13.741, 14.584, 14.297, 13.844, 13.817, 12.719, 10.682, 10.219, 10.259, 10.47, 10.327, 9.982, 10.048, 10.084, 9.407, 7.863, 7.703, 7.891, 8.352, 9.318, 10.049, 9.591, 9.385, 10.017, 10.762, 10.943, 11.142, 11.887, 14.897, 17.217, 13.72, 11.409, 10.468, 9.454, 9.465, 10.34, 8.407, 5.66, 3.27, 1.59, 1.58, 3.53, 3.758, 3.04, 2.42, 2.2, 1.98, 1.66, 1.3, 0.94, 0.85, 0.96, 1.26, 1.42, 1.14, 1.09, 1.03, 0.5, 0, 0.96, 1.93, 2.239, 2.36, 2.77, 1.42, 1.36, 1.23, 1.19, 1.5, 1.95, 2.25, 2.731, 2.979, 3.738, 5.543, 7.645, 9.035], [11.59, 12.109, 14.143, 14.989, 14.013, 14.219, 14.018, 13.654, 13.812, 14.547, 15.429, 15.137, 14.687, 14.643, 13.565, 11.525, 11.042, 11.073, 11.284, 11.152, 10.824, 10.876, 10.921, 10.246, 8.687, 8.534, 8.7, 9.109, 10.143, 10.904, 10.415, 10.226, 10.878, 11.607, 11.791, 12.009, 12.741, 15.752, 18.074, 14.572, 12.229, 11.279, 10.261, 10.297, 11.157, 9.247, 6.38, 3.85, 2.2