[[0, 1.55, 2.5, 2.8, 3.4, 3.96, 4.61, 4.16, 3.95, 3.84, 5.27, 6.69, 7.78, 9.04, 9.9, 9.74, 9.31, 9.19, 9.35, 9.53, 9.36, 9.06, 9.32, 9.46, 8.64, 6.32, 5.2, 4.94, 4.75, 4.63, 4.7, 4.5, 4.5, 3.73, 3.44, 3.58, 4.34, 4.75, 4.73, 4.4, 3.96, 3.53, 2.95, 3.61, 4.42, 5.58, 6.17, 5.11, 4.16, 4.92, 5.48, 6.62, 7.25, 6.8, 6.14, 4.41, 2.3, 2.43, 2.29, 2.29, 2.22, 2.34, 2.9, 3.04, 3.11, 3.08, 2.77, 2.69, 2.67, 2.97, 2.78, 3.16, 3.67, 3.81, 4.08, 4.13, 4.23, 4.19, 4.29, 4.55, 4.49, 4.39, 4.91, 5.44, 5.75, 6.28], [1.55, 0, 1.13, 1.53, 1.97, 2.51, 3.18, 2.69, 2.6, 2.59, 3.96, 5.2, 6.33, 7.65, 8.43, 8.25, 7.9, 7.86, 8.0, 8.18, 7.99, 7.69, 7.91, 8.03, 7.17, 5.05, 4.19, 3.95, 3.82, 3.7, 3.73, 3.67, 3.83, 3.2, 2.93, 3.25, 4.15, 4.36, 4.36, 4.17, 3.77, 2.62, 1.82, 2.12, 2.91, 4.07, 4.66, 3.68, 3.07, 3.77, 4.41, 5.27, 5.76, 5.33, 4.63, 3.2, 1.87, 2.54, 2.18, 1.48, 1.49, 2.39, 3.05, 3.41, 3.44, 3.33, 2.98, 2.76, 2.88, 3.1, 3.05, 3.41, 4.04, 4.38, 4.61, 4.96, 5.1, 5.14, 5.24, 5.24, 5.2, 5.18, 5.66, 6.39, 6.86, 7.365], [2.5, 1.13, 0, 1.04, 1.42, 1.82, 2.37, 2.12, 2.15, 2.08, 3.37, 4.27, 5.36, 6.72, 7.5, 7.28, 6.87, 6.83, 7.07, 7.21, 7.0, 6.72, 6.96, 7.16, 6.28, 4.14, 3.24, 3.12, 3.09, 2.95, 2.92, 2.92, 3.04, 2.75, 2.46, 2.7, 3.56, 3.67, 3.67, 3.62, 3.32, 1.89, 1.15, 1.27, 2.06, 3.26, 3.99, 3.13, 2.86, 3.46, 4.08, 4.82, 4.83, 4.7, 3.84, 2.35, 1.6, 2.63, 2.17, 1.37, 1.38, 2.2, 2.8, 3.3, 3.41, 3.26, 2.89, 2.71, 2.97, 3.27, 3.42, 3.7, 4.27, 4.87, 5.46, 5.91, 6.029, 6.11, 6.19, 6.05, 6.01, 6.01, 6.47, 7.22, 7.687, 8.223], [2.8, 1.53, 1.04, 0, 0.82, 1.34, 1.99, 1.78, 1.61, 1.66, 2.75, 3.91, 5.1, 6.44, 7.22, 7.0, 6.69, 6.65, 6.87, 7.05, 6.84, 6.56, 6.76, 6.94, 6.06, 3.96, 3.16, 2.92, 2.79, 2.67, 2.7, 2.58, 2.72, 2.25, 1.9, 2.28, 3.06, 3.23, 3.33, 3.08, 2.78, 1.63, 1.37, 1.19, 1.82, 3.1, 3.71, 2.85, 2.66, 3.28, 3.86, 4.58, 4.59, 4.5, 3.54, 2.07, 1.72, 2.73, 2.31, 1.05, 1.26, 2.3, 3.06, 3.5, 3.51, 3.42, 3.05, 2.97, 3.21, 3.51, 3.66, 4.0, 4.59, 5.15, 5.72, 6.19, 6.321, 6.361, 6.45, 6.39, 6.33, 6.35, 6.83, 7.5, 7.942, 8.497], [3.4, 1.97, 1.42, 0.82, 0, 0.92, 1.49, 1.4, 1.45, 1.52, 2.51, 3.39, 4.64, 5.98, 6.64, 6.44, 6.29, 6.35, 6.51, 6.69, 6.48, 6.24, 6.44, 6.5, 5.56, 3.62, 2.84, 2.6, 2.51, 2.33, 2.42, 2.46, 2.6, 2.21, 2.2, 2.54, 3.04, 3.09, 3.33, 3.08, 2.7, 1.67, 1.81, 1.29, 1.66, 2.52, 3.17, 2.31, 2.6, 2.8, 3.32, 4.08, 4.03, 3.98, 3.1, 1.85, 2.26, 3.31, 2.63, 1.41, 1.86, 2.82, 3.54, 4.0, 4.05, 3.94, 3.57, 3.53, 3.83, 4.13, 4.24, 4.56, 5.17, 5.75, 6.34, 6.79, 6.918, 6.958, 7.05, 6.97, 6.89, 6.91, 7.39, 8.06, 8.524, 9.077], [3.96, 2.51, 1.82, 1.34, 0.92, 0, 0.89, 0.92, 1.37, 1.48, 2.47, 3.11, 4.2, 5.62, 6.32, 6.22, 6.07, 6.13, 6.25, 6.45, 6.2, 5.96, 6.2, 6.16, 5.18, 3.46, 2.68, 2.38, 2.49, 2.37, 2.58, 2.78, 2.76, 2.47, 2.7, 2.98, 3.26, 3.27, 3.39, 3.4, 2.96, 1.99, 2.29, 1.53, 1.6, 2.22, 2.73, 2.23, 2.5, 2.52, 2.98, 3.54, 3.45, 3.4, 2.56, 1.63, 2.82, 3.73, 2.89, 1.97, 2.36, 3.4, 3.96, 4.32, 4.37, 4.34, 3.97, 3.93, 4.27, 4.73, 4.82, 5.12, 5.69, 6.23, 6.86, 7.33, 7.461, 7.51, 7.59, 7.55, 7.47, 7.49, 7.97, 8.68, 9.107, 9.643], [4.61, 3.18, 2.37, 1.99, 1.49, 0.89, 0, 0.95, 1.54, 1.65, 2.44, 2.74, 3.81, 5.07, 5.85, 5.79, 5.6, 5.66, 5.74, 5.92, 5.69, 5.47, 5.69, 5.65, 4.65, 2.93, 2.39, 2.37, 2.38, 2.44, 2.67, 2.67, 2.53, 2.76, 3.15, 3.27, 3.47, 3.26, 3.32, 3.59, 2.99, 2.32, 2.64, 1.84, 1.63, 2.01, 2.44, 2.0, 2.49, 2.47, 2.89, 3.35, 3.14, 3.09, 2.17, 1.28, 3.33, 4.32, 3.42, 2.6, 2.85, 3.81, 4.39, 4.57, 4.64, 4.71, 4.52, 4.56, 4.86, 5.22, 5.35, 5.65, 6.32, 6.88, 7.51, 7.96, 8.091, 8.14, 8.22, 8.14, 8.08, 8.04, 8.5, 9.17, 9.7, 10.287], [4.16, 2.69, 2.12, 1.78, 1.4, 0.92, 0.95, 0, 0.95, 1.18, 2.23, 2.83, 3.92, 5.2, 6.0, 5.88, 5.71, 5.69, 5.75, 5.95, 5.74, 5.48, 5.7, 5.68, 4.7, 2.88, 2.2, 2.12, 2.43, 2.45, 2.62, 2.82, 2.58, 2.63, 2.88, 3.06, 3.42, 3.19, 3.19, 3.4, 2.86, 2.13, 2.49, 1.87, 2.0, 2.62, 2.91, 2.57, 3.04, 3.02, 3.38, 3.64, 3.51, 3.38, 2.24, 1.51, 2.94, 3.93, 3.03, 2.21, 2.42, 3.48, 4.06, 4.3, 4.37, 4.4, 4.21, 4.23, 4.45, 4.73, 4.92, 5.24, 5.97, 6.47, 7.12, 7.57, 7.73, 7.738, 7.818, 7.71, 7.65, 7.61, 8.09, 8.76, 9.284, 9.82], [3.95, 2.6, 2.15, 1.61, 1.45, 1.37, 1.54, 0.95, 0, 0.63, 1.58, 2.78, 3.85, 5.21, 6.13, 5.91, 5.58, 5.46, 5.62, 5.72, 5.53, 5.25, 5.55, 5.67, 4.75, 2.65, 2.05, 2.09, 2.4, 2.36, 2.47, 2.45, 2.27, 2.3, 2.73, 2.75, 3.15, 2.8, 2.92, 3.09, 2.51, 2.04, 2.34, 2.14, 2.61, 3.13, 3.46, 3.18, 3.61, 3.49, 3.79, 3.93, 3.74, 3.69, 2.61, 1.9, 2.79, 3.7, 2.72, 1.96, 2.35, 3.29, 3.89, 4.03, 4.16, 4.25, 3.96, 3.88, 4.24, 4.68, 4.79, 5.11, 5.66, 6.26, 6.89, 7.36, 7.485, 7.54, 7.64, 7.52, 7.46, 7.48, 7.96, 8.65, 9.134, 9.63], [3.84, 2.59, 2.08, 1.66, 1.52, 1.48, 1.65, 1.18, 0.63, 0, 1.67, 2.89, 3.96, 5.32, 6.26, 6.04, 5.61, 5.47, 5.67, 5.73, 5.56, 5.28, 5.62, 5.78, 4.9, 2.68, 2.02, 2.06, 2.29, 2.21, 2.26, 2.38, 2.32, 2.25, 2.66, 2.66, 3.08, 2.79, 2.93, 3.04, 2.46, 1.97, 2.43, 2.29, 2.74, 3.14, 3.49, 3.25, 3.66, 3.48, 3.74, 4.08, 3.91, 3.84, 2.82, 1.87, 2.74, 3.59, 2.59, 1.99, 2.46, 3.22, 3.86, 4.0, 4.09, 4.22, 3.91, 3.73, 4.19, 4.63, 4.74, 5.06, 5.53, 6.13, 6.76, 7.23, 7.355, 7.41, 7.55, 7.47, 7.39, 7.43, 7.91, 8.6, 9.064, 9.52], [5.27, 3.96, 3.37, 2.75, 2.51, 2.47, 2.44, 2.23, 1.58, 1.67, 0, 1.68, 2.97, 4.25, 5.05, 4.83, 4.52, 4.44, 4.6, 4.72, 4.53, 4.25, 4.53, 4.69, 3.75, 2.09, 2.61, 3.07, 3.14, 3.2, 3.13, 3.19, 3.11, 3.3, 3.95, 4.01, 3.97, 3.5, 3.84, 4.21, 3.71, 3.22, 3.48, 3.1, 3.49, 3.79, 4.02, 3.84, 4.45, 4.11, 4.17, 4.09, 3.96, 4.03, 3.11, 2.8, 4.19, 5.06, 4.04, 3.4, 3.63, 4.45, 5.15, 5.19, 5.28, 5.53, 5.18, 5.26, 5.68, 6.04, 6.23, 6.53, 7.02, 7.52, 8.13, 8.6, 8.74, 8.76, 8.96, 8.98, 8.86, 8.92, 9.4, 10.07, 10.512, 10.927], [6.69, 5.2, 4.27, 3.91, 3.39, 3.11, 2.74, 2.83, 2.78, 2.89, 1.68, 0, 2.17, 2.99, 3.73, 3.49, 3.26, 3.28, 3.42, 3.56, 3.37, 3.15, 3.39, 3.49, 2.55, 1.57, 2.91, 3.53, 3.62, 3.86, 3.75, 3.99, 3.67, 4.34, 4.99, 5.23, 4.95, 4.4, 4.76, 5.17, 4.81, 4.1, 4.24, 3.26, 3.13, 3.17, 3.16, 3.34, 4.29, 3.87, 3.53, 3.37, 3.12, 3.31, 2.41, 2.64, 5.29, 6.44, 5.48, 4.66, 4.83, 5.37, 6.15, 6.21, 6.34, 6.59, 6.4, 6.62, 6.92, 7.1, 7.41, 7.69, 8.42, 9.0, 9.63, 10.1, 10.228, 10.268, 10.348, 10.237, 10.151, 10.137, 10.577, 11.267, 11.8, 12.35], [7.78, 6.33, 5.36, 5.1, 4.64, 4.2, 3.81, 3.92, 3.85, 3.96, 2.97, 2.17, 0, 1.84, 2.64, 2.48, 2.25, 2.17, 2.55, 2.51, 2.46, 2.32, 2.18, 2.12, 1.52, 2.34, 4.1, 4.64, 4.77, 4.99, 4.98, 5.2, 4.84, 5.33, 6.04, 6.22, 6.14, 5.57, 5.89, 6.26, 5.86, 5.21, 5.37, 4.61, 4.28, 3.86, 3.83, 4.31, 5.3, 4.8, 4.26, 3.32, 2.73, 2.66, 2.42, 3.85, 6.48, 7.51, 6.55, 5.69, 5.82, 6.7, 7.36, 7.36, 7.65, 7.82, 7.49, 7.63, 7.79, 8.13, 8.52, 8.78, 9.45, 10.09, 10.72, 11.19, 11.286, 11.326, 11.426, 11.29, 11.15, 11.19, 11.67, 12.36, 12.882, 13.405], [9.04, 7.65, 6.72, 6.44, 5.98, 5.62, 5.07, 5.2, 5.21, 5.32, 4.25, 2.99, 1.84, 0, 1.1, 1.28, 1.49, 1.79, 2.33, 2.23, 2.22, 2.2, 1.68, 1.36, 1.58, 3.4, 5.14, 5.72, 5.83, 6.07, 5.98, 6.22, 5.9, 6.59, 7.22, 7.5, 7.18, 6.61, 7.01, 7.4, 7.04, 6.31, 6.57, 5.89, 5.62, 5.26, 5.19, 5.71, 6.74, 6.24, 5.7, 4.72, 4.13, 4.12, 3.68, 4.87, 7.64, 8.77, 7.81, 6.95, 7.12, 7.62, 8.42, 8.46, 8.63, 8.94, 8.69, 8.91, 9.19, 9.35, 9.66, 9.94, 10.71, 11.35, 11.98, 12.45, 12.563, 12.603, 12.683, 12.524, 12.404, 12.424, 12.904, 13.554, 14.104, 14.68], [9.9, 8.43, 7.5, 7.22, 6.64, 6.32, 5.85, 6.0, 6.13, 6.26, 5.05, 3.73, 2.64, 1.1, 0, 0.78, 1.31, 1.65, 2.07, 2.09, 2.12, 2.12, 1.56, 1.46, 1.88, 4.14, 5.82, 6.38, 6.47, 6.69, 6.5, 6.68, 6.58, 7.37, 7.98, 8.26, 7.76, 7.31, 7.69, 8.02, 7.74, 6.95, 7.25, 6.67, 6.26, 5.88, 5.73, 6.45, 7.46, 6.94, 6.36, 5.44, 4.77, 4.7, 4.38, 5.77, 8.42, 9.63, 8.67, 7.81, 7.88, 8.28, 9.08, 9.18, 9.35, 9.74, 9.55, 9.75, 9.95, 10.05, 10.52, 10.76, 11.57, 12.21, 12.84, 13.31, 13.426, 13.466, 13.546, 13.372, 13.252, 13.252, 13.655, 14.402, 14.949, 15.525], [9.74, 8.25, 7.28, 7.0, 6.44, 6.22, 5.79, 5.88, 5.91, 6.04, 4.83, 3.49, 2.48, 1.28, 0.78, 0, 0.87, 1.25, 1.59, 1.61, 1.64, 1.62, 1.22, 1.28, 1.84, 3.92, 5.64, 6.2, 6.29, 6.51, 6.3, 6.46, 6.44, 7.25, 7.86, 8.14, 7.64, 7.17, 7.57, 7.9, 7.62, 6.79, 7.05, 6.47, 6.16, 5.92, 5.81, 6.45, 7.46, 6.96, 6.4, 5.48, 4.85, 4.8, 4.44, 5.59, 8.26, 9.47, 8.51, 7.65, 7.78, 8.14, 8.94, 9.04, 9.19, 9.58, 9.39, 9.59, 9.83, 9.93, 10.36, 10.62, 11.41, 12.05, 12.68, 13.15, 13.269, 13.309, 13.389, 13.215, 13.115, 13.095, 13.515, 14.245, 14.798, 15.368], [9.31, 7.9, 6.87, 6.69, 6.29, 6.07, 5.6, 5.71, 5.58, 5.61, 4.52, 3.26, 2.25, 1.49, 1.31, 0.87, 0, 1.08, 1.5, 1.52, 1.47, 1.43, 1.17, 1.45, 1.79, 3.55, 5.23, 5.79, 5.9, 6.1, 5.91, 6.17, 6.01, 6.8, 7.41, 7.71, 7.27, 6.74, 7.16, 7.45, 7.19, 6.42, 6.64, 6.18, 5.99, 5.75, 5.66, 6.28, 7.29, 6.79, 6.23, 5.31, 4.7, 4.63, 4.27, 5.28, 7.83, 9.04, 8.08, 7.34, 7.45, 7.73, 8.53, 8.65, 8.78, 9.15, 8.96, 9.16, 9.4, 9.52, 9.93, 10.19, 10.98, 11.62, 12.25, 12.72, 12.839, 12.879, 12.959, 12.782, 12.682, 12.662, 13.068, 13.812, 14.362, 14.938], [9.19, 7.86, 6.83, 6.65, 6.35, 6.13, 5.66, 5.69, 5.46, 5.47, 4.44, 3.28, 2.17, 1.79, 1.65, 1.25, 1.08, 0, 1.04, 1.02, 1.13, 1.27, 1.03, 1.07, 1.55, 3.35, 4.91, 5.57, 5.66, 5.86, 5.59, 5.63, 5.77, 6.6, 7.21, 7.49, 6.99, 6.52, 6.92, 7.25, 6.97, 6.16, 6.46, 6.12, 6.01, 5.73, 5.68, 6.28, 7.31, 6.81, 6.25, 5.31, 4.7, 4.61, 4.23, 5.14, 7.67, 8.88, 7.92, 7.16, 7.31, 7.53, 8.33, 8.43, 8.6, 8.99, 8.8, 9.0, 9.18, 9.28, 9.77, 10.01, 10.82, 11.46, 12.09, 12.56, 12.673, 12.713, 12.793, 12.622, 12.482, 12.502, 12.905, 13.652, 14.196, 14.772], [9.35, 8.0, 7.07, 6.87, 6.51, 6.25, 5.74, 5.75, 5.62, 5.67, 4.6, 3.42, 2.55, 2.33, 2.07, 1.59, 1.5, 1.04, 0, 0.86, 0.79, 0.99, 0.99, 1.43, 1.71, 3.33, 4.97, 5.63, 5.72, 5.92, 5.67, 5.63, 5.87, 6.7, 7.31, 7.57, 7.03, 6.58, 7.02, 7.35, 7.09, 6.26, 6.52, 6.32, 6.13, 5.99, 6.04, 6.44, 7.49, 7.03, 6.49, 5.65, 5.04, 4.93, 4.55, 5.18, 7.87, 9.08, 8.12, 7.32, 7.33, 7.73, 8.49, 8.63, 8.8, 9.19, 9.0, 9.2, 9.3, 9.36, 9.97, 10.21, 11.02, 11.66, 12.29, 12.76, 12.868, 12.908, 12.988, 12.808, 12.668, 12.688, 13.088, 13.838, 14.391, 14.966], [9.53, 8.18, 7.21, 7.05, 6.69, 6.45, 5.92, 5.95, 5.72, 5.73, 4.72, 3.56, 2.51, 2.23, 2.09, 1.61, 1.52, 1.02, 0.86, 0, 0.65, 0.99, 1.11, 1.39, 1.77, 3.49, 5.01, 5.73, 5.82, 6.02, 5.77, 5.69, 5.97, 6.82, 7.43, 7.63, 7.07, 6.66, 7.12, 7.45, 7.21, 6.38, 6.64, 6.46, 6.29, 6.03, 6.08, 6.54, 7.57, 7.09, 6.55, 5.67, 5.08, 4.97, 4.63, 5.4, 7.99, 9.2, 8.24, 7.48, 7.59, 7.87, 8.61, 8.75, 8.92, 9.31, 9.12, 9.32, 9.42, 9.48, 10.09, 10.33, 11.14, 11.78, 12.41, 12.88, 12.988, 13.028, 13.108, 12.928, 12.788, 12.808, 13.208, 13.958, 14.511, 15.086], [9.36, 7.99, 7.0, 6.84, 6.48, 6.2, 5.69, 5.74, 5.53, 5.56, 4.53, 3.37, 2.46, 2.22, 2.12, 1.64, 1.47, 1.13, 0.79, 0.65, 0, 0.72, 1.18, 1.42, 1.66, 3.3, 4.88, 5.58, 5.69, 5.89, 5.64, 5.58, 5.84, 6.69, 7.3, 7.5, 6.94, 6.53, 6.99, 7.32, 7.08, 6.25, 6.45, 6.27, 6.06, 5.86, 5.91, 6.33, 7.38, 6.92, 6.38, 5.54, 4.95, 4.86, 4.44, 5.19, 7.86, 9.07, 8.11, 7.29, 7.4, 7.72, 8.48, 8.62, 8.79, 9.18, 8.99, 9.19, 9.29, 9.35, 9.96, 10.2, 11.01, 11.65, 12.28, 12.75, 12.858, 12.898, 12.978, 12.798, 12.658, 12.678, 13.078, 13.828, 14.381, 14.956], [9.06, 7.69, 6.72, 6.56, 6.24, 5.96, 5.47, 5.48, 5.25, 5.28, 4.25, 3.15, 2.32, 2.2, 2.12, 1.62, 1.43, 1.27, 0.99, 0.99, 0.72, 0, 1.08, 1.44, 1.58, 2.94, 4.56, 5.22, 5.35, 5.55, 5.3, 5.32, 5.48, 6.37, 6.98, 7.22, 6.62, 6.17, 6.63, 6.96, 6.76, 5.95, 6.19, 6.01, 5.92, 5.74, 5.79, 6.21, 7.26, 6.8, 6.26, 5.4, 4.81, 4.7, 4.32, 4.95, 7.58, 8.79, 7.83, 7.03, 7.06, 7.44, 8.2, 8.34, 8.51, 8.9, 8.71, 8.91, 8.969, 9.03, 9.68, 9.92, 10.73, 11.37, 12.0, 12.47, 12.572, 12.612, 12.692, 12.512, 12.372, 12.392, 12.792, 13.542, 14.095, 14.671], [9.32, 7.91, 6.96, 6.76, 6.44, 6.2, 5.69, 5.7, 5.55, 5.62, 4.53, 3.39, 2.18, 1.68, 1.56, 1.22, 1.17, 1.03, 0.99, 1.11, 1.18, 1.08, 0, 0.88, 1.4, 3.2, 4.88, 5.5, 5.63, 5.85, 5.6, 5.66, 5.76, 6.61, 7.24, 7.54, 6.98, 6.49, 6.93, 7.26, 7.0, 6.21, 6.47, 6.25, 6.1, 5.82, 5.83, 6.37, 7.4, 6.9, 6.36, 5.42, 4.83, 4.7, 4.32, 5.19, 7.84, 9.048, 8.09, 7.29, 7.3, 7.7, 8.46, 8.598, 8.768, 9.158, 8.968, 9.168, 9.19, 9.27, 9.94, 10.18, 10.99, 11.63, 12.26, 12.728, 12.817, 12.857, 12.937, 12.757, 12.617, 12.637, 13.037, 13.787, 14.34, 14.916], [9.46, 8.03, 7.16, 6.94, 6.5, 6.16, 5.65, 5.68, 5.67, 5.78, 4.69, 3.49, 2.12, 1.36, 1.46, 1.28, 1.45, 1.07, 1.43, 1.39, 1.42, 1.44, 0.88, 0, 1.22, 3.34, 5.0, 5.58, 5.71, 5.93, 5.66, 5.82, 5.88, 6.75, 7.38, 7.68, 7.16, 6.63, 7.05, 7.38, 7.14, 6.39, 6.67, 6.37, 6.08, 5.68, 5.63, 6.31, 7.32, 6.78, 6.22, 5.24, 4.61, 4.48, 4.16, 5.25, 7.98, 9.188, 8.23, 7.37, 7.4, 7.84, 8.6, 8.738, 8.908, 9.298, 9.108, 9.308, 9.33, 9.41, 10.08, 10.32, 11.13, 11.77, 12.4, 12.868, 12.957, 12.997, 13.077, 12.897, 12.757, 12.777, 13.177, 13.927, 14.48, 15.056], [8.64, 7.17, 6.28, 6.06, 5.56, 5.18, 4.65, 4.7, 4.75, 4.9, 3.75, 2.55, 1.52, 1.58, 1.88, 1.84, 1.79, 1.55, 1.71, 1.77, 1.66, 1.58, 1.4, 1.22, 0, 2.5, 4.18, 4.78, 4.97, 5.21, 4.94, 5.2, 5.02, 5.93, 6.56, 6.86, 6.34, 5.79, 6.21, 6.56, 6.32, 5.57, 5.83, 5.47, 5.06, 4.68, 4.69, 5.31, 6.3, 5.76, 5.18, 4.34, 3.69, 3.58, 3.24, 4.43, 7.16, 8.37, 7.41, 6.55, 6.54, 7.04, 7.78, 7.92, 8.13, 8.48, 8.29, 8.49, 8.51, 8.59, 9.26, 9.5, 10.31, 10.95, 11.58, 12.05, 12.14, 12.18, 12.26, 12.08, 11.94, 11.96, 12.36, 13.11, 13.663, 14.239], [6.32, 5.05, 4.14, 3.96, 3.62, 3.46, 2.93, 2.88, 2.65, 2.68, 2.09, 1.57, 2.34, 3.4, 4.14, 3.92, 3.55, 3.35, 3.33, 3.49, 3.3, 2.94, 3.2, 3.34, 2.5, 0, 1.9, 2.54, 2.63, 2.83, 2.68, 2.96, 2.7, 3.49, 4.18, 4.48, 4.08, 3.45, 3.85, 4.2, 4.02, 3.31, 3.73, 3.47, 3.58, 3.76, 3.89, 4.01, 4.98, 4.6, 4.28, 3.8, 3.59, 3.5, 2.52, 2.33, 4.74, 5.93, 4.97, 4.19, 4.32, 4.68, 5.52, 5.6, 5.75, 6.06, 5.85, 6.05, 6.13, 6.25, 6.86, 7.1, 7.87, 8.51, 9.14, 9.61, 9.703, 9.743, 9.823, 9.663, 9.523, 9.563, 9.987, 10.693, 11.246, 11.802], [5.2, 4.19, 3.24, 3.16, 2.84, 2.68, 2.39, 2.2, 2.05, 2.02, 2.61, 2.91, 4.1, 5.14, 5.82, 5.64, 5.23, 4.91, 4.97, 5.01, 4.88, 4.56, 4.88, 5.0, 4.18, 1.9, 0, 0.88, 1.17, 1.29, 1.14, 1.44, 1.32, 1.99, 2.52, 2.74, 2.38, 1.99, 2.39, 2.58, 2.38, 1.95, 2.79, 2.71, 3.18, 3.66, 4.03, 3.91, 4.68, 4.46, 4.58, 4.58, 4.33, 4.26, 3.18, 1.89, 3.18, 4.31, 3.41, 3.17, 3.32, 3.38, 3.84, 4.18, 4.17, 4.46, 4.23, 4.43, 4.45, 4.57, 5.2, 5.44, 6.25, 6.89, 7.52, 7.99, 8.083, 8.123, 8.203, 8.023, 7.883, 7.903, 8.343, 9.073, 9.606, 10.182], [4.94, 3.95, 3.12, 2.92, 2.6, 2.38, 2.37, 2.12, 2.09, 2.06, 3.07, 3.53, 4.64, 5.72, 6.38, 6.2, 5.79, 5.57, 5.63, 5.73, 5.58, 5.22, 5.5, 5.58, 4.78, 2.54, 0.88, 0, 0.83, 0.81, 0.92, 1.5, 1.1, 1.61, 2.0, 2.24, 2.02, 1.55, 1.89, 2.04, 1.98, 1.75, 2.77, 2.73, 3.22, 3.82, 4.21, 3.95, 4.66, 4.5, 4.78, 4.98, 4.79, 4.66, 3.56, 1.93, 2.74, 3.75, 2.95, 2.91, 3.06, 3.12, 3.42, 3.72, 3.79, 3.98, 3.71, 3.93, 3.89, 3.99, 4.62, 4.86, 5.69, 6.33, 6.9, 7.37, 7.46, 7.5, 7.58, 7.4, 7.26, 7.3, 7.73, 8.47, 8.983, 9.559], [4.75, 3.82, 3.09, 2.79, 2.51, 2.49, 2.38, 2.43, 2.4, 2.29, 3.14, 3.62, 4.77, 5.83, 6.47, 6.29, 5.9, 5.66, 5.72, 5.82, 5.69, 5.35, 5.63, 5.71, 4.97, 2.63, 1.17, 0.83, 0, 0.62, 1.03, 1.41, 1.21, 1.52, 1.89, 2.41, 2.01, 1.84, 1.92, 2.19, 2.09, 1.76, 2.8, 2.56, 3.05, 3.55, 3.98, 3.66, 4.45, 4.21, 4.53, 4.81, 4.74, 4.51, 3.51, 1.84, 2.69, 3.64, 3.04, 2.74, 2.95, 3.19, 3.53, 3.85, 3.82, 4.09, 3.78, 3.88, 3.9, 3.96, 4.49, 4.75, 5.62, 6.24, 6.79, 7.26, 7.353, 7.393, 7.473, 7.333, 7.2, 7.22, 7.66, 8.343, 8.876, 9.472], [4.63, 3.7, 2.95, 2.67, 2.33, 2.37, 2.44, 2.45, 2.36, 2.21, 3.2, 3.86, 4.99, 6.07, 6.69, 6.51, 6.1, 5.86, 5.92, 6.02, 5.89, 5.55, 5.85, 5.93, 5.21, 2.83, 1.29, 0.81, 0.62, 0, 0.73, 1.17, 1.09, 1.32, 1.67, 2.17, 1.67, 1.58, 1.78, 1.87, 1.89, 1.54, 2.62, 2.58, 3.13, 3.69, 4.16, 3.8, 4.55, 4.35, 4.69, 5.13, 4.98, 4.85, 3.79, 1.94, 2.49, 3.42, 2.74, 2.64, 2.75, 2.93, 3.21, 3.55, 3.48, 3.77, 3.44, 3.68, 3.7, 3.7, 4.27, 4.53, 5.36, 6.02, 6.57, 7.02, 7.116, 7.176, 7.256, 7.1, 6.96, 6.98, 7.42, 8.126, 8.659, 9.255], [4.7, 3.73, 2.92, 2.7, 2.42, 2.58, 2.67, 2.62, 2.47, 2.26, 3.13, 3.75, 4.98, 5.98, 6.5, 6.3, 5.91, 5.59, 5.67, 5.77, 5.64, 5.3, 5.6, 5.66, 4.94, 2.68, 1.14, 0.92, 1.03, 0.73, 0, 1.06, 1.16, 1.53, 1.84, 2.24, 1.78, 1.57, 1.95, 1.88, 2.02, 1.45, 2.49, 2.61, 3.14, 3.68, 4.27, 3.89, 4.62, 4.5, 4.76, 5.28, 5.13, 4.98, 3.88, 2.07, 2.56, 3.63, 2.89, 2.69, 2.82, 2.8, 3.22, 3.56, 3.61, 3.82, 3.63, 3.89, 3.83, 3.81, 4.5, 4.74, 5.59, 6.21, 6.8, 7.27, 7.363, 7.403, 7.483, 7.323, 7.163, 7.183, 7.583, 8.333, 8.886, 9.462], [4.5, 3.67, 2.92, 2.58, 2.46, 2.78, 2.67, 2.82, 2.45, 2.38, 3.19, 3.99, 5.2, 6.22, 6.68, 6.46, 6.17, 5.63, 5.63, 5.69, 5.58, 5.32, 5.66, 5.82, 5.2, 2.96, 1.44, 1.5, 1.41, 1.17, 1.06, 0, 1.1, 1.61, 1.74, 2.1, 1.66, 1.73, 1.97, 2.04, 1.94, 1.31, 2.29, 2.59, 3.04, 3.8, 4.43, 3.89, 4.52, 4.52, 4.94, 5.46, 5.31, 5.16, 4.1, 2.01, 2.44, 3.57, 2.69, 2.63, 2.7, 2.62, 3.02, 3.42, 3.45, 3.7, 3.47, 3.69, 3.73, 3.79, 4.44, 4.68, 5.49, 6.15, 6.76, 7.23, 7.332, 7.372, 7.452, 7.272, 7.132, 7.152, 7.552, 8.302, 8.855, 9.431], [4.5, 3.83, 3.04, 2.72, 2.6, 2.76, 2.53, 2.58, 2.27, 2.32, 3.11, 3.67, 4.84, 5.9, 6.58, 6.44, 6.01, 5.77, 5.87, 5.97, 5.84, 5.48, 5.76, 5.88, 5.02, 2.7, 1.32, 1.1, 1.21, 1.09, 1.16, 1.1, 0, 1.19, 1.64, 1.96, 1.74, 1.47, 1.61, 1.86, 1.8, 1.53, 2.49, 2.69, 3.1, 3.64, 4.13, 3.77, 4.52, 4.32, 4.72, 5.04, 4.91, 4.8, 3.74, 1.87, 2.5, 3.47, 2.67, 2.65, 2.78, 2.66, 3.16, 3.56, 3.55, 3.7, 3.37, 3.57, 3.59, 3.69, 4.3, 4.54, 5.37, 6.01, 6.58, 7.05, 7.146, 7.186, 7.266, 7.086, 6.966, 6.986, 7.41, 8.156, 8.669, 9.245], [3.73, 3.2, 2.75, 2.25, 2.21, 2.47, 2.76, 2.63, 2.3, 2.25, 3.3, 4.34, 5.33, 6.59, 7.37, 7.25, 6.8, 6.6, 6.7, 6.82, 6.69, 6.37, 6.61, 6.75, 5.93, 3.49, 1.99, 1.61, 1.52, 1.32, 1.53, 1.61, 1.19, 0, 1.03, 1.75, 1.53, 1.54, 1.76, 1.75, 1.87, 1.58, 2.48, 2.5, 3.05, 3.69, 4.22, 3.58, 4.25, 4.09, 4.51, 5.13, 5.22, 4.97, 3.97, 2.32, 2.17, 2.94, 2.46, 2.08, 2.35, 2.59, 2.93, 3.43, 3.44, 3.39, 2.96, 3.0, 3.06, 2.98, 3.53, 3.77, 4.82, 5.46, 5.73, 6.12, 6.219, 6.279, 6.379, 6.26, 6.12, 6.1, 6.58, 7.25, 7.802, 8.318], [3.44, 2.93, 2.46, 1.9, 2.2, 2.7, 3.15, 2.88, 2.73, 2.66, 3.95, 4.99, 6.04, 7.22, 7.98, 7.86, 7.41, 7.21, 7.31, 7.43, 7.3, 6.98, 7.24, 7.38, 6.56, 4.18, 2.52, 2.0, 1.89, 1.67, 1.84, 1.74, 1.64, 1.03, 0, 1.06, 1.36, 1.61, 1.69, 1.48, 1.46, 1.27, 2.21, 2.39, 2.9, 4.16, 4.77, 4.01, 4.3, 4.66, 5.18, 5.8, 5.85, 5.6, 4.58, 2.59, 1.52, 2.21, 1.83, 1.75, 1.92, 2.18, 2.18, 2.62, 2.75, 2.66, 2.37, 2.29, 2.31, 2.21, 2.72, 3.02, 4.05, 4.71, 5.02, 5.49, 5.592, 5.632, 5.732, 5.61, 5.51, 5.47, 5.89, 6.6, 7.155, 7.711], [3.58, 3.25, 2.7, 2.28, 2.54, 2.98, 3.27, 3.06, 2.75, 2.66, 4.01, 5.23, 6.22, 7.5, 8.26, 8.14, 7.71, 7.49, 7.57, 7.63, 7.5, 7.22, 7.54, 7.68, 6.86, 4.48, 2.74, 2.24, 2.41, 2.17, 2.24, 2.1, 1.96, 1.75, 1.06, 0, 1.3, 1.37, 1.59, 1.44, 1.34, 1.73, 2.51, 2.95, 3.6, 4.62, 5.25, 4.65, 4.72, 5.18, 5.62, 6.12, 5.99, 5.88, 4.92, 3.01, 1.9, 2.07, 1.67, 2.11, 2.26, 2.3, 2.06, 2.44, 2.55, 2.52, 2.13, 2.13, 2.19, 2.35, 2.68, 3.1, 3.85, 4.51, 4.9, 5.27, 5.43, 5.47, 5.59, 5.53, 5.47, 5.37, 5.79, 6.48, 6.99, 7.539], [4.34, 4.15, 3.56, 3.06, 3.04, 3.26, 3.47, 3.42, 3.15, 3.08, 3.97, 4.95, 6.14, 7.18, 7.76, 7.64, 7.27, 6.99, 7.03, 7.07, 6.94, 6.62, 6.98, 7.16, 6.34, 4.08, 2.38, 2.02, 2.01, 1.67, 1.78, 1.66, 1.74, 1.53, 1.36, 1.3, 0, 1.01, 1.29, 1.12, 1.18, 1.91, 2.97, 3.37, 3.84, 4.58, 5.23, 4.61, 5.34, 5.2, 5.7, 6.24, 6.09, 5.94, 4.88, 2.91, 2.52, 2.73, 2.47, 2.97, 3.02, 2.56, 2.36, 2.82, 2.89, 3.02, 2.67, 2.77, 2.83, 2.71, 3.26, 3.6, 4.53, 5.17, 5.52, 5.89, 6.05, 6.11, 6.25, 6.19, 6.07, 5.99, 6.39, 7.04, 7.558, 8.073], [4.75, 4.36, 3.67, 3.23, 3.09, 3.27, 3.26, 3.19, 2.8, 2.79, 3.5, 4.4, 5.57, 6.61, 7.31, 7.17, 6.74, 6.52, 6.58, 6.66, 6.53, 6.17, 6.49, 6.63, 5.79, 3.45, 1.99, 1.55, 1.84, 1.58, 1.57, 1.73, 1.47, 1.54, 1.61, 1.37, 1.01, 0, 1.0, 1.07, 1.37, 1.94, 3.06, 3.44, 3.99, 4.63, 5.18, 4.7, 5.47, 5.27, 5.67, 6.15, 5.94, 5.77, 4.61, 2.82, 2.77, 3.14, 2.68, 3.14, 3.27, 2.93, 2.77, 2.91, 3.04, 3.29, 3.02, 3.22, 3.28, 3.14, 3.73, 4.03, 4.88, 5.56, 5.95, 6.34, 6.499, 6.519, 6.64, 6.6, 6.46, 6.4, 6.78, 7.469, 8.002, 8.558], [4.73, 4.36, 3.67, 3.33, 3.33, 3.39, 3.32, 3.19, 2.92, 2.93, 3.84, 4.76, 5.89, 7.01, 7.69, 7.57, 7.16, 6.92, 7.02, 7.12, 6.99, 6.63, 6.93, 7.05, 6.21, 3.85, 2.39, 1.89, 1.92, 1.78, 1.95, 1.97, 1.61, 1.76, 1.69, 1.59, 1.29, 1.0, 0, 0.99, 1.37, 2.1, 3.22, 3.46, 4.09, 4.83, 5.38, 4.98, 5.53, 5.53, 5.95, 6.33, 6.1, 5.91, 4.83, 2.82, 2.79, 2.94, 2.6, 3.24, 3.27, 2.95, 2.75, 2.93, 2.92, 3.19, 2.94, 3.1, 3.2, 3.02, 3.59, 3.81, 4.52, 5.1, 5.45, 5.88, 5.999, 6.039, 6.16, 6.1, 5.96, 5.88, 6.32, 6.99, 7.542, 8.138], [4.4, 4.17, 3.62, 3.08, 3.08, 3.4, 3.59, 3.4, 3.09, 3.04, 4.21, 5.17, 6.26, 7.4, 8.02, 7.9, 7.45, 7.25, 7.35, 7.45, 7.32, 6.96, 7.26, 7.38, 6.56, 4.2, 2.58, 2.04, 2.19, 1.87, 1.88, 2.04, 1.86, 1.75, 1.48, 1.44, 1.12, 1.07, 0.99, 0, 1.16, 1.99, 3.09, 3.43, 4.0, 4.96, 5.57, 4.97, 5.44, 5.56, 6.06, 6.58, 6.39, 6.22, 5.12, 3.05, 2.58, 2.59, 2.49, 2.99, 3.04, 2.58, 2.3, 2.56, 2.59, 2.76, 2.57, 2.69, 2.81, 2.69, 3.22, 3.46, 4.15, 4.73, 5.08, 5.57, 5.669, 5.689, 5.789, 5.71, 5.59, 5.55, 5.93, 6.64, 7.192, 7.788], [3.96, 3.77, 3.32, 2.78, 2.7, 2.96, 2.99, 2.86, 2.51, 2.46, 3.71, 4.81, 5.86, 7.04, 7.74, 7.62, 7.19, 6.97, 7.09, 7.21, 7.08, 6.76, 7.0, 7.14, 6.32, 4.02, 2.38, 1.98, 2.09, 1.89, 2.02, 1.94, 1.8, 1.87, 1.46, 1.34, 1.18, 1.37, 1.37, 1.16, 0, 1.77, 2.93, 3.31, 3.82, 4.56, 5.15, 4.65, 5.16, 5.24, 5.66, 6.06, 5.81, 5.7, 4.62, 2.85, 2.2, 2.19, 1.91, 2.61, 2.72, 2.36, 2.0, 2.22, 2.43, 2.58, 2.35, 2.45, 2.49, 2.67, 3.02, 3.22, 4.01, 4.67, 5.28, 5.73, 5.829, 5.889, 5.969, 5.83, 5.69, 5.69, 6.09, 6.84, 7.392, 7.968], [3.53, 2.62, 1.89, 1.63, 1.67, 1.99, 2.32, 2.13, 2.04, 1.97, 3.22, 4.1, 5.21, 6.31, 6.95, 6.79, 6.42, 6.16, 6.26, 6.38, 6.25, 5.95, 6.21, 6.39, 5.57, 3.31, 1.95, 1.75, 1.76, 1.54, 1.45, 1.31, 1.53, 1.58, 1.27, 1.73, 1.91, 1.94, 2.1, 1.99, 1.77, 0, 1.36, 1.74, 2.45, 3.59, 4.24, 3.6, 3.93, 4.23, 4.71, 5.25, 5.14, 4.99, 3.95, 1.72, 1.69, 2.86, 2.1, 1.64, 1.75, 1.95, 2.39, 2.85, 3.04, 3.07, 2.82, 3.04, 3.06, 3.2, 3.75, 3.99, 4.8, 5.44, 6.07, 6.52, 6.625, 6.685, 6.765, 6.6, 6.46, 6.48, 6.88, 7.615, 8.168, 8.763], [2.95, 1.82, 1.15, 1.37, 1.81, 2.29, 2.64, 2.49, 2.34, 2.43, 3.48, 4.24, 5.37, 6.57, 7.25, 7.05, 6.64, 6.46, 6.52, 6.64, 6.45, 6.19, 6.47, 6.67, 5.83, 3.73, 2.79, 2.77, 2.8, 2.62, 2.49, 2.29, 2.49, 2.48, 2.21, 2.51, 2.97, 3.06, 3.22, 3.09, 2.93, 1.36, 0, 1.38, 2.27, 3.61, 4.36, 3.48, 3.51, 4.11, 4.71, 5.39, 5.3, 5.15, 4.17, 2.24, 1.69, 2.96, 2.48, 1.58, 1.23, 1.77, 2.47, 3.01, 3.12, 3.17, 2.9, 3.1, 3.12, 3.08, 3.63, 3.89, 4.68, 5.32, 5.91, 6.36, 6.468, 6.508, 6.588, 6.408, 6.276, 6.288, 6.688, 7.438, 7.991, 8.566], [3.61, 2.12, 1.27, 1.19, 1.29, 1.53, 1.84, 1.87, 2.14, 2.29, 3.1, 3.26, 4.61, 5.89, 6.67, 6.47, 6.18, 6.12, 6.32, 6.46, 6.27, 6.01, 6.25, 6.37, 5.47, 3.47, 2.71, 2.73, 2.56, 2.58, 2.61, 2.59, 2.69, 2.5, 2.39, 2.95, 3.37, 3.44, 3.46, 3.43, 3.31, 1.74, 1.38, 0, 1.27, 2.59, 3.2, 2.3, 2.31, 2.87, 3.49, 4.13, 4.18, 4.13, 3.23, 1.8, 2.41, 3.62, 3.14, 1.72, 1.91, 2.69, 3.51, 4.03, 4.06, 4.01, 3.7, 3.84, 4.0, 3.94, 4.31, 4.63, 5.4, 6.04, 6.55, 7.02, 7.131, 7.171, 7.251, 7.097, 6.974, 6.997, 7.48, 8.13, 8.68, 9.25], [4.42, 2.91, 2.06, 1.82, 1.66, 1.6, 1.63, 2.0, 2.61, 2.74, 3.49, 3.13, 4.28, 5.62, 6.26, 6.16, 5.99, 6.01, 6.13, 6.29, 6.06, 5.92, 6.1, 6.08, 5.06, 3.58, 3.18, 3.22, 3.05, 3.13, 3.14, 3.04, 3.1, 3.05, 2.9, 3.6, 3.84, 3.99, 4.09, 4.0, 3.82, 2.45, 2.27, 1.27, 0, 1.62, 2.17, 1.39, 1.56, 1.98, 2.54, 3.24, 3.31, 3.28, 2.6, 1.69, 3.1, 4.33, 3.77, 2.39, 2.66, 3.6, 4.24, 4.76, 4.89, 4.78, 4.57, 4.53, 4.69, 4.75, 5.04, 5.3, 6.25, 6.87, 7.38, 7.83, 7.949, 7.989, 8.069, 7.898, 7.798, 7.778, 8.23, 8.94, 9.481, 10.057], [5.58, 4.07, 3.26, 3.1, 2.52, 2.22, 2.01, 2.62, 3.13, 3.14, 3.79, 3.17, 3.86, 5.26, 5.88, 5.92, 5.75, 5.73, 5.99, 6.03, 5.86, 5.74, 5.82, 5.68, 4.68, 3.76, 3.66, 3.82, 3.55, 3.69, 3.68, 3.8, 3.64, 3.69, 4.16, 4.62, 4.58, 4.63, 4.83, 4.96, 4.56, 3.59, 3.61, 2.59, 1.62, 0, 0.93, 0.95, 1.78, 1.28, 1.32, 1.84, 1.91, 2.04, 1.84, 2.43, 4.36, 5.59, 4.81, 3.61, 3.94, 5.02, 5.7, 6.12, 6.31, 6.22, 5.93, 5.69, 5.83, 6.11, 6.28, 6.56, 7.49, 7.99, 8.54, 8.99, 9.101, 9.17, 9.25, 9.07, 9.01, 8.99, 9.39, 10.18, 10.73, 11.289], [6.17, 4.66, 3.99, 3.71, 3.17, 2.73, 2.44, 2.91, 3.46, 3.49, 4.02, 3.16, 3.83, 5.19, 5.73, 5.81, 5.66, 5.68, 6.04, 6.08, 5.91, 5.79, 5.83, 5.63, 4.69, 3.89, 4.03, 4.21, 3.98, 4.16, 4.27, 4.43, 4.13, 4.22, 4.77, 5.25, 5.23, 5.18, 5.38, 5.57, 5.15, 4.24, 4.36, 3.2, 2.17, 0.93, 0, 1.22, 2.15, 1.53, 1.21, 1.47, 1.52, 1.63, 1.63, 2.84, 5.03, 6.08, 5.34, 4.22, 4.61, 5.71, 6.29, 6.69, 6.84, 6.77, 6.5, 6.34, 6.46, 6.68, 6.83, 7.13, 8.12, 8.6, 9.13, 9.58, 9.74, 9.76, 9.84, 9.68, 9.64, 9.56, 9.98, 10.73, 11.28, 11.859], [5.11, 3.68, 3.13, 2.85, 2.31, 2.23, 2.0, 2.57, 3.18, 3.25, 3.84, 3.34, 4.31, 5.71, 6.45, 6.45, 6.28, 6.28, 6.44, 6.54, 6.33, 6.21, 6.37, 6.31, 5.31, 4.01, 3.91, 3.95, 3.66, 3.8, 3.89, 3.89, 3.77, 3.58, 4.01, 4.65, 4.61, 4.7, 4.98, 4.97, 4.65, 3.6, 3.48, 2.3, 1.39, 0.95, 1.22, 0, 1.17, 0.95, 1.31, 2.11, 2.38, 2.61, 2.31, 2.4, 4.19, 5.32, 4.74, 3.32, 3.75, 4.85, 5.61, 6.07, 6.18, 6.05, 5.72, 5.62, 5.72, 5.82, 5.97, 6.21, 7.26, 7.78, 8.15, 8.54, 8.72, 8.72, 8.776, 8.64, 8.58, 8.52, 9.02, 9.65, 10.192, 10.779], [4.16, 3.07, 2.86, 2.66, 2.6, 2.5, 2.49, 3.04, 3.61, 3.66, 4.45, 4.29, 5.3, 6.74, 7.46, 7.46, 7.29, 7.31, 7.49, 7.57, 7.38, 7.26, 7.4, 7.32, 6.3, 4.98, 4.68, 4.66, 4.45, 4.55, 4.62, 4.52, 4.52, 4.25, 4.3, 4.72, 5.34, 5.47, 5.53, 5.44, 5.16, 3.93, 3.51, 2.31, 1.56, 1.78, 2.15, 1.17, 0, 1.06, 1.6, 2.62, 3.23, 3.32, 3.24, 3.01, 4.12, 5.09, 4.61, 3.13, 3.78, 4.88, 5.64, 6.14, 6.15, 6.0, 5.67, 5.39, 5.63, 5.81, 5.8, 6.12, 6.93, 7.21, 7.48, 7.69, 7.91, 7.95, 7.95, 8.15, 8.13, 7.99, 8.47, 9.22, 9.53, 10.113], [4.92, 3.77, 3.46, 3.28, 2.8, 2.52, 2.47, 3.02, 3.49, 3.48, 4.11, 3.87, 4.8, 6.24, 6.94, 6.96, 6.79, 6.81, 7.03, 7.09, 6.92, 6.8, 6.9, 6.78, 5.76, 4.6, 4.46, 4.5, 4.21, 4.35, 4.5, 4.52, 4.32, 4.09, 4.66, 5.18, 5.2, 5.27, 5.53, 5.56, 5.24, 4.23, 4.11, 2.87, 1.98, 1.28, 1.53, 0.95, 1.06, 0, 0.84, 1.86, 2.55, 2.62, 2.68, 2.95, 4.72, 5.63, 4.97, 3.65, 4.36, 5.48, 6.2, 6.7, 6.73, 6.6, 6.25, 5.91, 6.21, 6.41, 6.38, 6.72, 7.51, 7.69, 8.1, 8.25, 8.53, 8.59, 8.77, 8.87, 8.81, 8.75, 9.19, 9.98, 10.39, 10.867], [5.48, 4.41, 4.08, 3.86, 3.32, 2.98, 2.89, 3.38, 3.79, 3.74, 4.17, 3.53, 4.26, 5.7, 6.36, 6.4, 6.23, 6.25, 6.49, 6.55, 6.38, 6.26, 6.36, 6.22, 5.18, 4.28, 4.58, 4.78, 4.53, 4.69, 4.76, 4.94, 4.72, 4.51, 5.18, 5.62, 5.7, 5.67, 5.95, 6.06, 5.66, 4.71, 4.71, 3.49, 2.54, 1.32, 1.21, 1.31, 1.6, 0.84, 0, 1.34, 1.99, 2.06, 2.12, 3.37, 5.3, 6.19, 5.41, 4.25, 4.92, 6.06, 6.76, 7.18, 7.25, 7.2, 6.77, 6.43, 6.73, 7.01, 6.98, 7.3, 8.13, 8.29, 8.7, 8.93, 9.25, 9.25, 9.41, 9.53, 9.51, 9.39, 9.85, 10.64, 10.95, 11.447], [6.62, 5.27, 4.82, 4.58, 4.08, 3.54, 3.35, 3.64, 3.93, 4.08, 4.09, 3.37, 3.32, 4.72, 5.44, 5.48, 5.31, 5.31, 5.65, 5.67, 5.54, 5.4, 5.42, 5.24, 4.34, 3.8, 4.58, 4.98, 4.81, 5.13, 5.28, 5.46, 5.04, 5.13, 5.8, 6.12, 6.24, 6.15, 6.33, 6.58, 6.06, 5.25, 5.39, 4.13, 3.24, 1.84, 1.47, 2.11, 2.62, 1.86, 1.34, 0, 1.03, 1.2, 1.88, 3.83, 6.04, 6.87, 6.05, 4.99, 5.56, 6.74, 7.38, 7.72, 7.85, 7.84, 7.39, 7.07, 7.31, 7.69, 7.78, 8.08, 8.83, 9.15, 9.64, 10.01, 10.25, 10.27, 10.43, 10.39, 10.33, 10.33, 10.79, 11.56, 11.99, 12.515], [7.25, 5.76, 4.83, 4.59, 4.03, 3.45, 3.14, 3.51, 3.74, 3.91, 3.96, 3.12, 2.73, 4.13, 4.77, 4.85, 4.7, 4.7, 5.04, 5.08, 4.95, 4.81, 4.83, 4.61, 3.69, 3.59, 4.33, 4.79, 4.74, 4.98, 5.13, 5.31, 4.91, 5.22, 5.85, 5.99, 6.09, 5.94, 6.1, 6.39, 5.81, 5.14, 5.3, 4.18, 3.31, 1.91, 1.52, 2.38, 3.23, 2.55, 1.99, 1.03, 0, 0.95, 1.55, 3.66, 6.07, 6.98, 6.08, 5.16, 5.51, 6.65, 7.25, 7.55, 7.66, 7.69, 7.28, 7.14, 7.44, 7.88, 8.05, 8.35, 8.9, 9.54, 10.17, 10.64, 10.751, 10.82, 10.92, 10.78, 10.7, 10.74, 11.24, 11.91, 12.394, 12.93], [6.8, 5.33, 4.7, 4.5, 3.98, 3.4, 3.09, 3.38, 3.69, 3.84, 4.03, 3.31, 2.66, 4.12, 4.7, 4.8, 4.63, 4.61, 4.93, 4.97, 4.86, 4.7, 4.7, 4.48, 3.58, 3.5, 4.26, 4.66, 4.51, 4.85, 4.98, 5.16, 4.8, 4.97, 5.6, 5.88, 5.94, 5.77, 5.91, 6.22, 5.7, 4.99, 5.15, 4.13, 3.28, 2.04, 1.63, 2.61, 3.32, 2.62, 2.06, 1.2, 0.95, 0, 1.4, 3.61, 5.94, 6.79, 5.95, 4.93, 5.34, 6.6, 7.16, 7.48, 7.61, 7.64, 7.25, 6.97, 7.11, 7.53, 7.74, 8.06, 8.77, 9.19, 9.8, 10.23, 10.39, 10.41, 10.53, 10.43, 10.31, 10.37, 10.81, 11.58, 12.05, 12.552], [6.14, 4.63, 3.84, 3.54, 3.1, 2.56, 2.17, 2.24, 2.61, 2.82, 3.11, 2.41, 2.42, 3.68, 4.38, 4.44, 4.27, 4.23, 4.55, 4.63, 4.44, 4.32, 4.32, 4.16, 3.24, 2.52, 3.18, 3.56, 3.51, 3.79, 3.88, 4.1, 3.74, 3.97, 4.58, 4.92, 4.88, 4.61, 4.83, 5.12, 4.62, 3.95, 4.17, 3.23, 2.6, 1.84, 1.63, 2.31, 3.24, 2.68, 2.12, 1.88, 1.55, 1.4, 0, 2.41, 4.88, 5.87, 5.09, 4.09, 4.3, 5.46, 6.02, 6.22, 6.43, 6.46, 6.17, 6.13, 6.29, 6.57, 6.86, 7.12, 7.89, 8.47, 9.08, 9.55, 9.683, 9.703, 9.803, 9.63, 9.49, 9.53, 10.01, 10.7, 11.213, 11.762], [4.41, 3.2, 2.35, 2.07, 1.85, 1.63, 1.28, 1.51, 1.9, 1.87, 2.8, 2.64, 3.85, 4.87, 5.77, 5.59, 5.28, 5.14, 5.18, 5.4, 5.19, 4.95, 5.19, 5.25, 4.43, 2.33, 1.89, 1.93, 1.84, 1.94, 2.07, 2.01, 1.87, 2.32, 2.59, 3.01, 2.91, 2.82, 2.82, 3.05, 2.85, 1.72, 2.24, 1.8, 1.69, 2.43, 2.84, 2.4, 3.01, 2.95, 3.37, 3.83, 3.66, 3.61, 2.41, 0, 2.89, 4.0, 3.1, 2.38, 2.65, 3.21, 3.81, 4.11, 4.14, 4.19, 4.08, 4.24, 4.5, 4.64, 4.95, 5.25, 5.98, 6.56, 7.19, 7.66, 7.788, 7.828, 7.908, 7.794, 7.714, 7.694, 8.154, 8.824, 9.354, 9.91], [2.3, 1.87, 1.6, 1.72, 2.26, 2.82, 3.33, 2.94, 2.79, 2.74, 4.19, 5.29, 6.48, 7.64, 8.42, 8.26, 7.83, 7.67, 7.87, 7.99, 7.86, 7.58, 7.84, 7.98, 7.16, 4.74, 3.18, 2.74, 2.69, 2.49, 2.56, 2.44, 2.5, 2.17, 1.52, 1.9, 2.52, 2.77, 2.79, 2.58, 2.2, 1.69, 1.69, 2.41, 3.1, 4.36, 5.03, 4.19, 4.12, 4.72, 5.3, 6.04, 6.07, 5.94, 4.88, 2.89, 0, 1.49, 1.21, 1.29, 1.22, 1.4, 1.66, 2.16, 2.21, 2.06, 1.81, 1.71, 1.87, 1.99, 2.24, 2.52, 3.35, 3.87, 4.42, 4.89, 5.015, 5.055, 5.15, 5.01, 4.898, 4.91, 5.33, 6.06, 6.59, 7.157], [2.43, 2.54, 2.63, 2.73, 3.31, 3.73, 4.32, 3.93, 3.7, 3.59, 5.06, 6.44, 7.51, 8.77, 9.63, 9.47, 9.04, 8.88, 9.08, 9.2, 9.07, 8.79, 9.048, 9.188, 8.37, 5.93, 4.31, 3.75, 3.64, 3.42, 3.63, 3.57, 3.47, 2.94, 2.21, 2.07, 2.73, 3.14, 2.94, 2.59, 2.19, 2.86, 2.96, 3.62, 4.33, 5.59, 6.08, 5.32, 5.09, 5.63, 6.19, 6.87, 6.98, 6.79, 5.87, 4.0, 1.49, 0, 1.14, 2.2, 2.09, 1.75, 1.19, 1.51, 1.48, 1.33, 1.04, 0.92, 1.14, 1.5, 1.41, 1.67, 2.2, 2.64, 3.23, 3.68, 3.82, 3.86, 3.98, 3.96, 3.84, 3.9, 4.38, 5.05, 5.5, 6.007], [2.29, 2.18, 2.17, 2.31, 2.63, 2.89, 3.42, 3.03, 2.72, 2.59, 4.04, 5.48, 6.55, 7.81, 8.67, 8.51, 8.08, 7.92, 8.12, 8.24, 8.11, 7.83, 8.09, 8.23, 7.41, 4.97, 3.41, 2.95, 3.04, 2.74, 2.89, 2.69, 2.67, 2.46, 1.83, 1.67, 2.47, 2.68, 2.6, 2.49, 1.91, 2.1, 2.48, 3.14, 3.77, 4.81, 5.34, 4.74, 4.61, 4.97, 5.41, 6.05, 6.08, 5.95, 5.09, 3.1, 1.21, 1.14, 0, 1.76, 1.79, 1.79, 1.61, 1.91, 1.88, 1.87, 1.52, 1.4, 1.78, 2.32, 2.25, 2.61, 3.04, 3.54, 4.17, 4.64, 4.78, 4.84, 5.02, 5.0, 4.92, 4.94, 5.42, 6.11, 6.554, 6.959], [2.29, 1.48, 1.37, 1.05, 1.41, 1.97, 2.6, 2.21, 1.96, 1.99, 3.4, 4.66, 5.69, 6.95, 7.81, 7.65, 7.34, 7.16, 7.32, 7.48, 7.29, 7.03, 7.29, 7.37, 6.55, 4.19, 3.17, 2.91, 2.74, 2.64, 2.69, 2.63, 2.65, 2.08, 1.75, 2.11, 2.97, 3.14, 3.24, 2.99, 2.61, 1.64, 1.58, 1.72, 2.39, 3.61, 4.22, 3.32, 3.13, 3.65, 4.25, 4.99, 5.16, 4.93, 4.09, 2.38, 1.29, 2.2, 1.76, 0, 1.05, 1.91, 2.59, 3.09, 3.16, 3.03, 2.62, 2.38, 2.66, 2.96, 3.01, 3.33, 3.98, 4.54, 5.03, 5.5, 5.619, 5.679, 5.8, 5.68, 5.6, 5.64, 6.14, 6.81, 7.3, 7.799], [2.22, 1.49, 1.38, 1.26, 1.86, 2.36, 2.85, 2.42, 2.35, 2.46, 3.63, 4.83, 5.82, 7.12, 7.88, 7.78, 7.45, 7.31, 7.33, 7.59, 7.4, 7.06, 7.3, 7.4, 6.54, 4.32, 3.32, 3.06, 2.95, 2.75, 2.82, 2.7, 2.78, 2.35, 1.92, 2.26, 3.02, 3.27, 3.27, 3.04, 2.72, 1.75, 1.23, 1.91, 2.66, 3.94, 4.61, 3.75, 3.78, 4.36, 4.92, 5.56, 5.51, 5.34, 4.3, 2.65, 1.22, 2.09, 1.79, 1.05, 0, 1.4, 2.08, 2.52, 2.65, 2.58, 2.21, 2.25, 2.31, 2.49, 2.86, 3.14, 3.83, 4.47, 5.04, 5.51, 5.618, 5.658, 5.738, 5.59, 5.45, 5.47, 5.93, 6.64, 7.181, 7.716], [2.34, 2.39, 2.2, 2.3, 2.82, 3.4, 3.81, 3.48, 3.29, 3.22, 4.45, 5.37, 6.7, 7.62, 8.28, 8.14, 7.73, 7.53, 7.73, 7.87, 7.72, 7.44, 7.7, 7.84, 7.04, 4.68, 3.38, 3.12, 3.19, 2.93, 2.8, 2.62, 2.66, 2.59, 2.18, 2.3, 2.56, 2.93, 2.95, 2.58, 2.36, 1.95, 1.77, 2.69, 3.6, 5.02, 5.71, 4.85, 4.88, 5.48, 6.06, 6.74, 6.65, 6.6, 5.46, 3.21, 1.4, 1.75, 1.79, 1.91, 1.4, 0, 1.32, 1.74, 1.71, 1.8, 1.59, 1.79, 2.01, 1.89, 2.34, 2.64, 3.29, 3.95, 4.56, 5.03, 5.146, 5.186, 5.266, 5.098, 4.99, 4.99, 5.43, 6.14, 6.681, 7.257], [2.9, 3.05, 2.8, 3.06, 3.54, 3.96, 4.39, 4.06, 3.89, 3.86, 5.15, 6.15, 7.36, 8.42, 9.08, 8.94, 8.53, 8.33, 8.49, 8.61, 8.48, 8.2, 8.46, 8.6, 7.78, 5.52, 3.84, 3.42, 3.53, 3.21, 3.22, 3.02, 3.16, 2.93, 2.18, 2.06, 2.36, 2.77, 2.75, 2.3, 2.0, 2.39, 2.47, 3.51, 4.24, 5.7, 6.29, 5.61, 5.64, 6.2, 6.76, 7.38, 7.25, 7.16, 6.02, 3.81, 1.66, 1.19, 1.61, 2.59, 2.08, 1.32, 0, 0.82, 1.05, 0.9, 0.85, 1.27, 1.17, 1.31, 1.68, 1.8, 2.57, 3.21, 3.82, 4.27, 4.409, 4.449, 4.53, 4.45, 4.35, 4.29, 4.69, 5.4, 5.97, 6.588], [3.04, 3.41, 3.3, 3.5, 4.0, 4.32, 4.57, 4.3, 4.03, 4.0, 5.19, 6.21, 7.36, 8.46, 9.18, 9.04, 8.65, 8.43, 8.63, 8.75, 8.62, 8.34, 8.598, 8.738, 7.92, 5.6, 4.18, 3.72, 3.85, 3.55, 3.56, 3.42, 3.56, 3.43, 2.62, 2.44, 2.82, 2.91, 2.93, 2.56, 2.22, 2.85, 3.01, 4.03, 4.76, 6.12, 6.69, 6.07, 6.14, 6.7, 7.18, 7.72, 7.55, 7.48, 6.22, 4.11, 2.16, 1.51, 1.91, 3.09, 2.52, 1.74, 0.82, 0, 0.73, 0.88, 1.03, 1.45, 1.33, 1.57, 1.72, 1.84, 2.49, 3.09, 3.7, 4.13, 4.29, 4.31, 4.43, 4.35, 4.23, 4.21, 4.65, 5.32, 5.89, 6.48], [3.11, 3.44, 3.41, 3.51, 4.05, 4.37, 4.64, 4.37, 4.16, 4.09, 5.28, 6.34, 7.65, 8.63, 9.35, 9.19, 8.78, 8.6, 8.8, 8.92, 8.79, 8.51, 8.768, 8.908, 8.13, 5.75, 4.17, 3.79, 3.82, 3.48, 3.61, 3.45, 3.55, 3.44, 2.75, 2.55, 2.89, 3.04, 2.92, 2.59, 2.43, 3.04, 3.12, 4.06, 4.89, 6.31, 6.84, 6.18, 6.15, 6.73, 7.25, 7.85, 7.66, 7.61, 6.43, 4.14, 2.21, 1.48, 1.88, 3.16, 2.65, 1.71, 1.05, 0.73, 0, 0.71, 0.86, 1.44, 1.4, 1.64, 1.63, 1.81, 2.38, 2.98, 3.55, 3.98, 4.14, 4.16, 4.3, 4.28, 4.2, 4.16, 4.62, 5.25, 5.78, 6.35], [3.08, 3.33, 3.26, 3.42, 3.94, 4.34, 4.71, 4.4, 4.25, 4.22, 5.53, 6.59, 7.82, 8.94, 9.74, 9.58, 9.15, 8.99, 9.19, 9.31, 9.18, 8.9, 9.158, 9.298, 8.48, 6.06, 4.46, 3.98, 4.09, 3.77, 3.82, 3.7, 3.7, 3.39, 2.66, 2.52, 3.02, 3.29, 3.19, 2.76, 2.58, 3.07, 3.17, 4.01, 4.78, 6.22, 6.77, 6.05, 6.0, 6.6, 7.2, 7.84, 7.69, 7.64, 6.46, 4.19, 2.06, 1.33, 1.87, 3.03, 2.58, 1.8, 0.9, 0.88, 0.71, 0, 0.95, 1.31, 1.29, 1.33, 1.32, 1.38, 1.97, 2.55, 3.14, 3.57, 3.73, 3.75, 3.89, 3.87, 3.77, 3.73, 4.17, 4.84, 5.39, 5.96], [2.77, 2.98, 2.89, 3.05, 3.57, 3.97, 4.52, 4.21, 3.96, 3.91, 5.18, 6.4, 7.49, 8.69, 9.55, 9.39, 8.96, 8.8, 9.0, 9.12, 8.99, 8.71, 8.968, 9.108, 8.29, 5.85, 4.23, 3.71, 3.78, 3.44, 3.63, 3.47, 3.37, 2.96, 2.37, 2.13, 2.67, 3.02, 2.94, 2.57, 2.35, 2.82, 2.9, 3.7, 4.57, 5.93, 6.5, 5.72, 5.67, 6.25, 6.77, 7.39, 7.28, 7.25, 6.17, 4.08, 1.81, 1.04, 1.52, 2.62, 2.21, 1.59, 0.85, 1.03, 0.86, 0.95, 0, 0.74, 0.82, 1.48, 1.61, 1.67, 2.2, 2.88, 3.35, 3.78, 3.94, 3.98, 4.12, 4.1, 3.98, 4.0, 4.52, 5.11, 5.6, 6.17], [2.69, 2.76, 2.71, 2.97, 3.53, 3.93, 4.56, 4.23, 3.88, 3.73, 5.26, 6.62, 7.63, 8.91, 9.75, 9.59, 9.16, 9.0, 9.2, 9.32, 9.19, 8.91, 9.168, 9.308, 8.49, 6.05, 4.43, 3.93, 3.88, 3.68, 3.89, 3.69, 3.57, 3.0, 2.29, 2.13, 2.77, 3.22, 3.1, 2.69, 2.45, 3.04, 3.1, 3.84, 4.53, 5.69, 6.34, 5.62, 5.39, 5.91, 6.43, 7.07, 7.14, 6.97, 6.13, 4.24, 1.71, 0.92, 1.4, 2.38, 2.25, 1.79, 1.27, 1.45, 1.44, 1.31, 0.74, 0, 0.8, 1.5, 1.47, 1.63, 2.2, 2.84, 3.19, 3.58, 3.74, 3.82, 4.04, 4.06, 3.98, 3.96, 4.48, 5.11, 5.56, 6.05], [2.67, 2.88, 2.97, 3.21, 3.83, 4.27, 4.86, 4.45, 4.24, 4.19, 5.68, 6.92, 7.79, 9.19, 9.95, 9.83, 9.4, 9.18, 9.3, 9.42, 9.29, 8.969, 9.19, 9.33, 8.51, 6.13, 4.45, 3.89, 3.9, 3.7, 3.83, 3.73, 3.59, 3.06, 2.31, 2.19, 2.83, 3.28, 3.2, 2.81, 2.49, 3.06, 3.12, 4.0, 4.69, 5.83, 6.46, 5.72, 5.63, 6.21, 6.73, 7.31, 7.44, 7.11, 6.29, 4.5, 1.87, 1.14, 1.78, 2.66, 2.31, 2.01, 1.17, 1.33, 1.4, 1.29, 0.82, 0.8, 0, 1.14, 1.43, 1.47, 2.24, 2.76, 3.17, 3.56, 3.7, 3.76, 3.92, 3.84, 3.78, 3.74, 4.2, 4.91, 5.38, 5.95], [2.97, 3.1, 3.27, 3.51, 4.13, 4.73, 5.22, 4.73, 4.68, 4.63, 6.04, 7.1, 8.13, 9.35, 10.05, 9.93, 9.52, 9.28, 9.36, 9.48, 9.35, 9.03, 9.27, 9.41, 8.59, 6.25, 4.57, 3.99, 3.96, 3.7, 3.81, 3.79, 3.69, 2.98, 2.21, 2.35, 2.71, 3.14, 3.02, 2.69, 2.67, 3.2, 3.08, 3.94, 4.75, 6.11, 6.68, 5.82, 5.81, 6.41, 7.01, 7.69, 7.88, 7.53, 6.57, 4.64, 1.99, 1.5, 2.32, 2.96, 2.49, 1.89, 1.31, 1.57, 1.64, 1.33, 1.48, 1.5, 1.14, 0, 0.95, 1.31, 2.24, 2.86, 3.03, 3.46, 3.62, 3.639, 3.74, 3.7, 3.6, 3.52, 3.92, 4.61, 5.16, 5.718], [2.78, 3.05, 3.42, 3.66, 4.24, 4.82, 5.35, 4.92, 4.79, 4.74, 6.23, 7.41, 8.52, 9.66, 10.52, 10.36, 9.93, 9.77, 9.97, 10.09, 9.96, 9.68, 9.94, 10.08, 9.26, 6.86, 5.2, 4.62, 4.49, 4.27, 4.5, 4.44, 4.3, 3.53, 2.72, 2.68, 3.26, 3.73, 3.59, 3.22, 3.02, 3.75, 3.63, 4.31, 5.04, 6.28, 6.83, 5.97, 5.8, 6.38, 6.98, 7.78, 8.05, 7.74, 6.86, 4.95, 2.24, 1.41, 2.25, 3.01, 2.86, 2.34, 1.68, 1.72, 1.63, 1.32, 1.61, 1.47, 1.43, 0.95, 0, 0.8, 1.75, 2.27, 2.5, 2.85, 3.03, 2.97, 3.09, 3.09, 3.07, 2.87, 3.33, 3.94, 4.51, 5.1], [3.16, 3.41, 3.7, 4.0, 4.56, 5.12, 5.65, 5.24, 5.11, 5.06, 6.53, 7.69, 8.78, 9.94, 10.76, 10.62, 10.19, 10.01, 10.21, 10.33, 10.2, 9.92, 10.18, 10.32, 9.5, 7.1, 5.44, 4.86, 4.75, 4.53, 4.74, 4.68, 4.54, 3.77, 3.02, 3.1, 3.6, 4.03, 3.81, 3.46, 3.22, 3.99, 3.89, 4.63, 5.3, 6.56, 7.13, 6.21, 6.12, 6.72, 7.3, 8.08, 8.35, 8.06, 7.12, 5.25, 2.52, 1.67, 2.61, 3.33, 3.14, 2.64, 1.8, 1.84, 1.81, 1.38, 1.67, 1.63, 1.47, 1.31, 0.8, 0, 1.43, 1.95, 2.2, 2.55, 2.71, 2.726, 2.83, 2.73, 2.65, 2.55, 3.05, 3.72, 4.27, 4.86], [3.67, 4.04, 4.27, 4.59, 5.17, 5.69, 6.32, 5.97, 5.66, 5.53, 7.02, 8.42, 9.45, 10.71, 11.57, 11.41, 10.98, 10.82, 11.02, 11.14, 11.01, 10.73, 10.99, 11.13, 10.31, 7.87, 6.25, 5.69, 5.62, 5.36, 5.59, 5.49, 5.37, 4.82, 4.05, 3.85, 4.53, 4.88, 4.52, 4.15, 4.01, 4.8, 4.68, 5.4, 6.25, 7.49, 8.12, 7.26, 6.93, 7.51, 8.13, 8.83, 8.9, 8.77, 7.89, 5.98, 3.35, 2.2, 3.04, 3.98, 3.83, 3.29, 2.57, 2.49, 2.38, 1.97, 2.2, 2.2, 2.24, 2.24, 1.75, 1.43, 0, 0.86, 1.41, 1.96, 1.96, 2.14, 2.4, 2.16, 2.18, 2.2, 2.58, 3.21, 3.68, 4.13], [3.81, 4.38, 4.87, 5.15, 5.75, 6.23, 6.88, 6.47, 6.26, 6.13, 7.52, 9.0, 10.09, 11.35, 12.21, 12.05, 11.62, 11.46, 11.66, 11.78, 11.65, 11.37, 11.63, 11.77, 10.95, 8.51, 6.89, 6.33, 6.24, 6.02, 6.21, 6.15, 6.01, 5.46, 4.71, 4.51, 5.17, 5.56, 5.1, 4.73, 4.67, 5.44, 5.32, 6.04, 6.87, 7.99, 8.6, 7.78, 7.21, 7.69, 8.29, 9.15, 9.54, 9.19, 8.47, 6.56, 3.87, 2.64, 3.54, 4.54, 4.47, 3.95, 3.21, 3.09, 2.98, 2.55, 2.88, 2.84, 2.76, 2.86, 2.27, 1.95, 0.86, 0, 1.03, 1.42, 1.56, 1.62, 1.92, 1.9, 1.96, 1.98, 2.2, 2.89, 3.32, 3.77], [4.08, 4.61, 5.46, 5.72, 6.34, 6.86, 7.51, 7.12, 6.89, 6.76, 8.13, 9.63, 10.72, 11.98, 12.84, 12.68, 12.25, 12.09, 12.29, 12.41, 12.28, 12.0, 12.26, 12.4, 11.58, 9.14, 7.52, 6.9, 6.79, 6.57, 6.8, 6.76, 6.58, 5.73, 5.02, 4.9, 5.52, 5.95, 5.45, 5.08, 5.28, 6.07, 5.91, 6.55, 7.38, 8.54, 9.13, 8.15, 7.48, 8.1, 8.7, 9.64, 10.17, 9.8, 9.08, 7.19, 4.42, 3.23, 4.17, 5.03, 5.04, 4.56, 3.82, 3.7, 3.55, 3.14, 3.35, 3.19, 3.17, 3.03, 2.5, 2.2, 1.41, 1.03, 0, 0.71, 0.85, 1.05, 1.37, 1.59, 1.75, 1.71, 1.91, 2.44, 2.85, 3.26], [4.13, 4.96, 5.91, 6.19, 6.79, 7.33, 7.96, 7.57, 7.36, 7.23, 8.6, 10.1, 11.19, 12.45, 13.31, 13.15, 12.72, 12.56, 12.76, 12.88, 12.75, 12.47, 12.728, 12.868, 12.05, 9.61, 7.99, 7.37, 7.26, 7.02, 7.27, 7.23, 7.05, 6.12, 5.49, 5.27, 5.89, 6.34, 5.88, 5.57, 5.73, 6.52, 6.36, 7.02, 7.83, 8.99, 9.58, 8.54, 7.69, 8.25, 8.93, 10.01, 10.64, 10.23, 9.55, 7.66, 4.89, 3.68, 4.64, 5.5, 5.51, 5.03, 4.27, 4.13, 3.98, 3.57, 3.78, 3.58, 3.56, 3.46, 2.85, 2.55, 1.96, 1.42, 0.71, 0, 0.56, 0.88, 1.22, 1.62, 1.7, 1.6, 1.78, 2.17, 2.54, 3.01], [4.23, 5.1, 6.029, 6.321, 6.918, 7.461, 8.091, 7.73, 7.485, 7.355, 8.74, 10.228, 11.286, 12.563, 13.426, 13.269, 12.839, 12.673, 12.868, 12.988, 12.858, 12.572, 12.817, 12.957, 12.14, 9.703, 8.083, 7.46, 7.353, 7.116, 7.363, 7.332, 7.146, 6.219, 5.592, 5.43, 6.05, 6.499, 5.999, 5.669, 5.829, 6.625, 6.468, 7.131, 7.949, 9.101, 9.74, 8.72, 7.91, 8.53, 9.25, 10.25, 10.751, 10.39, 9.683, 7.788, 5.015, 3.82, 4.78, 5.619, 5.618, 5.146, 4.409, 4.29, 4.14, 3.73, 3.94, 3.74, 3.7, 3.62, 3.03, 2.71, 1.96, 1.56, 0.85, 0.56, 0, 0.74, 1.02, 1.3, 1.44, 1.42, 1.54, 1.81, 2.28, 2.71], [4.19, 5.14, 6.11, 6.361, 6.958, 7.51, 8.14, 7.738, 7.54, 7.41, 8.76, 10.268, 11.326, 12.603, 13.466, 13.309, 12.879, 12.713, 12.908, 13.028, 12.898, 12.612, 12.857, 12.997, 12.18, 9.743, 8.123, 