[[0, 1.26, 2.58, 3.41, 2.87, 1.84, 3.05, 4.45, 4.38, 4.81, 4.24, 3.61, 3.17, 2.65, 2.78, 3.4, 4.78, 6.145, 7.348, 7.335, 7.048, 6.834, 6.217, 5.76, 5.139, 5.021, 4.761, 4.9, 4.88, 4.39, 4.43, 4.1, 3.82, 3.56, 3.53, 3.23, 2.88, 3.19, 2.97, 2.38, 2.56, 3.68, 4.36, 4.07, 4.07, 4.32, 3.66, 3.09, 2.49, 2.21, 2.37, 2.25, 2.13, 1.88, 2.09, 2.33, 2.72, 2.7, 2.82, 3.54, 2.97, 2.77, 2.79, 2.8, 3.33, 4.55, 5.18, 5.08, 4.78, 4.5, 4.44, 4.13, 3.47, 3.06, 3.37, 3.19, 3.05, 3.41, 3.69, 3.64, 3.59, 3.31, 3.21, 3.02, 2.95, 2.92], [1.26, 0, 1.62, 2.31, 1.95, 1.5, 3.67, 5.21, 5.34, 5.61, 4.78, 4.33, 3.89, 3.25, 3.32, 4.26, 5.553, 6.943, 8.205, 8.295, 8.045, 7.794, 7.077, 6.643, 5.976, 5.669, 5.446, 5.61, 5.64, 5.146, 4.923, 4.72, 4.04, 3.64, 3.75, 3.51, 3.3, 3.83, 3.71, 2.5, 2.0, 2.92, 3.3, 3.03, 3.05, 3.22, 2.76, 2.67, 2.49, 2.07, 2.09, 2.07, 1.89, 1.82, 1.89, 2.23, 2.04, 2.02, 3.04, 3.78, 3.25, 3.11, 3.11, 3.1, 3.65, 4.95, 5.54, 5.5, 5.44, 5.16, 5.08, 4.47, 3.77, 3.44, 3.77, 3.55, 3.41, 3.87, 4.07, 4.02, 4.01, 3.75, 3.63, 3.44, 3.31, 3.32], [2.58, 1.62, 0, 1.35, 1.29, 2.22, 5.07, 6.61, 6.67, 6.69, 5.82, 5.57, 5.231, 4.41, 4.4, 5.741, 6.973, 8.343, 9.625, 9.695, 9.385, 9.165, 8.428, 7.951, 7.181, 6.623, 6.494, 6.715, 6.758, 6.211, 5.937, 5.68, 4.9, 4.44, 4.63, 4.49, 4.6, 4.964, 4.83, 3.4, 2.24, 2.48, 2.32, 1.99, 2.09, 2.28, 2.14, 2.75, 3.11, 2.67, 2.77, 2.87, 2.79, 2.6, 2.59, 2.83, 2.38, 2.38, 3.74, 4.4, 4.03, 4.03, 4.11, 4.1, 4.77, 6.21, 6.76, 6.78, 6.74, 6.52, 6.4, 5.61, 4.77, 4.6, 5.01, 4.67, 4.59, 4.91, 5.11, 5.1, 5.05, 4.73, 4.65, 4.6, 4.45, 4.38], [3.41, 2.31, 1.35, 0, 0.92, 2.53, 5.68, 7.12, 7.185, 7.158, 6.41, 6.3, 6.08, 5.2, 5.11, 6.49, 7.76, 8.93, 10.113, 10.343, 10.13, 9.83, 9.138, 8.578, 7.768, 7.144, 6.984, 7.345, 7.408, 6.721, 6.361, 6.05, 5.23, 4.65, 4.88, 4.86, 5.17, 5.82, 5.9, 4.29, 2.91, 2.51, 2.05, 1.86, 1.94, 1.99, 2.35, 3.06, 3.76, 3.42, 3.4, 3.54, 3.48, 3.35, 3.12, 3.24, 2.61, 2.89, 4.53, 5.15, 4.66, 4.72, 4.76, 4.79, 5.54, 7.02, 7.65, 7.59, 7.53, 7.25, 7.17, 6.48, 5.6, 5.45, 5.88, 5.56, 5.46, 5.98, 6.18, 6.11, 6.02, 5.8, 5.68, 5.57, 5.36, 5.33], [2.87, 1.95, 1.29, 0.92, 0, 2.19, 5.12, 6.638, 6.61, 6.498, 5.87, 5.84, 5.58, 4.7, 4.61, 5.89, 7.236, 8.367, 9.57, 9.74, 9.61, 9.31, 8.607, 7.95, 7.045, 6.507, 6.364, 6.777, 6.757, 6.02, 5.644, 5.29, 4.57, 4.15, 4.28, 4.26, 4.65, 5.44, 5.52, 3.79, 2.89, 2.91, 2.53, 2.28, 2.32, 2.49, 2.51, 3.06, 3.72, 3.34, 3.38, 3.54, 3.4, 3.19, 3.02, 3.2, 2.69, 2.95, 4.53, 5.03, 4.56, 4.48, 4.48, 4.47, 5.22, 6.64, 7.27, 7.17, 7.05, 6.79, 6.77, 6.14, 5.42, 5.19, 5.52, 5.24, 5.06, 5.68, 5.92, 5.77, 5.62, 5.52, 5.38, 5.21, 5.02, 4.97], [1.84, 1.5, 2.22, 2.53, 2.19, 0, 3.23, 4.77, 4.84, 4.968, 4.06, 4.17, 4.17, 3.53, 3.4, 4.28, 5.34, 6.5, 7.803, 7.993, 7.9, 7.6, 6.868, 6.371, 5.481, 4.997, 4.754, 4.961, 5.06, 4.53, 4.23, 3.92, 3.42, 3.08, 3.19, 3.11, 3.54, 4.07, 4.09, 2.9, 2.24, 2.74, 3.56, 3.57, 3.49, 3.56, 3.58, 3.83, 3.49, 3.07, 3.21, 3.11, 2.91, 2.92, 3.03, 3.29, 3.24, 3.1, 4.06, 4.64, 4.21, 4.01, 4.05, 3.94, 4.47, 5.69, 6.32, 6.16, 5.68, 5.44, 5.44, 5.25, 4.57, 4.18, 4.47, 4.29, 4.21, 4.75, 4.97, 4.86, 4.93, 4.85, 4.71, 4.4, 4.33, 4.28], [3.05, 3.67, 5.07, 5.68, 5.12, 3.23, 0, 1.76, 1.87, 2.2, 1.63, 1.48, 1.74, 1.64, 1.85, 1.83, 2.49, 3.48, 4.758, 4.905, 4.798, 4.564, 3.867, 3.48, 2.69, 2.46, 2.06, 2.07, 2.17, 1.84, 2.48, 2.53, 2.51, 2.65, 2.6, 2.08, 1.83, 2.06, 2.18, 2.31, 3.99, 5.61, 6.51, 6.36, 6.2, 6.43, 5.79, 5.42, 4.74, 4.42, 4.52, 4.42, 4.3, 4.27, 4.5, 4.32, 5.13, 5.29, 4.63, 5.05, 4.72, 4.52, 4.5, 4.43, 3.94, 4.36, 5.09, 4.93, 4.39, 4.31, 3.93, 4.02, 4.02, 3.51, 3.16, 3.22, 3.02, 3.36, 3.54, 3.89, 4.26, 4.46, 4.08, 3.75, 3.6, 3.37], [4.45, 5.21, 6.61, 7.12, 6.638, 4.77, 1.76, 0, 0.93, 1.32, 1.51, 1.74, 2.08, 2.5, 2.83, 1.93, 1.93, 2.06, 3.22, 3.443, 3.31, 3.06, 2.36, 2.1, 1.77, 2.0, 1.74, 1.51, 1.49, 2.16, 3.04, 3.05, 3.23, 3.49, 3.48, 3.177, 2.73, 2.5, 2.72, 3.75, 5.51, 7.07, 8.09, 8.06, 7.84, 8.03, 7.43, 6.68, 5.82, 5.76, 6.12, 6.04, 5.9, 5.79, 6.1, 5.94, 6.77, 6.97, 5.65, 5.87, 5.76, 5.62, 5.5, 5.39, 4.6, 4.78, 5.55, 5.39, 4.87, 4.79, 4.41, 4.54, 4.96, 4.33, 3.82, 3.78, 3.52, 3.6, 3.84, 4.27, 4.66, 4.94, 4.6, 4.19, 4.18, 3.99], [4.38, 5.34, 6.67, 7.185, 6.61, 4.84, 1.87, 0.93, 0, 1.47, 1.66, 1.69, 2.13, 2.57, 2.72, 1.8, 2.02, 2.27, 3.29, 3.48, 3.29, 2.99, 2.47, 2.25, 1.86, 1.91, 1.83, 1.54, 1.72, 2.07, 2.87, 2.8, 2.98, 3.28, 3.29, 3.05, 2.72, 2.51, 2.77, 3.9, 5.64, 7.26, 8.18, 8.11, 8.01, 8.18, 7.62, 6.95, 6.15, 5.93, 6.29, 6.17, 5.99, 5.84, 6.07, 5.95, 6.84, 6.98, 5.94, 6.2, 5.95, 5.77, 5.69, 5.68, 4.99, 5.01, 5.82, 5.68, 5.22, 5.18, 4.74, 4.91, 5.29, 4.72, 4.21, 4.13, 3.69, 3.89, 4.09, 4.5, 4.83, 4.99, 4.71, 4.32, 4.31, 4.16], [4.81, 5.61, 6.69, 7.158, 6.498, 4.968, 2.2, 1.32, 1.47, 0, 1.33, 1.84, 2.48, 2.72, 2.93, 2.17, 2.49, 2.48, 3.46, 3.75, 3.52, 3.28, 2.6, 2.22, 1.61, 1.54, 1.42, 1.65, 1.69, 1.78, 2.3, 2.43, 2.75, 3.25, 3.24, 2.9, 2.75, 2.96, 3.3, 3.85, 5.63, 7.248, 8.35, 8.28, 8.2, 8.37, 7.83, 7.32, 6.52, 6.32, 6.56, 6.38, 6.3, 6.17, 6.46, 6.3, 7.17, 7.31, 6.29, 6.61, 6.32, 6.28, 6.2, 6.19, 5.42, 5.64, 6.49, 6.33, 5.81, 5.71, 5.31, 5.44, 5.66, 5.09, 4.64, 4.68, 4.38, 4.42, 4.7, 5.15, 5.58, 5.78, 5.46, 5.05, 5.0, 4.81], [4.24, 4.78, 5.82, 6.41, 5.87, 4.06, 1.63, 1.51, 1.66, 1.33, 0, 1.15, 1.87, 2.09, 2.3, 1.92, 2.26, 2.95, 4.25, 4.42, 4.26, 3.99, 3.27, 2.79, 2.04, 1.71, 1.59, 1.54, 1.72, 1.77, 2.13, 2.14, 2.34, 2.783, 2.793, 2.55, 2.4, 2.29, 2.71, 2.92, 4.76, 6.24, 7.32, 7.19, 7.17, 7.34, 6.94, 6.59, 5.87, 5.55, 5.67, 5.53, 5.55, 5.52, 5.79, 5.59, 6.36, 6.4, 5.68, 6.12, 5.91, 5.85, 5.77, 5.76, 4.97, 5.13, 5.98, 5.82, 5.3, 5.22, 4.84, 4.97, 5.05, 4.6, 4.17, 4.19, 4.01, 4.03, 4.21, 4.64, 5.19, 5.39, 5.03, 4.64, 4.59, 4.4], [3.61, 4.33, 5.57, 6.3, 5.84, 4.17, 1.48, 1.74, 1.69, 1.84, 1.15, 0, 1.04, 1.58, 1.83, 1.35, 1.97, 3.02, 4.28, 4.388, 4.098, 3.904, 3.216, 2.9, 2.25, 2.06, 1.78, 1.73, 1.91, 1.76, 2.3, 2.25, 2.33, 2.69, 2.7, 2.44, 1.99, 1.86, 2.1, 2.85, 4.71, 6.33, 7.25, 7.02, 6.94, 7.19, 6.53, 6.06, 5.36, 5.04, 5.16, 5.04, 4.98, 4.85, 5.12, 4.96, 5.77, 5.95, 5.07, 5.51, 5.18, 5.12, 5.06, 5.05, 4.42, 4.6, 5.43, 5.29, 4.79, 4.69, 4.29, 4.42, 4.52, 4.03, 3.62, 3.64, 3.34, 3.36, 3.68, 4.05, 4.54, 4.62, 4.32, 3.87, 3.92, 3.69], [3.17, 3.89, 5.231, 6.08, 5.58, 4.17, 1.74, 2.08, 2.13, 2.48, 1.87, 1.04, 0, 1.14, 1.49, 1.35, 2.21, 3.38, 4.74, 4.63, 4.433, 4.34, 3.76, 3.44, 2.91, 2.66, 2.58, 2.53, 2.67, 2.44, 3.0, 2.81, 2.67, 2.57, 2.58, 2.3, 1.67, 1.74, 1.52, 2.69, 4.57, 6.19, 7.077, 6.79, 6.675, 6.98, 6.27, 5.46, 4.82, 4.68, 4.88, 4.6, 4.38, 4.25, 4.46, 4.3, 5.15, 5.25, 4.35, 4.83, 4.5, 4.34, 4.3, 4.35, 3.8, 4.02, 4.89, 4.69, 4.23, 4.11, 3.69, 3.82, 3.9, 3.43, 3.04, 3.1, 2.72, 2.66, 3.02, 3.43, 3.84, 3.86, 3.52, 3.15, 3.12, 2.91], [2.65, 3.25, 4.41, 5.2, 4.7, 3.53, 1.64, 2.5, 2.57, 2.72, 2.09, 1.58, 1.14, 0, 0.81, 1.63, 2.95, 4.26, 5.46, 5.583, 5.207, 4.94, 4.24, 3.74, 3.11, 2.8, 2.64, 2.79, 2.81, 2.28, 2.7, 2.55, 2.29, 2.05, 1.92, 1.54, 1.21, 1.6, 1.72, 1.83, 3.63, 5.31, 6.33, 6.12, 6.14, 6.328, 5.73, 5.32, 4.64, 4.34, 4.36, 4.24, 4.08, 4.01, 4.18, 3.98, 4.75, 4.85, 4.31, 4.79, 4.46, 4.3, 4.22, 4.29, 3.82, 4.18, 4.99, 4.83, 4.41, 4.33, 3.81, 3.88, 3.94, 3.41, 3.08, 3.12, 2.68, 2.76, 3.08, 3.59, 3.9, 3.84, 3.5, 3.21, 3.18, 3.01], [2.78, 3.32, 4.4, 5.11, 4.61, 3.4, 1.85, 2.83, 2.72, 2.93, 2.3, 1.83, 1.49, 0.81, 0, 1.84, 3.32, 4.606, 5.71, 5.804, 5.357, 5.014, 4.471, 4.054, 3.396, 2.87, 2.89, 3.14, 3.22, 2.53, 2.65, 2.4, 2.02, 1.82, 1.63, 1.17, 1.22, 1.97, 2.05, 2.06, 3.68, 5.28, 6.28, 6.05, 6.09, 6.26, 5.8, 5.57, 4.95, 4.61, 4.61, 4.39, 4.25, 4.22, 4.23, 4.13, 4.84, 4.82, 4.68, 5.2, 4.81, 4.51, 4.55, 4.62, 4.29, 4.61, 5.42, 5.24, 4.72, 4.68, 4.22, 4.33, 4.39, 3.86, 3.55, 3.57, 3.09, 3.11, 3.43, 3.98, 4.31, 4.15, 3.85, 3.66, 3.55, 3.36], [3.4, 4.26, 5.741, 6.49, 5.89, 4.28, 1.83, 1.93, 1.8, 2.17, 1.92, 1.35, 1.35, 1.63, 1.84, 0, 1.58, 2.99, 4.21, 4.255, 3.937, 3.7, 3.086, 2.686, 2.18, 2.27, 1.99, 1.9, 1.92, 2.03, 2.67, 2.54, 2.74, 2.96, 2.89, 2.61, 2.02, 1.99, 1.83, 3.12, 5.0, 6.6, 7.5, 7.205, 7.168, 7.398, 6.74, 6.07, 5.29, 5.11, 5.37, 5.13, 4.93, 4.86, 5.07, 4.95, 5.68, 5.76, 4.8, 5.12, 4.85, 4.73, 4.71, 4.78, 3.99, 4.27, 5.08, 4.88, 4.36, 4.26, 3.88, 3.97, 4.43, 3.78, 3.27, 3.25, 2.83, 2.93, 3.19, 3.64, 3.97, 3.89, 3.59, 3.32, 3.27, 3.04], [4.78, 5.553, 6.973, 7.76, 7.236, 5.34, 2.49, 1.93, 2.02, 2.49, 2.26, 1.97, 2.21, 2.95, 3.32, 1.58, 0, 1.77, 2.95, 3.0, 2.89, 2.79, 2.25, 1.99, 1.96, 2.41, 2.09, 1.68, 1.62, 2.25, 3.15, 3.16, 3.66, 4.18, 4.23, 3.95, 3.34, 2.77, 2.55, 4.22, 6.12, 7.68, 8.6, 8.323, 8.251, 8.501, 7.821, 6.83, 5.89, 6.005, 6.325, 6.157, 6.014, 6.004, 6.29, 6.13, 6.867, 6.944, 5.2, 5.38, 5.39, 5.29, 5.27, 5.18, 4.29, 4.03, 4.82, 4.74, 4.44, 4.4, 3.98, 4.21, 4.89, 4.26, 3.67, 3.59, 2.91, 2.95, 3.13, 3.54, 3.77, 3.89, 3.67, 3.3, 3.31, 3.2], [6.145, 6.943, 8.343, 8.93, 8.367, 6.5, 3.48, 2.06, 2.27, 2.48, 2.95, 3.02, 3.38, 4.26, 4.606, 2.99, 1.77, 0, 1.58, 1.65, 1.8, 1.7, 1.38, 1.44, 1.77, 2.3, 2.44, 2.07, 2.07, 2.9, 3.76, 4.01, 4.767, 5.302, 5.317, 5.037, 4.49, 3.96, 3.86, 5.49, 7.294, 8.92, 9.863, 9.715, 9.518, 9.783, 9.105, 8.004, 7.079, 7.295, 7.675, 7.438, 7.244, 7.174, 7.464, 7.284, 8.191, 8.354, 6.53, 6.57, 6.62, 6.48, 6.4, 6.29, 5.4, 5.18, 5.99, 5.91, 5.55, 5.51, 5.01, 5.36, 6.059, 5.429, 4.86, 4.84, 4.2, 4.16, 4.48, 4.77, 5.12, 5.34, 5.06, 4.73, 4.68, 4.45], [7.348, 8.205, 9.625, 10.113, 9.57, 7.803, 4.758, 3.22, 3.29, 3.46, 4.25, 4.28, 4.74, 5.46, 5.71, 4.21, 2.95, 1.58, 0, 0.89, 1.04, 1.14, 1.42, 1.94, 2.85, 3.32, 3.48, 3.31, 3.27, 3.92, 4.76, 5.047, 5.77, 6.324, 6.354, 6.057, 5.519, 5.295, 5.22, 6.823, 8.58, 10.203, 11.148, 11.061, 10.864, 11.074, 10.434, 9.45, 8.456, 8.621, 9.021, 8.83, 8.687, 8.477, 8.81, 8.67, 9.6, 9.797, 8.009, 7.838, 7.945, 7.768, 7.78, 7.63, 6.72, 6.16, 6.89, 6.889, 6.718, 6.641, 6.17, 6.605, 7.482, 6.889, 6.222, 6.21, 5.499, 5.402, 5.585, 5.861, 5.94, 6.3, 6.22, 5.93, 5.96, 5.909], [7.335, 8.295, 9.695, 10.343, 9.74, 7.993, 4.905, 3.443, 3.48, 3.75, 4.42, 4.388, 4.63, 5.583, 5.804, 4.255, 3.0, 1.65, 0.89, 0, 0.97, 1.23, 1.55, 2.03, 2.94, 3.47, 3.79, 3.56, 3.56, 4.27, 5.099, 5.263, 6.043, 6.54, 6.57, 6.31, 5.709, 5.425, 5.19, 7.01, 8.807, 10.45, 11.375, 11.185, 11.011, 11.295, 10.598, 9.517, 8.574, 8.788, 9.188, 8.931, 8.697, 8.567, 8.777, 8.64, 9.544, 9.667, 7.939, 7.811, 7.895, 7.638, 7.63, 7.588, 6.718, 6.31, 7.08, 7.04, 6.791, 6.734, 6.256, 6.641, 7.472, 6.899, 6.232, 6.297, 5.457, 5.33, 5.601, 5.894, 5.91, 6.19, 6.11, 5.88, 5.87, 5.773], [7.048, 8.045, 9.385, 10.13, 9.61, 7.9, 4.798, 3.31, 3.29, 3.52, 4.26, 4.098, 4.433, 5.207, 5.357, 3.937, 2.89, 1.8, 1.04, 0.97, 0, 0.6, 1.16, 1.74, 2.77, 3.22, 3.64, 3.47, 3.457, 4.018, 4.772, 4.933, 5.733, 6.254, 6.267, 5.995, 5.345, 5.075, 4.89, 6.86, 8.717, 10.36, 11.265, 10.998, 10.924, 11.194, 10.517, 9.573, 8.639, 8.698, 9.038, 8.87, 8.69, 8.52, 8.75, 8.61, 9.44, 9.56, 7.995, 8.024, 8.045, 7.928, 7.905, 7.858, 6.988, 6.659, 7.37, 7.409, 7.084, 7.046, 6.586, 6.908, 7.702, 7.072, 6.465, 6.342, 5.585, 5.308, 5.694, 6.129, 6.08, 6.22, 6.06, 5.81, 5.899, 5.786], [6.834, 7.794, 9.165, 9.83, 9.31, 7.6, 4.564, 3.06, 2.99, 3.28, 3.99, 3.904, 4.34, 4.94, 5.014, 3.7, 2.79, 1.7, 1.14, 1.23, 0.6, 0, 0.9, 1.44, 2.49, 3.0, 3.34, 3.19, 3.17, 3.718, 4.512, 4.616, 5.353, 5.845, 5.867, 5.615, 5.065, 4.815, 4.753, 6.56, 8.417, 10.06, 10.988, 10.744, 10.724, 10.954, 10.297, 9.436, 8.482, 8.496, 8.804, 8.69, 8.493, 8.363, 8.553, 8.433, 9.26, 9.38, 7.895, 7.981, 7.948, 7.808, 7.8, 7.79, 6.908, 6.54, 7.29, 7.309, 7.004, 6.966, 6.51, 6.851, 7.602, 6.972, 6.365, 6.222, 5.485, 5.228, 5.611, 6.046, 6.0, 6.06, 6.0, 5.706, 5.805, 5.726], [6.217, 7.077, 8.428, 9.138, 8.607, 6.868, 3.867, 2.36, 2.47, 2.6, 3.27, 3.216, 3.76, 4.24, 4.471, 3.086, 2.25, 1.38, 1.42, 1.55, 1.16, 0.9, 0, 0.9, 1.79, 2.36, 2.66, 2.49, 2.43, 3.072, 3.892, 4.09, 4.85, 5.35, 5.38, 5.14, 4.526, 4.12, 4.18, 5.8, 7.688, 9.328, 10.291, 10.061, 10.067, 10.254, 9.657, 8.842, 7.945, 7.876, 8.179, 8.05, 7.853, 7.726, 7.953, 7.833, 8.66, 8.8, 7.418, 7.564, 7.488, 7.428, 7.38, 7.33, 6.471, 6.12, 6.93, 6.89, 6.624, 6.584, 6.11, 6.431, 7.065, 6.435, 5.868, 5.731, 4.991, 4.84, 5.194, 5.646, 5.78, 5.84, 5.72, 5.29, 5.38, 5.27], [5.76, 6.643, 7.951, 8.578, 7.95, 6.371, 3.48, 2.1, 2.25, 2.22, 2.79, 2.9, 3.44, 3.74, 4.054, 2.686, 1.99, 1.44, 1.94, 2.03, 1.74, 1.44, 0.9, 0, 1.07, 1.76, 2.08, 1.93, 1.81, 2.5, 3.292, 3.473, 4.213, 4.73, 4.74, 4.52, 3.946, 3.72, 3.88, 5.231, 7.054, 8.791, 9.834, 9.624, 9.627, 9.834, 9.217, 8.462, 7.562, 7.496, 7.759, 7.63, 7.473, 7.386, 7.613, 7.493, 8.223, 8.32, 6.998, 7.186, 7.068, 6.951, 6.92, 6.91, 6.074, 5.92, 6.71, 6.65, 6.246, 6.246, 5.79, 6.031, 6.682, 6.052, 5.465, 5.331, 4.576, 4.54, 4.819, 5.35, 5.54, 5.58, 5.34, 4.99, 5.0, 4.89], [5.139, 5.976, 7.181, 7.768, 7.045, 5.481, 2.69, 1.77, 1.86, 1.61, 2.04, 2.25, 2.91, 3.11, 3.396, 2.18, 1.96, 1.77, 2.85, 2.94, 2.77, 2.49, 1.79, 1.07, 0, 1.15, 1.25, 1.28, 1.2, 1.57, 2.359, 2.58, 3.355, 3.855, 3.885, 3.708, 3.28, 3.29, 3.53, 4.316, 6.173, 7.901, 8.944, 8.774, 8.777, 8.947, 8.393, 7.755, 6.938, 6.769, 7.049, 6.866, 6.706, 6.696, 6.906, 6.766, 7.536, 7.61, 6.591, 6.796, 6.621, 6.481, 6.43, 6.42, 5.649, 5.81, 6.64, 6.48, 5.96, 5.86, 5.48, 5.61, 6.09, 5.471, 4.95, 4.89, 4.35, 4.43, 4.65, 5.18, 5.57, 5.67, 5.37, 5.04, 4.97, 4.76], [5.021, 5.669, 6.623, 7.144, 6.507, 4.997, 2.46, 2.0, 1.91, 1.54, 1.71, 2.06, 2.66, 2.8, 2.87, 2.27, 2.41, 2.3, 3.32, 3.47, 3.22, 3.0, 2.36, 1.76, 1.15, 0, 1.0, 1.39, 1.53, 1.36, 1.82, 2.01, 2.71, 3.27, 3.227, 3.08, 3.01, 3.34, 3.64, 4.03, 5.803, 7.397, 8.497, 8.347, 8.347, 8.517, 8.109, 7.808, 7.054, 6.811, 6.845, 6.708, 6.525, 6.438, 6.605, 6.405, 7.249, 7.243, 6.784, 7.086, 6.796, 6.614, 6.58, 6.65, 5.98, 6.18, 7.05, 6.87, 6.35, 6.25, 5.85, 5.98, 6.18, 5.686, 5.2, 5.22, 4.74, 4.82, 5.08, 5.57, 5.9, 6.08, 5.74, 5.45, 5.36, 5.17], [4.761, 5.446, 6.494, 6.984, 6.364, 4.754, 2.06, 1.74, 1.83, 1.42, 1.59, 1.78, 2.58, 2.64, 2.89, 1.99, 2.09, 2.44, 3.48, 3.79, 3.64, 3.34, 2.66, 2.08, 1.25, 1.0, 0, 0.79, 0.85, 0.92, 1.68, 1.87, 2.53, 3.122, 3.074, 2.92, 2.95, 3.0, 3.44, 3.65, 5.383, 6.914, 8.057, 8.067, 7.867, 8.037, 7.529, 7.108, 6.331, 6.151, 6.379, 6.248, 6.162, 6.055, 6.339, 6.139, 7.029, 7.123, 6.241, 6.526, 6.296, 6.231, 6.14, 6.05, 5.22, 5.58, 6.31, 6.13, 5.59, 5.51, 5.11, 5.22, 5.48, 4.886, 4.4, 4.44, 4.28, 4.52, 4.72, 5.13, 5.6, 5.78, 5.42, 5.07, 4.94, 4.69], [4.9, 5.61, 6.715, 7.345, 6.777, 4.961, 2.07, 1.51, 1.54, 1.65, 1.54, 1.73, 2.53, 2.79, 3.14, 1.9, 1.68, 2.07, 3.31, 3.56, 3.47, 3.19, 2.49, 1.93, 1.28, 1.39, 0.79, 0, 0.6, 1.27, 2.23, 2.38, 3.049, 3.589, 3.562, 3.339, 3.04, 2.63, 3.05, 3.8, 5.481, 6.995, 8.124, 8.174, 7.974, 8.084, 7.527, 6.99, 6.19, 6.03, 6.326, 6.326, 6.26, 6.18, 6.5, 6.34, 7.17, 7.307, 6.14, 6.38, 6.29, 6.23, 6.11, 6.02, 4.95, 5.09, 5.82, 5.64, 5.12, 5.08, 4.68, 4.81, 5.27, 4.68, 4.15, 4.11, 3.95, 4.19, 4.31, 4.74, 5.27, 5.47, 5.09, 4.76, 4.61, 4.44], [4.88, 5.64, 6.758, 7.408, 6.757, 5.06, 2.17, 1.49, 1.72, 1.69, 1.72, 1.91, 2.67, 2.81, 3.22, 1.92, 1.62, 2.07, 3.27, 3.56, 3.457, 3.17, 2.43, 1.81, 1.2, 1.53, 0.85, 0.6, 0, 1.15, 2.17, 2.3, 2.997, 3.58, 3.562, 3.33, 3.06, 2.83, 3.23, 3.86, 5.56, 7.138, 8.241, 8.291, 8.074, 8.184, 7.607, 6.949, 6.11, 6.046, 6.406, 6.403, 6.303, 6.213, 6.523, 6.36, 7.19, 7.387, 6.0, 6.22, 6.13, 6.05, 5.93, 5.8, 4.83, 5.03, 5.76, 5.58, 5.06, 5.02, 4.6, 4.75, 5.17, 4.54, 4.01, 3.93, 3.87, 4.13, 4.29, 4.7, 5.19, 5.39, 5.01, 4.68, 4.53, 4.32], [4.39, 5.146, 6.211, 6.721, 6.02, 4.53, 1.84, 2.16, 2.07, 1.78, 1.77, 1.76, 2.44, 2.28, 2.53, 2.03, 2.25, 2.9, 3.92, 4.27, 4.018, 3.718, 3.072, 2.5, 1.57, 1.36, 0.92, 1.27, 1.15, 0, 1.22, 1.43, 2.05, 2.61, 2.64, 2.48, 2.59, 3.08, 3.48, 3.35, 5.05, 6.67, 7.79, 7.807, 7.607, 7.757, 7.203, 6.72, 6.0, 5.8, 5.979, 5.908, 5.808, 5.658, 5.916, 5.76, 6.666, 6.82, 5.949, 6.37, 5.98, 5.86, 5.82, 5.79, 5.16, 5.58, 6.29, 6.11, 5.57, 5.49, 5.13, 5.2, 5.22, 4.67, 4.36, 4.42, 4.26, 4.58, 4.78, 5.21, 5.58, 5.74, 5.38, 5.05, 4.9, 4.69], [4.43, 4.923, 5.937, 6.361, 5.644, 4.23, 2.48, 3.04, 2.87, 2.3, 2.13, 2.3, 3.0, 2.7, 2.65, 2.67, 3.15, 3.76, 4.76, 5.099, 4.772, 4.512, 3.892, 3.292, 2.359, 1.82, 1.68, 2.23, 2.17, 1.22, 0, 0.77, 1.41, 2.15, 2.16, 2.12, 2.77, 3.84, 4.22, 3.65, 4.87, 6.45, 7.574, 7.567, 7.404, 7.574, 7.13, 6.92, 6.26, 6.0, 6.04, 5.9, 5.76, 5.69, 5.82, 5.66, 6.509, 6.58, 6.25, 6.73, 6.3, 6.12, 6.0, 5.97, 5.74, 6.36, 6.99, 6.93, 6.31, 6.25, 5.91, 5.98, 5.92, 5.25, 5.06, 5.16, 4.96, 5.3, 5.52, 5.95, 6.28, 6.38, 6.06, 5.69, 5.54, 5.39], [4.1, 4.72, 5.68, 6.05, 5.29, 3.92, 2.53, 3.05, 2.8, 2.43, 2.14, 2.25, 2.81, 2.55, 2.4, 2.54, 3.16, 4.01, 5.047, 5.263, 4.933, 4.616, 4.09, 3.473, 2.58, 2.01, 1.87, 2.38, 2.3, 1.43, 0.77, 0, 1.12, 1.76, 1.83, 1.75, 2.58, 3.73, 4.05, 3.64, 4.64, 6.16, 7.3, 7.33, 7.15, 7.28, 7.0, 6.67, 6.03, 5.77, 5.91, 5.67, 5.51, 5.46, 5.59, 5.43, 6.3, 6.28, 6.14, 6.64, 6.17, 5.83, 5.75, 5.76, 5.67, 6.27, 6.9, 6.8, 6.22, 6.14, 5.78, 5.87, 5.83, 5.16, 4.97, 5.05, 4.81, 5.13, 5.35, 5.78, 6.09, 6.17, 5.87, 5.56, 5.41, 5.24], [3.82, 4.04, 4.9, 5.23, 4.57, 3.42, 2.51, 3.23, 2.98, 2.75, 2.34, 2.33, 2.67, 2.29, 2.02, 2.74, 3.66, 4.767, 5.77, 6.043, 5.733, 5.353, 4.85, 4.213, 3.355, 2.71, 2.53, 3.049, 2.997, 2.05, 1.41, 1.12, 0, 0.96, 0.97, 1.21, 2.34, 3.53, 3.79, 3.16, 3.9, 5.38, 6.5, 6.57, 6.41, 6.52, 6.36, 6.25, 5.67, 5.31, 5.41, 5.19, 5.05, 5.02, 5.05, 4.97, 5.68, 5.62, 5.76, 6.22, 5.81, 5.47, 5.47, 5.44, 5.25, 5.95, 6.54, 6.52, 5.88, 5.82, 5.54, 5.55, 5.43, 4.76, 4.65, 4.71, 4.51, 4.87, 5.07, 5.5, 5.75, 5.83, 5.53, 5.18, 5.05, 4.9], [3.56, 3.64, 4.44, 4.65, 4.15, 3.08, 2.65, 3.49, 3.28, 3.25, 2.783, 2.69, 2.57, 2.05, 1.82, 2.96, 4.18, 5.302, 6.324, 6.54, 6.254, 5.845, 5.35, 4.73, 3.855, 3.27, 3.122, 3.589, 3.58, 2.61, 2.15, 1.76, 0.96, 0, 0.61, 1.15, 2.16, 3.33, 3.61, 2.92, 3.58, 4.88, 6.06, 6.13, 5.99, 6.06, 5.9, 5.93, 5.49, 4.99, 5.17, 5.03, 4.67, 4.8, 4.81, 4.77, 5.2, 5.16, 5.6, 6.06, 5.65, 5.27, 5.27, 5.22, 5.07, 5.75, 6.34, 6.32, 5.72, 5.66, 5.32, 5.35, 5.25, 4.64, 4.49, 4.51, 4.29, 4.65, 4.85, 5.24, 5.49, 5.55, 5.27, 4.94, 4.79, 4.64], [3.53, 3.75, 4.63, 4.88, 4.28, 3.19, 2.6, 3.48, 3.29, 3.24, 2.793, 2.7, 2.58, 1.92, 1.63, 2.89, 4.23, 5.317, 6.354, 6.57, 6.267, 5.867, 5.38, 4.74, 3.885, 3.227, 3.074, 3.562, 3.562, 2.64, 2.16, 1.83, 0.97, 0.61, 0, 0.92, 1.99, 3.16, 3.46, 2.79, 3.59, 5.03, 6.21, 6.28, 6.12, 6.19, 6.05, 5.94, 5.44, 5.02, 5.14, 5.0, 4.72, 4.77, 4.78, 4.72, 5.35, 5.29, 5.53, 5.97, 5.62, 5.26, 5.26, 5.17, 4.96, 5.54, 6.17, 6.11, 5.51, 5.47, 5.11, 5.14, 5.12, 4.51, 4.3, 4.34, 4.1, 4.46, 4.68, 5.07, 5.34, 5.4, 5.12, 4.79, 4.66, 4.49], [3.23, 3.51, 4.49, 4.86, 4.26, 3.11, 2.08, 3.177, 3.05, 2.9, 2.55, 2.44, 2.3, 1.54, 1.17, 2.61, 3.95, 5.037, 6.057, 6.31, 5.995, 5.615, 5.14, 4.52, 3.708, 3.08, 2.92, 3.339, 3.33, 2.48, 2.12, 1.75, 1.21, 1.15, 0.92, 0, 1.37, 2.56, 2.86, 2.35, 3.45, 4.99, 6.09, 6.08, 5.94, 6.11, 5.81, 5.66, 5.1, 4.72, 4.82, 4.62, 4.42, 4.41, 4.44, 4.36, 5.09, 5.05, 5.11, 5.53, 5.16, 4.8, 4.82, 4.83, 4.5, 5.0, 5.71, 5.57, 5.05, 4.97, 4.57, 4.64, 4.64, 4.07, 3.8, 3.84, 3.56, 3.9, 4.1, 4.53, 4.84, 4.92, 4.62, 4.31, 4.18, 3.99], [2.88, 3.3, 4.6, 5.17, 4.65, 3.54, 1.83, 2.73, 2.72, 2.75, 2.4, 1.99, 1.67, 1.21, 1.22, 2.02, 3.34, 4.49, 5.519, 5.709, 5.345, 5.065, 4.526, 3.946, 3.28, 3.01, 2.95, 3.04, 3.06, 2.59, 2.77, 2.58, 2.34, 2.16, 1.99, 1.37, 0, 1.65, 1.83, 1.86, 3.6, 5.34, 6.38, 6.19, 6.17, 6.38, 5.76, 5.37, 4.71, 4.41, 4.41, 4.29, 4.07, 4.02, 4.07, 3.99, 4.78, 4.94, 4.44, 4.84, 4.51, 4.33, 4.27, 4.34, 3.79, 4.05, 4.86, 4.68, 4.22, 4.16, 3.7, 3.77, 3.91, 3.46, 3.01, 3.01, 2.55, 2.73, 2.93, 3.42, 3.83, 3.89, 3.59, 3.26, 3.15, 2.96], [3.19, 3.83, 4.964, 5.82, 5.44, 4.07, 2.06, 2.5, 2.51, 2.96, 2.29, 1.86, 1.74, 1.6, 1.97, 1.99, 2.77, 3.96, 5.295, 5.425, 5.075, 4.815, 4.12, 3.72, 3.29, 3.34, 3.0, 2.63, 2.83, 3.08, 3.84, 3.73, 3.53, 3.33, 3.16, 2.56, 1.65, 0, 1.02, 2.09, 3.95, 5.47, 6.55, 6.24, 6.4, 6.51, 5.95, 5.42, 4.46, 4.18, 4.56, 4.52, 4.52, 4.49, 4.78, 4.62, 5.35, 5.37, 4.17, 4.51, 4.44, 4.5, 4.42, 4.41, 3.32, 3.2, 4.01, 3.95, 3.59, 3.57, 3.05, 3.16, 3.56, 3.01, 2.48, 2.46, 2.32, 2.2, 2.48, 2.83, 3.3, 3.46, 3.08, 2.71, 2.82, 2.65], [2.97, 3.71, 4.83, 5.9, 5.52, 4.09, 2.18, 2.72, 2.77, 3.3, 2.71, 2.1, 1.52, 1.72, 2.05, 1.83, 2.55, 3.86, 5.22, 5.19, 4.89, 4.753, 4.18, 3.88, 3.53, 3.64, 3.44, 3.05, 3.23, 3.48, 4.22, 4.05, 3.79, 3.61, 3.46, 2.86, 1.83, 1.02, 0, 2.23, 4.11, 5.69, 6.59, 6.26, 6.18, 6.47, 5.77, 5.04, 4.3, 4.12, 4.42, 4.18, 4.04, 4.05, 4.28, 4.1, 4.85, 4.91, 3.81, 4.17, 4.06, 4.02, 4.0, 4.01, 3.1, 3.06, 3.81, 3.77, 3.45, 3.43, 2.87, 2.98, 3.38, 2.83, 2.3, 2.22, 1.8, 1.66, 2.0, 2.43, 2.68, 2.74, 2.44, 2.09, 2.2, 2.01], [2.38, 2.5, 3.4, 4.29, 3.79, 2.9, 2.31, 3.75, 3.9, 3.85, 2.92, 2.85, 2.69, 1.83, 2.06, 3.12, 4.22, 5.49, 6.823, 7.01, 6.86, 6.56, 5.8, 5.231, 4.316, 4.03, 3.65, 3.8, 3.86, 3.35, 3.65, 3.64, 3.16, 2.92, 2.79, 2.35, 1.86, 2.09, 2.23, 0, 2.02, 3.6, 4.74, 4.55, 4.59, 4.7, 4.22, 3.93, 3.17, 2.87, 2.91, 2.95, 2.85, 2.9, 3.07, 2.87, 3.66, 3.68, 3.0, 3.5, 3.45, 3.35, 3.25, 3.24, 2.65, 3.33, 3.92, 3.94, 3.74, 3.62, 3.36, 2.81, 2.65, 2.16, 2.17, 1.91, 1.97, 2.53, 2.55, 2.54, 2.91, 3.05, 2.63, 2.34, 2.31, 2.28], [2.56, 2.0, 2.24, 2.91, 2.89, 2.24, 3.99, 5.51, 5.64, 5.63, 4.76, 4.71, 4.57, 3.63, 3.68, 5.0, 6.12, 7.294, 8.58, 8.807, 8.717, 8.417, 7.688, 7.054, 6.173, 5.803, 5.383, 5.481, 5.56, 5.05, 4.87, 4.64, 3.9, 3.58, 3.59, 3.45, 3.6, 3.95, 4.11, 2.02, 0, 1.8, 2.96, 2.97, 2.91, 2.94, 2.86, 3.01, 2.39, 2.01, 2.17, 2.23, 2.11, 2.14, 2.27, 2.33, 2.58, 2.46, 2.88, 3.52, 3.41, 3.35, 3.25, 3.06, 3.43, 4.83, 5.32, 5.46, 5.4, 5.24, 5.02, 4.13, 3.21, 3.12, 3.65, 3.27, 3.49, 4.05, 3.89, 3.74, 3.93, 3.89, 3.65, 3.6, 3.53, 3.58], [3.68, 2.92, 2.48, 2.51, 2.91, 2.74, 5.61, 7.07, 7.26, 7.248, 6.24, 6.33, 6.19, 5.31, 5.28, 6.6, 7.68, 8.92, 10.203, 10.45, 10.36, 10.06, 9.328, 8.791, 7.901, 7.397, 6.914, 6.995, 7.138, 6.67, 6.45, 6.16, 5.38, 4.88, 5.03, 4.99, 5.34, 5.47, 5.69, 3.6, 1.8, 0, 1.6, 2.31, 2.07, 1.78, 2.24, 2.73, 2.75, 2.71, 2.49, 2.63, 2.69, 2.84, 2.77, 3.01, 2.9, 2.48, 3.54, 4.34, 4.29, 4.47, 4.37, 4.26, 4.85, 6.23, 6.68, 6.82, 6.76, 6.58, 6.38, 5.49, 4.53, 4.48, 5.01, 4.69, 5.11, 5.63, 5.41, 5.26, 5.35, 5.25, 5.09, 5.1, 5.07, 5.1], [4.36, 3.3, 2.32, 2.05, 2.53, 3.56, 6.51, 8.09, 8.18, 8.35, 7.32, 7.25, 7.077, 6.33, 6.28, 7.5, 8.6, 9.863, 11.148, 11.375, 11.265, 10.988, 10.291, 9.834, 8.944, 8.497, 8.057, 8.124, 8.241, 7.79, 7.574, 7.3, 6.5, 6.06, 6.21, 6.09, 6.38, 6.55, 6.59, 4.74, 2.96, 1.6, 0, 1.29, 1.11, 0.92, 1.38, 2.51, 3.35, 3.17, 2.95, 3.13, 3.29, 3.32, 3.21, 3.35, 2.56, 2.66, 4.4, 5.2, 5.07, 5.25, 5.17, 5.14, 5.81, 7.23, 7.72, 7.88, 7.8, 7.62, 7.42, 6.53, 5.57, 5.52, 6.05, 5.67, 6.01, 6.57, 6.37, 6.2, 6.27, 6.19, 6.03, 6.04, 5.99, 6.02], [4.07, 3.03, 1.99, 1.86, 2.28, 3.57, 6.36, 8.06, 8.11, 8.28, 7.19, 7.02, 6.79, 6.12, 6.05, 7.205, 8.323, 9.715, 11.061, 11.185, 10.998, 10.744, 10.061, 9.624, 8.774, 8.347, 8.067, 8.174, 8.291, 7.807, 7.567, 7.33, 6.57, 6.13, 6.28, 6.08, 6.19, 6.24, 6.26, 4.55, 2.97, 2.31, 1.29, 0, 0.98, 1.03, 1.33, 2.28, 3.08, 2.88, 2.58, 2.88, 2.98, 3.11, 2.92, 3.02, 2.09, 2.17, 3.83, 4.63, 4.58, 4.86, 4.82, 4.83, 5.48, 6.84, 7.41, 7.55, 7.47, 7.29, 7.11, 6.22, 5.26, 5.23, 5.72, 5.38, 5.82, 6.32, 6.1, 5.81, 5.92, 5.8, 5.66, 5.69, 5.66, 5.69], [4.07, 3.05, 2.09, 1.94, 2.32, 3.49, 6.2, 7.84, 8.01, 8.2, 7.17, 6.94, 6.675, 6.14, 6.09, 7.168, 8.251, 9.518, 10.864, 11.011, 10.924, 10.724, 10.067, 9.627, 8.777, 8.347, 7.867, 7.974, 8.074, 7.607, 7.404, 7.15, 6.41, 5.99, 6.12, 5.94, 6.17, 6.4, 6.18, 4.59, 2.91, 2.07, 1.11, 0.98, 0, 0.71, 1.03, 1.98, 3.0, 2.74, 2.5, 2.6, 2.76, 2.83, 2.64, 2.8, 1.95, 2.15, 3.93, 4.75, 4.6, 4.8, 4.735, 4.67, 5.42, 6.86, 7.31, 7.41, 7.37, 7.19, 7.01, 6.12, 5.16, 5.11, 5.6, 5.24, 5.62, 6.26, 6.08, 5.81, 5.8, 5.72, 5.58, 5.53, 5.54, 5.57], [4.32, 3.22, 2.28, 1.99, 2.49, 3.56, 6.43, 8.03, 8.18, 8.37, 7.34, 7.19, 6.98, 6.328, 6.26, 7.398, 8.501, 9.783, 11.074, 11.295, 11.194, 10.954, 10.254, 9.834, 8.947, 8.517, 8.037, 8.084, 8.184, 7.757, 7.574, 7.28, 6.52, 6.06, 6.19, 6.11, 6.38, 6.51, 6.47, 4.7, 2.94, 1.78, 0.92, 1.03, 0.71, 0, 1.16, 2.19, 3.13, 2.95, 2.73, 2.89, 3.05, 3.12, 2.97, 3.13, 2.26, 2.46, 4.22, 5.04, 4.93, 5.13, 5.065, 5.0, 5.69, 7.07, 7.44, 7.54, 7.52, 7.32, 7.14, 6.25, 5.29, 5.26, 5.79, 5.45, 5.91, 6.45, 6.23, 6.02, 6.11, 6.01, 5.83, 5.86, 5.83, 5.86], [3.66, 2.76, 2.14, 2.35, 2.51, 3.58, 5.79, 7.43, 7.62, 7.83, 6.94, 6.53, 6.27, 5.73, 5.8, 6.74, 7.821, 9.105, 10.434, 10.598, 10.517, 10.297, 9.657, 9.217, 8.393, 8.109, 7.529, 7.527, 7.607, 7.203, 7.13, 7.0, 6.36, 5.9, 6.05, 5.81, 5.76, 5.95, 5.77, 4.22, 2.86, 2.24, 1.38, 1.33, 1.03, 1.16, 0, 1.29, 2.29, 2.17, 1.89, 2.05, 2.11, 2.26, 2.15, 2.25, 1.54, 1.66, 3.28, 4.14, 4.01, 4.21, 4.148, 4.08, 4.81, 6.176, 6.62, 6.72, 6.68, 6.5, 6.32, 5.43, 4.47, 4.5, 4.91, 4.57, 5.21, 5.75, 5.51, 5.16, 5.13, 5.15, 5.07, 5.06, 5.07, 5.1], [3.09, 2.67, 2.75, 3.06, 3.06, 3.83, 5.42, 6.68, 6.95, 7.32, 6.59, 6.06, 5.46, 5.32, 5.57, 6.07, 6.83, 8.004, 9.45, 9.517, 9.573, 9.436, 8.842, 8.462, 7.755, 7.808, 7.108, 6.99, 6.949, 6.72, 6.92, 6.67, 6.25, 5.93, 5.94, 5.66, 5.37, 5.42, 5.04, 3.93, 3.01, 2.73, 2.51, 2.28, 1.98, 2.19, 1.29, 0, 1.24, 1.36, 1.38, 1.5, 1.52, 1.53, 1.5, 1.62, 1.57, 1.57, 2.13, 3.01, 2.9, 3.08, 3.02, 2.95, 3.694, 5.117, 5.55, 5.67, 5.61, 5.43, 5.25, 4.36, 3.4, 3.39, 3.9, 3.58, 4.14, 4.7, 4.5, 4.09, 4.1, 4.1, 3.94, 3.97, 4.0, 4.03], [2.49, 2.49, 3.11, 3.76, 3.72, 3.49, 4.74, 5.82, 6.15, 6.52, 5.87, 5.36, 4.82, 4.64, 4.95, 5.29, 5.89, 7.079, 8.456, 8.574, 8.639, 8.482, 7.945, 7.562, 6.938, 7.054, 6.331, 6.19, 6.11, 6.0, 6.26, 6.03, 5.67, 5.49, 5.44, 5.1, 4.71, 4.46, 4.3, 3.17, 2.39, 2.75, 3.35, 3.08, 3.0, 3.13, 2.29, 1.24, 0, 0.92, 1.16, 1.38, 1.44, 1.23, 1.32, 1.54, 1.91, 1.89, 1.33, 2.21, 2.2, 2.32, 2.24, 2.15, 2.8, 4.189, 4.63, 4.75, 4.69, 4.51, 4.33, 3.44, 2.52, 2.43, 2.94, 2.7, 3.26, 3.7, 3.46, 3.07, 3.26, 3.18, 3.06, 3.11, 3.08, 3.09], [2.21, 2.07, 2.67, 3.42, 3.34, 3.07, 4.42, 5.76, 5.93, 6.32, 5.55, 5.04, 4.68, 4.34, 4.61, 5.11, 6.005, 7.295, 8.621, 8.788, 8.698, 8.496, 7.876, 7.496, 6.769, 6.811, 6.151, 6.03, 6.046, 5.8, 6.0, 5.77, 5.31, 4.99, 5.02, 4.72, 4.41, 4.18, 4.12, 2.87, 2.01, 2.71, 3.17, 2.88, 2.74, 2.95, 2.17, 1.36, 0.92, 0, 0.92, 1.26, 1.18, 1.11, 1.28, 1.4, 1.69, 1.89, 1.65, 2.53, 2.54, 2.58, 2.54, 2.51, 3.04, 4.355, 4.87, 4.99, 4.93, 4.75, 4.57, 3.68, 2.78, 2.67, 3.18, 2.9, 3.4, 3.94, 3.7, 3.35, 3.48, 3.4, 3.24, 3.29, 3.28, 3.33], [2.37, 2.09, 2.77, 3.4, 3.38, 3.21, 4.52, 6.12, 6.29, 6.56, 5.67, 5.16, 4.88, 4.36, 4.61, 5.37, 6.325, 7.675, 9.021, 9.188, 9.038, 8.804, 8.179, 7.759, 7.049, 6.845, 6.379, 6.326, 6.406, 5.979, 6.04, 5.91, 5.41, 5.17, 5.14, 4.82, 4.41, 4.56, 4.42, 2.91, 2.17, 2.49, 2.95, 2.58, 2.5, 2.73, 1.89, 1.38, 1.16, 0.92, 0, 0.9, 0.98, 0.95, 1.08, 1.36, 1.49, 1.59, 1.81, 2.73, 2.68, 2.88, 2.8, 2.75, 3.4, 4.757, 5.31, 5.41, 5.37, 5.189, 4.992, 4.12, 3.18, 3.11, 3.6, 3.3, 3.78, 4.26, 4.0, 3.69, 3.76, 3.68, 3.54, 3.59, 3.58, 3.63], [2.25, 2.07, 2.87, 3.54, 3.54, 3.11, 4.42, 6.04, 6.17, 6.38, 5.53, 5.04, 4.6, 4.24, 4.39, 5.13, 6.157, 7.438, 8.83, 8.931, 8.87, 8.69, 8.05, 7.63, 6.866, 6.708, 6.248, 6.326, 6.403, 5.908, 5.9, 5.67, 5.19, 5.03, 5.0, 4.62, 4.29, 4.52, 4.18, 2.95, 2.23, 2.63, 3.13, 2.88, 2.6, 2.89, 2.05, 1.5, 1.38, 1.26, 0.9, 0, 0.7, 0.77, 1.0, 1.26, 1.37, 1.51, 1.79, 2.85, 2.54, 2.74, 2.64, 2.63, 3.44, 4.792, 5.349, 5.45, 5.41, 5.226, 5.029, 4.159, 3.199, 3.17, 3.64, 3.28, 3.5, 4.02, 3.86, 3.57, 3.54, 3.38, 3.3, 3.31, 3.34, 3.41], [2.13, 1.89, 2.79, 3.48, 3.4, 2.91, 4.3, 5.9, 5.99, 6.3, 5.55, 4.98, 4.38, 4.08, 4.25, 4.93, 6.014, 7.244, 8.687, 8.697, 8.69, 8.493, 7.853, 7.473, 6.706, 6.525, 6.162, 6.26, 6.303, 5.808, 5.76, 5.51, 5.05, 4.67, 4.72, 4.42, 4.07, 4.52, 4.04, 2.85, 2.11, 2.69, 3.29, 2.98, 2.76, 3.05, 2.11, 1.52, 1.44, 1.18, 0.98, 0.7, 0, 0.65, 0.82, 1.14, 1.29, 1.31, 1.83, 2.81, 2.54, 2.6, 2.5, 2.45, 3.36, 4.649, 5.195, 5.31, 5.27, 5.09, 4.895, 4.005, 3.045, 3.03, 3.52, 3.12, 3.3, 3.88, 3.74, 3.41, 3.4, 3.26, 3.16, 3.13, 3.24, 3.27], [1.88, 1.82, 2.6, 3.35, 3.19, 2.92, 4.27, 5.79, 5.84, 6.17, 5.52, 4.85, 4.25, 4.01, 4.22, 4.86, 6.004, 7.174, 8.477, 8.567, 8.52, 8.363, 7.726, 7.386, 6.696, 6.438, 6.055, 6.18, 6.213, 5.658, 5.69, 5.46, 5.02, 4.8, 4.77, 4.41, 4.02, 4.49, 4.05, 2.9, 2.14, 2.84, 3.32, 3.11, 2.83, 3.12, 2.26, 1.53, 1.23, 1.11, 0.95, 0.77, 0.65, 0, 0.61, 0.97, 1.28, 1.62, 1.8, 2.7, 2.41, 2.49, 2.45, 2.42, 3.33, 4.679, 5.24, 5.34, 5.3, 5.12, 4.925, 4.05, 3.09, 3.04, 3.57, 3.19, 3.29, 3.87, 3.77, 3.46, 3.43, 3.23, 3.15, 3.1, 3.15, 3.2], [2.09, 1.89, 2.59, 3.12, 3.02, 3.03, 4.5, 6.1, 6.07, 6.46, 5.79, 5.12, 4.46, 4.18, 4.23, 5.07, 6.29, 7.464, 8.81, 8.777, 8.75, 8.553, 7.953, 7.613, 6.906, 6.605, 6.339, 6.5, 6.523, 5.916, 5.82, 5.59, 5.05, 4.81, 4.78, 4.44, 4.07, 4.78, 4.28, 3.07, 2.27, 2.77, 3.21, 2.92, 2.64, 2.97, 2.15, 1.5, 1.32, 1.28, 1.08, 1.0, 0.82, 0.61, 0, 0.56, 1.03, 1.25, 1.85, 2.67, 2.44, 2.54, 2.503, 2.57, 3.548, 4.943, 5.51, 5.63, 5.57, 5.39, 5.195, 4.32, 3.36, 3.31, 3.9, 3.52, 3.56, 4.14, 4.04, 3.75, 3.66, 3.46, 3.4, 3.33, 3.36, 3.43], [2.33, 2.23, 2.83, 3.24, 3.2, 3.29, 4.32, 5.94, 5.95, 6.3, 5.59, 4.96, 4.3, 3.98, 4.13, 4.95, 6.13, 7.284, 8.67, 8.64, 8.61, 8.433, 7.833, 7.493, 6.766, 6.405, 6.139, 6.34, 6.36, 5.76, 5.66, 5.43, 4.97, 4.77, 4.72, 4.36, 3.99, 4.62, 4.1, 2.87, 2.33, 3.01, 3.35, 3.02, 2.8, 3.13, 2.25, 1.62, 1.54, 1.4, 1.36, 1.26, 1.14, 0.97, 0.56, 0, 1.11, 1.39, 1.69, 2.47, 2.24, 2.44, 2.36, 2.45, 3.348, 4.743, 5.31, 5.43, 5.37, 5.19, 4.995, 4.12, 3.16, 3.15, 3.68, 3.3, 3.42, 3.96, 3.86, 3.55, 3.46, 3.32, 3.26, 3.15, 3.2, 3.25], [2.72, 2.04, 2.38, 2.61, 2.69, 3.24, 5.13, 6.77, 6.84, 7.17, 6.36, 5.77, 5.15, 4.75, 4.84, 5.68, 6.867, 8.191, 9.6, 9.544, 9.44, 9.26, 8.66, 8.223, 7.536, 7.249, 7.029, 7.17, 7.19, 6.666, 6.509, 6.3, 5.68, 5.2, 5.35, 5.09, 4.78, 5.35, 4.85, 3.66, 2.58, 2.9, 2.56, 2.09, 1.95, 2.26, 1.54, 1.57, 1.91, 1.69, 1.49, 1.37, 1.29, 1.28, 1.03, 1.11, 0, 1.02, 2.52, 3.38, 3.11, 3.29, 3.25, 3.3, 4.289, 5.69, 6.256, 6.36, 6.32, 6.133, 5.936, 5.066, 4.11, 4.08, 4.57, 4.19, 4.25, 4.75, 4.67, 4.38, 4.27, 4.05, 3.95, 3.98, 4.03, 4.08], [2.7, 2.02, 2.38, 2.89, 2.95, 3.1, 5.29, 6.97, 6.98, 7.31, 6.4, 5.95, 5.25, 4.85, 4.82, 5.76, 6.944, 8.354, 9.797, 9.667, 9.56, 9.38, 8.8, 8.32, 7.61, 7.243, 7.123, 7.307, 7.387, 6.82, 6.58, 6.28, 5.62, 5.16, 5.29, 5.05, 4.94, 5.37, 4.91, 3.68, 2.46, 2.48, 2.66, 2.17, 2.15, 2.46, 1.66, 1.57, 1.89, 1.89, 1.59, 1.51, 1.31, 1.62, 1.25, 1.39, 1.02, 0, 2.3, 3.18, 2.97, 3.11, 3.11, 3.2, 4.149, 5.532, 6.076, 6.2, 6.153, 5.973, 5.776, 4.886, 3.926, 4.02, 4.49, 4.07, 4.33, 4.77, 4.65, 4.32, 4.15, 3.97, 3.83, 4.06, 4.05, 4.12], [2.82, 3.04, 3.74, 4.53, 4.53, 4.06, 4.63, 5.65, 5.94, 6.29, 5.68, 5.07, 4.35, 4.31, 4.68, 4.8, 5.2, 6.53, 8.009, 7.939, 7.995, 7.895, 7.418, 6.998, 6.591, 6.784, 6.241, 6.14, 6.0, 5.949, 6.25, 6.14, 5.76, 5.6, 5.53, 5.11, 4.44, 4.17, 3.81, 3.0, 2.88, 3.54, 4.4, 3.83, 3.93, 4.22, 3.28, 2.13, 1.33, 1.65, 1.81, 1.79, 1.83, 1.8, 1.85, 1.69, 2.52, 2.3, 0, 1.18, 1.27, 1.63, 1.45, 1.56, 2.01, 3.355, 3.919, 4.02, 3.976, 3.796, 3.599, 2.73, 2.01, 1.9, 2.37, 2.23, 2.63, 2.91, 2.73, 2.36, 2.43, 2.31, 2.21, 2.32, 2.19, 2.28], [3.54, 3.78, 4.4, 5.15, 5.03, 4.64, 5.05, 5.87, 6.2, 6.61, 6.12, 5.51, 4.83, 4.79, 5.2, 5.12, 5.38, 6.57, 7.838, 7.811, 8.024, 7.981, 7.564, 7.186, 6.796, 7.086, 6.526, 6.38, 6.22, 6.37, 6.73, 6.64, 6.22, 6.06, 5.97, 5.53, 4.84, 4.51, 4.17, 3.5, 3.52, 4.34, 5.2, 4.63, 4.75, 5.04, 4.14, 3.01, 2.21, 2.53, 2.73, 2.85, 2.81, 2.7, 2.67, 2.47, 3.38, 3.18, 1.18, 0, 0.99, 1.27, 1.23, 1.18, 1.43, 2.41, 2.94, 3.02, 2.98, 2.82, 2.72, 1.97, 1.83, 2.02, 2.43, 2.39, 2.71, 2.97, 2.63, 2.26, 2.47, 2.49, 2.41, 2.58, 2.41, 2.48], [2.97, 3.25, 4.03, 4.66, 4.56, 4.21, 4.72, 5.76, 5.95, 6.32, 5.91, 5.18, 4.5, 4.46, 4.81, 4.85, 5.39, 6.62, 7.945, 7.895, 8.045, 7.948, 7.488, 7.068, 6.621, 6.796, 6.296, 6.29, 6.13, 5.98, 6.3, 6.17, 5.81, 5.65, 5.62, 5.16, 4.51, 4.44, 4.06, 3.45, 3.41, 4.29, 5.07, 4.58, 4.6, 4.93, 4.01, 2.9, 2.2, 2.54, 2.68, 2.54, 2.54, 2.41, 2.44, 2.24, 3.11, 2.97, 1.27, 0.99, 0, 0.8, 0.8, 0.91, 1.8, 2.78, 3.33, 3.45, 3.41, 3.17, 3.09, 2.3, 1.84, 2.15, 2.62, 2.58, 2.86, 3.16, 3.08, 2.77, 2.8, 2.68, 2.68, 2.67, 2.54, 2.63], [2.77, 3.11, 4.03, 4.72, 4.48, 4.01, 4.52, 5.62, 5.77, 6.28, 5.85, 5.12, 4.34, 4.3, 4.51, 4.73, 5.29, 6.48, 7.768, 7.638, 7.928, 7.808, 7.428, 6.951, 6.481, 6.614, 6.231, 6.23, 6.05, 5.86, 6.12, 5.83, 5.47, 5.27, 5.26, 4.8, 4.33, 4.5, 4.02, 3.35, 3.35, 4.47, 5.25, 4.86, 4.8, 5.13, 4.21, 3.08, 2.32, 2.58, 2.88, 2.74, 2.6, 2.49, 2.54, 2.44, 3.29, 3.11, 1.63, 1.27, 0.8, 0, 0.52, 0.71, 1.72, 2.68, 3.25, 3.33, 3.27, 3.01, 2.95, 2.26, 1.76, 2.07, 2.56, 2.52, 2.7, 3.06, 3.02, 2.71, 2.62, 2.52, 2.58, 2.69, 2.52, 2.61], [2.79, 3.11, 4.11, 4.76, 4.48, 4.05, 4.5, 5.5, 5.69, 6.2, 5.77, 5.06, 4.3, 4.22, 4.55, 4.71, 5.27, 6.4, 7.78, 7.63, 7.905, 7.8, 7.38, 6.92, 6.43, 6.58, 6.14, 6.11, 5.93, 5.82, 6.0, 5.75, 5.47, 5.27, 5.26, 4.82, 4.27, 4.42, 4.0, 3.25, 3.25, 4.37, 5.17, 4.82, 4.735, 5.065, 4.148, 3.02, 2.24, 2.54, 2.8, 2.64, 2.5, 2.45, 2.503, 2.36, 3.25, 3.11, 1.45, 1.23, 0.8, 0.52, 0, 0.57, 1.6, 2.7, 3.23, 3.37, 3.31, 3.07, 2.85, 2.18, 1.68, 2.01, 2.5, 2.48, 2.72, 3.12, 3.04, 2.75, 2.6, 2.54, 2.56, 2.67, 2.52, 2.63], [2.8, 3.1, 4.1, 4.79, 4.47, 3.94, 4.43, 5.39, 5.68, 6.19, 5.76, 5.05, 4.35, 4.29, 4.62, 4.78, 5.18, 6.29, 7.63, 7.588, 7.858, 7.79, 7.33, 6.91, 6.42, 6.65, 6.05, 6.02, 5.8, 5.79, 5.97, 5.76, 5.44, 5.22, 5.17, 4.83, 4.34, 4.41, 4.01, 3.24, 3.06, 4.26, 5.14, 4.83, 4.67, 5.0, 4.08, 2.95, 2.15, 2.51, 2.75, 2.63, 2.45, 2.42, 2.57, 2.45, 3.3, 3.2, 1.56, 1.18, 0.91, 0.71, 0.57, 0, 1.45, 2.59, 3.1, 3.24, 3.2, 2.98, 2.74, 2.01, 1.77, 1.94, 2.41, 2.33, 2.63, 2.97, 2.89, 2.56, 2.49, 2.53, 2.51, 2.56, 2.41, 2.5], [3.33, 3.65, 4.77, 5.54, 5.22, 4.47, 3.94, 4.6, 4.99, 5.42, 4.97, 4.42, 3.8, 3.82, 4.29, 3.99, 4.29, 5.4, 6.72, 6.718, 6.988, 6.908, 6.471, 6.074, 5.649, 5.98, 5.22, 4.95, 4.83, 5.16, 5.74, 5.67, 5.25, 5.07, 4.96, 4.5, 3.79, 3.32, 3.1, 2.65, 3.43, 4.85, 5.81, 5.48, 5.42, 5.69, 4.81, 3.694, 2.8, 3.04, 3.4, 3.44, 3.36, 3.33, 3.548, 3.348, 4.289, 4.149, 2.01, 1.43, 1.8, 1.72, 1.6, 1.45, 0, 1.54, 2.15, 2.19, 2.13, 1.95, 1.73, 1.06, 1.3, 1.21, 1.3, 1.26, 1.82, 2.18, 2.16, 1.73, 1.92, 2.14, 1.9, 1.83, 1.58, 1.65], [4.55, 4.95, 6.21, 7.02, 6.64, 5.69, 4.36, 4.78, 5.01, 5.64, 5.13, 4.6, 4.02, 4.18, 4.61, 4.27, 4.03, 5.18, 6.16, 6.31, 6.659, 6.54, 6.12, 5.92, 5.81, 6.18, 5.58, 5.09, 5.03, 5.58, 6.36, 6.27, 5.95, 5.75, 5.54, 5.0, 4.05, 3.2, 3.06, 3.33, 4.83, 6.23, 7.23, 6.84, 6.86, 7.07, 6.176, 5.117, 4.189, 4.355, 4.757, 4.792, 4.649, 4.679, 4.943, 4.743, 5.69, 5.532, 3.355, 2.41, 2.78, 2.68, 2.7, 2.59, 1.54, 0, 1.03, 1.11, 1.61, 1.57, 1.01, 1.0, 2.0, 2.11, 1.58, 1.82, 1.88, 2.14, 2.0, 1.77, 2.06, 2.48, 2.38, 2.25, 2.18, 2.19], [5.18, 5.54, 6.76, 7.65, 7.27, 6.32, 5.09, 5.55, 5.82, 6.49, 5.98, 5.43, 4.89, 4.99, 5.42, 5.08, 4.82, 5.99, 6.89, 7.08, 7.37, 7.29, 6.93, 6.71, 6.64, 7.05, 6.31, 5.82, 5.76, 6.29, 6.99, 6.9, 6.54, 6.34, 6.17, 5.71, 4.86, 4.01, 3.81, 3.92, 5.32, 6.68, 7.72, 7.41, 7.31, 7.44, 6.62, 5.55, 4.63, 4.87, 5.31, 5.349, 5.195, 5.24, 5.51, 5.31, 6.256, 6.076, 3.919, 2.94, 3.33, 3.25, 3.23, 3.1, 2.15, 1.03, 0, 0.74, 1.44, 1.48, 1.3, 1.43, 2.21, 2.42, 2.07, 2.31, 2.65, 2.93, 2.73, 2.52, 2.63, 2.95, 2.93, 2.78, 2.75, 2.88], [5.08, 5.5, 6.78, 7.59, 7.17, 6.16, 4.93, 5.39, 5.68, 6.33, 5.82, 5.29, 4.69, 4.83, 5.24, 4.88, 4.74, 5.91, 6.889, 7.04, 7.409, 7.309, 6.89, 6.65, 6.48, 6.87, 6.13, 5.64, 5.58, 6.11, 6.93, 6.8, 6.52, 6.32, 6.11, 5.57, 4.68, 3.95, 3.77, 3.94, 5.46, 6.82, 7.88, 7.55, 7.41, 7.54, 6.72, 5.67, 4.75, 4.99, 5.41, 5.45, 5.31, 5.34, 5.63, 5.43, 6.36, 6.2, 4.02, 3.02, 3.45, 3.33, 3.37, 3.24, 2.19, 1.11, 0.74, 0, 1.06, 1.1, 1.2, 1.45, 2.35, 2.52, 2.13, 2.35, 2.63, 2.93, 2.77, 2.46, 2.85, 3.23, 3.07, 2.96, 2.75, 2.66], [4.78, 5.44, 6.74, 7.53, 7.05, 5.68, 4.39, 4.87, 5.22, 5.81, 5.3, 4.79, 4.23, 4.41, 4.72, 4.36, 4.44, 5.55, 6.718, 6.791, 7.084, 7.004, 6.624, 6.246, 5.96, 6.35, 5.59, 5.12, 5.06, 5.57, 6.31, 6.22, 5.88, 5.72, 5.51, 5.05, 4.22, 3.59, 3.45, 3.74, 5.4, 6.76, 7.8, 7.47, 7.37, 7.52, 6.68, 5.61, 4.69, 4.93, 5.37, 5.41, 5.27, 5.3, 5.57, 5.37, 6.32, 6.153, 3.976, 2.98, 3.41, 3.27, 3.31, 3.2, 2.13, 1.61, 1.44, 1.06, 0, 0.56, 1.04, 1.51, 2.39, 2.4, 2.07, 2.27, 2.75, 3.03, 2.89, 2.74, 3.21, 3.55, 3.23, 3.1, 2.91, 2.84], [4.5, 5.16, 6.52, 7.25, 6.79, 5.44, 4.31, 4.79, 5.18, 5.71, 5.22, 4.69, 4.11, 4.33, 4.68, 4.26, 4.4, 5.51, 6.641, 6.734, 7.046, 6.966, 6.584, 6.246, 5.86, 6.25, 5.51, 5.08, 5.02, 5.49, 6.25, 6.14, 5.82, 5.66, 5.47, 4.97, 4.16, 3.57, 3.43, 3.62, 5.24, 6.58, 7.62, 7.29, 7.19, 7.32, 6.5, 5.43, 4.51, 4.75, 5.189, 5.226, 5.09, 5.12, 5.39, 5.19, 6.133, 5.973, 3.796, 2.82, 3.17, 3.01, 3.07, 2.98, 1.95, 1.57, 1.48, 1.1, 0.56, 0, 0.96, 1.39, 2.11, 2.2, 2.01, 2.09, 2.79, 3.03, 2.93, 2.62, 3.11, 3.39, 3.11, 3.02, 2.83, 2.76], [4.44, 5.08, 6.4, 7.17, 6.77, 5.44, 3.93, 4.41, 4.74, 5.31, 4.84, 4.29, 3.69, 3.81, 4.22, 3.88, 3.98, 5.01, 6.17, 6.256, 6.586, 6.51, 6.11, 5.79, 5.48, 5.85, 5.11, 4.68, 4.6, 5.13, 5.91, 5.78, 5.54, 5.32, 5.11, 4.57, 3.7, 3.05, 2.87, 3.36, 5.02, 6.38, 7.42, 7.11, 7.01, 7.14, 6.32, 5.25, 4.33, 4.57, 4.992, 5.029, 4.895, 4.925, 5.195, 4.995, 5.936, 5.776, 3.599, 2.72, 3.09, 2.95, 2.85, 2.74, 1.73, 1.01, 1.3, 1.2, 1.04, 0.96, 0, 0.99, 2.03, 2.02, 1.51, 1.85, 2.23, 2.41, 2.23, 2.18, 2.71, 3.11, 2.83, 2.72, 2.59, 2.46], [4.13, 4.47, 5.61, 6.48, 6.14, 5.25, 4.02, 4.54, 4.91, 5.44, 4.97, 4.42, 3.82, 3.88, 4.33, 3.97, 4.21, 5.36, 6.605, 6.641, 6.908, 6.851, 6.431, 6.031, 5.61, 5.98, 5.22, 4.81, 4.75, 5.2, 5.98, 5.87, 5.55, 5.35, 5.14, 4.64, 3.77, 3.16, 2.98, 2.81, 4.13, 5.49, 6.53, 6.22, 6.12, 6.25, 5.43, 4.36, 3.44, 3.68, 4.12, 4.159, 4.005, 4.05, 4.32, 4.12, 5.066, 4.886, 2.73, 1.97, 2.3, 2.26, 2.18, 2.01, 1.06, 1.0, 1.43, 1.45, 1.51, 1.39, 0.99, 0, 1.28, 1.31, 1.04, 1.2, 1.7, 2.04, 1.94, 1.79, 2.2, 2.52, 2.2, 2.15, 2.06, 1.97], [3.47, 3.77, 4.77, 5.6, 5.42, 4.57, 4.02, 4.96, 5.29, 5.66, 5.05, 4.52, 3.9, 3.94, 4.39, 4.43, 4.89, 6.059, 7.482, 7.472, 7.702, 7.602, 7.065, 6.682, 6.09, 6.18, 5.48, 5.27, 5.17, 5.22, 5.92, 5.83, 5.43, 5.25, 5.12, 4.64, 3.91, 3.56, 3.38, 2.65, 3.21, 4.53, 5.57, 5.26, 5.16, 5.29, 4.47, 3.4, 2.52, 2.78, 3.18, 3.199, 3.045, 3.09, 3.36, 3.16, 4.11, 3.926, 2.01, 1.83, 1.84, 1.76, 1.68, 1.77, 1.3, 2.0, 2.21, 2.35, 2.39, 2.11, 2.03, 1.28, 0, 1.03, 1.42, 1.5, 2.34, 2.74, 2.66, 2.39, 2.7, 2.7, 2.54, 2.41, 2.34, 2.43], [3.06, 3.44, 4.6, 5.45, 5.19, 4.18, 3.51, 4.33, 4.72, 5.09, 4.6, 4.03, 3.43, 3.41, 3.86, 3.78, 4.26, 5.429, 6.889, 6.899, 7.072, 6.972, 6.435, 6.052, 5.471, 5.686, 4.886, 4.68, 4.54, 4.67, 5.25, 5.16, 4.76, 4.64, 4.51, 4.07, 3.46, 3.01, 2.83, 2.16, 3.12, 4.48, 5.52, 5.23, 5.11, 5.26, 4.5, 3.39, 2.43, 2.67, 3.11, 3.17, 3.03, 3.04, 3.31, 3.15, 4.08, 4.02, 1.9, 2.02, 2.15, 2.07, 2.01, 1.94, 1.21, 2.11, 2.42, 2.52, 2.4, 2.2, 2.02, 1.31, 1.03, 0, 0.91, 1.09, 1.95, 2.39, 2.33, 2.1, 2.43, 2.53, 2.23, 2.1, 2.05, 2.08], [3.37, 3.77, 5.01, 5.88, 5.52, 4.47, 3.16, 3.82, 4.21, 4.64, 4.17, 3.62, 3.04, 3.08, 3.55, 3.27, 3.67, 4.86, 6.222, 6.232, 6.465, 6.365, 5.868, 5.465, 4.95, 5.2, 4.4, 4.15, 4.01, 4.36, 5.06, 4.97, 4.65, 4.49, 4.3, 3.8, 3.01, 2.48, 2.3, 2.17, 3.65, 5.01, 6.05, 5.72, 5.6, 5.79, 4.91, 3.9, 2.94, 3.18, 3.6, 3.64, 3.52, 3.57, 3.9, 3.68, 4.57, 4.49, 2.37, 2.43, 2.62, 2.56, 2.5, 2.41, 1.3, 1.58, 2.07, 2.13, 2.07, 2.01, 1.51, 1.04, 1.42, 0.91, 0, 0.78, 1.4, 1.76, 1.74, 1.71, 2.14, 2.42, 2.08, 1.87, 1.76, 1.75], [3.19, 3.55, 4.67, 5.56, 5.24, 4.29, 3.22, 3.78, 4.13, 4.68, 4.19, 3.64, 3.1, 3.12, 3.57, 3.25, 3.59, 4.84, 6.21, 6.297, 6.342, 6.222, 5.731, 5.331, 4.89, 5.22, 4.44, 4.11, 3.93, 4.42, 5.16, 5.05, 4.71, 4.51, 4.34, 3.84, 3.01, 2.46, 2.22, 1.91, 3.27, 4.69, 5.67, 5.38, 5.24, 5.45, 4.57, 3.58, 2.7, 2.9, 3.3, 3.28, 3.12, 3.19, 3.52, 3.3, 4.19, 4.07, 2.23, 2.39, 2.58, 2.52, 2.48, 2.33, 1.26, 1.82, 2.31, 2.35, 2.27, 2.09, 1.85, 1.2, 1.5, 1.09, 0.78, 0, 1.06, 1.76, 1.76, 1.59, 1.82, 2.02, 1.6, 1.45, 1.38, 1.37], [3.05, 3.41, 4.59, 5.46, 5.06, 4.21, 3.02, 3.52, 3.69, 4.38, 4.01, 3.34, 2.72, 2.68, 3.09, 2.83, 2.91, 4.2, 5.499, 5.457, 5.585, 5.485, 4.991, 4.576, 4.35, 4.74, 4.28, 3.95, 3.87, 4.26, 4.96, 4.81, 4.51, 4.29, 4.1, 3.56, 2.55, 2.32, 1.8, 1.97, 3.49, 5.11, 6.01, 5.82, 5.62, 5.91