[[0, 1.46, 2.09, 2.72, 3.29, 2.34, 3.08, 3.09, 2.91, 3.21, 3.29, 4.06, 4.896, 4.976, 5.17, 5.406, 5.59, 5.6, 5.56, 4.94, 5.03, 4.99, 5.31, 5.62, 5.3, 5.53, 6.28, 6.17, 5.63, 5.41, 5.41, 5.7, 5.85, 7.02, 9.082, 10.269, 10.13, 9.84, 9.42, 8.18, 6.65, 6.38, 6.34, 6.68, 7.2, 7.84, 9.17, 9.53, 9.79, 9.69, 10.295, 10.26, 10.57, 11.323, 11.713, 12.253, 12.453, 12.832, 13.921, 14.721, 14.308, 13.086, 12.25, 12.495, 12.559, 12.199, 11.996, 11.749, 11.092, 10.941, 10.896, 9.712, 8.284, 9.394, 11.007, 11.727, 12.564, 12.779, 12.902, 12.269, 10.18, 10.15, 10.61, 10.63, 11.32, 12.24], [1.46, 0, 0.95, 1.64, 2.13, 2.18, 3.5, 3.95, 3.27, 3.95, 4.23, 5.26, 6.099, 6.176, 6.356, 6.586, 6.79, 6.7, 6.66, 6.08, 6.27, 6.13, 6.45, 6.82, 6.5, 6.69, 7.52, 7.41, 6.81, 6.45, 6.31, 6.64, 6.95, 8.138, 10.282, 11.492, 11.33, 11.04, 10.62, 9.42, 7.79, 7.6, 7.56, 7.9, 8.42, 9.04, 10.43, 10.71, 10.93, 10.89, 11.512, 11.503, 11.783, 12.492, 12.882, 13.433, 13.656, 14.075, 15.039, 15.85, 15.437, 14.204, 13.325, 13.616, 13.697, 13.33, 13.073, 12.823, 12.217, 12.064, 12.007, 10.812, 9.473, 10.483, 12.09, 12.913, 13.744, 13.955, 14.013, 13.38, 11.38, 11.35, 11.79, 11.83, 12.56, 13.46], [2.09, 0.95, 0, 0.91, 1.54, 2.11, 3.87, 4.58, 3.9, 4.54, 4.88, 5.91, 6.749, 6.809, 6.989, 7.239, 7.42, 7.33, 7.31, 6.71, 6.86, 6.76, 7.06, 7.45, 7.09, 7.3, 8.13, 8.02, 7.5, 6.76, 6.62, 7.05, 7.54, 8.759, 10.915, 12.142, 11.98, 11.69, 11.27, 10.07, 8.38, 8.19, 8.19, 8.55, 9.07, 9.69, 10.94, 11.2, 11.4, 11.489, 12.159, 12.061, 12.398, 13.108, 13.495, 14.066, 14.306, 14.625, 15.729, 16.631, 16.183, 14.948, 14.054, 14.359, 14.444, 14.077, 13.809, 13.562, 12.964, 12.828, 12.774, 11.564, 10.126, 11.162, 12.734, 13.537, 14.417, 14.657, 14.78, 14.147, 12.07, 12.04, 12.46, 12.508, 13.19, 14.13], [2.72, 1.64, 0.91, 0, 1.01, 2.2, 4.22, 5.17, 4.39, 5.05, 5.31, 6.5, 7.253, 7.353, 7.573, 7.906, 8.05, 8.1, 8.08, 7.48, 7.49, 7.25, 7.53, 7.9, 7.5, 7.71, 8.54, 8.47, 8.11, 7.19, 6.91, 7.5, 7.99, 9.246, 11.439, 12.609, 12.49, 12.2, 11.74, 10.5, 8.83, 8.6, 8.6, 9.0, 9.54, 10.22, 11.33, 11.65, 11.83, 11.936, 12.626, 12.502, 12.842, 13.747, 14.097, 14.75, 14.933, 15.229, 16.509, 17.406, 16.984, 15.749, 14.867, 15.16, 15.233, 14.901, 14.593, 14.371, 13.788, 13.638, 13.604, 12.394, 10.91, 11.98, 13.559, 14.344, 15.247, 15.487, 15.61, 14.977, 12.9, 12.87, 13.278, 13.338, 14.008, 14.948], [3.29, 2.13, 1.54, 1.01, 0, 2.49, 4.69, 5.64, 4.84, 5.48, 5.84, 7.07, 7.74, 7.88, 8.1, 8.459, 8.597, 8.65, 8.63, 8.03, 8.04, 7.74, 7.94, 8.33, 7.95, 8.12, 8.97, 9.0, 8.62, 7.6, 7.38, 7.87, 8.44, 9.742, 11.846, 13.042, 12.917, 12.61, 12.13, 10.89, 9.2, 9.03, 9.01, 9.39, 9.89, 10.65, 11.82, 12.06, 12.255, 12.349, 13.019, 12.927, 13.264, 14.273, 14.578, 15.261, 15.393, 15.688, 17.019, 17.924, 17.5, 16.25, 15.42, 15.679, 15.746, 15.417, 15.129, 14.901, 14.304, 14.154, 14.12, 12.91, 11.44, 12.539, 14.112, 14.834, 15.743, 15.98, 16.126, 15.493, 13.39, 13.36, 13.771, 13.831, 14.524, 15.464], [2.34, 2.18, 2.11, 2.2, 2.49, 0, 3.2, 4.45, 3.63, 4.09, 4.507, 5.743, 6.453, 6.613, 6.833, 7.24, 7.27, 7.437, 7.417, 6.8, 6.81, 6.49, 6.57, 6.88, 6.32, 6.59, 7.36, 7.61, 7.41, 5.87, 5.27, 6.18, 6.979, 8.363, 10.442, 11.514, 11.382, 11.08, 10.572, 9.252, 7.504, 7.22, 7.3, 7.82, 8.38, 9.24, 9.93, 10.453, 10.542, 10.759, 11.409, 11.339, 11.645, 12.931, 13.244, 13.978, 14.118, 14.323, 15.78, 16.699, 16.269, 14.999, 14.178, 14.451, 14.515, 14.207, 13.875, 13.666, 13.094, 12.944, 12.907, 11.697, 10.213, 11.303, 12.896, 13.636, 14.547, 14.787, 14.913, 14.28, 12.2, 12.17, 12.578, 12.638, 13.311, 14.251], [3.08, 3.5, 3.87, 4.22, 4.69, 3.2, 0, 1.41, 0.95, 1.35, 1.53, 2.66, 3.327, 3.464, 3.684, 4.049, 4.159, 4.24, 4.22, 3.6, 3.63, 3.31, 3.49, 3.94, 3.48, 3.73, 4.54, 4.55, 4.27, 3.09, 2.85, 3.36, 4.05, 5.32, 7.473, 8.62, 8.504, 8.18, 7.7, 6.44, 4.73, 4.5, 4.5, 4.94, 5.48, 6.28, 7.25, 7.57, 7.719, 7.893, 8.583, 8.465, 8.797, 9.869, 10.179, 10.842, 10.991, 11.33, 12.635, 13.532, 13.107, 11.852, 10.993, 11.283, 11.35, 11.027, 10.73, 10.494, 9.914, 9.781, 9.744, 8.534, 7.09, 8.2, 9.77, 10.55, 11.441, 11.681, 11.75, 11.137, 9.08, 9.07, 9.45, 9.51, 10.18, 11.12], [3.09, 3.95, 4.58, 5.17, 5.64, 4.45, 1.41, 0, 0.92, 0.98, 1.0, 1.79, 2.42, 2.44, 2.66, 2.93, 3.04, 3.11, 3.05, 2.47, 2.5, 2.4, 2.66, 3.09, 2.89, 3.14, 3.87, 3.72, 3.18, 2.88, 2.98, 3.15, 3.36, 4.43, 6.518, 7.685, 7.54, 7.23, 6.85, 5.65, 4.18, 3.95, 3.85, 4.17, 4.63, 5.27, 6.7, 7.04, 7.28, 7.2, 7.725, 7.718, 8.02, 8.79, 9.107, 9.697, 9.863, 10.239, 11.4, 12.296, 11.875, 10.639, 9.792, 10.05, 10.123, 9.783, 9.506, 9.276, 8.67, 8.537, 8.52, 7.31, 5.88, 7.03, 8.62, 9.28, 10.149, 10.4, 10.506, 9.893, 7.79, 7.78, 8.14, 8.2, 8.89, 9.83], [2.91, 3.27, 3.9, 4.39, 4.84, 3.63, 0.95, 0.92, 0, 0.9, 1.28, 2.53, 3.14, 3.26, 3.474, 3.762, 3.912, 3.95, 3.93, 3.33, 3.36, 3.1, 3.42, 3.81, 3.57, 3.78, 4.57, 4.46, 4.02, 3.44, 3.32, 3.65, 4.0, 5.19, 7.309, 8.439, 8.32, 8.03, 7.59, 6.35, 4.82, 4.59, 4.53, 4.87, 5.37, 6.07, 7.38, 7.68, 7.92, 7.86, 8.462, 8.416, 8.718, 9.664, 9.961, 10.569, 10.734, 11.094, 12.294, 13.162, 12.741, 11.497, 10.658, 10.916, 11.003, 10.643, 10.406, 10.156, 9.542, 9.397, 9.36, 8.17, 6.74, 7.93, 9.52, 10.14, 11.02, 11.223, 11.386, 10.77, 8.63, 8.62, 9.0, 9.04, 9.77, 10.69], [3.21, 3.95, 4.54, 5.05, 5.48, 4.09, 1.35, 0.98, 0.9, 0, 0.82, 1.85, 2.48, 2.58, 2.78, 3.173, 3.22, 3.37, 3.35, 2.75, 2.76, 2.56, 2.7, 3.05, 2.89, 3.1, 3.87, 3.86, 3.56, 2.82, 2.78, 3.05, 3.34, 4.47, 6.48, 7.65, 7.46, 7.19, 6.83, 5.63, 4.14, 3.87, 3.83, 4.19, 4.61, 5.25, 6.66, 6.96, 7.2, 7.14, 7.688, 7.696, 7.998, 8.882, 9.212, 9.98, 10.094, 10.308, 11.713, 12.627, 12.197, 10.938, 10.105, 10.378, 10.442, 10.14, 9.823, 9.593, 9.047, 8.914, 8.88, 7.67, 6.26, 7.41, 8.96, 9.66, 10.557, 10.797, 10.903, 10.29, 8.21, 8.2, 8.54, 8.6, 9.27, 10.21], [3.29, 4.23, 4.88, 5.31, 5.84, 4.507, 1.53, 1.0, 1.28, 0.82, 0, 1.39, 2.06, 2.18, 2.44, 2.77, 2.84, 3.03, 2.97, 2.37, 2.44, 2.26, 2.42, 2.83, 2.57, 2.84, 3.51, 3.48, 3.1, 2.62, 2.66, 2.79, 3.04, 4.13, 6.22, 7.37, 7.22, 6.99, 6.59, 5.29, 3.82, 3.53, 3.49, 3.85, 4.33, 5.03, 6.34, 6.68, 6.9, 6.88, 7.39, 7.38, 7.7, 8.584, 8.92, 9.6, 9.758, 10.094, 11.342, 12.227, 11.805, 10.565, 9.705, 9.981, 10.063, 9.74, 9.42, 9.21, 8.647, 8.514, 8.48, 7.27, 5.9, 6.99, 8.56, 9.34, 10.225, 10.48, 10.503, 9.89, 7.89, 7.88, 8.22, 8.28, 8.95, 9.89], [4.06, 5.26, 5.91, 6.5, 7.07, 5.743, 2.66, 1.79, 2.53, 1.85, 1.39, 0, 1.11, 1.15, 1.43, 1.76, 1.83, 2.12, 2.06, 1.44, 1.59, 1.79, 1.91, 2.28, 1.98, 2.27, 2.72, 2.71, 2.35, 2.43, 2.43, 2.26, 2.31, 3.4, 5.19, 6.34, 6.13, 6.02, 5.66, 4.46, 3.07, 2.64, 2.72, 3.02, 3.4, 3.94, 5.51, 5.91, 6.17, 6.09, 6.36, 6.51, 6.95, 7.52, 7.99, 8.71, 8.853, 9.189, 10.366, 11.233, 10.801, 9.562, 8.612, 9.007, 9.035, 8.772, 8.432, 8.202, 7.679, 7.526, 7.51, 6.3, 4.97, 5.98, 7.59, 8.39, 9.29, 9.53, 9.555, 8.92, 6.96, 6.95, 7.29, 7.35, 8.02, 8.96], [4.896, 6.099, 6.749, 7.253, 7.74, 6.453, 3.327, 2.42, 3.14, 2.48, 2.06, 1.11, 0, 0.62, 0.86, 1.23, 1.36, 1.83, 1.73, 1.19, 1.26, 1.44, 1.54, 1.89, 1.69, 1.96, 2.29, 2.14, 2.04, 2.46, 2.3, 2.11, 2.08, 2.81, 4.34, 5.43, 5.36, 5.27, 4.97, 3.71, 2.58, 2.25, 2.25, 2.53, 2.77, 3.31, 4.8, 5.34, 5.56, 5.46, 5.71, 5.86, 6.28, 6.87, 7.26, 7.98, 8.06, 8.431, 9.587, 10.435, 10.011, 8.761, 7.831, 8.192, 8.279, 7.985, 7.645, 7.415, 6.89, 6.779, 6.76, 5.59, 4.34, 5.35, 6.96, 7.7, 8.58, 8.82, 8.86, 8.23, 6.31, 6.26, 6.6, 6.66, 7.35, 8.27], [4.976, 6.176, 6.809, 7.353, 7.88, 6.613, 3.464, 2.44, 3.26, 2.58, 2.18, 1.15, 0.62, 0, 0.68, 1.07, 1.2, 1.61, 1.49, 1.09, 1.06, 1.3, 1.42, 1.73, 1.51, 1.84, 2.13, 2.04, 1.86, 2.38, 2.32, 1.97, 1.88, 2.69, 4.28, 5.43, 5.22, 5.17, 4.83, 3.65, 2.56, 2.09, 2.13, 2.39, 2.65, 3.13, 4.7, 5.16, 5.34, 5.26, 5.49, 5.64, 6.12, 6.65, 7.04, 7.76, 7.88, 8.276, 9.464, 10.326, 9.902, 8.663, 7.722, 8.089, 8.196, 7.9, 7.545, 7.335, 6.79, 6.66, 6.68, 5.49, 4.28, 5.29, 6.9, 7.62, 8.48, 8.74, 8.76, 8.13, 6.25, 6.2, 6.52, 6.58, 7.27, 8.17], [5.17, 6.356, 6.989, 7.573, 8.1, 6.833, 3.684, 2.66, 3.474, 2.78, 2.44, 1.43, 0.86, 0.68, 0, 0.83, 0.96, 1.45, 1.43, 1.09, 1.14, 1.32, 1.4, 1.73, 1.65, 1.96, 2.21, 2.0, 1.84, 2.48, 2.42, 2.07, 1.96, 2.69, 4.22, 5.29, 5.24, 5.09, 4.75, 3.61, 2.56, 2.13, 2.05, 2.41, 2.61, 3.15, 4.66, 5.08, 5.32, 5.22, 5.47, 5.62, 6.02, 6.45, 6.88, 7.6, 7.6, 7.997, 9.167, 10.055, 9.631, 8.386, 7.451, 7.812, 7.925, 7.64, 7.285, 7.055, 6.53, 6.4, 6.4, 5.23, 4.02, 5.05, 6.64, 7.32, 8.18, 8.44, 8.46, 7.83, 5.95, 5.9, 6.22, 6.28, 6.97, 7.87], [5.406, 6.586, 7.239, 7.906, 8.459, 7.24, 4.049, 2.93, 3.762, 3.173, 2.77, 1.76, 1.23, 1.07, 0.83, 0, 0.67, 1.12, 1.12, 0.92, 0.93, 1.29, 1.39, 1.68, 1.64, 1.91, 2.14, 1.81, 1.73, 2.61, 2.75, 2.32, 2.07, 2.64, 4.11, 5.1, 5.07, 4.98, 4.62, 3.5, 2.65, 2.3, 2.12, 2.22, 2.44, 3.04, 4.53, 4.93, 5.19, 5.03, 5.32, 5.41, 5.81, 6.28, 6.67, 7.25, 7.29, 7.687, 8.741, 9.571, 9.156, 7.923, 6.984, 7.334, 7.447, 7.11, 6.787, 6.577, 6.0, 5.89, 5.93, 4.82, 3.61, 4.66, 6.19, 6.89, 7.65, 7.91, 7.93, 7.36, 5.42, 5.37, 5.69, 5.75, 6.44, 7.32], [5.59, 6.79, 7.42, 8.05, 8.597, 7.27, 4.159, 3.04, 3.912, 3.22, 2.84, 1.83, 1.36, 1.2, 0.96, 0.67, 0, 0.85, 0.91, 1.05, 1.02, 1.28, 1.3, 1.43, 1.57, 1.68, 1.85, 1.56, 1.7, 2.58, 2.74, 2.23, 1.96, 2.31, 3.8, 4.87, 4.8, 4.67, 4.33, 3.21, 2.5, 2.23, 2.01, 2.09, 2.23, 2.67, 4.18, 4.62, 4.88, 4.78, 5.07, 5.22, 5.6, 6.01, 6.36, 7.06, 7.08, 7.488, 8.65, 9.518, 9.085, 7.841, 6.908, 7.269, 7.351, 7.065, 6.726, 6.496, 5.95, 5.82, 5.84, 4.77, 3.5, 4.55, 6.16, 6.8, 7.62, 7.88, 7.92, 7.31, 5.37, 5.32, 5.62, 5.7, 6.39, 7.27], [5.6, 6.7, 7.33, 8.1, 8.65, 7.437, 4.24, 3.11, 3.95, 3.37, 3.03, 2.12, 1.83, 1.61, 1.45, 1.12, 0.85, 0, 0.42, 1.3, 1.17, 1.31, 1.45, 1.32, 1.6, 1.39, 1.74, 1.39, 1.55, 2.49, 2.67, 2.18, 1.83, 2.06, 3.79, 4.94, 4.81, 4.5, 4.18, 3.2, 2.27, 2.08, 1.96, 2.0, 2.12, 2.66, 4.01, 4.35, 4.63, 4.53, 5.038, 5.126, 5.448, 5.875, 6.32, 6.862, 7.099, 7.493, 8.533, 9.397, 8.976, 7.74, 6.782, 7.16, 7.247, 6.895, 6.604, 6.374, 5.802, 5.669, 5.67, 4.58, 3.39, 4.32, 5.91, 6.59, 7.43, 7.69, 7.71, 7.08, 5.12, 5.09, 5.41, 5.47, 6.14, 7.08], [5.56, 6.66, 7.31, 8.08, 8.63, 7.417, 4.22, 3.05, 3.93, 3.35, 2.97, 2.06, 1.73, 1.49, 1.43, 1.12, 0.91, 0.42, 0, 1.16, 1.01, 1.23, 1.37, 1.34, 1.5, 1.35, 1.66, 1.37, 1.47, 2.39, 2.69, 2.12, 1.85, 2.08, 3.79, 4.94, 4.81, 4.52, 4.2, 3.14, 2.33, 2.08, 1.94, 1.94, 2.14, 2.66, 4.05, 4.37, 4.65, 4.57, 5.038, 5.13, 5.47, 5.92, 6.345, 6.893, 7.119, 7.533, 8.57, 9.417, 8.999, 7.763, 6.805, 7.172, 7.268, 6.895, 6.625, 6.397, 5.802, 5.669, 5.67, 4.54, 3.35, 4.32, 5.91, 6.61, 7.43, 7.69, 7.71, 7.08, 5.12, 5.11, 5.41, 5.47, 6.14, 7.08], [4.94, 6.08, 6.71, 7.48, 8.03, 6.8, 3.6, 2.47, 3.33, 2.75, 2.37, 1.44, 1.19, 1.09, 1.09, 0.92, 1.05, 1.3, 1.16, 0, 0.73, 1.27, 1.39, 1.76, 1.64, 1.81, 2.18, 1.89, 1.71, 2.35, 2.61, 2.42, 2.27, 2.9, 4.43, 5.555, 5.45, 5.34, 5.02, 3.76, 2.79, 2.36, 2.3, 2.5, 2.68, 3.3, 4.91, 5.35, 5.63, 5.47, 5.76, 5.81, 6.17, 6.66, 6.95, 7.53, 7.67, 8.03, 9.09, 9.967, 9.527, 8.289, 7.402, 7.712, 7.779, 7.427, 7.142, 6.903, 6.314, 6.181, 6.17, 5.04, 3.71, 4.82, 6.39, 7.03, 7.895, 8.15, 8.17, 7.56, 5.58, 5.55, 5.89, 5.95, 6.62, 7.56], [5.03, 6.27, 6.86, 7.49, 8.04, 6.81, 3.63, 2.5, 3.36, 2.76, 2.44, 1.59, 1.26, 1.06, 1.14, 0.93, 1.02, 1.17, 1.01, 0.73, 0, 0.88, 1.14, 1.33, 1.37, 1.5, 1.81, 1.66, 1.46, 2.04, 2.14, 2.05, 1.98, 2.49, 4.16, 5.328, 5.22, 5.01, 4.67, 3.51, 2.46, 2.15, 2.03, 2.15, 2.37, 3.01, 4.54, 4.94, 5.22, 5.08, 5.49, 5.52, 5.84, 6.43, 6.8, 7.4, 7.538, 7.886, 9.045, 9.93, 9.515, 8.276, 7.392, 7.693, 7.749, 7.417, 7.129, 6.893, 6.304, 6.171, 6.16, 5.03, 3.64, 4.81, 6.36, 6.96, 7.834, 8.08, 8.16, 7.55, 5.51, 5.48, 5.82, 5.88, 6.55, 7.49], [4.99, 6.13, 6.76, 7.25, 7.74, 6.49, 3.31, 2.4, 3.1, 2.56, 2.26, 1.79, 1.44, 1.3, 1.32, 1.29, 1.28, 1.31, 1.23, 1.27, 0.88, 0, 0.74, 0.89, 0.99, 1.14, 1.63, 1.5, 1.46, 1.66, 1.8, 1.67, 1.5, 2.17, 4.289, 5.402, 5.26, 4.99, 4.57, 3.35, 2.18, 2.01, 1.73, 1.95, 2.33, 3.01, 4.38, 4.7, 4.94, 4.86, 5.425, 5.416, 5.738, 6.624, 6.972, 7.612, 7.772, 8.128, 9.391, 10.276, 9.854, 8.605, 7.72, 8.03, 8.1, 7.774, 7.472, 7.241, 6.661, 6.528, 6.491, 5.301, 3.92, 5.01, 6.54, 7.34, 8.208, 8.448, 8.497, 7.884, 5.87, 5.86, 6.22, 6.28, 6.95, 7.889], [5.31, 6.45, 7.06, 7.53, 7.94, 6.57, 3.49, 2.66, 3.42, 2.7, 2.42, 1.91, 1.54, 1.42, 1.4, 1.39, 1.3, 1.45, 1.37, 1.39, 1.14, 0.74, 0, 0.69, 0.87, 1.06, 1.43, 1.5, 1.6, 1.6, 1.84, 1.59, 1.5, 2.11, 4.04, 5.185, 5.08, 4.81, 4.43, 3.19, 2.02, 1.95, 1.65, 1.81, 2.11, 2.85, 4.24, 4.56, 4.8, 4.74, 5.248, 5.26, 5.62, 6.49, 6.878, 7.631, 7.751, 8.022, 9.35, 10.252, 9.828, 8.578, 7.697, 8.009, 8.079, 7.774, 7.434, 7.215, 6.661, 6.528, 6.491, 5.261, 3.86, 4.95, 6.5, 7.291, 8.171, 8.431, 8.477, 7.864, 5.83, 5.82, 6.2, 6.26, 6.93, 7.87], [5.62, 6.82, 7.45, 7.9, 8.33, 6.88, 3.94, 3.09, 3.81, 3.05, 2.83, 2.28, 1.89, 1.73, 1.73, 1.68, 1.43, 1.32, 1.34, 1.76, 1.33, 0.89, 0.69, 0, 0.94, 0.85, 1.02, 1.21, 1.41, 1.69, 1.87, 1.5, 1.29, 1.66, 3.639, 4.746, 4.61, 4.34, 3.96, 2.74, 1.73, 1.76, 1.48, 1.44, 1.72, 2.42, 3.73, 4.07, 4.29, 4.21, 4.778, 4.746, 5.128, 6.112, 6.496, 7.292, 7.412, 7.652, 9.045, 9.956, 9.526, 8.265, 7.401, 7.708, 7.772, 7.484, 7.135, 6.925, 6.359, 6.229, 6.201, 4.991, 3.59, 4.66, 6.21, 6.998, 7.878, 8.138, 8.187, 7.554, 5.56, 5.55, 5.929, 5.989, 6.659, 7.579], [5.3, 6.5, 7.09, 7.5, 7.95, 6.32, 3.48, 2.89, 3.57, 2.89, 2.57, 1.98, 1.69, 1.51, 1.65, 1.64, 1.57, 1.6, 1.5, 1.64, 1.37, 0.99, 0.87, 0.94, 0, 0.63, 1.22, 1.47, 1.63, 1.49, 1.63, 1.3, 1.27, 2.14, 4.153, 5.32, 5.184, 4.9, 4.44, 3.2, 1.73, 1.44, 1.32, 1.8, 2.22, 2.98, 3.97, 4.41, 4.65, 4.69, 5.258, 5.225, 5.65, 6.706, 7.133, 7.88, 8.035, 8.307, 9.656, 10.567, 10.137, 8.876, 7.978, 8.319, 8.383, 8.08, 7.743, 7.533, 6.967, 6.817, 6.795, 5.585, 4.229, 5.22, 6.812, 7.612, 8.532, 8.772, 8.821, 8.168, 6.2, 6.17, 6.563, 6.623, 7.293, 8.233], [5.53, 6.69, 7.3, 7.71, 8.12, 6.59, 3.73, 3.14, 3.78, 3.1, 2.84, 2.27, 1.96, 1.84, 1.96, 1.91, 1.68, 1.39, 1.35, 1.81, 1.5, 1.14, 1.06, 0.85, 0.63, 0, 0.97, 1.28, 1.64, 1.52, 1.78, 1.43, 1.26, 1.89, 3.863, 5.03, 4.894, 4.61, 4.15, 2.93, 1.68, 1.45, 1.37, 1.65, 1.95, 2.73, 3.76, 4.12, 4.34, 4.34, 4.97, 4.933, 5.333, 6.404, 6.877, 7.645, 7.782, 8.017, 9.415, 10.332, 9.902, 8.637, 7.742, 8.083, 8.153, 7.85, 7.51, 7.303, 6.737, 6.587, 6.565, 5.355, 3.965, 4.95, 6.528, 7.348, 8.268, 8.508, 8.571, 7.938, 5.93, 5.9, 6.299, 6.359, 7.029, 7.969], [6.28, 7.52, 8.13, 8.54, 8.97, 7.36, 4.54, 3.87, 4.57, 3.87, 3.51, 2.72, 2.29, 2.13, 2.21, 2.14, 1.85, 1.74, 1.66, 2.18, 1.81, 1.63, 1.43, 1.02, 1.22, 0.97, 0, 0.89, 1.29, 1.71, 2.29, 1.64, 1.41, 1.34, 3.145, 4.203, 4.067, 3.86, 3.44, 2.12, 1.47, 1.52, 1.22, 1.02, 1.34, 1.96, 3.05, 3.61, 3.79, 3.85, 4.22, 4.21, 4.67, 5.76, 6.155, 6.935, 7.04, 7.283, 8.625, 9.527, 9.097, 7.827, 6.938, 7.279, 7.346, 7.04, 6.715, 6.505, 5.927, 5.777, 5.775, 4.565, 3.29, 4.28, 5.89, 6.643, 7.543, 7.783, 7.841, 7.188, 5.22, 5.19, 5.575, 5.635, 6.305, 7.245], [6.17, 7.41, 8.02, 8.47, 9.0, 7.61, 4.55, 3.72, 4.46, 3.86, 3.48, 2.71, 2.14, 2.04, 2.0, 1.81, 1.56, 1.39, 1.37, 1.89, 1.66, 1.5, 1.5, 1.21, 1.47, 1.28, 0.89, 0, 1.24, 1.98, 2.56, 2.05, 1.72, 1.47, 3.087, 4.219, 4.04, 3.77, 3.35, 2.27, 1.64, 1.49, 1.25, 1.37, 1.39, 1.89, 3.24, 3.76, 3.96, 3.88, 4.21, 4.16, 4.52, 5.43, 5.837, 6.557, 6.677, 7.008, 8.304, 9.181, 8.754, 7.507, 6.608, 6.938, 6.994, 6.682, 6.359, 6.144, 5.569, 5.419, 5.448, 4.35, 3.06, 4.09, 5.64, 6.319, 7.139, 7.419, 7.454, 6.841, 4.81, 4.8, 5.171, 5.231, 5.901, 6.841], [5.63, 6.81, 7.5, 8.11, 8.62, 7.41, 4.27, 3.18, 4.02, 3.56, 3.1, 2.35, 2.04, 1.86, 1.84, 1.73, 1.7, 1.55, 1.47, 1.71, 1.46, 1.46, 1.6, 1.41, 1.63, 1.64, 1.29, 1.24, 0, 1.66, 2.48, 1.87, 1.48, 1.67, 3.552, 4.722, 4.58, 4.33, 3.93, 2.71, 1.68, 1.89, 1.51, 1.33, 1.73, 2.33, 3.78, 4.22, 4.48, 4.38, 4.75, 4.8, 5.1, 5.87, 6.2, 6.76, 6.923, 7.399, 8.431, 9.313, 8.9, 7.662, 6.809, 7.065, 7.138, 6.803, 6.52, 6.29, 5.69, 5.557, 5.5, 4.31, 2.96, 4.07, 5.66, 6.4, 7.279, 7.499, 7.546, 6.913, 4.91, 4.88, 5.291, 5.351, 6.03, 6.97], [5.41, 6.45, 6.76, 7.19, 7.6, 5.87, 3.09, 2.88, 3.44, 2.82, 2.62, 2.43, 2.46, 2.38, 2.48, 2.61, 2.58, 2.49, 2.39, 2.35, 2.04, 1.66, 1.6, 1.69, 1.49, 1.52, 1.71, 1.98, 1.66, 0, 1.22, 1.11, 1.68, 2.59, 4.574, 5.667, 5.552, 5.23, 4.747, 3.47, 1.88, 1.97, 1.71, 1.99, 2.59, 3.37, 4.28, 4.68, 4.766, 4.94, 5.61, 5.518, 5.827, 7.064, 7.383, 8.148, 8.294, 8.485, 9.944, 10.864, 10.434, 9.167, 8.325, 8.615, 8.679, 8.371, 8.042, 7.833, 7.264, 7.128, 7.074, 5.864, 4.44, 5.53, 7.1, 7.871, 8.771, 9.011, 9.08, 8.467, 6.41, 6.38, 6.8, 6.86, 7.53, 8.47], [5.41, 6.31, 6.62, 6.91, 7.38, 5.27, 2.85, 2.98, 3.32, 2.78, 2.66, 2.43, 2.3, 2.32, 2.42, 2.75, 2.74, 2.67, 2.69, 2.61, 2.14, 1.8, 1.84, 1.87, 1.63, 1.78, 2.29, 2.56, 2.48, 1.22, 0, 1.21, 2.04, 3.27, 5.292, 6.327, 6.212, 5.89, 5.422, 4.122, 2.46, 2.17, 2.27, 2.71, 3.27, 4.09, 4.76, 5.283, 5.366, 5.586, 6.23, 6.149, 6.509, 7.778, 8.168, 8.928, 9.076, 9.244, 10.729, 11.649, 11.219, 9.946, 9.111, 9.4, 9.468, 9.165, 8.828, 8.618, 8.052, 7.902, 7.874, 6.684, 5.24, 6.37, 7.92, 8.634, 9.534, 9.774, 9.88, 9.247, 7.19, 7.18, 7.565, 7.625, 8.295, 9.235], [5.7, 6.64, 7.05, 7.5, 7.87, 6.18, 3.36, 3.15, 3.65, 3.05, 2.79, 2.26, 2.11, 1.97, 2.07, 2.32, 2.23, 2.18, 2.12, 2.42, 2.05, 1.67, 1.59, 1.5, 1.3, 1.43, 1.64, 2.05, 1.87, 1.11, 1.21, 0, 1.15, 2.519, 4.45, 5.497, 5.302, 5.14, 4.672, 3.44, 1.55, 1.62, 1.66, 2.06, 2.6, 3.22, 4.17, 4.61, 4.61, 4.824, 5.4, 5.459, 5.934, 7.085, 7.563, 8.302, 8.462, 8.751, 10.047, 10.969, 10.539, 9.269, 8.362, 8.723, 8.8, 8.529, 8.174, 7.958, 7.419, 7.286, 7.269, 6.079, 4.75, 5.74, 7.37, 8.163, 9.063, 9.303, 9.326, 8.693, 6.72, 6.69, 7.09, 7.15, 7.82, 8.76], [5.85, 6.95, 7.54, 7.99, 8.44, 6.979, 4.05, 3.36, 4.0, 3.34, 3.04, 2.31, 2.08, 1.88, 1.96, 2.07, 1.96, 1.83, 1.85, 2.27, 1.98, 1.5, 1.5, 1.29, 1.27, 1.26, 1.41, 1.72, 1.48, 1.68, 2.04, 1.15, 0, 1.73, 3.74, 4.759, 4.56, 4.45, 3.99, 2.83, 1.4, 1.45, 1.33, 1.51, 2.07, 2.49, 3.72, 4.04, 4.12, 4.1, 4.696, 4.752, 5.252, 6.255, 6.76, 7.516, 7.677, 7.95, 9.26, 10.176, 9.743, 8.479, 7.578, 7.937, 8.027, 7.742, 7.382, 7.185, 6.629, 6.476, 6.479, 5.29, 3.9, 4.89, 6.48, 7.34, 8.259, 8.499, 8.522, 7.889, 5.91, 5.9, 6.26, 6.32, 6.99, 7.93], [7.02, 8.138, 8.759, 9.246, 9.742, 8.363, 5.32, 4.43, 5.19, 4.47, 4.13, 3.4, 2.81, 2.69, 2.69, 2.64, 2.31, 2.06, 2.08, 2.9, 2.49, 2.17, 2.11, 1.66, 2.14, 1.89, 1.34, 1.47, 1.67, 2.59, 3.27, 2.519, 1.73, 0, 2.25, 3.44, 3.25, 3.04, 2.62, 1.62, 1.75, 2.22, 1.7, 1.2, 1.22, 1.42, 2.41, 2.77, 2.95, 2.93, 3.44, 3.505, 3.89, 4.714, 5.185, 5.932, 6.082, 6.398, 7.631, 8.542, 8.112, 6.853, 5.995, 6.299, 6.366, 6.078, 5.72, 5.525, 4.979, 4.832, 4.81, 3.68, 2.77, 3.52, 5.01, 5.73, 6.63, 6.87, 6.91, 6.26, 4.32, 4.35, 4.69, 4.81, 5.38, 6.32], [9.082, 10.282, 10.915, 11.439, 11.846, 10.442, 7.473, 6.518, 7.309, 6.48, 6.22, 5.19, 4.34, 4.28, 4.22, 4.11, 3.8, 3.79, 3.79, 4.43, 4.16, 4.289, 4.04, 3.639, 4.153, 3.863, 3.145, 3.087, 3.552, 4.574, 5.292, 4.45, 3.74, 2.25, 0, 1.39, 1.24, 1.29, 1.29, 1.67, 3.3, 3.81, 3.31, 2.75, 2.25, 1.83, 1.74, 1.54, 1.8, 1.76, 1.85, 2.08, 2.26, 2.95, 3.3, 4.12, 4.162, 4.424, 5.694, 6.551, 6.121, 5.115, 4.46, 4.59, 4.568, 4.32, 4.04, 3.572, 3.17, 3.14, 3.14, 3.05, 3.16, 3.45, 4.24, 4.08, 4.78, 5.04, 5.04, 4.49, 3.33, 3.64, 3.8, 4.06, 4.37, 4.79], [10.269, 11.492, 12.142, 12.609, 13.042, 11.514, 8.62, 7.685, 8.439, 7.65, 7.37, 6.34, 5.43, 5.43, 5.29, 5.1, 4.87, 4.94, 4.94, 5.555, 5.328, 5.402, 5.185, 4.746, 5.32, 5.03, 4.203, 4.219, 4.722, 5.667, 6.327, 5.497, 4.759, 3.44, 1.39, 0, 0.65, 1.06, 1.28, 2.34, 4.219, 4.76, 4.329, 3.734, 3.252, 2.62, 2.05, 1.71, 1.67, 1.57, 1.4, 1.61, 1.61, 2.34, 2.69, 3.49, 3.45, 3.559, 4.973, 5.673, 5.251, 4.24, 3.89, 3.9, 3.75, 3.95, 3.43, 2.94, 2.98, 2.99, 2.97, 3.2, 3.57, 3.7, 4.33, 3.93, 4.33, 4.51, 4.45, 3.94, 3.38, 3.79, 3.87, 4.17, 4.24, 4.28], [10.13, 11.33, 11.98, 12.49, 12.917, 11.382, 8.504, 7.54, 8.32, 7.46, 7.22, 6.13, 5.36, 5.22, 5.24, 5.07, 4.8, 4.81, 4.81, 5.45, 5.22, 5.26, 5.08, 4.61, 5.184, 4.894, 4.067, 4.04, 4.58, 5.552, 6.212, 5.302, 4.56, 3.25, 1.24, 0.65, 0, 0.87, 1.11, 2.17, 4.04, 4.49, 4.11, 3.61, 3.11, 2.31, 1.8, 1.46, 1.44, 1.46, 1.21, 1.52, 1.6, 2.33, 2.68, 3.5, 3.499, 3.662, 5.065, 5.853, 5.423, 4.406, 3.98, 4.03, 3.9, 4.1, 3.58, 3.19, 3.13, 3.12, 3.1, 3.29, 3.68, 3.83, 4.48, 4.12, 4.56, 4.82, 4.68, 4.19, 3.45, 3.88, 3.94, 4.22, 4.35, 4.39], [9.84, 11.04, 11.69, 12.2, 12.61, 11.08, 8.18, 7.23, 8.03, 7.19, 6.99, 6.02, 5.27, 5.17, 5.09, 4.98, 4.67, 4.5, 4.52, 5.34, 5.01, 4.99, 4.81, 4.34, 4.9, 4.61, 3.86, 3.77, 4.33, 5.23, 5.89, 5.14, 4.45, 3.04, 1.29, 1.06, 0.87, 0, 0.76, 2.02, 3.847, 4.38, 3.88, 3.44, 3.0, 2.28, 1.63, 1.37, 1.33, 1.43, 1.38, 1.41, 1.33, 2.26, 2.635, 3.415, 3.615, 3.802, 5.141, 5.987, 5.56, 4.616, 4.07, 4.22, 4.09, 4.11, 3.69, 3.1, 3.02, 3.01, 3.09, 3.16, 3.47, 3.72, 4.39, 4.09, 4.57, 4.75, 4.71, 4.14, 3.32, 3.71, 3.75, 4.07, 4.26, 4.38], [9.42, 10.62, 11.27, 11.74, 12.13, 10.572, 7.7, 6.85, 7.59, 6.83, 6.59, 5.66, 4.97, 4.83, 4.75, 4.62, 4.33, 4.18, 4.2, 5.02, 4.67, 4.57, 4.43, 3.96, 4.44, 4.15, 3.44, 3.35, 3.93, 4.747, 5.422, 4.672, 3.99, 2.62, 1.29, 1.28, 1.11, 0.76, 0, 1.56, 3.31, 3.86, 3.36, 2.98, 2.58, 2.1, 1.57, 1.45, 1.43, 1.47, 1.46, 1.49, 1.57, 2.74, 3.158, 3.918, 4.078, 4.287, 5.673, 6.536, 6.109, 5.059, 4.49, 4.639, 4.53, 4.59, 4.11, 3.576, 3.32, 3.29, 3.39, 3.18, 3.33, 3.64, 4.47, 4.35, 5.01, 5.13, 5.13, 4.6, 3.48, 3.87, 4.01, 4.25, 4.56, 4.84], [8.18, 9.42, 10.07, 10.5, 10.89, 9.252, 6.44, 5.65, 6.35, 5.63, 5.29, 4.46, 3.71, 3.65, 3.61, 3.5, 3.21, 3.2, 3.14, 3.76, 3.51, 3.35, 3.19, 2.74, 3.2, 2.93, 2.12, 2.27, 2.71, 3.47, 4.122, 3.44, 2.83, 1.62, 1.67, 2.34, 2.17, 2.02, 1.56, 0, 2.29, 2.72, 2.18, 1.68, 1.44, 1.36, 1.41, 2.07, 2.13, 2.13, 2.42, 2.47, 2.79, 4.02, 4.407, 5.198, 5.272, 5.476, 6.845, 7.681, 7.248, 5.999, 5.153, 5.451, 5.521, 5.261, 4.915, 4.691, 4.2, 4.09, 4.09, 3.0, 2.47, 3.04, 4.43, 5.03, 5.87, 6.13, 6.15, 5.52, 3.62, 3.69, 4.01, 4.11, 4.66, 5.54], [6.65, 7.79, 8.38, 8.83, 9.2, 7.504, 4.73, 4.18, 4.82, 4.14, 3.82, 3.07, 2.58, 2.56, 2.56, 2.65, 2.5, 2.27, 2.33, 2.79, 2.46, 2.18, 2.02, 1.73, 1.73, 1.68, 1.47, 1.64, 1.68, 1.88, 2.46, 1.55, 1.4, 1.75, 3.3, 4.219, 4.04, 3.847, 3.31, 2.29, 0, 1.19, 0.85, 1.45, 1.83, 2.39, 2.94, 3.6, 3.5, 3.62, 4.15, 4.28, 4.668, 5.901, 6.335, 7.116, 7.276, 7.471, 8.874, 9.768, 9.338, 8.062, 7.176, 7.531, 7.613, 7.322, 6.967, 6.772, 6.209, 6.076, 6.1, 4.99, 3.74, 4.73, 6.28, 7.0, 7.891, 8.14, 8.153, 7.53, 5.55, 5.52, 5.9, 5.96, 6.63, 7.57], [6.38, 7.6, 8.19, 8.6, 9.03, 7.22, 4.5, 3.95, 4.59, 3.87, 3.53, 2.64, 2.25, 2.09, 2.13, 2.3, 2.23, 2.08, 2.08, 2.36, 2.15, 2.01, 1.95, 1.76, 1.44, 1.45, 1.52, 1.49, 1.89, 1.97, 2.17, 1.62, 1.45, 2.22, 3.81, 4.76, 4.49, 4.38, 3.86, 2.72, 1.19, 0, 0.9, 1.78, 2.04, 2.64, 3.33, 4.13, 4.13, 4.11, 4.509, 4.665, 5.126, 6.379, 6.809, 7.606, 7.705, 7.935, 9.352, 10.268, 9.836, 8.563, 7.671, 8.029, 8.128, 7.852, 7.489, 7.293, 6.759, 6.606, 6.59, 5.44, 4.19, 5.24, 6.79, 7.51, 8.389, 8.63, 8.652, 8.02, 6.06, 6.05, 6.39, 6.45, 7.12, 8.06], [6.34, 7.56, 8.19, 8.6, 9.01, 7.3, 4.5, 3.85, 4.53, 3.83, 3.49, 2.72, 2.25, 2.13, 2.05, 2.12, 2.01, 1.96, 1.94, 2.3, 2.03, 1.73, 1.65, 1.48, 1.32, 1.37, 1.22, 1.25, 1.51, 1.71, 2.27, 1.66, 1.33, 1.7, 3.31, 4.329, 4.11, 3.88, 3.36, 2.18, 0.85, 0.9, 0, 1.3, 1.64, 2.32, 2.93, 3.67, 3.69, 3.71, 4.18, 4.29, 4.645, 5.843, 6.255, 7.052, 7.157, 7.408, 8.802, 9.724, 9.291, 8.018, 7.135, 7.476, 7.549, 7.258, 6.915, 6.708, 6.145, 5.992, 5.99, 4.82, 3.61, 4.68, 6.17, 6.89, 7.786, 8.03, 8.061, 7.42, 5.46, 5.45, 5.79, 5.85, 6.52, 7.46], [6.68, 7.9, 8.55, 9.0, 9.39, 7.82, 4.94, 4.17, 4.87, 4.19, 3.85, 3.02, 2.53, 2.39, 2.41, 2.22, 2.09, 2.0, 1.94, 2.5, 2.15, 1.95, 1.81, 1.44, 1.8, 1.65, 1.02, 1.37, 1.33, 1.99, 2.71, 2.06, 1.51, 1.2, 2.75, 3.734, 3.61, 3.44, 2.98, 1.68, 1.45, 1.78, 1.3, 0, 0.92, 1.72, 2.73, 3.25, 3.41, 3.41, 3.7, 3.79, 4.17, 5.32, 5.69, 6.49, 6.558, 6.786, 8.156, 9.033, 8.603, 7.339, 6.464, 6.785, 6.875, 6.561, 6.238, 6.028, 5.448, 5.315, 5.31, 4.18, 2.95, 3.98, 5.47, 6.19, 7.086, 7.346, 7.364, 6.74, 4.74, 4.73, 5.09, 5.15, 5.82, 6.76], [7.2, 8.42, 9.07, 9.54, 9.89, 8.38, 5.48, 4.63, 5.37, 4.61, 4.33, 3.4, 2.77, 2.65, 2.61, 2.44, 2.23, 2.12, 2.14, 2.68, 2.37, 2.33, 2.11, 1.72, 2.22, 1.95, 1.34, 1.39, 1.73, 2.59, 3.27, 2.6, 2.07, 1.22, 2.25, 3.252, 3.11, 3.0, 2.58, 1.44, 1.83, 2.04, 1.64, 0.92, 0, 1.1, 2.37, 2.93, 3.13, 3.03, 3.24, 3.37, 3.79, 4.76, 5.17, 5.95, 6.032, 6.286, 7.665, 8.525, 8.097, 6.839, 5.918, 6.279, 6.343, 6.055, 5.732, 5.502, 4.942, 4.809, 4.812, 3.78, 2.59, 3.56, 5.01, 5.65, 6.535, 6.795, 6.818, 6.22, 4.2, 4.17, 4.53, 4.61, 5.26, 6.2], [7.84, 9.04, 9.69, 10.22, 10.65, 9.24, 6.28, 5.27, 6.07, 5.25, 5.03, 3.94, 3.31, 3.13, 3.15, 3.04, 2.67, 2.66, 2.66, 3.3, 3.01, 3.01, 2.85, 2.42, 2.98, 2.73, 1.96, 1.89, 2.33, 3.37, 4.09, 3.22, 2.49, 1.42, 1.83, 2.62, 2.31, 2.28, 2.1, 1.36, 2.39, 2.64, 2.32, 1.72, 1.1, 0, 1.97, 2.47, 2.55, 2.47, 2.68, 2.83, 3.31, 4.06, 4.501, 5.301, 5.361, 5.641, 6.898, 7.818, 7.388, 6.124, 5.214, 5.572, 5.672, 5.389, 5.046, 4.839, 4.336, 4.21, 4.33, 3.48, 2.51, 3.38, 4.73, 5.27, 6.01, 6.29, 6.326, 5.74, 3.72, 3.69, 4.01, 4.11, 4.76, 5.6], [9.17, 10.43, 10.94, 11.33, 11.82, 9.93, 7.25, 6.7, 7.38, 6.66, 6.34, 5.51, 4.8, 4.7, 4.66, 4.53, 4.18, 4.01, 4.05, 4.91, 4.54, 4.38, 4.24, 3.73, 3.97, 3.76, 3.05, 3.24, 3.78, 4.28, 4.76, 4.17, 3.72, 2.41, 1.74, 2.05, 1.8, 1.63, 1.57, 1.41, 2.94, 3.33, 2.93, 2.73, 2.37, 1.97, 0, 1.34, 1.38, 1.46, 1.93, 2.18, 2.4, 3.493, 3.919, 4.722, 4.821, 5.011, 6.406, 7.226, 6.796, 5.583, 4.794, 5.046, 5.136, 4.9, 4.545, 4.45, 4.03, 4.06, 4.12, 3.61, 3.68, 4.01, 4.9, 5.1, 5.74, 6.06, 6.04, 5.43, 3.79, 4.04, 4.12, 4.36, 4.67, 5.25], [9.53, 10.71, 11.2, 11.65, 12.06, 10.453, 7.57, 7.04, 7.68, 6.96, 6.68, 5.91, 5.34, 5.16, 5.08, 4.93, 4.62, 4.35, 4.37, 5.35, 4.94, 4.7, 4.56, 4.07, 4.41, 4.12, 3.61, 3.76, 4.22, 4.68, 5.283, 4.61, 4.04, 2.77, 1.54, 1.71, 1.46, 1.37, 1.45, 2.07, 3.6, 4.13, 3.67, 3.25, 2.93, 2.47, 1.34, 0, 0.76, 1.0, 1.49, 1.6, 1.74, 2.63, 3.102, 3.827, 3.967, 4.242, 5.623, 6.526, 6.093, 5.006, 4.5, 4.57, 4.52, 4.4, 3.9, 3.67, 3.39, 3.44, 3.5, 3.59, 3.96, 4.11, 4.72, 4.38, 4.92, 5.26, 5.2, 4.63, 3.69, 4.14, 4.18, 4.5, 4.59, 4.71], [9.79, 10.93, 11.4, 11.83, 12.255, 10.542, 7.719, 7.28, 7.92, 7.2, 6.9, 6.17, 5.56, 5.34, 5.32, 5.19, 4.88, 4.63, 4.65, 5.63, 5.22, 4.94, 4.8, 4.29, 4.65, 4.34, 3.79, 3.96, 4.48, 4.766, 5.366, 4.61, 4.12, 2.95, 1.8, 1.67, 1.44, 1.33, 1.43, 2.13, 3.5, 4.13, 3.69, 3.41, 3.13, 2.55, 1.38, 0.76, 0, 1.0, 1.33, 1.42, 1.66, 2.77, 3.193, 3.91, 4.056, 4.28, 5.691, 6.614, 6.175, 5.06, 4.56, 4.632, 4.6, 4.4, 3.94, 3.81, 3.53, 3.54, 3.6, 3.63, 4.04, 4.25, 4.8, 4.52, 5.14, 5.46, 5.42, 4.81, 3.79, 4.32, 4.32, 4.66, 4.75, 4.85], [9.69, 10.89, 11.489, 11.936, 12.349, 10.759, 7.893, 7.2, 7.86, 7.14, 6.88, 6.09, 5.46, 5.26, 5.22, 5.03, 4.78, 4.53, 4.57, 5.47, 5.08, 4.86, 4.74, 4.21, 4.69, 4.34, 3.85, 3.88, 4.38, 4.94, 5.586, 4.824, 4.1, 2.93, 1.76, 1.57, 1.46, 1.43, 1.47, 2.13, 3.62, 4.11, 3.71, 3.41, 3.03, 2.47, 1.46, 1.0, 1.0, 0, 0.93, 1.2, 1.52, 2.558, 3.025, 3.787, 3.91, 4.117, 5.577, 6.473, 6.046, 4.909, 4.34, 4.441, 4.56, 4.58, 4.0, 3.93, 3.69, 3.78, 3.82, 3.83, 3.98, 4.23, 4.96, 4.7, 5.24, 5.5, 5.48, 4.95, 3.89, 4.34, 4.44, 4.76, 4.75, 4.83], [10.295, 11.512, 12.159, 12.626, 13.019, 11.409, 8.583, 7.725, 8.462, 7.688, 7.39, 6.36, 5.71, 5.49, 5.47, 5.32, 5.07, 5.038, 5.038, 5.76, 5.49, 5.425, 5.248, 4.778, 5.258, 4.97, 4.22, 4.21, 4.75, 5.61, 6.23, 5.4, 4.696, 3.44, 1.85, 1.4, 1.21, 1.38, 1.46, 2.42, 4.15, 4.509, 4.18, 3.7, 3.24, 2.68, 1.93, 1.49, 1.33, 0.93, 0, 0.85, 1.15, 2.16, 2.51, 3.31, 3.43, 3.613, 5.05, 5.938, 5.517, 4.365, 3.79, 3.94, 4.19, 4.39, 3.75, 3.68, 3.58, 3.57, 3.57, 3.68, 4.09, 4.3, 4.87, 4.55, 5.03, 5.33, 5.29, 4.76, 3.82, 4.37, 4.37, 4.73, 4.7, 4.76], [10.26, 11.503, 12.061, 12.502, 12.927, 11.339, 8.465, 7.718, 8.416, 7.696, 7.38, 6.51, 5.86, 5.64, 5.62, 5.41, 5.22, 5.126, 5.13, 5.81, 5.52, 5.416, 5.26, 4.746, 5.225, 4.933, 4.21, 4.16, 4.8, 5.518, 6.149, 5.459, 4.752, 3.505, 2.08, 1.61, 1.52, 1.41, 1.49, 2.47, 4.28, 4.665, 4.29, 3.79, 3.37, 2.83, 2.18, 1.6, 1.42, 1.2, 0.85, 0, 0.84, 2.01, 2.36, 3.16, 3.32, 3.438, 4.852, 5.772, 5.324, 4.204, 3.76, 3.85, 4.0, 4.2, 3.68, 3.43, 3.51, 3.34, 3.46, 3.59, 3.96, 4.25, 4.76, 4.3, 4.82, 5.04, 5.06, 4.49, 3.63, 4.28, 4.26, 4.64, 4.49, 4.51], [10.57, 11.783, 12.398, 12.842, 13.264, 11.645, 8.797, 8.02, 8.718, 7.998, 7.7, 6.95, 6.28, 6.12, 6.02, 5.81, 5.6, 5.448, 5.47, 6.17, 5.84, 5.738, 5.62, 5.128, 5.65, 5.333, 4.67, 4.52, 5.1, 5.827, 6.509, 5.934, 5.252, 3.89, 2.26, 1.61, 1.6, 1.33, 1.57, 2.79, 4.668, 5.126, 4.645, 4.17, 3.79, 3.31, 2.4, 1.74, 1.66, 1.52, 1.15, 0.84, 0, 1.47, 1.8, 2.6, 2.78, 2.93, 4.367, 5.292, 4.837, 3.81, 3.58, 3.55, 3.64, 4.0, 3.5, 3.05, 3.41, 3.16, 3.28, 3.49, 4.22, 4.23, 4.64, 4.12, 4.54, 4.66, 4.64, 4.11, 3.55, 4.2, 4.18, 4.56, 4.33, 4.31], [11.323, 12.492, 13.108, 13.747, 14.273, 12.931, 9.869, 8.79, 9.664, 8.882, 8.584, 7.52, 6.87, 6.65, 6.45, 6.28, 6.01, 5.875, 5.92, 6.66, 6.43, 6.624, 6.49, 6.112, 6.706, 6.404, 5.76, 5.43, 5.87, 7.064, 7.778, 7.085, 6.255, 4.714, 2.95, 2.34, 2.33, 2.26, 2.74, 4.02, 5.901, 6.379, 5.843, 5.32, 4.76, 4.06, 3.493, 2.63, 2.77, 2.558, 2.16, 2.01, 1.47, 0, 0.75, 1.45, 1.73, 1.96, 3.091, 3.991, 3.541, 2.66, 2.93, 2.86, 2.75, 3.35, 2.85, 2.52, 3.18, 2.93, 3.01, 3.54, 4.71, 4.44, 4.33, 3.53, 3.87, 4.03, 3.81, 3.3, 3.74, 4.03, 3.97, 4.35, 4.04, 3.86], [11.713, 12.882, 13.495, 14.097, 14.578, 13.244, 10.179, 9.107, 9.961, 9.212, 8.92, 7.99, 7.26, 7.04, 6.88, 6.67, 6.36, 6.32, 6.345, 6.95, 6.8, 6.972, 6.878, 6.496, 7.133, 6.877, 6.155, 5.837, 6.2, 7.383, 8.168, 7.563, 6.76, 5.185, 3.3, 2.69, 2.68, 2.635, 3.158, 4.407, 6.335, 6.809, 6.255, 5.69, 5.17, 4.501, 3.919, 3.102, 3.193, 3.025, 2.51, 2.36, 1.8, 0.75, 0, 0.96, 1.24, 1.35, 2.67, 3.573, 3.066, 2.41, 3.1, 2.95, 2.74, 3.34, 2.96, 2.65, 3.41, 3.16, 3.2, 3.71, 4.92, 4.73, 4.52, 3.52, 3.66, 3.8, 3.52, 3.15, 3.95, 4.26, 4.18, 4.58, 4.25, 3.99], [12.253, 13.433, 14.066, 14.75, 15.261, 13.978, 10.842, 9.697, 10.569, 9.98, 9.6, 8.71, 7.98, 7.76, 7.6, 7.25, 7.06, 6.862, 6.893, 7.53, 7.4, 7.612, 7.631, 7.292, 7.88, 7.645, 6.935, 6.557, 6.76, 8.148, 8.928, 8.302, 7.516, 5.932, 4.12, 3.49, 3.5, 3.415, 3.918, 5.198, 7.116, 7.606, 7.052, 6.49, 5.95, 5.301, 4.722, 3.827, 3.91, 3.787, 3.31, 3.16, 2.6, 1.45, 0.96, 0, 0.8, 1.11, 2.01, 2.896, 2.406, 2.51, 3.32, 3.15, 2.92, 3.44, 3.16, 2.99, 3.75, 3.6, 3.58, 4.19, 5.4, 5.15, 4.82, 3.7, 3.46, 3.54, 3.34, 3.13, 4.43, 4.56, 4.44, 4.86, 4.51, 4.19], [12.453, 13.656, 14.306, 14.933, 15.393, 14.118, 10.991, 9.863, 10.734, 10.094, 9.758, 8.853, 8.06, 7.88, 7.6, 7.29, 7.08, 7.099, 7.119, 7.67, 7.538, 7.772, 7.751, 7.412, 8.035, 7.782, 7.04, 6.677, 6.923, 8.294, 9.076, 8.462, 7.677, 6.082, 4.162, 3.45, 3.499, 3.615, 4.078, 5.272, 7.276, 7.705, 7.157, 6.558, 6.032, 5.361, 4.821, 3.967, 4.056, 3.91, 3.43, 3.32, 2.78, 1.73, 1.24, 0.8, 0, 0.93, 2.13, 2.99, 2.56, 2.65, 3.56, 3.29, 3.06, 3.66, 3.4, 3.25, 3.99, 3.84, 3.78, 4.31, 5.46, 5.41, 5.06, 3.84, 3.5, 3.46, 3.38, 3.39, 4.55, 4.8, 4.64, 5.08, 4.69, 4.31], [12.832, 14.075, 14.625, 15.229, 15.688, 14.323, 11.33, 10.239, 11.094, 10.308, 10.094, 9.189, 8.431, 8.276, 7.997, 7.687, 7.488, 7.493, 7.533, 8.03, 7.886, 8.128, 8.022, 7.652, 8.307, 8.017, 7.283, 7.008, 7.399, 8.485, 9.244, 8.751, 7.95, 6.398, 4.424, 3.559, 3.662, 3.802, 4.287, 5.476, 7.471, 7.935, 7.408, 6.786, 6.286, 5.641, 5.011, 4.242, 4.28, 4.117, 3.613, 3.438, 2.93, 1.96, 1.35, 1.11, 0.93, 0, 1.94, 2.88, 2.49, 2.78, 3.65, 3.52, 3.27, 3.83, 3.53, 3.36, 4.1, 3.99, 3.99, 4.52, 5.63, 5.52, 5.09, 3.95, 3.69, 3.59, 3.41, 3.38, 4.64, 4.81, 4.73, 5.13, 4.8, 4.5], [13.921, 15.039, 15.729, 16.509, 17.019, 15.78, 12.635, 11.4, 12.294, 11.713, 11.342, 10.366, 9.587, 9.464, 9.167, 8.741, 8.65, 8.533, 8.57, 9.09, 9.045, 9.391, 9.35, 9.045, 9.656, 9.415, 8.625, 8.304, 8.431, 9.944, 10.729, 10.047, 9.26, 7.631, 5.694, 4.973, 5.065, 5.141, 5.673, 6.845, 8.874, 9.352, 8.802, 8.156, 7.665, 6.898, 6.406, 5.623, 5.691, 5.577, 5.05, 4.852, 4.367, 3.091, 2.67, 2.01, 2.13, 1.94, 0, 1.38, 1.27, 2.38, 3.09, 2.9, 2.81, 3.35, 3.23, 3.26, 3.933, 3.926, 4.103, 4.744, 6.234, 5.716, 4.69, 3.63, 3.27, 3.25, 2.87, 3.18, 4.95, 4.826, 4.49, 4.93, 4.52, 4.12], [14.721, 15.85, 16.631, 17.406, 17.924, 16.699, 13.532, 12.296, 13.162, 12.627, 12.227, 11.233, 10.435, 10.326, 10.055, 9.571, 9.518, 9.397, 9.417, 9.967, 9.93, 10.276, 10.252, 9.956, 10.567, 10.332, 9.527, 9.181, 9.313, 10.864, 11.649, 10.969, 10.176, 8.542, 6.551, 5.673, 5.853, 5.987, 6.536, 7.681, 9.768, 10.268, 9.724, 9.033, 8.525, 7.818, 7.226, 6.526, 6.614, 6.473, 5.938, 5.772, 5.292, 3.991, 3.573, 2.896, 2.99, 2.88, 1.38, 0, 0.87, 2.04, 3.01, 2.68, 2.67, 3.069, 3.278, 3.385, 4.064, 3.986, 4.12, 5.206, 6.725, 5.976, 4.746, 3.746, 3.13, 3.01, 2.71, 3.24, 5.064, 5.014, 4.638, 4.915, 4.571, 3.88], [14.308, 15.437, 16.183, 16.984, 17.5, 16.269, 13.107, 11.875, 12.741, 12.197, 11.805, 10.801, 10.011, 9.902, 9.631, 9.156, 9.085, 8.976, 8.999, 9.527, 9.515, 9.854, 9.828, 9.526, 10.137, 9.902, 9.097, 8.754, 8.9, 10.434, 11.219, 10.539, 9.743, 8.112, 6.121, 5.251, 5.423, 5.56, 6.109, 7.248, 9.338, 9.836, 9.291, 8.603, 8.097, 7.388, 6.796, 6.093, 6.175, 6.046, 5.517, 5.324, 4.837, 3.541, 3.066, 2.406, 2.56, 2.49, 1.27, 0.87, 0, 1.79, 2.72, 2.49, 2.4, 2.86, 3.014, 3.032, 3.64, 3.616, 3.773, 4.781, 6.347, 5.626, 4.496, 3.46, 2.8, 2.64, 2.44, 2.73, 4.58, 4.507, 4.308, 4.599, 4.321, 3.73], [13.086, 14.204, 14.948, 15.749, 16.25, 14.999, 11.852, 10.639, 11.497, 10.938, 10.565, 9.562, 8.761, 8.663, 8.386, 7.923, 7.841, 7.74, 7.763, 8.289, 8.276, 8.605, 8.578, 8.265, 8.876, 8.637, 7.827, 7.507, 7.662, 9.167, 9.946, 9.269, 8.479, 6.853, 5.115, 4.24, 4.406, 4.616, 5.059, 5.999, 8.062, 8.563, 8.018, 7.339, 6.839, 6.124, 5.583, 5.006, 5.06, 4.909, 4.365, 4.204, 3.81, 2.66, 2.41, 2.51, 2.65, 2.78, 2.38, 2.04, 1.79, 0, 1.51, 1.2, 1.31, 1.71, 1.59, 1.9, 2.38, 2.37, 2.51, 3.504, 4.94, 4.147, 3.13, 2.31, 2.31, 2.37, 2.29, 2.28, 3.444, 3.394, 3.01, 3.07, 2.84, 2.38], [12.25, 13.325, 14.054, 14.867, 15.42, 14.178, 10.993, 9.792, 10.658, 10.105, 9.705, 8.612, 7.831, 7.722, 7.451, 6.984, 6.908, 6.782, 6.805, 7.402, 7.392, 7.72, 7.697, 7.401, 7.978, 7.742, 6.938, 6.608, 6.809, 8.325, 9.111, 8.362, 7.578, 5.995, 4.46, 3.89, 3.98, 4.07, 4.49, 5.153, 7.176, 7.671, 7.135, 6.464, 5.918, 5.214, 4.794, 4.5, 4.56, 4.34, 3.79, 3.76, 3.58, 2.93, 3.1, 3.32, 3.56, 3.65, 3.09, 3.01, 2.72, 1.51, 0, 1.01, 1.5, 1.54, 1.26, 2.01, 2.09, 2.04, 2.14, 2.75, 4.073, 3.25, 2.22, 2.16, 2.46, 2.54, 2.5, 2.55, 2.63, 2.5, 2.08, 2.22, 2.11, 1.95], [12.495, 13.616, 14.359, 15.16, 15.679, 14.451, 11.283, 10.05, 10.916, 10.378, 9.981, 9.007, 8.192, 8.089, 7.812, 7.334, 7.269, 7.16, 7.172, 7.712, 7.693, 8.03, 8.009, 7.708, 8.319, 8.083, 7.279, 6.938, 7.065, 8.615, 9.4, 8.723, 7.937, 6.299, 4.59, 3.9, 4.03, 4.22, 4.639, 5.451, 7.531, 8.029, 7.476, 6.785, 6.279, 5.572, 5.046, 4.57, 4.632, 4.441, 3.94, 3.85, 3.55, 2.86, 2.95, 3.15, 3.29, 3.52, 2.9, 2.68, 2.49, 1.2, 1.01, 0, 1.11, 1.37, 0.99, 1.88, 2.0, 1.91, 2.05, 2.97, 4.375, 3.613, 2.35, 1.95, 2.15, 2.35, 2.29, 2.46, 2.933, 2.814, 2.41, 2.53, 2.2, 1.64], [12.559, 13.697, 14.444, 15.233, 15.746, 14.515, 11.35, 10.123, 11.003, 10.442, 10.063, 9.035, 8.279, 8.196, 7.925, 7.447, 7.351, 7.247, 7.268, 7.779, 7.749, 8.1, 8.079, 7.772, 8.383, 8.153, 7.346, 6.994, 7.138, 8.679, 9.468, 8.8, 8.027, 6.366, 4.568, 3.75, 3.9, 4.09, 4.53, 5.521, 7.613, 8.128, 7.549, 6.875, 6.343, 5.672, 5.136, 4.52, 4.6, 4.56, 4.19, 4.0, 3.64, 2.75, 2.74, 2.92, 3.06, 3.27, 2.81, 2.67, 2.4, 1.31, 1.5, 1.11, 0, 1.02, 1.04, 1.59, 2.11, 1.9, 2.18, 3.183, 4.553, 3.848, 2.54, 1.54, 1.7, 1.86, 1.74, 2.09, 3.121, 3.0, 2.22, 2.62, 2.13, 1.63], [12.199, 13.33, 14.077, 14.901, 15.417, 14.207, 11.027, 9.783, 10.643, 10.14, 9.74, 8.772, 7.985, 7.9, 7.64, 7.11, 7.065, 6.895, 6.895, 7.427, 7.417, 7.774, 7.774, 7.484, 8.08, 7.85, 7.04, 6.682, 6.803, 8.371, 9.165, 8.529, 7.742, 6.078, 4.32, 3.95, 4.1, 4.11, 4.59, 5.261, 7.322, 7.852, 7.258, 6.561, 6.055, 5.389, 4.9, 4.4, 4.4, 4.58, 4.39, 4.2, 4.0, 3.35, 3.34, 3.44, 3.66, 3.83, 3.35, 3.069, 2.86, 1.71, 1.54, 1.37, 1.02, 0, 1.02, 1.71, 1.73, 1.6, 1.82, 2.71, 4.04, 3.33, 1.96, 1.22, 1.48, 1.68, 1.7, 1.81, 2.585, 2.54, 1.86, 2.08, 1.69, 1.27], [11.996, 13.073, 13.809, 14.593, 15.129, 13.875, 10.73, 9.506, 10.406, 9.823, 9.42, 8.432, 7.645, 7.545, 7.285, 6.787, 6.726, 6.604, 6.625, 7.142, 7.129, 7.472, 7.434, 7.135, 7.743, 7.51, 6.715, 6.359, 6.52, 8.042, 8.828, 8.174, 7.382, 5.72, 4.04, 3.43, 3.58, 3.69, 4.11, 4.915, 6.967, 7.489, 6.915, 6.238, 5.732, 5.046, 4.545, 3.9, 3.94, 4.0, 3.75, 3.68, 3.5, 2.85, 2.96, 3.16, 3.4, 3.53, 3.23, 3.278, 3.014, 1.59, 1.26, 0.99, 1.04, 1.02, 0, 1.33, 1.49, 1.52, 1.7, 2.55, 3.82, 3.05, 1.82, 1.52, 1.98, 2.14, 2.04, 2.01, 2.51, 2.44, 1.84, 2.04, 1.69, 1.41], [11.749, 12.823, 13.562, 14.371, 14.901, 13.666, 10.494, 9.276, 10.156, 9.593, 9.21, 8.202, 7.415, 7.335, 7.055, 6.577, 6.496, 6.374, 6.397, 6.903, 6.893, 7.241, 7.215, 6.925, 7.533, 7.303, 6.505, 6.144, 6.29, 7.833, 8.618, 7.958, 7.185, 5.525, 3.572, 2.94, 3.19, 3.1, 3.576, 4.691, 6.772, 7.293, 6.708, 6.028, 5.502, 4.839, 4.45, 3.67, 3.81, 3.93, 3.68, 3.43, 3.05, 2.52, 2.65, 2.99, 3.25, 3.36, 3.26, 3.385, 3.032, 1.9, 2.01, 1.88, 1.59, 1.71, 1.33, 0, 1.26, 1.13, 1.31, 2.28, 3.57, 2.78, 2.49, 1.85, 2.05, 2.19, 1.95, 1.56, 2.14, 2.41, 2.11, 2.33, 2.24, 2.18], [11.092, 12.217, 12.964, 13.788, 14.304, 13.094, 9.914, 8.67, 9.542, 9.047, 8.647, 7.679, 6.89, 6.79, 6.53, 6.0, 5.95, 5.802, 5.802, 6.314, 6.304, 6.661, 6.661, 6.359, 6.967, 6.737, 5.927, 5.569, 5.69, 7.264, 8.052, 7.419, 6.629, 4.979, 3.17, 2.98, 3.13, 3.02, 3.32, 4.2, 6.209, 6.759, 6.145, 5.448, 4.942, 4.336, 4.03, 3.39, 3.53, 3.69, 3.58, 3.51, 3.41, 3.18, 3.41, 3.75, 3.99, 4.1, 3.933, 4.064, 3.64, 2.38, 2.09, 2.0, 2.11, 1.73, 1.49, 1.26, 0, 0.89, 1.11, 1.74, 2.89, 2.12, 1.99, 1.89, 2.21, 2.29, 2.25, 1.8, 1.54, 1.69, 1.81, 1.81, 2.02, 2.08], [10.941, 12.064, 12.828, 13.638, 14.154, 12.944, 9.781, 8.537, 9.397, 8.914, 8.514, 7.526, 6.779, 6.66, 6.4, 5.89, 5.82, 5.669, 5.669, 6.181, 6.171, 6.528, 6.528, 6.229, 6.817, 6.587, 5.777, 5.419, 5.557, 7.128, 7.902, 7.286, 6.476, 4.832, 3.14, 2.99, 3.12, 3.01, 3.29, 4.09, 6.076, 6.606, 5.992, 5.315, 4.809, 4.21, 4.06, 3.44, 3.54, 3.78, 3.57, 3.34, 3.16, 2.93, 3.16, 3.6, 3.84, 3.99, 3.926, 3.986, 3.616, 2.37, 2.04, 1.91, 1.9, 1.6, 1.52, 1.13, 0.89, 0, 0.82, 1.43, 2.84, 2.11, 1.94, 1.58, 2.12, 2.22, 2.22, 1.73, 1.35, 1.68, 1.54, 1.74, 1.83, 1.93], [10.896, 12.007, 12.774, 13.604, 14.12, 12.907, 9.744, 8.52, 9.36, 8.88, 8.48, 7.51, 6.76, 6.68, 6.4, 5.93, 5.84, 5.67, 5.67, 6.17, 6.16, 6.491, 6.491, 6.201, 6.795, 6.565, 5.775, 5.448, 5.5, 7.074, 7.874, 7.269, 6.479, 4.81, 3.14, 2.97, 3.1, 3.09, 3.39, 4.09, 6.1, 6.59, 5.99, 5.31, 4.812, 4.33, 4.12, 3.5, 3.6, 3.82, 3.57, 3.46, 3.28, 3.01, 3.2, 3.58, 3.78, 3.99, 4.103, 4.12, 3.773, 2.51, 2.14, 2.05, 2.18, 1.82, 1.7, 1.31, 1.11, 0.82, 0, 1.41, 2.76, 2.05, 1.94, 1.7, 2.22, 2.2, 2.14, 1.65, 1.27, 1.82, 1.88, 1.98, 1.93, 2.07], [9.712, 10.812, 11.564, 12.394, 12.91, 11.697, 8.534, 7.31, 8.17, 7.67, 7.27, 6.3, 5.59, 5.49, 5.23, 4.82, 4.77, 4.58, 4.54, 5.04, 5.03, 5.301, 5.261, 4.991, 5.585, 5.355, 4.565, 4.35, 4.31, 5.864, 6.684, 6.079, 5.29, 3.68, 3.05, 3.2, 3.29, 3.16, 3.18, 3.0, 4.99, 5.44, 4.82, 4.18, 3.78, 3.48, 3.61, 3.59, 3.63, 3.83, 3.68, 3.59, 3.49, 3.54, 3.71, 4.19, 4.31, 4.52, 4.744, 5.206, 4.781, 3.504, 2.75, 2.97, 3.183, 2.71, 2.55, 2.28, 1.74, 1.43, 1.41, 0, 1.71, 1.44, 1.95, 2.51, 3.15, 3.31, 3.33, 2.68, 1.14, 1.57, 1.75, 1.89, 2.26, 2.92], [8.284, 9.473, 10.126, 10.91, 11.44, 10.213, 7.09, 5.88, 6.74, 6.26, 5.9, 4.97, 4.34, 4.28, 4.02, 3.61, 3.5, 3.39, 3.35, 3.71, 3.64, 3.92, 3.86, 3.59, 4.229, 3.965, 3.29, 3.06, 2.96, 4.44, 5.24, 4.75, 3.9, 2.77, 3.16, 3.57, 3.68, 3.47, 3.33, 2.47, 3.74, 4.19, 3.61, 2.95, 2.59, 2.51, 3.68, 3.96, 4.04, 3.98, 4.09, 3.96, 4.22, 4.71, 4.92, 5.4, 5.46, 5.63, 6.234, 6.725, 6.347, 4.94, 4.073, 4.375, 4.553, 4.04, 3.82, 3.57, 2.89, 2.84, 2.76, 1.71, 0, 1.29, 2.8, 3.64, 4.46, 4.66, 4.76, 4.09, 2.11, 2.26, 2.6, 2.52, 3.15, 4.07], [9.394, 10.483, 11.162, 11.98, 12.539, 11.303, 8.2, 7.03, 7.93, 7.41, 6.99, 5.98, 5.35, 5.29, 5.05, 4.66, 4.55, 4.32, 4.32, 4.82, 4.81, 5.01, 4.95, 4.66, 5.22, 4.95, 4.28, 4.09, 4.07, 5.53, 6.37, 5.74, 4.89, 3.52,