[[0, 1.69, 1.63, 2.03, 3.14, 3.25, 2.48, 2.13, 2.12, 2.24, 2.38, 3.09, 2.71, 2.74, 2.02, 2.04, 1.28, 1.98, 2.62, 3.0, 2.82, 2.37, 1.56, 1.41, 1.9, 2.27, 2.77, 2.84, 2.23, 2.01, 1.94, 2.03, 2.05, 1.89, 1.75, 1.98, 3.47, 4.82, 5.98, 6.28, 6.35, 5.86, 4.84, 4.73, 5.11, 5.51, 6.162, 7.922, 9.432, 9.965, 9.975, 10.815, 10.736, 10.533, 8.989, 7.666, 7.835, 8.045, 8.225, 8.186, 7.199, 6.236, 5.08, 4.349, 3.789, 3.532, 4.553, 5.46, 6.12, 5.44, 4.77, 4.18, 4.81, 4.53, 3.32, 2.65, 2.75, 2.43, 2.02, 2.7, 3.38, 3.96, 5.57, 6.46, 5.85, 5.1], [1.69, 0, 1.0, 2.04, 2.53, 2.42, 1.85, 2.52, 2.29, 2.05, 1.61, 2.0, 2.04, 2.29, 2.23, 2.19, 1.61, 2.79, 3.87, 4.27, 3.87, 3.18, 2.33, 1.44, 1.33, 1.54, 1.82, 2.01, 1.76, 1.86, 1.37, 1.38, 1.96, 1.96, 1.46, 1.11, 2.32, 3.55, 4.79, 5.37, 5.48, 5.31, 4.69, 4.56, 4.46, 4.68, 5.41, 7.19, 8.56, 8.77, 9.06, 9.72, 9.59, 9.39, 7.88, 6.68, 6.74, 6.91, 6.97, 7.02, 6.087, 5.17, 4.14, 3.44, 3.04, 2.8, 3.45, 4.37, 4.93, 4.23, 3.5, 2.91, 3.6, 3.44, 2.33, 1.98, 2.6, 1.9, 1.27, 1.65, 2.19, 2.79, 4.28, 5.17, 4.82, 4.69], [1.63, 1.0, 0, 1.74, 2.17, 2.3, 1.53, 2.24, 2.03, 1.85, 1.37, 1.82, 2.14, 2.27, 2.03, 1.99, 1.41, 2.39, 3.45, 3.85, 3.45, 2.78, 2.07, 1.36, 1.37, 1.26, 1.6, 1.65, 1.42, 1.72, 1.21, 0.94, 1.62, 1.5, 1.26, 1.31, 2.72, 3.91, 5.07, 5.55, 5.6, 5.39, 4.75, 4.66, 4.6, 4.8, 5.61, 7.33, 8.7, 9.13, 9.24, 10.0, 9.921, 9.71, 8.214, 7.02, 6.98, 7.25, 7.39, 7.342, 6.415, 5.47, 4.34, 3.7, 3.18, 3.0, 3.83, 4.69, 5.29, 4.59, 3.88, 3.33, 3.96, 3.64, 2.73, 2.28, 2.72, 1.96, 1.27, 1.59, 2.35, 3.07, 4.68, 5.57, 5.04, 5.07], [2.03, 2.04, 1.74, 0, 1.35, 1.9, 1.59, 1.22, 1.15, 1.35, 1.33, 2.02, 1.14, 1.33, 1.19, 1.57, 1.67, 1.85, 2.39, 2.67, 2.53, 1.98, 1.47, 2.12, 2.37, 1.8, 1.62, 1.49, 1.08, 0.76, 1.37, 1.32, 0.98, 0.86, 1.36, 2.71, 4.14, 5.41, 6.53, 7.05, 7.2, 6.93, 6.25, 6.08, 6.04, 6.36, 6.89, 8.71, 10.1, 10.71, 10.78, 11.66, 11.524, 11.41, 9.9, 8.62, 8.54, 8.624, 8.864, 8.951, 7.987, 7.11, 6.0, 5.2, 4.66, 4.5, 5.47, 6.29, 6.87, 6.11, 5.44, 4.87, 5.5, 5.24, 4.07, 3.46, 4.02, 3.32, 2.45, 2.87, 3.95, 4.77, 6.14, 7.05, 6.56, 6.15], [3.14, 2.53, 2.17, 1.35, 0, 1.41, 1.4, 1.67, 1.94, 1.7, 1.72, 1.85, 1.35, 1.6, 1.84, 2.22, 2.58, 2.84, 3.1, 3.3, 3.26, 2.81, 2.4, 3.15, 3.28, 2.49, 1.77, 1.52, 1.65, 1.49, 1.9, 1.89, 1.39, 1.39, 2.03, 3.04, 4.33, 5.58, 6.76, 7.26, 7.41, 7.24, 6.74, 6.63, 6.49, 6.71, 7.42, 9.12, 10.49, 10.74, 11.01, 11.69, 11.48, 11.38, 9.93, 8.89, 8.61, 8.98, 9.02, 8.89, 7.969, 7.18, 6.11, 5.43, 5.13, 4.91, 5.6, 6.32, 6.82, 6.12, 5.43, 4.9, 5.65, 5.45, 4.54, 4.21, 4.67, 3.95, 3.06, 2.86, 3.92, 4.78, 6.21, 7.08, 6.83, 7.08], [3.25, 2.42, 2.3, 1.9, 1.41, 0, 1.23, 2.18, 1.97, 1.85, 1.53, 1.5, 1.38, 2.19, 2.25, 2.75, 2.83, 3.23, 3.55, 3.75, 3.73, 3.24, 2.83, 3.12, 3.01, 2.18, 1.38, 1.33, 1.6, 1.72, 1.87, 1.88, 1.54, 1.74, 2.0, 2.83, 4.0, 5.09, 6.23, 6.77, 6.96, 6.93, 6.35, 6.2, 6.12, 6.4, 7.17, 8.85, 10.2, 10.31, 10.62, 11.22, 10.79, 10.71, 9.24, 8.42, 8.22, 8.65, 8.49, 8.18, 7.29, 6.57, 5.52, 5.1, 4.94, 4.7, 4.95, 5.65, 6.11, 5.45, 4.74, 4.23, 5.28, 5.06, 4.15, 3.9, 4.4, 3.54, 2.81, 2.41, 3.27, 4.21, 5.7, 6.47, 6.48, 6.79], [2.48, 1.85, 1.53, 1.59, 1.4, 1.23, 0, 1.69, 1.38, 1.36, 1.22, 1.55, 1.75, 2.12, 2.04, 2.18, 2.16, 2.7, 3.12, 3.36, 3.34, 2.83, 2.3, 2.53, 2.54, 1.79, 1.11, 1.02, 1.01, 1.17, 1.28, 1.13, 1.01, 1.11, 1.35, 2.38, 3.71, 4.74, 5.88, 6.3, 6.43, 6.38, 5.82, 5.71, 5.53, 5.75, 6.54, 8.24, 9.61, 9.88, 10.01, 10.75, 10.588, 10.46, 8.89, 8.01, 7.77, 8.12, 8.2, 8.052, 7.079, 6.18, 5.01, 4.55, 4.21, 3.95, 4.6, 5.34, 5.96, 5.28, 4.65, 4.16, 4.89, 4.57, 3.86, 3.43, 3.77, 3.09, 2.36, 2.14, 3.14, 3.94, 5.53, 6.32, 5.99, 6.22], [2.13, 2.52, 2.24, 1.22, 1.67, 2.18, 1.69, 0, 1.19, 1.31, 1.81, 2.62, 1.8, 1.57, 1.23, 1.85, 1.99, 1.63, 2.21, 2.35, 2.15, 1.74, 1.49, 2.16, 2.59, 2.2, 2.0, 2.01, 1.72, 1.48, 1.75, 1.78, 1.26, 1.4, 1.92, 3.13, 4.56, 5.95, 7.07, 7.49, 7.6, 7.31, 6.69, 6.5, 6.36, 6.76, 7.35, 9.23, 10.64, 11.09, 11.22, 12.02, 11.781, 11.67, 10.14, 8.9, 8.9, 9.11, 9.258, 9.248, 8.284, 7.41, 6.28, 5.432, 4.972, 4.752, 5.75, 6.57, 7.15, 6.47, 5.8, 5.27, 5.86, 5.68, 4.43, 3.98, 4.36, 3.58, 2.77, 3.31, 4.33, 5.17, 6.62, 7.49, 6.92, 6.53], [2.12, 2.29, 2.03, 1.15, 1.94, 1.97, 1.38, 1.19, 0, 0.94, 1.28, 1.97, 1.61, 2.04, 1.62, 2.28, 2.24, 2.04, 2.34, 2.62, 2.62, 2.13, 1.64, 1.93, 2.18, 1.73, 1.41, 1.4, 1.01, 1.07, 1.42, 1.31, 1.03, 1.29, 1.51, 2.82, 4.23, 5.48, 6.62, 7.16, 7.27, 6.96, 6.36, 6.21, 6.09, 6.37, 6.92, 8.78, 10.15, 10.72, 10.83, 11.63, 11.534, 11.4, 9.91, 8.607, 8.547, 8.68, 8.874, 8.961, 7.994, 7.1, 5.97, 5.179, 4.679, 4.479, 5.46, 6.3, 6.88, 6.14, 5.45, 4.94, 5.57, 5.33, 4.1, 3.55, 3.97, 3.31, 2.56, 3.04, 4.06, 4.84, 6.19, 7.1, 6.57, 6.1], [2.24, 2.05, 1.85, 1.35, 1.7, 1.85, 1.36, 1.31, 0.94, 0, 1.14, 1.59, 1.39, 1.78, 1.44, 2.3, 2.12, 2.16, 2.64, 3.0, 2.88, 2.41, 1.86, 1.85, 2.14, 1.71, 1.37, 1.54, 1.19, 1.25, 1.38, 1.19, 1.21, 1.39, 1.75, 2.64, 3.91, 5.32, 6.5, 7.08, 7.25, 7.0, 6.36, 6.21, 6.05, 6.37, 6.98, 8.88, 10.21, 10.56, 10.85, 11.55, 11.24, 11.18, 9.69, 8.41, 8.39, 8.56, 8.62, 8.667, 7.714, 6.94, 5.91, 5.047, 4.607, 4.407, 5.28, 6.12, 6.6, 5.84, 5.19, 4.64, 5.27, 5.21, 3.92, 3.61, 4.07, 3.27, 2.2, 2.68, 3.76, 4.64, 5.93, 6.82, 6.49, 6.2], [2.38, 1.61, 1.37, 1.33, 1.72, 1.53, 1.22, 1.81, 1.28, 1.14, 0, 1.11, 1.47, 2.24, 2.08, 2.38, 2.12, 2.68, 3.2, 3.52, 3.38, 2.93, 2.32, 2.05, 1.82, 1.05, 0.99, 1.08, 0.83, 1.05, 0.96, 0.75, 1.09, 1.39, 1.37, 2.12, 3.41, 4.74, 5.88, 6.42, 6.57, 6.3, 5.68, 5.49, 5.39, 5.71, 6.3, 8.14, 9.49, 10.0, 10.15, 10.97, 10.78, 10.7, 9.19, 7.93, 7.83, 7.92, 8.12, 8.207, 7.243, 6.4, 5.31, 4.49, 4.03, 3.83, 4.76, 5.58, 6.14, 5.36, 4.69, 4.16, 4.79, 4.57, 3.42, 2.89, 3.47, 2.67, 1.92, 2.18, 3.24, 4.06, 5.43, 6.3, 5.87, 5.66], [3.09, 2.0, 1.82, 2.02, 1.85, 1.5, 1.55, 2.62, 1.97, 1.59, 1.11, 0, 1.56, 2.45, 2.51, 2.87, 2.77, 3.37, 3.93, 4.29, 4.15, 3.66, 3.03, 2.62, 2.19, 1.24, 1.0, 1.07, 1.42, 1.68, 1.41, 1.32, 1.6, 1.86, 1.76, 1.91, 2.86, 4.17, 5.43, 6.05, 6.18, 5.97, 5.39, 5.22, 5.1, 5.32, 5.97, 7.79, 9.16, 9.45, 9.74, 10.46, 10.21, 10.07, 8.64, 7.5, 7.32, 7.53, 7.59, 7.6, 6.664, 5.87, 4.84, 4.1, 4.16, 3.88, 4.23, 5.07, 5.53, 4.79, 4.1, 3.49, 4.24, 4.14, 3.15, 2.76, 3.34, 2.58, 2.21, 2.15, 2.67, 3.55, 4.82, 5.73, 5.48, 5.65], [2.71, 2.04, 2.14, 1.14, 1.35, 1.38, 1.75, 1.8, 1.61, 1.39, 1.47, 1.56, 0, 1.29, 1.57, 2.11, 2.33, 2.63, 3.21, 3.49, 3.39, 2.86, 2.23, 2.56, 2.83, 2.2, 1.76, 1.55, 1.4, 1.32, 1.69, 1.68, 1.5, 1.54, 1.84, 2.79, 4.06, 5.33, 6.53, 7.25, 7.42, 7.25, 6.63, 6.5, 6.38, 6.6, 7.27, 9.07, 10.38, 10.67, 10.96, 11.64, 11.31, 11.23, 9.78, 8.56, 8.54, 8.63, 8.67, 8.7, 7.787, 7.05, 6.04, 5.3, 4.88, 4.7, 5.33, 6.23, 6.65, 5.81, 5.16, 4.63, 5.42, 5.32, 4.13, 3.9, 4.5, 3.68, 2.51, 2.65, 3.77, 4.71, 5.88, 6.79, 6.64, 6.59], [2.74, 2.29, 2.27, 1.33, 1.6, 2.19, 2.12, 1.57, 2.04, 1.78, 2.24, 2.45, 1.29, 0, 0.9, 1.24, 2.08, 1.8, 2.52, 2.6, 2.34, 1.83, 2.08, 2.53, 3.0, 2.61, 2.25, 2.22, 1.97, 1.75, 2.02, 2.03, 1.85, 1.61, 2.05, 3.06, 4.43, 5.62, 6.86, 7.48, 7.61, 7.46, 6.84, 6.73, 6.61, 6.83, 7.56, 9.32, 10.69, 10.9, 11.17, 11.83, 11.66, 11.46, 9.99, 8.79, 8.83, 9.06, 9.02, 9.058, 8.111, 7.24, 6.23, 5.59, 5.15, 4.91, 5.56, 6.44, 7.0, 6.26, 5.55, 4.94, 5.69, 5.53, 4.36, 4.19, 4.71, 3.91, 2.88, 3.0, 4.08, 4.9, 6.35, 7.22, 6.95, 6.84], [2.02, 2.23, 2.03, 1.19, 1.84, 2.25, 2.04, 1.23, 1.62, 1.44, 2.08, 2.51, 1.57, 0.9, 0, 1.2, 1.64, 1.42, 2.14, 2.42, 2.16, 1.57, 1.5, 1.89, 2.52, 2.35, 2.21, 2.18, 1.83, 1.63, 1.96, 1.91, 1.57, 1.39, 1.89, 2.82, 4.25, 5.64, 6.86, 7.32, 7.43, 7.22, 6.52, 6.29, 6.15, 6.57, 7.3, 9.12, 10.49, 10.86, 11.03, 11.79, 11.54, 11.4, 9.87, 8.61, 8.65, 8.92, 9.04, 9.001, 8.014, 7.16, 6.03, 5.207, 4.75, 4.47, 5.48, 6.34, 6.9, 6.22, 5.55, 4.98, 5.57, 5.41, 4.12, 3.87, 4.29, 3.37, 2.34, 2.92, 4.02, 4.86, 6.35, 7.24, 6.73, 6.44], [2.04, 2.19, 1.99, 1.57, 2.22, 2.75, 2.18, 1.85, 2.28, 2.3, 2.38, 2.87, 2.11, 1.24, 1.2, 0, 1.48, 1.8, 2.66, 2.78, 2.38, 1.77, 1.84, 2.31, 2.82, 2.63, 2.47, 2.38, 1.99, 1.81, 2.04, 2.03, 1.91, 1.57, 1.87, 2.48, 3.97, 5.12, 6.28, 6.66, 6.73, 6.52, 5.82, 5.71, 5.67, 5.93, 6.74, 8.44, 9.83, 10.314, 10.39, 11.21, 11.088, 10.9, 9.384, 8.19, 8.19, 8.44, 8.58, 8.532, 7.576, 6.66, 5.49, 4.83, 4.31, 4.11, 4.98, 5.84, 6.46, 5.76, 5.09, 4.5, 5.29, 4.99, 3.9, 3.59, 4.13, 3.37, 2.64, 2.76, 3.82, 4.44, 5.89, 6.78, 6.19, 6.02], [1.28, 1.61, 1.41, 1.67, 2.58, 2.83, 2.16, 1.99, 2.24, 2.12, 2.12, 2.77, 2.33, 2.08, 1.64, 1.48, 0, 1.58, 2.52, 2.94, 2.74, 2.25, 1.68, 1.73, 2.14, 2.15, 2.35, 2.46, 1.97, 1.87, 1.76, 1.77, 1.95, 1.63, 1.67, 2.1, 3.59, 4.88, 6.04, 6.38, 6.43, 6.04, 5.28, 5.03, 5.25, 5.63, 6.42, 8.12, 9.53, 10.03, 10.1, 10.88, 10.79, 10.587, 9.032, 7.78, 7.9, 8.13, 8.274, 8.245, 7.155, 6.21, 5.137, 4.363, 3.823, 3.59, 4.507, 5.46, 6.2, 5.52, 4.85, 4.28, 4.89, 4.59, 3.52, 3.03, 3.27, 2.53, 1.78, 2.4, 3.44, 4.08, 5.67, 6.54, 5.93, 5.46], [1.98, 2.79, 2.39, 1.85, 2.84, 3.23, 2.7, 1.63, 2.04, 2.16, 2.68, 3.37, 2.63, 1.8, 1.42, 1.8, 1.58, 0, 1.26, 1.58, 1.48, 1.11, 1.36, 1.95, 2.74, 2.73, 2.87, 2.94, 2.41, 2.19, 2.3, 2.39, 2.09, 2.01, 2.15, 3.36, 4.93, 6.26, 7.42, 7.82, 7.87, 7.38, 6.66, 6.41, 6.61, 6.99, 7.681, 9.48, 10.95, 11.424, 11.514, 12.294, 12.164, 11.981, 10.421, 9.164, 9.274, 9.484, 9.645, 9.625, 8.538, 7.547, 6.55, 5.657, 5.12, 4.84, 5.884, 6.84, 7.575, 6.9, 6.23, 5.64, 6.25, 5.89, 4.7, 4.07, 4.05, 3.61, 2.94, 3.6, 4.68, 5.34, 7.03, 7.92, 7.31, 6.62], [2.62, 3.87, 3.45, 2.39, 3.1, 3.55, 3.12, 2.21, 2.34, 2.64, 3.2, 3.93, 3.21, 2.52, 2.14, 2.66, 2.52, 1.26, 0, 0.74, 1.34, 1.41, 1.82, 2.93, 3.74, 3.55, 3.35, 3.42, 2.97, 2.61, 3.1, 3.05, 2.55, 2.45, 3.01, 4.46, 6.03, 7.36, 8.52, 8.84, 8.91, 8.42, 7.42, 7.25, 7.67, 8.065, 8.701, 10.461, 11.971, 12.504, 12.514, 13.354, 13.264, 13.061, 11.506, 10.194, 10.374, 10.584, 10.748, 10.704, 9.624, 8.626, 7.605, 6.763, 6.183, 5.923, 6.947, 7.935, 8.675, 8.0, 7.33, 6.74, 7.35, 6.99, 5.8, 4.99, 4.93, 4.69, 4.04, 4.68, 5.76, 6.44, 8.13, 9.02, 8.41, 7.66], [3.0, 4.27, 3.85, 2.67, 3.3, 3.75, 3.36, 2.35, 2.62, 3.0, 3.52, 4.29, 3.49, 2.6, 2.42, 2.78, 2.94, 1.58, 0.74, 0, 1.16, 1.41, 2.08, 3.33, 4.14, 3.91, 3.71, 3.64, 3.27, 2.79, 3.46, 3.45, 2.85, 2.75, 3.31, 4.86, 6.43, 7.76, 8.92, 9.24, 9.31, 8.82, 7.84, 7.65, 8.07, 8.462, 9.098, 10.858, 12.368, 12.901, 12.911, 13.751, 13.661, 13.458, 11.906, 10.591, 10.771, 10.981, 11.151, 11.107, 10.035, 9.032, 8.002, 7.169, 6.589, 6.309, 7.333, 8.34, 9.072, 8.4, 7.73, 7.14, 7.75, 7.39, 6.2, 5.39, 5.33, 5.09, 4.44, 5.08, 6.16, 6.84, 8.53, 9.42, 8.81, 8.06], [2.82, 3.87, 3.45, 2.53, 3.26, 3.73, 3.34, 2.15, 2.62, 2.88, 3.38, 4.15, 3.39, 2.34, 2.16, 2.38, 2.74, 1.48, 1.34, 1.16, 0, 0.93, 1.84, 2.93, 3.74, 3.57, 3.61, 3.7, 3.15, 2.75, 3.2, 3.17, 2.79, 2.59, 3.03, 4.46, 6.03, 7.36, 8.52, 8.84, 8.91, 8.48, 7.58, 7.37, 7.67, 8.07, 8.716, 10.476, 11.986, 12.519, 12.529, 13.389, 13.279, 13.12, 11.524, 10.267, 10.389, 10.599, 10.772, 10.728, 9.701, 8.776, 7.626, 6.852, 6.292, 6.07, 7.08, 7.98, 8.68, 8.0, 7.33, 6.74, 7.35, 6.99, 5.8, 5.01, 5.11, 4.73, 4.06, 4.68, 5.76, 6.48, 8.13, 9.02, 8.41, 7.72], [2.37, 3.18, 2.78, 1.98, 2.81, 3.24, 2.83, 1.74, 2.13, 2.41, 2.93, 3.66, 2.86, 1.83, 1.57, 1.77, 2.25, 1.11, 1.41, 1.41, 0.93, 0, 1.29, 2.24, 3.07, 3.02, 3.08, 3.11, 2.64, 2.38, 2.71, 2.68, 2.22, 2.16, 2.44, 3.75, 5.32, 6.67, 7.81, 8.13, 8.26, 7.91, 7.09, 6.88, 6.98, 7.44, 8.03, 9.83, 11.32, 11.85, 11.88, 12.74, 12.581, 12.45, 10.82, 9.62, 9.705, 9.895, 10.075, 10.036, 9.063, 8.15, 6.98, 6.213, 5.673, 5.443, 6.47, 7.31, 7.97, 7.29, 6.62, 6.03, 6.64, 6.34, 5.09, 4.44, 4.54, 4.12, 3.39, 4.01, 5.05, 5.83, 7.42, 8.31, 7.7, 7.11], [1.56, 2.33, 2.07, 1.47, 2.4, 2.83, 2.3, 1.49, 1.64, 1.86, 2.32, 3.03, 2.23, 2.08, 1.5, 1.84, 1.68, 1.36, 1.82, 2.08, 1.84, 1.29, 0, 1.65, 2.34, 2.37, 2.53, 2.52, 2.05, 1.71, 2.02, 2.03, 1.73, 1.63, 1.71, 2.94, 4.47, 5.8, 6.96, 7.28, 7.39, 7.06, 6.22, 6.05, 6.15, 6.55, 7.18, 8.94, 10.45, 10.997, 11.01, 11.87, 11.768, 11.58, 10.027, 8.77, 8.858, 9.051, 9.231, 9.209, 8.25, 7.32, 6.17, 5.401, 4.853, 4.613, 5.64, 6.52, 7.14, 6.44, 5.77, 5.18, 5.79, 5.45, 4.24, 3.55, 3.73, 3.29, 2.64, 3.2, 4.2, 4.96, 6.57, 7.46, 6.85, 6.22], [1.41, 1.44, 1.36, 2.12, 3.15, 3.12, 2.53, 2.16, 1.93, 1.85, 2.05, 2.62, 2.56, 2.53, 1.89, 2.31, 1.73, 1.95, 2.93, 3.33, 2.93, 2.24, 1.65, 0, 1.27, 1.7, 2.38, 2.45, 2.14, 2.26, 1.97, 1.7, 2.22, 2.3, 1.98, 1.73, 3.1, 4.51, 5.67, 6.05, 6.2, 5.89, 5.19, 5.0, 4.98, 5.34, 5.87, 7.75, 9.2, 9.69, 9.78, 10.62, 10.47, 10.33, 8.82, 7.52, 7.5, 7.746, 7.89, 7.888, 6.938, 6.09, 4.94, 4.129, 3.669, 3.429, 4.41, 5.23, 5.81, 5.11, 4.42, 3.83, 4.42, 4.22, 2.95, 2.48, 2.78, 2.26, 1.49, 2.23, 2.89, 3.75, 5.2, 6.09, 5.52, 5.03], [1.9, 1.33, 1.37, 2.37, 3.28, 3.01, 2.54, 2.59, 2.18, 2.14, 1.82, 2.19, 2.83, 3.0, 2.52, 2.82, 2.14, 2.74, 3.74, 4.14, 3.74, 3.07, 2.34, 1.27, 0, 1.15, 2.05, 2.16, 2.01, 2.23, 1.74, 1.63, 2.15, 2.43, 1.77, 1.52, 2.33, 3.62, 4.78, 5.24, 5.35, 5.04, 4.4, 4.23, 4.13, 4.45, 5.08, 6.88, 8.29, 8.857, 8.91, 9.79, 9.711, 9.54, 8.047, 6.75, 6.721, 6.882, 7.068, 7.135, 6.168, 5.24, 4.13, 3.364, 3.03, 2.79, 3.6, 4.46, 5.06, 4.34, 3.63, 3.02, 3.67, 3.37, 2.14, 1.57, 2.07, 1.39, 1.24, 1.98, 2.24, 2.9, 4.39, 5.28, 4.73, 4.2], [2.27, 1.54, 1.26, 1.8, 2.49, 2.18, 1.79, 2.2, 1.73, 1.71, 1.05, 1.24, 2.2, 2.61, 2.35, 2.63, 2.15, 2.73, 3.55, 3.91, 3.57, 3.02, 2.37, 1.7, 1.15, 0, 1.04, 1.29, 1.26, 1.6, 1.03, 0.9, 1.58, 1.82, 1.44, 1.37, 2.62, 3.91, 5.09, 5.67, 5.78, 5.49, 4.87, 4.7, 4.58, 4.92, 5.45, 7.33, 8.7, 9.21, 9.36, 10.16, 10.01, 9.89, 8.38, 7.1, 7.04, 7.15, 7.35, 7.434, 6.467, 5.61, 4.5, 3.7, 3.48, 3.24, 3.97, 4.81, 5.35, 4.61, 3.92, 3.33, 4.0, 3.8, 2.57, 2.04, 2.58, 1.82, 1.49, 1.77, 2.47, 3.29, 4.62, 5.55, 5.04, 4.77], [2.77, 1.82, 1.6, 1.62, 1.77, 1.38, 1.11, 2.0, 1.41, 1.37, 0.99, 1.0, 1.76, 2.25, 2.21, 2.47, 2.35, 2.87, 3.35, 3.71, 3.61, 3.08, 2.53, 2.38, 2.05, 1.04, 0, 0.67, 0.82, 1.18, 1.19, 1.0, 1.18, 1.44, 1.3, 1.87, 3.14, 4.41, 5.57, 6.09, 6.26, 6.01, 5.41, 5.3, 5.16, 5.44, 6.07, 7.85, 9.22, 9.65, 9.84, 10.6, 10.45, 10.35, 8.84, 7.64, 7.5, 7.63, 7.83, 7.86, 6.896, 6.07, 4.94, 4.22, 4.06, 3.78, 4.41, 5.23, 5.77, 5.07, 4.34, 3.81, 4.44, 4.22, 3.23, 2.74, 3.34, 2.54, 2.21, 2.25, 2.87, 3.71, 5.06, 5.99, 5.52, 5.63], [2.84, 2.01, 1.65, 1.49, 1.52, 1.33, 1.02, 2.01, 1.4, 1.54, 1.08, 1.07, 1.55, 2.22, 2.18, 2.38, 2.46, 2.94, 3.42, 3.64, 3.7, 3.11, 2.52, 2.45, 2.16, 1.29, 0.67, 0, 0.81, 1.11, 1.26, 1.15, 1.13, 1.31, 1.25, 2.12, 3.25, 4.4, 5.54, 6.1, 6.25, 6.04, 5.48, 5.37, 5.19, 5.45, 6.04, 7.82, 9.13, 9.7, 9.79, 10.65, 10.477, 10.38, 8.91, 7.85, 7.51, 7.7, 7.9, 7.904, 6.94, 6.1, 5.01, 4.29, 4.17, 3.93, 4.54, 5.28, 5.84, 5.08, 4.43, 3.94, 4.55, 4.29, 3.52, 2.95, 3.47, 2.77, 2.34, 2.12, 2.92, 3.76, 5.09, 6.02, 5.65, 5.84], [2.23, 1.76, 1.42, 1.08, 1.65, 1.6, 1.01, 1.72, 1.01, 1.19, 0.83, 1.42, 1.4, 1.97, 1.83, 1.99, 1.97, 2.41, 2.97, 3.27, 3.15, 2.64, 2.05, 2.14, 2.01, 1.26, 0.82, 0.81, 0, 0.72, 0.83, 0.78, 0.92, 0.96, 1.02, 2.15, 3.5, 4.71, 5.85, 6.41, 6.56, 6.27, 5.63, 5.52, 5.4, 5.72, 6.27, 8.09, 9.44, 10.03, 10.12, 10.98, 10.81, 10.73, 9.22, 8.02, 7.86, 7.89, 8.15, 8.237, 7.273, 6.43, 5.32, 4.56, 4.08, 3.9, 4.79, 5.61, 6.17, 5.37, 4.72, 4.21, 4.82, 4.58, 3.61, 2.92, 3.48, 2.76, 2.11, 2.25, 3.27, 4.09, 5.42, 6.31, 5.86, 5.77], [2.01, 1.86, 1.72, 0.76, 1.49, 1.72, 1.17, 1.48, 1.07, 1.25, 1.05, 1.68, 1.32, 1.75, 1.63, 1.81, 1.87, 2.19, 2.61, 2.79, 2.75, 2.38, 1.71, 2.26, 2.23, 1.6, 1.18, 1.11, 0.72, 0, 0.99, 0.96, 0.88, 0.72, 0.96, 2.45, 3.96, 5.15, 6.31, 6.77, 6.92, 6.57, 5.81, 5.7, 5.74, 6.02, 6.61, 8.33, 9.82, 10.447, 10.457, 11.36, 11.301, 11.13, 9.637, 8.4, 8.311, 8.43, 8.641, 8.725, 7.758, 6.827, 5.7, 5.0, 4.42, 4.26, 5.19, 6.05, 6.65, 5.91, 5.22, 4.61, 5.26, 4.92, 3.91, 3.02, 3.68, 3.1, 2.43, 2.69, 3.71, 4.47, 5.92, 6.85, 6.32, 5.91], [1.94, 1.37, 1.21, 1.37, 1.9, 1.87, 1.28, 1.75, 1.42, 1.38, 0.96, 1.41, 1.69, 2.02, 1.96, 2.04, 1.76, 2.3, 3.1, 3.46, 3.2, 2.71, 2.02, 1.97, 1.74, 1.03, 1.19, 1.26, 0.83, 0.99, 0, 0.77, 1.25, 1.25, 1.13, 1.84, 3.25, 4.34, 5.64, 6.24, 6.31, 5.98, 5.4, 5.29, 5.25, 5.47, 6.04, 7.86, 9.25, 9.68, 9.91, 10.65, 10.5, 10.32, 8.87, 7.71, 7.57, 7.74, 7.88, 7.924, 6.994, 6.08, 5.01, 4.31, 3.87, 3.67, 4.42, 5.3, 5.84, 5.08, 4.41, 3.82, 4.57, 4.35, 3.24, 2.67, 3.25, 2.53, 1.86, 1.98, 2.98, 3.74, 5.11, 6.02, 5.67, 5.44], [2.03, 1.38, 0.94, 1.32, 1.89, 1.88, 1.13, 1.78, 1.31, 1.19, 0.75, 1.32, 1.68, 2.03, 1.91, 2.03, 1.77, 2.39, 3.05, 3.45, 3.17, 2.68, 2.03, 1.7, 1.63, 0.9, 1.0, 1.15, 0.78, 0.96, 0.77, 0, 1.06, 1.06, 1.08, 1.71, 3.14, 4.39, 5.53, 6.03, 6.12, 5.87, 5.23, 5.14, 5.0, 5.3, 5.95, 7.75, 9.1, 9.65, 9.74, 10.56, 10.424, 10.27, 8.78, 7.54, 7.46, 7.65, 7.804, 7.848, 6.881, 5.99, 4.88, 4.14, 3.58, 3.46, 4.35, 5.21, 5.77, 5.03, 4.38, 3.77, 4.4, 4.16, 3.17, 2.56, 3.12, 2.4, 1.67, 1.85, 2.89, 3.69, 5.12, 6.01, 5.48, 5.37], [2.05, 1.96, 1.62, 0.98, 1.39, 1.54, 1.01, 1.26, 1.03, 1.21, 1.09, 1.6, 1.5, 1.85, 1.57, 1.91, 1.95, 2.09, 2.55, 2.85, 2.79, 2.22, 1.73, 2.22, 2.15, 1.58, 1.18, 1.13, 0.92, 0.88, 1.25, 1.06, 0, 0.72, 1.06, 2.47, 3.78, 5.13, 6.23, 6.67, 6.76, 6.43, 5.83, 5.66, 5.58, 5.92, 6.57, 8.39, 9.8, 10.27, 10.36, 11.18, 11.092, 10.95, 9.42, 8.12, 8.14, 8.329, 8.509, 8.516, 7.595, 6.69, 5.5, 4.743, 4.38, 4.06, 5.01, 5.83, 6.47, 5.77, 5.04, 4.47, 5.1, 4.84, 3.81, 3.18, 3.6, 2.86, 2.33, 2.69, 3.57, 4.35, 5.84, 6.73, 6.14, 5.87], [1.89, 1.96, 1.5, 0.86, 1.39, 1.74, 1.11, 1.4, 1.29, 1.39, 1.39, 1.86, 1.54, 1.61, 1.39, 1.57, 1.63, 2.01, 2.45, 2.75, 2.59, 2.16, 1.63, 2.3, 2.43, 1.82, 1.44, 1.31, 0.96, 0.72, 1.25, 1.06, 0.72, 0, 0.98, 2.39, 3.94, 5.23, 6.35, 6.67, 6.72, 6.43, 5.73, 5.58, 5.64, 5.9, 6.63, 8.37, 9.82, 10.323, 10.38, 11.22, 11.132, 10.93, 9.434, 8.18, 8.22, 8.43, 8.603, 8.547, 7.617, 6.69, 5.52, 4.84, 4.32, 4.08, 4.97, 5.87, 6.51, 5.81, 5.12, 4.61, 5.22, 4.9, 3.97, 3.22, 3.6, 3.06, 2.45, 2.69, 3.65, 4.39, 5.96, 6.83, 6.22, 6.03], [1.75, 1.46, 1.26, 1.36, 2.03, 2.0, 1.35, 1.92, 1.51, 1.75, 1.37, 1.76, 1.84, 2.05, 1.89, 1.87, 1.67, 2.15, 3.01, 3.31, 3.03, 2.44, 1.71, 1.98, 1.77, 1.44, 1.3, 1.25, 1.02, 0.96, 1.13, 1.08, 1.06, 0.98, 0, 1.91, 3.26, 4.55, 5.67, 6.01, 6.12, 5.79, 5.07, 4.96, 5.0, 5.24, 5.87, 7.63, 9.1, 9.681, 9.708, 10.574, 10.558, 10.35, 8.86, 7.62, 7.568, 7.715, 7.93, 7.979, 7.012, 6.061, 4.94, 4.24, 3.8, 3.54, 4.39, 5.29, 5.91, 5.19, 4.48, 3.93, 4.56, 4.24, 3.29, 2.4, 2.94, 2.4, 2.03, 2.21, 3.13, 3.81, 5.24, 6.13, 5.58, 5.23], [1.98, 1.11, 1.31, 2.71, 3.04, 2.83, 2.38, 3.13, 2.82, 2.64, 2.12, 1.91, 2.79, 3.06, 2.82, 2.48, 2.1, 3.36, 4.46, 4.86, 4.46, 3.75, 2.94, 1.73, 1.52, 1.37, 1.87, 2.12, 2.15, 2.45, 1.84, 1.71, 2.47, 2.39, 1.91, 0, 1.79, 3.1, 4.3, 4.66, 4.73, 4.46, 3.84, 3.77, 3.71, 3.95, 4.66, 6.44, 7.83, 8.18, 8.35, 9.07, 8.96, 8.8, 7.29, 6.11, 6.01, 6.28, 6.38, 6.37, 5.445, 4.58, 3.41, 2.75, 2.57, 2.33, 2.92, 3.74, 4.3, 3.6, 2.87, 2.28, 3.03, 2.91, 1.78, 1.63, 2.07, 1.47, 1.3, 1.62, 1.76, 2.38, 3.71, 4.56, 4.03, 4.12], [3.47, 2.32, 2.72, 4.14, 4.33, 4.0, 3.71, 4.56, 4.23, 3.91, 3.41, 2.86, 4.06, 4.43, 4.25, 3.97, 3.59, 4.93, 6.03, 6.43, 6.03, 5.32, 4.47, 3.1, 2.33, 2.62, 3.14, 3.25, 3.5, 3.96, 3.25, 3.14, 3.78, 3.94, 3.26, 1.79, 0, 1.69, 2.75, 3.29, 3.44, 3.23, 2.77, 2.52, 2.32, 2.58, 3.27, 5.11, 6.46, 6.71, 7.02, 7.7, 7.41, 7.31, 5.88, 4.76, 4.56, 4.81, 4.87, 4.82, 3.887, 3.15, 2.32, 1.94, 2.38, 2.2, 2.21, 2.61, 2.85, 2.17, 1.52, 1.17, 1.68, 1.7, 1.27, 1.38, 1.6, 1.44, 2.11, 2.37, 1.53, 1.49, 2.12, 3.01, 2.92, 3.35], [4.82, 3.55, 3.91, 5.41, 5.58, 5.09, 4.74, 5.95, 5.48, 5.32, 4.74, 4.17, 5.33, 5.62, 5.64, 5.12, 4.88, 6.26, 7.36, 7.76, 7.36, 6.67, 5.8, 4.51, 3.62, 3.91, 4.41, 4.4, 4.71, 5.15, 4.34, 4.39, 5.13, 5.23, 4.55, 3.1, 1.69, 0, 1.34, 2.02, 2.19, 2.56, 2.12, 1.95, 1.51, 2.05, 2.5, 3.92, 5.25, 5.48, 5.75, 6.39, 6.18, 6.02, 4.59, 3.79, 3.43, 3.74, 3.78, 3.61, 3.04, 2.54, 2.45, 2.63, 3.07, 3.05, 2.62, 2.56, 2.34, 2.14, 1.73, 1.3, 1.21, 0.89, 1.78, 2.45, 2.47, 2.77, 3.5, 3.34, 2.48, 1.8, 1.31, 2.08, 2.03, 2.6], [5.98, 4.79, 5.07, 6.53, 6.76, 6.23, 5.88, 7.07, 6.62, 6.5, 5.88, 5.43, 6.53, 6.86, 6.86, 6.28, 6.04, 7.42, 8.52, 8.92, 8.52, 7.81, 6.96, 5.67, 4.78, 5.09, 5.57, 5.54, 5.85, 6.31, 5.64, 5.53, 6.23, 6.35, 5.67, 4.3, 2.75, 1.34, 0, 1.1, 1.23, 1.94, 2.08, 2.33, 1.81, 1.83, 1.9, 2.9, 4.09, 4.46, 4.69, 5.25, 5.0, 4.9, 3.71, 3.09, 2.65, 2.96, 3.2, 2.67, 2.42, 2.2, 2.51, 3.31, 3.79, 3.89, 3.08, 2.4, 2.16, 2.38, 2.25, 2.32, 1.65, 1.67, 2.9, 3.57, 3.65, 3.93, 4.7, 4.32, 3.16, 2.38, 1.11, 1.58, 1.77, 2.5], [6.28, 5.37, 5.55, 7.05, 7.26, 6.77, 6.3, 7.49, 7.16, 7.08, 6.42, 6.05, 7.25, 7.48, 7.32, 6.66, 6.38, 7.82, 8.84, 9.24, 8.84, 8.13, 7.28, 6.05, 5.24, 5.67, 6.09, 6.1, 6.41, 6.77, 6.24, 6.03, 6.67, 6.67, 6.01, 4.66, 3.29, 2.02, 1.1, 0, 0.85, 1.76, 2.2, 2.51, 1.79, 1.79, 1.7, 2.5, 3.75, 4.32, 4.43, 4.99, 4.72, 4.54, 3.67, 3.11, 2.73, 3.08, 3.46, 2.61, 2.24, 2.16, 2.59, 3.51, 3.99, 4.07, 3.26, 2.46, 2.22, 2.66, 2.61, 2.84, 1.95, 2.03, 3.34, 3.91, 3.93, 4.27, 5.22, 4.86, 3.62, 2.76, 1.67, 1.86, 1.93, 2.7], [6.35, 5.48, 5.6, 7.2, 7.41, 6.96, 6.43, 7.6, 7.27, 7.25, 6.57, 6.18, 7.42, 7.61, 7.43, 6.73, 6.43, 7.87, 8.91, 9.31, 8.91, 8.26, 7.39, 6.2, 5.35, 5.78, 6.26, 6.25, 6.56, 6.92, 6.31, 6.12, 6.76, 6.72, 6.12, 4.73, 3.44, 2.19, 1.23, 0.85, 0, 1.37, 1.87, 2.2, 1.6, 1.62, 1.45, 2.17, 3.4, 3.81, 3.92, 4.58, 4.47, 4.25, 3.12, 2.4, 2.2, 2.57, 3.03, 2.28, 2.13, 2.09, 2.42, 3.4, 3.84, 3.9, 3.05, 2.47, 2.29, 2.59, 2.64, 2.97, 2.18, 2.2, 3.43, 4.04, 3.98, 4.28, 5.37, 5.15, 3.91, 2.95, 1.84, 1.73, 1.7, 2.47], [5.86, 5.31, 5.39, 6.93, 7.24, 6.93, 6.38, 7.31, 6.96, 7.0, 6.3, 5.97, 7.25, 7.46, 7.22, 6.52, 6.04, 7.38, 8.42, 8.82, 8.48, 7.91, 7.06, 5.89, 5.04, 5.49, 6.01, 6.04, 6.27, 6.57, 5.98, 5.87, 6.43, 6.43, 5.79, 4.46, 3.23, 2.56, 1.94, 1.76, 1.37, 0, 1.36, 2.17, 1.63, 1.39, 1.1, 2.22, 3.63, 4.139, 4.21, 4.99, 4.962, 4.739, 3.41, 2.53, 2.49, 2.66, 2.96, 2.53, 2.08, 1.92, 2.19, 3.07, 3.45, 3.53, 2.84, 2.48, 2.38, 2.46, 2.65, 2.96, 2.19, 2.35, 3.22, 3.65, 3.51, 3.93, 5.16, 5.32, 4.06, 3.16, 1.81, 1.6, 1.67, 1.94], [4.84, 4.69, 4.75, 6.25, 6.74, 6.35, 5.82, 6.69, 6.36, 6.36, 5.68, 5.39, 6.63, 6.84, 6.52, 5.82, 5.28, 6.66, 7.42, 7.84, 7.58, 7.09, 6.22, 5.19, 4.4, 4.87, 5.41, 5.48, 5.63, 5.81, 5.4, 5.23, 5.83, 5.73, 5.07, 3.84, 2.77, 2.12, 2.08, 2.2, 1.87, 1.36, 0, 1.39, 1.57, 1.71, 1.92, 3.18, 4.601, 5.133, 5.163, 5.983, 5.936, 5.713, 4.209, 3.01, 3.11, 3.3, 3.42, 3.406, 3.0, 2.7, 2.43, 2.71, 2.99, 3.05, 2.78, 2.9, 2.72, 2.46, 2.43, 2.56, 2.09, 1.91, 2.62, 2.91, 2.69, 3.23, 4.46, 4.86, 3.92, 3.16, 1.97, 1.94, 1.57, 1.7], [4.73, 4.56, 4.66, 6.08, 6.63, 6.2, 5.71, 6.5, 6.21, 6.21, 5.49, 5.22, 6.5, 6.73, 6.29, 5.71, 5.03, 6.41, 7.25, 7.65, 7.37, 6.88, 6.05, 5.0, 4.23, 4.7, 5.3, 5.37, 5.52, 5.7, 5.29, 5.14, 5.66, 5.58, 4.96, 3.77, 2.52, 1.95, 2.33, 2.51, 2.2, 2.17, 1.39, 0, 1.16, 2.2, 2.57, 3.33, 4.756, 5.269, 5.299, 6.119, 6.049, 5.85, 4.34, 3.24, 3.44, 3.53, 3.67, 3.92, 3.65, 3.23, 2.96, 3.06, 3.32, 3.24, 3.19, 3.33, 3.21, 3.09, 2.7, 2.67, 1.82, 1.64, 2.49, 2.72, 2.5, 3.0, 4.19, 4.67, 3.71, 2.97, 2.3, 2.45, 1.84, 1.99], [5.11, 4.46, 4.6, 6.04, 6.49, 6.12, 5.53, 6.36, 6.09, 6.05, 5.39, 5.1, 6.38, 6.61, 6.15, 5.67, 5.25, 6.61, 7.67, 8.07, 7.67, 6.98, 6.15, 4.98, 4.13, 4.58, 5.16, 5.19, 5.4, 5.74, 5.25, 5.0, 5.58, 5.64, 5.0, 3.71, 2.32, 1.51, 1.81, 1.79, 1.6, 1.63, 1.57, 1.16, 0, 1.38, 1.71, 3.03, 4.36, 4.907, 4.94, 5.8, 5.641, 5.49, 4.0, 3.0, 2.96, 3.11, 3.41, 3.14, 2.69, 2.31, 2.2, 2.48, 2.86, 2.82, 2.59, 2.47, 2.37, 2.31, 2.18, 2.21, 1.24, 1.3, 2.39, 2.86, 2.78, 3.04, 4.09, 4.51, 3.35, 2.57, 1.54, 2.09, 1.76, 2.29], [5.51, 4.68, 4.8, 6.36, 6.71, 6.4, 5.75, 6.76, 6.37, 6.37, 5.71, 5.32, 6.6, 6.83, 6.57, 5.93, 5.63, 6.99, 8.065, 8.462, 8.07, 7.44, 6.55, 5.34, 4.45, 4.92, 5.44, 5.45, 5.72, 6.02, 5.47, 5.3, 5.92, 5.9, 5.24, 3.95, 2.58, 2.05, 1.83, 1.79, 1.62, 1.39, 1.71, 2.2, 1.38, 0, 1.03, 2.71, 4.02, 4.51, 4.56, 5.4, 5.33, 5.13, 3.7, 2.8, 2.66, 2.79, 3.29, 2.88, 1.87, 1.49, 1.62, 2.14, 2.56, 2.62, 2.15, 1.99, 1.97, 1.79, 2.02, 2.41, 1.72, 1.84, 2.75, 3.14, 3.14, 3.46, 4.51, 4.77, 3.65, 2.81, 1.56, 2.27, 2.08, 2.65], [6.162, 5.41, 5.61, 6.89, 7.42, 7.17, 6.54, 7.35, 6.92, 6.98, 6.3, 5.97, 7.27, 7.56, 7.3, 6.74, 6.42, 7.681, 8.701, 9.098, 8.716, 8.03, 7.18, 5.87, 5.08, 5.45, 6.07, 6.04, 6.27, 6.61, 6.04, 5.95, 6.57, 6.63, 5.87, 4.66, 3.27, 2.5, 1.9, 1.7, 1.45, 1.1, 1.92, 2.57, 1.71, 1.03, 0, 1.94, 3.35, 3.92, 3.97, 4.87, 4.76, 4.62, 3.29, 2.47, 2.19, 2.3, 2.82, 2.31, 1.56, 1.6, 2.01, 2.67, 3.15, 3.25, 2.7, 2.3, 2.2, 2.3, 2.71, 3.1, 2.25, 2.43, 3.38, 3.77, 3.81, 4.15, 5.2, 5.44, 4.24, 3.46, 1.85, 2.1, 1.93, 2.48], [7.922, 7.19, 7.33, 8.71, 9.12, 8.85, 8.24, 9.23, 8.78, 8.88, 8.14, 7.79, 9.07, 9.32, 9.12, 8.44, 8.12, 9.48, 10.461, 10.858, 10.476, 9.83, 8.94, 7.75, 6.88, 7.33, 7.85, 7.82, 8.09, 8.33, 7.86, 7.75, 8.39, 8.37, 7.63, 6.44, 5.11, 3.92, 2.9, 2.5, 2.17, 2.22, 3.18, 3.33, 3.03, 2.71, 1.94, 0, 1.53, 2.28, 2.41, 3.05, 3.04, 2.82, 2.09, 2.19, 2.39, 2.38, 2.36, 2.31, 2.66, 3.04, 3.63, 4.47, 4.85, 5.03, 4.4, 3.86, 3.68, 3.94, 4.43, 4.78, 3.73, 3.91, 5.14, 5.51, 5.57, 5.99, 7.06, 7.06, 5.84, 4.92, 3.41, 2.58, 2.55, 2.9], [9.432, 8.56, 8.7, 10.1, 10.49, 10.2, 9.61, 10.64, 10.15, 10.21, 9.49, 9.16, 10.38, 10.69, 10.49, 9.83, 9.53, 10.95, 11.971, 12.368, 11.986, 11.32, 10.45, 9.2, 8.29, 8.7, 9.22, 9.13, 9.44, 9.82, 9.25, 9.1, 9.8, 9.82, 9.1, 7.83, 6.46, 5.25, 4.09, 3.75, 3.4, 3.63, 4.601, 4.756, 4.36, 4.02, 3.35, 1.53, 0, 1.13, 1.44, 1.74, 1.75, 1.71, 1.82, 2.58, 2.64, 2.53, 2.73, 2.96, 3.61, 4.07, 4.78, 5.6, 5.96, 6.3, 5.67, 4.95, 4.71, 4.91, 5.68, 6.13, 5.08, 5.28, 6.53, 7.02, 7.068, 7.4, 8.41, 8.35, 7.17, 6.27, 4.72, 3.87, 3.84, 4.35], [9.965, 8.77, 9.13, 10.71, 10.74, 10.31, 9.88, 11.09, 10.72, 10.56, 10.0, 9.45, 10.67, 10.9, 10.86, 10.314, 10.03, 11.424, 12.504, 12.901, 12.519, 11.85, 10.997, 9.69, 8.857, 9.21, 9.65, 9.7, 10.03, 10.447, 9.68, 9.65, 10.27, 10.323, 9.681, 8.18, 6.71, 5.48, 4.46, 4.32, 3.81, 4.139, 5.133, 5.269, 4.907, 4.51, 3.92, 2.28, 1.13, 0, 0.95, 1.27, 1.14, 1.18, 1.41, 2.53, 2.49, 2.56, 2.64, 2.93, 3.58, 4.2, 5.03, 5.87, 6.41, 6.63, 5.82, 5.08, 4.76, 5.06, 5.85, 6.28, 5.33, 5.67, 6.84, 7.584, 7.601, 7.87, 8.72, 8.58, 7.32, 6.48, 5.03, 4.1, 4.27, 4.911], [9.975, 9.06, 9.24, 10.78, 11.01, 10.62, 10.01, 11.22, 10.83, 10.85, 10.15, 9.74, 10.96, 11.17, 11.03, 10.39, 10.1, 11.514, 12.514, 12.911, 12.529, 11.88, 11.01, 9.78, 8.91, 9.36, 9.84, 9.79, 10.12, 10.457, 9.91, 9.74, 10.36, 10.38, 9.708, 8.35, 7.02, 5.75, 4.69, 4.43, 3.92, 4.21, 5.163, 5.299, 4.94, 4.56, 3.97, 2.41, 1.44, 0.95, 0, 1.2, 1.29, 1.57, 1.7, 2.7, 2.56, 2.61, 2.71, 3.1, 3.81, 4.45, 5.18, 6.06, 6.52, 6.8, 6.09, 5.41, 5.07, 5.39, 6.14, 6.59, 5.6, 5.78, 7.03, 7.614, 7.631, 7.96, 8.97, 8.91, 7.67, 6.77, 5.32, 4.43, 4.36, 4.97], [10.815, 9.72, 10.0, 11.66, 11.69, 11.22, 10.75, 12.02, 11.63, 11.55, 10.97, 10.46, 11.64, 11.83, 11.79, 11.21, 10.88, 12.294, 13.354, 13.751, 13.389, 12.74, 11.87, 10.62, 9.79, 10.16, 10.6, 10.65, 10.98, 11.36, 10.65, 10.56, 11.18, 11.22, 10.574, 9.07, 7.7, 6.39, 5.25, 4.99, 4.58, 4.99, 5.983, 6.119, 5.8, 5.4, 4.87, 3.05, 1.74, 1.27, 1.2, 0, 1.01, 1.09, 2.12, 3.26, 3.32, 3.39, 3.33, 3.54, 4.39, 5.03, 5.86, 6.82, 7.32, 7.56, 6.71, 5.89, 5.55, 5.99, 6.72, 7.17, 6.28, 6.48, 7.75, 8.494, 8.451, 8.72, 9.69, 9.41, 8.17, 7.19, 6.0, 5.01, 5.16, 5.801], [10.736, 9.59, 9.921, 11.524, 11.48, 10.79, 10.588, 11.781, 11.534, 11.24, 10.78, 10.21, 11.31, 11.66, 11.54, 11.088, 10.79, 12.164, 13.264, 13.661, 13.279, 12.581, 11.768, 10.47, 9.711, 10.01, 10.45, 10.477, 10.81, 11.301, 10.5, 10.424, 11.092, 11.132, 10.558, 8.96, 7.41, 6.18, 5.0, 4.72, 4.47, 4.962, 5.936, 6.049, 5.641, 5.33, 4.76, 3.04, 1.75, 1.14, 1.29, 1.01, 0, 0.88, 1.93, 3.15, 3.19, 3.22, 3.12, 3.17, 4.04, 4.8, 5.77, 6.59, 7.15, 7.43, 6.46, 5.48, 4.94, 5.52, 6.25, 6.84, 6.05, 6.398, 7.64, 8.458, 8.383, 8.618, 9.3, 8.84, 7.72, 6.96, 5.63, 4.62, 4.99, 5.788], [10.533, 9.39, 9.71, 11.41, 11.38, 10.71, 10.46, 11.67, 11.4, 11.18, 10.7, 10.07, 11.23, 11.46, 11.4, 10.9, 10.587, 11.981, 13.061, 13.458, 13.12, 12.45, 11.58, 10.33, 9.54, 9.89, 10.35, 10.38, 10.73, 11.13, 10.32, 10.27, 10.95, 10.93, 10.35, 8.8, 7.31, 6.02, 4.9, 4.54, 4.25, 4.739, 5.713, 5.85, 5.49, 5.13, 4.62, 2.82, 1.71, 1.18, 1.57, 1.09, 0.88, 0, 1.77, 3.01, 3.21, 3.36, 3.18, 3.09, 3.92, 4.6, 5.59, 6.49, 7.03, 7.25, 6.26, 5.34, 4.8, 5.48, 6.13, 6.64, 5.91, 6.25, 7.48, 8.27, 8.161, 8.41, 9.26, 8.74, 7.48, 6.7, 5.53, 4.54, 4.89, 5.56], [8.989, 7.88, 8.214, 9.9, 9.93, 9.24, 8.89, 10.14, 9.91, 9.69, 9.19, 8.64, 9.78, 9.99, 9.87, 9.384, 9.032, 10.421, 11.506, 11.906, 11.524, 10.82, 10.027, 8.82, 8.047, 8.38, 8.84, 8.91, 9.22, 9.637, 8.87, 8.78, 9.42, 9.434, 8.86, 7.29, 5.88, 4.59, 3.71, 3.67, 3.12, 3.41, 4.209, 4.34, 4.0, 3.7, 3.29, 2.09, 1.82, 1.41, 1.7, 2.12, 1.93, 1.77, 0, 1.58, 1.78, 1.87, 1.75, 2.02, 2.89, 3.43, 4.16, 5.04, 5.54, 5.74, 4.83, 4.25, 3.87, 4.17, 4.9, 5.33, 4.44, 4.8, 5.97, 6.774, 6.64, 6.868, 7.71, 7.65, 6.43, 5.65, 4.2, 3.33, 3.4, 4.081], [7.666, 6.68, 7.02, 8.62, 8.89, 8.42, 8.01, 8.9, 8.607, 8.41, 7.93, 7.5, 8.56, 8.79, 8.61, 8.19, 7.78, 9.164, 10.194, 10.591, 10.267, 9.62, 8.77, 7.52, 6.75, 7.1, 7.64, 7.85, 8.02, 8.4, 7.71, 7.54, 8.12, 8.18, 7.62, 6.11, 4.76, 3.79, 3.09, 3.11, 2.4, 2.53, 3.01, 3.24, 3.0, 2.8, 2.47, 2.19, 2.58, 2.53, 2.7, 3.26, 3.15, 3.01, 1.58, 0, 1.04, 0.95, 1.27, 1.48, 2.53, 2.93, 3.32, 3.94, 4.32, 4.52, 3.85, 3.65, 3.21, 3.35, 4.1, 4.55, 3.5, 3.8, 4.75, 5.52, 5.4, 5.6, 6.51, 6.93, 5.77, 4.99, 3.4, 2.59, 2.3, 2.83], [7.835, 6.74, 6.98, 8.54, 8.61, 8.22, 7.77, 8.9, 8.547, 8.39, 7.83, 7.32, 8.54, 8.83, 8.65, 8.19, 7.9, 9.274, 10.374, 10.771, 10.389, 9.705, 8.858, 7.5, 6.721, 7.04, 7.5, 7.51, 7.86, 8.311, 7.57, 7.46, 8.14, 8.22, 7.568, 6.01, 4.56, 3.43, 2.65, 2.73, 2.2, 2.49, 3.11, 3.44, 2.96, 2.66, 2.19, 2.39, 2.64, 2.49, 2.56, 3.32, 3.19, 3.21, 1.78, 1.04, 0, 0.83, 1.45, 1.46, 2.09, 2.63, 3.08, 3.72, 4.24, 4.52, 3.87, 3.37, 2.85, 2.99, 3.74, 4.19, 3.42, 3.58, 4.71, 5.468, 5.471, 5.722, 6.53, 6.51, 5.45, 4.81, 3.1, 2.59, 2.24, 3.29], [8.045, 6.91, 7.25, 8.624, 8.98, 8.65, 8.12, 9.11, 8.68, 8.56, 7.92, 7.53, 8.63, 9.06, 8.92, 8.44, 8.13, 9.484, 10.584, 10.981, 10.599, 9.895, 9.051, 7.746, 6.882, 7.15, 7.63, 7.7, 7.89, 8.43, 7.74, 7.65, 8.329, 8.43, 7.715, 6.28, 4.81, 3.74, 2.96, 3.08, 2.57, 2.66, 3.3, 3.53, 3.11, 2.79, 2.3, 2.38, 2.53, 2.56, 2.61, 3.39, 3.22, 3.36, 1.87, 0.95, 0.83, 0, 1.2, 1.53, 2.42, 2.96, 3.41, 3.93, 4.43, 4.73, 4.14, 3.78, 3.28, 3.32, 4.15, 4.64, 3.61, 3.83, 4.92, 5.65, 5.681, 5.932, 6.74, 6.96, 5.94, 5.22, 3.31, 2.72, 2.39, 3.24], [8.225, 6.97, 7.39, 8.864, 9.02, 8.49, 8.2, 9.258, 8.874, 8.62, 8.12, 7.59, 8.67, 9.02, 9.04, 8.58, 8.274, 9.645, 10.748, 11.151, 10.772, 10.075, 9.231, 7.89, 7.068, 7.35, 7.83, 7.9, 8.15, 8.641, 7.88, 7.804, 8.509, 8.603, 7.93, 6.38, 4.87, 3.78, 3.2, 3.46, 3.03, 2.96, 3.42, 3.67, 3.41, 3.29, 2.82, 2.36, 2.73, 2.64, 2.71, 3.33, 3.12, 3.18, 1.75, 1.27, 1.45, 1.2, 0, 1.25, 2.42, 3.0, 3.47, 4.07, 4.588, 4.862, 4.02, 3.72, 3.1, 3.24, 3.95, 4.44, 3.79, 3.93, 5.06, 5.835, 5.89, 6.092, 6.8, 6.78, 5.76, 5.16, 3.35, 2.38, 2.45, 3.22], [8.186, 7.02, 7.342, 8.951, 8.89, 8.18, 8.052, 9.248, 8.961, 8.667, 8.207, 7.6, 8.7, 9.058, 9.001, 8.532, 8.245, 9.625, 10.704, 11.107, 10.728, 10.036, 9.209, 7.888, 7.135, 7.434, 7.86, 7.904, 8.237, 8.725, 7.924, 7.848, 8.516, 8.547, 7.979, 6.37, 4.82, 3.61, 2.67, 2.61, 2.28, 2.53, 3.406, 3.92, 3.14, 2.88, 2.31, 2.31, 2.96, 2.93, 3.1, 3.54, 3.17, 3.09, 2.02, 1.48, 1.46, 1.53, 1.25, 0, 1.55, 2.33, 3.14, 3.974, 4.554, 4.848, 3.93, 3.09, 2.47, 2.93, 3.62, 4.25, 3.52, 3.828, 5.05, 5.882, 5.819, 6.076, 6.75, 6.27, 5.19, 4.51, 2.98, 2.15, 2.64, 3.51], [7.199, 6.087, 6.415, 7.987, 7.969, 7.29, 7.079, 8.284, 7.994, 7.714, 7.243, 6.664, 7.787, 8.111, 8.014, 7.576, 7.155, 8.538, 9.624, 10.035, 9.701, 9.063, 8.25, 6.938, 6.168, 6.467, 6.896, 6.94, 7.273, 7.758, 6.994, 6.881, 7.595, 7.617, 7.012, 5.445, 3.887, 3.04, 2.42, 2.24, 2.13, 2.08, 3.0, 3.65, 2.69, 1.87, 1.56, 2.66, 3.61, 3.58, 3.81, 4.39, 4.04, 3.92, 2.89, 2.53, 2.09, 2.42, 2.42, 1.55, 0, 1.12, 2.19, 2.91, 3.51, 3.77, 2.86, 2.06, 1.7, 2.06, 2.79, 3.32, 2.87, 3.21, 4.18, 4.932, 4.869, 5.057, 5.754, 5.4, 4.36, 3.68, 2.15, 2.28, 2.85, 3.72], [6.236, 5.17, 5.47, 7.11, 7.18, 6.57, 6.18, 7.41, 7.1, 6.94, 6.4, 5.87, 7.05, 7.24, 7.16, 6.66, 6.21, 7.547, 8.626, 9.032, 8.776, 8.15, 7.32, 6.09, 5.24, 5.61, 6.07, 6.1, 6.43, 6.827, 6.08, 5.99, 6.69, 6.69, 6.061, 4.58, 3.15, 2.54, 2.2, 2.16, 2.09, 1.92, 2.7, 3.23, 2.31, 1.49, 1.6, 3.04, 4.07, 4.2, 4.45, 5.03, 4.8, 4.6, 3.43, 2.93, 2.63, 2.96, 3.0, 2.33, 1.12, 0, 1.23, 2.05, 2.59, 2.81, 1.92, 1.2, 1.24, 1.38, 2.09, 2.52, 2.43, 2.67, 3.36, 4.03, 3.95, 4.126, 4.98, 4.7, 3.54, 2.72, 2.07, 2.5, 2.95, 3.68], [5.08, 4.14, 4.34, 6.0, 6.11, 5.52, 5.01, 6.28, 5.97, 5.91, 5.31, 4.84, 6.04, 6.23, 6.03, 5.49, 5.137, 6.55, 7.605, 8.002, 7.626, 6.98, 6.17, 4.94, 4.13, 4.5, 4.94, 5.01, 5.32, 5.7, 5.01, 4.88, 5.5, 5.52, 4.94, 3.41, 2.32, 2.45, 2.51, 2.59, 2.42, 2.19, 2.43, 2.96, 2.2, 1.62, 2.01, 3.63, 4.78, 5.03, 5.18, 5.86, 5.77, 5.59, 4.16, 3.32, 3.08, 3.41, 3.47, 3.14, 2.19, 1.23, 0, 1.26, 1.7, 1.84, 1.13, 0.95, 1.43, 1.11, 1.58, 1.87, 2.48, 2.38, 2.47, 2.96, 2.98, 3.02, 3.95, 3.93, 2.77, 2.13, 2.36, 2.59, 2.76, 3.45], [4.349, 3.44, 3.7, 5.2, 5.43, 5.1, 4.55, 5.432, 5.179, 5.047, 4.49, 4.1, 5.3, 5.59, 5.207, 4.83, 4.363, 5.657, 6.763, 7.169, 6.852, 6.213, 5.401, 4.129, 3.364, 3.7, 4.22, 4.29, 4.56, 5.0, 4.31, 4.14, 4.743, 4.84, 4.24, 2.75, 1.94, 2.63, 3.31, 3.51, 3.4, 3.07, 2.71, 3.06, 2.48, 2.14, 2.67, 4.47, 5.6, 5.87, 6.06, 6.82, 6.59, 6.49, 5.04, 3.94, 3.72, 3.93, 4.07, 3.974, 2.91, 2.05, 1.26, 0, 0.86, 0.98, 1.39, 1.73, 2.21, 1.65, 1.74, 2.05, 2.82, 2.68, 2.33, 2.36, 2.68, 2.34, 3.07, 3.41, 2.93, 2.65, 2.88, 3.29, 2.92, 3.53], [3.789, 3.04, 3.18, 4.66, 5.13, 4.94, 4.21, 4.972, 4.679, 4.607, 4.03, 4.16, 4.88, 5.15, 4.75, 4.31, 3.823, 5.12, 6.183, 6.589, 6.292, 5.673, 4.853, 3.669, 3.03, 3.48, 4.06, 4.17, 4.08, 4.42, 3.87, 3.58, 4.38, 4.32, 3.8, 2.57, 2.38, 3.07, 3.79, 3.99, 3.84, 3.45, 2.99, 3.32, 2.86, 2.56, 3.15, 4.85, 5.96, 6.41, 6.52, 7.32, 7.15, 7.03, 5.54, 4.32, 4.24, 4.43, 4.588, 4.554, 3.51, 2.59, 1.7, 0.86, 0, 0.74, 1.71, 2.21, 2.69, 2.11, 2.16, 2.45, 3.28, 3.08, 2.41, 2.34, 2.68, 2.38, 2.63, 3.23, 3.27, 3.07, 3.44, 3.83, 3.38, 3.65], [3.532, 2.8, 3.0, 4.5, 4.91, 4.7, 3.95, 4.752, 4.479, 4.407, 3.83, 3.88, 4.7, 4.91, 4.47, 4.11, 3.59, 4.84, 5.923, 6.309, 6.07, 5.443, 4.613, 3.429, 2.79, 3.24, 3.78, 3.93, 3.9, 4.26, 3.67, 3.46, 4.06, 4.08, 3.54, 2.33, 2.2, 3.05, 3.89, 4.07, 3.9, 3.53, 3.05, 3.24, 2.82, 2.62, 3.25, 5.03, 6.3, 6.63, 6.8, 7.56, 7.43, 7.25, 5.74, 4.52, 4.52, 4.73, 4.862, 4.848, 3.77, 2.81, 1.84, 0.98, 0.74, 0, 1.57, 2.31, 2.95, 2.35, 2.22, 2.49, 3.24, 3.08, 2.41, 2.16, 2.64, 2.18, 2.43, 2.97, 3.07, 2.77, 3.46, 3.93, 3.46, 3.75], [4.553, 3.45, 3.83, 5.47, 5.6, 4.95, 4.6, 5.75, 5.46, 5.28, 4.76, 4.23, 5.33, 5.56, 5.48, 4.98, 4.507, 5.884, 6.947, 7.333, 7.08, 6.47, 5.64, 4.41, 3.6, 3.97, 4.41, 4.54, 4.79, 5.19, 4.42, 4.35, 5.01, 4.97, 4.39, 2.92, 2.21, 2.62, 3.08, 3.26, 3.05, 2.84, 2.78, 3.19, 2.59, 2.15, 2.7, 4.4, 5.67, 5.82, 6.09, 6.71, 6.46, 6.26, 4.83, 3.85, 3.87, 4.14, 4.02, 3.93, 2.86, 1.92, 1.13, 1.39, 1.71, 1.57, 0, 1.22, 1.98, 1.5, 1.71, 1.98, 2.77, 2.73, 2.44, 2.91, 3.01, 2.67, 3.28, 3.36, 2.42, 2.28, 2.69, 3.0, 3.17, 3.76], [5.46, 4.37, 4.69, 6.29, 6.32, 5.65, 5.34, 6.57, 6.3, 6.12, 5.58, 5.07, 6.23, 6.44, 6.34, 5.84, 5.46, 6.84, 7.935, 8.34, 7.98, 7.31, 6.52, 5.23, 4.46, 4.81, 5.23, 5.28, 5.61, 6.05, 5.3, 5.21, 5.83, 5.87, 5.29, 3.74, 2.61, 2.56, 2.4, 2.46, 2.47, 2.48, 2.9, 3.33, 2.47, 1.99, 2.3, 3.86, 4.95, 5.08, 5.41, 5.89, 5.48, 5.34, 4.25, 3.65, 3.37, 3.78, 3.72, 3.09, 2.06, 1.2, 0.95, 1.73, 2.21, 2.31, 1.22, 0, 1.06, 1.3, 1.79, 2.04, 2.63, 2.67, 2.74, 3.47, 3.45, 3.37, 4.14, 3.7, 2.52, 1.98, 2.41, 2.68, 3.19, 3.92], [6.12, 4.93, 5.29, 6.87, 6.82, 6.11, 5.96, 7.15, 6.88, 6.6, 6.14, 5.53, 6.65, 7.0, 6.9, 6.46, 6.2, 7.575, 8.675, 9.072, 8.68, 7.97, 7.14, 5.81, 5.06, 5.35, 5.77, 5.84, 6.17, 6.65, 5.84, 5.77, 6.47, 6.51, 5.91, 4.3, 2.85, 2.34, 2.16, 2.22, 2.29, 2.38, 2.72, 3.21, 2.37, 1.97, 2.2, 3.68, 4.71, 4.76, 5.07, 5.55, 4.94, 4.8, 3.87, 3.21, 2.85, 3.28, 3.1, 2.47, 1.7, 1.24, 1.43, 2.21, 2.69, 2.95, 1.98, 1.06, 0, 1.08, 1.69, 2.1, 2.45, 2.51, 2.98, 3.91, 3.79, 3.99, 4.68, 4.12, 3.02, 2.48, 2.01, 2.26, 2.89, 3.74], [5.44, 4.23, 4.59, 6.11, 6.12, 5.45, 5.28, 6.47, 6.14, 5.84, 5.36, 4.79, 5.81, 6.26, 6.22, 5.76, 5.52, 6.9, 8.0, 8.4, 8.0, 7.29, 6.44, 5.11, 4.34, 4.61, 5.07, 5.08, 5.37, 5.91, 5.08, 5.03, 5.77, 5.81, 5.19, 3.6, 2.17, 2.14, 2.38, 2.66, 2.59, 2.46, 2.46, 3.09, 2.31, 1.79, 2.3, 3.94, 4.91, 5.06, 5.39, 5.99, 5.52, 5.48, 4.17, 3.35, 2.99, 3.32, 3.24, 2.93, 2.06, 1.38, 1.11, 1.65, 2.11, 2.35, 1.5, 1.3, 1.08, 0, 1.11, 1.64, 2.41, 2.39, 2.62, 3.19, 3.17, 3.31, 3.96, 3.68, 2.78, 2.34, 1.91, 2.22, 2.77, 3.56], [4.77, 3.5, 3.88, 5.44, 5.43, 4.74, 4.65, 5.8, 5.45, 5.19, 4.69, 4.1, 5.16, 5.55, 5.55, 5.09, 4.85, 6.23, 7.33, 7.73, 7.33, 6.62, 5.77, 4.42, 3.63, 3.92, 4.34, 4.43, 4.72, 5.22, 4.41, 4.38, 5.04, 5.12, 4.48, 2.87, 1.52, 1.73, 2.25, 2.61, 2.64, 2.65, 2.43, 2.7, 2.18, 2.02, 2.71, 4.43, 5.68, 5.85, 6.14, 6.72, 6.25, 6.13, 4.9, 4.1, 3.74, 4.15, 3.95, 3.62, 2.79, 2.09, 1.58, 1.74, 2.16, 2.22, 1.71, 1.79, 1.69, 1.11, 0, 0.99, 2.08, 2.0, 2.05, 2.44, 2.74, 2.64, 3.29, 3.01, 2.15, 1.79, 1.76, 2.15, 2.5, 3.27], [4.18, 2.91, 3.33, 4.87, 4.9, 4.23, 4.16, 5.27, 4.94, 4.64, 4.16, 3.49, 4.63, 4.94, 4.98, 4.5, 4.28, 5.64, 6.74, 7.14, 6.74, 6.03, 5.18, 3.83, 3.02, 3.33, 3.81, 3.94, 4.21, 4.61, 3.82, 3.77, 4.47, 4.61, 3.93, 2.28, 1.17, 1.3, 2.32, 2.84, 2.97, 2.96, 2.56, 2.67, 2.21, 2.41, 3.1, 4.78, 6.13, 6.28, 6.59, 7.17, 6.84, 6.64, 5.33, 4.55, 4.19, 4.64, 4.44, 4.25, 3.32, 2.52, 1.87, 2.05, 2.45, 2.49, 1.98, 2.04, 2.1, 1.64, 0.99, 0, 1.67, 1.53, 1.3, 1.93, 1.99, 2.09, 2.82, 2.64, 1.74, 1.36, 1.75, 2.56, 2.71, 3.14], [4.81, 3.6, 3.96, 5.5, 5.65, 5.28, 4.89, 5.86, 5.57, 5.27, 4.79, 4.24, 5.42, 5.69, 5.57, 5.29, 4.89, 6.25, 7.35, 7.75, 7.35, 6.64, 5.79, 4.42, 3.67, 4.0, 4.44, 4.55, 4.82, 5.26, 4.57, 4.4, 5.1, 5.22, 4.56, 3.03, 1.68, 1.21, 1.65, 1.95, 2.18, 2.19, 2.09, 1.82, 1.24, 1.72, 2.25, 3.73, 5.08, 5.33, 5.6, 6.28, 6.05, 5.91, 4.44, 3.5, 3.42, 3.61, 3.79, 3.52, 2.87, 2.43, 2.48, 2.82, 3.28, 3.24, 2.77, 2.63, 2.45, 2.41, 2.08, 1.67, 0, 0.84, 1.77, 2.44, 2.42, 2.66, 3.43, 3.67, 2.47, 1.83, 1.22, 2.19, 2.16, 2.69], [4.53, 3.44, 3.64, 5.24, 5.45, 5.06, 4.57, 5.68, 5.33, 5.21, 4.57, 4.14, 5.32, 5.53, 5.41, 4.99, 4.59, 5.89, 6.99, 7.39, 6.99, 6.34, 5.45, 4.22, 3.37, 3.8, 4.22, 4.29, 4.58, 4.92, 4.35, 4.16, 4.84, 4.9, 4.24, 2.91, 1.7, 0.89, 1.67, 2.03, 2.2, 2.35, 1.91, 1.64, 1.3, 1.84, 2.43, 3.91, 5.28, 5.67, 5.78, 6.48, 6.398, 6.25, 4.8, 3.8, 3.58, 3.83, 3.93, 3.828, 3.21, 2.67, 2.38, 2.68, 3.08, 3.08, 2.73, 2.67, 2.51, 2.39, 2.0, 1.53, 0.84, 0, 1.61, 2.12, 2.08, 2.38, 3.35, 3.47, 2.45, 1.75, 1.5, 2.29, 2.06, 2.53], [3.32, 2.33, 2.73, 4.07, 4.54, 4.15, 3.86, 4.43, 4.1, 3.92, 3.42, 3.15, 4.13, 4.36, 4.12, 3.9, 3.52, 4.7, 5.8, 6.2, 5.8, 5.09, 4.24, 2.95, 2.14, 2.57, 3.23, 3.52, 3.61, 3.91, 3.24, 3.17, 3.81, 3.97, 3.29, 1.78, 1.27, 1.78, 2.9, 3.34, 3.43, 3.22, 2.62, 2.49, 2.39, 2.75, 3.38, 5.14, 6.53, 6.84, 7.03, 7.75, 7.64, 7.48, 5.97, 4.75, 4.71, 4.92, 5.06, 5.05, 4.18, 3.36, 2.47, 2.33, 2.41, 2.41, 2.44, 2.74, 2.98, 2.62, 2.05, 1.3, 1.77, 1.61, 0, 1.41, 1.53, 1.51, 2.14, 2.88, 2.0, 1.64, 2.35, 3.22, 2.75, 2.76], [2.65, 1.98, 2.28, 3.46, 4.21, 3.9, 3.43, 3.98, 3.55, 3.61, 2.89, 2.76, 3.9, 4.19, 3.87, 3.59, 3.03, 4.07, 4.99, 5.39, 5.01, 4.44, 3.55, 2.48, 1.57, 2.04, 2.74, 2.95, 2.92, 3.02, 2.67, 2.56, 3.18, 3.22, 2.4, 1.63, 1.38, 2.45, 3.57, 3.91, 4.04, 3.65, 2.91, 2.72, 2.86, 3.14, 3.77, 5.51, 7.02, 7.584, 7.614, 8.494, 8.458, 8.27, 6.774, 5.52, 5.468, 5.65, 5.835, 5.882, 4.932, 4.03, 2.96, 2.36, 2.34, 2.16, 2.91, 3.47, 3.91, 3.19, 2.44, 1.93, 2.44, 2.12, 1.41, 0, 1.08, 1.14, 1.99, 2.69, 2.15, 1.89, 3.14, 4.05, 3.48, 3.07], [2.75, 2.6, 2.72, 4.02, 4.67, 4.4, 3.77, 4.36, 3.97, 4.07, 3.47, 3.34, 4.5, 4.71, 4.29, 4.13, 3.27, 4.05, 4.93, 5.33, 5.11, 4.54, 3.73, 2.78, 2.07, 2.58, 3.34, 3.47, 3.48, 3.68, 3.25, 3.12, 3.6, 3.6, 2.94, 2.07, 1.6, 2.47, 3.65, 3.93, 3.98, 3.51, 2.69, 2.5, 2.78, 3.14, 3.81, 5.57, 7.068, 7.601, 7.631, 8.451, 8.383, 8.161, 6.64, 5.4, 5.471, 5.681, 5.89, 5.819, 4.869, 3.95, 2.98, 2.68, 2.68, 2.64, 3.01, 3.45, 3.79, 3.17, 2.74, 1.99, 2.42, 2.08, 1.53, 1.08, 0, 1.22, 2.37, 3.03, 2.29, 2.05, 3.2, 4.09