[[0, 1.61, 1.11, 2.71, 4.2, 5.6, 6.53, 6.38, 5.93, 6.14, 6.98, 7.67, 8.17, 8.09, 7.57, 7.63, 9.62, 12.08, 13.75, 13.49, 12.71, 12.7, 12.6, 12.25, 11.76, 12.1, 12.3, 11.8, 11.71, 11.64, 11.33, 11.18, 11.13, 11.08, 11.43, 11.6, 11.12, 10.94, 11.31, 10.87, 11.11, 11.76, 12.36, 13.15, 13.65, 13.55, 13.05, 11.68, 11.21, 10.98, 9.77, 7.79, 6.52, 5.86, 7.23, 9.44, 10.34, 10.56, 11.23, 13.765, 14.929, 15.02, 15.8, 16.496, 16.316, 15.566, 15.539, 15.69, 15.85, 16.71, 16.12, 15.14, 15.09, 15.39, 15.31, 15.19, 15.14, 15.24, 14.76, 14.65, 14.92, 14.97, 15.19, 15.3, 15.62, 15.78], [1.61, 0, 1.68, 3.56, 5.17, 6.65, 7.52, 7.37, 7.0, 7.19, 8.01, 8.74, 9.0, 8.88, 8.4, 8.44, 10.45, 12.85, 14.54, 14.2, 13.5, 13.43, 13.37, 13.06, 12.53, 12.87, 13.07, 12.57, 12.48, 12.41, 12.1, 11.95, 11.9, 11.85, 12.22, 12.43, 11.95, 11.77, 12.14, 11.64, 11.88, 12.55, 13.15, 13.98, 14.42, 14.38, 13.88, 12.49, 12.02, 11.77, 10.54, 8.52, 7.33, 6.67, 8.06, 10.23, 11.13, 11.33, 12.02, 14.523, 15.688, 15.79, 16.57, 17.27, 17.09, 16.34, 16.298, 16.46, 16.62, 17.48, 16.89, 15.91, 15.86, 16.14, 16.12, 15.96, 15.91, 16.01, 15.59, 15.48, 15.75, 15.8, 15.96, 16.07, 16.39, 16.55], [1.11, 1.68, 0, 2.28, 3.77, 5.41, 6.32, 6.15, 5.54, 5.71, 6.49, 7.26, 7.86, 7.86, 7.26, 7.46, 9.47, 11.85, 13.58, 13.2, 12.42, 12.45, 12.39, 12.08, 11.55, 11.89, 12.09, 11.59, 11.5, 11.43, 11.12, 10.97, 10.92, 10.87, 11.24, 11.45, 10.97, 10.79, 11.16, 10.7, 10.94, 11.59, 12.19, 13.0, 13.48, 13.4, 12.9, 11.51, 11.04, 10.79, 9.56, 7.58, 6.35, 5.65, 7.08, 9.25, 10.15, 10.35, 11.04, 13.552, 14.716, 14.81, 15.59, 16.29, 16.11, 15.36, 15.326, 15.48, 15.64, 16.5, 15.91, 14.93, 14.88, 15.16, 15.14, 14.98, 14.93, 15.03, 14.61, 14.5, 14.77, 14.82, 14.98, 15.09, 15.41, 15.57], [2.71, 3.56, 2.28, 0, 1.97, 3.49, 4.4, 4.15, 3.82, 3.87, 4.61, 5.38, 5.96, 5.96, 5.4, 5.5, 7.51, 9.91, 11.64, 11.28, 10.52, 10.47, 10.43, 10.12, 9.57, 9.85, 10.05, 9.55, 9.46, 9.39, 9.08, 8.99, 8.94, 8.89, 9.28, 9.49, 9.01, 8.83, 9.2, 8.78, 9.02, 9.69, 10.29, 11.04, 11.54, 11.44, 10.94, 9.59, 9.08, 8.85, 7.54, 5.66, 4.39, 3.71, 5.12, 7.29, 8.19, 8.39, 9.08, 11.555, 12.739, 12.83, 13.55, 14.25, 14.07, 13.32, 13.349, 13.5, 13.6, 14.46, 13.89, 12.89, 12.9, 13.18, 13.18, 12.98, 12.89, 13.03, 12.65, 12.54, 12.81, 12.86, 13.02, 13.05, 13.37, 13.53], [4.2, 5.17, 3.77, 1.97, 0, 2.12, 2.89, 2.7, 2.29, 2.42, 3.14, 3.79, 4.43, 4.41, 3.79, 4.03, 6.0, 8.38, 10.11, 9.77, 8.99, 9.02, 8.96, 8.61, 8.12, 8.46, 8.66, 8.16, 8.07, 8.0, 7.69, 7.54, 7.49, 7.44, 7.79, 8.0, 7.54, 7.34, 7.71, 7.33, 7.65, 8.3, 8.86, 9.61, 10.01, 9.95, 9.51, 8.22, 7.75, 7.46, 6.23, 4.27, 3.58, 3.12, 3.75, 5.82, 6.7, 6.92, 7.59, 10.142, 11.286, 11.38, 12.16, 12.859, 12.679, 11.929, 11.896, 12.05, 12.209, 13.07, 12.48, 11.5, 11.45, 11.73, 11.69, 11.59, 11.5, 11.6, 11.14, 11.03, 11.3, 11.37, 11.57, 11.68, 12.0, 12.16], [5.6, 6.65, 5.41, 3.49, 2.12, 0, 1.35, 1.22, 1.15, 1.32, 1.92, 2.43, 2.85, 2.81, 2.37, 2.47, 4.22, 6.7, 8.23, 8.17, 7.39, 7.36, 7.2, 6.89, 6.38, 6.72, 6.92, 6.44, 6.33, 6.3, 6.03, 5.82, 5.79, 5.76, 6.13, 6.32, 5.9, 5.82, 6.45, 6.67, 7.25, 7.4, 7.7, 8.25, 8.55, 8.49, 8.25, 7.24, 6.79, 6.4, 5.21, 3.99, 3.9, 3.56, 3.81, 4.96, 5.42, 5.54, 5.93, 8.4, 9.51, 9.64, 10.38, 11.1, 10.92, 10.19, 10.14, 10.29, 10.53, 11.33, 10.7, 9.72, 9.71, 9.99, 10.03, 9.93, 9.82, 9.9, 9.38, 9.27, 9.56, 9.65, 9.89, 10.0, 10.42, 10.6], [6.53, 7.52, 6.32, 4.4, 2.89, 1.35, 0, 0.75, 1.12, 1.29, 1.35, 1.68, 2.14, 2.14, 1.8, 1.78, 3.29, 5.65, 7.32, 7.1, 6.4, 6.35, 6.23, 5.96, 5.43, 5.77, 5.97, 5.49, 5.38, 5.37, 5.12, 4.91, 4.88, 4.85, 5.22, 5.43, 5.11, 5.51, 6.24, 6.5, 7.08, 7.15, 7.31, 7.82, 7.98, 7.94, 7.94, 6.99, 6.56, 6.09, 5.04, 3.96, 4.01, 3.95, 3.92, 4.75, 5.21, 5.25, 5.2, 7.43, 8.54, 8.69, 9.39, 10.15, 10.01, 9.34, 9.23, 9.36, 9.52, 10.3, 9.71, 8.73, 8.8, 9.08, 9.12, 9.04, 8.93, 8.97, 8.41, 8.32, 8.61, 8.76, 8.98, 9.13, 9.63, 9.77], [6.38, 7.37, 6.15, 4.15, 2.7, 1.22, 0.75, 0, 0.85, 0.92, 1.48, 1.87, 2.25, 2.35, 1.95, 2.03, 3.58, 5.88, 7.53, 7.35, 6.57, 6.6, 6.5, 6.23, 5.68, 6.04, 6.24, 5.76, 5.65, 5.62, 5.37, 5.16, 5.13, 5.08, 5.47, 5.72, 5.46, 5.84, 6.53, 6.79, 7.35, 7.48, 7.64, 8.15, 8.27, 8.27, 8.29, 7.3, 6.85, 6.38, 5.33, 4.13, 4.2, 4.16, 4.11, 5.1, 5.5, 5.54, 5.51, 7.72, 8.81, 8.94, 9.68, 10.42, 10.32, 9.65, 9.54, 9.67, 9.75, 10.57, 10.0, 9.02, 9.07, 9.37, 9.39, 9.31, 9.2, 9.22, 8.74, 8.65, 8.9, 9.03, 9.27, 9.38, 9.94, 10.08], [5.93, 7.0, 5.54, 3.82, 2.29, 1.15, 1.12, 0.85, 0, 0.83, 1.57, 2.18, 2.66, 2.76, 2.36, 2.5, 4.19, 6.53, 8.14, 7.96, 7.18, 7.23, 7.15, 6.86, 6.33, 6.69, 6.89, 6.41, 6.3, 6.27, 6.0, 5.79, 5.76, 5.73, 6.08, 6.27, 5.91, 6.15, 6.78, 7.0, 7.7, 7.83, 8.05, 8.58, 8.78, 8.74, 8.66, 7.71, 7.22, 6.83, 5.68, 4.32, 4.23, 4.17, 4.12, 5.31, 5.81, 5.85, 6.1, 8.37, 9.48, 9.61, 10.35, 11.07, 10.93, 10.26, 10.15, 10.28, 10.42, 11.24, 10.65, 9.67, 9.68, 9.98, 10.0, 9.92, 9.81, 9.87, 9.31, 9.2, 9.51, 9.66, 9.88, 10.01, 10.53, 10.67], [6.14, 7.19, 5.71, 3.87, 2.42, 1.32, 1.29, 0.92, 0.83, 0, 1.32, 2.01, 2.57, 2.63, 2.17, 2.47, 4.18, 6.54, 8.15, 7.95, 7.15, 7.24, 7.16, 6.83, 6.32, 6.68, 6.86, 6.38, 6.29, 6.24, 5.99, 5.78, 5.75, 5.72, 6.05, 6.26, 5.9, 6.1, 6.73, 6.95, 7.65, 7.78, 8.0, 8.53, 8.75, 8.71, 8.61, 7.66, 7.17, 6.78, 5.63, 4.17, 4.18, 4.14, 4.09, 5.22, 5.76, 5.8, 6.05, 8.34, 9.47, 9.58, 10.34, 11.08, 10.92, 10.25, 10.16, 10.31, 10.41, 11.25, 10.66, 9.68, 9.65, 9.97, 9.99, 9.87, 9.78, 9.84, 9.3, 9.19, 9.5, 9.63, 9.89, 10.0, 10.48, 10.64], [6.98, 8.01, 6.49, 4.61, 3.14, 1.92, 1.35, 1.48, 1.57, 1.32, 0, 1.19, 1.71, 1.79, 1.51, 1.65, 3.22, 5.54, 7.27, 6.87, 6.11, 6.14, 6.08, 5.83, 5.24, 5.58, 5.76, 5.26, 5.21, 5.16, 4.93, 4.74, 4.67, 4.64, 5.03, 5.34, 5.02, 5.24, 5.91, 6.17, 6.79, 6.92, 7.14, 7.65, 7.91, 7.85, 7.73, 6.72, 6.23, 5.8, 4.65, 3.55, 3.66, 3.72, 3.55, 4.34, 4.84, 4.86, 5.11, 7.3, 8.43, 8.48, 9.28, 10.06, 9.94, 9.27, 9.18, 9.31, 9.37, 10.19, 9.62, 8.64, 8.61, 8.95, 9.01, 8.81, 8.72, 8.74, 8.36, 8.29, 8.56, 8.69, 8.87, 8.98, 9.48, 9.62], [7.67, 8.74, 7.26, 5.38, 3.79, 2.43, 1.68, 1.87, 2.18, 2.01, 1.19, 0, 1.14, 1.38, 1.3, 1.62, 2.43, 4.71, 6.46, 6.06, 5.26, 5.31, 5.29, 5.06, 4.51, 4.81, 5.03, 4.57, 4.48, 4.45, 4.24, 4.05, 3.96, 3.93, 4.34, 4.63, 4.23, 4.55, 5.36, 5.66, 6.1, 6.21, 6.39, 6.9, 7.12, 7.04, 7.0, 6.05, 5.6, 5.09, 4.1, 3.5, 3.85, 3.99, 3.64, 3.93, 4.27, 4.27, 4.36, 6.57, 7.68, 7.81, 8.51, 9.33, 9.19, 8.54, 8.43, 8.58, 8.64, 9.4, 8.83, 7.83, 7.92, 8.22, 8.28, 8.12, 8.01, 8.03, 7.57, 7.52, 7.77, 7.94, 8.12, 8.25, 8.75, 8.89], [8.17, 9.0, 7.86, 5.96, 4.43, 2.85, 2.14, 2.25, 2.66, 2.57, 1.71, 1.14, 0, 0.78, 1.16, 1.2, 1.83, 4.07, 5.74, 5.54, 4.76, 4.73, 4.67, 4.34, 3.83, 4.17, 4.37, 3.89, 3.86, 3.77, 3.54, 3.35, 3.28, 3.25, 3.62, 3.87, 3.57, 3.91, 4.78, 5.1, 5.42, 5.47, 5.69, 6.24, 6.44, 6.38, 6.3, 5.39, 5.08, 4.61, 3.7, 3.18, 3.63, 3.77, 3.38, 3.53, 3.77, 3.79, 3.72, 5.89, 7.02, 7.11, 7.87, 8.67, 8.57, 7.92, 7.81, 7.94, 8.0, 8.78, 8.23, 7.25, 7.22, 7.58, 7.54, 7.42, 7.31, 7.35, 6.89, 6.84, 7.09, 7.2, 7.44, 7.55, 8.09, 8.23], [8.09, 8.88, 7.86, 5.96, 4.41, 2.81, 2.14, 2.35, 2.76, 2.63, 1.79, 1.38, 0.78, 0, 0.94, 1.08, 1.81, 4.17, 5.76, 5.6, 4.84, 4.81, 4.75, 4.42, 3.91, 4.25, 4.45, 3.99, 4.04, 3.89, 3.58, 3.51, 3.42, 3.29, 3.66, 3.85, 3.49, 3.75, 4.54, 4.82, 5.28, 5.33, 5.55, 6.1, 6.34, 6.3, 6.14, 5.23, 4.84, 4.37, 3.5, 2.98, 3.37, 3.51, 3.08, 3.23, 3.55, 3.59, 3.68, 5.929, 7.093, 7.17, 7.95, 8.73, 8.63, 7.96, 7.87, 8.0, 8.04, 8.86, 8.29, 7.31, 7.28, 7.64, 7.58, 7.42, 7.35, 7.39, 6.89, 6.84, 7.13, 7.22, 7.46, 7.61, 8.09, 8.23], [7.57, 8.4, 7.26, 5.4, 3.79, 2.37, 1.8, 1.95, 2.36, 2.17, 1.51, 1.3, 1.16, 0.94, 0, 1.0, 2.41, 4.75, 6.44, 6.16, 5.34, 5.47, 5.35, 5.0, 4.55, 4.85, 5.05, 4.69, 4.76, 4.59, 4.24, 4.13, 4.16, 3.89, 4.22, 4.45, 4.09, 4.27, 5.04, 5.3, 5.76, 5.87, 6.11, 6.68, 6.94, 6.9, 6.7, 5.71, 5.32, 4.87, 3.86, 3.06, 3.35, 3.51, 3.1, 3.71, 3.99, 4.05, 4.3, 6.55, 7.68, 7.77, 8.55, 9.31, 9.23, 8.56, 8.47, 8.6, 8.64, 9.46, 8.87, 7.91, 7.86, 8.24, 8.16, 8.0, 7.93, 8.01, 7.53, 7.48, 7.73, 7.78, 8.04, 8.21, 8.69, 8.81], [7.63, 8.44, 7.46, 5.5, 4.03, 2.47, 1.78, 2.03, 2.5, 2.47, 1.65, 1.62, 1.2, 1.08, 1.0, 0, 2.13, 4.61, 6.26, 6.0, 5.42, 5.13, 5.01, 4.66, 4.19, 4.53, 4.75, 4.25, 4.26, 4.15, 3.8, 3.61, 3.64, 3.49, 3.9, 3.99, 3.77, 3.99, 4.8, 5.16, 5.56, 5.61, 5.77, 6.28, 6.6, 6.5, 6.36, 5.45, 5.12, 4.61, 3.66, 2.74, 2.97, 3.25, 2.74, 3.55, 3.83, 3.89, 3.92, 6.21, 7.34, 7.45, 8.21, 8.93, 8.85, 8.14, 8.07, 8.22, 8.3, 9.12, 8.53, 7.57, 7.5, 7.88, 7.78, 7.64, 7.55, 7.67, 7.17, 7.1, 7.37, 7.38, 7.68, 7.77, 8.27, 8.39], [9.62, 10.45, 9.47, 7.51, 6.0, 4.22, 3.29, 3.58, 4.19, 4.18, 3.22, 2.43, 1.83, 1.81, 2.41, 2.13, 0, 2.74, 4.31, 4.15, 3.53, 3.38, 3.04, 2.91, 2.36, 2.76, 2.94, 2.66, 2.75, 2.56, 2.17, 2.26, 2.09, 1.78, 2.23, 2.4, 2.4, 2.96, 3.83, 4.35, 4.59, 4.5, 4.7, 5.01, 5.11, 5.07, 5.27, 4.54, 4.31, 3.84, 3.53, 3.37, 3.76, 4.14, 3.33, 3.08, 3.02, 2.98, 2.47, 4.24, 5.37, 5.52, 6.22, 7.0, 6.94, 6.25, 6.16, 6.29, 6.49, 7.17, 6.5, 5.54, 5.61, 6.11, 6.05, 5.93, 5.74, 5.8, 5.38, 5.37, 5.52, 5.61, 5.89, 6.0, 6.64, 6.86], [12.08, 12.85, 11.85, 9.91, 8.38, 6.7, 5.65, 5.88, 6.53, 6.54, 5.54, 4.71, 4.07, 4.17, 4.75, 4.61, 2.74, 0, 1.95, 1.77, 1.29, 1.2, 1.42, 1.65, 1.38, 1.5, 1.62, 1.78, 1.75, 1.34, 1.75, 1.98, 1.85, 1.58, 1.33, 1.86, 2.26, 2.52, 2.91, 3.65, 3.59, 3.24, 3.12, 3.49, 3.49, 3.55, 3.97, 3.88, 3.93, 3.82, 3.81, 4.81, 5.92, 6.38, 5.67, 4.06, 3.32, 3.1, 1.95, 2.34, 3.29, 3.32, 4.06, 5.1, 5.08, 4.47, 4.4, 4.51, 4.43, 4.87, 4.46, 3.6, 3.81, 4.29, 4.37, 4.31, 4.14, 4.12, 3.76, 3.75, 3.9, 3.91, 4.21, 4.32, 5.06, 5.38], [13.75, 14.54, 13.58, 11.64, 10.11, 8.23, 7.32, 7.53, 8.14, 8.15, 7.27, 6.46, 5.74, 5.76, 6.44, 6.26, 4.31, 1.95, 0, 0.84, 1.34, 1.59, 1.65, 2.0, 2.25, 2.17, 1.97, 2.55, 2.64, 2.53, 2.94, 3.11, 3.08, 3.03, 2.56, 2.59, 3.03, 3.31, 3.24, 3.7, 3.78, 2.85, 2.35, 2.38, 2.2, 2.28, 2.9, 3.75, 4.28, 4.49, 4.64, 6.28, 7.47, 7.97, 7.1, 5.15, 4.41, 4.07, 3.14, 1.33, 1.8, 1.75, 2.47, 3.53, 3.51, 2.88, 2.85, 2.96, 3.04, 3.4, 2.87, 2.05, 2.32, 2.68, 2.84, 2.86, 2.85, 2.75, 2.31, 2.3, 2.45, 2.32, 2.62, 2.75, 3.61, 4.05], [13.49, 14.2, 13.2, 11.28, 9.77, 8.17, 7.1, 7.35, 7.96, 7.95, 6.87, 6.06, 5.54, 5.6, 6.16, 6.0, 4.15, 1.77, 0.84, 0, 1.0, 1.25, 1.53, 1.9, 2.09, 1.99, 1.77, 2.31, 2.4, 2.29, 2.7, 2.87, 2.84, 2.79, 2.32, 2.57, 3.01, 3.17, 3.16, 3.66, 3.7, 2.89, 2.43, 2.62, 2.46, 2.5, 3.08, 3.65, 4.12, 4.31, 4.44, 6.1, 7.27, 7.71, 6.96, 5.07, 4.33, 3.93, 2.98, 1.33, 1.82, 1.89, 2.55, 3.69, 3.63, 3.0, 3.03, 3.18, 3.14, 3.56, 3.01, 2.29, 2.46, 2.86, 3.12, 3.04, 3.01, 2.95, 2.63, 2.62, 2.71, 2.6, 2.8, 2.95, 3.81, 4.25], [12.71, 13.5, 12.42, 10.52, 8.99, 7.39, 6.4, 6.57, 7.18, 7.15, 6.11, 5.26, 4.76, 4.84, 5.34, 5.42, 3.53, 1.29, 1.34, 1.0, 0, 0.97, 1.23, 1.52, 1.65, 1.81, 1.81, 1.99, 2.1, 1.87, 2.1, 2.39, 2.3, 2.25, 1.84, 2.19, 2.47, 2.69, 3.06, 3.76, 3.56, 2.97, 2.73, 3.02, 2.92, 3.02, 3.54, 3.71, 4.1, 4.15, 4.22, 5.58, 6.71, 7.11, 6.48, 4.59, 3.85, 3.47, 2.5, 1.81, 2.6, 2.65, 3.39, 4.39, 4.37, 3.72, 3.71, 3.82, 3.8, 4.3, 3.77, 2.91, 3.08, 3.52, 3.68, 3.64, 3.59, 3.53, 3.19, 3.18, 3.33, 3.18, 3.44, 3.55, 4.39, 4.83], [12.7, 13.43, 12.45, 10.47, 9.02, 7.36, 6.35, 6.6, 7.23, 7.24, 6.14, 5.31, 4.73, 4.81, 5.47, 5.13, 3.38, 1.2, 1.59, 1.25, 0.97, 0, 0.9, 1.17, 1.38, 1.56, 1.66, 1.74, 1.87, 1.62, 1.89, 2.16, 2.15, 1.98, 1.79, 1.88, 2.28, 2.58, 2.85, 3.57, 3.39, 3.12, 2.94, 3.11, 2.89, 2.97, 3.57, 3.6, 3.85, 3.82, 3.89, 5.43, 6.52, 7.02, 6.31, 4.38, 3.64, 3.3, 2.41, 1.8, 2.57, 2.66, 3.38, 4.46, 4.42, 3.79, 3.72, 3.83, 3.79, 4.27, 3.82, 2.9, 3.21, 3.55, 3.67, 3.49, 3.48, 3.38, 3.1, 3.13, 3.32, 3.19, 3.45, 3.52, 4.24, 4.72], [12.6, 13.37, 12.39, 10.43, 8.96, 7.2, 6.23, 6.5, 7.15, 7.16, 6.08, 5.29, 4.67, 4.75, 5.35, 5.01, 3.04, 1.42, 1.65, 1.53, 1.23, 0.9, 0, 0.83, 0.98, 1.16, 1.3, 1.56, 1.79, 1.4, 1.53, 1.7, 1.73, 1.54, 1.49, 1.52, 2.0, 2.16, 2.59, 3.39, 3.25, 2.8, 2.76, 2.87, 2.77, 2.69, 3.27, 3.38, 3.51, 3.42, 3.65, 5.17, 6.14, 6.8, 5.77, 3.82, 3.16, 2.84, 1.99, 1.68, 2.57, 2.74, 3.32, 4.34, 4.34, 3.65, 3.56, 3.69, 3.95, 4.35, 3.8, 2.78, 3.01, 3.53, 3.53, 3.43, 3.22, 3.18, 2.84, 2.83, 2.98, 3.01, 3.25, 3.36, 4.1, 4.48], [12.25, 13.06, 12.08, 10.12, 8.61, 6.89, 5.96, 6.23, 6.86, 6.83, 5.83, 5.06, 4.34, 4.42, 5.0, 4.66, 2.91, 1.65, 2.0, 1.9, 1.52, 1.17, 0.83, 0, 1.03, 1.15, 1.37, 1.35, 1.74, 1.53, 1.52, 1.69, 1.68, 1.53, 1.58, 1.29, 1.49, 1.89, 2.4, 3.18, 2.96, 2.67, 2.63, 2.78, 2.88, 2.6, 3.04, 3.15, 3.38, 3.25, 3.52, 4.94, 5.83, 6.49, 5.5, 3.51, 2.87, 2.53, 1.76, 1.85, 2.82, 3.03, 3.61, 4.59, 4.59, 3.9, 3.81, 3.98, 4.26, 4.72, 4.09, 3.13, 3.36, 3.86, 3.74, 3.6, 3.29, 3.33, 2.97, 2.98, 3.21, 3.18, 3.52, 3.57, 4.21, 4.45], [11.76, 12.53, 11.55, 9.57, 8.12, 6.38, 5.43, 5.68, 6.33, 6.32, 5.24, 4.51, 3.83, 3.91, 4.55, 4.19, 2.36, 1.38, 2.25, 2.09, 1.65, 1.38, 0.98, 1.03, 0, 0.9, 1.1, 1.2, 1.61, 1.16, 1.39, 1.64, 1.39, 1.22, 1.07, 1.42, 1.7, 1.94, 2.55, 3.29, 3.23, 2.9, 2.86, 3.23, 3.29, 3.23, 3.49, 3.42, 3.41, 3.28, 3.33, 4.53, 5.42, 5.98, 5.13, 3.4, 2.78, 2.54, 1.67, 2.26, 3.25, 3.34, 4.1, 5.06, 5.06, 4.37, 4.28, 4.39, 4.53, 5.07, 4.48, 3.56, 3.65, 4.17, 4.17, 4.01, 3.78, 3.8, 3.54, 3.53, 3.7, 3.73, 3.97, 4.06, 4.74, 4.92], [12.1, 12.87, 11.89, 9.85, 8.46, 6.72, 5.77, 6.04, 6.69, 6.68, 5.58, 4.81, 4.17, 4.25, 4.85, 4.53, 2.76, 1.5, 2.17, 1.99, 1.81, 1.56, 1.16, 1.15, 0.9, 0, 0.48, 0.76, 1.23, 1.02, 1.43, 1.62, 1.35, 1.34, 1.33, 1.46, 1.9, 1.98, 2.45, 3.09, 3.17, 2.76, 2.78, 3.09, 3.21, 3.09, 3.37, 3.26, 3.31, 3.4, 3.43, 4.95, 5.76, 6.34, 5.53, 3.74, 3.04, 2.72, 1.89, 2.16, 3.15, 3.24, 3.82, 4.9, 4.9, 4.23, 4.2, 4.33, 4.43, 4.97, 4.38, 3.38, 3.63, 4.13, 4.15, 3.93, 3.56, 3.64, 3.34, 3.37, 3.56, 3.65, 3.87, 3.88, 4.48, 4.7], [12.3, 13.07, 12.09, 10.05, 8.66, 6.92, 5.97, 6.24, 6.89, 6.86, 5.76, 5.03, 4.37, 4.45, 5.05, 4.75, 2.94, 1.62, 1.97, 1.77, 1.81, 1.66, 1.3, 1.37, 1.1, 0.48, 0, 0.82, 1.33, 1.22, 1.61, 1.76, 1.63, 1.56, 1.43, 1.64, 2.12, 2.12, 2.37, 2.89, 3.09, 2.64, 2.62, 2.95, 3.07, 2.97, 3.21, 3.14, 3.25, 3.4, 3.43, 5.09, 5.94, 6.48, 5.69, 3.92, 3.2, 2.84, 1.97, 2.02, 2.99, 3.06, 3.66, 4.74, 4.74, 4.07, 4.04, 4.17, 4.27, 4.79, 4.22, 3.22, 3.43, 3.97, 4.01, 3.79, 3.42, 3.5, 3.24, 3.23, 3.44, 3.49, 3.73, 3.74, 4.36, 4.58], [11.8, 12.57, 11.59, 9.55, 8.16, 6.44, 5.49, 5.76, 6.41, 6.38, 5.26, 4.57, 3.89, 3.99, 4.69, 4.25, 2.66, 1.78, 2.55, 2.31, 1.99, 1.74, 1.56, 1.35, 1.2, 0.76, 0.82, 0, 0.73, 0.8, 1.09, 1.24, 1.07, 1.18, 1.35, 1.48, 1.82, 1.84, 2.47, 3.05, 3.19, 2.8, 2.94, 3.27, 3.35, 3.21, 3.43, 3.22, 3.37, 3.48, 3.53, 4.95, 5.68, 6.28, 5.45, 3.72, 3.04, 2.72, 1.65, 2.28, 3.37, 3.56, 4.1, 5.06, 5.02, 4.37, 4.32, 4.53, 4.71, 5.29, 4.66, 3.6, 3.77, 4.31, 4.29, 4.07, 3.74, 3.8, 3.58, 3.53, 3.72, 3.75, 4.01, 4.0, 4.62, 4.86], [11.71, 12.48, 11.5, 9.46, 8.07, 6.33, 5.38, 5.65, 6.3, 6.29, 5.21, 4.48, 3.86, 4.04, 4.76, 4.26, 2.75, 1.75, 2.64, 2.4, 2.1, 1.87, 1.79, 1.74, 1.61, 1.23, 1.33, 0.73, 0, 0.85, 0.98, 1.05, 0.94, 1.23, 1.72, 1.87, 2.23, 2.15, 2.78, 3.48, 3.54, 3.03, 3.27, 3.58, 3.6, 3.46, 3.68, 3.57, 3.8, 3.87, 3.94, 5.24, 5.83, 6.45, 5.7, 4.11, 3.39, 3.19, 1.9, 2.37, 3.38, 3.63, 4.13, 5.13, 5.09, 4.44, 4.43, 4.6, 4.84, 5.34, 4.69, 3.67, 3.92, 4.46, 4.44, 4.28, 3.97, 4.03, 3.81, 3.76, 3.91, 3.88, 4.18, 4.15, 4.85, 5.19], [11.64, 12.41, 11.43, 9.39, 8.0, 6.3, 5.37, 5.62, 6.27, 6.24, 5.16, 4.45, 3.77, 3.89, 4.59, 4.15, 2.56, 1.34, 2.53, 2.29, 1.87, 1.62, 1.4, 1.53, 1.16, 1.02, 1.22, 0.8, 0.85, 0, 0.85, 1.22, 1.01, 1.06, 1.25, 1.6, 1.98, 2.02, 2.61, 3.37, 3.41, 3.0, 3.06, 3.33, 3.43, 3.35, 3.71, 3.58, 3.59, 3.66, 3.65, 4.91, 5.68, 6.24, 5.45, 3.88, 3.16, 2.88, 1.71, 2.34, 3.43, 3.54, 4.16, 5.06, 5.06, 4.39, 4.36, 4.45, 4.63, 5.21, 4.56, 3.62, 3.71, 4.25, 4.25, 4.09, 3.82, 3.88, 3.64, 3.63, 3.78, 3.77, 4.01, 4.04, 4.72, 5.02], [11.33, 12.1, 11.12, 9.08, 7.69, 6.03, 5.12, 5.37, 6.0, 5.99, 4.93, 4.24, 3.54, 3.58, 4.24, 3.8, 2.17, 1.75, 2.94, 2.7, 2.1, 1.89, 1.53, 1.52, 1.39, 1.43, 1.61, 1.09, 0.98, 0.85, 0, 0.79, 0.76, 0.73, 1.52, 1.53, 1.69, 1.81, 2.82, 3.6, 3.42, 3.07, 3.29, 3.56, 3.62, 3.52, 3.78, 3.59, 3.84, 3.73, 3.8, 4.54, 5.25, 5.81, 5.02, 3.65, 3.01, 2.81, 1.6, 2.59, 3.72, 3.89, 4.47, 5.27, 5.25, 4.56, 4.53, 4.66, 4.94, 5.6, 4.91, 3.89, 4.02, 4.52, 4.46, 4.3, 4.03, 4.15, 3.93, 3.84, 3.99, 3.96, 4.22, 4.21, 4.89, 5.19], [11.18, 11.95, 10.97, 8.99, 7.54, 5.82, 4.91, 5.16, 5.79, 5.78, 4.74, 4.05, 3.35, 3.51, 4.13, 3.61, 2.26, 1.98, 3.11, 2.87, 2.39, 2.16, 1.7, 1.69, 1.64, 1.62, 1.76, 1.24, 1.05, 1.22, 0.79, 0, 0.77, 0.78, 1.57, 1.58, 1.92, 1.82, 2.77, 3.47, 3.39, 3.16, 3.44, 3.71, 3.71, 3.57, 3.83, 3.46, 3.71, 3.56, 3.71, 4.63, 5.22, 5.86, 5.03, 3.62, 3.0, 2.78, 1.49, 2.7, 3.81, 4.1, 4.62, 5.38, 5.34, 4.63, 4.56, 4.73, 5.15, 5.75, 5.06, 4.0, 4.15, 4.63, 4.57, 4.47, 4.28, 4.28, 4.04, 3.93, 4.08, 4.05, 4.37, 4.34, 5.06, 5.42], [11.13, 11.9, 10.92, 8.94, 7.49, 5.79, 4.88, 5.13, 5.76, 5.75, 4.67, 3.96, 3.28, 3.42, 4.16, 3.64, 2.09, 1.85, 3.08, 2.84, 2.3, 2.15, 1.73, 1.68, 1.39, 1.35, 1.63, 1.07, 0.94, 1.01, 0.76, 0.77, 0, 0.73, 1.42, 1.51, 1.89, 1.93, 2.82, 3.46, 3.52, 3.17, 3.37, 3.66, 3.74, 3.6, 3.86, 3.51, 3.62, 3.61, 3.76, 4.58, 5.25, 5.75, 5.0, 3.63, 2.99, 2.77, 1.68, 2.71, 3.8, 4.05, 4.67, 5.43, 5.39, 4.7, 4.63, 4.8, 5.1, 5.78, 5.05, 4.05, 4.16, 4.66, 4.6, 4.44, 4.23, 4.23, 3.99, 3.98, 4.11, 4.1, 4.38, 4.41, 5.07, 5.37], [11.08, 11.85, 10.87, 8.89, 7.44, 5.76, 4.85, 5.08, 5.73, 5.72, 4.64, 3.93, 3.25, 3.29, 3.89, 3.49, 1.78, 1.58, 3.03, 2.79, 2.25, 1.98, 1.54, 1.53, 1.22, 1.34, 1.56, 1.18, 1.23, 1.06, 0.73, 0.78, 0.73, 0, 1.17, 1.26, 1.54, 1.82, 2.67, 3.39, 3.39, 3.18, 3.36, 3.67, 3.77, 3.65, 3.89, 3.54, 3.55, 3.32, 3.41, 4.13, 4.82, 5.48, 4.67, 3.32, 2.66, 2.44, 1.39, 2.78, 3.87, 4.0, 4.72, 5.52, 5.48, 4.79, 4.7, 4.85, 5.07, 5.77, 5.08, 4.1, 4.15, 4.67, 4.63, 4.49, 4.24, 4.26, 4.0, 4.01, 4.16, 4.15, 4.41, 4.48, 5.12, 5.4], [11.43, 12.22, 11.24, 9.28, 7.79, 6.13, 5.22, 5.47, 6.08, 6.05, 5.03, 4.34, 3.62, 3.66, 4.22, 3.9, 2.23, 1.33, 2.56, 2.32, 1.84, 1.79, 1.49, 1.58, 1.07, 1.33, 1.43, 1.35, 1.72, 1.25, 1.52, 1.57, 1.42, 1.17, 0, 1.15, 1.67, 1.81, 2.42, 2.98, 3.08, 2.85, 2.81, 3.06, 3.18, 3.14, 3.58, 3.21, 3.12, 2.95, 2.98, 4.08, 5.09, 5.61, 4.68, 3.07, 2.33, 2.17, 1.22, 2.51, 3.66, 3.75, 4.37, 5.13, 5.03, 4.38, 4.27, 4.42, 4.56, 5.28, 4.73, 3.75, 3.68, 4.12, 4.08, 3.96, 3.85, 3.91, 3.55, 3.48, 3.65, 3.7, 3.94, 4.05, 4.65, 4.93], [11.6, 12.43, 11.45, 9.49, 8.0, 6.32, 5.43, 5.72, 6.27, 6.26, 5.34, 4.63, 3.87, 3.85, 4.45, 3.99, 2.4, 1.86, 2.59, 2.57, 2.19, 1.88, 1.52, 1.29, 1.42, 1.46, 1.64, 1.48, 1.87, 1.6, 1.53, 1.58, 1.51, 1.26, 1.15, 0, 0.92, 1.48, 1.83, 2.43, 2.55, 2.38, 2.64, 2.89, 3.05, 2.77, 2.97, 2.58, 2.59, 2.48, 2.67, 4.03, 5.1, 5.8, 4.65, 2.66, 1.98, 1.72, 1.17, 2.42, 3.57, 3.72, 4.315, 5.04, 4.98, 4.25, 4.18, 4.35, 4.65, 5.37, 4.66, 3.68, 3.73, 4.15, 4.03, 3.89, 3.68, 3.78, 3.32, 3.29, 3.54, 3.53, 3.83, 3.88, 4.46, 4.66], [11.12, 11.95, 10.97, 9.01, 7.54, 5.9, 5.11, 5.46, 5.91, 5.9, 5.02, 4.23, 3.57, 3.49, 4.09, 3.77, 2.4, 2.26, 3.03, 3.01, 2.47, 2.28, 2.0, 1.49, 1.7, 1.9, 2.12, 1.82, 2.23, 1.98, 1.69, 1.92, 1.89, 1.54, 1.67, 0.92, 0, 1.3, 1.79, 2.51, 2.45, 2.42, 2.66, 3.01, 3.27, 2.91, 2.93, 2.54, 2.67, 2.44, 2.59, 3.65, 4.72, 5.36, 4.35, 2.34, 1.8, 1.56, 1.19, 2.8, 3.99, 4.12, 4.76, 5.46, 5.32, 4.61, 4.54, 4.75, 5.13, 5.91, 5.16, 4.12, 4.23, 4.55, 4.39, 4.27, 4.16, 4.24, 3.74, 3.61, 3.94, 3.93, 4.21, 4.3, 4.76, 4.92], [10.94, 11.77, 10.79, 8.83, 7.34, 5.82, 5.51, 5.84, 6.15, 6.1, 5.24, 4.55, 3.91, 3.75, 4.27, 3.99, 2.96, 2.52, 3.31, 3.17, 2.69, 2.58, 2.16, 1.89, 1.94, 1.98, 2.12, 1.84, 2.15, 2.02, 1.81, 1.82, 1.93, 1.82, 1.81, 1.48, 1.3, 0, 1.27, 1.99, 1.95, 1.86, 2.18, 2.67, 3.07, 2.83, 2.57, 2.08, 2.35, 2.34, 2.41, 3.65, 4.54, 5.22, 4.07, 2.42, 1.74, 1.58, 1.03, 3.08, 4.23, 4.42, 4.975, 5.68, 5.5, 4.75, 4.72, 4.89, 5.33, 6.03, 5.34, 4.32, 4.33, 4.69, 4.57, 4.47, 4.32, 4.42, 3.92, 3.79, 4.1, 4.17, 4.41, 4.5, 4.84, 5.0], [11.31, 12.14, 11.16, 9.2, 7.71, 6.45, 6.24, 6.53, 6.78, 6.73, 5.91, 5.36, 4.78, 4.54, 5.04, 4.8, 3.83, 2.91, 3.24, 3.16, 3.06, 2.85, 2.59, 2.4, 2.55, 2.45, 2.37, 2.47, 2.78, 2.61, 2.82, 2.77, 2.82, 2.67, 2.42, 1.83, 1.79, 1.27, 0, 1.12, 1.38, 1.37, 1.85, 2.32, 2.68, 2.5, 2.2, 1.65, 1.54, 1.79, 1.94, 3.72, 4.91, 5.57, 4.32, 2.45, 1.83, 1.61, 1.76, 2.99, 3.96, 4.13, 4.64, 5.342, 5.162, 4.42, 4.39, 4.54, 4.96, 5.64, 4.99, 4.03, 4.06, 4.32, 4.24, 4.12, 4.01, 4.11, 3.61, 3.46, 3.87, 3.86, 4.08, 4.19, 4.51, 4.67], [10.87, 11.64, 10.7, 8.78, 7.33, 6.67, 6.5, 6.79, 7.0, 6.95, 6.17, 5.66, 5.1, 4.82, 5.3, 5.16, 4.35, 3.65, 3.7, 3.66, 3.76, 3.57, 3.39, 3.18, 3.29, 3.09, 2.89, 3.05, 3.48, 3.37, 3.6, 3.47, 3.46, 3.39, 2.98, 2.43, 2.51, 1.99, 1.12, 0, 1.14, 1.35, 1.85, 2.48, 2.92, 2.9, 2.42, 1.55, 1.4, 1.79, 1.8, 3.28, 4.59, 5.19, 3.92, 2.31, 1.99, 1.79, 2.32, 3.61, 4.56, 4.71, 5.05, 5.737, 5.557, 4.807, 4.78, 4.98, 5.36, 6.04, 5.47, 4.39, 4.44, 4.62, 4.6, 4.48, 4.39, 4.49, 3.97, 3.86, 4.17, 4.24, 4.46, 4.57, 4.89, 5.05], [11.11, 11.88, 10.94, 9.02, 7.65, 7.25, 7.08, 7.35, 7.7, 7.65, 6.79, 6.1, 5.42, 5.28, 5.76, 5.56, 4.59, 3.59, 3.78, 3.7, 3.56, 3.39, 3.25, 2.96, 3.23, 3.17, 3.09, 3.19, 3.54, 3.41, 3.42, 3.39, 3.52, 3.39, 3.08, 2.55, 2.45, 1.95, 1.38, 1.14, 0, 1.29, 1.95, 2.52, 3.04, 2.74, 2.24, 1.37, 1.58, 1.91, 2.28, 3.76, 4.85, 5.47, 4.3, 2.81, 2.33, 2.19, 2.3, 3.59, 4.48, 4.63, 4.77, 5.446, 5.266, 4.52, 4.49, 4.74, 5.14, 5.98, 5.23, 4.19, 4.38, 4.36, 4.26, 4.16, 4.09, 4.19, 3.77, 3.72, 4.01, 4.02, 4.2, 4.29, 4.57, 4.73], [11.76, 12.55, 11.59, 9.69, 8.3, 7.4, 7.15, 7.48, 7.83, 7.78, 6.92, 6.21, 5.47, 5.33, 5.87, 5.61, 4.5, 3.24, 2.85, 2.89, 2.97, 3.12, 2.8, 2.67, 2.9, 2.76, 2.64, 2.8, 3.03, 3.0, 3.07, 3.16, 3.17, 3.18, 2.85, 2.38, 2.42, 1.86, 1.37, 1.35, 1.29, 0, 0.96, 1.69, 2.01, 1.93, 1.55, 1.5, 1.99, 2.26, 2.51, 4.27, 5.54, 6.14, 4.87, 3.2, 2.74, 2.6, 2.27, 2.62, 3.59, 3.76, 4.14, 4.81, 4.64, 3.89, 3.9, 4.05, 4.53, 5.17, 4.56, 3.52, 3.55, 3.77, 3.65, 3.53, 3.5, 3.56, 3.1, 2.97, 3.28, 3.29, 3.59, 3.62, 3.94, 4.14], [12.36, 13.15, 12.19, 10.29, 8.86, 7.7, 7.31, 7.64, 8.05, 8.0, 7.14, 6.39, 5.69, 5.55, 6.11, 5.77, 4.7, 3.12, 2.35, 2.43, 2.73, 2.94, 2.76, 2.63, 2.86, 2.78, 2.62, 2.94, 3.27, 3.06, 3.29, 3.44, 3.37, 3.36, 2.81, 2.64, 2.66, 2.18, 1.85, 1.85, 1.95, 0.96, 0, 0.93, 1.47, 1.41, 1.31, 2.08, 2.59, 2.8, 2.93, 4.75, 6.12, 6.7, 5.45, 3.68, 3.1, 2.94, 2.45, 2.08, 3.03, 3.18, 3.54, 4.227, 4.047, 3.31, 3.3, 3.43, 3.79, 4.53, 3.92, 2.9, 2.87, 3.11, 3.05, 2.95, 2.88, 2.98, 2.46, 2.35, 2.66, 2.71, 2.93, 3.04, 3.36, 3.52], [13.15, 13.98, 13.0, 11.04, 9.61, 8.25, 7.82, 8.15, 8.58, 8.53, 7.65, 6.9, 6.24, 6.1, 6.68, 6.28, 5.01, 3.49, 2.38, 2.62, 3.02, 3.11, 2.87, 2.78, 3.23, 3.09, 2.95, 3.27, 3.58, 3.33, 3.56, 3.71, 3.66, 3.67, 3.06, 2.89, 3.01, 2.67, 2.32, 2.48, 2.52, 1.69, 0.93, 0, 1.0, 1.12, 1.44, 2.55, 2.96, 3.21, 3.54, 5.5, 6.81, 7.47, 6.1, 4.17, 3.41, 3.19, 2.8, 2.11, 2.76, 2.93, 2.93, 3.41, 3.23, 2.72, 2.73, 2.74, 3.12, 3.86, 3.15, 2.29, 2.22, 2.38, 2.48, 2.4, 2.27, 2.23, 1.63, 1.58, 1.87, 1.94, 2.12, 2.41, 2.57, 2.77], [13.65, 14.42, 13.48, 11.54, 10.01, 8.55, 7.98, 8.27, 8.78, 8.75, 7.91, 7.12, 6.44, 6.34, 6.94, 6.6, 5.11, 3.49, 2.2, 2.46, 2.92, 2.89, 2.77, 2.88, 3.29, 3.21, 3.07, 3.35, 3.6, 3.43, 3.62, 3.71, 3.74, 3.77, 3.18, 3.05, 3.27, 3.07, 2.68, 2.92, 3.04, 2.01, 1.47, 1.0, 0, 1.16, 1.96, 3.03, 3.5, 3.65, 4.08, 5.96, 7.25, 7.85, 6.48, 4.59, 3.89, 3.61, 2.98, 1.89, 2.46, 2.65, 2.73, 3.03, 2.81, 2.54, 2.57, 2.48, 2.72, 3.34, 2.81, 2.15, 2.06, 2.0, 2.2, 2.2, 2.27, 2.01, 1.51, 1.32, 1.61, 1.62, 1.88, 2.23, 2.27, 2.65], [13.55, 14.38, 13.4, 11.44, 9.95, 8.49, 7.94, 8.27, 8.74, 8.71, 7.85, 7.04, 6.38, 6.3, 6.9, 6.5, 5.07, 3.55, 2.28, 2.5, 3.02, 2.97, 2.69, 2.6, 3.23, 3.09, 2.97, 3.21, 3.46, 3.35, 3.52, 3.57, 3.6, 3.65, 3.14, 2.77, 2.91, 2.83, 2.5, 2.9, 2.74, 1.93, 1.41, 1.12, 1.16, 0, 1.1, 2.53, 2.92, 2.95, 3.9, 5.86, 7.07, 7.77, 6.32, 4.23, 3.57, 3.25, 2.88, 1.77, 2.3, 2.53, 2.51, 3.03, 2.89, 2.38, 2.29, 2.58, 3.12, 3.82, 3.09, 2.05, 2.36, 2.38, 2.3, 2.1, 1.99, 1.93, 1.53, 1.42, 1.71, 1.66, 1.94, 1.95, 2.23, 2.63], [13.05, 13.88, 12.9, 10.94, 9.51, 8.25, 7.94, 8.29, 8.66, 8.61, 7.73, 7.0, 6.3, 6.14, 6.7, 6.36, 5.27, 3.97, 2.9, 3.08, 3.54, 3.57, 3.27, 3.04, 3.49, 3.37, 3.21, 3.43, 3.68, 3.71, 3.78, 3.83, 3.86, 3.89, 3.58, 2.97, 2.93, 2.57, 2.2, 2.42, 2.24, 1.55, 1.31, 1.44, 1.96, 1.1, 0, 1.67, 2.18, 2.43, 3.4, 5.38, 6.65, 7.33, 5.86, 3.77, 3.09, 2.99, 2.9, 2.55, 3.18, 3.31, 3.07, 3.55, 3.43, 2.76, 2.81, 3.22, 3.82, 4.72, 3.93, 2.89, 3.28, 3.22, 2.88, 2.62, 2.53, 2.55, 2.39, 2.32, 2.57, 2.56, 2.8, 2.61, 2.81, 3.15], [11.68, 12.49, 11.51, 9.59, 8.22, 7.24, 6.99, 7.3, 7.71, 7.66, 6.72, 6.05, 5.39, 5.23, 5.71, 5.45, 4.54, 3.88, 3.75, 3.65, 3.71, 3.6, 3.38, 3.15, 3.42, 3.26, 3.14, 3.22, 3.57, 3.58, 3.59, 3.46, 3.51, 3.54, 3.21, 2.58, 2.54, 2.08, 1.65, 1.55, 1.37, 1.5, 2.08, 2.55, 3.03, 2.53, 1.67, 0, 0.85, 1.5, 2.31, 4.13, 5.46, 6.06, 4.69, 2.82, 2.06, 2.06, 2.37, 3.58, 4.43, 4.54, 4.38, 4.86, 4.68, 4.07, 4.04, 4.51, 5.01, 5.97, 5.2, 4.18, 4.51, 4.37, 4.05, 3.85, 3.76, 3.92, 3.74, 3.67, 3.92, 3.95, 4.07, 4.06, 4.12, 4.44], [11.21, 12.02, 11.04, 9.08, 7.75, 6.79, 6.56, 6.85, 7.22, 7.17, 6.23, 5.6, 5.08, 4.84, 5.32, 5.12, 4.31, 3.93, 4.28, 4.12, 4.1, 3.85, 3.51, 3.38, 3.41, 3.31, 3.25, 3.37, 3.8, 3.59, 3.84, 3.71, 3.62, 3.55, 3.12, 2.59, 2.67, 2.35, 1.54, 1.4, 1.58, 1.99, 2.59, 2.96, 3.5, 2.92, 2.18, 0.85, 0, 1.01, 1.8, 3.64, 4.93, 5.59, 4.16, 2.29, 1.61, 1.67, 2.52, 4.03, 4.78, 4.89, 4.79, 5.29, 5.11, 4.5, 4.47, 4.94, 5.46, 6.28, 5.53, 4.51, 4.82, 4.72, 4.4, 4.18, 4.09, 4.27, 4.05, 4.0, 4.25, 4.3, 4.38, 4.39, 4.51, 4.79], [10.98, 11.77, 10.79, 8.85, 7.46, 6.4, 6.09, 6.38, 6.83, 6.78, 5.8, 5.09, 4.61, 4.37, 4.87, 4.61, 3.84, 3.82, 4.49, 4.31, 4.15, 3.82, 3.42, 3.25, 3.28, 3.4, 3.4, 3.48, 3.87, 3.66, 3.73, 3.56, 3.61, 3.32, 2.95, 2.48, 2.44, 2.34, 1.79, 1.79, 1.91, 2.26, 2.8, 3.21, 3.65, 2.95, 2.43, 1.5, 1.01, 0, 1.41, 3.27, 4.6, 5.24, 3.83, 1.84, 1.38, 1.5, 2.35, 4.16, 4.93, 5.12, 5.12, 5.56, 5.4, 4.81, 4.8, 5.19, 5.77, 6.53, 5.7, 4.64, 4.99, 4.93, 4.65, 4.41, 4.32, 4.34, 4.2, 4.11, 4.36, 4.37, 4.57, 4.5, 4.64, 5.06], [9.77, 10.54, 9.56, 7.54, 6.23, 5.21, 5.04, 5.33, 5.68, 5.63, 4.65, 4.1, 3.7, 3.5, 3.86, 3.66, 3.53, 3.81, 4.64, 4.44, 4.22, 3.89, 3.65, 3.52, 3.33, 3.43, 3.43, 3.53, 3.94, 3.65, 3.8, 3.71, 3.76, 3.41, 2.98, 2.67, 2.59, 2.41, 1.94, 1.8, 2.28, 2.51, 2.93, 3.54, 4.08, 3.9, 3.4, 2.31, 1.8, 1.41, 0, 2.08, 3.45, 4.03, 2.82, 1.31, 1.51, 1.49, 2.54, 4.45, 5.52, 5.67, 6.03, 6.73, 6.55, 5.8, 5.809, 5.98, 6.28, 7.06, 6.37, 5.39, 5.42, 5.64, 5.64, 5.44, 5.37, 5.49, 5.11, 5.0, 5.27, 5.34, 5.48, 5.53, 5.85, 6.01], [7.79, 8.52, 7.58, 5.66, 4.27, 3.99, 3.96, 4.13, 4.32, 4.17, 3.55, 3.5, 3.18, 2.98, 3.06, 2.74, 3.37, 4.81, 6.28, 6.1, 5.58, 5.43, 5.17, 4.94, 4.53, 4.95, 5.09, 4.95, 5.24, 4.91, 4.54, 4.63, 4.58, 4.13, 4.08, 4.03, 3.65, 3.65, 3.72, 3.28, 3.76, 4.27, 4.75, 5.5, 5.96, 5.86, 5.38, 4.13, 3.64, 3.27, 2.08, 0, 1.65, 2.09, 1.2, 1.73, 2.61, 2.83, 3.68, 6.21, 7.4, 7.51, 8.07, 8.77, 8.59, 7.84, 7.795, 7.96, 8.14, 9.04, 8.39, 7.41, 7.36, 7.64, 7.6, 7.46, 7.41, 7.51, 7.07, 6.96, 7.23, 7.28, 7.46, 7.57, 7.89, 8.05], [6.52, 7.33, 6.35, 4.39, 3.58, 3.9, 4.01, 4.2, 4.23, 4.18, 3.66, 3.85, 3.63, 3.37, 3.35, 2.97, 3.76, 5.92, 7.47, 7.27, 6.71, 6.52, 6.14, 5.83, 5.42, 5.76, 5.94, 5.68, 5.83, 5.68, 5.25, 5.22, 5.25, 4.82, 5.09, 5.1, 4.72, 4.54, 4.91, 4.59, 4.85, 5.54, 6.12, 6.81, 7.25, 7.07, 6.65, 5.46, 4.93, 4.6, 3.45, 1.65, 0, 0.92, 1.11, 2.96, 3.84, 4.06, 4.73, 7.28, 8.43, 8.54, 9.28, 9.98, 9.8, 9.05, 9.02, 9.19, 9.51, 10.27, 9.62, 8.62, 8.59, 8.95, 8.85, 8.75, 8.62, 8.72, 8.26, 8.15, 8.42, 8.47, 8.67, 8.78, 9.12, 9.28], [5.86, 6.67, 5.65, 3.71, 3.12, 3.56, 3.95, 4.16, 4.17, 4.14, 3.72, 3.99, 3.77, 3.51, 3.51, 3.25, 4.14, 6.38, 7.97, 7.71, 7.11, 7.02, 6.8, 6.49, 5.98, 6.34, 6.48, 6.28, 6.45, 6.24, 5.81, 5.86, 5.75, 5.48, 5.61, 5.8, 5.36, 5.22, 5.57, 5.19, 5.47, 6.14, 6.7, 7.47, 7.85, 7.77, 7.33, 6.06, 5.59, 5.24, 4.03, 2.09, 0.92, 0, 1.51, 3.64, 4.52, 4.74, 5.39, 7.96, 9.11, 9.2, 9.96, 10.66, 10.48, 9.73, 9.696, 9.85, 10.07, 10.89, 10.28, 9.3, 9.25, 9.53, 9.49, 9.35, 9.3, 9.4, 8.96, 8.85, 9.12, 9.17, 9.35, 9.46, 9.8, 9.96], [7.23, 8.06, 7.08, 5.12, 3.75, 3.81, 3.92, 4.11, 4.12, 4.09, 3.55, 3.64, 3.38, 3.08, 3.1, 2.74, 3.33, 5.67, 7.1, 6.96, 6.48, 6.31, 5.77, 5.5, 5.13, 5.53, 5.69, 5.45, 5.7, 5.45, 5.02, 5.03, 5.0, 4.67, 4.68, 4.65, 4.35, 4.07, 4.32, 3.92, 4.3, 4.87, 5.45, 6.1, 6.48, 6.32, 5.86, 4.69, 4.16, 3.83, 2.82, 1.2, 1.11, 1.51, 0, 2.27, 3.19, 3.39, 4.08, 6.87, 8.06, 8.23, 8.59, 9.27, 9.09, 8.34, 8.31, 8.5, 9.0, 9.6, 9.01, 7.95, 8.0, 8.24, 8.1, 7.98, 7.91, 8.01, 7.55, 7.42, 7.69, 7.74, 8.0, 8.07, 8.39, 8.55], [9.44, 10.23, 9.25, 7.29, 5.82, 4.96, 4.75, 5.1, 5.31, 5.22, 4.34, 3.93, 3.53, 3.23, 3.71, 3.55, 3.08, 4.06, 5.15, 5.07, 4.59, 4.38, 3.82, 3.51, 3.4, 3.74, 3.92, 3.72, 4.11, 3.88, 3.65, 3.62, 3.63, 3.32, 3.07, 2.66, 2.34, 2.42, 2.45, 2.31, 2.81, 3.2, 3.68, 4.17, 4.59, 4.23, 3.77, 2.82, 2.29, 1.84, 1.31, 1.73, 2.96, 3.64, 2.27, 0, 1.1, 1.34, 2.47, 4.76, 5.93, 6.18, 6.36, 7.06, 6.88, 6.13, 6.1, 6.37, 6.89, 7.69, 6.84, 5.72, 5.95, 6.17, 6.01, 5.89, 5.76, 5.84, 5.5, 5.39, 5.6, 5.61, 5.85, 5.9, 6.2, 6.42], [10.34, 11.13, 10.15, 8.19, 6.7, 5.42, 5.21, 5.5, 5.81, 5.76, 4.84, 4.27, 3.77, 3.55, 3.99, 3.83, 3.02, 3.32, 4.41, 4.33, 3.85, 3.64, 3.16, 2.87, 2.78, 3.04, 3.2, 3.04, 3.39, 3.16, 3.01, 3.0, 2.99, 2.66, 2.33, 1.98, 1.8, 1.74, 1.83, 1.99, 2.33, 2.74, 3.1, 3.41, 3.89, 3.57, 3.09, 2.06, 1.61, 1.38, 1.51, 2.61, 3.84, 4.52, 3.19, 1.1, 0, 0.62, 1.77, 4.08, 5.25, 5.44, 5.54, 6.16, 5.98, 5.25, 5.24, 5.63, 6.13, 6.95, 6.02, 4.94, 5.19, 5.27, 5.09, 5.01, 4.82, 4.98, 4.62, 4.55, 4.74, 4.87, 5.01, 5.06, 5.3, 5.56], [10.56, 11.33, 10.35, 8.39, 6.92, 5.54, 5.25, 5.54, 5.85, 5.8, 4.86, 4.27, 3.79, 3.59, 4.05, 3.89, 2.98, 3.1, 4.07, 3.93, 3.47, 3.3, 2.84, 2.53, 2.54, 2.72, 2.84, 2.72, 3.19, 2.88, 2.81, 2.78, 2.77, 2.44, 2.17, 1.72, 1.56, 1.58, 1.61, 1.79, 2.19, 2.6, 2.94, 3.19, 3.61, 3.25, 2.99, 2.06, 1.67, 1.5, 1.49, 2.83, 4.06, 4.74, 3.39, 1.34, 0.62, 0, 1.49, 3.76, 4.95, 5.1, 5.3, 5.94, 5.76, 5.03, 5.02, 5.31, 5.79, 6.55, 5.78, 4.66, 4.83, 4.99, 4.87, 4.73, 4.58, 4.68, 4.28, 4.21, 4.42, 4.55, 4.69, 4.76, 5.1, 5.26], [11.23, 12.02, 11.04, 9.08, 7.59, 5.93, 5.2, 5.51, 6.1, 6.05, 5.11, 4.36, 3.72, 3.68, 4.3, 3.92, 2.47, 1.95, 3.14, 2.98, 2.5, 2.41, 1.99, 1.76, 1.67, 1.89, 1.97, 1.65, 1.9, 1.71, 1.6, 1.49, 1.68, 1.39, 1.22, 1.17, 1.19, 1.03, 1.76, 2.32, 2.3, 2.27, 2.45, 2.8, 2.98, 2.88, 2.9, 2.37, 2.52, 2.35, 2.54, 3.68, 4.73, 5.39, 4.08, 2.47, 1.77, 1.49, 0, 2.85, 4.02, 4.19, 4.59, 5.27, 5.09, 4.36, 4.31, 4.48, 4.96, 5.64, 5.01, 3.97, 4.02, 4.32, 4.26, 4.12, 3.99, 4.09, 3.67, 3.54, 3.81, 3.88, 4.08, 4.19, 4.59, 4.75], [13.765, 14.523, 13.552, 11.555, 10.142, 8.4, 7.43, 7.72, 8.37, 8.34, 7.3, 6.57, 5.89, 5.929, 6.55, 6.21, 4.24, 2.34, 1.33, 1.33, 1.81, 1.8, 1.68, 1.85, 2.26, 2.16, 2.02, 2.28, 2.37, 2.34, 2.59, 2.7, 2.71, 2.78, 2.51, 2.42, 2.8, 3.08, 2.99, 3.61, 3.59, 2.62, 2.08, 2.11, 1.89, 1.77, 2.55, 3.58, 4.03, 4.16, 4.45, 6.21, 7.28, 7.96, 6.87, 4.76, 4.08, 3.76, 2.85, 0, 1.31, 1.62, 2.1, 2.98, 2.92, 2.35, 2.26, 2.45, 2.69, 3.27, 2.6, 1.64, 1.81, 2.31, 2.35, 2.27, 2.06, 2.1, 1.88, 1.81, 1.86, 1.79, 2.07, 2.1, 2.88, 3.32], [14.929, 15.688, 14.716, 12.739, 11.286, 9.51, 8.54, 8.81, 9.48, 9.47, 8.43, 7.68, 7.02, 7.093, 7.68, 7.34, 5.37, 3.29, 1.8, 1.82, 2.6, 2.57, 2.57, 2.82, 3.25, 3.15, 2.99, 3.37, 3.38, 3.43, 3.72, 3.81, 3.8, 3.87, 3.66, 3.57, 3.99, 4.23, 3.96, 4.56, 4.48, 3.59, 3.03, 2.76, 2.46, 2.3, 3.18, 4.43, 4.78, 4.93, 5.52, 7.4, 8.43, 9.11, 8.06, 5.93, 5.25, 4.95, 4.02, 1.31, 0, 0.71, 1.17, 2.11, 2.27, 2.08, 2.01, 2.1, 2.28, 2.52, 1.81, 1.57, 1.56, 1.88, 2.2, 2.3, 2.37, 2.29, 2.15, 2.1, 2.15, 1.72, 1.76, 1.93, 2.69, 3.43], [15.02, 15.79, 14.81, 12.83, 11.38, 9.64, 8.69, 8.94, 9.61, 9.58, 8.48, 7.81, 7.11, 7.17, 7.77, 7.45, 5.52, 3.32, 1.75, 1.89, 2.65, 2.66, 2.74, 3.03, 3.34, 3.24, 3.06, 3.56, 3.63, 3.54, 3.89, 4.1, 4.05, 4.0, 3.75, 3.72, 4.12, 4.42, 4.13, 4.71, 4.63, 3.76, 3.18, 2.93, 2.65, 2.53, 3.31, 4.54, 4.89, 5.12, 5.67, 7.51, 8.54, 9.2, 8.23, 6.18, 5.44, 5.1, 4.19, 1.62, 0.71, 0, 1.18, 2.2, 2.24, 2.13, 2.16, 2.11, 2.23, 2.43, 2.0, 1.82, 1.69, 2.07, 2.35, 2.37, 2.44, 2.34, 2.3, 2.21, 2.34, 1.97, 1.91, 2.14, 2.7, 3.36], [15.8, 16.57, 15.59, 13.55, 12.16, 10.38, 9.39, 9.68, 10.35, 10.34, 9.28, 8.51, 7.87, 7.95, 8.55, 8.21, 6.22, 4.06, 2.47, 2.55, 3.39, 3.38, 3.32, 3.61, 4.1, 3.82, 3.66, 4.1, 4.13, 4.16, 4.47, 4.62, 4.67, 4.72, 4.37, 4.315, 4.76, 4.975, 4.64, 5.05, 4.77, 4.14, 3.54, 2.93, 2.73, 2.51, 3.07, 4.38, 4.79, 5.12, 6.03, 8.07, 9.28, 9.96, 8.59, 6.36, 5.54, 5.3, 4.59, 2.1, 1.17, 1.18, 0, 1.3, 1.38, 1.33, 1.5, 1.59, 1.89, 2.21, 1.5, 1.3, 1.51, 1.65, 1.77, 1.81, 1.82, 1.88, 1.88, 1.93, 1.88, 1.63, 1.49, 1.52, 1.98, 2.72], [16.496, 17.27, 16.29, 14.25, 12.859, 11.1, 10.15, 10.42, 11.07, 11.08, 10.06, 9.33, 8.67, 8.73, 9.31, 8.93, 7.0, 5.1, 3.53, 3.69, 4.39, 4.46, 4.34, 4.59, 5.06, 4.9, 4.74, 5.06, 5.13, 5.06, 5.27, 5.38, 5.43, 5.52, 5.13, 5.04, 5.46, 5.68, 5.342, 5.737, 5.446, 4.81, 4.227, 3.41, 3.03, 3.03, 3.55, 4.86, 5.29, 5.56, 6.73, 8.77, 9.98, 10.66, 9.27, 7.06, 6.16, 5.94, 5.27, 2.98, 2.11, 2.2, 1.3, 0, 0.8, 1.23, 1.22, 1.33, 1.45, 1.89, 1.5, 1.68, 1.73, 1.59, 1.65, 1.79, 1.78, 1.84, 1.98, 2.09, 1.82, 1.65, 1.53, 1.44, 1.4, 2.22], [16.316, 17.09, 16.11, 14.07, 12.679, 10.92, 10.01, 10.32, 10.93, 10.92, 9.94, 9.19, 8.57, 8.63, 9.23, 8.85, 6.94, 5.08, 3.51, 3.63, 4.37, 4.42, 4.34, 4.59, 5.06, 4.9, 4.74, 5.02, 5.09, 5.06, 5.25, 5.34, 5.39, 5.48, 5.03, 4.98, 5.32, 5.5, 5.162, 5.557, 5.266, 4.64, 4.047, 3.23, 2.81, 2.89, 3.43, 4.68, 5.11, 5.4, 6.55, 8.59, 9.8, 10.48, 9.09, 6.88, 5.98, 5.76, 5.09, 2.92, 2.27, 2.24, 1.38, 0.8, 0, 1.09, 1.22, 1.29, 1.49, 2.15, 1.54, 1.58, 1.53, 1.35, 1.35, 1.55, 1.56, 1.64, 1.84, 1.87, 1.58, 1.53, 1.33, 1.3, 1.3, 2.1], [15.566, 16.34, 15.36, 13.32, 11.929, 10.19, 9.34, 9.65, 10.26, 10.25, 9.27, 8.54, 7.92, 7.96, 8.56, 8.14, 6.25, 4.47, 2.88, 3.0, 3.72, 3.79, 3.65, 3.9, 4.37, 4.23, 4.07, 4.37, 4.44, 4.39, 4.56, 4.63, 4.7, 4.79, 4.38, 4.25, 4.61, 4.75, 4.42, 4.807, 4.52, 3.89, 3.31, 2.72, 2.54, 2.38, 2.76, 4.07, 4.5, 4.81, 5.8, 7.84, 9.05, 9.73, 8.34, 6.13, 5.25, 5.03, 4.36, 2.35, 2.08, 2.13, 1.33, 1.23, 1.09, 0, 0.73, 0.92, 1.52, 2.5, 1.77, 1.27, 1.54, 1.5, 1.44, 1.4, 1.45, 1.61, 1.75, 1.8, 1.71, 1.42, 1.32, 1.11, 1.43, 2.15], [15.539, 16.298, 15.326, 13.349, 11.896, 10.14, 9.23, 9.54, 10.15, 10.16, 9.18, 8.43, 7.81, 7.87, 8.47, 8.07, 6.16, 4.4, 2.85, 3.03, 3.71, 3.72, 3.56, 3.81, 4.28, 4.2, 4.04, 4.32, 4.43, 4.36, 4.53, 4.56, 4.63, 4.7, 4.27, 4.18, 4.54, 4.72, 4.39, 4.78, 4.49, 3.9, 3.3, 2.73, 2.57, 2.29, 2.81, 4.04, 4.47, 4.8, 5.809, 7.795, 9.02, 9.696, 8.31, 6.1, 5.24, 5.02, 4.31, 2.26, 2.01, 2.16, 1.5, 1.22, 1.22, 0.73, 0, 0.85, 1.33, 2.21, 1.58, 1.14, 1.51, 1.49, 1.35, 1.21, 1.26, 1.46, 1.66, 1.65, 1.52, 1.33, 1.19, 1.0, 1.2, 1.76], [15.69, 16.46, 15.48, 13.5, 12.05, 10.29, 9.36, 9.67, 10.28, 10.31, 9.31, 8.58, 7.94, 8.0, 8.6, 8.22, 6.29, 4.51, 2.96, 3.18, 3.82, 3.83, 3.69, 3.98, 4.39, 4.33, 4.17, 4.53, 4.6, 4.45, 4.66, 4.73, 4.8, 4.85, 4.42, 4.35, 4.75, 4.89, 4.54, 4.98, 4.74, 4.05, 3.43, 2.74, 2.48, 2.58, 3.22, 4.51, 4.94, 5.19, 5.98, 7.96, 9.19, 9.85, 8.5, 6.37, 5.63, 5.31, 4.48, 2.45, 2.1, 2.11, 1.59, 1.33, 1.29, 0.92, 0.85, 0, 0.86, 1.88, 1.27, 1.27, 1.16, 1.36, 1.4, 1.28, 1.39, 1.49, 1.69, 1.68, 1.57, 1.28, 1.22, 1.13, 1.25, 1.77], [15.85, 16.62, 15.64, 13.6, 12.209, 10.53, 9.52, 9.75, 10.42, 10.41, 9.37, 8.64, 8.0, 8.04, 8.64, 8.3, 6.49, 4.43, 3.04, 3.14, 3.8, 3.79, 3.95, 4.26, 4.53, 4.43, 4.27, 4.71, 4.84, 4.63, 4.94, 5.15, 5.1, 5.07, 4.56, 4.65, 5.13, 5.33, 4.96, 5.36, 5.14, 4.53, 3.79, 3.12, 2.72, 3.12, 3.82, 5.01, 5.46, 5.77, 6.28, 8.14, 9.51, 10.07, 9.0, 6.89, 6.13, 5.79, 4.96, 2.69, 2.28, 2.23, 1.89, 1.45, 1.49, 1.52, 1.33, 0.86, 0, 1.46, 1.11, 1.53, 1.38, 1.38, 1.64, 1.6, 1.67, 1.57, 1.91, 2.0, 1.81, 1.66, 1.54, 1.53, 1.55, 1.73], [16.71, 17.48, 16.5, 14.46, 13.07, 11.33, 10.3, 10.57, 11.24, 11.25, 10.19, 9.4, 8.78, 8.86, 9.46, 9.12, 7.17, 4.87, 3.4, 3.56, 4.3, 4.27, 4.35, 4.72, 5.07, 4.97, 4.79, 5.29, 5.34, 5.21, 5.6, 5.75, 5.78, 5.77, 5.28, 5.37, 5.91, 6.03, 5.64, 6.04, 5.98, 5.17, 4.53, 3.86, 3.34, 3.82, 4.72, 5.97, 6.28, 6.53, 7.06, 9.04, 10.27, 10.89, 9.6, 7.69, 6.95, 6.55, 5.64, 3.27, 2.52, 2.43, 2.21, 1.89, 2.15, 2.5, 2.21, 1.88, 1.46, 0, 1.23, 2.09, 2.0, 1.92, 2.3, 2.28, 2.37, 2.25, 2.49, 2.54, 2.41, 2.26, 2.14, 2.21, 2.19, 1.95], [16.12, 16.89, 15.91, 13.89, 12.48, 10.7, 9.71, 10.0, 10.65, 10.66, 9.62, 8.83, 8.23, 8.29, 8.87, 8.53, 6.5, 4.46, 2.87, 3.01, 3.77, 3.82, 3.8, 4.09, 4.48, 4.38, 4.22, 4.66, 4.69, 4.56, 4.91, 5.06, 5.05, 5.08, 4.73, 4.66, 5.16, 5.34, 4.99, 5.47, 5.23, 4.56, 3.92, 3.15, 2.81, 3.09, 3.93, 5.2, 5.53, 5.7, 6.37, 8.39, 9.62, 10.28, 9.01, 6.84, 6.02, 5.78, 5.01, 2.6, 1.81, 2.0, 1.5, 1.5, 1.54, 1.77, 1.58, 1.27, 1.11, 1.23, 0, 1.3, 1.21, 1.19, 1.47, 1.55, 1.64, 1.62, 1.8, 1.93, 1.68, 1.57, 1.35, 1.46, 1.72, 1.96], [15.14, 15.91, 14.93, 12.89, 11.5, 9.72, 8.73, 9.02, 9.67, 9.68, 8.64, 7.83, 7.25, 7.31, 7.91, 7.57, 5.54, 3.6, 2.05, 2.29, 2.91, 2.9, 2.78, 3.13, 3.56, 3.38, 3.22, 3.6, 3.67, 3.62, 3.89, 4.0, 4.05, 4.1, 3.75, 3.68, 4.12, 4.32, 4.03, 4.39, 4.19, 3.52, 2.9, 2.29, 2.15, 2.05, 2.89, 4.18, 4.51, 4.64, 5.39, 7.41, 8.62, 9.3, 7.95, 5.72, 4.94, 4.66, 3.97, 1.64, 1.57, 1.82, 1.3, 1.68, 1.58, 1.27, 1.14, 1.27, 1.53, 2.09, 1.3, 0, 0.91, 1.17, 1.29, 1.21, 1.14, 1.16, 1.1, 1.21, 0.94, 0.87, 1.01, 0.86, 1.58, 2.16], [15.09, 15.86, 14.88, 12.9, 11.45, 9.71, 8.8, 9.07, 9.68, 9.65, 8.61, 7.92, 7.22, 7.28, 7.86, 7.5, 5.61, 3.81, 2.32, 2.46, 3.08, 3.21, 3.01, 3.36, 3.65, 3.63, 3.43, 3.77, 3.92, 3.71, 4.02, 4.15, 4.16, 4.15, 3.68, 3.73, 4.23, 4.33, 4.06, 4.44, 4.38, 3.55, 2.87, 2.22, 2.06, 2.36, 3.28, 4.51, 4.82, 4.99, 5.42, 7.36, 8.59, 9.25, 8.0, 5.95, 5.19, 4.83, 4.02, 1.81, 1.56, 1.69, 1.51, 1.73, 1.53, 1.54, 1.51, 1.16, 1.38, 2.0, 1.21, 0.91, 0, 0.88, 1.14, 1.28, 1.35, 1.41, 1.33, 1.42, 1.09, 0.96, 0.8, 1.07, 1.73, 2.25], [15.39, 16.14, 15.16, 13.18, 11.73, 9.99, 9.08, 9.37, 9.98, 9.97, 8.95, 8.22, 7.58, 7.64, 8.24, 7.88, 6.11, 4.29, 2.68, 2.86, 3.52, 3.55, 3.53, 3.86, 4.17, 4.13, 3.97, 4.31, 4.46, 4.25, 4.52, 4.63, 4.66, 4.67, 4.12, 4.15, 4.55, 4.69, 4.32, 4.62, 4.36, 3.77, 3.11, 2.38, 2.0, 2.38, 3.22, 4.37, 4.72, 4.93, 5.64, 7.64, 8.95, 9.53, 8.24, 6.17, 5.27, 4.99, 4.32, 2.31, 1.88, 2.07, 1.65, 1.59, 1.35, 1.5, 1.49, 1.36, 1.38, 1.92, 1.19, 1.17, 0.88, 0, 0.82, 1.14, 1.39, 1.15, 1.35, 1.42, 1.09, 1.12, 0.98, 1.07, 1.73, 2.01], [15.31, 16.12, 15.14, 13.18, 11.69, 10.03, 9.12, 9.39, 10.0, 9.99, 9.01, 8.28, 7.54, 7.58, 8.16, 7.78, 6.05, 4.37, 2.84, 3.12, 3.68, 3.67, 3.53, 3.74, 4.17, 4.15, 4.01, 4.29, 4.44, 4.25, 4.46, 4.57, 4.6, 4.63, 4.08, 4.03, 4.39, 4.57, 4.24, 4.6, 4.26, 3.65, 3.05, 2.48, 2.2, 2.3, 2.88, 4.05, 4.4, 4.65, 5.64, 7.6, 8.85, 9.49, 8.1, 6.01, 5.09, 4.87, 4.26, 2.35, 2.2, 2.35, 1.77, 1.65, 1.35, 1.44, 1.35, 1.4, 1.64, 2.3, 1.47, 1.29, 1.14, 0.82, 0, 0.7, 1.05, 1.13, 1.37, 1.46, 1.09, 1.2, 1.08, 0.87, 1.41, 1.93], [15.19, 15.96, 14.98, 12.98, 11.59, 9.93, 9.04, 9.31, 9.92, 9.87, 8.81, 8.12, 7.42, 7.42, 8.0, 7.64, 5.93, 4.31, 2.86, 3.04, 3.64, 3.49, 3.43, 3.6, 4.01, 3.93, 3.79, 4.07, 4.28, 4.09, 4.3, 4.47, 4.44, 4.49, 3.96, 3.89, 4.27, 4.47, 4.12, 4.48, 4.16, 3.53, 2.95, 2.4, 2.2, 2.1, 2.62, 3.85, 4.18, 4.41, 5.44, 7.46, 8.75, 9.35, 7.98, 5.89, 5.01, 4.73, 4.12, 2.27, 2.3, 2.37, 1.81, 1.79, 1.55, 1.4, 1.21, 1.28, 1.6, 2.28, 1.55, 1.21, 1.28, 1.14, 0.7, 0, 0.75, 0.81, 1.23, 1.34, 1.13, 1.16, 1.12, 0.83, 1.15, 1.63], [15.14, 15.91, 14.93, 12.89, 11.5, 9.82, 8.93, 9.2, 9.81, 9.78, 8.72, 8.01, 7.31, 7.35, 7.93, 7.55, 5.74, 4.14, 2.85, 3.01, 3.59, 3.48, 3.22, 3.29, 3.78, 3.56, 3.42, 3.74, 3.97, 3.82, 4.03, 4.28, 4.23, 4.24, 3.85, 3.68, 4.16, 4.32, 4.01, 4.39, 4.09, 3.5, 2.88, 2.27, 2.27, 1.99, 2.53, 3.76, 4.09, 4.32, 5.37, 7.41, 8.62, 9.3, 7.91, 5.76, 4.82, 4.58, 3.99, 2.06, 2.37, 2.44, 1.82, 1.78, 1.56, 1.45, 1.26, 1.39, 1.67, 2.37, 1.64, 1.14, 1.35, 1.39, 1.05, 0.75, 0, 0.68, 1.08, 1.21, 1.06, 1.21, 1.25, 0.8, 1.16, 1.38], [15.24, 16.01, 15.03, 13.03, 11.6, 9.9, 8.97, 9.22, 9.87, 9.84, 8.74, 8.03, 7.35, 7.39, 8.01, 7.67, 5.8, 4.12, 2.75, 2.95, 3.53, 3.38, 3.18, 3.33, 3.8, 3.64, 3.5, 3.8, 4.03, 3.88, 4.15, 4.28, 4.23, 4.26, 3.91, 3.78, 4.24, 4.42, 4.11, 4.49, 4.19, 3.56, 2.98, 2.23, 2.01, 1.93, 2.55, 3.92, 4.27, 4.34, 5.49, 7.51, 8.72, 9.4, 8.01, 5.84, 4.98, 4.68, 4.09, 2.1, 2.29