[[0, 1.35, 3.09, 3.84, 3.08, 2.1, 1.65, 2.08, 2.22, 2.14, 2.12, 1.68, 1.67, 2.07, 3.55, 4.44, 4.4, 4.885, 5.4, 4.05, 2.87, 2.58, 2.3, 1.97, 1.14, 1.36, 0.94, 1.34, 1.51, 2.25, 3.14, 3.83, 4.43, 4.09, 3.77, 3.84, 3.96, 3.94, 3.76, 3.74, 3.84, 3.83, 3.83, 4.8, 5.41, 5.28, 5.63, 4.79, 3.33, 3.67, 4.87, 5.34, 5.24, 5.43, 5.5, 5.11, 5.21, 5.76, 5.34, 5.4, 5.99, 6.13, 6.26, 6.97, 7.69, 8.39, 8.51, 8.209, 8.25, 8.246, 8.49, 8.05, 7.11, 6.05, 6.03, 5.81, 5.25, 4.39, 3.46, 3.21, 3.23, 4.13, 4.84, 5.34, 4.78, 4.19], [1.35, 0, 2.08, 2.85, 2.15, 1.59, 1.3, 1.89, 1.97, 1.89, 1.83, 1.65, 1.82, 1.78, 2.7, 3.71, 3.49, 3.85, 4.37, 3.1, 2.56, 2.55, 2.25, 1.84, 1.19, 1.29, 1.25, 1.21, 1.22, 1.62, 2.61, 3.6, 4.22, 3.88, 3.56, 3.61, 3.65, 3.53, 3.05, 3.05, 3.09, 3.1, 3.1, 3.83, 4.4, 4.25, 4.64, 3.82, 2.3, 2.7, 3.9, 4.39, 4.29, 4.54, 4.65, 4.32, 4.5, 5.05, 4.49, 4.57, 4.94, 5.1, 5.25, 5.96, 6.64, 7.38, 7.48, 7.2, 7.25, 7.24, 7.476, 7.02, 6.12, 5.24, 5.16, 4.96, 4.3, 3.62, 2.71, 2.76, 2.72, 3.44, 4.11, 4.51, 4.01, 3.5], [3.09, 2.08, 0, 1.29, 1.29, 1.91, 2.18, 2.83, 2.61, 2.69, 2.55, 2.55, 2.7, 2.36, 2.66, 3.33, 3.03, 2.79, 3.03, 2.38, 3.1, 2.97, 2.75, 3.0, 2.67, 2.85, 3.07, 2.97, 2.62, 2.64, 3.27, 4.14, 4.54, 4.48, 4.18, 4.15, 3.87, 3.804, 2.91, 2.69, 2.47, 2.66, 2.78, 2.87, 3.1, 2.99, 3.26, 2.52, 2.44, 2.36, 2.62, 3.09, 3.19, 3.4, 3.57, 3.3, 3.74, 4.17, 3.57, 3.69, 3.82, 3.94, 4.05, 4.8, 5.4, 5.94, 5.92, 5.5, 5.51, 5.44, 5.56, 5.34, 4.86, 4.3, 4.14, 3.8, 3.08, 2.72, 2.41, 2.28, 2.38, 2.5, 3.13, 3.63, 3.13, 2.62], [3.84, 2.85, 1.29, 0, 1.04, 2.12, 2.81, 3.16, 2.88, 2.9, 2.8, 3.0, 3.11, 2.57, 2.19, 2.58, 2.4, 2.14, 2.16, 1.71, 2.63, 2.72, 2.94, 3.31, 3.26, 3.6, 3.82, 3.64, 3.15, 2.91, 3.6, 4.45, 4.83, 4.75, 4.57, 4.52, 4.16, 4.14, 3.36, 2.6, 2.38, 2.57, 2.57, 2.34, 2.39, 2.08, 2.31, 2.03, 2.37, 2.15, 1.89, 2.2, 2.3, 2.59, 2.84, 2.71, 3.21, 3.58, 3.04, 3.12, 3.21, 3.25, 3.4, 4.11, 4.69, 4.97, 5.03, 4.71, 4.74, 4.71, 4.89, 4.65, 4.15, 3.69, 3.49, 3.01, 2.43, 2.09, 2.2, 2.35, 2.41, 2.35, 2.76, 3.16, 2.8, 2.39], [3.08, 2.15, 1.29, 1.04, 0, 1.36, 2.05, 2.5, 2.28, 2.12, 2.04, 2.28, 2.55, 2.13, 1.95, 2.58, 2.36, 2.32, 2.7, 1.75, 2.33, 2.3, 2.38, 2.73, 2.6, 2.96, 3.08, 2.9, 2.55, 2.47, 3.32, 4.37, 4.79, 4.61, 4.23, 4.22, 4.1, 4.08, 3.34, 2.66, 2.32, 2.55, 2.49, 2.62, 2.83, 2.563, 2.87, 2.29, 2.03, 1.97, 2.17, 2.64, 2.64, 2.85, 3.12, 2.89, 3.37, 3.8, 3.22, 3.34, 3.49, 3.67, 3.66, 4.45, 5.11, 5.61, 5.69, 5.45, 5.5, 5.47, 5.71, 5.27, 4.53, 3.95, 3.71, 3.37, 2.69, 2.41, 1.82, 1.93, 1.77, 2.37, 2.92, 3.38, 2.92, 2.33], [2.1, 1.59, 1.91, 2.12, 1.36, 0, 1.31, 1.64, 1.54, 1.48, 1.18, 1.48, 1.83, 1.51, 1.99, 2.86, 2.76, 3.3, 3.78, 2.508, 1.77, 1.86, 1.72, 1.97, 1.66, 1.88, 2.06, 2.14, 2.07, 2.41, 3.32, 4.45, 5.05, 4.79, 4.35, 4.4, 4.4, 4.3, 3.46, 2.86, 2.54, 2.75, 2.77, 3.24, 3.762, 3.6, 4.03, 3.33, 2.31, 2.51, 3.21, 3.68, 3.58, 3.85, 3.98, 3.65, 3.93, 4.4, 3.84, 3.9, 4.35, 4.55, 4.6, 5.37, 6.062, 6.73, 6.823, 6.535, 6.596, 6.592, 6.815, 6.366, 5.51, 4.63, 4.45, 4.23, 3.57, 2.99, 2.26, 2.07, 1.99, 2.97, 3.62, 4.08, 3.52, 3.01], [1.65, 1.3, 2.18, 2.81, 2.05, 1.31, 0, 1.01, 0.99, 0.91, 0.97, 1.09, 1.22, 1.22, 2.54, 3.438, 3.445, 3.93, 4.425, 3.412, 2.12, 1.63, 1.45, 1.4, 1.19, 1.35, 1.49, 1.75, 1.88, 2.54, 3.69, 4.6, 5.1, 4.8, 4.52, 4.57, 4.55, 4.43, 3.77, 3.53, 3.43, 3.48, 3.48, 3.97, 4.42, 4.373, 4.78, 3.96, 2.7, 2.88, 3.98, 4.47, 4.41, 4.62, 4.73, 4.46, 4.72, 5.29, 4.65, 4.77, 5.12, 5.3, 5.37, 6.08, 6.8, 7.383, 7.545, 7.268, 7.329, 7.325, 7.545, 7.16, 6.2, 5.36, 5.22, 4.94, 4.36, 3.86, 2.87, 2.78, 2.74, 3.66, 4.33, 4.73, 4.21, 3.66], [2.08, 1.89, 2.83, 3.16, 2.5, 1.64, 1.01, 0, 0.88, 1.02, 1.32, 1.3, 1.53, 1.53, 2.707, 3.643, 3.675, 4.194, 4.834, 3.745, 2.37, 1.7, 1.4, 1.55, 1.5, 1.74, 2.0, 2.18, 2.47, 3.13, 4.3, 5.17, 5.71, 5.43, 5.19, 5.2, 5.16, 5.0, 4.42, 4.08, 3.82, 3.91, 3.95, 4.34, 4.81, 4.666, 5.15, 4.51, 3.27, 3.51, 4.43, 4.96, 4.82, 5.09, 5.22, 4.93, 5.21, 5.78, 5.16, 5.28, 5.51, 5.65, 5.78, 6.51, 7.07, 7.779, 7.833, 7.65, 7.74, 7.721, 7.918, 7.51, 6.67, 5.89, 5.65, 5.47, 4.79, 4.35, 3.18, 2.97, 2.97, 4.13, 4.76, 5.06, 4.5, 4.09], [2.22, 1.97, 2.61, 2.88, 2.28, 1.54, 0.99, 0.88, 0, 0.7, 1.0, 1.3, 1.59, 1.47, 2.567, 3.437, 3.56, 4.014, 4.64, 3.605, 2.21, 1.56, 1.38, 1.79, 1.64, 1.74, 2.1, 2.44, 2.55, 3.15, 4.32, 5.15, 5.65, 5.49, 5.23, 5.26, 5.22, 5.04, 4.34, 3.88, 3.72, 3.85, 3.79, 4.18, 4.662, 4.546, 4.95, 4.19, 3.13, 3.23, 4.19, 4.7, 4.66, 4.91, 5.06, 4.77, 5.03, 5.6, 4.98, 5.1, 5.29, 5.47, 5.54, 6.29, 6.91, 7.559, 7.624, 7.35, 7.44, 7.421, 7.618, 7.25, 6.49, 5.69, 5.47, 5.25, 4.57, 4.15, 3.18, 2.97, 2.91, 3.95, 4.58, 5.0, 4.44, 3.97], [2.14, 1.89, 2.69, 2.9, 2.12, 1.48, 0.91, 1.02, 0.7, 0, 0.88, 1.18, 1.49, 1.45, 2.516, 3.423, 3.427, 3.886, 4.523, 3.643, 2.21, 1.58, 1.4, 1.75, 1.62, 1.72, 2.0, 2.34, 2.39, 2.95, 4.1, 5.01, 5.51, 5.19, 4.95, 4.98, 4.86, 4.78, 4.14, 3.8, 3.68, 3.77, 3.77, 4.155, 4.594, 4.489, 4.79, 4.15, 2.93, 3.19, 4.01, 4.58, 4.56, 4.75, 4.82, 4.59, 4.89, 5.44, 4.84, 4.98, 5.21, 5.37, 5.42, 6.11, 6.793, 7.419, 7.501, 7.201, 7.245, 7.261, 7.498, 7.19, 6.35, 5.53, 5.29, 4.95, 4.53, 4.11, 3.18, 2.95, 2.91, 3.95, 4.62, 5.06, 4.52, 3.99], [2.12, 1.83, 2.55, 2.8, 2.04, 1.18, 0.97, 1.32, 1.0, 0.88, 0, 1.16, 1.53, 1.33, 2.342, 3.317, 3.294, 3.746, 4.243, 3.291, 2.05, 1.66, 1.54, 1.71, 1.68, 1.8, 2.12, 2.32, 2.25, 2.53, 3.72, 4.63, 5.19, 4.87, 4.55, 4.6, 4.54, 4.44, 3.78, 3.36, 3.22, 3.35, 3.45, 3.798, 4.337, 4.189, 4.652, 4.01, 2.73, 2.95, 3.881, 4.36, 4.24, 4.43, 4.52, 4.23, 4.45, 5.04, 4.42, 4.56, 4.979, 5.15, 5.226, 5.964, 6.613, 7.247, 7.358, 7.06, 7.148, 7.143, 7.401, 7.032, 6.13, 5.13, 4.95, 4.73, 4.23, 3.83, 2.82, 2.67, 2.65, 3.69, 4.4, 4.84, 4.28, 3.75], [1.68, 1.65, 2.55, 3.0, 2.28, 1.48, 1.09, 1.3, 1.3, 1.18, 1.16, 0, 1.07, 1.47, 2.53, 3.503, 3.527, 3.978, 4.487, 3.605, 2.31, 2.06, 1.74, 1.51, 1.28, 1.62, 1.68, 1.82, 1.95, 2.49, 3.62, 4.47, 4.91, 4.69, 4.47, 4.5, 4.48, 4.3, 3.78, 3.56, 3.34, 3.45, 3.57, 4.075, 4.597, 4.458, 4.93, 4.13, 2.81, 3.09, 4.13, 4.56, 4.54, 4.75, 4.84, 4.57, 4.81, 5.4, 4.8, 4.92, 5.282, 5.51, 5.48, 6.27, 6.933, 7.405, 7.59, 7.226, 7.308, 7.323, 7.561, 7.31, 6.43, 5.53, 5.25, 5.03, 4.53, 4.19, 3.26, 3.13, 3.09, 4.01, 4.72, 5.2, 4.64, 4.05], [1.67, 1.82, 2.7, 3.11, 2.55, 1.83, 1.22, 1.53, 1.59, 1.49, 1.53, 1.07, 0, 1.48, 2.68, 3.493, 3.616, 4.07, 4.716, 3.88, 2.66, 2.05, 1.53, 1.16, 1.37, 1.83, 1.55, 1.77, 1.9, 2.64, 3.75, 4.42, 4.88, 4.76, 4.58, 4.59, 4.53, 4.41, 3.97, 3.83, 3.81, 4.02, 3.96, 4.43, 4.775, 4.699, 4.92, 4.24, 2.9, 3.14, 4.18, 4.71, 4.83, 5.02, 5.11, 4.86, 5.2, 5.73, 5.13, 5.23, 5.4, 5.62, 5.59, 6.3, 7.08, 7.594, 7.66, 7.32, 7.378, 7.38, 7.611, 7.28, 6.58, 5.78, 5.6, 5.18, 4.74, 4.52, 3.81, 3.74, 3.66, 4.4, 5.09, 5.61, 5.03, 4.44], [2.07, 1.78, 2.36, 2.57, 2.13, 1.51, 1.22, 1.53, 1.47, 1.45, 1.33, 1.47, 1.48, 0, 1.74, 2.71, 2.69, 3.164, 3.71, 2.78, 1.68, 1.35, 1.21, 1.32, 1.43, 1.97, 2.13, 2.25, 2.1, 2.5, 3.61, 4.44, 5.06, 4.68, 4.44, 4.45, 4.49, 4.37, 3.85, 3.59, 3.63, 3.6, 3.34, 3.51, 3.72, 3.67, 4.14, 3.52, 2.46, 2.6, 3.48, 4.03, 3.95, 4.18, 4.33, 4.06, 4.48, 4.99, 4.37, 4.47, 4.66, 4.76, 4.99, 5.64, 6.18, 6.68, 6.74, 6.62, 6.73, 6.74, 6.94, 6.52, 5.72, 4.98, 4.92, 4.56, 4.06, 3.88, 3.31, 3.22, 3.08, 3.86, 4.47, 4.85, 4.39, 3.84], [3.55, 2.7, 2.66, 2.19, 1.95, 1.99, 2.54, 2.707, 2.567, 2.516, 2.342, 2.53, 2.68, 1.74, 0, 1.25, 1.25, 1.75, 2.27, 1.9, 1.68, 1.81, 2.31, 2.56, 2.779, 3.304, 3.41, 3.33, 3.08, 3.08, 3.95, 4.84, 5.36, 5.0, 4.76, 4.81, 4.83, 4.57, 4.15, 3.69, 3.47, 3.42, 3.24, 3.05, 2.94, 2.57, 2.84, 2.72, 1.94, 2.08, 2.44, 3.09, 3.13, 3.26, 3.53, 3.34, 3.84, 4.45, 3.81, 4.05, 3.96, 3.96, 4.05, 4.78, 5.32, 5.52, 5.54, 5.56, 5.67, 5.68, 5.82, 5.44, 4.9, 4.4, 4.14, 3.74, 3.52, 3.66, 3.13, 3.24, 3.06, 3.56, 4.11, 4.57, 4.17, 3.58], [4.44, 3.71, 3.33, 2.58, 2.58, 2.86, 3.438, 3.643, 3.437, 3.423, 3.317, 3.503, 3.493, 2.71, 1.25, 0, 0.82, 1.5, 2.14, 2.01, 2.21, 2.66, 3.24, 3.41, 3.743, 4.226, 4.303, 4.1, 3.75, 3.67, 4.16, 5.05, 5.55, 5.25, 5.01, 5.04, 5.12, 4.8, 4.58, 3.9, 3.74, 3.67, 3.37, 3.1, 2.79, 2.34, 2.41, 2.65, 2.21, 2.35, 2.37, 2.7, 3.04, 3.07, 3.28, 3.43, 3.77, 4.16, 3.76, 3.74, 3.55, 3.53, 3.6, 4.31, 4.75, 4.83, 4.79, 4.71, 4.78, 4.81, 4.91, 4.65, 4.39, 3.89, 3.71, 3.39, 3.27, 3.67, 3.48, 3.91, 3.75, 3.67, 4.12, 4.54, 4.24, 3.67], [4.4, 3.49, 3.03, 2.4, 2.36, 2.76, 3.445, 3.675, 3.56, 3.427, 3.294, 3.527, 3.616, 2.69, 1.25, 0.82, 0, 1.08, 1.74, 1.95, 2.47, 2.66, 3.24, 3.37, 3.7, 4.189, 4.269, 3.98, 3.57, 3.21, 3.58, 4.53, 5.07, 4.67, 4.43, 4.44, 4.54, 4.208, 4.074, 3.44, 3.3, 3.23, 2.99, 2.76, 2.51, 2.26, 2.31, 2.17, 1.79, 1.83, 1.91, 2.52, 2.78, 2.69, 2.86, 3.01, 3.41, 3.9, 3.38, 3.48, 3.31, 3.25, 3.26, 3.93, 4.43, 4.67, 4.63, 4.67, 4.78, 4.81, 4.97, 4.55, 4.19, 3.61, 3.37, 3.25, 3.07, 3.53, 3.36, 3.63, 3.59, 3.73, 4.18, 4.48, 4.26, 3.69], [4.885, 3.85, 2.79, 2.14, 2.32, 3.3, 3.93, 4.194, 4.014, 3.886, 3.746, 3.978, 4.07, 3.164, 1.75, 1.5, 1.08, 0, 1.28, 1.91, 3.03, 3.22, 3.732, 3.887, 4.192, 4.652, 4.734, 4.417, 3.927, 3.35, 3.34, 4.226, 4.749, 4.529, 4.195, 4.065, 4.145, 3.845, 3.817, 3.02, 3.02, 2.91, 2.75, 2.42, 2.39, 2.12, 2.09, 1.87, 1.91, 1.65, 1.53, 2.26, 2.56, 2.43, 2.54, 2.81, 3.21, 3.66, 3.14, 3.22, 3.03, 2.91, 3.0, 3.63, 4.15, 4.23, 4.23, 4.23, 4.3, 4.35, 4.51, 4.29, 3.95, 3.37, 3.13, 2.93, 2.91, 3.43, 3.4, 3.49, 3.63, 3.59, 4.08, 4.38, 4.18, 3.59], [5.4, 4.37, 3.03, 2.16, 2.7, 3.78, 4.425, 4.834, 4.64, 4.523, 4.243, 4.487, 4.716, 3.71, 2.27, 2.14, 1.74, 1.28, 0, 1.77, 3.39, 3.8, 4.352, 4.387, 4.675, 5.215, 5.297, 4.892, 4.422, 3.604, 3.76, 4.778, 5.161, 4.598, 4.609, 4.579, 4.348, 3.991, 3.751, 3.12, 2.7, 2.67, 2.73, 2.02, 1.75, 1.38, 1.51, 1.37, 2.59, 2.05, 1.57, 1.8, 1.84, 1.93, 2.02, 2.07, 2.55, 3.1, 2.54, 2.74, 2.67, 2.49, 2.54, 3.27, 3.71, 3.85, 3.95, 3.93, 3.98, 4.03, 4.17, 3.81, 3.43, 2.85, 2.59, 2.47, 2.39, 2.75, 3.42, 3.77, 3.87, 3.33, 3.46, 3.64, 3.72, 3.25], [4.05, 3.1, 2.38, 1.71, 1.75, 2.508, 3.412, 3.745, 3.605, 3.643, 3.291, 3.605, 3.88, 2.78, 1.9, 2.01, 1.95, 1.91, 1.77, 0, 1.96, 2.65, 3.19, 3.464, 3.511, 3.951, 4.048, 3.71, 3.28, 2.94, 3.67, 4.94, 5.499, 5.139, 4.676, 4.726, 4.695, 4.732, 3.932, 3.11, 2.59, 2.44, 2.3, 2.13, 2.16, 1.61, 2.22, 2.48, 2.66, 2.5, 2.28, 2.29, 2.15, 2.58, 2.85, 2.68, 3.02, 3.33, 2.93, 2.89, 3.3, 3.38, 3.57, 4.34, 4.8, 5.08, 5.18, 5.14, 5.21, 5.22, 5.32, 4.9, 4.18, 3.62, 3.56, 3.16, 2.58, 2.12, 1.99, 2.54, 2.28, 2.16, 2.65, 2.95, 2.73, 2.14], [2.87, 2.56, 3.1, 2.63, 2.33, 1.77, 2.12, 2.37, 2.21, 2.21, 2.05, 2.31, 2.66, 1.68, 1.68, 2.21, 2.47, 3.03, 3.39, 1.96, 0, 1.17, 1.89, 2.38, 2.25, 2.67, 2.95, 3.05, 2.92, 3.26, 4.51, 5.54, 6.2, 5.76, 5.394, 5.504, 5.604, 5.544, 4.827, 4.25, 3.93, 3.66, 3.7, 3.63, 3.64, 2.93, 3.46, 3.82, 3.06, 3.1, 3.48, 3.57, 3.53, 3.84, 4.19, 4.02, 4.26, 4.45, 4.25, 4.05, 4.58, 4.62, 4.87, 5.6, 6.06, 6.42, 6.58, 6.46, 6.49, 6.52, 6.62, 6.14, 5.38, 4.84, 4.72, 4.38, 3.82, 3.18, 2.77, 2.8, 2.68, 3.04, 3.59, 4.01, 3.61, 3.04], [2.58, 2.55, 2.97, 2.72, 2.3, 1.86, 1.63, 1.7, 1.56, 1.58, 1.66, 2.06, 2.05, 1.35, 1.81, 2.66, 2.66, 3.22, 3.8, 2.65, 1.17, 0, 1.0, 1.67, 2.0, 2.4, 2.74, 2.86, 2.89, 3.47, 4.6, 5.55, 6.11, 5.81, 5.51, 5.58, 5.56, 5.494, 4.797, 4.3, 4.06, 3.99, 3.89, 3.96, 3.85, 3.54, 3.91, 3.91, 3.09, 3.13, 3.57, 3.92, 3.92, 4.21, 4.54, 4.35, 4.69, 5.1, 4.54, 4.56, 4.91, 4.95, 5.16, 5.83, 6.43, 6.79, 6.89, 6.83, 6.88, 6.91, 7.07, 6.55, 5.85, 5.19, 5.13, 4.71, 4.03, 3.71, 3.2, 3.13, 3.03, 3.69, 4.2, 4.62, 4.24, 3.67], [2.3, 2.25, 2.75, 2.94, 2.38, 1.72, 1.45, 1.4, 1.38, 1.4, 1.54, 1.74, 1.53, 1.21, 2.31, 3.24, 3.24, 3.732, 4.352, 3.19, 1.89, 1.0, 0, 1.29, 1.74, 2.1, 2.38, 2.5, 2.61, 3.25, 4.36, 5.23, 5.81, 5.63, 5.33, 5.38, 5.38, 5.26, 4.54, 4.18, 3.88, 4.01, 3.95, 4.2, 4.37, 4.22, 4.57, 4.11, 3.05, 3.15, 3.87, 4.48, 4.44, 4.75, 4.96, 4.71, 5.07, 5.54, 4.94, 4.98, 5.21, 5.39, 5.54, 6.21, 6.79, 7.31, 7.33, 7.19, 7.26, 7.27, 7.45, 6.97, 6.35, 5.61, 5.53, 5.25, 4.43, 4.15, 3.58, 3.49, 3.35, 4.11, 4.68, 5.06, 4.64, 4.07], [1.97, 1.84, 3.0, 3.31, 2.73, 1.97, 1.4, 1.55, 1.79, 1.75, 1.71, 1.51, 1.16, 1.32, 2.56, 3.41, 3.37, 3.887, 4.387, 3.464, 2.38, 1.67, 1.29, 0, 1.43, 1.95, 1.91, 2.03, 2.06, 2.62, 3.67, 4.5, 5.12, 4.7, 4.46, 4.47, 4.53, 4.37, 3.89, 3.65, 3.81, 3.88, 3.84, 4.17, 4.46, 4.32, 4.84, 3.96, 2.6, 2.86, 4.08, 4.59, 4.47, 4.72, 4.87, 4.58, 4.94, 5.41, 4.83, 4.97, 5.24, 5.38, 5.53, 6.2, 6.84, 7.412, 7.545, 7.34, 7.43, 7.42, 7.631, 7.18, 6.24, 5.52, 5.38, 5.12, 4.6, 4.4, 3.83, 3.9, 3.8, 4.4, 4.99, 5.47, 4.97, 4.42], [1.14, 1.19, 2.67, 3.26, 2.6, 1.66, 1.19, 1.5, 1.64, 1.62, 1.68, 1.28, 1.37, 1.43, 2.779, 3.743, 3.7, 4.192, 4.675, 3.511, 2.25, 2.0, 1.74, 1.43, 0, 1.1, 1.02, 1.32, 1.37, 2.09, 3.2, 4.09, 4.73, 4.35, 4.05, 4.1, 4.18, 4.04, 3.62, 3.54, 3.58, 3.69, 3.69, 4.32, 4.767, 4.637, 5.099, 4.25, 2.85, 3.19, 4.39, 4.94, 4.8, 5.05, 5.18, 4.85, 5.09, 5.62, 5.1, 5.12, 5.59, 5.67, 5.9, 6.57, 7.13, 7.744, 7.859, 7.729, 7.771, 7.786, 7.983, 7.515, 6.69, 5.83, 5.73, 5.45, 4.79, 4.13, 3.48, 3.31, 3.25, 4.09, 4.72, 5.1, 4.62, 4.07], [1.36, 1.29, 2.85, 3.6, 2.96, 1.88, 1.35, 1.74, 1.74, 1.72, 1.8, 1.62, 1.83, 1.97, 3.304, 4.226, 4.189, 4.652, 5.215, 3.951, 2.67, 2.4, 2.1, 1.95, 1.1, 0, 0.88, 1.36, 1.53, 2.17, 3.12, 3.99, 4.67, 4.35, 4.03, 4.08, 4.1, 4.0, 3.46, 3.34, 3.56, 3.81, 3.79, 4.643, 5.227, 5.117, 5.439, 4.61, 3.09, 3.49, 4.73, 5.2, 5.1, 5.33, 5.46, 5.11, 5.27, 5.78, 5.38, 5.42, 5.884, 5.97, 6.154, 6.847, 7.49, 8.184, 8.199, 7.889, 8.0, 8.006, 8.243, 7.795, 7.027, 6.05, 5.97, 5.71, 5.13, 4.31, 3.3, 3.19, 3.15, 4.03, 4.66, 5.12, 4.58, 4.03], [0.94, 1.25, 3.07, 3.82, 3.08, 2.06, 1.49, 2.0, 2.1, 2.0, 2.12, 1.68, 1.55, 2.13, 3.41, 4.303, 4.269, 4.734, 5.297, 4.048, 2.95, 2.74, 2.38, 1.91, 1.02, 0.88, 0, 0.96, 1.23, 1.97, 2.84, 3.59, 4.19, 3.91, 3.67, 3.68, 3.72, 3.68, 3.5, 3.52, 3.62, 3.83, 3.89, 4.72, 5.344, 5.194, 5.539, 4.65, 3.17, 3.53, 4.75, 5.24, 5.14, 5.37, 5.46, 5.13, 5.29, 5.86, 5.4, 5.44, 5.89, 5.987, 6.172, 6.884, 7.547, 8.33, 8.39, 8.106, 8.148, 8.17, 8.401, 7.972, 7.11, 6.09, 5.97, 5.71, 5.13, 4.47, 3.5, 3.45, 3.43, 4.17, 4.8, 5.32, 4.78, 4.25], [1.34, 1.21, 2.97, 3.64, 2.9, 2.14, 1.75, 2.18, 2.44, 2.34, 2.32, 1.82, 1.77, 2.25, 3.33, 4.1, 3.98, 4.417, 4.892, 3.71, 3.05, 2.86, 2.5, 2.03, 1.32, 1.36, 0.96, 0, 0.79, 1.61, 2.6, 3.41, 4.01, 3.61, 3.31, 3.4, 3.52, 3.56, 3.3, 3.36, 3.4, 3.53, 3.53, 4.3, 4.91, 4.82, 5.25, 4.43, 2.93, 3.25, 4.47, 4.9, 4.78, 4.97, 5.04, 4.69, 4.91, 5.52, 4.98, 5.04, 5.59, 5.71, 5.86, 6.533, 7.27, 7.87, 8.03, 7.75, 7.84, 7.85, 8.101, 7.672, 6.69, 5.65, 5.57, 5.29, 4.81, 4.13, 3.26, 3.33, 3.27, 4.05, 4.66, 5.04, 4.6, 4.05], [1.51, 1.22, 2.62, 3.15, 2.55, 2.07, 1.88, 2.47, 2.55, 2.39, 2.25, 1.95, 1.9, 2.1, 3.08, 3.75, 3.57, 3.927, 4.422, 3.28, 2.92, 2.89, 2.61, 2.06, 1.37, 1.53, 1.23, 0.79, 0, 1.1, 2.19, 3.04, 3.66, 3.3, 2.98, 3.05, 3.13, 3.17, 2.83, 2.83, 2.95, 3.16, 3.16, 3.83, 4.44, 4.322, 4.76, 3.92, 2.5, 2.78, 3.98, 4.45, 4.33, 4.56, 4.61, 4.26, 4.46, 5.01, 4.49, 4.57, 5.08, 5.2, 5.35, 6.063, 6.76, 7.42, 7.54, 7.26, 7.35, 7.36, 7.611, 7.182, 6.24, 5.2, 5.08, 4.78, 4.32, 3.84, 3.15, 3.14, 3.18, 3.72, 4.35, 4.83, 4.37, 3.76], [2.25, 1.62, 2.64, 2.91, 2.47, 2.41, 2.54, 3.13, 3.15, 2.95, 2.53, 2.49, 2.64, 2.5, 3.08, 3.67, 3.21, 3.35, 3.604, 2.94, 3.26, 3.47, 3.25, 2.62, 2.09, 2.17, 1.97, 1.61, 1.1, 0, 1.47, 2.38, 3.08, 2.68, 2.38, 2.49, 2.47, 2.49, 2.13, 2.09, 2.19, 2.32, 2.42, 3.01, 3.7, 3.57, 4.06, 3.18, 2.06, 2.08, 3.28, 3.77, 3.57, 3.78, 3.83, 3.48, 3.68, 4.23, 3.75, 3.75, 4.297, 4.46, 4.61, 5.351, 5.94, 6.68, 6.8, 6.52, 6.601, 6.616, 6.853, 6.46, 5.5, 4.46, 4.34, 4.1, 3.64, 3.44, 3.07, 3.16, 3.22, 3.62, 4.21, 4.47, 4.15, 3.62], [3.14, 2.61, 3.27, 3.6, 3.32, 3.32, 3.69, 4.3, 4.32, 4.1, 3.72, 3.62, 3.75, 3.61, 3.95, 4.16, 3.58, 3.34, 3.76, 3.67, 4.51, 4.6, 4.36, 3.67, 3.2, 3.12, 2.84, 2.6, 2.19, 1.47, 0, 1.37, 1.97, 2.21, 2.03, 1.9, 1.54, 1.54, 1.72, 1.58, 1.92, 2.07, 2.01, 2.76, 3.71, 4.0, 3.75, 2.89, 2.43, 2.35, 2.81, 3.5, 3.68, 3.55, 3.74, 3.59, 3.69, 3.88, 3.42, 3.48, 3.77, 4.03, 4.08, 4.75, 5.43, 6.07, 6.17, 5.89, 5.971, 5.986, 6.223, 5.815, 4.93, 3.97, 3.91, 3.65, 3.51, 3.83, 3.84, 3.87, 4.09, 4.33, 4.9, 5.1, 4.86, 4.37], [3.83, 3.6, 4.14, 4.45, 4.37, 4.45, 4.6, 5.17, 5.15, 5.01, 4.63, 4.47, 4.42, 4.44, 4.84, 5.05, 4.53, 4.226, 4.778, 4.94, 5.54, 5.55, 5.23, 4.5, 4.09, 3.99, 3.59, 3.41, 3.04, 2.38, 1.37, 0, 1.22, 1.64, 1.72, 1.51, 1.37, 1.61, 2.19, 2.23, 2.99, 3.22, 3.14, 3.67, 4.68, 5.03, 4.62, 3.74, 3.24, 3.16, 3.54, 4.35, 4.59, 4.32, 4.49, 4.52, 4.62, 4.81, 4.39, 4.35, 4.64, 4.84, 4.85, 5.163, 5.883, 6.617, 6.6, 6.16, 6.23, 6.237, 6.474, 6.046, 5.5, 4.64, 4.58, 4.48, 4.46, 4.98, 5.07, 4.96, 5.26, 5.56, 6.09, 6.33, 6.13, 5.64], [4.43, 4.22, 4.54, 4.83, 4.79, 5.05, 5.1, 5.71, 5.65, 5.51, 5.19, 4.91, 4.88, 5.06, 5.36, 5.55, 5.07, 4.749, 5.161, 5.499, 6.2, 6.11, 5.81, 5.12, 4.73, 4.67, 4.19, 4.01, 3.66, 3.08, 1.97, 1.22, 0, 1.26, 1.52, 1.41, 1.39, 1.75, 2.33, 2.73, 3.41, 3.66, 3.68, 4.13, 5.06, 5.47, 4.86, 4.1, 3.7, 3.66, 3.92, 4.63, 4.97, 4.74, 4.91, 4.9, 5.06, 5.23, 4.73, 4.79, 4.996, 5.153, 5.126, 5.626, 6.389, 7.06, 7.06, 6.68, 6.715, 6.728, 6.971, 6.649, 5.98, 5.16, 5.02, 4.74, 4.78, 5.42, 5.63, 5.42, 5.84, 6.04, 6.51, 6.79, 6.61, 6.16], [4.09, 3.88, 4.48, 4.75, 4.61, 4.79, 4.8, 5.43, 5.49, 5.19, 4.87, 4.69, 4.76, 4.68, 5.0, 5.25, 4.67, 4.529, 4.598, 5.139, 5.76, 5.81, 5.63, 4.7, 4.35, 4.35, 3.91, 3.61, 3.3, 2.68, 2.21, 1.64, 1.26, 0, 0.86, 0.91, 1.39, 1.69, 2.43, 3.07, 3.63, 3.86, 3.94, 4.45, 4.96, 5.07, 5.081, 3.92, 3.52, 3.34, 4.08, 4.69, 4.75, 4.66, 4.81, 4.44, 4.72, 5.47, 4.89, 5.17, 5.321, 5.401, 5.411, 5.967, 6.663, 7.337, 7.48, 7.125, 7.115, 7.2, 7.411, 7.088, 6.16, 5.12, 4.98, 5.0, 5.06, 5.28, 5.25, 5.04, 5.46, 5.68, 6.21, 6.51, 6.25, 5.78], [3.77, 3.56, 4.18, 4.57, 4.23, 4.35, 4.52, 5.19, 5.23, 4.95, 4.55, 4.47, 4.58, 4.44, 4.76, 5.01, 4.43, 4.195, 4.609, 4.676, 5.394, 5.51, 5.33, 4.46, 4.05, 4.03, 3.67, 3.31, 2.98, 2.38, 2.03, 1.72, 1.52, 0.86, 0, 0.43, 1.25, 1.61, 2.37, 2.85, 3.47, 3.64, 3.66, 4.29, 4.933, 4.909, 5.027, 4.0, 3.18, 3.04, 4.015, 4.643, 4.63, 4.58, 4.71, 4.38, 4.499, 5.25, 4.69, 4.985, 5.198, 5.318, 5.388, 6.029, 6.726, 7.417, 7.56, 7.205, 7.195, 7.248, 7.471, 7.108, 6.12, 5.1, 4.98, 4.96, 4.98, 5.08, 4.75, 4.56, 4.9, 5.32, 5.91, 6.27, 5.93, 5.34], [3.84, 3.61, 4.15, 4.52, 4.22, 4.4, 4.57, 5.2, 5.26, 4.98, 4.6, 4.5, 4.59, 4.45, 4.81, 5.04, 4.44, 4.065, 4.579, 4.726, 5.504, 5.58, 5.38, 4.47, 4.1, 4.08, 3.68, 3.4, 3.05, 2.49, 1.9, 1.51, 1.41, 0.91, 0.43, 0, 1.04, 1.52, 2.32, 2.68, 3.4, 3.57, 3.57, 4.16, 4.89, 4.879, 4.903, 3.83, 3.15, 3.07, 3.837, 4.473, 4.613, 4.49, 4.54, 4.39, 4.51, 5.12, 4.6, 4.798, 5.037, 5.18, 5.241, 5.819, 6.573, 7.267, 7.39, 7.035, 7.025, 7.058, 7.281, 6.918, 5.99, 4.93, 4.79, 4.81, 4.85, 5.11, 4.84, 4.63, 4.99, 5.29, 5.94, 6.32, 5.98, 5.444], [3.96, 3.65, 3.87, 4.16, 4.1, 4.4, 4.55, 5.16, 5.22, 4.86, 4.54, 4.48, 4.53, 4.49, 4.83, 5.12, 4.54, 4.145, 4.348, 4.695, 5.604, 5.56, 5.38, 4.53, 4.18, 4.1, 3.72, 3.52, 3.13, 2.47, 1.54, 1.37, 1.39, 1.39, 1.25, 1.04, 0, 1.04, 1.74, 2.16, 2.78, 3.03, 3.17, 3.58, 4.29, 4.548, 4.235, 3.39, 3.11, 3.03, 3.39, 3.988, 4.06, 4.07, 4.16, 4.11, 4.258, 4.61, 4.08, 4.3, 4.48, 4.66, 4.71, 5.353, 6.059, 6.767, 6.862, 6.495, 6.485, 6.538, 6.761, 6.398, 5.49, 4.61, 4.43, 4.19, 4.13, 4.61, 4.82, 4.59, 5.01, 5.17, 5.72, 6.0, 5.78, 5.27], [3.94, 3.53, 3.804, 4.14, 4.08, 4.3, 4.43, 5.0, 5.04, 4.78, 4.44, 4.3, 4.41, 4.37, 4.57, 4.8, 4.208, 3.845, 3.991, 4.732, 5.544, 5.494, 5.26, 4.37, 4.04, 4.0, 3.68, 3.56, 3.17, 2.49, 1.54, 1.61, 1.75, 1.69, 1.61, 1.52, 1.04, 0, 1.3, 1.92, 2.54, 2.91, 3.01, 3.36, 4.175, 4.431, 4.038, 2.961, 2.87, 2.724, 3.081, 3.888, 3.908, 3.778, 3.928, 3.758, 3.958, 4.213, 3.702, 4.105, 4.066, 4.051, 4.116, 4.733, 5.511, 6.187, 6.264, 5.895, 5.885, 5.918, 6.141, 5.798, 5.046, 4.15, 4.07, 3.85, 3.91, 4.45, 4.8, 4.57, 4.97, 5.124, 5.648, 5.931, 5.776, 5.284], [3.76, 3.05, 2.91, 3.36, 3.34, 3.46, 3.77, 4.42, 4.34, 4.14, 3.78, 3.78, 3.97, 3.85, 4.15, 4.58, 4.074, 3.817, 3.751, 3.932, 4.827, 4.797, 4.54, 3.89, 3.62, 3.46, 3.5, 3.3, 2.83, 2.13, 1.72, 2.19, 2.33, 2.43, 2.37, 2.32, 1.74, 1.3, 0, 1.38, 1.92, 2.43, 2.53, 3.0, 3.401, 3.774, 3.581, 2.866, 2.61, 2.59, 2.889, 3.411, 3.391, 3.461, 3.631, 3.364, 3.601, 3.688, 3.168, 3.531, 3.597, 3.785, 3.869, 4.593, 5.299, 6.027, 6.084, 5.702, 5.665, 5.698, 5.915, 5.538, 4.719, 3.83, 3.83, 3.47, 3.09, 3.43, 4.0, 3.73, 4.17, 4.289, 4.731, 5.031, 4.936, 4.446], [3.74, 3.05, 2.69, 2.6, 2.66, 2.86, 3.53, 4.08, 3.88, 3.8, 3.36, 3.56, 3.83, 3.59, 3.69, 3.9, 3.44, 3.02, 3.12, 3.11, 4.25, 4.3, 4.18, 3.65, 3.54, 3.34, 3.52, 3.36, 2.83, 2.09, 1.58, 2.23, 2.73, 3.07, 2.85, 2.68, 2.16, 1.92, 1.38, 0, 1.12, 1.41, 1.49, 2.0, 2.869, 3.188, 2.875, 2.09, 2.23, 1.99, 2.09, 2.68, 2.68, 2.71, 2.86, 2.67, 2.83, 3.02, 2.58, 2.682, 3.0, 3.133, 3.234, 3.95, 4.67, 5.424, 5.462, 5.119, 5.16, 5.126, 5.363, 4.935, 4.213, 3.19, 3.13, 2.81, 2.51, 2.87, 3.1, 3.11, 3.37, 3.49, 4.02, 4.308, 4.134, 3.67], [3.84, 3.09, 2.47, 2.38, 2.32, 2.54, 3.43, 3.82, 3.72, 3.68, 3.22, 3.34, 3.81, 3.63, 3.47, 3.74, 3.3, 3.02, 2.7, 2.59, 3.93, 4.06, 3.88, 3.81, 3.58, 3.56, 3.62, 3.4, 2.95, 2.19, 1.92, 2.99, 3.41, 3.63, 3.47, 3.4, 2.78, 2.54, 1.92, 1.12, 0, 0.87, 1.25, 1.58, 2.57, 2.68, 2.61, 2.07, 2.51, 2.17, 1.93, 2.42, 2.32, 2.47, 2.58, 2.31, 2.47, 2.6, 2.16, 2.3, 2.69, 2.85, 2.94, 3.627, 4.287, 5.05, 5.11, 4.826, 4.868, 4.883, 5.121, 4.77, 3.89, 2.97, 2.87, 2.49, 2.09, 2.37, 2.62, 2.73, 2.87, 2.85, 3.38, 3.64, 3.44, 2.97], [3.83, 3.1, 2.66, 2.57, 2.55, 2.75, 3.48, 3.91, 3.85, 3.77, 3.35, 3.45, 4.02, 3.6, 3.42, 3.67, 3.23, 2.91, 2.67, 2.44, 3.66, 3.99, 4.01, 3.88, 3.69, 3.81, 3.83, 3.53, 3.16, 2.32, 2.07, 3.22, 3.66, 3.86, 3.64, 3.57, 3.03, 2.91, 2.43, 1.41, 0.87, 0, 0.98, 1.29, 2.48, 2.63, 2.66, 2.28, 2.68, 2.32, 1.98, 2.51, 2.29, 2.36, 2.49, 2.24, 2.44, 2.51, 2.15, 2.01, 2.68, 2.78, 2.91, 3.54, 4.14, 4.8, 4.98, 4.7, 4.77, 4.78, 5.04, 4.72, 3.76, 2.94, 2.84, 2.46, 2.18, 2.3, 2.55, 2.62, 2.8, 2.76, 3.27, 3.47, 3.27, 2.8], [3.83, 3.1, 2.78, 2.57, 2.49, 2.77, 3.48, 3.95, 3.79, 3.77, 3.45, 3.57, 3.96, 3.34, 3.24, 3.37, 2.99, 2.75, 2.73, 2.3, 3.7, 3.89, 3.95, 3.84, 3.69, 3.79, 3.89, 3.53, 3.16, 2.42, 2.01, 3.14, 3.68, 3.94, 3.66, 3.57, 3.17, 3.01, 2.53, 1.49, 1.25, 0.98, 0, 1.15, 2.24, 2.59, 2.46, 2.28, 2.64, 2.24, 2.0, 2.37, 2.41, 2.32, 2.43, 2.32, 2.44, 2.47, 2.13, 2.09, 2.5, 2.68, 2.81, 3.5, 4.14, 4.7, 4.82, 4.52, 4.65, 4.66, 4.92, 4.54, 3.58, 2.74, 2.8, 2.42, 2.08, 2.18, 2.55, 2.88, 2.82, 2.84, 3.33, 3.51, 3.33, 2.86], [4.8, 3.83, 2.87, 2.34, 2.62, 3.24, 3.97, 4.34, 4.18, 4.155, 3.798, 4.075, 4.43, 3.51, 3.05, 3.1, 2.76, 2.42, 2.02, 2.13, 3.63, 3.96, 4.2, 4.17, 4.32, 4.643, 4.72, 4.3, 3.83, 3.01, 2.76, 3.67, 4.13, 4.45, 4.29, 4.16, 3.58, 3.36, 3.0, 2.0, 1.58, 1.29, 1.15, 0, 1.39, 1.7, 1.89, 2.03, 2.89, 2.45, 1.59, 1.66, 1.5, 1.51, 1.7, 1.65, 1.87, 1.84, 1.44, 1.38, 1.71, 1.87, 1.94, 2.69, 3.21, 3.79, 3.95, 3.75, 3.86, 3.85, 4.07, 3.71, 2.77, 2.13, 1.99, 1.65, 1.55, 1.89, 2.58, 3.11, 3.11, 2.59, 2.92, 3.08, 2.92, 2.55], [5.41, 4.4, 3.1, 2.39, 2.83, 3.762, 4.42, 4.81, 4.662, 4.594, 4.337, 4.597, 4.775, 3.72, 2.94, 2.79, 2.51, 2.39, 1.75, 2.16, 3.64, 3.85, 4.37, 4.46, 4.767, 5.227, 5.344, 4.91, 4.44, 3.7, 3.71, 4.68, 5.06, 4.96, 4.933, 4.89, 4.29, 4.175, 3.401, 2.869, 2.57, 2.48, 2.24, 1.39, 0, 1.19, 1.4, 2.06, 3.04, 2.54, 1.8, 1.17, 1.09, 1.22, 1.33, 1.38, 1.64, 1.79, 1.23, 1.41, 1.36, 1.54, 1.63, 2.3, 2.82, 3.18, 3.28, 3.28, 3.39, 3.38, 3.52, 3.1, 2.34, 1.72, 1.62, 1.24, 0.98, 1.62, 2.89, 3.66, 3.72, 2.78, 2.41, 2.49, 2.77, 2.6], [5.28, 4.25, 2.99, 2.08, 2.563, 3.6, 4.373, 4.666, 4.546, 4.489, 4.189, 4.458, 4.699, 3.67, 2.57, 2.34, 2.26, 2.12, 1.38, 1.61, 2.93, 3.54, 4.22, 4.32, 4.637, 5.117, 5.194, 4.82, 4.322, 3.57, 4.0, 5.03, 5.47, 5.07, 4.909, 4.879, 4.548, 4.431, 3.774, 3.188, 2.68, 2.63, 2.59, 1.7, 1.19, 0, 1.23, 1.91, 2.93, 2.45, 1.87, 1.28, 1.18, 1.49, 1.78, 1.75, 2.03, 2.42, 2.04, 1.98, 2.09, 2.11, 2.32, 3.07, 3.47, 3.77, 3.89, 3.73, 3.76, 3.77, 3.89, 3.45, 2.87, 2.37, 2.21, 1.91, 1.57, 1.79, 2.72, 3.381, 3.458, 2.27, 2.34, 2.52, 2.48, 2.21], [5.63, 4.64, 3.26, 2.31, 2.87, 4.03, 4.78, 5.15, 4.95, 4.79, 4.652, 4.93, 4.92, 4.14, 2.84, 2.41, 2.31, 2.09, 1.51, 2.22, 3.46, 3.91, 4.57, 4.84, 5.099, 5.439, 5.539, 5.25, 4.76, 4.06, 3.75, 4.62, 4.86, 5.081, 5.027, 4.903, 4.235, 4.038, 3.581, 2.875, 2.61, 2.66, 2.46, 1.89, 1.4, 1.23, 0, 1.62, 2.78, 2.46, 1.38, 1.13, 1.39, 1.52, 1.85, 2.0, 2.34, 2.37, 2.03, 1.93, 1.96, 1.96, 2.05, 2.74, 3.3, 3.54, 3.5, 3.28, 3.29, 3.32, 3.46, 3.06, 2.7, 2.24, 2.26, 1.6, 1.46, 2.2, 3.33, 3.913, 4.0, 3.02, 3.03, 3.17, 3.35, 2.96], [4.79, 3.82, 2.52, 2.03, 2.29, 3.33, 3.96, 4.51, 4.19, 4.15, 4.01, 4.13, 4.24, 3.52, 2.72, 2.65, 2.17, 1.87, 1.37, 2.48, 3.82, 3.91, 4.11, 3.96, 4.25, 4.61, 4.65, 4.43, 3.92, 3.18, 2.89, 3.74, 4.1, 3.92, 4.0, 3.83, 3.39, 2.961, 2.866, 2.09, 2.07, 2.28, 2.28, 2.03, 2.06, 1.91, 1.62, 0, 1.78, 1.4, 1.06, 1.77, 1.95, 1.82, 2.09, 2.0, 2.52, 2.93, 2.29, 2.61, 2.5, 2.46, 2.43, 3.14, 3.68, 4.12, 4.12, 4.04, 4.09, 4.1, 4.28, 3.82, 3.42, 2.78, 2.42, 2.34, 2.2, 2.78, 3.49, 3.7, 3.72, 3.46, 3.65, 3.91, 3.91, 3.46], [3.33, 2.3, 2.44, 2.37, 2.03, 2.31, 2.7, 3.27, 3.13, 2.93, 2.73, 2.81, 2.9, 2.46, 1.94, 2.21, 1.79, 1.91, 2.59, 2.66, 3.06, 3.09, 3.05, 2.6, 2.85, 3.09, 3.17, 2.93, 2.5, 2.06, 2.43, 3.24, 3.7, 3.52, 3.18, 3.15, 3.11, 2.87, 2.61, 2.23, 2.51, 2.68, 2.64, 2.89, 3.04, 2.93, 2.78, 1.78, 0, 0.84, 1.84, 2.59, 2.81, 2.72, 3.01, 2.98, 3.34, 3.81, 3.23, 3.55, 3.54, 3.64, 3.61, 4.34, 4.96, 5.46, 5.5, 5.36, 5.43, 5.44, 5.6, 5.12, 4.64, 3.94, 3.66, 3.32, 3.14, 3.6, 3.39, 3.48, 3.4, 3.78, 4.31, 4.67, 4.45, 3.82], [3.67, 2.7, 2.36, 2.15, 1.97, 2.51, 2.88, 3.51, 3.23, 3.19, 2.95, 3.09, 3.14, 2.6, 2.08, 2.35, 1.83, 1.65, 2.05, 2.5, 3.1, 3.13, 3.15, 2.86, 3.19, 3.49, 3.53, 3.25, 2.78, 2.08, 2.35, 3.16, 3.66, 3.34, 3.04, 3.07, 3.03, 2.724, 2.59, 1.99, 2.17, 2.32, 2.24, 2.45, 2.54, 2.45, 2.46, 1.4, 0.84, 0, 1.46, 2.23, 2.37, 2.34, 2.47, 2.42, 2.84, 3.45, 2.85, 3.15, 3.16, 3.12, 3.11, 3.8, 4.5, 4.98, 5.08, 4.94, 5.01, 5.02, 5.18, 4.7, 4.18, 3.38, 3.12, 2.92, 2.74, 3.16, 3.19, 3.28, 3.26, 3.48, 3.93, 4.19, 4.01, 3.44], [4.87, 3.9, 2.62, 1.89, 2.17, 3.21, 3.98, 4.43, 4.19, 4.01, 3.881, 4.13, 4.18, 3.48, 2.44, 2.37, 1.91, 1.53, 1.57, 2.28, 3.48, 3.57, 3.87, 4.08, 4.39, 4.73, 4.75, 4.47, 3.98, 3.28, 2.81, 3.54, 3.92, 4.08, 4.015, 3.837, 3.39, 3.081, 2.889, 2.09, 1.93, 1.98, 2.0, 1.59, 1.8, 1.87, 1.38, 1.06, 1.84, 1.46, 0, 1.25, 1.55, 1.3, 1.65, 1.84, 2.28, 2.51, 1.97, 2.07, 2.06, 2.16, 2.13, 2.68, 3.4, 3.82, 3.84, 3.72, 3.77, 3.78, 3.96, 3.48, 2.94, 2.4, 2.2, 1.86, 1.8, 2.44, 3.17, 3.36, 3.34, 3.14, 3.43, 3.65, 3.69, 3.18], [5.34, 4.39, 3.09, 2.2, 2.64, 3.68, 4.47, 4.96, 4.7, 4.58, 4.36, 4.56, 4.71, 4.03, 3.09, 2.7, 2.52, 2.26, 1.8, 2.29, 3.57, 3.92, 4.48, 4.59, 4.94, 5.2, 5.24, 4.9, 4.45, 3.77, 3.5, 4.35, 4.63, 4.69, 4.643, 4.473, 3.988, 3.888, 3.411, 2.68, 2.42, 2.51, 2.37, 1.66, 1.17, 1.28, 1.13, 1.77, 2.59, 2.23, 1.25, 0, 0.78, 0.81, 1.18, 1.37, 1.57, 1.76, 1.46, 1.46, 1.51, 1.67, 1.72, 2.39, 3.13, 3.41, 3.53, 3.25, 3.26, 3.29, 3.45, 3.09, 2.39, 1.83, 1.71, 1.27, 1.15, 1.83, 2.84, 3.57, 3.63, 2.65, 2.46, 2.74, 2.9, 2.49], [5.24, 4.29, 3.19, 2.3, 2.64, 3.58, 4.41, 4.82, 4.66, 4.56, 4.24, 4.54, 4.83, 3.95, 3.13, 3.04, 2.78, 2.56, 1.84, 2.15, 3.53, 3.92, 4.44, 4.47, 4.8, 5.1, 5.14, 4.78, 4.33, 3.57, 3.68, 4.59, 4.97, 4.75, 4.63, 4.613, 4.06, 3.908, 3.391, 2.68, 2.32, 2.29, 2.41, 1.5, 1.09, 1.18, 1.39, 1.95, 2.81, 2.37, 1.55, 0.78, 0, 0.83, 1.0, 1.01, 1.35, 1.68, 1.24, 1.34, 1.57, 1.63, 1.7, 2.49, 3.11, 3.53, 3.71, 3.47, 3.52, 3.55, 3.71, 3.25, 2.43, 1.79, 1.63, 1.33, 1.11, 1.63, 2.64, 3.41, 3.37, 2.47, 2.14, 2.38, 2.66, 2.35], [5.43, 4.54, 3.4, 2.59, 2.85, 3.85, 4.62, 5.09, 4.91, 4.75, 4.43, 4.75, 5.02, 4.18, 3.26, 3.07, 2.69, 2.43, 1.93, 2.58, 3.84, 4.21, 4.75, 4.72, 5.05, 5.33, 5.37, 4.97, 4.56, 3.78, 3.55, 4.32, 4.74, 4.66, 4.58, 4.49, 4.07, 3.778, 3.461, 2.71, 2.47, 2.36, 2.32, 1.51, 1.22, 1.49, 1.52, 1.82, 2.72, 2.34, 1.3, 0.81, 0.83, 0, 0.81, 1.02, 1.22, 1.39, 1.15, 1.19, 1.46, 1.54, 1.59, 2.22, 2.84, 3.38, 3.52, 3.32, 3.35, 3.36, 3.54, 3.08, 2.22, 1.54, 1.34, 1.26, 1.22, 1.76, 2.69, 3.44, 3.42, 2.52, 2.35, 2.63, 2.73, 2.48], [5.5, 4.65, 3.57, 2.84, 3.12, 3.98, 4.73, 5.22, 5.06, 4.82, 4.52, 4.84, 5.11, 4.33, 3.53, 3.28, 2.86, 2.54, 2.02, 2.85, 4.19, 4.54, 4.96, 4.87, 5.18, 5.46, 5.46, 5.04, 4.61, 3.83, 3.74, 4.49, 4.91, 4.81, 4.71, 4.54, 4.16, 3.928, 3.631, 2.86, 2.58, 2.49, 2.43, 1.7, 1.33, 1.78, 1.85, 2.09, 3.01, 2.47, 1.65, 1.18, 1.0, 0.81, 0, 0.87, 1.13, 1.42, 1.06, 1.12, 1.49, 1.41, 1.36, 2.01, 2.65, 3.15, 3.37, 3.15, 3.12, 3.15, 3.37, 2.97, 2.21, 1.45, 1.11, 1.29, 1.39, 1.97, 2.84, 3.61, 3.55, 2.79, 2.34, 2.6, 2.94, 2.73], [5.11, 4.32, 3.3, 2.71, 2.89, 3.65, 4.46, 4.93, 4.77, 4.59, 4.23, 4.57, 4.86, 4.06, 3.34, 3.43, 3.01, 2.81, 2.07, 2.68, 4.02, 4.35, 4.71, 4.58, 4.85, 5.11, 5.13, 4.69, 4.26, 3.48, 3.59, 4.52, 4.9, 4.44, 4.38, 4.39, 4.11, 3.758, 3.364, 2.67, 2.31, 2.24, 2.32, 1.65, 1.38, 1.75, 2.0, 2.0, 2.98, 2.42, 1.84, 1.37, 1.01, 1.02, 0.87, 0, 0.86, 1.43, 1.07, 1.27, 1.54, 1.54, 1.51, 2.32, 2.96, 3.6, 3.82, 3.6, 3.59, 3.6, 3.8, 3.36, 2.48, 1.56, 1.28, 1.38, 1.48, 1.9, 2.49, 3.2, 3.16, 2.54, 2.19, 2.47, 2.75, 2.52], [5.21, 4.5, 3.74, 3.21, 3.37, 3.93, 4.72, 5.21, 5.03, 4.89, 4.45, 4.81, 5.2, 4.48, 3.84, 3.77, 3.41, 3.21, 2.55, 3.02, 4.26, 4.69, 5.07, 4.94, 5.09, 5.27, 5.29, 4.91, 4.46, 3.68, 3.69, 4.62, 5.06, 4.72, 4.499, 4.51, 4.258, 3.958, 3.601, 2.83, 2.47, 2.44, 2.44, 1.87, 1.64, 2.03, 2.34, 2.52, 3.34, 2.84, 2.28, 1.57, 1.35, 1.22, 1.13, 0.86, 0, 1.15, 1.07, 1.33, 1.54, 1.68, 1.57, 2.26, 2.92, 3.68, 3.88, 3.76, 3.81, 3.82, 3.88, 3.38, 2.38, 1.44, 1.34, 1.64, 1.7, 2.08, 2.57, 3.22, 3.3, 2.54, 2.11, 2.37, 2.71, 2.6], [5.76, 5.05, 4.17, 3.58, 3.8, 4.4, 5.29, 5.78, 5.6, 5.44, 5.04, 5.4, 5.73, 4.99, 4.45, 4.16, 3.9, 3.66, 3.1, 3.33, 4.45, 5.1, 5.54, 5.41, 5.62, 5.78, 5.86, 5.52, 5.01, 4.23, 3.88, 4.81, 5.23, 5.47, 5.25, 5.12, 4.61, 4.213, 3.688, 3.02, 2.6, 2.51, 2.47, 1.84, 1.79, 2.42, 2.37, 2.93, 3.81, 3.45, 2.51, 1.76, 1.68, 1.39, 1.42, 1.43, 1.15, 0, 0.9, 0.86, 1.05, 1.27, 1.26, 1.85, 2.43, 3.19, 3.29, 3.19, 3.24, 3.21, 3.33, 2.81, 1.85, 1.25, 1.31, 1.23, 1.43, 1.91, 3.0, 3.61, 3.69, 2.65, 2.22, 2.56, 2.96, 2.73], [5.34, 4.49, 3.57, 3.04, 3.22, 3.84, 4.65, 5.16, 4.98, 4.84, 4.42, 4.8, 5.13, 4.37, 3.81, 3.76, 3.38, 3.14, 2.54, 2.93, 4.25, 4.54, 4.94, 4.83, 5.1, 5.38, 5.4, 4.98, 4.49, 3.75, 3.42, 4.39, 4.73, 4.89, 4.69, 4.6, 4.08, 3.702, 3.168, 2.58, 2.16, 2.15, 2.13, 1.44, 1.23, 2.04, 2.03, 2.29, 3.23, 2.85, 1.97, 1.46, 1.24, 1.15, 1.06, 1.07, 1.07, 0.9, 0, 0.88, 1.07, 1.23, 1.16, 1.89, 2.55, 3.23, 3.43, 3.27, 3.22, 3.27, 3.406, 2.95, 1.97, 1.15, 1.09, 1.09, 1.13, 1.83, 2.84, 3.55, 3.51, 2.81, 2.42, 2.66, 3.0, 2.75], [5.4, 4.57, 3.69, 3.12, 3.34, 3.9, 4.77, 5.28, 5.1, 4.98, 4.56, 4.92, 5.23, 4.47, 4.05, 3.74, 3.48, 3.22, 2.74, 2.89, 4.05, 4.56, 4.98, 4.97, 5.12, 5.42, 5.44, 5.04, 4.57, 3.75, 3.48, 4.35, 4.79, 5.17, 4.985, 4.798, 4.3, 4.105, 3.531, 2.682, 2.3, 2.01, 2.09, 1.38, 1.41, 1.98, 1.93, 2.61, 3.55, 3.15, 2.07, 1.46, 1.34, 1.19, 1.12, 1.27, 1.33, 0.86, 0.88, 0, 1.09, 1.33, 1.38, 1.93, 2.51, 3.21, 3.37, 3.11, 3.14, 3.13, 3.35, 2.91, 1.93, 1.11, 1.13, 1.07, 1.05, 1.67, 2.76, 3.47, 3.59, 2.49, 2.14, 2.34, 2.68, 2.45], [5.99, 4.94, 3.82, 3.21, 3.49, 4.35, 5.12, 5.51, 5.29, 5.21, 4.979, 5.282, 5.4, 4.66, 3.96, 3.55, 3.31, 3.03, 2.67, 3.3, 4.58, 4.91, 5.21, 5.24, 5.59, 5.884, 5.89, 5.59, 5.08, 4.297, 3.77, 4.64, 4.996, 5.321, 5.198, 5.037, 4.48, 4.066, 3.597, 3.0, 2.69, 2.68, 2.5, 1.71, 1.36, 2.09, 1.96, 2.5, 3.54, 3.16, 2.06, 1.51, 1.57, 1.46, 1.49, 1.54, 1.54, 1.05, 1.07, 1.09, 0, 0.74, 0.71, 1.28, 1.84, 2.68, 2.68, 2.38, 2.47, 2.48, 2.64, 2.2, 1.44, 1.12, 1.18, 0.92, 1.22, 2.16, 3.51, 4.24, 4.34, 3.2, 2.63, 2.91, 3.31, 3.14], [6.13, 5.1, 3.94, 3.25, 3.67, 4.55, 5.3, 5.65, 5.47, 5.37, 5.15, 5.51, 5.62, 4.76, 3.96, 3.53, 3.25, 2.91, 2.49, 3.38, 4.62, 4.95, 5.39, 5.38, 5.67, 5.97, 5.987, 5.71, 5.2, 4.46, 4.03, 4.84, 5.153, 5.401, 5.318, 5.18, 4.66, 4.051, 3.785, 3.133, 2.85, 2.78, 2.68, 1.87, 1.54, 2.11, 1.96, 2.46, 3.64, 3.12, 2.16, 1.67, 1.63, 1.54, 1.41, 1.54, 1.68, 1.27, 1.23, 1.33, 0.74, 0, 0.63, 1.3, 1.84, 2.46, 2.5, 2.28, 2.33, 2.32, 2.48, 2.08, 1.52, 1.2, 1.3, 1.02, 1.4, 2.24, 3.63, 4.4, 4.459, 3.36, 2.93, 3.17, 3.49, 3.3], [6.26, 5.25, 4.05, 3.4, 3.66, 4.6, 5.37, 5.78, 5.54, 5.42, 5.226, 5.48, 5.59, 4.99, 4.05, 3.6, 3.26, 3.0, 2.54, 3.57, 4.87, 5.16, 5.54, 5.53, 5.9, 6.154, 6.172, 5.86, 5.35, 4.61, 4.08, 4.85, 5.126, 5.411, 5.388, 5.241, 4.71, 4.116, 3.869, 3.234, 2.94, 2.91, 2.81, 1.94, 1.63, 2.32, 2.05, 2.43, 3.61, 3.11, 2.13, 1.72, 1.7, 1.59, 1.36, 1.51, 1.57, 1.26, 1.16, 1.38, 0.71, 0.63, 0, 1.01, 1.71, 2.33, 2.47, 2.29, 2.3, 2.33, 2.37, 1.93, 1.41, 1.09, 1.05, 1.11, 1.53, 2.51, 3.72, 4.51, 4.55, 3.55, 2.98, 3.24, 3.7, 3.49], [6.97, 5.96, 4.8, 4.11, 4.45, 5.37, 6.08, 6.51, 6.29, 6.11, 5.964, 6.27, 6.3, 5.64, 4.78, 4.31, 3.93, 3.63, 3.27, 4.34, 5.6, 5.83, 6.21, 6.2, 6.57, 6.847, 6.884, 6.533, 6.063, 5.351, 4.75, 5.163, 5.626, 5.967, 6.029, 5.819, 5.353, 4.733, 4.593, 3.95, 3.627, 3.54, 3.5, 2.69, 2.3, 3.07, 2.74, 3.14, 4.34, 3.8, 2.68, 2.39, 2.49, 2.22, 2.01, 2.32, 2.26, 1.85, 1.89, 1.93, 1.28, 1.3, 1.01, 0, 1.02, 1.82, 1.86, 1.68, 1.75, 1.84, 1.76, 1.58, 1.3, 1.42, 1.5, 1.76, 2.18, 3.12, 4.53, 5.26, 5.36, 4.28, 3.61, 3.83, 4.33, 4.2], [7.69, 6.64, 5.4, 4.69, 5.11, 6.062, 6.8, 7.07, 6.91, 6.793, 6.613, 6.933, 7.08, 6.18, 5.32, 4.75, 4.43, 4.15, 3.71, 4.8, 6.06, 6.43, 6.79, 6.84, 7.13, 7.49, 7.547, 7.27, 6.76, 5.94, 5.43, 5.883, 6.389, 6.663, 6.726, 6.573, 6.059, 5.511, 5.299, 4.67, 4.287, 4.14, 4.14, 3.21, 2.82, 3.47, 3.3, 3.68, 4.96, 4.5, 3.4, 3.13, 3.11, 2.84, 2.65, 2.96, 2.92, 2.43, 2.55, 2.51, 1.84, 1.84, 1.71, 1.02, 0, 1.22, 1.32, 1.6, 1.79, 1.9, 1.82, 1.86, 1.72, 2.04, 2.12, 2.4, 2.8, 3.74, 5.181, 5.92, 6.04, 4.82, 4.13, 4.37, 4.87, 4.78], [8.39, 7.38, 5.94, 4.97, 5.61, 6.73, 7.383, 7.779, 7.559, 7.419, 7.247, 7.405, 7.594, 6.68, 5.52, 4.83, 4.67, 4.23, 3.85, 5.08, 6.42, 6.79, 7.31, 7.412, 7.744, 8.184, 8.33, 7.87, 7.42, 6.68, 6.07, 6.617, 7.06, 7.337, 7.417, 7.267, 6.767, 6.187, 6.027, 5.424, 5.05, 4.8, 4.7, 3.79, 3.18, 3.77, 3.54, 4.12, 5.46, 4.98, 3.82, 3.41, 3.53, 3.38, 3.15, 3.6, 3.68, 3.19, 3.23, 3.21, 2.68, 2.46, 2.33, 1.82, 1.22, 0, 0.76, 1.58, 1.91, 1.92, 1.84, 2.42, 2.24, 2.68, 2.78, 2.78, 3.36, 4.26, 5.766, 6.556, 6.636, 5.5, 4.79, 4.99, 5.55, 5.38], [8.51, 7.48, 5.92, 5.03, 5.69, 6.823, 7.545, 7.833, 7.624, 7.501, 7.358, 7.59, 7.66, 6.74, 5.54, 4.79, 4.63, 4.23, 3.95, 5.18, 6.58, 6.89, 7.33, 7.545, 7.859, 8.199, 8.39, 8.03, 7.54, 6.8, 6.17, 6.6, 7.06, 7.48, 7.56, 7.39, 6.862, 6.264, 6.084, 5.462, 5.11, 4.98, 4.82, 3.95, 3.28, 3.89, 3.5, 4.12, 5.5, 5.08, 3.84, 3.53, 3.71, 3.52, 3.37, 3.82, 3.88, 3.29, 3.43, 3.37, 2.68, 2.5, 2.47, 1.86, 1.32, 0.76, 0, 1.32, 1.79, 1.74, 1.7, 2.2, 2.22, 2.72, 2.9, 2.92, 3.38, 4.44, 5.963, 6.773, 6.853, 5.58, 4.91, 5.03, 5.63, 5.52], [8.209, 7.2, 5.5, 4.71, 5.45, 6.535, 7.268, 7.65, 7.35, 7.201, 7.06, 7.226, 7.32, 6.62, 5.56, 4.71, 4.67, 4.23, 3.93, 5.14, 6.46, 6.83, 7.19, 7.34, 7.729, 7.889, 8.106, 7.75, 7.26, 6.52, 5.89, 6.16, 6.68, 7.125, 7.205, 7.035, 6.495, 5.895, 5.702, 5.119, 4.826, 4.7, 4.52, 3.75, 3.28, 3.73, 3.28, 4.04, 5.36, 4.94, 3.72, 3.25, 3.47, 3.32, 3.15, 3.6, 3.76, 3.19, 3.27, 3.11, 2.38, 2.28, 2.29, 1.68, 1.6, 1.58, 1.32, 0, 0.83, 0.8, 0.9, 1.56, 1.76, 2.48, 2.72, 2.64, 3.12, 4.16, 5.675, 6.432, 6.532, 5.18, 4.51, 4.61, 5.25, 5.24], [8.25, 7.25, 5.51, 4.74, 5.5, 6.596, 7.329, 7.74, 7.44, 7.245, 7.148, 7.308, 7.378, 6.73, 5.67, 4.78, 4.78, 4.3, 3.98, 5.21, 6.49, 6.88, 7.26, 7.43, 7.771, 8.0, 8.148, 7.84, 7.35, 6.601, 5.971, 6.23, 6.715, 7.115, 7.195, 7.025, 6.485, 5.885, 5.665, 5.16, 4.868, 4.77, 4.65, 3.86, 3.39, 3.76, 3.29, 4.09, 5.43, 5.01, 3.77, 3.26, 3.52, 3.35, 3.12, 3.59, 3.81, 3.24, 3.22, 3.14, 2.47, 2.33, 2.3, 1.75, 1.79, 1.91, 1.79, 0.83, 0, 0.63, 0.83, 1.47, 1.69, 2.51, 2.69, 2.69, 3.17, 4.226, 5.716, 6.494, 6.574, 5.21, 4.44, 4.58, 5.28, 5.29], [8.246, 7.24, 5.44, 4.71, 5.47, 6.592, 7.325, 7.721, 7.421, 7.261, 7.143, 7.323, 7.38, 6.74, 5.68, 4.81, 4.81, 4.35, 4.03, 5.22, 6.52, 6.91, 7.27, 7.42, 7.786, 8.006, 8.17, 7.85, 7.36, 6.616, 5.986, 6.237, 6.728, 7.2, 7.248, 7.058, 6.538, 5.918, 5.698, 5.126, 4.883, 4.78, 4.66, 3.85, 3.38, 3.77, 3.32, 4.1, 5.44, 5.02, 3.78, 3.29, 3.55, 3.36, 3.15, 3.6, 3.82, 3.21, 3.27, 3.13, 2.48, 2.32, 2.33, 1.84, 1.9, 1.92, 1.74, 0.8, 0.63, 0, 0.74, 1.6, 1.7, 2.52, 2.76, 2.7, 3.18, 4.22, 5.712, 6.502, 6.572, 5.196, 4.51, 4.67, 5.27, 5.24], [8.49, 7.476, 5.56, 4.89, 5.71, 6.815, 7.545, 7.918, 7.618, 7.498, 7.401, 7.561, 7.611, 6.94, 5.82, 4.91, 4.97, 4.51, 4.17, 5.32, 6.62, 7.07, 7.45, 7.631, 7.983, 8.243, 8.401, 8.101, 7.611, 6.853, 6.223, 6.474, 6.971, 7.411, 7.471, 7.281, 6.761, 6.141, 5.915, 5.363, 5.121, 5.04, 4.92, 4.07, 3.52, 3.89, 3.46, 4.28, 5.6, 5.18, 3.96, 3.45, 3.71, 3.54, 3.37, 3.8, 3.88, 3.33, 3.406, 3.35, 2.64, 2.48, 2.37, 1.76, 1.82, 1.84, 1.7, 0.9, 0.83, 0.74, 0, 1.36, 1.7, 2.6, 2.86, 2.951, 3.38, 4.46, 5.955, 6.739, 6.812, 5.433, 4.65, 4.73, 5.49, 5.48], [8.05, 7.02, 5.34, 4.65, 5.27, 6.366, 7.16, 7.51, 7.25, 7.19, 7.032, 7.31, 7.28, 6.52, 5.44, 4.65, 4.55, 4.29, 3.81, 4.9, 6.14, 6.55, 6.97, 7.18, 7.515, 7.795, 7.972, 7.672, 7.182, 6.46, 5.815, 6.046, 6.649, 7.088, 7.108, 6.918, 6.398, 5.798, 5.538, 4.935, 4.77, 4.72, 4.54, 3.71, 3.1, 3.45, 3.06, 3.82, 5.12, 4.7, 3.48, 3.09, 3.25, 3.08, 2.97, 3.36, 3.38, 2.81, 2.95, 2.91, 2.2, 2.08, 1.93, 1.58, 1.86, 2.42, 2.2, 1.56, 1.47, 1.6, 1.36, 0, 1.26, 2.14, 2.46, 2.62, 2.96, 3.996, 5.506, 6.293, 6.371, 5.0, 4.21, 4.27, 5.05, 5.02], [7.11, 6.12, 4.86, 4.15, 4.53, 5.51, 6.2, 6.67, 6.49, 6.35, 6.13, 6.43, 6.58, 5.72, 4.9, 4.39, 4.19, 3.95, 3.43, 4.18, 5.38, 5.85, 6.35, 6.24, 6.69, 7.027, 7.11, 6.69, 6.24, 5.5, 4.93, 5.5, 5.98, 6.16, 6.12, 5.99, 5.49, 5.046, 4.719, 4.213, 3.89, 3.76, 3.58, 2.77, 2.34, 2.87, 2.7, 3.42, 4.64, 4.18, 2.94, 2.39, 2.43, 2.22, 2.21, 2.48, 2.38, 1.85, 1.97, 1.93, 1.44, 1.52, 1.41, 1.3, 1.72, 2.24, 2.22, 1.76, 1.69, 1.7, 1.7, 1.26, 0, 1.28, 1.68, 1.72, 2.14, 2.98, 4.512, 5.282, 5.362, 4.0, 3.17, 3.43, 4.07, 4.08], [6.05, 5.24, 4.3, 3.69, 3.95, 4.63, 5.36, 5.89, 5.69, 5.53, 5.13, 5.53, 5.78, 4.98, 4.4, 3.89, 3.61, 3.37, 2.85, 3.62, 4.84, 5.19, 5.61, 5.52, 5.83, 6.05, 6.09, 5.65, 5.2, 4.46, 3.97, 4.64, 5.16, 5.12, 5.1, 4.93, 4.61, 4.15, 3.83, 3.19, 2.97, 2.94, 2.74, 2.13, 1.72, 2.37, 2.24, 2.78, 3.94, 3.38, 2.4, 1.83, 1.79, 1.54, 1.45, 1.56, 1.44, 1.25, 1.15, 1.11, 1.12, 1.2, 1.09, 1.42, 2.04, 2.68, 2.72, 2.48, 2.51, 2.52, 2.6, 2.14, 1.28, 0, 0.78, 1.18, 1.52, 2.3, 3.57, 4.28, 4.4, 3.22, 2.67, 2.85, 3.33, 3.28], [6.03, 5.16, 4.14, 3.49, 3.71, 4.45, 5.22, 5.65, 5.47, 5.29, 4.95, 5.25, 5.6, 4.92, 4.14, 3.71, 3.37, 3.13, 2.59, 3.56, 4.72, 5.13, 5.53, 5.38, 5.73, 5.97, 5.97, 5.57, 5.08, 4.34, 3.91, 4.58, 5.02, 4.98, 4.98, 4.79, 4.43, 4.07, 3.83, 3.13, 2.87, 2.84, 2.8, 1.99, 1.62, 2.21, 2.26, 2.42, 3.66, 3.12, 2.2, 1.71, 1.63, 1.34, 1.11, 1.28, 1.34, 1.31, 1.09, 1.13, 1.18, 1.3, 1.05, 1.5, 2.12, 2.78, 2.9, 2.72, 2.69, 2.76, 2.86, 2.46, 1.68, 0.78, 0, 1.12, 1.48, 2.22, 3.31, 4.04, 4.14, 3.12, 2.67, 2.93, 3.33, 3.14], [5.81, 4.96, 3.8, 3.01, 3.37, 4.23, 4.94, 5.47, 5.25, 4.95, 4.73, 5.03, 5.18, 4.56, 3.74, 3.39, 3.25, 2.93, 2.47, 3.16, 4.38, 4.71, 5.25, 5.12, 5.45, 5.71, 5.71, 5.29, 4.78, 4.1, 3.65, 4.48, 4.74, 5.0, 4.96, 4.81, 4.19, 3.85, 3.47, 2.81, 2.49, 2.46, 2.42, 1.65, 1.24, 1.91, 1.6, 2.34, 3.32, 2.92, 1.86, 1.27, 1.33, 1.26, 1.29, 1.38, 1.64, 1.23, 1.09, 1.07, 0.92, 1.02, 1.11, 1.76, 2.4, 2.78, 2.92, 2.64, 2.69, 2.7, 2.951, 2.62, 1.72, 1.18, 1.12, 0, 0.98, 1.92, 3.17, 3.9, 4.02, 2.94, 2.65, 2.95, 3.17, 2.9], [5.25, 4.3, 3.08, 2.43, 2.69, 3.57, 4.36, 4.79, 4.57, 4.53, 4.23, 4.53, 4.74, 4.06, 3.52, 3.27, 3.07, 2.91, 2.39, 2.58, 3.82, 4.03, 4.43, 4.6, 4.79, 5.13, 5.13, 4.81, 4.32, 3.64, 3.51, 4.46, 4.78, 5.06, 4.98, 4.85, 4.13, 3.91, 3.09, 2.51, 2.09, 2.18, 2.08, 1.55, 0.98, 1.57, 1.46, 2.2, 3.14, 2.74, 1.8, 1.15, 1.11, 1.22, 1.39, 1.48, 1.7, 1.43, 1.13, 1.05, 1.22, 1.4, 1.53, 2.18, 2.8, 3.36, 3.38, 3.12, 3.17, 3.18, 3.38, 2.96, 2.14, 1.52, 1.48, 0.98, 0, 1.32, 2.71, 3.44, 3.52, 2.38, 2.13, 2.39, 2.57, 2.34], [4.39, 3.62, 2.72, 2.09, 2.41, 2.99, 3.86, 4.35, 4.15, 4.11, 3.83, 4.19, 4.52, 3.88, 3.66, 3.67, 3.53, 3.43, 2.75, 2.12, 3.18, 3.71, 4