[[0, 0.87, 1.25, 1.5, 1.63, 2.31, 2.57, 1.77, 1.72, 2.45, 2.51, 3.04, 4.148, 4.028, 3.93, 4.01, 3.71, 3.56, 3.22, 3.02, 3.23, 3.48, 3.68, 4.36, 4.35, 4.3, 4.31, 4.12, 4.41, 5.37, 6.832, 7.297, 6.932, 7.336, 7.551, 8.027, 8.468, 7.154, 6.447, 6.771, 6.117, 5.74, 6.288, 5.76, 5.441, 6.322, 7.397, 8.639, 9.22, 9.74, 11.47, 14.337, 14.656, 15.42, 15.252, 13.973, 12.58, 10.76, 10.965, 10.935, 10.78, 11.3, 11.29, 11.03, 10.24, 10.16, 10.847, 10.47, 10.38, 10.06, 9.92, 10.07, 10.197, 9.87, 9.908, 10.031, 10.031, 9.714, 9.416, 9.63, 9.93, 9.5, 9.49, 9.32, 8.24, 7.34], [0.87, 0, 0.86, 0.99, 1.14, 1.94, 2.24, 1.54, 1.91, 2.6, 2.66, 3.361, 4.558, 4.49, 4.4, 4.44, 4.16, 3.99, 3.71, 3.53, 3.68, 3.95, 4.17, 4.81, 4.8, 4.81, 4.82, 4.59, 4.86, 5.82, 7.28, 7.727, 7.322, 7.734, 7.961, 8.437, 8.858, 7.584, 6.857, 7.201, 6.547, 6.19, 6.678, 6.19, 5.88, 6.75, 7.79, 9.04, 9.65, 10.15, 11.92, 14.787, 15.091, 15.87, 15.682, 14.403, 13.01, 11.19, 11.395, 11.345, 11.21, 11.75, 11.74, 11.48, 10.69, 10.61, 11.28, 10.9, 10.83, 10.51, 10.37, 10.52, 10.647, 10.32, 10.35, 10.47, 10.43, 10.13, 9.837, 10.04, 10.34, 9.95, 9.9, 9.75, 8.69, 7.77], [1.25, 0.86, 0, 0.69, 0.9, 1.66, 1.9, 1.16, 2.05, 2.68, 2.74, 3.55, 4.755, 4.69, 4.6, 4.62, 4.34, 4.19, 3.93, 3.77, 3.94, 4.23, 4.35, 5.01, 5.04, 4.97, 5.02, 4.77, 5.04, 6.0, 7.48, 7.924, 7.562, 7.949, 8.158, 8.634, 9.095, 7.781, 7.094, 7.398, 6.744, 6.407, 6.835, 6.43, 6.16, 6.97, 8.01, 9.28, 9.87, 10.33, 12.2, 14.97, 15.3, 16.067, 15.913, 14.63, 13.23, 11.41, 11.63, 11.562, 11.43, 11.93, 11.92, 11.66, 10.89, 10.79, 11.46, 11.16, 11.05, 10.77, 10.57, 10.72, 10.83, 10.52, 10.53, 10.67, 10.65, 10.33, 10.04, 10.34, 10.66, 10.27, 10.16, 10.01, 8.95, 7.97], [1.5, 0.99, 0.69, 0, 0.83, 1.39, 1.65, 0.99, 2.1, 2.65, 2.75, 3.568, 4.785, 4.7, 4.63, 4.65, 4.35, 4.32, 4.14, 3.92, 4.13, 4.4, 4.46, 5.08, 5.09, 5.06, 5.13, 4.84, 5.07, 6.03, 7.49, 7.954, 7.629, 7.996, 8.208, 8.684, 9.125, 7.811, 7.104, 7.428, 6.774, 6.46, 6.96, 6.38, 6.11, 6.98, 8.04, 9.31, 9.9, 10.38, 12.21, 15.0, 15.31, 16.097, 15.929, 14.64, 13.24, 11.42, 11.64, 11.572, 11.44, 11.96, 11.95, 11.69, 10.92, 10.82, 11.49, 11.19, 11.08, 10.78, 10.58, 10.75, 10.86, 10.53, 10.56, 10.68, 10.68, 10.36, 10.07, 10.43, 10.77, 10.36, 10.23, 10.04, 9.0, 8.02], [1.63, 1.14, 0.9, 0.83, 0, 0.94, 1.28, 1.18, 2.45, 3.0, 3.12, 3.95, 5.172, 5.09, 5.04, 5.16, 4.88, 4.79, 4.53, 4.29, 4.36, 4.59, 4.81, 5.53, 5.58, 5.45, 5.5, 5.23, 5.46, 6.42, 7.86, 8.364, 8.096, 8.403, 8.595, 9.091, 9.512, 8.201, 7.511, 7.821, 7.181, 6.85, 7.37, 6.83, 6.5, 7.35, 8.43, 9.76, 10.37, 10.85, 12.6, 15.39, 15.7, 16.51, 16.316, 15.01, 13.61, 11.81, 12.01, 11.979, 11.81, 12.35, 12.34, 12.1, 11.31, 11.23, 11.88, 11.66, 11.53, 11.23, 10.97, 11.2, 11.25, 10.94, 10.93, 11.05, 11.05, 10.73, 10.48, 10.8, 11.1, 10.69, 10.62, 10.51, 9.45, 8.51], [2.31, 1.94, 1.66, 1.39, 0.94, 0, 0.68, 1.24, 3.03, 3.577, 3.863, 4.621, 5.827, 5.81, 5.78, 5.92, 5.66, 5.53, 5.29, 5.01, 5.04, 5.27, 5.57, 6.31, 6.34, 6.19, 6.16, 5.83, 6.1, 7.02, 8.5, 9.11, 8.859, 9.166, 9.278, 9.814, 10.161, 8.93, 8.22, 8.527, 7.91, 7.63, 8.07, 7.51, 7.14, 7.99, 9.19, 10.52, 11.13, 11.61, 13.38, 16.17, 16.46, 17.253, 16.902, 15.61, 14.23, 12.55, 12.65, 12.6, 12.45, 12.95, 12.98, 12.8, 12.05, 11.97, 12.62, 12.4, 12.29, 11.99, 11.73, 11.96, 12.03, 11.72, 11.63, 11.75, 11.73, 11.49, 11.26, 11.58, 11.88, 11.47, 11.4, 11.29, 10.23, 9.29], [2.57, 2.24, 1.9, 1.65, 1.28, 0.68, 0, 1.36, 3.21, 3.777, 4.08, 4.85, 6.047, 6.03, 6.02, 6.16, 5.9, 5.79, 5.59, 5.39, 5.38, 5.65, 5.85, 6.55, 6.58, 6.45, 6.44, 6.03, 6.28, 7.16, 8.6, 9.31, 9.059, 9.366, 9.461, 10.014, 10.381, 9.11, 8.44, 8.727, 8.09, 7.87, 8.33, 7.73, 7.34, 8.19, 9.41, 10.72, 11.31, 11.79, 13.56, 16.35, 16.64, 17.433, 17.045, 15.71, 14.41, 12.75, 12.85, 12.74, 12.63, 13.09, 13.12, 12.98, 12.23, 12.15, 12.8, 12.58, 12.47, 12.17, 11.91, 12.16, 12.21, 11.9, 11.83, 11.95, 11.93, 11.69, 11.46, 11.78, 12.1, 11.65, 11.58, 11.47, 10.43, 9.49], [1.77, 1.54, 1.16, 0.99, 1.18, 1.24, 1.36, 0, 1.99, 2.6, 2.88, 3.67, 4.884, 4.83, 4.82, 4.94, 4.68, 4.55, 4.53, 4.31, 4.42, 4.71, 4.81, 5.35, 5.34, 5.31, 5.3, 4.87, 5.1, 5.98, 7.42, 8.147, 7.876, 8.183, 8.278, 8.831, 9.178, 7.927, 7.237, 7.544, 6.907, 6.69, 7.15, 6.53, 6.16, 6.99, 8.19, 9.5, 10.13, 10.61, 12.36, 15.147, 15.44, 16.23, 15.822, 14.55, 13.19, 11.53, 11.65, 11.58, 11.41, 11.91, 11.94, 11.78, 11.03, 10.95, 11.6, 11.4, 11.25, 10.97, 10.71, 10.96, 11.03, 10.72, 10.65, 10.75, 10.71, 10.51, 10.28, 10.6, 10.98, 10.55, 10.42, 10.29, 9.23, 8.29], [1.72, 1.91, 2.05, 2.1, 2.45, 3.03, 3.21, 1.99, 0, 1.11, 1.45, 1.88, 3.0, 3.1, 3.15, 3.27, 3.05, 3.32, 3.5, 3.3, 3.33, 3.7, 3.72, 4.0, 3.97, 3.94, 3.89, 3.34, 3.31, 4.13, 5.55, 6.22, 6.034, 6.299, 6.328, 6.881, 7.228, 6.0, 5.31, 5.62, 5.0, 4.9, 5.36, 4.86, 4.43, 5.12, 6.24, 7.69, 8.28, 8.74, 10.59, 13.22, 13.59, 14.34, 13.95, 12.7, 11.32, 9.7, 9.8, 9.67, 9.58, 10.04, 10.09, 9.95, 9.2, 9.16, 9.73, 9.65, 9.5, 9.22, 8.94, 9.17, 9.16, 8.85, 8.76, 8.84, 8.78, 8.66, 8.47, 8.97, 9.37, 8.98, 8.79, 8.64, 7.66, 6.64], [2.45, 2.6, 2.68, 2.65, 3.0, 3.577, 3.777, 2.6, 1.11, 0, 0.74, 1.39, 2.45, 2.63, 2.86, 2.8, 2.78, 3.17, 3.29, 3.09, 3.14, 3.55, 3.57, 3.79, 3.68, 3.67, 3.62, 3.11, 3.0, 3.64, 5.06, 5.63, 5.45, 5.72, 5.73, 6.26, 6.63, 5.37, 4.72, 4.99, 4.43, 4.49, 4.83, 4.35, 4.02, 4.71, 5.77, 7.18, 7.77, 8.23, 10.08, 12.69, 13.06, 13.79, 13.44, 12.21, 10.83, 9.25, 9.31, 9.18, 9.05, 9.51, 9.56, 9.4, 8.67, 8.63, 9.2, 9.14, 8.99, 8.71, 8.43, 8.64, 8.63, 8.28, 8.19, 8.27, 8.27, 8.13, 7.92, 8.46, 8.94, 8.55, 8.34, 8.13, 7.19, 6.15], [2.51, 2.66, 2.74, 2.75, 3.12, 3.863, 4.08, 2.88, 1.45, 0.74, 0, 1.13, 2.31, 2.31, 2.56, 2.42, 2.26, 2.81, 2.83, 2.61, 2.8, 3.21, 3.19, 3.27, 3.26, 3.19, 3.26, 2.89, 2.72, 3.46, 4.9, 5.27, 5.11, 5.34, 5.51, 6.0, 6.45, 5.11, 4.5, 4.77, 4.17, 4.03, 4.53, 4.07, 3.78, 4.45, 5.49, 6.8, 7.39, 7.85, 9.72, 12.35, 12.7, 13.43, 13.26, 12.03, 10.63, 8.85, 9.01, 8.96, 8.81, 9.33, 9.34, 9.08, 8.31, 8.27, 8.84, 8.76, 8.59, 8.31, 8.03, 8.26, 8.25, 7.96, 7.93, 8.05, 8.03, 7.77, 7.5, 8.16, 8.66, 8.25, 8.04, 7.77, 6.91, 5.83], [3.04, 3.361, 3.55, 3.568, 3.95, 4.621, 4.85, 3.67, 1.88, 1.39, 1.13, 0, 1.42, 1.7, 1.83, 1.83, 1.87, 2.64, 2.82, 2.6, 2.79, 3.2, 3.08, 3.08, 2.95, 3.02, 2.91, 2.56, 2.25, 2.75, 4.05, 4.56, 4.36, 4.65, 4.68, 5.23, 5.64, 4.4, 3.75, 3.96, 3.44, 3.5, 3.78, 3.42, 3.15, 3.7, 4.76, 6.09, 6.7, 7.14, 8.97, 11.62, 11.97, 12.72, 12.43, 11.16, 9.76, 8.14, 8.26, 8.17, 8.0, 8.5, 8.45, 8.29, 7.56, 7.52, 8.11, 7.99, 7.84, 7.58, 7.28, 7.49, 7.5, 7.21, 7.1, 7.24, 7.26, 7.0, 6.77, 7.27, 7.77, 7.36, 7.17, 6.94, 6.04, 4.96], [4.148, 4.558, 4.755, 4.785, 5.172, 5.827, 6.047, 4.884, 3.0, 2.45, 2.31, 1.42, 0, 1.08, 1.31, 1.35, 1.73, 2.52, 2.92, 2.94, 2.89, 3.22, 2.88, 2.72, 2.61, 2.88, 2.89, 2.32, 2.11, 2.15, 2.95, 3.34, 3.28, 3.53, 3.48, 3.99, 4.4, 3.14, 2.59, 2.76, 2.28, 2.46, 2.68, 2.38, 2.27, 2.54, 3.56, 4.99, 5.58, 6.04, 7.89, 10.48, 10.83, 11.56, 11.29, 9.94, 8.54, 6.98, 7.06, 6.95, 6.8, 7.32, 7.33, 7.09, 6.4, 6.36, 6.91, 6.93, 6.76, 6.5, 6.2, 6.41, 6.36, 5.97, 5.86, 6.02, 6.06, 5.94, 5.67, 6.23, 6.67, 6.26, 6.07, 5.9, 4.98, 3.94], [4.028, 4.49, 4.69, 4.7, 5.09, 5.81, 6.03, 4.83, 3.1, 2.63, 2.31, 1.7, 1.08, 0, 0.77, 1.05, 1.35, 2.12, 2.42, 2.42, 2.51, 2.92, 2.58, 2.32, 2.35, 2.62, 2.71, 2.18, 1.99, 1.97, 2.99, 3.42, 3.3, 3.49, 3.62, 4.13, 4.58, 3.24, 2.73, 2.92, 2.36, 2.3, 2.72, 2.12, 1.95, 2.46, 3.62, 4.91, 5.48, 5.92, 7.83, 10.46, 10.73, 11.5, 11.33, 10.04, 8.64, 6.9, 7.02, 7.023, 6.84, 7.36, 7.39, 7.11, 6.34, 6.34, 6.91, 6.81, 6.62, 6.4, 6.12, 6.31, 6.32, 6.03, 5.98, 6.14, 6.14, 5.92, 5.57, 6.27, 6.69, 6.26, 6.03, 5.76, 4.84, 3.78], [3.93, 4.4, 4.6, 4.63, 5.04, 5.78, 6.02, 4.82, 3.15, 2.86, 2.56, 1.83, 1.31, 0.77, 0, 0.92, 1.08, 1.93, 2.25, 2.31, 2.36, 2.65, 2.25, 2.05, 2.0, 2.21, 2.28, 1.77, 1.68, 1.88, 3.0, 3.484, 3.322, 3.569, 3.686, 4.182, 4.646, 3.307, 2.7, 2.964, 2.33, 2.23, 2.55, 2.13, 1.9, 2.53, 3.67, 4.98, 5.55, 5.97, 7.84, 10.51, 10.86, 11.61, 11.451, 10.11, 8.71, 6.95, 7.13, 7.099, 6.93, 7.43, 7.38, 7.14, 6.39, 6.31, 6.94, 6.82, 6.67, 6.43, 6.15, 6.38, 6.41, 6.117, 6.058, 6.201, 6.204, 5.93, 5.649, 6.2, 6.58, 6.13, 5.92, 5.67, 4.69, 3.69], [4.01, 4.44, 4.62, 4.65, 5.16, 5.92, 6.16, 4.94, 3.27, 2.8, 2.42, 1.83, 1.35, 1.05, 0.92, 0, 0.8, 1.67, 1.99, 2.07, 2.32, 2.49, 2.15, 2.09, 2.0, 2.19, 2.26, 1.97, 1.82, 2.0, 3.1, 3.478, 3.37, 3.612, 3.772, 4.23, 4.72, 3.389, 2.84, 3.05, 2.51, 2.33, 2.67, 2.17, 2.18, 2.69, 3.73, 5.0, 5.59, 5.91, 7.86, 10.502, 10.866, 11.579, 11.511, 10.172, 8.76, 6.97, 7.16, 7.159, 6.978, 7.51, 7.5, 7.14, 6.39, 6.25, 6.94, 6.84, 6.59, 6.45, 6.19, 6.4, 6.413, 6.093, 6.123, 6.261, 6.255, 6.03, 5.649, 6.26, 6.78, 6.25, 6.04, 5.75, 4.87, 3.83], [3.71, 4.16, 4.34, 4.35, 4.88, 5.66, 5.9, 4.68, 3.05, 2.78, 2.26, 1.87, 1.73, 1.35, 1.08, 0.8, 0, 1.35, 1.59, 1.71, 1.92, 1.99, 1.71, 1.63, 1.58, 1.81, 1.86, 1.57, 1.48, 2.08, 3.5, 3.867, 3.687, 3.932, 4.132, 4.59, 5.08, 3.769, 3.2, 3.47, 2.81, 2.43, 2.91, 2.43, 2.26, 3.03, 4.11, 5.3, 5.87, 6.23, 8.16, 10.847, 11.206, 11.93, 11.851, 10.499, 9.083, 7.303, 7.516, 7.506, 7.317, 7.883, 7.86, 7.485, 6.75, 6.67, 7.3, 7.12, 6.89, 6.73, 6.51, 6.72, 6.746, 6.447, 6.463, 6.603, 6.635, 6.35, 5.98, 6.62, 7.08, 6.57, 6.36, 6.05, 5.17, 4.13], [3.56, 3.99, 4.19, 4.32, 4.79, 5.53, 5.79, 4.55, 3.32, 3.17, 2.81, 2.64, 2.52, 2.12, 1.93, 1.67, 1.35, 0, 1.0, 1.22, 1.21, 1.32, 1.12, 1.38, 1.45, 1.44, 1.51, 1.62, 1.85, 2.53, 3.81, 4.134, 4.157, 4.37, 4.4, 4.841, 5.327, 4.0, 3.63, 3.96, 3.18, 2.8, 3.16, 2.84, 2.85, 3.54, 4.56, 5.79, 6.5, 6.88, 8.65, 11.22, 11.57, 12.272, 12.184, 10.782, 9.37, 7.64, 7.82, 7.809, 7.6, 8.16, 8.21, 7.75, 7.1, 7.06, 7.63, 7.61, 7.36, 7.22, 6.96, 7.15, 7.08, 6.727, 6.74, 6.88, 6.88, 6.76, 6.39, 7.09, 7.63, 7.16, 6.91, 6.7, 5.82, 4.92], [3.22, 3.71, 3.93, 4.14, 4.53, 5.29, 5.59, 4.53, 3.5, 3.29, 2.83, 2.82, 2.92, 2.42, 2.25, 1.99, 1.59, 1.0, 0, 0.62, 0.85, 1.12, 1.2, 1.74, 1.93, 1.9, 1.91, 2.14, 2.41, 3.09, 4.33, 4.68, 4.46, 4.73, 4.959, 5.409, 5.904, 4.6, 4.17, 4.56, 3.74, 3.28, 3.68, 3.28, 3.37, 4.14, 5.12, 6.13, 6.94, 7.22, 9.05, 11.66, 11.99, 12.74, 12.69, 11.379, 9.97, 8.147, 8.341, 8.343, 8.18, 8.7, 8.71, 8.35, 7.6, 7.54, 8.13, 7.93, 7.7, 7.56, 7.34, 7.49, 7.58, 7.27, 7.311, 7.46, 7.46, 7.22, 6.77, 7.43, 8.03, 7.52, 7.29, 7.12, 6.28, 5.34], [3.02, 3.53, 3.77, 3.92, 4.29, 5.01, 5.39, 4.31, 3.3, 3.09, 2.61, 2.6, 2.94, 2.42, 2.31, 2.07, 1.71, 1.22, 0.62, 0, 0.79, 1.16, 1.26, 1.88, 2.03, 1.96, 1.93, 2.24, 2.49, 3.15, 4.45, 4.74, 4.56, 4.83, 5.04, 5.489, 5.968, 4.68, 4.25, 4.66, 3.84, 3.36, 3.74, 3.38, 3.47, 4.26, 5.18, 6.23, 7.06, 7.4, 9.13, 11.74, 12.07, 12.82, 12.77, 11.46, 10.06, 8.26, 8.44, 8.42, 8.26, 8.78, 8.79, 8.43, 7.72, 7.64, 8.21, 8.03, 7.8, 7.64, 7.4, 7.55, 7.66, 7.35, 7.38, 7.52, 7.52, 7.24, 6.85, 7.57, 8.17, 7.68, 7.41, 7.26, 6.42, 5.48], [3.23, 3.68, 3.94, 4.13, 4.36, 5.04, 5.38, 4.42, 3.33, 3.14, 2.8, 2.79, 2.89, 2.51, 2.36, 2.32, 1.92, 1.21, 0.85, 0.79, 0, 0.81, 1.23, 1.91, 2.1, 1.85, 1.76, 2.05, 2.3, 3.06, 4.32, 4.65, 4.55, 4.78, 4.89, 5.36, 5.798, 4.65, 4.12, 4.55, 3.75, 3.41, 3.59, 3.37, 3.44, 4.13, 5.13, 6.2, 7.11, 7.53, 9.22, 11.65, 12.0, 12.75, 12.58, 11.27, 9.87, 8.13, 8.27, 8.219, 8.07, 8.65, 8.58, 8.32, 7.69, 7.63, 8.1, 8.02, 7.87, 7.63, 7.35, 7.62, 7.55, 7.26, 7.19, 7.33, 7.33, 7.09, 6.9, 7.64, 8.26, 7.81, 7.54, 7.37, 6.49, 5.59], [3.48, 3.95, 4.23, 4.4, 4.59, 5.27, 5.65, 4.71, 3.7, 3.55, 3.21, 3.2, 3.22, 2.92, 2.65, 2.49, 1.99, 1.32, 1.12, 1.16, 0.81, 0, 1.06, 1.88, 2.09, 1.9, 1.73, 2.18, 2.39, 3.03, 4.33, 4.58, 4.46, 4.67, 4.84, 5.29, 5.64, 4.6, 4.15, 4.6, 3.74, 3.36, 3.5, 3.34, 3.43, 4.16, 5.1, 6.15, 7.08, 7.5, 9.13, 11.44, 11.79, 12.52, 12.37, 11.039, 9.63, 7.88, 8.06, 8.049, 7.86, 8.56, 8.47, 8.13, 7.62, 7.56, 7.95, 7.75, 7.66, 7.34, 7.14, 7.41, 7.3, 7.07, 6.98, 7.28, 7.2, 6.94, 6.87, 7.61, 8.23, 7.74, 7.47, 7.34, 6.46, 5.6], [3.68, 4.17, 4.35, 4.46, 4.81, 5.57, 5.85, 4.81, 3.72, 3.57, 3.19, 3.08, 2.88, 2.58, 2.25, 2.15, 1.71, 1.12, 1.2, 1.26, 1.23, 1.06, 0, 1.02, 1.27, 1.26, 1.13, 1.52, 1.69, 2.29, 3.49, 3.84, 3.68, 3.93, 4.12, 4.57, 5.011, 3.8, 3.33, 3.8, 2.9, 2.46, 2.84, 2.54, 2.63, 3.4, 4.32, 5.47, 6.24, 6.58, 8.21, 10.76, 11.17, 11.86, 11.81, 10.48, 9.08, 7.28, 7.48, 7.489, 7.3, 7.8, 7.75, 7.45, 6.76, 6.64, 7.25, 7.09, 6.92, 6.72, 6.46, 6.69, 6.7, 6.39, 6.42, 6.6, 6.58, 6.36, 6.05, 6.67, 7.27, 6.76, 6.49, 6.38, 5.56, 4.72], [4.36, 4.81, 5.01, 5.08, 5.53, 6.31, 6.55, 5.35, 4.0, 3.79, 3.27, 3.08, 2.72, 2.32, 2.05, 2.09, 1.63, 1.38, 1.74, 1.88, 1.91, 1.88, 1.02, 0, 0.61, 0.8, 1.01, 1.4, 1.51, 1.89, 2.87, 3.2, 3.0, 3.15, 3.36, 3.801, 4.253, 2.98, 2.69, 3.02, 2.12, 1.64, 2.12, 1.72, 1.97, 2.66, 3.66, 4.77, 5.44, 5.72, 7.43, 10.06, 10.39, 11.14, 11.081, 9.76, 8.34, 6.54, 6.75, 6.729, 6.6, 7.08, 7.05, 6.71, 5.98, 5.9, 6.51, 6.35, 6.16, 5.98, 5.74, 5.95, 5.98, 5.67, 5.676, 5.86, 5.9, 5.64, 5.19, 5.87, 6.45, 5.96, 5.71, 5.56, 4.72, 3.96], [4.35, 4.8, 5.04, 5.09, 5.58, 6.34, 6.58, 5.34, 3.97, 3.68, 3.26, 2.95, 2.61, 2.35, 2.0, 2.0, 1.58, 1.45, 1.93, 2.03, 2.1, 2.09, 1.27, 0.61, 0, 0.69, 1.04, 1.21, 1.28, 1.72, 2.84, 3.23, 3.03, 3.24, 3.395, 3.88, 4.266, 3.01, 2.72, 2.89, 2.03, 1.71, 2.15, 1.81, 1.88, 2.57, 3.67, 4.84, 5.35, 5.65, 7.46, 10.09, 10.52, 11.21, 11.14, 9.781, 8.37, 6.63, 6.823, 6.762, 6.61, 7.09, 7.04, 6.72, 5.97, 5.87, 6.54, 6.42, 6.23, 6.07, 5.83, 6.02, 6.03, 5.696, 5.689, 5.87, 5.95, 5.65, 5.3, 5.86, 6.375, 5.87, 5.66, 5.41, 4.59, 3.81], [4.3, 4.81, 4.97, 5.06, 5.45, 6.19, 6.45, 5.31, 3.94, 3.67, 3.19, 3.02, 2.88, 2.62, 2.21, 2.19, 1.81, 1.44, 1.9, 1.96, 1.85, 1.9, 1.26, 0.8, 0.69, 0, 0.79, 1.18, 1.39, 1.89, 2.95, 3.34, 3.26, 3.37, 3.54, 4.01, 4.333, 3.18, 3.07, 3.14, 2.34, 1.98, 2.22, 2.06, 2.17, 2.92, 4.02, 5.13, 5.64, 5.94, 7.63, 10.2, 10.55, 11.28, 11.17, 9.791, 8.38, 6.64, 6.82, 6.772, 6.66, 7.14, 7.09, 6.77, 6.02, 5.98, 6.59, 6.53, 6.38, 6.18, 5.9, 6.13, 6.1, 5.77, 5.714, 6.02, 6.12, 5.86, 5.57, 6.05, 6.59, 6.2, 5.97, 5.74, 4.82, 4.22], [4.31, 4.82, 5.02, 5.13, 5.5, 6.16, 6.44, 5.3, 3.89, 3.62, 3.26, 2.91, 2.89, 2.71, 2.28, 2.26, 1.86, 1.51, 1.91, 1.93, 1.76, 1.73, 1.13, 1.01, 1.04, 0.79, 0, 1.11, 1.28, 1.8, 2.84, 3.37, 3.21, 3.413, 3.53, 3.98, 4.327, 3.228, 3.04, 3.33, 2.33, 2.03, 2.21, 1.99, 2.22, 2.95, 4.07, 5.12, 5.79, 6.13, 7.7, 10.259, 10.612, 11.379, 11.129, 9.81, 8.41, 6.77, 6.93, 6.826, 6.69, 7.13, 7.06, 6.88, 6.19, 6.13, 6.72, 6.58, 6.45, 6.23, 5.95, 6.206, 6.19, 5.9, 5.79, 5.97, 6.07, 5.77, 5.56, 6.16, 6.74, 6.25, 5.98, 5.87, 5.05, 4.33], [4.12, 4.59, 4.77, 4.84, 5.23, 5.83, 6.03, 4.87, 3.34, 3.11, 2.89, 2.56, 2.32, 2.18, 1.77, 1.97, 1.57, 1.62, 2.14, 2.24, 2.05, 2.18, 1.52, 1.4, 1.21, 1.18, 1.11, 0, 0.75, 1.43, 2.87, 3.506, 3.32, 3.576, 3.566, 4.09, 4.477, 3.3, 2.77, 2.94, 2.34, 2.04, 2.42, 2.04, 1.77, 2.46, 3.7, 5.01, 5.56, 6.04, 7.867, 10.494, 10.862, 11.612, 11.262, 9.9, 8.48, 6.94, 7.04, 6.976, 6.76, 7.22, 7.19, 7.07, 6.32, 6.3, 6.939, 6.83, 6.7, 6.44, 6.18, 6.424, 6.38, 6.05, 5.9, 6.046, 6.069, 5.917, 5.71, 6.256, 6.65, 6.2, 5.99, 5.78, 4.86, 3.98], [4.41, 4.86, 5.04, 5.07, 5.46, 6.1, 6.28, 5.1, 3.31, 3.0, 2.72, 2.25, 2.11, 1.99, 1.68, 1.82, 1.48, 1.85, 2.41, 2.49, 2.3, 2.39, 1.69, 1.51, 1.28, 1.39, 1.28, 0.75, 0, 1.1, 2.58, 3.17, 3.01, 3.28, 3.35, 3.817, 4.281, 2.99, 2.48, 2.63, 2.11, 1.95, 2.33, 1.89, 1.68, 2.35, 3.47, 4.66, 5.23, 5.65, 7.52, 10.142, 10.509, 11.27, 11.0, 9.71, 8.31, 6.71, 6.87, 6.82, 6.57, 6.99, 6.94, 6.76, 6.03, 6.05, 6.66, 6.5, 6.37, 6.15, 5.83, 6.08, 6.13, 5.84, 5.71, 5.81, 5.83, 5.65, 5.42, 5.92, 6.44, 5.99, 5.8, 5.57, 4.67, 3.69], [5.37, 5.82, 6.0, 6.03, 6.42, 7.02, 7.16, 5.98, 4.13, 3.64, 3.46, 2.75, 2.15, 1.97, 1.88, 2.0, 2.08, 2.53, 3.09, 3.15, 3.06, 3.03, 2.29, 1.89, 1.72, 1.89, 1.8, 1.43, 1.1, 0, 1.56, 2.31, 2.07, 2.38, 2.45, 2.94, 3.43, 2.25, 1.74, 1.85, 1.49, 1.63, 1.91, 1.29, 1.26, 1.59, 2.69, 3.76, 4.41, 4.81, 6.6, 9.222, 9.569, 10.35, 9.98, 8.69, 7.37, 5.79, 5.93, 5.84, 5.67, 5.99, 6.04, 5.88, 5.17, 5.19, 5.8, 5.6, 5.47, 5.19, 4.95, 5.18, 5.19, 4.9, 4.81, 4.87, 4.87, 4.71, 4.52, 5.1, 5.64, 5.19, 5.0, 4.81, 3.97, 3.13], [6.832, 7.28, 7.48, 7.49, 7.86, 8.5, 8.6, 7.42, 5.55, 5.06, 4.9, 4.05, 2.95, 2.99, 3.0, 3.1, 3.5, 3.81, 4.33, 4.45, 4.32, 4.33, 3.49, 2.87, 2.84, 2.95, 2.84, 2.87, 2.58, 1.56, 0, 1.27, 1.21, 1.26, 1.37, 1.92, 2.23, 1.71, 1.66, 1.29, 1.55, 1.85, 1.63, 1.65, 1.9, 1.59, 2.01, 2.84, 3.47, 3.85, 5.34, 7.79, 8.14, 8.89, 8.5, 7.23, 6.11, 4.61, 4.61, 4.46, 4.47, 4.73, 4.76, 4.56, 3.89, 3.89, 4.44, 4.34, 4.15, 3.89, 3.69, 3.92, 3.79, 3.52, 3.41, 3.63, 3.71, 3.57, 3.42, 3.96, 4.48, 4.11, 3.84, 3.91, 3.03, 2.45], [7.297, 7.727, 7.924, 7.954, 8.364, 9.11, 9.31, 8.147, 6.22, 5.63, 5.27, 4.56, 3.34, 3.42, 3.484, 3.478, 3.867, 4.134, 4.68, 4.74, 4.65, 4.58, 3.84, 3.2, 3.23, 3.34, 3.37, 3.506, 3.17, 2.31, 1.27, 0, 0.92, 1.17, 1.08, 1.49, 1.9, 1.44, 1.39, 1.08, 1.52, 2.1, 2.1, 2.18, 2.41, 1.82, 1.76, 2.23, 3.02, 3.36, 4.91, 7.2, 7.57, 8.26, 8.17, 6.92, 5.78, 4.12, 4.24, 4.15, 4.04, 4.56, 4.53, 4.01, 3.52, 3.5, 3.87, 3.83, 3.62, 3.48, 3.3, 3.49, 3.3, 3.05, 2.94, 3.02, 3.04, 2.96, 2.85, 3.53, 4.17, 3.76, 3.55, 3.52, 2.72, 2.12], [6.932, 7.322, 7.562, 7.629, 8.096, 8.859, 9.059, 7.876, 6.034, 5.45, 5.11, 4.36, 3.28, 3.3, 3.322, 3.37, 3.687, 4.157, 4.46, 4.56, 4.55, 4.46, 3.68, 3.0, 3.03, 3.26, 3.21, 3.32, 3.01, 2.07, 1.21, 0.92, 0, 0.89, 1.08, 1.61, 2.08, 1.58, 1.45, 1.16, 1.5, 2.02, 2.04, 1.92, 2.21, 1.78, 1.88, 2.35, 3.14, 3.5, 5.01, 7.56, 7.87, 8.64, 8.55, 7.38, 6.18, 4.46, 4.56, 4.51, 4.38, 4.9, 4.77, 4.49, 3.84, 3.8, 4.29, 3.91, 3.78, 3.52, 3.44, 3.57, 3.62, 3.37, 3.36, 3.5, 3.52, 3.22, 3.01, 3.53, 4.17, 3.78, 3.53, 3.54, 2.68, 2.12], [7.336, 7.734, 7.949, 7.996, 8.403, 9.166, 9.366, 8.183, 6.299, 5.72, 5.34, 4.65, 3.53, 3.49, 3.569, 3.612, 3.932, 4.37, 4.73, 4.83, 4.78, 4.67, 3.93, 3.15, 3.24, 3.37, 3.413, 3.576, 3.28, 2.38, 1.26, 1.17, 0.89, 0, 0.81, 1.28, 1.71, 1.57, 1.72, 1.31, 1.69, 2.09, 1.93, 2.05, 2.36, 1.93, 1.85, 2.18, 2.95, 3.23, 4.86, 7.21, 7.5, 8.29, 8.2, 7.01, 5.71, 4.03, 4.07, 4.02, 3.97, 4.47, 4.4, 4.02, 3.39, 3.41, 3.82, 3.64, 3.45, 3.23, 3.11, 3.24, 3.23, 3.0, 2.93, 3.19, 3.25, 2.97, 2.84, 3.36, 3.98, 3.63, 3.44, 3.39, 2.53, 2.05], [7.551, 7.961, 8.158, 8.208, 8.595, 9.278, 9.461, 8.278, 6.328, 5.73, 5.51, 4.68, 3.48, 3.62, 3.686, 3.772, 4.132, 4.4, 4.959, 5.04, 4.89, 4.84, 4.12, 3.36, 3.395, 3.54, 3.53, 3.566, 3.35, 2.45, 1.37, 1.08, 1.08, 0.81, 0, 0.91, 1.38, 1.22, 1.51, 1.06, 1.58, 2.1, 1.92, 2.16, 2.43, 1.84, 1.7, 2.21, 3.02, 3.34, 4.99, 7.3, 7.57, 8.34, 8.05, 6.74, 5.48, 4.1, 4.0, 3.83, 3.74, 4.28, 4.25, 3.89, 3.4, 3.46, 3.85, 3.83, 3.6, 3.44, 3.24, 3.39, 3.24, 2.89, 2.72, 2.94, 2.98, 2.98, 2.87, 3.49, 4.13, 3.76, 3.51, 3.54, 2.66, 2.08], [8.027, 8.437, 8.634, 8.684, 9.091, 9.814, 10.014, 8.831, 6.881, 6.26, 6.0, 5.23, 3.99, 4.13, 4.182, 4.23, 4.59, 4.841, 5.409, 5.489, 5.36, 5.29, 4.57, 3.801, 3.88, 4.01, 3.98, 4.09, 3.817, 2.94, 1.92, 1.49, 1.61, 1.28, 0.91, 0, 1.01, 1.15, 1.8, 1.65, 1.93, 2.37, 2.19, 2.55, 2.94, 2.03, 1.69, 2.0, 2.79, 3.15, 4.66, 6.93, 7.16, 7.91, 7.76, 6.29, 5.01, 3.65, 3.65, 3.42, 3.47, 4.01, 4.0, 3.4, 3.15, 3.13, 3.48, 3.46, 3.17, 3.05, 2.91, 3.06, 2.77, 2.34, 2.27, 2.67, 2.87, 2.79, 2.52, 3.3, 3.84, 3.49, 3.2, 3.31, 2.41, 1.97], [8.468, 8.858, 9.095, 9.125, 9.512, 10.161, 10.381, 9.178, 7.228, 6.63, 6.45, 5.64, 4.4, 4.58, 4.646, 4.72, 5.08, 5.327, 5.904, 5.968, 5.798, 5.64, 5.011, 4.253, 4.266, 4.333, 4.327, 4.477, 4.281, 3.43, 2.23, 1.9, 2.08, 1.71, 1.38, 1.01, 0, 1.52, 2.21, 2.1, 2.4, 2.76, 2.32, 2.94, 3.198, 2.34, 1.94, 2.13, 2.82, 3.24, 4.71, 6.8, 6.93, 7.76, 7.43, 5.86, 4.36, 3.1, 3.22, 3.05, 3.12, 3.8, 3.81, 3.27, 3.1, 3.14, 3.31, 3.31, 3.06, 2.8, 2.7, 2.93, 2.56, 2.07, 1.96, 2.68, 2.84, 2.78, 2.87, 3.39, 3.87, 3.66, 3.35, 3.32, 2.46, 2.08], [7.154, 7.584, 7.781, 7.811, 8.201, 8.93, 9.11, 7.927, 6.0, 5.37, 5.11, 4.4, 3.14, 3.24, 3.307, 3.389, 3.769, 4.0, 4.6, 4.68, 4.65, 4.6, 3.8, 2.98, 3.01, 3.18, 3.228, 3.3, 2.99, 2.25, 1.71, 1.44, 1.58, 1.57, 1.22, 1.15, 1.52, 0, 1.29, 1.28, 1.16, 1.48, 1.64, 1.72, 2.03, 1.28, 1.5, 2.47, 3.12, 3.54, 5.17, 7.6, 7.87, 8.64, 8.45, 7.02, 5.64, 4.02, 4.22, 4.11, 4.12, 4.56, 4.65, 4.13, 3.62, 3.66, 4.11, 4.11, 3.88, 3.68, 3.42, 3.63, 3.46, 3.01, 2.98, 3.22, 3.32, 3.3, 3.01, 3.69, 4.25, 3.86, 3.61, 3.66, 2.8, 2.1], [6.447, 6.857, 7.094, 7.104, 7.511, 8.22, 8.44, 7.237, 5.31, 4.72, 4.5, 3.75, 2.59, 2.73, 2.7, 2.84, 3.2, 3.63, 4.17, 4.25, 4.12, 4.15, 3.33, 2.69, 2.72, 3.07, 3.04, 2.77, 2.48, 1.74, 1.66, 1.39, 1.45, 1.72, 1.51, 1.8, 2.21, 1.29, 0, 1.09, 0.99, 1.67, 1.91, 1.57, 1.7, 1.25, 1.57, 2.64, 3.29, 3.81, 5.46, 8.01, 8.42, 9.13, 8.94, 7.75, 6.41, 4.73, 4.85, 4.78, 4.65, 5.11, 5.12, 4.84, 4.15, 4.11, 4.68, 4.58, 4.43, 4.15, 3.91, 4.12, 4.07, 3.74, 3.75, 3.79, 3.75, 3.57, 3.38, 4.02, 4.56, 4.17, 3.94, 3.87, 3.03, 2.15], [6.771, 7.201, 7.398, 7.428, 7.821, 8.527, 8.727, 7.544, 5.62, 4.99, 4.77, 3.96, 2.76, 2.92, 2.964, 3.05, 3.47, 3.96, 4.56, 4.66, 4.55, 4.6, 3.8, 3.02, 2.89, 3.14, 3.33, 2.94, 2.63, 1.85, 1.29, 1.08, 1.16, 1.31, 1.06, 1.65, 2.1, 1.28, 1.09, 0, 1.22, 1.86, 1.86, 1.8, 1.79, 1.32, 1.58, 2.49, 3.0, 3.4, 5.23, 7.78, 8.13, 8.88, 8.67, 7.44, 6.18, 4.58, 4.66, 4.55, 4.4, 4.86, 4.85, 4.53, 3.86, 3.88, 4.41, 4.37, 4.2, 3.94, 3.72, 3.89, 3.82, 3.51, 3.4, 3.46, 3.48, 3.36, 3.25, 3.79, 4.35, 3.96, 3.77, 3.58, 2.72, 1.9], [6.117, 6.547, 6.744, 6.774, 7.181, 7.91, 8.09, 6.907, 5.0, 4.43, 4.17, 3.44, 2.28, 2.36, 2.33, 2.51, 2.81, 3.18, 3.74, 3.84, 3.75, 3.74, 2.9, 2.12, 2.03, 2.34, 2.33, 2.34, 2.11, 1.49, 1.55, 1.52, 1.5, 1.69, 1.58, 1.93, 2.4, 1.16, 0.99, 1.22, 0, 1.08, 1.28, 1.02, 1.27, 1.08, 1.92, 3.11, 3.7, 4.06, 5.75, 8.32, 8.73, 9.42, 9.23, 7.98, 6.58, 4.9, 5.02, 4.95, 4.82, 5.28, 5.27, 5.03, 4.3, 4.26, 4.81, 4.77, 4.62, 4.34, 4.06, 4.29, 4.24, 3.91, 3.88, 4.04, 4.08, 3.84, 3.55, 4.17, 4.73, 4.34, 4.13, 3.96, 3.12, 2.38], [5.74, 6.19, 6.407, 6.46, 6.85, 7.63, 7.87, 6.69, 4.9, 4.49, 4.03, 3.5, 2.46, 2.3, 2.23, 2.33, 2.43, 2.8, 3.28, 3.36, 3.41, 3.36, 2.46, 1.64, 1.71, 1.98, 2.03, 2.04, 1.95, 1.63, 1.85, 2.1, 2.02, 2.09, 2.1, 2.37, 2.76, 1.48, 1.67, 1.86, 1.08, 0, 0.84, 0.92, 1.05, 1.46, 2.28, 3.41, 4.08, 4.46, 6.07, 8.64, 8.99, 9.68, 9.55, 8.28, 6.88, 5.1, 5.28, 5.27, 5.18, 5.6, 5.65, 5.33, 4.58, 4.54, 5.11, 5.03, 4.84, 4.58, 4.32, 4.53, 4.46, 4.15, 4.18, 4.4, 4.42, 4.22, 3.91, 4.53, 5.03, 4.6, 4.35, 4.32, 3.44, 2.72], [6.288, 6.678, 6.835, 6.96, 7.37, 8.07, 8.33, 7.15, 5.36, 4.83, 4.53, 3.78, 2.68, 2.72, 2.55, 2.67, 2.91, 3.16, 3.68, 3.74, 3.59, 3.5, 2.84, 2.12, 2.15, 2.22, 2.21, 2.42, 2.33, 1.91, 1.63, 2.1, 2.04, 1.93, 1.92, 2.19, 2.32, 1.64, 1.91, 1.86, 1.28, 0.84, 0, 1.08, 1.35, 1.66, 2.56, 3.53, 4.24, 4.6, 6.09, 8.38, 8.73, 9.46, 9.17, 7.88, 6.48, 4.86, 4.94, 4.81, 4.88, 5.26, 5.25, 5.01, 4.46, 4.42, 4.83, 4.81, 4.66, 4.38, 4.08, 4.33, 4.24, 3.97, 3.8, 4.26, 4.3, 4.12, 4.01, 4.55, 5.07, 4.68, 4.37, 4.4, 3.48, 2.82], [5.76, 6.19, 6.43, 6.38, 6.83, 7.51, 7.73, 6.53, 4.86, 4.35, 4.07, 3.42, 2.38, 2.12, 2.13, 2.17, 2.43, 2.84, 3.28, 3.38, 3.37, 3.34, 2.54, 1.72, 1.81, 2.06, 1.99, 2.04, 1.89, 1.29, 1.65, 2.18, 1.92, 2.05, 2.16, 2.55, 2.94, 1.72, 1.57, 1.8, 1.02, 0.92, 1.08, 0, 0.83, 1.4, 2.3, 3.41, 4.12, 4.5, 6.07, 8.76, 9.05, 9.86, 9.586, 8.28, 6.9, 5.18, 5.28, 5.243, 5.16, 5.62, 5.65, 5.45, 4.7, 4.62, 5.25, 5.03, 4.9, 4.6, 4.34, 4.57, 4.62, 4.31, 4.28, 4.46, 4.5, 4.2, 3.91, 4.49, 5.05, 4.6, 4.35, 4.18, 3.3, 2.62], [5.441, 5.88, 6.16, 6.11, 6.5, 7.14, 7.34, 6.16, 4.43, 4.02, 3.78, 3.15, 2.27, 1.95, 1.9, 2.18, 2.26, 2.85, 3.37, 3.47, 3.44, 3.43, 2.63, 1.97, 1.88, 2.17, 2.22, 1.77, 1.68, 1.26, 1.9, 2.41, 2.21, 2.36, 2.43, 2.94, 3.198, 2.03, 1.7, 1.79, 1.27, 1.05, 1.35, 0.83, 0, 1.21, 2.37, 3.56, 4.19, 4.65, 6.4, 9.15, 9.44, 10.25, 9.939, 8.57, 7.21, 5.49, 5.61, 5.56, 5.47, 5.99, 6.02, 5.82, 5.05, 4.99, 5.62, 5.4, 5.27, 4.97, 4.71, 4.94, 5.01, 4.7, 4.63, 4.77, 4.73, 4.49, 4.32, 4.8, 5.22, 4.79, 4.58, 4.33, 3.41, 2.61], [6.322, 6.75, 6.97, 6.98, 7.35, 7.99, 8.19, 6.99, 5.12, 4.71, 4.45, 3.7, 2.54, 2.46, 2.53, 2.69, 3.03, 3.54, 4.14, 4.26, 4.13, 4.16, 3.4, 2.66, 2.57, 2.92, 2.95, 2.46, 2.35, 1.59, 1.59, 1.82, 1.78, 1.93, 1.84, 2.03, 2.34, 1.28, 1.25, 1.32, 1.08, 1.46, 1.66, 1.4, 1.21, 0, 1.48, 2.67, 3.3, 3.8, 5.61, 8.24, 8.57, 9.34, 9.01, 7.68, 6.28, 4.6, 4.72, 4.69, 4.58, 5.06, 5.13, 4.89, 4.14, 4.14, 4.71, 4.63, 4.46, 4.18, 3.92, 4.15, 4.08, 3.77, 3.7, 3.84, 3.8, 3.62, 3.43, 4.05, 4.47, 4.04, 3.83, 3.68, 2.82, 1.88], [7.397, 7.79, 8.01, 8.04, 8.43, 9.19, 9.41, 8.19, 6.24, 5.77, 5.49, 4.76, 3.56, 3.62, 3.67, 3.73, 4.11, 4.56, 5.12, 5.18, 5.13, 5.1, 4.32, 3.66, 3.67, 4.02, 4.07, 3.7, 3.47, 2.69, 2.01, 1.76, 1.88, 1.85, 1.7, 1.69, 1.94, 1.5, 1.57, 1.58, 1.92, 2.28, 2.56, 2.3, 2.37, 1.48, 0, 1.71, 2.38, 2.82, 4.51, 7.12, 7.51, 8.24, 8.03, 6.74, 5.34, 3.7, 3.74, 3.67, 3.6, 4.1, 4.13, 3.83, 3.08, 3.04, 3.65, 3.57, 3.4, 3.12, 2.9, 3.07, 3.02, 2.87, 2.72, 2.8, 2.74, 2.56, 2.31, 2.99, 3.45, 3.06, 2.81, 2.76, 1.98, 1.54], [8.639, 9.04, 9.28, 9.31, 9.76, 10.52, 10.72, 9.5, 7.69, 7.18, 6.8, 6.09, 4.99, 4.91, 4.98, 5.0, 5.3, 5.79, 6.13, 6.23, 6.2, 6.15, 5.47, 4.77, 4.84, 5.13, 5.12, 5.01, 4.66, 3.76, 2.84, 2.23, 2.35, 2.18, 2.21, 2.0, 2.13, 2.47, 2.64, 2.49, 3.11, 3.41, 3.53, 3.41, 3.56, 2.67, 1.71, 0, 1.21, 1.65, 3.4, 5.85, 6.08, 6.89, 6.74, 5.47, 4.35, 2.83, 2.79, 2.62, 2.39, 3.03, 3.02, 2.56, 2.09, 2.03, 2.42, 2.12, 1.89, 1.71, 1.71, 1.76, 1.83, 1.76, 1.65, 1.57, 1.69, 1.53, 1.66, 2.18, 2.54, 2.33, 2.12, 1.77, 1.41, 1.61], [9.22, 9.65, 9.87, 9.9, 10.37, 11.13, 11.31, 10.13, 8.28, 7.77, 7.39, 6.7, 5.58, 5.48, 5.55, 5.59, 5.87, 6.5, 6.94, 7.06, 7.11, 7.08, 6.24, 5.44, 5.35, 5.64, 5.79, 5.56, 5.23, 4.41, 3.47, 3.02, 3.14, 2.95, 3.02, 2.79, 2.82, 3.12, 3.29, 3.0, 3.7, 4.08, 4.24, 4.12, 4.19, 3.3, 2.38, 1.21, 0, 0.9, 2.57, 5.22, 5.45, 6.26, 6.19, 4.94, 3.84, 2.4, 2.56, 2.29, 1.88, 2.34, 2.51, 2.13, 1.68, 1.7, 2.07, 1.89, 1.82, 1.56, 1.42, 1.43, 1.7, 2.03, 1.8, 1.76, 2.1, 1.88, 2.09, 2.25, 2.35, 2.4, 2.19, 1.5, 1.66, 2.12], [9.74, 10.15, 10.33, 10.38, 10.85, 11.61, 11.79, 10.61, 8.74, 8.23, 7.85, 7.14, 6.04, 5.92, 5.97, 5.91, 6.23, 6.88, 7.22, 7.4, 7.53, 7.5, 6.58, 5.72, 5.65, 5.94, 6.13, 6.04, 5.65, 4.81, 3.85, 3.36, 3.5, 3.23, 3.34, 3.15, 3.24, 3.54, 3.81, 3.4, 4.06, 4.46, 4.6, 4.5, 4.65, 3.8, 2.82, 1.65, 0.9, 0, 2.13, 4.74, 5.07, 5.82, 5.79, 4.54, 3.74, 2.58, 2.56, 2.33, 1.62, 1.96, 2.13, 1.81, 1.36, 1.38, 1.57, 1.59, 1.64, 1.54, 1.34, 1.17, 1.62, 2.27, 1.96, 1.56, 1.82, 1.7, 1.73, 1.89, 1.93, 1.94, 1.75, 1.16, 1.8, 2.48], [11.47, 11.92, 12.2, 12.21, 12.6, 13.38, 13.56, 12.36, 10.59, 10.08, 9.72, 8.97, 7.89, 7.83, 7.84, 7.86, 8.16, 8.65, 9.05, 9.13, 9.22, 9.13, 8.21, 7.43, 7.46, 7.63, 7.7, 7.867, 7.52, 6.6, 5.34, 4.91, 5.01, 4.86, 4.99, 4.66, 4.71, 5.17, 5.46, 5.23, 5.75, 6.07, 6.09, 6.07, 6.4, 5.61, 4.51, 3.4, 2.57, 2.13, 0, 3.01, 3.56, 4.23, 4.0, 3.31, 3.35, 3.07, 3.09, 2.8, 1.97, 1.85, 2.08, 2.26, 2.19, 2.03, 1.98, 2.2, 2.43, 2.37, 2.17, 2.0, 2.59, 3.28, 3.13, 2.47, 2.61, 2.51, 2.56, 2.3, 1.94, 2.41, 2.22, 2.27, 3.31, 4.31], [14.337, 14.787, 14.97, 15.0, 15.39, 16.17, 16.35, 15.147, 13.22, 12.69, 12.35, 11.62, 10.48, 10.46, 10.51, 10.502, 10.847, 11.22, 11.66, 11.74, 11.65, 11.44, 10.76, 10.06, 10.09, 10.2, 10.259, 10.494, 10.142, 9.222, 7.79, 7.2, 7.56, 7.21, 7.3, 6.93, 6.8, 7.6, 8.01, 7.78, 8.32, 8.64, 8.38, 8.76, 9.15, 8.24, 7.12, 5.85, 5.22, 4.74, 3.01, 0, 1.31, 1.66, 1.33, 1.84, 3.64, 4.5, 4.32, 4.29, 4.1, 3.457, 3.43, 3.779, 4.26, 4.274, 3.67, 4.01, 4.22, 4.44, 4.44, 4.33, 4.4, 5.01, 5.02, 4.74, 4.7, 4.74, 4.99, 4.87, 4.59, 5.18, 4.99, 5.111, 6.171, 7.105], [14.656, 15.091, 15.3, 15.31, 15.7, 16.46, 16.64, 15.44, 13.59, 13.06, 12.7, 11.97, 10.83, 10.73, 10.86, 10.866, 11.206, 11.57, 11.99, 12.07, 12.0, 11.79, 11.17, 10.39, 10.52, 10.55, 10.612, 10.862, 10.509, 9.569, 8.14, 7.57, 7.87, 7.5, 7.57, 7.16, 6.93, 7.87, 8.42, 8.13, 8.73, 8.99, 8.73, 9.05, 9.44, 8.57, 7.51, 6.08, 5.45, 5.07, 3.56, 1.31, 0, 1.13, 1.22, 2.17, 3.91, 4.61, 4.45, 4.4, 4.25, 3.759, 3.84, 4.06, 4.602, 4.659, 4.04, 4.28, 4.43, 4.65, 4.77, 4.62, 4.59, 5.16, 5.21, 4.97, 4.97, 5.09, 5.34, 5.26, 4.98, 5.53, 5.32, 5.45, 6.475, 7.432], [15.42, 15.87, 16.067, 16.097, 16.51, 17.253, 17.433, 16.23, 14.34, 13.79, 13.43, 12.72, 11.56, 11.5, 11.61, 11.579, 11.93, 12.272, 12.74, 12.82, 12.75, 12.52, 11.86, 11.14, 11.21, 11.28, 11.379, 11.612, 11.27, 10.35, 8.89, 8.26, 8.64, 8.29, 8.34, 7.91, 7.76, 8.64, 9.13, 8.88, 9.42, 9.68, 9.46, 9.86, 10.25, 9.34, 8.24, 6.89, 6.26, 5.82, 4.23, 1.66, 1.13, 0, 1.21, 2.66, 4.5, 5.36, 5.16, 5.21, 5.08, 4.534, 4.55, 4.765, 5.357, 5.372, 4.73, 5.027, 5.194, 5.42, 5.56, 5.39, 5.38, 5.99, 5.98, 5.76, 5.74, 5.82, 6.07, 5.93, 5.73, 6.28, 6.09, 6.214, 7.274, 8.211], [15.252, 15.682, 15.913, 15.929, 16.316, 16.902, 17.045, 15.822, 13.95, 13.44, 13.26, 12.43, 11.29, 11.33, 11.451, 11.511, 11.851, 12.184, 12.69, 12.77, 12.58, 12.37, 11.81, 11.081, 11.14, 11.17, 11.129, 11.262, 11.0, 9.98, 8.5, 8.17, 8.55, 8.2, 8.05, 7.76, 7.43, 8.45, 8.94, 8.67, 9.23, 9.55, 9.17, 9.586, 9.939, 9.01, 8.03, 6.74, 6.19, 5.79, 4.0, 1.33, 1.22, 1.21, 0, 2.07, 3.97, 5.13, 4.79, 4.74, 4.73, 4.15, 4.189, 4.649, 5.23, 5.299, 4.64, 4.973, 5.19, 5.29, 5.43, 5.3, 5.23, 5.84, 5.69, 5.47, 5.41, 5.61, 6.02, 5.851, 5.611, 6.221, 6.031, 6.141, 7.161, 8.138], [13.973, 14.403, 14.63, 14.64, 15.01, 15.61, 15.71, 14.55, 12.7, 12.21, 12.03, 11.16, 9.94, 10.04, 10.11, 10.172, 10.499, 10.782, 11.379, 11.46, 11.27, 11.039, 10.48, 9.76, 9.781, 9.791, 9.81, 9.9, 9.71, 8.69, 7.23, 6.92, 7.38, 7.01, 6.74, 6.29, 5.86, 7.02, 7.75, 7.44, 7.98, 8.28, 7.88, 8.28, 8.57, 7.68, 6.74, 5.47, 4.94, 4.54, 3.31, 1.84, 2.17, 2.66, 2.07, 0, 2.38, 3.6, 3.46, 3.23, 3.22, 2.76, 2.83, 3.15, 3.92, 3.98, 3.35, 3.67, 3.82, 3.98, 4.16, 4.03, 3.82, 4.19, 4.14, 4.12, 4.12, 4.36, 4.87, 4.81, 4.53, 5.02, 4.77, 4.86, 5.86, 6.84], [12.58, 13.01, 13.23, 13.24, 13.61, 14.23, 14.41, 13.19, 11.32, 10.83, 10.63, 9.76, 8.54, 8.64, 8.71, 8.76, 9.083, 9.37, 9.97, 10.06, 9.87, 9.63, 9.08, 8.34, 8.37, 8.38, 8.41, 8.48, 8.31, 7.37, 6.11, 5.78, 6.18, 5.71, 5.48, 5.01, 4.36, 5.64, 6.41, 6.18, 6.58, 6.88, 6.48, 6.9, 7.21, 6.28, 5.34, 4.35, 3.84, 3.74, 3.35, 3.64, 3.91, 4.5, 3.97, 2.38, 0, 1.84, 1.88, 2.05, 2.42, 2.38, 2.45, 2.21, 2.9, 2.94, 2.67, 2.97, 3.0, 2.86, 3.02, 3.03, 2.98, 3.11, 3.22, 3.84, 3.92, 4.08, 4.57, 4.79, 4.59, 4.88, 4.43, 4.16, 4.84, 5.48], [10.76, 11.19, 11.41, 11.42, 11.81, 12.55, 12.75, 11.53, 9.7, 9.25, 8.85, 8.14, 6.98, 6.9, 6.95, 6.97, 7.303, 7.64, 8.147, 8.26, 8.13, 7.88, 7.28, 6.54, 6.63, 6.64, 6.77, 6.94, 6.71, 5.79, 4.61, 4.12, 4.46, 4.03, 4.1, 3.65, 3.1, 4.02, 4.73, 4.58, 4.9, 5.1, 4.86, 5.18, 5.49, 4.6, 3.7, 2.83, 2.4, 2.58, 3.07, 4.5, 4.61, 5.36, 5.13, 3.6, 1.84, 0, 1.08, 1.35, 1.7, 2.42, 2.33, 1.75, 2.1, 2.0, 1.89, 2.03, 2.04, 1.56, 1.74, 1.79, 1.52, 1.73, 2.22, 3.02, 3.28, 3.2, 3.63, 3.87, 3.77, 3.94, 3.59, 3.1, 3.28, 3.76], [10.965, 11.395, 11.63, 11.64, 12.01, 12.65, 12.85, 11.65, 9.8, 9.31, 9.01, 8.26, 7.06, 7.02, 7.13, 7.16, 7.516, 7.82, 8.341, 8.44, 8.27, 8.06, 7.48, 6.75, 6.823, 6.82, 6.93, 7.04, 6.87, 5.93, 4.61, 4.24, 4.56, 4.07, 4.0, 3.65, 3.22, 4.22, 4.85, 4.66, 5.02, 5.28, 4.94, 5.28, 5.61, 4.72, 3.74, 2.79, 2.56, 2.56, 3.09, 4.32, 4.45, 5.16, 4.79, 3.46, 1.88, 1.08, 0, 1.03, 1.7, 2.4, 2.11, 1.61, 1.92, 1.8, 1.69, 1.89, 1.84, 1.56, 1.68, 1.61, 1.44, 1.79, 2.0, 2.72, 3.0, 2.96, 3.41, 3.67, 3.61, 3.8, 3.43, 2.96, 3.24, 3.88], [10.935, 11.345, 11.562, 11.572, 11.979, 12.6, 12.74, 11.58, 9.67, 9.18, 8.96, 8.17, 6.95, 7.023, 7.099, 7.159, 7.506, 7.809, 8.343, 8.42, 8.219, 8.049, 7.489, 6.729, 6.762, 6.772, 6.826, 6.976, 6.82, 5.84, 4.46, 4.15, 4.51, 4.02, 3.83, 3.42, 3.05, 4.11, 4.78, 4.55, 4.95, 5.27, 4.81, 5.243, 5.56, 4.69, 3.67, 2.62, 2.29, 2.33, 2.8, 4.29, 4.4, 5.21, 4.74, 3.23, 2.05, 1.35, 1.03, 0, 1.25, 1.99, 1.82, 1.42, 1.85, 1.73, 1.44, 1.76, 1.71, 1.57, 1.61, 1.58, 1.41, 1.68, 1.69, 2.41, 2.71, 2.69, 3.16, 3.42, 3.36, 3.59, 3.22, 2.77, 3.11, 3.826], [10.78, 11.21, 11.43, 11.44, 11.81, 12.45, 12.63, 11.41, 9.58, 9.05, 8.81, 8.0, 6.8, 6.84, 6.93, 6.978, 7.317, 7.6, 8.18, 8.26, 8.07, 7.86, 7.3, 6.6, 6.61, 6.66, 6.69, 6.76, 6.57, 5.67, 4.47, 4.04, 4.38, 3.97, 3.74, 3.47, 3.12, 4.12, 4.65, 4.4, 4.82, 5.18, 4.88, 5.16, 5.47, 4.58, 3.6, 2.39, 1.88, 1.62, 1.97, 4.1, 4.25, 5.08, 4.73, 3.22, 2.42, 1.7, 1.7, 1.25, 0, 1.32, 1.57, 1.29, 1.56, 1.42, 1.39, 1.59, 1.64, 1.52, 1.42, 1.27, 1.44, 2.01, 1.8, 1.56, 1.88, 1.88, 2.49, 2.65, 2.67, 2.86, 2.49, 2.06, 2.84, 3.66], [11.3, 11.75, 11.93, 11.96, 12.35, 12.95, 13.09, 11.91, 10.04, 9.51, 9.33, 8.5, 7.32, 7.36, 7.43, 7.51, 7.883, 8.16, 8.7, 8.78, 8.65, 8.56, 7.8, 7.08, 7.09, 7.14, 7.13, 7.22, 6.99, 5.99, 4.73, 4.56, 4.9, 4.47, 4.28, 4.01, 3.8, 4.56, 5.11, 4.86, 5.28, 5.6, 5.26, 5.62, 5.99, 5.06, 4.1, 3.03, 2.34, 1.96, 1.85, 3.457, 3.759, 4.534, 4.15, 2.76, 2.38, 2.42, 2.4, 1.99, 1.32, 0, 1.05, 1.53, 1.56, 1.6, 1.55, 2.01, 2.26, 2.02, 1.84, 1.77, 2.14, 2.77, 2.42, 2.18, 2.12, 2.28, 2.71, 2.69, 2.55, 2.82, 2.47, 2.46, 3.36, 4.16], [11.29, 11.74, 11.92, 11.95, 12.34, 12.98, 13.12, 11.94, 10.09, 9.56, 9.34, 8.45, 7.33, 7.39, 7.38, 7.5, 7.86, 8.21, 8.71, 8.79, 8.58, 8.47, 7.75, 7.05, 7.04, 7.09, 7.06, 7.19, 6.94, 6.04, 4.76, 4.53, 4.77, 4.4, 4.25, 4.0, 3.81, 4.65, 5.12, 4.85, 5.27, 5.65, 5.25, 5.65, 6.02, 5.13, 4.13, 3.02, 2.51, 2.13, 2.08, 3.43, 3.84, 4.55, 4.189, 2.83, 2.45, 2.33, 2.11, 1.82, 1.57, 1.05, 0, 1.14, 1.43, 1.35, 1.24, 1.6, 1.91, 1.79, 1.65, 1.64, 1.91, 2.36, 2.17, 2.33, 2.19, 2.29, 2.74, 2.64, 2.44, 2.85, 2.46, 2.39, 3.23, 4.11], [11.03, 11.48, 11.66, 11.69, 12.1, 12.8, 12.98, 11.78, 9.95, 9.4, 9.08, 8.29, 7.09, 7.11, 7.14, 7.14, 7.485, 7.75, 8.35, 8.43, 8.32, 8.13, 7.45, 6.71, 6.72, 6.77, 6.88, 7.07, 6.76, 5.88, 4.56, 4.01, 4.49, 4.02, 3.89, 3.4, 3.27, 4.13, 4.84, 4.53, 5.03, 5.33, 5.01, 5.45, 5.82, 4.89, 3.83, 2.56, 2.13, 1.81, 2.26, 3.779, 4.06, 4.765, 4.649, 3.15, 2.21, 1.75, 1.61, 1.42, 1.29, 1.53, 1.14, 0, 1.13, 1.13, 0.92, 1.24, 1.31, 1.43, 1.47, 1.34, 1.23, 1.7, 1.69, 1.91, 2.09, 2.13, 2.5, 2.74, 2.58, 2.81, 2.36, 2.17, 2.95, 3.79], [10.24, 10.69, 10.89, 10.92, 11.31, 12.05, 12.23, 11.03, 9.2, 8.67, 8.31, 7.56, 6.4, 6.34, 6.39, 6.39, 6.75, 7.1, 7.6, 7.72, 7.69, 7.62, 6.76, 5.98, 5.97, 6.02, 6.19, 6.32, 6.03, 5.17, 3.89, 3.52, 3.84, 3.39, 3.4, 3.15, 3.1, 3.62, 4.15, 3.86, 4.3, 4.58, 4.46, 4.7, 5.05, 4.14, 3.08, 2.09, 1.68, 1.36, 2.19, 4.26, 4.602, 5.357, 5.23, 3.92, 2.9, 2.1, 1.92, 1.85, 1.56, 1.56, 1.43, 1.13, 0, 0.74, 1.17, 1.49, 1.6, 1.42, 1.18, 1.11, 1.34, 1.87, 1.74, 1.92, 2.1, 2.06, 2.23, 2.37, 2.25, 2.44, 2.11, 1.72, 2.26, 3.06], [10.16, 10.61, 10.79, 10.82, 11.23, 11.97, 12.15, 10.95, 9.16, 8.63, 8.27, 7.52, 6.36, 6.34, 6.31, 6.25, 6.67, 7.06, 7.54, 7.64, 7.63, 7.56, 6.64, 5.9, 5.87, 5.98, 6.13, 6.3, 6.05, 5.19, 3.89, 3.5, 3.8, 3.41, 3.46, 3.13, 3.14, 3.66, 4.11, 3.88, 4.26, 4.54, 4.42, 4.62, 4.99, 4.14, 3.04, 2.03, 1.7, 1.38, 2.03, 4.274, 4.659, 5.372, 5.299, 3.98, 2.94, 2.0, 1.8, 1.73, 1.42, 1.6, 1.35, 1.13, 0.74, 0, 0.99, 1.23, 1.2, 1.12, 0.92, 1.01, 1.24, 1.73, 1.6, 1.92, 2.1, 2.06, 2.15, 2.25, 2.11, 2.24, 1.89, 1.56, 2.16, 2.9], [10.847, 11.28, 11.46, 11.49, 11.88, 12.62, 12.8, 11.6, 9.73, 9.2, 8.84, 8.11, 6.91, 6.91, 6.94, 6.94, 7.3, 7.63, 8.13, 8.21, 8.1, 7.95, 7.25, 6.51, 6.54, 6.59, 6.72, 6.939, 6.66, 5.8, 4.44, 3.87, 4.29, 3.82, 3.85, 3.48, 3.31, 4.11, 4.68, 4.41, 4.81, 5.11, 4.83, 5.25, 5.62, 4.71, 3.65, 2.42, 2.07, 1.57, 1.98, 3.67, 4.04, 4.73, 4.64, 3.35, 2.67, 1.89, 1.69, 1.44, 1.39, 1.55, 1.24, 0.92, 1.17, 0.99, 0, 1.16, 1.31, 1.25, 1.19, 1.1, 1.13, 1.72, 1.63, 1.87, 1.99, 1.99, 2.26, 2.46, 2.28, 2.51, 2.06, 1.87, 2.69, 3.59], [10.47, 10.9, 11.16, 11.19, 11.66, 12.4, 12.58, 11.4, 9.65, 9.14, 8.76, 7.99, 6.93, 6.81, 6.82, 6.84, 7.12, 7.61, 7.93, 8.03, 8.02, 7.75, 7.09, 6.35, 6.42, 6.53, 6.58, 6.83, 6.5, 5.6, 4.34, 3.83, 3.91, 3.64, 3.83, 3.46, 3.31, 4.11, 4.58, 4.37, 4.77, 5.03, 4.81, 5.03, 5.4, 4.63, 3.57, 2.12, 1.89, 1.59, 2.2, 4.01, 4.28, 5.027, 4.973, 3.67, 2.97, 2.03, 1.89, 1.76, 1.59, 2.01, 1.6, 1.24, 1.49, 1.23, 1.16, 0, 0.65, 0.87, 1.23, 1.04, 1.19, 1.72, 1.57, 1.79, 1.89, 1.81, 2.04, 2.1, 2.1, 2.19, 1.92, 1.65, 2.37, 3.29], [10.38, 10.83, 11.05, 11.08, 11.53, 12.29, 12.47, 11.25, 9.5, 8.99, 8.59, 7.84, 6.76, 6.62, 6.67, 6.59, 6.89, 7.36, 7.7, 7.8, 7.87, 7.66, 6.92, 6.16, 6.23, 6.38, 6.45, 6.7, 6.37, 5.47, 4.15, 3.62, 3.78, 3.45, 3.6, 3.17, 3.06, 3.88, 4.43, 4.2, 4.62, 4.84, 4.66, 4.9, 5.27, 4.46, 3.4, 1.89, 1.82, 1.64, 2.43, 4.22, 4.43, 5.194, 5.19, 3.82, 3.0, 2.04, 1.84, 1.71, 1.64, 2.26, 1.91, 1.31, 1.6, 1.2, 1.31, 0.65, 0, 0.96, 1.24, 1.19, 1.2, 1.55, 1.4, 1.72, 1.96, 1.82, 1.97, 2.19, 2.27, 2.28, 1.99, 1.82, 2.32, 3.1], [10.06, 10.51, 10.77, 10.78, 11.23, 11.99, 12.17, 10.97, 9.22, 8.71, 8.31, 7.58, 6.5, 6.4, 6.43, 6.45, 6.73, 7.22, 7.56, 7.64, 7.63, 7.34, 6.72, 5.98, 6.07, 6.18, 6.23, 6.44, 6.15, 5.19, 3.89, 3.48, 3.52, 3.23, 3.44, 3.05, 2.8, 3.68, 4.15, 3.94, 4.34, 4.58, 4.38, 4.6, 4.97, 4.18, 3.12, 1.71, 1.56, 1.54, 2.37, 4.44, 4.65, 5.42, 5.29, 3.98, 2.86, 1.56, 1.56, 1.57, 1.52, 2.02, 1.79, 1.43, 1.42, 1.12, 1.25, 0.87, 0.96, 0, 0.72, 0.83, 0.92, 1.45, 1.36, 1.94, 2.2, 1.96, 2.37, 2.45, 2.47, 2.64, 2.33, 1.9, 2.16, 2.94], [9.92, 10.37, 10.57, 10.58, 10.97, 11.73, 11.91, 10.71, 8.94, 8.43, 8.03, 7.28, 6.2, 6.12, 6.15, 6.19, 6.51, 6.96, 7.34, 7.4, 7.35, 7.14, 6.46, 5.74, 5.83, 5.9, 5.95, 6.18, 5.83, 4.95, 3.69, 3.3, 3.44, 3.11, 3.24, 2.91, 2.7, 3.42, 3.91, 3.72, 4.06, 4.32, 4.08, 4.34, 4.71, 3.92, 2.9, 1.71, 1.42, 1.34, 2.17, 4.44, 4.77, 5.56, 5.43, 4.16, 3.02, 1.74, 1.68, 1.61, 1.42, 1.84, 1.65, 1.47, 1.18, 0.92, 1.19, 1.23, 1.24, 0.72, 0, 0.65, 1.02, 1.59, 1.46, 1.88, 2.08, 1.92, 2.21, 2.35, 2.33, 2.54, 2.19, 1.76, 2.08, 2.8], [10.07, 10.52, 10.72, 10.75, 11.2, 11.96, 12.16, 10.96, 9.17, 8.64, 8.26, 7.49, 6.41, 6.31, 6.38, 6.4, 6.72, 7.15, 7.49, 7.55, 7.62, 7.41, 6.69, 5.95, 6.02, 6.13, 6.206, 6.424, 6.08, 5.18, 3.92, 3.49, 3.57, 3.24, 3.39, 3.06, 2.93, 3.63, 4.12, 3.89, 4.29, 4.53, 4.33, 4.57, 4.94, 4.15, 3.07, 1.76, 1.43, 1.17, 2.0, 4.33, 4.62, 5.39, 5.3, 4.03, 3.03, 1.79, 1.61, 1.58, 1.27, 1.77, 1.64, 1.34, 1.11, 1.01, 1.1, 1.04, 1.19, 0.83, 0.65, 0, 0.93, 1.66, 1.55, 1.83, 2.01, 1.83, 2.1, 2.18, 2.14, 2.37, 2.02, 1.55, 2.03, 2.89], [10.197, 10.647, 10.83, 10.86, 11.25, 12.03, 12.21, 11.03, 9.16, 8.63, 8.25, 7.5, 6.36, 6.32, 6.41, 6.413, 6.746, 7.08, 7.58, 7.66, 7.55, 7.3, 6.7, 5.98, 6.03, 6.1, 6.19, 6.38, 6.13, 5.19, 3.79, 3.3, 3.62, 3.23, 3.24, 2.77, 2.56, 3.46, 4.07, 3.82, 4.24, 4.46, 4.24, 4.62, 5.01, 4.08, 3.02, 1.83, 1.7, 1.62, 2.59, 4.4, 4.59, 5.38, 5.23, 3.82, 2.98, 1.52, 1.44, 1.41, 1.44, 2.14, 1.91, 1.23, 1.34, 1.24, 1.13, 1.19, 1.2, 0.92, 1.02, 0.93, 0, 1.03, 1.2, 1.72, 2.0, 1.86, 2.25, 2.57, 2.57, 2.72, 2.37, 2.0, 2.24, 3.06], [9.87, 10.32, 10.52, 10.53, 10.94, 11.72, 11.9, 10.72, 8.85, 8.28, 7.96, 7.21, 5.97, 6.03, 6.117, 6.093, 6.447, 6.727, 7.27, 7.35, 7.26, 7.07, 6.39, 5.67, 5.696, 5.77, 5.9, 6.05, 5.84, 4.9, 3.52, 3.05, 3.37, 3.0, 2.89, 2.34, 2.07, 3.01, 3.74, 3.51, 3.91, 4.15, 3.97, 4.31, 4.7, 3.77, 2.87, 1.76, 2.03, 2.27, 3.28, 5.01, 5.16, 5.99, 5.84, 4.19, 3.11, 1.73, 1.79, 1.68, 2.01, 2.77, 2.36, 1.7, 1.87, 1.73, 1.72, 1.72, 1.55, 1.45, 1.59, 1.66, 1.03, 0, 1.09, 2.01, 2.45, 2.29, 2.68, 2.96, 3.06, 3.11, 2.82, 2.45, 2.33, 2.79], [9.908, 10.35, 10.53, 10.56, 10.93, 11.63, 11.83, 10.65, 8.76, 8.19, 7.93, 7.1, 5.86, 5.98, 6.058, 6.123, 6.463, 6.74, 7.311, 7.38, 7.19, 6.98, 6.42, 5.676, 5.689, 5.714, 5.79, 5.9, 5.71, 4.81, 3.41, 2.94, 3.36, 2.93, 2.72, 2.27, 1.96, 2.98, 3.75, 3.4, 3.88, 4.18, 3.8, 4.28, 4.63, 3.7, 2.72, 1.65, 1.8, 1.96, 3.13, 5.02, 5.21, 5.98, 5.69, 4.14, 3.22, 2.22, 2.0, 1.69, 1.8, 2.42, 2.17, 1.69, 1.74, 1.6, 1.63, 1.57, 1.4, 1.36, 1.46, 1.55, 1.2, 1.09, 0, 1.4, 1.68, 1.62, 2.03, 2.31, 2.57, 2.52, 2.29, 2.08, 1.94, 2.793], [10.031, 10.47, 10.67, 10.68, 11.05, 11.75, 11.95, 10.75, 8.84, 8.27, 8.05, 7.24, 6.02, 6.14, 6.201, 6.261, 6.603, 6.88, 7.46, 7.52, 7.33, 7.28, 6.6, 5.86, 5.87, 6.02, 5.97, 6.046, 5.81, 4.87, 3.63, 3.02, 3.5, 3.19, 2.94, 2.67, 2.68, 3.22, 3.79, 3.46, 4.04, 4.4, 4.26, 4.46, 4.77, 3.84, 2.8, 1.57, 1.76, 1.56, 2.47, 4.74, 4.97, 5.76, 5.47, 4.12, 3.84, 3.02, 2.72, 2.41, 1.56, 2.18, 2.33, 1.91, 1.92, 1.92, 1.87, 1.79, 1.72, 1.94, 1.88, 1.83, 1.72, 2.01, 1.4, 0, 0.74, 0.8, 1.17, 1.49, 1.81, 1.78, 1.61, 1.5, 2.16, 2.94], [10.031, 10.43, 10.65, 10.68, 11.05, 11.73, 11.93, 10.71, 8.78, 8.27, 8.03, 7.26, 6.06, 6.14, 6.204, 6.255, 6.635, 6.88, 7.46, 7.52, 7.33, 7.2, 6.58, 5.9, 5.95, 6.12, 6.07, 6.069, 5.83, 