[[0, 0.87, 1.48, 1.86, 1.5, 1.42, 2.44, 3.57, 2.98, 2.22, 2.21, 1.74, 1.65, 2.79, 6.37, 9.17, 8.68, 6.24, 4.69, 4.59, 3.74, 3.11, 2.63, 2.05, 1.98, 2.53, 3.57, 4.98, 5.57, 6.14, 7.07, 8.09, 8.69, 9.11, 9.12, 8.76, 8.7, 8.57, 8.5, 8.21, 7.96, 8.2, 8.47, 8.5, 8.32, 8.2, 8.9, 8.43, 5.88, 3.69, 3.42, 3.43, 3.9, 4.16, 3.48, 3.5, 3.67, 3.72, 3.4, 3.29, 3.0, 2.23, 2.41, 2.99, 2.52, 2.21, 2.64, 2.6, 2.39, 2.2, 1.16, 1.66, 2.04, 2.18, 2.8, 2.94, 2.95, 2.93, 3.67, 4.07, 3.2, 2.16, 1.77, 1.73, 1.55, 1.89], [0.87, 0, 1.07, 1.59, 1.43, 1.33, 2.33, 3.64, 2.97, 2.19, 1.78, 1.35, 1.48, 2.8, 6.54, 9.311, 8.889, 6.47, 4.96, 4.94, 3.99, 3.36, 2.84, 2.0, 1.95, 2.5, 3.78, 5.11, 5.78, 6.37, 7.34, 8.36, 8.94, 9.4, 9.41, 9.07, 9.01, 8.84, 8.81, 8.54, 8.27, 8.49, 8.7, 8.85, 8.69, 8.57, 9.27, 8.8, 6.19, 3.94, 3.69, 3.68, 4.23, 4.49, 3.87, 3.85, 4.0, 4.05, 3.71, 3.54, 3.31, 2.58, 2.7, 3.18, 2.47, 2.48, 2.89, 2.71, 2.6, 2.39, 1.49, 2.09, 2.33, 2.53, 3.01, 3.31, 3.26, 3.12, 3.62, 3.92, 2.95, 1.87, 1.8, 1.78, 1.7, 2.06], [1.48, 1.07, 0, 0.96, 1.22, 1.22, 1.76, 3.03, 2.54, 1.94, 1.39, 1.3, 2.03, 3.61, 7.55, 10.332, 9.919, 7.46, 5.87, 5.85, 4.9, 4.27, 3.63, 2.63, 2.52, 3.23, 4.77, 6.14, 6.81, 7.38, 8.35, 9.39, 9.97, 10.39, 10.42, 10.02, 10.0, 9.87, 9.82, 9.53, 9.28, 9.52, 9.73, 9.82, 9.66, 9.54, 10.24, 9.77, 7.12, 4.91, 4.66, 4.65, 5.16, 5.44, 4.82, 4.8, 4.93, 4.96, 4.62, 4.49, 3.94, 3.33, 3.71, 4.17, 3.46, 2.99, 3.24, 3.1, 2.97, 2.58, 1.88, 2.82, 3.256, 3.44, 3.94, 4.2, 4.226, 4.072, 4.49, 4.67, 3.7, 2.32, 2.13, 2.15, 2.27, 2.73], [1.86, 1.59, 0.96, 0, 0.96, 1.16, 1.38, 2.51, 2.4, 2.04, 1.67, 1.62, 2.41, 4.09, 7.93, 10.752, 10.336, 7.9, 6.29, 6.33, 5.36, 4.77, 4.11, 3.09, 3.1, 3.65, 5.21, 6.54, 7.21, 7.8, 8.77, 9.81, 10.41, 10.85, 10.84, 10.48, 10.44, 10.29, 10.24, 9.97, 9.7, 9.94, 10.15, 10.28, 10.14, 10.02, 10.72, 10.25, 7.6, 5.35, 5.1, 5.09, 5.62, 5.9, 5.28, 5.26, 5.39, 5.42, 5.08, 4.91, 4.3, 3.69, 4.09, 4.57, 3.88, 3.35, 3.5, 3.3, 3.13, 2.78, 2.16, 3.24, 3.693, 3.88, 4.38, 4.68, 4.694, 4.543, 4.87, 5.09, 4.12, 2.82, 2.41, 2.39, 2.51, 3.03], [1.5, 1.43, 1.22, 0.96, 0, 0.56, 1.28, 2.53, 2.1, 1.76, 1.67, 1.56, 2.25, 3.77, 7.49, 10.31, 9.9, 7.44, 5.85, 5.83, 4.96, 4.31, 3.73, 2.91, 2.9, 3.33, 4.77, 6.1, 6.77, 7.34, 8.27, 9.33, 9.95, 10.37, 10.38, 9.98, 9.94, 9.81, 9.76, 9.47, 9.22, 9.46, 9.67, 9.8, 9.66, 9.54, 10.24, 9.77, 7.12, 4.85, 4.62, 4.67, 5.14, 5.4, 4.8, 4.76, 4.87, 4.9, 4.58, 4.41, 3.82, 3.37, 3.69, 4.13, 3.5, 3.07, 3.08, 3.08, 2.83, 2.38, 1.66, 2.82, 3.236, 3.42, 3.92, 4.2, 4.223, 4.15, 4.63, 5.03, 4.06, 2.74, 2.21, 1.95, 2.05, 2.49], [1.42, 1.33, 1.22, 1.16, 0.56, 0, 1.36, 2.75, 2.28, 1.64, 1.69, 1.6, 2.19, 3.59, 7.23, 10.05, 9.56, 7.3, 5.79, 5.71, 4.9, 4.25, 3.67, 2.93, 2.96, 3.33, 4.63, 5.78, 6.45, 7.04, 7.99, 9.05, 9.65, 10.13, 10.08, 9.76, 9.72, 9.55, 9.52, 9.25, 8.98, 9.18, 9.41, 9.56, 9.42, 9.3, 10.0, 9.53, 6.88, 4.55, 4.44, 4.45, 4.9, 5.18, 4.56, 4.54, 4.69, 4.7, 4.36, 4.15, 3.52, 3.13, 3.41, 3.81, 3.2, 2.89, 2.94, 2.98, 2.73, 2.34, 1.62, 2.58, 2.96, 3.12, 3.66, 3.96, 3.99, 3.97, 4.55, 4.97, 4.02, 2.68, 2.19, 1.89, 1.85, 2.31], [2.44, 2.33, 1.76, 1.38, 1.28, 1.36, 0, 1.57, 1.26, 1.58, 1.61, 2.12, 3.03, 4.47, 8.43, 11.33, 10.88, 8.38, 6.81, 6.83, 5.84, 5.23, 4.57, 3.71, 3.72, 4.19, 5.65, 7.06, 7.73, 8.32, 9.27, 10.33, 10.93, 11.39, 11.36, 11.02, 10.98, 10.81, 10.78, 10.51, 10.24, 10.46, 10.67, 10.82, 10.68, 10.56, 11.26, 10.79, 8.14, 5.83, 5.6, 5.63, 6.16, 6.44, 5.82, 5.8, 5.91, 5.94, 5.62, 5.41, 4.78, 4.21, 4.61, 5.05, 4.46, 3.67, 3.22, 3.22, 2.75, 2.1, 2.1, 3.748, 4.208, 4.4, 4.92, 5.22, 5.25, 5.15, 5.43, 5.87, 4.92, 3.52, 2.51, 2.11, 2.81, 3.41], [3.57, 3.64, 3.03, 2.51, 2.53, 2.75, 1.57, 0, 0.95, 2.13, 2.46, 3.21, 4.18, 5.68, 9.84, 12.66, 12.15, 9.57, 7.94, 7.92, 6.95, 6.3, 5.52, 4.52, 4.57, 5.34, 6.82, 8.41, 9.02, 9.55, 10.44, 11.5, 12.1, 12.52, 12.53, 12.13, 12.11, 11.98, 11.93, 11.64, 11.39, 11.63, 11.88, 11.93, 11.77, 11.65, 12.35, 11.88, 9.23, 7.0, 6.75, 6.78, 7.25, 7.53, 6.91, 6.89, 7.0, 7.03, 6.73, 6.6, 5.97, 5.3, 5.84, 6.46, 5.87, 4.54, 3.75, 3.63, 3.36, 2.67, 3.23, 4.87, 5.47, 5.61, 6.25, 6.39, 6.38, 6.4, 6.74, 7.02, 6.03, 4.67, 3.42, 3.42, 4.2, 4.754], [2.98, 2.97, 2.54, 2.4, 2.1, 2.28, 1.26, 0.95, 0, 1.8, 2.19, 3.04, 3.97, 5.29, 9.11, 11.95, 11.5, 8.94, 7.41, 7.37, 6.46, 5.79, 5.21, 4.39, 4.46, 4.83, 6.25, 7.72, 8.33, 8.9, 9.83, 10.89, 11.49, 11.91, 11.92, 11.54, 11.5, 11.37, 11.32, 11.03, 10.78, 11.02, 11.25, 11.34, 11.2, 11.08, 11.78, 11.31, 8.66, 6.39, 6.14, 6.17, 6.68, 6.96, 6.34, 6.32, 6.43, 6.46, 6.14, 5.97, 5.34, 4.73, 5.23, 5.75, 5.16, 3.89, 3.1, 3.04, 2.97, 2.38, 2.6, 4.28, 4.8, 4.98, 5.52, 5.76, 5.77, 5.75, 6.29, 6.73, 5.76, 4.44, 3.27, 2.87, 3.53, 4.09], [2.22, 2.19, 1.94, 2.04, 1.76, 1.64, 1.58, 2.13, 1.8, 0, 1.19, 1.86, 2.61, 4.01, 8.03, 10.89, 10.46, 8.02, 6.39, 6.47, 5.52, 4.91, 4.11, 3.43, 3.4, 4.03, 5.21, 6.62, 7.33, 7.9, 8.79, 9.85, 10.53, 11.01, 10.9, 10.6, 10.54, 10.41, 10.38, 10.11, 9.84, 10.04, 10.27, 10.44, 10.3, 10.18, 10.88, 10.41, 7.76, 5.41, 5.22, 5.25, 5.78, 6.04, 5.44, 5.4, 5.51, 5.52, 5.2, 4.97, 4.28, 3.81, 4.21, 4.67, 4.02, 3.03, 2.48, 2.36, 1.99, 1.7, 1.94, 3.356, 3.84, 4.02, 4.56, 4.84, 4.87, 4.87, 5.03, 5.31, 4.56, 3.18, 2.11, 1.95, 2.47, 3.01], [2.21, 1.78, 1.39, 1.67, 1.67, 1.69, 1.61, 2.46, 2.19, 1.19, 0, 1.23, 2.24, 3.96, 8.12, 10.968, 10.526, 8.07, 6.44, 6.54, 5.53, 4.92, 4.04, 2.82, 3.07, 3.78, 5.34, 6.75, 7.42, 8.01, 8.94, 10.0, 10.62, 11.1, 11.05, 10.69, 10.63, 10.5, 10.47, 10.2, 9.93, 10.13, 10.36, 10.53, 10.39, 10.27, 10.97, 10.5, 7.85, 5.52, 5.31, 5.34, 5.87, 6.13, 5.53, 5.49, 5.6, 5.61, 5.29, 5.04, 4.43, 3.9, 4.3, 4.76, 4.05, 3.08, 2.79, 2.63, 2.2, 1.75, 1.87, 3.455, 3.93, 4.09, 4.63, 4.93, 4.945, 4.808, 4.837, 4.8, 3.77, 2.43, 1.88, 1.96, 2.48, 3.06], [1.74, 1.35, 1.3, 1.62, 1.56, 1.6, 2.12, 3.21, 3.04, 1.86, 1.23, 0, 1.29, 3.17, 7.49, 10.346, 9.788, 7.48, 5.85, 5.95, 4.94, 4.33, 3.43, 2.29, 2.28, 3.37, 4.69, 6.12, 6.83, 7.4, 8.27, 9.35, 10.03, 10.51, 10.4, 10.1, 10.04, 9.91, 9.88, 9.61, 9.34, 9.54, 9.77, 9.94, 9.8, 9.68, 10.38, 9.91, 7.26, 4.93, 4.76, 4.75, 5.28, 5.54, 4.94, 4.9, 5.03, 5.02, 4.7, 4.47, 3.96, 3.51, 3.69, 4.09, 3.28, 3.07, 3.32, 3.12, 2.67, 2.14, 1.94, 3.02, 3.313, 3.49, 4.02, 4.33, 4.343, 4.186, 4.073, 4.09, 3.22, 1.78, 1.67, 1.87, 2.23, 2.61], [1.65, 1.48, 2.03, 2.41, 2.25, 2.19, 3.03, 4.18, 3.97, 2.61, 2.24, 1.29, 0, 2.02, 6.333, 9.196, 8.65, 6.33, 4.7, 4.8, 3.79, 3.22, 2.44, 1.64, 1.55, 2.46, 3.64, 4.99, 5.68, 6.25, 7.16, 8.22, 8.88, 9.36, 9.25, 8.99, 8.95, 8.78, 8.75, 8.48, 8.21, 8.41, 8.64, 8.79, 8.69, 8.53, 9.23, 8.76, 6.11, 3.9, 3.77, 3.66, 4.15, 4.43, 3.87, 3.89, 4.12, 4.11, 3.73, 3.7, 3.53, 3.0, 2.8, 3.02, 2.65, 3.12, 3.51, 3.23, 2.78, 2.55, 2.07, 2.27, 2.37, 2.45, 2.97, 3.21, 3.193, 3.056, 2.96, 3.04, 2.19, 1.27, 1.6, 1.9, 1.84, 2.06], [2.79, 2.8, 3.61, 4.09, 3.77, 3.59, 4.47, 5.68, 5.29, 4.01, 3.96, 3.17, 2.02, 0, 4.4, 7.28, 6.75, 4.35, 2.82, 2.98, 2.27, 1.8, 1.48, 1.78, 1.71, 1.74, 2.2, 3.37, 4.06, 4.55, 5.3, 6.26, 6.88, 7.38, 7.33, 7.09, 6.99, 6.82, 6.75, 6.48, 6.23, 6.51, 6.74, 7.07, 7.11, 6.81, 7.35, 6.9, 4.47, 2.74, 2.45, 2.4, 3.07, 3.03, 2.83, 3.05, 3.28, 3.33, 3.25, 3.32, 3.67, 3.04, 2.32, 2.28, 2.55, 3.34, 4.03, 3.93, 3.68, 3.87, 3.09, 2.57, 2.31, 2.25, 2.55, 2.57, 2.14, 1.72, 1.74, 1.98, 1.83, 2.23, 2.88, 2.9, 2.58, 2.48], [6.37, 6.54, 7.55, 7.93, 7.49, 7.23, 8.43, 9.84, 9.11, 8.03, 8.12, 7.49, 6.333, 4.4, 0, 2.94, 2.77, 1.57, 2.04, 2.18, 3.11, 3.82, 4.7, 5.78, 5.79, 4.64, 3.26, 2.79, 2.98, 2.97, 3.2, 3.36, 3.66, 4.12, 4.27, 4.21, 4.31, 4.38, 4.31, 4.18, 4.11, 4.07, 4.14, 4.61, 5.09, 4.71, 4.73, 4.54, 3.91, 3.7, 3.65, 3.78, 3.97, 3.93, 4.71, 4.67, 4.68, 4.45, 4.29, 4.58, 5.43, 5.06, 4.14, 3.68, 4.73, 5.64, 6.71, 6.69, 6.7, 7.39, 6.73, 5.41, 4.91, 4.81, 4.75, 4.57, 4.38, 3.82, 3.58, 3.98, 5.19, 6.23, 6.86, 6.62, 5.82, 5.3], [9.17, 9.311, 10.332, 10.752, 10.31, 10.05, 11.33, 12.66, 11.95, 10.89, 10.968, 10.346, 9.196, 7.28, 2.94, 0, 1.31, 3.13, 4.76, 4.88, 5.93, 6.64, 7.52, 8.597, 8.607, 7.46, 6.08, 4.49, 3.98, 3.81, 3.94, 3.54, 3.54, 3.58, 3.59, 3.79, 4.19, 4.34, 4.15, 4.04, 4.15, 3.93, 3.92, 4.37, 4.93, 4.41, 4.37, 4.54, 4.87, 6.28, 6.41, 6.44, 6.17, 5.87, 6.61, 6.53, 6.38, 6.23, 6.35, 6.48, 7.35, 7.58, 6.88, 6.4, 7.17, 8.18, 9.31, 9.447, 9.48, 10.21, 9.55, 8.09, 7.43, 7.07, 6.63, 6.55, 6.48, 6.4, 6.4, 6.78, 8.01, 9.09, 9.68, 9.5, 8.66, 8.14], [8.68, 8.889, 9.919, 10.336, 9.9, 9.56, 10.88, 12.15, 11.5, 10.46, 10.526, 9.788, 8.65, 6.75, 2.77, 1.31, 0, 2.72, 4.39, 4.45, 5.5, 6.23, 7.09, 8.09, 8.1, 6.97, 5.61, 4.4, 4.01, 3.76, 3.65, 3.57, 3.83, 4.09, 4.22, 4.48, 4.94, 5.15, 4.96, 4.83, 4.94, 4.74, 4.61, 5.1, 5.7, 5.18, 5.1, 5.33, 5.66, 6.05, 6.08, 6.15, 6.0, 5.86, 6.62, 6.56, 6.53, 6.3, 6.22, 6.53, 7.3, 7.23, 6.43, 6.11, 6.88, 7.77, 8.86, 8.98, 8.97, 9.8, 9.08, 7.74, 7.18, 6.84, 6.7, 6.6, 6.45, 6.01, 5.91, 6.25, 7.58, 8.62, 9.17, 8.97, 8.23, 7.67], [6.24, 6.47, 7.46, 7.9, 7.44, 7.3, 8.38, 9.57, 8.94, 8.02, 8.07, 7.48, 6.33, 4.35, 1.57, 3.13, 2.72, 0, 1.79, 1.95, 2.9, 3.55, 4.43, 5.51, 5.52, 4.43, 3.05, 3.16, 3.41, 3.12, 3.03, 3.53, 3.85, 4.27, 4.4, 4.54, 4.66, 4.75, 4.64, 4.51, 4.5, 4.5, 4.57, 5.0, 5.54, 5.08, 5.14, 4.93, 4.62, 4.19, 3.66, 3.85, 4.12, 4.18, 4.76, 4.86, 4.85, 4.66, 4.6, 4.99, 5.68, 5.07, 4.13, 3.99, 5.06, 5.63, 6.72, 6.62, 6.65, 7.24, 6.52, 5.52, 5.1, 4.94, 5.04, 4.8, 4.57, 3.91, 3.77, 4.13, 5.28, 6.3, 6.79, 6.69, 5.97, 5.49], [4.69, 4.96, 5.87, 6.29, 5.85, 5.79, 6.81, 7.94, 7.41, 6.39, 6.44, 5.85, 4.7, 2.82, 2.04, 4.76, 4.39, 1.79, 0, 0.6, 1.29, 2.02, 2.76, 3.88, 3.89, 2.8, 1.94, 2.49, 2.84, 2.93, 3.0, 3.88, 4.5, 4.88, 4.91, 4.57, 4.73, 4.86, 4.75, 4.56, 4.43, 4.45, 4.6, 4.99, 5.31, 5.07, 5.17, 4.8, 3.89, 3.4, 2.79, 2.94, 3.25, 3.35, 3.69, 3.79, 3.92, 3.71, 3.67, 4.18, 4.79, 3.96, 2.96, 2.92, 3.71, 4.38, 5.41, 5.23, 5.22, 5.65, 5.01, 4.05, 3.75, 3.67, 3.89, 3.61, 3.36, 2.66, 2.54, 2.74, 3.69, 4.71, 5.26, 5.16, 4.5, 4.12], [4.59, 4.94, 5.85, 6.33, 5.83, 5.71, 6.83, 7.92, 7.37, 6.47, 6.54, 5.95, 4.8, 2.98, 2.18, 4.88, 4.45, 1.95, 0.6, 0, 1.15, 1.82, 2.68, 3.84, 3.89, 2.78, 1.92, 2.51, 2.8, 2.87, 2.8, 3.7, 4.36, 4.74, 4.81, 4.47, 4.51, 4.66, 4.53, 4.4, 4.31, 4.29, 4.48, 4.81, 5.15, 4.79, 4.91, 4.58, 3.73, 3.3, 2.69, 2.84, 3.11, 3.25, 3.55, 3.61, 3.78, 3.59, 3.61, 4.14, 4.75, 3.86, 2.84, 2.94, 3.75, 4.42, 5.33, 5.31, 5.28, 5.71, 4.87, 3.93, 3.69, 3.61, 3.89, 3.57, 3.3, 2.72, 2.78, 3.02, 3.81, 4.83, 5.36, 5.24, 4.54, 4.1], [3.74, 3.99, 4.9, 5.36, 4.96, 4.9, 5.84, 6.95, 6.46, 5.52, 5.53, 4.94, 3.79, 2.27, 3.11, 5.93, 5.5, 2.9, 1.29, 1.15, 0, 0.93, 1.77, 2.81, 2.9, 2.05, 1.59, 2.7, 3.13, 3.5, 3.71, 4.69, 5.31, 5.69, 5.68, 5.32, 5.4, 5.47, 5.38, 5.15, 4.98, 5.02, 5.29, 5.64, 5.8, 5.6, 5.74, 5.39, 3.62, 2.89, 2.22, 2.27, 2.7, 2.84, 3.14, 3.16, 3.33, 3.14, 3.18, 3.73, 4.34, 3.45, 2.43, 2.53, 3.3, 3.97, 4.68, 4.66, 4.53, 4.76, 3.96, 3.28, 3.12, 3.06, 3.36, 3.08, 2.81, 2.17, 2.27, 2.51, 2.96, 3.88, 4.45, 4.35, 3.87, 3.47], [3.11, 3.36, 4.27, 4.77, 4.31, 4.25, 5.23, 6.3, 5.79, 4.91, 4.92, 4.33, 3.22, 1.8, 3.82, 6.64, 6.23, 3.55, 2.02, 1.82, 0.93, 0, 1.14, 2.26, 2.31, 1.54, 1.38, 2.61, 3.12, 3.73, 4.26, 5.26, 5.84, 6.26, 6.31, 5.93, 5.87, 5.8, 5.69, 5.44, 5.23, 5.41, 5.74, 5.91, 5.95, 5.73, 6.15, 5.72, 3.35, 2.44, 1.79, 1.86, 2.31, 2.51, 2.73, 2.69, 2.88, 2.71, 2.77, 3.34, 3.89, 3.02, 2.18, 2.22, 2.99, 3.62, 4.39, 4.41, 4.28, 4.39, 3.39, 2.83, 2.67, 2.77, 3.03, 2.85, 2.44, 1.92, 2.2, 2.48, 2.47, 3.33, 3.88, 3.76, 3.36, 3.12], [2.63, 2.84, 3.63, 4.11, 3.73, 3.67, 4.57, 5.52, 5.21, 4.11, 4.04, 3.43, 2.44, 1.48, 4.7, 7.52, 7.09, 4.43, 2.76, 2.68, 1.77, 1.14, 0, 1.5, 1.51, 1.14, 1.58, 3.21, 3.76, 4.31, 5.02, 6.06, 6.68, 7.1, 7.13, 6.73, 6.63, 6.54, 6.49, 6.2, 5.97, 6.21, 6.48, 6.63, 6.47, 6.27, 6.95, 6.48, 3.85, 2.26, 1.67, 1.66, 2.19, 2.43, 2.29, 2.29, 2.48, 2.29, 2.31, 2.8, 3.33, 2.62, 1.8, 1.88, 2.47, 3.22, 3.95, 3.81, 3.6, 3.67, 2.95, 2.41, 2.33, 2.45, 2.93, 2.89, 2.42, 2.0, 2.26, 2.46, 2.07, 2.53, 3.12, 3.16, 2.82, 2.68], [2.05, 2.0, 2.63, 3.09, 2.91, 2.93, 3.71, 4.52, 4.39, 3.43, 2.82, 2.29, 1.64, 1.78, 5.78, 8.597, 8.09, 5.51, 3.88, 3.84, 2.81, 2.26, 1.5, 0, 0.89, 1.36, 2.76, 4.35, 4.96, 5.49, 6.38, 7.42, 8.04, 8.46, 8.45, 8.03, 8.01, 7.9, 7.83, 7.54, 7.29, 7.53, 7.8, 7.87, 7.67, 7.57, 8.25, 7.78, 5.15, 3.06, 2.81, 2.76, 3.25, 3.43, 2.95, 2.91, 3.08, 3.09, 2.99, 3.02, 3.41, 2.6, 1.98, 2.46, 2.49, 2.96, 3.51, 3.31, 3.08, 3.05, 2.39, 2.47, 2.45, 2.53, 2.99, 3.05, 2.66, 2.4, 2.72, 2.66, 1.79, 1.79, 2.32, 2.54, 2.28, 2.44], [1.98, 1.95, 2.52, 3.1, 2.9, 2.96, 3.72, 4.57, 4.46, 3.4, 3.07, 2.28, 1.55, 1.71, 5.79, 8.607, 8.1, 5.52, 3.89, 3.89, 2.9, 2.31, 1.51, 0.89, 0, 1.65, 2.81, 4.36, 4.97, 5.52, 6.45, 7.47, 8.09, 8.51, 8.52, 8.1, 8.08, 7.95, 7.88, 7.59, 7.34, 7.58, 7.83, 7.9, 7.72, 7.62, 8.3, 7.83, 5.24, 3.11, 2.84, 2.81, 3.28, 3.5, 2.98, 2.86, 3.11, 3.14, 2.98, 3.03, 3.38, 2.59, 2.07, 2.49, 2.42, 2.95, 3.5, 3.26, 3.13, 3.12, 2.34, 2.36, 2.3, 2.36, 2.8, 2.92, 2.55, 2.41, 2.71, 2.87, 2.0, 1.7, 2.19, 2.43, 2.23, 2.27], [2.53, 2.5, 3.23, 3.65, 3.33, 3.33, 4.19, 5.34, 4.83, 4.03, 3.78, 3.37, 2.46, 1.74, 4.64, 7.46, 6.97, 4.43, 2.8, 2.78, 2.05, 1.54, 1.14, 1.36, 1.65, 0, 1.72, 3.21, 3.8, 4.37, 5.3, 6.32, 6.92, 7.34, 7.35, 6.97, 6.93, 6.8, 6.73, 6.44, 6.19, 6.43, 6.66, 6.75, 6.61, 6.49, 7.19, 6.72, 4.13, 2.68, 2.15, 2.16, 2.69, 2.87, 2.77, 2.75, 2.84, 2.75, 2.59, 3.0, 3.57, 2.76, 1.7, 2.1, 2.57, 3.1, 3.89, 3.85, 3.7, 3.79, 2.93, 2.75, 2.55, 2.67, 3.13, 3.23, 2.76, 2.1, 2.26, 2.44, 2.21, 2.65, 3.26, 3.12, 2.76, 2.76], [3.57, 3.78, 4.77, 5.21, 4.77, 4.63, 5.65, 6.82, 6.25, 5.21, 5.34, 4.69, 3.64, 2.2, 3.26, 6.08, 5.61, 3.05, 1.94, 1.92, 1.59, 1.38, 1.58, 2.76, 2.81, 1.72, 0, 1.77, 2.4, 2.91, 3.76, 4.72, 5.36, 5.84, 5.79, 5.57, 5.45, 5.28, 5.25, 4.98, 4.71, 4.91, 5.2, 5.33, 5.15, 5.01, 5.71, 5.24, 2.99, 1.98, 1.41, 1.58, 2.01, 2.05, 2.47, 2.51, 2.52, 2.35, 2.25, 2.62, 3.21, 2.58, 1.68, 1.8, 2.57, 3.2, 4.33, 4.23, 4.16, 4.51, 3.85, 3.13, 2.81, 2.91, 3.39, 3.29, 3.06, 2.52, 2.32, 2.54, 3.07, 3.69, 4.14, 4.04, 3.46, 3.08], [4.98, 5.11, 6.14, 6.54, 6.1, 5.78, 7.06, 8.41, 7.72, 6.62, 6.75, 6.12, 4.99, 3.37, 2.79, 4.49, 4.4, 3.16, 2.49, 2.51, 2.7, 2.61, 3.21, 4.35, 4.36, 3.21, 1.77, 0, 1.05, 1.64, 2.75, 3.49, 4.01, 4.45, 4.38, 4.1, 4.06, 3.89, 3.84, 3.57, 3.3, 3.5, 3.71, 3.88, 3.94, 3.7, 4.28, 3.81, 2.0, 2.17, 2.06, 2.11, 1.94, 1.84, 2.52, 2.52, 2.51, 2.32, 2.28, 2.65, 3.24, 3.27, 2.73, 2.21, 3.0, 4.01, 5.12, 5.24, 5.21, 5.96, 5.3, 4.0, 3.5, 3.32, 3.14, 3.24, 3.29, 3.33, 3.31, 3.47, 4.16, 5.06, 5.65, 5.43, 4.71, 4.17], [5.57, 5.78, 6.81, 7.21, 6.77, 6.45, 7.73, 9.02, 8.33, 7.33, 7.42, 6.83, 5.68, 4.06, 2.98, 3.98, 4.01, 3.41, 2.84, 2.8, 3.13, 3.12, 3.76, 4.96, 4.97, 3.8, 2.4, 1.05, 0, 1.13, 2.4, 2.74, 3.28, 3.74, 3.69, 3.37, 3.33, 3.16, 3.11, 2.92, 2.67, 2.77, 2.98, 3.15, 3.31, 3.09, 3.57, 3.08, 1.97, 2.64, 2.59, 2.66, 2.45, 2.17, 2.87, 2.69, 2.72, 2.49, 2.57, 2.72, 3.57, 3.8, 3.3, 2.92, 3.75, 4.64, 5.73, 5.87, 5.84, 6.63, 5.93, 4.57, 4.07, 3.85, 3.59, 3.65, 3.8, 3.88, 3.94, 4.08, 4.81, 5.75, 6.34, 6.16, 5.4, 4.88], [6.14, 6.37, 7.38, 7.8, 7.34, 7.04, 8.32, 9.55, 8.9, 7.9, 8.01, 7.4, 6.25, 4.55, 2.97, 3.81, 3.76, 3.12, 2.93, 2.87, 3.5, 3.73, 4.31, 5.49, 5.52, 4.37, 2.91, 1.64, 1.13, 0, 1.45, 2.05, 2.65, 3.13, 3.06, 2.78, 2.82, 2.63, 2.58, 2.33, 2.16, 2.2, 2.45, 2.64, 2.76, 2.48, 3.04, 2.67, 2.36, 3.13, 3.16, 3.13, 2.94, 2.56, 3.08, 2.92, 3.01, 2.72, 3.06, 3.19, 3.82, 4.35, 3.85, 3.47, 4.26, 5.25, 6.32, 6.46, 6.39, 7.18, 6.48, 5.12, 4.58, 4.36, 4.04, 4.06, 4.21, 4.43, 4.53, 4.63, 5.46, 6.38, 6.91, 6.75, 5.97, 5.47], [7.07, 7.34, 8.35, 8.77, 8.27, 7.99, 9.27, 10.44, 9.83, 8.79, 8.94, 8.27, 7.16, 5.3, 3.2, 3.94, 3.65, 3.03, 3.0, 2.8, 3.71, 4.26, 5.02, 6.38, 6.45, 5.3, 3.76, 2.75, 2.4, 1.45, 0, 1.22, 1.84, 2.32, 2.29, 2.19, 2.37, 2.6, 2.53, 2.42, 2.41, 2.11, 2.18, 2.67, 3.19, 2.77, 2.69, 2.8, 3.11, 4.04, 3.87, 3.92, 3.55, 3.29, 3.65, 3.83, 3.92, 3.73, 4.03, 4.38, 4.71, 5.24, 4.8, 4.46, 5.21, 6.24, 7.31, 7.43, 7.34, 8.11, 7.41, 5.85, 5.47, 5.27, 4.87, 4.65, 4.88, 5.02, 5.06, 5.24, 6.33, 7.37, 7.78, 7.7, 6.94, 6.38], [8.09, 8.36, 9.39, 9.81, 9.33, 9.05, 10.33, 11.5, 10.89, 9.85, 10.0, 9.35, 8.22, 6.26, 3.36, 3.54, 3.57, 3.53, 3.88, 3.7, 4.69, 5.26, 6.06, 7.42, 7.47, 6.32, 4.72, 3.49, 2.74, 2.05, 1.22, 0, 0.86, 1.26, 1.43, 1.67, 1.67, 1.9, 1.87, 1.86, 1.97, 1.71, 1.94, 2.39, 2.97, 2.43, 2.23, 2.38, 3.25, 4.6, 4.77, 4.74, 4.27, 4.03, 4.65, 4.69, 4.56, 4.51, 4.79, 5.0, 5.59, 6.22, 5.8, 5.46, 6.23, 7.22, 8.35, 8.47, 8.38, 9.15, 8.43, 6.85, 6.47, 6.29, 5.85, 5.63, 5.74, 5.86, 5.88, 6.2, 7.35, 8.39, 8.82, 8.72, 7.96, 7.42], [8.69, 8.94, 9.97, 10.41, 9.95, 9.65, 10.93, 12.1, 11.49, 10.53, 10.62, 10.03, 8.88, 6.88, 3.66, 3.54, 3.83, 3.85, 4.5, 4.36, 5.31, 5.84, 6.68, 8.04, 8.09, 6.92, 5.36, 4.01, 3.28, 2.65, 1.84, 0.86, 0, 0.76, 1.29, 1.63, 1.63, 1.82, 1.77, 1.76, 1.89, 1.71, 1.94, 2.31, 2.93, 2.41, 2.15, 2.38, 3.45, 5.14, 5.35, 5.32, 4.85, 4.65, 5.25, 5.31, 5.16, 5.13, 5.41, 5.6, 6.25, 6.84, 6.4, 6.04, 6.85, 7.8, 8.93, 9.05, 9.02, 9.77, 9.01, 7.41, 7.01, 6.85, 6.39, 6.17, 6.3, 6.4, 6.44, 6.78, 7.91, 8.95, 9.44, 9.32, 8.54, 8.04], [9.11, 9.4, 10.39, 10.85, 10.37, 10.13, 11.39, 12.52, 11.91, 11.01, 11.1, 10.51, 9.36, 7.38, 4.12, 3.58, 4.09, 4.27, 4.88, 4.74, 5.69, 6.26, 7.1, 8.46, 8.51, 7.34, 5.84, 4.45, 3.74, 3.13, 2.32, 1.26, 0.76, 0, 0.93, 1.41, 1.41, 1.62, 1.61, 1.66, 1.87, 1.71, 1.86, 2.17, 2.77, 2.23, 1.95, 2.24, 3.63, 5.62, 5.79, 5.76, 5.27, 5.07, 5.67, 5.73, 5.58, 5.55, 5.83, 6.06, 6.73, 7.26, 6.9, 6.54, 7.35, 8.22, 9.37, 9.49, 9.5, 10.21, 9.43, 7.85, 7.51, 7.35, 6.89, 6.63, 6.74, 6.84, 6.94, 7.28, 8.41, 9.43, 9.94, 9.82, 9.04, 8.54], [9.12, 9.41, 10.42, 10.84, 10.38, 10.08, 11.36, 12.53, 11.92, 10.9, 11.05, 10.4, 9.25, 7.33, 4.27, 3.59, 4.22, 4.4, 4.91, 4.81, 5.68, 6.31, 7.13, 8.45, 8.52, 7.35, 5.79, 4.38, 3.69, 3.06, 2.29, 1.43, 1.29, 0.93, 0, 0.88, 1.08, 1.27, 1.26, 1.33, 1.52, 1.2, 1.33, 1.68, 2.18, 1.74, 1.5, 1.81, 3.44, 5.67, 5.86, 5.83, 5.38, 5.1, 5.72, 5.76, 5.65, 5.56, 5.84, 6.03, 6.64, 7.31, 6.85, 6.53, 7.28, 8.25, 9.36, 9.48, 9.43, 10.2, 9.46, 7.92, 7.54, 7.36, 6.92, 6.7, 6.83, 6.93, 6.95, 7.23, 8.4, 9.44, 9.89, 9.79, 9.03, 8.49], [8.76, 9.07, 10.02, 10.48, 9.98, 9.76, 11.02, 12.13, 11.54, 10.6, 10.69, 10.1, 8.99, 7.09, 4.21, 3.79, 4.48, 4.54, 4.57, 4.47, 5.32, 5.93, 6.73, 8.03, 8.1, 6.97, 5.57, 4.1, 3.37, 2.78, 2.19, 1.67, 1.63, 1.41, 0.88, 0, 0.84, 1.25, 1.18, 1.23, 1.4, 1.0, 0.85, 1.12, 1.68, 1.3, 1.1, 1.43, 3.14, 5.43, 5.58, 5.55, 5.08, 4.74, 5.4, 5.36, 5.25, 5.14, 5.42, 5.67, 6.34, 6.89, 6.55, 6.23, 7.02, 7.87, 9.0, 9.12, 9.11, 9.8, 9.08, 7.54, 7.22, 7.04, 6.62, 6.36, 6.51, 6.61, 6.75, 7.01, 8.08, 9.1, 9.65, 9.51, 8.73, 8.23], [8.7, 9.01, 10.0, 10.44, 9.94, 9.72, 10.98, 12.11, 11.5, 10.54, 10.63, 10.04, 8.95, 6.99, 4.31, 4.19, 4.94, 4.66, 4.73, 4.51, 5.4, 5.87, 6.63, 8.01, 8.08, 6.93, 5.45, 4.06, 3.33, 2.82, 2.37, 1.67, 1.63, 1.41, 1.08, 0.84, 0, 0.69, 0.88, 0.97, 1.1, 0.88, 0.93, 1.14, 1.66, 1.18, 1.14, 1.17, 2.96, 5.23, 5.4, 5.37, 4.86, 4.64, 5.26, 5.3, 5.15, 5.1, 5.38, 5.59, 6.26, 6.83, 6.49, 6.15, 6.96, 7.83, 8.98, 9.1, 9.07, 9.76, 9.04, 7.46, 7.12, 6.96, 6.52, 6.26, 6.41, 6.53, 6.69, 6.93, 8.02, 9.04, 9.55, 9.43, 8.65, 8.15], [8.57, 8.84, 9.87, 10.29, 9.81, 9.55, 10.81, 11.98, 11.37, 10.41, 10.5, 9.91, 8.78, 6.82, 4.38, 4.34, 5.15, 4.75, 4.86, 4.66, 5.47, 5.8, 6.54, 7.9, 7.95, 6.8, 5.28, 3.89, 3.16, 2.63, 2.6, 1.9, 1.82, 1.62, 1.27, 1.25, 0.69, 0, 0.59, 0.74, 0.89, 0.83, 1.16, 1.25, 1.57, 1.29, 1.27, 1.12, 2.83, 5.1, 5.25, 5.22, 4.77, 4.51, 5.13, 5.17, 5.02, 4.99, 5.27, 5.46, 6.13, 6.7, 6.3, 5.96, 6.77, 7.7, 8.83, 8.95, 8.9, 9.63, 8.91, 7.31, 6.91, 6.77, 6.29, 6.13, 6.22, 6.42, 6.56, 6.78, 7.83, 8.85, 9.36, 9.24, 8.46, 7.96], [8.5, 8.81, 9.82, 10.24, 9.76, 9.52, 10.78, 11.93, 11.32, 10.38, 10.47, 9.88, 8.75, 6.75, 4.31, 4.15, 4.96, 4.64, 4.75, 4.53, 5.38, 5.69, 6.49, 7.83, 7.88, 6.73, 5.25, 3.84, 3.11, 2.58, 2.53, 1.87, 1.77, 1.61, 1.26, 1.18, 0.88, 0.59, 0, 0.45, 0.68, 0.74, 1.13, 1.38, 1.74, 1.3, 1.36, 1.19, 2.86, 5.09, 5.22, 5.19, 4.74, 4.46, 5.06, 5.1, 4.99, 4.94, 5.22, 5.43, 6.1, 6.65, 6.25, 5.91, 6.72, 7.63, 8.76, 8.88, 8.87, 9.58, 8.84, 7.24, 6.86, 6.72, 6.26, 6.04, 6.19, 6.35, 6.49, 6.69, 7.78, 8.8, 9.31, 9.19, 8.41, 7.91], [8.21, 8.54, 9.53, 9.97, 9.47, 9.25, 10.51, 11.64, 11.03, 10.11, 10.2, 9.61, 8.48, 6.48, 4.18, 4.04, 4.83, 4.51, 4.56, 4.4, 5.15, 5.44, 6.2, 7.54, 7.59, 6.44, 4.98, 3.57, 2.92, 2.33, 2.42, 1.86, 1.76, 1.66, 1.33, 1.23, 0.97, 0.74, 0.45, 0, 0.39, 0.75, 1.2, 1.39, 1.77, 1.35, 1.31, 1.2, 2.59, 4.84, 4.97, 4.94, 4.47, 4.17, 4.77, 4.83, 4.72, 4.65, 4.93, 5.16, 5.83, 6.36, 5.98, 5.64, 6.45, 7.34, 8.49, 8.61, 8.6, 9.31, 8.55, 6.95, 6.57, 6.43, 5.97, 5.75, 5.9, 6.08, 6.24, 6.44, 7.51, 8.53, 9.02, 8.92, 8.12, 7.62], [7.96, 8.27, 9.28, 9.7, 9.22, 8.98, 10.24, 11.39, 10.78, 9.84, 9.93, 9.34, 8.21, 6.23, 4.11, 4.15, 4.94, 4.5, 4.43, 4.31, 4.98, 5.23, 5.97, 7.29, 7.34, 6.19, 4.71, 3.3, 2.67, 2.16, 2.41, 1.97, 1.89, 1.87, 1.52, 1.4, 1.1, 0.89, 0.68, 0.39, 0, 0.68, 1.25, 1.46, 1.7, 1.44, 1.58, 1.33, 2.4, 4.59, 4.72, 4.69, 4.26, 3.94, 4.54, 4.6, 4.49, 4.4, 4.68, 4.89, 5.56, 6.11, 5.71, 5.37, 6.18, 7.09, 8.22, 8.34, 8.33, 9.04, 8.3, 6.7, 6.32, 6.18, 5.72, 5.54, 5.71, 5.89, 6.03, 6.23, 7.24, 8.26, 8.77, 8.65, 7.87, 7.37], [8.2, 8.49, 9.52, 9.94, 9.46, 9.18, 10.46, 11.63, 11.02, 10.04, 10.13, 9.54, 8.41, 6.51, 4.07, 3.93, 4.74, 4.5, 4.45, 4.29, 5.02, 5.41, 6.21, 7.53, 7.58, 6.43, 4.91, 3.5, 2.77, 2.2, 2.11, 1.71, 1.71, 1.71, 1.2, 1.0, 0.88, 0.83, 0.74, 0.75, 0.68, 0, 0.83, 1.12, 1.54, 1.24, 1.22, 1.03, 2.58, 4.79, 4.96, 4.93, 4.48, 4.18, 4.78, 4.84, 4.73, 4.64, 4.92, 5.11, 5.76, 6.35, 5.91, 5.57, 6.38, 7.33, 8.46, 8.58, 8.53, 9.28, 8.54, 6.98, 6.56, 6.38, 5.98, 5.78, 5.99, 6.17, 6.27, 6.45, 7.44, 8.48, 8.97, 8.85, 8.07, 7.57], [8.47, 8.7, 9.73, 10.15, 9.67, 9.41, 10.67, 11.88, 11.25, 10.27, 10.36, 9.77, 8.64, 6.74, 4.14, 3.92, 4.61, 4.57, 4.6, 4.48, 5.29, 5.74, 6.48, 7.8, 7.83, 6.66, 5.2, 3.71, 2.98, 2.45, 2.18, 1.94, 1.94, 1.86, 1.33, 0.85, 0.93, 1.16, 1.13, 1.2, 1.25, 0.83, 0, 0.73, 1.33, 0.93, 0.95, 1.1, 2.89, 5.08, 5.25, 5.22, 4.81, 4.49, 5.11, 5.11, 5.0, 4.91, 5.17, 5.36, 6.01, 6.6, 6.12, 5.78, 6.59, 7.58, 8.67, 8.81, 8.76, 9.49, 8.81, 7.19, 6.79, 6.59, 6.19, 6.05, 6.2, 6.38, 6.5, 6.66, 7.65, 8.67, 9.2, 9.06, 8.26, 7.76], [8.5, 8.85, 9.82, 10.28, 9.8, 9.56, 10.82, 11.93, 11.34, 10.44, 10.53, 9.94, 8.79, 7.07, 4.61, 4.37, 5.1, 5.0, 4.99, 4.81, 5.64, 5.91, 6.63, 7.87, 7.9, 6.75, 5.33, 3.88, 3.15, 2.64, 2.67, 2.39, 2.31, 2.17, 1.68, 1.12, 1.14, 1.25, 1.38, 1.39, 1.46, 1.12, 0.73, 0, 0.98, 0.76, 0.8, 0.91, 3.08, 5.29, 5.42, 5.41, 4.94, 4.62, 5.2, 5.22, 5.09, 4.98, 5.3, 5.51, 6.16, 6.67, 6.29, 5.89, 6.7, 7.61, 8.76, 8.9, 8.93, 9.64, 8.86, 7.36, 6.94, 6.74, 6.38, 6.28, 6.43, 6.67, 6.87, 6.99, 7.78, 8.78, 9.29, 9.17, 8.39, 7.87], [8.32, 8.69, 9.66, 10.14, 9.66, 9.42, 10.68, 11.77, 11.2, 10.3, 10.39, 9.8, 8.69, 7.11, 5.09, 4.93, 5.7, 5.54, 5.31, 5.15, 5.8, 5.95, 6.47, 7.67, 7.72, 6.61, 5.15, 3.94, 3.31, 2.76, 3.19, 2.97, 2.93, 2.77, 2.18, 1.68, 1.66, 1.57, 1.74, 1.77, 1.7, 1.54, 1.33, 0.98, 0, 0.84, 1.14, 1.25, 3.12, 5.17, 5.34, 5.39, 4.96, 4.52, 5.1, 5.02, 4.87, 4.8, 5.12, 5.35, 6.02, 6.51, 6.19, 5.81, 6.6, 7.43, 8.6, 8.74, 8.79, 9.5, 8.64, 7.24, 6.9, 6.8, 6.54, 6.48, 6.59, 6.91, 7.13, 7.25, 7.94, 8.68, 9.21, 9.09, 8.31, 7.81], [8.2, 8.57, 9.54, 10.02, 9.54, 9.3, 10.56, 11.65, 11.08, 10.18, 10.27, 9.68, 8.53, 6.81, 4.71, 4.41, 5.18, 5.08, 5.07, 4.79, 5.6, 5.73, 6.27, 7.57, 7.62, 6.49, 5.01, 3.7, 3.09, 2.48, 2.77, 2.43, 2.41, 2.23, 1.74, 1.3, 1.18, 1.29, 1.3, 1.35, 1.44, 1.24, 0.93, 0.76, 0.84, 0, 0.96, 0.97, 2.78, 4.91, 5.12, 5.11, 4.68, 4.28, 4.84, 4.84, 4.71, 4.68, 4.98, 5.23, 5.92, 6.39, 6.01, 5.65, 6.42, 7.31, 8.48, 8.62, 8.67, 9.38, 8.54, 6.98, 6.66, 6.46, 6.2, 6.14, 6.29, 6.59, 6.81, 6.93, 7.66, 8.5, 9.03, 8.93, 8.15, 7.63], [8.9, 9.27, 10.24, 10.72, 10.24, 10.0, 11.26, 12.35, 11.78, 10.88, 10.97, 10.38, 9.23, 7.35, 4.73, 4.37, 5.1, 5.14, 5.17, 4.91, 5.74, 6.15, 6.95, 8.25, 8.3, 7.19, 5.71, 4.28, 3.57, 3.04, 2.69, 2.23, 2.15, 1.95, 1.5, 1.1, 1.14, 1.27, 1.36, 1.31, 1.58, 1.22, 0.95, 0.8, 1.14, 0.96, 0, 0.79, 3.22, 5.57, 5.7, 5.67, 5.18, 4.9, 5.44, 5.54, 5.43, 5.36, 5.68, 5.93, 6.6, 7.07, 6.69, 6.31, 7.1, 8.01, 9.18, 9.32, 9.37, 10.08, 9.22, 7.64, 7.3, 7.1, 6.7, 6.5, 6.63, 6.87, 7.05, 7.19, 8.14, 9.16, 9.65, 9.57, 8.79, 8.25], [8.43, 8.8, 9.77, 10.25, 9.77, 9.53, 10.79, 11.88, 11.31, 10.41, 10.5, 9.91, 8.76, 6.9, 4.54, 4.54, 5.33, 4.93, 4.8, 4.58, 5.39, 5.72, 6.48, 7.78, 7.83, 6.72, 5.24, 3.81, 3.08, 2.67, 2.8, 2.38, 2.38, 2.24, 1.81, 1.43, 1.17, 1.12, 1.19, 1.2, 1.33, 1.03, 1.1, 0.91, 1.25, 0.97, 0.79, 0, 2.73, 5.1, 5.23, 5.2, 4.71, 4.41, 4.97, 5.07, 4.96, 4.89, 5.21, 5.46, 6.13, 6.6, 6.24, 5.86, 6.67, 7.54, 8.71, 8.85, 8.9, 9.61, 8.75, 7.17, 6.85, 6.65, 6.27, 6.11, 6.26, 6.52, 6.72, 6.84, 7.71, 8.73, 9.24, 9.12, 8.34, 7.84], [5.88, 6.19, 7.12, 7.6, 7.12, 6.88, 8.14, 9.23, 8.66, 7.76, 7.85, 7.26, 6.11, 4.47, 3.91, 4.87, 5.66, 4.62, 3.89, 3.73, 3.62, 3.35, 3.85, 5.15, 5.24, 4.13, 2.99, 2.0, 1.97, 2.36, 3.11, 3.25, 3.45, 3.63, 3.44, 3.14, 2.96, 2.83, 2.86, 2.59, 2.4, 2.58, 2.89, 3.08, 3.12, 2.78, 3.22, 2.73, 0, 2.41, 2.54, 2.53, 2.06, 1.84, 2.46, 2.4, 2.29, 2.26, 2.56, 2.81, 3.48, 4.01, 3.73, 3.43, 4.16, 4.99, 6.12, 6.24, 6.25, 6.96, 6.14, 4.74, 4.42, 4.22, 3.88, 3.78, 3.91, 4.19, 4.41, 4.53, 5.3, 6.24, 6.79, 6.67, 5.91, 5.39], [3.69, 3.94, 4.91, 5.35, 4.85, 4.55, 5.83, 7.0, 6.39, 5.41, 5.52, 4.93, 3.9, 2.74, 3.7, 6.28, 6.05, 4.19, 3.4, 3.3, 2.89, 2.44, 2.26, 3.06, 3.11, 2.68, 1.98, 2.17, 2.64, 3.13, 4.04, 4.6, 5.14, 5.62, 5.67, 5.43, 5.23, 5.1, 5.09, 4.84, 4.59, 4.79, 5.08, 5.29, 5.17, 4.91, 5.57, 5.1, 2.41, 0, 0.89, 0.86, 0.93, 1.37, 1.67, 1.61, 1.74, 1.67, 1.21, 1.48, 2.03, 2.06, 1.86, 1.7, 2.31, 3.02, 4.03, 4.03, 4.04, 4.73, 4.05, 2.73, 2.47, 2.53, 2.65, 2.63, 2.56, 2.56, 2.9, 3.1, 3.35, 4.03, 4.52, 4.4, 3.66, 3.14], [3.42, 3.69, 4.66, 5.1, 4.62, 4.44, 5.6, 6.75, 6.14, 5.22, 5.31, 4.76, 3.77, 2.45, 3.65, 6.41, 6.08, 3.66, 2.79, 2.69, 2.22, 1.79, 1.67, 2.81, 2.84, 2.15, 1.41, 2.06, 2.59, 3.16, 3.87, 4.77, 5.35, 5.79, 5.86, 5.58, 5.4, 5.25, 5.22, 4.97, 4.72, 4.96, 5.25, 5.42, 5.34, 5.12, 5.7, 5.23, 2.54, 0.89, 0, 0.59, 1.02, 1.44, 1.62, 1.74, 1.73, 1.68, 1.52, 1.93, 2.42, 1.99, 1.59, 1.45, 2.26, 2.85, 3.9, 3.9, 3.93, 4.52, 3.84, 2.72, 2.46, 2.56, 2.74, 2.62, 2.53, 2.17, 2.51, 2.65, 3.06, 3.82, 4.31, 4.21, 3.55, 3.05], [3.43, 3.68, 4.65, 5.09, 4.67, 4.45, 5.63, 6.78, 6.17, 5.25, 5.34, 4.75, 3.66, 2.4, 3.78, 6.44, 6.15, 3.85, 2.94, 2.84, 2.27, 1.86, 1.66, 2.76, 2.81, 2.16, 1.58, 2.11, 2.66, 3.13, 3.92, 4.74, 5.32, 5.76, 5.83, 5.55, 5.37, 5.22, 5.19, 4.94, 4.69, 4.93, 5.22, 5.41, 5.39, 5.11, 5.67, 5.2, 2.53, 0.86, 0.59, 0, 1.03, 1.39, 1.41, 1.47, 1.58, 1.55, 1.41, 1.8, 2.27, 2.0, 1.58, 1.42, 2.15, 3.02, 3.99, 3.91, 4.02, 4.47, 3.77, 2.65, 2.43, 2.51, 2.63, 2.53, 2.46, 2.12, 2.5, 2.66, 2.99, 3.75, 4.3, 4.18, 3.54, 3.06], [3.9, 4.23, 5.16, 5.62, 5.14, 4.9, 6.16, 7.25, 6.68, 5.78, 5.87, 5.28, 4.15, 3.07, 3.97, 6.17, 6.0, 4.12, 3.25, 3.11, 2.7, 2.31, 2.19, 3.25, 3.28, 2.69, 2.01, 1.94, 2.45, 2.94, 3.55, 4.27, 4.85, 5.27, 5.38, 5.08, 4.86, 4.77, 4.74, 4.47, 4.26, 4.48, 4.81, 4.94, 4.96, 4.68, 5.18, 4.71, 2.06, 0.93, 1.02, 1.03, 0, 0.86, 1.28, 1.3, 1.47, 1.34, 1.14, 1.65, 2.1, 2.11, 1.99, 1.67, 2.24, 3.05, 4.18, 4.32, 4.27, 4.98, 4.22, 2.9, 2.6, 2.5, 2.42, 2.36, 2.31, 2.63, 3.11, 3.23, 3.44, 4.28, 4.83, 4.71, 3.97, 3.47], [4.16, 4.49, 5.44, 5.9, 5.4, 5.18, 6.44, 7.53, 6.96, 6.04, 6.13, 5.54, 4.43, 3.03, 3.93, 5.87, 5.86, 4.18, 3.35, 3.25, 2.84, 2.51, 2.43, 3.43, 3.5, 2.87, 2.05, 1.84, 2.17, 2.56, 3.29, 4.03, 4.65, 5.07, 5.1, 4.74, 4.64, 4.51, 4.46, 4.17, 3.94, 4.18, 4.49, 4.62, 4.52, 4.28, 4.9, 4.41, 1.84, 1.37, 1.44, 1.39, 0.86, 0, 1.06, 1.06, 1.21, 1.18, 1.22, 1.57, 1.98, 2.31, 2.29, 1.85, 2.46, 3.35, 4.44, 4.56, 4.53, 5.24, 4.44, 3.1, 2.82, 2.62, 2.46, 2.46, 2.49, 2.91, 3.41, 3.55, 3.84, 4.58, 5.07, 4.95, 4.17, 3.75], [3.48, 3.87, 4.82, 5.28, 4.8, 4.56, 5.82, 6.91, 6.34, 5.44, 5.53, 4.94, 3.87, 2.83, 4.71, 6.61, 6.62, 4.76, 3.69, 3.55, 3.14, 2.73, 2.29, 2.95, 2.98, 2.77, 2.47, 2.52, 2.87, 3.08, 3.65, 4.65, 5.25, 5.67, 5.72, 5.4, 5.26, 5.13, 5.06, 4.77, 4.54, 4.78, 5.11, 5.2, 5.1, 4.84, 5.44, 4.97, 2.46, 1.67, 1.62, 1.41, 1.28, 1.06, 0, 0.76, 1.11, 1.16, 1.26, 1.47, 1.7, 1.87, 1.85, 1.63, 1.84, 2.97, 3.76, 3.9, 3.93, 4.64, 3.84, 2.54, 2.36, 2.24, 2.02, 1.96, 2.13, 2.69, 3.33, 3.45, 3.58, 4.02, 4.37, 4.23, 3.53, 3.19], [3.5, 3.85, 4.8, 5.26, 4.76, 4.54, 5.8, 6.89, 6.32, 5.4, 5.49, 4.9, 3.89, 3.05, 4.67, 6.53, 6.56, 4.86, 3.79, 3.61, 3.16, 2.69, 2.29, 2.91, 2.86, 2.75, 2.51, 2.52, 2.69, 2.92, 3.83, 4.69, 5.31, 5.73, 5.76, 5.36, 5.3, 5.17, 5.1, 4.83, 4.6, 4.84, 5.11, 5.22, 5.02, 4.84, 5.54, 5.07, 2.4, 1.61, 1.74, 1.47, 1.3, 1.06, 0.76, 0, 0.65, 0.72, 1.0, 1.29, 1.66, 1.85, 1.87, 1.65, 1.84, 3.03, 3.8, 3.9, 3.89, 4.6, 3.8, 2.66, 2.38, 2.26, 2.04, 2.06, 2.17, 2.85, 3.57, 3.65, 3.58, 3.96, 4.43, 4.31, 3.57, 3.17], [3.67, 4.0, 4.93, 5.39, 4.87, 4.69, 5.91, 7.0, 6.43, 5.51, 5.6, 5.03, 4.12, 3.28, 4.68, 6.38, 6.53, 4.85, 3.92, 3.78, 3.33, 2.88, 2.48, 3.08, 3.11, 2.84, 2.52, 2.51, 2.72, 3.01, 3.92, 4.56, 5.16, 5.58, 5.65, 5.25, 5.15, 5.02, 4.99, 4.72, 4.49, 4.73, 5.0, 5.09, 4.87, 4.71, 5.43, 4.96, 2.29, 1.74, 1.73, 1.58, 1.47, 1.21, 1.11, 0.65, 0, 0.57, 1.09, 1.34, 1.85, 2.1, 2.06, 1.82, 2.07, 3.08, 3.95, 4.05, 4.02, 4.79, 4.03, 3.01, 2.77, 2.63, 2.41, 2.41, 2.6, 3.16, 3.82, 3.86, 3.95, 4.29, 4.64, 4.54, 3.84, 3.46], [3.72, 4.05, 4.96, 5.42, 4.9, 4.7, 5.94, 7.03, 6.46, 5.52, 5.61, 5.02, 4.11, 3.33, 4.45, 6.23, 6.3, 4.66, 3.71, 3.59, 3.14, 2.71, 2.29, 3.09, 3.14, 2.75, 2.35, 2.32, 2.49, 2.72, 3.73, 4.51, 5.13, 5.55, 5.56, 5.14, 5.1, 4.99, 4.94, 4.65, 4.4, 4.64, 4.91, 4.98, 4.8, 4.68, 5.36, 4.89, 2.26, 1.67, 1.68, 1.55, 1.34, 1.18, 1.16, 0.72, 0.57, 0, 0.88, 1.19, 1.68, 2.01, 1.99, 1.67, 2.1, 3.05, 3.96, 4.08, 4.05, 4.8, 4.08, 3.02, 2.74, 2.6, 2.34, 2.4, 2.59, 3.03, 3.67, 3.71, 3.82, 4.3, 4.67, 4.57, 3.91, 3.51], [3.4, 3.71, 4.62, 5.08, 4.58, 4.36, 5.62, 6.73, 6.14, 5.2, 5.29, 4.7, 3.73, 3.25, 4.29, 6.35, 6.22, 4.6, 3.67, 3.61, 3.18, 2.77, 2.31, 2.99, 2.98, 2.59, 2.25, 2.28, 2.57, 3.06, 4.03, 4.79, 5.41, 5.83, 5.84, 5.42, 5.38, 5.27, 5.22, 4.93, 4.68, 4.92, 5.17, 5.3, 5.12, 4.98, 5.68, 5.21, 2.56, 1.21, 1.52, 1.41, 1.14, 1.22, 1.26, 1.0, 1.09, 0.88, 0, 0.87, 1.48, 1.57, 1.73, 1.65, 1.78, 2.59, 3.62, 3.74, 3.71, 4.44, 3.8, 2.52, 2.52, 2.48, 2.38, 2.56, 2.63, 2.93, 3.45, 3.53, 3.72, 4.14, 4.35, 4.25, 3.63, 3.33], [3.29, 3.54, 4.49, 4.91, 4.41, 4.15, 5.41, 6.6, 5.97, 4.97, 5.04, 4.47, 3.7, 3.32, 4.58, 6.48, 6.53, 4.99, 4.18, 4.14, 3.73, 3.34, 2.8, 3.02, 3.03, 3.0, 2.62, 2.65, 2.72, 3.19, 4.38, 5.0, 5.6, 6.06, 6.03, 5.67, 5.59, 5.46, 5.43, 5.16, 4.89, 5.11, 5.36, 5.51, 5.35, 5.23, 5.93, 5.46, 2.81, 1.48, 1.93, 1.8, 1.65, 1.57, 1.47, 1.29, 1.34, 1.19, 0.87, 0, 1.25, 1.5, 1.92, 2.0, 1.95, 2.42, 3.45, 3.57, 3.52, 4.25, 3.63, 2.63, 2.45, 2.37, 2.21, 2.35, 2.58, 3.16, 3.62, 3.86, 3.95, 4.03, 4.18, 4.04, 3.46, 3.18], [3.0, 3.31, 3.94, 4.3, 3.82, 3.52, 4.78, 5.97, 5.34, 4.28, 4.43, 3.96, 3.53, 3.67, 5.43, 7.35, 7.3, 5.68, 4.79, 4.75, 4.34, 3.89, 3.33, 3.41, 3.38, 3.57, 3.21, 3.24, 3.57, 3.82, 4.71, 5.59, 6.25, 6.73, 6.64, 6.34, 6.26, 6.13, 6.1, 5.83, 5.56, 5.76, 6.01, 6.16, 6.02, 5.92, 6.6, 6.13, 3.48, 2.03, 2.42, 2.27, 2.1, 1.98, 1.7, 1.66, 1.85, 1.68, 1.48, 1.25, 0, 1.45, 2.33, 2.37, 2.22, 2.11, 2.84, 2.98, 2.87, 3.66, 3.1, 2.24, 2.46, 2.2, 2.12, 2.4, 2.75, 3.53, 4.07, 4.35, 4.34, 3.64, 3.55, 3.41, 2.81, 2.55], [2.23, 2.58, 3.33, 3.69, 3.37, 3.13, 4.21, 5.3, 4.73, 3.81, 3.9, 3.51, 3.0, 3.04, 5.06, 7.58, 7.23, 5.07, 3.96, 3.86, 3.45, 3.02, 2.62, 2.6, 2.59, 2.76, 2.58, 3.27, 3.8, 4.35, 5.24, 6.22, 6.84, 7.26, 7.31, 6.89, 6.83, 6.7, 6.65, 6.36, 6.11, 6.35, 6.6, 6.67, 6.51, 6.39, 7.07, 6.6, 4.01, 2.06, 1.99, 2.0, 2.11, 2.31, 1.87, 1.85, 2.1, 2.01, 1.57, 1.5, 1.45, 0, 1.52, 1.74, 1.61, 1.32, 2.29, 2.35, 2.36, 3.03, 2.29, 1.61, 2.01, 1.85, 2.23, 2.29, 2.26, 2.72, 3.38, 3.64, 3.57, 3.21, 2.92, 2.8, 2.42, 2.3], [2.41, 2.7, 3.71, 4.09, 3.69, 3.41, 4.61, 5.84, 5.23, 4.21, 4.3, 3.69, 2.8, 2.32, 4.14, 6.88, 6.43, 4.13, 2.96, 2.84, 2.43, 2.18, 1.8, 1.98, 2.07, 1.7, 1.68, 2.73, 3.3, 3.85, 4.8, 5.8, 6.4, 6.9, 6.85, 6.55, 6.49, 6.3, 6.25, 5.98, 5.71, 5.91, 6.12, 6.29, 6.19, 6.01, 6.69, 6.24, 3.73, 1.86, 1.59, 1.58, 1.99, 2.29, 1.85, 1.87, 2.06, 1.99, 1.73, 1.92, 2.33, 1.52, 0, 1.06, 1.27, 2.08, 2.87, 2.95, 2.86, 3.47, 2.81, 2.07, 1.91, 1.77, 2.25, 2.33, 2.2, 1.92, 2.3, 2.38, 2.57, 2.95, 3.16, 2.96, 2.3, 2.06], [2.99, 3.18, 4.17, 4.57, 4.13, 3.81, 5.05, 6.46, 5.75, 4.67, 4.76, 4.09, 3.02, 2.28, 3.68, 6.4, 6.11, 3.99, 2.92, 2.94, 2.53, 2.22, 1.88, 2.46, 2.49, 2.1, 1.8, 2.21, 2.92, 3.47, 4.46, 5.46, 6.04, 6.54, 6.53, 6.23, 6.15, 5.96, 5.91, 5.64, 5.37, 5.57, 5.78, 5.89, 5.81, 5.65, 6.31, 5.86, 3.43, 1.7, 1.45, 1.42, 1.67, 1.85, 1.63, 1.65, 1.82, 1.67, 1.65, 2.0, 2.37, 1.74, 1.06, 0, 1.27, 2.54, 3.35, 3.37, 3.32, 4.03, 3.35, 2.23, 1.91, 1.81, 1.93, 2.05, 2.0, 1.98, 2.32, 2.34, 2.55, 3.01, 3.6, 3.32, 2.56, 2.14], [2.52, 2.47, 3.46, 3.88, 3.5, 3.2, 4.46, 5.87, 5.16, 4.02, 4.05, 3.28, 2.65, 2.55, 4.73, 7.17, 6.88, 5.06, 3.71, 3.75, 3.3, 2.99, 2.47, 2.49, 2.42, 2.57, 2.57, 3.0, 3.75, 4.26, 5.21, 6.23, 6.85, 7.35, 7.28, 7.02, 6.96, 6.77, 6.72, 6.45, 6.18, 6.38, 6.59, 6.7, 6.6, 6.42, 7.1, 6.67, 4.16, 2.31, 2.26, 2.15, 2.24, 2.46, 1.84, 1.84, 2.07, 2.1, 1.78, 1.95, 2.22, 1.61, 1.27, 1.27, 0, 1.95, 2.78, 2.82, 2.85, 3.46, 2.78, 2.02, 1.98, 1.78, 2.0, 2.22, 2.09, 2.43, 2.77, 2.87, 2.78, 2.9, 2.97, 2.69, 2.27, 2.15], [2.21, 2.48, 2.99, 3.35, 3.07, 2.89, 3.67, 4.54, 3.89, 3.03, 3.08, 3.07, 3.12, 3.34, 5.64, 8.18, 7.77, 5.63, 4.38, 4.42, 3.97, 3.62, 3.22, 2.96, 2.95, 3.1, 3.2, 4.01, 4.64, 5.25, 6.24, 7.22, 7.8, 8.22, 8.25, 7.87, 7.83, 7.7, 7.63, 7.34, 7.09, 7.33, 7.58, 7.61, 7.43, 7.31, 8.01, 7.54, 4.99, 3.02, 2.85, 3.02, 3.05, 3.35, 2.97, 3.03, 3.08, 3.05, 2.59, 2.42, 2.11, 1.32, 2.08, 2.54, 1.95, 0, 1.51, 1.63, 1.76, 2.43, 2.03, 2.21, 2.61, 2.29, 2.79, 2.95, 2.9, 3.08, 3.44, 3.82, 3.71, 3.13, 2.6, 2.36, 2.2, 2.26], [2.64, 2.89, 3.24, 3.5, 3.08, 2.94, 3.22, 3.75, 3.1, 2.48, 2.79, 3.32, 3.51, 4.03, 6.71, 9.31, 8.86, 6.72, 5.41, 5.33, 4.68, 4.39, 3.95, 3.51, 3.5, 3.89, 4.33, 5.12, 5.73, 6.32, 7.31, 8.35, 8.93, 9.37, 9.36, 9.0, 8.98, 8.83, 8.76, 8.49, 8.22, 8.46, 8.67, 8.76, 8.6, 8.48, 9.18, 8.71, 6.12, 4.03, 3.9, 3.99, 4.18, 4.44, 3.76, 3.8, 3.95, 3.96, 3.62, 3.45, 2.84, 2.29, 2.87, 3.35, 2.78, 1.51, 0, 0.88, 1.05, 1.66, 1.96, 2.7, 3.08, 2.8, 3.24, 3.44, 3.69, 3.95, 4.51, 4.77, 4.38, 3.52, 2.53, 2.25, 2.35, 2.39], [2.6, 2.71, 3.1, 3.3, 3.08, 2.98, 3.22, 3.63, 3.04, 2.36, 2.63, 3.12, 3.23, 3.93, 6.69, 9.447, 8.98, 6.62, 5.23, 5.31, 4.66, 4.41, 3.81, 3.31, 3.26, 3.85, 4.23, 5.24, 5.87, 6.46, 7.43, 8.47, 9.05, 9.49, 9.48, 9.12, 9.1, 8.95, 8.88, 8.61, 8.34, 8.58, 8.81, 8.9, 8.74, 8.62, 9.32, 8.85, 6.24, 4.03, 3.9, 3.91, 4.32, 4.56, 3.9, 3.9, 4.05, 4.08, 3.74, 3.57, 2.98, 2.35, 2.95, 3.37, 2.82, 1.63, 0.88, 0, 0.93, 1.6, 2.04, 2.74, 3.2, 3.02, 3.46, 3.64, 3.91, 3.99, 4.31, 4.49, 4.26, 3.36, 2.41, 2.27, 2.25, 2.41], [2.39, 2.6, 2.97, 3.13, 2.83, 2.73, 2.75, 3.36, 2.97, 1.99, 2.2, 2.67, 2.78, 3.68, 6.7, 9.48, 8.97, 6.65, 5.22, 5.28, 4.53, 4.28, 3.6, 3.08, 3.13, 3.7, 4.16, 5.21, 5.84, 6.39, 7.34, 8.38, 9.02, 9.5, 9.43, 9.11, 9.07, 8.9, 8.87, 8.6, 8.33, 8.53, 8.76, 8.93, 8.79, 8.67, 9.37, 8.9, 6.25, 4.04, 3.93, 4.02, 4.27, 4.53, 3.93, 3.89, 4.02, 4.05, 3.71, 3.52, 2.87, 2.36, 2.86, 3.32, 2.85, 1.76, 1.05, 0.93, 0, 1.19, 1.75, 2.55, 3.03, 2.77, 3.39, 3.47, 3.82, 4.04, 4.22, 4.4, 4.09, 3.07, 2.08, 1.9, 2.06, 2.16], [2.2, 2.39, 2.58, 2.78, 2.38, 2.34, 2.1, 2.67, 2.38, 1.7, 1.75, 2.14, 2.55, 3.87, 7.39, 10.21, 9.8, 7.24, 5.65, 5.71, 4.76, 4.39, 3.67, 3.05, 3.12, 3.79, 4.51, 5.96, 6.63, 7.18, 8.11, 9.15, 9.77, 10.21, 10.2, 9.8, 9.76, 9.63, 9.58, 9.31, 9.04, 9.28, 9.49, 9.64, 9.5, 9.38, 10.08, 9.61, 6.96, 4.73, 4.52, 4.47, 4.98, 5.24, 4.64, 4.6, 4.79, 4.8, 4.44, 4.25, 3.66, 3.03, 3.47, 4.03, 3.46, 2.43, 1.66, 1.6, 1.19, 0, 1.4, 2.8, 3.32, 3.34, 3.94, 4.08, 4.33, 4.21, 4.47, 4.67, 4.08, 2.92, 1.67, 1.49, 2.09, 2.45], [1.16, 1.49, 1.88, 2.16, 1.66, 1.62, 2.1, 3.23, 2.6, 1.94, 1.87, 1.94, 2.07, 3.09, 6.73, 9.55, 9.08, 6.52, 5.01, 4.87, 3.96, 3.39, 2.95, 2.39, 2.34, 2.93, 3.85, 5.3, 5.93, 6.48, 7.41, 8.43, 9.01, 9.43, 9.46, 9.08, 9.04, 8.91, 8.84, 8.55, 8.3, 8.54, 8.81, 8.86, 8.64, 8.54, 9.22, 8.75, 6.14, 4.05, 3.84, 3.77, 4.22, 4.44, 3.84, 3.8, 4.03, 4.08, 3.8, 3.63, 3.1, 2.29, 2.81, 3.35, 2.78, 2.03, 1.96, 2.04, 1.75, 1.4, 0, 1.8, 2.44, 2.52, 3.14, 3.28, 3.25, 3.31, 4.03, 4.47, 3.58, 2.38, 1.29, 1.15, 1.29, 1.73], [1.66, 2.09, 2.82, 3.24, 2.82, 2.58, 3.748, 4.87, 4.28, 3.356, 3.455, 3.02, 2.27, 2.57, 5.41, 8.09, 7.74, 5.52, 4.05, 3.93, 3.28, 2.83, 2.41, 2.47, 2.36, 2.75, 3.13, 4.0, 4.57, 5.12, 5.85, 6.85, 7.41, 7.85, 7.92, 7.54, 7.46, 7.31, 7.24, 6.95, 6.7, 6.98, 7.19, 7.36, 7.24, 6.98, 7.64, 7.17, 4.74, 2.73, 2.72, 2.65, 2.9, 3.1, 2.54, 2.66, 3.01, 3.02, 2.52, 2.63, 2.24, 1.61, 2.07, 2.23, 2.02, 2.21, 2.7, 2.74, 2.55, 2.8, 1.8, 0, 1.1, 1.32, 1.72, 1.84, 1.87, 2.27, 3.23, 3.65, 3.12, 2.38, 2.23, 2.11, 1.59, 1.59], [2.04, 2.33, 3.256, 3.693, 3.236, 2.96, 4.208, 5.47, 4.8, 3.84, 3.93, 3.313, 2.37, 2.31, 4.91, 7.43, 7.18, 5.1, 3.75, 3.69, 3.12, 2.67, 2.33, 2.45, 2.3, 2.55, 2.81, 3.5, 4.07, 4.58, 5.47, 6.47, 7.01, 7.51, 7.54, 7.22, 7.12, 6.91, 6.86, 6.57, 6.32, 6.56, 6.79, 6.94, 6.9, 6.66, 7.3, 6.85, 4.42, 2.47, 2.46, 2.43, 2.6, 2.82, 2.36, 2.38, 2.77, 2.74, 2.52, 2.45, 2.46, 2.01, 1.91, 1.91, 1.98, 2.61, 3.08, 3.2, 3.03, 3.32, 2.44, 1.1, 0, 0.92, 1.22, 1.26, 1.43, 1.95, 2.79, 3.13, 2.76, 2.22, 2.75, 2.63, 1.91, 1.47], [2.18, 2.53, 3.44, 3.88, 3.42, 3.12, 4.4, 5.61, 4.98, 4.02, 4.09, 3.49, 2.45, 2.25, 4.81, 7.07, 6.84, 4.94, 3.67, 3.61, 3.06, 2.77, 2.45, 2.53, 2.36, 2.67, 2.91, 3.32, 3.85, 4.36, 5.27, 6.29, 6.85, 7.35, 7.36, 7.04, 6.96, 6.77, 6.72, 6.43, 6.18, 6.38, 6.59, 6.74, 6.8, 6.46, 7.1, 6.65, 4.22, 2.53, 2.56, 2.51, 2.5, 2.62, 2.24, 2.26, 2.63, 2.6, 2.48, 2.37, 2.2, 1.85, 1.77, 1.81, 1.78, 2.29, 2.8, 3.02, 2.77, 3.34, 2.52, 1.32, 0.92, 0, 0.96, 0.96, 1.17, 1.85, 2.67, 2.93, 2.64, 2.3, 2.77, 2.65, 1.87, 1.39], [2.8, 3.01, 3.94, 4.38, 3.92, 3.66, 4.92, 6.25, 5.52, 4.56, 4.63, 4.02, 2.97, 2.55, 4.75, 6.63, 6.7, 5.04, 3.89, 3.89, 3.36, 3.03, 2.93, 2.99, 2.8, 3.13, 3.39, 3.14, 3.59, 4.04, 4.87, 5.85, 6.39, 6.89, 6.92, 6.62, 6.52, 6.29, 6.26, 5.97, 5.72, 5.98, 6.19, 6.38, 6.54, 6.2, 6.7, 6.27, 3.88, 2.65, 2.74, 2.63, 2.42, 2.46, 2.02, 2.04, 2.41, 2.34, 2.38, 2.21, 2.12, 2.23, 2.25, 1.93, 2.0, 2.79, 3.24, 3.46, 3.39, 3.94, 3.14, 1.72, 1.22, 0.96, 0, 0.82, 1.17, 2.05, 2.81, 3.07, 2.88, 2.78, 3.39, 3.21, 2.49, 2.03], [2.94, 3.31, 4.2, 4.68, 4.2, 3.96, 5.22, 6.39, 5.76, 4.84, 4.93, 4.33, 3.21, 2.57, 4.57, 6.55, 6.6, 4.8, 3.61, 3.57, 3.08, 2.85, 2.89, 3.05, 2.92, 3.23, 3.29, 3.24, 3.65, 4.06, 4.65, 5.63, 6.17, 6.63, 6.7, 6.36, 6.26, 6.13, 6.04, 5.75, 5.54, 5.78, 6.05, 6.28, 6.48, 6.14, 6.5, 6.11, 3.78, 2.63, 2.62, 2.53, 2.36, 2.46, 1.96, 2.06, 2.41, 2.4, 2.56, 2.35, 2.4, 2.29, 2.33, 2.05, 2.22, 2.95, 3.44, 3.64, 3.47, 4.08, 3.28, 1.84, 1.26, 0.96, 0.82, 0, 0.97, 1.81, 2.61, 2.95, 3.0, 3.06, 3.57, 3.49, 2.71, 2.17], [2.95, 3.26, 4.226, 4.694, 4.223, 3.99, 5.25, 6.38, 5.77, 4.87, 4.945, 4.343, 3.193, 2.14, 4.38, 6.48, 6.45, 4.57, 3.36, 3.3, 2.81, 2.44, 2.42, 2.66, 2.55, 2.76, 3.06, 3.29, 3.8, 4.21, 4.88, 5.74, 6.3, 6.74, 6.83, 6.51, 6.41, 6.22, 6.19, 5.9, 5.71, 5.99, 6.2, 6.43, 6.59, 6.29, 6.63, 6.26, 3.91, 2.56, 2.53, 2.46, 2.31, 2.49, 2.13, 2.17, 2.6, 2.59, 2.63, 2.58, 2.75, 2.26, 2.2, 2.0, 2.09, 2.9, 3.69, 3.91, 3.82, 4.33, 3.25, 1.87, 1.43, 1.17, 1.17, 0.97, 0, 1.16, 2.24, 2.74, 2.53, 3.05, 3.6, 3.499, 2.68, 2.36], [2.93, 3.12, 4.072, 4.543, 4.15, 3.97, 5.15, 6.4, 5.75, 4.87, 4.808, 4.186, 3.056, 1.72, 3.82, 6.4, 6.01, 3.91, 2.66, 2.72, 2.17, 1.92, 2.0, 2.4, 2.41, 2.1, 2.52, 3.33, 3.88, 4.43, 5.02, 5.86, 6.4, 6.84, 6.93, 6.61, 6.53, 6.42, 6.35, 6.08, 5.89, 6.17, 6.38, 6.67, 6.91, 6.59, 6.87, 6.52, 4.19, 2.56, 2.17, 2.12, 2.63, 2.91, 2.69, 2.85, 3.16, 3.03, 2.93, 3.16, 3.53, 2.72, 1.92, 1.98, 2.43, 3.08, 3.95, 3.99, 4.04, 4.21, 3.31, 2.27, 1.95, 1.85, 2.05, 1.81, 1.16, 0, 1.26, 1.8, 2.01, 2.93, 3.54, 3.4, 2.64, 2.44], [3.67, 3.62, 4.49, 4.87, 4.63, 4.55, 5.43, 6.74, 6.29, 5.03, 4.837, 4.073, 2.96, 1.74, 3.58, 6.4, 5.91, 3.77, 2.54, 2.78, 2.27, 2.2, 2.26, 2.72, 2.71, 2.26, 2.32, 3.31, 3.94, 4.53, 5.06, 5.88, 6.4