[[0, 0.8, 1.41, 1.89, 1.82, 2.27, 4.884, 7.225, 7.645, 7.073, 7.053, 7.355, 6.803, 8.38, 9.391, 9.057, 8.441, 7.896, 7.629, 7.16, 6.945, 6.567, 6.381, 6.578, 6.875, 7.323, 6.873, 6.633, 6.221, 5.541, 4.951, 4.35, 4.32, 4.24, 3.89, 3.54, 3.24, 2.83, 2.67, 2.83, 3.62, 4.37, 4.99, 5.82, 6.46, 6.23, 6.53, 6.53, 4.43, 4.97, 5.37, 5.35, 5.78, 6.19, 6.27, 6.37, 5.89, 6.03, 5.81, 6.25, 5.89, 5.45, 4.06, 3.2, 3.44, 4.33, 4.8, 4.57, 4.86, 4.78, 4.76, 4.28, 3.91, 3.8, 3.88, 4.06, 3.85, 3.7, 4.13, 4.1, 4.16, 3.68, 3.91, 3.47, 3.43, 3.46], [0.8, 0, 1.19, 1.87, 1.98, 2.17, 4.844, 7.208, 7.588, 7.073, 7.053, 7.303, 6.763, 8.249, 9.118, 8.758, 8.128, 7.57, 7.273, 6.8, 6.606, 6.271, 6.091, 6.277, 6.518, 6.955, 6.487, 6.213, 5.821, 5.161, 4.531, 3.91, 4.0, 3.98, 3.67, 3.38, 3.2, 2.89, 2.69, 2.79, 3.56, 4.35, 5.03, 5.74, 6.36, 6.19, 6.45, 6.47, 4.37, 4.77, 5.19, 5.11, 5.44, 5.73, 5.89, 5.97, 5.45, 5.59, 5.57, 6.07, 5.73, 5.27, 3.54, 2.74, 3.18, 4.01, 4.42, 4.15, 4.4, 4.4, 4.36, 4.04, 3.65, 3.48, 3.68, 3.88, 3.67, 3.52, 3.93, 3.94, 4.0, 3.62, 3.91, 3.47, 3.41, 3.4], [1.41, 1.19, 0, 1.3, 1.51, 1.58, 4.396, 6.705, 7.011, 6.349, 6.614, 6.904, 6.276, 7.921, 8.818, 8.514, 7.912, 7.29, 6.984, 6.517, 6.424, 6.034, 5.826, 5.961, 6.228, 6.634, 6.184, 5.93, 5.52, 4.851, 4.29, 3.76, 4.19, 4.37, 4.28, 3.97, 3.87, 3.56, 3.3, 3.54, 4.27, 5.06, 5.72, 6.45, 7.11, 6.98, 7.24, 7.24, 5.32, 5.5, 5.94, 5.62, 5.81, 5.94, 6.16, 6.16, 5.64, 5.82, 6.08, 6.48, 6.28, 5.82, 3.59, 2.73, 3.13, 3.94, 4.37, 4.16, 4.45, 4.45, 4.35, 4.37, 4.1, 3.89, 4.17, 4.57, 4.2, 3.85, 4.36, 4.47, 4.57, 4.29, 4.58, 4.24, 4.04, 3.99], [1.89, 1.87, 1.3, 0, 0.83, 1.82, 4.479, 6.679, 6.782, 6.12, 6.382, 6.652, 6.252, 8.116, 9.042, 8.769, 8.209, 7.646, 7.38, 6.922, 6.69, 6.32, 6.12, 6.308, 6.605, 7.039, 6.589, 6.329, 5.916, 5.256, 4.83, 4.8, 5.35, 5.47, 5.26, 4.99, 4.67, 4.34, 4.08, 4.24, 5.07, 5.82, 6.48, 7.27, 7.91, 7.68, 8.0, 7.98, 5.98, 6.44, 6.8, 6.68, 6.99, 7.16, 7.36, 7.36, 6.82, 6.96, 7.16, 7.62, 7.34, 6.86, 4.71, 3.77, 4.21, 4.68, 5.07, 5.1, 5.37, 5.43, 5.49, 5.53, 5.2, 5.01, 5.25, 5.47, 5.18, 4.95, 5.42, 5.47, 5.51, 5.05, 5.24, 4.86, 4.76, 4.79], [1.82, 1.98, 1.51, 0.83, 0, 1.79, 4.329, 6.538, 6.832, 6.067, 6.332, 6.662, 6.282, 8.125, 9.074, 8.79, 8.204, 7.627, 7.367, 6.894, 6.647, 6.274, 6.094, 6.277, 6.574, 7.055, 6.662, 6.44, 6.01, 5.35, 4.9, 4.95, 5.52, 5.64, 5.35, 5.04, 4.62, 4.23, 3.97, 4.15, 4.94, 5.73, 6.39, 7.12, 7.76, 7.59, 7.87, 7.87, 5.85, 6.49, 6.85, 6.81, 7.16, 7.31, 7.49, 7.49, 6.97, 7.11, 7.31, 7.75, 7.31, 7.01, 4.88, 3.84, 4.26, 4.83, 5.18, 5.17, 5.38, 5.46, 5.56, 5.62, 5.31, 5.14, 5.38, 5.5, 5.31, 5.12, 5.57, 5.42, 5.38, 4.78, 4.99, 4.71, 4.51, 4.54], [2.27, 2.17, 1.58, 1.82, 1.79, 0, 3.142, 5.388, 5.871, 5.146, 5.34, 5.67, 5.167, 6.884, 7.811, 7.51, 6.891, 6.332, 6.043, 5.57, 5.344, 4.974, 4.794, 4.991, 5.262, 5.73, 5.315, 5.09, 4.68, 4.1, 3.85, 3.98, 4.43, 4.61, 4.7, 4.65, 4.85, 4.6, 4.24, 4.38, 5.11, 6.14, 6.82, 7.31, 7.91, 7.92, 8.14, 8.1, 6.18, 6.0, 6.46, 6.06, 6.11, 6.24, 6.4, 6.4, 5.88, 6.02, 6.28, 6.78, 6.8, 6.14, 3.87, 2.85, 3.01, 3.54, 3.91, 3.94, 4.27, 4.25, 4.37, 4.59, 4.52, 4.35, 4.67, 5.13, 4.78, 4.37, 4.7, 5.05, 5.07, 4.73, 5.18, 5.02, 4.7, 4.63], [4.884, 4.844, 4.396, 4.479, 4.329, 3.142, 0, 2.56, 3.14, 2.854, 2.56, 3.004, 2.941, 4.082, 4.901, 4.667, 4.145, 3.713, 3.62, 3.09, 2.76, 2.45, 2.49, 2.65, 3.01, 3.45, 3.08, 3.08, 3.29, 3.61, 3.84, 4.59, 5.84, 6.713, 6.98, 7.104, 7.441, 7.325, 6.831, 6.931, 7.738, 8.894, 9.62, 9.921, 10.461, 10.565, 10.691, 10.631, 8.708, 8.357, 8.8, 8.243, 7.839, 7.51, 7.79, 7.81, 7.346, 7.35, 7.943, 8.746, 9.07, 8.27, 5.72, 4.361, 4.11, 4.05, 4.22, 4.37, 4.3, 4.66, 5.48, 6.596, 6.81, 6.8, 7.184, 7.544, 7.254, 6.844, 7.06, 7.467, 7.584, 7.281, 7.691, 7.471, 7.248, 7.098], [7.225, 7.208, 6.705, 6.679, 6.538, 5.388, 2.56, 0, 1.3, 1.42, 1.34, 1.43, 1.43, 1.93, 2.88, 2.64, 2.28, 2.24, 2.8, 3.07, 2.8, 2.55, 2.57, 2.59, 2.99, 3.43, 3.64, 4.22, 4.65, 5.23, 5.48, 6.238, 7.502, 8.402, 8.703, 9.027, 9.521, 9.563, 8.854, 8.934, 9.878, 11.218, 11.938, 12.018, 12.535, 12.708, 12.771, 12.634, 10.868, 10.217, 10.483, 9.866, 9.485, 9.138, 9.438, 9.438, 8.972, 8.998, 9.589, 10.372, 10.726, 9.886, 7.49, 6.324, 6.024, 5.815, 5.854, 5.938, 5.876, 6.274, 7.108, 8.222, 8.543, 8.647, 9.144, 9.427, 9.197, 8.787, 8.82, 9.327, 9.527, 9.284, 9.734, 9.588, 9.465, 9.181], [7.645, 7.588, 7.011, 6.782, 6.832, 5.871, 3.14, 1.3, 0, 1.22, 1.22, 1.21, 1.35, 1.87, 2.63, 2.5, 2.16, 2.66, 3.46, 3.51, 3.38, 2.87, 2.87, 2.95, 3.37, 3.79, 4.06, 4.56, 4.93, 5.51, 5.92, 6.635, 7.956, 8.873, 9.183, 9.467, 9.924, 9.923, 9.274, 9.354, 10.241, 11.578, 12.298, 12.401, 12.921, 13.091, 13.191, 13.054, 11.251, 10.68, 10.963, 10.349, 9.925, 9.538, 9.855, 9.838, 9.432, 9.415, 10.129, 10.832, 11.206, 10.369, 7.95, 6.747, 6.447, 6.255, 6.333, 6.375, 6.208, 6.625, 7.562, 8.699, 9.023, 9.087, 9.567, 9.867, 9.637, 9.227, 9.28, 9.767, 9.967, 9.764, 10.194, 9.988, 9.845, 9.581], [7.073, 7.073, 6.349, 6.12, 6.067, 5.146, 2.854, 1.42, 1.22, 0, 0.9, 1.17, 1.37, 2.53, 3.55, 3.34, 2.84, 2.8, 3.46, 3.63, 3.46, 2.71, 2.57, 2.67, 3.11, 3.61, 3.84, 4.32, 4.65, 5.25, 5.44, 6.178, 7.456, 8.352, 8.633, 8.849, 9.317, 9.355, 8.653, 8.77, 9.691, 10.963, 11.689, 11.834, 12.354, 12.564, 12.647, 12.473, 10.804, 10.124, 10.496, 9.842, 9.464, 9.098, 9.398, 9.398, 8.951, 8.958, 9.628, 10.348, 10.706, 9.909, 7.393, 6.129, 5.847, 5.812, 5.876, 5.969, 5.882, 6.214, 7.085, 8.198, 8.483, 8.49, 8.949, 9.294, 9.019, 8.609, 8.713, 9.157, 9.349, 9.103, 9.573, 9.481, 9.315, 8.997], [7.053, 7.053, 6.614, 6.382, 6.332, 5.34, 2.56, 1.34, 1.22, 0.9, 0, 0.79, 1.29, 2.25, 3.238, 3.099, 2.56, 2.6, 3.38, 3.55, 3.28, 2.61, 2.57, 2.65, 3.01, 3.51, 3.9, 4.46, 4.89, 5.49, 5.72, 6.441, 7.736, 8.616, 8.886, 9.03, 9.443, 9.465, 8.793, 8.874, 9.771, 11.083, 11.809, 11.917, 12.44, 12.604, 12.67, 12.559, 10.744, 10.27, 10.696, 10.109, 9.704, 9.341, 9.638, 9.641, 9.208, 9.198, 9.802, 10.612, 10.966, 10.129, 7.633, 6.274, 6.023, 5.914, 6.054, 6.118, 6.096, 6.474, 7.342, 8.458, 8.723, 8.713, 9.11, 9.47, 9.18, 8.77, 8.966, 9.393, 9.51, 9.224, 9.659, 9.47, 9.355, 9.08], [7.355, 7.303, 6.904, 6.652, 6.662, 5.67, 3.004, 1.43, 1.21, 1.17, 0.79, 0, 1.28, 1.76, 2.72, 2.59, 2.25, 2.59, 3.31, 3.54, 3.35, 2.78, 2.7, 2.7, 3.08, 3.58, 4.01, 4.63, 5.06, 5.66, 5.85, 6.571, 7.904, 8.776, 9.063, 9.241, 9.67, 9.705, 9.006, 9.089, 10.021, 11.313, 12.039, 12.164, 12.699, 12.854, 12.917, 12.789, 11.014, 10.477, 10.866, 10.272, 9.834, 9.494, 9.768, 9.814, 9.338, 9.328, 9.979, 10.755, 11.136, 10.299, 7.823, 6.519, 6.263, 6.084, 6.284, 6.254, 6.266, 6.664, 7.484, 8.622, 8.913, 8.903, 9.339, 9.664, 9.409, 8.999, 9.143, 9.57, 9.739, 9.459, 9.883, 9.729, 9.625, 9.327], [6.803, 6.763, 6.276, 6.252, 6.282, 5.167, 2.941, 1.43, 1.35, 1.37, 1.29, 1.28, 0, 2.06, 3.08, 2.89, 2.45, 2.69, 3.19, 3.46, 3.27, 2.64, 2.48, 2.5, 2.88, 3.52, 3.79, 4.39, 4.82, 5.42, 5.469, 6.216, 7.406, 8.248, 8.489, 8.553, 9.084, 9.142, 8.403, 8.443, 9.438, 10.753, 11.473, 11.561, 12.095, 12.271, 12.297, 12.143, 10.371, 9.886, 10.306, 9.772, 9.454, 9.156, 9.456, 9.454, 8.925, 8.988, 9.505, 10.304, 10.599, 9.799, 7.186, 5.888, 5.686, 5.739, 5.866, 5.979, 6.009, 6.329, 7.101, 8.148, 8.339, 8.266, 8.661, 8.996, 8.723, 8.307, 8.566, 8.936, 9.044, 8.913, 9.323, 9.148, 9.025, 8.721], [8.38, 8.249, 7.921, 8.116, 8.125, 6.884, 4.082, 1.93, 1.87, 2.53, 2.25, 1.76, 2.06, 0, 1.32, 1.53, 1.79, 2.31, 3.19, 3.531, 3.35, 2.98, 3.0, 2.92, 3.28, 3.78, 4.17, 4.75, 5.16, 5.751, 6.029, 6.772, 8.119, 9.033, 9.34, 9.599, 10.269, 10.373, 9.563, 9.591, 10.592, 12.105, 12.808, 12.729, 13.383, 13.436, 13.357, 13.203, 11.571, 10.794, 11.163, 10.512, 10.074, 9.712, 10.01, 10.015, 9.578, 9.57, 10.252, 10.995, 11.386, 10.532, 8.11, 6.896, 6.636, 6.344, 6.491, 6.49, 6.414, 6.831, 7.714, 8.862, 9.18, 9.221, 9.736, 10.001, 9.769, 9.379, 9.42, 9.901, 10.099, 10.033, 10.383, 10.285, 10.362, 9.969], [9.391, 9.118, 8.818, 9.042, 9.074, 7.811, 4.901, 2.88, 2.63, 3.55, 3.238, 2.72, 3.08, 1.32, 0, 1.35, 2.01, 2.883, 3.806, 4.022, 4.049, 3.807, 3.844, 3.78, 4.08, 4.54, 4.826, 5.25, 5.66, 6.222, 6.776, 7.418, 8.913, 9.83, 10.14, 10.419, 10.97, 11.073, 10.283, 10.323, 11.275, 12.75, 13.49, 13.444, 14.052, 14.174, 14.177, 14.023, 12.334, 11.674, 12.0, 11.343, 10.728, 10.27, 10.624, 10.655, 10.275, 10.218, 11.02, 11.746, 12.183, 11.343, 8.967, 7.719, 7.439, 7.057, 7.25, 7.206, 7.073, 7.499, 8.456, 9.616, 9.98, 10.041, 10.579, 10.861, 10.589, 10.199, 10.237, 10.721, 10.919, 10.993, 11.243, 10.968, 10.988, 10.667], [9.057, 8.758, 8.514, 8.769, 8.79, 7.51, 4.667, 2.64, 2.5, 3.34, 3.099, 2.59, 2.89, 1.53, 1.35, 0, 1.34, 2.02, 2.8, 3.129, 3.176, 2.99, 3.068, 2.89, 3.05, 3.45, 3.779, 4.24, 4.73, 5.212, 5.732, 6.545, 8.003, 8.76, 9.127, 9.38, 10.159, 10.218, 9.335, 9.524, 10.439, 12.214, 13.08, 12.902, 13.313, 13.418, 13.204, 13.01, 11.458, 10.599, 10.91, 10.256, 9.735, 9.275, 9.631, 9.645, 9.265, 9.225, 9.959, 10.719, 11.173, 10.276, 8.017, 7.057, 6.7, 6.173, 6.18, 6.162, 6.012, 6.472, 7.412, 8.569, 8.907, 8.983, 9.72, 9.846, 9.61, 9.243, 9.187, 9.663, 9.92, 10.597, 10.67, 10.372, 10.477, 10.047], [8.441, 8.128, 7.912, 8.209, 8.204, 6.891, 4.145, 2.28, 2.16, 2.84, 2.56, 2.25, 2.45, 1.79, 2.01, 1.34, 0, 1.2, 2.04, 2.25, 2.48, 2.37, 2.47, 2.33, 2.35, 2.67, 2.96, 3.46, 3.95, 4.49, 4.893, 5.672, 7.133, 7.913, 8.197, 8.601, 9.39, 9.497, 8.64, 8.66, 9.69, 11.391, 12.407, 12.17, 12.644, 12.697, 12.508, 12.291, 10.745, 9.874, 10.063, 9.423, 8.842, 8.435, 8.772, 8.752, 8.369, 8.332, 9.077, 9.806, 10.343, 9.523, 7.127, 6.198, 5.741, 5.163, 5.313, 5.332, 5.24, 5.696, 6.533, 7.713, 8.054, 8.241, 8.921, 9.084, 8.791, 8.395, 8.317, 8.881, 9.198, 9.857, 9.951, 9.703, 9.579, 9.084], [7.896, 7.57, 7.29, 7.646, 7.627, 6.332, 3.713, 2.24, 2.66, 2.8, 2.6, 2.59, 2.69, 2.31, 2.883, 2.02, 1.2, 0, 1.16, 1.51, 1.74, 1.63, 1.77, 1.67, 1.57, 1.87, 2.1, 2.66, 3.17, 3.75, 4.04, 4.929, 6.367, 7.13, 7.317, 7.701, 8.564, 8.675, 7.84, 7.974, 8.927, 10.757, 11.77, 11.512, 12.019, 12.075, 11.788, 11.551, 10.14, 9.174, 9.26, 8.52, 7.919, 7.515, 7.832, 7.829, 7.449, 7.429, 8.277, 8.926, 9.477, 8.754, 6.347, 5.498, 4.961, 4.454, 4.507, 4.529, 4.434, 4.86, 5.699, 6.793, 7.194, 7.441, 8.121, 8.304, 7.891, 7.55, 7.457, 8.061, 8.453, 9.237, 9.311, 9.182, 8.945, 8.319], [7.629, 7.273, 6.984, 7.38, 7.367, 6.043, 3.62, 2.8, 3.46, 3.46, 3.38, 3.31, 3.19, 3.19, 3.806, 2.8, 2.04, 1.16, 0, 0.91, 1.22, 1.47, 1.57, 1.53, 1.31, 1.41, 1.32, 1.96, 2.47, 3.03, 3.24, 4.15, 5.781, 6.45, 6.731, 7.213, 8.153, 8.195, 7.295, 7.577, 8.565, 10.337, 11.381, 11.192, 11.667, 11.733, 11.305, 11.028, 9.74, 8.585, 8.557, 7.78, 7.059, 6.721, 6.995, 7.041, 6.569, 6.595, 7.554, 8.254, 8.811, 8.203, 5.915, 5.052, 4.627, 4.008, 3.854, 4.01, 4.14, 4.3, 4.891, 6.078, 6.545, 6.758, 7.706, 7.895, 7.505, 7.147, 6.785, 7.413, 7.973, 8.896, 8.895, 8.833, 8.645, 8.101], [7.16, 6.8, 6.517, 6.922, 6.894, 5.57, 3.09, 3.07, 3.51, 3.63, 3.55, 3.54, 3.46, 3.531, 4.022, 3.129, 2.25, 1.51, 0.91, 0, 0.65, 1.24, 1.52, 1.44, 1.26, 1.44, 1.21, 1.57, 1.86, 2.38, 2.89, 3.68, 5.225, 6.08, 6.358, 6.903, 7.894, 8.004, 7.107, 7.284, 8.234, 9.966, 10.977, 10.722, 11.271, 11.264, 10.915, 10.658, 9.31, 8.215, 8.167, 7.39, 6.729, 6.285, 6.642, 6.699, 6.279, 6.279, 7.284, 7.904, 8.415, 7.83, 5.465, 4.685, 4.245, 3.678, 3.511, 3.615, 3.65, 3.888, 4.463, 5.828, 6.335, 6.488, 7.217, 7.465, 7.075, 6.874, 6.535, 7.217, 7.594, 8.423, 8.426, 8.412, 8.312, 7.728], [6.945, 6.606, 6.424, 6.69, 6.647, 5.344, 2.76, 2.8, 3.38, 3.46, 3.28, 3.35, 3.27, 3.35, 4.049, 3.176, 2.48, 1.74, 1.22, 0.65, 0, 0.95, 1.29, 1.33, 1.17, 1.43, 1.34, 1.78, 2.11, 2.63, 2.98, 3.65, 5.261, 6.078, 6.391, 6.958, 8.016, 8.109, 7.195, 7.326, 8.316, 10.017, 10.959, 10.681, 11.213, 11.226, 10.828, 10.588, 9.14, 8.128, 8.137, 7.477, 6.822, 6.458, 6.755, 6.818, 6.366, 6.315, 7.314, 7.986, 8.451, 7.797, 5.515, 4.735, 4.33, 3.708, 3.567, 3.63, 3.7, 3.94, 4.553, 5.918, 6.405, 6.558, 7.221, 7.475, 7.145, 6.964, 6.668, 7.318, 7.664, 8.231, 8.308, 8.32, 8.297, 7.807], [6.567, 6.271, 6.034, 6.32, 6.274, 4.974, 2.45, 2.55, 2.87, 2.71, 2.61, 2.78, 2.64, 2.98, 3.807, 2.99, 2.37, 1.63, 1.47, 1.24, 0.95, 0, 0.58, 0.82, 1.0, 1.42, 1.51, 2.05, 2.42, 2.98, 3.23, 3.96, 5.286, 6.183, 6.49, 6.788, 7.769, 7.882, 6.985, 7.099, 8.072, 9.719, 10.567, 10.369, 10.941, 11.0, 10.698, 10.458, 8.99, 8.044, 8.313, 7.696, 7.252, 6.888, 7.185, 7.191, 6.779, 6.745, 7.496, 8.179, 8.533, 7.796, 5.4, 4.448, 4.088, 3.639, 3.721, 3.745, 3.73, 4.11, 4.909, 6.046, 6.37, 6.414, 6.951, 7.294, 6.941, 6.754, 6.57, 7.134, 7.434, 7.919, 8.041, 8.01, 8.056, 7.557], [6.381, 6.091, 5.826, 6.12, 6.094, 4.794, 2.49, 2.57, 2.87, 2.57, 2.57, 2.7, 2.48, 3.0, 3.844, 3.068, 2.47, 1.77, 1.57, 1.52, 1.29, 0.58, 0, 0.66, 0.88, 1.48, 1.61, 2.17, 2.58, 3.18, 3.35, 4.12, 5.381, 6.229, 6.493, 6.711, 7.609, 7.719, 6.805, 6.964, 7.909, 9.545, 10.37, 10.191, 10.801, 10.859, 10.638, 10.398, 8.835, 8.027, 8.353, 7.716, 7.392, 7.051, 7.345, 7.371, 6.862, 6.925, 7.522, 8.259, 8.553, 7.819, 5.38, 4.348, 3.951, 3.762, 3.841, 3.94, 3.89, 4.29, 5.021, 6.109, 6.31, 6.337, 6.891, 7.237, 6.901, 6.614, 6.593, 7.057, 7.348, 7.768, 7.941, 7.841, 7.899, 7.388], [6.578, 6.277, 5.961, 6.308, 6.277, 4.991, 2.65, 2.59, 2.95, 2.67, 2.65, 2.7, 2.5, 2.92, 3.78, 2.89, 2.33, 1.67, 1.53, 1.44, 1.33, 0.82, 0.66, 0, 0.8, 1.4, 1.69, 2.27, 2.68, 3.3, 3.37, 4.24, 5.418, 6.269, 6.55, 6.884, 7.663, 7.765, 6.896, 7.042, 7.989, 9.653, 10.476, 10.346, 10.869, 10.93, 10.831, 10.591, 9.085, 8.161, 8.453, 7.776, 7.432, 7.148, 7.405, 7.451, 6.902, 7.005, 7.588, 8.299, 8.616, 7.919, 5.42, 4.448, 4.065, 3.922, 3.944, 4.054, 4.11, 4.39, 5.098, 6.169, 6.416, 6.508, 7.067, 7.364, 7.057, 6.725, 6.63, 7.188, 7.441, 7.981, 8.117, 7.959, 8.044, 7.478], [6.875, 6.518, 6.228, 6.605, 6.574, 5.262, 3.01, 2.99, 3.37, 3.11, 3.01, 3.08, 2.88, 3.28, 4.08, 3.05, 2.35, 1.57, 1.31, 1.26, 1.17, 1.0, 0.88, 0.8, 0, 0.98, 1.31, 1.93, 2.52, 2.94, 2.99, 4.02, 5.29, 5.966, 6.247, 6.584, 7.683, 7.776, 6.839, 7.053, 8.003, 9.727, 10.709, 10.451, 10.995, 10.968, 10.528, 10.214, 8.942, 7.82, 8.067, 7.373, 7.029, 6.72, 7.0, 7.04, 6.499, 6.6, 7.279, 7.979, 8.273, 7.636, 5.294, 4.522, 4.15, 3.659, 3.57, 3.68, 3.73, 4.01, 4.67, 5.726, 6.073, 6.147, 7.044, 7.27, 6.894, 6.665, 6.464, 6.987, 7.343, 8.141, 8.254, 8.121, 8.087, 7.514], [7.323, 6.955, 6.634, 7.039, 7.055, 5.73, 3.45, 3.43, 3.79, 3.61, 3.51, 3.58, 3.52, 3.78, 4.54, 3.45, 2.67, 1.87, 1.41, 1.44, 1.43, 1.42, 1.48, 1.4, 0.98, 0, 0.97, 1.53, 2.26, 2.58, 2.81, 4.0, 5.45, 6.05, 6.26, 6.648, 7.862, 7.875, 6.847, 7.292, 8.148, 10.035, 11.035, 10.793, 11.271, 11.261, 10.57, 10.065, 9.178, 7.673, 7.68, 6.96, 6.41, 6.08, 6.42, 6.42, 5.98, 6.02, 6.94, 7.8, 8.4, 7.834, 5.587, 4.756, 4.353, 3.58, 3.13, 3.38, 3.53, 3.79, 4.13, 5.35, 5.995, 6.155, 7.311, 7.528, 6.978, 6.816, 6.426, 7.02, 7.554, 8.518, 8.439, 8.503, 8.387, 7.708], [6.873, 6.487, 6.184, 6.589, 6.662, 5.315, 3.08, 3.64, 4.06, 3.84, 3.9, 4.01, 3.79, 4.17, 4.826, 3.779, 2.96, 2.1, 1.32, 1.21, 1.34, 1.51, 1.61, 1.69, 1.31, 0.97, 0, 0.84, 1.53, 1.99, 2.22, 3.23, 4.9, 5.48, 5.73, 6.224, 7.309, 7.357, 6.406, 6.745, 7.684, 9.508, 10.527, 10.312, 10.807, 10.853, 10.271, 9.883, 8.794, 7.485, 7.49, 6.73, 6.04, 5.67, 5.97, 5.95, 5.57, 5.57, 6.51, 7.23, 7.865, 7.291, 5.043, 4.226, 3.803, 3.023, 2.78, 3.01, 3.12, 3.22, 3.84, 5.02, 5.534, 5.713, 6.82, 7.043, 6.562, 6.269, 5.882, 6.521, 7.107, 8.05, 8.026, 8.021, 7.836, 7.269], [6.633, 6.213, 5.93, 6.329, 6.44, 5.09, 3.08, 4.22, 4.56, 4.32, 4.46, 4.63, 4.39, 4.75, 5.25, 4.24, 3.46, 2.66, 1.96, 1.57, 1.78, 2.05, 2.17, 2.27, 1.93, 1.53, 0.84, 0, 0.97, 1.47, 1.9, 2.93, 4.6, 5.24, 5.43, 5.941, 7.092, 7.145, 6.203, 6.514, 7.427, 9.248, 10.259, 10.032, 10.516, 10.569, 10.009, 9.563, 8.462, 7.197, 7.07, 6.31, 5.6, 5.11, 5.49, 5.55, 5.17, 5.15, 6.15, 6.97, 7.562, 7.008, 4.792, 3.974, 3.62, 2.85, 2.6, 2.89, 2.88, 3.0, 3.52, 4.74, 5.37, 5.42, 6.598, 6.792, 6.302, 6.072, 5.685, 6.298, 6.875, 7.802, 7.746, 7.761, 7.67, 7.04], [6.221, 5.821, 5.52, 5.916, 6.01, 4.68, 3.29, 4.65, 4.93, 4.65, 4.89, 5.06, 4.82, 5.16, 5.66, 4.73, 3.95, 3.17, 2.47, 1.86, 2.11, 2.42, 2.58, 2.68, 2.52, 2.26, 1.53, 0.97, 0, 1.14, 1.69, 2.48, 4.19, 4.99, 5.24, 5.83, 6.805, 6.915, 6.016, 6.25, 7.2, 8.867, 9.854, 9.657, 10.172, 10.228, 9.86, 9.48, 8.26, 7.1, 6.9, 6.16, 5.23, 4.72, 5.1, 5.3, 4.86, 4.78, 6.02, 6.78, 7.3, 6.78, 4.422, 3.55, 3.27, 2.66, 2.53, 2.84, 2.83, 2.93, 3.25, 4.63, 5.2, 5.27, 6.205, 6.45, 6.06, 5.81, 5.42, 6.108, 6.585, 7.389, 7.336, 7.38, 7.32, 6.77], [5.541, 5.161, 4.851, 5.256, 5.35, 4.1, 3.61, 5.23, 5.51, 5.25, 5.49, 5.66, 5.42, 5.751, 6.222, 5.212, 4.49, 3.75, 3.03, 2.38, 2.63, 2.98, 3.18, 3.3, 2.94, 2.58, 1.99, 1.47, 1.14, 0, 1.15, 1.98, 3.51, 4.19, 4.46, 4.965, 6.156, 6.209, 5.235, 5.566, 6.479, 8.257, 9.22, 9.024, 9.476, 9.543, 8.992, 8.54, 7.486, 6.1, 6.1, 5.34, 4.59, 4.08, 4.46, 4.6, 4.2, 4.14, 5.28, 5.96, 6.56, 5.995, 3.77, 2.95, 2.61, 2.08, 1.79, 2.08, 2.11, 2.13, 2.47, 3.73, 4.36, 4.37, 5.547, 5.77, 5.329, 5.13, 4.74, 5.325, 5.83, 6.769, 6.696, 6.72, 6.66, 6.07], [4.951, 4.531, 4.29, 4.83, 4.9, 3.85, 3.84, 5.48, 5.92, 5.44, 5.72, 5.85, 5.469, 6.029, 6.776, 5.732, 4.893, 4.04, 3.24, 2.89, 2.98, 3.23, 3.35, 3.37, 2.99, 2.81, 2.22, 1.9, 1.69, 1.15, 0, 1.55, 2.9, 3.52, 3.73, 4.26, 5.449, 5.522, 4.57, 4.819, 5.772, 7.625, 8.656, 8.394, 8.869, 8.919, 8.368, 7.93, 6.85, 5.53, 5.41, 4.67, 4.1, 3.83, 4.05, 4.09, 3.57, 3.65, 4.47, 5.27, 5.91, 5.325, 3.1, 2.38, 2.0, 1.73, 1.52, 1.61, 1.84, 1.68, 1.94, 3.08, 3.71, 3.78, 4.877, 5.069, 4.639, 4.44, 4.05, 4.66, 5.24, 6.2, 6.15, 6.17, 6.01, 5.5], [4.35, 3.91, 3.76, 4.8, 4.95, 3.98, 4.59, 6.238, 6.635, 6.178, 6.441, 6.571, 6.216, 6.772, 7.418, 6.545, 5.672, 4.929, 4.15, 3.68, 3.65, 3.96, 4.12, 4.24, 4.02, 4.0, 3.23, 2.93, 2.48, 1.98, 1.55, 0, 1.91, 2.67, 2.96, 3.49, 4.53, 4.7, 4.08, 4.22, 4.89, 6.557, 7.546, 7.327, 7.87, 7.92, 7.5, 7.26, 5.9, 4.8, 4.86, 4.08, 3.33, 3.0, 3.32, 3.4, 2.92, 2.88, 3.92, 4.5, 5.02, 4.46, 2.15, 1.61, 1.81, 1.92, 1.83, 1.56, 1.65, 1.55, 1.61, 2.57, 2.98, 3.09, 3.89, 4.19, 3.88, 3.67, 3.36, 4.17, 4.57, 5.45, 5.44, 5.4, 5.46, 4.95], [4.32, 4.0, 4.19, 5.35, 5.52, 4.43, 5.84, 7.502, 7.956, 7.456, 7.736, 7.904, 7.406, 8.119, 8.913, 8.003, 7.133, 6.367, 5.781, 5.225, 5.261, 5.286, 5.381, 5.418, 5.29, 5.45, 4.9, 4.6, 4.19, 3.51, 2.9, 1.91, 0, 1.14, 1.65, 2.2, 3.14, 3.89, 3.59, 3.39, 3.28, 4.85, 5.85, 5.54, 6.1, 6.11, 5.77, 5.53, 4.15, 3.07, 3.15, 2.45, 2.1, 2.27, 2.37, 2.41, 2.15, 2.17, 2.29, 2.97, 3.33, 2.73, 1.74, 2.24, 2.28, 2.67, 2.8, 2.47, 2.56, 2.18, 1.76, 1.44, 1.77, 1.68, 2.32, 2.62, 2.33, 2.34, 2.15, 3.06, 3.18, 4.08, 4.03, 3.95, 4.07, 3.6], [4.24, 3.98, 4.37, 5.47, 5.64, 4.61, 6.713, 8.402, 8.873, 8.352, 8.616, 8.776, 8.248, 9.033, 9.83, 8.76, 7.913, 7.13, 6.45, 6.08, 6.078, 6.183, 6.229, 6.269, 5.966, 6.05, 5.48, 5.24, 4.99, 4.19, 3.52, 2.67, 1.14, 0, 0.99, 1.44, 2.58, 3.29, 2.95, 2.87, 2.56, 4.21, 5.25, 4.96, 5.4, 5.45, 4.91, 4.63, 3.37, 2.19, 2.27, 1.69, 1.82, 2.57, 2.57, 2.57, 2.35, 2.39, 1.93, 2.29, 2.61, 2.01, 1.94, 2.72, 3.04, 3.17, 3.38, 3.09, 3.14, 2.74, 2.3, 1.24, 1.41, 1.24, 1.82, 2.06, 1.67, 1.68, 1.47, 2.26, 2.48, 3.6, 3.59, 3.51, 3.57, 3.06], [3.89, 3.67, 4.28, 5.26, 5.35, 4.7, 6.98, 8.703, 9.183, 8.633, 8.886, 9.063, 8.489, 9.34, 10.14, 9.127, 8.197, 7.317, 6.731, 6.358, 6.391, 6.49, 6.493, 6.55, 6.247, 6.26, 5.73, 5.43, 5.24, 4.46, 3.73, 2.96, 1.65, 0.99, 0, 0.83, 2.15, 2.78, 2.48, 2.38, 2.43, 4.157, 5.214, 4.921, 5.35, 5.38, 4.82, 4.46, 3.28, 2.12, 2.14, 1.84, 2.11, 2.84, 2.78, 2.82, 2.54, 2.6, 2.32, 2.76, 2.58, 2.44, 2.17, 2.91, 3.09, 3.28, 3.41, 3.22, 3.35, 2.97, 2.65, 1.49, 1.26, 1.25, 2.03, 1.95, 1.68, 1.71, 1.6, 2.11, 2.49, 3.57, 3.58, 3.5, 3.4, 2.81], [3.54, 3.38, 3.97, 4.99, 5.04, 4.65, 7.104, 9.027, 9.467, 8.849, 9.03, 9.241, 8.553, 9.599, 10.419, 9.38, 8.601, 7.701, 7.213, 6.903, 6.958, 6.788, 6.711, 6.884, 6.584, 6.648, 6.224, 5.941, 5.83, 4.965, 4.26, 3.49, 2.2, 1.44, 0.83, 0, 1.56, 2.19, 1.83, 1.81, 1.76, 3.61, 4.664, 4.391, 4.834, 4.861, 4.23, 3.91, 2.77, 1.99, 2.31, 2.19, 2.6, 3.27, 3.25, 3.23, 2.97, 3.09, 2.73, 3.09, 2.75, 2.57, 2.38, 2.94, 3.2, 3.65, 3.92, 3.59, 3.6, 3.42, 3.16, 1.92, 1.51, 1.3, 1.76, 1.7, 1.39, 1.52, 1.77, 1.72, 2.02, 3.16, 3.23, 3.11, 3.03, 2.38], [3.24, 3.2, 3.87, 4.67, 4.62, 4.85, 7.441, 9.521, 9.924, 9.317, 9.443, 9.67, 9.084, 10.269, 10.97, 10.159, 9.39, 8.564, 8.153, 7.894, 8.016, 7.769, 7.609, 7.663, 7.683, 7.862, 7.309, 7.092, 6.805, 6.156, 5.449, 4.53, 3.14, 2.58, 2.15, 1.56, 0, 1.01, 1.27, 1.03, 0.9, 2.39, 3.53, 3.48, 3.96, 3.83, 3.85, 3.91, 2.43, 3.21, 3.59, 3.45, 3.9, 4.55, 4.55, 4.53, 4.23, 4.41, 4.01, 4.21, 3.65, 3.61, 3.22, 3.56, 3.84, 4.71, 5.16, 4.89, 4.84, 4.64, 4.32, 3.06, 2.59, 2.4, 2.42, 2.36, 2.29, 2.1, 2.69, 2.4, 2.28, 2.7, 2.55, 2.19, 2.19, 1.92], [2.83, 2.89, 3.56, 4.34, 4.23, 4.6, 7.325, 9.563, 9.923, 9.355, 9.465, 9.705, 9.142, 10.373, 11.073, 10.218, 9.497, 8.675, 8.195, 8.004, 8.109, 7.882, 7.719, 7.765, 7.776, 7.875, 7.357, 7.145, 6.915, 6.209, 5.522, 4.7, 3.89, 3.29, 2.78, 2.19, 1.01, 0, 1.18, 1.24, 1.31, 2.56, 3.66, 4.19, 4.63, 4.3, 4.44, 4.52, 3.02, 3.92, 4.34, 4.24, 4.69, 5.28, 5.28, 5.24, 4.86, 5.0, 4.68, 4.88, 4.36, 4.36, 3.85, 3.69, 3.91, 4.76, 5.17, 4.92, 4.91, 4.77, 4.53, 3.49, 2.92, 2.93, 2.99, 2.85, 2.72, 2.49, 3.02, 2.65, 2.63, 3.13, 2.94, 2.48, 2.24, 2.23], [2.67, 2.69, 3.3, 4.08, 3.97, 4.24, 6.831, 8.854, 9.274, 8.653, 8.793, 9.006, 8.403, 9.563, 10.283, 9.335, 8.64, 7.84, 7.295, 7.107, 7.195, 6.985, 6.805, 6.896, 6.839, 6.847, 6.406, 6.203, 6.016, 5.235, 4.57, 4.08, 3.59, 2.95, 2.48, 1.83, 1.27, 1.18, 0, 0.74, 1.55, 3.36, 4.44, 4.41, 4.93, 4.74, 4.56, 4.36, 3.04, 3.54, 3.84, 3.82, 4.29, 4.88, 4.88, 4.84, 4.5, 4.64, 4.34, 4.68, 4.2, 4.08, 3.55, 3.09, 3.11, 3.9, 4.17, 3.96, 4.09, 4.05, 3.87, 2.97, 2.56, 2.57, 2.75, 2.67, 2.38, 2.17, 2.54, 2.15, 2.47, 2.97, 2.92, 2.54, 2.52, 2.19], [2.83, 2.79, 3.54, 4.24, 4.15, 4.38, 6.931, 8.934, 9.354, 8.77, 8.874, 9.089, 8.443, 9.591, 10.323, 9.524, 8.66, 7.974, 7.577, 7.284, 7.326, 7.099, 6.964, 7.042, 7.053, 7.292, 6.745, 6.514, 6.25, 5.566, 4.819, 4.22, 3.39, 2.87, 2.38, 1.81, 1.03, 1.24, 0.74, 0, 1.27, 3.04, 4.1, 3.97, 4.39, 4.32, 4.28, 4.18, 2.84, 3.42, 3.82, 3.86, 4.37, 5.0, 4.96, 4.88, 4.6, 4.7, 4.26, 4.52, 3.98, 3.84, 3.53, 3.13, 3.25, 4.04, 4.49, 4.24, 4.31, 4.17, 4.09, 3.19, 2.72, 2.61, 2.53, 2.33, 2.28, 2.11, 2.52, 2.15, 2.23, 2.55, 2.4, 2.2, 2.16, 1.95], [3.62, 3.56, 4.27, 5.07, 4.94, 5.11, 7.738, 9.878, 10.241, 9.691, 9.771, 10.021, 9.438, 10.592, 11.275, 10.439, 9.69, 8.927, 8.565, 8.234, 8.316, 8.072, 7.909, 7.989, 8.003, 8.148, 7.684, 7.427, 7.2, 6.479, 5.772, 4.89, 3.28, 2.56, 2.43, 1.76, 0.9, 1.31, 1.55, 1.27, 0, 2.05, 3.13, 2.96, 3.5, 3.37, 3.29, 3.35, 2.19, 2.93, 3.47, 3.49, 3.96, 4.57, 4.55, 4.51, 4.35, 4.45, 3.93, 3.89, 3.41, 3.33, 3.46, 3.96, 4.26, 5.05, 5.46, 5.13, 5.08, 4.88, 4.5, 3.24, 2.77, 2.54, 2.3, 2.14, 2.13, 2.14, 2.67, 2.32, 2.04, 2.46, 2.37, 2.03, 2.01, 1.78], [4.37, 4.35, 5.06, 5.82, 5.73, 6.14, 8.894, 11.218, 11.578, 10.963, 11.083, 11.313, 10.753, 12.105, 12.75, 12.214, 11.391, 10.757, 10.337, 9.966, 10.017, 9.719, 9.545, 9.653, 9.727, 10.035, 9.508, 9.248, 8.867, 8.257, 7.625, 6.557, 4.85, 4.21, 4.157, 3.61, 2.39, 2.56, 3.36, 3.04, 2.05, 0, 1.3, 1.97, 2.59, 2.3, 2.74, 3.12, 2.0, 3.14, 3.76, 3.82, 4.83, 5.68, 5.44, 5.32, 5.72, 5.56, 4.3, 3.84, 3.08, 3.34, 4.627, 5.45, 5.93, 7.0, 7.49, 7.18, 7.13, 6.833, 6.43, 4.95, 4.3, 4.01, 3.03, 2.89, 3.36, 3.47, 3.88, 3.45, 2.93, 2.93, 2.76, 2.26, 2.32, 2.65], [4.99, 5.03, 5.72, 6.48, 6.39, 6.82, 9.62, 11.938, 12.298, 11.689, 11.809, 12.039, 11.473, 12.808, 13.49, 13.08, 12.407, 11.77, 11.381, 10.977, 10.959, 10.567, 10.37, 10.476, 10.709, 11.035, 10.527, 10.259, 9.854, 9.22, 8.656, 7.546, 5.85, 5.25, 5.214, 4.664, 3.53, 3.66, 4.44, 4.1, 3.13, 1.3, 0, 1.29, 2.03, 1.94, 2.38, 2.68, 2.22, 3.68, 4.36, 4.737, 5.89, 6.72, 6.48, 6.28, 6.76, 6.62, 4.96, 3.74, 3.08, 3.64, 5.633, 6.41, 6.99, 8.06, 8.55, 8.217, 8.167, 7.887, 7.47, 6.05, 5.377, 5.081, 3.93, 3.79, 4.32, 4.504, 4.928, 4.298, 3.55, 3.23, 3.36, 2.98, 3.12, 3.63], [5.82, 5.74, 6.45, 7.27, 7.12, 7.31, 9.921, 12.018, 12.401, 11.834, 11.917, 12.164, 11.561, 12.729, 13.444, 12.902, 12.17, 11.512, 11.192, 10.722, 10.681, 10.369, 10.191, 10.346, 10.451, 10.793, 10.312, 10.032, 9.657, 9.024, 8.394, 7.327, 5.54, 4.96, 4.921, 4.391, 3.48, 4.19, 4.41, 3.97, 2.96, 1.97, 1.29, 0, 1.04, 1.09, 1.35, 1.65, 2.11, 3.37, 4.05, 4.467, 5.66, 6.49, 6.21, 6.01, 6.49, 6.33, 4.67, 3.39, 2.65, 3.23, 5.378, 6.22, 6.76, 7.77, 8.26, 7.907, 7.877, 7.594, 7.22, 5.82, 5.132, 4.842, 3.64, 3.477, 4.007, 4.259, 4.689, 4.059, 3.28, 2.94, 2.89, 2.81, 3.21, 3.48], [6.46, 6.36, 7.11, 7.91, 7.76, 7.91, 10.461, 12.535, 12.921, 12.354, 12.44, 12.699, 12.095, 13.383, 14.052, 13.313, 12.644, 12.019, 11.667, 11.271, 11.213, 10.941, 10.801, 10.869, 10.995, 11.271, 10.807, 10.516, 10.172, 9.476, 8.869, 7.87, 6.1, 5.4, 5.35, 4.834, 3.96, 4.63, 4.93, 4.39, 3.5, 2.59, 2.03, 1.04, 0, 0.69, 1.47, 1.89, 2.67, 3.79, 4.45, 4.927, 6.1, 6.93, 6.65, 6.45, 6.93, 6.75, 5.07, 3.79, 3.17, 3.63, 5.895, 6.84, 7.34, 8.21, 8.66, 8.327, 8.277, 8.02, 7.66, 6.26, 5.586, 5.296, 4.24, 3.92, 4.47, 4.74, 5.123, 4.493, 3.74, 3.56, 3.53, 3.43, 3.75, 4.0], [6.23, 6.19, 6.98, 7.68, 7.59, 7.92, 10.565, 12.708, 13.091, 12.564, 12.604, 12.854, 12.271, 13.436, 14.174, 13.418, 12.697, 12.075, 11.733, 11.264, 11.226, 11.0, 10.859, 10.93, 10.968, 11.261, 10.853, 10.569, 10.228, 9.543, 8.919, 7.92, 6.11, 5.45, 5.38, 4.861, 3.83, 4.3, 4.74, 4.32, 3.37, 2.3, 1.94, 1.09, 0.69, 0, 1.34, 1.88, 2.36, 3.74, 4.44, 4.931, 6.13, 6.96, 6.68, 6.48, 6.96, 6.78, 5.08, 3.9, 3.34, 3.66, 5.928, 6.95, 7.35, 8.22, 8.67, 8.311, 8.281, 8.044, 7.69, 6.29, 5.593, 5.327, 4.23, 3.91, 4.48, 4.77, 5.171, 4.55, 3.77, 3.65, 3.48, 3.34, 3.64, 4.03], [6.53, 6.45, 7.24, 8.0, 7.87, 8.14, 10.691, 12.771, 13.191, 12.647, 12.67, 12.917, 12.297, 13.357, 14.177, 13.204, 12.508, 11.788, 11.305, 10.915, 10.828, 10.698, 10.638, 10.831, 10.528, 10.57, 10.271, 10.009, 9.86, 8.992, 8.368, 7.5, 5.77, 4.91, 4.82, 4.23, 3.85, 4.44, 4.56, 4.28, 3.29, 2.74, 2.38, 1.35, 1.47, 1.34, 0, 0.8, 2.18, 3.0, 3.68, 4.18, 5.375, 6.22, 5.94, 5.74, 6.22, 6.04, 4.32, 3.28, 2.84, 3.18, 5.65, 6.81, 7.25, 7.66, 7.91, 7.56, 7.55, 7.37, 6.95, 5.57, 4.96, 4.75, 3.93, 3.61, 3.96, 4.49, 4.62, 3.99, 3.47, 3.55, 3.32, 3.44, 3.8, 3.97], [6.53, 6.47, 7.24, 7.98, 7.87, 8.1, 10.631, 12.634, 13.054, 12.473, 12.559, 12.789, 12.143, 13.203, 14.023, 13.01, 12.291, 11.551, 11.028, 10.658, 10.588, 10.458, 10.398, 10.591, 10.214, 10.065, 9.883, 9.563, 9.48, 8.54, 7.93, 7.26, 5.53, 4.63, 4.46, 3.91, 3.91, 4.52, 4.36, 4.18, 3.35, 3.12, 2.68, 1.65, 1.89, 1.88, 0.8, 0, 2.14, 2.56, 3.06, 3.56, 4.75, 5.6, 5.34, 5.12, 5.58, 5.4, 3.88, 2.94, 2.64, 2.98, 5.41, 6.61, 7.01, 7.36, 7.45, 7.24, 7.23, 6.93, 6.37, 4.99, 4.66, 4.31, 3.69, 3.37, 3.7, 4.25, 4.36, 3.75, 3.25, 3.57, 3.36, 3.44, 3.82, 3.89], [4.43, 4.37, 5.32, 5.98, 5.85, 6.18, 8.708, 10.868, 11.251, 10.804, 10.744, 11.014, 10.371, 11.571, 12.334, 11.458, 10.745, 10.14, 9.74, 9.31, 9.14, 8.99, 8.835, 9.085, 8.942, 9.178, 8.794, 8.462, 8.26, 7.486, 6.85, 5.9, 4.15, 3.37, 3.28, 2.77, 2.43, 3.02, 3.04, 2.84, 2.19, 2.0, 2.22, 2.11, 2.67, 2.36, 2.18, 2.14, 0, 1.66, 2.3, 2.82, 4.03, 4.88, 4.7, 4.5, 4.84, 4.66, 3.0, 2.52, 1.88, 2.02, 3.99, 5.11, 5.53, 6.12, 6.49, 6.14, 6.15, 5.95, 5.55, 4.15, 3.488, 3.25, 2.33, 2.23, 2.46, 2.77, 3.16, 2.69, 2.39, 2.83, 2.96, 2.34, 2.46, 2.35], [4.97, 4.77, 5.5, 6.44, 6.49, 6.0, 8.357, 10.217, 10.68, 10.124, 10.27, 10.477, 9.886, 10.794, 11.674, 10.599, 9.874, 9.174, 8.585, 8.215, 8.128, 8.044, 8.027, 8.161, 7.82, 7.673, 7.485, 7.197, 7.1, 6.1, 5.53, 4.8, 3.07, 2.19, 2.12, 1.99, 3.21, 3.92, 3.54, 3.42, 2.93, 3.14, 3.68, 3.37, 3.79, 3.74, 3.0, 2.56, 1.66, 0, 1.1, 1.44, 2.55, 3.44, 3.3, 3.18, 3.4, 3.2, 1.88, 1.76, 1.54, 1.32, 3.03, 4.43, 4.75, 4.98, 5.01, 4.8, 4.83, 4.49, 4.01, 2.67, 2.28, 2.01, 1.67, 1.65, 1.66, 2.13, 1.98, 1.99, 2.25, 3.17, 3.28, 3.16, 3.18, 2.87], [5.37, 5.19, 5.94, 6.8, 6.85, 6.46, 8.8, 10.483, 10.963, 10.496, 10.696, 10.866, 10.306, 11.163, 12.0, 10.91, 10.063, 9.26, 8.557, 8.167, 8.137, 8.313, 8.353, 8.453, 8.067, 7.68, 7.49, 7.07, 6.9, 6.1, 5.41, 4.86, 3.15, 2.27, 2.14, 2.31, 3.59, 4.34, 3.84, 3.82, 3.47, 3.76, 4.36, 4.05, 4.45, 4.44, 3.68, 3.06, 2.3, 1.1, 0, 0.98, 2.11, 2.88, 2.68, 2.44, 2.72, 2.62, 1.56, 2.02, 1.94, 1.7, 3.31, 4.83, 5.05, 5.12, 4.91, 4.84, 4.99, 4.55, 3.77, 2.65, 2.42, 2.39, 2.43, 2.31, 2.22, 2.67, 2.42, 2.73, 3.03, 3.97, 4.08, 3.92, 3.88, 3.35], [5.35, 5.11, 5.62, 6.68, 6.81, 6.06, 8.243, 9.866, 10.349, 9.842, 10.109, 10.272, 9.772, 10.512, 11.343, 10.256, 9.423, 8.52, 7.78, 7.39, 7.477, 7.696, 7.716, 7.776, 7.373, 6.96, 6.73, 6.31, 6.16, 5.34, 4.67, 4.08, 2.45, 1.69, 1.84, 2.19, 3.45, 4.24, 3.82, 3.86, 3.49, 3.82, 4.737, 4.467, 4.927, 4.931, 4.18, 3.56, 2.82, 1.44, 0.98, 0, 1.37, 2.2, 2.1, 1.9, 2.2, 2.04, 1.16, 1.78, 1.98, 1.58, 2.77, 4.19, 4.39, 4.48, 4.33, 4.18, 4.31, 3.89, 3.05, 1.91, 1.94, 1.97, 2.35, 2.47, 2.14, 2.41, 2.16, 2.77, 3.17, 4.25, 4.26, 4.12, 4.12, 3.43], [5.78, 5.44, 5.81, 6.99, 7.16, 6.11, 7.839, 9.485, 9.925, 9.464, 9.704, 9.834, 9.454, 10.074, 10.728, 9.735, 8.842, 7.919, 7.059, 6.729, 6.822, 7.252, 7.392, 7.432, 7.029, 6.41, 6.04, 5.6, 5.23, 4.59, 4.1, 3.33, 2.1, 1.82, 2.11, 2.6, 3.9, 4.69, 4.29, 4.37, 3.96, 4.83, 5.89, 5.66, 6.1, 6.13, 5.375, 4.75, 4.03, 2.55, 2.11, 1.37, 0, 1.15, 0.97, 1.21, 1.19, 1.09, 1.45, 2.39, 3.17, 2.57, 2.68, 3.88, 4.0, 3.97, 3.82, 3.59, 3.74, 3.3, 2.38, 1.68, 2.09, 2.14, 3.02, 3.3, 2.85, 2.96, 2.67, 3.48, 3.92, 5.08, 5.01, 4.93, 4.83, 4.12], [6.19, 5.73, 5.94, 7.16, 7.31, 6.24, 7.51, 9.138, 9.538, 9.098, 9.341, 9.494, 9.156, 9.712, 10.27, 9.275, 8.435, 7.515, 6.721, 6.285, 6.458, 6.888, 7.051, 7.148, 6.72, 6.08, 5.67, 5.11, 4.72, 4.08, 3.83, 3.0, 2.27, 2.57, 2.84, 3.27, 4.55, 5.28, 4.88, 5.0, 4.57, 5.68, 6.72, 6.49, 6.93, 6.96, 6.22, 5.6, 4.88, 3.44, 2.88, 2.2, 1.15, 0, 0.68, 1.1, 1.08, 0.76, 2.2, 3.2, 3.98, 3.4, 2.75, 3.83, 3.83, 3.82, 3.47, 3.24, 3.35, 2.97, 2.07, 2.21, 2.56, 2.83, 3.91, 4.17, 3.74, 3.89, 3.56, 4.37, 4.81, 5.97, 5.9, 5.8, 5.72, 5.05], [6.27, 5.89, 6.16, 7.36, 7.49, 6.4, 7.79, 9.438, 9.855, 9.398, 9.638, 9.768, 9.456, 10.01, 10.624, 9.631, 8.772, 7.832, 6.995, 6.642, 6.755, 7.185, 7.345, 7.405, 7.0, 6.42, 5.97, 5.49, 5.1, 4.46, 4.05, 3.32, 2.37, 2.57, 2.78, 3.25, 4.55, 5.28, 4.88, 4.96, 4.55, 5.44, 6.48, 6.21, 6.65, 6.68, 5.94, 5.34, 4.7, 3.3, 2.68, 2.1, 0.97, 0.68, 0, 0.86, 0.96, 0.78, 1.98, 3.0, 3.8, 3.16, 2.85, 4.03, 3.93, 3.96, 3.69, 3.52, 3.67, 3.23, 2.39, 2.27, 2.62, 2.89, 3.89, 4.17, 3.72, 3.87, 3.56, 4.37, 4.81, 5.95, 5.88, 5.8, 5.64, 4.99], [6.37, 5.97, 6.16, 7.36, 7.49, 6.4, 7.81, 9.438, 9.838, 9.398, 9.641, 9.814, 9.454, 10.015, 10.655, 9.645, 8.752, 7.829, 7.041, 6.699, 6.818, 7.191, 7.371, 7.451, 7.04, 6.42, 5.95, 5.55, 5.3, 4.6, 4.09, 3.4, 2.41, 2.57, 2.82, 3.23, 4.53, 5.24, 4.84, 4.88, 4.51, 5.32, 6.28, 6.01, 6.45, 6.48, 5.74, 5.12, 4.5, 3.18, 2.44, 1.9, 1.21, 1.1, 0.86, 0, 0.98, 0.92, 1.72, 2.82, 3.62, 3.02, 2.89, 4.07, 3.97, 4.02, 3.65, 3.56, 3.65, 3.23, 2.43, 2.29, 2.62, 2.85, 3.85, 4.13, 3.68, 3.85, 3.5, 4.35, 4.79, 5.91, 5.84, 5.78, 5.58, 4.97], [5.89, 5.45, 5.64, 6.82, 6.97, 5.88, 7.346, 8.972, 9.432, 8.951, 9.208, 9.338, 8.925, 9.578, 10.275, 9.265, 8.369, 7.449, 6.569, 6.279, 6.366, 6.779, 6.862, 6.902, 6.499, 5.98, 5.57, 5.17, 4.86, 4.2, 3.57, 2.92, 2.15, 2.35, 2.54, 2.97, 4.23, 4.86, 4.5, 4.6, 4.35, 5.72, 6.76, 6.49, 6.93, 6.96, 6.22, 5.58, 4.84, 3.4, 2.72, 2.2, 1.19, 1.08, 0.96, 0.98, 0, 0.66, 2.08, 3.26, 4.06, 3.44, 2.31, 3.39, 3.41, 3.4, 3.19, 3.12, 3.27, 2.81, 1.91, 2.01, 2.4, 2.69, 3.81, 4.07, 3.54, 3.69, 3.36, 4.19, 4.65, 5.77, 5.7, 5.66, 5.48, 4.91], [6.03, 5.59, 5.82, 6.96, 7.11, 6.02, 7.35, 8.998, 9.415, 8.958, 9.198, 9.328, 8.988, 9.57, 10.218, 9.225, 8.332, 7.429, 6.595, 6.279, 6.315, 6.745, 6.925, 7.005, 6.6, 6.02, 5.57, 5.15, 4.78, 4.14, 3.65, 2.88, 2.17, 2.39, 2.6, 3.09, 4.41, 5.0, 4.64, 4.7, 4.45, 5.56, 6.62, 6.33, 6.75, 6.78, 6.04, 5.4, 4.66, 3.2, 2.62, 2.04, 1.09, 0.76, 0.78, 0.92, 0.66, 0, 1.82, 3.1, 3.9, 3.24, 2.51, 3.61, 3.55, 3.46, 3.21, 3.08, 3.23, 2.79, 1.95, 2.11, 2.38, 2.65, 3.71, 3.93, 3.48, 3.67, 3.34, 4.17, 4.63, 5.71, 5.64, 5.58, 5.4, 4.83], [5.81, 5.57, 6.08, 7.16, 7.31, 6.28, 7.943, 9.589, 10.129, 9.628, 9.802, 9.979, 9.505, 10.252, 11.02, 9.959, 9.077, 8.277, 7.554, 7.284, 7.314, 7.496, 7.522, 7.588, 7.279, 6.94, 6.51, 6.15, 6.02, 5.28, 4.47, 3.92, 2.29, 1.93, 2.32, 2.73, 4.01, 4.68, 4.34, 4.26, 3.93, 4.3, 4.96, 4.67, 5.07, 5.08, 4.32, 3.88, 3.0, 1.88, 1.56, 1.16, 1.45, 2.2, 1.98, 1.72, 2.08, 1.82, 0, 1.58, 2.3, 1.62, 2.89, 4.11, 4.07, 4.06, 3.99, 3.92, 4.01, 3.65, 3.09, 2.19, 2.28, 2.49, 2.73, 2.89, 2.56, 2.75, 2.4, 3.19, 3.61, 4.65, 4.68, 4.46, 4.32, 3.79], [6.25, 6.07, 6.48, 7.62, 7.75, 6.78, 8.746, 10.372, 10.832, 10.348, 10.612, 10.755, 10.304, 10.995, 11.746, 10.719, 9.806, 8.926, 8.254, 7.904, 7.986, 8.179, 8.259, 8.299, 7.979, 7.8, 7.23, 6.97, 6.78, 5.96, 5.27, 4.5, 2.97, 2.29, 2.76, 3.09, 4.21, 4.88, 4.68, 4.52, 3.89, 3.84, 3.74, 3.39, 3.79, 3.9, 3.28, 2.94, 2.52, 1.76, 2.02, 1.78, 2.39, 3.2, 3.0, 2.82, 3.26, 3.1, 1.58, 0, 1.22, 1.16, 3.43, 4.71, 4.91, 4.92, 5.11, 4.8, 4.91, 4.47, 3.99, 2.69, 2.88, 2.93, 2.47, 2.63, 2.58, 2.93, 2.48, 3.05, 3.09, 4.19, 4.38, 4.28, 4.14, 3.87], [5.89, 5.73, 6.28, 7.34, 7.31, 6.8, 9.07, 10.726, 11.206, 10.706, 10.966, 11.136, 10.599, 11.386, 12.183, 11.173, 10.343, 9.477, 8.811, 8.415, 8.451, 8.533, 8.553, 8.616, 8.273, 8.4, 7.865, 7.562, 7.3, 6.56, 5.91, 5.02, 3.33, 2.61, 2.58, 2.75, 3.65, 4.36, 4.2, 3.98, 3.41, 3.08, 3.08, 2.65, 3.17, 3.34, 2.84, 2.64, 1.88, 1.54, 1.94, 1.98, 3.17, 3.98, 3.8, 3.62, 4.06, 3.9, 2.3, 1.22, 0, 1.12, 3.51, 4.95, 5.27, 5.6, 5.83, 5.5, 5.61, 5.19, 4.77, 3.33, 2.86, 2.87, 2.35, 2.13, 2.48, 2.81, 2.56, 2.53, 2.63, 3.65, 3.78, 3.7, 3.68, 3.41], [5.45, 5.27, 5.82, 6.86, 7.01, 6.14, 8.27, 9.886, 10.369, 9.909, 10.129, 10.299, 9.799, 10.532, 11.343, 10.276, 9.523, 8.754, 8.203, 7.83, 7.797, 7.796, 7.819, 7.919, 7.636, 7.834, 7.291, 7.008, 6.78, 5.995, 5.325, 4.46, 2.73, 2.01, 2.44, 2.57, 3.61, 4.36, 4.08, 3.84, 3.33, 3.34, 3.64, 3.23, 3.63, 3.66, 3.18, 2.98, 2.02, 1.32, 1.7, 1.58, 2.57, 3.4, 3.16, 3.02, 3.44, 3.24, 1.62, 1.16, 1.12, 0, 2.93, 4.31, 4.65, 4.86, 5.15, 4.76, 4.77, 4.45, 4.15, 2.75, 2.42, 2.49, 2.01, 2.21, 2.24, 2.49, 2.18, 2.65, 2.81, 3.79, 3.98, 3.76, 3.8, 3.43], [4.06, 3.54, 3.59, 4.71, 4.88, 3.87, 5.72, 7.49, 7.95, 7.393, 7.633, 7.823, 7.186, 8.11, 8.967, 8.017, 7.127, 6.347, 5.915, 5.465, 5.515, 5.4, 5.38, 5.42, 5.294, 5.587, 5.043, 4.792, 4.422, 3.77, 3.1, 2.15, 1.74, 1.94, 2.17, 2.38, 3.22, 3.85, 3.55, 3.53, 3.46, 4.627, 5.633, 5.378, 5.895, 5.928, 5.65, 5.41, 3.99, 3.03, 3.31, 2.77, 2.68, 2.75, 2.85, 2.89, 2.31, 2.51, 2.89, 3.43, 3.51, 2.93, 0, 1.68, 2.4, 2.79, 3.08, 2.75, 2.74, 2.64, 2.44, 2.3, 2.03, 2.1, 2.66, 2.9, 2.75, 2.8, 2.73, 3.46, 3.54, 4.48, 4.51, 4.39, 4.47, 3.96], [3.2, 2.74, 2.73, 3.77, 3.84, 2.85, 4.361, 6.324, 6.747, 6.129, 6.274, 6.519, 5.888, 6.896, 7.719, 7.057, 6.198, 5.498, 5.052, 4.685, 4.735, 4.448, 4.348, 4.448, 4.522, 4.756, 4.226, 3.974, 3.55, 2.95, 2.38, 1.61, 2.24, 2.72, 2.91, 2.94, 3.56, 3.69, 3.09, 3.13, 3.96, 5.45, 6.41, 6.22, 6.84, 6.95, 6.81, 6.61, 5.11, 4.43, 4.83, 4.19, 3.88, 3.83, 4.03, 4.07, 3.39, 3.61, 4.11, 4.71, 4.95, 4.31, 1.68, 0, 1.16, 1.91, 2.28, 2.09, 2.1, 2.1, 2.1, 2.5, 2.69, 2.54, 3.12, 3.52, 3.13, 2.72, 2.91, 3.32, 3.58, 4.12, 4.17, 4.05, 4.07, 3.6], [3.44, 3.18, 3.13, 4.21, 4.26, 3.01, 4.11, 6.024, 6.447, 5.847, 6.023, 6.263, 5.686, 6.636, 7.439, 6.7, 5.741, 4.961, 4.627, 4.245, 4.33, 4.088, 3.951, 4.065, 4.15, 4.353, 3.803, 3.62, 3.27, 2.61, 2.0, 1.81, 2.28, 3.04, 3.09, 3.2, 3.84, 3.91, 3.11, 3.25, 4.26, 5.93, 6.99, 6.76, 7.34, 7.35, 7.25, 7.01, 5.53, 4.75, 5.05, 4.39, 4.0, 3.83, 3.93, 3.97, 3.41, 3.55, 4.07, 4.91, 5.27, 4.65, 2.4, 1.16, 0, 1.31, 1.76, 1.61, 1.88, 1.84, 2.06, 2.68, 2.79, 2.96, 3.5, 3.86, 3.41, 2.94, 3.03, 3.54, 3.9, 4.62, 4.73, 4.57, 4.31, 3.86], [4.33, 4.01, 3.94, 4.68, 4.83, 3.54, 4.05, 5.815, 6.255, 5.812, 5.914, 6.084, 5.739, 6.344, 7.057, 6.173, 5.163, 4.454, 4.008, 3.678, 3.708, 3.639, 3.762, 3.922, 3.659, 3.58, 3.023, 2.85, 2.66, 2.08, 1.73, 1.92, 2.67, 3.17, 3.28, 3.65, 4.71, 4.76, 3.9, 4.04, 5.05, 7.0, 8.06, 7.77, 8.21, 8.22, 7.66, 7.36, 6.12, 4.98, 5.12, 4.48, 3.97, 3.82, 3.96, 4.02, 3.4, 3.46, 4.06, 4.92, 5.6, 4.86, 2.79, 1.91, 1.31, 0, 0.99, 1.2, 1.41, 1.41, 1.99, 2.79, 3.12, 3.37, 4.27, 4.39, 3.88, 3.67, 3.34, 4.07, 4.63, 5.51, 5.42, 5.34, 5.06, 4.57], [4.8, 4.42, 4.37, 5.07, 5.18, 3.91, 4.22, 5.854, 6.333, 5.876, 6.054, 6.284, 5.866, 6.491, 7.25, 6.18, 5.313, 4.507, 3.854, 3.511, 3.567, 3.721, 3.841, 3.944, 3.57, 3.13, 2.78, 2.6, 2.53, 1.79, 1.52, 1.83, 2.8, 3.38, 3.41, 3.92, 5.16, 5.17, 4.17, 4.49, 5.46, 7.49, 8.55, 8.26, 8.66, 8.67, 7.91, 7.45, 6.49, 5.01, 4.91, 4.33, 3.82, 3.47, 3.69, 3.65, 3.19, 3.21, 3.99, 5.11, 5.83, 5.15, 3.08, 2.28, 1.76, 0.99, 0, 0.93, 1.16, 1.24, 1.6, 2.72, 3.27, 3.58, 4.72, 4.84, 4.29, 4.12, 3.69, 4.34, 5.04, 6.0, 5.89, 5.83, 5.53, 5.02], [4.57, 4.15, 4.16, 5.1, 5.17, 3.94, 4.37, 5.938, 6.375, 5.969, 6.118, 6.254, 5.979, 6.49, 7.206, 6.162, 5.332, 4.529, 4.01, 3.615, 3.63, 3.745, 3.94, 4.054, 3.68, 3.38, 3.01, 2.89, 2.84, 2.08, 1.61, 1.56, 2.47, 3.09, 3.22, 3.59, 4.89, 4.92, 3.96, 4.24, 5.13, 7.18, 8.217, 7.907, 8.327, 8.311, 7.56, 7.24, 6.14, 4.8, 4.84, 4.18, 3.59, 3.24, 3.52, 3.56, 3.12, 3.08, 3.92, 4.8, 5.5, 4.76, 2.75, 2.09, 1.61, 1.2, 0.93, 0, 0.61, 0.87, 1.37, 2.51, 3.02, 3.37, 4.35, 4.47, 3.92, 3.81, 3.42, 4.05, 4.67, 5.63, 5.56, 5.52, 5.4, 4.81], [4.86, 4.4, 4.45, 5.37, 5.38, 4.27, 4.3, 5.876, 6.208, 5.882, 6.096, 6.266, 6.009, 6.414, 7.073, 6.012, 5.24, 4.434, 4.14, 3.65, 3.7, 3.73, 3.89, 4.11, 3.73, 3.53, 3.12, 2.88, 2.83, 2.11, 1.84, 1.65, 2.56, 3.14, 3.35, 3.6, 4.84, 4.91, 4.09, 4.31, 5.08, 7.13, 8.167, 7.877, 8.277, 8.281, 7.55, 7.23, 6.15, 4.83, 4.99, 4.31, 3.74, 3.35, 3.67, 3.65, 3.27, 3.23, 4.01, 4.91, 5.61, 4.77, 2.74, 2.1, 1.88, 1.41, 1.16, 0.61, 0, 0.7, 1.52, 2.58, 3.03, 3.34, 4.34, 4.44, 3.91, 3.76, 3.49, 4.08, 4.637, 5.6, 5.55, 5.49, 5.31, 4.74], [4.78, 4.4, 4.45, 5.43, 5.46, 4.25, 4.66, 6.274, 6.625, 6.214, 6.474, 6.664, 6.329, 6.831, 7.499, 6.472, 5.696, 4.86, 4.3, 3.888, 3.94, 4.11, 4.29, 4.39, 4.01, 3.79, 3.22, 3.0, 2.93, 2.13, 1.68, 1.55, 2.18, 2.74, 2.97, 3.42, 4.64, 4.77, 4.05, 4.17, 4.88, 6.833, 7.887, 7.594, 8.02, 8.044, 7.37, 6.93, 5.95, 4.49, 4.55, 3.89, 3.3, 2.97, 3.23, 3.23, 2.81, 2.79, 3.65, 4.47, 5.19, 4.45, 2.64, 2.1, 1.84, 1.41, 1.24, 0.87, 0.7, 0, 1.08, 2.16, 2.79, 2.92, 4.06, 4.18, 3.75, 3.58, 3.21, 3.82, 4.38, 5.34, 5.244, 5.241, 5.07, 4.56], [4.76, 4.36, 4.35, 5.49, 5.56, 4.37, 5.48, 7.108, 7.562, 7.085, 7.342, 7.484, 7.101, 7.714, 8.456, 7.412, 6.533, 5.699, 4.891, 4.463, 4.553, 4.909, 5.021, 5.098, 4.67, 4.13, 3.84, 3.52, 3.25, 2.47, 1.94, 1.61, 1.76, 2.3, 2.65, 3.16, 4.32, 4.53, 3.87, 4.09, 4.5, 6.43, 7.47, 7.22, 7.66, 7.69, 6.95, 6.37, 5.55, 4.01, 3.77, 3.05, 2.38, 2.07, 2.39, 2.43, 1.91, 1.95, 3.09, 3.99, 4.77, 4.15, 2.44, 2.1, 2.06, 1.99, 1.6, 1.37, 1.52, 1.08, 0, 1.58, 2.35, 2.52, 3.7, 3.92, 3.35, 3.24, 2.87, 3.58, 3.98, 5.12, 5.01, 5.01, 4.93, 4.3], [4.28, 4.04, 4.37, 5.53, 5.62, 4.59, 6.596, 8.222, 8.699, 8.198, 8.458, 8.622, 8.148, 8.862, 9.616, 8.569, 7.713, 6.793, 6.078, 5.828, 5.918, 6.046, 6.109, 6.169, 5.726, 5.35, 5.02, 4.74, 4.63, 3.73, 3.08, 2.57, 1.44, 1.24, 1.49, 1.92, 3.06, 3.49, 2.97, 3.19, 3.24, 4.95, 6.05, 5.82, 6.26, 6.29, 5.57, 4.99, 4.15, 2.67, 2.65, 1.91, 1.68, 2.21, 2.27, 2.29, 2.01, 2.11, 2.19, 2.69, 3.33, 2.75, 2.3, 2.5, 2.68, 2.79, 2.72, 2.51, 2.58, 2.16, 1.58, 0, 0.99, 1.16, 2.36, 2.52, 1.97, 1.9, 1.59, 2.44, 2.94, 4.06, 3.97, 3.85, 3.75, 3.16], [3.91, 3.65, 4.1, 5.2, 5.31, 4.52, 6.81, 8.543, 9.023, 8.483, 8.723, 8.913, 8.339, 9.18, 9.98, 8.907, 8.054, 7.194, 6.545, 6.335, 6.405, 6.37, 6.31, 6.416, 6.073, 5.995, 5.534, 5.37, 5.2, 4.36, 3.71, 2.98, 1.77, 1.41, 1.26, 1.51, 2.59, 2.92, 2.56, 2.72, 2.77, 4.3, 5.377, 5.132, 5.586, 5.593, 4.96, 4.66, 3.488, 2.28, 2.42, 1.94, 2.09, 2.56, 2.62, 2.62, 2.4, 2.38, 2.28, 2.88, 2.86, 2.42, 2.03, 2.69, 2.79, 3.12, 3.27, 3.02, 3.03, 2.79, 2.35, 0.99, 0, 0.93, 1.93, 2.05, 1.62, 1.65, 1.42, 2.11, 2.59, 3.73, 3.7, 3.52, 3.32, 2.73], [3.8, 3.48, 3.89, 5.01, 5.14, 4.35, 6.8, 8.647, 9.087, 8.49, 8.713, 8.903, 8.26