[[0, 3.89, 5.92, 4.34, 4.43, 5.59, 5.56, 5.3, 6.86, 7.09, 6.77, 9.0, 9.71, 10.55, 11.15, 10.89, 11.34, 11.55, 11.55, 11.69, 11.42, 11.11, 10.88, 11.33, 12.18, 12.59, 12.83, 13.12, 13.38, 13.37, 13.39, 13.5, 13.42, 13.48, 13.25, 12.65, 11.65, 11.64, 11.46, 11.23, 11.2, 11.26, 9.85, 8.62, 9.06, 8.39, 8.43, 8.0, 6.68, 7.47, 7.38, 7.65, 9.34, 9.91, 9.49, 9.77, 9.72, 10.1, 10.62, 9.59, 7.95, 7.0, 6.55, 6.38, 6.63, 6.55, 6.75, 6.44, 5.86, 6.3, 6.63, 6.88, 7.2, 6.38, 5.66, 5.6, 5.8, 5.96, 6.05, 5.6, 5.42, 5.56, 5.71, 5.7, 5.1, 4.57], [3.89, 0, 2.29, 1.87, 2.22, 3.1, 2.73, 2.81, 3.75, 3.94, 3.74, 5.33, 5.98, 6.8, 7.36, 7.14, 7.63, 7.78, 7.86, 7.92, 7.69, 7.44, 7.17, 7.58, 8.49, 8.92, 9.2, 9.49, 9.73, 9.72, 9.74, 9.85, 9.75, 9.83, 9.62, 9.0, 8.14, 8.17, 8.07, 7.7, 7.63, 7.77, 6.54, 5.23, 5.63, 4.96, 5.2, 4.77, 3.51, 4.24, 4.11, 4.38, 5.97, 6.34, 5.94, 6.42, 6.41, 6.79, 7.29, 6.38, 4.76, 3.87, 3.44, 3.29, 3.48, 3.34, 3.56, 3.33, 2.81, 2.91, 3.14, 3.49, 3.81, 3.15, 2.35, 2.29, 2.53, 2.69, 2.76, 2.35, 2.17, 2.31, 2.52, 2.49, 2.09, 1.92], [5.92, 2.29, 0, 1.92, 2.25, 1.99, 1.84, 1.82, 2.24, 2.43, 2.35, 3.44, 4.09, 4.83, 5.33, 5.15, 5.64, 5.79, 5.93, 6.05, 5.82, 5.53, 5.26, 5.63, 6.52, 6.99, 7.29, 7.58, 7.82, 7.77, 7.79, 7.92, 7.86, 7.98, 7.71, 7.11, 6.25, 6.26, 6.16, 5.81, 5.7, 5.84, 4.61, 3.3, 3.72, 3.09, 3.35, 2.92, 2.0, 2.47, 2.18, 2.37, 4.0, 4.39, 3.93, 4.41, 4.44, 4.9, 5.38, 4.49, 2.81, 2.24, 2.43, 2.48, 2.43, 2.23, 2.13, 2.16, 2.6, 2.36, 1.89, 1.76, 1.94, 1.48, 1.82, 1.9, 1.84, 1.72, 1.45, 1.64, 1.76, 1.52, 1.29, 1.96, 2.62, 2.95], [4.34, 1.87, 1.92, 0, 0.93, 1.75, 1.78, 1.46, 2.82, 3.09, 2.81, 5.08, 5.75, 6.53, 7.15, 6.91, 7.34, 7.53, 7.55, 7.75, 7.46, 7.15, 6.96, 7.41, 8.26, 8.67, 8.91, 9.2, 9.46, 9.45, 9.47, 9.58, 9.48, 9.52, 9.33, 8.73, 7.71, 7.66, 7.52, 7.25, 7.24, 7.32, 5.97, 4.7, 5.14, 4.47, 4.39, 4.0, 2.64, 3.35, 3.34, 3.77, 5.42, 5.93, 5.55, 5.83, 5.72, 6.14, 6.58, 5.55, 3.93, 2.96, 2.59, 2.56, 2.71, 2.73, 2.77, 2.52, 2.42, 2.56, 2.73, 3.0, 3.32, 2.48, 2.06, 1.96, 2.08, 2.2, 2.13, 1.68, 1.52, 1.56, 1.81, 1.86, 1.98, 1.95], [4.43, 2.22, 2.25, 0.93, 0, 1.64, 1.73, 1.49, 3.01, 3.28, 2.88, 5.17, 5.86, 6.64, 7.26, 7.02, 7.49, 7.68, 7.7, 7.92, 7.65, 7.28, 7.07, 7.52, 8.39, 8.8, 9.04, 9.33, 9.59, 9.58, 9.6, 9.71, 9.65, 9.71, 9.48, 8.86, 7.88, 7.79, 7.65, 7.46, 7.37, 7.45, 6.02, 4.81, 5.23, 4.56, 4.56, 4.15, 2.73, 3.42, 3.59, 3.98, 5.65, 6.16, 5.88, 6.1, 5.91, 6.19, 6.63, 5.44, 3.9, 2.91, 2.5, 2.39, 2.62, 2.7, 2.66, 2.55, 2.27, 2.59, 2.78, 3.03, 3.35, 2.61, 2.11, 2.05, 2.03, 2.15, 2.2, 1.73, 1.55, 1.67, 1.84, 1.85, 1.99, 2.0], [5.59, 3.1, 1.99, 1.75, 1.64, 0, 0.79, 0.69, 1.69, 2.08, 1.82, 3.89, 4.58, 5.38, 6.0, 5.76, 6.19, 6.38, 6.4, 6.58, 6.29, 5.96, 5.79, 6.24, 7.09, 7.5, 7.74, 8.03, 8.29, 8.26, 8.28, 8.39, 8.31, 8.35, 8.14, 7.56, 6.54, 6.45, 6.33, 6.08, 6.07, 6.15, 4.74, 3.51, 3.91, 3.24, 3.2, 2.83, 1.65, 2.22, 2.21, 2.64, 4.29, 4.82, 4.52, 4.76, 4.59, 4.93, 5.39, 4.32, 2.7, 1.87, 1.94, 2.03, 2.18, 2.18, 1.96, 1.87, 2.11, 2.25, 2.2, 2.23, 2.37, 2.09, 2.35, 2.37, 2.15, 1.93, 1.98, 2.05, 1.99, 2.11, 1.92, 2.21, 2.45, 2.54], [5.56, 2.73, 1.84, 1.78, 1.73, 0.79, 0, 0.76, 1.68, 2.05, 1.97, 3.74, 4.45, 5.27, 5.87, 5.61, 6.08, 6.33, 6.33, 6.43, 6.16, 5.79, 5.62, 6.07, 6.92, 7.33, 7.57, 7.86, 8.12, 8.09, 8.11, 8.22, 8.14, 8.18, 7.97, 7.39, 6.37, 6.34, 6.22, 5.97, 5.98, 6.0, 4.59, 3.34, 3.74, 3.07, 3.11, 2.74, 1.54, 2.13, 2.02, 2.47, 4.1, 4.65, 4.33, 4.57, 4.42, 4.8, 5.28, 4.29, 2.61, 1.74, 1.81, 1.82, 1.97, 1.91, 1.61, 1.54, 1.76, 1.86, 1.89, 2.06, 2.14, 1.74, 1.9, 1.88, 1.68, 1.52, 1.53, 1.64, 1.62, 1.8, 1.73, 1.88, 2.16, 2.31], [5.3, 2.81, 1.82, 1.46, 1.49, 0.69, 0.76, 0, 1.82, 2.17, 1.95, 4.0, 4.69, 5.51, 6.15, 5.91, 6.36, 6.55, 6.57, 6.75, 6.46, 6.11, 5.94, 6.39, 7.24, 7.65, 7.89, 8.18, 8.44, 8.43, 8.45, 8.58, 8.46, 8.5, 8.31, 7.71, 6.69, 6.64, 6.5, 6.23, 6.22, 6.3, 4.95, 3.66, 4.12, 3.45, 3.37, 2.98, 1.74, 2.37, 2.46, 2.89, 4.54, 5.01, 4.71, 4.97, 4.8, 5.12, 5.54, 4.55, 2.93, 1.92, 1.99, 2.02, 2.25, 2.19, 1.91, 1.82, 2.12, 2.2, 2.23, 2.32, 2.52, 2.04, 2.12, 2.12, 1.98, 1.94, 1.91, 1.82, 1.82, 1.92, 1.81, 2.08, 2.32, 2.41], [6.86, 3.75, 2.24, 2.82, 3.01, 1.69, 1.68, 1.82, 0, 0.75, 0.85, 2.42, 3.01, 3.83, 4.45, 4.19, 4.66, 4.89, 4.89, 5.03, 4.74, 4.37, 4.22, 4.67, 5.52, 5.97, 6.19, 6.5, 6.8, 6.81, 6.81, 6.96, 6.86, 6.88, 6.61, 6.05, 5.05, 5.04, 4.88, 4.53, 4.6, 4.64, 3.35, 2.18, 2.44, 1.95, 1.85, 1.84, 1.64, 1.91, 1.78, 1.85, 2.94, 3.43, 3.13, 3.37, 3.28, 3.52, 3.96, 2.99, 1.69, 1.9, 2.41, 2.58, 2.67, 2.45, 2.07, 2.06, 2.64, 2.66, 2.55, 2.44, 2.28, 2.42, 2.76, 2.78, 2.7, 2.46, 2.31, 2.48, 2.52, 2.66, 2.41, 2.76, 3.14, 3.43], [7.09, 3.94, 2.43, 3.09, 3.28, 2.08, 2.05, 2.17, 0.75, 0, 0.88, 2.17, 2.8, 3.64, 4.26, 4.0, 4.47, 4.74, 4.74, 4.8, 4.57, 4.18, 3.97, 4.42, 5.27, 5.72, 5.94, 6.27, 6.55, 6.54, 6.54, 6.71, 6.63, 6.67, 6.34, 5.8, 4.88, 4.87, 4.69, 4.44, 4.45, 4.47, 3.12, 1.91, 2.27, 1.96, 1.8, 1.79, 1.59, 1.76, 1.83, 1.8, 2.69, 3.22, 2.88, 3.2, 2.99, 3.25, 3.65, 2.7, 1.54, 1.99, 2.44, 2.67, 2.66, 2.46, 2.1, 2.17, 2.81, 2.83, 2.78, 2.59, 2.47, 2.57, 2.91, 2.97, 2.91, 2.61, 2.46, 2.67, 2.67, 2.75, 2.48, 2.81, 3.19, 3.54], [6.77, 3.74, 2.35, 2.81, 2.88, 1.82, 1.97, 1.95, 0.85, 0.88, 0, 2.55, 3.32, 4.14, 4.7, 4.48, 5.03, 5.28, 5.3, 5.26, 5.07, 4.66, 4.41, 4.76, 5.61, 6.08, 6.3, 6.63, 6.91, 6.86, 6.9, 7.11, 7.09, 7.11, 6.8, 6.16, 5.36, 5.51, 5.35, 5.0, 4.97, 4.97, 3.66, 2.39, 2.67, 2.1, 2.12, 1.91, 1.65, 1.88, 1.95, 2.08, 3.31, 3.8, 3.44, 3.8, 3.65, 3.79, 4.19, 3.2, 1.94, 1.95, 2.34, 2.53, 2.58, 2.44, 2.08, 2.05, 2.63, 2.63, 2.6, 2.49, 2.39, 2.51, 2.85, 2.85, 2.73, 2.45, 2.4, 2.61, 2.63, 2.69, 2.46, 2.69, 2.97, 3.22], [9.0, 5.33, 3.44, 5.08, 5.17, 3.89, 3.74, 4.0, 2.42, 2.17, 2.55, 0, 0.97, 1.77, 2.27, 2.17, 2.8, 3.05, 3.07, 3.01, 2.78, 2.43, 2.02, 2.39, 3.3, 3.77, 4.03, 4.32, 4.58, 4.53, 4.65, 4.86, 4.8, 4.88, 4.59, 3.93, 3.23, 3.3, 3.2, 2.87, 2.78, 2.78, 1.95, 1.52, 1.42, 1.69, 1.75, 1.86, 2.96, 2.39, 2.68, 2.31, 1.58, 1.65, 1.61, 1.69, 1.62, 1.88, 2.26, 1.63, 2.13, 3.04, 3.61, 3.88, 3.67, 3.39, 3.17, 3.48, 4.26, 3.94, 3.55, 3.14, 2.74, 3.56, 4.28, 4.34, 4.18, 3.92, 3.67, 4.02, 4.22, 4.0, 3.87, 4.22, 4.76, 5.31], [9.71, 5.98, 4.09, 5.75, 5.86, 4.58, 4.45, 4.69, 3.01, 2.8, 3.32, 0.97, 0, 0.96, 1.54, 1.42, 1.97, 2.2, 2.22, 2.22, 1.95, 1.66, 1.33, 1.74, 2.67, 3.16, 3.4, 3.71, 4.05, 4.04, 4.14, 4.29, 4.23, 4.29, 3.96, 3.32, 2.62, 2.69, 2.55, 2.22, 2.17, 2.27, 2.08, 1.89, 1.79, 2.14, 2.14, 2.29, 3.53, 3.0, 3.25, 2.78, 1.77, 1.58, 1.86, 1.42, 1.57, 1.89, 1.91, 1.84, 2.52, 3.53, 4.38, 4.71, 4.46, 4.18, 3.9, 4.29, 5.03, 4.69, 4.26, 3.85, 3.33, 4.31, 5.07, 5.15, 4.99, 4.67, 4.48, 4.81, 5.01, 4.71, 4.62, 5.01, 5.53, 6.1], [10.55, 6.8, 4.83, 6.53, 6.64, 5.38, 5.27, 5.51, 3.83, 3.64, 4.14, 1.77, 0.96, 0, 0.74, 0.72, 1.29, 1.44, 1.5, 1.52, 1.33, 1.12, 1.13, 1.24, 1.97, 2.42, 2.66, 2.97, 3.29, 3.32, 3.44, 3.61, 3.53, 3.59, 3.28, 2.64, 1.98, 2.09, 1.99, 1.9, 1.85, 1.87, 2.14, 2.57, 2.41, 2.86, 2.78, 3.09, 4.33, 3.78, 4.05, 3.42, 1.97, 1.56, 2.0, 1.6, 1.73, 1.73, 1.53, 2.18, 3.26, 4.35, 5.14, 5.47, 5.22, 4.92, 4.64, 4.99, 5.79, 5.45, 5.0, 4.65, 4.05, 5.07, 5.85, 5.91, 5.73, 5.43, 5.22, 5.57, 5.79, 5.51, 5.42, 5.77, 6.37, 6.92], [11.15, 7.36, 5.33, 7.15, 7.26, 6.0, 5.87, 6.15, 4.45, 4.26, 4.7, 2.27, 1.54, 0.74, 0, 0.58, 0.85, 1.02, 1.08, 1.08, 1.01, 1.06, 1.27, 1.12, 1.47, 1.92, 2.18, 2.51, 2.81, 2.8, 2.94, 3.15, 3.09, 3.17, 2.8, 2.28, 1.84, 1.93, 1.87, 1.78, 1.67, 1.63, 2.3, 2.99, 2.87, 3.36, 3.22, 3.57, 4.83, 4.34, 4.61, 3.96, 2.33, 1.92, 2.28, 1.9, 2.07, 2.05, 1.63, 2.52, 3.82, 4.85, 5.74, 6.09, 5.84, 5.5, 5.22, 5.63, 6.31, 5.95, 5.54, 5.17, 4.61, 5.69, 6.47, 6.55, 6.35, 6.01, 5.8, 6.09, 6.35, 6.11, 6.02, 6.41, 6.97, 7.54], [10.89, 7.14, 5.15, 6.91, 7.02, 5.76, 5.61, 5.91, 4.19, 4.0, 4.48, 2.17, 1.42, 0.72, 0.58, 0, 0.81, 1.06, 1.04, 1.16, 1.15, 1.18, 1.27, 1.28, 1.69, 2.08, 2.36, 2.67, 2.95, 3.0, 3.12, 3.29, 3.23, 3.29, 2.92, 2.44, 1.8, 1.93, 1.87, 1.78, 1.63, 1.63, 2.04, 2.75, 2.69, 3.14, 3.02, 3.33, 4.59, 4.08, 4.35, 3.74, 2.11, 1.8, 2.12, 1.66, 1.83, 1.89, 1.35, 2.32, 3.56, 4.61, 5.5, 5.85, 5.6, 5.26, 4.98, 5.39, 6.13, 5.79, 5.34, 5.07, 4.43, 5.45, 6.23, 6.35, 6.13, 5.79, 5.56, 5.87, 6.13, 5.85, 5.76, 6.17, 6.71, 7.28], [11.34, 7.63, 5.64, 7.34, 7.49, 6.19, 6.08, 6.36, 4.66, 4.47, 5.03, 2.8, 1.97, 1.29, 0.85, 0.81, 0, 0.45, 0.63, 0.75, 0.84, 1.21, 1.52, 1.53, 1.46, 1.79, 2.03, 2.34, 2.64, 2.71, 2.73, 2.88, 2.76, 2.78, 2.43, 2.09, 1.57, 1.62, 1.56, 1.61, 1.56, 1.52, 2.37, 3.2, 3.14, 3.55, 3.35, 3.72, 5.0, 4.55, 4.8, 4.17, 2.52, 2.15, 2.59, 2.01, 2.3, 2.34, 1.9, 2.87, 3.99, 5.06, 6.03, 6.4, 6.13, 5.85, 5.57, 5.98, 6.66, 6.34, 5.97, 5.62, 5.02, 5.98, 6.74, 6.86, 6.68, 6.32, 6.11, 6.46, 6.58, 6.38, 6.25, 6.7, 7.2, 7.77], [11.55, 7.78, 5.79, 7.53, 7.68, 6.38, 6.33, 6.55, 4.89, 4.74, 5.28, 3.05, 2.2, 1.44, 1.02, 1.06, 0.45, 0, 0.44, 0.68, 0.81, 1.22, 1.65, 1.54, 1.35, 1.7, 1.92, 2.23, 2.49, 2.56, 2.6, 2.75, 2.65, 2.69, 2.32, 1.88, 1.6, 1.59, 1.57, 1.58, 1.47, 1.51, 2.64, 3.53, 3.39, 3.8, 3.62, 3.97, 5.29, 4.84, 5.09, 4.4, 2.73, 2.26, 2.76, 2.28, 2.59, 2.63, 2.17, 3.18, 4.28, 5.37, 6.32, 6.67, 6.4, 6.14, 5.86, 6.27, 6.91, 6.61, 6.24, 5.91, 5.31, 6.25, 7.01, 7.15, 6.97, 6.63, 6.42, 6.77, 6.85, 6.65, 6.52, 6.97, 7.47, 8.04], [11.55, 7.86, 5.93, 7.55, 7.7, 6.4, 6.33, 6.57, 4.89, 4.74, 5.3, 3.07, 2.22, 1.5, 1.08, 1.04, 0.63, 0.44, 0, 0.52, 0.69, 1.24, 1.63, 1.58, 1.25, 1.52, 1.76, 2.13, 2.39, 2.44, 2.46, 2.61, 2.53, 2.55, 2.2, 1.86, 1.58, 1.53, 1.53, 1.64, 1.45, 1.53, 2.62, 3.47, 3.39, 3.8, 3.64, 4.01, 5.31, 4.84, 5.09, 4.4, 2.67, 2.16, 2.68, 2.24, 2.55, 2.59, 2.11, 3.14, 4.28, 5.37, 6.32, 6.67, 6.4, 6.14, 5.86, 6.25, 6.95, 6.63, 6.22, 5.89, 5.29, 6.25, 7.01, 7.13, 6.95, 6.61, 6.42, 6.77, 6.85, 6.65, 6.52, 6.97, 7.47, 8.04], [11.69, 7.92, 6.05, 7.75, 7.92, 6.58, 6.43, 6.75, 5.03, 4.8, 5.26, 3.01, 2.22, 1.52, 1.08, 1.16, 0.75, 0.68, 0.52, 0, 0.65, 1.14, 1.53, 1.34, 1.07, 1.4, 1.56, 1.95, 2.17, 2.2, 2.24, 2.39, 2.27, 2.33, 2.0, 1.62, 1.44, 1.49, 1.53, 1.62, 1.53, 1.49, 2.58, 3.47, 3.33, 3.78, 3.6, 4.03, 5.31, 4.82, 5.05, 4.42, 2.65, 2.22, 2.62, 2.26, 2.51, 2.55, 2.09, 3.12, 4.32, 5.35, 6.32, 6.69, 6.42, 6.14, 5.84, 6.25, 6.924, 6.59, 6.2, 5.85, 5.27, 6.27, 7.022, 7.13, 6.91, 6.596, 6.4, 6.77, 6.91, 6.71, 6.54, 6.979, 7.484, 8.037], [11.42, 7.69, 5.82, 7.46, 7.65, 6.29, 6.16, 6.46, 4.74, 4.57, 5.07, 2.78, 1.95, 1.33, 1.01, 1.15, 0.84, 0.81, 0.69, 0.65, 0, 0.71, 1.14, 1.17, 1.2, 1.67, 1.87, 2.16, 2.62, 2.55, 2.49, 2.6, 2.48, 2.52, 2.27, 1.81, 1.59, 1.66, 1.52, 1.67, 1.66, 1.7, 2.49, 3.28, 3.16, 3.59, 3.39, 3.8, 5.1, 4.61, 4.84, 4.19, 2.44, 2.03, 2.57, 2.03, 2.34, 2.4, 1.98, 2.93, 4.09, 5.16, 6.13, 6.5, 6.23, 5.95, 5.667, 6.077, 6.751, 6.4, 6.01, 5.64, 5.08, 6.08, 6.84, 6.94, 6.72, 6.42, 6.21, 6.58, 6.7, 6.5, 6.35, 6.8, 7.3, 7.85], [11.11, 7.44, 5.53, 7.15, 7.28, 5.96, 5.79, 6.11, 4.37, 4.18, 4.66, 2.43, 1.66, 1.12, 1.06, 1.18, 1.21, 1.22, 1.24, 1.14, 0.71, 0, 0.83, 1.14, 1.53, 2.02, 2.24, 2.57, 3.07, 2.98, 2.84, 2.93, 2.85, 2.91, 2.62, 2.1, 1.86, 1.81, 1.91, 1.84, 1.81, 1.75, 2.18, 2.91, 2.75, 3.2, 3.02, 3.47, 4.71, 4.26, 4.53, 3.88, 2.07, 1.62, 2.24, 1.7, 1.99, 2.03, 1.73, 2.58, 3.74, 4.77, 5.74, 6.09, 5.84, 5.54, 5.26, 5.67, 6.33, 5.99, 5.6, 5.23, 4.67, 5.67, 6.43, 6.53, 6.31, 6.01, 5.8, 6.17, 6.29, 6.07, 5.94, 6.39, 6.89, 7.46], [10.88, 7.17, 5.26, 6.96, 7.07, 5.79, 5.62, 5.94, 4.22, 3.97, 4.41, 2.02, 1.33, 1.13, 1.27, 1.27, 1.52, 1.65, 1.63, 1.53, 1.14, 0.83, 0, 1.17, 1.72, 2.29, 2.53, 2.78, 3.2, 3.35, 3.25, 3.4, 3.34, 3.4, 3.07, 2.53, 2.23, 2.2, 2.24, 2.07, 2.14, 2.04, 2.01, 2.64, 2.48, 2.99, 2.89, 3.24, 4.52, 4.05, 4.32, 3.67, 1.96, 1.49, 2.17, 1.57, 1.94, 1.8, 1.48, 2.17, 3.51, 4.54, 5.39, 5.74, 5.47, 5.11, 4.85, 5.24, 5.86, 5.54, 5.17, 4.8, 4.28, 5.34, 6.16, 6.22, 6.0, 5.7, 5.49, 5.76, 5.98, 5.82, 5.71, 6.08, 6.66, 7.23], [11.33, 7.58, 5.63, 7.41, 7.52, 6.24, 6.07, 6.39, 4.67, 4.42, 4.76, 2.39, 1.74, 1.24, 1.12, 1.28, 1.53, 1.54, 1.58, 1.34, 1.17, 1.14, 1.17, 0, 1.15, 1.92, 2.16, 2.49, 2.79, 2.94, 3.1, 3.31, 3.31, 3.35, 3.02, 2.16, 1.86, 1.99, 1.95, 1.74, 1.69, 1.67, 2.02, 2.89, 2.61, 3.26, 3.12, 3.53, 4.91, 4.44, 4.67, 4.08, 2.35, 1.94, 2.44, 1.96, 2.17, 1.91, 1.69, 2.48, 3.94, 4.89, 5.64, 5.99, 5.68, 5.46, 5.2, 5.47, 6.15, 5.79, 5.42, 5.05, 4.59, 5.61, 6.45, 6.47, 6.23, 5.97, 5.76, 6.13, 6.35, 6.25, 6.08, 6.41, 6.97, 7.54], [12.18, 8.49, 6.52, 8.26, 8.39, 7.09, 6.92, 7.24, 5.52, 5.27, 5.61, 3.3, 2.67, 1.97, 1.47, 1.69, 1.46, 1.35, 1.25, 1.07, 1.2, 1.53, 1.72, 1.15, 0, 0.87, 1.05, 1.4, 1.72, 1.87, 1.97, 2.18, 2.18, 2.22, 1.89, 1.37, 1.55, 1.64, 1.8, 1.77, 1.68, 1.58, 2.67, 3.7, 3.38, 4.07, 3.93, 4.34, 5.7, 5.23, 5.46, 4.87, 3.02, 2.45, 3.01, 2.63, 2.88, 2.6, 2.12, 3.23, 4.77, 5.72, 6.47, 6.84, 6.53, 6.31, 6.05, 6.34, 7.0, 6.64, 6.27, 5.9, 5.44, 6.46, 7.3, 7.32, 7.08, 6.82, 6.59, 6.96, 7.18, 7.1, 6.93, 7.26, 7.82, 8.39], [12.59, 8.92, 6.99, 8.67, 8.8, 7.5, 7.33, 7.65, 5.97, 5.72, 6.08, 3.77, 3.16, 2.42, 1.92, 2.08, 1.79, 1.7, 1.52, 1.4, 1.67, 2.02, 2.29, 1.92, 0.87, 0, 0.54, 0.87, 1.17, 1.28, 1.38, 1.61, 1.59, 1.59, 1.42, 1.46, 1.96, 2.05, 2.19, 2.26, 2.05, 1.85, 3.06, 4.11, 3.85, 4.54, 4.44, 4.87, 6.21, 5.66, 5.89, 5.3, 3.45, 2.86, 3.42, 3.04, 3.31, 3.07, 2.65, 3.76, 5.26, 6.19, 6.9, 7.27, 6.98, 6.74, 6.48, 6.79, 7.49, 7.13, 6.72, 6.37, 5.85, 6.87, 7.73, 7.75, 7.51, 7.25, 7.0, 7.37, 7.59, 7.51, 7.34, 7.67, 8.23, 8.8], [12.83, 9.2, 7.29, 8.91, 9.04, 7.74, 7.57, 7.89, 6.19, 5.94, 6.3, 4.03, 3.4, 2.66, 2.18, 2.36, 2.03, 1.92, 1.76, 1.56, 1.87, 2.24, 2.53, 2.16, 1.05, 0.54, 0, 0.57, 0.91, 1.06, 1.16, 1.31, 1.25, 1.25, 1.08, 1.34, 2.08, 2.15, 2.23, 2.26, 2.09, 1.95, 3.34, 4.35, 4.07, 4.76, 4.64, 5.07, 6.41, 5.84, 6.07, 5.48, 3.63, 3.06, 3.62, 3.24, 3.49, 3.25, 2.81, 3.92, 5.44, 6.39, 7.1, 7.47, 7.18, 6.96, 6.7, 6.99, 7.73, 7.35, 6.92, 6.55, 6.07, 7.09, 7.93, 7.95, 7.71, 7.45, 7.22, 7.59, 7.83, 7.73, 7.56, 7.89, 8.45, 9.02], [13.12, 9.49, 7.58, 9.2, 9.33, 8.03, 7.86, 8.18, 6.5, 6.27, 6.63, 4.32, 3.71, 2.97, 2.51, 2.67, 2.34, 2.23, 2.13, 1.95, 2.16, 2.57, 2.78, 2.49, 1.4, 0.87, 0.57, 0, 0.78, 1.01, 1.05, 1.28, 1.2, 1.14, 1.05, 1.45, 2.23, 2.38, 2.34, 2.47, 2.26, 2.24, 3.65, 4.64, 4.36, 5.05, 4.97, 5.36, 6.74, 6.11, 6.34, 5.75, 3.92, 3.37, 3.91, 3.51, 3.74, 3.52, 3.06, 4.17, 5.75, 6.72, 7.33, 7.72, 7.35, 7.19, 6.95, 7.14, 7.98, 7.64, 7.17, 6.82, 6.36, 7.36, 8.2, 8.18, 7.96, 7.72, 7.49, 7.88, 8.14, 8.02, 7.83, 8.16, 8.72, 9.29], [13.38, 9.73, 7.82, 9.46, 9.59, 8.29, 8.12, 8.44, 6.8, 6.55, 6.91, 4.58, 4.05, 3.29, 2.81, 2.95, 2.64, 2.49, 2.39, 2.17, 2.62, 3.07, 3.2, 2.79, 1.72, 1.17, 0.91, 0.78, 0, 0.73, 1.05, 1.16, 1.14, 1.02, 0.97, 1.47, 2.07, 2.28, 2.28, 2.45, 2.36, 2.28, 3.73, 4.86, 4.58, 5.29, 5.25, 5.64, 7.02, 6.37, 6.58, 5.99, 4.18, 3.59, 4.09, 3.75, 3.98, 3.68, 3.26, 4.41, 6.05, 7.0, 7.57, 7.96, 7.63, 7.43, 7.19, 7.42, 8.18, 7.78, 7.39, 7.04, 6.58, 7.6, 8.44, 8.42, 8.2, 7.96, 7.73, 8.12, 8.38, 8.28, 8.07, 8.4, 8.96, 9.53], [13.37, 9.72, 7.77, 9.45, 9.58, 8.26, 8.09, 8.43, 6.81, 6.54, 6.86, 4.53, 4.04, 3.32, 2.8, 3.0, 2.71, 2.56, 2.44, 2.2, 2.55, 2.98, 3.35, 2.94, 1.87, 1.28, 1.06, 1.01, 0.73, 0, 0.58, 0.81, 0.95, 0.89, 0.9, 1.3, 1.98, 2.15, 2.21, 2.48, 2.41, 2.33, 3.72, 4.83, 4.63, 5.26, 5.3, 5.73, 7.09, 6.32, 6.47, 5.9, 4.11, 3.56, 4.08, 3.72, 3.91, 3.79, 3.47, 4.5, 6.04, 7.01, 7.6, 7.97, 7.7, 7.42, 7.14, 7.53, 8.31, 7.93, 7.46, 7.11, 6.53, 7.57, 8.37, 8.43, 8.21, 7.91, 7.66, 8.09, 8.39, 8.21, 8.0, 8.31, 8.87, 9.44], [13.39, 9.74, 7.79, 9.47, 9.6, 8.28, 8.11, 8.45, 6.81, 6.54, 6.9, 4.65, 4.14, 3.44, 2.94, 3.12, 2.73, 2.6, 2.46, 2.24, 2.49, 2.84, 3.25, 3.1, 1.97, 1.38, 1.16, 1.05, 1.05, 0.58, 0, 0.47, 0.69, 0.67, 0.76, 1.24, 2.06, 2.13, 2.33, 2.56, 2.53, 2.51, 3.98, 4.95, 4.79, 5.36, 5.38, 5.79, 7.17, 6.34, 6.45, 5.92, 4.13, 3.64, 4.14, 3.74, 3.95, 3.93, 3.65, 4.66, 6.04, 7.11, 7.68, 8.05, 7.8, 7.54, 7.32, 7.65, 8.426, 8.07, 7.611, 7.27, 6.69, 7.65, 8.41, 8.49, 8.29, 8.01, 7.74, 8.29, 8.55, 8.25, 8.04, 8.41, 8.93, 9.46], [13.5, 9.85, 7.92, 9.58, 9.71, 8.39, 8.22, 8.58, 6.96, 6.71, 7.11, 4.86, 4.29, 3.61, 3.15, 3.29, 2.88, 2.75, 2.61, 2.39, 2.6, 2.93, 3.4, 3.31, 2.18, 1.61, 1.31, 1.28, 1.16, 0.81, 0.47, 0, 0.48, 0.5, 0.81, 1.45, 2.23, 2.3, 2.48, 2.69, 2.66, 2.68, 4.13, 5.14, 5.0, 5.55, 5.57, 5.98, 7.34, 6.53, 6.64, 6.01, 4.24, 3.75, 4.25, 3.83, 4.06, 4.18, 3.84, 4.85, 6.19, 7.3, 7.916, 8.266, 8.016, 7.747, 7.51, 7.88, 8.673, 8.325, 7.824, 7.471, 6.912, 7.869, 8.634, 8.712, 8.509, 8.234, 7.962, 8.44, 8.7, 8.38, 8.19, 8.62, 9.18, 9.687], [13.42, 9.75, 7.86, 9.48, 9.65, 8.31, 8.14, 8.46, 6.86, 6.63, 7.09, 4.8, 4.23, 3.53, 3.09, 3.23, 2.76, 2.65, 2.53, 2.27, 2.48, 2.85, 3.34, 3.31, 2.18, 1.59, 1.25, 1.2, 1.14, 0.95, 0.69, 0.48, 0, 0.36, 0.75, 1.51, 2.23, 2.26, 2.48, 2.61, 2.62, 2.64, 4.15, 5.16, 5.053, 5.59, 5.47, 5.88, 7.22, 6.49, 6.66, 6.03, 4.22, 3.71, 4.15, 3.81, 4.04, 4.24, 3.86, 4.87, 6.13, 7.26, 7.976, 8.346, 8.096, 7.827, 7.564, 7.94, 8.725, 8.365, 7.904, 7.551, 6.974, 7.949, 8.692, 8.789, 8.589, 8.306, 8.036, 8.48, 8.72, 8.4, 8.21, 8.66, 9.194, 9.707], [13.48, 9.83, 7.98, 9.52, 9.71, 8.35, 8.18, 8.5, 6.88, 6.67, 7.11, 4.88, 4.29, 3.59, 3.17, 3.29, 2.78, 2.69, 2.55, 2.33, 2.52, 2.91, 3.4, 3.35, 2.22, 1.59, 1.25, 1.14, 1.02, 0.89, 0.67, 0.5, 0.36, 0, 0.79, 1.45, 2.13, 2.24, 2.4, 2.57, 2.58, 2.58, 4.11, 5.14, 5.02, 5.55, 5.47, 5.88, 7.24, 6.51, 6.64, 6.07, 4.28, 3.77, 4.27, 3.85, 4.08, 4.2, 3.82, 4.85, 6.17, 7.24, 7.976, 8.346, 8.076, 7.807, 7.564, 7.92, 8.69, 8.36, 7.904, 7.531, 6.954, 7.929, 8.692, 8.789, 8.569, 8.286, 8.036, 8.5, 8.74, 8.44, 8.21, 8.66, 9.174, 9.707], [13.25, 9.62, 7.71, 9.33, 9.48, 8.14, 7.97, 8.31, 6.61, 6.34, 6.8, 4.59, 3.96, 3.28, 2.8, 2.92, 2.43, 2.32, 2.2, 2.0, 2.27, 2.62, 3.07, 3.02, 1.89, 1.42, 1.08, 1.05, 0.97, 0.9, 0.76, 0.81, 0.75, 0.79, 0, 1.06, 1.88, 1.91, 2.03, 2.22, 2.25, 2.23, 3.76, 4.85, 4.67, 5.18, 5.08, 5.51, 6.85, 6.2, 6.45, 5.82, 4.01, 3.5, 3.94, 3.58, 3.75, 3.83, 3.43, 4.48, 5.86, 6.85, 7.709, 8.079, 7.809, 7.543, 7.28, 7.653, 8.347, 7.978, 7.62, 7.25, 6.69, 7.662, 8.424, 8.542, 8.33, 7.999, 7.769, 8.17, 8.348, 8.13, 7.958, 8.402, 8.89, 9.46], [12.65, 9.0, 7.11, 8.73, 8.86, 7.56, 7.39, 7.71, 6.05, 5.8, 6.16, 3.93, 3.32, 2.64, 2.28, 2.44, 2.09, 1.88, 1.86, 1.62, 1.81, 2.1, 2.53, 2.16, 1.37, 1.46, 1.34, 1.45, 1.47, 1.3, 1.24, 1.45, 1.51, 1.45, 1.06, 0, 1.2, 1.37, 1.45, 1.6, 1.57, 1.51, 3.08, 4.13, 3.89, 4.46, 4.44, 4.83, 6.21, 5.64, 5.79, 5.24, 3.43, 2.94, 3.36, 3.0, 3.21, 3.05, 2.83, 3.84, 5.3, 6.27, 6.98, 7.336, 7.066, 6.8, 6.58, 6.95, 7.564, 7.25, 6.857, 6.464, 5.97, 6.93, 7.707, 7.782, 7.559, 7.264, 7.06, 7.53, 7.71, 7.55, 7.34, 7.67, 8.21, 8.78], [11.65, 8.14, 6.25, 7.71, 7.88, 6.54, 6.37, 6.69, 5.05, 4.88, 5.36, 3.23, 2.62, 1.98, 1.84, 1.8, 1.57, 1.6, 1.58, 1.44, 1.59, 1.86, 2.23, 1.86, 1.55, 1.96, 2.08, 2.23, 2.07, 1.98, 2.06, 2.23, 2.23, 2.13, 1.88, 1.2, 0, 0.57, 0.79, 1.06, 1.11, 1.13, 2.32, 3.33, 3.23, 3.72, 3.62, 4.05, 5.39, 4.68, 4.85, 4.24, 2.59, 2.22, 2.64, 2.1, 2.29, 2.35, 2.11, 3.02, 4.32, 5.39, 6.166, 6.536, 6.266, 5.98, 5.74, 6.11, 6.849, 6.57, 6.14, 5.79, 5.19, 6.13, 6.89, 7.01, 6.81, 6.47, 6.226, 6.67, 6.91, 6.63, 6.4, 6.85, 7.344, 7.897], [11.64, 8.17, 6.26, 7.66, 7.79, 6.45, 6.34, 6.64, 5.04, 4.87, 5.51, 3.3, 2.69, 2.09, 1.93, 1.93, 1.62, 1.59, 1.53, 1.49, 1.66, 1.81, 2.2, 1.99, 1.64, 2.05, 2.15, 2.38, 2.28, 2.15, 2.13, 2.3, 2.26, 2.24, 1.91, 1.37, 0.57, 0, 0.9, 1.07, 1.02, 1.0, 2.29, 3.48, 3.4, 3.89, 3.69, 4.18, 5.44, 4.71, 4.92, 4.31, 2.52, 2.11, 2.55, 2.03, 2.24, 2.428, 2.24, 3.047, 4.33, 5.46, 6.199, 6.569, 6.319, 6.05, 5.787, 6.2, 7.0, 6.72, 6.29, 5.92, 5.32, 6.2, 6.94, 7.1, 6.92, 6.6, 6.29, 6.677, 6.872, 6.566, 6.436, 6.872, 7.42, 7.95], [11.46, 8.07, 6.16, 7.52, 7.65, 6.33, 6.22, 6.5, 4.88, 4.69, 5.35, 3.2, 2.55, 1.99, 1.87, 1.87, 1.56, 1.57, 1.53, 1.53, 1.52, 1.91, 2.24, 1.95, 1.8, 2.19, 2.23, 2.34, 2.28, 2.21, 2.33, 2.48, 2.48, 2.4, 2.03, 1.45, 0.79, 0.9, 0, 0.83, 0.96, 1.08, 2.07, 3.28, 3.18, 3.65, 3.47, 3.96, 5.18, 4.53, 4.7, 4.11, 2.48, 2.19, 2.61, 1.99, 2.1, 2.18, 2.1, 2.81, 4.11, 5.16, 6.036, 6.406, 6.136, 5.85, 5.59, 6.0, 6.74, 6.52, 6.11, 5.7, 5.1, 6.02, 6.78, 6.94, 6.74, 6.4, 6.11, 6.48, 6.66, 6.42, 6.264, 6.709, 7.214, 7.767], [11.23, 7.7, 5.81, 7.25, 7.46, 6.08, 5.97, 6.23, 4.53, 4.44, 5.0, 2.87, 2.22, 1.9, 1.78, 1.78, 1.61, 1.58, 1.64, 1.62, 1.67, 1.84, 2.07, 1.74, 1.77, 2.26, 2.26, 2.47, 2.45, 2.48, 2.56, 2.69, 2.61, 2.57, 2.22, 1.6, 1.06, 1.07, 0.83, 0, 0.65, 0.77, 1.96, 3.01, 2.83, 3.32, 3.1, 3.55, 4.85, 4.38, 4.59, 3.98, 2.43, 2.06, 2.36, 1.84, 2.01, 2.07, 2.07, 2.66, 3.94, 4.99, 5.926, 6.296, 6.026, 5.74, 5.48, 5.87, 6.504, 6.25, 5.88, 5.59, 4.99, 5.89, 6.67, 6.83, 6.61, 6.23, 6.0, 6.387, 6.51, 6.31, 6.154, 6.599, 7.104, 7.657], [11.2, 7.63, 5.7, 7.24, 7.37, 6.07, 5.98, 6.22, 4.6, 4.45, 4.97, 2.78, 2.17, 1.85, 1.67, 1.63, 1.56, 1.47, 1.45, 1.53, 1.66, 1.81, 2.14, 1.69, 1.68, 2.05, 2.09, 2.26, 2.36, 2.41, 2.53, 2.66, 2.62, 2.58, 2.25, 1.57, 1.11, 1.02, 0.96, 0.65, 0, 0.46, 1.89, 2.94, 2.76, 3.27, 3.15, 3.56, 4.86, 4.37, 4.62, 3.95, 2.34, 1.93, 2.15, 1.85, 2.0, 2.08, 2.06, 2.67, 3.95, 5.02, 5.89, 6.26, 5.99, 5.707, 5.427, 5.837, 6.471, 6.18, 5.79, 5.5, 4.88, 5.84, 6.6, 6.74, 6.5, 6.2, 5.95, 6.32, 6.44, 6.24, 6.13, 6.56, 7.08, 7.65], [11.26, 7.77, 5.84, 7.32, 7.45, 6.15, 6.0, 6.3, 4.64, 4.47, 4.97, 2.78, 2.27, 1.87, 1.63, 1.63, 1.52, 1.51, 1.53, 1.49, 1.7, 1.75, 2.04, 1.67, 1.58, 1.85, 1.95, 2.24, 2.28, 2.33, 2.51, 2.68, 2.64, 2.58, 2.23, 1.51, 1.13, 1.0, 1.08, 0.77, 0.46, 0, 1.77, 2.92, 2.74, 3.29, 3.15, 3.6, 4.84, 4.37, 4.64, 3.99, 2.3, 1.91, 2.25, 1.89, 2.0, 2.04, 1.98, 2.63, 3.97, 5.0, 5.83, 6.2, 5.93, 5.65, 5.37, 5.78, 6.42, 6.16, 5.77, 5.46, 4.86, 5.82, 6.6, 6.72, 6.5, 6.12, 5.89, 6.26, 6.4, 6.2, 6.11, 6.52, 7.06, 7.63], [9.85, 6.54, 4.61, 5.97, 6.02, 4.74, 4.59, 4.95, 3.35, 3.12, 3.66, 1.95, 2.08, 2.14, 2.3, 2.04, 2.37, 2.64, 2.62, 2.58, 2.49, 2.18, 2.01, 2.02, 2.67, 3.06, 3.34, 3.65, 3.73, 3.72, 3.98, 4.13, 4.15, 4.11, 3.76, 3.08, 2.32, 2.29, 2.07, 1.96, 1.89, 1.77, 0, 1.45, 1.25, 1.88, 1.78, 2.29, 3.55, 2.9, 3.09, 2.56, 1.49, 1.64, 1.94, 1.66, 1.49, 1.23, 1.65, 1.34, 2.48, 3.43, 4.14, 4.51, 4.24, 3.96, 3.66, 4.07, 4.77, 4.63, 4.2, 3.85, 3.25, 4.15, 4.99, 5.15, 4.89, 4.53, 4.22, 4.57, 4.73, 4.63, 4.52, 4.85, 5.43, 6.0], [8.62, 5.23, 3.3, 4.7, 4.81, 3.51, 3.34, 3.66, 2.18, 1.91, 2.39, 1.52, 1.89, 2.57, 2.99, 2.75, 3.2, 3.53, 3.47, 3.47, 3.28, 2.91, 2.64, 2.89, 3.7, 4.11, 4.35, 4.64, 4.86, 4.83, 4.95, 5.14, 5.16, 5.14, 4.85, 4.13, 3.33, 3.48, 3.28, 3.01, 2.94, 2.92, 1.45, 0, 0.86, 0.85, 0.99, 1.18, 2.32, 1.75, 1.82, 1.59, 1.6, 1.99, 1.83, 1.85, 1.8, 1.78, 2.24, 1.47, 1.45, 2.26, 2.99, 3.34, 3.09, 2.77, 2.49, 2.9, 3.64, 3.4, 2.99, 2.68, 2.08, 2.98, 3.78, 3.96, 3.72, 3.3, 3.05, 3.48, 3.7, 3.48, 3.29, 3.66, 4.2, 4.77], [9.06, 5.63, 3.72, 5.14, 5.23, 3.91, 3.74, 4.12, 2.44, 2.27, 2.67, 1.42, 1.79, 2.41, 2.87, 2.69, 3.14, 3.39, 3.39, 3.33, 3.16, 2.75, 2.48, 2.61, 3.38, 3.85, 4.07, 4.36, 4.58, 4.63, 4.79, 5.0, 5.053, 5.02, 4.67, 3.89, 3.23, 3.4, 3.18, 2.83, 2.76, 2.74, 1.25, 0.86, 0, 0.93, 1.17, 1.48, 2.68, 2.01, 2.18, 1.85, 1.44, 1.77, 1.73, 1.89, 1.68, 1.44, 2.0, 1.33, 1.67, 2.5, 3.13, 3.5, 3.25, 2.99, 2.75, 3.08, 3.74, 3.52, 3.11, 2.84, 2.32, 3.18, 4.0, 4.12, 3.86, 3.54, 3.25, 3.72, 3.92, 3.78, 3.61, 3.9, 4.44, 5.01], [8.39, 4.96, 3.09, 4.47, 4.56, 3.24, 3.07, 3.45, 1.95, 1.96, 2.1, 1.69, 2.14, 2.86, 3.36, 3.14, 3.55, 3.8, 3.8, 3.78, 3.59, 3.2, 2.99, 3.26, 4.07, 4.54, 4.76, 5.05, 5.29, 5.26, 5.36, 5.55, 5.59, 5.55, 5.18, 4.46, 3.72, 3.89, 3.65, 3.32, 3.27, 3.29, 1.88, 0.85, 0.93, 0, 0.88, 0.93, 1.99, 1.52, 1.65, 1.48, 1.79, 2.3, 2.12, 2.18, 2.07, 1.99, 2.61, 1.74, 1.14, 1.87, 2.64, 3.01, 2.78, 2.48, 2.22, 2.59, 3.23, 2.97, 2.7, 2.39, 1.85, 2.67, 3.41, 3.55, 3.31, 3.01, 2.72, 3.15, 3.33, 3.23, 3.04, 3.41, 3.85, 4.42], [8.43, 5.2, 3.35, 4.39, 4.56, 3.2, 3.11, 3.37, 1.85, 1.8, 2.12, 1.75, 2.14, 2.78, 3.22, 3.02, 3.35, 3.62, 3.64, 3.6, 3.39, 3.02, 2.89, 3.12, 3.93, 4.44, 4.64, 4.97, 5.25, 5.3, 5.38, 5.57, 5.47, 5.47, 5.08, 4.44, 3.62, 3.69, 3.47, 3.1, 3.15, 3.15, 1.78, 0.99, 1.17, 0.88, 0, 0.61, 1.95, 1.52, 1.95, 1.74, 1.91, 2.32, 2.1, 2.16, 2.05, 1.97, 2.35, 1.56, 1.28, 1.97, 2.9, 3.27, 3.02, 2.76, 2.56, 2.87, 3.55, 3.49, 3.24, 2.89, 2.41, 3.09, 3.89, 4.05, 3.81, 3.45, 3.12, 3.51, 3.59, 3.43, 3.28, 3.71, 4.05, 4.58], [8.0, 4.77, 2.92, 4.0, 4.15, 2.83, 2.74, 2.98, 1.84, 1.79, 1.91, 1.86, 2.29, 3.09, 3.57, 3.33, 3.72, 3.97, 4.01, 4.03, 3.8, 3.47, 3.24, 3.53, 4.34, 4.87, 5.07, 5.36, 5.64, 5.73, 5.79, 5.98, 5.88, 5.88, 5.51, 4.83, 4.05, 4.18, 3.96, 3.55, 3.56, 3.6, 2.29, 1.18, 1.48, 0.93, 0.61, 0, 1.54, 1.17, 1.58, 1.49, 2.18, 2.63, 2.37, 2.55, 2.42, 2.4, 2.82, 1.93, 1.09, 1.64, 2.53, 2.88, 2.65, 2.43, 2.21, 2.54, 3.2, 3.12, 2.89, 2.56, 2.06, 2.74, 3.54, 3.7, 3.46, 3.12, 2.79, 3.16, 3.26, 3.08, 2.93, 3.36, 3.68, 4.21], [6.68, 3.51, 2.0, 2.64, 2.73, 1.65, 1.54, 1.74, 1.64, 1.59, 1.65, 2.96, 3.53, 4.33, 4.83, 4.59, 5.0, 5.29, 5.31, 5.31, 5.1, 4.71, 4.52, 4.91, 5.7, 6.21, 6.41, 6.74, 7.02, 7.09, 7.17, 7.34, 7.22, 7.24, 6.85, 6.21, 5.39, 5.44, 5.18, 4.85, 4.86, 4.84, 3.55, 2.32, 2.68, 1.99, 1.95, 1.54, 0, 1.13, 1.38, 1.75, 3.34, 3.87, 3.53, 3.83, 3.56, 3.68, 4.02, 3.07, 1.61, 0.9, 1.49, 1.68, 1.51, 1.31, 1.09, 1.3, 1.94, 2.0, 1.85, 1.76, 1.76, 1.76, 2.24, 2.42, 2.18, 1.98, 1.67, 1.84, 1.9, 1.74, 1.83, 2.0, 2.44, 2.95], [7.47, 4.24, 2.47, 3.35, 3.42, 2.22, 2.13, 2.37, 1.91, 1.76, 1.88, 2.39, 3.0, 3.78, 4.34, 4.08, 4.55, 4.84, 4.84, 4.82, 4.61, 4.26, 4.05, 4.44, 5.23, 5.66, 5.84, 6.11, 6.37, 6.32, 6.34, 6.53, 6.49, 6.51, 6.2, 5.64, 4.68, 4.71, 4.53, 4.38, 4.37, 4.37, 2.9, 1.75, 2.01, 1.52, 1.52, 1.17, 1.13, 0, 1.01, 1.16, 2.53, 3.18, 2.9, 3.06, 2.73, 2.93, 3.41, 2.26, 1.04, 1.07, 1.7, 2.01, 1.82, 1.66, 1.44, 1.85, 2.69, 2.57, 2.22, 1.95, 1.57, 2.05, 2.81, 2.99, 2.79, 2.49, 2.14, 2.45, 2.61, 2.23, 2.22, 2.49, 2.91, 3.42], [7.38, 4.11, 2.18, 3.34, 3.59, 2.21, 2.02, 2.46, 1.78, 1.83, 1.95, 2.68, 3.25, 4.05, 4.61, 4.35, 4.8, 5.09, 5.09, 5.05, 4.84, 4.53, 4.32, 4.67, 5.46, 5.89, 6.07, 6.34, 6.58, 6.47, 6.45, 6.64, 6.66, 6.64, 6.45, 5.79, 4.85, 4.92, 4.7, 4.59, 4.62, 4.64, 3.09, 1.82, 2.18, 1.65, 1.95, 1.58, 1.38, 1.01, 0, 0.79, 2.5, 3.25, 2.89, 3.09, 2.76, 3.06, 3.68, 2.75, 1.25, 1.34, 1.79, 2.0, 1.71, 1.53, 1.35, 1.66, 2.46, 2.36, 1.87, 1.6, 1.26, 1.58, 2.3, 2.56, 2.34, 1.98, 1.75, 2.28, 2.52, 2.16, 1.85, 2.3, 2.88, 3.31], [7.65, 4.38, 2.37, 3.77, 3.98, 2.64, 2.47, 2.89, 1.85, 1.8, 2.08, 2.31, 2.78, 3.42, 3.96, 3.74, 4.17, 4.4, 4.4, 4.42, 4.19, 3.88, 3.67, 4.08, 4.87, 5.3, 5.48, 5.75, 5.99, 5.9, 5.92, 6.01, 6.03, 6.07, 5.82, 5.24, 4.24, 4.31, 4.11, 3.98, 3.95, 3.99, 2.56, 1.59, 1.85, 1.48, 1.74, 1.49, 1.75, 1.16, 0.79, 0, 1.85, 2.6, 2.26, 2.46, 2.31, 2.73, 3.33, 2.36, 1.14, 1.87, 2.4, 2.59, 2.34, 2.14, 1.86, 2.17, 2.97, 2.83, 2.28, 1.97, 1.51, 2.09, 2.77, 2.95, 2.75, 2.47, 2.18, 2.69, 2.93, 2.61, 2.32, 2.85, 3.51, 3.96], [9.34, 5.97, 4.0, 5.42, 5.65, 4.29, 4.1, 4.54, 2.94, 2.69, 3.31, 1.58, 1.77, 1.97, 2.33, 2.11, 2.52, 2.73, 2.67, 2.65, 2.44, 2.07, 1.96, 2.35, 3.02, 3.45, 3.63, 3.92, 4.18, 4.11, 4.13, 4.24, 4.22, 4.28, 4.01, 3.43, 2.59, 2.52, 2.48, 2.43, 2.34, 2.3, 1.49, 1.6, 1.44, 1.79, 1.91, 2.18, 3.34, 2.53, 2.5, 1.85, 0, 0.79, 0.99, 0.97, 0.96, 1.4, 1.76, 1.37, 2.07, 3.28, 3.95, 4.283, 3.97, 3.741, 3.498, 3.88, 4.733, 4.44, 3.93, 3.58, 2.96, 3.82, 4.54, 4.68, 4.5, 4.22, 3.95, 4.42, 4.64, 4.3, 4.07, 4.589, 5.197, 5.687], [9.91, 6.34, 4.39, 5.93, 6.16, 4.82, 4.65, 5.01, 3.43, 3.22, 3.8, 1.65, 1.58, 1.56, 1.92, 1.8, 2.15, 2.26, 2.16, 2.22, 2.03, 1.62, 1.49, 1.94, 2.45, 2.86, 3.06, 3.37, 3.59, 3.56, 3.64, 3.75, 3.71, 3.77, 3.5, 2.94, 2.22, 2.11, 2.19, 2.06, 1.93, 1.91, 1.64, 1.99, 1.77, 2.3, 2.32, 2.63, 3.87, 3.18, 3.25, 2.6, 0.79, 0, 0.86, 0.92, 1.09, 1.35, 1.51, 1.7, 2.78, 3.947, 4.552, 4.902, 4.58, 4.36, 4.117, 4.47, 5.363, 5.03, 4.48, 4.17, 3.57, 4.442, 5.227, 5.31, 5.09, 4.87, 4.574, 5.027, 5.204, 4.93, 4.78, 5.227, 5.887, 6.377], [9.49, 5.94, 3.93, 5.55, 5.88, 4.52, 4.33, 4.71, 3.13, 2.88, 3.44, 1.61, 1.86, 2.0, 2.28, 2.12, 2.59, 2.76, 2.68, 2.62, 2.57, 2.24, 2.17, 2.44, 3.01, 3.42, 3.62, 3.91, 4.09, 4.08, 4.14, 4.25, 4.15, 4.27, 3.94, 3.36, 2.64, 2.55, 2.61, 2.36, 2.15, 2.25, 1.94, 1.83, 1.73, 2.12, 2.1, 2.37, 3.53, 2.9, 2.89, 2.26, 0.99, 0.86, 0, 1.14, 1.25, 1.63, 1.95, 1.8, 2.48, 3.65, 4.262, 4.601, 4.297, 4.103, 3.851, 4.181, 5.066, 4.769, 4.26, 4.01, 3.37, 4.17, 4.91, 5.09, 4.89, 4.584, 4.274, 4.778, 4.938, 4.648, 4.426, 4.932, 5.55, 6.04], [9.77, 6.42, 4.41, 5.83, 6.1, 4.76, 4.57, 4.97, 3.37, 3.2, 3.8, 1.69, 1.42, 1.6, 1.9, 1.66, 2.01, 2.28, 2.24, 2.26, 2.03, 1.7, 1.57, 1.96, 2.63, 3.04, 3.24, 3.51, 3.75, 3.72, 3.74, 3.83, 3.81, 3.85, 3.58, 3.0, 2.1, 2.03, 1.99, 1.84, 1.85, 1.89, 1.66, 1.85, 1.89, 2.18, 2.16, 2.55, 3.83, 3.06, 3.09, 2.46, 0.97, 0.92, 1.14, 0, 0.77, 1.33, 1.43, 1.56, 2.64, 3.83, 4.479, 4.818, 4.514, 4.291, 4.068, 4.418, 5.303, 5.01, 4.52, 4.21, 3.55, 4.37, 5.13, 5.29, 5.09, 4.81, 4.491, 4.99, 5.17, 4.83, 4.657, 5.169, 5.765, 6.255], [9.72, 6.41, 4.44, 5.72, 5.91, 4.59, 4.42, 4.8, 3.28, 2.99, 3.65, 1.62, 1.57, 1.73, 2.07, 1.83, 2.3, 2.59, 2.55, 2.51, 2.34, 1.99, 1.94, 2.17, 2.88, 3.31, 3.49, 3.74, 3.98, 3.91, 3.95, 4.06, 4.04, 4.08, 3.75, 3.21, 2.29, 2.24, 2.1, 2.01, 2.0, 2.0, 1.49, 1.8, 1.68, 2.07, 2.05, 2.42, 3.56, 2.73, 2.76, 2.31, 0.96, 1.09, 1.25, 0.77, 0, 0.96, 1.26, 1.15, 2.35, 3.46, 4.15, 4.466, 4.133, 3.93, 3.69, 4.1, 5.0, 4.82, 4.31, 4.02, 3.36, 4.14, 4.86, 5.1, 4.88, 4.56, 4.17, 4.6, 4.84, 4.5, 4.27, 4.78, 5.36, 5.85], [10.1, 6.79, 4.9, 6.14, 6.19, 4.93, 4.8, 5.12, 3.52, 3.25, 3.79, 1.88, 1.89, 1.73, 2.05, 1.89, 2.34, 2.63, 2.59, 2.55, 2.4, 2.03, 1.8, 1.91, 2.6, 3.07, 3.25, 3.52, 3.68, 3.79, 3.93, 4.18, 4.24, 4.2, 3.83, 3.05, 2.35, 2.428, 2.18, 2.07, 2.08, 2.04, 1.23, 1.78, 1.44, 1.99, 1.97, 2.4, 3.68, 2.93, 3.06, 2.73, 1.4, 1.35, 1.63, 1.33, 0.96, 0, 1.0, 1.07, 2.59, 3.5, 4.03, 4.397, 4.13, 3.89, 3.69, 3.98, 4.68, 4.52, 4.17, 3.8, 3.28, 4.16, 5.0, 5.14, 4.9, 4.54, 4.19, 4.68, 4.9, 4.8, 4.63, 4.9, 5.36, 5.93], [10.62, 7.29, 5.38, 6.58, 6.63, 5.39, 5.28, 5.54, 3.96, 3.65, 4.19, 2.26, 1.91, 1.53, 1.63, 1.35, 1.9, 2.17, 2.11, 2.09, 1.98, 1.73, 1.48, 1.69, 2.12, 2.65, 2.81, 3.06, 3.26, 3.47, 3.65, 3.84, 3.86, 3.82, 3.43, 2.83, 2.11, 2.24, 2.1, 2.07, 2.06, 1.98, 1.65, 2.24, 2.0, 2.61, 2.35, 2.82, 4.02, 3.41, 3.68, 3.33, 1.76, 1.51, 1.95, 1.43, 1.26, 1.0, 0, 1.33, 2.91, 3.9, 4.65, 5.014, 4.716, 4.45, 4.21, 4.62, 5.32, 5.26, 4.85, 4.52, 3.96, 4.86, 5.74, 5.88, 5.62, 5.26, 4.91, 5.26, 5.48, 5.3, 5.13, 5.4, 6.0, 6.57], [9.59, 6.38, 4.49, 5.55, 5.44, 4.32, 4.29, 4.55, 2.99, 2.7, 3.2, 1.63, 1.84, 2.18, 2.52, 2.32, 2.87, 3.18, 3.14, 3.12, 2.93, 2.58, 2.17, 2.48, 3.23, 3.76, 3.92, 4.17, 4.41, 4.5, 4.66, 4.85, 4.87, 4.85, 4.48, 3.84, 3.02, 3.047, 2.81, 2.66, 2.67, 2.63, 1.34, 1.47, 1.33, 1.74, 1.56, 1.93, 3.07, 2.26, 2.75, 2.36, 1.37, 1.7, 1.8, 1.56, 1.15, 1.07, 1.33, 0, 1.8, 2.79, 3.52, 3.87, 3.58, 3.38, 3.12, 3.67, 4.39, 4.41, 3.98, 3.65, 3.01, 3.91, 4.79, 4.95, 4.69, 4.33, 3.98, 4.27, 4.45, 4.19, 4.08, 4.35, 4.89, 5.46], [7.95, 4.76, 2.81, 3.93, 3.9, 2.7, 2.61, 2.93, 1.69, 1.54, 1.94, 2.13, 2.52, 3.26, 3.82, 3.56, 3.99, 4.28, 4.28, 4.32, 4.09, 3.74, 3.51, 3.94, 4.77, 5.26, 5.44, 5.75, 6.05, 6.04, 6.04, 6.19, 6.13, 6.17, 5.86, 5.3, 4.32, 4.33, 4.11, 3.94, 3.95, 3.97, 2.48, 1.45, 1.67, 1.14, 1.28, 1.09, 1.61, 1.04, 1.25, 1.14, 2.07, 2.78, 2.48, 2.64, 2.35, 2.59, 2.91, 1.8, 0, 1.45, 2.22, 2.53, 2.28, 2.12, 1.9, 2.41, 3.23, 3.13, 2.72, 2.41, 1.87, 2.53, 3.25, 3.51, 3.33, 2.95, 2.56, 2.97, 3.07, 2.69, 2.5, 2.87, 3.45, 3.98], [7.0, 3.87, 2.24, 2.96, 2.91, 1.87, 1.74, 1.92, 1.9, 1.99, 1.95, 3.04, 3.53, 4.35, 4.85, 4.61, 5.06, 5.37, 5.37, 5.35, 5.16, 4.77, 4.54, 4.89, 5.72, 6.19, 6.39, 6.72, 7.0, 7.01, 7.11, 7.3, 7.26, 7.24, 6.85, 6.27, 5.39, 5.46, 5.16, 4.99, 5.02, 5.0, 3.43, 2.26, 2.5, 1.87, 1.97, 1.64, 0.9, 1.07, 1.34, 1.87, 3.28, 3.947, 3.65, 3.83, 3.46, 3.5, 3.9, 2.79, 1.45, 0, 1.07, 1.4, 1.29, 1.09, 0.91, 1.28, 1.94, 1.92, 1.71, 1.46, 1.34, 1.56, 2.22, 2.36, 2.14, 1.88, 1.69, 1.82, 1.9, 1.72, 1.71, 1.9, 2.22, 2.75], [6.55, 3.44, 2.43, 2.59, 2.5, 1.94, 1.81, 1.99, 2.41, 2.44, 2.34, 3.61, 4.38, 5.14, 5.74, 5.5, 6.03, 6.32, 6.32, 6.32, 6.13, 5.74, 5.39, 5.64, 6.47, 6.9, 7.1, 7.33, 7.57, 7.6, 7.68, 7.916, 7.976, 7.976, 7.709, 6.98, 6.166, 6.199, 6.036, 5.926, 5.89, 5.83, 4.14, 2.99, 3.13, 2.64, 2.9, 2.53, 1.49, 1.7, 1.79, 2.4, 3.95, 4.552, 4.262, 4.479, 4.15, 4.03, 4.65, 3.52, 2.22, 1.07, 0, 0.61, 0.62, 0.74, 0.94, 0.87, 1.33, 1.21, 1.2, 1.27, 1.57, 1.33, 1.53, 1.49, 1.49, 1.43, 1.3, 1.37, 1.47, 1.65, 1.64, 1.23, 1.63, 2.08], [6.38, 3.29, 2.48, 2.56, 2.39, 2.03, 1.82, 2.02, 2.58, 2.67, 2.53, 3.88, 4.71, 5.47, 6.09, 5.85, 6.4, 6.67, 6.67, 6.69, 6.5, 6.09, 5.74, 5.99, 6.84, 7.27, 7.47, 7.72, 7.96, 7.97, 8.05, 8.266, 8.346, 8.346, 8.079, 7.336, 6.536, 6.569, 6.406, 6.296, 6.26, 6.2, 4.51, 3.34, 3.5, 3.01, 3.27, 2.88, 1.68, 2.01, 2.0, 2.59, 4.283, 4.902, 4.601, 4.818, 4.466, 4.397, 5.014, 3.87, 2.53, 1.4, 0.61, 0, 0.59, 0.83, 1.05, 0.98, 1.26, 1.14, 1.13, 1.3, 1.74, 1.36, 1.3, 1.4, 1.4, 1.44, 1.27, 1.38, 1.4, 1.66, 1.61, 1.2, 1.56, 1.93], [6.63, 3.48, 2.43, 2.71, 2.62, 2.18, 1.97, 2.25, 2.67, 2.66, 2.58, 3.67, 4.46, 5.22, 5.84, 5.6, 6.13, 6.4, 6.4, 6.42, 6.23, 5.84, 5.47, 5.68, 6.53, 6.98, 7.18, 7.35, 7.63, 7.7, 7.8, 8.016, 8.096, 8.076, 7.809, 7.066, 6.266, 6.319, 6.136, 6.026, 5.99, 5.93, 4.24, 3.09, 3.25, 2.78, 3.02, 2.65, 1.51, 1.82, 1.71, 2.34, 3.97, 4.58, 4.297, 4.514, 4.133, 4.13, 4.716, 3.58, 2.28, 1.29, 0.62, 0.59, 0, 0.6, 0.88, 0.79, 1.45, 1.31, 1.18, 1.27, 1.61, 1.31, 1.55, 1.67, 1.51, 1.51, 1.34, 1.61, 1.61, 1.65, 1.58, 1.37, 1.81, 2.28], [6.55, 3.34, 2.23, 2.73, 2.7, 2.18, 1.91, 2.19, 2.45, 2.46, 2.44, 3.39, 4.18, 4.92, 5.5, 5.26, 5.85, 6.14, 6.14, 6.14, 5.95, 5.54, 5.11, 5.46, 6.31, 6.74, 6.96, 7.19, 7.43, 7.42, 7.54, 7.747, 7.827, 7.807, 7.543, 6.8, 5.98, 6.05, 5.85, 5.74, 5.707, 5.65, 3.96, 2.77, 2.99, 2.48, 2.76, 2.43, 1.31, 1.66, 1.53, 2.14, 3.741, 4.36, 4.103, 4.291, 3.93, 3.89, 4.45, 3.38, 2.12, 1.09, 0.74, 0.83, 0.6, 0, 0.62, 0.79, 1.29, 1.29, 1.1, 1.19, 1.41, 1.27, 1.55, 1.71, 1.61, 1.51, 1.18, 1.39, 1.47, 1.53, 1.48, 1.35, 1.71, 2.26], [6.75, 3.56, 2.13, 2.77, 2.66, 1.96, 1.61, 1.91, 2.07, 2.1, 2.08, 3.17, 3.9, 4.64, 5.22, 4.98, 5.57, 5.86, 5.86, 5.84, 5.667, 5.26, 4.85, 5.2, 6.05, 6.48, 6.7, 6.95, 7.19, 7.14, 7.32, 7.51, 7.564, 7.564, 7.28, 6.58, 5.74, 5.787, 5.59, 5.48, 5.427, 5.37, 3.66, 2.49, 2.75, 2.22, 2.56, 2.21, 1.09, 1.44, 1.35, 1.86, 3.498, 4.117, 3.851, 4.068, 3.69, 3.69, 4.21, 3.12, 1.9, 0.91, 0.94, 1.05, 0.88, 0.62, 0, 0.71, 1.49, 1.49, 1.22, 1.21, 1.23, 1.27, 1.75, 1.85, 1.65, 1.49, 1.22, 1.37, 1.55, 1.55, 1.58, 1.51, 1.95, 2.5], [6.44, 3.33, 2.16, 2.52, 2.55, 1.87, 1.54, 1.82, 2.06, 2.17, 2.05, 3.48, 4.29, 4.99, 5.63, 5.39, 5.98, 6.27, 6.25, 6.25, 6.077, 5.67, 5.24, 5.47, 6.34, 6.79, 6.99, 7.14, 7.42, 7.53, 7.65, 7.88, 7.94, 7.92, 7.653, 6.95, 6.11, 6.2, 6.0, 5.87, 5.837, 5.78, 4.07, 2.9, 3.08, 2.59, 2.87, 2.54, 1.3, 1.85, 1.66, 2.17, 3.88, 4.47, 4.181, 4.418, 4.1, 3.98, 4.62, 3.67, 2.41, 1.28, 0.87, 0.98, 0.79, 0.79, 0.71, 0, 1.16, 1.2, 1.09, 1.16, 1.44, 1.24, 1.5, 1.5, 1.32, 1.3, 1.07, 1.34, 1.48, 1.66, 1.61, 1.5, 1.84, 2.29], [5.86, 2.81, 2.6, 2.42, 2.27, 2.11, 1.76, 2.12, 2.64, 2.81, 2.63, 4.26, 5.03, 5.79, 6.31, 6.13, 6.66, 6.91, 6.95, 6.924, 6.751, 6.33, 5.86, 6.15, 7.0, 7.49, 7.73, 7.98, 8.18, 8.31, 8.426, 8.673, 8.725, 8.69, 8.347, 7.564, 6.849, 7.0, 6.74, 6.504, 6.471, 6.42, 4.77, 3.64, 3.74, 3.23, 3.55, 3.2, 1.94, 2.69, 2.46, 2.97, 4.733, 5.363, 5.066, 5.303, 5.0, 4.68, 5.32, 4.39, 3.23, 1.94, 1.33, 1.26, 1.45, 1.29, 1.49, 1.16, 0, 0.86, 1.25, 1.54, 1.94, 1.54, 1.3, 1.26, 1.16, 1.24, 1.33, 1.26, 1.32, 1.9, 1.87, 1.24, 1.28, 1.63], [6.3, 2.91, 2.36, 2.56, 2.59, 2.25, 1.86, 2.2, 2.66, 2.83, 2.63, 3.94, 4.69, 5.45, 5.95, 5.79, 6.34, 6.61, 6.63, 6.59, 6.4, 5.99, 5.54, 5.79, 6.64, 7.13, 7.35, 7.64, 7.78, 7.93, 8.07, 8.325, 8.365, 8.36, 7.978, 7.25, 6.57, 6.72, 6.52, 6.25, 6.18, 6.16, 4.63, 3.4, 3.52, 2.97, 3.49, 3.12, 2.0, 2.57, 2.36, 2.83, 4.44, 5.03, 4.769, 5.01, 4.82, 4.52, 5.26, 4.41, 3.13, 1.92, 1.21, 1.14, 1.31, 1.29, 1.49, 1.2, 0.86, 0, 0.83, 1.22, 1.8, 1.44, 1.32, 1.16, 1.18, 1.3, 1.31, 1.32, 1.44, 1.94, 1.91, 1.44, 1.72, 2.11], [6.63, 3.14, 1.89, 2.73, 2.78, 2.2, 1.89, 2.23, 2.55, 2.78, 2.6, 3.55, 4.26, 5.0, 5.54, 5.34, 5.97, 6.24, 6.22, 6.2, 6.01, 5.6, 5.17, 5.42, 6.27, 6.72, 6.92, 7.17, 7.39, 7.46, 7.611, 7.824, 7.904, 7.904, 7.62, 6.857, 6.14, 6.29, 6.11, 5.88, 5.79, 5.77, 4.2, 2.99, 3.11, 2.7, 3.24, 2.89, 1.85, 2.22, 1.87, 2.28, 3.93, 4.48, 4.26, 4.52, 4.31, 4.17, 4.85, 3.98, 2.72, 1.71, 1.2, 1.13, 1.18, 1.1, 1.22, 1.09, 1.25, 0.83, 0, 0.73, 1.23, 0.95, 1.21, 1.21, 1.03, 1.11, 1.02, 1.23, 1.55, 1.59, 1.5, 1.49, 2.11, 2.5], [6.88, 3.49, 1.76, 3.0, 3.03, 2.23, 2.06, 2.32, 2.44, 2.59, 2.49, 3.14, 3.85, 4.65, 5.17, 5.07, 5.62, 5.91, 5.89, 5.85, 5.64, 5.23, 4.8, 5.05, 5.9, 6.37, 6.55, 6.82, 7.04, 7.11, 7.27, 7.471, 7.551, 7.531, 7.25, 6.464, 5.79, 5.92, 5.7, 5.59, 5.5, 5.46, 3.85, 2.68, 2.84, 2.39, 2.89, 2.56, 1.76, 1.95, 1.6, 1.97, 3.58, 4.17, 4.01, 4.21, 4.02, 3.8, 4.52, 3.65, 2.41, 1.46, 1.27, 1.3, 1.27, 1.19, 1.21, 1.16, 1.54, 1.22, 0.73, 0, 0.78, 0.94, 1.5, 1.46, 1.34, 1.16, 1.07, 1.5, 1.76, 1.7, 1.47, 1.68, 2.18, 2.65], [7.2, 3.81, 1.94, 3.32, 3.35, 2.37, 2.14, 2.52, 2.28, 2.47, 2.39, 2.74, 3.33, 4.05, 4.61, 4.43, 5.02, 5.31, 5.29, 5.27, 5.08, 4.67, 4.28, 4.59, 5.44, 5.85, 6.07, 6.36, 6.58, 6.53, 6.69, 6.912, 6.974, 6.954, 6.69, 5.97, 5.19, 5.32, 5.1, 4.99, 4.88, 4.86, 3.25, 2.08, 2.32, 1.85, 2.41, 2.06, 1.76, 1.57, 1.26, 1.51, 2.96, 3.57, 3.37, 3.55, 3.36, 3.28, 3.96, 3.01, 1.87, 1.34, 1.57, 1.74, 1.61, 1.41, 1.23, 1.44, 1.94, 1.8, 1.23, 0.78, 0, 1.12, 1.92, 1.96, 1.8, 1.56, 1.35, 1.8, 2.08, 1.92, 1.75, 1.98, 2.5, 3.01], [6.38, 3.15, 1.48, 2.48, 2.61, 2.09, 1.74, 2.04, 2.42, 2.57, 2.51, 3.56, 4.31, 5.07, 5.69, 5.45, 5.98, 6.25, 6.25, 6.27, 6.08, 5.67, 5.34, 5.61, 6.46, 6.87, 7.09, 7.36, 7.6, 7.57, 7.65, 7.869, 7.949, 7.929, 7.662, 6.93, 6.13, 6.2, 6.02, 5.89, 5.84, 5.82, 4.15, 2.98, 3.18, 2.67, 3.09, 2.74, 1.76, 2.05, 1.58, 2.09, 3.82, 4.442, 4.17, 4.37, 4.14, 4.16, 4.86, 3.91, 2.53, 1.56, 1.33, 1.36, 1.31, 1.27, 1.27, 1.24, 1.54, 1.44, 0.95, 0.94, 1.12, 0, 1.02, 1.14, 1.0, 0.98, 0.85, 1.22, 1.38, 1.26, 1.07, 1.44, 2.02, 2.41], [5.66, 2.35, 1.82, 2.06, 2.11, 2.35, 1.9, 2.12, 2.76, 2.91, 2.85, 4.28, 5.07, 5.85, 6.47, 6.23, 6.74, 7.01, 7.01, 7.022, 6.84, 6.43, 6.16, 6.45, 7.3, 7.73, 7.93, 8.2, 8.44, 8.37, 8.41, 8.634, 8.692, 8.692, 8.424, 7.707, 6.89, 6.94, 6.78, 6.67, 6.6, 6.6, 4.99, 3.78, 4.0, 3.41, 3.89, 3.54, 2.24, 2.81, 2.3, 2.77, 4.54, 5.227, 4.91, 5.13, 4.86, 5.0, 5.74, 4.79, 3.25, 2.22, 1.53, 1.3, 1.55, 1.55, 1.75, 1.5, 1.3, 1.32, 1.21, 1.5, 1.92, 1.02, 0, 0.62, 0.94, 1.06, 1.07, 0.98, 1.16, 1.32, 1.25, 1.04, 1.56, 1.85], [5.6, 2.29, 1.9, 1.96, 2.05, 2.37, 1.88, 2.12, 2.78, 2.97, 2.85, 4.34, 5.15, 5.91, 6.55, 6.35, 6.86, 7.15, 7.13, 7.13, 6.94, 6.53, 6.22, 6.47, 7.32, 7.75, 7.95, 8.18, 8.42, 8.43, 8.49, 8.712, 8.789, 8.789, 8.542, 7.782, 7.01, 7.1, 6.94, 6.83, 6.74, 6.72, 5.15, 3.96, 4.12, 3.55, 4.05, 3.7, 2.42, 2.99, 2.56, 2.95, 4.68, 5.31, 5.09, 5.29, 5.1, 5.14, 5.88, 4.95, 3.51, 2.36, 1.49, 1.4, 1.67, 1.71, 1.85, 1.5, 1.26, 1.16, 1.21, 1.46, 1.96, 1.14, 0.62, 0, 0.62, 0.9, 1.03, 0.94, 1.06, 1.44, 1.43, 1.12, 1.44, 1.67], [5.8, 2.53, 1.84, 2.08, 2.03, 2.15, 1.68, 1.98, 2.7, 2.91, 2.73, 4.18, 4.99, 5.73, 6.35, 6.13, 6.68, 6.97, 6.95, 6.91, 6.72, 6.31, 6.0, 6.23, 7.08, 7.51, 7.71, 7.96, 8.2, 8.21, 8.29, 8.509, 8.589, 8.569, 8.33, 7.559, 6.81, 6.92, 6.74, 6.61, 6.5, 6.5, 4.89, 3.72, 3.86, 3.31, 3.81, 3.46, 2.18, 2.79, 2.34, 2.75, 4.5, 5.09, 4.89, 5.09, 4.88, 4.9, 5.62, 4.69, 3.33, 2.14, 1.49, 1.4, 1.51, 1.61, 1.65, 1.32, 1.16, 1.18, 1.03, 1.34, 1.8, 1.0, 0.94, 0.62, 0, 0.66, 0.89, 0.98, 1.04, 1.48, 1.39, 1.28, 1.58, 1.85], [5.96, 2.69, 1.72, 2.2, 2.15, 1.93, 1.52, 1.94, 2.46, 2.61, 2.45, 3.92, 4.67, 5.43, 6.01, 5.79, 6.32, 6.63, 6.61, 6.596, 6.42, 6.01, 5.7, 5.97, 6.82, 7.25, 7.45, 7.72, 7.96, 7.91, 8.01, 8.234, 8.306, 8.286, 7.999, 7.264, 6.47, 6.6, 6.4, 6.23, 6.2, 6.12, 4.53, 3.3, 3.54, 3.01, 3.45, 3.12, 1.98, 2.49, 1.98, 2.47, 4.22, 4.87, 4.584, 4.81, 4.56, 4.54, 5.26, 4.33, 2.95, 1.88, 1.43, 1.44, 1.51, 1.51, 1.49, 1.3, 1.24, 1.3, 1.11, 1.16, 1.56, 0.98, 1.06, 0.9, 0.66, 0, 0.65, 1.0, 1.12, 1.44, 1.33, 1.24, 1.56, 1.83], [6.05, 2.76, 1.45, 2.13, 2.2, 1.98, 1.53, 1.91, 2.31, 2.46, 2.4, 3.67, 4.48, 