[[0, 0.92, 1.34, 1.59, 1.32, 1.63, 1.88, 2.4, 2.29, 2.68, 3.37, 4.29, 5.14, 6.17, 7.03, 5.59, 1.83, 1.6, 2.24, 2.23, 2.61, 2.76, 2.93, 3.03, 3.34, 3.57, 3.54, 2.94, 2.77, 3.25, 4.09, 4.43, 4.0, 4.3, 4.63, 5.14, 4.83, 5.75, 5.61, 4.77, 4.13, 3.65, 3.78, 3.73, 3.46, 3.22, 3.34, 3.83, 4.57, 4.48, 2.66, 2.96, 4.15, 4.26, 4.59, 4.84, 4.55, 4.73, 4.85, 5.0, 4.91, 4.42, 4.24, 4.7, 4.82, 4.75, 5.09, 5.36, 5.27, 4.62, 5.07, 6.94, 7.11, 6.84, 6.03, 6.23, 7.24, 11.09, 13.13, 13.57, 12.53, 12.25, 12.33, 11.9, 11.68, 11.8], [0.92, 0, 0.78, 1.05, 0.94, 1.47, 1.56, 2.18, 2.11, 2.58, 3.05, 3.83, 4.7, 5.45, 6.31, 4.87, 1.43, 2.36, 3.06, 2.87, 3.19, 3.32, 3.67, 3.61, 3.94, 4.19, 4.14, 3.68, 3.43, 3.77, 4.65, 5.11, 4.64, 4.96, 5.35, 5.88, 5.53, 6.45, 6.33, 5.47, 4.85, 4.37, 4.48, 4.41, 4.12, 3.88, 4.02, 4.47, 5.15, 5.14, 3.38, 3.42, 4.51, 4.58, 4.89, 5.1, 4.93, 4.95, 5.15, 5.34, 5.25, 4.86, 4.68, 5.26, 5.38, 5.35, 5.45, 5.74, 5.65, 5.04, 5.55, 7.62, 7.81, 7.58, 6.77, 6.93, 7.98, 11.79, 13.83, 14.25, 13.23, 12.95, 13.03, 12.6, 12.38, 12.5], [1.34, 0.78, 0, 0.73, 0.84, 1.41, 1.6, 2.2, 2.25, 2.64, 3.09, 3.81, 4.66, 5.29, 6.11, 4.67, 1.55, 2.76, 3.44, 3.33, 3.73, 3.88, 4.05, 4.05, 4.4, 4.67, 4.62, 4.12, 3.87, 4.21, 4.93, 5.37, 4.9, 5.22, 5.61, 6.1, 5.79, 6.69, 6.59, 5.71, 5.11, 4.63, 4.76, 4.69, 4.42, 4.22, 4.26, 4.75, 5.47, 5.36, 3.7, 4.0, 4.83, 4.92, 5.23, 5.4, 5.31, 5.21, 5.45, 5.76, 5.61, 5.4, 5.14, 5.82, 5.86, 5.91, 5.89, 6.16, 6.13, 5.42, 5.85, 7.84, 8.07, 7.82, 6.99, 7.23, 8.16, 12.07, 14.07, 14.47, 13.49, 13.23, 13.31, 12.88, 12.66, 12.76], [1.59, 1.05, 0.73, 0, 0.75, 1.22, 1.77, 2.39, 2.52, 2.81, 3.22, 3.74, 4.53, 5.04, 5.9, 4.46, 1.62, 3.07, 3.73, 3.64, 3.98, 4.11, 4.2, 4.34, 4.67, 4.9, 4.87, 4.33, 4.12, 4.48, 5.24, 5.56, 5.11, 5.39, 5.74, 6.19, 5.88, 6.74, 6.66, 5.78, 5.18, 4.7, 4.85, 4.82, 4.53, 4.33, 4.39, 4.9, 5.62, 5.51, 3.85, 4.33, 5.08, 5.17, 5.48, 5.67, 5.56, 5.48, 5.7, 6.01, 5.86, 5.65, 5.39, 6.07, 6.13, 6.16, 6.16, 6.43, 6.4, 5.69, 6.14, 7.93, 8.16, 7.97, 7.16, 7.34, 8.37, 12.18, 14.14, 14.56, 13.56, 13.3, 13.38, 12.95, 12.73, 12.93], [1.32, 0.94, 0.84, 0.75, 0, 1.19, 1.64, 2.28, 2.55, 2.78, 3.31, 3.99, 4.82, 5.63, 6.49, 5.05, 1.67, 2.74, 3.34, 3.31, 3.63, 3.8, 3.89, 4.01, 4.38, 4.61, 4.56, 4.0, 3.81, 4.11, 4.83, 5.09, 4.66, 4.92, 5.33, 5.72, 5.39, 6.21, 6.07, 5.27, 4.59, 4.11, 4.22, 4.17, 3.92, 3.7, 3.84, 4.37, 5.09, 4.96, 3.48, 4.02, 4.89, 4.98, 5.29, 5.46, 5.37, 5.27, 5.51, 5.82, 5.67, 5.36, 5.12, 5.78, 5.8, 5.87, 5.93, 6.22, 6.15, 5.48, 5.79, 7.42, 7.59, 7.38, 6.57, 6.77, 7.78, 11.61, 13.61, 14.05, 12.99, 12.69, 12.77, 12.34, 12.12, 12.28], [1.63, 1.47, 1.41, 1.22, 1.19, 0, 1.21, 2.03, 2.32, 2.45, 2.7, 3.2, 4.01, 4.96, 5.82, 4.38, 1.68, 2.77, 3.33, 3.28, 3.64, 3.75, 3.98, 4.08, 4.37, 4.6, 4.57, 3.97, 3.78, 4.22, 5.14, 5.44, 4.99, 5.31, 5.68, 6.27, 5.82, 6.74, 6.62, 5.76, 5.12, 4.7, 4.85, 4.82, 4.71, 4.49, 4.61, 5.22, 5.9, 5.65, 3.77, 3.85, 4.62, 4.71, 4.98, 5.11, 5.1, 4.9, 5.22, 5.57, 5.42, 5.25, 5.15, 5.65, 5.93, 5.76, 5.7, 5.97, 5.92, 5.23, 6.04, 7.93, 8.16, 8.05, 7.24, 7.42, 8.45, 12.24, 14.14, 14.56, 13.52, 13.26, 13.34, 12.91, 12.73, 12.95], [1.88, 1.56, 1.6, 1.77, 1.64, 1.21, 0, 1.08, 1.35, 1.46, 1.91, 2.75, 3.62, 4.57, 5.43, 4.03, 1.27, 2.66, 3.46, 3.25, 3.29, 3.5, 3.99, 3.89, 3.86, 4.17, 4.08, 3.64, 3.53, 4.13, 5.11, 5.57, 5.14, 5.5, 6.09, 6.66, 6.05, 6.93, 6.91, 6.01, 5.37, 4.93, 5.12, 5.13, 5.02, 4.82, 4.96, 5.57, 6.17, 5.92, 3.98, 3.18, 3.61, 3.74, 4.19, 4.18, 4.11, 4.05, 4.23, 4.58, 4.51, 4.48, 4.76, 5.0, 5.36, 4.91, 4.81, 4.96, 4.95, 4.62, 6.25, 8.18, 8.57, 8.44, 7.63, 7.81, 8.84, 12.63, 14.421, 14.73, 13.87, 13.53, 13.61, 13.18, 13.04, 13.34], [2.4, 2.18, 2.2, 2.39, 2.28, 2.03, 1.08, 0, 0.93, 0.96, 1.63, 2.47, 3.12, 4.05, 4.93, 3.87, 1.49, 3.08, 3.96, 3.75, 3.71, 4.0, 4.43, 4.35, 4.16, 4.43, 4.3, 3.88, 3.83, 4.55, 5.35, 6.01, 5.6, 5.96, 6.55, 7.16, 6.51, 7.29, 7.37, 6.47, 5.81, 5.37, 5.46, 5.51, 5.32, 5.18, 5.32, 5.91, 6.51, 6.28, 4.36, 3.16, 3.49, 3.64, 3.79, 3.66, 3.61, 3.57, 3.59, 4.14, 4.19, 4.4, 4.94, 5.24, 5.68, 5.15, 4.81, 4.52, 4.47, 4.72, 6.67, 8.62, 9.07, 8.96, 8.15, 8.33, 9.36, 13.15, 14.906, 15.17, 14.33, 13.93, 14.01, 13.64, 13.54, 13.86], [2.29, 2.11, 2.25, 2.52, 2.55, 2.32, 1.35, 0.93, 0, 1.03, 1.62, 2.6, 3.31, 4.26, 5.12, 3.88, 1.82, 2.91, 3.79, 3.58, 3.54, 3.83, 4.26, 4.2, 4.03, 4.3, 4.13, 3.73, 3.64, 4.38, 5.2, 5.84, 5.43, 5.77, 6.36, 6.99, 6.36, 7.1, 7.18, 6.26, 5.58, 5.2, 5.25, 5.3, 5.15, 5.03, 5.13, 5.7, 6.3, 6.11, 4.17, 2.91, 3.52, 3.59, 3.88, 3.73, 3.48, 3.76, 3.56, 4.13, 4.2, 4.29, 4.81, 5.11, 5.51, 4.96, 4.68, 4.43, 4.48, 4.47, 6.46, 8.41, 8.9, 8.79, 7.98, 8.16, 9.19, 12.98, 14.739, 15.02, 14.1, 13.74, 13.86, 13.49, 13.37, 13.69], [2.68, 2.58, 2.64, 2.81, 2.78, 2.45, 1.46, 0.96, 1.03, 0, 1.09, 2.13, 2.84, 3.85, 4.71, 3.61, 1.59, 3.36, 4.24, 4.03, 3.99, 4.28, 4.71, 4.63, 4.48, 4.79, 4.64, 4.26, 4.17, 4.83, 5.63, 6.29, 5.92, 6.28, 6.87, 7.44, 6.83, 7.63, 7.69, 6.79, 6.13, 5.69, 5.78, 5.83, 5.62, 5.46, 5.58, 6.15, 6.75, 6.54, 4.62, 3.38, 3.77, 3.82, 4.03, 3.78, 3.59, 3.53, 3.65, 4.34, 4.55, 4.74, 5.28, 5.56, 5.96, 5.49, 5.13, 4.8, 4.85, 4.78, 6.99, 8.94, 9.35, 9.24, 8.43, 8.61, 9.64, 13.43, 15.186, 15.47, 14.65, 14.27, 14.35, 13.96, 13.82, 14.14], [3.37, 3.05, 3.09, 3.22, 3.31, 2.7, 1.91, 1.63, 1.62, 1.09, 0, 1.34, 2.17, 3.04, 3.92, 2.84, 1.98, 4.23, 5.11, 4.9, 4.86, 5.15, 5.58, 5.5, 5.35, 5.6, 5.49, 5.03, 5.0, 5.7, 6.58, 7.16, 6.73, 7.09, 7.68, 8.31, 7.66, 8.4, 8.5, 7.6, 6.94, 6.5, 6.57, 6.62, 6.45, 6.33, 6.45, 6.98, 7.56, 7.41, 5.49, 4.09, 4.54, 4.75, 5.0, 4.63, 4.52, 4.46, 4.36, 5.17, 5.4, 5.67, 6.15, 6.43, 6.85, 6.28, 6.08, 5.69, 5.68, 5.61, 7.82, 9.75, 10.22, 10.11, 9.3, 9.48, 10.51, 14.299, 16.062, 16.34, 15.46, 15.08, 15.16, 14.79, 14.69, 15.01], [4.29, 3.83, 3.81, 3.74, 3.99, 3.2, 2.75, 2.47, 2.6, 2.13, 1.34, 0, 1.15, 2.26, 3.32, 2.78, 3.0, 5.21, 6.09, 5.88, 5.84, 6.15, 6.6, 6.54, 6.41, 6.72, 6.59, 6.19, 6.08, 6.7, 7.52, 8.18, 7.81, 8.15, 8.72, 9.29, 8.7, 9.54, 9.56, 8.66, 8.0, 7.58, 7.67, 7.68, 7.47, 7.31, 7.43, 7.96, 8.54, 8.39, 6.47, 5.11, 5.6, 5.79, 6.08, 5.69, 5.56, 5.54, 5.38, 6.03, 6.4, 6.73, 7.23, 7.47, 7.83, 7.42, 7.08, 6.71, 6.76, 6.65, 8.84, 10.79, 11.2, 11.09, 10.28, 10.46, 11.49, 15.28, 17.051, 17.38, 16.5, 16.18, 16.26, 15.85, 15.69, 15.99], [5.14, 4.7, 4.66, 4.53, 4.82, 4.01, 3.62, 3.12, 3.31, 2.84, 2.17, 1.15, 0, 1.67, 2.83, 2.73, 3.81, 6.08, 6.96, 6.75, 6.71, 7.0, 7.45, 7.35, 7.18, 7.43, 7.34, 6.94, 6.89, 7.57, 8.35, 9.03, 8.6, 8.98, 9.57, 10.16, 9.53, 10.35, 10.39, 9.49, 8.85, 8.37, 8.5, 8.51, 8.32, 8.18, 8.32, 8.87, 9.45, 9.26, 7.34, 5.96, 6.41, 6.56, 6.65, 6.3, 5.99, 5.91, 5.75, 6.58, 6.87, 7.3, 7.98, 8.24, 8.68, 8.21, 7.77, 7.22, 7.31, 7.48, 9.69, 11.64, 12.07, 11.96, 11.15, 11.33, 12.36, 16.15, 17.918, 18.21, 17.35, 16.97, 17.05, 16.64, 16.54, 16.86], [6.17, 5.45, 5.29, 5.04, 5.63, 4.96, 4.57, 4.05, 4.26, 3.85, 3.04, 2.26, 1.67, 0, 1.54, 2.02, 4.52, 7.13, 8.01, 7.8, 7.76, 8.05, 8.48, 8.38, 8.19, 8.44, 8.25, 7.79, 7.84, 8.6, 9.4, 10.06, 9.61, 9.99, 10.58, 11.21, 10.56, 11.28, 11.4, 10.48, 9.82, 9.38, 9.45, 9.5, 9.35, 9.23, 9.35, 9.88, 10.44, 10.31, 8.41, 6.99, 7.42, 7.51, 7.52, 7.27, 6.96, 6.92, 6.78, 7.71, 7.94, 8.27, 8.95, 9.27, 9.73, 9.14, 8.7, 8.13, 8.22, 8.49, 10.68, 12.63, 13.12, 13.01, 12.2, 12.38, 13.41, 17.196, 18.942, 19.22, 18.34, 17.86, 18.0, 17.67, 17.59, 17.91], [7.03, 6.31, 6.11, 5.9, 6.49, 5.82, 5.43, 4.93, 5.12, 4.71, 3.92, 3.32, 2.83, 1.54, 0, 1.86, 5.32, 7.99, 8.87, 8.66, 8.62, 8.91, 9.34, 9.24, 9.05, 9.28, 9.13, 8.61, 8.68, 9.46, 10.28, 10.92, 10.45, 10.85, 11.44, 12.07, 11.42, 12.06, 12.26, 11.34, 10.66, 10.2, 10.23, 10.28, 10.21, 10.09, 10.21, 10.74, 11.3, 11.17, 9.29, 7.87, 8.28, 8.37, 8.36, 8.11, 7.8, 7.76, 7.68, 8.65, 8.86, 9.09, 9.79, 10.13, 10.59, 9.98, 9.52, 9.03, 9.12, 9.35, 11.54, 13.49, 13.98, 13.87, 13.06, 13.24, 14.27, 18.053, 19.799, 20.08, 19.18, 18.72, 18.8, 18.51, 18.45, 18.77], [5.59, 4.87, 4.67, 4.46, 5.05, 4.38, 4.03, 3.87, 3.88, 3.61, 2.84, 2.78, 2.73, 2.02, 1.86, 0, 3.96, 6.55, 7.43, 7.22, 7.18, 7.47, 7.98, 7.86, 7.71, 8.0, 7.81, 7.37, 7.28, 8.06, 8.96, 9.56, 9.01, 9.45, 10.0, 10.63, 10.02, 10.7, 10.82, 9.9, 9.18, 8.76, 8.79, 8.8, 8.77, 8.65, 8.77, 9.3, 9.86, 9.73, 7.81, 6.41, 6.92, 7.17, 7.44, 7.01, 6.92, 6.82, 6.84, 7.75, 7.92, 8.09, 8.49, 8.83, 9.21, 8.66, 8.38, 8.03, 8.12, 8.05, 10.1, 12.07, 12.54, 12.43, 11.62, 11.8, 12.83, 16.598, 18.397, 18.66, 17.66, 17.22, 17.36, 17.07, 17.01, 17.325], [1.83, 1.43, 1.55, 1.62, 1.67, 1.68, 1.27, 1.49, 1.82, 1.59, 1.98, 3.0, 3.81, 4.52, 5.32, 3.96, 0, 2.87, 3.67, 3.48, 3.62, 3.79, 4.14, 4.12, 4.15, 4.36, 4.39, 3.77, 3.72, 4.44, 5.42, 5.7, 5.29, 5.65, 6.24, 6.85, 6.2, 6.96, 7.06, 6.16, 5.5, 5.02, 5.13, 5.16, 4.99, 4.87, 4.99, 5.52, 6.08, 5.95, 4.05, 3.71, 4.1, 4.11, 4.3, 4.37, 4.38, 4.22, 4.58, 5.09, 5.04, 4.93, 5.01, 5.37, 5.95, 5.4, 5.38, 5.45, 5.42, 4.81, 6.5, 8.35, 8.76, 8.65, 7.84, 8.02, 9.05, 12.84, 14.608, 14.9, 14.02, 13.6, 13.68, 13.29, 13.23, 13.55], [1.6, 2.36, 2.76, 3.07, 2.74, 2.77, 2.66, 3.08, 2.91, 3.36, 4.23, 5.21, 6.08, 7.13, 7.99, 6.55, 2.87, 0, 1.14, 1.17, 1.39, 1.38, 1.63, 1.75, 1.88, 2.11, 2.02, 1.46, 1.33, 2.03, 2.81, 3.21, 2.78, 3.12, 3.57, 4.14, 3.71, 4.59, 4.51, 3.59, 2.99, 2.55, 2.72, 2.69, 2.7, 2.38, 2.36, 2.99, 3.71, 3.32, 1.4, 1.88, 2.83, 2.98, 3.33, 3.54, 3.21, 3.49, 3.59, 3.74, 3.65, 3.14, 2.96, 3.34, 3.36, 3.31, 3.81, 4.06, 3.97, 3.38, 4.13, 5.76, 6.05, 5.88, 5.07, 5.29, 6.28, 10.11, 12.01, 12.41, 11.43, 11.17, 11.25, 10.82, 10.6, 10.78], [2.24, 3.06, 3.44, 3.73, 3.34, 3.33, 3.46, 3.96, 3.79, 4.24, 5.11, 6.09, 6.96, 8.01, 8.87, 7.43, 3.67, 1.14, 0, 0.73, 0.93, 0.88, 1.15, 1.15, 1.52, 1.67, 1.72, 1.26, 1.11, 1.31, 2.25, 2.69, 2.14, 2.48, 2.79, 3.34, 3.03, 3.89, 3.77, 2.89, 2.39, 2.09, 2.48, 2.69, 2.9, 2.46, 2.38, 2.77, 3.27, 2.84, 1.02, 1.6, 2.33, 2.54, 2.81, 3.08, 2.65, 3.11, 3.11, 3.18, 3.17, 2.7, 2.48, 2.7, 2.9, 2.73, 3.23, 3.48, 3.39, 2.84, 3.33, 5.08, 5.25, 5.04, 4.21, 4.45, 5.4, 9.27, 11.27, 11.71, 10.67, 10.39, 10.47, 10.04, 9.82, 9.94], [2.23, 2.87, 3.33, 3.64, 3.31, 3.28, 3.25, 3.75, 3.58, 4.03, 4.9, 5.88, 6.75, 7.8, 8.66, 7.22, 3.48, 1.17, 0.73, 0, 0.76, 0.91, 1.32, 1.32, 1.79, 1.92, 1.97, 1.55, 1.38, 1.6, 2.46, 3.1, 2.47, 2.83, 3.08, 3.59, 3.36, 4.2, 4.06, 3.14, 2.86, 2.56, 2.95, 3.18, 3.23, 2.87, 2.85, 3.24, 3.7, 3.19, 1.43, 1.65, 2.12, 2.33, 2.6, 2.87, 2.5, 2.9, 2.98, 3.01, 2.94, 2.53, 2.31, 2.67, 2.93, 2.74, 3.08, 3.31, 3.22, 2.63, 3.34, 5.29, 5.46, 5.23, 4.4, 4.64, 5.61, 9.48, 11.48, 11.92, 10.88, 10.62, 10.7, 10.27, 10.05, 10.13], [2.61, 3.19, 3.73, 3.98, 3.63, 3.64, 3.29, 3.71, 3.54, 3.99, 4.86, 5.84, 6.71, 7.76, 8.62, 7.18, 3.62, 1.39, 0.93, 0.76, 0, 0.71, 1.22, 1.28, 1.63, 1.82, 1.75, 1.49, 1.26, 1.46, 2.38, 3.02, 2.41, 2.75, 2.98, 3.53, 3.26, 4.1, 3.96, 3.08, 2.84, 2.56, 2.87, 3.16, 3.27, 2.91, 2.95, 3.26, 3.64, 3.07, 1.47, 1.49, 1.84, 2.05, 2.36, 2.57, 2.2, 2.66, 2.72, 2.75, 2.68, 2.29, 2.19, 2.37, 2.59, 2.38, 2.78, 3.03, 2.94, 2.45, 3.46, 5.15, 5.38, 5.25, 4.44, 4.62, 5.65, 9.44, 11.36, 11.78, 10.76, 10.5, 10.58, 10.15, 9.93, 10.15], [2.76, 3.32, 3.88, 4.11, 3.8, 3.75, 3.5, 4.0, 3.83, 4.28, 5.15, 6.15, 7.0, 8.05, 8.91, 7.47, 3.79, 1.38, 0.88, 0.91, 0.71, 0, 0.83, 0.85, 1.26, 1.35, 1.3, 1.16, 1.07, 1.05, 1.97, 2.55, 1.96, 2.26, 2.63, 3.16, 2.79, 3.57, 3.49, 2.67, 2.41, 2.21, 2.58, 2.93, 3.1, 2.68, 2.7, 3.03, 3.41, 2.78, 1.22, 1.8, 2.01, 2.16, 2.45, 2.7, 2.33, 2.77, 2.83, 2.84, 2.81, 2.28, 2.04, 2.24, 2.32, 2.21, 2.83, 3.1, 2.99, 2.6, 3.25, 4.76, 5.07, 4.96, 4.15, 4.33, 5.36, 9.15, 10.95, 11.33, 10.37, 10.09, 10.17, 9.74, 9.56, 9.86], [2.93, 3.67, 4.05, 4.2, 3.89, 3.98, 3.99, 4.43, 4.26, 4.71, 5.58, 6.6, 7.45, 8.48, 9.34, 7.98, 4.14, 1.63, 1.15, 1.32, 1.22, 0.83, 0, 0.74, 1.27, 1.26, 1.15, 1.17, 0.98, 1.14, 1.82, 2.22, 1.69, 1.97, 2.3, 2.77, 2.38, 3.02, 3.08, 2.26, 1.94, 1.88, 2.41, 2.6, 2.79, 2.37, 2.31, 2.64, 3.12, 2.49, 1.23, 2.35, 2.44, 2.53, 2.72, 3.01, 2.66, 3.04, 3.04, 3.01, 3.0, 2.51, 2.13, 2.41, 2.39, 2.38, 3.04, 3.27, 3.18, 2.75, 3.26, 4.31, 4.64, 4.53, 3.72, 3.9, 4.93, 8.72, 10.52, 10.86, 9.94, 9.64, 9.72, 9.31, 9.13, 9.43], [3.03, 3.61, 4.05, 4.34, 4.01, 4.08, 3.89, 4.35, 4.2, 4.63, 5.5, 6.54, 7.35, 8.38, 9.24, 7.86, 4.12, 1.75, 1.15, 1.32, 1.28, 0.85, 0.74, 0, 0.85, 1.02, 0.95, 1.07, 0.92, 0.8, 1.66, 2.18, 1.57, 1.87, 2.34, 2.87, 2.34, 3.12, 3.16, 2.3, 2.14, 2.0, 2.49, 2.88, 3.07, 2.67, 2.61, 2.72, 3.1, 2.53, 1.25, 2.05, 2.18, 2.35, 2.48, 2.75, 2.42, 2.84, 2.82, 2.75, 2.78, 2.23, 1.75, 2.07, 2.21, 2.06, 2.72, 2.97, 2.88, 2.57, 2.92, 4.39, 4.74, 4.63, 3.82, 4.0, 5.03, 8.82, 10.573, 10.88, 10.04, 9.66, 9.74, 9.33, 9.21, 9.53], [3.34, 3.94, 4.4, 4.67, 4.38, 4.37, 3.86, 4.16, 4.03, 4.48, 5.35, 6.41, 7.18, 8.19, 9.05, 7.71, 4.15, 1.88, 1.52, 1.79, 1.63, 1.26, 1.27, 0.85, 0, 0.59, 0.78, 0.98, 0.95, 1.11, 1.79, 2.21, 1.72, 1.92, 2.49, 3.02, 2.41, 3.17, 3.29, 2.59, 2.43, 2.25, 2.7, 3.05, 3.24, 2.88, 2.86, 2.85, 3.21, 2.9, 1.56, 1.96, 2.25, 2.38, 2.57, 2.8, 2.43, 2.81, 2.77, 2.74, 2.71, 2.22, 1.82, 2.16, 2.28, 1.95, 2.59, 2.82, 2.77, 2.58, 3.19, 4.62, 4.93, 4.86, 4.01, 4.19, 5.22, 9.01, 10.761, 11.03, 10.21, 9.79, 9.87, 9.5, 9.4, 9.72], [3.57, 4.19, 4.67, 4.9, 4.61, 4.6, 4.17, 4.43, 4.3, 4.79, 5.6, 6.72, 7.43, 8.44, 9.28, 8.0, 4.36, 2.11, 1.67, 1.92, 1.82, 1.35, 1.26, 1.02, 0.59, 0, 0.73, 1.01, 1.1, 1.22, 1.78, 2.1, 1.55, 1.77, 2.3, 2.81, 2.2, 2.98, 3.1, 2.46, 2.44, 2.32, 2.79, 3.1, 3.27, 2.93, 2.85, 2.84, 3.1, 2.85, 1.65, 2.19, 2.44, 2.55, 2.7, 2.91, 2.56, 2.94, 2.84, 2.87, 2.88, 2.35, 1.97, 2.29, 2.43, 2.04, 2.68, 2.89, 2.86, 2.67, 3.22, 4.43, 4.74, 4.69, 3.8, 3.98, 4.99, 8.779, 10.545, 10.84, 9.94, 9.54, 9.62, 9.23, 9.17, 9.49], [3.54, 4.14, 4.62, 4.87, 4.56, 4.57, 4.08, 4.3, 4.13, 4.64, 5.49, 6.59, 7.34, 8.25, 9.13, 7.81, 4.39, 2.02, 1.72, 1.97, 1.75, 1.3, 1.15, 0.95, 0.78, 0.73, 0, 0.98, 0.97, 1.11, 1.71, 2.13, 1.66, 1.9, 2.37, 2.96, 2.33, 3.05, 3.19, 2.47, 2.27, 2.21, 2.68, 3.03, 3.24, 2.88, 2.8, 2.75, 3.17, 2.76, 1.58, 2.18, 2.41, 2.46, 2.55, 2.7, 2.41, 2.73, 2.67, 2.7, 2.69, 2.14, 1.84, 2.18, 2.18, 1.89, 2.49, 2.76, 2.71, 2.56, 3.25, 4.42, 4.87, 4.76, 3.95, 4.13, 5.16, 8.946, 10.692, 10.97, 10.09, 9.63, 9.75, 9.42, 9.34, 9.66], [2.94, 3.68, 4.12, 4.33, 4.0, 3.97, 3.64, 3.88, 3.73, 4.26, 5.03, 6.19, 6.94, 7.79, 8.61, 7.37, 3.77, 1.46, 1.26, 1.55, 1.49, 1.16, 1.17, 1.07, 0.98, 1.01, 0.98, 0, 0.81, 1.41, 2.15, 2.51, 1.98, 2.32, 2.91, 3.48, 2.87, 3.49, 3.69, 2.87, 2.41, 1.97, 2.2, 2.63, 3.0, 2.64, 2.62, 2.89, 3.25, 2.92, 1.18, 1.94, 2.35, 2.48, 2.63, 2.88, 2.43, 2.85, 2.85, 3.06, 2.95, 2.38, 2.12, 2.44, 2.74, 2.27, 2.87, 3.06, 2.99, 2.84, 3.59, 4.9, 5.39, 5.28, 4.47, 4.65, 5.68, 9.463, 11.209, 11.49, 10.59, 10.11, 10.23, 9.92, 9.86, 10.18], [2.77, 3.43, 3.87, 4.12, 3.81, 3.78, 3.53, 3.83, 3.64, 4.17, 5.0, 6.08, 6.89, 7.84, 8.68, 7.28, 3.72, 1.33, 1.11, 1.38, 1.26, 1.07, 0.98, 0.92, 0.95, 1.1, 0.97, 0.81, 0, 1.1, 1.96, 2.44, 1.87, 2.21, 2.76, 3.39, 2.76, 3.52, 3.58, 2.7, 2.26, 2.02, 2.31, 2.68, 3.03, 2.65, 2.65, 2.8, 3.34, 2.97, 1.23, 1.79, 2.24, 2.37, 2.48, 2.77, 2.4, 2.76, 2.72, 2.87, 2.8, 2.27, 1.95, 2.33, 2.51, 2.26, 2.78, 3.03, 2.96, 2.61, 3.36, 4.81, 5.3, 5.19, 4.38, 4.56, 5.59, 9.373, 11.154, 11.4, 10.5, 10.1, 10.22, 9.87, 9.77, 10.09], [3.25, 3.77, 4.21, 4.48, 4.11, 4.22, 4.13, 4.55, 4.38, 4.83, 5.7, 6.7, 7.57, 8.6, 9.46, 8.06, 4.44, 2.03, 1.31, 1.6, 1.46, 1.05, 1.14, 0.8, 1.11, 1.22, 1.11, 1.41, 1.1, 0, 1.18, 1.9, 1.37, 1.57, 2.08, 2.63, 2.14, 3.02, 3.02, 2.2, 2.1, 2.22, 2.67, 3.08, 3.19, 2.83, 2.77, 2.6, 2.82, 2.31, 1.15, 2.11, 2.24, 2.37, 2.54, 2.79, 2.42, 2.86, 2.86, 2.71, 2.78, 2.31, 1.77, 2.09, 2.09, 2.0, 2.6, 2.91, 2.92, 2.57, 2.6, 4.17, 4.54, 4.41, 3.6, 3.78, 4.81, 8.6, 10.411, 10.74, 9.84, 9.54, 9.62, 9.21, 9.03, 9.31], [4.09, 4.65, 4.93, 5.24, 4.83, 5.14, 5.11, 5.35, 5.2, 5.63, 6.58, 7.52, 8.35, 9.4, 10.28, 8.96, 5.42, 2.81, 2.25, 2.46, 2.38, 1.97, 1.82, 1.66, 1.79, 1.78, 1.71, 2.15, 1.96, 1.18, 0, 1.3, 1.37, 1.51, 1.7, 1.97, 1.82, 2.54, 2.62, 2.14, 2.44, 2.54, 3.03, 3.34, 3.45, 3.07, 2.99, 2.68, 2.56, 1.83, 1.77, 2.95, 2.96, 2.89, 3.0, 3.23, 2.94, 3.2, 3.14, 2.83, 2.92, 2.57, 2.07, 2.31, 1.97, 2.24, 2.68, 3.09, 3.08, 2.73, 2.32, 3.43, 3.76, 3.61, 2.9, 3.16, 4.01, 7.82, 9.691, 10.06, 9.12, 8.86, 8.94, 8.51, 8.31, 8.51], [4.43, 5.11, 5.37, 5.56, 5.09, 5.44, 5.57, 6.01, 5.84, 6.29, 7.16, 8.18, 9.03, 10.06, 10.92, 9.56, 5.7, 3.21, 2.69, 3.1, 3.02, 2.55, 2.22, 2.18, 2.21, 2.1, 2.13, 2.51, 2.44, 1.9, 1.3, 0, 0.99, 0.87, 1.0, 1.23, 0.94, 1.66, 1.66, 1.64, 1.88, 2.14, 2.63, 2.86, 2.97, 2.67, 2.49, 2.2, 1.74, 1.71, 2.19, 3.51, 3.78, 3.85, 4.0, 4.25, 3.92, 4.1, 4.02, 3.89, 3.98, 3.59, 3.05, 3.27, 3.05, 3.16, 3.76, 4.15, 4.12, 3.67, 3.18, 3.63, 3.56, 3.43, 2.72, 2.84, 3.47, 7.14, 8.94, 9.3, 8.38, 8.06, 8.14, 7.73, 7.55, 7.85], [4.0, 4.64, 4.9, 5.11, 4.66, 4.99, 5.14, 5.6, 5.43, 5.92, 6.73, 7.81, 8.6, 9.61, 10.45, 9.01, 5.29, 2.78, 2.14, 2.47, 2.41, 1.96, 1.69, 1.57, 1.72, 1.55, 1.66, 1.98, 1.87, 1.37, 1.37, 0.99, 0, 0.74, 1.13, 1.62, 1.09, 1.97, 1.93, 1.27, 1.37, 1.59, 2.08, 2.31, 2.48, 2.22, 2.06, 1.83, 1.73, 1.54, 1.78, 2.96, 3.25, 3.38, 3.51, 3.74, 3.39, 3.67, 3.69, 3.68, 3.71, 3.22, 2.64, 3.02, 2.88, 2.81, 3.45, 3.78, 3.81, 3.42, 2.99, 3.56, 3.71, 3.6, 2.69, 2.83, 3.82, 7.609, 9.43, 9.75, 8.79, 8.41, 8.49, 8.08, 8.0, 8.32], [4.3, 4.96, 5.22, 5.39, 4.92, 5.31, 5.5, 5.96, 5.77, 6.28, 7.09, 8.15, 8.98, 9.99, 10.85, 9.45, 5.65, 3.12, 2.48, 2.83, 2.75, 2.26, 1.97, 1.87, 1.92, 1.77, 1.9, 2.32, 2.21, 1.57, 1.51, 0.87, 0.74, 0, 0.87, 1.26, 0.89, 1.77, 1.71, 1.37, 1.63, 1.93, 2.5, 2.71, 2.8, 2.54, 2.34, 2.09, 1.87, 1.68, 2.08, 3.34, 3.45, 3.58, 3.71, 3.92, 3.63, 3.93, 3.99, 3.72, 3.73, 3.3, 2.7, 3.06, 2.86, 2.83, 3.51, 3.84, 3.87, 3.4, 2.95, 3.48, 3.59, 3.52, 2.65, 2.69, 3.58, 7.21, 9.03, 9.37, 8.39, 8.11, 8.19, 7.78, 7.62, 7.92], [4.63, 5.35, 5.61, 5.74, 5.33, 5.68, 6.09, 6.55, 6.36, 6.87, 7.68, 8.72, 9.57, 10.58, 11.44, 10.0, 6.24, 3.57, 2.79, 3.08, 2.98, 2.63, 2.3, 2.34, 2.49, 2.3, 2.37, 2.91, 2.76, 2.08, 1.7, 1.0, 1.13, 0.87, 0, 0.69, 0.8, 1.54, 1.44, 1.4, 2.0, 2.3, 2.87, 2.96, 3.15, 2.85, 2.59, 2.34, 1.9, 1.81, 2.47, 3.73, 3.72, 3.85, 3.98, 4.17, 3.98, 4.26, 4.16, 3.87, 3.82, 3.39, 2.79, 3.13, 2.83, 2.9, 3.54, 3.91, 3.92, 3.39, 2.74, 3.31, 3.16, 2.97, 2.24, 2.26, 2.93, 6.64, 8.56, 9.0, 7.9, 7.62, 7.7, 7.29, 7.11, 7.35], [5.14, 5.88, 6.1, 6.19, 5.72, 6.27, 6.66, 7.16, 6.99, 7.44, 8.31, 9.29, 10.16, 11.21, 12.07, 10.63, 6.85, 4.14, 3.34, 3.59, 3.53, 3.16, 2.77, 2.87, 3.02, 2.81, 2.96, 3.48, 3.39, 2.63, 1.97, 1.23, 1.62, 1.26, 0.69, 0, 0.87, 1.37, 1.21, 1.53, 2.27, 2.69, 3.14, 3.23, 3.42, 3.0, 2.8, 2.49, 1.99, 1.84, 2.96, 4.28, 4.19, 4.26, 4.39, 4.56, 4.51, 4.75, 4.69, 4.16, 4.13, 3.76, 3.1, 3.38, 3.08, 3.29, 3.85, 4.24, 4.19, 3.68, 2.83, 3.1, 2.75, 2.52, 2.11, 2.15, 2.42, 6.03, 8.01, 8.45, 7.41, 7.15, 7.23, 6.8, 6.58, 6.76], [4.83, 5.53, 5.79, 5.88, 5.39, 5.82, 6.05, 6.51, 6.36, 6.83, 7.66, 8.7, 9.53, 10.56, 11.42, 10.02, 6.2, 3.71, 3.03, 3.36, 3.26, 2.79, 2.38, 2.34, 2.41, 2.2, 2.33, 2.87, 2.76, 2.14, 1.82, 0.94, 1.09, 0.89, 0.8, 0.87, 0, 1.14, 1.2, 1.2, 1.68, 2.14, 2.49, 2.72, 2.89, 2.61, 2.37, 2.08, 1.66, 1.67, 2.59, 3.91, 4.02, 4.11, 4.22, 4.43, 4.16, 4.44, 4.26, 4.01, 4.04, 3.57, 2.89, 3.25, 3.11, 3.1, 3.72, 4.05, 4.06, 3.57, 3.04, 3.09, 3.0, 2.91, 2.42, 2.46, 2.97, 6.66, 8.44, 8.8, 7.82, 7.5, 7.58, 7.15, 7.03, 7.35], [5.75, 6.45, 6.69, 6.74, 6.21, 6.74, 6.93, 7.29, 7.1, 7.63, 8.4, 9.54, 10.35, 11.28, 12.06, 10.7, 6.96, 4.59, 3.89, 4.2, 4.1, 3.57, 3.02, 3.12, 3.17, 2.98, 3.05, 3.49, 3.52, 3.02, 2.54, 1.66, 1.97, 1.77, 1.54, 1.37, 1.14, 0, 0.76, 1.36, 2.0, 2.58, 2.73, 2.92, 3.23, 3.11, 2.83, 2.44, 1.94, 2.13, 3.37, 4.83, 4.8, 4.79, 4.86, 5.03, 4.88, 5.08, 4.76, 4.65, 4.6, 4.09, 3.57, 3.89, 3.77, 3.68, 4.26, 4.59, 4.58, 4.29, 3.68, 3.39, 3.16, 3.01, 2.98, 2.94, 2.97, 6.06, 7.82, 8.16, 7.18, 6.72, 6.82, 6.49, 6.41, 6.73], [5.61, 6.33, 6.59, 6.66, 6.07, 6.62, 6.91, 7.37, 7.18, 7.69, 8.5, 9.56, 10.39, 11.4, 12.26, 10.82, 7.06, 4.51, 3.77, 4.06, 3.96, 3.49, 3.08, 3.16, 3.29, 3.1, 3.19, 3.69, 3.58, 3.02, 2.62, 1.66, 1.93, 1.71, 1.44, 1.21, 1.2, 0.76, 0, 1.16, 1.84, 2.32, 2.55, 2.72, 2.87, 2.79, 2.57, 2.16, 1.68, 1.93, 3.29, 4.71, 4.76, 4.81, 4.92, 5.13, 4.96, 5.1, 4.96, 4.79, 4.82, 4.35, 3.81, 4.11, 3.89, 3.92, 4.56, 4.93, 4.92, 4.41, 3.8, 3.53, 3.1, 2.95, 3.02, 2.94, 2.83, 5.92, 7.68, 8.16, 7.08, 6.66, 6.74, 6.33, 6.19, 6.51], [4.77, 5.47, 5.71, 5.78, 5.27, 5.76, 6.01, 6.47, 6.26, 6.79, 7.6, 8.66, 9.49, 10.48, 11.34, 9.9, 6.16, 3.59, 2.89, 3.14, 3.08, 2.67, 2.26, 2.3, 2.59, 2.46, 2.47, 2.87, 2.7, 2.2, 2.14, 1.64, 1.27, 1.37, 1.4, 1.53, 1.2, 1.36, 1.16, 0, 1.0, 1.56, 1.77, 1.94, 2.19, 2.03, 1.85, 1.44, 1.38, 1.21, 2.53, 3.95, 4.12, 4.19, 4.32, 4.53, 4.24, 4.52, 4.44, 4.35, 4.34, 3.89, 3.35, 3.67, 3.51, 3.48, 4.16, 4.47, 4.46, 3.99, 3.62, 3.33, 3.18, 3.07, 2.94, 2.84, 3.21, 6.74, 8.52, 8.96, 7.9, 7.58, 7.68, 7.27, 7.11, 7.43], [4.13, 4.85, 5.11, 5.18, 4.59, 5.12, 5.37, 5.81, 5.58, 6.13, 6.94, 8.0, 8.85, 9.82, 10.66, 9.18, 5.5, 2.99, 2.39, 2.86, 2.84, 2.41, 1.94, 2.14, 2.43, 2.44, 2.27, 2.41, 2.26, 2.1, 2.44, 1.88, 1.37, 1.63, 2.0, 2.27, 1.68, 2.0, 1.84, 1.0, 0, 0.96, 1.19, 1.18, 1.55, 1.29, 1.19, 1.1, 1.42, 1.23, 2.15, 3.63, 4.12, 4.21, 4.32, 4.57, 4.24, 4.52, 4.52, 4.57, 4.56, 4.07, 3.53, 3.93, 3.85, 3.74, 4.44, 4.71, 4.68, 4.27, 4.04, 3.75, 3.72, 3.63, 3.4, 3.36, 3.93, 7.6, 9.38, 9.82, 8.6, 8.26, 8.42, 8.03, 7.89, 8.21], [3.65, 4.37, 4.63, 4.7, 4.11, 4.7, 4.93, 5.37, 5.2, 5.69, 6.5, 7.58, 8.37, 9.38, 10.2, 8.76, 5.02, 2.55, 2.09, 2.56, 2.56, 2.21, 1.88, 2.0, 2.25, 2.32, 2.21, 1.97, 2.02, 2.22, 2.54, 2.14, 1.59, 1.93, 2.3, 2.69, 2.14, 2.58, 2.32, 1.56, 0.96, 0, 0.79, 0.96, 1.39, 1.07, 1.13, 1.36, 1.68, 1.53, 1.81, 3.17, 3.86, 4.07, 4.18, 4.43, 4.02, 4.38, 4.42, 4.59, 4.54, 3.99, 3.49, 3.95, 3.85, 3.84, 4.44, 4.71, 4.62, 4.27, 4.1, 4.09, 4.1, 3.97, 3.7, 3.66, 4.33, 8.12, 9.9, 10.4, 9.28, 8.7, 8.74, 8.35, 8.25, 8.57], [3.78, 4.48, 4.76, 4.85, 4.22, 4.85, 5.12, 5.46, 5.25, 5.78, 6.57, 7.67, 8.5, 9.45, 10.23, 8.79, 5.13, 2.72, 2.48, 2.95, 2.87, 2.58, 2.41, 2.49, 2.7, 2.79, 2.68, 2.2, 2.31, 2.67, 3.03, 2.63, 2.08, 2.5, 2.87, 3.14, 2.49, 2.73, 2.55, 1.77, 1.19, 0.79, 0, 0.65, 1.1, 1.04, 1.18, 1.21, 1.69, 1.74, 2.18, 3.44, 4.15, 4.42, 4.55, 4.82, 4.41, 4.77, 4.81, 5.0, 4.95, 4.36, 3.9, 4.38, 4.34, 4.23, 4.83, 5.08, 5.01, 4.7, 4.55, 4.42, 4.37, 4.28, 4.13, 4.19, 4.62, 8.21, 9.97, 10.47, 9.33, 8.63, 8.63, 8.32, 8.22, 8.62], [3.73, 4.41, 4.69, 4.82, 4.17, 4.82, 5.13, 5.51, 5.3, 5.83, 6.62, 7.68, 8.51, 9.5, 10.28, 8.8, 5.16, 2.69, 2.69, 3.18, 3.16, 2.93, 2.6, 2.88, 3.05, 3.1, 3.03, 2.63, 2.68, 3.08, 3.34, 2.86, 2.31, 2.71, 2.96, 3.23, 2.72, 2.92, 2.72, 1.94, 1.18, 0.96, 0.65, 0, 0.85, 0.89, 1.03, 1.28, 1.76, 1.95, 2.55, 3.79, 4.72, 4.95, 5.06, 5.31, 4.92, 5.24, 5.3, 5.45, 5.44, 4.85, 4.37, 4.83, 4.69, 4.7, 5.3, 5.55, 5.48, 5.13, 4.9, 4.71, 4.58, 4.51, 4.32, 4.24, 4.73, 8.3, 10.12, 10.68, 9.44, 8.78, 8.74, 8.43, 8.29, 8.71], [3.46, 4.12, 4.42, 4.53, 3.92, 4.71, 5.02, 5.32, 5.15, 5.62, 6.45, 7.47, 8.32, 9.35, 10.21, 8.77, 4.99, 2.7, 2.9, 3.23, 3.27, 3.1, 2.79, 3.07, 3.24, 3.27, 3.24, 3.0, 3.03, 3.19, 3.45, 2.97, 2.48, 2.8, 3.15, 3.42, 2.89, 3.23, 2.87, 2.19, 1.55, 1.39, 1.1, 0.85, 0, 0.68, 1.02, 1.21, 1.79, 1.94, 2.7, 4.02, 4.97, 5.2, 5.41, 5.7, 5.27, 5.63, 5.69, 5.74, 5.75, 5.26, 4.7, 5.12, 4.92, 4.97, 5.65, 5.94, 5.89, 5.42, 5.05, 4.86, 4.71, 4.6, 4.39, 4.39, 4.86, 8.37, 10.25, 10.83, 9.65, 9.09, 8.97, 8.64, 8.38, 8.8], [3.22, 3.88, 4.22, 4.33, 3.7, 4.49, 4.82, 5.18, 5.03, 5.46, 6.33, 7.31, 8.18, 9.23, 10.09, 8.65, 4.87, 2.38, 2.46, 2.87, 2.91, 2.68, 2.37, 2.67, 2.88, 2.93, 2.88, 2.64, 2.65, 2.83, 3.07, 2.67, 2.22, 2.54, 2.85, 3.0, 2.61, 3.11, 2.79, 2.03, 1.29, 1.07, 1.04, 0.89, 0.68, 0, 0.58, 1.05, 1.57, 1.66, 2.32, 3.6, 4.59, 4.78, 5.03, 5.32, 4.89, 5.25, 5.31, 5.36, 5.37, 4.88, 4.32, 4.7, 4.52, 4.63, 5.33, 5.6, 5.51, 5.04, 4.67, 4.56, 4.45, 4.26, 3.99, 3.97, 4.48, 8.35, 10.29, 10.87, 9.69, 9.21, 9.21, 8.82, 8.56, 8.8], [3.34, 4.02, 4.26, 4.39, 3.84, 4.61, 4.96, 5.32, 5.13, 5.58, 6.45, 7.43, 8.32, 9.35, 10.21, 8.77, 4.99, 2.36, 2.38, 2.85, 2.95, 2.7, 2.31, 2.61, 2.86, 2.85, 2.8, 2.62, 2.65, 2.77, 2.99, 2.49, 2.06, 2.34, 2.59, 2.8, 2.37, 2.83, 2.57, 1.85, 1.19, 1.13, 1.18, 1.03, 1.02, 0.58, 0, 0.91, 1.49, 1.52, 2.1, 3.6, 4.59, 4.76, 4.97, 5.26, 4.83, 5.17, 5.15, 5.24, 5.19, 4.72, 4.18, 4.56, 4.36, 4.53, 5.23, 5.5, 5.37, 4.92, 4.59, 4.4, 4.27, 4.04, 3.77, 3.81, 4.26, 8.13, 10.03, 10.61, 9.43, 9.01, 9.05, 8.64, 8.4, 8.64], [3.83, 4.47, 4.75, 4.9, 4.37, 5.22, 5.57, 5.91, 5.7, 6.15, 6.98, 7.96, 8.87, 9.88, 10.74, 9.3, 5.52, 2.99, 2.77, 3.24, 3.26, 3.03, 2.64, 2.72, 2.85, 2.84, 2.75, 2.89, 2.8, 2.6, 2.68, 2.2, 1.83, 2.09, 2.34, 2.49, 2.08, 2.44, 2.16, 1.44, 1.1, 1.36, 1.21, 1.28, 1.21, 1.05, 0.91, 0, 0.9, 1.35, 2.23, 3.69, 4.74, 4.79, 5.0, 5.27, 4.86, 5.1, 5.06, 5.09, 5.14, 4.69, 4.09, 4.45, 4.21, 4.28, 5.0, 5.31, 5.28, 4.81, 4.24, 4.11, 3.8, 3.59, 3.38, 3.5, 3.97, 7.56, 9.56, 10.12, 9.0, 8.6, 8.6, 8.23, 7.97, 8.13], [4.57, 5.15, 5.47, 5.62, 5.09, 5.9, 6.17, 6.51, 6.3, 6.75, 7.56, 8.54, 9.45, 10.44, 11.3, 9.86, 6.08, 3.71, 3.27, 3.7, 3.64, 3.41, 3.12, 3.1, 3.21, 3.1, 3.17, 3.25, 3.34, 2.82, 2.56, 1.74, 1.73, 1.87, 1.9, 1.99, 1.66, 1.94, 1.68, 1.38, 1.42, 1.68, 1.69, 1.76, 1.79, 1.57, 1.49, 0.9, 0, 1.27, 2.57, 4.09, 4.8, 4.91, 5.04, 5.31, 4.94, 5.18, 5.16, 5.07, 5.16, 4.71, 4.11, 4.43, 4.17, 4.28, 4.92, 5.27, 5.3, 4.79, 4.16, 4.03, 3.56, 3.33, 3.22, 3.12, 3.43, 7.08, 9.02, 9.58, 8.44, 8.0, 8.0, 7.63, 7.39, 7.63], [4.48, 5.14, 5.36, 5.51, 4.96, 5.65, 5.92, 6.28, 6.11, 6.54, 7.41, 8.39, 9.26, 10.31, 11.17, 9.73, 5.95, 3.32, 2.84, 3.19, 3.07, 2.78, 2.49, 2.53, 2.9, 2.85, 2.76, 2.92, 2.97, 2.31, 1.83, 1.71, 1.54, 1.68, 1.81, 1.84, 1.67, 2.13, 1.93, 1.21, 1.23, 1.53, 1.74, 1.95, 1.94, 1.66, 1.52, 1.35, 1.27, 0, 2.1, 3.78, 4.01, 4.1, 4.25, 4.5, 4.21, 4.43, 4.49, 4.14, 4.15, 3.8, 3.24, 3.44, 3.22, 3.43, 4.01, 4.34, 4.31, 3.76, 3.41, 3.18, 3.15, 3.06, 2.77, 2.83, 3.3, 7.07, 8.89, 9.43, 8.31, 7.97, 8.05, 7.62, 7.4, 7.6], [2.66, 3.38, 3.7, 3.85, 3.48, 3.77, 3.98, 4.36, 4.17, 4.62, 5.49, 6.47, 7.34, 8.41, 9.29, 7.81, 4.05, 1.4, 1.02, 1.43, 1.47, 1.22, 1.23, 1.25, 1.56, 1.65, 1.58, 1.18, 1.23, 1.15, 1.77, 2.19, 1.78, 2.08, 2.47, 2.96, 2.59, 3.37, 3.29, 2.53, 2.15, 1.81, 2.18, 2.55, 2.7, 2.32, 2.1, 2.23, 2.57, 2.1, 0, 1.88, 2.63, 2.78, 2.95, 3.24, 2.83, 3.21, 3.21, 3.3, 3.27, 2.78, 2.4, 2.68, 2.72, 2.71, 3.29, 3.56, 3.45, 2.96, 3.19, 4.52, 4.83, 4.64, 3.81, 4.05, 5.02, 8.87, 10.79, 11.17, 10.21, 9.95, 10.03, 9.6, 9.38, 9.54], [2.96, 3.42, 4.0, 4.33, 4.02, 3.85, 3.18, 3.16, 2.91, 3.38, 4.09, 5.11, 5.96, 6.99, 7.87, 6.41, 3.71, 1.88, 1.6, 1.65, 1.49, 1.8, 2.35, 2.05, 1.96, 2.19, 2.18, 1.94, 1.79, 2.11, 2.95, 3.51, 2.96, 3.34, 3.73, 4.28, 3.91, 4.83, 4.71, 3.95, 3.63, 3.17, 3.44, 3.79, 4.02, 3.6, 3.6, 3.69, 4.09, 3.78, 1.88, 0, 1.57, 1.9, 2.35, 2.28, 1.95, 2.41, 2.07, 2.38, 2.55, 2.5, 2.76, 2.94, 3.26, 2.85, 2.97, 2.82, 2.73, 2.54, 3.91, 6.0, 6.23, 6.02, 5.21, 5.39, 6.42, 10.23, 12.25, 12.65, 11.61, 11.33, 11.41, 10.98, 10.8, 10.96], [4.15, 4.51, 4.83, 5.08, 4.89, 4.62, 3.61, 3.49, 3.52, 3.77, 4.54, 5.6, 6.41, 7.42, 8.28, 6.92, 4.1, 2.83, 2.33, 2.12, 1.84, 2.01, 2.44, 2.18, 2.25, 2.44, 2.41, 2.35, 2.24, 2.24, 2.96, 3.78, 3.25, 3.45, 3.72, 4.19, 4.02, 4.8, 4.76, 4.12, 4.12, 3.86, 4.15, 4.72, 4.97, 4.59, 4.59, 4.74, 4.8, 4.01, 2.63, 1.57, 0, 0.89, 1.08, 1.07, 1.34, 1.8, 1.78, 1.55, 1.5, 1.59, 1.79, 2.01, 2.51, 1.92, 1.78, 1.69, 1.64, 1.71, 3.34, 5.27, 5.7, 5.59, 4.78, 4.96, 5.99, 9.78, 11.551, 11.8, 10.98, 10.58, 10.66, 10.27, 10.17, 10.49], [4.26, 4.58, 4.92, 5.17, 4.98, 4.71, 3.74, 3.64, 3.59, 3.82, 4.75, 5.79, 6.56, 7.51, 8.37, 7.17, 4.11, 2.98, 2.54, 2.33, 2.05, 2.16, 2.53, 2.35, 2.38, 2.55, 2.46, 2.48, 2.37, 2.37, 2.89, 3.85, 3.38, 3.58, 3.85, 4.26, 4.11, 4.79, 4.81, 4.19, 4.21, 4.07, 4.42, 4.95, 5.2, 4.78, 4.76, 4.79, 4.91, 4.1, 2.78, 1.9, 0.89, 0, 0.77, 0.86, 1.15, 1.47, 1.67, 1.48, 1.23, 1.26, 1.66, 1.92, 2.34, 1.77, 1.61, 1.52, 1.59, 1.4, 3.25, 5.2, 5.61, 5.5, 4.69, 4.87, 5.9, 9.69, 11.449, 11.75, 10.91, 10.53, 10.61, 10.24, 10.08, 10.4], [4.59, 4.89, 5.23, 5.48, 5.29, 4.98, 4.19, 3.79, 3.88, 4.03, 5.0, 6.08, 6.65, 7.52, 8.36, 7.44, 4.3, 3.33, 2.81, 2.6, 2.36, 2.45, 2.72, 2.48, 2.57, 2.7, 2.55, 2.63, 2.48, 2.54, 3.0, 4.0, 3.51, 3.71, 3.98, 4.39, 4.22, 4.86, 4.92, 4.32, 4.32, 4.18, 4.55, 5.06, 5.41, 5.03, 4.97, 5.0, 5.04, 4.25, 2.95, 2.35, 1.08, 0.77, 0, 0.73, 1.22, 1.4, 1.7, 1.55, 1.3, 1.25, 1.63, 1.81, 2.47, 1.78, 1.5, 1.49, 1.44, 1.63, 3.18, 5.13, 5.62, 5.51, 4.7, 4.88, 5.91, 9.696, 11.442, 11.72, 10.84, 10.42, 10.52, 10.17, 10.09, 10.41], [4.84, 5.1, 5.4, 5.67, 5.46, 5.11, 4.18, 3.66, 3.73, 3.78, 4.63, 5.69, 6.3, 7.27, 8.11, 7.01, 4.37, 3.54, 3.08, 2.87, 2.57, 2.7, 3.01, 2.75, 2.8, 2.91, 2.7, 2.88, 2.77, 2.79, 3.23, 4.25, 3.74, 3.92, 4.17, 4.56, 4.43, 5.03, 5.13, 4.53, 4.57, 4.43, 4.82, 5.31, 5.7, 5.32, 5.26, 5.27, 5.31, 4.5, 3.24, 2.28, 1.07, 0.86, 0.73, 0, 1.15, 1.13, 1.35, 1.4, 1.19, 1.32, 1.88, 2.08, 2.62, 2.01, 1.59, 1.36, 1.33, 1.52, 3.49, 5.44, 5.93, 5.82, 5.01, 5.19, 6.22, 10.006, 11.752, 12.05, 11.15, 10.71, 10.81, 10.46, 10.4, 10.72], [4.55, 4.93, 5.31, 5.56, 5.37, 5.1, 4.11, 3.61, 3.48, 3.59, 4.52, 5.56, 5.99, 6.96, 7.8, 6.92, 4.38, 3.21, 2.65, 2.5, 2.2, 2.33, 2.66, 2.42, 2.43, 2.56, 2.41, 2.43, 2.4, 2.42, 2.94, 3.92, 3.39, 3.63, 3.98, 4.51, 4.16, 4.88, 4.96, 4.24, 4.24, 4.02, 4.41, 4.92, 5.27, 4.89, 4.83, 4.86, 4.94, 4.21, 2.83, 1.95, 1.34, 1.15, 1.22, 1.15, 0, 1.0, 1.0, 1.55, 1.54, 1.63, 2.17, 2.55, 2.97, 2.44, 2.02, 1.63, 1.72, 1.83, 3.96, 5.91, 6.36, 6.25, 5.44, 5.62, 6.65, 10.44, 12.188, 12.46, 11.62, 11.14, 11.22, 10.89, 10.83, 11.15], [4.73, 4.95, 5.21, 5.48, 5.27, 4.9, 4.05, 3.57, 3.76, 3.53, 4.46, 5.54, 5.91, 6.92, 7.76, 6.82, 4.22, 3.49, 3.11, 2.9, 2.66, 2.77, 3.04, 2.84, 2.81, 2.94, 2.73, 2.85, 2.76, 2.86, 3.2, 4.1, 3.67, 3.93, 4.26, 4.75, 4.44, 5.08, 5.1, 4.52, 4.52, 4.38, 4.77, 5.24, 5.63, 5.25, 5.17, 5.1, 5.18, 4.43, 3.21, 2.41, 1.8, 1.47, 1.4, 1.13, 1.0, 0, 1.06, 1.79, 1.66, 1.77, 2.41, 2.77, 3.19, 2.7, 2.22, 2.01, 2.02, 2.01, 4.16, 6.11, 6.58, 6.47, 5.66, 5.84, 6.87, 10.659, 12.405, 12.68, 11.82, 11.34, 11.42, 11.11, 11.05, 11.37], [4.85, 5.15, 5.45, 5.7, 5.51, 5.22, 4.23, 3.59, 3.56, 3.65, 4.36, 5.38, 5.75, 6.78, 7.68, 6.84, 4.58, 3.59, 3.11, 2.98, 2.72, 2.83, 3.04, 2.82, 2.77, 2.84, 2.67, 2.85, 2.72, 2.86, 3.14, 4.02, 3.69, 3.99, 4.16, 4.69, 4.26, 4.76, 4.96, 4.44, 4.52, 4.42, 4.81, 5.3, 5.69, 5.31, 5.15, 5.06, 5.16, 4.49, 3.21, 2.07, 1.78, 1.67, 1.7, 1.35, 1.0, 1.06, 0, 1.27, 1.34, 1.87, 2.53, 2.73, 3.15, 2.68, 2.14, 1.67, 1.72, 1.97, 4.12, 6.07, 6.54, 6.43, 5.62, 5.8, 6.83, 10.619, 12.365, 12.64, 11.78, 11.34, 11.4, 11.07, 11.01, 11.33], [5.0, 5.34, 5.76, 6.01, 5.82, 5.57, 4.58, 4.14, 4.13, 4.34, 5.17, 6.03, 6.58, 7.71, 8.65, 7.75, 5.09, 3.74, 3.18, 3.01, 2.75, 2.84, 3.01, 2.75, 2.74, 2.87, 2.7, 3.06, 2.87, 2.71, 2.83, 3.89, 3.68, 3.72, 3.87, 4.16, 4.01, 4.65, 4.79, 4.35, 4.57, 4.59, 5.0, 5.45, 5.74, 5.36, 5.24, 5.09, 5.07, 4.14, 3.3, 2.38, 1.55, 1.48, 1.55, 1.4, 1.55, 1.79, 1.27, 0, 0.81, 1.24, 1.8, 1.84, 2.12, 1.87, 1.33, 0.96, 1.05, 1.42, 3.13, 5.08, 5.51, 5.4, 4.59, 4.79, 5.8, 9.59, 11.352, 11.65, 10.79, 10.45, 10.53, 10.12, 9.98, 10.3], [4.91, 5.25, 5.61, 5.86, 5.67, 5.42, 4.51, 4.19, 4.2, 4.55, 5.4, 6.4, 6.87, 7.94, 8.86, 7.92, 5.04, 3.65, 3.17, 2.94, 2.68, 2.81, 3.0, 2.78, 2.71, 2.88, 2.69, 2.95, 2.8, 2.78, 2.92, 3.98, 3.71, 3.73, 3.82, 4.13, 4.04, 4.6, 4.82, 4.34, 4.56, 4.54, 4.95, 5.44, 5.75, 5.37, 5.19, 5.14, 5.16, 4.15, 3.27, 2.55, 1.5, 1.23, 1.3, 1.19, 1.54, 1.66, 1.34, 0.81, 0, 0.87, 1.45, 1.61, 1.99, 1.62, 1.1, 0.87, 0.96, 1.29, 2.92, 4.85, 5.32, 5.21, 4.4, 4.58, 5.61, 9.4, 11.159, 11.44, 10.56, 10.18, 10.26, 9.91, 9.79, 10.11], [4.42, 4.86, 5.4, 5.65, 5.36, 5.25, 4.48, 4.4, 4.29, 4.74, 5.67, 6.73, 7.3, 8.27, 9.09, 8.09, 4.93, 3.14, 2.7, 2.53, 2.29, 2.28, 2.51, 2.23, 2.22, 2.35, 2.14, 2.38, 2.27, 2.31, 2.57, 3.59, 3.22, 3.3, 3.39, 3.76, 3.57, 4.09, 4.35, 3.89, 4.07, 3.99, 4.36, 4.85, 5.26, 4.88, 4.72, 4.69, 4.71, 3.8, 2.78, 2.5, 1.59, 1.26, 1.25, 1.32, 1.63, 1.77, 1.87, 1.24, 0.87, 0, 0.96, 1.26, 1.66, 1.21, 0.97, 1.1, 1.03, 1.32, 2.59, 4.46, 4.95, 4.84, 4.03, 4.21, 5.24, 9.023, 10.769, 11.05, 10.15, 9.71, 9.83, 9.48, 9.42, 9.74], [4.24, 4.68, 5.14, 5.39, 5.12, 5.15, 4.76, 4.94, 4.81, 5.28, 6.15, 7.23, 7.98, 8.95, 9.79, 8.49, 5.01, 2.96, 2.48, 2.31, 2.19, 2.04, 2.13, 1.75, 1.82, 1.97, 1.84, 2.12, 1.95, 1.77, 2.07, 3.05, 2.64, 2.7, 2.79, 3.1, 2.89, 3.57, 3.81, 3.35, 3.53, 3.49, 3.9, 4.37, 4.7, 4.32, 4.18, 4.09, 4.11, 3.24, 2.4, 2.76, 1.79, 1.66, 1.63, 1.88, 2.17, 2.41, 2.53, 1.8, 1.45, 0.96, 0, 0.92, 1.3, 1.05, 1.15, 1.46, 1.39, 1.3, 1.89, 3.74, 4.19, 4.08, 3.27, 3.45, 4.48, 8.27, 10.038, 10.29, 9.45, 8.99, 9.07, 8.72, 8.66, 8.98], [4.7, 5.26, 5.82, 6.07, 5.78, 5.65, 5.0, 5.24, 5.11, 5.56, 6.43, 7.47, 8.24, 9.27, 10.13, 8.83, 5.37, 3.34, 2.7, 2.67, 2.37, 2.24, 2.41, 2.07, 2.16, 2.29, 2.18, 2.44, 2.33, 2.09, 2.31, 3.27, 3.02, 3.06, 3.13, 3.38, 3.25, 3.89, 4.11, 3.67, 3.93, 3.95, 4.38, 4.83, 5.12, 4.7, 4.56, 4.45, 4.43, 3.44, 2.68, 2.94, 2.01, 1.92, 1.81, 2.08, 2.55, 2.77, 2.73, 1.84, 1.61, 1.26, 0.92, 0, 1.1, 0.73, 1.09, 1.46, 1.33, 1.34, 1.95, 3.46, 3.85, 3.76, 2.97, 3.13, 4.14, 7.93, 9.683, 9.99, 9.15, 8.75, 8.83, 8.44, 8.32, 8.64], [4.82, 5.38, 5.86, 6.13, 5.8, 5.93, 5.36, 5.68, 5.51, 5.96, 6.85, 7.83, 8.68, 9.73, 10.59, 9.21, 5.95, 3.36, 2.9, 2.93, 2.59, 2.32, 2.39, 2.21, 2.28, 2.43, 2.18, 2.74, 2.51, 2.09, 1.97, 3.05, 2.88, 2.86, 2.83, 3.08, 3.11, 3.77, 3.89, 3.51, 3.85, 3.85, 4.34, 4.69, 4.92, 4.52, 4.36, 4.21, 4.17, 3.22, 2.72, 3.26, 2.51, 2.34, 2.47, 2.62, 2.97, 3.19, 3.15, 2.12, 1.99, 1.66, 1.3, 1.1, 0, 1.03, 1.35, 1.92, 1.85, 1.84, 2.01, 3.02, 3.41, 3.3, 2.51, 2.71, 3.68, 7.47, 9.324, 9.69, 8.75, 8.49, 8.57, 8.14, 7.94, 8.18], [4.75, 5.35, 5.91, 6.16, 5.87, 5.76, 4.91, 5.15, 4.96, 5.49, 6.28, 7.42, 8.21, 9.14, 9.98, 8.66, 5.4, 3.31, 2.73, 2.74, 2.38, 2.21, 2.38, 2.06, 1.95, 2.04, 1.89, 2.27, 2.26, 2.0, 2.24, 3.16, 2.81, 2.83, 2.9, 3.29, 3.1, 3.68, 3.92, 3.48, 3.74, 3.84, 4.23, 4.7, 4.97, 4.63, 4.53, 4.28, 4.28, 3.43, 2.71, 2.85, 1.92, 1.77, 1.78, 2.01, 2.44, 2.7, 2.68, 1.87, 1.62, 1.21, 1.05, 0.73, 1.03, 0, 0.98, 1.39, 1.42, 1.55, 2.06, 3.53, 4.0, 3.89, 3.08, 3.26, 4.29, 8.073, 9.819, 10.1, 9.2, 8.8, 8.92, 8.55, 8.47, 8.79], [5.09, 5.45, 5.89, 6.16, 5.93, 5.7, 4.81, 4.81, 4.68, 5.13, 6.08, 7.08, 7.77, 8.7, 9.52, 8.38, 5.38, 3.81, 3.23, 3.08, 2.78, 2.83, 3.04, 2.72, 2.59, 2.68, 2.49, 2.87, 2.78, 2.6, 2.68, 3.76, 3.45, 3.51, 3.54, 3.85, 3.72, 4.26, 4.56, 4.16, 4.44, 4.44, 4.83, 5.3, 5.65, 5.33, 5.23, 5.0, 4.92, 4.01, 3.29, 2.97, 1.78, 1.61, 1.5, 1.59, 2.02, 2.22, 2.14, 1.33, 1.1, 0.97, 1.15, 1.09, 1.35, 0.98, 0, 0.83, 0.86, 1.33, 2.2, 4.03, 4.5, 4.39, 3.6, 3.8, 4.79, 8.573, 10.339, 10.6, 9.7, 9.24, 9.36, 9.03, 8.97, 9.29], [5.36, 5.74, 6.16, 6.43, 6.22, 5.97, 4.96, 4.52, 4.43, 4.8, 5.69, 6.71, 7.22, 8.13, 9.03, 8.03, 5.45, 4.06, 3.48, 3.31, 3.03, 3.1, 3.27, 2.97, 2.82, 2.89, 2.76, 3.06, 3.03, 2.91, 3.09, 4.15, 3.78, 3.84, 3.91, 4.24, 4.05, 4.59, 4.93, 4.47, 4.71, 4.71, 5.08, 5.55, 5.94, 5.6, 5.5, 5.31, 5.27, 4.34, 3.56, 2.82, 1.69, 1.52, 1.49, 1.36, 1.63, 2.01, 1.67, 0.96, 0.87, 1.1, 1.46, 1.46, 1.92, 1.39, 0.83, 0, 0.59, 1.3, 2.73, 4.66, 5.13, 5.02, 4.21, 4.39, 5.42, 9.203, 10.949, 11.23, 10.33, 9.83, 9.95, 9.66, 9.6, 9.92], [5.27, 5.65, 6.13, 6.4, 6.15, 5.92, 4.95, 4.47, 4.48, 4.85, 5.68, 6.76, 7.31, 8.22, 9.12, 8.12, 5.42, 3.97, 3.39, 3.22, 2.94, 2.99, 3.18, 2.88, 2.77, 2.86, 2.71, 2.99, 2.96, 2.92, 3.08, 4.12, 3.81, 3.87, 3.92, 4.19, 4.06, 4.58, 4.92, 4.46, 4.68, 4.62, 5.01, 5.48, 5.89, 5.51, 5.37, 5.28, 5.3, 4.31, 3.45, 2.73, 1.64, 1.59, 1.44, 1.33, 1.72, 2.02, 1.72, 1.05, 0.96, 1.03, 1.39, 1.33, 1.85, 1.42, 0.86, 0.59, 0, 1.23, 2.56, 4.49, 4.96, 4.85, 4.06, 4.24, 5.25, 9.036, 10.782, 11.06, 10.18, 9.72, 9.82, 9.49, 9.43, 9.75], [4.62, 5.04, 5.42, 5.69, 5.48, 5.23, 4.62, 4.72, 4.47, 4.78, 5.61, 6.65, 7.48, 8.49, 9.35, 8.05, 4.81, 3.38, 2.84, 2.63, 2.45, 2.6, 2.75, 2.57, 2.58, 2.67, 2.56, 2.84, 2.61, 2.57, 2.73, 3.67, 3.42, 3.4, 3.39, 3.68, 3.57, 4.29, 4.41, 3.99, 4.27, 4.27, 4.7, 5.13, 5.42, 5.04, 4.92, 4.81, 4.79, 3.76, 2.96, 2.54, 1.71, 1.4, 1.63, 1.52, 1.83, 2.01, 1.97, 1.42, 1.29, 1.32, 1.3, 1.34, 1.84, 1.55, 1.33, 1.3, 1.23, 0, 2.33, 4.16, 4.63, 4.54, 3.77, 3.89, 4.92, 8.71, 10.501, 10.85, 9.89, 9.61, 9.69, 9.28, 9.14, 9.42], [5.07, 5.55, 5.85, 6.14, 5.79, 6.04, 6.25, 6.67, 6.46, 6.99, 7.82, 8.84, 9.69, 10.68, 11.54, 10.1, 6.5, 4.13, 3.33, 3.34, 3.46, 3.25, 3.26, 2.92, 3.19, 3.22, 3.25, 3.59, 3.36, 2.6, 2.32, 3.18, 2.99, 2.95, 2.74, 2.83, 3.04, 3.68, 3.8, 3.62, 4.04, 4.1, 4.55, 4.9, 5.05, 4.67, 4.59, 4.24, 4.16, 3.41, 3.19, 3.91, 3.34, 3.25, 3.18, 3.49, 3.96, 4.16, 4.12, 3.13, 2.92, 2.59, 1.89, 1.95, 2.01, 2.06, 2.2, 2.73, 2.56, 2.33, 0, 2.27, 2.64, 2.47, 2.22, 2.48, 2.99, 6.54, 8.5, 8.88, 7.84, 7.58, 7.68, 7.27, 7.09, 7.25], [6.94, 7.62, 7.84, 7.93, 7.42, 7.93, 8.18, 8.62, 8.41, 8.94, 9.75, 10.79, 11.64, 12.63, 13.49, 12.07, 8.35, 5.76, 5.08, 5.29, 5.15, 4.76, 4.31, 4.39, 4.62, 4.43, 4.42, 4.9, 4.81, 4.17, 3.43, 3.63, 3.56, 3.48, 3.31, 3.1, 3.09, 3.39, 3.53, 3.33, 3.75, 4.09, 4.42, 4.71, 4.86, 4.56, 4.4, 4.11, 4.03, 3.18, 4.52, 6.0, 5.27, 5.2, 5.13, 5.44, 5.91, 6.11, 6.07, 5.08, 4.85, 4.46, 3.74, 3.46, 3.02, 3.53, 4.03, 4.66, 4.49, 4.16, 2.27, 0, 1.01, 1.18, 1.55, 1.61, 1.68, 4.59, 6.39, 6.75, 5.75, 5.47, 5.57, 5.16, 5.0, 5.28], [7.11, 7.81, 8.07, 8.16, 7.59, 8.16, 8.57, 9.07, 8.9, 9.35, 10.22, 11.2, 12.07, 13.12, 13.98, 12.54, 8.76, 6.05, 5.25, 5.46, 5.38, 5.07, 4.64, 4.74, 4.93, 4.74, 4.87, 5.39, 5.3, 4.54, 3.76, 3.56, 3.71, 3.59, 3.16, 2.75, 3.0, 3.16, 3.1, 3.18, 3.72, 4.1, 4.37, 4.58, 4.71, 4.45, 4.27, 3.8, 3.56, 3.15, 4.83, 6.23, 5.7, 5.61, 5.62, 5.93, 6.36, 6.58, 6.54, 5.51, 5.32, 4.95, 4.19, 3.85, 3.41, 4.0, 4.5, 5.13, 4.96, 4.63, 2.64, 1.01, 0, 0.73, 1.36, 1.34, 1.05, 4.2, 6.08, 6.58, 5.44, 5.16, 5.24, 4.81, 4.59, 4.79], [6.84, 7.58, 7.82, 7.97, 7.38, 8.05, 8.44, 8.96, 8.79, 9.24, 10.11, 11.09, 11.96, 13.01, 13.87, 12.43, 8.65, 5.88, 5.04, 5.23, 5.25, 4.96, 4.53, 4.63, 4.86, 4.69, 4.76, 5.28, 5.19, 4.41, 3.61, 3.43, 3.6, 3.52, 2.97, 2.52, 2.91, 3.01, 2.95, 3.07, 3.63, 3.97, 4.28, 4.51, 4.6, 4.26, 4.04, 3.59, 3.33, 3.06, 4.64, 6.02, 5.59, 5.5, 5.51, 5.82, 6.25, 6.47, 6.43, 5.4, 5.21, 4.84, 4.08, 3.76, 3.3, 3.89, 4.39, 5.02, 4.85, 4.54, 2.47, 1.18, 0.73, 0, 1.07, 1.27, 0.98, 4.31, 6.37, 6.83, 5.77, 5.45, 5.53, 5.1, 4.88, 4.98], [6.03, 6.77, 6.99, 7.16, 6.57, 7.24, 7.63, 8.15, 7.98, 8.43, 9.3, 10.28, 11.15, 12.2, 13.06, 11.62, 7.84, 5.07, 4.21, 4.4, 4.44, 4.15, 3.72, 3.82, 4.01, 3.8, 3.95, 4.47, 4.38, 3.6, 2.9, 2.72, 2.69, 2.65, 2.24, 2.11, 2.42, 2.98, 3.02, 2.94, 3.4, 3.7, 4.13, 4.32, 4.39, 3.99, 3.77, 3.38, 3.22, 2.77, 3.81, 5.21, 4.78, 4.69, 4.7, 5.01, 5.44, 5.66, 5.62, 4.59, 4.4, 4.03, 3.27, 2.97, 2.51, 3.08, 3.6, 4.21, 4.06, 3.77, 2.22, 1.55, 1.36, 1.07, 0, 0.6, 1.35, 5.18, 7.24, 7.72, 6.62, 6.3, 6.38, 5.95, 5.73, 5.83], [6.23, 6.93, 7.23, 7.34, 6.77, 7.42, 7.81, 8.33, 8.16, 8.61, 9.48, 10.46, 11.33, 12.38, 13.24, 11.8, 8.02, 5.29, 4.45, 4.64, 4.62, 4.33, 3.9, 4.0, 4.19, 3.98, 4.13, 4.65, 4.56, 3.78, 3.16, 2.84, 2.83, 2.69, 2.26, 2.15, 2.46, 2.94, 2.94, 2.84, 3.36, 3.66, 4.19, 4.24, 4.39, 3.97, 3.81, 3.5, 3.12, 2.83, 4.05, 5.39, 4.96, 4.87, 4.88, 5.19, 5.62, 5.84, 5.8, 4.79, 4.58, 4.21, 3.45, 3.13, 2.71, 3.26, 3.8, 4.39, 4.24, 3.89, 2.48, 1.61, 1.34, 1.27, 0.6, 0, 1.27, 5.02, 7.06, 7.56, 6.44, 6.12, 6.18, 5.77, 5.53, 5.67], [7.24, 7.98, 8.16, 8.37, 7.78, 8.45, 8.84, 9.36, 9.19, 9.64, 10.51, 11.49, 12.36, 13.41, 14.27, 12.83, 9.05, 6.28, 5.4, 5.61, 5.65, 5.36, 4.93, 5.03, 5.22, 4.99, 5.16, 5.68, 5.59, 4.81, 4.01, 3.47, 3.82, 3.58, 2.93, 2.42, 2.97, 2.97, 2.83, 3.21, 3.93, 4.33, 4.62, 4.73, 4.86, 4.48, 4.26, 3.97, 3.43, 3.3, 5.02, 6.42, 5.99, 5.9, 5.91, 6.22, 6.65, 6.87, 6.83, 5.8, 5.61, 5.24, 4.48, 4.14, 3.68, 4.29, 4.79, 5.42, 5.25, 4.92, 2.99, 1.68, 1.05, 0.98, 1.35, 1.27, 0, 4.19, 6.19, 6.75, 5.57, 5.17, 5.25, 4.82, 4.6, 4.7], [11.09, 11.79, 12.07, 12.18, 11.61, 12.24, 12.63, 13.15, 12.98, 13.43, 14.299, 15.28, 16.15, 17.196, 18.053, 16.598, 12.84, 10.11, 9.27, 9.48, 9.44, 9.15, 8.72, 8.82, 9.01, 8.779, 8.946, 9.463, 9.373, 8.6, 7.82, 7.14, 7.609, 7.21, 6.64, 6.03, 6.66, 6.06, 5.92, 6.74, 7.6, 8.12, 8.21, 8.3, 8.37, 8.35, 8.13, 7.56, 7.08, 7.07, 8.87, 10.23, 9.78, 9.69, 9.696, 10.006, 10.44, 10.659, 10.619, 9.59, 9.4, 9.023, 8.27, 7.93, 7.47, 8.073, 8.573, 9.203, 