[[0, 0.81, 1.08, 1.19, 1.66, 1.62, 1.55, 1.29, 1.61, 1.69, 1.5, 1.81, 2.06, 1.97, 1.73, 1.43, 1.98, 2.1, 1.48, 2.24, 4.58, 7.04, 8.21, 8.48, 7.9, 6.71, 5.32, 3.81, 4.12, 6.0, 7.18, 7.07, 6.52, 7.8, 8.46, 8.24, 7.71, 7.64, 8.87, 10.53, 11.0, 11.13, 10.86, 10.0, 10.35, 10.35, 9.09, 8.42, 8.15, 8.05, 8.96, 9.95, 9.63, 9.16, 9.21, 9.53, 9.33, 8.66, 8.78, 9.18, 9.65, 9.652, 8.908, 8.3, 8.212, 7.89, 7.9, 8.46, 9.04, 9.9, 11.828, 12.332, 11.885, 12.11, 12.168, 12.065, 12.249, 12.71, 12.901, 12.899, 14.212, 15.075, 14.643, 14.038, 13.298, 12.905], [0.81, 0, 0.71, 1.06, 1.43, 1.27, 1.44, 1.22, 1.56, 1.92, 1.61, 1.64, 1.91, 1.86, 1.5, 1.4, 1.63, 1.69, 1.59, 2.21, 4.69, 7.17, 8.36, 8.43, 7.77, 6.64, 5.19, 3.86, 4.41, 6.25, 7.37, 7.32, 6.75, 7.97, 8.61, 8.43, 7.96, 7.89, 9.16, 10.82, 11.25, 11.4, 11.05, 10.21, 10.56, 10.58, 9.36, 8.69, 8.44, 8.26, 9.11, 10.14, 9.88, 9.33, 9.32, 9.74, 9.6, 8.91, 8.91, 9.27, 9.8, 9.92, 9.17, 8.53, 8.301, 8.04, 8.01, 8.61, 9.21, 10.07, 12.029, 12.511, 12.086, 12.32, 12.41, 12.278, 12.488, 12.958, 13.051, 13.06, 14.393, 15.236, 14.816, 14.199, 13.408, 13.138], [1.08, 0.71, 0, 1.11, 1.58, 1.24, 1.39, 1.17, 1.59, 1.93, 1.6, 1.59, 1.64, 1.67, 1.39, 1.43, 1.96, 1.98, 1.72, 1.86, 4.44, 6.94, 8.03, 8.28, 7.6, 6.37, 5.06, 3.63, 4.02, 5.88, 7.02, 6.97, 6.42, 7.54, 8.26, 8.08, 7.61, 7.54, 8.81, 10.47, 10.9, 11.05, 10.7, 9.88, 10.21, 10.23, 9.01, 8.34, 8.09, 7.91, 8.74, 9.79, 9.53, 9.0, 8.99, 9.37, 9.21, 8.52, 8.54, 8.88, 9.45, 9.57, 8.819, 8.08, 7.902, 7.65, 7.56, 8.2, 8.8, 9.66, 11.613, 12.132, 11.719, 11.97, 12.039, 11.919, 12.116, 12.599, 12.643, 12.636, 13.969, 14.817, 14.401, 13.783, 12.949, 12.766], [1.19, 1.06, 1.11, 0, 1.01, 0.89, 1.16, 1.16, 1.4, 1.82, 1.53, 1.5, 1.79, 1.66, 1.54, 1.56, 2.21, 2.33, 2.21, 2.37, 4.47, 7.13, 8.14, 8.27, 7.71, 6.34, 5.25, 3.74, 4.03, 5.87, 7.03, 7.0, 6.37, 7.59, 8.31, 8.11, 7.66, 7.59, 8.84, 10.5, 10.95, 11.08, 10.75, 9.87, 10.24, 10.26, 9.04, 8.37, 8.12, 7.94, 8.81, 9.82, 9.5, 9.01, 8.98, 9.42, 9.22, 8.53, 8.39, 8.91, 9.5, 9.611, 8.858, 8.127, 7.995, 7.72, 7.73, 8.31, 8.91, 9.77, 11.712, 12.205, 11.769, 12.02, 12.078, 11.989, 12.184, 12.637, 12.742, 12.757, 14.07, 14.938, 14.519, 13.902, 13.122, 12.834], [1.66, 1.43, 1.58, 1.01, 0, 0.62, 1.11, 1.11, 1.43, 1.75, 1.58, 1.39, 1.72, 1.59, 1.35, 1.79, 2.38, 2.44, 2.56, 2.88, 4.98, 7.46, 8.49, 8.44, 7.92, 6.57, 5.52, 4.05, 4.34, 6.06, 7.22, 7.21, 6.62, 7.74, 8.5, 8.32, 7.85, 7.78, 9.05, 10.71, 11.14, 11.29, 10.94, 10.08, 10.45, 10.47, 9.25, 8.58, 8.33, 8.15, 8.98, 10.03, 9.71, 9.24, 9.23, 9.61, 9.41, 8.72, 8.64, 9.16, 9.69, 9.81, 9.06, 8.26, 8.156, 7.93, 7.86, 8.5, 9.1, 9.96, 11.913, 12.381, 11.968, 12.21, 12.288, 12.168, 12.365, 12.838, 12.914, 12.93, 14.263, 15.111, 14.701, 14.083, 13.243, 13.015], [1.62, 1.27, 1.24, 0.89, 0.62, 0, 0.97, 0.91, 1.31, 1.73, 1.5, 1.33, 1.44, 1.49, 1.21, 1.57, 2.3, 2.28, 2.48, 2.66, 4.76, 7.36, 8.39, 8.42, 7.9, 6.47, 5.46, 3.97, 4.18, 5.98, 7.14, 7.13, 6.5, 7.66, 8.42, 8.24, 7.77, 7.7, 8.97, 10.63, 11.06, 11.21, 10.86, 10.0, 10.37, 10.39, 9.17, 8.5, 8.25, 8.07, 8.9, 9.95, 9.61, 9.14, 9.13, 9.53, 9.33, 8.64, 8.48, 9.06, 9.61, 9.73, 8.98, 8.18, 8.079, 7.85, 7.76, 8.42, 9.02, 9.88, 11.831, 12.301, 11.888, 12.13, 12.208, 12.088, 12.282, 12.755, 12.834, 12.85, 14.183, 15.031, 14.618, 14.001, 13.146, 12.932], [1.55, 1.44, 1.39, 1.16, 1.11, 0.97, 0, 0.78, 1.36, 1.68, 1.47, 1.46, 1.57, 1.46, 1.38, 1.64, 2.39, 2.49, 2.43, 2.59, 4.71, 7.03, 8.12, 8.37, 7.79, 6.38, 5.33, 3.74, 3.99, 5.87, 7.01, 6.96, 6.43, 7.51, 8.25, 8.07, 7.58, 7.53, 8.8, 10.46, 10.89, 11.04, 10.69, 9.87, 10.2, 10.22, 9.0, 8.33, 8.08, 7.9, 8.73, 9.8, 9.5, 9.03, 9.08, 9.34, 9.16, 8.45, 8.55, 8.87, 9.44, 9.54, 8.79, 8.05, 7.91, 7.64, 7.49, 8.19, 8.79, 9.61, 11.57, 12.128, 11.706, 11.94, 12.03, 11.906, 12.089, 12.565, 12.619, 12.6, 13.925, 14.759, 14.339, 13.722, 12.86, 12.742], [1.29, 1.22, 1.17, 1.16, 1.11, 0.91, 0.78, 0, 1.04, 1.32, 1.17, 1.26, 1.33, 1.28, 1.12, 1.68, 2.51, 2.61, 2.33, 2.31, 4.57, 7.01, 8.0, 8.33, 7.77, 6.28, 5.25, 3.68, 3.89, 5.75, 6.87, 6.78, 6.29, 7.37, 8.03, 7.85, 7.36, 7.31, 8.58, 10.24, 10.67, 10.82, 10.47, 9.71, 9.98, 10.0, 8.78, 8.11, 7.88, 7.68, 8.51, 9.56, 9.36, 8.83, 8.82, 9.16, 9.02, 8.33, 8.43, 8.71, 9.2, 9.3, 8.55, 7.93, 7.67, 7.44, 7.23, 7.93, 8.53, 9.39, 11.33, 11.9, 11.47, 11.7, 11.79, 11.68, 11.873, 12.326, 12.411, 12.375, 13.688, 14.539, 14.102, 13.505, 12.62, 12.523], [1.61, 1.56, 1.59, 1.4, 1.43, 1.31, 1.36, 1.04, 0, 0.86, 0.85, 1.08, 1.39, 1.24, 1.28, 1.78, 2.89, 3.03, 2.61, 2.79, 4.97, 7.29, 8.14, 8.57, 8.01, 6.5, 5.61, 4.14, 3.77, 5.39, 6.49, 6.42, 5.89, 7.05, 7.65, 7.47, 6.98, 6.93, 8.2, 9.86, 10.29, 10.44, 10.09, 9.31, 9.6, 9.62, 8.4, 7.73, 7.52, 7.34, 8.15, 9.24, 9.0, 8.41, 8.54, 8.82, 8.68, 7.99, 8.09, 8.35, 8.8, 8.92, 8.17, 7.59, 7.27, 7.04, 6.91, 7.57, 8.13, 8.99, 10.93, 11.54, 11.09, 11.32, 11.41, 11.31, 11.51, 11.987, 12.04, 11.992, 13.285, 14.136, 13.699, 13.102, 12.22, 12.14], [1.69, 1.92, 1.93, 1.82, 1.75, 1.73, 1.68, 1.32, 0.86, 0, 0.53, 0.98, 1.31, 1.38, 1.42, 1.84, 2.99, 3.05, 2.67, 3.17, 5.43, 7.77, 8.7, 9.15, 8.59, 7.06, 6.13, 4.6, 3.97, 5.55, 6.65, 6.52, 6.11, 7.11, 7.71, 7.53, 7.08, 7.07, 8.26, 9.92, 10.348, 10.5, 10.15, 9.49, 9.68, 9.68, 8.46, 7.79, 7.58, 7.38, 8.21, 9.44, 9.12, 8.65, 8.8, 8.92, 8.78, 8.13, 8.33, 8.57, 8.92, 8.98, 8.23, 7.69, 7.49, 7.18, 6.95, 7.57, 8.17, 9.03, 10.99, 11.586, 11.15, 11.38, 11.47, 11.37, 11.564, 12.037, 12.097, 11.995, 13.308, 14.159, 13.722, 13.145, 12.26, 12.194], [1.5, 1.61, 1.6, 1.53, 1.58, 1.5, 1.47, 1.17, 0.85, 0.53, 0, 0.83, 1.24, 1.27, 1.15, 1.59, 2.68, 2.76, 2.4, 2.88, 5.2, 7.6, 8.63, 9.08, 8.52, 6.99, 5.94, 4.39, 4.04, 5.72, 6.82, 6.71, 6.26, 7.3, 7.94, 7.76, 7.29, 7.28, 8.49, 10.15, 10.578, 10.73, 10.38, 9.66, 9.89, 9.91, 8.69, 8.02, 7.79, 7.59, 8.42, 9.61, 9.29, 8.82, 8.93, 9.07, 8.93, 8.28, 8.48, 8.72, 9.15, 9.19, 8.46, 7.84, 7.62, 7.37, 7.16, 7.78, 8.4, 9.26, 11.2, 11.807, 11.378, 11.61, 11.7, 11.6, 11.774, 12.247, 12.31, 12.205, 13.515, 14.389, 13.952, 13.369, 12.49, 12.424], [1.81, 1.64, 1.59, 1.5, 1.39, 1.33, 1.46, 1.26, 1.08, 0.98, 0.83, 0, 0.79, 0.84, 0.92, 1.56, 2.73, 2.89, 2.69, 2.91, 5.23, 7.63, 8.6, 9.05, 8.49, 6.96, 5.97, 4.42, 3.93, 5.61, 6.71, 6.58, 6.19, 7.15, 7.71, 7.49, 7.16, 7.13, 8.22, 9.86, 10.31, 10.46, 10.11, 9.59, 9.68, 9.62, 8.4, 7.77, 7.56, 7.32, 8.21, 9.5, 9.18, 8.75, 8.88, 8.98, 8.78, 8.21, 8.41, 8.63, 9.02, 8.9, 8.23, 7.65, 7.57, 7.26, 6.95, 7.49, 8.11, 8.97, 10.95, 11.56, 11.11, 11.32, 11.41, 11.31, 11.52, 11.954, 12.02, 11.906, 13.216, 14.091, 13.673, 13.091, 12.28, 12.131], [2.06, 1.91, 1.64, 1.79, 1.72, 1.44, 1.57, 1.33, 1.39, 1.31, 1.24, 0.79, 0, 0.75, 0.93, 1.59, 2.94, 3.12, 2.76, 2.88, 5.2, 7.54, 8.57, 9.04, 8.48, 6.93, 5.98, 4.41, 3.82, 5.4, 6.5, 6.35, 5.96, 7.02, 7.54, 7.3, 6.87, 6.86, 7.97, 9.63, 10.06, 10.27, 9.92, 9.3, 9.41, 9.43, 8.21, 7.5, 7.29, 7.13, 8.08, 9.27, 8.93, 8.44, 8.63, 8.71, 8.55, 8.0, 8.24, 8.42, 8.75, 8.67, 8.0, 7.54, 7.44, 7.05, 6.88, 7.38, 7.88, 8.78, 10.68, 11.39, 10.86, 11.13, 11.26, 11.12, 11.29, 11.794, 11.87, 11.717, 13.027, 13.89, 13.464, 12.87, 12.19, 11.94], [1.97, 1.86, 1.67, 1.66, 1.59, 1.49, 1.46, 1.28, 1.24, 1.38, 1.27, 0.84, 0.75, 0, 0.8, 1.8, 3.11, 3.17, 2.57, 2.59, 4.63, 6.97, 7.94, 8.41, 7.85, 6.38, 5.39, 3.82, 3.29, 4.95, 6.05, 5.92, 5.49, 6.61, 7.17, 6.93, 6.44, 6.45, 7.64, 9.3, 9.73, 9.9, 9.55, 8.85, 9.06, 9.06, 7.84, 7.17, 6.96, 6.76, 7.69, 8.82, 8.48, 8.01, 8.16, 8.28, 8.14, 7.53, 7.77, 7.99, 8.34, 8.34, 7.63, 7.13, 6.95, 6.62, 6.55, 7.11, 7.65, 8.49, 10.41, 11.02, 10.53, 10.76, 10.89, 10.75, 10.96, 11.424, 11.5, 11.481, 12.791, 13.66, 13.228, 12.62, 11.9, 11.61], [1.73, 1.5, 1.39, 1.54, 1.35, 1.21, 1.38, 1.12, 1.28, 1.42, 1.15, 0.92, 0.93, 0.8, 0, 1.36, 2.49, 2.61, 2.35, 2.59, 4.77, 7.21, 8.16, 8.61, 8.05, 6.56, 5.53, 3.96, 3.81, 5.45, 6.57, 6.48, 5.99, 7.15, 7.77, 7.55, 7.06, 7.01, 8.28, 9.94, 10.37, 10.52, 10.17, 9.41, 9.68, 9.7, 8.48, 7.81, 7.58, 7.38, 8.27, 9.3, 9.08, 8.53, 8.6, 8.88, 8.7, 8.05, 8.17, 8.43, 8.88, 8.98, 8.25, 7.67, 7.41, 7.16, 7.09, 7.67, 8.27, 9.11, 11.03, 11.617, 11.17, 11.4, 11.49, 11.39, 11.576, 12.029, 12.1, 12.095, 13.405, 14.279, 13.842, 13.239, 12.48, 12.226], [1.43, 1.4, 1.43, 1.56, 1.79, 1.57, 1.64, 1.68, 1.78, 1.84, 1.59, 1.56, 1.59, 1.8, 1.36, 0, 1.51, 1.99, 2.25, 2.89, 5.31, 7.79, 8.82, 9.27, 8.67, 7.34, 6.09, 4.56, 4.63, 6.45, 7.57, 7.56, 6.99, 8.23, 8.89, 8.67, 8.18, 8.13, 9.4, 11.06, 11.49, 11.64, 11.29, 10.43, 10.8, 10.82, 9.6, 8.93, 8.68, 8.5, 9.39, 10.4, 10.08, 9.59, 9.64, 9.94, 9.74, 9.07, 9.19, 9.45, 10.0, 10.1, 9.37, 8.71, 8.53, 8.26, 8.23, 8.81, 9.39, 10.25, 12.17, 12.728, 12.29, 12.52, 12.61, 12.51, 12.699, 13.152, 13.22, 13.235, 14.548, 15.419, 14.982, 14.379, 13.62, 13.349], [1.98, 1.63, 1.96, 2.21, 2.38, 2.3, 2.39, 2.51, 2.89, 2.99, 2.68, 2.73, 2.94, 3.11, 2.49, 1.51, 0, 1.08, 2.06, 3.44, 6.02, 8.46, 9.65, 9.68, 8.94, 7.91, 6.58, 5.09, 5.68, 7.56, 8.72, 8.61, 8.1, 9.28, 9.94, 9.76, 9.27, 9.2, 10.45, 12.11, 12.56, 12.69, 12.38, 11.54, 11.87, 11.87, 10.65, 9.98, 9.73, 9.59, 10.44, 11.45, 11.23, 10.68, 10.65, 11.07, 10.89, 10.2, 10.24, 10.64, 11.15, 11.226, 10.473, 9.82, 9.628, 9.37, 9.36, 10.02, 10.6, 11.42, 13.359, 13.818, 13.396, 13.63, 13.705, 13.593, 13.797, 14.267, 14.398, 14.407, 15.72, 16.586, 16.166, 15.549, 14.755, 14.453], [2.1, 1.69, 1.98, 2.33, 2.44, 2.28, 2.49, 2.61, 3.03, 3.05, 2.76, 2.89, 3.12, 3.17, 2.61, 1.99, 1.08, 0, 1.88, 3.26, 5.9, 8.46, 9.69, 9.3, 8.38, 7.55, 6.34, 5.03, 5.74, 7.56, 8.72, 8.67, 8.02, 9.26, 9.96, 9.8, 9.326, 9.273, 10.51, 12.17, 12.633, 12.77, 12.44, 11.56, 11.93, 11.95, 10.73, 10.06, 9.75, 9.57, 10.42, 11.51, 11.19, 10.66, 10.59, 11.101, 10.884, 10.231, 10.14, 10.56, 11.163, 11.252, 10.519, 9.754, 9.636, 9.37, 9.34, 10.02, 10.6, 11.391, 13.316, 13.863, 13.453, 13.669, 13.759, 13.659, 13.859, 14.33, 14.386, 14.373, 15.686, 16.554, 16.117, 15.517, 14.703, 14.509], [1.48, 1.59, 1.72, 2.21, 2.56, 2.48, 2.43, 2.33, 2.61, 2.67, 2.4, 2.69, 2.76, 2.57, 2.35, 2.25, 2.06, 1.88, 0, 1.78, 4.48, 6.8, 8.09, 8.1, 7.3, 6.23, 5.02, 3.51, 4.12, 6.0, 7.12, 7.03, 6.46, 7.72, 8.38, 8.16, 7.654, 7.601, 8.85, 10.51, 10.961, 11.13, 10.8, 9.92, 10.27, 10.29, 9.07, 8.398, 8.07, 7.89, 8.86, 9.85, 9.59, 9.04, 9.01, 9.45, 9.293, 8.64, 8.74, 8.98, 9.518, 9.6, 8.908, 8.283, 8.091, 7.77, 7.74, 8.26, 8.84, 9.68, 11.631, 12.292, 11.808, 12.038, 12.168, 12.028, 12.217, 12.678, 12.781, 12.662, 13.975, 14.838, 14.406, 13.821, 13.098, 12.887], [2.24, 2.21, 1.86, 2.37, 2.88, 2.66, 2.59, 2.31, 2.79, 3.17, 2.88, 2.91, 2.88, 2.59, 2.59, 2.89, 3.44, 3.26, 1.78, 0, 2.92, 5.5, 6.63, 6.78, 6.16, 4.79, 3.56, 2.15, 2.58, 4.46, 5.58, 5.49, 4.92, 6.08, 6.78, 6.62, 6.157, 6.084, 7.33, 8.99, 9.444, 9.59, 9.26, 8.42, 8.75, 8.77, 7.55, 6.88, 6.57, 6.39, 7.24, 8.33, 8.11, 7.5, 7.45, 7.93, 7.773, 7.1, 7.14, 7.4, 7.98, 8.063, 7.35, 6.683, 6.451, 6.19, 6.14, 6.82, 7.38, 8.16, 10.093, 10.718, 10.25, 10.48, 10.608, 10.47, 10.68, 11.141, 11.221, 11.145, 12.457, 13.321, 12.889, 12.283, 11.458, 11.33], [4.58, 4.69, 4.44, 4.47, 4.98, 4.76, 4.71, 4.57, 4.97, 5.43, 5.2, 5.23, 5.2, 4.63, 4.77, 5.31, 6.02, 5.9, 4.48, 2.92, 0, 2.86, 3.93, 4.02, 3.56, 2.53, 1.76, 1.63, 2.14, 2.76, 3.4, 3.51, 3.44, 4.08, 4.38, 4.22, 3.93, 3.74, 4.75, 6.35, 6.78, 6.91, 6.62, 5.76, 6.13, 6.13, 4.91, 5.04, 5.11, 4.83, 4.98, 5.75, 5.57, 5.3, 5.15, 5.37, 5.19, 4.6, 4.72, 5.24, 5.57, 5.69, 4.88, 4.5, 4.26, 4.13, 5.08, 5.78, 5.86, 6.02, 7.62, 8.098, 7.66, 7.89, 7.925, 7.822, 8.026, 8.479, 8.638, 8.653, 9.986, 10.832, 10.412, 9.83, 9.07, 8.7], [7.04, 7.17, 6.94, 7.13, 7.46, 7.36, 7.03, 7.01, 7.29, 7.77, 7.6, 7.63, 7.54, 6.97, 7.21, 7.79, 8.46, 8.46, 6.8, 5.5, 2.86, 0, 1.61, 1.86, 1.58, 2.05, 2.46, 3.51, 3.94, 4.02, 4.14, 4.21, 4.34, 4.48, 4.06, 3.94, 4.05, 3.86, 3.71, 4.59, 4.6, 4.65, 4.36, 3.6, 4.05, 4.21, 4.13, 4.96, 5.33, 5.07, 4.42, 4.47, 4.79, 5.02, 4.77, 4.43, 4.39, 4.46, 4.86, 5.22, 5.45, 5.19, 4.76, 4.62, 4.04, 4.25, 5.22, 6.0, 5.96, 5.86, 6.42, 6.47, 6.58, 7.05, 7.0, 6.58, 5.93, 6.2, 6.41, 6.36, 7.61, 8.45, 8.13, 7.65, 7.21, 6.74], [8.21, 8.36, 8.03, 8.14, 8.49, 8.39, 8.12, 8.0, 8.14, 8.7, 8.63, 8.6, 8.57, 7.94, 8.16, 8.82, 9.65, 9.69, 8.09, 6.63, 3.93, 1.61, 0, 1.11, 2.05, 2.76, 3.57, 4.72, 4.87, 4.61, 4.39, 4.6, 4.85, 4.77, 4.41, 4.27, 4.5, 4.39, 4.02, 4.5, 4.35, 4.2, 3.87, 3.21, 3.58, 3.84, 4.38, 5.23, 5.58, 5.18, 4.23, 4.06, 4.3, 4.69, 4.3, 3.92, 3.88, 4.19, 4.51, 5.01, 5.18, 5.02, 4.65, 4.57, 4.19, 4.46, 5.17, 6.07, 6.11, 5.83, 5.93, 5.86, 6.27, 6.82, 6.83, 6.23, 5.3, 5.17, 5.32, 5.41, 6.46, 7.46, 7.2, 6.86, 6.38, 5.93], [8.48, 8.43, 8.28, 8.27, 8.44, 8.42, 8.37, 8.33, 8.57, 9.15, 9.08, 9.05, 9.04, 8.41, 8.61, 9.27, 9.68, 9.3, 8.1, 6.78, 4.02, 1.86, 1.11, 0, 1.42, 2.33, 3.34, 4.79, 5.32, 5.12, 5.08, 5.21, 5.36, 5.34, 4.98, 4.94, 5.15, 5.0, 4.63, 4.99, 4.84, 4.71, 4.32, 3.68, 4.15, 4.39, 4.97, 5.78, 6.13, 5.73, 4.76, 4.67, 4.83, 5.26, 4.77, 4.51, 4.39, 4.68, 4.72, 5.44, 5.75, 5.55, 5.2, 4.98, 4.74, 5.03, 5.72, 6.6, 6.64, 6.36, 6.5, 6.43, 6.84, 7.37, 7.34, 6.82, 5.91, 5.92, 6.05, 6.12, 7.05, 8.09, 7.85, 7.49, 6.99, 6.6], [7.9, 7.77, 7.6, 7.71, 7.92, 7.9, 7.79, 7.77, 8.01, 8.59, 8.52, 8.49, 8.48, 7.85, 8.05, 8.67, 8.94, 8.38, 7.3, 6.16, 3.56, 1.58, 2.05, 1.42, 0, 1.97, 2.72, 4.29, 4.86, 4.64, 4.88, 5.07, 4.98, 5.16, 4.82, 4.74, 5.05, 4.86, 4.55, 5.17, 5.02, 5.11, 4.74, 3.94, 4.55, 4.67, 5.01, 5.88, 6.19, 5.81, 5.0, 5.15, 5.43, 5.62, 5.25, 5.17, 5.03, 5.08, 5.14, 5.62, 6.07, 5.99, 5.5, 5.16, 4.68, 4.91, 5.8, 6.66, 6.68, 6.48, 7.04, 7.11, 7.24, 7.73, 7.7, 7.22, 6.63, 6.82, 6.75, 6.88, 7.85, 8.73, 8.57, 8.23, 7.73, 7.32], [6.71, 6.64, 6.37, 6.34, 6.57, 6.47, 6.38, 6.28, 6.5, 7.06, 6.99, 6.96, 6.93, 6.38, 6.56, 7.34, 7.91, 7.55, 6.23, 4.79, 2.53, 2.05, 2.76, 2.33, 1.97, 0, 1.79, 3.0, 3.45, 3.63, 3.97, 4.08, 3.93, 4.23, 4.31, 4.19, 4.42, 4.17, 4.28, 5.5, 5.83, 5.88, 5.57, 4.71, 5.16, 5.08, 4.9, 5.63, 5.76, 5.44, 5.17, 5.64, 5.74, 5.73, 5.48, 5.46, 5.32, 5.23, 5.21, 5.65, 6.22, 6.2, 5.63, 5.01, 4.71, 4.5, 5.43, 6.19, 6.35, 6.39, 7.27, 7.54, 7.43, 7.88, 7.87, 7.39, 7.1, 7.43, 7.5, 7.49, 8.66, 9.48, 9.1, 8.7, 8.16, 8.01], [5.32, 5.19, 5.06, 5.25, 5.52, 5.46, 5.33, 5.25, 5.61, 6.13, 5.94, 5.97, 5.98, 5.39, 5.53, 6.09, 6.58, 6.34, 5.02, 3.56, 1.76, 2.46, 3.57, 3.34, 2.72, 1.79, 0, 1.87, 2.5, 2.86, 3.74, 3.87, 3.6, 4.08, 4.34, 4.24, 4.39, 4.04, 4.59, 6.15, 6.56, 6.71, 6.4, 5.58, 5.93, 5.95, 5.01, 5.68, 5.81, 5.47, 5.34, 6.01, 5.87, 5.78, 5.53, 5.53, 5.37, 5.24, 5.4, 5.74, 6.23, 6.21, 5.64, 5.04, 4.68, 4.57, 5.56, 6.38, 6.5, 6.5, 7.48, 7.85, 7.54, 7.97, 7.9, 7.54, 7.695, 8.185, 8.238, 8.279, 9.65, 10.47, 10.07, 9.51, 8.75, 8.52], [3.81, 3.86, 3.63, 3.74, 4.05, 3.97, 3.74, 3.68, 4.14, 4.6, 4.39, 4.42, 4.41, 3.82, 3.96, 4.56, 5.09, 5.03, 3.51, 2.15, 1.63, 3.51, 4.72, 4.79, 4.29, 3.0, 1.87, 0, 1.27, 2.93, 4.01, 3.92, 3.43, 4.55, 5.23, 5.05, 4.64, 4.41, 5.6, 7.26, 7.63, 7.78, 7.51, 6.67, 7.06, 7.06, 5.82, 5.33, 5.36, 5.32, 5.91, 6.84, 6.68, 6.27, 6.18, 6.36, 6.12, 5.49, 5.59, 5.97, 6.54, 6.6, 5.77, 5.01, 4.89, 4.64, 5.21, 5.97, 6.37, 6.81, 8.51, 8.96, 8.55, 8.82, 8.81, 8.689, 8.879, 9.349, 9.508, 9.52, 10.885, 11.699, 11.299, 10.7, 9.9, 9.57], [4.12, 4.41, 4.02, 4.03, 4.34, 4.18, 3.99, 3.89, 3.77, 3.97, 4.04, 3.93, 3.82, 3.29, 3.81, 4.63, 5.68, 5.74, 4.12, 2.58, 2.14, 3.94, 4.87, 5.32, 4.86, 3.45, 2.5, 1.27, 0, 2.18, 3.28, 3.11, 2.72, 3.78, 4.44, 4.24, 3.81, 3.64, 4.83, 6.49, 6.92, 7.05, 6.78, 6.0, 6.29, 6.29, 5.03, 4.42, 4.41, 4.35, 5.14, 6.17, 5.91, 5.5, 5.57, 5.53, 5.37, 4.76, 5.0, 5.3, 5.77, 5.79, 4.96, 4.32, 4.26, 3.89, 4.26, 5.0, 5.46, 5.94, 7.78, 8.278, 7.82, 8.05, 8.1, 7.985, 8.169, 8.625, 8.818, 8.816, 10.149, 10.995, 10.575, 9.978, 9.215, 8.84], [6.0, 6.25, 5.88, 5.87, 6.06, 5.98, 5.87, 5.75, 5.39, 5.55, 5.72, 5.61, 5.4, 4.95, 5.45, 6.45, 7.56, 7.56, 6.0, 4.46, 2.76, 4.02, 4.61, 5.12, 4.64, 3.63, 2.86, 2.93, 2.18, 0, 1.3, 1.45, 1.26, 1.94, 2.54, 2.36, 2.01, 2.0, 2.99, 4.65, 5.08, 5.23, 4.94, 4.22, 4.49, 4.43, 3.19, 2.98, 3.07, 2.85, 3.36, 4.59, 4.11, 3.66, 3.81, 3.79, 3.45, 3.0, 3.18, 3.48, 3.99, 3.95, 3.34, 2.82, 2.94, 2.43, 2.98, 3.68, 3.82, 4.18, 5.92, 6.378, 5.96, 6.19, 6.26, 6.122, 6.326, 6.796, 6.938, 6.953, 8.286, 9.132, 8.712, 8.095, 7.35, 6.976], [7.18, 7.37, 7.02, 7.03, 7.22, 7.14, 7.01, 6.87, 6.49, 6.65, 6.82, 6.71, 6.5, 6.05, 6.57, 7.57, 8.72, 8.72, 7.12, 5.58, 3.4, 4.14, 4.39, 5.08, 4.88, 3.97, 3.74, 4.01, 3.28, 1.3, 0, 0.59, 0.98, 1.12, 1.44, 1.22, 1.07, 1.2, 1.95, 3.49, 3.92, 4.11, 3.76, 3.18, 3.47, 3.31, 2.07, 2.1, 2.17, 1.95, 2.24, 3.43, 3.01, 2.54, 2.71, 2.67, 2.47, 2.14, 2.34, 2.44, 2.89, 2.81, 2.32, 2.02, 2.08, 1.67, 2.22, 2.72, 2.86, 3.14, 4.74, 5.204, 4.76, 5.03, 5.1, 4.971, 5.161, 5.651, 5.744, 5.759, 7.092, 7.932, 7.512, 6.895, 6.17, 5.811], [7.07, 7.32, 6.97, 7.0, 7.21, 7.13, 6.96, 6.78, 6.42, 6.52, 6.71, 6.58, 6.35, 5.92, 6.48, 7.56, 8.61, 8.67, 7.03, 5.49, 3.51, 4.21, 4.6, 5.21, 5.07, 4.08, 3.87, 3.92, 3.11, 1.45, 0.59, 0, 0.99, 1.19, 1.47, 1.37, 1.16, 1.09, 2.0, 3.5, 3.97, 4.18, 3.85, 3.39, 3.54, 3.4, 2.2, 2.09, 2.06, 1.98, 2.29, 3.46, 3.16, 2.73, 2.78, 2.72, 2.6, 2.27, 2.53, 2.55, 2.92, 2.94, 2.27, 1.97, 2.07, 1.56, 2.15, 2.63, 2.85, 3.17, 4.758, 5.274, 4.83, 5.08, 5.15, 5.021, 5.213, 5.695, 5.834, 5.832, 7.145, 8.005, 7.585, 6.988, 6.26, 5.89], [6.52, 6.75, 6.42, 6.37, 6.62, 6.5, 6.43, 6.29, 5.89, 6.11, 6.26, 6.19, 5.96, 5.49, 5.99, 6.99, 8.1, 8.02, 6.46, 4.92, 3.44, 4.34, 4.85, 5.36, 4.98, 3.93, 3.6, 3.43, 2.72, 1.26, 0.98, 0.99, 0, 1.58, 2.02, 1.86, 1.63, 1.62, 2.63, 4.15, 4.62, 4.83, 4.46, 3.78, 4.19, 4.01, 2.75, 2.6, 2.55, 2.47, 2.76, 4.01, 3.65, 3.08, 3.15, 3.29, 3.15, 2.74, 2.88, 3.0, 3.45, 3.51, 2.84, 2.52, 2.58, 2.07, 2.62, 3.06, 3.36, 3.76, 5.44, 5.924, 5.46, 5.71, 5.82, 5.671, 5.861, 6.342, 6.464, 6.462, 7.775, 8.635, 8.206, 7.598, 6.87, 6.525], [7.8, 7.97, 7.54, 7.59, 7.74, 7.66, 7.51, 7.37, 7.05, 7.11, 7.3, 7.15, 7.02, 6.61, 7.15, 8.23, 9.28, 9.26, 7.72, 6.08, 4.08, 4.48, 4.77, 5.34, 5.16, 4.23, 4.08, 4.55, 3.78, 1.94, 1.12, 1.19, 1.58, 0, 1.04, 1.0, 1.07, 1.22, 1.81, 3.13, 3.62, 3.71, 3.48, 3.44, 3.41, 3.09, 1.89, 2.18, 2.17, 1.83, 2.18, 3.51, 3.19, 2.68, 2.83, 2.63, 2.29, 2.26, 2.46, 2.56, 2.83, 2.65, 2.32, 1.94, 2.0, 1.59, 2.12, 2.46, 2.58, 2.68, 4.26, 4.73, 4.3, 4.57, 4.66, 4.488, 4.678, 5.18, 5.258, 5.273, 6.575, 7.421, 7.001, 6.383, 5.59, 5.36], [8.46, 8.61, 8.26, 8.31, 8.5, 8.42, 8.25, 8.03, 7.65, 7.71, 7.94, 7.71, 7.54, 7.17, 7.77, 8.89, 9.94, 9.96, 8.38, 6.78, 4.38, 4.06, 4.41, 4.98, 4.82, 4.31, 4.34, 5.23, 4.44, 2.54, 1.44, 1.47, 2.02, 1.04, 0, 0.62, 1.19, 1.22, 1.37, 2.39, 2.88, 3.17, 2.88, 3.04, 2.95, 2.55, 1.41, 2.08, 2.07, 1.93, 1.94, 2.93, 2.81, 2.5, 2.49, 2.21, 2.03, 2.38, 2.56, 2.46, 2.55, 2.25, 1.98, 1.98, 1.92, 1.65, 2.26, 2.26, 2.34, 2.3, 3.58, 3.99, 3.58, 3.93, 3.96, 3.74, 3.95, 4.46, 4.49, 4.559, 5.812, 6.666, 6.243, 5.629, 4.85, 4.6], [8.24, 8.43, 8.08, 8.11, 8.32, 8.24, 8.07, 7.85, 7.47, 7.53, 7.76, 7.49, 7.3, 6.93, 7.55, 8.67, 9.76, 9.8, 8.16, 6.62, 4.22, 3.94, 4.27, 4.94, 4.74, 4.19, 4.24, 5.05, 4.24, 2.36, 1.22, 1.37, 1.86, 1.0, 0.62, 0, 1.03, 1.18, 1.35, 2.45, 2.98, 3.13, 2.92, 2.9, 2.89, 2.43, 1.25, 1.82, 2.09, 1.79, 1.76, 2.95, 2.77, 2.42, 2.51, 2.25, 2.09, 2.2, 2.5, 2.54, 2.63, 2.21, 2.04, 2.04, 1.98, 1.59, 2.14, 2.36, 2.38, 2.38, 3.84, 4.244, 3.82, 4.03, 4.1, 3.92, 4.13, 4.58, 4.673, 4.703, 5.984, 6.835, 6.415, 5.813, 5.07, 4.76], [7.71, 7.96, 7.61, 7.66, 7.85, 7.77, 7.58, 7.36, 6.98, 7.08, 7.29, 7.16, 6.87, 6.44, 7.06, 8.18, 9.27, 9.326, 7.654, 6.157, 3.93, 4.05, 4.5, 5.15, 5.05, 4.42, 4.39, 4.64, 3.81, 2.01, 1.07, 1.16, 1.63, 1.07, 1.19, 1.03, 0, 0.81, 1.54, 2.88, 3.31, 3.54, 3.27, 3.09, 3.14, 2.94, 1.66, 1.67, 1.76, 1.6, 1.89, 2.96, 2.68, 2.19, 2.34, 2.22, 2.06, 1.95, 2.23, 2.19, 2.44, 2.26, 1.77, 1.71, 1.65, 1.24, 1.91, 2.35, 2.31, 2.53, 4.25, 4.783, 4.27, 4.5, 4.57, 4.47, 4.6, 5.07, 5.303, 5.293, 6.597, 7.431, 7.011, 6.403, 5.7, 5.25], [7.64, 7.89, 7.54, 7.59, 7.78, 7.7, 7.53, 7.31, 6.93, 7.07, 7.28, 7.13, 6.86, 6.45, 7.01, 8.13, 9.2, 9.273, 7.601, 6.084, 3.74, 3.86, 4.39, 5.0, 4.86, 4.17, 4.04, 4.41, 3.64, 2.0, 1.2, 1.09, 1.62, 1.22, 1.22, 1.18, 0.81, 0, 1.65, 2.93, 3.36, 3.77, 3.44, 3.22, 3.27, 3.17, 1.91, 2.1, 2.13, 2.05, 2.18, 3.03, 2.99, 2.5, 2.57, 2.41, 2.29, 2.18, 2.42, 2.5, 2.71, 2.57, 2.0, 1.92, 1.76, 1.51, 2.34, 2.84, 2.78, 2.84, 4.44, 5.016, 4.46, 4.73, 4.78, 4.68, 4.79, 5.26, 5.496, 5.451, 6.736, 7.57, 7.15, 6.556, 5.89, 5.4], [8.87, 9.16, 8.81, 8.84, 9.05, 8.97, 8.8, 8.58, 8.2, 8.26, 8.49, 8.22, 7.97, 7.64, 8.28, 9.4, 10.45, 10.51, 8.85, 7.33, 4.75, 3.71, 4.02, 4.63, 4.55, 4.28, 4.59, 5.6, 4.83, 2.99, 1.95, 2.0, 2.63, 1.81, 1.37, 1.35, 1.54, 1.65, 0, 1.68, 2.19, 2.4, 2.21, 2.15, 1.88, 1.76, 1.02, 1.79, 1.98, 1.76, 1.85, 2.6, 2.6, 2.37, 2.46, 2.14, 1.88, 2.25, 2.45, 2.57, 2.62, 2.1, 1.93, 2.09, 1.87, 1.52, 2.11, 2.63, 2.61, 2.61, 3.57, 3.92, 3.53, 4.06, 4.03, 3.61, 3.46, 3.93, 4.18, 4.15, 5.42, 6.3, 5.92, 5.34, 4.76, 4.23], [10.53, 10.82, 10.47, 10.5, 10.71, 10.63, 10.46, 10.24, 9.86, 9.92, 10.15, 9.86, 9.63, 9.3, 9.94, 11.06, 12.11, 12.17, 10.51, 8.99, 6.35, 4.59, 4.5, 4.99, 5.17, 5.5, 6.15, 7.26, 6.49, 4.65, 3.49, 3.5, 4.15, 3.13, 2.39, 2.45, 2.88, 2.93, 1.68, 0, 1.01, 1.42, 1.41, 2.03, 1.6, 1.3, 1.54, 2.27, 2.48, 2.68, 2.33, 2.4, 2.72, 2.63, 2.48, 2.34, 2.34, 2.81, 2.99, 2.45, 2.22, 1.8, 2.23, 2.69, 2.73, 2.84, 3.17, 2.91, 2.43, 1.97, 2.81, 3.06, 2.85, 3.18, 3.21, 2.81, 2.3, 2.59, 2.8, 2.87, 3.889, 4.82, 4.56, 4.1, 3.68, 3.05], [11.0, 11.25, 10.9, 10.95, 11.14, 11.06, 10.89, 10.67, 10.29, 10.348, 10.578, 10.31, 10.06, 9.73, 10.37, 11.49, 12.56, 12.633, 10.961, 9.444, 6.78, 4.6, 4.35, 4.84, 5.02, 5.83, 6.56, 7.63, 6.92, 5.08, 3.92, 3.97, 4.62, 3.62, 2.88, 2.98, 3.31, 3.36, 2.19, 1.01, 0, 0.85, 0.96, 1.6, 1.57, 1.43, 2.17, 2.78, 2.97, 3.11, 2.48, 2.13, 2.63, 2.8, 2.55, 2.23, 2.31, 2.96, 3.1, 2.56, 2.13, 2.01, 2.28, 2.98, 3.08, 3.27, 3.6, 3.24, 2.9, 2.32, 2.6, 2.71, 2.72, 3.23, 3.22, 2.82, 2.21, 2.32, 2.43, 2.54, 3.45, 4.25, 4.05, 3.61, 3.27, 2.6], [11.13, 11.4, 11.05, 11.08, 11.29, 11.21, 11.04, 10.82, 10.44, 10.5, 10.73, 10.46, 10.27, 9.9, 10.52, 11.64, 12.69, 12.77, 11.13, 9.59, 6.91, 4.65, 4.2, 4.71, 5.11, 5.88, 6.71, 7.78, 7.05, 5.23, 4.11, 4.18, 4.83, 3.71, 3.17, 3.13, 3.54, 3.77, 2.4, 1.42, 0.85, 0, 0.77, 1.47, 1.4, 1.32, 2.3, 2.89, 3.3, 3.24, 2.39, 2.1, 2.62, 2.83, 2.62, 2.3, 2.3, 2.83, 3.07, 2.73, 2.34, 1.96, 2.63, 3.25, 3.31, 3.4, 3.71, 3.59, 3.27, 2.63, 2.65, 2.7, 2.85, 3.28, 3.33, 2.89, 2.18, 2.25, 2.3, 2.35, 3.26, 4.02, 3.92, 3.54, 3.16, 2.53], [10.86, 11.05, 10.7, 10.75, 10.94, 10.86, 10.69, 10.47, 10.09, 10.15, 10.38, 10.11, 9.92, 9.55, 10.17, 11.29, 12.38, 12.44, 10.8, 9.26, 6.62, 4.36, 3.87, 4.32, 4.74, 5.57, 6.4, 7.51, 6.78, 4.94, 3.76, 3.85, 4.46, 3.48, 2.88, 2.92, 3.27, 3.44, 2.21, 1.41, 0.96, 0.77, 0, 1.12, 1.05, 1.03, 2.13, 2.7, 3.05, 2.97, 2.12, 1.75, 2.25, 2.44, 2.25, 1.99, 1.97, 2.54, 2.72, 2.36, 2.17, 1.93, 2.44, 2.96, 2.92, 3.07, 3.44, 3.54, 3.2, 2.64, 2.8, 2.87, 2.96, 3.43, 3.48, 3.06, 2.43, 2.46, 2.43, 2.46, 3.45, 4.29, 4.11, 3.69, 3.27, 2.82], [10.0, 10.21, 9.88, 9.87, 10.08, 10.0, 9.87, 9.71, 9.31, 9.49, 9.66, 9.59, 9.3, 8.85, 9.41, 10.43, 11.54, 11.56, 9.92, 8.42, 5.76, 3.6, 3.21, 3.68, 3.94, 4.71, 5.58, 6.67, 6.0, 4.22, 3.18, 3.39, 3.78, 3.44, 3.04, 2.9, 3.09, 3.22, 2.15, 2.03, 1.6, 1.47, 1.12, 0, 0.97, 1.19, 2.09, 2.68, 3.17, 3.01, 1.86, 1.69, 2.01, 2.14, 2.05, 1.85, 1.91, 1.98, 2.28, 2.32, 2.47, 2.35, 2.62, 2.84, 2.68, 2.69, 3.34, 3.88, 3.66, 3.24, 3.46, 3.57, 3.56, 4.13, 4.22, 3.72, 3.11, 3.24, 3.27, 3.34, 4.307, 5.13, 4.91, 4.53, 4.09, 3.56], [10.35, 10.56, 10.21, 10.24, 10.45, 10.37, 10.2, 9.98, 9.6, 9.68, 9.89, 9.68, 9.41, 9.06, 9.68, 10.8, 11.87, 11.93, 10.27, 8.75, 6.13, 4.05, 3.58, 4.15, 4.55, 5.16, 5.93, 7.06, 6.29, 4.49, 3.47, 3.54, 4.19, 3.41, 2.95, 2.89, 3.14, 3.27, 1.88, 1.6, 1.57, 1.4, 1.05, 0.97, 0, 0.94, 1.98, 2.51, 2.92, 2.84, 1.91, 1.66, 1.86, 2.11, 2.12, 1.78, 1.78, 2.01, 2.47, 2.31, 2.3, 2.0, 2.51, 2.81, 2.77, 2.72, 3.11, 3.69, 3.37, 2.91, 2.73, 2.92, 2.95, 3.52, 3.65, 3.17, 2.4, 2.59, 2.74, 2.75, 3.903, 4.76, 4.44, 3.96, 3.58, 3.05], [10.35, 10.58, 10.23, 10.26, 10.47, 10.39, 10.22, 10.0, 9.62, 9.68, 9.91, 9.62, 9.43, 9.06, 9.7, 10.82, 11.87, 11.95, 10.29, 8.77, 6.13, 4.21, 3.84, 4.39, 4.67, 5.08, 5.95, 7.06, 6.29, 4.43, 3.31, 3.4, 4.01, 3.09, 2.55, 2.43, 2.94, 3.17, 1.76, 1.3, 1.43, 1.32, 1.03, 1.19, 0.94, 0, 1.52, 2.17, 2.78, 2.58, 1.67, 2.04, 2.24, 2.31, 2.28, 2.14, 1.92, 2.23, 2.39, 2.37, 2.24, 1.8, 2.37, 2.81, 2.79, 2.76, 2.89, 3.23, 2.87, 2.41, 2.77, 3.0, 2.87, 3.2, 3.33, 2.83, 2.34, 2.61, 2.68, 2.75, 3.894, 4.76, 4.38, 3.9, 3.48, 3.05], [9.09, 9.36, 9.01, 9.04, 9.25, 9.17, 9.0, 8.78, 8.4, 8.46, 8.69, 8.4, 8.21, 7.84, 8.48, 9.6, 10.65, 10.73, 9.07, 7.55, 4.91, 4.13, 4.38, 4.97, 5.01, 4.9, 5.01, 5.82, 5.03, 3.19, 2.07, 2.2, 2.75, 1.89, 1.41, 1.25, 1.66, 1.91, 1.02, 1.54, 2.17, 2.3, 2.13, 2.09, 1.98, 1.52, 0, 1.23, 1.68, 1.58, 1.51, 2.3, 2.16, 1.97, 1.98, 1.88, 1.64, 1.89, 2.07, 2.05, 2.1, 1.5, 1.57, 1.97, 1.77, 1.58, 1.91, 2.23, 1.91, 1.79, 3.09, 3.54, 3.03, 3.3, 3.31, 3.07, 3.2, 3.65, 3.883, 3.904, 5.194, 6.028, 5.608, 5.02, 4.3, 3.85], [8.42, 8.69, 8.34, 8.37, 8.58, 8.5, 8.33, 8.11, 7.73, 7.79, 8.02, 7.77, 7.5, 7.17, 7.81, 8.93, 9.98, 10.06, 8.398, 6.88, 5.04, 4.96, 5.23, 5.78, 5.88, 5.63, 5.68, 5.33, 4.42, 2.98, 2.1, 2.09, 2.6, 2.18, 2.08, 1.82, 1.67, 2.1, 1.79, 2.27, 2.78, 2.89, 2.7, 2.68, 2.51, 2.17, 1.23, 0, 1.05, 1.13, 1.68, 2.73, 2.51, 1.92, 2.09, 2.27, 1.99, 1.74, 1.76, 1.66, 1.91, 1.61, 1.58, 1.64, 1.76, 1.41, 1.56, 1.74, 1.58, 1.88, 3.54, 4.124, 3.56, 3.79, 3.88, 3.78, 3.89, 4.38, 4.613, 4.568, 5.873, 6.724, 6.304, 5.693, 5.01, 4.54], [8.15, 8.44, 8.09, 8.12, 8.33, 8.25, 8.08, 7.88, 7.52, 7.58, 7.79, 7.56, 7.29, 6.96, 7.58, 8.68, 9.73, 9.75, 8.07, 6.57, 5.11, 5.33, 5.58, 6.13, 6.19, 5.76, 5.81, 5.36, 4.41, 3.07, 2.17, 2.06, 2.55, 2.17, 2.07, 2.09, 1.76, 2.13, 1.98, 2.48, 2.97, 3.3, 3.05, 3.17, 2.92, 2.78, 1.68, 1.05, 0, 0.92, 1.95, 2.72, 2.5, 1.91, 1.96, 2.32, 2.18, 2.03, 2.09, 1.69, 1.9, 1.66, 1.41, 1.41, 1.71, 1.36, 1.47, 1.33, 1.21, 1.87, 3.762, 4.36, 3.81, 4.054, 4.144, 4.024, 4.174, 4.69, 4.877, 4.847, 6.137, 6.994, 6.568, 5.957, 5.274, 4.824], [8.05, 8.26, 7.91, 7.94, 8.15, 8.07, 7.9, 7.68, 7.34, 7.38, 7.59, 7.32, 7.13, 6.76, 7.38, 8.5, 9.59, 9.57, 7.89, 6.39, 4.83, 5.07, 5.18, 5.73, 5.81, 5.44, 5.47, 5.32, 4.35, 2.85, 1.95, 1.98, 2.47, 1.83, 1.93, 1.79, 1.6, 2.05, 1.76, 2.68, 3.11, 3.24, 2.97, 3.01, 2.84, 2.58, 1.58, 1.13, 0.92, 0, 1.57, 2.7, 2.36, 1.73, 1.96, 2.2, 1.92, 1.83, 1.73, 1.85, 1.98, 1.76, 1.41, 1.37, 1.57, 1.18, 1.25, 1.39, 1.55, 2.03, 3.879, 4.46, 3.93, 4.151, 4.281, 4.15, 4.36, 4.821, 4.934, 4.927, 6.228, 7.088, 6.659, 6.051, 5.331, 4.998], [8.96, 9.11, 8.74, 8.81, 8.98, 8.9, 8.73, 8.51, 8.15, 8.21, 8.42, 8.21, 8.08, 7.69, 8.27, 9.39, 10.44, 10.42, 8.86, 7.24, 4.98, 4.42, 4.23, 4.76, 5.0, 5.17, 5.34, 5.91, 5.14, 3.36, 2.24, 2.29, 2.76, 2.18, 1.94, 1.76, 1.89, 2.18, 1.85, 2.33, 2.48, 2.39, 2.12, 1.86, 1.91, 1.67, 1.51, 1.68, 1.95, 1.57, 0, 1.67, 1.59, 1.22, 1.31, 1.33, 1.35, 1.12, 1.3, 1.5, 1.57, 1.29, 1.4, 1.72, 1.7, 1.67, 1.86, 2.36, 2.32, 2.22, 3.26, 3.55, 3.32, 3.47, 3.7, 3.42, 3.53, 3.954, 4.027, 4.042, 5.346, 6.203, 5.777, 5.166, 4.364, 4.108], [9.95, 10.14, 9.79, 9.82, 10.03, 9.95, 9.8, 9.56, 9.24, 9.44, 9.61, 9.5, 9.27, 8.82, 9.3, 10.4, 11.45, 11.51, 9.85, 8.33, 5.75, 4.47, 4.06, 4.67, 5.15, 5.64, 6.01, 6.84, 6.17, 4.59, 3.43, 3.46, 4.01, 3.51, 2.93, 2.95, 2.96, 3.03, 2.6, 2.4, 2.13, 2.1, 1.75, 1.69, 1.66, 2.04, 2.3, 2.73, 2.72, 2.7, 1.67, 0, 0.96, 1.39, 1.32, 1.22, 1.6, 1.87, 2.09, 1.91, 1.78, 1.64, 1.99, 2.51, 2.27, 2.58, 3.21, 3.27, 3.03, 2.81, 3.03, 3.12, 3.05, 3.52, 3.79, 3.41, 2.88, 3.05, 3.06, 3.05, 4.314, 5.148, 4.74, 4.18, 3.48, 3.05], [9.63, 9.88, 9.53, 9.5, 9.71, 9.61, 9.5, 9.36, 9.0, 9.12, 9.29, 9.18, 8.93, 8.48, 9.08, 10.08, 11.23, 11.19, 9.59, 8.11, 5.57, 4.79, 4.3, 4.83, 5.43, 5.74, 5.87, 6.68, 5.91, 4.11, 3.01, 3.16, 3.65, 3.19, 2.81, 2.77, 2.68, 2.99, 2.6, 2.72, 2.63, 2.62, 2.25, 2.01, 1.86, 2.24, 2.16, 2.51, 2.5, 2.36, 1.59, 0.96, 0, 1.05, 1.24, 0.98, 1.16, 1.47, 1.77, 1.63, 1.76, 1.54, 1.83, 2.21, 2.31, 2.36, 2.89, 3.01, 2.91, 2.77, 2.89, 3.18, 3.03, 3.48, 3.75, 3.47, 3.1, 3.35, 3.36, 3.39, 4.634, 5.468, 5.048, 4.451, 3.72, 3.37], [9.16, 9.33, 9.0, 9.01, 9.24, 9.14, 9.03, 8.83, 8.41, 8.65, 8.82, 8.75, 8.44, 8.01, 8.53, 9.59, 10.68, 10.66, 9.04, 7.5, 5.3, 5.02, 4.69, 5.26, 5.62, 5.73, 5.78, 6.27, 5.5, 3.66, 2.54, 2.73, 3.08, 2.68, 2.5, 2.42, 2.19, 2.5, 2.37, 2.63, 2.8, 2.83, 2.44, 2.14, 2.11, 2.31, 1.97, 1.92, 1.91, 1.73, 1.22, 1.39, 1.05, 0, 0.87, 1.23, 1.41, 1.18, 1.22, 1.16, 1.37, 1.27, 1.6, 1.96, 1.94, 1.97, 2.34, 2.46, 2.32, 2.36, 3.08, 3.55, 2.98, 3.45, 3.82, 3.44, 3.39, 3.8, 3.867, 3.857, 5.127, 5.984, 5.558, 4.947, 4.264, 3.894], [9.21, 9.32, 8.99, 8.98, 9.23, 9.13, 9.08, 8.82, 8.54, 8.8, 8.93, 8.88, 8.63, 8.16, 8.6, 9.64, 10.65, 10.59, 9.01, 7.45, 5.15, 4.77, 4.3, 4.77, 5.25, 5.48, 5.53, 6.18, 5.57, 3.81, 2.71, 2.78, 3.15, 2.83, 2.49, 2.51, 2.34, 2.57, 2.46, 2.48, 2.55, 2.62, 2.25, 2.05, 2.12, 2.28, 1.98, 2.09, 1.96, 1.96, 1.31, 1.32, 1.24, 0.87, 0, 1.04, 1.24, 1.35, 1.41, 1.15, 1.36, 1.36, 1.49, 1.95, 1.87, 2.02, 2.49, 2.49, 2.31, 2.17, 2.95, 3.394, 3.23, 3.42, 3.77, 3.43, 3.34, 3.775, 3.874, 3.855, 5.168, 6.028, 5.599, 4.991, 4.271, 3.958], [9.53, 9.74, 9.37, 9.42, 9.61, 9.53, 9.34, 9.16, 8.82, 8.92, 9.07, 8.98, 8.71, 8.28, 8.88, 9.94, 11.07, 11.101, 9.45, 7.93, 5.37, 4.43, 3.92, 4.51, 5.17, 5.46, 5.53, 6.36, 5.53, 3.79, 2.67, 2.72, 3.29, 2.63, 2.21, 2.25, 2.22, 2.41, 2.14, 2.34, 2.23, 2.3, 1.99, 1.85, 1.78, 2.14, 1.88, 2.27, 2.32, 2.2, 1.33, 1.22, 0.98, 1.23, 1.04, 0, 0.84, 1.39, 1.73, 1.45, 1.52, 1.38, 1.45, 1.79, 1.85, 1.98, 2.49, 2.63, 2.61, 2.27, 2.61, 2.98, 2.93, 3.24, 3.51, 3.21, 2.92, 3.29, 3.414, 3.398, 4.717, 5.551, 5.131, 4.534, 3.82, 3.45], [9.33, 9.6, 9.21, 9.22, 9.41, 9.33, 9.16, 9.02, 8.68, 8.78, 8.93, 8.78, 8.55, 8.14, 8.7, 9.74, 10.89, 10.884, 9.293, 7.773, 5.19, 4.39, 3.88, 4.39, 5.03, 5.32, 5.37, 6.12, 5.37, 3.45, 2.47, 2.6, 3.15, 2.29, 2.03, 2.09, 2.06, 2.29, 1.88, 2.34, 2.31, 2.3, 1.97, 1.91, 1.78, 1.92, 1.64, 1.99, 2.18, 1.92, 1.35, 1.6, 1.16, 1.41, 1.24, 0.84, 0, 1.09, 1.31, 1.51, 1.64, 1.42, 1.39, 1.63, 1.75, 1.82, 2.23, 2.61, 2.57, 2.23, 2.69, 3.1, 3.05, 3.46, 3.61, 3.31, 3.06, 3.463, 3.62, 3.618, 4.931, 5.8, 5.365, 4.76, 4.02, 3.67], [8.66, 8.91, 8.52, 8.53, 8.72, 8.64, 8.45, 8.33, 7.99, 8.13, 8.28, 8.21, 8.0, 7.53, 8.05, 9.07, 10.2, 10.231, 8.64, 7.1, 4.6, 4.46, 4.19, 4.68, 5.08, 5.23, 5.24, 5.49, 4.76, 3.0, 2.14, 2.27, 2.74, 2.26, 2.38, 2.2, 1.95, 2.18, 2.25, 2.81, 2.96, 2.83, 2.54, 1.98, 2.01, 2.23, 1.89, 1.74, 2.03, 1.83, 1.12, 1.87, 1.47, 1.18, 1.35, 1.39, 1.09, 0, 0.94, 1.14, 1.49, 1.55, 1.38, 1.54, 1.68, 1.59, 2.0, 2.6, 2.54, 2.34, 3.26, 3.738, 3.36, 3.59, 3.86, 3.64, 3.69, 4.136, 4.298, 4.325, 5.638, 6.489, 6.052, 5.455, 4.69, 4.333], [8.78, 8.91, 8.54, 8.39, 8.64, 8.48, 8.55, 8.43, 8.09, 8.33, 8.48, 8.41, 8.24, 7.77, 8.17, 9.19, 10.24, 10.14, 8.74, 7.14, 4.72, 4.86, 4.51, 4.72, 5.14, 5.21, 5.4, 5.59, 5.0, 3.18, 2.34, 2.53, 2.88, 2.46, 2.56, 2.5, 2.23, 2.42, 2.45, 2.99, 3.1, 3.07, 2.72, 2.28, 2.47, 2.39, 2.07, 1.76, 2.09, 1.73, 1.3, 2.09, 1.77, 1.22, 1.41, 1.73, 1.31, 0.94, 0, 1.24, 1.59, 1.65, 1.62, 1.62, 1.8, 1.79, 2.06, 2.48, 2.44, 2.36, 3.6, 3.99, 3.54, 3.89, 4.14, 3.86, 3.95, 4.413, 4.509, 4.545, 5.872, 6.706, 6.286, 5.669, 4.89, 4.573], [9.18, 9.27, 8.88, 8.91, 9.16, 9.06, 8.87, 8.71, 8.35, 8.57, 8.72, 8.63, 8.42, 7.99, 8.43, 9.45, 10.64, 10.56, 8.98, 7.4, 5.24, 5.22, 5.01, 5.44, 5.62, 5.65, 5.74, 5.97, 5.3, 3.48, 2.44, 2.55, 3.0, 2.56, 2.46, 2.54, 2.19, 2.5, 2.57, 2.45, 2.56, 2.73, 2.36, 2.32, 2.31, 2.37, 2.05, 1.66, 1.69, 1.85, 1.5, 1.91, 1.63, 1.16, 1.15, 1.45, 1.51, 1.14, 1.24, 0, 1.05, 1.31, 1.28, 1.52, 1.8, 1.79, 2.08, 1.98, 1.8, 1.6, 2.82, 3.401, 2.96, 3.21, 3.34, 3.2, 3.363, 3.816, 3.901, 3.885, 5.198, 6.049, 5.612, 5.015, 4.25, 4.013], [9.65, 9.8, 9.45, 9.5, 9.69, 9.61, 9.44, 9.2, 8.8, 8.92, 9.15, 9.02, 8.75, 8.34, 8.88, 10.0, 11.15, 11.163, 9.518, 7.98, 5.57, 5.45, 5.18, 5.75, 6.07, 6.22, 6.23, 6.54, 5.77, 3.99, 2.89, 2.92, 3.45, 2.83, 2.55, 2.63, 2.44, 2.71, 2.62, 2.22, 2.13, 2.34, 2.17, 2.47, 2.3, 2.24, 2.1, 1.91, 1.9, 1.98, 1.57, 1.78, 1.76, 1.37, 1.36, 1.52, 1.64, 1.49, 1.59, 1.05, 0, 1.18, 1.09, 1.89, 1.97, 2.1, 2.55, 2.17, 1.87, 1.45, 2.29, 2.84, 2.31, 2.64, 2.91, 2.61, 2.8, 3.187, 3.32, 3.39, 4.614, 5.46, 5.028, 4.431, 3.72, 3.37], [9.652, 9.92, 9.57, 9.611, 9.81, 9.73, 9.54, 9.3, 8.92, 8.98, 9.19, 8.9, 8.67, 8.34, 8.98, 10.1, 11.226, 11.252, 9.6, 8.063, 5.69, 5.19, 5.02, 5.55, 5.99, 6.2, 6.21, 6.6, 5.79, 3.95, 2.81, 2.94, 3.51, 2.65, 2.25, 2.21, 2.26, 2.57, 2.1, 1.8, 2.01, 1.96, 1.93, 2.35, 2.0, 1.8, 1.5, 1.61, 1.66, 1.76, 1.29, 1.64, 1.54, 1.27, 1.36, 1.38, 1.42, 1.55, 1.65, 1.31, 1.18, 0, 1.27, 1.93, 2.01, 2.26, 2.33, 2.03, 1.67, 1.63, 2.39, 2.92, 2.53, 2.64, 2.85, 2.69, 2.66, 3.13, 3.36, 3.316, 4.62, 5.48, 5.054, 4.44, 3.78, 3.29], [8.908, 9.17, 8.819, 8.858, 9.06, 8.98, 8.79, 8.55, 8.17, 8.23, 8.46, 8.23, 8.0, 7.63, 8.25, 9.37, 10.473, 10.519, 8.908, 7.35, 4.88, 4.76, 4.65, 5.2, 5.5, 5.63, 5.64, 5.77, 4.96, 3.34, 2.32, 2.27, 2.84, 2.32, 1.98, 2.04, 1.77, 2.0, 1.93, 2.23, 2.28, 2.63, 2.44, 2.62, 2.51, 2.37, 1.57, 1.58, 1.41, 1.41, 1.4, 1.99, 1.83, 1.6, 1.49, 1.45, 1.39, 1.38, 1.62, 1.28, 1.09, 1.27, 0, 1.16, 1.3, 1.39, 1.8, 1.7, 1.7, 1.62, 2.94, 3.47, 3.04, 3.21, 3.4, 3.24, 3.35, 3.817, 4.01, 4.02, 5.321, 6.17, 5.735, 5.15, 4.39, 4.0], [8.3, 8.53, 8.08, 8.127, 8.26, 8.18, 8.05, 7.93, 7.59, 7.69, 7.84, 7.65, 7.54, 7.13, 7.67, 8.71, 9.82, 9.754, 8.283, 6.683, 4.5, 4.62, 4.57, 4.98, 5.16, 5.01, 5.04, 5.01, 4.32, 2.82, 2.02, 1.97, 2.52, 1.94, 1.98, 2.04, 1.71, 1.92, 2.09, 2.69, 2.98, 3.25, 2.96, 2.84, 2.81, 2.81, 1.97, 1.64, 1.41, 1.37, 1.72, 2.51, 2.21, 1.96, 1.95, 1.79, 1.63, 1.54, 1.62, 1.52, 1.89, 1.93, 1.16, 0, 1.08, 1.03, 1.5, 1.76, 1.98, 2.14, 3.72, 4.19, 3.8, 3.99, 4.08, 3.96, 4.161, 4.613, 4.741, 4.756, 6.069, 6.95, 6.53, 5.95, 5.15, 4.86], [8.212, 8.301, 7.902, 7.995, 8.156, 8.079, 7.91, 7.67, 7.27, 7.49, 7.62, 7.57, 7.44, 6.95, 7.41, 8.53, 9.628, 9.636, 8.091, 6.451, 4.26, 4.04, 4.19, 4.74, 4.68, 4.71, 4.68, 4.89, 4.26, 2.94, 2.08, 2.07, 2.58, 2.0, 1.92, 1.98, 1.65, 1.76, 1.87, 2.73, 3.08, 3.31, 2.92, 2.68, 2.77, 2.79, 1.77, 1.76, 1.71, 1.57, 1.7, 2.27, 2.31, 1.94, 1.87, 1.85, 1.75, 1.68, 1.8, 1.8, 1.97, 2.01, 1.3, 1.08, 0, 0.87, 1.8, 2.28, 2.32, 2.46, 3.8, 4.31, 3.94, 4.15, 4.16, 4.14, 4.27, 4.737, 4.81, 4.833, 6.126, 7.01, 6.59, 6.01, 5.19, 4.96], [7.89, 8.04, 7.65, 7.72, 7.93, 7.85, 7.64, 7.44, 7.04, 7.18, 7.37, 7.26, 7.05, 6.62, 7.16, 8.26, 9.37, 9.37, 7.77, 6.19, 4.13, 4.25, 4.46, 5.03, 4.91, 4.5, 4.57, 4.64, 3.89, 2.43, 1.67, 1.56, 2.07, 1.59, 1.65, 1.59, 1.24, 1.51, 1.52, 2.84, 3.27, 3.4, 3.07, 2.69, 2.72, 2.76, 1.58, 1.41, 1.36, 1.18, 1.67, 2.58, 2.36, 1.97, 2.02, 1.98, 1.82, 1.59, 1.79, 1.79, 2.1, 2.26, 1.39, 1.03, 0.87, 0, 1.29, 1.89, 2.05, 2.29, 4.01, 4.58, 4.11, 4.34, 4.45, 4.327, 4.522, 5.004, 5.04, 5.07, 6.365, 7.219, 6.799, 6.22, 5.42, 5.19], [7.9, 8.01, 7.56, 7.73, 7.86, 7.76, 7.49, 7.23, 6.91, 6.95, 7.16, 6.95, 6.88, 6.55, 7.09, 8.23, 9.36, 9.34, 7.74, 6.14, 5.08, 5.22, 5.17, 5.72, 5.8, 5.43, 5.56, 5.21, 4.26, 2.98, 2.22, 2.15, 2.62, 2.12, 2.26, 2.14, 1.91, 2.34, 2.11, 3.17, 3.6, 3.71, 3.44, 3.34, 3.11, 2.89, 1.91, 1.56, 1.47, 1.25, 1.86, 3.21, 2.89, 2.34, 2.49, 2.49, 2.23, 2.0, 2.06, 2.08, 2.55, 2.33, 1.8, 1.5, 1.8, 1.29, 0, 1.16, 1.64, 2.18, 4.18, 4.83, 4.3, 4.49, 4.58, 4.48, 4.69, 5.176, 5.181, 5.185, 6.478, 7.312, 6.892, 6.275, 5.41, 5.296], [8.46, 8.61, 8.2, 8.31, 8.5, 8.42, 8.19, 7.93, 7.57, 7.57, 7.78, 7.49, 7.38, 7.11, 7.67, 8.81, 10.02, 10.02, 8.26, 6.82, 5.78, 6.0, 6.07, 6.6, 6.66, 6.19, 6.38, 5.97, 5.0, 3.68, 2.72, 2.63, 3.06, 2.46, 2.26, 2.36, 2.35, 2.84, 2.63, 2.91, 3.24, 3.59, 3.54, 3.88, 3.69, 3.23, 2.23, 1.74, 1.33, 1.39, 2.36, 3.27, 3.01, 2.46, 2.49, 2.63, 2.61, 2.6, 2.48, 1.98, 2.17, 2.03, 1.7, 1.76, 2.28, 1.89, 1.16, 0, 0.82, 1.56, 3.52, 4.19, 3.66, 3.85, 3.94, 3.84, 4.05, 4.6, 4.59, 4.52, 5.818, 6.632, 6.212, 5.615, 4.87, 4.74], [9.04, 9.21, 8.8, 8.91, 9.1, 9.02, 8.79, 8.53, 8.13, 8.17, 8.4, 8.11, 7.88, 7.65, 8.27, 9.39, 10.6, 10.6, 8.84, 7.38, 5.86, 5.96, 6.11, 6.64, 6.68, 6.35, 6.5, 6.37, 5.46, 3.82, 2.86, 2.85, 3.36, 2.58, 2.34, 2.38, 2.31, 2.78, 2.61, 2.43, 2.9, 3.27, 3.2, 3.66, 3.37, 2.87, 1.91, 1.58, 1.21, 1.55, 2.32, 3.03, 2.91, 2.32, 2.31, 2.61, 2.57, 2.54, 2.44, 1.8, 1.87, 1.67, 1.7, 1.98, 2.32, 2.05, 1.64, 0.82, 0, 0.98, 3.06, 3.97, 3.26, 3.27, 3.4, 3.3, 3.49, 4.22, 4.11, 4.02, 5.248, 6.044, 5.624, 5.016, 4.33, 4.24], [9.9, 10.07, 9.66, 9.77, 9.96, 9.88, 9.61, 9.39, 8.99, 9.03, 9.26, 8.97, 8.78, 8.49, 9.11, 10.25, 11.42, 11.391, 9.68, 8.16, 6.02, 5.86, 5.83, 6.36, 6.48, 6.39, 6.5, 6.81, 5.94, 4.18, 3.14, 3.17, 3.76, 2.68, 2.3, 2.38, 2.53, 2.84, 2.61, 1.97, 2.32, 2.63, 2.64, 3.24, 2.91, 2.41, 1.79, 1.88, 1.87, 2.03, 2.22, 2.81, 2.77, 2.36, 2.17, 2.27, 2.23, 2.34, 2.36, 1.6, 1.45, 1.63, 1.62, 2.14, 2.46, 2.29, 2.18, 1.56, 0.98, 0, 2.24, 3.09, 2.42, 2.37, 2.56, 2.46, 2.71, 3.28, 3.15, 3.18, 4.364, 5.178, 4.758, 4.164, 3.43, 3.34], [11.828, 12.029, 11.613, 11.712, 11.913, 11.831, 11.57, 11.33, 10.93, 10.99, 11.2, 10.95, 10.68, 10.41, 11.03, 12.17, 13.359, 13.316, 11.631, 10.093, 7.62, 6.42, 5.93, 6.5, 7.04, 7.27, 7.48, 8.51, 7.78, 5.92, 4.74, 4.758, 5.44, 4.26, 3.58, 3.84, 4.25, 4.44, 3.57, 2.81, 2.6, 2.65, 2.8, 3.46, 2.73, 2.77, 3.09, 3.54, 3.762, 3.879, 3.26, 3.03, 2.89, 3.08, 2.95, 2.61, 2.69, 3.26, 3.6, 2.82, 2.29, 2.39, 2.94, 3.72, 3.8, 4.01, 4.18, 3.52, 3.06, 2.24, 0, 1.11, 0.86, 1.27, 1.5, 1.14, 1.27, 1.6, 1.83, 1.94, 2.53, 3.27, 2.85, 2.29, 1.95, 2.36], [12.332, 12.511, 12.132, 12.205, 12.381, 12.301, 12.128, 11.9, 11.54, 11.586, 11.807, 11.56, 11.39, 11.02, 11.617, 12.728, 13.818, 13.863, 12.292, 10.718, 8.098, 6.47, 5.86, 6.43, 7.11, 7.54, 7.85, 8.96, 8.278, 6.378, 5.204, 5.274, 5.924, 4.73, 3.99, 4.244, 4.783, 5.016, 3.92, 3.06, 2.71, 2.7, 2.87, 3.57, 2.92, 3.0, 3.54, 4.124, 4.36, 4.46, 3.55, 3.12, 3.18, 3.55, 3.394, 2.98, 3.1, 3.738, 3.99, 3.401, 2.84, 2.92, 3.47, 4.19, 4.31, 4.58, 4.83, 4.19, 3.97, 3.09, 1.11, 0, 1.01, 1.36, 1.39, 1.13, 1.4, 1.55, 1.96, 2.25, 2.54, 2.96, 2.56, 2.22, 2.08, 2.47], [11.885, 12.086, 11.719, 11.769, 11.968, 11.888, 11.706, 11.47, 11.09, 11.15, 11.378, 11.11, 10.86, 10.53, 11.17, 12.29, 13.396, 13.453, 11.808, 10.25, 7.66, 6.58, 6.27, 6.84, 7.24, 7.43, 7.54, 8.55, 7.82, 5.96, 4.76, 4.83, 5.46, 4.3, 3.58, 3.82, 4.27, 4.46, 3.53, 2.85, 2.72, 2.85, 2.96, 3.56, 2.95, 2.87, 3.03, 3.56, 3.81, 3.93, 3.32, 3.05, 3.03, 2.98, 3.23, 2.93, 3.05, 3.36, 3.54, 2.96, 2.31, 2.53, 3.04, 3.8, 3.94, 4.11, 4.3, 3.66, 3.26, 2.42, 0.86, 1.01, 0, 0.97, 1.3, 1.0, 1.49, 1.74, 1.99, 2.22, 2.65, 3.25, 2.79, 2.33, 2.01, 2.28], [12.11, 12.32, 11.97, 12.02, 12.21, 12.13, 11.94, 11.7, 11.32, 11.38, 11.61, 11.32, 11.13, 10.76, 11.4, 12.52, 13.63, 13.669, 12.038, 10.48, 7.89, 7.05, 6.82, 7.37, 7.73, 7.88, 7.97, 8.82, 8.05, 6.19, 5.03, 5.08, 5.71, 4.57, 3.93, 4.03, 4.5, 4.73, 4.06, 3.18, 3.23, 3.28, 3.43, 4.13, 3.52, 3.2, 3.3, 3.79, 4.054, 4.151, 3.47, 3.52, 3.48, 3.45, 3.42, 3.24, 3.46, 3.59, 3.89, 3.21, 2.64, 2.64, 3.21, 3.99, 4.15, 4.34, 4.49, 3.85, 3.27, 2.37, 1.27, 1.36, 0.97, 0, 0.95, 1.03, 1.86, 2.17, 2.38, 2.65, 2.82, 3.2, 2.68, 2.46, 2.16, 2.65], [12.168, 12.41, 12.039, 12.078, 12.288, 12.208, 12.03, 11.79, 11.41, 11.47, 11.7, 11.41, 11.26, 10.89, 11.49, 12.61, 13.705, 13.759, 12.168, 10.608, 7.925, 7.0, 6.83, 7.34, 7.7, 7.87, 7.9, 8.81, 8.1, 6.26, 5.1, 5.15, 5.82, 4.66, 3.96, 4.1, 4.57, 4.78, 4.03, 3.21, 3.22, 3.33, 3.48, 4.22, 3.65, 3.33, 3.31, 3.88, 4.144, 4.281, 3.7, 3.79, 3.75, 3.82, 3.77, 3.51, 3.61, 3.86, 4.14, 3.34, 2.91, 2.85, 3.4, 4.08, 4.16, 4.45, 4.58, 3.94, 3.4, 2.56, 1.5, 1.39, 1.3, 0.95, 0, 0.94, 1.95, 2.34, 2.59, 2.92, 3.03, 3.15, 2.77, 2.45, 2.37, 2.98], [12.065, 12.278, 11.919, 11.989, 12.168, 12.088, 11.906, 11.68, 11.31, 11.37, 11.6, 11.31, 11.12, 10.75, 11.39, 12.51, 13.593, 13.659, 12.028, 10.47, 7.822, 6.58, 6.23, 6.82, 7.22, 7.39, 7.54, 8.689, 7.985, 6.122, 4.971, 5.021, 5.671, 4.488, 3.74, 3.92, 4.47, 4.68, 3.61, 2.81, 2.82, 2.89, 3.06, 3.72, 3.17, 2.83, 3.07, 3.78, 4.024, 4.15, 3.42, 3.41, 3.47, 3.44, 3.43, 3.21, 3.31, 3.64, 3.86, 3.2, 2.61, 2.69, 3.24, 3.96, 4.14, 4.327, 4.48, 3.84, 3.3, 2.46, 1.14, 1.13, 1.0, 1.03, 0.94, 0, 1.25, 1.78, 2.13, 2.4, 2.69, 3.13, 2.81, 2.37, 2.23, 2.7], [12.249, 12.488, 