[[0, 0.73, 1.13, 0.87, 1.28, 1.1, 1.27, 1.3, 1.33, 1.37, 1.56, 2.64, 3.42, 4.11, 4.56, 4.09, 3.1, 3.39, 4.16, 5.75, 6.5, 6.35, 6.53, 6.11, 5.17, 4.4, 4.67, 5.82, 6.15, 6.87, 6.59, 6.54, 6.26, 7.316, 8.659, 8.659, 8.14, 7.76, 6.87, 6.45, 6.57, 6.53, 6.676, 7.32, 7.84, 7.76, 7.9, 8.49, 8.86, 8.89, 8.81, 8.83, 8.03, 5.91, 4.11, 2.92, 2.42, 2.31, 2.62, 2.48, 2.38, 2.3, 2.18, 2.17, 2.4, 2.76, 2.35, 2.57, 2.1, 2.21, 2.762, 2.909, 4.186, 4.999, 7.295, 9.409, 9.331, 8.48, 7.765, 6.338, 6.045, 6.401, 7.226, 8.243, 8.78, 9.466], [0.73, 0, 0.9, 1.02, 1.35, 1.25, 1.48, 1.53, 1.58, 1.64, 1.57, 2.39, 3.29, 3.82, 4.29, 3.92, 3.07, 3.5, 4.25, 5.84, 6.43, 6.38, 6.52, 6.02, 5.06, 4.35, 4.42, 5.53, 5.88, 6.7, 6.44, 6.55, 6.37, 7.03, 8.378, 8.378, 7.91, 7.59, 6.68, 6.26, 6.38, 6.34, 6.39, 7.01, 7.55, 7.47, 7.61, 8.18, 8.55, 8.58, 8.52, 8.58, 7.72, 5.58, 3.84, 2.57, 2.13, 1.96, 2.25, 2.17, 2.13, 2.07, 2.01, 1.88, 2.23, 2.47, 2.26, 2.58, 1.99, 2.12, 2.475, 2.64, 3.859, 4.672, 6.976, 9.091, 9.016, 8.159, 7.44, 6.017, 5.725, 6.091, 6.91, 7.934, 8.471, 9.162], [1.13, 0.9, 0, 1.06, 1.71, 1.63, 1.66, 1.61, 1.52, 1.48, 1.45, 2.29, 3.09, 3.72, 4.09, 3.78, 2.93, 3.44, 4.33, 5.74, 6.45, 6.36, 6.52, 5.98, 5.1, 4.39, 4.24, 5.41, 5.76, 6.58, 6.48, 6.55, 6.47, 6.85, 8.204, 8.204, 7.77, 7.43, 6.54, 6.22, 6.22, 6.18, 6.25, 6.83, 7.41, 7.33, 7.45, 7.98, 8.33, 8.36, 8.36, 8.44, 7.58, 5.44, 3.96, 2.85, 2.45, 2.18, 2.35, 2.33, 2.13, 2.17, 2.25, 2.12, 2.33, 2.53, 2.08, 2.34, 1.97, 2.18, 2.33, 2.58, 3.68, 4.486, 6.808, 8.923, 8.842, 7.979, 7.255, 5.832, 5.539, 5.917, 6.736, 7.762, 8.299, 8.976], [0.87, 1.02, 1.06, 0, 1.15, 1.01, 1.5, 1.49, 1.58, 1.26, 1.71, 2.95, 3.71, 4.4, 4.85, 4.5, 3.33, 3.72, 4.51, 6.06, 6.77, 6.66, 6.88, 6.32, 5.42, 4.59, 4.88, 6.09, 6.44, 7.16, 6.8, 6.77, 6.63, 7.59, 8.944, 8.944, 8.51, 8.17, 7.26, 6.8, 6.96, 6.92, 6.99, 7.57, 8.15, 8.07, 8.19, 8.72, 9.07, 9.1, 9.1, 9.18, 8.38, 6.24, 4.42, 3.19, 2.75, 2.56, 2.79, 2.73, 2.39, 2.51, 2.39, 2.42, 2.79, 3.07, 2.36, 2.36, 1.93, 2.48, 3.041, 3.188, 4.465, 5.278, 7.607, 9.723, 9.633, 8.77, 8.046, 6.623, 6.331, 6.708, 7.527, 8.562, 9.099, 9.767], [1.28, 1.35, 1.71, 1.15, 0, 1.08, 1.61, 1.6, 1.83, 1.77, 2.0, 3.18, 3.98, 4.61, 5.08, 4.79, 3.6, 3.91, 4.82, 6.37, 7.12, 6.89, 7.09, 6.61, 5.67, 4.76, 5.11, 6.34, 6.67, 7.35, 7.15, 7.02, 6.86, 7.8, 9.154, 9.154, 8.74, 8.46, 7.59, 7.15, 7.23, 7.19, 7.2, 7.78, 8.36, 8.28, 8.4, 8.93, 9.3, 9.33, 9.31, 9.39, 8.57, 6.45, 4.49, 2.86, 2.24, 2.09, 2.52, 2.28, 2.08, 2.4, 2.08, 2.09, 2.86, 3.22, 2.81, 2.95, 2.34, 2.69, 3.26, 3.43, 4.661, 5.473, 7.789, 9.91, 9.832, 8.963, 8.242, 6.819, 6.526, 6.91, 7.726, 8.761, 9.298, 9.981], [1.1, 1.25, 1.63, 1.01, 1.08, 0, 1.07, 1.32, 1.51, 1.31, 1.78, 2.94, 3.72, 4.31, 4.74, 4.49, 3.42, 3.63, 4.38, 5.99, 6.74, 6.45, 6.69, 6.15, 5.05, 4.26, 4.69, 6.0, 6.23, 6.97, 6.71, 6.52, 6.38, 7.44, 8.777, 8.777, 8.38, 8.12, 7.25, 6.81, 6.89, 6.85, 6.84, 7.42, 8.0, 7.92, 8.04, 8.55, 8.86, 8.89, 8.95, 9.03, 8.17, 6.03, 4.05, 2.96, 2.6, 2.51, 2.54, 2.62, 2.38, 2.56, 2.34, 2.21, 2.5, 2.9, 2.67, 2.79, 2.32, 2.29, 2.98, 3.05, 4.13, 4.934, 7.29, 9.421, 9.301, 8.43, 7.7, 6.277, 5.984, 6.394, 7.195, 8.267, 8.841, 9.438], [1.27, 1.48, 1.66, 1.5, 1.61, 1.07, 0, 1.05, 1.06, 1.14, 1.35, 2.39, 3.07, 3.66, 4.07, 3.8, 2.83, 2.96, 3.87, 5.26, 6.05, 5.74, 6.02, 5.52, 4.82, 3.71, 4.14, 5.37, 5.68, 6.34, 6.14, 5.97, 5.81, 6.81, 8.161, 8.161, 7.71, 7.43, 6.56, 6.22, 6.18, 6.14, 6.19, 6.79, 7.35, 7.27, 7.39, 7.96, 8.33, 8.38, 8.32, 8.38, 7.54, 5.44, 3.88, 2.91, 2.85, 2.74, 2.79, 2.85, 2.75, 2.93, 2.63, 2.36, 2.31, 2.69, 3.0, 3.18, 2.45, 2.12, 2.51, 2.54, 3.673, 4.486, 6.793, 8.908, 8.833, 7.973, 7.255, 5.832, 5.539, 5.914, 6.727, 7.748, 8.299, 8.976], [1.3, 1.53, 1.61, 1.49, 1.6, 1.32, 1.05, 0, 0.81, 1.01, 1.38, 2.48, 3.14, 3.55, 3.96, 3.87, 2.76, 2.67, 4.14, 5.37, 6.34, 5.91, 6.07, 5.75, 5.11, 4.12, 4.15, 5.58, 5.91, 6.31, 6.39, 6.14, 6.08, 6.88, 7.98, 8.06, 7.52, 7.38, 6.55, 6.45, 6.17, 5.91, 6.16, 6.74, 7.26, 7.06, 7.22, 7.77, 8.14, 8.23, 8.11, 8.15, 7.41, 5.27, 3.59, 2.78, 2.5, 2.37, 2.4, 2.42, 2.22, 2.5, 2.2, 2.09, 1.84, 2.2, 2.33, 2.61, 1.94, 1.69, 2.12, 2.35, 3.49, 4.28, 6.56, 8.681, 8.638, 7.769, 7.088, 5.689, 5.312, 5.74, 6.657, 7.627, 8.11, 8.772], [1.33, 1.58, 1.52, 1.58, 1.83, 1.51, 1.06, 0.81, 0, 0.9, 1.31, 2.43, 3.03, 3.54, 4.05, 3.84, 2.77, 2.78, 4.09, 5.34, 6.31, 5.86, 6.04, 5.72, 5.12, 4.09, 4.18, 5.57, 5.92, 6.32, 6.38, 6.15, 6.09, 6.83, 8.075, 8.13, 7.63, 7.39, 6.52, 6.42, 6.18, 6.04, 6.17, 6.75, 7.31, 7.17, 7.31, 7.88, 8.25, 8.36, 8.22, 8.26, 7.52, 5.42, 4.02, 3.17, 2.83, 2.64, 2.95, 2.89, 2.65, 2.67, 2.57, 2.5, 2.29, 2.61, 2.58, 2.8, 2.03, 1.84, 2.35, 2.48, 3.6, 4.406, 6.705, 8.822, 8.782, 7.893, 7.195, 5.752, 5.459, 5.849, 6.738, 7.731, 8.251, 8.896], [1.37, 1.64, 1.48, 1.26, 1.77, 1.31, 1.14, 1.01, 0.9, 0, 1.05, 2.41, 3.17, 3.82, 4.27, 4.0, 2.83, 3.04, 4.19, 5.48, 6.37, 6.06, 6.34, 5.8, 4.96, 4.05, 4.3, 5.59, 5.84, 6.54, 6.4, 6.21, 6.07, 7.01, 8.364, 8.364, 7.93, 7.67, 6.8, 6.5, 6.44, 6.4, 6.41, 6.99, 7.57, 7.49, 7.61, 8.14, 8.45, 8.48, 8.52, 8.6, 7.72, 5.58, 4.08, 3.41, 3.13, 2.9, 3.01, 2.99, 2.71, 2.99, 2.75, 2.66, 2.29, 2.67, 2.6, 2.74, 2.01, 1.98, 2.43, 2.58, 3.74, 4.564, 6.874, 9.008, 8.919, 8.054, 7.324, 5.901, 5.608, 5.998, 6.819, 7.851, 8.426, 9.057], [1.56, 1.57, 1.45, 1.71, 2.0, 1.78, 1.35, 1.38, 1.31, 1.05, 0, 1.48, 2.28, 2.87, 3.36, 3.09, 2.0, 2.33, 3.42, 4.83, 5.6, 5.37, 5.55, 5.03, 4.07, 3.3, 3.31, 4.66, 4.97, 5.65, 5.59, 5.54, 5.38, 6.04, 7.377, 7.377, 7.0, 6.76, 5.89, 5.53, 5.51, 5.47, 5.44, 6.04, 6.6, 6.52, 6.64, 7.15, 7.48, 7.55, 7.55, 7.63, 6.81, 4.67, 3.45, 3.04, 3.0, 2.77, 2.8, 2.8, 2.74, 2.88, 2.64, 2.43, 2.0, 2.32, 2.71, 2.97, 2.1, 1.71, 1.94, 1.97, 2.91, 3.602, 5.927, 8.038, 7.973, 7.098, 6.371, 4.948, 4.655, 5.1, 5.875, 6.89, 7.444, 8.113], [2.64, 2.39, 2.29, 2.95, 3.18, 2.94, 2.39, 2.48, 2.43, 2.41, 1.48, 0, 1.16, 1.63, 2.06, 1.83, 1.22, 1.61, 2.3, 3.75, 4.42, 4.17, 4.35, 3.79, 2.95, 2.36, 2.21, 3.3, 3.73, 4.45, 4.39, 4.44, 4.38, 4.72, 6.074, 6.074, 5.64, 5.38, 4.51, 4.23, 4.15, 4.11, 4.12, 4.72, 5.28, 5.2, 5.32, 5.87, 6.24, 6.27, 6.25, 6.31, 5.43, 3.87, 3.51, 3.54, 3.68, 3.39, 3.24, 3.34, 3.46, 3.58, 3.48, 2.95, 2.38, 2.54, 3.39, 3.75, 2.88, 2.23, 1.94, 2.03, 2.49, 2.9, 4.735, 6.804, 6.732, 5.866, 5.168, 3.785, 3.49, 3.9, 4.683, 5.661, 6.196, 6.869], [3.42, 3.29, 3.09, 3.71, 3.98, 3.72, 3.07, 3.14, 3.03, 3.17, 2.28, 1.16, 0, 0.91, 1.48, 1.27, 1.06, 1.41, 1.58, 2.77, 3.68, 3.51, 3.71, 3.19, 2.45, 2.04, 1.93, 2.74, 3.19, 3.81, 3.71, 3.74, 3.7, 4.04, 5.391, 5.4, 4.94, 4.54, 3.71, 3.69, 3.45, 3.49, 3.56, 4.1, 4.6, 4.52, 4.64, 5.23, 5.6, 5.63, 5.59, 5.63, 4.81, 3.91, 4.05, 4.24, 4.3, 4.11, 4.04, 4.14, 4.1, 4.22, 4.06, 3.61, 3.02, 3.28, 4.03, 4.33, 3.46, 2.65, 2.6, 2.37, 2.67, 2.82, 4.43, 6.195, 6.114, 5.295, 4.642, 3.62, 3.57, 3.92, 4.31, 5.049, 5.587, 6.248], [4.11, 3.82, 3.72, 4.4, 4.61, 4.31, 3.66, 3.55, 3.54, 3.82, 2.87, 1.63, 0.91, 0, 0.91, 1.14, 1.31, 1.36, 1.57, 2.66, 3.51, 3.2, 3.34, 2.88, 2.32, 1.99, 1.64, 2.43, 2.94, 3.3, 3.64, 3.59, 3.65, 3.41, 4.57, 4.67, 4.25, 4.05, 3.38, 3.68, 3.06, 2.88, 2.93, 3.39, 3.87, 3.77, 3.85, 4.4, 4.77, 4.86, 4.76, 4.8, 4.16, 3.64, 3.88, 4.07, 4.35, 4.12, 3.95, 4.07, 4.15, 4.25, 4.13, 3.6, 2.97, 3.17, 4.02, 4.4, 3.61, 2.7, 2.43, 2.34, 2.42, 2.47, 3.78, 5.399, 5.327, 4.479, 3.91, 3.21, 3.1, 3.41, 3.7, 4.376, 4.826, 5.482], [4.56, 4.29, 4.09, 4.85, 5.08, 4.74, 4.07, 3.96, 4.05, 4.27, 3.36, 2.06, 1.48, 0.91, 0, 1.01, 1.7, 1.59, 1.6, 2.53, 3.4, 3.11, 3.29, 2.81, 2.35, 2.2, 1.79, 2.24, 2.79, 3.31, 3.53, 3.46, 3.52, 3.16, 4.14, 4.28, 3.9, 3.66, 3.13, 3.47, 2.71, 2.49, 2.64, 3.2, 3.56, 3.46, 3.52, 4.01, 4.34, 4.37, 4.35, 4.39, 3.65, 3.41, 3.75, 4.06, 4.46, 4.23, 4.08, 4.22, 4.2, 4.26, 4.2, 3.61, 3.0, 3.24, 4.09, 4.47, 4.04, 2.99, 2.58, 2.43, 2.37, 2.36, 3.43, 4.955, 4.877, 4.029, 3.52, 2.98, 2.83, 3.16, 3.37, 3.95, 4.413, 5.032], [4.09, 3.92, 3.78, 4.5, 4.79, 4.49, 3.8, 3.87, 3.84, 4.0, 3.09, 1.83, 1.27, 1.14, 1.01, 0, 1.33, 1.44, 1.59, 2.7, 3.59, 3.5, 3.7, 3.24, 2.56, 2.27, 2.02, 2.43, 3.18, 3.8, 3.8, 3.87, 3.77, 3.59, 4.73, 4.73, 4.33, 3.77, 3.08, 3.24, 2.84, 2.76, 2.93, 3.61, 3.95, 3.93, 4.01, 4.6, 4.93, 4.96, 4.88, 4.9, 4.2, 3.54, 3.82, 4.23, 4.45, 4.26, 4.05, 4.25, 4.23, 4.27, 4.27, 3.74, 3.01, 3.21, 4.12, 4.54, 3.97, 3.1, 2.61, 2.56, 2.42, 2.55, 3.9, 5.515, 5.441, 4.619, 3.97, 3.11, 3.08, 3.41, 3.7, 4.419, 4.899, 5.595], [3.1, 3.07, 2.93, 3.33, 3.6, 3.42, 2.83, 2.76, 2.77, 2.83, 2.0, 1.22, 1.06, 1.31, 1.7, 1.33, 0, 0.83, 1.96, 3.21, 4.1, 3.97, 4.21, 3.73, 2.97, 2.2, 2.13, 3.14, 3.69, 4.29, 4.29, 4.24, 4.22, 4.42, 5.719, 5.74, 5.22, 4.88, 4.01, 3.93, 3.73, 3.727, 3.82, 4.44, 4.96, 4.88, 5.02, 5.61, 5.98, 6.01, 5.93, 5.95, 5.23, 3.83, 3.85, 3.96, 4.06, 3.89, 3.74, 3.86, 3.64, 3.84, 3.64, 3.23, 2.68, 2.94, 3.61, 3.81, 2.92, 2.35, 2.38, 2.21, 2.61, 2.92, 4.77, 6.589, 6.528, 5.659, 4.956, 3.72, 3.59, 3.9, 4.52, 5.469, 5.989, 6.663], [3.39, 3.5, 3.44, 3.72, 3.91, 3.63, 2.96, 2.67, 2.78, 3.04, 2.33, 1.61, 1.41, 1.36, 1.59, 1.44, 0.83, 0, 1.91, 3.14, 4.17, 3.76, 3.98, 3.66, 3.1, 2.21, 2.16, 3.31, 3.76, 4.12, 4.38, 4.09, 4.11, 4.33, 5.446, 5.53, 5.01, 4.77, 4.04, 4.14, 3.6, 3.5, 3.67, 4.33, 4.79, 4.67, 4.77, 5.38, 5.73, 5.8, 5.68, 5.68, 5.02, 3.6, 3.72, 3.99, 4.13, 3.96, 3.77, 3.89, 3.65, 3.85, 3.59, 3.3, 2.67, 2.93, 3.6, 3.74, 2.91, 2.1, 2.29, 2.16, 2.36, 2.57, 4.396, 6.302, 6.241, 5.376, 4.709, 3.49, 3.3, 3.65, 4.276, 5.248, 5.726, 6.379], [4.16, 4.25, 4.33, 4.51, 4.82, 4.38, 3.87, 4.14, 4.09, 4.19, 3.42, 2.3, 1.58, 1.57, 1.6, 1.59, 1.96, 1.91, 0, 1.71, 2.54, 2.41, 2.61, 2.33, 1.81, 1.5, 1.85, 2.34, 2.47, 3.03, 2.75, 2.68, 2.5, 3.46, 4.756, 4.8, 4.28, 3.88, 3.19, 3.09, 2.99, 3.01, 3.04, 3.62, 4.06, 3.92, 4.06, 4.67, 5.04, 5.07, 4.97, 4.99, 4.45, 4.23, 4.89, 5.36, 5.74, 5.51, 5.4, 5.5, 5.4, 5.54, 5.32, 4.81, 4.26, 4.48, 5.27, 5.53, 4.6, 3.63, 3.6, 3.29, 3.31, 3.24, 4.07, 5.629, 5.572, 4.781, 4.131, 3.66, 3.63, 3.94, 4.11, 4.621, 5.003, 5.706], [5.75, 5.84, 5.74, 6.06, 6.37, 5.99, 5.26, 5.37, 5.34, 5.48, 4.83, 3.75, 2.77, 2.66, 2.53, 2.7, 3.21, 3.14, 1.71, 0, 1.47, 1.44, 1.74, 1.68, 1.98, 2.23, 2.34, 2.23, 1.82, 2.0, 1.76, 1.87, 1.67, 2.31, 3.55, 3.57, 3.15, 2.89, 2.4, 2.74, 2.7, 2.72, 2.61, 2.95, 3.21, 2.99, 3.11, 3.64, 3.95, 4.04, 3.9, 3.9, 4.0, 4.6, 5.66, 6.47, 6.97, 6.74, 6.59, 6.69, 6.63, 6.71, 6.55, 6.04, 5.47, 5.71, 6.5, 6.76, 5.81, 4.84, 4.75, 4.32, 4.3, 4.03, 3.8, 4.513, 4.496, 4.16, 3.65, 3.91, 4.02, 4.23, 4.16, 4.02, 4.22, 4.696], [6.5, 6.43, 6.45, 6.77, 7.12, 6.74, 6.05, 6.34, 6.31, 6.37, 5.6, 4.42, 3.68, 3.51, 3.4, 3.59, 4.1, 4.17, 2.54, 1.47, 0, 1.15, 1.39, 1.57, 2.25, 2.84, 2.93, 2.42, 1.77, 1.61, 1.11, 1.14, 1.14, 1.7, 2.68, 2.8, 2.6, 2.28, 2.21, 2.35, 2.35, 2.77, 2.46, 2.44, 2.66, 2.48, 2.56, 2.89, 3.16, 3.31, 3.01, 2.97, 3.69, 4.95, 6.39, 7.3, 7.86, 7.63, 7.42, 7.54, 7.52, 7.6, 7.52, 6.93, 6.34, 6.56, 7.39, 7.67, 6.72, 5.83, 5.58, 5.13, 5.03, 4.76, 4.25, 4.15, 4.39, 4.37, 4.1, 4.54, 4.67, 4.86, 4.73, 4.43, 4.41, 4.61], [6.35, 6.38, 6.36, 6.66, 6.89, 6.45, 5.74, 5.91, 5.86, 6.06, 5.37, 4.17, 3.51, 3.2, 3.11, 3.5, 3.97, 3.76, 2.41, 1.44, 1.15, 0, 0.72, 0.88, 1.94, 2.49, 2.36, 1.95, 1.2, 1.08, 1.2, 1.29, 1.11, 1.69, 2.63, 2.57, 2.31, 2.37, 2.3, 2.6, 2.2, 2.32, 2.01, 2.03, 2.27, 2.13, 2.19, 2.58, 2.93, 3.04, 2.9, 2.9, 3.36, 4.34, 5.64, 6.89, 7.53, 7.3, 7.05, 7.21, 7.19, 7.27, 7.13, 6.6, 6.01, 6.21, 7.06, 7.32, 6.33, 5.42, 5.25, 4.86, 4.72, 4.37, 3.68, 3.72, 3.82, 3.74, 3.45, 3.97, 4.16, 4.29, 4.1, 3.7, 3.68, 3.92], [6.53, 6.52, 6.52, 6.88, 7.09, 6.69, 6.02, 6.07, 6.04, 6.34, 5.55, 4.35, 3.71, 3.34, 3.29, 3.7, 4.21, 3.98, 2.61, 1.74, 1.39, 0.72, 0, 0.84, 2.04, 2.77, 2.44, 2.07, 1.24, 0.94, 1.42, 1.45, 1.43, 1.77, 2.45, 2.35, 2.17, 2.13, 2.08, 2.48, 2.04, 1.94, 1.73, 1.81, 1.97, 1.79, 1.85, 2.22, 2.57, 2.72, 2.58, 2.54, 3.06, 4.04, 5.5, 6.91, 7.57, 7.32, 7.07, 7.23, 7.21, 7.29, 7.15, 6.64, 6.03, 6.23, 7.08, 7.36, 6.45, 5.56, 5.39, 4.96, 4.76, 4.39, 3.62, 3.54, 3.66, 3.4, 3.23, 3.89, 4.12, 4.21, 3.9, 3.52, 3.54, 3.78], [6.11, 6.02, 5.98, 6.32, 6.61, 6.15, 5.52, 5.75, 5.72, 5.8, 5.03, 3.79, 3.19, 2.88, 2.81, 3.24, 3.73, 3.66, 2.33, 1.68, 1.57, 0.88, 0.84, 0, 1.5, 2.25, 2.04, 1.65, 1.02, 1.18, 1.48, 1.47, 1.53, 1.87, 2.89, 2.721, 2.37, 2.23, 2.12, 2.52, 2.08, 2.02, 1.79, 1.83, 2.15, 1.97, 2.11, 2.56, 2.95, 3.06, 2.94, 2.98, 2.96, 3.68, 5.26, 6.59, 7.21, 6.98, 6.73, 6.91, 6.91, 6.95, 6.83, 6.28, 5.69, 5.89, 6.76, 7.1, 6.17, 5.26, 5.07, 4.72, 4.58, 4.29, 3.68, 3.92, 3.96, 3.36, 3.21, 3.93, 4.18, 4.29, 3.98, 3.6, 3.62, 3.96], [5.17, 5.06, 5.1, 5.42, 5.67, 5.05, 4.82, 5.11, 5.12, 4.96, 4.07, 2.95, 2.45, 2.32, 2.35, 2.56, 2.97, 3.1, 1.81, 1.98, 2.25, 1.94, 2.04, 1.5, 0, 1.41, 1.44, 1.65, 1.56, 2.22, 2.1, 2.19, 2.03, 2.71, 3.91, 3.89, 3.51, 3.27, 2.58, 2.54, 2.32, 2.26, 2.25, 2.65, 3.17, 3.05, 3.17, 3.68, 3.95, 4.02, 4.08, 4.16, 3.46, 3.54, 4.76, 5.85, 6.39, 6.14, 5.85, 5.99, 5.95, 5.99, 5.93, 5.32, 4.77, 5.01, 5.82, 6.16, 5.23, 4.4, 4.17, 3.92, 3.82, 3.61, 3.42, 4.689, 4.689, 3.96, 3.41, 3.65, 3.84, 4.05, 3.92, 4.08, 4.36, 4.76], [4.4, 4.35, 4.39, 4.59, 4.76, 4.26, 3.71, 4.12, 4.09, 4.05, 3.3, 2.36, 2.04, 1.99, 2.2, 2.27, 2.2, 2.21, 1.5, 2.23, 2.84, 2.49, 2.77, 2.25, 1.41, 0, 1.11, 2.04, 2.47, 3.05, 2.97, 2.74, 2.7, 3.58, 4.831, 4.871, 4.46, 4.12, 3.27, 3.17, 2.89, 2.95, 2.88, 3.4, 4.02, 3.9, 4.02, 4.59, 5.0, 5.05, 4.99, 5.09, 4.39, 3.31, 4.19, 5.18, 5.68, 5.43, 5.28, 5.4, 5.38, 5.46, 5.26, 4.77, 4.2, 4.48, 5.27, 5.57, 4.62, 3.71, 3.7, 3.45, 3.49, 3.32, 3.81, 5.67, 5.575, 4.752, 4.082, 3.54, 3.59, 3.88, 4.19, 4.692, 5.09, 5.74], [4.67, 4.42, 4.24, 4.88, 5.11, 4.69, 4.14, 4.15, 4.18, 4.3, 3.31, 2.21, 1.93, 1.64, 1.79, 2.02, 2.13, 2.16, 1.85, 2.34, 2.93, 2.36, 2.44, 2.04, 1.44, 1.11, 0, 1.53, 2.04, 2.46, 2.86, 2.93, 2.91, 2.97, 4.087, 4.09, 3.73, 3.51, 2.72, 2.72, 2.22, 2.2, 2.19, 2.77, 3.31, 3.23, 3.35, 3.86, 4.19, 4.28, 4.26, 4.34, 3.64, 2.68, 3.54, 4.71, 5.31, 5.06, 4.79, 4.95, 4.97, 5.11, 4.95, 4.36, 3.81, 4.03, 4.88, 5.22, 4.31, 3.5, 3.27, 3.12, 3.02, 2.81, 3.04, 4.908, 4.845, 3.91, 3.303, 2.95, 3.0, 3.25, 3.48, 3.96, 4.36, 4.922], [5.82, 5.53, 5.41, 6.09, 6.34, 6.0, 5.37, 5.58, 5.57, 5.59, 4.66, 3.3, 2.74, 2.43, 2.24, 2.43, 3.14, 3.31, 2.34, 2.23, 2.42, 1.95, 2.07, 1.65, 1.65, 2.04, 1.53, 0, 1.45, 2.13, 2.41, 2.68, 2.58, 2.42, 2.98, 2.98, 2.56, 2.24, 1.77, 1.79, 1.41, 1.59, 1.46, 1.7, 2.2, 2.18, 2.2, 2.75, 3.22, 3.29, 3.21, 3.23, 2.69, 2.83, 4.09, 5.64, 6.38, 6.17, 5.74, 6.12, 6.2, 6.18, 6.2, 5.55, 4.9, 4.98, 6.01, 6.41, 5.68, 4.85, 4.22, 4.07, 3.59, 3.28, 2.63, 3.909, 3.929, 3.29, 2.7, 2.86, 3.05, 3.24, 3.23, 3.39, 3.59, 4.069], [6.15, 5.88, 5.76, 6.44, 6.67, 6.23, 5.68, 5.91, 5.92, 5.84, 4.97, 3.73, 3.19, 2.94, 2.79, 3.18, 3.69, 3.76, 2.47, 1.82, 1.77, 1.2, 1.24, 1.02, 1.56, 2.47, 2.04, 1.45, 0, 1.14, 1.38, 1.69, 1.49, 1.87, 2.73, 2.63, 2.31, 2.37, 2.1, 2.4, 2.06, 1.98, 1.83, 1.95, 2.03, 1.89, 2.03, 2.5, 2.89, 2.96, 2.94, 2.98, 3.0, 3.6, 5.0, 6.49, 7.17, 6.86, 6.55, 6.75, 6.75, 6.83, 6.77, 6.16, 5.55, 5.71, 6.6, 6.92, 6.01, 5.16, 4.85, 4.48, 4.14, 3.81, 3.14, 3.6, 3.5, 3.16, 2.87, 3.41, 3.64, 3.75, 3.56, 3.26, 3.28, 3.76], [6.87, 6.7, 6.58, 7.16, 7.35, 6.97, 6.34, 6.31, 6.32, 6.54, 5.65, 4.45, 3.81, 3.3, 3.31, 3.8, 4.29, 4.12, 3.03, 2.0, 1.61, 1.08, 0.94, 1.18, 2.22, 3.05, 2.46, 2.13, 1.14, 0, 1.08, 1.41, 1.55, 1.35, 2.03, 1.89, 1.87, 2.17, 2.14, 2.66, 2.12, 2.04, 1.71, 1.69, 1.57, 1.53, 1.61, 1.92, 2.21, 2.4, 2.22, 2.38, 2.98, 4.14, 5.58, 6.89, 7.55, 7.28, 7.03, 7.19, 7.19, 7.25, 7.21, 6.62, 5.99, 6.19, 7.04, 7.36, 6.45, 5.58, 5.31, 4.98, 4.62, 4.25, 3.56, 3.36, 3.34, 3.4, 3.21, 3.83, 4.06, 4.19, 3.92, 3.5, 3.36, 3.54], [6.59, 6.44, 6.48, 6.8, 7.15, 6.71, 6.14, 6.39, 6.38, 6.4, 5.59, 4.39, 3.71, 3.64, 3.53, 3.8, 4.29, 4.38, 2.75, 1.76, 1.11, 1.2, 1.42, 1.48, 2.1, 2.97, 2.86, 2.41, 1.38, 1.08, 0, 1.07, 0.99, 1.41, 2.51, 2.53, 2.51, 2.67, 2.52, 2.66, 2.66, 2.74, 2.49, 2.33, 2.29, 2.31, 2.41, 2.68, 2.97, 2.92, 2.8, 3.02, 3.62, 4.72, 6.2, 7.29, 7.91, 7.64, 7.39, 7.55, 7.53, 7.61, 7.53, 6.94, 6.35, 6.55, 7.4, 7.68, 6.75, 5.88, 5.59, 5.16, 4.94, 4.61, 4.08, 3.98, 3.96, 4.04, 3.93, 4.41, 4.58, 4.73, 4.6, 4.24, 4.08, 4.18], [6.54, 6.55, 6.55, 6.77, 7.02, 6.52, 5.97, 6.14, 6.15, 6.21, 5.54, 4.44, 3.74, 3.59, 3.46, 3.87, 4.24, 4.09, 2.68, 1.87, 1.14, 1.29, 1.45, 1.47, 2.19, 2.74, 2.93, 2.68, 1.69, 1.41, 1.07, 0, 0.74, 1.56, 2.6, 2.72, 2.64, 2.72, 2.69, 2.93, 2.77, 2.91, 2.62, 2.34, 2.54, 2.46, 2.56, 2.67, 3.06, 3.09, 2.93, 2.99, 3.73, 4.91, 6.33, 7.28, 7.8, 7.55, 7.42, 7.5, 7.42, 7.5, 7.34, 6.85, 6.26, 6.54, 7.31, 7.55, 6.6, 5.65, 5.58, 5.01, 4.91, 4.66, 4.15, 4.05, 4.17, 4.09, 4.0, 4.44, 4.59, 4.8, 4.75, 4.43, 4.29, 4.43], [6.26, 6.37, 6.47, 6.63, 6.86, 6.38, 5.81, 6.08, 6.09, 6.07, 5.38, 4.38, 3.7, 3.65, 3.52, 3.77, 4.22, 4.11, 2.5, 1.67, 1.14, 1.11, 1.43, 1.53, 2.03, 2.7, 2.91, 2.58, 1.49, 1.55, 0.99, 0.74, 0, 1.64, 2.78, 2.92, 2.8, 2.84, 2.77, 2.91, 2.93, 3.03, 2.82, 2.62, 2.7, 2.7, 2.76, 2.91, 3.24, 3.23, 3.05, 3.11, 3.93, 4.89, 6.31, 7.32, 7.82, 7.55, 7.42, 7.52, 7.44, 7.5, 7.34, 6.87, 6.26, 6.54, 7.31, 7.53, 6.58, 5.63, 5.6, 5.03, 4.97, 4.7, 4.17, 4.11, 4.21, 4.17, 3.98, 4.48, 4.65, 4.8, 4.65, 4.31, 4.17, 4.39], [7.316, 7.03, 6.85, 7.59, 7.8, 7.44, 6.81, 6.88, 6.83, 7.01, 6.04, 4.72, 4.04, 3.41, 3.16, 3.59, 4.42, 4.33, 3.46, 2.31, 1.7, 1.69, 1.77, 1.87, 2.71, 3.58, 2.97, 2.42, 1.87, 1.35, 1.41, 1.56, 1.64, 0, 1.58, 1.74, 2.2, 2.36, 2.55, 3.09, 2.51, 2.45, 2.1, 2.0, 1.88, 1.92, 1.98, 2.07, 2.24, 2.27, 2.05, 2.25, 3.39, 4.47, 5.85, 6.82, 7.46, 7.23, 6.98, 7.14, 7.16, 7.2, 7.22, 6.57, 5.94, 6.14, 6.99, 7.31, 6.66, 5.77, 5.2, 4.89, 4.53, 4.22, 3.59, 3.33, 3.37, 3.53, 3.36, 3.86, 4.03, 4.18, 4.03, 3.63, 3.43, 3.47], [8.659, 8.378, 8.204, 8.944, 9.154, 8.777, 8.161, 7.98, 8.075, 8.364, 7.377, 6.074, 5.391, 4.57, 4.14, 4.73, 5.719, 5.446, 4.756, 3.55, 2.68, 2.63, 2.45, 2.89, 3.91, 4.831, 4.087, 2.98, 2.73, 2.03, 2.51, 2.6, 2.78, 1.58, 0, 0.92, 1.6, 2.02, 2.65, 3.17, 2.55, 2.55, 2.22, 1.84, 1.6, 1.68, 1.6, 1.35, 1.48, 1.63, 1.37, 1.41, 2.75, 4.21, 5.55, 7.16, 7.94, 7.85, 7.28, 7.6, 7.84, 7.76, 7.84, 7.33, 6.62, 6.48, 7.65, 8.07, 7.76, 6.71, 6.08, 5.91, 4.89, 4.18, 2.99, 2.49, 2.63, 2.87, 2.94, 3.54, 3.63, 3.76, 3.63, 3.21, 3.03, 2.99], [8.659, 8.378, 8.204, 8.944, 9.154, 8.777, 8.161, 8.06, 8.13, 8.364, 7.377, 6.074, 5.4, 4.67, 4.28, 4.73, 5.74, 5.53, 4.8, 3.57, 2.8, 2.57, 2.35, 2.721, 3.89, 4.871, 4.09, 2.98, 2.63, 1.89, 2.53, 2.72, 2.92, 1.74, 0.92, 0, 1.1, 1.58, 2.55, 3.15, 2.41, 2.41, 2.12, 1.66, 1.1, 1.28, 1.14, 0.99, 1.02, 1.29, 1.19, 1.19, 2.27, 3.77, 5.51, 7.36, 8.16, 8.05, 7.5, 7.84, 8.02, 8.0, 8.08, 7.49, 6.76, 6.74, 7.89, 8.25, 7.82, 6.83, 6.22, 5.97, 5.05, 4.4, 3.27, 2.61, 2.67, 2.75, 2.7, 3.64, 3.79, 3.9, 3.59, 3.03, 2.81, 2.75], [8.14, 7.91, 7.77, 8.51, 8.74, 8.38, 7.71, 7.52, 7.63, 7.93, 7.0, 5.64, 4.94, 4.25, 3.9, 4.33, 5.22, 5.01, 4.28, 3.15, 2.6, 2.31, 2.17, 2.37, 3.51, 4.46, 3.73, 2.56, 2.31, 1.87, 2.51, 2.64, 2.8, 2.2, 1.6, 1.1, 0, 1.08, 1.99, 2.57, 1.95, 2.01, 1.78, 1.28, 0.96, 0.92, 0.88, 1.13, 1.32, 1.65, 1.55, 1.19, 1.71, 3.27, 5.27, 7.1, 7.98, 7.85, 7.32, 7.7, 7.9, 7.88, 7.98, 7.33, 6.64, 6.64, 7.77, 8.09, 7.54, 6.63, 5.94, 5.67, 4.95, 4.36, 3.29, 2.91, 2.99, 2.69, 2.62, 3.5, 3.73, 3.8, 3.57, 3.07, 2.93, 3.03], [7.76, 7.59, 7.43, 8.17, 8.46, 8.12, 7.43, 7.38, 7.39, 7.67, 6.76, 5.38, 4.54, 4.05, 3.66, 3.77, 4.88, 4.77, 3.88, 2.89, 2.28, 2.37, 2.13, 2.23, 3.27, 4.12, 3.51, 2.24, 2.37, 2.17, 2.67, 2.72, 2.84, 2.36, 2.02, 1.58, 1.08, 0, 1.37, 1.89, 1.51, 1.73, 1.56, 1.24, 1.12, 1.28, 1.2, 1.47, 1.68, 1.89, 1.75, 1.61, 1.65, 3.21, 5.19, 6.98, 7.84, 7.71, 7.2, 7.56, 7.72, 7.74, 7.82, 7.17, 6.48, 6.48, 7.59, 7.95, 7.36, 6.43, 5.74, 5.49, 4.93, 4.48, 3.53, 3.29, 3.51, 2.99, 2.82, 3.74, 3.99, 4.06, 3.65, 3.27, 3.31, 3.55], [6.87, 6.68, 6.54, 7.26, 7.59, 7.25, 6.56, 6.55, 6.52, 6.8, 5.89, 4.51, 3.71, 3.38, 3.13, 3.08, 4.01, 4.04, 3.19, 2.4, 2.21, 2.3, 2.08, 2.12, 2.58, 3.27, 2.72, 1.77, 2.1, 2.14, 2.52, 2.69, 2.77, 2.55, 2.65, 2.55, 1.99, 1.37, 0, 1.04, 1.02, 1.44, 1.37, 1.31, 1.83, 1.71, 1.83, 2.4, 2.73, 2.8, 2.66, 2.62, 2.28, 3.3, 4.94, 6.57, 7.27, 7.08, 6.73, 6.97, 7.05, 7.07, 7.15, 6.48, 5.81, 5.89, 6.9, 7.28, 6.61, 5.76, 5.11, 5.02, 4.64, 4.35, 3.66, 3.92, 4.12, 3.64, 3.29, 3.93, 4.16, 4.25, 4.0, 3.84, 4.0, 4.28], [6.45, 6.26, 6.22, 6.8, 7.15, 6.81, 6.22, 6.45, 6.42, 6.5, 5.53, 4.23, 3.69, 3.68, 3.47, 3.24, 3.93, 4.14, 3.09, 2.74, 2.35, 2.6, 2.48, 2.52, 2.54, 3.17, 2.72, 1.79, 2.4, 2.66, 2.66, 2.93, 2.91, 3.09, 3.17, 3.15, 2.57, 1.89, 1.04, 0, 1.34, 1.9, 1.71, 1.89, 2.45, 2.41, 2.49, 3.04, 3.35, 3.4, 3.18, 3.12, 2.7, 3.46, 4.88, 6.53, 7.29, 7.12, 6.69, 6.99, 7.09, 7.17, 7.19, 6.52, 5.89, 5.91, 7.0, 7.36, 6.65, 5.92, 5.35, 5.3, 4.84, 4.55, 3.92, 4.5, 4.7, 4.26, 3.83, 4.13, 4.36, 4.49, 4.38, 4.48, 4.66, 4.94], [6.57, 6.38, 6.22, 6.96, 7.23, 6.89, 6.18, 6.17, 6.18, 6.44, 5.51, 4.15, 3.45, 3.06, 2.71, 2.84, 3.73, 3.6, 2.99, 2.7, 2.35, 2.2, 2.04, 2.08, 2.32, 2.89, 2.22, 1.41, 2.06, 2.12, 2.66, 2.77, 2.93, 2.51, 2.55, 2.41, 1.95, 1.51, 1.02, 1.34, 0, 1.12, 1.03, 1.33, 1.73, 1.75, 1.79, 2.34, 2.71, 2.82, 2.62, 2.66, 2.12, 2.84, 4.4, 6.03, 6.81, 6.64, 6.17, 6.51, 6.63, 6.65, 6.69, 6.0, 5.39, 5.39, 6.46, 6.78, 6.15, 5.32, 4.67, 4.6, 4.1, 3.81, 3.16, 3.76, 3.9, 3.38, 2.97, 3.39, 3.64, 3.81, 3.58, 3.62, 3.8, 4.1], [6.53, 6.34, 6.18, 6.92, 7.19, 6.85, 6.14, 5.91, 6.04, 6.4, 5.47, 4.11, 3.49, 2.88, 2.49, 2.76, 3.727, 3.5, 3.01, 2.72, 2.77, 2.32, 1.94, 2.02, 2.26, 2.95, 2.2, 1.59, 1.98, 2.04, 2.74, 2.91, 3.03, 2.45, 2.55, 2.41, 2.01, 1.73, 1.44, 1.9, 1.12, 0, 0.99, 1.45, 1.71, 1.57, 1.61, 2.08, 2.47, 2.58, 2.48, 2.36, 1.96, 2.44, 4.12, 5.61, 6.33, 6.12, 5.77, 6.01, 6.09, 6.11, 6.17, 5.5, 4.93, 4.93, 5.94, 6.3, 5.89, 4.88, 4.21, 4.18, 3.68, 3.23, 2.68, 3.58, 3.58, 2.8, 2.51, 3.13, 3.24, 3.43, 3.24, 3.24, 3.32, 3.68], [6.676, 6.39, 6.25, 6.99, 7.2, 6.84, 6.19, 6.16, 6.17, 6.41, 5.44, 4.12, 3.56, 2.93, 2.64, 2.93, 3.82, 3.67, 3.04, 2.61, 2.46, 2.01, 1.73, 1.79, 2.25, 2.88, 2.19, 1.46, 1.83, 1.71, 2.49, 2.62, 2.82, 2.1, 2.22, 2.12, 1.78, 1.56, 1.37, 1.71, 1.03, 0.99, 0, 1.06, 1.36, 1.34, 1.38, 1.99, 2.4, 2.55, 2.45, 2.37, 1.99, 2.85, 4.31, 5.9, 6.62, 6.43, 6.06, 6.32, 6.44, 6.46, 6.5, 5.83, 5.18, 5.22, 6.29, 6.61, 6.04, 5.17, 4.56, 4.47, 3.83, 3.54, 2.89, 3.51, 3.55, 2.89, 2.54, 3.16, 3.37, 3.46, 3.29, 3.25, 3.37, 3.71], [7.32, 7.01, 6.83, 7.57, 7.78, 7.42, 6.79, 6.74, 6.75, 6.99, 6.04, 4.72, 4.1, 3.39, 3.2, 3.61, 4.44, 4.33, 3.62, 2.95, 2.44, 2.03, 1.81, 1.83, 2.65, 3.4, 2.77, 1.7, 1.95, 1.69, 2.33, 2.34, 2.62, 2.0, 1.84, 1.66, 1.28, 1.24, 1.31, 1.89, 1.33, 1.45, 1.06, 0, 0.98, 1.08, 1.02, 1.33, 1.78, 1.91, 1.79, 1.83, 1.75, 2.99, 4.65, 6.48, 7.32, 7.11, 6.64, 6.98, 7.08, 7.1, 7.18, 6.51, 5.84, 5.84, 6.93, 7.31, 6.66, 5.79, 5.1, 4.99, 4.39, 4.08, 3.15, 3.09, 3.25, 2.69, 2.58, 3.38, 3.59, 3.68, 3.41, 3.13, 3.09, 3.29], [7.84, 7.55, 7.41, 8.15, 8.36, 8.0, 7.35, 7.26, 7.31, 7.57, 6.6, 5.28, 4.6, 3.87, 3.56, 3.95, 4.96, 4.79, 4.06, 3.21, 2.66, 2.27, 1.97, 2.15, 3.17, 4.02, 3.31, 2.2, 2.03, 1.57, 2.29, 2.54, 2.7, 1.88, 1.6, 1.1, 0.96, 1.12, 1.83, 2.45, 1.73, 1.71, 1.36, 0.98, 0, 0.64, 0.56, 0.89, 1.24, 1.49, 1.39, 1.27, 1.73, 3.05, 4.89, 6.74, 7.5, 7.37, 6.86, 7.22, 7.42, 7.4, 7.5, 6.87, 6.16, 6.18, 7.29, 7.65, 7.14, 6.19, 5.56, 5.31, 4.59, 4.22, 3.29, 2.83, 2.85, 2.65, 2.5, 3.5, 3.71, 3.76, 3.33, 2.89, 2.69, 2.89], [7.76, 7.47, 7.33, 8.07, 8.28, 7.92, 7.27, 7.06, 7.17, 7.49, 6.52, 5.2, 4.52, 3.77, 3.46, 3.93, 4.88, 4.67, 3.92, 2.99, 2.48, 2.13, 1.79, 1.97, 3.05, 3.9, 3.23, 2.18, 1.89, 1.53, 2.31, 2.46, 2.7, 1.92, 1.68, 1.28, 0.92, 1.28, 1.71, 2.41, 1.75, 1.57, 1.34, 1.08, 0.64, 0, 0.38, 0.97, 1.38, 1.71, 1.55, 1.37, 1.87, 3.09, 4.97, 6.66, 7.36, 7.21, 6.8, 7.06, 7.24, 7.24, 7.32, 6.71, 5.98, 6.04, 7.11, 7.47, 7.0, 6.07, 5.46, 5.27, 4.57, 4.08, 3.23, 2.93, 2.93, 2.65, 2.52, 3.48, 3.67, 3.76, 3.43, 2.93, 2.71, 2.93], [7.9, 7.61, 7.45, 8.19, 8.4, 8.04, 7.39, 7.22, 7.31, 7.61, 6.64, 5.32, 4.64, 3.85, 3.52, 4.01, 5.02, 4.77, 4.06, 3.11, 2.56, 2.19, 1.85, 2.11, 3.17, 4.02, 3.35, 2.2, 2.03, 1.61, 2.41, 2.56, 2.76, 1.98, 1.6, 1.14, 0.88, 1.2, 1.83, 2.49, 1.79, 1.61, 1.38, 1.02, 0.56, 0.38, 0, 0.77, 1.26, 1.59, 1.49, 1.21, 1.73, 3.15, 4.99, 6.66, 7.4, 7.25, 6.76, 7.1, 7.26, 7.26, 7.34, 6.75, 6.02, 6.02, 7.13, 7.51, 7.1, 6.11, 5.52, 5.31, 4.55, 4.04, 3.17, 2.87, 2.93, 2.59, 2.48, 3.44, 3.61, 3.7, 3.37, 2.91, 2.75, 2.93], [8.49, 8.18, 7.98, 8.72, 8.93, 8.55, 7.96, 7.77, 7.88, 8.14, 7.15, 5.87, 5.23, 4.4, 4.01, 4.6, 5.61, 5.38, 4.67, 3.64, 2.89, 2.58, 2.22, 2.56, 3.68, 4.59, 3.86, 2.75, 2.5, 1.92, 2.68, 2.67, 2.91, 2.07, 1.35, 0.99, 1.13, 1.47, 2.4, 3.04, 2.34, 2.08, 1.99, 1.33, 0.89, 0.97, 0.77, 0, 0.77, 1.12, 1.08, 0.96, 1.74, 3.28, 5.06, 7.01, 7.85, 7.68, 7.17, 7.51, 7.69, 7.65, 7.75, 7.12, 6.51, 6.39, 7.52, 7.94, 7.63, 6.58, 5.97, 5.82, 4.94, 4.41, 3.28, 2.64, 2.74, 2.58, 2.61, 3.65, 3.8, 3.87, 3.48, 2.92, 2.64, 2.68], [8.86, 8.55, 8.33, 9.07, 9.3, 8.86, 8.33, 8.14, 8.25, 8.45, 7.48, 6.24, 5.6, 4.77, 4.34, 4.93, 5.98, 5.73, 5.04, 3.95, 3.16, 2.93, 2.57, 2.95, 3.95, 5.0, 4.19, 3.22, 2.89, 2.21, 2.97, 3.06, 3.24, 2.24, 1.48, 1.02, 1.32, 1.68, 2.73, 3.35, 2.71, 2.47, 2.4, 1.78, 1.24, 1.38, 1.26, 0.77, 0, 0.75, 0.77, 0.91, 1.65, 3.37, 5.19, 7.04, 7.9, 7.83, 7.18, 7.52, 7.88, 7.76, 7.86, 7.37, 6.68, 6.52, 7.75, 8.21, 7.88, 6.85, 6.22, 6.15, 5.17, 4.54, 3.29, 2.49, 2.59, 2.51, 2.66, 3.76, 3.95, 3.94, 3.35, 2.71, 2.37, 2.37], [8.89, 8.58, 8.36, 9.1, 9.33, 8.89, 8.38, 8.23, 8.36, 8.48, 7.55, 6.27, 5.63, 4.86, 4.37, 4.96, 6.01, 5.8, 5.07, 4.04, 3.31, 3.04, 2.72, 3.06, 4.02, 5.05, 4.28, 3.29, 2.96, 2.4, 2.92, 3.09, 3.23, 2.27, 1.63, 1.29, 1.65, 1.89, 2.8, 3.4, 2.82, 2.58, 2.55, 1.91, 1.49, 1.71, 1.59, 1.12, 0.75, 0, 0.58, 1.18, 1.92, 3.44, 5.26, 7.11, 8.09, 8.02, 7.39, 7.73, 8.13, 7.99, 8.11, 7.58, 6.91, 6.77, 8.0, 8.46, 8.07, 7.0, 6.35, 6.26, 5.38, 4.79, 3.34, 2.6, 2.68, 2.66, 2.91, 3.85, 4.08, 4.07, 3.58, 2.88, 2.56, 2.48], [8.81, 8.52, 8.36, 9.1, 9.31, 8.95, 8.32, 8.11, 8.22, 8.52, 7.55, 6.25, 5.59, 4.76, 4.35, 4.88, 5.93, 5.68, 4.97, 3.9, 3.01, 2.9, 2.58, 2.94, 4.08, 4.99, 4.26, 3.21, 2.94, 2.22, 2.8, 2.93, 3.05, 2.05, 1.37, 1.19, 1.55, 1.75, 2.66, 3.18, 2.62, 2.48, 2.45, 1.79, 1.39, 1.55, 1.49, 1.08, 0.77, 0.58, 0, 0.98, 2.06, 3.6, 5.28, 7.05, 8.01, 7.88, 7.31, 7.69, 8.07, 7.93, 8.05, 7.54, 6.85, 6.71, 7.94, 8.4, 8.03, 6.96, 6.33, 6.26, 5.3, 4.67, 3.32, 2.6, 2.7, 2.74, 2.91, 3.79, 3.96, 4.01, 3.52, 2.92, 2.58, 2.62], [8.83, 8.58, 8.44, 9.18, 9.39, 9.03, 8.38, 8.15, 8.26, 8.6, 7.63, 6.31, 5.63, 4.8, 4.39, 4.9, 5.95, 5.68, 4.99, 3.9, 2.97, 2.9, 2.54, 2.98, 4.16, 5.09, 4.34, 3.23, 2.98, 2.38, 3.02, 2.99, 3.11, 2.25, 1.41, 1.19, 1.19, 1.61, 2.62, 3.12, 2.66, 2.36, 2.37, 1.83, 1.27, 1.37, 1.21, 0.96, 0.91, 1.18, 0.98, 0, 1.78, 3.66, 5.46, 7.15, 7.95, 7.86, 7.31, 7.69, 7.99, 7.89, 8.01, 7.52, 6.81, 6.69, 7.88, 8.3, 8.07, 7.02, 6.41, 6.26, 5.28, 4.61, 3.46, 2.88, 3.0, 2.88, 2.99, 3.99, 4.1, 4.15, 3.74, 3.18, 2.88, 2.96], [8.03, 7.72, 7.58, 8.38, 8.57, 8.17, 7.54, 7.41, 7.52, 7.72, 6.81, 5.43, 4.81, 4.16, 3.65, 4.2, 5.23, 5.02, 4.45, 4.0, 3.69, 3.36, 3.06, 2.96, 3.46, 4.39, 3.64, 2.69, 3.0, 2.98, 3.62, 3.73, 3.93, 3.39, 2.75, 2.27, 1.71, 1.65, 2.28, 2.7, 2.12, 1.96, 1.99, 1.75, 1.73, 1.87, 1.73, 1.74, 1.65, 1.92, 2.06, 1.78, 0, 2.42, 4.6, 6.55, 7.39, 7.28, 6.75, 7.11, 7.45, 7.37, 7.43, 6.88, 6.25, 6.11, 7.32, 7.78, 7.41, 6.34, 5.71, 5.64, 4.9, 4.41, 3.28, 3.34, 3.46, 2.68, 2.69, 3.69, 3.92, 3.95, 3.5, 3.0, 3.04, 3.24], [5.91, 5.58, 5.44, 6.24, 6.45, 6.03, 5.44, 5.27, 5.42, 5.58, 4.67, 3.87, 3.91, 3.64, 3.41, 3.54, 3.83, 3.6, 4.23, 4.6, 4.95, 4.34, 4.04, 3.68, 3.54, 3.31, 2.68, 2.83, 3.6, 4.14, 4.72, 4.91, 4.89, 4.47, 4.21, 3.77, 3.27, 3.21, 3.3, 3.46, 2.84, 2.44, 2.85, 2.99, 3.05, 3.09, 3.15, 3.28, 3.37, 3.44, 3.6, 3.66, 2.42, 0, 2.44, 4.63, 5.49, 5.28, 4.73, 5.15, 5.41, 5.39, 5.45, 4.82, 4.17, 4.15, 5.32, 5.76, 5.37, 4.38, 3.87, 3.88, 3.26, 2.97, 2.96, 4.4, 4.3, 3.1, 2.73, 2.85, 3.02, 3.09, 3.08, 3.4, 3.58, 4.08], [4.11, 3.84, 3.96, 4.42, 4.49, 4.05, 3.88, 3.59, 4.02, 4.08, 3.45, 3.51, 4.05, 3.88, 3.75, 3.82, 3.85, 3.72, 4.89, 5.66, 6.39, 5.64, 5.5, 5.26, 4.76, 4.19, 3.54, 4.09, 5.0, 5.58, 6.2, 6.33, 6.31, 5.85, 5.55, 5.51, 5.27, 5.19, 4.94, 4.88, 4.4, 4.12, 4.31, 4.65, 4.89, 4.97, 4.99, 5.06, 5.19, 5.26, 5.28, 5.46, 4.6, 2.44, 0, 2.37, 3.21, 3.08, 2.47, 2.95, 3.37, 3.35, 3.41, 2.72, 2.39, 2.35, 3.34, 3.88, 3.81, 3.04, 2.75, 2.9, 2.38, 2.69, 3.7, 5.497, 5.406, 4.517, 3.96, 2.75, 2.62, 2.81, 3.475, 4.435, 4.924, 5.547], [2.92, 2.57, 2.85, 3.19, 2.86, 2.96, 2.91, 2.78, 3.17, 3.41, 3.04, 3.54, 4.24, 4.07, 4.06, 4.23, 3.96, 3.99, 5.36, 6.47, 7.3, 6.89, 6.91, 6.59, 5.85, 5.18, 4.71, 5.64, 6.49, 6.89, 7.29, 7.28, 7.32, 6.82, 7.16, 7.36, 7.1, 6.98, 6.57, 6.53, 6.03, 5.61, 5.9, 6.48, 6.74, 6.66, 6.66, 7.01, 7.04, 7.11, 7.05, 7.15, 6.55, 4.63, 2.37, 0, 1.16, 1.29, 1.14, 1.34, 1.94, 1.92, 1.98, 1.41, 1.86, 1.8, 2.29, 2.83, 2.84, 2.69, 2.4, 2.71, 2.89, 3.34, 5.17, 7.216, 7.258, 6.371, 6.21, 4.92, 4.43, 4.84, 5.69, 6.497, 6.914, 7.497], [2.42, 2.13, 2.45, 2.75, 2.24, 2.6, 2.85, 2.5, 2.83, 3.13, 3.0, 3.68, 4.3, 4.35, 4.46, 4.45, 4.06, 4.13, 5.74, 6.97, 7.86, 7.53, 7.57, 7.21, 6.39, 5.68, 5.31, 6.38, 7.17, 7.55, 7.91, 7.8, 7.82, 7.46, 7.94, 8.16, 7.98, 7.84, 7.27, 7.29, 6.81, 6.33, 6.62, 7.32, 7.5, 7.36, 7.4, 7.85, 7.9, 8.09, 8.01, 7.95, 7.39, 5.49, 3.21, 1.16, 0, 0.65, 1.14, 0.84, 1.32, 1.16, 1.18, 1.21, 1.82, 1.9, 1.89, 2.27, 2.5, 2.51, 2.62, 2.99, 3.55, 4.1, 6.03, 8.13, 8.209, 7.305, 7.067, 5.78, 5.29, 5.68, 6.59, 7.397, 7.851, 8.411], [2.31, 1.96, 2.18, 2.56, 2.09, 2.51, 2.74, 2.37, 2.64, 2.9, 2.77, 3.39, 4.11, 4.12, 4.23, 4.26, 3.89, 3.96, 5.51, 6.74, 7.63, 7.3, 7.32, 6.98, 6.14, 5.43, 5.06, 6.17, 6.86, 7.28, 7.64, 7.55, 7.55, 7.23, 7.85, 8.05, 7.85, 7.71, 7.08, 7.12, 6.64, 6.12, 6.43, 7.11, 7.37, 7.21, 7.25, 7.68, 7.83, 8.02, 7.88, 7.86, 7.28, 5.28, 3.08, 1.29, 0.65, 0, 0.99, 0.79, 1.09, 0.93, 1.09, 0.96, 1.57, 1.75, 1.54, 2.0, 2.19, 2.28, 2.37, 2.7, 3.34, 3.95, 6.068, 8.197, 8.19, 7.3, 6.897, 5.61, 5.12, 5.53, 6.44, 7.298, 7.77, 8.353], [2.62, 2.25, 2.35, 2.79, 2.52, 2.54, 2.79, 2.4, 2.95, 3.01, 2.8, 3.24, 4.04, 3.95, 4.08, 4.05, 3.74, 3.77, 5.4, 6.59, 7.42, 7.05, 7.07, 6.73, 5.85, 5.28, 4.79, 5.74, 6.55, 7.03, 7.39, 7.42, 7.42, 6.98, 7.28, 7.5, 7.32, 7.2, 6.73, 6.69, 6.17, 5.77, 6.06, 6.64, 6.86, 6.8, 6.76, 7.17, 7.18, 7.39, 7.31, 7.31, 6.75, 4.73, 2.47, 1.14, 1.14, 0.99, 0, 0.68, 1.2, 1.14, 1.3, 1.05, 1.28, 1.22, 1.49, 1.97, 2.2, 2.19, 1.96, 2.51, 2.65, 3.22, 5.402, 7.485, 7.417, 6.544, 6.17, 4.84, 4.39, 4.78, 5.63, 6.617, 7.105, 7.6], [2.48, 2.17, 2.33, 2.73, 2.28, 2.62, 2.85, 2.42, 2.89, 2.99, 2.8, 3.34, 4.14, 4.07, 4.22, 4.25, 3.86, 3.89, 5.5, 6.69, 7.54, 7.21, 7.23, 6.91, 5.99, 5.4, 4.95, 6.12, 6.75, 7.19, 7.55, 7.5, 7.52, 7.14, 7.6, 7.84, 7.7, 7.56, 6.97, 6.99, 6.51, 6.01, 6.32, 6.98, 7.22, 7.06, 7.1, 7.51, 7.52, 7.73, 7.69, 7.69, 7.11, 5.15, 2.95, 1.34, 0.84, 0.79, 0.68, 0, 0.92, 0.9, 0.88, 0.93, 1.44, 1.38, 1.43, 1.91, 2.14, 2.27, 2.08, 2.55, 3.05, 3.56, 5.707, 7.797, 7.803, 6.899, 6.587, 5.28, 4.79, 5.14, 6.13, 6.991, 7.489, 7.989], [2.38, 2.13, 2.13, 2.39, 2.08, 2.38, 2.75, 2.22, 2.65, 2.71, 2.74, 3.46, 4.1, 4.15, 4.2, 4.23, 3.64, 3.65, 5.4, 6.63, 7.52, 7.19, 7.21, 6.91, 5.95, 5.38, 4.97, 6.2, 6.75, 7.19, 7.53, 7.42, 7.44, 7.16, 7.84, 8.02, 7.9, 7.72, 7.05, 7.09, 6.63, 6.09, 6.44, 7.08, 7.42, 7.24, 7.26, 7.69, 7.88, 8.13, 8.07, 7.99, 7.45, 5.41, 3.37, 1.94, 1.32, 1.09, 1.2, 0.92, 0, 0.84, 0.78, 0.91, 1.48, 1.76, 1.31, 1.59, 1.76, 1.99, 2.18, 2.55, 3.31, 3.92, 6.202, 8.305, 8.277, 7.384, 6.884, 5.58, 5.11, 5.52, 6.446, 7.42, 7.897, 8.44], [2.3, 2.07, 2.17, 2.51, 2.4, 2.56, 2.93, 2.5, 2.67, 2.99, 2.88, 3.58, 4.22, 4.25, 4.26, 4.27, 3.84, 3.85, 5.54, 6.71, 7.6, 7.27, 7.29, 6.95, 5.99, 5.46, 5.11, 6.18, 6.83, 7.25, 7.61, 7.5, 7.5, 7.2, 7.76, 8.0, 7.88, 7.74, 7.07, 7.17, 6.65, 6.11, 6.46, 7.1, 7.4, 7.24, 7.26, 7.65, 7.76, 7.99, 7.93, 7.89, 7.37, 5.39, 3.35, 1.92, 1.16, 0.93, 1.14, 0.9, 0.84, 0, 0.74, 1.01, 1.44, 1.56, 1.09, 1.51, 1.88, 2.09, 2.2, 2.55, 3.15, 3.78, 5.947, 8.037, 8.057, 7.142, 6.767, 5.46, 4.97, 5.34, 6.33, 7.208, 7.742, 8.225], [2.18, 2.01, 2.25, 2.39, 2.08, 2.34, 2.63, 2.2, 2.57, 2.75, 2.64, 3.48, 4.06, 4.13, 4.2, 4.27, 3.64, 3.59, 5.32, 6.55, 7.52, 7.13, 7.15, 6.83, 5.93, 5.26, 4.95, 6.2, 6.77, 7.21, 7.53, 7.34, 7.34, 7.22, 7.84, 8.08, 7.98, 7.82, 7.15, 7.19, 6.69, 6.17, 6.5, 7.18, 7.5, 7.32, 7.34, 7.75, 7.86, 8.11, 8.05, 8.01, 7.43, 5.45, 3.41, 1.98, 1.18, 1.09, 1.3, 0.88, 0.78, 0.74, 0, 0.91, 1.42, 1.6, 1.39, 1.71, 1.98, 1.89, 2.24, 2.49, 3.29, 3.88, 6.127, 8.217, 8.208, 7.317, 6.904, 5.6, 5.11, 5.46, 6.47, 7.346, 7.863, 8.403], [2.17, 1.88, 2.12, 2.42, 2.09, 2.21, 2.36, 2.09, 2.5, 2.66, 2.43, 2.95, 3.61, 3.6, 3.61, 3.74, 3.23, 3.3, 4.81, 6.04, 6.93, 6.6, 6.64, 6.28, 5.32, 4.77, 4.36, 5.55, 6.16, 6.62, 6.94, 6.85, 6.87, 6.57, 7.33, 7.49, 7.33, 7.17, 6.48, 6.52, 6.0, 5.5, 5.83, 6.51, 6.87, 6.71, 6.75, 7.12, 7.37, 7.58, 7.54, 7.52, 6.88, 4.82, 2.72, 1.41, 1.21, 0.96, 1.05, 0.93, 0.91, 1.01, 0.91, 0, 1.01, 1.33, 1.24, 1.68, 1.71, 1.66, 1.65, 1.98, 2.76, 3.47, 5.769, 7.863, 7.824, 6.931, 6.357, 5.05, 4.58, 4.99, 5.933, 6.927, 7.404, 7.987], [2.4, 2.23, 2.33, 2.79, 2.86, 2.5, 2.31, 1.84, 2.29, 2.29, 2.0, 2.38, 3.02, 2.97, 3.0, 3.01, 2.68, 2.67, 4.26, 5.47, 6.34, 6.01, 6.03, 5.69, 4.77, 4.2, 3.81, 4.9, 5.55, 5.99, 6.35, 6.26, 6.26, 5.94, 6.62, 6.76, 6.64, 6.48, 5.81, 5.89, 5.39, 4.93, 5.18, 5.84, 6.16, 5.98, 6.02, 6.51, 6.68, 6.91, 6.85, 6.81, 6.25, 4.17, 2.39, 1.86, 1.82, 1.57, 1.28, 1.44, 1.48, 1.44, 1.42, 1.01, 0, 0.72, 1.31, 1.85, 1.82, 1.21, 1.08, 1.41, 1.95, 2.7, 5.019, 7.119, 7.057, 6.185, 5.587, 4.26, 3.83, 4.2, 5.146, 6.159, 6.679, 7.244], [2.76, 2.47, 2.53, 3.07, 3.22, 2.9, 2.69, 2.2, 2.61, 2.67, 2.32, 2.54, 3.28, 3.17, 3.24, 3.21, 2.94, 2.93, 4.48, 5.71, 6.56, 6.21, 6.23, 5.89, 5.01, 4.48, 4.03, 4.98, 5.71, 6.19, 6.55, 6.54, 6.54, 6.14, 6.48, 6.74, 6.64, 6.48, 5.89, 5.91, 5.39, 4.93, 5.22, 5.84, 6.18, 6.04, 6.02, 6.39, 6.52, 6.77, 6.71, 6.69, 6.11, 4.15, 2.35, 1.8, 1.9, 1.75, 1.22, 1.38, 1.76, 1.56, 1.6, 1.33, 0.72, 0, 1.31, 1.89, 2.02, 1.41, 1.08, 1.59, 1.97, 2.48, 4.724, 6.837, 6.771, 5.859, 5.427, 4.14, 3.65, 4.06, 4.988, 5.968, 6.5, 6.943], [2.35, 2.26, 2.08, 2.36, 2.81, 2.67, 3.0, 2.33, 2.58, 2.6, 2.71, 3.39, 4.03, 4.02, 4.09, 4.12, 3.61, 3.6, 5.27, 6.5, 7.39, 7.06, 7.08, 6.76, 5.82, 5.27, 4.88, 6.01, 6.6, 7.04, 7.4, 7.31, 7.31, 6.99, 7.65, 7.89, 7.77, 7.59, 6.9, 7.0, 6.46, 5.94, 6.29, 6.93, 7.29, 7.11, 7.13, 7.52, 7.75, 8.0, 7.94, 7.88, 7.32, 5.32, 3.34, 2.29, 1.89, 1.54, 1.49, 1.43, 1.31, 1.09, 1.39, 1.24, 1.31, 1.31, 0, 0.92, 1.33, 1.82, 1.97, 2.4, 3.1, 3.67, 5.937, 8.044, 7.947, 7.012, 6.574, 5.31, 4.82, 5.23, 6.196, 7.173, 7.727, 8.13], [2.57, 2.58, 2.34, 2.36, 2.95, 2.79, 3.18, 2.61, 2.8, 2.74, 2.97, 3.75, 4.33, 4.4, 4.47, 4.54, 3.81, 3.74, 5.53, 6.76, 7.67, 7.32, 7.36, 7.1, 6.16, 5.57, 5.22, 6.41, 6.92, 7.36, 7.68, 7.55, 7.53, 7.31, 8.07, 8.25, 8.09, 7.95, 7.28, 7.36, 6.78, 6.3, 6.61, 7.31, 7.65, 7.47, 7.51, 7.94, 8.21, 8.46, 8.4, 8.3, 7.78, 5.76, 3.88, 2.83, 2.27, 2.0, 1.97, 1.91, 1.59, 1.51, 1.71, 1.68, 1.85, 1.89, 0.92, 0, 1.19, 2.02, 2.31, 2.66, 3.5, 4.13, 6.349, 8.464, 8.407, 7.515, 6.971, 5.668, 5.22, 5.63, 6.61, 7.627, 8.164, 8.587], [2.1, 1.99, 1.97, 1.93, 2.34, 2.32, 2.45, 1.94, 2.03, 2.01, 2.1, 2.88, 3.46, 3.61, 4.04, 3.97, 2.92, 2.91, 4.6, 5.81, 6.72, 6.33, 6.45, 6.17, 5.23, 4.62, 4.31, 5.68, 6.01, 6.45, 6.75, 6.6, 6.58, 6.66, 7.76, 7.82, 7.54, 7.36, 6.61, 6.65, 6.15, 5.89, 6.04, 6.66, 7.14, 7.0, 7.1, 7.63, 7.88, 8.07, 8.03, 8.07, 7.41, 5.37, 3.81, 2.84, 2.5, 2.19, 2.2, 2.14, 1.76, 1.88, 1.98, 1.71, 1.82, 2.02, 1.33, 1.19, 0, 1.35, 1.82, 2.09, 3.21, 3.96, 6.276, 8.407, 8.33, 7.461, 6.751, 5.36, 5.01, 5.397, 6.282, 7.325, 7.856, 8.47], [2.21, 2.12, 2.18, 2.48, 2.69, 2.29, 2.12, 1.69, 1.84, 1.98, 1.71, 2.23, 2.65, 2.7, 2.99, 3.1, 2.35, 2.1, 3.63, 4.84, 5.83, 5.42, 5.56, 5.26, 4.4, 3.71, 3.5, 4.85, 5.16, 5.58, 5.88, 5.65, 5.63, 5.77, 6.71, 6.83, 6.63, 6.43, 5.76, 5.92, 5.32, 4.88, 5.17, 5.79, 6.19, 6.07, 6.11, 6.58, 6.85, 7.0, 6.96, 7.02, 6.34, 4.38, 3.04, 2.69, 2.51, 2.28, 2.19, 2.27, 1.99, 2.09, 1.89, 1.66, 1.21, 1.41, 1.82, 2.02, 1.35, 0, 0.99, 1.2, 2.18, 2.87, 5.226, 7.38, 7.234, 6.38, 5.73, 4.33, 3.92, 4.35, 5.25, 6.281, 6.809, 7.383], [2.762, 2.475, 2.33, 3.041, 3.26, 2.98, 2.51, 2.12, 2.35, 2.43, 1.94, 1.94, 2.6, 2.43, 2.58, 2.61, 2.38, 2.29, 3.6, 4.75, 5.58, 5.25, 5.39, 5.07, 4.17, 3.7, 3.27, 4.22, 4.85, 5.31, 5.59, 5.58, 5.6, 5.2, 6.08, 6.22, 5.94, 5.74, 5.11, 5.35, 4.67, 4.21, 4.56, 5.1, 5.56, 5.46, 5.52, 5.97, 6.22, 6.35, 6.33, 6.41, 5.71, 3.87, 2.75, 2.4, 2.62, 2.37, 1.96, 2.08, 2.18, 2.2, 2.24, 1.65, 1.08, 1.08, 1.97, 2.31, 1.82, 0.99, 0, 0.81, 1.53, 2.26, 4.599, 6.713, 6.636, 5.758, 5.12, 3.7, 3.35, 3.76, 4.657, 5.682, 6.182, 6.804], [2.909, 2.64, 2.58, 3.188, 3.43, 3.05, 2.54, 2.35, 2.48, 2.58, 1.97, 2.03, 2.37, 2.34, 2.43, 2.56, 2.21, 2.16, 3.29, 4.32, 5.13, 4.86, 4.96, 4.72, 3.92, 3.45, 3.12, 4.07, 4.48, 4.98, 5.16, 5.01, 5.03, 4.89, 5.91, 5.97, 5.67, 5.49, 5.02, 5.3, 4.6, 4.18, 4.47, 4.99, 5.31, 5.27, 5.31, 5.82, 6.15, 6.26, 6.26, 6.26, 5.64, 3.88, 2.9, 2.71, 2.99, 2.7, 2.51, 2.55, 2.55, 2.55, 2.49, 1.98, 1.41, 1.59, 2.4, 2.66, 2.09, 1.2, 0.81, 0, 1.34, 2.13, 4.443, 6.554, 6.497, 5.628, 4.95, 3.53, 3.18, 3.57, 4.5, 5.54, 6.1, 6.729], [4.186, 3.859, 3.68, 4.465, 4.661, 4.13, 3.673, 3.49, 3.6, 3.74, 2.91, 2.49, 2.67, 2.42, 2.37, 2.42, 2.61, 2.36, 3.31, 4.3, 5.03, 4.72, 4.76, 4.58, 3.82, 3.49, 3.02, 3.59, 4.14, 4.62, 4.94, 4.91, 4.97, 4.53, 4.89, 5.05, 4.95, 4.93, 4.64, 4.84, 4.1, 3.68, 3.83, 4.39, 4.59, 4.57, 4.55, 4.94, 5.17, 5.38, 5.3, 5.28, 4.9, 3.26, 2.38, 2.89, 3.55, 3.34, 2.65, 3.05, 3.31, 3.15, 3.29, 2.76, 1.95, 1.97, 3.1, 3.5, 3.21, 2.18, 1.53, 1.34, 0, 1.03, 3.24, 5.309, 5.241, 4.392, 3.83, 2.51, 2.22, 2.69, 3.38, 4.4, 4.98, 5.58], [4.999, 4.672, 4.486, 5.278, 5.473, 4.934, 4.486, 4.28, 4.406, 4.564, 3.602, 2.9, 2.82, 2.47, 2.36, 2.55, 2.92, 2.57, 3.24, 4.03, 4.76, 4.37, 4.39, 4.29, 3.61, 3.32, 2.81, 3.28, 3.81, 4.25, 4.61, 4.66, 4.7, 4.22, 4.18, 4.4, 4.36, 4.48, 4.35, 4.55, 3.81, 3.23, 3.54, 4.08, 4.22, 4.08, 4.04, 4.41, 4.54, 4.79, 4.67, 4.61, 4.41, 2.97, 2.69, 3.34, 4.1, 3.95, 3.22, 3.56, 3.92, 3.78, 3.88, 3.47, 2.7, 2.48, 3.67, 4.13, 3.96, 2.87, 2.26, 2.13, 1.03, 0, 2.424, 4.548, 4.431, 3.59, 3.18, 2.1, 1.75, 2.2, 2.85, 3.79, 4.33, 4.81], [7.295, 6.976, 6.808, 7.607, 7.789, 7.29, 6.793, 6.56, 6.705, 6.874, 5.927, 4.735, 4.43, 3.78, 3.43, 3.9, 4.77, 4.396, 4.07, 3.8, 4.25, 3.68, 3.62, 3.68, 3.42, 3.81, 3.04, 2.63, 3.14, 3.56, 4.08, 4.15, 4.17, 3.59, 2.99, 3.27, 3.29, 3.53, 3.66, 3.92, 3.16, 2.68, 2.89, 3.15, 3.29, 3.23, 3.17, 3.28, 3.29, 3.34, 3.32, 3.46, 3.28, 2.96, 3.7, 5.17, 6.03, 6.068, 5.402, 5.707, 6.202, 5.947, 6.127, 5.769, 5.019, 4.724, 5.937, 6.349, 6.276, 5.226, 4.599, 4.443, 3.24, 2.424, 0, 2.24, 2.46, 1.74, 1.87, 1.81, 1.72, 1.95, 2.14, 2.44, 2.74, 2.96], [9.409, 9.091, 8.923, 9.723, 9.91, 9.421, 8.908, 8.681, 8.822, 9.008, 8.038, 6.804, 6.195, 5.399, 4.955, 5.515, 6.589, 6.302, 5.629, 4.513, 4.15, 3.72, 3.54, 3.92, 4.689, 5.67, 4.908, 3.909, 3.6, 3.36, 3.98, 4.05, 4.11, 3.33, 2.49, 2.61, 2.91, 3.29, 3.92, 4.5, 3.76, 3.58, 3.51, 3.09, 2.83, 2.93, 2.87, 2.64, 2.49, 2.6, 2.6, 2.88, 3.34, 4.4, 5.497, 7.216, 8.13, 8.197, 7.485, 7.797, 8.305, 8.037, 8.217, 7.863, 7.119, 6.837, 8.044, 8.464, 8.407, 7.38, 6.713, 6.554, 5.309, 4.548, 2.24, 0, 0.94, 1.54, 2.21, 3.247, 3.54, 3.17, 2.5, 1.96, 1.82, 1.6], [9.331, 9.016, 8.842, 9.633, 9.832, 9.301, 8.833, 8.638, 8.782, 8.919, 7.973, 6.732, 6.114, 5.327, 4.877, 5.441, 6.528, 6.241, 5.572, 4.496, 4.39, 3.82, 3.66, 3.96, 4.689, 5.575, 4.845, 3.929, 3.5, 3.34, 3.96, 4.17, 4.21, 3.37, 2.63, 2.67, 2.99, 3.51, 4.12, 4.7, 3.9, 3.58, 3.55, 3.25, 2.85, 2.93, 2.93, 2.74, 2.59, 2.68, 2.7, 3.0, 3.46, 4.3, 5.406, 7.258, 8.209, 8.19, 7.417, 7.803, 8.277, 8.057, 8.208, 7.824, 7.057, 6.771, 7.947, 8.407, 8.33, 7.234, 6.636, 6.497, 5.241, 4.431, 2.46, 0.94, 0, 1.5, 2.05, 3.17, 3.5, 3.11, 2.28, 1.72, 1.5, 1.18], [8.48, 8.159, 7.979, 8.77, 8.963, 8.43, 7.973, 7.769, 7.893, 8.054, 7.098, 5.866, 5.295, 4.479, 4.029, 4.619, 5.659, 5.376, 4.781, 4.16, 4.37, 3.74, 3.4, 3.36, 3.96, 4.752, 3.91, 3.29, 3.16, 3.4, 4.04, 4.09, 4.17, 3.53, 2.87, 2.75, 2.69, 2.99, 3.64, 4.26, 3.38, 2.8, 2.89, 2.69, 2.65, 2.65, 2.59, 2.58, 2.51, 2.66, 2.74, 2.88, 2.68, 3.1, 4.517, 6.371, 7.305, 7.3, 6.544, 6.899, 7.384, 7.142, 7.317, 6.931, 