[[0, 0.84, 1.45, 2.75, 3.77, 4.01, 3.76, 4.17, 5.076, 5.73, 6.263, 6.003, 5.986, 5.683, 4.733, 4.746, 5.016, 5.386, 6.397, 6.976, 6.974, 7.134, 7.903, 8.063, 8.581, 8.993, 8.686, 9.013, 9.377, 9.297, 9.891, 10.381, 10.724, 11.38, 12.934, 12.447, 10.563, 10.246, 9.426, 8.483, 7.851, 7.321, 6.71, 7.16, 8.27, 10.52, 11.67, 11.33, 11.05, 11.61, 10.86, 9.6, 8.491, 8.043, 7.963, 8.403, 8.641, 8.961, 10.393, 11.943, 11.673, 11.036, 12.546, 13.887, 14.663, 15.527, 16.323, 16.249, 15.562, 14.153, 14.02, 14.477, 15.892, 17.575, 17.572, 16.648, 16.357, 16.661, 16.316, 15.0, 14.818, 15.11, 14.923, 14.39, 14.69, 15.346], [0.84, 0, 1.35, 2.75, 3.85, 4.09, 3.84, 4.23, 5.171, 5.77, 6.283, 6.054, 6.081, 5.778, 4.808, 4.838, 5.068, 5.438, 6.391, 7.011, 7.008, 7.208, 7.958, 8.158, 8.67, 9.045, 8.781, 9.088, 9.445, 9.365, 9.965, 10.455, 10.792, 11.46, 13.002, 12.515, 10.598, 10.281, 9.498, 8.558, 7.94, 7.395, 6.75, 7.2, 8.31, 10.56, 11.71, 11.37, 11.13, 11.69, 10.94, 9.68, 8.565, 8.118, 8.038, 8.478, 8.715, 9.035, 10.468, 12.011, 11.741, 11.104, 12.612, 13.958, 14.709, 15.608, 16.403, 16.289, 15.607, 14.197, 14.068, 14.548, 15.984, 17.627, 17.618, 16.694, 16.443, 16.726, 16.379, 15.086, 14.869, 15.15, 14.963, 14.43, 14.77, 15.426], [1.45, 1.35, 0, 1.82, 2.92, 3.18, 2.91, 3.44, 4.35, 5.06, 5.596, 5.33, 5.234, 4.911, 3.95, 4.02, 4.261, 4.72, 5.65, 6.21, 6.21, 6.347, 7.08, 7.257, 7.78, 8.23, 7.86, 8.172, 8.542, 8.462, 9.049, 9.539, 9.889, 10.53, 12.099, 11.612, 9.779, 9.471, 8.657, 7.642, 7.03, 6.48, 5.94, 6.39, 7.48, 9.73, 10.88, 10.54, 10.2, 10.76, 10.01, 8.75, 7.67, 7.22, 7.14, 7.562, 7.799, 8.12, 9.561, 11.107, 10.837, 10.215, 11.78, 13.186, 13.899, 14.732, 15.508, 15.471, 14.792, 13.371, 13.338, 13.776, 15.123, 16.82, 16.8, 15.876, 15.583, 15.88, 15.547, 14.174, 13.98, 14.344, 14.157, 13.624, 13.867, 14.528], [2.75, 2.75, 1.82, 0, 1.38, 1.7, 1.41, 2.0, 3.03, 3.72, 4.233, 4.01, 3.72, 3.34, 2.41, 2.58, 2.71, 3.4, 4.21, 4.67, 4.75, 4.85, 5.54, 5.72, 6.18, 6.75, 6.329, 6.404, 6.774, 6.694, 7.27, 7.76, 8.11, 8.75, 10.32, 9.85, 8.08, 7.86, 7.08, 6.02, 5.43, 4.86, 4.46, 4.91, 5.84, 8.15, 9.18, 8.84, 8.48, 9.06, 8.33, 7.13, 6.15, 5.54, 5.48, 5.8, 6.06, 6.4, 7.95, 9.386, 9.136, 8.539, 10.295, 11.749, 12.26, 13.05, 13.826, 13.789, 13.119, 11.869, 11.905, 12.364, 13.617, 15.252, 15.234, 14.296, 13.969, 14.269, 13.876, 12.503, 12.329, 12.682, 12.495, 11.962, 12.205, 12.866], [3.77, 3.85, 2.92, 1.38, 0, 0.7, 0.75, 1.14, 1.79, 2.44, 2.976, 2.79, 2.56, 2.14, 1.37, 1.42, 1.57, 2.26, 2.97, 3.41, 3.51, 3.57, 4.26, 4.44, 4.98, 5.49, 5.072, 5.258, 5.628, 5.548, 6.13, 6.62, 6.97, 7.61, 9.18, 8.698, 6.9, 6.634, 5.8, 4.8, 4.21, 3.64, 3.2, 3.67, 4.62, 6.93, 8.0, 7.66, 7.32, 7.86, 7.11, 5.89, 4.91, 4.36, 4.28, 4.7, 4.92, 5.24, 6.69, 8.217, 7.947, 7.324, 9.049, 10.492, 11.04, 11.864, 12.64, 12.603, 11.927, 10.589, 10.656, 11.122, 12.354, 14.037, 14.006, 13.07, 12.735, 13.043, 12.681, 11.323, 11.103, 11.49, 11.303, 10.77, 11.013, 11.663], [4.01, 4.09, 3.18, 1.7, 0.7, 0, 0.77, 1.18, 1.61, 2.24, 2.79, 2.55, 2.32, 2.06, 1.51, 1.34, 1.47, 1.96, 2.67, 3.11, 3.21, 3.27, 3.96, 4.14, 4.68, 5.23, 4.797, 5.009, 5.379, 5.299, 5.886, 6.376, 6.726, 7.37, 8.936, 8.449, 6.6, 6.334, 5.5, 4.52, 3.91, 3.4, 2.92, 3.39, 4.34, 6.65, 7.7, 7.38, 7.08, 7.64, 6.89, 5.61, 4.61, 4.08, 4.04, 4.42, 4.64, 4.98, 6.45, 7.977, 7.707, 7.084, 8.777, 10.192, 10.74, 11.564, 12.34, 12.303, 11.627, 10.295, 10.37, 10.827, 12.06, 13.737, 13.706, 12.776, 12.435, 12.749, 12.381, 11.043, 10.869, 11.198, 11.023, 10.49, 10.753, 11.423], [3.76, 3.84, 2.91, 1.41, 0.75, 0.77, 0, 0.97, 1.9, 2.57, 3.08, 2.92, 2.61, 2.21, 1.42, 1.53, 1.7, 2.39, 2.94, 3.4, 3.54, 3.56, 4.23, 4.43, 4.95, 5.56, 5.087, 5.28, 5.632, 5.552, 6.139, 6.629, 6.979, 7.62, 9.189, 8.702, 6.87, 6.59, 5.77, 4.75, 4.16, 3.71, 3.25, 3.72, 4.59, 6.9, 7.97, 7.65, 7.33, 7.91, 7.2, 5.88, 4.94, 4.39, 4.35, 4.71, 4.93, 5.27, 6.68, 8.267, 7.945, 7.337, 9.067, 10.487, 11.01, 11.831, 12.607, 12.57, 11.9, 10.591, 10.7, 11.157, 12.39, 13.99, 13.973, 13.047, 12.714, 13.019, 12.669, 11.293, 11.119, 11.468, 11.313, 10.766, 11.023, 11.679], [4.17, 4.23, 3.44, 2.0, 1.14, 1.18, 0.97, 0, 1.31, 2.02, 2.43, 2.35, 2.12, 1.8, 1.29, 1.38, 1.37, 2.06, 2.41, 2.83, 2.83, 3.05, 3.78, 3.96, 4.46, 4.93, 4.6, 4.898, 5.248, 5.168, 5.77, 6.26, 6.595, 7.27, 8.805, 8.318, 6.4, 6.099, 5.32, 4.4, 3.75, 3.2, 2.56, 3.09, 4.14, 6.39, 7.52, 7.2, 6.98, 7.52, 6.77, 5.49, 4.43, 4.0, 3.96, 4.44, 4.66, 4.86, 6.29, 7.83, 7.56, 6.923, 8.46, 9.809, 10.519, 11.409, 12.193, 12.088, 11.403, 10.029, 9.947, 10.404, 11.797, 13.434, 13.417, 12.521, 12.263, 12.56, 12.178, 10.873, 10.688, 10.975, 10.805, 10.272, 10.603, 11.273], [5.076, 5.171, 4.35, 3.03, 1.79, 1.61, 1.9, 1.31, 0, 0.99, 1.44, 1.56, 1.49, 1.27, 1.36, 1.23, 1.24, 1.55, 1.74, 2.04, 2.0, 2.24, 2.85, 3.01, 3.53, 4.0, 3.63, 3.96, 4.323, 4.243, 4.84, 5.33, 5.673, 6.34, 7.883, 7.393, 5.53, 5.21, 4.39, 3.51, 2.96, 2.37, 1.91, 2.34, 3.29, 5.52, 6.65, 6.33, 6.05, 6.59, 5.84, 4.56, 3.56, 3.11, 3.09, 3.61, 3.85, 4.01, 5.38, 6.88, 6.616, 5.982, 7.513, 8.93, 9.626, 10.473, 11.272, 11.215, 10.525, 9.099, 9.026, 9.52, 10.87, 12.57, 12.533, 11.623, 11.318, 11.621, 11.291, 9.958, 9.761, 10.068, 9.898, 9.365, 9.648, 10.313], [5.73, 5.77, 5.06, 3.72, 2.44, 2.24, 2.57, 2.02, 0.99, 0, 0.91, 1.05, 1.42, 1.26, 1.91, 1.62, 1.51, 1.62, 1.39, 1.65, 1.65, 1.91, 2.46, 2.48, 2.94, 3.37, 3.08, 3.41, 3.733, 3.66, 4.25, 4.74, 5.083, 5.75, 7.293, 6.803, 4.94, 4.62, 3.8, 2.92, 2.49, 2.14, 1.56, 1.97, 2.7, 4.97, 6.08, 5.76, 5.48, 6.0, 5.27, 4.05, 3.07, 2.66, 2.56, 3.14, 3.36, 3.54, 4.83, 6.296, 6.026, 5.392, 6.931, 8.274, 9.045, 9.89, 10.691, 10.634, 9.944, 8.497, 8.467, 8.89, 10.294, 12.017, 11.96, 11.03, 10.731, 11.04, 10.707, 9.374, 9.162, 9.484, 9.314, 8.781, 9.064, 9.711], [6.263, 6.283, 5.596, 4.233, 2.976, 2.79, 3.08, 2.43, 1.44, 0.91, 0, 0.92, 1.13, 1.43, 2.28, 1.99, 1.84, 1.83, 1.06, 1.22, 1.18, 1.4, 2.05, 2.03, 2.43, 2.82, 2.75, 2.84, 3.201, 3.17, 3.72, 4.21, 4.551, 5.22, 6.761, 6.271, 4.41, 4.07, 3.33, 2.51, 2.26, 1.91, 1.41, 1.68, 2.23, 4.4, 5.53, 5.21, 4.95, 5.47, 4.74, 3.52, 2.5, 2.19, 2.13, 2.73, 2.95, 3.01, 4.34, 5.763, 5.49, 4.873, 6.361, 7.701, 8.489, 9.356, 10.141, 10.078, 9.388, 7.947, 7.889, 8.32, 9.71, 11.41, 11.39, 10.46, 10.181, 10.464, 10.151, 8.818, 8.615, 8.925, 8.738, 8.205, 8.502, 9.158], [6.003, 6.054, 5.33, 4.01, 2.79, 2.55, 2.92, 2.35, 1.56, 1.05, 0.92, 0, 1.09, 1.65, 2.3, 1.91, 1.74, 1.81, 1.28, 1.56, 1.46, 1.46, 2.15, 2.29, 2.63, 3.06, 3.13, 3.12, 3.43, 3.45, 4.04, 4.49, 4.78, 5.44, 6.978, 6.488, 4.59, 4.29, 3.47, 2.79, 2.4, 2.13, 1.57, 1.8, 2.35, 4.58, 5.71, 5.39, 5.15, 5.69, 4.94, 3.68, 2.7, 2.33, 2.27, 2.75, 3.01, 3.11, 4.52, 5.98, 5.71, 5.071, 6.561, 7.93, 8.692, 9.579, 10.369, 10.281, 9.591, 8.153, 8.109, 8.52, 9.93, 11.63, 11.59, 10.66, 10.404, 10.687, 10.354, 9.035, 8.835, 9.128, 8.941, 8.408, 8.719, 9.375], [5.986, 6.081, 5.234, 3.72, 2.56, 2.32, 2.61, 2.12, 1.49, 1.42, 1.13, 1.09, 0, 1.1, 1.67, 1.36, 1.25, 1.28, 1.01, 1.27, 1.23, 1.31, 2.02, 2.14, 2.6, 3.21, 3.1, 3.07, 3.393, 3.36, 3.97, 4.4, 4.743, 5.41, 6.953, 6.463, 4.6, 4.28, 3.54, 2.72, 2.59, 2.24, 1.82, 1.97, 2.34, 4.59, 5.72, 5.4, 5.12, 5.68, 4.95, 3.69, 2.63, 2.14, 2.18, 2.6, 2.86, 3.04, 4.49, 5.976, 5.71, 5.09, 6.68, 8.1, 8.72, 9.543, 10.342, 10.285, 9.595, 8.266, 8.193, 8.69, 10.0, 11.64, 11.614, 10.719, 10.434, 10.717, 10.381, 9.031, 8.857, 9.15, 8.98, 8.447, 8.73, 9.412], [5.683, 5.778, 4.911, 3.34, 2.14, 2.06, 2.21, 1.8, 1.27, 1.26, 1.43, 1.65, 1.1, 0, 1.19, 1.16, 0.95, 1.26, 1.39, 1.47, 1.61, 1.71, 2.32, 2.44, 2.9, 3.55, 3.12, 3.33, 3.693, 3.62, 4.23, 4.7, 5.043, 5.71, 7.253, 6.763, 4.9, 4.58, 3.82, 2.98, 2.67, 2.32, 1.92, 2.15, 2.68, 4.91, 6.04, 5.72, 5.44, 5.98, 5.29, 3.99, 3.09, 2.52, 2.54, 2.9, 3.16, 3.38, 4.77, 6.294, 6.016, 5.41, 6.98, 8.434, 9.02, 9.846, 10.642, 10.588, 9.898, 8.58, 8.607, 9.09, 10.337, 11.952, 11.914, 11.024, 10.755, 11.037, 10.676, 9.34, 9.175, 9.473, 9.303, 8.77, 9.05, 9.735], [4.733, 4.808, 3.95, 2.41, 1.37, 1.51, 1.42, 1.29, 1.36, 1.91, 2.28, 2.3, 1.67, 1.19, 0, 0.93, 0.8, 1.45, 2.08, 2.46, 2.58, 2.66, 3.27, 3.45, 3.91, 4.66, 4.15, 4.36, 4.663, 4.59, 5.18, 5.67, 6.013, 6.68, 8.223, 7.733, 5.87, 5.55, 4.81, 3.83, 3.28, 2.97, 2.39, 2.84, 3.61, 5.86, 6.99, 6.67, 6.41, 7.01, 6.34, 5.06, 4.02, 3.45, 3.51, 3.81, 4.03, 4.33, 5.74, 7.29, 6.989, 6.386, 8.09, 9.49, 9.99, 10.816, 11.612, 11.558, 10.868, 9.616, 9.683, 10.16, 11.41, 12.93, 12.893, 12.029, 11.759, 12.022, 11.666, 10.318, 10.162, 10.457, 10.281, 9.743, 10.034, 10.714], [4.746, 4.838, 4.02, 2.58, 1.42, 1.34, 1.53, 1.38, 1.23, 1.62, 1.99, 1.91, 1.36, 1.16, 0.93, 0, 0.65, 1.26, 1.83, 2.33, 2.41, 2.45, 3.22, 3.36, 3.86, 4.51, 4.02, 4.27, 4.631, 4.551, 5.15, 5.64, 5.981, 6.65, 8.191, 7.701, 5.82, 5.5, 4.72, 3.74, 3.17, 2.94, 2.42, 2.73, 3.56, 5.81, 6.94, 6.62, 6.36, 6.92, 6.21, 4.89, 3.87, 3.32, 3.36, 3.76, 4.02, 4.26, 5.67, 7.216, 6.946, 6.333, 7.94, 9.36, 9.94, 10.781, 11.579, 11.505, 10.815, 9.486, 9.513, 10.01, 11.26, 12.877, 12.832, 11.959, 11.68, 11.954, 11.59, 10.283, 10.114, 10.387, 10.217, 9.684, 9.984, 10.668], [5.016, 5.068, 4.261, 2.71, 1.57, 1.47, 1.7, 1.37, 1.24, 1.51, 1.84, 1.74, 1.25, 0.95, 0.8, 0.65, 0, 0.91, 1.62, 2.06, 2.16, 2.32, 3.09, 3.21, 3.67, 4.3, 3.83, 4.08, 4.43, 4.35, 4.96, 5.45, 5.78, 6.459, 7.989, 7.499, 5.57, 5.25, 4.55, 3.57, 3.08, 2.95, 2.33, 2.6, 3.37, 5.6, 6.73, 6.43, 6.21, 6.75, 6.06, 4.74, 3.72, 3.17, 3.17, 3.57, 3.83, 4.09, 5.5, 7.018, 6.746, 6.14, 7.69, 9.13, 9.69, 10.58, 11.401, 11.238, 10.548, 9.27, 9.28, 9.74, 11.05, 12.622, 12.584, 11.714, 11.487, 11.767, 11.366, 10.069, 9.907, 10.154, 9.984, 9.451, 9.799, 10.505], [5.386, 5.438, 4.72, 3.4, 2.26, 1.96, 2.39, 2.06, 1.55, 1.62, 1.83, 1.81, 1.28, 1.26, 1.45, 1.26, 0.91, 0, 1.47, 1.99, 1.95, 2.23, 2.76, 2.82, 3.3, 3.89, 3.44, 3.71, 4.06, 3.98, 4.59, 5.06, 5.41, 6.069, 7.602, 7.112, 5.22, 4.9, 4.18, 3.54, 3.35, 2.96, 2.32, 2.57, 3.12, 5.21, 6.34, 6.04, 5.82, 6.36, 5.65, 4.35, 3.35, 2.82, 2.82, 3.22, 3.48, 3.74, 5.13, 6.628, 6.376, 5.759, 7.32, 8.752, 9.32, 10.206, 11.011, 10.868, 10.178, 8.894, 8.89, 9.35, 10.66, 12.232, 12.214, 11.324, 11.112, 11.377, 10.996, 9.688, 9.537, 9.773, 9.603, 9.07, 9.418, 10.115], [6.397, 6.391, 5.65, 4.21, 2.97, 2.67, 2.94, 2.41, 1.74, 1.39, 1.06, 1.28, 1.01, 1.39, 2.08, 1.83, 1.62, 1.47, 0, 1.04, 1.12, 1.34, 1.91, 1.91, 2.33, 2.92, 2.63, 2.82, 3.15, 3.17, 3.74, 4.17, 4.459, 5.136, 6.669, 6.179, 4.29, 4.01, 3.31, 2.73, 2.7, 2.33, 1.61, 1.9, 2.21, 4.26, 5.39, 5.11, 4.89, 5.41, 4.76, 3.52, 2.44, 2.03, 2.01, 2.59, 2.79, 2.85, 4.22, 5.73, 5.405, 4.828, 6.39, 7.65, 8.39, 9.279, 10.078, 9.941, 9.231, 7.916, 7.9, 8.3, 9.73, 11.307, 11.27, 10.429, 10.164, 10.462, 10.086, 8.74, 8.606, 8.831, 8.641, 8.088, 8.496, 9.106], [6.976, 7.011, 6.21, 4.67, 3.41, 3.11, 3.4, 2.83, 2.04, 1.65, 1.22, 1.56, 1.27, 1.47, 2.46, 2.33, 2.06, 1.99, 1.04, 0, 0.66, 1.0, 1.35, 1.41, 1.83, 2.38, 2.49, 2.32, 2.53, 2.69, 3.22, 3.55, 3.88, 4.55, 6.08, 5.59, 3.69, 3.35, 2.77, 2.33, 2.12, 1.87, 1.63, 1.72, 1.73, 3.72, 4.83, 4.55, 4.33, 4.85, 4.22, 3.2, 2.14, 1.73, 1.71, 2.19, 2.33, 2.39, 3.68, 5.13, 4.799, 4.28, 5.85, 7.21, 7.79, 8.68, 9.51, 9.35, 8.62, 7.376, 7.4, 7.82, 9.19, 10.79, 10.736, 9.889, 9.573, 9.882, 9.498, 8.196, 8.022, 8.266, 8.056, 7.523, 7.926, 8.587], [6.974, 7.008, 6.21, 4.75, 3.51, 3.21, 3.54, 2.83, 2.0, 1.65, 1.18, 1.46, 1.23, 1.61, 2.58, 2.41, 2.16, 1.95, 1.12, 0.66, 0, 0.86, 1.21, 1.43, 1.75, 2.28, 2.61, 2.36, 2.57, 2.79, 3.24, 3.61, 3.88, 4.533, 6.066, 5.576, 3.67, 3.33, 2.83, 2.47, 2.3, 1.97, 1.63, 1.64, 1.83, 3.66, 4.81, 4.53, 4.31, 4.83, 4.16, 3.0, 2.02, 1.63, 1.61, 2.11, 2.33, 2.41, 3.66, 5.092, 4.842, 4.24, 5.73, 7.079, 7.772, 8.679, 9.495, 9.341, 8.611, 7.279, 7.22, 7.64, 9.07, 10.687, 10.67, 9.78, 9.544, 9.827, 9.489, 8.137, 7.963, 8.231, 8.041, 7.488, 7.893, 8.535], [7.134, 7.208, 6.347, 4.85, 3.57, 3.27, 3.56, 3.05, 2.24, 1.91, 1.4, 1.46, 1.31, 1.71, 2.66, 2.45, 2.32, 2.23, 1.34, 1.0, 0.86, 0, 1.03, 1.31, 1.53, 2.34, 2.71, 2.24, 2.51, 2.77, 3.26, 3.51, 3.74, 4.28, 5.826, 5.336, 3.59, 3.31, 2.77, 2.31, 2.1, 2.23, 1.89, 2.0, 1.77, 3.5, 4.63, 4.31, 4.01, 4.55, 3.98, 2.86, 2.04, 1.57, 1.69, 1.97, 2.13, 2.19, 3.4, 4.867, 4.62, 4.0, 5.61, 6.95, 7.609, 8.436, 9.215, 9.178, 8.488, 7.096, 7.143, 7.62, 8.91, 10.547, 10.49, 9.629, 9.33, 9.68, 9.283, 7.918, 7.744, 8.048, 7.878, 7.345, 7.628, 8.284], [7.903, 7.958, 7.08, 5.54, 4.26, 3.96, 4.23, 3.78, 2.85, 2.46, 2.05, 2.15, 2.02, 2.32, 3.27, 3.22, 3.09, 2.76, 1.91, 1.35, 1.21, 1.03, 0, 0.8, 1.22, 1.69, 2.26, 1.69, 1.78, 2.18, 2.55, 2.74, 2.93, 3.51, 5.056, 4.566, 2.84, 2.58, 2.26, 2.56, 2.45, 2.24, 2.3, 2.27, 1.3, 2.75, 3.84, 3.52, 3.24, 3.82, 3.49, 2.55, 1.55, 1.36, 1.34, 1.6, 1.54, 1.54, 2.67, 4.14, 3.95, 3.69, 5.02, 6.34, 6.88, 7.67, 8.454, 8.417, 7.747, 6.472, 6.559, 7.03, 8.32, 9.86, 9.795, 8.965, 8.615, 8.947, 8.623, 7.198, 7.018, 7.357, 7.187, 6.619, 6.882, 7.529], [8.063, 8.158, 7.257, 5.72, 4.44, 4.14, 4.43, 3.96, 3.01, 2.48, 2.03, 2.29, 2.14, 2.44, 3.45, 3.36, 3.21, 2.82, 1.91, 1.41, 1.43, 1.31, 0.8, 0, 1.2, 1.37, 1.66, 1.33, 1.48, 1.7, 2.27, 2.46, 2.69, 3.35, 4.876, 4.386, 2.8, 2.58, 2.04, 2.5, 2.39, 2.1, 2.2, 2.09, 1.2, 2.61, 3.7, 3.38, 3.08, 3.62, 3.33, 2.51, 1.47, 1.08, 1.06, 1.48, 1.5, 1.52, 2.63, 3.92, 3.85, 3.71, 4.74, 6.1, 6.68, 7.49, 8.271, 8.234, 7.544, 6.209, 6.33, 6.79, 8.04, 9.64, 9.586, 8.722, 8.427, 8.77, 8.39, 7.0, 6.815, 7.156, 7.0, 6.427, 6.71, 7.334], [8.581, 8.67, 7.78, 6.18, 4.98, 4.68, 4.95, 4.46, 3.53, 2.94, 2.43, 2.63, 2.6, 2.9, 3.91, 3.86, 3.67, 3.3, 2.33, 1.83, 1.75, 1.53, 1.22, 1.2, 0, 1.35, 2.3, 1.65, 1.54, 1.82, 2.17, 2.24, 2.33, 2.85, 4.353, 3.866, 2.28, 2.16, 2.0, 2.08, 2.03, 2.06, 2.06, 1.83, 1.2, 2.15, 3.18, 2.84, 2.6, 3.18, 2.91, 2.11, 1.35, 1.46, 1.64, 1.76, 1.84, 1.56, 2.15, 3.44, 3.37, 2.93, 4.38, 5.7, 6.16, 6.955, 7.751, 7.694, 7.024, 5.778, 5.87, 6.33, 7.575, 9.109, 9.087, 8.237, 8.01, 8.393, 7.926, 6.5, 6.301, 6.65, 6.5, 5.98, 6.21, 6.878], [8.993, 9.045, 8.23, 6.75, 5.49, 5.23, 5.56, 4.93, 4.0, 3.37, 2.82, 3.06, 3.21, 3.55, 4.66, 4.51, 4.3, 3.89, 2.92, 2.38, 2.28, 2.34, 1.69, 1.37, 1.35, 0, 1.73, 1.08, 1.09, 1.35, 1.82, 1.97, 2.0, 2.48, 3.958, 3.471, 2.15, 2.05, 1.95, 2.63, 2.58, 2.23, 2.53, 2.24, 1.51, 1.9, 2.83, 2.49, 2.27, 2.79, 2.74, 2.3, 1.52, 1.75, 1.49, 1.83, 2.01, 1.63, 2.16, 3.13, 3.46, 3.26, 3.69, 5.07, 5.71, 6.571, 7.367, 7.27, 6.594, 5.265, 5.252, 5.66, 7.022, 8.693, 8.656, 7.766, 7.473, 7.86, 7.439, 6.056, 5.881, 6.186, 6.016, 5.503, 5.806, 6.481], [8.686, 8.781, 7.86, 6.329, 5.072, 4.797, 5.087, 4.6, 3.63, 3.08, 2.75, 3.13, 3.1, 3.12, 4.15, 4.02, 3.83, 3.44, 2.63, 2.49, 2.61, 2.71, 2.26, 1.66, 2.3, 1.73, 0, 1.31, 1.62, 1.72, 2.51, 2.7, 2.97, 3.17, 4.259, 3.85, 3.24, 3.12, 2.56, 3.0, 3.07, 2.48, 2.6, 2.75, 2.3, 2.73, 3.34, 3.14, 2.92, 3.52, 3.39, 2.91, 2.33, 2.06, 1.9, 2.34, 2.56, 2.32, 3.31, 4.12, 4.41, 4.15, 4.44, 5.52, 6.12, 6.89, 7.68, 7.634, 7.044, 5.6, 5.71, 6.09, 7.34, 9.02, 8.966, 8.062, 7.772, 8.069, 7.75, 6.4, 6.249, 6.61, 6.42, 5.947, 6.19, 6.9], [9.013, 9.088, 8.172, 6.404, 5.258, 5.009, 5.28, 4.898, 3.96, 3.41, 2.84, 3.12, 3.07, 3.33, 4.36, 4.27, 4.08, 3.71, 2.82, 2.32, 2.36, 2.24, 1.69, 1.33, 1.65, 1.08, 1.31, 0, 0.79, 0.97, 1.6, 1.85, 1.94, 2.4, 3.93, 3.48, 2.35, 2.27, 2.13, 2.65, 2.64, 2.27, 2.67, 2.64, 1.63, 2.24, 3.09, 2.73, 2.49, 3.21, 3.24, 2.74, 2.2, 1.87, 1.71, 1.95, 2.07, 1.79, 2.64, 3.43, 3.7, 3.56, 4.25, 5.57, 5.95, 6.68, 7.49, 7.444, 6.803, 5.656, 5.78, 6.2, 7.45, 8.99, 8.916, 8.029, 7.736, 8.08, 7.569, 6.173, 6.079, 6.38, 6.21, 5.717, 5.96, 6.696], [9.377, 9.445, 8.542, 6.774, 5.628, 5.379, 5.632, 5.248, 4.323, 3.733, 3.201, 3.43, 3.393, 3.693, 4.663, 4.631, 4.43, 4.06, 3.15, 2.53, 2.57, 2.51, 1.78, 1.48, 1.54, 1.09, 1.62, 0.79, 0, 0.94, 1.49, 1.56, 1.69, 2.07, 3.56, 3.13, 2.06, 2.02, 1.96, 2.58, 2.65, 2.42, 2.86, 2.73, 1.54, 2.05, 2.86, 2.52, 2.32, 2.94, 2.99, 2.59, 1.99, 1.82, 1.72, 1.82, 1.82, 1.68, 2.31, 3.06, 3.23, 3.25, 4.06, 5.4, 5.74, 6.35, 7.14, 7.097, 6.51, 5.472, 5.59, 6.03, 7.28, 8.76, 8.652, 7.851, 7.527, 7.893, 7.32, 5.875, 5.855, 6.085, 5.875, 5.399, 5.662, 6.395], [9.297, 9.365, 8.462, 6.694, 5.548, 5.299, 5.552, 5.168, 4.243, 3.66, 3.17, 3.45, 3.36, 3.62, 4.59, 4.551, 4.35, 3.98, 3.17, 2.69, 2.79, 2.77, 2.18, 1.7, 1.82, 1.35, 1.72, 0.97, 0.94, 0, 1.03, 1.26, 1.63, 2.11, 3.64, 3.21, 2.08, 1.98, 1.94, 2.32, 2.29, 2.12, 2.68, 2.35, 1.46, 2.17, 2.98, 2.64, 2.38, 3.0, 3.27, 3.01, 2.51, 2.3, 2.04, 2.26, 2.54, 2.34, 2.49, 3.22, 3.65, 3.63, 4.14, 5.38, 5.74, 6.41, 7.22, 7.177, 6.513, 5.455, 5.57, 6.01, 7.26, 8.8, 8.724, 7.874, 7.555, 7.978, 7.34, 5.949, 5.872, 6.099, 5.929, 5.445, 5.659, 6.392], [9.891, 9.965, 9.049, 7.27, 6.13, 5.886, 6.139, 5.77, 4.84, 4.25, 3.72, 4.04, 3.97, 4.23, 5.18, 5.15, 4.96, 4.59, 3.74, 3.22, 3.24, 3.26, 2.55, 2.27, 2.17, 1.82, 2.51, 1.6, 1.49, 1.03, 0, 0.81, 1.06, 1.62, 3.15, 2.72, 1.75, 1.71, 1.81, 2.35, 2.46, 2.61, 3.25, 2.8, 1.89, 2.26, 2.93, 2.59, 2.49, 3.27, 3.64, 3.38, 2.92, 2.85, 2.65, 2.81, 2.99, 2.79, 2.56, 3.11, 3.46, 3.56, 4.15, 5.17, 5.45, 5.92, 6.687, 6.665, 6.012, 5.13, 5.24, 5.68, 6.93, 8.37, 8.308, 7.578, 7.388, 7.811, 7.163, 5.591, 5.571, 5.681, 5.491, 5.058, 5.32, 5.885], [10.381, 10.455, 9.539, 7.76, 6.62, 6.376, 6.629, 6.26, 5.33, 4.74, 4.21, 4.49, 4.4, 4.7, 5.67, 5.64, 5.45, 5.06, 4.17, 3.55, 3.61, 3.51, 2.74, 2.46, 2.24, 1.97, 2.7, 1.85, 1.56, 1.26, 0.81, 0, 0.71, 1.25, 2.64, 2.29, 1.54, 1.54, 1.86, 2.46, 2.81, 3.06, 3.705, 3.272, 2.24, 2.09, 2.58, 2.34, 2.42, 3.0, 3.31, 3.11, 2.81, 2.88, 2.76, 2.72, 2.84, 2.68, 2.33, 2.78, 3.13, 3.23, 3.72, 4.84, 5.12, 5.49, 6.2, 6.17, 5.568, 4.76, 4.89, 5.39, 6.56, 8.02, 7.973, 7.223, 7.018, 7.458, 6.787, 5.121, 5.16, 5.33, 5.22, 4.75, 4.95, 5.5], [10.724, 10.792, 9.889, 8.11, 6.97, 6.726, 6.979, 6.595, 5.673, 5.083, 4.551, 4.78, 4.743, 5.043, 6.013, 5.981, 5.78, 5.41, 4.459, 3.88, 3.88, 3.74, 2.93, 2.69, 2.33, 2.0, 2.97, 1.94, 1.69, 1.63, 1.06, 0.71, 0, 1.02, 2.39, 1.96, 1.37, 1.51, 1.87, 2.65, 3.06, 3.41, 4.055, 3.622, 2.51, 2.1, 2.55, 2.23, 2.25, 2.85, 3.18, 3.04, 2.76, 3.05, 2.95, 2.91, 2.83, 2.59, 2.16, 2.43, 2.64, 2.8, 3.33, 4.43, 4.67, 5.06, 5.85, 5.863, 5.169, 4.27, 4.48, 4.96, 6.07, 7.59, 7.525, 6.798, 6.608, 7.051, 6.38, 4.771, 4.77, 4.838, 4.768, 4.38, 4.6, 5.17], [11.38, 11.46, 10.53, 8.75, 7.61, 7.37, 7.62, 7.27, 6.34, 5.75, 5.22, 5.44, 5.41, 5.71, 6.68, 6.65, 6.459, 6.069, 5.136, 4.55, 4.533, 4.28, 3.51, 3.35, 2.85, 2.48, 3.17, 2.4, 2.07, 2.11, 1.62, 1.25, 1.02, 0, 1.67, 1.3, 1.27, 1.45, 2.05, 2.97, 3.56, 4.07, 4.71, 4.279, 3.15, 1.64, 2.07, 1.91, 2.07, 2.71, 3.06, 3.06, 3.3, 3.49, 3.45, 3.31, 3.31, 2.89, 2.22, 2.33, 2.62, 2.72, 3.09, 3.95, 4.17, 4.42, 5.21, 5.13, 4.54, 3.71, 3.86, 4.32, 5.51, 6.917, 6.88, 6.161, 5.971, 6.42, 5.787, 4.13, 4.15, 4.34, 4.21, 3.86, 4.0, 4.65], [12.934, 13.002, 12.099, 10.32, 9.18, 8.936, 9.189, 8.805, 7.883, 7.293, 6.761, 6.978, 6.953, 7.253, 8.223, 8.191, 7.989, 7.602, 6.669, 6.08, 6.066, 5.826, 5.056, 4.876, 4.353, 3.958, 4.259, 3.93, 3.56, 3.64, 3.15, 2.64, 2.39, 1.67, 0, 0.81, 2.56, 2.84, 3.58, 4.459, 5.09, 5.62, 6.265, 5.832, 4.705, 2.59, 1.72, 2.22, 2.26, 2.52, 3.09, 3.59, 4.446, 4.9, 4.98, 4.56, 4.38, 3.98, 2.67, 2.3, 2.65, 2.77, 2.76, 3.12, 3.36, 3.29, 3.8, 3.72, 3.37, 2.78, 2.95, 3.15, 4.34, 5.68, 5.63, 4.95, 4.74, 5.399, 4.729, 3.16, 3.32, 3.39, 3.26, 2.91, 2.99, 3.38], [12.447, 12.515, 11.612, 9.85, 8.698, 8.449, 8.702, 8.318, 7.393, 6.803, 6.271, 6.488, 6.463, 6.763, 7.733, 7.701, 7.499, 7.112, 6.179, 5.59, 5.576, 5.336, 4.566, 4.386, 3.866, 3.471, 3.85, 3.48, 3.13, 3.21, 2.72, 2.29, 1.96, 1.3, 0.81, 0, 2.03, 2.35, 3.07, 3.969, 4.619, 5.135, 5.778, 5.345, 4.218, 2.1, 1.51, 1.73, 2.01, 2.31, 2.76, 3.2, 4.0, 4.41, 4.49, 4.07, 3.83, 3.51, 2.36, 2.13, 2.34, 2.52, 2.49, 3.13, 3.39, 3.46, 4.07, 4.09, 3.62, 2.81, 3.0, 3.34, 4.47, 5.83, 5.78, 5.04, 4.89, 5.386, 4.716, 3.21, 3.41, 3.5, 3.37, 2.98, 3.16, 3.71], [10.563, 10.598, 9.779, 8.08, 6.9, 6.6, 6.87, 6.4, 5.53, 4.94, 4.41, 4.59, 4.6, 4.9, 5.87, 5.82, 5.57, 5.22, 4.29, 3.69, 3.67, 3.59, 2.84, 2.8, 2.28, 2.15, 3.24, 2.35, 2.06, 2.08, 1.75, 1.54, 1.37, 1.27, 2.56, 2.03, 0, 0.74, 1.38, 2.2, 2.79, 3.32, 3.86, 3.41, 2.34, 2.07, 2.68, 2.5, 2.62, 2.98, 3.11, 3.09, 3.11, 3.18, 3.16, 3.26, 3.28, 2.82, 2.13, 2.54, 2.57, 2.51, 3.3, 4.48, 4.7, 5.19, 5.96, 5.86, 5.29, 4.38, 4.51, 4.87, 6.12, 7.38, 7.373, 6.643, 6.48, 6.898, 6.225, 4.9, 4.9, 5.01, 4.82, 4.43, 4.79, 5.5], [10.246, 10.281, 9.471, 7.86, 6.634, 6.334, 6.59, 6.099, 5.21, 4.62, 4.07, 4.29, 4.28, 4.58, 5.55, 5.5, 5.25, 4.9, 4.01, 3.35, 3.33, 3.31, 2.58, 2.58, 2.16, 2.05, 3.12, 2.27, 2.02, 1.98, 1.71, 1.54, 1.51, 1.45, 2.84, 2.35, 0.74, 0, 1.1, 1.88, 2.47, 3.06, 3.545, 3.13, 2.12, 1.91, 2.82, 2.66, 2.7, 2.96, 2.97, 2.83, 2.91, 3.02, 2.96, 3.14, 3.12, 2.68, 1.93, 2.54, 2.43, 2.43, 3.12, 4.32, 4.7, 5.45, 6.274, 6.077, 5.45, 4.44, 4.53, 4.95, 6.28, 7.58, 7.524, 6.754, 6.515, 6.878, 6.397, 5.04, 4.96, 5.21, 5.02, 4.51, 5.01, 5.62], [9.426, 9.498, 8.657, 7.08, 5.8, 5.5, 5.77, 5.32, 4.39, 3.8, 3.33, 3.47, 3.54, 3.82, 4.81, 4.72, 4.55, 4.18, 3.31, 2.77, 2.83, 2.77, 2.26, 2.04, 2.0, 1.95, 2.56, 2.13, 1.96, 1.94, 1.81, 1.86, 1.87, 2.05, 3.58, 3.07, 1.38, 1.1, 0, 1.24, 1.79, 2.24, 2.78, 2.53, 1.7, 2.49, 3.42, 3.18, 3.08, 3.32, 2.93, 2.71, 2.53, 2.44, 2.48, 2.82, 2.96, 2.66, 2.31, 2.96, 2.59, 2.57, 3.62, 4.9, 5.3, 6.13, 6.957, 6.84, 6.23, 4.98, 5.09, 5.55, 6.78, 8.3, 8.232, 7.402, 7.052, 7.344, 7.003, 5.666, 5.535, 5.85, 5.7, 5.25, 5.67, 6.22], [8.483, 8.558, 7.642, 6.02, 4.8, 4.52, 4.75, 4.4, 3.51, 2.92, 2.51, 2.79, 2.72, 2.98, 3.83, 3.74, 3.57, 3.54, 2.73, 2.33, 2.47, 2.31, 2.56, 2.5, 2.08, 2.63, 3.0, 2.65, 2.58, 2.32, 2.35, 2.46, 2.65, 2.97, 4.459, 3.969, 2.2, 1.88, 1.24, 0, 1.07, 1.72, 2.18, 2.03, 1.84, 3.13, 4.04, 3.8, 3.7, 3.9, 3.25, 2.69, 2.73, 2.46, 2.64, 3.08, 3.36, 3.2, 2.83, 3.72, 3.27, 2.75, 4.46, 5.82, 6.26, 7.09, 7.897, 7.84, 7.15, 5.929, 6.05, 6.51, 7.76, 9.28, 9.223, 8.342, 8.032, 8.292, 7.965, 6.566, 6.392, 6.776, 6.606, 6.113, 6.41, 7.023], [7.851, 7.94, 7.03, 5.43, 4.21, 3.91, 4.16, 3.75, 2.96, 2.49, 2.26, 2.4, 2.59, 2.67, 3.28, 3.17, 3.08, 3.35, 2.7, 2.12, 2.3, 2.1, 2.45, 2.39, 2.03, 2.58, 3.07, 2.64, 2.65, 2.29, 2.46, 2.81, 3.06, 3.56, 5.09, 4.619, 2.79, 2.47, 1.79, 1.07, 0, 1.23, 1.61, 1.5, 1.69, 3.38, 4.39, 4.13, 3.91, 4.29, 3.68, 3.02, 2.74, 2.51, 2.71, 3.01, 3.27, 3.17, 3.12, 4.21, 3.92, 3.4, 5.03, 6.43, 6.91, 7.72, 8.521, 8.444, 7.774, 6.536, 6.66, 7.1, 8.35, 9.896, 9.813, 8.949, 8.679, 8.942, 8.546, 7.227, 7.042, 7.38, 7.21, 6.677, 6.96, 7.636], [7.321, 7.395, 6.48, 4.86, 3.64, 3.4, 3.71, 3.2, 2.37, 2.14, 1.91, 2.13, 2.24, 2.32, 2.97, 2.94, 2.95, 2.96, 2.33, 1.87, 1.97, 2.23, 2.24, 2.1, 2.06, 2.23, 2.48, 2.27, 2.42, 2.12, 2.61, 3.06, 3.41, 4.07, 5.62, 5.135, 3.32, 3.06, 2.24, 1.72, 1.23, 0, 1.02, 1.11, 1.66, 3.65, 4.6, 4.32, 4.0, 4.42, 3.65, 2.95, 2.47, 2.28, 2.24, 2.86, 3.08, 2.94, 3.43, 4.7, 4.387, 3.95, 5.44, 6.889, 7.457, 8.284, 9.06, 9.023, 8.35, 7.032, 7.047, 7.504, 8.777, 10.466, 10.429, 9.519, 9.146, 9.48, 9.104, 7.731, 7.54, 7.921, 7.751, 7.218, 7.461, 8.103], [6.71, 6.75, 5.94, 4.46, 3.2, 2.92, 3.25, 2.56, 1.91, 1.56, 1.41, 1.57, 1.82, 1.92, 2.39, 2.42, 2.33, 2.32, 1.61, 1.63, 1.63, 1.89, 2.3, 2.2, 2.06, 2.53, 2.6, 2.67, 2.86, 2.68, 3.25, 3.705, 4.055, 4.71, 6.265, 5.778, 3.86, 3.545, 2.78, 2.18, 1.61, 1.02, 0, 0.79, 1.72, 3.91, 4.96, 4.64, 4.44, 4.96, 4.23, 3.11, 2.51, 2.42, 2.4, 3.02, 3.24, 3.12, 3.85, 5.291, 5.02, 4.423, 5.94, 7.312, 7.985, 8.875, 9.671, 9.554, 8.872, 7.489, 7.487, 7.924, 9.277, 10.917, 10.9, 9.973, 9.731, 10.035, 9.667, 8.354, 8.148, 8.444, 8.259, 7.727, 8.084, 8.728], [7.16, 7.2, 6.39, 4.91, 3.67, 3.39, 3.72, 3.09, 2.34, 1.97, 1.68, 1.8, 1.97, 2.15, 2.84, 2.73, 2.6, 2.57, 1.9, 1.72, 1.64, 2.0, 2.27, 2.09, 1.83, 2.24, 2.75, 2.64, 2.73, 2.35, 2.8, 3.272, 3.622, 4.279, 5.832, 5.345, 3.41, 3.13, 2.53, 2.03, 1.5, 1.11, 0.79, 0, 1.43, 3.44, 4.57, 4.25, 4.03, 4.55, 3.92, 2.94, 2.24, 2.31, 2.25, 2.81, 3.13, 2.93, 3.38, 4.878, 4.66, 4.16, 5.59, 6.95, 7.57, 8.445, 9.241, 9.104, 8.428, 7.108, 7.055, 7.48, 8.865, 10.473, 10.514, 9.622, 9.385, 9.775, 9.328, 7.929, 7.75, 8.038, 7.886, 7.353, 7.645, 8.267], [8.27, 8.31, 7.48, 5.84, 4.62, 4.34, 4.59, 4.14, 3.29, 2.7, 2.23, 2.35, 2.34, 2.68, 3.61, 3.56, 3.37, 3.12, 2.21, 1.73, 1.83, 1.77, 1.3, 1.2, 1.2, 1.51, 2.3, 1.63, 1.54, 1.46, 1.89, 2.24, 2.51, 3.15, 4.705, 4.218, 2.34, 2.12, 1.7, 1.84, 1.69, 1.66, 1.72, 1.43, 0, 2.33, 3.42, 3.08, 2.92, 3.52, 3.27, 2.49, 1.71, 1.62, 1.6, 1.92, 2.02, 1.88, 2.45, 3.84, 3.63, 3.51, 4.74, 6.1, 6.5, 7.321, 8.117, 8.0, 7.35, 6.232, 6.299, 6.77, 8.069, 9.472, 9.432, 8.589, 8.341, 8.63, 8.215, 6.864, 6.704, 6.945, 6.788, 6.228, 6.582, 7.232], [10.52, 10.56, 9.73, 8.15, 6.93, 6.65, 6.9, 6.39, 5.52, 4.97, 4.4, 4.58, 4.59, 4.91, 5.86, 5.81, 5.6, 5.21, 4.26, 3.72, 3.66, 3.5, 2.75, 2.61, 2.15, 1.9, 2.73, 2.24, 2.05, 2.17, 2.26, 2.09, 2.1, 1.64, 2.59, 2.1, 2.07, 1.91, 2.49, 3.13, 3.38, 3.65, 3.91, 3.44, 2.33, 0, 1.25, 1.25, 1.45, 1.95, 2.3, 2.06, 2.38, 2.67, 2.81, 2.51, 2.37, 2.01, 1.66, 2.43, 2.9, 3.04, 3.11, 4.13, 4.61, 5.18, 5.932, 5.801, 5.158, 4.228, 4.24, 4.66, 6.025, 7.348, 7.314, 6.584, 6.368, 6.78, 6.29, 4.8, 4.743, 4.864, 4.674, 4.15, 4.444, 5.1], [11.67, 11.71, 10.88, 9.18, 8.0, 7.7, 7.97, 7.52, 6.65, 6.08, 5.53, 5.71, 5.72, 6.04, 6.99, 6.94, 6.73, 6.34, 5.39, 4.83, 4.81, 4.63, 3.84, 3.7, 3.18, 2.83, 3.34, 3.09, 2.86, 2.98, 2.93, 2.58, 2.55, 2.07, 1.72, 1.51, 2.68, 2.82, 3.42, 4.04, 4.39, 4.6, 4.96, 4.57, 3.42, 1.25, 0, 0.8, 1.18, 1.54, 2.13, 2.41, 3.25, 3.7, 3.86, 3.46, 3.16, 2.8, 1.97, 2.48, 2.95, 3.13, 2.88, 3.36, 3.68, 4.09, 4.795, 4.658, 4.068, 3.267, 3.33, 3.81, 5.1, 6.45, 6.453, 5.708, 5.581, 6.01, 5.417, 3.75, 3.773, 3.834, 3.655, 3.22, 3.408, 3.947], [11.33, 11.37, 10.54, 8.84, 7.66, 7.38, 7.65, 7.2, 6.33, 5.76, 5.21, 5.39, 5.4, 5.72, 6.67, 6.62, 6.43, 6.04, 5.11, 4.55, 4.53, 4.31, 3.52, 3.38, 2.84, 2.49, 3.14, 2.73, 2.52, 2.64, 2.59, 2.34, 2.23, 1.91, 2.22, 1.73, 2.5, 2.66, 3.18, 3.8, 4.13, 4.32, 4.64, 4.25, 3.08, 1.25, 0.8, 0, 0.88, 1.46, 1.91, 2.09, 2.91, 3.38, 3.54, 3.14, 2.82, 2.48, 1.95, 2.6, 3.05, 3.19, 2.82, 3.58, 3.88, 4.29, 5.072, 4.974, 4.328, 3.487, 3.61, 4.07, 5.32, 6.713, 6.673, 5.948, 5.841, 6.264, 5.634, 3.984, 4.01, 4.034, 3.895, 3.477, 3.631, 4.272], [11.05, 11.13, 10.2, 8.48, 7.32, 7.08, 7.33, 6.98, 6.05, 5.48, 4.95, 5.15, 5.12, 5.44, 6.41, 6.36, 6.21, 5.82, 4.89, 4.33, 4.31, 4.01, 3.24, 3.08, 2.6, 2.27, 2.92, 2.49, 2.32, 2.38, 2.49, 2.42, 2.25, 2.07, 2.26, 2.01, 2.62, 2.7, 3.08, 3.7, 3.91, 4.0, 4.44, 4.03, 2.92, 1.45, 1.18, 0.88, 0, 1.26, 1.75, 1.77, 2.61, 3.08, 3.2, 2.82, 2.62, 2.14, 1.55, 2.3, 2.87, 2.85, 2.7, 3.62, 3.96, 4.57, 5.346, 5.309, 4.659, 3.581, 3.69, 4.15, 5.398, 6.85, 6.833, 6.048, 5.821, 6.327, 5.757, 4.187, 4.127, 4.314, 4.135, 3.688, 3.868, 4.46], [11.61, 11.69, 10.76, 9.06, 7.86, 7.64, 7.91, 7.52, 6.59, 6.0, 5.47, 5.69, 5.68, 5.98, 7.01, 6.92, 6.75, 6.36, 5.41, 4.85, 4.83, 4.55, 3.82, 3.62, 3.18, 2.79, 3.52, 3.21, 2.94, 3.0, 3.27, 3.0, 2.85, 2.71, 2.52, 2.31, 2.98, 2.96, 3.32, 3.9, 4.29, 4.42, 4.96, 4.55, 3.52, 1.95, 1.54, 1.46, 1.26, 0, 1.05, 2.05, 3.15, 3.68, 3.68, 3.42, 3.26, 2.74, 1.51, 1.8, 2.47, 2.41, 1.92, 2.82, 3.28, 4.044, 4.82, 4.783, 4.113, 2.935, 3.01, 3.47, 4.732, 6.255, 6.215, 5.391, 5.033, 5.515, 5.044, 3.598, 3.338, 3.771, 3.601, 3.056, 3.279, 3.917], [10.86, 10.94, 10.01, 8.33, 7.11, 6.89, 7.2, 6.77, 5.84, 5.27, 4.74, 4.94, 4.95, 5.29, 6.34, 6.21, 6.06, 5.65, 4.76, 4.22, 4.16, 3.98, 3.49, 3.33, 2.91, 2.74, 3.39, 3.24, 2.99, 3.27, 3.64, 3.31, 3.18, 3.06, 3.09, 2.76, 3.11, 2.97, 2.93, 3.25, 3.68, 3.65, 4.23, 3.92, 3.27, 2.3, 2.13, 1.91, 1.75, 1.05, 0, 1.34, 2.46, 3.01, 3.05, 2.89, 2.87, 2.45, 1.6, 2.07, 2.3, 1.96, 2.21, 3.43, 3.97, 4.777, 5.553, 5.516, 4.843, 3.562, 3.62, 4.06, 5.319, 6.956, 6.939, 6.047, 5.697, 6.055, 5.656, 4.262, 4.082, 4.434, 4.302, 3.809, 3.954, 4.639], [9.6, 9.68, 8.75, 7.13, 5.89, 5.61, 5.88, 5.49, 4.56, 4.05, 3.52, 3.68, 3.69, 3.99, 5.06, 4.89, 4.74, 4.35, 3.52, 3.2, 3.0, 2.86, 2.55, 2.51, 2.11, 2.3, 2.91, 2.74, 2.59, 3.01, 3.38, 3.11, 3.04, 3.06, 3.59, 3.2, 3.09, 2.83, 2.71, 2.69, 3.02, 2.95, 3.11, 2.94, 2.49, 2.06, 2.41, 2.09, 1.77, 2.05, 1.34, 0, 1.48, 1.93, 2.15, 2.07, 1.99, 1.77, 1.64, 2.77, 2.88, 2.36, 3.21, 4.644, 5.17, 5.991, 6.767, 6.73, 6.06, 4.75, 4.84, 5.297, 6.53, 8.147, 8.122, 7.195, 6.868, 7.179, 6.814, 5.45, 5.265, 5.631, 5.459, 4.923, 5.171, 5.842], [8.491, 8.565, 7.67, 6.15, 4.91, 4.61, 4.94, 4.43, 3.56, 3.07, 2.5, 2.7, 2.63, 3.09, 4.02, 3.87, 3.72, 3.35, 2.44, 2.14, 2.02, 2.04, 1.55, 1.47, 1.35, 1.52, 2.33, 2.2, 1.99, 2.51, 2.92, 2.81, 2.76, 3.3, 4.446, 4.0, 3.11, 2.91, 2.53, 2.73, 2.74, 2.47, 2.51, 2.24, 1.71, 2.38, 3.25, 2.91, 2.61, 3.15, 2.46, 1.48, 0, 0.97, 1.15, 1.25, 1.37, 1.19, 2.04, 3.492, 3.44, 3.04, 4.23, 5.61, 6.247, 7.068, 7.844, 7.807, 7.134, 5.802, 5.823, 6.24, 7.539, 9.216, 9.179, 8.301, 7.974, 8.317, 7.961, 6.536, 6.365, 6.706, 6.556, 6.023, 6.266, 6.921], [8.043, 8.118, 7.22, 5.54, 4.36, 4.08, 4.39, 4.0, 3.11, 2.66, 2.19, 2.33, 2.14, 2.52, 3.45, 3.32, 3.17, 2.82, 2.03, 1.73, 1.63, 1.57, 1.36, 1.08, 1.46, 1.75, 2.06, 1.87, 1.82, 2.3, 2.85, 2.88, 3.05, 3.49, 4.9, 4.41, 3.18, 3.02, 2.44, 2.46, 2.51, 2.28, 2.42, 2.31, 1.62, 2.67, 3.7, 3.38, 3.08, 3.68, 3.01, 1.93, 0.97, 0, 0.74, 0.96, 1.18, 1.28, 2.53, 3.94, 3.83, 3.53, 4.84, 6.26, 6.72, 7.53, 8.323, 8.286, 7.596, 6.366, 6.453, 6.91, 8.16, 9.757, 9.697, 8.799, 8.48, 8.76, 8.391, 7.006, 6.86, 7.173, 7.003, 6.47, 6.713, 7.381], [7.963, 8.038, 7.14, 5.48, 4.28, 4.04, 4.35, 3.96, 3.09, 2.56, 2.13, 2.27, 2.18, 2.54, 3.51, 3.36, 3.17, 2.82, 2.01, 1.71, 1.61, 1.69, 1.34, 1.06, 1.64, 1.49, 1.9, 1.71, 1.72, 2.04, 2.65, 2.76, 2.95, 3.45, 4.98, 4.49, 3.16, 2.96, 2.48, 2.64, 2.71, 2.24, 2.4, 2.25, 1.6, 2.81, 3.86, 3.54, 3.2, 3.68, 3.05, 2.15, 1.15, 0.74, 0, 0.9, 1.26, 1.4, 2.63, 4.04, 4.09, 3.75, 4.84, 6.274, 6.837, 7.67, 8.46, 8.423, 7.733, 6.432, 6.47, 6.93, 8.2, 9.866, 9.809, 8.899, 8.554, 8.892, 8.551, 7.131, 6.932, 7.301, 7.131, 6.598, 6.841, 7.483], [8.403, 8.478, 7.562, 5.8, 4.7, 4.42, 4.71, 4.44, 3.61, 3.14, 2.73, 2.75, 2.6, 2.9, 3.81, 3.76, 3.57, 3.22, 2.59, 2.19, 2.11, 1.97, 1.6, 1.48, 1.76, 1.83, 2.34, 1.95, 1.82, 2.26, 2.81, 2.72, 2.91, 3.31, 4.56, 4.07, 3.26, 3.14, 2.82, 3.08, 3.01, 2.86, 3.02, 2.81, 1.92, 2.51, 3.46, 3.14, 2.82, 3.42, 2.89, 2.07, 1.25, 0.96, 0.9, 0, 0.78, 1.22, 2.49, 3.68, 3.81, 3.53, 4.66, 6.06, 6.48, 7.27, 8.066, 8.029, 7.353, 6.172, 6.273, 6.73, 7.98, 9.52, 9.466, 8.579, 8.246, 8.564, 8.166, 6.754, 6.609, 6.925, 6.755, 6.222, 6.465, 7.127], [8.641, 8.715, 7.799, 6.06, 4.92, 4.64, 4.93, 4.66, 3.85, 3.36, 2.95, 3.01, 2.86, 3.16, 4.03, 4.02, 3.83, 3.48, 2.79, 2.33, 2.33, 2.13, 1.54, 1.5, 1.84, 2.01, 2.56, 2.07, 1.82, 2.54, 2.99, 2.84, 2.83, 3.31, 4.38, 3.83, 3.28, 3.12, 2.96, 3.36, 3.27, 3.08, 3.24, 3.13, 2.02, 2.37, 3.16, 2.82, 2.62, 3.26, 2.87, 1.99, 1.37, 1.18, 1.26, 0.78, 0, 0.98, 2.27, 3.6, 3.51, 3.45, 4.56, 5.94, 6.34, 6.99, 7.769, 7.732, 7.099, 6.049, 6.156, 6.61, 7.866, 9.349, 9.272, 8.442, 8.098, 8.367, 7.917, 6.501, 6.421, 6.691, 6.521, 5.968, 6.211, 6.881], [8.961, 9.035, 8.12, 6.4, 5.24, 4.98, 5.27, 4.86, 4.01, 3.54, 3.01, 3.11, 3.04, 3.38, 4.33, 4.26, 4.09, 3.74, 2.85, 2.39, 2.41, 2.19, 1.54, 1.52, 1.56, 1.63, 2.32, 1.79, 1.68, 2.34, 2.79, 2.68, 2.59, 2.89, 3.98, 3.51, 2.82, 2.68, 2.66, 3.2, 3.17, 2.94, 3.12, 2.93, 1.88, 2.01, 2.8, 2.48, 2.14, 2.74, 2.45, 1.77, 1.19, 1.28, 1.4, 1.22, 0.98, 0, 1.73, 3.06, 3.21, 3.11, 4.04, 5.4, 5.88, 6.65, 7.426, 7.389, 6.719, 5.552, 5.619, 6.09, 7.349, 8.892, 8.852, 7.985, 7.635, 7.97, 7.566, 6.144, 5.984, 6.334, 6.164, 5.608, 5.851, 6.495], [10.393, 10.468, 9.561, 7.95, 6.69, 6.45, 6.68, 6.29, 5.38, 4.83, 4.34, 4.52, 4.49, 4.77, 5.74, 5.67, 5.5, 5.13, 4.22, 3.68, 3.66, 3.4, 2.67, 2.63, 2.15, 2.16, 3.31, 2.64, 2.31, 2.49, 2.56, 2.33, 2.16, 2.22, 2.67, 2.36, 2.13, 1.93, 2.31, 2.83, 3.12, 3.43, 3.85, 3.38, 2.45, 1.66, 1.97, 1.95, 1.55, 1.51, 1.6, 1.64, 2.04, 2.53, 2.63, 2.49, 2.27, 1.73, 0, 1.75, 2.04, 1.86, 2.67, 3.97, 4.43, 5.22, 6.024, 5.967, 5.297, 4.065, 4.16, 4.62, 5.89, 7.41, 7.345, 6.521, 6.223, 6.685, 6.195, 4.728, 4.528, 4.918, 4.748, 4.24, 4.423, 5.059], [11.943, 12.011, 11.107, 9.386, 8.217, 7.977, 8.267, 7.83, 6.88, 6.296, 5.763, 5.98, 5.976, 6.294, 7.29, 7.216, 7.018, 6.628, 5.73, 5.13, 5.092, 4.867, 4.14, 3.92, 3.44, 3.13, 4.12, 3.43, 3.06, 3.22, 3.11, 2.78, 2.43, 2.33, 2.3, 2.13, 2.54, 2.54, 2.96, 3.72, 4.21, 4.7, 5.291, 4.878, 3.84, 2.43, 2.48, 2.6, 2.3, 1.8, 2.07, 2.77, 3.492, 3.94, 4.04, 3.68, 3.6, 3.06, 1.75, 0, 1.07, 1.41, 1.48, 2.74, 3.02, 3.71, 4.52, 4.46, 3.77, 2.84, 2.99, 3.31, 4.56, 6.02, 5.92, 5.15, 4.82, 5.273, 4.72, 3.201, 3.04, 3.414, 3.28, 2.77, 3.09, 3.68], [11.673, 11.741, 10.837, 9.136, 7.947, 7.707, 7.945, 7.56, 6.616, 6.026, 5.49, 5.71, 5.71, 6.016, 6.989, 6.946, 6.746, 6.376, 5.405, 4.799, 4.842, 4.62, 3.95, 3.85, 3.37, 3.46, 4.41, 3.7, 3.23, 3.65, 3.46, 3.13, 2.64, 2.62, 2.65, 2.34, 2.57, 2.43, 2.59, 3.27, 3.92, 4.387, 5.02, 4.66, 3.63, 2.9, 2.95, 3.05, 2.87, 2.47, 2.3, 2.88, 3.44, 3.83, 4.09, 3.81, 3.51, 3.21, 2.04, 1.07, 0, 1.12, 1.97, 3.13, 3.29, 4.0, 4.79, 4.73, 4.1, 3.09, 3.32, 3.64, 4.89, 6.33, 6.21, 5.42, 5.07, 5.46, 4.947, 3.508, 3.39, 3.7, 3.57, 3.12, 3.44, 3.97], [11.036, 11.104, 10.215, 8.539, 7.324, 7.084, 7.337, 6.923, 5.982, 5.392, 4.873, 5.071, 5.09, 5.41, 6.386, 6.333, 6.14, 5.759, 4.828, 4.28, 4.24, 4.0, 3.69, 3.71, 2.93, 3.26, 4.15, 3.56, 3.25, 3.63, 3.56, 3.23, 2.8, 2.72, 2.77, 2.52, 2.51, 2.43, 2.57, 2.75, 3.4, 3.95, 4.423, 4.16, 3.51, 3.04, 3.13, 3.19, 2.85, 2.41, 1.96, 2.36, 3.04, 3.53, 3.75, 3.53, 3.45, 3.11, 1.86, 1.41, 1.12, 0, 2.07, 3.43, 3.81, 4.62, 5.35, 5.33, 4.74, 3.49, 3.74, 4.06, 5.25, 6.77, 6.73, 5.829, 5.476, 5.82, 5.438, 4.119, 3.95, 4.329, 4.159, 3.7, 4.02, 4.61], [12.546, 12.612, 11.78, 10.295, 9.049, 8.777, 9.067, 8.46, 7.513, 6.931, 6.361, 6.561, 6.68, 6.98, 8.09, 7.94, 7.69, 7.32, 6.39, 5.85, 5.73, 5.61, 5.02, 4.74, 4.38, 3.69, 4.44, 4.25, 4.06, 4.14, 4.15, 3.72, 3.33, 3.09, 2.76, 2.49, 3.3, 3.12, 3.62, 4.46, 5.03, 5.44, 5.94, 5.59, 4.74, 3.11, 2.88, 2.82, 2.7, 1.92, 2.21, 3.21, 4.23, 4.84, 4.84, 4.66, 4.56, 4.04, 2.67, 1.48, 1.97, 2.07, 0, 1.52, 2.22, 3.09, 3.9, 3.751, 3.09, 1.9, 2.23, 2.51, 3.54, 5.14, 5.08, 4.19, 3.92, 4.32, 3.907, 2.565, 2.46, 2.75, 2.68, 2.17, 2.49, 3.08], [13.887, 13.958, 13.186, 11.749, 10.492, 10.192, 10.487, 9.809, 8.93, 8.274, 7.701, 7.93, 8.1, 8.434, 9.49, 9.36, 9.13, 8.752, 7.65, 7.21, 7.079, 6.95, 6.34, 6.1, 5.7, 5.07, 5.52, 5.57, 5.4, 5.38, 5.17, 4.84, 4.43, 3.95, 3.12, 3.13, 4.48, 4.32, 4.9, 5.82, 6.43, 6.889, 7.312, 6.95, 6.1, 4.13, 3.36, 3.58, 3.62, 2.82, 3.43, 4.644, 5.61, 6.26, 6.274, 6.06, 5.94, 5.4, 3.97, 2.74, 3.13, 3.43, 1.52, 0, 1.12, 1.89, 2.62, 2.5, 2.09, 1.44, 1.55, 1.69, 2.34, 3.82, 3.774, 2.95, 2.7, 3.22, 2.73, 1.66, 1.5, 1.73, 1.6, 1.17, 1.47, 1.88], [14.663, 14.709, 13.899, 12.26, 11.04, 10.74, 11.01, 10.519, 9.626, 9.045, 8.489, 8.692, 8.72, 9.02, 9.99, 9.94, 9.69, 9.32, 8.39, 7.79, 7.772, 7.609, 6.88, 6.68, 6.16, 5.71, 6.12, 5.95, 5.74, 5.74, 5.45, 5.12, 4.67, 4.17, 3.36, 3.39, 4.7, 4.7, 5.3, 6.26, 6.91, 7.457, 7.985, 7.57, 6.5, 4.61, 3.68, 3.88, 3.96, 3.28, 3.97, 5.17, 6.247, 6.72, 6.837, 6.48, 6.34, 5.88, 4.43, 3.02, 3.29, 3.81, 2.22, 1.12, 0, 1.19, 1.84, 1.72, 1.49, 1.34, 1.33, 1.61, 1.84, 3.08, 3.04, 2.19, 2.04, 2.58, 1.97, 1.04, 0.94, 1.09, 1.16, 1.09, 1.23, 1.48], [15.527, 15.608, 14.732, 13.05, 11.864, 11.564, 11.831, 11.409, 10.473, 9.89, 9.356, 9.579, 9.543, 9.846, 10.816, 10.781, 10.58, 10.206, 9.279, 8.68, 8.679, 8.436, 7.67, 7.49, 6.955, 6.571, 6.89, 6.68, 6.35, 6.41, 5.92, 5.49, 5.06, 4.42, 3.29, 3.46, 5.19, 5.45, 6.13, 7.09, 7.72, 8.284, 8.875, 8.445, 7.321, 5.18, 4.09, 4.29, 4.57, 4.044, 4.777, 5.991, 7.068, 7.53, 7.67, 7.27, 6.99, 6.65, 5.22, 3.71, 4.0, 4.62, 3.09, 1.89, 1.19, 0, 1.03, 0.97, 0.98, 1.61, 1.82, 1.72, 1.45, 2.65, 2.565, 1.92, 1.75, 2.43, 1.731, 1.01, 1.27, 1.04, 1.31, 1.54, 1.46, 1.39], [16.323, 16.403, 15.508, 13.826, 12.64, 12.34, 12.607, 12.193, 11.272, 10.691, 10.141, 10.369, 10.342, 10.642, 11.612, 11.579, 11.401, 11.011, 10.078, 9.51, 9.495, 9.215, 8.454, 8.271, 7.751, 7.367, 7.68, 7.49, 7.14, 7.22, 6.687, 6.2, 5.85, 5.21, 3.8, 4.07, 5.96, 6.274, 6.957, 7.897, 8.521, 9.06, 9.671, 9.241, 8.117, 5.932, 4.795, 5.072, 5.346, 4.82, 5.553, 6.767, 7.844, 8.323, 8.46, 8.066, 7.769, 7.426, 6.024, 4.52, 4.79, 5.35, 3.9, 2.62, 1.84, 1.03, 0, 0.82, 1.31, 2.34, 2.51, 2.15, 1.46, 2.12, 2.06, 1.65, 1.52, 2.16, 1.47, 1.52, 1.76, 1.57, 1.82, 2.25, 2.01, 1.52], [16.249, 16.289, 15.471, 13.789, 12.603, 12.303, 12.57, 12.088, 11.215, 10.634, 10.078, 10.281, 10.285, 10.588, 11.558, 11.505, 11.238, 10.868, 9.941, 9.35, 9.341, 9.178, 8.417, 8.234, 7.694, 7.27, 7.634, 7.444, 7.097, 7.177, 6.665, 6.17, 5.863, 5.13, 3.72, 4.09, 5.86, 6.077, 6.84, 7.84, 8.444, 9.023, 9.554, 9.104, 8.0, 5.801, 4.658, 4.974, 5.309, 4.783, 5.516, 6.73, 7.807, 8.286, 8.423, 8.029, 7.732, 7.389, 5.967, 4.46, 4.73, 5.33, 3.751, 2.5, 1.72, 0.97, 0.82, 0, 1.07, 2.2, 2.35, 2.05, 1.48, 2.16, 2.12, 1.81, 1.6, 2.18, 1.63, 1.46, 1.76, 1.57, 1.68, 2.01, 1.87, 1.46], [15.562, 15.607, 14.792, 13.119, 11.927, 11.627, 11.9, 11.403, 10.525, 9.944, 9.388, 9.591, 9.595, 9.898, 10.868, 10.815, 10.548, 10.178, 9.231, 8.62, 8.611, 8.488, 7.747, 7.544, 7.024, 6.594, 7.044, 6.803, 6.51, 6.513, 6.012, 5.568, 5.169, 4.54, 3.37, 3.62, 5.29, 5.45, 6.23, 7.15, 7.774, 8.35, 8.872, 8.428, 7.35, 5.158, 4.068, 4.328, 4.659, 4.113, 4.843, 6.06, 7.134, 7.596, 7.733, 7.353, 7.099, 6.719, 5.297, 3.77, 4.1, 4.74, 3.09, 2.09, 1.49, 0.98, 1.31, 1.07, 0, 1.51, 1.62, 1.52, 1.59, 2.75, 2.69, 2.18, 2.05, 2.75, 2.08, 1.43, 1.69, 1.6, 1.55, 1.64, 1.5, 1.33], [14.153, 14.197, 13.371, 11.869, 10.589, 10.295, 10.591, 10.029, 9.099, 8.497, 7.947, 8.153, 8.266, 8.58, 9.616, 9.486, 9.27, 8.894, 7.916, 7.376, 7.279, 7.096, 6.472, 6.209, 5.778, 5.265, 5.6, 5.656, 5.472, 5.455, 5.13, 4.76, 4.27, 3.71, 2.78, 2.81, 4.38, 4.44, 4.98, 5.929, 6.536, 7.032, 7.489, 7.108, 6.232, 4.228, 3.267, 3.487, 3.581, 2.935, 3.562, 4.75, 5.802, 6.366, 6.432, 6.172, 6.049, 5.552, 4.065, 2.84, 3.09, 3.49, 1.9, 1.44, 1.34, 1.61, 2.34, 2.2, 1.51, 0, 0.81, 1.15, 2.0, 3.62, 3.58, 2.79, 2.72, 3.28, 2.71, 1.72, 1.78, 1.77, 1.68, 1.71, 1.61, 1.8], [14.02, 14.068, 13.338, 11.905, 10.656, 10.37, 10.7, 9.947, 9.026, 8.467, 7.889, 8.109, 8.193, 8.607, 9.683, 9.513, 9.28, 8.89, 7.9, 7.4, 7.22, 7.143, 6.559, 6.33, 5.87, 5.252, 5.71, 5.78, 5.59, 5.57, 5.24, 4.89, 4.48, 3.86, 2.95, 3.0, 4.51, 4.53, 5.09, 6.05, 6.66, 7.047, 7.487, 7.055, 6.299, 4.24, 3.33, 3.61, 3.69, 3.01, 3.62, 4.84, 5.823, 6.453, 6.47, 6.273, 6.156, 5.619, 4.16, 2.99, 3.32, 3.74, 2.23, 1.55, 1.33, 1.82, 2.51, 2.35, 1.62, 0.81, 0, 0.86, 2.07, 3.65, 3.71, 2.86, 2.79, 3.37, 2.82, 1.87, 1.89, 2.02, 1.95, 1.84, 1.88, 2.19], [14.477, 14.548, 13.776, 12.364, 11.122, 10.827, 11.157, 10.404, 9.52, 8.89, 8.32, 8.52, 8.69, 9.09, 10.16, 10.01, 9.74, 9.35, 8.3, 7.82, 7.64, 7.62, 7.03, 6.79, 6.33, 5.66, 6.09, 6.2, 6.03, 6.01, 5.68, 5.39, 4.96, 4.32, 3.15, 3.34, 4.87, 4.95, 5.55, 6.51, 7.1, 7.504, 7.924, 7.48, 6.77, 4.66, 3.81, 4.07, 4.15, 3.47, 4.06, 5.297, 6.24, 6.91, 6.93, 6.73, 6.61, 6.09, 4.62, 3.31, 3.64, 4.06, 2.51, 1.69, 1.61, 1.72, 2.15, 2.05, 1.52, 1.15, 0.86, 0, 1.69, 3.23, 3.25, 2.66, 2.53, 3.17, 2.6, 1.99, 2.03, 2.14, 1.89, 2.04, 2.12, 2.39], [15.892, 15.984, 15.123, 13.617, 12.354, 12.06, 12.39, 11.797, 10.87, 10.294, 9.71, 9.93, 10.0, 10.337, 11.41, 11.26, 11.05, 10.66, 9.73, 9.19, 9.07, 8.91, 8.32, 8.04, 7.575, 7.022, 7.34, 7.45, 7.28, 7.26, 6.93, 6.56, 6.07, 5.51, 4.34, 4.47, 6.12, 6.28, 6.78, 7.76, 8.35, 8.777, 9.277, 8.865, 8.069, 6.025, 5.1, 5.32, 5.398, 4.732, 5.319, 6.53, 7.539, 8.16, 8.2, 7.98, 7.866, 7.349, 5.89, 4.56, 4.89, 5.25, 3.54, 2.34, 1.84, 1.45, 1.46, 1.48, 1.59, 2.0, 2.07, 1.69, 0, 1.88, 1.92, 1.57, 1.46, 2.06, 1.85, 2.08, 2.08, 2.05, 2.18, 2.43, 2.25, 2.3], [17.575, 17.627, 16.82, 15.252, 14.037, 13.737, 13.99, 13.434, 12.57, 12.017, 11.41, 11.63, 11.64, 11.952, 12.93, 12.877, 12.622, 12.232, 11.307, 10.79, 10.687, 10.547, 9.86, 9.64, 9.109, 8.693, 9.02, 8.99, 8.76, 8.8, 8.37, 8.02, 7.59, 6.917, 5.68, 5.83, 7.38, 7.58, 8.3, 9.28, 9.896, 10.466, 10.917, 10.473, 9.472, 7.348, 6.45, 6.713, 6.85, 6.255, 6.956, 8.147, 9.216, 9.757, 9.866, 9.52, 9.349, 8.892, 7.41, 6.02, 6.33, 6.77, 5.14, 3.82, 3.08, 2.65, 2.12, 2.16, 2.75, 3.62, 3.65, 3.23, 1.88, 0, 0.76, 1.21, 1.