[[0, 1.41, 1.84, 2.32, 2.8, 2.96, 3.16, 2.63, 2.05, 5.378, 6.89, 7.223, 7.445, 8.164, 8.034, 7.92, 8.0, 7.603, 7.583, 8.544, 8.625, 8.363, 8.11, 7.327, 6.644, 6.37, 6.387, 5.58, 4.0, 5.01, 5.68, 5.68, 6.05, 5.71, 5.92, 7.03, 7.03, 6.72, 6.26, 6.27, 7.08, 6.21, 2.47, 4.61, 8.647, 11.017, 12.169, 11.642, 11.214, 11.514, 11.829, 12.094, 12.79, 13.777, 13.807, 13.517, 14.537, 14.964, 14.702, 13.012, 10.502, 8.687, 8.659, 9.866, 10.046, 8.517, 8.24, 8.287, 8.417, 9.43, 10.35, 9.78, 8.68, 8.96, 10.1, 9.73, 9.487, 8.307, 6.71, 5.547, 3.86, 2.82, 2.65, 2.75, 2.98, 3.12], [1.41, 0, 1.05, 1.63, 1.97, 2.19, 2.45, 1.98, 2.62, 6.139, 7.661, 7.994, 8.204, 8.917, 8.817, 8.723, 8.782, 8.36, 8.308, 9.362, 9.406, 9.123, 8.861, 8.051, 7.423, 7.1, 7.14, 6.33, 4.65, 5.76, 6.45, 6.47, 6.88, 6.58, 6.85, 7.92, 7.98, 7.57, 7.15, 7.08, 7.822, 7.02, 3.26, 3.86, 7.717, 10.15, 11.202, 10.694, 10.364, 10.704, 10.982, 11.224, 11.892, 12.947, 12.9, 12.647, 13.627, 14.214, 13.852, 12.082, 9.532, 7.78, 7.694, 8.982, 9.064, 7.647, 7.33, 7.357, 7.527, 8.54, 9.48, 8.99, 7.91, 8.17, 9.29, 8.88, 8.56, 7.38, 5.9, 4.72, 3.23, 2.37, 2.18, 2.3, 2.69, 2.83], [1.84, 1.05, 0, 1.14, 1.64, 1.9, 2.3, 1.77, 2.51, 6.043, 7.566, 7.916, 8.126, 8.839, 8.753, 8.658, 8.718, 8.296, 8.256, 9.294, 9.35, 9.141, 8.828, 8.036, 7.333, 7.07, 7.23, 6.38, 4.78, 5.93, 6.56, 6.58, 6.99, 6.75, 6.94, 8.09, 8.09, 7.74, 7.34, 7.25, 7.96, 7.09, 3.35, 3.77, 7.596, 9.986, 11.052, 10.603, 10.305, 10.574, 10.948, 11.137, 11.824, 12.746, 12.662, 12.5, 13.42, 14.042, 13.702, 11.874, 9.359, 7.513, 7.502, 8.88, 8.969, 7.392, 7.092, 7.07, 7.246, 8.322, 9.385, 8.838, 7.758, 8.032, 9.192, 8.656, 8.276, 7.119, 5.802, 4.608, 3.16, 2.02, 1.69, 1.81, 2.26, 2.4], [2.32, 1.63, 1.14, 0, 1.08, 1.36, 1.6, 1.53, 2.65, 6.195, 7.758, 8.11, 8.349, 9.042, 8.919, 8.776, 8.871, 8.459, 8.47, 9.486, 9.57, 9.356, 9.06, 8.321, 7.57, 7.33, 7.49, 6.64, 5.34, 6.41, 6.98, 6.88, 7.27, 7.19, 7.4, 8.51, 8.47, 8.12, 7.72, 7.69, 8.46, 7.43, 3.59, 3.35, 7.422, 9.668, 10.889, 10.499, 10.145, 10.411, 10.768, 10.917, 11.663, 12.509, 12.362, 12.369, 13.292, 13.919, 13.582, 11.634, 9.179, 7.164, 7.242, 8.683, 8.769, 7.034, 6.714, 6.65, 6.912, 8.002, 8.853, 8.269, 7.229, 7.509, 8.629, 8.133, 7.964, 6.704, 5.523, 4.364, 2.38, 1.88, 1.53, 1.77, 2.2, 2.14], [2.8, 1.97, 1.64, 1.08, 0, 0.68, 1.0, 1.53, 3.39, 6.75, 8.235, 8.605, 8.798, 9.512, 9.406, 9.323, 9.411, 8.959, 8.964, 10.047, 10.08, 9.856, 9.572, 8.836, 8.147, 7.91, 8.09, 7.24, 6.02, 7.09, 7.66, 7.5, 7.89, 7.83, 8.1, 9.19, 9.15, 8.8, 8.4, 8.33, 9.12, 8.11, 4.27, 3.19, 6.829, 9.251, 10.354, 9.963, 9.589, 9.871, 10.268, 10.437, 11.183, 12.0, 11.81, 11.8, 12.703, 13.373, 13.013, 11.097, 8.61, 6.687, 6.676, 8.18, 8.26, 6.557, 6.034, 6.047, 6.443, 7.45, 8.233, 7.612, 6.532, 6.792, 8.009, 7.633, 7.436, 6.084, 5.023, 3.824, 1.78, 1.82, 1.63, 2.01, 2.46, 2.46], [2.96, 2.19, 1.9, 1.36, 0.68, 0, 0.94, 1.57, 3.45, 6.79, 8.321, 8.682, 8.927, 9.62, 9.491, 9.385, 9.482, 9.063, 9.062, 10.112, 10.162, 9.959, 9.672, 8.945, 8.227, 8.03, 8.17, 7.32, 6.14, 7.23, 7.8, 7.66, 8.01, 7.97, 8.24, 9.37, 9.31, 8.98, 8.54, 8.51, 9.28, 8.25, 4.39, 3.13, 6.746, 9.088, 10.259, 9.881, 9.522, 9.788, 10.169, 10.331, 11.081, 11.911, 11.69, 11.68, 12.603, 13.27, 12.91, 10.954, 8.473, 6.519, 6.519, 8.08, 8.137, 6.411, 5.972, 5.904, 6.269, 7.296, 8.142, 7.5, 6.48, 6.78, 7.92, 7.43, 7.273, 5.962, 4.941, 3.706, 1.64, 1.86, 1.67, 2.09, 2.58, 2.58], [3.16, 2.45, 2.3, 1.6, 1.0, 0.94, 0, 1.41, 4.01, 7.21, 8.664, 9.052, 9.25, 9.963, 9.852, 9.803, 9.912, 9.437, 9.507, 10.518, 10.531, 10.345, 10.117, 9.404, 8.75, 8.55, 8.67, 7.82, 6.66, 7.73, 8.3, 8.16, 8.51, 8.47, 8.74, 9.85, 9.81, 9.46, 9.06, 8.99, 9.76, 8.75, 4.91, 2.67, 6.409, 8.811, 9.928, 9.523, 9.149, 9.427, 9.827, 9.965, 10.729, 11.545, 11.33, 11.299, 12.206, 12.869, 12.532, 10.591, 8.116, 6.204, 6.156, 7.711, 7.771, 6.108, 5.549, 5.527, 5.903, 6.944, 7.701, 7.072, 5.992, 6.332, 7.569, 7.05, 6.936, 5.556, 4.569, 3.349, 1.18, 1.66, 1.75, 2.01, 2.42, 2.46], [2.63, 1.98, 1.77, 1.53, 1.53, 1.57, 1.41, 0, 3.42, 6.676, 8.179, 8.537, 8.765, 9.475, 9.369, 9.301, 9.383, 8.966, 8.923, 9.971, 10.024, 9.701, 9.431, 8.735, 8.117, 7.9, 8.0, 7.17, 5.93, 7.02, 7.61, 7.45, 7.8, 7.72, 7.97, 9.1, 9.06, 8.71, 8.31, 8.32, 9.11, 8.06, 4.14, 2.84, 6.968, 9.401, 10.498, 10.059, 9.631, 9.943, 10.337, 10.507, 11.268, 12.09, 11.92, 11.81, 12.736, 13.363, 13.003, 11.207, 8.746, 6.817, 6.829, 8.25, 8.35, 6.687, 6.184, 6.154, 6.573, 7.589, 8.326, 7.782, 6.702, 6.942, 8.139, 7.72, 7.586, 6.252, 5.108, 3.811, 1.87, 1.35, 1.32, 1.6, 2.01, 2.25], [2.05, 2.62, 2.51, 2.65, 3.39, 3.45, 4.01, 3.42, 0, 3.68, 5.234, 5.71, 5.894, 6.527, 6.398, 6.272, 6.372, 5.915, 5.963, 7.022, 7.147, 7.007, 6.657, 5.84, 5.1, 4.84, 5.0, 4.15, 3.19, 4.26, 4.91, 4.81, 5.2, 5.02, 5.17, 6.24, 6.16, 5.81, 5.37, 5.66, 6.43, 5.12, 2.1, 5.726, 9.949, 12.195, 13.399, 13.026, 12.692, 12.962, 13.315, 13.441, 14.191, 15.039, 14.894, 14.879, 15.822, 16.449, 16.109, 14.182, 11.686, 9.692, 9.749, 11.21, 11.276, 9.602, 9.264, 9.197, 9.442, 10.509, 11.4, 10.77, 9.742, 10.05, 11.15, 10.68, 10.492, 9.234, 8.069, 6.932, 4.73, 3.13, 2.8, 2.8, 2.89, 2.61], [5.378, 6.139, 6.043, 6.195, 6.75, 6.79, 7.21, 6.676, 3.68, 0, 1.86, 2.37, 2.48, 2.99, 2.845, 2.73, 2.81, 2.43, 2.58, 3.694, 3.898, 3.938, 3.528, 2.52, 2.08, 2.04, 1.94, 1.29, 2.73, 3.52, 3.59, 3.27, 3.18, 3.22, 3.23, 3.9, 4.14, 3.95, 3.55, 4.1, 4.57, 3.36, 3.72, 9.347, 13.53, 15.86, 17.012, 16.637, 16.267, 16.542, 16.942, 17.08, 17.843, 18.66, 18.43, 18.432, 19.315, 19.97, 19.624, 17.723, 15.216, 13.231, 13.166, 14.82, 14.886, 13.175, 12.699, 12.569, 12.901, 14.059, 14.869, 14.136, 13.096, 13.459, 14.597, 14.139, 13.943, 12.549, 11.683, 10.469, 7.943, 6.204, 5.989, 6.186, 5.963, 5.423], [6.89, 7.661, 7.566, 7.758, 8.235, 8.321, 8.664, 8.179, 5.234, 1.86, 0, 1.01, 1.32, 1.65, 1.61, 1.57, 1.53, 1.25, 1.44, 2.33, 2.52, 2.56, 2.25, 1.64, 1.52, 1.54, 1.74, 2.07, 3.53, 3.5, 3.45, 3.29, 3.18, 3.18, 3.09, 3.2, 3.36, 3.31, 3.11, 3.54, 3.77, 2.84, 5.026, 10.873, 15.045, 17.409, 18.543, 18.169, 17.792, 18.071, 18.482, 18.615, 19.379, 20.192, 19.956, 19.949, 20.837, 21.499, 21.156, 19.255, 16.748, 14.805, 14.74, 16.369, 16.432, 14.709, 14.187, 14.114, 14.493, 15.568, 16.362, 15.65, 14.593, 14.946, 16.129, 15.671, 15.506, 14.126, 13.219, 11.987, 9.467, 7.65, 7.488, 7.677, 7.498, 6.918], [7.223, 7.994, 7.916, 8.11, 8.605, 8.682, 9.052, 8.537, 5.71, 2.37, 1.01, 0, 0.81, 1.22, 1.2, 1.22, 1.24, 1.04, 1.33, 1.94, 1.99, 1.93, 1.76, 1.43, 1.47, 1.63, 1.83, 2.58, 3.76, 3.61, 3.4, 3.32, 3.23, 3.25, 3.14, 3.07, 3.17, 3.28, 3.04, 3.33, 3.4, 2.79, 5.327, 11.231, 15.4, 17.752, 18.901, 18.516, 18.128, 18.411, 18.823, 18.967, 19.728, 20.55, 20.32, 20.313, 21.204, 21.86, 21.517, 19.616, 17.118, 15.166, 15.11, 16.73, 16.796, 15.061, 14.557, 14.475, 14.851, 15.938, 16.732, 16.017, 14.963, 15.305, 16.49, 16.035, 15.867, 14.49, 13.571, 12.345, 9.851, 8.009, 7.85, 8.047, 7.862, 7.282], [7.445, 8.204, 8.126, 8.349, 8.798, 8.927, 9.25, 8.765, 5.894, 2.48, 1.32, 0.81, 0, 0.91, 0.93, 1.03, 1.11, 0.99, 1.28, 1.81, 1.92, 1.98, 1.77, 1.26, 1.4, 1.7, 1.76, 2.61, 3.843, 3.94, 3.61, 3.49, 3.44, 3.46, 3.27, 3.14, 3.28, 3.39, 3.15, 3.42, 3.41, 2.9, 5.54, 11.444, 15.593, 17.982, 19.123, 18.723, 18.332, 18.607, 19.013, 19.159, 19.92, 20.763, 20.536, 20.531, 21.432, 22.095, 21.755, 19.815, 17.319, 15.405, 15.366, 16.931, 16.995, 15.297, 14.75, 14.717, 15.109, 16.157, 16.925, 16.253, 15.178, 15.515, 16.709, 16.254, 16.108, 14.748, 13.766, 12.544, 10.038, 8.256, 8.063, 8.248, 8.067, 7.481], [8.164, 8.917, 8.839, 9.042, 9.512, 9.62, 9.963, 9.475, 6.527, 2.99, 1.65, 1.22, 0.91, 0, 0.54, 0.8, 0.72, 1.0, 1.05, 1.38, 1.57, 1.71, 1.48, 1.17, 1.67, 2.11, 2.29, 3.1, 4.466, 4.43, 4.02, 3.82, 3.71, 3.75, 3.58, 3.27, 3.43, 3.54, 3.36, 3.67, 3.42, 3.15, 6.23, 12.161, 16.317, 18.678, 19.816, 19.434, 19.04, 19.326, 19.732, 19.884, 20.637, 21.476, 21.249, 21.244, 22.145, 22.805, 22.448, 20.534, 18.035, 16.101, 16.061, 17.645, 17.711, 15.996, 15.46, 15.41, 15.802, 16.847, 17.635, 16.966, 15.894, 16.222, 17.41, 16.944, 16.801, 15.441, 14.482, 13.254, 10.748, 8.995, 8.764, 8.964, 8.777, 8.197], [8.034, 8.817, 8.753, 8.919, 9.406, 9.491, 9.852, 9.369, 6.398, 2.845, 1.61, 1.2, 0.93, 0.54, 0, 0.56, 0.7, 0.96, 1.03, 1.42, 1.59, 1.79, 1.6, 1.23, 1.69, 2.03, 2.23, 2.92, 4.364, 4.35, 3.88, 3.78, 3.57, 3.55, 3.46, 3.19, 3.39, 3.5, 3.34, 3.61, 3.56, 3.05, 6.127, 12.04, 16.214, 18.558, 19.727, 19.333, 18.942, 19.208, 19.626, 19.755, 20.53, 21.361, 21.149, 21.124, 22.045, 22.702, 22.345, 20.425, 17.932, 15.975, 15.918, 17.544, 17.608, 15.87, 15.357, 15.296, 15.679, 16.744, 17.532, 16.846, 15.771, 16.139, 17.298, 16.844, 16.698, 15.318, 14.379, 13.154, 10.648, 8.892, 8.681, 8.861, 8.677, 8.091], [7.92, 8.723, 8.658, 8.776, 9.323, 9.385, 9.803, 9.301, 6.272, 2.73, 1.57, 1.22, 1.03, 0.8, 0.56, 0, 0.54, 0.84, 0.87, 1.36, 1.59, 1.69, 1.54, 1.31, 1.77, 2.01, 2.19, 2.9, 4.304, 4.25, 3.66, 3.52, 3.33, 3.33, 3.16, 2.97, 3.01, 3.18, 3.06, 3.43, 3.3, 2.81, 6.05, 11.943, 16.114, 18.441, 19.627, 19.239, 18.848, 19.111, 19.505, 19.652, 20.422, 21.252, 21.035, 21.033, 21.936, 22.588, 22.251, 20.325, 17.821, 15.829, 15.77, 17.427, 17.487, 15.776, 15.274, 15.193, 15.525, 16.643, 17.455, 16.749, 15.7, 16.071, 17.222, 16.761, 16.573, 15.182, 14.276, 13.057, 10.562, 8.832, 8.625, 8.784, 8.568, 7.993], [8.0, 8.782, 8.718, 8.871, 9.411, 9.482, 9.912, 9.383, 6.372, 2.81, 1.53, 1.24, 1.11, 0.72, 0.7, 0.54, 0, 0.78, 0.83, 1.22, 1.45, 1.55, 1.4, 1.21, 1.75, 2.09, 2.25, 2.98, 4.403, 4.25, 3.76, 3.58, 3.47, 3.49, 3.26, 2.99, 3.15, 3.28, 3.1, 3.55, 3.44, 2.85, 6.15, 12.02, 16.182, 18.512, 19.693, 19.299, 18.908, 19.202, 19.588, 19.737, 20.502, 21.332, 21.123, 21.11, 22.004, 22.654, 22.314, 20.407, 17.9, 15.932, 15.87, 17.495, 17.57, 15.873, 15.368, 15.282, 15.614, 16.735, 17.558, 16.843, 15.783, 16.151, 17.324, 16.881, 16.641, 15.273, 14.351, 13.139, 10.642, 8.892, 8.704, 8.852, 8.656, 8.111], [7.603, 8.36, 8.296, 8.459, 8.959, 9.063, 9.437, 8.966, 5.915, 2.43, 1.25, 1.04, 0.99, 1.0, 0.96, 0.84, 0.78, 0, 0.91, 1.64, 1.83, 1.93, 1.58, 1.15, 1.53, 1.93, 1.93, 2.64, 4.004, 3.91, 3.5, 3.42, 3.33, 3.35, 3.16, 2.99, 3.19, 3.2, 3.04, 3.53, 3.56, 2.81, 5.75, 11.6, 15.754, 18.089, 19.27, 18.893, 18.485, 18.757, 19.174, 19.315, 20.079, 20.927, 20.721, 20.684, 21.593, 22.245, 21.888, 19.967, 17.492, 15.475, 15.421, 17.081, 17.15, 15.418, 14.919, 14.847, 15.162, 16.295, 17.092, 16.411, 15.34, 15.699, 16.89, 16.444, 16.201, 14.819, 13.933, 12.702, 10.23, 8.452, 8.27, 8.426, 8.242, 7.645], [7.583, 8.308, 8.256, 8.47, 8.964, 9.062, 9.507, 8.923, 5.963, 2.58, 1.44, 1.33, 1.28, 1.05, 1.03, 0.87, 0.83, 0.91, 0, 1.33, 1.52, 1.52, 1.23, 0.88, 1.32, 1.76, 1.84, 2.45, 3.846, 3.68, 3.21, 3.07, 2.92, 2.92, 2.87, 2.62, 2.82, 2.91, 2.73, 3.12, 3.23, 2.44, 5.629, 11.579, 15.688, 18.069, 19.218, 18.833, 18.425, 18.694, 19.108, 19.263, 20.027, 20.869, 20.688, 20.681, 21.601, 22.266, 21.908, 19.936, 17.474, 15.528, 15.577, 17.032, 17.116, 15.404, 14.896, 14.889, 15.316, 16.317, 17.046, 16.45, 15.413, 15.656, 16.81, 16.423, 16.334, 14.983, 13.876, 12.667, 10.236, 8.61, 8.321, 8.457, 8.224, 7.638], [8.544, 9.362, 9.294, 9.486, 10.047, 10.112, 10.518, 9.971, 7.022, 3.694, 2.33, 1.94, 1.81, 1.38, 1.42, 1.36, 1.22, 1.64, 1.33, 0, 0.55, 0.85, 0.88, 1.61, 2.25, 2.669, 2.78, 3.484, 4.945, 4.433, 3.92, 3.78, 3.59, 3.65, 3.46, 3.07, 3.11, 3.22, 3.3, 3.67, 3.26, 3.046, 6.666, 12.558, 16.756, 19.111, 20.277, 19.861, 19.47, 19.727, 20.116, 20.241, 21.026, 21.874, 21.708, 21.663, 22.609, 23.24, 22.893, 20.938, 18.49, 16.551, 16.562, 18.045, 18.097, 16.44, 15.961, 15.94, 16.289, 17.302, 18.068, 17.455, 16.415, 16.718, 17.864, 17.428, 17.348, 15.988, 14.895, 13.701, 11.269, 9.627, 9.331, 9.488, 9.218, 8.612], [8.625, 9.406, 9.35, 9.57, 10.08, 10.162, 10.531, 10.024, 7.147, 3.898, 2.52, 1.99, 1.92, 1.57, 1.59, 1.59, 1.45, 1.83, 1.52, 0.55, 0, 0.68, 0.85, 1.82, 2.46, 2.76, 2.98, 3.788, 5.009, 4.5, 3.89, 3.821, 3.58, 3.62, 3.47, 3.04, 3.08, 3.21, 3.35, 3.68, 3.21, 3.073, 6.787, 12.651, 16.814, 19.18, 20.338, 19.916, 19.531, 19.8, 20.197, 20.32, 21.096, 21.953, 21.772, 21.724, 22.65, 23.302, 22.954, 21.001, 18.534, 16.62, 16.606, 18.107, 18.175, 16.51, 15.988, 15.987, 16.35, 17.36, 18.16, 17.496, 16.437, 16.768, 17.936, 17.509, 17.386, 16.035, 14.956, 13.756, 11.311, 9.637, 9.367, 9.515, 9.29, 8.69], [8.363, 9.123, 9.141, 9.356, 9.856, 9.959, 10.345, 9.701, 7.007, 3.938, 2.56, 1.93, 1.98, 1.71, 1.79, 1.69, 1.55, 1.93, 1.52, 0.85, 0.68, 0, 0.67, 1.8, 2.4, 2.64, 2.92, 3.748, 4.729, 4.25, 3.63, 3.45, 3.28, 3.36, 3.13, 2.82, 2.84, 2.97, 2.99, 3.36, 3.05, 2.84, 6.505, 12.448, 16.579, 18.955, 20.107, 19.688, 19.226, 19.523, 19.923, 20.091, 20.862, 21.718, 21.56, 21.453, 22.393, 23.037, 22.68, 20.787, 18.346, 16.383, 16.432, 17.841, 17.947, 16.275, 15.773, 15.749, 16.17, 17.169, 17.883, 17.308, 16.27, 16.533, 17.659, 17.28, 17.186, 15.84, 14.725, 13.459, 11.111, 9.383, 9.13, 9.341, 9.079, 8.501], [8.11, 8.861, 8.828, 9.06, 9.572, 9.672, 10.117, 9.431, 6.657, 3.528, 2.25, 1.76, 1.77, 1.48, 1.6, 1.54, 1.4, 1.58, 1.23, 0.88, 0.85, 0.67, 0, 1.35, 1.89, 2.17, 2.43, 3.258, 4.419, 4.02, 3.46, 3.32, 3.19, 3.25, 3.06, 2.79, 2.93, 3.0, 3.0, 3.31, 3.14, 2.67, 6.231, 12.155, 16.309, 18.696, 19.819, 19.392, 19.001, 19.276, 19.661, 19.822, 20.583, 21.422, 21.267, 21.197, 22.103, 22.764, 22.41, 20.54, 18.073, 16.153, 16.162, 17.585, 17.674, 16.008, 15.523, 15.502, 15.906, 16.919, 17.653, 17.04, 16.003, 16.243, 17.398, 17.047, 16.919, 15.59, 14.432, 13.224, 10.807, 9.187, 8.874, 9.016, 8.818, 8.229], [7.327, 8.051, 8.036, 8.321, 8.836, 8.945, 9.404, 8.735, 5.84, 2.52, 1.64, 1.43, 1.26, 1.17, 1.23, 1.31, 1.21, 1.15, 0.88, 1.61, 1.82, 1.8, 1.35, 0, 0.9, 1.36, 1.4, 2.31, 3.643, 3.54, 3.29, 3.21, 3.06, 3.02, 3.03, 3.0, 3.28, 3.31, 3.15, 3.42, 3.57, 2.78, 5.422, 11.382, 15.503, 17.912, 19.021, 18.585, 18.177, 18.477, 18.871, 19.029, 19.768, 20.635, 20.503, 20.45, 21.37, 22.034, 21.677, 19.776, 17.32, 15.389, 15.446, 16.832, 16.921, 15.244, 14.79, 14.789, 15.17, 16.183, 16.898, 16.325, 15.288, 15.49, 16.565, 16.291, 16.186, 14.878, 13.619, 12.446, 10.082, 8.505, 8.178, 8.295, 8.062, 7.485], [6.644, 7.423, 7.333, 7.57, 8.147, 8.227, 8.75, 8.117, 5.1, 2.08, 1.52, 1.47, 1.4, 1.67, 1.69, 1.77, 1.75, 1.53, 1.32, 2.25, 2.46, 2.4, 1.89, 0.9, 0, 0.88, 1.24, 1.81, 3.05, 3.16, 3.13, 3.07, 3.04, 3.0, 2.89, 3.04, 3.28, 3.29, 3.13, 3.4, 3.65, 2.78, 4.779, 10.64, 14.794, 17.195, 18.336, 17.91, 17.54, 17.806, 18.206, 18.346, 19.108, 19.93, 19.771, 19.761, 20.701, 21.346, 20.991, 19.067, 16.611, 14.66, 14.737, 16.149, 16.218, 14.516, 14.113, 14.112, 14.447, 15.454, 16.243, 15.633, 14.613, 14.833, 15.905, 15.552, 15.477, 14.183, 12.96, 11.757, 9.424, 7.87, 7.557, 7.623, 7.37, 6.753], [6.37, 7.1, 7.07, 7.33, 7.91, 8.03, 8.55, 7.9, 4.84, 2.04, 1.54, 1.63, 1.7, 2.11, 2.03, 2.01, 2.09, 1.93, 1.76, 2.669, 2.76, 2.64, 2.17, 1.36, 0.88, 0, 0.88, 1.45, 2.63, 2.82, 2.83, 2.67, 2.62, 2.6, 2.49, 2.72, 2.9, 2.91, 2.73, 3.04, 3.33, 2.4, 4.36, 10.4, 14.4, 16.861, 18.05, 17.537, 17.129, 17.415, 17.804, 18.081, 18.754, 19.687, 19.52, 19.49, 20.43, 21.057, 20.74, 18.79, 16.38, 14.4, 14.5, 15.907, 15.99, 14.23, 13.85, 13.86, 14.19, 15.22, 15.94, 15.37, 14.35, 14.55, 15.61, 15.28, 15.24, 13.92, 12.617, 11.42, 9.19, 7.65, 7.32, 7.38, 7.09, 6.51], [6.387, 7.14, 7.23, 7.49, 8.09, 8.17, 8.67, 8.0, 5.0, 1.94, 1.74, 1.83, 1.76, 2.29, 2.23, 2.19, 2.25, 1.93, 1.84, 2.78, 2.98, 2.92, 2.43, 1.4, 1.24, 0.88, 0, 1.19, 2.71, 2.74, 2.71, 2.41, 2.32, 2.36, 2.33, 2.66, 2.96, 2.71, 2.51, 2.84, 3.21, 2.12, 4.3, 10.54, 14.56, 16.984, 18.21, 17.617, 17.047, 17.418, 17.861, 18.152, 18.854, 19.807, 19.68, 19.63, 20.55, 21.14, 20.86, 18.95, 16.56, 14.58, 14.68, 16.027, 16.11, 14.35, 14.05, 14.04, 14.35, 15.4, 16.1, 15.57, 14.55, 14.73, 15.71, 15.44, 15.42, 14.12, 12.734, 11.56, 9.31, 7.75, 7.42, 7.52, 7.27, 6.67], [5.58, 6.33, 6.38, 6.64, 7.24, 7.32, 7.82, 7.17, 4.15, 1.29, 2.07, 2.58, 2.61, 3.1, 2.92, 2.9, 2.98, 2.64, 2.45, 3.484, 3.788, 3.748, 3.258, 2.31, 1.81, 1.45, 1.19, 0, 2.14, 2.63, 2.78, 2.48, 2.51, 2.63, 2.5, 2.99, 3.33, 3.1, 2.66, 3.19, 3.62, 2.47, 3.45, 9.69, 13.71, 16.117, 17.36, 16.77, 16.3, 16.557, 17.037, 17.268, 18.007, 18.957, 18.83, 18.8, 19.72, 20.33, 20.03, 18.1, 15.71, 13.73, 13.83, 15.18, 15.28, 13.5, 13.2, 13.19, 13.5, 14.55, 15.27, 14.72, 13.7, 13.88, 14.88, 14.59, 14.57, 13.27, 11.887, 10.73, 8.48, 6.92, 6.59, 6.69, 6.42, 5.82], [4.0, 4.65, 4.78, 5.34, 6.02, 6.14, 6.66, 5.93, 3.19, 2.73, 3.53, 3.76, 3.843, 4.466, 4.364, 4.304, 4.403, 4.004, 3.846, 4.945, 5.009, 4.729, 4.419, 3.643, 3.05, 2.63, 2.71, 2.14, 0, 1.81, 2.38, 2.38, 2.55, 2.39, 2.48, 3.43, 3.67, 3.38, 3.14, 3.43, 3.78, 2.99, 2.43, 8.05, 12.07, 14.52, 15.7, 15.09, 14.68, 15.0, 15.38, 15.671, 16.344, 17.34, 17.31, 17.12, 18.1, 18.63, 18.37, 16.5, 14.03, 12.19, 12.21, 13.5, 13.58, 12.0, 11.76, 11.79, 11.92, 12.95, 13.85, 13.34, 12.24, 12.52, 13.64, 13.25, 12.99, 11.81, 10.25, 9.13, 7.42, 5.76, 5.41, 5.39, 4.88, 4.44], [5.01, 5.76, 5.93, 6.41, 7.09, 7.23, 7.73, 7.02, 4.26, 3.52, 3.5, 3.61, 3.94, 4.43, 4.35, 4.25, 4.25, 3.91, 3.68, 4.433, 4.5, 4.25, 4.02, 3.54, 3.16, 2.82, 2.74, 2.63, 1.81, 0, 1.57, 1.97, 2.26, 2.2, 2.29, 2.94, 3.24, 2.89, 2.75, 2.86, 3.23, 2.66, 3.14, 9.16, 13.24, 15.55, 16.85, 16.24, 15.67, 16.01, 16.41, 16.57, 17.38, 18.45, 18.48, 18.27, 19.25, 19.76, 19.52, 17.69, 15.2, 13.36, 13.38, 14.59, 14.73, 13.13, 12.91, 12.96, 13.09, 14.1, 14.98, 14.45, 13.35, 13.63, 14.75, 14.4, 14.16, 12.98, 11.34, 10.28, 8.49, 6.85, 6.5, 6.48, 6.03, 5.57], [5.68, 6.45, 6.56, 6.98, 7.66, 7.8, 8.3, 7.61, 4.91, 3.59, 3.45, 3.4, 3.61, 4.02, 3.88, 3.66, 3.76, 3.5, 3.21, 3.92, 3.89, 3.63, 3.46, 3.29, 3.13, 2.83, 2.71, 2.78, 2.38, 1.57, 0, 0.82, 1.25, 1.25, 1.34, 1.97, 2.05, 1.72, 1.8, 1.87, 2.0, 1.67, 3.73, 9.81, 13.89, 16.2, 17.5, 16.87, 16.36, 16.68, 17.1, 17.277, 18.05, 19.08, 19.09, 18.94, 19.9, 20.45, 20.19, 18.32, 15.85, 13.99, 14.03, 15.26, 15.4, 13.74, 13.52, 13.57, 13.72, 14.73, 15.55, 15.02, 13.98, 14.2, 15.32, 14.97, 14.79, 13.59, 11.97, 10.93, 9.08, 7.44, 7.09, 7.05, 6.66, 6.18], [5.68, 6.47, 6.58, 6.88, 7.5, 7.66, 8.16, 7.45, 4.81, 3.27, 3.29, 3.32, 3.49, 3.82, 3.78, 3.52, 3.58, 3.42, 3.07, 3.78, 3.821, 3.45, 3.32, 3.21, 3.07, 2.67, 2.41, 2.48, 2.38, 1.97, 0.82, 0, 0.87, 1.25, 1.16, 2.01, 2.07, 1.62, 1.6, 1.87, 2.2, 1.55, 3.53, 9.873, 13.896, 16.3, 17.543, 16.933, 16.303, 16.66, 17.12, 17.437, 18.17, 19.12, 19.047, 18.926, 19.846, 20.416, 20.156, 18.286, 15.896, 13.919, 14.019, 15.303, 15.446, 13.697, 13.417, 13.447, 13.689, 14.736, 15.47, 14.94, 13.892, 14.08, 15.16, 14.87, 14.756, 13.487, 12.05, 10.856, 8.84, 7.24, 6.91, 6.89, 6.62, 6.08], [6.05, 6.88, 6.99, 7.27, 7.89, 8.01, 8.51, 7.8, 5.2, 3.18, 3.18, 3.23, 3.44, 3.71, 3.57, 3.33, 3.47, 3.33, 2.92, 3.59, 3.58, 3.28, 3.19, 3.06, 3.04, 2.62, 2.32, 2.51, 2.55, 2.26, 1.25, 0.87, 0, 0.84, 0.97, 1.78, 1.96, 1.53, 1.69, 1.78, 2.01, 1.48, 3.96, 10.32, 14.306, 16.75, 17.973, 17.38, 16.73, 17.144, 17.587, 17.924, 18.62, 19.57, 19.457, 19.316, 20.273, 20.84, 20.563, 18.696, 16.306, 14.329, 14.429, 15.75, 15.873, 14.113, 13.807, 13.837, 14.119, 15.146, 15.857, 15.35, 14.31, 14.49, 15.57, 15.26, 15.166, 13.877, 12.5, 11.246, 9.25, 7.61, 7.3, 7.34, 7.03, 6.43], [5.71, 6.58, 6.75, 7.19, 7.83, 7.97, 8.47, 7.72, 5.02, 3.22, 3.18, 3.25, 3.46, 3.75, 3.55, 3.33, 3.49, 3.35, 2.92, 3.65, 3.62, 3.36, 3.25, 3.02, 3.0, 2.6, 2.36, 2.63, 2.39, 2.2, 1.25, 1.25, 0.84, 0, 0.83, 1.56, 1.8, 1.55, 1.61, 1.64, 1.97, 1.48, 3.94, 10.017, 14.014, 16.504, 17.673, 17.112, 16.504, 16.944, 17.287, 17.644, 18.32, 19.344, 19.297, 19.024, 20.044, 20.514, 20.232, 18.462, 16.012, 14.154, 14.149, 15.45, 15.573, 13.967, 13.707, 13.757, 13.907, 14.897, 15.76, 15.21, 14.15, 14.39, 15.53, 15.2, 14.957, 13.777, 12.237, 10.994, 9.17, 7.53, 7.26, 7.24, 6.81, 6.33], [5.92, 6.85, 6.94, 7.4, 8.1, 8.24, 8.74, 7.97, 5.17, 3.23, 3.09, 3.14, 3.27, 3.58, 3.46, 3.16, 3.26, 3.16, 2.87, 3.46, 3.47, 3.13, 3.06, 3.03, 2.89, 2.49, 2.33, 2.5, 2.48, 2.29, 1.34, 1.16, 0.97, 0.83, 0, 1.39, 1.45, 1.22, 1.46, 1.87, 1.88, 1.31, 4.13, 10.25, 14.299, 16.674, 17.909, 17.296, 16.714, 17.092, 17.509, 17.834, 18.53, 19.514, 19.507, 19.289, 20.254, 20.739, 20.479, 18.712, 16.276, 14.384, 14.439, 15.663, 15.826, 14.157, 13.94, 13.987, 14.117, 15.15, 16.01, 15.48, 14.38, 14.66, 15.78, 15.43, 15.187, 14.007, 12.43, 11.224, 9.4, 7.78, 7.53, 7.49, 7.06, 6.62], [7.03, 7.92, 8.09, 8.51, 9.19, 9.37, 9.85, 9.1, 6.24, 3.9, 3.2, 3.07, 3.14, 3.27, 3.19, 2.97, 2.99, 2.99, 2.62, 3.07, 3.04, 2.82, 2.79, 3.0, 3.04, 2.72, 2.66, 2.99, 3.43, 2.94, 1.97, 2.01, 1.78, 1.56, 1.39, 0, 0.88, 1.01, 1.51, 1.76, 1.67, 1.6, 5.26, 11.32, 15.397, 17.727, 19.002, 18.394, 17.867, 18.227, 18.582, 18.827, 19.566, 20.627, 20.66, 20.387, 21.407, 21.877, 21.574, 19.844, 17.354, 15.537, 15.532, 16.722, 16.899, 15.31, 15.09, 15.14, 15.27, 16.28, 17.143, 16.596, 15.53, 15.776, 16.879, 16.563, 16.34, 15.16, 13.5, 12.377, 10.485, 8.879, 8.629, 8.595, 8.187, 7.716], [7.03, 7.98, 8.09, 8.47, 9.15, 9.31, 9.81, 9.06, 6.16, 4.14, 3.36, 3.17, 3.28, 3.43, 3.39, 3.01, 3.15, 3.19, 2.82, 3.11, 3.08, 2.84, 2.93, 3.28, 3.28, 2.9, 2.96, 3.33, 3.67, 3.24, 2.05, 2.07, 1.96, 1.8, 1.45, 0.88, 0, 0.75, 1.29, 1.68, 1.41, 1.42, 5.3, 11.334, 15.434, 17.727, 19.022, 18.454, 17.967, 18.224, 18.562, 18.802, 19.549, 20.627, 20.64, 20.404, 21.407, 21.854, 21.594, 19.864, 17.374, 15.537, 15.552, 16.742, 16.899, 15.29, 15.07, 15.12, 15.267, 16.277, 17.103, 16.536, 15.527, 15.733, 16.816, 16.523, 16.337, 15.14, 13.514, 12.377, 10.402, 8.83, 8.566, 8.526, 8.224, 7.71], [6.72, 7.57, 7.74, 8.12, 8.8, 8.98, 9.46, 8.71, 5.81, 3.95, 3.31, 3.28, 3.39, 3.54, 3.5, 3.18, 3.28, 3.2, 2.91, 3.22, 3.21, 2.97, 3.0, 3.31, 3.29, 2.91, 2.71, 3.1, 3.38, 2.89, 1.72, 1.62, 1.53, 1.55, 1.22, 1.01, 0.75, 0, 0.94, 1.39, 1.26, 1.11, 4.81, 10.984, 15.064, 17.377, 18.672, 18.064, 17.457, 17.834, 18.212, 18.392, 19.199, 20.277, 20.29, 20.054, 21.057, 21.504, 21.244, 19.514, 17.024, 15.187, 15.202, 16.392, 16.549, 14.94, 14.72, 14.77, 14.917, 15.927, 16.753, 16.206, 15.177, 15.386, 16.489, 16.173, 15.987, 14.79, 13.164, 12.027, 10.092, 8.489, 8.239, 8.199, 7.88, 7.38], [6.26, 7.15, 7.34, 7.72, 8.4, 8.54, 9.06, 8.31, 5.37, 3.55, 3.11, 3.04, 3.15, 3.36, 3.34, 3.06, 3.1, 3.04, 2.73, 3.3, 3.35, 2.99, 3.0, 3.15, 3.13, 2.73, 2.51, 2.66, 3.14, 2.75, 1.8, 1.6, 1.69, 1.61, 1.46, 1.51, 1.29, 0.94, 0, 1.17, 1.56, 1.07, 4.39, 10.582, 14.662, 16.974, 18.269, 17.662, 17.114, 17.432, 17.809, 17.989, 18.796, 19.874, 19.887, 19.652, 20.654, 21.102, 20.842, 19.112, 16.622, 14.784, 14.799, 15.989, 16.146, 14.537, 14.317, 14.367, 14.514, 15.524, 16.35, 15.78, 14.774, 14.98, 16.06, 15.77, 15.584, 14.387, 12.762, 11.624, 9.64, 8.06, 7.81, 7.77, 7.452, 6.96], [6.27, 7.08, 7.25, 7.69, 8.33, 8.51, 8.99, 8.32, 5.66, 4.1, 3.54, 3.33, 3.42, 3.67, 3.61, 3.43, 3.55, 3.53, 3.12, 3.67, 3.68, 3.36, 3.31, 3.42, 3.4, 3.04, 2.84, 3.19, 3.43, 2.86, 1.87, 1.87, 1.78, 1.64, 1.87, 1.76, 1.68, 1.39, 1.17, 0, 1.13, 1.28, 4.46, 10.52, 14.572, 16.884, 18.179, 17.572, 16.984, 17.342, 17.719, 17.933, 18.726, 19.784, 19.797, 19.562, 20.564, 21.052, 20.812, 19.022, 16.532, 14.694, 14.709, 15.899, 16.076, 14.447, 14.227, 14.277, 14.424, 15.434, 16.28, 15.73, 14.69, 14.91, 16.01, 15.7, 15.494, 14.297, 12.672, 11.574, 9.79, 8.15, 7.8, 7.82, 7.45, 7.13], [7.08, 7.822, 7.96, 8.46, 9.12, 9.28, 9.76, 9.11, 6.43, 4.57, 3.77, 3.4, 3.41, 3.42, 3.56, 3.3, 3.44, 3.56, 3.23, 3.26, 3.21, 3.05, 3.14, 3.57, 3.65, 3.33, 3.21, 3.62, 3.78, 3.23, 2.0, 2.2, 2.01, 1.97, 1.88, 1.67, 1.41, 1.26, 1.56, 1.13, 0, 1.53, 5.314, 11.191, 15.25, 17.58, 18.854, 18.267, 17.78, 18.08, 18.474, 18.629, 19.422, 20.5, 20.513, 20.32, 21.32, 21.83, 21.567, 19.697, 17.207, 15.39, 15.384, 16.634, 16.772, 15.163, 14.943, 14.993, 15.123, 16.133, 17.019, 16.495, 15.415, 15.675, 16.812, 16.416, 16.193, 15.013, 13.373, 12.35, 10.641, 9.004, 8.628, 8.611, 8.1, 7.68], [6.21, 7.02, 7.09, 7.43, 8.11, 8.25, 8.75, 8.06, 5.12, 3.36, 2.84, 2.79, 2.9, 3.15, 3.05, 2.81, 2.85, 2.81, 2.44, 3.046, 3.073, 2.84, 2.67, 2.78, 2.78, 2.4, 2.12, 2.47, 2.99, 2.66, 1.67, 1.55, 1.48, 1.48, 1.31, 1.6, 1.42, 1.11, 1.07, 1.28, 1.53, 0, 4.1, 10.389, 14.452, 16.779, 18.062, 17.449, 16.862, 17.184, 17.622, 17.873, 18.646, 19.627, 19.6, 19.482, 20.424, 20.972, 20.732, 18.864, 16.429, 14.517, 14.592, 15.819, 15.979, 14.267, 14.03, 14.08, 14.264, 15.292, 16.06, 15.524, 14.507, 14.707, 15.753, 15.463, 15.334, 14.1, 12.532, 11.454, 9.422, 7.85, 7.503, 7.512, 7.25, 6.69], [2.47, 3.26, 3.35, 3.59, 4.27, 4.39, 4.91, 4.14, 2.1, 3.72, 5.026, 5.327, 5.54, 6.23, 6.127, 6.05, 6.15, 5.75, 5.629, 6.666, 6.787, 6.505, 6.231, 5.422, 4.779, 4.36, 4.3, 3.45, 2.43, 3.14, 3.73, 3.53, 3.96, 3.94, 4.13, 5.26, 5.3, 4.81, 4.39, 4.46, 5.314, 4.1, 0, 6.6, 10.64, 13.027, 14.27, 13.66, 13.01, 13.39, 13.847, 14.164, 14.897, 15.85, 15.76, 15.65, 16.59, 17.12, 16.86, 15.03, 12.64, 10.68, 10.78, 12.03, 12.19, 10.43, 10.17, 10.18, 10.45, 11.48, 12.22, 11.69, 10.67, 10.85, 11.85, 11.58, 11.5, 10.24, 8.777, 7.56, 5.51, 3.91, 3.62, 3.76, 3.83, 3.67], [4.61, 3.86, 3.77, 3.35, 3.19, 3.13, 2.67, 2.84, 5.726, 9.347, 10.873, 11.231, 11.444, 12.161, 12.04, 11.943, 12.02, 11.6, 11.579, 12.558, 12.651, 12.448, 12.155, 11.382, 10.64, 10.4, 10.54, 9.69, 8.05, 9.16, 9.81, 9.873, 10.32, 10.017, 10.25, 11.32, 11.334, 10.984, 10.582, 10.52, 11.191, 10.389, 6.6, 0, 4.32, 6.63, 7.79, 7.36, 7.05, 7.31, 7.65, 7.75, 8.52, 9.43, 9.36, 9.21, 10.21, 10.76, 10.44, 8.59, 6.04, 4.26, 4.22, 5.57, 5.65, 4.07, 3.81, 3.94, 4.01, 5.02, 6.04, 5.49, 4.39, 4.75, 5.87, 5.28, 5.02, 3.84, 2.42, 1.96, 2.25, 3.49, 3.5, 3.28, 3.43, 3.99], [8.647, 7.717, 7.596, 7.422, 6.829, 6.746, 6.409, 6.968, 9.949, 13.53, 15.045, 15.4, 15.593, 16.317, 16.214, 16.114, 16.182, 15.754, 15.688, 16.756, 16.814, 16.579, 16.309, 15.503, 14.794, 14.4, 14.56, 13.71, 12.07, 13.24, 13.89, 13.896, 14.306, 14.014, 14.299, 15.397, 15.434, 15.064, 14.662, 14.572, 15.25, 14.452, 10.64, 4.32, 0, 2.55, 3.67, 3.24, 2.83, 3.09, 3.47, 3.75, 4.4, 5.39, 5.36, 5.11, 6.11, 6.7, 6.42, 4.57, 2.28, 2.24, 2.58, 2.55, 2.37, 2.11, 2.37, 2.52, 2.45, 1.6, 2.28, 2.09, 1.63, 1.77, 1.89, 1.42, 1.48, 1.96, 2.22, 3.28, 5.77, 7.67, 7.66, 7.44, 7.61, 8.17], [11.017, 10.15, 9.986, 9.668, 9.251, 9.088, 8.811, 9.401, 12.195, 15.86, 17.409, 17.752, 17.982, 18.678, 18.558, 18.441, 18.512, 18.089, 18.069, 19.111, 19.18, 18.955, 18.696, 17.912, 17.195, 16.861, 16.984, 16.117, 14.52, 15.55, 16.2, 16.3, 16.75, 16.504, 16.674, 17.727, 17.727, 17.377, 16.974, 16.884, 17.58, 16.779, 13.027, 6.63, 2.55, 0, 1.44, 1.41, 1.36, 1.5, 1.62, 1.9, 2.73, 3.14, 3.23, 2.94, 3.94, 4.49, 4.27, 2.62, 1.77, 3.25, 3.49, 2.88, 2.34, 2.84, 3.48, 3.63, 3.4, 1.89, 1.55, 1.96, 2.88, 2.6, 1.7, 1.89, 2.39, 3.49, 4.37, 5.65, 8.16, 10.06, 10.05, 9.83, 10.0, 10.56], [12.169, 11.202, 11.052, 10.889, 10.354, 10.259, 9.928, 10.498, 13.399, 17.012, 18.543, 18.901, 19.123, 19.816, 19.727, 19.627, 19.693, 19.27, 19.218, 20.277, 20.338, 20.107, 19.819, 19.021, 18.336, 18.05, 18.21, 17.36, 15.7, 16.85, 17.5, 17.543, 17.973, 17.673, 17.909, 19.002, 19.022, 18.672, 18.269, 18.179, 18.854, 18.062, 14.27, 7.79, 3.67, 1.44, 0, 1.09, 1.58, 1.38, 1.36, 1.7, 1.75, 2.26, 2.55, 2.12, 2.86, 3.39, 3.13, 1.64, 2.21, 4.03, 4.09, 3.0, 2.64, 3.96, 4.46, 4.55, 4.24, 2.99, 2.27, 2.94, 4.0, 3.68, 2.6, 3.01, 3.31, 4.53, 5.55, 6.79, 9.28, 11.18, 11.17, 10.95, 11.12, 11.7], [11.642, 10.694, 10.603, 10.499, 9.963, 9.881, 9.523, 10.059, 13.026, 16.637, 18.169, 18.516, 18.723, 19.434, 19.333, 19.239, 19.299, 18.893, 18.833, 19.861, 19.916, 19.688, 19.392, 18.585, 17.91, 17.537, 17.617, 16.77, 15.09, 16.24, 16.87, 16.933, 17.38, 17.112, 17.296, 18.394, 18.454, 18.064, 17.662, 17.572, 18.267, 17.449, 13.66, 7.36, 3.24, 1.41, 1.09, 0, 0.95, 0.91, 1.15, 1.53, 1.7, 2.67, 3.02, 2.51, 3.39, 3.84, 3.54, 2.01, 1.8, 3.52, 3.68, 2.63, 2.21, 3.61, 4.07, 4.18, 3.79, 2.64, 1.96, 2.57, 3.63, 3.25, 2.05, 2.62, 2.98, 4.2, 5.06, 6.3, 8.87, 10.77, 10.76, 10.54, 10.71, 11.29], [11.214, 10.364, 10.305, 10.145, 9.589, 9.522, 9.149, 9.631, 12.692, 16.267, 17.792, 18.128, 18.332, 19.04, 18.942, 18.848, 18.908, 18.485, 18.425, 19.47, 19.531, 19.226, 19.001, 18.177, 17.54, 17.129, 17.047, 16.3, 14.68, 15.67, 16.36, 16.303, 16.73, 16.504, 16.714, 17.867, 17.967, 17.457, 17.114, 16.984, 17.78, 16.862, 13.01, 7.05, 2.83, 1.36, 1.58, 0.95, 0, 0.64, 1.14, 1.68, 2.03, 3.2, 3.53, 3.06, 3.88, 4.31, 4.03, 2.42, 1.65, 3.25, 3.35, 2.54, 2.08, 3.16, 3.7, 3.81, 3.52, 2.33, 1.75, 2.22, 3.28, 2.893, 1.74, 2.31, 2.61, 3.81, 4.71, 5.87, 8.46, 10.36, 10.39, 10.19, 10.38, 10.916], [11.514, 10.704, 10.574, 10.411, 9.871, 9.788, 9.427, 9.943, 12.962, 16.542, 18.071, 18.411, 18.607, 19.326, 19.208, 19.111, 19.202, 18.757, 18.694, 19.727, 19.8, 19.523, 19.276, 18.477, 17.806, 17.415, 17.418, 16.557, 15.0, 16.01, 16.68, 16.66, 17.144, 16.944, 17.092, 18.227, 18.224, 17.834, 17.432, 17.342, 18.08, 17.184, 13.39, 7.31, 3.09, 1.5, 1.38, 0.91, 0.64, 0, 0.92, 1.42, 1.69, 2.94, 3.27, 2.84, 3.64, 4.05, 3.79, 2.12, 1.85, 3.51, 3.61, 2.6, 2.12, 3.4, 3.94, 4.05, 3.72, 2.59, 1.89, 2.5, 3.54, 3.16, 1.98, 2.51, 2.81, 4.07, 4.93, 6.17, 8.76, 10.66, 10.65, 10.45, 10.62, 11.182], [11.829, 10.982, 10.948, 10.768, 10.268, 10.169, 9.827, 10.337, 13.315, 16.942, 18.482, 18.823, 19.013, 19.732, 19.626, 19.505, 19.588, 19.174, 19.108, 20.116, 20.197, 19.923, 19.661, 18.871, 18.206, 17.804, 17.861, 17.037, 15.38, 16.41, 17.1, 17.12, 17.587, 17.287, 17.509, 18.582, 18.562, 18.212, 17.809, 17.719, 18.474, 17.622, 13.847, 7.65, 3.47, 1.62, 1.36, 1.15, 1.14, 0.92, 0, 0.9, 1.41, 2.4, 2.87, 2.34, 3.18, 3.59, 3.35, 1.76, 2.17, 3.93, 4.07, 3.06, 2.68, 3.86, 4.36, 4.51, 4.22, 2.97, 2.27, 2.94, 3.94, 3.56, 2.42, 2.91, 3.23, 4.47, 5.27, 6.55, 9.14, 11.04, 11.05, 10.85, 11.02, 11.579], [12.094, 11.224, 11.137, 10.917, 10.437, 10.331, 9.965, 10.507, 13.441, 17.08, 18.615, 18.967, 19.159, 19.884, 19.755, 19.652, 19.737, 19.315, 19.263, 20.241, 20.32, 20.091, 19.822, 19.029, 18.346, 18.081, 18.152, 17.268, 15.671, 16.57, 17.277, 17.437, 17.924, 17.644, 17.834, 18.827, 18.802, 18.392, 17.989, 17.933, 18.629, 17.873, 14.164, 7.75, 3.75, 1.9, 1.7, 1.53, 1.68, 1.42, 0.9, 0, 1.43, 2.22, 2.47, 2.08, 3.06, 3.53, 3.25, 1.82, 2.45, 4.19, 4.31, 3.5, 2.96, 3.94, 4.46, 4.63, 4.34, 3.11, 2.35, 3.02, 4.06, 3.72, 2.56, 3.09, 3.41, 4.59, 5.49, 6.79, 9.3, 11.2, 11.19, 10.97, 11.14, 11.716], [12.79, 11.892, 11.824, 11.663, 11.183, 11.081, 10.729, 11.268, 14.191, 17.843, 19.379, 19.728, 19.92, 20.637, 20.53, 20.422, 20.502, 20.079, 20.027, 21.026, 21.096, 20.862, 20.583, 19.768, 19.108, 18.754, 18.854, 18.007, 16.344, 17.38, 18.05, 18.17, 18.62, 18.32, 18.53, 19.566, 19.549, 19.199, 18.796, 18.726, 19.422, 18.646, 14.897, 8.52, 4.4, 2.73, 1.75, 1.7, 2.03, 1.69, 1.41, 1.43, 0, 1.77, 2.34, 1.83, 2.35, 2.76, 2.46, 1.23, 2.68, 4.66, 4.74, 3.25, 3.11, 4.71, 5.23, 5.34, 4.99, 3.84, 3.04, 3.77, 4.83, 4.45, 3.29, 3.9, 4.18, 5.38, 6.16, 7.48, 10.07, 11.97, 11.96, 11.74, 11.91, 12.481], [13.777, 12.947, 12.746, 12.509, 12.0, 11.911, 11.545, 12.09, 15.039, 18.66, 20.192, 20.55, 20.763, 21.476, 21.361, 21.252, 21.332, 20.927, 20.869, 21.874, 21.953, 21.718, 21.422, 20.635, 19.93, 19.687, 19.807, 18.957, 17.34, 18.45, 19.08, 19.12, 19.57, 19.344, 19.514, 20.627, 20.627, 20.277, 19.874, 19.784, 20.5, 19.627, 15.85, 9.43, 5.39, 3.14, 2.26, 2.67, 3.2, 2.94, 2.4, 2.22, 1.77, 0, 1.45, 1.34, 1.32, 1.67, 1.47, 1.62, 3.79, 5.55, 5.89, 4.62, 4.4, 5.62, 6.04, 6.19, 5.84, 4.67, 3.89, 4.6, 5.64, 5.28, 4.12, 4.55, 4.99, 6.17, 7.13, 8.41, 10.88, 12.78, 12.77, 12.55, 12.76, 13.3], [13.807, 12.9, 12.662, 12.362, 11.81, 11.69, 11.33, 11.92, 14.894, 18.43, 19.956, 20.32, 20.536, 21.249, 21.149, 21.035, 21.123, 20.721, 20.688, 21.708, 21.772, 21.56, 21.267, 20.503, 19.771, 19.52, 19.68, 18.83, 17.31, 18.48, 19.09, 19.047, 19.457, 19.297, 19.507, 20.66, 20.64, 20.29, 19.887, 19.797, 20.513, 19.6, 15.76, 9.36, 5.36, 3.23, 2.55, 3.02, 3.53, 3.27, 2.87, 2.47, 2.34, 1.45, 0, 0.83, 1.29, 1.72, 1.62, 1.93, 4.18, 5.8, 6.06, 5.17, 4.77, 5.55, 5.93, 6.22, 5.95, 4.54, 3.76, 4.39, 5.45, 5.11, 4.09, 4.42, 5.0, 6.04, 7.16, 8.38, 10.67, 12.57, 12.56, 12.36, 12.63, 13.11], [13.517, 12.647, 12.5, 12.369, 11.8, 11.68, 11.299, 11.81, 14.879, 18.432, 19.949, 20.313, 20.531, 21.244, 21.124, 21.033, 21.11, 20.684, 20.681, 21.663, 21.724, 21.453, 21.197, 20.45, 19.761, 19.49, 19.63, 18.8, 17.12, 18.27, 18.94, 18.926, 19.316, 19.024, 19.289, 20.387, 20.404, 20.054, 19.652, 19.562, 20.32, 19.482, 15.65, 9.21, 5.11, 2.94, 2.12, 2.51, 3.06, 2.84, 2.34, 2.08, 1.83, 1.34, 0.83, 0, 1.12, 1.65, 1.43, 1.5, 3.73, 5.45, 5.65, 4.68, 4.36, 5.44, 5.84, 5.99, 5.7, 4.41, 3.69, 4.34, 5.4, 5.06, 4.0, 4.45, 4.83, 6.01, 6.99, 8.11, 10.58, 12.48, 12.51, 12.31, 12.5, 13.08], [14.537, 13.627, 13.42, 13.292, 12.703, 12.603, 12.206, 12.736, 15.822, 19.315, 20.837, 21.204, 21.432, 22.145, 22.045, 21.936, 22.004, 21.593, 21.601, 22.609, 22.65, 22.393, 22.103, 21.37, 20.701, 20.43, 20.55, 19.72, 18.1, 19.25, 19.9, 19.846, 20.273, 20.044, 20.254, 21.407, 21.407, 21.057, 20.654, 20.564, 21.32, 20.424, 16.59, 10.21, 6.11, 3.94, 2.86, 3.39, 3.88, 3.64, 3.18, 3.06, 2.35, 1.32, 1.29, 1.12, 0, 0.87, 0.97, 2.06, 4.33, 6.23, 6.45, 5.3, 5.1, 6.38, 6.76, 6.85, 6.5, 5.37, 4.63, 5.22, 6.28, 5.96, 4.88, 5.39, 5.69, 6.85, 7.99, 9.07, 11.48, 13.38, 13.39, 13.19, 13.44, 14.02], [14.964, 14.214, 14.042, 13.919, 13.373, 13.27, 12.869, 13.363, 16.449, 19.97, 21.499, 21.86, 22.095, 22.805, 22.702, 22.588, 22.654, 22.245, 22.266, 23.24, 23.302, 23.037, 22.764, 22.034, 21.346, 21.057, 21.14, 20.33, 18.63, 19.76, 20.45, 20.416, 20.84, 20.514, 20.739, 21.877, 21.854, 21.504, 21.102, 21.052, 21.83, 20.972, 17.12, 10.76, 6.7, 4.49, 3.39, 3.84, 4.31, 4.05, 3.59, 3.53, 2.76, 1.67, 1.72, 1.65, 0.87, 0, 0.68, 2.51, 4.88, 6.88, 6.98, 5.63, 5.51, 7.03, 7.43, 7.52, 7.11, 6.0, 5.28, 5.89, 6.95, 6.63, 5.51, 6.02, 6.34, 7.54, 8.54, 9.64, 12.09, 13.99, 14.06, 13.86, 14.05, 14.67], [14.702, 13.852, 13.702, 13.582, 13.013, 12.91, 12.532, 13.003, 16.109, 19.624, 21.156, 21.517, 21.755, 22.448, 22.345, 22.251, 22.314, 21.888, 21.908, 22.893, 22.954, 22.68, 22.41, 21.677, 20.991, 20.74, 20.86, 20.03, 18.37, 19.52, 20.19, 20.156, 20.563, 20.232, 20.479, 21.574, 21.594, 21.244, 20.842, 20.812, 21.567, 20.732, 16.86, 10.44, 6.42, 4.27, 3.13, 3.54, 4.03, 3.79, 3.35, 3.25, 2.46, 1.47, 1.62, 1.43, 0.97, 0.68, 0, 2.05, 4.54, 6.54, 6.64, 5.31, 5.15, 6.75, 7.13, 7.22, 6.81, 5.64, 4.92, 5.55, 6.61, 6.27, 5.19, 5.76, 6.08, 7.28, 8.34, 9.38, 11.73, 13.63, 13.72, 13.52, 13.73, 14.31], [13.012, 12.082, 11.874, 11.634, 11.097, 10.954, 10.591, 11.207, 14.182, 17.723, 19.255, 19.616, 19.815, 20.534, 20.425, 20.325, 20.407, 19.967, 19.936, 20.938, 21.001, 20.787, 20.54, 19.776, 19.067, 18.79, 18.95, 18.1, 16.5, 17.69, 18.32, 18.286, 18.696, 18.462, 18.712, 19.844, 19.864, 19.514, 19.112, 19.022, 19.697, 18.864, 15.03, 8.59, 4.57, 2.62, 1.64, 2.01, 2.42, 2.12, 1.76, 1.82, 1.23, 1.62, 1.93, 1.5, 2.06, 2.51, 2.05, 0, 2.71, 4.59, 4.83, 3.62, 3.46, 4.82, 5.22, 5.33, 4.94, 3.75, 3.03, 3.64, 4.68, 4.4, 3.38, 3.85, 4.19, 5.39, 6.53, 7.61, 9.98, 11.84, 11.83, 11.61, 11.78, 12.34], [10.502, 9.532, 9.359, 9.179, 8.61, 8.473, 8.116, 8.746, 11.686, 15.216, 16.748, 17.118, 17.319, 18.035, 17.932, 17.821, 17.9, 17.492, 17.474, 18.49, 18.534, 18.346, 18.073, 17.32, 16.611, 16.38, 16.56, 15.71, 14.03, 15.2, 15.85, 15.896, 16.306, 16.012, 16.276, 17.354, 17.374, 17.024, 16.622, 16.532, 17.207, 16.429, 12.64, 6.04, 2.28, 1.77, 2.21, 1.8, 1.65, 1.85, 2.17, 2.45, 2.68, 3.79, 4.18, 3.73, 4.33, 4.88, 4.54, 2.71, 0, 2.14, 2.38, 1.75, 1.63, 2.37, 2.69, 2.8, 2.43, 1.5, 1.78, 1.57, 2.17, 1.97, 1.63, 1.98, 1.86, 2.84, 4.02, 5.16, 7.47, 9.35, 9.34, 9.12, 9.31, 9.91], [8.687, 7.78, 7.513, 7.164, 6.687, 6.519, 6.204, 6.817, 9.692, 13.231, 14.805, 15.166, 15.405, 16.101, 15.975, 15.829, 15.932, 15.475, 15.528, 16.551, 16.62, 16.383, 16.153, 15.389, 14.66, 14.4, 14.58, 13.73, 12.19, 13.36, 13.99, 13.919, 14.329, 14.154, 14.384, 15.537, 15.537, 15.187, 14.784, 14.694, 15.39, 14.517, 10.68, 4.26, 2.24, 3.25, 4.03, 3.52, 3.25, 3.51, 3.93, 4.19, 4.66, 5.55, 5.8, 5.45, 6.23, 6.88, 6.54, 4.59, 2.14, 0, 0.82, 1.73, 1.91, 1.29, 1.23, 1.3, 0.97, 2.16, 3.0, 2.73, 2.17, 2.17, 2.45, 2.66, 2.0, 1.38, 2.28, 3.2, 5.57, 7.45, 7.44, 7.24, 7.45, 7.95], [8.659, 7.694, 7.502, 7.242, 6.676, 6.519, 6.156, 6.829, 9.749, 13.166, 14.74, 15.11, 15.366, 16.061, 15.918, 15.77, 15.87, 15.421, 15.577, 16.562, 16.606, 16.432, 16.162, 15.446, 14.737, 14.5, 14.68, 13.83, 12.21, 13.38, 14.03, 14.019, 14.429, 14.149, 14.439, 15.532, 15.552, 15.202, 14.799, 14.709, 15.384, 14.592, 10.78, 4.22, 2.58, 3.49, 4.09, 3.68, 3.35, 3.61, 4.07, 4.31, 4.74, 5.89, 6.06, 5.65, 6.45, 6.98, 6.64, 4.83, 2.38, 0.82, 0, 1.75, 1.93, 1.39, 1.23, 1.3, 0.85, 2.44, 3.4, 2.97, 2.43, 2.49, 2.91, 2.98, 2.18, 1.4, 2.3, 3.26, 5.53, 7.37, 7.38, 7.18, 7.43, 8.01], [9.866, 8.982, 8.88, 8.683, 8.18, 8.08, 7.711, 8.25, 11.21, 14.82, 16.369, 16.73, 16.931, 17.645, 17.544, 17.427, 17.495, 17.081, 17.032, 18.045, 18.107, 17.841, 17.585, 16.832, 16.149, 15.907, 16.027, 15.18, 13.5, 14.59, 15.26, 15.303, 15.75, 15.45, 15.663, 16.722, 16.742, 16.392, 15.989, 15.899, 16.634, 15.819, 12.03, 5.57, 2.55, 2.88, 3.0, 2.63, 2.54, 2.6, 3.06, 3.5, 3.25, 4.62, 5.17, 4.68, 5.3, 5.63, 5.31, 3.62, 1.75, 1.73, 1.75, 0, 0.94, 1.98, 2.24, 2.41, 2.06, 2.17, 2.99, 2.84, 2.68, 2.54, 2.58, 2.63, 2.07, 2.45, 3.31, 4.55, 7.0, 8.9, 8.91, 8.71, 8.88, 9.48], [10.046, 9.064, 8.969, 8.769, 8.26, 8.137, 7.771, 8.35, 11.276, 14.886, 16.432, 16.796, 16.995, 17.711, 17.608, 17.487, 17.57, 17.15, 17.116, 18.097, 18.175, 17.947, 17.674, 16.921, 16.218, 15.99, 16.11, 15.28, 13.58, 14.73, 15.4, 15.446, 15.873, 15.573, 15.826, 16.899, 16.899, 16.549, 16.146, 16.076, 16.772, 15.979, 12.19, 5.65, 2.37, 2.34, 2.64, 2.21, 2.08, 2.12, 2.68, 2.96, 3.11, 4.4, 4.77, 4.36, 5.1, 5.51, 5.15, 3.46, 1.63, 1.91, 1.93, 0.94, 0, 1.9, 2.3, 2.37, 2.12, 1.77, 2.43, 2.44, 2.48, 2.48, 2.16, 2.27, 1.79, 2.39, 3.45, 4.67, 7.1, 9.0, 8.99, 8.77, 8.96, 9.52], [8.517, 7.647, 7.392, 7.034, 6.557, 6.411, 6.108, 6.687, 9.602, 13.175, 14.709, 15.061, 15.297, 15.996, 15.87, 15.776, 15.873, 15.418, 15.404, 16.44, 16.51, 16.275, 16.008, 15.244, 14.516, 14.23, 14.35, 13.5, 12.0, 13.13, 13.74, 13.697, 14.113, 13.967, 14.157, 15.31, 15.29, 14.94, 14.537, 14.447, 15.163, 14.267, 10.43, 4.07, 2.11, 2.84, 3.96, 3.61, 3.16, 3.4, 3.86, 3.94, 4.71, 5.62, 5.55, 5.44, 6.38, 7.03, 6.75, 4.82, 2.37, 1.29, 1.39, 1.98, 1.9, 0, 0.9, 1.13, 1.26, 1.93, 2.75, 2.52, 2.0, 2.06, 2.28, 2.25, 1.75, 1.49, 2.09, 3.05, 5.46, 7.36, 7.35, 7.13, 7.36, 7.859], [8.24, 7.33, 7.092, 6.714, 6.034, 5.972, 5.549, 6.184, 9.264, 12.699, 14.187, 14.557, 14.75, 15.46, 15.357, 15.274, 15.368, 14.919, 14.896, 15.961, 15.988, 15.773, 15.523, 14.79, 14.113, 13.85, 14.05, 13.2, 11.76, 12.91, 13.52, 13.417, 13.807, 13.707, 13.94, 15.09, 15.07, 14.72, 14.317, 14.227, 14.943, 14.03, 10.17, 3.81, 2.37, 3.48, 4.46, 4.07, 3.7, 3.94, 4.36, 4.46, 5.23, 6.04, 5.93, 5.84, 6.76, 7.43, 7.13, 5.22, 2.69, 1.23, 1.23, 2.24, 2.3, 0.9, 0, 0.69, 1.04, 2.17, 2.91, 2.64, 1.88, 1.86, 2.48, 2.55, 2.03, 1.27, 1.79, 2.77, 4.92, 6.78, 6.77, 6.63, 6.96, 7.42], [8.287, 7.357, 7.07, 6.65, 6.047, 5.904, 5.527, 6.154, 9.197, 12.569, 14.114, 14.475, 14.717, 15.41, 15.296, 15.193, 15.282, 14.847, 14.889, 15.94, 15.987, 15.749, 15.502, 14.789, 14.112, 13.86, 14.04, 13.19, 11.79, 12.96, 13.57, 13.447, 13.837, 13.757, 13.987, 15.14, 15.12, 14.77, 14.367, 14.277, 14.993, 14.08, 10.18, 3.94, 2.52, 3.63, 4.55, 4.18, 3.81, 4.05, 4.51, 4.63, 5.34, 6.19, 6.22, 5.99, 6.85, 7.52, 7.22, 5.33, 2.8, 1.3, 1.3, 2.41, 2.37, 1.13, 0.69, 0, 1.11, 2.42, 3.22, 2.89, 2.13, 2.19, 2.65, 2.74, 2.12, 1.36, 1.96, 2.82, 4.91, 6.75, 6.74, 6.68, 7.01, 7.45], [8.417, 7.527, 7.246, 6.912, 6.443, 6.269, 5.903, 6.573, 9.442, 12.901, 14.493, 14.851, 15.109, 15.802, 15.679, 15.525, 15.614, 15.162, 15.316, 16.289, 16.35, 16.17, 15.906, 15.17, 14.447, 14.19, 14.35, 13.5, 11.92, 13.09, 13.72, 13.689, 14.119, 13.907, 14.117, 15.27, 15.267, 14.917, 14.514, 14.424, 15.123, 14.264, 10.45, 4.01, 2.45, 3.4, 4.24, 3.79, 3.52, 3.72, 4.22, 4.34, 4.99, 5.84, 5.95, 5.7, 6.5, 7.11, 6.81, 4.94, 2.43, 0.97, 0.85, 2.06, 2.12, 1.26, 1.04, 1.11, 0, 2.13, 