[[0, 0.93, 1.2, 1.69, 3.16, 3.48, 3.54, 3.32, 3.04, 2.8, 3.04, 3.21, 2.89, 2.35, 2.88, 3.08, 3.26, 3.5, 3.37, 3.26, 4.0, 4.32, 4.74, 6.5, 7.25, 8.08, 8.09, 8.022, 8.702, 9.449, 10.37, 11.635, 12.289, 12.354, 12.38, 13.085, 14.794, 15.471, 15.118, 14.221, 14.124, 13.777, 13.038, 12.742, 13.135, 13.761, 13.851, 13.541, 13.718, 13.545, 13.955, 14.205, 14.502, 14.068, 13.543, 13.261, 11.984, 10.682, 9.912, 10.316, 10.956, 11.566, 11.798, 11.661, 10.85, 9.473, 8.593, 9.448, 9.685, 9.598, 9.71, 9.514, 9.013, 8.952, 8.332, 8.856, 10.233, 11.072, 11.184, 10.347, 9.559, 9.177, 9.244, 9.719, 9.84, 9.917], [0.93, 0, 0.93, 1.2, 2.55, 2.89, 2.97, 2.79, 2.49, 2.31, 2.55, 2.74, 2.34, 1.88, 2.47, 2.73, 3.11, 3.35, 3.3, 3.27, 3.91, 4.17, 4.59, 6.39, 7.14, 7.97, 7.98, 7.92, 8.6, 9.381, 10.28, 11.565, 12.176, 12.241, 12.238, 12.964, 14.683, 15.36, 15.025, 14.106, 14.008, 13.661, 12.909, 12.629, 13.028, 13.653, 13.744, 13.419, 13.611, 13.452, 13.865, 14.087, 14.375, 13.961, 13.415, 13.165, 11.877, 10.555, 9.81, 10.2, 10.84, 11.439, 11.748, 11.591, 10.774, 9.411, 8.531, 9.389, 9.626, 9.539, 9.657, 9.467, 8.951, 8.856, 8.239, 8.763, 10.123, 10.959, 11.106, 10.214, 9.492, 9.118, 9.149, 9.663, 9.767, 9.853], [1.2, 0.93, 0, 1.15, 2.58, 2.98, 3.02, 2.88, 2.76, 2.54, 2.48, 2.61, 2.27, 1.83, 2.54, 2.82, 3.26, 3.58, 3.47, 3.52, 4.16, 4.38, 4.82, 6.62, 7.39, 8.24, 8.25, 8.184, 8.836, 9.605, 10.51, 11.777, 12.429, 12.467, 12.36, 13.15, 14.879, 15.539, 15.26, 14.278, 14.181, 13.834, 13.078, 12.853, 13.271, 13.906, 13.973, 13.649, 13.84, 13.693, 14.106, 14.327, 14.607, 14.187, 13.645, 13.398, 12.106, 10.77, 9.98, 10.43, 11.07, 11.663, 11.941, 11.804, 11.01, 9.627, 8.747, 9.608, 9.842, 9.758, 9.864, 9.654, 9.155, 9.017, 8.42, 8.982, 10.344, 11.226, 11.33, 10.444, 9.71, 9.354, 9.39, 9.869, 9.983, 10.082], [1.69, 1.2, 1.15, 0, 1.89, 2.41, 2.27, 2.23, 2.13, 1.83, 1.87, 1.88, 1.6, 1.28, 1.91, 2.27, 2.81, 3.45, 3.56, 3.51, 3.95, 3.87, 4.15, 5.87, 6.7, 7.55, 7.56, 7.5, 8.154, 8.947, 9.901, 11.11, 11.773, 11.793, 11.783, 12.49, 14.169, 14.84, 14.539, 13.594, 13.497, 13.15, 12.406, 12.166, 12.596, 13.222, 13.258, 12.939, 13.125, 13.023, 13.439, 13.661, 13.901, 13.481, 12.95, 12.748, 11.391, 10.058, 9.29, 9.7, 10.34, 10.956, 11.288, 11.151, 10.337, 8.968, 8.088, 8.952, 9.18, 9.102, 9.208, 8.998, 8.511, 8.345, 7.742, 8.326, 9.66, 10.53, 10.674, 9.797, 9.037, 8.681, 8.706, 9.211, 9.324, 9.407], [3.16, 2.55, 2.58, 1.89, 0, 1.12, 1.26, 1.16, 1.14, 1.06, 1.32, 1.61, 1.23, 1.19, 1.48, 1.26, 1.86, 2.68, 3.07, 3.12, 3.14, 2.86, 2.84, 4.46, 5.25, 6.1, 6.11, 6.044, 6.71, 7.555, 8.535, 9.703, 10.387, 10.399, 10.318, 11.072, 12.722, 13.382, 13.097, 12.13, 12.032, 11.685, 10.944, 10.704, 11.131, 11.76, 11.816, 11.5, 11.683, 11.556, 11.975, 12.196, 12.45, 12.054, 11.517, 11.342, 9.949, 8.613, 7.82, 8.27, 8.91, 9.503, 9.889, 9.752, 8.907, 7.587, 6.707, 7.553, 7.784, 7.703, 7.809, 7.619, 7.19, 7.006, 6.349, 6.871, 8.202, 9.083, 9.267, 8.384, 7.607, 7.231, 7.247, 7.787, 7.857, 7.957], [3.48, 2.89, 2.98, 2.41, 1.12, 0, 1.02, 1.0, 1.1, 1.26, 1.56, 1.71, 1.47, 1.61, 1.76, 1.52, 1.8, 2.42, 3.07, 3.16, 3.06, 2.62, 2.64, 4.2, 4.97, 5.82, 5.85, 5.75, 6.45, 7.2, 8.171, 9.383, 9.997, 10.04, 10.022, 10.728, 12.436, 13.051, 12.78, 11.79, 11.735, 11.388, 10.664, 10.41, 10.84, 11.469, 11.519, 11.206, 11.386, 11.254, 11.664, 11.916, 12.162, 11.754, 11.234, 10.959, 9.74, 8.302, 7.489, 7.927, 8.567, 9.183, 9.478, 9.361, 8.587, 7.227, 6.327, 7.145, 7.388, 7.301, 7.404, 7.277, 6.747, 6.583, 5.932, 6.542, 7.899, 8.76, 8.904, 8.05, 7.287, 6.908, 6.933, 7.462, 7.595, 7.657], [3.54, 2.97, 3.02, 2.27, 1.26, 1.02, 0, 0.8, 1.04, 1.12, 1.22, 1.25, 1.37, 1.63, 2.08, 1.84, 2.1, 2.74, 3.45, 3.8, 3.62, 3.14, 2.74, 4.22, 4.97, 5.794, 5.824, 5.782, 6.427, 7.294, 8.285, 9.477, 10.12, 10.114, 10.094, 10.78, 12.442, 13.074, 12.792, 11.85, 11.753, 11.405, 10.667, 10.445, 10.866, 11.486, 11.531, 11.223, 11.398, 11.277, 11.704, 11.942, 12.174, 11.76, 11.237, 10.999, 9.775, 8.368, 7.572, 7.973, 8.622, 9.234, 9.663, 9.537, 8.698, 7.366, 6.466, 7.307, 7.565, 7.457, 7.6, 7.496, 6.95, 6.773, 6.137, 6.608, 7.928, 8.78, 9.076, 8.182, 7.376, 6.982, 7.013, 7.593, 7.646, 7.694], [3.32, 2.79, 2.88, 2.23, 1.16, 1.0, 0.8, 0, 0.62, 0.9, 1.26, 1.43, 1.23, 1.49, 1.8, 1.68, 1.96, 2.54, 3.09, 3.38, 3.3, 2.96, 2.62, 4.22, 5.007, 5.894, 5.884, 5.85, 6.544, 7.394, 8.441, 9.597, 10.211, 10.225, 10.182, 10.851, 12.51, 13.111, 12.857, 11.87, 11.793, 11.445, 10.744, 10.504, 10.935, 11.56, 11.596, 11.286, 11.463, 11.345, 11.772, 12.027, 12.242, 11.828, 11.291, 11.074, 9.837, 8.439, 7.632, 8.064, 8.687, 9.34, 9.749, 9.612, 8.778, 7.435, 6.555, 7.413, 7.65, 7.572, 7.715, 7.611, 7.081, 6.895, 6.215, 6.702, 8.013, 8.854, 9.175, 8.305, 7.498, 7.102, 7.127, 7.701, 7.788, 7.828], [3.04, 2.49, 2.76, 2.13, 1.14, 1.1, 1.04, 0.62, 0, 0.7, 1.3, 1.49, 1.19, 1.41, 1.68, 1.4, 1.74, 2.34, 2.89, 3.06, 3.04, 2.68, 2.54, 4.26, 5.024, 5.891, 5.901, 5.858, 6.553, 7.405, 8.419, 9.602, 10.232, 10.24, 10.132, 10.837, 12.514, 13.125, 12.86, 11.879, 11.804, 11.457, 10.732, 10.522, 10.955, 11.574, 11.59, 11.28, 11.458, 11.368, 11.778, 12.047, 12.251, 11.819, 11.285, 11.048, 9.806, 8.453, 7.669, 8.07, 8.73, 9.377, 9.806, 9.669, 8.832, 7.469, 6.589, 7.447, 7.678, 7.609, 7.712, 7.571, 7.041, 6.913, 6.226, 6.676, 8.042, 8.891, 9.152, 8.275, 7.53, 7.136, 7.167, 7.727, 7.799, 7.845], [2.8, 2.31, 2.54, 1.83, 1.06, 1.26, 1.12, 0.9, 0.7, 0, 1.18, 1.45, 1.19, 1.17, 1.54, 1.44, 1.94, 2.62, 3.09, 3.18, 3.28, 2.84, 2.68, 4.32, 5.116, 5.971, 5.99, 5.938, 6.593, 7.448, 8.527, 9.692, 10.301, 10.273, 10.272, 10.937, 12.599, 13.248, 12.932, 12.027, 11.93, 11.583, 10.841, 10.602, 11.02, 11.646, 11.671, 11.363, 11.538, 11.431, 11.844, 12.093, 12.328, 11.891, 11.368, 11.174, 9.938, 8.522, 7.749, 8.136, 8.796, 9.434, 9.832, 9.675, 8.832, 7.495, 6.615, 7.473, 7.71, 7.655, 7.737, 7.676, 7.19, 7.013, 6.354, 6.748, 8.082, 8.96, 9.198, 8.325, 7.561, 7.168, 7.216, 7.753, 7.826, 7.888], [3.04, 2.55, 2.48, 1.87, 1.32, 1.56, 1.22, 1.26, 1.3, 1.18, 0, 0.69, 1.19, 1.43, 1.84, 1.76, 2.2, 2.72, 3.31, 3.52, 3.46, 3.16, 3.2, 5.02, 5.81, 6.597, 6.647, 6.661, 7.227, 8.176, 9.182, 10.342, 10.995, 10.999, 10.883, 11.559, 13.236, 13.879, 13.594, 12.593, 12.535, 12.208, 11.467, 11.213, 11.646, 12.271, 12.322, 12.014, 12.189, 12.096, 12.509, 12.736, 12.965, 12.544, 12.019, 11.755, 10.563, 9.202, 8.349, 8.827, 9.527, 10.143, 10.537, 10.4, 9.563, 8.243, 7.357, 8.204, 8.441, 8.354, 8.457, 8.253, 7.846, 7.692, 6.963, 7.41, 8.77, 9.7, 9.923, 9.039, 8.263, 7.887, 7.929, 8.455, 8.531, 8.596], [3.21, 2.74, 2.61, 1.88, 1.61, 1.71, 1.25, 1.43, 1.49, 1.45, 0.69, 0, 1.16, 1.7, 1.99, 1.93, 2.21, 2.75, 3.24, 3.61, 3.57, 3.19, 3.15, 5.03, 5.839, 6.649, 6.676, 6.667, 7.236, 8.172, 9.142, 10.331, 10.972, 11.009, 10.839, 11.513, 13.163, 13.84, 13.573, 12.588, 12.494, 12.107, 11.462, 11.239, 11.672, 12.292, 12.24, 11.933, 12.187, 12.1, 12.513, 12.745, 12.968, 12.529, 11.957, 11.72, 10.521, 9.14, 8.366, 8.813, 9.491, 10.137, 10.57, 10.433, 9.573, 8.253, 7.373, 8.219, 8.456, 8.369, 8.472, 8.262, 7.833, 7.618, 6.941, 7.428, 8.78, 9.706, 9.933, 9.056, 8.293, 7.897, 7.91, 8.464, 8.52, 8.6], [2.89, 2.34, 2.27, 1.6, 1.23, 1.47, 1.37, 1.23, 1.19, 1.19, 1.19, 1.16, 0, 1.1, 1.39, 1.39, 1.83, 2.29, 2.68, 3.03, 2.93, 2.79, 2.87, 4.69, 5.5, 6.35, 6.36, 6.322, 6.968, 7.855, 8.855, 9.995, 10.632, 10.695, 10.561, 11.26, 12.923, 13.549, 13.299, 12.294, 12.194, 11.847, 11.134, 10.934, 11.367, 11.995, 12.017, 11.693, 11.884, 11.788, 12.21, 12.451, 12.669, 12.234, 11.697, 11.52, 10.17, 8.86, 8.09, 8.517, 9.177, 9.835, 10.267, 10.131, 9.288, 7.933, 7.053, 7.923, 8.148, 8.073, 8.179, 7.957, 7.491, 7.283, 6.653, 7.123, 8.466, 9.361, 9.631, 8.731, 7.988, 7.612, 7.613, 8.145, 8.223, 8.303], [2.35, 1.88, 1.83, 1.28, 1.19, 1.61, 1.63, 1.49, 1.41, 1.17, 1.43, 1.7, 1.1, 0, 1.15, 1.19, 1.95, 2.57, 2.82, 2.81, 3.09, 2.97, 3.33, 4.91, 5.7, 6.57, 6.58, 6.511, 7.174, 8.007, 8.903, 10.187, 10.817, 10.78, 10.733, 11.49, 13.18, 13.815, 13.539, 12.591, 12.491, 12.144, 11.402, 11.18, 11.604, 12.227, 12.266, 11.97, 12.142, 12.014, 12.427, 12.674, 12.903, 12.492, 11.981, 11.693, 10.399, 9.066, 8.29, 8.72, 9.36, 9.973, 10.345, 10.205, 9.371, 8.025, 7.136, 8.003, 8.243, 8.153, 8.256, 8.046, 7.585, 7.376, 6.759, 7.358, 8.669, 9.55, 9.711, 8.814, 8.071, 7.718, 7.728, 8.228, 8.358, 8.438], [2.88, 2.47, 2.54, 1.91, 1.48, 1.76, 2.08, 1.8, 1.68, 1.54, 1.84, 1.99, 1.39, 1.15, 0, 0.92, 1.86, 2.36, 2.41, 2.36, 2.72, 2.66, 2.94, 4.44, 5.09, 5.94, 6.01, 6.05, 6.69, 7.595, 8.511, 9.804, 10.422, 10.366, 10.395, 11.009, 12.585, 13.162, 12.915, 11.927, 11.847, 11.503, 10.804, 10.576, 11.0, 11.62, 11.668, 11.378, 11.538, 11.414, 11.827, 12.119, 12.296, 11.891, 11.427, 11.107, 9.834, 8.513, 7.7, 8.141, 8.824, 9.474, 9.898, 9.758, 8.898, 7.578, 6.718, 7.544, 7.784, 7.694, 7.841, 7.587, 7.23, 7.009, 6.392, 7.03, 8.105, 9.0, 9.31, 8.47, 7.69, 7.28, 7.29, 7.821, 7.926, 7.985], [3.08, 2.73, 2.82, 2.27, 1.26, 1.52, 1.84, 1.68, 1.4, 1.44, 1.76, 1.93, 1.39, 1.19, 0.92, 0, 1.18, 1.98, 2.33, 2.46, 2.5, 2.28, 2.46, 3.94, 4.63, 5.46, 5.53, 5.49, 6.139, 7.01, 7.94, 9.202, 9.802, 9.749, 9.772, 10.512, 12.103, 12.728, 12.455, 11.513, 11.401, 11.06, 10.321, 10.104, 10.52, 11.14, 11.197, 10.913, 11.079, 10.942, 11.352, 11.608, 11.816, 11.432, 10.933, 10.691, 9.295, 7.967, 7.2, 7.61, 8.27, 8.883, 9.255, 9.138, 8.301, 6.938, 6.058, 6.913, 7.15, 7.063, 7.198, 6.959, 6.578, 6.33, 5.772, 6.408, 7.573, 8.46, 8.618, 7.716, 7.039, 6.64, 6.67, 7.17, 7.3, 7.391], [3.26, 3.11, 3.26, 2.81, 1.86, 1.8, 2.1, 1.96, 1.74, 1.94, 2.2, 2.21, 1.83, 1.95, 1.86, 1.18, 0, 1.2, 1.79, 2.1, 1.98, 1.74, 1.84, 3.48, 4.21, 5.02, 5.03, 4.97, 5.621, 6.46, 7.367, 8.626, 9.235, 9.27, 9.238, 10.011, 11.685, 12.362, 12.046, 11.098, 11.001, 10.654, 9.918, 9.639, 10.04, 10.674, 10.762, 10.446, 10.629, 10.462, 10.872, 11.107, 11.39, 10.97, 10.454, 10.206, 8.895, 7.573, 6.8, 7.23, 7.89, 8.486, 8.778, 8.661, 7.841, 6.461, 5.581, 6.436, 6.673, 6.586, 6.707, 6.526, 6.001, 5.877, 5.272, 5.744, 7.13, 8.009, 8.156, 7.256, 6.556, 6.165, 6.196, 6.687, 6.814, 6.9], [3.5, 3.35, 3.58, 3.45, 2.68, 2.42, 2.74, 2.54, 2.34, 2.62, 2.72, 2.75, 2.29, 2.57, 2.36, 1.98, 1.2, 0, 1.19, 1.7, 1.4, 1.62, 1.92, 3.52, 4.25, 5.02, 5.05, 4.987, 5.647, 6.547, 7.48, 8.69, 9.337, 9.379, 9.211, 9.876, 11.513, 12.244, 11.892, 10.881, 10.821, 10.514, 9.747, 9.484, 9.917, 10.543, 10.599, 10.277, 10.466, 10.407, 10.82, 11.107, 11.299, 10.816, 10.299, 10.009, 8.92, 7.618, 6.76, 7.27, 7.95, 8.58, 9.03, 8.91, 8.05, 6.695, 5.795, 6.645, 6.869, 6.795, 6.865, 6.635, 6.142, 6.028, 5.389, 5.819, 7.202, 8.083, 8.375, 7.49, 6.735, 6.302, 6.332, 6.875, 6.925, 7.004], [3.37, 3.3, 3.47, 3.56, 3.07, 3.07, 3.45, 3.09, 2.89, 3.09, 3.31, 3.24, 2.68, 2.82, 2.41, 2.33, 1.79, 1.19, 0, 1.09, 1.37, 1.87, 2.51, 4.09, 4.8, 5.65, 5.54, 5.542, 6.285, 7.183, 8.058, 9.323, 9.905, 9.916, 9.767, 10.48, 12.083, 12.791, 12.498, 11.442, 11.328, 11.0, 10.353, 10.085, 10.527, 11.126, 11.125, 10.821, 11.072, 10.957, 11.39, 11.751, 11.957, 11.465, 10.914, 10.655, 9.458, 8.134, 7.378, 7.84, 8.494, 9.172, 9.604, 9.487, 8.627, 7.287, 6.387, 7.239, 7.476, 7.389, 7.472, 7.247, 6.755, 6.562, 5.937, 6.42, 7.783, 8.672, 8.947, 8.047, 7.307, 6.914, 6.912, 7.452, 7.522, 7.623], [3.26, 3.27, 3.52, 3.51, 3.12, 3.16, 3.8, 3.38, 3.06, 3.18, 3.52, 3.61, 3.03, 2.81, 2.36, 2.46, 2.1, 1.7, 1.09, 0, 1.26, 1.56, 2.52, 3.96, 4.65, 5.48, 5.39, 5.429, 6.169, 7.026, 7.919, 9.192, 9.801, 9.832, 9.686, 10.379, 11.956, 12.656, 12.368, 11.344, 11.215, 10.868, 10.246, 9.967, 10.388, 10.982, 10.978, 10.705, 10.945, 10.818, 11.254, 11.626, 11.841, 11.338, 10.833, 10.525, 9.337, 8.02, 7.248, 7.698, 8.351, 9.029, 9.471, 9.354, 8.494, 7.154, 6.234, 7.104, 7.341, 7.254, 7.356, 7.132, 6.639, 6.485, 5.796, 6.31, 7.661, 8.553, 8.814, 7.914, 7.174, 6.781, 6.779, 7.313, 7.413, 7.486], [4.0, 3.91, 4.16, 3.95, 3.14, 3.06, 3.62, 3.3, 3.04, 3.28, 3.46, 3.57, 2.93, 3.09, 2.72, 2.5, 1.98, 1.4, 1.37, 1.26, 0, 1.06, 2.08, 3.4, 4.01, 4.78, 4.75, 4.794, 5.504, 6.378, 7.254, 8.492, 9.153, 9.169, 9.048, 9.674, 11.21, 11.979, 11.586, 10.561, 10.501, 10.214, 9.507, 9.119, 9.517, 10.117, 10.176, 9.972, 10.203, 10.167, 10.6, 10.941, 11.107, 10.576, 10.099, 9.806, 8.699, 7.384, 6.589, 7.044, 7.694, 8.344, 8.794, 8.677, 7.817, 6.497, 5.604, 6.394, 6.651, 6.544, 6.647, 6.425, 5.944, 5.802, 5.145, 5.653, 6.996, 7.844, 8.157, 7.277, 6.517, 6.104, 6.105, 6.667, 6.715, 6.798], [4.32, 4.17, 4.38, 3.87, 2.86, 2.62, 3.14, 2.96, 2.68, 2.84, 3.16, 3.19, 2.79, 2.97, 2.66, 2.28, 1.74, 1.62, 1.87, 1.56, 1.06, 0, 1.52, 2.82, 3.49, 4.28, 4.25, 4.274, 4.99, 5.881, 6.794, 8.042, 8.685, 8.689, 8.612, 9.219, 10.731, 11.505, 11.103, 10.156, 10.039, 9.751, 9.07, 8.656, 9.072, 9.677, 9.693, 9.498, 9.74, 9.702, 10.135, 10.479, 10.659, 10.094, 9.625, 9.344, 8.225, 6.896, 6.169, 6.556, 7.236, 7.893, 8.284, 8.167, 7.337, 5.987, 5.047, 5.902, 6.154, 6.052, 6.17, 5.96, 5.467, 5.382, 4.749, 5.166, 6.522, 7.356, 7.627, 6.777, 6.017, 5.609, 5.663, 6.182, 6.27, 6.327], [4.74, 4.59, 4.82, 4.15, 2.84, 2.64, 2.74, 2.62, 2.54, 2.68, 3.2, 3.15, 2.87, 3.33, 2.94, 2.46, 1.84, 1.92, 2.51, 2.52, 2.08, 1.52, 0, 2.04, 2.87, 3.7, 3.77, 3.73, 4.347, 5.328, 6.421, 7.543, 8.132, 8.112, 8.029, 8.623, 10.156, 10.91, 10.54, 9.599, 9.501, 9.154, 8.481, 8.199, 8.637, 9.263, 9.239, 8.938, 9.16, 9.162, 9.577, 9.842, 10.024, 9.476, 8.959, 8.768, 7.697, 6.265, 5.54, 5.93, 6.61, 7.282, 7.691, 7.534, 6.695, 5.375, 4.476, 5.326, 5.546, 5.496, 5.602, 5.54, 5.07, 4.895, 4.214, 4.63, 5.893, 6.748, 7.054, 6.175, 5.395, 5.039, 5.052, 5.562, 5.662, 5.716], [6.5, 6.39, 6.62, 5.87, 4.46, 4.2, 4.22, 4.22, 4.26, 4.32, 5.02, 5.03, 4.69, 4.91, 4.44, 3.94, 3.48, 3.52, 4.09, 3.96, 3.4, 2.82, 2.04, 0, 1.23, 1.92, 1.95, 2.07, 2.57, 3.46, 4.59, 5.66, 6.18, 6.193, 6.3, 6.805, 8.32, 8.979, 8.678, 7.761, 7.644, 7.334, 6.575, 6.344, 6.763, 7.369, 7.462, 7.129, 7.329, 7.204, 7.598, 7.893, 8.085, 7.699, 7.211, 6.969, 6.019, 4.342, 3.52, 3.93, 4.63, 5.246, 5.652, 5.515, 4.675, 3.47, 2.95, 3.62, 4.08, 4.19, 4.17, 4.1, 3.29, 2.94, 2.42, 2.87, 3.992, 4.76, 5.055, 4.21, 3.57, 3.18, 3.15, 3.595, 3.72, 3.888], [7.25, 7.14, 7.39, 6.7, 5.25, 4.97, 4.97, 5.007, 5.024, 5.116, 5.81, 5.839, 5.5, 5.7, 5.09, 4.63, 4.21, 4.25, 4.8, 4.65, 4.01, 3.49, 2.87, 1.23, 0, 1.07, 1.26, 1.44, 1.92, 2.73, 3.98, 5.03, 5.501, 5.538, 5.864, 6.361, 7.695, 8.29, 7.94, 7.054, 6.988, 6.658, 5.865, 5.552, 5.962, 6.617, 6.718, 6.405, 6.543, 6.409, 6.819, 7.175, 7.412, 6.981, 6.511, 6.263, 5.174, 3.72, 2.89, 3.26, 3.94, 4.547, 4.896, 4.776, 3.936, 2.72, 2.24, 2.89, 3.29, 3.22, 3.16, 3.09, 2.58, 2.43, 1.89, 2.36, 3.27, 4.002, 4.4, 3.58, 2.88, 2.47, 2.36, 2.94, 3.05, 3.17], [8.08, 7.97, 8.24, 7.55, 6.1, 5.82, 5.794, 5.894, 5.891, 5.971, 6.597, 6.649, 6.35, 6.57, 5.94, 5.46, 5.02, 5.02, 5.65, 5.48, 4.78, 4.28, 3.7, 1.92, 1.07, 0, 0.71, 1.07, 1.51, 2.08, 3.13, 4.2, 4.77, 4.848, 5.177, 5.641, 6.943, 7.543, 7.124, 6.338, 6.23, 5.931, 5.169, 4.787, 5.158, 5.803, 5.944, 5.68, 5.784, 5.646, 6.069, 6.392, 6.637, 6.215, 5.786, 5.444, 4.4, 3.11, 2.26, 2.65, 3.21, 3.78, 4.17, 4.052, 3.232, 2.39, 1.83, 2.32, 2.84, 2.77, 2.73, 2.42, 1.85, 1.82, 1.54, 1.73, 2.67, 3.214, 3.622, 2.97, 2.29, 1.92, 1.99, 2.25, 2.46, 2.48], [8.09, 7.98, 8.25, 7.56, 6.11, 5.85, 5.824, 5.884, 5.901, 5.99, 6.647, 6.676, 6.36, 6.58, 6.01, 5.53, 5.03, 5.05, 5.54, 5.39, 4.75, 4.25, 3.77, 1.95, 1.26, 0.71, 0, 0.88, 1.52, 2.05, 3.1, 4.13, 4.677, 4.866, 5.05, 5.557, 6.959, 7.627, 7.223, 6.382, 6.249, 5.939, 5.236, 4.834, 5.205, 5.813, 5.957, 5.707, 5.851, 5.667, 6.097, 6.439, 6.733, 6.329, 5.841, 5.57, 4.51, 3.14, 2.29, 2.7, 3.3, 3.87, 4.28, 4.107, 3.32, 2.56, 2.02, 2.45, 2.97, 2.96, 2.86, 2.59, 1.84, 1.89, 1.65, 1.8, 2.76, 3.287, 3.7, 3.04, 2.44, 2.07, 2.18, 2.3, 2.51, 2.47], [8.022, 7.92, 8.184, 7.5, 6.044, 5.75, 5.782, 5.85, 5.858, 5.938, 6.661, 6.667, 6.322, 6.511, 6.05, 5.49, 4.97, 4.987, 5.542, 5.429, 4.794, 4.274, 3.73, 2.07, 1.44, 1.07, 0.88, 0, 1.18, 1.89, 3.04, 4.05, 4.655, 4.673, 4.864, 5.471, 6.869, 7.574, 7.196, 6.257, 6.157, 5.827, 5.125, 4.783, 5.148, 5.813, 5.9, 5.696, 5.796, 5.589, 6.002, 6.375, 6.621, 6.178, 5.705, 5.526, 4.289, 2.96, 2.37, 2.74, 3.24, 3.79, 4.18, 4.1, 3.34, 2.58, 1.72, 2.15, 2.65, 2.54, 2.4, 2.23, 1.74, 1.71, 1.43, 1.6, 2.6, 3.21, 3.52, 2.86, 2.26, 1.83, 1.92, 2.22, 2.33, 2.29], [8.702, 8.6, 8.836, 8.154, 6.71, 6.45, 6.427, 6.544, 6.553, 6.593, 7.227, 7.236, 6.968, 7.174, 6.69, 6.139, 5.621, 5.647, 6.285, 6.169, 5.504, 4.99, 4.347, 2.57, 1.92, 1.51, 1.52, 1.18, 0, 1.45, 2.66, 3.51, 3.967, 3.94, 4.367, 4.864, 6.18, 6.857, 6.485, 5.574, 5.457, 5.147, 4.41, 4.054, 4.459, 5.116, 5.206, 4.859, 5.033, 4.938, 5.37, 5.54, 5.838, 5.44, 4.925, 4.771, 3.77, 2.12, 2.25, 2.62, 2.82, 3.13, 3.64, 3.5, 2.92, 2.02, 1.28, 1.49, 1.97, 1.98, 1.88, 2.03, 1.82, 1.51, 1.47, 1.26, 1.92, 2.61, 2.9, 2.22, 1.76, 1.57, 1.54, 1.7, 1.79, 1.69], [9.449, 9.381, 9.605, 8.947, 7.555, 7.2, 7.294, 7.394, 7.405, 7.448, 8.176, 8.172, 7.855, 8.007, 7.595, 7.01, 6.46, 6.547, 7.183, 7.026, 6.378, 5.881, 5.328, 3.46, 2.73, 2.08, 2.05, 1.89, 1.45, 0, 1.59, 2.48, 3.1, 3.23, 3.57, 4.071, 5.61, 6.21, 5.812, 4.935, 4.878, 4.528, 3.769, 3.45, 3.817, 4.4, 4.514, 4.26, 4.417, 4.276, 4.666, 4.919, 5.219, 4.836, 4.332, 4.024, 2.92, 1.91, 2.68, 2.99, 2.95, 2.94, 3.11, 2.99, 2.75, 2.41, 1.73, 1.4, 1.66, 1.53, 1.39, 1.46, 1.31, 1.54, 1.64, 1.23, 1.63, 1.78, 2.17, 1.87, 1.49, 1.44, 1.29, 1.17, 1.24, 1.18], [10.37, 10.28, 10.51, 9.901, 8.535, 8.171, 8.285, 8.441, 8.419, 8.527, 9.182, 9.142, 8.855, 8.903, 8.511, 7.94, 7.367, 7.48, 8.058, 7.919, 7.254, 6.794, 6.421, 4.59, 3.98, 3.13, 3.1, 3.04, 2.66, 1.59, 0, 1.55, 2.09, 2.24, 2.42, 3.078, 4.66, 5.28, 4.873, 3.994, 3.922, 3.584, 2.822, 2.5, 2.847, 3.467, 3.54, 3.31, 3.416, 3.323, 3.733, 3.972, 4.272, 3.88, 3.392, 3.07, 1.83, 1.98, 3.45, 3.9, 3.82, 3.69, 3.82, 3.86, 3.8, 3.68, 3.02, 2.51, 2.89, 2.48, 1.9, 1.95, 1.86, 2.15, 2.67, 2.2, 1.74, 1.43, 1.64, 1.58, 1.74, 1.97, 2.02, 1.84, 1.89, 1.73], [11.635, 11.565, 11.777, 11.11, 9.703, 9.383, 9.477, 9.597, 9.602, 9.692, 10.342, 10.331, 9.995, 10.187, 9.804, 9.202, 8.626, 8.69, 9.323, 9.192, 8.492, 8.042, 7.543, 5.66, 5.03, 4.2, 4.13, 4.05, 3.51, 2.48, 1.55, 0, 0.98, 1.15, 1.45, 1.91, 3.29, 3.97, 3.56, 2.743, 2.66, 2.41, 1.96, 2.15, 2.16, 2.4, 2.51, 2.28, 2.36, 2.15, 2.48, 2.636, 2.956, 2.55, 2.17, 1.98, 1.58, 2.65, 4.04, 4.45, 4.27, 4.18, 4.31, 4.35, 4.39, 4.49, 3.95, 3.46, 3.86, 3.49, 2.75, 2.8, 2.97, 3.06, 3.6, 3.07, 2.33, 1.82, 1.65, 2.11, 2.37, 2.86, 2.93, 2.55, 2.56, 2.4], [12.289, 12.176, 12.429, 11.773, 10.387, 9.997, 10.12, 10.211, 10.232, 10.301, 10.995, 10.972, 10.632, 10.817, 10.422, 9.802, 9.235, 9.337, 9.905, 9.801, 9.153, 8.685, 8.132, 6.18, 5.501, 4.77, 4.677, 4.655, 3.967, 3.1, 2.09, 0.98, 0, 0.75, 1.17, 1.57, 2.75, 3.43, 2.96, 2.28, 2.24, 2.07, 1.84, 1.95, 1.8, 1.94, 2.19, 1.88, 2.0, 1.81, 2.0, 2.13, 2.41, 2.03, 1.65, 1.42, 1.74, 2.91, 4.18, 4.51, 4.43, 4.3, 4.43, 4.47, 4.49, 4.79, 4.31, 3.84, 4.2, 3.998, 3.265, 3.4, 3.55, 3.655, 4.23, 3.677, 2.81, 2.04, 1.93, 2.47, 2.995, 3.488, 3.33, 3.03, 3.02, 2.96], [12.354, 12.241, 12.467, 11.793, 10.399, 10.04, 10.114, 10.225, 10.24, 10.273, 10.999, 11.009, 10.695, 10.78, 10.366, 9.749, 9.27, 9.379, 9.916, 9.832, 9.169, 8.689, 8.112, 6.193, 5.538, 4.848, 4.866, 4.673, 3.94, 3.23, 2.24, 1.15, 0.75, 0, 1.02, 1.4, 2.54, 3.26, 2.89, 2.17, 2.13, 1.88, 1.65, 1.84, 1.75, 1.99, 2.12, 1.87, 1.97, 1.72, 1.89, 2.06, 2.22, 1.76, 1.42, 1.27, 1.63, 2.8, 4.23, 4.62, 4.44, 4.35, 4.54, 4.62, 4.68, 4.9, 4.46, 3.93, 4.35, 4.102, 3.34, 3.53, 3.68, 3.55, 4.234, 3.744, 2.68, 2.19, 1.84, 2.38, 3.01, 3.607, 3.46, 2.96, 2.93, 2.95], [12.38, 12.238, 12.36, 11.783, 10.318, 10.022, 10.094, 10.182, 10.132, 10.272, 10.883, 10.839, 10.561, 10.733, 10.395, 9.772, 9.238, 9.211, 9.767, 9.686, 9.048, 8.612, 8.029, 6.3, 5.864, 5.177, 5.05, 4.864, 4.367, 3.57, 2.42, 1.45, 1.17, 1.02, 0, 1.1, 2.64, 3.36, 3.07, 2.29, 2.33, 2.14, 2.09, 2.5, 2.37, 2.51, 2.42, 2.19, 2.37, 2.1, 2.19, 2.34, 2.48, 2.0, 1.58, 1.41, 1.89, 3.399, 4.75, 5.22, 5.08, 5.03, 5.3, 5.38, 5.44, 5.659, 5.11, 4.603, 5.0, 4.604, 3.84, 3.95, 3.94, 3.829, 4.46, 3.84, 3.14, 2.81, 2.6, 2.939, 3.427, 3.997, 3.97, 3.593, 3.629, 3.529], [13.085, 12.964, 13.15, 12.49, 11.072, 10.728, 10.78, 10.851, 10.837, 10.937, 11.559, 11.513, 11.26, 11.49, 11.009, 10.512, 10.011, 9.876, 10.48, 10.379, 9.674, 9.219, 8.623, 6.805, 6.361, 5.641, 5.557, 5.471, 4.864, 4.071, 3.078, 1.91, 1.57, 1.4, 1.1, 0, 1.86, 2.66, 2.41, 1.81, 1.93, 1.9, 2.17, 2.7, 2.57, 2.31, 2.36, 2.37, 2.39, 1.9, 1.69, 1.62, 1.72, 1.56, 1.28, 1.41, 2.41, 3.839, 5.15, 5.54, 5.14, 4.95, 5.2, 5.34, 5.6, 6.099, 5.55, 5.097, 5.514, 5.217, 4.461, 4.523, 4.467, 4.397, 5.043, 4.427, 3.698, 3.16, 2.88, 3.52, 4.037, 4.59, 4.447, 4.05, 4.089, 4.049], [14.794, 14.683, 14.879, 14.169, 12.722, 12.436, 12.442, 12.51, 12.514, 12.599, 13.236, 13.163, 12.923, 13.18, 12.585, 12.103, 11.685, 11.513, 12.083, 11.956, 11.21, 10.731, 10.156, 8.32, 7.695, 6.943, 6.959, 6.869, 6.18, 5.61, 4.66, 3.29, 2.75, 2.54, 2.64, 1.86, 0, 1.18, 1.19, 1.55, 1.61, 1.72, 2.29, 2.9, 2.61, 2.09, 1.98, 2.21, 2.25, 1.98, 1.49, 1.4, 0.98, 1.2, 1.68, 1.99, 3.43, 4.48, 5.53, 5.54, 5.08, 4.79, 4.92, 5.14, 5.74, 6.56, 6.538, 6.098, 6.303, 6.265, 5.45, 5.745, 6.075, 5.904, 6.531, 6.009, 4.675, 4.057, 3.749, 4.593, 5.369, 5.897, 5.655, 5.207, 5.096, 5.139], [15.471, 15.36, 15.539, 14.84, 13.382, 13.051, 13.074, 13.111, 13.125, 13.248, 13.879, 13.84, 13.549, 13.815, 13.162, 12.728, 12.362, 12.244, 12.791, 12.656, 11.979, 11.505, 10.91, 8.979, 8.29, 7.543, 7.627, 7.574, 6.857, 6.21, 5.28, 3.97, 3.43, 3.26, 3.36, 2.66, 1.18, 0, 1.03, 1.81, 1.91, 2.16, 2.83, 3.38, 2.99, 2.39, 2.4, 2.67, 2.41, 2.34, 1.97, 1.92, 1.46, 1.82, 2.38, 2.71, 3.93, 4.88, 5.77, 5.58, 4.96, 4.69, 4.72, 4.9, 5.64, 6.54, 7.123, 6.582, 6.63, 6.698, 6.043, 6.31, 6.7, 6.562, 7.159, 6.695, 5.252, 4.593, 4.392, 5.186, 5.998, 6.55, 6.3, 5.837, 5.747, 5.75], [15.118, 15.025, 15.26, 14.539, 13.097, 12.78, 12.792, 12.857, 12.86, 12.932, 13.594, 13.573, 13.299, 13.539, 12.915, 12.455, 12.046, 11.892, 12.498, 12.368, 11.586, 11.103, 10.54, 8.678, 7.94, 7.124, 7.223, 7.196, 6.485, 5.812, 4.873, 3.56, 2.96, 2.89, 3.07, 2.41, 1.19, 1.03, 0, 1.36, 1.48, 1.83, 2.44, 2.81, 2.44, 1.88, 1.77, 2.08, 1.9, 1.89, 1.62, 1.65, 1.21, 1.41, 1.81, 2.14, 3.42, 4.67, 5.576, 5.43, 4.97, 4.66, 4.65, 4.81, 5.37, 6.262, 6.708, 6.17, 6.21, 6.292, 5.611, 5.85, 6.317, 6.263, 6.874, 6.325, 4.953, 4.144, 4.085, 4.862, 5.617, 6.107, 5.945, 5.502, 5.358, 5.352], [14.221, 14.106, 14.278, 13.594, 12.13, 11.79, 11.85, 11.87, 11.879, 12.027, 12.593, 12.588, 12.294, 12.591, 11.927, 11.513, 11.098, 10.881, 11.442, 11.344, 10.561, 10.156, 9.599, 7.761, 7.054, 6.338, 6.382, 6.257, 5.574, 4.935, 3.994, 2.743, 2.28, 2.17, 2.29, 1.81, 1.55, 1.81, 1.36, 0, 0.82, 1.03, 1.36, 1.87, 1.7, 1.28, 1.31, 1.44, 1.38, 1.19, 1.18, 1.53, 1.37, 1.45, 1.43, 1.58, 2.64, 3.842, 4.84, 5.19, 4.87, 4.72, 4.97, 5.11, 5.33, 5.785, 5.946, 5.41, 5.451, 5.512, 4.812, 5.07, 5.425, 5.358, 5.898, 5.459, 4.09, 3.452, 3.45, 4.065, 4.8, 5.299, 5.079, 4.622, 4.599, 4.544], [14.124, 14.008, 14.181, 13.497, 12.032, 11.735, 11.753, 11.793, 11.804, 11.93, 12.535, 12.494, 12.194, 12.491, 11.847, 11.401, 11.001, 10.821, 11.328, 11.215, 10.501, 10.039, 9.501, 7.644, 6.988, 6.23, 6.249, 6.157, 5.457, 4.878, 3.922, 2.66, 2.24, 2.13, 2.33, 1.93, 1.61, 1.91, 1.48, 0.82, 0, 0.63, 1.24, 1.79, 1.56, 1.08, 1.33, 1.32, 1.16, 1.15, 1.4, 1.59, 1.37, 1.39, 1.53, 1.72, 2.58, 3.66, 4.576, 4.77, 4.45, 4.24, 4.49, 4.65, 4.95, 5.642, 5.866, 5.33, 5.365, 5.452, 4.734, 5.01, 5.328, 5.201, 5.827, 5.333, 3.922, 3.372, 3.21, 3.885, 4.679, 5.199, 4.965, 4.508, 4.42, 4.404], [13.777, 13.661, 13.834, 13.15, 11.685, 11.388, 11.405, 11.445, 11.457, 11.583, 12.208, 12.107, 11.847, 12.144, 11.503, 11.06, 10.654, 10.514, 11.0, 10.868, 10.214, 9.751, 9.154, 7.334, 6.658, 5.931, 5.939, 5.827, 5.147, 4.528, 3.584, 2.41, 2.07, 1.88, 2.14, 1.9, 1.72, 2.16, 1.83, 1.03, 0.63, 0, 0.99, 1.56, 1.43, 1.11, 1.3, 1.23, 1.07, 1.08, 1.49, 1.68, 1.56, 1.42, 1.42, 1.63, 2.27, 3.39, 4.346, 4.54, 4.26, 4.13, 4.38, 4.52, 4.76, 5.432, 5.556, 5.003, 5.098, 5.16, 4.399, 4.666, 5.018, 4.86, 5.477, 4.986, 3.603, 3.07, 2.86, 3.608, 4.333, 4.882, 4.67, 4.178, 4.103, 4.074], [13.038, 12.909, 13.078, 12.406, 10.944, 10.664, 10.667, 10.744, 10.732, 10.841, 11.467, 11.462, 11.134, 11.402, 10.804, 10.321, 9.918, 9.747, 10.353, 10.246, 9.507, 9.07, 8.481, 6.575, 5.865, 5.169, 5.236, 5.125, 4.41, 3.769, 2.822, 1.96, 1.84, 1.65, 2.09, 2.17, 2.29, 2.83, 2.44, 1.36, 1.24, 0.99, 0, 1.03, 1.18, 1.28, 1.33, 1.12, 1.2, 1.21, 1.66, 2.07, 2.05, 1.81, 1.71, 1.76, 1.72, 2.8, 3.9, 4.37, 4.19, 4.06, 4.33, 4.41, 4.59, 4.806, 4.78, 4.255, 4.364, 4.389, 3.643, 3.938, 4.299, 4.137, 4.752, 4.282, 2.91, 2.38, 2.33, 2.91, 3.653, 4.107, 3.913, 3.43, 3.36, 3.292], [12.742, 12.629, 12.853, 12.166, 10.704, 10.41, 10.445, 10.504, 10.522, 10.602, 11.213, 11.239, 10.934, 11.18, 10.576, 10.104, 9.639, 9.484, 10.085, 9.967, 9.119, 8.656, 8.199, 6.344, 5.552, 4.787, 4.834, 4.783, 4.054, 3.45, 2.5, 2.15, 1.95, 1.84, 2.5, 2.7, 2.9, 3.38, 2.81, 1.87, 1.79, 1.56, 1.03, 0, 0.71, 1.29, 1.42, 1.31, 1.31, 1.48, 2.03, 2.6, 2.54, 2.3, 2.12, 2.07, 1.79, 2.42, 3.57, 3.94, 3.9, 3.77, 3.96, 4.04, 4.06, 4.2, 4.349, 3.819, 3.87, 3.975, 3.28, 3.53, 3.92, 3.956, 4.527, 4.02, 2.72, 1.99, 2.18, 2.6, 3.3, 3.782, 3.554, 3.1, 3.03, 2.99], [13.135, 13.028, 13.271, 12.596, 11.131, 10.84, 10.866, 10.935, 10.955, 11.02, 11.646, 11.672, 11.367, 11.604, 11.0, 10.52, 10.04, 9.917, 10.527, 10.388, 9.517, 9.072, 8.637, 6.763, 5.962, 5.158, 5.205, 5.148, 4.459, 3.817, 2.847, 2.16, 1.8, 1.75, 2.37, 2.57, 2.61, 2.99, 2.44, 1.7, 1.56, 1.43, 1.18, 0.71, 0, 0.92, 1.29, 1.14, 1.2, 1.43, 1.88, 2.37, 2.35, 2.13, 1.93, 1.84, 1.96, 2.73, 3.8, 4.03, 3.93, 3.78, 3.93, 3.99, 4.09, 4.39, 4.76, 4.184, 4.28, 4.363, 3.665, 3.88, 4.302, 4.377, 4.948, 4.367, 3.07, 2.3, 2.29, 2.97, 3.647, 4.172, 3.942, 3.482, 3.394, 3.374], [13.761, 13.653, 13.906, 13.222, 11.76, 11.469, 11.486, 11.56, 11.574, 11.646, 12.271, 12.292, 11.995, 12.227, 11.62, 11.14, 10.674, 10.543, 11.126, 10.982, 10.117, 9.677, 9.263, 7.369, 6.617, 5.803, 5.813, 5.813, 5.116, 4.4, 3.467, 2.4, 1.94, 1.99, 2.51, 2.31, 2.09, 2.39, 1.88, 1.28, 1.08, 1.11, 1.28, 1.29, 0.92, 0, 1.11, 1.2, 1.16, 1.21, 1.56, 2.03, 1.91, 1.73, 1.77, 1.84, 2.3, 3.43, 4.28, 4.61, 4.37, 4.14, 4.27, 4.37, 4.57, 5.05, 5.353, 4.801, 4.864, 4.944, 4.248, 4.489, 4.953, 4.963, 5.56, 5.016, 3.653, 2.9, 2.864, 3.562, 4.268, 4.778, 4.599, 4.122, 3.969, 3.952], [13.851, 13.744, 13.973, 13.258, 11.816, 11.519, 11.531, 11.596, 11.59, 11.671, 12.322, 12.24, 12.017, 12.266, 11.668, 11.197, 10.762, 10.599, 11.125, 10.978, 10.176, 9.693, 9.239, 7.462, 6.718, 5.944, 5.957, 5.9, 5.206, 4.514, 3.54, 2.51, 2.19, 2.12, 2.42, 2.36, 1.98, 2.4, 1.77, 1.31, 1.33, 1.3, 1.33, 1.42, 1.29, 1.11, 0, 1.03, 1.17, 1.34, 1.51, 2.04, 1.92, 1.7, 1.6, 1.63, 2.19, 3.4, 4.59, 4.76, 4.54, 4.39, 4.56, 4.64, 4.84, 5.12, 5.439, 4.898, 5.003, 5.057, 4.373, 4.605, 5.074, 5.079, 5.63, 5.192, 3.84, 3.01, 3.1, 3.74, 4.452, 4.888, 4.721, 4.292, 4.139, 4.087], [13.541, 13.419, 13.649, 12.939, 11.5, 11.206, 11.223, 11.286, 11.28, 11.363, 12.014, 11.933, 11.693, 11.97, 11.378, 10.913, 10.446, 10.277, 10.821, 10.705, 9.972, 9.498, 8.938, 7.129, 6.405, 5.68, 5.707, 5.696, 4.859, 4.26, 3.31, 2.28, 1.88, 1.87, 2.19, 2.37, 2.21, 2.67, 2.08, 1.44, 1.32, 1.23, 1.12, 1.31, 1.14, 1.2, 1.03, 0, 0.74, 0.99, 1.52, 2.01, 1.99, 1.71, 1.53, 1.6, 2.0, 3.15, 4.16, 4.49, 4.37, 4.24, 4.45, 4.49, 4.57, 4.85, 5.12, 4.647, 4.708, 4.806, 4.045, 4.44, 4.87, 4.729, 5.346, 4.842, 3.45, 2.86, 2.75, 3.402, 4.062, 4.556, 4.388, 3.99, 3.86, 3.8], [13.718, 13.611, 13.84, 13.125, 11.683, 11.386, 11.398, 11.463, 11.458, 11.538, 12.189, 12.187, 11.884, 12.142, 11.538, 11.079, 10.629, 10.466, 11.072, 10.945, 10.203, 9.74, 9.16, 7.329, 6.543, 5.784, 5.851, 5.796, 5.033, 4.417, 3.416, 2.36, 2.0, 1.97, 2.37, 2.39, 2.25, 2.41, 1.9, 1.38, 1.16, 1.07, 1.2, 1.31, 1.2, 1.16, 1.17, 0.74, 0, 0.91, 1.42, 1.95, 1.87, 1.73, 1.61, 1.62, 1.98, 3.31, 4.2, 4.29, 4.13, 3.92, 4.17, 4.17, 4.29, 4.93, 5.35, 4.784, 4.805, 4.904, 4.205, 4.52, 4.964, 4.863, 5.477, 4.959, 3.599, 2.88, 2.83, 3.516, 4.219, 4.73, 4.542, 4.142, 4.02, 3.969], [13.545, 13.452, 13.693, 13.023, 11.556, 11.254, 11.277, 11.345, 11.368, 11.431, 12.096, 12.1, 11.788, 12.014, 11.414, 10.942, 10.462, 10.407, 10.957, 10.818, 10.167, 9.702, 9.162, 7.204, 6.409, 5.646, 5.667, 5.589, 4.938, 4.276, 3.323, 2.15, 1.81, 1.72, 2.1, 1.9, 1.98, 2.34, 1.89, 1.19, 1.15, 1.08, 1.21, 1.48, 1.43, 1.21, 1.34, 0.99, 0.91, 0, 0.81, 1.42, 1.46, 1.4, 1.34, 1.47, 1.99, 3.32, 4.29, 4.52, 4.26, 4.09, 4.24, 4.32, 4.5, 5.096, 5.226, 4.654, 4.714, 4.794, 4.106, 4.362, 4.746, 4.744, 5.353, 4.769, 3.443, 2.73, 2.58, 3.377, 4.061, 4.614, 4.403, 3.937, 3.85, 3.793], [13.955, 13.865, 14.106, 13.439, 11.975, 11.664, 11.704, 11.772, 11.778, 11.844, 12.509, 12.513, 12.21, 12.427, 11.827, 11.352, 10.872, 10.82, 11.39, 11.254, 10.6, 10.135, 9.577, 7.598, 6.819, 6.069, 6.097, 6.002, 5.37, 4.666, 3.733, 2.48, 2.0, 1.89, 2.19, 1.69, 1.49, 1.97, 1.62, 1.18, 1.4, 1.49, 1.66, 2.03, 1.88, 1.56, 1.51, 1.52, 1.42, 0.81, 0, 0.97, 0.95, 1.13, 1.21, 1.44, 2.38, 3.75, 4.92, 5.15, 4.75, 4.52, 4.63, 4.75, 5.05, 5.666, 5.616, 5.087, 5.235, 5.194, 4.543, 4.752, 5.119, 5.183, 5.783, 5.199, 3.89, 3.147, 3.01, 3.787, 4.511, 5.024, 4.833, 4.33, 4.296, 4.24], [14.205, 14.087, 14.327, 13.661, 12.196, 11.916, 11.942, 12.027, 12.047, 12.093, 12.736, 12.745, 12.451, 12.674, 12.119, 11.608, 11.107, 11.107, 11.751, 11.626, 10.941, 10.479, 9.842, 7.893, 7.175, 6.392, 6.439, 6.375, 5.54, 4.919, 3.972, 2.636, 2.13, 2.06, 2.34, 1.62, 1.4, 1.92, 1.65, 1.53, 1.59, 1.68, 2.07, 2.6, 2.37, 2.03, 2.04, 2.01, 1.95, 1.42, 0.97, 0, 0.66, 1.16, 1.26, 1.69, 2.91, 4.14, 5.306, 5.48, 5.0, 4.71, 4.8, 4.9, 5.44, 6.176, 5.95, 5.457, 5.774, 5.684, 4.833, 5.091, 5.409, 5.382, 6.036, 5.437, 4.14, 3.51, 3.25, 4.004, 4.743, 5.272, 5.044, 4.59, 4.483, 4.523], [14.502, 14.375, 14.607, 13.901, 12.45, 12.162, 12.174, 12.242, 12.251, 12.328, 12.965, 12.968, 12.669, 12.903, 12.296, 11.816, 11.39, 11.299, 11.957, 11.841, 11.107, 10.659, 10.024, 8.085, 7.412, 6.637, 6.733, 6.621, 5.838, 5.219, 4.272, 2.956, 2.41, 2.22, 2.48, 1.72, 0.98, 1.46, 1.21, 1.37, 1.37, 1.56, 2.05, 2.54, 2.35, 1.91, 1.92, 1.99, 1.87, 1.46, 0.95, 0.66, 0, 0.92, 1.28, 1.67, 3.05, 4.14, 5.286, 5.42, 4.94, 4.63, 4.72, 4.88, 5.48, 6.23, 6.201, 5.697, 5.914, 5.884, 5.107, 5.351, 5.689, 5.596, 6.256, 5.717, 4.34, 3.717, 3.5, 4.277, 5.024, 5.571, 5.326, 4.866, 4.78, 4.754], [14.068, 13.961, 14.187, 13.481, 12.054, 11.754, 11.76, 11.828, 11.819, 11.891, 12.544, 12.529, 12.234, 12.492, 11.891, 11.432, 10.97, 10.816, 11.465, 11.338, 10.576, 10.094, 9.476, 7.699, 6.981, 6.215, 6.329, 6.178, 5.44, 4.836, 3.88, 2.55, 2.03, 1.76, 2.0, 1.56, 1.2, 1.82, 1.41, 1.45, 1.39, 1.42, 1.81, 2.3, 2.13, 1.73, 1.7, 1.71, 1.73, 1.4, 1.13, 1.16, 0.92, 0, 0.82, 1.23, 2.69, 3.96, 5.19, 5.48, 5.04, 4.75, 4.88, 5.06, 5.52, 6.12, 5.94, 5.43, 5.67, 5.622, 4.799, 5.046, 5.306, 5.239, 5.888, 5.32, 3.995, 3.43, 3.2, 3.92, 4.641, 5.189, 4.998, 4.518, 4.49, 4.45], [13.543, 13.415, 13.645, 12.95, 11.517, 11.234, 11.237, 11.291, 11.285, 11.368, 12.019, 11.957, 11.697, 11.981, 11.427, 10.933, 10.454, 10.299, 10.914, 10.833, 10.099, 9.625, 8.959, 7.211, 6.511, 5.786, 5.841, 5.705, 4.925, 4.332, 3.392, 2.17, 1.65, 1.42, 1.58, 1.28, 1.68, 2.38, 1.81, 1.43, 1.53, 1.42, 1.71, 2.12, 1.93, 1.77, 1.6, 1.53, 1.61, 1.34, 1.21, 1.26, 1.28, 0.82, 0, 0.79, 2.27, 3.679, 5.07, 5.38, 4.96, 4.75, 4.96, 5.08, 5.38, 5.838, 5.503, 5.033, 5.304, 5.186, 4.345, 4.603, 4.844, 4.849, 5.4, 4.834, 3.615, 3.043, 2.86, 3.44, 4.153, 4.66, 4.497, 4.132, 4.108, 4.049], [13.261, 13.165, 13.398, 12.748, 11.342, 10.959, 10.999, 11.074, 11.048, 11.174, 11.755, 11.72, 11.52, 11.693, 11.107, 10.691, 10.206, 10.009, 10.655, 10.525, 9.806, 9.344, 8.768, 6.969, 6.263, 5.444, 5.57, 5.526, 4.771, 4.024, 3.07, 1.98, 1.42, 1.27, 1.41, 1.41, 1.99, 2.71, 2.14, 1.58, 1.72, 1.63, 1.76, 2.07, 1.84, 1.84, 1.63, 1.6, 1.62, 1.47, 1.44, 1.69, 1.67, 1.23, 0.79, 0, 1.94, 3.629, 5.02, 5.27, 5.07, 4.82, 5.03, 5.15, 5.41, 5.709, 5.243, 4.716, 5.044, 4.854, 4.125, 4.233, 4.574, 4.619, 5.267, 4.67, 3.49, 2.74, 2.81, 3.35, 3.96, 4.521, 4.343, 3.926, 3.959, 3.839], [11.984, 11.877, 12.106, 11.391, 9.949, 9.74, 9.775, 9.837, 9.806, 9.938, 10.563, 10.521, 10.17, 10.399, 9.834, 9.295, 8.895, 8.92, 9.458, 9.337, 8.699, 8.225, 7.697, 6.019, 5.174, 4.4, 4.51, 4.289, 3.77, 2.92, 1.83, 1.58, 1.74, 1.63, 1.89, 2.41, 3.43, 3.93, 3.42, 2.64, 2.58, 2.27, 1.72, 1.79, 1.96, 2.3, 2.19, 2.0, 1.98, 1.99, 2.38, 2.91, 3.05, 2.69, 2.27, 1.94, 0, 2.61, 4.06, 4.29, 4.21, 4.12, 4.27, 4.23, 4.21, 4.37, 4.043, 3.336, 3.41, 3.094, 2.67, 2.8, 3.37, 3.58, 3.976, 3.47, 2.35, 1.74, 1.97, 2.45, 2.77, 3.24, 3.23, 2.85, 2.88, 2.7], [10.682, 10.555, 10.77, 10.058, 8.613, 8.302, 8.368, 8.439, 8.453, 8.522, 9.202, 9.14, 8.86, 9.066, 8.513, 7.967, 7.573, 7.618, 8.134, 8.02, 7.384, 6.896, 6.265, 4.342, 3.72, 3.11, 3.14, 2.96, 2.12, 1.91, 1.98, 2.65, 2.91, 2.8, 3.399, 3.839, 4.48, 4.88, 4.67, 3.842, 3.66, 3.39, 2.8, 2.42, 2.73, 3.43, 3.4, 3.15, 3.31, 3.32, 3.75, 4.14, 4.14, 3.96, 3.679, 3.629, 2.61, 0, 1.95, 2.3, 2.24, 2.37, 2.76, 2.78, 2.8, 2.38, 2.42, 2.05, 2.39, 2.28, 1.66, 1.81, 2.08, 1.85, 2.51, 2.1, 1.28, 1.59, 1.78, 1.68, 1.8, 1.87, 1.68, 1.4, 1.31, 1.19], [9.912, 9.81, 9.98, 9.29, 7.82, 7.489, 7.572, 7.632, 7.669, 7.749, 8.349, 8.366, 8.09, 8.29, 7.7, 7.2, 6.8, 6.76, 7.378, 7.248, 6.589, 6.169, 5.54, 3.52, 2.89, 2.26, 2.29, 2.37, 2.25, 2.68, 3.45, 4.04, 4.18, 4.23, 4.75, 5.15, 5.53, 5.77, 5.576, 4.84, 4.576, 4.346, 3.9, 3.57, 3.8, 4.28, 4.59, 4.16, 4.2, 4.29, 4.92, 5.306, 5.286, 5.19, 5.07, 5.02, 4.06, 1.95, 0, 1.01, 1.41, 2.02, 2.73, 2.69, 2.23, 2.35, 2.49, 2.6, 2.78, 3.07, 2.81, 2.78, 2.37, 2.02, 2.24, 2.45, 2.31, 2.78, 2.89, 2.79, 2.91, 2.56, 2.43, 2.39, 2.46, 2.3], [10.316, 10.2, 10.43, 9.7, 8.27, 7.927, 7.973, 8.064, 8.07, 8.136, 8.827, 8.813, 8.517, 8.72, 8.141, 7.61, 7.23, 7.27, 7.84, 7.698, 7.044, 6.556, 5.93, 3.93, 3.26, 2.65, 2.7, 2.74, 2.62, 2.99, 3.9, 4.45, 4.51, 4.62, 5.22, 5.54, 5.54, 5.58, 5.43, 5.19, 4.77, 4.54, 4.37, 3.94, 4.03, 4.61, 4.76, 4.49, 4.29, 4.52, 5.15, 5.48, 5.42, 5.48, 5.38, 5.27, 4.29, 2.3, 1.01, 0, 0.84, 1.61, 2.14, 2.16, 1.94, 2.38, 2.8, 2.87, 3.03, 3.3, 3.18, 3.03, 2.74, 2.47, 2.77, 2.98, 2.82, 3.01, 3.22, 3.3, 3.34, 3.05, 2.9, 2.9, 2.83, 2.65], [10.956, 10.84, 11.07, 10.34, 8.91, 8.567, 8.622, 8.687, 8.73, 8.796, 9.527, 9.491, 9.177, 9.36, 8.824, 8.27, 7.89, 7.95, 8.494, 8.351, 7.694, 7.236, 6.61, 4.63, 3.94, 3.21, 3.3, 3.24, 2.82, 2.95, 3.82, 4.27, 4.43, 4.44, 5.08, 5.14, 5.08, 4.96, 4.97, 4.87, 4.45, 4.26, 4.19, 3.9, 3.93, 4.37, 4.54, 4.37, 4.13, 4.26, 4.75, 5.0, 4.94, 5.04, 4.96, 5.07, 4.21, 2.24, 1.41, 0.84, 0, 0.91, 1.68, 1.6, 1.86, 2.56, 2.92, 2.91, 3.07, 3.26, 3.04, 2.99, 2.86, 2.51, 2.85, 3.04, 2.86, 2.87, 3.04, 3.26, 3.4, 3.17, 3.02, 2.88, 2.81, 2.65], [11.566, 11.439, 11.663, 10.956, 9.503, 9.183, 9.234, 9.34, 9.377, 9.434, 10.143, 10.137, 9.835, 9.973, 9.474, 8.883, 8.486, 8.58, 9.172, 9.029, 8.344, 7.893, 7.282, 5.246, 4.547, 3.78, 3.87, 3.79, 3.13, 2.94, 3.69, 4.18, 4.3, 4.35, 5.03, 4.95, 4.79, 4.69, 4.66, 4.72, 4.24, 4.13, 4.06, 3.77, 3.78, 4.14, 4.39, 4.24, 3.92, 4.09, 4.52, 4.71, 4.63, 4.75, 4.75, 4.82, 4.12, 2.37, 2.02, 1.61, 0.91, 0, 1.13, 1.11, 1.83, 2.69, 3.15, 3.0, 3.06, 3.23, 3.03, 3.1, 3.25, 3.06, 3.48, 3.17, 2.93, 2.84, 3.11, 3.31, 3.43, 3.38, 3.13, 2.95, 2.84, 2.76], [11.798, 11.748, 11.941, 11.288, 9.889, 9.478, 9.663, 9.749, 9.806, 9.832, 10.537, 10.57, 10.267, 10.345, 9.898, 9.255, 8.778, 9.03, 9.604, 9.471, 8.794, 8.284, 7.691, 5.652, 4.896, 4.17, 4.28, 4.18, 3.64, 3.11, 3.82, 4.31, 4.43, 4.54, 5.3, 5.2, 4.92, 4.72, 4.65, 4.97, 4.49, 4.38, 4.33, 3.96, 3.93, 4.27, 4.56, 4.45, 4.17, 4.24, 4.63, 4.8, 4.72, 4.88, 4.96, 5.03, 4.27, 2.76, 2.73, 2.14, 1.68, 1.13, 0, 0.66, 1.66, 2.66, 3.46, 2.93, 2.93, 3.26, 3.3, 3.33, 3.52, 3.61, 4.03, 3.6, 2.92, 2.95, 2.98, 3.2, 3.36, 3.55, 3.24, 2.86, 2.83, 2.81], [11.661, 11.591, 11.804, 11.151, 9.752, 9.361, 9.537, 9.612, 9.669, 9.675, 10.4, 10.433, 10.131, 10.205, 9.758, 9.138, 8.661, 8.91, 9.487, 9.354, 8.677, 8.167, 7.534, 5.515, 4.776, 4.052, 4.107, 4.1, 3.5, 2.99, 3.86, 4.35, 4.47, 4.62, 5.38, 5.34, 5.14, 4.9, 4.81, 5.11, 4.65, 4.52, 4.41, 4.04, 3.99, 4.37, 4.64, 4.49, 4.17, 4.32, 4.75, 4.9, 4.88, 5.06, 5.08, 5.15, 4.23, 2.78, 2.69, 2.16, 1.6, 1.11, 0.66, 0, 1.38, 2.38, 3.2, 2.75, 2.73, 2.98, 3.18, 3.29, 3.48, 3.57, 3.99, 3.6, 3.08, 2.99, 3.06, 3.34, 3.5, 3.53, 3.34, 2.92, 2.87, 2.79], [10.85, 10.774, 11.01, 10.337, 8.907, 8.587, 8.698, 8.778, 8.832, 8.832, 9.563, 9.573, 9.288, 9.371, 8.898, 8.301, 7.841, 8.05, 8.627, 8.494, 7.817, 7.337, 6.695, 4.675, 3.936, 3.232, 3.32, 3.34, 2.92, 2.75, 3.8, 4.39, 4.49, 4.68, 5.44, 5.6, 5.74, 5.64, 5.37, 5.33, 4.95, 4.76, 4.59, 4.06, 4.09, 4.57, 4.84, 4.57, 4.29, 4.5, 5.05, 5.44, 5.48, 5.52, 5.38, 5.41, 4.21, 2.8, 2.23, 1.94, 1.86, 1.83, 1.66, 1.38, 0, 1.52, 2.66, 2.25, 2.33, 2.92, 3.26, 3.19, 3.28, 3.31, 3.37, 3.14, 2.84, 2.89, 2.98, 3.0, 3.06, 3.07, 2.86, 2.56, 2.61, 2.65], [9.473, 9.411, 9.627, 8.968, 7.587, 7.227, 7.366, 7.435, 7.469, 7.495, 8.243, 8.253, 7.933, 8.025, 7.578, 6.938, 6.461, 6.695, 7.287, 7.154, 6.497, 5.987, 5.375, 3.47, 2.72, 2.39, 2.56, 2.58, 2.02, 2.41, 3.68, 4.49, 4.79, 4.9, 5.659, 6.099, 6.56, 6.54, 6.262, 5.785, 5.642, 5.432, 4.806, 4.2, 4.39, 5.05, 5.12, 4.85, 4.93, 5.096, 5.666, 6.176, 6.23, 6.12, 5.838, 5.709, 4.37, 2.38, 2.35, 2.38, 2.56, 2.69, 2.66, 2.38, 1.52, 0, 1.56, 1.51, 1.73, 2.32, 2.62, 2.79, 2.9, 2.69, 2.41, 2.5, 2.76, 3.09, 3.24, 2.8, 2.48, 2.39, 2.18, 2.18, 2.17, 2.25], [8.593, 8.531, 8.747, 8.088, 6.707, 6.327, 6.466, 6.555, 6.589, 6.615, 7.357, 7.373, 7.053, 7.136, 6.718, 6.058, 5.581, 5.795, 6.387, 6.234, 5.604, 5.047, 4.476, 2.95, 2.24, 1.83, 2.02, 1.72, 1.28, 1.73, 3.02, 3.95, 4.31, 4.46, 5.11, 5.55, 6.538, 7.123, 6.708, 5.946, 5.866, 5.556, 4.78, 4.349, 4.76, 5.353, 5.439, 5.12, 5.35, 5.226, 5.616, 5.95, 6.201, 5.94, 5.503, 5.243, 4.043, 2.42, 2.49, 2.8, 2.92, 3.15, 3.46, 3.2, 2.66, 1.56, 0, 1.11, 1.49, 1.62, 1.74, 1.91, 1.96, 1.91, 1.71, 1.86, 2.42, 2.67, 2.92, 2.64, 2.04, 1.65, 1.6, 1.94, 2.05, 1.79], [9.448, 9.389, 9.608, 8.952, 7.553, 7.145, 7.307, 7.413, 7.447, 7.473, 8.204, 8.219, 7.923, 8.003, 7.544, 6.913, 6.436, 6.645, 7.239, 7.104, 6.394, 5.902, 5.326, 3.62, 2.89, 2.32, 2.45, 2.15, 1.49, 1.4, 2.51, 3.46, 3.84, 3.93, 4.603, 5.097, 6.098, 6.582, 6.17, 5.41, 5.33, 5.003, 4.255, 3.819, 4.184, 4.801, 4.898, 4.647, 4.784, 4.654, 5.087, 5.457, 5.697, 5.43, 5.033, 4.716, 3.336, 2.05, 2.6, 2.87, 2.91, 3.0, 2.93, 2.75, 2.25, 1.51, 1.11, 0, 0.88, 1.03, 1.57, 1.64, 1.89, 1.9, 1.98, 1.87, 1.91, 2.1, 2.49, 2.17, 1.77, 1.64, 1.53, 1.49, 1.58, 1.32], [9.685, 9.626, 9.842, 9.18, 7.784, 7.388, 7.565, 7.65, 7.678, 7.71, 8.441, 8.456, 8.148, 8.243, 7.784, 7.15, 6.673, 6.869, 7.476, 7.341, 6.651, 6.154, 5.546, 4.08, 3.29, 2.84, 2.97, 2.65, 1.97, 1.66, 2.89, 3.86, 4.2, 4.35, 5.0, 5.514, 6.303, 6.63, 6.21, 5.451, 5.365, 5.098, 4.364, 3.87, 4.28, 4.864, 5.003, 4.708, 4.805, 4.714, 5.235, 5.774, 5.914, 5.67, 5.304, 5.044, 3.41, 2.39, 2.78, 3.03, 3.07, 3.06, 2.93, 2.73, 2.33, 1.73, 1.49, 0.88, 0, 0.93, 1.67, 1.94, 2.33, 2.4, 2.34, 2.25, 2.17, 2.46, 2.83, 2.49, 2.03, 1.96, 1.85, 1.87, 1.9, 1.78], [9.598, 9.539, 9.758, 9.102, 7.703, 7.301, 7.457, 7.572, 7.609, 7.655, 8.354, 8.369, 8.073, 8.153, 7.694, 7.063, 6.586, 6.795, 7.389, 7.254, 6.544, 6.052, 5.496, 4.19, 3.22, 2.77, 2.96, 2.54, 1.98, 1.53, 2.48, 3.49, 3.998, 4.102, 4.604, 5.217, 6.265, 6.698, 6.292, 5.512, 5.452, 5.16, 4.389, 3.975, 4.363, 4.944, 5.057, 4.806, 4.904, 4.794, 5.194, 5.684, 5.884, 5.622, 5.186, 4.854, 3.094, 2.28, 3.07, 3.3, 3.26, 3.23, 3.26, 2.98, 2.92, 2.32, 1.62, 1.03, 0.93, 0, 1.1, 1.39, 1.94, 2.11, 2.19, 2.06, 2.08, 2.31, 2.7, 2.5, 1.9, 1.67, 1.82, 1.8, 1.93, 1.57], [9.71, 9.657, 9.864, 9.208, 7.809, 7.404, 7.6, 7.715, 7.712, 7.737, 8.457, 8.472, 8.179, 8.256, 7.841, 7.198, 6.707, 6.865, 7.472, 7.356, 6.647, 6.17, 5.602, 4.17, 3.16, 2.73, 2.86, 2.4, 1.88, 1.39, 1.9, 2.75, 3.265, 3.34, 3.84, 4.461, 5.45, 6.043, 5.611, 4.812, 4.734, 4.399, 3.643, 3.28, 3.665, 4.248, 4.373, 4.045