[[0, 1.04, 1.29, 1.29, 1.14, 1.38, 1.72, 1.97, 1.7, 2.45, 3.05, 2.69, 1.88, 1.67, 1.56, 1.32, 2.04, 3.13, 3.06, 2.73, 2.86, 2.81, 2.51, 1.44, 1.1, 1.72, 1.52, 2.73, 2.79, 3.21, 3.3, 3.0, 2.95, 3.08, 3.29, 2.75, 3.1, 3.27, 3.04, 4.67, 5.95, 5.27, 5.16, 5.85, 6.714, 7.484, 8.304, 8.227, 8.274, 8.894, 8.847, 7.704, 7.789, 7.882, 8.257, 9.327, 9.355, 9.175, 9.486, 9.76, 9.94, 9.16, 8.87, 9.24, 9.61, 10.03, 10.55, 10.83, 10.22, 9.2, 9.14, 9.44, 9.15, 9.4, 9.79, 10.71, 10.49, 10.43, 10.45, 10.96, 11.24, 11.37, 10.75, 10.18, 11.27, 11.36], [1.04, 0, 0.71, 1.37, 1.66, 1.2, 1.42, 1.57, 1.22, 1.63, 2.35, 2.09, 1.54, 1.65, 1.54, 1.64, 2.5, 3.63, 3.54, 3.21, 3.34, 3.31, 3.01, 1.76, 1.8, 2.24, 1.92, 3.15, 3.03, 3.75, 3.9, 3.6, 3.53, 3.6, 3.81, 3.31, 3.96, 4.07, 3.82, 5.29, 6.51, 5.85, 5.72, 6.39, 7.249, 8.099, 8.91, 8.787, 8.852, 9.472, 9.413, 8.27, 8.346, 8.456, 8.783, 9.83, 9.861, 9.678, 9.986, 10.26, 10.44, 9.66, 9.37, 9.74, 10.11, 10.51, 11.03, 11.31, 10.7, 9.7, 9.64, 9.94, 9.65, 9.9, 10.29, 11.21, 10.99, 10.91, 10.97, 11.46, 11.74, 11.87, 11.25, 10.68, 11.77, 11.86], [1.29, 0.71, 0, 1.26, 1.69, 1.09, 1.35, 1.8, 1.43, 1.9, 2.46, 2.16, 1.53, 1.56, 1.55, 1.61, 2.33, 3.44, 3.35, 3.02, 3.31, 3.32, 2.96, 1.91, 1.85, 2.31, 1.93, 3.04, 2.92, 3.54, 3.77, 3.45, 3.42, 3.55, 3.72, 3.38, 4.17, 4.4, 4.03, 5.34, 6.52, 5.84, 5.67, 6.22, 7.084, 7.952, 8.9, 8.78, 8.79, 9.35, 9.246, 8.103, 8.142, 8.277, 8.576, 9.7, 9.736, 9.607, 9.95, 10.234, 10.418, 9.638, 9.348, 9.626, 10.0, 10.4, 10.92, 11.2, 10.59, 9.69, 9.63, 9.93, 9.64, 9.79, 10.2, 11.18, 10.88, 10.82, 10.9, 11.35, 11.63, 11.76, 11.14, 10.57, 11.656, 11.746], [1.29, 1.37, 1.26, 0, 0.99, 1.05, 1.77, 1.6, 1.83, 2.66, 3.1, 2.74, 2.15, 2.02, 1.89, 1.67, 2.23, 3.42, 3.35, 3.06, 3.39, 3.36, 3.0, 1.91, 1.35, 1.65, 1.45, 2.82, 2.84, 3.46, 3.59, 3.15, 3.08, 3.07, 3.5, 3.14, 3.39, 3.62, 3.57, 4.76, 6.06, 5.66, 5.612, 6.214, 7.052, 7.7, 8.392, 8.449, 8.459, 9.05, 9.1, 7.976, 7.99, 8.048, 8.498, 9.67, 9.719, 9.647, 9.98, 10.279, 10.469, 9.709, 9.419, 9.621, 10.0, 10.4, 10.92, 11.2, 10.61, 9.75, 9.69, 9.986, 9.7, 9.85, 10.26, 11.236, 10.94, 10.9, 10.98, 11.43, 11.63, 11.76, 11.14, 10.57, 11.651, 11.741], [1.14, 1.66, 1.69, 0.99, 0, 1.24, 2.06, 1.89, 1.9, 2.79, 3.43, 3.07, 2.24, 2.01, 1.96, 1.56, 2.02, 3.15, 3.06, 2.67, 3.08, 3.03, 2.69, 1.66, 1.28, 1.6, 1.3, 2.71, 2.77, 3.19, 3.28, 2.82, 2.79, 2.74, 3.21, 2.87, 3.2, 3.33, 3.18, 4.49, 5.73, 5.352, 5.322, 5.912, 6.756, 7.387, 8.05, 8.167, 8.137, 8.757, 8.807, 7.683, 7.696, 7.764, 8.21, 9.397, 9.44, 9.365, 9.702, 10.003, 10.199, 9.439, 9.149, 9.351, 9.73, 10.13, 10.65, 10.93, 10.34, 9.48, 9.42, 9.716, 9.43, 9.58, 9.986, 10.966, 10.67, 10.63, 10.71, 11.16, 11.36, 11.49, 10.87, 10.3, 11.381, 11.471], [1.38, 1.2, 1.09, 1.05, 1.24, 0, 1.3, 1.45, 1.52, 2.47, 2.85, 2.39, 2.06, 1.99, 1.8, 1.64, 2.38, 3.55, 3.46, 3.07, 3.44, 3.41, 3.07, 2.08, 1.8, 2.12, 1.66, 2.87, 2.87, 3.53, 3.68, 3.24, 3.27, 3.38, 3.75, 3.37, 3.96, 4.15, 3.76, 5.05, 6.41, 5.87, 5.742, 6.335, 7.217, 7.833, 8.67, 8.67, 8.66, 9.18, 9.195, 8.078, 8.158, 8.228, 8.648, 9.786, 9.828, 9.762, 10.105, 10.404, 10.599, 9.819, 9.529, 9.745, 10.13, 10.53, 11.05, 11.33, 10.74, 9.879, 9.82, 10.116, 9.83, 9.98, 10.39, 11.366, 11.066, 11.01, 11.09, 11.54, 11.76, 11.89, 11.27, 10.7, 11.775, 11.865], [1.72, 1.42, 1.35, 1.77, 2.06, 1.3, 0, 1.01, 1.22, 1.91, 2.19, 1.67, 2.02, 2.25, 2.345, 2.3, 3.34, 4.524, 4.451, 4.09, 4.34, 4.31, 3.97, 2.76, 2.44, 2.88, 2.62, 3.91, 3.89, 4.63, 4.697, 4.334, 4.327, 4.417, 4.71, 4.17, 4.56, 4.69, 4.4, 6.03, 7.37, 6.75, 6.66, 7.278, 8.174, 8.859, 9.667, 9.645, 9.634, 10.274, 10.247, 9.124, 9.183, 9.265, 9.703, 10.823, 10.868, 10.688, 11.037, 11.333, 11.516, 10.736, 10.446, 10.776, 11.15, 11.55, 12.066, 12.346, 11.736, 10.776, 10.72, 11.02, 10.73, 10.88, 11.29, 12.27, 12.03, 11.95, 11.99, 12.48, 12.78, 12.91, 12.29, 11.72, 12.806, 12.896], [1.97, 1.57, 1.8, 1.6, 1.89, 1.45, 1.01, 0, 1.21, 2.08, 2.38, 2.0, 2.31, 2.44, 2.47, 2.341, 3.401, 4.671, 4.598, 4.24, 4.53, 4.5, 4.16, 2.89, 2.51, 2.71, 2.59, 4.02, 4.04, 4.78, 4.821, 4.27, 4.226, 4.216, 4.745, 4.24, 4.33, 4.42, 4.47, 5.92, 7.16, 6.83, 6.817, 7.473, 8.326, 8.937, 9.583, 9.617, 9.63, 10.29, 10.317, 9.228, 9.321, 9.374, 9.843, 10.953, 10.998, 10.878, 11.221, 11.518, 11.698, 10.918, 10.628, 10.91, 11.28, 11.68, 12.2, 12.48, 11.87, 10.958, 10.91, 11.21, 10.92, 11.09, 11.5, 12.46, 12.16, 12.1, 12.16, 12.61, 12.91, 13.04, 12.42, 11.85, 12.94, 13.03], [1.7, 1.22, 1.43, 1.83, 1.9, 1.52, 1.22, 1.21, 0, 1.49, 1.81, 1.69, 1.8, 2.03, 2.02, 2.14, 3.16, 4.31, 4.14, 3.77, 4.02, 4.01, 3.65, 2.54, 2.46, 3.02, 2.6, 3.83, 3.73, 4.43, 4.62, 4.28, 4.25, 4.34, 4.51, 3.95, 4.4, 4.51, 4.16, 5.97, 7.27, 6.65, 6.5, 7.07, 7.934, 8.784, 9.63, 9.587, 9.594, 10.194, 10.096, 8.953, 9.049, 9.165, 9.466, 10.516, 10.555, 10.395, 10.746, 11.013, 11.193, 10.413, 10.123, 10.44, 10.81, 11.21, 11.73, 12.01, 11.4, 10.453, 10.4, 10.7, 10.41, 10.58, 10.99, 11.95, 11.69, 11.61, 11.65, 12.14, 12.44, 12.57, 11.95, 11.38, 12.47, 12.56], [2.45, 1.63, 1.9, 2.66, 2.79, 2.47, 1.91, 2.08, 1.49, 0, 1.1, 1.18, 1.93, 2.5, 2.63, 2.73, 3.71, 4.9, 4.77, 4.38, 4.49, 4.46, 4.14, 2.99, 3.15, 3.71, 3.39, 4.54, 4.5, 5.04, 5.19, 4.85, 4.8, 4.89, 5.06, 4.52, 5.17, 5.26, 5.01, 6.56, 7.82, 7.14, 7.03, 7.68, 8.539, 9.412, 10.18, 10.1, 10.13, 10.79, 10.7, 9.557, 9.63, 9.752, 10.07, 11.103, 11.08, 10.9, 11.24, 11.489, 11.67, 10.89, 10.6, 10.95, 11.34, 11.72, 12.26, 12.52, 11.91, 10.93, 10.87, 11.17, 10.88, 11.17, 11.56, 12.5, 12.22, 12.14, 12.2, 12.69, 12.95, 13.08, 12.46, 11.89, 12.98, 13.07], [3.05, 2.35, 2.46, 3.1, 3.43, 2.85, 2.19, 2.38, 1.81, 1.1, 0, 0.98, 2.67, 3.28, 3.39, 3.49, 4.57, 5.76, 5.59, 5.22, 5.39, 5.36, 5.02, 3.85, 3.83, 4.37, 4.01, 5.2, 5.2, 5.88, 6.01, 5.69, 5.66, 5.73, 5.9, 5.3, 5.65, 5.84, 5.63, 7.36, 8.68, 8.06, 7.93, 8.54, 9.379, 10.214, 11.04, 10.997, 11.024, 11.604, 11.543, 10.4, 10.476, 10.589, 10.913, 11.946, 11.92, 11.78, 12.133, 12.381, 12.57, 11.79, 11.5, 11.79, 12.18, 12.56, 13.1, 13.36, 12.75, 11.83, 11.77, 12.07, 11.78, 12.05, 12.46, 13.4, 13.06, 12.98, 13.06, 13.53, 13.79, 13.92, 13.3, 12.73, 13.82, 13.91], [2.69, 2.09, 2.16, 2.74, 3.07, 2.39, 1.67, 2.0, 1.69, 1.18, 0.98, 0, 2.29, 2.88, 3.01, 3.07, 4.15, 5.36, 5.21, 4.84, 5.17, 5.16, 4.82, 3.63, 3.43, 3.89, 3.63, 4.8, 4.82, 5.52, 5.59, 5.31, 5.28, 5.33, 5.5, 5.06, 5.41, 5.44, 5.31, 7.08, 8.4, 7.76, 7.63, 8.26, 9.084, 9.883, 10.76, 10.7, 10.73, 11.25, 11.18, 10.017, 10.079, 10.172, 10.507, 11.583, 11.597, 11.537, 11.856, 12.123, 12.33, 11.55, 11.26, 11.43, 11.84, 12.22, 12.74, 13.0, 12.45, 11.59, 11.55, 11.85, 11.58, 11.81, 12.22, 13.16, 12.8, 12.78, 12.86, 13.31, 13.49, 13.6, 12.98, 12.41, 13.46, 13.55], [1.88, 1.54, 1.53, 2.15, 2.24, 2.06, 2.02, 2.31, 1.8, 1.93, 2.67, 2.29, 0, 1.11, 1.2, 1.42, 2.4, 3.25, 3.24, 2.97, 3.36, 3.21, 2.89, 2.16, 2.18, 2.64, 2.44, 3.65, 3.51, 3.81, 4.1, 3.84, 3.71, 3.78, 3.83, 3.53, 4.3, 4.59, 4.22, 5.37, 6.67, 5.99, 5.72, 6.29, 7.2, 8.073, 9.03, 8.95, 8.94, 9.46, 9.213, 8.05, 8.183, 8.353, 8.523, 9.47, 9.487, 9.43, 9.731, 10.018, 10.232, 9.46, 9.17, 9.34, 9.75, 10.11, 10.65, 10.91, 10.36, 9.5, 9.46, 9.76, 9.482, 9.72, 10.13, 11.07, 10.71, 10.69, 10.77, 11.24, 11.4, 11.49, 10.89, 10.32, 11.27, 11.42], [1.67, 1.65, 1.56, 2.02, 2.01, 1.99, 2.25, 2.44, 2.03, 2.5, 3.28, 2.88, 1.11, 0, 0.67, 0.95, 1.83, 2.78, 2.85, 2.66, 2.97, 2.76, 2.5, 1.57, 1.91, 2.29, 1.97, 3.0, 2.98, 3.18, 3.41, 3.15, 3.0, 3.09, 3.06, 3.04, 3.93, 4.22, 3.85, 4.66, 5.78, 5.1, 4.93, 5.56, 6.35, 7.22, 8.18, 8.04, 8.05, 8.57, 8.449, 7.289, 7.342, 7.457, 7.759, 8.86, 8.894, 8.834, 9.141, 9.428, 9.642, 8.87, 8.58, 8.75, 9.16, 9.52, 10.06, 10.32, 9.77, 8.91, 8.87, 9.17, 8.892, 9.11, 9.52, 10.46, 10.12, 10.1, 10.18, 10.63, 10.81, 10.9, 10.3, 9.73, 10.68, 10.83], [1.56, 1.54, 1.55, 1.89, 1.96, 1.8, 2.345, 2.47, 2.02, 2.63, 3.39, 3.01, 1.2, 0.67, 0, 0.88, 1.86, 2.65, 2.68, 2.39, 2.7, 2.51, 2.25, 1.34, 1.66, 2.1, 1.7, 2.75, 2.65, 2.97, 3.2, 2.94, 2.79, 2.88, 2.95, 2.85, 3.78, 4.11, 3.72, 4.43, 5.63, 4.99, 4.78, 5.37, 6.22, 7.07, 7.99, 7.927, 7.92, 8.44, 8.302, 7.142, 7.217, 7.367, 7.592, 8.67, 8.704, 8.644, 8.96, 9.247, 9.46, 8.68, 8.39, 8.56, 8.97, 9.33, 9.87, 10.13, 9.58, 8.72, 8.68, 8.98, 8.71, 8.92, 9.33, 10.27, 9.93, 9.91, 9.99, 10.44, 10.62, 10.71, 10.11, 9.54, 10.55, 10.64], [1.32, 1.64, 1.61, 1.67, 1.56, 1.64, 2.3, 2.341, 2.14, 2.73, 3.49, 3.07, 1.42, 0.95, 0.88, 0, 1.42, 2.61, 2.66, 2.43, 2.82, 2.65, 2.37, 1.48, 1.52, 2.08, 1.68, 2.89, 2.97, 2.99, 3.12, 2.8, 2.67, 2.74, 2.87, 2.45, 3.18, 3.51, 3.26, 4.23, 5.51, 4.85, 4.74, 5.404, 6.24, 6.99, 7.87, 7.81, 7.78, 8.34, 8.273, 7.113, 7.163, 7.27, 7.637, 8.764, 8.832, 8.772, 9.085, 9.384, 9.598, 8.82, 8.53, 8.7, 9.11, 9.47, 10.01, 10.27, 9.72, 8.86, 8.82, 9.118, 8.848, 9.02, 9.43, 10.37, 10.07, 10.05, 10.13, 10.58, 10.76, 10.85, 10.25, 9.68, 10.67, 10.78], [2.04, 2.5, 2.33, 2.23, 2.02, 2.38, 3.34, 3.401, 3.16, 3.71, 4.57, 4.15, 2.4, 1.83, 1.86, 1.42, 0, 1.53, 1.72, 1.55, 1.94, 1.81, 1.67, 1.8, 2.08, 2.38, 1.98, 2.47, 2.57, 2.21, 2.36, 2.06, 1.95, 1.96, 1.95, 1.61, 2.4, 2.69, 2.3, 3.31, 4.49, 3.81, 3.72, 4.31, 5.16, 5.97, 6.89, 6.73, 6.76, 7.3, 7.216, 6.056, 6.086, 6.179, 6.554, 7.721, 7.783, 7.702, 8.034, 8.338, 8.552, 7.78, 7.49, 7.66, 8.07, 8.43, 8.97, 9.23, 8.68, 7.82, 7.78, 8.072, 7.802, 7.94, 8.35, 9.33, 9.03, 9.01, 9.09, 9.54, 9.72, 9.81, 9.21, 8.64, 9.59, 9.74], [3.13, 3.63, 3.44, 3.42, 3.15, 3.55, 4.524, 4.671, 4.31, 4.9, 5.76, 5.36, 3.25, 2.78, 2.65, 2.61, 1.53, 0, 0.83, 0.98, 1.15, 1.34, 1.18, 2.13, 2.51, 2.67, 2.53, 2.02, 1.92, 1.26, 1.39, 1.43, 1.36, 1.49, 1.28, 1.46, 2.63, 2.9, 2.51, 2.68, 3.66, 2.94, 2.59, 3.14, 4.09, 5.12, 6.12, 5.88, 5.89, 6.41, 6.1, 4.917, 5.01, 5.22, 5.39, 6.434, 6.502, 6.441, 6.761, 7.048, 7.262, 6.49, 6.2, 6.37, 6.78, 7.14, 7.68, 7.94, 7.39, 6.53, 6.49, 6.782, 6.512, 6.65, 7.06, 8.04, 7.74, 7.72, 7.8, 8.25, 8.43, 8.52, 7.92, 7.35, 8.3, 8.45], [3.06, 3.54, 3.35, 3.35, 3.06, 3.46, 4.451, 4.598, 4.14, 4.77, 5.59, 5.21, 3.24, 2.85, 2.68, 2.66, 1.72, 0.83, 0, 0.81, 1.06, 1.35, 1.17, 2.1, 2.36, 2.7, 2.46, 1.95, 1.79, 1.13, 1.4, 1.42, 1.49, 1.48, 1.41, 1.63, 2.96, 3.23, 2.86, 2.83, 3.83, 3.09, 2.76, 3.35, 4.22, 5.328, 6.33, 6.05, 6.06, 6.58, 6.282, 5.087, 5.212, 5.428, 5.546, 6.51, 6.59, 6.55, 6.831, 7.118, 7.332, 6.56, 6.27, 6.44, 6.85, 7.21, 7.75, 8.01, 7.46, 6.6, 6.56, 6.852, 6.59, 6.74, 7.15, 8.11, 7.81, 7.79, 7.87, 8.38, 8.52, 8.59, 7.99, 7.42, 8.37, 8.52], [2.73, 3.21, 3.02, 3.06, 2.67, 3.07, 4.09, 4.24, 3.77, 4.38, 5.22, 4.84, 2.97, 2.66, 2.39, 2.43, 1.55, 0.98, 0.81, 0, 0.79, 1.02, 0.92, 1.73, 2.03, 2.27, 2.11, 1.96, 1.88, 1.48, 1.67, 1.51, 1.52, 1.57, 1.52, 1.62, 2.91, 3.2, 2.85, 2.94, 4.08, 3.38, 3.11, 3.64, 4.57, 5.552, 6.54, 6.32, 6.33, 6.85, 6.603, 5.44, 5.553, 5.732, 5.893, 6.814, 6.88, 6.84, 7.133, 7.4, 7.61, 6.83, 6.54, 6.71, 7.12, 7.48, 8.02, 8.28, 7.73, 6.87, 6.83, 7.13, 6.86, 6.99, 7.4, 8.38, 8.08, 8.06, 8.14, 8.65, 8.81, 8.86, 8.26, 7.69, 8.72, 8.81], [2.86, 3.34, 3.31, 3.39, 3.08, 3.44, 4.34, 4.53, 4.02, 4.49, 5.39, 5.17, 3.36, 2.97, 2.7, 2.82, 1.94, 1.15, 1.06, 0.79, 0, 0.77, 0.75, 1.8, 2.32, 2.52, 2.42, 1.97, 1.85, 1.49, 1.74, 1.5, 1.43, 1.52, 1.41, 1.55, 3.02, 3.23, 2.94, 2.87, 3.91, 3.15, 2.82, 3.45, 4.42, 5.43, 6.37, 6.15, 6.18, 6.8, 6.479, 5.327, 5.466, 5.665, 5.866, 6.687, 6.63, 6.47, 6.75, 7.0, 7.18, 6.4, 6.11, 6.46, 6.93, 7.29, 7.83, 8.03, 7.42, 6.44, 6.38, 6.68, 6.41, 6.74, 7.13, 8.07, 7.79, 7.69, 7.75, 8.36, 8.56, 8.61, 7.99, 7.4, 8.49, 8.6], [2.81, 3.31, 3.32, 3.36, 3.03, 3.41, 4.31, 4.5, 4.01, 4.46, 5.36, 5.16, 3.21, 2.76, 2.51, 2.65, 1.81, 1.34, 1.35, 1.02, 0.77, 0, 0.68, 1.69, 2.39, 2.73, 2.47, 2.22, 2.18, 1.8, 2.03, 1.79, 1.8, 1.83, 1.46, 1.54, 2.87, 3.08, 2.81, 3.02, 3.94, 3.08, 2.83, 3.48, 4.37, 5.52, 6.48, 6.14, 6.13, 6.75, 6.472, 5.337, 5.482, 5.758, 5.868, 6.734, 6.68, 6.5, 6.78, 7.03, 7.21, 6.43, 6.14, 6.51, 6.96, 7.36, 7.9, 8.1, 7.49, 6.47, 6.41, 6.71, 6.42, 6.79, 7.18, 8.1, 7.84, 7.74, 7.76, 8.39, 8.55, 8.64, 8.02, 7.45, 8.54, 8.65], [2.51, 3.01, 2.96, 3.0, 2.69, 3.07, 3.97, 4.16, 3.65, 4.14, 5.02, 4.82, 2.89, 2.5, 2.25, 2.37, 1.67, 1.18, 1.17, 0.92, 0.75, 0.68, 0, 1.37, 1.99, 2.33, 2.07, 1.88, 1.9, 1.58, 1.85, 1.53, 1.44, 1.61, 1.42, 1.62, 3.01, 3.28, 2.97, 3.18, 4.12, 3.34, 3.01, 3.62, 4.57, 5.7, 6.66, 6.36, 6.35, 6.97, 6.669, 5.497, 5.639, 5.878, 6.016, 6.969, 6.94, 6.76, 7.119, 7.366, 7.55, 6.77, 6.48, 6.81, 7.2, 7.6, 8.14, 8.4, 7.79, 6.81, 6.75, 7.05, 6.76, 7.03, 7.44, 8.38, 8.08, 8.02, 8.06, 8.59, 8.81, 8.94, 8.32, 7.75, 8.84, 8.93], [1.44, 1.76, 1.91, 1.91, 1.66, 2.08, 2.76, 2.89, 2.54, 2.99, 3.85, 3.63, 2.16, 1.57, 1.34, 1.48, 1.8, 2.13, 2.1, 1.73, 1.8, 1.69, 1.37, 0, 1.2, 1.66, 1.32, 2.05, 2.13, 2.23, 2.42, 2.12, 1.99, 2.1, 2.19, 2.15, 3.26, 3.57, 3.3, 3.79, 4.89, 4.23, 4.1, 4.79, 5.629, 6.522, 7.33, 7.167, 7.232, 7.852, 7.793, 6.65, 6.726, 6.844, 7.183, 8.25, 8.244, 8.064, 8.372, 8.64, 8.82, 8.04, 7.75, 8.12, 8.49, 8.91, 9.43, 9.71, 9.1, 8.08, 8.02, 8.32, 8.03, 8.32, 8.71, 9.63, 9.37, 9.33, 9.37, 9.88, 10.12, 10.25, 9.63, 9.06, 10.15, 10.24], [1.1, 1.8, 1.85, 1.35, 1.28, 1.8, 2.44, 2.51, 2.46, 3.15, 3.83, 3.43, 2.18, 1.91, 1.66, 1.52, 2.08, 2.51, 2.36, 2.03, 2.32, 2.39, 1.99, 1.2, 0, 0.92, 0.84, 1.87, 2.01, 2.43, 2.52, 2.08, 2.03, 2.12, 2.47, 2.37, 3.28, 3.61, 3.42, 3.83, 5.09, 4.57, 4.537, 5.144, 5.977, 6.693, 7.404, 7.427, 7.432, 8.02, 8.053, 6.91, 6.943, 7.041, 7.457, 8.601, 8.643, 8.549, 8.888, 9.178, 9.362, 8.6, 8.31, 8.536, 8.91, 9.33, 9.85, 10.13, 9.52, 8.64, 8.58, 8.879, 8.59, 8.74, 9.15, 10.13, 9.83, 9.81, 9.87, 10.34, 10.54, 10.67, 10.05, 9.48, 10.566, 10.656], [1.72, 2.24, 2.31, 1.65, 1.6, 2.12, 2.88, 2.71, 3.02, 3.71, 4.37, 3.89, 2.64, 2.29, 2.1, 2.08, 2.38, 2.67, 2.7, 2.27, 2.52, 2.73, 2.33, 1.66, 0.92, 0, 0.84, 1.91, 1.99, 2.53, 2.58, 2.1, 1.97, 1.98, 2.63, 2.97, 3.5, 3.85, 3.88, 3.81, 4.93, 4.606, 4.596, 5.255, 6.128, 6.727, 7.347, 7.387, 7.42, 8.014, 8.061, 6.952, 7.002, 7.058, 7.513, 8.66, 8.726, 8.659, 8.993, 9.292, 9.473, 8.693, 8.403, 8.599, 8.97, 9.37, 9.91, 10.17, 9.62, 8.753, 8.7, 8.99, 8.71, 8.86, 9.27, 10.24, 9.95, 9.89, 9.97, 10.42, 10.62, 10.73, 10.11, 9.56, 10.629, 10.719], [1.52, 1.92, 1.93, 1.45, 1.3, 1.66, 2.62, 2.59, 2.6, 3.39, 4.01, 3.63, 2.44, 1.97, 1.7, 1.68, 1.98, 2.53, 2.46, 2.11, 2.42, 2.47, 2.07, 1.32, 0.84, 0.84, 0, 1.65, 1.69, 2.35, 2.38, 1.96, 1.99, 2.0, 2.51, 2.61, 3.44, 3.83, 3.54, 3.87, 4.99, 4.51, 4.48, 5.07, 5.925, 6.553, 7.25, 7.347, 7.34, 7.923, 7.955, 6.832, 6.826, 6.89, 7.345, 8.503, 8.563, 8.485, 8.827, 9.129, 9.316, 8.536, 8.246, 8.453, 8.83, 9.23, 9.75, 10.03, 9.46, 8.596, 8.54, 8.833, 8.55, 8.693, 9.103, 10.083, 9.79, 9.73, 9.81, 10.26, 10.46, 10.59, 9.97, 9.4, 10.483, 10.573], [2.73, 3.15, 3.04, 2.82, 2.71, 2.87, 3.91, 4.02, 3.83, 4.54, 5.2, 4.8, 3.65, 3.0, 2.75, 2.89, 2.47, 2.02, 1.95, 1.96, 1.97, 2.22, 1.88, 2.05, 1.87, 1.91, 1.65, 0, 0.7, 1.28, 1.29, 1.29, 1.26, 1.43, 1.56, 2.38, 3.81, 4.08, 3.85, 3.28, 3.88, 3.24, 3.21, 3.78, 4.69, 5.54, 6.32, 6.14, 6.17, 6.71, 6.726, 5.62, 5.576, 5.7, 6.07, 7.179, 7.227, 7.167, 7.495, 7.779, 7.983, 7.223, 6.933, 7.086, 7.48, 7.9, 8.44, 8.7, 8.15, 7.27, 7.21, 7.5, 7.22, 7.37, 7.78, 8.76, 8.46, 8.44, 8.5, 8.97, 9.13, 9.24, 8.62, 8.07, 9.116, 9.206], [2.79, 3.03, 2.92, 2.84, 2.77, 2.87, 3.89, 4.04, 3.73, 4.5, 5.2, 4.82, 3.51, 2.98, 2.65, 2.97, 2.57, 1.92, 1.79, 1.88, 1.85, 2.18, 1.9, 2.13, 2.01, 1.99, 1.69, 0.7, 0, 1.14, 1.27, 1.33, 1.3, 1.41, 1.64, 2.36, 3.89, 4.16, 3.77, 3.18, 3.94, 3.3, 3.15, 3.68, 4.59, 5.34, 6.24, 6.18, 6.17, 6.69, 6.609, 5.52, 5.527, 5.62, 5.95, 7.056, 7.133, 7.029, 7.389, 7.674, 7.863, 7.083, 6.793, 6.981, 7.36, 7.78, 8.32, 8.58, 8.03, 7.15, 7.09, 7.38, 7.1, 7.24, 7.65, 8.63, 8.34, 8.3, 8.36, 8.83, 9.01, 9.12, 8.5, 7.95, 9.011, 9.101], [3.21, 3.75, 3.54, 3.46, 3.19, 3.53, 4.63, 4.78, 4.43, 5.04, 5.88, 5.52, 3.81, 3.18, 2.97, 2.99, 2.21, 1.26, 1.13, 1.48, 1.49, 1.8, 1.58, 2.23, 2.43, 2.53, 2.35, 1.28, 1.14, 0, 0.75, 1.11, 1.22, 1.25, 1.3, 1.8, 3.31, 3.56, 3.15, 2.52, 3.4, 2.72, 2.51, 3.02, 3.93, 4.818, 5.82, 5.66, 5.63, 6.15, 6.009, 4.872, 4.887, 5.04, 5.304, 6.445, 6.506, 6.429, 6.769, 7.049, 7.254, 6.53, 6.224, 6.389, 6.76, 7.2, 7.76, 8.02, 7.47, 6.59, 6.53, 6.79, 6.5, 6.67, 7.06, 8.04, 7.76, 7.76, 7.82, 8.29, 8.43, 8.52, 7.92, 7.35, 8.359, 8.449], [3.3, 3.9, 3.77, 3.59, 3.28, 3.68, 4.697, 4.821, 4.62, 5.19, 6.01, 5.59, 4.1, 3.41, 3.2, 3.12, 2.36, 1.39, 1.4, 1.67, 1.74, 2.03, 1.85, 2.42, 2.52, 2.58, 2.38, 1.29, 1.27, 0.75, 0, 0.78, 1.07, 1.12, 1.13, 1.79, 3.26, 3.47, 3.14, 2.43, 3.11, 2.37, 2.36, 2.87, 3.78, 4.71, 5.55, 5.33, 5.24, 5.76, 5.81, 4.653, 4.72, 4.89, 5.225, 6.306, 6.386, 6.299, 6.639, 6.944, 7.16, 6.4, 6.11, 6.26, 6.67, 7.09, 7.63, 7.89, 7.34, 6.46, 6.42, 6.68, 6.41, 6.56, 6.95, 7.93, 7.65, 7.67, 7.73, 8.2, 8.34, 8.43, 7.83, 7.24, 8.27, 8.36], [3.0, 3.6, 3.45, 3.15, 2.82, 3.24, 4.334, 4.27, 4.28, 4.85, 5.69, 5.31, 3.84, 3.15, 2.94, 2.8, 2.06, 1.43, 1.42, 1.51, 1.5, 1.79, 1.53, 2.12, 2.08, 2.1, 1.96, 1.29, 1.33, 1.11, 0.78, 0, 0.69, 0.98, 1.19, 1.83, 3.26, 3.49, 3.2, 2.63, 3.33, 2.75, 2.74, 3.33, 4.2, 5.01, 5.75, 5.57, 5.5, 6.08, 6.147, 5.052, 5.091, 5.288, 5.671, 6.769, 6.815, 6.737, 7.091, 7.395, 7.6, 6.82, 6.53, 6.74, 7.15, 7.57, 8.07, 8.35, 7.76, 6.88, 6.84, 7.12, 6.85, 6.98, 7.39, 8.37, 8.07, 8.09, 8.15, 8.62, 8.78, 8.91, 8.29, 7.7, 8.77, 8.86], [2.95, 3.53, 3.42, 3.08, 2.79, 3.27, 4.327, 4.226, 4.25, 4.8, 5.66, 5.28, 3.71, 3.0, 2.79, 2.67, 1.95, 1.36, 1.49, 1.52, 1.43, 1.8, 1.44, 1.99, 2.03, 1.97, 1.99, 1.26, 1.3, 1.22, 1.07, 0.69, 0, 0.69, 1.04, 1.76, 3.11, 3.36, 3.07, 2.54, 3.32, 2.84, 2.83, 3.46, 4.33, 5.02, 5.74, 5.64, 5.63, 6.23, 6.265, 5.171, 5.224, 5.334, 5.764, 6.882, 6.93, 6.87, 7.204, 7.508, 7.71, 6.93, 6.64, 6.85, 7.26, 7.66, 8.16, 8.44, 7.85, 6.97, 6.93, 7.23, 6.96, 7.09, 7.5, 8.48, 8.18, 8.18, 8.24, 8.71, 8.89, 9.02, 8.4, 7.81, 8.88, 8.97], [3.08, 3.6, 3.55, 3.07, 2.74, 3.38, 4.417, 4.216, 4.34, 4.89, 5.73, 5.33, 3.78, 3.09, 2.88, 2.74, 1.96, 1.49, 1.48, 1.57, 1.52, 1.83, 1.61, 2.1, 2.12, 1.98, 2.0, 1.43, 1.41, 1.25, 1.12, 0.98, 0.69, 0, 0.99, 1.69, 3.0, 3.25, 3.08, 2.29, 3.17, 2.846, 2.816, 3.472, 4.34, 4.97, 5.65, 5.627, 5.64, 6.26, 6.284, 5.187, 5.228, 5.324, 5.748, 6.892, 6.955, 6.888, 7.228, 7.532, 7.74, 6.96, 6.67, 6.84, 7.25, 7.63, 8.15, 8.41, 7.86, 7.0, 6.96, 7.26, 6.99, 7.12, 7.53, 8.51, 8.21, 8.19, 8.27, 8.72, 8.9, 9.01, 8.39, 7.82, 8.87, 8.96], [3.29, 3.81, 3.72, 3.5, 3.21, 3.75, 4.71, 4.745, 4.51, 5.06, 5.9, 5.5, 3.83, 3.06, 2.95, 2.87, 1.95, 1.28, 1.41, 1.52, 1.41, 1.46, 1.42, 2.19, 2.47, 2.63, 2.51, 1.56, 1.64, 1.3, 1.13, 1.19, 1.04, 0.99, 0, 1.4, 2.87, 3.1, 2.81, 2.12, 2.98, 2.3, 2.27, 2.86, 3.71, 4.68, 5.54, 5.28, 5.27, 5.83, 5.789, 4.606, 4.679, 4.88, 5.19, 6.22, 6.282, 6.222, 6.544, 6.846, 7.05, 6.27, 5.98, 6.17, 6.58, 6.96, 7.46, 7.74, 7.17, 6.31, 6.27, 6.57, 6.3, 6.45, 6.86, 7.82, 7.52, 7.5, 7.58, 8.03, 8.21, 8.34, 7.72, 7.13, 8.2, 8.29], [2.75, 3.31, 3.38, 3.14, 2.87, 3.37, 4.17, 4.24, 3.95, 4.52, 5.3, 5.06, 3.53, 3.04, 2.85, 2.45, 1.61, 1.46, 1.63, 1.62, 1.55, 1.54, 1.62, 2.15, 2.37, 2.97, 2.61, 2.38, 2.36, 1.8, 1.79, 1.83, 1.76, 1.69, 1.4, 0, 1.87, 2.16, 1.95, 2.4, 3.48, 2.78, 2.69, 3.4, 4.239, 5.089, 5.9, 5.78, 5.79, 6.45, 6.392, 5.237, 5.31, 5.432, 5.79, 6.857, 6.905, 6.725, 7.016, 7.29, 7.47, 6.69, 6.4, 6.79, 7.18, 7.56, 8.08, 8.36, 7.75, 6.75, 6.67, 6.97, 6.7, 6.93, 7.32, 8.22, 8.04, 8.0, 8.06, 8.55, 8.81, 8.94, 8.32, 7.73, 8.82, 8.91], [3.1, 3.96, 4.17, 3.39, 3.2, 3.96, 4.56, 4.33, 4.4, 5.17, 5.65, 5.41, 4.3, 3.93, 3.78, 3.18, 2.4, 2.63, 2.96, 2.91, 3.02, 2.87, 3.01, 3.26, 3.28, 3.5, 3.44, 3.81, 3.89, 3.31, 3.26, 3.26, 3.11, 3.0, 2.87, 1.87, 0, 0.75, 1.26, 2.63, 3.93, 3.57, 3.62, 4.07, 4.9, 5.659, 6.336, 6.316, 6.346, 7.046, 7.021, 5.878, 5.951, 6.041, 6.428, 7.507, 7.535, 7.355, 7.632, 7.9, 8.08, 7.32, 7.03, 7.42, 7.81, 8.19, 8.71, 8.99, 8.38, 7.38, 7.28, 7.6, 7.31, 7.58, 7.97, 8.87, 8.67, 8.63, 8.69, 9.18, 9.44, 9.57, 8.95, 8.36, 9.45, 9.54], [3.27, 4.07, 4.4, 3.62, 3.33, 4.15, 4.69, 4.42, 4.51, 5.26, 5.84, 5.44, 4.59, 4.22, 4.11, 3.51, 2.69, 2.9, 3.23, 3.2, 3.23, 3.08, 3.28, 3.57, 3.61, 3.85, 3.83, 4.08, 4.16, 3.56, 3.47, 3.49, 3.36, 3.25, 3.1, 2.16, 0.75, 0, 1.05, 2.52, 3.88, 3.6, 3.67, 3.98, 4.75, 5.526, 6.186, 6.166, 6.196, 6.913, 6.888, 5.746, 5.818, 5.908, 6.296, 7.377, 7.391, 7.211, 7.519, 7.79, 7.97, 7.19, 6.9, 7.27, 7.68, 8.08, 8.58, 8.86, 8.25, 7.23, 7.19, 7.49, 7.22, 7.47, 7.86, 8.78, 8.54, 8.52, 8.56, 9.07, 9.31, 9.44, 8.82, 8.23, 9.3, 9.39], [3.04, 3.82, 4.03, 3.57, 3.18, 3.76, 4.4, 4.47, 4.16, 5.01, 5.63, 5.31, 4.22, 3.85, 3.72, 3.26, 2.3, 2.51, 2.86, 2.85, 2.94, 2.81, 2.97, 3.3, 3.42, 3.88, 3.54, 3.85, 3.77, 3.15, 3.14, 3.2, 3.07, 3.08, 2.81, 1.95, 1.26, 1.05, 0, 2.11, 3.51, 3.27, 3.32, 3.41, 4.1, 4.884, 5.687, 5.627, 5.66, 6.274, 6.196, 5.073, 5.174, 5.264, 5.646, 6.718, 6.763, 6.583, 6.917, 7.219, 7.4, 6.66, 6.33, 6.7, 7.09, 7.51, 8.01, 8.29, 7.68, 6.68, 6.64, 6.92, 6.65, 6.82, 7.21, 8.17, 7.95, 7.95, 7.99, 8.5, 8.72, 8.85, 8.23, 7.64, 8.71, 8.8], [4.67, 5.29, 5.34, 4.76, 4.49, 5.05, 6.03, 5.92, 5.97, 6.56, 7.36, 7.08, 5.37, 4.66, 4.43, 4.23, 3.31, 2.68, 2.83, 2.94, 2.87, 3.02, 3.18, 3.79, 3.83, 3.81, 3.87, 3.28, 3.18, 2.52, 2.43, 2.63, 2.54, 2.29, 2.12, 2.4, 2.63, 2.52, 2.11, 0, 1.72, 1.76, 2.03, 2.1, 2.63, 3.16, 3.8, 3.78, 3.83, 4.456, 4.494, 3.445, 3.561, 3.66, 4.101, 5.145, 5.202, 5.062, 5.413, 5.701, 5.91, 5.23, 4.88, 5.19, 5.54, 5.98, 6.48, 6.76, 6.15, 5.21, 5.17, 5.43, 5.16, 5.31, 5.7, 6.68, 6.42, 6.42, 6.48, 6.97, 7.19, 7.32, 6.7, 6.09, 7.16, 7.25], [5.95, 6.51, 6.52, 6.06, 5.73, 6.41, 7.37, 7.16, 7.27, 7.82, 8.68, 8.4, 6.67, 5.78, 5.63, 5.51, 4.49, 3.66, 3.83, 4.08, 3.91, 3.94, 4.12, 4.89, 5.09, 4.93, 4.99, 3.88, 3.94, 3.4, 3.11, 3.33, 3.32, 3.17, 2.98, 3.48, 3.93, 3.88, 3.51, 1.72, 0, 1.22, 1.59, 1.32, 1.79, 2.34, 2.78, 2.58, 2.53, 3.23, 3.297, 2.7, 2.77, 3.06, 3.47, 3.98, 3.96, 3.86, 4.18, 4.43, 4.65, 3.89, 3.62, 3.93, 4.3, 4.74, 5.24, 5.52, 4.91, 3.95, 3.91, 4.17, 3.9, 4.07, 4.48, 5.42, 5.2, 5.24, 5.24, 5.77, 5.95, 6.1, 5.48, 4.85, 5.92, 6.01], [5.27, 5.85, 5.84, 5.66, 5.352, 5.87, 6.75, 6.83, 6.65, 7.14, 8.06, 7.76, 5.99, 5.1, 4.99, 4.85, 3.81, 2.94, 3.09, 3.38, 3.15, 3.08, 3.34, 4.23, 4.57, 4.606, 4.51, 3.24, 3.3, 2.72, 2.37, 2.75, 2.84, 2.846, 2.3, 2.78, 3.57, 3.6, 3.27, 1.76, 1.22, 0, 0.91, 1.18, 2.03, 2.88, 3.54, 3.16, 3.19, 3.75, 3.72, 2.7, 2.77, 3.08, 3.41, 4.254, 4.288, 4.108, 4.408, 4.71, 4.93, 4.17, 3.88, 4.29, 4.66, 5.12, 5.62, 5.9, 5.29, 4.29, 4.23, 4.45, 4.18, 4.43, 4.8, 5.7, 5.56, 5.58, 5.62, 6.11, 6.31, 6.44, 5.82, 5.25, 6.28, 6.37], [5.16, 5.72, 5.67, 5.612, 5.322, 5.742, 6.66, 6.817, 6.5, 7.03, 7.93, 7.63, 5.72, 4.93, 4.78, 4.74, 3.72, 2.59, 2.76, 3.11, 2.82, 2.83, 3.01, 4.1, 4.537, 4.596, 4.48, 3.21, 3.15, 2.51, 2.36, 2.74, 2.83, 2.816, 2.27, 2.69, 3.62, 3.67, 3.32, 2.03, 1.59, 0.91, 0, 0.95, 1.96, 3.05, 3.95, 3.57, 3.62, 4.16, 3.85, 2.75, 2.84, 3.29, 3.38, 4.25, 4.278, 4.11, 4.47, 4.74, 4.94, 4.2, 3.89, 4.24, 4.67, 5.13, 5.63, 5.93, 5.32, 4.3, 4.24, 4.48, 4.21, 4.44, 4.79, 5.73, 5.57, 5.57, 5.61, 6.12, 6.3, 6.43, 5.81, 5.2, 6.27, 6.36], [5.85, 6.39, 6.22, 6.214, 5.912, 6.335, 7.278, 7.473, 7.07, 7.68, 8.54, 8.26, 6.29, 5.56, 5.37, 5.404, 4.31, 3.14, 3.35, 3.64, 3.45, 3.48, 3.62, 4.79, 5.144, 5.255, 5.07, 3.78, 3.68, 3.02, 2.87, 3.33, 3.46, 3.472, 2.86, 3.4, 4.07, 3.98, 3.41, 2.1, 1.32, 1.18, 0.95, 0, 1.21, 2.36, 3.28, 2.96, 2.91, 3.41, 3.22, 2.4, 2.41, 2.8, 2.93, 3.594, 3.616, 3.52, 3.84, 4.19, 4.35, 3.59, 3.36, 3.75, 4.0, 4.48, 4.98, 5.28, 4.67, 3.71, 3.65, 3.87, 3.6, 3.75, 4.14, 5.12, 4.92, 4.92, 4.96, 5.47, 5.65, 5.78, 5.16, 4.55, 5.62, 5.71], [6.714, 7.249, 7.084, 7.052, 6.756, 7.217, 8.174, 8.326, 7.934, 8.539, 9.379, 9.084, 7.2, 6.35, 6.22, 6.24, 5.16, 4.09, 4.22, 4.57, 4.42, 4.37, 4.57, 5.629, 5.977, 6.128, 5.925, 4.69, 4.59, 3.93, 3.78, 4.2, 4.33, 4.34, 3.71, 4.239, 4.9, 4.75, 4.1, 2.63, 1.79, 2.03, 1.96, 1.21, 0, 1.31, 2.23, 1.95, 1.92, 2.44, 2.47, 2.33, 2.22, 2.49, 2.6, 2.97, 2.89, 3.05, 3.37, 3.58, 3.52, 3.22, 3.01, 3.4, 3.21, 3.65, 4.15, 4.41, 3.8, 2.86, 2.86, 3.06, 2.79, 2.94, 3.31, 4.31, 4.07, 4.07, 4.13, 4.62, 4.8, 4.93, 4.31, 3.72, 4.77, 4.84], [7.484, 8.099, 7.952, 7.7, 7.387, 7.833, 8.859, 8.937, 8.784, 9.412, 10.214, 9.883, 8.073, 7.22, 7.07, 6.99, 5.97, 5.12, 5.328, 5.552, 5.43, 5.52, 5.7, 6.522, 6.693, 6.727, 6.553, 5.54, 5.34, 4.818, 4.71, 5.01, 5.02, 4.97, 4.68, 5.089, 5.659, 5.526, 4.884, 3.16, 2.34, 2.88, 3.05, 2.36, 1.31, 0, 1.1, 1.24, 1.37, 1.81, 2.34, 2.56, 2.37, 2.44, 2.75, 3.1, 2.94, 3.2, 3.46, 3.51, 3.07, 3.21, 3.32, 3.33, 3.1, 3.2, 3.66, 3.88, 3.25, 2.39, 2.47, 2.69, 2.52, 2.59, 2.92, 3.8, 3.6, 3.62, 3.68, 4.15, 4.31, 4.38, 3.82, 3.31, 4.26, 4.29], [8.304, 8.91, 8.9, 8.392, 8.05, 8.67, 9.667, 9.583, 9.63, 10.18, 11.04, 10.76, 9.03, 8.18, 7.99, 7.87, 6.89, 6.12, 6.33, 6.54, 6.37, 6.48, 6.66, 7.33, 7.404, 7.347, 7.25, 6.32, 6.24, 5.82, 5.55, 5.75, 5.74, 5.65, 5.54, 5.9, 6.336, 6.186, 5.687, 3.8, 2.78, 3.54, 3.95, 3.28, 2.23, 1.1, 0, 1.02, 1.01, 1.55, 2.48, 3.04, 2.75, 2.68, 3.01, 3.1, 3.02, 3.3, 3.44, 3.57, 2.95, 3.53, 3.64, 3.69, 3.2, 3.18, 3.24, 3.46, 2.91, 2.15, 2.53, 2.69, 2.78, 2.67, 2.7, 3.42, 3.34, 3.32, 3.28, 3.77, 3.89, 3.94, 3.46, 3.07, 3.84, 3.85], [8.227, 8.787, 8.78, 8.449, 8.167, 8.67, 9.645, 9.617, 9.587, 10.1, 10.997, 10.7, 8.95, 8.04, 7.927, 7.81, 6.73, 5.88, 6.05, 6.32, 6.15, 6.14, 6.36, 7.167, 7.427, 7.387, 7.347, 6.14, 6.18, 5.66, 5.33, 5.57, 5.64, 5.627, 5.28, 5.78, 6.316, 6.166, 5.627, 3.78, 2.58, 3.16, 3.57, 2.96, 1.95, 1.24, 1.02, 0, 0.93, 1.37, 2.58, 2.98, 2.77, 2.86, 3.09, 3.12, 3.06, 3.32, 3.42, 3.63, 3.01, 3.23, 3.32, 3.45, 3.02, 3.2, 3.04, 3.2, 2.65, 1.97, 2.33, 2.57, 2.54, 2.51, 2.52, 3.12, 3.06, 3.04, 3.1, 3.59, 3.69, 3.8, 3.24, 2.75, 3.64, 3.65], [8.274, 8.852, 8.79, 8.459, 8.137, 8.66, 9.634, 9.63, 9.594, 10.13, 11.024, 10.73, 8.94, 8.05, 7.92, 7.78, 6.76, 5.89, 6.06, 6.33, 6.18, 6.13, 6.35, 7.232, 7.432, 7.42, 7.34, 6.17, 6.17, 5.63, 5.24, 5.5, 5.63, 5.64, 5.27, 5.79, 6.346, 6.196, 5.66, 3.83, 2.53, 3.19, 3.62, 2.91, 1.92, 1.37, 1.01, 0.93, 0, 1.16, 2.29, 2.75, 2.6, 2.69, 2.92, 2.77, 2.85, 3.09, 3.19, 3.34, 2.88, 3.26, 3.25, 3.4, 2.91, 3.07, 3.15, 3.19, 2.66, 1.96, 2.24, 2.58, 2.47, 2.28, 2.53, 3.07, 2.91, 3.07, 3.09, 3.6, 3.68, 3.85, 3.27, 2.7, 3.57, 3.58], [8.894, 9.472, 9.35, 9.05, 8.757, 9.18, 10.274, 10.29, 10.194, 10.79, 11.604, 11.25, 9.46, 8.57, 8.44, 8.34, 7.3, 6.41, 6.58, 6.85, 6.8, 6.75, 6.97, 7.852, 8.02, 8.014, 7.923, 6.71, 6.69, 6.15, 5.76, 6.08, 6.23, 6.26, 5.83, 6.45, 7.046, 6.913, 6.274, 4.456, 3.23, 3.75, 4.16, 3.41, 2.44, 1.81, 1.55, 1.37, 1.16, 0, 1.51, 2.35, 2.22, 2.17, 2.3, 1.95, 2.05, 2.29, 2.37, 2.6, 2.36, 2.88, 2.79, 3.08, 2.89, 3.07, 2.91, 2.91, 2.56, 2.3, 2.52, 2.62, 2.39, 2.48, 2.51, 2.75, 2.91, 3.19, 3.15, 3.32, 3.3, 3.41, 3.13, 2.8, 3.21, 3.16], [8.847, 9.413, 9.246, 9.1, 8.807, 9.195, 10.247, 10.317, 10.096, 10.7, 11.543, 11.18, 9.213, 8.449, 8.302, 8.273, 7.216, 6.1, 6.282, 6.603, 6.479, 6.472, 6.669, 7.793, 8.053, 8.061, 7.955, 6.726, 6.609, 6.009, 5.81, 6.147, 6.265, 6.284, 5.789, 6.392, 7.021, 6.888, 6.196, 4.494, 3.297, 3.72, 3.85, 3.22, 2.47, 2.34, 2.48, 2.58, 2.29, 1.51, 0, 1.42, 1.35, 1.44, 1.33, 1.26, 1.3, 1.28, 1.44, 1.71, 2.19, 2.61, 2.3, 2.97, 3.26, 3.42, 3.48, 3.7, 3.37, 3.01, 2.99, 2.89, 2.58, 2.95, 3.28, 3.58, 3.78, 4.08, 3.92, 3.99, 3.95, 4.08, 3.9, 3.69, 3.9, 3.73], [7.704, 8.27, 8.103, 7.976, 7.683, 8.078, 9.124, 9.228, 8.953, 9.557, 10.4, 10.017, 8.05, 7.289, 7.142, 7.113, 6.056, 4.917, 5.087, 5.44, 5.327, 5.337, 5.497, 6.65, 6.91, 6.952, 6.832, 5.62, 5.52, 4.872, 4.653, 5.052, 5.171, 5.187, 4.606, 5.237, 5.878, 5.746, 5.073, 3.445, 2.7, 2.7, 2.75, 2.4, 2.33, 2.56, 3.04, 2.98, 2.75, 2.35, 1.42, 0, 0.67, 1.18, 1.21, 1.82, 1.92, 1.86, 2.24, 2.53, 2.93, 2.87, 2.26, 2.81, 3.28, 3.56, 3.84, 4.18, 3.95, 3.35, 3.19, 3.19, 2.76, 3.19, 3.48, 4.2, 4.22, 4.56, 4.68, 4.93, 4.87, 4.96, 4.6, 4.27, 4.72, 4.65], [7.789, 8.346, 8.142, 7.99, 7.696, 8.158, 9.183, 9.321, 9.049, 9.63, 10.476, 10.079, 8.183, 7.342, 7.217, 7.163, 6.086, 5.01, 5.212, 5.553, 5.466, 5.482, 5.639, 6.726, 6.943, 7.002, 6.826, 5.576, 5.527, 4.887, 4.72, 5.091, 5.224, 5.228, 4.679, 5.31, 5.951, 5.818, 5.174, 3.561, 2.77, 2.77, 2.84, 2.41, 2.22, 2.37, 2.75, 2.77, 2.6, 2.22, 1.35, 0.67, 0, 0.67, 0.84, 1.75, 1.91, 1.87, 2.23, 2.64, 2.98, 3.02, 2.51, 3.06, 3.41, 3.63, 3.89, 4.23, 4.02, 3.48, 3.3, 3.26, 2.89, 3.36, 3.63, 4.29, 4.35, 4.67, 4.77, 4.98, 4.9, 4.99, 4.69, 4.36, 4.75, 4.66], [7.882, 8.456, 8.277, 8.048, 7.764, 8.228, 9.265, 9.374, 9.165, 9.752, 10.589, 10.172, 8.353, 7.457, 7.367, 7.27, 6.179, 5.22, 5.428, 5.732, 5.665, 5.758, 5.878, 6.844, 7.041, 7.058, 6.89, 5.7, 5.62, 5.04, 4.89, 5.288, 5.334, 5.324, 4.88, 5.432, 6.041, 5.908, 5.264, 3.66, 3.06, 3.08, 3.29, 2.8, 2.49, 2.44, 2.68, 2.86, 2.69, 2.17, 1.44, 1.18, 0.67, 0, 0.69, 1.74, 1.98, 1.98, 2.3, 2.77, 3.07, 3.21, 2.82, 3.51, 3.78, 3.96, 4.06, 4.4, 4.17, 3.71, 3.59, 3.47, 3.2, 3.67, 3.96, 4.5, 4.62, 4.96, 4.9, 5.03, 4.95, 5.08, 4.9, 4.61, 4.86, 4.73], [8.257, 8.783, 8.576, 8.498, 8.21, 8.648, 9.703, 9.843, 9.466, 10.07, 10.913, 10.507, 8.523, 7.759, 7.592, 7.637, 6.554, 5.39, 5.546, 5.893, 5.866, 5.868, 6.016, 7.183, 7.457, 7.513, 7.345, 6.07, 5.95, 5.304, 5.225, 5.671, 5.764, 5.748, 5.19, 5.79, 6.428, 6.296, 5.646, 4.101, 3.47, 3.41, 3.38, 2.93, 2.6, 2.75, 3.01, 3.09, 2.92, 2.3, 1.33, 1.21, 0.84, 0.69, 0, 1.41, 1.71, 1.69, 1.99, 2.54, 2.82, 3.2, 2.81, 3.48, 3.67, 3.85, 3.89, 4.19, 3.94, 3.5, 3.52, 3.44, 3.13, 3.5, 3.81, 4.27, 4.43, 4.73, 4.65, 4.78, 4.7, 4.77, 4.59, 4.34, 4.55, 4.4], [9.327, 9.83, 9.7, 9.67, 9.397, 9.786, 10.823, 10.953, 10.516, 11.103, 11.946, 11.583, 9.47, 8.86, 8.67, 8.764, 7.721, 6.434, 6.51, 6.814, 6.687, 6.734, 6.969, 8.25, 8.601, 8.66, 8.503, 7.179, 7.056, 6.445, 6.306, 6.769, 6.882, 6.892, 6.22, 6.857, 7.507, 7.377, 6.718, 5.145, 3.98, 4.254, 4.25, 3.594, 2.97, 3.1, 3.1, 3.12, 2.77, 1.95, 1.26, 1.82, 1.75, 1.74, 1.41, 0, 0.7, 0.96, 1.06, 1.57, 1.83, 2.23, 1.92, 2.57, 2.72, 2.92, 2.86, 2.96, 2.71, 2.43, 2.57, 2.45, 2.1, 2.47, 2.68, 3.0, 3.18, 3.46, 3.44, 3.61, 3.47, 3.46, 3.32, 3.07, 3.3, 3.07], [9.355, 9.861, 9.736, 9.719, 9.44, 9.828, 10.868, 10.998, 10.555, 11.08, 11.92, 11.597, 9.487, 8.894, 8.704, 8.832, 7.783, 6.502, 6.59, 6.88, 6.63, 6.68, 6.94, 8.244, 8.643, 8.726, 8.563, 7.227, 7.133, 6.506, 6.386, 6.815, 6.93, 6.955, 6.282, 6.905, 7.535, 7.391, 6.763, 5.202, 3.96, 4.288, 4.278, 3.616, 2.89, 2.94, 3.02, 3.06, 2.85, 2.05, 1.3, 1.92, 1.91, 1.98, 1.71, 0.7, 0, 0.76, 1.1, 1.37, 1.53, 1.69, 1.44, 1.99, 2.28, 2.44, 2.52, 2.74, 2.49, 2.07, 2.09, 1.97, 1.62, 2.19, 2.46, 2.88, 2.98, 3.24, 3.2, 3.45, 3.31, 3.3, 3.14, 2.87, 3.12, 2.93], [9.175, 9.678, 9.607, 9.647, 9.365, 9.762, 10.688, 10.878, 10.395, 10.9, 11.78, 11.537, 9.43, 8.834, 8.644, 8.772, 7.702, 6.441, 6.55, 6.84, 6.47, 6.5, 6.76, 8.064, 8.549, 8.659, 8.485, 7.167, 7.029, 6.429, 6.299, 6.737, 6.87, 6.888, 6.222, 6.725, 7.355, 7.211, 6.583, 5.062, 3.86, 4.108, 4.11, 3.52, 3.05, 3.2, 3.3, 3.32, 3.09, 2.29, 1.28, 1.86, 1.87, 1.98, 1.69, 0.96, 0.76, 0, 0.74, 1.31, 1.73, 1.95, 1.58, 2.45, 2.84, 2.98, 3.12, 3.22, 2.93, 2.51, 2.45, 2.31, 2.0, 2.61, 2.9, 3.24, 3.42, 3.62, 3.52, 3.69, 3.59, 3.76, 3.52, 3.31, 3.58, 3.33], [9.486, 9.986, 9.95, 9.98, 9.702, 10.105, 11.037, 11.221, 10.746, 11.24, 12.133, 11.856, 9.731, 9.141, 8.96, 9.085, 8.034, 6.761, 6.831, 7.133, 6.75, 6.78, 7.119, 8.372, 8.888, 8.993, 8.827, 7.495, 7.389, 6.769, 6.639, 7.091, 7.204, 7.228, 6.544, 7.016, 7.632, 7.519, 6.917, 5.413, 4.18, 4.408, 4.47, 3.84, 3.37, 3.46, 3.44, 3.42, 3.19, 2.37, 1.44, 2.24, 2.23, 2.3, 1.99, 1.06, 1.1, 0.74, 0, 0.91, 1.53, 2.23, 1.86, 2.81, 3.22, 3.36, 3.36, 3.34, 3.09, 2.65, 2.67, 2.55, 2.24, 2.89, 3.08, 3.38, 3.62, 3.82, 3.68, 3.71, 3.67, 3.8, 3.58, 3.43, 3.64, 3.43], [9.76, 10.26, 10.234, 10.279, 10.003, 10.404, 11.333, 11.518, 11.013, 11.489, 12.381, 12.123, 10.018, 9.428, 9.247, 9.384, 8.338, 7.048, 7.118, 7.4, 7.0, 7.03, 7.366, 8.64, 9.178, 9.292, 9.129, 7.779, 7.674, 7.049, 6.944, 7.395, 7.508, 7.532, 6.846, 7.29, 7.9, 7.79, 7.219, 5.701, 4.43, 4.71, 4.74, 4.19, 3.58, 3.51, 3.57, 3.63, 3.34, 2.6, 1.71, 2.53, 2.64, 2.77, 2.54, 1.57, 1.37, 1.31, 0.91, 0, 1.38, 2.1, 1.75, 2.7, 3.15, 3.27, 3.37, 3.33, 3.08, 2.64, 2.58, 2.44, 2.15, 2.82, 3.09, 3.37, 3.61, 3.81, 3.69, 3.84, 3.76, 3.87, 3.69, 3.44, 3.69, 3.48], [9.94, 10.44, 10.418, 10.469, 10.199, 10.599, 11.516, 11.698, 11.193, 11.67, 12.57, 12.33, 10.232, 9.642, 9.46, 9.598, 8.552, 7.262, 7.332, 7.61, 7.18, 7.21, 7.55, 8.82, 9.362, 9.473, 9.316, 7.983, 7.863, 7.254, 7.16, 7.6, 7.71, 7.74, 7.05, 7.47, 8.08, 7.97, 7.4, 5.91, 4.65, 4.93, 4.94, 4.35, 3.52, 3.07, 2.95, 3.01, 2.88, 2.36, 2.19, 2.93, 2.98, 3.07, 2.82, 1.83, 1.53, 1.73, 1.53, 1.38, 0, 1.6, 1.59, 1.98, 2.15, 2.25, 2.23, 2.17, 1.96, 1.66, 1.7, 1.5, 1.39, 1.86, 1.97, 2.39, 2.55, 2.79, 2.83, 3.18, 3.08, 3.01, 2.91, 2.52, 2.69, 2.58], [9.16, 9.66, 9.638, 9.709, 9.439, 9.819, 10.736, 10.918, 10.413, 10.89, 11.79, 11.55, 9.46, 8.87, 8.68, 8.82, 7.78, 6.49, 6.56, 6.83, 6.4, 6.43, 6.77, 8.04, 8.6, 8.693, 8.536, 7.223, 7.083, 6.53, 6.4, 6.82, 6.93, 6.96, 6.27, 6.69, 7.32, 7.19, 6.66, 5.23, 3.89, 4.17, 4.2, 3.59, 3.22, 3.21, 3.53, 3.23, 3.26, 2.88, 2.61, 2.87, 3.02, 3.21, 3.2, 2.23, 1.69, 1.95, 2.23, 2.1, 1.6, 0, 0.87, 1.2, 1.67, 1.83, 2.03, 2.17, 2.06, 1.88, 1.42, 1.18, 1.07, 1.62, 1.89, 2.35, 2.47, 2.71, 2.81, 3.24, 3.2, 3.17, 3.07, 2.66, 2.75, 2.8], [8.87, 9.37, 9.348, 9.419, 9.149, 9.529, 10.446, 10.628, 10.123, 10.6, 11.5, 11.26, 9.17, 8.58, 8.39, 8.53, 7.49, 6.2, 6.27, 6.54, 6.11, 6.14, 6.48, 7.75, 8.31, 8.403, 8.246, 6.933, 6.793, 6.224, 6.11, 6.53, 6.64, 6.67, 5.98, 6.4, 7.03, 6.9, 6.33, 4.88, 3.62, 3.88, 3.89, 3.36, 3.01, 3.32, 3.64, 3.32, 3.25, 2.79, 2.3, 2.26, 2.51, 2.82, 2.81, 1.92, 1.44, 1.58, 1.86, 1.75, 1.59, 0.87, 0, 1.23, 1.96, 2.22, 2.44, 2.56, 2.45, 2.05, 1.73, 1.59, 1.34, 2.01, 2.2, 2.8, 2.9, 3.14, 3.34, 3.77, 3.65, 3.56, 3.36, 3.07, 3.26, 3.21], [9.24, 9.74, 9.626, 9.621, 9.351, 9.745, 10.776, 10.91, 10.44, 10.95, 11.79, 11.43, 9.34, 8.75, 8.56, 8.7, 7.66, 6.37, 6.44, 6.71, 6.46, 6.51, 6.81, 8.12, 8.536, 8.599, 8.453, 7.086, 6.981, 6.389, 6.26, 6.74, 6.85, 6.84, 6.17, 6.79, 7.42, 7.27, 6.7, 5.19, 3.93, 4.29, 4.24, 3.75, 3.4, 3.33, 3.69, 3.45, 3.4, 3.08, 2.97, 2.81, 3.06, 3.51, 3.48, 2.57, 1.99, 2.45, 2.81, 2.7, 1.98, 1.2, 1.23, 0, 1.23, 1.69, 2.03, 2.25, 2.38, 2.14, 1.72, 1.64, 1.41, 1.7, 1.97, 2.41, 2.45, 2.83, 3.17, 3.66, 3.48, 3.31, 3.07, 2.72, 2.77, 2.78], [9.61, 10.11, 10.0, 10.0, 9.73, 10.13, 11.15, 11.28, 10.81, 11.34, 12.18, 11.84, 9.75, 9.16, 8.97, 9.11, 8.07, 6.78, 6.85, 7.12, 6.93, 6.96, 7.2, 8.49, 8.91, 8.97, 8.83, 7.48, 7.36, 6.76, 6.67, 7.15, 7.26, 7.25, 6.58, 7.18, 7.81, 7.68, 7.09, 5.54, 4.3, 4.66, 4.67, 4.0, 3.21, 3.1, 3.2, 3.02, 2.91, 2.89, 3.26, 3.28, 3.41, 3.78, 3.67, 2.72, 2.28, 2.84, 3.22, 3.15, 2.15, 1.67, 1.96, 1.23, 0, 0.82, 1.32, 1.64, 1.99, 1.81, 1.33, 1.31, 1.24, 0.95, 1.14, 1.62, 1.6, 1.94, 2.32, 2.87, 2.95, 2.7, 2.62, 2.21, 2.3, 2.33], [10.03, 10.51, 10.4, 10.4, 10.13, 10.53, 11.55, 11.68, 11.21, 11.72, 12.56, 12.22, 10.11, 9.52, 9.33, 9.47, 8.43, 7.14, 7.21, 7.48, 7.29, 7.36, 7.6, 8.91, 9.33, 9.37, 9.23, 7.9, 7.78, 7.2, 7.09, 7.57, 7.66, 7.63, 6.96, 7.56, 8.19, 8.08, 7.51, 5.98, 4.74, 5.12, 5.13, 4.48, 3.65, 3.2, 3.18, 3.2, 3.07, 3.07, 3.42, 3.56, 3.63, 3.96, 3.85, 2.92, 2.44, 2.98, 3.36, 3.27, 2.25, 1.83, 2.22, 1.69, 0.82, 0, 0.8, 1.22, 1.75, 1.63, 1.33, 1.21, 1.48, 1.19, 1.16, 1.38, 1.4, 1.56, 1.88, 2.55, 2.73, 2.44, 2.46, 2.05, 2.06, 2.21], [10.55, 11.03, 10.92, 10.92, 10.65, 11.05, 12.066, 12.2, 11.73, 12.26, 13.1, 12.74, 10.65, 10.06, 9.87, 10.01, 8.97, 7.68, 7.75, 8.02, 7.83, 7.9, 8.14, 9.43, 9.85, 9.91, 9.75, 8.44, 8.32, 7.76, 7.63, 8.07, 8.16, 8.15, 7.46, 8.08, 8.71, 8.58, 8.01, 6.48, 5.24, 5.62, 5.63, 4.98, 4.15, 3.66, 3.24, 3.04, 3.15, 2.91, 3.48, 3.84, 3.89, 4.06, 3.89, 2.86, 2.52, 3.12, 3.36, 3.37, 2.23, 2.03, 2.44, 2.03, 1.32, 0.8, 0, 0.72, 1.33, 1.67, 1.61, 1.51, 1.82, 1.55, 1.2, 1.02, 1.14, 1.28, 1.44, 2.05, 2.23, 2.0, 2.12, 1.81, 1.48, 1.57], [10.83, 11.31, 11.2, 11.2, 10.93, 11.33, 12.346, 12.48, 12.01, 12.52, 13.36, 13.0, 10.91, 10.32, 10.13, 10.27, 9.23, 7.94, 8.01, 8.28, 8.03, 8.1, 8.4, 9.71, 10.13, 10.17, 10.03, 8.7, 8.58, 8.02, 7.89, 8.35, 8.44, 8.41, 7.74, 8.36, 8.99, 8.86, 8.29, 6.76, 5.52, 5.9, 5.93, 5.28, 4.41, 3.88, 3.46, 3.2, 3.19, 2.91, 3.7, 4.18, 4.23, 4.4, 4.19, 2.96, 2.74, 3.22, 3.34, 3.33, 2.17, 2.17, 2.56, 2.25, 1.64, 1.22, 0.72, 0, 0.95, 1.71, 1.79, 1.67, 1.92, 1.71, 1.36, 1.06, 0.94, 1.12, 1.32, 1.75, 1.93, 1.78, 1.84, 1.65, 1.28, 1.29], [10.22, 10.7, 10.59, 10.61, 10.34, 10.74, 11.736, 11.87, 11.4, 11.91, 12.75, 12.45, 10.36, 9.77, 9.58, 9.72, 8.68, 7.39, 7.46, 7.73, 7.42, 7.49, 7.79, 9.1, 9.52, 9.62, 9.46, 8.15, 8.03, 7.47, 7.34, 7.76, 7.85, 7.86, 7.17, 7.75, 8.38, 8.25, 7.68, 6.15, 4.91, 5.29, 5.32, 4.67, 3.8, 3.25, 2.91, 2.65, 2.66, 2.56, 3.37, 3.95, 4.02, 4.17, 3.94, 2.71, 2.49, 2.93, 3.09, 3.08, 1.96, 2.06, 2.45, 2.38, 1.99, 1.75, 1.33, 0.95, 0, 1.08, 1.38, 1.3, 1.53, 1.6, 1.35, 1.37, 1.15, 1.05, 1.21, 1.56, 1.6, 1.45, 1.29, 1.18, 1.23, 1.34], [9.2, 9.7, 9.69, 9.75, 9.48, 9.879, 10.776, 10.958, 10.453, 10.93, 11.83, 11.59, 9.5, 8.91, 8.72, 8.86, 7.82, 6.53, 6.6, 6.87, 6.44, 6.47, 6.81, 8.08, 8.64, 8.753, 8.596, 7.27, 7.15, 6.59, 6.46, 6.88, 6.97, 7.0, 6.31, 6.75, 7.38, 7.23, 6.68, 5.21, 3.95, 4.29, 4.3, 3.71, 2.86, 2.39, 2.15, 1.97, 1.96, 2.3, 3.01, 3.35, 3.48, 3.71, 3.5, 2.43, 2.07, 2.51, 2.65, 2.64, 1.66, 1.88, 2.05, 2.14, 1.81, 1.63, 1.67, 1.71, 1.08, 0, 0.84, 1.06, 1.19, 1.26, 1.17, 1.77, 1.69, 1.61, 1.65, 2.38, 2.42, 2.35, 1.85, 1.36, 2.09, 2.24], [9.14, 9.64, 9.63, 9.69, 9.42, 9.82, 10.72, 10.91, 10.4, 10.87, 11.77, 11.55, 9.46, 8.87, 8.68, 8.82, 7.78, 6.49, 6.56, 6.83, 6.38, 6.41, 6.75, 8.02, 8.58, 8.7, 8.54, 7.21, 7.09, 6.53, 6.42, 6.84, 6.93, 6.96, 6.27, 6.67, 7.28, 7.19, 6.64, 5.17, 3.91, 4.23, 4.24, 3.65, 2.86, 2.47, 2.53, 2.33, 2.24, 2.52, 2.99, 3.19, 3.3, 3.59, 3.52, 2.57, 2.09, 2.45, 2.67, 2.58, 1.7, 1.42, 1.73, 1.72, 1.33, 1.33, 1.61, 1.79, 1.38, 0.84, 0, 0.6, 0.81, 1.04, 1.19, 1.87, 1.77, 1.83, 1.89, 2.56, 2.62, 2.55, 2.23, 1.68, 2.31, 2.38], [9.44, 9.94, 9.93, 9.986, 9.716, 10.116, 11.02, 11.21, 10.7, 11.17, 12.07, 11.85, 9.76, 9.17, 8.98, 9.118, 8.072, 6.782, 6.852, 7.13, 6.68, 6.71, 7.05, 8.32, 8.879, 8.99, 8.833, 7.5, 7.38, 6.79, 6.68, 7.12, 7.23, 7.26, 6.57, 6.97, 7.6, 7.49, 6.92, 5.43, 4.17, 4.45, 4.48, 3.87, 3.06, 2.69, 2.69, 2.57, 2.58, 2.62, 2.89, 3.19, 3.26, 3.47, 3.44, 2.45, 1.97, 2.31, 2.55, 2.44, 1.5, 1.18, 1.59, 1.64, 1.31, 1.21, 1.51, 1.67, 1.3, 1.06, 0.6, 0, 0.69, 1.08, 1.11, 1.79, 1.87, 1.93, 1.95, 2.4, 2.4, 2.35, 2.29, 1.82, 2.13, 2.18], [9.15, 9.65, 9.64, 9.7, 9.43, 9.83, 10.73, 10.92, 10.41, 10.88, 11.78, 11.58, 9.482, 8.892, 8.71, 8.848, 7.802, 6.512, 6.59, 6.86, 6.41, 6.42, 6.76, 8.03, 8.59, 8.71, 8.55, 7.22, 7.1, 6.5, 6.41, 6.85, 6.96, 6.99, 6.3, 6.7, 7.31, 7.22, 6.65, 5.16, 3.9, 4.18, 4.21, 3.6, 2.79, 2.52, 2.78, 2.54, 2.47, 2.39, 2.58, 2.76, 2.89, 3.2, 3.13, 2.1, 1.62, 2.0, 2.24, 2.15, 1.39, 1.07, 1.34, 1.41, 1.24, 1.48, 1.82, 1.92, 1.53, 1.19, 0.81, 0.69, 0, 0.93, 1.18, 1.96, 1.96, 2.1, 2.2, 2.67, 2.61, 2.58, 2.42, 2.07, 2.42, 2.43], [9.4, 9.9, 9.79, 9.85, 9.58, 9.98, 10.88, 11.09, 10.58, 11.17, 12.05, 11.81, 9.72, 9.11, 8.92, 9.02, 7.94, 6.65, 6.74, 6.99, 6.74, 6.79, 7.03, 8.32, 8.74, 8.86, 8.693, 7.37, 7.24, 6.67, 6.56, 6.98, 7.09, 7.12, 6.45, 6.93, 7.58, 7.47, 6.82, 5.31, 4.07, 4.43, 4.44, 3.75, 2.94, 2.59, 2.67, 2.51, 2.28, 2.48, 2.95, 3.19, 3.36, 3.67, 3.5, 2.47, 2.19, 2.61, 2.89, 2.82, 1.86, 1.62, 2.01, 1.7, 0.95, 1.19, 1.55, 1.71, 1.6, 1.26, 1.04, 1.08, 0.93, 0, 0.75, 1.47, 1.31, 1.61, 1.79, 2.3, 2.38, 2.43, 2.11, 1.8, 2.21, 2.3], [9.79, 10.29, 10.2, 10.26, 9.986, 10.39, 11.29, 11.5, 10.99, 11.56, 12.46, 12.22, 10.13, 9.52, 9.33, 9.43, 8.35, 7.06, 7.15, 7.4, 7.13, 7.18, 7.44, 8.71, 9.15, 9.27, 9.103, 7.78, 7.65, 7.06, 6.95, 7.39, 7.5, 7.53, 6.86, 7.32, 7.97, 7.86, 7.21, 5.7, 4.48, 4.8, 4.79, 4.14, 3.31, 2.92, 2.7, 2.52, 2.53, 2.51, 3.28, 3.48, 3.63, 3.96, 3.81, 2.68, 2.46, 2.9, 3.08, 3.09, 1.97, 1.89, 2.2, 1.97, 1.14, 1.16, 1.2, 1.36, 1.35, 1.17, 1.19, 1.11, 1.18, 0.75, 0, 1.04, 1.1, 1.28, 1.48, 2.13, 2.25, 2.02, 1.92, 1.59, 1.84, 1.97], [10.71, 11.21, 11.18, 11.236, 10.966, 11.366, 12.27, 12.46, 11.95, 12.5, 13.4, 13.16, 11.07, 10.46, 10.27, 10.37, 9.33, 8.04, 8.11, 8.38, 8.07, 8.1, 8.38, 9.63, 10.13, 10.24, 10.083, 8.76, 8.63, 8.04, 7.93, 8.