[[0, 0.72, 0.9, 1.15, 1.32, 2.57, 5.86, 7.12, 8.055, 10.4, 10.985, 10.357, 10.432, 11.248, 12.592, 13.04, 11.333, 10.526, 9.77, 9.043, 8.289, 9.357, 9.857, 10.492, 11.942, 11.916, 12.16, 12.296, 11.637, 11.213, 11.999, 11.881, 12.673, 11.422, 10.987, 10.387, 7.615, 4.421, 2.37, 3.49, 3.91, 4.19, 4.34, 4.58, 4.65, 4.79, 4.93, 4.88, 4.9, 4.75, 4.26, 4.21, 5.06, 5.84, 6.72, 6.28, 5.73, 5.32, 5.08, 5.373, 5.23, 5.31, 5.87, 5.579, 5.45, 5.68, 5.33, 4.92, 4.5, 4.09, 3.71, 4.46, 5.54, 5.08, 4.2, 4.21, 4.65, 4.57, 4.2, 3.76, 3.79, 4.04, 3.69, 4.12, 4.47, 4.35], [0.72, 0, 0.54, 0.97, 1.1, 2.35, 5.78, 7.1, 7.61, 9.86, 10.445, 9.817, 9.892, 10.708, 12.052, 12.5, 10.793, 9.986, 9.23, 8.503, 7.752, 8.817, 9.317, 9.952, 11.402, 11.376, 11.62, 11.756, 11.097, 10.673, 11.459, 11.341, 12.133, 10.882, 10.442, 9.847, 7.075, 3.93, 2.39, 3.61, 4.11, 4.33, 4.48, 4.72, 4.73, 4.85, 5.01, 5.02, 4.96, 4.85, 4.38, 4.33, 5.18, 5.96, 6.88, 6.46, 5.99, 5.46, 5.299, 5.658, 5.52, 5.489, 6.029, 5.719, 5.57, 5.8, 5.45, 5.02, 4.62, 4.17, 3.81, 4.52, 5.38, 4.88, 4.0, 4.21, 4.57, 4.47, 4.16, 3.86, 3.85, 4.086, 3.69, 4.1, 4.45, 4.35], [0.9, 0.54, 0, 0.89, 0.98, 2.29, 5.76, 7.02, 7.39, 9.643, 10.228, 9.6, 9.675, 10.491, 11.835, 12.301, 10.576, 9.769, 9.022, 8.286, 7.555, 8.6, 9.1, 9.749, 11.185, 11.159, 11.403, 11.554, 10.88, 10.456, 11.242, 11.124, 11.916, 10.664, 10.224, 9.63, 6.869, 3.704, 2.41, 3.63, 4.05, 4.27, 4.38, 4.6, 4.71, 4.89, 5.07, 5.04, 5.0, 4.85, 4.4, 4.35, 5.18, 5.98, 6.86, 6.4, 5.97, 5.5, 5.3, 5.628, 5.51, 5.51, 6.009, 5.759, 5.59, 5.82, 5.45, 5.06, 4.62, 4.19, 3.79, 4.48, 5.26, 4.74, 3.92, 4.11, 4.49, 4.49, 4.14, 3.84, 3.85, 4.092, 3.67, 4.08, 4.45, 4.35], [1.15, 0.97, 0.89, 0, 0.57, 1.8, 5.27, 6.59, 7.202, 9.524, 10.101, 9.491, 9.539, 10.355, 11.699, 12.165, 10.452, 9.645, 8.906, 8.151, 7.439, 8.473, 8.979, 9.613, 11.066, 11.043, 11.293, 11.418, 10.759, 10.343, 11.123, 10.988, 11.78, 10.532, 10.094, 9.497, 6.773, 3.58, 2.18, 3.46, 3.96, 4.2, 4.31, 4.55, 4.54, 4.66, 4.82, 4.85, 4.81, 4.58, 4.09, 4.02, 4.89, 5.81, 6.79, 6.37, 5.88, 5.35, 5.181, 5.548, 5.401, 5.354, 5.936, 5.786, 5.4, 5.63, 5.24, 4.83, 4.31, 3.84, 3.38, 4.09, 4.87, 4.41, 3.51, 3.72, 4.08, 4.1, 3.73, 3.43, 3.509, 3.699, 3.28, 3.67, 4.035, 3.94], [1.32, 1.1, 0.98, 0.57, 0, 1.83, 5.3, 6.66, 7.13, 9.47, 10.02, 9.43, 9.47, 10.28, 11.63, 12.09, 10.38, 9.57, 8.82, 8.09, 7.35, 8.414, 8.92, 9.55, 11.0, 10.98, 11.23, 11.34, 10.69, 10.28, 11.06, 10.91, 11.69, 10.43, 9.99, 9.41, 6.67, 3.47, 2.17, 3.55, 4.07, 4.31, 4.4, 4.68, 4.61, 4.69, 4.87, 4.9, 4.82, 4.61, 4.12, 4.05, 4.92, 5.86, 6.88, 6.48, 5.97, 5.46, 5.274, 5.607, 5.477, 5.444, 6.044, 5.936, 5.51, 5.679, 5.25, 4.84, 4.34, 3.97, 3.59, 4.22, 4.9, 4.44, 3.58, 3.77, 4.17, 4.21, 3.9, 3.62, 3.576, 3.866, 3.43, 3.78, 4.162, 4.05], [2.57, 2.35, 2.29, 1.8, 1.83, 0, 3.67, 5.05, 5.7, 8.04, 8.59, 8.0, 8.08, 8.91, 10.24, 10.68, 8.95, 8.18, 7.43, 6.76, 6.0, 7.0, 7.5, 8.14, 9.57, 9.55, 9.8, 9.93, 9.26, 8.85, 9.63, 9.48, 10.26, 9.06, 8.68, 7.98, 5.34, 2.22, 1.74, 3.28, 3.66, 3.9, 3.79, 3.97, 3.88, 3.94, 4.06, 4.07, 3.93, 3.8, 3.31, 3.08, 3.91, 5.29, 6.37, 6.029, 5.579, 5.009, 5.17, 5.439, 5.264, 5.477, 5.977, 5.988, 5.122, 4.975, 4.62, 3.97, 3.569, 3.18, 2.5, 3.09, 3.67, 3.21, 2.29, 2.4, 2.78, 2.8, 2.41, 2.17, 2.429, 2.639, 2.52, 2.59, 2.955, 2.86], [5.86, 5.78, 5.76, 5.27, 5.3, 3.67, 0, 1.62, 2.79, 5.13, 5.88, 5.11, 5.27, 6.1, 7.41, 7.85, 6.2, 5.37, 4.72, 4.83, 4.25, 4.39, 4.65, 5.25, 6.68, 6.64, 6.89, 7.16, 6.43, 6.02, 6.8, 7.09, 8.01, 7.19, 6.95, 5.85, 3.43, 3.17, 4.59, 5.526, 5.629, 5.802, 5.199, 5.16, 4.63, 4.242, 4.41, 4.406, 4.478, 4.662, 4.669, 3.778, 4.512, 7.072, 7.459, 7.419, 7.123, 6.585, 6.85, 6.882, 6.807, 7.329, 7.966, 8.152, 6.929, 6.166, 5.706, 5.287, 5.215, 5.093, 3.97, 2.8, 2.54, 2.84, 2.86, 2.85, 2.05, 1.69, 2.22, 2.8, 3.332, 3.311, 3.45, 2.66, 2.39, 2.51], [7.12, 7.1, 7.02, 6.59, 6.66, 5.05, 1.62, 0, 1.81, 4.19, 5.0, 4.21, 4.41, 5.1, 6.43, 6.83, 5.34, 4.63, 4.56, 4.93, 4.77, 4.09, 3.97, 4.43, 5.72, 5.64, 5.81, 6.22, 5.53, 5.16, 6.02, 6.77, 7.69, 7.11, 6.85, 5.85, 4.03, 4.27, 5.81, 6.755, 6.816, 6.896, 6.348, 6.068, 5.53, 5.264, 5.595, 5.525, 5.559, 5.798, 5.825, 4.955, 5.668, 7.923, 8.335, 8.511, 8.24, 7.687, 7.956, 7.992, 7.957, 8.357, 8.863, 9.098, 8.019, 7.235, 6.779, 6.263, 6.279, 6.127, 5.018, 3.68, 3.24, 3.84, 4.1, 3.97, 3.19, 3.01, 3.5, 3.956, 4.62, 4.51, 4.606, 3.84, 3.609, 3.766], [8.055, 7.61, 7.39, 7.202, 7.13, 5.7, 2.79, 1.81, 0, 2.6, 3.39, 2.92, 3.12, 3.53, 4.7, 5.18, 3.83, 3.44, 3.63, 4.08, 3.98, 3.16, 2.86, 3.24, 4.07, 4.09, 4.34, 4.45, 3.9, 3.79, 4.63, 5.7, 6.72, 6.2, 5.94, 4.96, 3.5, 4.28, 6.939, 8.244, 8.347, 8.427, 7.858, 7.561, 6.965, 6.765, 7.117, 7.087, 7.13, 7.363, 7.39, 6.52, 7.236, 9.679, 9.965, 10.07, 9.782, 9.229, 9.504, 9.51, 9.426, 9.85, 10.527, 10.733, 9.527, 8.722, 8.274, 7.856, 7.842, 7.737, 6.447, 4.55, 3.61, 4.23, 4.55, 4.68, 3.84, 3.908, 4.532, 5.266, 5.961, 5.871, 5.727, 4.917, 4.619, 4.827], [10.4, 9.86, 9.643, 9.524, 9.47, 8.04, 5.13, 4.19, 2.6, 0, 1.35, 1.58, 1.6, 1.41, 2.48, 2.9, 1.71, 1.9, 2.43, 2.84, 3.1, 2.14, 1.52, 1.4, 1.75, 1.77, 1.94, 2.11, 1.68, 1.45, 2.33, 3.46, 4.36, 4.1, 3.94, 3.18, 3.36, 6.02, 9.311, 10.616, 10.71, 10.79, 10.229, 9.9, 9.356, 9.149, 9.48, 9.45, 9.51, 9.723, 9.75, 8.876, 9.616, 12.062, 12.33, 12.433, 12.156, 11.603, 11.861, 11.864, 11.813, 12.233, 12.915, 13.139, 11.972, 11.179, 10.712, 10.242, 10.284, 10.123, 8.805, 6.841, 5.455, 5.837, 6.675, 6.779, 6.091, 6.231, 6.915, 7.631, 8.327, 8.237, 7.987, 7.12, 6.825, 7.102], [10.985, 10.445, 10.228, 10.101, 10.02, 8.59, 5.88, 5.0, 3.39, 1.35, 0, 1.19, 1.11, 0.82, 1.81, 2.25, 1.16, 1.51, 2.22, 2.61, 3.07, 2.19, 1.55, 1.07, 1.32, 1.38, 1.65, 1.6, 1.41, 1.5, 1.96, 2.67, 3.63, 3.13, 2.95, 2.39, 3.55, 6.59, 9.881, 11.207, 11.29, 11.367, 10.82, 10.594, 9.97, 9.784, 10.204, 10.134, 10.257, 10.393, 10.46, 9.53, 10.303, 12.86, 13.126, 13.154, 12.724, 12.171, 12.528, 12.525, 12.51, 13.004, 13.719, 13.948, 12.693, 11.823, 11.435, 11.026, 11.026, 10.913, 9.409, 7.474, 6.051, 6.422, 7.271, 7.37, 6.707, 6.816, 7.485, 8.222, 8.918, 8.828, 8.578, 7.708, 7.441, 7.718], [10.357, 9.817, 9.6, 9.491, 9.43, 8.0, 5.11, 4.21, 2.92, 1.58, 1.19, 0, 0.7, 1.37, 2.46, 2.96, 1.63, 1.48, 1.73, 2.14, 2.76, 1.58, 1.3, 1.06, 1.85, 1.91, 2.08, 2.23, 1.74, 1.73, 2.31, 3.08, 4.04, 3.46, 3.2, 2.4, 3.1, 5.98, 9.268, 10.573, 10.676, 10.747, 10.186, 9.863, 9.31, 9.094, 9.437, 9.427, 9.49, 9.703, 9.73, 8.833, 9.553, 12.007, 12.273, 12.384, 12.108, 11.554, 11.812, 11.806, 11.737, 12.169, 12.852, 13.078, 11.912, 11.073, 10.631, 10.173, 10.216, 10.057, 8.753, 6.784, 5.411, 5.794, 6.635, 6.73, 6.06, 6.176, 6.866, 7.591, 8.287, 8.197, 7.947, 7.077, 6.785, 7.062], [10.432, 9.892, 9.675, 9.539, 9.47, 8.08, 5.27, 4.41, 3.12, 1.6, 1.11, 0.7, 0, 1.17, 2.22, 2.72, 1.41, 1.46, 1.69, 2.16, 2.78, 1.7, 1.38, 0.96, 1.71, 1.81, 1.98, 2.03, 1.56, 1.61, 2.21, 2.82, 3.8, 3.2, 2.94, 2.18, 3.2, 6.02, 9.316, 10.622, 10.725, 10.805, 10.235, 9.958, 9.36, 9.16, 9.54, 9.484, 9.587, 9.763, 9.81, 8.9, 9.673, 12.193, 12.459, 12.484, 12.174, 11.621, 11.892, 11.896, 11.846, 12.355, 13.058, 13.284, 12.035, 11.202, 10.771, 10.356, 10.356, 10.243, 8.819, 6.864, 5.466, 5.889, 6.686, 6.8, 6.117, 6.246, 6.921, 7.675, 8.371, 8.281, 8.031, 7.187, 6.885, 7.162], [11.248, 10.708, 10.491, 10.355, 10.28, 8.91, 6.1, 5.1, 3.53, 1.41, 0.82, 1.37, 1.17, 0, 1.67, 2.01, 1.02, 1.45, 2.18, 2.55, 3.19, 2.31, 1.75, 1.19, 1.18, 1.24, 1.37, 1.44, 1.09, 1.32, 1.9, 2.83, 3.75, 3.33, 3.17, 2.63, 3.79, 6.83, 10.132, 11.438, 11.541, 11.621, 11.051, 10.814, 10.161, 9.964, 10.364, 10.291, 10.397, 10.527, 10.594, 9.721, 10.482, 12.942, 13.245, 13.285, 12.946, 12.393, 12.719, 12.708, 12.676, 13.139, 13.816, 14.065, 12.795, 12.034, 11.592, 11.173, 11.156, 11.061, 9.609, 7.665, 6.276, 6.67, 7.496, 7.586, 6.869, 7.032, 7.728, 8.505, 9.201, 9.111, 8.861, 7.994, 7.69, 7.967], [12.592, 12.052, 11.835, 11.699, 11.63, 10.24, 7.41, 6.43, 4.7, 2.48, 1.81, 2.46, 2.22, 1.67, 0, 1.1, 1.41, 2.16, 2.93, 3.62, 4.44, 3.52, 2.98, 2.24, 1.39, 1.57, 1.46, 1.39, 1.88, 1.85, 1.53, 2.52, 3.2, 3.12, 2.86, 2.88, 5.04, 8.18, 11.476, 12.782, 12.882, 12.962, 12.395, 12.103, 11.522, 11.303, 11.663, 11.61, 11.693, 11.886, 11.913, 11.043, 11.836, 14.29, 14.556, 14.61, 14.322, 13.769, 14.052, 14.044, 13.972, 14.391, 15.126, 15.344, 14.163, 13.341, 12.883, 12.482, 12.482, 12.357, 10.968, 9.001, 7.629, 8.009, 8.832, 8.962, 8.243, 8.408, 9.084, 9.82, 10.516, 10.426, 10.176, 9.332, 9.028, 9.305], [13.04, 12.5, 12.301, 12.165, 12.09, 10.68, 7.85, 6.83, 5.18, 2.9, 2.25, 2.96, 2.72, 2.01, 1.1, 0, 1.77, 2.54, 3.39, 4.12, 4.94, 4.0, 3.42, 2.72, 1.53, 1.55, 1.42, 1.39, 1.96, 2.25, 1.49, 2.86, 3.32, 3.42, 3.26, 3.26, 5.52, 8.64, 11.942, 13.247, 13.35, 13.43, 12.861, 12.603, 11.95, 11.73, 12.142, 12.092, 12.175, 12.331, 12.378, 11.528, 12.298, 14.69, 15.016, 15.089, 14.768, 14.215, 14.523, 14.526, 14.454, 14.886, 15.589, 15.847, 14.626, 13.835, 13.382, 12.969, 12.961, 12.853, 11.413, 9.42, 8.063, 8.477, 9.3, 9.39, 8.685, 8.836, 9.517, 10.266, 10.962, 10.872, 10.622, 9.769, 9.459, 9.736], [11.333, 10.793, 10.576, 10.452, 10.38, 8.95, 6.2, 5.34, 3.83, 1.71, 1.16, 1.63, 1.41, 1.02, 1.41, 1.77, 0, 1.01, 1.84, 2.37, 3.21, 2.31, 1.75, 1.17, 1.22, 1.1, 1.25, 1.44, 1.15, 1.18, 1.34, 2.29, 3.15, 2.83, 2.67, 2.15, 3.77, 6.93, 10.229, 11.544, 11.638, 11.718, 11.157, 10.897, 10.293, 10.093, 10.49, 10.42, 10.543, 10.696, 10.743, 9.833, 10.626, 13.186, 13.452, 13.443, 13.09, 12.537, 12.831, 12.84, 12.811, 13.32, 14.039, 14.243, 13.017, 12.149, 11.742, 11.314, 11.314, 11.199, 9.735, 7.779, 6.391, 6.77, 7.608, 7.713, 7.033, 7.158, 7.837, 8.571, 9.267, 9.177, 8.927, 8.062, 7.761, 8.038], [10.526, 9.986, 9.769, 9.645, 9.57, 8.18, 5.37, 4.63, 3.44, 1.9, 1.51, 1.48, 1.46, 1.45, 2.16, 2.54, 1.01, 0, 1.23, 1.82, 2.74, 1.7, 1.44, 1.1, 2.07, 1.89, 1.96, 2.23, 1.8, 1.63, 1.75, 2.38, 3.36, 2.88, 2.7, 1.8, 3.0, 6.12, 9.422, 10.734, 10.831, 10.911, 10.347, 10.159, 9.54, 9.297, 9.68, 9.607, 9.73, 9.863, 9.93, 9.02, 9.796, 12.365, 12.657, 12.644, 12.274, 11.721, 12.035, 12.068, 12.053, 12.57, 13.23, 13.445, 12.213, 11.377, 10.981, 10.542, 10.504, 10.406, 8.917, 6.964, 5.575, 5.975, 6.81, 6.911, 6.246, 6.368, 7.038, 7.761, 8.457, 8.367, 8.117, 7.247, 6.945, 7.222], [9.77, 9.23, 9.022, 8.906, 8.82, 7.43, 4.72, 4.56, 3.63, 2.43, 2.22, 1.73, 1.69, 2.18, 2.93, 3.39, 1.84, 1.23, 0, 1.15, 1.89, 1.31, 1.63, 1.61, 2.84, 2.72, 2.81, 3.02, 2.47, 2.12, 2.34, 2.51, 3.45, 2.71, 2.47, 1.37, 2.31, 5.37, 8.681, 9.987, 10.09, 10.152, 9.6, 9.415, 8.962, 8.682, 8.964, 8.872, 8.969, 9.164, 9.232, 8.264, 9.054, 11.709, 12.024, 11.936, 11.58, 11.049, 11.263, 11.301, 11.386, 11.906, 12.612, 12.71, 11.555, 10.645, 10.246, 9.787, 9.764, 9.648, 8.196, 6.251, 4.863, 5.256, 6.103, 6.25, 5.602, 5.745, 6.37, 7.04, 7.704, 7.614, 7.384, 6.519, 6.236, 6.49], [9.043, 8.503, 8.286, 8.151, 8.09, 6.76, 4.83, 4.93, 4.08, 2.84, 2.61, 2.14, 2.16, 2.55, 3.62, 4.12, 2.37, 1.82, 1.15, 0, 1.3, 1.26, 1.94, 1.98, 3.31, 3.15, 3.28, 3.53, 2.9, 2.55, 3.05, 2.94, 3.8, 2.68, 2.3, 1.6, 1.98, 4.76, 8.0, 9.343, 9.449, 9.635, 9.079, 9.248, 8.955, 8.615, 8.7, 8.642, 8.599, 8.723, 8.79, 7.886, 8.579, 11.328, 11.858, 11.598, 11.148, 10.572, 10.86, 11.095, 11.16, 11.679, 12.276, 12.286, 11.219, 10.375, 9.905, 9.384, 9.272, 9.108, 7.689, 5.639, 4.47, 4.93, 5.73, 6.12, 5.58, 5.627, 6.111, 6.575, 7.057, 6.93, 6.669, 5.874, 5.601, 5.849], [8.289, 7.752, 7.555, 7.439, 7.35, 6.0, 4.25, 4.77, 3.98, 3.1, 3.07, 2.76, 2.78, 3.19, 4.44, 4.94, 3.21, 2.74, 1.89, 1.3, 0, 1.64, 2.16, 2.5, 3.87, 3.73, 3.98, 4.25, 3.62, 3.19, 3.87, 3.8, 4.66, 3.66, 3.3, 2.38, 1.12, 3.92, 7.22, 8.569, 8.741, 9.021, 8.417, 8.514, 8.18, 7.88, 7.96, 7.85, 7.688, 7.814, 7.882, 6.929, 7.682, 10.323, 10.978, 10.852, 10.325, 9.795, 10.018, 10.135, 10.206, 10.688, 11.228, 11.298, 10.134, 9.422, 8.912, 8.458, 8.362, 8.176, 6.818, 4.859, 3.79, 4.11, 4.85, 5.24, 4.86, 4.99, 5.343, 5.858, 6.38, 6.27, 5.931, 5.133, 4.817, 5.083], [9.357, 8.817, 8.6, 8.473, 8.414, 7.0, 4.39, 4.09, 3.16, 2.14, 2.19, 1.58, 1.7, 2.31, 3.52, 4.0, 2.31, 1.7, 1.31, 1.26, 1.64, 0, 1.1, 1.62, 2.91, 2.81, 3.04, 3.23, 2.5, 2.21, 2.87, 3.1, 3.96, 3.2, 2.96, 2.0, 1.94, 4.98, 8.27, 9.596, 9.679, 9.739, 9.209, 9.025, 8.492, 8.206, 8.557, 8.47, 8.533, 8.743, 8.796, 7.84, 8.559, 11.139, 11.483, 11.493, 11.145, 10.572, 10.878, 10.934, 10.911, 11.421, 12.013, 12.191, 10.896, 10.125, 9.696, 9.214, 9.188, 9.083, 7.794, 5.847, 4.49, 4.883, 5.7, 5.837, 5.198, 5.321, 5.915, 6.618, 7.287, 7.197, 6.947, 6.077, 5.808, 6.085], [9.857, 9.317, 9.1, 8.979, 8.92, 7.5, 4.65, 3.97, 2.86, 1.52, 1.55, 1.3, 1.38, 1.75, 2.98, 3.42, 1.75, 1.44, 1.63, 1.94, 2.16, 1.1, 0, 0.92, 2.19, 2.15, 2.44, 2.63, 1.96, 1.69, 2.45, 2.98, 3.96, 3.48, 3.32, 2.48, 2.5, 5.47, 8.756, 10.062, 10.165, 10.245, 9.675, 9.436, 8.869, 8.632, 8.972, 8.933, 8.993, 9.206, 9.253, 8.343, 9.076, 11.59, 11.897, 11.927, 11.619, 11.066, 11.347, 11.376, 11.316, 11.816, 12.476, 12.642, 11.419, 10.578, 10.144, 9.705, 9.673, 9.574, 8.276, 6.307, 4.917, 5.329, 6.157, 6.276, 5.594, 5.732, 6.392, 7.091, 7.787, 7.697, 7.447, 6.58, 6.296, 6.573], [10.492, 9.952, 9.749, 9.613, 9.55, 8.14, 5.25, 4.43, 3.24, 1.4, 1.07, 1.06, 0.96, 1.19, 2.24, 2.72, 1.17, 1.1, 1.61, 1.98, 2.5, 1.62, 0.92, 0, 1.49, 1.49, 1.74, 1.93, 1.54, 1.39, 1.85, 2.62, 3.64, 3.16, 2.94, 2.16, 3.0, 6.1, 9.391, 10.696, 10.799, 10.879, 10.309, 10.044, 9.463, 9.249, 9.577, 9.547, 9.607, 9.82, 9.867, 8.951, 9.696, 12.228, 12.528, 12.539, 12.239, 11.681, 11.958, 11.993, 11.933, 12.453, 13.096, 13.328, 12.079, 11.292, 10.864, 10.41, 10.384, 10.286, 8.897, 6.921, 5.537, 5.963, 6.772, 6.871, 6.209, 6.334, 7.007, 7.726, 8.422, 8.332, 8.082, 7.229, 6.939, 7.217], [11.942, 11.402, 11.185, 11.066, 11.0, 9.57, 6.68, 5.72, 4.07, 1.75, 1.32, 1.85, 1.71, 1.18, 1.39, 1.53, 1.22, 2.07, 2.84, 3.31, 3.87, 2.91, 2.19, 1.49, 0, 0.78, 0.87, 1.0, 1.19, 1.58, 1.58, 2.91, 3.61, 3.47, 3.31, 2.99, 4.39, 7.55, 10.843, 12.149, 12.252, 12.332, 11.762, 11.459, 10.857, 10.652, 10.992, 10.959, 11.048, 11.247, 11.274, 10.398, 11.139, 13.585, 13.885, 13.93, 13.66, 13.107, 13.373, 13.388, 13.33, 13.808, 14.462, 14.714, 13.482, 12.683, 12.261, 11.819, 11.802, 11.706, 10.311, 8.339, 6.976, 7.379, 8.207, 8.297, 7.583, 7.743, 8.424, 9.173, 9.869, 9.779, 9.529, 8.656, 8.352, 8.629], [11.916, 11.376, 11.159, 11.043, 10.98, 9.55, 6.64, 5.64, 4.09, 1.77, 1.38, 1.91, 1.81, 1.24, 1.57, 1.55, 1.1, 1.89, 2.72, 3.15, 3.73, 2.81, 2.15, 1.49, 0.78, 0, 0.59, 0.98, 0.97, 1.2, 1.2, 2.69, 3.37, 3.37, 3.25, 2.89, 4.31, 7.53, 10.821, 12.123, 12.226, 12.306, 11.739, 11.428, 10.866, 10.641, 10.966, 10.936, 10.979, 11.209, 11.251, 10.375, 11.093, 13.5, 13.82, 13.913, 13.631, 13.078, 13.359, 13.359, 13.302, 13.748, 14.394, 14.643, 13.445, 12.678, 12.195, 11.765, 11.765, 11.649, 10.288, 8.313, 6.941, 7.353, 8.176, 8.266, 7.56, 7.712, 8.41, 9.144, 9.84, 9.75, 9.5, 8.627, 8.323, 8.6], [12.16, 11.62, 11.403, 11.293, 11.23, 9.8, 6.89, 5.81, 4.34, 1.94, 1.65, 2.08, 1.98, 1.37, 1.46, 1.42, 1.25, 1.96, 2.81, 3.28, 3.98, 3.04, 2.44, 1.74, 0.87, 0.59, 0, 0.99, 0.98, 1.23, 1.33, 2.7, 3.3, 3.34, 3.16, 2.96, 4.56, 7.78, 11.071, 12.367, 12.47, 12.55, 11.989, 11.655, 11.096, 10.876, 11.216, 11.177, 11.223, 11.459, 11.486, 10.616, 11.335, 13.693, 14.013, 14.149, 13.884, 13.331, 13.594, 13.612, 13.543, 13.975, 14.618, 14.864, 13.709, 12.922, 12.454, 11.984, 12.003, 11.856, 10.524, 8.537, 7.2, 7.596, 8.44, 8.53, 7.828, 7.991, 8.675, 9.386, 10.081, 9.991, 9.741, 8.868, 8.558, 8.836], [12.296, 11.756, 11.554, 11.418, 11.34, 9.93, 7.16, 6.22, 4.45, 2.11, 1.6, 2.23, 2.03, 1.44, 1.39, 1.39, 1.44, 2.23, 3.02, 3.53, 4.25, 3.23, 2.63, 1.93, 1.0, 0.98, 0.99, 0, 1.03, 1.54, 1.58, 2.89, 3.53, 3.61, 3.49, 3.17, 4.79, 7.89, 11.195, 12.501, 12.604, 12.684, 12.114, 11.879, 11.241, 11.041, 11.447, 11.377, 11.46, 11.613, 11.68, 10.81, 11.586, 14.086, 14.352, 14.4, 14.038, 13.485, 13.817, 13.82, 13.77, 14.219, 14.931, 15.16, 13.928, 13.132, 12.698, 12.283, 12.272, 12.167, 10.704, 8.728, 7.336, 7.733, 8.556, 8.661, 7.95, 8.107, 8.791, 9.525, 10.221, 10.131, 9.881, 9.037, 8.747, 9.024], [11.637, 11.097, 10.88, 10.759, 10.69, 9.26, 6.43, 5.53, 3.9, 1.68, 1.41, 1.74, 1.56, 1.09, 1.88, 1.96, 1.15, 1.8, 2.47, 2.9, 3.62, 2.5, 1.96, 1.54, 1.19, 0.97, 0.98, 1.03, 0, 0.93, 1.61, 2.86, 3.56, 3.62, 3.46, 3.02, 4.06, 7.24, 10.536, 11.842, 11.945, 12.025, 11.455, 11.175, 10.577, 10.371, 10.734, 10.684, 10.787, 10.963, 11.01, 10.1, 10.87, 13.387, 13.653, 13.678, 13.373, 12.821, 13.106, 13.098, 13.066, 13.561, 14.255, 14.478, 13.238, 12.416, 12.0, 11.567, 11.55, 11.451, 10.028, 8.061, 6.677, 7.075, 7.903, 7.996, 7.317, 7.442, 8.132, 8.872, 9.568, 9.478, 9.228, 8.358, 8.062, 8.339], [11.213, 10.673, 10.456, 10.343, 10.28, 8.85, 6.02, 5.16, 3.79, 1.45, 1.5, 1.73, 1.61, 1.32, 1.85, 2.25, 1.18, 1.63, 2.12, 2.55, 3.19, 2.21, 1.69, 1.39, 1.58, 1.2, 1.23, 1.54, 0.93, 0, 1.52, 2.49, 3.11, 3.15, 2.99, 2.67, 3.63, 6.83, 10.121, 11.446, 11.529, 11.609, 11.039, 10.722, 10.219, 9.999, 10.339, 10.329, 10.386, 10.602, 10.629, 9.739, 10.492, 13.015, 13.28, 13.294, 13.004, 12.452, 12.711, 12.715, 12.643, 13.125, 13.868, 14.038, 12.871, 12.018, 11.539, 11.109, 11.146, 10.973, 9.65, 7.648, 6.299, 6.65, 7.502, 7.644, 6.967, 7.09, 7.769, 8.453, 9.149, 9.059, 8.809, 7.957, 7.647, 7.924], [11.999, 11.459, 11.242, 11.123, 11.06, 9.63, 6.8, 6.02, 4.63, 2.33, 1.96, 2.31, 2.21, 1.9, 1.53, 1.49, 1.34, 1.75, 2.34, 3.05, 3.87, 2.87, 2.45, 1.85, 1.58, 1.2, 1.33, 1.58, 1.61, 1.52, 0, 1.95, 2.81, 2.61, 2.51, 2.23, 4.47, 7.61, 10.903, 12.209, 12.309, 12.392, 11.822, 11.646, 11.073, 10.753, 11.084, 11.06, 11.109, 11.319, 11.366, 10.476, 11.269, 13.729, 14.036, 14.058, 13.782, 13.226, 13.5, 13.541, 13.498, 13.971, 14.66, 14.813, 13.683, 12.848, 12.374, 11.933, 11.918, 11.804, 10.407, 8.405, 7.094, 7.516, 8.334, 8.465, 7.733, 7.911, 8.569, 9.259, 9.917, 9.827, 9.577, 8.725, 8.415, 8.692], [11.881, 11.341, 11.124, 10.988, 10.91, 9.48, 7.09, 6.77, 5.7, 3.46, 2.67, 3.08, 2.82, 2.83, 2.52, 2.86, 2.29, 2.38, 2.51, 2.94, 3.8, 3.1, 2.98, 2.62, 2.91, 2.69, 2.7, 2.89, 2.86, 2.49, 1.95, 0, 1.08, 1.08, 1.24, 1.58, 4.5, 7.46, 10.8, 12.129, 12.189, 12.286, 11.699, 11.625, 11.252, 10.952, 11.294, 11.182, 11.264, 11.434, 11.522, 10.574, 11.384, 14.039, 14.36, 14.214, 13.744, 13.194, 13.519, 13.597, 13.696, 14.224, 14.947, 15.028, 13.89, 12.979, 12.513, 12.103, 12.06, 11.924, 10.398, 8.436, 7.053, 7.35, 8.253, 8.5, 7.886, 7.972, 8.562, 9.162, 9.823, 9.733, 9.483, 8.63, 8.346, 8.62], [12.673, 12.133, 11.916, 11.78, 11.69, 10.26, 8.01, 7.69, 6.72, 4.36, 3.63, 4.04, 3.8, 3.75, 3.2, 3.32, 3.15, 3.36, 3.45, 3.8, 4.66, 3.96, 3.96, 3.64, 3.61, 3.37, 3.3, 3.53, 3.56, 3.11, 2.81, 1.08, 0, 1.26, 1.72, 2.42, 5.38, 8.32, 11.64, 12.989, 13.029, 13.086, 12.559, 12.528, 12.115, 11.832, 12.177, 12.042, 12.124, 12.294, 12.382, 11.434, 12.244, 14.902, 15.217, 15.08, 14.584, 14.002, 14.379, 14.477, 14.574, 15.107, 15.813, 15.891, 14.756, 13.859, 13.379, 12.963, 12.923, 12.787, 11.26, 9.296, 7.924, 8.15, 9.119, 9.38, 8.778, 8.86, 9.399, 9.954, 10.615, 10.525, 10.275, 9.45, 9.206, 9.48], [11.422, 10.882, 10.664, 10.532, 10.43, 9.06, 7.19, 7.11, 6.2, 4.1, 3.13, 3.46, 3.2, 3.33, 3.12, 3.42, 2.83, 2.88, 2.71, 2.68, 3.66, 3.2, 3.48, 3.16, 3.47, 3.37, 3.34, 3.61, 3.62, 3.15, 2.61, 1.08, 1.26, 0, 0.6, 1.56, 4.4, 7.24, 10.5, 11.854, 11.872, 11.952, 11.442, 11.691, 11.318, 10.978, 11.24, 11.039, 11.079, 11.24, 11.327, 10.417, 11.19, 13.891, 14.344, 14.098, 13.562, 13.009, 13.303, 13.515, 13.6, 14.142, 14.821, 14.849, 13.764, 12.887, 12.437, 11.944, 11.878, 11.704, 10.192, 8.173, 6.93, 7.21, 8.11, 8.48, 7.94, 7.984, 8.468, 8.795, 9.404, 9.288, 9.041, 8.274, 8.087, 8.344], [10.987, 10.442, 10.224, 10.094, 9.99, 8.68, 6.95, 6.85, 5.94, 3.94, 2.95, 3.2, 2.94, 3.17, 2.86, 3.26, 2.67, 2.7, 2.47, 2.3, 3.3, 2.96, 3.32, 2.94, 3.31, 3.25, 3.16, 3.49, 3.46, 2.99, 2.51, 1.24, 1.72, 0.6, 0, 1.3, 4.1, 6.84, 10.08, 11.443, 11.472, 11.592, 11.134, 11.411, 11.038, 10.7, 10.92, 10.75, 10.739, 10.84, 10.927, 10.023, 10.796, 13.522, 14.055, 13.741, 13.219, 12.635, 12.983, 13.215, 13.3, 13.842, 14.47, 14.48, 13.413, 12.59, 12.1, 11.549, 11.484, 11.319, 9.804, 7.756, 6.61, 6.91, 7.79, 8.18, 7.68, 7.704, 8.16, 8.458, 9.002, 8.882, 8.61, 7.874, 7.699, 7.95], [10.387, 9.847, 9.63, 9.497, 9.41, 7.98, 5.85, 5.85, 4.96, 3.18, 2.39, 2.4, 2.18, 2.63, 2.88, 3.26, 2.15, 1.8, 1.37, 1.6, 2.38, 2.0, 2.48, 2.16, 2.99, 2.89, 2.96, 3.17, 3.02, 2.67, 2.23, 1.58, 2.42, 1.56, 1.3, 0, 3.06, 6.02, 9.317, 10.663, 10.726, 10.826, 10.296, 10.308, 9.895, 9.535, 9.794, 9.693, 9.776, 9.917, 10.004, 9.074, 9.867, 12.554, 12.926, 12.749, 12.299, 11.714, 12.071, 12.126, 12.228, 12.77, 13.459, 13.529, 12.401, 11.521, 11.082, 10.595, 10.565, 10.433, 8.918, 6.97, 5.55, 5.95, 6.79, 7.04, 6.46, 6.57, 7.068, 7.72, 8.343, 8.233, 7.983, 7.153, 6.906, 7.172], [7.615, 7.075, 6.869, 6.773, 6.67, 5.34, 3.43, 4.03, 3.5, 3.36, 3.55, 3.1, 3.2, 3.79, 5.04, 5.52, 3.77, 3.0, 2.31, 1.98, 1.12, 1.94, 2.5, 3.0, 4.39, 4.31, 4.56, 4.79, 4.06, 3.63, 4.47, 4.5, 5.38, 4.4, 4.1, 3.06, 0, 3.24, 6.531, 7.866, 8.018, 8.241, 7.65, 7.69, 7.28, 6.96, 7.14, 7.01, 6.908, 7.054, 7.122, 6.172, 6.944, 9.622, 10.098, 10.012, 9.562, 9.063, 9.215, 9.278, 9.285, 9.765, 10.481, 10.586, 9.421, 8.708, 8.181, 7.755, 7.678, 7.518, 6.063, 4.156, 3.15, 3.35, 4.07, 4.34, 3.98, 4.178, 4.528, 5.097, 5.675, 5.619, 5.285, 4.387, 4.114, 4.391], [4.421, 3.93, 3.704, 3.58, 3.47, 2.22, 3.17, 4.27, 4.28, 6.02, 6.59, 5.98, 6.02, 6.83, 8.18, 8.64, 6.93, 6.12, 5.37, 4.76, 3.92, 4.98, 5.47, 6.1, 7.55, 7.53, 7.78, 7.89, 7.24, 6.83, 7.61, 7.46, 8.32, 7.24, 6.84, 6.02, 3.24, 0, 3.36, 4.82, 5.06, 5.36, 4.95, 5.09, 4.9, 4.7, 4.8, 4.77, 4.55, 4.26, 4.11, 3.32, 4.15, 6.748, 7.644, 7.268, 6.794, 6.327, 6.47, 6.699, 6.718, 7.135, 7.683, 7.661, 6.644, 6.228, 5.824, 5.107, 4.766, 4.58, 3.18, 2.77, 2.27, 1.77, 1.43, 1.84, 2.12, 2.28, 2.25, 2.395, 2.828, 2.898, 2.517, 1.947, 2.18, 2.257], [2.37, 2.39, 2.41, 2.18, 2.17, 1.74, 4.59, 5.81, 6.939, 9.311, 9.881, 9.268, 9.316, 10.132, 11.476, 11.942, 10.229, 9.422, 8.681, 8.0, 7.22, 8.27, 8.756, 9.391, 10.843, 10.821, 11.071, 11.195, 10.536, 10.121, 10.903, 10.8, 11.64, 10.5, 10.08, 9.317, 6.531, 3.36, 0, 1.88, 2.42, 2.8, 2.61, 2.73, 2.66, 2.7, 2.82, 2.85, 2.77, 2.78, 2.23, 2.36, 3.15, 4.05, 5.083, 4.803, 4.38, 3.89, 4.07, 4.29, 3.992, 4.29, 4.629, 4.578, 3.98, 3.83, 3.78, 3.15, 2.79, 2.96, 2.8, 3.59, 4.49, 4.13, 3.15, 3.14, 3.6, 3.44, 2.95, 2.69, 2.795, 3.185, 3.04, 3.11, 3.42, 3.36], [3.49, 3.61, 3.63, 3.46, 3.55, 3.28, 5.526, 6.755, 8.244, 10.616, 11.207, 10.573, 10.622, 11.438, 12.782, 13.247, 11.544, 10.734, 9.987, 9.343, 8.569, 9.596, 10.062, 10.696, 12.149, 12.123, 12.367, 12.501, 11.842, 11.446, 12.209, 12.129, 12.989, 11.854, 11.443, 10.663, 7.866, 4.82, 1.88, 0, 1.06, 1.24, 1.35, 1.51, 1.88, 2.26, 2.12, 2.05, 2.23, 2.38, 2.13, 2.38, 3.09, 3.53, 3.55, 3.35, 3.28, 3.09, 3.15, 3.21, 2.94, 3.12, 3.38, 3.43, 3.26, 3.29, 3.36, 2.87, 2.87, 3.34, 3.42, 4.61, 5.41, 5.13, 4.31, 4.12, 4.68, 4.54, 3.93, 3.41, 3.2, 3.49, 3.58, 3.99, 4.3, 4.02], [3.91, 4.11, 4.05, 3.96, 4.07, 3.66, 5.629, 6.816, 8.347, 10.71, 11.29, 10.676, 10.725, 11.541, 12.882, 13.35, 11.638, 10.831, 10.09, 9.449, 8.741, 9.679, 10.165, 10.799, 12.252, 12.226, 12.47, 12.604, 11.945, 11.529, 12.309, 12.189, 13.029, 11.872, 11.472, 10.726, 8.018, 5.06, 2.42, 1.06, 0, 0.58, 0.73, 1.17, 1.62, 2.04, 2.0, 1.93, 2.05, 2.46, 2.35, 2.66, 3.13, 3.55, 3.29, 3.07, 2.86, 2.75, 2.87, 2.83, 2.76, 3.08, 3.5, 3.51, 3.36, 3.27, 3.26, 2.87, 3.13, 3.74, 3.92, 5.11, 5.61, 5.27, 4.51, 4.32, 4.84, 4.64, 4.05, 3.43, 3.22, 3.55, 3.8, 4.23, 4.48, 4.26], [4.19, 4.33, 4.27, 4.2, 4.31, 3.9, 5.802, 6.896, 8.427, 10.79, 11.367, 10.747, 10.805, 11.621, 12.962, 13.43, 11.718, 10.911, 10.152, 9.635, 9.021, 9.739, 10.245, 10.879, 12.332, 12.306, 12.55, 12.684, 12.025, 11.609, 12.392, 12.286, 13.086, 11.952, 11.592, 10.826, 8.241, 5.36, 2.8, 1.24, 0.58, 0, 0.77, 1.13, 1.62, 2.0, 2.06, 1.99, 2.23, 2.64, 2.59, 2.9, 3.29, 3.65, 3.17, 2.85, 2.92, 2.75, 2.89, 2.97, 2.88, 3.04, 3.36, 3.43, 3.42, 3.31, 3.38, 3.03, 3.35, 3.94, 4.32, 5.49, 5.87, 5.37, 4.73, 4.48, 4.94, 4.8, 4.19, 3.59, 3.46, 3.73, 4.1, 4.53, 4.82, 4.58], [4.34, 4.48, 4.38, 4.31, 4.4, 3.79, 5.199, 6.348, 7.858, 10.229, 10.82, 10.186, 10.235, 11.051, 12.395, 12.861, 11.157, 10.347, 9.6, 9.079, 8.417, 9.209, 9.675, 10.309, 11.762, 11.739, 11.989, 12.114, 11.455, 11.039, 11.822, 11.699, 12.559, 11.442, 11.134, 10.296, 7.65, 4.95, 2.61, 1.35, 0.73, 0.77, 0, 0.9, 1.33, 1.71, 1.73, 1.62, 1.9, 2.45, 2.54, 2.71, 3.14, 3.74, 3.28, 3.14, 3.03, 2.94, 3.04, 3.04, 3.05, 3.47, 3.77, 3.8, 3.59, 3.14, 3.19, 2.94, 3.34, 3.99, 4.15, 5.24, 5.3, 4.98, 4.4, 4.13, 4.41, 4.25, 3.68, 3.26, 3.25, 3.56, 3.81, 4.22, 4.41, 4.15], [4.58, 4.72, 4.6, 4.55, 4.68, 3.97, 5.16, 6.068, 7.561, 9.9, 10.594, 9.863, 9.958, 10.814, 12.103, 12.603, 10.897, 10.159, 9.415, 9.248, 8.514, 9.025, 9.436, 10.044, 11.459, 11.428, 11.655, 11.879, 11.175, 10.722, 11.646, 11.625, 12.528, 11.691, 11.411, 10.308, 7.69, 5.09, 2.73, 1.51, 1.17, 1.13, 0.9, 0, 1.05, 1.59, 1.75, 1.68, 2.04, 2.59, 2.5, 2.63, 3.18, 3.8, 3.22, 3.18, 3.33, 3.2, 3.26, 3.12, 3.03, 3.41, 3.83, 3.9, 3.61, 3.2, 3.37, 2.98, 3.2, 3.91, 4.19, 5.34, 5.46, 5.1, 4.42, 4.07, 4.35, 4.27, 3.82, 3.5, 3.51, 3.88, 4.15, 4.5, 4.67, 4.45], [4.65, 4.73, 4.71, 4.54, 4.61, 3.88, 4.63, 5.53, 6.965, 9.356, 9.97, 9.31, 9.36, 10.161, 11.522, 11.95, 10.293, 9.54, 8.962, 8.955, 8.18, 8.492, 8.869, 9.463, 10.857, 10.866, 11.096, 11.241, 10.577, 10.219, 11.073, 11.252, 12.115, 11.318, 11.038, 9.895, 7.28, 4.9, 2.66, 1.88, 1.62, 1.62, 1.33, 1.05, 0, 0.9, 1.28, 1.21, 1.57, 2.1, 2.11, 2.38, 2.85, 3.49, 3.37, 3.37, 3.28, 2.95, 3.17, 3.07, 3.0, 3.386, 3.929, 4.102, 3.42, 2.87, 3.02, 2.63, 2.95, 3.68, 4.0, 5.15, 4.95, 4.65, 4.19, 3.66, 3.74, 3.7, 3.31, 3.21, 3.22, 3.31, 3.78, 4.29, 4.42, 4.1], [4.79, 4.85, 4.89, 4.66, 4.69, 3.94, 4.242, 5.264, 6.765, 9.149, 9.784, 9.094, 9.16, 9.964, 11.303, 11.73, 10.093, 9.297, 8.682, 8.615, 7.88, 8.206, 8.632, 9.249, 10.652, 10.641, 10.876, 11.041, 10.371, 9.999, 10.753, 10.952, 11.832, 10.978, 10.7, 9.535, 6.96, 4.7, 2.7, 2.26, 2.04, 2.0, 1.71, 1.59, 0.9, 0, 0.8, 0.91, 1.11, 1.64, 1.75, 2.04, 2.27, 3.37, 3.496, 3.442, 3.326, 2.81, 3.147, 3.139, 2.938, 3.475, 4.069, 4.242, 3.44, 2.55, 2.56, 2.23, 2.61, 3.32, 3.9, 4.83, 4.49, 4.35, 3.95, 3.38, 3.34, 3.28, 2.91, 2.93, 2.96, 2.99, 3.48, 4.01, 4.12, 3.8], [4.93, 5.01, 5.07, 4.82, 4.87, 4.06, 4.41, 5.595, 7.117, 9.48, 10.204, 9.437, 9.54, 10.364, 11.663, 12.142, 10.49, 9.68, 8.964, 8.7, 7.96, 8.557, 8.972, 9.577, 10.992, 10.966, 11.216, 11.447, 10.734, 10.339, 11.084, 11.294, 12.177, 11.24, 10.92, 9.794, 7.14, 4.8, 2.82, 2.12, 2.0, 2.06, 1.73, 1.75, 1.28, 0.8, 0, 0.67, 0.93, 1.42, 1.61, 1.94, 2.01, 3.15, 3.238, 3.071, 3.22, 2.71, 3.03, 2.95, 2.8, 3.235, 3.704, 3.874, 3.14, 2.45, 2.48, 2.07, 2.41, 3.18, 3.86, 4.81, 4.53, 4.47, 3.97, 3.52, 3.6, 3.5, 3.13, 2.97, 3.0, 3.09, 3.56, 4.07, 4.22, 3.86], [4.88, 5.02, 5.04, 4.85, 4.9, 4.07, 4.406, 5.525, 7.087, 9.45, 10.134, 9.427, 9.484, 10.291, 11.61, 12.092, 10.42, 9.607, 8.872, 8.642, 7.85, 8.47, 8.933, 9.547, 10.959, 10.936, 11.177, 11.377, 10.684, 10.329, 11.06, 11.182, 12.042, 11.039, 10.75, 9.693, 7.01, 4.77, 2.85, 2.05, 1.93, 1.99, 1.62, 1.68, 1.21, 0.91, 0.67, 0, 0.8, 1.35, 1.68, 1.91, 2.08, 3.24, 3.384, 3.224, 3.17, 2.78, 3.02, 2.94, 2.89, 3.282, 3.842, 3.887, 3.25, 2.58, 2.65, 2.24, 2.6, 3.31, 3.81, 4.78, 4.44, 4.28, 3.9, 3.45, 3.49, 3.45, 2.9, 2.8, 2.93, 3.06, 3.47, 4.0, 4.19, 3.79], [4.9, 4.96, 5.0, 4.81, 4.82, 3.93, 4.478, 5.559, 7.13, 9.51, 10.257, 9.49, 9.587, 10.397, 11.693, 12.175, 10.543, 9.73, 8.969, 8.599, 7.688, 8.533, 8.993, 9.607, 11.048, 10.979, 11.223, 11.46, 10.787, 10.386, 11.109, 11.264, 12.124, 11.079, 10.739, 9.776, 6.908, 4.55, 2.77, 2.23, 2.05, 2.23, 1.9, 2.04, 1.57, 1.11, 0.93, 0.8, 0, 0.91, 1.4, 1.71, 1.68, 2.94, 3.447, 3.28, 3.05, 2.62, 2.76, 2.86, 2.81, 3.157, 3.748, 3.792, 3.05, 2.5, 2.39, 1.86, 2.16, 2.87, 3.45, 4.44, 4.46, 4.2, 3.88, 3.47, 3.67, 3.55, 3.08, 2.74, 2.69, 2.74, 3.19, 3.74, 3.87, 3.53], [4.75, 4.85, 4.85, 4.58, 4.61, 3.8, 4.662, 5.798, 7.363, 9.723, 10.393, 9.703, 9.763, 10.527, 11.886, 12.331, 10.696, 9.863, 9.164, 8.723, 7.814, 8.743, 9.206, 9.82, 11.247, 11.209, 11.459, 11.613, 10.963, 10.602, 11.319, 11.434, 12.294, 11.24, 10.84, 9.917, 7.054, 4.26, 2.78, 2.38, 2.46, 2.64, 2.45, 2.59, 2.1, 1.64, 1.42, 1.35, 0.91, 0, 0.95, 1.3, 1.05, 2.89, 3.665, 3.41, 3.04, 2.63, 2.83, 2.89, 2.918, 3.313, 3.71, 3.738, 2.767, 2.59, 2.34, 1.67, 1.71, 2.28, 3.02, 4.05, 4.51, 4.31, 3.71, 3.3, 3.76, 3.68, 3.11, 2.71, 2.44, 2.55, 2.9, 3.35, 3.5, 3.24], [4.26, 4.38, 4.4, 4.09, 4.12, 3.31, 4.669, 5.825, 7.39, 9.75, 10.46, 9.73, 9.81, 10.594, 11.913, 12.378, 10.743, 9.93, 9.232, 8.79, 7.882, 8.796, 9.253, 9.867, 11.274, 11.251, 11.486, 11.68, 11.01, 10.629, 11.366, 11.522, 12.382, 11.327, 10.927, 10.004, 7.122, 4.11, 2.23, 2.13, 2.35, 2.59, 2.54, 2.5, 2.11, 1.75, 1.61, 1.68, 1.4, 0.95, 0, 1.07, 1.2, 2.92, 3.824, 3.57, 3.29, 2.88, 3.06, 3.16, 2.876, 3.292, 3.669, 3.705, 2.87, 2.68, 2.43, 1.72, 1.42, 1.99, 2.49, 3.66, 4.58, 4.36, 3.42, 3.23, 3.81, 3.71, 3.12, 2.72, 2.29, 2.38, 2.75, 3.26, 3.43, 3.19], [4.21, 4.33, 4.35, 4.02, 4.05, 3.08, 3.778, 4.955, 6.52, 8.876, 9.53, 8.833, 8.9, 9.721, 11.043, 11.528, 9.833, 9.02, 8.264, 7.886, 6.929, 7.84, 8.343, 8.951, 10.398, 10.375, 10.616, 10.81, 10.1, 9.739, 10.476, 10.574, 11.434, 10.417, 10.023, 9.074, 6.172, 3.32, 2.36, 2.38, 2.66, 2.9, 2.71, 2.63, 2.38, 2.04, 1.94, 1.91, 1.71, 1.3, 1.07, 0, 1.17, 3.568, 4.474, 4.211, 3.861, 3.43, 3.557, 3.667, 3.604, 3.996, 4.496, 4.552, 3.485, 3.154, 2.82, 2.07, 1.79, 2.28, 2.34, 3.15, 3.67, 3.45, 2.55, 2.52, 2.96, 2.8, 2.25, 1.97, 1.82, 2.11, 2.3, 2.53, 2.74, 2.46], [5.06, 5.18, 5.18, 4.89, 4.92, 3.91, 4.512, 5.668, 7.236, 9.616, 10.303, 9.553, 9.673, 10.482, 11.836, 12.298, 10.626, 9.796, 9.054, 8.579, 7.682, 8.559, 9.076, 9.696, 11.139, 11.093, 11.335, 11.586, 10.87, 10.492, 11.269, 11.384, 12.244, 11.19, 10.796, 9.867, 6.944, 4.15, 3.15, 3.09, 3.13, 3.29, 3.14, 3.18, 2.85, 2.27, 2.01, 2.08, 1.68, 1.05, 1.2, 1.17, 0, 2.858, 3.758, 3.52, 3.188, 2.72, 2.92, 3.1, 3.03, 3.51, 3.817, 3.779, 2.78, 2.5, 2.31, 1.8, 1.56, 2.19, 2.91, 3.92, 4.44, 4.2, 3.48, 3.21, 3.69, 3.57, 3.1, 2.76, 2.51, 2.58, 2.93, 3.2, 3.37, 3.21], [5.84, 5.96, 5.98, 5.81, 5.86, 5.29, 7.072, 7.923, 9.679, 12.062, 12.86, 12.007, 12.193, 12.942, 14.29, 14.69, 13.186, 12.365, 11.709, 11.328, 10.323, 11.139, 11.59, 12.228, 13.585, 13.5, 13.693, 14.086, 13.387, 13.015, 13.729, 14.039, 14.902, 13.891, 13.522, 12.554, 9.622, 6.748, 4.05, 3.53, 3.55, 3.65, 3.74, 3.8, 3.49, 3.37, 3.15, 3.24, 2.94, 2.89, 2.92, 3.568, 2.858, 0, 1.46, 1.64, 1.59, 1.5, 1.62, 1.84, 1.55, 1.71, 1.69, 1.86, 1.31, 1.46, 1.91, 2.16, 2.34, 2.97, 4.39, 6.24, 7.035, 6.818, 5.803, 5.587, 6.247, 6.127, 5.514, 5.14, 4.69, 4.88, 5.39, 5.88, 6.07, 5.81], [6.72, 6.88, 6.86, 6.79, 6.88, 6.37, 7.459, 8.335, 9.965, 12.33, 13.126, 12.273, 12.459, 13.245, 14.556, 15.016, 13.452, 12.657, 12.024, 11.858, 10.978, 11.483, 11.897, 12.528, 13.885, 13.82, 14.013, 14.352, 13.653, 13.28, 14.036, 14.36, 15.217, 14.344, 14.055, 12.926, 10.098, 7.644, 5.083, 3.55, 3.29, 3.17, 3.28, 3.22, 3.37, 3.496, 3.238, 3.384, 3.447, 3.665, 3.824, 4.474, 3.758, 1.46, 0, 1.1, 1.49, 1.78, 1.9, 1.82, 1.73, 1.93, 1.89, 2.06, 1.95, 2.02, 2.43, 2.82, 3.4, 4.11, 5.57, 7.26, 7.618, 7.233, 6.524, 6.065, 6.568, 6.522, 5.921, 5.66, 5.37, 5.54, 6.19, 6.72, 6.91, 6.59], [6.28, 6.46, 6.4, 6.37, 6.48, 6.029, 7.419, 8.511, 10.07, 12.433, 13.154, 12.384, 12.484, 13.285, 14.61, 15.089, 13.443, 12.644, 11.936, 11.598, 10.852, 11.493, 11.927, 12.539, 13.93, 13.913, 14.149, 14.4, 13.678, 13.294, 14.058, 14.214, 15.08, 14.098, 13.741, 12.749, 10.012, 7.268, 4.803, 3.35, 3.07, 2.85, 3.14, 3.18, 3.37, 3.442, 3.071, 3.224, 3.28, 3.41, 3.57, 4.211, 3.52, 1.64, 1.1, 0, 1.05, 1.34, 1.46, 1.4, 1.51, 1.77, 1.77, 1.94, 1.79, 2.0, 2.35, 2.66, 3.18, 3.93, 5.29, 6.904, 7.373, 7.087, 6.224, 5.951, 6.494, 6.397, 5.775, 5.36, 5.09, 5.26, 5.87, 6.4, 6.57, 6.29], [5.73, 5.99, 5.97, 5.88, 5.97, 5.579, 7.123, 8.24, 9.782, 12.156, 12.724, 12.108, 12.174, 12.946, 14.322, 14.768, 13.09, 12.274, 11.58, 11.148, 10.325, 11.145, 11.619, 12.239, 13.66, 13.631, 13.884, 14.038, 13.373, 13.004, 13.782, 13.744, 14.584, 13.562, 13.219, 12.299, 9.562, 6.794, 4.38, 3.28, 2.86, 2.92, 3.03, 3.33, 3.28, 3.326, 3.22, 3.17, 3.05, 3.04, 3.29, 3.861, 3.188, 1.59, 1.49, 1.05, 0, 0.79, 1.09, 1.21, 1.56, 1.96, 2.14, 2.23, 1.7, 1.65, 2.02, 2.35, 2.89, 3.68, 4.88, 6.474, 6.888, 6.583, 5.854, 5.621, 6.106, 6.006, 5.316, 4.863, 4.52, 4.63, 5.26, 5.81, 6.035, 5.69], [5.32, 5.46, 5.5, 5.35, 5.46, 5.009, 6.585, 7.687, 9.229, 11.603, 12.171, 11.554, 11.621, 12.393, 13.769, 14.215, 12.537, 11.721, 11.049, 10.572, 9.795, 10.572, 11.066, 11.681, 13.107, 13.078, 13.331, 13.485, 12.821, 12.452, 13.226, 13.194, 14.002, 13.009, 12.635, 11.714, 9.063, 6.327, 3.89, 3.09, 2.75, 2.75, 2.94, 3.2, 2.95, 2.81, 2.71, 2.78, 2.62, 2.63, 2.88, 3.43, 2.72, 1.5, 1.78, 1.34, 0.79, 0, 0.96, 1.26, 1.49, 1.83, 2.21, 2.38, 1.51, 1.38, 1.43, 1.88, 2.42, 3.15, 4.35, 6.024, 6.358, 5.993, 5.384, 5.111, 5.556, 5.416, 4.726, 4.32, 3.99, 4.08, 4.73, 5.32, 5.57, 5.17], [5.08, 5.299, 5.3, 5.181, 5.274, 5.17, 6.85, 7.956, 9.504, 11.861, 12.528, 11.812, 11.892, 12.719, 14.052, 14.523, 12.831, 12.035, 11.263, 10.86, 10.018, 10.878, 11.347, 11.958, 13.373, 13.359, 13.594, 13.817, 13.106, 12.711, 13.5, 13.519, 14.379, 13.303, 12.983, 12.071, 9.215, 6.47, 4.07, 3.15, 2.87, 2.89, 3.04, 3.26, 3.17, 3.147, 3.03, 3.02, 2.76, 2.83, 3.06, 3.557, 2.92, 1.62, 1.9, 1.46, 1.09, 0.96, 0, 0.8, 1.09, 1.31, 1.91, 2.2, 1.47, 1.58, 1.65, 2.02, 2.48, 3.07, 4.37, 6.187, 6.659, 6.287, 5.587, 5.314, 5.899, 5.785, 5.089, 4.6, 4.29, 4.44, 4.99, 5.52, 5.73, 5.43], [5.373, 5.658, 5.628, 5.548, 5.607, 5.439, 6.882, 7.992, 9.51, 11.864, 12.525, 11.806, 11.896, 12.708, 14.044, 14.526, 12.84, 12.068, 11.301, 11.095, 10.135, 10.934, 11.376, 11.993, 13.388, 13.359, 13.612, 13.82, 13.098, 12.715, 13.541, 13.597, 14.477, 13.515, 13.215, 12.126, 9.278, 6.699, 4.29, 3.21, 2.83, 2.97, 3.04, 3.12, 3.07, 3.139, 2.95, 2.94, 2.86, 2.89, 3.16, 3.667, 3.1, 1.84, 1.82, 1.4, 1.21, 1.26, 0.8, 0, 0.79, 1.35, 2.05, 2.3, 1.65, 1.62, 1.77, 2.14, 2.66, 3.35, 4.689, 6.417, 6.762, 6.396, 5.757, 5.379, 5.908, 5.8, 5.175, 4.801, 4.57, 4.661, 5.21, 5.76, 5.931, 5.634], [5.23, 5.52, 5.51, 5.401, 5.477, 5.264, 6.807, 7.957, 9.426, 11.813, 12.51, 11.737, 11.846, 12.676, 13.972, 14.454, 12.811, 12.053, 11.386, 11.16, 10.206, 10.911, 11.316, 11.933, 13.33, 13.302, 13.543, 13.77, 13.066, 12.643, 13.498, 13.696, 14.574, 13.6, 13.3, 12.228, 9.285, 6.718, 3.992, 2.94, 2.76, 2.88, 3.05, 3.03, 3.0, 2.938, 2.8, 2.89, 2.81, 2.918, 2.876, 3.604, 3.03, 1.55, 1.73, 1.51, 1.56, 1.49, 1.09, 0.79, 0, 1.06, 1.76, 2.01, 1.36, 1.39, 1.64, 2.07, 2.37, 3.04, 4.439, 6.244, 6.872, 6.498, 5.656, 5.333, 5.93, 5.79, 5.211, 4.888, 4.578, 4.731, 5.247, 5.731, 5.941, 5.687], [5.31, 5.489, 5.51, 5.354, 5.444, 5.477, 7.329, 8.357, 9.85, 12.233, 13.004, 12.169, 12.355, 13.139, 14.391, 14.886, 13.32, 12.57, 11.906, 11.679, 10.688, 11.421, 11.816, 12.453, 13.808, 13.748, 13.975, 14.219, 13.561, 13.125, 13.971, 14.224, 15.107, 14.142, 13.842, 12.77, 9.765, 7.135, 4.29, 3.12, 3.08, 3.04, 3.47, 3.41, 3.386, 3.475, 3.235, 3.282, 3.157, 3.313, 3.292, 3.996, 3.51, 1.71, 1.93, 1.77, 1.96, 1.83, 1.31, 1.35, 1.06, 0, 1.34, 1.57, 1.26, 1.91, 2.08, 2.51, 2.77, 3.26, 4.61, 6.574, 7.386, 7.04, 6.138, 5.836, 6.435, 6.347, 5.788, 5.422, 5.081, 5.248, 5.78, 6.28, 6.487, 6.227], [5.87, 6.029, 6.009, 5.936, 6.044, 5.977, 7.966, 8.863, 10.527, 12.915, 13.719, 12.852, 13.058, 13.816, 15.126, 15.589, 14.039, 13.23, 12.612, 12.276, 11.228, 12.013, 12.476, 13.096, 14.462, 14.394, 14.618, 14.931, 14.255, 13.868, 14.66, 14.947, 15.813, 14.821, 14.47, 13.459, 10.481, 7.683, 4.629, 3.38, 3.5, 3.36, 3.77, 3.83, 3.929, 4.069, 3.704, 3.842, 3.748, 3.71, 3.669, 4.496, 3.817, 1.69, 1.89, 1.77, 2.14, 2.21, 1.91, 2.05, 1.76, 1.34, 0, 0.99, 1.42, 2.35, 2.64, 3.09, 3.19, 3.56, 4.959, 7.003, 7.96, 7.739, 6.808, 6.507, 7.147, 7.009, 6.439, 6.079, 5.601, 5.785, 6.22, 6.711, 6.904, 6.681], [5.579, 5.719, 5.759, 5.786, 5.936, 5.988, 8.152, 9.098, 10.733, 13.139, 13.948, 13.078, 13.284, 14.065, 15.344, 15.847, 14.243, 13.445, 12.71, 12.286, 11.298, 12.191, 12.642, 13.328, 14.714, 14.643, 14.864, 15.16, 14.478, 14.038, 14.813, 15.028, 15.891, 14.849, 14.48, 13.529, 10.586, 7.661, 4.578, 3.43, 3.51, 3.43, 3.8, 3.9, 4.102, 4.242, 3.874, 3.887, 3.792, 3.738, 3.705, 4.552, 3.779, 1.86, 2.06, 1.94, 2.23, 2.38, 2.2, 2.3, 2.01, 1.57, 0.99, 0, 1.53, 2.36, 2.77, 3.06, 3.16, 3.45, 4.865, 6.999, 8.03, 7.801, 6.829, 6.639, 7.265, 7.171, 6.538, 6.089, 5.611, 5.795, 6.21, 6.721, 6.894, 6.689], [5.45, 5.57, 5.59, 5.4, 5.51, 5.122, 6.929, 8.019, 9.527, 11.972, 12.693, 11.912, 12.035, 12.795, 14.163, 14.626, 13.017, 12.213, 11.555, 11.219, 10.134, 10.896, 11.419, 12.079, 13.482, 13.445, 13.709, 13.928, 13.238, 12.871, 13.683, 13.89, 14.756, 13.764, 13.413, 12.401, 9.421, 6.644, 3.98, 3.26, 3.36, 3.42, 3.59, 3.61, 3.42, 3.44, 3.14, 3.25, 3.05, 2.767, 2.87, 3.485, 2.78, 1.31, 1.95, 1.79, 1.7, 1.51, 1.47, 1.65, 1.36, 1.26, 1.42, 1.53, 0, 1.37, 1.72, 2.15, 2.17, 2.82, 4.199, 6.033, 6.915, 6.686, 5.752, 5.447, 6.073, 5.969, 5.382, 5.022, 4.552, 4.745, 5.18, 5.68, 5.876, 5.633], [5.68, 5.8, 5.82, 5.63, 5.679, 4.975, 6.166, 7.235, 8.722, 11.179, 11.823, 11.073, 11.202, 12.034, 13.341, 13.835, 12.149, 11.377, 10.645, 10.375, 9.422, 10.125, 10.578, 11.292, 12.683, 12.678, 12.922, 13.132, 12.416, 12.018, 12.848, 12.979, 13.859, 12.887, 12.59, 11.521, 8.708, 6.228, 3.83, 3.29, 3.27, 3.31, 3.14, 3.2, 2.87, 2.55, 2.45, 2.58, 2.5, 2.59, 2.68, 3.154, 2.5, 1.46, 2.02, 2.0, 1.65, 1.38, 1.58, 1.62, 1.39, 1.91, 2.35, 2.36, 1.37, 0, 0.93, 1.52, 1.9, 2.729, 4.152, 5.871, 6.077, 5.938, 5.13, 4.891, 5.315, 5.118, 4.493, 4.311, 3.925, 4.093, 4.738, 5.297, 5.467, 5.098], [5.33, 5.45, 5.45, 5.24, 5.25, 4.62, 5.706, 6.779, 8.274, 10.712, 11.435, 10.631, 10.771, 11.592, 12.883, 13.382, 11.742, 10.981, 10.246, 9.905, 8.912, 9.696, 10.144, 10.864, 12.261, 12.195, 12.454, 12.698, 12.0, 11.539, 12.374, 12.513, 13.379, 12.437, 12.1, 11.082, 8.181, 5.824, 3.78, 3.36, 3.26, 3.38, 3.19, 3.37, 3.02, 2.56, 2.48, 2.65, 2.39, 2.34, 2.43, 2.82, 2.31, 1.91, 2.43, 2.35, 2.02, 1.43, 1.65, 1.77, 1.64, 2.08, 2.64, 2.77, 1.72, 0.93, 0, 1.01, 1.57, 2.2, 3.756, 5.441, 5.638, 5.511, 4.801, 4.54, 4.862, 4.698, 4.109, 3.924, 3.498, 3.623, 4.295, 4.888, 5.077, 4.674], [4.92, 5.02, 5.06, 4.83, 4.84, 3.97, 5.287, 6.263, 7.856, 10.242, 11.026, 10.173, 10.356, 11.173, 12.482, 12.969, 11.314, 10.542, 9.787, 9.384, 8.458, 9.214, 9.705, 10.41, 11.819, 11.765, 11.984, 12.283, 11.567, 11.109, 11.933, 12.103, 12.963, 11.944, 11.549, 10.595, 7.755, 5.107, 3.15, 2.87, 2.87, 3.03, 2.94, 2.98, 2.63, 2.23, 2.07, 2.24, 1.86, 1.67, 1.72, 2.07, 1.8, 2.16, 2.82, 2.66, 2.35, 1.88, 2.02, 2.14, 2.07, 2.51, 3.09, 3.06, 2.15, 1.52, 1.01, 0, 0.94, 1.59, 3.15, 4.744, 5.196, 4.944, 4.191, 3.891, 4.399, 4.271, 3.632, 3.198, 2.868, 2.99, 3.588, 4.158, 4.348, 4.008], [4.5, 4.62, 4.62, 4.31, 4.34, 3.569, 5.215, 6.279, 7.842, 10.284, 11.026, 10.216, 10.356, 11.156, 12.482, 12.961, 11.314, 10.504, 9.764, 9.272, 8.362, 9.188, 9.673, 10.384, 11.802, 11.765, 12.003, 12.272, 11.55, 11.146, 11.918, 12.06, 12.923, 11.878, 11.484, 10.565, 7.678, 4.766, 2.79, 2.87, 3.13, 3.35, 3.34, 3.2, 2.95, 2.61, 2.41, 2.6, 2.16, 1.71, 1.42, 1.79, 1.56, 2.34, 3.4, 3.18, 2.89, 2.42, 2.48, 2.66, 2.37, 2.77, 3.19, 3.16, 2.17, 1.9, 1.57, 0.94, 0, 1.13, 2.49, 4.227, 5.113, 4.858, 3.971, 3.736, 4.359, 4.236, 3.609, 3.103, 2.611, 2.778, 3.254, 3.761, 3.914, 3.691], [4.09, 4.17, 4.19, 3.84, 3.97, 3.18, 5.093, 6.127, 7.737, 10.123, 10.913, 10.057, 10.243, 11.061, 12.357, 12.853, 11.199, 10.406, 9.648, 9.108, 8.176, 9.083, 9.574, 10.286, 11.706, 11.649, 11.856, 12.167, 11.451, 10.973, 11.804, 11.924, 12.787, 11.704, 11.319, 10.433, 7.518, 4.58, 2.96, 3.34, 3.74, 3.94, 3.99, 3.91, 3.68, 3.32, 3.18, 3.31, 2.87, 2.28, 1.99, 2.28, 2.19, 2.97, 4.11, 3.93, 3.68, 3.15, 3.07, 3.35, 3.04, 3.26, 3.56, 3.45, 2.82, 2.729, 2.2, 1.59, 1.13, 0, 1.84, 3.817, 4.945, 4.725, 3.759, 3.689, 4.286, 4.137, 3.51