[[0, 0.63, 0.74, 1.07, 1.57, 2.59, 2.53, 1.82, 3.18, 4.13, 4.63, 6.07, 6.8, 7.73, 7.91, 7.93, 8.06, 8.07, 8.8, 9.23, 9.37, 9.03, 9.11, 9.58, 10.24, 10.535, 10.942, 11.042, 11.338, 12.122, 11.885, 12.154, 12.23, 11.934, 11.78, 11.418, 10.983, 10.843, 10.51, 10.993, 11.084, 10.534, 9.343, 8.16, 6.77, 4.76, 3.61, 3.7, 3.65, 3.97, 3.95, 3.65, 4.14, 4.7, 4.95, 4.37, 4.72, 4.68, 4.94, 4.62, 4.63, 4.83, 4.52, 4.5, 4.58, 3.93, 3.91, 4.17, 3.74, 3.31, 3.19, 3.39, 3.42, 3.89, 4.35, 4.41, 4.31, 4.33, 4.34, 4.28, 4.05, 3.7, 3.55, 3.96, 4.43, 3.63], [0.63, 0, 0.71, 1.24, 1.72, 2.7, 2.62, 1.99, 3.03, 4.0, 4.52, 5.86, 6.65, 7.54, 7.78, 7.78, 7.89, 7.92, 8.61, 9.02, 9.12, 8.8, 8.92, 9.432, 10.125, 10.436, 10.829, 10.932, 11.222, 11.995, 11.778, 12.067, 12.16, 11.83, 11.693, 11.314, 10.842, 10.73, 10.4, 10.826, 10.954, 10.387, 9.216, 8.01, 6.62, 4.67, 3.46, 3.53, 3.56, 4.06, 4.02, 3.7, 4.03, 4.55, 4.88, 4.18, 4.57, 4.55, 4.83, 4.45, 4.46, 4.68, 4.37, 4.35, 4.43, 3.78, 3.8, 4.04, 3.63, 3.18, 3.08, 3.22, 3.25, 3.7, 4.2, 4.26, 4.14, 4.18, 4.19, 4.15, 3.94, 3.57, 3.42, 3.89, 4.3, 3.58], [0.74, 0.71, 0, 1.01, 1.47, 2.53, 2.41, 1.94, 3.0, 3.97, 4.67, 5.89, 6.58, 7.53, 7.77, 7.69, 7.86, 7.83, 8.6, 9.01, 9.19, 9.05, 9.15, 9.625, 10.323, 10.663, 11.056, 11.162, 11.423, 12.242, 12.045, 12.354, 12.43, 12.134, 11.98, 11.578, 11.163, 10.943, 10.61, 11.119, 11.267, 10.7, 9.506, 8.28, 6.91, 4.92, 3.57, 3.46, 3.43, 3.85, 3.89, 3.61, 4.16, 4.68, 4.99, 4.13, 4.46, 4.54, 4.72, 4.4, 4.47, 4.65, 4.32, 4.28, 4.36, 3.67, 3.73, 3.93, 3.5, 3.09, 2.93, 3.21, 3.22, 3.65, 4.13, 4.23, 4.13, 4.15, 4.18, 4.16, 3.93, 3.6, 3.49, 4.06, 4.51, 3.67], [1.07, 1.24, 1.01, 0, 0.88, 2.1, 1.84, 1.37, 2.77, 3.72, 5.0, 6.3, 6.91, 7.6, 7.9, 7.86, 8.07, 8.08, 8.69, 9.54, 9.66, 9.58, 9.76, 10.212, 10.875, 11.218, 11.597, 11.694, 11.987, 12.768, 12.524, 12.803, 12.817, 12.516, 12.339, 11.993, 11.607, 11.47, 11.128, 11.586, 11.774, 11.227, 10.036, 8.83, 7.48, 5.27, 3.94, 3.67, 3.3, 3.46, 3.38, 3.22, 4.03, 4.91, 5.4, 4.54, 4.53, 4.61, 4.47, 4.31, 4.48, 4.74, 4.29, 4.23, 4.25, 3.74, 3.46, 3.84, 3.43, 3.0, 2.98, 3.4, 3.53, 3.62, 3.98, 4.12, 4.0, 4.12, 4.27, 4.35, 4.32, 4.07, 3.96, 4.63, 5.1, 3.9], [1.57, 1.72, 1.47, 0.88, 0, 1.38, 1.36, 1.05, 2.81, 3.98, 5.44, 6.7, 7.15, 7.8, 8.08, 8.14, 8.23, 8.28, 8.87, 9.738, 9.92, 10.0, 10.293, 10.797, 11.496, 11.781, 12.182, 12.291, 12.612, 13.336, 13.152, 13.358, 13.28, 12.944, 12.787, 12.465, 12.136, 12.061, 11.731, 12.139, 12.277, 11.764, 10.549, 9.366, 8.02, 5.87, 4.54, 3.91, 3.3, 3.24, 3.0, 2.9, 4.13, 5.35, 5.9, 4.78, 4.75, 4.83, 4.53, 4.41, 4.6, 4.86, 4.51, 4.47, 4.31, 4.02, 3.72, 3.94, 3.59, 3.26, 3.34, 3.8, 3.95, 3.84, 4.04, 4.06, 4.06, 4.3, 4.49, 4.73, 5.0, 4.77, 4.46, 5.25, 5.72, 4.52], [2.59, 2.7, 2.53, 2.1, 1.38, 0, 0.98, 1.61, 3.53, 5.12, 6.58, 7.82, 8.17, 8.76, 9.1, 9.12, 9.23, 9.28, 9.87, 10.695, 10.88, 11.186, 11.485, 11.97, 12.695, 12.993, 13.337, 13.477, 13.787, 14.488, 14.338, 14.487, 14.46, 13.99, 13.89, 13.654, 13.279, 13.222, 12.902, 13.273, 13.391, 12.864, 11.652, 10.481, 9.111, 7.069, 5.76, 4.81, 4.1, 3.76, 3.14, 3.28, 4.99, 6.472, 7.012, 5.9, 5.67, 5.79, 5.63, 5.35, 5.44, 5.74, 5.45, 5.41, 5.15, 5.1, 4.68, 4.74, 4.51, 4.28, 4.56, 4.92, 5.01, 4.76, 4.9, 4.86, 4.9, 5.16, 5.47, 5.77, 6.26, 6.01, 5.66, 6.43, 6.9, 5.7], [2.53, 2.62, 2.41, 1.84, 1.36, 0.98, 0, 1.61, 3.37, 4.82, 6.56, 7.54, 7.97, 8.52, 8.84, 8.9, 9.05, 9.18, 9.63, 10.615, 10.76, 11.153, 11.438, 12.006, 12.626, 12.932, 13.325, 13.459, 13.769, 14.539, 14.258, 14.509, 14.531, 14.073, 13.942, 13.647, 13.267, 13.255, 12.939, 13.31, 13.439, 12.94, 11.766, 10.575, 9.205, 7.018, 5.44, 4.51, 3.72, 3.4, 2.88, 3.06, 4.978, 6.472, 6.99, 5.86, 5.39, 5.57, 5.21, 4.95, 5.12, 5.4, 5.13, 4.99, 5.05, 4.88, 4.28, 4.38, 4.19, 4.02, 4.4, 4.74, 4.75, 4.4, 4.54, 4.56, 4.54, 4.86, 5.19, 5.49, 6.04, 5.79, 5.58, 6.45, 6.92, 5.72], [1.82, 1.99, 1.94, 1.37, 1.05, 1.61, 1.61, 0, 2.08, 3.65, 5.31, 6.41, 6.84, 7.43, 7.69, 7.79, 8.0, 8.01, 8.54, 9.46, 9.59, 9.906, 10.208, 10.735, 11.365, 11.665, 12.077, 12.198, 12.507, 13.217, 13.033, 13.213, 13.241, 12.8, 12.649, 12.458, 12.054, 12.025, 11.689, 12.073, 12.178, 11.645, 10.419, 9.271, 7.921, 5.76, 4.27, 3.4, 2.75, 2.65, 2.53, 2.43, 3.76, 5.205, 5.745, 4.71, 4.26, 4.58, 4.36, 4.04, 4.07, 4.39, 4.02, 4.02, 3.82, 3.77, 3.25, 3.39, 3.04, 2.85, 3.23, 3.55, 3.68, 3.45, 3.55, 3.67, 3.65, 3.87, 4.1, 4.44, 4.85, 4.58, 4.31, 5.2, 5.67, 4.47], [3.18, 3.03, 3.0, 2.77, 2.81, 3.53, 3.37, 2.08, 0, 2.11, 3.73, 4.67, 5.02, 5.57, 5.87, 5.91, 6.24, 6.31, 6.72, 7.694, 7.79, 8.319, 8.599, 9.167, 9.817, 10.097, 10.524, 10.638, 10.942, 11.638, 11.411, 11.697, 11.773, 11.386, 11.218, 10.975, 10.534, 10.477, 10.161, 10.553, 10.621, 10.091, 8.877, 7.714, 6.33, 4.28, 2.59, 1.64, 1.23, 1.91, 2.15, 1.79, 2.22, 3.622, 4.145, 3.05, 2.34, 2.96, 2.7, 2.26, 2.25, 2.53, 2.16, 2.16, 2.24, 2.11, 1.59, 1.45, 1.24, 1.21, 1.65, 1.97, 2.12, 1.85, 1.79, 1.91, 1.89, 2.09, 2.38, 2.78, 3.19, 2.96, 2.79, 3.64, 4.09, 3.07], [4.13, 4.0, 3.97, 3.72, 3.98, 5.12, 4.82, 3.65, 2.11, 0, 1.88, 3.02, 3.51, 4.14, 4.48, 4.46, 4.65, 4.78, 5.23, 6.235, 6.36, 6.52, 6.756, 7.298, 7.904, 8.21, 8.631, 8.725, 9.061, 9.817, 9.578, 9.835, 9.886, 9.542, 9.391, 9.042, 8.664, 8.553, 8.211, 8.643, 8.848, 8.318, 7.113, 5.89, 4.54, 2.47, 1.62, 1.63, 2.56, 3.64, 3.8, 2.56, 1.31, 1.83, 2.38, 1.66, 1.37, 1.73, 1.53, 1.17, 1.54, 1.64, 1.15, 1.29, 1.15, 1.16, 1.24, 1.74, 1.47, 1.42, 1.42, 1.18, 1.37, 1.44, 1.86, 1.72, 1.66, 1.42, 1.43, 1.57, 1.84, 1.75, 1.68, 2.41, 2.86, 2.34], [4.63, 4.52, 4.67, 5.0, 5.44, 6.58, 6.56, 5.31, 3.73, 1.88, 0, 1.72, 2.49, 3.46, 3.62, 3.62, 3.61, 3.68, 4.47, 4.92, 5.2, 4.98, 5.0, 5.564, 6.342, 6.674, 6.972, 7.158, 7.371, 8.195, 8.078, 8.327, 8.44, 8.11, 7.973, 7.574, 7.125, 6.873, 6.58, 7.063, 7.231, 6.693, 5.493, 4.47, 3.42, 2.45, 2.36, 2.73, 4.14, 5.24, 5.42, 3.96, 2.07, 1.41, 1.7, 1.84, 2.39, 2.47, 2.79, 2.43, 2.68, 2.58, 2.25, 2.43, 2.19, 2.14, 2.62, 3.14, 2.89, 2.88, 2.46, 1.96, 2.11, 2.84, 3.42, 3.34, 3.22, 2.56, 2.35, 2.15, 2.14, 1.93, 1.82, 2.25, 2.54, 2.68], [6.07, 5.86, 5.89, 6.3, 6.7, 7.82, 7.54, 6.41, 4.67, 3.02, 1.72, 0, 1.31, 2.38, 2.5, 2.56, 2.65, 2.74, 3.37, 3.58, 3.9, 4.198, 4.092, 4.679, 5.519, 5.768, 6.195, 6.352, 6.645, 7.312, 7.361, 7.684, 7.743, 7.471, 7.317, 6.899, 6.496, 6.162, 5.812, 6.392, 6.583, 6.064, 4.97, 4.49, 3.86, 2.95, 2.94, 3.55, 5.02, 6.12, 6.3, 4.82, 3.25, 2.35, 2.38, 2.54, 3.01, 3.29, 3.47, 3.07, 3.26, 3.12, 2.77, 3.07, 2.87, 2.82, 3.54, 4.0, 3.79, 3.8, 3.48, 3.04, 3.07, 3.7, 4.193, 4.06, 3.94, 3.34, 2.79, 2.77, 2.86, 2.59, 2.74, 3.25, 3.36, 3.86], [6.8, 6.65, 6.58, 6.91, 7.15, 8.17, 7.97, 6.84, 5.02, 3.51, 2.49, 1.31, 0, 1.23, 1.55, 1.63, 1.78, 1.93, 2.36, 3.108, 3.31, 3.856, 3.969, 4.526, 5.226, 5.498, 5.942, 6.07, 6.392, 7.09, 6.963, 7.299, 7.359, 7.092, 6.918, 6.543, 6.123, 5.926, 5.57, 6.11, 6.239, 5.72, 4.98, 4.96, 4.49, 3.74, 3.71, 3.84, 5.221, 6.361, 6.521, 5.27, 3.84, 2.78, 3.01, 3.15, 3.16, 3.3, 3.74, 3.34, 3.33, 3.15, 3.18, 3.36, 3.12, 3.41, 3.97, 4.27, 4.18, 4.35, 4.13, 3.77, 3.74, 3.93, 4.41, 4.23, 4.19, 3.63, 3.28, 3.3, 3.55, 3.62, 3.63, 4.2, 4.53, 4.77], [7.73, 7.54, 7.53, 7.6, 7.8, 8.76, 8.52, 7.43, 5.57, 4.14, 3.46, 2.38, 1.23, 0, 0.9, 0.92, 1.09, 1.32, 1.57, 2.574, 2.76, 3.4, 3.636, 4.212, 4.83, 5.101, 5.546, 5.677, 5.99, 6.737, 6.49, 6.804, 6.86, 6.559, 6.385, 6.045, 5.627, 5.53, 5.24, 5.7, 5.86, 5.43, 4.97, 5.19, 4.94, 4.51, 4.52, 4.49, 5.58, 6.674, 6.84, 5.84, 4.49, 3.61, 3.92, 3.82, 3.53, 3.97, 4.23, 3.83, 3.74, 3.6, 3.57, 3.83, 3.77, 4.08, 4.6, 4.76, 4.81, 5.08, 4.94, 4.56, 4.61, 4.48, 4.8, 4.64, 4.5, 4.02, 3.95, 3.89, 4.1, 4.53, 4.64, 5.11, 5.5, 5.7], [7.91, 7.78, 7.77, 7.9, 8.08, 9.1, 8.84, 7.69, 5.87, 4.48, 3.62, 2.5, 1.55, 0.9, 0, 0.64, 0.95, 1.12, 1.39, 2.26, 2.36, 3.06, 3.359, 3.93, 4.493, 4.838, 5.254, 5.389, 5.649, 6.413, 6.144, 6.329, 6.426, 6.067, 5.868, 5.627, 5.27, 5.27, 4.96, 5.46, 5.66, 5.39, 5.15, 5.39, 5.18, 4.55, 4.68, 4.87, 6.02, 7.117, 7.3, 6.28, 4.85, 3.83, 4.04, 4.06, 3.83, 4.27, 4.61, 4.19, 4.08, 3.94, 3.89, 4.01, 4.15, 4.46, 4.92, 5.2, 5.19, 5.5, 5.28, 4.82, 4.73, 4.98, 5.14, 5.02, 4.86, 4.22, 3.97, 3.97, 4.36, 4.67, 4.8, 5.23, 5.62, 5.98], [7.93, 7.78, 7.69, 7.86, 8.14, 9.12, 8.9, 7.79, 5.91, 4.46, 3.62, 2.56, 1.63, 0.92, 0.64, 0, 0.67, 0.8, 1.17, 2.0, 2.2, 2.82, 3.06, 3.65, 4.19, 4.527, 4.914, 5.091, 5.336, 6.119, 5.847, 6.198, 6.257, 5.97, 5.782, 5.442, 5.07, 4.99, 4.78, 5.28, 5.5, 5.33, 5.13, 5.41, 5.2, 4.71, 4.82, 4.93, 6.157, 7.274, 7.437, 6.22, 4.75, 3.77, 4.04, 3.96, 3.81, 4.45, 4.67, 4.25, 4.34, 4.2, 3.87, 4.19, 4.17, 4.34, 4.96, 5.22, 5.17, 5.42, 5.2, 4.72, 4.79, 5.06, 5.32, 5.2, 5.06, 4.46, 4.25, 4.11, 4.38, 4.69, 4.82, 5.27, 5.66, 5.92], [8.06, 7.89, 7.86, 8.07, 8.23, 9.23, 9.05, 8.0, 6.24, 4.65, 3.61, 2.65, 1.78, 1.09, 0.95, 0.67, 0, 0.57, 1.0, 1.95, 2.09, 2.57, 2.85, 3.48, 4.06, 4.423, 4.756, 4.913, 5.177, 5.993, 5.802, 6.048, 6.087, 5.757, 5.62, 5.22, 4.84, 4.84, 4.73, 5.15, 5.37, 5.3, 5.1, 5.4, 5.25, 4.78, 5.03, 5.06, 6.327, 7.427, 7.593, 6.29, 4.76, 3.88, 4.01, 3.99, 4.08, 4.54, 4.82, 4.44, 4.55, 4.33, 4.16, 4.46, 4.28, 4.47, 5.09, 5.35, 5.34, 5.61, 5.33, 4.79, 4.9, 5.17, 5.59, 5.39, 5.303, 4.71, 4.42, 4.3, 4.47, 4.8, 4.93, 5.32, 5.69, 5.97], [8.07, 7.92, 7.83, 8.08, 8.28, 9.28, 9.18, 8.01, 6.31, 4.78, 3.68, 2.74, 1.93, 1.32, 1.12, 0.8, 0.57, 0, 1.03, 1.8, 2.0, 2.5, 2.7, 3.37, 3.93, 4.233, 4.586, 4.743, 5.025, 5.823, 5.632, 5.941, 5.977, 5.71, 5.53, 5.167, 4.81, 4.77, 4.68, 5.12, 5.42, 5.31, 5.15, 5.47, 5.38, 4.89, 5.22, 5.23, 6.477, 7.577, 7.737, 6.42, 4.83, 3.83, 3.98, 4.06, 4.19, 4.75, 5.01, 4.63, 4.78, 4.58, 4.31, 4.53, 4.41, 4.46, 5.2, 5.5, 5.43, 5.68, 5.3, 4.88, 4.99, 5.3, 5.72, 5.56, 5.453, 4.82, 4.61, 4.55, 4.62, 4.91, 4.94, 5.39, 5.74, 5.92], [8.8, 8.61, 8.6, 8.69, 8.87, 9.87, 9.63, 8.54, 6.72, 5.23, 4.47, 3.37, 2.36, 1.57, 1.39, 1.17, 1.0, 1.03, 0, 1.37, 1.57, 2.23, 2.65, 3.24, 3.62, 3.92, 4.37, 4.45, 4.709, 5.416, 5.231, 5.456, 5.55, 5.28, 5.08, 4.8, 4.6, 4.8, 4.67, 5.15, 5.47, 5.42, 5.5, 5.9, 5.89, 5.46, 5.63, 5.74, 6.867, 7.998, 8.161, 6.95, 5.56, 4.62, 4.77, 4.87, 4.64, 5.22, 5.46, 5.0, 5.05, 4.79, 4.7, 5.02, 4.9, 5.15, 5.79, 5.95, 5.96, 6.23, 6.01, 5.65, 5.64, 5.77, 6.13, 5.91, 5.75, 5.25, 4.92, 4.88, 5.13, 5.5, 5.63, 6.06, 6.43, 6.77], [9.23, 9.02, 9.01, 9.54, 9.738, 10.695, 10.615, 9.46, 7.694, 6.235, 4.92, 3.58, 3.108, 2.574, 2.26, 2.0, 1.95, 1.8, 1.37, 0, 1.44, 1.64, 1.9, 2.61, 2.81, 3.09, 3.5, 3.48, 3.77, 4.274, 4.32, 4.62, 4.72, 4.53, 4.29, 4.05, 3.99, 4.33, 4.22, 4.66, 5.0, 5.01, 5.33, 5.79, 5.78, 5.59, 6.16, 6.677, 8.06, 9.111, 9.297, 7.987, 6.345, 5.108, 5.06, 5.34, 5.701, 6.23, 6.548, 6.085, 6.088, 5.911, 5.717, 6.034, 6.025, 5.92, 6.755, 7.147, 6.997, 7.155, 6.74, 6.298, 6.27, 6.815, 7.244, 7.055, 6.848, 6.228, 5.67, 5.55, 5.64, 5.95, 5.94, 6.19, 6.4, 7.18], [9.37, 9.12, 9.19, 9.66, 9.92, 10.88, 10.76, 9.59, 7.79, 6.36, 5.2, 3.9, 3.31, 2.76, 2.36, 2.2, 2.09, 2.0, 1.57, 1.44, 0, 1.06, 1.58, 2.03, 2.37, 2.67, 3.12, 3.209, 3.499, 4.234, 3.972, 4.178, 4.277, 3.99, 3.81, 3.47, 3.23, 3.69, 3.58, 3.98, 4.2, 4.29, 4.53, 5.09, 5.26, 5.63, 6.16, 6.75, 8.12, 9.251, 9.42, 8.14, 6.57, 5.51, 5.48, 5.66, 5.765, 6.21, 6.65, 6.19, 6.18, 5.96, 5.83, 6.11, 6.03, 6.14, 6.84, 7.18, 7.13, 7.42, 7.0, 6.52, 6.37, 6.88, 7.3, 7.12, 6.985, 6.34, 5.67, 5.53, 5.76, 6.07, 6.3, 6.41, 6.58, 7.6], [9.03, 8.8, 9.05, 9.58, 10.0, 11.186, 11.153, 9.906, 8.319, 6.52, 4.98, 4.198, 3.856, 3.4, 3.06, 2.82, 2.57, 2.5, 2.23, 1.64, 1.06, 0, 1.02, 1.39, 1.73, 2.03, 2.42, 2.52, 2.79, 3.506, 3.346, 3.58, 3.64, 3.33, 3.19, 2.83, 2.59, 3.01, 2.9, 3.28, 3.54, 3.57, 3.95, 4.61, 4.78, 5.35, 6.14, 7.253, 8.834, 9.951, 10.123, 8.689, 6.51, 5.23, 5.18, 5.643, 6.507, 6.589, 7.003, 6.689, 6.87, 6.651, 6.424, 6.749, 6.542, 6.494, 7.211, 7.808, 7.636, 7.68, 7.134, 6.618, 6.538, 7.322, 7.947, 7.689, 7.618, 6.993, 6.199, 5.752, 5.64, 5.93, 6.06, 5.99, 6.14, 7.2], [9.11, 8.92, 9.15, 9.76, 10.293, 11.485, 11.438, 10.208, 8.599, 6.756, 5.0, 4.092, 3.969, 3.636, 3.359, 3.06, 2.85, 2.7, 2.65, 1.9, 1.58, 1.02, 0, 1.21, 1.91, 2.03, 2.38, 2.5, 2.753, 3.375, 3.509, 3.8, 3.86, 3.63, 3.43, 3.05, 2.87, 3.05, 2.88, 3.44, 3.68, 3.75, 4.11, 4.71, 4.88, 5.31, 6.279, 7.48, 9.041, 10.113, 10.307, 8.856, 6.59, 5.11, 4.68, 5.7, 6.668, 6.843, 7.257, 6.982, 7.166, 6.921, 6.685, 7.011, 6.723, 6.625, 7.433, 7.99, 7.741, 7.694, 7.174, 6.751, 6.717, 7.63, 8.186, 8.014, 7.926, 7.282, 6.425, 6.026, 5.64, 5.83, 5.978, 5.73, 5.54, 6.64], [9.58, 9.432, 9.625, 10.212, 10.797, 11.97, 12.006, 10.735, 9.167, 7.298, 5.564, 4.679, 4.526, 4.212, 3.93, 3.65, 3.48, 3.37, 3.24, 2.61, 2.03, 1.39, 1.21, 0, 1.42, 1.66, 1.89, 2.145, 2.287, 2.975, 3.12, 3.408, 3.55, 3.24, 3.069, 2.64, 2.22, 2.46, 2.33, 2.77, 2.89, 3.0, 3.64, 4.42, 4.77, 5.64, 6.795, 8.045, 9.663, 10.769, 10.946, 9.472, 7.14, 5.58, 5.29, 6.244, 7.273, 7.395, 7.81, 7.558, 7.743, 7.494, 7.256, 7.581, 7.313, 7.189, 8.017, 8.629, 8.391, 8.333, 7.804, 7.364, 7.305, 8.194, 8.757, 8.584, 8.503, 7.823, 6.984, 6.582, 6.161, 6.357, 6.57, 5.94, 5.83, 6.87], [10.24, 10.125, 10.323, 10.875, 11.496, 12.695, 12.626, 11.365, 9.817, 7.904, 6.342, 5.519, 5.226, 4.83, 4.493, 4.19, 4.06, 3.93, 3.62, 2.81, 2.37, 1.73, 1.91, 1.42, 0, 0.86, 1.15, 1.15, 1.44, 2.047, 2.09, 2.21, 2.25, 2.02, 1.98, 1.6, 1.94, 2.66, 2.71, 2.75, 2.61, 2.92, 3.88, 4.76, 5.33, 6.26, 7.43, 8.739, 10.304, 11.444, 11.604, 10.136, 7.878, 6.458, 6.328, 7.073, 7.917, 8.001, 8.436, 8.173, 8.369, 8.115, 7.899, 8.222, 7.98, 7.882, 8.655, 9.301, 9.105, 9.078, 8.496, 8.05, 7.948, 8.809, 9.386, 9.196, 9.114, 8.463, 7.613, 7.196, 6.844, 7.118, 7.368, 6.9, 6.79, 8.13], [10.535, 10.436, 10.663, 11.218, 11.781, 12.993, 12.932, 11.665, 10.097, 8.21, 6.674, 5.768, 5.498, 5.101, 4.838, 4.527, 4.423, 4.233, 3.92, 3.09, 2.67, 2.03, 2.03, 1.66, 0.86, 0, 0.73, 0.91, 1.22, 1.81, 1.77, 2.01, 2.11, 1.9, 1.8, 1.5, 2.02, 2.98, 2.95, 3.07, 2.87, 3.26, 4.18, 5.04, 5.51, 6.638, 7.75, 9.011, 10.586, 11.726, 11.889, 10.453, 8.187, 6.739, 6.546, 7.377, 8.211, 8.264, 8.727, 8.439, 8.635, 8.406, 8.203, 8.508, 8.259, 8.17, 8.961, 9.589, 9.377, 9.353, 8.807, 8.368, 8.26, 9.072, 9.653, 9.436, 9.406, 8.746, 7.919, 7.502, 7.167, 7.44, 7.643, 7.178, 7.15, 8.345], [10.942, 10.829, 11.056, 11.597, 12.182, 13.337, 13.325, 12.077, 10.524, 8.631, 6.972, 6.195, 5.942, 5.546, 5.254, 4.914, 4.756, 4.586, 4.37, 3.5, 3.12, 2.42, 2.38, 1.89, 1.15, 0.73, 0, 0.72, 0.99, 1.7, 1.64, 1.88, 1.94, 1.85, 1.77, 1.47, 1.97, 2.81, 2.82, 2.936, 2.72, 3.11, 4.066, 4.984, 5.522, 6.874, 8.148, 9.407, 10.985, 12.105, 12.268, 10.812, 8.465, 7.031, 6.838, 7.727, 8.601, 8.685, 9.123, 8.877, 9.07, 8.816, 8.587, 8.903, 8.676, 8.572, 9.333, 9.962, 9.773, 9.749, 9.192, 8.706, 8.609, 9.51, 10.052, 9.881, 9.795, 9.142, 8.309, 7.895, 7.558, 7.813, 7.998, 7.254, 7.367, 8.401], [11.042, 10.932, 11.162, 11.694, 12.291, 13.477, 13.459, 12.198, 10.638, 8.725, 7.158, 6.352, 6.07, 5.677, 5.389, 5.091, 4.913, 4.743, 4.45, 3.48, 3.209, 2.52, 2.5, 2.145, 1.15, 0.91, 0.72, 0, 0.79, 1.38, 1.28, 1.44, 1.62, 1.67, 1.41, 1.21, 1.89, 2.71, 2.72, 2.66, 2.48, 2.93, 3.85, 4.77, 5.436, 6.851, 8.246, 9.561, 11.139, 12.259, 12.422, 10.969, 8.665, 7.174, 7.047, 7.889, 8.755, 8.82, 9.248, 8.992, 9.188, 8.95, 8.721, 9.061, 8.815, 8.718, 9.494, 10.119, 9.927, 9.906, 9.323, 8.866, 8.784, 9.624, 10.206, 9.986, 9.93, 9.296, 8.444, 8.032, 7.64, 7.919, 8.141, 7.451, 7.524, 8.598], [11.338, 11.222, 11.423, 11.987, 12.612, 13.787, 13.769, 12.507, 10.942, 9.061, 7.371, 6.645, 6.392, 5.99, 5.649, 5.336, 5.177, 5.025, 4.709, 3.77, 3.499, 2.79, 2.753, 2.287, 1.44, 1.22, 0.99, 0.79, 0, 1.13, 1.17, 1.31, 1.63, 1.64, 1.36, 1.06, 1.86, 2.64, 2.69, 2.63, 2.49, 2.9, 3.82, 4.76, 5.429, 7.02, 8.532, 9.817, 11.429, 12.532, 12.715, 11.262, 8.909, 7.449, 7.288, 8.117, 9.054, 9.121, 9.532, 9.319, 9.512, 9.263, 9.031, 9.348, 9.119, 9.019, 9.778, 10.389, 10.183, 10.165, 9.602, 9.133, 9.051, 9.954, 10.49, 10.331, 10.242, 9.583, 8.762, 8.336, 7.942, 8.166, 8.4, 7.582, 7.574, 8.749], [12.122, 11.995, 12.242, 12.768, 13.336, 14.488, 14.539, 13.217, 11.638, 9.817, 8.195, 7.312, 7.09, 6.737, 6.413, 6.119, 5.993, 5.823, 5.416, 4.274, 4.234, 3.506, 3.375, 2.975, 2.047, 1.81, 1.7, 1.38, 1.13, 0, 1.26, 1.32, 1.72, 2.01, 1.83, 1.75, 2.59, 3.429, 3.44, 3.24, 3.02, 3.51, 4.43, 5.43, 6.152, 7.733, 9.317, 10.621, 12.23, 13.336, 13.516, 12.051, 9.748, 8.188, 7.938, 8.912, 9.847, 9.908, 10.342, 10.083, 10.276, 10.044, 9.815, 10.155, 9.895, 9.8, 10.588, 11.196, 10.97, 10.926, 10.386, 9.946, 9.878, 10.718, 11.3, 11.077, 11.036, 10.39, 9.543, 9.129, 8.717, 8.945, 9.135, 8.38, 8.289, 9.439], [11.885, 11.778, 12.045, 12.524, 13.152, 14.338, 14.258, 13.033, 11.411, 9.578, 8.078, 7.361, 6.963, 6.49, 6.144, 5.847, 5.802, 5.632, 5.231, 4.32, 3.972, 3.346, 3.509, 3.12, 2.09, 1.77, 1.64, 1.28, 1.17, 1.26, 0, 0.96, 1.24, 1.49, 1.27, 1.43, 2.29, 3.269, 3.32, 3.18, 2.96, 3.39, 4.31, 5.25, 5.989, 7.59, 9.035, 10.39, 11.954, 13.083, 13.269, 11.841, 9.571, 8.157, 8.087, 8.895, 9.583, 9.586, 10.022, 9.792, 9.969, 9.728, 9.585, 9.884, 9.688, 9.63, 10.335, 10.96, 10.762, 10.767, 10.278, 9.747, 9.613, 10.425, 10.97, 10.815, 10.729, 10.106, 9.245, 8.865, 8.555, 8.831, 9.067, 8.409, 8.329, 9.608], [12.154, 12.067, 12.354, 12.803, 13.358, 14.487, 14.509, 13.213, 11.697, 9.835, 8.327, 7.684, 7.299, 6.804, 6.329, 6.198, 6.048, 5.941, 5.456, 4.62, 4.178, 3.58, 3.8, 3.408, 2.21, 2.01, 1.88, 1.44, 1.31, 1.32, 0.96, 0, 1.1, 1.23, 1.11, 1.35, 2.03, 3.07, 3.1, 2.86, 2.6, 3.11, 4.05, 5.13, 5.92, 7.73, 9.318, 10.673, 12.237, 13.363, 13.549, 12.138, 9.779, 8.462, 8.387, 9.164, 9.899, 9.76, 10.254, 10.05, 10.197, 10.003, 9.865, 10.136, 9.891, 9.958, 10.592, 11.234, 11.065, 11.118, 10.624, 10.049, 9.862, 10.694, 11.184, 10.984, 10.95, 10.334, 9.494, 9.088, 8.855, 9.174, 9.409, 8.659, 8.58, 9.906], [12.23, 12.16, 12.43, 12.817, 13.28, 14.46, 14.531, 13.241, 11.773, 9.886, 8.44, 7.743, 7.359, 6.86, 6.426, 6.257, 6.087, 5.977, 5.55, 4.72, 4.277, 3.64, 3.86, 3.55, 2.25, 2.11, 1.94, 1.62, 1.63, 1.72, 1.24, 1.1, 0, 0.99, 1.29, 1.55, 2.51, 3.59, 3.66, 3.48, 3.14, 3.71, 4.69, 5.61, 6.32, 7.69, 9.389, 10.79, 12.314, 13.445, 13.62, 12.229, 9.87, 8.59, 8.46, 9.18, 9.95, 9.772, 10.245, 10.058, 10.237, 10.051, 9.956, 10.17, 9.885, 9.975, 10.64, 11.305, 11.176, 11.197, 10.683, 10.106, 9.91, 10.728, 11.193, 10.93, 10.973, 10.357, 9.49, 9.113, 8.892, 9.25, 9.48, 8.79, 8.68, 10.02], [11.934, 11.83, 12.134, 12.516, 12.944, 13.99, 14.073, 12.8, 11.386, 9.542, 8.11, 7.471, 7.092, 6.559, 6.067, 5.97, 5.757, 5.71, 5.28, 4.53, 3.99, 3.33, 3.63, 3.24, 2.02, 1.9, 1.85, 1.67, 1.64, 2.01, 1.49, 1.23, 0.99, 0, 0.82, 1.28, 2.14, 3.3, 3.41, 3.19, 2.85, 3.34, 4.34, 5.32, 5.89, 7.46, 9.059, 10.432, 11.936, 13.067, 13.244, 11.908, 9.5, 8.26, 8.17, 8.907, 9.626, 9.293, 9.813, 9.66, 9.862, 9.687, 9.609, 9.769, 9.575, 9.696, 10.244, 10.913, 10.837, 10.893, 10.408, 9.773, 9.54, 10.313, 10.772, 10.506, 10.526, 9.941, 9.129, 8.732, 8.63, 8.943, 9.202, 8.48, 8.31, 9.77], [11.78, 11.693, 11.98, 12.339, 12.787, 13.89, 13.942, 12.649, 11.218, 9.391, 7.973, 7.317, 6.918, 6.385, 5.868, 5.782, 5.62, 5.53, 5.08, 4.29, 3.81, 3.19, 3.43, 3.069, 1.98, 1.8, 1.77, 1.41, 1.36, 1.83, 1.27, 1.11, 1.29, 0.82, 0, 0.96, 1.72, 2.88, 2.99, 2.75, 2.45, 2.84, 3.9, 4.9, 5.55, 7.28, 8.899, 10.26, 11.782, 12.91, 13.084, 11.737, 9.383, 8.106, 8.033, 8.77, 9.455, 9.159, 9.667, 9.517, 9.719, 9.51, 9.458, 9.64, 9.424, 9.525, 10.128, 10.787, 10.669, 10.719, 10.234, 9.602, 9.389, 10.176, 10.629, 10.372, 10.413, 9.81, 8.944, 8.601, 8.451, 8.787, 9.022, 8.309, 8.19, 9.545], [11.418, 11.314, 11.578, 11.993, 12.465, 13.654, 13.647, 12.458, 10.975, 9.042, 7.574, 6.899, 6.543, 6.045, 5.627, 5.442, 5.22, 5.167, 4.8, 4.05, 3.47, 2.83, 3.05, 2.64, 1.6, 1.5, 1.47, 1.21, 1.06, 1.75, 1.43, 1.35, 1.55, 1.28, 0.96, 0, 1.3, 2.34, 2.45, 2.35, 2.11, 2.5, 3.48, 4.38, 5.07, 6.88, 8.556, 9.94, 11.461, 12.598, 12.767, 11.39, 8.969, 7.695, 7.585, 8.331, 9.109, 8.979, 9.401, 9.211, 9.404, 9.204, 9.106, 9.308, 9.04, 9.122, 9.784, 10.452, 10.343, 10.362, 9.833, 9.236, 9.035, 9.858, 10.369, 10.131, 10.095, 9.492, 8.655, 8.292, 8.056, 8.409, 8.622, 7.861, 7.728, 9.105], [10.983, 10.842, 11.163, 11.607, 12.136, 13.279, 13.267, 12.054, 10.534, 8.664, 7.125, 6.496, 6.123, 5.627, 5.27, 5.07, 4.84, 4.81, 4.6, 3.99, 3.23, 2.59, 2.87, 2.22, 1.94, 2.02, 1.97, 1.89, 1.86, 2.59, 2.29, 2.03, 2.51, 2.14, 1.72, 1.3, 0, 1.32, 1.45, 1.53, 1.41, 1.72, 2.62, 3.48, 4.39, 6.454, 8.144, 9.528, 11.056, 12.19, 12.361, 10.984, 8.534, 7.254, 7.127, 7.885, 8.746, 8.662, 9.116, 8.874, 9.03, 8.836, 8.694, 8.937, 8.7, 8.733, 9.381, 10.044, 9.931, 9.967, 9.433, 8.827, 8.634, 9.524, 10.051, 9.837, 9.76, 9.135, 8.331, 7.891, 7.653, 8.003, 8.213, 7.32, 7.25, 8.59], [10.843, 10.73, 10.943, 11.47, 12.061, 13.222, 13.255, 12.025, 10.477, 8.553, 6.873, 6.162, 5.926, 5.53, 5.27, 4.99, 4.84, 4.77, 4.8, 4.33, 3.69, 3.01, 3.05, 2.46, 2.66, 2.98, 2.81, 2.71, 2.64, 3.429, 3.269, 3.07, 3.59, 3.3, 2.88, 2.34, 1.32, 0, 0.69, 1.11, 1.43, 1.3, 1.96, 3.02, 4.204, 6.314, 8.047, 9.377, 10.924, 12.044, 12.204, 10.753, 8.337, 6.98, 6.77, 7.584, 8.523, 8.647, 9.047, 8.822, 9.02, 8.752, 8.54, 8.851, 8.577, 8.442, 9.261, 9.901, 9.723, 9.713, 9.119, 8.627, 8.534, 9.452, 10.009, 9.839, 9.746, 9.083, 8.253, 7.83, 7.393, 7.706, 7.916, 6.98, 6.85, 8.19], [10.51, 10.4, 10.61, 11.128, 11.731, 12.902, 12.939, 11.689, 10.161, 8.211, 6.58, 5.812, 5.57, 5.24, 4.96, 4.78, 4.73, 4.68, 4.67, 4.22, 3.58, 2.9, 2.88, 2.33, 2.71, 2.95, 2.82, 2.72, 2.69, 3.44, 3.32, 3.1, 3.66, 3.41, 2.99, 2.45, 1.45, 0.69, 0, 0.96, 1.38, 1.35, 1.79, 2.83, 3.874, 5.984, 7.731, 9.067, 10.631, 11.771, 11.931, 10.46, 8.064, 6.65, 6.42, 7.314, 8.224, 8.323, 8.737, 8.489, 8.685, 8.445, 8.244, 8.515, 8.249, 8.172, 8.968, 9.631, 9.43, 9.403, 8.803, 8.354, 8.218, 9.139, 9.69, 9.511, 9.439, 8.753, 7.929, 7.515, 7.097, 7.393, 7.603, 6.67, 6.5, 7.84], [10.993, 10.826, 11.119, 11.586, 12.139, 13.273, 13.31, 12.073, 10.553, 8.643, 7.063, 6.392, 6.11, 5.7, 5.46, 5.28, 5.15, 5.12, 5.15, 4.66, 3.98, 3.28, 3.44, 2.77, 2.75, 3.07, 2.936, 2.66, 2.63, 3.24, 3.18, 2.86, 3.48, 3.19, 2.75, 2.35, 1.53, 1.11, 0.96, 0, 0.94, 1.03, 1.91, 3.21, 4.28, 6.384, 8.183, 9.529, 11.091, 12.211, 12.374, 10.943, 8.513, 7.17, 6.98, 7.754, 8.696, 8.726, 9.16, 8.898, 9.091, 8.874, 8.673, 8.958, 8.713, 8.632, 9.405, 10.068, 9.913, 9.906, 9.349, 8.8, 8.687, 9.522, 10.107, 9.9, 9.816, 9.205, 8.349, 7.964, 7.569, 7.919, 8.129, 7.17, 7.06, 8.4], [11.084, 10.954, 11.267, 11.774, 12.277, 13.391, 13.439, 12.178, 10.621, 8.848, 7.231, 6.583, 6.239, 5.86, 5.66, 5.5, 5.37, 5.42, 5.47, 5.0, 4.2, 3.54, 3.68, 2.89, 2.61, 2.87, 2.72, 2.48, 2.49, 3.02, 2.96, 2.6, 3.14, 2.85, 2.45, 2.11, 1.41, 1.43, 1.38, 0.94, 0, 0.93, 2.01, 3.37, 4.44, 6.539, 8.288, 9.676, 11.2, 12.339, 12.506, 11.111, 8.658, 7.359, 7.174, 7.929, 8.896, 8.817, 9.306, 9.061, 9.219, 9.005, 8.838, 9.118, 8.881, 8.823, 9.548, 10.194, 10.078, 10.094, 9.54, 8.954, 8.818, 9.694, 10.238, 10.01, 9.944, 9.325, 8.481, 8.056, 7.78, 8.107, 8.32, 7.359, 7.237, 8.56], [10.534, 10.387, 10.7, 11.227, 11.764, 12.864, 12.94, 11.645, 10.091, 8.318, 6.693, 6.064, 5.72, 5.43, 5.39, 5.33, 5.3, 5.31, 5.42, 5.01, 4.29, 3.57, 3.75, 3.0, 2.92, 3.26, 3.11, 2.93, 2.9, 3.51, 3.39, 3.11, 3.71, 3.34, 2.84, 2.5, 1.72, 1.3, 1.35, 1.03, 0.93, 0, 1.54, 2.8, 3.862, 6.032, 7.778, 9.145, 10.704, 11.844, 12.007, 10.581, 8.148, 6.792, 6.607, 7.385, 8.334, 8.33, 8.818, 8.559, 8.715, 8.507, 8.308, 8.619, 8.374, 8.276, 9.052, 9.701, 9.528, 9.527, 8.993, 8.441, 8.314, 9.195, 9.751, 9.523, 9.457, 8.826, 7.971, 7.554, 7.233, 7.54, 7.753, 6.803, 6.693, 8.033], [9.343, 9.216, 9.506, 10.036, 10.549, 11.652, 11.766, 10.419, 8.877, 7.113, 5.493, 4.97, 4.98, 4.97, 5.15, 5.13, 5.1, 5.15, 5.5, 5.33, 4.53, 3.95, 4.11, 3.64, 3.88, 4.18, 4.066, 3.85, 3.82, 4.43, 4.31, 4.05, 4.69, 4.34, 3.9, 3.48, 2.62, 1.96, 1.79, 1.91, 2.01, 1.54, 0, 1.56, 2.67, 4.845, 6.587, 7.977, 9.524, 10.664, 10.824, 9.373, 6.954, 5.58, 5.39, 6.184, 7.126, 7.161, 7.647, 7.373, 7.532, 7.318, 7.12, 7.442, 7.165, 7.056, 7.875, 8.521, 8.343, 8.336, 7.759, 7.25, 7.125, 8.009, 8.577, 8.354, 8.283, 7.643, 6.765, 6.359, 6.016, 6.346, 6.556, 5.6, 5.47, 6.81], [8.16, 8.01, 8.28, 8.83, 9.366, 10.481, 10.575, 9.271, 7.714, 5.89, 4.47, 4.49, 4.96, 5.19, 5.39, 5.41, 5.4, 5.47, 5.9, 5.79, 5.09, 4.61, 4.71, 4.42, 4.76, 5.04, 4.984, 4.77, 4.76, 5.43, 5.25, 5.13, 5.61, 5.32, 4.9, 4.38, 3.48, 3.02, 2.83, 3.21, 3.37, 2.8, 1.56, 0, 1.49, 3.62, 5.384, 6.757, 8.324, 9.464, 9.624, 8.15, 5.76, 4.36, 4.19, 4.95, 5.92, 6.02, 6.442, 6.165, 6.329, 6.101, 5.914, 6.225, 5.96, 5.85, 6.661, 7.324, 7.12, 7.11, 6.53, 6.044, 5.911, 6.798, 7.389, 7.183, 7.089, 6.455, 5.576, 5.2, 4.81, 5.12, 5.33, 4.46, 4.29, 5.59], [6.77, 6.62, 6.91, 7.48, 8.02, 9.111, 9.205, 7.921, 6.33, 4.54, 3.42, 3.86, 4.49, 4.94, 5.18, 5.2, 5.25, 5.38, 5.89, 5.78, 5.26, 4.78, 4.88, 4.77, 5.33, 5.51, 5.522, 5.436, 5.429, 6.152, 5.989, 5.92, 6.32, 5.89, 5.55, 5.07, 4.39, 4.204, 3.874, 4.28, 4.44, 3.862, 2.67, 1.49, 0, 2.29, 4.0, 5.347, 6.931, 8.071, 8.231, 6.78, 4.37, 3.05, 3.0, 3.7, 4.65, 4.67, 5.09, 4.81, 4.979, 4.8, 4.53, 4.855, 4.63, 4.52, 5.288, 5.931, 5.73, 5.74, 5.2, 4.66, 4.535, 5.428, 6.019, 5.816, 5.719, 5.085, 4.23, 3.85, 3.54, 3.75, 3.98, 3.15, 3.06, 4.34], [4.76, 4.67, 4.92, 5.27, 5.87, 7.069, 7.018, 5.76, 4.28, 2.47, 2.45, 2.95, 3.74, 4.51, 4.55, 4.71, 4.78, 4.89, 5.46, 5.59, 5.63, 5.35, 5.31, 5.64, 6.26, 6.638, 6.874, 6.851, 7.02, 7.733, 7.59, 7.73, 7.69, 7.46, 7.28, 6.88, 6.454, 6.314, 5.984, 6.384, 6.539, 6.032, 4.845, 3.62, 2.29, 0, 1.89, 3.277, 4.807, 5.947, 6.107, 4.69, 2.36, 1.84, 1.81, 1.77, 2.64, 2.56, 2.98, 2.86, 2.89, 2.91, 2.58, 2.78, 2.8, 2.45, 3.15, 3.85, 3.66, 3.67, 3.11, 2.55, 2.38, 3.29, 3.79, 3.61, 3.498, 2.87, 2.1, 2.22, 2.05, 2.12, 2.27, 1.86, 1.99, 2.57], [3.61, 3.46, 3.57, 3.94, 4.54, 5.76, 5.44, 4.27, 2.59, 1.62, 2.36, 2.94, 3.71, 4.52, 4.68, 4.82, 5.03, 5.22, 5.63, 6.16, 6.16, 6.14, 6.279, 6.795, 7.43, 7.75, 8.148, 8.246, 8.532, 9.317, 9.035, 9.318, 9.389, 9.059, 8.899, 8.556, 8.144, 8.047, 7.731, 8.183, 8.288, 7.778, 6.587, 5.384, 4.0, 1.89, 0, 1.53, 2.94, 4.08, 4.24, 3.04, 1.89, 2.29, 2.42, 1.76, 1.97, 1.77, 2.09, 1.95, 1.92, 1.94, 1.75, 1.89, 1.93, 1.74, 1.68, 2.08, 1.87, 1.92, 1.78, 1.36, 1.27, 1.86, 2.34, 2.24, 2.1, 1.78, 1.57, 1.63, 1.66, 1.55, 1.72, 2.03, 2.42, 2.44], [3.7, 3.53, 3.46, 3.67, 3.91, 4.81, 4.51, 3.4, 1.64, 1.63, 2.73, 3.55, 3.84, 4.49, 4.87, 4.93, 5.06, 5.23, 5.74, 6.677, 6.75, 7.253, 7.48, 8.045, 8.739, 9.011, 9.407, 9.561, 9.817, 10.621, 10.39, 10.673, 10.79, 10.432, 10.26, 9.94, 9.528, 9.377, 9.067, 9.529, 9.676, 9.145, 7.977, 6.757, 5.347, 3.277, 1.53, 0, 1.65, 2.75, 3.01, 2.27, 2.16, 2.82, 3.149, 2.11, 1.62, 1.76, 1.92, 1.44, 1.31, 1.39, 1.32, 1.36, 1.58, 1.47, 1.19, 1.13, 0.9, 1.25, 1.31, 1.03, 1.22, 0.93, 1.29, 1.35, 1.25, 1.23, 1.6, 1.84, 2.17, 1.92, 1.85, 2.64, 2.99, 2.41], [3.65, 3.56, 3.43, 3.3, 3.3, 4.1, 3.72, 2.75, 1.23, 2.56, 4.14, 5.02, 5.221, 5.58, 6.02, 6.157, 6.327, 6.477, 6.867, 8.06, 8.12, 8.834, 9.041, 9.663, 10.304, 10.586, 10.985, 11.139, 11.429, 12.23, 11.954, 12.237, 12.314, 11.936, 11.782, 11.461, 11.056, 10.924, 10.631, 11.091, 11.2, 10.704, 9.524, 8.324, 6.931, 4.807, 2.94, 1.65, 0, 1.22, 1.52, 1.98, 2.71, 4.138, 4.593, 3.437, 2.45, 2.85, 2.67, 2.33, 2.16, 2.36, 2.43, 2.17, 2.53, 2.5, 1.84, 1.26, 1.37, 1.48, 1.92, 2.32, 2.51, 1.8, 1.56, 1.88, 1.78, 2.08, 2.91, 3.25, 3.58, 3.37, 3.24, 4.07, 4.5, 3.46], [3.97, 4.06, 3.85, 3.46, 3.24, 3.76, 3.4, 2.65, 1.91, 3.64, 5.24, 6.12, 6.361, 6.674, 7.117, 7.274, 7.427, 7.577, 7.998, 9.111, 9.251, 9.951, 10.113, 10.769, 11.444, 11.726, 12.105, 12.259, 12.532, 13.336, 13.083, 13.363, 13.445, 13.067, 12.91, 12.598, 12.19, 12.044, 11.771, 12.211, 12.339, 11.844, 10.664, 9.464, 8.071, 5.947, 4.08, 2.75, 1.22, 0, 0.82, 1.94, 3.727, 5.244, 5.665, 4.537, 3.59, 3.93, 3.63, 3.43, 3.22, 3.44, 3.55, 3.31, 3.61, 3.64, 2.88, 2.2, 2.39, 2.46, 2.98, 3.42, 3.61, 2.84, 2.56, 2.98, 2.78, 3.18, 4.05, 4.39, 4.68, 4.45, 4.28, 5.17, 5.56, 4.4], [3.95, 4.02, 3.89, 3.38, 3.0, 3.14, 2.88, 2.53, 2.15, 3.8, 5.42, 6.3, 6.521, 6.84, 7.3, 7.437, 7.593, 7.737, 8.161, 9.297, 9.42, 10.123, 10.307, 10.946, 11.604, 11.889, 12.268, 12.422, 12.715, 13.516, 13.269, 13.549, 13.62, 13.244, 13.084, 12.767, 12.361, 12.204, 11.931, 12.374, 12.506, 12.007, 10.824, 9.624, 8.231, 6.107, 4.24, 3.01, 1.52, 0.82, 0, 1.62, 3.89, 5.421, 5.859, 4.717, 3.75, 4.21, 3.93, 3.67, 3.46, 3.7, 3.71, 3.53, 3.77, 3.8, 3.12, 2.46, 2.61, 2.64, 3.16, 3.62, 3.79, 3.08, 2.84, 3.22, 3.1, 3.42, 4.21, 4.57, 4.9, 4.69, 4.58, 5.41, 5.8, 4.68], [3.65, 3.7, 3.61, 3.22, 2.9, 3.28, 3.06, 2.43, 1.79, 2.56, 3.96, 4.82, 5.27, 5.84, 6.28, 6.22, 6.29, 6.42, 6.95, 7.987, 8.14, 8.689, 8.856, 9.472, 10.136, 10.453, 10.812, 10.969, 11.262, 12.051, 11.841, 12.138, 12.229, 11.908, 11.737, 11.39, 10.984, 10.753, 10.46, 10.943, 11.111, 10.581, 9.373, 8.15, 6.78, 4.69, 3.04, 2.27, 1.98, 1.94, 1.62, 0, 2.53, 3.941, 4.396, 3.34, 2.67, 3.35, 2.95, 2.71, 2.82, 2.98, 2.63, 2.73, 2.69, 2.66, 2.22, 2.04, 1.81, 1.82, 2.06, 2.58, 2.87, 2.62, 2.52, 2.62, 2.56, 2.64, 3.11, 3.53, 3.82, 3.59, 3.62, 4.29, 4.7, 3.96], [4.14, 4.03, 4.16, 4.03, 4.13, 4.99, 4.978, 3.76, 2.22, 1.31, 2.07, 3.25, 3.84, 4.49, 4.85, 4.75, 4.76, 4.83, 5.56, 6.345, 6.57, 6.51, 6.59, 7.14, 7.878, 8.187, 8.465, 8.665, 8.909, 9.748, 9.571, 9.779, 9.87, 9.5, 9.383, 8.969, 8.534, 8.337, 8.064, 8.513, 8.658, 8.148, 6.954, 5.76, 4.37, 2.36, 1.89, 2.16, 2.71, 3.727, 3.89, 2.53, 0, 1.62, 2.11, 1.39, 1.66, 1.9, 1.78, 1.74, 2.15, 2.19, 1.66, 1.82, 1.6, 1.51, 1.47, 2.05, 1.78, 1.77, 1.69, 1.53, 1.72, 2.13, 2.47, 2.31, 2.25, 1.87, 1.96, 2.26, 2.55, 2.36, 2.15, 2.72, 3.11, 2.43], [4.7, 4.55, 4.68, 4.91, 5.35, 6.472, 6.472, 5.205, 3.622, 1.83, 1.41, 2.35, 2.78, 3.61, 3.83, 3.77, 3.88, 3.83, 4.62, 5.108, 5.51, 5.23, 5.11, 5.58, 6.458, 6.739, 7.031, 7.174, 7.449, 8.188, 8.157, 8.462, 8.59, 8.26, 8.106, 7.695, 7.254, 6.98, 6.65, 7.17, 7.359, 6.792, 5.58, 4.36, 3.05, 1.84, 2.29, 2.82, 4.138, 5.244, 5.421, 3.941, 1.62, 0, 0.89, 1.19, 1.94, 2.12, 2.36, 2.08, 2.49, 2.43, 2.04, 2.16, 2.08, 1.91, 2.518, 3.104, 2.874, 2.793, 2.39, 2.05, 2.18, 2.79, 3.37, 3.23, 3.11, 2.51, 2.18, 2.1, 2.11, 1.94, 1.75, 2.16, 2.57, 2.31], [4.95, 4.88, 4.99, 5.4, 5.9, 7.012, 6.99, 5.745, 4.145, 2.38, 1.7, 2.38, 3.01, 3.92, 4.04, 4.04, 4.01, 3.98, 4.77, 5.06, 5.48, 5.18, 4.68, 5.29, 6.328, 6.546, 6.838, 7.047, 7.288, 7.938, 8.087, 8.387, 8.46, 8.17, 8.033, 7.585, 7.127, 6.77, 6.42, 6.98, 7.174, 6.607, 5.39, 4.19, 3.0, 1.81, 2.42, 3.149, 4.593, 5.665, 5.859, 4.396, 2.11, 0.89, 0, 1.36, 2.27, 2.49, 2.89, 2.67, 2.82, 2.62, 2.55, 2.609, 2.53, 2.26, 2.985, 3.542, 3.275, 3.225, 2.78, 2.36, 2.35, 3.24, 3.84, 3.68, 3.6, 2.9, 2.43, 2.27, 2.1, 2.01, 1.78, 2.09, 2.24, 2.2], [4.37, 4.18, 4.13, 4.54, 4.78, 5.9, 5.86, 4.71, 3.05, 1.66, 1.84, 2.54, 3.15, 3.82, 4.06, 3.96, 3.99, 4.06, 4.87, 5.34, 5.66, 5.643, 5.7, 6.244, 7.073, 7.377, 7.727, 7.889, 8.117, 8.912, 8.895, 9.164, 9.18, 8.907, 8.77, 8.331, 7.885, 7.584, 7.314, 7.754, 7.929, 7.385, 6.184, 4.95, 3.7, 1.77, 1.76, 2.11, 3.437, 4.537, 4.717, 3.34, 1.39, 1.19, 1.36, 0, 1.33, 1.65, 1.93, 1.75, 1.98, 2.04, 1.51, 1.75, 1.77, 1.36, 1.96, 2.46, 2.23, 2.32, 1.76, 1.4, 1.47, 2.14, 2.62, 2.54, 2.48, 1.84, 1.63, 1.73, 2.02, 1.97, 1.8, 2.37, 2.7, 2.2], [4.72, 4.57, 4.46, 4.53, 4.75, 5.67, 5.39, 4.26, 2.34, 1.37, 2.39, 3.01, 3.16, 3.53, 3.83, 3.81, 4.08, 4.19, 4.64, 5.701, 5.765, 6.507, 6.668, 7.273, 7.917, 8.211, 8.601, 8.755, 9.054, 9.847, 9.583, 9.899, 9.95, 9.626, 9.455, 9.109, 8.746, 8.523, 8.224, 8.696, 8.896, 8.334, 7.126, 5.92, 4.65, 2.64, 1.97, 1.62, 2.45, 3.59, 3.75, 2.67, 1.66, 1.94, 2.27, 1.33, 0, 1.46, 1.56, 1.28, 1.09, 1.33, 1.22, 1.0, 1.4, 1.59, 1.69, 1.69, 1.62, 2.03, 1.87, 1.69, 1.8, 1.67, 1.75, 1.89, 1.81, 1.35, 1.66, 2.06, 2.47, 2.38, 2.37, 3.08, 3.51, 2.95], [4.68, 4.55, 4.54, 4.61, 4.83, 5.79, 5.57, 4.58, 2.96, 1.73, 2.47, 3.29, 3.3, 3.97, 4.27, 4.45, 4.54, 4.75, 5.22, 6.23, 6.21, 6.589, 6.843, 7.395, 8.001, 8.264, 8.685, 8.82, 9.121, 9.908, 9.586, 9.76, 9.772, 9.293, 9.159, 8.979, 8.662, 8.647, 8.323, 8.726, 8.817, 8.33, 7.161, 6.02, 4.67, 2.56, 1.77, 1.76, 2.85, 3.93, 4.21, 3.35, 1.9, 2.12, 2.49, 1.65, 1.46, 0, 1.18, 1.38, 1.61, 1.51, 1.92, 1.5, 1.76, 1.97, 1.69, 2.01, 2.14, 2.35, 2.09, 1.79, 1.78, 1.59, 1.83, 1.75, 1.85, 1.57, 1.86, 1.94, 2.45, 2.42, 2.43, 3.16, 3.53, 3.23], [4.94, 4.83, 4.72, 4.47, 4.53, 5.63, 5.21, 4.36, 2.7, 1.53, 2.79, 3.47, 3.74, 4.23, 4.61, 4.67, 4.82, 5.01, 5.46, 6.548, 6.65, 7.003, 7.257, 7.81, 8.436, 8.727, 9.123, 9.248, 9.532, 10.342, 10.022, 10.254, 10.245, 9.813, 9.667, 9.401, 9.116, 9.047, 8.737, 9.16, 9.306, 8.818, 7.647, 6.442, 5.09, 2.98, 2.09, 1.92, 2.67, 3.63, 3.93, 2.95, 1.78, 2.36, 2.89, 1.93, 1.56, 1.18, 0, 0.98, 1.43, 1.47, 1.62, 1.24, 1.52, 1.61, 1.39, 1.81, 1.86, 2.11, 2.01, 1.89, 1.9, 1.55, 1.51, 1.47, 1.61, 1.59, 1.8, 2.02, 2.55, 2.48, 2.51, 3.22, 3.59, 3.13], [4.62, 4.45, 4.4, 4.31, 4.41, 5.35, 4.95, 4.04, 2.26, 1.17, 2.43, 3.07, 3.34, 3.83, 4.19, 4.25, 4.44, 4.63, 5.0, 6.085, 6.19, 6.689, 6.982, 7.558, 8.173, 8.439, 8.877, 8.992, 9.319, 10.083, 9.792, 10.05, 10.058, 9.66, 9.517, 9.211, 8.874, 8.822, 8.489, 8.898, 9.061, 8.559, 7.373, 6.165, 4.81, 2.86, 1.95, 1.44, 2.33, 3.43, 3.67, 2.71, 1.74, 2.08, 2.67, 1.75, 1.28, 1.38, 0.98, 0, 0.77, 0.83, 0.98, 0.74, 0.98, 1.13, 1.21, 1.37, 1.52, 1.75, 1.79, 1.49, 1.42, 1.17, 1.41, 1.25, 1.31, 1.05, 1.16, 1.4, 1.99, 1.94, 1.95, 2.72, 3.07, 2.67], [4.63, 4.46, 4.47, 4.48, 4.6, 5.44, 5.12, 4.07, 2.25, 1.54, 2.68, 3.26, 3.33, 3.74, 4.08, 4.34, 4.55, 4.78, 5.05, 6.088, 6.18, 6.87, 7.166, 7.743, 8.369, 8.635, 9.07, 9.188, 9.512, 10.276, 9.969, 10.197, 10.237, 9.862, 9.719, 9.404, 9.03, 9.02, 8.685, 9.091, 9.219, 8.715, 7.532, 6.329, 4.979, 2.89, 1.92, 1.31, 2.16, 3.22, 3.46, 2.82, 2.15, 2.49, 2.82, 1.98, 1.09, 1.61, 1.43, 0.77, 0, 0.76, 1.11, 0.69, 1.13, 1.36, 1.42, 1.32, 1.51, 2.06, 2.0, 1.58, 1.41, 1.24, 1.26, 1.32, 1.26, 0.94, 1.15, 1.51, 2.14, 2.05, 2.06, 2.77, 3.16, 2.76], [4.83, 4.68, 4.65, 4.74, 4.86, 5.74, 5.4, 4.39, 2.53, 1.64, 2.58, 3.12, 3.15, 3.6, 3.94, 4.2, 4.33, 4.58, 4.79, 5.911, 5.96, 6.651, 6.921, 7.494, 8.115, 8.406, 8.816, 8.95, 9.263, 10.044, 9.728, 10.003, 10.051, 9.687, 9.51, 9.204, 8.836, 8.752, 8.445, 8.874, 9.005, 8.507, 7.318, 6.101, 4.8, 2.91, 1.94, 1.39, 2.36, 3.44, 3.7, 2.98, 2.19, 2.43, 2.62, 2.04, 1.33, 1.51, 1.47, 0.83, 0.76, 0, 1.23, 0.93, 1.27, 1.48, 1.62, 1.56, 1.77, 2.18, 2.2, 1.74, 1.57, 1.36, 1.54, 1.5, 1.46, 1.1, 1.21, 1.43, 1.94, 2.09, 2.0, 2.69, 3.16, 2.94], [4.52, 4.37, 4.32, 4.29, 4.51, 5.45, 5.13, 4.02, 2.16, 1.15, 2.25, 2.77, 3.18, 3.57, 3.89, 3.87, 4.16, 4.31, 4.7, 5.717, 5.83, 6.424, 6.685, 7.256, 7.899, 8.203, 8.587, 8.721, 9.031, 9.815, 9.585, 9.865, 9.956, 9.609, 9.458, 9.106, 8.694, 8.54, 8.244, 8.673, 8.838, 8.308, 7.12, 5.914, 4.53, 2.58, 1.75, 1.32, 2.43, 3.55, 3.71, 2.63, 1.66, 2.04, 2.55, 1.51, 1.22, 1.92, 1.62, 0.98, 1.11, 1.23, 0, 0.9, 0.98, 1.01, 1.37, 1.53, 1.44, 1.75, 1.67, 1.29, 1.4, 1.39, 1.61, 1.59, 1.39, 0.99, 1.02, 1.42, 1.93, 1.88, 1.85, 2.64, 3.01, 2.55], [4.5, 4.35, 4.28, 4.23, 4.47, 5.41, 4.99, 4.02, 2.16, 1.29, 2.43, 3.07, 3.36, 3.83, 4.01, 4.19, 4.46, 4.53, 5.02, 6.034, 6.11, 6.749, 7.011, 7.581, 8.222, 8.508, 8.903, 9.061, 9.348, 10.155, 9.884, 10.136, 10.17, 9.769, 9.64, 9.308, 8.937, 8.851, 8.515, 8.958, 9.118, 8.619, 7.442, 6.225, 4.855, 2.78, 1.89, 1.36, 2.17, 3.31, 3.53, 2.73, 1.82, 2.16, 2.609, 1.75, 1.0, 1.5, 1.24, 0.74, 0.69, 0.93, 0.9, 0, 0.98, 1.21, 1.13, 1.35, 1.48, 1.83, 1.73, 1.37, 1.32, 1.19, 1.35, 1.45, 1.31, 0.91, 1.2, 1.48, 2.09, 1.98, 1.91, 2.68, 3.05, 2.59], [4.58, 4.43, 4.36, 4.25, 4.31, 5.15, 5.05, 3.82, 2.24, 1.15, 2.19, 2.87, 3.12, 3.77, 4.15, 4.17, 4.28, 4.41, 4.9, 6.025, 6.03, 6.542, 6.723, 7.313, 7.98, 8.259, 8.676, 8.815, 9.119, 9.895, 9.688, 9.891, 9.885, 9.575, 9.424, 9.04, 8.7, 8.577, 8.249, 8.713, 8.881, 8.374, 7.165, 5.96, 4.63, 2.8, 1.93, 1.58, 2.53, 3.61, 3.77, 2.69, 1.6, 2.08, 2.53, 1.77, 1.4, 1.76, 1.52, 0.98, 1.13, 1.27, 0.98, 0.98, 0, 1.07, 1.25, 1.65, 1.58, 1.77, 1.75, 1.43, 1.42, 1.41, 1.79, 1.63, 1.55, 1.25, 1.26, 1.38, 1.85, 1.78, 1.73, 2.48, 2.85, 2.55], [3.93, 3.78, 3.67, 3.74, 4.02, 5.1, 4.88, 3.77, 2.11, 1.16, 2.14, 2.82, 3.41, 4.08, 4.46, 4.34, 4.47, 4.46, 5.15, 5.92, 6.14, 6.494, 6.625, 7.189, 7.882, 8.17, 8.572, 8.718, 9.019, 9.8, 9.63, 9.958, 9.975, 9.696, 9.525, 9.122, 8.733, 8.442, 8.172, 8.632, 8.823, 8.276, 7.056, 5.85, 4.52, 2.45, 1.74, 1.47, 2.5, 3.64, 3.8, 2.66, 1.51, 1.91, 2.26, 1.36, 1.59, 1.97, 1.61, 1.13, 1.36, 1.48, 1.01, 1.21, 1.07, 0, 1.14, 1.66, 1.43, 1.52, 1.22, 1.04, 1.05, 1.3, 1.76, 1.56, 1.5, 1.2, 1.05, 1.25, 1.6, 1.55, 1.32, 2.19, 2.56, 1.96], [3.91, 3.8, 3.73, 3.46, 3.72, 4.68, 4.28, 3.25, 1.59, 1.24, 2.62, 3.54, 3.97, 4.6, 4.92, 4.96, 5.09, 5.2, 5.79, 6.755, 6.84, 7.211, 7.433, 8.017, 8.655, 8.961, 9.333, 9.494, 9.778, 10.588, 10.335, 10.592, 10.64, 10.244, 10.128, 9.784, 9.381, 9.261, 8.968, 9.405, 9.548, 9.052, 7.875, 6.661, 5.288, 3.15, 1.68, 1.19, 1.84, 2.88, 3.12, 2.22, 1.47, 2.518, 2.985, 1.96, 1.69, 1.69, 1.39, 1.21, 1.42, 1.62, 1.37, 1.13, 1.25, 1.14, 0, 1.04, 1.03, 1.26, 1.3, 1.24, 1.29, 1.22, 1.58, 1.54, 1.34, 1.2, 1.47, 1.67, 2.08, 1.95, 1.92, 2.77, 3.14, 2.42], [4.17, 4.04, 3.93, 3.84, 3.94, 4.74, 4.38, 3.39, 1.45, 1.74, 3.14, 4.0, 4.27, 4.76, 5.2, 5.22, 5.35, 5.5, 5.95, 7.147, 7.18, 7.808, 7.99, 8.629, 9.301, 9.589, 9.962, 10.119, 10.389, 11.196, 10.96, 11.234, 11.305, 10.913, 10.787, 10.452, 10.044, 9.901, 9.631, 10.068, 10.194, 9.701, 8.521, 7.324, 5.931, 3.85, 2.08, 1.13, 1.26, 2.2, 2.46, 2.04, 2.05, 3.104, 3.542, 2.46, 1.69, 2.01, 1.81, 1.37, 1.32, 1.56, 1.53, 1.35, 1.65, 1.66, 1.04, 0, 0.85, 1.26, 1.52, 1.58, 1.79, 1.4, 1.16, 1.38, 1.28, 1.3, 2.01, 2.29, 2.7, 2.51, 2.48, 3.27, 3.66, 2.88], [3.74, 3.63, 3.5, 3.43, 3.59, 4.51, 4.19, 3.04, 1.24, 1.47, 2.89, 3.79, 4.18, 4.81, 5.19, 5.17, 5.34, 5.43, 5.96, 6.997, 7.13, 7.636, 7.741, 8.391, 9.105, 9.377, 9.773, 9.927, 10.183, 10.97, 10.762, 11.065, 11.176, 10.837, 10.669, 10.343, 9.931, 9.723, 9.43, 9.913, 10.078, 9.528, 8.343, 7.12, 5.73, 3.66, 1.87, 0.9, 1.37, 2.39, 2.61, 1.81, 1.78, 2.874, 3.275, 2.23, 1.62, 2.14, 1.86, 1.52, 1.51, 1.77, 1.44, 1.48, 1.58, 1.43, 1.03, 0.85, 0, 0.75, 1.11, 1.29, 1.56, 1.27, 1.27, 1.51, 1.35, 1.45, 1.9, 2.28, 2.65, 2.34, 2.31, 3.12, 3.41, 2.53], [3.31, 3.18, 3.09, 3.0, 3.26, 4.28, 4.02, 2.85, 1.21, 1.42, 2.88, 3.8, 4.35, 5.08, 5.5, 5.42, 5.61, 5.68, 6.23, 7.155, 7.42, 7.68, 7.694, 8.333, 9.078, 9.353, 9.749, 9.906, 10.165, 10.926, 10.767, 11.118, 11.197, 10.893, 10.719, 10.362, 9.967, 9.713, 9.403, 9.906, 10.094, 9.527, 8.336, 7.11, 5.74, 3.67, 1.92, 1.25, 1.48, 2.46, 2.64, 1.82, 1.77, 2.793, 3.225, 2.32, 2.03, 2.35, 2.11, 1.75, 2.06, 2.18, 1.75, 1.83, 1.77, 1.52, 1.26, 1.26, 0.75, 0, 0.92, 1.26, 1.65, 1.4, 1.62, 1.6, 1.68, 1.82, 2.11, 2.37, 2.56, 2.21, 2.14, 2.97, 3.3, 2.42], [3.19, 3.08, 2.93, 2.98, 3.34, 4.56, 4.4, 3.23, 1.65, 1.42, 2.46, 3.48, 4.13, 4.94, 5.28, 5.2, 5.33, 5.3, 6.01, 6.74, 7.0, 7.134, 7.174, 7.804, 8.496, 8.807, 9.192, 9.323, 9.602, 10.386, 10.278, 10.624, 10.683, 10.408, 10.234, 9.833, 9.433, 9.119, 8.803, 9.349, 9.54, 8.993, 7.759, 6.53, 5.2, 3.11, 1.78, 1.31, 1.92, 2.98, 3.16, 2.06, 1.69, 2.39, 2.78, 1.76, 1.87, 2.09, 2.01, 1.79, 2.0, 2.2, 1.67, 1.73, 1.75, 1.22, 1.3, 1.52, 1.11, 0.92, 0, 0.96, 1.33, 1.4, 1.8, 1.74, 1.66, 1.6, 1.91, 1.99, 2.14, 1.79, 1.72, 2.51, 2.78, 2.0], [3.39, 3.22, 3.21, 3.4, 3.8, 4.92, 4.74, 3.55, 1.97, 1.18, 1.96, 3.04, 3.77, 4.56, 4.82, 4.72, 4.79, 4.88, 5.65, 6.298, 6.52, 6.618, 6.751, 7.364, 8.05, 8.368, 8.706, 8.866, 9.133, 9.946, 9.747, 10.049, 10.106, 9.773, 9.602, 9.236, 8.827, 8.627, 8.354, 8.8, 8.954, 8.441, 7.25, 6.044, 4.66, 2.55, 1.36, 1.03, 2.32, 3.42, 3.62, 2.58, 1.53, 2.05, 2.36, 1.4, 1.69, 1.79, 1.89, 1.49, 1.58, 1.74, 1.29, 1.37, 1.43, 1.04, 1.24, 1.58, 1.29, 1.26, 0.96, 0, 0.65, 1.16, 1.72, 1.72, 1.66, 1.32, 1.41, 1.51, 1.72, 1.43, 1.24, 2.07, 2.44, 1.72], [3.42, 3.25, 3.22, 3.53, 3.95, 5.01, 4.75, 3.68, 2.12, 1.37, 2.11, 3.07, 3.74, 4.61, 4.73, 4.79, 4.9, 4.99, 5.64, 6.27, 6.37, 6.538, 6.717, 7.305, 7.948, 8.26, 8.609, 8.784, 9.051, 9.878, 9.613, 9.862, 9.91, 9.54, 9.389, 9.035, 8.634, 8.534, 8.218, 8.687, 8.818, 8.314, 7.125, 5.911, 4.535, 2.38, 1.27, 1.22, 2.51, 3.61, 3.79, 2.87, 1.72, 2.18, 2.35, 1.47, 1.8, 1.78, 1.9, 1.42, 1.41, 1.57, 1.4, 1.32, 1.42, 1.05, 1.29, 1.79, 1.56, 1.65, 