[[0, 1.42, 1.95, 1.95, 1.94, 2.25, 2.03, 2.01, 2.64, 2.9, 2.46, 3.13, 3.35, 3.88, 3.98, 3.77, 4.02, 3.99, 4.17, 3.82, 2.98, 1.65, 2.24, 3.11, 3.92, 4.81, 4.35, 3.2, 3.3, 3.15, 2.59, 2.65, 2.61, 3.07, 3.67, 4.82, 4.26, 3.74, 3.3, 2.54, 2.56, 3.08, 3.45, 3.31, 3.08, 2.51, 3.03, 3.27, 3.02, 3.58, 4.19, 3.94, 3.99, 5.15, 5.37, 4.88, 3.93, 3.58, 3.44, 3.43, 3.3, 3.06, 3.41, 3.66, 4.2, 4.84, 4.3, 4.34, 4.72, 4.12, 3.33, 3.71, 4.45, 4.5, 4.37, 4.52, 4.72, 4.55, 4.28, 4.6, 4.53, 3.99, 3.28, 3.05, 3.17, 3.14], [1.42, 0, 0.63, 0.89, 1.22, 1.37, 1.23, 1.05, 1.8, 2.14, 2.44, 3.25, 3.55, 4.16, 4.18, 4.01, 4.32, 4.27, 4.47, 4.16, 3.22, 2.23, 3.46, 4.41, 5.26, 6.15, 5.61, 4.36, 4.62, 4.49, 3.89, 3.91, 3.87, 4.35, 4.97, 6.1, 5.58, 5.06, 4.62, 3.78, 3.78, 4.36, 4.77, 4.63, 4.4, 3.71, 4.33, 4.55, 4.32, 4.86, 5.47, 5.22, 5.27, 6.43, 6.65, 6.12, 5.17, 4.58, 4.1, 4.09, 3.82, 3.46, 3.19, 3.34, 3.76, 4.3, 3.86, 3.8, 4.28, 3.78, 3.75, 3.85, 4.45, 4.52, 4.33, 4.3, 4.36, 4.15, 3.92, 4.32, 4.41, 3.81, 3.0, 2.87, 2.97, 2.92], [1.95, 0.63, 0, 0.72, 1.31, 1.4, 1.28, 1.06, 1.53, 1.95, 2.49, 3.24, 3.54, 4.15, 4.15, 3.98, 4.37, 4.28, 4.56, 4.25, 3.21, 2.44, 3.77, 4.78, 5.65, 6.54, 6.0, 4.75, 5.01, 4.88, 4.3, 4.3, 4.28, 4.76, 5.36, 6.49, 5.97, 5.45, 5.01, 4.13, 4.13, 4.75, 5.16, 5.02, 4.79, 4.12, 4.72, 4.96, 4.71, 5.25, 5.86, 5.59, 5.58, 6.76, 7.02, 6.39, 5.42, 4.79, 4.35, 4.3, 3.97, 3.49, 3.14, 3.17, 3.57, 3.99, 3.57, 3.51, 3.99, 3.59, 3.92, 3.94, 4.38, 4.41, 4.28, 4.09, 4.13, 3.9, 3.73, 4.19, 4.24, 3.64, 2.87, 2.84, 2.9, 2.89], [1.95, 0.89, 0.72, 0, 1.03, 1.16, 1.12, 0.92, 1.39, 1.79, 2.09, 2.8, 3.06, 3.67, 3.71, 3.6, 3.89, 3.8, 4.2, 3.81, 2.77, 2.22, 3.61, 4.72, 5.59, 6.46, 5.88, 4.65, 4.93, 4.82, 4.24, 4.24, 4.22, 4.68, 5.28, 6.43, 5.87, 5.33, 4.89, 4.01, 4.05, 4.65, 5.06, 4.9, 4.69, 4.14, 4.7, 4.94, 4.67, 5.17, 5.76, 5.45, 5.44, 6.64, 6.88, 6.29, 5.28, 4.57, 4.13, 4.06, 3.73, 3.17, 2.78, 2.77, 3.19, 3.61, 3.11, 3.11, 3.53, 3.13, 3.62, 3.54, 3.9, 3.95, 3.8, 3.51, 3.61, 3.4, 3.19, 3.71, 3.68, 3.12, 2.43, 2.36, 2.5, 2.47], [1.94, 1.22, 1.31, 1.03, 0, 0.93, 1.23, 1.15, 1.38, 1.84, 1.94, 2.59, 2.75, 3.38, 3.28, 3.25, 3.64, 3.53, 4.05, 3.64, 2.54, 2.07, 3.22, 4.41, 5.26, 6.13, 5.59, 4.44, 4.72, 4.53, 3.95, 3.95, 4.03, 4.47, 5.05, 6.1, 5.54, 5.0, 4.56, 3.68, 3.76, 4.3, 4.69, 4.67, 4.46, 3.85, 4.47, 4.63, 4.36, 4.86, 5.45, 5.14, 5.15, 6.29, 6.49, 5.86, 4.91, 4.3, 3.88, 3.89, 3.68, 3.18, 2.49, 2.6, 3.04, 3.48, 3.02, 3.08, 3.44, 2.94, 3.51, 3.49, 3.63, 3.68, 3.51, 3.32, 3.5, 3.37, 3.2, 3.5, 3.43, 2.97, 2.34, 2.25, 2.25, 2.36], [2.25, 1.37, 1.4, 1.16, 0.93, 0, 0.96, 0.9, 1.37, 1.71, 1.77, 2.3, 2.56, 2.99, 3.01, 2.98, 3.31, 3.34, 4.0, 3.53, 2.31, 2.06, 3.51, 4.72, 5.51, 6.36, 5.96, 4.79, 5.09, 4.9, 4.3, 4.28, 4.4, 4.84, 5.42, 6.41, 5.87, 5.37, 4.93, 3.97, 4.03, 4.61, 5.02, 5.02, 4.81, 4.12, 4.76, 4.96, 4.63, 5.21, 5.78, 5.49, 5.48, 6.58, 6.62, 5.79, 4.7, 4.09, 3.71, 3.76, 3.43, 2.91, 2.32, 2.49, 2.97, 3.35, 3.01, 2.97, 3.41, 3.03, 3.48, 3.5, 3.7, 3.71, 3.46, 3.43, 3.59, 3.42, 3.25, 3.49, 3.48, 2.98, 2.23, 2.16, 2.14, 2.21], [2.03, 1.23, 1.28, 1.12, 1.23, 0.96, 0, 0.96, 1.73, 1.83, 1.87, 2.58, 2.84, 3.29, 3.43, 3.38, 3.63, 3.6, 4.26, 3.79, 2.63, 2.14, 3.61, 4.78, 5.57, 6.42, 5.98, 4.73, 5.01, 4.92, 4.34, 4.32, 4.36, 4.82, 5.42, 6.47, 5.93, 5.41, 4.95, 4.05, 4.13, 4.69, 5.12, 5.04, 4.81, 4.08, 4.64, 4.88, 4.57, 5.15, 5.72, 5.49, 5.46, 6.56, 6.66, 5.93, 4.74, 4.09, 3.71, 3.78, 3.45, 2.83, 2.5, 2.77, 3.21, 3.65, 3.25, 3.13, 3.67, 3.33, 3.6, 3.82, 4.28, 4.35, 4.02, 3.85, 3.87, 3.72, 3.51, 3.83, 3.88, 3.38, 2.57, 2.34, 2.42, 2.35], [2.01, 1.05, 1.06, 0.92, 1.15, 0.9, 0.96, 0, 1.25, 1.59, 1.97, 2.68, 3.04, 3.53, 3.63, 3.54, 3.85, 3.82, 4.46, 3.97, 2.75, 2.1, 3.67, 4.84, 5.63, 6.48, 6.04, 4.77, 5.07, 4.98, 4.38, 4.36, 4.4, 4.86, 5.48, 6.53, 5.99, 5.47, 5.01, 4.09, 4.19, 4.75, 5.18, 5.1, 4.85, 4.12, 4.7, 4.94, 4.63, 5.21, 5.78, 5.53, 5.5, 6.58, 6.7, 5.99, 4.98, 4.35, 3.95, 3.98, 3.69, 3.23, 2.64, 2.69, 3.19, 3.65, 3.21, 3.15, 3.63, 3.27, 3.7, 3.68, 4.08, 4.11, 3.86, 3.75, 3.79, 3.64, 3.43, 3.85, 3.88, 3.36, 2.55, 2.48, 2.52, 2.53], [2.64, 1.8, 1.53, 1.39, 1.38, 1.37, 1.73, 1.25, 0, 0.86, 1.72, 2.41, 2.57, 3.28, 3.32, 3.35, 3.68, 3.51, 4.17, 3.78, 2.52, 2.71, 4.06, 5.29, 6.14, 7.01, 6.41, 5.38, 5.58, 5.37, 4.81, 4.81, 4.85, 5.29, 5.89, 6.98, 6.42, 5.86, 5.42, 4.54, 4.56, 5.16, 5.57, 5.51, 5.3, 4.63, 5.23, 5.47, 5.2, 5.7, 6.29, 5.98, 5.95, 7.13, 7.33, 6.6, 5.59, 4.96, 4.48, 4.43, 4.1, 3.34, 2.41, 2.36, 2.54, 2.68, 2.46, 2.4, 2.66, 2.8, 4.05, 3.93, 3.61, 3.58, 3.49, 2.86, 2.88, 2.63, 2.64, 3.06, 3.05, 2.51, 2.04, 2.09, 2.05, 2.36], [2.9, 2.14, 1.95, 1.79, 1.84, 1.71, 1.83, 1.59, 0.86, 0, 1.34, 2.03, 2.27, 3.24, 3.26, 3.39, 3.7, 3.41, 4.15, 3.78, 2.5, 2.91, 4.5, 5.67, 6.46, 7.33, 6.87, 5.68, 5.9, 5.81, 5.23, 5.21, 5.25, 5.71, 6.31, 7.36, 6.82, 6.3, 5.84, 4.96, 5.02, 5.58, 6.01, 5.93, 5.68, 4.91, 5.49, 5.73, 5.42, 6.02, 6.59, 6.36, 6.31, 7.39, 7.57, 6.9, 5.81, 5.18, 4.66, 4.61, 4.28, 3.3, 2.33, 2.22, 2.46, 2.62, 2.46, 2.26, 2.6, 2.98, 4.39, 4.23, 3.91, 3.94, 3.59, 2.82, 2.58, 2.39, 2.34, 2.82, 2.99, 2.35, 2.2, 2.23, 2.21, 2.52], [2.46, 2.44, 2.49, 2.09, 1.94, 1.77, 1.87, 1.97, 1.72, 1.34, 0, 1.01, 1.35, 2.16, 2.24, 2.41, 2.62, 2.29, 3.03, 2.72, 1.48, 2.25, 3.64, 4.91, 5.54, 6.37, 6.05, 5.04, 4.9, 4.79, 4.19, 4.29, 4.19, 4.63, 5.25, 6.3, 5.76, 5.24, 4.94, 4.08, 4.08, 4.64, 4.95, 4.89, 4.76, 4.21, 4.63, 4.85, 4.54, 4.98, 5.55, 5.32, 5.31, 6.39, 6.53, 5.88, 4.75, 4.08, 3.58, 3.55, 3.18, 2.16, 1.57, 1.74, 2.08, 2.64, 2.28, 2.22, 2.54, 2.6, 3.41, 3.43, 3.23, 3.3, 3.03, 2.46, 2.5, 2.37, 2.08, 2.36, 2.37, 1.97, 1.84, 1.57, 1.59, 1.82], [3.13, 3.25, 3.24, 2.8, 2.59, 2.3, 2.58, 2.68, 2.41, 2.03, 1.01, 0, 0.64, 1.41, 1.55, 1.82, 2.01, 1.64, 2.44, 2.11, 1.19, 2.72, 3.79, 4.9, 5.45, 6.24, 6.02, 5.35, 4.91, 4.62, 4.3, 4.34, 4.04, 4.32, 4.92, 5.75, 5.25, 4.95, 4.85, 4.19, 4.15, 4.63, 4.88, 4.82, 4.69, 4.42, 4.74, 4.96, 4.57, 4.71, 5.18, 4.91, 5.08, 5.9, 5.96, 5.47, 4.46, 3.59, 3.09, 2.96, 2.57, 1.53, 1.2, 1.61, 1.77, 2.35, 1.85, 1.97, 2.19, 2.17, 2.76, 2.88, 2.74, 2.75, 2.46, 1.81, 2.39, 2.529, 1.83, 1.83, 1.84, 2.06, 1.93, 1.76, 1.7, 1.65], [3.35, 3.55, 3.54, 3.06, 2.75, 2.56, 2.84, 3.04, 2.57, 2.27, 1.35, 0.64, 0, 1.19, 1.41, 1.68, 1.91, 1.56, 2.34, 2.05, 1.21, 2.84, 3.81, 4.96, 5.51, 6.34, 6.04, 5.47, 5.03, 4.7, 4.34, 4.4, 4.12, 4.34, 4.94, 5.71, 5.17, 5.05, 4.89, 4.19, 4.21, 4.69, 4.92, 4.88, 4.79, 4.54, 4.86, 5.08, 4.67, 4.83, 5.26, 5.01, 5.16, 5.86, 5.98, 5.51, 4.5, 3.55, 3.05, 2.78, 2.39, 1.51, 1.4, 1.65, 1.65, 2.21, 1.77, 2.07, 2.09, 1.99, 2.7, 2.84, 2.72, 2.71, 2.5, 1.79, 2.35, 2.469, 1.77, 1.63, 1.78, 2.12, 2.05, 1.86, 1.78, 1.69], [3.88, 4.16, 4.15, 3.67, 3.38, 2.99, 3.29, 3.53, 3.28, 3.24, 2.16, 1.41, 1.19, 0, 0.74, 1.05, 1.16, 0.93, 1.63, 1.48, 1.24, 2.95, 3.94, 4.79, 5.24, 6.05, 6.11, 5.76, 5.22, 4.67, 4.57, 4.79, 4.51, 4.45, 4.91, 5.2, 4.84, 4.86, 4.86, 4.28, 4.26, 4.52, 4.87, 4.93, 4.9, 4.67, 4.97, 5.21, 4.82, 4.76, 5.07, 5.0, 4.95, 5.51, 5.59, 4.92, 3.95, 3.12, 2.8, 2.55, 2.24, 1.56, 2.03, 2.4, 2.38, 2.6, 2.22, 2.58, 2.42, 1.86, 2.11, 2.35, 2.31, 2.26, 2.23, 2.0, 3.348, 3.504, 2.768, 1.98, 2.25, 2.97, 2.76, 2.53, 2.49, 2.3], [3.98, 4.18, 4.15, 3.71, 3.28, 3.01, 3.43, 3.63, 3.32, 3.26, 2.24, 1.55, 1.41, 0.74, 0, 0.77, 0.96, 0.67, 1.43, 1.28, 1.36, 3.05, 3.94, 4.63, 5.1, 5.89, 6.01, 5.74, 5.18, 4.57, 4.53, 4.77, 4.55, 4.43, 4.87, 5.04, 4.62, 4.66, 4.76, 4.22, 4.2, 4.4, 4.71, 4.77, 4.76, 4.55, 4.85, 5.05, 4.66, 4.6, 4.85, 4.82, 4.71, 5.27, 5.39, 4.76, 3.83, 3.02, 2.68, 2.31, 2.04, 1.48, 1.83, 2.3, 2.32, 2.5, 2.14, 2.44, 2.34, 1.64, 1.97, 2.09, 2.15, 2.04, 2.07, 1.98, 3.396, 3.621, 2.856, 2.04, 2.15, 3.003, 2.76, 2.53, 2.41, 2.34], [3.77, 4.01, 3.98, 3.6, 3.25, 2.98, 3.38, 3.54, 3.35, 3.39, 2.41, 1.82, 1.68, 1.05, 0.77, 0, 0.75, 0.88, 1.36, 1.11, 1.23, 2.88, 3.75, 4.44, 4.89, 5.56, 5.76, 5.53, 4.97, 4.36, 4.38, 4.58, 4.34, 4.26, 4.64, 4.71, 4.25, 4.39, 4.53, 4.01, 3.99, 4.11, 4.4, 4.44, 4.49, 4.32, 4.6, 4.74, 4.45, 4.37, 4.52, 4.55, 4.34, 4.9, 5.0, 4.37, 3.48, 2.75, 2.53, 2.16, 1.89, 1.51, 2.02, 2.43, 2.51, 2.85, 2.49, 2.75, 2.93, 2.09, 2.06, 2.1, 2.34, 2.19, 2.32, 2.39, 3.692, 3.922, 3.132, 2.46, 2.44, 3.36, 3.109, 2.82, 2.74, 2.67], [4.02, 4.32, 4.37, 3.89, 3.64, 3.31, 3.63, 3.85, 3.68, 3.7, 2.62, 2.01, 1.91, 1.16, 0.96, 0.75, 0, 0.89, 1.13, 1.14, 1.5, 3.09, 3.98, 4.49, 4.88, 5.57, 5.85, 5.74, 5.14, 4.51, 4.57, 4.85, 4.59, 4.49, 4.81, 4.72, 4.3, 4.46, 4.66, 4.2, 4.18, 4.22, 4.51, 4.55, 4.6, 4.43, 4.73, 4.85, 4.58, 4.5, 4.61, 4.64, 4.41, 4.79, 4.85, 4.3, 3.47, 2.76, 2.52, 2.15, 1.86, 1.56, 2.23, 2.68, 2.74, 2.94, 2.66, 2.92, 3.0, 2.08, 1.81, 2.09, 2.27, 2.1, 2.29, 2.44, 3.945, 4.146, 3.365, 2.64, 2.63, 3.532, 3.32, 3.05, 2.97, 2.8], [3.99, 4.27, 4.28, 3.8, 3.53, 3.34, 3.6, 3.82, 3.51, 3.41, 2.29, 1.64, 1.56, 0.93, 0.67, 0.88, 0.89, 0, 1.18, 1.17, 1.41, 3.22, 3.97, 4.62, 5.05, 5.74, 6.0, 5.77, 5.21, 4.6, 4.58, 4.8, 4.56, 4.48, 4.88, 4.93, 4.47, 4.61, 4.81, 4.33, 4.29, 4.39, 4.7, 4.74, 4.79, 4.62, 4.9, 5.04, 4.77, 4.71, 4.86, 4.87, 4.74, 5.26, 5.42, 4.87, 4.0, 3.17, 2.77, 2.42, 2.19, 1.63, 2.14, 2.51, 2.45, 2.63, 2.39, 2.65, 2.57, 1.75, 1.88, 2.04, 2.06, 1.99, 2.04, 2.19, 3.644, 3.868, 3.057, 2.1, 2.38, 3.276, 3.09, 2.8, 2.7, 2.57], [4.17, 4.47, 4.56, 4.2, 4.05, 4.0, 4.26, 4.46, 4.17, 4.15, 3.03, 2.44, 2.34, 1.63, 1.43, 1.36, 1.13, 1.18, 0, 0.73, 1.95, 3.32, 3.55, 3.98, 4.37, 5.16, 5.3, 5.23, 4.53, 3.94, 4.22, 4.5, 4.3, 4.0, 4.2, 4.19, 3.77, 3.95, 4.11, 3.69, 3.63, 3.69, 4.02, 4.08, 4.09, 3.92, 4.2, 4.38, 4.07, 4.03, 4.18, 4.21, 4.04, 4.48, 4.74, 4.19, 3.42, 2.67, 2.39, 2.04, 1.95, 1.97, 2.86, 3.23, 3.17, 3.47, 3.15, 3.43, 3.41, 2.59, 2.26, 2.46, 2.72, 2.65, 2.74, 2.83, 4.398, 4.613, 3.82, 2.925, 3.16, 4.06, 3.95, 3.66, 3.54, 3.39], [3.82, 4.16, 4.25, 3.81, 3.64, 3.53, 3.79, 3.97, 3.78, 3.78, 2.72, 2.11, 2.05, 1.48, 1.28, 1.11, 1.14, 1.17, 0.73, 0, 1.56, 2.89, 3.28, 3.75, 4.14, 4.85, 5.03, 4.96, 4.24, 3.67, 4.01, 4.27, 4.09, 3.73, 3.91, 3.96, 3.6, 3.66, 3.82, 3.42, 3.34, 3.4, 3.69, 3.75, 3.8, 3.63, 3.91, 4.05, 3.78, 3.74, 3.97, 3.88, 3.83, 4.53, 4.65, 4.06, 3.17, 2.38, 2.04, 1.73, 1.6, 1.7, 2.53, 2.98, 3.1, 3.42, 2.96, 3.3, 3.36, 2.64, 2.49, 2.69, 2.93, 2.82, 2.95, 2.9, 4.182, 4.392, 3.642, 2.993, 2.91, 3.79, 3.56, 3.27, 3.19, 3.02], [2.98, 3.22, 3.21, 2.77, 2.54, 2.31, 2.63, 2.75, 2.52, 2.5, 1.48, 1.19, 1.21, 1.24, 1.36, 1.23, 1.5, 1.41, 1.95, 1.56, 0, 2.09, 3.14, 4.17, 4.64, 5.57, 5.61, 5.08, 4.66, 4.13, 3.83, 4.05, 3.85, 3.93, 4.39, 5.0, 4.66, 4.48, 4.38, 3.72, 3.72, 4.1, 4.41, 4.45, 4.42, 4.21, 4.53, 4.73, 4.32, 4.46, 4.93, 4.66, 4.81, 5.75, 5.79, 5.1, 4.09, 3.2, 2.86, 2.65, 2.34, 1.64, 1.71, 2.02, 2.4, 2.7, 2.3, 2.5, 2.74, 2.18, 2.43, 2.59, 2.65, 2.64, 2.69, 2.44, 3.06, 3.186, 2.62, 2.4, 2.21, 2.63, 2.38, 2.11, 2.05, 1.94], [1.65, 2.23, 2.44, 2.22, 2.07, 2.06, 2.14, 2.1, 2.71, 2.91, 2.25, 2.72, 2.84, 2.95, 3.05, 2.88, 3.09, 3.22, 3.32, 2.89, 2.09, 0, 1.89, 3.16, 3.81, 4.78, 4.62, 3.85, 3.77, 3.4, 2.82, 2.92, 2.96, 3.36, 3.82, 4.61, 4.25, 3.83, 3.51, 2.65, 2.61, 3.15, 3.64, 3.62, 3.47, 3.14, 3.64, 3.86, 3.49, 3.89, 4.42, 4.13, 4.22, 5.24, 5.32, 4.61, 3.52, 2.89, 2.69, 2.62, 2.47, 2.51, 2.86, 3.13, 3.61, 3.91, 3.51, 3.61, 3.85, 3.21, 2.76, 3.36, 4.02, 3.99, 3.82, 3.83, 4.05, 4.04, 3.81, 3.81, 3.76, 3.4, 2.73, 2.46, 2.6, 2.51], [2.24, 3.46, 3.77, 3.61, 3.22, 3.51, 3.61, 3.67, 4.06, 4.5, 3.64, 3.79, 3.81, 3.94, 3.94, 3.75, 3.98, 3.97, 3.55, 3.28, 3.14, 1.89, 0, 1.41, 2.16, 3.09, 2.79, 2.18, 2.02, 1.63, 1.39, 1.45, 1.61, 1.69, 2.07, 2.94, 2.52, 2.1, 1.7, 1.24, 1.26, 1.6, 1.95, 1.97, 1.8, 1.73, 2.07, 2.15, 1.76, 2.16, 2.71, 2.38, 2.47, 3.57, 3.79, 3.38, 2.93, 2.74, 2.8, 2.81, 2.9, 3.4, 4.15, 4.48, 4.94, 5.36, 4.82, 5.06, 5.26, 4.44, 3.65, 4.19, 4.93, 4.92, 4.85, 5.02, 5.28, 5.39, 5.06, 5.06, 4.91, 4.67, 4.06, 3.71, 3.81, 3.74], [3.11, 4.41, 4.78, 4.72, 4.41, 4.72, 4.78, 4.84, 5.29, 5.67, 4.91, 4.9, 4.96, 4.79, 4.63, 4.44, 4.49, 4.62, 3.98, 3.75, 4.17, 3.16, 1.41, 0, 0.99, 1.88, 1.86, 1.51, 1.11, 0.84, 1.32, 1.4, 1.6, 1.42, 1.24, 1.85, 1.59, 1.41, 1.03, 1.31, 1.41, 1.45, 1.38, 1.46, 1.51, 1.84, 1.9, 1.62, 1.39, 1.67, 2.08, 1.87, 2.1, 3.02, 3.52, 3.39, 3.16, 3.09, 3.21, 3.26, 3.37, 4.31, 5.24, 5.71, 6.19, 6.61, 6.01, 6.33, 6.43, 5.51, 4.44, 4.94, 5.7, 5.69, 5.7, 6.07, 6.43, 6.7, 6.37, 6.206, 5.78, 5.88, 5.21, 5.02, 5.14, 5.03], [3.92, 5.26, 5.65, 5.59, 5.26, 5.51, 5.57, 5.63, 6.14, 6.46, 5.54, 5.45, 5.51, 5.24, 5.1, 4.89, 4.88, 5.05, 4.37, 4.14, 4.64, 3.81, 2.16, 0.99, 0, 1.15, 1.37, 1.86, 1.1, 1.15, 1.67, 1.79, 1.99, 1.67, 1.01, 1.38, 1.44, 1.36, 1.14, 1.86, 1.76, 1.56, 1.47, 1.59, 1.64, 2.07, 2.05, 1.77, 1.62, 1.66, 1.93, 1.72, 2.05, 2.93, 3.33, 3.32, 3.21, 3.2, 3.5, 3.65, 3.74, 4.84, 5.83, 6.32, 6.82, 7.12, 6.56, 6.82, 6.94, 6.04, 5.01, 5.43, 6.21, 6.18, 6.23, 6.68, 7.14, 7.41, 7.04, 6.776, 6.41, 6.59, 5.96, 5.73, 5.81, 5.7], [4.81, 6.15, 6.54, 6.46, 6.13, 6.36, 6.42, 6.48, 7.01, 7.33, 6.37, 6.24, 6.34, 6.05, 5.89, 5.56, 5.57, 5.74, 5.16, 4.85, 5.57, 4.78, 3.09, 1.88, 1.15, 0, 1.0, 1.99, 1.67, 1.88, 2.5, 2.46, 2.64, 2.38, 1.78, 1.39, 1.73, 1.79, 1.85, 2.81, 2.65, 2.11, 1.94, 2.0, 1.99, 2.7, 2.48, 2.24, 2.39, 2.25, 2.04, 1.95, 2.32, 2.68, 2.98, 3.27, 3.46, 3.73, 3.97, 4.12, 4.29, 5.57, 6.58, 7.13, 7.61, 7.95, 7.37, 7.63, 7.75, 6.79, 5.72, 6.18, 6.86, 6.81, 6.86, 7.45, 8.03, 8.26, 7.87, 7.563, 7.18, 7.476, 6.826, 6.64, 6.64, 6.53], [4.35, 5.61, 6.0, 5.88, 5.59, 5.96, 5.98, 6.04, 6.41, 6.87, 6.05, 6.02, 6.04, 6.11, 6.01, 5.76, 5.85, 6.0, 5.3, 5.03, 5.61, 4.62, 2.79, 1.86, 1.37, 1.0, 0, 1.41, 1.41, 1.72, 2.3, 2.2, 2.32, 2.16, 1.6, 1.85, 1.85, 1.75, 1.61, 2.39, 2.29, 2.05, 1.86, 1.9, 1.85, 2.3, 2.34, 2.04, 2.01, 1.97, 1.96, 1.75, 2.14, 2.82, 3.26, 3.53, 3.58, 3.73, 4.03, 4.18, 4.33, 5.47, 6.4, 6.85, 7.31, 7.83, 7.15, 7.43, 7.67, 6.83, 5.78, 6.12, 6.92, 6.95, 6.92, 7.23, 7.59, 7.78, 7.41, 7.369, 7.08, 7.04, 6.33, 6.18, 6.26, 6.11], [3.2, 4.36, 4.75, 4.65, 4.44, 4.79, 4.73, 4.77, 5.38, 5.68, 5.04, 5.35, 5.47, 5.76, 5.74, 5.53, 5.74, 5.77, 5.23, 4.96, 5.08, 3.85, 2.18, 1.51, 1.86, 1.99, 1.41, 0, 1.14, 1.55, 1.65, 1.61, 1.77, 1.75, 1.75, 2.62, 2.62, 2.46, 1.82, 1.92, 2.18, 2.44, 2.27, 2.35, 2.34, 2.35, 2.45, 2.15, 1.9, 2.22, 2.49, 2.36, 2.57, 3.49, 4.01, 4.14, 4.01, 4.02, 4.18, 4.29, 4.28, 4.94, 5.75, 6.0, 6.6, 7.22, 6.62, 6.72, 7.1, 6.46, 5.51, 5.85, 6.67, 6.74, 6.61, 6.8, 6.98, 6.99, 6.72, 6.94, 6.77, 6.43, 5.68, 5.47, 5.55, 5.56], [3.3, 4.62, 5.01, 4.93, 4.72, 5.09, 5.01, 5.07, 5.58, 5.9, 4.9, 4.91, 5.03, 5.22, 5.18, 4.97, 5.14, 5.21, 4.53, 4.24, 4.66, 3.77, 2.02, 1.11, 1.1, 1.67, 1.41, 1.14, 0, 0.79, 1.41, 1.55, 1.47, 1.25, 0.95, 1.78, 1.6, 1.36, 0.94, 1.46, 1.5, 1.54, 1.27, 1.35, 1.36, 1.73, 1.65, 1.41, 1.28, 1.2, 1.57, 1.44, 1.71, 2.63, 3.13, 3.22, 3.07, 3.08, 3.34, 3.57, 3.58, 4.42, 5.27, 5.64, 6.2, 6.88, 6.2, 6.4, 6.74, 5.98, 4.95, 5.29, 6.11, 6.16, 6.05, 6.28, 6.62, 6.77, 6.36, 6.479, 6.21, 6.25, 5.46, 5.29, 5.27, 5.2], [3.15, 4.49, 4.88, 4.82, 4.53, 4.9, 4.92, 4.98, 5.37, 5.81, 4.79, 4.62, 4.7, 4.67, 4.57, 4.36, 4.51, 4.6, 3.94, 3.67, 4.13, 3.4, 1.63, 0.84, 1.15, 1.88, 1.72, 1.55, 0.79, 0, 1.08, 1.36, 1.3, 1.04, 0.98, 1.71, 1.49, 1.15, 0.91, 1.41, 1.43, 1.43, 1.24, 1.36, 1.35, 1.72, 1.54, 1.48, 1.39, 1.33, 1.78, 1.49, 1.76, 2.68, 3.2, 3.15, 2.92, 2.81, 2.93, 3.0, 3.09, 4.09, 4.94, 5.41, 5.87, 6.39, 5.75, 6.05, 6.25, 5.41, 4.38, 4.78, 5.58, 5.59, 5.54, 5.77, 6.33, 6.538, 6.11, 5.989, 5.66, 5.88, 5.205, 4.96, 4.94, 4.79], [2.59, 3.89, 4.3, 4.24, 3.95, 4.3, 4.34, 4.38, 4.81, 5.23, 4.19, 4.3, 4.34, 4.57, 4.53, 4.38, 4.57, 4.58, 4.22, 4.01, 3.83, 2.82, 1.39, 1.32, 1.67, 2.5, 2.3, 1.65, 1.41, 1.08, 0, 0.8, 0.72, 1.16, 1.42, 2.29, 2.09, 1.77, 1.59, 1.91, 1.83, 2.07, 1.78, 1.92, 2.11, 2.28, 2.28, 2.04, 1.99, 2.11, 2.54, 2.23, 2.5, 3.46, 3.94, 3.83, 3.54, 3.41, 3.49, 3.48, 3.41, 3.97, 4.74, 5.05, 5.45, 5.89, 5.43, 5.57, 5.83, 5.17, 4.34, 4.8, 5.56, 5.59, 5.5, 5.59, 6.01, 5.98, 5.61, 5.75, 5.58, 5.46, 4.83, 4.52, 4.48, 4.31], [2.65, 3.91, 4.3, 4.24, 3.95, 4.28, 4.32, 4.36, 4.81, 5.21, 4.29, 4.34, 4.4, 4.79, 4.77, 4.58, 4.85, 4.8, 4.5, 4.27, 4.05, 2.92, 1.45, 1.4, 1.79, 2.46, 2.2, 1.61, 1.55, 1.36, 0.8, 0, 0.72, 1.14, 1.46, 2.41, 2.29, 1.85, 1.69, 2.05, 2.03, 2.21, 1.94, 2.16, 2.17, 2.42, 2.42, 2.2, 2.09, 2.31, 2.72, 2.45, 2.78, 3.66, 4.16, 4.01, 3.76, 3.69, 3.77, 3.72, 3.63, 4.09, 4.76, 5.13, 5.53, 5.99, 5.39, 5.63, 5.91, 5.19, 4.5, 4.94, 5.68, 5.71, 5.54, 5.69, 6.03, 6.12, 5.75, 5.73, 5.66, 5.46, 4.87, 4.58, 4.56, 4.47], [2.61, 3.87, 4.28, 4.22, 4.03, 4.4, 4.36, 4.4, 4.85, 5.25, 4.19, 4.04, 4.12, 4.51, 4.55, 4.34, 4.59, 4.56, 4.3, 4.09, 3.85, 2.96, 1.61, 1.6, 1.99, 2.64, 2.32, 1.77, 1.47, 1.3, 0.72, 0.72, 0, 0.96, 1.48, 2.41, 2.21, 1.73, 1.65, 2.03, 2.05, 2.15, 1.86, 1.96, 2.07, 2.34, 2.28, 2.08, 2.07, 2.05, 2.46, 2.15, 2.46, 3.4, 3.88, 3.87, 3.56, 3.47, 3.55, 3.5, 3.33, 3.71, 4.5, 4.85, 5.27, 5.89, 5.23, 5.45, 5.75, 4.99, 4.14, 4.52, 5.3, 5.35, 5.24, 5.37, 5.83, 5.92, 5.51, 5.47, 5.38, 5.38, 4.67, 4.44, 4.38, 4.23], [3.07, 4.35, 4.76, 4.68, 4.47, 4.84, 4.82, 4.86, 5.29, 5.71, 4.63, 4.32, 4.34, 4.45, 4.43, 4.26, 4.49, 4.48, 4.0, 3.73, 3.93, 3.36, 1.69, 1.42, 1.67, 2.38, 2.16, 1.75, 1.25, 1.04, 1.16, 1.14, 0.96, 0, 1.14, 1.93, 1.69, 1.43, 1.33, 1.63, 1.75, 1.81, 1.56, 1.62, 1.83, 2.26, 2.08, 1.86, 1.77, 1.59, 2.04, 1.73, 1.92, 2.88, 3.26, 3.21, 3.06, 2.97, 3.17, 3.12, 3.17, 3.79, 4.64, 5.03, 5.45, 5.95, 5.27, 5.57, 5.83, 4.97, 4.12, 4.54, 5.3, 5.35, 5.26, 5.39, 6.19, 6.346, 5.788, 5.47, 5.44, 5.74, 5.09, 4.84, 4.78, 4.55], [3.67, 4.97, 5.36, 5.28, 5.05, 5.42, 5.42, 5.48, 5.89, 6.31, 5.25, 4.92, 4.94, 4.91, 4.87, 4.64, 4.81, 4.88, 4.2, 3.91, 4.39, 3.82, 2.07, 1.24, 1.01, 1.78, 1.6, 1.75, 0.95, 0.98, 1.42, 1.46, 1.48, 1.14, 0, 1.39, 1.33, 1.17, 1.07, 1.61, 1.61, 1.65, 1.3, 1.32, 1.61, 2.08, 1.84, 1.58, 1.49, 1.41, 1.64, 1.47, 1.86, 2.68, 3.18, 3.19, 3.12, 3.03, 3.35, 3.3, 3.41, 4.41, 5.38, 5.83, 6.17, 6.61, 5.99, 6.27, 6.43, 5.61, 4.58, 5.0, 5.8, 5.81, 5.82, 6.07, 6.79, 6.906, 6.27, 6.169, 5.94, 6.26, 5.65, 5.34, 5.34, 5.05], [4.82, 6.1, 6.49, 6.43, 6.1, 6.41, 6.47, 6.53, 6.98, 7.36, 6.3, 5.75, 5.71, 5.2, 5.04, 4.71, 4.72, 4.93, 4.19, 3.96, 5.0, 4.61, 2.94, 1.85, 1.38, 1.39, 1.85, 2.62, 1.78, 1.71, 2.29, 2.41, 2.41, 1.93, 1.39, 0, 0.98, 1.3, 1.7, 2.58, 2.52, 1.98, 1.59, 1.75, 1.96, 2.65, 2.11, 1.89, 2.108, 1.64, 1.49, 1.4, 1.59, 1.91, 2.39, 2.52, 2.73, 2.96, 3.32, 3.39, 3.6, 4.84, 6.05, 6.6, 6.86, 7.2, 6.58, 7.06, 7.08, 6.04, 4.93, 5.41, 6.09, 6.04, 6.03, 6.58, 7.751, 7.964, 7.32, 6.75, 6.49, 7.336, 6.708, 6.47, 6.415, 6.1], [4.26, 5.58, 5.97, 5.87, 5.54, 5.87, 5.93, 5.99, 6.42, 6.82, 5.76, 5.25, 5.17, 4.84, 4.62, 4.25, 4.3, 4.47, 3.77, 3.6, 4.66, 4.25, 2.52, 1.59, 1.44, 1.73, 1.85, 2.62, 1.6, 1.49, 2.09, 2.29, 2.21, 1.69, 1.33, 0.98, 0, 1.04, 1.28, 2.08, 1.98, 1.52, 1.07, 1.27, 1.48, 2.11, 1.69, 1.51, 1.7, 1.36, 1.11, 1.0, 1.41, 1.71, 2.23, 2.22, 2.53, 2.7, 3.1, 2.99, 3.24, 4.4, 5.53, 6.02, 6.08, 6.52, 6.04, 6.38, 6.44, 5.52, 4.45, 4.87, 5.61, 5.56, 5.53, 5.96, 7.218, 7.439, 6.654, 6.156, 6.07, 6.825, 6.195, 5.95, 5.867, 5.54], [3.74, 5.06, 5.45, 5.33, 5.0, 5.37, 5.41, 5.47, 5.86, 6.3, 5.24, 4.95, 5.05, 4.86, 4.66, 4.39, 4.46, 4.61, 3.95, 3.66, 4.48, 3.83, 2.1, 1.41, 1.36, 1.79, 1.75, 2.46, 1.36, 1.15, 1.77, 1.85, 1.73, 1.43, 1.17, 1.3, 1.04, 0, 0.9, 1.7, 1.58, 1.06, 0.75, 0.89, 1.04, 1.57, 1.37, 1.11, 1.5, 1.26, 1.35, 1.12, 1.37, 2.25, 2.71, 2.56, 2.33, 2.42, 2.68, 2.87, 3.1, 4.3, 5.21, 5.78, 6.18, 6.68, 6.0, 6.34, 6.48, 5.54, 4.49, 4.85, 5.61, 5.6, 5.55, 6.0, 6.74, 6.95, 6.48, 6.136, 5.81, 6.23, 5.635, 5.37, 5.33, 5.16], [3.3, 4.62, 5.01, 4.89, 4.56, 4.93, 4.95, 5.01, 5.42, 5.84, 4.94, 4.85, 4.89, 4.86, 4.76, 4.53, 4.66, 4.81, 4.11, 3.82, 4.38, 3.51, 1.7, 1.03, 1.14, 1.85, 1.61, 1.82, 0.94, 0.91, 1.59, 1.69, 1.65, 1.33, 1.07, 1.7, 1.28, 0.9, 0, 1.18, 1.36, 1.04, 0.93, 0.97, 0.98, 1.37, 1.29, 0.99, 0.98, 1.12, 1.41, 1.2, 1.45, 2.37, 2.81, 2.84, 2.67, 2.62, 2.8, 3.03, 3.16, 4.22, 5.11, 5.62, 6.04, 6.62, 5.94, 6.24, 6.42, 5.6, 4.53, 4.91, 5.73, 5.74, 5.65, 5.98, 6.38, 6.63, 6.26, 6.136, 5.79, 5.93, 5.26, 5.01, 5.03, 4.92], [2.54, 3.78, 4.13, 4.01, 3.68, 3.97, 4.05, 4.09, 4.54, 4.96, 4.08, 4.19, 4.19, 4.28, 4.22, 4.01, 4.2, 4.33, 3.69, 3.42, 3.72, 2.65, 1.24, 1.31, 1.86, 2.81, 2.39, 1.92, 1.46, 1.41, 1.91, 2.05, 2.03, 1.63, 1.61, 2.58, 2.08, 1.7, 1.18, 0, 0.72, 1.22, 1.37, 1.39, 1.38, 1.39, 1.59, 1.59, 1.22, 1.56, 2.09, 1.86, 1.97, 3.05, 3.23, 2.94, 2.57, 2.36, 2.52, 2.69, 2.78, 3.66, 4.53, 4.86, 5.36, 5.84, 5.22, 5.46, 5.7, 5.0, 4.01, 4.43, 5.25, 5.24, 5.17, 5.36, 5.62, 5.77, 5.48, 5.48, 5.25, 5.13, 4.48, 4.15, 4.23, 4.16], [2.56, 3.78, 4.13, 4.05, 3.76, 4.03, 4.13, 4.19, 4.56, 5.02, 4.08, 4.15, 4.21, 4.26, 4.2, 3.99, 4.18, 4.29, 3.63, 3.34, 3.72, 2.61, 1.26, 1.41, 1.76, 2.65, 2.29, 2.18, 1.5, 1.43, 1.83, 2.03, 2.05, 1.75, 1.61, 2.52, 1.98, 1.58, 1.36, 0.72, 0, 0.96, 1.23, 1.23, 1.16, 1.17, 1.43, 1.55, 1.32, 1.46, 2.05, 1.74, 1.91, 3.03, 3.19, 2.74, 2.33, 2.12, 2.42, 2.61, 2.76, 3.66, 4.53, 4.88, 5.36, 5.78, 5.24, 5.46, 5.74, 5.0, 3.99, 4.45, 5.27, 5.24, 5.19, 5.26, 5.62, 5.69, 5.42, 5.5, 5.21, 5.03, 4.34, 4.11, 4.21, 4.16], [3.08, 4.36, 4.75, 4.65, 4.3, 4.61, 4.69, 4.75, 5.16, 5.58, 4.64, 4.63, 4.69, 4.52, 4.4, 4.11, 4.22, 4.39, 3.69, 3.4, 4.1, 3.15, 1.6, 1.45, 1.56, 2.11, 2.05, 2.44, 1.54, 1.43, 2.07, 2.21, 2.15, 1.81, 1.65, 1.98, 1.52, 1.06, 1.04, 1.22, 0.96, 0, 0.71, 0.85, 0.8, 1.01, 1.05, 1.09, 1.26, 1.18, 1.59, 1.42, 1.55, 2.57, 2.83, 2.46, 1.97, 2.04, 2.32, 2.61, 2.82, 3.96, 4.83, 5.3, 5.8, 6.28, 5.66, 5.98, 6.16, 5.3, 4.25, 4.67, 5.43, 5.4, 5.35, 5.64, 6.1, 6.31, 6.0, 5.82, 5.43, 5.59, 4.94, 4.71, 4.71, 4.7], [3.45, 4.77, 5.16, 5.06, 4.69, 5.02, 5.12, 5.18, 5.57, 6.01, 4.95, 4.88, 4.92, 4.87, 4.71, 4.4, 4.51, 4.7, 4.02, 3.69, 4.41, 3.64, 1.95, 1.38, 1.47, 1.94, 1.86, 2.27, 1.27, 1.24, 1.78, 1.94, 1.86, 1.56, 1.3, 1.59, 1.07, 0.75, 0.93, 1.37, 1.23, 0.71, 0, 0.48, 0.81, 1.22, 1.08, 0.86, 1.15, 1.03, 1.3, 1.07, 1.2, 2.32, 2.72, 2.39, 2.12, 2.23, 2.53, 2.82, 3.03, 4.19, 5.06, 5.55, 5.99, 6.49, 5.89, 6.17, 6.43, 5.63, 4.56, 4.94, 5.72, 5.67, 5.6, 5.89, 6.37, 6.58, 6.21, 6.11, 5.76, 6.0, 5.31, 5.06, 5.0, 4.91], [3.31, 4.63, 5.02, 4.9, 4.67, 5.02, 5.04, 5.1, 5.51, 5.93, 4.89, 4.82, 4.88, 4.93, 4.77, 4.44, 4.55, 4.74, 4.08, 3.75, 4.45, 3.62, 1.97, 1.46, 1.59, 2.0, 1.9, 2.35, 1.35, 1.36, 1.92, 2.16, 1.96, 1.62, 1.32, 1.75, 1.27, 0.89, 0.97, 1.39, 1.23, 0.85, 0.48, 0, 0.61, 1.16, 1.02, 0.86, 1.19, 1.11, 1.44, 1.15, 1.32, 2.28, 2.68, 2.47, 2.2, 2.25, 2.57, 2.82, 3.01, 4.15, 5.02, 5.51, 5.99, 6.59, 5.93, 6.19, 6.47, 5.63, 4.46, 4.84, 5.58, 5.57, 5.56, 5.91, 6.33, 6.48, 6.07, 6.106, 5.82, 5.92, 5.17, 4.94, 5.0, 4.85], [3.08, 4.4, 4.79, 4.69, 4.46, 4.81, 4.81, 4.85, 5.3, 5.68, 4.76, 4.69, 4.79, 4.9, 4.76, 4.49, 4.6, 4.79, 4.09, 3.8, 4.42, 3.47, 1.8, 1.51, 1.64, 1.99, 1.85, 2.34, 1.36, 1.35, 2.11, 2.17, 2.07, 1.83, 1.61, 1.96, 1.48, 1.04, 0.98, 1.38, 1.16, 0.8, 0.81, 0.61, 0, 0.87, 0.79, 0.95, 1.16, 1.06, 1.39, 1.08, 1.37, 2.23, 2.59, 2.48, 2.13, 2.34, 2.62, 2.87, 3.02, 4.04, 4.91, 5.38, 5.88, 6.54, 5.86, 6.06, 6.4, 5.6, 4.47, 4.81, 5.61, 5.62, 5.57, 5.9, 6.28, 6.43, 6.0, 6.076, 5.79, 5.79, 5.02, 4.87, 4.91, 4.82], [2.51, 3.71, 4.12, 4.14, 3.85, 4.12, 4.08, 4.12, 4.63, 4.91, 4.21, 4.42, 4.54, 4.67, 4.55, 4.32, 4.43, 4.62, 3.92, 3.63, 4.21, 3.14, 1.73, 1.84, 2.07, 2.7, 2.3, 2.35, 1.73, 1.72, 2.28, 2.42, 2.34, 2.26, 2.08, 2.65, 2.11, 1.57, 1.37, 1.39, 1.17, 1.01, 1.22, 1.16, 0.87, 0, 0.84, 1.1, 1.09, 1.37, 1.78, 1.61, 1.76, 2.78, 3.04, 2.69, 2.16, 2.21, 2.53, 2.76, 2.85, 3.77, 4.54, 4.95, 5.55, 6.25, 5.57, 5.77, 6.13, 5.41, 4.32, 4.66, 5.5, 5.51, 5.38, 5.67, 5.87, 6.06, 5.69, 5.83, 5.52, 5.46, 4.65, 4.5, 4.6, 4.53], [3.03, 4.33, 4.72, 4.7, 4.47, 4.76, 4.64, 4.7, 5.23, 5.49, 4.63, 4.74, 4.86, 4.97, 4.85, 4.6, 4.73, 4.9, 4.2, 3.91, 4.53, 3.64, 2.07, 1.9, 2.05, 2.48, 2.34, 2.45, 1.65, 1.54, 2.28, 2.42, 2.28, 2.08, 1.84, 2.11, 1.69, 1.37, 1.29, 1.59, 1.43, 1.05, 1.08, 1.02, 0.79, 0.84, 0, 0.72, 1.11, 1.05, 1.4, 1.23, 1.46, 2.36, 2.78, 2.55, 2.26, 2.47, 2.85, 3.06, 3.15, 4.09, 4.84, 5.27, 5.87, 6.57, 5.89, 6.09, 6.45, 5.75, 4.66, 5.0, 5.82, 5.83, 5.7, 5.97, 6.33, 6.5, 6.03, 6.13, 5.82, 5.94, 5.19, 5.0, 5.02, 4.95], [3.27, 4.55, 4.96, 4.94, 4.63, 4.96, 4.88, 4.94, 5.47, 5.73, 4.85, 4.96, 5.08, 5.21, 5.05, 4.74, 4.85, 5.04, 4.38, 4.05, 4.73, 3.86, 2.15, 1.62, 1.77, 2.24, 2.04, 2.15, 1.41, 1.48, 2.04, 2.2, 2.08, 1.86, 1.58, 1.89, 1.51, 1.11, 0.99, 1.59, 1.55, 1.09, 0.86, 0.86, 0.95, 1.1, 0.72, 0, 0.95, 1.07, 1.32, 1.11, 1.18, 2.1, 2.6, 2.37, 2.28, 2.59, 2.85, 3.1, 3.27, 4.29, 5.06, 5.53, 6.11, 6.81, 6.13, 6.33, 6.69, 5.97, 4.84, 5.2, 5.98, 5.97, 5.84, 6.19, 6.43, 6.66, 6.23, 6.35, 6.02, 6.14, 5.37, 5.16, 5.18, 5.11], [3.02, 4.32, 4.71, 4.67, 4.36, 4.63, 4.57, 4.63, 5.2, 5.42, 4.54, 4.57, 4.67, 4.82, 4.66, 4.45, 4.58, 4.77, 4.07, 3.78, 4.32, 3.49, 1.76, 1.39, 1.62, 2.39, 2.01, 1.9, 1.28, 1.39, 1.99, 2.09, 2.07, 1.77, 1.49, 2.108, 1.7, 1.5, 0.98, 1.22, 1.32, 1.26, 1.15, 1.19, 1.16, 1.09, 1.11, 0.95, 0, 0.9, 1.33, 1.12, 1.37, 2.33, 2.63, 2.5, 2.45, 2.48, 2.72, 2.95, 3.0, 3.9, 4.67, 5.22, 5.72, 6.38, 5.72, 5.9, 6.28, 5.6, 4.51, 4.85, 5.69, 5.7, 5.55, 5.84, 6.16, 6.33, 5.84, 5.98, 5.65, 5.83, 5.0, 4.85, 4.87, 4.72], [3.58, 4.86, 5.25, 5.17, 4.86, 5.21, 5.15, 5.21, 5.7, 6.02, 4.98, 4.71, 4.83, 4.76, 4.6, 4.37, 4.5, 4.71, 4.03, 3.74, 4.46, 3.89, 2.16, 1.67, 1.66, 2.25, 1.97, 2.22, 1.2, 1.33, 2.11, 2.31, 2.05, 1.59, 1.41, 1.64, 1.36, 1.26, 1.12, 1.56, 1.46, 1.18, 1.03, 1.11, 1.06, 1.37, 1.05, 1.07, 0.9, 0, 0.71, 0.68, 0.93, 1.89, 2.31, 2.32, 2.09, 2.26, 2.74, 2.89, 3.0, 3.9, 4.75, 5.24, 5.74, 6.44, 5.74, 5.96, 6.34, 5.46, 4.37, 4.71, 5.53, 5.54, 5.43, 5.7, 6.44, 6.63, 5.98, 5.88, 5.59, 6.11, 5.36, 5.17, 5.13, 4.94], [4.19, 5.47, 5.86, 5.76, 5.45, 5.78, 5.72, 5.78, 6.29, 6.59, 5.55, 5.18, 5.26, 5.07, 4.85, 4.52, 4.61, 4.86, 4.18, 3.97, 4.93, 4.42, 2.71, 2.08, 1.93, 2.04, 1.96, 2.49, 1.57, 1.78, 2.54, 2.72, 2.46, 2.04, 1.64, 1.49, 1.11, 1.35, 1.41, 2.09, 2.05, 1.59, 1.3, 1.44, 1.39, 1.78, 1.4, 1.32, 1.33, 0.71, 0, 0.65, 1.0, 1.48, 1.9, 2.07, 2.18, 2.57, 3.13, 3.12, 3.31, 4.15, 5.22, 5.61, 5.93, 6.61, 5.99, 6.11, 6.61, 5.67, 4.56, 4.9, 5.7, 5.69, 5.58, 5.91, 6.97, 7.2, 6.37, 6.13, 5.96, 6.64, 5.91, 5.72, 5.68, 5.43], [3.94, 5.22, 5.59, 5.45, 5.14, 5.49, 5.49, 5.53, 5.98, 6.36, 5.32, 4.91, 5.01, 5.0, 4.82, 4.55, 4.64, 4.87, 4.21, 3.88, 4.66, 4.13, 2.38, 1.87, 1.72, 1.95, 1.75, 2.36, 1.44, 1.49, 2.23, 2.45, 2.15, 1.73, 1.47, 1.4, 1.0, 1.12, 1.2, 1.86, 1.74, 1.42, 1.07, 1.15, 1.08, 1.61, 1.23, 1.11, 1.12, 0.68, 0.65, 0, 0.77, 1.53, 1.97, 2.1, 2.11, 2.44, 2.88, 2.95, 3.14, 4.06, 4.99, 5.52, 5.9, 6.58, 5.88, 6.12, 6.46, 5.66, 4.57, 4.93, 5.71, 5.68, 5.61, 5.92, 6.68, 6.87, 6.16, 6.04, 5.81, 6.33, 5.58, 5.37, 5.35, 5.1], [3.99, 5.27, 5.58, 5.44, 5.15, 5.48, 5.46, 5.5, 5.95, 6.31, 5.31, 5.08, 5.16, 4.95, 4.71, 4.34, 4.41, 4.74, 4.04, 3.83, 4.81, 4.22, 2.47, 2.1, 2.05, 2.32, 2.14, 2.57, 1.71, 1.76, 2.5, 2.78, 2.46, 1.92, 1.86, 1.59, 1.41, 1.37, 1.45, 1.97, 1.91, 1.55, 1.2, 1.32, 1.37, 1.76, 1.46, 1.18, 1.37, 0.93, 1.0, 0.77, 0, 1.36, 1.76, 1.67, 1.72, 2.17, 2.69, 2.84, 3.09, 4.07, 5.04, 5.41, 5.89, 6.63, 5.95, 6.13, 6.59, 5.55, 4.36, 4.76, 5.44, 5.39, 5.34, 5.81, 6.75, 6.88, 6.21, 6.09, 5.88, 6.44, 5.69, 5.46, 5.4, 5.23], [5.15, 6.43, 6.76, 6.64, 6.29, 6.58, 6.56, 6.58, 7.13, 7.39, 6.39, 5.9, 5.86, 5.51, 5.27, 4.9, 4.79, 5.26, 4.48, 4.53, 5.75, 5.24, 3.57, 3.02, 2.93, 2.68, 2.82, 3.49, 2.63, 2.68, 3.46, 3.66, 3.4, 2.88, 2.68, 1.91, 1.71, 2.25, 2.37, 3.05, 3.03, 2.57, 2.32, 2.28, 2.23, 2.78, 2.36, 2.1, 2.33, 1.89, 1.48, 1.53, 1.36, 0, 0.94, 1.29, 2.3, 3.03, 3.49, 3.58, 3.81, 4.75, 5.9, 6.35, 6.39, 7.03, 6.57, 6.77, 7.09, 6.05, 4.66, 5.04, 5.78, 5.65, 5.64, 6.31, 7.77, 7.98, 7.11, 6.65, 6.64, 7.455, 6.71, 6.48, 6.44, 6.11], [5.37, 6.65, 7.02, 6.88, 6.49, 6.62, 6.66, 6.7, 7.33, 7.57, 6.53, 5.96, 5.98, 5.59, 5.39, 5.0, 4.85, 5.42, 4.74, 4.65, 5.79, 5.32, 3.79, 3.52, 3.33, 2.98, 3.26, 4.01, 3.13, 3.2, 3.94, 4.16, 3.88, 3.26, 3.18, 2.39, 2.23, 2.71, 2.81, 3.23, 3.19, 2.83, 2.72, 2.68, 2.59, 3.04, 2.78, 2.6, 2.63, 2.31, 1.9, 1.97, 1.76, 0.94, 0, 1.13, 2.34, 3.05, 3.53, 3.64, 3.79, 4.79, 5.96, 6.45, 6.61, 7.15, 6.63, 6.79, 7.25, 6.29, 4.92, 5.32, 6.08, 5.93, 5.92, 6.51, 7.91, 8.06, 7.21, 6.85, 6.68, 7.52, 6.77, 6.56, 6.52, 6.21], [4.88, 6.12, 6.39, 6.29, 5.86, 5.79, 5.93, 5.99, 6.6, 6.9, 5.88, 5.47, 5.51, 4.92, 4.76, 4.37, 4.3, 4.87, 4.19, 4.06, 5.1, 4.61, 3.38, 3.39, 3.32, 3.27, 3.53, 4.14, 3.22, 3.15, 3.83, 4.01, 3.87, 3.21, 3.19, 2.52, 2.22, 2.56, 2.84, 2.94, 2.74, 2.46, 2.39, 2.47, 2.48, 2.69, 2.55, 2.37, 2.5, 2.32, 2.07, 2.1, 1.67, 1.29, 1.13, 0, 1.41, 2.18, 2.8, 3.03, 3.28, 4.32, 5.29, 5.72, 6.06, 6.6, 6.12, 6.26, 6.76, 5.78, 4.53, 5.09, 5.75, 5.6, 5.57, 6.04, 7.28, 7.35, 6.66, 6.44, 6.17, 6.89, 6.18, 5.95, 5.87, 5.6], [3.93, 5.17, 5.42, 5.28, 4.91, 4.7, 4.74, 4.98, 5.59, 5.81, 4.75, 4.46, 4.5, 3.95, 3.83, 3.48, 3.47, 4.0, 3.42, 3.17, 4.09, 3.52, 2.93, 3.16, 3.21, 3.46, 3.58, 4.01, 3.07, 2.92, 3.54, 3.76, 3.56, 3.06, 3.12, 2.73, 2.53, 2.33, 2.67, 2.57, 2.33, 1.97, 2.12, 2.2, 2.13, 2.16, 2.26, 2.28, 2.45, 2.09, 2.18, 2.11, 1.72, 2.3, 2.34, 1.41, 0, 1.11, 1.75, 2.02, 2.33, 3.31, 4.22, 4.67, 5.19, 5.75, 5.19, 5.37, 5.85, 4.93, 3.78, 4.38, 5.08, 4.95, 4.86, 5.19, 6.15, 6.24, 5.69, 5.55, 5.2, 5.78, 5.07, 4.84, 4.78, 4.59], [3.58, 4.58, 4.79, 4.57, 4.3, 4.09, 4.09, 4.35, 4.96, 5.18, 4.08, 3.59, 3.55, 3.12, 3.02, 2.75, 2.76, 3.17, 2.67, 2.38, 3.2, 2.89, 2.74, 3.09, 3.2, 3.73, 3.73, 4.02, 3.08, 2.81, 3.41, 3.69, 3.47, 2.97, 3.03, 2.96, 2.7, 2.42, 2.62, 2.36, 2.12, 2.04, 2.23, 2.25, 2.34, 2.21, 2.47, 2.59, 2.48, 2.26, 2.57, 2.44, 2.17, 3.03, 3.05, 2.18, 1.11, 0, 0.88, 1.19, 1.52, 2.5, 3.43, 3.94, 4.4, 4.86, 4.32, 4.56, 4.9, 4.04, 3.05, 3.65, 4.39, 4.28, 4.17, 4.4, 5.26, 5.41, 4.78, 4.64, 4.23, 4.888, 4.18, 3.97, 3.87, 3.56], [3.44, 4.1, 4.35, 4.13, 3.88, 3.71, 3.71, 3.95, 4.48, 4.66, 3.58, 3.09, 3.05, 2.8, 2.68, 2.53, 2.52, 2.77, 2.39, 2.04, 2.86, 2.69, 2.8, 3.21, 3.5, 3.97, 4.03, 4.18, 3.34, 2.93, 3.49, 3.77, 3.55, 3.17, 3.35, 3.32, 3.1, 2.68, 2.8, 2.52, 2.42, 2.32, 2.53, 2.57, 2.62, 2.53, 2.85, 2.85, 2.72, 2.74, 3.13, 2.88, 2.69, 3.49, 3.53, 2.8, 1.75, 0.88, 0, 0.81, 1.12, 2.16, 2.99, 3.52, 3.96, 4.4, 3.86, 4.16, 4.38, 3.58, 2.81, 3.39, 4.11, 4.0, 3.91, 4.0, 4.68, 4.845, 4.32, 4.22, 3.73, 4.305, 3.595, 3.37, 3.27, 3.02], [3.43, 4.09, 4.3, 4.06, 3.89, 3.76, 3.78, 3.98, 4.43, 4.61, 3.55, 2.96, 2.78, 2.55, 2.31, 2.16, 2.15, 2.42, 2.04, 1.73, 2.65, 2.62, 2.81, 3.26, 3.65, 4.12, 4.18, 4.29, 3.57, 3.0, 3.48, 3.72, 3.5, 3.12, 3.3, 3.39, 2.99, 2.87, 3.03, 2.69, 2.61, 2.61, 2.82, 2.82, 2.87, 2.76, 3.06, 3.1, 2.95, 2.89, 3.12, 2.95, 2.84, 3.58, 3.64, 3.03, 2.02, 1.19, 0.81, 0, 0.83, 1.75, 2.86, 3.37, 3.69, 4.11, 3.47, 3.81, 3.97, 3.13, 2.32, 2.94, 3.7, 3.59, 3.5, 3.69, 4.61, 4.805, 4.11, 3.79, 3.44, 4.186, 3.55, 3.34, 3.26, 2.93], [3.3, 3.82, 3.97, 3.73, 3.68, 3.43, 3.45, 3.69, 4.1, 4.28, 3.18, 2.57, 2.39, 2.24, 2.04, 1.89, 1.86, 2.19, 1.95, 1.6, 2.34, 2.47, 2.9, 3.37, 3.74, 4.29, 4.33, 4.28, 3.58, 3.09, 3.41, 3.63, 3.33, 3.17, 3.41, 3.6, 3.24, 3.1, 3.16, 2.78, 2.76, 2.82, 3.03, 3.01, 3.02, 2.85, 3.15, 3.27, 3.0, 3.0, 3.31, 3.14, 3.09, 3.81, 3.79, 3.28, 2.33, 1.52, 1.12, 0.83, 0, 1.44, 2.57, 3.16, 3.5, 3.92, 3.2, 3.58, 3.74, 2.96, 2.21, 2.69, 3.41, 3.34, 3.23, 3.48, 4.406, 4.593, 3.86, 3.56, 3.27, 3.993, 3.36, 3.13, 3.07, 2.72], [3.06, 3.46, 3.49, 3.17, 3.18, 2.91, 2.83, 3.23, 3.34, 3.3, 2.16, 1.53, 1.51, 1.56, 1.48, 1.51, 1.56, 1.63, 1.97, 1.7, 1.64, 2.51, 3.4, 4.31, 4.84, 5.57, 5.47, 4.94, 4.42, 4.09, 3.97, 4.09, 3.71, 3.79, 4.41, 4.84, 4.4, 4.3, 4.22, 3.66, 3.66, 3.96, 4.19, 4.15, 4.04, 3.77, 4.09, 4.29, 3.9, 3.9, 4.15, 4.06, 4.07, 4.75, 4.79, 4.32, 3.31, 2.5, 2.16, 1.75, 1.44, 0, 1.41, 1.9, 2.28, 2.74, 2.1, 2.4, 2.72, 2.02, 1.97, 2.35, 2.95, 2.82, 2.73, 2.36, 3.4, 3.599, 2.78, 2.46, 2.27, 3.05, 2.5, 2.25, 2.23, 2.0], [3.41, 3.19, 3.14, 2.78, 2.49, 2.32, 2.5, 2.64, 2.41, 2.33, 1.57, 1.2, 1.4, 2.03, 1.83, 2.02, 2.23, 2.14, 2.86, 2.53, 1.71, 2.86, 4.15, 5.24, 5.83, 6.58, 6.4, 5.75, 5.27, 4.94, 4.74, 4.76, 4.5, 4.64, 5.38, 6.05, 5.53, 5.21, 5.11, 4.53, 4.53, 4.83, 5.06, 5.02, 4.91, 4.54, 4.84, 5.06, 4.67, 4.75, 5.22, 4.99, 5.04, 5.9, 5.96, 5.29, 4.22, 3.43, 2.99, 2.86, 2.57, 1.41, 0, 0.73, 1.23, 1.87, 1.29, 1.51, 1.97, 1.65, 2.84, 2.9, 2.98, 2.87, 2.68, 1.81, 2.17, 2.315, 1.61, 1.71, 1.44, 2.1, 1.71, 1.5, 1.42, 1.47], [3.66, 3.34, 3.17, 2.77, 2.6, 2.49, 2.77, 2.69, 2.36, 2.22, 1.74, 1.61, 1.65, 2.4, 2.3, 2.43, 2.68, 2.51, 3.23, 2.98, 2.02, 3.13, 4.48, 5.71, 6.32, 7.13, 6.85, 6.0, 5.64, 5.41, 5.05, 5.13, 4.85, 5.03, 5.83, 6.6, 6.02, 5.78, 5.62, 4.86, 4.88, 5.3, 5.55, 5.51, 5.38, 4.95, 5.27, 5.53, 5.22, 5.24, 5.61, 5.52, 5.41, 6.35, 6.45, 5.72, 4.67, 3.94, 3.52, 3.37, 3.16, 1.9, 0.73, 0, 0.8, 1.46, 1.08, 1.28, 1.78, 1.7, 3.29, 3.29, 3.25, 3.14, 3.03, 1.88, 1.82, 1.95, 1.38, 1.68, 1.51, 1.93, 1.74, 1.57, 1.45, 1.62], [4.2, 3.76, 3.57, 3.19, 3.04, 2.97, 3.21, 3.19, 2.54, 2.46, 2.08, 1.77, 1.65, 2.38, 2.32, 2.51, 2.74, 2.45, 3.17, 3.1, 2.4, 3.61, 4.94, 6.19, 6.82, 7.61, 7.31, 6.6, 6.2, 5.87, 5.45, 5.53, 5.27, 5.45, 6.17, 6.86, 6.08, 6.18, 6.04, 5.36, 5.36, 5.8, 5.99, 5.99, 5.88, 5.55, 5.87, 6.11, 5.72, 5.74, 5.93, 5.9, 5.89, 6.39, 6.61, 6.06, 5.19, 4.4, 3.96, 3.69, 3.5, 2.28, 1.23, 0.8, 0, 1.04, 0.96, 0.96, 1.3, 1.6, 3.29, 3.31, 3.07, 2.98, 2.83, 1.68, 1.78, 1.83, 1.3, 1.3, 1.39, 1.95, 1.84, 1.73, 1.51, 1.52], [4.84, 4.3, 3.99, 3.61, 3.48, 3.35, 3.65, 3.65, 2.68, 2.62, 2.64, 2.35, 2.21, 2.6, 2.5, 2.85, 2.94, 2.63, 3.47, 3.42, 2.7, 3.91, 5.36, 6.61, 7.12, 7.95, 7.83, 7.22, 6.88, 6.39, 5.89, 5.99, 5.89, 5.95, 6.61, 7.2, 6.52, 6.68, 6.62, 5.84, 5.78, 6.28, 6.49, 6.59, 6.54, 6.25, 6.57, 6.81, 6.38, 6.44, 6.61, 6.58, 6.63, 7.03, 7.15, 6.6, 5.75, 4.86, 4.4, 4.11, 3.92, 2.74, 1.87, 1.46, 1.04, 0, 0.88, 0.8, 1.04, 1.76, 3.57, 3.65, 3.25, 3.08, 2.91, 1.56, 2.02, 2.07, 1.66, 1.56, 1.63, 2.11, 2.18, 2.21, 1.99, 2.0], [4.3, 3.86, 3.57, 3.11, 3.02, 3.01, 3.25, 3.21, 2.46, 2.46, 2.28, 1.85, 1.77, 2.22, 2.14, 2.49, 2.66, 2.39, 3.15, 2.96, 2.3, 3.51, 4.82, 6.01, 6.56, 7.37, 7.15, 6.62, 6.2, 5.75, 5.43, 5.39, 5.23, 5.27, 5.99, 6.58, 6.04, 6.0, 5.94, 5.22, 5.24, 5.66, 5.89, 5.93, 5.86, 5.57, 5.89, 6.13, 5.72, 5.74, 5.99, 5.88, 5.95, 6.57, 6.63, 6.12, 5.19, 4.32, 3.86, 3.47, 3.2, 2.1, 1.29, 1.08, 0.96, 0.88, 0, 0.8, 0.86, 1.38, 3.15, 3.21, 2.93, 2.84, 2.73, 1.42, 1.88, 1.89, 1.36, 1.32, 1.29, 1.89, 1.84, 1.73, 1.49, 1.46], [4.34, 3.8, 3.51, 3.11, 3.08, 2.97, 3.13, 3.15, 2.4, 2.26, 2.22, 1.97, 2.07, 2.58, 2.44, 2.75, 2.92, 2.65, 3.43, 3.3, 2.5, 3.61, 5.06, 6.33, 6.82, 7.63, 7.43, 6.72, 6.4, 6.05, 5.57, 5.63, 5.45, 5.57, 6.27, 7.06, 6.38, 6.34, 6.24, 5.46, 5.46, 5.98, 6.17, 6.19, 6.06, 5.77, 6.09, 6.33, 5.9, 5.96, 6.11, 6.12, 6.13, 6.77, 6.79, 6.26, 5.37, 4.56, 4.16, 3.81, 3.58, 2.4, 1.51, 1.28, 0.96, 0.8, 0.8, 0, 0.98, 1.76, 3.55, 3.57, 3.15, 3.08, 2.89, 1.52, 1.88, 1.81, 1.36, 1.6, 1.57, 1.83, 1.86, 1.85, 1.63, 1.64], [4.72, 4.28, 3.99, 3.53, 3.44, 3.41, 3.67, 3.63, 2.66, 2.6, 2.54, 2.19, 2.09, 2.42, 2.34, 2.93, 3.0, 2.57, 3.41, 3.36, 2.74, 3.85, 5.26, 6.43, 6.94, 7.75, 7.67, 7.1, 6.74, 6.25, 5.83, 5.91, 5.75, 5.83, 6.43, 7.08, 6.44, 6.48, 6.42, 5.7, 5.74, 6.16, 6.43, 6.47, 6.4, 6.13, 6.45, 6.69, 6.28, 6.34, 6.61, 6.46, 6.59, 7.09, 7.25, 6.76, 5.85, 4.9, 4.38, 3.97, 3.74, 2.72, 1.97, 1.78, 1.3, 1.04, 0.86, 0.98, 0, 1.44, 3.27, 3.35, 2.83, 2.78, 2.49, 1.36, 2.04, 1.99, 1.58, 1.28, 1.53, 1.91, 2.08, 2.03, 1.85, 1.88], [4.12, 3.78, 3.59, 3.13, 2.94, 3.03, 3.33, 3.27, 2.8, 2.98, 2.6, 2.17, 1.99, 1.86, 1.64, 2.09, 2.08, 1.75, 2.59, 2.64, 2.18, 3.21, 4.44, 5.51, 6.04, 6.79, 6.83, 6.46, 5.98, 5.41, 5.17, 5.19, 4.99, 4.97, 5.61, 6.04, 5.52, 5.54, 5.6, 5.0, 5.0, 5.3, 5.63, 5.63, 5.6, 5.41, 5.75, 5.97, 5.6, 5.46, 5.67, 5.66, 5.55, 6.05, 6.29, 5.78, 4.93, 4.04, 3.58, 3.13, 2.96, 2.02, 1.65, 1.7, 1.6, 1.76, 1.38, 1.76, 1.44, 0, 1.95, 2.07, 2.01, 1.94, 1.87, 1.42, 2.76, 2.913, 2.18, 1.3, 1.81, 2.51, 2.04, 1.89, 1.85, 1.82], [3.33, 3.75, 3.92, 3.62, 3.51, 3.48, 3.6, 3.7, 4.05, 4.39, 3.41, 2.76, 2.7, 2.11, 1.97, 2.06, 1.81, 1.88, 2.26, 2.49, 2.43, 2.76, 3.65, 4.44, 5.01, 5.72, 5.78, 5.51, 4.95, 4.38, 4.34, 4.5, 4.14, 4.12, 4.58, 4.93, 4.45, 4.49, 4.53, 4.01, 3.99, 4.25, 4.56, 4.46, 4.47, 4.32, 4.66, 4.84, 4.51, 4.37, 4.56, 4.57, 4.36, 4.66, 4.92, 4.53, 3.78, 3.05, 2.81, 2.32, 2.21, 1.97, 2.84, 3.29, 3.29, 3.57, 3.15, 3.55, 3.27, 1.95, 0, 1.02, 1.62, 1.51, 1.68, 2.83, 4.539, 4.674, 3.879, 2.762, 3.16, 4.006, 3.416, 3.16, 3.16, 2.83], [3.71, 3.85, 3.94, 3.54, 3.49, 3.5, 3.82, 3.68, 3.93, 4.23, 3.43, 2.88, 2.84, 2.35, 2.09, 2.1, 2.09, 2.04, 2.46, 2.69, 2.59, 3.36, 4.19, 4.94, 5.43, 6.18, 6.12, 5.85, 5.29, 4.78, 4.8, 4.94, 4.52, 4.54, 5.0, 5.41, 4.87, 4.85, 4.91, 4.43, 4.45, 4.67, 4.94, 4.84, 4.81, 4.66, 5.0, 5.2, 4.85, 4.71, 4.9, 4.93, 4.76, 5.04, 5.32, 5.09, 4.38, 3.65, 3.39, 2.94, 2.69, 2.35, 2.9, 3.29, 3.31, 3.65, 3.21, 3.57, 3.35, 2.07, 1.02, 0, 1.26, 1.27, 1.44, 2.87, 4.544, 4.729, 3.904, 2.81, 3.257, 4.074, 3.47, 3.28, 3.3, 3.05], [4.45, 4.45, 4.38, 3.9, 3.63, 3.7, 4.28, 4.08, 3.61, 3.91, 3.23, 2.74, 2.72, 2.31, 2.15, 2.34, 2.27, 2.06, 2.72, 2.93, 2.65, 4.02, 4.93, 5.7, 6.21, 6.86, 6.92, 6.67, 6.11, 5.58, 5.56, 5.68, 5.3, 5.3, 5.8, 6.09, 5.61, 5.61, 5.73, 5.25, 5.27, 5.43, 5.72, 5.58, 5.61, 5.5, 5.82, 5.98, 5.69, 5.53, 5.7, 5.71, 5.44, 5.78, 6.08, 5.75, 5.08, 4.39, 4.11, 3.7, 3.41, 2.95, 2.98, 3.25, 3.07, 3.25, 2.93, 3.15, 2.83, 2.01, 1.62, 1.26, 0, 0.47, 0.94, 2.37, 4.042, 4.226, 3.382, 2.37, 2.8, 3.6, 3.31, 3.28, 3.24, 3.19], [4.5, 4.52, 4.41, 3.95, 3.68, 3.71, 4.35, 4.11, 3.58, 3.94, 3.3, 2.75, 2.71, 2.26, 2.04, 2.19, 2.1, 1.99, 2.65, 2.82, 2.64, 3.99, 4.92, 5.69, 6.18, 6.81, 6.95, 6.74, 6.16, 5.59, 5.59, 5.71, 5.35, 5.35, 5.81, 6.04, 5.56, 5.6, 5.74, 5.24, 5.24, 5.4, 5.67, 5.57, 5.62, 5.51, 5.83, 5.97, 5.7, 5.54, 5.69, 5.68, 5.39, 5.65, 5.93, 5.6, 4.95, 4.28, 4.0, 3.59, 3.34, 2.82, 2.87, 3.14, 2.98, 3.08, 2.84, 3.08, 2.78, 1.94, 1.51, 1.27, 0.47, 0, 0.87, 2.34, 4.029, 4.153, 3.369, 2.3, 2.67, 3.51, 3.22, 3.23, 3.15, 3.12], [4.37, 4.33, 4.28, 3.8, 3.51, 3.46, 4.02, 3.86, 3.49, 3.59, 3.03, 2.46, 2.5, 2.23, 2.07, 2.32, 2.29, 2.04, 2.74, 2.95, 2.69, 3.82, 4.85, 5.7, 6.23, 6.86, 6.92, 6.61, 6.05, 5.54, 5.5, 5.54, 5.24, 5.26, 5.82, 6.03, 5.53, 5.55, 5.65, 5.17, 5.19, 5.35, 5.6, 5.56, 5.57, 5.38, 5.7, 5.84, 5.55, 5.43, 5.58, 5.61, 5.34, 5.64, 5.92, 5.57, 4.86, 4.17, 3.91, 3.5, 3.23, 2.73, 2.68, 3.03, 2.83, 2.91, 2.73, 2.89, 2.49, 1.87, 1.68, 1.44, 0.94, 0.87, 0, 1.83, 3.464, 3.734, 2.964, 1.95, 2.46, 3.16, 2.85, 2.98, 3.02, 2.95], [4.52, 4.3, 4.09, 3.51, 3.32, 3.43, 3.85, 3.75, 2.86, 2.82, 2.46, 1.81, 1.79, 2.0, 1.98, 2.39, 2.44, 2.19, 2.83, 2.9, 2.44, 3.83, 5.02, 6.07, 6.68, 7.45, 7.23, 6.8, 6.28, 5.77, 5.59, 5.69, 5.37, 5.39, 6.07, 6.58, 5.96, 6.0, 5.98, 5.36, 5.26, 5.64, 5.89, 5.91, 5.9, 5.67, 5.97, 6.19, 5.84, 5.7, 5.91, 5.92, 5.81, 6.31, 6.51, 6.04, 5.19, 4.4, 4.0, 3.69, 3.48, 2.36, 1.81, 1.88, 1.68, 1.56, 1.42, 1.52, 1.36, 1.42, 2.83, 2.87, 2.37, 2.34, 1.83, 0, 1.96, 2.13, 1.48, 1.36, 1.39, 1.99, 2.12, 2.27, 2.15, 2.28], [4.72, 4.36, 4.13, 3.61, 3.5, 3.59, 3.87, 3.79, 2.88, 2.58, 2.5, 2.39, 2.35, 3.348, 3.396, 3.692, 3.945, 3.644, 4.398, 4.182, 3.06, 4.05, 5.28, 6.43, 7.14, 8.03, 7.59, 6.98, 6.62, 6.33, 6.01, 6.03, 5.83, 6.19, 6.79, 7.751, 7.218, 6.74, 6.38, 5.62, 5.62, 6.1, 6.37, 6.33, 6.28, 5.87, 6.33, 6.43, 6.16, 6.44, 6.97, 6.68, 6.75, 7.77, 7.91, 7.28, 6.15, 5.26, 4.68, 4.61, 4.406, 3.4, 2.17, 1.82, 1.78, 2.02, 1.88, 1.88, 2.04, 2.76, 4.539, 4.544, 4.042, 4.029, 3.464, 1.96, 0, 0.79, 1.08, 1.94, 1.69, 1.49, 1.82, 1.95, 1.99, 2.26], [4.55, 4.15, 3.9, 3.4, 3.37, 3.42, 3.72, 3.64, 2.63, 2.39, 2.37, 2.529, 2.469, 3.504, 3.621, 3.922, 4.146, 3.868, 4.613, 4.392, 3.186, 4.04, 5.39, 6.7, 7.41, 8.26, 7.78, 6.99, 6.77, 6.538, 5.98, 6.12, 5.92, 6.346, 6.906, 7.964, 7.439, 6.95, 6.63, 5.77, 5.69, 6.31, 6.58, 6.48, 6.43, 6.06, 6.5, 6.66, 6.33, 6.63, 7.2, 6.87, 6.88, 7.98, 8.06, 7.35, 6.24, 5.41, 4.845, 4.805, 4.593, 3.599, 2.315, 1.95, 1.83, 2.07, 1.89, 1.81, 1.99, 2.913, 4.674, 4.729, 4.226, 4.153, 3.734, 2.13, 0.79, 0, 0.93, 2.07, 1.88, 1.46, 1.85, 1.96, 1.86, 2.15], [4.28, 3.92, 3.73, 3.19, 3.2, 3.25, 3.51, 3.43, 2.64, 2.34, 2.08, 1.83, 1.77, 2.768, 2.856, 3.132, 3.365, 3.057, 3.82, 3.642, 2.62, 3.81, 5.06, 6.37, 7.04, 7.87, 7.41, 6.72, 6.36, 6.11, 5.61, 5.75, 5.51, 5.788, 6.27, 7.32, 6.654, 6.48, 6.26, 5.48, 5.42, 6.0, 6.21, 6.07, 6.0, 5.69, 6.03, 6.23, 5.84, 5.98, 6.37, 6.16