[[0, 0.8, 1.19, 1.25, 1.75, 2.491, 2.608, 3.08, 2.991, 2.78, 2.75, 2.17, 1.67, 1.94, 2.36, 2.29, 2.83, 3.023, 2.966, 2.43, 2.05, 2.28, 3.54, 4.575, 4.7, 4.858, 5.736, 5.776, 5.395, 5.589, 5.582, 5.849, 5.579, 5.629, 6.329, 6.779, 6.971, 7.108, 6.16, 5.52, 5.42, 5.35, 4.7, 4.73, 4.55, 4.1, 4.55, 5.95, 6.67, 6.52, 7.04, 7.46, 6.74, 5.95, 5.25, 4.21, 3.05, 2.82, 3.09, 3.36, 4.69, 4.81, 4.4, 3.91, 3.77, 3.68, 3.79, 3.51, 3.34, 3.47, 3.78, 3.77, 4.05, 4.14, 4.0, 3.71, 3.55, 2.17, 1.57, 1.61, 1.78, 2.03, 1.89, 1.76, 2.686, 3.767], [0.8, 0, 0.87, 1.07, 1.59, 2.21, 2.294, 2.858, 2.77, 2.537, 2.51, 1.97, 1.55, 1.88, 2.26, 2.17, 2.63, 2.76, 2.7, 2.23, 2.05, 2.1, 3.218, 4.193, 4.363, 4.498, 5.351, 5.353, 4.975, 5.138, 5.18, 5.412, 5.17, 5.194, 5.894, 6.324, 6.517, 6.66, 5.76, 5.16, 5.02, 4.91, 4.48, 4.33, 4.15, 3.66, 4.11, 5.53, 6.27, 6.14, 6.7, 7.24, 6.56, 5.77, 5.09, 4.13, 2.97, 2.7, 3.09, 3.42, 4.61, 4.73, 4.44, 3.89, 3.75, 3.66, 3.77, 3.59, 3.3, 3.41, 3.68, 3.67, 3.85, 3.94, 3.86, 3.47, 3.21, 1.85, 1.33, 1.31, 1.48, 1.95, 1.73, 1.74, 3.109, 4.227], [1.19, 0.87, 0, 0.92, 1.52, 2.04, 2.28, 2.63, 2.6, 2.48, 2.46, 1.94, 1.64, 1.89, 2.23, 2.16, 2.5, 2.75, 2.69, 2.18, 2.14, 2.11, 3.09, 4.145, 4.37, 4.405, 5.195, 5.112, 4.688, 4.823, 4.981, 5.188, 4.92, 4.95, 5.59, 5.98, 6.17, 6.31, 5.59, 5.11, 4.71, 4.66, 4.55, 4.32, 4.06, 3.51, 3.82, 5.24, 6.0, 5.91, 6.47, 7.19, 6.59, 5.86, 5.1, 4.14, 2.84, 2.71, 3.14, 3.43, 4.64, 4.84, 4.53, 4.1, 3.96, 3.81, 3.94, 3.72, 3.43, 3.5, 3.77, 3.7, 3.86, 3.87, 3.67, 3.34, 2.96, 1.5, 0.96, 1.18, 1.61, 2.14, 1.96, 2.05, 3.496, 4.603], [1.25, 1.07, 0.92, 0, 0.84, 1.98, 2.18, 2.67, 2.58, 2.4, 2.32, 1.88, 1.5, 1.83, 2.13, 2.14, 2.68, 2.87, 2.79, 2.34, 2.02, 2.21, 3.15, 3.97, 4.1, 4.326, 5.236, 5.273, 4.85, 5.013, 5.043, 5.25, 5.1, 5.25, 5.93, 6.24, 6.37, 6.61, 6.03, 5.49, 5.23, 5.04, 4.87, 4.64, 4.42, 3.83, 4.24, 5.7, 6.42, 6.35, 6.93, 7.61, 7.09, 6.32, 5.62, 4.64, 3.34, 3.01, 3.44, 3.75, 5.14, 5.22, 4.87, 4.34, 4.22, 4.13, 4.22, 3.98, 3.71, 3.8, 4.13, 4.02, 4.14, 4.29, 3.95, 3.68, 3.38, 1.9, 1.24, 1.26, 1.51, 1.84, 1.76, 1.79, 3.376, 4.497], [1.75, 1.59, 1.52, 0.84, 0, 1.52, 1.76, 2.25, 2.12, 1.92, 1.86, 1.52, 1.46, 1.79, 1.85, 1.9, 2.34, 2.49, 2.41, 2.0, 1.7, 1.91, 2.75, 3.45, 3.58, 3.82, 4.733, 4.73, 4.35, 4.49, 4.537, 4.73, 4.68, 4.93, 5.53, 5.82, 6.03, 6.37, 5.77, 5.25, 4.97, 4.82, 4.57, 4.36, 4.16, 3.59, 3.96, 5.48, 6.26, 6.15, 6.71, 7.43, 6.83, 6.06, 5.36, 4.38, 3.14, 2.95, 3.26, 3.53, 4.88, 4.96, 4.59, 4.08, 3.94, 3.85, 3.96, 3.72, 3.49, 3.58, 3.93, 3.86, 3.94, 4.07, 3.83, 3.54, 3.16, 2.06, 1.86, 1.8, 1.67, 1.82, 1.72, 1.63, 3.874, 4.963], [2.491, 2.21, 2.04, 1.98, 1.52, 0, 0.82, 1.39, 1.26, 1.08, 1.24, 1.34, 1.98, 2.23, 1.89, 1.36, 1.46, 1.27, 1.31, 1.2, 1.44, 1.43, 1.79, 2.73, 2.92, 2.92, 3.73, 3.79, 3.51, 3.63, 3.58, 3.85, 3.68, 3.97, 4.57, 4.94, 5.23, 5.53, 4.85, 4.31, 4.07, 3.96, 3.55, 3.54, 3.2, 2.65, 3.22, 4.6, 5.38, 5.29, 5.85, 6.57, 5.65, 4.84, 4.24, 3.38, 2.7, 3.11, 3.22, 2.87, 3.78, 3.92, 3.61, 3.36, 3.2, 3.15, 3.24, 3.14, 2.87, 2.98, 3.37, 3.5, 3.58, 3.47, 3.31, 2.88, 2.42, 1.86, 2.26, 2.14, 2.03, 2.3, 2.08, 2.482, 4.916, 6.001], [2.608, 2.294, 2.28, 2.18, 1.76, 0.82, 0, 1.05, 1.1, 1.18, 1.22, 1.4, 2.06, 2.37, 1.91, 1.5, 1.68, 1.31, 1.33, 1.3, 1.5, 1.55, 1.99, 2.79, 2.8, 2.8, 3.63, 3.75, 3.47, 3.59, 3.56, 3.83, 3.66, 3.91, 4.53, 4.9, 5.19, 5.49, 4.81, 4.23, 4.01, 3.92, 3.41, 3.44, 3.14, 2.61, 3.1, 4.56, 5.34, 5.25, 5.81, 6.51, 5.55, 4.82, 4.18, 3.28, 2.9, 3.33, 3.34, 2.93, 3.72, 3.82, 3.51, 3.24, 3.06, 2.99, 3.1, 2.96, 2.75, 2.78, 3.19, 3.38, 3.48, 3.47, 3.33, 2.86, 2.58, 2.14, 2.48, 2.32, 2.25, 2.6, 2.42, 2.75, 4.936, 6.05], [3.08, 2.858, 2.63, 2.67, 2.25, 1.39, 1.05, 0, 0.85, 1.13, 1.31, 1.71, 2.39, 2.34, 1.92, 1.73, 1.69, 1.54, 1.3, 1.39, 1.79, 1.72, 1.94, 2.8, 2.83, 2.63, 3.26, 3.36, 3.06, 3.2, 3.15, 3.471, 3.19, 3.5, 4.08, 4.45, 4.76, 5.0, 4.34, 3.78, 3.62, 3.49, 3.0, 3.05, 2.69, 2.18, 2.59, 4.09, 4.89, 4.78, 5.34, 6.1, 5.16, 4.43, 3.75, 2.85, 3.03, 3.558, 3.23, 2.74, 3.25, 3.35, 2.96, 2.59, 2.41, 2.34, 2.49, 2.53, 2.5, 2.45, 2.56, 2.77, 3.01, 2.94, 2.84, 2.51, 2.39, 2.61, 2.99, 2.83, 2.68, 2.97, 2.85, 3.12, 5.255, 6.383], [2.991, 2.77, 2.6, 2.58, 2.12, 1.26, 1.1, 0.85, 0, 0.9, 1.14, 1.5, 2.2, 2.28, 1.79, 1.52, 1.62, 1.31, 0.99, 1.28, 1.68, 1.47, 1.79, 2.65, 2.8, 2.76, 3.321, 3.403, 3.09, 3.243, 3.22, 3.503, 3.28, 3.49, 4.11, 4.52, 4.81, 5.07, 4.41, 3.83, 3.63, 3.52, 2.99, 3.04, 2.74, 2.27, 2.68, 4.16, 4.94, 4.85, 5.41, 6.11, 5.21, 4.46, 3.8, 2.9, 2.9, 3.474, 3.254, 2.73, 3.32, 3.42, 3.03, 2.74, 2.58, 2.49, 2.58, 2.6, 2.53, 2.54, 2.67, 2.82, 2.96, 2.99, 2.89, 2.56, 2.16, 2.4, 2.76, 2.7, 2.57, 2.78, 2.7, 3.03, 5.212, 6.308], [2.78, 2.537, 2.48, 2.4, 1.92, 1.08, 1.18, 1.13, 0.9, 0, 0.76, 1.02, 1.95, 2.089, 1.59, 1.46, 1.36, 1.05, 0.99, 1.24, 1.46, 1.23, 1.55, 2.57, 2.62, 2.64, 3.467, 3.55, 3.25, 3.39, 3.36, 3.65, 3.44, 3.65, 4.25, 4.68, 4.93, 5.19, 4.55, 3.95, 3.75, 3.66, 3.09, 3.16, 2.86, 2.35, 2.88, 4.3, 5.08, 4.99, 5.55, 6.23, 5.39, 4.62, 3.96, 3.04, 2.759, 3.426, 3.139, 2.57, 3.44, 3.54, 3.05, 2.78, 2.62, 2.55, 2.72, 2.58, 2.55, 2.6, 2.89, 3.12, 3.16, 3.11, 2.97, 2.58, 2.14, 2.18, 2.74, 2.52, 2.13, 2.4, 2.38, 2.791, 5.023, 6.076], [2.75, 2.51, 2.46, 2.32, 1.86, 1.24, 1.22, 1.31, 1.14, 0.76, 0, 0.82, 1.82, 1.87, 1.43, 1.26, 1.36, 1.25, 1.25, 1.28, 1.38, 1.49, 1.79, 2.83, 2.88, 2.92, 3.77, 3.85, 3.55, 3.69, 3.653, 3.943, 3.72, 3.93, 4.57, 4.98, 5.25, 5.51, 4.79, 4.19, 4.03, 3.9, 3.31, 3.4, 3.1, 2.63, 3.22, 4.56, 5.32, 5.23, 5.79, 6.47, 5.57, 4.82, 4.12, 3.24, 2.74, 3.381, 3.154, 2.69, 3.54, 3.68, 3.17, 2.86, 2.72, 2.65, 2.76, 2.7, 2.63, 2.68, 3.01, 3.24, 3.24, 3.13, 3.03, 2.7, 2.38, 2.18, 2.8, 2.62, 2.45, 2.66, 2.6, 2.67, 4.805, 5.882], [2.17, 1.97, 1.94, 1.88, 1.52, 1.34, 1.4, 1.71, 1.5, 1.02, 0.82, 0, 1.24, 1.53, 1.15, 1.1, 1.44, 1.53, 1.53, 1.5, 1.3, 1.19, 1.99, 3.27, 3.32, 3.38, 4.263, 4.358, 4.05, 4.19, 4.142, 4.432, 4.22, 4.37, 5.03, 5.46, 5.71, 5.95, 5.21, 4.59, 4.41, 4.32, 3.73, 3.8, 3.52, 2.99, 3.6, 4.96, 5.74, 5.63, 6.19, 6.85, 5.91, 5.16, 4.44, 3.5, 2.76, 3.081, 3.094, 2.83, 3.86, 4.04, 3.47, 3.1, 2.92, 2.87, 3.02, 2.86, 2.71, 2.82, 3.19, 3.44, 3.44, 3.39, 3.31, 3.0, 2.62, 1.88, 2.32, 2.18, 1.99, 2.44, 2.28, 2.19, 4.345, 5.412], [1.67, 1.55, 1.64, 1.5, 1.46, 1.98, 2.06, 2.39, 2.2, 1.95, 1.82, 1.24, 0, 0.97, 1.23, 1.58, 2.28, 2.41, 2.29, 1.84, 1.36, 1.69, 2.99, 4.17, 4.27, 4.403, 5.284, 5.344, 5.041, 5.161, 5.151, 5.426, 5.16, 5.27, 5.95, 6.38, 6.63, 6.83, 6.01, 5.37, 5.23, 5.14, 4.49, 4.58, 4.34, 3.87, 4.38, 5.8, 6.54, 6.43, 6.97, 7.55, 6.69, 5.9, 5.2, 4.16, 2.98, 2.57, 2.84, 3.07, 4.56, 4.78, 4.07, 3.68, 3.52, 3.45, 3.58, 3.36, 3.03, 3.1, 3.43, 3.42, 3.58, 3.85, 3.77, 3.66, 3.4, 2.28, 2.06, 2.1, 2.17, 2.46, 2.26, 1.93, 3.247, 4.235], [1.94, 1.88, 1.89, 1.83, 1.79, 2.23, 2.37, 2.34, 2.28, 2.089, 1.87, 1.53, 0.97, 0, 1.04, 1.53, 2.21, 2.52, 2.36, 1.93, 1.75, 1.88, 3.04, 4.14, 4.25, 4.402, 5.243, 5.294, 4.96, 5.1, 5.096, 5.371, 5.127, 5.18, 5.86, 6.31, 6.56, 6.76, 5.92, 5.28, 5.14, 5.05, 4.44, 4.49, 4.25, 3.78, 4.29, 5.71, 6.45, 6.34, 6.88, 7.42, 6.66, 5.85, 5.19, 4.09, 2.87, 2.3, 2.35, 2.94, 4.43, 4.69, 4.0, 3.51, 3.43, 3.3, 3.51, 3.23, 2.9, 2.95, 3.04, 3.03, 3.35, 3.72, 3.66, 3.57, 3.31, 2.25, 2.35, 2.31, 2.44, 2.85, 2.65, 2.32, 3.254, 4.267], [2.36, 2.26, 2.23, 2.13, 1.85, 1.89, 1.91, 1.92, 1.79, 1.59, 1.43, 1.15, 1.23, 1.04, 0, 0.99, 1.49, 1.8, 1.76, 1.45, 1.63, 1.52, 2.5, 3.78, 3.89, 3.89, 4.623, 4.708, 4.422, 4.522, 4.452, 4.756, 4.51, 4.68, 5.36, 5.77, 6.04, 6.26, 5.48, 4.84, 4.7, 4.61, 3.94, 4.05, 3.79, 3.32, 3.83, 5.27, 6.03, 5.92, 6.44, 6.96, 6.02, 5.23, 4.57, 3.53, 2.53, 2.44, 2.33, 2.54, 3.87, 4.13, 3.5, 3.05, 2.89, 2.78, 2.97, 2.77, 2.56, 2.59, 2.68, 2.73, 2.91, 3.26, 3.22, 3.11, 2.89, 2.39, 2.55, 2.55, 2.54, 2.95, 2.79, 2.6, 4.072, 4.984], [2.29, 2.17, 2.16, 2.14, 1.9, 1.36, 1.5, 1.73, 1.52, 1.46, 1.26, 1.1, 1.58, 1.53, 0.99, 0, 0.94, 1.31, 1.35, 1.08, 1.5, 1.43, 2.15, 3.41, 3.54, 3.52, 4.165, 4.226, 3.926, 4.026, 3.956, 4.263, 4.02, 4.19, 4.87, 5.28, 5.55, 5.77, 5.01, 4.39, 4.23, 4.14, 3.59, 3.62, 3.32, 2.83, 3.38, 4.8, 5.56, 5.45, 5.97, 6.41, 5.47, 4.7, 4.02, 2.98, 2.0, 2.55, 2.44, 2.35, 3.38, 3.66, 3.07, 2.78, 2.58, 2.53, 2.64, 2.34, 2.21, 2.28, 2.59, 2.64, 2.84, 2.87, 2.85, 2.62, 2.4, 2.04, 2.46, 2.44, 2.43, 2.88, 2.62, 2.49, 4.502, 5.515], [2.83, 2.63, 2.5, 2.68, 2.34, 1.46, 1.68, 1.69, 1.62, 1.36, 1.36, 1.44, 2.28, 2.21, 1.49, 0.94, 0, 0.97, 1.15, 1.34, 1.7, 1.53, 1.89, 2.97, 3.22, 3.06, 3.47, 3.53, 3.17, 3.25, 3.34, 3.57, 3.28, 3.47, 4.13, 4.54, 4.81, 5.07, 4.29, 3.65, 3.49, 3.4, 2.93, 2.92, 2.6, 2.11, 2.8, 4.06, 4.82, 4.71, 5.23, 5.67, 4.77, 4.02, 3.32, 2.38, 2.1, 3.15, 2.84, 2.33, 2.86, 3.1, 2.79, 2.74, 2.54, 2.37, 2.52, 2.46, 2.49, 2.54, 2.61, 2.6, 2.66, 2.59, 2.57, 2.28, 1.84, 1.98, 2.66, 2.6, 2.43, 2.84, 2.64, 3.03, 5.153, 6.269], [3.023, 2.76, 2.75, 2.87, 2.49, 1.27, 1.31, 1.54, 1.31, 1.05, 1.25, 1.53, 2.41, 2.52, 1.8, 1.31, 0.97, 0, 0.72, 1.07, 1.67, 1.44, 1.42, 2.44, 2.61, 2.51, 3.14, 3.18, 2.88, 2.96, 2.97, 3.22, 3.01, 3.16, 3.84, 4.27, 4.52, 4.74, 4.0, 3.36, 3.24, 3.15, 2.58, 2.61, 2.33, 1.9, 2.59, 3.79, 4.55, 4.44, 4.96, 5.5, 4.62, 3.85, 3.19, 2.63, 2.61, 3.48, 3.09, 2.54, 2.85, 2.97, 2.78, 2.71, 2.53, 2.46, 2.57, 2.51, 2.44, 2.45, 2.74, 2.91, 2.89, 2.8, 2.64, 2.17, 1.85, 1.99, 2.71, 2.51, 2.32, 2.65, 2.49, 3.18, 5.432, 6.525], [2.966, 2.7, 2.69, 2.79, 2.41, 1.31, 1.33, 1.3, 0.99, 0.99, 1.25, 1.53, 2.29, 2.36, 1.76, 1.35, 1.15, 0.72, 0, 0.87, 1.49, 1.36, 1.74, 2.6, 2.83, 2.75, 3.3, 3.38, 3.06, 3.16, 3.17, 3.4, 3.19, 3.34, 4.02, 4.45, 4.7, 4.92, 4.2, 3.54, 3.42, 3.31, 2.72, 2.77, 2.49, 2.0, 2.55, 3.95, 4.71, 4.6, 5.14, 5.72, 4.84, 4.05, 3.43, 2.57, 2.61, 3.5, 3.05, 2.48, 2.97, 3.07, 2.78, 2.59, 2.41, 2.28, 2.39, 2.43, 2.36, 2.39, 2.5, 2.71, 2.77, 2.74, 2.62, 2.27, 1.91, 2.07, 2.63, 2.57, 2.38, 2.69, 2.57, 3.1, 5.369, 6.468], [2.43, 2.23, 2.18, 2.34, 2.0, 1.2, 1.3, 1.39, 1.28, 1.24, 1.28, 1.5, 1.84, 1.93, 1.45, 1.08, 1.34, 1.07, 0.87, 0, 1.16, 1.21, 2.01, 3.21, 3.34, 3.319, 3.921, 3.981, 3.678, 3.795, 3.765, 4.052, 3.78, 3.95, 4.63, 5.04, 5.31, 5.53, 4.75, 4.13, 4.01, 3.88, 3.33, 3.36, 3.08, 2.61, 3.08, 4.52, 5.28, 5.19, 5.73, 6.27, 5.35, 4.52, 3.92, 2.92, 2.34, 2.85, 2.68, 2.73, 3.36, 3.54, 3.09, 2.92, 2.72, 2.55, 2.7, 2.64, 2.57, 2.54, 2.71, 2.84, 3.02, 3.11, 2.99, 2.68, 2.42, 2.14, 2.48, 2.42, 2.47, 2.76, 2.48, 2.61, 4.767, 5.849], [2.05, 2.05, 2.14, 2.02, 1.7, 1.44, 1.5, 1.79, 1.68, 1.46, 1.38, 1.3, 1.36, 1.75, 1.63, 1.5, 1.7, 1.67, 1.49, 1.16, 0, 0.99, 2.29, 3.426, 3.556, 3.616, 4.504, 4.537, 4.263, 4.381, 4.351, 4.626, 4.38, 4.51, 5.19, 5.62, 5.87, 6.09, 5.31, 4.67, 4.55, 4.44, 3.79, 3.9, 3.62, 3.15, 3.68, 5.08, 5.84, 5.73, 6.27, 6.81, 5.83, 5.08, 4.42, 3.46, 2.98, 3.13, 3.04, 2.97, 3.82, 4.04, 3.57, 3.28, 3.1, 3.07, 3.22, 3.08, 2.91, 3.0, 3.37, 3.54, 3.66, 3.65, 3.55, 3.26, 2.96, 2.32, 2.48, 2.28, 2.19, 2.16, 1.98, 2.11, 4.127, 5.184], [2.28, 2.1, 2.11, 2.21, 1.91, 1.43, 1.55, 1.72, 1.47, 1.23, 1.49, 1.19, 1.69, 1.88, 1.52, 1.43, 1.53, 1.44, 1.36, 1.21, 0.99, 0, 1.8, 3.18, 3.265, 3.345, 4.12, 4.196, 3.893, 4.013, 3.983, 4.268, 3.975, 4.08, 4.76, 5.212, 5.48, 5.68, 4.86, 4.18, 4.04, 3.95, 3.34, 3.39, 3.13, 2.72, 3.29, 4.61, 5.35, 5.24, 5.8, 6.42, 5.44, 4.65, 4.03, 3.13, 2.81, 3.02, 2.91, 2.74, 3.53, 3.65, 3.32, 3.03, 2.83, 2.76, 2.93, 2.77, 2.64, 2.71, 3.02, 3.13, 3.29, 3.34, 3.24, 2.87, 2.47, 2.09, 2.35, 2.19, 2.16, 2.25, 2.05, 2.3, 4.6, 5.679], [3.54, 3.218, 3.09, 3.15, 2.75, 1.79, 1.99, 1.94, 1.79, 1.55, 1.79, 1.99, 2.99, 3.04, 2.5, 2.15, 1.89, 1.42, 1.74, 2.01, 2.29, 1.8, 0, 1.54, 1.67, 1.73, 2.48, 2.58, 2.3, 2.42, 2.37, 2.62, 2.57, 2.82, 3.26, 3.63, 3.94, 4.18, 3.66, 3.06, 2.76, 2.73, 2.58, 2.51, 2.11, 1.84, 2.49, 3.39, 4.11, 4.0, 4.54, 5.44, 4.66, 4.01, 3.33, 3.23, 3.51, 4.04, 3.93, 3.1, 3.11, 3.19, 3.2, 3.03, 2.93, 2.92, 2.97, 2.95, 2.88, 2.97, 3.52, 3.65, 3.47, 3.22, 2.96, 2.51, 2.05, 2.29, 3.05, 2.65, 2.16, 2.47, 2.59, 3.498, 6.083, 7.162], [4.575, 4.193, 4.145, 3.97, 3.45, 2.73, 2.79, 2.8, 2.65, 2.57, 2.83, 3.27, 4.17, 4.14, 3.78, 3.41, 2.97, 2.44, 2.6, 3.21, 3.426, 3.18, 1.54, 0, 0.65, 0.95, 1.7, 1.88, 2.02, 2.22, 1.97, 2.16, 2.45, 3.02, 3.4, 3.61, 3.8, 4.16, 3.96, 3.38, 2.96, 2.95, 3.1, 2.95, 2.61, 2.42, 3.03, 3.63, 4.19, 4.04, 4.48, 5.4, 4.96, 4.39, 3.83, 4.05, 4.51, 5.098, 4.87, 3.84, 3.83, 3.87, 3.98, 3.69, 3.61, 3.62, 3.67, 3.71, 3.66, 3.87, 4.28, 4.33, 4.01, 3.76, 3.42, 3.11, 2.75, 3.37, 4.07, 3.548, 3.015, 3.285, 3.417, 4.504, 7.177, 8.264], [4.7, 4.363, 4.37, 4.1, 3.58, 2.92, 2.8, 2.83, 2.8, 2.62, 2.88, 3.32, 4.27, 4.25, 3.89, 3.54, 3.22, 2.61, 2.83, 3.34, 3.556, 3.265, 1.67, 0.65, 0, 0.8, 1.59, 1.85, 1.93, 2.21, 1.9, 2.13, 2.44, 2.95, 3.37, 3.58, 3.77, 4.11, 3.89, 3.27, 2.91, 2.88, 3.03, 2.88, 2.62, 2.37, 3.04, 3.58, 4.14, 4.01, 4.37, 5.27, 4.91, 4.38, 3.82, 4.14, 4.7, 5.265, 5.01, 3.99, 3.8, 3.84, 3.91, 3.6, 3.58, 3.57, 3.62, 3.62, 3.59, 3.74, 4.21, 4.3, 4.0, 3.71, 3.35, 3.0, 2.96, 3.521, 4.235, 3.73, 3.185, 3.384, 3.562, 4.623, 7.287, 8.346], [4.858, 4.498, 4.405, 4.326, 3.82, 2.92, 2.8, 2.63, 2.76, 2.64, 2.92, 3.38, 4.403, 4.402, 3.89, 3.52, 3.06, 2.51, 2.75, 3.319, 3.616, 3.345, 1.73, 0.95, 0.8, 0, 1.27, 1.57, 1.67, 1.79, 1.46, 1.71, 2.02, 2.55, 2.95, 3.18, 3.39, 3.75, 3.59, 2.93, 2.59, 2.64, 2.71, 2.54, 2.2, 2.05, 2.6, 3.28, 3.82, 3.61, 4.05, 4.99, 4.45, 3.94, 3.4, 3.82, 4.619, 5.339, 5.046, 3.93, 3.38, 3.46, 3.49, 3.22, 3.16, 3.23, 3.2, 3.28, 3.37, 3.42, 3.83, 3.92, 3.72, 3.33, 3.09, 2.78, 2.84, 3.595, 4.335, 3.884, 3.361, 3.595, 3.685, 4.783, 7.402, 8.5], [5.736, 5.351, 5.195, 5.236, 4.733, 3.73, 3.63, 3.26, 3.321, 3.467, 3.77, 4.263, 5.284, 5.243, 4.623, 4.165, 3.47, 3.14, 3.3, 3.921, 4.504, 4.12, 2.48, 1.7, 1.59, 1.27, 0, 0.74, 0.98, 0.94, 0.87, 1.0, 1.29, 1.68, 2.0, 2.21, 2.58, 2.92, 2.7, 1.98, 1.88, 1.91, 2.0, 1.87, 1.65, 2.06, 2.05, 2.43, 2.89, 2.74, 3.2, 4.1, 3.6, 3.09, 2.59, 3.49, 4.946, 6.065, 5.738, 4.59, 2.91, 2.85, 3.14, 3.29, 3.25, 3.36, 3.21, 3.43, 3.875, 3.91, 3.62, 3.59, 3.21, 2.9, 2.96, 2.89, 2.86, 4.172, 5.023, 4.711, 4.236, 4.517, 4.649, 5.705, 8.314, 9.433], [5.776, 5.353, 5.112, 5.273, 4.73, 3.79, 3.75, 3.36, 3.403, 3.55, 3.85, 4.358, 5.344, 5.294, 4.708, 4.226, 3.53, 3.18, 3.38, 3.981, 4.537, 4.196, 2.58, 1.88, 1.85, 1.57, 0.74, 0, 0.78, 0.88, 0.75, 0.98, 1.19, 1.38, 1.72, 2.01, 2.26, 2.64, 2.4, 1.9, 1.6, 1.69, 2.0, 1.85, 1.71, 2.04, 1.95, 2.07, 2.57, 2.46, 3.02, 3.92, 3.4, 2.81, 2.39, 3.53, 4.915, 6.034, 5.775, 4.648, 2.99, 2.83, 3.14, 3.31, 3.33, 3.42, 3.31, 3.63, 3.96, 4.05, 3.7, 3.53, 3.17, 2.72, 2.92, 2.857, 2.74, 4.1, 4.957, 4.671, 4.209, 4.551, 4.68, 5.736, 8.371, 9.499], [5.395, 4.975, 4.688, 4.85, 4.35, 3.51, 3.47, 3.06, 3.09, 3.25, 3.55, 4.05, 5.041, 4.96, 4.422, 3.926, 3.17, 2.88, 3.06, 3.678, 4.263, 3.893, 2.3, 2.02, 1.93, 1.67, 0.98, 0.78, 0, 0.64, 0.73, 1.1, 1.31, 1.62, 1.9, 2.09, 2.34, 2.74, 2.36, 1.84, 1.6, 1.65, 1.94, 1.59, 1.41, 1.62, 1.73, 2.07, 2.63, 2.56, 3.12, 4.0, 3.6, 2.95, 2.51, 3.15, 4.471, 5.631, 5.369, 4.238, 2.69, 2.71, 2.98, 3.09, 3.09, 3.12, 3.05, 3.31, 3.68, 3.73, 3.4, 3.25, 2.75, 2.42, 2.48, 2.31, 2.25, 3.557, 4.41, 4.15, 3.82, 4.173, 4.313, 5.366, 8.017, 9.138], [5.589, 5.138, 4.823, 5.013, 4.49, 3.63, 3.59, 3.2, 3.243, 3.39, 3.69, 4.19, 5.161, 5.1, 4.522, 4.026, 3.25, 2.96, 3.16, 3.795, 4.381, 4.013, 2.42, 2.22, 2.21, 1.79, 0.94, 0.88, 0.64, 0, 0.73, 1.08, 1.23, 1.44, 1.64, 1.81, 2.26, 2.66, 2.34, 1.62, 1.44, 1.59, 1.92, 1.65, 1.39, 1.78, 1.65, 2.03, 2.57, 2.52, 2.88, 3.8, 3.42, 2.79, 2.43, 3.17, 4.591, 5.807, 5.546, 4.412, 2.79, 2.69, 3.04, 3.21, 3.15, 3.26, 3.15, 3.41, 3.76, 3.81, 3.42, 3.39, 2.77, 2.58, 2.68, 2.53, 2.34, 3.717, 4.55, 4.359, 3.98, 4.297, 4.422, 5.535, 8.174, 9.307], [5.582, 5.18, 4.981, 5.043, 4.537, 3.58, 3.56, 3.15, 3.22, 3.36, 3.653, 4.142, 5.151, 5.096, 4.452, 3.956, 3.34, 2.97, 3.17, 3.765, 4.351, 3.983, 2.37, 1.97, 1.9, 1.46, 0.87, 0.75, 0.73, 0.73, 0, 0.75, 1.1, 1.47, 1.73, 1.94, 2.23, 2.57, 2.31, 1.67, 1.63, 1.76, 1.93, 1.76, 1.48, 1.87, 1.92, 2.12, 2.6, 2.51, 2.99, 3.87, 3.31, 2.74, 2.42, 3.4, 4.745, 5.869, 5.602, 4.418, 2.84, 2.68, 2.95, 3.1, 3.04, 3.17, 3.08, 3.38, 3.75, 3.78, 3.47, 3.48, 2.94, 2.69, 2.85, 2.68, 2.58, 3.98, 4.82, 4.478, 4.025, 4.327, 4.416, 5.528, 8.17, 9.3], [5.849, 5.412, 5.188, 5.25, 4.73, 3.85, 3.83, 3.471, 3.503, 3.65, 3.943, 4.432, 5.426, 5.371, 4.756, 4.263, 3.57, 3.22, 3.4, 4.052, 4.626, 4.268, 2.62, 2.16, 2.13, 1.71, 1.0, 0.98, 1.1, 1.08, 0.75, 0, 1.05, 1.5, 1.68, 1.87, 1.96, 2.3, 2.32, 1.6, 1.52, 1.61, 1.92, 1.71, 1.67, 2.04, 1.97, 2.01, 2.41, 2.12, 2.64, 3.52, 3.12, 2.63, 2.49, 3.59, 4.91, 6.09, 5.826, 4.678, 2.97, 2.73, 3.08, 3.33, 3.31, 3.4, 3.29, 3.51, 3.9, 3.95, 3.6, 3.55, 3.11, 2.78, 2.88, 2.91, 2.75, 4.19, 4.99, 4.685, 4.212, 4.57, 4.682, 5.815, 8.445, 9.575], [5.579, 5.17, 4.92, 5.1, 4.68, 3.68, 3.66, 3.19, 3.28, 3.44, 3.72, 4.22, 5.16, 5.127, 4.51, 4.02, 3.28, 3.01, 3.19, 3.78, 4.38, 3.975, 2.57, 2.45, 2.44, 2.02, 1.29, 1.19, 1.31, 1.23, 1.1, 1.05, 0, 0.89, 1.19, 1.48, 1.81, 2.27, 2.09, 1.23, 1.23, 1.12, 1.47, 1.54, 1.3, 1.69, 1.68, 1.68, 2.14, 1.97, 2.33, 3.17, 2.61, 2.16, 1.92, 3.0, 4.649, 5.859, 5.514, 4.333, 2.52, 2.48, 2.79, 2.98, 2.92, 3.03, 2.88, 3.18, 3.59, 3.64, 3.39, 3.24, 2.68, 2.27, 2.49, 2.5, 2.38, 3.82, 4.68, 4.44, 4.07, 4.5, 4.44, 5.539, 8.195, 9.303], [5.629, 5.194, 4.95, 5.25, 4.93, 3.97, 3.91, 3.5, 3.49, 3.65, 3.93, 4.37, 5.27, 5.18, 4.68, 4.19, 3.47, 3.16, 3.34, 3.95, 4.51, 4.08, 2.82, 3.02, 2.95, 2.55, 1.68, 1.38, 1.62, 1.44, 1.47, 1.5, 0.89, 0, 0.8, 1.27, 1.62, 1.92, 1.66, 1.1, 1.2, 1.23, 1.42, 1.43, 1.39, 1.72, 1.53, 1.19, 1.71, 1.54, 1.98, 2.76, 2.3, 1.83, 1.69, 2.99, 4.65, 5.86, 5.562, 4.4, 2.47, 2.07, 2.6, 2.862, 2.944, 3.052, 2.89, 3.17, 3.62, 3.61, 3.28, 3.23, 2.81, 2.22, 2.48, 2.47, 2.49, 3.91, 4.79, 4.59, 4.32, 4.65, 4.53, 5.58, 8.205, 9.327], [6.329, 5.894, 5.59, 5.93, 5.53, 4.57, 4.53, 4.08, 4.11, 4.25, 4.57, 5.03, 5.95, 5.86, 5.36, 4.87, 4.13, 3.84, 4.02, 4.63, 5.19, 4.76, 3.26, 3.4, 3.37, 2.95, 2.0, 1.72, 1.9, 1.64, 1.73, 1.68, 1.19, 0.8, 0, 0.65, 1.12, 1.56, 1.48, 1.18, 1.28, 1.45, 2.0, 1.99, 1.97, 2.34, 1.99, 1.27, 1.43, 1.42, 1.56, 2.44, 2.24, 2.03, 2.27, 3.59, 5.339, 6.563, 6.264, 5.103, 3.105, 2.61, 3.246, 3.562, 3.644, 3.754, 3.567, 3.779, 4.306, 4.233, 3.92, 3.89, 3.41, 2.88, 3.1, 3.159, 3.05, 4.49, 5.39, 5.23, 4.9, 5.25, 5.21, 6.289, 8.908, 10.03], [6.779, 6.324, 5.98, 6.24, 5.82, 4.94, 4.9, 4.45, 4.52, 4.68, 4.98, 5.46, 6.38, 6.31, 5.77, 5.28, 4.54, 4.27, 4.45, 5.04, 5.62, 5.212, 3.63, 3.61, 3.58, 3.18, 2.21, 2.01, 2.09, 1.81, 1.94, 1.87, 1.48, 1.27, 0.65, 0, 0.87, 1.35, 1.49, 1.41, 1.53, 1.76, 2.39, 2.4, 2.38, 2.747, 2.34, 1.42, 1.46, 1.39, 1.59, 2.19, 2.31, 2.36, 2.72, 3.96, 5.729, 6.967, 6.709, 5.539, 3.519, 2.942, 3.698, 4.032, 4.114, 4.224, 4.037, 4.249, 4.756, 4.66, 4.35, 4.34, 3.8, 3.25, 3.41, 3.489, 3.4, 4.78, 5.68, 5.52, 5.21, 5.6, 5.56, 6.719, 9.366, 10.5], [6.971, 6.517, 6.17, 6.37, 6.03, 5.23, 5.19, 4.76, 4.81, 4.93, 5.25, 5.71, 6.63, 6.56, 6.04, 5.55, 4.81, 4.52, 4.7, 5.31, 5.87, 5.48, 3.94, 3.8, 3.77, 3.39, 2.58, 2.26, 2.34, 2.26, 2.23, 1.96, 1.81, 1.62, 1.12, 0.87, 0, 0.8, 1.42, 1.78, 1.96, 2.19, 2.66, 2.55, 2.69, 2.94, 2.53, 1.29, 0.97, 1.18, 1.58, 2.06, 1.96, 2.29, 2.989, 4.43, 5.916, 7.143, 6.893, 5.751, 3.769, 3.192, 3.939, 4.258, 4.329, 4.445, 4.252, 4.478, 4.974, 4.907, 4.574, 4.57, 4.03, 3.46, 3.52, 3.596, 3.61, 4.95, 5.75, 5.63, 5.38, 5.81, 5.81, 6.957, 9.616, 10.735], [7.108, 6.66, 6.31, 6.61, 6.37, 5.53, 5.49, 5.0, 5.07, 5.19, 5.51, 5.95, 6.83, 6.76, 6.26, 5.77, 5.07, 4.74, 4.92, 5.53, 6.09, 5.68, 4.18, 4.16, 4.11, 3.75, 2.92, 2.64, 2.74, 2.66, 2.57, 2.3, 2.27, 1.92, 1.56, 1.35, 0.8, 0, 1.1, 1.98, 2.2, 2.37, 2.84, 2.73, 2.85, 3.18, 2.75, 1.43, 1.05, 1.24, 1.68, 2.18, 2.16, 2.37, 3.13, 4.67, 6.05, 7.257, 7.03, 5.88, 3.97, 3.35, 4.082, 4.401, 4.472, 4.6, 4.41, 4.615, 5.111, 5.047, 4.74, 4.79, 4.25, 3.74, 3.76, 3.79, 3.85, 5.25, 6.09, 5.85, 5.56, 5.93, 5.87, 7.051, 9.748, 10.866], [6.16, 5.76, 5.59, 6.03, 5.77, 4.85, 4.81, 4.34, 4.41, 4.55, 4.79, 5.21, 6.01, 5.92, 5.48, 5.01, 4.29, 4.0, 4.2, 4.75, 5.31, 4.86, 3.66, 3.96, 3.89, 3.59, 2.7, 2.4, 2.36, 2.34, 2.31, 2.32, 2.09, 1.66, 1.48, 1.49, 1.42, 1.1, 0, 1.46, 1.84, 1.89, 2.08, 1.95, 2.13, 2.4, 2.03, 1.21, 1.19, 1.3, 1.88, 2.6, 2.3, 2.15, 2.41, 3.71, 5.13, 6.28, 6.03, 4.88, 2.99, 2.43, 3.082, 3.41, 3.49, 3.6, 3.41, 3.63, 4.12, 4.067, 3.72, 3.81, 3.33, 2.9, 3.02, 3.05, 3.07, 4.57, 5.43, 5.15, 4.96, 5.21, 5.07, 6.1, 8.76, 9.875], [5.52, 5.16, 5.11, 5.49, 5.25, 4.31, 4.23, 3.78, 3.83, 3.95, 4.19, 4.59, 5.37, 5.28, 4.84, 4.39, 3.65, 3.36, 3.54, 4.13, 4.67, 4.18, 3.06, 3.38, 3.27, 2.93, 1.98, 1.9, 1.84, 1.62, 1.67, 1.6, 1.23, 1.1, 1.18, 1.41, 1.78, 1.98, 1.46, 0, 0.82, 1.07, 1.4, 1.25, 1.29, 1.82, 1.71, 1.49, 1.73, 1.58, 1.66, 2.42, 2.0, 1.83, 1.87, 2.87, 4.55, 5.74, 5.43, 4.3, 2.37, 2.09, 2.52, 2.83, 2.87, 2.96, 2.81, 3.05, 3.52, 3.49, 3.08, 3.09, 2.61, 2.24, 2.46, 2.45, 2.43, 3.95, 4.77, 4.61, 4.46, 4.65, 4.51, 5.48, 8.114, 9.207], [5.42, 5.02, 4.71, 5.23, 4.97, 4.07, 4.01, 3.62, 3.63, 3.75, 4.03, 4.41, 5.23, 5.14, 4.7, 4.23, 3.49, 3.24, 3.42, 4.01, 4.55, 4.04, 2.76, 2.96, 2.91, 2.59, 1.88, 1.6, 1.6, 1.44, 1.63, 1.52, 1.23, 1.2, 1.28, 1.53, 1.96, 2.2, 1.84, 0.82, 0, 0.79, 1.58, 1.41, 1.27, 1.8, 1.71, 1.63, 1.77, 1.64, 1.88, 2.72, 2.5, 2.15, 2.01, 2.748, 4.305, 5.589, 5.313, 4.169, 2.53, 2.43, 2.8, 2.97, 2.97, 3.0, 2.95, 3.21, 3.52, 3.57, 3.22, 3.09, 2.53, 2.2, 2.32, 2.33, 2.13, 3.57, 4.47, 4.33, 4.24, 4.49, 4.29, 5.343, 7.983, 9.104], [5.35, 4.91, 4.66, 5.04, 4.82, 3.96, 3.92, 3.49, 3.52, 3.66, 3.9, 4.32, 5.14, 5.05, 4.61, 4.14, 3.4, 3.15, 3.31, 3.88, 4.44, 3.95, 2.73, 2.95, 2.88, 2.64, 1.91, 1.69, 1.65, 1.59, 1.76, 1.61, 1.12, 1.23, 1.45, 1.76, 2.19, 2.37, 1.89, 1.07, 0.79, 0, 1.35, 1.24, 1.18, 1.69, 1.64, 1.6, 1.9, 1.77, 1.97, 2.73, 2.63, 2.1, 1.9, 2.7, 4.215, 5.405, 5.14, 4.022, 2.32, 2.32, 2.71, 2.84, 2.8, 2.81, 2.72, 2.96, 3.27, 3.34, 3.15, 2.9, 2.36, 1.97, 2.11, 2.16, 2.06, 3.48, 4.42, 4.2, 4.09, 4.32, 4.14, 5.213, 7.833, 8.954], [4.7, 4.48, 4.55, 4.87, 4.57, 3.55, 3.41, 3.0, 2.99, 3.09, 3.31, 3.73, 4.49, 4.44, 3.94, 3.59, 2.93, 2.58, 2.72, 3.33, 3.79, 3.34, 2.58, 3.1, 3.03, 2.71, 2.0, 2.0, 1.94, 1.92, 1.93, 1.92, 1.47, 1.42, 2.0, 2.39, 2.66, 2.84, 2.08, 1.4, 1.58, 1.35, 0, 0.83, 1.07, 1.64, 1.49, 1.79, 2.29, 2.14, 2.64, 3.16, 2.42, 1.75, 1.41, 2.25, 3.708, 4.904, 4.48, 3.349, 1.73, 1.45, 1.74, 1.99, 1.97, 1.96, 1.91, 2.11, 2.62, 2.73, 2.38, 2.39, 1.97, 1.6, 1.86, 1.85, 1.95, 3.51, 4.31, 4.17, 3.98, 4.15, 3.93, 4.58, 7.083, 8.136], [4.73, 4.33, 4.32, 4.64, 4.36, 3.54, 3.44, 3.05, 3.04, 3.16, 3.4, 3.8, 4.58, 4.49, 4.05, 3.62, 2.92, 2.61, 2.77, 3.36, 3.9, 3.39, 2.51, 2.95, 2.88, 2.54, 1.87, 1.85, 1.59, 1.65, 1.76, 1.71, 1.54, 1.43, 1.99, 2.4, 2.55, 2.73, 1.95, 1.25, 1.41, 1.24, 0.83, 0, 0.84, 1.33, 1.2, 1.58, 2.2, 2.03, 2.45, 3.07, 2.53, 1.84, 1.38, 2.3, 3.538, 4.7, 4.416, 3.3, 1.6, 1.48, 1.73, 1.94, 1.94, 1.984, 1.88, 2.08, 2.525, 2.54, 2.21, 2.26, 1.92, 1.51, 1.53, 1.52, 1.78, 3.3, 4.08, 3.96, 3.77, 3.98, 3.78, 4.57, 7.153, 8.217], [4.55, 4.15, 4.06, 4.42, 4.16, 3.2, 3.14, 2.69, 2.74, 2.86, 3.1, 3.52, 4.34, 4.25, 3.79, 3.32, 2.6, 2.33, 2.49, 3.08, 3.62, 3.13, 2.11, 2.61, 2.62, 2.2, 1.65, 1.71, 1.41, 1.39, 1.48, 1.67, 1.3, 1.39, 1.97, 2.38, 2.69, 2.85, 2.13, 1.29, 1.27, 1.18, 1.07, 0.84, 0, 0.87, 1.18, 1.8, 2.34, 2.17, 2.71, 3.49, 2.97, 2.3, 1.72, 2.1, 3.484, 4.677, 4.367, 3.22, 1.84, 1.86, 2.07, 2.1, 2.02, 2.09, 2.02, 2.26, 2.59, 2.62, 2.39, 2.26, 1.82, 1.65, 1.79, 1.52, 1.52, 2.98, 3.84, 3.62, 3.45, 3.68, 3.48, 4.49, 7.073, 8.137], [4.1, 3.66, 3.51, 3.83, 3.59, 2.65, 2.61, 2.18, 2.27, 2.35, 2.63, 2.99, 3.87, 3.78, 3.32, 2.83, 2.11, 1.9, 2.0, 2.61, 3.15, 2.72, 1.84, 2.42, 2.37, 2.05, 2.06, 2.04, 1.62, 1.78, 1.87, 2.04, 1.69, 1.72, 2.34, 2.747, 2.94, 3.18, 2.4, 1.82, 1.8, 1.69, 1.64, 1.33, 0.87, 0, 1.17, 2.09, 2.77, 2.64, 3.22, 4.08, 3.5, 2.79, 2.15, 2.01, 3.13, 4.3, 4.03, 2.9, 2.05, 2.23, 2.34, 2.23, 2.11, 2.04, 2.03, 2.15, 2.38, 2.37, 2.3, 2.19, 2.01, 1.78, 1.82, 1.37, 1.23, 2.41, 3.31, 3.17, 2.94, 3.17, 3.11, 4.08, 6.74, 7.827], [4.55, 4.11, 3.82, 4.24, 3.96, 3.22, 3.1, 2.59, 2.68, 2.88, 3.22, 3.6, 4.38, 4.29, 3.83, 3.38, 2.8, 2.59, 2.55, 3.08, 3.68, 3.29, 2.49, 3.03, 3.04, 2.6, 2.05, 1.95, 1.73, 1.65, 1.92, 1.97, 1.68, 1.53, 1.99, 2.34, 2.53, 2.75, 2.03, 1.71, 1.71, 1.64, 1.49, 1.2, 1.18, 1.17, 0, 1.6, 2.34, 2.21, 2.77, 3.63, 3.17, 2.48, 1.92, 2.4, 3.52, 4.673, 4.432, 3.43, 2.06, 1.9, 2.01, 2.18, 2.1, 2.15, 2.02, 2.12, 2.57, 2.5, 2.29, 2.4, 2.04, 1.69, 1.69, 1.7, 1.62, 2.88, 3.64, 3.46, 3.17, 3.6, 3.5, 4.49, 7.147, 8.265], [5.95, 5.53, 5.24, 5.7, 5.48, 4.6, 4.56, 4.09, 4.16, 4.3, 4.56, 4.96, 5.8, 5.71, 5.27, 4.8, 4.06, 3.79, 3.95, 4.52, 5.08, 4.61, 3.39, 3.63, 3.58, 3.28, 2.43, 2.07, 2.07, 2.03, 2.12, 2.01, 1.68, 1.19, 1.27, 1.42, 1.29, 1.43, 1.21, 1.49, 1.63, 1.6, 1.79, 1.58, 1.8, 2.09, 1.6, 0, 0.92, 0.93, 1.51, 2.33, 2.01, 1.62, 1.96, 3.52, 4.84, 6.062, 5.829, 4.676, 2.72, 2.14, 2.889, 3.2, 3.28, 3.389, 3.199, 3.42, 3.91, 3.84, 3.53, 3.6, 3.14, 2.57, 2.57, 2.62, 2.66, 4.1, 4.96, 4.82, 4.61, 4.9, 4.74, 5.91, 8.544, 9.671], [6.67, 6.27, 6.0, 6.42, 6.26, 5.38, 5.34, 4.89, 4.94, 5.08, 5.32, 5.74, 6.54, 6.45, 6.03, 5.56, 4.82, 4.55, 4.71, 5.28, 5.84, 5.35, 4.11, 4.19, 4.14, 3.82, 2.89, 2.57, 2.63, 2.57, 2.6, 2.41, 2.14, 1.71, 1.43, 1.46, 0.97, 1.05, 1.19, 1.73, 1.77, 1.9, 2.29, 2.2, 2.34, 2.77, 2.34, 0.92, 0, 0.67, 1.29, 2.03, 1.85, 1.86, 2.48, 3.94, 5.463, 6.69, 6.451, 5.298, 3.331, 2.78, 3.53, 3.84, 3.919, 4.029, 3.839, 4.06, 4.55, 4.48, 4.17, 4.14, 3.62, 3.09, 3.11, 3.2, 3.32, 4.72, 5.54, 5.4, 5.41, 5.66, 5.44, 6.55, 9.204, 10.311], [6.52, 6.14, 5.91, 6.35, 6.15, 5.29, 5.25, 4.78, 4.85, 4.99, 5.23, 5.63, 6.43, 6.34, 5.92, 5.45, 4.71, 4.44, 4.6, 5.19, 5.73, 5.24, 4.0, 4.04, 4.01, 3.61, 2.74, 2.46, 2.56, 2.52, 2.51, 2.12, 1.97, 1.54, 1.42, 1.39, 1.18, 1.24, 1.3, 1.58, 1.64, 1.77, 2.14, 2.03, 2.17, 2.64, 2.21, 0.93, 0.67, 0, 0.96, 1.9, 1.82, 1.73, 2.27, 3.65, 5.27, 6.5, 6.258, 5.105, 3.141, 2.583, 3.34, 3.65, 3.73, 3.84, 3.65, 3.87, 4.36, 4.29, 3.98, 3.95, 3.45, 2.94, 3.04, 3.07, 3.13, 4.63, 5.51, 5.35, 5.32, 5.53, 5.25, 6.38, 9.0, 10.118], [7.04, 6.7, 6.47, 6.93, 6.71, 5.85, 5.81, 5.34, 5.41, 5.55, 5.79, 6.19, 6.97, 6.88, 6.44, 5.97, 5.23, 4.96, 5.14, 5.73, 6.27, 5.8, 4.54, 4.48, 4.37, 4.05, 3.2, 3.02, 3.12, 2.88, 2.99, 2.64, 2.33, 1.98, 1.56, 1.59, 1.58, 1.68, 1.88, 1.66, 1.88, 1.97, 2.64, 2.45, 2.71, 3.22, 2.77, 1.51, 1.29, 0.96, 0, 1.32, 1.64, 2.05, 2.61, 3.85, 5.57, 6.8, 6.57, 5.42, 3.49, 2.99, 3.7, 4.01, 4.11, 4.2, 4.01, 4.25, 4.72, 4.65, 4.36, 4.33, 3.81, 3.38, 3.5, 3.53, 3.65, 5.17, 6.05, 5.91, 5.86, 6.09, 5.81, 6.82, 9.4, 10.43], [7.46, 7.24, 7.19, 7.61, 7.43, 6.57, 6.51, 6.1, 6.11, 6.23, 6.47, 6.85, 7.55, 7.42, 6.96, 6.41, 5.67, 5.5, 5.72, 6.27, 6.81, 6.42, 5.44, 5.4, 5.27, 4.99, 4.1, 3.92, 4.0, 3.8, 3.87, 3.52, 3.17, 2.76, 2.44, 2.19, 2.06, 2.18, 2.6, 2.42, 2.72, 2.73, 3.16, 3.07, 3.49, 4.08, 3.63, 2.33, 2.03, 1.9, 1.32, 0, 1.38, 1.97, 2.71, 3.91, 5.67, 6.9, 6.67, 5.52, 3.57, 3.03, 3.8, 4.13, 4.23, 4.34, 4.13, 4.37, 4.84, 4.77, 4.52, 4.51, 4.15, 3.72, 3.8, 3.93, 4.39, 5.87, 6.67, 6.61, 6.66, 6.93, 6.61, 7.38, 9.56, 10.57], [6.74, 6.56, 6.59, 7.09, 6.83, 5.65, 5.55, 5.16, 5.21, 5.39, 5.57, 5.91, 6.69, 6.66, 6.02, 5.47, 4.77, 4.62, 4.84, 5.35, 5.83, 5.44, 4.66, 4.96, 4.91, 4.45, 3.6, 3.4, 3.6, 3.42, 3.31, 3.12, 2.61, 2.3, 2.24, 2.31, 1.96, 2.16, 2.3, 2.0, 2.5, 2.63, 2.42, 2.53, 2.97, 3.5, 3.17, 2.01, 1.85, 1.82, 1.64, 1.38, 0, 0.93, 1.67, 3.07, 4.85, 6.06, 5.75, 4.56, 2.55, 2.15, 2.82, 3.27, 3.29, 3.42, 3.19, 3.45, 3.96, 3.87, 3.74, 3.75, 3.49, 3.06, 3.4, 3.49, 3.85, 5.51, 6.35, 6.31, 6.12, 6.35, 6.01, 6.66, 8.66, 9.53], [5.95, 5.77, 5.86, 6.32, 6.06, 4.84, 4.82, 4.43, 4.46, 4.62, 4.82, 5.16, 5.9, 5.85, 5.23, 4.7, 4.02, 3.85, 4.05, 4.52, 5.08, 4.65, 4.01, 4.39, 4.38, 3.94, 3.09, 2.81, 2.95, 2.79, 2.74, 2.63, 2.16, 1.83, 2.03, 2.36, 2.29, 2.37, 2.15, 1.83, 2.15, 2.1, 1.75, 1.84, 2.3, 2.79, 2.48, 1.62, 1.86, 1.73, 2.05, 1.97, 0.93, 0, 1.04, 2.56, 4.2, 5.39, 5.04, 3.89, 1.82, 1.36, 2.05, 2.46, 2.52, 2.61, 2.42, 2.74, 3.21, 3.18, 2.89, 2.98, 2.82, 2.39, 2.67, 2.78, 3.16, 4.88, 5.68, 5.62, 5.43, 5.62, 5.3, 5.87, 7.91, 8.82], [5.25, 5.09, 5.1, 5.62, 5.36, 4.24, 4.18, 3.75, 3.8, 3.96, 4.12, 4.44, 5.2, 5.19, 4.57, 4.02, 3.32, 3.19, 3.43, 3.92, 4.42, 4.03, 3.33, 3.83, 3.82, 3.4, 2.59, 2.39, 2.51, 2.43, 2.42, 2.49, 1.92, 1.69, 2.27, 2.72, 2.989, 3.13, 2.41, 1.87, 2.01, 1.9, 1.41, 1.38, 1.72, 2.15, 1.92, 1.96, 2.48, 2.27, 2.61, 2.71, 1.67, 1.04, 0, 1.72, 3.28, 4.51, 4.2, 3.01, 1.08, 1.06, 1.37, 1.8, 1.8, 1.91, 1.7, 2.02, 2.47, 2.44, 2.31, 2.42, 2.28, 1.73, 1.91, 2.08, 2.54, 4.18, 4.96, 4.92, 4.75, 4.96, 4.6, 5.19, 7.13, 7.98], [4.21, 4.13, 4.14, 4.64, 4.38, 3.38, 3.28, 2.85, 2.9, 3.04, 3.24, 3.5, 4.16, 4.09, 3.53, 2.98, 2.38, 2.63, 2.57, 2.92, 3.46, 3.13, 3.23, 4.05, 4.14, 3.82, 3.49, 3.53, 3.15, 3.17, 3.4, 3.59, 3.0, 2.99, 3.59, 3.96, 4.43, 4.67, 3.71, 2.87, 2.748, 2.7, 2.25, 2.3, 2.1, 2.01, 2.4, 3.52, 3.94, 3.65, 3.85, 3.91, 3.07, 2.56, 1.72, 0, 2.06, 3.29, 2.94, 1.81, 1.5, 1.84, 1.73, 1.86, 1.7, 1.57, 1.58, 1.72, 1.85, 1.86, 1.79, 1.7, 1.72, 1.85, 2.17, 2.04, 2.02, 3.4, 4.16, 4.2, 4.01, 4.26, 3.96, 4.15, 6.03, 6.84], [3.05, 2.97, 2.84, 3.34, 3.14, 2.7, 2.9, 3.03, 2.9, 2.759, 2.74, 2.76, 2.98, 2.87, 2.53, 2.0, 2.1, 2.61, 2.61, 2.34, 2.98, 2.81, 3.51, 4.51, 4.7, 4.619, 4.946, 4.915, 4.471, 4.591, 4.745, 4.91, 4.649, 4.65, 5.339, 5.729, 5.916, 6.05, 5.13, 4.55, 4.305, 4.215, 3.708, 3.538, 3.484, 3.13, 3.52, 4.84, 5.463, 5.27, 5.57, 5.67, 4.85, 4.2, 3.28, 2.06, 0, 1.35, 1.42, 1.23, 2.64, 3.22, 2.75, 2.6, 2.46, 2.19, 2.38, 2.24, 2.05, 2.04, 2.29, 2.24, 2.56, 2.67, 2.81, 2.5, 2.48, 2.66, 3.04, 3.16, 3.51, 3.72, 3.26, 3.07, 4.57, 5.26], [2.82, 2.7, 2.71, 3.01, 2.95, 3.11, 3.33, 3.558, 3.474, 3.426, 3.381, 3.081, 2.57, 2.3, 2.44, 2.55, 3.15, 3.48, 3.5, 2.85, 3.13, 3.02, 4.04, 5.098, 5.265, 5.339, 6.065, 6.034, 5.631, 5.807, 5.869, 6.09, 5.859, 5.86, 6.563, 6.967, 7.143, 7.257, 6.28, 5.74, 5.589, 5.405, 4.904, 4.7, 4.677, 4.3, 4.673, 6.062, 6.69, 6.5, 6.8, 6.9, 6.06, 5.39, 4.51, 3.29, 1.35, 0, 0.97, 1.76, 3.73, 4.31, 3.78, 3.35, 3.29, 3.14, 3.27, 3.05, 2.46, 2.55, 2.88, 2.81, 3.25, 3.729, 3.723, 3.57, 3.71, 3.13, 3.09, 3.25, 3.6, 3.99, 3.53, 2.94, 3.72, 4.27], [3.09, 3.09, 3.14, 3.44, 3.26, 3.22, 3.34, 3.23, 3.254, 3.139, 3.154, 3.094, 2.84, 2.35, 2.33, 2.44, 2.84, 3.09, 3.05, 2.68, 3.04, 2.91, 3.93, 4.87, 5.01, 5.046, 5.738, 5.775, 5.369, 5.546, 5.602, 5.826, 5.514, 5.562, 6.264, 6.709, 6.893, 7.03, 6.03, 5.43, 5.313, 5.14, 4.48, 4.416, 4.367, 4.03, 4.432, 5.829, 6.451, 6.258, 6.57, 6.67, 5.75, 5.04, 4.2, 2.94, 1.42, 0.97, 0, 1.37, 3.36, 3.9, 3.37, 2.96, 2.9, 2.71, 2.86, 2.68, 2.33, 2.32, 2.57, 2.56, 3.1, 3.55, 3.524, 3.36, 3.36, 3.5, 3.58, 3.68, 3.89, 3.94, 3.52, 3.11, 4.01, 4.52], [3.36, 3.42, 3.43, 3.75, 3.53, 2.87, 2.93, 2.74, 2.73, 2.57, 2.69, 2.83, 3.07, 2.94, 2.54, 2.35, 2.33, 2.54, 2.48, 2.73, 2.97, 2.74, 3.1, 3.84, 3.99, 3.93, 4.59, 4.648, 4.238, 4.412, 4.418, 4.678, 4.333, 4.4, 5.103, 5.539, 5.751, 5.88, 4.88, 4.3, 4.169, 4.022, 3.349, 3.3, 3.22, 2.9, 3.43, 4.676, 5.298, 5.105, 5.42, 5.52, 4.56, 3.89, 3.01, 1.81, 1.23, 1.76, 1.37, 0, 2.17, 2.71, 2.2, 1.91, 1.83, 1.68, 1.79, 1.65, 1.26, 1.41, 1.88, 2.01, 2.27, 2.42, 2.4, 2.29, 2.49, 3.25, 3.73, 3.69, 3.54, 3.73, 3.41, 3.3, 4.76, 5.45], [4.69, 4.61, 4.64, 5.14, 4.88, 3.78, 3.72, 3.25, 3.32, 3.44, 3.54, 3.86, 4.56, 4.43, 3.87, 3.38, 2.86, 2.85, 2.97, 3.36, 3.82, 3.53, 3.11, 3.83, 3.8, 3.38, 2.91, 2.99, 2.69, 2.79, 2.84, 2.97, 2.52, 2.47, 3.105, 3.519, 3.769, 3.97, 2.99, 2.37, 2.53, 2.32, 1.73, 1.6, 1.84, 2.05, 2.06, 2.72, 3.331, 3.141, 3.49, 3.57, 2.55, 1.82, 1.08, 1.5, 2.64, 3.73, 3.36, 2.17, 0, 0.94, 0.95, 1.18, 1.22, 1.25, 1.16, 1.46, 1.65, 1.62, 1.63, 1.96, 1.98, 1.59, 1.59, 1.8, 2.38, 3.86, 4.68, 4.64, 4.43, 4.6, 4.34, 4.63, 6.35, 7.22], [4.81, 4.73, 4.84, 5.22, 4.96, 3.92, 3.82, 3.35, 3.42, 3.54, 3.68, 4.04, 4.78, 4.69, 4.13, 3.66, 3.1, 2.97, 3.07, 3.54, 4.04, 3.65, 3.19, 3.87, 3.84, 3.46, 2.85, 2.83, 2.71, 2.69, 2.68, 2.73, 2.48, 2.07, 2.61, 2.942, 3.192, 3.35, 2.43, 2.09, 2.43, 2.32, 1.45, 1.48, 1.86, 2.23, 1.9, 2.14, 2.78, 2.583, 2.99, 3.03, 2.15, 1.36, 1.06, 1.84, 3.22, 4.31, 3.9, 2.71, 0.94, 0, 0.91, 1.36, 1.42, 1.49, 1.3, 1.58, 2.07, 2.0, 1.79, 2.16, 2.24, 1.79, 1.85, 1.98, 2.62, 4.12, 4.9, 4.8, 4.55, 4.64, 4.38, 4.75, 6.75, 7.7], [4.4, 4.44, 4.53, 4.87, 4.59, 3.61, 3.51, 2.96, 3.03, 3.05, 3.17, 3.47, 4.07, 4.0, 3.5, 3.07, 2.79, 2.78, 2.78, 3.09, 3.57, 3.32, 3.2, 3.98, 3.91, 3.49, 3.14, 3.14, 2.98, 3.04, 2.95, 3.08, 2.79, 2.6, 3.246, 3.698, 3.939, 4.082, 3.082, 2.52, 2.8, 2.71, 1.74, 1.73, 2.07, 2.34, 2.01, 2.889, 3.53, 3.34, 3.7, 3.8, 2.82, 2.05, 1.37, 1.73, 2.75, 3.78, 3.37, 2.2, 0.95, 0.91, 0, 0.77, 0.85, 0.94, 0.83, 1.11, 1.5, 1.45, 1.4, 1.83, 1.87, 1.44, 1.62, 1.81, 2.47, 3.97, 4.73, 4.61, 4.32, 4.49, 4.25, 4.34, 5.94, 6.89], [3.91, 3.89, 4.1, 4.34, 4.08, 3.36, 3.24, 2.59, 2.74, 2.78, 2.86, 3.1, 3.68, 3.51, 3.05, 2.78, 2.74, 2.71, 2.59, 2.92, 3.28, 3.03, 3.03, 3.69, 3.6, 3.22, 3.29, 3.31, 3.09, 3.21, 3.1, 3.33, 2.98, 2.862, 3.562, 4.032, 4.258, 4.401, 3.41, 2.83, 2.97, 2.84, 1.99, 1.94, 2.1, 2.23, 2.18, 3.2, 3.84, 3.65, 4.01, 4.13, 3.27, 2.46, 1.8, 1.86, 2.6, 3.35, 2.96, 1.91, 1.18, 1.36, 0.77, 0, 0.4, 0.65, 0.52, 0.86, 1.09, 1.12, 1.25, 1.66, 1.64, 1.27, 1.35, 1.5, 2.32, 3.64, 4.28, 4.22, 3.93, 4.18, 3.9, 3.85, 5.53, 6.54], [3.77, 3.75, 3.96, 4.22, 3.94, 3.2, 3.06, 2.41, 2.58, 2.62, 2.72, 2.92, 3.52, 3.43, 2.89, 2.58, 2.54, 2.53, 2.41, 2.72, 3.1, 2.83, 2.93, 3.61, 3.58, 3.16, 3.25, 3.33, 3.09, 3.15, 3.04, 3.31, 2.92, 2.944, 3.644, 4.114, 4.329, 4.472, 3.49, 2.87, 2.97, 2.8, 1.97, 1.94, 2.02, 2.11, 2.1, 3.28, 3.919, 3.73, 4.11, 4.23, 3.29, 2.52, 1.8, 1.7, 2.46, 3.29, 2.9, 1.83, 1.22, 1.42, 0.85, 0.4, 0, 0.47, 0.46, 0.72, 1.01, 1.04, 1.27, 1.56, 1.48, 1.25, 1.33, 1.5, 2.2, 3.52, 4.14, 4.06, 3.79, 4.06, 3.78, 3.75, 5.47, 6.463], [3.68, 3.66, 3.81, 4.13, 3.85, 3.15, 2.99, 2.34, 2.49, 2.55, 2.65, 2.87, 3.45, 3.3, 2.78, 2.53, 2.37, 2.46, 2.28, 2.55, 3.07, 2.76, 2.92, 3.62, 3.57, 3.23, 3.36, 3.42, 3.12, 3.26, 3.17, 3.4, 3.03, 3.052, 3.754, 4.224, 4.445, 4.6, 3.6, 2.96, 3.0, 2.81, 1.96, 1.984, 2.09, 2.04, 2.15, 3.389, 4.029, 3.84, 4.2, 4.34, 3.42, 2.61, 1.91, 1.57, 2.19, 3.14, 2.71, 1.68, 1.25, 1.49, 0.94, 0.65, 0.47, 0, 0.33, 0.65, 0.94, 1.01, 1.14, 1.37, 1.41, 1.3, 1.38, 1.45, 2.07, 3.47, 3.99, 3.95, 3.74, 4.03, 3.75, 3.62, 5.36, 6.35], [3.79, 3.77, 3.94, 4.22, 3.96, 3.24, 3.1, 2.49, 2.58, 2.72, 2.76, 3.02, 3.58, 3.51, 2.97, 2.64, 2.52, 2.57, 2.39, 2.7, 3.22, 2.93, 2.97, 3.67, 3.62, 3.2, 3.21, 3.31, 3.05, 3.15, 3.08, 3.29, 2.88, 2.89, 3.567, 4.037, 4.252, 4.41, 3.41, 2.81, 2.95, 2.72, 1.91, 1.88, 2.02, 2.03, 2.02, 3.199, 3.839, 3.65, 4.01, 4.13, 3.19, 2.42, 1.7, 1.58, 2.38, 3.27, 2.86, 1.79, 1.16, 1.3, 0.83, 0.52, 0.46, 0.33, 0, 0.64, 1.05, 1.08, 1.15, 1.42, 1.44, 1.15, 1.21, 1.42, 2.08, 3.52, 4.1, 4.08, 3.83, 4.12, 3.84, 3.73, 5.57, 6.54], [3.51, 3.59, 3.72, 3.98, 3.72, 3.14, 2.96, 2.53, 2.6, 2.58, 2.7, 2.86, 3.36, 3.23, 2.77, 2.34, 2.46, 2.51, 2.43, 2.64, 3.08, 2.77, 2.95, 3.71, 3.62, 3.28, 3.43, 3.63, 3.31, 3.41, 3.38, 3.51, 3.18, 3.17, 3.779, 4.249, 4.478, 4.615, 3.63, 3.05, 3.21, 2.96, 2.11, 2.08, 2.26, 2.15, 2.12, 3.42, 4.06, 3.87, 4.25, 4.37, 3.45, 2.74, 2.02, 1.72, 2.24, 3.05, 2.68, 1.65, 1.46, 1.58, 1.11, 0.86, 0.72, 0.65, 0.64, 0, 0.69, 0.78, 1.21, 1.4, 1.44, 1.31, 1.35, 1.46, 2.2, 3.52, 3.98, 3.96, 3.67, 3.96, 3.7, 3.51, 5.31, 6.3], [3.34, 3.3, 3.43, 3.71, 3.49, 2.87, 2.75, 2.5, 2.53, 2.55, 2.63, 2.71, 3.03, 2.9, 2.56, 2.21, 2.49, 2.44, 2.36, 2.57, 2.91, 2.64, 2.88, 3.66, 3.59, 3.37, 3.875, 3.96, 3.68, 3.76, 3.75, 3.9, 3.59, 3.62, 4.306, 4.756, 4.974, 5.111, 4.12, 3.52, 3.52, 3.27, 2.62, 2.525, 2.59, 2.38, 2.57, 3.91, 4.55, 4.36, 4.72, 4.84, 3.96, 3.21, 2.47, 1.85, 2.05, 2.46, 2.33, 1.26, 1.65, 2.07, 1.5, 1.09, 1.01, 0.94, 1.05, 0.69, 0, 0.49, 1.24, 1.35, 1.57, 1.62, 1.6, 1.65, 2.37, 3.25, 3.69, 3.67, 3.44, 3.73, 3.45, 3.26, 4.82, 5.81], [3.47, 3.41, 3.5, 3.8, 3.58, 2.98, 2.78, 2.45, 2.54, 2.6, 2.68, 2.82, 3.1, 2.95, 2.59, 2.28, 2.54, 2.45, 2.39, 2.54, 3.0, 2.71, 2.97, 3.87, 3.74, 3.42, 3.91, 4.05, 3.73, 3.81, 3.78, 3.95, 3.64, 3.61, 4.233, 4.66, 4.907, 5.047, 4.067, 3.49, 3.57, 3.34, 2.73, 2.54, 2.62, 2.37, 2.5, 3.84, 4.48, 4.29, 4.65, 4.77, 3.87, 3.18, 2.44, 1.86, 2.04, 2.55, 2.32, 1.41, 1.62, 2.0, 1.45, 1.12, 1.04, 1.01, 1.08, 0.78, 0.49, 0, 1.07, 1.44, 1.66, 1.67, 1.67, 1.64, 2.46, 3.38, 3.76, 3.74, 3.49, 3.88, 3.62, 3.39, 4.91, 5.9], [3.78, 3.68, 3.77, 4.13, 3.93, 3.37, 3.19, 2.56, 2.67, 2.89, 3.01, 3.19, 3.43, 3.04, 2.68, 2.59, 2.61, 2.74, 2.5, 2.71, 3.37, 3.02, 3.52, 4.28, 4.21, 3.83, 3.62, 3.7, 3.4, 3.42, 3.47, 3.6, 3.39, 3.28, 3.92, 4.35, 4.574, 4.74, 3.72, 3.08, 3.22, 3.15, 2.38, 2.21, 2.39, 2.3, 2.29, 3.53, 4.17, 3.98, 4.36, 4.52, 3.74, 2.89, 2.31, 1.79, 2.29, 2.88, 2.57, 1.88, 1.63, 1.79, 1.4, 1.25, 1.27, 1.14, 1.15, 1.21, 1.24, 1.07, 0, 0.77, 1.25, 1.6, 1.76, 1.89, 2.41, 3.57, 3.95, 4.01, 3.96, 4.23, 3.99, 3.74, 5.22, 6.25], [3.77, 3.67, 3.7, 4.02, 3.86, 3.5, 3.38, 2.77, 2.82, 3.12, 3.24, 3.44, 3.42, 3.03, 2.73, 2.64, 2.6, 2.91, 2.71, 2.84, 3.54, 3.13, 3.65, 4.33, 4.3, 3.92, 3.59, 3.53, 3.25, 3.39, 3.48, 3.55, 3.24, 3.23, 3.89, 4.34, 4.57, 4.79, 3.81, 3.09, 3.09, 2.9, 2.39, 2.26, 2.26, 2.19, 2.4, 3.6, 4.14, 3.95, 4.33, 4.51, 3.75, 2.98, 2.42, 1.7, 2.24, 2.81, 2.56, 2.01, 1.96, 2.16, 1.83, 1.66, 1.56, 1.37, 1.42, 1.4, 1.35, 1.44, 0.77, 0, 0.86, 1.39, 1.69, 1.84, 2.2, 3.58, 3.88, 4.02, 4.11, 4.34, 4.08, 3.81, 5.23, 6.26], [4.05, 3.85, 3.86, 4.14, 3.94, 3.58, 3.48, 3.01, 2.96, 3.16, 3.24, 3.44, 3.58, 3.35, 2.91, 2.84, 2.66, 2.89, 2.77, 3.02, 3.66, 3.29, 3.47, 4.01, 4.0, 3.72, 3.21, 3.17, 2.75, 2.77, 2.94, 3.11, 2.68, 2.81, 3.41, 3.8, 4.03, 4.25, 3.33, 2.61, 2.53, 2.36, 1.97, 1.92, 1.82, 2.01, 2.04, 3.14, 3.62, 3.45, 3.81, 4.15, 3.49, 2.82, 2.28, 1.72, 2.56, 3.25, 3.1, 2.27, 1.98, 2.24, 1.87, 1.64, 1.48, 1.41, 1.44, 1.44, 1.57, 1.66, 1.25, 0.86, 0, 1.01, 1.39, 1.54, 1.78, 3.46, 3.9, 4.04, 3.91, 4.34, 4.1, 3.95, 5.73, 6.774], [4.14, 3.94, 3.87, 4.29, 4.07, 3.47, 3.47, 2.94, 2.99, 3.11, 3.13, 3.39, 3.85, 3.72, 3.26, 2.87, 2.59, 2.8, 2.74, 3.11, 3.65, 3.34, 3.22, 3.76, 3.71, 3.33, 2.9, 2.72, 2.42, 2.58, 2.69, 2.78, 2.27, 2.22, 2.88, 3.25, 3.46, 3.74, 2.9, 2.24, 2.2, 1.97, 1.6, 1.51, 1.65, 1.78, 1.69, 2.57, 3.09, 2.94, 3.38, 3.72, 3.06, 2.39, 1.73, 1.85, 2.67, 3.729, 3.55, 2.42, 1.59, 1.79, 1.44, 1.27, 1.25, 1.3, 1.15, 1.31, 1.62, 1.67, 1.6, 1.39, 1.01, 0, 0.82, 1.11, 1.69, 3.27, 3.93, 4.07, 3.92, 4.27, 3.97, 4.06, 6.197, 7.278], [4.0, 3.86, 3.67, 3.95, 3.83, 3.31, 3.33, 2.84, 2.89, 2.97, 3.03, 3.31, 3.77, 3.66, 3.22, 2.85, 2.57, 2.64, 2.62, 2.99, 3.55, 3.24, 2.96, 3.42, 3.35, 3.09, 2.96, 2.92, 2.48, 2.68, 2.85, 2.88, 2.49, 2.48, 3.1, 3.41, 3.52, 3.76, 3.02, 2.46, 2.32, 2.11, 1.86, 1.53, 1.79, 1.82, 1.69, 2.57, 3.11, 3.04, 3.5, 3.8, 3.4, 2.67, 1.91, 2.17, 2.81, 3.723, 3.524, 2.4, 1.59, 1.85, 1.62, 1.35, 1.33, 1.38, 1.21, 1.35, 1.6, 1.67, 1.76, 1.69, 1.39, 0.82, 0, 0.79, 1.71, 2.95, 3.53, 3.73, 3.7, 4.09, 3.83, 4.04, 6.177, 7.278], [3.71, 3.47, 3.34, 3.68, 3.54, 2.88, 2.86, 2.51, 2.56, 2.58, 2.7, 3.0, 3.66, 3.57, 3.11, 2.62, 2.28, 2.17, 2.27, 2.68, 3.26, 2.87, 2.51, 3.11, 3.0, 2.78, 2.89, 2.857, 2.31, 2.53, 2.68, 2.91, 2.5, 2.47, 3.159, 3.489, 3.596, 3.79, 3.05, 2.45, 2.33, 2.16, 1.85, 1.52, 1.52, 1.37, 1.7, 2.62, 3.2, 3.07, 3.53, 3.93, 3.49, 2.78, 2.08, 2.04, 2.5, 3.57, 3.36, 2.29, 1.8, 1.98, 1.81, 1.5, 1.5, 1.45, 1.42, 1.46, 1.65, 1.64, 1.89, 1.84, 1.54, 1.11, 0.79, 0, 1.36, 2.52, 3.14, 3.28, 3.21, 3.54, 3.28, 3.63, 6.064, 7.179], [3.55, 3.21, 2.96, 3.38, 3.16, 2.42, 2.58, 2.39, 2.16, 2.14, 2.38, 2.62, 3.4, 3.31, 2.89, 2.4, 1.84, 1.85, 1.91, 2.42, 2.96, 2.47, 2.05, 2.75, 2.96, 2.84, 2.86, 2.74, 2.25, 2.34, 2.58, 2.75, 2.38, 2.49, 3.05, 3.4, 3.61, 3.85, 3.07, 2.43, 2.13, 2.06, 1.95, 1.78, 1.52, 1.23, 1.62, 2.66, 3.32, 3.13, 3.65, 4.39, 3.85, 3.16, 2.54, 2.02, 2.48, 3.71, 3.36, 2.49, 2.38, 2.62, 2.47, 2.32, 2.2, 2.07, 2.08, 2.2, 2.37, 2.46, 2.41, 2.2, 1.78, 1.69, 1.71, 1.36, 0, 1.92, 2.7, 2.84, 2.65, 2.88, 2.68, 3.43, 6.084, 7.165], [2.17, 1.85, 1.5, 1.9, 2.06, 1.86, 2.14, 2.61, 2.4, 2.18, 2.18, 1.88, 2.28, 2.25, 2.39, 2.04, 1.98, 1.99, 2.07, 2.14, 2.32, 2.09, 2.29, 3.37, 3.521, 3.595, 4.172, 4.1, 3.557, 3.717, 3.98, 4.19, 3.82, 3.91, 4.49, 4.78, 4.95, 5.25, 4.57, 3.95, 3.57, 3.48, 3.51, 3.3, 2.98, 2.41,