[[0, 1.44, 2.25, 2.16, 2.21, 2.49, 2.12, 2.16, 1.79, 1.7, 1.8, 1.95, 2.1, 1.81, 1.56, 1.61, 1.78, 1.58, 1.82, 2.2, 3.19, 3.83, 3.93, 3.79, 4.32, 5.295, 5.488, 5.535, 5.465, 5.166, 5.478, 6.526, 6.403, 6.026, 6.356, 6.979, 6.049, 5.772, 5.973, 6.213, 5.787, 5.773, 5.701, 6.108, 6.241, 5.748, 5.77, 6.633, 8.002, 8.132, 7.99, 8.288, 8.775, 9.41, 8.61, 7.748, 7.453, 7.519, 8.102, 7.573, 7.233, 6.89, 6.403, 6.543, 6.506, 6.063, 5.796, 5.806, 5.576, 6.256, 6.196, 6.163, 5.989, 5.686, 6.08, 5.664, 5.141, 5.233, 5.109, 5.158, 4.929, 4.823, 5.177, 4.93, 4.421, 4.338], [1.44, 0, 1.05, 1.14, 1.25, 2.09, 1.92, 1.78, 1.73, 2.08, 2.08, 2.15, 2.14, 2.15, 2.4, 2.79, 2.68, 2.48, 2.74, 3.32, 4.35, 4.93, 5.07, 4.95, 5.3, 6.07, 6.28, 6.29, 6.22, 5.91, 6.23, 7.21, 7.09, 6.71, 7.02, 7.7, 6.79, 6.45, 6.42, 6.155, 5.618, 5.628, 5.88, 6.368, 6.598, 6.008, 5.958, 6.55, 7.528, 7.658, 7.818, 7.795, 8.3, 8.62, 7.725, 7.298, 7.11, 7.248, 7.49, 7.03, 7.05, 7.2, 6.73, 6.83, 6.91, 6.57, 6.48, 6.45, 6.02, 6.94, 6.92, 6.79, 6.73, 6.39, 6.69, 6.22, 5.58, 5.88, 5.87, 5.93, 5.67, 5.45, 5.75, 5.42, 4.92, 5.13], [2.25, 1.05, 0, 0.67, 0.96, 1.94, 2.13, 1.89, 2.02, 2.43, 2.45, 2.38, 2.15, 2.48, 2.91, 3.34, 3.31, 3.05, 3.31, 3.81, 4.92, 5.42, 5.6, 5.42, 5.77, 6.42, 6.65, 6.7, 6.63, 6.2, 6.62, 7.52, 7.38, 7.06, 7.31, 7.91, 7.12, 6.78, 6.63, 6.11, 5.61, 5.62, 5.89, 6.42, 6.65, 6.04, 5.95, 6.64, 7.44, 7.61, 7.71, 7.69, 8.16, 8.14, 7.32, 7.03, 6.92, 7.18, 7.48, 7.08, 7.1, 7.37, 6.96, 7.06, 7.12, 6.84, 6.77, 6.76, 6.25, 7.23, 7.29, 7.02, 6.98, 6.58, 6.82, 6.37, 5.73, 6.03, 6.18, 6.3, 6.04, 5.7, 5.9, 5.67, 5.15, 5.48], [2.16, 1.14, 0.67, 0, 0.69, 1.97, 2.14, 1.92, 1.91, 2.38, 2.42, 2.41, 2.26, 2.61, 2.82, 3.15, 3.12, 2.84, 3.04, 3.64, 4.67, 5.13, 5.31, 5.21, 5.56, 6.11, 6.4, 6.43, 6.36, 5.93, 6.35, 7.25, 7.13, 6.79, 7.08, 7.64, 6.85, 6.53, 6.54, 6.08, 5.38, 5.41, 5.72, 6.21, 6.34, 5.75, 5.66, 6.41, 7.19, 7.68, 7.7, 7.58, 7.99, 8.19, 7.37, 7.1, 6.91, 6.97, 7.23, 6.93, 6.95, 7.22, 6.79, 6.83, 6.97, 6.59, 6.52, 6.49, 6.06, 6.98, 7.02, 6.77, 6.73, 6.29, 6.53, 6.08, 5.48, 5.74, 5.87, 6.03, 5.77, 5.45, 5.63, 5.42, 4.9, 5.19], [2.21, 1.25, 0.96, 0.69, 0, 1.64, 1.85, 1.51, 1.64, 2.17, 2.13, 2.04, 2.13, 2.64, 2.83, 3.06, 3.09, 2.75, 2.83, 3.61, 4.6, 5.04, 5.24, 5.26, 5.73, 6.28, 6.57, 6.56, 6.49, 6.04, 6.48, 7.36, 7.2, 6.9, 7.19, 7.69, 6.96, 6.64, 6.59, 6.13, 5.55, 5.56, 5.87, 6.36, 6.47, 5.94, 5.79, 6.5, 7.32, 7.83, 7.85, 7.73, 8.16, 8.32, 7.48, 7.13, 7.04, 7.06, 7.32, 7.04, 7.04, 7.27, 6.88, 6.92, 7.02, 6.68, 6.61, 6.6, 6.11, 7.05, 7.13, 6.84, 6.8, 6.36, 6.62, 6.17, 5.57, 5.83, 5.98, 6.16, 5.88, 5.56, 5.76, 5.51, 5.07, 5.38], [2.49, 2.09, 1.94, 1.97, 1.64, 0, 1.07, 0.89, 1.32, 1.75, 1.61, 1.48, 2.17, 2.84, 3.11, 3.36, 3.21, 3.05, 2.95, 3.91, 4.76, 5.18, 5.4, 5.66, 6.19, 6.8, 7.13, 7.14, 7.07, 6.6, 7.06, 7.9, 7.76, 7.46, 7.69, 8.23, 7.5, 7.16, 6.97, 6.43, 5.99, 6.0, 6.07, 6.7, 6.89, 6.3, 6.15, 7.02, 7.88, 8.11, 8.05, 8.29, 8.92, 9.04, 8.22, 7.37, 7.44, 7.7, 8.26, 7.76, 7.46, 7.75, 7.34, 7.44, 7.5, 7.22, 7.15, 7.14, 6.63, 7.61, 7.69, 7.4, 7.36, 6.9, 7.04, 6.63, 6.09, 6.33, 6.56, 6.74, 6.46, 6.14, 6.22, 6.03, 5.55, 6.0], [2.12, 1.92, 2.13, 2.14, 1.85, 1.07, 0, 0.86, 1.21, 1.78, 1.56, 1.37, 1.96, 2.63, 2.92, 3.13, 3.02, 2.8, 2.66, 3.64, 4.37, 4.73, 5.17, 5.43, 6.04, 6.69, 6.94, 6.99, 6.92, 6.53, 6.91, 7.89, 7.75, 7.39, 7.7, 8.22, 7.45, 7.11, 7.08, 6.94, 6.56, 6.47, 6.64, 7.25, 7.42, 6.89, 6.74, 7.45, 8.37, 8.56, 8.56, 8.8, 9.37, 9.43, 8.63, 7.9, 7.93, 8.05, 8.63, 8.05, 7.85, 7.82, 7.33, 7.49, 7.51, 7.27, 7.14, 7.13, 6.72, 7.62, 7.58, 7.51, 7.35, 6.95, 7.35, 6.92, 6.4, 6.5, 6.43, 6.61, 6.33, 6.17, 6.53, 6.2, 5.6, 5.81], [2.16, 1.78, 1.89, 1.92, 1.51, 0.89, 0.86, 0, 0.73, 1.44, 1.34, 1.09, 1.68, 2.43, 2.74, 3.03, 2.88, 2.68, 2.6, 3.44, 4.27, 4.71, 4.95, 5.21, 5.78, 6.45, 6.72, 6.77, 6.7, 6.25, 6.69, 7.55, 7.43, 7.11, 7.34, 7.88, 7.15, 6.81, 6.74, 6.44, 6.04, 5.97, 6.16, 6.75, 6.94, 6.39, 6.22, 6.93, 7.85, 8.08, 8.08, 8.28, 8.85, 8.91, 8.09, 7.38, 7.45, 7.61, 8.09, 7.57, 7.39, 7.46, 7.01, 7.17, 7.15, 6.93, 6.8, 6.79, 6.34, 7.26, 7.34, 7.19, 7.01, 6.59, 6.95, 6.48, 5.94, 6.14, 6.19, 6.37, 6.09, 5.87, 6.13, 5.82, 5.3, 5.59], [1.79, 1.73, 2.02, 1.91, 1.64, 1.32, 1.21, 0.73, 0, 0.99, 1.15, 1.22, 1.65, 2.02, 2.23, 2.52, 2.41, 2.27, 2.31, 3.03, 3.9, 4.46, 4.54, 4.72, 5.23, 6.0, 6.31, 6.36, 6.29, 5.9, 6.28, 7.26, 7.14, 6.78, 7.07, 7.61, 6.82, 6.48, 6.43, 6.31, 5.83, 5.76, 5.93, 6.54, 6.69, 6.16, 6.01, 6.74, 7.66, 8.09, 7.97, 8.19, 8.74, 8.88, 8.1, 7.31, 7.3, 7.4, 7.92, 7.38, 7.16, 7.15, 6.7, 6.84, 6.88, 6.62, 6.53, 6.5, 6.05, 6.99, 6.97, 6.88, 6.74, 6.3, 6.64, 6.19, 5.71, 5.83, 5.82, 5.96, 5.72, 5.52, 5.84, 5.57, 4.93, 5.1], [1.7, 2.08, 2.43, 2.38, 2.17, 1.75, 1.78, 1.44, 0.99, 0, 1.0, 1.25, 1.72, 1.67, 1.86, 2.29, 2.24, 2.14, 2.18, 2.86, 3.67, 4.27, 4.31, 4.41, 4.8, 5.81, 6.12, 6.19, 6.12, 5.75, 6.09, 7.11, 6.99, 6.61, 6.92, 7.46, 6.67, 6.33, 6.32, 6.32, 5.96, 5.91, 5.9, 6.49, 6.62, 6.19, 6.06, 6.83, 7.87, 8.16, 8.0, 8.2, 8.83, 9.17, 8.29, 7.5, 7.61, 7.69, 8.23, 7.65, 7.31, 7.12, 6.71, 6.77, 6.77, 6.49, 6.38, 6.35, 5.92, 6.84, 6.8, 6.75, 6.59, 6.17, 6.49, 6.06, 5.68, 5.7, 5.65, 5.79, 5.55, 5.39, 5.73, 5.5, 4.86, 4.91], [1.8, 2.08, 2.45, 2.42, 2.13, 1.61, 1.56, 1.34, 1.15, 1.0, 0, 0.87, 1.4, 1.71, 1.96, 2.23, 2.14, 1.92, 1.98, 2.64, 3.33, 3.87, 4.11, 4.29, 4.84, 5.65, 6.0, 5.97, 5.94, 5.77, 6.07, 7.07, 6.97, 6.59, 6.96, 7.4, 6.57, 6.19, 6.3, 6.56, 6.3, 6.27, 6.22, 6.81, 6.96, 6.51, 6.4, 7.15, 8.19, 8.42, 8.28, 8.48, 9.13, 9.41, 8.57, 7.68, 7.77, 7.93, 8.49, 7.93, 7.63, 7.28, 6.87, 6.75, 6.71, 6.53, 6.38, 6.31, 5.96, 6.78, 6.74, 6.77, 6.51, 6.13, 6.61, 6.34, 5.92, 5.74, 5.55, 5.67, 5.45, 5.39, 5.89, 5.76, 5.16, 4.71], [1.95, 2.15, 2.38, 2.41, 2.04, 1.48, 1.37, 1.09, 1.22, 1.25, 0.87, 0, 1.29, 1.84, 2.17, 2.46, 2.35, 2.09, 2.07, 2.81, 3.58, 4.02, 4.26, 4.42, 4.99, 5.74, 6.13, 6.06, 5.99, 5.66, 6.08, 6.94, 6.88, 6.48, 6.79, 7.33, 6.52, 6.18, 6.23, 6.41, 6.13, 6.14, 6.07, 6.68, 6.83, 6.34, 6.29, 7.04, 8.14, 8.15, 8.05, 8.35, 8.98, 9.26, 8.36, 7.61, 7.68, 7.84, 8.44, 7.82, 7.5, 7.15, 6.7, 6.72, 6.62, 6.42, 6.31, 6.24, 5.89, 6.67, 6.67, 6.64, 6.44, 6.02, 6.5, 6.23, 5.79, 5.65, 5.5, 5.68, 5.4, 5.28, 5.8, 5.63, 5.05, 4.84], [2.1, 2.14, 2.15, 2.26, 2.13, 2.17, 1.96, 1.68, 1.65, 1.72, 1.4, 1.29, 0, 1.47, 2.14, 2.45, 2.42, 2.16, 2.48, 2.96, 3.65, 4.31, 4.45, 4.33, 4.62, 5.27, 5.72, 5.61, 5.56, 5.27, 5.67, 6.49, 6.41, 6.07, 6.38, 6.92, 6.07, 5.71, 5.8, 6.18, 5.72, 5.67, 5.74, 6.33, 6.46, 6.01, 5.96, 6.67, 7.75, 7.7, 7.72, 8.14, 8.65, 8.65, 7.95, 7.3, 7.11, 7.27, 7.83, 7.27, 7.05, 6.78, 6.39, 6.21, 6.21, 6.03, 5.88, 5.83, 5.46, 6.18, 6.22, 6.17, 5.93, 5.55, 6.09, 5.84, 5.44, 5.2, 5.07, 5.19, 4.95, 4.85, 5.41, 5.28, 4.68, 4.35], [1.81, 2.15, 2.48, 2.61, 2.64, 2.84, 2.63, 2.43, 2.02, 1.67, 1.71, 1.84, 1.47, 0, 1.11, 2.1, 2.31, 2.09, 2.41, 2.67, 3.62, 4.32, 4.38, 4.12, 3.85, 4.52, 4.75, 4.78, 4.71, 4.48, 4.8, 5.82, 5.72, 5.34, 5.67, 6.25, 5.32, 4.94, 5.05, 5.45, 5.07, 5.02, 5.03, 5.6, 5.73, 5.28, 5.27, 5.98, 7.22, 7.09, 7.07, 7.51, 8.02, 8.38, 7.54, 6.83, 6.62, 6.74, 7.36, 6.7, 6.42, 6.11, 5.64, 5.62, 5.54, 5.26, 5.11, 5.06, 4.73, 5.55, 5.51, 5.52, 5.28, 5.0, 5.4, 5.11, 4.65, 4.55, 4.38, 4.44, 4.2, 4.14, 4.6, 4.49, 3.93, 3.54], [1.56, 2.4, 2.91, 2.82, 2.83, 3.11, 2.92, 2.74, 2.23, 1.86, 1.96, 2.17, 2.14, 1.11, 0, 1.25, 1.52, 1.28, 1.64, 2.12, 3.11, 3.71, 3.73, 3.43, 3.32, 4.37, 4.88, 4.87, 4.84, 4.69, 4.99, 6.03, 5.93, 5.55, 5.88, 6.4, 5.47, 5.19, 5.32, 5.76, 5.46, 5.41, 5.16, 5.71, 5.82, 5.39, 5.48, 6.31, 7.63, 7.88, 7.56, 7.98, 8.47, 8.97, 8.23, 7.38, 7.23, 7.29, 7.83, 7.23, 6.87, 6.56, 6.11, 6.09, 5.93, 5.59, 5.34, 5.27, 4.98, 5.74, 5.68, 5.69, 5.45, 5.09, 5.47, 5.18, 4.86, 4.68, 4.51, 4.63, 4.35, 4.35, 4.79, 4.7, 4.06, 3.63], [1.61, 2.79, 3.34, 3.15, 3.06, 3.36, 3.13, 3.03, 2.52, 2.29, 2.23, 2.46, 2.45, 2.1, 1.25, 0, 0.87, 0.83, 1.01, 1.33, 2.24, 2.78, 2.8, 2.68, 3.09, 4.42, 5.19, 4.98, 4.97, 5.02, 5.32, 6.14, 6.08, 5.74, 6.41, 6.83, 5.88, 5.68, 6.05, 6.77, 6.444, 6.392, 6.119, 6.28, 6.47, 6.12, 6.31, 7.26, 8.654, 8.987, 8.716, 8.975, 9.5, 10.089, 9.331, 8.515, 8.3, 8.277, 8.757, 8.292, 7.934, 7.564, 7.114, 6.94, 6.76, 6.4, 6.01, 5.76, 5.71, 5.83, 5.77, 5.8, 5.5, 5.14, 5.78, 5.63, 5.51, 5.01, 4.8, 4.84, 4.44, 4.54, 5.24, 5.25, 4.63, 3.7], [1.78, 2.68, 3.31, 3.12, 3.09, 3.21, 3.02, 2.88, 2.41, 2.24, 2.14, 2.35, 2.42, 2.31, 1.52, 0.87, 0, 0.64, 0.9, 1.24, 2.11, 2.55, 2.51, 2.67, 3.28, 4.47, 5.46, 5.27, 5.28, 5.39, 5.73, 6.35, 6.27, 6.07, 6.82, 7.24, 6.23, 5.93, 6.28, 7.08, 6.72, 6.73, 6.38, 6.67, 6.84, 6.55, 6.76, 7.63, 8.97, 9.24, 8.96, 9.34, 9.83, 10.373, 9.612, 8.799, 8.55, 8.547, 9.07, 8.542, 8.162, 7.817, 7.367, 7.19, 7.007, 6.69, 6.36, 6.09, 5.957, 6.12, 5.92, 5.99, 5.61, 5.53, 6.17, 6.02, 5.84, 5.38, 5.13, 5.27, 4.73, 4.85, 5.61, 5.64, 5.0, 4.11], [1.58, 2.48, 3.05, 2.84, 2.75, 3.05, 2.8, 2.68, 2.27, 2.14, 1.92, 2.09, 2.16, 2.09, 1.28, 0.83, 0.64, 0, 0.74, 1.36, 2.23, 2.71, 2.79, 2.77, 3.44, 4.65, 5.44, 5.25, 5.24, 5.27, 5.61, 6.33, 6.25, 6.01, 6.56, 7.02, 5.99, 5.85, 6.12, 6.76, 6.56, 6.51, 6.16, 6.45, 6.7, 6.27, 6.54, 7.35, 8.73, 9.0, 8.697, 9.06, 9.55, 10.099, 9.321, 8.499, 8.29, 8.347, 8.93, 8.33, 7.95, 7.62, 7.167, 6.99, 6.83, 6.53, 6.16, 5.95, 5.82, 6.1, 5.96, 5.97, 5.67, 5.41, 6.07, 5.9, 5.6, 5.2, 4.93, 5.09, 4.67, 4.79, 5.49, 5.4, 4.76, 3.99], [1.82, 2.74, 3.31, 3.04, 2.83, 2.95, 2.66, 2.6, 2.31, 2.18, 1.98, 2.07, 2.48, 2.41, 1.64, 1.01, 0.9, 0.74, 0, 1.34, 2.25, 2.73, 2.85, 2.93, 3.46, 4.75, 5.68, 5.45, 5.44, 5.43, 5.79, 6.53, 6.47, 6.17, 6.78, 7.16, 6.19, 5.95, 6.48, 7.06, 6.84, 6.81, 6.52, 6.79, 6.9, 6.59, 6.72, 7.59, 9.01, 9.357, 9.034, 9.26, 9.81, 10.47, 9.678, 8.768, 8.63, 8.57, 9.15, 8.65, 8.31, 7.88, 7.43, 7.23, 7.07, 6.71, 6.36, 6.11, 6.06, 6.24, 6.14, 6.19, 5.83, 5.61, 6.27, 6.1, 5.82, 5.4, 5.11, 5.25, 4.81, 4.99, 5.67, 5.64, 5.02, 4.19], [2.2, 3.32, 3.81, 3.64, 3.61, 3.91, 3.64, 3.44, 3.03, 2.86, 2.64, 2.81, 2.96, 2.67, 2.12, 1.33, 1.24, 1.36, 1.34, 0, 1.33, 1.85, 1.93, 1.97, 2.56, 3.99, 5.1, 5.01, 5.02, 5.25, 5.43, 5.91, 5.83, 5.79, 6.82, 7.2, 6.23, 6.13, 6.6, 7.48, 7.2, 7.21, 6.92, 6.97, 7.24, 6.73, 7.1, 8.01, 9.49, 9.62, 9.4, 9.74, 10.23, 10.91, 10.13, 9.3, 8.95, 8.91, 9.49, 8.97, 8.61, 8.12, 7.69, 7.51, 7.31, 6.95, 6.46, 6.25, 6.26, 5.68, 5.5, 5.43, 5.07, 5.23, 6.01, 5.86, 5.82, 5.3, 5.03, 5.09, 4.45, 4.57, 5.39, 5.38, 4.92, 4.01], [3.19, 4.35, 4.92, 4.67, 4.6, 4.76, 4.37, 4.27, 3.9, 3.67, 3.33, 3.58, 3.65, 3.62, 3.11, 2.24, 2.11, 2.23, 2.25, 1.33, 0, 0.92, 1.24, 1.36, 1.95, 3.9, 5.73, 5.58, 5.65, 5.92, 5.84, 6.02, 6.1, 6.16, 7.43, 7.93, 6.94, 6.82, 7.37, 8.31, 7.97, 8.0, 7.73, 7.76, 7.97, 7.52, 7.71, 8.76, 10.32, 10.41, 10.23, 10.57, 11.06, 11.74, 10.96, 10.15, 9.78, 9.58, 10.06, 9.62, 9.3, 8.75, 8.36, 8.18, 7.98, 7.54, 6.97, 6.78, 6.93, 5.87, 5.49, 5.56, 5.18, 5.48, 6.3, 6.33, 6.33, 5.63, 5.3, 5.28, 4.56, 4.82, 5.66, 5.95, 5.65, 4.74], [3.83, 4.93, 5.42, 5.13, 5.04, 5.18, 4.73, 4.71, 4.46, 4.27, 3.87, 4.02, 4.31, 4.32, 3.71, 2.78, 2.55, 2.71, 2.73, 1.85, 0.92, 0, 0.64, 1.04, 1.87, 4.0, 6.41, 6.3, 6.39, 6.62, 6.5, 6.52, 6.68, 6.88, 8.17, 8.59, 7.68, 7.56, 8.11, 9.01, 8.61, 8.62, 8.35, 8.38, 8.59, 8.14, 8.33, 9.38, 10.94, 11.15, 10.91, 11.23, 11.7, 12.36, 11.62, 10.85, 10.5, 10.26, 10.72, 10.26, 9.92, 9.49, 9.14, 8.96, 8.76, 8.28, 7.71, 7.52, 7.67, 6.51, 5.97, 6.02, 5.58, 6.0, 6.88, 6.95, 7.01, 6.27, 5.96, 5.96, 5.22, 5.54, 6.38, 6.65, 6.33, 5.42], [3.93, 5.07, 5.6, 5.31, 5.24, 5.4, 5.17, 4.95, 4.54, 4.31, 4.11, 4.26, 4.45, 4.38, 3.73, 2.8, 2.51, 2.79, 2.85, 1.93, 1.24, 0.64, 0, 0.8, 1.67, 4.0, 6.53, 6.42, 6.51, 6.74, 6.62, 6.64, 6.8, 6.98, 8.29, 8.71, 7.8, 7.68, 8.23, 9.11, 8.67, 8.7, 8.43, 8.46, 8.67, 8.22, 8.41, 9.5, 11.02, 11.27, 11.03, 11.35, 11.82, 12.44, 11.72, 10.95, 10.6, 10.36, 10.78, 10.36, 10.02, 9.59, 9.24, 9.06, 8.86, 8.38, 7.83, 7.64, 7.79, 6.63, 5.97, 6.08, 5.58, 6.06, 6.94, 7.01, 7.13, 6.35, 6.06, 6.0, 5.3, 5.64, 6.5, 6.75, 6.43, 5.52], [3.79, 4.95, 5.42, 5.21, 5.26, 5.66, 5.43, 5.21, 4.72, 4.41, 4.29, 4.42, 4.33, 4.12, 3.43, 2.68, 2.67, 2.77, 2.93, 1.97, 1.36, 1.04, 0.8, 0, 1.23, 3.46, 5.93, 5.82, 5.91, 6.14, 6.02, 6.04, 6.2, 6.38, 7.69, 8.11, 7.2, 7.1, 7.65, 8.55, 8.11, 8.12, 7.83, 7.86, 8.07, 7.62, 7.81, 8.9, 10.42, 10.67, 10.43, 10.75, 11.22, 11.84, 11.16, 10.41, 10.04, 9.8, 10.22, 9.8, 9.44, 9.03, 8.68, 8.5, 8.3, 7.82, 7.23, 7.04, 7.19, 6.03, 5.43, 5.54, 5.02, 5.5, 6.38, 6.45, 6.55, 5.75, 5.46, 5.4, 4.7, 5.04, 5.9, 6.21, 5.89, 4.98], [4.32, 5.3, 5.77, 5.56, 5.73, 6.19, 6.04, 5.78, 5.23, 4.8, 4.84, 4.99, 4.62, 3.85, 3.32, 3.09, 3.28, 3.44, 3.46, 2.56, 1.95, 1.87, 1.67, 1.23, 0, 2.57, 4.96, 4.85, 4.94, 5.17, 5.05, 5.07, 5.23, 5.41, 6.72, 7.14, 6.25, 6.15, 6.7, 7.6, 7.14, 7.15, 6.86, 6.89, 7.08, 6.65, 6.82, 7.93, 9.43, 9.7, 9.46, 9.78, 10.25, 10.87, 10.21, 9.48, 9.11, 8.87, 9.27, 8.85, 8.51, 8.08, 7.73, 7.55, 7.35, 6.87, 6.28, 6.07, 6.22, 5.06, 4.5, 4.61, 4.11, 4.55, 5.43, 5.5, 5.6, 4.8, 4.49, 4.43, 3.73, 4.07, 4.95, 5.28, 4.96, 4.05], [5.295, 6.07, 6.42, 6.11, 6.28, 6.8, 6.69, 6.45, 6.0, 5.81, 5.65, 5.74, 5.27, 4.52, 4.37, 4.42, 4.47, 4.65, 4.75, 3.99, 3.9, 4.0, 4.0, 3.46, 2.57, 0, 2.59, 2.44, 2.55, 2.76, 2.74, 2.78, 2.86, 3.02, 4.31, 4.73, 3.86, 3.76, 4.31, 5.21, 4.75, 4.76, 4.53, 4.56, 4.73, 4.38, 4.59, 5.66, 7.06, 7.43, 7.15, 7.37, 7.84, 8.52, 7.94, 7.23, 6.8, 6.54, 6.94, 6.52, 6.2, 5.73, 5.34, 5.16, 4.96, 4.48, 3.89, 3.68, 3.87, 2.75, 2.53, 2.62, 2.14, 2.56, 3.2, 3.15, 3.29, 2.53, 2.24, 2.2, 1.56, 1.9, 2.8, 3.25, 2.81, 2.0], [5.488, 6.28, 6.65, 6.4, 6.57, 7.13, 6.94, 6.72, 6.31, 6.12, 6.0, 6.13, 5.72, 4.75, 4.88, 5.19, 5.46, 5.44, 5.68, 5.1, 5.73, 6.41, 6.53, 5.93, 4.96, 2.59, 0, 0.81, 0.96, 1.13, 0.93, 1.33, 1.49, 1.41, 2.04, 2.48, 1.79, 1.97, 2.1, 3.08, 3.08, 3.13, 2.5, 2.41, 2.5, 2.37, 2.88, 3.49, 4.81, 5.06, 4.8, 4.96, 5.43, 6.21, 5.63, 4.88, 4.45, 4.25, 4.79, 4.23, 3.95, 3.42, 3.01, 2.93, 2.61, 2.23, 1.68, 1.61, 1.8, 1.62, 1.66, 2.27, 2.41, 1.87, 2.41, 2.06, 2.14, 2.0, 1.49, 1.61, 2.07, 2.01, 2.27, 2.26, 1.92, 1.59], [5.535, 6.29, 6.7, 6.43, 6.56, 7.14, 6.99, 6.77, 6.36, 6.19, 5.97, 6.06, 5.61, 4.78, 4.87, 4.98, 5.27, 5.25, 5.45, 5.01, 5.58, 6.3, 6.42, 5.82, 4.85, 2.44, 0.81, 0, 0.55, 0.8, 0.9, 1.28, 1.28, 1.04, 1.95, 2.59, 1.68, 1.6, 1.97, 3.01, 2.89, 2.9, 2.49, 2.46, 2.63, 2.48, 2.85, 3.68, 5.0, 5.23, 4.99, 5.15, 5.62, 6.4, 5.82, 5.13, 4.66, 4.4, 4.88, 4.38, 4.14, 3.53, 3.14, 2.9, 2.62, 2.2, 1.63, 1.46, 1.79, 1.43, 1.69, 2.3, 2.38, 1.7, 2.44, 2.19, 2.29, 1.89, 1.3, 1.32, 1.68, 1.7, 2.3, 2.33, 1.97, 1.42], [5.465, 6.22, 6.63, 6.36, 6.49, 7.07, 6.92, 6.7, 6.29, 6.12, 5.94, 5.99, 5.56, 4.71, 4.84, 4.97, 5.28, 5.24, 5.44, 5.02, 5.65, 6.39, 6.51, 5.91, 4.94, 2.55, 0.96, 0.55, 0, 0.85, 0.99, 1.43, 1.41, 1.15, 1.96, 2.54, 1.57, 1.69, 2.0, 3.12, 2.94, 2.91, 2.32, 2.35, 2.52, 2.47, 2.8, 3.61, 4.87, 5.12, 4.86, 5.02, 5.49, 6.29, 5.69, 5.02, 4.55, 4.37, 4.89, 4.37, 4.13, 3.54, 3.11, 2.89, 2.63, 2.27, 1.66, 1.47, 1.92, 1.68, 1.82, 2.53, 2.57, 1.91, 2.79, 2.4, 2.44, 2.16, 1.61, 1.67, 1.97, 2.03, 2.57, 2.6, 2.14, 1.51], [5.166, 5.91, 6.2, 5.93, 6.04, 6.6, 6.53, 6.25, 5.9, 5.75, 5.77, 5.66, 5.27, 4.48, 4.69, 5.02, 5.39, 5.27, 5.43, 5.25, 5.92, 6.62, 6.74, 6.14, 5.17, 2.76, 1.13, 0.8, 0.85, 0, 0.9, 1.46, 1.36, 1.08, 1.77, 2.33, 1.56, 1.66, 1.89, 2.59, 2.37, 2.44, 2.01, 2.04, 2.21, 1.98, 2.39, 3.24, 4.56, 4.83, 4.55, 4.71, 5.16, 5.94, 5.38, 4.67, 4.2, 4.06, 4.56, 4.08, 3.82, 3.23, 2.84, 2.74, 2.5, 2.02, 1.51, 1.42, 1.57, 1.53, 1.83, 2.4, 2.4, 1.56, 2.26, 1.81, 1.81, 1.59, 1.24, 1.32, 1.78, 1.74, 1.98, 1.99, 1.63, 1.42], [5.478, 6.23, 6.62, 6.35, 6.48, 7.06, 6.91, 6.69, 6.28, 6.09, 6.07, 6.08, 5.67, 4.8, 4.99, 5.32, 5.73, 5.61, 5.79, 5.43, 5.84, 6.5, 6.62, 6.02, 5.05, 2.74, 0.93, 0.9, 0.99, 0.9, 0, 1.14, 1.24, 1.16, 1.95, 2.37, 1.64, 1.78, 1.87, 2.83, 2.81, 2.86, 2.27, 2.2, 2.39, 2.24, 2.71, 3.48, 4.72, 4.93, 4.71, 4.93, 5.42, 6.12, 5.54, 4.83, 4.4, 4.22, 4.76, 4.22, 3.96, 3.39, 2.96, 2.8, 2.56, 2.14, 1.53, 1.4, 1.65, 1.25, 1.51, 2.16, 2.22, 1.52, 2.24, 1.77, 1.95, 1.77, 1.22, 1.24, 1.72, 1.76, 1.94, 2.01, 1.73, 1.66], [6.526, 7.21, 7.52, 7.25, 7.36, 7.9, 7.89, 7.55, 7.26, 7.11, 7.07, 6.94, 6.49, 5.82, 6.03, 6.14, 6.35, 6.33, 6.53, 5.91, 6.02, 6.52, 6.64, 6.04, 5.07, 2.78, 1.33, 1.28, 1.43, 1.46, 1.14, 0, 0.68, 0.9, 1.73, 2.33, 1.64, 1.8, 1.93, 3.11, 3.19, 3.18, 2.51, 2.36, 2.53, 2.58, 2.71, 3.52, 4.88, 5.09, 4.87, 5.01, 5.48, 6.24, 5.7, 4.95, 4.54, 4.28, 4.72, 4.24, 4.0, 3.39, 2.98, 2.72, 2.44, 2.02, 1.41, 1.28, 1.95, 1.15, 1.21, 1.84, 1.98, 1.58, 2.44, 2.31, 2.35, 2.03, 1.6, 1.6, 1.88, 1.94, 2.38, 2.57, 2.55, 2.46], [6.403, 7.09, 7.38, 7.13, 7.2, 7.76, 7.75, 7.43, 7.14, 6.99, 6.97, 6.88, 6.41, 5.72, 5.93, 6.08, 6.27, 6.25, 6.47, 5.83, 6.1, 6.68, 6.8, 6.2, 5.23, 2.86, 1.49, 1.28, 1.41, 1.36, 1.24, 0.68, 0, 0.84, 1.67, 2.23, 1.66, 1.8, 1.91, 3.03, 3.07, 3.02, 2.33, 2.26, 2.51, 2.6, 2.75, 3.52, 4.8, 5.03, 4.79, 4.93, 5.38, 6.14, 5.62, 4.91, 4.5, 4.2, 4.64, 4.18, 3.94, 3.33, 2.96, 2.74, 2.46, 2.12, 1.49, 1.4, 2.03, 1.41, 1.71, 2.12, 2.3, 1.9, 2.6, 2.37, 2.49, 2.11, 1.72, 1.76, 2.04, 2.0, 2.4, 2.59, 2.57, 2.4], [6.026, 6.71, 7.06, 6.79, 6.9, 7.46, 7.39, 7.11, 6.78, 6.61, 6.59, 6.48, 6.07, 5.34, 5.55, 5.74, 6.07, 6.01, 6.17, 5.79, 6.16, 6.88, 6.98, 6.38, 5.41, 3.02, 1.41, 1.04, 1.15, 1.08, 1.16, 0.9, 0.84, 0, 1.33, 1.93, 1.32, 1.5, 1.75, 2.75, 2.73, 2.7, 2.01, 1.92, 2.19, 2.36, 2.45, 3.24, 4.44, 4.69, 4.43, 4.59, 5.06, 5.8, 5.26, 4.61, 4.2, 3.88, 4.3, 3.84, 3.6, 2.99, 2.6, 2.42, 2.22, 1.86, 1.21, 1.02, 1.81, 1.57, 1.81, 2.48, 2.64, 1.88, 2.54, 2.37, 2.37, 1.83, 1.46, 1.54, 1.98, 1.84, 2.36, 2.57, 2.29, 2.08], [6.356, 7.02, 7.31, 7.08, 7.19, 7.69, 7.7, 7.34, 7.07, 6.92, 6.96, 6.79, 6.38, 5.67, 5.88, 6.41, 6.82, 6.56, 6.78, 6.82, 7.43, 8.17, 8.29, 7.69, 6.72, 4.31, 2.04, 1.95, 1.96, 1.77, 1.95, 1.73, 1.67, 1.33, 0, 1.16, 1.03, 1.45, 1.48, 2.36, 2.66, 2.69, 1.86, 1.61, 1.6, 2.21, 2.42, 2.37, 3.43, 3.62, 3.34, 3.42, 3.85, 4.67, 4.17, 3.68, 3.29, 3.01, 3.35, 2.77, 2.67, 2.04, 1.75, 1.63, 1.47, 1.17, 0.96, 1.05, 1.76, 2.22, 2.58, 2.99, 3.29, 2.65, 3.07, 2.7, 2.4, 2.4, 2.23, 2.33, 3.03, 2.81, 2.87, 2.8, 2.66, 2.97], [6.979, 7.7, 7.91, 7.64, 7.69, 8.23, 8.22, 7.88, 7.61, 7.46, 7.4, 7.33, 6.92, 6.25, 6.4, 6.83, 7.24, 7.02, 7.16, 7.2, 7.93, 8.59, 8.71, 8.11, 7.14, 4.73, 2.48, 2.59, 2.54, 2.33, 2.37, 2.33, 2.23, 1.93, 1.16, 0, 1.29, 1.91, 1.74, 2.4, 2.9, 3.01, 2.36, 1.97, 1.78, 2.43, 2.72, 2.19, 2.95, 3.42, 2.98, 3.0, 3.43, 4.25, 3.73, 3.22, 3.05, 2.79, 3.19, 2.61, 2.43, 1.94, 1.73, 1.69, 1.57, 1.53, 1.68, 1.75, 2.16, 2.4, 2.88, 3.09, 3.31, 2.79, 2.93, 2.62, 2.68, 2.72, 2.69, 2.97, 3.61, 3.41, 3.09, 3.08, 3.24, 3.39], [6.049, 6.79, 7.12, 6.85, 6.96, 7.5, 7.45, 7.15, 6.82, 6.67, 6.57, 6.52, 6.07, 5.32, 5.47, 5.88, 6.23, 5.99, 6.19, 6.23, 6.94, 7.68, 7.8, 7.2, 6.25, 3.86, 1.79, 1.68, 1.57, 1.56, 1.64, 1.64, 1.66, 1.32, 1.03, 1.29, 0, 0.84, 1.15, 2.13, 2.23, 2.38, 1.69, 1.46, 1.49, 1.88, 2.15, 2.48, 3.64, 3.87, 3.61, 3.79, 4.24, 5.0, 4.42, 3.83, 3.4, 3.18, 3.66, 3.14, 2.88, 2.33, 1.9, 1.72, 1.5, 1.24, 0.81, 0.88, 1.37, 1.81, 2.09, 2.58, 2.7, 2.2, 2.68, 2.31, 2.07, 2.01, 1.9, 2.1, 2.7, 2.7, 2.48, 2.45, 2.49, 2.48], [5.772, 6.45, 6.78, 6.53, 6.64, 7.16, 7.11, 6.81, 6.48, 6.33, 6.19, 6.18, 5.71, 4.94, 5.19, 5.68, 5.93, 5.85, 5.95, 6.13, 6.82, 7.56, 7.68, 7.1, 6.15, 3.76, 1.97, 1.6, 1.69, 1.66, 1.78, 1.8, 1.8, 1.5, 1.45, 1.91, 0.84, 0, 1.01, 1.97, 1.93, 2.06, 1.75, 1.78, 1.85, 1.88, 2.01, 2.58, 3.74, 3.97, 3.75, 3.91, 4.38, 5.1, 4.5, 3.89, 3.48, 3.18, 3.68, 3.14, 2.9, 2.31, 1.88, 1.68, 1.5, 1.34, 1.07, 1.0, 1.15, 1.77, 2.17, 2.7, 2.7, 2.14, 2.78, 2.41, 2.21, 2.11, 1.98, 2.06, 2.66, 2.72, 2.58, 2.57, 2.59, 2.42], [5.973, 6.42, 6.63, 6.54, 6.59, 6.97, 7.08, 6.74, 6.43, 6.32, 6.3, 6.23, 5.8, 5.05, 5.32, 6.05, 6.28, 6.12, 6.48, 6.6, 7.37, 8.11, 8.23, 7.65, 6.7, 4.31, 2.1, 1.97, 2.0, 1.89, 1.87, 1.93, 1.91, 1.75, 1.48, 1.74, 1.15, 1.01, 0, 1.5, 1.82, 1.83, 1.58, 1.67, 1.76, 1.85, 2.08, 2.41, 3.49, 3.6, 3.34, 3.58, 4.05, 4.69, 4.09, 3.58, 3.23, 3.09, 3.61, 2.87, 2.67, 2.28, 1.99, 1.85, 1.53, 1.31, 1.16, 1.13, 0.9, 1.98, 2.46, 2.59, 2.93, 2.41, 2.59, 2.2, 2.16, 2.18, 2.33, 2.49, 3.13, 2.69, 2.51, 2.4, 2.56, 2.81], [6.213, 6.155, 6.11, 6.08, 6.13, 6.43, 6.94, 6.44, 6.31, 6.32, 6.56, 6.41, 6.18, 5.45, 5.76, 6.77, 7.08, 6.76, 7.06, 7.48, 8.31, 9.01, 9.11, 8.55, 7.6, 5.21, 3.08, 3.01, 3.12, 2.59, 2.83, 3.11, 3.03, 2.75, 2.36, 2.4, 2.13, 1.97, 1.5, 0, 1.06, 1.29, 1.3, 1.51, 1.48, 1.29, 1.62, 1.87, 2.59, 2.82, 2.46, 2.56, 3.09, 3.73, 3.07, 2.54, 2.49, 2.53, 3.01, 2.33, 2.25, 2.44, 2.31, 2.55, 2.41, 2.25, 2.28, 2.23, 1.82, 2.78, 3.5, 3.37, 3.69, 3.11, 2.73, 2.16, 2.12, 2.8, 3.11, 3.33, 4.07, 3.69, 2.71, 2.44, 2.74, 3.65], [5.787, 5.618, 5.61, 5.38, 5.55, 5.99, 6.56, 6.04, 5.83, 5.96, 6.3, 6.13, 5.72, 5.07, 5.46, 6.444, 6.72, 6.56, 6.84, 7.2, 7.97, 8.61, 8.67, 8.11, 7.14, 4.75, 3.08, 2.89, 2.94, 2.37, 2.81, 3.19, 3.07, 2.73, 2.66, 2.9, 2.23, 1.93, 1.82, 1.06, 0, 0.71, 1.3, 1.53, 1.52, 1.17, 1.2, 1.83, 2.53, 2.9, 2.76, 2.84, 3.25, 3.91, 3.25, 2.72, 2.39, 2.33, 2.79, 2.33, 2.09, 2.46, 2.23, 2.41, 2.39, 2.21, 2.26, 2.23, 1.7, 2.82, 3.46, 3.43, 3.69, 2.97, 2.75, 2.18, 2.16, 2.54, 2.89, 3.09, 3.73, 3.35, 2.55, 2.28, 2.56, 3.31], [5.773, 5.628, 5.62, 5.41, 5.56, 6.0, 6.47, 5.97, 5.76, 5.91, 6.27, 6.14, 5.67, 5.02, 5.41, 6.392, 6.73, 6.51, 6.81, 7.21, 8.0, 8.62, 8.7, 8.12, 7.15, 4.76, 3.13, 2.9, 2.91, 2.44, 2.86, 3.18, 3.02, 2.7, 2.69, 3.01, 2.38, 2.06, 1.83, 1.29, 0.71, 0, 1.19, 1.72, 1.79, 1.5, 1.31, 2.02, 2.56, 2.99, 2.87, 2.93, 3.34, 3.86, 3.26, 2.83, 2.58, 2.36, 2.9, 2.38, 2.32, 2.75, 2.48, 2.68, 2.68, 2.44, 2.35, 2.34, 1.85, 3.09, 3.71, 3.76, 3.92, 3.16, 2.96, 2.47, 2.43, 2.73, 3.0, 3.22, 3.76, 3.5, 2.74, 2.55, 2.71, 3.4], [5.701, 5.88, 5.89, 5.72, 5.87, 6.07, 6.64, 6.16, 5.93, 5.9, 6.22, 6.07, 5.74, 5.03, 5.16, 6.119, 6.38, 6.16, 6.52, 6.92, 7.73, 8.35, 8.43, 7.83, 6.86, 4.53, 2.5, 2.49, 2.32, 2.01, 2.27, 2.51, 2.33, 2.01, 1.86, 2.36, 1.69, 1.75, 1.58, 1.3, 1.3, 1.19, 0, 0.89, 1.02, 1.05, 1.14, 1.85, 2.77, 3.08, 2.72, 3.06, 3.57, 4.13, 3.49, 2.92, 2.63, 2.49, 3.03, 2.49, 2.19, 2.34, 2.13, 2.27, 2.15, 1.93, 1.66, 1.51, 1.66, 2.78, 3.1, 3.37, 3.57, 2.83, 2.95, 2.32, 1.96, 2.38, 2.55, 2.79, 3.49, 3.19, 2.53, 2.42, 2.28, 3.03], [6.108, 6.368, 6.42, 6.21, 6.36, 6.7, 7.25, 6.75, 6.54, 6.49, 6.81, 6.68, 6.33, 5.6, 5.71, 6.28, 6.67, 6.45, 6.79, 6.97, 7.76, 8.38, 8.46, 7.86, 6.89, 4.56, 2.41, 2.46, 2.35, 2.04, 2.2, 2.36, 2.26, 1.92, 1.61, 1.97, 1.46, 1.78, 1.67, 1.51, 1.53, 1.72, 0.89, 0, 0.67, 1.06, 1.35, 1.8, 2.76, 3.07, 2.79, 3.01, 3.5, 4.12, 3.54, 2.93, 2.6, 2.46, 2.92, 2.46, 2.1, 2.25, 1.96, 2.1, 1.94, 1.68, 1.53, 1.54, 1.81, 2.47, 2.79, 3.1, 3.36, 2.62, 2.7, 2.09, 1.83, 2.21, 2.64, 2.82, 3.54, 3.14, 2.46, 2.23, 2.17, 3.04], [6.241, 6.598, 6.65, 6.34, 6.47, 6.89, 7.42, 6.94, 6.69, 6.62, 6.96, 6.83, 6.46, 5.73, 5.82, 6.47, 6.84, 6.7, 6.9, 7.24, 7.97, 8.59, 8.67, 8.07, 7.08, 4.73, 2.5, 2.63, 2.52, 2.21, 2.39, 2.53, 2.51, 2.19, 1.6, 1.78, 1.49, 1.85, 1.76, 1.48, 1.52, 1.79, 1.02, 0.67, 0, 1.07, 1.26, 1.43, 2.49, 2.86, 2.56, 2.8, 3.27, 3.93, 3.33, 2.7, 2.31, 2.07, 2.57, 2.17, 1.85, 1.84, 1.67, 1.69, 1.65, 1.41, 1.42, 1.45, 1.66, 2.38, 2.9, 2.97, 3.41, 2.81, 2.55, 1.96, 1.78, 2.38, 2.71, 2.97, 3.69, 3.31, 2.49, 2.36, 2.46, 3.27], [5.748, 6.008, 6.04, 5.75, 5.94, 6.3, 6.89, 6.39, 6.16, 6.19, 6.51, 6.34, 6.01, 5.28, 5.39, 6.12, 6.55, 6.27, 6.59, 6.73, 7.52, 8.14, 8.22, 7.62, 6.65, 4.38, 2.37, 2.48, 2.47, 1.98, 2.24, 2.58, 2.6, 2.36, 2.21, 2.43, 1.88, 1.88, 1.85, 1.29, 1.17, 1.5, 1.05, 1.06, 1.07, 0, 0.95, 1.78, 2.88, 3.19, 2.93, 3.23, 3.7, 4.32, 3.66, 2.93, 2.58, 2.54, 3.1, 2.66, 2.28, 2.55, 2.34, 2.5, 2.38, 1.94, 1.83, 1.88, 1.61, 2.19, 2.59, 2.68, 3.0, 2.32, 2.2, 1.69, 1.41, 1.99, 2.32, 2.56, 3.34, 2.94, 1.98, 1.79, 1.95, 2.88], [5.77, 5.958, 5.95, 5.66, 5.79, 6.15, 6.74, 6.22, 6.01, 6.06, 6.4, 6.29, 5.96, 5.27, 5.48, 6.31, 6.76, 6.54, 6.72, 7.1, 7.71, 8.33, 8.41, 7.81, 6.82, 4.59, 2.88, 2.85, 2.8, 2.39, 2.71, 2.71, 2.75, 2.45, 2.42, 2.72, 2.15, 2.01, 2.08, 1.62, 1.2, 1.31, 1.14, 1.35, 1.26, 0.95, 0, 1.49, 2.69, 3.1, 2.84, 3.06, 3.57, 4.15, 3.53, 2.8, 2.55, 2.37, 2.87, 2.51, 2.25, 2.44, 2.21, 2.39, 2.35, 1.89, 1.76, 1.85, 1.8, 2.62, 2.88, 3.07, 3.39, 2.57, 2.69, 2.26, 1.9, 2.28, 2.55, 2.83, 3.53, 3.11, 2.17, 2.2, 2.44, 3.25], [6.633, 6.55, 6.64, 6.41, 6.5, 7.02, 7.45, 6.93, 6.74, 6.83, 7.15, 7.04, 6.67, 5.98, 6.31, 7.26, 7.63, 7.35, 7.59, 8.01, 8.76, 9.38, 9.5, 8.9, 7.93, 5.66, 3.49, 3.68, 3.61, 3.24, 3.48, 3.52, 3.52, 3.24, 2.37, 2.19, 2.48, 2.58, 2.41, 1.87, 1.83, 2.02, 1.85, 1.8, 1.43, 1.78, 1.49, 0, 1.64, 1.99, 1.87, 1.91, 2.44, 3.02, 2.38, 1.73, 1.46, 1.5, 1.92, 1.4, 1.08, 1.49, 1.44, 1.64, 1.68, 1.78, 2.27, 2.42, 2.33, 3.31, 3.75, 3.68, 4.18, 3.56, 2.96, 2.75, 2.57, 3.23, 3.48, 3.82, 4.52, 4.08, 3.22, 2.95, 3.23, 4.12], [8.002, 7.528, 7.44, 7.19, 7.32, 7.88, 8.37, 7.85, 7.66, 7.87, 8.19, 8.14, 7.75, 7.22, 7.63, 8.654, 8.97, 8.73, 9.01, 9.49, 10.32, 10.94, 11.02, 10.42, 9.43, 7.06, 4.81, 5.0, 4.87, 4.56, 4.72, 4.88, 4.8, 4.44, 3.43, 2.95, 3.64, 3.74, 3.49, 2.59, 2.53, 2.56, 2.77, 2.76, 2.49, 2.88, 2.69, 1.64, 0, 1.09, 0.87, 0.87, 1.2, 1.7, 1.04, 0.83, 1.1, 1.24, 1.28, 1.32, 1.22, 1.87, 2.18, 2.34, 2.64, 3.08, 3.59, 3.72, 3.59, 4.69, 5.25, 5.173, 5.64, 5.08, 4.1, 4.05, 4.01, 4.71, 5.02, 5.28, 6.02, 5.62, 4.68, 4.45, 4.73, 5.6], [8.132, 7.658, 7.61, 7.68, 7.83, 8.11, 8.56, 8.08, 8.09, 8.16, 8.42, 8.15, 7.7, 7.09, 7.88, 8.987, 9.24, 9.0, 9.357, 9.62, 10.41, 11.15, 11.27, 10.67, 9.7, 7.43, 5.06, 5.23, 5.12, 4.83, 4.93, 5.09, 5.03, 4.69, 3.62, 3.42, 3.87, 3.97, 3.6, 2.82, 2.9, 2.99, 3.08, 3.07, 2.86, 3.19, 3.1, 1.99, 1.09, 0, 0.8, 1.06, 1.31, 1.67, 1.03, 0.96, 1.17, 1.37, 1.53, 1.47, 1.43, 1.94, 2.29, 2.59, 2.81, 3.25, 3.8, 3.91, 3.72, 4.9, 5.34, 5.27, 5.79, 5.33, 4.37, 4.36, 4.2, 4.94, 5.29, 5.45, 6.21, 5.81, 4.77, 4.54, 4.9, 5.83], [7.99, 7.818, 7.71, 7.7, 7.85, 8.05, 8.56, 8.08, 7.97, 8.0, 8.28, 8.05, 7.72, 7.07, 7.56, 8.716, 8.96, 8.697, 9.034, 9.4, 10.23, 10.91, 11.03, 10.43, 9.46, 7.15, 4.8, 4.99, 4.86, 4.55, 4.71, 4.87, 4.79, 4.43, 3.34, 2.98, 3.61, 3.75, 3.34, 2.46, 2.76, 2.87, 2.72, 2.79, 2.56, 2.93, 2.84, 1.87, 0.87, 0.8, 0, 0.86, 1.13, 1.79, 1.15, 1.02, 1.13, 1.33, 1.55, 1.57, 1.35, 1.78, 2.13, 2.47, 2.61, 3.07, 3.56, 3.69, 3.48, 4.68, 5.16, 5.09, 5.55, 5.05, 4.15, 4.08, 3.92, 4.7, 4.99, 5.23, 5.97, 5.57, 4.59, 4.36, 4.66, 5.55], [8.288, 7.795, 7.69, 7.58, 7.73, 8.29, 8.8, 8.28, 8.19, 8.2, 8.48, 8.35, 8.14, 7.51, 7.98, 8.975, 9.34, 9.06, 9.26, 9.74, 10.57, 11.23, 11.35, 10.75, 9.78, 7.37, 4.96, 5.15, 5.02, 4.71, 4.93, 5.01, 4.93, 4.59, 3.42, 3.0, 3.79, 3.91, 3.58, 2.56, 2.84, 2.93, 3.06, 3.01, 2.8, 3.23, 3.06, 1.91, 0.87, 1.06, 0.86, 0, 0.83, 1.75, 1.17, 1.04, 1.43, 1.63, 1.67, 1.63, 1.59, 2.06, 2.39, 2.67, 2.87, 3.25, 3.74, 3.87, 3.78, 4.92, 5.5, 5.43, 5.89, 5.35, 4.45, 4.34, 4.26, 5.0, 5.29, 5.53, 6.23, 5.85, 4.93, 4.7, 4.98, 5.87], [8.775, 8.3, 8.16, 7.99, 8.16, 8.92, 9.37, 8.85, 8.74, 8.83, 9.13, 8.98, 8.65, 8.02, 8.47, 9.5, 9.83, 9.55, 9.81, 10.23, 11.06, 11.7, 11.82, 11.22, 10.25, 7.84, 5.43, 5.62, 5.49, 5.16, 5.42, 5.48, 5.38, 5.06, 3.85, 3.43, 4.24, 4.38, 4.05, 3.09, 3.25, 3.34, 3.57, 3.5, 3.27, 3.7, 3.57, 2.44, 1.2, 1.31, 1.13, 0.83, 0, 1.28, 1.24, 1.57, 1.8, 1.86, 1.66, 1.94, 2.0, 2.53, 2.9, 3.2, 3.38, 3.74, 4.23, 4.36, 4.25, 5.41, 5.99, 5.92, 6.38, 5.82, 4.92, 4.81, 4.75, 5.47, 5.76, 6.02, 6.72, 6.34, 5.42, 5.19, 5.45, 6.34], [9.41, 8.62, 8.14, 8.19, 8.32, 9.04, 9.43, 8.91, 8.88, 9.17, 9.41, 9.26, 8.65, 8.38, 8.97, 10.089, 10.373, 10.099, 10.47, 10.91, 11.74, 12.36, 12.44, 11.84, 10.87, 8.52, 6.21, 6.4, 6.29, 5.94, 6.12, 6.24, 6.14, 5.8, 4.67, 4.25, 5.0, 5.1, 4.69, 3.73, 3.91, 3.86, 4.13, 4.12, 3.93, 4.32, 4.15, 3.02, 1.7, 1.67, 1.79, 1.75, 1.28, 0, 1.22, 1.93, 2.14, 2.2, 1.9, 2.2, 2.46, 3.03, 3.46, 3.72, 3.96, 4.44, 4.95, 5.12, 4.91, 6.11, 6.67, 6.596, 7.06, 6.5, 5.54, 5.47, 5.45, 6.13, 6.46, 6.72, 7.46, 7.06, 6.1, 5.87, 6.13, 7.04], [8.61, 7.725, 7.32, 7.37, 7.48, 8.22, 8.63, 8.09, 8.1, 8.29, 8.57, 8.36, 7.95, 7.54, 8.23, 9.331, 9.612, 9.321, 9.678, 10.13, 10.96, 11.62, 11.72, 11.16, 10.21, 7.94, 5.63, 5.82, 5.69, 5.38, 5.54, 5.7, 5.62, 5.26, 4.17, 3.73, 4.42, 4.5, 4.09, 3.07, 3.25, 3.26, 3.49, 3.54, 3.33, 3.66, 3.53, 2.38, 1.04, 1.03, 1.15, 1.17, 1.24, 1.22, 0, 1.05, 1.4, 1.52, 1.32, 1.52, 1.78, 2.35, 2.78, 3.04, 3.26, 3.8, 4.37, 4.52, 4.31, 5.51, 5.91, 5.82, 6.28, 5.72, 4.84, 4.81, 4.75, 5.45, 5.8, 6.06, 6.84, 6.44, 5.4, 5.11, 5.35, 6.28], [7.748, 7.298, 7.03, 7.1, 7.13, 7.37, 7.9, 7.38, 7.31, 7.5, 7.68, 7.61, 7.3, 6.83, 7.38, 8.515, 8.799, 8.499, 8.768, 9.3, 10.15, 10.85, 10.95, 10.41, 9.48, 7.23, 4.88, 5.13, 5.02, 4.67, 4.83, 4.95, 4.91, 4.61, 3.68, 3.22, 3.83, 3.89, 3.58, 2.54, 2.72, 2.83, 2.92, 2.93, 2.7, 2.93, 2.8, 1.73, 0.83, 0.96, 1.02, 1.04, 1.57, 1.93, 1.05, 0, 0.77, 1.19, 1.51, 1.41, 1.27, 1.76, 2.07, 2.33, 2.57, 3.05, 3.66, 3.85, 3.58, 4.76, 5.12, 4.99, 5.43, 4.93, 4.09, 4.1, 4.0, 4.72, 5.07, 5.31, 6.09, 5.69, 4.63, 4.28, 4.52, 5.47], [7.453, 7.11, 6.92, 6.91, 7.04, 7.44, 7.93, 7.45, 7.3, 7.61, 7.77, 7.68, 7.11, 6.62, 7.23, 8.3, 8.55, 8.29, 8.63, 8.95, 9.78, 10.5, 10.6, 10.04, 9.11, 6.8, 4.45, 4.66, 4.55, 4.2, 4.4, 4.54, 4.5, 4.2, 3.29, 3.05, 3.4, 3.48, 3.23, 2.49, 2.39, 2.58, 2.63, 2.6, 2.31, 2.58, 2.55, 1.46, 1.1, 1.17, 1.13, 1.43, 1.8, 2.14, 1.4, 0.77, 0, 0.84, 1.24, 1.22, 1.06, 1.51, 1.7, 1.9, 2.14, 2.62, 3.19, 3.42, 3.13, 4.35, 4.71, 4.6, 5.08, 4.6, 3.7, 3.67, 3.55, 4.33, 4.66, 4.9, 5.62, 5.24, 4.22, 3.93, 4.21, 5.1], [7.519, 7.248, 7.18, 6.97, 7.06, 7.7, 8.05, 7.61, 7.4, 7.69, 7.93, 7.84, 7.27, 6.74, 7.29, 8.277, 8.547, 8.347, 8.57, 8.91, 9.58, 10.26, 10.36, 9.8, 8.87, 6.54, 4.25, 4.4, 4.37, 4.06, 4.22, 4.28, 4.2, 3.88, 3.01, 2.79, 3.18, 3.18, 3.09, 2.53, 2.33, 2.36, 2.49, 2.46, 2.07, 2.54, 2.37, 1.5, 1.24, 1.37, 1.33, 1.63, 1.86, 2.2, 1.52, 1.19, 0.84, 0, 0.9, 0.9, 0.9, 1.31, 1.5, 1.72, 1.96, 2.38, 2.95, 3.14, 2.95, 4.11, 4.53, 4.44, 4.98, 4.46, 3.56, 3.47, 3.45, 4.09, 4.42, 4.68, 5.42, 5.04, 4.02, 3.77, 4.13, 4.94], [8.102, 7.49, 7.48, 7.23, 7.32, 8.26, 8.63, 8.09, 7.92, 8.23, 8.49, 8.44, 7.83, 7.36, 7.83, 8.757, 9.07, 8.93, 9.15, 9.49, 10.06, 10.72, 10.78, 10.22, 9.27, 6.94, 4.79, 4.88, 4.89, 4.56, 4.76, 4.72, 4.64, 4.3, 3.35, 3.19, 3.66, 3.68, 3.61, 3.01, 2.79, 2.9, 3.03, 2.92, 2.57, 3.1, 2.87, 1.92, 1.28, 1.53, 1.55, 1.67, 1.66, 1.9, 1.32, 1.51, 1.24, 0.9, 0, 0.82, 1.14, 1.53, 2.02, 2.24, 2.48, 2.88, 3.39, 3.58, 3.51, 4.57, 5.01, 4.92, 5.46, 4.94, 3.86, 3.95, 3.99, 4.55, 4.9, 5.16, 5.9, 5.52, 4.54, 4.33, 4.71, 5.52], [7.573, 7.03, 7.08, 6.93, 7.04, 7.76, 8.05, 7.57, 7.38, 7.65, 7.93, 7.82, 7.27, 6.7, 7.23, 8.292, 8.542, 8.33, 8.65, 8.97, 9.62, 10.26, 10.36, 9.8, 8.85, 6.52, 4.23, 4.38, 4.37, 4.08, 4.22, 4.24, 4.18, 3.84, 2.77, 2.61, 3.14, 3.14, 2.87, 2.33, 2.33, 2.38, 2.49, 2.46, 2.17, 2.66, 2.51, 1.4, 1.32, 1.47, 1.57, 1.63, 1.94, 2.2, 1.52, 1.41, 1.22, 0.9, 0.82, 0, 0.68, 1.07, 1.46, 1.74, 1.94, 2.34, 2.93, 3.08, 2.93, 4.09, 4.55, 4.48, 5.02, 4.5, 3.58, 3.47, 3.49, 4.07, 4.42, 4.68, 5.42, 5.04, 4.04, 3.81, 4.17, 5.02], [7.233, 7.05, 7.1, 6.95, 7.04, 7.46, 7.85, 7.39, 7.16, 7.31, 7.63, 7.5, 7.05, 6.42, 6.87, 7.934, 8.162, 7.95, 8.31, 8.61, 9.3, 9.92, 10.02, 9.44, 8.51, 6.2, 3.95, 4.14, 4.13, 3.82, 3.96, 4.0, 3.94, 3.6, 2.67, 2.43, 2.88, 2.9, 2.67, 2.25, 2.09, 2.32, 2.19, 2.1, 1.85, 2.28, 2.25, 1.08, 1.22, 1.43, 1.35, 1.59, 2.0, 2.46, 1.78, 1.27, 1.06, 0.9, 1.14, 0.68, 0, 0.97, 1.24, 1.54, 1.72, 2.12, 2.69, 2.82, 2.67, 3.79, 4.25, 4.16, 4.7, 4.18, 3.28, 3.19, 3.15, 3.75, 4.1, 4.36, 5.12, 4.72, 3.8, 3.45, 3.81, 4.68], [6.89, 7.2, 7.37, 7.22, 7.27, 7.75, 7.82, 7.46, 7.15, 7.12, 7.28, 7.15, 6.78, 6.11, 6.56, 7.564, 7.817, 7.62, 7.88, 8.12, 8.75, 9.49, 9.59, 9.03, 8.08, 5.73, 3.42, 3.53, 3.54, 3.23, 3.39, 3.39, 3.33, 2.99, 2.04, 1.94, 2.33, 2.31, 2.28, 2.44, 2.46, 2.75, 2.34, 2.25, 1.84, 2.55, 2.44, 1.49, 1.87, 1.94, 1.78, 2.06, 2.53, 3.03, 2.35, 1.76, 1.51, 1.31, 1.53, 1.07, 0.97, 0, 0.69, 0.95, 1.11, 1.51, 2.08, 2.23, 2.12, 3.2, 3.68, 3.67, 4.17, 3.71, 3.15, 2.96, 2.94, 3.4, 3.61, 3.79, 4.53, 4.19, 3.51, 3.22, 3.62, 4.25], [6.403, 6.73, 6.96, 6.79, 6.88, 7.34, 7.33, 7.01, 6.7, 6.71, 6.87, 6.7, 6.39, 5.64, 6.11, 7.114, 7.367, 7.167, 7.43, 7.69, 8.36, 9.14, 9.24, 8.68, 7.73, 5.34, 3.01, 3.14, 3.11, 2.84, 2.96, 2.98, 2.96, 2.6, 1.75, 1.73, 1.9, 1.88, 1.99, 2.31, 2.23, 2.48, 2.13, 1.96, 1.67, 2.34, 2.21, 1.44, 2.18, 2.29, 2.13, 2.39, 2.9, 3.46, 2.78, 2.07, 1.7, 1.5, 2.02, 1.46, 1.24, 0.69, 0, 0.58, 0.86, 1.14, 1.69, 1.86, 1.97, 2.87, 3.27, 3.44, 3.9, 3.38, 3.28, 2.91, 2.75, 3.15, 3.24, 3.4, 4.14, 3.86, 3.38, 3.05, 3.23, 3.82], [6.543, 6.83, 7.06, 6.83, 6.92, 7.44, 7.49, 7.17, 6.84, 6.77, 6.75, 6.72, 6.21, 5.62, 6.09, 6.94, 7.19, 6.99, 7.23, 7.51, 8.18, 8.96, 9.06, 8.5, 7.55, 5.16, 2.93, 2.9, 2.89, 2.74, 2.8, 2.72, 2.74, 2.42, 1.63, 1.69, 1.72, 1.68, 1.85, 2.55, 2.41, 2.68, 2.27, 2.1, 1.69, 2.5, 2.39, 1.64, 2.34, 2.59, 2.47, 2.67, 3.2, 3.72, 3.04, 2.33, 1.9, 1.72, 2.24, 1.74, 1.54, 0.95, 0.58, 0, 0.76, 1.02, 1.55, 1.62, 1.83, 2.65, 3.09, 3.22, 3.74, 3.18, 3.12, 2.89, 2.83, 2.91, 3.06, 3.18, 3.88, 3.6, 3.36, 3.23, 3.29, 3.64], [6.506, 6.91, 7.12, 6.97, 7.02, 7.5, 7.51, 7.15, 6.88, 6.77, 6.71, 6.62, 6.21, 5.54, 5.93, 6.76, 7.007, 6.83, 7.07, 7.31, 7.98, 8.76, 8.86, 8.3, 7.35, 4.96, 2.61, 2.62, 2.63, 2.5, 2.56, 2.44, 2.46, 2.22, 1.47, 1.57, 1.5, 1.5, 1.53, 2.41, 2.39, 2.68, 2.15, 1.94, 1.65, 2.38, 2.35, 1.68, 2.64, 2.81, 2.61, 2.87, 3.38, 3.96, 3.26, 2.57, 2.14, 1.96, 2.48, 1.94, 1.72, 1.11, 0.86, 0.76, 0, 0.72, 1.21, 1.38, 1.49, 2.41, 2.91, 3.08, 3.5, 3.0, 2.92, 2.79, 2.67, 2.79, 2.88, 2.98, 3.68, 3.44, 3.14, 3.01, 3.21, 3.46], [6.063, 6.57, 6.84, 6.59, 6.68, 7.22, 7.27, 6.93, 6.62, 6.49, 6.53, 6.42, 6.03, 5.26, 5.59, 6.4, 6.69, 6.53, 6.71, 6.95, 7.54, 8.28, 8.38, 7.82, 6.87, 4.48, 2.23, 2.2, 2.27, 2.02, 2.14, 2.02, 2.12, 1.86, 1.17, 1.53, 1.24, 1.34, 1.31, 2.25, 2.21, 2.44, 1.93, 1.68, 1.41, 1.94, 1.89, 1.78, 3.08, 3.25, 3.07, 3.25, 3.74, 4.44, 3.8, 3.05, 2.62, 2.38, 2.88, 2.34, 2.12, 1.51, 1.14, 1.02, 0.72, 0, 0.79, 1.04, 1.21, 2.05, 2.45, 2.66, 3.12, 2.52, 2.54, 2.35, 2.11, 2.29, 2.4, 2.48, 3.22, 2.88, 2.62, 2.55, 2.71, 3.06], [5.796, 6.48, 6.77, 6.52, 6.61, 7.15, 7.14, 6.8, 6.53, 6.38, 6.38, 6.31, 5.88, 5.11, 5.34, 6.01, 6.36, 6.16, 6.36, 6.46, 6.97, 7.71, 7.83, 7.23, 6.28, 3.89, 1.68, 1.63, 1.66, 1.51, 1.53, 1.41, 1.49, 1.21, 0.96, 1.68, 0.81, 1.07, 1.16, 2.28, 2.26, 2.35, 1.66, 1.53, 1.42, 1.83, 1.76, 2.27, 3.59, 3.8, 3.56, 3.74, 4.23, 4.95, 4.37, 3.66, 3.19, 2.95, 3.39, 2.93, 2.69, 2.08, 1.69, 1.55, 1.21, 0.79, 0, 0.51, 1.1, 1.74, 2.04, 2.53, 2.79, 2.15, 2.49, 2.24, 1.92, 1.94, 1.83, 1.95, 2.65, 2.37, 2.31, 2.38, 2.36, 2.57], [5.806, 6.45, 6.76, 6.49, 6.6, 7.14, 7.13, 6.79, 6.5, 6.35, 6.31, 6.24, 5.83, 5.06, 5.27, 5.76, 6.09, 5.95, 6.11, 6.25, 6.78, 7.52, 7.64, 7.04, 6.07, 3.68, 1.61, 1.46, 1.47, 1.42, 1.4, 1.28, 1.4, 1.02, 1.05, 1.75, 0.88, 1.0, 1.13, 2.23, 2.23, 2.34, 1.51, 1.54, 1.45, 1.88, 1.85, 2.42, 3.72, 3.91, 3.69, 3.87, 4.36, 5.12, 4.52, 3.85, 3.42, 3.14, 3.58, 3.08, 2.82, 2.23, 1.86, 1.62, 1.38, 1.04, 0.51, 0, 1.13, 1.67, 1.97, 2.56, 2.72, 2.08, 2.58, 2.29, 1.97, 1.93, 1.66, 1.82, 2.46, 2.2, 2.34, 2.43, 2.31, 2.4], [5.576, 6.02, 6.25, 6.06, 6.11, 6.63, 6.72, 6.34, 6.05, 5.92, 5.96, 5.89, 5.46, 4.73, 4.98, 5.71, 5.957, 5.82, 6.06, 6.26, 6.93, 7.67, 7.79, 7.19, 6.22, 3.87, 1.8, 1.79, 1.92, 1.57, 1.65, 1.95, 2.03, 1.81, 1.76, 2.16, 1.37, 1.15, 0.9, 1.82, 1.7, 1.85, 1.66, 1.81, 1.66, 1.61, 1.8, 2.33, 3.59, 3.72, 3.48, 3.78, 4.25, 4.91, 4.31, 3.58, 3.13, 2.95, 3.51, 2.93, 2.67, 2.12, 1.97, 1.83, 1.49, 1.21, 1.1, 1.13, 0, 1.56, 2.22, 2.21, 2.45, 1.99, 2.05, 1.68, 1.62, 1.64, 1.81, 1.95, 2.63, 2.31, 1.91, 1.86, 2.14, 2.43], [6.256, 6.94, 7.23, 6.98, 7.05, 7.61, 7.62, 7.26, 6.99, 6.84, 6.78, 6.67, 6.18, 5.55, 5.74, 5.83, 6.12, 6.1, 6.24, 5.68, 5.87, 6.51, 6.63, 6.03, 5.06, 2.75, 1.62, 1.43, 1.68, 1.53, 1.25, 1.15, 1.41, 1.57, 2.22, 2.4, 1.81, 1.77, 1.98, 2.78, 2.82, 3.09, 2.78, 2.47, 2.38, 2.19, 2.62, 3.31, 4.69, 4.9, 4.68, 4.92, 5.41, 6.11, 5.51, 4.76, 4.35, 4.11, 4.57, 4.09, 3.79, 3.2, 2.87, 2.65, 2.41, 2.05, 1.74, 1.67, 1.56, 0, 1.14, 1.31, 1.37, 1.01, 1.53, 1.38, 1.72, 1.4, 1.37, 1.33, 1.69, 1.67, 1.59, 1.78, 2.18, 2.19], [6.196, 6.92, 7.29, 7.02, 7.13, 7.69, 7.58, 7.34, 6.97, 6.8, 6.74, 6.67, 6.22, 5.51, 5.68, 5.77, 5.92, 5.96, 6.14, 5.5, 5.49, 5.97, 5.97, 5.43, 4.5, 2.53, 1.66, 1.69, 1.82, 1.83, 1.51, 1.21, 1.71, 1.81, 2.58, 2.88, 2.09, 2.17, 2.46, 3.5, 3.46, 3.71, 3.1, 2.79, 2.9, 2.59, 2.88, 3.75, 5.25, 5.34, 5.16, 5.5, 5.99, 6.67, 5.91, 5.12, 4.71, 4.53, 5.01, 4.55, 4.25, 3.68, 3.27, 3.09, 2.91, 2.45, 2.04, 1.97, 2.22, 1.14, 0, 1.05, 1.11, 1.03, 2.01, 2.0, 2.06, 1.82, 1.47, 1.69, 1.95, 2.01, 1.95, 2.1, 2.24, 2.21], [6.163, 6.79, 7.02, 6.77, 6.84, 7.4, 7.51, 7.19, 6.88, 6.75, 6.77, 6.64, 6.17, 5.52, 5.69, 5.8, 5.99, 5.97, 6.19, 5.43, 5.56, 6.02, 6.08, 5.54, 4.61, 2.62, 2.27, 2.3, 2.53, 2.4, 2.16, 1.84, 2.12, 2.48, 2.99, 3.09, 2.58, 2.7, 2.59, 3.37, 3.43, 3.76, 3.37, 3.1, 2.97, 2.68, 3.07, 3.68, 5.173, 5.27, 5.09, 5.43, 5.92, 6.596, 5.82, 4.99, 4.6, 4.44, 4.92, 4.48, 4.16, 3.67, 3.44, 3.22, 3.08, 2.66, 2.53, 2.56, 2.21, 1.31, 1.05, 0, 0.78, 1.22, 1.52, 1.57, 1.79, 1.59, 1.88, 2.04, 2.12, 1.88, 1.72, 1.89, 2.13, 2.32], [5.989, 6.73, 6.98, 6.73, 6.8, 7.36, 7.35, 7.01, 6.74, 6.59, 6.51, 6.44, 5.93, 5.28, 5.45, 5.5, 5.61, 5.67, 5.83, 5.07, 5.18, 5.58, 5.58, 5.02, 4.11, 2.14, 2.41, 2.38, 2.57, 2.4, 2.22, 1.98, 2.3, 2.64, 3.29, 3.31, 2.7, 2.7, 2.93, 3.69, 3.69, 3.92, 3.57, 3.36, 3.41, 3.0, 3.39, 4.18, 5.64, 5.79, 5.55, 5.89, 6.38, 7.06, 6.28, 5.43, 5.08, 4.98, 5.46, 5.02, 4.7, 4.17, 3.9, 3.74, 3.5, 3.12, 2.79, 2.72, 2.45, 1.37, 1.11, 0.78, 0, 1.12, 1.78, 1.77, 1.89, 1.61, 1.78, 1.9, 1.88, 1.92, 1.88, 2.07, 2.17, 2.28], [5.686, 6.39, 6.58, 6.29, 6.36, 6.9, 6.95, 6.59, 6.3, 6.17, 6.13, 6.02, 5.55, 5.0, 5.09, 5.14, 5.53, 5.41, 5.61, 5.23, 5.48, 6.0, 6.06, 5.5, 4.55, 2.56, 1.87, 1.7, 1.91, 1.56, 1.52, 1.58, 1.9, 1.88, 2.65, 2.79, 2.2, 2.14, 2.41, 3.11, 2.97, 3.16, 2.83, 2.62, 2.81, 2.32, 2.57, 3.56, 5.08, 5.33, 5.05, 5.35, 5.82, 6.5, 5.72, 4.93, 4.6, 4.46, 4.94, 4.5, 4.18, 3.71, 3.38, 3.18, 3.0, 2.52, 2.15, 2.08, 1.99, 1.01, 1.03, 1.22, 1.12, 0, 1.52, 1.49, 1.65, 1.13, 1.16, 1.3, 1.66, 1.52, 1.46, 1.59, 1.65, 1.72], [6.08, 6.69, 6.82, 6.53, 6.62, 7.04, 7.35, 6.95, 6.64, 6.49, 6.61, 6.5, 6.09, 5.4, 5.47, 5.78, 6.17, 6.07, 6.27, 6.01, 6.3, 6.88, 6.94, 6.38, 5.43, 3.2, 2.41, 2.44, 2.79, 2.26, 2.24, 2.44, 2.6, 2.54, 3.07, 2.93, 2.68, 2.78, 2.59, 2.73, 2.75, 2.96, 2.95, 2.7, 2.55, 2.2, 2.69, 2.96, 4.1, 4.37, 4.15, 4.45, 4.92, 5.54, 4.84, 4.09, 3.7, 3.56, 3.86, 3.58, 3.28, 3.15, 3.28, 3.12, 2.92, 2.54, 2.49, 2.58, 2.05, 1.53, 2.01, 1.52, 1.78, 1.52, 0, 0.83, 1.59, 1.27, 1.78, 1.98, 2.3, 1.94, 1.38, 1.55, 1.91, 2.44], [5.664, 6.22, 6.37, 6.08, 6.17, 6.63, 6.92, 6.48, 6.19, 6.06, 6.34, 6.23, 5.84, 5.11, 5.18, 5.63, 6.02, 5.9, 6.1, 5.86, 6.33, 6.95, 7.01, 6.45, 5.5, 3.15, 2.06, 2.19, 2.4, 1.81, 1.77, 2.31, 2.37, 2.37, 2.7, 2.62, 2.31, 2.41, 2.2, 2.16, 2.18, 2.47, 2.32, 2.09, 1.96, 1.69, 2.26, 2.75, 4.05, 4.36, 4.08, 4.34, 4.81, 5.47, 4.81, 4.1, 3.67, 3.47, 3.95, 3.47, 3.19, 2.96, 2.91, 2.89, 2.79, 2.35, 2.24, 2.29, 1.68, 1.38, 2.0, 1.57, 1.77, 1.49, 0.83, 0, 1.1, 1.14, 1.59, 1.81, 2.17, 1.89, 1.13, 1.24, 1.44, 2.21], [5.141, 5.58, 5.73, 5.48, 5.57, 6.09, 6.4, 5.94, 5.71, 5.68, 5.92, 5.79, 5.44, 4.65, 4.86, 5.51, 5.84, 5.6, 5.82, 5.82, 6.33, 7.01, 7.13, 6.55, 5.6, 3.29, 2.14, 2.29, 2.44, 1.81, 1.95, 2.35, 2.49, 2.37, 2.4, 2.68, 2.07, 2.21, 2.16, 2.12, 2.16, 2.43, 1.96, 1.83, 1.78, 1.41, 1.9, 2.57, 4.01, 4.2, 3.92, 4.26, 4.75, 5.45, 4.75, 4.0, 3.55, 3.45, 3.99, 3.49, 3.15, 2.94, 2.75, 2.83, 2.67, 2.11, 1.92, 1.97, 1.62, 1.72, 2.06, 1.79, 1.89, 1.65, 1.59, 1.1, 0, 1.12, 1.55, 1.63, 2.11, 1.73, 1.35, 1.46, 1.28, 2.15], [5.233, 5.88, 6.03, 5.74, 5.83, 6.33, 6.5, 6.14, 5.83, 5.7, 5.74, 5.65, 5.2, 4.55, 4.68, 5.01, 5.38, 5.2, 5.4, 5.3, 5.63, 6.27, 6.35, 5.75, 4.8, 2.53, 2.0, 1.89, 2.16, 1.59, 1.77, 2.03, 2.11, 1.83, 2.4, 2.72, 2.01, 2.11, 2.18, 2.8, 2.54, 2.73, 2.38, 2.21, 2.38, 1.99, 2.28, 3.23, 4.71, 4.94, 4.7, 5.0, 5.47, 6.13, 5.45, 4.72, 4.33, 4.09, 4.55, 4.07, 3.75, 3.4, 3.15, 2.91, 2.79, 2.29, 1.94, 1.93, 1.64, 1.4, 1.82, 1.59, 1.61, 1.13, 1.27, 1.14, 1.12, 0, 0.97, 1.07, 1.45, 1.19, 1.03, 1.34, 1.18, 1.59], [5.109, 5.87, 6.18, 5.87, 5.98, 6.56, 6.43, 6.19, 5.82, 5.65, 5.55, 5.5, 5.07, 4.38, 4.51, 4.8, 5.13, 4.93, 5.11, 5.03, 5.3, 5.96, 6.06, 5.46, 4.49, 2.24, 1.49, 1.3, 1