[[0, 1.64, 1.86, 1.84, 1.82, 1.27, 1.26, 1.55, 1.45, 1.53, 2.84, 3.69, 3.71, 5.15, 5.77, 6.282, 6.66, 6.15, 5.16, 4.64, 4.37, 4.15, 3.85, 3.06, 2.29, 2.25, 2.29, 2.04, 1.97, 2.23, 1.91, 1.62, 1.98, 2.07, 2.23, 2.85, 2.98, 2.48, 2.4, 2.3, 2.29, 2.47, 2.76, 3.54, 5.615, 6.272, 6.139, 7.542, 9.162, 10.669, 10.598, 10.032, 7.663, 7.093, 6.853, 5.13, 3.87, 2.96, 3.17, 3.23, 3.238, 4.56, 6.36, 6.15, 6.188, 6.378, 5.612, 5.018, 4.67, 4.75, 5.45, 5.57, 5.53, 5.25, 4.85, 4.86, 5.3, 4.85, 4.5, 4.22, 4.21, 3.86, 2.67, 2.01, 1.85, 2.05], [1.64, 0, 1.04, 1.34, 1.12, 1.53, 2.4, 2.83, 2.53, 1.49, 1.6, 2.31, 2.29, 3.77, 4.341, 4.871, 5.22, 4.69, 3.739, 3.24, 3.07, 3.01, 3.03, 2.56, 2.01, 2.27, 2.35, 2.82, 2.83, 2.95, 2.47, 2.16, 2.54, 2.71, 2.83, 3.93, 4.14, 3.54, 3.44, 3.44, 2.99, 3.11, 3.68, 4.62, 7.026, 7.706, 7.536, 8.95, 10.527, 12.069, 12.021, 11.432, 9.081, 8.447, 8.333, 6.35, 5.07, 4.22, 4.39, 4.51, 4.515, 5.78, 7.58, 7.482, 7.513, 7.703, 6.969, 6.295, 5.982, 5.97, 6.73, 6.93, 6.85, 6.49, 6.11, 6.16, 6.64, 6.15, 5.755, 5.438, 5.39, 5.12, 3.91, 3.25, 2.95, 2.93], [1.86, 1.04, 0, 0.98, 1.08, 1.53, 2.38, 2.87, 2.49, 1.63, 1.46, 2.19, 2.29, 3.77, 4.27, 4.78, 5.24, 4.71, 3.68, 3.26, 3.25, 3.23, 3.19, 2.62, 2.17, 2.47, 2.39, 2.82, 3.01, 3.11, 2.65, 2.36, 2.8, 2.97, 3.19, 4.17, 4.38, 3.72, 3.58, 3.68, 3.19, 3.31, 3.78, 4.92, 7.16, 7.84, 7.67, 9.067, 10.644, 12.166, 12.115, 11.521, 9.178, 8.464, 8.45, 6.49, 5.31, 4.3, 4.43, 4.57, 4.54, 5.72, 7.52, 7.51, 7.63, 7.82, 7.14, 6.44, 6.13, 6.07, 6.83, 7.05, 6.97, 6.61, 6.15, 6.18, 6.62, 6.13, 5.82, 5.52, 5.51, 5.28, 4.05, 3.47, 3.15, 3.23], [1.84, 1.34, 0.98, 0, 0.82, 1.33, 2.22, 2.43, 2.13, 1.31, 1.34, 2.11, 2.29, 3.81, 4.39, 4.851, 5.34, 4.83, 3.829, 3.36, 3.19, 3.07, 2.97, 2.38, 1.91, 2.11, 2.15, 2.6, 2.81, 2.91, 2.47, 2.16, 2.58, 2.75, 2.97, 3.89, 4.06, 3.44, 3.32, 3.36, 2.97, 3.13, 3.62, 4.62, 6.6, 7.44, 7.29, 8.918, 10.541, 12.085, 12.046, 11.475, 9.132, 8.39, 8.11, 6.03, 5.03, 3.98, 3.97, 4.09, 3.98, 5.3, 7.04, 6.93, 7.29, 7.46, 6.6, 5.9, 5.57, 5.61, 6.43, 6.65, 6.43, 6.15, 5.75, 5.56, 6.02, 5.71, 5.52, 5.1, 5.19, 4.9, 3.63, 3.11, 2.87, 3.05], [1.82, 1.12, 1.08, 0.82, 0, 1.13, 2.32, 2.59, 2.23, 1.23, 1.56, 2.01, 2.07, 3.53, 4.09, 4.551, 4.937, 4.447, 3.457, 2.96, 2.81, 2.71, 2.67, 2.1, 1.65, 1.87, 1.85, 2.24, 2.39, 2.51, 2.13, 1.72, 2.12, 2.29, 2.51, 3.57, 3.76, 3.16, 3.02, 3.0, 2.53, 2.63, 3.12, 4.26, 6.88, 7.72, 7.59, 9.218, 10.863, 12.376, 12.349, 11.763, 9.412, 8.75, 8.39, 6.11, 4.77, 3.86, 4.01, 4.17, 4.18, 5.38, 7.18, 7.31, 7.59, 7.78, 6.88, 6.06, 5.77, 5.71, 6.57, 6.93, 6.59, 6.29, 5.85, 5.86, 6.46, 6.09, 5.82, 5.34, 5.31, 5.06, 3.61, 2.83, 2.51, 2.55], [1.27, 1.53, 1.53, 1.33, 1.13, 0, 1.53, 1.88, 1.62, 1.56, 2.11, 2.76, 3.02, 4.48, 4.98, 5.43, 5.767, 5.277, 4.31, 3.77, 3.56, 3.46, 3.26, 2.51, 2.12, 2.16, 2.2, 2.21, 2.08, 2.3, 1.88, 1.59, 1.95, 2.12, 2.2, 3.24, 3.37, 2.75, 2.49, 2.73, 2.44, 2.52, 2.91, 3.89, 6.09, 6.89, 6.72, 8.351, 10.005, 11.509, 11.485, 10.89, 8.545, 7.894, 7.56, 5.38, 4.38, 3.29, 3.36, 3.58, 3.51, 4.83, 6.61, 6.58, 6.74, 6.93, 6.09, 5.29, 5.0, 5.02, 5.8, 6.06, 5.8, 5.56, 5.14, 5.15, 5.71, 5.28, 4.95, 4.53, 4.56, 4.27, 3.0, 2.42, 2.18, 2.18], [1.26, 2.4, 2.38, 2.22, 2.32, 1.53, 0, 0.99, 1.65, 1.97, 3.14, 4.09, 4.27, 5.77, 6.326, 6.796, 7.174, 6.664, 5.691, 5.168, 4.895, 4.65, 4.33, 3.58, 2.83, 2.75, 2.77, 2.34, 2.21, 2.47, 2.27, 2.02, 2.34, 2.43, 2.49, 2.49, 2.52, 2.28, 2.36, 2.42, 2.81, 2.99, 2.88, 2.98, 4.9, 5.64, 5.53, 7.07, 8.69, 10.2, 10.11, 9.59, 7.23, 6.59, 6.27, 4.27, 3.31, 2.2, 2.41, 2.51, 2.48, 3.78, 5.6, 5.43, 5.51, 5.7, 4.88, 4.16, 3.87, 3.93, 4.61, 4.89, 4.67, 4.37, 4.05, 4.04, 4.54, 4.11, 3.8, 3.38, 3.33, 2.96, 1.93, 1.75, 1.79, 2.17], [1.55, 2.83, 2.87, 2.43, 2.59, 1.88, 0.99, 0, 1.14, 1.9, 3.23, 4.34, 4.46, 5.893, 6.552, 7.023, 7.45, 6.94, 5.947, 5.444, 5.14, 4.88, 4.44, 3.697, 2.76, 2.68, 2.66, 2.15, 1.9, 2.24, 2.2, 1.97, 2.31, 2.36, 2.18, 2.04, 2.29, 1.91, 1.97, 2.11, 2.48, 2.66, 2.55, 2.67, 4.47, 5.33, 5.18, 6.84, 8.48, 9.99, 9.9, 9.38, 7.02, 6.34, 5.98, 4.06, 3.24, 2.03, 2.18, 2.32, 2.13, 3.51, 5.29, 5.02, 5.26, 5.45, 4.55, 3.87, 3.58, 3.7, 4.38, 4.6, 4.42, 4.2, 3.82, 3.63, 4.07, 3.78, 3.53, 3.27, 3.3, 2.91, 1.8, 1.38, 1.48, 1.84], [1.45, 2.53, 2.49, 2.13, 2.23, 1.62, 1.65, 1.14, 0, 1.58, 2.65, 3.66, 3.78, 5.16, 5.774, 6.304, 6.724, 6.214, 5.29, 4.787, 4.38, 4.08, 3.627, 2.93, 2.22, 2.0, 2.06, 1.77, 1.34, 1.56, 1.56, 1.37, 1.61, 1.74, 1.74, 2.5, 2.75, 2.09, 1.91, 1.93, 1.86, 1.96, 2.11, 3.11, 5.19, 6.11, 5.96, 7.62, 9.26, 10.77, 10.68, 10.16, 7.8, 7.12, 6.76, 4.74, 3.88, 2.77, 2.72, 2.86, 2.61, 4.01, 5.77, 5.74, 6.0, 6.17, 5.31, 4.55, 4.2, 4.34, 5.02, 5.28, 5.12, 4.94, 4.52, 4.29, 4.61, 4.34, 4.21, 3.95, 3.98, 3.57, 2.48, 1.86, 1.54, 1.56], [1.53, 1.49, 1.63, 1.31, 1.23, 1.56, 1.97, 1.9, 1.58, 0, 1.97, 2.78, 2.74, 4.2, 4.78, 5.281, 5.662, 5.143, 4.21, 3.707, 3.38, 3.12, 2.78, 2.19, 1.58, 1.58, 1.54, 1.75, 1.84, 2.0, 1.6, 1.43, 1.69, 1.82, 2.0, 2.92, 3.17, 2.65, 2.53, 2.41, 2.12, 2.24, 2.69, 3.59, 6.05, 6.99, 6.84, 8.5, 10.14, 11.65, 11.62, 11.04, 8.7, 8.0, 7.66, 5.52, 4.24, 3.35, 3.4, 3.48, 3.45, 4.77, 6.57, 6.52, 6.86, 7.07, 6.13, 5.35, 4.98, 5.06, 5.86, 6.16, 5.9, 5.72, 5.24, 5.11, 5.61, 5.34, 5.05, 4.75, 4.76, 4.41, 3.08, 2.24, 2.0, 2.06], [2.84, 1.6, 1.46, 1.34, 1.56, 2.11, 3.14, 3.23, 2.65, 1.97, 0, 1.47, 1.53, 2.89, 3.57, 4.057, 4.62, 4.09, 3.34, 3.04, 2.93, 2.81, 2.69, 2.32, 2.05, 2.37, 2.51, 3.1, 3.15, 3.21, 2.73, 2.54, 2.9, 3.05, 3.31, 4.41, 4.8, 4.04, 3.92, 4.0, 3.53, 3.69, 4.18, 5.26, 7.5, 8.42, 8.25, 9.91, 11.53, 13.08, 13.043, 12.47, 10.129, 9.37, 9.089, 6.79, 5.89, 4.78, 4.63, 4.73, 4.54, 5.8, 7.52, 7.83, 8.27, 8.44, 7.56, 6.74, 6.37, 6.37, 7.21, 7.59, 7.29, 7.05, 6.59, 6.32, 6.68, 6.49, 6.42, 6.0, 6.11, 5.78, 4.55, 3.89, 3.51, 3.55], [3.69, 2.31, 2.19, 2.11, 2.01, 2.76, 4.09, 4.34, 3.66, 2.78, 1.47, 0, 0.98, 1.96, 2.4, 2.83, 3.284, 2.96, 2.85, 2.81, 2.84, 2.92, 3.22, 2.81, 2.68, 3.02, 3.08, 3.65, 3.7, 3.76, 3.34, 3.17, 3.45, 3.48, 3.8, 5.08, 5.43, 4.73, 4.65, 4.63, 4.12, 4.2, 4.67, 5.75, 8.57, 9.53, 9.36, 11.02, 12.64, 14.19, 14.153, 13.58, 11.239, 10.48, 10.199, 7.8, 6.54, 5.57, 5.44, 5.66, 5.59, 6.77, 8.47, 8.92, 9.38, 9.55, 8.63, 7.79, 7.44, 7.36, 8.28, 8.66, 8.339, 8.06, 7.6, 7.35, 7.89, 7.66, 7.51, 7.05, 7.08, 6.83, 5.4, 4.52, 4.12, 4.06], [3.71, 2.29, 2.29, 2.29, 2.07, 3.02, 4.27, 4.46, 3.78, 2.74, 1.53, 0.98, 0, 1.62, 2.18, 2.67, 3.204, 2.84, 2.59, 2.51, 2.58, 2.62, 2.82, 2.37, 2.46, 2.64, 2.62, 3.25, 3.32, 3.42, 3.08, 2.91, 3.13, 3.2, 3.52, 4.84, 5.25, 4.61, 4.53, 4.53, 3.84, 3.86, 4.33, 5.63, 8.71, 9.655, 9.488, 11.148, 12.771, 14.315, 14.276, 13.705, 11.362, 10.613, 10.322, 7.94, 6.4, 5.51, 5.58, 5.76, 5.73, 6.67, 8.49, 9.06, 9.508, 9.681, 8.758, 7.93, 7.58, 7.46, 8.4, 8.8, 8.48, 8.191, 7.708, 7.51, 8.03, 7.78, 7.65, 7.189, 7.208, 6.923, 5.48, 4.36, 3.98, 3.82], [5.15, 3.77, 3.77, 3.81, 3.53, 4.48, 5.77, 5.893, 5.16, 4.2, 2.89, 1.96, 1.62, 0, 1.06, 1.33, 2.21, 2.42, 2.57, 2.53, 2.6, 2.7, 3.02, 2.95, 3.48, 3.56, 3.48, 4.19, 4.44, 4.26, 4.14, 4.15, 4.07, 3.9, 4.36, 5.84, 6.463, 5.835, 5.81, 5.912, 4.92, 4.72, 5.19, 6.89, 10.158, 11.101, 10.933, 12.593, 14.216, 15.761, 15.722, 15.151, 12.808, 12.059, 11.768, 9.393, 7.62, 6.866, 6.94, 7.18, 7.09, 7.89, 9.79, 10.505, 10.953, 11.126, 10.203, 9.361, 9.028, 8.911, 9.845, 10.225, 9.908, 9.636, 9.153, 8.958, 9.422, 9.203, 9.083, 8.635, 8.673, 8.369, 6.908, 5.708, 5.24, 4.78], [5.77, 4.341, 4.27, 4.39, 4.09, 4.98, 6.326, 6.552, 5.774, 4.78, 3.57, 2.4, 2.18, 1.06, 0, 1.17, 2.13, 2.6, 2.81, 2.77, 2.86, 3.06, 3.6, 3.57, 4.2, 4.24, 4.14, 4.79, 4.94, 4.7, 4.58, 4.727, 4.59, 4.54, 5.02, 6.52, 7.11, 6.47, 6.47, 6.567, 5.58, 5.38, 5.85, 7.59, 10.798, 11.711, 11.553, 13.201, 14.83, 16.377, 16.341, 15.764, 13.412, 12.679, 12.388, 10.037, 8.3, 7.546, 7.62, 7.84, 7.77, 8.57, 10.51, 11.154, 11.573, 11.74, 10.843, 10.021, 9.688, 9.551, 10.485, 10.865, 10.528, 10.256, 9.811, 9.604, 10.084, 9.823, 9.703, 9.255, 9.273, 8.989, 7.528, 6.36, 6.0, 5.54], [6.282, 4.871, 4.78, 4.851, 4.551, 5.43, 6.796, 7.023, 6.304, 5.281, 4.057, 2.83, 2.67, 1.33, 1.17, 0, 1.34, 1.71, 1.94, 2.24, 2.39, 2.55, 3.11, 3.74, 4.69, 4.75, 4.53, 5.08, 5.457, 5.082, 4.99, 5.237, 4.96, 4.91, 5.37, 6.947, 7.633, 6.997, 6.96, 7.077, 6.05, 5.71, 6.16, 8.06, 11.308, 12.251, 12.083, 13.731, 15.36, 16.907, 16.871, 16.294, 13.942, 13.206, 12.918, 10.563, 8.77, 8.036, 8.11, 8.35, 8.32, 9.12, 11.02, 11.675, 12.094, 12.276, 11.353, 10.531, 10.198, 10.061, 10.995, 11.375, 11.058, 10.786, 10.303, 10.114, 10.614, 10.376, 10.253, 9.785, 9.8, 9.519, 8.058, 6.87, 6.45, 5.99], [6.66, 5.22, 5.24, 5.34, 4.937, 5.767, 7.174, 7.45, 6.724, 5.662, 4.62, 3.284, 3.204, 2.21, 2.13, 1.34, 0, 1.09, 1.76, 2.22, 2.45, 2.79, 3.51, 4.12, 5.016, 5.15, 4.944, 5.474, 5.902, 5.504, 5.362, 5.654, 5.317, 5.244, 5.707, 7.37, 7.926, 7.432, 7.34, 7.434, 6.456, 6.05, 6.523, 8.377, 11.594, 12.522, 12.349, 14.006, 15.681, 17.228, 17.221, 16.589, 14.238, 13.57, 13.284, 10.844, 9.104, 8.343, 8.407, 8.713, 8.78, 9.563, 11.54, 12.13, 12.375, 12.585, 11.622, 10.782, 10.467, 10.344, 11.284, 11.658, 11.338, 11.141, 10.687, 10.594, 11.174, 10.882, 10.586, 10.191, 10.124, 9.831, 8.358, 7.116, 6.61, 6.13], [6.15, 4.69, 4.71, 4.83, 4.447, 5.277, 6.664, 6.94, 6.214, 5.143, 4.09, 2.96, 2.84, 2.42, 2.6, 1.71, 1.09, 0, 1.11, 1.65, 1.98, 2.3, 3.06, 3.71, 4.58, 4.66, 4.449, 4.979, 5.386, 4.994, 4.84, 5.15, 4.79, 4.752, 5.169, 6.84, 7.416, 6.89, 6.859, 6.93, 5.963, 5.56, 6.039, 7.879, 11.101, 12.043, 11.876, 13.536, 15.171, 16.718, 16.711, 16.102, 13.768, 13.04, 12.774, 10.354, 8.594, 7.853, 7.906, 8.203, 8.253, 9.053, 11.019, 11.6, 11.896, 12.072, 11.146, 10.303, 9.977, 9.853, 10.788, 11.168, 10.868, 10.611, 10.177, 10.064, 10.624, 10.349, 10.076, 9.661, 9.614, 9.341, 7.868, 6.666, 6.2, 5.76], [5.16, 3.739, 3.68, 3.829, 3.457, 4.31, 5.691, 5.947, 5.29, 4.21, 3.34, 2.85, 2.59, 2.57, 2.81, 1.94, 1.76, 1.11, 0, 0.74, 1.05, 1.47, 2.21, 2.88, 3.75, 3.799, 3.499, 4.089, 4.416, 4.056, 3.953, 4.243, 3.943, 3.902, 4.379, 5.953, 6.526, 6.0, 5.909, 6.043, 5.013, 4.613, 5.089, 7.049, 10.24, 11.113, 10.966, 12.594, 14.229, 15.785, 15.758, 15.157, 12.82, 12.09, 11.801, 9.47, 7.639, 6.946, 7.116, 7.373, 7.383, 8.186, 10.169, 10.607, 10.966, 11.139, 10.257, 9.44, 9.13, 8.993, 9.93, 10.307, 9.97, 9.678, 9.207, 9.117, 9.7, 9.362, 9.132, 8.688, 8.675, 8.422, 6.961, 5.756, 5.405, 4.97], [4.64, 3.24, 3.26, 3.36, 2.96, 3.77, 5.168, 5.444, 4.787, 3.707, 3.04, 2.81, 2.51, 2.53, 2.77, 2.24, 2.22, 1.65, 0.74, 0, 0.65, 1.21, 1.73, 2.38, 3.23, 3.29, 2.97, 3.58, 3.91, 3.57, 3.47, 3.74, 3.48, 3.43, 3.89, 5.45, 6.04, 5.497, 5.38, 5.56, 4.51, 4.09, 4.56, 6.56, 9.737, 10.626, 10.459, 12.083, 13.706, 15.25, 15.232, 14.634, 12.297, 11.549, 11.296, 8.947, 7.11, 6.42, 6.63, 6.87, 6.86, 7.66, 9.64, 10.064, 10.463, 10.646, 9.734, 8.917, 8.627, 8.49, 9.427, 9.804, 9.467, 9.155, 8.684, 8.614, 9.177, 8.839, 8.649, 8.163, 8.143, 7.899, 6.464, 5.27, 4.89, 4.47], [4.37, 3.07, 3.25, 3.19, 2.81, 3.56, 4.895, 5.14, 4.38, 3.38, 2.93, 2.84, 2.58, 2.6, 2.86, 2.39, 2.45, 1.98, 1.05, 0.65, 0, 0.84, 1.4, 2.03, 2.82, 2.88, 2.6, 3.19, 3.54, 3.18, 3.12, 3.33, 3.07, 3.02, 3.5, 5.08, 5.71, 5.15, 5.07, 5.17, 4.16, 3.8, 4.27, 6.19, 9.39, 10.318, 10.151, 11.798, 13.433, 14.989, 14.962, 14.361, 12.024, 11.279, 11.005, 8.66, 6.82, 6.13, 6.24, 6.5, 6.47, 7.27, 9.25, 9.8, 10.171, 10.343, 9.441, 8.63, 8.28, 8.14, 9.08, 9.48, 9.16, 8.88, 8.4, 8.25, 8.79, 8.48, 8.33, 7.892, 7.879, 7.626, 6.145, 4.94, 4.56, 4.1], [4.15, 3.01, 3.23, 3.07, 2.71, 3.46, 4.65, 4.88, 4.08, 3.12, 2.81, 2.92, 2.62, 2.7, 3.06, 2.55, 2.79, 2.3, 1.47, 1.21, 0.84, 0, 0.98, 1.59, 2.4, 2.5, 2.32, 2.87, 3.26, 2.86, 2.78, 3.03, 2.71, 2.68, 3.12, 4.7, 5.43, 4.79, 4.75, 4.87, 3.84, 3.5, 3.95, 5.83, 9.129, 10.09, 9.92, 11.58, 13.2, 14.75, 14.713, 14.14, 11.799, 11.04, 10.76, 8.36, 6.56, 5.857, 5.88, 6.1, 6.05, 6.85, 8.79, 9.48, 9.94, 10.11, 9.19, 8.35, 7.98, 7.88, 8.816, 9.216, 8.899, 8.62, 8.14, 7.93, 8.41, 8.16, 8.07, 7.61, 7.64, 7.36, 5.899, 4.68, 4.2, 3.76], [3.85, 3.03, 3.19, 2.97, 2.67, 3.26, 4.33, 4.44, 3.627, 2.78, 2.69, 3.22, 2.82, 3.02, 3.6, 3.11, 3.51, 3.06, 2.21, 1.73, 1.4, 0.98, 0, 1.05, 1.92, 2.12, 2.02, 2.43, 2.82, 2.52, 2.4, 2.63, 2.33, 2.32, 2.66, 4.22, 4.99, 4.35, 4.309, 4.423, 3.393, 3.053, 3.503, 5.38, 8.689, 9.65, 9.48, 11.14, 12.76, 14.31, 14.273, 13.7, 11.359, 10.6, 10.319, 7.92, 6.12, 5.417, 5.44, 5.6, 5.53, 6.29, 8.21, 9.04, 9.5, 9.67, 8.75, 7.91, 7.539, 7.44, 8.376, 8.776, 8.459, 8.18, 7.7, 7.47, 7.91, 7.72, 7.63, 7.17, 7.2, 6.92, 5.459, 4.24, 3.74, 3.26], [3.06, 2.56, 2.62, 2.38, 2.1, 2.51, 3.58, 3.697, 2.93, 2.19, 2.32, 2.81, 2.37, 2.95, 3.57, 3.74, 4.12, 3.71, 2.88, 2.38, 2.03, 1.59, 1.05, 0, 1.41, 1.57, 1.49, 1.88, 2.17, 2.15, 1.95, 2.0, 1.84, 1.81, 2.05, 3.55, 4.26, 3.62, 3.562, 3.7, 2.69, 2.45, 2.98, 4.653, 7.942, 8.905, 8.738, 10.398, 12.021, 13.565, 13.526, 12.955, 10.612, 9.863, 9.572, 7.178, 5.381, 4.67, 4.71, 4.87, 4.86, 5.64, 7.54, 8.309, 8.758, 8.931, 8.008, 7.165, 6.792, 6.695, 7.629, 8.029, 7.712, 7.441, 6.958, 6.74, 7.22, 7.01, 6.9, 6.439, 6.458, 6.173, 4.712, 3.49, 2.97, 2.47], [2.29, 2.01, 2.17, 1.91, 1.65, 2.12, 2.83, 2.76, 2.22, 1.58, 2.05, 2.68, 2.46, 3.48, 4.2, 4.69, 5.016, 4.58, 3.75, 3.23, 2.82, 2.4, 1.92, 1.41, 0, 0.88, 1.1, 1.57, 1.9, 2.02, 1.9, 1.57, 1.65, 1.66, 2.12, 3.22, 3.63, 3.07, 2.87, 2.85, 2.08, 2.28, 2.77, 3.89, 7.075, 8.061, 7.911, 9.568, 11.213, 12.726, 12.639, 12.113, 9.745, 9.076, 8.72, 6.356, 4.62, 3.75, 3.913, 4.1, 4.03, 4.87, 6.77, 7.56, 7.931, 8.123, 7.181, 6.321, 5.933, 5.86, 6.76, 7.16, 6.86, 6.64, 6.14, 6.01, 6.47, 6.24, 6.07, 5.69, 5.66, 5.263, 3.86, 2.68, 2.16, 2.06], [2.25, 2.27, 2.47, 2.11, 1.87, 2.16, 2.75, 2.68, 2.0, 1.58, 2.37, 3.02, 2.64, 3.56, 4.24, 4.75, 5.15, 4.66, 3.799, 3.29, 2.88, 2.5, 2.12, 1.57, 0.88, 0, 0.74, 1.23, 1.48, 1.56, 1.52, 1.31, 1.27, 1.3, 1.68, 2.72, 3.23, 2.75, 2.63, 2.53, 1.82, 1.9, 2.29, 3.55, 6.795, 7.781, 7.631, 9.288, 10.933, 12.446, 12.359, 11.833, 9.465, 8.796, 8.44, 6.076, 4.4, 3.59, 3.72, 3.86, 3.77, 4.59, 6.55, 7.28, 7.651, 7.843, 6.901, 6.041, 5.66, 5.571, 6.48, 6.88, 6.58, 6.36, 5.86, 5.73, 6.19, 5.96, 5.789, 5.409, 5.36, 4.983, 3.6, 2.4, 2.04, 1.88], [2.29, 2.35, 2.39, 2.15, 1.85, 2.2, 2.77, 2.66, 2.06, 1.54, 2.51, 3.08, 2.62, 3.48, 4.14, 4.53, 4.944, 4.449, 3.499, 2.97, 2.6, 2.32, 2.02, 1.49, 1.1, 0.74, 0, 1.01, 1.44, 1.46, 1.44, 1.29, 1.25, 1.12, 1.6, 2.82, 3.33, 2.83, 2.65, 2.69, 1.82, 1.7, 2.11, 3.67, 6.93, 7.91, 7.76, 9.42, 11.06, 12.57, 12.48, 11.96, 9.6, 8.92, 8.56, 6.22, 4.48, 3.61, 3.9, 4.14, 4.11, 4.93, 6.89, 7.4, 7.78, 7.97, 7.03, 6.17, 5.8, 5.7, 6.6, 7.0, 6.7, 6.48, 5.98, 5.89, 6.43, 6.14, 5.93, 5.53, 5.48, 5.11, 3.7, 2.5, 2.2, 1.94], [2.04, 2.82, 2.82, 2.6, 2.24, 2.21, 2.34, 2.15, 1.77, 1.75, 3.1, 3.65, 3.25, 4.19, 4.79, 5.08, 5.474, 4.979, 4.089, 3.58, 3.19, 2.87, 2.43, 1.88, 1.57, 1.23, 1.01, 0, 1.09, 1.35, 1.29, 1.02, 0.86, 0.99, 1.09, 2.17, 2.72, 2.22, 2.2, 2.16, 1.61, 1.45, 1.54, 3.1, 6.38, 7.36, 7.21, 8.87, 10.51, 12.02, 11.93, 11.41, 9.05, 8.37, 8.01, 5.65, 3.95, 3.08, 3.25, 3.51, 3.5, 4.32, 6.28, 6.85, 7.23, 7.42, 6.48, 5.62, 5.25, 5.15, 6.05, 6.45, 6.15, 5.93, 5.43, 5.3, 5.86, 5.57, 5.36, 4.98, 4.93, 4.56, 3.15, 1.99, 1.79, 1.41], [1.97, 2.83, 3.01, 2.81, 2.39, 2.08, 2.21, 1.9, 1.34, 1.84, 3.15, 3.7, 3.32, 4.44, 4.94, 5.457, 5.902, 5.386, 4.416, 3.91, 3.54, 3.26, 2.82, 2.17, 1.9, 1.48, 1.44, 1.09, 0, 0.7, 0.9, 0.97, 1.03, 1.06, 1.16, 2.2, 2.57, 1.99, 1.95, 1.91, 1.7, 1.52, 1.61, 2.93, 6.03, 6.99, 6.84, 8.5, 10.14, 11.65, 11.56, 11.04, 8.68, 8.0, 7.64, 5.32, 3.78, 2.87, 3.08, 3.26, 3.19, 4.17, 6.05, 6.5, 6.86, 7.05, 6.11, 5.27, 4.92, 4.8, 5.72, 6.1, 5.8, 5.6, 5.08, 5.01, 5.53, 5.2, 4.99, 4.61, 4.6, 4.19, 2.82, 1.78, 1.64, 1.24], [2.23, 2.95, 3.11, 2.91, 2.51, 2.3, 2.47, 2.24, 1.56, 2.0, 3.21, 3.76, 3.42, 4.26, 4.7, 5.082, 5.504, 4.994, 4.056, 3.57, 3.18, 2.86, 2.52, 2.15, 2.02, 1.56, 1.46, 1.35, 0.7, 0, 0.76, 1.01, 1.11, 1.14, 1.38, 2.6, 3.03, 2.37, 2.25, 2.23, 2.04, 1.8, 1.99, 3.33, 6.45, 7.43, 7.28, 8.94, 10.58, 12.09, 12.0, 11.48, 9.12, 8.44, 8.08, 5.78, 4.26, 3.27, 3.52, 3.64, 3.61, 4.65, 6.49, 6.94, 7.3, 7.49, 6.55, 5.71, 5.34, 5.24, 6.14, 6.54, 6.24, 6.02, 5.54, 5.41, 5.93, 5.62, 5.43, 5.07, 5.0, 4.65, 3.24, 2.18, 1.98, 1.68], [1.91, 2.47, 2.65, 2.47, 2.13, 1.88, 2.27, 2.2, 1.56, 1.6, 2.73, 3.34, 3.08, 4.14, 4.58, 4.99, 5.362, 4.84, 3.953, 3.47, 3.12, 2.78, 2.4, 1.95, 1.9, 1.52, 1.44, 1.29, 0.9, 0.76, 0, 0.81, 0.93, 1.0, 1.3, 2.72, 3.19, 2.53, 2.37, 2.35, 2.08, 1.82, 2.17, 3.41, 6.47, 7.43, 7.28, 8.94, 10.58, 12.09, 12.0, 11.48, 9.12, 8.44, 8.08, 5.78, 4.38, 3.39, 3.6, 3.7, 3.73, 4.83, 6.65, 6.94, 7.3, 7.49, 6.55, 5.73, 5.36, 5.26, 6.16, 6.54, 6.28, 6.1, 5.54, 5.49, 5.99, 5.7, 5.43, 5.05, 5.06, 4.63, 3.34, 2.28, 2.04, 1.78], [1.62, 2.16, 2.36, 2.16, 1.72, 1.59, 2.02, 1.97, 1.37, 1.43, 2.54, 3.17, 2.91, 4.15, 4.727, 5.237, 5.654, 5.15, 4.243, 3.74, 3.33, 3.03, 2.63, 2.0, 1.57, 1.31, 1.29, 1.02, 0.97, 1.01, 0.81, 0, 0.68, 0.93, 1.17, 2.29, 2.78, 2.1, 1.98, 1.9, 1.51, 1.55, 1.82, 3.04, 6.14, 7.12, 6.97, 8.63, 10.27, 11.78, 11.69, 11.17, 8.81, 8.13, 7.77, 5.41, 3.97, 3.02, 3.21, 3.33, 3.3, 4.36, 6.18, 6.61, 6.99, 7.18, 6.24, 5.38, 5.01, 4.93, 5.83, 6.23, 5.93, 5.73, 5.21, 5.08, 5.62, 5.33, 5.12, 4.74, 4.73, 4.34, 2.97, 1.89, 1.65, 1.45], [1.98, 2.54, 2.8, 2.58, 2.12, 1.95, 2.34, 2.31, 1.61, 1.69, 2.9, 3.45, 3.13, 4.07, 4.59, 4.96, 5.317, 4.79, 3.943, 3.48, 3.07, 2.71, 2.33, 1.84, 1.65, 1.27, 1.25, 0.86, 1.03, 1.11, 0.93, 0.68, 0, 0.59, 0.95, 2.37, 2.92, 2.34, 2.22, 2.18, 1.63, 1.41, 1.7, 3.2, 6.48, 7.46, 7.31, 8.97, 10.61, 12.12, 12.03, 11.51, 9.15, 8.47, 8.11, 5.75, 4.07, 3.22, 3.37, 3.57, 3.6, 4.5, 6.42, 6.97, 7.33, 7.52, 6.58, 5.72, 5.33, 5.25, 6.17, 6.57, 6.27, 6.05, 5.55, 5.44, 5.98, 5.73, 5.46, 5.08, 5.05, 4.66, 3.27, 2.09, 1.75, 1.39], [2.07, 2.71, 2.97, 2.75, 2.29, 2.12, 2.43, 2.36, 1.74, 1.82, 3.05, 3.48, 3.2, 3.9, 4.54, 4.91, 5.244, 4.752, 3.902, 3.43, 3.02, 2.68, 2.32, 1.81, 1.66, 1.3, 1.12, 0.99, 1.06, 1.14, 1.0, 0.93, 0.59, 0, 0.94, 2.34, 2.85, 2.35, 2.21, 2.23, 1.58, 1.44, 1.69, 3.19, 6.51, 7.49, 7.34, 9.0, 10.64, 12.15, 12.06, 11.54, 9.18, 8.5, 8.14, 5.78, 4.0, 3.23, 3.36, 3.64, 3.67, 4.47, 6.43, 7.0, 7.36, 7.55, 6.61, 5.75, 5.38, 5.28, 6.2, 6.6, 6.3, 6.08, 5.58, 5.47, 6.05, 5.76, 5.49, 5.11, 5.08, 4.69, 3.3, 2.1, 1.7, 1.3], [2.23, 2.83, 3.19, 2.97, 2.51, 2.2, 2.49, 2.18, 1.74, 2.0, 3.31, 3.8, 3.52, 4.36, 5.02, 5.37, 5.707, 5.169, 4.379, 3.89, 3.5, 3.12, 2.66, 2.05, 2.12, 1.68, 1.6, 1.09, 1.16, 1.38, 1.3, 1.17, 0.95, 0.94, 0, 1.76, 2.33, 1.89, 1.83, 1.95, 1.52, 1.36, 1.53, 2.79, 6.03, 6.99, 6.82, 8.48, 10.1, 11.65, 11.64, 11.04, 8.7, 7.94, 7.7, 5.26, 3.62, 2.81, 2.8, 3.04, 3.09, 3.93, 5.87, 6.52, 6.86, 7.03, 6.09, 5.25, 4.9, 4.82, 5.78, 6.18, 5.86, 5.6, 5.16, 5.01, 5.55, 5.3, 5.07, 4.65, 4.64, 4.31, 2.9, 1.72, 1.42, 1.02], [2.85, 3.93, 4.17, 3.89, 3.57, 3.24, 2.49, 2.04, 2.5, 2.92, 4.41, 5.08, 4.84, 5.84, 6.52, 6.947, 7.37, 6.84, 5.953, 5.45, 5.08, 4.7, 4.22, 3.55, 3.22, 2.72, 2.82, 2.17, 2.2, 2.6, 2.72, 2.29, 2.37, 2.34, 1.76, 0, 1.03, 0.85, 1.31, 1.27, 1.56, 1.74, 1.27, 1.51, 4.47, 5.43, 5.26, 6.96, 8.6, 10.17, 10.14, 9.52, 7.16, 6.44, 6.24, 3.9, 2.42, 2.27, 2.12, 1.72, 1.63, 2.43, 4.37, 4.94, 5.38, 5.53, 4.59, 3.75, 3.4, 3.34, 4.28, 4.68, 4.36, 4.08, 3.66, 3.49, 4.05, 3.76, 3.67, 3.29, 3.32, 2.95, 1.76, 1.32, 1.54, 1.6], [2.98, 4.14, 4.38, 4.06, 3.76, 3.37, 2.52, 2.29, 2.75, 3.17, 4.8, 5.43, 5.25, 6.463, 7.11, 7.633, 7.926, 7.416, 6.526, 6.04, 5.71, 5.43, 4.99, 4.26, 3.63, 3.23, 3.33, 2.72, 2.57, 3.03, 3.19, 2.78, 2.92, 2.85, 2.33, 1.03, 0, 0.92, 1.22, 1.1, 1.81, 2.15, 1.62, 1.14, 3.74, 4.66, 4.49, 6.19, 7.85, 9.38, 9.37, 8.75, 6.37, 5.79, 5.61, 3.39, 2.29, 2.12, 2.13, 1.83, 1.8, 1.96, 3.86, 4.29, 4.61, 4.78, 3.82, 3.0, 2.69, 2.61, 3.55, 3.93, 3.59, 3.35, 2.95, 2.94, 3.56, 3.33, 3.26, 2.96, 2.81, 2.46, 1.59, 1.33, 1.65, 1.93], [2.48, 3.54, 3.72, 3.44, 3.16, 2.75, 2.28, 1.91, 2.09, 2.65, 4.04, 4.73, 4.61, 5.835, 6.47, 6.997, 7.432, 6.89, 6.0, 5.497, 5.15, 4.79, 4.35, 3.62, 3.07, 2.75, 2.83, 2.22, 1.99, 2.37, 2.53, 2.1, 2.34, 2.35, 1.89, 0.85, 0.92, 0, 0.82, 0.8, 1.33, 1.67, 1.28, 1.54, 4.36, 5.3, 5.13, 6.83, 8.47, 10.02, 9.99, 9.39, 7.01, 6.31, 6.11, 3.87, 2.69, 2.42, 2.25, 1.89, 1.82, 2.58, 4.42, 4.81, 5.23, 5.4, 4.46, 3.62, 3.31, 3.25, 4.17, 4.55, 4.23, 3.95, 3.55, 3.38, 3.96, 3.65, 3.66, 3.32, 3.29, 2.92, 1.83, 1.39, 1.41, 1.55], [2.4, 3.44, 3.58, 3.32, 3.02, 2.49, 2.36, 1.97, 1.91, 2.53, 3.92, 4.65, 4.53, 5.81, 6.47, 6.96, 7.34, 6.859, 5.909, 5.38, 5.07, 4.75, 4.309, 3.562, 2.87, 2.63, 2.65, 2.2, 1.95, 2.25, 2.37, 1.98, 2.22, 2.21, 1.83, 1.31, 1.22, 0.82, 0, 0.76, 1.09, 1.47, 1.14, 1.48, 4.42, 5.36, 5.21, 6.89, 8.55, 10.06, 10.01, 9.45, 7.07, 6.53, 6.27, 4.01, 2.73, 2.4, 2.33, 2.13, 2.02, 2.74, 4.46, 4.97, 5.33, 5.48, 4.52, 3.66, 3.35, 3.29, 4.21, 4.59, 4.25, 4.03, 3.61, 3.62, 4.22, 3.89, 3.84, 3.52, 3.45, 2.98, 1.89, 1.45, 1.31, 1.51], [2.3, 3.44, 3.68, 3.36, 3.0, 2.73, 2.42, 2.11, 1.93, 2.41, 4.0, 4.63, 4.53, 5.912, 6.567, 7.077, 7.434, 6.93, 6.043, 5.56, 5.17, 4.87, 4.423, 3.7, 2.85, 2.53, 2.69, 2.16, 1.91, 2.23, 2.35, 1.9, 2.18, 2.23, 1.95, 1.27, 1.1, 0.8, 0.76, 0, 1.15, 1.51, 1.28, 1.34, 4.3, 5.28, 5.13, 6.83, 8.47, 10.0, 9.89, 9.37, 7.01, 6.49, 6.23, 3.99, 2.89, 2.58, 2.43, 2.19, 2.08, 2.72, 4.44, 4.91, 5.25, 5.4, 4.44, 3.6, 3.25, 3.21, 4.09, 4.47, 4.17, 3.95, 3.53, 3.46, 4.08, 3.79, 3.84, 3.54, 3.45, 2.98, 2.05, 1.47, 1.41, 1.59], [2.29, 2.99, 3.19, 2.97, 2.53, 2.44, 2.81, 2.48, 1.86, 2.12, 3.53, 4.12, 3.84, 4.92, 5.58, 6.05, 6.456, 5.963, 5.013, 4.51, 4.16, 3.84, 3.393, 2.69, 2.08, 1.82, 1.82, 1.61, 1.7, 2.04, 2.08, 1.51, 1.63, 1.58, 1.52, 1.56, 1.81, 1.33, 1.09, 1.15, 0, 0.68, 1.05, 2.19, 5.37, 6.31, 6.16, 7.84, 9.5, 11.03, 10.92, 10.4, 8.04, 7.44, 7.18, 4.92, 3.26, 2.91, 2.9, 2.88, 2.73, 3.43, 5.35, 5.92, 6.26, 6.43, 5.47, 4.61, 4.3, 4.26, 5.16, 5.52, 5.2, 4.98, 4.56, 4.51, 5.09, 4.76, 4.65, 4.37, 4.36, 3.87, 2.68, 1.84, 1.64, 1.46], [2.47, 3.11, 3.31, 3.13, 2.63, 2.52, 2.99, 2.66, 1.96, 2.24, 3.69, 4.2, 3.86, 4.72, 5.38, 5.71, 6.05, 5.56, 4.613, 4.09, 3.8, 3.5, 3.053, 2.45, 2.28, 1.9, 1.7, 1.45, 1.52, 1.8, 1.82, 1.55, 1.41, 1.44, 1.36, 1.74, 2.15, 1.67, 1.47, 1.51, 0.68, 0, 0.87, 2.55, 5.75, 6.67, 6.52, 8.16, 9.82, 11.35, 11.24, 10.7, 8.36, 7.74, 7.46, 5.18, 3.48, 3.09, 3.2, 3.24, 3.17, 3.89, 5.83, 6.26, 6.58, 6.77, 5.79, 4.93, 4.66, 4.6, 5.52, 5.88, 5.56, 5.3, 4.86, 4.91, 5.53, 5.2, 4.97, 4.65, 4.6, 4.15, 2.96, 2.08, 1.9, 1.44], [2.76, 3.68, 3.78, 3.62, 3.12, 2.91, 2.88, 2.55, 2.11, 2.69, 4.18, 4.67, 4.33, 5.19, 5.85, 6.16, 6.523, 6.039, 5.089, 4.56, 4.27, 3.95, 3.503, 2.98, 2.77, 2.29, 2.11, 1.54, 1.61, 1.99, 2.17, 1.82, 1.7, 1.69, 1.53, 1.27, 1.62, 1.28, 1.14, 1.28, 1.05, 0.87, 0, 2.04, 5.28, 6.2, 6.05, 7.75, 9.41, 10.92, 10.83, 10.29, 7.89, 7.31, 7.05, 4.77, 3.13, 2.9, 2.91, 2.83, 2.76, 3.38, 5.3, 5.79, 6.15, 6.34, 5.38, 4.52, 4.23, 4.15, 5.07, 5.45, 5.13, 4.89, 4.43, 4.42, 5.04, 4.71, 4.54, 4.24, 4.19, 3.74, 2.59, 1.91, 1.75, 1.41], [3.54, 4.62, 4.92, 4.62, 4.26, 3.89, 2.98, 2.67, 3.11, 3.59, 5.26, 5.75, 5.63, 6.89, 7.59, 8.06, 8.377, 7.879, 7.049, 6.56, 6.19, 5.83, 5.38, 4.653, 3.89, 3.55, 3.67, 3.1, 2.93, 3.33, 3.41, 3.04, 3.2, 3.19, 2.79, 1.51, 1.14, 1.54, 1.48, 1.34, 2.19, 2.55, 2.04, 0, 3.36, 4.34, 4.21, 5.97, 7.69, 9.16, 9.07, 8.57, 6.29, 5.87, 5.63, 3.49, 2.51, 2.68, 2.59, 2.23, 2.12, 1.86, 3.48, 4.25, 4.51, 4.6, 3.64, 2.92, 2.55, 2.51, 3.29, 3.67, 3.29, 3.19, 2.93, 2.98, 3.52, 3.35, 3.52, 3.22, 3.17, 2.76, 2.21, 1.99, 2.09, 2.35], [5.615, 7.026, 7.16, 6.6, 6.88, 6.09, 4.9, 4.47, 5.19, 6.05, 7.5, 8.57, 8.71, 10.158, 10.798, 11.308, 11.594, 11.101, 10.24, 9.737, 9.39, 9.129, 8.689, 7.942, 7.075, 6.795, 6.93, 6.38, 6.03, 6.45, 6.47, 6.14, 6.48, 6.51, 6.03, 4.47, 3.74, 4.36, 4.42, 4.3, 5.37, 5.75, 5.28, 3.36, 0, 1.18, 1.31, 3.19, 4.93, 6.3, 6.29, 5.69, 3.51, 3.47, 3.47, 2.21, 3.31, 3.7, 3.51, 3.15, 3.16, 2.62, 1.86, 1.99, 1.89, 2.0, 1.38, 1.5, 1.83, 2.09, 2.07, 1.97, 2.01, 2.37, 2.63, 2.78, 2.82, 2.99, 3.1, 3.16, 3.05, 2.58, 3.41, 4.51, 4.99, 5.53], [6.272, 7.706, 7.84, 7.44, 7.72, 6.89, 5.64, 5.33, 6.11, 6.99, 8.42, 9.53, 9.655, 11.101, 11.711, 12.251, 12.522, 12.043, 11.113, 10.626, 10.318, 10.09, 9.65, 8.905, 8.061, 7.781, 7.91, 7.36, 6.99, 7.43, 7.43, 7.12, 7.46, 7.49, 6.99, 5.43, 4.66, 5.3, 5.36, 5.28, 6.31, 6.67, 6.2, 4.34, 1.18, 0, 0.85, 2.31, 3.87, 5.24, 5.25, 4.61, 2.67, 2.77, 2.87, 2.45, 3.85, 4.38, 4.29, 4.07, 4.12, 3.38, 2.0, 1.73, 1.45, 1.54, 1.56, 2.0, 2.31, 2.61, 2.29, 2.15, 2.15, 2.39, 2.83, 3.14, 3.06, 3.13, 3.12, 3.22, 3.27, 3.06, 4.25, 5.443, 5.95, 6.463], [6.139, 7.536, 7.67, 7.29, 7.59, 6.72, 5.53, 5.18, 5.96, 6.84, 8.25, 9.36, 9.488, 10.933, 11.553, 12.083, 12.349, 11.876, 10.966, 10.459, 10.151, 9.92, 9.48, 8.738, 7.911, 7.631, 7.76, 7.21, 6.84, 7.28, 7.28, 6.97, 7.31, 7.34, 6.82, 5.26, 4.49, 5.13, 5.21, 5.13, 6.16, 6.52, 6.05, 4.21, 1.31, 0.85, 0, 2.02, 3.72, 5.21, 5.24, 4.56, 2.44, 2.46, 2.54, 2.18, 3.7, 4.29, 4.2, 3.9, 3.95, 3.21, 1.97, 1.76, 1.4, 1.43, 1.31, 1.85, 2.2, 2.3, 1.96, 1.82, 1.92, 2.1, 2.52, 2.81, 2.69, 2.78, 2.81, 3.03, 3.06, 2.85, 4.08, 5.3, 5.8, 6.293], [7.542, 8.95, 9.067, 8.918, 9.218, 8.351, 7.07, 6.84, 7.62, 8.5, 9.91, 11.02, 11.148, 12.593, 13.201, 13.731, 14.006, 13.536, 12.594, 12.083, 11.798, 11.58, 11.14, 10.398, 9.568, 9.288, 9.42, 8.87, 8.5, 8.94, 8.94, 8.63, 8.97, 9.0, 8.48, 6.96, 6.19, 6.83, 6.89, 6.83, 7.84, 8.16, 7.75, 5.97, 3.19, 2.31, 2.02, 0, 1.86, 3.41, 3.4, 2.72, 0.96, 1.12, 1.36, 3.22, 5.02, 5.83, 5.7, 5.54, 5.61, 4.97, 3.27, 2.4, 1.76, 1.73, 2.41, 3.27, 3.64, 3.76, 2.94, 2.56, 2.86, 3.02, 3.46, 3.69, 3.25, 3.44, 3.51, 3.97, 4.0, 4.35, 5.72, 6.948, 7.448, 7.951], [9.162, 10.527, 10.644, 10.541, 10.863, 10.005, 8.69, 8.48, 9.26, 10.14, 11.53, 12.64, 12.771, 14.216, 14.83, 15.36, 15.681, 15.171, 14.229, 13.706, 13.433, 13.2, 12.76, 12.021, 11.213, 10.933, 11.06, 10.51, 10.14, 10.58, 10.58, 10.27, 10.61, 10.64, 10.1, 8.6, 7.85, 8.47, 8.55, 8.47, 9.5, 9.82, 9.41, 7.69, 4.93, 3.87, 3.72, 1.86, 0, 1.67, 1.62, 1.5, 2.06, 2.3, 2.52, 4.88, 6.66, 7.47, 7.32, 7.16, 7.23, 6.57, 4.79, 3.74, 3.4, 3.27, 4.13, 5.01, 5.3, 5.48, 4.68, 4.32, 4.58, 4.64, 5.08, 5.29, 4.85, 5.04, 5.15, 5.59, 5.62, 5.97, 7.38, 8.62, 9.12, 9.605], [10.669, 12.069, 12.166, 12.085, 12.376, 11.509, 10.2, 9.99, 10.77, 11.65, 13.08, 14.19, 14.315, 15.761, 16.377, 16.907, 17.228, 16.718, 15.785, 15.25, 14.989, 14.75, 14.31, 13.565, 12.726, 12.446, 12.57, 12.02, 11.65, 12.09, 12.09, 11.78, 12.12, 12.15, 11.65, 10.17, 9.38, 10.02, 10.06, 10.0, 11.03, 11.35, 10.92, 9.16, 6.3, 5.24, 5.21, 3.41, 1.67, 0, 0.79, 1.37, 3.43, 3.79, 4.03, 6.41, 8.21, 9.0, 8.89, 8.71, 8.78, 8.04, 6.16, 5.27, 4.87, 4.72, 5.74, 6.58, 6.87, 6.99, 6.11, 5.79, 5.99, 6.17, 6.61, 6.84, 6.4, 6.59, 6.68, 7.14, 7.13, 7.48, 8.89, 10.149, 10.649, 11.152], [10.598, 12.021, 12.115, 12.046, 12.349, 11.485, 10.11, 9.9, 10.68, 11.62, 13.043, 14.153, 14.276, 15.722, 16.341, 16.871, 17.221, 16.711, 15.758, 15.232, 14.962, 14.713, 14.273, 13.526, 12.639, 12.359, 12.48, 11.93, 11.56, 12.0, 12.0, 11.69, 12.03, 12.06, 11.64, 10.14, 9.37, 9.99, 10.01, 9.89, 10.92, 11.24, 10.83, 9.07, 6.29, 5.25, 5.24, 3.4, 1.62, 0.79, 0, 1.12, 3.16, 3.74, 3.98, 6.4, 8.18, 8.93, 8.88, 8.68, 8.75, 8.03, 6.11, 5.24, 4.88, 4.71, 5.73, 6.57, 6.84, 7.0, 6.12, 5.76, 6.0, 6.12, 6.58, 6.81, 6.37, 6.56, 6.65, 7.11, 7.1, 7.41, 8.88, 10.12, 10.64, 11.145], [10.032, 11.432, 11.521, 11.475, 11.763, 10.89, 9.59, 9.38, 10.16, 11.04, 12.47, 13.58, 13.705, 15.151, 15.764, 16.294, 16.589, 16.102, 15.157, 14.634, 14.361, 14.14, 13.7, 12.955, 12.113, 11.833, 11.96, 11.41, 11.04, 11.48, 11.48, 11.17, 11.51, 11.54, 11.04, 9.52, 8.75, 9.39, 9.45, 9.37, 10.4, 10.7, 10.29, 8.57, 5.69, 4.61, 4.56, 2.72, 1.5, 1.37, 1.12, 0, 2.5, 3.18, 3.54, 5.78, 7.58, 8.37, 8.26, 8.1, 8.17, 7.47, 5.61, 4.66, 4.24, 4.05, 5.05, 5.89, 6.22, 6.3, 5.5, 5.14, 5.44, 5.56, 6.0, 6.23, 5.79, 5.98, 6.07, 6.53, 6.5, 6.85, 8.26, 9.513, 10.013, 10.516], [7.663, 9.081, 9.178, 9.132, 9.412, 8.545, 7.23, 7.02, 7.8, 8.7, 10.129, 11.239, 11.362, 12.808, 13.412, 13.942, 14.238, 13.768, 12.82, 12.297, 12.024, 11.799, 11.359, 10.612, 9.745, 9.465, 9.6, 9.05, 8.68, 9.12, 9.12, 8.81, 9.15, 9.18, 8.7, 7.16, 6.37, 7.01, 7.07, 7.01, 8.04, 8.36, 7.89, 6.29, 3.51, 2.67, 2.44, 0.96, 2.06, 3.43, 3.16, 2.5, 0, 1.24, 1.6, 3.44, 5.24, 6.01, 5.92, 5.76, 5.83, 5.19, 3.65, 2.56, 2.1, 2.11, 2.79, 3.61, 3.9, 4.04, 3.2, 2.86, 3.18, 3.32, 3.66, 3.89, 3.55, 3.7, 3.73, 4.19, 4.16, 4.49, 5.9, 7.139, 7.659, 8.182], [7.093, 8.447, 8.464, 8.39, 8.75, 7.894, 6.59, 6.34, 7.12, 8.0, 9.37, 10.48, 10.613, 12.059, 12.679, 13.206, 13.57, 13.04, 12.09, 11.549, 11.279, 11.04, 10.6, 9.863, 9.076, 8.796, 8.92, 8.37, 8.0, 8.44, 8.44, 8.13, 8.47, 8.5, 7.94, 6.44, 5.79, 6.31, 6.53, 6.49, 7.44, 7.74, 7.31, 5.87, 3.47, 2.77, 2.46, 1.12, 2.3, 3.79, 3.74, 3.18, 1.24, 0, 0.88, 2.78, 4.56, 5.35, 5.18, 5.0, 5.07, 4.67, 3.49, 2.62, 2.28, 2.19, 2.55, 3.21, 3.5, 3.66, 3.0, 2.66, 2.92, 2.9, 3.1, 3.29, 2.99, 3.16, 3.05, 3.49, 3.54, 3.97, 5.32, 6.5, 7.0, 7.494], [6.853, 8.333, 8.45, 8.11, 8.39, 7.56, 6.27, 5.98, 6.76, 7.66, 9.089, 10.199, 10.322, 11.768, 12.388, 12.918, 13.284, 12.774, 11.801, 11.296, 11.005, 10.76, 10.319, 9.572, 8.72, 8.44, 8.56, 8.01, 7.64, 8.08, 8.08, 7.77, 8.11, 8.14, 7.7, 6.24, 5.61, 6.11, 6.27, 6.23, 7.18, 7.46, 7.05, 5.63, 3.47, 2.87, 2.54, 1.36, 2.52, 4.03, 3.98, 3.54, 1.6, 0.88, 0, 2.44, 4.24, 5.05, 4.94, 4.72, 4.83, 4.53, 3.57, 2.52, 2.16, 2.09, 2.43, 3.03, 3.28, 3.4, 2.68, 2.42, 2.68, 2.68, 2.84, 3.03, 2.67, 2.86, 2.81, 3.23, 3.28, 3.63, 4.96, 6.18, 6.7, 7.208], [5.13, 6.35, 6.49, 6.03, 6.11, 5.38, 4.27, 4.06, 4.74, 5.52, 6.79, 7.8, 7.94, 9.393, 10.037, 10.563, 10.844, 10.354, 9.47, 8.947, 8.66, 8.36, 7.92, 7.178, 6.356, 6.076, 6.22, 5.65, 5.32, 5.78, 5.78, 5.41, 5.75, 5.78, 5.26, 3.9, 3.39, 3.87, 4.01, 3.99, 4.92, 5.18, 4.77, 3.49, 2.21, 2.45, 2.18, 3.22, 4.88, 6.41, 6.4, 5.78, 3.44, 2.78, 2.44, 0, 1.96, 2.73, 2.52, 2.42, 2.65, 2.49, 2.07, 2.0, 1.98, 2.09, 1.43, 1.33, 1.48, 1.42, 1.46, 1.56, 1.44, 1.26, 1.06, 1.39, 1.59, 1.58, 1.47, 1.41, 1.2, 1.53, 2.68, 3.8, 4.28, 4.768], [3.87, 5.07, 5.31, 5.03, 4.77, 4.38, 3.31, 3.24, 3.88, 4.24, 5.89, 6.54, 6.4, 7.62, 8.3, 8.77, 9.104, 8.594, 7.639, 7.11, 6.82, 6.56, 6.12, 5.381, 4.62, 4.4, 4.48, 3.95, 3.78, 4.26, 4.38, 3.97, 4.07, 4.0, 3.62, 2.42, 2.29, 2.69, 2.73, 2.89, 3.26, 3.48, 3.13, 2.51, 3.31, 3.85, 3.7, 5.02, 6.66, 8.21, 8.18, 7.58, 5.24, 4.56, 4.24, 1.96, 0, 1.45, 1.54, 1.48, 1.87, 1.89, 2.87, 3.24, 3.48, 3.67, 2.71, 2.03, 1.94, 1.76, 2.52, 2.9, 2.54, 2.16, 1.84, 1.97, 2.47, 2.12, 1.97, 1.61, 1.58, 1.49, 1.86, 2.26, 2.72, 3.08], [2.96, 4.22, 4.3, 3.98, 3.86, 3.29, 2.2, 2.03, 2.77, 3.35, 4.78, 5.57, 5.51, 6.866, 7.546, 8.036, 8.343, 7.853, 6.946, 6.42, 6.13, 5.857, 5.417, 4.67, 3.75, 3.59, 3.61, 3.08, 2.87, 3.27, 3.39, 3.02, 3.22, 3.23, 2.81, 2.27, 2.12, 2.42, 2.4, 2.58, 2.91, 3.09, 2.9, 2.68, 3.7, 4.38, 4.29, 5.83, 7.47, 9.0, 8.93, 8.37, 6.01, 5.35, 5.05, 2.73, 1.45, 0, 0.81, 1.17, 1.58, 2.08, 3.62, 4.03, 4.23, 4.44, 3.5, 2.66, 2.39, 2.31, 3.21, 3.59, 3.25, 2.99, 2.59, 2.62, 3.2, 2.85, 2.54, 2.1, 2.03, 1.64, 1.21, 1.47, 1.97, 2.41], [3.17, 4.39, 4.43, 3.97, 4.01, 3.36, 2.41, 2.18, 2.72, 3.4, 4.63, 5.44, 5.58, 6.94, 7.62, 8.11, 8.407, 7.906, 7.116, 6.63, 6.24, 5.88, 5.44, 4.71, 3.913, 3.72, 3.9, 3.25, 3.08, 3.52, 3.6, 3.21, 3.37, 3.36, 2.8, 2.12, 2.13, 2.25, 2.33, 2.43, 2.9, 3.2, 2.91, 2.59, 3.51, 4.29, 4.2, 5.7, 7.32, 8.89, 8.88, 8.26, 5.92, 5.18, 4.94, 2.52, 1.54, 0.81, 0, 0.88, 1.23, 1.95, 3.41, 3.8, 4.08, 4.25, 3.31, 2.49, 2.14, 2.26, 3.02, 3.4, 3.08, 2.84, 2.46, 2.25, 2.83, 2.54, 2.33, 1.93, 1.98, 1.73, 1.28, 1.58, 1.94, 2.34], [3.23, 4.51, 4.57, 4.09, 4.17, 3.58, 2.51, 2.32, 2.86, 3.48, 4.73, 5.66, 5.76, 7.18, 7.84, 8.35, 8.713, 8.203, 7.373, 6.87, 6.5, 6.1, 5.6, 4.87, 4.1, 3.86, 4.14, 3.51, 3.26, 3.64, 3.7, 3.33, 3.57, 3.64, 3.04, 1.72, 1.83, 1.89, 2.13, 2.19, 2.88, 3.24, 2.83, 2.23, 3.15, 4.07, 3.9, 5.54, 7.16, 8.71, 8.68, 8.1, 5.76, 5.0, 4.72, 2.42, 1.48, 1.17, 0.88, 0, 0.65, 1.61, 3.19, 3.52, 3.92, 4.09, 3.15, 2.31, 1.98, 2.02, 2.88, 3.24, 2.92, 2.64, 2.26, 2.03, 2.59, 2.34, 2.15, 1.79, 1.84, 1.51, 0.96, 1.82, 2.18, 2.64], [3.238, 4.515, 4.54, 3.98, 4.18, 3.51, 2.48, 2.13, 2.61, 3.45, 4.54, 5.59, 5.73, 7.09, 7.77, 8.32, 8.78, 8.253, 7.383, 6.86, 6.47, 6.05, 5.53, 4.86, 4.03, 3.77, 4.11, 3.5, 3.19, 3.61, 3.73, 3.3, 3.6, 3.67, 3.09, 1.63, 1.8, 1.82, 2.02, 2.08, 2.73, 3.17, 2.76, 2.12, 3.16, 4.12, 3.95, 5.61, 7.23, 8.78, 8.75, 8.17, 5.83, 5.07, 4.83, 2.65, 1.87, 1.58, 1.23, 0.65, 0, 1.54, 3.26, 3.61, 3.99, 4.16, 3.22, 2.4, 2.11, 2.21, 3.07, 3.37, 3.03, 2.75, 2.43, 2.08, 2.54, 2.33, 2.38, 2.1, 2.11, 1.7, 1.31, 1.85, 2.25, 2.71], [4.56, 5.78, 5.72, 5.3, 5.38, 4.83, 3.78, 3.51, 4.01, 4.77, 5.8, 6.77, 6.67, 7.89, 8.57, 9.12, 9.563, 9.053, 8.186, 7.66, 7.27, 6.85, 6.29, 5.64, 4.87, 4.59, 4.93, 4.32, 4.17, 4.65, 4.83, 4.36, 4.5, 4.47, 3.93, 2.43, 1.96, 2.58, 2.74, 2.72, 3.43, 3.89, 3.38, 1.86, 2.62, 3.38, 3.21, 4.97, 6.57, 8.04, 8.03, 7.47, 5.19, 4.67, 4.53, 2.49, 1.89, 2.08, 1.95, 1.61, 1.54, 0, 2.1, 2.93, 3.35, 3.46, 2.6, 1.9, 1.59, 1.53, 2.23, 2.59, 2.27, 2.23, 1.95, 1.9, 2.26, 2.21, 2.5, 2.2, 2.25, 1.94, 2.23, 2.81, 3.17, 3.53], [6.36, 7.58, 7.52, 7.04, 7.18, 6.61, 5.6, 5.29, 5.77, 6.57, 7.52, 8.47, 8.49, 9.79, 10.51, 11.02, 11.54, 11.019, 10.169, 9.64, 9.25, 8.79, 8.21, 7.54, 6.77, 6.55, 6.89, 6.28, 6.05, 6.49, 6.65, 6.18, 6.42, 6.43, 5.87, 4.37, 3.86, 4.42, 4.46, 4.44, 5.35, 5.83, 5.3, 3.48, 1.86, 2.0, 1.97, 3.27, 4.79, 6.16, 6.11, 5.61, 3.65, 3.49, 3.57, 2.07, 2.87, 3.62, 3.41, 3.19, 3.26, 2.1, 0, 1.33, 1.75, 1.82, 1.68, 1.96, 2.09, 2.13, 2.09, 2.07, 1.95, 2.11, 2.25, 2.48, 2.48, 2.63, 2.98, 2.94, 2.93, 2.96, 3.83, 4.63, 4.99, 5.47], [6.15, 7.482, 7.51, 6.93, 7.31, 6.58, 5.43, 5.02, 5.74, 6.52, 7.83, 8.92, 9.06, 10.505, 11.154, 11.675, 12.13, 11.6, 10.607, 10.064, 9.8, 9.48, 9.04, 8.309, 7.56, 7.28, 7.4, 6.85, 6.5, 6.94, 6.94, 6.61, 6.97, 7.0, 6.52, 4.94, 4.29, 4.81, 4.97, 4.91, 5.92, 6.26, 5.79, 4.25, 1.99, 1.73, 1.76, 2.4, 3.74, 5.27, 5.24, 4.66, 2.56, 2.62, 2.52, 2.0, 3.24, 4.03, 3.8, 3.52, 3.61, 2.93, 1.33, 0, 0.94, 1.11, 1.37, 1.89, 2.1, 2.24, 1.84, 1.8, 1.76, 1.86, 2.1, 2.25, 2.19, 2.3, 2.65, 2.79, 2.8, 2.87, 3.96, 5.06, 5.56, 6.054], [6.188, 7.513, 7.63, 7.29, 7.59, 6.74, 5.51, 5.26, 6.0, 6.86, 8.27, 9.38, 9.508, 10.953, 11.573, 12.094, 12.375, 11.896, 10.966, 10.463, 10.171, 9.94, 9.5, 8.758, 7.931, 7.651, 7.78, 7.23, 6.86, 7.3, 7.3, 6.99, 7.33, 7.36, 6.86, 5.38, 4.61, 5.23, 5.33, 5.25, 6.26, 6.58, 6.15, 4.51, 1.89, 1.45, 1.4, 1.76, 3.4, 4.87, 4.88, 4.24, 2.1, 2.28, 2.16, 1.98, 3.48, 4.23, 4.08, 3.92, 3.99, 3.35, 1.75, 0.94, 0, 0.73, 1.33, 1.85, 2.12, 2.32, 1.7, 1.48, 1.52, 1.76, 2.16, 2.39, 2.13, 2.16, 2.35, 2.75, 2.72, 2.85, 4.08, 5.316, 5.816, 6.319], [6.378, 7.703, 7.82, 7.46, 7.78, 6.93, 5.7, 5.45, 6.17, 7.07, 8.44, 9.55, 9.681, 11.126, 11.74, 12.276, 12.585, 12.072, 11.139, 10.646, 10.343, 10.11, 9.67, 8.931, 8.123, 7.843, 7.97, 7.42, 7.05, 7.49, 7.49, 7.18, 7.52, 7.55, 7.03, 5.53, 4.78, 5.4, 5.48, 5.4, 6.43, 6.77, 6.34, 4.6, 2.0, 1.54, 1.43, 1.73, 3.27, 4.72, 4.71, 4.05, 2.11, 2.19, 2.09, 2.09, 3.67, 4.44, 4.25, 4.09, 4.16, 3.46, 1.82, 1.11, 0.73, 0, 1.34, 1.96, 2.23, 2.37, 1.69, 1.53, 1.59, 1.71, 2.23, 2.46, 2.22, 2.31, 2.46, 2.76, 2.79, 3.02, 4.27, 5.526, 6.03, 6.509], [5.612, 6.969, 7.14, 6.6, 6.88, 6.09, 4.88, 4.55, 5.31, 6.13, 7.56, 8.63, 8.758, 10.203, 10.843, 11.353, 11.622, 11.146, 10.257, 9.734, 9.441, 9.19, 8.75, 8.008, 7.181, 6.901, 7.03, 6.48, 6.11, 6.55, 6.55, 6.24, 6.58, 6.61, 6.09, 4.59, 3.82, 4.46, 4.52, 4.44, 5.47, 5.79, 5.38, 3.64, 1.38, 1.56, 1.31, 2.41, 4.13, 5.74, 5.73, 5.05, 2.79, 2.55, 2.43, 1.43, 2.71, 3.5, 3.31, 3.15, 3.22, 2.6, 1.68, 1.37, 1.33, 1.34, 0, 0.96, 1.43, 1.53, 1.35, 1.13, 1.11, 1.23, 1.65, 1.88, 1.94, 2.09, 2.26, 2.34, 2.21, 2.2, 3.39, 4.57, 5.063, 5.563], [5.018, 6.295, 6.44, 5.9, 6.06, 5.29, 4.16, 3.87, 4.55, 5.35, 6.74, 7.79, 7.93, 9.361, 10.021, 10.531, 10.782, 10.303, 9.44, 8.917, 8.63, 8.35, 7.91, 7.165, 6.321, 6.041, 6.17, 5.62, 5.27, 5.71, 5.73, 5.38, 5.72, 5.75, 5.25, 3.75, 3.0, 3.62, 3.66, 3.6, 4.61, 4.93, 4.52, 2.92, 1.5, 2.0, 1.85, 3.27, 5.01, 6.58, 6.57, 5.89, 3.61, 3.21, 3.03, 1.33, 2.03, 2.66, 2.49, 2.31, 2.4, 1.9, 1.96, 1.89, 1.85, 1.96, 0.96, 0, 0.67, 1.01, 1.19, 1.37, 1.15, 1.23, 1.27, 1.5, 1.64, 1.77, 1.82, 1.82, 1.67, 1.56, 2.61, 3.71, 4.203, 4.723], [4.67, 5.982, 6.13, 5.57, 5.77, 5.0, 3.87, 3.58, 4.2, 4.98, 6.37, 7.44, 7.58, 9.028, 9.688, 10.198, 10.467, 9.977, 9.13, 8.627, 8.28, 7.98, 7.539, 6.792, 5.933, 5.66, 5.8, 5.25, 4.92, 5.34, 5.36, 5.01, 5.33, 5.38, 4.9, 3.4, 2.69, 3.31, 3.35, 3.25, 4.3, 4.66, 4.23, 2.55, 1.83, 2.31, 2.2, 3.64, 5.3, 6.87, 6.84, 6.22, 3.9, 3.5, 3.28, 1.48, 1.94, 2.39, 2.14, 1.98, 2.11, 1.59, 2.09, 2.1, 2.12, 2.23, 1.43, 0.67, 0, 0.74, 1.06, 1.42, 1.16, 1.24, 1.1, 1.35, 1.45, 1.52, 1.59, 1.51, 1.4, 1.25, 2.22, 3.4, 3.86, 4.38], [4.75, 5.97, 6.07, 5.61, 5.71, 5.02, 3.93, 3.7, 4.34, 5.06, 6.37, 7.36, 7.46, 8.911, 9.551, 10.061, 10.344, 9.853, 8.993, 8.49, 8.14, 7.88, 7.44, 6.695, 5.86, 5.571, 5.7, 5.15, 4.8, 5.24, 5.26, 4.93, 5.25, 5.28, 4.82, 3.34, 2.61, 3.25, 3.29, 3.21, 4.26, 4.6, 4.15, 2.51, 2.09, 2.61, 2.3, 3.76, 5.48, 6.99, 7.0, 6.3, 4.04, 3.66, 3.4, 1.42, 1.76, 2.31, 2.26, 2.02, 2.21, 1.53, 2.13, 2.24, 2.32, 2.37, 1.53, 1.01, 0.74, 0, 0.98, 1.4, 1.16, 1.16, 0.84, 1.23, 1.39, 1.4, 1.47, 1.47, 1.36, 1.15, 2.18, 3.28, 3.74, 4.28], [5.45, 6.73, 6.83, 6.43, 6.57, 5.8, 4.61, 4.38, 5.02, 5.86, 7.21, 8.28, 8.4, 9.845, 10.485, 10.995, 11.284, 10.788, 9.93, 9.427, 9.08, 8.816, 8.376, 7.629, 6.76, 6.48, 6.6, 6.05, 5.72, 6.14, 6.16, 5.83, 6.17, 6.2, 5.78, 4.28, 3.55, 4.17, 4.21, 4.09, 5.16, 5.52, 5.07, 3.29, 2.07, 2.29, 1.96, 2.94, 4.68, 6.11, 6.12, 5.5, 3.2, 3.0, 2.68, 1.46, 2.52, 3.21, 3.02, 2.88, 3.07, 2.23, 2.09, 1.84, 1.7, 1.69, 1.35, 1.19, 1.06, 0.98, 0, 0.7, 0.72, 0.84, 0.96, 1.41, 1.31, 1.34, 1.55, 1.69, 1.68, 1.87, 3.06, 4.2, 4.68, 5.22], [5.57, 6.93, 7.05, 6.65, 6.93, 6.06, 4.89, 4.6, 5.28, 6.16, 7.59, 8.66, 8.8, 10.225, 10.865, 11.375, 11.658, 11.168, 10.307, 9.804, 9.48, 9.216, 8.776, 8.029, 7.16, 6.88, 7.0, 6.45, 6.1, 6.54, 6.54, 6.23, 6.57, 6.6, 6.18, 4.68, 3.93, 4.55, 4.59, 4.47, 5.52, 5.88, 5.45, 3.67, 1.97, 2.15, 1.82, 2.56, 4.32, 5.79, 5.76, 5.14, 2.86, 2.66, 2.42, 1.56, 2.9, 3.59, 3.4, 3.24, 3.37, 2.59, 2.07, 1.8, 1.48, 1.53, 1.13, 1.37, 1.42, 1.4, 0.7, 0, 0.82, 1.08, 1.38, 1.59, 1.53, 1.46, 1.65, 2.01, 2.02, 2.19, 3.38, 4.58, 5.08, 5.62], [5.53, 6.85, 6.97, 6.43, 6.59, 5.8, 4.67, 4.42, 5.12, 5.9, 7.29, 8.339, 8.48, 9.908, 10.528, 11.058, 11.338, 10.868, 9.97, 9.467, 9.16, 8.899, 8.459, 7.712, 6.86, 6.58, 6.7, 6.15, 5.8, 6.24, 6.28, 5.93, 6.27, 6.3, 5.86, 4.36, 3.59, 4.23, 4.25, 4.17, 5.2, 5.56, 5.13, 3.29, 2.01, 2.15, 1.92, 2.86, 4.58, 5.99, 6.0, 5.44, 3.18, 2.92, 2.68, 1.44, 2.54, 3.25, 3.08, 2.92, 3.03, 2.27, 1.95, 1.76, 1.52, 1.59, 1.11, 1.15, 1.16, 1.16, 0.72, 0.82, 0, 0.64, 1.14, 1.31, 1.35, 1.46, 1.67, 1.81, 1.74, 1.91, 3.04, 4.24, 4.76, 5.3], [5.25, 6.49, 6.61, 6.15, 6.29, 5.56, 4.37, 4.2, 4.94, 5.72, 7.05, 8.06, 8.191, 9.636, 10.256, 10.786, 11.141, 10.611, 9.678, 9.155, 8.88, 8.62, 8.18, 7.441, 6.64, 6.36, 6.48, 5.93, 5.6, 6.02, 6.1, 5.73, 6.05, 6.08, 5.6, 4.08, 3.35, 3.95, 4.03, 3.95, 4.98, 5.3, 4.89, 3.19, 2.37, 2.39, 2.1, 3.02, 4.64, 6.17, 6.12, 5.56, 3.32, 2.9, 2.68, 1.26, 2.16, 2.99, 2.84, 2.64, 2.75, 2.23, 2.11, 1.86, 1.76, 1.71, 1.23, 1.23, 1.24, 1.16, 0.84, 1.08, 0.64, 0, 0.84, 1.05, 1.21, 1.26, 1.45, 1.47, 1.36, 1.67, 2.84, 4.08, 4.58, 5.08], [4.85, 6.11, 6.15, 5.75, 5.85, 5.14, 4.05, 3.82, 4.52, 5.24, 6.59, 7.6, 7.708, 9.153, 9.811, 10.303, 10.687, 10.177, 9.207, 8.684, 8.4, 8.14, 7.7, 6.958, 6.14, 5.86, 5.98, 5.43, 5.08, 5.54, 5.54, 5.21, 5.55, 5.58, 5.16, 3.66, 2.95, 3.55, 3.61, 3.53, 4.56, 4.86, 4.43, 2.93, 2.63, 2.83, 2.52, 3.46, 5.08, 6.61, 6.58, 6.0, 3.66, 3.1, 2.84, 1.06, 1.84, 2.59, 2.46, 2.26, 2.43, 1.95, 2.25, 2.1, 2.16, 2.23, 1.65, 1.27, 1.1, 0.84, 0.96, 1.38, 1.14, 0.84, 0, 0.81, 1.05, 0.96, 1.01, 1.03, 1.02, 1.33, 2.52, 3.62, 4.12, 4.62], [4.86, 6.16, 6.18, 5.56, 5.86, 5.15, 4.04, 3.63, 4.29, 5.11, 6.32, 7.35, 7.51, 8.958, 9.604, 10.114, 10.594, 10.064, 9.117, 8.614, 8.25, 7.93, 7.47, 6.74, 6.01, 5.73, 5.89, 5.3, 5.01, 5.41, 5.49, 5.08, 5.44, 5.47, 5.01, 3.49, 2.94, 3.38, 3.62, 3.46, 4.51, 4.91, 4.42, 2.98, 2.78, 3.14, 2.81, 3.69, 5.29, 6.84, 6.81, 6.23, 