[[0, 0.67, 1.48, 2.7, 2.63, 1.84, 1.41, 1.59, 1.66, 1.24, 1.34, 1.5, 1.07, 1.14, 1.14, 1.29, 1.02, 1.63, 1.59, 1.37, 1.17, 1.18, 1.47, 1.37, 1.44, 2.12, 2.4, 4.01, 4.824, 4.584, 4.313, 4.213, 4.493, 5.449, 6.941, 6.974, 6.476, 5.754, 5.465, 5.609, 5.877, 6.524, 6.443, 4.96, 4.593, 5.082, 5.049, 4.655, 4.128, 3.455, 3.456, 3.814, 3.713, 3.385, 3.472, 3.797, 5.662, 4.833, 4.228, 4.117, 3.951, 3.53, 3.294, 3.301, 2.96, 3.1, 3.533, 4.034, 5.336, 6.764, 6.707, 7.627, 8.443, 8.303, 7.938, 7.432, 8.576, 10.731, 11.221, 11.514, 11.452, 10.784, 10.678, 10.212, 9.754, 10.349], [0.67, 0, 1.09, 2.31, 2.24, 1.57, 1.48, 1.84, 1.97, 1.57, 1.47, 1.75, 1.48, 1.37, 1.29, 1.34, 1.27, 2.0, 1.98, 1.76, 1.66, 1.59, 1.88, 1.68, 1.81, 2.47, 2.59, 3.74, 4.506, 4.329, 3.94, 3.8, 4.032, 5.041, 6.548, 6.546, 5.946, 5.364, 5.033, 5.09, 5.57, 6.114, 5.97, 4.665, 4.18, 4.709, 4.65, 4.27, 3.658, 3.17, 3.22, 3.292, 3.208, 2.989, 3.136, 3.453, 5.343, 4.483, 3.958, 3.851, 3.568, 3.161, 2.94, 2.97, 2.87, 3.09, 3.41, 3.628, 4.808, 6.305, 6.274, 7.114, 7.935, 7.789, 7.407, 7.033, 8.1, 10.255, 10.794, 11.072, 11.016, 10.342, 10.265, 9.773, 9.346, 9.916], [1.48, 1.09, 0, 1.36, 1.35, 1.02, 1.83, 2.27, 2.481, 2.13, 2.28, 2.64, 2.262, 1.98, 1.42, 1.03, 1.78, 2.87, 2.65, 2.31, 2.17, 2.04, 2.01, 1.75, 2.06, 2.78, 2.3, 3.21, 3.98, 3.72, 3.13, 2.91, 3.15, 4.101, 5.558, 5.611, 5.176, 4.75, 4.43, 4.32, 4.62, 5.124, 5.08, 3.68, 3.27, 3.95, 3.9, 3.42, 2.93, 2.42, 2.47, 2.59, 2.46, 2.22, 2.43, 2.89, 4.594, 3.6, 3.19, 3.16, 2.86, 2.49, 2.33, 2.4, 2.5, 2.66, 2.96, 2.98, 4.013, 5.427, 5.318, 6.324, 7.158, 7.015, 6.678, 6.258, 7.342, 9.488, 9.898, 10.159, 10.055, 9.447, 9.381, 8.852, 8.454, 8.964], [2.7, 2.31, 1.36, 0, 0.59, 1.38, 2.75, 3.405, 3.638, 3.237, 3.372, 3.792, 3.479, 3.14, 2.32, 1.91, 3.06, 4.09, 3.85, 3.53, 3.37, 3.18, 3.13, 2.89, 3.02, 3.76, 2.8, 3.09, 3.82, 3.56, 2.79, 2.37, 2.53, 2.96, 4.49, 4.93, 4.39, 4.37, 4.17, 4.0, 4.28, 4.53, 4.28, 3.24, 2.97, 3.45, 3.42, 2.7, 2.33, 2.08, 2.09, 2.19, 2.04, 2.18, 2.37, 2.89, 3.96, 3.28, 2.77, 2.82, 2.6, 2.23, 2.11, 2.2, 2.7, 2.7, 2.84, 2.66, 3.34, 4.34, 4.26, 5.32, 6.168, 6.17, 5.79, 5.57, 6.38, 8.339, 8.769, 9.057, 8.952, 8.344, 8.235, 7.763, 7.388, 7.915], [2.63, 2.24, 1.35, 0.59, 0, 1.19, 2.64, 3.34, 3.571, 3.13, 3.242, 3.682, 3.36, 3.01, 2.25, 1.86, 2.99, 3.98, 3.74, 3.46, 3.28, 3.11, 3.04, 2.8, 2.95, 3.65, 2.75, 3.14, 3.85, 3.65, 2.76, 2.48, 2.64, 3.11, 4.534, 4.96, 4.54, 4.46, 4.24, 4.03, 4.37, 4.54, 4.33, 3.19, 2.98, 3.6, 3.57, 2.89, 2.5, 2.27, 2.22, 2.32, 2.17, 2.27, 2.42, 2.86, 4.07, 3.37, 2.8, 2.87, 2.69, 2.34, 2.2, 2.35, 2.81, 2.85, 2.99, 2.77, 3.49, 4.491, 4.442, 5.508, 6.358, 6.3, 5.96, 5.7, 6.53, 8.509, 8.979, 9.229, 9.085, 8.502, 8.345, 7.939, 7.498, 8.065], [1.84, 1.57, 1.02, 1.38, 1.19, 0, 1.47, 2.347, 2.752, 2.44, 2.54, 2.9, 2.55, 2.28, 1.7, 1.39, 2.26, 3.23, 3.01, 2.69, 2.53, 2.46, 2.39, 2.09, 2.2, 2.86, 2.52, 3.49, 4.46, 4.1, 3.3, 2.74, 2.96, 3.838, 5.281, 5.417, 5.154, 5.157, 4.863, 4.46, 4.64, 4.99, 4.88, 3.9, 3.503, 4.0, 3.96, 3.32, 2.877, 2.38, 2.39, 2.62, 2.66, 2.66, 2.95, 3.41, 4.884, 4.047, 3.57, 3.59, 3.35, 2.98, 2.82, 2.86, 2.84, 3.0, 3.34, 3.467, 4.067, 5.244, 5.144, 6.17, 7.2, 7.091, 6.845, 6.531, 7.335, 9.202, 9.672, 9.942, 9.855, 9.215, 9.144, 8.67, 8.245, 8.955], [1.41, 1.48, 1.83, 2.75, 2.64, 1.47, 0, 1.08, 1.73, 1.63, 1.97, 2.13, 1.8, 1.93, 1.97, 1.94, 1.59, 2.24, 2.1, 2.0, 1.96, 2.15, 2.38, 2.26, 2.17, 2.57, 2.85, 4.36, 5.44, 5.043, 4.427, 3.91, 4.13, 5.116, 6.611, 6.694, 6.298, 6.207, 5.85, 5.41, 5.73, 6.22, 6.09, 5.21, 4.724, 5.224, 5.097, 4.605, 4.075, 3.514, 3.373, 3.647, 3.697, 3.68, 3.93, 4.43, 6.111, 5.297, 4.847, 4.797, 4.397, 4.007, 3.867, 3.857, 3.686, 3.823, 4.283, 4.517, 5.168, 6.48, 6.446, 7.309, 8.368, 8.194, 7.988, 7.694, 8.598, 10.408, 10.978, 11.115, 11.077, 10.417, 10.463, 9.972, 9.608, 10.258], [1.59, 1.84, 2.27, 3.405, 3.34, 2.347, 1.08, 0, 0.87, 1.07, 1.51, 1.61, 1.56, 2.09, 2.15, 2.3, 1.73, 1.6, 1.68, 1.92, 1.86, 2.07, 2.44, 2.38, 2.17, 2.53, 3.05, 4.9, 5.933, 5.573, 5.057, 4.793, 5.049, 6.005, 7.488, 7.561, 7.06, 6.757, 6.383, 6.24, 6.523, 7.095, 6.993, 5.8, 5.347, 5.809, 5.764, 5.272, 4.728, 4.101, 4.053, 4.425, 4.377, 4.16, 4.39, 4.873, 6.594, 5.712, 5.302, 5.217, 4.895, 4.507, 4.365, 4.372, 4.139, 4.286, 4.739, 5.015, 5.908, 7.361, 7.29, 8.167, 9.069, 8.935, 8.626, 8.275, 9.216, 11.302, 11.801, 12.061, 12.008, 11.334, 11.317, 10.801, 10.408, 11.001], [1.66, 1.97, 2.481, 3.638, 3.571, 2.752, 1.73, 0.87, 0, 0.94, 1.44, 1.32, 1.47, 1.96, 2.22, 2.423, 1.76, 1.47, 1.61, 1.87, 1.67, 1.84, 2.31, 2.27, 2.12, 2.52, 3.14, 5.106, 6.083, 5.783, 5.433, 5.137, 5.414, 6.316, 7.79, 7.889, 7.498, 6.95, 6.576, 6.599, 6.832, 7.437, 7.395, 6.026, 5.579, 6.161, 6.122, 5.62, 5.113, 4.496, 4.468, 4.807, 4.698, 4.399, 4.635, 5.043, 6.838, 5.959, 5.372, 5.425, 5.179, 4.752, 4.535, 4.542, 4.228, 4.355, 4.815, 5.185, 6.294, 7.759, 7.653, 8.608, 9.425, 9.345, 8.951, 8.562, 9.584, 11.732, 12.176, 12.494, 12.39, 11.764, 11.693, 11.148, 10.741, 11.351], [1.24, 1.57, 2.13, 3.237, 3.13, 2.44, 1.63, 1.07, 0.94, 0, 0.9, 1.22, 1.37, 1.82, 2.02, 2.09, 1.66, 1.67, 1.79, 1.97, 1.63, 1.74, 2.25, 2.19, 2.16, 2.74, 3.22, 4.85, 5.676, 5.485, 5.019, 4.844, 5.111, 6.033, 7.485, 7.546, 7.11, 6.57, 6.256, 6.255, 6.575, 7.114, 7.052, 5.646, 5.279, 5.769, 5.79, 5.299, 4.812, 4.18, 4.182, 4.523, 4.41, 4.103, 4.209, 4.606, 6.381, 5.542, 4.912, 4.95, 4.705, 4.317, 4.115, 4.133, 3.919, 4.068, 4.504, 4.787, 5.968, 7.41, 7.319, 8.274, 9.084, 8.97, 8.596, 8.099, 9.228, 11.392, 11.836, 12.151, 12.047, 11.421, 11.344, 10.787, 10.397, 10.974], [1.34, 1.47, 2.28, 3.372, 3.242, 2.54, 1.97, 1.51, 1.44, 0.9, 0, 0.92, 1.31, 1.82, 1.94, 2.17, 1.82, 1.77, 1.99, 2.01, 1.85, 1.98, 2.45, 2.45, 2.46, 3.12, 3.52, 4.73, 5.613, 5.396, 5.033, 4.985, 5.188, 6.14, 7.601, 7.648, 7.123, 6.461, 6.216, 6.272, 6.678, 7.225, 7.124, 5.652, 5.344, 5.91, 5.803, 5.44, 4.911, 4.334, 4.278, 4.455, 4.381, 4.111, 4.216, 4.526, 6.341, 5.633, 4.966, 4.925, 4.714, 4.304, 4.037, 4.087, 3.86, 4.091, 4.428, 4.769, 5.968, 7.464, 7.416, 8.265, 9.064, 8.964, 8.55, 8.036, 9.108, 11.303, 11.91, 12.217, 12.155, 11.484, 11.361, 10.898, 10.428, 11.082], [1.5, 1.75, 2.64, 3.792, 3.682, 2.9, 2.13, 1.61, 1.32, 1.22, 0.92, 0, 1.23, 1.66, 2.06, 2.33, 1.76, 1.65, 1.79, 1.89, 1.79, 1.98, 2.43, 2.47, 2.44, 3.14, 3.5, 5.03, 5.893, 5.664, 5.473, 5.285, 5.531, 6.52, 7.981, 8.028, 7.478, 6.741, 6.493, 6.572, 6.998, 7.605, 7.504, 6.092, 5.72, 6.191, 6.099, 5.741, 5.232, 4.564, 4.536, 4.738, 4.725, 4.432, 4.56, 4.86, 6.749, 5.989, 5.354, 5.29, 5.058, 4.637, 4.286, 4.326, 3.996, 4.171, 4.609, 5.087, 6.348, 7.844, 7.796, 8.633, 9.444, 9.324, 8.896, 8.416, 9.377, 11.597, 12.29, 12.591, 12.535, 11.864, 11.741, 11.275, 10.828, 11.462], [1.07, 1.48, 2.262, 3.479, 3.36, 2.55, 1.8, 1.56, 1.47, 1.37, 1.31, 1.23, 0, 0.87, 1.39, 1.8, 1.17, 1.16, 1.28, 1.3, 1.24, 1.35, 1.66, 1.78, 1.69, 2.25, 2.55, 4.6, 5.405, 5.271, 5.14, 4.969, 5.272, 6.222, 7.702, 7.769, 7.189, 6.361, 6.126, 6.239, 6.662, 7.309, 7.208, 5.719, 5.372, 5.855, 5.811, 5.405, 4.881, 4.247, 4.223, 4.438, 4.366, 4.026, 4.165, 4.458, 6.285, 5.627, 5.005, 4.902, 4.696, 4.258, 3.735, 3.711, 3.33, 3.35, 3.994, 4.618, 6.003, 7.548, 7.476, 8.323, 9.099, 8.99, 8.448, 8.028, 9.08, 11.336, 11.982, 12.292, 12.236, 11.565, 11.425, 10.976, 10.509, 11.116], [1.14, 1.37, 1.98, 3.14, 3.01, 2.28, 1.93, 2.09, 1.96, 1.82, 1.82, 1.66, 0.87, 0, 1.0, 1.35, 1.16, 1.49, 1.27, 1.05, 1.13, 1.16, 1.33, 1.49, 1.34, 2.06, 2.18, 4.23, 4.987, 4.88, 4.73, 4.642, 4.902, 5.908, 7.398, 7.424, 6.816, 5.934, 5.736, 5.889, 6.317, 6.964, 6.86, 5.369, 5.002, 5.507, 5.44, 5.077, 4.51, 3.877, 3.833, 4.079, 4.043, 3.674, 3.79, 3.988, 5.867, 5.254, 4.522, 4.42, 4.283, 3.831, 3.234, 3.201, 2.84, 2.88, 3.584, 4.227, 5.68, 7.212, 7.163, 8.001, 8.77, 8.654, 8.094, 7.616, 8.629, 10.953, 11.66, 11.97, 11.915, 11.243, 11.103, 10.655, 10.188, 10.795], [1.14, 1.29, 1.42, 2.32, 2.25, 1.7, 1.97, 2.15, 2.22, 2.02, 1.94, 2.06, 1.39, 1.0, 0, 0.77, 1.42, 1.97, 1.83, 1.51, 1.43, 1.34, 1.31, 1.39, 1.32, 2.14, 1.84, 3.53, 4.26, 4.12, 3.853, 3.75, 4.013, 5.029, 6.498, 6.524, 5.976, 5.194, 4.939, 5.1, 5.437, 6.084, 6.02, 4.52, 4.15, 4.63, 4.583, 4.24, 3.653, 3.04, 3.05, 3.262, 3.183, 2.801, 2.934, 3.231, 5.033, 4.374, 3.691, 3.621, 3.461, 3.031, 2.614, 2.68, 2.42, 2.4, 2.864, 3.438, 4.806, 6.34, 6.266, 7.146, 7.899, 7.816, 7.314, 6.823, 7.932, 10.159, 10.772, 11.079, 11.018, 10.349, 10.223, 9.763, 9.293, 9.912], [1.29, 1.34, 1.03, 1.91, 1.86, 1.39, 1.94, 2.3, 2.423, 2.09, 2.17, 2.33, 1.8, 1.35, 0.77, 0, 1.35, 2.3, 2.1, 1.72, 1.68, 1.55, 1.5, 1.3, 1.65, 2.17, 1.69, 3.2, 3.87, 3.79, 3.46, 3.337, 3.6, 4.596, 6.094, 6.114, 5.583, 4.88, 4.62, 4.69, 5.07, 5.674, 5.59, 4.07, 3.72, 4.217, 4.17, 3.787, 3.24, 2.59, 2.6, 2.869, 2.83, 2.399, 2.58, 2.92, 4.6, 3.944, 3.3, 3.27, 3.068, 2.68, 2.24, 2.25, 2.13, 2.21, 2.65, 3.07, 4.413, 5.947, 5.864, 6.753, 7.506, 7.423, 6.901, 6.398, 7.579, 9.806, 10.384, 10.697, 10.624, 9.967, 9.847, 9.364, 8.894, 9.507], [1.02, 1.27, 1.78, 3.06, 2.99, 2.26, 1.59, 1.73, 1.76, 1.66, 1.82, 1.76, 1.17, 1.16, 1.42, 1.35, 0, 1.29, 1.27, 1.03, 1.19, 1.18, 1.43, 1.29, 1.44, 1.84, 1.9, 3.91, 4.8, 4.64, 4.55, 4.43, 4.71, 5.765, 7.28, 7.27, 6.61, 5.71, 5.57, 5.66, 6.1, 6.75, 6.62, 5.24, 4.81, 5.35, 5.28, 4.88, 4.33, 3.68, 3.63, 3.87, 3.84, 3.48, 3.59, 3.83, 5.72, 5.08, 4.47, 4.34, 4.08, 3.61, 3.07, 2.96, 2.64, 2.8, 3.4, 3.98, 5.48, 7.02, 6.98, 7.8, 8.57, 8.45, 7.87, 7.43, 8.68, 10.95, 11.52, 11.79, 11.74, 11.06, 11.0, 10.52, 10.09, 10.62], [1.63, 2.0, 2.87, 4.09, 3.98, 3.23, 2.24, 1.6, 1.47, 1.67, 1.77, 1.65, 1.16, 1.49, 1.97, 2.3, 1.29, 0, 0.56, 1.0, 1.12, 1.33, 1.62, 1.66, 1.47, 1.69, 2.31, 4.96, 5.83, 5.71, 5.6, 5.5, 5.76, 6.77, 8.28, 8.28, 7.68, 6.76, 6.62, 6.73, 7.17, 7.82, 7.69, 6.23, 5.88, 6.38, 6.29, 5.89, 5.36, 4.69, 4.64, 4.92, 4.89, 4.53, 4.64, 4.8, 6.71, 6.11, 5.4, 5.27, 5.13, 4.64, 4.08, 3.91, 3.57, 3.59, 4.33, 5.07, 6.53, 8.07, 8.03, 8.85, 9.62, 9.5, 8.96, 8.46, 9.65, 11.92, 12.53, 12.84, 12.79, 12.11, 11.97, 11.53, 11.06, 11.67], [1.59, 1.98, 2.65, 3.85, 3.74, 3.01, 2.1, 1.68, 1.61, 1.79, 1.99, 1.79, 1.28, 1.27, 1.83, 2.1, 1.27, 0.56, 0, 0.76, 1.1, 1.23, 1.4, 1.48, 1.29, 1.67, 2.15, 4.78, 5.61, 5.47, 5.38, 5.26, 5.52, 6.53, 8.04, 8.04, 7.44, 6.52, 6.38, 6.51, 6.95, 7.6, 7.47, 5.99, 5.64, 6.14, 6.05, 5.67, 5.12, 4.45, 4.4, 4.68, 4.65, 4.29, 4.4, 4.56, 6.47, 5.87, 5.14, 5.03, 4.89, 4.4, 3.84, 3.67, 3.33, 3.33, 4.09, 4.83, 6.29, 7.83, 7.79, 8.61, 9.38, 9.26, 8.68, 8.22, 9.39, 11.66, 12.29, 12.6, 12.55, 11.87, 11.73, 11.29, 10.82, 11.43], [1.37, 1.76, 2.31, 3.53, 3.46, 2.69, 2.0, 1.92, 1.87, 1.97, 2.01, 1.89, 1.3, 1.05, 1.51, 1.72, 1.03, 1.0, 0.76, 0, 0.72, 0.85, 1.1, 1.1, 1.11, 1.67, 1.83, 4.42, 5.25, 5.13, 5.02, 4.92, 5.2, 6.207, 7.705, 7.72, 7.1, 6.18, 6.04, 6.17, 6.59, 7.24, 7.11, 5.63, 5.32, 5.8, 5.73, 5.33, 4.8, 4.13, 4.08, 4.36, 4.33, 3.97, 4.08, 4.24, 6.11, 5.55, 4.82, 4.71, 4.57, 4.08, 3.48, 3.29, 2.93, 2.97, 3.75, 4.47, 5.97, 7.51, 7.47, 8.29, 9.06, 8.94, 8.36, 7.9, 9.07, 11.34, 11.97, 12.28, 12.23, 11.55, 11.41, 10.97, 10.5, 11.11], [1.17, 1.66, 2.17, 3.37, 3.28, 2.53, 1.96, 1.86, 1.67, 1.63, 1.85, 1.79, 1.24, 1.13, 1.43, 1.68, 1.19, 1.12, 1.1, 0.72, 0, 0.61, 0.92, 1.08, 1.03, 1.81, 1.95, 4.4, 5.29, 5.11, 4.92, 4.78, 5.074, 6.042, 7.528, 7.554, 7.08, 6.2, 6.02, 6.17, 6.43, 7.06, 6.99, 5.47, 5.16, 5.68, 5.65, 5.21, 4.72, 4.03, 4.017, 4.4, 4.27, 3.91, 4.04, 4.26, 6.07, 5.384, 4.66, 4.63, 4.527, 4.06, 3.6, 3.51, 3.13, 3.09, 3.79, 4.45, 5.91, 7.404, 7.302, 8.25, 9.02, 8.92, 8.44, 7.94, 9.11, 11.32, 11.824, 12.152, 12.062, 11.424, 11.302, 10.804, 10.334, 10.962], [1.18, 1.59, 2.04, 3.18, 3.11, 2.46, 2.15, 2.07, 1.84, 1.74, 1.98, 1.98, 1.35, 1.16, 1.34, 1.55, 1.18, 1.33, 1.23, 0.85, 0.61, 0, 0.75, 0.91, 0.98, 1.82, 1.94, 4.19, 5.08, 4.92, 4.73, 4.55, 4.85, 5.74, 7.21, 7.35, 6.87, 6.01, 5.83, 5.96, 6.24, 6.87, 6.8, 5.24, 4.93, 5.47, 5.44, 5.0, 4.51, 3.82, 3.81, 4.19, 4.06, 3.7, 3.83, 4.05, 5.9, 5.18, 4.41, 4.42, 4.32, 3.85, 3.41, 3.28, 2.94, 2.94, 3.6, 4.28, 5.7, 7.2, 7.1, 8.04, 8.81, 8.71, 8.25, 7.73, 8.9, 11.11, 11.62, 11.95, 11.86, 11.22, 11.1, 10.58, 10.13, 10.74], [1.47, 1.88, 2.01, 3.13, 3.04, 2.39, 2.38, 2.44, 2.31, 2.25, 2.45, 2.43, 1.66, 1.33, 1.31, 1.5, 1.43, 1.62, 1.4, 1.1, 0.92, 0.75, 0, 0.7, 0.81, 1.43, 1.67, 4.08, 5.01, 4.85, 4.66, 4.48, 4.78, 5.71, 7.205, 7.28, 6.8, 5.94, 5.76, 5.89, 6.17, 6.8, 6.73, 5.21, 4.88, 5.4, 5.37, 4.93, 4.44, 3.75, 3.74, 4.12, 3.99, 3.63, 3.76, 3.98, 5.81, 5.11, 4.34, 4.35, 4.25, 3.78, 3.34, 3.19, 2.89, 2.87, 3.51, 4.19, 5.63, 7.13, 7.03, 7.97, 8.74, 8.64, 8.16, 7.66, 8.83, 11.04, 11.55, 11.88, 11.79, 11.15, 11.03, 10.51, 10.06, 10.67], [1.37, 1.68, 1.75, 2.89, 2.8, 2.09, 2.26, 2.38, 2.27, 2.19, 2.45, 2.47, 1.78, 1.49, 1.39, 1.3, 1.29, 1.66, 1.48, 1.1, 1.08, 0.91, 0.7, 0, 0.73, 1.31, 1.43, 3.88, 4.83, 4.67, 4.48, 4.3, 4.56, 5.49, 6.98, 7.08, 6.62, 5.76, 5.58, 5.71, 5.99, 6.62, 6.55, 5.03, 4.7, 5.22, 5.17, 4.73, 4.24, 3.53, 3.52, 3.9, 3.77, 3.41, 3.54, 3.76, 5.59, 4.89, 4.14, 4.13, 4.03, 3.56, 3.1, 2.93, 2.61, 2.71, 3.31, 3.97, 5.41, 6.91, 6.81, 7.75, 8.52, 8.42, 7.94, 7.44, 8.63, 10.84, 11.33, 11.66, 11.57, 10.93, 10.81, 10.29, 9.84, 10.45], [1.44, 1.81, 2.06, 3.02, 2.95, 2.2, 2.17, 2.17, 2.12, 2.16, 2.46, 2.44, 1.69, 1.34, 1.32, 1.65, 1.44, 1.47, 1.29, 1.11, 1.03, 0.98, 0.81, 0.73, 0, 1.2, 1.48, 4.03, 5.0, 4.82, 4.63, 4.45, 4.73, 5.64, 7.17, 7.23, 6.79, 5.93, 5.75, 5.88, 6.16, 6.79, 6.74, 5.24, 4.87, 5.37, 5.34, 4.88, 4.39, 3.68, 3.67, 4.05, 3.92, 3.56, 3.69, 3.91, 5.78, 5.04, 4.31, 4.3, 4.18, 3.71, 3.29, 3.1, 2.8, 2.86, 3.52, 4.16, 5.56, 7.06, 6.96, 7.9, 8.67, 8.57, 8.13, 7.61, 8.8, 11.01, 11.48, 11.81, 11.72, 11.08, 10.98, 10.44, 10.01, 10.6], [2.12, 2.47, 2.78, 3.76, 3.65, 2.86, 2.57, 2.53, 2.52, 2.74, 3.12, 3.14, 2.25, 2.06, 2.14, 2.17, 1.84, 1.69, 1.67, 1.67, 1.81, 1.82, 1.43, 1.31, 1.2, 0, 1.72, 4.65, 5.6, 5.46, 5.31, 5.15, 5.41, 6.38, 7.89, 7.95, 7.45, 6.55, 6.39, 6.52, 6.88, 7.51, 7.44, 5.9, 5.57, 6.07, 6.02, 5.58, 5.07, 4.36, 4.35, 4.67, 4.6, 4.18, 4.33, 4.57, 6.38, 5.76, 5.03, 4.96, 4.84, 4.35, 3.85, 3.66, 3.36, 3.42, 4.1, 4.8, 6.22, 7.76, 7.68, 8.56, 9.31, 9.23, 8.69, 8.19, 9.4, 11.63, 12.2, 12.51, 12.44, 11.78, 11.66, 11.16, 10.71, 11.3], [2.4, 2.59, 2.3, 2.8, 2.75, 2.52, 2.85, 3.05, 3.14, 3.22, 3.52, 3.5, 2.55, 2.18, 1.84, 1.69, 1.9, 2.31, 2.15, 1.83, 1.95, 1.94, 1.67, 1.43, 1.48, 1.72, 0, 3.07, 4.02, 3.88, 3.73, 3.57, 3.83, 4.9, 6.43, 6.41, 5.85, 4.95, 4.79, 4.92, 5.28, 5.91, 5.84, 4.4, 3.97, 4.53, 4.46, 4.04, 3.51, 2.84, 2.89, 3.13, 3.04, 2.7, 2.85, 3.13, 4.84, 4.22, 3.55, 3.48, 3.28, 2.81, 2.31, 2.34, 2.16, 1.9, 2.58, 3.22, 4.66, 6.2, 6.12, 7.0, 7.75, 7.67, 7.09, 6.63, 7.92, 10.15, 10.68, 10.95, 10.88, 10.22, 10.18, 9.64, 9.23, 9.74], [4.01, 3.74, 3.21, 3.09, 3.14, 3.49, 4.36, 4.9, 5.106, 4.85, 4.73, 5.03, 4.6, 4.23, 3.53, 3.2, 3.91, 4.96, 4.78, 4.42, 4.4, 4.19, 4.08, 3.88, 4.03, 4.65, 3.07, 0, 1.43, 0.99, 1.14, 1.66, 1.62, 2.33, 3.6, 3.52, 2.84, 2.06, 1.82, 1.91, 2.43, 3.02, 2.85, 1.57, 1.52, 1.98, 2.17, 2.13, 1.64, 1.59, 1.74, 1.58, 1.77, 1.79, 1.64, 1.78, 2.71, 2.13, 1.88, 1.43, 1.31, 1.4, 2.04, 2.39, 2.59, 2.31, 1.69, 1.91, 2.01, 3.27, 3.21, 4.03, 4.86, 4.72, 4.34, 3.88, 4.99, 7.18, 7.75, 7.96, 7.93, 7.23, 7.23, 6.75, 6.32, 6.85], [4.824, 4.506, 3.98, 3.82, 3.85, 4.46, 5.44, 5.933, 6.083, 5.676, 5.613, 5.893, 5.405, 4.987, 4.26, 3.87, 4.8, 5.83, 5.61, 5.25, 5.29, 5.08, 5.01, 4.83, 5.0, 5.6, 4.02, 1.43, 0, 0.84, 1.29, 2.13, 2.09, 2.46, 2.81, 2.63, 1.89, 1.23, 0.95, 1.42, 2.04, 2.23, 2.2, 1.62, 1.67, 1.69, 1.6, 1.94, 1.91, 2.32, 2.51, 2.15, 2.4, 2.44, 2.31, 2.19, 2.92, 2.4, 2.33, 1.88, 1.78, 2.03, 2.45, 2.86, 3.16, 2.92, 2.26, 2.18, 2.42, 3.18, 2.96, 3.28, 3.95, 3.79, 3.49, 3.03, 4.04, 6.278, 6.871, 7.09, 7.06, 6.36, 6.345, 5.871, 5.435, 5.96], [4.584, 4.329, 3.72, 3.56, 3.65, 4.1, 5.043, 5.573, 5.783, 5.485, 5.396, 5.664, 5.271, 4.88, 4.12, 3.79, 4.64, 5.71, 5.47, 5.13, 5.11, 4.92, 4.85, 4.67, 4.82, 5.46, 3.88, 0.99, 0.84, 0, 1.07, 1.87, 1.77, 2.16, 2.85, 2.77, 2.03, 1.41, 1.19, 1.2, 1.68, 2.25, 2.16, 1.26, 1.25, 1.21, 1.48, 1.64, 1.59, 1.98, 2.13, 1.95, 2.18, 2.26, 2.07, 2.11, 3.02, 2.4, 2.23, 1.76, 1.64, 1.81, 2.47, 2.84, 3.04, 2.78, 2.1, 2.12, 2.22, 2.98, 2.74, 3.38, 4.11, 3.95, 3.59, 3.13, 4.26, 6.421, 6.994, 7.199, 7.166, 6.469, 6.448, 5.974, 5.538, 6.1], [4.313, 3.94, 3.13, 2.79, 2.76, 3.3, 4.427, 5.057, 5.433, 5.019, 5.033, 5.473, 5.14, 4.73, 3.853, 3.46, 4.55, 5.6, 5.38, 5.02, 4.92, 4.73, 4.66, 4.48, 4.63, 5.31, 3.73, 1.14, 1.29, 1.07, 0, 1.08, 1.14, 1.55, 2.86, 2.82, 2.26, 1.92, 1.72, 1.53, 1.95, 2.36, 2.23, 1.01, 1.02, 1.3, 1.49, 1.59, 1.1, 1.37, 1.58, 1.28, 1.51, 1.87, 1.8, 2.0, 2.57, 1.93, 1.9, 1.37, 1.17, 1.44, 2.12, 2.53, 3.03, 2.75, 2.09, 1.79, 1.73, 2.65, 2.59, 3.505, 4.4, 4.238, 3.94, 3.48, 4.588, 6.646, 7.116, 7.303, 7.219, 6.553, 6.542, 6.076, 5.631, 6.208], [4.213, 3.8, 2.91, 2.37, 2.48, 2.74, 3.91, 4.793, 5.137, 4.844, 4.985, 5.285, 4.969, 4.642, 3.75, 3.337, 4.43, 5.5, 5.26, 4.92, 4.78, 4.55, 4.48, 4.3, 4.45, 5.15, 3.57, 1.66, 2.13, 1.87, 1.08, 0, 0.68, 1.45, 2.9, 2.9, 2.7, 2.7, 2.46, 2.03, 2.21, 2.64, 2.55, 1.71, 1.32, 1.7, 1.67, 1.45, 1.0, 1.27, 1.4, 1.22, 1.47, 1.69, 1.88, 2.36, 2.91, 2.29, 2.26, 1.73, 1.43, 1.42, 2.08, 2.35, 2.79, 2.59, 2.05, 2.03, 1.95, 2.77, 2.73, 3.73, 4.74, 4.62, 4.36, 4.1, 4.97, 6.82, 7.25, 7.4, 7.33, 6.69, 6.73, 6.17, 5.8, 6.43], [4.493, 4.032, 3.15, 2.53, 2.64, 2.96, 4.13, 5.049, 5.414, 5.111, 5.188, 5.531, 5.272, 4.902, 4.013, 3.6, 4.71, 5.76, 5.52, 5.2, 5.074, 4.85, 4.78, 4.56, 4.73, 5.41, 3.83, 1.62, 2.09, 1.77, 1.14, 0.68, 0, 1.23, 2.6, 2.66, 2.52, 2.56, 2.34, 1.91, 2.17, 2.44, 2.31, 1.55, 1.38, 1.54, 1.65, 1.55, 1.16, 1.43, 1.52, 1.38, 1.55, 1.83, 1.78, 2.22, 2.67, 2.09, 2.08, 1.65, 1.37, 1.52, 2.16, 2.55, 3.11, 2.81, 2.35, 2.11, 1.91, 2.53, 2.49, 3.47, 4.52, 4.4, 4.2, 3.92, 4.79, 6.54, 7.03, 7.14, 7.05, 6.43, 6.47, 5.91, 5.58, 6.29], [5.449, 5.041, 4.101, 2.96, 3.11, 3.838, 5.116, 6.005, 6.316, 6.033, 6.14, 6.52, 6.222, 5.908, 5.029, 4.596, 5.765, 6.77, 6.53, 6.207, 6.042, 5.74, 5.71, 5.49, 5.64, 6.38, 4.9, 2.33, 2.46, 2.16, 1.55, 1.45, 1.23, 0, 1.73, 2.27, 2.43, 2.63, 2.41, 2.02, 2.28, 2.41, 2.14, 1.6, 1.63, 1.81, 2.06, 1.92, 1.81, 2.2, 2.25, 2.01, 2.26, 2.7, 2.67, 2.81, 2.92, 2.52, 2.41, 2.04, 2.0, 2.39, 3.03, 3.44, 3.98, 3.72, 3.0, 2.5, 1.92, 2.06, 2.0, 3.08, 4.19, 4.17, 3.87, 3.71, 4.44, 5.99, 6.5, 6.43, 6.22, 5.64, 5.88, 5.44, 5.07, 5.88], [6.941, 6.548, 5.558, 4.49, 4.534, 5.281, 6.611, 7.488, 7.79, 7.485, 7.601, 7.981, 7.702, 7.398, 6.498, 6.094, 7.28, 8.28, 8.04, 7.705, 7.528, 7.21, 7.205, 6.98, 7.17, 7.89, 6.43, 3.6, 2.81, 2.85, 2.86, 2.9, 2.6, 1.73, 0, 1.26, 1.94, 2.44, 2.36, 1.99, 1.89, 1.6, 1.37, 2.25, 2.528, 2.18, 2.19, 2.49, 2.98, 3.65, 3.7, 3.46, 3.63, 3.99, 3.96, 3.78, 3.55, 3.17, 3.32, 3.21, 3.45, 3.86, 4.48, 4.91, 5.41, 5.05, 4.25, 3.57, 2.41, 2.07, 2.05, 2.53, 3.16, 2.98, 2.94, 2.84, 3.23, 4.78, 5.29, 5.18, 4.95, 4.53, 4.63, 4.23, 3.86, 4.69], [6.974, 6.546, 5.611, 4.93, 4.96, 5.417, 6.694, 7.561, 7.889, 7.546, 7.648, 8.028, 7.769, 7.424, 6.524, 6.114, 7.27, 8.28, 8.04, 7.72, 7.554, 7.35, 7.28, 7.08, 7.23, 7.95, 6.41, 3.52, 2.63, 2.77, 2.82, 2.9, 2.66, 2.27, 1.26, 0, 1.18, 1.84, 1.88, 1.71, 1.57, 1.16, 1.25, 2.19, 2.5, 2.0, 1.99, 2.51, 2.96, 3.65, 3.68, 3.44, 3.55, 3.93, 3.82, 3.64, 3.41, 2.85, 3.2, 3.19, 3.35, 3.8, 4.44, 4.87, 5.33, 4.99, 4.19, 3.53, 2.39, 2.29, 2.05, 2.23, 2.66, 2.44, 2.66, 2.5, 2.73, 4.24, 4.69, 4.72, 4.57, 4.03, 4.17, 3.63, 3.26, 4.07], [6.476, 5.946, 5.176, 4.39, 4.54, 5.154, 6.298, 7.06, 7.498, 7.11, 7.123, 7.478, 7.189, 6.816, 5.976, 5.583, 6.61, 7.68, 7.44, 7.1, 7.08, 6.87, 6.8, 6.62, 6.79, 7.45, 5.85, 2.84, 1.89, 2.03, 2.26, 2.7, 2.52, 2.43, 1.94, 1.18, 0, 1.14, 1.26, 1.31, 1.49, 1.26, 1.29, 1.99, 2.18, 1.76, 1.71, 2.11, 2.52, 3.17, 3.18, 2.88, 3.01, 3.35, 3.26, 3.22, 2.99, 2.59, 2.94, 2.79, 2.77, 3.22, 3.8, 4.15, 4.59, 4.23, 3.47, 2.81, 2.13, 2.23, 2.05, 2.13, 2.58, 2.32, 2.48, 2.26, 2.71, 4.5, 5.03, 5.22, 5.19, 4.49, 4.49, 4.01, 3.6, 4.17], [5.754, 5.364, 4.75, 4.37, 4.46, 5.157, 6.207, 6.757, 6.95, 6.57, 6.461, 6.741, 6.361, 5.934, 5.194, 4.88, 5.71, 6.76, 6.52, 6.18, 6.2, 6.01, 5.94, 5.76, 5.93, 6.55, 4.95, 2.06, 1.23, 1.41, 1.92, 2.7, 2.56, 2.63, 2.44, 1.84, 1.14, 0, 0.66, 1.27, 1.65, 1.68, 1.71, 1.75, 2.0, 1.78, 1.73, 2.25, 2.46, 2.97, 3.1, 2.64, 2.67, 2.89, 2.66, 2.42, 2.65, 2.13, 2.28, 2.07, 2.21, 2.5, 3.0, 3.35, 3.69, 3.31, 2.61, 2.39, 2.25, 2.59, 2.31, 2.65, 3.22, 3.02, 2.9, 2.46, 3.17, 5.331, 5.924, 6.149, 6.116, 5.419, 5.398, 4.924, 4.488, 5.05], [5.465, 5.033, 4.43, 4.17, 4.24, 4.863, 5.85, 6.383, 6.576, 6.256, 6.216, 6.493, 6.126, 5.736, 4.939, 4.62, 5.57, 6.62, 6.38, 6.04, 6.02, 5.83, 5.76, 5.58, 5.75, 6.39, 4.79, 1.82, 0.95, 1.19, 1.72, 2.46, 2.34, 2.41, 2.36, 1.88, 1.26, 0.66, 0, 1.01, 1.49, 1.66, 1.63, 1.55, 1.72, 1.58, 1.53, 2.05, 2.28, 2.69, 2.78, 2.42, 2.59, 2.77, 2.48, 2.22, 2.77, 2.15, 2.22, 2.07, 2.07, 2.46, 3.08, 3.45, 3.67, 3.35, 2.65, 2.43, 2.13, 2.65, 2.43, 2.79, 3.34, 3.1, 3.08, 2.7, 3.37, 5.511, 6.084, 6.309, 6.276, 5.579, 5.558, 5.084, 4.648, 5.19], [5.609, 5.09, 4.32, 4.0, 4.03, 4.46, 5.41, 6.24, 6.599, 6.255, 6.272, 6.572, 6.239, 5.889, 5.1, 4.69, 5.66, 6.73, 6.51, 6.17, 6.17, 5.96, 5.89, 5.71, 5.88, 6.52, 4.92, 1.91, 1.42, 1.2, 1.53, 2.03, 1.91, 2.02, 1.99, 1.71, 1.31, 1.27, 1.01, 0, 0.96, 1.19, 1.14, 1.16, 1.33, 1.05, 1.24, 1.7, 2.01, 2.46, 2.51, 2.15, 2.46, 2.68, 2.53, 2.53, 2.92, 2.36, 2.49, 2.22, 2.16, 2.53, 3.17, 3.58, 3.9, 3.52, 2.82, 2.44, 2.02, 2.38, 2.22, 2.64, 3.37, 3.17, 2.93, 2.61, 3.48, 5.43, 6.02, 6.139, 6.106, 5.42, 5.52, 4.96, 4.53, 5.22], [5.877, 5.57, 4.62, 4.28, 4.37, 4.64, 5.73, 6.523, 6.832, 6.575, 6.678, 6.998, 6.662, 6.317, 5.437, 5.07, 6.1, 7.17, 6.95, 6.59, 6.43, 6.24, 6.17, 5.99, 6.16, 6.88, 5.28, 2.43, 2.04, 1.68, 1.95, 2.21, 2.17, 2.28, 1.89, 1.57, 1.49, 1.65, 1.49, 0.96, 0, 0.85, 1.2, 1.56, 1.71, 1.35, 1.46, 1.88, 2.37, 2.78, 2.79, 2.63, 2.86, 3.18, 3.05, 3.29, 3.32, 2.64, 3.07, 2.76, 2.68, 3.11, 3.81, 4.14, 4.32, 3.92, 3.2, 2.9, 2.36, 2.44, 2.32, 2.86, 3.35, 3.03, 3.01, 2.75, 3.38, 5.25, 5.66, 5.77, 5.672, 5.06, 5.1, 4.64, 4.15, 4.88], [6.524, 6.114, 5.124, 4.53, 4.54, 4.99, 6.22, 7.095, 7.437, 7.114, 7.225, 7.605, 7.309, 6.964, 6.084, 5.674, 6.75, 7.82, 7.6, 7.24, 7.06, 6.87, 6.8, 6.62, 6.79, 7.51, 5.91, 3.02, 2.23, 2.25, 2.36, 2.64, 2.44, 2.41, 1.6, 1.16, 1.26, 1.68, 1.66, 1.19, 0.85, 0, 0.93, 1.81, 2.08, 1.64, 1.75, 2.21, 2.72, 3.21, 3.3, 3.06, 3.27, 3.63, 3.52, 3.6, 3.35, 2.63, 3.26, 3.11, 3.11, 3.54, 4.2, 4.59, 4.97, 4.57, 3.85, 3.29, 2.51, 2.37, 2.15, 2.39, 2.9, 2.52, 2.64, 2.38, 2.89, 4.64, 5.07, 5.22, 5.03, 4.49, 4.51, 4.05, 3.58, 4.31], [6.443, 5.97, 5.08, 4.28, 4.33, 4.88, 6.09, 6.993, 7.395, 7.052, 7.124, 7.504, 7.208, 6.86, 6.02, 5.59, 6.62, 7.69, 7.47, 7.11, 6.99, 6.8, 6.73, 6.55, 6.74, 7.44, 5.84, 2.85, 2.2, 2.16, 2.23, 2.55, 2.31, 2.14, 1.37, 1.25, 1.29, 1.71, 1.63, 1.14, 1.2, 0.93, 0, 1.7, 1.95, 1.63, 1.86, 2.16, 2.51, 3.14, 3.21, 2.95, 3.16, 3.62, 3.47, 3.21, 2.8, 2.38, 2.85, 2.84, 2.9, 3.37, 3.99, 4.42, 4.92, 4.52, 3.8, 3.14, 1.88, 1.72, 1.62, 1.98, 2.63, 2.43, 2.31, 2.07, 2.82, 4.65, 5.12, 5.21, 5.126, 4.48, 4.56, 4.04, 3.63, 4.34], [4.96, 4.665, 3.68, 3.24, 3.19, 3.9, 5.21, 5.8, 6.026, 5.646, 5.652, 6.092, 5.719, 5.369, 4.52, 4.07, 5.24, 6.23, 5.99, 5.63, 5.47, 5.24, 5.21, 5.03, 5.24, 5.9, 4.4, 1.57, 1.62, 1.26, 1.01, 1.71, 1.55, 1.6, 2.25, 2.19, 1.99, 1.75, 1.55, 1.16, 1.56, 1.81, 1.7, 0, 0.97, 1.17, 1.6, 1.88, 1.61, 2.0, 2.11, 1.95, 2.2, 2.44, 2.27, 2.19, 2.54, 1.9, 1.79, 1.7, 1.74, 2.13, 2.79, 3.22, 3.7, 3.36, 2.68, 2.22, 1.92, 2.44, 2.32, 3.18, 4.03, 3.89, 3.61, 3.13, 4.12, 6.15, 6.64, 6.83, 6.66, 6.12, 5.98, 5.54, 5.05, 5.74], [4.593, 4.18, 3.27, 2.97, 2.98, 3.503, 4.724, 5.347, 5.579, 5.279, 5.344, 5.72, 5.372, 5.002, 4.15, 3.72, 4.81, 5.88, 5.64, 5.32, 5.16, 4.93, 4.88, 4.7, 4.87, 5.57, 3.97, 1.52, 1.67, 1.25, 1.02, 1.32, 1.38, 1.63, 2.528, 2.5, 2.18, 2.0, 1.72, 1.33, 1.71, 2.08, 1.95, 0.97, 0, 1.0, 1.25, 1.41, 1.18, 1.55, 1.7, 1.7, 1.91, 2.09, 1.96, 2.3, 2.81, 2.15, 2.1, 1.53, 1.33, 1.64, 2.32, 2.79, 3.21, 2.85, 2.19, 1.83, 1.77, 2.73, 2.63, 3.41, 4.16, 4.0, 3.74, 3.34, 4.33, 6.4, 6.83, 7.04, 6.959, 6.31, 6.27, 5.75, 5.32, 5.85], [5.082, 4.709, 3.95, 3.45, 3.6, 4.0, 5.224, 5.809, 6.161, 5.769, 5.91, 6.191, 5.855, 5.507, 4.63, 4.217, 5.35, 6.38, 6.14, 5.8, 5.68, 5.47, 5.4, 5.22, 5.37, 6.07, 4.53, 1.98, 1.69, 1.21, 1.3, 1.7, 1.54, 1.81, 2.18, 2.0, 1.76, 1.78, 1.58, 1.05, 1.35, 1.64, 1.63, 1.17, 1.0, 0, 0.87, 1.21, 1.44, 1.83, 2.02, 2.04, 2.25, 2.59, 2.4, 2.6, 2.91, 2.33, 2.36, 2.01, 1.79, 2.16, 2.82, 3.17, 3.61, 3.31, 2.63, 2.21, 2.01, 2.53, 2.35, 3.03, 3.56, 3.38, 3.1, 2.72, 3.65, 5.7, 6.17, 6.48, 6.43, 5.75, 5.67, 5.17, 4.74, 5.33], [5.049, 4.65, 3.9, 3.42, 3.57, 3.96, 5.097, 5.764, 6.122, 5.79, 5.803, 6.099, 5.811, 5.44, 4.583, 4.17, 5.28, 6.29, 6.05, 5.73, 5.65, 5.44, 5.37, 5.17, 5.34, 6.02, 4.46, 2.17, 1.6, 1.48, 1.49, 1.67, 1.65, 2.06, 2.19, 1.99, 1.71, 1.73, 1.53, 1.24, 1.46, 1.75, 1.86, 1.6, 1.25, 0.87, 0, 0.96, 1.35, 1.82, 1.93, 2.17, 2.36, 2.58, 2.55, 2.99, 3.38, 2.78, 2.77, 2.24, 2.02, 2.15, 2.81, 3.06, 3.48, 3.16, 2.52, 2.36, 2.32, 2.96, 2.76, 3.22, 3.67, 3.43, 3.43, 3.17, 3.68, 5.75, 6.26, 6.55, 6.5, 5.82, 5.72, 5.24, 4.83, 5.42], [4.655, 4.27, 3.42, 2.7, 2.89, 3.32, 4.605, 5.272, 5.62, 5.299, 5.44, 5.741, 5.405, 5.077, 4.24, 3.787, 4.88, 5.89, 5.67, 5.33, 5.21, 5.0, 4.93, 4.73, 4.88, 5.58, 4.04, 2.13, 1.94, 1.64, 1.59, 1.45, 1.55, 1.92, 2.49, 2.51, 2.11, 2.25, 2.05, 1.7, 1.88, 2.21, 2.16, 1.88, 1.41, 1.21, 0.96, 0, 0.85, 1.5, 1.95, 2.09, 2.26, 2.46, 2.53, 3.07, 3.32, 2.92, 2.81, 2.26, 2.02, 2.07, 2.59, 2.86, 3.26, 2.94, 2.6, 2.5, 2.28, 3.04, 2.74, 3.38, 3.99, 3.81, 3.67, 3.43, 4.12, 6.17, 6.64, 6.95, 6.9, 6.22, 6.14, 5.64, 5.25, 5.82], [4.128, 3.658, 2.93, 2.33, 2.5, 2.877, 4.075, 4.728, 5.113, 4.812, 4.911, 5.232, 4.881, 4.51, 3.653, 3.24, 4.33, 5.36, 5.12, 4.8, 4.72, 4.51, 4.44, 4.24, 4.39, 5.07, 3.51, 1.64, 1.91, 1.59, 1.1, 1.0, 1.16, 1.81, 2.98, 2.96, 2.52, 2.46, 2.28, 2.01, 2.37, 2.72, 2.51, 1.61, 1.18, 1.44, 1.35, 0.85, 0, 0.95, 1.36, 1.5, 1.69, 1.89, 1.94, 2.48, 2.93, 2.45, 2.3, 1.75, 1.47, 1.46, 2.0, 2.21, 2.81, 2.49, 2.07, 1.97, 1.87, 2.97, 2.83, 3.55, 4.42, 4.3, 4.0, 3.72, 4.59, 6.68, 7.19, 7.48, 7.43, 6.75, 6.67, 6.19, 5.8, 6.35], [3.455, 3.17, 2.42, 2.08, 2.27, 2.38, 3.514, 4.101, 4.496, 4.18, 4.334, 4.564, 4.247, 3.877, 3.04, 2.59, 3.68, 4.69, 4.45, 4.13, 4.03, 3.82, 3.75, 3.53, 3.68, 4.36, 2.84, 1.59, 2.32, 1.98, 1.37, 1.27, 1.43, 2.2, 3.65, 3.65, 3.17, 2.97, 2.69, 2.46, 2.78, 3.21, 3.14, 2.0, 1.55, 1.83, 1.82, 1.5, 0.95, 0, 0.81, 1.21, 1.44, 1.54, 1.65, 2.21, 3.0, 2.36, 2.07, 1.64, 1.36, 1.13, 1.61, 1.86, 2.24, 1.92, 1.66, 1.66, 2.08, 3.46, 3.36, 4.24, 5.17, 5.03, 4.77, 4.39, 5.32, 7.35, 7.84, 8.15, 8.1, 7.42, 7.36, 6.84, 6.41, 7.06], [3.456, 3.22, 2.47, 2.09, 2.22, 2.39, 3.373, 4.053, 4.468, 4.182, 4.278, 4.536, 4.223, 3.833, 3.05, 2.6, 3.63, 4.64, 4.4, 4.08, 4.017, 3.81, 3.74, 3.52, 3.67, 4.35, 2.89, 1.74, 2.51, 2.13, 1.58, 1.4, 1.52, 2.25, 3.7, 3.68, 3.18, 3.1, 2.78, 2.51, 2.79, 3.3, 3.21, 2.11, 1.7, 2.02, 1.93, 1.95, 1.36, 0.81, 0, 1.14, 1.43, 1.69, 1.72, 2.34, 3.09, 2.51, 2.22, 1.69, 1.45, 1.32, 1.68, 1.89, 2.07, 1.81, 1.45, 1.51, 2.21, 3.47, 3.45, 4.35, 5.3, 5.12, 4.86, 4.5, 5.41, 7.42, 7.93, 8.2, 8.15, 7.47, 7.37, 6.91, 6.48, 7.13], [3.814, 3.292, 2.59, 2.19, 2.32, 2.62, 3.647, 4.425, 4.807, 4.523, 4.455, 4.738, 4.438, 4.079, 3.262, 2.869, 3.87, 4.92, 4.68, 4.36, 4.4, 4.19, 4.12, 3.9, 4.05, 4.67, 3.13, 1.58, 2.15, 1.95, 1.28, 1.22, 1.38, 2.01, 3.46, 3.44, 2.88, 2.64, 2.42, 2.15, 2.63, 3.06, 2.95, 1.95, 1.7, 2.04, 2.17, 2.09, 1.5, 1.21, 1.14, 0, 0.75, 1.13, 1.3, 1.56, 2.61, 1.95, 1.62, 1.37, 1.15, 1.04, 1.52, 1.79, 2.31, 2.17, 1.85, 1.45, 1.75, 3.19, 3.13, 3.97, 4.94, 4.76, 4.46, 4.14, 5.05, 7.1, 7.67, 7.92, 7.87, 7.19, 7.17, 6.67, 6.26, 6.85], [3.713, 3.208, 2.46, 2.04, 2.17, 2.66, 3.697, 4.377, 4.698, 4.41, 4.381, 4.725, 4.366, 4.043, 3.183, 2.83, 3.84, 4.89, 4.65, 4.33, 4.27, 4.06, 3.99, 3.77, 3.92, 4.6, 3.04, 1.77, 2.4, 2.18, 1.51, 1.47, 1.55, 2.26, 3.63, 3.55, 3.01, 2.67, 2.59, 2.46, 2.86, 3.27, 3.16, 2.2, 1.91, 2.25, 2.36, 2.26, 1.69, 1.44, 1.43, 0.75, 0, 0.72, 0.93, 1.39, 2.58, 1.84, 1.45, 1.28, 1.12, 1.13, 1.43, 1.76, 2.4, 2.3, 1.92, 1.4, 1.76, 3.3, 3.22, 4.02, 4.91, 4.77, 4.43, 4.11, 5.08, 7.19, 7.72, 7.95, 7.9, 7.22, 7.2, 6.74, 6.33, 6.86], [3.385, 2.989, 2.22, 2.18, 2.27, 2.66, 3.68, 4.16, 4.399, 4.103, 4.111, 4.432, 4.026, 3.674, 2.801, 2.399, 3.48, 4.53, 4.29, 3.97, 3.91, 3.7, 3.63, 3.41, 3.56, 4.18, 2.7, 1.79, 2.44, 2.26, 1.87, 1.69, 1.83, 2.7, 3.99, 3.93, 3.35, 2.89, 2.77, 2.68, 3.18, 3.63, 3.62, 2.44, 2.09, 2.59, 2.58, 2.46, 1.89, 1.54, 1.69, 1.13, 0.72, 0, 0.71, 1.25, 2.62, 1.88, 1.49, 1.38, 1.26, 1.09, 1.35, 1.76, 2.24, 2.14, 1.78, 1.56, 2.16, 3.7, 3.58, 4.4, 5.15, 5.05, 4.59, 4.21, 5.34, 7.55, 8.08, 8.33, 8.26, 7.6, 7.58, 7.06, 6.63, 7.14], [3.472, 3.136, 2.43, 2.37, 2.42, 2.95, 3.93, 4.39, 4.635, 4.209, 4.216, 4.56, 4.165, 3.79, 2.934, 2.58, 3.59, 4.64, 4.4, 4.08, 4.04, 3.83, 3.76, 3.54, 3.69, 4.33, 2.85, 1.64, 2.31, 2.07, 1.8, 1.88, 1.78, 2.67, 3.96, 3.82, 3.26, 2.66, 2.48, 2.53, 3.05, 3.52, 3.47, 2.27, 1.96, 2.4, 2.55, 2.53, 1.94, 1.65, 1.72, 1.3, 0.93, 0.71, 0, 1.0, 2.39, 1.67, 1.26, 1.13, 1.03, 1.1, 1.28, 1.73, 2.25, 2.17, 1.87, 1.49, 2.15, 3.53, 3.45, 4.23, 5.0, 4.9, 4.48, 4.02, 5.19, 7.38, 7.93, 8.2, 8.15, 7.47, 7.41, 6.93, 6.5, 7.03], [3.797, 3.453, 2.89, 2.89, 2.86, 3.41, 4.43, 4.873, 5.043, 4.606, 4.526, 4.86, 4.458, 3.988, 3.231, 2.92, 3.83, 4.8, 4.56, 4.24, 4.26, 4.05, 3.98, 3.76, 3.91, 4.57, 3.13, 1.78, 2.19, 2.11, 2.0, 2.36, 2.22, 2.81, 3.78, 3.64, 3.22, 2.42, 2.22, 2.53, 3.29, 3.6, 3.21, 2.19, 2.3, 2.6, 2.99, 3.07, 2.48, 2.21, 2.34, 1.56, 1.39, 1.25, 1.0, 0, 2.09, 1.41, 0.84, 1.17, 1.27, 1.34, 1.52, 1.99, 2.61, 2.57, 2.27, 1.87, 2.03, 3.35, 3.25, 4.05, 4.84, 4.7, 4.3, 3.76, 4.95, 7.18, 7.75, 8.04, 7.99, 7.31, 7.23, 6.75, 6.32, 6.87], [5.662, 5.343, 4.594, 3.96, 4.07, 4.884, 6.111, 6.594, 6.838, 6.381, 6.341, 6.749, 6.285, 5.867, 5.033, 4.6, 5.72, 6.71, 6.47, 6.11, 6.07, 5.9, 5.81, 5.59, 5.78, 6.38, 4.84, 2.71, 2.92, 3.02, 2.57, 2.91, 2.67, 2.92, 3.55, 3.41, 2.99, 2.65, 2.77, 2.92, 3.32, 3.35, 2.8, 2.54, 2.81, 2.91, 3.38, 3.32, 2.93, 3.0, 3.09, 2.61, 2.58, 2.62, 2.39, 2.09, 0, 1.24, 1.67, 1.82, 2.06, 2.41, 2.75, 3.2, 3.8, 3.58, 3.04, 2.52, 1.94, 2.28, 1.86, 2.28, 2.97, 2.89, 2.37, 1.95, 3.1, 5.33, 5.88, 6.17, 6.12, 5.46, 5.38, 4.88, 4.43, 5.0], [4.833, 4.483, 3.6, 3.28, 3.37, 4.047, 5.297, 5.712, 5.959, 5.542, 5.633, 5.989, 5.627, 5.254, 4.374, 3.944, 5.08, 6.11, 5.87, 5.55, 5.384, 5.18, 5.11, 4.89, 5.04, 5.76, 4.22, 2.13, 2.4, 2.4, 1.93, 2.29, 2.09, 2.52, 3.17, 2.85, 2.59, 2.13, 2.15, 2.36, 2.64, 2.63, 2.38, 1.9, 2.15, 2.33, 2.78, 2.92, 2.45, 2.36, 2.51, 1.95, 1.84, 1.88, 1.67, 1.41, 1.24, 0, 0.89, 1.32, 1.4, 1.73, 2.25, 2.72, 3.4, 3.22, 2.68, 2.08, 1.8, 2.42, 2.1, 2.98, 3.73, 3.57, 3.21, 2.73, 3.88, 6.07, 6.48, 6.77, 6.68, 6.06, 6.02, 5.46, 5.03, 5.58], [4.228, 3.958, 3.19, 2.77, 2.8, 3.57, 4.847, 5.302, 5.372, 4.912, 4.966, 5.354, 5.005, 4.522, 3.691, 3.3, 4.47, 5.4, 5.14, 4.82, 4.66, 4.41, 4.34, 4.14, 4.31, 5.03, 3.55, 1.88, 2.33, 2.23, 1.9, 2.26, 2.08, 2.41, 3.32, 3.2, 2.94, 2.28, 2.22, 2.49, 3.07, 3.26, 2.85, 1.79, 2.1, 2.36, 2.77, 2.81, 2.3, 2.07, 2.22, 1.62, 1.45, 1.49, 1.26, 0.84, 1.67, 0.89, 0, 1.03, 1.13, 1.36, 1.72, 2.17, 2.93, 2.79, 2.39, 1.77, 1.79, 2.97, 2.81, 3.69, 4.42, 4.3, 3.94, 3.42, 4.51, 6.72, 7.23, 7.54, 7.45, 6.83, 6.73, 6.19, 5.74, 6.33], [4.117, 3.851, 3.16, 2.82, 2.87, 3.59, 4.797, 5.217, 5.425, 4.95, 4.925, 5.29, 4.902, 4.42, 3.621, 3.27, 4.34, 5.27, 5.03, 4.71, 4.63, 4.42, 4.35, 4.13, 4.3, 4.96, 3.48, 1.43, 1.88, 1.76, 1.37, 1.73, 1.65, 2.04, 3.21, 3.19, 2.79, 2.07, 2.07, 2.22, 2.76, 3.11, 2.84, 1.7, 1.53, 2.01, 2.24, 2.26, 1.75, 1.64, 1.69, 1.37, 1.28, 1.38, 1.13, 1.17, 1.82, 1.32, 1.03, 0, 0.58, 0.87, 1.41, 1.9, 2.4, 2.24, 1.68, 1.28, 1.58, 2.96, 2.86, 3.68, 4.47, 4.33, 3.95, 3.43, 4.58, 6.75, 7.26, 7.57, 7.52, 6.84, 6.72, 6.26, 5.79, 6.4], [3.951, 3.568, 2.86, 2.6, 2.69, 3.35, 4.397, 4.895, 5.179, 4.705, 4.714, 5.058, 4.696, 4.283, 3.461, 3.068, 4.08, 5.13, 4.89, 4.57, 4.527, 4.32, 4.25, 4.03, 4.18, 4.84, 3.28, 1.31, 1.78, 1.64, 1.17, 1.43, 1.37, 2.0, 3.45, 3.35, 2.77, 2.21, 2.07, 2.16, 2.68, 3.11, 2.9, 1.74, 1.33, 1.79, 2.02, 2.02, 1.47, 1.36, 1.45, 1.15, 1.12, 1.26, 1.03, 1.27, 2.06, 1.4, 1.13, 0.58, 0, 0.63, 1.23, 1.68, 2.24, 2.06, 1.56, 1.16, 1.64, 3.1, 3.02, 3.8, 4.61, 4.43, 4.05, 3.53, 4.78, 6.95, 7.48, 7.71, 7.66, 6.98, 6.98, 6.48, 6.05, 6.56], [3.53, 3.161, 2.49, 2.23, 2.34, 2.98, 4.007, 4.507, 4.752, 4.317, 4.304, 4.637, 4.258, 3.831, 3.031, 2.68, 3.61, 4.64, 4.4, 4.08, 4.06, 3.85, 3.78, 3.56, 3.71, 4.35, 2.81, 1.4, 2.03, 1.81, 1.44, 1.42, 1.52, 2.39, 3.86, 3.8, 3.22, 2.5, 2.46, 2.53, 3.11, 3.54, 3.37, 2.13, 1.64, 2.16, 2.15, 2.07, 1.46, 1.13, 1.32, 1.04, 1.13, 1.09, 1.1, 1.34, 2.41, 1.73, 1.36, 0.87, 0.63, 0, 0.8, 1.31, 1.89, 1.73, 1.35, 1.13, 2.01, 3.55, 3.47, 4.23, 5.04, 4.9, 4.52, 4.02, 5.21, 7.38, 7.95, 8.2, 8.15, 7.47, 7.43, 6.95, 6.52, 7.03], [3.294, 2.94, 2.33, 2.11, 2.2, 2.82, 3.867, 4.365, 4.535, 4.115, 4.037, 4.286, 3.735, 3.234, 2.614, 2.24, 3.07, 4.08, 3.84, 3.48, 3.6, 3.41, 3.34, 3.1, 3.29, 3.85, 2.31, 2.04, 2.45, 2.47, 2.12, 2.08, 2.16, 3.03, 4.48, 4.44, 3.8, 3.0, 3.08, 3.17, 3.81, 4.2, 3.99, 2.79, 2.32, 2.82, 2.81, 2.59, 2.0, 1.61, 1.68, 1.52, 1.43, 1.35, 1.28, 1.52, 2.75, 2.25, 1.72, 1.41, 1.23, 0.8, 0, 0.83, 1.51, 1.47, 1.39, 1.21, 2.59, 4.17, 4.09, 4.87, 5.64, 5.5, 4.92, 4.44, 5.75, 8.02, 8.59, 8.82, 8.77, 8.09, 8.07, 7.59, 7.16, 7.67], [3.301, 2.97, 2.4, 2.2, 2.35, 2.86, 3.857, 4.372, 4.542, 4.133, 4.087, 4.326, 3.711, 3.201, 2.68, 2.25, 2.96, 3.91, 3.67, 3.29, 3.51, 3.28, 3.19, 2.93, 3.1, 3.66, 2.34, 2.39, 2.86, 2.84, 2.53, 2.35, 2.55, 3.44, 4.91, 4.87, 4.15, 3.35, 3.45, 3.58, 4.14, 4.59, 4.42, 3.22, 2.79, 3.17, 3.06, 2.86, 2.21, 1.86, 1.89, 1.79, 1.76, 1.76, 1.73, 1.99, 3.2, 2.72, 2.17, 1.9, 1.68, 1.31, 0.83, 0, 1.16, 1.36, 1.54, 1.54, 3.0, 4.6, 4.54, 5.32, 6.09, 5.93, 5.31, 4.85, 6.18, 8.45, 9.02, 9.23, 9.2, 8.5, 8.5, 8.02, 7.59, 8.1], [2.96, 2.87, 2.5, 2.7, 2.81, 2.84, 3.686, 4.139, 4.228, 3.919, 3.86, 3.996, 3.33, 2.84, 2.42, 2.13, 2.64, 3.57, 3.33, 2.93, 3.13, 2.94, 2.89, 2.61, 2.8, 3.36, 2.16, 2.59, 3.16, 3.04, 3.03, 2.79, 3.11, 3.98, 5.41, 5.33, 4.59, 3.69, 3.67, 3.9, 4.32, 4.97, 4.92, 3.7, 3.21, 3.61, 3.48, 3.26, 2.81, 2.24, 2.07, 2.31, 2.4, 2.24, 2.25, 2.61, 3.8, 3.4, 2.93, 2.4, 2.24, 1.89, 1.51, 1.16, 0, 1.0, 1.32, 1.94, 3.52, 5.06, 5.02, 5.78, 6.55, 6.41, 5.79, 5.33, 6.636, 8.915, 9.5, 9.71, 9.68, 8.98, 8.98, 8.5, 8.07, 8.58], [3.1, 3.09, 2.66, 2.7, 2.85, 3.0, 3.823, 4.286, 4.355, 4.068, 4.091, 4.171, 3.35, 2.88, 2.4, 2.21, 2.8, 3.59, 3.33, 2.97, 3.09, 2.94, 2.87, 2.71, 2.86, 3.42, 1.9, 2.31, 2.92, 2.78, 2.75, 2.59, 2.81, 3.72, 5.05, 4.99, 4.23, 3.31, 3.35, 3.52, 3.92, 4.57, 4.52, 3.36, 2.85, 3.31, 3.16, 2.94, 2.49, 1.92, 1.81, 2.17, 2.3, 2.14, 2.17, 2.57, 3.58, 3.22, 2.79, 2.24, 2.06, 1.73, 1.47, 1.36, 1.0, 0, 0.94, 1.68, 3.16, 4.72, 4.74, 5.46, 6.23, 6.09, 5.47, 5.01, 6.34, 8.595, 9.18, 9.39, 9.36, 8.66, 8.66, 8.18, 7.75, 8.26], [3.533, 3.41, 2.96, 2.84, 2.99, 3.34, 4.283, 4.739, 4.815, 4.504, 4.428, 4.609, 3.994, 3.584, 2.864, 2.65, 3.4, 4.33, 4.09, 3.75, 3.79, 3.6, 3.51, 3.31, 3.52, 4.1, 2.58, 1.69, 2.26, 2.1, 2.09, 2.05, 2.35, 3.0, 4.25, 4.19, 3.47, 2.61, 2.65, 2.82, 3.2, 3.85, 3.8, 2.68, 2.19, 2.63, 2.52, 2.6, 2.07, 1.66, 1.45, 1.85, 1.92, 1.78, 1.87, 2.27, 3.04, 2.68, 2.39, 1.68, 1.56, 1.35, 1.39, 1.54, 1.32, 0.94, 0, 1.06, 2.4, 3.92, 3.98, 4.64, 5.41, 5.25, 4.67, 4.17, 5.52, 7.77, 8.34, 8.55, 8.52, 7.82, 7.82, 7.34, 6.91, 7.42], [4.034, 3.628, 2.98, 2.66, 2.77, 3.467, 4.517, 5.015, 5.185, 4.787, 4.769, 5.087, 4.618, 4.227, 3.438, 3.07, 3.98, 5.07, 4.83, 4.47, 4.45, 4.28, 4.19, 3.97, 4.16, 4.8, 3.22, 1.91, 2.18, 2.12, 1.79, 2.03, 2.11, 2.5, 3.57, 3.53, 2.81, 2.39, 2.43, 2.44, 2.9, 3.29, 3.14, 2.22, 1.83, 2.21, 2.36, 2.5, 1.97, 1.66, 1.51, 1.45, 1.4, 1.56, 1.49, 1.87, 2.52, 2.08, 1.77, 1.28, 1.16, 1.13, 1.21, 1.54, 1.94, 1.68, 1.06, 0, 1.64, 3.2, 3.34, 3.96, 4.69, 4.53, 4.01, 3.53, 4.84, 7.07, 7.62, 7.83, 7.8, 7.1, 7.1, 6.62, 6.19, 6.7], [5.336, 4.808, 4.013, 3.34, 3.49, 4.067, 5.168, 5.908, 6.294, 5.968, 5.968, 6.348, 6.003, 5.68, 4.806, 4.413, 5.48, 6.53, 6.29, 5.97, 5.91, 5.7, 5.63, 5.41, 5.56, 6.22, 4.66, 2.01, 2.42, 2.22, 1.73, 1.95, 1.91, 1.92, 2.41, 2.39, 2.13, 2.25, 2.13, 2.02, 2.36, 2.51, 1.88, 1.92, 1.77, 2.01, 2.32, 2.28, 1.87, 2.08, 2.21, 1.75, 1.76, 2.16, 2.15, 2.03, 1.94, 1.8, 1.79, 1.58, 1.64, 2.01, 2.59, 3.0, 3.52, 3.16, 2.4, 1.64, 0, 1.68, 1.8, 2.46, 3.29, 3.17, 2.85, 2.57, 3.5, 5.57, 6.1, 6.31, 6.28, 5.58, 5.58, 5.12, 4.73, 5.26], [6.764, 6.305, 5.427, 4.34, 4.491, 5.244, 6.48, 7.361, 7.759, 7.41, 7.464, 7.844, 7.548, 7.212, 6.34, 5.947, 7.02, 8.07, 7.83, 7.51, 7.404, 7.2, 7.13, 6.91, 7.06, 7.76, 6.2, 3.27, 3.18, 2.98, 2.65, 2.77, 2.53, 2.06, 2.07, 2.29, 2.23, 2.59, 2.65, 2.38, 2.44, 2.37, 1.72, 2.44, 2.73, 2.53, 2.96, 3.04, 2.97, 3.46, 3.47, 3.19, 3.3, 3.7, 3.53, 3.35, 2.28, 2.42, 2.97, 2.96, 3.1, 3.55, 4.17, 4.6, 5.06, 4.72, 3.92, 3.2, 1.68, 0, 0.96, 1.6, 2.47, 2.55, 2.23, 2.23, 2.86, 4.21, 4.68, 4.79, 4.72, 4.04, 4.02, 3.76, 3.41, 3.98], [6.707, 6.274, 5.318, 4.26, 4.442, 5.144, 6.446, 7.29, 7.653, 7.319, 7.416, 7.796, 7.476, 7.163, 6.266, 5.864, 6.98, 8.03, 7.79, 7.47, 7.302, 7.1, 7.03, 6.81, 6.96, 7.68, 6.12, 3.21, 2.96, 2.74, 2.59, 2.73, 2.49, 2.0, 2.05, 2.05, 2.05, 2.31, 2.43, 2.22, 2.32, 2.15, 1.62, 2.32, 2.63, 2.35, 2.76, 2.74, 2.83, 3.36, 3.45, 3.13, 3.22, 3.58, 3.45, 3.25, 1.86, 2.1, 2.81, 2.86, 3.02, 3.47, 4.09, 4.54, 5.02, 4.74, 3.98, 3.34, 1.8, 0.96, 0, 1.2, 2.23, 2.25, 1.93, 1.91, 2.58, 4.23, 4.66, 4.85, 4.76, 4.14, 4.14, 3.7, 3.37, 3.96], [7.627, 7.114, 6.324, 5.32, 5.508, 6.17, 7.309, 8.167, 8.608, 8.274, 8.265, 8.633, 8.323, 8.001, 7.146, 6.753, 7.8, 8.85, 8.61, 8.29, 8.25, 8.04, 7.97, 7.75, 7.9, 8.56, 7.0, 4.03, 3.28, 3.38, 3.505, 3.73, 3.47, 3.08, 2.53, 2.23, 2.13, 2.65, 2.79, 2.64, 2.86, 2.39, 1.98, 3.18, 3.41, 3.03, 3.22, 3.38, 3.55, 4.24, 4.35, 3.97, 4.02, 4.4, 4.23, 4.05, 2.28, 2.98, 3.69, 3.68, 3.8, 4.23, 4.87, 5.32, 5.78, 5.46, 4.64, 3.96, 2.46, 1.6, 1.2, 0, 1.15, 1.15, 1.17, 1.43, 1.76, 3.17, 3.76, 3.99, 3.94, 3.26, 3.24, 2.84, 2.49, 3.1], [8.443, 7.935, 7.158, 6.168, 6.358, 7.2, 8.368, 9.069, 9.425, 9.084, 9.064, 9.444, 9.099, 8.77, 7.899, 7.506, 8.57, 9.62, 9.38, 9.06, 9.02, 8.81, 8.74, 8.52, 8.67, 9.31, 7.75, 4.86, 3.95, 4.11, 4.4, 4.74, 4.52, 4.19, 3.16, 2.66, 2.58, 3.22, 3.34, 3.37, 3.35, 2.9, 2.63, 4.03, 4.16, 3.56, 3.67, 3.99, 4.42, 5.17, 5.3, 4.94, 4.91, 5.15, 5.0, 4.84, 2.97, 3.73, 4.42, 4.47, 4.61, 5.04, 5.64, 6.09, 6.55, 6.23, 5.41, 4.69, 3.29, 2.47, 2.23, 1.15, 0, 0.74, 1.06, 1.56, 1.49, 2.54, 2.97, 3.22, 3.17, 2.57, 2.53, 2.01, 1.7, 2.11], [8.303, 7.789, 7.015, 6.17, 6.3, 7.091, 8.194, 8.935, 9.345, 8.97, 8.964, 9.324, 8.99, 8.654, 7.816, 7.423, 8.45, 9.5, 9.26, 8.94, 8.92, 8.71, 8.64, 8.42, 8.57, 9.23, 7.67, 4.72, 3.79, 3.95, 4.238, 4.62, 4.4, 4.17, 2.98, 2.44, 2.32, 3.02, 3.1, 3.17, 3.03, 2.52, 2.43, 3.89, 4.0, 3.38, 3.43, 3.81, 4.3, 5.03, 5.12, 4.76, 4.77, 5.05, 4.9, 4.7, 2.89, 3.57, 4.3, 4.33, 4.43, 4.9, 5.5, 5.93, 6.41, 6.09, 5.25, 4.53, 3.17, 2.55, 2.25, 1.15, 0.74, 0, 0.84, 1.24, 1.13, 2.6, 3.13, 3.36, 3.29, 2.73, 2.73, 2.19, 1.84, 2.23], [7.938, 7.407, 6.678, 5.79, 5.96, 6.845, 7.988, 8.626, 8.951, 8.596, 8.55, 8.896, 8.448, 8.094, 7.314, 6.901, 7.87, 8.96, 8.68, 8.36, 8.44, 8.25, 8.16, 7.94, 8.13, 8.69, 7.09, 4.34, 3.49, 3.59, 3.94, 4.36, 4.2, 3.87, 2.94, 2.66, 2.48, 2.9, 3.08, 2.93, 3.01, 2.64, 2.31, 3.61, 3.74, 3.1, 3.43, 3.67, 4.0, 4.77, 4.86, 4.46, 4.43, 4.59, 4.48, 4.3, 2.37, 3.21, 3.94, 3.95, 4.05, 4.52, 4.92, 5.31, 5.79, 5.47, 4.67, 4.01, 2.85, 2.23, 1.93, 1.17, 1.06, 0.84, 0, 0.7, 1.19, 3.18, 3.73, 3.92, 3.89, 3.27, 3.29, 2.77, 2.36, 2.81], [7.432, 7.033, 6.258, 5.57, 5.7, 6.531, 7.694, 8.275, 8.562, 8.099, 8.036, 8.416, 8.028, 7.616, 6.823, 6.398, 7.43, 8.46, 8.22, 7.9, 7.94, 7.73, 7.66, 7.44, 7.61, 8.19, 6.63, 3.88, 3.03, 3.13, 3.48, 4.1, 3.92, 3.71, 2.84, 2.5, 2.26, 2.46, 2.7, 2.61, 2.75, 2.38, 2.07, 3.13, 3.34, 2.72, 3.17, 3.43, 3.72, 4.39, 4.5, 4.14, 4.11, 4.21, 4.02, 3.76, 1.95, 2.73, 3.42, 3.43, 3.53, 4.02, 4.44, 4.85, 5.33, 5.01, 4.17, 3.53, 2.57, 2.23, 1.91, 1.43, 1.56, 1.24, 0.7, 0, 1.45, 3.