[[0, 1.92, 2.33, 3.13, 4.22, 4.29, 4.69, 6.82, 8.473, 8.878, 9.607, 9.803, 9.652, 9.981, 10.073, 11.043, 11.28, 11.368, 10.993, 10.95, 10.854, 10.554, 10.479, 10.47, 10.596, 10.853, 10.693, 10.343, 10.637, 11.151, 10.997, 10.951, 10.981, 9.93, 8.059, 6.82, 6.15, 4.92, 3.7, 4.01, 3.71, 2.79, 2.93, 2.91, 2.85, 2.35, 1.61, 2.11, 2.01, 2.06, 3.02, 2.23, 1.53, 1.57, 1.76, 2.07, 2.01, 2.17, 2.86, 3.2, 2.8, 3.09, 4.09, 4.87, 4.69, 5.11, 6.19, 5.35, 3.06, 1.47, 1.21, 1.18, 1.38, 1.6, 1.49, 2.6, 3.8, 3.24, 2.96, 2.98, 3.14, 2.79, 2.28, 2.56, 2.7, 2.68], [1.92, 0, 0.89, 1.71, 3.0, 3.13, 3.67, 5.72, 7.35, 7.82, 8.55, 8.715, 8.498, 8.904, 9.001, 9.871, 10.039, 10.134, 9.714, 9.658, 9.469, 9.159, 9.134, 9.241, 9.234, 9.678, 9.604, 9.33, 9.754, 10.134, 10.074, 10.054, 10.064, 9.03, 7.78, 6.5, 5.99, 5.12, 4.56, 4.95, 4.71, 4.47, 4.77, 4.61, 4.61, 4.17, 3.31, 3.27, 3.07, 3.36, 4.64, 3.97, 3.23, 3.27, 3.44, 3.59, 3.51, 3.85, 4.52, 4.9, 4.46, 4.69, 5.77, 6.35, 6.15, 6.55, 7.63, 6.83, 4.64, 3.15, 2.67, 2.6, 2.66, 2.86, 3.13, 3.0, 3.76, 4.0, 3.8, 3.82, 3.66, 3.27, 3.04, 3.24, 3.62, 3.56], [2.33, 0.89, 0, 1.4, 2.75, 2.9, 3.44, 5.503, 7.156, 7.59, 8.319, 8.55, 8.29, 8.651, 8.838, 9.695, 9.898, 9.958, 9.535, 9.403, 9.264, 8.874, 8.888, 8.965, 9.038, 9.465, 9.434, 9.095, 9.461, 9.901, 9.821, 9.801, 9.831, 8.83, 7.95, 6.75, 6.22, 5.33, 4.81, 5.24, 5.02, 4.74, 5.1, 4.88, 4.98, 4.58, 3.78, 3.74, 3.46, 3.87, 5.11, 4.48, 3.7, 3.66, 3.73, 3.9, 3.88, 4.2, 4.91, 5.23, 4.67, 4.96, 6.02, 6.62, 6.4, 6.82, 7.9, 7.1, 4.91, 3.56, 2.98, 2.93, 2.93, 3.11, 3.32, 3.35, 3.91, 4.27, 4.05, 4.11, 3.95, 3.46, 3.33, 3.57, 3.89, 3.87], [3.13, 1.71, 1.4, 0, 1.53, 1.7, 2.54, 4.812, 6.485, 6.838, 7.628, 7.921, 7.687, 7.858, 8.087, 8.877, 9.192, 9.257, 8.825, 8.674, 8.574, 8.257, 8.257, 8.307, 8.317, 8.722, 8.635, 8.324, 8.594, 9.094, 8.974, 8.868, 8.844, 7.85, 6.89, 5.89, 5.6, 4.97, 4.79, 5.28, 4.9, 5.1, 5.8, 5.76, 5.88, 5.32, 4.6, 4.68, 4.36, 4.81, 6.03, 5.3, 4.52, 4.38, 4.41, 4.5, 4.66, 4.8, 5.51, 5.83, 5.25, 5.62, 6.7, 7.12, 6.9, 7.32, 8.4, 7.66, 5.45, 4.12, 3.84, 3.65, 3.59, 3.61, 3.82, 3.21, 3.65, 4.09, 3.97, 4.07, 3.85, 3.42, 3.41, 3.55, 3.77, 3.75], [4.22, 3.0, 2.75, 1.53, 0, 0.67, 1.45, 3.54, 5.23, 5.6, 6.49, 6.7, 6.44, 6.7, 6.92, 7.57, 7.911, 7.984, 7.561, 7.54, 7.43, 7.135, 7.129, 7.203, 7.112, 7.432, 7.4, 7.199, 7.409, 7.807, 7.77, 7.67, 7.557, 7.16, 6.46, 5.64, 5.47, 5.16, 5.28, 5.85, 5.37, 5.99, 6.83, 6.85, 7.01, 6.39, 5.65, 5.51, 5.15, 5.74, 7.06, 6.27, 5.51, 5.43, 5.36, 5.45, 5.63, 5.85, 6.62, 7.0, 6.44, 6.83, 7.93, 8.33, 8.15, 8.47, 9.55, 8.87, 6.68, 5.23, 4.97, 4.8, 4.66, 4.64, 4.89, 4.06, 4.08, 4.52, 4.44, 4.52, 4.26, 3.81, 3.86, 3.92, 4.14, 4.16], [4.29, 3.13, 2.9, 1.7, 0.67, 0, 1.24, 3.35, 5.04, 5.35, 6.36, 6.55, 6.31, 6.45, 6.73, 7.338, 7.65, 7.74, 7.36, 7.342, 7.214, 6.951, 6.902, 6.916, 6.945, 7.225, 7.215, 7.01, 7.239, 7.58, 7.58, 7.5, 7.37, 7.23, 6.59, 5.93, 5.82, 5.45, 5.49, 6.04, 5.54, 6.02, 6.82, 6.88, 7.02, 6.42, 5.68, 5.4, 5.06, 5.67, 7.11, 6.24, 5.48, 5.46, 5.37, 5.42, 5.66, 5.98, 6.75, 7.11, 6.57, 6.94, 8.08, 8.54, 8.36, 8.68, 9.76, 9.12, 6.81, 5.34, 5.04, 4.89, 4.75, 4.83, 5.02, 4.19, 4.25, 4.63, 4.63, 4.71, 4.43, 3.98, 3.93, 4.03, 4.29, 4.25], [4.69, 3.67, 3.44, 2.54, 1.45, 1.24, 0, 2.45, 4.02, 4.43, 5.28, 5.65, 5.39, 5.47, 5.77, 6.573, 6.848, 6.975, 6.614, 6.48, 6.428, 6.165, 6.13, 6.035, 6.194, 6.46, 6.295, 6.03, 6.28, 6.7, 6.68, 6.58, 6.51, 6.29, 5.99, 5.47, 5.46, 5.29, 5.71, 6.32, 5.74, 6.34, 7.02, 7.08, 7.18, 6.68, 5.84, 5.52, 5.1, 5.73, 7.31, 6.36, 5.72, 5.8, 5.65, 5.66, 6.0, 6.4, 7.27, 7.61, 7.13, 7.56, 8.6, 9.44, 9.26, 9.64, 10.68, 9.94, 7.57, 5.82, 5.38, 5.31, 5.21, 5.39, 5.5, 4.91, 4.49, 4.73, 4.81, 4.87, 4.43, 3.6, 3.51, 3.55, 3.87, 4.15], [6.82, 5.72, 5.503, 4.812, 3.54, 3.35, 2.45, 0, 1.87, 2.42, 3.35, 3.58, 3.4, 3.64, 3.84, 4.488, 4.695, 4.813, 4.54, 4.54, 4.38, 4.0, 4.02, 3.979, 4.16, 4.435, 4.219, 3.9, 4.27, 4.75, 4.81, 4.77, 4.68, 4.74, 4.4, 4.36, 4.95, 5.62, 7.38, 8.15, 7.43, 8.37, 8.89, 8.89, 9.05, 8.69, 7.75, 7.29, 6.87, 7.54, 9.2, 8.41, 7.73, 7.81, 7.66, 7.69, 7.87, 8.51, 9.5, 9.8, 9.34, 9.77, 10.81, 11.61, 11.45, 11.91, 12.93, 12.11, 9.8, 8.03, 7.49, 7.48, 7.42, 7.6, 7.77, 7.12, 6.645, 6.68, 6.625, 6.542, 5.873, 5.17, 5.32, 5.26, 5.68, 6.08], [8.473, 7.35, 7.156, 6.485, 5.23, 5.04, 4.02, 1.87, 0, 1.07, 1.88, 2.23, 2.01, 2.09, 2.33, 2.981, 3.173, 3.31, 3.07, 3.11, 2.89, 2.59, 2.63, 2.646, 2.75, 2.97, 2.806, 2.53, 2.92, 3.4, 3.48, 3.44, 3.33, 3.39, 3.49, 4.39, 5.64, 6.99, 8.93, 9.756, 9.02, 9.96, 10.4, 10.44, 10.62, 10.24, 9.3, 8.84, 8.38, 9.07, 10.75, 10.06, 9.36, 9.492, 9.27, 9.26, 9.38, 10.02, 11.11, 11.39, 10.987, 11.417, 12.457, 13.289, 13.109, 13.571, 14.612, 13.786, 11.444, 9.677, 9.12, 9.142, 9.082, 9.244, 9.4, 8.776, 8.298, 8.344, 8.298, 8.215, 7.532, 6.846, 6.967, 6.87, 7.31, 7.73], [8.878, 7.82, 7.59, 6.838, 5.6, 5.35, 4.43, 2.42, 1.07, 0, 1.25, 1.56, 1.34, 1.48, 1.7, 2.325, 2.706, 2.807, 2.51, 2.54, 2.42, 2.1, 2.06, 1.999, 2.133, 2.375, 2.02, 1.76, 2.09, 2.47, 2.51, 2.45, 2.4, 2.5, 3.04, 4.48, 5.97, 7.34, 9.3, 10.112, 9.37, 10.19, 10.87, 10.93, 11.09, 10.69, 9.71, 9.41, 8.97, 9.62, 11.28, 10.41, 9.77, 9.89, 9.58, 9.59, 9.87, 10.448, 11.352, 11.672, 11.215, 11.622, 12.768, 13.596, 13.43, 13.915, 14.944, 14.113, 11.737, 9.902, 9.43, 9.515, 9.478, 9.615, 9.762, 9.097, 8.636, 8.648, 8.633, 8.556, 7.899, 7.209, 7.38, 7.2, 7.58, 8.053], [9.607, 8.55, 8.319, 7.628, 6.49, 6.36, 5.28, 3.35, 1.88, 1.25, 0, 0.75, 0.85, 1.05, 1.03, 1.9, 2.16, 2.15, 1.85, 1.83, 1.75, 1.47, 1.49, 1.41, 1.57, 1.79, 1.37, 1.21, 1.52, 1.84, 1.84, 1.8, 1.77, 1.81, 3.05, 5.13, 6.7, 8.089, 10.061, 10.89, 10.151, 10.98, 11.58, 11.64, 11.8, 11.44, 10.46, 10.1, 9.7, 10.37, 11.97, 11.16, 10.5, 10.64, 10.31, 10.34, 10.54, 11.178, 12.176, 12.442, 11.97, 12.423, 13.52, 14.386, 14.22, 14.714, 15.734, 14.903, 12.553, 10.686, 10.226, 10.279, 10.224, 10.365, 10.569, 9.887, 9.426, 9.451, 9.423, 9.346, 8.689, 7.959, 8.09, 7.95, 8.39, 8.823], [9.803, 8.715, 8.55, 7.921, 6.7, 6.55, 5.65, 3.58, 2.23, 1.56, 0.75, 0, 0.66, 1.1, 0.86, 1.75, 1.85, 1.76, 1.42, 1.5, 1.46, 1.26, 1.12, 1.16, 1.28, 1.42, 1.3, 1.28, 1.49, 1.73, 1.71, 1.69, 1.68, 1.82, 3.32, 5.309, 6.867, 8.251, 10.234, 11.075, 10.367, 11.35, 11.957, 11.94, 12.1, 11.734, 10.774, 10.39, 9.97, 10.52, 12.273, 11.417, 10.728, 10.837, 10.673, 10.697, 10.903, 11.531, 12.489, 12.795, 12.323, 12.756, 13.793, 14.587, 14.404, 14.91, 15.95, 15.087, 12.786, 11.019, 10.497, 10.472, 10.418, 10.598, 10.802, 10.072, 9.613, 9.7, 9.633, 9.551, 8.862, 8.173, 8.327, 8.258, 8.66, 9.066], [9.652, 8.498, 8.29, 7.687, 6.44, 6.31, 5.39, 3.4, 2.01, 1.34, 0.85, 0.66, 0, 0.7, 0.82, 1.75, 1.97, 2.061, 1.66, 1.62, 1.66, 1.38, 1.16, 1.2, 1.48, 1.54, 1.4, 1.24, 1.51, 1.87, 1.89, 1.85, 1.82, 1.8, 3.04, 5.192, 6.693, 8.046, 10.063, 10.807, 10.179, 11.125, 11.76, 11.703, 11.883, 11.537, 10.577, 10.19, 9.669, 10.25, 11.915, 11.2, 10.511, 10.72, 10.455, 10.5, 10.708, 11.317, 12.272, 12.578, 12.106, 12.539, 13.616, 14.45, 14.253, 14.707, 15.73, 14.947, 12.569, 10.802, 10.3, 10.295, 10.221, 10.341, 10.565, 9.9, 9.34, 9.348, 9.331, 9.257, 8.597, 7.899, 8.17, 8.021, 8.289, 8.729], [9.981, 8.904, 8.651, 7.858, 6.7, 6.45, 5.47, 3.64, 2.09, 1.48, 1.05, 1.1, 0.7, 0, 0.8, 1.51, 1.81, 1.94, 1.52, 1.4, 1.52, 1.28, 1.16, 1.16, 1.38, 1.4, 1.32, 1.18, 1.31, 1.63, 1.71, 1.65, 1.64, 1.84, 3.26, 5.492, 6.993, 8.346, 10.346, 11.09, 10.459, 11.322, 11.94, 11.965, 12.145, 11.697, 10.765, 10.449, 9.989, 10.547, 12.175, 11.514, 10.834, 11.043, 10.715, 10.723, 10.948, 11.477, 12.487, 12.755, 12.361, 12.793, 13.904, 14.73, 14.533, 14.976, 16.007, 15.242, 12.837, 11.053, 10.611, 10.59, 10.494, 10.597, 10.819, 10.18, 9.62, 9.608, 9.611, 9.537, 8.854, 8.199, 8.49, 8.287, 8.543, 8.997], [10.073, 9.001, 8.838, 8.087, 6.92, 6.73, 5.77, 3.84, 2.33, 1.7, 1.03, 0.86, 0.82, 0.8, 0, 1.51, 1.79, 1.86, 1.5, 1.36, 1.7, 1.6, 1.34, 1.36, 1.5, 1.48, 1.24, 1.18, 1.37, 1.59, 1.71, 1.61, 1.6, 1.7, 3.4, 5.614, 7.133, 8.529, 10.469, 11.298, 10.582, 11.425, 12.003, 12.045, 12.205, 11.78, 10.825, 10.495, 10.012, 10.55, 12.338, 11.603, 10.907, 11.143, 10.758, 10.785, 10.968, 11.54, 12.57, 12.858, 12.466, 12.896, 14.007, 14.844, 14.647, 15.113, 16.139, 15.344, 12.94, 11.156, 10.703, 10.693, 10.617, 10.74, 10.922, 10.297, 9.839, 9.836, 9.833, 9.75, 9.082, 8.422, 8.593, 8.403, 8.786, 9.24], [11.043, 9.871, 9.695, 8.877, 7.57, 7.338, 6.573, 4.488, 2.981, 2.325, 1.9, 1.75, 1.75, 1.51, 1.51, 0, 0.96, 1.03, 1.07, 1.35, 1.53, 1.63, 1.67, 1.45, 1.29, 1.07, 0.93, 1.19, 1.5, 1.38, 1.96, 1.88, 1.95, 2.43, 4.21, 6.362, 7.923, 9.307, 11.27, 12.102, 11.369, 12.407, 13.173, 13.235, 13.395, 12.97, 11.995, 11.621, 11.198, 11.791, 13.568, 12.673, 11.93, 12.093, 11.828, 11.895, 12.138, 12.71, 13.54, 13.854, 13.377, 13.727, 14.93, 15.614, 15.434, 15.943, 16.957, 16.164, 13.794, 12.044, 11.633, 11.683, 11.62, 11.777, 11.927, 11.116, 10.637, 10.684, 10.689, 10.586, 10.014, 9.35, 9.643, 9.4, 9.697, 10.154], [11.28, 10.039, 9.898, 9.192, 7.911, 7.65, 6.848, 4.695, 3.173, 2.706, 2.16, 1.85, 1.97, 1.81, 1.79, 0.96, 0, 0.71, 0.93, 1.37, 1.39, 1.43, 1.49, 1.37, 1.31, 1.11, 1.23, 1.55, 1.7, 1.6, 2.1, 1.98, 1.99, 2.55, 4.682, 6.722, 8.189, 9.579, 11.602, 12.446, 11.747, 12.882, 13.539, 13.482, 13.662, 13.333, 12.373, 11.891, 11.405, 12.052, 13.792, 12.956, 12.245, 12.336, 12.24, 12.276, 12.482, 13.13, 13.992, 14.349, 13.815, 14.239, 15.288, 16.027, 15.826, 16.292, 17.307, 16.532, 14.217, 12.539, 11.988, 11.995, 11.898, 12.095, 12.239, 11.494, 10.978, 11.045, 11.018, 10.933, 10.303, 9.608, 9.926, 9.815, 10.069, 10.492], [11.368, 10.134, 9.958, 9.257, 7.984, 7.74, 6.975, 4.813, 3.31, 2.807, 2.15, 1.76, 2.061, 1.94, 1.86, 1.03, 0.71, 0, 0.72, 1.24, 1.3, 1.42, 1.38, 1.32, 1.28, 1.02, 1.18, 1.54, 1.51, 1.39, 1.79, 1.73, 1.74, 2.32, 4.772, 6.721, 8.23, 9.606, 11.626, 12.481, 11.765, 12.989, 13.646, 13.609, 13.769, 13.44, 12.48, 12.004, 11.561, 12.218, 13.942, 13.083, 12.372, 12.423, 12.356, 12.383, 12.601, 13.238, 14.099, 14.456, 13.922, 14.326, 15.395, 16.028, 15.825, 16.348, 17.362, 16.537, 14.31, 12.646, 12.095, 12.102, 12.025, 12.242, 12.386, 11.515, 11.02, 11.135, 11.104, 11.018, 10.41, 9.695, 10.033, 9.922, 10.216, 10.619], [10.993, 9.714, 9.535, 8.825, 7.561, 7.36, 6.614, 4.54, 3.07, 2.51, 1.85, 1.42, 1.66, 1.52, 1.5, 1.07, 0.93, 0.72, 0, 0.82, 0.88, 1.02, 1.02, 0.98, 0.84, 0.72, 1.06, 1.38, 1.45, 1.21, 1.59, 1.47, 1.48, 2.16, 4.432, 6.381, 7.847, 9.175, 11.24, 12.051, 11.454, 12.649, 13.346, 13.295, 13.475, 13.12, 12.169, 11.724, 11.25, 11.8, 13.568, 12.746, 12.015, 12.106, 12.028, 12.069, 12.301, 12.9, 13.762, 14.116, 13.582, 13.986, 15.058, 15.719, 15.508, 15.982, 17.037, 16.208, 13.97, 12.306, 11.766, 11.748, 11.648, 11.842, 12.006, 11.147, 10.618, 10.752, 10.678, 10.592, 9.91, 9.26, 9.716, 9.585, 9.796, 10.199], [10.95, 9.658, 9.403, 8.674, 7.54, 7.342, 6.48, 4.54, 3.11, 2.54, 1.83, 1.5, 1.62, 1.4, 1.36, 1.35, 1.37, 1.24, 0.82, 0, 0.76, 1.12, 0.94, 1.2, 1.12, 1.08, 1.38, 1.7, 1.75, 1.51, 1.77, 1.71, 1.64, 2.3, 4.42, 6.432, 7.779, 9.186, 11.212, 11.953, 11.445, 12.566, 13.32, 13.283, 13.463, 13.077, 12.123, 11.708, 11.225, 11.778, 13.515, 12.72, 11.957, 12.1, 11.975, 12.043, 12.285, 12.857, 13.727, 14.058, 13.539, 13.962, 15.017, 15.734, 15.536, 15.9, 16.991, 16.25, 13.938, 12.248, 11.76, 11.69, 11.587, 11.781, 11.94, 11.175, 10.504, 10.587, 10.476, 10.427, 9.759, 9.217, 9.69, 9.527, 9.69, 10.116], [10.854, 9.469, 9.264, 8.574, 7.43, 7.214, 6.428, 4.38, 2.89, 2.42, 1.75, 1.46, 1.66, 1.52, 1.7, 1.53, 1.39, 1.3, 0.88, 0.76, 0, 0.58, 0.78, 1.0, 0.74, 1.0, 1.44, 1.74, 1.89, 1.71, 1.85, 1.71, 1.7, 2.54, 4.46, 6.321, 7.691, 9.092, 11.092, 11.837, 11.343, 12.524, 13.173, 13.128, 13.305, 12.947, 12.002, 11.564, 11.081, 11.657, 13.358, 12.593, 11.884, 11.956, 11.886, 11.919, 12.116, 12.744, 13.654, 14.0, 13.457, 13.904, 14.932, 15.629, 15.408, 15.811, 16.903, 16.117, 13.876, 12.181, 11.682, 11.631, 11.505, 11.7, 11.878, 11.053, 10.384, 10.519, 10.387, 10.321, 9.622, 9.112, 9.543, 9.445, 9.648, 10.051], [10.554, 9.159, 8.874, 8.257, 7.135, 6.951, 6.165, 4.0, 2.59, 2.1, 1.47, 1.26, 1.38, 1.28, 1.6, 1.63, 1.43, 1.42, 1.02, 1.12, 0.58, 0, 0.64, 0.86, 0.76, 1.1, 1.36, 1.56, 1.65, 1.73, 1.87, 1.83, 1.74, 2.42, 4.2, 6.037, 7.404, 8.792, 10.769, 11.514, 11.04, 12.221, 12.83, 12.788, 12.962, 12.621, 11.702, 11.224, 10.748, 11.398, 12.992, 12.295, 11.606, 11.65, 11.574, 11.604, 11.796, 12.435, 13.348, 13.688, 13.154, 13.592, 14.627, 15.326, 15.105, 15.509, 16.6, 15.814, 13.573, 11.878, 11.376, 11.32, 11.2, 11.397, 11.575, 10.75, 10.041, 10.196, 10.064, 9.999, 9.279, 8.781, 9.234, 9.137, 9.325, 9.728], [10.479, 9.134, 8.888, 8.257, 7.129, 6.902, 6.13, 4.02, 2.63, 2.06, 1.49, 1.12, 1.16, 1.16, 1.34, 1.67, 1.49, 1.38, 1.02, 0.94, 0.78, 0.64, 0, 0.82, 1.02, 1.2, 1.34, 1.56, 1.65, 1.79, 1.83, 1.73, 1.7, 2.16, 4.06, 5.958, 7.327, 8.729, 10.74, 11.482, 10.974, 12.146, 12.766, 12.712, 12.892, 12.56, 11.623, 11.148, 10.671, 11.281, 12.925, 12.218, 11.509, 11.578, 11.513, 11.54, 11.721, 12.375, 13.288, 13.628, 13.094, 13.532, 14.567, 15.266, 15.062, 15.449, 16.54, 15.754, 13.513, 11.818, 11.292, 11.256, 11.14, 11.337, 11.515, 10.707, 9.955, 10.056, 9.944, 9.859, 9.259, 8.72, 9.17, 9.077, 9.17, 9.628], [10.47, 9.241, 8.965, 8.307, 7.203, 6.916, 6.035, 3.979, 2.646, 1.999, 1.41, 1.16, 1.2, 1.16, 1.36, 1.45, 1.37, 1.32, 0.98, 1.2, 1.0, 0.86, 0.82, 0, 0.9, 0.96, 1.02, 1.2, 1.33, 1.39, 1.57, 1.43, 1.42, 1.98, 4.0, 5.938, 7.385, 8.752, 10.795, 11.539, 10.971, 12.072, 12.749, 12.701, 12.878, 12.543, 11.595, 11.212, 10.712, 11.299, 12.911, 12.18, 11.474, 11.566, 11.471, 11.489, 11.727, 12.34, 13.219, 13.554, 13.062, 13.478, 14.538, 15.257, 15.062, 15.443, 16.517, 15.749, 13.459, 11.744, 11.223, 11.185, 11.127, 11.282, 11.444, 10.701, 9.989, 10.073, 10.016, 9.93, 9.336, 8.698, 9.136, 9.025, 9.136, 9.582], [10.596, 9.234, 9.038, 8.317, 7.112, 6.945, 6.194, 4.16, 2.75, 2.133, 1.57, 1.28, 1.48, 1.38, 1.5, 1.29, 1.31, 1.28, 0.84, 1.12, 0.74, 0.76, 1.02, 0.9, 0, 0.66, 1.2, 1.5, 1.75, 1.57, 1.71, 1.61, 1.72, 2.38, 4.1, 5.941, 7.367, 8.735, 10.746, 11.534, 10.999, 12.251, 12.966, 12.938, 13.115, 12.74, 11.798, 11.406, 10.923, 11.461, 13.208, 12.366, 11.629, 11.729, 11.648, 11.692, 11.944, 12.52, 13.348, 13.699, 13.185, 13.572, 14.678, 15.282, 15.068, 15.465, 16.557, 15.78, 13.533, 11.889, 11.355, 11.35, 11.268, 11.445, 11.572, 10.707, 10.098, 10.252, 10.164, 10.075, 9.413, 8.84, 9.336, 9.188, 9.381, 9.799], [10.853, 9.678, 9.465, 8.722, 7.432, 7.225, 6.46, 4.435, 2.97, 2.375, 1.79, 1.42, 1.54, 1.4, 1.48, 1.07, 1.11, 1.02, 0.72, 1.08, 1.0, 1.1, 1.2, 0.96, 0.66, 0, 0.98, 1.32, 1.59, 1.31, 1.43, 1.41, 1.54, 2.3, 4.26, 6.269, 7.767, 9.106, 11.146, 11.924, 11.33, 12.471, 13.2, 13.185, 13.365, 12.957, 12.025, 11.648, 11.163, 11.721, 13.455, 12.6, 11.843, 11.983, 11.895, 11.943, 12.208, 12.737, 13.584, 13.938, 13.404, 13.808, 14.894, 15.59, 15.379, 15.833, 16.888, 16.082, 13.775, 12.128, 11.6, 11.57, 11.484, 11.664, 11.848, 11.017, 10.483, 10.583, 10.532, 10.44, 9.815, 9.077, 9.57, 9.404, 9.598, 10.001], [10.693, 9.604, 9.434, 8.635, 7.4, 7.215, 6.295, 4.219, 2.806, 2.02, 1.37, 1.3, 1.4, 1.32, 1.24, 0.93, 1.23, 1.18, 1.06, 1.38, 1.44, 1.36, 1.34, 1.02, 1.2, 0.98, 0, 0.72, 1.03, 0.95, 1.33, 1.25, 1.26, 1.82, 3.895, 6.114, 7.644, 9.031, 11.022, 11.855, 11.138, 11.974, 12.723, 12.845, 12.985, 12.56, 11.585, 11.289, 10.889, 11.453, 13.158, 12.303, 11.614, 11.743, 11.378, 11.425, 11.668, 12.24, 13.187, 13.481, 12.967, 13.425, 14.577, 15.387, 15.213, 15.707, 16.721, 15.922, 13.566, 11.711, 11.303, 11.353, 11.287, 11.447, 11.628, 10.891, 10.396, 10.413, 10.445, 10.347, 9.748, 9.04, 9.273, 9.047, 9.396, 9.864], [10.343, 9.33, 9.095, 8.324, 7.199, 7.01, 6.03, 3.9, 2.53, 1.76, 1.21, 1.28, 1.24, 1.18, 1.18, 1.19, 1.55, 1.54, 1.38, 1.7, 1.74, 1.56, 1.56, 1.2, 1.5, 1.32, 0.72, 0, 0.75, 1.13, 1.45, 1.39, 1.36, 1.64, 3.56, 5.809, 7.35, 8.734, 10.717, 11.549, 10.816, 11.625, 12.2, 12.345, 12.505, 12.077, 11.125, 10.949, 10.549, 11.136, 12.69, 11.903, 11.263, 11.339, 10.995, 11.003, 11.228, 11.794, 12.832, 13.098, 12.626, 13.096, 14.216, 15.053, 14.89, 15.381, 16.398, 15.581, 13.223, 11.382, 10.902, 10.995, 10.9, 11.055, 11.245, 10.554, 10.087, 10.087, 10.102, 10.021, 9.385, 8.655, 8.787, 8.618, 9.013, 9.479], [10.637, 9.754, 9.461, 8.594, 7.409, 7.239, 6.28, 4.27, 2.92, 2.09, 1.52, 1.49, 1.51, 1.31, 1.37, 1.5, 1.7, 1.51, 1.45, 1.75, 1.89, 1.65, 1.65, 1.33, 1.75, 1.59, 1.03, 0.75, 0, 0.88, 1.3, 1.28, 1.25, 1.41, 3.77, 6.039, 7.56, 8.944, 10.929, 11.759, 11.037, 11.835, 12.415, 12.641, 12.781, 12.275, 11.427, 11.299, 10.899, 11.546, 12.997, 12.25, 11.65, 11.647, 11.248, 11.235, 11.524, 12.004, 13.042, 13.308, 12.853, 13.317, 14.434, 15.294, 15.131, 15.597, 16.637, 15.811, 13.493, 11.627, 11.287, 11.254, 11.19, 11.285, 11.475, 10.784, 10.303, 10.314, 10.328, 10.231, 9.615, 8.885, 9.02, 8.848, 9.243, 9.709], [11.151, 10.134, 9.901, 9.094, 7.807, 7.58, 6.7, 4.75, 3.4, 2.47, 1.84, 1.73, 1.87, 1.63, 1.59, 1.38, 1.6, 1.39, 1.21, 1.51, 1.71, 1.73, 1.79, 1.39, 1.57, 1.31, 0.95, 1.13, 0.88, 0, 0.94, 1.0, 0.99, 1.83, 4.29, 6.559, 8.1, 9.484, 11.467, 12.299, 11.566, 12.401, 13.13, 13.278, 13.398, 12.967, 12.018, 11.739, 11.359, 11.98, 13.588, 12.747, 12.107, 12.198, 11.808, 11.833, 12.138, 12.647, 13.588, 13.908, 13.431, 13.858, 15.024, 15.814, 15.651, 16.134, 17.148, 16.349, 13.993, 12.158, 11.741, 11.8, 11.734, 11.891, 12.038, 11.318, 10.837, 10.84, 10.872, 10.751, 10.175, 9.467, 9.7, 9.471, 9.823, 10.309], [10.997, 10.074, 9.821, 8.974, 7.77, 7.58, 6.68, 4.81, 3.48, 2.51, 1.84, 1.71, 1.89, 1.71, 1.71, 1.96, 2.1, 1.79, 1.59, 1.77, 1.85, 1.87, 1.83, 1.57, 1.71, 1.43, 1.33, 1.45, 1.3, 0.94, 0, 0.68, 0.91, 1.69, 4.17, 6.439, 7.96, 9.344, 11.329, 12.142, 11.426, 12.241, 12.975, 13.158, 13.298, 12.815, 11.927, 11.779, 11.379, 11.986, 13.517, 12.65, 11.99, 12.047, 11.708, 11.735, 12.058, 12.507, 13.454, 13.728, 13.254, 13.706, 14.864, 15.674, 15.5, 15.991, 17.006, 16.191, 13.833, 11.998, 11.607, 11.6, 11.585, 11.694, 11.855, 11.164, 10.683, 10.697, 10.712, 10.631, 9.995, 9.325, 9.52, 9.274, 9.623, 10.109], [10.951, 10.054, 9.801, 8.868, 7.67, 7.5, 6.58, 4.77, 3.44, 2.45, 1.8, 1.69, 1.85, 1.65, 1.61, 1.88, 1.98, 1.73, 1.47, 1.71, 1.71, 1.83, 1.73, 1.43, 1.61, 1.41, 1.25, 1.39, 1.28, 1.0, 0.68, 0, 0.57, 1.51, 4.042, 6.236, 7.782, 9.175, 11.164, 11.993, 11.266, 12.019, 12.811, 13.094, 13.177, 12.654, 11.798, 11.679, 11.279, 11.86, 13.377, 12.57, 11.93, 12.004, 11.584, 11.571, 11.917, 12.316, 13.3, 13.603, 13.163, 13.613, 14.756, 15.552, 15.389, 15.823, 16.874, 16.097, 13.727, 11.917, 11.564, 11.523, 11.485, 11.595, 11.752, 11.033, 10.535, 10.541, 10.546, 10.455, 9.859, 9.235, 9.432, 9.192, 9.513, 10.025], [10.981, 10.064, 9.831, 8.844, 7.557, 7.37, 6.51, 4.68, 3.33, 2.4, 1.77, 1.68, 1.82, 1.64, 1.6, 1.95, 1.99, 1.74, 1.48, 1.64, 1.7, 1.74, 1.7, 1.42, 1.72, 1.54, 1.26, 1.36, 1.25, 0.99, 0.91, 0.57, 0, 1.56, 3.963, 6.197, 7.687, 9.077, 11.071, 11.901, 11.193, 11.992, 12.821, 13.084, 13.167, 12.624, 11.788, 11.609, 11.209, 11.83, 13.367, 12.557, 11.937, 12.008, 11.634, 11.601, 11.947, 12.315, 13.265, 13.568, 13.128, 13.609, 14.712, 15.554, 15.405, 15.83, 16.81, 16.047, 13.718, 11.888, 11.591, 11.554, 11.455, 11.516, 11.758, 11.032, 10.476, 10.493, 10.487, 10.43, 9.779, 9.228, 9.425, 9.191, 9.526, 9.975], [9.93, 9.03, 8.83, 7.85, 7.16, 7.23, 6.29, 4.74, 3.39, 2.5, 1.81, 1.82, 1.8, 1.84, 1.7, 2.43, 2.55, 2.32, 2.16, 2.3, 2.54, 2.42, 2.16, 1.98, 2.38, 2.3, 1.82, 1.64, 1.41, 1.83, 1.69, 1.51, 1.56, 0, 2.749, 4.977, 6.51, 7.897, 9.906, 10.701, 9.973, 10.846, 11.71, 11.997, 12.134, 11.574, 10.82, 10.85, 10.43, 10.976, 12.45, 11.643, 11.003, 10.98, 10.527, 10.488, 10.914, 11.174, 12.054, 12.418, 11.918, 12.39, 13.478, 14.31, 14.154, 14.59, 15.633, 14.802, 12.587, 10.8, 10.537, 10.433, 10.39, 10.384, 10.528, 9.754, 9.256, 9.253, 9.287, 9.17, 8.595, 7.961, 8.221, 8.007, 8.314, 8.818], [8.059, 7.78, 7.95, 6.89, 6.46, 6.59, 5.99, 4.4, 3.49, 3.04, 3.05, 3.32, 3.04, 3.26, 3.4, 4.21, 4.682, 4.772, 4.432, 4.42, 4.46, 4.2, 4.06, 4.0, 4.1, 4.26, 3.895, 3.56, 3.77, 4.29, 4.17, 4.042, 3.963, 2.749, 0, 2.36, 3.83, 5.214, 7.243, 8.038, 7.43, 8.37, 9.46, 9.903, 9.943, 9.297, 8.99, 9.43, 9.13, 9.4, 10.496, 9.81, 9.129, 8.963, 8.516, 8.343, 8.803, 9.043, 9.581, 10.047, 9.524, 9.963, 11.014, 11.648, 11.62, 12.066, 13.017, 12.16, 10.256, 8.829, 8.81, 8.82, 8.98, 8.52, 8.137, 7.103, 6.565, 6.753, 6.736, 6.553, 5.976, 5.55, 6.076, 5.78, 6.1, 6.519], [6.82, 6.5, 6.75, 5.89, 5.64, 5.93, 5.47, 4.36, 4.39, 4.48, 5.13, 5.309, 5.192, 5.492, 5.614, 6.362, 6.722, 6.721, 6.381, 6.432, 6.321, 6.037, 5.958, 5.938, 5.941, 6.269, 6.114, 5.809, 6.039, 6.559, 6.439, 6.236, 6.197, 4.977, 2.36, 0, 1.61, 2.96, 5.08, 5.91, 5.57, 7.13, 8.35, 8.73, 8.79, 8.17, 7.95, 8.51, 8.19, 8.44, 9.38, 8.69, 7.93, 7.65, 7.44, 7.25, 7.69, 7.93, 8.32, 8.92, 8.26, 8.77, 9.69, 9.89, 9.89, 10.37, 11.23, 10.47, 9.0, 7.75, 7.71, 7.74, 7.88, 7.5, 6.87, 5.32, 4.52, 4.98, 5.02, 4.7, 4.32, 4.21, 4.92, 4.76, 5.02, 5.34], [6.15, 5.99, 6.22, 5.6, 5.47, 5.82, 5.46, 4.95, 5.64, 5.97, 6.7, 6.867, 6.693, 6.993, 7.133, 7.923, 8.189, 8.23, 7.847, 7.779, 7.691, 7.404, 7.327, 7.385, 7.367, 7.767, 7.644, 7.35, 7.56, 8.1, 7.96, 7.782, 7.687, 6.51, 3.83, 1.61, 0, 1.61, 4.01, 4.74, 4.74, 6.38, 7.56, 7.96, 8.06, 7.48, 7.36, 7.94, 7.6, 7.77, 8.63, 8.06, 7.28, 7.02, 6.73, 6.54, 6.96, 7.2, 7.51, 8.17, 7.51, 8.06, 8.88, 9.08, 9.1, 9.52, 10.32, 9.66, 8.25, 7.14, 7.1, 7.09, 7.21, 6.85, 6.04, 4.45, 3.35, 3.95, 4.19, 3.81, 3.39, 3.56, 4.29, 4.17, 4.35, 4.67], [4.92, 5.12, 5.33, 4.97, 5.16, 5.45, 5.29, 5.62, 6.99, 7.34, 8.089, 8.251, 8.046, 8.346, 8.529, 9.307, 9.579, 9.606, 9.175, 9.186, 9.092, 8.792, 8.729, 8.752, 8.735, 9.106, 9.031, 8.734, 8.944, 9.484, 9.344, 9.175, 9.077, 7.897, 5.214, 2.96, 1.61, 0, 2.64, 3.31, 3.29, 4.93, 6.09, 6.49, 6.61, 6.11, 5.99, 6.71, 6.37, 6.44, 7.18, 6.63, 5.91, 5.61, 5.28, 5.09, 5.51, 5.73, 6.04, 6.7, 6.04, 6.61, 7.41, 7.61, 7.59, 8.11, 8.85, 8.19, 6.8, 5.71, 5.77, 5.82, 5.96, 5.6, 4.61, 3.18, 2.3, 2.58, 2.9, 2.58, 2.14, 2.35, 3.02, 3.04, 2.96, 3.24], [3.7, 4.56, 4.81, 4.79, 5.28, 5.49, 5.71, 7.38, 8.93, 9.3, 10.061, 10.234, 10.063, 10.346, 10.469, 11.27, 11.602, 11.626, 11.24, 11.212, 11.092, 10.769, 10.74, 10.795, 10.746, 11.146, 11.022, 10.717, 10.929, 11.467, 11.329, 11.164, 11.071, 9.906, 7.243, 5.08, 4.01, 2.64, 0, 1.05, 1.25, 2.59, 3.77, 4.17, 4.27, 3.83, 3.91, 4.61, 4.37, 4.26, 4.88, 4.29, 3.55, 3.27, 3.02, 2.91, 3.43, 3.43, 3.74, 4.32, 3.66, 4.27, 5.09, 5.35, 5.29, 5.75, 6.53, 5.91, 4.42, 3.63, 4.03, 3.98, 4.12, 3.96, 3.05, 2.48, 2.26, 1.6, 1.4, 1.54, 2.02, 2.65, 2.5, 2.42, 2.2, 1.84], [4.01, 4.95, 5.24, 5.28, 5.85, 6.04, 6.32, 8.15, 9.756, 10.112, 10.89, 11.075, 10.807, 11.09, 11.298, 12.102, 12.446, 12.481, 12.051, 11.953, 11.837, 11.514, 11.482, 11.539, 11.534, 11.924, 11.855, 11.549, 11.759, 12.299, 12.142, 11.993, 11.901, 10.701, 8.038, 5.91, 4.74, 3.31, 1.05, 0, 1.06, 2.24, 3.46, 3.82, 3.94, 3.9, 4.08, 4.72, 4.44, 4.23, 4.39, 3.98, 3.6, 3.18, 2.87, 2.9, 3.32, 3.24, 3.15, 3.65, 3.07, 3.58, 4.4, 4.64, 4.64, 5.02, 5.84, 5.18, 3.81, 3.72, 4.3, 4.25, 4.35, 4.17, 3.2, 2.71, 2.57, 1.99, 1.99, 2.05, 2.61, 3.3, 3.25, 3.15, 2.79, 2.43], [3.71, 4.71, 5.02, 4.9, 5.37, 5.54, 5.74, 7.43, 9.02, 9.37, 10.151, 10.367, 10.179, 10.459, 10.582, 11.369, 11.747, 11.765, 11.454, 11.445, 11.343, 11.04, 10.974, 10.971, 10.999, 11.33, 11.138, 10.816, 11.037, 11.566, 11.426, 11.266, 11.193, 9.973, 7.43, 5.57, 4.74, 3.29, 1.25, 1.06, 0, 2.08, 3.44, 3.72, 3.74, 3.68, 3.72, 4.3, 4.06, 3.89, 4.17, 3.68, 3.24, 2.8, 2.63, 2.7, 3.24, 3.18, 3.29, 3.73, 3.13, 3.56, 4.56, 4.82, 4.74, 5.12, 6.04, 5.36, 3.67, 3.36, 3.94, 3.91, 4.03, 3.85, 3.16, 2.73, 2.73, 1.77, 1.69, 1.81, 2.29, 2.78, 2.59, 2.57, 2.21, 1.87], [2.79, 4.47, 4.74, 5.1, 5.99, 6.02, 6.34, 8.37, 9.96, 10.19, 10.98, 11.35, 11.125, 11.322, 11.425, 12.407, 12.882, 12.989, 12.649, 12.566, 12.524, 12.221, 12.146, 12.072, 12.251, 12.471, 11.974, 11.625, 11.835, 12.401, 12.241, 12.019, 11.992, 10.846, 8.37, 7.13, 6.38, 4.93, 2.59, 2.24, 2.08, 0, 1.54, 2.06, 2.1, 1.98, 2.28, 2.84, 2.7, 2.51, 2.63, 2.34, 2.04, 1.68, 1.35, 1.48, 1.64, 1.52, 1.59, 1.99, 1.39, 2.04, 2.88, 3.64, 3.72, 4.28, 5.08, 4.18, 2.45, 2.14, 2.76, 2.73, 2.91, 2.63, 1.84, 2.67, 3.81, 3.21, 2.99, 3.19, 3.55, 3.68, 3.17, 3.15, 3.05, 2.69], [2.93, 4.77, 5.1, 5.8, 6.83, 6.82, 7.02, 8.89, 10.4, 10.87, 11.58, 11.957, 11.76, 11.94, 12.003, 13.173, 13.539, 13.646, 13.346, 13.32, 13.173, 12.83, 12.766, 12.749, 12.966, 13.2, 12.723, 12.2, 12.415, 13.13, 12.975, 12.811, 12.821, 11.71, 9.46, 8.35, 7.56, 6.09, 3.77, 3.46, 3.44, 1.54, 0, 1.08, 1.0, 0.9, 1.58, 2.18, 2.4, 2.03, 1.71, 1.5, 1.78, 1.66, 1.69, 1.66, 1.5, 1.18, 1.27, 1.49, 1.65, 1.88, 2.52, 3.18, 3.14, 3.76, 4.6, 3.697, 1.83, 1.94, 2.28, 2.35, 2.43, 2.35, 2.12, 3.59, 4.83, 4.21, 4.05, 4.29, 4.69, 4.52, 3.77, 3.93, 4.05, 3.61], [2.91, 4.61, 4.88, 5.76, 6.85, 6.88, 7.08, 8.89, 10.44, 10.93, 11.64, 11.94, 11.703, 11.965, 12.045, 13.235, 13.482, 13.609, 13.295, 13.283, 13.128, 12.788, 12.712, 12.701, 12.938, 13.185, 12.845, 12.345, 12.641, 13.278, 13.158, 13.094, 13.084, 11.997, 9.903, 8.73, 7.96, 6.49, 4.17, 3.82, 3.72, 2.06, 1.08, 0, 0.68, 1.2, 1.7, 2.16, 2.44, 1.97, 1.41, 1.4, 1.78, 1.58, 1.95, 1.98, 1.78, 1.76, 1.69, 1.81, 1.81, 2.04, 2.64, 3.2, 2.84, 3.36, 4.274, 3.48, 1.49, 2.2, 2.34, 2.43, 2.51, 2.45, 2.3, 3.99, 5.23, 4.47, 4.35, 4.61, 5.01, 4.82, 3.97, 4.19, 4.25, 3.79], [2.85, 4.61, 4.98, 5.88, 7.01, 7.02, 7.18, 9.05, 10.62, 11.09, 11.8, 12.1, 11.883, 12.145, 12.205, 13.395, 13.662, 13.769, 13.475, 13.463, 13.305, 12.962, 12.892, 12.878, 13.115, 13.365, 12.985, 12.505, 12.781, 13.398, 13.298, 13.177, 13.167, 12.134, 9.943, 8.79, 8.06, 6.61, 4.27, 3.94, 3.74, 2.1, 1.0, 0.68, 0, 0.92, 1.56, 1.94, 2.36, 1.89, 1.03, 1.1, 1.72, 1.68, 1.91, 2.08, 1.88, 1.66, 1.51, 1.71, 1.77, 1.98, 2.5, 3.02, 2.64, 3.22, 4.16, 3.34, 1.39, 2.04, 2.26, 2.33, 2.43, 2.47, 2.4, 4.15, 5.37, 4.55, 4.37, 4.65, 5.05, 4.86, 4.03, 4.27, 4.37, 3.91], [2.35, 4.17, 4.58, 5.32, 6.39, 6.42, 6.68, 8.69, 10.24, 10.69, 11.44, 11.734, 11.537, 11.697, 11.78, 12.97, 13.333, 13.44, 13.12, 13.077, 12.947, 12.621, 12.56, 12.543, 12.74, 12.957, 12.56, 12.077, 12.275, 12.967, 12.815, 12.654, 12.624, 11.574, 9.297, 8.17, 7.48, 6.11, 3.83, 3.9, 3.68, 1.98, 0.9, 1.2, 0.92, 0, 1.1, 1.66, 2.08, 1.69, 1.47, 1.26, 1.5, 1.46, 1.85, 1.8, 1.64, 1.4, 1.43, 1.69, 1.77, 1.96, 2.62, 3.32, 3.14, 3.74, 4.6, 3.76, 1.77, 1.52, 1.72, 1.77, 1.89, 1.85, 1.88, 3.75, 4.95, 4.11, 3.75, 4.01, 4.45, 4.26, 3.51, 3.69, 3.83, 3.41], [1.61, 3.31, 3.78, 4.6, 5.65, 5.68, 5.84, 7.75, 9.3, 9.71, 10.46, 10.774, 10.577, 10.765, 10.825, 11.995, 12.373, 12.48, 12.169, 12.123, 12.002, 11.702, 11.623, 11.595, 11.798, 12.025, 11.585, 11.125, 11.427, 12.018, 11.927, 11.798, 11.788, 10.82, 8.99, 7.95, 7.36, 5.99, 3.91, 4.08, 3.72, 2.28, 1.58, 1.7, 1.56, 1.1, 0, 1.0, 1.22, 0.99, 1.77, 1.2, 0.92, 1.18, 1.61, 1.76, 1.56, 1.54, 1.91, 2.17, 2.25, 2.48, 3.28, 4.16, 4.0, 4.5, 5.52, 4.68, 2.33, 1.18, 1.04, 1.11, 1.25, 1.49, 1.78, 3.73, 4.93, 3.91, 3.63, 3.87, 4.27, 3.96, 3.13, 3.39, 3.33, 3.07], [2.11, 3.27, 3.74, 4.68, 5.51, 5.4, 5.52, 7.29, 8.84, 9.41, 10.1, 10.39, 10.19, 10.449, 10.495, 11.621, 11.891, 12.004, 11.724, 11.708, 11.564, 11.224, 11.148, 11.212, 11.406, 11.648, 11.289, 10.949, 11.299, 11.739, 11.779, 11.679, 11.609, 10.85, 9.43, 8.51, 7.94, 6.71, 4.61, 4.72, 4.3, 2.84, 2.18, 2.16, 1.94, 1.66, 1.0, 0, 0.62, 0.79, 2.05, 1.4, 1.28, 1.74, 2.37, 2.54, 2.24, 2.4, 2.55, 2.71, 2.73, 2.94, 3.8, 4.6, 4.42, 4.92, 5.94, 5.1, 2.75, 1.82, 1.48, 1.41, 1.47, 1.67, 2.52, 4.47, 5.63, 4.57, 4.25, 4.41, 4.83, 4.54, 3.75, 3.85, 3.97, 3.75], [2.01, 3.07, 3.46, 4.36, 5.15, 5.06, 5.1, 6.87, 8.38, 8.97, 9.7, 9.97, 9.669, 9.989, 10.012, 11.198, 11.405, 11.561, 11.25, 11.225, 11.081, 10.748, 10.671, 10.712, 10.923, 11.163, 10.889, 10.549, 10.899, 11.359, 11.379, 11.279, 11.209, 10.43, 9.13, 8.19, 7.6, 6.37, 4.37, 4.44, 4.06, 2.7, 2.4, 2.44, 2.36, 2.08, 1.22, 0.62, 0, 0.79, 2.39, 1.8, 1.4, 1.68, 2.25, 2.4, 2.1, 2.4, 2.79, 3.09, 2.91, 3.26, 4.22, 5.08, 4.88, 5.34, 6.36, 5.58, 3.17, 1.9, 1.54, 1.39, 1.37, 1.67, 2.3, 4.21, 5.31, 4.31, 3.93, 4.05, 4.47, 4.22, 3.47, 3.55, 3.63, 3.43], [2.06, 3.36, 3.87, 4.81, 5.74, 5.67, 5.73, 7.54, 9.07, 9.62, 10.37, 10.52, 10.25, 10.547, 10.55, 11.791, 12.052, 12.218, 11.8, 11.778, 11.657, 11.398, 11.281, 11.299, 11.461, 11.721, 11.453, 11.136, 11.546, 11.98, 11.986, 11.86, 11.83, 10.976, 9.4, 8.44, 7.77, 6.44, 4.26, 4.23, 3.89, 2.51, 2.03, 1.97, 1.89, 1.69, 0.99, 0.79, 0.79, 0, 1.82, 1.25, 1.05, 1.55, 2.16, 2.33, 2.13, 2.13, 2.28, 2.52, 2.54, 2.79, 3.65, 4.47, 4.27, 4.73, 5.75, 4.97, 2.56, 1.77, 1.51, 1.36, 1.46, 1.68, 2.41, 4.3, 5.38, 4.3, 3.92, 4.16, 4.6, 4.35, 3.64, 3.8, 3.68, 3.44], [3.02, 4.64, 5.11, 6.03, 7.06, 7.11, 7.31, 9.2, 10.75, 11.28, 11.97, 12.273, 11.915, 12.175, 12.338, 13.568, 13.792, 13.942, 13.568, 13.515, 13.358, 12.992, 12.925, 12.911, 13.208, 13.455, 13.158, 12.69, 12.997, 13.588, 13.517, 13.377, 13.367, 12.45, 10.496, 9.38, 8.63, 7.18, 4.88, 4.39, 4.17, 2.63, 1.71, 1.41, 1.03, 1.47, 1.77, 2.05, 2.39, 1.82, 0, 1.09, 1.87, 1.93, 2.38, 2.71, 2.49, 2.27, 1.98, 1.98, 2.02, 2.19, 2.49, 2.89, 2.65, 3.11, 4.13, 3.35, 1.5, 2.21, 2.43, 2.52, 2.56, 2.74, 2.99, 4.86, 5.96, 4.96, 4.76, 5.02, 5.42, 5.25, 4.52, 4.76, 4.62, 4.14], [2.23, 3.97, 4.48, 5.3, 6.27, 6.24, 6.36, 8.41, 10.06, 10.41, 11.16, 11.417, 11.2, 11.514, 11.603, 12.673, 12.956, 13.083, 12.746, 12.72, 12.593, 12.295, 12.218, 12.18, 12.366, 12.6, 12.303, 11.903, 12.25, 12.747, 12.65, 12.57, 12.557, 11.643, 9.81, 8.69, 8.06, 6.63, 4.29, 3.98, 3.68, 2.34, 1.5, 1.4, 1.1, 1.26, 1.2, 1.4, 1.8, 1.25, 1.09, 0, 0.96, 1.36, 2.07, 2.42, 2.3, 2.0, 1.73, 1.89, 1.89, 2.06, 2.74, 3.36, 3.14, 3.62, 4.64, 3.84, 1.47, 1.58, 1.7, 1.71, 1.79, 2.03, 2.48, 4.29, 5.49, 4.47, 4.17, 4.55, 4.95, 4.68, 3.89, 4.19, 3.95, 3.57], [1.53, 3.23, 3.7, 4.52, 5.51, 5.48, 5.72, 7.73, 9.36, 9.77, 10.5, 10.728, 10.511, 10.834, 10.907, 11.93, 12.245, 12.372, 12.015, 11.957, 11.884, 11.606, 11.509, 11.474, 11.629, 11.843, 11.614, 11.263, 11.65, 12.107, 11.99, 11.93, 11.937, 11.003, 9.129, 7.93, 7.28, 5.91, 3.55, 3.6, 3.24, 2.04, 1.78, 1.78, 1.72, 1.5, 0.92, 1.28, 1.4, 1.05, 1.87, 0.96, 0, 0.82, 1.57, 1.88, 1.8, 1.64, 1.91, 2.15, 1.85, 2.14, 3.16, 3.969, 3.769, 4.231, 5.272, 4.463, 2.09, 1.12, 1.22, 1.13, 1.39, 1.57, 1.72, 3.63, 4.85, 3.83, 3.53, 3.83, 4.23, 4.0, 3.25, 3.45, 3.31, 2.87], [1.57, 3.27, 3.66, 4.38, 5.43, 5.46, 5.8, 7.81, 9.492, 9.89, 10.64, 10.837, 10.72, 11.043, 11.143, 12.093, 12.336, 12.423, 12.106, 12.1, 11.956, 11.65, 11.578, 11.566, 11.729, 11.983, 11.743, 11.339, 11.647, 12.198, 12.047, 12.004, 12.008, 10.98, 8.963, 7.65, 7.02, 5.61, 3.27, 3.18, 2.8, 1.68, 1.66, 1.58, 1.68, 1.46, 1.18, 1.74, 1.68, 1.55, 1.93, 1.36, 0.82, 0, 1.21, 1.4, 1.32, 1.36, 1.73, 2.07, 1.57, 2.0, 3.0, 3.8, 3.64, 4.14, 5.14, 4.3, 2.03, 1.12, 1.34, 1.43, 1.59, 1.79, 1.44, 3.23, 4.47, 3.49, 3.21, 3.53, 3.95, 3.72, 2.97, 3.29, 3.23, 2.65], [1.76, 3.44, 3.73, 4.41, 5.36, 5.37, 5.65, 7.66, 9.27, 9.58, 10.31, 10.673, 10.455, 10.715, 10.758, 11.828, 12.24, 12.356, 12.028, 11.975, 11.886, 11.574, 11.513, 11.471, 11.648, 11.895, 11.378, 10.995, 11.248, 11.808, 11.708, 11.584, 11.634, 10.527, 8.516, 7.44, 6.73, 5.28, 3.02, 2.87, 2.63, 1.35, 1.69, 1.95, 1.91, 1.85, 1.61, 2.37, 2.25, 2.16, 2.38, 2.07, 1.57, 1.21, 0, 0.65, 0.85, 1.03, 1.92, 2.22, 1.8, 2.27, 3.37, 4.25, 4.09, 4.59, 5.61, 4.77, 2.48, 1.47, 1.95, 2.06, 2.26, 2.28, 1.51, 2.72, 4.02, 3.1, 3.0, 3.24, 3.64, 3.47, 2.64, 2.8, 2.9, 2.4], [2.07, 3.59, 3.9, 4.5, 5.45, 5.42, 5.66, 7.69, 9.26, 9.59, 10.34, 10.697, 10.5, 10.723, 10.785, 11.895, 12.276, 12.383, 12.069, 12.043, 11.919, 11.604, 11.54, 11.489, 11.692, 11.943, 11.425, 11.003, 11.235, 11.833, 11.735, 11.571, 11.601, 10.488, 8.343, 7.25, 6.54, 5.09, 2.91, 2.9, 2.7, 1.48, 1.66, 1.98, 2.08, 1.8, 1.76, 2.54, 2.4, 2.33, 2.71, 2.42, 1.88, 1.4, 0.65, 0, 0.72, 1.06, 2.05, 2.27, 1.93, 2.34, 3.44, 4.32, 4.18, 4.7, 5.68, 4.84, 2.69, 1.64, 2.04, 2.13, 2.33, 2.29, 1.42, 2.57, 3.83, 2.91, 2.81, 3.05, 3.47, 3.28, 2.49, 2.69, 2.81, 2.37], [2.01, 3.51, 3.88, 4.66, 5.63, 5.66, 6.0, 7.87, 9.38, 9.87, 10.54, 10.903, 10.708, 10.948, 10.968, 12.138, 12.482, 12.601, 12.301, 12.285, 12.116, 11.796, 11.721, 11.727, 11.944, 12.208, 11.668, 11.228, 11.524, 12.138, 12.058, 11.917, 11.947, 10.914, 8.803, 7.69, 6.96, 5.51, 3.43, 3.32, 3.24, 1.64, 1.5, 1.78, 1.88, 1.64, 1.56, 2.24, 2.1, 2.13, 2.49, 2.3, 1.8, 1.32, 0.85, 0.72, 0, 0.88, 1.93, 2.19, 1.91, 2.26, 3.28, 4.16, 4.04, 4.6, 5.52, 4.68, 2.51, 1.6, 1.8, 1.93, 2.13, 2.15, 1.36, 2.81, 4.15, 3.45, 3.25, 3.51, 3.93, 3.74, 2.91, 3.13, 3.27, 2.85], [2.17, 3.85, 4.2, 4.8, 5.85, 5.98, 6.4, 8.51, 10.02, 10.448, 11.178, 11.531, 11.317, 11.477, 11.54, 12.71, 13.13, 13.238, 12.9, 12.857, 12.744, 12.435, 12.375, 12.34, 12.52, 12.737, 12.24, 11.794, 12.004, 12.647, 12.507, 12.316, 12.315, 11.174, 9.043, 7.93, 7.2, 5.73, 3.43, 3.24, 3.18, 1.52, 1.18, 1.76, 1.66, 1.4, 1.54, 2.4, 2.4, 2.13, 2.27, 2.0, 1.64, 1.36, 1.03, 1.06, 0.88, 0, 1.29, 1.57, 1.43, 1.84, 2.68, 3.56, 3.46, 4.04, 4.92, 4.08, 1.99, 1.26, 1.8, 1.77, 1.93, 1.95, 1.42, 3.13, 4.45, 3.67, 3.49, 3.73, 4.19, 4.0, 3.23, 3.41, 3.53, 3.05], [2.86, 4.52, 4.91, 5.51, 6.62, 6.75, 7.27, 9.5, 11.11, 11.352, 12.176, 12.489, 12.272, 12.487, 12.57, 13.54, 13.992, 14.099, 13.762, 13.727, 13.654, 13.348, 13.288, 13.219, 13.348, 13.584, 13.187, 12.832, 13.042, 13.588, 13.454, 13.3, 13.265, 12.054, 9.581, 8.32, 7.51, 6.04, 3.74, 3.15, 3.29, 1.59, 1.27, 1.69, 1.51, 1.43, 1.91, 2.55, 2.79, 2.28, 1.98, 1.73, 1.91, 1.73, 1.92, 2.05, 1.93, 1.29, 0, 0.96, 1.06, 1.29, 1.77, 2.35, 2.59, 3.13, 3.93, 2.91, 1.28, 1.67, 2.13, 2.16, 2.22, 2.22, 1.93, 3.38, 4.62, 4.24, 4.04, 4.2, 4.66, 4.61, 4.18, 4.26, 4.2, 3.78], [3.2, 4.9, 5.23, 5.83, 7.0, 7.11, 7.61, 9.8, 11.39, 11.672, 12.442, 12.795, 12.578, 12.755, 12.858, 13.854, 14.349, 14.456, 14.116, 14.058, 14.0, 13.688, 13.628, 13.554, 13.699, 13.938, 13.481, 13.098, 13.308, 13.908, 13.728, 13.603, 13.568, 12.418, 10.047, 8.92, 8.17, 6.7, 4.32, 3.65, 3.73, 1.99, 1.49, 1.81, 1.71, 1.69, 2.17, 2.71, 3.09, 2.52, 1.98, 1.89, 2.15, 2.07, 2.22, 2.27, 2.19, 1.57, 0.96, 0, 1.1, 0.85, 1.41, 2.13, 2.19, 2.67, 3.43, 2.59, 1.34, 1.89, 2.41, 2.42, 2.62, 2.46, 2.23, 3.92, 5.28, 4.68, 4.48, 4.72, 5.18, 5.11, 4.5, 4.56, 4.62, 4.12], [2.8, 4.46, 4.67, 5.25, 6.44, 6.57, 7.13, 9.34, 10.987, 11.215, 11.97, 12.323, 12.106, 12.361, 12.466, 13.377, 13.815, 13.922, 13.582, 13.539, 13.457, 13.154, 13.094, 13.062, 13.185, 13.404, 12.967, 12.626, 12.853, 13.431, 13.254, 13.163, 13.128, 11.918, 9.524, 8.26, 7.51, 6.04, 3.66, 3.07, 3.13, 1.39, 1.65, 1.81, 1.77, 1.77, 2.25, 2.73, 2.91, 2.54, 2.02, 1.89, 1.85, 1.57, 1.8, 1.93, 1.91, 1.43, 1.06, 1.1, 0, 0.91, 1.69, 2.47, 2.51, 3.09, 3.91, 3.03, 1.34, 1.69, 2.27, 2.24, 2.44, 2.26, 1.75, 3.48, 4.76, 4.12, 3.9, 4.12, 4.56, 4.53, 4.04, 4.12, 4.08, 3.6], [3.09, 4.69, 4.96, 5.62, 6.83, 6.94, 7.56, 9.77, 11.417, 11.622, 12.423, 12.756, 12.539, 12.793, 12.896, 13.727, 14.239, 14.326, 13.986, 13.962, 13.904, 13.592, 13.532, 13.478, 13.572, 13.808, 13.425, 13.096, 13.317, 13.858, 13.706, 13.613, 13.609, 12.39, 9.963, 8.77, 8.06, 6.61, 4.27, 3.58, 3.56, 2.04, 1.88, 2.04, 1.98, 1.96, 2.48, 2.94, 3.26, 2.79, 2.19, 2.06, 2.14, 2.0, 2.27, 2.34, 2.26, 1.84, 1.29, 0.85, 0.91, 0, 1.28, 2.02, 2.0, 2.48, 3.4, 2.54, 1.25, 1.9, 2.48, 2.53, 2.79, 2.59, 2.26, 3.95, 5.29, 4.55, 4.33, 4.59, 5.03, 4.96, 4.47, 4.57, 4.51, 4.01], [4.09, 5.77, 6.02, 6.7, 7.93, 8.08, 8.6, 10.81, 12.457, 12.768, 13.52, 13.793, 13.616, 13.904, 14.007, 14.93, 15.288, 15.395, 15.058, 15.017, 14.932, 14.627, 14.567, 14.538, 14.678, 14.894, 14.577, 14.216, 14.434, 15.024, 14.864, 14.756, 14.712, 13.478, 11.014, 9.69, 8.88, 7.41, 5.09, 4.4, 4.56, 2.88, 2.52, 2.64, 2.5, 2.62, 3.28, 3.8, 4.22, 3.65, 2.49, 2.74, 3.16, 3.0, 3.37, 3.44, 3.28, 2.68, 1.77, 1.41, 1.69, 1.28, 0, 1.18, 1.56, 1.78, 2.42, 1.46, 1.69, 2.96, 3.42, 3.39, 3.53, 3.45, 3.24, 4.61, 5.91, 5.55, 5.33, 5.55, 5.99, 5.92, 5.49, 5.65, 5.61, 5.13], [4.87, 6.35, 6.62, 7.12, 8.33, 8.54, 9.44, 11.61, 13.289, 13.596, 14.386, 14.587, 14.45, 14.73, 14.844, 15.614, 16.027, 16.028, 15.719, 15.734, 15.629, 15.326, 15.266, 15.257, 15.282, 15.59, 15.387, 15.053, 15.294, 15.814, 15.674, 15.552, 15.554, 14.31, 11.648, 9.89, 9.08, 7.61, 5.35, 4.64, 4.82, 3.64, 3.18, 3.2, 3.02, 3.32, 4.16, 4.6, 5.08, 4.47, 2.89, 3.36, 3.969, 3.8, 4.25, 4.32, 4.16, 3.56, 2.35, 2.13, 2.47, 2.02, 1.18, 0, 1.08, 1.28, 1.74, 1.18, 1.97, 3.74, 4.22, 4.19, 4.27, 4.21, 3.96, 4.87, 6.11, 5.91, 5.71, 5.81, 6.43, 6.62, 6.35, 6.473, 6.31, 5.79], [4.69, 6.15, 6.4, 6.9, 8.15, 8.36, 9.26, 11.45, 13.109, 13.43, 14.22, 14.404, 14.253, 14.533, 14.647, 15.434, 15.826, 15.825, 15.508, 15.536, 15.408, 15.105, 15.062, 15.062, 15.068, 15.379, 15.213, 14.89, 15.131, 15.651, 15.5, 15.389, 15.405, 14.154, 11.62, 9.89, 9.1, 7.59, 5.29, 4.64, 4.74, 3.72, 3.14, 2.84, 2.64, 3.14, 4.0, 4.42, 4.88, 4.27, 2.65, 3.14, 3.769, 3.64, 4.09, 4.18, 4.04, 3.46, 2.59, 2.19, 2.51, 2.0, 1.56, 1.08, 0, 0.9, 1.76, 1.38, 1.75, 3.58, 4.04, 3.99, 4.07, 4.01, 3.8, 5.09, 6.31, 5.77, 5.59, 5.79, 6.43, 6.58, 6.17, 6.33, 6.15, 5.61], [5.11, 6.55, 6.82, 7.32, 8.47, 8.68, 9.64, 11.91, 13.571, 13.915, 14.714, 14.91, 14.707, 14.976, 15.113, 15.943, 16.292, 16.348, 15.982, 15.9, 15.811, 15.509, 15.449, 15.443, 15.465, 15.833, 15.707, 15.381, 15.597, 16.134, 15.991, 15.823, 15.83, 14.59, 12.066, 10.37, 9.52, 8.11, 5.75, 5.02, 5.12, 4.28, 3.76, 3.36, 3.22, 3.74, 4.5, 4.92, 5.34, 4.73, 3.11, 3.62, 4.231, 4.14, 4.59, 4.7, 4.6, 4.04, 3.13, 2.67, 3.09, 2.48, 1.78, 1.28, 0.9, 0, 1.26, 1.18, 2.19, 4.08, 4.54, 4.47, 4.53, 4.41, 4.36, 5.59, 6.71, 6.01, 5.81, 6.03, 6.67, 6.96, 6.67, 6.87, 6.567, 6.05], [6.19, 7.63, 7.9, 8.4, 9.55, 9.76, 10.68, 12.93, 14.612, 14.944, 15.734, 15.95, 15.73, 16.007, 16.139, 16.957, 17.307, 17.362, 17.037, 16.991, 16.903, 16.6, 16.54, 16.517, 16.557, 16.888, 16.721, 16.398, 16.637, 17.148, 17.006, 16.874, 16.81, 15.633, 13.017, 11.23, 10.32, 8.85, 6.53, 5.84, 6.04, 5.08, 4.6, 4.274, 4.16, 4.6, 5.52, 5.94, 6.36, 5.75, 4.13, 4.64, 5.272, 5.14, 5.61, 5.68, 5.52, 4.92, 3.93, 3.43, 3.91, 3.4, 2.42, 1.74, 1.76, 1.26, 0, 1.2, 3.21, 5.1, 5.56, 5.49, 5.55, 5.43, 5.22, 6.25, 7.37, 6.97, 6.79, 6.99, 7.71, 7.96, 7.69, 7.841, 7.63, 7.09], [5.35, 6.83, 7.1, 7.66, 8.87, 9.12, 9.94, 12.11, 13.786, 14.113, 14.903, 15.087, 14.947, 15.242, 15.344, 16.164, 16.532, 16.537, 16.208, 16.25, 16.117, 15.814, 15.754, 15.749, 15.78, 16.082, 15.922, 15.581, 15.811, 16.349, 16.191, 16.097, 16.047, 14.802, 12.16, 10.47, 9.66, 8.19, 5.91, 5.18, 5.36, 4.18, 3.697, 3.48, 3.34, 3.76, 4.68, 5.1, 5.58, 4.97, 3.35, 3.84, 4.463, 4.3, 4.77, 4.84, 4.68, 4.08, 2.91, 2.59, 3.03, 2.54, 1.46, 1.18, 1.38, 1.18, 1.2, 0, 2.45, 4.26, 4.72, 4.69, 4.77, 4.67, 4.48, 5.33, 6.67, 6.43, 6.19, 6.33, 6.85, 7.1, 6.85, 6.99, 6.83, 6.31], [3.06, 4.64, 4.91, 5.45, 6.68, 6.81, 7.57, 9.8, 11.444, 11.737, 12.553, 12.786, 12.569, 12.837, 12.94, 13.794, 14.217, 14.31, 13.97, 13.938, 13.876, 13.573, 13.513, 13.459, 13.533, 13.775, 13.566, 13.223, 13.493, 13.993, 13.833, 13.727, 13.718, 12.587, 10.256, 9.0, 8.25, 6.8, 4.42, 3.81, 3.67, 2.45, 1.83, 1.49, 1.39, 1.77, 2.33, 2.75, 3.17, 2.56, 1.5, 1.47, 2.09, 2.03, 2.48, 2.69, 2.51, 1.99, 1.28, 1.34, 1.34, 1.25, 1.69, 1.97, 1.75, 2.19, 3.21, 2.45, 0, 1.91, 2.35, 2.32, 2.4, 2.44, 2.47, 4.1, 5.44, 4.62, 4.48, 4.76, 5.2, 5.25, 4.64, 4.82, 4.62, 4.04], [1.47, 3.15, 3.56, 4.12, 5.23, 5.34, 5.82, 8.03, 9.677, 9.902, 10.686, 11.019, 10.802, 11.053, 11.156, 12.044, 12.539, 12.646, 12.306, 12.248, 12.181, 11.878, 11.818, 11.744, 11.889, 12.128, 11.711, 11.382, 11.627, 12.158, 11.998, 11.917, 11.888, 10.8, 8.829, 7.75, 7.14, 5.71, 3.63, 3.72, 3.36, 2.14, 1.94, 2.2, 2.04, 1.52, 1.18, 1.82, 1.9, 1.77, 2.21, 1.58, 1.12, 1.12, 1.47, 1.64, 1.6, 1.26, 1.67, 1.89, 1.69, 1.9, 2.96, 3.74, 3.58, 4.08, 5.1, 4.26, 1.91, 0, 0.8, 0.93, 1.21, 1.35, 1.32, 3.25, 4.53, 3.61, 3.27, 3.59, 4.01, 3.88, 3.19, 3.35, 3.07, 2.67], [1.21, 2.67, 2.98, 3.84, 4.97, 5.04, 5.38, 7.49, 9.12, 9.43, 10.226, 10.497, 10.3, 10.611, 10.703, 11.633, 11.988, 12.095, 11.766, 11.76, 11.682, 11.376, 11.292, 11.223, 11.355, 11.6, 11.303, 10.902, 11.287, 11.741, 11.607, 11.564, 11.591, 10.537, 8.81, 7.71, 7.1, 5.7