[[0, 0.61, 0.97, 2.15, 2.66, 3.84, 5.01, 3.76, 3.54, 3.59, 3.8, 4.29, 4.58, 4.65, 4.78, 5.12, 5.37, 5.59, 5.71, 6.21, 6.34, 6.34, 7.85, 8.58, 7.499, 5.01, 4.84, 4.5, 4.18, 3.83, 4.19, 3.8, 3.01, 3.08, 2.72, 2.28, 2.27, 2.19, 1.8, 1.76, 2.1, 3.42, 4.07, 4.56, 5.82, 6.04, 6.53, 6.74, 6.35, 5.74, 5.46, 4.9, 4.84, 5.23, 5.57, 5.59, 5.6, 5.39, 5.33, 4.48, 2.88, 2.06, 2.85, 2.8, 3.19, 3.82, 3.86, 3.77, 3.38, 3.0, 2.36, 2.52, 1.87, 2.33, 3.02, 3.4, 2.32, 2.71, 2.92, 2.3, 2.01, 1.85, 2.55, 4.25, 4.82, 4.74], [0.61, 0, 0.82, 1.94, 2.45, 3.61, 4.8, 3.61, 3.33, 3.24, 3.47, 3.96, 4.31, 4.44, 4.61, 4.95, 5.14, 5.34, 5.48, 6.0, 6.11, 6.11, 7.64, 8.33, 7.312, 4.82, 4.69, 4.27, 3.95, 3.62, 3.98, 3.57, 2.78, 2.93, 2.61, 2.19, 2.26, 2.16, 1.87, 1.79, 2.27, 3.61, 4.2, 4.67, 5.93, 6.19, 6.7, 6.95, 6.56, 5.95, 5.65, 5.09, 5.01, 5.38, 5.76, 5.78, 5.81, 5.597, 5.38, 4.57, 2.97, 2.27, 2.9, 2.97, 3.48, 4.05, 4.09, 4.0, 3.57, 3.21, 2.53, 2.63, 2.08, 2.38, 2.99, 3.31, 2.25, 2.6, 2.81, 2.13, 2.06, 1.96, 2.74, 4.44, 4.99, 4.93], [0.97, 0.82, 0, 1.46, 1.91, 3.19, 4.34, 3.09, 2.81, 3.04, 3.19, 3.7, 3.85, 3.88, 4.03, 4.39, 4.58, 4.8, 5.02, 5.7, 5.69, 5.85, 7.36, 8.03, 7.06, 4.38, 4.23, 3.99, 3.57, 3.48, 3.74, 3.15, 2.3, 2.39, 1.99, 1.75, 1.74, 1.66, 1.69, 1.83, 2.51, 3.77, 4.4, 5.33, 6.503, 6.55, 6.86, 7.13, 6.752, 6.11, 5.819, 5.21, 5.23, 5.62, 5.957, 5.94, 5.95, 5.752, 5.7, 4.91, 3.39, 2.57, 2.86, 3.01, 3.64, 4.23, 4.23, 4.14, 3.73, 3.51, 3.17, 3.33, 2.64, 2.4, 2.91, 3.21, 2.17, 2.2, 2.55, 1.79, 1.8, 1.88, 3.18, 4.62, 5.13, 5.07], [2.15, 1.94, 1.46, 0, 1.09, 2.25, 3.3, 2.43, 2.71, 2.9, 3.05, 3.52, 3.73, 3.72, 3.79, 3.99, 4.18, 4.5, 4.5, 4.92, 4.93, 5.03, 6.34, 6.87, 6.26, 4.16, 3.37, 3.03, 2.71, 2.58, 2.9, 2.37, 1.92, 2.27, 2.17, 2.23, 2.3, 2.16, 2.41, 2.73, 3.69, 5.01, 5.593, 6.348, 7.391, 7.69, 8.16, 8.43, 8.049, 7.41, 7.116, 6.51, 6.51, 6.92, 7.26, 7.28, 7.27, 7.06, 6.58, 5.61, 3.91, 2.79, 2.9, 3.09, 3.84, 4.33, 4.27, 4.18, 3.79, 3.79, 3.93, 4.25, 3.36, 2.52, 2.43, 2.55, 1.83, 1.9, 1.97, 1.47, 1.66, 2.4, 4.14, 5.86, 6.41, 6.41], [2.66, 2.45, 1.91, 1.09, 0, 1.64, 2.69, 1.68, 2.12, 2.57, 2.66, 3.21, 3.2, 3.23, 3.08, 3.24, 3.47, 3.73, 3.79, 4.15, 4.2, 4.24, 5.63, 6.28, 5.31, 3.43, 2.62, 2.34, 2.12, 2.01, 2.15, 1.84, 1.47, 1.64, 1.72, 2.1, 2.13, 2.21, 2.8, 2.88, 4.22, 5.58, 6.209, 7.02, 8.107, 8.32, 8.69, 8.96, 8.579, 7.94, 7.646, 7.04, 7.04, 7.41, 7.75, 7.77, 7.76, 7.59, 7.21, 6.44, 4.8, 3.4, 3.21, 3.32, 4.21, 4.52, 4.48, 4.45, 4.3, 4.44, 4.58, 4.84, 4.03, 2.89, 2.54, 2.18, 1.72, 1.33, 1.3, 1.3, 1.95, 2.79, 4.79, 6.37, 6.94, 6.94], [3.84, 3.61, 3.19, 2.25, 1.64, 0, 1.27, 1.74, 2.82, 3.29, 3.6, 4.13, 3.76, 3.51, 3.3, 3.32, 3.51, 3.77, 3.73, 3.81, 4.02, 3.94, 4.67, 5.12, 4.95, 3.55, 2.68, 2.14, 2.02, 1.73, 1.67, 1.58, 1.77, 1.92, 2.34, 3.18, 3.07, 3.33, 4.12, 4.12, 5.58, 6.885, 7.495, 7.909, 8.872, 9.36, 10.03, 10.3, 9.922, 9.28, 8.989, 8.38, 8.4, 8.767, 9.107, 9.11, 9.1, 8.919, 8.402, 7.22, 5.26, 3.82, 3.33, 3.14, 4.13, 4.42, 4.22, 4.37, 4.52, 5.06, 5.58, 5.92, 4.97, 3.47, 2.42, 2.06, 2.42, 1.91, 1.66, 1.98, 2.65, 3.89, 5.81, 7.63, 8.3, 8.24], [5.01, 4.8, 4.34, 3.3, 2.69, 1.27, 0, 1.81, 3.39, 4.02, 4.33, 4.74, 4.15, 3.76, 3.15, 2.97, 3.06, 3.26, 3.34, 3.4, 3.53, 3.53, 3.96, 4.31, 4.36, 3.44, 2.35, 1.85, 1.97, 2.04, 1.62, 1.75, 2.66, 2.81, 3.41, 4.25, 4.12, 4.38, 5.17, 5.27, 6.65, 7.929, 8.539, 9.036, 9.988, 10.49, 11.06, 11.33, 10.957, 10.31, 10.024, 9.45, 9.47, 9.88, 10.22, 10.22, 10.21, 9.997, 9.48, 8.33, 6.37, 4.93, 3.98, 4.13, 5.02, 5.21, 5.19, 5.38, 5.65, 6.19, 6.73, 7.09, 6.1, 4.58, 3.33, 3.19, 3.59, 3.04, 2.71, 3.05, 3.74, 5.02, 7.0, 8.78, 9.37, 9.33], [3.76, 3.61, 3.09, 2.43, 1.68, 1.74, 1.81, 0, 2.0, 2.61, 2.96, 3.39, 2.72, 2.33, 1.94, 1.92, 2.21, 2.43, 2.55, 2.97, 3.02, 3.08, 4.49, 5.06, 4.13, 2.27, 1.48, 1.5, 1.1, 1.47, 1.43, 1.16, 1.57, 1.68, 2.12, 3.0, 2.89, 3.15, 3.94, 3.98, 5.32, 6.72, 7.39, 8.24, 9.32, 9.52, 9.83, 10.08, 9.69, 9.04, 8.76, 8.14, 8.14, 8.55, 8.89, 8.91, 8.92, 8.71, 8.39, 7.64, 6.04, 4.78, 4.27, 4.32, 5.45, 5.82, 5.62, 5.53, 5.5, 5.82, 5.86, 6.06, 5.29, 3.93, 3.66, 3.14, 2.78, 1.95, 2.02, 2.48, 3.05, 4.01, 5.97, 7.53, 8.06, 8.02], [3.54, 3.33, 2.81, 2.71, 2.12, 2.82, 3.39, 2.0, 0, 1.17, 1.24, 1.67, 1.32, 1.35, 2.06, 2.92, 2.95, 3.27, 3.69, 4.41, 4.36, 4.56, 5.99, 6.7, 5.71, 3.05, 2.72, 2.74, 2.34, 2.31, 2.65, 2.1, 1.57, 1.7, 1.76, 1.8, 1.91, 2.11, 2.92, 3.38, 4.26, 5.7, 6.33, 7.34, 8.76, 8.74, 8.53, 8.6, 8.13, 7.56, 7.26, 7.0, 7.04, 7.31, 7.59, 7.53, 7.52, 7.53, 7.97, 7.34, 5.94, 5.14, 5.03, 5.26, 6.11, 6.42, 6.34, 6.15, 5.94, 6.14, 5.78, 5.84, 5.23, 4.11, 4.16, 3.82, 3.14, 2.67, 2.6, 2.98, 3.49, 4.09, 5.71, 6.83, 6.92, 6.96], [3.59, 3.24, 3.04, 2.9, 2.57, 3.29, 4.02, 2.61, 1.17, 0, 0.87, 1.2, 1.41, 1.68, 2.63, 3.53, 3.58, 3.88, 4.24, 4.96, 4.93, 5.11, 6.6, 7.21, 6.22, 3.5, 3.25, 3.35, 2.93, 2.9, 3.22, 2.73, 2.0, 2.27, 2.23, 1.97, 2.24, 2.38, 2.97, 3.25, 4.07, 5.49, 6.14, 7.07, 8.468, 8.53, 8.34, 8.31, 7.64, 7.03, 6.77, 6.71, 6.79, 7.04, 7.16, 7.12, 6.99, 7.16, 7.64, 7.03, 5.75, 5.17, 5.46, 5.65, 6.46, 6.81, 6.77, 6.58, 6.27, 6.29, 5.59, 5.51, 5.12, 4.4, 4.53, 4.23, 3.41, 3.12, 3.09, 3.49, 3.92, 4.24, 5.44, 6.54, 6.59, 6.55], [3.8, 3.47, 3.19, 3.05, 2.66, 3.6, 4.33, 2.96, 1.24, 0.87, 0, 0.85, 1.12, 1.61, 2.72, 3.6, 3.63, 3.95, 4.31, 5.03, 5.0, 5.22, 6.71, 7.36, 6.37, 3.65, 3.36, 3.5, 3.12, 3.09, 3.45, 2.92, 2.31, 2.46, 2.46, 2.06, 2.41, 2.57, 3.12, 3.52, 4.44, 5.9, 6.51, 7.478, 8.861, 8.838, 8.59, 8.48, 7.743, 7.18, 6.975, 7.0, 7.12, 7.35, 7.428, 7.39, 7.34, 7.568, 8.094, 7.52, 6.12, 5.42, 5.67, 5.84, 6.67, 7.02, 7.0, 6.85, 6.48, 6.46, 5.88, 5.94, 5.35, 4.61, 4.7, 4.52, 3.66, 3.33, 3.4, 3.64, 4.07, 4.43, 5.83, 6.85, 6.84, 6.84], [4.29, 3.96, 3.7, 3.52, 3.21, 4.13, 4.74, 3.39, 1.67, 1.2, 0.85, 0, 1.23, 1.88, 3.09, 3.83, 3.92, 4.28, 4.58, 5.34, 5.35, 5.63, 7.12, 7.79, 6.8, 4.08, 3.79, 3.91, 3.49, 3.5, 3.88, 3.29, 2.78, 2.99, 2.91, 2.51, 3.02, 3.0, 3.43, 3.99, 4.89, 6.03, 6.52, 7.65, 8.934, 8.89, 8.56, 8.43, 7.675, 7.13, 7.05, 7.15, 7.25, 7.44, 7.52, 7.66, 7.63, 7.8, 8.307, 7.79, 6.55, 5.91, 6.18, 6.35, 7.18, 7.55, 7.49, 7.34, 6.95, 6.97, 6.35, 6.31, 5.84, 5.2, 5.21, 5.11, 4.25, 3.88, 3.95, 4.15, 4.54, 4.96, 6.26, 7.06, 6.91, 6.87], [4.58, 4.31, 3.85, 3.73, 3.2, 3.76, 4.15, 2.72, 1.32, 1.41, 1.12, 1.23, 0, 0.95, 1.98, 2.84, 2.91, 3.19, 3.59, 4.31, 4.26, 4.48, 5.93, 6.62, 5.63, 2.93, 2.64, 2.92, 2.62, 2.91, 3.31, 2.88, 2.49, 2.7, 2.7, 2.7, 2.89, 3.09, 3.9, 4.36, 5.3, 6.68, 7.23, 8.24, 9.581, 9.538, 9.29, 9.22, 8.5, 7.9, 7.713, 7.78, 7.86, 8.07, 8.145, 8.19, 8.12, 8.33, 8.874, 8.3, 6.92, 6.24, 6.17, 6.32, 7.27, 7.58, 7.44, 7.23, 6.92, 7.14, 6.72, 6.76, 6.17, 5.17, 5.12, 4.88, 4.14, 3.67, 3.64, 4.04, 4.47, 5.17, 6.69, 7.63, 7.56, 7.56], [4.65, 4.44, 3.88, 3.72, 3.23, 3.51, 3.76, 2.33, 1.35, 1.68, 1.61, 1.88, 0.95, 0, 1.29, 2.07, 2.1, 2.46, 2.82, 3.54, 3.53, 3.83, 5.3, 5.99, 5.0, 2.28, 2.05, 2.47, 2.07, 2.5, 2.94, 2.45, 2.36, 2.31, 2.49, 2.69, 2.78, 3.06, 3.93, 4.43, 5.39, 6.77, 7.42, 8.528, 9.948, 9.925, 9.673, 9.654, 9.067, 8.482, 8.231, 8.163, 8.263, 8.475, 8.613, 8.613, 8.503, 8.635, 9.141, 8.514, 7.13, 6.29, 6.2, 6.31, 7.3, 7.61, 7.47, 7.2, 6.89, 7.19, 6.85, 6.93, 6.32, 5.16, 5.03, 4.87, 4.11, 3.6, 3.59, 4.05, 4.38, 5.18, 6.76, 7.94, 8.01, 7.97], [4.78, 4.61, 4.03, 3.79, 3.08, 3.3, 3.15, 1.94, 2.06, 2.63, 2.72, 3.09, 1.98, 1.29, 0, 1.04, 1.11, 1.43, 1.67, 2.41, 2.42, 2.62, 4.05, 4.76, 3.75, 1.15, 1.08, 1.7, 1.54, 2.19, 2.39, 2.2, 2.45, 2.38, 2.66, 3.38, 3.35, 3.57, 4.56, 4.7, 5.9, 7.22, 7.91, 8.847, 10.158, 10.193, 10.268, 10.435, 10.024, 9.449, 9.152, 8.695, 8.687, 9.011, 9.348, 9.31, 9.317, 9.125, 9.428, 8.701, 7.298, 6.2, 5.93, 6.08, 7.11, 7.4, 7.24, 6.95, 6.82, 7.12, 6.94, 7.06, 6.43, 5.05, 4.96, 4.62, 4.0, 3.41, 3.36, 3.84, 4.31, 5.07, 6.97, 8.27, 8.6, 8.62], [5.12, 4.95, 4.39, 3.99, 3.24, 3.32, 2.97, 1.92, 2.92, 3.53, 3.6, 3.83, 2.84, 2.07, 1.04, 0, 0.57, 0.89, 0.99, 1.59, 1.6, 1.94, 3.35, 4.06, 3.09, 1.11, 1.2, 1.66, 1.52, 2.17, 2.33, 2.1, 2.73, 2.58, 3.1, 3.96, 3.97, 4.15, 4.9, 5.16, 6.572, 7.7, 8.33, 9.484, 10.753, 10.767, 10.988, 11.254, 10.887, 10.294, 10.014, 9.497, 9.464, 9.87, 10.23, 10.21, 10.217, 9.967, 9.965, 9.173, 7.653, 6.4, 5.93, 6.04, 7.15, 7.48, 7.34, 7.13, 7.02, 7.32, 7.24, 7.44, 6.75, 5.35, 5.1, 4.74, 4.22, 3.45, 3.46, 3.96, 4.45, 5.47, 7.39, 8.89, 9.42, 9.36], [5.37, 5.14, 4.58, 4.18, 3.47, 3.51, 3.06, 2.21, 2.95, 3.58, 3.63, 3.92, 2.91, 2.1, 1.11, 0.57, 0, 0.64, 0.88, 1.54, 1.51, 1.87, 3.3, 3.99, 3.12, 1.1, 1.29, 1.67, 1.73, 2.24, 2.42, 2.15, 2.78, 2.65, 3.15, 3.99, 4.04, 4.2, 5.01, 5.33, 6.63, 7.79, 8.438, 9.574, 10.823, 10.854, 11.058, 11.293, 10.917, 10.333, 10.053, 9.616, 9.528, 9.961, 10.326, 10.306, 10.29, 10.086, 9.995, 9.245, 7.765, 6.63, 6.16, 6.27, 7.38, 7.71, 7.57, 7.36, 7.25, 7.55, 7.39, 7.57, 6.9, 5.48, 5.31, 4.97, 4.41, 3.72, 3.63, 4.19, 4.66, 5.6, 7.48, 9.06, 9.53, 9.53], [5.59, 5.34, 4.8, 4.5, 3.73, 3.77, 3.26, 2.43, 3.27, 3.88, 3.95, 4.28, 3.19, 2.46, 1.43, 0.89, 0.64, 0, 0.64, 1.24, 1.21, 1.51, 2.92, 3.61, 2.66, 1.2, 1.51, 1.91, 2.03, 2.44, 2.4, 2.39, 3.04, 2.99, 3.49, 4.39, 4.32, 4.549, 5.37, 5.61, 6.924, 8.144, 8.758, 9.814, 11.04, 11.114, 11.32, 11.584, 11.217, 10.624, 10.344, 9.87, 9.79, 10.223, 10.603, 10.583, 10.57, 10.34, 10.155, 9.423, 7.945, 6.89, 6.38, 6.49, 7.62, 7.95, 7.81, 7.62, 7.51, 7.81, 7.59, 7.75, 7.08, 5.72, 5.55, 5.21, 4.67, 3.9, 3.93, 4.45, 4.94, 5.78, 7.68, 9.28, 9.79, 9.75], [5.71, 5.48, 5.02, 4.5, 3.79, 3.73, 3.34, 2.55, 3.69, 4.24, 4.31, 4.58, 3.59, 2.82, 1.67, 0.99, 0.88, 0.64, 0, 0.96, 0.99, 1.25, 2.64, 3.33, 2.48, 1.38, 1.61, 1.91, 1.99, 2.42, 2.44, 2.49, 3.28, 3.27, 3.75, 4.67, 4.68, 4.843, 5.63, 5.75, 7.219, 8.356, 8.98, 9.911, 11.103, 11.245, 11.689, 11.959, 11.592, 10.999, 10.719, 10.167, 10.102, 10.5, 10.88, 10.86, 10.867, 10.637, 10.395, 9.543, 8.003, 6.79, 6.44, 6.49, 7.6, 7.91, 7.75, 7.52, 7.41, 7.73, 7.63, 7.81, 7.12, 5.7, 5.51, 5.17, 4.63, 3.96, 3.93, 4.41, 4.94, 5.86, 7.74, 9.44, 10.09, 10.03], [6.21, 6.0, 5.7, 4.92, 4.15, 3.81, 3.4, 2.97, 4.41, 4.96, 5.03, 5.34, 4.31, 3.54, 2.41, 1.59, 1.54, 1.24, 0.96, 0, 0.67, 0.75, 2.0, 2.69, 1.82, 1.88, 2.07, 2.13, 2.45, 2.8, 2.64, 2.91, 3.86, 3.93, 4.47, 5.39, 5.38, 5.583, 6.341, 6.399, 7.919, 9.124, 9.734, 10.388, 11.56, 11.842, 12.389, 12.659, 12.292, 11.699, 11.419, 10.862, 10.802, 11.194, 11.574, 11.534, 11.562, 11.332, 10.993, 10.12, 8.46, 6.91, 6.42, 6.43, 7.56, 7.91, 7.75, 7.58, 7.47, 7.87, 8.03, 8.33, 7.48, 6.08, 5.63, 5.25, 4.89, 4.34, 4.15, 4.71, 5.28, 6.44, 8.34, 10.12, 10.79, 10.71], [6.34, 6.11, 5.69, 4.93, 4.2, 4.02, 3.53, 3.02, 4.36, 4.93, 5.0, 5.35, 4.26, 3.53, 2.42, 1.6, 1.51, 1.21, 0.99, 0.67, 0, 0.62, 1.93, 2.58, 1.87, 1.95, 2.08, 2.28, 2.46, 2.97, 2.83, 3.0, 3.83, 3.86, 4.42, 5.36, 5.33, 5.556, 6.285, 6.42, 7.872, 9.077, 9.678, 10.481, 11.69, 11.832, 12.319, 12.592, 12.224, 11.632, 11.352, 10.82, 10.76, 11.173, 11.553, 11.513, 11.534, 11.29, 11.003, 10.09, 8.473, 7.18, 6.63, 6.72, 7.85, 8.2, 8.04, 7.87, 7.76, 8.08, 8.08, 8.4, 7.57, 6.21, 5.88, 5.48, 5.12, 4.43, 4.26, 4.82, 5.31, 6.53, 8.41, 10.13, 10.74, 10.68], [6.34, 6.11, 5.85, 5.03, 4.24, 3.94, 3.53, 3.08, 4.56, 5.11, 5.22, 5.63, 4.48, 3.83, 2.62, 1.94, 1.87, 1.51, 1.25, 0.75, 0.62, 0, 1.65, 2.36, 1.57, 1.99, 2.16, 2.18, 2.62, 2.87, 2.71, 3.06, 4.05, 4.12, 4.7, 5.64, 5.55, 5.81, 6.585, 6.612, 8.049, 9.348, 9.978, 10.478, 11.65, 11.892, 12.516, 12.769, 12.402, 11.809, 11.529, 10.972, 10.912, 11.304, 11.684, 11.644, 11.672, 11.442, 11.1, 10.19, 8.47, 6.998, 6.55, 6.56, 7.67, 8.02, 7.86, 7.73, 7.62, 7.94, 8.06, 8.36, 7.51, 6.17, 5.78, 5.34, 4.98, 4.49, 4.22, 4.82, 5.37, 6.57, 8.41, 10.27, 10.9, 10.82], [7.85, 7.64, 7.36, 6.34, 5.63, 4.67, 3.96, 4.49, 5.99, 6.6, 6.71, 7.12, 5.93, 5.3, 4.05, 3.35, 3.3, 2.92, 2.64, 2.0, 1.93, 1.65, 0, 0.97, 1.02, 3.32, 3.41, 3.63, 4.07, 4.22, 3.78, 4.51, 5.44, 5.61, 6.19, 7.13, 7.08, 7.326, 8.089, 8.104, 9.599, 10.852, 11.462, 12.048, 13.111, 13.385, 13.932, 14.222, 13.854, 13.262, 12.982, 12.442, 12.382, 12.774, 13.174, 13.114, 13.142, 12.912, 12.501, 11.531, 9.651, 7.88, 6.88, 7.35, 8.42, 8.625, 8.45, 8.54, 8.65, 9.19, 9.55, 9.85, 9.02, 7.6, 6.69, 6.43, 6.31, 5.92, 5.55, 6.07, 6.72, 8.0, 9.88, 11.78, 12.41, 12.31], [8.58, 8.33, 8.03, 6.87, 6.28, 5.12, 4.31, 5.06, 6.7, 7.21, 7.36, 7.79, 6.62, 5.99, 4.76, 4.06, 3.99, 3.61, 3.33, 2.69, 2.58, 2.36, 0.97, 0, 1.31, 3.95, 4.1, 4.28, 4.64, 4.93, 4.45, 5.12, 6.17, 6.34, 6.92, 7.86, 7.743, 8.006, 8.796, 8.874, 10.192, 11.559, 12.189, 12.612, 13.621, 14.123, 14.647, 14.897, 14.499, 13.906, 13.606, 13.057, 12.974, 13.39, 13.79, 13.77, 13.817, 13.567, 13.05, 11.941, 10.061, 8.464, 7.303, 7.82, 8.85, 9.067, 8.94, 9.05, 9.18, 9.7, 10.18, 10.54, 9.57, 8.13, 7.22, 6.9, 6.98, 6.63, 6.16, 6.72, 7.31, 8.55, 10.55, 12.43, 12.98, 12.92], [7.499, 7.312, 7.06, 6.26, 5.31, 4.95, 4.36, 4.13, 5.71, 6.22, 6.37, 6.8, 5.63, 5.0, 3.75, 3.09, 3.12, 2.66, 2.48, 1.82, 1.87, 1.57, 1.02, 1.31, 0, 2.84, 3.21, 3.47, 3.91, 4.12, 3.66, 4.39, 5.26, 5.39, 5.97, 6.901, 6.793, 7.056, 7.846, 7.829, 9.233, 10.649, 11.312, 11.868, 12.877, 13.325, 13.691, 13.901, 13.509, 12.916, 12.596, 12.036, 11.956, 12.349, 12.772, 12.689, 12.776, 12.566, 12.167, 11.377, 9.68, 8.003, 7.138, 7.53, 8.72, 8.965, 8.81, 8.7, 8.67, 9.13, 9.35, 9.57, 8.78, 7.44, 7.01, 6.41, 6.03, 5.64, 5.37, 6.09, 6.7, 7.76, 9.68, 11.42, 12.01, 11.95], [5.01, 4.82, 4.38, 4.16, 3.43, 3.55, 3.44, 2.27, 3.05, 3.5, 3.65, 4.08, 2.93, 2.28, 1.15, 1.11, 1.1, 1.2, 1.38, 1.88, 1.95, 1.99, 3.32, 3.95, 2.84, 0, 1.45, 1.91, 1.93, 2.46, 2.68, 2.61, 2.98, 3.03, 3.37, 4.17, 4.08, 4.373, 5.21, 5.23, 6.55, 7.97, 8.678, 9.314, 10.443, 10.717, 10.981, 11.184, 10.786, 10.173, 9.853, 9.293, 9.271, 9.644, 9.994, 9.966, 10.042, 9.814, 9.798, 8.988, 7.525, 6.27, 6.14, 6.25, 7.22, 7.51, 7.35, 7.1, 6.93, 7.23, 7.07, 7.25, 6.54, 5.18, 5.17, 4.71, 4.05, 3.64, 3.67, 4.23, 4.74, 5.3, 7.24, 8.8, 9.23, 9.19], [4.84, 4.69, 4.23, 3.37, 2.62, 2.68, 2.35, 1.48, 2.72, 3.25, 3.36, 3.79, 2.64, 2.05, 1.08, 1.2, 1.29, 1.51, 1.61, 2.07, 2.08, 2.16, 3.41, 4.1, 3.21, 1.45, 0, 0.98, 1.12, 1.57, 1.59, 1.62, 2.29, 2.34, 2.9, 3.84, 3.75, 4.009, 4.819, 4.932, 6.243, 7.652, 8.365, 9.258, 10.344, 10.578, 10.745, 10.915, 10.519, 9.946, 9.646, 9.155, 9.075, 9.428, 9.813, 9.793, 9.797, 9.596, 9.354, 8.627, 6.97, 5.62, 5.21, 5.38, 6.45, 6.74, 6.56, 6.35, 6.26, 6.56, 6.76, 7.0, 6.21, 4.83, 4.46, 3.96, 3.56, 2.89, 2.74, 3.36, 3.77, 4.99, 7.01, 8.61, 9.04, 9.08], [4.5, 4.27, 3.99, 3.03, 2.34, 2.14, 1.85, 1.5, 2.74, 3.35, 3.5, 3.91, 2.92, 2.47, 1.7, 1.66, 1.67, 1.91, 1.91, 2.13, 2.28, 2.18, 3.63, 4.28, 3.47, 1.91, 0.98, 0, 0.82, 1.07, 1.19, 1.2, 2.17, 2.28, 2.86, 3.8, 3.69, 3.915, 4.705, 4.694, 6.106, 7.468, 8.118, 8.618, 9.784, 10.112, 10.633, 10.883, 10.496, 9.903, 9.623, 9.063, 8.989, 9.344, 9.724, 9.736, 9.752, 9.533, 9.114, 8.227, 6.53, 5.08, 4.63, 4.72, 5.81, 6.14, 5.96, 5.79, 5.68, 6.0, 6.18, 6.5, 5.63, 4.23, 3.8, 3.38, 3.04, 2.57, 2.3, 2.9, 3.41, 4.59, 6.47, 8.33, 8.96, 8.88], [4.18, 3.95, 3.57, 2.71, 2.12, 2.02, 1.97, 1.1, 2.34, 2.93, 3.12, 3.49, 2.62, 2.07, 1.54, 1.52, 1.73, 2.03, 1.99, 2.45, 2.46, 2.62, 4.07, 4.64, 3.91, 1.93, 1.12, 0.82, 0, 1.01, 1.33, 1.0, 1.77, 1.9, 2.4, 3.34, 3.25, 3.461, 4.251, 4.34, 5.689, 7.014, 7.644, 8.298, 9.441, 9.755, 10.25, 10.5, 10.096, 9.503, 9.223, 8.672, 8.592, 8.967, 9.347, 9.35, 9.394, 9.162, 8.743, 7.81, 6.273, 4.96, 4.57, 4.66, 5.71, 6.02, 5.86, 5.63, 5.52, 5.82, 5.92, 6.18, 5.37, 3.91, 3.64, 3.26, 2.86, 2.29, 2.16, 2.72, 3.15, 4.21, 6.15, 7.95, 8.56, 8.48], [3.83, 3.62, 3.48, 2.58, 2.01, 1.73, 2.04, 1.47, 2.31, 2.9, 3.09, 3.5, 2.91, 2.5, 2.19, 2.17, 2.24, 2.44, 2.42, 2.8, 2.97, 2.87, 4.22, 4.93, 4.12, 2.46, 1.57, 1.07, 1.01, 0, 0.9, 0.93, 1.64, 1.77, 2.33, 3.27, 3.18, 3.448, 4.238, 4.222, 5.636, 6.981, 7.631, 8.008, 9.111, 9.545, 10.2, 10.45, 10.046, 9.453, 9.173, 8.613, 8.539, 8.892, 9.272, 9.286, 9.31, 9.1, 8.641, 7.714, 5.983, 4.59, 4.3, 4.19, 5.26, 5.57, 5.41, 5.22, 5.11, 5.43, 5.53, 5.81, 5.04, 3.56, 3.17, 2.83, 2.51, 2.08, 1.99, 2.53, 3.02, 4.14, 5.86, 7.86, 8.51, 8.43], [4.19, 3.98, 3.74, 2.9, 2.15, 1.67, 1.62, 1.43, 2.65, 3.22, 3.45, 3.88, 3.31, 2.94, 2.39, 2.33, 2.42, 2.4, 2.44, 2.64, 2.83, 2.71, 3.78, 4.45, 3.66, 2.68, 1.59, 1.19, 1.33, 0.9, 0, 1.03, 1.88, 2.03, 2.61, 3.55, 3.46, 3.702, 4.492, 4.481, 5.916, 7.255, 7.905, 8.445, 9.554, 9.905, 10.4, 10.659, 10.252, 9.659, 9.379, 8.819, 8.759, 9.132, 9.512, 9.492, 9.519, 9.309, 8.884, 7.977, 6.217, 4.69, 4.18, 4.25, 5.38, 5.73, 5.57, 5.4, 5.35, 5.71, 5.99, 6.25, 5.44, 4.0, 3.43, 3.07, 2.75, 2.3, 2.01, 2.59, 3.18, 4.4, 6.24, 8.12, 8.75, 8.67], [3.8, 3.57, 3.15, 2.37, 1.84, 1.58, 1.75, 1.16, 2.1, 2.73, 2.92, 3.29, 2.88, 2.45, 2.2, 2.1, 2.15, 2.39, 2.49, 2.91, 3.0, 3.06, 4.51, 5.12, 4.39, 2.61, 1.62, 1.2, 1.0, 0.93, 1.03, 0, 1.23, 1.42, 1.92, 2.8, 2.77, 2.964, 3.754, 3.9, 5.289, 6.537, 7.147, 7.975, 9.078, 9.372, 9.793, 10.049, 9.662, 9.069, 8.789, 8.24, 8.18, 8.573, 8.953, 8.913, 8.934, 8.71, 8.224, 7.39, 5.71, 4.56, 4.13, 4.18, 5.29, 5.62, 5.48, 5.29, 5.18, 5.48, 5.56, 5.84, 5.01, 3.57, 3.22, 2.88, 2.46, 1.85, 1.66, 2.24, 2.69, 3.79, 5.77, 7.53, 8.16, 8.1], [3.01, 2.78, 2.3, 1.92, 1.47, 1.77, 2.66, 1.57, 1.57, 2.0, 2.31, 2.78, 2.49, 2.36, 2.45, 2.73, 2.78, 3.04, 3.28, 3.86, 3.83, 4.05, 5.44, 6.17, 5.26, 2.98, 2.29, 2.17, 1.77, 1.64, 1.88, 1.23, 0, 0.87, 1.05, 1.77, 1.76, 1.98, 2.67, 2.99, 4.27, 5.499, 6.152, 7.268, 8.414, 8.585, 8.712, 8.956, 8.557, 7.996, 7.696, 7.276, 7.182, 7.589, 7.949, 7.929, 7.91, 7.746, 7.373, 6.74, 5.165, 4.13, 4.02, 4.13, 5.14, 5.45, 5.29, 5.02, 4.77, 5.01, 4.89, 5.09, 4.36, 3.04, 2.93, 2.73, 1.91, 1.4, 1.45, 1.85, 2.26, 3.2, 5.02, 6.68, 7.17, 7.21], [3.08, 2.93, 2.39, 2.27, 1.64, 1.92, 2.81, 1.68, 1.7, 2.27, 2.46, 2.99, 2.7, 2.31, 2.38, 2.58, 2.65, 2.99, 3.27, 3.93, 3.86, 4.12, 5.61, 6.34, 5.39, 3.03, 2.34, 2.28, 1.9, 1.77, 2.03, 1.42, 0.87, 0, 0.82, 1.62, 1.55, 1.81, 2.64, 2.96, 4.209, 5.52, 6.228, 7.464, 8.713, 8.75, 8.788, 8.932, 8.465, 7.972, 7.652, 7.335, 7.278, 7.591, 7.942, 7.919, 7.872, 7.782, 7.743, 7.113, 5.573, 4.46, 4.15, 4.26, 5.31, 5.62, 5.46, 5.19, 5.08, 5.38, 5.16, 5.38, 4.67, 3.31, 3.16, 2.86, 2.26, 1.59, 1.58, 2.0, 2.47, 3.43, 5.35, 6.83, 7.24, 7.3], [2.72, 2.61, 1.99, 2.17, 1.72, 2.34, 3.41, 2.12, 1.76, 2.23, 2.46, 2.91, 2.7, 2.49, 2.66, 3.1, 3.15, 3.49, 3.75, 4.47, 4.42, 4.7, 6.19, 6.92, 5.97, 3.37, 2.9, 2.86, 2.4, 2.33, 2.61, 1.92, 1.05, 0.82, 0, 1.12, 1.27, 1.39, 2.18, 2.56, 3.78, 5.1, 5.808, 7.081, 8.31, 8.361, 8.408, 8.518, 8.048, 7.495, 7.195, 6.898, 6.858, 7.171, 7.451, 7.348, 7.415, 7.305, 7.365, 6.693, 5.215, 4.16, 3.95, 4.06, 5.07, 5.38, 5.22, 4.95, 4.76, 5.06, 4.86, 5.02, 4.35, 2.99, 2.94, 2.76, 2.04, 1.61, 1.72, 1.8, 2.17, 3.03, 4.93, 6.43, 6.76, 6.84], [2.28, 2.19, 1.75, 2.23, 2.1, 3.18, 4.25, 3.0, 1.8, 1.97, 2.06, 2.51, 2.7, 2.69, 3.38, 3.96, 3.99, 4.39, 4.67, 5.39, 5.36, 5.64, 7.13, 7.86, 6.901, 4.17, 3.84, 3.8, 3.34, 3.27, 3.55, 2.8, 1.77, 1.62, 1.12, 0, 0.85, 0.87, 1.42, 1.96, 2.98, 4.34, 5.01, 6.267, 7.553, 7.567, 7.57, 7.64, 7.065, 6.552, 6.218, 6.02, 6.02, 6.314, 6.554, 6.47, 6.415, 6.351, 6.668, 6.04, 4.64, 3.8, 3.89, 4.06, 4.93, 5.28, 5.2, 5.01, 4.66, 4.76, 4.38, 4.46, 3.85, 2.83, 3.02, 3.1, 2.12, 2.09, 2.28, 1.92, 2.23, 2.73, 4.31, 5.65, 5.84, 5.9], [2.27, 2.26, 1.74, 2.3, 2.13, 3.07, 4.12, 2.89, 1.91, 2.24, 2.41, 3.02, 2.89, 2.78, 3.35, 3.97, 4.04, 4.32, 4.68, 5.38, 5.33, 5.55, 7.08, 7.743, 6.793, 4.08, 3.75, 3.69, 3.25, 3.18, 3.46, 2.77, 1.76, 1.55, 1.27, 0.85, 0, 0.7, 1.35, 1.93, 2.89, 4.31, 5.0, 6.157, 7.463, 7.47, 7.44, 7.47, 6.972, 6.49, 6.179, 5.89, 5.91, 6.2, 6.5, 6.48, 6.41, 6.292, 6.538, 5.91, 4.49, 3.67, 3.6, 3.75, 4.66, 4.99, 4.89, 4.66, 4.37, 4.61, 4.27, 4.33, 3.72, 2.56, 2.75, 2.89, 1.83, 1.82, 2.01, 1.77, 1.98, 2.58, 4.18, 5.54, 5.79, 5.81], [2.19, 2.16, 1.66, 2.16, 2.21, 3.33, 4.38, 3.15, 2.11, 2.38, 2.57, 3.0, 3.09, 3.06, 3.57, 4.15, 4.2, 4.549, 4.843, 5.583, 5.556, 5.81, 7.326, 8.006, 7.056, 4.373, 4.009, 3.915, 3.461, 3.448, 3.702, 2.964, 1.98, 1.81, 1.39, 0.87, 0.7, 0, 1.15, 1.63, 2.63, 3.99, 4.64, 5.91, 7.243, 7.23, 7.22, 7.29, 6.84, 6.29, 5.99, 5.71, 5.67, 6.0, 6.28, 6.24, 6.23, 6.12, 6.34, 5.67, 4.23, 3.41, 3.44, 3.61, 4.44, 4.79, 4.75, 4.56, 4.25, 4.41, 4.07, 4.13, 3.5, 2.46, 2.71, 2.91, 1.91, 1.98, 2.19, 1.81, 1.98, 2.4, 4.0, 5.3, 5.59, 5.69], [1.8, 1.87, 1.69, 2.41, 2.8, 4.12, 5.17, 3.94, 2.92, 2.97, 3.12, 3.43, 3.9, 3.93, 4.56, 4.9, 5.01, 5.37, 5.63, 6.341, 6.285, 6.585, 8.089, 8.796, 7.846, 5.21, 4.819, 4.705, 4.251, 4.238, 4.492, 3.754, 2.67, 2.64, 2.18, 1.42, 1.35, 1.15, 0, 1.26, 2.06, 3.2, 3.87, 5.26, 6.53, 6.54, 6.53, 6.6, 6.17, 5.6, 5.32, 5.02, 5.0, 5.35, 5.63, 5.61, 5.56, 5.41, 5.57, 4.92, 3.48, 2.9, 3.21, 3.46, 4.15, 4.58, 4.66, 4.53, 4.12, 3.9, 3.3, 3.34, 2.77, 2.51, 3.0, 3.5, 2.36, 2.49, 2.78, 2.3, 2.17, 2.11, 3.25, 4.63, 4.92, 4.94], [1.76, 1.79, 1.83, 2.73, 2.88, 4.12, 5.27, 3.98, 3.38, 3.25, 3.52, 3.99, 4.36, 4.43, 4.7, 5.16, 5.33, 5.61, 5.75, 6.399, 6.42, 6.612, 8.104, 8.874, 7.829, 5.23, 4.932, 4.694, 4.34, 4.222, 4.481, 3.9, 2.99, 2.96, 2.56, 1.96, 1.93, 1.63, 1.26, 0, 1.74, 2.98, 3.67, 4.64, 5.86, 5.94, 6.17, 6.34, 5.99, 5.38, 5.1, 4.6, 4.6, 4.91, 5.27, 5.23, 5.24, 5.03, 5.13, 4.36, 2.84, 2.34, 2.97, 2.84, 3.57, 3.88, 3.94, 3.81, 3.48, 3.34, 2.58, 2.64, 2.15, 2.25, 3.0, 3.42, 2.32, 2.49, 2.9, 2.34, 1.97, 1.55, 2.57, 4.07, 4.54, 4.54], [2.1, 2.27, 2.51, 3.69, 4.22, 5.58, 6.65, 5.32, 4.26, 4.07, 4.44, 4.89, 5.3, 5.39, 5.9, 6.572, 6.63, 6.924, 7.219, 7.919, 7.872, 8.049, 9.599, 10.192, 9.233, 6.55, 6.243, 6.106, 5.689, 5.636, 5.916, 5.289, 4.27, 4.209, 3.78, 2.98, 2.89, 2.63, 2.06, 1.74, 0, 1.92, 2.51, 3.46, 4.82, 4.94, 4.93, 4.98, 4.49, 3.92, 3.62, 3.34, 3.24, 3.53, 3.87, 3.85, 3.82, 3.73, 3.89, 3.32, 2.34, 2.5, 3.63, 3.46, 3.45, 3.8, 3.76, 3.71, 3.22, 2.84, 2.14, 2.0, 1.95, 3.35, 4.42, 4.84, 3.74, 3.99, 4.24, 3.76, 3.03, 2.01, 1.71, 2.99, 3.12, 3.24], [3.42, 3.61, 3.77, 5.01, 5.58, 6.885, 7.929, 6.72, 5.7, 5.49, 5.9, 6.03, 6.68, 6.77, 7.22, 7.7, 7.79, 8.144, 8.356, 9.124, 9.077, 9.348, 10.852, 11.559, 10.649, 7.97, 7.652, 7.468, 7.014, 6.981, 7.255, 6.537, 5.499, 5.52, 5.1, 4.34, 4.31, 3.99, 3.2, 2.98, 1.92, 0, 0.97, 2.18, 3.4, 3.4, 3.43, 3.7, 3.37, 2.86, 2.68, 2.36, 2.24, 2.47, 2.85, 2.83, 2.82, 2.51, 2.67, 2.36, 2.38, 3.76, 4.91, 4.66, 4.37, 4.62, 4.54, 4.47, 4.2, 3.4, 2.6, 2.26, 2.71, 4.57, 5.6, 6.24, 5.119, 5.235, 5.58, 4.971, 4.33, 3.27, 1.69, 1.57, 1.98, 2.04], [4.07, 4.2, 4.4, 5.593, 6.209, 7.495, 8.539, 7.39, 6.33, 6.14, 6.51, 6.52, 7.23, 7.42, 7.91, 8.33, 8.438, 8.758, 8.98, 9.734, 9.678, 9.978, 11.462, 12.189, 11.312, 8.678, 8.365, 8.118, 7.644, 7.631, 7.905, 7.147, 6.152, 6.228, 5.808, 5.01, 5.0, 4.64, 3.87, 3.67, 2.51, 0.97, 0, 1.59, 2.79, 2.89, 3.14, 3.43, 3.12, 2.79, 2.67, 2.47, 2.27, 2.38, 2.82, 2.8, 2.59, 2.24, 2.46, 2.45, 2.79, 4.29, 5.42, 5.13, 4.72, 4.87, 4.73, 4.62, 4.45, 3.53, 2.81, 2.47, 3.236, 5.0, 6.07, 6.698, 5.649, 5.845, 6.132, 5.581, 4.94, 3.9, 2.04, 1.34, 1.75, 1.75], [4.56, 4.67, 5.33, 6.348, 7.02, 7.909, 9.036, 8.24, 7.34, 7.07, 7.478, 7.65, 8.24, 8.528, 8.847, 9.484, 9.574, 9.814, 9.911, 10.388, 10.481, 10.478, 12.048, 12.612, 11.868, 9.314, 9.258, 8.618, 8.298, 8.008, 8.445, 7.975, 7.268, 7.464, 7.081, 6.267, 6.157, 5.91, 5.26, 4.64, 3.46, 2.18, 1.59, 0, 1.8, 2.74, 3.47, 3.76, 3.45, 3.12, 3.06, 2.7, 2.64, 2.63, 3.01, 3.07, 2.98, 2.67, 2.69, 2.34, 2.92, 4.46, 5.61, 5.04, 4.53, 4.5, 4.36, 4.35, 4.18, 3.14, 2.68, 2.56, 3.188, 4.79, 6.04, 6.457, 5.898, 6.568, 6.755, 6.312, 5.71, 4.47, 2.43, 1.53, 1.96, 2.04], [5.82, 5.93, 6.503, 7.391, 8.107, 8.872, 9.988, 9.32, 8.76, 8.468, 8.861, 8.934, 9.581, 9.948, 10.158, 10.753, 10.823, 11.04, 11.103, 11.56, 11.69, 11.65, 13.111, 13.621, 12.877, 10.443, 10.344, 9.784, 9.441, 9.111, 9.554, 9.078, 8.414, 8.713, 8.31, 7.553, 7.463, 7.243, 6.53, 5.86, 4.82, 3.4, 2.79, 1.8, 0, 1.64, 2.51, 2.82, 2.73, 2.74, 2.76, 2.58, 2.38, 2.35, 2.61, 2.67, 2.66, 2.31, 1.87, 1.94, 3.82, 5.36, 6.63, 6.012, 5.39, 5.26, 5.1, 5.07, 4.978, 4.2, 3.807, 3.547, 4.217, 5.694, 7.015, 7.24, 6.941, 7.614, 7.844, 7.264, 6.831, 5.43, 3.454, 2.07, 2.16, 2.42], [6.04, 6.19, 6.55, 7.69, 8.32, 9.36, 10.49, 9.52, 8.74, 8.53, 8.838, 8.89, 9.538, 9.925, 10.193, 10.767, 10.854, 11.114, 11.245, 11.842, 11.832, 11.892, 13.385, 14.123, 13.325, 10.717, 10.578, 10.112, 9.755, 9.545, 9.905, 9.372, 8.585, 8.75, 8.361, 7.567, 7.47, 7.23, 6.54, 5.94, 4.94, 3.4, 2.89, 2.74, 1.64, 0, 1.29, 1.7, 2.07, 2.26, 2.28, 2.2, 2.04, 1.91, 2.03, 2.07, 2.0, 1.71, 1.67, 2.5, 4.4, 6.04, 7.29, 6.82, 6.41, 6.56, 6.36, 6.31, 6.26, 5.38, 4.66, 4.32, 4.953, 6.79, 7.88, 8.439, 7.535, 7.885, 8.212, 7.572, 7.11, 5.93, 3.85, 2.19, 2.2, 2.3], [6.53, 6.7, 6.86, 8.16, 8.69, 10.03, 11.06, 9.83, 8.53, 8.34, 8.59, 8.56, 9.29, 9.673, 10.268, 10.988, 11.058, 11.32, 11.689, 12.389, 12.319, 12.516, 13.932, 14.647, 13.691, 10.981, 10.745, 10.633, 10.25, 10.2, 10.4, 9.793, 8.712, 8.788, 8.408, 7.57, 7.44, 7.22, 6.53, 6.17, 4.93, 3.43, 3.14, 3.47, 2.51, 1.29, 0, 0.65, 1.32, 1.73, 1.81, 1.87, 1.85, 1.58, 1.58, 1.64, 1.71, 1.58, 1.94, 3.03, 4.99, 6.67, 7.84, 7.59, 7.18, 7.29, 7.15, 7.04, 6.99, 6.17, 5.39, 5.09, 5.654, 7.5, 8.61, 9.061, 8.061, 8.306, 8.67, 8.082, 7.54, 6.34, 4.48, 2.62, 2.19, 2.29], [6.74, 6.95, 7.13, 8.43, 8.96, 10.3, 11.33, 10.08, 8.6, 8.31, 8.48, 8.43, 9.22, 9.654, 10.435, 11.254, 11.293, 11.584, 11.959, 12.659, 12.592, 12.769, 14.222, 14.897, 13.901, 11.184, 10.915, 10.883, 10.5, 10.45, 10.659, 10.049, 8.956, 8.932, 8.518, 7.64, 7.47, 7.29, 6.6, 6.34, 4.98, 3.7, 3.43, 3.76, 2.82, 1.7, 0.65, 0, 0.99, 1.56, 1.74, 2.04, 2.08, 1.71, 1.47, 1.63, 1.66, 1.65, 2.17, 3.32, 5.28, 6.94, 8.11, 7.88, 7.45, 7.56, 7.44, 7.31, 7.26, 6.44, 5.64, 5.32, 5.924, 7.75, 8.86, 9.351, 8.311, 8.576, 8.9, 8.392, 7.776, 6.604, 4.73, 2.85, 2.32, 2.34], [6.35, 6.56, 6.752, 8.049, 8.579, 9.922, 10.957, 9.69, 8.13, 7.64, 7.743, 7.675, 8.5, 9.067, 10.024, 10.887, 10.917, 11.217, 11.592, 12.292, 12.224, 12.402, 13.854, 14.499, 13.509, 10.786, 10.519, 10.496, 10.096, 10.046, 10.252, 9.662, 8.557, 8.465, 8.048, 7.065, 6.972, 6.84, 6.17, 5.99, 4.49, 3.37, 3.12, 3.45, 2.73, 2.07, 1.32, 0.99, 0, 0.81, 1.13, 1.67, 1.69, 1.36, 1.2, 1.36, 1.21, 1.54, 1.92, 2.93, 4.85, 6.53, 7.7, 7.47, 7.06, 7.15, 7.03, 6.88, 6.87, 6.05, 5.27, 4.964, 5.517, 7.36, 8.49, 8.918, 7.916, 8.209, 8.479, 8.024, 7.409, 6.217, 4.34, 2.54, 1.99, 2.19], [5.74, 5.95, 6.11, 7.41, 7.94, 9.28, 10.31, 9.04, 7.56, 7.03, 7.18, 7.13, 7.9, 8.482, 9.449, 10.294, 10.333, 10.624, 10.999, 11.699, 11.632, 11.809, 13.262, 13.906, 12.916, 10.173, 9.946, 9.903, 9.503, 9.453, 9.659, 9.069, 7.996, 7.972, 7.495, 6.552, 6.49, 6.29, 5.6, 5.38, 3.92, 2.86, 2.79, 3.12, 2.74, 2.26, 1.73, 1.56, 0.81, 0, 0.66, 1.16, 1.16, 1.01, 1.09, 1.23, 1.12, 1.29, 1.85, 2.38, 4.16, 5.92, 7.09, 6.82, 6.43, 6.62, 6.44, 6.35, 6.36, 5.58, 4.76, 4.46, 4.93, 6.75, 7.88, 8.285, 7.323, 7.576, 7.903, 7.392, 6.816, 5.59, 3.79, 2.09, 1.7, 2.02], [5.46, 5.65, 5.819, 7.116, 7.646, 8.989, 10.024, 8.76, 7.26, 6.77, 6.975, 7.05, 7.713, 8.231, 9.152, 10.014, 10.053, 10.344, 10.719, 11.419, 11.352, 11.529, 12.982, 13.606, 12.596, 9.853, 9.646, 9.623, 9.223, 9.173, 9.379, 8.789, 7.696, 7.652, 7.195, 6.218, 6.179, 5.99, 5.32, 5.1, 3.62, 2.68, 2.67, 3.06, 2.76, 2.28, 1.81, 1.74, 1.13, 0.66, 0, 0.84, 0.96, 0.85, 0.99, 1.05, 1.06, 1.17, 1.63, 2.14, 3.88, 5.6, 6.79, 6.56, 6.19, 6.38, 6.22, 6.13, 6.16, 5.38, 4.56, 4.22, 4.63, 6.49, 7.64, 8.017, 7.023, 7.296, 7.623, 7.112, 6.516, 5.25, 3.57, 2.01, 1.68, 2.16], [4.9, 5.09, 5.21, 6.51, 7.04, 8.38, 9.45, 8.14, 7.0, 6.71, 7.0, 7.15, 7.78, 8.163, 8.695, 9.497, 9.616, 9.87, 10.167, 10.862, 10.82, 10.972, 12.442, 13.057, 12.036, 9.293, 9.155, 9.063, 8.672, 8.613, 8.819, 8.24, 7.276, 7.335, 6.898, 6.02, 5.89, 5.71, 5.02, 4.6, 3.34, 2.36, 2.47, 2.7, 2.58, 2.2, 1.87, 2.04, 1.67, 1.16, 0.84, 0, 0.7, 0.91, 1.09, 1.15, 1.3, 1.17, 1.49, 1.74, 3.34, 5.12, 6.33, 6.14, 5.77, 5.96, 5.8, 5.69, 5.7, 4.96, 4.1, 3.74, 4.17, 6.05, 7.22, 7.52, 6.5, 6.73, 7.103, 6.552, 5.99, 4.71, 3.13, 1.69, 1.48, 1.98], [4.84, 5.01, 5.23, 6.51, 7.04, 8.4, 9.47, 8.14, 7.04, 6.79, 7.12, 7.25, 7.86, 8.263, 8.687, 9.464, 9.528, 9.79, 10.102, 10.802, 10.76, 10.912, 12.382, 12.974, 11.956, 9.271, 9.075, 8.989, 8.592, 8.539, 8.759, 8.18, 7.182, 7.278, 6.858, 6.02, 5.91, 5.67, 5.0, 4.6, 3.24, 2.24, 2.27, 2.64, 2.38, 2.04, 1.85, 2.08, 1.69, 1.16, 0.96, 0.7, 0, 0.61, 1.09, 1.07, 1.22, 1.11, 1.35, 1.64, 3.3, 5.02, 6.19, 6.06, 5.67, 5.88, 5.72, 5.57, 5.56, 4.8, 4.0, 3.62, 4.09, 5.95, 7.1, 7.44, 6.383, 6.719, 6.983, 6.552, 5.91, 4.65, 3.05, 1.57, 1.5, 2.02], [5.23, 5.38, 5.62, 6.92, 7.41, 8.767, 9.88, 8.55, 7.31, 7.04, 7.35, 7.44, 8.07, 8.475, 9.011, 9.87, 9.961, 10.223, 10.5, 11.194, 11.173, 11.304, 12.774, 13.39, 12.349, 9.644, 9.428, 9.344, 8.967, 8.892, 9.132, 8.573, 7.589, 7.591, 7.171, 6.314, 6.2, 6.0, 5.35, 4.91, 3.53, 2.47, 2.38, 2.63, 2.35, 1.91, 1.58, 1.71, 1.36, 1.01, 0.85, 0.91, 0.61, 0, 0.8, 0.9, 0.93, 0.84, 1.3, 1.89, 3.71, 5.35, 6.52, 6.29, 5.88, 6.11, 5.91, 5.82, 5.83, 5.05, 4.23, 3.93, 4.36, 6.2, 7.35, 7.738, 6.736, 7.032, 7.356, 6.927, 6.34, 5.06, 3.3, 1.62, 1.47, 1.91], [5.57, 5.76, 5.957, 7.26, 7.75, 9.107, 10.22, 8.89, 7.59, 7.16, 7.428, 7.52, 8.145, 8.613, 9.348, 10.23, 10.326, 10.603, 10.88, 11.574, 11.553, 11.684, 13.174, 13.79, 12.772, 9.994, 9.813, 9.724, 9.347, 9.272, 9.512, 8.953, 7.949, 7.942, 7.451, 6.554, 6.5, 6.28, 5.63, 5.27, 3.87, 2.85, 2.82, 3.01, 2.61, 2.03, 1.58, 1.47, 1.2, 1.09, 0.99, 1.09, 1.09, 0.8, 0, 0.66, 0.81, 1.04, 1.46, 2.19, 4.11, 5.75, 6.88, 6.65, 6.24, 6.39, 6.25, 6.2, 6.13, 5.31, 4.51, 4.19, 4.669, 6.54, 7.71, 8.132, 7.136, 7.372, 7.716, 7.267, 6.703, 5.437, 3.6, 1.94, 1.77, 2.05], [5.59, 5.78, 5.94, 7.28, 7.77, 9.11, 10.22, 8.91, 7.53, 7.12, 7.39, 7.66, 8.19, 8.613, 9.31, 10.21, 10.306, 10.583, 10.86, 11.534, 11.513, 11.644, 13.114, 13.77, 12.689, 9.966, 9.793, 9.736, 9.35, 9.286, 9.492, 8.913, 7.929, 7.919, 7.348, 6.47, 6.48, 6.24, 5.61, 5.23, 3.85, 2.83, 2.8, 3.07, 2.67, 2.07, 1.64, 1.63, 1.36, 1.23, 1.05, 1.15, 1.07, 0.9, 0.66, 0, 0.65, 0.92, 1.46, 2.15, 3.99, 5.71, 6.88, 6.65, 6.22, 6.35, 6.21, 6.04, 6.01, 5.29, 4.49, 4.11, 4.717, 6.58, 7.71, 8.05, 7.096, 7.389, 7.736, 7.25, 6.723, 5.417, 3.6, 1.98, 1.89, 2.27], [5.6, 5.81, 5.95, 7.27, 7.76, 9.1, 10.21, 8.92, 7.52, 6.99, 7.34, 7.63, 8.12, 8.503, 9.317, 10.217, 10.29, 10.57, 10.867, 11.562, 11.534, 11.672, 13.142, 13.817, 12.776, 10.042, 9.797, 9.752, 9.394, 9.31, 9.519, 8.934, 7.91, 7.872, 7.415, 6.415, 6.41, 6.23, 5.56, 5.24, 3.82, 2.82, 2.59, 2.98, 2.66, 2.0, 1.71, 1.66, 1.21, 1.12, 1.06, 1.3, 1.22, 0.93, 0.81, 0.65, 0, 0.69, 1.43, 2.24, 4.06, 5.78, 6.95, 6.68, 6.23, 6.36, 6.16, 6.05, 6.04, 5.24, 4.46, 4.12, 4.744, 6.59, 7.703, 8.125, 7.171, 7.396, 7.752, 7.254, 6.707, 5.47, 3.59, 1.89, 1.94, 2.16], [5.39, 5.597, 5.752, 7.06, 7.59, 8.919, 9.997, 8.71, 7.53, 7.16, 7.568, 7.8, 8.33, 8.635, 9.125, 9.967, 10.086, 10.34, 10.637, 11.332, 11.29, 11.442, 12.912, 13.567, 12.566, 9.814, 9.596, 9.533, 9.162, 9.1, 9.309, 8.71, 7.746, 7.782, 7.305, 6.351, 6.292, 6.12, 5.41, 5.03, 3.73, 2.51, 2.24, 2.67, 2.31, 1.71, 1.58, 1.65, 1.54, 1.29, 1.17, 1.17, 1.11, 0.84, 1.04, 0.92, 0.69, 0, 1.2, 1.93, 3.83, 5.569, 6.7, 6.45, 6.0, 6.13, 5.93, 5.82, 5.79, 4.97, 4.23, 3.89, 4.494, 6.36, 7.493, 7.955, 6.961, 7.226, 7.573, 7.062, 6.44, 5.22, 3.36, 1.62, 1.69, 1.93], [5.33, 5.38, 5.7, 6.58, 7.21, 8.402, 9.48, 8.39, 7.97, 7.64, 8.094, 8.307, 8.874, 9.141, 9.428, 9.965, 9.995, 10.155, 10.395, 10.993, 11.003, 11.1, 12.501, 13.05, 12.167, 9.798, 9.354, 9.114, 8.743, 8.641, 8.884, 8.224, 7.373, 7.743, 7.365, 6.668, 6.538, 6.34, 5.57, 5.13, 3.89, 2.67, 2.46, 2.69, 1.87, 1.67, 1.94, 2.17, 1.92, 1.85, 1.63, 1.49, 1.35, 1.3, 1.46, 1.46, 1.43, 1.2, 0, 1.37, 3.29, 4.97, 6.16, 5.93, 5.52, 5.63, 5.43, 5.32, 5.31, 4.53, 3.85, 3.53, 4.06, 5.88, 7.03, 7.39, 6.436, 6.81, 7.074, 6.594, 5.98, 4.72, 3.02, 1.76, 1.97, 2.31], [4.48, 4.57, 4.91, 5.61, 6.44, 7.22, 8.33, 7.64, 7.34, 7.03, 7.52, 7.79, 8.3, 8.514, 8.701, 9.173, 9.245, 9.423, 9.543, 10.12, 10.09, 10.19, 11.531, 11.941, 11.377, 8.988, 8.627, 8.227, 7.81, 7.714, 7.977, 7.39, 6.74, 7.113, 6.693, 6.04, 5.91, 5.67, 4.92, 4.36, 3.32, 2.36, 2.45, 2.34, 1.94, 2.5, 3.03, 3.32, 2.93, 2.38, 2.14, 1.74, 1.64, 1.89, 2.19, 2.15, 2.24, 1.93, 1.37, 0, 2.14, 4.0, 5.13, 4.8, 4.41, 4.62, 4.48, 4.39, 4.42, 3.72, 3.18, 2.96, 3.17, 4.83, 5.96, 6.22, 5.567, 6.02, 6.187, 5.64, 5.15, 3.95, 2.29, 1.65, 2.12, 2.46], [2.88, 2.97, 3.39, 3.91, 4.8, 5.26, 6.37, 6.04, 5.94, 5.75, 6.12, 6.55, 6.92, 7.13, 7.298, 7.653, 7.765, 7.945, 8.003, 8.46, 8.473, 8.47, 9.651, 10.061, 9.68, 7.525, 6.97, 6.53, 6.273, 5.983, 6.217, 5.71, 5.165, 5.573, 5.215, 4.64, 4.49, 4.23, 3.48, 2.84, 2.34, 2.38, 2.79, 2.92, 3.82, 4.4, 4.99, 5.28, 4.85, 4.16, 3.88, 3.34, 3.3, 3.71, 4.11, 3.99, 4.06, 3.83, 3.29, 2.14, 0, 2.1, 3.37, 2.96, 2.79, 3.14, 3.2, 3.15, 3.02, 2.52, 1.98, 2.06, 1.77, 3.35, 4.06, 4.24, 3.88, 4.43, 4.6, 3.86, 3.43, 2.45, 1.87, 2.81, 3.34, 3.36], [2.06, 2.27, 2.57, 2.79, 3.4, 3.82, 4.93, 4.78, 5.14, 5.17, 5.42, 5.91, 6.24, 6.29, 6.2, 6.4, 6.63, 6.89, 6.79, 6.91, 7.18, 6.998, 7.88, 8.464, 8.003, 6.27, 5.62, 5.08, 4.96, 4.59, 4.69, 4.56, 4.13, 4.46, 4.16, 3.8, 3.67, 3.41, 2.9, 2.34, 2.5, 3.76, 4.29, 4.46, 5.36, 6.04, 6.67, 6.94, 6.53, 5.92, 5.6, 5.12, 5.02, 5.35, 5.75, 5.71, 5.78, 5.569, 4.97, 4.0, 2.1, 0, 1.59, 1.42, 1.61, 2.02, 2.1, 1.93, 1.76, 1.8, 2.04, 2.32, 1.49, 2.11, 2.46, 2.78, 2.36, 3.13, 3.02, 2.6, 2.07, 1.51, 2.47, 4.43, 5.04, 5.0], [2.85, 2.9, 2.86, 2.9, 3.21, 3.33, 3.98, 4.27, 5.03, 5.46, 5.67, 6.18, 6.17, 6.2, 5.93, 5.93, 6.16, 6.38, 6.44, 6.42, 6.63, 6.55, 6.88, 7.303, 7.138, 6.14, 5.21, 4.63, 4.57, 4.3, 4.18, 4.13, 4.02, 4.15, 3.95, 3.89, 3.6, 3.44, 3.21, 2.97, 3.63, 4.91, 5.42, 5.61, 6.63, 7.29, 7.84, 8.11, 7.7, 7.09, 6.79, 6.33, 6.19, 6.52, 6.88, 6.88, 6.95, 6.7, 6.16, 5.13, 3.37, 1.59, 0, 1.19, 2.0, 2.35, 2.27, 2.48, 2.45, 2.83, 3.27, 3.63, 2.72, 2.12, 2.35, 2.65, 2.49, 2.78, 2.69, 2.39, 2.02, 2.4, 3.68, 5.6, 6.19, 6.15], [2.8, 2.97, 3.01, 3.09, 3.32, 3.14, 4.13, 4.32, 5.26, 5.65, 5.84, 6.35, 6.32, 6.31, 6.08, 6.04, 6.27, 6.49, 6.49, 6.43, 6.72, 6.56, 7.35, 7.82, 7.53, 6.25, 5.38, 4.72, 4.66, 4.19, 4.25, 4.18, 4.13, 4.26, 4.06, 4.06, 3.75, 3.61, 3.46, 2.84, 3.46, 4.66, 5.13, 5.04, 6.012, 6.82, 7.59, 7.88, 7.47, 6.82, 6.56, 6.14, 6.06, 6.29, 6.65, 6.65, 6.68, 6.45, 5.93, 4.8, 2.96, 1.42, 1.19, 0, 1.29, 1.66, 1.5, 1.67, 1.68, 2.18, 2.8, 3.24, 2.29, 1.87, 1.92, 2.34, 2.56, 2.85, 2.82, 2.38, 1.99, 2.09, 3.25, 5.25, 5.92, 5.88], [3.19, 3.48, 3.64, 3.84, 4.21, 4.13, 5.02, 5.45, 6.11, 6.46, 6.67, 7.18, 7.27, 7.3, 7.11, 7.15, 7.38, 7.62, 7.6, 7.56, 7.85, 7.67, 8.42, 8.85, 8.72, 7.22, 6.45, 5.81, 5.71, 5.26, 5.38, 5.29, 5.14, 5.31, 5.07, 4.93, 4.66, 4.44, 4.15, 3.57, 3.45, 4.37, 4.72, 4.53, 5.39, 6.41, 7.18, 7.45, 7.06, 6.43, 6.19, 5.77, 5.67, 5.88, 6.24, 6.22, 6.23, 6.0, 5.52, 4.41, 2.79, 1.61, 2.0, 1.29, 0, 0.97, 1.07, 1.4, 1.61, 1.73, 2.35, 2.83, 2.24, 2.38, 2.43, 3.05, 3.43, 3.86, 3.83, 3.35, 2.96, 2.56, 2.92, 4.9, 5.57, 5.53], [3.82, 4.05, 4.23, 4.33, 4.52, 4.42, 5.21, 5.82, 6.42, 6.81, 7.02, 7.55, 7.58, 7.61, 7.4, 7.48, 7.71, 7.95, 7.91, 7.91, 8.2, 8.02, 8.625, 9.067, 8.965, 7.51, 6.74, 6.14, 6.02, 5.57, 5.73, 5.62, 5.45, 5.62, 5.38, 5.28, 4.99, 4.79, 4.58, 3.88, 3.8, 4.62, 4.87, 4.5, 5.26, 6.56, 7.29, 7.56, 7.15, 6.62, 6.38, 5.96, 5.88, 6.11, 6.39, 6.35, 6.36, 6.13, 5.63, 4.62, 3.14, 2.02, 2.35, 1.66, 0.97, 0, 0.7, 1.17, 1.58, 1.72, 2.46, 2.92, 2.61, 2.53, 2.6, 3.16, 3.7, 4.19, 4.14, 3.68, 3.31, 2.73, 3.09, 5.09, 5.74, 5.7], [3.86, 4.09, 4.23, 4.27, 4.48, 4.22, 5.19, 5.62, 6.34, 6.77, 7.0, 7.49, 7.44, 7.47, 7.24, 7.34, 7.57, 7.81, 7.75, 7.75, 8.04, 7.86, 8.45, 8.94, 8.81, 7.35, 6.56, 5.96, 5.86, 5.41, 5.57, 5.48, 5.29, 5.46, 5.22, 5.2, 4.89, 4.75, 4.66, 3.94, 3.76, 4.54, 4.73, 4.36, 5.1, 6.36, 7.15, 7.44, 7.03, 6.44, 6.22, 5.8, 5.72, 5.91, 6.25, 6.21, 6.16, 5.93, 5.43, 4.48, 3.2, 2.1, 2.27, 1.5, 1.07, 0.7, 0, 0.83, 1.32, 1.62, 2.4, 2.88, 2.57, 2.51, 2.7, 3.02, 3.6, 3.99, 4.0, 3.5, 3.13, 2.79, 2.97, 4.85, 5.52, 5.48], [3.77, 4.0, 4.14, 4.18, 4.45, 4.37, 5.38, 5.53, 6.15, 6.58, 6.85, 7.34, 7.23, 7.2, 6.95, 7.13, 7.36, 7.62, 7.52, 7.58, 7.87, 7.73, 8.54, 9.05, 8.7, 7.1, 6.35, 5.79, 5.63, 5.22, 5.4, 5.29, 5.02, 5.19, 4.95, 5.01, 4.66, 4.56, 4.53, 3.81, 3.71, 4.47, 4.62, 4.35, 5.07, 6.31, 7.04, 7.31, 6.88, 6.35, 6.13, 5.69, 5.57, 5.82, 6.2, 6.04, 6.05, 5.82, 5.32, 4.39, 3.15, 1.93, 2.48, 1.67, 1.4, 1.17, 0.83, 0, 1.05, 1.51, 2.21, 2.61, 2.44, 2.32, 2.69, 3.01, 3.29, 3.9, 3.79, 3.39, 2.88, 2.7, 2.88, 4.76, 5.41, 5.35], [3.38, 3.57, 3.73, 3.79, 4.3, 4.52, 5.65, 5.5, 5.94, 6.27, 6.48, 6.95, 6.92, 6.89, 6.82, 7.02, 7.25, 7.51, 7.41, 7.47, 7.76, 7.62, 8.65, 9.18, 8.67, 6.93, 6.26, 5.68, 5.52, 5.11, 5.35, 5.18, 4.77, 5.08, 4.76, 4.66, 4.37, 4.25, 4.12, 3.48, 3.22, 4.2, 4.45, 4.18, 4.978, 6.26, 6.99, 7.26, 6.87, 6.36, 6.16, 5.7, 5.56, 5.83, 6.13, 6.01, 6.04, 5.79, 5.31, 4.42, 3.02, 1.76, 2.45, 1.68, 1.61, 1.58, 1.32, 1.05, 0, 1.16, 1.88, 2.22, 2.07, 2.13, 2.66, 3.02, 3.02, 3.79, 3.68, 3.26, 2.67, 2.49, 2.81, 4.65, 5.28, 5.24], [3.0, 3.21, 3.51, 3.79, 4.44, 5.06, 6.19, 5.82, 6.14, 6.29, 6.46, 6.97, 7.14, 7.19, 7.12, 7.32, 7.55, 7.81, 7.73, 7.87, 8.08, 7.94, 9.19, 9.7, 9.13, 7.23, 6.56, 6.0, 5.82, 5.43, 5.71, 5.48, 5.01, 5.38, 5.06, 4.76, 4.61, 4.41, 3.9, 3.34, 2.84, 3.4, 3.53, 3.14, 4.2, 5.38, 6.17, 6.44, 6.05, 5.58, 5.38, 4.96, 4.8, 5.05, 5.31, 5.29, 5.24, 4.97, 4.53, 3.72, 2.52, 1.8, 2.83, 2.18, 1.73, 1.72, 1.62, 1.51, 1.16, 0, 1.16, 1.56, 1.59, 2.37, 3.22, 3.48, 3.26, 4.05, 4.0, 3.52, 2.99, 2.33, 2.05, 3.75, 4.38, 4.34], [2.36, 2.53, 3.17, 3.93, 4.58, 5.58, 6.73, 5.86, 5.78, 5.59, 5.88, 6.35, 6.72, 6.85, 6.94, 7.24, 7.39, 7.59, 7.63, 8.03, 8.08, 8.06, 9.55, 10.18, 9.35, 7.07, 6.76, 6.18, 5.92, 5.53, 5.99, 5.56, 4.89, 5.16, 4.86, 4.38, 4.27, 4.07, 3.3, 2.58, 2.14, 2.6, 2.81, 2.68, 3.807, 4.66, 5.39, 5.64, 5.27, 4.76, 4.56, 4.1, 4.0, 4.23, 4.51, 4.49, 4.46, 4.23, 3.85, 3.18, 1.98, 2.04, 3.27, 2.8, 2.35, 2.46, 2.4, 2.21, 1.88, 1.16, 0, 0.7, 0.91, 2.49, 3.68, 4.1, 3.38, 4.09, 4.28, 3.84, 3.33, 2.23, 1.33, 2.97, 3.62, 3.52], [2.52, 2.63, 3.33, 4.25, 4.84, 5.92, 7.09, 6.06, 5.84, 5.51, 5.94, 6.31, 6.76, 6.93, 7.06, 7.44, 7.57, 7.75, 7.81, 8.33, 8.4, 8.36, 9.85, 10.54, 9.57, 7.25, 7.0, 6.5, 6.18, 5.81, 6.25, 5.84, 5.09, 5.38, 5.02, 4.46, 4.33, 4.13, 3.34, 2.64, 2.0, 2.26, 2.47, 2.56, 3.547, 4.32, 5.09, 5.32, 4.964, 4.46, 4.22, 3.74, 3.62, 3.93, 4.19, 4.11, 4.12, 3.89, 3.53, 2.96, 2.06, 2.32, 3.63, 3.24, 2.83, 2.92, 2.88, 2.61, 2.22, 1.56, 0.7, 0, 1.19, 2.87, 4.14, 4.5, 3.64, 4.33, 4.58, 4.14, 3.65, 2.47, 1.13, 2.63, 3.24, 3.18], [1.87, 2.08, 2.64, 3.36, 4.03, 4.97, 6.1, 5.29, 5.23, 5.12, 5.35, 5.84, 6.17, 6.32, 6.43, 6.75, 6.9, 7.08, 7.12, 7.48, 7.57, 7.51, 9.02, 9.57, 8.78, 6.54, 6.21, 5.63, 5.37, 5.04, 5.44, 5.01, 4.36, 4.67, 4.35, 3.85, 3.72, 3.5, 2.77, 2.15, 1.95, 2.71, 3.236, 3.188, 4.217, 4.953, 5.654, 5.924, 5.517, 4.93, 4.63, 4.17, 4.09, 4.36, 4.669, 4.717, 4.744, 4.494, 4.06, 3.17, 1.77, 1.49, 2.72, 2.29, 2.24, 2.61, 2.57, 2.44, 2.07, 1.59, 0.91, 1.19, 0, 2.08, 3.29, 3.59, 2.83, 3.5, 3.73, 3.27, 2.78, 1.68, 1.54, 3.34, 3.93, 3.89], [2.33, 2.38, 2.4, 2.52, 2.89, 3.47, 4.58, 3.93, 4.11, 4.4, 4.61, 5.2, 5.17, 5.16, 5.05, 5.35, 5.48, 5.72, 5.7, 6.08, 6.21, 6.17, 7.6, 8.13, 7.44, 5.18, 4.83, 4.23, 3.91, 3.56, 4.0, 3.57, 3.04, 3.31, 2.99, 2.83, 2.56, 2.46, 2.51, 2.25, 3.35, 4.57, 5.0, 4.79, 5.694, 6.79, 7.5, 7.75, 7.36, 6.75, 6.49, 6.05, 5.95, 6.2, 6.54, 6.58, 6.59, 6.36, 5.88, 4.83, 3.35, 2.11, 2.12, 1.87, 2.38, 2.53, 2.51, 2.32, 2.13, 2.37, 2.49, 2.87, 2.08, 0, 1.65, 1.87, 1.57, 2.18, 2.33, 1.93, 1.8, 1.86, 3.18, 5.2, 5.81, 5.77], [3.02, 2.99, 2.91, 2.43, 2.54, 2.42, 3.33, 3.66, 4.16, 4.53, 4.7, 5.21, 5.12, 5.03, 4.96, 5.1, 5.31, 5.55, 5.51, 5.63, 5.88, 5.78, 6.69, 7.22, 7.01, 5.17, 4.46, 3.8, 3.64, 3.17, 3.43, 3.22, 2.93, 3.16, 2.94, 3.02, 2.75, 2.71, 3.0, 3.0, 4.42, 5.6, 6.07, 6.04, 7.015, 7.88, 8.61, 8.86, 8.49, 7.88, 7.64, 7.22, 7.1, 7.35, 7.71, 7.71, 7.703, 7.493, 7.03, 5.96, 4.06, 2.46, 2.35, 1.92, 2.43, 2.6, 2.7, 2.69, 2.66, 3.22, 3.68, 4.14, 3.29, 1.65, 0, 1.5, 1.58, 1.97, 1.9, 1.56, 1.93, 2.81, 4.27, 6.27, 6.98, 6.9], [3.4, 3.31, 3.21, 2.55, 2.18, 2.06, 3.19, 3.14, 3.82, 4.23, 4.52, 5.11, 4.88, 4.87, 4.62, 4.74, 4.97, 5.21, 5.17, 5.25, 5.48, 5.34, 6.43, 6.9, 6.41, 4.71, 3.96, 3.38, 3.26, 2.83, 3.07, 2.88, 2.73, 2.86, 2.76, 3.1, 2.89, 2.91, 3.5, 3.42, 4.84, 6.24, 6.698, 6.457, 7.24, 8.439, 9.061, 9.351, 8.918, 8.285, 8.017, 7.52