[[0, 0.69, 1.2, 2.18, 3.75, 4.62, 4.07, 3.41, 3.12, 3.77, 5.1, 5.59, 6.55, 8.01, 7.99, 6.92, 6.85, 6.969, 6.62, 5.97, 5.94, 5.85, 6.13, 7.69, 9.23, 8.74, 8.43, 8.15, 7.56, 7.55, 8.25, 9.18, 9.46, 8.72, 7.89, 6.53, 4.93, 4.1, 4.04, 4.28, 5.22, 5.9, 7.0, 6.52, 5.56, 5.85, 2.89, 1.28, 1.8, 1.33, 1.25, 1.14, 1.46, 1.7, 1.7, 1.72, 1.6, 1.71, 1.8, 1.78, 1.8, 1.81, 2.44, 3.52, 3.78, 3.16, 2.82, 2.46, 2.18, 2.3, 2.22, 2.67, 3.19, 3.07, 3.55, 3.94, 4.2, 3.64, 2.86, 2.24, 2.42, 2.97, 4.24, 5.34, 5.67, 5.94], [0.69, 0, 1.07, 2.17, 3.72, 4.61, 4.1, 3.38, 3.09, 3.8, 5.01, 5.5, 6.5, 7.94, 7.92, 6.83, 6.78, 6.82, 6.49, 5.9, 5.93, 5.84, 6.1, 7.58, 9.22, 8.81, 8.58, 8.2, 7.57, 7.54, 8.22, 9.17, 9.43, 8.71, 7.92, 6.5, 4.88, 4.19, 4.11, 4.39, 5.21, 5.89, 6.99, 6.51, 5.55, 5.84, 2.86, 1.33, 2.03, 1.5, 1.44, 1.25, 1.37, 1.49, 1.49, 1.47, 1.37, 1.6, 1.55, 1.61, 1.65, 1.5, 2.21, 3.31, 3.57, 2.91, 2.51, 2.13, 1.93, 1.89, 2.01, 2.48, 3.0, 2.86, 3.356, 3.752, 4.05, 3.49, 2.67, 1.97, 2.19, 2.96, 4.01, 5.27, 5.52, 5.83], [1.2, 1.07, 0, 1.3, 2.85, 3.72, 3.39, 2.69, 2.38, 3.05, 4.14, 4.61, 5.61, 7.05, 7.03, 5.94, 5.91, 5.955, 5.608, 5.03, 5.04, 4.95, 5.21, 6.69, 8.33, 7.92, 7.71, 7.31, 6.7, 6.71, 7.33, 8.28, 8.54, 7.82, 7.01, 5.61, 4.03, 3.28, 3.26, 3.54, 4.36, 5.0, 6.1, 5.62, 4.66, 5.01, 2.31, 2.06, 2.84, 2.19, 2.21, 2.02, 1.82, 2.1, 1.76, 1.76, 1.58, 1.61, 1.54, 1.84, 1.9, 1.35, 1.76, 2.68, 2.96, 2.5, 2.28, 2.04, 1.94, 2.08, 2.14, 1.95, 2.43, 2.45, 2.73, 3.12, 3.19, 2.62, 1.98, 1.82, 1.66, 2.71, 3.6, 4.38, 4.65, 4.96], [2.18, 2.17, 1.3, 0, 1.65, 2.5, 2.27, 1.67, 1.52, 2.01, 2.96, 3.45, 4.41, 5.87, 5.85, 4.76, 4.73, 4.812, 4.468, 3.844, 3.8, 3.71, 3.97, 5.53, 7.09, 6.72, 6.63, 6.23, 5.48, 5.61, 6.13, 7.04, 7.32, 6.58, 5.77, 4.37, 2.87, 2.18, 2.2, 2.42, 3.18, 3.76, 4.86, 4.38, 3.44, 3.77, 1.81, 3.0, 3.74, 3.09, 3.11, 2.88, 2.7, 2.94, 2.48, 2.34, 2.2, 2.09, 2.18, 2.42, 2.62, 1.97, 1.84, 2.48, 2.74, 2.7, 2.72, 2.54, 2.54, 2.8, 2.7, 2.15, 2.39, 2.43, 2.35, 2.38, 2.19, 1.84, 1.92, 2.56, 2.02, 2.45, 2.86, 3.28, 3.59, 3.84], [3.75, 3.72, 2.85, 1.65, 0, 1.17, 1.3, 1.2, 1.47, 1.2, 1.73, 1.96, 2.9, 4.36, 4.32, 3.23, 3.18, 3.32, 2.95, 2.34, 2.39, 2.3, 2.58, 4.04, 5.6, 5.51, 5.56, 5.18, 4.31, 4.42, 4.7, 5.45, 5.71, 5.01, 4.38, 3.06, 1.92, 1.63, 1.69, 1.43, 1.99, 2.25, 3.27, 2.81, 2.01, 2.32, 2.28, 4.33, 5.15, 4.42, 4.5, 4.35, 4.15, 4.33, 3.67, 3.41, 3.33, 3.2, 3.21, 3.59, 3.63, 2.94, 2.63, 2.59, 2.75, 3.37, 3.53, 3.47, 3.63, 3.85, 3.67, 2.92, 3.2, 3.04, 2.6, 2.35, 1.88, 1.89, 2.89, 3.69, 3.11, 3.0, 1.99, 1.91, 2.28, 2.51], [4.62, 4.61, 3.72, 2.5, 1.17, 0, 0.93, 1.43, 1.88, 1.13, 1.08, 1.63, 2.57, 3.67, 3.67, 2.58, 2.69, 2.87, 2.42, 1.85, 1.68, 1.59, 1.71, 3.25, 4.67, 4.46, 4.45, 4.09, 3.3, 3.39, 3.85, 4.66, 4.92, 4.26, 3.45, 2.13, 1.35, 1.48, 1.54, 1.14, 1.08, 1.4, 2.38, 1.98, 1.42, 1.81, 2.75, 5.02, 5.84, 5.13, 5.19, 5.16, 4.92, 5.08, 4.46, 4.24, 4.12, 3.93, 3.9, 4.28, 4.28, 3.73, 3.36, 3.22, 3.44, 4.06, 4.24, 4.12, 4.28, 4.46, 4.32, 3.61, 3.87, 3.79, 3.31, 3.08, 2.61, 2.64, 3.86, 4.57, 4.013, 3.79, 2.18, 1.7, 1.91, 2.0], [4.07, 4.1, 3.39, 2.27, 1.3, 0.93, 0, 1.08, 1.55, 1.02, 1.55, 2.14, 3.04, 4.22, 4.18, 3.21, 3.34, 3.44, 3.11, 2.52, 2.23, 2.22, 2.32, 3.8, 5.24, 4.83, 4.72, 4.36, 3.71, 3.88, 4.34, 5.23, 5.49, 4.83, 3.94, 2.74, 1.54, 1.55, 1.35, 1.01, 1.43, 2.05, 3.03, 2.71, 1.93, 2.28, 2.42, 4.51, 5.31, 4.6, 4.64, 4.63, 4.45, 4.65, 3.97, 3.77, 3.61, 3.5, 3.63, 3.83, 3.89, 3.38, 3.05, 3.33, 3.35, 3.97, 4.15, 4.19, 4.15, 4.21, 4.07, 3.38, 3.68, 3.6, 3.16, 2.95, 2.76, 2.75, 3.85, 4.503, 3.766, 3.48, 2.13, 2.33, 2.32, 2.39], [3.41, 3.38, 2.69, 1.67, 1.2, 1.43, 1.08, 0, 0.75, 1.18, 2.15, 2.46, 3.38, 4.9, 4.88, 3.79, 3.84, 3.9, 3.53, 2.86, 2.67, 2.66, 2.92, 4.5, 5.98, 5.71, 5.6, 5.16, 4.39, 4.36, 5.04, 5.93, 6.19, 5.59, 4.76, 3.46, 1.82, 1.43, 1.51, 1.41, 2.09, 2.55, 3.63, 3.23, 2.33, 2.8, 1.88, 3.77, 4.59, 3.88, 3.92, 3.91, 3.73, 3.81, 3.17, 2.93, 2.75, 2.6, 2.75, 2.95, 2.97, 2.52, 2.29, 2.73, 2.77, 3.17, 3.33, 3.37, 3.23, 3.27, 3.15, 2.48, 2.78, 2.68, 2.28, 2.21, 2.18, 2.03, 3.15, 3.729, 2.892, 2.66, 1.93, 2.57, 2.88, 3.09], [3.12, 3.09, 2.38, 1.52, 1.47, 1.88, 1.55, 0.75, 0, 1.29, 2.48, 2.89, 3.81, 5.35, 5.33, 4.24, 4.21, 4.33, 3.92, 3.21, 3.14, 3.05, 3.41, 4.95, 6.43, 6.16, 6.01, 5.57, 4.8, 4.77, 5.49, 6.36, 6.62, 6.0, 5.09, 3.77, 2.23, 1.8, 1.78, 1.84, 2.42, 2.9, 4.0, 3.6, 2.72, 3.11, 1.81, 3.44, 4.2, 3.51, 3.63, 3.6, 3.32, 3.46, 2.88, 2.66, 2.56, 2.41, 2.56, 2.76, 2.78, 2.21, 2.16, 2.68, 2.7, 2.9, 3.1, 3.1, 3.0, 3.14, 2.96, 2.23, 2.61, 2.43, 2.15, 2.1, 2.23, 1.98, 2.88, 3.379, 2.66, 2.63, 2.18, 2.84, 3.25, 3.44], [3.77, 3.8, 3.05, 2.01, 1.2, 1.13, 1.02, 1.18, 1.29, 0, 1.53, 2.22, 3.2, 4.46, 4.48, 3.37, 3.36, 3.46, 3.03, 2.28, 2.45, 2.34, 2.58, 4.1, 5.6, 5.17, 5.04, 4.7, 3.97, 4.0, 4.62, 5.51, 5.75, 5.19, 4.28, 3.02, 2.04, 1.87, 1.79, 1.45, 1.63, 2.15, 3.29, 2.83, 1.91, 2.12, 2.08, 4.21, 5.03, 4.28, 4.38, 4.35, 4.15, 4.33, 3.59, 3.35, 3.21, 3.06, 3.15, 3.35, 3.41, 2.92, 2.65, 3.17, 3.21, 3.49, 3.73, 3.67, 3.65, 3.65, 3.67, 2.92, 3.22, 3.1, 2.68, 2.51, 2.4, 2.37, 3.55, 4.163, 3.366, 3.1, 1.69, 2.15, 2.58, 2.79], [5.1, 5.01, 4.14, 2.96, 1.73, 1.08, 1.55, 2.15, 2.48, 1.53, 0, 1.33, 2.49, 3.35, 3.15, 2.2, 2.37, 2.31, 1.9, 1.35, 1.44, 1.31, 1.43, 2.71, 4.29, 4.12, 4.17, 3.75, 3.02, 3.17, 3.27, 4.2, 4.46, 3.82, 3.05, 1.69, 1.43, 2.0, 2.0, 1.6, 1.2, 1.14, 2.06, 1.7, 1.12, 1.21, 2.87, 5.58, 6.48, 5.71, 5.75, 5.62, 5.42, 5.68, 4.98, 4.62, 4.44, 4.23, 4.14, 4.56, 4.5, 3.95, 3.68, 3.46, 3.72, 4.26, 4.4, 4.18, 4.46, 4.56, 4.46, 3.75, 3.95, 3.87, 3.33, 3.1, 2.71, 2.92, 4.18, 4.93, 4.367, 4.05, 2.42, 2.02, 2.01, 2.28], [5.59, 5.5, 4.61, 3.45, 1.96, 1.63, 2.14, 2.46, 2.89, 2.22, 1.33, 0, 1.64, 2.82, 2.58, 1.79, 1.82, 1.82, 1.81, 1.32, 1.51, 1.38, 1.54, 2.6, 4.16, 4.41, 4.62, 4.32, 3.65, 3.86, 3.4, 3.87, 3.97, 3.51, 3.04, 1.92, 1.82, 2.49, 2.43, 2.15, 1.75, 1.53, 1.93, 1.85, 1.73, 1.4, 3.16, 6.09, 6.95, 6.18, 6.22, 6.13, 5.89, 6.11, 5.29, 4.93, 4.71, 4.46, 4.37, 4.79, 4.83, 4.28, 3.87, 3.57, 3.75, 4.37, 4.47, 4.39, 4.77, 4.81, 4.63, 3.94, 4.12, 3.98, 3.4, 3.11, 2.66, 2.87, 4.21, 5.094, 4.554, 4.22, 2.63, 1.93, 2.32, 2.13], [6.55, 6.5, 5.61, 4.41, 2.9, 2.57, 3.04, 3.38, 3.81, 3.2, 2.49, 1.64, 0, 1.66, 1.68, 1.33, 1.48, 1.86, 2.41, 2.56, 2.57, 2.54, 2.68, 3.54, 4.92, 5.37, 5.58, 5.34, 4.71, 4.94, 4.36, 4.49, 4.27, 4.17, 3.96, 2.94, 2.86, 3.25, 3.17, 2.97, 2.71, 2.51, 2.37, 2.71, 2.89, 2.66, 4.38, 7.01, 7.85, 7.08, 7.14, 7.07, 6.81, 7.03, 6.17, 5.77, 5.59, 5.3, 5.15, 5.67, 5.73, 5.18, 4.71, 4.15, 4.15, 4.81, 5.19, 5.27, 5.63, 5.61, 5.21, 4.52, 4.26, 4.32, 3.78, 3.23, 2.92, 3.19, 4.37, 5.373, 5.076, 4.74, 3.21, 2.29, 2.54, 2.31], [8.01, 7.94, 7.05, 5.87, 4.36, 3.67, 4.22, 4.9, 5.35, 4.46, 3.35, 2.82, 1.66, 0, 0.88, 1.43, 1.64, 2.06, 3.07, 3.46, 3.39, 3.42, 3.36, 3.7, 5.08, 5.55, 5.84, 5.58, 5.05, 5.34, 4.56, 4.65, 4.51, 4.39, 4.14, 3.32, 3.98, 4.65, 4.49, 4.31, 3.65, 3.13, 2.77, 3.17, 3.79, 3.56, 5.72, 8.49, 9.37, 8.62, 8.64, 8.53, 8.27, 8.49, 7.65, 7.23, 6.99, 6.72, 6.65, 7.05, 7.05, 6.54, 5.97, 5.19, 5.17, 5.93, 6.29, 6.49, 6.85, 6.81, 6.35, 5.76, 5.24, 5.4, 4.82, 4.31, 4.16, 4.59, 5.41, 6.37, 6.084, 5.72, 4.23, 2.81, 2.76, 2.53], [7.99, 7.92, 7.03, 5.85, 4.32, 3.67, 4.18, 4.88, 5.33, 4.48, 3.15, 2.58, 1.68, 0.88, 0, 1.27, 1.54, 1.78, 2.73, 3.1, 3.01, 3.08, 2.92, 3.22, 4.54, 5.01, 5.22, 4.98, 4.47, 4.78, 3.96, 4.11, 3.87, 3.77, 3.6, 2.84, 3.74, 4.59, 4.47, 4.21, 3.43, 2.73, 2.21, 2.81, 3.51, 3.26, 5.5, 8.47, 9.35, 8.6, 8.62, 8.51, 8.27, 8.49, 7.63, 7.21, 6.97, 6.7, 6.63, 7.03, 7.03, 6.54, 5.95, 5.21, 5.19, 5.97, 6.33, 6.53, 6.89, 6.87, 6.41, 5.8, 5.26, 5.44, 4.86, 4.33, 4.18, 4.57, 5.45, 6.424, 6.127, 5.78, 4.25, 2.87, 2.7, 2.51], [6.92, 6.83, 5.94, 4.76, 3.23, 2.58, 3.21, 3.79, 4.24, 3.37, 2.2, 1.79, 1.33, 1.43, 1.27, 0, 0.75, 1.35, 2.04, 2.31, 2.28, 2.35, 2.33, 3.45, 5.03, 5.3, 5.51, 5.19, 4.5, 4.73, 4.25, 4.56, 4.4, 4.2, 3.95, 2.79, 2.81, 3.56, 3.48, 3.24, 2.74, 2.38, 2.32, 2.56, 2.56, 2.57, 4.55, 7.38, 8.28, 7.51, 7.55, 7.42, 7.18, 7.4, 6.54, 6.1, 5.88, 5.61, 5.52, 5.94, 5.96, 5.45, 4.9, 4.24, 4.22, 4.98, 5.32, 5.46, 5.84, 5.84, 5.38, 4.73, 4.29, 4.41, 3.81, 3.24, 3.09, 3.48, 4.42, 5.394, 5.117, 4.79, 3.26, 2.32, 2.23, 2.32], [6.85, 6.78, 5.91, 4.73, 3.18, 2.69, 3.34, 3.84, 4.21, 3.36, 2.37, 1.82, 1.48, 1.64, 1.54, 0.75, 0, 1.3, 2.09, 2.4, 2.37, 2.34, 2.48, 3.78, 5.32, 5.65, 5.86, 5.56, 4.89, 5.08, 4.6, 4.85, 4.67, 4.49, 4.28, 3.14, 3.14, 3.73, 3.69, 3.45, 2.99, 2.69, 2.61, 2.97, 2.75, 2.66, 4.5, 7.39, 8.27, 7.5, 7.54, 7.43, 7.19, 7.41, 6.55, 6.13, 5.87, 5.62, 5.57, 5.95, 5.95, 5.44, 4.81, 4.17, 4.15, 4.91, 5.27, 5.43, 5.77, 5.83, 5.33, 4.68, 4.28, 4.4, 3.8, 3.29, 3.12, 3.49, 4.37, 5.324, 5.044, 4.712, 3.29, 2.41, 2.56, 2.59], [6.969, 6.82, 5.955, 4.812, 3.32, 2.87, 3.44, 3.9, 4.33, 3.46, 2.31, 1.82, 1.86, 2.06, 1.78, 1.35, 1.3, 0, 1.51, 1.98, 1.97, 1.98, 2.02, 3.08, 4.78, 4.99, 5.2, 4.94, 4.35, 4.58, 3.94, 4.27, 4.17, 4.01, 3.66, 2.62, 3.06, 3.87, 3.85, 3.61, 2.85, 2.57, 2.47, 2.57, 2.47, 2.14, 4.46, 7.47, 8.381, 7.62, 7.651, 7.49, 7.25, 7.458, 6.595, 6.19, 5.93, 5.68, 5.63, 6.01, 6.03, 5.46, 4.85, 4.03, 4.01, 4.79, 5.13, 5.37, 5.71, 5.73, 5.19, 4.58, 4.14, 4.34, 3.74, 3.27, 3.1, 3.53, 4.35, 5.23, 4.962, 4.589, 3.21, 2.43, 2.46, 2.45], [6.62, 6.49, 5.608, 4.468, 2.95, 2.42, 3.11, 3.53, 3.92, 3.03, 1.9, 1.81, 2.41, 3.07, 2.73, 2.04, 2.09, 1.51, 0, 1.09, 1.36, 1.41, 1.37, 2.21, 3.99, 4.04, 4.11, 3.75, 3.02, 3.19, 2.89, 3.42, 3.4, 3.24, 2.89, 2.09, 2.59, 3.38, 3.36, 3.08, 2.38, 1.96, 2.12, 1.84, 1.6, 1.49, 3.99, 7.085, 7.993, 7.241, 7.263, 7.125, 6.868, 7.088, 6.26, 5.84, 5.6, 5.31, 5.24, 5.68, 5.68, 5.09, 4.66, 4.04, 4.12, 4.78, 5.06, 5.12, 5.5, 5.48, 5.08, 4.37, 4.39, 4.33, 3.77, 3.4, 2.99, 3.28, 4.512, 5.438, 5.032, 4.676, 2.96, 2.32, 2.39, 2.64], [5.97, 5.9, 5.03, 3.844, 2.34, 1.85, 2.52, 2.86, 3.21, 2.28, 1.35, 1.32, 2.56, 3.46, 3.1, 2.31, 2.4, 1.98, 1.09, 0, 0.87, 0.9, 0.96, 2.06, 3.68, 3.69, 3.86, 3.52, 2.79, 2.96, 2.76, 3.31, 3.55, 3.17, 2.58, 1.66, 2.1, 2.95, 2.95, 2.57, 1.85, 1.57, 2.01, 1.57, 1.17, 1.02, 3.38, 6.45, 7.27, 6.52, 6.58, 6.51, 6.247, 6.467, 5.63, 5.27, 5.07, 4.82, 4.71, 5.21, 5.19, 4.64, 4.27, 4.03, 4.21, 4.77, 4.85, 4.71, 5.09, 5.15, 4.97, 4.28, 4.46, 4.38, 3.82, 3.55, 3.16, 3.37, 4.63, 5.44, 4.914, 4.578, 2.93, 2.25, 2.66, 2.65], [5.94, 5.93, 5.04, 3.8, 2.39, 1.68, 2.23, 2.67, 3.14, 2.45, 1.44, 1.51, 2.57, 3.39, 3.01, 2.28, 2.37, 1.97, 1.36, 0.87, 0, 0.55, 0.69, 2.15, 3.69, 3.58, 3.77, 3.49, 2.82, 3.01, 2.81, 3.34, 3.6, 3.18, 2.55, 1.59, 1.79, 2.58, 2.54, 2.16, 1.66, 1.56, 1.88, 1.5, 1.22, 1.21, 3.29, 6.38, 7.2, 6.45, 6.51, 6.46, 6.2, 6.4, 5.68, 5.38, 5.2, 4.95, 4.8, 5.28, 5.32, 4.71, 4.4, 4.08, 4.26, 4.82, 5.02, 4.86, 5.24, 5.26, 5.04, 4.35, 4.49, 4.41, 3.89, 3.62, 3.19, 3.34, 4.7, 5.45, 4.973, 4.642, 3.04, 2.5, 2.61, 2.62], [5.85, 5.84, 4.95, 3.71, 2.3, 1.59, 2.22, 2.66, 3.05, 2.34, 1.31, 1.38, 2.54, 3.42, 3.08, 2.35, 2.34, 1.98, 1.41, 0.9, 0.55, 0, 0.72, 2.12, 3.64, 3.59, 3.72, 3.44, 2.79, 3.0, 2.8, 3.39, 3.67, 3.07, 2.44, 1.38, 1.76, 2.55, 2.53, 2.19, 1.59, 1.59, 1.83, 1.49, 1.19, 1.2, 3.14, 6.23, 7.09, 6.32, 6.4, 6.35, 6.09, 6.27, 5.61, 5.31, 5.17, 4.92, 4.79, 5.25, 5.27, 4.68, 4.37, 4.07, 4.29, 4.83, 4.97, 4.81, 5.21, 5.23, 5.05, 4.36, 4.54, 4.46, 3.92, 3.67, 3.3, 3.41, 4.75, 5.5, 4.974, 4.655, 3.09, 2.57, 2.78, 2.69], [6.13, 6.1, 5.21, 3.97, 2.58, 1.71, 2.32, 2.92, 3.41, 2.58, 1.43, 1.54, 2.68, 3.36, 2.92, 2.33, 2.48, 2.02, 1.37, 0.96, 0.69, 0.72, 0, 1.68, 3.36, 3.29, 3.46, 3.16, 2.51, 2.76, 2.52, 3.13, 3.41, 2.83, 2.18, 1.22, 1.74, 2.57, 2.49, 2.23, 1.53, 1.41, 1.79, 1.51, 1.29, 1.24, 3.42, 6.539, 7.406, 6.68, 6.717, 6.627, 6.39, 6.57, 5.91, 5.61, 5.39, 5.12, 5.01, 5.45, 5.51, 4.92, 4.57, 4.35, 4.61, 5.15, 5.29, 5.11, 5.43, 5.43, 5.25, 4.6, 4.84, 4.78, 4.24, 3.99, 3.54, 3.71, 5.05, 5.78, 5.24, 4.884, 3.23, 2.65, 2.68, 2.57], [7.69, 7.58, 6.69, 5.53, 4.04, 3.25, 3.8, 4.5, 4.95, 4.1, 2.71, 2.6, 3.54, 3.7, 3.22, 3.45, 3.78, 3.08, 2.21, 2.06, 2.15, 2.12, 1.68, 0, 1.9, 2.13, 2.42, 2.38, 2.15, 2.28, 1.5, 1.75, 2.15, 1.87, 1.72, 1.66, 3.08, 4.11, 4.03, 3.77, 2.81, 2.23, 2.37, 2.11, 2.33, 2.06, 5.0, 8.092, 9.003, 8.271, 8.312, 8.164, 7.927, 8.115, 7.41, 7.11, 6.85, 6.62, 6.53, 6.97, 6.99, 6.4, 6.07, 5.77, 6.03, 6.59, 6.69, 6.57, 6.87, 6.91, 6.73, 6.08, 6.32, 6.2, 5.66, 5.39, 4.94, 5.13, 6.47, 7.257, 6.72, 6.364, 4.65, 3.69, 3.66, 3.21], [9.23, 9.22, 8.33, 7.09, 5.6, 4.67, 5.24, 5.98, 6.43, 5.6, 4.29, 4.16, 4.92, 5.08, 4.54, 5.03, 5.32, 4.78, 3.99, 3.68, 3.69, 3.64, 3.36, 1.9, 0, 1.13, 1.56, 1.88, 1.95, 1.86, 1.32, 0.89, 1.11, 1.11, 1.56, 2.98, 4.6, 5.63, 5.53, 5.19, 4.25, 3.69, 3.27, 3.15, 3.89, 3.6, 6.52, 9.639, 10.444, 9.72, 9.777, 9.727, 9.473, 9.685, 9.05, 8.79, 8.61, 8.38, 8.27, 8.73, 8.71, 8.16, 7.85, 7.59, 7.85, 8.43, 8.53, 8.35, 8.65, 8.75, 8.57, 7.9, 8.14, 8.04, 7.5, 7.21, 6.76, 6.95, 8.27, 9.1, 8.557, 8.201, 6.488, 5.33, 5.42, 4.83], [8.74, 8.81, 7.92, 6.72, 5.51, 4.46, 4.83, 5.71, 6.16, 5.17, 4.12, 4.41, 5.37, 5.55, 5.01, 5.3, 5.65, 4.99, 4.04, 3.69, 3.58, 3.59, 3.29, 2.13, 1.13, 0, 0.75, 1.13, 1.64, 1.61, 1.35, 1.22, 1.5, 1.38, 1.65, 2.81, 4.33, 5.12, 4.98, 4.64, 3.86, 3.62, 3.42, 3.1, 3.8, 3.41, 6.13, 9.092, 9.912, 9.19, 9.29, 9.26, 9.12, 9.34, 8.68, 8.48, 8.32, 8.13, 8.04, 8.44, 8.44, 7.97, 7.6, 7.56, 7.82, 8.36, 8.48, 8.26, 8.48, 8.52, 8.44, 7.81, 8.05, 7.99, 7.45, 7.18, 6.75, 6.92, 8.28, 8.99, 8.433, 8.057, 6.34, 5.4, 5.43, 4.84], [8.43, 8.58, 7.71, 6.63, 5.56, 4.45, 4.72, 5.6, 6.01, 5.04, 4.17, 4.62, 5.58, 5.84, 5.22, 5.51, 5.86, 5.2, 4.11, 3.86, 3.77, 3.72, 3.46, 2.42, 1.56, 0.75, 0, 0.8, 1.39, 1.44, 1.38, 1.59, 1.87, 1.59, 1.82, 2.82, 4.06, 4.73, 4.59, 4.35, 3.67, 3.65, 3.43, 3.21, 3.81, 3.56, 5.78, 8.63, 9.35, 8.72, 8.94, 9.09, 8.97, 9.15, 8.51, 8.31, 8.15, 8.0, 7.87, 8.25, 8.27, 7.86, 7.49, 7.57, 7.81, 8.33, 8.45, 8.25, 8.43, 8.37, 8.33, 7.76, 7.98, 7.98, 7.42, 7.19, 6.82, 6.97, 8.31, 8.903, 8.325, 7.95, 6.21, 5.55, 5.5, 5.03], [8.15, 8.2, 7.31, 6.23, 5.18, 4.09, 4.36, 5.16, 5.57, 4.7, 3.75, 4.32, 5.34, 5.58, 4.98, 5.19, 5.56, 4.94, 3.75, 3.52, 3.49, 3.44, 3.16, 2.38, 1.88, 1.13, 0.8, 0, 0.99, 1.2, 1.46, 1.79, 2.03, 1.69, 1.7, 2.48, 3.66, 4.43, 4.23, 4.03, 3.29, 3.31, 3.07, 2.87, 3.43, 3.3, 5.44, 8.35, 9.13, 8.5, 8.72, 8.75, 8.53, 8.748, 8.13, 7.93, 7.77, 7.56, 7.47, 7.89, 7.87, 7.4, 7.09, 7.17, 7.37, 7.89, 8.01, 7.85, 7.99, 7.95, 7.87, 7.32, 7.52, 7.56, 6.96, 6.77, 6.44, 6.61, 7.91, 8.443, 7.871, 7.49, 5.77, 5.17, 5.12, 4.69], [7.56, 7.57, 6.7, 5.48, 4.31, 3.3, 3.71, 4.39, 4.8, 3.97, 3.02, 3.65, 4.71, 5.05, 4.47, 4.5, 4.89, 4.35, 3.02, 2.79, 2.82, 2.79, 2.51, 2.15, 1.95, 1.64, 1.39, 0.99, 0, 0.81, 1.27, 1.9, 2.2, 1.6, 1.29, 1.95, 2.93, 3.84, 3.72, 3.34, 2.68, 2.48, 2.46, 2.14, 2.58, 2.67, 4.75, 7.82, 8.614, 7.91, 8.09, 8.06, 7.8, 7.998, 7.42, 7.18, 7.0, 6.77, 6.7, 7.12, 7.12, 6.61, 6.28, 6.28, 6.52, 7.04, 7.16, 6.96, 7.14, 7.18, 7.08, 6.47, 6.71, 6.69, 6.13, 5.9, 5.57, 5.74, 7.04, 7.633, 7.073, 6.697, 4.98, 4.36, 4.27, 4.06], [7.55, 7.54, 6.71, 5.61, 4.42, 3.39, 3.88, 4.36, 4.77, 4.0, 3.17, 3.86, 4.94, 5.34, 4.78, 4.73, 5.08, 4.58, 3.19, 2.96, 3.01, 3.0, 2.76, 2.28, 1.86, 1.61, 1.44, 1.2, 0.81, 0, 1.16, 1.93, 2.19, 1.73, 1.54, 2.32, 3.28, 4.19, 4.03, 3.63, 2.89, 2.67, 2.79, 2.31, 2.67, 2.94, 4.84, 7.862, 8.682, 7.96, 8.1, 8.09, 7.79, 8.005, 7.43, 7.19, 7.05, 6.8, 6.69, 7.15, 7.13, 6.58, 6.35, 6.43, 6.57, 7.05, 7.17, 7.05, 7.19, 7.17, 7.03, 6.48, 6.68, 6.72, 6.12, 5.93, 5.68, 5.89, 7.17, 7.634, 7.074, 6.65, 4.93, 4.49, 4.52, 4.33], [8.25, 8.22, 7.33, 6.13, 4.7, 3.85, 4.34, 5.04, 5.49, 4.62, 3.27, 3.4, 4.36, 4.56, 3.96, 4.25, 4.6, 3.94, 2.89, 2.76, 2.81, 2.8, 2.52, 1.5, 1.32, 1.35, 1.38, 1.46, 1.27, 1.16, 0, 1.09, 1.37, 1.11, 1.26, 2.38, 3.7, 4.77, 4.61, 4.31, 3.35, 2.85, 2.61, 2.31, 2.83, 2.76, 5.58, 8.701, 9.561, 8.808, 8.843, 8.759, 8.51, 8.704, 7.99, 7.69, 7.47, 7.24, 7.11, 7.57, 7.59, 7.02, 6.69, 6.35, 6.55, 7.15, 7.25, 7.17, 7.51, 7.55, 7.37, 6.66, 6.9, 6.76, 6.2, 5.93, 5.58, 5.77, 7.09, 7.874, 7.337, 6.981, 5.268, 4.33, 4.28, 3.85], [9.18, 9.17, 8.28, 7.04, 5.45, 4.66, 5.23, 5.93, 6.36, 5.51, 4.2, 3.87, 4.49, 4.65, 4.11, 4.56, 4.85, 4.27, 3.42, 3.31, 3.34, 3.39, 3.13, 1.75, 0.89, 1.22, 1.59, 1.79, 1.9, 1.93, 1.09, 0, 0.68, 0.92, 1.57, 2.93, 4.57, 5.6, 5.5, 5.18, 4.22, 3.5, 3.06, 2.86, 3.7, 3.43, 6.47, 9.606, 10.437, 9.684, 9.756, 9.689, 9.38, 9.6, 8.817, 8.52, 8.34, 8.05, 7.9, 8.44, 8.48, 7.89, 7.5, 7.1, 7.26, 7.88, 8.02, 7.98, 8.36, 8.38, 8.12, 7.41, 7.57, 7.47, 6.91, 6.6, 6.15, 6.36, 7.7, 8.561, 8.061, 7.725, 5.992, 4.8, 4.85, 4.24], [9.46, 9.43, 8.54, 7.32, 5.71, 4.92, 5.49, 6.19, 6.62, 5.75, 4.46, 3.97, 4.27, 4.51, 3.87, 4.4, 4.67, 4.17, 3.4, 3.55, 3.6, 3.67, 3.41, 2.15, 1.11, 1.5, 1.87, 2.03, 2.2, 2.19, 1.37, 0.68, 0, 0.92, 1.81, 3.21, 4.85, 5.88, 5.78, 5.44, 4.48, 3.74, 3.04, 3.08, 3.92, 3.67, 6.75, 9.877, 10.697, 9.964, 10.033, 9.969, 9.66, 9.88, 9.097, 8.78, 8.6, 8.31, 8.14, 8.68, 8.74, 8.15, 7.74, 7.2, 7.32, 7.96, 8.22, 8.24, 8.62, 8.62, 8.24, 7.53, 7.69, 7.57, 6.99, 6.7, 6.25, 6.44, 7.798, 8.681, 8.204, 7.842, 6.095, 4.88, 4.91, 4.38], [8.72, 8.71, 7.82, 6.58, 5.01, 4.26, 4.83, 5.59, 6.0, 5.19, 3.82, 3.51, 4.17, 4.39, 3.77, 4.2, 4.49, 4.01, 3.24, 3.17, 3.18, 3.07, 2.83, 1.87, 1.11, 1.38, 1.59, 1.69, 1.6, 1.73, 1.11, 0.92, 0.92, 0, 1.21, 2.43, 4.07, 5.1, 5.0, 4.72, 3.76, 3.26, 2.48, 2.58, 3.36, 3.15, 5.97, 9.117, 9.974, 9.23, 9.31, 9.22, 9.006, 9.229, 8.6, 8.32, 8.14, 7.91, 7.76, 8.24, 8.24, 7.61, 7.36, 6.98, 7.16, 7.78, 7.88, 7.8, 8.18, 8.22, 8.02, 7.31, 7.53, 7.39, 6.83, 6.54, 6.07, 6.28, 7.638, 8.504, 7.984, 7.628, 5.898, 4.72, 4.75, 4.24], [7.89, 7.92, 7.01, 5.77, 4.38, 3.45, 3.94, 4.76, 5.09, 4.28, 3.05, 3.04, 3.96, 4.14, 3.6, 3.95, 4.28, 3.66, 2.89, 2.58, 2.55, 2.44, 2.18, 1.72, 1.56, 1.65, 1.82, 1.7, 1.29, 1.54, 1.26, 1.57, 1.81, 1.21, 0, 1.56, 3.2, 4.15, 4.05, 3.75, 2.93, 2.41, 2.11, 1.91, 2.71, 2.36, 5.18, 8.184, 9.024, 8.3, 8.44, 8.39, 8.148, 8.348, 7.73, 7.53, 7.37, 7.14, 7.07, 7.49, 7.47, 6.94, 6.65, 6.37, 6.61, 7.19, 7.29, 7.17, 7.45, 7.55, 7.39, 6.7, 6.94, 6.8, 6.26, 5.97, 5.52, 5.71, 7.05, 7.914, 7.377, 7.021, 5.308, 4.15, 4.18, 3.63], [6.53, 6.5, 5.61, 4.37, 3.06, 2.13, 2.74, 3.46, 3.77, 3.02, 1.69, 1.92, 2.94, 3.32, 2.84, 2.79, 3.14, 2.62, 2.09, 1.66, 1.59, 1.38, 1.22, 1.66, 2.98, 2.81, 2.82, 2.48, 1.95, 2.32, 2.38, 2.93, 3.21, 2.43, 1.56, 0, 1.8, 2.67, 2.59, 2.33, 1.51, 1.25, 1.35, 1.17, 1.71, 1.44, 3.76, 6.77, 7.624, 6.92, 7.12, 7.05, 6.745, 7.005, 6.43, 6.19, 6.05, 5.82, 5.71, 6.17, 6.13, 5.58, 5.29, 5.09, 5.35, 5.89, 6.01, 5.81, 6.09, 6.19, 6.03, 5.38, 5.62, 5.52, 4.98, 4.71, 4.26, 4.45, 5.79, 6.557, 6.02, 5.664, 3.95, 2.97, 2.98, 2.57], [4.93, 4.88, 4.03, 2.87, 1.92, 1.35, 1.54, 1.82, 2.23, 2.04, 1.43, 1.82, 2.86, 3.98, 3.74, 2.81, 3.14, 3.06, 2.59, 2.1, 1.79, 1.76, 1.74, 3.08, 4.6, 4.33, 4.06, 3.66, 2.93, 3.28, 3.7, 4.57, 4.85, 4.07, 3.2, 1.8, 0, 1.29, 1.29, 1.17, 1.23, 1.55, 2.37, 2.13, 1.59, 1.92, 2.4, 5.15, 5.99, 5.32, 5.52, 5.41, 5.128, 5.308, 4.75, 4.51, 4.35, 4.12, 4.03, 4.47, 4.45, 3.92, 3.61, 3.59, 3.77, 4.31, 4.43, 4.21, 4.43, 4.51, 4.41, 3.76, 4.0, 3.94, 3.4, 3.15, 2.9, 3.05, 4.31, 4.954, 4.38, 4.1, 2.89, 2.75, 2.68, 2.87], [4.1, 4.19, 3.28, 2.18, 1.63, 1.48, 1.55, 1.43, 1.8, 1.87, 2.0, 2.49, 3.25, 4.65, 4.59, 3.56, 3.73, 3.87, 3.38, 2.95, 2.58, 2.55, 2.57, 4.11, 5.63, 5.12, 4.73, 4.43, 3.84, 4.19, 4.77, 5.6, 5.88, 5.1, 4.15, 2.67, 1.29, 0, 0.7, 0.86, 1.74, 2.28, 3.24, 2.9, 2.36, 2.77, 2.49, 4.22, 5.04, 4.39, 4.61, 4.64, 4.5, 4.74, 4.12, 3.92, 3.76, 3.55, 3.56, 3.88, 3.9, 3.39, 3.04, 3.08, 3.24, 3.9, 4.06, 3.84, 3.98, 4.1, 4.1, 3.31, 3.57, 3.47, 2.99, 2.78, 2.33, 2.48, 3.72, 4.424, 3.853, 3.65, 2.96, 2.74, 2.91, 3.02], [4.04, 4.11, 3.26, 2.2, 1.69, 1.54, 1.35, 1.51, 1.78, 1.79, 2.0, 2.43, 3.17, 4.49, 4.47, 3.48, 3.69, 3.85, 3.36, 2.95, 2.54, 2.53, 2.49, 4.03, 5.53, 4.98, 4.59, 4.23, 3.72, 4.03, 4.61, 5.5, 5.78, 5.0, 4.05, 2.59, 1.29, 0.7, 0, 0.78, 1.54, 2.2, 3.12, 2.84, 2.3, 2.71, 2.41, 4.22, 5.08, 4.41, 4.63, 4.6, 4.46, 4.66, 4.04, 3.84, 3.72, 3.57, 3.56, 3.86, 3.9, 3.43, 3.14, 3.32, 3.28, 3.88, 4.06, 4.0, 4.02, 4.06, 4.04, 3.33, 3.59, 3.57, 3.05, 2.94, 2.55, 2.64, 3.88, 4.45, 3.827, 3.61, 2.76, 2.84, 2.89, 2.96], [4.28, 4.39, 3.54, 2.42, 1.43, 1.14, 1.01, 1.41, 1.84, 1.45, 1.6, 2.15, 2.97, 4.31, 4.21, 3.24, 3.45, 3.61, 3.08, 2.57, 2.16, 2.19, 2.23, 3.77, 5.19, 4.64, 4.35, 4.03, 3.34, 3.63, 4.31, 5.18, 5.44, 4.72, 3.75, 2.33, 1.17, 0.86, 0.78, 0, 1.18, 1.82, 2.82, 2.46, 1.84, 2.37, 2.41, 4.6, 5.32, 4.65, 4.85, 4.84, 4.7, 4.9, 4.28, 4.08, 3.98, 3.83, 3.82, 4.12, 4.16, 3.65, 3.32, 3.5, 3.56, 4.24, 4.38, 4.24, 4.34, 4.36, 4.38, 3.67, 3.93, 3.81, 3.35, 3.14, 2.71, 2.86, 4.06, 4.71, 4.055, 3.75, 2.54, 2.5, 2.67, 2.74], [5.22, 5.21, 4.36, 3.18, 1.99, 1.08, 1.43, 2.09, 2.42, 1.63, 1.2, 1.75, 2.71, 3.65, 3.43, 2.74, 2.99, 2.85, 2.38, 1.85, 1.66, 1.59, 1.53, 2.81, 4.25, 3.86, 3.67, 3.29, 2.68, 2.89, 3.35, 4.22, 4.48, 3.76, 2.93, 1.51, 1.23, 1.74, 1.54, 1.18, 0, 1.14, 1.98, 1.64, 1.44, 1.55, 3.07, 5.54, 6.309, 5.59, 5.75, 5.74, 5.44, 5.7, 5.12, 4.88, 4.72, 4.55, 4.52, 4.88, 4.92, 4.33, 4.0, 4.1, 4.22, 4.86, 5.0, 4.9, 5.0, 5.02, 5.0, 4.29, 4.53, 4.49, 4.01, 3.82, 3.35, 3.44, 4.72, 5.31, 4.753, 4.41, 2.74, 2.28, 2.31, 2.28], [5.9, 5.89, 5.0, 3.76, 2.25, 1.4, 2.05, 2.55, 2.9, 2.15, 1.14, 1.53, 2.51, 3.13, 2.73, 2.38, 2.69, 2.57, 1.96, 1.57, 1.56, 1.59, 1.41, 2.23, 3.69, 3.62, 3.65, 3.31, 2.48, 2.67, 2.85, 3.5, 3.74, 3.26, 2.41, 1.25, 1.55, 2.28, 2.2, 1.82, 1.14, 0, 1.24, 1.08, 1.28, 1.47, 3.41, 6.232, 7.012, 6.31, 6.442, 6.394, 6.055, 6.255, 5.58, 5.3, 5.16, 4.93, 4.84, 5.28, 5.28, 4.79, 4.4, 4.1, 4.36, 4.92, 5.04, 4.94, 5.24, 5.28, 5.12, 4.41, 4.65, 4.57, 4.01, 3.76, 3.29, 3.44, 4.76, 5.644, 5.087, 4.731, 3.02, 2.08, 2.05, 2.1], [7.0, 6.99, 6.1, 4.86, 3.27, 2.38, 3.03, 3.63, 4.0, 3.29, 2.06, 1.93, 2.37, 2.77, 2.21, 2.32, 2.61, 2.47, 2.12, 2.01, 1.88, 1.83, 1.79, 2.37, 3.27, 3.42, 3.43, 3.07, 2.46, 2.79, 2.61, 3.06, 3.04, 2.48, 2.11, 1.35, 2.37, 3.24, 3.12, 2.82, 1.98, 1.24, 0, 1.2, 2.08, 1.97, 4.31, 7.277, 8.037, 7.37, 7.527, 7.497, 7.16, 7.323, 6.74, 6.46, 6.3, 6.05, 5.92, 6.38, 6.42, 5.83, 5.5, 5.12, 5.26, 5.9, 5.98, 5.94, 6.34, 6.36, 6.16, 5.45, 5.61, 5.51, 4.91, 4.62, 4.19, 4.36, 5.715, 6.621, 6.104, 5.765, 4.015, 2.8, 2.85, 2.52], [6.52, 6.51, 5.62, 4.38, 2.81, 1.98, 2.71, 3.23, 3.6, 2.83, 1.7, 1.85, 2.71, 3.17, 2.81, 2.56, 2.97, 2.57, 1.84, 1.57, 1.5, 1.49, 1.51, 2.11, 3.15, 3.1, 3.21, 2.87, 2.14, 2.31, 2.31, 2.86, 3.08, 2.58, 1.91, 1.17, 2.13, 2.9, 2.84, 2.46, 1.64, 1.08, 1.2, 0, 1.5, 1.57, 3.97, 6.869, 7.666, 6.93, 7.067, 7.017, 6.683, 6.883, 6.28, 6.0, 5.86, 5.61, 5.44, 5.94, 5.96, 5.33, 5.06, 4.64, 4.84, 5.44, 5.58, 5.5, 5.9, 5.92, 5.68, 4.99, 5.15, 5.03, 4.49, 4.18, 3.73, 3.92, 5.26, 6.121, 5.621, 5.285, 3.54, 2.42, 2.45, 2.24], [5.56, 5.55, 4.66, 3.44, 2.01, 1.42, 1.93, 2.33, 2.72, 1.91, 1.12, 1.73, 2.89, 3.79, 3.51, 2.56, 2.75, 2.47, 1.6, 1.17, 1.22, 1.19, 1.29, 2.33, 3.89, 3.8, 3.81, 3.43, 2.58, 2.67, 2.83, 3.7, 3.92, 3.36, 2.71, 1.71, 1.59, 2.36, 2.3, 1.84, 1.44, 1.28, 2.08, 1.5, 0, 1.15, 3.15, 6.006, 6.814, 6.081, 6.136, 6.074, 5.837, 6.029, 5.32, 5.04, 4.86, 4.63, 4.48, 4.96, 4.96, 4.35, 4.08, 3.82, 4.06, 4.62, 4.72, 4.6, 4.9, 4.94, 4.78, 4.13, 4.37, 4.23, 3.69, 3.4, 3.05, 3.26, 4.54, 5.35, 4.77, 4.414, 2.82, 2.5, 2.55, 2.92], [5.85, 5.84, 5.01, 3.77, 2.32, 1.81, 2.28, 2.8, 3.11, 2.12, 1.21, 1.4, 2.66, 3.56, 3.26, 2.57, 2.66, 2.14, 1.49, 1.02, 1.21, 1.2, 1.24, 2.06, 3.6, 3.41, 3.56, 3.3, 2.67, 2.94, 2.76, 3.43, 3.67, 3.15, 2.36, 1.44, 1.92, 2.77, 2.71, 2.37, 1.55, 1.47, 1.97, 1.57, 1.15, 0, 3.38, 6.27, 7.09, 6.357, 6.443, 6.373, 6.13, 6.33, 5.59, 5.29, 5.11, 4.92, 4.83, 5.23, 5.25, 4.74, 4.39, 4.21, 4.47, 5.07, 5.17, 4.99, 5.23, 5.31, 5.21, 4.56, 4.8, 4.66, 4.14, 3.83, 3.38, 3.57, 4.91, 5.717, 5.18, 4.824, 3.27, 2.55, 2.82, 2.77], [2.89, 2.86, 2.31, 1.81, 2.28, 2.75, 2.42, 1.88, 1.81, 2.08, 2.87, 3.16, 4.38, 5.72, 5.5, 4.55, 4.5, 4.46, 3.99, 3.38, 3.29, 3.14, 3.42, 5.0, 6.52, 6.13, 5.78, 5.44, 4.75, 4.84, 5.58, 6.47, 6.75, 5.97, 5.18, 3.76, 2.4, 2.49, 2.41, 2.41, 3.07, 3.41, 4.31, 3.97, 3.15, 3.38, 0, 3.15, 4.07, 3.34, 3.52, 3.49, 3.33, 3.57, 3.23, 3.05, 2.67, 2.66, 2.55, 2.61, 2.81, 2.36, 2.51, 3.25, 3.43, 3.17, 3.15, 2.95, 2.95, 2.81, 2.63, 2.46, 2.78, 2.76, 2.58, 2.65, 2.9, 2.89, 3.25, 3.71, 3.01, 2.42, 2.75, 3.91, 4.26, 4.53], [1.28, 1.33, 2.06, 3.0, 4.33, 5.02, 4.51, 3.77, 3.44, 4.21, 5.58, 6.09, 7.01, 8.49, 8.47, 7.38, 7.39, 7.47, 7.085, 6.45, 6.38, 6.23, 6.539, 8.092, 9.639, 9.092, 8.63, 8.35, 7.82, 7.862, 8.701, 9.606, 9.877, 9.117, 8.184, 6.77, 5.15, 4.22, 4.22, 4.6, 5.54, 6.232, 7.277, 6.869, 6.006, 6.27, 3.15, 0, 1.18, 0.87, 0.99, 1.08, 1.5, 1.54, 2.06, 2.02, 1.9, 2.01, 1.94, 1.8, 1.8, 2.13, 2.78, 3.94, 4.238, 3.34, 2.82, 2.38, 2.02, 2.12, 2.46, 3.115, 3.606, 3.45, 4.01, 4.42, 4.706, 4.1, 3.58, 2.98, 3.1, 3.39, 4.62, 5.98, 6.33, 6.58], [1.8, 2.03, 2.84, 3.74, 5.15, 5.84, 5.31, 4.59, 4.2, 5.03, 6.48, 6.95, 7.85, 9.37, 9.35, 8.28, 8.27, 8.381, 7.993, 7.27, 7.2, 7.09, 7.406, 9.003, 10.444, 9.912, 9.35, 9.13, 8.614, 8.682, 9.561, 10.437, 10.697, 9.974, 9.024, 7.624, 5.99, 5.04, 5.08, 5.32, 6.309, 7.012, 8.037, 7.666, 6.814, 7.09, 4.07, 1.18, 0, 0.99, 1.01, 1.22, 1.78, 1.7, 2.26, 2.4, 2.54, 2.79, 2.86, 2.4, 2.46, 3.03, 3.66, 4.86, 5.138, 4.26, 3.72, 3.28, 2.94, 3.1, 3.34, 4.035, 4.515, 4.31, 4.93, 5.34, 5.606, 5.02, 4.32, 3.7, 3.92, 4.19, 5.52, 6.8, 7.19, 7.38], [1.33, 1.5, 2.19, 3.09, 4.42, 5.13, 4.6, 3.88, 3.51, 4.28, 5.71, 6.18, 7.08, 8.62, 8.6, 7.51, 7.5, 7.62, 7.241, 6.52, 6.45, 6.32, 6.68, 8.271, 9.72, 9.19, 8.72, 8.5, 7.91, 7.96, 8.808, 9.684, 9.964, 9.23, 8.3, 6.92, 5.32, 4.39, 4.41, 4.65, 5.59, 6.31, 7.37, 6.93, 6.081, 6.357, 3.34, 0.87, 0.99, 0, 0.64, 1.09, 1.59, 1.79, 2.03, 1.97, 1.89, 2.12, 2.17, 1.87, 1.95, 2.26, 3.05, 4.17, 4.43, 3.77, 3.31, 2.83, 2.43, 2.57, 2.65, 3.28, 3.76, 3.54, 4.16, 4.57, 4.853, 4.25, 3.67, 3.19, 3.25, 3.52, 4.85, 6.07, 6.46, 6.65], [1.25, 1.44, 2.21, 3.11, 4.5, 5.19, 4.64, 3.92, 3.63, 4.38, 5.75, 6.22, 7.14, 8.64, 8.62, 7.55, 7.54, 7.651, 7.263, 6.58, 6.51, 6.4, 6.717, 8.312, 9.777, 9.29, 8.94, 8.72, 8.09, 8.1, 8.843, 9.756, 10.033, 9.31, 8.44, 7.12, 5.52, 4.61, 4.63, 4.85, 5.75, 6.442, 7.527, 7.067, 6.136, 6.443, 3.52, 0.99, 1.01, 0.64, 0, 0.79, 1.53, 1.61, 1.89, 1.89, 1.83, 2.06, 2.21, 1.91, 1.87, 2.32, 3.07, 4.19, 4.47, 3.79, 3.35, 2.85, 2.51, 2.61, 2.75, 3.34, 3.8, 3.58, 4.2, 4.61, 4.876, 4.29, 3.69, 3.17, 3.29, 3.52, 4.85, 6.07, 6.46, 6.65], [1.14, 1.25, 2.02, 2.88, 4.35, 5.16, 4.63, 3.91, 3.6, 4.35, 5.62, 6.13, 7.07, 8.53, 8.51, 7.42, 7.43, 7.49, 7.125, 6.51, 6.46, 6.35, 6.627, 8.164, 9.727, 9.26, 9.09, 8.75, 8.06, 8.09, 8.759, 9.689, 9.969, 9.22, 8.39, 7.05, 5.41, 4.64, 4.6, 4.84, 5.74, 6.394, 7.497, 7.017, 6.074, 6.373, 3.49, 1.08, 1.22, 1.09, 0.79, 0, 1.0, 1.14, 1.52, 1.64, 1.7, 1.91, 2.1, 1.9, 1.98, 2.17, 2.84, 3.96, 4.24, 3.52, 3.1, 2.62, 2.22, 2.42, 2.52, 3.135, 3.63, 3.43, 4.03, 4.44, 4.706, 4.12, 3.42, 2.78, 3.02, 3.33, 4.76, 5.98, 6.31, 6.58], [1.46, 1.37, 1.82, 2.7, 4.15, 4.92, 4.45, 3.73, 3.32, 4.15, 5.42, 5.89, 6.81, 8.27, 8.27, 7.18, 7.19, 7.25, 6.868, 6.247, 6.2, 6.09, 6.39, 7.927, 9.473, 9.12, 8.97, 8.53, 7.8, 7.79, 8.51, 9.38, 9.66, 9.006, 8.148, 6.745, 5.128, 4.5, 4.46, 4.7, 5.44, 6.055, 7.16, 6.683, 5.837, 6.13, 3.33, 1.5, 1.78, 1.59, 1.53, 1.0, 0, 0.88, 1.26, 1.68, 1.72, 1.81, 1.88, 2.2, 2.14, 2.03, 2.54, 3.7, 3.98, 3.26, 2.76, 2.32, 1.9, 2.26, 2.58, 2.95, 3.49, 3.37, 3.83, 4.22, 4.409, 3.84, 3.06, 2.44, 2.74, 3.61, 4.72, 5.78, 6.11, 6.36], [1.7, 1.49, 2.1, 2.94, 4.33, 5.08, 4.65, 3.81, 3.46, 4.33, 5.68, 6.11, 7.03, 8.49, 8.49, 7.4, 7.41, 7.458, 7.088, 6.467, 6.4, 6.27, 6.57, 8.115, 9.685, 9.34, 9.15, 8.748, 7.998, 8.005, 8.704, 9.6, 9.88, 9.229, 8.348, 7.005, 5.308, 4.74, 4.66, 4.9, 5.7, 6.255, 7.323, 6.883, 6.029, 6.33, 3.57, 1.54, 1.7, 1.79, 1.61, 1.14, 0.88, 0, 1.06, 1.44, 1.62, 1.85, 2.06, 2.04, 2.0, 2.13, 2.72, 3.873, 4.141, 3.3, 2.94, 2.7, 2.44, 2.42, 2.74, 3.13, 3.63, 3.43, 3.97, 4.393, 4.629, 4.06, 3.28, 2.64, 2.9, 3.53, 4.7, 5.94, 6.27, 6.54], [1.7, 1.49, 1.76, 2.48, 3.67, 4.46, 3.97, 3.17, 2.88, 3.59, 4.98, 5.29, 6.17, 7.65, 7.63, 6.54, 6.55, 6.595, 6.26, 5.63, 5.68, 5.61, 5.91, 7.41, 9.05, 8.68, 8.51, 8.13, 7.42, 7.43, 7.99, 8.817, 9.097, 8.6, 7.73, 6.43, 4.75, 4.12, 4.04, 4.28, 5.12, 5.58, 6.74, 6.28, 5.32, 5.59, 3.23, 2.06, 2.26, 2.03, 1.89, 1.52, 1.26, 1.06, 0, 0.72, 1.1, 1.33, 1.6, 1.78, 1.64, 1.75, 2.26, 3.42, 3.64, 3.18, 2.98, 2.82, 2.46, 2.48, 2.62, 2.45, 2.99, 2.71, 3.19, 3.58, 3.846, 3.24, 2.74, 2.36, 2.48, 3.23, 3.9, 5.08, 5.41, 5.68], [1.72, 1.47, 1.76, 2.34, 3.41, 4.24, 3.77, 2.93, 2.66, 3.35, 4.62, 4.93, 5.77, 7.23, 7.21, 6.1, 6.13, 6.19, 5.84, 5.27, 5.38, 5.31, 5.61, 7.11, 8.79, 8.48, 8.31, 7.93, 7.18, 7.19, 7.69, 8.52, 8.78, 8.32, 7.53, 6.19, 4.51, 3.92, 3.84, 4.08, 4.88, 5.3, 6.46, 6.0, 5.04, 5.29, 3.05, 2.02, 2.4, 1.97, 1.89, 1.64, 1.68, 1.44, 0.72, 0, 0.76, 1.05, 1.36, 1.4, 1.3, 1.41, 2.06, 3.2, 3.36, 2.98, 2.8, 2.62, 2.32, 2.22, 2.38, 2.17, 2.51, 2.31, 2.77, 3.1, 3.39, 2.8, 2.5, 2.28, 2.26, 2.71, 3.46, 4.72, 5.05, 5.3], [1.6, 1.37, 1.58, 2.2, 3.33, 4.12, 3.61, 2.75, 2.56, 3.21, 4.44, 4.71, 5.59, 6.99, 6.97, 5.88, 5.87, 5.93, 5.6, 5.07, 5.2, 5.17, 5.39, 6.85, 8.61, 8.32, 8.15, 7.77, 7.0, 7.05, 7.47, 8.34, 8.6, 8.14, 7.37, 6.05, 4.35, 3.76, 3.72, 3.98, 4.72, 5.16, 6.3, 5.86, 4.86, 5.11, 2.67, 1.9, 2.54, 1.89, 1.83, 1.7, 1.72, 1.62, 1.1, 0.76, 0, 0.47, 0.92, 1.1, 1.12, 1.01, 1.6, 2.72, 2.92, 2.48, 2.28, 2.06, 1.74, 1.7, 1.86, 1.67, 2.13, 1.95, 2.41, 2.84, 3.11, 2.58, 2.14, 2.02, 1.84, 2.55, 3.38, 4.56, 4.89, 5.14], [1.71, 1.6, 1.61, 2.09, 3.2, 3.93, 3.5, 2.6, 2.41, 3.06, 4.23, 4.46, 5.3, 6.72, 6.7, 5.61, 5.62, 5.68, 5.31, 4.82, 4.95, 4.92, 5.12, 6.62, 8.38, 8.13, 8.0, 7.56, 6.77, 6.8, 7.24, 8.05, 8.31, 7.91, 7.14, 5.82, 4.12, 3.55, 3.57, 3.83, 4.55, 4.93, 6.05, 5.61, 4.63, 4.92, 2.66, 2.01, 2.79, 2.12, 2.06, 1.91, 1.81, 1.85, 1.33, 1.05, 0.47, 0, 0.79, 1.19, 1.21, 1.1, 1.41, 2.43, 2.63, 2.23, 2.09, 1.93, 1.63, 1.67, 1.77, 1.52, 1.98, 1.8, 2.22, 2.61, 2.86, 2.37, 2.05, 1.95, 1.61, 2.52, 3.27, 4.35, 4.68, 4.95], [1.8, 1.55, 1.54, 2.18, 3.21, 3.9, 3.63, 2.75, 2.56, 3.15, 4.14, 4.37, 5.15, 6.65, 6.63, 5.52, 5.57, 5.63, 5.24, 4.71, 4.8, 4.79, 5.01, 6.53, 8.27, 8.04, 7.87, 7.47, 6.7, 6.69, 7.11, 7.9, 8.14, 7.76, 7.07, 5.71, 4.03, 3.56, 3.56, 3.82, 4.52, 4.84, 5.92, 5.44, 4.48, 4.83, 2.55, 1.94, 2.86, 2.17, 2.21, 2.1, 1.88, 2.06, 1.6, 1.36, 0.92, 0.79, 0, 1.14, 1.2, 1.01, 1.28, 2.22, 2.58, 2.08, 1.88, 1.64, 1.46, 1.26, 1.64, 1.47, 1.99, 2.01, 2.29, 2.66, 2.85, 2.36, 2.06, 1.84, 1.62, 2.69, 3.34, 4.38, 4.73, 5.0], [1.78, 1.61, 1.84, 2.42, 3.59, 4.28, 3.83, 2.95, 2.76, 3.35, 4.56, 4.79, 5.67, 7.05, 7.03, 5.94, 5.95, 6.01, 5.68, 5.21, 5.28, 5.25, 5.45, 6.97, 8.73, 8.44, 8.25, 7.89, 7.12, 7.15, 7.57, 8.44, 8.68, 8.24, 7.49, 6.17, 4.47, 3.88, 3.86, 4.12, 4.88, 5.28, 6.38, 5.94, 4.96, 5.23, 2.61, 1.8, 2.4, 1.87, 1.91, 1.9, 2.2, 2.04, 1.78, 1.4, 1.1, 1.19, 1.14, 0, 0.98, 1.31, 2.04, 3.04, 3.2, 2.74, 2.5, 2.22, 1.9, 1.74, 1.76, 1.93, 2.21, 2.03, 2.59, 2.94, 3.23, 2.8, 2.56, 2.54, 2.2, 2.13, 3.24, 4.68, 5.03, 5.3], [1.8, 1.65, 1.9, 2.62, 3.63, 4.28, 3.89, 2.97, 2.78, 3.41, 4.5, 4.83, 5.73, 7.05, 7.03, 5.96, 5.95, 6.03, 5.68, 5.19, 5.32, 5.27, 5.51, 6.99, 8.71, 8.44, 8.27, 7.87, 7.12, 7.13, 7.59, 8.48, 8.74, 8.24, 7.47, 6.13, 4.45, 3.9, 3.9, 4.16, 4.92, 5.28, 6.42, 5.96, 4.96, 5.25, 2.81, 1.8, 2.46, 1.95, 1.87, 1.98, 2.14, 2.0, 1.64, 1.3, 1.12, 1.21, 1.2, 0.98, 0, 1.05, 1.88, 2.84, 3.06, 2.58, 2.36, 2.06, 1.66, 1.6, 1.78, 1.89, 2.35, 2.09, 2.53, 2.94, 3.27, 2.9, 2.72, 2.5, 2.18, 2.57, 3.4, 4.74, 5.09, 5.36], [1.81, 1.5, 1.35, 1.97, 2.94, 3.73, 3.38, 2.52, 2.21, 2.92, 3.95, 4.28, 5.18, 6.54, 6.54, 5.45, 5.44, 5.46, 5.09, 4.64, 4.71, 4.68, 4.92, 6.4, 8.16, 7.97, 7.86, 7.4, 6.61, 6.58, 7.02, 7.89, 8.15, 7.61, 6.94, 5.58, 3.92, 3.39, 3.43, 3.65, 4.33, 4.79, 5.83, 5.33, 4.35, 4.74, 2.36, 2.13, 3.03, 2.26, 2.32, 2.17, 2.03, 2.13, 1.75, 1.41, 1.01, 1.1, 1.01, 1.31, 1.05, 0, 1.37, 2.17, 2.39, 2.03, 1.89, 1.69, 1.47, 1.41, 1.47, 1.22, 1.8, 1.62, 1.98, 2.41, 2.62, 2.19, 2.07, 1.89, 1.53, 2.18, 3.01, 4.17, 4.5, 4.77], [2.44, 2.21, 1.76, 1.84, 2.63, 3.36, 3.05, 2.29, 2.16, 2.65, 3.68, 3.87, 4.71, 5.97, 5.95, 4.9, 4.81, 4.85, 4.66, 4.27, 4.4, 4.37, 4.57, 6.07, 7.85, 7.6, 7.49, 7.09, 6.28, 6.35, 6.69, 7.5, 7.74, 7.36, 6.65, 5.29, 3.61, 3.04, 3.14, 3.32, 4.0, 4.4, 5.5, 5.06, 4.08, 4.39, 2.51, 2.78, 3.66, 3.05, 3.07, 2.84, 2.54, 2.72, 2.26, 2.06, 1.6, 1.41, 1.28, 2.04, 1.88, 1.37, 0, 1.38, 1.8, 1.56, 1.56, 1.58, 1.56, 1.74, 1.9, 1.51, 1.97, 1.95, 1.91, 2.14, 2.11, 1.8, 1.9, 1.78, 1.38, 2.41, 2.92, 3.52, 3.85, 4.1], [3.52, 3.31, 2.68, 2.48, 2.59, 3.22, 3.33, 2.73, 2.68, 3.17, 3.46, 3.57, 4.15, 5.19, 5.21, 4.24, 4.17, 4.03, 4.04, 4.03, 4.08, 4.07, 4.35, 5.77, 7.59, 7.56, 7.57, 7.17, 6.28, 6.43, 6.35, 7.1, 7.2, 6.98, 6.37, 5.09, 3.59, 3.08, 3.32, 3.5, 4.1, 4.1, 5.12, 4.64, 3.82, 4.21, 3.25, 3.94, 4.86, 4.17, 4.19, 3.96, 3.7, 3.873, 3.42, 3.2, 2.72, 2.43, 2.22, 3.04, 2.84, 2.17, 1.38, 0, 0.9, 1.28, 1.7, 2.0, 2.2, 2.24, 1.98, 1.45, 1.87, 1.93, 1.63, 1.82, 1.55, 1.54, 1.78, 2.02, 1.6, 2.45, 3.06, 2.74, 2.95, 3.4], [3.78, 3.57, 2.96, 2.74, 2.75, 3.44, 3.35, 2.77, 2.7, 3.21, 3.72, 3.75, 4.15, 5.17, 5.19, 4.22, 4.15, 4.01, 4.12, 4.21, 4.26, 4.29, 4.61, 6.03, 7.85, 7.82, 7.81, 7.37, 6.52, 6.57, 6.55, 7.26, 7.32, 7.16, 6.61, 5.35, 3.77, 3.24, 3.28, 3.56, 4.22, 4.36, 5.26, 4.84, 4.06, 4.47, 3.43, 4.238, 5.138, 4.43, 4.47, 4.24, 3.98, 4.141, 3.64, 3.36, 2.92, 2.63, 2.58, 3.2, 3.06, 2.39, 1.8, 0.9, 0, 1.2, 1.96, 2.46, 2.52, 2.48, 2.2, 1.55, 1.77, 1.75, 1.49, 1.72, 1.59, 1.64, 1.86, 2.18, 1.66, 2.43, 2.86, 2.92, 2.99, 3.5], [3.16, 2.91, 2.5, 2.7, 3.37, 4.06, 3.97, 3.17, 2.9, 3.49, 4.26, 4.37, 4.81, 5.93, 5.97, 4.98, 4.91, 4.79, 4.78, 4.77, 4.82, 4.83, 5.15, 6.59, 8.43, 8.36, 8.33, 7.89, 7.04, 7.05, 7.15, 7.88, 7.96, 7.78, 7.19, 5.89, 4.31, 3.9, 3.88, 4.24, 4.86, 4.92, 5.9, 5.44, 4.62, 5.07, 3.17, 3.34, 4.26, 3.77, 3.79, 3.52, 3.26, 3.3, 3.18, 2.98, 2.48, 2.23, 2.08, 2.74, 2.58, 2.03, 1.56, 1.28, 1.2, 0, 1.0, 1.56, 1.68, 1.5, 1.48, 1.25, 1.55, 1.65, 1.57, 2.02, 2.13, 2.06, 1.88, 1.84, 1.46, 2.35, 2.98, 3.7, 3.85, 4.32], [2.82, 2.51, 2.28, 2.72, 3.53, 4.24, 4.15, 3.33, 3.1, 3.73, 4.4, 4.47, 5.19, 6.29, 6.33, 5.32, 5.27, 5.13, 5.06, 4.85, 5.02, 4.97, 5.29, 6.69, 8.53, 8.48, 8.45, 8.01, 7.16, 7.17, 7.25, 8.02, 8.22, 7.88, 7.29, 6.01, 4.43, 4.06, 4.06, 4.38, 5.0, 5.04, 5.98, 5.58, 4.72, 5.17, 3.15, 2.82, 3.72, 3.31, 3.35, 3.1, 2.76, 2.94, 2.98, 2.8, 2.28, 2.09, 1.88, 2.5, 2.36, 1.89, 1.56, 1.7, 1.96, 1.0, 0, 0.9, 1.24, 1.32, 1.42, 1.49, 1.87, 1.93, 2.01, 2.44, 2.53, 2.38, 2.0, 1.82, 1.66, 2.63, 3.44, 4.08, 4.37, 4.7], [2.46, 2.13, 2.04, 2.54, 3.47, 4.12, 4.19, 3.37, 3.1, 3.67, 4.18, 4.39, 5.27, 6.49, 6.53, 5.46, 5.43, 5.37, 5.12, 4.71, 4.86, 4.81, 5.11, 6.57, 8.35, 8.26, 8.25, 7.85, 6.96, 7.05, 7.17, 7.98, 8.24, 7.8, 7.17, 5.81, 4.21, 3.84, 4.0, 4.24, 4.9, 4.94, 5.94, 5.5, 4.6, 4.99, 2.95, 2.38, 3.28, 2.83, 2.85, 2.62, 2.32, 2.7, 2.82, 2.62, 2.06, 1.93, 1.64, 2.22, 2.06, 1.69, 1.58, 2.0, 2.46, 1.56, 0.9, 0, 0.72, 1.18, 1.56, 1.69, 2.15, 2.23, 2.33, 2.74, 2.71, 2.58, 2.16, 1.86, 1.94, 2.91, 3.82, 4.3, 4.67, 4.94], [2.18, 1.93, 1.94, 2.54, 3.63, 4.28, 4.15, 3.23, 3.0, 3.65, 4.46, 4.77, 5.63, 6.85, 6.89, 5.84, 5.77, 5.71, 5.5, 5.09, 5.24, 5.21, 5.43, 6.87, 8.65, 8.48, 8.43, 7.99, 7.14, 7.19, 7.51, 8.36, 8.62, 8.18, 7.45, 6.09, 4.43, 3.98, 4.02, 4.34, 5.0, 5.24, 6.34, 5.9, 4.9, 5.23, 2.95, 2.02, 2.94, 2.43, 2.51, 2.22, 1.9, 2.44, 2.46, 2.32, 1.74, 1.63, 1.46, 1.9, 1.66, 1.47, 1.56, 2.2, 2.52, 1.68, 1.24, 0.72, 0, 0.98, 1.5, 1.73, 2.21, 2.23, 2.45, 2.94, 3.01, 2.8, 2.34, 2.0, 1.88, 2.85, 3.8, 4.58, 4.89, 5.16], [2.3, 1.89, 2.08, 2.8, 3.85, 4.46, 4.21, 3.27, 3.14, 3.65, 4.56, 4.81, 5.61, 6.81, 6.87, 5.84, 5.83, 5.73, 5.48, 5.15, 5.26, 5.23, 5.43, 6.91, 8.75, 8.52, 8.37, 7.95, 7.18, 7.17, 7.55, 8.38, 8.62, 8.22, 7.55, 6.19, 4.51, 4.1, 4.06, 4.36, 5.02, 5.28, 6.36, 5.92, 4.94, 5.31, 2.81, 2.12, 3.1, 2.57, 2.61, 2.42, 2.26, 2.42, 2.48, 2.22, 1.7, 1.67, 1.26, 1.74, 1.6, 1.41, 1.74, 2.24, 2.48, 1.5, 1.32, 1.18, 0.98, 0, 1.16, 1.55, 1.91, 2.11, 2.27, 2.86, 3.01, 2.96, 2.54, 2.14, 1.9, 2.47, 3.24, 4.7, 4.93, 5.3], [2.22, 2.01, 2.14, 2.7, 3.67, 4.32, 4.07, 3.15, 2.96, 3.67, 4.46, 4.63, 5.21, 6.35, 6.41, 5.38, 5.33, 5.19, 5.08, 4.97, 5.04, 5.05, 5.25, 6.73, 8.57, 8.44, 8.33, 7.87, 7.08, 7.03, 7.37, 8.12, 8.24, 8.02, 7.39, 6.03, 4.41, 4.1, 4.04, 4.38, 5.0, 5.12, 6.16, 5.68, 4.78, 5.21, 2.63, 2.46, 3.34, 2.65, 2.75, 2.52, 2.58, 2.74, 2.62, 2.38, 1.86, 1.77, 1.64, 1.76, 1.78, 1.47, 1.9, 1.98, 2.2, 1.48, 1.42, 1.56, 1.5, 1.16, 0, 1.17, 1.61, 1.57, 1.89, 2.4, 2.73, 2.7, 2.16, 1.88, 1.5, 1.75, 2.86, 4.28, 4.53, 4.88], [2.67, 2.48, 1.95, 2.15, 2.92, 3.61, 3.38, 2.48, 2.23, 2.92, 3.75, 3.94, 4.52, 5.76, 5.8, 4.73, 4.68, 4.58, 4.37, 4.28, 4.35, 4.36, 4.6, 6.08, 7.9, 7.81, 7.76, 7.32, 6.47, 6.48, 6.66, 7.41, 7.53, 7.31, 6.7, 5.38, 3.76, 3.31, 3.33, 3.67, 4.29, 4.41, 5.45, 4.99, 4.13, 4.56, 2.46, 3.115, 4.035, 3.28, 3.34, 3.135, 2.95, 3.13, 2.45, 2.17, 1.67, 1.52, 1.47, 1.93, 1.89, 1.22, 1.51, 1.45, 1.55, 1.25, 1.49, 1.69, 1.73, 1.55, 1.17, 0, 1.1, 0.92, 1.08, 1.55, 1.84, 1.71, 1.53, 1.85, 1.11, 1.76, 2.47, 3.53, 3.76, 4.11], [3.19, 3.0, 2.43, 2.39, 3.2, 3.87, 3.68, 2.78, 2.61, 3.22, 3.95, 4.12, 4.26, 5.24, 5.26, 4.29, 4.28, 4.14, 4.39, 4.46, 4.49, 4.54, 4.84, 6.32, 8.14, 8.05, 7.98, 7.52, 6.71, 6.68, 6.9, 7.57, 7.69, 7.53, 6.94, 5.62, 4.0, 3.57, 3.59, 3.93, 4.53, 4.65, 5.61, 5.15, 4.37, 4.8, 2.78, 3.606, 4.515, 3.76, 3.8, 3.63, 3.49, 3.63, 2.99, 2.51, 2.13, 1.98, 1.99, 2.21, 2.35, 1.8, 1.97, 1.87, 1.77, 1.55, 1.87, 2.15, 2.21, 1.91, 1.61, 1.1, 0, 1.08, 1.1, 1.21, 1.72, 1.69, 1.45, 1.83, 1.49, 1.86, 2.59, 3.47, 3.52, 4.05], [3.07, 2.86, 2.45, 2.43, 3.04, 3.79, 3.6, 2.68, 2.43, 3.1, 3.87, 3.98, 4.32, 5.4, 5.44, 4.41, 4.4, 4.34, 4.33, 4.38, 4.41, 4.46, 4.78, 6.2, 8.04, 7.99, 7.98, 7.56, 6.69, 6.72, 6.76, 7.47, 7.57, 7.39, 6.8, 5.52, 3.94, 3.47, 3.57, 3.81, 4.49, 4.57, 5.51, 5.03, 4.23, 4.66, 2.76, 3.45, 4.31, 3.54, 3.58, 3.43, 3.37, 3.43, 2.71, 2.31, 1.95, 1.8, 2.01, 2.03, 2.09, 1.62, 1.95, 1.93, 1.75, 1.65, 1.93, 2.23, 2.23, 2.11, 1.57, 0.92, 1.08, 0, 0.88, 1.25, 1.72, 1.63, 1.47, 2.07, 1.51, 1.78, 2.45, 3.39, 3.54, 4.01], [3.55, 3.356, 2.73, 2.35, 2.6, 3.31, 3.16, 2.28, 2.15, 2.68, 3.33, 3.4, 3.78, 4.82, 4.86, 3.81, 3.8, 3.74, 3.77, 3.82, 3.89, 3.92, 4.24, 5.66, 7.5, 7.45, 7.42, 6.96, 6.13, 6.12, 6.2, 6.91, 6.99, 6.83, 6.26, 4.98, 3.4, 2.99, 3.05, 3.35, 4.01, 4.01, 4.91, 4.49, 3.69, 4.14, 2.58, 4.01, 4.93, 4.16, 4.2, 4.03, 3.83, 3.97, 3.19, 2.77, 2.41, 2.22, 2.29, 2.59, 2.53, 1.98, 1.91, 1.63, 1.49, 1.57, 2.01, 2.33, 2.45, 2.27, 1.89, 1.08, 1.1, 0.88, 0, 0.73, 1.26, 1.43, 1.61, 2.23, 1.69, 1.86, 2.17, 2.97, 3.12, 3.57], [3.94, 3.752, 3.12, 2.38, 2.35, 3.08, 2.95, 2.21, 2.1, 2.51, 3.1, 3.11, 3.23, 4.31, 4.33, 3.24, 3.29, 3.27, 3.4, 3.55, 3.62, 3.67, 3.99, 5.39, 7.21, 7.18, 7.19, 6.77, 5.9, 5.93, 5.93, 6.6, 6.7, 6.54, 5.97, 4.71, 3.15, 2.78, 2.94, 3.14, 3.82, 3.76, 4.62, 4.18, 3.4, 3.83, 2.65, 4.42, 5.34, 4.57, 4.61, 4.44, 4.22, 4.393, 3.58, 3.1, 2.84, 2.61, 2.66, 2.94, 2.94, 2.41, 2.14, 1.82, 1.72, 2.02, 2.44, 2.74, 2.94, 2.86, 2.4, 1.55, 1.21, 1.25, 0.73, 0, 0.95, 1.14, 1.72, 2.6, 2.12, 2.09, 2.16, 2.74, 2.87, 3.38], [4.2, 4.05, 3.19, 2.19, 1.88, 2.61, 2.76, 2.18, 2.23, 2.4, 2.71, 2.66, 2.92, 4.16, 4.18, 3.09, 3.12, 3.1, 2.99, 3.16, 3.19, 3.3, 3.54, 4.94, 6.76, 6.75, 6.82, 6.44, 5.57, 5.68, 5.58, 6.15, 6.25, 6.07, 5.52, 4.26, 2.9, 2.33, 2.55, 2.71, 3.35, 3.29, 4.19, 3.73, 3.05, 3.38, 2.9, 4.706, 5.606, 4.853, 4.876, 4.706, 4.409, 4.629, 3.846, 3.39, 3.11, 2.86, 2.85, 3.23, 3.27, 2.62, 2.11, 1.55, 1.59, 2.13, 2.53, 2.71, 3.01, 3.01, 2.73, 1.84, 1.72, 1.72, 1.26, 0.95, 0, 0.97, 1.77, 2.683, 2.319, 2.28, 2.29, 2.27, 2.46, 2.91], [3.64, 3.49, 2.62, 1.84, 1.89, 2.64, 2.75, 2.03, 1.98, 2.37, 2.92, 2.87, 3.19, 4.59, 4.57, 3.48, 3.49, 3.53, 3.28, 3.37, 3.34, 3.41, 3.71, 5.13, 6.95, 6.92, 6.97, 6.61, 5.74, 5.89, 5.77, 6.36, 6.44, 6.28, 5.71, 4.45, 3.05, 2.48, 2.64, 2.86, 3.44, 3.44, 4.36, 3.92, 3.26, 3.57, 2.89, 4.1, 5.02, 4.25, 4.29, 4.12, 3.84, 4.06, 3.24, 2.8, 2.58, 2.37, 2.36, 2.8, 2.9, 2.19, 1.8, 1.54, 1.64, 2.06, 2.38, 2.58, 2.8, 2.96, 2.7, 1.71, 1.69, 1.63, 1.43, 1.14, 0.97, 0, 1.5, 2.44, 2.069, 2.43, 2.48, 2.42, 2.61, 3.02], [2.86, 2.67, 1.98, 1.92, 2.89, 3.86, 3.85, 3.15, 2.88, 3.55, 4.18, 4.21, 4.37, 5.41, 5.45, 4.42, 4.37, 4.35, 4.512, 4.63, 4.7, 4.75, 5.0