[[0, 0.58, 1.09, 2.18, 3.24, 3.65, 5.12, 6.0, 6.17, 6.36, 6.41, 6.55, 6.41, 6.15, 5.18, 4.48, 4.96, 4.58, 3.63, 3.37, 4.09, 5.66, 7.66, 9.4, 9.36, 8.74, 7.37, 7.06, 7.53, 7.04, 6.36, 6.05, 6.45, 6.56, 5.64, 4.39, 4.05, 3.91, 4.52, 6.12, 6.22, 6.08, 6.45, 5.35, 5.035, 5.31, 5.62, 5.82, 6.62, 7.55, 8.4, 9.9, 10.58, 11.3, 12.16, 11.96, 12.19, 11.48, 11.35, 11.33, 10.72, 10.82, 10.65, 11.53, 11.71, 11.61, 11.71, 11.6, 11.29, 10.04, 9.23, 8.61, 7.03, 4.35, 3.42, 2.59, 2.89, 2.76, 2.75, 2.62, 3.41, 3.37, 3.14, 3.49, 3.2, 3.26], [0.58, 0, 0.95, 2.02, 3.14, 3.43, 4.88, 5.74, 5.89, 6.1, 6.17, 6.29, 6.15, 5.83, 4.92, 4.32, 4.72, 4.3, 3.41, 3.31, 4.01, 5.46, 7.4, 9.18, 9.08, 8.48, 7.31, 6.92, 7.39, 6.78, 6.12, 5.73, 6.19, 6.3, 5.4, 4.23, 3.79, 3.69, 4.26, 5.9, 5.98, 5.86, 6.23, 5.13, 4.82, 5.09, 5.42, 5.6, 6.4, 7.33, 8.18, 9.68, 10.36, 11.06, 11.92, 11.72, 11.95, 11.24, 11.05, 11.09, 10.5, 10.54, 10.39, 11.31, 11.47, 11.37, 11.45, 11.28, 11.01, 9.74, 8.97, 8.31, 6.79, 4.19, 3.48, 2.51, 2.95, 2.74, 2.63, 2.62, 3.53, 3.51, 3.24, 3.41, 3.12, 3.08], [1.09, 0.95, 0, 1.25, 2.31, 2.72, 4.19, 5.01, 5.18, 5.35, 5.42, 5.56, 5.46, 5.18, 4.21, 3.55, 3.99, 3.63, 2.64, 2.5, 3.2, 4.79, 6.69, 8.47, 8.37, 7.75, 6.48, 6.11, 6.54, 6.09, 5.39, 5.08, 5.46, 5.57, 4.63, 3.48, 3.12, 3.0, 3.55, 5.19, 5.27, 5.15, 5.52, 4.42, 4.11, 4.36, 4.71, 4.89, 5.71, 6.64, 7.47, 8.97, 9.69, 10.43, 11.29, 11.09, 11.3, 10.57, 10.38, 10.44, 9.81, 9.83, 9.68, 10.62, 10.78, 10.72, 10.78, 10.65, 10.34, 9.11, 8.34, 7.64, 6.1, 3.5, 3.25, 2.56, 3.639, 3.232, 2.82, 3.155, 4.26, 4.2, 3.93, 3.84, 3.33, 3.33], [2.18, 2.02, 1.25, 0, 1.52, 2.05, 3.3, 4.14, 4.35, 4.52, 4.67, 4.83, 4.67, 4.31, 3.4, 2.78, 3.36, 2.88, 2.05, 1.79, 2.53, 4.02, 5.94, 7.66, 7.56, 6.94, 5.69, 5.18, 5.61, 5.32, 4.62, 4.31, 4.67, 4.8, 3.82, 2.85, 2.57, 2.65, 2.94, 4.3, 4.42, 4.3, 4.61, 3.55, 3.28, 3.51, 3.84, 4.06, 4.94, 5.83, 6.66, 8.1, 8.94, 9.7, 10.58, 10.36, 10.65, 9.88, 9.65, 9.71, 9.06, 9.08, 8.89, 9.89, 9.97, 9.99, 9.97, 9.74, 9.59, 8.38, 7.69, 6.85, 5.33, 3.11, 3.6, 3.29, 4.543, 4.136, 3.669, 4.039, 5.166, 5.106, 4.84, 4.746, 4.116, 4.153], [3.24, 3.14, 2.31, 1.52, 0, 1.19, 2.56, 3.28, 3.61, 3.68, 3.77, 3.97, 3.75, 3.59, 2.9, 2.22, 3.08, 2.76, 2.19, 1.83, 1.83, 2.92, 5.02, 6.66, 6.78, 6.14, 4.69, 4.38, 4.63, 4.34, 3.76, 3.49, 3.81, 3.98, 3.2, 2.53, 2.69, 2.75, 2.84, 3.54, 3.84, 3.82, 4.01, 2.87, 2.54, 2.47, 2.88, 3.14, 4.08, 4.83, 5.62, 6.92, 7.82, 8.68, 9.56, 9.32, 9.69, 8.92, 8.77, 8.75, 8.06, 8.16, 7.99, 8.91, 8.99, 8.97, 8.95, 8.82, 8.71, 7.58, 6.79, 6.07, 4.55, 3.35, 4.4, 4.475, 5.838, 5.411, 4.843, 5.313, 6.441, 6.381, 6.12, 6.021, 5.331, 5.348], [3.65, 3.43, 2.72, 2.05, 1.19, 0, 1.85, 2.65, 2.94, 3.01, 3.2, 3.3, 3.08, 2.86, 2.27, 1.71, 2.21, 2.23, 1.82, 1.74, 1.34, 2.41, 4.39, 6.07, 6.27, 5.69, 4.56, 4.29, 4.5, 3.99, 3.33, 2.92, 3.28, 3.51, 2.73, 1.88, 1.9, 2.0, 2.17, 2.79, 2.99, 2.97, 3.3, 2.06, 1.69, 1.96, 2.15, 2.49, 3.31, 4.14, 4.91, 6.37, 7.07, 8.03, 8.87, 8.61, 9.0, 8.25, 8.14, 8.02, 7.45, 7.51, 7.36, 8.2, 8.36, 8.22, 8.34, 8.27, 8.12, 7.01, 6.16, 5.54, 4.12, 2.78, 4.49, 4.98, 6.328, 5.881, 5.353, 5.843, 6.94, 6.88, 6.61, 6.52, 5.861, 5.87], [5.12, 4.88, 4.19, 3.3, 2.56, 1.85, 0, 1.46, 2.05, 2.12, 2.13, 2.19, 2.19, 1.89, 1.62, 1.6, 2.04, 2.38, 2.11, 2.23, 1.45, 1.5, 3.0, 4.72, 4.88, 4.34, 3.33, 3.12, 3.07, 2.7, 2.28, 1.73, 2.03, 2.18, 1.84, 1.59, 1.83, 2.03, 1.7, 1.46, 1.82, 2.04, 2.09, 1.57, 1.6, 1.85, 1.56, 1.86, 2.24, 2.91, 3.56, 4.98, 5.82, 6.68, 7.54, 7.3, 7.61, 6.86, 6.73, 6.61, 5.9, 6.02, 5.91, 6.75, 6.83, 6.89, 6.93, 6.84, 6.79, 5.68, 4.79, 4.19, 2.83, 2.81, 4.8, 6.423, 7.786, 7.339, 6.792, 7.282, 8.389, 8.329, 8.06, 7.969, 7.299, 7.316], [6.0, 5.74, 5.01, 4.14, 3.28, 2.65, 1.46, 0, 1.09, 1.16, 1.13, 1.19, 1.43, 1.17, 1.12, 1.78, 1.72, 2.14, 2.61, 2.87, 2.01, 1.12, 2.14, 3.7, 3.78, 3.36, 2.83, 2.52, 2.61, 1.98, 1.6, 1.15, 1.15, 1.32, 1.46, 1.93, 2.39, 2.49, 1.96, 1.2, 1.44, 1.56, 1.67, 1.43, 2.02, 2.19, 1.6, 1.68, 1.38, 1.85, 2.6, 4.02, 4.8, 5.62, 6.48, 6.24, 6.55, 5.8, 5.61, 5.65, 5.02, 5.04, 4.85, 5.83, 5.93, 5.91, 5.93, 5.82, 5.71, 4.64, 3.93, 3.35, 1.79, 2.59, 4.98, 7.263, 8.626, 8.199, 7.612, 8.062, 9.169, 9.109, 8.856, 8.769, 8.119, 8.116], [6.17, 5.89, 5.18, 4.35, 3.61, 2.94, 2.05, 1.09, 0, 0.61, 0.82, 1.0, 1.22, 1.06, 1.15, 1.83, 1.41, 1.85, 2.72, 3.0, 2.16, 1.93, 2.49, 3.71, 3.83, 3.55, 3.4, 3.09, 3.1, 2.41, 1.81, 1.42, 1.42, 1.43, 1.49, 2.26, 2.68, 2.78, 2.15, 1.43, 1.61, 1.79, 1.92, 1.46, 2.19, 2.68, 2.29, 2.29, 1.99, 2.06, 2.69, 4.07, 4.83, 5.47, 6.35, 6.13, 6.38, 5.61, 5.42, 5.52, 4.89, 4.89, 4.8, 5.68, 5.9, 5.88, 5.84, 5.67, 5.5, 4.73, 4.24, 3.46, 2.1, 2.56, 5.07, 7.322, 8.685, 8.258, 7.671, 8.121, 9.208, 9.168, 8.895, 8.828, 8.178, 8.175], [6.36, 6.1, 5.35, 4.52, 3.68, 3.01, 2.12, 1.16, 0.61, 0, 0.53, 0.89, 1.17, 1.17, 1.32, 2.02, 1.66, 2.0, 2.89, 3.19, 2.31, 2.04, 2.36, 3.4, 3.78, 3.46, 3.37, 3.1, 3.15, 2.46, 1.88, 1.57, 1.55, 1.5, 1.6, 2.41, 2.85, 2.91, 2.26, 1.58, 1.64, 2.0, 1.95, 1.63, 2.32, 2.63, 2.24, 2.28, 2.04, 1.99, 2.52, 3.84, 4.6, 5.3, 6.18, 5.94, 6.19, 5.42, 5.29, 5.33, 4.68, 4.7, 4.59, 5.49, 5.65, 5.63, 5.69, 5.52, 5.39, 4.58, 4.09, 3.37, 2.15, 2.77, 5.3, 7.535, 8.898, 8.471, 7.883, 8.333, 9.421, 9.381, 9.108, 9.041, 8.391, 8.388], [6.41, 6.17, 5.42, 4.67, 3.77, 3.2, 2.13, 1.13, 0.82, 0.53, 0, 0.78, 0.92, 1.1, 1.39, 2.19, 1.81, 2.17, 3.02, 3.28, 2.42, 1.87, 2.37, 3.25, 3.65, 3.37, 3.28, 2.99, 3.0, 2.27, 1.73, 1.42, 1.38, 1.39, 1.61, 2.4, 2.92, 3.0, 2.43, 1.59, 1.69, 2.05, 2.02, 1.76, 2.47, 2.66, 2.25, 2.37, 1.91, 1.84, 2.43, 3.75, 4.51, 5.17, 6.03, 5.83, 6.04, 5.27, 5.12, 5.2, 4.49, 4.53, 4.42, 5.34, 5.48, 5.52, 5.58, 5.41, 5.22, 4.47, 4.0, 3.3, 2.04, 2.86, 5.37, 7.642, 9.005, 8.578, 7.991, 8.441, 9.528, 9.488, 9.215, 9.148, 8.498, 8.495], [6.55, 6.29, 5.56, 4.83, 3.97, 3.3, 2.19, 1.19, 1.0, 0.89, 0.78, 0, 0.88, 0.84, 1.69, 2.41, 2.01, 2.31, 3.12, 3.44, 2.58, 2.01, 2.39, 3.53, 3.65, 3.45, 3.4, 3.13, 3.18, 2.41, 1.83, 1.66, 1.58, 1.57, 1.95, 2.56, 3.04, 3.18, 2.53, 1.55, 1.65, 1.95, 1.94, 1.8, 2.47, 2.44, 2.03, 2.03, 1.71, 1.62, 2.23, 3.65, 4.41, 5.11, 5.97, 5.75, 5.96, 5.17, 5.02, 5.12, 4.39, 4.47, 4.38, 5.26, 5.42, 5.46, 5.54, 5.45, 5.34, 4.51, 4.06, 3.42, 2.16, 3.04, 5.51, 7.685, 9.048, 8.621, 8.033, 8.483, 9.571, 9.531, 9.258, 9.191, 8.541, 8.538], [6.41, 6.15, 5.46, 4.67, 3.75, 3.08, 2.19, 1.43, 1.22, 1.17, 0.92, 0.88, 0, 0.82, 1.71, 2.29, 1.99, 2.43, 3.1, 3.38, 2.52, 2.09, 2.89, 3.89, 4.31, 4.07, 3.86, 3.57, 3.54, 2.75, 2.33, 1.9, 1.78, 2.05, 2.15, 2.36, 2.74, 2.88, 2.37, 1.45, 1.53, 1.81, 1.86, 1.58, 2.13, 2.26, 2.03, 2.15, 1.85, 1.84, 2.47, 3.71, 4.53, 5.17, 6.03, 5.79, 6.12, 5.35, 5.16, 5.2, 4.59, 4.69, 4.6, 5.36, 5.66, 5.58, 5.6, 5.61, 5.62, 5.11, 4.54, 3.9, 2.56, 3.08, 5.49, 7.662, 9.025, 8.598, 8.011, 8.461, 9.568, 9.508, 9.255, 9.168, 8.518, 8.515], [6.15, 5.83, 5.18, 4.31, 3.59, 2.86, 1.89, 1.17, 1.06, 1.17, 1.1, 0.84, 0.82, 0, 1.35, 2.05, 1.69, 2.17, 2.74, 3.02, 2.26, 2.01, 2.91, 4.01, 4.23, 3.97, 3.8, 3.37, 3.4, 2.65, 2.11, 1.74, 1.7, 1.85, 1.91, 2.18, 2.58, 2.74, 2.19, 1.37, 1.41, 1.67, 1.78, 1.4, 1.93, 2.16, 1.93, 2.03, 1.87, 1.96, 2.63, 4.09, 4.81, 5.59, 6.39, 6.19, 6.46, 5.71, 5.46, 5.52, 4.93, 4.91, 4.86, 5.72, 5.84, 5.84, 5.86, 5.83, 5.76, 5.01, 4.56, 3.8, 2.4, 2.78, 5.19, 7.276, 8.639, 8.212, 7.625, 8.095, 9.202, 9.142, 8.889, 8.782, 8.132, 8.149], [5.18, 4.92, 4.21, 3.4, 2.9, 2.27, 1.62, 1.12, 1.15, 1.32, 1.39, 1.69, 1.71, 1.35, 0, 0.96, 1.0, 1.24, 1.79, 2.05, 1.59, 1.72, 2.88, 4.4, 4.34, 3.76, 3.39, 3.02, 3.11, 2.44, 1.78, 1.37, 1.59, 1.6, 1.08, 1.51, 1.93, 2.05, 1.5, 1.42, 1.66, 1.86, 2.01, 1.33, 1.9, 2.21, 2.0, 2.16, 2.08, 2.75, 3.54, 4.98, 5.7, 6.42, 7.3, 7.08, 7.33, 6.56, 6.35, 6.41, 5.8, 5.78, 5.67, 6.59, 6.75, 6.71, 6.75, 6.56, 6.29, 5.08, 4.47, 3.73, 2.15, 1.85, 4.06, 6.315, 7.678, 7.251, 6.683, 7.173, 8.321, 8.261, 8.0, 7.901, 7.191, 7.208], [4.48, 4.32, 3.55, 2.78, 2.22, 1.71, 1.6, 1.78, 1.83, 2.02, 2.19, 2.41, 2.29, 2.05, 0.96, 0, 1.08, 1.28, 1.49, 1.61, 1.29, 1.92, 3.42, 5.1, 5.2, 4.54, 3.63, 3.28, 3.41, 2.9, 2.34, 1.89, 2.25, 2.34, 1.5, 1.33, 1.59, 1.63, 1.32, 1.92, 2.16, 2.26, 2.53, 1.45, 1.62, 1.99, 1.94, 2.2, 2.66, 3.35, 4.12, 5.58, 6.34, 7.1, 7.98, 7.74, 8.07, 7.3, 7.11, 7.09, 6.52, 6.54, 6.37, 7.27, 7.41, 7.37, 7.37, 7.22, 7.03, 5.9, 5.13, 4.43, 2.91, 1.85, 3.66, 5.715, 7.058, 6.631, 6.123, 6.613, 7.75, 7.69, 7.42, 7.33, 6.631, 6.64], [4.96, 4.72, 3.99, 3.36, 3.08, 2.21, 2.04, 1.72, 1.41, 1.66, 1.81, 2.01, 1.99, 1.69, 1.0, 1.08, 0, 1.1, 1.91, 2.09, 1.81, 2.4, 3.28, 4.74, 4.68, 4.32, 4.09, 3.86, 3.85, 3.12, 2.42, 1.87, 1.97, 2.14, 1.5, 1.53, 1.75, 1.83, 1.34, 1.64, 1.66, 1.7, 2.03, 1.27, 1.78, 2.39, 2.32, 2.42, 2.36, 2.91, 3.7, 5.2, 5.94, 6.64, 7.5, 7.28, 7.51, 6.76, 6.53, 6.55, 5.96, 5.96, 5.87, 6.75, 6.91, 6.89, 6.97, 6.8, 6.57, 5.6, 4.91, 4.25, 2.65, 1.65, 3.94, 6.149, 7.492, 7.045, 6.538, 7.028, 8.15, 8.09, 7.82, 7.73, 7.04, 7.04], [4.58, 4.3, 3.63, 2.88, 2.76, 2.23, 2.38, 2.14, 1.85, 2.0, 2.17, 2.31, 2.43, 2.17, 1.24, 1.28, 1.1, 0, 1.31, 1.67, 2.05, 2.62, 3.6, 5.14, 5.04, 4.48, 4.39, 4.04, 4.09, 3.3, 2.56, 2.11, 2.31, 2.32, 1.68, 1.67, 1.67, 1.79, 1.62, 2.08, 2.2, 2.42, 2.55, 1.95, 2.38, 2.89, 2.8, 2.98, 2.96, 3.35, 4.2, 5.696, 6.425, 7.131, 7.991, 7.774, 7.99, 7.22, 6.99, 7.05, 6.44, 6.44, 6.33, 7.23, 7.39, 7.37, 7.41, 7.24, 6.93, 5.68, 5.03, 4.35, 2.85, 1.59, 3.38, 5.61, 6.99, 6.551, 6.01, 6.48, 7.59, 7.53, 7.26, 7.17, 6.5, 6.5], [3.63, 3.41, 2.64, 2.05, 2.19, 1.82, 2.11, 2.61, 2.72, 2.89, 3.02, 3.12, 3.1, 2.74, 1.79, 1.49, 1.91, 1.31, 0, 0.94, 1.48, 2.59, 4.33, 6.07, 5.85, 5.27, 4.34, 3.91, 4.22, 3.71, 2.95, 2.64, 3.08, 3.15, 2.23, 1.54, 1.4, 1.66, 1.81, 2.81, 3.09, 3.15, 3.4, 2.28, 2.23, 2.52, 2.41, 2.71, 3.43, 4.22, 5.07, 6.566, 7.321, 8.064, 8.927, 8.724, 8.94, 8.19, 7.98, 8.04, 7.39, 7.37, 7.22, 8.18, 8.32, 8.3, 8.32, 8.17, 7.9, 6.55, 5.9, 5.12, 3.64, 1.96, 2.95, 4.72, 6.06, 5.629, 5.08, 5.57, 6.68, 6.62, 6.35, 6.26, 5.65, 5.63], [3.37, 3.31, 2.5, 1.79, 1.83, 1.74, 2.23, 2.87, 3.0, 3.19, 3.28, 3.44, 3.38, 3.02, 2.05, 1.61, 2.09, 1.67, 0.94, 0, 1.34, 2.71, 4.55, 6.29, 6.19, 5.55, 4.24, 3.77, 4.3, 3.87, 3.21, 2.88, 3.28, 3.39, 2.41, 1.52, 1.58, 1.68, 1.91, 3.09, 3.31, 3.33, 3.62, 2.54, 2.27, 2.72, 2.73, 2.97, 3.79, 4.5, 5.31, 6.79, 7.53, 8.27, 9.13, 8.93, 9.18, 8.41, 8.2, 8.22, 7.63, 7.63, 7.46, 8.38, 8.54, 8.5, 8.52, 8.35, 8.12, 6.91, 6.16, 5.4, 3.82, 1.98, 3.05, 4.48, 5.853, 5.406, 4.859, 5.33, 6.42, 6.36, 6.09, 6.02, 5.366, 5.35], [4.09, 4.01, 3.2, 2.53, 1.83, 1.34, 1.45, 2.01, 2.16, 2.31, 2.42, 2.58, 2.52, 2.26, 1.59, 1.29, 1.81, 2.05, 1.48, 1.34, 0, 1.75, 3.63, 5.35, 5.37, 4.73, 3.5, 3.21, 3.54, 3.07, 2.37, 2.06, 2.44, 2.55, 1.81, 1.56, 1.9, 2.0, 1.87, 2.31, 2.65, 2.81, 3.04, 1.88, 1.63, 1.94, 1.83, 2.11, 2.93, 3.6, 4.41, 5.87, 6.61, 7.33, 8.21, 7.99, 8.2, 7.43, 7.3, 7.28, 6.67, 6.75, 6.6, 7.48, 7.64, 7.58, 7.7, 7.59, 7.28, 6.07, 5.26, 4.6, 3.1, 2.26, 4.09, 5.391, 6.753, 6.306, 5.759, 6.229, 7.32, 7.276, 6.99, 6.916, 6.266, 6.27], [5.66, 5.46, 4.79, 4.02, 2.92, 2.41, 1.5, 1.12, 1.93, 2.04, 1.87, 2.01, 2.09, 2.01, 1.72, 1.92, 2.4, 2.62, 2.59, 2.71, 1.75, 0, 2.26, 4.0, 4.14, 3.56, 2.41, 2.14, 2.37, 1.92, 1.42, 1.33, 1.49, 1.86, 1.88, 1.99, 2.39, 2.43, 2.32, 1.88, 2.24, 2.2, 2.27, 1.93, 2.14, 1.95, 1.34, 1.46, 1.54, 2.15, 2.9, 4.32, 4.96, 5.82, 6.68, 6.44, 6.81, 6.16, 6.03, 5.99, 5.46, 5.52, 5.31, 6.21, 6.37, 6.15, 6.25, 6.24, 6.03, 4.84, 3.97, 3.41, 2.05, 2.87, 4.96, 6.975, 8.338, 7.911, 7.324, 7.794, 8.901, 8.841, 8.58, 8.481, 7.831, 7.848], [7.66, 7.4, 6.69, 5.94, 5.02, 4.39, 3.0, 2.14, 2.49, 2.36, 2.37, 2.39, 2.89, 2.91, 2.88, 3.42, 3.28, 3.6, 4.33, 4.55, 3.63, 2.26, 0, 1.94, 2.0, 1.6, 1.95, 2.08, 1.89, 1.68, 1.78, 1.95, 1.61, 1.74, 2.52, 3.67, 4.07, 4.15, 3.58, 2.76, 2.9, 3.14, 2.77, 3.41, 3.82, 3.61, 2.74, 2.64, 1.9, 1.73, 1.72, 2.44, 3.06, 3.82, 4.7, 4.44, 4.71, 3.98, 3.87, 3.89, 3.3, 3.36, 3.21, 4.09, 4.25, 4.15, 4.25, 4.16, 3.97, 2.82, 1.99, 1.51, 1.49, 4.13, 6.64, 8.946, 10.309, 9.882, 9.295, 9.745, 10.832, 10.792, 10.519, 10.452, 9.802, 9.799], [9.4, 9.18, 8.47, 7.66, 6.66, 6.07, 4.72, 3.7, 3.71, 3.4, 3.25, 3.53, 3.89, 4.01, 4.4, 5.1, 4.74, 5.14, 6.07, 6.29, 5.35, 4.0, 1.94, 0, 1.12, 1.32, 2.23, 2.82, 2.29, 2.6, 3.38, 3.63, 3.15, 3.04, 4.1, 5.31, 5.79, 5.87, 5.32, 4.14, 4.14, 4.48, 4.07, 4.71, 5.32, 5.21, 4.44, 4.3, 3.34, 2.73, 2.16, 1.92, 1.82, 2.26, 3.12, 2.92, 3.43, 2.84, 2.77, 2.63, 1.96, 1.88, 1.75, 2.41, 2.57, 2.53, 2.65, 2.48, 2.37, 1.64, 1.43, 1.67, 2.81, 5.866, 8.416, 10.712, 12.075, 11.648, 11.061, 11.511, 12.598, 12.558, 12.285, 12.218, 11.568, 11.565], [9.36, 9.08, 8.37, 7.56, 6.78, 6.27, 4.88, 3.78, 3.83, 3.78, 3.65, 3.65, 4.31, 4.23, 4.34, 5.2, 4.68, 5.04, 5.85, 6.19, 5.37, 4.14, 2.0, 1.12, 0, 0.88, 2.27, 2.68, 2.31, 2.66, 3.26, 3.51, 3.15, 3.04, 4.0, 5.49, 5.97, 6.07, 5.44, 4.34, 4.38, 4.68, 4.29, 4.91, 5.48, 5.39, 4.58, 4.4, 3.48, 3.15, 2.56, 2.28, 2.34, 2.7, 3.48, 3.44, 3.87, 3.3, 3.13, 3.05, 2.22, 2.14, 1.99, 2.77, 2.85, 2.83, 2.87, 2.68, 2.55, 1.44, 1.43, 1.63, 2.59, 5.47, 8.02, 10.323, 11.686, 11.259, 10.672, 11.122, 12.209, 12.169, 11.896, 11.829, 11.179, 11.176], [8.74, 8.48, 7.75, 6.94, 6.14, 5.69, 4.34, 3.36, 3.55, 3.46, 3.37, 3.45, 4.07, 3.97, 3.76, 4.54, 4.32, 4.48, 5.27, 5.55, 4.73, 3.56, 1.6, 1.32, 0.88, 0, 1.71, 2.1, 1.77, 2.04, 2.6, 2.91, 2.55, 2.54, 3.38, 4.83, 5.35, 5.47, 4.9, 4.02, 4.12, 4.4, 4.07, 4.63, 5.12, 4.97, 4.12, 4.04, 3.18, 3.05, 2.56, 2.46, 2.62, 3.08, 3.88, 3.8, 4.23, 3.6, 3.37, 3.31, 2.52, 2.48, 2.31, 3.19, 3.33, 3.33, 3.35, 3.14, 2.93, 1.74, 1.45, 1.61, 2.21, 4.99, 7.54, 9.838, 11.201, 10.773, 10.186, 10.636, 11.723, 11.683, 11.411, 11.343, 10.693, 10.691], [7.37, 7.31, 6.48, 5.69, 4.69, 4.56, 3.33, 2.83, 3.4, 3.37, 3.28, 3.4, 3.86, 3.8, 3.39, 3.63, 4.09, 4.39, 4.34, 4.24, 3.5, 2.41, 1.95, 2.23, 2.27, 1.71, 0, 0.83, 0.86, 1.31, 2.17, 2.58, 2.62, 2.85, 3.07, 3.82, 4.36, 4.4, 4.03, 3.63, 3.87, 3.97, 3.9, 3.96, 4.27, 3.98, 3.05, 3.05, 2.63, 2.96, 2.45, 3.41, 3.55, 4.15, 5.01, 4.77, 5.24, 4.65, 4.58, 4.5, 3.79, 3.87, 3.66, 4.48, 4.62, 4.52, 4.64, 4.53, 4.34, 3.11, 2.44, 2.6, 2.7, 4.42, 6.39, 8.619, 9.982, 9.555, 8.968, 9.418, 10.505, 10.465, 10.192, 10.125, 9.475, 9.472], [7.06, 6.92, 6.11, 5.18, 4.38, 4.29, 3.12, 2.52, 3.09, 3.1, 2.99, 3.13, 3.57, 3.37, 3.02, 3.28, 3.86, 4.04, 3.91, 3.77, 3.21, 2.14, 2.08, 2.82, 2.68, 2.1, 0.83, 0, 0.99, 1.26, 1.9, 2.41, 2.47, 2.74, 2.84, 3.55, 4.09, 4.17, 3.72, 3.5, 3.82, 3.88, 3.95, 3.71, 4.02, 3.71, 2.78, 2.78, 2.68, 2.93, 2.7, 3.86, 4.14, 4.8, 5.62, 5.4, 5.77, 5.18, 5.01, 5.09, 4.4, 4.42, 4.15, 5.09, 5.23, 5.17, 5.15, 4.92, 4.79, 3.54, 2.85, 2.73, 2.53, 3.87, 5.84, 8.029, 9.392, 8.965, 8.378, 8.828, 9.915, 9.875, 9.602, 9.535, 8.885, 8.882], [7.53, 7.39, 6.54, 5.61, 4.63, 4.5, 3.07, 2.61, 3.1, 3.15, 3.0, 3.18, 3.54, 3.4, 3.11, 3.41, 3.85, 4.09, 4.22, 4.3, 3.54, 2.37, 1.89, 2.29, 2.31, 1.77, 0.86, 0.99, 0, 1.13, 1.93, 2.28, 2.26, 2.45, 2.73, 3.64, 4.1, 4.2, 3.73, 3.27, 3.57, 3.71, 3.62, 3.62, 4.05, 3.76, 2.89, 2.95, 2.59, 2.88, 2.43, 3.33, 3.69, 4.35, 5.17, 4.93, 5.34, 4.75, 4.68, 4.66, 3.91, 3.85, 3.8, 4.6, 4.66, 4.7, 4.62, 4.47, 4.38, 3.19, 2.52, 2.48, 2.6, 4.32, 6.45, 8.71, 10.073, 9.646, 9.059, 9.509, 10.596, 10.556, 10.283, 10.216, 9.566, 9.563], [7.04, 6.78, 6.09, 5.32, 4.34, 3.99, 2.7, 1.98, 2.41, 2.46, 2.27, 2.41, 2.75, 2.65, 2.44, 2.9, 3.12, 3.3, 3.71, 3.87, 3.07, 1.92, 1.68, 2.6, 2.66, 2.04, 1.31, 1.26, 1.13, 0, 1.28, 1.69, 1.63, 1.94, 2.1, 3.07, 3.47, 3.61, 3.14, 2.58, 2.8, 3.12, 3.11, 3.13, 3.5, 3.27, 2.46, 2.5, 2.06, 2.23, 2.36, 3.64, 4.02, 4.62, 5.48, 5.22, 5.65, 4.92, 4.79, 4.73, 4.2, 4.16, 3.99, 4.83, 4.97, 4.95, 5.01, 4.82, 4.59, 3.46, 2.71, 2.53, 2.19, 3.73, 5.961, 8.257, 9.62, 9.193, 8.606, 9.056, 10.143, 10.103, 9.83, 9.763, 9.113, 9.11], [6.36, 6.12, 5.39, 4.62, 3.76, 3.33, 2.28, 1.6, 1.81, 1.88, 1.73, 1.83, 2.33, 2.11, 1.78, 2.34, 2.42, 2.56, 2.95, 3.21, 2.37, 1.42, 1.78, 3.38, 3.26, 2.6, 2.17, 1.9, 1.93, 1.28, 0, 1.01, 1.17, 1.38, 1.46, 2.55, 3.03, 3.15, 2.72, 2.32, 2.42, 2.76, 2.77, 2.61, 3.0, 2.73, 1.98, 2.18, 1.82, 2.09, 2.7, 4.06, 4.74, 5.4, 6.26, 6.04, 6.27, 5.5, 5.29, 5.39, 4.76, 4.78, 4.69, 5.59, 5.75, 5.73, 5.79, 5.6, 5.31, 4.04, 3.37, 2.63, 1.69, 3.05, 5.14, 7.366, 8.729, 8.302, 7.715, 8.165, 9.252, 9.212, 8.939, 8.872, 8.222, 8.219], [6.05, 5.73, 5.08, 4.31, 3.49, 2.92, 1.73, 1.15, 1.42, 1.57, 1.42, 1.66, 1.9, 1.74, 1.37, 1.89, 1.87, 2.11, 2.64, 2.88, 2.06, 1.33, 1.95, 3.63, 3.51, 2.91, 2.58, 2.41, 2.28, 1.69, 1.01, 0, 0.76, 0.93, 1.11, 2.18, 2.56, 2.68, 2.15, 1.71, 1.93, 2.15, 2.14, 2.1, 2.53, 2.6, 2.01, 2.27, 1.65, 2.2, 2.97, 4.31, 4.97, 5.63, 6.49, 6.27, 6.48, 5.71, 5.5, 5.64, 5.01, 5.03, 4.94, 5.84, 6.0, 5.98, 6.04, 5.81, 5.58, 4.31, 3.62, 2.9, 1.48, 2.6, 4.823, 7.119, 8.482, 8.055, 7.468, 7.918, 9.005, 8.965, 8.692, 8.625, 7.975, 7.972], [6.45, 6.19, 5.46, 4.67, 3.81, 3.28, 2.03, 1.15, 1.42, 1.55, 1.38, 1.58, 1.78, 1.7, 1.59, 2.25, 1.97, 2.31, 3.08, 3.28, 2.44, 1.49, 1.61, 3.15, 3.15, 2.55, 2.62, 2.47, 2.26, 1.63, 1.17, 0.76, 0, 0.71, 1.23, 2.36, 2.84, 2.96, 2.45, 1.59, 1.73, 2.07, 1.96, 2.18, 2.63, 2.68, 2.21, 2.33, 1.57, 1.86, 2.57, 3.83, 4.47, 5.19, 6.05, 5.85, 6.12, 5.35, 5.12, 5.2, 4.59, 4.57, 4.46, 5.34, 5.5, 5.52, 5.54, 5.33, 5.12, 4.01, 3.3, 2.6, 1.24, 2.9, 5.354, 7.65, 9.013, 8.586, 7.999, 8.449, 9.536, 9.496, 9.223, 9.156, 8.506, 8.503], [6.56, 6.3, 5.57, 4.8, 3.98, 3.51, 2.18, 1.32, 1.43, 1.5, 1.39, 1.57, 2.05, 1.85, 1.6, 2.34, 2.14, 2.32, 3.15, 3.39, 2.55, 1.86, 1.74, 3.04, 3.04, 2.54, 2.85, 2.74, 2.45, 1.94, 1.38, 0.93, 0.71, 0, 1.14, 2.51, 3.05, 3.17, 2.6, 1.74, 1.76, 2.28, 2.03, 2.29, 2.86, 3.05, 2.56, 2.64, 1.88, 2.05, 2.68, 3.76, 4.44, 5.14, 6.0, 5.8, 6.01, 5.22, 5.05, 5.19, 4.44, 4.46, 4.39, 5.31, 5.43, 5.49, 5.51, 5.28, 5.05, 3.84, 3.25, 2.59, 1.17, 3.01, 5.444, 7.74, 9.103, 8.676, 8.089, 8.539, 9.626, 9.586, 9.313, 9.246, 8.596, 8.593], [5.64, 5.4, 4.63, 3.82, 3.2, 2.73, 1.84, 1.46, 1.49, 1.6, 1.61, 1.95, 2.15, 1.91, 1.08, 1.5, 1.5, 1.68, 2.23, 2.41, 1.81, 1.88, 2.52, 4.1, 4.0, 3.38, 3.07, 2.84, 2.73, 2.1, 1.46, 1.11, 1.23, 1.14, 0, 1.59, 2.15, 2.25, 1.72, 1.58, 1.58, 2.04, 2.05, 1.81, 2.28, 2.77, 2.54, 2.78, 2.2, 2.67, 3.4, 4.8, 5.48, 6.18, 7.04, 6.84, 7.07, 6.3, 6.11, 6.21, 5.54, 5.52, 5.45, 6.35, 6.49, 6.53, 6.55, 6.28, 6.09, 4.86, 4.19, 3.37, 1.83, 2.11, 4.418, 6.714, 8.077, 7.65, 7.063, 7.513, 8.6, 8.56, 8.287, 8.22, 7.57, 7.567], [4.39, 4.23, 3.48, 2.85, 2.53, 1.88, 1.59, 1.93, 2.26, 2.41, 2.4, 2.56, 2.36, 2.18, 1.51, 1.33, 1.53, 1.67, 1.54, 1.52, 1.56, 1.99, 3.67, 5.31, 5.49, 4.83, 3.82, 3.55, 3.64, 3.07, 2.55, 2.18, 2.36, 2.51, 1.59, 0, 0.82, 1.02, 0.95, 1.89, 2.03, 2.21, 2.5, 1.56, 1.75, 2.24, 2.21, 2.43, 2.81, 3.6, 4.39, 5.83, 6.53, 7.29, 8.19, 7.93, 8.26, 7.49, 7.34, 7.32, 6.73, 6.79, 6.64, 7.48, 7.64, 7.6, 7.66, 7.55, 7.36, 6.21, 5.42, 4.82, 3.26, 1.74, 3.65, 5.638, 7.001, 6.574, 5.987, 6.437, 7.544, 7.484, 7.231, 7.144, 6.494, 6.491], [4.05, 3.79, 3.12, 2.57, 2.69, 1.9, 1.83, 2.39, 2.68, 2.85, 2.92, 3.04, 2.74, 2.58, 1.93, 1.59, 1.75, 1.67, 1.4, 1.58, 1.9, 2.39, 4.07, 5.79, 5.97, 5.35, 4.36, 4.09, 4.1, 3.47, 3.03, 2.56, 2.84, 3.05, 2.15, 0.82, 0, 0.54, 1.01, 2.25, 2.39, 2.31, 2.7, 1.7, 1.81, 2.38, 2.23, 2.55, 3.05, 3.92, 4.73, 6.17, 6.91, 7.71, 8.61, 8.33, 8.66, 7.91, 7.8, 7.68, 7.11, 7.21, 7.08, 7.9, 8.02, 7.94, 8.1, 7.99, 7.8, 6.67, 5.82, 5.2, 3.78, 1.8, 3.35, 5.292, 6.655, 6.228, 5.661, 6.151, 7.278, 7.218, 6.965, 6.858, 6.168, 6.185], [3.91, 3.69, 3.0, 2.65, 2.75, 2.0, 2.03, 2.49, 2.78, 2.91, 3.0, 3.18, 2.88, 2.74, 2.05, 1.63, 1.83, 1.79, 1.66, 1.68, 2.0, 2.43, 4.15, 5.87, 6.07, 5.47, 4.4, 4.17, 4.2, 3.61, 3.15, 2.68, 2.96, 3.17, 2.25, 1.02, 0.54, 0, 0.87, 2.35, 2.47, 2.41, 2.78, 1.78, 1.97, 2.5, 2.41, 2.65, 3.15, 4.0, 4.83, 6.27, 7.01, 7.83, 8.71, 8.43, 8.78, 8.01, 7.92, 7.8, 7.21, 7.31, 7.18, 7.98, 8.14, 8.06, 8.18, 8.07, 7.92, 6.77, 5.92, 5.3, 3.92, 1.74, 3.17, 5.192, 6.555, 6.128, 5.561, 6.051, 7.158, 7.098, 6.845, 6.738, 6.068, 6.085], [4.52, 4.26, 3.55, 2.94, 2.84, 2.17, 1.7, 1.96, 2.15, 2.26, 2.43, 2.53, 2.37, 2.19, 1.5, 1.32, 1.34, 1.62, 1.81, 1.91, 1.87, 2.32, 3.58, 5.32, 5.44, 4.9, 4.03, 3.72, 3.73, 3.14, 2.72, 2.15, 2.45, 2.6, 1.72, 0.95, 1.01, 0.87, 0, 1.8, 1.88, 1.92, 2.21, 1.35, 1.8, 2.29, 2.16, 2.42, 2.62, 3.43, 4.26, 5.7, 6.5, 7.28, 8.16, 7.92, 8.19, 7.42, 7.27, 7.25, 6.6, 6.64, 6.55, 7.39, 7.53, 7.55, 7.63, 7.46, 7.39, 6.26, 5.39, 4.79, 3.41, 1.63, 3.56, 5.765, 7.128, 6.701, 6.114, 6.604, 7.711, 7.651, 7.398, 7.291, 6.621, 6.638], [6.12, 5.9, 5.19, 4.3, 3.54, 2.79, 1.46, 1.2, 1.43, 1.58, 1.59, 1.55, 1.45, 1.37, 1.42, 1.92, 1.64, 2.08, 2.81, 3.09, 2.31, 1.88, 2.76, 4.14, 4.34, 4.02, 3.63, 3.5, 3.27, 2.58, 2.32, 1.71, 1.59, 1.74, 1.58, 1.89, 2.25, 2.35, 1.8, 0, 0.92, 1.14, 1.17, 1.23, 1.66, 2.11, 2.0, 2.0, 1.7, 1.99, 2.8, 4.08, 4.86, 5.96, 6.76, 6.54, 6.67, 6.08, 6.03, 5.77, 5.1, 5.34, 5.29, 6.01, 6.09, 6.05, 6.33, 6.28, 6.27, 5.28, 4.55, 4.01, 2.41, 2.77, 5.2, 7.417, 8.78, 8.352, 7.766, 8.236, 9.343, 9.283, 9.03, 8.923, 8.273, 8.29], [6.22, 5.98, 5.27, 4.42, 3.84, 2.99, 1.82, 1.44, 1.61, 1.64, 1.69, 1.65, 1.53, 1.41, 1.66, 2.16, 1.66, 2.2, 3.09, 3.31, 2.65, 2.24, 2.9, 4.14, 4.38, 4.12, 3.87, 3.82, 3.57, 2.8, 2.42, 1.93, 1.73, 1.76, 1.58, 2.03, 2.39, 2.47, 1.88, 0.92, 0, 0.94, 0.87, 1.23, 1.9, 2.49, 2.28, 2.44, 1.7, 2.03, 2.7, 4.06, 4.84, 5.78, 6.54, 6.34, 6.61, 5.9, 5.81, 5.67, 4.96, 5.12, 5.11, 5.83, 5.91, 5.97, 6.15, 6.16, 6.13, 5.32, 4.63, 4.07, 2.45, 2.77, 5.198, 7.494, 8.857, 8.423, 7.843, 8.313, 9.42, 9.36, 9.107, 9.0, 8.35, 8.367], [6.08, 5.86, 5.15, 4.3, 3.82, 2.97, 2.04, 1.56, 1.79, 2.0, 2.05, 1.95, 1.81, 1.67, 1.86, 2.26, 1.7, 2.42, 3.15, 3.33, 2.81, 2.2, 3.14, 4.48, 4.68, 4.4, 3.97, 3.88, 3.71, 3.12, 2.76, 2.15, 2.07, 2.28, 2.04, 2.21, 2.31, 2.41, 1.92, 1.14, 0.94, 0, 0.77, 1.23, 1.96, 2.51, 2.3, 2.3, 1.74, 2.13, 2.8, 4.0, 4.82, 6.06, 6.8, 6.6, 6.75, 6.18, 6.11, 5.83, 5.2, 5.4, 5.45, 6.13, 6.19, 6.17, 6.37, 6.4, 6.49, 5.68, 4.93, 4.39, 2.81, 2.71, 5.096, 7.392, 8.755, 8.328, 7.741, 8.211, 9.318, 9.258, 9.005, 8.898, 8.248, 8.265], [6.45, 6.23, 5.52, 4.61, 4.01, 3.3, 2.09, 1.67, 1.92, 1.95, 2.02, 1.94, 1.86, 1.78, 2.01, 2.53, 2.03, 2.55, 3.4, 3.62, 3.04, 2.27, 2.77, 4.07, 4.29, 4.07, 3.9, 3.95, 3.62, 3.11, 2.77, 2.14, 1.96, 2.03, 2.05, 2.5, 2.7, 2.78, 2.21, 1.17, 0.87, 0.77, 0, 1.52, 2.25, 2.68, 2.39, 2.47, 1.69, 1.96, 2.53, 3.63, 4.55, 5.69, 6.43, 6.23, 6.42, 5.81, 5.72, 5.54, 4.87, 5.05, 5.06, 5.8, 5.8, 5.78, 6.0, 6.05, 6.08, 5.23, 4.54, 3.94, 2.46, 3.02, 5.469, 7.765, 9.128, 8.701, 8.113, 8.583, 9.691, 9.631, 9.378, 9.271, 8.621, 8.638], [5.35, 5.13, 4.42, 3.55, 2.87, 2.06, 1.57, 1.43, 1.46, 1.63, 1.76, 1.8, 1.58, 1.4, 1.33, 1.45, 1.27, 1.95, 2.28, 2.54, 1.88, 1.93, 3.41, 4.71, 4.91, 4.63, 3.96, 3.71, 3.62, 3.13, 2.61, 2.1, 2.18, 2.29, 1.81, 1.56, 1.7, 1.78, 1.35, 1.23, 1.23, 1.23, 1.52, 0, 1.19, 1.8, 1.75, 1.79, 1.85, 2.6, 3.37, 4.73, 5.55, 6.43, 7.31, 7.05, 7.4, 6.65, 6.54, 6.46, 5.81, 5.91, 5.76, 6.62, 6.72, 6.7, 6.78, 6.75, 6.74, 5.91, 5.16, 4.62, 3.0, 2.28, 4.47, 6.653, 8.016, 7.589, 7.002, 7.492, 8.619, 8.559, 8.306, 8.199, 7.509, 7.526], [5.035, 4.82, 4.11, 3.28, 2.54, 1.69, 1.6, 2.02, 2.19, 2.32, 2.47, 2.47, 2.13, 1.93, 1.9, 1.62, 1.78, 2.38, 2.23, 2.27, 1.63, 2.14, 3.82, 5.32, 5.48, 5.12, 4.27, 4.02, 4.05, 3.5, 3.0, 2.53, 2.63, 2.86, 2.28, 1.75, 1.81, 1.97, 1.8, 1.66, 1.9, 1.96, 2.25, 1.19, 0, 1.15, 1.54, 1.66, 2.42, 3.03, 3.82, 5.14, 5.9, 7.04, 7.82, 7.58, 7.75, 7.2, 7.13, 6.85, 6.28, 6.48, 6.43, 7.13, 7.27, 7.15, 7.41, 7.42, 7.43, 6.44, 5.65, 5.11, 3.51, 2.85, 4.76, 6.331, 7.694, 7.267, 6.68, 7.17, 8.297, 8.237, 7.984, 7.877, 7.187, 7.204], [5.31, 5.09, 4.36, 3.51, 2.47, 1.96, 1.85, 2.19, 2.68, 2.63, 2.66, 2.44, 2.26, 2.16, 2.21, 1.99, 2.39, 2.89, 2.52, 2.72, 1.94, 1.95, 3.61, 5.21, 5.39, 4.97, 3.98, 3.71, 3.76, 3.27, 2.73, 2.6, 2.68, 3.05, 2.77, 2.24, 2.38, 2.5, 2.29, 2.11, 2.49, 2.51, 2.68, 1.8, 1.15, 0, 1.29, 1.27, 2.27, 2.9, 3.73, 4.99, 5.77, 6.99, 7.77, 7.55, 7.72, 7.15, 7.08, 6.82, 6.25, 6.43, 6.38, 7.12, 7.22, 7.06, 7.34, 7.31, 7.34, 6.31, 5.5, 4.94, 3.6, 3.48, 5.15, 6.601, 7.944, 7.517, 6.97, 7.46, 8.587, 8.527, 8.274, 8.167, 7.477, 7.494], [5.62, 5.42, 4.71, 3.84, 2.88, 2.15, 1.56, 1.6, 2.29, 2.24, 2.25, 2.03, 2.03, 1.93, 2.0, 1.94, 2.32, 2.8, 2.41, 2.73, 1.83, 1.34, 2.74, 4.44, 4.58, 4.12, 3.05, 2.78, 2.89, 2.46, 1.98, 2.01, 2.21, 2.56, 2.54, 2.21, 2.23, 2.41, 2.16, 2.0, 2.28, 2.3, 2.39, 1.75, 1.54, 1.29, 0, 0.74, 1.58, 2.23, 2.94, 4.38, 5.22, 6.22, 7.06, 6.8, 7.11, 6.44, 6.37, 6.15, 5.52, 5.7, 5.55, 6.39, 6.45, 6.35, 6.59, 6.56, 6.53, 5.46, 4.59, 4.01, 2.91, 3.23, 5.02, 6.93, 8.301, 7.853, 7.346, 7.836, 8.95, 8.89, 8.62, 8.53, 7.84, 7.84], [5.82, 5.6, 4.89, 4.06, 3.14, 2.49, 1.86, 1.68, 2.29, 2.28, 2.37, 2.03, 2.15, 2.03, 2.16, 2.2, 2.42, 2.98, 2.71, 2.97, 2.11, 1.46, 2.64, 4.3, 4.4, 4.04, 3.05, 2.78, 2.95, 2.5, 2.18, 2.27, 2.33, 2.64, 2.78, 2.43, 2.55, 2.65, 2.42, 2.0, 2.44, 2.3, 2.47, 1.79, 1.66, 1.27, 0.74, 0, 1.38, 2.03, 2.78, 4.16, 5.02, 6.04, 6.88, 6.64, 6.85, 6.28, 6.21, 5.95, 5.36, 5.54, 5.37, 6.23, 6.31, 6.15, 6.39, 6.36, 6.35, 5.28, 4.45, 4.01, 2.93, 3.45, 5.2, 7.11, 8.47, 8.06, 7.53, 8.02, 9.11, 9.05, 8.78, 8.69, 8.02, 8.02], [6.62, 6.4, 5.71, 4.94, 4.08, 3.31, 2.24, 1.38, 1.99, 2.04, 1.91, 1.71, 1.85, 1.87, 2.08, 2.66, 2.36, 2.96, 3.43, 3.79, 2.93, 1.54, 1.9, 3.34, 3.48, 3.18, 2.63, 2.68, 2.59, 2.06, 1.82, 1.65, 1.57, 1.88, 2.2, 2.81, 3.05, 3.15, 2.62, 1.7, 1.7, 1.74, 1.69, 1.85, 2.42, 2.27, 1.58, 1.38, 0, 1.17, 1.86, 3.34, 4.08, 4.96, 5.82, 5.58, 5.91, 5.24, 5.15, 5.01, 4.44, 4.54, 4.37, 5.23, 5.35, 5.17, 5.41, 5.38, 5.29, 4.32, 3.59, 3.19, 1.93, 3.39, 5.62, 7.93, 9.31, 8.865, 8.338, 8.82, 9.91, 9.85, 9.58, 9.49, 8.84, 8.84], [7.55, 7.33, 6.64, 5.83, 4.83, 4.14, 2.91, 1.85, 2.06, 1.99, 1.84, 1.62, 1.84, 1.96, 2.75, 3.35, 2.91, 3.35, 4.22, 4.5, 3.6, 2.15, 1.73, 2.73, 3.15, 3.05, 2.96, 2.93, 2.88, 2.23, 2.09, 2.2, 1.86, 2.05, 2.67, 3.6, 3.92, 4.0, 3.43, 1.99, 2.03, 2.13, 1.96, 2.6, 3.03, 2.9, 2.23, 2.03, 1.17, 0, 1.11, 2.51, 3.19, 4.21, 5.01, 4.79, 4.98, 4.43, 4.36, 4.08, 3.53, 3.71, 3.58, 4.36, 4.52, 4.34, 4.6, 4.59, 4.58, 3.85, 3.34, 2.76, 2.06, 4.02, 6.55, 8.84, 10.22, 9.795, 9.26, 9.73, 10.82, 10.76, 10.49, 10.4, 9.75, 9.75], [8.4, 8.18, 7.47, 6.66, 5.62, 4.91, 3.56, 2.6, 2.69, 2.52, 2.43, 2.23, 2.47, 2.63, 3.54, 4.12, 3.7, 4.2, 5.07, 5.31, 4.41, 2.9, 1.72, 2.16, 2.56, 2.56, 2.45, 2.7, 2.43, 2.36, 2.7, 2.97, 2.57, 2.68, 3.4, 4.39, 4.73, 4.83, 4.26, 2.8, 2.7, 2.8, 2.53, 3.37, 3.82, 3.73, 2.94, 2.78, 1.86, 1.11, 0, 1.76, 2.4, 3.38, 4.16, 3.92, 4.19, 3.6, 3.49, 3.31, 2.68, 2.84, 2.79, 3.57, 3.71, 3.55, 3.71, 3.86, 3.93, 3.32, 2.77, 2.59, 2.51, 4.87, 7.4, 9.71, 11.089, 10.642, 10.115, 10.6, 11.69, 11.63, 11.36, 11.27, 10.62, 10.62], [9.9, 9.68, 8.97, 8.1, 6.92, 6.37, 4.98, 4.02, 4.07, 3.84, 3.75, 3.65, 3.71, 4.09, 4.98, 5.58, 5.2, 5.696, 6.566, 6.79, 5.87, 4.32, 2.44, 1.92, 2.28, 2.46, 3.41, 3.86, 3.33, 3.64, 4.06, 4.31, 3.83, 3.76, 4.8, 5.83, 6.17, 6.27, 5.7, 4.08, 4.06, 4.0, 3.63, 4.73, 5.14, 4.99, 4.38, 4.16, 3.34, 2.51, 1.76, 0, 1.4, 2.38, 3.2, 3.0, 2.93, 2.72, 2.57, 2.23, 1.64, 1.86, 1.93, 2.55, 2.81, 2.63, 2.77, 2.96, 3.07, 2.58, 2.39, 2.41, 3.41, 6.37, 8.92, 11.223, 12.586, 12.159, 11.592, 12.062, 13.169, 13.109, 12.84, 12.749, 12.099, 12.116], [10.58, 10.36, 9.69, 8.94, 7.82, 7.07, 5.82, 4.8, 4.83, 4.6, 4.51, 4.41, 4.53, 4.81, 5.7, 6.34, 5.94, 6.425, 7.321, 7.53, 6.61, 4.96, 3.06, 1.82, 2.34, 2.62, 3.55, 4.14, 3.69, 4.02, 4.74, 4.97, 4.47, 4.44, 5.48, 6.53, 6.91, 7.01, 6.5, 4.86, 4.84, 4.82, 4.55, 5.55, 5.9, 5.77, 5.22, 5.02, 4.08, 3.19, 2.4, 1.4, 0, 1.42, 2.18, 2.02, 2.15, 1.94, 1.85, 1.51, 1.12, 1.26, 1.25, 1.69, 1.87, 1.73, 1.89, 2.16, 2.23, 1.86, 1.75, 2.47, 3.99, 7.03, 9.58, 11.895, 13.258, 12.831, 12.244, 12.694, 13.801, 13.741, 13.488, 13.401, 12.751, 12.748], [11.3, 11.06, 10.43, 9.7, 8.68, 8.03, 6.68, 5.62, 5.47, 5.3, 5.17, 5.11, 5.17, 5.59, 6.42, 7.1, 6.64, 7.131, 8.064, 8.27, 7.33, 5.82, 3.82, 2.26, 2.7, 3.08, 4.15, 4.8, 4.35, 4.62, 5.4, 5.63, 5.19, 5.14, 6.18, 7.29, 7.71, 7.83, 7.28, 5.96, 5.78, 6.06, 5.69, 6.43, 7.04, 6.99, 6.22, 6.04, 4.96, 4.21, 3.38, 2.38, 1.42, 0, 1.1, 1.04, 1.47, 1.12, 1.07, 1.11, 1.42, 1.28, 1.25, 1.21, 1.45, 1.45, 1.41, 1.7, 1.39, 1.92, 2.25, 3.07, 4.69, 7.73, 10.28, 12.595, 13.958, 13.531, 12.944, 13.394, 14.481, 14.441, 14.168, 14.101, 13.451, 13.448], [12.16, 11.92, 11.29, 10.58, 9.56, 8.87, 7.54, 6.48, 6.35, 6.18, 6.03, 5.97, 6.03, 6.39, 7.3, 7.98, 7.5, 7.991, 8.927, 9.13, 8.21, 6.68, 4.7, 3.12, 3.48, 3.88, 5.01, 5.62, 5.17, 5.48, 6.26, 6.49, 6.05, 6.0, 7.04, 8.19, 8.61, 8.71, 8.16, 6.76, 6.54, 6.8, 6.43, 7.31, 7.82, 7.77, 7.06, 6.88, 5.82, 5.01, 4.16, 3.2, 2.18, 1.1, 0, 0.74, 1.11, 1.14, 1.13, 1.27, 2.04, 1.94, 1.93, 1.61, 1.79, 1.79, 2.01, 2.4, 2.07, 2.8, 3.11, 3.95, 5.533, 8.59, 11.14, 13.455, 14.818, 14.391, 13.804, 14.254, 15.341, 15.301, 15.028, 14.961, 14.311, 14.308], [11.96, 11.72, 11.09, 10.36, 9.32, 8.61, 7.3, 6.24, 6.13, 5.94, 5.83, 5.75, 5.79, 6.19, 7.08, 7.74, 7.28, 7.774, 8.724, 8.93, 7.99, 6.44, 4.44, 2.92, 3.44, 3.8, 4.77, 5.4, 4.93, 5.22, 6.04, 6.27, 5.85, 5.8, 6.84, 7.93, 8.33, 8.43, 7.92, 6.54, 6.34, 6.6, 6.23, 7.05, 7.58, 7.55, 6.8, 6.64, 5.58, 4.79, 3.92, 3.0, 2.02, 1.04, 0.74, 0, 1.03, 0.9, 1.15, 1.39, 2.12, 2.04, 2.01, 1.71, 1.89, 1.81, 2.05, 2.42, 2.11, 2.66, 2.87, 3.727, 5.327, 8.33, 10.86, 13.184, 14.547, 14.12, 13.533, 13.983, 15.07, 15.03, 14.757, 14.69, 14.04, 14.037], [12.19, 11.95, 11.3, 10.65, 9.69, 9.0, 7.61, 6.55, 6.38, 6.19, 6.04, 5.96, 6.12, 6.46, 7.33, 8.07, 7.51, 7.99, 8.94, 9.18, 8.2, 6.81, 4.71, 3.43, 3.87, 4.23, 5.24, 5.77, 5.34, 5.65, 6.27, 6.48, 6.12, 6.01, 7.07, 8.26, 8.66, 8.78, 8.19, 6.67, 6.61, 6.75, 6.42, 7.4, 7.75, 7.72, 7.11, 6.85, 5.91, 4.98, 4.19, 2.93, 2.15, 1.47, 1.11, 1.03, 0, 1.01, 1.34, 1.4, 2.13, 2.21, 2.38, 2.0, 2.3, 2.32, 2.64, 3.03, 2.64, 3.13, 3.26, 4.0, 5.569, 8.54, 11.07, 13.394, 14.757, 14.33, 13.743, 14.193, 15.28, 15.24, 14.967, 14.9, 14.25, 14.247], [11.48, 11.24, 10.57, 9.88, 8.92, 8.25, 6.86, 5.8, 5.61, 5.42, 5.27, 5.17, 5.35, 5.71, 6.56, 7.3, 6.76, 7.22, 8.19, 8.41, 7.43, 6.16, 3.98, 2.84, 3.3, 3.6, 4.65, 5.18, 4.75, 4.92, 5.5, 5.71, 5.35, 5.22, 6.3, 7.49, 7.91, 8.01, 7.42, 6.08, 5.9, 6.18, 5.81, 6.65, 7.2, 7.15, 6.44, 6.28, 5.24, 4.43, 3.6, 2.72, 1.94, 1.12, 1.14, 0.9, 1.01, 0, 0.85, 1.13, 1.68, 1.82, 1.83, 1.61, 1.95, 1.99, 2.19, 2.54, 2.17, 2.62, 2.75, 3.31, 4.89, 7.91, 10.46, 12.761, 14.123, 13.696, 13.109, 13.559, 14.646, 14.606, 14.333, 14.266, 13.616, 13.613], [11.35, 11.05, 10.38, 9.65, 8.77, 8.14, 6.73, 5.61, 5.42, 5.29, 5.12, 5.02, 5.16, 5.46, 6.35, 7.11, 6.53, 6.99, 7.98, 8.2, 7.3, 6.03, 3.87, 2.77, 3.13, 3.37, 4.58, 5.01, 4.68, 4.79, 5.29, 5.5, 5.12, 5.05, 6.11, 7.34, 7.8, 7.92, 7.27, 6.03, 5.81, 6.11, 5.72, 6.54, 7.13, 7.08, 6.37, 6.21, 5.15, 4.36, 3.49, 2.57, 1.85, 1.07, 1.13, 1.15, 1.34, 0.85, 0, 1.06, 1.61, 1.53, 1.5, 1.62, 1.76, 1.92, 1.96, 2.29, 1.9, 2.39, 2.68, 3.2, 4.7, 7.7, 10.23, 12.531, 13.893, 13.466, 12.879, 13.329, 14.416, 14.376, 14.103, 14.036, 13.386, 13.383], [11.33, 11.09, 10.44, 9.71, 8.75, 8.02, 6.61, 5.65, 5.52, 5.33, 5.2, 5.12, 5.2, 5.52, 6.41, 7.09, 6.55, 7.05, 8.04, 8.22, 7.28, 5.99, 3.89, 2.63, 3.05, 3.31, 4.5, 5.09, 4.66, 4.73, 5.39, 5.64, 5.2, 5.19, 6.21, 7.32, 7.68, 7.8, 7.25, 5.77, 5.67, 5.83, 5.54, 6.46, 6.85, 6.82, 6.15, 5.95, 5.01, 4.08, 3.31, 2.23, 1.51, 1.11, 1.27, 1.39, 1.4, 1.13, 1.06, 0, 1.07, 1.21, 1.24, 1.14, 1.44, 1.6, 1.78, 2.03, 1.84, 2.35, 2.64, 3.18, 4.72, 7.76, 10.31, 12.628, 13.991, 13.543, 12.996, 13.466, 14.56, 14.513, 14.23, 14.153, 13.503, 13.51], [10.72, 10.5, 9.81, 9.06, 8.06, 7.45, 5.9, 5.02, 4.89, 4.68, 4.49, 4.39, 4.59, 4.93, 5.8, 6.52, 5.96, 6.44, 7.39, 7.63, 6.67, 5.46, 3.3, 1.96, 2.22, 2.52, 3.79, 4.4, 3.91, 4.2, 4.76, 5.01, 4.59, 4.44, 5.54, 6.73, 7.11, 7.21, 6.6, 5.1, 4.96, 5.2, 4.87, 5.81, 6.28, 6.25, 5.52, 5.36, 4.44, 3.53, 2.68, 1.64, 1.12, 1.42, 2.04, 2.12, 2.13, 1.68, 1.61, 1.07, 0, 0.82, 1.03, 1.23, 1.59, 1.67, 1.75, 1.98, 2.01, 1.88, 2.03, 2.67, 4.15, 7.15, 9.7, 12.012, 13.375, 12.928, 12.381, 12.851, 13.95, 13.898, 13.62, 13.538, 12.888, 12.9], [10.82, 10.54, 9.83, 9.08, 8.16, 7.51, 6.02, 5.04, 4.89, 4.7, 4.53, 4.47, 4.69, 4.91, 5.78, 6.54, 5.96, 6.44, 7.37, 7.63, 6.75, 5.52, 3.36, 1.88, 2.14, 2.48, 3.87, 4.42, 3.85, 4.16, 4.78, 5.03, 4.57, 4.46, 5.52, 6.79, 7.21, 7.31, 6.64, 5.34, 5.12, 5.4, 5.05, 5.91, 6.48, 6.43, 5.7, 5.54, 4.54, 3.71, 2.84, 1.86, 1.26, 1.28, 1.94, 2.04, 2.21, 1.82, 1.53, 1.21, 0.82, 0, 0.73, 1.09, 1.29, 1.49, 1.51, 1.64, 1.73, 1.82, 2.03, 2.65, 4.11, 7.19, 9.74, 12.05, 13.415, 12.968, 12.421, 12.891, 13.97, 13.93, 13.64, 13.578, 12.928, 12.92], [10.65, 10.39, 9.68, 8.89, 7.99, 7.36, 5.91, 4.85, 4.8, 4.59, 4.42, 4.38, 4.6, 4.86, 5.67, 6.37, 5.87, 6.33, 7.22, 7.46, 6.6, 5.31, 3.21, 1.75, 1.99, 2.31, 3.66, 4.15, 3.8, 3.99, 4.69, 4.94, 4.46, 4.39, 5.45, 6.64, 7.08, 7.18, 6.55, 5.29, 5.11, 5.45, 5.06, 5.76, 6.43, 6.38, 5.55, 5.37, 4.37, 3.58, 2.79, 1.93, 1.25, 1.25, 1.93, 2.01, 2.38, 1.83, 1.5, 1.24, 1.03, 0.73, 0, 1.08, 1.28, 1.22, 1.34, 1.45, 1.5, 1.69, 1.86, 2.38, 3.96, 7.04, 9.59, 11.9, 13.273, 12.826, 12.279, 12.749, 13.82, 13.78, 13.49, 13.436, 12.786, 12.77], [11.53, 11.31, 10.62, 9.89, 8.91, 8.2, 6.75, 5.83, 5.68, 5.49, 5.34, 5.26, 5.36, 5.72, 6.59, 7.27, 6.75, 7.23, 8.18, 8.38, 7.48, 6.21, 4.09, 2.41, 2.77, 3.19, 4.48, 5.09, 4.6, 4.83, 5.59, 5.84, 5.34, 5.31, 6.35, 7.48, 7.9, 7.98, 7.39, 6.01, 5.83, 6.13, 5.8, 6.62, 7.13, 7.12, 6.39, 6.23, 5.23, 4.36, 3.57, 2.55, 1.69, 1.21, 1.61, 1.71, 2.0, 1.61, 1.62, 1.14, 1.23, 1.09, 1.08, 0, 0.8, 0.88, 1.06, 1.33, 1.42, 2.13, 2.46, 3.22, 4.9, 8.0, 10.55, 12.84, 14.22, 13.778, 13.231, 13.69, 14.76, 14.72, 14.43, 14.38, 13.73, 13.71], [11.71, 11.47, 10.78, 9.97, 8.99, 8.36, 6.83, 5.93, 5.9, 5.65, 5.48, 5.42, 5.66, 5.84, 6.75, 7.41, 6.91, 7.39, 8.32, 8.54, 7.64, 6.37, 4.25, 2.57, 2.85, 3.33, 4.62, 5.23, 4.66, 4.97, 5.75, 6.0, 5.5, 5.43, 6.49, 7.64, 8.02, 8.14, 7.53, 6.09, 5.91, 6.19, 5.8, 6.72, 7.27, 7.22, 6.45, 6.31, 5.35, 4.52, 3.71, 2.81, 1.87, 1.45, 1.79, 1.89, 2.3, 1.95, 1.76, 1.44, 1.59, 1.29, 1.28, 0.8, 0, 0.82, 0.92, 1.01, 1.12, 2.07, 2.58, 3.38, 5.06, 8.16, 10.71, 13.0, 14.38, 13.938, 13.391, 13.85, 14.92, 14.88, 14.59, 14.54, 13.89, 13.87], [11.61, 11.37, 10.72, 9.99, 8.97, 8.22, 6.89, 5.91, 5.88, 5.63, 5.52, 5.46, 5.58, 5.84, 6.71, 7.37, 6.89, 7.37, 8.3, 8.5, 7.58, 6.15, 4.15, 2.53, 2.83, 3.33, 4.52, 5.17, 4.7, 4.95, 5.73, 5.98, 5.52, 5.49, 6.53, 7.6, 7.94, 8.06, 7.55, 6.05, 5.97, 6.17, 5.78, 6.7, 7.15, 7.06, 6.35, 6.15, 5.17, 4.34, 3.55, 2.63, 1.73, 1.45, 1.79, 1.81, 2.32, 1.99, 1.92, 1.6, 1.67, 1.49, 1.22, 0.88, 0.82, 0, 0.96, 1.27, 1.3, 2.17, 2.52, 3.3, 4.98, 8.06, 10.61, 12.92, 14.296, 13.849, 13.302, 13.77, 14.84, 14.8, 14.51, 14.459, 13.809, 13.79], [11.71, 11.45, 10.78, 9.97, 8.95, 8.34, 6.93, 5.93, 5.84, 5.69, 5.58, 5.54, 5.6, 5.86, 6.75, 7.37, 6.97, 7.41, 8.32, 8.52, 7.7, 6.25, 4.25, 2.65, 2.87, 3.35, 4.64, 5.15, 4.62, 5.01, 5.79, 6.04, 5.54, 5.51, 6.55, 7.66, 8.1, 8.18, 7.63, 6.33, 6.15, 6.37, 6.0, 6.78, 7.41, 7.34, 6.59, 6.39, 5.41, 4.6, 3.71, 2.77, 1.89, 1.41, 2.01, 2.05, 2.64, 2.19, 1.96, 1.78, 1.75, 1.51, 1.34, 1.06, 0.92, 0.96, 0, 0.61, 1.04, 2.03, 2.6, 3.34, 5.04, 8.14, 10.69, 12.98, 14.36, 13.926, 13.379, 13.83, 14.9, 14.86, 14.57, 14.52, 13.87, 13.85], [11.6, 11.28, 10.65, 9.74, 8.82, 8.27, 6.84, 5.82, 5.67, 5.52, 5.41, 5.45, 5.61, 5.83, 6.56, 7.22, 6.8, 7.24, 8.17, 8.35, 7.59, 6.24, 4.16, 2.48, 2.68, 3.14, 4.53, 4.92, 4.47, 4.82, 5.6, 5.81, 5.33, 5.28, 6.28, 7.55, 7.99, 8.07, 7.46, 6.28, 6.16, 6.4, 6.05, 6.75, 7.42, 7.31, 6.56, 6.36, 5.38, 4.59, 3.86, 2.96, 2.16, 1.7, 2.4, 2.42, 3.03, 2.54, 2.29, 2.03, 1.98, 1.64, 1.45, 1.33, 1.01, 1.27, 0.61, 0, 0.93, 1.92, 2.49, 3.21, 4.83, 7.95, 10.5, 12.79, 14.15, 13.728, 13.17, 13.62, 14.69, 14.65, 14.36, 14.31, 13.66, 13.64], [11.29, 11.01, 10.34, 9.59, 8.71, 8.12, 6.79, 5.71, 5.5, 5.39, 5.22, 5.34, 5.62, 5.76, 6.29, 7.03, 6.57, 6.93, 7.9, 8.12, 7.28, 6.03, 3.97, 2.37, 2.55, 2.93, 4.34, 4.79, 4.38, 4.59, 5.31, 5.58, 5.12, 5.05, 6.09, 7.36, 7.8, 7.92, 7.39, 6.27, 6.13, 6.49, 6.08, 6.74, 7.43, 7.34, 6.53, 6.35, 5.29, 4.58, 3.93, 3.07, 2.23, 1.39, 2.07, 2.11, 2.64, 2.17, 1.9, 1.84, 2.01, 1.73, 1.5, 1.42, 1.12, 1.3, 1.04, 0.93, 0, 1.61, 2.26, 2.88, 4.54, 7.66, 10.21, 12.5, 13.86, 13.443, 12.88, 13.33, 14.4, 14.36, 14.07, 14.02, 13.37, 13.35], [10.04, 9.74, 9.11, 8.38, 7.58, 7.01, 5.68, 4.64, 4.73, 4.58, 4.47, 4.51, 5.11, 5.01, 5.08, 5.9, 5.6, 5.68, 6.55, 6.91, 6.07, 4.84, 2.82, 1.64, 1.44, 1.74, 3.11, 3.54, 3.19, 3.46, 4.04, 4.31, 4.01, 3.84, 4.86, 6.21, 6.67, 6.77, 6.26, 5.28, 5.32, 5.68, 5.23, 5.91, 6.44, 6.31, 5.46, 5.28, 4.32, 3.85, 3.32, 2.58, 1.86, 1.92, 2.8, 2.66, 3.13, 2.62, 2.39, 2.35, 1.88, 1.82, 1.69, 2.13, 2.07, 2.17, 2.03, 1.92, 1.61, 0, 0.97, 1.71, 3.27, 6.17, 8.72, 11.01, 12.37, 11.94, 11.37, 11.82, 12.89, 12.85, 12.58, 12.51, 11.86, 11.86], [9.23, 8.97, 8.34, 7.69, 6.79, 6.16, 4.79, 3.93, 4.24, 4.09, 4.0, 4.06, 4.54, 4.56, 4.47, 5.13, 4.91, 5.03, 5.9, 6.16, 5.26, 3.97, 1.99, 1.43, 1.43, 1.45, 2.44, 2.85, 2.52, 2.71, 3.37, 3.62, 3.3, 3.25, 4.19, 5.42, 5.82, 5.92, 5.39, 4.55, 4.63, 4.93, 4.54, 5.16, 5.65, 5.5, 4.59, 4.45, 3.59, 3.34, 2.77, 2.39, 1.75, 2.25, 3.11, 2.87, 3.26, 2.75, 2.68, 2.64, 2.03, 2.03, 1.86, 2.46, 2.58, 2.52, 2.6, 2.49, 2.26, 0.97, 0, 1.28, 2.74, 5.6, 8.15, 10.44, 11.8, 11.39, 10.82, 11.27, 12.34, 12.3, 12.01, 11.96, 11.31, 11.29], [8.61, 8.31, 7.64, 6.85, 6.07, 5.54, 4.19, 3.35, 3.46, 3.37, 3.3, 3.42, 3.9, 3.8, 3.73, 4.43, 4.25, 4.35, 5.12, 5.4, 4.6, 3.41, 1.51, 1.67, 1.63, 1.61, 2.6, 2.73, 2.48, 2.53, 2.63, 2.9, 2.6, 2.59, 3.37, 4.82, 5.2, 5.3, 4.79, 4.01, 4.07, 4.39, 3.94, 4.62, 5.11, 4.94, 4.01, 4.01, 3.19, 2.76, 2.59, 2.41, 2.47, 3.07, 3.95, 3.727, 4.0, 3.31, 3.2, 3.18, 2.67, 2.65, 2.38, 3.22, 3.38, 3.3, 3.34, 3.21, 2.88, 1.71, 1.28, 0, 1.96, 4.8, 7.35, 9.64, 11.02, 10.589, 10.04, 10.49, 11.56, 11.52, 11.23, 11.18, 10.53, 10.51], [7.03, 6.79, 6.1, 5.33, 4.55, 4.12, 2.83, 1.79, 2.1, 2.15, 2.04, 2.16, 2.56, 2.4, 2.15, 2.91, 2.65, 2.85, 3.64, 3.82, 3.1, 2.05, 1.49, 2.81, 2.59, 2.21, 2.7, 2.53, 2.6, 2.19, 1.69, 1.48, 1.24, 1.17, 1.83, 3.26, 3.78, 3.92, 3.41, 2.41, 2.45, 2.81, 2.46, 3.0, 3.51, 3.6, 2.91, 2.93, 1.93, 2.06, 2.51, 3.41, 3.99, 4.69, 5.533, 5.327, 5.569, 4.89, 4.7, 4.72, 4.15, 4.11, 3.96, 4.9, 5.06, 4.98, 5.04, 4.83, 4.54, 3.27, 2.74, 1.96, 0, 3.2, 5.67, 7.96, 9.32, 8.91, 8.34, 8.79, 9.86, 9.82, 9.53, 9.48, 8.83, 8.81], [4.35, 4.19, 3.5, 3.11, 3.35, 2.78, 2.81, 2.59, 2.56, 2.77, 2.86, 3.04, 3.08, 2.78, 1.85, 1.85, 1.65, 1.59, 1.96, 1.98, 2.26, 2.87, 4.13, 5.866, 5.47, 4.99, 4.42, 3.87, 4.32, 3.73, 3.05, 2.6, 2.9, 3.01, 2.11, 1.74, 1.8, 1.74, 1.63, 2.77, 2.77, 2.71, 3.02, 2.28, 2.85, 3.48, 3.23, 3.45, 3.39, 4.02, 4.87, 6.37, 7.03, 7.73, 8.59, 8.33, 8.54, 7.91, 7.7, 7.76, 7.15, 7.19, 7.04, 8.0, 8.16, 8.06, 8.14, 7.95, 7.66, 6.17, 5.6, 4.8, 3.2, 0, 2.59, 4.88, 6.254, 5.807, 5.26, 5.73, 6.82, 6.76, 6.49, 6.42, 5.767, 5.75], [3.42, 3.48, 3.25, 3.6, 4.4, 4.49, 4.8, 4.98, 5.07, 5.3, 5.37, 5.51, 5.49, 5.19, 4.06, 3.66, 3.94, 3.38, 2.95, 3.05, 4.09, 4.96, 6.64, 8.416, 8.02, 7.54, 6.39, 5.84, 6.45, 5.961, 5.14, 4.823, 5.354, 5.444, 4.418, 3.65, 3.35, 3.17, 3.56, 5.2, 5.198, 5.096, 5.469, 4.47, 4.76, 5.15, 5.02, 5.2, 5.62, 6.55, 7.4, 8.92, 9.58, 10.28, 11.14, 10.86, 11.07, 10.46, 10.23, 10.31, 9.7, 9.74, 9.59, 10.55, 10.71, 10.61, 10.69, 10.5, 10.21, 8.72, 8.15, 7.35, 5.67, 2.59, 0, 2.67, 3.83, 3.34, 2.83, 3.26, 4.33, 4.31, 4.02, 3.93, 3.36, 3.64], [2.59, 2.51, 2.56, 3.29, 4.475, 4.98, 6.423, 7.263, 7.322, 7.535, 7.642, 7.685, 7.662, 7.276, 6.315, 5.715, 6.149, 5.61, 4.72, 4.48, 5.391, 6.975, 8.946, 10.712, 10.323, 9.838, 8.619, 8.029, 8.71, 8.257, 7.366, 7.119, 7.65, 7.74, 6.714, 5.638, 5.292, 5.192, 5.765, 7.417, 7.494, 7.392, 7.765, 6.653, 6.331, 6.601, 6.93, 7.11, 7.93, 8.84, 9.71, 11.223, 11.895, 12.595, 13.455, 13.184, 13.394, 12.761, 12.531, 12.628, 12.012, 12.05, 11.9, 12.84, 13.0, 12.92, 12.98, 12.79, 12.5, 11.01, 10.44, 9.64, 7.96, 4.88, 2.67, 0, 1.64, 1.31, 0.92, 1.43, 2.32, 2.34, 2.13, 2.02, 1.35, 1.41], [2.89, 2.95, 3.639, 4.543, 5.838, 6.328, 7.786, 8.626, 8.685, 8.898, 9.005, 9.048, 9.025, 8.639, 7.678, 7.058, 7.492, 6.99, 6.06, 5.853, 6.753, 8.338, 10.309, 12.075, 11.686, 11.201, 9.982, 9.392, 10.073, 9.62, 8.729, 8.482, 9.013, 9.103, 8.077, 7.001, 6.655, 6.555, 7.128, 8.78, 8.857, 8.755, 9.128, 8.016, 7.694, 7.944, 8.301, 8.47, 9.31, 10.22, 11.089, 12.586, 13.258, 13.958, 14.818, 14.547, 14.757, 14.123, 13.8