[[0, 0.74, 0.89, 1.6, 2.63, 2.97, 2.91, 3.35, 4.61, 8.01, 9.36, 9.14, 9.01, 8.69, 8.73, 8.32, 8.21, 8.48, 8.53, 9.04, 10.09, 9.88, 9.18, 8.61, 8.79, 8.43, 8.74, 10.337, 10.404, 10.487, 11.372, 9.79, 6.95, 6.51, 6.48, 6.6, 6.51, 6.58, 6.55, 7.03, 7.29, 7.16, 7.55, 6.95, 6.52, 6.77, 6.55, 6.16, 5.91, 6.58, 5.99, 4.9, 5.21, 5.29, 4.83, 4.85, 4.48, 3.97, 3.8, 3.84, 3.64, 2.9, 2.67, 2.65, 2.59, 2.29, 2.93, 3.09, 3.49, 3.68, 3.71, 3.74, 3.78, 3.65, 3.75, 3.53, 3.18, 3.08, 3.01, 3.29, 3.51, 3.16, 3.5, 3.63, 4.53, 5.27], [0.74, 0, 0.63, 1.38, 2.71, 2.97, 2.87, 3.31, 4.57, 7.83, 9.28, 9.16, 9.05, 8.57, 8.53, 8.36, 8.27, 8.44, 8.37, 8.9, 10.17, 9.96, 9.32, 8.55, 8.63, 8.33, 8.82, 10.22, 10.33, 10.37, 11.369, 9.55, 6.75, 6.41, 6.42, 6.42, 6.35, 6.4, 6.35, 6.81, 7.37, 7.22, 7.61, 6.95, 6.44, 6.61, 6.45, 6.22, 5.87, 6.4, 5.91, 4.68, 5.11, 5.13, 4.63, 4.67, 4.34, 3.83, 3.68, 3.68, 3.52, 2.82, 2.65, 2.73, 2.77, 2.23, 2.75, 2.95, 3.37, 3.56, 3.51, 3.58, 3.62, 3.57, 3.65, 3.37, 3.02, 2.88, 2.89, 3.35, 3.53, 3.08, 3.52, 3.65, 4.57, 5.25], [0.89, 0.63, 0, 1.01, 2.46, 2.72, 2.74, 3.12, 4.32, 7.54, 8.97, 8.83, 8.72, 8.26, 8.2, 7.95, 7.88, 8.01, 7.98, 8.51, 9.76, 9.57, 8.97, 8.26, 8.36, 8.02, 8.47, 9.83, 9.92, 9.977, 10.979, 9.24, 6.56, 6.26, 6.21, 6.23, 6.14, 6.21, 6.18, 6.66, 6.96, 6.75, 7.2, 6.54, 6.07, 6.32, 6.12, 5.83, 5.46, 6.21, 5.76, 4.47, 4.92, 4.88, 4.38, 4.42, 4.09, 3.66, 3.53, 3.45, 3.31, 2.75, 2.62, 2.78, 2.88, 2.24, 2.58, 2.66, 3.02, 3.25, 3.24, 3.25, 3.29, 3.2, 3.32, 3.06, 2.81, 2.63, 2.6, 2.96, 3.18, 2.79, 3.25, 3.3, 4.22, 4.92], [1.6, 1.38, 1.01, 0, 1.71, 2.21, 2.69, 2.91, 3.91, 6.95, 8.46, 8.32, 8.21, 7.67, 7.61, 7.4, 7.23, 7.36, 7.23, 7.8, 9.23, 9.02, 8.4, 7.61, 7.77, 7.55, 7.92, 9.04, 9.25, 9.11, 10.049, 8.41, 6.17, 5.95, 6.04, 6.06, 5.99, 6.0, 5.89, 6.27, 6.47, 6.26, 6.73, 5.99, 5.74, 5.93, 5.69, 5.46, 5.05, 6.0, 5.57, 4.24, 4.63, 4.61, 4.29, 4.21, 3.94, 3.59, 3.34, 3.34, 3.18, 2.74, 2.55, 2.79, 3.03, 2.31, 2.33, 2.31, 2.55, 2.62, 2.73, 2.82, 2.82, 2.59, 2.71, 2.67, 2.36, 2.12, 2.19, 2.45, 2.69, 2.32, 2.62, 2.59, 3.69, 4.37], [2.63, 2.71, 2.46, 1.71, 0, 1.6, 2.46, 2.5, 3.42, 6.28, 7.63, 7.47, 7.34, 7.02, 7.02, 6.71, 6.36, 6.43, 6.56, 7.39, 8.38, 8.17, 7.53, 6.74, 7.12, 6.94, 6.97, 8.01, 8.26, 8.14, 8.88, 7.76, 6.04, 5.86, 5.95, 6.05, 5.86, 5.85, 5.78, 6.1, 5.74, 5.37, 5.78, 5.72, 5.63, 5.8, 5.56, 5.15, 4.86, 5.89, 5.38, 4.07, 4.52, 4.56, 4.24, 4.18, 3.91, 3.6, 3.39, 3.35, 3.15, 2.95, 2.78, 3.36, 3.8, 2.66, 2.46, 2.18, 2.3, 2.33, 2.5, 2.61, 2.47, 2.56, 2.68, 2.58, 2.51, 2.31, 2.14, 2.02, 2.04, 2.13, 2.01, 1.98, 2.74, 3.36], [2.97, 2.97, 2.72, 2.21, 1.6, 0, 1.4, 1.54, 2.5, 5.52, 7.07, 6.95, 6.64, 6.32, 6.46, 6.29, 6.1, 6.37, 6.4, 7.03, 8.02, 7.83, 7.13, 6.34, 6.28, 5.94, 6.53, 8.21, 8.32, 8.38, 9.12, 7.42, 4.96, 4.86, 4.99, 5.11, 4.9, 5.05, 4.94, 5.26, 5.4, 5.33, 5.62, 4.94, 4.59, 4.76, 4.76, 4.49, 3.96, 4.93, 4.34, 3.15, 3.54, 3.6, 3.32, 3.24, 3.01, 2.7, 2.53, 2.51, 2.39, 2.45, 2.64, 3.32, 3.72, 2.34, 2.02, 1.74, 1.76, 2.37, 2.42, 2.47, 2.79, 2.84, 2.54, 2.64, 2.33, 2.41, 2.1, 2.2, 2.12, 2.15, 2.45, 2.5, 2.52, 2.96], [2.91, 2.87, 2.74, 2.69, 2.46, 1.4, 0, 0.9, 2.48, 6.0, 7.51, 7.39, 7.2, 6.96, 6.98, 6.79, 6.66, 6.97, 6.96, 7.53, 8.44, 8.25, 7.55, 6.9, 6.8, 6.38, 7.09, 8.85, 8.88, 8.98, 9.8, 7.96, 4.88, 4.42, 4.15, 4.23, 4.28, 4.41, 4.42, 5.14, 5.6, 5.57, 6.04, 5.36, 4.73, 4.9, 4.88, 4.61, 4.16, 4.47, 3.82, 2.75, 3.2, 3.3, 2.86, 2.84, 2.41, 1.96, 1.73, 1.75, 1.55, 1.47, 1.92, 2.64, 3.02, 1.64, 1.9, 2.02, 2.3, 3.15, 3.26, 3.25, 3.51, 3.68, 3.3, 3.3, 2.81, 2.97, 2.66, 2.9, 2.84, 2.89, 3.27, 3.46, 3.28, 3.52], [3.35, 3.31, 3.12, 2.91, 2.5, 1.54, 0.9, 0, 1.84, 5.34, 6.93, 6.77, 6.5, 6.22, 6.26, 6.09, 5.94, 6.23, 6.22, 6.85, 7.86, 7.65, 6.93, 6.16, 6.16, 5.8, 6.37, 8.11, 8.14, 8.24, 9.06, 7.24, 4.5, 4.12, 3.83, 3.79, 3.88, 3.93, 3.9, 4.58, 5.04, 4.97, 5.4, 4.72, 4.23, 4.4, 4.3, 4.03, 3.56, 4.13, 3.52, 2.37, 2.9, 2.96, 2.5, 2.5, 2.09, 1.9, 1.65, 1.41, 1.61, 2.21, 2.58, 3.34, 3.74, 2.26, 2.18, 2.36, 2.32, 2.97, 3.08, 3.17, 3.55, 3.68, 3.34, 3.34, 3.05, 3.05, 2.78, 2.88, 2.86, 2.91, 3.21, 3.4, 3.18, 2.86], [4.61, 4.57, 4.32, 3.91, 3.42, 2.5, 2.48, 1.84, 0, 3.64, 5.19, 5.03, 4.82, 4.52, 4.62, 4.41, 4.2, 4.49, 4.52, 5.17, 6.14, 5.97, 5.25, 4.46, 4.42, 4.18, 4.67, 6.45, 6.54, 6.6, 7.36, 5.64, 3.0, 2.66, 2.67, 2.81, 2.58, 2.65, 2.7, 3.1, 3.34, 3.37, 3.74, 3.08, 2.65, 2.94, 2.74, 2.47, 2.1, 2.71, 2.4, 1.97, 2.18, 2.08, 1.98, 1.9, 1.95, 2.34, 2.31, 1.97, 2.79, 3.75, 4.24, 4.98, 5.38, 3.84, 3.1, 3.02, 2.9, 2.93, 2.98, 3.23, 3.61, 3.66, 3.36, 3.54, 3.31, 3.21, 3.16, 3.0, 2.94, 3.01, 3.35, 3.42, 3.14, 2.18], [8.01, 7.83, 7.54, 6.95, 6.28, 5.52, 6.0, 5.34, 3.64, 0, 1.79, 1.77, 1.94, 2.0, 1.96, 1.83, 1.6, 1.73, 1.68, 2.11, 2.86, 2.71, 2.33, 1.6, 1.52, 1.62, 1.73, 3.11, 3.2, 3.26, 4.16, 2.54, 2.36, 3.02, 3.43, 3.39, 3.3, 3.29, 3.32, 2.76, 2.7, 2.83, 2.24, 2.04, 2.03, 1.88, 2.28, 2.67, 2.94, 3.11, 4.0, 4.644, 4.654, 4.197, 4.417, 4.437, 4.846, 5.374, 5.33, 5.13, 5.97, 6.95, 7.42, 8.24, 8.62, 7.16, 5.88, 5.5, 4.78, 4.61, 4.46, 4.43, 4.75, 4.8, 4.64, 4.86, 5.123, 5.363, 5.215, 4.958, 4.78, 5.09, 5.29, 5.18, 4.3, 3.1], [9.36, 9.28, 8.97, 8.46, 7.63, 7.07, 7.51, 6.93, 5.19, 1.79, 0, 0.66, 1.21, 1.55, 1.67, 1.58, 1.53, 1.72, 1.99, 1.6, 1.35, 1.46, 1.36, 1.45, 1.31, 1.53, 1.36, 2.0, 1.89, 1.95, 2.79, 1.81, 3.41, 4.19, 4.48, 4.28, 4.15, 4.22, 4.31, 3.57, 3.01, 3.18, 2.51, 2.81, 3.32, 3.33, 3.37, 3.78, 4.03, 4.26, 5.39, 6.14, 6.11, 5.667, 5.847, 5.887, 6.34, 6.85, 6.8, 6.54, 7.42, 8.46, 9.07, 9.83, 10.21, 8.65, 7.448, 6.902, 6.268, 6.0, 6.05, 5.938, 5.995, 6.12, 6.08, 6.277, 6.681, 6.89, 6.691, 6.297, 5.99, 6.46, 6.7, 6.59, 5.27, 4.43], [9.14, 9.16, 8.83, 8.32, 7.47, 6.95, 7.39, 6.77, 5.03, 1.77, 0.66, 0, 0.87, 1.39, 1.59, 1.52, 1.57, 1.82, 1.99, 1.6, 1.35, 1.46, 1.26, 1.45, 1.31, 1.55, 1.18, 1.9, 1.89, 2.01, 2.77, 1.73, 3.39, 4.17, 4.48, 4.42, 4.27, 4.24, 4.33, 3.67, 3.25, 3.42, 2.65, 2.77, 3.2, 3.27, 3.31, 3.62, 3.99, 4.32, 5.37, 6.12, 6.13, 5.661, 5.841, 5.901, 6.34, 6.85, 6.78, 6.56, 7.44, 8.42, 9.01, 9.77, 10.15, 8.57, 7.385, 6.904, 6.205, 5.88, 5.93, 5.86, 5.94, 6.014, 5.957, 6.174, 6.541, 6.687, 6.563, 6.09, 5.87, 6.28, 6.48, 6.41, 5.29, 4.35], [9.01, 9.05, 8.72, 8.21, 7.34, 6.64, 7.2, 6.5, 4.82, 1.94, 1.21, 0.87, 0, 0.86, 1.04, 1.29, 1.42, 1.79, 1.82, 1.45, 1.78, 1.59, 1.15, 1.24, 1.14, 1.24, 1.07, 2.03, 2.14, 2.2, 2.78, 1.46, 3.36, 4.18, 4.47, 4.25, 4.16, 4.17, 4.18, 3.38, 3.24, 3.41, 2.62, 2.58, 3.21, 3.18, 3.22, 3.63, 3.98, 4.27, 5.353, 6.11, 6.105, 5.648, 5.839, 5.888, 6.315, 6.825, 6.772, 6.532, 7.432, 8.395, 8.88, 9.6, 10.0, 8.52, 7.326, 6.882, 6.16, 5.83, 5.8, 5.85, 6.13, 6.039, 5.919, 6.084, 6.442, 6.557, 6.46, 6.04, 5.98, 6.21, 6.37, 6.36, 5.32, 4.26], [8.69, 8.57, 8.26, 7.67, 7.02, 6.32, 6.96, 6.22, 4.52, 2.0, 1.55, 1.39, 0.86, 0, 0.6, 0.87, 1.18, 1.31, 1.4, 1.45, 2.18, 1.91, 1.23, 0.96, 0.96, 0.98, 1.09, 2.27, 2.34, 2.34, 3.02, 1.46, 2.98, 3.82, 4.09, 3.79, 3.72, 3.77, 3.68, 2.84, 2.9, 3.15, 2.32, 2.16, 2.85, 2.82, 2.88, 3.31, 3.66, 3.87, 5.06, 5.735, 5.765, 5.308, 5.508, 5.536, 5.963, 6.473, 6.421, 6.181, 7.081, 8.043, 8.48, 9.237, 9.637, 8.205, 6.899, 6.62, 6.06, 5.61, 5.52, 5.75, 5.99, 5.88, 5.82, 5.92, 6.19, 6.206, 6.3, 5.98, 5.92, 6.01, 6.19, 6.2, 5.46, 4.28], [8.73, 8.53, 8.2, 7.61, 7.02, 6.46, 6.98, 6.26, 4.62, 1.96, 1.67, 1.59, 1.04, 0.6, 0, 0.99, 1.32, 1.41, 1.38, 1.43, 2.28, 2.01, 1.29, 0.96, 0.96, 1.02, 1.01, 2.15, 2.28, 2.34, 3.06, 1.5, 3.06, 3.92, 4.17, 3.93, 3.86, 3.91, 3.82, 2.88, 3.04, 3.27, 2.32, 2.2, 2.91, 2.86, 2.9, 3.39, 3.78, 3.89, 5.08, 5.79, 5.805, 5.348, 5.528, 5.573, 6.001, 6.511, 6.458, 6.218, 7.118, 8.081, 8.52, 9.26, 9.68, 8.24, 6.936, 6.611, 6.04, 5.51, 5.48, 5.69, 5.97, 5.9, 5.84, 5.816, 6.133, 6.086, 6.26, 5.92, 5.96, 6.07, 6.19, 6.16, 5.46, 4.26], [8.32, 8.36, 7.95, 7.4, 6.71, 6.29, 6.79, 6.09, 4.41, 1.83, 1.58, 1.52, 1.29, 0.87, 0.99, 0, 0.77, 0.88, 1.03, 1.3, 2.11, 1.92, 1.22, 0.95, 1.13, 1.05, 1.12, 2.34, 2.37, 2.39, 3.25, 1.95, 2.81, 3.63, 3.88, 3.64, 3.59, 3.6, 3.57, 2.71, 2.41, 2.58, 1.77, 1.77, 2.58, 2.546, 2.55, 2.84, 3.35, 3.62, 4.83, 5.54, 5.492, 5.035, 5.275, 5.272, 5.719, 6.23, 6.16, 5.916, 6.816, 7.8, 8.31, 9.15, 9.51, 8.03, 6.676, 6.338, 5.69, 5.32, 5.31, 5.5, 5.6, 5.59, 5.59, 5.59, 6.0, 5.98, 5.99, 5.51, 5.43, 5.68, 5.8, 5.79, 5.13, 3.99], [8.21, 8.27, 7.88, 7.23, 6.36, 6.1, 6.66, 5.94, 4.2, 1.6, 1.53, 1.57, 1.42, 1.18, 1.32, 0.77, 0, 0.77, 1.02, 1.49, 2.28, 2.13, 1.49, 1.16, 1.34, 1.3, 1.37, 2.55, 2.62, 2.56, 3.42, 2.22, 2.6, 3.42, 3.67, 3.45, 3.36, 3.33, 3.28, 2.58, 2.24, 2.31, 1.7, 1.78, 2.45, 2.4, 2.42, 2.69, 3.2, 3.49, 4.68, 5.35, 5.345, 4.888, 5.128, 5.122, 5.549, 6.079, 6.01, 5.766, 6.666, 7.65, 8.14, 8.96, 9.32, 7.84, 6.525, 6.24, 5.58, 5.17, 5.14, 5.37, 5.45, 5.28, 5.44, 5.5, 5.87, 5.85, 5.86, 5.4, 5.24, 5.47, 5.61, 5.58, 4.88, 3.76], [8.48, 8.44, 8.01, 7.36, 6.43, 6.37, 6.97, 6.23, 4.49, 1.73, 1.72, 1.82, 1.79, 1.31, 1.41, 0.88, 0.77, 0, 0.93, 1.54, 2.31, 2.14, 1.56, 1.07, 1.35, 1.37, 1.4, 2.4, 2.41, 2.31, 3.13, 2.19, 2.87, 3.65, 3.9, 3.56, 3.55, 3.5, 3.43, 2.67, 2.27, 2.22, 1.47, 1.87, 2.72, 2.666, 2.646, 2.956, 3.449, 3.74, 4.95, 5.62, 5.621, 5.164, 5.404, 5.404, 5.819, 6.35, 6.28, 6.036, 6.936, 7.92, 8.39, 9.25, 9.63, 8.13, 6.755, 6.51, 5.81, 5.38, 5.27, 5.52, 5.54, 5.53, 5.71, 5.71, 6.18, 6.08, 6.05, 5.63, 5.45, 5.68, 5.74, 5.65, 5.15, 3.99], [8.53, 8.37, 7.98, 7.23, 6.56, 6.4, 6.96, 6.22, 4.52, 1.68, 1.99, 1.99, 1.82, 1.4, 1.38, 1.03, 1.02, 0.93, 0, 1.11, 2.28, 2.23, 1.73, 1.14, 1.42, 1.52, 1.51, 2.35, 2.58, 2.24, 3.2, 2.08, 2.84, 3.7, 3.93, 3.53, 3.5, 3.47, 3.44, 2.54, 2.24, 2.47, 1.68, 1.86, 2.57, 2.54, 2.52, 2.91, 3.334, 3.57, 4.96, 5.63, 5.597, 5.14, 5.38, 5.34, 5.704, 6.257, 6.21, 5.91, 6.81, 7.827, 8.34, 9.2, 9.58, 8.14, 6.663, 6.423, 5.68, 5.09, 5.28, 5.33, 5.39, 5.26, 5.44, 5.54, 6.05, 5.993, 6.04, 5.54, 5.38, 5.63, 5.77, 5.7, 5.08, 3.88], [9.04, 8.9, 8.51, 7.8, 7.39, 7.03, 7.53, 6.85, 5.17, 2.11, 1.6, 1.6, 1.45, 1.45, 1.43, 1.3, 1.49, 1.54, 1.11, 0, 1.59, 1.7, 1.36, 1.45, 1.35, 1.61, 1.54, 1.9, 2.07, 1.77, 2.71, 1.39, 3.41, 4.21, 4.44, 4.04, 4.01, 4.06, 4.05, 2.99, 2.77, 3.14, 2.21, 2.27, 3.02, 2.99, 2.97, 3.42, 3.81, 4.08, 5.47, 6.22, 6.07, 5.616, 5.856, 5.816, 6.18, 6.79, 6.72, 6.4, 7.26, 8.34, 8.95, 9.81, 10.19, 8.73, 7.144, 6.893, 6.09, 5.66, 5.89, 5.8, 5.96, 5.92, 5.974, 6.0, 6.618, 6.503, 6.55, 6.11, 6.15, 6.28, 6.48, 6.39, 5.81, 4.57], [10.09, 10.17, 9.76, 9.23, 8.38, 8.02, 8.44, 7.86, 6.14, 2.86, 1.35, 1.35, 1.78, 2.18, 2.28, 2.11, 2.28, 2.31, 2.28, 1.59, 0, 0.77, 1.25, 2.04, 1.96, 2.38, 1.79, 1.39, 1.5, 1.34, 1.98, 2.04, 4.26, 5.02, 5.19, 5.01, 4.9, 4.95, 5.04, 4.0, 3.08, 3.41, 2.78, 3.24, 3.85, 3.88, 3.9, 4.17, 4.52, 4.79, 6.18, 7.07, 6.82, 6.34, 6.58, 6.56, 7.01, 7.64, 7.53, 7.17, 8.03, 9.15, 9.94, 10.7, 11.08, 9.62, 8.155, 7.689, 7.015, 6.91, 6.96, 6.81, 6.77, 6.801, 6.881, 7.144, 7.631, 7.772, 7.613, 7.139, 6.84, 7.35, 7.49, 7.38, 6.24, 5.32], [9.88, 9.96, 9.57, 9.02, 8.17, 7.83, 8.25, 7.65, 5.97, 2.71, 1.46, 1.46, 1.59, 1.91, 2.01, 1.92, 2.13, 2.14, 2.23, 1.7, 0.77, 0, 0.98, 1.71, 1.73, 2.09, 1.46, 1.38, 1.43, 1.51, 2.13, 1.91, 4.07, 4.81, 5.02, 4.94, 4.81, 4.84, 4.97, 3.99, 3.03, 3.36, 2.65, 3.07, 3.78, 3.77, 3.79, 4.08, 4.41, 4.62, 5.95, 6.88, 6.67, 6.17, 6.41, 6.41, 6.92, 7.47, 7.36, 7.04, 7.96, 9.0, 9.75, 10.51, 10.89, 9.43, 8.022, 7.519, 6.842, 6.68, 6.75, 6.6, 6.6, 6.654, 6.688, 6.934, 7.438, 7.564, 7.386, 6.931, 6.63, 7.12, 7.3, 7.19, 6.07, 5.09], [9.18, 9.32, 8.97, 8.4, 7.53, 7.13, 7.55, 6.93, 5.25, 2.33, 1.36, 1.26, 1.15, 1.23, 1.29, 1.22, 1.49, 1.56, 1.73, 1.36, 1.25, 0.98, 0, 1.11, 1.07, 1.39, 0.88, 1.7, 1.81, 1.75, 2.49, 1.65, 3.51, 4.29, 4.48, 4.34, 4.17, 4.24, 4.31, 3.29, 2.71, 3.02, 2.15, 2.53, 3.26, 3.31, 3.33, 3.6, 4.03, 4.26, 5.51, 6.28, 6.19, 5.715, 5.975, 5.952, 6.42, 6.95, 6.84, 6.6, 7.5, 8.48, 9.15, 9.91, 10.27, 8.79, 7.445, 7.016, 6.29, 6.06, 6.11, 6.08, 6.16, 6.25, 6.19, 6.334, 6.758, 6.882, 6.748, 6.23, 6.07, 6.48, 6.6, 6.53, 5.59, 4.53], [8.61, 8.55, 8.26, 7.61, 6.74, 6.34, 6.9, 6.16, 4.46, 1.6, 1.45, 1.45, 1.24, 0.96, 0.96, 0.95, 1.16, 1.07, 1.14, 1.45, 2.04, 1.71, 1.11, 0, 0.66, 0.94, 0.71, 2.15, 2.24, 2.2, 2.98, 1.6, 3.0, 3.84, 4.07, 3.83, 3.78, 3.79, 3.72, 2.88, 2.62, 2.91, 1.96, 2.14, 2.81, 2.78, 2.86, 3.23, 3.6, 3.85, 4.999, 5.71, 5.722, 5.265, 5.445, 5.493, 5.921, 6.431, 6.378, 6.138, 7.037, 8.001, 8.48, 9.28, 9.66, 8.16, 6.856, 6.474, 5.76, 5.29, 5.24, 5.25, 5.47, 5.52, 5.52, 5.64, 6.064, 6.034, 6.018, 5.6, 5.52, 5.69, 5.75, 5.72, 4.86, 3.74], [8.79, 8.63, 8.36, 7.77, 7.12, 6.28, 6.8, 6.16, 4.42, 1.52, 1.31, 1.31, 1.14, 0.96, 0.96, 1.13, 1.34, 1.35, 1.42, 1.35, 1.96, 1.73, 1.07, 0.66, 0, 0.68, 0.77, 2.27, 2.32, 2.32, 3.18, 1.58, 2.8, 3.64, 3.95, 3.73, 3.68, 3.79, 3.74, 2.9, 2.78, 3.11, 2.26, 2.18, 2.79, 2.72, 2.92, 3.35, 3.6, 3.63, 4.82, 5.53, 5.548, 5.091, 5.271, 5.331, 5.741, 6.251, 6.21, 6.03, 6.87, 7.85, 8.3, 9.14, 9.52, 7.98, 6.798, 6.314, 5.7, 5.39, 5.34, 5.37, 5.65, 5.68, 5.48, 5.624, 5.943, 6.123, 5.99, 5.76, 5.64, 5.85, 6.09, 6.06, 5.06, 4.02], [8.43, 8.33, 8.02, 7.55, 6.94, 5.94, 6.38, 5.8, 4.18, 1.62, 1.53, 1.55, 1.24, 0.98, 1.02, 1.05, 1.3, 1.37, 1.52, 1.61, 2.38, 2.09, 1.39, 0.94, 0.68, 0, 0.95, 2.71, 2.68, 2.78, 3.6, 1.8, 2.58, 3.4, 3.67, 3.53, 3.44, 3.57, 3.54, 2.78, 2.8, 3.05, 2.28, 1.96, 2.47, 2.42, 2.58, 3.05, 3.3, 3.31, 4.471, 5.19, 5.173, 4.716, 4.936, 4.996, 5.383, 5.92, 5.89, 5.71, 6.53, 7.53, 7.96, 8.76, 9.14, 7.68, 6.498, 5.999, 5.5, 5.35, 5.2, 5.37, 5.67, 5.64, 5.46, 5.5, 5.71, 5.903, 5.82, 5.62, 5.5, 5.73, 5.97, 6.0, 4.96, 3.96], [8.74, 8.82, 8.47, 7.92, 6.97, 6.53, 7.09, 6.37, 4.67, 1.73, 1.36, 1.18, 1.07, 1.09, 1.01, 1.12, 1.37, 1.4, 1.51, 1.54, 1.79, 1.46, 0.88, 0.71, 0.77, 0.95, 0, 1.86, 1.89, 2.03, 2.89, 1.69, 3.29, 4.15, 4.42, 4.2, 4.17, 4.2, 4.13, 3.35, 2.89, 3.14, 2.23, 2.31, 2.98, 2.99, 3.07, 3.32, 3.81, 4.04, 5.17, 5.88, 5.881, 5.423, 5.612, 5.663, 6.091, 6.601, 6.56, 6.32, 7.204, 8.191, 8.63, 9.47, 9.83, 8.33, 7.085, 6.65, 5.925, 5.52, 5.49, 5.5, 5.68, 5.65, 5.67, 5.814, 6.238, 6.344, 6.248, 5.75, 5.61, 5.94, 6.0, 5.89, 5.01, 3.91], [10.337, 10.22, 9.83, 9.04, 8.01, 8.21, 8.85, 8.11, 6.45, 3.11, 2.0, 1.9, 2.03, 2.27, 2.15, 2.34, 2.55, 2.4, 2.35, 1.9, 1.39, 1.38, 1.7, 2.15, 2.27, 2.71, 1.86, 0, 0.79, 0.81, 1.39, 1.89, 4.83, 5.71, 5.96, 5.6, 5.65, 5.66, 5.63, 4.61, 4.07, 3.88, 3.29, 3.73, 4.46, 4.41, 4.37, 4.72, 5.25, 5.44, 6.83, 7.48, 7.45, 7.01, 7.25, 7.19, 7.554, 8.107, 8.06, 7.76, 8.66, 9.677, 10.15, 11.01, 11.39, 9.987, 8.513, 8.253, 7.453, 6.86, 6.956, 6.903, 6.889, 6.879, 7.039, 7.239, 7.854, 7.743, 7.776, 7.276, 7.13, 7.42, 7.36, 7.11, 6.43, 5.41], [10.404, 10.33, 9.92, 9.25, 8.26, 8.32, 8.88, 8.14, 6.54, 3.2, 1.89, 1.89, 2.14, 2.34, 2.28, 2.37, 2.62, 2.41, 2.58, 2.07, 1.5, 1.43, 1.81, 2.24, 2.32, 2.68, 1.89, 0.79, 0, 1.02, 1.46, 2.04, 4.84, 5.7, 5.95, 5.65, 5.68, 5.69, 5.66, 4.7, 4.12, 3.93, 3.34, 3.76, 4.57, 4.52, 4.5, 4.83, 5.32, 5.55, 6.9, 7.55, 7.54, 7.097, 7.337, 7.277, 7.661, 8.194, 8.13, 7.87, 8.77, 9.744, 10.24, 11.08, 11.46, 10.06, 8.617, 8.34, 7.54, 7.03, 7.06, 7.056, 7.039, 7.069, 7.143, 7.329, 7.953, 7.899, 7.869, 7.34, 7.214, 7.55, 7.55, 7.36, 6.5, 5.48], [10.487, 10.37, 9.977, 9.11, 8.14, 8.38, 8.98, 8.24, 6.6, 3.26, 1.95, 2.01, 2.2, 2.34, 2.34, 2.39, 2.56, 2.31, 2.24, 1.77, 1.34, 1.51, 1.75, 2.2, 2.32, 2.78, 2.03, 0.81, 1.02, 0, 1.2, 1.8, 4.86, 5.72, 5.97, 5.53, 5.58, 5.55, 5.52, 4.48, 3.96, 3.91, 3.24, 3.8, 4.59, 4.54, 4.52, 4.85, 5.34, 5.57, 6.96, 7.63, 7.6, 7.16, 7.38, 7.34, 7.704, 8.257, 8.21, 7.91, 8.81, 9.827, 10.32, 11.18, 11.56, 10.14, 8.66, 8.403, 7.583, 6.97, 7.112, 7.053, 7.016, 7.04, 7.2, 7.36, 8.007, 7.865, 7.897, 7.38, 7.283, 7.57, 7.502, 7.252, 6.6, 5.58], [11.372, 11.369, 10.979, 10.049, 8.88, 9.12, 9.8, 9.06, 7.36, 4.16, 2.79, 2.77, 2.78, 3.02, 3.06, 3.25, 3.42, 3.13, 3.2, 2.71, 1.98, 2.13, 2.49, 2.98, 3.18, 3.6, 2.89, 1.39, 1.46, 1.2, 0, 2.1, 5.72, 6.58, 6.79, 6.43, 6.34, 6.29, 6.22, 5.08, 4.88, 4.85, 4.1, 4.8, 5.67, 5.64, 5.62, 5.93, 6.42, 6.67, 7.94, 8.589, 8.6, 8.16, 8.385, 8.365, 8.789, 9.299, 9.249, 9.009, 9.909, 10.869, 11.262, 12.04, 12.44, 11.079, 9.69, 9.388, 8.568, 7.895, 8.017, 8.038, 8.001, 8.113, 8.151, 8.339, 8.924, 8.784, 8.831, 8.271, 8.225, 8.535, 8.324, 8.005, 7.36, 6.36], [9.79, 9.55, 9.24, 8.41, 7.76, 7.42, 7.96, 7.24, 5.64, 2.54, 1.81, 1.73, 1.46, 1.46, 1.5, 1.95, 2.22, 2.19, 2.08, 1.39, 2.04, 1.91, 1.65, 1.6, 1.58, 1.8, 1.69, 1.89, 2.04, 1.8, 2.1, 0, 3.88, 4.74, 4.95, 4.63, 4.5, 4.55, 4.5, 3.64, 3.86, 4.11, 3.18, 3.28, 3.95, 3.86, 3.92, 4.47, 4.74, 4.85, 6.08, 6.723, 6.76, 6.3, 6.513, 6.533, 6.963, 7.473, 7.423, 7.183, 8.083, 9.043, 9.436, 10.24, 10.64, 9.22, 7.859, 7.502, 6.8, 6.33, 6.28, 6.43, 6.63, 6.74, 6.6, 6.628, 7.098, 6.983, 7.098, 6.78, 6.84, 6.97, 6.93, 6.7, 6.18, 5.02], [6.95, 6.75, 6.56, 6.17, 6.04, 4.96, 4.88, 4.5, 3.0, 2.36, 3.41, 3.39, 3.36, 2.98, 3.06, 2.81, 2.6, 2.87, 2.84, 3.41, 4.26, 4.07, 3.51, 3.0, 2.8, 2.58, 3.29, 4.83, 4.84, 4.86, 5.72, 3.88, 0, 0.96, 1.53, 1.85, 1.88, 1.73, 1.88, 2.04, 2.34, 2.75, 2.84, 2.16, 1.63, 1.5, 1.62, 1.93, 2.12, 1.81, 2.44, 3.09, 3.0, 2.72, 3.02, 2.92, 3.19, 3.74, 3.67, 3.61, 4.25, 5.25, 5.86, 6.62, 7.02, 5.72, 4.3, 4.6, 4.44, 4.63, 4.46, 4.67, 4.99, 4.88, 4.72, 4.78, 4.53, 4.93, 4.88, 4.84, 4.6, 4.81, 5.27, 5.3, 4.5, 3.44], [6.51, 6.41, 6.26, 5.95, 5.86, 4.86, 4.42, 4.12, 2.66, 3.02, 4.19, 4.17, 4.18, 3.82, 3.92, 3.63, 3.42, 3.65, 3.7, 4.21, 5.02, 4.81, 4.29, 3.84, 3.64, 3.4, 4.15, 5.71, 5.7, 5.72, 6.58, 4.74, 0.96, 0, 1.09, 1.71, 1.58, 1.49, 1.8, 2.14, 2.5, 2.93, 3.12, 2.48, 1.91, 1.92, 1.92, 2.05, 2.12, 1.65, 1.66, 2.53, 2.28, 2.22, 2.46, 2.3, 2.51, 3.02, 3.01, 3.17, 3.57, 4.57, 5.22, 5.82, 6.24, 5.18, 3.98, 4.38, 4.34, 4.57, 4.54, 4.67, 5.05, 5.04, 4.84, 4.78, 4.53, 4.87, 4.8, 4.78, 4.52, 4.77, 5.25, 5.34, 4.72, 3.56], [6.48, 6.42, 6.21, 6.04, 5.95, 4.99, 4.15, 3.83, 2.67, 3.43, 4.48, 4.48, 4.47, 4.09, 4.17, 3.88, 3.67, 3.9, 3.93, 4.44, 5.19, 5.02, 4.48, 4.07, 3.95, 3.67, 4.42, 5.96, 5.95, 5.97, 6.79, 4.95, 1.53, 1.09, 0, 1.0, 1.01, 0.96, 1.29, 1.95, 2.31, 2.56, 3.03, 2.39, 2.12, 2.21, 2.05, 1.96, 1.91, 1.4, 1.75, 2.68, 2.63, 2.19, 2.37, 2.35, 2.56, 2.95, 2.94, 2.92, 3.46, 4.3, 5.03, 5.65, 6.03, 4.81, 4.33, 4.57, 4.75, 4.96, 5.03, 5.22, 5.52, 5.53, 5.37, 5.37, 5.0, 5.28, 5.19, 5.17, 4.99, 5.16, 5.68, 5.79, 5.27, 4.13], [6.6, 6.42, 6.23, 6.06, 6.05, 5.11, 4.23, 3.79, 2.81, 3.39, 4.28, 4.42, 4.25, 3.79, 3.93, 3.64, 3.45, 3.56, 3.53, 4.04, 5.01, 4.94, 4.34, 3.83, 3.73, 3.53, 4.2, 5.6, 5.65, 5.53, 6.43, 4.63, 1.85, 1.71, 1.0, 0, 0.65, 0.86, 0.91, 1.61, 2.03, 2.32, 2.85, 2.29, 2.24, 2.43, 2.15, 2.18, 2.07, 1.46, 2.41, 3.08, 3.17, 2.77, 2.87, 2.89, 3.0, 3.31, 3.24, 3.12, 3.72, 4.58, 5.11, 5.97, 6.35, 4.97, 4.53, 4.91, 4.99, 5.26, 5.23, 5.44, 5.78, 5.67, 5.61, 5.63, 5.3, 5.42, 5.41, 5.43, 5.31, 5.38, 5.88, 5.97, 5.57, 4.39], [6.51, 6.35, 6.14, 5.99, 5.86, 4.9, 4.28, 3.88, 2.58, 3.3, 4.15, 4.27, 4.16, 3.72, 3.86, 3.59, 3.36, 3.55, 3.5, 4.01, 4.9, 4.81, 4.17, 3.78, 3.68, 3.44, 4.17, 5.65, 5.68, 5.58, 6.34, 4.5, 1.88, 1.58, 1.01, 0.65, 0, 0.61, 0.78, 1.36, 1.92, 2.17, 2.66, 2.2, 2.13, 2.32, 2.06, 2.09, 1.94, 1.47, 2.16, 2.97, 2.98, 2.56, 2.76, 2.72, 2.95, 3.32, 3.25, 3.17, 3.85, 4.83, 5.4, 6.22, 6.6, 5.1, 4.46, 4.62, 4.68, 4.99, 5.02, 5.19, 5.49, 5.6, 5.44, 5.34, 5.09, 5.21, 5.14, 5.14, 5.02, 5.15, 5.67, 5.76, 5.3, 4.16], [6.58, 6.4, 6.21, 6.0, 5.85, 5.05, 4.41, 3.93, 2.65, 3.29, 4.22, 4.24, 4.17, 3.77, 3.91, 3.6, 3.33, 3.5, 3.47, 4.06, 4.95, 4.84, 4.24, 3.79, 3.79, 3.57, 4.2, 5.66, 5.69, 5.55, 6.29, 4.55, 1.73, 1.49, 0.96, 0.86, 0.61, 0, 0.59, 1.39, 2.03, 2.34, 2.69, 2.19, 2.08, 2.27, 1.95, 2.08, 1.97, 1.56, 2.19, 2.96, 3.03, 2.69, 2.89, 2.81, 3.02, 3.37, 3.2, 3.14, 3.88, 4.76, 5.37, 6.15, 6.53, 5.15, 4.47, 4.75, 4.81, 5.0, 5.01, 5.22, 5.56, 5.55, 5.43, 5.35, 5.16, 5.22, 5.21, 5.19, 5.03, 5.14, 5.68, 5.79, 5.35, 4.15], [6.55, 6.35, 6.18, 5.89, 5.78, 4.94, 4.42, 3.9, 2.7, 3.32, 4.31, 4.33, 4.18, 3.68, 3.82, 3.57, 3.28, 3.43, 3.44, 4.05, 5.04, 4.97, 4.31, 3.72, 3.74, 3.54, 4.13, 5.63, 5.66, 5.52, 6.22, 4.5, 1.88, 1.8, 1.29, 0.91, 0.78, 0.59, 0, 1.4, 2.14, 2.29, 2.76, 2.28, 2.25, 2.44, 2.16, 2.23, 2.02, 1.67, 2.26, 3.11, 3.08, 2.78, 3.04, 2.9, 3.15, 3.54, 3.31, 3.31, 3.97, 4.89, 5.32, 6.2, 6.58, 5.24, 4.54, 4.92, 4.9, 5.17, 5.08, 5.41, 5.71, 5.76, 5.58, 5.58, 5.35, 5.23, 5.28, 5.3, 5.22, 5.23, 5.67, 5.78, 5.6, 4.36], [7.03, 6.81, 6.66, 6.27, 6.1, 5.26, 5.14, 4.58, 3.1, 2.76, 3.57, 3.67, 3.38, 2.84, 2.88, 2.71, 2.58, 2.67, 2.54, 2.99, 4.0, 3.99, 3.29, 2.88, 2.9, 2.78, 3.35, 4.61, 4.7, 4.48, 5.08, 3.64, 2.04, 2.14, 1.95, 1.61, 1.36, 1.39, 1.4, 0, 1.44, 1.97, 1.92, 1.6, 1.85, 1.96, 1.82, 1.99, 2.24, 1.89, 3.14, 3.89, 3.84, 3.46, 3.66, 3.62, 3.99, 4.5, 4.43, 4.21, 5.086, 6.07, 6.58, 7.42, 7.8, 6.3, 5.12, 5.22, 5.04, 4.97, 5.08, 5.23, 5.63, 5.6, 5.52, 5.44, 5.29, 5.33, 5.28, 5.3, 5.1, 5.17, 5.61, 5.78, 5.4, 4.1], [7.29, 7.37, 6.96, 6.47, 5.74, 5.4, 5.6, 5.04, 3.34, 2.7, 3.01, 3.25, 3.24, 2.9, 3.04, 2.41, 2.24, 2.27, 2.24, 2.77, 3.08, 3.03, 2.71, 2.62, 2.78, 2.8, 2.89, 4.07, 4.12, 3.96, 4.88, 3.86, 2.34, 2.5, 2.31, 2.03, 1.92, 2.03, 2.14, 1.44, 0, 0.99, 1.24, 1.3, 1.79, 2.02, 1.74, 1.73, 1.78, 1.93, 3.34, 4.21, 4.04, 3.5, 3.74, 3.72, 4.15, 4.78, 4.69, 4.31, 5.19, 6.31, 7.1, 7.84, 8.22, 6.76, 5.48, 5.14, 4.86, 4.95, 5.08, 5.23, 5.33, 5.26, 5.36, 5.52, 5.61, 5.61, 5.36, 5.06, 4.76, 5.03, 5.41, 5.54, 5.1, 3.92], [7.16, 7.22, 6.75, 6.26, 5.37, 5.33, 5.57, 4.97, 3.37, 2.83, 3.18, 3.42, 3.41, 3.15, 3.27, 2.58, 2.31, 2.22, 2.47, 3.14, 3.41, 3.36, 3.02, 2.91, 3.11, 3.05, 3.14, 3.88, 3.93, 3.91, 4.85, 4.11, 2.75, 2.93, 2.56, 2.32, 2.17, 2.34, 2.29, 1.97, 0.99, 0, 1.21, 1.43, 2.08, 2.33, 2.01, 1.92, 1.93, 2.16, 3.45, 4.24, 4.01, 3.47, 3.71, 3.65, 4.2, 4.75, 4.64, 4.34, 5.22, 6.3, 7.05, 7.81, 8.19, 6.73, 5.53, 5.07, 4.85, 5.02, 5.11, 5.28, 5.2, 5.43, 5.51, 5.57, 5.8, 5.58, 5.39, 5.05, 4.75, 5.12, 5.42, 5.39, 5.05, 3.95], [7.55, 7.61, 7.2, 6.73, 5.78, 5.62, 6.04, 5.4, 3.74, 2.24, 2.51, 2.65, 2.62, 2.32, 2.32, 1.77, 1.7, 1.47, 1.68, 2.21, 2.78, 2.65, 2.15, 1.96, 2.26, 2.28, 2.23, 3.29, 3.34, 3.24, 4.1, 3.18, 2.84, 3.12, 3.03, 2.85, 2.66, 2.69, 2.76, 1.92, 1.24, 1.21, 0, 0.94, 1.97, 2.22, 2.12, 2.19, 2.52, 2.73, 3.9, 4.79, 4.64, 4.177, 4.372, 4.44, 4.89, 5.44, 5.31, 5.07, 5.97, 6.95, 7.66, 8.46, 8.84, 7.24, 6.04, 5.46, 5.02, 4.85, 4.94, 5.09, 5.09, 5.4, 5.54, 5.36, 5.69, 5.53, 5.34, 4.92, 4.66, 5.07, 5.27, 5.22, 4.94, 3.72], [6.95, 6.95, 6.54, 5.99, 5.72, 4.94, 5.36, 4.72, 3.08, 2.04, 2.81, 2.77, 2.58, 2.16, 2.2, 1.77, 1.78, 1.87, 1.86, 2.27, 3.24, 3.07, 2.53, 2.14, 2.18, 1.96, 2.31, 3.73, 3.76, 3.8, 4.8, 3.28, 2.16, 2.48, 2.39, 2.29, 2.2, 2.19, 2.28, 1.6, 1.3, 1.43, 0.94, 0, 1.25, 1.48, 1.4, 1.55, 1.74, 1.97, 3.24, 4.03, 3.86, 3.414, 3.654, 3.6, 4.07, 4.6, 4.51, 4.23, 5.13, 6.15, 6.84, 7.62, 8.0, 6.54, 5.18, 4.88, 4.56, 4.55, 4.66, 4.87, 5.09, 5.08, 5.06, 5.02, 5.17, 5.05, 4.98, 4.68, 4.52, 4.73, 5.15, 5.22, 4.98, 3.7], [6.52, 6.44, 6.07, 5.74, 5.63, 4.59, 4.73, 4.23, 2.65, 2.03, 3.32, 3.2, 3.21, 2.85, 2.91, 2.58, 2.45, 2.72, 2.57, 3.02, 3.85, 3.78, 3.26, 2.81, 2.79, 2.47, 2.98, 4.46, 4.57, 4.59, 5.67, 3.95, 1.63, 1.91, 2.12, 2.24, 2.13, 2.08, 2.25, 1.85, 1.79, 2.08, 1.97, 1.25, 0, 0.59, 0.83, 0.98, 1.33, 1.64, 2.55, 3.4, 3.13, 2.69, 2.93, 2.85, 3.28, 3.93, 3.82, 3.5, 4.3, 5.42, 6.21, 6.99, 7.37, 5.91, 4.47, 4.35, 3.97, 4.2, 4.17, 4.34, 4.56, 4.51, 4.49, 4.57, 4.42, 4.6, 4.55, 4.37, 4.19, 4.42, 4.88, 4.89, 4.45, 3.17], [6.77, 6.61, 6.32, 5.93, 5.8, 4.76, 4.9, 4.4, 2.94, 1.88, 3.33, 3.27, 3.18, 2.82, 2.86, 2.546, 2.4, 2.666, 2.54, 2.99, 3.88, 3.77, 3.31, 2.78, 2.72, 2.42, 2.99, 4.41, 4.52, 4.54, 5.64, 3.86, 1.5, 1.92, 2.21, 2.43, 2.32, 2.27, 2.44, 1.96, 2.02, 2.33, 2.22, 1.48, 0.59, 0, 0.74, 1.13, 1.48, 1.79, 2.66, 3.55, 3.26, 2.78, 3.037, 2.98, 3.43, 4.08, 3.97, 3.63, 4.45, 5.57, 6.34, 7.12, 7.5, 6.04, 4.52, 4.4, 4.0, 4.23, 4.2, 4.25, 4.55, 4.56, 4.48, 4.44, 4.41, 4.65, 4.56, 4.5, 4.36, 4.47, 4.93, 5.0, 4.4, 3.16], [6.55, 6.45, 6.12, 5.69, 5.56, 4.76, 4.88, 4.3, 2.74, 2.28, 3.37, 3.31, 3.22, 2.88, 2.9, 2.55, 2.42, 2.646, 2.52, 2.97, 3.9, 3.79, 3.33, 2.86, 2.92, 2.58, 3.07, 4.37, 4.5, 4.52, 5.62, 3.92, 1.62, 1.92, 2.05, 2.15, 2.06, 1.95, 2.16, 1.82, 1.74, 2.01, 2.12, 1.4, 0.83, 0.74, 0, 0.85, 1.18, 1.65, 2.66, 3.53, 3.26, 2.82, 3.06, 2.98, 3.41, 4.06, 3.95, 3.59, 4.43, 5.55, 6.34, 7.12, 7.5, 6.04, 4.54, 4.52, 4.1, 4.19, 4.22, 4.33, 4.59, 4.58, 4.56, 4.5, 4.63, 4.65, 4.62, 4.4, 4.26, 4.43, 4.89, 4.9, 4.44, 3.22], [6.16, 6.22, 5.83, 5.46, 5.15, 4.49, 4.61, 4.03, 2.47, 2.67, 3.78, 3.62, 3.63, 3.31, 3.39, 2.84, 2.69, 2.956, 2.91, 3.42, 4.17, 4.08, 3.6, 3.23, 3.35, 3.05, 3.32, 4.72, 4.83, 4.85, 5.93, 4.47, 1.93, 2.05, 1.96, 2.18, 2.09, 2.08, 2.23, 1.99, 1.73, 1.92, 2.19, 1.55, 0.98, 1.13, 0.85, 0, 0.99, 1.62, 2.45, 3.3, 3.05, 2.57, 2.79, 2.73, 3.18, 3.83, 3.72, 3.36, 4.2, 5.32, 6.09, 6.87, 7.25, 5.79, 4.27, 4.37, 3.89, 3.94, 4.09, 4.26, 4.38, 4.37, 4.43, 4.47, 4.48, 4.5, 4.43, 4.13, 4.01, 4.12, 4.5, 4.57, 4.33, 3.05], [5.91, 5.87, 5.46, 5.05, 4.86, 3.96, 4.16, 3.56, 2.1, 2.94, 4.03, 3.99, 3.98, 3.66, 3.78, 3.35, 3.2, 3.449, 3.334, 3.81, 4.52, 4.41, 4.03, 3.6, 3.6, 3.3, 3.81, 5.25, 5.32, 5.34, 6.42, 4.74, 2.12, 2.12, 1.91, 2.07, 1.94, 1.97, 2.02, 2.24, 1.78, 1.93, 2.52, 1.74, 1.33, 1.48, 1.18, 0.99, 0, 1.55, 2.06, 2.77, 2.56, 2.06, 2.22, 2.18, 2.67, 3.32, 3.23, 2.85, 3.69, 4.83, 5.62, 6.38, 6.76, 5.3, 3.92, 3.74, 3.5, 3.97, 4.1, 4.23, 4.43, 4.5, 4.38, 4.54, 4.45, 4.35, 4.12, 4.04, 3.96, 4.09, 4.51, 4.68, 4.38, 3.3], [6.58, 6.4, 6.21, 6.0, 5.89, 4.93, 4.47, 4.13, 2.71, 3.11, 4.26, 4.32, 4.27, 3.87, 3.89, 3.62, 3.49, 3.74, 3.57, 4.08, 4.79, 4.62, 4.26, 3.85, 3.63, 3.31, 4.04, 5.44, 5.55, 5.57, 6.67, 4.85, 1.81, 1.65, 1.4, 1.46, 1.47, 1.56, 1.67, 1.89, 1.93, 2.16, 2.73, 1.97, 1.64, 1.79, 1.65, 1.62, 1.55, 0, 1.53, 2.44, 2.35, 1.89, 2.15, 2.05, 2.42, 3.07, 3.14, 2.92, 3.56, 4.66, 5.39, 6.05, 6.39, 5.23, 4.19, 4.35, 4.55, 4.96, 4.99, 5.16, 5.42, 5.45, 5.33, 5.33, 5.0, 5.16, 5.07, 5.11, 4.95, 5.12, 5.64, 5.73, 5.27, 4.13], [5.99, 5.91, 5.76, 5.57, 5.38, 4.34, 3.82, 3.52, 2.4, 4.0, 5.39, 5.37, 5.353, 5.06, 5.08, 4.83, 4.68, 4.95, 4.96, 5.47, 6.18, 5.95, 5.51, 4.999, 4.82, 4.471, 5.17, 6.83, 6.9, 6.96, 7.94, 6.08, 2.44, 1.66, 1.75, 2.41, 2.16, 2.19, 2.26, 3.14, 3.34, 3.45, 3.9, 3.24, 2.55, 2.66, 2.66, 2.45, 2.06, 1.53, 0, 1.71, 1.4, 1.28, 1.54, 1.58, 1.93, 2.36, 2.49, 2.59, 3.03, 4.07, 4.74, 5.2, 5.52, 4.52, 3.7, 3.86, 4.22, 4.69, 4.72, 4.89, 5.17, 5.42, 5.16, 5.04, 4.69, 4.77, 4.68, 4.76, 4.64, 4.77, 5.25, 5.36, 4.96, 3.94], [4.9, 4.68, 4.47, 4.24, 4.07, 3.15, 2.75, 2.37, 1.97, 4.644, 6.14, 6.12, 6.11, 5.735, 5.79, 5.54, 5.35, 5.62, 5.63, 6.22, 7.07, 6.88, 6.28, 5.71, 5.53, 5.19, 5.88, 7.48, 7.55, 7.63, 8.589, 6.723, 3.09, 2.53, 2.68, 3.08, 2.97, 2.96, 3.11, 3.89, 4.21, 4.24, 4.79, 4.03, 3.4, 3.55, 3.53, 3.3, 2.77, 2.44, 1.71, 0, 0.89, 1.05, 1.07, 1.19, 1.12, 1.49, 1.7, 1.52, 2.04, 3.1, 3.61, 4.07, 4.39, 3.45, 2.59, 2.73, 3.09, 3.64, 3.77, 3.96, 4.32, 4.41, 4.07, 4.09, 3.54, 3.76, 3.63, 3.75, 3.63, 3.76, 4.16, 4.37, 4.07, 3.17], [5.21, 5.11, 4.92, 4.63, 4.52, 3.54, 3.2, 2.9, 2.18, 4.654, 6.11, 6.13, 6.105, 5.765, 5.805, 5.492, 5.345, 5.621, 5.597, 6.07, 6.82, 6.67, 6.19, 5.722, 5.548, 5.173, 5.881, 7.45, 7.54, 7.6, 8.6, 6.76, 3.0, 2.28, 2.63, 3.17, 2.98, 3.03, 3.08, 3.84, 4.04, 4.01, 4.64, 3.86, 3.13, 3.26, 3.26, 3.05, 2.56, 2.35, 1.4, 0.89, 0, 0.82, 1.04, 1.04, 1.23, 1.72, 1.89, 1.79, 2.13, 3.35, 4.0, 4.48, 4.8, 3.9, 2.72, 2.86, 3.18, 3.81, 3.96, 4.03, 4.29, 4.54, 4.28, 4.22, 3.81, 3.97, 3.82, 3.92, 3.8, 3.95, 4.39, 4.56, 4.26, 3.26], [5.29, 5.13, 4.88, 4.61, 4.56, 3.6, 3.3, 2.96, 2.08, 4.197, 5.667, 5.661, 5.648, 5.308, 5.348, 5.035, 4.888, 5.164, 5.14, 5.616, 6.34, 6.17, 5.715, 5.265, 5.091, 4.716, 5.423, 7.01, 7.097, 7.16, 8.16, 6.3, 2.72, 2.22, 2.19, 2.77, 2.56, 2.69, 2.78, 3.46, 3.5, 3.47, 4.177, 3.414, 2.69, 2.78, 2.82, 2.57, 2.06, 1.89, 1.28, 1.05, 0.82, 0, 0.64, 0.84, 1.29, 1.76, 2.01, 1.87, 2.39, 3.55, 4.22, 4.7, 5.02, 4.06, 2.9, 2.92, 3.24, 3.83, 3.98, 4.05, 4.33, 4.58, 4.32, 4.26, 3.83, 4.01, 3.86, 3.96, 3.84, 3.99, 4.45, 4.6, 4.3, 3.28], [4.83, 4.63, 4.38, 4.29, 4.24, 3.32, 2.86, 2.5, 1.98, 4.417, 5.847, 5.841, 5.839, 5.508, 5.528, 5.275, 5.128, 5.404, 5.38, 5.856, 6.58, 6.41, 5.975, 5.445, 5.271, 4.936, 5.612, 7.25, 7.337, 7.38, 8.385, 6.513, 3.02, 2.46, 2.37, 2.87, 2.76, 2.89, 3.04, 3.66, 3.74, 3.71, 4.372, 3.654, 2.93, 3.037, 3.06, 2.79, 2.22, 2.15, 1.54, 1.07, 1.04, 0.64, 0, 0.66, 1.03, 1.38, 1.67, 1.51, 2.15, 3.19, 3.88, 4.44, 4.72, 3.64, 2.74, 2.66, 3.08, 3.73, 3.9, 3.97, 4.23, 4.54, 4.28, 4.16, 3.71, 3.91, 3.74, 3.86, 3.74, 3.89, 4.33, 4.5, 4.22, 3.28], [4.85, 4.67, 4.42, 4.21, 4.18, 3.24, 2.84, 2.5, 1.9, 4.437, 5.887, 5.901, 5.888, 5.536, 5.573, 5.272, 5.122, 5.404, 5.34, 5.816, 6.56, 6.41, 5.952, 5.493, 5.331, 4.996, 5.663, 7.19, 7.277, 7.34, 8.365, 6.533, 2.92, 2.3, 2.35, 2.89, 2.72, 2.81, 2.9, 3.62, 3.72, 3.65, 4.44, 3.6, 2.85, 2.98, 2.98, 2.73, 2.18, 2.05, 1.58, 1.19, 1.04, 0.84, 0.66, 0, 0.79, 1.38, 1.49, 1.35, 1.91, 3.03, 3.72, 4.34, 4.64, 3.58, 2.44, 2.54, 2.88, 3.69, 3.84, 3.91, 4.19, 4.4, 4.14, 4.12, 3.67, 3.87, 3.7, 3.82, 3.7, 3.85, 4.29, 4.46, 4.16, 3.2], [4.48, 4.34, 4.09, 3.94, 3.91, 3.01, 2.41, 2.09, 1.95, 4.846, 6.34, 6.34, 6.315, 5.963, 6.001, 5.719, 5.549, 5.819, 5.704, 6.18, 7.01, 6.92, 6.42, 5.921, 5.741, 5.383, 6.091, 7.554, 7.661, 7.704, 8.789, 6.963, 3.19, 2.51, 2.56, 3.0, 2.95, 3.02, 3.15, 3.99, 4.15, 4.2, 4.89, 4.07, 3.28, 3.43, 3.41, 3.18, 2.67, 2.42, 1.93, 1.12, 1.23, 1.29, 1.03, 0.79, 0, 0.93, 1.08, 1.04, 1.4, 2.54, 3.23, 3.81, 4.13, 3.13, 2.11, 2.39, 2.73, 3.6, 3.81, 3.82, 4.14, 4.21, 3.95, 3.95, 3.48, 3.72, 3.51, 3.69, 3.55, 3.7, 4.14, 4.33, 4.09, 3.25], [3.97, 3.83, 3.66, 3.59, 3.6, 2.7, 1.96, 1.9, 2.34, 5.374, 6.85, 6.85, 6.825, 6.473, 6.511, 6.23, 6.079, 6.35, 6.257, 6.79, 7.64, 7.47, 6.95, 6.431, 6.251, 5.92, 6.601, 8.107, 8.194, 8.257, 9.299, 7.473, 3.74, 3.02, 2.95, 3.31, 3.32, 3.37, 3.54, 4.5, 4.78, 4.75, 5.44, 4.6, 3.93, 4.08, 4.06, 3.83, 3.32, 3.07, 2.36, 1.49, 1.72, 1.76, 1.38, 1.38, 0.93, 0, 0.99, 1.17, 1.31, 1.95, 2.64, 3.1, 3.5, 2.44, 2.12, 2.28, 2.88, 3.81, 4.0, 4.03, 4.37, 4.44, 4.12, 4.14, 3.63, 3.91, 3.68, 3.88, 3.74, 3.89, 4.33, 4.52, 4.28, 3.46], [3.8, 3.68, 3.53, 3.34, 3.39, 2.53, 1.73, 1.65, 2.31, 5.33, 6.8, 6.78, 6.772, 6.421, 6.458, 6.16, 6.01, 6.28, 6.21, 6.72, 7.53, 7.36, 6.84, 6.378, 6.21, 5.89, 6.56, 8.06, 8.13, 8.21, 9.249, 7.423, 3.67, 3.01, 2.94, 3.24, 3.25, 3.2, 3.31, 4.43, 4.69, 4.64, 5.31, 4.51, 3.82, 3.97, 3.95, 3.72, 3.23, 3.14, 2.49, 1.7, 1.89, 2.01, 1.67, 1.49, 1.08, 0.99, 0, 0.84, 1.1, 1.76, 2.49, 3.17, 3.55, 2.37, 1.81, 2.33, 2.71, 3.56, 3.79, 3.78, 4.06, 4.15, 3.83, 3.83, 3.4, 3.6, 3.37, 3.57, 3.45, 3.6, 4.06, 4.23, 4.05, 3.39], [3.84, 3.68, 3.45, 3.34, 3.35, 2.51, 1.75, 1.41, 1.97, 5.13, 6.54, 6.56, 6.532, 6.181, 6.218, 5.916, 5.766, 6.036, 5.91, 6.4, 7.17, 7.04, 6.6, 6.138, 6.03, 5.71, 6.32, 7.76, 7.87, 7.91, 9.009, 7.183, 3.61, 3.17, 2.92, 3.12, 3.17, 3.14, 3.31, 4.21, 4.31, 4.34, 5.07, 4.23, 3.5, 3.63, 3.59, 3.36, 2.85, 2.92, 2.59, 1.52, 1.79, 1.87, 1.51, 1.35, 1.04, 1.17, 0.84, 0, 1.12, 2.02, 2.83, 3.55, 3.93, 2.55, 1.79, 2.13, 2.41, 3.18, 3.41, 3.38, 3.66, 3.77, 3.51, 3.53, 3.12, 3.26, 3.07, 3.23, 3.11, 3.26, 3.68, 3.89, 3.65, 2.93], [3.64, 3.52, 3.31, 3.18, 3.15, 2.39, 1.55, 1.61, 2.79, 5.97, 7.42, 7.44, 7.432, 7.081, 7.118, 6.816, 6.666, 6.936, 6.81, 7.26, 8.03, 7.96, 7.5, 7.037, 6.87, 6.53, 7.204, 8.66, 8.77, 8.81, 9.909, 8.083, 4.25, 3.57, 3.46, 3.72, 3.85, 3.88, 3.97, 5.086, 5.19, 5.22, 5.97, 5.13, 4.3, 4.45, 4.43, 4.2, 3.69, 3.56, 3.03, 2.04, 2.13, 2.39, 2.15, 1.91, 1.4, 1.31, 1.1, 1.12, 0, 1.38, 2.11, 2.75, 3.17, 1.99, 1.43, 1.87, 2.31, 3.3, 3.51, 3.4, 3.6, 3.69, 3.49, 3.41, 2.94, 3.2, 2.97, 3.17, 3.03, 3.2, 3.68, 3.83, 3.61, 3.65], [2.9, 2.82, 2.75, 2.74, 2.95, 2.45, 1.47, 2.21, 3.75, 6.95, 8.46, 8.42, 8.395, 8.043, 8.081, 7.8, 7.65, 7.92, 7.827, 8.34, 9.15, 9.0, 8.48, 8.001, 7.85, 7.53, 8.191, 9.677, 9.744, 9.827, 10.869, 9.043, 5.25, 4.57, 4.3, 4.58, 4.83, 4.76, 4.89, 6.07, 6.31, 6.3, 6.95, 6.15, 5.42, 5.57, 5.55, 5.32, 4.83, 4.66, 4.07, 3.1, 3.35, 3.55, 3.19, 3.03, 2.54, 1.95, 1.76, 2.02, 1.38, 0, 0.99, 1.57, 1.97, 1.03, 1.77, 2.15, 2.67, 3.68, 3.81, 3.74, 3.82, 3.85, 3.65, 3.53, 3.12, 3.32, 3.03, 3.37, 3.33, 3.36, 3.92, 4.07, 4.09, 4.603], [2.67, 2.65, 2.62, 2.55, 2.78, 2.64, 1.92, 2.58, 4.24, 7.42, 9.07, 9.01, 8.88, 8.48, 8.52, 8.31, 8.14, 8.39, 8.34, 8.95, 9.94, 9.75, 9.15, 8.48, 8.3, 7.96, 8.63, 10.15, 10.24, 10.32, 11.262, 9.436, 5.86, 5.22, 5.03, 5.11, 5.4, 5.37, 5.32, 6.58, 7.1, 7.05, 7.66, 6.84, 6.21, 6.34, 6.34, 6.09, 5.62, 5.39, 4.74, 3.61, 4.0, 4.22, 3.88, 3.72, 3.23, 2.64, 2.49, 2.83, 2.11, 0.99, 0, 1.02, 1.38, 1.14, 2.16, 2.6, 3.12, 3.87, 3.84, 3.89, 3.97, 3.8, 3.72, 3.68, 3.03, 3.29, 3.1, 3.46, 3.58, 3.51, 3.99, 4.12, 4.34, 5.06], [2.65, 2.73, 2.78, 2.79, 3.36, 3.32, 2.64, 3.34, 4.98, 8.24, 9.83, 9.77, 9.6, 9.237, 9.26, 9.15, 8.96, 9.25, 9.2, 9.81, 10.7, 10.51, 9.91, 9.28, 9.14, 8.76, 9.47, 11.01, 11.08, 11.18, 12.04, 10.24, 6.62, 5.82, 5.65, 5.97, 6.22, 6.15, 6.2, 7.42, 7.84, 7.81, 8.46, 7.62, 6.99, 7.12, 7.12, 6.87, 6.38, 6.05, 5.2, 4.07, 4.48, 4.7, 4.44, 4.34, 3.81, 3.1, 3.17, 3.55, 2.75, 1.57, 1.02, 0, 0.7, 1.36, 2.76, 3.22, 3.88, 4.53, 4.38, 4.49, 4.61, 4.32, 4.22, 4.3, 3.57, 3.83, 3.7, 4.16, 4.2, 4.11, 4.51, 4.66, 4.92, 5.76], [2.59, 2.77, 2.88, 3.03, 3.8, 3.72, 3.02, 3.74, 5.38, 8.62, 10.21, 10.15, 10.0, 9.637, 9.68, 9.51, 9.32, 9.63, 9.58, 10.19, 11.08, 10.89, 10.27, 9.66, 9.52, 9.14, 9.83, 11.39, 11.46, 11.56, 12.44, 10.64, 7.02, 6.24, 6.03, 6.35, 6.6, 6.53, 6.58, 7.8, 8.22, 8.19, 8.84, 8.0, 7.37, 7.5, 7.5, 7.25, 6.76, 6.39, 5.52, 4.39, 4.8, 5.02, 4.72, 4.64, 4.13, 3.5, 3.55, 3.93, 3.17, 1.97, 1.38, 0.7, 0, 1.6, 3.16, 3.56, 4.26, 4.85, 4.68, 4.87, 5.01, 4.74, 4.6, 4.62, 3.85, 4.13, 4.04, 4.5, 4.54, 4.35, 4.77, 4.9, 5.3, 6.2], [2.29, 2.23, 2.24, 2.31, 2.66, 2.34, 1.64, 2.26, 3.84, 7.16, 8.65, 8.57, 8.52, 8.205, 8.24, 8.03, 7.84, 8.13, 8.14, 8.73, 9.62, 9.43, 8.79, 8.16, 7.98, 7.68, 8.33, 9.987, 10.06, 10.14, 11.079, 9.22, 5.72, 5.18, 4.81, 4.97, 5.1, 5.15, 5.24, 6.3, 6.76, 6.73, 7.24, 6.54, 5.91, 6.04, 6.04, 5.79, 5.3, 5.23, 4.52, 3.45, 3.9, 4.06, 3.64, 3.58, 3.13, 2.44, 2.37, 2.55, 1.99, 1.03, 1.14, 1.36, 1.6, 0, 2.0, 2.2, 2.78, 3.45, 3.44, 3.49, 3.71, 3.7, 3.48, 3.28, 2.75, 2.95, 2.78, 3.12, 3.12, 3.01, 3.59, 3.68, 3.92, 4.78], [2.93, 2.75, 2.58, 2.33, 2.46, 2.02, 1.9, 2.18, 3.1, 5.88, 7.448, 7.385, 7.326, 6.899, 6.936, 6.676, 6.525, 6.755, 6.663, 7.144, 8.155, 8.022, 7.445, 6.856, 6.798, 6.498, 7.085, 8.513, 8.617, 8.66, 9.69, 7.859, 4.3, 3.98, 4.33, 4.53, 4.46, 4.47, 4.54, 5.12, 5.48, 5.53, 6.04, 5.18, 4.47, 4.52, 4.54, 4.27, 3.92, 4.19, 3.7, 2.59, 2.72, 2.9, 2.74, 2.44, 2.11, 2.12, 1.81, 1.79, 1.43, 1.77, 2.16, 2.76, 3.16, 2.0, 0, 1.26, 1.52, 2.31, 2.42, 2.31, 2.55, 2.64, 2.36, 2.28, 1.95, 2.03, 1.84, 2.18, 2.24, 2.05, 2.51, 2.7, 3.02, 3.518], [3.09, 2.95, 2.66, 2.31, 2.18, 1.74, 2.02, 2.36, 3.02, 5.5, 6.902, 6.904, 6.882, 6.62, 6.611, 6.338, 6.24, 6.51, 6.423, 6.893, 7.689, 7.519, 7.016, 6.474, 6.314, 5.999, 6.65, 8.253, 8.34, 8.403, 9.388, 7.502, 4.6, 4.38, 4.57, 4.91, 4.62, 4.75, 4.92, 5.22, 5.14, 5.07, 5.46, 4.88, 4.35, 4.4, 4.52, 4.37, 3.74, 4.35, 3.86, 2.73, 2.86, 2.92, 2.66, 2.54, 2.39, 2.28, 2.33, 2.13, 1.87, 2.15, 2.6, 3.22, 3.56, 2.2, 1.26, 0, 1.08, 1.95, 2.06, 2.03, 2.27, 2.5, 2.12, 1.98, 1.59, 1.79, 1.56, 1.8, 1.74, 1.87, 2.23, 2.42, 2.66, 3.148], [3.49, 3.37, 3.02, 2.55, 2.3, 1.76, 2.3, 2.32, 2.9, 4.78, 6.268, 6.205, 6.16, 6.06, 6.04, 5.69, 5.58, 5.81, 5.68, 6.09, 7.015, 6.842, 6.29, 5.76, 5.7, 5.5, 5.925, 7.453, 7.54, 7.583, 8.568, 6.8, 4.44, 4.34, 4.75, 4.99, 4.68, 4.81, 4.9, 5.04, 4.86, 4.85, 5.02, 4.56, 3.97, 4.0, 4.1, 3.89, 3.5, 4.55, 4.22, 3.09, 3.18, 3.24, 3.08, 2.88, 2.73, 2.88, 2.71, 2.41, 2.31, 2.67, 3.12, 3.88, 4.26, 2.78, 1.52, 1.08, 0, 1.35, 1.44, 1.29, 1.61, 1.86, 1.5, 1.52, 1.45, 1.55, 1.16, 1.26, 1.34, 1.45, 1.77, 1.84, 1.9, 2.348], [3.68, 3.56, 3.25, 2.62, 2.33, 2.37, 3.15, 2.97, 2.93, 4.61, 6.0, 5.88, 5.83, 5.61, 5.51, 5.32, 5.17, 5.38, 5.09, 5.66, 6.91, 6.68, 6.06, 5.29, 5.39, 5.35, 5.52, 6.86, 7.03, 6.97, 7.895, 6.33, 4.63, 4.57, 4.96, 5.26, 4.99, 5.0, 5.17, 4.97, 4.95, 5.02, 4.85, 4.55, 4.2, 4.23, 4.19, 3.94, 3.97, 4.96, 4.69, 3.64, 3.81, 3.83, 3.73, 3.69, 3.6, 3.81, 3.56, 3.18, 3.3, 3.68, 3.87, 4.53, 4.85, 3.45, 2.31, 1.95, 1.35, 0, 0.87, 0.8, 1.18, 1.33, 1.21, 1.13, 1.32, 1.26, 1.29, 0.99, 1.03, 1.0, 1.26, 1.33, 1.65, 1.97], [3.71, 3.51, 3.24, 2.73, 2.5, 2.42, 3.26, 3.08, 2.98, 4.46, 6.05, 5.93, 5.8, 5.52, 5.48, 5.31, 5.14, 5.27, 5.28, 5.89, 6.96, 6.75, 6.11, 5.24, 5.34, 5.2, 5.49, 6.956, 7.06, 7.112, 8.017, 6.28, 4.46, 4.54, 5.03, 5.23, 5.02, 5.01, 5.08, 5.08, 5.08, 5.11, 4.94, 4.66, 4.17, 4.2, 4.22, 4.09, 4.1, 4.99, 4.72, 3.77, 3.96, 3.98, 3.9, 3.84, 3.81, 4.0, 3.79, 3.41, 3.51, 3.81, 3.84, 4.38, 4.68, 3.44, 2.42, 2.06, 1.44, 0.87, 0, 0.75, 1.07, 1.3, 1.06, 1.1, 1.27, 1.23, 1.3, 1.14, 1.08, 1.01, 1.15, 1.12, 1.46, 1.9], [3.74, 3.58, 3.25, 2.82, 2.61, 2.47, 3.25, 3.17, 3.23, 4.43, 5.938, 5.86, 5.85, 5.75, 5.69, 5.5, 5.37, 5.52, 5.33, 5.8, 6.81, 6.6, 6.08, 5.25, 5.37, 5.37, 5.5, 6.903, 7.056, 7.053, 8.038, 6.43, 4.67, 4.67, 5.22, 5.44, 5.19, 5.22, 5.41, 5.23, 5.23, 5.28, 5.09, 4.87, 4.34, 4.25, 4.33, 4.26, 4.23, 5.16, 4.89, 3.96, 4.03, 4.05, 3.97, 3.91, 3.82, 4.03, 3.78, 3.38, 3.4, 3.74, 3.89, 4.49, 4.87, 3.49, 2.31, 2.03, 1.29, 0.8, 0.75, 0, 0.76, 1.13, 0.95, 0.91, 1.26, 1.3, 1.21, 1.09, 1.01, 1.02, 1.26, 1.11, 1.39, 1.99], [3.78, 3.62, 3.29, 2.82, 2.47, 2.79, 3.51, 3.55, 3.61, 4.75, 5.995, 5.94, 6.13, 5.99, 5.97, 5.6, 5.45, 5.54, 5.39, 5.96, 6.77, 6.6, 6.16, 5.47, 5.65, 5.67, 5.68, 6.889, 7.039, 7.016, 8.001, 6.63, 4.99, 5.05, 5.52, 5.78, 5.49, 5.56, 5.71, 5.63, 5.33, 5.2, 5.09, 5.09, 4.56, 4.55, 4.59, 4.38, 4.43, 5.42, 5.17, 4.32, 4.29, 4.33, 4.23, 4.19, 4.14, 4.37, 4.06, 3.66, 3.6, 3.82, 3.97, 4.61, 5.01, 3.71, 2.55, 2.27, 1.61, 1.18, 1.07, 0.76, 0, 0.97, 1.09, 1.05, 1.54, 1.42, 1.25, 1.13, 1.09, 1.22, 1.46, 1.21, 1.37, 2.13], [3.65, 3.57, 3.2, 2.59, 2.56, 2.84, 3.68, 3.68, 3.66, 4.8, 6.12, 6.014, 6.039, 5.88, 5.9, 5.59, 5.28, 5.53, 5.26, 5.92, 6.801, 6.654, 6.25, 5.52, 5.68, 5.64, 5.65, 6.879, 7.069, 7.04, 8.113, 6.74, 4.88, 5.04, 5.53, 5.67, 5.6, 5.55, 5.76, 5.6, 5.26, 5.43, 5.4, 5.08, 4.51, 4.56, 4.58, 4.37, 4.5, 5.45, 5.42, 4.41, 4.54, 4.58, 4.54, 4.4, 4.21, 4.44, 4.15, 3.77, 3.69, 3.85, 3.8, 4.32, 4.74, 3.7, 2.64, 2.5, 1.86, 1.33, 1.3, 1.13, 0.97, 0, 0.82, 1.1, 1.31, 1.33, 1.42, 1.26, 1.3, 1.25, 1.65, 1.6, 1.56, 2.16], [3.75, 3.65, 3.32, 2.71, 2.68, 2.54, 3.3, 3.34, 3.36, 4.64, 6.08, 5.957, 5.919, 5.82, 5.84, 5.59, 5.44, 5.71, 5.44, 5.974, 6.881, 6.688, 6.19, 5.52, 5.48, 5.46, 5.67, 7.039, 7.143, 7.2, 8.151, 6.6, 4.72, 4.84, 5.37, 5.61, 5.44, 5.43, 5.58, 5.52, 5.36, 5.51, 5.54, 5.06, 4.49, 4.48, 4.56, 4.43, 4.38, 5.33, 5.16, 4.07, 4.28, 4.32, 4.28, 4.14, 3.95, 4.12, 3.83, 3.51, 3.49, 3.65, 3.72, 4.22, 4.6, 3.48, 2.36, 2.12, 1.5, 1.21, 1.06, 0.95, 1.09, 0.82, 0, 0.94, 1.17, 1.31, 1.3, 1.22, 1.2, 1.17, 1.37, 1.44, 1.48, 2.2], [3.53, 3.37, 3.06, 2.67, 2.58, 2.64, 3.3, 3.34, 3.54, 4.86, 6.277, 6.174, 6.084, 5.92, 5.816, 5.59, 5.5, 5.71, 5.54, 6.0, 7.144, 6.934, 6.334, 5.64, 5.624, 5.5, 5.814, 7.239, 7.329, 7.36, 8.339, 6.628, 4.78, 4.78, 5.37, 5.63, 5.34, 5.35, 5.58, 5.44, 5.52, 5.57, 5.36, 5.02, 4.57, 4.44, 4.5, 4.47, 4.54, 5.33, 5.04, 4.09, 4.22, 4.26, 4.16, 4.12, 3.95, 4.14, 3.83, 3.53, 3.41, 3.53, 3.68, 4.3, 4.62, 3.28, 2.28, 1.98, 1.52, 1.13, 1.1, 0.91, 1.05, 1.1, 0.94, 0, 1.15, 1.01, 1.1, 0.94, 1.1, 1.01, 1.39, 1.34, 1.64, 2.38], [3.18, 3.02, 2.81, 2.36, 2.51, 2.33, 2.81, 3.05, 3.31, 5.123, 6.681, 6.541, 6.442, 6.19, 6.133, 6.0, 5.87, 6.18, 6.05, 6.618, 7.631, 7.438, 6.758, 6.064, 5.943, 5.71, 6.238, 7.854, 7.953, 8.007, 8.924, 7.098, 4.53, 4.53, 5.0, 5.3, 5.09, 5.16, 5.35, 5.29, 5.61, 5.8, 5.69, 5.17, 4.42, 4.41, 4.63, 4.48, 4.45, 5.0, 4.69, 3.54, 3.81, 3.83, 3.71, 3.67, 3.48, 3.63, 3.4, 3.12, 2.94, 3.12, 3.03, 3.57, 3.85, 2.75, 1.95, 1.59, 1.45, 1.32, 1.27, 1.26, 1.54, 1.31, 1.17, 1.15, 0, 0.9, 0.97, 1.13, 1.25, 1.26, 1.62, 1.65, 1.83, 2.696], [3.08, 2.88, 2.63, 2.12, 2.31, 2.41, 2.97, 3.05, 3.21, 5.363, 6.89, 6.687, 6.557, 6.206, 6.086, 5.98, 5.85, 6.08, 5.993, 6.503, 7.772, 7.564, 6.882, 6.034, 6.123, 5.903, 6.344, 7.743, 7.899, 7.865, 8.784, 6.983, 4.93, 4.87, 5.28, 5.42, 5.21, 5.22, 5.23, 5.33, 5.61, 5.58, 5.53, 5.05, 4.6, 4.65