[[0, 0.85, 1.43, 1.76, 1.68, 1.65, 1.58, 1.77, 1.72, 2.55, 3.951, 5.491, 5.474, 5.308, 5.232, 5.515, 5.352, 6.121, 6.411, 5.611, 5.764, 5.554, 4.851, 4.431, 4.077, 4.167, 3.97, 3.701, 3.991, 3.51, 2.97, 2.11, 2.57, 2.34, 1.89, 2.02, 2.11, 2.27, 2.87, 3.32, 3.48, 4.02, 4.4, 5.18, 5.19, 4.84, 3.75, 2.35, 2.24, 2.32, 2.14, 2.07, 1.92, 1.65, 2.11, 2.53, 2.34, 2.2, 2.7, 3.02, 2.94, 2.72, 3.84, 5.69, 7.2, 6.94, 6.75, 7.48, 7.24, 6.68, 6.91, 7.29, 6.41, 5.75, 6.27, 4.85, 3.64, 4.15, 5.04, 5.14, 5.75, 9.122, 12.707, 14.587, 14.488, 14.803], [0.85, 0, 0.96, 1.17, 1.11, 1.16, 1.67, 2.16, 1.91, 2.26, 3.21, 4.721, 4.71, 4.538, 4.5, 4.779, 4.6, 5.38, 5.641, 4.85, 4.994, 4.784, 4.13, 3.661, 3.307, 3.44, 3.3, 2.931, 3.23, 2.86, 2.46, 2.02, 2.96, 2.63, 1.54, 1.61, 1.8, 1.92, 2.36, 2.79, 2.95, 3.49, 3.85, 4.57, 4.58, 4.23, 3.18, 2.06, 1.97, 1.93, 1.81, 1.8, 1.79, 1.48, 1.88, 2.2, 2.15, 2.13, 2.75, 3.17, 3.17, 2.99, 4.15, 6.34, 7.93, 7.61, 7.42, 8.21, 7.95, 7.23, 7.48, 7.94, 7.08, 6.22, 6.7, 5.2, 3.79, 4.2, 5.07, 5.37, 6.28, 9.875, 13.448, 15.326, 15.221, 15.547], [1.43, 0.96, 0, 0.71, 1.27, 1.46, 2.07, 2.54, 2.17, 1.94, 2.75, 4.184, 4.207, 4.05, 3.98, 4.28, 4.14, 4.88, 5.124, 4.304, 4.457, 4.31, 3.61, 3.144, 2.77, 2.9, 2.74, 2.48, 2.75, 2.3, 1.96, 2.12, 3.48, 3.09, 2.04, 1.93, 2.14, 2.32, 2.7, 2.91, 2.85, 3.27, 3.59, 4.21, 4.24, 4.05, 3.1, 1.92, 1.87, 1.95, 1.77, 1.66, 1.67, 1.54, 1.82, 1.76, 1.63, 1.85, 2.81, 3.25, 3.33, 3.09, 4.59, 6.84, 8.53, 8.17, 8.0, 8.79, 8.49, 7.77, 7.98, 8.48, 7.64, 6.56, 6.76, 5.1, 3.27, 3.7, 4.59, 4.95, 6.68, 10.446, 13.991, 15.852, 15.772, 16.087], [1.76, 1.17, 0.71, 0, 1.06, 1.27, 2.04, 2.75, 2.28, 1.85, 2.46, 3.86, 3.82, 3.7, 3.67, 3.99, 3.83, 4.55, 4.76, 4.04, 4.07, 3.98, 3.3, 2.82, 2.391, 2.55, 2.49, 2.15, 2.42, 2.15, 1.87, 2.17, 3.57, 3.12, 1.93, 1.7, 1.97, 2.01, 2.39, 2.6, 2.54, 2.86, 3.18, 3.74, 3.81, 3.58, 2.69, 1.85, 1.72, 1.84, 1.78, 1.63, 1.68, 1.67, 1.83, 1.79, 1.84, 1.96, 2.8, 3.34, 3.44, 3.26, 4.62, 7.09, 8.8, 8.46, 8.27, 9.04, 8.74, 8.02, 8.21, 8.73, 7.87, 6.79, 7.01, 5.37, 3.54, 3.93, 4.84, 5.12, 6.93, 10.722, 14.273, 16.133, 16.062, 16.368], [1.68, 1.11, 1.27, 1.06, 0, 0.93, 1.7, 2.53, 2.02, 1.95, 2.48, 3.9, 3.834, 3.685, 3.69, 3.909, 3.732, 4.521, 4.771, 4.14, 4.13, 3.98, 3.3, 2.84, 2.56, 2.69, 2.63, 2.25, 2.5, 2.43, 1.93, 1.83, 3.01, 2.62, 1.25, 1.24, 1.27, 1.37, 1.71, 2.1, 2.2, 2.68, 3.02, 3.66, 3.67, 3.38, 2.43, 1.87, 1.92, 1.98, 1.84, 1.89, 1.86, 1.65, 1.79, 2.19, 2.4, 2.58, 2.86, 3.4, 3.64, 3.46, 4.28, 6.85, 8.78, 8.42, 8.27, 9.06, 8.76, 8.04, 8.23, 8.71, 7.89, 6.95, 7.41, 5.91, 4.26, 4.71, 5.56, 5.96, 6.97, 10.727, 14.272, 16.105, 16.013, 16.338], [1.65, 1.16, 1.46, 1.27, 0.93, 0, 1.19, 2.06, 1.67, 1.72, 2.39, 3.95, 3.93, 3.77, 3.72, 3.96, 3.799, 4.58, 4.89, 4.15, 4.26, 4.09, 3.41, 2.89, 2.73, 2.7, 2.58, 2.38, 2.57, 2.32, 1.94, 1.54, 2.7, 2.29, 1.42, 1.57, 1.6, 1.56, 1.82, 2.05, 2.19, 2.79, 3.39, 3.95, 4.08, 3.47, 2.7, 2.08, 2.15, 2.25, 2.19, 2.08, 1.95, 1.94, 2.1, 2.54, 2.75, 2.87, 2.99, 3.55, 3.61, 3.37, 4.03, 6.76, 8.75, 8.39, 8.24, 9.03, 8.75, 8.01, 8.24, 8.72, 7.86, 7.08, 7.6, 5.98, 4.47, 4.92, 5.79, 6.15, 7.1, 10.706, 14.233, 16.037, 15.977, 16.255], [1.58, 1.67, 2.07, 2.04, 1.7, 1.19, 0, 1.27, 1.06, 1.59, 3.04, 4.34, 4.4, 4.2, 4.07, 4.31, 4.21, 4.97, 5.32, 4.62, 4.69, 4.5, 3.82, 3.5, 3.38, 3.25, 2.91, 3.03, 3.1, 2.83, 2.25, 1.47, 2.21, 1.84, 1.87, 2.18, 2.07, 2.29, 2.47, 2.66, 2.92, 3.66, 4.24, 4.78, 4.73, 4.34, 3.55, 2.51, 2.62, 2.76, 2.58, 2.55, 2.44, 2.33, 2.69, 3.11, 3.2, 3.0, 3.12, 3.68, 3.62, 3.34, 3.94, 6.541, 8.524, 8.16, 8.021, 8.811, 8.5, 7.78, 8.03, 8.49, 7.67, 6.99, 7.51, 5.95, 4.52, 5.05, 6.02, 6.14, 6.97, 10.469, 13.923, 15.718, 15.644, 15.934], [1.77, 2.16, 2.54, 2.75, 2.53, 2.06, 1.27, 0, 0.91, 2.22, 3.83, 5.19, 5.21, 5.05, 4.86, 5.08, 5.0, 5.78, 6.17, 5.49, 5.54, 5.35, 4.73, 4.39, 4.25, 4.12, 3.8, 3.94, 4.03, 3.54, 2.96, 1.74, 1.9, 2.01, 2.44, 2.97, 2.86, 3.08, 3.34, 3.53, 3.87, 4.61, 5.15, 5.71, 5.62, 5.29, 4.38, 3.14, 3.07, 3.27, 3.27, 3.16, 2.67, 2.76, 3.1, 3.24, 3.07, 2.93, 2.87, 3.33, 3.23, 2.89, 3.59, 5.8, 7.763, 7.39, 7.268, 8.058, 7.75, 7.09, 7.34, 7.78, 6.98, 6.28, 6.82, 5.3, 4.09, 4.62, 5.61, 5.71, 6.26, 9.724, 13.171, 14.942, 14.879, 15.177], [1.72, 1.91, 2.17, 2.28, 2.02, 1.67, 1.06, 0.91, 0, 1.63, 3.2, 4.6, 4.6, 4.4, 4.21, 4.53, 4.41, 5.19, 5.5, 4.86, 4.93, 4.72, 4.04, 3.7, 3.6, 3.45, 3.15, 3.27, 3.38, 2.89, 2.27, 1.47, 2.05, 2.0, 2.21, 2.64, 2.53, 2.81, 2.97, 3.16, 3.36, 4.04, 4.52, 5.08, 5.03, 4.66, 3.89, 2.91, 2.96, 3.14, 2.92, 2.89, 2.5, 2.47, 2.71, 2.81, 2.82, 2.64, 2.64, 3.14, 3.18, 2.96, 3.66, 6.283, 8.27, 7.9, 7.761, 8.551, 8.24, 7.52, 7.75, 8.21, 7.41, 6.49, 6.95, 5.39, 3.98, 4.55, 5.52, 5.6, 6.51, 10.214, 13.681, 15.461, 15.39, 15.674], [2.55, 2.26, 1.94, 1.85, 1.95, 1.72, 1.59, 2.22, 1.63, 0, 1.85, 3.23, 3.29, 3.07, 2.94, 3.2, 3.04, 3.84, 4.15, 3.55, 3.54, 3.43, 2.77, 2.41, 2.43, 2.02, 1.84, 1.9, 2.03, 1.72, 1.28, 1.64, 3.18, 2.89, 2.52, 2.89, 2.82, 2.96, 3.06, 2.97, 2.81, 3.29, 3.71, 4.09, 4.14, 4.01, 3.34, 2.48, 2.79, 2.91, 2.87, 2.66, 2.71, 2.76, 2.88, 2.44, 2.43, 2.49, 2.75, 3.41, 3.69, 3.49, 4.49, 7.499, 9.489, 9.11, 8.979, 9.761, 9.45, 8.63, 8.88, 9.32, 8.58, 7.48, 7.62, 5.66, 3.53, 4.02, 4.99, 5.21, 7.6, 11.437, 14.92, 16.704, 16.629, 16.916], [3.951, 3.21, 2.75, 2.46, 2.48, 2.39, 3.04, 3.83, 3.2, 1.85, 0, 1.7, 1.88, 1.84, 1.79, 2.01, 1.93, 2.41, 2.68, 2.28, 2.31, 2.38, 1.84, 1.26, 1.22, 1.09, 1.01, 1.05, 0.96, 1.13, 1.41, 2.83, 4.53, 3.96, 2.93, 3.12, 3.29, 3.19, 2.99, 2.88, 2.58, 2.5, 2.7, 3.02, 3.15, 3.12, 2.61, 2.85, 3.12, 3.02, 3.0, 3.03, 3.2, 3.15, 2.99, 2.69, 2.98, 3.58, 4.02, 4.76, 5.205, 5.12, 6.02, 9.07, 11.096, 10.72, 10.606, 11.382, 11.079, 10.24, 10.51, 10.95, 10.209, 9.07, 9.15, 7.15, 4.42, 4.29, 5.06, 5.68, 9.23, 13.061, 16.556, 18.336, 18.268, 18.552], [5.491, 4.721, 4.184, 3.86, 3.9, 3.95, 4.34, 5.19, 4.6, 3.23, 1.7, 0, 1.3, 1.28, 1.27, 1.49, 1.47, 1.39, 1.96, 2.0, 1.93, 1.84, 1.42, 1.48, 1.72, 1.63, 1.65, 1.97, 1.7, 2.09, 2.61, 4.21, 5.85, 4.96, 4.17, 4.225, 4.232, 3.99, 3.57, 3.26, 2.78, 2.36, 2.46, 2.56, 2.73, 2.76, 2.85, 3.55, 4.06, 3.88, 3.94, 4.13, 4.36, 4.43, 3.93, 3.73, 4.359, 4.959, 5.399, 6.179, 6.699, 6.64, 7.6, 10.65, 12.64, 12.26, 12.11, 12.876, 12.56, 11.72, 11.99, 12.43, 11.69, 10.55, 10.55, 8.51, 5.72, 5.67, 5.86, 6.76, 10.71, 14.561, 18.01, 19.79, 19.713, 19.999], [5.474, 4.71, 4.207, 3.82, 3.834, 3.93, 4.4, 5.21, 4.6, 3.29, 1.88, 1.3, 0, 0.76, 0.85, 1.05, 1.01, 1.15, 1.54, 1.6, 1.31, 1.22, 1.26, 1.28, 1.66, 1.61, 1.73, 2.05, 1.68, 2.03, 2.63, 4.21, 5.87, 5.06, 4.13, 4.054, 4.121, 3.93, 3.33, 3.1, 2.8, 2.3, 2.02, 2.1, 1.97, 2.12, 2.23, 3.51, 3.9, 3.68, 3.72, 3.91, 4.18, 4.31, 3.718, 3.518, 4.24, 4.86, 5.32, 6.068, 6.591, 6.62, 7.54, 10.63, 12.58, 12.2, 12.05, 12.76, 12.44, 11.62, 11.87, 12.31, 11.57, 10.49, 10.43, 8.51, 5.8, 5.93, 6.16, 7.04, 10.59, 14.459, 17.928, 19.691, 19.619, 19.937], [5.308, 4.538, 4.05, 3.7, 3.685, 3.77, 4.2, 5.05, 4.4, 3.07, 1.84, 1.28, 0.76, 0, 0.75, 1.15, 1.11, 1.27, 1.34, 1.4, 1.25, 1.06, 0.96, 1.18, 1.6, 1.57, 1.71, 1.99, 1.64, 2.05, 2.45, 4.01, 5.67, 4.9, 4.03, 4.06, 4.052, 3.83, 3.37, 3.16, 2.84, 2.32, 1.94, 2.18, 2.05, 2.2, 2.31, 3.31, 3.84, 3.62, 3.66, 3.85, 4.12, 4.25, 3.669, 3.449, 4.22, 4.8, 5.219, 6.039, 6.519, 6.46, 7.42, 10.47, 12.46, 12.08, 11.93, 12.696, 12.38, 11.54, 11.81, 12.25, 11.51, 10.37, 10.37, 8.39, 5.82, 5.87, 6.04, 7.02, 10.53, 14.378, 17.85, 19.625, 19.556, 19.84], [5.232, 4.5, 3.98, 3.67, 3.69, 3.72, 4.07, 4.86, 4.21, 2.94, 1.79, 1.27, 0.85, 0.75, 0, 0.9, 1.02, 1.28, 1.57, 1.45, 1.44, 1.33, 1.17, 1.17, 1.65, 1.54, 1.64, 1.92, 1.59, 1.94, 2.42, 3.96, 5.62, 4.75, 3.959, 4.05, 4.06, 3.84, 3.48, 3.27, 2.95, 2.41, 2.03, 2.31, 2.22, 2.33, 2.34, 3.38, 3.79, 3.63, 3.61, 3.8, 4.07, 4.2, 3.599, 3.399, 4.13, 4.75, 5.189, 5.99, 6.469, 6.389, 7.37, 10.419, 12.409, 12.03, 11.879, 12.646, 12.33, 11.49, 11.76, 12.2, 11.46, 10.32, 10.34, 8.28, 5.65, 5.74, 5.99, 6.93, 10.48, 14.32, 17.777, 19.537, 19.465, 19.749], [5.515, 4.779, 4.28, 3.99, 3.909, 3.96, 4.31, 5.08, 4.53, 3.2, 2.01, 1.49, 1.05, 1.15, 0.9, 0, 0.8, 1.26, 1.83, 1.95, 1.62, 1.61, 1.47, 1.55, 1.97, 1.84, 1.82, 2.3, 1.93, 2.32, 2.78, 4.24, 5.86, 5.01, 4.28, 4.249, 4.296, 4.1, 3.5, 3.29, 2.99, 2.41, 2.13, 2.35, 2.32, 2.37, 2.32, 3.54, 4.11, 3.89, 3.93, 4.12, 4.39, 4.52, 3.913, 3.713, 4.47, 5.09, 5.53, 6.31, 6.803, 6.69, 7.65, 10.696, 12.686, 12.31, 12.176, 12.961, 12.65, 11.81, 12.08, 12.52, 11.78, 10.64, 10.68, 8.62, 5.99, 6.06, 6.29, 7.31, 10.8, 14.634, 18.073, 19.805, 19.731, 20.02], [5.352, 4.6, 4.14, 3.83, 3.732, 3.799, 4.21, 5.0, 4.41, 3.04, 1.93, 1.47, 1.01, 1.11, 1.02, 0.8, 0, 0.98, 1.79, 2.05, 1.86, 1.51, 1.45, 1.47, 1.91, 1.84, 1.86, 2.26, 1.91, 2.28, 2.72, 4.08, 5.74, 4.87, 4.08, 4.032, 4.136, 3.891, 3.22, 2.95, 2.77, 2.09, 1.69, 1.91, 1.92, 1.81, 2.0, 3.36, 3.93, 3.71, 3.75, 3.94, 4.21, 4.34, 3.733, 3.533, 4.29, 4.93, 5.35, 6.11, 6.623, 6.509, 7.47, 10.519, 12.509, 12.13, 11.999, 12.781, 12.47, 11.63, 11.9, 12.34, 11.6, 10.46, 10.52, 8.5, 6.05, 6.1, 6.43, 7.37, 10.62, 14.454, 17.926, 19.692, 19.632, 19.904], [6.121, 5.38, 4.88, 4.55, 4.521, 4.58, 4.97, 5.78, 5.19, 3.84, 2.41, 1.39, 1.15, 1.27, 1.28, 1.26, 0.98, 0, 1.45, 2.07, 1.84, 1.55, 1.65, 1.93, 2.33, 2.22, 2.3, 2.64, 2.29, 2.76, 3.26, 4.86, 6.48, 5.61, 4.791, 4.778, 4.825, 4.619, 3.939, 3.47, 3.23, 2.55, 1.91, 1.67, 1.74, 1.89, 2.66, 4.1, 4.65, 4.43, 4.47, 4.66, 4.93, 5.06, 4.462, 4.262, 5.01, 5.63, 6.05, 6.83, 7.35, 7.27, 8.25, 11.3, 13.289, 12.91, 12.759, 13.509, 13.19, 12.35, 12.62, 13.06, 12.32, 11.2, 11.22, 9.2, 6.53, 6.54, 6.71, 7.63, 11.34, 15.191, 18.646, 20.408, 20.337, 20.621], [6.411, 5.641, 5.124, 4.76, 4.771, 4.89, 5.32, 6.17, 5.5, 4.15, 2.68, 1.96, 1.54, 1.34, 1.57, 1.83, 1.79, 1.45, 0, 1.22, 1.27, 1.28, 1.72, 2.08, 2.46, 2.41, 2.63, 2.77, 2.48, 3.01, 3.51, 5.15, 6.79, 5.98, 5.05, 5.051, 5.09, 4.85, 4.21, 4.04, 3.76, 3.16, 2.58, 2.52, 2.43, 2.72, 3.01, 4.39, 4.88, 4.66, 4.7, 4.89, 5.16, 5.29, 4.695, 4.495, 5.185, 5.825, 6.265, 7.06, 7.565, 7.56, 8.52, 11.57, 13.54, 13.16, 13.01, 13.74, 13.42, 12.58, 12.85, 13.29, 12.55, 11.45, 11.41, 9.25, 6.46, 6.45, 6.24, 7.4, 11.57, 15.43, 18.902, 20.682, 20.608, 20.909], [5.611, 4.85, 4.304, 4.04, 4.14, 4.15, 4.62, 5.49, 4.86, 3.55, 2.28, 2.0, 1.6, 1.4, 1.45, 1.95, 2.05, 2.07, 1.22, 0, 0.93, 1.08, 1.54, 1.58, 1.98, 2.01, 2.03, 2.15, 1.9, 2.31, 2.81, 4.41, 5.99, 5.34, 4.39, 4.62, 4.59, 4.47, 4.25, 4.2, 3.92, 3.36, 2.84, 2.9, 2.73, 3.1, 3.03, 3.93, 4.3, 4.1, 4.04, 4.21, 4.44, 4.57, 4.006, 3.766, 4.456, 5.096, 5.576, 6.336, 6.836, 6.76, 7.78, 10.77, 12.76, 12.38, 12.23, 13.013, 12.7, 11.86, 12.13, 12.57, 11.83, 10.69, 10.69, 8.53, 5.64, 5.71, 5.42, 6.62, 10.85, 14.698, 18.167, 19.962, 19.885, 20.183], [5.764, 4.994, 4.457, 4.07, 4.13, 4.26, 4.69, 5.54, 4.93, 3.54, 2.31, 1.93, 1.31, 1.25, 1.44, 1.62, 1.86, 1.84, 1.27, 0.93, 0, 0.87, 1.55, 1.59, 1.83, 1.78, 2.04, 2.18, 1.89, 2.3, 2.92, 4.54, 6.2, 5.63, 4.56, 4.49, 4.54, 4.38, 3.98, 3.95, 3.67, 3.13, 2.75, 2.77, 2.56, 2.97, 2.86, 3.82, 4.23, 3.99, 4.03, 4.22, 4.49, 4.62, 4.06, 3.822, 4.512, 5.152, 5.67, 6.39, 6.904, 6.91, 7.83, 10.92, 12.85, 12.47, 12.32, 13.069, 12.75, 11.91, 12.18, 12.62, 11.88, 10.76, 10.74, 8.62, 5.87, 5.9, 5.79, 6.89, 10.9, 14.766, 18.226, 19.98, 19.909, 20.192], [5.554, 4.784, 4.31, 3.98, 3.98, 4.09, 4.5, 5.35, 4.72, 3.43, 2.38, 1.84, 1.22, 1.06, 1.33, 1.61, 1.51, 1.55, 1.28, 1.08, 0.87, 0, 1.0, 1.4, 1.88, 1.81, 2.09, 2.23, 2.1, 2.27, 2.71, 4.33, 5.97, 5.36, 4.45, 4.48, 4.35, 4.27, 3.81, 3.66, 3.42, 2.82, 2.3, 2.38, 2.17, 2.54, 2.57, 3.53, 4.06, 3.84, 3.88, 4.07, 4.34, 4.47, 3.95, 3.669, 4.42, 5.02, 5.48, 6.28, 6.739, 6.7, 7.64, 10.71, 12.68, 12.3, 12.15, 12.916, 12.6, 11.76, 12.03, 12.47, 11.73, 10.59, 10.59, 8.65, 6.04, 6.03, 5.92, 7.04, 10.75, 14.607, 18.076, 19.854, 19.779, 20.066], [4.851, 4.13, 3.61, 3.3, 3.3, 3.41, 3.82, 4.73, 4.04, 2.77, 1.84, 1.42, 1.26, 0.96, 1.17, 1.47, 1.45, 1.65, 1.72, 1.54, 1.55, 1.0, 0, 0.92, 1.42, 1.25, 1.43, 1.67, 1.5, 1.71, 1.99, 3.57, 5.25, 4.62, 3.81, 3.86, 3.69, 3.61, 3.37, 3.12, 2.86, 2.34, 1.94, 2.22, 2.25, 2.38, 2.29, 2.85, 3.36, 3.18, 3.2, 3.39, 3.64, 3.77, 3.29, 3.01, 3.74, 4.32, 4.779, 5.56, 6.039, 6.0, 6.94, 10.01, 11.98, 11.6, 11.45, 12.216, 11.9, 11.06, 11.33, 11.77, 11.03, 9.89, 9.91, 8.01, 5.42, 5.49, 5.52, 6.56, 10.05, 13.904, 17.385, 19.177, 19.102, 19.389], [4.431, 3.661, 3.144, 2.82, 2.84, 2.89, 3.5, 4.39, 3.7, 2.41, 1.26, 1.48, 1.28, 1.18, 1.17, 1.55, 1.47, 1.93, 2.08, 1.58, 1.59, 1.4, 0.92, 0, 0.82, 0.89, 1.01, 1.11, 0.92, 1.23, 1.59, 3.19, 4.89, 4.24, 3.25, 3.32, 3.29, 3.17, 2.95, 2.9, 2.66, 2.1, 2.02, 2.28, 2.39, 2.44, 2.13, 2.63, 3.0, 2.78, 2.8, 3.03, 3.2, 3.33, 2.79, 2.61, 3.26, 3.88, 4.32, 5.12, 5.602, 5.58, 6.52, 9.59, 11.56, 11.18, 11.03, 11.779, 11.46, 10.62, 10.89, 11.33, 10.59, 9.47, 9.45, 7.49, 4.86, 4.95, 5.28, 6.08, 9.61, 13.467, 16.96, 18.752, 18.683, 18.964], [4.077, 3.307, 2.77, 2.391, 2.56, 2.73, 3.38, 4.25, 3.6, 2.43, 1.22, 1.72, 1.66, 1.6, 1.65, 1.97, 1.91, 2.33, 2.46, 1.98, 1.83, 1.88, 1.42, 0.82, 0, 0.85, 1.09, 0.89, 0.72, 1.13, 1.61, 3.21, 4.95, 4.48, 3.21, 2.84, 2.99, 2.83, 2.69, 2.74, 2.48, 2.1, 2.12, 2.26, 2.47, 2.66, 2.07, 2.37, 2.68, 2.48, 2.48, 2.67, 2.82, 2.89, 2.55, 2.31, 2.82, 3.431, 4.14, 4.88, 5.2, 5.22, 6.36, 9.23, 11.18, 10.8, 10.65, 11.34, 11.02, 10.24, 10.45, 10.89, 10.15, 9.09, 9.01, 7.05, 4.44, 4.51, 4.94, 5.58, 9.17, 13.045, 16.549, 18.344, 18.266, 18.61], [4.167, 3.44, 2.9, 2.55, 2.69, 2.7, 3.25, 4.12, 3.45, 2.02, 1.09, 1.63, 1.61, 1.57, 1.54, 1.84, 1.84, 2.22, 2.41, 2.01, 1.78, 1.81, 1.25, 0.89, 0.85, 0, 0.76, 0.86, 0.83, 0.86, 1.46, 3.08, 4.84, 4.39, 3.36, 3.21, 3.1, 2.98, 2.94, 2.91, 2.61, 2.35, 2.45, 2.69, 2.84, 2.89, 2.4, 2.42, 2.73, 2.51, 2.67, 2.78, 2.97, 3.02, 2.82, 2.4, 2.89, 3.55, 4.09, 4.83, 5.264, 5.31, 6.23, 9.32, 11.25, 10.87, 10.72, 11.43, 11.11, 10.29, 10.54, 10.98, 10.24, 9.16, 9.1, 7.04, 4.39, 4.5, 4.97, 5.57, 9.26, 13.135, 16.627, 18.407, 18.336, 18.654], [3.97, 3.3, 2.74, 2.49, 2.63, 2.58, 2.91, 3.8, 3.15, 1.84, 1.01, 1.65, 1.73, 1.71, 1.64, 1.82, 1.86, 2.3, 2.63, 2.03, 2.04, 2.09, 1.43, 1.01, 1.09, 0.76, 0, 0.78, 0.65, 0.82, 1.22, 2.8, 4.52, 4.09, 3.22, 3.21, 3.2, 3.2, 3.08, 3.05, 2.83, 2.49, 2.67, 2.95, 3.04, 3.09, 2.6, 2.38, 2.73, 2.59, 2.55, 2.62, 2.81, 2.86, 2.66, 2.26, 2.79, 3.43, 4.01, 4.75, 5.15, 5.11, 6.11, 9.12, 11.11, 10.73, 10.58, 11.31, 10.99, 10.15, 10.42, 10.86, 10.12, 9.02, 9.02, 6.98, 4.31, 4.44, 4.97, 5.63, 9.14, 12.997, 16.463, 18.258, 18.18, 18.487], [3.701, 2.931, 2.48, 2.15, 2.25, 2.38, 3.03, 3.94, 3.27, 1.9, 1.05, 1.97, 2.05, 1.99, 1.92, 2.3, 2.26, 2.64, 2.77, 2.15, 2.18, 2.23, 1.67, 1.11, 0.89, 0.86, 0.78, 0, 0.61, 0.94, 1.26, 2.72, 4.44, 4.11, 2.88, 2.81, 2.78, 2.78, 2.7, 2.85, 2.51, 2.23, 2.45, 2.71, 2.88, 2.95, 2.3, 2.22, 2.39, 2.27, 2.27, 2.34, 2.55, 2.54, 2.4, 2.04, 2.47, 3.11, 3.67, 4.41, 4.821, 4.85, 5.89, 8.86, 10.81, 10.43, 10.28, 10.99, 10.67, 9.85, 10.1, 10.54, 9.8, 8.72, 8.7, 6.68, 4.03, 4.14, 4.75, 5.33, 8.82, 12.686, 16.193, 18.011, 17.922, 18.252], [3.991, 3.23, 2.75, 2.42, 2.5, 2.57, 3.1, 4.03, 3.38, 2.03, 0.96, 1.7, 1.68, 1.64, 1.59, 1.93, 1.91, 2.29, 2.48, 1.9, 1.89, 2.1, 1.5, 0.92, 0.72, 0.83, 0.65, 0.61, 0, 0.77, 1.27, 2.87, 4.57, 4.14, 2.95, 2.9, 3.07, 2.99, 2.81, 2.86, 2.6, 2.28, 2.34, 2.56, 2.65, 2.82, 2.31, 2.53, 2.76, 2.58, 2.66, 2.69, 2.86, 2.85, 2.55, 2.27, 2.76, 3.4, 3.98, 4.72, 5.12, 5.14, 6.18, 9.15, 11.1, 10.72, 10.57, 11.28, 10.96, 10.14, 10.39, 10.83, 10.09, 9.01, 8.99, 6.97, 4.32, 4.41, 4.82, 5.52, 9.11, 12.976, 16.457, 18.263, 18.18, 18.513], [3.51, 2.86, 2.3, 2.15, 2.43, 2.32, 2.83, 3.54, 2.89, 1.72, 1.13, 2.09, 2.03, 2.05, 1.94, 2.32, 2.28, 2.76, 3.01, 2.31, 2.3, 2.27, 1.71, 1.23, 1.13, 0.86, 0.82, 0.94, 0.77, 0, 0.96, 2.52, 4.22, 3.85, 2.88, 3.05, 3.02, 3.04, 3.1, 3.03, 2.81, 2.59, 2.71, 2.99, 3.06, 3.15, 2.68, 2.5, 2.63, 2.57, 2.57, 2.44, 2.53, 2.52, 2.44, 1.96, 2.33, 2.91, 3.47, 4.21, 4.63, 4.65, 5.59, 8.66, 10.59, 10.21, 10.06, 10.79, 10.47, 9.63, 9.9, 10.34, 9.6, 8.5, 8.46, 6.52, 3.89, 4.02, 4.61, 5.17, 8.62, 12.492, 15.97, 17.77, 17.693, 18.0], [2.97, 2.46, 1.96, 1.87, 1.93, 1.94, 2.25, 2.96, 2.27, 1.28, 1.41, 2.61, 2.63, 2.45, 2.42, 2.78, 2.72, 3.26, 3.51, 2.81, 2.92, 2.71, 1.99, 1.59, 1.61, 1.46, 1.22, 1.26, 1.27, 0.96, 0, 1.8, 3.52, 3.23, 2.36, 2.77, 2.7, 2.78, 2.84, 2.81, 2.61, 2.53, 2.83, 3.19, 3.22, 3.23, 2.68, 2.3, 2.55, 2.59, 2.35, 2.28, 2.39, 2.3, 2.3, 1.86, 2.15, 2.57, 2.99, 3.75, 4.13, 4.07, 5.07, 8.08, 10.05, 9.67, 9.52, 10.286, 9.97, 9.13, 9.4, 9.84, 9.1, 7.96, 8.12, 6.32, 3.89, 4.04, 4.81, 5.17, 8.12, 11.971, 15.455, 17.262, 17.178, 17.48], [2.11, 2.02, 2.12, 2.17, 1.83, 1.54, 1.47, 1.74, 1.47, 1.64, 2.83, 4.21, 4.21, 4.01, 3.96, 4.24, 4.08, 4.86, 5.15, 4.41, 4.54, 4.33, 3.57, 3.19, 3.21, 3.08, 2.8, 2.72, 2.87, 2.52, 1.8, 0, 1.88, 1.89, 1.94, 2.35, 2.28, 2.42, 2.54, 2.63, 2.69, 3.33, 3.95, 4.53, 4.5, 4.07, 3.36, 2.64, 2.71, 3.01, 2.63, 2.48, 2.25, 2.22, 2.16, 2.4, 2.33, 2.17, 2.23, 2.91, 3.11, 2.71, 3.53, 6.48, 8.47, 8.09, 7.94, 8.723, 8.41, 7.67, 7.9, 8.28, 7.58, 6.78, 7.22, 5.5, 3.81, 4.3, 5.25, 5.49, 6.86, 10.403, 13.898, 15.705, 15.621, 15.923], [2.57, 2.96, 3.48, 3.57, 3.01, 2.7, 2.21, 1.9, 2.05, 3.18, 4.53, 5.85, 5.87, 5.67, 5.62, 5.86, 5.74, 6.48, 6.79, 5.99, 6.2, 5.97, 5.25, 4.89, 4.95, 4.84, 4.52, 4.44, 4.57, 4.22, 3.52, 1.88, 0, 1.43, 2.5, 3.21, 2.92, 3.14, 3.44, 3.77, 4.15, 4.79, 5.41, 6.11, 6.02, 5.55, 4.62, 3.9, 3.85, 4.15, 3.81, 3.76, 3.39, 3.26, 3.54, 4.0, 3.79, 3.11, 2.15, 2.39, 2.59, 2.29, 2.53, 4.88, 6.843, 6.47, 6.34, 7.121, 6.83, 6.33, 6.56, 6.92, 6.18, 5.66, 6.14, 4.78, 4.17, 4.8, 5.77, 5.57, 5.64, 8.797, 12.277, 14.099, 14.012, 14.314], [2.34, 2.63, 3.09, 3.12, 2.62, 2.29, 1.84, 2.01, 2.0, 2.89, 3.96, 4.96, 5.06, 4.9, 4.75, 5.01, 4.87, 5.61, 5.98, 5.34, 5.63, 5.36, 4.62, 4.24, 4.48, 4.39, 4.09, 4.11, 4.14, 3.85, 3.23, 1.89, 1.43, 0, 1.89, 2.58, 2.37, 2.57, 2.81, 2.94, 3.26, 3.88, 4.62, 5.36, 5.29, 4.7, 4.05, 3.77, 3.86, 3.98, 3.58, 3.59, 3.32, 3.15, 3.23, 3.99, 4.04, 3.58, 2.66, 3.24, 3.48, 3.24, 3.4, 5.87, 7.966, 7.6, 7.49, 8.28, 8.02, 7.56, 7.81, 8.19, 7.41, 6.77, 7.23, 5.79, 4.94, 5.51, 6.52, 6.4, 6.77, 9.912, 13.395, 15.216, 15.13, 15.426], [1.89, 1.54, 2.04, 1.93, 1.25, 1.42, 1.87, 2.44, 2.21, 2.52, 2.93, 4.17, 4.13, 4.03, 3.959, 4.28, 4.08, 4.791, 5.05, 4.39, 4.56, 4.45, 3.81, 3.25, 3.21, 3.36, 3.22, 2.88, 2.95, 2.88, 2.36, 1.94, 2.5, 1.89, 0, 1.17, 1.06, 1.2, 1.44, 1.87, 2.11, 2.73, 3.27, 4.03, 4.02, 3.61, 2.6, 2.46, 2.43, 2.51, 2.21, 2.24, 2.09, 1.86, 2.14, 2.92, 3.07, 3.21, 3.29, 3.85, 4.11, 3.87, 4.25, 6.62, 8.51, 8.15, 8.06, 8.77, 8.57, 8.11, 8.36, 8.74, 7.96, 7.38, 7.88, 6.44, 4.95, 5.46, 6.33, 6.55, 7.34, 10.406, 13.922, 15.755, 15.662, 15.973], [2.02, 1.61, 1.93, 1.7, 1.24, 1.57, 2.18, 2.97, 2.64, 2.89, 3.12, 4.225, 4.054, 4.06, 4.05, 4.249, 4.032, 4.778, 5.051, 4.62, 4.49, 4.48, 3.86, 3.32, 2.84, 3.21, 3.21, 2.81, 2.9, 3.05, 2.77, 2.35, 3.21, 2.58, 1.17, 0, 0.79, 0.85, 1.25, 1.64, 1.88, 2.52, 3.08, 3.82, 3.79, 3.4, 2.37, 1.99, 1.96, 1.9, 1.78, 1.95, 1.94, 1.69, 2.05, 2.73, 2.94, 3.12, 3.56, 4.02, 4.16, 3.92, 4.62, 6.93, 8.62, 8.3, 8.13, 8.78, 8.58, 8.24, 8.37, 8.71, 7.99, 7.45, 7.81, 6.37, 4.9, 5.43, 6.36, 6.5, 7.33, 10.437, 13.943, 15.797, 15.69, 16.086], [2.11, 1.8, 2.14, 1.97, 1.27, 1.6, 2.07, 2.86, 2.53, 2.82, 3.29, 4.232, 4.121, 4.052, 4.06, 4.296, 4.136, 4.825, 5.09, 4.59, 4.54, 4.35, 3.69, 3.29, 2.99, 3.1, 3.2, 2.78, 3.07, 3.02, 2.7, 2.28, 2.92, 2.37, 1.06, 0.79, 0, 0.7, 1.12, 1.59, 1.83, 2.49, 3.05, 3.81, 3.92, 3.462, 2.38, 2.02, 1.91, 2.05, 1.85, 2.0, 1.95, 1.82, 2.18, 2.86, 3.15, 3.31, 3.37, 3.93, 4.11, 4.03, 4.43, 6.74, 8.57, 8.27, 8.14, 8.81, 8.65, 8.25, 8.46, 8.82, 8.06, 7.56, 7.96, 6.46, 5.11, 5.64, 6.59, 6.67, 7.44, 10.384, 13.905, 15.739, 15.649, 16.005], [2.27, 1.92, 2.32, 2.01, 1.37, 1.56, 2.29, 3.08, 2.81, 2.96, 3.19, 3.99, 3.93, 3.83, 3.84, 4.1, 3.891, 4.619, 4.85, 4.47, 4.38, 4.27, 3.61, 3.17, 2.83, 2.98, 3.2, 2.78, 2.99, 3.04, 2.78, 2.42, 3.14, 2.57, 1.2, 0.85, 0.7, 0, 0.88, 1.41, 1.65, 2.17, 2.79, 3.57, 3.64, 3.17, 2.04, 2.02, 1.89, 1.99, 1.85, 1.98, 1.89, 1.88, 2.22, 2.86, 3.23, 3.47, 3.49, 4.07, 4.35, 4.21, 4.49, 6.92, 8.81, 8.49, 8.3, 8.97, 8.77, 8.43, 8.56, 8.96, 8.18, 7.7, 8.08, 6.7, 5.27, 5.8, 6.75, 6.85, 7.54, 10.616, 14.16, 15.985, 15.912, 16.291], [2.87, 2.36, 2.7, 2.39, 1.71, 1.82, 2.47, 3.34, 2.97, 3.06, 2.99, 3.57, 3.33, 3.37, 3.48, 3.5, 3.22, 3.939, 4.21, 4.25, 3.98, 3.81, 3.37, 2.95, 2.69, 2.94, 3.08, 2.7, 2.81, 3.1, 2.84, 2.54, 3.44, 2.81, 1.44, 1.25, 1.12, 0.88, 0, 0.77, 1.13, 1.69, 2.37, 3.07, 3.1, 2.63, 1.84, 2.2, 2.33, 2.21, 2.13, 2.38, 2.27, 2.22, 2.54, 3.22, 3.65, 3.97, 4.07, 4.69, 4.93, 4.67, 4.97, 7.52, 9.43, 9.11, 9.0, 9.71, 9.53, 9.07, 9.26, 9.68, 8.88, 8.38, 8.76, 7.28, 5.69, 6.22, 7.09, 7.29, 8.24, 11.284, 14.802, 16.621, 16.531, 16.901], [3.32, 2.79, 2.91, 2.6, 2.1, 2.05, 2.66, 3.53, 3.16, 2.97, 2.88, 3.26, 3.1, 3.16, 3.27, 3.29, 2.95, 3.47, 4.04, 4.2, 3.95, 3.66, 3.12, 2.9, 2.74, 2.91, 3.05, 2.85, 2.86, 3.03, 2.81, 2.63, 3.77, 2.94, 1.87, 1.64, 1.59, 1.41, 0.77, 0, 0.86, 1.52, 2.3, 3.08, 3.13, 2.44, 2.01, 2.53, 2.72, 2.66, 2.58, 2.81, 2.68, 2.57, 2.89, 3.53, 3.88, 4.18, 4.24, 4.92, 5.22, 4.96, 5.28, 8.03, 9.94, 9.64, 9.53, 10.26, 10.06, 9.54, 9.77, 10.19, 9.37, 8.83, 9.19, 7.61, 5.9, 6.43, 7.32, 7.52, 8.73, 11.791, 15.289, 17.096, 17.009, 17.356], [3.48, 2.95, 2.85, 2.54, 2.2, 2.19, 2.92, 3.87, 3.36, 2.81, 2.58, 2.78, 2.8, 2.84, 2.95, 2.99, 2.77, 3.23, 3.76, 3.92, 3.67, 3.42, 2.86, 2.66, 2.48, 2.61, 2.83, 2.51, 2.6, 2.81, 2.61, 2.69, 4.15, 3.26, 2.11, 1.88, 1.83, 1.65, 1.13, 0.86, 0, 1.08, 1.98, 2.7, 2.83, 2.18, 1.81, 2.49, 2.66, 2.62, 2.58, 2.63, 2.68, 2.57, 2.69, 3.21, 3.52, 3.92, 4.08, 4.84, 5.14, 4.88, 5.5, 8.31, 10.2, 9.9, 9.77, 10.52, 10.32, 9.82, 10.01, 10.43, 9.61, 8.95, 9.29, 7.61, 5.5, 6.03, 6.9, 7.2, 8.89, 12.071, 15.592, 17.393, 17.312, 17.634], [4.02, 3.49, 3.27, 2.86, 2.68, 2.79, 3.66, 4.61, 4.04, 3.29, 2.5, 2.36, 2.3, 2.32, 2.41, 2.41, 2.09, 2.55, 3.16, 3.36, 3.13, 2.82, 2.34, 2.1, 2.1, 2.35, 2.49, 2.23, 2.28, 2.59, 2.53, 3.33, 4.79, 3.88, 2.73, 2.52, 2.49, 2.17, 1.69, 1.52, 1.08, 0, 1.1, 1.88, 1.99, 1.38, 1.19, 2.33, 2.6, 2.5, 2.52, 2.53, 2.76, 2.87, 2.51, 2.69, 3.62, 4.2, 4.48, 5.26, 5.56, 5.34, 6.1, 8.93, 10.84, 10.54, 10.33, 11.08, 10.88, 10.38, 10.59, 11.03, 10.17, 9.37, 9.75, 8.01, 5.74, 5.83, 6.5, 7.06, 9.39, 12.694, 16.227, 18.037, 17.965, 18.252], [4.4, 3.85, 3.59, 3.18, 3.02, 3.39, 4.24, 5.15, 4.52, 3.71, 2.7, 2.46, 2.02, 1.94, 2.03, 2.13, 1.69, 1.91, 2.58, 2.84, 2.75, 2.3, 1.94, 2.02, 2.12, 2.45, 2.67, 2.45, 2.34, 2.71, 2.83, 3.95, 5.41, 4.62, 3.27, 3.08, 3.05, 2.79, 2.37, 2.3, 1.98, 1.1, 0, 1.1, 1.29, 1.08, 1.15, 2.59, 3.0, 2.8, 2.86, 2.91, 3.18, 3.27, 2.79, 2.87, 3.86, 4.46, 4.76, 5.54, 5.9, 5.72, 6.68, 9.49, 11.38, 11.04, 10.87, 11.66, 11.42, 10.8, 11.03, 11.47, 10.63, 9.75, 10.07, 8.31, 5.84, 5.87, 6.26, 7.06, 9.77, 13.322, 16.864, 18.691, 18.611, 18.906], [5.18, 4.57, 4.21, 3.74, 3.66, 3.95, 4.78, 5.71, 5.08, 4.09, 3.02, 2.56, 2.1, 2.18, 2.31, 2.35, 1.91, 1.67, 2.52, 2.9, 2.77, 2.38, 2.22, 2.28, 2.26, 2.69, 2.95, 2.71, 2.56, 2.99, 3.19, 4.53, 6.11, 5.36, 4.03, 3.82, 3.81, 3.57, 3.07, 3.08, 2.7, 1.88, 1.1, 0, 0.71, 0.98, 1.77, 3.29, 3.66, 3.46, 3.58, 3.61, 3.88, 4.01, 3.49, 3.45, 4.4, 4.96, 5.4, 6.18, 6.52, 6.42, 7.34, 10.31, 12.22, 11.86, 11.67, 12.42, 12.14, 11.42, 11.67, 12.13, 11.29, 10.33, 10.55, 8.75, 6.24, 6.25, 6.5, 7.32, 10.35, 14.128, 17.661, 19.471, 19.399, 19.692], [5.19, 4.58, 4.24, 3.81, 3.67, 4.08, 4.73, 5.62, 5.03, 4.14, 3.15, 2.73, 1.97, 2.05, 2.22, 2.32, 1.92, 1.74, 2.43, 2.73, 2.56, 2.17, 2.25, 2.39, 2.47, 2.84, 3.04, 2.88, 2.65, 3.06, 3.22, 4.5, 6.02, 5.29, 4.02, 3.79, 3.92, 3.64, 3.1, 3.13, 2.83, 1.99, 1.29, 0.71, 0, 1.03, 1.86, 3.28, 3.69, 3.47, 3.55, 3.64, 3.91, 4.02, 3.54, 3.5, 4.53, 5.09, 5.57, 6.31, 6.61, 6.43, 7.49, 10.34, 12.23, 11.87, 11.7, 12.45, 12.17, 11.43, 11.7, 12.16, 11.32, 10.38, 10.66, 8.88, 6.41, 6.44, 6.67, 7.55, 10.38, 14.155, 17.659, 19.489, 19.4, 19.71], [4.84, 4.23, 4.05, 3.58, 3.38, 3.47, 4.34, 5.29, 4.66, 4.01, 3.12, 2.76, 2.12, 2.2, 2.33, 2.37, 1.81, 1.89, 2.72, 3.1, 2.97, 2.54, 2.38, 2.44, 2.66, 2.89, 3.09, 2.95, 2.82, 3.15, 3.23, 4.07, 5.55, 4.7, 3.61, 3.4, 3.462, 3.17, 2.63, 2.44, 2.18, 1.38, 1.08, 0.98, 1.03, 0, 1.27, 2.93, 3.3, 3.08, 3.16, 3.25, 3.52, 3.63, 3.13, 3.41, 4.48, 5.06, 5.36, 6.12, 6.42, 6.18, 6.88, 9.93, 11.84, 11.48, 11.31, 12.059, 11.76, 11.08, 11.31, 11.77, 10.93, 10.07, 10.51, 8.79, 6.5, 6.57, 7.0, 7.8, 10.07, 13.765, 17.295, 19.114, 19.039, 19.323], [3.75, 3.18, 3.1, 2.69, 2.43, 2.7, 3.55, 4.38, 3.89, 3.34, 2.61, 2.85, 2.23, 2.31, 2.34, 2.32, 2.0, 2.66, 3.01, 3.03, 2.86, 2.57, 2.29, 2.13, 2.07, 2.4, 2.6, 2.3, 2.31, 2.68, 2.68, 3.36, 4.62, 4.05, 2.6, 2.37, 2.38, 2.04, 1.84, 2.01, 1.81, 1.19, 1.15, 1.77, 1.86, 1.27, 0, 1.78, 2.05, 1.93, 1.99, 2.08, 2.35, 2.5, 2.08, 2.42, 3.45, 4.03, 4.39, 5.13, 5.39, 5.25, 5.91, 8.88, 10.71, 10.35, 10.14, 10.85, 10.53, 9.93, 10.1, 10.52, 9.76, 9.02, 9.44, 7.78, 5.55, 5.66, 6.37, 6.91, 8.94, 12.567, 16.111, 17.939, 17.858, 18.191], [2.35, 2.06, 1.92, 1.85, 1.87, 2.08, 2.51, 3.14, 2.91, 2.48, 2.85, 3.55, 3.51, 3.31, 3.38, 3.54, 3.36, 4.1, 4.39, 3.93, 3.82, 3.53, 2.85, 2.63, 2.37, 2.42, 2.38, 2.22, 2.53, 2.5, 2.3, 2.64, 3.9, 3.77, 2.46, 1.99, 2.02, 2.02, 2.2, 2.53, 2.49, 2.33, 2.59, 3.29, 3.28, 2.93, 1.78, 0, 0.79, 0.81, 1.03, 1.08, 1.19, 1.3, 1.56, 1.66, 2.35, 3.05, 3.87, 4.33, 4.29, 3.91, 5.03, 7.44, 9.189, 8.81, 8.66, 9.426, 9.11, 8.39, 8.6, 9.02, 8.28, 7.68, 8.18, 6.5, 4.41, 4.62, 5.29, 5.95, 7.68, 11.117, 14.668, 16.516, 16.429, 16.747], [2.24, 1.97, 1.87, 1.72, 1.92, 2.15, 2.62, 3.07, 2.96, 2.79, 3.12, 4.06, 3.9, 3.84, 3.79, 4.11, 3.93, 4.65, 4.88, 4.3, 4.23, 4.06, 3.36, 3.0, 2.68, 2.73, 2.73, 2.39, 2.76, 2.63, 2.55, 2.71, 3.85, 3.86, 2.43, 1.96, 1.91, 1.89, 2.33, 2.72, 2.66, 2.6, 3.0, 3.66, 3.69, 3.3, 2.05, 0.79, 0, 0.72, 0.94, 0.83, 0.9, 1.11, 1.45, 1.49, 2.08, 2.84, 3.62, 4.02, 4.0, 3.86, 4.82, 7.15, 8.74, 8.4, 8.17, 8.86, 8.54, 8.04, 8.07, 8.57, 7.75, 7.33, 7.77, 6.15, 4.28, 4.47, 5.2, 5.78, 7.27, 10.591, 14.151, 16.007, 15.912, 16.287], [2.32, 1.93, 1.95, 1.84, 1.98, 2.25, 2.76, 3.27, 3.14, 2.91, 3.02, 3.88, 3.68, 3.62, 3.63, 3.89, 3.71, 4.43, 4.66, 4.1, 3.99, 3.84, 3.18, 2.78, 2.48, 2.51, 2.59, 2.27, 2.58, 2.57, 2.59, 3.01, 4.15, 3.98, 2.51, 1.9, 2.05, 1.99, 2.21, 2.66, 2.62, 2.5, 2.8, 3.46, 3.47, 3.08, 1.93, 0.81, 0.72, 0, 0.86, 1.03, 1.06, 1.19, 1.45, 1.67, 2.24, 2.94, 3.92, 4.32, 4.3, 4.2, 5.14, 7.45, 8.98, 8.68, 8.43, 9.08, 8.76, 8.26, 8.35, 8.79, 7.97, 7.51, 7.91, 6.33, 4.34, 4.51, 5.26, 5.78, 7.37, 10.82, 14.379, 16.239, 16.155, 16.55], [2.14, 1.81, 1.77, 1.78, 1.84, 2.19, 2.58, 3.27, 2.92, 2.87, 3.0, 3.94, 3.72, 3.66, 3.61, 3.93, 3.75, 4.47, 4.7, 4.04, 4.03, 3.88, 3.2, 2.8, 2.48, 2.67, 2.55, 2.27, 2.66, 2.57, 2.35, 2.63, 3.81, 3.58, 2.21, 1.78, 1.85, 1.85, 2.13, 2.58, 2.58, 2.52, 2.86, 3.58, 3.55, 3.16, 1.99, 1.03, 0.94, 0.86, 0, 0.77, 1.02, 0.89, 1.31, 1.73, 2.24, 2.72, 3.8, 4.24, 4.3, 4.14, 5.04, 7.45, 8.9, 8.6, 8.41, 9.04, 8.72, 8.24, 8.35, 8.73, 7.97, 7.43, 7.85, 6.27, 4.34, 4.55, 5.32, 5.84, 7.31, 10.777, 14.334, 16.2, 16.097, 16.495], [2.07, 1.8, 1.66, 1.63, 1.89, 2.08, 2.55, 3.16, 2.89, 2.66, 3.03, 4.13, 3.91, 3.85, 3.8, 4.12, 3.94, 4.66, 4.89, 4.21, 4.22, 4.07, 3.39, 3.03, 2.67, 2.78, 2.62, 2.34, 2.69, 2.44, 2.28, 2.48, 3.76, 3.59, 2.24, 1.95, 2.0, 1.98, 2.38, 2.81, 2.63, 2.53, 2.91, 3.61, 3.64, 3.25, 2.08, 1.08, 0.83, 1.03, 0.77, 0, 0.71, 0.9, 1.16, 1.26, 1.83, 2.43, 3.35, 3.85, 3.93, 3.77, 4.75, 7.22, 8.79, 8.49, 8.26, 8.85, 8.53, 8.17, 8.26, 8.68, 7.84, 7.36, 7.7, 6.12, 4.09, 4.32, 5.09, 5.57, 7.2, 10.59, 14.158, 16.014, 15.951, 16.348], [1.92, 1.79, 1.67, 1.68, 1.86, 1.95, 2.44, 2.67, 2.5, 2.71, 3.2, 4.36, 4.18, 4.12, 4.07, 4.39, 4.21, 4.93, 5.16, 4.44, 4.49, 4.34, 3.64, 3.2, 2.82, 2.97, 2.81, 2.55, 2.86, 2.53, 2.39, 2.25, 3.39, 3.32, 2.09, 1.94, 1.95, 1.89, 2.27, 2.68, 2.68, 2.76, 3.18, 3.88, 3.91, 3.52, 2.35, 1.19, 0.9, 1.06, 1.02, 0.71, 0, 0.83, 1.21, 1.33, 1.88, 2.46, 3.22, 3.76, 3.78, 3.56, 4.34, 6.69, 8.5, 8.14, 7.93, 8.58, 8.28, 7.82, 7.93, 8.33, 7.55, 7.17, 7.55, 5.99, 4.02, 4.37, 5.18, 5.6, 7.01, 10.306, 13.859, 15.7, 15.625, 16.011], [1.65, 1.48, 1.54, 1.67, 1.65, 1.94, 2.33, 2.76, 2.47, 2.76, 3.15, 4.43, 4.31, 4.25, 4.2, 4.52, 4.34, 5.06, 5.29, 4.57, 4.62, 4.47, 3.77, 3.33, 2.89, 3.02, 2.86, 2.54, 2.85, 2.52, 2.3, 2.22, 3.26, 3.15, 1.86, 1.69, 1.82, 1.88, 2.22, 2.57, 2.57, 2.87, 3.27, 4.01, 4.02, 3.63, 2.5, 1.3, 1.11, 1.19, 0.89, 0.9, 0.83, 0, 1.2, 1.6, 1.77, 2.25, 3.27, 3.69, 3.73, 3.63, 4.35, 6.78, 8.29, 8.03, 7.8, 8.45, 8.19, 7.79, 7.9, 8.34, 7.38, 7.0, 7.38, 5.9, 3.97, 4.26, 5.07, 5.61, 6.9, 10.184, 13.752, 15.615, 15.505, 15.883], [2.11, 1.88, 1.82, 1.83, 1.79, 2.1, 2.69, 3.1, 2.71, 2.88, 2.99, 3.93, 3.718, 3.669, 3.599, 3.913, 3.733, 4.462, 4.695, 4.006, 4.06, 3.95, 3.29, 2.79, 2.55, 2.82, 2.66, 2.4, 2.55, 2.44, 2.3, 2.16, 3.54, 3.23, 2.14, 2.05, 2.18, 2.22, 2.54, 2.89, 2.69, 2.51, 2.79, 3.49, 3.54, 3.13, 2.08, 1.56, 1.45, 1.45, 1.31, 1.16, 1.21, 1.2, 0, 1.22, 1.73, 2.23, 3.09, 3.61, 3.69, 3.61, 4.69, 7.22, 8.91, 8.59, 8.36, 9.05, 8.75, 8.19, 8.28, 8.76, 7.92, 7.22, 7.62, 5.98, 3.95, 4.18, 4.81, 5.45, 7.12, 10.761, 14.324, 16.166, 16.073, 16.451], [2.53, 2.2, 1.76, 1.79, 2.19, 2.54, 3.11, 3.24, 2.81, 2.44, 2.69, 3.73, 3.518, 3.449, 3.399, 3.713, 3.533, 4.262, 4.495, 3.766, 3.822, 3.669, 3.01, 2.61, 2.31, 2.4, 2.26, 2.04, 2.27, 1.96, 1.86, 2.4, 4.0, 3.99, 2.92, 2.73, 2.86, 2.86, 3.22, 3.53, 3.21, 2.69, 2.87, 3.45, 3.5, 3.41, 2.42, 1.66, 1.49, 1.67, 1.73, 1.26, 1.33, 1.6, 1.22, 0, 1.11, 1.83, 2.67, 3.19, 3.33, 3.45, 4.93, 7.44, 9.17, 8.85, 8.6, 9.25, 8.95, 8.33, 8.42, 8.94, 8.12, 7.12, 7.22, 5.56, 3.41, 3.54, 4.15, 4.71, 7.16, 10.956, 14.515, 16.369, 16.284, 16.677], [2.34, 2.15, 1.63, 1.84, 2.4, 2.75, 3.2, 3.07, 2.82, 2.43, 2.98, 4.359, 4.24, 4.22, 4.13, 4.47, 4.29, 5.01, 5.185, 4.456, 4.512, 4.42, 3.74, 3.26, 2.82, 2.89, 2.79, 2.47, 2.76, 2.33, 2.15, 2.33, 3.79, 4.04, 3.07, 2.94, 3.15, 3.23, 3.65, 3.88, 3.52, 3.62, 3.86, 4.4, 4.53, 4.48, 3.45, 2.35, 2.08, 2.24, 2.24, 1.83, 1.88, 1.77, 1.73, 1.11, 0, 1.06, 2.12, 2.54, 2.74, 3.08, 4.68, 7.09, 8.58, 8.36, 7.99, 8.58, 8.28, 7.82, 7.93, 8.37, 7.49, 6.45, 6.33, 4.61, 2.54, 2.81, 3.64, 4.0, 6.53, 10.286, 13.872, 15.728, 15.698, 16.091], [2.2, 2.13, 1.85, 1.96, 2.58, 2.87, 3.0, 2.93, 2.64, 2.49, 3.58, 4.959, 4.86, 4.8, 4.75, 5.09, 4.93, 5.63, 5.825, 5.096, 5.152, 5.02, 4.32, 3.88, 3.431, 3.55, 3.43, 3.11, 3.4, 2.91, 2.57, 2.17, 3.11, 3.58, 3.21, 3.12, 3.31, 3.47, 3.97, 4.18, 3.92, 4.2, 4.46, 4.96, 5.09, 5.06, 4.03, 3.05, 2.84, 2.94, 2.72, 2.43, 2.46, 2.25, 2.23, 1.83, 1.06, 0, 1.58, 1.98, 2.16, 2.56, 4.12, 6.59, 8.0, 7.84, 7.41, 7.96, 7.72, 7.3, 7.39, 7.87, 6.91, 5.87, 5.69, 4.05, 2.24, 2.69, 3.64, 3.7, 5.99, 9.68, 13.252, 15.122, 15.092, 15.49], [2.7, 2.75, 2.81, 2.8, 2.86, 2.99, 3.12, 2.87, 2.64, 2.75, 4.02, 5.399, 5.32, 5.219, 5.189, 5.53, 5.35, 6.05, 6.265, 5.576, 5.67, 5.48, 4.779, 4.32, 4.14, 4.09, 4.01, 3.67, 3.98, 3.47, 2.99, 2.23, 2.15, 2.66, 3.29, 3.56, 3.37, 3.49, 4.07, 4.24, 4.08, 4.48, 4.76, 5.4, 5.57, 5.36, 4.39, 3.87, 3.62, 3.92, 3.8, 3.35, 3.22, 3.27, 3.09, 2.67, 2.12, 1.58, 0, 0.96, 1.46, 1.78, 3.0, 5.71, 7.48, 7.18, 6.89, 7.5, 7.2, 6.68, 6.73, 7.29, 6.41, 5.37, 5.37, 3.71, 2.94, 3.63, 4.6, 4.34, 5.45, 9.215, 12.765, 14.596, 14.572, 14.953], [3.02, 3.17, 3.25, 3.34, 3.4, 3.55, 3.68, 3.33, 3.14, 3.41, 4.76, 6.179, 6.068, 6.039, 5.99, 6.31, 6.11, 6.83, 7.06, 6.336, 6.39, 6.28, 5.56, 5.12, 4.88, 4.83, 4.75, 4.41, 4.72, 4.21, 3.75, 2.91, 2.39, 3.24, 3.85, 4.02, 3.93, 4.07, 4.69, 4.92, 4.84, 5.26, 5.54, 6.18, 6.31, 6.12, 5.13, 4.33, 4.02, 4.32, 4.24, 3.85, 3.76, 3.69, 3.61, 3.19, 2.54, 1.98, 0.96, 0, 0.82, 1.7, 2.88, 5.03, 6.68, 6.4, 6.09, 6.7, 6.4, 5.88, 5.97, 6.49, 5.59, 4.55, 4.57, 3.05, 2.98, 3.71, 4.68, 4.38, 4.65, 8.423, 11.994, 13.845, 13.775, 14.165], [2.94, 3.17, 3.33, 3.44, 3.64, 3.61, 3.62, 3.23, 3.18, 3.69, 5.205, 6.699, 6.591, 6.519, 6.469, 6.803, 6.623, 7.35, 7.565, 6.836, 6.904, 6.739, 6.039, 5.602, 5.2, 5.264, 5.15, 4.821, 5.12, 4.63, 4.13, 3.11, 2.59, 3.48, 4.11, 4.16, 4.11, 4.35, 4.93, 5.22, 5.14, 5.56, 5.9, 6.52, 6.61, 6.42, 5.39, 4.29, 4.0, 4.3, 4.3, 3.93, 3.78, 3.73, 3.69, 3.33, 2.74, 2.16, 1.46, 0.82, 0, 1.34, 2.6, 4.51, 6.1, 5.88, 5.49, 6.18, 5.9, 5.34, 5.47, 5.99, 5.03, 4.03, 4.23, 2.61, 2.9, 3.63, 4.6, 4.24, 4.23, 7.92, 11.477, 13.337, 13.23, 13.574], [2.72, 2.99, 3.09, 3.26, 3.46, 3.37, 3.34, 2.89, 2.96, 3.49, 5.12, 6.64, 6.62, 6.46, 6.389, 6.69, 6.509, 7.27, 7.56, 6.76, 6.91, 6.7, 6.0, 5.58, 5.22, 5.31, 5.11, 4.85, 5.14, 4.65, 4.07, 2.71, 2.29, 3.24, 3.87, 3.92, 4.03, 4.21, 4.67, 4.96, 4.88, 5.34, 5.72, 6.42, 6.43, 6.18, 5.25, 3.91, 3.86, 4.2, 4.14, 3.77, 3.56, 3.63, 3.61, 3.45, 3.08, 2.56, 1.78, 1.7, 1.34, 0, 1.94, 4.25, 6.02, 5.66, 5.49, 6.28, 5.98, 5.3, 5.49, 5.95, 5.13, 4.27, 4.65, 2.91, 2.52, 3.17, 4.08, 3.76, 4.37, 7.965, 11.515, 13.384, 13.287, 13.605], [3.84, 4.15, 4.59, 4.62, 4.28, 4.03, 3.94, 3.59, 3.66, 4.49, 6.02, 7.6, 7.54, 7.42, 7.37, 7.65, 7.47, 8.25, 8.52, 7.78, 7.83, 7.64, 6.94, 6.52, 6.36, 6.23, 6.11, 5.89, 6.18, 5.59, 5.07, 3.53, 2.53, 3.4, 4.25, 4.62, 4.43, 4.49, 4.97, 5.28, 5.5, 6.1, 6.68, 7.34, 7.49, 6.88, 5.91, 5.03, 4.82, 5.14, 5.04, 4.75, 4.34, 4.35, 4.69, 4.93, 4.68, 4.12, 3.0, 2.88, 2.6, 1.94, 0, 3.15, 5.2, 4.84, 4.69, 5.447, 5.18, 4.68, 4.85, 5.25, 4.45, 3.97, 4.39, 3.05, 3.96, 4.39, 5.38, 4.48, 3.89, 7.156, 10.7, 12.51, 12.464, 12.755], [5.69, 6.34, 6.84, 7.09, 6.85, 6.76, 6.541, 5.8, 6.283, 7.499, 9.07, 10.65, 10.63, 10.47, 10.419, 10.696, 10.519, 11.3, 11.57, 10.77, 10.92, 10.71, 10.01, 9.59, 9.23, 9.32, 9.12, 8.86, 9.15, 8.66, 8.08, 6.48, 4.88, 5.87, 6.62, 6.93, 6.74, 6.92, 7.52, 8.03, 8.31, 8.93, 9.49, 10.31, 10.34, 9.93, 8.88, 7.44, 7.15, 7.45, 7.45, 7.22, 6.69, 6.78, 7.22, 7.44, 7.09, 6.59, 5.71, 5.03, 4.51, 4.25, 3.15, 0, 2.25, 1.89, 1.86, 2.71, 2.55, 2.25, 2.4, 2.72, 2.34, 2.64, 3.2, 4.22, 6.07, 6.46, 7.35, 6.43, 3.96, 4.157, 7.682, 9.517, 9.453, 9.765], [7.2, 7.93, 8.53, 8.8, 8.78, 8.75, 8.524, 7.763, 8.27, 9.489, 11.096, 12.64, 12.58, 12.46, 12.409, 12.686, 12.509, 13.289, 13.54, 12.76, 12.85, 12.68, 11.98, 11.56, 11.18, 11.25, 11.11, 10.81, 11.1, 10.59, 10.05, 8.47, 6.843, 7.966, 8.51, 8.62, 8.57, 8.81, 9.43, 9.94, 10.2, 10.84, 11.38, 12.22, 12.23, 11.84, 10.71, 9.189, 8.74, 8.98, 8.9, 8.79, 8.5, 8.29, 8.91, 9.17, 8.58, 8.0, 7.48, 6.68, 6.1, 6.02, 5.2, 2.25, 0, 0.78, 1.07, 1.08, 1.18, 1.72, 1.59, 1.53, 1.87, 3.21, 3.67, 4.81, 7.4, 7.37, 8.18, 7.14, 4.47, 2.92, 5.629, 7.508, 7.439, 7.755], [6.94, 7.61, 8.17, 8.46, 8.42, 8.39, 8.16, 7.39, 7.9, 9.11, 10.72, 12.26, 12.2, 12.08, 12.03, 12.31, 12.13, 12.91, 13.16, 12.38, 12.47, 12.3, 11.6, 11.18, 10.8, 10.87, 10.73, 10.43, 10.72, 10.21, 9.67, 8.09, 6.47, 7.6, 8.15, 8.3, 8.27, 8.49, 9.11, 9.64, 9.9, 10.54, 11.04, 11.86, 11.87, 11.48, 10.35, 8.81, 8.4, 8.68, 8.6, 8.49, 8.14, 8.03, 8.59, 8.85, 8.36, 7.84, 7.18, 6.4, 5.88, 5.66, 4.84, 1.89, 0.78, 0, 0.69, 1.1, 1.3, 1.3, 1.25, 1.67, 1.91, 3.19, 3.61, 4.73, 7.06, 7.19, 8.08, 6.9, 4.15, 3.04, 5.983, 7.841, 7.769, 8.087], [6.75, 7.42, 8.0, 8.27, 8.27, 8.24, 8.021, 7.268, 7.761, 8.979, 10.606, 12.11, 12.05, 11.93, 11.879, 12.176, 11.999, 12.759, 13.01, 12.23, 12.32, 12.15, 11.45, 11.03, 10.65, 10.72, 10.58, 10.28, 10.57, 10.06, 9.52, 7.94, 6.34, 7.49, 8.06, 8.13, 8.14, 8.3, 9.0, 9.53, 9.77, 10.33, 10.87, 11.67, 11.7, 11.31, 10.14, 8.66, 8.17, 8.43, 8.41, 8.26, 7.93, 7.8, 8.36, 8.6, 7.99, 7.41, 6.89, 6.09, 5.49, 5.49, 4.69, 1.86, 1.07, 0.69, 0, 0.91, 1.11, 1.31, 1.24, 1.6, 1.6, 2.78, 3.18, 4.28, 6.83, 6.92, 7.81, 6.61, 3.78, 2.99, 6.117, 8.019, 7.949, 8.258], [7.48, 8.21, 8.79, 9.04, 9.06, 9.03, 8.811, 8.058, 8.551, 9.761, 11.382, 12.876, 12.76, 12.696, 12.646, 12.961, 12.781, 13.509, 13.74, 13.013, 13.069, 12.916, 12.216, 11.779, 11.34, 11.43, 11.31, 10.99, 11.28, 10.79, 10.286, 8.723, 7.121, 8.28, 8.77, 8.78, 8.81, 8.97, 9.71, 10.26, 10.52, 11.08, 11.66, 12.42, 12.45, 12.059, 10.85, 9.426, 8.86, 9.08, 9.04, 8.85, 8.58, 8.45, 9.05, 9.25, 8.58, 7.96, 7.5, 6.7, 6.18, 6.28, 5.447, 2.71, 1.08, 1.1, 0.91, 0, 0.88, 1.52, 1.29, 1.35, 1.69, 3.05, 3.27, 4.59, 7.46, 7.55, 8.24, 6.9, 3.83, 2.6, 5.416, 7.258, 7.265, 7.64], [7.24, 7.95, 8.49, 8.74, 8.76, 8.75, 8.5, 7.75, 8.24, 9.45, 11.079, 12.56, 12.44, 12.38, 12.33, 12.65, 12.47, 13.19, 13.42, 12.7, 12.75, 12.6, 11.9, 11.46, 11.02, 11.11, 10.99, 10.67, 10.96, 10.47, 9.97, 8.41, 6.83, 8.02, 8.57, 8.58, 8.65, 8.77, 9.53, 10.06, 10.32, 10.88, 11.42, 12.14, 12.17, 11.76, 10.53, 9.11, 8.54, 8.76, 8.72, 8.53, 8.28, 8.19, 8.75, 8.95, 8.28, 7.72, 7.2, 6.4, 5.9, 5.98, 5.18, 2.55, 1.18, 1.3, 1.11, 0.88, 0, 1.18, 0.97, 0.87, 1.19, 2.59, 2.87, 4.29, 7.14, 7.25, 7.92, 6.56, 3.67, 2.72, 5.718, 7.556, 7.525, 7.934], [6.68, 7.23, 7.77, 8.02, 8.04, 8.01, 7.78, 7.09, 7.52, 8.63, 10.24, 11.72, 11.62, 11.54, 11.49, 11.81, 11.63, 12.35, 12.58, 11.86, 11.91, 11.76, 11.06, 10.62, 10.24, 10.29, 10.15, 9.85, 10.14, 9.63, 9.13, 7.67, 6.33, 7.56, 8.11, 8.24, 8.25, 8.43, 9.07, 9.54, 9.82, 10.38, 10.8, 11.42, 11.43, 11.08, 9.93, 8.39, 8.04, 8.26, 8.24, 8.17, 7.82, 7.79, 8.19, 8.33, 7.82, 7.3, 6.68, 5.88, 5.34, 5.3, 4.68, 2.25, 1.72, 1.3, 1.31, 1.52, 1.18, 0, 0.69, 0.99, 1.35, 2.31, 2.65, 3.85, 6.42, 6.65, 7.44, 5.96, 3.25, 3.3, 6.489, 8.344, 8.25, 8.584], [6.91, 7.48, 7.98, 8.21, 8.23, 8.24, 8.03, 7.34, 7.75, 8.88, 10.51, 11.99, 11.87, 11.81, 11.76, 12.08, 11.9, 12.62, 12.85, 12.13, 12.18, 12.03, 11.33, 10.89, 10.45, 10.54, 10.42, 10.1, 10.39, 9.9, 9.4, 7.9, 6.56, 7.81, 8.36, 8.37, 8.46, 8.56, 9.26, 9.77, 10.01, 10.59, 11.03, 11.67, 11.7, 11.31, 10.1, 8.6, 8.07, 8.35, 8.35, 8.26, 7.93, 7.9, 8.28, 8.42, 7.93, 7.39, 6.73, 5.97, 5.47, 5.49, 4.85, 2.4, 1.59, 1.25, 1.24, 1.29, 0.97, 0.69, 0, 0.84, 1.12, 2.32, 2.62, 3.98, 6.63, 6.86, 7.59, 6.17, 3.3, 3.21, 6.231, 8.08, 7.997, 8.392], [7.29, 7.94, 8.48, 8.73, 8.71, 8.72, 8.49, 7.78, 8.21, 9.32, 10.95, 12.43, 12.31, 12.25, 12.2, 12.52, 12.34, 13.06, 13.29, 12.57, 12.62, 12.47, 11.77, 11.33, 10.89, 10.98, 10.86, 10.54, 10.83, 10.34, 9.84, 8.28, 6.92, 8.19, 8.74, 8.71, 8.82, 8.96, 9.68, 10.19, 10.43, 11.03, 11.47, 12.13, 12.16, 11.77, 10.52, 9.02, 8.57, 8.79, 8.73, 8.68, 8.33, 8.34, 8.76, 8.94, 8.37, 7.87, 7.29, 6.49, 5.99, 5.95, 5.25, 2.72, 1.53, 1.67, 1.6, 1.35, 0.87, 0.99, 0.84, 0, 1.34, 2.6, 2.92, 4.32, 7.09, 7.2, 7.89, 6.37, 3.58, 2.85, 5.793, 7.652, 7.588, 7.98], [6.41, 7.08, 7.64, 7.87, 7.89, 7.86, 7.67, 6.98, 7.41, 8.58, 10.209, 11.69, 11.57, 11.51, 11.46, 11.78, 11.6, 12.32, 12.55, 11.83, 11.88, 11.73, 11.03, 10.59, 10.15, 10.24, 10.12, 9.8, 10.09, 9.6, 9.1, 7.58, 6.18, 7.41, 7.96, 7.99, 8.06, 8.18, 8.88, 9.37, 9.61, 10.17, 10.63, 11.29, 11.32, 10.93, 9.76, 8.28, 7.75, 7.97, 7.97, 7.84, 7.55, 7.38, 7.92, 8.12, 7.49, 6.91, 6.41, 5.59, 5.03, 5.13, 4.45, 2.34, 1.87, 1.91, 1.6, 1.69, 1.19, 1.35, 1.12, 1.34, 0, 1.52, 1.92, 3.42, 6.27, 6.36, 6.95, 5.79, 3.0, 3.19, 6.543, 8.468, 8.379, 8.768], [5.75, 6.22, 6.56, 6.79, 6.95, 7.08, 6.99, 6.28, 6.49, 7.48, 9.07, 10.55, 10.49, 10.37, 10.32, 10.64, 10.46, 11.2, 11.45, 10.69, 10.76, 10.59, 9.89, 9.47, 9.09, 9.16, 9.02, 8.72, 9.01, 8.5, 7.96, 6.78, 5.66, 6.77, 7.38, 7.45, 7.56, 7.7, 8.38, 8.83, 8.95, 9.37, 9.75, 10.33, 10.38, 10.07, 9.02, 7.68, 7.33, 7.51, 7.43, 7.36, 7.17, 7.0, 7.22, 7.12, 6.45, 5.87, 5.37, 4.55, 4.03, 4.27, 3.97, 2.64, 3.21, 3.19, 2.78, 3.05, 2.59, 2.31, 2.32, 2.6, 1.52, 0, 1.04, 2.36, 5.17, 5.2, 5.83, 4.77, 2.04, 4.09, 7.685, 9.63, 9.55, 9.865], [6.27, 6.7, 6.76, 7.01, 7.41, 7.6, 7.51, 6.82, 6.95, 7.62, 9.15, 10.55, 10.43, 10.37, 10.34, 10.68, 10.52, 11.22, 11.41, 10.69, 10.74, 10.59, 9.91, 9.45, 9.01, 9.1, 9.02, 8.7, 8.99, 8.46, 8.12, 7.22, 6.14, 7.23, 7.88, 7.81, 7.96, 8.08, 8.76, 9.19, 9.29, 9.75, 10.07, 10.55, 10.66, 10.51, 9.44, 8.18, 7.77, 7.91, 7.85, 7.7, 7.55, 7.38, 7.62, 7.22, 6.33, 5.69, 5.37, 4.57, 4.23, 4.65, 4.39, 3.2, 3.67, 3.61, 3.18, 3.27, 2.87, 2.65, 2.62, 2.92, 1.92, 1.04, 0, 2.2, 5.13, 5.2, 5.79, 4.49, 2.02, 4.09, 7.758, 9.673, 9.664, 10.059], [4.85, 5.2, 5.1, 5.37, 5.91, 5.98, 5.95, 5.3, 5.39, 5.66, 7.15, 8.51, 8.51, 8.39, 8.28, 8.62, 8.5, 9.2, 9.25, 8.53, 8.62, 8.65, 8.01, 7.49, 7.05, 7.04, 6.98, 6.68, 6.97, 6.52, 6.32, 5.5, 4.78, 5.79, 6.44, 6.37, 6.46, 6.7, 7.28, 7.61, 7.61, 8.01, 8.31, 8.75, 8.88, 8.79, 7.78, 6.5, 6.15, 6.33, 6.27, 6.12, 5.99, 5.9, 5.98, 5.56, 4.61, 4.05, 3.71, 3.05, 2.61, 2.91, 3.05, 4.22, 4.81, 4.73, 4.2