[[0, 0.66, 0.82, 1.18, 1.07, 1.19, 1.49, 1.28, 1.33, 1.21, 1.15, 1.6, 2.53, 3.65, 3.19, 3.54, 3.63, 2.81, 2.97, 2.47, 1.85, 2.42, 2.61, 2.41, 2.38, 2.5, 3.41, 4.13, 3.82, 4.332, 3.29, 1.77, 2.02, 2.68, 2.45, 1.02, 1.27, 2.143, 2.41, 1.95, 2.14, 1.71, 1.71, 1.92, 2.61, 2.91, 3.328, 3.879, 2.84, 2.73, 2.36, 2.03, 1.39, 1.22, 1.7, 1.57, 1.6, 2.24, 2.51, 2.43, 2.89, 3.94, 4.63, 4.6, 4.66, 3.93, 4.1, 3.97, 3.99, 3.32, 3.38, 4.03, 5.06, 5.52, 5.59, 5.52, 5.96, 6.08, 5.71, 5.3, 4.61, 4.07, 4.46, 4.93, 4.49, 4.78], [0.66, 0, 0.96, 1.56, 1.41, 1.57, 1.93, 1.66, 1.55, 1.45, 1.45, 1.84, 2.71, 3.87, 3.35, 3.72, 3.81, 2.97, 3.17, 2.71, 1.97, 2.46, 2.51, 2.31, 2.28, 2.38, 3.27, 4.03, 3.7, 4.212, 3.21, 1.69, 1.86, 2.72, 2.41, 1.16, 1.27, 2.08, 2.35, 1.91, 1.96, 1.69, 1.87, 1.98, 2.57, 2.728, 3.182, 3.759, 2.62, 2.55, 2.18, 1.93, 1.41, 1.46, 1.82, 1.71, 1.9, 2.56, 2.69, 2.61, 3.13, 4.24, 4.83, 4.84, 4.94, 4.23, 4.34, 4.21, 4.23, 3.6, 3.56, 4.27, 5.3, 5.74, 5.81, 5.7, 6.1, 6.24, 5.87, 5.44, 4.73, 4.19, 4.64, 5.07, 4.55, 4.86], [0.82, 0.96, 0, 0.9, 1.25, 1.47, 1.59, 1.4, 1.27, 1.11, 1.05, 1.26, 2.03, 3.17, 2.65, 3.02, 3.01, 2.43, 2.67, 2.09, 1.91, 2.714, 3.01, 2.69, 2.66, 2.78, 3.85, 4.51, 4.12, 4.604, 3.513, 1.77, 1.88, 2.88, 2.747, 1.06, 1.59, 2.563, 2.77, 2.31, 2.52, 2.11, 1.83, 2.36, 3.01, 3.27, 3.61, 4.239, 3.18, 3.07, 2.78, 2.45, 1.91, 1.34, 1.54, 1.73, 1.72, 2.06, 2.21, 2.17, 2.63, 3.54, 4.15, 4.08, 4.16, 3.45, 3.62, 3.49, 3.57, 2.88, 3.02, 3.63, 4.64, 5.08, 5.15, 5.08, 5.52, 5.64, 5.27, 4.84, 4.17, 3.63, 4.04, 4.47, 3.99, 4.28], [1.18, 1.56, 0.9, 0, 1.13, 1.49, 1.41, 1.26, 1.09, 1.23, 0.99, 1.2, 1.81, 2.85, 2.51, 2.94, 3.01, 2.61, 2.81, 2.25, 2.07, 3.02, 3.33, 3.13, 3.06, 3.18, 4.31, 4.87, 4.5, 4.93, 3.85, 2.11, 2.12, 3.1, 3.03, 1.42, 1.93, 2.86, 3.11, 2.65, 2.86, 2.43, 2.09, 2.62, 3.27, 3.59, 3.93, 4.499, 3.5, 3.41, 3.18, 2.85, 2.23, 1.56, 1.7, 1.97, 1.48, 1.62, 2.09, 1.87, 2.15, 3.06, 3.83, 3.74, 3.7, 3.01, 3.24, 3.07, 3.15, 2.76, 2.94, 3.49, 4.42, 4.76, 4.83, 4.76, 5.2, 5.32, 4.95, 4.54, 3.95, 3.41, 3.9, 4.43, 3.97, 4.32], [1.07, 1.41, 1.25, 1.13, 0, 0.76, 0.88, 0.77, 0.94, 1.36, 1.32, 1.71, 2.44, 3.54, 3.16, 3.61, 3.68, 3.2, 3.38, 2.78, 2.18, 2.65, 2.86, 2.66, 2.67, 2.91, 3.86, 4.3, 3.97, 4.52, 3.4, 1.84, 2.11, 2.73, 2.66, 1.55, 1.52, 2.29, 2.56, 2.08, 2.21, 1.8, 1.8, 2.03, 2.6, 2.86, 3.32, 3.951, 2.79, 2.68, 2.25, 2.06, 1.46, 1.27, 1.47, 1.68, 1.13, 1.75, 2.12, 2.06, 2.5, 3.49, 4.34, 4.23, 4.11, 3.4, 3.61, 3.56, 3.7, 3.25, 3.35, 3.98, 4.99, 5.43, 5.42, 5.35, 5.71, 5.83, 5.5, 5.03, 4.36, 3.86, 4.51, 4.94, 4.54, 4.87], [1.19, 1.57, 1.47, 1.49, 0.76, 0, 0.6, 0.91, 1.22, 1.54, 1.42, 1.91, 2.72, 3.88, 3.4, 3.79, 3.86, 3.26, 3.48, 2.86, 2.22, 2.53, 2.8, 2.7, 2.75, 2.97, 3.9, 4.28, 3.91, 4.32, 3.2, 1.82, 2.17, 2.73, 2.48, 1.71, 1.54, 2.11, 2.42, 1.96, 1.97, 1.6, 1.78, 1.93, 2.42, 2.62, 3.08, 3.737, 2.51, 2.4, 2.11, 1.82, 1.24, 1.27, 1.45, 1.52, 1.23, 1.89, 2.18, 2.16, 2.46, 3.49, 4.42, 4.31, 4.09, 3.4, 3.65, 3.68, 3.88, 3.45, 3.53, 4.2, 5.27, 5.71, 5.68, 5.47, 5.83, 5.93, 5.62, 5.15, 4.52, 4.08, 4.71, 5.1, 4.76, 5.01], [1.49, 1.93, 1.59, 1.41, 0.88, 0.6, 0, 0.69, 1.1, 1.5, 1.54, 1.85, 2.58, 3.7, 3.3, 3.69, 3.76, 3.14, 3.36, 2.78, 2.42, 2.79, 2.98, 2.86, 2.77, 2.95, 4.12, 4.52, 4.13, 4.52, 3.42, 2.04, 2.17, 2.87, 2.84, 1.91, 1.82, 2.31, 2.62, 2.2, 2.21, 1.9, 2.0, 2.19, 2.64, 2.8, 3.28, 3.937, 2.71, 2.62, 2.37, 2.0, 1.54, 1.45, 1.65, 1.78, 1.33, 1.79, 2.3, 2.36, 2.46, 3.37, 4.2, 4.09, 3.83, 3.16, 3.43, 3.46, 3.68, 3.31, 3.43, 4.06, 5.05, 5.53, 5.5, 5.25, 5.63, 5.73, 5.42, 4.97, 4.32, 3.86, 4.53, 4.94, 4.62, 4.85], [1.28, 1.66, 1.4, 1.26, 0.77, 0.91, 0.69, 0, 0.61, 1.27, 1.31, 1.64, 2.31, 3.35, 2.99, 3.4, 3.51, 2.91, 3.13, 2.57, 2.29, 3.02, 3.23, 2.87, 2.82, 3.02, 4.25, 4.73, 4.4, 4.91, 3.81, 2.11, 2.06, 3.04, 2.93, 1.7, 1.73, 2.68, 2.93, 2.45, 2.52, 2.03, 1.99, 2.22, 2.87, 3.17, 3.67, 4.35, 3.1, 3.03, 2.64, 2.29, 1.51, 1.36, 1.66, 1.83, 1.26, 1.6, 2.07, 2.07, 2.41, 3.2, 3.79, 3.68, 3.66, 2.93, 3.12, 3.13, 3.31, 3.02, 3.14, 3.79, 4.74, 5.14, 5.11, 4.88, 5.26, 5.34, 4.99, 4.52, 3.87, 3.47, 4.24, 4.67, 4.35, 4.58], [1.33, 1.55, 1.27, 1.09, 0.94, 1.22, 1.1, 0.61, 0, 1.1, 1.18, 1.27, 1.86, 2.92, 2.56, 2.97, 3.04, 2.58, 2.78, 2.32, 2.24, 3.23, 3.5, 3.06, 2.99, 3.19, 4.42, 5.04, 4.73, 5.26, 4.16, 2.22, 2.03, 3.35, 3.28, 1.47, 2.0, 3.03, 3.24, 2.78, 2.87, 2.34, 2.06, 2.39, 3.18, 3.54, 4.04, 4.7, 3.47, 3.4, 2.93, 2.56, 1.9, 1.25, 1.53, 1.78, 1.15, 1.59, 1.96, 1.94, 2.24, 3.07, 3.52, 3.47, 3.51, 2.78, 2.93, 2.88, 3.02, 2.61, 2.67, 3.34, 4.31, 4.77, 4.76, 4.57, 4.93, 5.01, 4.68, 4.21, 3.52, 3.1, 3.77, 4.22, 3.9, 4.13], [1.21, 1.45, 1.11, 1.23, 1.36, 1.54, 1.5, 1.27, 1.1, 0, 0.94, 1.21, 1.7, 2.74, 2.26, 2.65, 2.7, 1.98, 2.14, 1.68, 1.86, 2.57, 2.84, 2.54, 2.45, 2.69, 3.98, 4.58, 4.21, 4.68, 3.64, 1.76, 1.51, 2.73, 2.64, 1.31, 1.62, 2.59, 2.72, 2.32, 2.65, 2.28, 2.2, 2.63, 3.24, 3.38, 3.76, 4.2, 3.19, 3.24, 2.95, 2.64, 2.02, 1.69, 2.01, 2.1, 2.01, 2.35, 2.82, 2.7, 2.92, 3.63, 4.0, 3.97, 4.13, 3.38, 3.39, 3.28, 3.26, 2.59, 2.77, 3.32, 4.33, 4.83, 4.88, 4.93, 5.45, 5.53, 5.18, 4.73, 4.08, 3.58, 3.89, 4.28, 3.84, 4.13], [1.15, 1.45, 1.05, 0.99, 1.32, 1.42, 1.54, 1.31, 1.18, 0.94, 0, 0.69, 1.68, 2.78, 2.26, 2.53, 2.68, 2.08, 2.3, 1.66, 1.58, 2.65, 2.82, 2.54, 2.63, 2.85, 3.94, 4.58, 4.23, 4.66, 3.68, 1.92, 1.91, 2.79, 2.7, 0.91, 1.56, 2.49, 2.7, 2.34, 2.61, 2.22, 1.92, 2.43, 3.06, 3.36, 3.78, 4.22, 3.25, 3.22, 2.93, 2.6, 2.02, 1.49, 1.59, 1.8, 1.59, 2.11, 2.44, 2.32, 2.48, 3.41, 4.04, 4.01, 4.13, 3.36, 3.43, 3.3, 3.3, 2.67, 2.69, 3.32, 4.41, 4.89, 5.02, 4.99, 5.51, 5.61, 5.28, 4.81, 4.18, 3.68, 3.95, 4.44, 3.94, 4.25], [1.6, 1.84, 1.26, 1.2, 1.71, 1.91, 1.85, 1.64, 1.27, 1.21, 0.69, 0, 1.25, 2.41, 1.75, 2.04, 2.23, 1.69, 1.93, 1.39, 1.81, 2.96, 3.13, 2.93, 2.96, 3.16, 4.37, 5.01, 4.62, 5.01, 4.07, 2.21, 2.1, 3.12, 2.99, 0.96, 1.97, 2.88, 3.03, 2.67, 3.02, 2.65, 2.11, 2.8, 3.49, 3.77, 4.19, 4.59, 3.6, 3.65, 3.36, 3.05, 2.47, 1.72, 1.7, 2.01, 1.78, 2.04, 2.33, 2.27, 2.25, 3.18, 3.65, 3.64, 3.82, 3.03, 3.0, 2.87, 2.91, 2.26, 2.3, 2.91, 3.96, 4.42, 4.57, 4.62, 5.16, 5.26, 4.93, 4.46, 3.83, 3.33, 3.58, 4.03, 3.57, 3.8], [2.53, 2.71, 2.03, 1.81, 2.44, 2.72, 2.58, 2.31, 1.86, 1.7, 1.68, 1.25, 0, 1.4, 1.04, 1.35, 1.46, 1.38, 1.8, 1.56, 2.54, 3.63, 3.98, 3.72, 3.77, 4.05, 5.16, 5.88, 5.55, 5.9, 5.02, 3.18, 2.81, 4.07, 3.86, 1.91, 2.96, 3.87, 3.96, 3.66, 4.07, 3.72, 3.1, 3.83, 4.56, 4.82, 5.2, 5.6, 4.59, 4.68, 4.39, 4.06, 3.46, 2.65, 2.69, 2.88, 2.33, 2.27, 2.52, 2.66, 2.04, 2.53, 2.88, 2.89, 3.11, 2.36, 2.25, 2.06, 2.12, 1.65, 1.71, 2.06, 3.03, 3.49, 3.66, 3.93, 4.41, 4.51, 4.18, 3.69, 3.06, 2.58, 2.89, 3.34, 2.98, 3.23], [3.65, 3.87, 3.17, 2.85, 3.54, 3.88, 3.7, 3.35, 2.92, 2.74, 2.78, 2.41, 1.4, 0, 1.06, 1.35, 1.56, 2.08, 2.4, 2.68, 3.8, 4.87, 5.22, 4.92, 4.85, 5.13, 6.48, 7.2, 6.83, 7.22, 6.26, 4.38, 3.99, 5.37, 5.12, 3.13, 4.24, 5.21, 5.18, 4.88, 5.31, 4.96, 4.36, 5.07, 5.8, 6.06, 6.44, 6.88, 5.83, 5.92, 5.63, 5.3, 4.64, 3.85, 3.93, 4.12, 3.43, 2.97, 3.26, 3.36, 2.74, 2.35, 1.94, 1.97, 2.53, 2.04, 1.53, 1.54, 1.46, 1.17, 1.25, 1.32, 1.91, 2.35, 2.48, 2.83, 3.21, 3.41, 3.08, 2.55, 1.96, 1.68, 2.21, 2.52, 2.46, 2.71], [3.19, 3.35, 2.65, 2.51, 3.16, 3.4, 3.3, 2.99, 2.56, 2.26, 2.26, 1.75, 1.04, 1.06, 0, 1.01, 1.34, 1.36, 1.9, 1.86, 3.02, 4.13, 4.46, 4.2, 4.13, 4.47, 5.72, 6.36, 6.05, 6.4, 5.46, 3.66, 3.29, 4.61, 4.34, 2.57, 3.56, 4.37, 4.64, 4.3, 4.67, 4.3, 3.64, 4.47, 5.14, 5.42, 5.78, 6.18, 5.19, 5.28, 5.03, 4.72, 4.12, 3.33, 3.35, 3.54, 3.01, 2.73, 3.02, 3.1, 2.5, 2.65, 2.46, 2.49, 2.93, 2.32, 1.81, 1.76, 1.9, 1.39, 1.37, 1.74, 2.55, 3.05, 3.14, 3.41, 3.89, 3.99, 3.66, 3.17, 2.56, 2.14, 2.53, 2.9, 2.68, 2.89], [3.54, 3.72, 3.02, 2.94, 3.61, 3.79, 3.69, 3.4, 2.97, 2.65, 2.53, 2.04, 1.35, 1.35, 1.01, 0, 0.85, 1.17, 1.69, 1.81, 2.89, 4.02, 4.35, 4.39, 4.4, 4.72, 5.79, 6.53, 6.24, 6.53, 5.65, 3.95, 3.6, 4.82, 4.55, 2.88, 3.85, 4.62, 4.81, 4.61, 4.96, 4.59, 3.91, 4.76, 5.41, 5.69, 6.07, 6.47, 5.48, 5.57, 5.32, 5.03, 4.49, 3.7, 3.66, 3.85, 3.42, 3.3, 3.59, 3.69, 3.07, 2.7, 2.61, 2.58, 3.0, 2.47, 2.0, 2.05, 1.79, 1.28, 1.48, 1.79, 2.68, 3.14, 3.29, 3.46, 4.0, 4.1, 3.75, 3.3, 2.67, 2.17, 2.62, 2.83, 2.75, 2.94], [3.63, 3.81, 3.01, 3.01, 3.68, 3.86, 3.76, 3.51, 3.04, 2.7, 2.68, 2.23, 1.46, 1.56, 1.34, 0.85, 0, 1.16, 1.4, 1.68, 2.76, 3.83, 4.22, 4.38, 4.49, 4.77, 5.78, 6.52, 6.25, 6.56, 5.68, 3.92, 3.57, 4.83, 4.56, 2.91, 3.86, 4.63, 4.84, 4.66, 4.97, 4.6, 3.92, 4.77, 5.42, 5.7, 6.08, 6.48, 5.49, 5.58, 5.33, 5.06, 4.56, 3.73, 3.69, 3.9, 3.53, 3.43, 3.62, 3.82, 3.24, 3.09, 2.78, 2.71, 3.29, 2.8, 2.23, 2.12, 2.0, 1.57, 1.79, 1.94, 2.75, 3.31, 3.48, 3.67, 4.15, 4.23, 3.9, 3.43, 2.8, 2.4, 2.63, 3.0, 2.6, 2.87], [2.81, 2.97, 2.43, 2.61, 3.2, 3.26, 3.14, 2.91, 2.58, 1.98, 2.08, 1.69, 1.38, 2.08, 1.36, 1.17, 1.16, 0, 0.76, 0.9, 1.9, 2.95, 3.3, 3.44, 3.53, 3.87, 4.84, 5.58, 5.33, 5.64, 4.76, 3.02, 2.63, 3.87, 3.62, 2.05, 2.98, 3.75, 4.02, 3.76, 4.05, 3.68, 3.04, 3.85, 4.48, 4.76, 5.18, 5.54, 4.59, 4.66, 4.43, 4.16, 3.68, 2.85, 2.97, 3.06, 3.13, 3.25, 3.48, 3.58, 3.12, 3.51, 3.48, 3.45, 3.81, 3.12, 2.81, 2.66, 2.72, 2.15, 2.31, 2.72, 3.65, 4.19, 4.34, 4.53, 5.027, 5.13, 4.8, 4.31, 3.68, 3.18, 3.45, 3.8, 3.371, 3.601], [2.97, 3.17, 2.67, 2.81, 3.38, 3.48, 3.36, 3.13, 2.78, 2.14, 2.3, 1.93, 1.8, 2.4, 1.9, 1.69, 1.4, 0.76, 0, 0.8, 1.8, 2.81, 3.3, 3.6, 3.73, 4.03, 5.0, 5.72, 5.47, 5.8, 4.94, 3.2, 2.79, 3.99, 3.74, 2.23, 3.08, 3.87, 4.08, 3.86, 4.13, 3.78, 3.14, 3.93, 4.58, 4.86, 5.26, 5.64, 4.67, 4.74, 4.53, 4.26, 3.78, 2.97, 3.07, 3.2, 3.33, 3.45, 3.76, 3.82, 3.46, 3.97, 3.9, 3.81, 4.27, 3.6, 3.23, 3.0, 3.0, 2.57, 2.79, 2.92, 3.85, 4.49, 4.64, 4.91, 5.361, 5.51, 5.18, 4.69, 4.06, 3.56, 3.812, 4.145, 3.745, 3.975], [2.47, 2.71, 2.09, 2.25, 2.78, 2.86, 2.78, 2.57, 2.32, 1.68, 1.66, 1.39, 1.56, 2.68, 1.86, 1.81, 1.68, 0.9, 0.8, 0, 1.38, 2.43, 2.88, 3.18, 3.35, 3.71, 4.56, 5.24, 4.99, 5.34, 4.5, 2.78, 2.45, 3.51, 3.3, 1.81, 2.66, 3.43, 3.6, 3.42, 3.75, 3.36, 2.7, 3.55, 4.18, 4.46, 4.86, 5.24, 4.27, 4.36, 4.11, 3.84, 3.32, 2.51, 2.57, 2.66, 2.75, 2.91, 3.3, 3.24, 3.04, 3.71, 4.14, 4.03, 4.35, 3.58, 3.39, 3.24, 3.28, 2.81, 2.85, 3.22, 4.21, 4.83, 4.98, 5.21, 5.701, 5.83, 5.485, 5.01, 4.38, 3.88, 4.15, 4.485, 4.065, 4.315], [1.85, 1.97, 1.91, 2.07, 2.18, 2.22, 2.42, 2.29, 2.24, 1.86, 1.58, 1.81, 2.54, 3.8, 3.02, 2.89, 2.76, 1.9, 1.8, 1.38, 0, 1.27, 1.78, 2.5, 2.85, 3.09, 3.68, 4.18, 3.83, 4.12, 3.28, 1.98, 2.09, 2.59, 2.1, 1.45, 1.62, 2.21, 2.54, 2.24, 2.43, 2.16, 1.88, 2.25, 2.88, 3.16, 3.56, 3.94, 2.97, 3.1, 2.89, 2.62, 2.18, 1.95, 2.07, 2.06, 2.31, 2.85, 3.14, 3.0, 3.32, 4.37, 5.2, 5.11, 5.17, 4.4, 4.39, 4.3, 4.38, 3.83, 3.95, 4.38, 5.41, 6.01, 6.16, 6.327, 6.787, 6.941, 6.611, 6.13, 5.5, 5.0, 5.258, 5.6, 5.191, 5.421], [2.42, 2.46, 2.714, 3.02, 2.65, 2.53, 2.79, 3.02, 3.23, 2.57, 2.65, 2.96, 3.63, 4.87, 4.13, 4.02, 3.83, 2.95, 2.81, 2.43, 1.27, 0, 1.25, 2.03, 2.4, 2.68, 2.89, 3.49, 3.14, 3.25, 2.69, 1.95, 2.2, 2.06, 1.65, 2.34, 1.77, 1.72, 2.21, 1.95, 1.86, 1.91, 2.41, 2.2, 2.35, 2.53, 2.91, 3.13, 2.5, 2.61, 2.6, 2.21, 2.27, 2.8, 2.88, 2.79, 3.24, 3.8, 4.07, 3.91, 4.29, 5.46, 6.33, 6.28, 6.26, 5.55, 5.54, 5.45, 5.55, 4.98, 5.08, 5.51, 6.48, 7.1, 7.25, 7.46, 7.917, 8.06, 7.721, 7.24, 6.61, 6.11, 6.368, 6.707, 6.301, 6.531], [2.61, 2.51, 3.01, 3.33, 2.86, 2.8, 2.98, 3.23, 3.5, 2.84, 2.82, 3.13, 3.98, 5.22, 4.46, 4.35, 4.22, 3.3, 3.3, 2.88, 1.78, 1.25, 0, 1.32, 1.71, 1.95, 2.36, 2.74, 2.65, 3.08, 2.24, 1.84, 2.09, 1.53, 1.26, 2.53, 1.8, 1.77, 2.22, 1.9, 1.85, 2.06, 2.74, 2.63, 2.46, 2.26, 2.8, 3.0, 2.39, 2.6, 2.39, 2.1, 2.28, 3.05, 3.27, 3.2, 3.55, 4.11, 4.36, 4.22, 4.66, 5.79, 6.66, 6.57, 6.57, 5.82, 5.93, 5.82, 5.9, 5.21, 5.33, 5.86, 6.85, 7.427, 7.577, 7.67, 8.153, 8.31, 7.98, 7.47, 6.84, 6.34, 6.61, 7.02, 6.537, 6.77], [2.41, 2.31, 2.69, 3.13, 2.66, 2.7, 2.86, 2.87, 3.06, 2.54, 2.54, 2.93, 3.72, 4.92, 4.2, 4.39, 4.38, 3.44, 3.6, 3.18, 2.5, 2.03, 1.32, 0, 0.71, 1.09, 1.88, 2.44, 2.29, 2.8, 1.88, 1.58, 1.71, 1.35, 1.52, 2.43, 1.64, 1.67, 2.36, 2.1, 2.07, 2.2, 2.84, 2.89, 2.68, 2.3, 2.7, 3.0, 2.55, 2.78, 2.57, 2.36, 2.46, 3.09, 3.33, 3.36, 3.63, 3.97, 4.52, 4.36, 4.82, 5.75, 6.26, 6.29, 6.45, 5.66, 5.81, 5.68, 5.68, 4.97, 4.95, 5.64, 6.61, 7.09, 7.18, 7.29, 7.65, 7.77, 7.48, 6.95, 6.28, 5.78, 6.11, 6.6, 6.1, 6.384], [2.38, 2.28, 2.66, 3.06, 2.67, 2.75, 2.77, 2.82, 2.99, 2.45, 2.63, 2.96, 3.77, 4.85, 4.13, 4.4, 4.49, 3.53, 3.73, 3.35, 2.85, 2.4, 1.71, 0.71, 0, 0.86, 2.17, 2.71, 2.56, 3.15, 2.05, 1.73, 1.78, 1.72, 1.89, 2.54, 1.85, 1.88, 2.59, 2.23, 2.22, 2.37, 2.97, 3.1, 2.85, 2.45, 2.81, 3.17, 2.7, 2.85, 2.64, 2.53, 2.65, 3.16, 3.4, 3.49, 3.72, 4.02, 4.59, 4.41, 4.87, 5.82, 6.15, 6.16, 6.42, 5.65, 5.66, 5.55, 5.55, 4.84, 4.78, 5.49, 6.44, 6.92, 6.97, 7.0, 7.32, 7.48, 7.17, 6.66, 5.89, 5.37, 5.74, 6.19, 5.75, 6.06], [2.5, 2.38, 2.78, 3.18, 2.91, 2.97, 2.95, 3.02, 3.19, 2.69, 2.85, 3.16, 4.05, 5.13, 4.47, 4.72, 4.77, 3.87, 4.03, 3.71, 3.09, 2.68, 1.95, 1.09, 0.86, 0, 1.71, 2.39, 2.1, 2.75, 1.69, 1.85, 2.02, 2.02, 2.13, 2.7, 1.99, 1.76, 2.19, 2.27, 2.3, 2.53, 3.19, 3.26, 2.99, 2.19, 2.43, 2.67, 2.42, 2.61, 2.52, 2.57, 2.79, 3.42, 3.66, 3.67, 3.96, 4.24, 4.81, 4.67, 5.15, 6.08, 6.41, 6.4, 6.62, 5.85, 5.92, 5.79, 5.79, 5.1, 5.02, 5.73, 6.72, 7.12, 7.19, 7.26, 7.6, 7.76, 7.43, 6.94, 6.21, 5.67, 6.0, 6.47, 5.99, 6.28], [3.41, 3.27, 3.85, 4.31, 3.86, 3.9, 4.12, 4.25, 4.42, 3.98, 3.94, 4.37, 5.16, 6.48, 5.72, 5.79, 5.78, 4.84, 5.0, 4.56, 3.68, 2.89, 2.36, 1.88, 2.17, 1.71, 0, 1.2, 1.27, 1.54, 1.54, 2.8, 3.11, 2.51, 2.64, 3.67, 2.78, 2.25, 2.26, 2.76, 2.87, 3.26, 3.92, 3.83, 3.46, 2.46, 2.6, 2.32, 2.79, 2.92, 2.79, 3.16, 3.52, 4.23, 4.43, 4.34, 4.73, 5.35, 5.62, 5.42, 6.0, 7.11, 7.78, 7.77, 7.85, 7.14, 7.29, 7.16, 7.18, 6.49, 6.45, 7.08, 8.11, 8.59, 8.72, 8.73, 9.15, 9.25, 8.88, 8.45, 7.76, 7.22, 7.55, 8.08, 7.54, 7.83], [4.13, 4.03, 4.51, 4.87, 4.3, 4.28, 4.52, 4.73, 5.04, 4.58, 4.58, 5.01, 5.88, 7.2, 6.36, 6.53, 6.52, 5.58, 5.72, 5.24, 4.18, 3.49, 2.74, 2.44, 2.71, 2.39, 1.2, 0, 1.01, 1.2, 1.58, 3.26, 3.61, 2.49, 2.58, 4.33, 3.26, 2.67, 2.8, 3.16, 3.25, 3.66, 4.36, 4.25, 3.86, 2.84, 3.0, 2.52, 3.17, 3.32, 3.15, 3.5, 3.88, 4.67, 4.89, 4.84, 5.17, 5.79, 6.0, 6.0, 6.42, 7.57, 8.42, 8.33, 8.23, 7.52, 7.69, 7.6, 7.72, 7.09, 7.11, 7.8, 8.87, 9.31, 9.36, 9.35, 9.83, 9.93, 9.56, 9.13, 8.5, 8.0, 8.31, 8.8, 8.26, 8.55], [3.82, 3.7, 4.12, 4.5, 3.97, 3.91, 4.13, 4.4, 4.73, 4.21, 4.23, 4.62, 5.55, 6.83, 6.05, 6.24, 6.25, 5.33, 5.47, 4.99, 3.83, 3.14, 2.65, 2.29, 2.56, 2.1, 1.27, 1.01, 0, 0.79, 1.05, 2.73, 3.12, 2.5, 2.27, 3.94, 2.95, 2.2, 2.23, 2.53, 2.64, 3.23, 3.93, 3.64, 3.19, 2.29, 2.21, 1.77, 2.44, 2.59, 2.44, 2.83, 3.37, 4.26, 4.46, 4.39, 4.72, 5.36, 5.45, 5.55, 5.97, 7.1, 7.97, 7.86, 7.72, 7.01, 7.2, 7.13, 7.27, 6.62, 6.74, 7.37, 8.44, 8.88, 8.95, 8.94, 9.44, 9.54, 9.19, 8.76, 8.13, 7.63, 7.92, 8.41, 7.87, 8.16], [4.332, 4.212, 4.604, 4.93, 4.52, 4.32, 4.52, 4.91, 5.26, 4.68, 4.66, 5.01, 5.9, 7.22, 6.4, 6.53, 6.56, 5.64, 5.8, 5.34, 4.12, 3.25, 3.08, 2.8, 3.15, 2.75, 1.54, 1.2, 0.79, 0, 1.32, 3.14, 3.57, 2.75, 2.58, 4.39, 3.34, 2.35, 2.4, 2.88, 2.79, 3.42, 4.16, 3.73, 3.3, 2.36, 2.2, 1.72, 2.55, 2.72, 2.83, 3.1, 3.72, 4.69, 4.61, 4.5, 5.11, 5.73, 5.82, 5.82, 6.24, 7.47, 8.4, 8.29, 8.09, 7.36, 7.53, 7.5, 7.66, 7.03, 7.21, 7.82, 8.85, 9.29, 9.38, 9.41, 9.95, 10.05, 9.7, 9.25, 8.62, 8.12, 8.41, 8.86, 8.34, 8.61], [3.29, 3.21, 3.513, 3.85, 3.4, 3.2, 3.42, 3.81, 4.16, 3.64, 3.68, 4.07, 5.02, 6.26, 5.46, 5.65, 5.68, 4.76, 4.94, 4.5, 3.28, 2.69, 2.24, 1.88, 2.05, 1.69, 1.54, 1.58, 1.05, 1.32, 0, 2.1, 2.55, 1.99, 1.9, 3.43, 2.3, 1.61, 1.78, 2.04, 1.97, 2.44, 3.18, 3.01, 2.62, 1.58, 1.56, 1.44, 1.81, 2.06, 2.07, 2.36, 2.78, 3.61, 3.59, 3.52, 4.05, 4.63, 4.88, 4.8, 5.2, 6.41, 7.32, 7.21, 6.99, 6.3, 6.51, 6.48, 6.66, 5.97, 6.21, 6.86, 7.87, 8.31, 8.32, 8.29, 8.81, 8.91, 8.56, 8.13, 7.5, 7.0, 7.35, 7.82, 7.28, 7.57], [1.77, 1.69, 1.77, 2.11, 1.84, 1.82, 2.04, 2.11, 2.22, 1.76, 1.92, 2.21, 3.18, 4.38, 3.66, 3.95, 3.92, 3.02, 3.2, 2.78, 1.98, 1.95, 1.84, 1.58, 1.73, 1.85, 2.8, 3.26, 2.73, 3.14, 2.1, 0, 0.73, 1.49, 1.56, 1.67, 1.04, 1.57, 2.12, 1.62, 1.51, 1.42, 1.88, 2.01, 2.18, 1.88, 2.34, 2.82, 1.97, 2.16, 2.03, 1.9, 1.62, 1.93, 2.17, 2.2, 2.49, 3.05, 3.28, 3.28, 3.56, 4.51, 5.32, 5.25, 5.17, 4.42, 4.55, 4.52, 4.68, 4.01, 4.21, 4.86, 5.89, 6.33, 6.3, 6.33, 6.85, 6.95, 6.62, 6.15, 5.52, 5.02, 5.45, 5.8, 5.36, 5.63], [2.02, 1.86, 1.88, 2.12, 2.11, 2.17, 2.17, 2.06, 2.03, 1.51, 1.91, 2.1, 2.81, 3.99, 3.29, 3.6, 3.57, 2.63, 2.79, 2.45, 2.09, 2.2, 2.09, 1.71, 1.78, 2.02, 3.11, 3.61, 3.12, 3.57, 2.55, 0.73, 0, 1.66, 1.61, 1.74, 1.37, 2.14, 2.67, 2.09, 1.86, 1.73, 2.05, 2.32, 2.49, 2.29, 2.81, 3.35, 2.52, 2.67, 2.38, 2.23, 1.93, 2.04, 2.28, 2.45, 2.62, 3.08, 3.47, 3.35, 3.51, 4.36, 4.95, 4.88, 4.92, 4.17, 4.28, 4.27, 4.35, 3.72, 3.84, 4.51, 5.54, 5.98, 5.99, 6.08, 6.52, 6.64, 6.31, 5.82, 5.17, 4.67, 5.12, 5.47, 5.05, 5.32], [2.68, 2.72, 2.88, 3.1, 2.73, 2.73, 2.87, 3.04, 3.35, 2.73, 2.79, 3.12, 4.07, 5.37, 4.61, 4.82, 4.83, 3.87, 3.99, 3.51, 2.59, 2.06, 1.53, 1.35, 1.72, 2.02, 2.51, 2.49, 2.5, 2.75, 1.99, 1.49, 1.66, 0, 0.93, 2.62, 1.69, 1.82, 2.43, 2.01, 1.76, 1.77, 2.37, 2.46, 2.33, 2.11, 2.55, 2.83, 2.34, 2.61, 2.52, 2.29, 2.23, 2.84, 2.84, 2.89, 3.3, 3.78, 4.23, 4.07, 4.47, 5.58, 6.55, 6.42, 6.18, 5.45, 5.6, 5.59, 5.71, 5.12, 5.3, 5.89, 6.96, 7.46, 7.55, 7.54, 8.086, 8.22, 7.87, 7.4, 6.77, 6.27, 6.56, 6.99, 6.507, 6.777], [2.45, 2.41, 2.747, 3.03, 2.66, 2.48, 2.84, 2.93, 3.28, 2.64, 2.7, 2.99, 3.86, 5.12, 4.34, 4.55, 4.56, 3.62, 3.74, 3.3, 2.1, 1.65, 1.26, 1.52, 1.89, 2.13, 2.64, 2.58, 2.27, 2.58, 1.9, 1.56, 1.61, 0.93, 0, 2.39, 1.5, 1.71, 2.26, 1.74, 1.49, 1.66, 2.32, 2.19, 2.06, 2.12, 2.52, 2.82, 2.21, 2.42, 2.15, 1.88, 1.9, 2.73, 2.83, 2.74, 3.15, 3.73, 4.0, 3.98, 4.3, 5.45, 6.42, 6.29, 6.15, 5.42, 5.47, 5.4, 5.54, 4.99, 5.17, 5.68, 6.71, 7.23, 7.36, 7.45, 7.99, 8.124, 7.774, 7.31, 6.68, 6.18, 6.45, 6.8, 6.397, 6.627], [1.02, 1.16, 1.06, 1.42, 1.55, 1.71, 1.91, 1.7, 1.47, 1.31, 0.91, 0.96, 1.91, 3.13, 2.57, 2.88, 2.91, 2.05, 2.23, 1.81, 1.45, 2.34, 2.53, 2.43, 2.54, 2.7, 3.67, 4.33, 3.94, 4.39, 3.43, 1.67, 1.74, 2.62, 2.39, 0, 1.33, 2.26, 2.47, 1.97, 2.24, 1.91, 1.63, 2.06, 2.81, 3.03, 3.49, 3.93, 2.88, 2.95, 2.58, 2.23, 1.71, 1.16, 1.34, 1.53, 1.78, 2.34, 2.41, 2.37, 2.57, 3.58, 4.25, 4.22, 4.36, 3.61, 3.66, 3.53, 3.57, 2.94, 2.9, 3.55, 4.6, 5.08, 5.21, 5.3, 5.76, 5.88, 5.55, 5.06, 4.41, 3.91, 4.18, 4.63, 4.13, 4.4], [1.27, 1.27, 1.59, 1.93, 1.52, 1.54, 1.82, 1.73, 2.0, 1.62, 1.56, 1.97, 2.96, 4.24, 3.56, 3.85, 3.86, 2.98, 3.08, 2.66, 1.62, 1.77, 1.8, 1.64, 1.85, 1.99, 2.78, 3.26, 2.95, 3.34, 2.3, 1.04, 1.37, 1.69, 1.5, 1.33, 0, 1.29, 1.94, 1.34, 1.29, 1.04, 1.46, 1.51, 1.9, 2.02, 2.4, 2.82, 2.01, 2.06, 1.83, 1.5, 1.22, 1.67, 1.87, 1.8, 2.15, 2.67, 3.06, 3.04, 3.46, 4.47, 5.34, 5.27, 5.09, 4.4, 4.59, 4.54, 4.62, 3.99, 4.07, 4.76, 5.83, 6.33, 6.38, 6.37, 6.83, 6.93, 6.6, 6.11, 5.48, 4.98, 5.33, 5.84, 5.34, 5.63], [2.143, 2.08, 2.563, 2.86, 2.29, 2.11, 2.31, 2.68, 3.03, 2.59, 2.49, 2.88, 3.87, 5.21, 4.37, 4.62, 4.63, 3.75, 3.87, 3.43, 2.21, 1.72, 1.77, 1.67, 1.88, 1.76, 2.25, 2.67, 2.2, 2.35, 1.61, 1.57, 2.14, 1.82, 1.71, 2.26, 1.29, 0, 1.07, 1.11, 1.22, 1.55, 2.09, 2.02, 1.99, 1.31, 1.57, 1.95, 1.3, 1.37, 1.5, 1.51, 1.69, 2.46, 2.5, 2.37, 2.86, 3.56, 3.75, 3.71, 4.11, 5.38, 6.31, 6.22, 5.98, 5.27, 5.46, 5.43, 5.55, 4.96, 5.0, 5.71, 6.78, 7.28, 7.37, 7.36, 7.849, 7.96, 7.63, 7.16, 6.53, 6.03, 6.3, 6.81, 6.29, 6.58], [2.41, 2.35, 2.77, 3.11, 2.56, 2.42, 2.62, 2.93, 3.24, 2.72, 2.7, 3.03, 3.96, 5.18, 4.64, 4.81, 4.84, 4.02, 4.08, 3.6, 2.54, 2.21, 2.22, 2.36, 2.59, 2.19, 2.26, 2.8, 2.23, 2.4, 1.78, 2.12, 2.67, 2.43, 2.26, 2.47, 1.94, 1.07, 0, 1.1, 1.73, 2.2, 2.78, 2.59, 2.58, 1.6, 1.64, 1.88, 1.35, 1.5, 1.59, 1.82, 1.98, 2.73, 2.95, 2.72, 3.15, 3.77, 3.88, 3.88, 4.26, 5.45, 6.42, 6.29, 6.19, 5.44, 5.45, 5.44, 5.52, 4.99, 5.11, 5.6, 6.67, 7.23, 7.38, 7.47, 7.99, 8.144, 7.814, 7.33, 6.7, 6.2, 6.47, 6.806, 6.394, 6.65], [1.95, 1.91, 2.31, 2.65, 2.08, 1.96, 2.2, 2.45, 2.78, 2.32, 2.34, 2.67, 3.66, 4.88, 4.3, 4.61, 4.66, 3.76, 3.86, 3.42, 2.24, 1.95, 1.9, 2.1, 2.23, 2.27, 2.76, 3.16, 2.53, 2.88, 2.04, 1.62, 2.09, 2.01, 1.74, 1.97, 1.34, 1.11, 1.1, 0, 0.95, 1.42, 2.08, 1.85, 1.82, 1.46, 1.66, 2.1, 1.17, 1.3, 1.11, 1.2, 1.28, 2.15, 2.43, 2.3, 2.67, 3.23, 3.36, 3.46, 3.86, 4.99, 5.94, 5.81, 5.65, 4.84, 4.95, 5.02, 5.12, 4.53, 4.67, 5.26, 6.31, 6.85, 7.0, 6.973, 7.513, 7.647, 7.317, 6.844, 6.214, 5.714, 6.01, 6.417, 5.94, 6.17], [2.14, 1.96, 2.52, 2.86, 2.21, 1.97, 2.21, 2.52, 2.87, 2.65, 2.61, 3.02, 4.07, 5.31, 4.67, 4.96, 4.97, 4.05, 4.13, 3.75, 2.43, 1.86, 1.85, 2.07, 2.22, 2.3, 2.87, 3.25, 2.64, 2.79, 1.97, 1.51, 1.86, 1.76, 1.49, 2.24, 1.29, 1.22, 1.73, 0.95, 0, 0.87, 1.67, 1.22, 1.11, 1.17, 1.53, 1.93, 1.08, 1.25, 1.06, 0.89, 1.13, 2.14, 2.12, 2.05, 2.6, 3.3, 3.43, 3.43, 3.79, 5.12, 6.09, 5.94, 5.7, 4.95, 5.16, 5.25, 5.37, 4.82, 4.9, 5.63, 6.7, 7.22, 7.27, 7.203, 7.663, 7.797, 7.484, 7.0, 6.364, 5.87, 6.28, 6.69, 6.21, 6.48], [1.71, 1.69, 2.11, 2.43, 1.8, 1.6, 1.9, 2.03, 2.34, 2.28, 2.22, 2.65, 3.72, 4.96, 4.3, 4.59, 4.6, 3.68, 3.78, 3.36, 2.16, 1.91, 2.06, 2.2, 2.37, 2.53, 3.26, 3.66, 3.23, 3.42, 2.44, 1.42, 1.73, 1.77, 1.66, 1.91, 1.04, 1.55, 2.2, 1.42, 0.87, 0, 1.04, 0.81, 1.08, 1.5, 1.92, 2.44, 1.57, 1.52, 1.41, 1.08, 0.88, 1.53, 1.55, 1.48, 1.99, 2.71, 2.88, 2.88, 3.38, 4.67, 5.64, 5.49, 5.17, 4.48, 4.73, 4.88, 5.04, 4.47, 4.55, 5.28, 6.39, 6.89, 6.86, 6.748, 7.11, 7.25, 6.937, 6.45, 5.8, 5.3, 5.93, 6.34, 5.88, 6.17], [1.71, 1.87, 1.83, 2.09, 1.8, 1.78, 2.0, 1.99, 2.06, 2.2, 1.92, 2.11, 3.1, 4.36, 3.64, 3.91, 3.92, 3.04, 3.14, 2.7, 1.88, 2.41, 2.74, 2.84, 2.97, 3.19, 3.92, 4.36, 3.93, 4.16, 3.18, 1.88, 2.05, 2.37, 2.32, 1.63, 1.46, 2.09, 2.78, 2.08, 1.67, 1.04, 0, 1.01, 1.68, 2.24, 2.74, 3.24, 2.17, 2.14, 2.09, 1.78, 1.4, 1.11, 1.05, 1.04, 1.51, 2.15, 2.42, 2.32, 2.82, 4.03, 5.0, 4.85, 4.55, 3.84, 4.15, 4.3, 4.42, 3.85, 3.97, 4.7, 5.79, 6.31, 6.3, 6.162, 6.522, 6.69, 6.32, 5.83, 5.2, 4.7, 5.33, 5.72, 5.28, 5.55], [1.92, 1.98, 2.36, 2.62, 2.03, 1.93, 2.19, 2.22, 2.39, 2.63, 2.43, 2.8, 3.83, 5.07, 4.47, 4.76, 4.77, 3.85, 3.93, 3.55, 2.25, 2.2, 2.63, 2.89, 3.1, 3.26, 3.83, 4.25, 3.64, 3.73, 3.01, 2.01, 2.32, 2.46, 2.19, 2.06, 1.51, 2.02, 2.59, 1.85, 1.22, 0.81, 1.01, 0, 1.01, 1.81, 2.21, 2.71, 1.74, 1.67, 1.58, 1.19, 1.13, 1.44, 1.32, 1.23, 1.86, 2.72, 2.75, 2.83, 3.41, 4.62, 5.59, 5.44, 5.12, 4.45, 4.76, 4.93, 5.11, 4.56, 4.66, 5.39, 6.48, 7.0, 6.97, 6.801, 7.055, 7.22, 6.89, 6.42, 5.71, 5.27, 6.02, 6.41, 5.97, 6.24], [2.61, 2.57, 3.01, 3.27, 2.6, 2.42, 2.64, 2.87, 3.18, 3.24, 3.06, 3.49, 4.56, 5.8, 5.14, 5.41, 5.42, 4.48, 4.58, 4.18, 2.88, 2.35, 2.46, 2.68, 2.85, 2.99, 3.46, 3.86, 3.19, 3.3, 2.62, 2.18, 2.49, 2.33, 2.06, 2.81, 1.9, 1.99, 2.58, 1.82, 1.11, 1.08, 1.68, 1.01, 0, 1.46, 1.54, 2.04, 1.67, 1.56, 1.51, 1.24, 1.6, 2.25, 2.21, 2.02, 2.67, 3.49, 3.56, 3.62, 4.22, 5.47, 6.44, 6.29, 5.97, 5.28, 5.57, 5.74, 5.88, 5.29, 5.41, 6.14, 7.23, 7.75, 7.72, 7.605, 7.899, 8.03, 7.74, 7.25, 6.54, 6.08, 6.77, 7.18, 6.72, 7.01], [2.91, 2.728, 3.27, 3.59, 2.86, 2.62, 2.8, 3.17, 3.54, 3.38, 3.36, 3.77, 4.82, 6.06, 5.42, 5.69, 5.7, 4.76, 4.86, 4.46, 3.16, 2.53, 2.26, 2.3, 2.45, 2.19, 2.46, 2.84, 2.29, 2.36, 1.58, 1.88, 2.29, 2.11, 2.12, 3.03, 2.02, 1.31, 1.6, 1.46, 1.17, 1.5, 2.24, 1.81, 1.46, 0, 0.9, 1.42, 1.01, 1.2, 1.15, 1.4, 1.8, 2.75, 2.73, 2.6, 3.17, 3.83, 4.02, 3.92, 4.44, 5.69, 6.66, 6.51, 6.29, 5.54, 5.89, 5.98, 6.1, 5.55, 5.65, 6.38, 7.47, 7.99, 7.96, 7.845, 8.242, 8.41, 8.04, 7.55, 6.917, 6.42, 7.05, 7.4, 6.96, 7.23], [3.328, 3.182, 3.61, 3.93, 3.32, 3.08, 3.28, 3.67, 4.04, 3.76, 3.78, 4.19, 5.2, 6.44, 5.78, 6.07, 6.08, 5.18, 5.26, 4.86, 3.56, 2.91, 2.8, 2.7, 2.81, 2.43, 2.6, 3.0, 2.21, 2.2, 1.56, 2.34, 2.81, 2.55, 2.52, 3.49, 2.4, 1.57, 1.64, 1.66, 1.53, 1.92, 2.74, 2.21, 1.54, 0.9, 0, 0.94, 1.09, 1.18, 1.41, 1.62, 2.22, 3.23, 3.17, 2.96, 3.69, 4.31, 4.4, 4.42, 4.98, 6.23, 7.2, 7.05, 6.75, 6.04, 6.35, 6.44, 6.56, 5.95, 6.13, 6.8, 7.89, 8.39, 8.38, 8.319, 8.736, 8.87, 8.54, 8.05, 7.42, 6.92, 7.43, 7.86, 7.4, 7.69], [3.879, 3.759, 4.239, 4.499, 3.951, 3.737, 3.937, 4.35, 4.7, 4.2, 4.22, 4.59, 5.6, 6.88, 6.18, 6.47, 6.48, 5.54, 5.64, 5.24, 3.94, 3.13, 3.0, 3.0, 3.17, 2.67, 2.32, 2.52, 1.77, 1.72, 1.44, 2.82, 3.35, 2.83, 2.82, 3.93, 2.82, 1.95, 1.88, 2.1, 1.93, 2.44, 3.24, 2.71, 2.04, 1.42, 0.94, 0, 1.41, 1.52, 1.87, 2.22, 2.86, 3.93, 3.85, 3.64, 4.39, 5.05, 5.1, 5.16, 5.62, 6.95, 7.92, 7.77, 7.49, 6.76, 6.93, 7.02, 7.14, 6.53, 6.67, 7.34, 8.41, 8.93, 8.98, 8.933, 9.459, 9.593, 9.263, 8.79, 8.16, 7.66, 7.99, 8.44, 7.94, 8.23], [2.84, 2.62, 3.18, 3.5, 2.79, 2.51, 2.71, 3.1, 3.47, 3.19, 3.25, 3.6, 4.59, 5.83, 5.19, 5.48, 5.49, 4.59, 4.67, 4.27, 2.97, 2.5, 2.39, 2.55, 2.7, 2.42, 2.79, 3.17, 2.44, 2.55, 1.81, 1.97, 2.52, 2.34, 2.21, 2.88, 2.01, 1.3, 1.35, 1.17, 1.08, 1.57, 2.17, 1.74, 1.67, 1.01, 1.09, 1.41, 0, 0.69, 0.9, 1.21, 1.61, 2.68, 2.7, 2.55, 3.18, 3.84, 3.87, 3.95, 4.33, 5.64, 6.61, 6.46, 6.24, 5.49, 5.58, 5.71, 5.85, 5.34, 5.5, 6.15, 7.24, 7.76, 7.75, 7.689, 8.2, 8.354, 8.004, 7.531, 6.91, 6.43, 6.9, 7.17, 6.79, 7.02], [2.73, 2.55, 3.07, 3.41, 2.68, 2.4, 2.62, 3.03, 3.4, 3.24, 3.22, 3.65, 4.68, 5.92, 5.28, 5.57, 5.58, 4.66, 4.74, 4.36, 3.1, 2.61, 2.6, 2.78, 2.85, 2.61, 2.92, 3.32, 2.59, 2.72, 2.06, 2.16, 2.67, 2.61, 2.42, 2.95, 2.06, 1.37, 1.5, 1.3, 1.25, 1.52, 2.14, 1.67, 1.56, 1.2, 1.18, 1.52, 0.69, 0, 0.87, 1.26, 1.64, 2.61, 2.65, 2.46, 3.05, 3.73, 3.76, 3.84, 4.32, 5.65, 6.62, 6.47, 6.15, 5.46, 5.67, 5.82, 5.98, 5.41, 5.51, 6.22, 7.33, 7.83, 7.8, 7.688, 8.124, 8.27, 7.929, 7.45, 6.82, 6.32, 6.87, 7.28, 6.82, 7.11], [2.36, 2.18, 2.78, 3.18, 2.25, 2.11, 2.37, 2.64, 2.93, 2.95, 2.93, 3.36, 4.39, 5.63, 5.03, 5.32, 5.33, 4.43, 4.53, 4.11, 2.89, 2.6, 2.39, 2.57, 2.64, 2.52, 2.79, 3.15, 2.44, 2.83, 2.07, 2.03, 2.38, 2.52, 2.15, 2.58, 1.83, 1.5, 1.59, 1.11, 1.06, 1.41, 2.09, 1.58, 1.51, 1.15, 1.41, 1.87, 0.9, 0.87, 0, 0.79, 1.19, 2.2, 2.38, 2.31, 2.7, 3.36, 3.33, 3.55, 4.11, 5.32, 6.25, 6.1, 5.82, 5.09, 5.34, 5.45, 5.59, 5.08, 5.16, 5.89, 6.98, 7.5, 7.49, 7.355, 7.703, 7.837, 7.547, 7.06, 6.39, 5.89, 6.5, 6.91, 6.45, 6.72], [2.03, 1.93, 2.45, 2.85, 2.06, 1.82, 2.0, 2.29, 2.56, 2.64, 2.6, 3.05, 4.06, 5.3, 4.72, 5.03, 5.06, 4.16, 4.26, 3.84, 2.62, 2.21, 2.1, 2.36, 2.53, 2.57, 3.16, 3.5, 2.83, 3.1, 2.36, 1.9, 2.23, 2.29, 1.88, 2.23, 1.5, 1.51, 1.82, 1.2, 0.89, 1.08, 1.78, 1.19, 1.24, 1.4, 1.62, 2.22, 1.21, 1.26, 0.79, 0, 0.84, 1.85, 1.97, 1.96, 2.37, 3.09, 2.98, 3.2, 3.66, 4.91, 5.84, 5.69, 5.41, 4.7, 4.97, 5.02, 5.24, 4.77, 4.83, 5.56, 6.65, 7.17, 7.18, 6.954, 7.344, 7.479, 7.16, 6.67, 6.06, 5.6, 6.15, 6.58, 6.12, 6.37], [1.39, 1.41, 1.91, 2.23, 1.46, 1.24, 1.54, 1.51, 1.9, 2.02, 2.02, 2.47, 3.46, 4.64, 4.12, 4.49, 4.56, 3.68, 3.78, 3.32, 2.18, 2.27, 2.28, 2.46, 2.65, 2.79, 3.52, 3.88, 3.37, 3.72, 2.78, 1.62, 1.93, 2.23, 1.9, 1.71, 1.22, 1.69, 1.98, 1.28, 1.13, 0.88, 1.4, 1.13, 1.6, 1.8, 2.22, 2.86, 1.61, 1.64, 1.19, 0.84, 0, 1.25, 1.55, 1.46, 1.69, 2.39, 2.42, 2.54, 3.02, 4.21, 5.12, 4.97, 4.71, 3.98, 4.25, 4.36, 4.56, 4.09, 4.21, 4.9, 5.97, 6.47, 6.44, 6.245, 6.642, 6.79, 6.46, 5.97, 5.34, 4.88, 5.47, 5.88, 5.52, 5.77], [1.22, 1.46, 1.34, 1.56, 1.27, 1.27, 1.45, 1.36, 1.25, 1.69, 1.49, 1.72, 2.65, 3.85, 3.33, 3.7, 3.73, 2.85, 2.97, 2.51, 1.95, 2.8, 3.05, 3.09, 3.16, 3.42, 4.23, 4.67, 4.26, 4.69, 3.61, 1.93, 2.04, 2.84, 2.73, 1.16, 1.67, 2.46, 2.73, 2.15, 2.14, 1.53, 1.11, 1.44, 2.25, 2.75, 3.23, 3.93, 2.68, 2.61, 2.2, 1.85, 1.25, 0, 0.6, 0.81, 0.86, 1.74, 1.85, 1.79, 2.21, 3.32, 4.27, 4.12, 3.92, 3.23, 3.54, 3.61, 3.79, 3.3, 3.4, 4.09, 5.18, 5.68, 5.65, 5.46, 5.729, 5.86, 5.57, 5.08, 4.39, 3.95, 4.66, 5.09, 4.71, 4.94], [1.7, 1.82, 1.54, 1.7, 1.47, 1.45, 1.65, 1.66, 1.53, 2.01, 1.59, 1.7, 2.69, 3.93, 3.35, 3.66, 3.69, 2.97, 3.07, 2.57, 2.07, 2.88, 3.27, 3.33, 3.4, 3.66, 4.43, 4.89, 4.46, 4.61, 3.59, 2.17, 2.28, 2.84, 2.83, 1.34, 1.87, 2.5, 2.95, 2.43, 2.12, 1.55, 1.05, 1.32, 2.21, 2.73, 3.17, 3.85, 2.7, 2.65, 2.38, 1.97, 1.55, 0.6, 0, 0.73, 1.02, 1.88, 1.99, 1.81, 2.21, 3.38, 4.35, 4.2, 3.9, 3.27, 3.62, 3.69, 3.87, 3.38, 3.46, 4.17, 5.28, 5.78, 5.75, 5.558, 5.815, 5.98, 5.65, 5.18, 4.47, 4.01, 4.76, 5.19, 4.75, 4.98], [1.57, 1.71, 1.73, 1.97, 1.68, 1.52, 1.78, 1.83, 1.78, 2.1, 1.8, 2.01, 2.88, 4.12, 3.54, 3.85, 3.9, 3.06, 3.2, 2.66, 2.06, 2.79, 3.2, 3.36, 3.49, 3.67, 4.34, 4.84, 4.39, 4.5, 3.52, 2.2, 2.45, 2.89, 2.74, 1.53, 1.8, 2.37, 2.72, 2.3, 2.05, 1.48, 1.04, 1.23, 2.02, 2.6, 2.96, 3.64, 2.55, 2.46, 2.31, 1.96, 1.46, 0.81, 0.73, 0, 1.05, 1.91, 2.08, 2.02, 2.5, 3.69, 4.66, 4.51, 4.19, 3.54, 3.91, 4.0, 4.16, 3.59, 3.71, 4.44, 5.53, 6.05, 6.02, 5.868, 6.122, 6.27, 5.96, 5.47, 4.74, 4.3, 5.07, 5.46, 5.02, 5.29], [1.6, 1.9, 1.72, 1.48, 1.13, 1.23, 1.33, 1.26, 1.15, 2.01, 1.59, 1.78, 2.33, 3.43, 3.01, 3.42, 3.53, 3.13, 3.33, 2.75, 2.31, 3.24, 3.55, 3.63, 3.72, 3.96, 4.73, 5.17, 4.72, 5.11, 4.05, 2.49, 2.62, 3.3, 3.15, 1.78, 2.15, 2.86, 3.15, 2.67, 2.6, 1.99, 1.51, 1.86, 2.67, 3.17, 3.69, 4.39, 3.18, 3.05, 2.7, 2.37, 1.69, 0.86, 1.02, 1.05, 0, 1.22, 1.33, 1.45, 1.71, 2.86, 3.83, 3.68, 3.44, 2.77, 3.1, 3.15, 3.31, 2.98, 3.14, 3.79, 4.76, 5.22, 5.19, 5.06, 5.309, 5.42, 5.13, 4.64, 3.95, 3.51, 4.32, 4.77, 4.43, 4.68], [2.24, 2.56, 2.06, 1.62, 1.75, 1.89, 1.79, 1.6, 1.59, 2.35, 2.11, 2.04, 2.27, 2.97, 2.73, 3.3, 3.43, 3.25, 3.45, 2.91, 2.85, 3.8, 4.11, 3.97, 4.02, 4.24, 5.35, 5.79, 5.36, 5.73, 4.63, 3.05, 3.08, 3.78, 3.73, 2.34, 2.67, 3.56, 3.77, 3.23, 3.3, 2.71, 2.15, 2.72, 3.49, 3.83, 4.31, 5.05, 3.84, 3.73, 3.36, 3.09, 2.39, 1.74, 1.88, 1.91, 1.22, 0, 1.03, 0.91, 1.37, 2.26, 3.07, 2.88, 2.68, 1.99, 2.42, 2.35, 2.67, 2.84, 2.98, 3.47, 4.34, 4.6, 4.45, 4.38, 4.66, 4.6, 4.27, 3.78, 3.53, 3.25, 4.18, 4.63, 4.41, 4.6], [2.51, 2.69, 2.21, 2.09, 2.12, 2.18, 2.3, 2.07, 1.96, 2.82, 2.44, 2.33, 2.52, 3.26, 3.02, 3.59, 3.62, 3.48, 3.76, 3.3, 3.14, 4.07, 4.36, 4.52, 4.59, 4.81, 5.62, 6.0, 5.45, 5.82, 4.88, 3.28, 3.47, 4.23, 4.0, 2.41, 3.06, 3.75, 3.88, 3.36, 3.43, 2.88, 2.42, 2.75, 3.56, 4.02, 4.4, 5.1, 3.87, 3.76, 3.33, 2.98, 2.42, 1.85, 1.99, 2.08, 1.33, 1.03, 0, 0.92, 1.22, 2.29, 3.1, 2.89, 2.59, 1.86, 2.39, 2.44, 2.88, 3.03, 3.29, 3.84, 4.59, 4.83, 4.64, 4.49, 4.81, 4.61, 4.22, 3.73, 3.74, 3.48, 4.35, 4.84, 4.56, 4.77], [2.43, 2.61, 2.17, 1.87, 2.06, 2.16, 2.36, 2.07, 1.94, 2.7, 2.32, 2.27, 2.66, 3.36, 3.1, 3.69, 3.82, 3.58, 3.82, 3.24, 3.0, 3.91, 4.22, 4.36, 4.41, 4.67, 5.42, 6.0, 5.55, 5.82, 4.8, 3.28, 3.35, 4.07, 3.98, 2.37, 3.04, 3.71, 3.88, 3.46, 3.43, 2.88, 2.32, 2.83, 3.62, 3.92, 4.42, 5.16, 3.95, 3.84, 3.55, 3.2, 2.54, 1.79, 1.81, 2.02, 1.45, 0.91, 0.92, 0, 1.0, 2.11, 3.04, 2.89, 2.67, 2.26, 2.81, 2.74, 3.1, 3.21, 3.41, 3.9, 4.67, 4.81, 4.56, 4.51, 4.91, 4.75, 4.24, 3.69, 3.86, 3.62, 4.57, 5.02, 4.8, 4.97], [2.89, 3.13, 2.63, 2.15, 2.5, 2.46, 2.46, 2.41, 2.24, 2.92, 2.48, 2.25, 2.04, 2.74, 2.5, 3.07, 3.24, 3.12, 3.46, 3.04, 3.32, 4.29, 4.66, 4.82, 4.87, 5.15, 6.0, 6.42, 5.97, 6.24, 5.2, 3.56, 3.51, 4.47, 4.3, 2.57, 3.46, 4.11, 4.26, 3.86, 3.79, 3.38, 2.82, 3.41, 4.22, 4.44, 4.98, 5.62, 4.33, 4.32, 4.11, 3.66, 3.02, 2.21, 2.21, 2.5, 1.71, 1.37, 1.22, 1.0, 0, 1.43, 2.48, 2.35, 2.13, 1.74, 2.13, 2.04, 2.38, 2.57, 2.67, 3.22, 4.05, 4.19, 3.94, 3.91, 4.49, 4.33, 3.86, 3.31, 3.44, 3.22, 4.01, 4.4, 4.2, 4.35], [3.94, 4.24, 3.54, 3.06, 3.49, 3.49, 3.37, 3.2, 3.07, 3.63, 3.41, 3.18, 2.53, 2.35, 2.65, 2.7, 3.09, 3.51, 3.97, 3.71, 4.37, 5.46, 5.79, 5.75, 5.82, 6.08, 7.11, 7.57, 7.1, 7.47, 6.41, 4.51, 4.36, 5.58, 5.45, 3.58, 4.47, 5.38, 5.45, 4.99, 5.12, 4.67, 4.03, 4.62, 5.47, 5.69, 6.23, 6.95, 5.64, 5.65, 5.32, 4.91, 4.21, 3.32, 3.38, 3.69, 2.86, 2.26, 2.29, 2.11, 1.43, 0, 1.17, 1.22, 1.2, 1.23, 1.68, 1.91, 1.75, 1.92, 1.98, 2.41, 3.18, 3.32, 3.17, 3.06, 3.4, 3.16, 2.77, 2.32, 2.47, 2.45, 3.62, 3.83, 3.97, 4.1], [4.63, 4.83, 4.15, 3.83, 4.34, 4.42, 4.2, 3.79, 3.52, 4.0, 4.04, 3.65, 2.88, 1.94, 2.46, 2.61, 2.78, 3.48, 3.9, 4.14, 5.2, 6.33, 6.66, 6.26, 6.15, 6.41, 7.78, 8.42, 7.97, 8.4, 7.32, 5.32, 4.95, 6.55, 6.42, 4.25, 5.34, 6.31, 6.42, 5.94, 6.09, 5.64, 5.0, 5.59, 6.44, 6.66, 7.2, 7.92, 6.61, 6.62, 6.25, 5.84, 5.12, 4.27, 4.35, 4.66, 3.83, 3.07, 3.1, 3.04, 2.48, 1.17, 0, 0.53, 1.13, 1.48, 1.39, 1.48, 1.32, 1.57, 1.63, 1.6, 2.09, 2.23, 2.16, 2.15, 2.39, 2.21, 1.88, 1.45, 1.7, 1.84, 2.87, 3.02, 3.16, 3.29], [4.6, 4.84, 4.08, 3.74, 4.23, 4.31, 4.09, 3.68, 3.47, 3.97, 4.01, 3.64, 2.89, 1.97, 2.49, 2.58, 2.71, 3.45, 3.81, 4.03, 5.11, 6.28, 6.57, 6.29, 6.16, 6.4, 7.77, 8.33, 7.86, 8.29, 7.21, 5.25, 4.88, 6.42, 6.29, 4.22, 5.27, 6.22, 6.29, 5.81, 5.94, 5.49, 4.85, 5.44, 6.29, 6.51, 7.05, 7.77, 6.46, 6.47, 6.1, 5.69, 4.97, 4.12, 4.2, 4.51, 3.68, 2.88, 2.89, 2.89, 2.35, 1.22, 0.53, 0, 1.06, 1.25, 1.18, 1.33, 1.21, 1.68, 1.78, 1.63, 2.2, 2.4, 2.27, 2.28, 2.54, 2.34, 1.89, 1.44, 1.81, 1.87, 2.94, 3.07, 3.17, 3.32], [4.66, 4.94, 4.16, 3.7, 4.11, 4.09, 3.83, 3.66, 3.51, 4.13, 4.13, 3.82, 3.11, 2.53, 2.93, 3.0, 3.29, 3.81, 4.27, 4.35, 5.17, 6.26, 6.57, 6.45, 6.42, 6.62, 7.85, 8.23, 7.72, 8.09, 6.99, 5.17, 4.92, 6.18, 6.15, 4.36, 5.09, 5.98, 6.19, 5.65, 5.7, 5.17, 4.55, 5.12, 5.97, 6.29, 6.75, 7.49, 6.24, 6.15, 5.82, 5.41, 4.71, 3.92, 3.9, 4.19, 3.44, 2.68, 2.59, 2.67, 2.13, 1.2, 1.13, 1.06, 0, 0.91, 1.46, 1.89, 1.93, 1.96, 2.24, 2.57, 2.9, 3.16, 3.07, 2.92, 3.24, 2.84, 2.41, 1.98, 2.49, 2.51, 3.62, 3.97, 4.03, 4.2], [3.93, 4.23, 3.45, 3.01, 3.4, 3.4, 3.16, 2.93, 2.78, 3.38, 3.36, 3.03, 2.36, 2.04, 2.32, 2.47, 2.8, 3.12, 3.6, 3.58, 4.4, 5.55, 5.82, 5.66, 5.65, 5.85, 7.14, 7.52, 7.01, 7.36, 6.3, 4.42, 4.17, 5.45, 5.42, 3.61, 4.4, 5.27, 5.44, 4.84, 4.95, 4.48, 3.84, 4.45, 5.28, 5.54, 6.04, 6.76, 5.49, 5.46, 5.09, 4.7, 3.98, 3.23, 3.27, 3.54, 2.77, 1.99, 1.86, 2.26, 1.74, 1.23, 1.48, 1.25, 0.91, 0, 1.09, 1.42, 1.64, 1.79, 2.05, 2.38, 3.09, 3.33, 3.16, 3.05, 3.33, 3.21, 2.72, 2.27, 2.38, 2.26, 3.29, 3.64, 3.6, 3.81], [4.1, 4.34, 3.62, 3.24, 3.61, 3.65, 3.43, 3.12, 2.93, 3.39, 3.43, 3.0, 2.25, 1.53, 1.81, 2.0, 2.23, 2.81, 3.23, 3.39, 4.39, 5.54, 5.93, 5.81, 5.66, 5.92, 7.29, 7.69, 7.2, 7.53, 6.51, 4.55, 4.28, 5.6, 5.47, 3.66, 4.59, 5.46, 5.45, 4.95, 5.16, 4.73, 4.15, 4.76, 5.57, 5.89, 6.35, 6.93, 5.58, 5.67, 5.34, 4.97, 4.25, 3.54, 3.62, 3.91, 3.1, 2.42, 2.39, 2.81, 2.13, 1.68, 1.39, 1.18, 1.46, 1.09, 0, 0.77, 1.05, 1.34, 1.56, 1.63, 2.32, 2.64, 2.51, 2.58, 3.02, 2.88, 2.55, 2.06, 1.91, 1.71, 2.54, 2.79, 2.87, 3.06], [3.97, 4.21, 3.49, 3.07, 3.56, 3.68, 3.46, 3.13, 2.88, 3.28, 3.3, 2.87, 2.06, 1.54, 1.76, 2.05, 2.12, 2.66, 3.0, 3.24, 4.3, 5.45, 5.82, 5.68, 5.55, 5.79, 7.16, 7.6, 7.13, 7.5, 6.48, 4.52, 4.27, 5.59, 5.4, 3.53, 4.54, 5.43, 5.44, 5.02, 5.25, 4.88, 4.3, 4.93, 5.74, 5.98, 6.44, 7.02, 5.71, 5.82, 5.45, 5.02, 4.36, 3.61, 3.69, 4.0, 3.15, 2.35, 2.44, 2.74, 2.04, 1.91, 1.48, 1.33, 1.89, 1.42, 0.77, 0, 0.9, 1.57, 1.77, 1.58, 2.27, 2.49, 2.36, 2.45, 3.01, 2.85, 2.5, 2.01, 1.96, 1.76, 2.35, 2.62, 2.54, 2.75], [3.99, 4.23, 3.57, 3.15, 3.7, 3.88, 3.68, 3.31, 3.02, 3.26, 3.3, 2.91, 2.12, 1.46, 1.9, 1.79, 2.0, 2.72, 3.0, 3.28, 4.38, 5.55, 5.9, 5.68, 5.55, 5.79, 7.18, 7.72, 7.27, 7.66, 6.66, 4.68, 4.35, 5.71, 5.54, 3.57, 4.62, 5.55, 5.52, 5.12, 5.37, 5.04, 4.42, 5.11, 5.88, 6.1, 6.56, 7.14, 5.85, 5.98, 5.59, 5.24, 4.56, 3.79, 3.87, 4.16, 3.31, 2.67, 2.88, 3.1, 2.38, 1.75, 1.32, 1.21, 1.93, 1.64, 1.05, 0.9, 0, 1.05, 1.25, 1.2, 1.99, 2.27, 2.18, 2.31, 2.85, 2.77, 2.379, 1.91, 1.72, 1.48, 2.25, 2.4, 2.56, 2.69], [3.32, 3.6, 2.88, 2.76, 3.25, 3.45, 3.31, 3.02, 2.61, 2.59, 2.67, 2.26, 1.65, 1.17, 1.39, 1.28, 1.57, 2.15, 2.57, 2.81, 3.83, 4.98, 5.21, 4.97, 4.84, 5.1, 6.49, 7.09, 6.62, 7.03, 5.97, 4.01, 3.72, 5.12, 4.99, 2.94, 3.99, 4.96, 4.99, 4.53, 4.82, 4.47, 3.85, 4.56, 5.29, 5.55, 5.95, 6.53, 5.34, 5.41, 5.08, 4.77, 4.09, 3.3, 3.38, 3.59, 2.98, 2.84, 3.03, 3.21, 2.57, 1.92, 1.57, 1.68, 1.96, 1.79, 1.34, 1.57, 1.05, 0, 0.64, 1.19, 1.96, 2.48, 2.55, 2.52, 3.04, 3.16, 2.83, 2.42, 1.79, 1.45, 2.1, 2.37, 2.39, 2.56], [3.38, 3.56, 3.02, 2.94, 3.35, 3.53, 3.43, 3.14, 2.67, 2.77, 2.69, 2.3, 1.71, 1.25, 1.37, 1.48, 1.79, 2.31, 2.79, 2.85, 3.95, 5.08, 5.33, 4.95, 4.78, 5.02, 6.45, 7.11, 6.74, 7.21, 6.21, 4.21, 3.84, 5.3, 5.17, 2.9, 4.07, 5.0, 5.11, 4.67, 4.9, 4.55, 3.97, 4.66, 5.41, 5.65, 6.13, 6.67, 5.5, 5.51, 5.16, 4.83, 4.21, 3.4, 3.46, 3.71, 3.14, 2.98, 3.29, 3.41, 2.67, 1.98, 1.63, 1.78, 2.24, 2.05, 1.56, 1.77, 1.25, 0.64, 0, 0.93, 1.88, 2.36, 2.59, 2.52, 2.94, 3.06, 2.73, 2.32, 1.73, 1.55, 2.14, 2.37, 2.35, 2.5], [4.03, 4.27, 3.63, 3.49, 3.98, 4.2, 4.06, 3.79, 3.34, 3.32, 3.32, 2.91, 2.06, 1.32, 1.74, 1.79, 1.94, 2.72, 2.92, 3.22, 4.38, 5.51, 5.86, 5.64, 5.49, 5.73, 7.08, 7.8, 7.37, 7.82, 6.86, 4.86, 4.51, 5.89, 5.68, 3.55, 4.76, 5.71, 5.6, 5.26, 5.63, 5.28, 4.7, 5.39, 6.14, 6.38, 6.8, 7.34, 6.15, 6.22, 5.89, 5.56, 4.9, 4.09, 4.17, 4.44, 3.79, 3.47, 3.84, 3.9, 3.22, 2.41, 1.6, 1.63, 2.57, 2.38, 1.63, 1.58, 1.2, 1.19, 0.93, 0, 1.19, 1.67, 1.98, 2.13, 2.55, 2.73, 2.38, 1.93, 1.6, 1.58, 2.05, 2.12, 2.2, 2.25], [5.06, 5.3, 4.64, 4.42, 4.99, 5.27, 5.05, 4.74, 4.31, 4.33, 4.41, 3.96, 3.03, 1.91, 2.55, 2.68, 2.75, 3.65, 3.85, 4.21, 5.41, 6.48, 6.85, 6.61, 6.44, 6.72, 8.11, 8.87, 8.44, 8.85, 7.87, 5.89, 5.54, 6.96, 6.71, 4.6, 5.83, 6.78, 6.67, 6.31, 6.7, 6.39, 5.79, 6.48, 7.23, 7.47, 7.89, 8.41, 7.24, 7.33, 6.98, 6.65, 5.97, 5.18, 5.28, 5.53, 4.76, 4.34, 4.59, 4.67, 4.05, 3.18, 2.09, 2.2, 2.9, 3.09, 2.32, 2.27, 1.99, 1.96, 1.88, 1.19, 0, 1.16, 1.59, 1.68, 1.96, 2.06, 1.87, 1.9, 1.81, 2.07, 2.36, 2.19, 2.45, 2.34], [5.52, 5.74, 5.08, 4.76, 5.43, 5.71, 5.53, 5.14, 4.77, 4.83, 4.89, 4.42, 3.49, 2.35, 3.05, 3.14, 3.31, 4.19, 4.49, 4.83, 6.01, 7.1, 7.427, 7.09, 6.92, 7.12, 8.59, 9.31, 8.88, 9.29, 8.31, 6.33, 5.98, 7.46, 7.23, 5.08, 6.33, 7.28, 7.23, 6.85, 7.22, 6.89, 6.31, 7.0, 7.75, 7.99, 8.39, 8.93, 7.76, 7.83, 7.5, 7.17, 6.47, 5.68, 5.78, 6.05, 5.22, 4.6, 4.83, 4.81, 4.19, 3.32, 2.23, 2.4, 3.16, 3.33, 2.64, 2.49, 2.27, 2.48, 2.36, 1.67, 1.16, 0, 0.67, 1.0, 1.32, 1.5, 1.69, 1.7, 1.85, 2.19, 2.28, 2.07, 2.29, 2.16], [5.59, 5.81, 5.15, 4.83, 5.42, 5.68, 5.5, 5.11, 4.76, 4.88, 5.02, 4.57, 3.66, 2.48, 3.14, 3.29, 3.48, 4.34, 4.64, 4.98, 6.16, 7.25, 7.577, 7.18, 6.97, 7.19, 8.72, 9.36, 8.95, 9.38, 8.32, 6.3, 5.99, 7.55, 7.36, 5.21, 6.38, 7.37, 7.38, 7.0, 7.27, 6.86, 6.3, 6.97, 7.72, 7.96, 8.38, 8.98, 7.75, 7.8, 7.49, 7.18, 6.44, 5.65, 5.75, 6.02, 5.19, 4.45, 4.64, 4.56, 3.94, 3.17, 2.16, 2.27, 3.07, 3.16, 2.51, 2.36, 2.18, 2.55, 2.59, 1.98, 1.59, 0.67, 0, 0.99, 1.43, 1.53, 1.54, 1.59, 1.92, 2.2, 2.25, 2.02, 2.24, 2.17], [5.52, 5.7, 5.08, 4.76, 5.35, 5.47, 5.25, 4.88, 4.57, 4.93, 4.99, 4.62, 3.93, 2.83, 3.41, 3.46, 3.67, 4.53, 4.91, 5.21, 6.327, 7.46, 7.67, 7.29, 7.0, 7.26, 8.73, 9.35, 8.94, 9.41, 8.29, 6.33, 6.08, 7.54, 7.45, 5.3, 6.37, 7.36, 7.47, 6.973, 7.203, 6.748, 6.162, 6.801, 7.605, 7.845, 8.319, 8.933, 7.689, 7.688, 7.355, 6.954, 6.245, 5.46, 5.558, 5.868, 5.06, 4.38, 4.49, 4.51, 3.91, 3.06, 2.15, 2.28, 2.92, 3.05, 2.58, 2.45, 2.31, 2.52, 2.52, 2.13, 1.68, 1.0, 0.99, 0, 0.94, 0.98, 1.11, 1.5, 1.73, 2.17, 2.34, 2.13, 2.35, 2.28], [5.96, 6.1, 5.52, 5.2, 5.71, 5.83, 5.63, 5.26, 4.93, 5.45, 5.51, 5.16, 4.41, 3.21, 3.89, 4.0, 4.15, 5.027, 5.361, 5.701, 6.787, 7.917, 8.153, 7.65, 7.32, 7.6, 9.15, 9.83, 9.44, 9.95, 8.81, 6.85, 6.52, 8.086, 7.99, 5.76, 6.83, 7.849, 7.99, 7.513, 7.663, 7.11, 6.522, 7.055, 7.899, 8.242, 8.736, 9.459, 8.2, 8.124, 7.703, 7.344, 6.642, 5.729, 5.815, 6.122, 5.309, 4.66, 4.81, 4.91, 4.49, 3.4, 2.39, 2.54, 3.24, 3.33, 3.02, 3.01, 2.85, 3.04, 2.94, 2.55, 1.96, 1.32, 1.43, 0.94, 0, 0.88, 1.19, 1.6, 1.71, 2.19, 2.56, 2.35, 2.63, 2.44], [6.08, 6.24, 5.64, 5.32, 5.83, 5.93, 5.73, 5.34, 5.01, 5.53, 5.61, 5.26, 4.51, 3.41, 3.99, 4.1, 4.23, 5.13, 5.51, 5.83, 6.941, 8.06, 8.31, 7.77, 7.48, 7.76, 9.25, 9.93, 9.54, 10.05, 8.91, 6.95, 6.64, 8.22, 8.124, 5.88, 6.93, 7.96, 8.144, 7.647, 7.797, 7.25, 6.69, 7.22, 8.03, 8.41, 8.87, 9.593, 8.354, 8.27, 7.837, 7.479, 6.79, 5.86, 5.98, 6.27, 5.42, 4.6, 4.61, 4.75, 4.33, 3.16, 2.21, 2.34, 2.84, 3.21, 2.88, 2.85, 2.77, 3.16, 3.06, 2.73, 2.06, 1.5, 1.53, 0.98, 0.88, 0, 0.83, 1.46, 2.09, 2.49, 2.82, 2.61, 2.89, 2.7], [5.71, 5.87, 5.27, 4.95, 5.5, 5.62, 5.42, 4.99, 4.68, 5.18, 5.28, 4.93, 4.18, 3.08, 3.66, 3.75, 3.9, 4.8, 5.18, 5.485, 6.611, 7.721, 7.98, 7.48, 7.17, 7.43, 8.88, 9.56, 9.19, 9.7, 8.56, 6.62, 6.31, 7.87, 7.774, 5.55, 6.6, 7.63, 7.814, 7.317, 7.484, 6.937, 6.32, 6.89, 7.74, 8.04, 8.54, 9.263, 8.004, 7.929,