[[0, 1.58, 1.52, 1.0, 1.33, 1.47, 1.53, 1.97, 1.62, 1.44, 1.04, 1.07, 0.98, 1.9, 1.99, 2.12, 2.2, 2.41, 2.21, 1.99, 2.32, 2.73, 3.17, 3.55, 3.57, 4.04, 5.2, 5.82, 6.27, 6.58, 7.05, 7.72, 8.32, 8.9, 9.33, 9.27, 9.01, 8.991, 8.908, 8.01, 8.01, 9.19, 9.21, 9.048, 8.82, 8.52, 8.725, 9.126, 9.139, 9.361, 9.321, 9.045, 7.54, 5.79, 5.3, 5.53, 4.96, 4.39, 3.77, 3.45, 3.01, 3.1, 3.99, 4.41, 4.46, 4.6, 4.97, 4.75, 4.58, 4.8, 5.45, 5.26, 3.94, 3.46, 3.92, 3.89, 3.11, 2.48, 1.74, 1.21, 0.93, 0.8, 1.11, 1.69, 2.04, 2.77], [1.58, 0, 1.0, 1.5, 2.01, 2.35, 1.75, 1.69, 1.52, 2.14, 2.16, 1.99, 1.96, 1.66, 1.87, 1.78, 1.54, 1.07, 1.21, 1.57, 2.56, 3.71, 3.95, 4.29, 4.41, 5.34, 6.44, 6.98, 7.39, 7.8, 8.31, 9.0, 9.66, 10.2, 10.59, 10.53, 10.27, 10.256, 10.173, 9.27, 9.29, 10.49, 10.57, 10.313, 10.08, 9.773, 9.985, 10.392, 10.405, 10.626, 10.586, 10.305, 8.8, 7.05, 6.5, 6.79, 6.18, 5.65, 4.87, 4.21, 3.29, 2.32, 2.87, 3.31, 3.44, 3.36, 3.71, 3.51, 3.34, 3.6, 4.21, 4.02, 2.72, 2.26, 2.64, 2.63, 1.93, 1.38, 0.82, 1.09, 1.67, 1.48, 2.25, 2.89, 3.24, 4.01], [1.52, 1.0, 0, 1.18, 1.61, 1.87, 1.43, 1.61, 1.44, 1.92, 1.7, 1.59, 1.52, 1.84, 2.15, 2.02, 1.94, 1.63, 1.65, 1.85, 2.74, 3.33, 3.83, 4.09, 4.05, 4.58, 5.78, 6.46, 6.95, 7.22, 7.87, 8.56, 9.18, 9.74, 10.169, 10.109, 9.841, 9.833, 9.751, 8.85, 8.85, 10.05, 10.05, 9.891, 9.651, 9.35, 9.562, 9.966, 9.979, 10.203, 10.163, 9.873, 8.379, 6.63, 6.06, 6.37, 5.76, 5.19, 4.49, 4.05, 3.55, 2.54, 3.31, 3.83, 3.88, 3.76, 4.13, 3.91, 3.72, 4.04, 4.69, 4.46, 3.22, 2.74, 3.1, 2.93, 2.25, 1.62, 1.16, 0.91, 1.37, 1.22, 1.81, 2.43, 2.78, 3.59], [1.0, 1.5, 1.18, 0, 1.13, 1.67, 1.25, 1.83, 1.8, 1.72, 1.22, 1.37, 1.16, 1.66, 1.95, 1.94, 1.78, 1.97, 1.81, 1.81, 2.36, 2.63, 3.17, 3.41, 3.41, 4.08, 5.24, 5.76, 6.25, 6.52, 7.15, 7.82, 8.48, 9.0, 9.39, 9.33, 9.07, 9.051, 8.968, 8.07, 8.05, 9.25, 9.35, 9.12, 8.88, 8.58, 8.785, 9.186, 9.199, 9.421, 9.381, 9.105, 7.6, 5.85, 5.3, 5.59, 5.0, 4.47, 3.81, 3.29, 2.93, 2.94, 3.85, 4.41, 4.44, 4.54, 4.91, 4.69, 4.5, 4.78, 5.43, 5.28, 3.92, 3.32, 3.78, 3.69, 2.95, 2.34, 1.7, 1.27, 1.23, 1.04, 1.33, 1.79, 2.14, 2.89], [1.33, 2.01, 1.61, 1.13, 0, 0.84, 1.02, 2.2, 2.17, 1.51, 1.05, 1.8, 1.73, 2.25, 2.36, 2.57, 2.47, 2.5, 2.38, 2.54, 3.05, 3.04, 3.68, 3.92, 3.72, 3.89, 4.91, 5.47, 6.18, 6.27, 6.68, 7.27, 7.95, 8.55, 8.9, 8.8, 8.54, 8.543, 8.441, 7.6, 7.54, 8.74, 8.9, 8.63, 8.341, 8.05, 8.252, 8.656, 8.686, 8.92, 8.871, 8.563, 7.069, 5.32, 4.81, 5.06, 4.57, 4.08, 3.74, 3.56, 3.42, 3.71, 4.3, 4.76, 4.93, 5.07, 5.44, 5.22, 5.03, 5.29, 5.9, 5.73, 4.43, 3.77, 4.23, 4.28, 3.6, 3.01, 2.23, 1.86, 1.6, 1.41, 1.32, 1.6, 1.85, 2.58], [1.47, 2.35, 1.87, 1.67, 0.84, 0, 1.08, 2.2, 2.03, 1.37, 1.05, 1.64, 1.63, 2.49, 2.62, 2.77, 2.89, 2.96, 2.88, 2.78, 3.23, 3.14, 3.76, 4.04, 3.9, 3.95, 5.11, 5.55, 6.54, 6.59, 6.8, 7.35, 8.03, 8.65, 8.98, 8.86, 8.62, 8.59, 8.481, 7.66, 7.66, 8.8, 9.02, 8.71, 8.39, 8.081, 8.283, 8.687, 8.72, 8.96, 8.92, 8.603, 7.11, 5.36, 4.95, 5.16, 4.65, 4.28, 3.98, 3.7, 3.66, 4.01, 4.44, 4.72, 4.95, 5.13, 5.4, 5.2, 5.03, 5.31, 5.92, 5.75, 4.57, 3.93, 4.31, 4.44, 3.88, 3.19, 2.47, 2.04, 1.74, 1.77, 1.44, 1.72, 1.97, 2.58], [1.53, 1.75, 1.43, 1.25, 1.02, 1.08, 0, 1.46, 1.75, 1.51, 1.37, 1.9, 1.73, 2.07, 2.2, 2.23, 2.11, 2.12, 2.14, 2.3, 2.97, 3.2, 3.82, 4.1, 4.06, 4.45, 5.57, 6.19, 6.72, 7.03, 7.52, 8.13, 8.83, 9.43, 9.74, 9.64, 9.36, 9.37, 9.27, 8.42, 8.4, 9.6, 9.72, 9.49, 9.17, 8.863, 9.089, 9.479, 9.512, 9.76, 9.679, 9.389, 7.906, 6.14, 5.59, 5.9, 5.39, 4.72, 4.24, 3.72, 3.52, 3.37, 3.84, 4.02, 4.25, 4.37, 4.66, 4.44, 4.21, 4.49, 5.12, 4.95, 3.77, 3.31, 3.53, 3.6, 3.08, 2.49, 1.83, 1.52, 1.78, 1.57, 1.88, 2.24, 2.61, 3.26], [1.97, 1.69, 1.61, 1.83, 2.2, 2.2, 1.46, 0, 1.13, 2.15, 2.41, 2.3, 2.07, 2.25, 2.14, 2.01, 2.11, 2.22, 2.26, 2.26, 2.85, 3.36, 3.76, 4.08, 4.44, 5.21, 6.55, 7.41, 7.78, 8.17, 8.74, 9.43, 10.05, 10.67, 11.04, 10.98, 10.713, 10.706, 10.623, 9.74, 9.74, 10.94, 10.94, 10.77, 10.523, 10.223, 10.429, 10.836, 10.849, 11.076, 11.036, 10.746, 9.246, 7.5, 6.93, 7.24, 6.63, 5.98, 5.06, 4.22, 3.7, 2.85, 3.12, 3.08, 3.41, 3.43, 3.64, 3.46, 3.23, 3.51, 4.02, 3.79, 3.19, 2.87, 3.09, 2.9, 2.38, 1.83, 1.71, 1.58, 2.16, 1.89, 2.68, 3.3, 3.71, 4.46], [1.62, 1.52, 1.44, 1.8, 2.17, 2.03, 1.75, 1.13, 0, 1.76, 2.02, 1.85, 1.8, 2.32, 2.25, 2.0, 2.12, 2.17, 2.41, 2.35, 2.98, 3.39, 3.81, 4.11, 4.35, 4.94, 6.36, 7.16, 7.57, 7.92, 8.589, 9.28, 9.84, 10.459, 10.872, 10.812, 10.552, 10.545, 10.462, 9.569, 9.53, 10.71, 10.712, 10.602, 10.362, 10.049, 10.252, 10.665, 10.678, 10.896, 10.862, 10.572, 9.082, 7.349, 6.78, 7.089, 6.48, 5.85, 4.97, 4.55, 4.05, 3.04, 3.41, 3.47, 3.76, 3.34, 3.57, 3.47, 3.44, 3.76, 4.33, 4.18, 3.32, 3.1, 3.32, 2.93, 2.31, 1.88, 1.66, 1.43, 1.87, 1.8, 2.39, 3.09, 3.42, 4.31], [1.44, 2.14, 1.92, 1.72, 1.51, 1.37, 1.51, 2.15, 1.76, 0, 1.16, 1.89, 1.72, 2.28, 2.31, 2.4, 2.4, 2.79, 2.75, 2.53, 3.04, 3.11, 3.69, 3.95, 3.73, 4.52, 5.68, 6.14, 6.57, 6.88, 7.27, 7.96, 8.56, 9.14, 9.54, 9.48, 9.22, 9.213, 9.123, 8.25, 8.31, 9.35, 9.43, 9.29, 9.023, 8.78, 8.909, 9.322, 9.335, 9.559, 9.519, 9.216, 7.743, 6.017, 5.72, 5.91, 5.4, 4.79, 4.13, 4.15, 3.97, 4.04, 4.53, 4.71, 4.88, 4.84, 5.01, 4.93, 4.78, 5.1, 5.75, 5.58, 4.5, 4.1, 4.32, 4.21, 3.69, 3.02, 2.3, 1.91, 1.75, 1.82, 1.85, 1.85, 2.2, 3.01], [1.04, 2.16, 1.7, 1.22, 1.05, 1.05, 1.37, 2.41, 2.02, 1.16, 0, 1.25, 1.26, 2.14, 2.29, 2.44, 2.5, 2.75, 2.61, 2.23, 2.76, 2.79, 3.49, 3.81, 3.61, 3.82, 4.92, 5.42, 6.11, 6.2, 6.71, 7.38, 8.0, 8.58, 8.97, 8.906, 8.626, 8.619, 8.535, 7.65, 7.61, 8.75, 8.89, 8.696, 8.435, 8.136, 8.335, 8.734, 8.746, 8.971, 8.949, 8.641, 7.156, 5.43, 4.92, 5.17, 4.66, 4.09, 3.79, 3.77, 3.57, 3.88, 4.65, 4.97, 5.14, 5.18, 5.49, 5.29, 5.12, 5.44, 6.09, 5.92, 4.58, 3.94, 4.42, 4.49, 3.71, 2.96, 2.32, 1.71, 1.47, 1.44, 1.25, 1.29, 1.64, 2.47], [1.07, 1.99, 1.59, 1.37, 1.8, 1.64, 1.9, 2.3, 1.85, 1.89, 1.25, 0, 0.63, 1.75, 2.04, 2.09, 2.41, 2.58, 2.42, 1.98, 2.09, 2.68, 3.2, 3.6, 3.6, 3.81, 4.99, 5.61, 6.48, 6.51, 6.96, 7.63, 8.21, 8.806, 9.219, 9.159, 8.899, 8.892, 8.809, 7.916, 7.92, 9.04, 9.1, 8.949, 8.709, 8.409, 8.612, 9.012, 9.025, 9.249, 9.222, 8.932, 7.429, 5.7, 5.15, 5.52, 4.97, 4.48, 3.92, 3.62, 3.06, 3.15, 4.2, 4.62, 4.73, 4.81, 5.14, 4.92, 4.77, 5.01, 5.64, 5.49, 4.25, 3.61, 4.11, 4.04, 3.26, 2.57, 1.99, 1.3, 0.98, 1.07, 1.3, 1.66, 2.13, 2.76], [0.98, 1.96, 1.52, 1.16, 1.73, 1.63, 1.73, 2.07, 1.8, 1.72, 1.26, 0.63, 0, 1.66, 1.87, 2.02, 2.32, 2.41, 2.25, 1.83, 1.94, 2.41, 2.97, 3.35, 3.41, 3.92, 5.12, 5.74, 6.31, 6.58, 7.01, 7.7, 8.26, 8.9, 9.33, 9.226, 8.986, 8.959, 8.876, 7.99, 8.03, 9.09, 9.15, 9.016, 8.776, 8.476, 8.679, 9.079, 9.092, 9.329, 9.289, 8.999, 7.496, 5.763, 5.28, 5.55, 4.96, 4.35, 3.69, 3.33, 2.87, 3.0, 4.05, 4.51, 4.62, 4.76, 5.09, 4.87, 4.7, 4.94, 5.57, 5.46, 4.16, 3.52, 3.98, 3.91, 3.15, 2.48, 1.92, 1.17, 0.93, 0.84, 1.19, 1.75, 2.16, 2.75], [1.9, 1.66, 1.84, 1.66, 2.25, 2.49, 2.07, 2.25, 2.32, 2.28, 2.14, 1.75, 1.66, 0, 0.75, 1.02, 1.16, 1.31, 1.35, 0.93, 1.28, 2.93, 3.17, 3.37, 3.79, 4.96, 6.22, 6.78, 7.23, 7.6, 8.31, 8.94, 9.58, 10.14, 10.49, 10.43, 10.14, 10.133, 10.05, 9.17, 9.13, 10.23, 10.47, 10.26, 9.95, 9.626, 9.853, 10.242, 10.255, 10.523, 10.439, 10.149, 8.67, 6.937, 6.37, 6.677, 6.16, 5.47, 4.57, 3.55, 2.21, 2.08, 3.07, 3.55, 3.7, 3.7, 4.03, 3.81, 3.64, 3.94, 4.61, 4.46, 3.22, 2.46, 2.88, 2.79, 1.99, 1.6, 1.46, 1.55, 1.85, 1.66, 2.25, 2.83, 3.26, 3.97], [1.99, 1.87, 2.15, 1.95, 2.36, 2.62, 2.2, 2.14, 2.25, 2.31, 2.29, 2.04, 1.87, 0.75, 0, 0.73, 1.23, 1.66, 1.74, 1.16, 1.31, 2.96, 3.18, 3.24, 4.02, 5.17, 6.49, 7.19, 7.54, 7.95, 8.66, 9.31, 9.91, 10.49, 10.9, 10.83, 10.55, 10.543, 10.46, 9.58, 9.54, 10.64, 10.78, 10.65, 10.36, 10.036, 10.239, 10.652, 10.665, 10.933, 10.849, 10.552, 9.073, 7.347, 6.76, 7.087, 6.55, 5.8, 4.86, 3.74, 2.12, 1.93, 2.76, 3.2, 3.35, 3.35, 3.62, 3.44, 3.29, 3.61, 4.26, 4.13, 2.89, 2.23, 2.53, 2.5, 1.92, 1.57, 1.65, 1.84, 2.06, 1.91, 2.46, 3.12, 3.55, 4.38], [2.12, 1.78, 2.02, 1.94, 2.57, 2.77, 2.23, 2.01, 2.0, 2.4, 2.44, 2.09, 2.02, 1.02, 0.73, 0, 1.08, 1.59, 1.75, 1.19, 1.42, 3.13, 3.21, 3.29, 4.09, 5.26, 6.64, 7.46, 7.75, 8.14, 8.91, 9.58, 10.18, 10.76, 11.163, 11.103, 10.843, 10.836, 10.753, 9.86, 9.83, 10.95, 11.043, 10.913, 10.653, 10.338, 10.541, 10.954, 10.966, 11.206, 11.151, 10.845, 9.373, 7.64, 7.053, 7.38, 6.8, 6.09, 5.11, 4.05, 2.47, 1.76, 2.57, 3.01, 3.14, 3.08, 3.31, 3.19, 3.1, 3.38, 4.03, 3.88, 2.72, 2.06, 2.48, 2.31, 1.75, 1.44, 1.52, 1.77, 2.23, 2.04, 2.69, 3.35, 3.78, 4.61], [2.2, 1.54, 1.94, 1.78, 2.47, 2.89, 2.11, 2.11, 2.12, 2.4, 2.5, 2.41, 2.32, 1.16, 1.23, 1.08, 0, 1.03, 1.51, 1.21, 1.56, 3.57, 3.73, 3.75, 4.27, 5.54, 6.76, 7.28, 7.59, 8.0, 8.73, 9.4, 10.02, 10.6, 10.99, 10.93, 10.655, 10.648, 10.565, 9.67, 9.63, 10.83, 10.93, 10.72, 10.465, 10.165, 10.364, 10.765, 10.778, 11.002, 10.962, 10.669, 9.185, 7.45, 6.92, 7.19, 6.58, 5.97, 5.19, 4.21, 2.59, 1.98, 2.73, 3.07, 3.3, 3.08, 3.37, 3.17, 3.02, 3.38, 4.05, 3.86, 2.6, 2.16, 2.44, 2.19, 1.79, 1.56, 1.48, 1.89, 2.23, 2.1, 2.69, 3.29, 3.6, 4.41], [2.41, 1.07, 1.63, 1.97, 2.5, 2.96, 2.12, 2.22, 2.17, 2.79, 2.75, 2.58, 2.41, 1.31, 1.66, 1.59, 1.03, 0, 0.86, 1.14, 2.15, 4.04, 4.22, 4.34, 4.76, 5.91, 7.03, 7.45, 7.92, 8.21, 8.8, 9.43, 10.11, 10.67, 10.98, 10.92, 10.636, 10.649, 10.546, 9.7, 9.62, 10.76, 11.06, 10.75, 10.446, 10.186, 10.372, 10.761, 10.792, 11.039, 10.959, 10.669, 9.189, 7.44, 6.87, 7.18, 6.69, 6.08, 5.22, 4.34, 2.9, 1.97, 2.54, 2.96, 3.23, 3.05, 3.4, 3.16, 2.99, 3.19, 3.84, 3.73, 2.45, 1.95, 2.21, 2.16, 1.48, 1.29, 1.09, 1.64, 2.34, 2.09, 2.74, 3.26, 3.71, 4.46], [2.21, 1.21, 1.65, 1.81, 2.38, 2.88, 2.14, 2.26, 2.41, 2.75, 2.61, 2.42, 2.25, 1.35, 1.74, 1.75, 1.51, 0.86, 0, 1.24, 2.29, 3.92, 4.06, 4.26, 4.62, 5.75, 6.81, 7.21, 7.64, 7.95, 8.5, 9.09, 9.77, 10.33, 10.68, 10.54, 10.18, 10.17, 10.05, 9.22, 9.1, 10.34, 10.78, 10.35, 9.99, 9.73, 9.87, 10.23, 10.263, 10.52, 10.431, 10.141, 8.646, 6.9, 6.43, 6.66, 6.41, 5.84, 5.04, 4.1, 2.88, 2.03, 2.8, 3.28, 3.43, 3.49, 3.88, 3.66, 3.47, 3.75, 4.36, 4.23, 2.93, 2.17, 2.63, 2.66, 1.88, 1.43, 1.15, 1.48, 2.12, 1.85, 2.62, 3.02, 3.47, 4.06], [1.99, 1.57, 1.85, 1.81, 2.54, 2.78, 2.3, 2.26, 2.35, 2.53, 2.23, 1.98, 1.83, 0.93, 1.16, 1.19, 1.21, 1.14, 1.24, 0, 1.31, 3.28, 3.42, 3.52, 4.08, 5.31, 6.55, 7.15, 7.52, 7.85, 8.56, 9.23, 9.85, 10.43, 10.82, 10.759, 10.479, 10.472, 10.389, 9.5, 9.46, 10.62, 10.72, 10.549, 10.289, 9.979, 10.182, 10.595, 10.608, 10.832, 10.802, 10.502, 9.009, 7.276, 6.709, 7.016, 6.41, 5.76, 4.88, 3.84, 2.38, 1.87, 2.68, 3.1, 3.17, 3.25, 3.54, 3.36, 3.19, 3.45, 4.12, 3.99, 2.71, 2.07, 2.49, 2.46, 1.76, 1.35, 1.15, 1.6, 2.02, 1.85, 2.4, 3.02, 3.43, 4.24], [2.32, 2.56, 2.74, 2.36, 3.05, 3.23, 2.97, 2.85, 2.98, 3.04, 2.76, 2.09, 1.94, 1.28, 1.31, 1.42, 1.56, 2.15, 2.29, 1.31, 0, 2.31, 2.47, 2.55, 3.33, 4.48, 5.78, 6.52, 6.83, 7.22, 7.97, 8.64, 9.24, 9.82, 10.229, 10.169, 9.909, 9.902, 9.819, 8.926, 8.89, 10.05, 10.11, 9.979, 9.719, 9.406, 9.621, 10.022, 10.035, 10.272, 10.219, 9.929, 8.439, 6.706, 6.119, 6.446, 5.86, 5.15, 4.21, 3.11, 1.49, 1.92, 3.19, 3.67, 3.78, 3.8, 4.13, 3.91, 3.74, 4.04, 4.71, 4.56, 3.34, 2.72, 3.04, 2.87, 2.23, 2.04, 2.24, 2.33, 2.37, 2.16, 2.39, 2.89, 3.24, 3.71], [2.73, 3.71, 3.33, 2.63, 3.04, 3.14, 3.2, 3.36, 3.39, 3.11, 2.79, 2.68, 2.41, 2.93, 2.96, 3.13, 3.57, 4.04, 3.92, 3.28, 2.31, 0, 0.9, 1.32, 1.7, 2.37, 3.71, 4.57, 4.84, 5.23, 5.96, 6.65, 7.21, 7.85, 8.26, 8.182, 7.922, 7.915, 7.831, 6.94, 6.9, 8.08, 8.1, 7.972, 7.731, 7.414, 7.616, 8.029, 8.042, 8.266, 8.226, 7.936, 6.451, 4.719, 4.15, 4.459, 3.849, 3.16, 2.26, 1.54, 2.6, 3.95, 5.24, 5.7, 5.79, 5.85, 6.14, 6.0, 5.85, 6.11, 6.76, 6.61, 5.37, 4.77, 5.19, 4.92, 4.16, 3.69, 3.63, 3.14, 3.0, 2.75, 2.4, 2.72, 2.69, 2.7], [3.17, 3.95, 3.83, 3.17, 3.68, 3.76, 3.82, 3.76, 3.81, 3.69, 3.49, 3.2, 2.97, 3.17, 3.18, 3.21, 3.73, 4.22, 4.06, 3.42, 2.47, 0.9, 0, 0.88, 1.46, 2.25, 3.51, 4.39, 4.64, 5.03, 5.819, 6.51, 7.07, 7.689, 8.102, 8.042, 7.782, 7.775, 7.692, 6.799, 6.76, 7.94, 7.96, 7.832, 7.592, 7.282, 7.485, 7.898, 7.911, 8.126, 8.095, 7.805, 6.312, 4.579, 4.01, 4.319, 3.709, 3.04, 2.26, 1.58, 2.7, 4.07, 5.42, 5.88, 5.97, 5.95, 6.24, 6.06, 5.93, 6.25, 6.9, 6.73, 5.51, 4.99, 5.37, 5.02, 4.28, 3.81, 3.77, 3.58, 3.5, 3.23, 3.02, 3.3, 3.17, 2.96], [3.55, 4.29, 4.09, 3.41, 3.92, 4.04, 4.1, 4.08, 4.11, 3.95, 3.81, 3.6, 3.35, 3.37, 3.24, 3.29, 3.75, 4.34, 4.26, 3.52, 2.55, 1.32, 0.88, 0, 1.2, 2.21, 3.55, 4.47, 4.66, 5.15, 5.9, 6.59, 7.15, 7.77, 8.188, 8.128, 7.868, 7.861, 7.778, 6.88, 6.86, 8.06, 8.033, 7.918, 7.678, 7.371, 7.574, 7.987, 8.0, 8.217, 8.184, 7.887, 6.398, 4.66, 4.078, 4.4, 3.79, 3.1, 2.42, 1.76, 2.58, 4.07, 5.4, 5.9, 5.95, 5.81, 6.1, 5.92, 5.89, 6.19, 6.88, 6.63, 5.53, 4.91, 5.37, 4.96, 4.18, 3.97, 4.01, 3.94, 3.8, 3.61, 3.34, 3.46, 3.29, 3.08], [3.57, 4.41, 4.05, 3.41, 3.72, 3.9, 4.06, 4.44, 4.35, 3.73, 3.61, 3.6, 3.41, 3.79, 4.02, 4.09, 4.27, 4.76, 4.62, 4.08, 3.33, 1.7, 1.46, 1.2, 0, 1.69, 2.73, 3.63, 3.9, 4.33, 5.04, 5.73, 6.35, 6.91, 7.331, 7.271, 7.011, 7.003, 6.921, 6.02, 6.02, 7.22, 7.18, 7.061, 6.821, 6.511, 6.72, 7.127, 7.16, 7.364, 7.324, 7.03, 5.541, 3.86, 3.25, 3.54, 2.93, 2.34, 1.88, 1.84, 3.36, 4.97, 6.34, 6.88, 6.91, 6.77, 6.98, 6.88, 6.83, 7.23, 7.9, 7.61, 6.43, 5.77, 6.19, 5.92, 5.12, 4.73, 4.21, 3.92, 3.78, 3.59, 3.26, 3.18, 2.93, 2.58], [4.04, 5.34, 4.58, 4.08, 3.89, 3.95, 4.45, 5.21, 4.94, 4.52, 3.82, 3.81, 3.92, 4.96, 5.17, 5.26, 5.54, 5.91, 5.75, 5.31, 4.48, 2.37, 2.25, 2.21, 1.69, 0, 1.7, 2.5, 3.27, 3.36, 3.87, 4.5, 5.1, 5.68, 6.086, 6.023, 5.77, 5.776, 5.673, 4.77, 4.85, 6.01, 5.97, 5.813, 5.573, 5.27, 5.479, 5.906, 5.919, 6.126, 6.083, 5.793, 4.296, 2.69, 2.2, 2.63, 2.08, 1.63, 1.95, 2.31, 4.47, 6.02, 7.35, 7.87, 7.88, 7.84, 8.21, 8.01, 7.88, 8.22, 8.87, 8.66, 7.42, 6.86, 7.3, 6.95, 6.17, 5.8, 5.32, 4.65, 4.15, 4.14, 3.61, 3.27, 3.0, 2.61], [5.2, 6.44, 5.78, 5.24, 4.91, 5.11, 5.57, 6.55, 6.36, 5.68, 4.92, 4.99, 5.12, 6.22, 6.49, 6.64, 6.76, 7.03, 6.81, 6.55, 5.78, 3.71, 3.51, 3.55, 2.73, 1.7, 0, 1.94, 2.47, 2.36, 2.61, 3.14, 3.76, 4.28, 4.69, 4.61, 4.35, 4.339, 4.28, 3.39, 3.49, 4.67, 4.67, 4.42, 4.2, 3.86, 4.12, 4.51, 4.54, 4.729, 4.669, 4.4, 2.96, 2.33, 1.76, 1.61, 1.56, 1.97, 2.47, 3.31, 5.67, 7.22, 8.63, 9.21, 9.18, 9.24, 9.63, 9.41, 9.26, 9.52, 10.19, 9.92, 8.66, 8.08, 8.54, 8.31, 7.53, 7.08, 6.48, 5.77, 5.15, 5.24, 4.75, 4.29, 3.84, 3.47], [5.82, 6.98, 6.46, 5.76, 5.47, 5.55, 6.19, 7.41, 7.16, 6.14, 5.42, 5.61, 5.74, 6.78, 7.19, 7.46, 7.28, 7.45, 7.21, 7.15, 6.52, 4.57, 4.39, 4.47, 3.63, 2.5, 1.94, 0, 1.39, 1.42, 1.75, 2.34, 2.96, 3.42, 3.77, 3.69, 3.43, 3.44, 3.32, 2.47, 2.65, 3.71, 3.83, 3.48, 3.36, 3.24, 3.52, 3.67, 3.62, 3.79, 3.743, 3.46, 2.36, 1.69, 1.4, 1.43, 1.62, 1.87, 2.65, 3.93, 6.25, 8.24, 9.53, 10.07, 10.14, 10.18, 10.558, 10.35, 10.16, 10.48, 11.15, 10.92, 9.62, 8.9, 9.32, 9.25, 8.47, 7.96, 7.22, 6.49, 5.81, 5.88, 5.13, 4.69, 4.26, 3.79], [6.27, 7.39, 6.95, 6.25, 6.18, 6.54, 6.72, 7.78, 7.57, 6.57, 6.11, 6.48, 6.31, 7.23, 7.54, 7.75, 7.59, 7.92, 7.64, 7.52, 6.83, 4.84, 4.64, 4.66, 3.9, 3.27, 2.47, 1.39, 0, 1.01, 1.68, 2.19, 2.73, 3.15, 3.56, 3.5, 3.26, 3.27, 3.19, 2.4, 2.68, 3.58, 3.54, 3.61, 3.95, 3.99, 4.15, 4.18, 3.99, 3.9, 3.76, 3.61, 2.93, 2.8, 2.45, 2.34, 2.55, 2.5, 3.22, 4.44, 6.72, 8.51, 9.86, 10.4, 10.43, 10.381, 10.731, 10.531, 10.35, 10.73, 11.42, 11.17, 9.91, 9.31, 9.75, 9.48, 8.691, 8.23, 7.57, 6.94, 6.46, 6.35, 5.84, 5.46, 5.05, 4.78], [6.58, 7.8, 7.22, 6.52, 6.27, 6.59, 7.03, 8.17, 7.92, 6.88, 6.2, 6.51, 6.58, 7.6, 7.95, 8.14, 8.0, 8.21, 7.95, 7.85, 7.22, 5.23, 5.03, 5.15, 4.33, 3.36, 2.36, 1.42, 1.01, 0, 0.97, 1.9, 2.56, 2.74, 3.13, 3.05, 2.83, 2.88, 2.76, 2.03, 2.41, 3.21, 3.25, 3.52, 3.94, 3.96, 4.14, 4.17, 4.0, 3.81, 3.65, 3.54, 2.9, 2.67, 2.3, 2.17, 2.42, 2.61, 3.49, 4.81, 7.07, 8.92, 10.27, 10.75, 10.84, 10.88, 11.241, 11.009, 10.84, 11.12, 11.77, 11.6, 10.32, 9.7, 10.14, 9.95, 9.17, 8.64, 7.94, 7.33, 6.63, 6.66, 6.03, 5.47, 5.06, 4.75], [7.05, 8.31, 7.87, 7.15, 6.68, 6.8, 7.52, 8.74, 8.589, 7.27, 6.71, 6.96, 7.01, 8.31, 8.66, 8.91, 8.73, 8.8, 8.5, 8.56, 7.97, 5.96, 5.819, 5.9, 5.04, 3.87, 2.61, 1.75, 1.68, 0.97, 0, 1.07, 1.83, 1.99, 2.36, 2.24, 2.0, 2.07, 2.01, 1.38, 1.98, 2.76, 2.72, 2.85, 3.23, 3.43, 3.43, 3.46, 3.27, 3.1, 2.94, 2.81, 2.13, 2.28, 2.35, 2.06, 2.43, 2.88, 3.96, 5.24, 7.56, 9.51, 10.8, 11.32, 11.41, 11.61, 12.0, 11.78, 11.59, 11.83, 12.46, 12.25, 10.89, 10.15, 10.67, 10.66, 9.88, 9.37, 8.59, 7.76, 7.0, 7.07, 6.32, 5.6, 5.25, 4.62], [7.72, 9.0, 8.56, 7.82, 7.27, 7.35, 8.13, 9.43, 9.28, 7.96, 7.38, 7.63, 7.7, 8.94, 9.31, 9.58, 9.4, 9.43, 9.09, 9.23, 8.64, 6.65, 6.51, 6.59, 5.73, 4.5, 3.14, 2.34, 2.19, 1.9, 1.07, 0, 1.04, 1.5, 1.87, 1.65, 1.45, 1.54, 1.66, 1.41, 1.93, 2.33, 2.55, 2.4, 2.66, 2.84, 2.58, 2.65, 2.44, 2.33, 2.15, 2.1, 1.42, 2.53, 2.94, 2.55, 3.06, 3.51, 4.51, 5.75, 8.07, 10.18, 11.45, 11.97, 12.08, 12.3, 12.69, 12.47, 12.28, 12.5, 13.13, 12.94, 11.56, 10.76, 11.32, 11.35, 10.57, 10.06, 9.28, 8.43, 7.67, 7.76, 6.97, 6.29, 5.9, 5.19], [8.32, 9.66, 9.18, 8.48, 7.95, 8.03, 8.83, 10.05, 9.84, 8.56, 8.0, 8.21, 8.26, 9.58, 9.91, 10.18, 10.02, 10.11, 9.77, 9.85, 9.24, 7.21, 7.07, 7.15, 6.35, 5.1, 3.76, 2.96, 2.73, 2.56, 1.83, 1.04, 0, 1.0, 1.37, 1.33, 1.21, 1.44, 1.64, 1.63, 2.13, 1.89, 2.05, 2.14, 2.42, 2.58, 2.24, 2.27, 2.02, 1.85, 1.73, 1.8, 1.82, 3.35, 3.7, 3.33, 3.82, 4.19, 5.19, 6.49, 8.77, 10.84, 12.07, 12.53, 12.72, 12.88, 13.25, 13.03, 12.84, 13.1, 13.73, 13.54, 12.22, 11.48, 12.0, 11.95, 11.17, 10.62, 9.88, 9.13, 8.33, 8.38, 7.59, 6.95, 6.58, 5.97], [8.9, 10.2, 9.74, 9.0, 8.55, 8.65, 9.43, 10.67, 10.459, 9.14, 8.58, 8.806, 8.9, 10.14, 10.49, 10.76, 10.6, 10.67, 10.33, 10.43, 9.82, 7.85, 7.689, 7.77, 6.91, 5.68, 4.28, 3.42, 3.15, 2.74, 1.99, 1.5, 1.0, 0, 0.73, 0.87, 0.91, 0.96, 1.26, 1.53, 2.13, 1.49, 1.61, 1.66, 2.24, 2.42, 2.14, 2.13, 1.9, 1.59, 1.51, 1.72, 2.26, 3.77, 4.12, 3.81, 4.28, 4.77, 5.81, 7.07, 9.33, 11.38, 12.67, 13.21, 13.3, 13.48, 13.87, 13.65, 13.46, 13.68, 14.29, 14.12, 12.8, 12.08, 12.52, 12.53, 11.77, 11.24, 10.46, 9.65, 8.87, 9.0, 8.15, 7.49, 7.06, 6.39], [9.33, 10.59, 10.169, 9.39, 8.9, 8.98, 9.74, 11.04, 10.872, 9.54, 8.97, 9.219, 9.33, 10.49, 10.9, 11.163, 10.99, 10.98, 10.68, 10.82, 10.229, 8.26, 8.102, 8.188, 7.331, 6.086, 4.69, 3.77, 3.56, 3.13, 2.36, 1.87, 1.37, 0.73, 0, 0.48, 0.68, 0.97, 1.35, 1.72, 2.28, 1.48, 1.7, 1.77, 2.33, 2.61, 2.29, 2.26, 2.07, 1.66, 1.62, 1.93, 2.61, 4.14, 4.43, 4.14, 4.67, 5.1, 6.16, 7.38, 9.7, 11.79, 13.1, 13.64, 13.71, 13.906, 14.288, 14.065, 13.878, 14.11, 14.74, 14.549, 13.19, 12.45, 12.91, 12.959, 12.176, 11.658, 10.886, 10.06, 9.28, 9.41, 8.58, 7.86, 7.47, 6.74], [9.27, 10.53, 10.109, 9.33, 8.8, 8.86, 9.64, 10.98, 10.812, 9.48, 8.906, 9.159, 9.226, 10.43, 10.83, 11.103, 10.93, 10.92, 10.54, 10.759, 10.169, 8.182, 8.042, 8.128, 7.271, 6.023, 4.61, 3.69, 3.5, 3.05, 2.24, 1.65, 1.33, 0.87, 0.48, 0, 0.64, 1.01, 1.39, 1.62, 2.06, 1.52, 1.94, 1.83, 2.41, 2.69, 2.31, 2.34, 2.11, 1.7, 1.62, 2.03, 2.45, 3.96, 4.31, 3.98, 4.51, 5.04, 6.06, 7.24, 9.58, 11.71, 13.0, 13.52, 13.63, 13.841, 14.228, 14.005, 13.818, 14.05, 14.66, 14.489, 13.11, 12.33, 12.85, 12.899, 12.113, 11.598, 10.821, 9.979, 9.2, 9.306, 8.48, 7.8, 7.41, 6.6], [9.01, 10.27, 9.841, 9.07, 8.54, 8.62, 9.36, 10.713, 10.552, 9.22, 8.626, 8.899, 8.986, 10.14, 10.55, 10.843, 10.655, 10.636, 10.18, 10.479, 9.909, 7.922, 7.782, 7.868, 7.011, 5.77, 4.35, 3.43, 3.26, 2.83, 2.0, 1.45, 1.21, 0.91, 0.68, 0.64, 0, 0.85, 1.13, 1.3, 1.9, 1.58, 1.98, 1.95, 2.35, 2.61, 2.31, 2.36, 2.17, 1.82, 1.68, 1.85, 2.21, 3.6, 3.97, 3.62, 4.23, 4.773, 5.76, 6.9, 9.32, 11.43, 12.74, 13.28, 13.37, 13.581, 13.968, 13.745, 13.558, 13.789, 14.4, 14.221, 12.83, 12.03, 12.583, 12.631, 11.853, 11.338, 10.561, 9.699, 8.92, 9.05, 8.22, 7.536, 7.15, 6.28], [8.991, 10.256, 9.833, 9.051, 8.543, 8.59, 9.37, 10.706, 10.545, 9.213, 8.619, 8.892, 8.959, 10.133, 10.543, 10.836, 10.648, 10.649, 10.17, 10.472, 9.902, 7.915, 7.775, 7.861, 7.003, 5.776, 4.339, 3.44, 3.27, 2.88, 2.07, 1.54, 1.44, 0.96, 0.97, 1.01, 0.85, 0, 0.8, 1.25, 1.97, 1.61, 2.03, 1.86, 2.18, 2.32, 2.12, 2.01, 1.82, 1.57, 1.45, 1.58, 2.16, 3.47, 3.9, 3.57, 4.1, 4.766, 5.77, 6.89, 9.27, 11.405, 12.723, 13.255, 13.356, 13.573, 13.961, 13.738, 13.551, 13.762, 14.372, 14.213, 12.822, 12.022, 12.576, 12.623, 11.846, 11.331, 10.553, 9.692, 8.912, 9.039, 8.172, 7.549, 7.148, 6.27], [8.908, 10.173, 9.751, 8.968, 8.441, 8.481, 9.27, 10.623, 10.462, 9.123, 8.535, 8.809, 8.876, 10.05, 10.46, 10.753, 10.565, 10.546, 10.05, 10.389, 9.819, 7.831, 7.692, 7.778, 6.921, 5.673, 4.28, 3.32, 3.19, 2.76, 2.01, 1.66, 1.64, 1.26, 1.35, 1.39, 1.13, 0.8, 0, 1.05, 1.81, 1.83, 2.15, 1.98, 2.16, 2.4, 2.1, 1.97, 1.88, 1.75, 1.49, 1.52, 2.16, 3.33, 3.78, 3.43, 4.02, 4.683, 5.67, 6.77, 9.15, 11.32, 12.641, 13.152, 13.273, 13.491, 13.878, 13.655, 13.468, 13.679, 14.289, 14.131, 12.739, 11.94, 12.493, 12.541, 11.763, 11.248, 10.471, 9.609, 8.829, 8.956, 8.109, 7.426, 7.045, 6.17], [8.01, 9.27, 8.85, 8.07, 7.6, 7.66, 8.42, 9.74, 9.569, 8.25, 7.65, 7.916, 7.99, 9.17, 9.58, 9.86, 9.67, 9.7, 9.22, 9.5, 8.926, 6.94, 6.799, 6.88, 6.02, 4.77, 3.39, 2.47, 2.4, 2.03, 1.38, 1.41, 1.63, 1.53, 1.72, 1.62, 1.3, 1.25, 1.05, 0, 1.24, 1.86, 2.26, 2.05, 2.45, 2.63, 2.53, 2.42, 2.37, 2.22, 2.08, 1.91, 1.97, 2.82, 2.95, 2.66, 3.19, 3.8, 4.86, 5.98, 8.38, 10.41, 11.76, 12.3, 12.37, 12.59, 12.98, 12.76, 12.57, 12.786, 13.396, 13.23, 11.83, 11.09, 11.59, 11.64, 10.86, 10.35, 9.57, 8.7, 7.92, 8.05, 7.26, 6.56, 6.15, 5.36], [8.01, 9.29, 8.85, 8.05, 7.54, 7.66, 8.4, 9.74, 9.53, 8.31, 7.61, 7.92, 8.03, 9.13, 9.54, 9.83, 9.63, 9.62, 9.1, 9.46, 8.89, 6.9, 6.76, 6.86, 6.02, 4.85, 3.49, 2.65, 2.68, 2.41, 1.98, 1.93, 2.13, 2.13, 2.28, 2.06, 1.9, 1.97, 1.81, 1.24, 0, 1.76, 2.46, 2.23, 2.25, 2.41, 2.31, 2.56, 2.39, 2.42, 2.04, 2.01, 2.15, 2.84, 2.89, 2.58, 3.29, 3.82, 4.72, 5.94, 8.22, 10.49, 11.74, 12.22, 12.39, 12.59, 12.96, 12.72, 12.55, 12.75, 13.36, 13.23, 11.89, 11.09, 11.61, 11.64, 10.88, 10.33, 9.57, 8.8, 8.04, 8.09, 7.24, 6.52, 6.15, 5.56], [9.19, 10.49, 10.05, 9.25, 8.74, 8.8, 9.6, 10.94, 10.71, 9.35, 8.75, 9.04, 9.09, 10.23, 10.64, 10.95, 10.83, 10.76, 10.34, 10.62, 10.05, 8.08, 7.94, 8.06, 7.22, 6.01, 4.67, 3.71, 3.58, 3.21, 2.76, 2.33, 1.89, 1.49, 1.48, 1.52, 1.58, 1.61, 1.83, 1.86, 1.76, 0, 1.34, 1.37, 1.97, 1.95, 1.95, 2.14, 1.85, 1.62, 1.5, 1.81, 2.79, 4.06, 4.17, 3.84, 4.49, 5.0, 5.9, 7.18, 9.5, 11.69, 12.94, 13.4, 13.59, 13.79, 14.16, 13.92, 13.75, 13.91, 14.52, 14.43, 13.09, 12.31, 12.81, 12.84, 12.08, 11.53, 10.77, 9.96, 9.18, 9.29, 8.34, 7.72, 7.33, 6.54], [9.21, 10.57, 10.05, 9.35, 8.9, 9.02, 9.72, 10.94, 10.712, 9.43, 8.89, 9.1, 9.15, 10.47, 10.78, 11.043, 10.93, 11.06, 10.78, 10.72, 10.11, 8.1, 7.96, 8.033, 7.18, 5.97, 4.67, 3.83, 3.54, 3.25, 2.72, 2.55, 2.05, 1.61, 1.7, 1.94, 1.98, 2.03, 2.15, 2.26, 2.46, 1.34, 0, 1.57, 1.87, 2.03, 2.27, 2.48, 2.13, 1.64, 2.04, 2.23, 3.39, 4.62, 4.63, 4.38, 4.79, 5.04, 6.16, 7.5, 9.82, 11.75, 12.98, 13.54, 13.59, 13.746, 14.128, 13.913, 13.723, 13.99, 14.62, 14.43, 13.09, 12.39, 12.85, 12.8, 12.04, 11.51, 10.77, 9.94, 9.2, 9.29, 8.58, 7.98, 7.57, 6.96], [9.048, 10.313, 9.891, 9.12, 8.63, 8.71, 9.49, 10.77, 10.602, 9.29, 8.696, 8.949, 9.016, 10.26, 10.65, 10.913, 10.72, 10.75, 10.35, 10.549, 9.979, 7.972, 7.832, 7.918, 7.061, 5.813, 4.42, 3.48, 3.61, 3.52, 2.85, 2.4, 2.14, 1.66, 1.77, 1.83, 1.95, 1.86, 1.98, 2.05, 2.23, 1.37, 1.57, 0, 1.28, 1.52, 1.46, 1.75, 1.62, 1.57, 1.59, 1.7, 2.48, 3.87, 4.1, 3.79, 4.2, 4.85, 5.89, 7.03, 9.41, 11.46, 12.79, 13.31, 13.413, 13.631, 14.018, 13.795, 13.608, 13.819, 14.429, 14.271, 12.879, 12.1, 12.66, 12.681, 11.903, 11.388, 10.611, 9.75, 8.969, 9.096, 8.25, 7.59, 7.22, 6.37], [8.82, 10.08, 9.651, 8.88, 8.341, 8.39, 9.17, 10.523, 10.362, 9.023, 8.435, 8.709, 8.776, 9.95, 10.36, 10.653, 10.465, 10.446, 9.99, 10.289, 9.719, 7.731, 7.592, 7.678, 6.821, 5.573, 4.2, 3.36, 3.95, 3.94, 3.23, 2.66, 2.42, 2.24, 2.33, 2.41, 2.35, 2.18, 2.16, 2.45, 2.25, 1.97, 1.87, 1.28, 0, 0.88, 1.1, 1.67, 1.5, 1.61, 1.77, 1.7, 2.28, 3.39, 3.76, 3.41, 3.98, 4.59, 5.59, 6.69, 9.05, 11.24, 12.55, 13.052, 13.18, 13.391, 13.778, 13.555, 13.368, 13.599, 14.21, 14.031, 12.64, 11.839, 12.393, 12.441, 11.663, 11.148, 10.371, 9.509, 8.73, 8.856, 8.01, 7.346, 6.96, 6.09], [8.52, 9.773, 9.35, 8.58, 8.05, 8.081, 8.863, 10.223, 10.049, 8.78, 8.136, 8.409, 8.476, 9.626, 10.036, 10.338, 10.165, 10.186, 9.73, 9.979, 9.406, 7.414, 7.282, 7.371, 6.511, 5.27, 3.86, 3.24, 3.99, 3.96, 3.43, 2.84, 2.58, 2.42, 2.61, 2.69, 2.61, 2.32, 2.4, 2.63, 2.41, 1.95, 2.03, 1.52, 0.88, 0, 0.92, 1.35, 1.4, 1.67, 1.81, 1.6, 2.18, 3.29, 3.5, 3.15, 3.68, 4.43, 5.269, 6.35, 8.75, 10.92, 12.241, 12.752, 12.873, 13.087, 13.468, 13.248, 13.061, 13.279, 13.909, 13.731, 12.339, 11.539, 12.093, 12.14, 11.36, 10.838, 10.071, 9.209, 8.43, 8.556, 7.71, 7.17, 6.76, 5.83], [8.725, 9.985, 9.562, 8.785, 8.252, 8.283, 9.089, 10.429, 10.252, 8.909, 8.335, 8.612, 8.679, 9.853, 10.239, 10.541, 10.364, 10.372, 9.87, 10.182, 9.621, 7.616, 7.485, 7.574, 6.72, 5.479, 4.12, 3.52, 4.15, 4.14, 3.43, 2.58, 2.24, 2.14, 2.29, 2.31, 2.31, 2.12, 2.1, 2.53, 2.31, 1.95, 2.27, 1.46, 1.1, 0.92, 0, 1.07, 1.2, 1.41, 1.37, 1.3, 1.92, 3.13, 3.84, 3.35, 4.0, 4.67, 5.51, 6.63, 8.967, 11.188, 12.455, 12.969, 13.085, 13.299, 13.671, 13.457, 13.27, 13.505, 14.118, 13.942, 12.585, 11.782, 12.302, 12.352, 11.569, 11.051, 10.279, 9.452, 8.678, 8.779, 7.924, 7.252, 6.865, 6.03], [9.126, 10.392, 9.966, 9.186, 8.656, 8.687, 9.479, 10.836, 10.665, 9.322, 8.734, 9.012, 9.079, 10.242, 10.652, 10.954, 10.765, 10.761, 10.23, 10.595, 10.022, 8.029, 7.898, 7.987, 7.127, 5.906, 4.51, 3.67, 4.18, 4.17, 3.46, 2.65, 2.27, 2.13, 2.26, 2.34, 2.36, 2.01, 1.97, 2.42, 2.56, 2.14, 2.48, 1.75, 1.67, 1.35, 1.07, 0, 0.89, 1.34, 1.14, 1.05, 1.93, 3.38, 3.99, 3.64, 4.25, 5.0, 5.867, 6.976, 9.367, 11.543, 12.859, 13.364, 13.492, 13.703, 14.084, 13.864, 13.677, 13.897, 14.51, 14.346, 12.957, 12.155, 12.709, 12.756, 11.976, 11.454, 10.683, 9.825, 9.05, 9.169, 8.316, 7.641, 7.263, 6.393], [9.139, 10.405, 9.979, 9.199, 8.686, 8.72, 9.512, 10.849, 10.678, 9.335, 8.746, 9.025, 9.092, 10.255, 10.665, 10.966, 10.778, 10.792, 10.263, 10.608, 10.035, 8.042, 7.911, 8.0, 7.16, 5.919, 4.54, 3.62, 3.99, 4.0, 3.27, 2.44, 2.02, 1.9, 2.07, 2.11, 2.17, 1.82, 1.88, 2.37, 2.39, 1.85, 2.13, 1.62, 1.5, 1.4, 1.2, 0.89, 0, 0.83, 0.87, 1.1, 2.02, 3.51, 3.98, 3.664, 4.257, 5.01, 5.935, 7.03, 9.383, 11.556, 12.872, 13.377, 13.505, 13.716, 14.097, 13.877, 13.69, 13.91, 14.523, 14.359, 12.97, 12.185, 12.722, 12.769, 11.989, 11.467, 10.696, 9.837, 9.063, 9.182, 8.329, 7.672, 7.311, 6.415], [9.361, 10.626, 10.203, 9.421, 8.92, 8.96, 9.76, 11.076, 10.896, 9.559, 8.971, 9.249, 9.329, 10.523, 10.933, 11.206, 11.002, 11.039, 10.52, 10.832, 10.272, 8.266, 8.126, 8.217, 7.364, 6.126, 4.729, 3.79, 3.9, 3.81, 3.1, 2.33, 1.85, 1.59, 1.66, 1.7, 1.82, 1.57, 1.75, 2.22, 2.42, 1.62, 1.64, 1.57, 1.61, 1.67, 1.41, 1.34, 0.83, 0, 0.9, 1.23, 2.31, 3.8, 4.25, 3.94, 4.51, 5.18, 6.16, 7.28, 9.64, 11.775, 13.093, 13.625, 13.726, 13.939, 14.315, 14.1, 13.913, 14.132, 14.742, 14.583, 13.192, 12.41, 12.966, 12.992, 12.212, 11.691, 10.92, 10.062, 9.282, 9.409, 8.574, 7.879, 7.498, 6.64], [9.321, 10.586, 10.163, 9.381, 8.871, 8.92, 9.679, 11.036, 10.862, 9.519, 8.949, 9.222, 9.289, 10.439, 10.849, 11.151, 10.962, 10.959, 10.431, 10.802, 10.219, 8.226, 8.095, 8.184, 7.324, 6.083, 4.669, 3.743, 3.76, 3.65, 2.94, 2.15, 1.73, 1.51, 1.62, 1.62, 1.68, 1.45, 1.49, 2.08, 2.04, 1.5, 2.04, 1.59, 1.77, 1.81, 1.37, 1.14, 0.87, 0.9, 0, 0.89, 1.95, 3.64, 4.13, 3.84, 4.53, 5.116, 6.1, 7.2, 9.64, 11.744, 13.071, 13.597, 13.686, 13.9, 14.281, 14.061, 13.874, 14.092, 14.722, 14.561, 13.152, 12.361, 12.921, 12.953, 12.173, 11.661, 10.883, 10.022, 9.248, 9.381, 8.574, 7.859, 7.478, 6.614], [9.045, 10.305, 9.873, 9.105, 8.563, 8.603, 9.389, 10.746, 10.572, 9.216, 8.641, 8.932, 8.999, 10.149, 10.552, 10.845, 10.669, 10.669, 10.141, 10.502, 9.929, 7.936, 7.805, 7.887, 7.03, 5.793, 4.4, 3.46, 3.61, 3.54, 2.81, 2.1, 1.8, 1.72, 1.93, 2.03, 1.85, 1.58, 1.52, 1.91, 2.01, 1.81, 2.23, 1.7, 1.7, 1.6, 1.3, 1.05, 1.1, 1.23, 0.89, 0, 1.7, 3.27, 3.828, 3.521, 4.214, 4.806, 5.792, 6.901, 9.287, 11.468, 12.775, 13.275, 13.405, 13.61, 13.985, 13.77, 13.584, 13.822, 14.438, 14.253, 12.865, 12.062, 12.616, 12.663, 11.883, 11.371, 10.593, 9.732, 8.958, 9.079, 8.244, 7.549, 7.185, 6.301], [7.54, 8.8, 8.379, 7.6, 7.069, 7.11, 7.906, 9.246, 9.082, 7.743, 7.156, 7.429, 7.496, 8.67, 9.073, 9.373, 9.185, 9.189, 8.646, 9.009, 8.439, 6.451, 6.312, 6.398, 5.541, 4.296, 2.96, 2.36, 2.93, 2.9, 2.13, 1.42, 1.82, 2.26, 2.61, 2.45, 2.21, 2.16, 2.16, 1.97, 2.15, 2.79, 3.39, 2.48, 2.28, 2.18, 1.92, 1.93, 2.02, 2.31, 1.95, 1.7, 0, 1.81, 2.34, 2.05, 2.76, 3.31, 4.29, 5.43, 7.81, 10.0, 11.27, 11.79, 11.9, 12.116, 12.498, 12.275, 12.088, 12.32, 12.93, 12.759, 11.4, 10.599, 11.119, 11.169, 10.386, 9.868, 9.096, 8.269, 7.49, 7.596, 6.75, 6.07, 5.68, 4.83], [5.79, 7.05, 6.63, 5.85, 5.32, 5.36, 6.14, 7.5, 7.349, 6.017, 5.43, 5.7, 5.763, 6.937, 7.347, 7.64, 7.45, 7.44, 6.9, 7.276, 6.706, 4.719, 4.579, 4.66, 3.86, 2.69, 2.33, 1.69, 2.8, 2.67, 2.28, 2.53, 3.35, 3.77, 4.14, 3.96, 3.6, 3.47, 3.33, 2.82, 2.84, 4.06, 4.62, 3.87, 3.39, 3.29, 3.13, 3.38, 3.51, 3.8, 3.64, 3.27, 1.81, 0, 1.19, 1.22, 1.39, 1.86, 2.56, 3.66, 6.02, 8.23, 9.52, 10.039, 10.15, 10.37, 10.76, 10.54, 10.35, 10.57, 11.18, 11.01, 9.63, 8.83, 9.37, 9.42, 8.64, 8.13, 7.35, 6.5, 5.72, 5.83, 4.98, 4.32, 3.93, 3.06], [5.3, 6.5, 6.06, 5.3, 4.81, 4.95, 5.59, 6.93, 6.78, 5.72, 4.92, 5.15, 5.28, 6.37, 6.76, 7.053, 6.92, 6.87, 6.43, 6.709, 6.119, 4.15, 4.01, 4.078, 3.25, 2.2, 1.76, 1.4, 2.45, 2.3, 2.35, 2.94, 3.7, 4.12, 4.43, 4.31, 3.97, 3.9, 3.78, 2.95, 2.89, 4.17, 4.63, 4.1, 3.76, 3.5, 3.84, 3.99, 3.98, 4.25, 4.13, 3.828, 2.34, 1.19, 0, 0.75, 1.02, 1.49, 2.13, 3.27, 5.61, 7.7, 8.97, 9.53, 9.58, 9.796, 10.178, 9.955, 9.768, 10.0, 10.61, 10.44, 9.08, 8.32, 8.8, 8.849, 8.066, 7.548, 6.78, 5.99, 5.27, 5.34, 4.57, 4.01, 3.62, 2.97], [5.53, 6.79, 6.37, 5.59, 5.06, 5.16, 5.9, 7.24, 7.089, 5.91, 5.17, 5.52, 5.55, 6.677, 7.087, 7.38, 7.19, 7.18, 6.66, 7.016, 6.446, 4.459, 4.319, 4.4, 3.54, 2.63, 1.61, 1.43, 2.34, 2.17, 2.06, 2.55, 3.33, 3.81, 4.14, 3.98, 3.62, 3.57, 3.43, 2.66, 2.58, 3.84, 4.38, 3.79, 3.41, 3.15, 3.35, 3.64, 3.664, 3.94, 3.84, 3.521, 2.05, 1.22, 0.75, 0, 0.91, 1.64, 2.34, 3.44, 5.8, 7.99, 9.26, 9.78, 9.89, 10.11, 10.5, 10.28, 10.09, 10.31, 10.92, 10.75, 9.39, 8.59, 9.11, 9.16, 8.38, 7.87, 7.09, 6.28, 5.5, 5.59, 4.8, 4.3, 3.85, 3.18], [4.96, 6.18, 5.76, 5.0, 4.57, 4.65, 5.39, 6.63, 6.48, 5.4, 4.66, 4.97, 4.96, 6.16, 6.55, 6.8, 6.58, 6.69, 6.41, 6.41, 5.86, 3.849, 3.709, 3.79, 2.93, 2.08, 1.56, 1.62, 2.55, 2.42, 2.43, 3.06, 3.82, 4.28, 4.67, 4.51, 4.23, 4.1, 4.02, 3.19, 3.29, 4.49, 4.79, 4.2, 3.98, 3.68, 4.0, 4.25, 4.257, 4.51, 4.53, 4.214, 2.76, 1.39, 1.02, 0.91, 0, 1.17, 1.85, 2.95, 5.29, 7.32, 8.65, 9.17, 9.28, 9.5, 9.89, 9.67, 9.48, 9.696, 10.306, 10.14, 8.74, 7.98, 8.56, 8.55, 7.77, 7.26, 6.48, 5.65, 4.91, 4.98, 4.23, 3.85, 3.46, 2.83], [4.39, 5.65, 5.19, 4.47, 4.08, 4.28, 4.72, 5.98, 5.85, 4.79, 4.09, 4.48, 4.35, 5.47, 5.8, 6.09, 5.97, 6.08, 5.84, 5.76, 5.15, 3.16, 3.04, 3.1, 2.34, 1.63, 1.97, 1.87, 2.5, 2.61, 2.88, 3.51, 4.19, 4.77, 5.1, 5.04, 4.773, 4.766, 4.683, 3.8, 3.82, 5.0, 5.04, 4.85, 4.59, 4.43, 4.67, 5.0, 5.01, 5.18, 5.116, 4.806, 3.31, 1.86, 1.49, 1.64, 1.17, 0, 1.38, 2.52, 4.86, 6.83, 8.1, 8.62, 8.69, 8.81, 9.2, 8.98, 8.79, 9.09, 9.74, 9.53, 8.17, 7.43, 7.89, 7.88, 7.08, 6.59, 5.85, 5.04, 4.48, 4.41, 3.9, 3.56, 3.27, 2.72], [3.77, 4.87, 4.49, 3.81, 3.74, 3.98, 4.24, 5.06, 4.97, 4.13, 3.79, 3.92, 3.69, 4.57, 4.86, 5.11, 5.19, 5.22, 5.04, 4.88, 4.21, 2.26, 2.26, 2.42, 1.88, 1.95, 2.47, 2.65, 3.22, 3.49, 3.96, 4.51, 5.19, 5.81, 6.16, 6.06, 5.76, 5.77, 5.67, 4.86, 4.72, 5.9, 6.16, 5.89, 5.59, 5.269, 5.51, 5.867, 5.935, 6.16, 6.1, 5.792, 4.29, 2.56, 2.13, 2.34, 1.85, 1.38, 0, 1.54, 3.86, 5.83, 7.06, 7.54, 7.71, 7.91, 8.28, 8.04, 7.87, 8.03, 8.66, 8.55, 7.23, 6.43, 6.93, 6.96, 6.2, 5.69, 5.01, 4.24, 4.04, 3.75, 3.2, 3.18, 3.09, 2.72], [3.45, 4.21, 4.05, 3.29, 3.56, 3.7, 3.72, 4.22, 4.55, 4.15, 3.77, 3.62, 3.33, 3.55, 3.74, 4.05, 4.21, 4.34, 4.1, 3.84, 3.11, 1.54, 1.58, 1.76, 1.84, 2.31, 3.31, 3.93, 4.44, 4.81, 5.24, 5.75, 6.49, 7.07, 7.38, 7.24, 6.9, 6.89, 6.77, 5.98, 5.94, 7.18, 7.5, 7.03, 6.69, 6.35, 6.63, 6.976, 7.03, 7.28, 7.2, 6.901, 5.43, 3.66, 3.27, 3.44, 2.95, 2.52, 1.54, 0, 2.56, 4.57, 5.9, 6.42, 6.53, 6.75, 7.14, 6.92, 6.73, 6.95, 7.56, 7.39, 5.99, 5.19, 5.75, 5.8, 5.02, 4.53, 4.09, 3.8, 3.64, 3.39, 3.0, 3.48, 3.45, 2.98], [3.01, 3.29, 3.55, 2.93, 3.42, 3.66, 3.52, 3.7, 4.05, 3.97, 3.57, 3.06, 2.87, 2.21, 2.12, 2.47, 2.59, 2.9, 2.88, 2.38, 1.49, 2.6, 2.7, 2.58, 3.36, 4.47, 5.67, 6.25, 6.72, 7.07, 7.56, 8.07, 8.77, 9.33, 9.7, 9.58, 9.32, 9.27, 9.15, 8.38, 8.22, 9.5, 9.82, 9.41, 9.05, 8.75, 8.967, 9.367, 9.383, 9.64, 9.64, 9.287, 7.81, 6.02, 5.61, 5.8, 5.29, 4.86, 3.86, 2.56, 0, 2.39, 3.52, 4.02, 4.17, 4.43, 4.84, 4.52, 4.33, 4.59, 5.16, 5.01, 4.05, 3.39, 3.57, 3.58, 3.26, 3.09, 3.13, 3.26, 3.14, 2.91, 2.9, 3.56, 3.87, 3.92], [3.1, 2.32, 2.54, 2.94, 3.71, 4.01, 3.37, 2.85, 3.04, 4.04, 3.88, 3.15, 3.0, 2.08, 1.93, 1.76, 1.98, 1.97, 2.03, 1.87, 1.92, 3.95, 4.07, 4.07, 4.97, 6.02, 7.22, 8.24, 8.51, 8.92, 9.51, 10.18, 10.84, 11.38, 11.79, 11.71, 11.43, 11.405, 11.32, 10.41, 10.49, 11.69, 11.75, 11.46, 11.24, 10.92, 11.188, 11.543, 11.556, 11.775, 11.744, 11.468, 10.0, 8.23, 7.7, 7.99, 7.32, 6.83, 5.83, 4.57, 2.39, 0, 1.55, 2.11, 2.12, 2.18, 2.61, 2.45, 2.28, 2.4, 3.05, 2.82, 2.06, 1.66, 1.66, 1.47, 1.33, 1.46, 1.92, 2.35, 2.81, 2.62, 3.55, 4.35, 4.66, 5.19], [3.99, 2.87, 3.31, 3.85, 4.3, 4.44, 3.84, 3.12, 3.41, 4.53, 4.65, 4.2, 4.05, 3.07, 2.76, 2.57, 2.73, 2.54, 2.8, 2.68, 3.19, 5.24, 5.42, 5.4, 6.34, 7.35, 8.63, 9.53, 9.86, 10.27, 10.8, 11.45, 12.07, 12.67, 13.1, 13.0, 12.74, 12.723, 12.641, 11.76, 11.74, 12.94, 12.98, 12.79, 12.55, 12.241, 12.455, 12.859, 12.872, 13.093, 13.071, 12.775, 11.27, 9.52, 8.97, 9.26, 8.65, 8.1, 7.06, 5.9, 3.52, 1.55, 0, 0.96, 0.91, 1.47, 1.86, 1.8, 1.59, 1.61, 1.88, 1.81, 1.77, 1.79, 1.67, 1.72, 2.08, 2.23, 2.65, 3.32, 4.1, 3.75, 4.62, 5.36, 5.75, 6.5], [4.41, 3.31, 3.83, 4.41, 4.76, 4.72, 4.02, 3.08, 3.47, 4.71, 4.97, 4.62, 4.51, 3.55, 3.2, 3.01, 3.07, 2.96, 3.28, 3.1, 3.67, 5.7, 5.88, 5.9, 6.88, 7.87, 9.21, 10.07, 10.4, 10.75, 11.32, 11.97, 12.53, 13.21, 13.64, 13.52, 13.28, 13.255, 13.152, 12.3, 12.22, 13.4, 13.54, 13.31, 13.052, 12.752, 12.969, 13.364, 13.377, 13.625, 13.597, 13.275, 11.79, 10.039, 9.53, 9.78, 9.17, 8.62, 7.54, 6.42, 4.02, 2.11, 0.96, 0, 0.81, 1.43, 1.76, 1.64, 1.55, 1.69, 1.86, 1.65, 1.83, 2.15, 1.83, 1.92, 2.4, 2.47, 2.99, 3.76, 4.6, 4.29, 5.1, 5.84, 6.29, 7.04], [4.46, 3.44, 3.88, 4.44, 4.93, 4.95, 4.25, 3.41, 3.76, 4.88, 5.14, 4.73, 4.62, 3.7, 3.35, 3.14, 3.3, 3.23, 3.43, 3.17, 3.78, 5.79, 5.97, 5.95, 6.91, 7.88, 9.18, 10.14, 10.43, 10.84, 11.41, 12.08, 12.72, 13.3, 13.71, 13.63, 13.37, 13.356, 13.273, 12.37, 12.39, 13.59, 13.59, 13.413, 13.18, 12.873, 13.085, 13.492, 13.505, 13.726, 13.686, 13.405, 11.9, 10.15, 9.58, 9.89, 9.28, 8.69, 7.71, 6.53, 4.17, 2.12, 0.91, 0.81, 0, 1.42, 1.81, 1.81, 1.74, 1.8, 1.95, 1.7, 1.86, 2.14, 1.9, 1.99, 2.43, 2.64, 3.08, 3.83, 4.59, 4.36, 5.27, 5.99, 6.34, 7.11], [4.6, 3.36, 3.76, 4.54, 5.07, 5.13, 4.37, 3.43, 3.34, 4.84, 5.18, 4.81, 4.76, 3.7, 3.35, 3.08, 3.08, 3.05, 3.49, 3.25, 3.8, 5.85, 5.95, 5.81, 6.77, 7.84, 9.24, 10.18, 10.381, 10.88, 11.61, 12.3, 12.88, 13.48, 13.906, 13.841, 13.581, 13.573, 13.491, 12.59, 12.59, 13.79, 13.746, 13.631, 13.391, 13.087, 13.299, 13.703, 13.716, 13.939, 13.9, 13.61, 12.116, 10.37, 9.796, 10.11, 9.5, 8.81, 7.91, 6.75, 4.43, 2.18, 1.47, 1.43, 1.42, 0, 0.87, 0.99, 1.16, 1.2, 1.53, 1.28, 1.28, 1.74, 1.38, 1.29, 1.85, 2.36, 3.02, 3.89, 4.67, 4.54, 5.47, 6.15, 6.48, 7.33], [4.97, 3.71, 4.13, 4.91, 5.44, 5.4, 4.66, 3.64, 3.57, 5.01, 5.49, 5.14, 5.09, 4.03, 3.62, 3.31, 3.37, 3.4, 3.88, 3.54, 4.13, 6.14, 6.24, 6.1, 6.98, 8.21, 9.63, 10.558, 10.731, 11.241, 12.0, 12.69, 13.25, 13.87, 14.288, 14.228, 13.968, 13.961, 13.878, 12.98, 12.96, 14.16, 14.128, 14.018, 13.778, 13.468, 13.671, 14.084, 14.097, 14.315, 14.281, 13.985, 12.498, 10.76, 10.178, 10.5, 9.89, 9.2, 8.28, 7.14, 4.84, 2.61, 1.86, 1.76, 1.81, 0.87, 0, 0.78, 1.01, 1.09, 1.48, 1.23, 1.63, 2.13, 1.77, 1.68, 2.14, 2.69, 3.41, 4.28, 5.06, 4.93, 5.84, 6.52, 6.85, 7.72], [4.75, 3.51, 3.91, 4.69, 5.22, 5.2, 4.44, 3.46, 3.47, 4.93, 5.29, 4.92, 4.87, 3.81, 3.44, 3.19, 3.17, 3.16, 3.66, 3.36, 3.91, 6.0, 6.06, 5.92, 6.88, 8.01, 9.41, 10.35, 10.531, 11.009, 11.78, 12.47, 13.03, 13.65, 14.065, 14.005, 13.745, 13.738, 13.655, 12.76, 12.72, 13.92, 13.913, 13.795, 13.555, 13.248, 13.457, 13.864, 13.877, 14.1, 14.061, 13.77, 12.275, 10.54, 9.955, 10.28, 9.67, 8.98, 8.04, 6.92, 4.52, 2.45, 1.8, 1.64, 1.81, 0.99, 0.78, 0, 0.67, 0.91, 1.28, 1.05, 1.33, 1.87, 1.43, 1.36, 1.96, 2.49, 3.19, 4.06, 4.84, 4.71, 5.6, 6.28, 6.61, 7.5], [4.58, 3.34, 3.72, 4.5, 5.03, 5.03, 4.21, 3.23, 3.44, 4.78, 5.12, 4.77, 4.7, 3.64, 3.29, 3.1, 3.02, 2.99, 3.47, 3.19, 3.74, 5.85, 5.93, 5.89, 6.83, 7.88, 9.26, 10.16, 10.35, 10.84, 11.59, 12.28, 12.84, 13.46, 13.878, 13.818, 13.558, 13.551, 13.468, 12.57, 12.55, 13.75, 13.723, 13.608, 13.368, 13.061, 13.27, 13.677, 13.69, 13.913, 13.874, 13.584, 12.088, 10.35, 9.768, 10.09, 9.48, 8.79, 7.87, 6.73, 4.33, 2.28, 1.59, 1.55, 1.74, 1.16, 1.01, 0.67, 0, 0.76, 1.25, 1.02, 1.28, 1.7, 1.28, 1.23, 1.97, 2.34, 3.02, 3.87, 4.67, 4.52, 5.43, 6.11, 6.44, 7.31], [4.8, 3.6, 4.04, 4.78, 5.29, 5.31, 4.49, 3.51, 3.76, 5.1, 5.44, 5.01, 4.94, 3.94, 3.61, 3.38, 3.38, 3.19, 3.75, 3.45, 4.04, 6.11, 6.25, 6.19, 7.23, 8.22, 9.52, 10.48, 10.73, 11.12, 11.83, 12.5, 13.1, 13.68, 14.11, 14.05, 13.789, 13.762, 13.679, 12.786, 12.75, 13.91, 13.99, 13.819, 13.599, 13.279, 13.505, 13.897, 13.91, 14.132, 14.092, 13.822, 12.32, 10.57, 10.0, 10.31, 9.696, 9.09, 8.03, 6.95, 4.59, 2.4, 1.61, 1.69, 1.8, 1.2, 1.09, 0.91, 0.76, 0, 0.89, 0.92, 1.38, 1.86, 1.34, 1.39, 2.15, 2.7, 3.28, 4.15, 4.91, 4.78, 5.59, 6.29, 6.64, 7.53], [5.45, 4.21, 4.69, 5.43, 5.9, 5.92, 5.12, 4.02, 4.33, 5.75, 6.09, 5.64, 5.57, 4.61, 4.26, 4.03, 4.05, 3.84, 4.36, 4.12, 4.71, 6.76, 6.9, 6.88, 7.9, 8.87, 10.19, 11.15, 11.42, 11.77, 12.46, 13.13, 13.73, 14.29, 14.74, 14.66, 14.4, 14.372, 14.289, 13.396, 13.36, 14.52, 14.62, 14.429, 14.21, 13.909, 14.118, 14.51, 14.523, 14.742, 14.722, 14.438, 12.93, 11.18, 10.61, 10.92, 10.306, 9.74, 8.66, 7.56, 5.16, 3.05, 1.88, 1.86, 1.95, 1.53, 1.48, 1.28, 1.25, 0.89, 0, 1.09, 1.93, 2.49, 1.93, 2.0, 2.84, 3.35, 3.95, 4.82, 5.56, 5.41, 6.2, 6.94, 7.31, 8.14], [5.26, 4.02, 4.46, 5.28, 5.73, 5.75, 4.95, 3.79, 4.18, 5.58, 5.92, 5.49, 5.46, 4.46, 4.13, 3.88, 3.86, 3.73, 4.23, 3.99, 4.56, 6.61, 6.73, 6.63, 7.61, 8.66, 9.92, 10.92, 11.17, 11.6, 12.25, 12.94, 13.54, 14.12, 14.549, 14.489, 14.221, 14.213, 14.131, 13.23, 13.23, 14.43, 14.43, 14.271, 14.031, 13.731, 13.942, 14.346, 14.359, 14.583, 14.561, 14.253, 12.759, 11.01, 10.44, 10.75, 10.14, 9.53, 8.55, 7.39, 5.01, 2.82, 1.81, 1.65, 1.7, 1.28, 1.23, 1.05, 1.02, 0.92, 1.09, 0, 1.58, 2.26, 1.72, 1.77, 2.57, 3.12, 3.72, 4.59, 5.33, 5.2, 6.11, 6.79, 7.12, 7.97], [3.94, 2.72, 3.22, 3.92, 4.43, 4.57, 3.77, 3.19, 3.32, 4.5, 4.58, 4.25, 4.16, 3.22, 2.89, 2.72, 2.6, 2.45, 2.93, 2.71, 3.34, 5.37, 5.51, 5.53, 6.43, 7.42, 8.66, 9.62, 9.91, 10.32, 10.89, 11.56, 12.22, 12.8, 13.19, 13.11, 12.83, 12.822, 12.739, 11.83, 11.89, 13.09, 13.09, 12.879, 12.64, 12.339, 12.585, 12.957, 12.97, 13.192, 13.152, 12.865, 11.4, 9.63, 9.08, 9.39, 8.74, 8.17, 7.23, 5.99, 4.05, 2.06, 1.77, 1.83, 1.86, 1.28, 1.63, 1.33, 1.28, 1.38, 1.93, 1.58, 0, 0.94, 0.92, 1.37, 1.87, 2.06, 2.52, 3.27, 4.03, 3.84, 4.77, 5.47, 5.82, 6.57], [3.46, 2.26, 2.74, 3.32, 3.77, 3.93, 3.31, 2.87, 3.1, 4.1, 3.94, 3.61, 3.52, 2.46, 2.23, 2.06, 2.16, 1.95, 2.17, 2.07, 2.72, 4.77, 4.99, 4.91, 5.77, 6.86, 8.08, 8.9, 9.31, 9.7, 10.15, 10.76, 11.48, 12.08, 12.45, 12.33, 12.03, 12.022, 11.94, 11.09, 11.09, 12.31, 12.39, 12.1, 11.839, 11.539, 11.782, 12.155, 12.185, 12.41, 12.361, 12.062, 10.599, 8.83, 8.32, 8.59, 7.98, 7.43, 6.43, 5.19, 3.39, 1.66, 1.79, 2.15, 2.14, 1.74, 2.13, 1.87, 1.7, 1.86, 2.49, 2.26, 0.94, 0, 0.78, 1.33, 1.53, 1.68, 2.12, 2.63, 3.47, 3.22, 4.05, 4.75, 5.18, 5.81], [3.92, 2.64, 3.1, 3.78, 4.23, 4.31, 3.53, 3.0