[[0, 0.73, 2.23, 4.593, 6.164, 6.13, 6.994, 8.935, 9.308, 9.235, 8.774, 7.884, 7.574, 7.584, 7.65, 7.873, 8.097, 8.457, 8.403, 8.153, 8.175, 8.06, 8.21, 8.26, 8.379, 8.388, 8.606, 9.306, 9.886, 10.106, 10.113, 10.05, 10.44, 10.033, 10.173, 9.723, 8.207, 7.314, 6.83, 7.34, 6.16, 4.06, 4.0, 4.8, 4.54, 4.6, 5.41, 5.05, 4.22, 3.26, 2.88, 2.99, 2.35, 1.7, 1.7, 1.79, 1.94, 2.2, 2.06, 2.1, 1.85, 1.91, 1.66, 1.85, 2.67, 3.57, 3.6, 3.23, 2.66, 3.16, 3.96, 4.22, 4.72, 3.85, 2.76, 2.52, 2.79, 2.38, 1.96, 2.24, 3.0, 2.69, 3.51, 6.35, 7.9, 7.35], [0.73, 0, 2.1, 4.597, 6.137, 6.057, 6.967, 8.985, 9.315, 9.285, 8.755, 7.834, 7.504, 7.517, 7.62, 7.84, 8.05, 8.45, 8.376, 8.146, 8.233, 8.013, 8.14, 8.193, 8.312, 8.332, 8.536, 9.253, 9.816, 10.079, 10.043, 9.98, 10.37, 9.963, 10.126, 9.676, 8.16, 7.244, 6.78, 7.27, 6.09, 4.01, 3.91, 4.67, 4.43, 4.49, 5.32, 4.98, 4.09, 3.11, 2.77, 2.84, 2.2, 1.71, 1.81, 1.88, 2.09, 2.19, 2.15, 2.31, 2.06, 2.06, 1.87, 2.0, 2.64, 3.52, 3.57, 3.18, 2.57, 3.11, 3.91, 4.17, 4.67, 3.78, 2.71, 2.43, 2.74, 2.53, 2.11, 2.17, 3.03, 2.68, 3.54, 6.36, 7.89, 7.28], [2.23, 2.1, 0, 2.93, 4.362, 4.13, 5.312, 7.419, 7.766, 7.676, 7.109, 6.082, 5.712, 5.739, 5.865, 6.0, 6.318, 6.869, 6.724, 6.391, 6.544, 6.273, 6.349, 6.436, 6.478, 6.366, 6.74, 7.499, 7.985, 8.259, 8.235, 8.192, 8.579, 8.172, 8.42, 8.016, 6.374, 5.48, 4.92, 5.47, 4.33, 2.81, 2.75, 3.09, 2.85, 2.77, 3.46, 3.3, 2.45, 2.29, 2.31, 2.1, 2.22, 2.31, 2.73, 3.18, 3.49, 3.91, 3.89, 3.97, 3.76, 3.8, 3.45, 2.62, 1.96, 2.18, 2.05, 2.06, 1.85, 2.27, 2.75, 2.97, 3.09, 2.74, 2.21, 2.57, 3.16, 3.13, 3.07, 2.33, 2.49, 2.1, 2.6, 4.78, 6.23, 5.58], [4.593, 4.597, 2.93, 0, 2.14, 1.98, 2.67, 4.62, 4.93, 4.84, 4.35, 3.44, 3.11, 3.12, 3.32, 3.44, 3.71, 4.09, 3.994, 3.707, 3.851, 3.574, 3.727, 3.794, 3.893, 3.873, 4.163, 4.877, 5.44, 5.666, 5.65, 5.547, 5.937, 5.567, 5.741, 5.32, 3.82, 2.99, 2.85, 3.12, 2.52, 2.36, 2.52, 2.54, 2.48, 2.26, 2.25, 2.55, 2.44, 2.8, 3.1, 2.95, 3.61, 4.369, 4.76, 5.59, 5.82, 6.36, 6.34, 6.14, 6.07, 5.97, 5.6, 4.25, 3.17, 2.19, 2.3, 2.07, 2.58, 2.28, 2.3, 2.28, 2.32, 2.99, 3.48, 4.36, 5.01, 4.88, 5.0, 4.12, 3.14, 3.33, 2.53, 2.67, 3.68, 3.11], [6.164, 6.137, 4.362, 2.14, 0, 0.78, 1.79, 3.4, 3.59, 3.5, 3.07, 2.34, 2.41, 2.52, 2.34, 2.5, 2.37, 2.95, 2.83, 2.9, 3.19, 2.89, 2.68, 2.83, 2.88, 2.64, 2.61, 3.41, 3.99, 4.12, 4.01, 3.94, 4.317, 3.927, 4.141, 3.79, 2.54, 2.41, 2.73, 2.68, 2.74, 3.4, 3.82, 3.88, 3.84, 3.46, 3.13, 3.15, 3.28, 4.14, 4.66, 4.37, 5.11, 5.86, 6.26, 7.01, 7.338, 7.847, 7.907, 7.658, 7.563, 7.608, 7.08, 5.77, 4.51, 3.61, 3.56, 3.21, 3.88, 3.54, 3.64, 3.74, 3.56, 4.35, 4.88, 5.76, 6.43, 6.2, 6.22, 5.38, 4.68, 4.79, 4.21, 2.83, 2.6, 2.25], [6.13, 6.057, 4.13, 1.98, 0.78, 0, 1.81, 3.66, 3.95, 3.852, 3.27, 2.5, 2.43, 2.54, 2.36, 2.48, 2.53, 3.19, 3.03, 3.18, 3.29, 2.91, 2.62, 2.87, 2.94, 2.64, 2.819, 3.61, 4.19, 4.453, 4.264, 4.221, 4.542, 4.141, 4.469, 4.082, 2.52, 2.51, 2.67, 2.7, 2.72, 3.16, 3.5, 3.54, 3.48, 3.08, 2.77, 2.73, 2.88, 3.68, 4.26, 4.01, 4.79, 5.66, 6.0, 6.754, 7.138, 7.75, 7.81, 7.638, 7.583, 7.545, 7.1, 5.65, 4.33, 3.61, 3.4, 3.23, 3.7, 3.54, 3.56, 3.54, 3.34, 4.11, 4.58, 5.52, 6.15, 6.0, 6.04, 5.38, 4.74, 4.79, 4.19, 2.89, 2.86, 2.33], [6.994, 6.967, 5.312, 2.67, 1.79, 1.81, 0, 2.436, 2.866, 2.83, 2.18, 1.55, 1.36, 1.27, 1.11, 1.31, 1.46, 1.9, 1.76, 2.05, 2.1, 1.88, 1.57, 1.62, 1.83, 1.91, 2.26, 3.08, 3.76, 3.76, 3.45, 3.51, 3.76, 3.35, 3.55, 3.18, 2.25, 2.3, 2.46, 2.51, 2.47, 3.53, 4.09, 3.738, 4.047, 3.715, 3.108, 3.64, 4.01, 4.73, 4.996, 4.966, 5.592, 6.545, 6.985, 7.829, 8.205, 8.797, 8.837, 8.485, 8.473, 8.481, 7.788, 6.22, 4.98, 3.88, 4.11, 4.04, 4.73, 4.07, 3.73, 3.53, 3.31, 4.4, 5.338, 6.052, 6.42, 6.49, 6.508, 5.59, 4.73, 4.94, 4.18, 2.3, 2.21, 1.88], [8.935, 8.985, 7.419, 4.62, 3.4, 3.66, 2.436, 0, 0.99, 1.2, 1.15, 1.52, 2.13, 2.02, 1.92, 2.04, 1.71, 1.43, 1.27, 1.94, 1.89, 1.99, 1.86, 1.93, 2.02, 2.24, 2.13, 2.75, 3.05, 2.91, 2.72, 2.8, 2.85, 2.88, 2.84, 2.57, 2.48, 2.83, 3.39, 3.22, 3.7, 5.583, 6.26, 5.982, 6.379, 6.066, 5.416, 5.815, 6.18, 6.972, 7.24, 7.096, 7.802, 8.689, 9.194, 10.016, 10.292, 10.832, 10.852, 10.167, 10.311, 10.371, 9.461, 8.262, 6.933, 5.742, 6.009, 6.039, 6.786, 6.083, 5.509, 5.551, 5.306, 6.216, 7.463, 8.165, 8.565, 8.687, 8.685, 7.763, 6.398, 6.602, 5.777, 3.13, 2.2, 2.53], [9.308, 9.315, 7.766, 4.93, 3.59, 3.95, 2.866, 0.99, 0, 0.83, 0.94, 1.81, 2.34, 2.29, 2.25, 2.35, 2.0, 1.62, 1.54, 1.99, 1.96, 2.1, 2.01, 2.0, 1.99, 2.23, 1.92, 2.26, 2.58, 2.42, 2.31, 2.43, 2.5, 2.53, 2.39, 2.42, 2.31, 2.92, 3.58, 3.15, 3.804, 6.03, 6.704, 6.426, 6.814, 6.514, 5.867, 6.241, 6.484, 7.256, 7.67, 7.506, 8.292, 9.104, 9.524, 10.286, 10.556, 11.062, 11.108, 10.391, 10.538, 10.658, 9.788, 8.549, 7.22, 5.989, 6.276, 6.4, 7.176, 6.507, 5.989, 6.026, 5.784, 6.648, 7.88, 8.611, 9.049, 9.165, 9.166, 8.249, 6.888, 7.071, 6.178, 3.513, 2.33, 2.92], [9.235, 9.285, 7.676, 4.84, 3.5, 3.852, 2.83, 1.2, 0.83, 0, 0.85, 1.7, 2.07, 2.2, 2.3, 2.38, 1.95, 1.47, 1.45, 1.6, 1.43, 1.69, 1.82, 1.81, 1.7, 1.96, 1.73, 1.83, 2.31, 2.13, 1.98, 2.08, 2.29, 2.2, 2.1, 2.05, 2.02, 2.57, 3.338, 2.8, 3.774, 5.957, 6.64, 6.378, 6.781, 6.478, 5.826, 6.208, 6.431, 7.186, 7.612, 7.456, 8.242, 9.054, 9.474, 10.236, 10.452, 10.972, 11.032, 10.318, 10.448, 10.588, 9.698, 8.482, 7.147, 5.922, 6.166, 6.31, 7.126, 6.452, 5.939, 5.985, 5.742, 6.615, 7.847, 8.578, 9.013, 9.124, 9.118, 8.159, 6.838, 7.041, 6.18, 3.488, 2.44, 2.89], [8.774, 8.755, 7.109, 4.35, 3.07, 3.27, 2.18, 1.15, 0.94, 0.85, 0, 1.17, 1.56, 1.61, 1.55, 1.79, 1.58, 1.32, 1.06, 1.47, 1.42, 1.4, 1.35, 1.46, 1.43, 1.75, 1.7, 2.0, 2.46, 2.3, 2.13, 2.17, 2.36, 2.23, 2.15, 2.1, 1.79, 2.2, 2.88, 2.57, 3.15, 5.373, 6.027, 5.76, 6.151, 5.825, 5.193, 5.575, 5.813, 6.57, 6.99, 6.826, 7.596, 8.425, 8.824, 9.606, 9.905, 10.465, 10.528, 9.96, 10.047, 10.141, 9.26, 7.915, 6.543, 5.38, 5.639, 5.775, 6.505, 5.868, 5.343, 5.369, 5.109, 5.985, 7.215, 7.966, 8.425, 8.511, 8.498, 7.593, 6.311, 6.467, 5.68, 2.94, 2.01, 2.38], [7.884, 7.834, 6.082, 3.44, 2.34, 2.5, 1.55, 1.52, 1.81, 1.7, 1.17, 0, 0.81, 1.12, 1.32, 1.76, 1.45, 1.55, 1.33, 1.36, 1.41, 1.33, 1.12, 1.39, 1.34, 1.62, 1.65, 2.25, 2.71, 2.59, 2.6, 2.58, 2.89, 2.62, 2.72, 2.41, 1.78, 1.71, 2.43, 2.32, 2.64, 4.443, 5.128, 4.89, 5.324, 4.955, 4.305, 4.729, 4.997, 5.692, 6.083, 5.936, 6.686, 7.514, 7.952, 8.776, 8.961, 9.504, 9.584, 9.09, 9.197, 9.274, 8.35, 6.931, 5.593, 4.51, 4.68, 4.83, 5.6, 5.04, 4.473, 4.519, 4.239, 5.127, 6.35, 7.096, 7.555, 7.645, 7.628, 6.719, 5.51, 5.7, 4.93, 2.25, 1.76, 1.89], [7.574, 7.504, 5.712, 3.11, 2.41, 2.43, 1.36, 2.13, 2.34, 2.07, 1.56, 0.81, 0, 0.77, 1.19, 1.77, 1.7, 1.8, 1.54, 1.39, 1.28, 1.04, 1.13, 1.32, 1.35, 1.79, 1.9, 2.34, 2.88, 2.94, 2.81, 2.83, 3.14, 2.85, 2.95, 2.6, 1.85, 1.74, 2.38, 2.33, 2.63, 3.996, 4.658, 4.446, 4.834, 4.529, 3.916, 4.44, 4.59, 5.204, 5.636, 5.486, 6.236, 7.105, 7.485, 8.324, 8.591, 9.197, 9.274, 8.82, 8.887, 8.944, 8.123, 6.564, 5.164, 4.14, 4.31, 4.42, 5.17, 4.61, 4.163, 4.069, 3.809, 4.735, 5.875, 6.646, 7.072, 7.195, 7.178, 6.294, 5.183, 5.393, 4.66, 2.28, 2.01, 2.04], [7.584, 7.517, 5.739, 3.12, 2.52, 2.54, 1.27, 2.02, 2.29, 2.2, 1.61, 1.12, 0.77, 0, 0.88, 1.48, 1.51, 1.47, 1.29, 1.46, 1.47, 1.25, 1.14, 1.19, 1.34, 1.64, 1.97, 2.71, 3.27, 3.13, 2.96, 3.06, 3.27, 2.98, 2.98, 2.81, 2.12, 2.11, 2.43, 2.5, 2.72, 4.04, 4.617, 4.396, 4.764, 4.519, 3.906, 4.489, 4.603, 5.2, 5.606, 5.456, 6.216, 7.055, 7.475, 8.334, 8.604, 9.227, 9.287, 8.87, 8.92, 8.954, 8.173, 6.597, 5.25, 4.13, 4.4, 4.47, 5.18, 4.58, 4.16, 4.039, 3.819, 4.725, 5.825, 6.582, 7.015, 7.145, 7.168, 6.284, 5.153, 5.343, 4.63, 2.53, 2.12, 2.01], [7.65, 7.62, 5.865, 3.32, 2.34, 2.36, 1.11, 1.92, 2.25, 2.3, 1.55, 1.32, 1.19, 0.88, 0, 1.0, 1.13, 1.39, 1.29, 1.94, 1.87, 1.67, 1.24, 1.23, 1.44, 1.6, 2.03, 2.87, 3.47, 3.31, 3.08, 3.18, 3.29, 3.06, 3.12, 2.81, 2.08, 2.27, 2.35, 2.44, 2.54, 4.07, 4.589, 4.271, 4.68, 4.368, 3.781, 4.238, 4.503, 5.243, 5.549, 5.502, 6.165, 7.118, 7.558, 8.397, 8.784, 9.43, 9.49, 9.098, 9.123, 9.12, 8.398, 6.78, 5.474, 4.41, 4.62, 4.62, 5.284, 4.675, 4.261, 4.001, 3.747, 4.817, 5.811, 6.525, 6.938, 7.008, 7.07, 6.238, 5.29, 5.557, 4.85, 2.77, 2.26, 1.95], [7.873, 7.84, 6.0, 3.44, 2.5, 2.48, 1.31, 2.04, 2.35, 2.38, 1.79, 1.76, 1.77, 1.48, 1.0, 0, 0.87, 1.27, 1.55, 2.28, 2.17, 2.13, 1.78, 1.67, 1.78, 1.8, 2.35, 3.29, 3.77, 3.69, 3.38, 3.46, 3.61, 3.32, 3.54, 3.23, 2.36, 2.59, 2.43, 2.64, 2.64, 4.241, 4.703, 4.34, 4.694, 4.294, 3.704, 4.044, 4.667, 5.463, 5.709, 5.637, 6.183, 7.167, 7.687, 8.64, 8.973, 9.63, 9.713, 9.418, 9.405, 9.303, 8.741, 7.074, 5.874, 4.85, 5.0, 4.845, 5.47, 4.918, 4.604, 4.361, 4.087, 5.257, 6.021, 6.675, 7.02, 7.158, 7.221, 6.424, 5.55, 5.777, 4.99, 2.89, 2.76, 2.37], [8.097, 8.05, 6.318, 3.71, 2.37, 2.53, 1.46, 1.71, 2.0, 1.95, 1.58, 1.45, 1.7, 1.51, 1.13, 0.87, 0, 0.92, 1.28, 1.99, 2.04, 1.88, 1.59, 1.54, 1.53, 1.61, 1.92, 2.86, 3.3, 3.1, 3.03, 3.09, 3.32, 2.99, 3.17, 2.84, 2.15, 2.38, 2.58, 2.55, 2.81, 4.516, 5.19, 4.896, 5.201, 4.838, 4.194, 4.576, 5.17, 5.887, 6.173, 6.049, 6.666, 7.648, 8.147, 8.949, 9.254, 9.86, 9.92, 9.568, 9.575, 9.527, 8.868, 7.233, 5.987, 4.94, 5.13, 5.035, 5.774, 5.185, 4.757, 4.617, 4.457, 5.567, 6.447, 7.181, 7.519, 7.498, 7.565, 6.588, 5.74, 5.967, 5.18, 3.06, 2.53, 2.2], [8.457, 8.45, 6.869, 4.09, 2.95, 3.19, 1.9, 1.43, 1.62, 1.47, 1.32, 1.55, 1.8, 1.47, 1.39, 1.27, 0.92, 0, 0.98, 1.65, 1.5, 1.64, 1.43, 1.22, 1.35, 1.53, 1.82, 2.56, 3.0, 2.78, 2.75, 2.81, 3.04, 2.73, 2.71, 2.46, 2.09, 2.18, 2.46, 2.39, 2.99, 5.053, 5.69, 5.37, 5.784, 5.384, 4.751, 5.116, 5.65, 6.45, 6.673, 6.529, 7.154, 8.127, 8.667, 9.449, 9.754, 10.3, 10.32, 9.823, 9.89, 9.867, 9.065, 7.71, 6.483, 5.26, 5.543, 5.543, 6.294, 5.56, 5.025, 5.027, 4.784, 5.784, 6.881, 7.566, 7.939, 7.978, 7.989, 7.037, 5.82, 6.104, 5.28, 3.02, 2.53, 2.36], [8.403, 8.376, 6.724, 3.994, 2.83, 3.03, 1.76, 1.27, 1.54, 1.45, 1.06, 1.33, 1.54, 1.29, 1.29, 1.55, 1.28, 0.98, 0, 1.35, 1.36, 1.3, 1.07, 0.94, 1.05, 1.27, 1.48, 2.26, 2.7, 2.54, 2.37, 2.45, 2.64, 2.37, 2.29, 2.06, 1.75, 2.12, 2.46, 2.33, 2.79, 4.905, 5.474, 5.184, 5.598, 5.263, 4.636, 5.03, 5.356, 6.217, 6.525, 6.355, 7.055, 7.923, 8.434, 9.298, 9.609, 10.206, 10.226, 9.778, 9.822, 9.81, 9.061, 7.599, 6.275, 5.135, 5.425, 5.39, 6.108, 5.4, 4.958, 4.834, 4.638, 5.597, 6.664, 7.383, 7.804, 7.935, 7.99, 7.072, 5.921, 6.097, 5.421, 2.74, 2.01, 2.06], [8.153, 8.146, 6.391, 3.707, 2.9, 3.18, 2.05, 1.94, 1.99, 1.6, 1.47, 1.36, 1.39, 1.46, 1.94, 2.28, 1.99, 1.65, 1.35, 0, 0.81, 0.91, 1.14, 1.27, 1.22, 1.4, 1.65, 2.01, 2.19, 2.05, 2.22, 2.24, 2.53, 2.2, 2.28, 2.17, 1.76, 1.95, 2.69, 2.48, 3.14, 4.851, 5.479, 5.236, 5.636, 5.327, 4.717, 5.332, 5.446, 6.012, 6.446, 6.27, 7.041, 7.863, 8.289, 9.079, 9.265, 9.776, 9.816, 9.405, 9.472, 9.523, 8.728, 7.269, 5.963, 4.825, 5.053, 5.18, 5.974, 5.39, 4.988, 4.932, 4.695, 5.644, 6.696, 7.447, 7.874, 7.992, 8.027, 7.071, 5.908, 6.161, 5.385, 2.87, 2.26, 2.47], [8.175, 8.233, 6.544, 3.851, 3.19, 3.29, 2.1, 1.89, 1.96, 1.43, 1.42, 1.41, 1.28, 1.47, 1.87, 2.17, 2.04, 1.5, 1.36, 0.81, 0, 0.86, 1.21, 1.14, 1.17, 1.59, 1.74, 1.98, 2.3, 2.2, 2.27, 2.31, 2.6, 2.25, 2.31, 2.28, 1.97, 2.0, 2.72, 2.49, 3.19, 4.941, 5.638, 5.412, 5.84, 5.477, 4.847, 5.382, 5.578, 6.219, 6.616, 6.443, 7.211, 8.056, 8.494, 9.275, 9.457, 9.972, 9.969, 9.352, 9.496, 9.602, 8.678, 7.447, 6.127, 4.995, 5.182, 5.347, 6.117, 5.476, 5.058, 5.006, 4.763, 5.718, 6.866, 7.603, 8.032, 8.122, 8.117, 7.161, 5.935, 6.134, 5.341, 2.88, 2.51, 2.72], [8.06, 8.013, 6.273, 3.574, 2.89, 2.91, 1.88, 1.99, 2.1, 1.69, 1.4, 1.33, 1.04, 1.25, 1.67, 2.13, 1.88, 1.64, 1.3, 0.91, 0.86, 0, 0.87, 0.9, 1.03, 1.37, 1.48, 1.82, 2.38, 2.34, 2.17, 2.17, 2.5, 2.23, 2.35, 2.12, 1.73, 1.74, 2.46, 2.31, 2.91, 4.565, 5.209, 5.012, 5.366, 5.095, 4.459, 5.042, 5.176, 5.768, 6.225, 6.075, 6.844, 7.663, 8.043, 8.878, 9.129, 9.726, 9.78, 9.315, 9.359, 9.39, 8.658, 7.165, 5.742, 4.695, 4.843, 4.961, 5.771, 5.194, 4.725, 4.619, 4.385, 5.334, 6.461, 7.217, 7.604, 7.702, 7.757, 6.856, 5.718, 5.931, 5.195, 2.72, 2.35, 2.46], [8.21, 8.14, 6.349, 3.727, 2.68, 2.62, 1.57, 1.86, 2.01, 1.82, 1.35, 1.12, 1.13, 1.14, 1.24, 1.78, 1.59, 1.43, 1.07, 1.14, 1.21, 0.87, 0, 0.57, 0.92, 1.16, 1.33, 1.99, 2.53, 2.55, 2.3, 2.34, 2.49, 2.2, 2.4, 2.17, 1.52, 1.65, 2.13, 2.02, 2.64, 4.47, 5.024, 4.708, 5.073, 4.785, 4.146, 4.632, 4.786, 5.561, 6.064, 5.951, 6.723, 7.616, 7.979, 8.769, 9.205, 9.813, 9.91, 9.425, 9.486, 9.56, 8.751, 7.218, 5.728, 4.745, 4.833, 5.057, 5.784, 5.204, 4.648, 4.39, 4.075, 5.017, 6.253, 7.036, 7.396, 7.488, 7.578, 6.847, 5.771, 5.927, 5.191, 2.71, 2.18, 1.91], [8.26, 8.193, 6.436, 3.794, 2.83, 2.87, 1.62, 1.93, 2.0, 1.81, 1.46, 1.39, 1.32, 1.19, 1.23, 1.67, 1.54, 1.22, 0.94, 1.27, 1.14, 0.9, 0.57, 0, 0.67, 0.99, 1.4, 2.02, 2.54, 2.48, 2.25, 2.35, 2.46, 2.21, 2.31, 2.16, 1.77, 1.76, 2.14, 1.99, 2.61, 4.571, 5.145, 4.856, 5.232, 4.932, 4.316, 4.782, 4.957, 5.722, 6.208, 6.061, 6.793, 7.703, 8.069, 8.901, 9.295, 9.886, 9.98, 9.535, 9.562, 9.61, 8.861, 7.313, 5.855, 4.814, 5.01, 5.11, 5.835, 5.243, 4.744, 4.511, 4.265, 5.24, 6.35, 7.13, 7.534, 7.638, 7.69, 6.886, 5.825, 6.001, 5.32, 2.94, 2.39, 2.08], [8.379, 8.312, 6.478, 3.893, 2.88, 2.94, 1.83, 2.02, 1.99, 1.7, 1.43, 1.34, 1.35, 1.34, 1.44, 1.78, 1.53, 1.35, 1.05, 1.22, 1.17, 1.03, 0.92, 0.67, 0, 0.84, 1.31, 1.99, 2.43, 2.33, 2.12, 2.22, 2.49, 2.2, 2.34, 2.25, 1.68, 1.77, 2.317, 2.0, 2.737, 4.682, 5.324, 5.028, 5.407, 5.101, 4.472, 4.983, 5.114, 5.847, 6.281, 6.134, 6.929, 7.825, 8.19, 8.946, 9.353, 9.982, 10.082, 9.674, 9.698, 9.729, 9.017, 7.375, 5.92, 4.931, 5.046, 5.195, 5.93, 5.368, 4.96, 4.794, 4.534, 5.497, 6.587, 7.349, 7.7, 7.877, 7.886, 7.005, 6.017, 6.24, 5.516, 3.09, 2.62, 2.45], [8.388, 8.332, 6.366, 3.873, 2.64, 2.64, 1.91, 2.24, 2.23, 1.96, 1.75, 1.62, 1.79, 1.64, 1.6, 1.8, 1.61, 1.53, 1.27, 1.4, 1.59, 1.37, 1.16, 0.99, 0.84, 0, 1.15, 1.89, 2.27, 2.19, 2.2, 2.2, 2.53, 2.22, 2.28, 2.07, 1.7, 2.067, 2.307, 2.077, 2.834, 4.711, 5.262, 4.928, 5.318, 5.03, 4.383, 4.843, 5.075, 5.773, 6.236, 6.089, 6.881, 7.736, 8.139, 8.952, 9.288, 9.965, 10.068, 9.76, 9.764, 9.741, 9.123, 7.408, 6.04, 5.04, 5.187, 5.271, 5.895, 5.457, 5.087, 4.926, 4.664, 5.7, 6.614, 7.334, 7.743, 7.981, 7.981, 7.144, 6.176, 6.44, 5.697, 3.347, 2.58, 2.31], [8.606, 8.536, 6.74, 4.163, 2.61, 2.819, 2.26, 2.13, 1.92, 1.73, 1.7, 1.65, 1.9, 1.97, 2.03, 2.35, 1.92, 1.82, 1.48, 1.65, 1.74, 1.48, 1.33, 1.4, 1.31, 1.15, 0, 1.22, 1.76, 1.88, 1.63, 1.59, 1.94, 1.63, 1.91, 1.52, 1.29, 1.894, 2.471, 1.881, 2.803, 4.971, 5.606, 5.298, 5.731, 5.38, 4.727, 5.121, 5.459, 6.16, 6.574, 6.41, 7.198, 8.092, 8.498, 9.282, 9.66, 10.229, 10.326, 9.858, 9.925, 9.996, 9.124, 7.633, 6.221, 5.165, 5.327, 5.456, 6.16, 5.603, 5.104, 5.022, 4.728, 5.683, 6.856, 7.603, 7.97, 8.168, 8.126, 7.283, 6.181, 6.34, 5.606, 3.042, 2.35, 2.2], [9.306, 9.253, 7.499, 4.877, 3.41, 3.61, 3.08, 2.75, 2.26, 1.83, 2.0, 2.25, 2.34, 2.71, 2.87, 3.29, 2.86, 2.56, 2.26, 2.01, 1.98, 1.82, 1.99, 2.02, 1.99, 1.89, 1.22, 0, 1.14, 1.4, 1.17, 1.17, 1.46, 1.27, 1.39, 1.24, 1.67, 2.201, 3.035, 2.382, 3.529, 5.737, 6.351, 6.063, 6.443, 6.12, 5.458, 5.838, 6.119, 6.785, 7.354, 7.227, 7.973, 8.829, 9.189, 10.027, 10.255, 10.835, 10.98, 10.415, 10.522, 10.673, 9.752, 8.325, 6.873, 5.79, 5.94, 6.185, 6.918, 6.34, 5.803, 5.696, 5.389, 6.271, 7.556, 8.316, 8.71, 8.808, 8.861, 8.038, 6.883, 7.019, 6.217, 3.52, 2.69, 2.78], [9.886, 9.816, 7.985, 5.44, 3.99, 4.19, 3.76, 3.05, 2.58, 2.31, 2.46, 2.71, 2.88, 3.27, 3.47, 3.77, 3.3, 3.0, 2.7, 2.19, 2.3, 2.38, 2.53, 2.54, 2.43, 2.27, 1.76, 1.14, 0, 0.86, 0.97, 1.01, 1.16, 1.07, 1.03, 1.34, 2.215, 2.833, 3.665, 2.984, 4.14, 6.283, 6.915, 6.692, 7.08, 6.757, 6.107, 6.492, 6.744, 7.445, 7.931, 7.784, 8.56, 9.432, 9.795, 10.582, 10.84, 11.449, 11.506, 11.018, 11.142, 11.236, 10.358, 8.833, 7.345, 6.416, 6.458, 6.776, 7.54, 6.983, 6.398, 6.382, 6.085, 6.951, 8.192, 8.979, 9.35, 9.508, 9.503, 8.626, 7.512, 7.685, 6.931, 4.16, 2.97, 3.24], [10.106, 10.079, 8.259, 5.666, 4.12, 4.453, 3.76, 2.91, 2.42, 2.13, 2.3, 2.59, 2.94, 3.13, 3.31, 3.69, 3.1, 2.78, 2.54, 2.05, 2.2, 2.34, 2.55, 2.48, 2.33, 2.19, 1.88, 1.4, 0.86, 0, 0.93, 0.99, 1.26, 1.23, 0.87, 1.4, 2.475, 3.231, 3.988, 3.357, 4.479, 6.647, 7.309, 7.043, 7.446, 7.111, 6.496, 6.881, 7.121, 7.799, 8.253, 8.103, 8.879, 9.757, 10.154, 10.912, 11.1, 11.632, 11.729, 11.258, 11.362, 11.476, 10.581, 9.136, 7.753, 6.639, 6.798, 7.079, 7.86, 7.306, 6.744, 6.765, 6.489, 7.387, 8.55, 9.323, 9.746, 9.848, 9.863, 8.941, 7.798, 8.011, 7.234, 4.5, 3.15, 3.558], [10.113, 10.043, 8.235, 5.65, 4.01, 4.264, 3.45, 2.72, 2.31, 1.98, 2.13, 2.6, 2.81, 2.96, 3.08, 3.38, 3.03, 2.75, 2.37, 2.22, 2.27, 2.17, 2.3, 2.25, 2.12, 2.2, 1.63, 1.17, 0.97, 0.93, 0, 0.54, 0.73, 0.82, 0.84, 1.09, 2.229, 2.903, 3.692, 3.067, 4.17, 6.41, 7.037, 6.742, 7.138, 6.827, 6.181, 6.551, 6.849, 7.629, 8.018, 7.891, 8.626, 9.502, 9.908, 10.749, 11.148, 11.736, 11.833, 11.325, 11.429, 11.483, 10.605, 9.12, 7.652, 6.663, 6.765, 6.923, 7.668, 7.07, 6.485, 6.449, 6.132, 7.019, 8.252, 9.026, 9.417, 9.554, 9.573, 8.75, 7.639, 7.772, 7.018, 4.25, 3.06, 3.39], [10.05, 9.98, 8.192, 5.547, 3.94, 4.221, 3.51, 2.8, 2.43, 2.08, 2.17, 2.58, 2.83, 3.06, 3.18, 3.46, 3.09, 2.81, 2.45, 2.24, 2.31, 2.17, 2.34, 2.35, 2.22, 2.2, 1.59, 1.17, 1.01, 0.99, 0.54, 0, 0.65, 0.76, 0.96, 1.07, 2.12, 2.82, 3.609, 2.944, 4.087, 6.307, 6.927, 6.671, 7.078, 6.73, 6.095, 6.477, 6.786, 7.584, 7.975, 7.768, 8.534, 9.439, 9.865, 10.686, 11.085, 11.673, 11.77, 11.262, 11.366, 11.38, 10.542, 9.058, 7.609, 6.617, 6.732, 6.837, 7.584, 6.964, 6.382, 6.346, 6.029, 6.925, 8.149, 8.903, 9.314, 9.451, 9.431, 8.607, 7.496, 7.649, 6.923, 4.108, 3.0, 3.35], [10.44, 10.37, 8.579, 5.937, 4.317, 4.542, 3.76, 2.85, 2.5, 2.29, 2.36, 2.89, 3.14, 3.27, 3.29, 3.61, 3.32, 3.04, 2.64, 2.53, 2.6, 2.5, 2.49, 2.46, 2.49, 2.53, 1.94, 1.46, 1.16, 1.26, 0.73, 0.65, 0, 0.79, 1.05, 1.06, 2.413, 3.15, 3.856, 3.234, 4.437, 6.611, 7.148, 6.905, 7.279, 6.959, 6.286, 6.642, 7.025, 7.862, 8.291, 8.121, 8.853, 9.809, 10.215, 11.056, 11.495, 12.063, 12.16, 11.652, 11.756, 11.77, 10.932, 9.468, 7.999, 7.007, 7.105, 7.227, 7.974, 7.354, 6.712, 6.52, 6.22, 7.095, 8.366, 9.123, 9.534, 9.621, 9.692, 8.94, 7.846, 7.979, 7.293, 4.438, 3.17, 3.42], [10.033, 9.963, 8.172, 5.567, 3.927, 4.141, 3.35, 2.88, 2.53, 2.2, 2.23, 2.62, 2.85, 2.98, 3.06, 3.32, 2.99, 2.73, 2.37, 2.2, 2.25, 2.23, 2.2, 2.21, 2.2, 2.22, 1.63, 1.27, 1.07, 1.23, 0.82, 0.76, 0.79, 0, 0.78, 1.07, 2.04, 2.783, 3.352, 2.838, 4.007, 6.153, 6.704, 6.398, 6.803, 6.449, 5.791, 6.155, 6.575, 7.484, 7.864, 7.654, 8.406, 9.379, 9.822, 10.649, 11.088, 11.696, 11.773, 11.285, 11.369, 11.383, 10.548, 9.06, 7.615, 6.637, 6.733, 6.877, 7.584, 6.93, 6.211, 6.013, 5.713, 6.643, 7.836, 8.619, 9.073, 9.203, 9.205, 8.473, 7.385, 7.538, 6.901, 4.027, 2.86, 3.03], [10.173, 10.126, 8.42, 5.741, 4.141, 4.469, 3.55, 2.84, 2.39, 2.1, 2.15, 2.72, 2.95, 2.98, 3.12, 3.54, 3.17, 2.71, 2.29, 2.28, 2.31, 2.35, 2.4, 2.31, 2.34, 2.28, 1.91, 1.39, 1.03, 0.87, 0.84, 0.96, 1.05, 0.78, 0, 0.97, 2.48, 3.103, 3.794, 3.286, 4.332, 6.641, 7.195, 6.826, 7.196, 6.948, 6.269, 6.655, 6.909, 7.772, 8.238, 8.091, 8.811, 9.696, 10.07, 10.914, 11.236, 11.819, 11.89, 11.385, 11.449, 11.523, 10.688, 9.258, 7.852, 6.734, 6.993, 7.108, 7.838, 7.17, 6.631, 6.496, 6.246, 7.097, 8.332, 9.091, 9.564, 9.703, 9.706, 8.907, 7.665, 7.818, 7.121, 4.348, 2.92, 3.268], [9.723, 9.676, 8.016, 5.32, 3.79, 4.082, 3.18, 2.57, 2.42, 2.05, 2.1, 2.41, 2.6, 2.81, 2.81, 3.23, 2.84, 2.46, 2.06, 2.17, 2.28, 2.12, 2.17, 2.16, 2.25, 2.07, 1.52, 1.24, 1.34, 1.4, 1.09, 1.07, 1.06, 1.07, 0.97, 0, 1.93, 2.691, 3.275, 2.759, 3.86, 6.131, 6.625, 6.285, 6.667, 6.368, 5.729, 6.106, 6.519, 7.422, 7.708, 7.601, 8.221, 9.186, 9.66, 10.559, 10.892, 11.489, 11.546, 11.075, 11.159, 11.153, 10.318, 8.868, 7.495, 6.43, 6.625, 6.65, 7.354, 6.677, 6.028, 5.946, 5.684, 6.612, 7.802, 8.521, 8.931, 9.07, 9.079, 8.28, 7.075, 7.248, 6.598, 3.744, 2.57, 2.86], [8.207, 8.16, 6.374, 3.82, 2.54, 2.52, 2.25, 2.48, 2.31, 2.02, 1.79, 1.78, 1.85, 2.12, 2.08, 2.36, 2.15, 2.09, 1.75, 1.76, 1.97, 1.73, 1.52, 1.77, 1.68, 1.7, 1.29, 1.67, 2.215, 2.475, 2.229, 2.12, 2.413, 2.04, 2.48, 1.93, 0, 1.39, 1.89, 1.28, 2.34, 4.421, 4.961, 4.652, 5.043, 4.708, 4.081, 4.478, 4.881, 5.589, 5.952, 5.891, 6.591, 7.564, 8.064, 8.817, 9.324, 9.95, 10.03, 9.613, 9.663, 9.637, 8.895, 7.32, 5.79, 4.89, 4.96, 5.12, 5.824, 5.17, 4.695, 4.39, 4.073, 5.028, 6.224, 7.001, 7.378, 7.5, 7.48, 6.8, 5.775, 5.948, 5.211, 2.57, 2.12, 2.01], [7.314, 7.244, 5.48, 2.99, 2.41, 2.51, 2.3, 2.83, 2.92, 2.57, 2.2, 1.71, 1.74, 2.11, 2.27, 2.59, 2.38, 2.18, 2.12, 1.95, 2.0, 1.74, 1.65, 1.76, 1.77, 2.067, 1.894, 2.201, 2.833, 3.231, 2.903, 2.82, 3.15, 2.783, 3.103, 2.691, 1.39, 0, 1.06, 0.89, 1.61, 3.65, 4.236, 3.946, 4.383, 4.049, 3.416, 3.819, 4.093, 4.833, 5.216, 5.089, 5.849, 6.745, 7.171, 7.969, 8.371, 8.954, 9.054, 8.56, 8.647, 8.704, 7.83, 6.36, 4.94, 3.94, 4.07, 4.18, 4.93, 4.29, 3.75, 3.63, 3.349, 4.28, 5.455, 6.25, 6.74, 6.87, 6.85, 5.99, 4.83, 5.02, 4.32, 1.8, 1.99, 1.68], [6.83, 6.78, 4.92, 2.85, 2.73, 2.67, 2.46, 3.39, 3.58, 3.338, 2.88, 2.43, 2.38, 2.43, 2.35, 2.43, 2.58, 2.46, 2.46, 2.69, 2.72, 2.46, 2.13, 2.14, 2.317, 2.307, 2.471, 3.035, 3.665, 3.988, 3.692, 3.609, 3.856, 3.352, 3.794, 3.275, 1.89, 1.06, 0, 0.89, 1.03, 2.89, 3.45, 3.21, 3.65, 3.27, 2.62, 3.02, 3.41, 4.29, 4.65, 4.44, 5.12, 6.11, 6.61, 7.46, 7.89, 8.55, 8.63, 8.25, 8.28, 8.22, 7.55, 5.96, 4.58, 3.64, 3.75, 3.76, 4.41, 3.75, 3.19, 2.89, 2.63, 3.7, 4.67, 5.49, 5.98, 6.17, 6.15, 5.39, 4.39, 4.54, 3.94, 1.7, 2.41, 1.78], [7.34, 7.27, 5.47, 3.12, 2.68, 2.7, 2.51, 3.22, 3.15, 2.8, 2.57, 2.32, 2.33, 2.5, 2.44, 2.64, 2.55, 2.39, 2.33, 2.48, 2.49, 2.31, 2.02, 1.99, 2.0, 2.077, 1.881, 2.382, 2.984, 3.357, 3.067, 2.944, 3.234, 2.838, 3.286, 2.759, 1.28, 0.89, 0.89, 0, 1.34, 3.48, 4.06, 3.82, 4.217, 3.896, 3.283, 3.666, 3.98, 4.737, 5.126, 4.97, 5.722, 6.675, 7.14, 7.91, 8.4, 9.0, 9.1, 8.64, 8.71, 8.71, 7.94, 6.41, 4.97, 4.05, 4.1, 4.21, 4.92, 4.24, 3.76, 3.52, 3.18, 4.17, 5.32, 6.14, 6.57, 6.68, 6.68, 5.94, 4.86, 5.05, 4.37, 2.03, 2.5, 1.93], [6.16, 6.09, 4.33, 2.52, 2.74, 2.72, 2.47, 3.7, 3.804, 3.774, 3.15, 2.64, 2.63, 2.72, 2.54, 2.64, 2.81, 2.99, 2.79, 3.14, 3.19, 2.91, 2.64, 2.61, 2.737, 2.834, 2.803, 3.529, 4.14, 4.479, 4.17, 4.087, 4.437, 4.007, 4.332, 3.86, 2.34, 1.61, 1.03, 1.34, 0, 2.4, 3.0, 2.7, 3.16, 2.88, 2.35, 2.59, 2.84, 3.697, 4.06, 3.85, 4.59, 5.52, 5.96, 6.77, 7.22, 7.8, 7.88, 7.48, 7.53, 7.51, 6.82, 5.23, 3.85, 2.87, 3.0, 3.01, 3.76, 3.1, 2.58, 2.36, 2.12, 3.13, 4.18, 5.0, 5.49, 5.64, 5.62, 4.8, 3.76, 3.93, 3.25, 1.77, 2.68, 2.13], [4.06, 4.01, 2.81, 2.36, 3.4, 3.16, 3.53, 5.583, 6.03, 5.957, 5.373, 4.443, 3.996, 4.04, 4.07, 4.241, 4.516, 5.053, 4.905, 4.851, 4.941, 4.565, 4.47, 4.571, 4.682, 4.711, 4.971, 5.737, 6.283, 6.647, 6.41, 6.307, 6.611, 6.153, 6.641, 6.131, 4.421, 3.65, 2.89, 3.48, 2.4, 0, 1.08, 1.54, 1.72, 1.7, 1.77, 1.97, 1.78, 1.56, 1.92, 1.69, 2.43, 3.48, 4.02, 4.69, 5.18, 5.82, 5.9, 5.66, 5.61, 5.51, 5.04, 3.41, 2.17, 1.77, 1.58, 1.23, 1.86, 1.32, 1.16, 1.16, 1.14, 1.49, 2.22, 3.12, 3.69, 3.74, 3.8, 3.06, 2.36, 2.41, 1.85, 2.89, 4.28, 3.59], [4.0, 3.91, 2.75, 2.52, 3.82, 3.5, 4.09, 6.26, 6.704, 6.64, 6.027, 5.128, 4.658, 4.617, 4.589, 4.703, 5.19, 5.69, 5.474, 5.479, 5.638, 5.209, 5.024, 5.145, 5.324, 5.262, 5.606, 6.351, 6.915, 7.309, 7.037, 6.927, 7.148, 6.704, 7.195, 6.625, 4.961, 4.236, 3.45, 4.06, 3.0, 1.08, 0, 1.08, 1.32, 1.3, 1.79, 1.81, 1.52, 1.32, 1.78, 1.53, 2.25, 3.2, 3.82, 4.53, 5.26, 5.78, 5.82, 5.82, 5.61, 5.61, 5.3, 3.81, 2.59, 2.43, 2.18, 1.85, 2.0, 1.8, 1.58, 1.36, 1.46, 1.75, 2.28, 3.18, 3.73, 3.74, 3.9, 3.4, 2.76, 2.77, 2.37, 3.47, 4.82, 4.05], [4.8, 4.67, 3.09, 2.54, 3.88, 3.54, 3.738, 5.982, 6.426, 6.378, 5.76, 4.89, 4.446, 4.396, 4.271, 4.34, 4.896, 5.37, 5.184, 5.236, 5.412, 5.012, 4.708, 4.856, 5.028, 4.928, 5.298, 6.063, 6.692, 7.043, 6.742, 6.671, 6.905, 6.398, 6.826, 6.285, 4.652, 3.946, 3.21, 3.82, 2.7, 1.54, 1.08, 0, 1.0, 1.08, 1.33, 1.47, 1.52, 1.86, 2.22, 2.09, 2.95, 3.86, 4.48, 5.31, 6.0, 6.56, 6.58, 6.56, 6.41, 6.35, 5.94, 4.33, 3.15, 2.51, 2.32, 2.21, 2.62, 2.26, 1.86, 1.32, 1.22, 1.97, 2.72, 3.56, 4.05, 4.22, 4.38, 3.92, 3.14, 3.17, 2.47, 3.19, 4.58, 3.77], [4.54, 4.43, 2.85, 2.48, 3.84, 3.48, 4.047, 6.379, 6.814, 6.781, 6.151, 5.324, 4.834, 4.764, 4.68, 4.694, 5.201, 5.784, 5.598, 5.636, 5.84, 5.366, 5.073, 5.232, 5.407, 5.318, 5.731, 6.443, 7.08, 7.446, 7.138, 7.078, 7.279, 6.803, 7.196, 6.667, 5.043, 4.383, 3.65, 4.217, 3.16, 1.72, 1.32, 1.0, 0, 0.86, 1.43, 1.33, 1.48, 1.8, 2.16, 1.99, 2.87, 3.74, 4.34, 5.09, 5.82, 6.34, 6.34, 6.38, 6.17, 6.17, 5.8, 4.43, 3.15, 2.65, 2.38, 2.09, 2.38, 2.28, 2.06, 1.82, 1.58, 1.93, 2.66, 3.6, 4.05, 4.04, 4.28, 3.8, 3.24, 3.17, 2.59, 3.67, 5.02, 4.25], [4.6, 4.49, 2.77, 2.26, 3.46, 3.08, 3.715, 6.066, 6.514, 6.478, 5.825, 4.955, 4.529, 4.519, 4.368, 4.294, 4.838, 5.384, 5.263, 5.327, 5.477, 5.095, 4.785, 4.932, 5.101, 5.03, 5.38, 6.12, 6.757, 7.111, 6.827, 6.73, 6.959, 6.449, 6.948, 6.368, 4.708, 4.049, 3.27, 3.896, 2.88, 1.7, 1.3, 1.08, 0.86, 0, 1.13, 1.03, 1.24, 1.94, 2.26, 2.13, 2.79, 3.78, 4.38, 5.13, 5.86, 6.38, 6.4, 6.42, 6.21, 6.21, 5.82, 4.43, 3.15, 2.55, 2.34, 2.07, 2.4, 2.18, 1.86, 1.68, 1.44, 2.17, 2.62, 3.52, 3.95, 3.9, 4.16, 3.68, 3.02, 3.03, 2.47, 3.23, 4.66, 3.87], [5.41, 5.32, 3.46, 2.25, 3.13, 2.77, 3.108, 5.416, 5.867, 5.826, 5.193, 4.305, 3.916, 3.906, 3.781, 3.704, 4.194, 4.751, 4.636, 4.717, 4.847, 4.459, 4.146, 4.316, 4.472, 4.383, 4.727, 5.458, 6.107, 6.496, 6.181, 6.095, 6.286, 5.791, 6.269, 5.729, 4.081, 3.416, 2.62, 3.283, 2.35, 1.77, 1.79, 1.33, 1.43, 1.13, 0, 0.82, 1.61, 2.47, 2.83, 2.7, 3.52, 4.61, 5.11, 5.92, 6.51, 7.15, 7.25, 7.05, 7.0, 6.88, 6.39, 4.9, 3.6, 2.84, 2.71, 2.54, 3.07, 2.61, 2.19, 1.87, 1.41, 2.36, 3.13, 4.07, 4.42, 4.41, 4.67, 4.17, 3.53, 3.54, 2.92, 2.54, 3.99, 3.2], [5.05, 4.98, 3.3, 2.55, 3.15, 2.73, 3.64, 5.815, 6.241, 6.208, 5.575, 4.729, 4.44, 4.489, 4.238, 4.044, 4.576, 5.116, 5.03, 5.332, 5.382, 5.042, 4.632, 4.782, 4.983, 4.843, 5.121, 5.838, 6.492, 6.881, 6.551, 6.477, 6.642, 6.155, 6.655, 6.106, 4.478, 3.819, 3.02, 3.666, 2.59, 1.97, 1.81, 1.47, 1.33, 1.03, 0.82, 0, 1.21, 2.31, 2.71, 2.54, 3.32, 4.47, 4.93, 5.68, 6.19, 6.81, 6.91, 6.75, 6.64, 6.56, 6.21, 4.92, 3.62, 2.94, 2.75, 2.42, 2.79, 2.61, 2.19, 1.97, 1.63, 2.48, 3.07, 3.95, 4.34, 4.31, 4.61, 4.21, 3.61, 3.52, 2.96, 2.9, 4.35, 3.6], [4.22, 4.09, 2.45, 2.44, 3.28, 2.88, 4.01, 6.18, 6.484, 6.431, 5.813, 4.997, 4.59, 4.603, 4.503, 4.667, 5.17, 5.65, 5.356, 5.446, 5.578, 5.176, 4.786, 4.957, 5.114, 5.075, 5.459, 6.119, 6.744, 7.121, 6.849, 6.786, 7.025, 6.575, 6.909, 6.519, 4.881, 4.093, 3.41, 3.98, 2.84, 1.78, 1.52, 1.52, 1.48, 1.24, 1.61, 1.21, 0, 1.66, 2.38, 1.99, 2.71, 3.58, 4.02, 4.61, 5.3, 5.84, 5.9, 5.86, 5.63, 5.71, 5.42, 4.11, 2.75, 2.27, 2.04, 1.81, 2.02, 1.96, 2.04, 1.76, 1.62, 2.25, 2.54, 3.5, 4.01, 4.08, 4.2, 3.84, 3.28, 3.09, 2.65, 3.45, 4.72, 4.01], [3.26, 3.11, 2.29, 2.8, 4.14, 3.68, 4.73, 6.972, 7.256, 7.186, 6.57, 5.692, 5.204, 5.2, 5.243, 5.463, 5.887, 6.45, 6.217, 6.012, 6.219, 5.768, 5.561, 5.722, 5.847, 5.773, 6.16, 6.785, 7.445, 7.799, 7.629, 7.584, 7.862, 7.484, 7.772, 7.422, 5.589, 4.833, 4.29, 4.737, 3.697, 1.56, 1.32, 1.86, 1.8, 1.94, 2.47, 2.31, 1.66, 0, 1.12, 0.85, 1.71, 2.56, 2.98, 3.67, 4.24, 4.78, 4.92, 4.84, 4.65, 4.71, 4.38, 2.95, 1.89, 1.81, 1.52, 1.39, 1.58, 1.76, 1.9, 1.9, 2.12, 1.53, 1.86, 2.72, 3.25, 3.22, 3.4, 2.98, 2.58, 2.35, 1.99, 4.324, 5.64, 4.89], [2.88, 2.77, 2.31, 3.1, 4.66, 4.26, 4.996, 7.24, 7.67, 7.612, 6.99, 6.083, 5.636, 5.606, 5.549, 5.709, 6.173, 6.673, 6.525, 6.446, 6.616, 6.225, 6.064, 6.208, 6.281, 6.236, 6.574, 7.354, 7.931, 8.253, 8.018, 7.975, 8.291, 7.864, 8.238, 7.708, 5.952, 5.216, 4.65, 5.126, 4.06, 1.92, 1.78, 2.22, 2.16, 2.26, 2.83, 2.71, 2.38, 1.12, 0, 0.69, 1.05, 2.16, 2.6, 3.31, 3.92, 4.5, 4.6, 4.44, 4.31, 4.31, 3.92, 2.51, 1.87, 2.21, 2.02, 1.87, 1.92, 2.18, 2.16, 2.12, 2.44, 1.73, 1.52, 2.26, 2.79, 2.76, 2.9, 2.56, 2.3, 2.21, 2.03, 4.564, 5.98, 5.27], [2.99, 2.84, 2.1, 2.95, 4.37, 4.01, 4.966, 7.096, 7.506, 7.456, 6.826, 5.936, 5.486, 5.456, 5.502, 5.637, 6.049, 6.529, 6.355, 6.27, 6.443, 6.075, 5.951, 6.061, 6.134, 6.089, 6.41, 7.227, 7.784, 8.103, 7.891, 7.768, 8.121, 7.654, 8.091, 7.601, 5.891, 5.089, 4.44, 4.97, 3.85, 1.69, 1.53, 2.09, 1.99, 2.13, 2.7, 2.54, 1.99, 0.85, 0.69, 0, 1.3, 2.27, 2.77, 3.44, 4.05, 4.63, 4.69, 4.59, 4.44, 4.4, 4.07, 2.68, 1.9, 1.96, 1.77, 1.56, 1.59, 1.91, 1.97, 2.05, 2.31, 1.58, 1.61, 2.45, 3.02, 2.99, 3.09, 2.63, 2.23, 2.14, 1.94, 4.4, 5.75, 5.06], [2.35, 2.2, 2.22, 3.61, 5.11, 4.79, 5.592, 7.802, 8.292, 8.242, 7.596, 6.686, 6.236, 6.216, 6.165, 6.183, 6.666, 7.154, 7.055, 7.041, 7.211, 6.844, 6.723, 6.793, 6.929, 6.881, 7.198, 7.973, 8.56, 8.879, 8.626, 8.534, 8.853, 8.406, 8.811, 8.221, 6.591, 5.849, 5.12, 5.722, 4.59, 2.43, 2.25, 2.95, 2.87, 2.79, 3.52, 3.32, 2.71, 1.71, 1.05, 1.3, 0, 1.45, 1.93, 2.72, 3.27, 3.83, 3.89, 3.79, 3.62, 3.6, 3.27, 1.96, 1.82, 2.52, 2.39, 2.18, 1.91, 2.23, 2.53, 2.57, 3.01, 2.2, 1.19, 1.53, 2.12, 2.17, 2.29, 1.91, 2.15, 1.86, 2.3, 4.994, 6.47, 5.74], [1.7, 1.71, 2.31, 4.369, 5.86, 5.66, 6.545, 8.689, 9.104, 9.054, 8.425, 7.514, 7.105, 7.055, 7.118, 7.167, 7.648, 8.127, 7.923, 7.863, 8.056, 7.663, 7.616, 7.703, 7.825, 7.736, 8.092, 8.829, 9.432, 9.757, 9.502, 9.439, 9.809, 9.379, 9.696, 9.186, 7.564, 6.745, 6.11, 6.675, 5.52, 3.48, 3.2, 3.86, 3.74, 3.78, 4.61, 4.47, 3.58, 2.56, 2.16, 2.27, 1.45, 0, 0.8, 1.63, 2.2, 2.72, 2.72, 2.76, 2.57, 2.55, 2.36, 1.09, 2.39, 3.29, 3.22, 2.93, 2.5, 3.0, 3.48, 3.64, 4.06, 3.17, 1.9, 1.42, 1.69, 1.64, 1.66, 2.0, 2.82, 2.63, 3.27, 5.99, 7.4, 6.75], [1.7, 1.81, 2.73, 4.76, 6.26, 6.0, 6.985, 9.194, 9.524, 9.474, 8.824, 7.952, 7.485, 7.475, 7.558, 7.687, 8.147, 8.667, 8.434, 8.289, 8.494, 8.043, 7.979, 8.069, 8.19, 8.139, 8.498, 9.189, 9.795, 10.154, 9.908, 9.865, 10.215, 9.822, 10.07, 9.66, 8.064, 7.171, 6.61, 7.14, 5.96, 4.02, 3.82, 4.48, 4.34, 4.38, 5.11, 4.93, 4.02, 2.98, 2.6, 2.77, 1.93, 0.8, 0, 1.09, 1.68, 2.12, 2.22, 2.14, 2.01, 1.97, 1.94, 1.15, 2.59, 3.63, 3.56, 3.25, 2.86, 3.38, 4.02, 4.12, 4.58, 3.67, 2.32, 1.78, 1.83, 1.74, 1.62, 2.22, 3.3, 3.03, 3.81, 6.53, 7.86, 7.21], [1.79, 1.88, 3.18, 5.59, 7.01, 6.754, 7.829, 10.016, 10.286, 10.236, 9.606, 8.776, 8.324, 8.334, 8.397, 8.64, 8.949, 9.449, 9.298, 9.079, 9.275, 8.878, 8.769, 8.901, 8.946, 8.952, 9.282, 10.027, 10.582, 10.912, 10.749, 10.686, 11.056, 10.649, 10.914, 10.559, 8.817, 7.969, 7.46, 7.91, 6.77, 4.69, 4.53, 5.31, 5.09, 5.13, 5.92, 5.68, 4.61, 3.67, 3.31, 3.44, 2.72, 1.63, 1.09, 0, 0.99, 1.31, 1.41, 1.49, 1.5, 1.38, 1.47, 1.94, 3.26, 4.4, 4.25, 4.06, 3.45, 4.01, 4.81, 4.89, 5.33, 4.42, 3.11, 2.63, 2.62, 2.43, 2.05, 2.71, 4.07, 3.7, 4.62, 7.36, 8.71, 8.04], [1.94, 2.09, 3.49, 5.82, 7.338, 7.138, 8.205, 10.292, 10.556, 10.452, 9.905, 8.961, 8.591, 8.604, 8.784, 8.973, 9.254, 9.754, 9.609, 9.265, 9.457, 9.129, 9.205, 9.295, 9.353, 9.288, 9.66, 10.255, 10.84, 11.1, 11.148, 11.085, 11.495, 11.088, 11.236, 10.892, 9.324, 8.371, 7.89, 8.4, 7.22, 5.18, 5.26, 6.0, 5.82, 5.86, 6.51, 6.19, 5.3, 4.24, 3.92, 4.05, 3.27, 2.2, 1.68, 0.99, 0, 0.82, 1.04, 1.16, 1.27, 1.09, 1.28, 2.17, 3.59, 4.59, 4.54, 4.35, 3.72, 4.34, 5.16, 5.36, 5.86, 4.95, 3.6, 3.08, 3.11, 2.94, 2.54, 3.1, 4.36, 3.99, 4.91, 7.65, 9.1, 8.47], [2.2, 2.19, 3.91, 6.36, 7.847, 7.75, 8.797, 10.832, 11.062, 10.972, 10.465, 9.504, 9.197, 9.227, 9.43, 9.63, 9.86, 10.3, 10.206, 9.776, 9.972, 9.726, 9.813, 9.886, 9.982, 9.965, 10.229, 10.835, 11.449, 11.632, 11.736, 11.673, 12.063, 11.696, 11.819, 11.489, 9.95, 8.954, 8.55, 9.0, 7.8, 5.82, 5.78, 6.56, 6.34, 6.38, 7.15, 6.81, 5.84, 4.78, 4.5, 4.63, 3.83, 2.72, 2.12, 1.31, 0.82, 0, 0.66, 1.14, 1.19, 0.85, 1.64, 2.71, 4.21, 5.15, 5.12, 4.87, 4.28, 4.92, 5.74, 5.96, 6.46, 5.55, 4.28, 3.76, 3.75, 3.58, 3.14, 3.74, 4.86, 4.53, 5.41, 8.19, 9.66, 9.05], [2.06, 2.15, 3.89, 6.34, 7.907, 7.81, 8.837, 10.852, 11.108, 11.032, 10.528, 9.584, 9.274, 9.287, 9.49, 9.713, 9.92, 10.32, 10.226, 9.816, 9.969, 9.78, 9.91, 9.98, 10.082, 10.068, 10.326, 10.98, 11.506, 11.729, 11.833, 11.77, 12.16, 11.773, 11.89, 11.546, 10.03, 9.054, 8.63, 9.1, 7.88, 5.9, 5.82, 6.58, 6.34, 6.4, 7.25, 6.91, 5.9, 4.92, 4.6, 4.69, 3.89, 2.72, 2.22, 1.41, 1.04, 0.66, 0, 0.98, 1.01, 0.79, 1.68, 2.73, 4.29, 5.23, 5.22, 4.95, 4.34, 4.94, 5.82, 6.04, 6.56, 5.65, 4.36, 3.84, 3.87, 3.66, 3.24, 3.8, 4.88, 4.59, 5.43, 8.23, 9.72, 9.13], [2.1, 2.31, 3.97, 6.14, 7.658, 7.638, 8.485, 10.167, 10.391, 10.318, 9.96, 9.09, 8.82, 8.87, 9.098, 9.418, 9.568, 9.823, 9.778, 9.405, 9.352, 9.315, 9.425, 9.535, 9.674, 9.76, 9.858, 10.415, 11.018, 11.258, 11.325, 11.262, 11.652, 11.285, 11.385, 11.075, 9.613, 8.56, 8.25, 8.64, 7.48, 5.66, 5.82, 6.56, 6.38, 6.42, 7.05, 6.75, 5.86, 4.84, 4.44, 4.59, 3.79, 2.76, 2.14, 1.49, 1.16, 1.14, 0.98, 0, 0.77, 0.91, 1.1, 2.45, 3.91, 4.79, 4.76, 4.69, 4.26, 4.58, 5.3, 5.68, 6.12, 5.19, 4.04, 3.58, 3.61, 3.34, 2.88, 3.4, 4.32, 4.01, 4.73, 7.61, 9.1, 8.61], [1.85, 2.06, 3.76, 6.07, 7.563, 7.583, 8.473, 10.311, 10.538, 10.448, 10.047, 9.197, 8.887, 8.92, 9.123, 9.405, 9.575, 9.89, 9.822, 9.472, 9.496, 9.359, 9.486, 9.562, 9.698, 9.764, 9.925, 10.522, 11.142, 11.362, 11.429, 11.366, 11.756, 11.369, 11.449, 11.159, 9.663, 8.647, 8.28, 8.71, 7.53, 5.61, 5.61, 6.41, 6.17, 6.21, 7.0, 6.64, 5.63, 4.65, 4.31, 4.44, 3.62, 2.57, 2.01, 1.5, 1.27, 1.19, 1.01, 0.77, 0, 0.8, 1.39, 2.46, 3.98, 4.84, 4.85, 4.6, 4.09, 4.59, 5.39, 5.69, 6.17, 5.26, 4.03, 3.51, 3.58, 3.33, 2.87, 3.49, 4.41, 4.12, 4.88, 7.74, 9.23, 8.7], [1.91, 2.06, 3.8, 5.97, 7.608, 7.545, 8.481, 10.371, 10.658, 10.588, 10.141, 9.274, 8.944, 8.954, 9.12, 9.303, 9.527, 9.867, 9.81, 9.523, 9.602, 9.39, 9.56, 9.61, 9.729, 9.741, 9.996, 10.673, 11.236, 11.476, 11.483, 11.38, 11.77, 11.383, 11.523, 11.153, 9.637, 8.704, 8.22, 8.71, 7.51, 5.51, 5.61, 6.35, 6.17, 6.21, 6.88, 6.56, 5.71, 4.71, 4.31, 4.4, 3.6, 2.55, 1.97, 1.38, 1.09, 0.85, 0.79, 0.91, 0.8, 0, 1.45, 2.48, 4.02, 4.92, 4.97, 4.56, 4.03, 4.55, 5.41, 5.65, 6.17, 5.26, 3.95, 3.45, 3.48, 3.25, 2.83, 3.37, 4.41, 4.16, 4.94, 7.8, 9.29, 8.72], [1.66, 1.87, 3.45, 5.6, 7.08, 7.1, 7.788, 9.461, 9.788, 9.698, 9.26, 8.35, 8.123, 8.173, 8.398, 8.741, 8.868, 9.065, 9.061, 8.728, 8.678, 8.658, 8.751, 8.861, 9.017, 9.123, 9.124, 9.752, 10.358, 10.581, 10.605, 10.542, 10.932, 10.548, 10.688, 10.318, 8.895, 7.83, 7.55, 7.94, 6.82, 5.04, 5.3, 5.94, 5.8, 5.82, 6.39, 6.21, 5.42, 4.38, 3.92, 4.07, 3.27, 2.36, 1.94, 1.47, 1.28, 1.64, 1.68, 1.1, 1.39, 1.45, 0, 1.93, 3.27, 4.15, 4.14, 4.09, 3.74, 3.94, 4.56, 5.04, 5.44, 4.45, 3.38, 3.0, 3.07, 2.82, 2.28, 2.7, 3.58, 3.29, 4.11, 6.89, 8.4, 7.85], [1.85, 2.0, 2.62, 4.25, 5.77, 5.65, 6.22, 8.262, 8.549, 8.482, 7.915, 6.931, 6.564, 6.597, 6.78, 7.074, 7.233, 7.71, 7.599, 7.269, 7.447, 7.165, 7.218, 7.313, 7.375, 7.408, 7.633, 8.325, 8.833, 9.136, 9.12, 9.058, 9.468, 9.06, 9.258, 8.868, 7.32, 6.36, 5.96, 6.41, 5.23, 3.41, 3.81, 4.33, 4.43, 4.43, 4.9, 4.92, 4.11, 2.95, 2.51, 2.68, 1.96, 1.09, 1.15, 1.94, 2.17, 2.71, 2.73, 2.45, 2.46, 2.48, 1.93, 0, 1.9, 2.64, 2.71, 2.76, 2.71, 2.81, 3.19, 3.45, 3.91, 3.06, 1.99, 1.51, 1.72, 1.65, 1.63, 1.73, 2.43, 2.34, 2.94, 5.6, 7.07, 6.44], [2.67, 2.64, 1.96, 3.17, 4.51, 4.33, 4.98, 6.933, 7.22, 7.147, 6.543, 5.593, 5.164, 5.25, 5.474, 5.874, 5.987, 6.483, 6.275, 5.963, 6.127, 5.742, 5.728, 5.855, 5.92, 6.04, 6.221, 6.873, 7.345, 7.753, 7.652, 7.609, 7.999, 7.615, 7.852, 7.495, 5.79, 4.94, 4.58, 4.97, 3.85, 2.17, 2.59, 3.15, 3.15, 3.15, 3.6, 3.62, 2.75, 1.89, 1.87, 1.9, 1.82, 2.39, 2.59, 3.26, 3.59, 4.21, 4.29, 3.91, 3.98, 4.02, 3.27, 1.9, 0, 1.4, 1.33, 1.54, 1.69, 1.47, 1.91, 2.19, 2.55, 1.64, 1.45, 1.95, 2.46, 2.49, 2.39, 1.67, 1.45, 1.3, 1.92, 4.34, 5.69, 5.08], [3.57, 3.52, 2.18, 2.19, 3.61, 3.61, 3.88, 5.742, 5.989, 5.922, 5.38, 4.51, 4.14, 4.13, 4.41, 4.85, 4.94, 5.26, 5.135, 4.825, 4.995, 4.695, 4.745, 4.814, 4.931, 5.04, 5.165, 5.79, 6.416, 6.639, 6.663, 6.617, 7.007, 6.637, 6.734, 6.43, 4.89, 3.94, 3.64, 4.05, 2.87, 1.77, 2.43, 2.51, 2.65, 2.55, 2.84, 2.94, 2.27, 1.81, 2.21, 1.96, 2.52, 3.29, 3.63, 4.4, 4.59, 5.15, 5.23, 4.79, 4.84, 4.92, 4.15, 2.64, 1.4, 0, 0.71, 1.12, 1.67, 1.43, 1.35, 1.67, 1.69, 1.54, 2.19, 2.91, 3.44, 3.55, 3.53, 2.57, 1.55, 1.64, 1.24, 3.14, 4.65, 4.1], [3.6, 3.57, 2.05, 2.3, 3.56, 3.4, 4.11, 6.009, 6.276, 6.166, 5.639, 4.68, 4.31, 4.4, 4.62, 5.0, 5.13, 5.543, 5.425, 5.053, 5.182, 4.843, 4.833, 5.01, 5.046, 5.187, 5.327, 5.94, 6.458, 6.798, 6.765, 6.732, 7.105, 6.733, 6.993, 6.625, 4.96, 4.07, 3.75, 4.1, 3.0, 1.58, 2.18, 2.32, 2.38, 2.34, 2.71, 2.75, 2.04, 1.52, 2.02, 1.77, 2.39, 3.22, 3.56, 4.25, 4.54, 5.12, 5.22, 4.76, 4.85, 4.97, 4.14, 2.71, 1.33, 0.71, 0, 0.97, 1.7, 1.44, 1.36, 1.74, 1.72, 1.49, 2.02, 2.92, 3.45, 3.42, 3.38, 2.62, 1.92, 1.83, 1.37, 3.43, 4.84, 4.25], [3.23, 3.18, 2.06, 2.07, 3.21, 3.23, 4.04, 6.039, 6.4, 6.31, 5.775, 4.83, 4.42, 4.47, 4.62, 4.845, 5.035, 5.543, 5.39, 5.18, 5.347, 4.961, 5.057, 5.11, 5.195, 5.271, 5.456, 6.185, 6.776, 7.079, 6.923, 6.837, 7.227, 6.877, 7.108, 6.65, 5.12, 4.18, 3.76, 4.21, 3.01, 1.23, 1.85, 2.21, 2.09, 2.07, 2.54, 2.42, 1.81, 1.39, 1.87, 1.56, 2.18, 2.93, 3.25, 4.06, 4.35, 4.87, 4.95, 4.69, 4.6, 4.56, 4.09, 2.76, 1.54, 1.12, 0.97, 0, 0.99, 0.97, 1.39, 1.73, 1.89, 1.66, 1.89, 2.83, 3.5, 3.35, 3.33, 2.55, 1.95, 1.84, 1.56, 3.44, 4.89, 4.3], [2.66, 2.57, 1.85, 2.58, 3.88, 3.7, 4.73, 6.786, 7.176, 7.126, 6.505, 5.6, 5.17, 5.18, 5.284, 5.47, 5.774, 6.294, 6.108, 5.974, 6.117, 5.771, 5.784, 5.835, 5.93, 5.895, 6.16, 6.918, 7.54, 7.86, 7.668, 7.584, 7.974, 7.584, 7.838, 7.354, 5.824, 4.93, 4.41, 4.92, 3.76, 1.86, 2.0, 2.62, 2.38, 2.4, 3.07, 2.79, 2.02, 1.58, 1.92, 1.59, 1.91, 2.5, 2.86, 3.45, 3.72, 4.28, 4.34, 4.26, 4.09, 4.03, 3.74, 2.71, 1.69, 1.67, 1.7, 0.99, 0, 1.16, 1.98, 2.32, 2.52, 2.11, 1.8, 2.62, 3.27, 3.18, 3.16, 2.4, 2.04, 1.91, 2.17, 4.19, 5.58, 4.99], [3.16, 3.11, 2.27, 2.28, 3.54, 3.54, 4.07, 6.083, 6.507, 6.452, 5.868, 5.04, 4.61, 4.58, 4.675, 4.918, 5.185, 5.56, 5.4, 5.39, 5.476, 5.194, 5.204, 5.243, 5.368, 5.457, 5.603, 6.34, 6.983, 7.306, 7.07, 6.964, 7.354, 6.93, 7.17, 6.677, 5.17, 4.29, 3.75, 4.24, 3.1, 1.32, 1.8, 2.26, 2.28, 2.18, 2.61, 2.61, 1.96, 1.76, 2.18, 1.91, 2.23, 3.0, 3.38, 4.01, 4.34, 4.92, 4.94, 4.58, 4.59, 4.55, 3.94, 2.81, 1.47, 1.43, 1.44, 0.97, 1.16, 0, 1.28, 1.58, 1.76, 1.69, 1.88, 2.68, 3.35, 3.16, 3.04, 2.22, 1.7, 1.55, 1.59, 3.41, 4.9, 4.29], [3.96, 3.91, 2.75, 2.3, 3.64, 3.56, 3.73, 5.509, 5.989, 5.939, 5.343, 4.473, 4.163, 4.16, 4.261, 4.604, 4.757, 5.025, 4.958, 4.988, 5.058, 4.725, 4.648, 4.744, 4.96, 5.087, 5.104, 5.803, 6.398, 6.744, 6.485, 6.382, 6.712, 6.211, 6.631, 6.028, 4.695, 3.75, 3.19, 3.76, 2.58, 1.16, 1.58, 1.86, 2.06, 1.86, 2.19, 2.19, 2.04, 1.9, 2.16, 1.97, 2.53, 3.48, 4.02, 4.81, 5.16, 5.74, 5.82, 5.3, 5.39, 5.41, 4.56, 3.19, 1.91, 1.35, 1.36, 1.39, 1.98, 1.28, 0, 0.96, 1.1, 1.27, 2.12, 2.9, 3.49, 3.52, 3.48, 2.7, 1.68, 1.63, 1.13, 2.59, 4.16, 3.55], [4.22, 4.17, 2.97, 2.28, 3.74, 3.54, 3.53, 5.551, 6.026, 5.985, 5.369, 4.519, 4.069, 4.039, 4.001, 4.361, 4.617, 5.027, 4.834, 4.932, 5.006, 4.619, 4.39, 4.511, 4.794, 4.926, 5.022, 5.696, 6.382, 6.765, 6.449, 6.346, 6.52, 6.013, 6.496, 5.946, 4.39, 3.63, 2.89, 3.52, 2.36, 1.16, 1.36, 1.32, 1.82, 1.68, 1.87, 1.97, 1.76, 1.9, 2.12, 2.05, 2.57, 3.64, 4.12, 4.89, 5.36, 5.96, 6.04, 5.68, 5.69, 5.65, 5.04, 3.45, 2.19, 1.67, 1.74, 1.73, 2.32, 1.58, 0.96, 0, 0.7, 1.31, 2.06, 2.86, 3.41, 3.46, 3.48, 3.0, 2.22, 2.25, 1.59, 2.73, 4.1, 3.37], [4.72, 4.67, 3.09, 2.32, 3.56, 3.34, 3.31, 5.306, 5.784, 5.742, 5.109, 4.239, 3.809, 3.819, 3.747, 4.087, 4.457, 4.784, 4.638, 4.695, 4.763, 4.385, 4.075, 4.265, 4.534, 4.664, 4.728, 5.389, 6.085, 6.489, 6.132, 6.029, 6.22, 5.713, 6.246, 5.684, 4.073, 3.349, 2.63, 3.18, 2.12, 1.14, 1.46, 1.22, 1.58, 1.44, 1.41, 1.63, 1.62, 2.12, 2.44, 2.31, 3.01, 4.06, 4.58, 5.33, 5.86, 6.46, 6.56, 6.12, 6.17, 6.17, 5.44, 3.91, 2.55, 1.69, 1.72, 1.89, 2.52, 1.76, 1.1, 0.7, 0, 1.31, 2.4, 3.24, 3.65, 3.74, 3.88, 3.36, 2.44, 2.57, 1.91, 2.49, 3.9, 3.13], [3.85, 3.78, 2.74, 2.99, 4.35, 4.11, 4.4, 6.216, 6.648, 6.615, 5.985, 5.127, 4.735, 4.725, 4.817, 5.257, 5.567, 5.784, 5.597, 5.644, 5.718, 5.334, 5.017, 5.24, 5.497, 5.7, 5.683, 6.271, 6.951, 