[[0, 0.69, 1.29, 1.58, 1.83, 1.35, 1.42, 1.43, 1.13, 1.48, 1.47, 1.48, 1.77, 2.58, 2.54, 2.51, 3.01, 2.63, 2.14, 1.92, 2.06, 2.33, 2.2, 2.47, 2.08, 1.73, 3.8, 2.82, 1.76, 2.58, 2.57, 2.6, 2.32, 2.88, 3.22, 3.02, 4.07, 4.65, 5.58, 5.79, 6.07, 5.68, 6.39, 6.86, 5.96, 4.11, 2.39, 1.39, 1.76, 2.0, 1.59, 1.43, 2.94, 4.29, 4.25, 3.87, 4.65, 4.87, 4.87, 4.85, 4.43, 3.88, 4.15, 5.18, 5.87, 6.45, 6.51, 6.367, 6.991, 7.23, 7.367, 7.497, 8.11, 8.933, 9.935, 10.215, 9.608, 9.562, 9.668, 9.581, 10.262, 11.423, 12.027, 12.122, 12.106, 11.476], [0.69, 0, 0.88, 1.43, 1.68, 1.4, 1.45, 1.48, 1.2, 1.51, 1.34, 1.55, 1.74, 2.65, 2.77, 2.68, 3.32, 3.02, 2.57, 2.31, 2.33, 2.58, 2.53, 2.8, 2.41, 1.38, 3.31, 2.47, 2.01, 3.07, 2.98, 3.01, 2.83, 3.43, 3.73, 3.53, 4.56, 5.12, 5.99, 6.18, 6.48, 6.13, 6.84, 7.27, 6.37, 4.58, 2.82, 1.76, 2.05, 2.35, 1.68, 1.82, 3.35, 4.68, 4.68, 4.22, 5.08, 5.3, 5.32, 5.28, 4.86, 4.25, 4.6, 5.69, 6.32, 6.94, 7.04, 6.86, 7.541, 7.78, 7.888, 8.007, 8.62, 9.483, 10.422, 10.723, 10.127, 10.058, 10.155, 10.064, 10.665, 11.841, 12.446, 12.552, 12.528, 11.912], [1.29, 0.88, 0, 0.93, 1.08, 1.08, 1.51, 1.6, 1.18, 1.35, 1.12, 1.13, 1.26, 2.33, 2.59, 2.54, 3.18, 3.02, 2.51, 2.33, 2.31, 2.5, 2.53, 2.76, 2.47, 1.1, 2.81, 2.21, 2.51, 3.63, 3.4, 3.61, 3.33, 3.87, 4.268, 4.21, 5.24, 5.72, 6.749, 6.959, 7.259, 6.91, 7.597, 8.086, 7.186, 5.32, 3.5, 2.44, 2.83, 3.15, 2.2, 2.38, 4.17, 5.496, 5.46, 4.98, 5.876, 6.1, 6.1, 6.016, 5.619, 5.03, 5.218, 6.25, 6.84, 7.22, 7.38, 7.234, 7.998, 8.114, 8.309, 8.29, 8.898, 9.907, 10.969, 11.282, 10.652, 10.625, 10.819, 10.759, 11.43, 12.609, 13.239, 13.322, 13.316, 12.606], [1.58, 1.43, 0.93, 0, 1.01, 1.01, 1.66, 1.67, 1.27, 1.26, 0.99, 0.92, 1.17, 2.3, 2.52, 2.49, 3.15, 2.97, 2.48, 2.3, 2.24, 2.43, 2.48, 2.71, 2.44, 1.41, 2.96, 2.6, 2.68, 3.7, 3.45, 3.58, 3.42, 3.92, 4.42, 4.34, 5.389, 5.829, 6.879, 7.089, 7.389, 7.05, 7.723, 8.196, 7.296, 5.39, 3.61, 2.59, 2.98, 3.3, 2.35, 2.39, 4.32, 5.64, 5.6, 5.12, 6.02, 6.243, 6.243, 6.146, 5.729, 5.139, 5.332, 6.3, 6.81, 7.23, 7.33, 7.175, 8.005, 8.058, 8.285, 8.168, 8.788, 9.797, 10.877, 11.258, 10.691, 10.724, 10.932, 10.87, 11.502, 12.721, 13.337, 13.437, 13.425, 12.635], [1.83, 1.68, 1.08, 1.01, 0, 1.06, 1.57, 1.84, 1.4, 1.59, 1.4, 1.31, 1.08, 1.69, 2.01, 2.0, 2.84, 2.88, 2.35, 2.25, 2.09, 2.26, 2.41, 2.5, 2.41, 1.06, 2.81, 2.43, 2.83, 3.85, 3.42, 3.77, 3.49, 3.97, 4.55, 4.47, 5.52, 5.974, 7.032, 7.225, 7.542, 7.21, 7.9, 8.352, 7.452, 5.6, 3.78, 2.74, 3.13, 3.45, 2.74, 2.78, 4.45, 5.796, 5.76, 5.28, 6.176, 6.42, 6.42, 6.302, 5.865, 5.295, 5.448, 6.49, 7.06, 7.28, 7.3, 7.362, 8.129, 8.182, 8.466, 8.35, 8.935, 9.975, 11.1, 11.453, 10.883, 10.856, 11.02, 10.973, 11.593, 12.845, 13.47, 13.57, 13.592, 12.797], [1.35, 1.4, 1.08, 1.01, 1.06, 0, 1.07, 1.1, 0.76, 0.93, 0.92, 0.97, 1.16, 2.01, 1.97, 1.96, 2.62, 2.46, 2.03, 1.87, 2.03, 2.14, 2.05, 2.22, 1.97, 1.28, 3.25, 2.75, 2.23, 3.19, 2.92, 3.23, 2.87, 3.35, 3.81, 3.73, 4.78, 5.28, 6.315, 6.508, 6.825, 6.47, 7.18, 7.635, 6.735, 4.8, 3.08, 2.0, 2.39, 2.75, 2.34, 2.34, 3.71, 5.06, 5.02, 4.54, 5.44, 5.68, 5.68, 5.585, 5.148, 4.558, 4.74, 5.71, 6.38, 6.62, 6.86, 6.785, 7.498, 7.591, 7.841, 7.77, 8.355, 9.419, 10.509, 10.816, 10.201, 10.154, 10.359, 10.282, 10.932, 12.149, 12.765, 12.857, 12.861, 12.217], [1.42, 1.45, 1.51, 1.66, 1.57, 1.07, 0, 0.77, 1.01, 1.12, 1.31, 1.46, 1.79, 2.42, 2.08, 2.03, 2.71, 2.49, 2.14, 2.14, 2.2, 2.45, 2.18, 2.27, 1.86, 1.61, 3.8, 3.18, 2.02, 2.62, 2.47, 2.54, 2.22, 2.8, 3.24, 3.08, 4.11, 4.61, 5.639, 5.832, 6.149, 5.8, 6.49, 6.959, 6.059, 4.17, 2.37, 1.59, 1.94, 2.32, 2.41, 2.23, 3.08, 4.39, 4.37, 3.99, 4.77, 5.01, 5.01, 4.929, 4.492, 3.96, 4.11, 5.16, 5.73, 6.37, 6.39, 6.167, 6.928, 7.084, 7.261, 7.334, 7.907, 8.879, 9.877, 10.172, 9.625, 9.578, 9.683, 9.612, 10.285, 11.499, 12.098, 12.207, 12.188, 11.524], [1.43, 1.48, 1.6, 1.67, 1.84, 1.1, 0.77, 0, 0.8, 0.91, 1.34, 1.37, 1.82, 2.49, 2.07, 1.96, 2.5, 2.04, 1.73, 1.87, 2.13, 2.32, 1.91, 1.98, 1.59, 1.7, 3.95, 3.27, 1.81, 2.49, 2.28, 2.37, 2.17, 2.71, 3.11, 3.01, 3.98, 4.42, 5.49, 5.685, 5.982, 5.63, 6.32, 6.792, 5.892, 4.02, 2.28, 1.52, 1.85, 2.21, 2.32, 2.18, 2.87, 4.22, 4.18, 3.7, 4.6, 4.84, 4.84, 4.76, 4.36, 3.79, 3.98, 5.01, 5.56, 6.0, 6.18, 6.097, 6.858, 6.997, 7.151, 7.121, 7.67, 8.786, 9.767, 10.062, 9.498, 9.411, 9.53, 9.436, 10.112, 11.335, 11.939, 12.054, 12.036, 11.386], [1.13, 1.2, 1.18, 1.27, 1.4, 0.76, 1.01, 0.8, 0, 0.87, 1.12, 1.01, 1.52, 2.41, 2.45, 2.4, 3.0, 2.52, 2.11, 1.95, 2.21, 2.4, 2.23, 2.42, 2.11, 1.42, 3.41, 2.77, 1.77, 2.93, 2.8, 2.89, 2.63, 3.25, 3.61, 3.49, 4.46, 4.94, 5.95, 6.16, 6.448, 6.07, 6.78, 7.235, 6.335, 4.44, 2.68, 1.66, 2.03, 2.35, 1.98, 1.9, 3.35, 4.66, 4.62, 4.18, 5.04, 5.28, 5.28, 5.22, 4.84, 4.23, 4.478, 5.49, 6.1, 6.6, 6.72, 6.594, 7.381, 7.554, 7.697, 7.698, 8.227, 9.332, 10.293, 10.585, 10.038, 9.971, 10.019, 9.904, 10.611, 11.795, 12.42, 12.517, 12.496, 11.861], [1.48, 1.51, 1.35, 1.26, 1.59, 0.93, 1.12, 0.91, 0.87, 0, 0.79, 0.88, 1.43, 2.36, 2.22, 2.19, 2.71, 2.37, 1.94, 1.86, 2.16, 2.39, 1.98, 2.21, 1.9, 1.49, 3.36, 2.96, 2.14, 2.94, 2.63, 2.98, 2.6, 3.18, 3.7, 3.62, 4.61, 5.082, 6.102, 6.312, 6.612, 6.26, 6.95, 7.419, 6.519, 4.61, 2.83, 1.79, 2.3, 2.74, 2.23, 2.13, 3.54, 4.85, 4.81, 4.33, 5.23, 5.47, 5.47, 5.41, 4.99, 4.42, 4.573, 5.54, 6.17, 6.43, 6.59, 6.618, 7.385, 7.538, 7.716, 7.608, 8.096, 9.337, 10.359, 10.667, 10.102, 10.035, 10.146, 10.083, 10.734, 11.947, 12.589, 12.69, 12.672, 12.002], [1.47, 1.34, 1.12, 0.99, 1.4, 0.92, 1.31, 1.34, 1.12, 0.79, 0, 0.67, 1.12, 2.21, 2.33, 2.34, 2.98, 2.92, 2.31, 2.17, 2.27, 2.52, 2.31, 2.56, 2.29, 1.58, 2.91, 2.61, 2.51, 3.41, 3.22, 3.51, 3.15, 3.67, 4.15, 4.03, 5.074, 5.548, 6.598, 6.796, 7.108, 6.75, 7.445, 7.915, 7.015, 5.08, 3.36, 2.28, 2.67, 3.05, 2.28, 2.2, 4.01, 5.34, 5.3, 4.82, 5.72, 5.94, 5.94, 5.865, 5.448, 4.878, 5.04, 6.01, 6.64, 6.9, 7.1, 7.037, 7.798, 7.926, 8.103, 8.041, 8.62, 9.716, 10.792, 11.117, 10.489, 10.422, 10.646, 10.579, 11.235, 12.439, 13.059, 13.171, 13.15, 12.5], [1.48, 1.55, 1.13, 0.92, 1.31, 0.97, 1.46, 1.37, 1.01, 0.88, 0.67, 0, 1.09, 2.24, 2.44, 2.43, 3.03, 2.79, 2.22, 2.12, 2.38, 2.61, 2.32, 2.55, 2.4, 1.49, 3.04, 2.5, 2.44, 3.42, 3.23, 3.48, 3.14, 3.68, 4.2, 4.06, 5.11, 5.552, 6.622, 6.815, 7.132, 6.779, 7.449, 7.919, 7.019, 5.089, 3.35, 2.31, 2.7, 3.04, 2.19, 2.15, 4.04, 5.369, 5.329, 4.849, 5.749, 5.963, 5.966, 5.889, 5.472, 4.865, 5.059, 6.06, 6.49, 6.95, 7.15, 7.084, 7.805, 7.918, 8.07, 7.894, 8.659, 9.668, 10.654, 10.969, 10.422, 10.435, 10.636, 10.574, 11.242, 12.466, 13.066, 13.175, 13.156, 12.469], [1.77, 1.74, 1.26, 1.17, 1.08, 1.16, 1.79, 1.82, 1.52, 1.43, 1.12, 1.09, 0, 1.29, 1.67, 1.66, 2.32, 2.64, 2.05, 2.03, 1.95, 2.1, 1.93, 2.02, 2.25, 1.52, 2.95, 2.71, 2.75, 3.75, 3.3, 3.79, 3.43, 3.91, 4.452, 4.389, 5.419, 5.879, 6.969, 7.162, 7.479, 7.126, 7.796, 8.266, 7.366, 5.448, 3.68, 2.66, 3.05, 3.37, 2.82, 2.66, 4.39, 5.716, 5.676, 5.196, 6.096, 6.31, 6.313, 6.236, 5.802, 5.192, 5.362, 6.346, 6.84, 7.199, 7.179, 7.319, 8.043, 8.119, 8.323, 8.116, 8.808, 9.881, 10.969, 11.29, 10.698, 10.751, 10.948, 10.898, 11.531, 12.762, 13.402, 13.502, 13.495, 12.797], [2.58, 2.65, 2.33, 2.3, 1.69, 2.01, 2.42, 2.49, 2.41, 2.36, 2.21, 2.24, 1.29, 0, 1.24, 1.43, 2.23, 2.89, 2.32, 2.3, 2.0, 2.15, 2.22, 2.17, 2.56, 2.21, 3.64, 3.3, 3.18, 4.06, 3.71, 4.2, 3.86, 4.24, 4.782, 4.719, 5.749, 6.175, 7.279, 7.489, 7.789, 7.44, 8.13, 8.596, 7.696, 5.763, 3.99, 3.23, 3.52, 3.76, 3.61, 3.41, 4.7, 6.03, 5.99, 5.51, 6.41, 6.643, 6.643, 6.546, 6.129, 5.539, 5.672, 6.673, 7.17, 7.449, 7.386, 7.588, 8.292, 8.391, 8.597, 8.336, 9.028, 10.103, 11.241, 11.568, 10.969, 10.991, 11.226, 11.164, 11.794, 13.051, 13.691, 13.791, 13.781, 13.092], [2.54, 2.77, 2.59, 2.52, 2.01, 1.97, 2.08, 2.07, 2.45, 2.22, 2.33, 2.44, 1.67, 1.24, 0, 0.51, 1.33, 1.93, 1.62, 1.74, 1.6, 1.57, 1.56, 1.25, 1.62, 2.39, 4.12, 3.58, 2.78, 3.12, 2.79, 3.22, 2.92, 3.18, 3.7, 3.72, 4.69, 5.155, 6.228, 6.421, 6.738, 6.38, 7.11, 7.548, 6.648, 4.77, 3.25, 2.61, 2.98, 3.16, 3.43, 3.19, 3.72, 4.97, 4.93, 4.45, 5.35, 5.59, 5.61, 5.498, 5.081, 4.58, 4.65, 5.64, 6.29, 6.421, 6.381, 6.657, 7.33, 7.446, 7.663, 7.464, 8.077, 9.189, 10.359, 10.688, 10.036, 10.003, 10.209, 10.142, 10.769, 12.023, 12.646, 12.746, 12.756, 12.127], [2.51, 2.68, 2.54, 2.49, 2.0, 1.96, 2.03, 1.96, 2.4, 2.19, 2.34, 2.43, 1.66, 1.43, 0.51, 0, 1.26, 1.74, 1.53, 1.59, 1.59, 1.48, 1.41, 1.1, 1.39, 2.34, 4.11, 3.41, 2.55, 2.91, 2.7, 3.03, 2.83, 2.95, 3.45, 3.51, 4.4, 4.888, 5.941, 6.134, 6.451, 6.09, 6.84, 7.261, 6.361, 4.52, 3.02, 2.44, 2.81, 2.95, 3.2, 2.98, 3.49, 4.68, 4.66, 4.2, 5.06, 5.32, 5.34, 5.211, 4.86, 4.41, 4.42, 5.39, 6.04, 6.154, 6.134, 6.413, 7.097, 7.196, 7.422, 7.229, 7.833, 8.956, 10.123, 10.447, 9.798, 9.762, 9.942, 9.881, 10.485, 11.739, 12.362, 12.462, 12.472, 11.859], [3.01, 3.32, 3.18, 3.15, 2.84, 2.62, 2.71, 2.5, 3.0, 2.71, 2.98, 3.03, 2.32, 2.23, 1.33, 1.26, 0, 1.16, 1.35, 1.41, 1.47, 1.46, 1.19, 1.1, 1.39, 3.2, 4.87, 4.19, 2.61, 2.19, 2.02, 2.67, 2.85, 2.31, 2.69, 3.03, 3.6, 4.094, 5.124, 5.317, 5.634, 5.29, 6.04, 6.447, 5.547, 3.88, 2.96, 2.84, 3.15, 3.15, 3.56, 3.18, 3.35, 4.14, 3.98, 3.76, 4.42, 4.78, 4.74, 4.6, 4.22, 3.95, 4.0, 4.83, 5.28, 5.377, 5.34, 5.636, 6.314, 6.419, 6.645, 6.469, 7.059, 8.19, 9.363, 9.69, 9.035, 8.985, 9.168, 9.107, 9.677, 10.931, 11.554, 11.654, 11.681, 11.068], [2.63, 3.02, 3.02, 2.97, 2.88, 2.46, 2.49, 2.04, 2.52, 2.37, 2.92, 2.79, 2.64, 2.89, 1.93, 1.74, 1.16, 0, 0.85, 1.23, 1.49, 1.38, 1.19, 1.02, 1.11, 2.98, 5.07, 4.05, 2.01, 1.53, 1.22, 2.05, 2.21, 1.61, 2.03, 2.11, 2.92, 3.42, 4.461, 4.654, 4.971, 4.61, 5.36, 5.781, 4.881, 3.08, 2.12, 2.2, 2.63, 2.59, 3.08, 2.6, 2.57, 3.3, 3.22, 2.92, 3.6, 3.88, 3.9, 3.76, 3.36, 3.07, 3.04, 3.97, 4.6, 4.74, 4.72, 5.01, 5.726, 5.859, 6.065, 5.909, 6.489, 7.651, 8.761, 9.065, 8.487, 8.399, 8.5, 8.439, 9.046, 10.28, 10.92, 11.026, 11.013, 10.4], [2.14, 2.57, 2.51, 2.48, 2.35, 2.03, 2.14, 1.73, 2.11, 1.94, 2.31, 2.22, 2.05, 2.32, 1.62, 1.53, 1.35, 0.85, 0, 0.94, 1.16, 1.31, 0.86, 1.03, 1.06, 2.55, 4.52, 3.54, 1.88, 2.1, 1.63, 2.32, 2.12, 2.1, 2.6, 2.52, 3.57, 4.03, 5.105, 5.298, 5.615, 5.26, 5.97, 6.425, 5.525, 3.63, 2.19, 1.97, 2.32, 2.46, 2.81, 2.43, 2.62, 3.85, 3.81, 3.33, 4.23, 4.47, 4.47, 4.375, 3.938, 3.44, 3.51, 4.52, 5.19, 5.31, 5.33, 5.554, 6.247, 6.386, 6.607, 6.456, 7.034, 8.179, 9.299, 9.626, 9.008, 8.938, 9.102, 9.034, 9.673, 10.912, 11.544, 11.653, 11.642, 10.996], [1.92, 2.31, 2.33, 2.3, 2.25, 1.87, 2.14, 1.87, 1.95, 1.86, 2.17, 2.12, 2.03, 2.3, 1.74, 1.59, 1.41, 1.23, 0.94, 0, 0.78, 0.95, 0.84, 1.27, 1.1, 2.35, 4.48, 3.4, 1.88, 2.06, 1.83, 2.56, 2.48, 2.16, 2.74, 2.66, 3.69, 4.17, 5.202, 5.395, 5.712, 5.36, 6.05, 6.522, 5.622, 3.75, 2.41, 2.03, 2.46, 2.46, 2.59, 2.13, 2.78, 3.95, 3.91, 3.43, 4.33, 4.57, 4.57, 4.51, 4.07, 3.52, 3.61, 4.64, 5.33, 5.39, 5.53, 5.734, 6.402, 6.534, 6.778, 6.615, 7.143, 8.344, 9.47, 9.778, 9.173, 9.1, 9.188, 9.152, 9.779, 11.024, 11.653, 11.755, 11.763, 11.099], [2.06, 2.33, 2.31, 2.24, 2.09, 2.03, 2.2, 2.13, 2.21, 2.16, 2.27, 2.38, 1.95, 2.0, 1.6, 1.59, 1.47, 1.49, 1.16, 0.78, 0, 0.57, 1.16, 1.49, 1.36, 2.47, 4.58, 3.64, 2.26, 2.34, 2.07, 2.88, 2.74, 2.52, 3.04, 2.98, 4.029, 4.478, 5.562, 5.755, 6.072, 5.72, 6.41, 6.882, 5.982, 4.07, 2.79, 2.43, 2.8, 2.7, 2.81, 2.43, 3.2, 4.33, 4.29, 3.87, 4.69, 4.95, 4.93, 4.832, 4.395, 3.86, 3.952, 4.96, 5.57, 5.77, 5.71, 5.949, 6.613, 6.72, 6.958, 6.781, 7.469, 8.475, 9.644, 9.98, 9.319, 9.289, 9.512, 9.462, 10.103, 11.355, 11.977, 12.077, 12.088, 11.424], [2.33, 2.58, 2.5, 2.43, 2.26, 2.14, 2.45, 2.32, 2.4, 2.39, 2.52, 2.61, 2.1, 2.15, 1.57, 1.48, 1.46, 1.38, 1.31, 0.95, 0.57, 0, 1.05, 1.38, 1.39, 2.62, 4.61, 3.69, 2.31, 2.37, 2.24, 3.11, 2.93, 2.57, 3.01, 2.93, 3.9, 4.388, 5.441, 5.634, 5.951, 5.59, 6.34, 6.761, 5.861, 4.02, 2.84, 2.56, 2.89, 2.75, 2.9, 2.5, 3.11, 4.24, 4.26, 3.84, 4.58, 4.86, 4.84, 4.711, 4.274, 3.71, 3.88, 4.87, 5.54, 5.66, 5.634, 5.893, 6.574, 6.673, 6.893, 6.746, 7.358, 8.448, 9.617, 9.941, 9.289, 9.233, 9.445, 9.378, 9.985, 11.236, 11.856, 11.956, 11.966, 11.359], [2.2, 2.53, 2.53, 2.48, 2.41, 2.05, 2.18, 1.91, 2.23, 1.98, 2.31, 2.32, 1.93, 2.22, 1.56, 1.41, 1.19, 1.19, 0.86, 0.84, 1.16, 1.05, 0, 0.89, 1.04, 2.57, 4.34, 3.48, 1.96, 2.14, 1.99, 2.6, 2.5, 2.28, 2.82, 2.76, 3.75, 4.27, 5.274, 5.467, 5.784, 5.44, 6.19, 6.597, 5.697, 3.89, 2.57, 2.11, 2.5, 2.6, 2.93, 2.59, 2.92, 4.01, 4.01, 3.59, 4.39, 4.69, 4.69, 4.544, 4.107, 3.58, 3.69, 4.78, 5.47, 5.57, 5.59, 5.837, 6.55, 6.68, 6.887, 6.743, 7.25, 8.481, 9.585, 9.909, 9.305, 9.215, 9.345, 9.28, 9.856, 11.09, 11.721, 11.83, 11.837, 11.224], [2.47, 2.8, 2.76, 2.71, 2.5, 2.22, 2.27, 1.98, 2.42, 2.21, 2.56, 2.55, 2.02, 2.17, 1.25, 1.1, 1.1, 1.02, 1.03, 1.27, 1.49, 1.38, 0.89, 0, 0.81, 2.6, 4.35, 3.61, 2.17, 2.19, 1.94, 2.37, 2.45, 2.27, 2.79, 2.77, 3.72, 4.22, 5.244, 5.437, 5.754, 5.41, 6.16, 6.564, 5.664, 3.84, 2.5, 2.36, 2.69, 2.81, 3.24, 2.92, 3.07, 3.98, 3.96, 3.5, 4.36, 4.64, 4.66, 4.52, 4.1, 3.69, 3.7, 4.71, 5.38, 5.54, 5.54, 5.804, 6.5, 6.636, 6.851, 6.652, 7.217, 8.431, 9.532, 9.844, 9.24, 9.167, 9.297, 9.233, 9.832, 11.057, 11.694, 11.806, 11.804, 11.197], [2.08, 2.41, 2.47, 2.44, 2.41, 1.97, 1.86, 1.59, 2.11, 1.9, 2.29, 2.4, 2.25, 2.56, 1.62, 1.39, 1.39, 1.11, 1.06, 1.1, 1.36, 1.39, 1.04, 0.81, 0, 2.51, 4.712, 3.72, 1.86, 1.8, 1.79, 2.02, 1.98, 1.8, 2.34, 2.44, 3.29, 3.75, 4.825, 5.018, 5.335, 4.98, 5.69, 6.145, 5.245, 3.37, 2.13, 2.03, 2.4, 2.48, 2.89, 2.49, 2.64, 3.61, 3.59, 3.09, 3.95, 4.19, 4.23, 4.11, 3.77, 3.38, 3.37, 4.3, 4.91, 5.05, 5.17, 5.334, 6.01, 6.126, 6.372, 6.21, 6.783, 7.95, 9.059, 9.366, 8.765, 8.695, 8.825, 8.763, 9.401, 10.638, 11.267, 11.378, 11.374, 10.727], [1.73, 1.38, 1.1, 1.41, 1.06, 1.28, 1.61, 1.7, 1.42, 1.49, 1.58, 1.49, 1.52, 2.21, 2.39, 2.34, 3.2, 2.98, 2.55, 2.35, 2.47, 2.62, 2.57, 2.6, 2.51, 0, 2.85, 1.93, 2.67, 3.69, 3.46, 3.51, 3.37, 3.95, 4.41, 4.29, 5.24, 5.7, 6.75, 6.925, 7.24, 6.87, 7.56, 8.012, 7.112, 5.22, 3.44, 2.42, 2.85, 3.11, 2.34, 2.56, 4.11, 5.456, 5.416, 4.94, 5.836, 6.079, 6.08, 6.02, 5.64, 4.99, 5.28, 6.27, 6.76, 7.26, 7.46, 7.214, 8.095, 8.177, 8.371, 8.27, 8.792, 9.943, 10.87, 11.202, 10.727, 10.68, 10.764, 10.702, 11.36, 12.579, 13.17, 13.27, 13.244, 12.469], [3.8, 3.31, 2.81, 2.96, 2.81, 3.25, 3.8, 3.95, 3.41, 3.36, 2.91, 3.04, 2.95, 3.64, 4.12, 4.11, 4.87, 5.07, 4.52, 4.48, 4.58, 4.61, 4.34, 4.35, 4.712, 2.85, 0, 2.14, 4.76, 6.0, 5.63, 6.1, 5.846, 6.309, 6.826, 6.72, 7.744, 8.242, 9.149, 9.33, 9.659, 9.36, 10.09, 10.48, 9.58, 7.83, 6.07, 4.93, 5.18, 5.5, 4.31, 4.67, 6.569, 7.85, 7.87, 7.39, 8.25, 8.55, 8.57, 8.47, 8.022, 7.449, 7.596, 8.72, 9.45, 9.61, 9.59, 9.887, 10.619, 10.778, 10.95, 10.798, 11.293, 12.582, 13.634, 13.947, 13.362, 13.275, 13.331, 13.263, 13.794, 14.982, 15.622, 15.728, 15.758, 15.162], [2.82, 2.47, 2.21, 2.6, 2.43, 2.75, 3.18, 3.27, 2.77, 2.96, 2.61, 2.5, 2.71, 3.3, 3.58, 3.41, 4.19, 4.05, 3.54, 3.4, 3.64, 3.69, 3.48, 3.61, 3.72, 1.93, 2.14, 0, 2.9, 4.66, 4.59, 4.92, 4.76, 5.1, 5.455, 5.3, 6.25, 6.69, 7.54, 7.63, 7.95, 7.58, 8.35, 8.7, 7.76, 6.11, 4.41, 3.41, 3.54, 3.58, 2.43, 2.95, 4.84, 6.09, 6.07, 5.69, 6.49, 6.79, 6.93, 6.85, 6.49, 5.84, 6.225, 7.32, 7.91, 8.35, 8.57, 8.487, 9.308, 9.461, 9.599, 9.58, 10.059, 11.237, 12.126, 12.413, 11.863, 11.779, 11.795, 11.578, 12.142, 13.147, 13.746, 13.883, 13.935, 13.426], [1.76, 2.01, 2.51, 2.68, 2.83, 2.23, 2.02, 1.81, 1.77, 2.14, 2.51, 2.44, 2.75, 3.18, 2.78, 2.55, 2.61, 2.01, 1.88, 1.88, 2.26, 2.31, 1.96, 2.17, 1.86, 2.67, 4.76, 2.9, 0, 2.04, 2.27, 2.68, 2.54, 2.7, 2.8, 2.64, 3.51, 3.97, 4.8, 4.89, 5.11, 4.7, 5.53, 5.84, 4.86, 3.25, 1.69, 1.45, 1.48, 1.48, 1.65, 1.41, 2.1, 3.33, 3.29, 2.97, 3.71, 3.97, 4.09, 4.11, 3.75, 3.06, 3.51, 4.64, 5.25, 5.87, 5.97, 5.807, 6.571, 6.767, 6.878, 6.948, 7.517, 8.508, 9.372, 9.639, 9.069, 9.005, 9.046, 8.821, 9.392, 10.402, 10.961, 11.041, 11.058, 10.584], [2.58, 3.07, 3.63, 3.7, 3.85, 3.19, 2.62, 2.49, 2.93, 2.94, 3.41, 3.42, 3.75, 4.06, 3.12, 2.91, 2.19, 1.53, 2.1, 2.06, 2.34, 2.37, 2.14, 2.19, 1.8, 3.69, 6.0, 4.66, 2.04, 0, 1.25, 1.68, 2.12, 1.16, 1.16, 1.48, 1.85, 2.287, 3.317, 3.55, 3.804, 3.44, 4.184, 4.611, 3.711, 2.07, 1.63, 2.01, 2.3, 2.2, 2.87, 2.15, 1.86, 2.27, 2.39, 2.35, 2.51, 2.89, 2.79, 2.71, 2.49, 2.56, 2.65, 3.16, 3.59, 4.31, 4.25, 4.115, 4.745, 4.978, 5.19, 5.383, 5.89, 6.75, 7.694, 7.992, 7.521, 7.437, 7.43, 7.312, 7.942, 9.182, 9.784, 9.893, 9.869, 9.256], [2.57, 2.98, 3.4, 3.45, 3.42, 2.92, 2.47, 2.28, 2.8, 2.63, 3.22, 3.23, 3.3, 3.71, 2.79, 2.7, 2.02, 1.22, 1.63, 1.83, 2.07, 2.24, 1.99, 1.94, 1.79, 3.46, 5.63, 4.59, 2.27, 1.25, 0, 1.49, 1.77, 1.23, 1.51, 1.59, 2.3, 2.78, 3.71, 3.96, 4.22, 3.91, 4.58, 5.05, 4.13, 2.42, 1.74, 1.92, 2.13, 2.37, 2.92, 2.3, 2.15, 2.54, 2.64, 2.36, 3.02, 3.28, 3.1, 3.08, 2.82, 2.87, 2.84, 3.39, 3.96, 4.38, 4.24, 4.396, 5.146, 5.342, 5.578, 5.6, 5.989, 7.131, 8.112, 8.419, 7.872, 7.805, 7.827, 7.762, 8.333, 9.543, 10.192, 10.306, 10.279, 9.638], [2.6, 3.01, 3.61, 3.58, 3.77, 3.23, 2.54, 2.37, 2.89, 2.98, 3.51, 3.48, 3.79, 4.2, 3.22, 3.03, 2.67, 2.05, 2.32, 2.56, 2.88, 3.11, 2.6, 2.37, 2.02, 3.51, 6.1, 4.92, 2.68, 1.68, 1.49, 0, 1.02, 1.2, 1.32, 1.4, 2.09, 2.41, 3.48, 3.79, 4.01, 3.62, 4.23, 4.72, 3.82, 2.35, 1.85, 2.09, 1.92, 2.34, 3.07, 2.67, 2.2, 2.47, 2.93, 2.83, 2.81, 2.87, 2.89, 3.01, 2.89, 3.3, 3.35, 3.46, 3.95, 4.89, 4.85, 4.12, 4.805, 5.159, 5.608, 6.05, 6.322, 6.793, 7.642, 7.972, 7.67, 7.65, 7.59, 7.56, 8.122, 9.263, 9.835, 9.941, 9.96, 9.145], [2.32, 2.83, 3.33, 3.42, 3.49, 2.87, 2.22, 2.17, 2.63, 2.6, 3.15, 3.14, 3.43, 3.86, 2.92, 2.83, 2.85, 2.21, 2.12, 2.48, 2.74, 2.93, 2.5, 2.45, 1.98, 3.37, 5.846, 4.76, 2.54, 2.12, 1.77, 1.02, 0, 1.5, 1.82, 1.58, 2.43, 2.91, 3.94, 4.25, 4.47, 4.06, 4.45, 4.98, 4.12, 2.75, 1.83, 1.75, 1.64, 2.0, 2.83, 2.51, 2.1, 2.93, 3.47, 3.23, 3.25, 3.17, 3.27, 3.49, 3.27, 3.5, 3.61, 3.94, 4.59, 5.37, 5.35, 4.7, 4.95, 5.639, 6.125, 6.59, 6.922, 7.219, 7.89, 8.178, 8.03, 8.03, 7.93, 7.92, 8.45, 9.578, 10.069, 10.181, 10.163, 9.499], [2.88, 3.43, 3.87, 3.92, 3.97, 3.35, 2.8, 2.71, 3.25, 3.18, 3.67, 3.68, 3.91, 4.24, 3.18, 2.95, 2.31, 1.61, 2.1, 2.16, 2.52, 2.57, 2.28, 2.27, 1.8, 3.95, 6.309, 5.1, 2.7, 1.16, 1.23, 1.2, 1.5, 0, 0.98, 1.32, 1.67, 2.13, 3.18, 3.49, 3.69, 3.32, 3.97, 4.457, 3.557, 1.97, 1.89, 2.15, 2.24, 2.48, 3.19, 2.57, 2.24, 2.21, 2.67, 2.55, 2.51, 2.79, 2.67, 2.55, 2.61, 2.84, 2.79, 2.98, 3.45, 4.09, 4.01, 3.78, 4.33, 4.6, 4.92, 5.25, 5.662, 6.332, 7.382, 7.689, 7.125, 7.081, 7.159, 7.106, 7.716, 8.941, 9.581, 9.678, 9.68, 9.007], [3.22, 3.73, 4.268, 4.42, 4.55, 3.81, 3.24, 3.11, 3.61, 3.7, 4.15, 4.2, 4.452, 4.782, 3.7, 3.45, 2.69, 2.03, 2.6, 2.74, 3.04, 3.01, 2.82, 2.79, 2.34, 4.41, 6.826, 5.455, 2.8, 1.16, 1.51, 1.32, 1.82, 0.98, 0, 1.06, 1.13, 1.65, 2.56, 2.83, 3.07, 2.8, 3.41, 3.857, 2.957, 1.49, 1.73, 2.37, 2.46, 2.56, 3.35, 2.67, 1.92, 1.97, 2.23, 2.33, 2.15, 2.45, 2.19, 2.21, 2.29, 2.74, 2.71, 2.7, 3.09, 3.83, 3.81, 3.36, 3.888, 4.22, 4.691, 5.05, 5.393, 5.884, 6.864, 7.154, 6.69, 6.664, 6.65, 6.56, 7.196, 8.364, 9.004, 9.093, 9.089, 8.459], [3.02, 3.53, 4.21, 4.34, 4.47, 3.73, 3.08, 3.01, 3.49, 3.62, 4.03, 4.06, 4.389, 4.719, 3.72, 3.51, 3.03, 2.11, 2.52, 2.66, 2.98, 2.93, 2.76, 2.77, 2.44, 4.29, 6.72, 5.3, 2.64, 1.48, 1.59, 1.4, 1.58, 1.32, 1.06, 0, 1.31, 1.85, 2.78, 3.09, 3.31, 2.84, 3.47, 3.96, 3.08, 1.91, 1.53, 2.15, 2.1, 2.14, 3.07, 2.43, 1.38, 1.73, 2.27, 2.21, 2.01, 2.17, 2.07, 2.33, 2.03, 2.34, 2.47, 2.96, 3.53, 4.41, 4.39, 3.8, 4.108, 4.727, 5.068, 5.53, 5.996, 6.273, 7.01, 7.28, 7.07, 7.03, 6.93, 6.92, 7.39, 8.544, 9.098, 9.162, 9.163, 8.513], [4.07, 4.56, 5.24, 5.389, 5.52, 4.78, 4.11, 3.98, 4.46, 4.61, 5.074, 5.11, 5.419, 5.749, 4.69, 4.4, 3.6, 2.92, 3.57, 3.69, 4.029, 3.9, 3.75, 3.72, 3.29, 5.24, 7.744, 6.25, 3.51, 1.85, 2.3, 2.09, 2.43, 1.67, 1.13, 1.31, 0, 0.92, 1.71, 2.0, 2.18, 1.77, 2.46, 2.89, 2.01, 1.36, 2.14, 2.9, 2.95, 2.93, 3.94, 3.36, 2.03, 1.84, 2.38, 2.58, 1.9, 2.06, 1.84, 1.86, 2.12, 2.71, 2.94, 2.75, 2.68, 3.38, 3.4, 2.91, 3.18, 3.77, 4.13, 4.6, 4.909, 5.263, 5.948, 6.263, 6.0, 5.974, 5.78, 5.73, 6.287, 7.466, 8.048, 8.135, 8.099, 7.503], [4.65, 5.12, 5.72, 5.829, 5.974, 5.28, 4.61, 4.42, 4.94, 5.082, 5.548, 5.552, 5.879, 6.175, 5.155, 4.888, 4.094, 3.42, 4.03, 4.17, 4.478, 4.388, 4.27, 4.22, 3.75, 5.7, 8.242, 6.69, 3.97, 2.287, 2.78, 2.41, 2.91, 2.13, 1.65, 1.85, 0.92, 0, 1.35, 1.66, 1.84, 1.45, 1.98, 2.45, 1.69, 1.5, 2.62, 3.58, 3.45, 3.53, 4.56, 3.82, 2.19, 1.76, 2.3, 2.48, 1.82, 1.82, 1.78, 1.72, 1.94, 2.53, 2.68, 2.55, 2.32, 2.96, 3.04, 2.59, 2.84, 3.25, 3.71, 4.12, 4.426, 4.883, 5.532, 5.862, 5.6, 5.543, 5.4, 5.33, 5.88, 7.014, 7.592, 7.692, 7.647, 7.038], [5.58, 5.99, 6.749, 6.879, 7.032, 6.315, 5.639, 5.49, 5.95, 6.102, 6.598, 6.622, 6.969, 7.279, 6.228, 5.941, 5.124, 4.461, 5.105, 5.202, 5.562, 5.441, 5.274, 5.244, 4.825, 6.75, 9.149, 7.54, 4.8, 3.317, 3.71, 3.48, 3.94, 3.18, 2.56, 2.78, 1.71, 1.35, 0, 0.51, 0.87, 1.1, 1.27, 1.46, 1.34, 2.09, 3.43, 4.45, 4.28, 4.28, 5.31, 4.69, 3.0, 2.19, 2.81, 3.05, 2.41, 2.49, 2.05, 1.93, 2.33, 3.02, 3.21, 2.92, 2.67, 2.83, 3.07, 2.88, 2.75, 3.36, 3.56, 3.95, 3.84, 4.0, 4.65, 4.94, 4.69, 4.647, 4.45, 4.38, 4.77, 5.936, 6.511, 6.614, 6.615, 6.054], [5.79, 6.18, 6.959, 7.089, 7.225, 6.508, 5.832, 5.685, 6.16, 6.312, 6.796, 6.815, 7.162, 7.489, 6.421, 6.134, 5.317, 4.654, 5.298, 5.395, 5.755, 5.634, 5.467, 5.437, 5.018, 6.925, 9.33, 7.63, 4.89, 3.55, 3.96, 3.79, 4.25, 3.49, 2.83, 3.09, 2.0, 1.66, 0.51, 0, 0.76, 1.13, 1.38, 1.47, 1.37, 2.3, 3.58, 4.62, 4.49, 4.41, 5.4, 4.88, 3.11, 2.26, 2.82, 3.1, 2.48, 2.58, 2.18, 2.14, 2.38, 3.03, 3.28, 3.05, 2.76, 2.92, 3.12, 2.95, 2.8, 3.43, 3.59, 3.92, 3.83, 3.85, 4.54, 4.803, 4.54, 4.497, 4.32, 4.19, 4.62, 5.752, 6.313, 6.41, 6.448, 5.912], [6.07, 6.48, 7.259, 7.389, 7.542, 6.825, 6.149, 5.982, 6.448, 6.612, 7.108, 7.132, 7.479, 7.789, 6.738, 6.451, 5.634, 4.971, 5.615, 5.712, 6.072, 5.951, 5.784, 5.754, 5.335, 7.24, 9.659, 7.95, 5.11, 3.804, 4.22, 4.01, 4.47, 3.69, 3.07, 3.31, 2.18, 1.84, 0.87, 0.76, 0, 0.85, 1.2, 1.33, 1.27, 2.4, 3.88, 4.9, 4.59, 4.59, 5.62, 5.16, 3.23, 2.36, 2.76, 3.18, 2.38, 2.42, 2.12, 2.18, 2.46, 3.09, 3.22, 2.85, 2.62, 2.7, 2.96, 2.65, 2.6, 3.11, 3.37, 3.8, 3.67, 3.67, 4.33, 4.571, 4.2, 4.23, 4.04, 3.95, 4.4, 5.442, 6.029, 6.142, 6.114, 5.622], [5.68, 6.13, 6.91, 7.05, 7.21, 6.47, 5.8, 5.63, 6.07, 6.26, 6.75, 6.779, 7.126, 7.44, 6.38, 6.09, 5.29, 4.61, 5.26, 5.36, 5.72, 5.59, 5.44, 5.41, 4.98, 6.87, 9.36, 7.58, 4.7, 3.44, 3.91, 3.62, 4.06, 3.32, 2.8, 2.84, 1.77, 1.45, 1.1, 1.13, 0.85, 0, 1.11, 1.54, 1.2, 1.93, 3.47, 4.47, 4.24, 4.18, 5.23, 4.79, 2.88, 1.95, 2.33, 2.79, 1.91, 1.93, 1.79, 1.89, 2.15, 2.76, 2.95, 2.62, 2.37, 2.77, 3.07, 2.64, 2.69, 3.28, 3.52, 3.95, 3.98, 4.12, 4.763, 5.013, 4.71, 4.74, 4.51, 4.38, 4.89, 5.915, 6.449, 6.544, 6.461, 5.93], [6.39, 6.84, 7.597, 7.723, 7.9, 7.18, 6.49, 6.32, 6.78, 6.95, 7.445, 7.449, 7.796, 8.13, 7.11, 6.84, 6.04, 5.36, 5.97, 6.05, 6.41, 6.34, 6.19, 6.16, 5.69, 7.56, 10.09, 8.35, 5.53, 4.184, 4.58, 4.23, 4.45, 3.97, 3.41, 3.47, 2.46, 1.98, 1.27, 1.38, 1.2, 1.11, 0, 0.91, 1.27, 2.52, 4.14, 5.24, 4.97, 4.91, 5.98, 5.46, 3.55, 2.68, 3.02, 3.48, 2.58, 2.3, 2.12, 2.46, 2.84, 3.37, 3.62, 3.17, 2.98, 3.28, 3.42, 3.03, 2.78, 3.65, 3.99, 4.42, 4.21, 4.05, 4.22, 4.35, 4.32, 4.33, 4.14, 4.13, 4.56, 5.3, 5.814, 5.823, 5.768, 5.161], [6.86, 7.27, 8.086, 8.196, 8.352, 7.635, 6.959, 6.792, 7.235, 7.419, 7.915, 7.919, 8.266, 8.596, 7.548, 7.261, 6.447, 5.781, 6.425, 6.522, 6.882, 6.761, 6.597, 6.564, 6.145, 8.012, 10.48, 8.7, 5.84, 4.611, 5.05, 4.72, 4.98, 4.457, 3.857, 3.96, 2.89, 2.45, 1.46, 1.47, 1.33, 1.54, 0.91, 0, 1.12, 2.89, 4.626, 5.647, 5.34, 5.22, 6.31, 5.93, 4.02, 3.25, 3.65, 4.15, 3.23, 2.91, 2.81, 2.91, 3.43, 4.0, 4.19, 3.62, 3.39, 3.61, 3.77, 3.4, 3.09, 3.96, 4.28, 4.69, 4.48, 4.16, 4.21, 4.24, 4.23, 4.26, 4.01, 4.06, 4.45, 4.79, 5.285, 5.425, 5.354, 4.81], [5.96, 6.37, 7.186, 7.296, 7.452, 6.735, 6.059, 5.892, 6.335, 6.519, 7.015, 7.019, 7.366, 7.696, 6.648, 6.361, 5.547, 4.881, 5.525, 5.622, 5.982, 5.861, 5.697, 5.664, 5.245, 7.112, 9.58, 7.76, 4.86, 3.711, 4.13, 3.82, 4.12, 3.557, 2.957, 3.08, 2.01, 1.69, 1.34, 1.37, 1.27, 1.2, 1.27, 1.12, 0, 1.97, 3.726, 4.75, 4.42, 4.22, 5.37, 4.99, 3.26, 2.61, 3.01, 3.51, 2.61, 2.33, 2.19, 2.29, 2.81, 3.38, 3.59, 3.08, 2.91, 3.27, 3.43, 2.9, 2.69, 3.64, 4.16, 4.57, 4.42, 4.46, 4.85, 4.98, 4.87, 4.956, 4.71, 4.56, 4.93, 5.697, 6.203, 6.314, 6.221, 5.794], [4.11, 4.58, 5.32, 5.39, 5.6, 4.8, 4.17, 4.02, 4.44, 4.61, 5.08, 5.089, 5.448, 5.763, 4.77, 4.52, 3.88, 3.08, 3.63, 3.75, 4.07, 4.02, 3.89, 3.84, 3.37, 5.22, 7.83, 6.11, 3.25, 2.07, 2.42, 2.35, 2.75, 1.97, 1.49, 1.91, 1.36, 1.5, 2.09, 2.3, 2.4, 1.93, 2.52, 2.89, 1.97, 0, 1.92, 2.94, 2.83, 2.83, 3.74, 3.28, 1.99, 1.46, 1.82, 2.14, 1.8, 1.72, 1.64, 1.64, 1.94, 2.23, 2.56, 2.39, 2.56, 3.48, 3.46, 2.99, 3.48, 3.93, 4.281, 4.74, 4.992, 5.469, 6.239, 6.457, 5.9, 5.997, 5.98, 5.87, 6.54, 7.553, 8.104, 8.173, 8.104, 7.528], [2.39, 2.82, 3.5, 3.61, 3.78, 3.08, 2.37, 2.28, 2.68, 2.83, 3.36, 3.35, 3.68, 3.99, 3.25, 3.02, 2.96, 2.12, 2.19, 2.41, 2.79, 2.84, 2.57, 2.5, 2.13, 3.44, 6.07, 4.41, 1.69, 1.63, 1.74, 1.85, 1.83, 1.89, 1.73, 1.53, 2.14, 2.62, 3.43, 3.58, 3.88, 3.47, 4.14, 4.626, 3.726, 1.92, 0, 1.3, 1.51, 1.51, 2.16, 1.64, 1.19, 2.12, 2.22, 2.1, 2.54, 2.72, 2.68, 2.76, 2.44, 2.19, 2.54, 3.35, 3.84, 4.78, 4.8, 4.37, 4.924, 5.31, 5.497, 5.78, 6.3, 6.907, 7.75, 8.028, 7.537, 7.53, 7.5, 7.357, 8.05, 9.238, 9.823, 9.92, 9.873, 9.204], [1.39, 1.76, 2.44, 2.59, 2.74, 2.0, 1.59, 1.52, 1.66, 1.79, 2.28, 2.31, 2.66, 3.23, 2.61, 2.44, 2.84, 2.2, 1.97, 2.03, 2.43, 2.56, 2.11, 2.36, 2.03, 2.42, 4.93, 3.41, 1.45, 2.01, 1.92, 2.09, 1.75, 2.15, 2.37, 2.15, 2.9, 3.58, 4.45, 4.62, 4.9, 4.47, 5.24, 5.647, 4.75, 2.94, 1.3, 0, 0.77, 1.17, 1.62, 1.36, 1.81, 3.1, 3.1, 2.84, 3.46, 3.7, 3.74, 3.68, 3.32, 2.85, 3.24, 4.25, 4.82, 5.6, 5.62, 5.345, 5.987, 6.288, 6.397, 6.653, 7.22, 7.975, 8.793, 9.077, 8.55, 8.507, 8.52, 8.437, 9.073, 10.255, 10.84, 10.935, 10.902, 10.31], [1.76, 2.05, 2.83, 2.98, 3.13, 2.39, 1.94, 1.85, 2.03, 2.3, 2.67, 2.7, 3.05, 3.52, 2.98, 2.81, 3.15, 2.63, 2.32, 2.46, 2.8, 2.89, 2.5, 2.69, 2.4, 2.85, 5.18, 3.54, 1.48, 2.3, 2.13, 1.92, 1.64, 2.24, 2.46, 2.1, 2.95, 3.45, 4.28, 4.49, 4.59, 4.24, 4.97, 5.34, 4.42, 2.83, 1.51, 0.77, 0, 0.96, 1.55, 1.57, 1.6, 2.83, 3.17, 3.01, 3.23, 3.47, 3.53, 3.61, 3.33, 3.0, 3.57, 4.36, 4.95, 5.93, 5.93, 5.375, 5.994, 6.307, 6.616, 7.063, 7.496, 8.013, 8.798, 9.041, 8.49, 8.507, 8.51, 8.36, 8.91, 9.909, 10.5, 10.606, 10.615, 10.088], [2.0, 2.35, 3.15, 3.3, 3.45, 2.75, 2.32, 2.21, 2.35, 2.74, 3.05, 3.04, 3.37, 3.76, 3.16, 2.95, 3.15, 2.59, 2.46, 2.46, 2.7, 2.75, 2.6, 2.81, 2.48, 3.11, 5.5, 3.58, 1.48, 2.2, 2.37, 2.34, 2.0, 2.48, 2.56, 2.14, 2.93, 3.53, 4.28, 4.41, 4.59, 4.18, 4.91, 5.22, 4.22, 2.83, 1.51, 1.17, 0.96, 0, 1.33, 1.49, 1.54, 2.87, 3.09, 3.05, 3.19, 3.37, 3.57, 3.73, 3.33, 2.98, 3.59, 4.54, 5.09, 6.05, 6.03, 5.598, 6.045, 6.541, 6.75, 7.1, 7.633, 8.1, 8.815, 9.01, 8.628, 8.701, 8.49, 8.34, 8.82, 9.655, 10.252, 10.314, 10.355, 9.886], [1.59, 1.68, 2.2, 2.35, 2.74, 2.34, 2.41, 2.32, 1.98, 2.23, 2.28, 2.19, 2.82, 3.61, 3.43, 3.2, 3.56, 3.08, 2.81, 2.59, 2.81, 2.9, 2.93, 3.24, 2.89, 2.34, 4.31, 2.43, 1.65, 2.87, 2.92, 3.07, 2.83, 3.19, 3.35, 3.07, 3.94, 4.56, 5.31, 5.4, 5.62, 5.23, 5.98, 6.31, 5.37, 3.74, 2.16, 1.62, 1.55, 1.33, 0, 1.0, 2.53, 3.8, 3.86, 3.66, 4.18, 4.42, 4.58, 4.58, 4.26, 3.63, 4.18, 5.31, 5.92, 6.7, 6.7, 6.483, 7.05, 7.405, 7.508, 7.744, 8.314, 9.032, 9.839, 10.077, 9.525, 9.541, 9.5, 9.32, 9.856, 10.802, 11.404, 11.496, 11.542, 11.053], [1.43, 1.82, 2.38, 2.39, 2.78, 2.34, 2.23, 2.18, 1.9, 2.13, 2.2, 2.15, 2.66, 3.41, 3.19, 2.98, 3.18, 2.6, 2.43, 2.13, 2.43, 2.5, 2.59, 2.92, 2.49, 2.56, 4.67, 2.95, 1.41, 2.15, 2.3, 2.67, 2.51, 2.57, 2.67, 2.43, 3.36, 3.82, 4.69, 4.88, 5.16, 4.79, 5.46, 5.93, 4.99, 3.28, 1.64, 1.36, 1.57, 1.49, 1.0, 0, 2.01, 3.36, 3.32, 3.0, 3.74, 3.98, 4.08, 4.0, 3.68, 3.09, 3.52, 4.57, 5.14, 5.92, 5.9, 5.68, 6.361, 6.603, 6.717, 6.953, 7.497, 8.303, 9.199, 9.497, 8.967, 8.903, 8.855, 8.688, 9.345, 10.47, 11.109, 11.219, 11.177, 10.564], [2.94, 3.35, 4.17, 4.32, 4.45, 3.71, 3.08, 2.87, 3.35, 3.54, 4.01, 4.04, 4.39, 4.7, 3.72, 3.49, 3.35, 2.57, 2.62, 2.78, 3.2, 3.11, 2.92, 3.07, 2.64, 4.11, 6.569, 4.84, 2.1, 1.86, 2.15, 2.2, 2.1, 2.24, 1.92, 1.38, 2.03, 2.19, 3.0, 3.11, 3.23, 2.88, 3.55, 4.02, 3.26, 1.99, 1.19, 1.81, 1.6, 1.54, 2.53, 2.01, 0, 1.59, 1.81, 1.73, 1.91, 2.03, 2.17, 2.39, 1.97, 1.72, 2.23, 3.12, 3.69, 4.65, 4.63, 4.08, 4.565, 5.007, 5.333, 5.723, 6.233, 6.63, 7.36, 7.601, 7.19, 7.19, 7.07, 6.94, 7.47, 8.548, 9.137, 9.254, 9.201, 8.654], [4.29, 4.68, 5.496, 5.64, 5.796, 5.06, 4.39, 4.22, 4.66, 4.85, 5.34, 5.369, 5.716, 6.03, 4.97, 4.68, 4.14, 3.3, 3.85, 3.95, 4.33, 4.24, 4.01, 3.98, 3.61, 5.456, 7.85, 6.09, 3.33, 2.27, 2.54, 2.47, 2.93, 2.21, 1.97, 1.73, 1.84, 1.76, 2.19, 2.26, 2.36, 1.95, 2.68, 3.25, 2.61, 1.46, 2.12, 3.1, 2.83, 2.87, 3.8, 3.36, 1.59, 0, 1.0, 1.16, 0.84, 0.96, 0.92, 0.98, 0.98, 1.29, 1.6, 1.83, 2.34, 3.3, 3.28, 2.745, 3.273, 3.729, 3.998, 4.56, 4.869, 5.263, 6.082, 6.348, 5.92, 5.874, 5.74, 5.61, 6.12, 7.25, 7.829, 7.924, 7.948, 7.399], [4.25, 4.68, 5.46, 5.6, 5.76, 5.02, 4.37, 4.18, 4.62, 4.81, 5.3, 5.329, 5.676, 5.99, 4.93, 4.66, 3.98, 3.22, 3.81, 3.91, 4.29, 4.26, 4.01, 3.96, 3.59, 5.416, 7.87, 6.07, 3.29, 2.39, 2.64, 2.93, 3.47, 2.67, 2.23, 2.27, 2.38, 2.3, 2.81, 2.82, 2.76, 2.33, 3.02, 3.65, 3.01, 1.82, 2.22, 3.1, 3.17, 3.09, 3.86, 3.32, 1.81, 1.0, 0, 0.84, 1.0, 1.18, 1.24, 1.26, 1.2, 1.23, 1.32, 1.75, 2.16, 3.0, 2.98, 2.71, 3.347, 3.67, 3.918, 4.14, 4.6, 5.34, 6.153, 6.397, 5.84, 5.834, 5.82, 5.617, 6.213, 7.281, 7.873, 7.973, 7.917, 7.402], [3.87, 4.22, 4.98, 5.12, 5.28, 4.54, 3.99, 3.7, 4.18, 4.33, 4.82, 4.849, 5.196, 5.51, 4.45, 4.2, 3.76, 2.92, 3.33, 3.43, 3.87, 3.84, 3.59, 3.5, 3.09, 4.94, 7.39, 5.69, 2.97, 2.35, 2.36, 2.83, 3.23, 2.55, 2.33, 2.21, 2.58, 2.48, 3.05, 3.1, 3.18, 2.79, 3.48, 4.15, 3.51, 2.14, 2.1, 2.84, 3.01, 3.05, 3.66, 3.0, 1.73, 1.16, 0.84, 0, 1.18, 1.38, 1.6, 1.5, 1.24, 1.07, 1.14, 1.81, 2.38, 3.04, 3.14, 2.923, 3.621, 3.865, 4.028, 4.26, 4.674, 5.563, 6.459, 6.757, 6.225, 6.132, 6.115, 5.948, 6.545, 7.719, 8.321, 8.441, 8.391, 7.88], [4.65, 5.08, 5.876, 6.02, 6.176, 5.44, 4.77, 4.6, 5.04, 5.23, 5.72, 5.749, 6.096, 6.41, 5.35, 5.06, 4.42, 3.6, 4.23, 4.33, 4.69, 4.58, 4.39, 4.36, 3.95, 5.836, 8.25, 6.49, 3.71, 2.51, 3.02, 2.81, 3.25, 2.51, 2.15, 2.01, 1.9, 1.82, 2.41, 2.48, 2.38, 1.91, 2.58, 3.23, 2.61, 1.8, 2.54, 3.46, 3.23, 3.19, 4.18, 3.74, 1.91, 0.84, 1.0, 1.18, 0, 0.78, 0.94, 1.04, 1.12, 1.49, 1.64, 1.79, 2.04, 3.06, 3.08, 2.47, 2.94, 3.45, 3.746, 4.22, 4.586, 4.963, 5.685, 5.963, 5.62, 5.574, 5.36, 5.17, 5.76, 6.888, 7.464, 7.536, 7.548, 6.987], [4.87, 5.3, 6.1, 6.243, 6.42, 5.68, 5.01, 4.84, 5.28, 5.47, 5.94, 5.963, 6.31, 6.643, 5.59, 5.32, 4.78, 3.88, 4.47, 4.57, 4.95, 4.86, 4.69, 4.64, 4.19, 6.079, 8.55, 6.79, 3.97, 2.89, 3.28, 2.87, 3.17, 2.79, 2.45, 2.17, 2.06, 1.82, 2.49, 2.58, 2.42, 1.93, 2.3, 2.91, 2.33, 1.72, 2.72, 3.7, 3.47, 3.37, 4.42, 3.98, 2.03, 0.96, 1.18, 1.38, 0.78, 0, 0.86, 1.1, 1.2, 1.49, 1.74, 1.69, 2.2, 3.2, 3.14, 2.45, 2.82, 3.45, 3.898, 4.46, 4.709, 5.006, 5.52, 5.77, 5.52, 5.586, 5.34, 5.23, 5.74, 6.648, 7.247, 7.369, 7.271, 6.689], [4.87, 5.32, 6.1, 6.243, 6.42, 5.68, 5.01, 4.84, 5.28, 5.47, 5.94, 5.966, 6.313, 6.643, 5.61, 5.34, 4.74, 3.9, 4.47, 4.57, 4.93, 4.84, 4.69, 4.66, 4.23, 6.08, 8.57, 6.93, 4.09, 2.79, 3.1, 2.89, 3.27, 2.67, 2.19, 2.07, 1.84, 1.78, 2.05, 2.18, 2.12, 1.79, 2.12, 2.81, 2.19, 1.64, 2.68, 3.74, 3.53, 3.57, 4.58, 4.08, 2.17, 0.92, 1.24, 1.6, 0.94, 0.86, 0, 0.82, 1.1, 1.51, 1.74, 1.59, 2.06, 2.94, 2.86, 2.27, 2.56, 3.33, 3.804, 4.26, 4.361, 4.669, 5.325, 5.563, 5.28, 5.28, 5.1, 5.01, 5.52, 6.658, 7.215, 7.309, 7.259, 6.657], [4.85, 5.28, 6.016, 6.146, 6.302, 5.585, 4.929, 4.76, 5.22, 5.41, 5.865, 5.889, 6.236, 6.546, 5.498, 5.211, 4.6, 3.76, 4.375, 4.51, 4.832, 4.711, 4.544, 4.52, 4.11, 6.02, 8.47, 6.85, 4.11, 2.71, 3.08, 3.01, 3.49, 2.55, 2.21, 2.33, 1.86, 1.72, 1.93, 2.14, 2.18, 1.89, 2.46, 2.91, 2.29, 1.64, 2.76, 3.68, 3.61, 3.73, 4.58, 4.0, 2.39, 0.98, 1.26, 1.5, 1.04, 1.1, 0.82, 0, 0.9, 1.43, 1.52, 1.27, 1.74, 2.54, 2.44, 1.93, 2.5, 2.95, 3.324, 3.82, 3.992, 4.529, 5.316, 5.617, 5.095, 5.071, 5.02, 4.93, 5.52, 6.658, 7.264, 7.364, 7.353, 6.761], [4.43, 4.86, 5.619, 5.729, 5.865, 5.148, 4.492, 4.36, 4.84, 4.99, 5.448, 5.472, 5.802, 6.129, 5.081, 4.86, 4.22, 3.36, 3.938, 4.07, 4.395, 4.274, 4.107, 4.1, 3.77, 5.64, 8.022, 6.49, 3.75, 2.49, 2.82, 2.89, 3.27, 2.61, 2.29, 2.03, 2.12, 1.94, 2.33, 2.38, 2.46, 2.15, 2.84, 3.43, 2.81, 1.94, 2.44, 3.32, 3.33, 3.33, 4.26, 3.68, 1.97, 0.98, 1.2, 1.24, 1.12, 1.2, 1.1, 0.9, 0, 0.89, 1.02, 1.47, 1.9, 2.8, 2.76, 2.29, 2.83, 3.23, 3.475, 3.86, 4.343, 4.817, 5.705, 5.965, 5.5, 5.457, 5.42, 5.35, 5.932, 7.056, 7.655, 7.74, 7.776, 7.214], [3.88, 4.25, 5.03, 5.139, 5.295, 4.558, 3.96, 3.79, 4.23, 4.42, 4.878, 4.865, 5.192, 5.539, 4.58, 4.41, 3.95, 3.07, 3.44, 3.52, 3.86, 3.71, 3.58, 3.69, 3.38, 4.99, 7.449, 5.84, 3.06, 2.56, 2.87, 3.3, 3.5, 2.84, 2.74, 2.34, 2.71, 2.53, 3.02, 3.03, 3.09, 2.76, 3.37, 4.0, 3.38, 2.23, 2.19, 2.85, 3.0, 2.98, 3.63, 3.09, 1.72, 1.29, 1.23, 1.07, 1.49, 1.49, 1.51, 1.43, 0.89, 0, 0.79, 1.86, 2.41, 3.21, 3.19, 2.88, 3.531, 3.82, 3.904, 4.191, 4.764, 5.482, 6.335, 6.599, 6.064, 6.02, 6.028, 5.901, 6.495, 7.666, 8.242, 8.345, 8.312, 7.767], [4.15, 4.6, 5.218, 5.332, 5.448, 4.74, 4.11, 3.98, 4.478, 4.573, 5.04, 5.059, 5.362, 5.672, 4.65, 4.42, 4.0, 3.04, 3.51, 3.61, 3.952, 3.88, 3.69, 3.7, 3.37, 5.28, 7.596, 6.225, 3.51, 2.65, 2.84, 3.35, 3.61, 2.79, 2.71, 2.47, 2.94, 2.68, 3.21, 3.28, 3.22, 2.95, 3.62, 4.19, 3.59, 2.56, 2.54, 3.24, 3.57, 3.59, 4.18, 3.52, 2.23, 1.6, 1.32, 1.14, 1.64, 1.74, 1.74, 1.52, 1.02, 0.79, 0, 1.29, 2.04, 2.72, 2.68, 2.43, 3.098, 3.285, 3.428, 3.584, 4.194, 5.032, 6.067, 6.35, 5.783, 5.716, 5.774, 5.707, 6.272, 7.474, 8.097, 8.192, 8.182, 7.617], [5.18, 5.69, 6.25, 6.3, 6.49, 5.71, 5.16, 5.01, 5.49, 5.54, 6.01, 6.06, 6.346, 6.673, 5.64, 5.39, 4.83, 3.97, 4.52, 4.64, 4.96, 4.87, 4.78, 4.71, 4.3, 6.27, 8.72, 7.32, 4.64, 3.16, 3.39, 3.46, 3.94, 2.98, 2.7, 2.96, 2.75, 2.55, 2.92, 3.05, 2.85, 2.62, 3.17, 3.62, 3.08, 2.39, 3.35, 4.25, 4.36, 4.54, 5.31, 4.57, 3.12, 1.83, 1.75, 1.81, 1.79, 1.69, 1.59, 1.27, 1.47, 1.86, 1.29, 0, 1.29, 2.01, 1.97, 1.48, 2.03, 2.28, 2.711, 2.99, 3.242, 4.058, 4.98, 5.257, 4.696, 4.609, 4.75, 4.7, 5.327, 6.524, 7.127, 7.261, 7.254, 6.73], [5.87, 6.32, 6.84, 6.81, 7.06, 6.38, 5.73, 5.56, 6.1, 6.17, 6.64, 6.49, 6.84, 7.17, 6.29, 6.04, 5.28, 4.6, 5.19, 5.33, 5.57, 5.54, 5.47, 5.38, 4.91, 6.76, 9.45, 7.91, 5.25, 3.59, 3.96, 3.95, 4.59, 3.45, 3.09, 3.53, 2.68, 2.32, 2.67, 2.76, 2.62, 2.37, 2.98, 3.39, 2.91, 2.56, 3.84, 4.82, 4.95, 5.09, 5.92, 5.14, 3.69, 2.34, 2.16, 2.38, 2.04, 2.2, 2.06, 1.74, 1.9, 2.41, 2.04, 1.29, 0, 1.6, 1.58, 1.07, 1.68, 1.83, 2.106, 2.3, 2.812, 3.443, 4.236, 4.548, 4.18, 4.234, 4.34, 4.249, 4.917, 6.079, 6.718, 6.807, 6.775, 6.145], [6.45, 6.94, 7.22, 7.23, 7.28, 6.62, 6.37, 6.0, 6.6, 6.43, 6.9, 6.95, 7.199, 7.449, 6.421, 6.154, 5.377, 4.74, 5.31, 5.39, 5.77, 5.66, 5.57, 5.54, 5.05, 7.26, 9.61, 8.35, 5.87, 4.31, 4.38, 4.89, 5.37, 4.09, 3.83, 4.41, 3.38, 2.96, 2.83, 2.92, 2.7, 2.77, 3.28, 3.61, 3.27, 3.48, 4.78, 5.6, 5.93, 6.05, 6.7, 5.92, 4.65, 3.3, 3.0, 3.04, 3.06, 3.2, 2.94, 2.54, 2.8, 3.21, 2.72, 2.01, 1.6, 0, 0.88, 1.57, 1.78, 1.59, 1.81, 1.9, 1.95, 3.085, 4.129, 4.425, 3.821, 3.751, 3.866, 3.784, 4.448, 5.657, 6.291, 6.414, 6.387, 5.812], [6.51, 7.04, 7.38, 7.33, 7.3, 6.86, 6.39, 6.18, 6.72, 6.59, 7.1, 7.15, 7.179, 7.386, 6.381, 6.134, 5.34, 4.72, 5.33, 5.53, 5.71, 5.634, 5.59, 5.54, 5.17, 7.46, 9.59, 8.57, 5.97, 4.25, 4.24, 4.85, 5.35, 4.01, 3.81, 4.39, 3.4, 3.04, 3.07, 3.12, 2.96, 3.07, 3.42, 3.77, 3.43, 3.46, 4.8, 5.62, 5.93, 6.03, 6.7, 5.9, 4.63, 3.28, 2.98, 3.14, 3.08, 3.14, 2.86, 2.44, 2.76, 3.19, 2.68, 1.97, 1.58, 0.88, 0, 1.35, 1.72, 1.65, 1.95, 1.98, 2.13, 3.179, 4.164, 4.47, 3.903, 3.816, 3.946, 3.859, 4.497, 5.725, 6.328, 6.457, 6.447, 5.869], [6.367, 6.86, 7.234, 7.175, 7.362, 6.785, 6.167, 6.097, 6.594, 6.618, 7.037, 7.084, 7.319, 7.588, 6.657, 6.413, 5.636, 5.01, 5.554, 5.734, 5.949, 5.893, 5.837, 5.804, 5.334, 7.214, 9.887, 8.487, 5.807, 4.115, 4.396, 4.12, 4.7, 3.78, 3.36, 3.8, 2.91, 2.59, 2.88, 2.95, 2.65, 2.64, 3.03, 3.4, 2.9, 2.99, 4.37, 5.345, 5.375, 5.598, 6.483, 5.68, 4.08, 2.745, 2.71, 2.923, 2.47, 2.45, 2.27, 1.93, 2.29, 2.88, 2.43, 1.48, 1.07, 1.57, 1.35, 0, 1.09, 1.34, 1.88, 2.27, 2.522, 2.919, 3.81, 4.18, 3.73, 3.76, 3.95, 3.86, 4.475, 5.606, 6.266, 6.398, 6.345, 5.644], [6.991, 7.541, 7.998, 8.005, 8.129, 7.498, 6.928, 6.858, 7.381, 7.385, 7.798, 7.805, 8.043, 8.292, 7.33, 7.097, 6.314, 5.726, 6.247, 6.402, 6.613, 6.574, 6.55, 6.5, 6.01, 8.095, 10.619, 9.308, 6.571, 4.745, 5.146, 4.805, 4.95, 4.33, 3.888, 4.108, 3.18, 2.84, 2.75, 2.8, 2.6, 2.69, 2.78, 3.09, 2.69, 3.48, 4.924, 5.987, 5.994, 6.045, 7.05, 6.361, 4.565, 3.273, 3.347, 3.621, 2.94, 2.82, 2.56, 2.5, 2.83, 3.531, 3.098, 2.03, 1.68, 1.78, 1.72, 1.09, 0, 1.19, 1.83, 2.12, 2.349, 2.41, 3.14, 3.43, 3.2, 3.27, 3.38, 3.37, 3.8, 4.882, 5.525, 5.625, 5.61, 5.08], [7.23, 7.78, 8.114, 8.058, 8.182, 7.591, 7.084, 6.997, 7.554, 7.538, 7.926, 7.918, 8.119, 8.391, 7.446, 7.196, 6.419, 5.859, 6.386, 6.534, 6.72, 6.673, 6.68, 6.636, 6.126, 8.177, 10.778, 9.461, 6.767, 4.978, 5.342, 5.159, 5.639, 4.6, 4.22, 4.727, 3.77, 3.25, 3.36, 3.43, 3.11, 3.28, 3.65, 3.96, 3.64, 3.93, 5.31, 6.288, 6.307, 6.541, 7.405, 6.603, 5.007, 3.729, 3.67, 3.865, 3.45, 3.45, 3.33, 2.95, 3.23, 3.82, 3.285, 2.28, 1.83, 1.59, 1.65, 1.34, 1.19, 0, 1.14, 1.35, 1.68, 2.04, 3.11, 3.44, 2.93, 2.98, 3.33, 3.34, 3.77, 4.963, 5.663, 5.75, 5.72, 5.17], [7.367, 7.888, 8.309, 8.285, 8.466, 7.841, 7.261, 7.151, 7.697, 7.716, 8.103, 8.07, 8.323, 8.597, 7.663, 7.422, 6.645, 6.065, 6.607, 6.778, 6.958, 6.893, 6.887, 6.851, 6.372, 8.371, 10.95, 9.599, 6.878, 5.19, 5.578, 5.608, 6.125, 4.92, 4.691, 5.068, 4.13, 3.71, 3.56, 3.59, 3.37, 3.52, 3.99, 4.28, 4.16, 4.281, 5.497, 6.397, 6.616, 6.75, 7.508, 6.717, 5.333, 3.998, 3.918, 4.028, 3.746, 3.898, 3.804, 3.324, 3.475, 3.904, 3.428, 2.711, 2.106, 1.81, 1.95, 1.88, 1.83, 1.14, 0, 1.13, 1.3, 1.8, 2.87, 3.26, 2.83, 2.82, 3.07, 3.06, 3.55, 4.75, 5.45, 5.57, 5.6, 5.15], [7.497, 8.007, 8.29, 8.168, 8.35, 7.77, 7.334, 7.121, 7.698, 7.608, 8.041, 7.894, 8.116, 8.336, 7.464, 7.229, 6.469, 5.909, 6.456, 6.615, 6.781, 6.746, 6.743, 6.652, 6.21, 8.27, 10.798, 9.58, 6.948, 5.383, 5.6, 6.05, 6.59, 5.25, 5.05, 5.53, 4.6, 4.12, 3.95, 3.92, 3.8, 3.95, 4.42, 4.69, 4.57, 4.74, 5.78, 6.653, 7.063, 7.1, 7.744, 6.953, 5.723, 4.56, 4.14, 4.26, 4.22, 4.46, 4.26, 3.82, 3.86, 4.191, 3.584, 2.99, 2.3, 1.9, 1.98, 2.27, 2.12, 1.35, 1.13, 0, 1.11, 2.03, 3.2, 3.57, 3.2, 3.23, 3.58, 3.51, 3.92, 5.12, 5.78, 5.92, 5.99, 5.58], [8.11, 8.62, 8.898, 8.788, 8.935, 8.355, 7.907, 7.67, 8.227, 8.096, 8.62, 8.659, 8.808, 9.028, 8.077, 7.833, 7.059, 6.489, 7.034, 7.143, 7.469, 7.358, 7.25, 7.217, 6.783, 8.792, 11.293, 10.059, 7.517, 5.89, 5.989, 6.322, 6.922, 5.662, 5.393, 5.996, 4.909, 4.426, 3.84, 3.83, 3.67, 3.98, 4.21, 4.48, 4.42, 4.992, 6.3, 7.22, 7.496, 7.633, 8.314, 7.497, 6.233, 4.869, 4.6, 4.674, 4.586, 4.709, 4.361, 3.992, 4.343, 4.764, 4.194, 3.242, 2.812, 1.95, 2.13, 2.522, 2.349, 1.68, 1.3, 1.11, 0, 1.56, 2.67, 3.08, 2.69, 2.6, 2.79, 2.78, 3.11, 4.31, 4.93, 5.05, 5.16, 4.77], [8.933, 9.483, 9.907, 9.797, 9.975, 9.419, 8.879, 8.786, 9.332, 9.337, 9.716, 9.668, 9.881, 10.103, 9.189, 8.956, 8.19, 7.651, 8.179, 8.344, 8.475, 8.448, 8.481, 8.431, 7.95, 9.943, 12.582, 11.237, 8.508, 6.75, 7.131, 6.793, 7.219, 6.332, 5.884, 6.273, 5.263, 4.883, 4.0, 3.85, 3.67, 4.12, 4.05, 4.16, 4.46, 5.469, 6.907, 7.975, 8.013, 8.1, 9.032, 8.303, 6.63, 5.263, 5.34, 5.563, 4.963, 5.006, 4.669, 4.529, 4.817, 5.482, 5.032, 4.058, 3.443, 3.085, 3.179, 2.919, 2.41, 2.04, 1.8, 2.03, 1.56, 0, 1.35, 1.8, 1.49, 1.56, 1.79, 1.86, 2.17, 3.33, 4.01, 4.11, 4.12, 3.67], [9.935, 10.422, 10.969, 10.877, 11.1, 10.509, 9.877, 9.767, 10.293, 10.359, 10.792, 10.654, 10.969, 11.241, 10.359, 10.123, 9.363, 8.761, 9.299, 9.47, 9.644, 9.617, 9.585, 9.532, 9.059, 10.87, 13.634, 12.126, 9.372, 7.694, 8.112, 7.642, 7.89, 7.382, 6.864, 7.01, 5.948, 5.532, 4.6