[[0, 0.75, 1.39, 2.24, 1.96, 2.08, 2.12, 2.18, 2.45, 3.26, 3.4, 3.98, 4.45, 4.19, 3.91, 2.63, 2.14, 2.43, 2.06, 1.77, 1.89, 1.9, 1.81, 1.53, 1.34, 2.23, 4.26, 6.32, 6.9, 7.24, 7.48, 7.71, 6.8, 5.75, 4.93, 4.67, 4.9, 4.66, 4.46, 4.98, 5.7, 5.89, 5.16, 5.04, 5.96, 6.53, 6.17, 5.96, 6.67, 8.05, 9.53, 10.32, 10.68, 11.19, 10.67, 11.34, 11.75, 12.38, 12.42, 12.46, 12.54, 12.22, 12.66, 12.25, 12.19, 12.35, 12.48, 13.59, 14.94, 15.33, 13.7, 13.54, 13.52, 13.61, 13.83, 13.27, 13.55, 13.1, 12.46, 11.34, 11.01, 11.25, 11.06, 9.04, 9.13, 9.0], [0.75, 0, 0.92, 1.91, 1.73, 1.73, 1.81, 1.95, 2.26, 2.95, 3.29, 3.77, 4.18, 3.96, 3.76, 2.52, 2.05, 2.28, 1.95, 1.66, 1.72, 1.93, 1.68, 1.24, 1.41, 2.0, 3.99, 5.97, 6.53, 6.93, 7.07, 7.34, 6.47, 5.44, 4.7, 4.32, 4.57, 4.35, 4.15, 4.65, 5.33, 5.52, 4.75, 4.65, 5.57, 6.12, 5.84, 5.57, 6.26, 7.68, 9.12, 9.95, 10.29, 10.8, 10.36, 10.93, 11.36, 11.97, 12.05, 12.05, 12.15, 11.85, 12.31, 11.9, 11.88, 12.06, 12.15, 13.28, 14.55, 14.98, 13.39, 13.25, 13.21, 13.3, 13.53, 12.96, 13.24, 12.79, 12.11, 11.03, 10.68, 10.88, 10.71, 8.65, 8.76, 8.67], [1.39, 0.92, 0, 1.51, 1.25, 1.29, 1.35, 1.51, 1.86, 2.57, 2.89, 3.37, 3.76, 3.52, 3.26, 2.34, 2.21, 2.3, 1.89, 1.66, 1.72, 1.93, 1.6, 1.16, 1.49, 1.72, 3.67, 5.57, 6.09, 6.31, 6.57, 6.88, 6.03, 5.0, 4.26, 3.9, 4.09, 3.89, 3.67, 4.19, 4.85, 5.06, 4.37, 4.27, 5.13, 5.6, 5.3, 5.01, 5.74, 7.1, 8.58, 9.49, 9.71, 10.34, 9.9, 10.41, 10.9, 11.47, 11.59, 11.57, 11.63, 11.17, 11.63, 11.24, 11.24, 11.42, 11.49, 12.68, 13.97, 14.38, 12.75, 12.61, 12.59, 12.693, 12.93, 12.34, 12.639, 12.15, 11.51, 10.39, 10.04, 10.22, 10.09, 8.07, 8.14, 8.13], [2.24, 1.91, 1.51, 0, 1.04, 1.12, 1.44, 1.62, 0.97, 1.76, 2.1, 2.62, 2.95, 2.65, 2.61, 2.39, 2.62, 2.77, 2.26, 2.01, 1.89, 1.86, 1.65, 1.77, 1.94, 1.41, 2.94, 4.74, 5.32, 5.64, 5.8, 6.17, 5.46, 4.49, 3.53, 3.35, 3.66, 3.2, 3.0, 3.52, 4.12, 4.37, 3.62, 3.52, 4.3, 4.75, 4.43, 4.18, 4.89, 6.31, 7.77, 8.74, 8.98, 9.59, 9.17, 9.64, 10.13, 10.68, 10.82, 10.8, 10.84, 10.48, 10.94, 10.53, 10.51, 10.69, 10.78, 11.89, 13.2, 13.61, 12.02, 11.88, 11.84, 11.93, 12.17, 11.59, 11.87, 11.42, 10.74, 9.66, 9.31, 9.53, 9.38, 7.34, 7.43, 7.42], [1.96, 1.73, 1.25, 1.04, 0, 0.88, 1.34, 1.54, 1.47, 2.16, 2.62, 3.14, 3.49, 3.23, 2.99, 2.29, 2.52, 2.67, 2.18, 1.91, 1.73, 1.84, 1.51, 1.57, 1.66, 1.39, 3.34, 5.22, 5.62, 5.78, 6.2, 6.49, 5.92, 4.97, 3.99, 3.79, 4.16, 3.6, 3.44, 3.78, 4.46, 4.77, 3.98, 3.96, 4.68, 5.13, 4.77, 4.54, 5.27, 6.61, 8.19, 9.06, 9.36, 9.93, 9.53, 10.04, 10.49, 11.08, 11.18, 11.18, 11.24, 10.76, 11.2, 10.77, 10.69, 10.83, 11.0, 12.17, 13.46, 13.83, 12.2, 12.02, 12.0, 12.09, 12.33, 11.75, 12.03, 11.58, 10.94, 9.84, 9.55, 9.81, 9.66, 7.7, 7.81, 7.66], [2.08, 1.73, 1.29, 1.12, 0.88, 0, 0.9, 1.14, 1.33, 2.42, 2.86, 3.28, 3.23, 2.89, 2.73, 2.07, 2.16, 2.25, 1.9, 1.71, 1.61, 1.86, 1.61, 1.61, 1.6, 1.51, 3.68, 5.52, 5.98, 6.22, 6.54, 6.89, 6.22, 5.23, 4.29, 4.05, 4.4, 3.92, 3.74, 4.2, 4.84, 5.09, 4.28, 4.26, 5.04, 5.49, 5.19, 4.9, 5.63, 6.99, 8.55, 9.46, 9.68, 10.31, 9.89, 10.38, 10.87, 11.44, 11.56, 11.54, 11.6, 11.14, 11.6, 11.15, 11.13, 11.31, 11.4, 12.59, 13.82, 14.23, 12.66, 12.5, 12.46, 12.55, 12.78, 12.21, 12.49, 12.04, 11.36, 10.28, 9.95, 10.19, 10.0, 8.04, 8.11, 8.04], [2.12, 1.81, 1.35, 1.44, 1.34, 0.9, 0, 0.86, 1.59, 2.88, 3.32, 3.64, 3.47, 3.05, 2.73, 2.07, 1.96, 2.13, 1.9, 1.69, 1.65, 2.08, 1.99, 1.95, 1.9, 1.97, 4.12, 6.06, 6.56, 6.68, 7.1, 7.43, 6.64, 5.63, 4.77, 4.47, 4.78, 4.44, 4.24, 4.74, 5.38, 5.61, 4.86, 4.78, 5.62, 6.01, 5.71, 5.42, 6.15, 7.49, 9.09, 10.02, 10.24, 10.87, 10.43, 10.94, 11.43, 12.0, 12.12, 12.1, 12.16, 11.58, 11.98, 11.55, 11.47, 11.63, 11.76, 13.01, 14.3, 14.61, 13.0, 12.82, 12.8, 12.91, 13.143, 12.55, 12.832, 12.356, 11.8, 10.68, 10.35, 10.63, 10.54, 8.58, 8.65, 8.54], [2.18, 1.95, 1.51, 1.62, 1.54, 1.14, 0.86, 0, 1.51, 2.92, 3.34, 3.6, 3.37, 2.77, 2.31, 1.75, 1.86, 1.83, 1.76, 1.61, 1.59, 1.94, 1.93, 2.05, 1.94, 2.01, 4.26, 6.22, 6.74, 6.98, 7.24, 7.49, 6.68, 5.63, 4.81, 4.47, 4.76, 4.5, 4.32, 4.8, 5.48, 5.67, 5.0, 4.88, 5.8, 6.31, 6.01, 5.72, 6.45, 7.81, 9.29, 10.12, 10.4, 10.99, 10.51, 11.12, 11.55, 12.16, 12.24, 12.24, 12.32, 11.9, 12.34, 11.95, 11.943, 12.123, 12.2, 13.41, 14.68, 15.078, 13.46, 13.313, 13.291, 13.386, 13.623, 13.041, 13.332, 12.853, 12.22, 11.093, 10.75, 10.93, 10.76, 8.78, 8.85, 8.78], [2.45, 2.26, 1.86, 0.97, 1.47, 1.33, 1.59, 1.51, 0, 1.63, 1.93, 2.17, 2.18, 1.82, 1.82, 2.08, 2.23, 2.22, 1.89, 1.74, 1.78, 1.75, 1.56, 1.74, 1.97, 1.52, 3.13, 5.01, 5.65, 6.01, 6.11, 6.28, 5.45, 4.42, 3.48, 3.14, 3.49, 3.19, 2.99, 3.59, 4.29, 4.46, 3.87, 3.75, 4.65, 5.22, 4.96, 4.69, 5.38, 6.813, 8.12, 8.89, 9.31, 9.8, 9.26, 9.93, 10.34, 10.97, 10.99, 11.05, 11.17, 10.91, 11.37, 10.98, 10.98, 11.16, 11.23, 12.4, 13.69, 14.12, 12.49, 12.35, 12.33, 12.433, 12.67, 12.08, 12.379, 11.89, 11.25, 10.13, 9.78, 9.96, 9.79, 7.69, 7.82, 7.77], [3.26, 2.95, 2.57, 1.76, 2.16, 2.42, 2.88, 2.92, 1.63, 0, 1.06, 1.34, 2.03, 2.11, 2.39, 3.09, 3.3, 3.37, 2.8, 2.67, 2.49, 2.3, 2.01, 2.27, 2.72, 1.93, 1.96, 3.66, 4.34, 4.7, 4.66, 4.73, 4.02, 3.11, 2.07, 1.91, 2.32, 1.98, 1.86, 2.4, 2.96, 3.27, 2.8, 2.72, 3.36, 3.97, 3.67, 3.5, 4.06, 5.503, 6.77, 7.46, 7.94, 8.31, 7.73, 8.36, 8.87, 9.44, 9.44, 9.48, 9.72, 9.6, 10.04, 9.67, 9.67, 9.85, 9.92, 11.09, 12.38, 12.81, 11.18, 11.04, 11.02, 11.123, 11.36, 10.77, 11.069, 10.58, 9.94, 8.82, 8.47, 8.65, 8.48, 6.34, 6.51, 6.46], [3.4, 3.29, 2.89, 2.1, 2.62, 2.86, 3.32, 3.34, 1.93, 1.06, 0, 0.96, 1.51, 1.79, 2.19, 3.07, 3.48, 3.61, 3.1, 3.07, 2.91, 2.58, 2.33, 2.51, 2.8, 2.03, 1.72, 3.26, 3.96, 4.32, 4.42, 4.45, 3.7, 2.75, 1.77, 1.69, 1.88, 1.68, 1.54, 2.14, 2.64, 2.83, 2.4, 2.4, 2.92, 3.71, 3.33, 3.14, 3.69, 5.13, 6.41, 7.14, 7.62, 8.01, 7.45, 8.1, 8.57, 9.16, 9.16, 9.22, 9.44, 9.24, 9.7, 9.29, 9.29, 9.47, 9.54, 10.71, 12.0, 12.43, 10.8, 10.66, 10.64, 10.75, 10.99, 10.39, 10.69, 10.2, 9.56, 8.44, 8.09, 8.29, 8.12, 6.02, 6.15, 6.08], [3.98, 3.77, 3.37, 2.62, 3.14, 3.28, 3.64, 3.6, 2.17, 1.34, 0.96, 0, 0.95, 1.49, 1.91, 3.01, 3.5, 3.59, 3.18, 3.29, 3.19, 2.94, 2.71, 3.09, 3.06, 2.35, 1.9, 3.38, 4.08, 4.46, 4.54, 4.61, 3.72, 2.71, 2.07, 1.79, 2.04, 2.1, 1.94, 2.48, 2.92, 3.17, 2.9, 2.88, 3.28, 3.99, 3.73, 3.66, 3.87, 5.25, 6.51, 7.24, 7.72, 8.11, 7.55, 8.2, 8.67, 9.26, 9.26, 9.32, 9.54, 9.34, 9.8, 9.41, 9.41, 9.59, 9.66, 10.83, 12.12, 12.55, 10.94, 10.8, 10.78, 10.87, 11.11, 10.51, 10.81, 10.32, 9.68, 8.56, 8.25, 8.45, 8.28, 6.16, 6.25, 6.2], [4.45, 4.18, 3.76, 2.95, 3.49, 3.23, 3.47, 3.37, 2.18, 2.03, 1.51, 0.95, 0, 0.96, 1.58, 2.84, 3.45, 3.42, 3.45, 3.58, 3.52, 3.39, 3.26, 3.56, 3.53, 2.68, 2.45, 3.87, 4.57, 4.93, 5.13, 5.22, 4.29, 3.26, 2.6, 2.3, 2.59, 2.77, 2.67, 3.15, 3.53, 3.76, 3.39, 3.45, 3.85, 4.46, 4.14, 4.07, 4.3, 5.74, 7.06, 7.77, 8.25, 8.7, 8.14, 8.81, 9.24, 9.85, 9.87, 9.93, 10.11, 9.85, 10.31, 9.9, 9.9, 10.08, 10.15, 11.32, 12.61, 13.04, 11.43, 11.29, 11.27, 11.36, 11.6, 11.0, 11.3, 10.81, 10.17, 9.05, 8.74, 8.94, 8.77, 6.69, 6.76, 6.69], [4.19, 3.96, 3.52, 2.65, 3.23, 2.89, 3.05, 2.77, 1.82, 2.11, 1.79, 1.49, 0.96, 0, 1.3, 2.36, 2.97, 2.86, 2.93, 3.06, 3.02, 2.89, 2.82, 3.22, 3.15, 2.52, 2.89, 4.73, 5.43, 5.79, 5.91, 6.0, 5.09, 4.06, 3.16, 2.76, 3.07, 2.97, 2.79, 3.39, 4.03, 4.32, 3.71, 3.65, 4.41, 5.0, 4.8, 4.49, 5.16, 6.6, 7.88, 8.57, 9.05, 9.5, 8.94, 9.61, 10.04, 10.65, 10.67, 10.73, 10.91, 10.69, 11.13, 10.76, 10.76, 10.94, 11.01, 12.18, 13.47, 13.9, 12.29, 12.15, 12.13, 12.22, 12.46, 11.86, 12.16, 11.67, 11.03, 9.91, 9.6, 9.8, 9.63, 7.49, 7.6, 7.55], [3.91, 3.76, 3.26, 2.61, 2.99, 2.73, 2.73, 2.31, 1.82, 2.39, 2.19, 1.91, 1.58, 1.3, 0, 1.76, 2.43, 2.48, 2.69, 2.86, 2.84, 2.75, 2.72, 3.04, 2.81, 2.24, 3.17, 4.91, 5.53, 5.93, 6.17, 6.32, 5.35, 4.3, 3.54, 3.14, 3.49, 3.31, 3.13, 3.75, 4.29, 4.58, 4.05, 4.01, 4.63, 5.34, 5.06, 4.89, 5.32, 6.72, 8.06, 8.83, 9.25, 9.74, 9.2, 9.87, 10.28, 10.91, 10.93, 10.99, 11.11, 10.81, 11.25, 10.86, 10.86, 11.04, 11.11, 12.32, 13.57, 14.02, 12.41, 12.27, 12.25, 12.34, 12.56, 11.96, 12.26, 11.77, 11.13, 10.03, 9.72, 9.94, 9.75, 7.67, 7.74, 7.65], [2.63, 2.52, 2.34, 2.39, 2.29, 2.07, 2.07, 1.75, 2.08, 3.09, 3.07, 3.01, 2.84, 2.36, 1.76, 0, 1.15, 1.34, 1.31, 1.56, 1.64, 1.73, 1.96, 2.18, 1.59, 1.78, 4.07, 6.03, 6.75, 7.13, 7.35, 7.5, 6.57, 5.52, 4.68, 4.22, 4.55, 4.33, 4.15, 4.75, 5.49, 5.66, 4.87, 4.77, 5.79, 6.3, 6.0, 5.73, 6.44, 7.84, 9.32, 10.09, 10.51, 11.0, 10.46, 11.13, 11.54, 12.17, 12.19, 12.25, 12.37, 12.05, 12.51, 12.1, 12.08, 12.26, 12.35, 13.48, 14.75, 15.18, 13.59, 13.45, 13.41, 13.46, 13.7, 13.16, 13.4, 12.99, 12.29, 11.23, 10.88, 11.1, 10.93, 8.87, 8.96, 8.87], [2.14, 2.05, 2.21, 2.62, 2.52, 2.16, 1.96, 1.86, 2.23, 3.3, 3.48, 3.5, 3.45, 2.97, 2.43, 1.15, 0, 0.87, 1.02, 1.09, 1.33, 1.62, 1.95, 1.95, 1.44, 2.07, 4.52, 6.48, 7.16, 7.52, 7.6, 7.75, 6.84, 5.79, 4.99, 4.49, 4.84, 4.66, 4.46, 5.04, 5.76, 5.93, 5.3, 5.16, 6.12, 6.71, 6.45, 6.22, 6.89, 8.33, 9.59, 10.38, 10.8, 11.27, 10.73, 11.4, 11.81, 12.44, 12.46, 12.52, 12.64, 12.42, 12.88, 12.49, 12.49, 12.67, 12.74, 13.91, 15.2, 15.63, 14.0, 13.86, 13.84, 13.95, 14.19, 13.59, 13.89, 13.4, 12.76, 11.64, 11.29, 11.49, 11.32, 9.2, 9.33, 9.28], [2.43, 2.28, 2.3, 2.77, 2.67, 2.25, 2.13, 1.83, 2.22, 3.37, 3.61, 3.59, 3.42, 2.86, 2.48, 1.34, 0.87, 0, 0.93, 1.0, 1.38, 1.59, 1.96, 2.1, 1.61, 2.38, 4.81, 6.77, 7.47, 7.83, 7.85, 7.86, 7.03, 6.04, 5.04, 4.58, 4.97, 4.73, 4.53, 5.23, 6.03, 6.16, 5.55, 5.41, 6.41, 7.02, 6.78, 6.51, 7.2, 8.64, 9.9, 10.59, 11.07, 11.44, 10.84, 11.49, 12.0, 12.57, 12.55, 12.61, 12.85, 12.73, 13.17, 12.8, 12.8, 12.98, 13.05, 14.22, 15.51, 15.94, 14.33, 14.19, 14.17, 14.26, 14.5, 13.9, 14.2, 13.71, 13.07, 11.95, 11.64, 11.84, 11.67, 9.51, 9.64, 9.59], [2.06, 1.95, 1.89, 2.26, 2.18, 1.9, 1.9, 1.76, 1.89, 2.8, 3.1, 3.18, 3.45, 2.93, 2.69, 1.31, 1.02, 0.93, 0, 0.53, 0.89, 1.18, 1.51, 1.77, 1.34, 1.95, 4.36, 6.32, 7.02, 7.38, 7.36, 7.41, 6.56, 5.57, 4.59, 4.15, 4.5, 4.32, 4.1, 4.78, 5.58, 5.71, 5.1, 4.96, 5.96, 6.57, 6.31, 6.06, 6.75, 8.19, 9.45, 10.14, 10.62, 10.99, 10.41, 11.04, 11.55, 12.12, 12.12, 12.16, 12.4, 12.28, 12.72, 12.35, 12.35, 12.53, 12.6, 13.77, 15.06, 15.49, 13.86, 13.72, 13.7, 13.81, 14.05, 13.45, 13.75, 13.26, 12.62, 11.5, 11.17, 11.37, 11.2, 9.04, 9.19, 9.14], [1.77, 1.66, 1.66, 2.01, 1.91, 1.71, 1.69, 1.61, 1.74, 2.67, 3.07, 3.29, 3.58, 3.06, 2.86, 1.56, 1.09, 1.0, 0.53, 0, 0.64, 1.05, 1.28, 1.48, 1.21, 1.88, 4.27, 6.25, 6.93, 7.29, 7.25, 7.34, 6.47, 5.5, 4.56, 4.12, 4.49, 4.27, 4.03, 4.69, 5.49, 5.62, 5.01, 4.87, 5.87, 6.458, 6.198, 5.951, 6.65, 8.093, 9.36, 10.05, 10.53, 10.9, 10.32, 10.99, 11.46, 12.03, 12.05, 12.11, 12.31, 12.19, 12.63, 12.26, 12.26, 12.44, 12.51, 13.68, 14.97, 15.4, 13.77, 13.63, 13.61, 13.713, 13.95, 13.36, 13.659, 13.17, 12.53, 11.41, 11.06, 11.24, 11.07, 8.93, 9.1, 9.05], [1.89, 1.72, 1.72, 1.89, 1.73, 1.61, 1.65, 1.59, 1.78, 2.49, 2.91, 3.19, 3.52, 3.02, 2.84, 1.64, 1.33, 1.38, 0.89, 0.64, 0, 0.87, 1.12, 1.38, 1.31, 1.72, 4.09, 5.97, 6.661, 7.026, 6.99, 7.06, 6.33, 5.36, 4.32, 4.04, 4.37, 3.95, 3.73, 4.43, 5.23, 5.36, 4.75, 4.61, 5.601, 6.181, 5.921, 5.674, 6.373, 7.816, 9.099, 9.79, 10.27, 10.64, 10.04, 10.71, 11.2, 11.77, 11.77, 11.83, 12.05, 11.929, 12.37, 11.996, 11.993, 12.173, 12.246, 13.408, 14.695, 15.128, 13.503, 13.363, 13.341, 13.436, 13.673, 13.091, 13.382, 12.903, 12.255, 11.143, 10.8, 10.96, 10.79, 8.67, 8.839, 8.783], [1.9, 1.93, 1.93, 1.86, 1.84, 1.86, 2.08, 1.94, 1.75, 2.3, 2.58, 2.94, 3.39, 2.89, 2.75, 1.73, 1.62, 1.59, 1.18, 1.05, 0.87, 0, 0.67, 1.39, 1.24, 1.75, 3.8, 5.699, 6.411, 6.776, 6.76, 6.79, 6.0, 5.09, 4.05, 3.77, 4.12, 3.66, 3.48, 4.18, 4.98, 5.11, 4.496, 4.333, 5.351, 5.931, 5.691, 5.444, 6.123, 7.566, 8.849, 9.54, 10.02, 10.39, 9.79, 10.44, 10.95, 11.52, 11.5, 11.56, 11.8, 11.679, 12.12, 11.746, 11.743, 11.923, 11.996, 13.158, 14.445, 14.878, 13.26, 13.12, 13.1, 13.186, 13.423, 12.841, 13.132, 12.653, 12.005, 10.893, 10.55, 10.71, 10.54, 8.42, 8.589, 8.533], [1.81, 1.68, 1.6, 1.65, 1.51, 1.61, 1.99, 1.93, 1.56, 2.01, 2.33, 2.71, 3.26, 2.82, 2.72, 1.96, 1.95, 1.96, 1.51, 1.28, 1.12, 0.67, 0, 0.98, 1.19, 1.58, 3.39, 5.309, 6.03, 6.386, 6.41, 6.5, 5.63, 4.68, 3.78, 3.46, 3.71, 3.37, 3.17, 3.83, 4.59, 4.72, 4.11, 3.97, 4.97, 5.58, 5.281, 5.034, 5.753, 7.176, 8.46, 9.17, 9.65, 10.04, 9.48, 10.15, 10.6, 11.19, 11.21, 11.27, 11.47, 11.289, 11.73, 11.356, 11.353, 11.533, 11.606, 12.768, 14.07, 14.488, 12.863, 12.723, 12.701, 12.796, 13.033, 12.451, 12.742, 12.263, 11.615, 10.503, 10.16, 10.32, 10.15, 8.05, 8.199, 8.143], [1.53, 1.24, 1.16, 1.77, 1.57, 1.61, 1.95, 2.05, 1.74, 2.27, 2.51, 3.09, 3.56, 3.22, 3.04, 2.18, 1.95, 2.1, 1.77, 1.48, 1.38, 1.39, 0.98, 0, 1.15, 1.54, 3.35, 5.21, 5.87, 6.209, 6.31, 6.5, 5.61, 4.58, 3.84, 3.5, 3.71, 3.39, 3.19, 3.77, 4.51, 4.7, 4.03, 3.93, 4.89, 5.457, 5.18, 4.907, 5.6, 7.019, 8.36, 9.11, 9.53, 10.02, 9.48, 10.15, 10.56, 11.19, 11.21, 11.27, 11.39, 11.121, 11.555, 11.179, 11.176, 11.356, 11.429, 12.614, 13.898, 14.311, 12.686, 12.546, 12.523, 12.619, 12.856, 12.273, 12.565, 12.086, 11.438, 10.326, 9.996, 10.16, 9.99, 7.91, 8.037, 7.966], [1.34, 1.41, 1.49, 1.94, 1.66, 1.6, 1.9, 1.94, 1.97, 2.72, 2.8, 3.06, 3.53, 3.15, 2.81, 1.59, 1.44, 1.61, 1.34, 1.21, 1.31, 1.24, 1.19, 1.15, 0, 1.57, 3.72, 5.72, 6.26, 6.54, 6.86, 7.05, 6.14, 5.09, 4.27, 3.95, 4.24, 4.0, 3.8, 4.3, 5.02, 5.21, 4.52, 4.4, 5.32, 5.87, 5.61, 5.3, 6.03, 7.39, 8.85, 9.64, 10.0, 10.51, 10.01, 10.66, 11.07, 11.7, 11.76, 11.78, 11.86, 11.48, 11.94, 11.51, 11.51, 11.69, 11.76, 12.99, 14.24, 14.65, 13.04, 12.9, 12.88, 12.97, 13.21, 12.61, 12.91, 12.42, 11.78, 10.66, 10.35, 10.59, 10.38, 8.38, 8.43, 8.32], [2.23, 2.0, 1.72, 1.41, 1.39, 1.51, 1.97, 2.01, 1.52, 1.93, 2.03, 2.35, 2.68, 2.52, 2.24, 1.78, 2.07, 2.38, 1.95, 1.88, 1.72, 1.75, 1.58, 1.54, 1.57, 0, 2.57, 4.49, 5.19, 5.61, 5.87, 6.04, 5.13, 4.12, 3.22, 2.92, 3.21, 2.87, 2.69, 3.19, 3.91, 4.1, 3.29, 3.19, 4.21, 4.74, 4.52, 4.31, 4.9, 6.26, 7.74, 8.51, 8.93, 9.42, 8.88, 9.55, 9.96, 10.59, 10.61, 10.67, 10.79, 10.47, 10.93, 10.52, 10.5, 10.68, 10.77, 11.9, 13.19, 13.64, 12.07, 11.93, 11.89, 11.92, 12.14, 11.6, 11.82, 11.43, 10.73, 9.71, 9.38, 9.6, 9.43, 7.37, 7.42, 7.31], [4.26, 3.99, 3.67, 2.94, 3.34, 3.68, 4.12, 4.26, 3.13, 1.96, 1.72, 1.9, 2.45, 2.89, 3.17, 4.07, 4.52, 4.81, 4.36, 4.27, 4.09, 3.8, 3.39, 3.35, 3.72, 2.57, 0, 2.1, 2.92, 3.34, 3.54, 3.81, 2.9, 1.97, 1.45, 1.35, 1.46, 1.44, 1.22, 1.6, 1.94, 2.23, 1.7, 1.78, 2.3, 2.85, 2.69, 2.74, 2.77, 3.91, 5.41, 6.2, 6.6, 7.07, 6.59, 7.2, 7.61, 8.24, 8.28, 8.32, 8.46, 8.18, 8.64, 8.23, 8.17, 8.33, 8.46, 9.49, 10.88, 11.31, 9.72, 9.56, 9.54, 9.51, 9.69, 9.25, 9.47, 9.12, 8.42, 7.38, 7.05, 7.29, 7.12, 5.06, 5.11, 4.98], [6.32, 5.97, 5.57, 4.74, 5.22, 5.52, 6.06, 6.22, 5.01, 3.66, 3.26, 3.38, 3.87, 4.73, 4.91, 6.03, 6.48, 6.77, 6.32, 6.25, 5.97, 5.699, 5.309, 5.21, 5.72, 4.49, 2.1, 0, 1.04, 1.48, 1.7, 2.01, 1.86, 1.55, 1.85, 2.27, 1.96, 2.14, 2.32, 2.02, 1.52, 1.47, 1.62, 1.88, 1.84, 2.13, 2.27, 2.18, 1.71, 1.89, 3.35, 4.14, 4.56, 5.03, 4.59, 5.14, 5.55, 6.18, 6.2, 6.26, 6.4, 6.12, 6.58, 6.17, 6.13, 6.33, 6.44, 7.51, 8.82, 9.25, 7.68, 7.54, 7.5, 7.51, 7.73, 7.21, 7.45, 7.12, 6.4, 5.38, 5.03, 5.27, 5.06, 3.08, 3.11, 2.96], [6.9, 6.53, 6.09, 5.32, 5.62, 5.98, 6.56, 6.74, 5.65, 4.34, 3.96, 4.08, 4.57, 5.43, 5.53, 6.75, 7.16, 7.47, 7.02, 6.93, 6.661, 6.411, 6.03, 5.87, 6.26, 5.19, 2.92, 1.04, 0, 0.74, 1.08, 1.49, 1.98, 1.83, 2.51, 2.97, 2.62, 2.82, 3.04, 2.44, 1.74, 1.65, 2.18, 2.32, 1.84, 1.97, 2.33, 2.36, 1.41, 1.33, 2.63, 3.56, 3.8, 4.33, 4.09, 4.48, 4.89, 5.48, 5.58, 5.58, 5.64, 5.34, 5.78, 5.37, 5.35, 5.53, 5.62, 6.79, 8.04, 8.49, 6.9, 6.76, 6.72, 6.81, 7.03, 6.43, 6.73, 6.28, 5.6, 4.54, 4.21, 4.45, 4.26, 2.78, 2.47, 2.5], [7.24, 6.93, 6.31, 5.64, 5.78, 6.22, 6.68, 6.98, 6.01, 4.7, 4.32, 4.46, 4.93, 5.79, 5.93, 7.13, 7.52, 7.83, 7.38, 7.29, 7.026, 6.776, 6.386, 6.209, 6.54, 5.61, 3.34, 1.48, 0.74, 0, 1.0, 1.51, 2.0, 2.19, 2.91, 3.39, 3.06, 3.24, 3.5, 2.86, 2.16, 2.01, 2.66, 2.82, 2.1, 2.15, 2.41, 2.46, 1.63, 1.21, 2.53, 3.6, 3.72, 4.27, 4.25, 4.58, 4.89, 5.38, 5.48, 5.48, 5.54, 5.12, 5.5, 5.07, 4.99, 5.15, 5.28, 6.53, 7.8, 8.17, 6.56, 6.38, 6.36, 6.45, 6.67, 6.07, 6.37, 5.88, 5.26, 4.18, 3.97, 4.23, 4.04, 2.86, 2.47, 2.52], [7.48, 7.07, 6.57, 5.8, 6.2, 6.54, 7.1, 7.24, 6.11, 4.66, 4.42, 4.54, 5.13, 5.91, 6.17, 7.35, 7.6, 7.85, 7.36, 7.25, 6.99, 6.76, 6.41, 6.31, 6.86, 5.87, 3.54, 1.7, 1.08, 1.0, 0, 0.87, 1.64, 2.09, 2.97, 3.41, 3.08, 3.26, 3.46, 2.88, 2.14, 1.97, 2.8, 2.94, 2.24, 2.31, 2.63, 2.76, 1.83, 1.19, 2.15, 3.16, 3.32, 3.83, 3.73, 4.1, 4.43, 4.92, 5.02, 5.02, 5.1, 4.96, 5.38, 5.01, 5.01, 5.19, 5.26, 6.43, 7.72, 8.15, 6.52, 6.38, 6.36, 6.47, 6.71, 6.11, 6.41, 5.94, 5.28, 4.18, 3.83, 4.07, 3.86, 2.46, 2.17, 2.36], [7.71, 7.34, 6.88, 6.17, 6.49, 6.89, 7.43, 7.49, 6.28, 4.73, 4.45, 4.61, 5.22, 6.0, 6.32, 7.5, 7.75, 7.86, 7.41, 7.34, 7.06, 6.79, 6.5, 6.5, 7.05, 6.04, 3.81, 2.01, 1.49, 1.51, 0.87, 0, 1.57, 2.36, 2.98, 3.46, 3.15, 3.31, 3.57, 3.03, 2.43, 2.12, 2.97, 3.13, 2.77, 2.94, 3.22, 3.21, 2.38, 1.86, 2.12, 2.83, 3.31, 3.66, 3.32, 3.79, 4.26, 4.77, 4.79, 4.79, 5.05, 4.93, 5.37, 5.0, 5.0, 5.18, 5.25, 6.42, 7.71, 8.14, 6.51, 6.37, 6.35, 6.46, 6.7, 6.1, 6.4, 5.93, 5.27, 4.17, 3.82, 4.02, 3.85, 2.29, 1.98, 2.13], [6.8, 6.47, 6.03, 5.46, 5.92, 6.22, 6.64, 6.68, 5.45, 4.02, 3.7, 3.72, 4.29, 5.09, 5.35, 6.57, 6.84, 7.03, 6.56, 6.47, 6.33, 6.0, 5.63, 5.61, 6.14, 5.13, 2.9, 1.86, 1.98, 2.0, 1.64, 1.57, 0, 1.31, 2.29, 2.57, 2.34, 2.78, 2.92, 2.9, 2.78, 2.65, 2.78, 2.9, 3.28, 3.47, 3.69, 3.66, 2.83, 2.47, 2.89, 3.6, 4.06, 4.45, 3.93, 4.56, 4.99, 5.6, 5.64, 5.68, 5.84, 5.72, 6.16, 5.79, 5.79, 5.97, 6.04, 7.21, 8.5, 8.93, 7.3, 7.16, 7.14, 7.25, 7.49, 6.89, 7.19, 6.7, 6.06, 4.94, 4.61, 4.81, 4.64, 2.48, 2.63, 2.64], [5.75, 5.44, 5.0, 4.49, 4.97, 5.23, 5.63, 5.63, 4.42, 3.11, 2.75, 2.71, 3.26, 4.06, 4.3, 5.52, 5.79, 6.04, 5.57, 5.5, 5.36, 5.09, 4.68, 4.58, 5.09, 4.12, 1.97, 1.55, 1.83, 2.19, 2.09, 2.36, 1.31, 0, 1.46, 1.68, 1.43, 1.93, 1.97, 2.19, 2.19, 2.2, 2.23, 2.41, 2.69, 2.92, 3.06, 3.15, 2.44, 2.68, 3.9, 4.65, 5.05, 5.48, 4.98, 5.63, 6.04, 6.67, 6.71, 6.75, 6.87, 6.71, 7.15, 6.78, 6.78, 6.96, 7.05, 8.2, 9.49, 9.92, 8.29, 8.15, 8.13, 8.24, 8.48, 7.88, 8.18, 7.77, 7.11, 6.01, 5.62, 5.86, 5.63, 3.47, 3.62, 3.57], [4.93, 4.7, 4.26, 3.53, 3.99, 4.29, 4.77, 4.81, 3.48, 2.07, 1.77, 2.07, 2.6, 3.16, 3.54, 4.68, 4.99, 5.04, 4.59, 4.56, 4.32, 4.05, 3.78, 3.84, 4.27, 3.22, 1.45, 1.85, 2.51, 2.91, 2.97, 2.98, 2.29, 1.46, 0, 0.64, 0.87, 1.07, 1.15, 1.45, 1.69, 1.68, 1.57, 1.61, 2.03, 2.52, 2.46, 2.43, 2.42, 3.62, 4.88, 5.57, 6.05, 6.42, 5.82, 6.45, 6.98, 7.55, 7.53, 7.57, 7.83, 7.71, 8.15, 7.78, 7.78, 7.96, 8.03, 9.2, 10.55, 11.0, 9.39, 9.25, 9.23, 9.32, 9.54, 8.94, 9.18, 8.69, 8.11, 7.01, 6.7, 6.9, 6.73, 4.57, 4.7, 4.63], [4.67, 4.32, 3.9, 3.35, 3.79, 4.05, 4.47, 4.47, 3.14, 1.91, 1.69, 1.79, 2.3, 2.76, 3.14, 4.22, 4.49, 4.58, 4.15, 4.12, 4.04, 3.77, 3.46, 3.5, 3.95, 2.92, 1.35, 2.27, 2.97, 3.39, 3.41, 3.46, 2.57, 1.68, 0.64, 0, 0.75, 1.09, 1.17, 1.43, 1.79, 1.86, 1.65, 1.67, 2.31, 2.88, 2.78, 2.69, 2.86, 4.06, 5.32, 6.01, 6.49, 6.86, 6.28, 6.93, 7.42, 7.99, 7.99, 8.05, 8.27, 8.15, 8.59, 8.22, 8.22, 8.4, 8.47, 9.64, 10.99, 11.44, 9.83, 9.69, 9.67, 9.76, 9.98, 9.38, 9.62, 9.13, 8.55, 7.45, 7.14, 7.34, 7.17, 5.01, 5.14, 5.07], [4.9, 4.57, 4.09, 3.66, 4.16, 4.4, 4.78, 4.76, 3.49, 2.32, 1.88, 2.04, 2.59, 3.07, 3.49, 4.55, 4.84, 4.97, 4.5, 4.49, 4.37, 4.12, 3.71, 3.71, 4.24, 3.21, 1.46, 1.96, 2.62, 3.06, 3.08, 3.15, 2.34, 1.43, 0.87, 0.75, 0, 1.12, 1.18, 1.44, 1.64, 1.63, 1.42, 1.56, 2.22, 2.55, 2.61, 2.5, 2.59, 3.73, 4.99, 5.68, 6.16, 6.55, 6.01, 6.62, 7.11, 7.7, 7.7, 7.74, 7.98, 7.82, 8.26, 7.89, 7.89, 8.07, 8.14, 9.31, 10.62, 11.07, 9.46, 9.32, 9.3, 9.39, 9.61, 9.01, 9.29, 8.82, 8.18, 7.1, 6.77, 6.99, 6.8, 4.64, 4.77, 4.7], [4.66, 4.35, 3.89, 3.2, 3.6, 3.92, 4.44, 4.5, 3.19, 1.98, 1.68, 2.1, 2.77, 2.97, 3.31, 4.33, 4.66, 4.73, 4.32, 4.27, 3.95, 3.66, 3.37, 3.39, 4.0, 2.87, 1.44, 2.14, 2.82, 3.24, 3.26, 3.31, 2.78, 1.93, 1.07, 1.09, 1.12, 0, 0.56, 0.86, 1.36, 1.55, 1.1, 1.16, 1.8, 2.61, 2.49, 2.3, 2.63, 3.95, 5.21, 5.92, 6.38, 6.75, 6.17, 6.82, 7.31, 7.9, 7.88, 7.92, 8.16, 8.04, 8.48, 8.11, 8.11, 8.29, 8.36, 9.53, 10.82, 11.27, 9.66, 9.52, 9.5, 9.59, 9.81, 9.21, 9.51, 9.06, 8.4, 7.32, 6.97, 7.17, 7.0, 4.86, 4.97, 4.9], [4.46, 4.15, 3.67, 3.0, 3.44, 3.74, 4.24, 4.32, 2.99, 1.86, 1.54, 1.94, 2.67, 2.79, 3.13, 4.15, 4.46, 4.53, 4.1, 4.03, 3.73, 3.48, 3.17, 3.19, 3.8, 2.69, 1.22, 2.32, 3.04, 3.5, 3.46, 3.57, 2.92, 1.97, 1.15, 1.17, 1.18, 0.56, 0, 0.98, 1.58, 1.69, 1.34, 1.38, 2.04, 2.89, 2.71, 2.58, 2.83, 4.15, 5.41, 6.1, 6.58, 6.95, 6.37, 7.02, 7.51, 8.08, 8.08, 8.12, 8.36, 8.24, 8.68, 8.31, 8.31, 8.49, 8.56, 9.73, 11.02, 11.47, 9.86, 9.72, 9.7, 9.79, 10.01, 9.41, 9.71, 9.26, 8.6, 7.52, 7.17, 7.39, 7.2, 5.04, 5.17, 5.1], [4.98, 4.65, 4.19, 3.52, 3.78, 4.2, 4.74, 4.8, 3.59, 2.4, 2.14, 2.48, 3.15, 3.39, 3.75, 4.75, 5.04, 5.23, 4.78, 4.69, 4.43, 4.18, 3.83, 3.77, 4.3, 3.19, 1.6, 2.02, 2.44, 2.86, 2.88, 3.03, 2.9, 2.19, 1.45, 1.43, 1.44, 0.86, 0.98, 0, 0.92, 1.19, 0.9, 1.12, 1.36, 2.25, 2.07, 1.94, 2.19, 3.41, 4.69, 5.36, 5.88, 6.27, 5.89, 6.4, 6.81, 7.42, 7.46, 7.5, 7.68, 7.5, 7.94, 7.57, 7.57, 7.77, 7.86, 8.99, 10.3, 10.75, 9.14, 9.0, 8.98, 9.07, 9.29, 8.69, 8.97, 8.58, 7.94, 6.86, 6.49, 6.73, 6.48, 4.5, 4.55, 4.64], [5.7, 5.33, 4.85, 4.12, 4.46, 4.84, 5.38, 5.48, 4.29, 2.96, 2.64, 2.92, 3.53, 4.03, 4.29, 5.49, 5.76, 6.03, 5.58, 5.49, 5.23, 4.98, 4.59, 4.51, 5.02, 3.91, 1.94, 1.52, 1.74, 2.16, 2.14, 2.43, 2.78, 2.19, 1.69, 1.79, 1.64, 1.36, 1.58, 0.92, 0, 0.65, 1.0, 1.1, 0.94, 1.77, 1.69, 1.56, 1.63, 2.61, 3.87, 4.68, 5.06, 5.55, 5.15, 5.68, 6.11, 6.68, 6.78, 6.78, 6.9, 6.7, 7.14, 6.77, 6.77, 6.99, 7.08, 8.21, 9.52, 9.97, 8.36, 8.22, 8.2, 8.29, 8.51, 7.91, 8.19, 7.82, 7.2, 6.12, 5.75, 5.99, 5.72, 3.86, 3.75, 3.86], [5.89, 5.52, 5.06, 4.37, 4.77, 5.09, 5.61, 5.67, 4.46, 3.27, 2.83, 3.17, 3.76, 4.32, 4.58, 5.66, 5.93, 6.16, 5.71, 5.62, 5.36, 5.11, 4.72, 4.7, 5.21, 4.1, 2.23, 1.47, 1.65, 2.01, 1.97, 2.12, 2.65, 2.2, 1.68, 1.86, 1.63, 1.55, 1.69, 1.19, 0.65, 0, 1.03, 1.19, 1.25, 1.96, 1.94, 1.81, 1.68, 2.5, 3.74, 4.49, 4.95, 5.38, 4.96, 5.49, 5.92, 6.51, 6.57, 6.59, 6.77, 6.57, 7.03, 6.64, 6.64, 6.84, 6.93, 8.06, 9.39, 9.84, 8.23, 8.09, 8.07, 8.16, 8.38, 7.78, 8.04, 7.65, 7.03, 5.95, 5.58, 5.82, 5.57, 3.77, 3.56, 3.69], [5.16, 4.75, 4.37, 3.62, 3.98, 4.28, 4.86, 5.0, 3.87, 2.8, 2.4, 2.9, 3.39, 3.71, 4.05, 4.87, 5.3, 5.55, 5.1, 5.01, 4.75, 4.496, 4.11, 4.03, 4.52, 3.29, 1.7, 1.62, 2.18, 2.66, 2.8, 2.97, 2.78, 2.23, 1.57, 1.65, 1.42, 1.1, 1.34, 0.9, 1.0, 1.03, 0, 0.64, 1.44, 1.93, 1.91, 1.64, 1.95, 3.09, 4.55, 5.28, 5.74, 6.21, 5.71, 6.3, 6.75, 7.34, 7.4, 7.42, 7.6, 7.34, 7.8, 7.39, 7.37, 7.57, 7.68, 8.75, 10.08, 10.55, 8.98, 8.84, 8.8, 8.79, 9.01, 8.51, 8.69, 8.38, 7.72, 6.7, 6.33, 6.57, 6.34, 4.38, 4.33, 4.3], [5.04, 4.65, 4.27, 3.52, 3.96, 4.26, 4.78, 4.88, 3.75, 2.72, 2.4, 2.88, 3.45, 3.65, 4.01, 4.77, 5.16, 5.41, 4.96, 4.87, 4.61, 4.333, 3.97, 3.93, 4.4, 3.19, 1.78, 1.88, 2.32, 2.82, 2.94, 3.13, 2.9, 2.41, 1.61, 1.67, 1.56, 1.16, 1.38, 1.12, 1.1, 1.19, 0.64, 0, 1.36, 1.93, 1.93, 1.82, 2.07, 3.27, 4.67, 5.46, 5.88, 6.31, 5.81, 6.42, 6.85, 7.46, 7.54, 7.54, 7.72, 7.52, 7.98, 7.57, 7.55, 7.75, 7.86, 8.93, 10.26, 10.73, 9.16, 9.02, 8.98, 8.97, 9.17, 8.69, 8.87, 8.54, 7.88, 6.86, 6.51, 6.73, 6.52, 4.76, 4.57, 4.52], [5.96, 5.57, 5.13, 4.3, 4.68, 5.04, 5.62, 5.8, 4.65, 3.36, 2.92, 3.28, 3.85, 4.41, 4.63, 5.79, 6.12, 6.41, 5.96, 5.87, 5.601, 5.351, 4.97, 4.89, 5.32, 4.21, 2.3, 1.84, 1.84, 2.1, 2.24, 2.77, 3.28, 2.69, 2.03, 2.31, 2.22, 1.8, 2.04, 1.36, 0.94, 1.25, 1.44, 1.36, 0, 1.19, 1.11, 1.2, 1.29, 2.27, 3.77, 4.76, 5.1, 5.47, 5.55, 5.8, 6.17, 6.48, 6.54, 6.56, 6.62, 6.48, 6.86, 6.45, 6.43, 6.63, 6.74, 7.83, 9.18, 9.63, 8.04, 7.9, 7.86, 7.95, 8.17, 7.57, 7.81, 7.42, 6.8, 5.74, 5.43, 5.61, 5.4, 4.24, 4.03, 4.12], [6.53, 6.12, 5.6, 4.75, 5.13, 5.49, 6.01, 6.31, 5.22, 3.97, 3.71, 3.99, 4.46, 5.0, 5.34, 6.3, 6.71, 7.02, 6.57, 6.458, 6.181, 5.931, 5.58, 5.457, 5.87, 4.74, 2.85, 2.13, 1.97, 2.15, 2.31, 2.94, 3.47, 2.92, 2.52, 2.88, 2.55, 2.61, 2.89, 2.25, 1.77, 1.96, 1.93, 1.93, 1.19, 0, 0.9, 1.05, 1.08, 2.0, 3.7, 4.89, 5.13, 5.56, 5.7, 5.85, 6.22, 6.45, 6.55, 6.55, 6.47, 6.11, 6.43, 6.02, 6.0, 6.18, 6.29, 7.38, 8.65, 9.12, 7.55, 7.41, 7.37, 7.36, 7.56, 7.08, 7.32, 6.95, 6.25, 5.21, 5.0, 5.2, 5.07, 4.35, 4.02, 4.17], [6.17, 5.84, 5.3, 4.43, 4.77, 5.19, 5.71, 6.01, 4.96, 3.67, 3.33, 3.73, 4.14, 4.8, 5.06, 6.0, 6.45, 6.78, 6.31, 6.198, 5.921, 5.691, 5.281, 5.18, 5.61, 4.52, 2.69, 2.27, 2.33, 2.41, 2.63, 3.22, 3.69, 3.06, 2.46, 2.78, 2.61, 2.49, 2.71, 2.07, 1.69, 1.94, 1.91, 1.93, 1.11, 0.9, 0, 0.83, 1.08, 2.4, 4.28, 5.41, 5.63, 6.12, 6.22, 6.41, 6.8, 7.05, 7.09, 7.09, 7.03, 6.65, 6.75, 6.34, 6.28, 6.44, 6.57, 7.64, 8.99, 9.4, 7.79, 7.63, 7.61, 7.62, 7.86, 7.36, 7.58, 7.21, 6.51, 5.51, 5.24, 5.42, 5.41, 4.69, 4.42, 4.59], [5.96, 5.57, 5.01, 4.18, 4.54, 4.9, 5.42, 5.72, 4.69, 3.5, 3.14, 3.66, 4.07, 4.49, 4.89, 5.73, 6.22, 6.51, 6.06, 5.951, 5.674, 5.444, 5.034, 4.907, 5.3, 4.31, 2.74, 2.18, 2.36, 2.46, 2.76, 3.21, 3.66, 3.15, 2.43, 2.69, 2.5, 2.3, 2.58, 1.94, 1.56, 1.81, 1.64, 1.82, 1.2, 1.05, 0.83, 0, 1.27, 2.49, 4.43, 5.5, 5.78, 6.27, 6.31, 6.52, 6.95, 7.22, 7.26, 7.26, 7.2, 6.7, 6.92, 6.51, 6.49, 6.67, 6.76, 7.87, 9.16, 9.59, 8.02, 7.88, 7.84, 7.83, 8.05, 7.57, 7.81, 7.4, 6.72, 5.68, 5.39, 5.59, 5.56, 4.52, 4.43, 4.62], [6.67, 6.26, 5.74, 4.89, 5.27, 5.63, 6.15, 6.45, 5.38, 4.06, 3.69, 3.87, 4.3, 5.16, 5.32, 6.44, 6.89, 7.2, 6.75, 6.65, 6.373, 6.123, 5.753, 5.6, 6.03, 4.9, 2.77, 1.71, 1.41, 1.63, 1.83, 2.38, 2.83, 2.44, 2.42, 2.86, 2.59, 2.63, 2.83, 2.19, 1.63, 1.68, 1.95, 2.07, 1.29, 1.08, 1.08, 1.27, 0, 1.68, 3.44, 4.53, 4.81, 5.32, 5.34, 5.53, 5.94, 6.31, 6.43, 6.43, 6.33, 5.79, 6.17, 5.76, 5.74, 5.92, 6.01, 7.12, 8.39, 8.86, 7.29, 7.15, 7.11, 7.1, 7.3, 6.82, 7.06, 6.65, 5.99, 4.91, 4.64, 4.88, 4.89, 3.77, 3.56, 3.73], [8.05, 7.68, 7.1, 6.31, 6.61, 6.99, 7.49, 7.81, 6.813, 5.503, 5.13, 5.25, 5.74, 6.6, 6.72, 7.84, 8.33, 8.64, 8.19, 8.093, 7.816, 7.566, 7.176, 7.019, 7.39, 6.26, 3.91, 1.89, 1.33, 1.21, 1.19, 1.86, 2.47, 2.68, 3.62, 4.06, 3.73, 3.95, 4.15, 3.41, 2.61, 2.5, 3.09, 3.27, 2.27, 2.0, 2.4, 2.49, 1.68, 0, 2.0, 3.13, 3.37, 3.86, 3.94, 4.13, 4.52, 4.81, 4.93, 4.93, 4.87, 4.33, 4.75, 4.34, 4.3, 4.52, 4.63, 5.72, 7.05, 7.48, 5.91, 5.77, 5.73, 5.72, 5.94, 5.44, 5.66, 5.37, 4.73, 3.73, 3.38, 3.68, 3.49, 2.67, 2.2, 2.35], [9.53, 9.12, 8.58, 7.77, 8.19, 8.55, 9.09, 9.29, 8.12, 6.77, 6.41, 6.51, 7.06, 7.88, 8.06, 9.32, 9.59, 9.9, 9.45, 9.36, 9.099, 8.849, 8.46, 8.36, 8.85, 7.74, 5.41, 3.35, 2.63, 2.53, 2.15, 2.12, 2.89, 3.9, 4.88, 5.32, 4.99, 5.21, 5.41, 4.69, 3.87, 3.74, 4.55, 4.67, 3.77, 3.7, 4.28, 4.43, 3.44, 2.0, 0, 1.35, 1.63, 2.06, 2.14, 2.27, 2.6, 3.03, 3.09, 3.17, 3.27, 3.13, 3.47, 3.02, 3.06, 3.24, 3.33, 4.46, 5.75, 6.2, 4.59, 4.45, 4.43, 4.52, 4.74, 4.2, 4.56, 4.19, 3.61, 2.59, 2.34, 2.6, 2.37, 1.69, 1.06, 1.51], [10.32, 9.95, 9.49, 8.74, 9.06, 9.46, 10.02, 10.12, 8.89, 7.46, 7.14, 7.24, 7.77, 8.57, 8.83, 10.09, 10.38, 10.59, 10.14, 10.05, 9.79, 9.54, 9.17, 9.11, 9.64, 8.51, 6.2, 4.14, 3.56, 3.6, 3.16, 2.83, 3.6, 4.65, 5.57, 6.01, 5.68, 5.92, 6.1, 5.36, 4.68, 4.49, 5.28, 5.46, 4.76, 4.89, 5.41, 5.5, 4.53, 3.13, 1.35, 0, 0.84, 1.19, 1.17, 1.46, 1.77, 2.34, 2.4, 2.48, 2.7, 2.56, 2.9, 2.51, 2.47, 2.69, 2.74, 3.87, 5.12, 5.57, 3.96, 3.82, 3.8, 3.89, 4.15, 3.65, 4.03, 3.66, 3.06, 2.08, 1.73, 2.07, 1.94, 1.64, 1.37, 1.64], [10.68, 10.29, 9.71, 8.98, 9.36, 9.68, 10.24, 10.4, 9.31, 7.94, 7.62, 7.72, 8.25, 9.05, 9.25, 10.51, 10.8, 11.07, 10.62, 10.53, 10.27, 10.02, 9.65, 9.53, 10.0, 8.93, 6.6, 4.56, 3.8, 3.72, 3.32, 3.31, 4.06, 5.05, 6.05, 6.49, 6.16, 6.38, 6.58, 5.88, 5.06, 4.95, 5.74, 5.88, 5.1, 5.13, 5.63, 5.78, 4.81, 3.37, 1.63, 0.84, 0, 0.85, 1.03, 1.32, 1.61, 2.06, 2.24, 2.2, 2.34, 2.2, 2.48, 2.41, 2.35, 2.47, 2.34, 3.37, 4.62, 5.07, 3.46, 3.32, 3.3, 3.39, 3.67, 3.19, 3.55, 3.24, 2.66, 1.78, 1.63, 1.75, 1.68, 1.9, 1.63, 1.98], [11.19, 10.8, 10.34, 9.59, 9.93, 10.31, 10.87, 10.99, 9.8, 8.31, 8.01, 8.11, 8.7, 9.5, 9.74, 11.0, 11.27, 11.44, 10.99, 10.9, 10.64, 10.39, 10.04, 10.02, 10.51, 9.42, 7.07, 5.03, 4.33, 4.27, 3.83, 3.66, 4.45, 5.48, 6.42, 6.86, 6.55, 6.75, 6.95, 6.27, 5.55, 5.38, 6.21, 6.31, 5.47, 5.56, 6.12, 6.27, 5.32, 3.86, 2.06, 1.19, 0.85, 0, 0.76, 0.97, 1.0, 1.43, 1.53, 1.55, 1.79, 1.85, 2.25, 2.72, 2.62, 2.54, 2.33, 2.96, 4.23, 4.68, 3.07, 2.93, 2.99, 3.0, 3.24, 2.78, 3.14, 2.87, 2.55, 1.95, 1.68, 1.74, 1.61, 2.47, 2.22, 2.33], [10.67, 10.36, 9.9, 9.17, 9.53, 9.89, 10.43, 10.51, 9.26, 7.73, 7.45, 7.55, 8.14, 8.94, 9.2, 10.46, 10.73, 10.84, 10.41, 10.32, 10.04, 9.79, 9.48, 9.48, 10.01, 8.88, 6.59, 4.59, 4.09, 4.25, 3.73, 3.32, 3.93, 4.98, 5.82, 6.28, 6.01, 6.17, 6.37, 5.89, 5.15, 4.96, 5.71, 5.81, 5.55, 5.7, 6.22, 6.31, 5.34, 3.94, 2.14, 1.17, 1.03, 0.76, 0, 0.93, 1.3, 1.87, 1.91, 1.93, 2.27, 2.29, 2.69, 3.04, 2.9, 3.02, 2.91, 3.54, 4.83, 5.28, 3.67, 3.53, 3.57, 3.6, 3.82, 3.28, 3.62, 3.37, 3.03, 2.29, 2.02, 1.96, 1.89, 2.25, 1.92, 1.95], [11.34, 10.93, 10.41, 9.64, 10.04, 10.38, 10.94, 11.12, 9.93, 8.36, 8.1, 8.2, 8.81, 9.61, 9.87, 11.13, 11.4, 11.49, 11.04, 10.99, 10.71, 10.44, 10.15, 10.15, 10.66, 9.55, 7.2, 5.14, 4.48, 4.58, 4.1, 3.79, 4.56, 5.63, 6.45, 6.93, 6.62, 6.82, 7.02, 6.4, 5.68, 5.49, 6.3, 6.42, 5.8, 5.85, 6.41, 6.52, 5.53, 4.13, 2.27, 1.46, 1.32, 0.97, 0.93, 0, 0.89, 1.42, 1.5, 1.44, 1.86, 1.84, 2.4, 2.77, 2.71, 2.73, 2.52, 2.91, 4.18, 4.63, 3.02, 2.92, 2.96, 2.99, 3.21, 2.79, 3.35, 3.12, 2.78, 2.26, 2.01, 1.67, 1.8, 2.44, 2.33, 2.46], [11.75, 11.36, 10.9, 10.13, 10.49, 10.87, 11.43, 11.55, 10.34, 8.87, 8.57, 8.67, 9.24, 10.04, 10.28, 11.54, 11.81, 12.0, 11.55, 11.46, 11.2, 10.95, 10.6, 10.56, 11.07, 9.96, 7.61, 5.55, 4.89, 4.89, 4.43, 4.26, 4.99, 6.04, 6.98, 7.42, 7.11, 7.31, 7.51, 6.81, 6.11, 5.92, 6.75, 6.85, 6.17, 6.22, 6.8, 6.95, 5.94, 4.52, 2.6, 1.77, 1.61, 1.0, 1.3, 0.89, 0, 0.95, 1.05, 0.91, 1.25, 1.45, 2.19, 2.86, 2.78, 2.7, 2.43, 2.54, 3.59, 4.04, 2.49, 2.67, 2.81, 2.76, 2.64, 2.44, 2.74, 2.87, 2.75, 2.25, 2.12, 1.96, 1.99, 2.95, 2.78, 2.89], [12.38, 11.97, 11.47, 10.68, 11.08, 11.44, 12.0, 12.16, 10.97, 9.44, 9.16, 9.26, 9.85, 10.65, 10.91, 12.17, 12.44, 12.57, 12.12, 12.03, 11.77, 11.52, 11.19, 11.19, 11.7, 10.59, 8.24, 6.18, 5.48, 5.38, 4.92, 4.77, 5.6, 6.67, 7.55, 7.99, 7.7, 7.9, 8.08, 7.42, 6.68, 6.51, 7.34, 7.46, 6.48, 6.45, 7.05, 7.22, 6.31, 4.81, 3.03, 2.34, 2.06, 1.43, 1.87, 1.42, 0.95, 0, 0.58, 0.72, 0.7, 1.24, 1.98, 3.19, 3.17, 2.95, 2.54, 2.33, 3.04, 3.49, 2.22, 2.5, 2.68, 2.67, 2.31, 2.11, 2.29, 2.54, 2.54, 2.3, 2.45, 2.27, 2.26, 3.48, 3.35, 3.48], [12.42, 12.05, 11.59, 10.82, 11.18, 11.56, 12.12, 12.24, 10.99, 9.44, 9.16, 9.26, 9.87, 10.67, 10.93, 12.19, 12.46, 12.55, 12.12, 12.05, 11.77, 11.5, 11.21, 11.21, 11.76, 10.61, 8.28, 6.2, 5.58, 5.48, 5.02, 4.79, 5.64, 6.71, 7.53, 7.99, 7.7, 7.88, 8.08, 7.46, 6.78, 6.57, 7.4, 7.54, 6.54, 6.55, 7.09, 7.26, 6.43, 4.93, 3.09, 2.4, 2.24, 1.53, 1.91, 1.5, 1.05, 0.58, 0, 0.56, 0.78, 1.4, 1.96, 3.11, 3.11, 2.87, 2.48, 2.23, 3.06, 3.51, 2.2, 2.46, 2.62, 2.61, 2.27, 2.05, 2.27, 2.5, 2.5, 2.32, 2.57, 2.31, 2.26, 3.64, 3.47, 3.58], [12.46, 12.05, 11.57, 10.8, 11.18, 11.54, 12.1, 12.24, 11.05, 9.48, 9.22, 9.32, 9.93, 10.73, 10.99, 12.25, 12.52, 12.61, 12.16, 12.11, 11.83, 11.56, 11.27, 11.27, 11.78, 10.67, 8.32, 6.26, 5.58, 5.48, 5.02, 4.79, 5.68, 6.75, 7.57, 8.05, 7.74, 7.92, 8.12, 7.5, 6.78, 6.59, 7.42, 7.54, 6.56, 6.55, 7.09, 7.26, 6.43, 4.93, 3.17, 2.48, 2.2, 1.55, 1.93, 1.44, 0.91, 0.72, 0.56, 0, 0.78, 1.38, 1.9, 2.95, 2.97, 2.71, 2.34, 2.15, 3.02, 3.47, 1.96, 2.32, 2.42, 2.45, 2.19, 1.89, 2.17, 2.42, 2.34, 2.16, 2.49, 2.17, 2.14, 3.62, 3.45, 3.56], [12.54, 12.15, 11.63, 10.84, 11.24, 11.6, 12.16, 12.32, 11.17, 9.72, 9.44, 9.54, 10.11, 10.91, 11.11, 12.37, 12.64, 12.85, 12.4, 12.31, 12.05, 11.8, 11.47, 11.39, 11.86, 10.79, 8.46, 6.4, 5.64, 5.54, 5.1, 5.05, 5.84, 6.87, 7.83, 8.27, 7.98, 8.16, 8.36, 7.68, 6.9, 6.77, 7.6, 7.72, 6.62, 6.47, 7.03, 7.2, 6.33, 4.87, 3.27, 2.7, 2.34, 1.79, 2.27, 1.86, 1.25, 0.7, 0.78, 0.78, 0, 1.22, 1.78, 2.99, 2.97, 2.69, 2.32, 2.15, 2.72, 3.19, 1.96, 2.38, 2.54, 2.49, 1.97, 1.91, 2.03, 2.34, 2.3, 2.06, 2.39, 2.15, 2.14, 3.62, 3.51, 3.64], [12.22, 11.85, 11.17, 10.48, 10.76, 11.14, 11.58, 11.9, 10.91, 9.6, 9.24, 9.34, 9.85, 10.69, 10.81, 12.05, 12.42, 12.73, 12.28, 12.19, 11.929, 11.679, 11.289, 11.121, 11.48, 10.47, 8.18, 6.12, 5.34, 5.12, 4.96, 4.93, 5.72, 6.71, 7.71, 8.15, 7.82, 8.04, 8.24, 7.5, 6.7, 6.57, 7.34, 7.52, 6.48, 6.11, 6.65, 6.7, 5.79, 4.33, 3.13, 2.56, 2.2, 1.85, 2.29, 1.84, 1.45, 1.24, 1.4, 1.38, 1.22, 0, 1.34, 2.39, 2.37, 2.19, 1.9, 1.83, 2.88, 3.29, 1.86, 2.04, 2.06, 2.13, 2.17, 1.65, 2.09, 2.02, 2.0, 1.7, 1.73, 1.75, 1.96, 3.32, 3.11, 3.28], [12.66, 12.31, 11.63, 10.94, 11.2, 11.6, 11.98, 12.34, 11.37, 10.04, 9.7, 9.8, 10.31, 11.13, 11.25, 12.51, 12.88, 13.17, 12.72, 12.63, 12.37, 12.12, 11.73, 11.555, 11.94, 10.93, 8.64, 6.58, 5.78, 5.5, 5.38, 5.37, 6.16, 7.15, 8.15, 8.59, 8.26, 8.48, 8.68, 7.94, 7.14, 7.03, 7.8, 7.98, 6.86, 6.43, 6.75, 6.92, 6.17, 4.75, 3.47, 2.9, 2.48, 2.25, 2.69, 2.4, 2.19, 1.98, 1.96, 1.9, 1.78, 1.34, 0, 1.59, 1.59, 1.33, 1.12, 1.61, 2.58, 2.89, 1.54, 1.62, 1.56, 1.79, 2.01, 1.33, 1.61, 1.34, 1.32, 1.4, 1.71, 1.77, 1.96, 3.7, 3.55, 3.68], [12.25, 11.9, 11.24, 10.53, 10.77, 11.15, 11.55, 11.95, 10.98, 9.67, 9.29, 9.41, 9.9, 10.76, 10.86, 12.1, 12.49, 12.8, 12.35, 12.26, 11.996, 11.746, 11.356, 11.179, 11.51, 10.52, 8.23, 6.17, 5.37, 5.07, 5.01, 5.0, 5.79, 6.78, 7.78, 8.22, 7.89, 8.11, 8.31, 7.57, 6.77, 6.64, 7.39, 7.57, 6.45, 6.02, 6.34, 6.51, 5.76, 4.34, 3.02, 2.51, 2.41, 2.72, 3.04, 2.77, 2.86, 3.19, 3.11, 2.95, 2.99, 2.39, 1.59, 0, 0.6, 0.82, 1.13, 2.04, 3.17, 3.5, 2.33, 2.27, 2.21, 2.36, 2.76, 2.2, 2.64, 2.37, 1.97, 1.79, 1.8, 1.98, 2.15, 3.35, 3.16, 3.37], [12.19, 11.88, 11.24, 10.51, 10.69, 11.13, 11.47, 11.943, 10.98, 9.67, 9.29, 9.41, 9.9, 10.76, 10.86, 12.08, 12.49, 12.8, 12.35, 12.26, 11.993, 11.743, 11.353, 11.176, 11.51, 10.5, 8.17, 6.13, 5.35, 4.99, 5.01, 5.0, 5.79, 6.78, 7.78, 8.22, 7.89, 8.11, 8.31, 7.57, 6.77, 6.64, 7.37, 7.55, 6.43, 6.0, 6.28, 6.49, 5.74, 4.3, 3.06, 2.47, 2.35, 2.62, 2.9, 2.71, 2.78, 3.17, 3.11, 2.97, 2.97, 2.37, 1.59, 0.6, 0, 0.6, 1.13, 2.12, 3.33, 3.6, 2.33, 2.27, 2.11, 2.26, 2.64, 2.14, 2.54, 2.33, 1.93, 1.59, 1.62, 1.78, 1.97, 3.35, 3.16, 3.29], [12.35, 12.06, 11.42, 10.69, 10.83, 11.31, 11.63, 12.123, 11.16, 9.85, 9.47, 9.59, 10.08, 10.94, 11.04, 12.26, 12.67, 12.98, 12.53, 12.44, 12.173, 11.923, 11.533, 11.356, 11.69, 10.68, 8.33, 6.33, 5.53, 5.15, 5.19, 5.18, 5.97, 6.96, 7.96, 8.4, 8.07, 8.29, 8.49, 7.77, 6.99, 6.84, 7.57, 7.75, 6.63, 6.18, 6.44, 6.67, 5.92, 4.52, 3.24, 2.69, 2.47, 2.54, 3.02, 2.73, 2.7, 2.95, 2.87, 2.71, 2.69, 2.19, 1.33, 0.82, 0.6, 0, 0.91, 2.0, 3.23, 3.46, 2.13, 2.07, 1.89, 2.04, 2.28, 1.92, 2.32, 2.07, 1.71, 1.45, 1.66, 1.92, 2.09, 3.55, 3.36, 3.41], [12.48, 12.15, 11.49, 10.78, 11.0, 11.4, 11.76, 12.2, 11.23, 9.92, 9.54, 9.66, 10.15, 11.01, 11.11, 12.35, 12.74, 13.05, 12.6, 12.51, 12.246, 11.996, 11.606, 11.429, 11.76, 10.77, 8.46, 6.44, 5.62, 5.28, 5.26, 5.25, 6.04, 7.05, 8.03, 8.47, 8.14, 8.36, 8.56, 7.86, 7.08, 6.93, 7.68, 7.86, 6.74, 6.29, 6.57, 6.76, 6.01, 4.63, 3.33, 2.74, 2.34, 2.33, 2.91, 2.52, 2.43, 2.54, 2.48, 2.34, 2.32, 1.9, 1.12, 1.13, 1.13, 0.91, 0, 1.55, 2.74, 3.05, 1.6, 1.52, 1.5, 1.73, 1.93, 1.61, 1.91, 1.5, 1.24, 1.44, 1.71, 1.75, 2.02, 3.64, 3.45, 3.56], [13.59, 13.28, 12.68, 11.89, 12.17, 12.59, 13.01, 13.41, 12.4, 11.09, 10.71, 10.83, 11.32, 12.18, 12.32, 13.48, 13.91, 14.22, 13.77, 13.68, 13.408, 13.158, 12.768, 12.614, 12.99, 11.9, 9.49, 7.51, 6.79, 6.53, 6.43, 6.42, 7.21, 8.2, 9.2, 9.64, 9.31, 9.53, 9.73, 8.99, 8.21, 8.06, 8.75, 8.93, 7.83, 7.38, 7.64, 7.87, 7.12, 5.72, 4.46, 3.87, 3.37, 2.96, 3.54, 2.91, 2.54, 2.33, 2.23, 2.15, 2.15, 1.83, 1.61, 2.04, 2.12, 2.0, 1.55, 0, 1.73, 2.02, 1.07, 1.07, 1.37, 1.44, 1.74, 1.38, 1.66, 1.71, 1.83, 2.39, 2.68, 2.48, 2.69, 4.79, 4.6, 4.71], [14.94, 14.55, 13.97, 13.2, 13.46, 13.82, 14.3, 14.68, 13.69, 12.38, 12.0, 12.12, 12.61, 13.47, 13.57, 14.75, 15.2, 15.51, 15.06, 14.97, 14.695, 14.445, 14.07, 13.898, 14.24, 13.19, 10.88, 8.82, 8.04, 7.8, 7.72, 7.71, 8.5, 9.49, 10.55, 10.99, 10.62, 10.82, 11.02, 10.3, 9.52, 9.39, 10.08, 10.26, 9.18, 8.65, 8.99, 9.16, 8.39, 7.05, 5.75, 5.12, 4.62, 4.23, 4.83, 4.18, 3.59, 3.04, 3.06, 3.02, 2.72, 2.88, 2.58, 3.17, 3.33, 3.23, 2.74, 1.73, 0, 0.99, 1.5, 1.8, 2.12, 2.07, 1.91, 2.23, 1.97, 2.6, 2.68, 3.64, 3.97, 3.77, 3.94, 6.04, 5.89, 6.0], [15.33, 14.98, 14.38, 13.61, 13.83, 14.23, 14.61, 15.078, 14.12, 12.81, 12.43, 12.55, 13.04, 13.9, 14.02, 15.18, 15.63, 15.94, 15.49, 15.4, 15.128, 14.878, 14.488, 14.311, 14.65, 13.64, 11.31, 9.25, 8.49, 8.17, 8.15, 8.14, 8.93, 9.92, 11.0, 11.44, 11.07, 11.27, 11.47, 10.75, 9.97, 9.84, 10.55, 10.73, 9.63, 9.12, 9.4, 9.59, 8.86, 7.48, 6.2, 5.57, 5.07, 4.68, 5.28, 4.63, 4.04, 3.49, 3.51, 3.47, 3.19, 3.29, 2.89, 3.5, 3.6, 3.46, 3.05, 2.02, 0.99, 0, 1.69, 1.99, 2.03, 2.02, 2.02, 2.3, 2.1, 2.55, 2.93, 4.01, 4.34, 4.18, 4.35, 6.47, 6.3, 6.39], [13.7, 13.39, 12.75, 12.02, 12.2, 12.66, 13.0, 13.46, 12.49, 11.18, 10.8, 10.94, 11.43, 12.29, 12.41, 13.59, 14.0, 14.33, 13.86, 13.77, 13.503, 13.26, 12.863, 12.686, 13.04, 12.07, 9.72, 7.68, 6.9, 6.56, 6.52, 6.51, 7.3, 8.29, 9.39, 9.83, 9.46, 9.66, 9.86, 9.14, 8.36, 8.23, 8.98, 9.16, 8.04, 7.55, 7.79, 8.02, 7.29, 5.91, 4.59, 3.96, 3.46, 3.07, 3.67, 3.02, 2.49, 2.22, 2.2, 1.96, 1.96, 1.86, 1.54, 2.33, 2.33, 2.13, 1.6, 1.07, 1.5, 1.69, 0, 0.92, 0.96, 1.09, 1.15, 1.13, 1.39, 1.58, 1.64, 2.42, 2.75, 2.55, 2.74, 4.84, 4.69, 4.76], [13.54, 13.25, 12.61, 11.88, 12.02, 12.5, 12.82, 13.313, 12.35, 11.04, 10.66, 10.8, 11.29, 12.15, 12.27, 13.45, 13.86, 14.19, 13.72, 13.63, 13.363, 13.12, 12.723, 12.546, 12.9, 11.93, 9.56, 7.54, 6.76, 6.38, 6.38, 6.37, 7.16, 8.15, 9.25, 9.69, 9.32, 9.52, 9.72, 9.0, 8.22, 8.09, 8.84, 9.02, 7.9, 7.41, 7.63, 7.88, 7.15, 5.77, 4.45, 3.82, 3.32, 2.93, 3.53, 2.92, 2.67, 2.5, 2.46, 2.32, 2.38, 2.04, 1.62, 2.27, 2.27, 2.07, 1.52, 1.07, 1.8, 1.99, 0.92, 0, 0.9, 1.13, 1.57, 1.09, 1.53, 1.32, 1.44, 2.28, 2.61, 2.41, 2.6, 4.7, 4.55, 4.62], [13.52, 13.21, 12.59, 11.84, 12.0, 12.46, 12.8, 13.291, 12.33, 11.02, 10.64, 10.78, 11.27, 12.13, 12.25, 13.41, 13.84, 14.17, 13.7, 13.61, 13.341, 13.1, 12.701, 12.523, 12.88, 11.89, 9.54, 7.5, 6.72, 6.36, 6.36, 6.35, 7.14, 8.13, 9.23, 9.67, 9.3, 9.5, 9.7, 8.98, 8.2, 8.07, 8.8, 8.98, 7.86, 7.37, 7.61, 7.84, 7.11, 5.73, 4.43, 3.8, 3.3, 2.99, 3.57, 2.96, 2.81, 2.68, 2.62, 2.42, 2.54, 2.06, 1.56, 2.21, 2.11, 1.89, 1.5, 1.37, 2.12, 2.03, 0.96, 0.9, 0, 0.73, 1.39, 0.89, 1.51, 1.34, 1.36, 2.22, 2.61, 2.47, 2.62, 4.68, 4.53, 4.6], [13.61, 13.3, 12.693, 11.93, 12.09, 12.55, 12.91, 13.386, 12.433, 11.123, 10.75, 10.87, 11.36, 12.22, 12.34, 13.46, 13.95, 14.26, 13.81, 13.713, 13.436, 13.186, 12.796, 12.619, 12.97, 11.92, 9.51, 7.51, 6.81, 6.45, 6.47, 6.46, 7.25, 8.24, 9.32, 9.76, 9.39, 9.59, 9.79, 9.07, 8.29, 8.16, 8.79, 8.97, 7.95, 7.36, 7.62, 7.83, 7.1, 5.72, 4.52, 3.89, 3.39, 3.0, 3.6, 2.99, 2.76, 2.67, 2.61, 2.45, 2.49, 2.13, 1.79, 2.36, 2.26, 2.04, 1.73, 1.44, 2.07, 2.02, 1.09, 1.13, 0.73, 0, 1.08, 1.04, 1.34, 1.51, 1.51, 2.31, 2.72, 2.54, 2.67, 4.79, 4.62, 4.69], [13.83, 13.53, 12.93, 12.17, 12.33, 12.78, 13.143, 13.623, 12.67, 11.36, 10.99, 11.11, 11.6, 12.46, 12.56, 13.7, 14.19, 14.5, 14.05, 13.95, 13.673, 13.423, 13.033, 12.856, 13.21, 12.14, 9.69, 7.73, 7.03, 6.67, 6.71, 6.7, 7.49, 8.48, 9.54, 9.98, 9.61, 9.81, 10.01, 9.29, 8.51, 8.38, 9.01, 9.17, 8.17, 7.56, 7.86, 8.05, 7.3, 5.94, 4.74, 4.15, 3.67, 3.24, 3.82, 3.21, 2.64, 2.31, 2.27, 2.19, 1.97, 2.17, 2.01, 2.76, 2.64, 2.28, 1.93, 1.74, 1.91, 2.02, 1.15, 1.57, 1.39, 1.08, 0, 1.18, 1.2, 1.83, 1.99, 2.61, 2.98, 2.8, 2.95, 5.03, 4.86, 4.91], [13.27, 12.96, 12.34, 11.59, 11.75, 12.21, 12.55, 13.041, 12.08, 10.77, 10.39, 10.51, 11.0, 11.86, 11.96, 13.16, 13.59, 13.9, 13.45, 13.36, 13.091, 12.841, 12.451, 12.273, 12.61, 11.6, 9.25, 7.21, 6.43, 6.07, 6.11, 6.1, 6.89, 7.88, 8.94, 9.38, 9.01, 9.21, 9.41, 8.69, 7.91, 7.78, 8.51, 8.69, 7.57, 7.08, 7.36, 7.57, 6.82, 5.44, 4.2, 3.65, 3.19, 2.78, 3.28, 2.79, 2.44, 2.11, 2.05, 1.89, 1.91, 1.65, 1.33, 2.2, 2.14, 1.92, 1.61, 1.38, 2.23, 2.3, 1.13, 1.09, 0.89, 1.04, 1.18, 0, 1.06, 1.03, 1.19, 2.03, 2.4, 2.18, 2.37, 4.43, 4.