[[0, 0.74, 0.94, 1.2, 1.0, 1.53, 2.08, 2.11, 2.05, 2.2, 2.02, 2.06, 2.869, 3.95, 4.31, 4.51, 3.69, 3.39, 3.36, 3.3, 3.26, 3.4, 3.4, 3.2, 3.16, 3.62, 3.61, 3.43, 3.85, 3.88, 4.11, 4.07, 4.66, 6.76, 7.831, 8.901, 9.213, 9.443, 8.515, 7.15, 7.238, 6.855, 7.323, 7.741, 7.616, 7.793, 9.466, 10.663, 12.118, 12.45, 11.84, 11.32, 11.609, 12.66, 14.13, 14.438, 14.698, 13.948, 12.46, 9.6, 7.25, 7.28, 7.11, 6.62, 6.19, 6.078, 6.068, 6.29, 5.47, 3.51, 1.97, 1.51, 1.56, 1.8, 2.27, 2.86, 2.73, 2.13, 2.03, 2.41, 2.81, 2.49, 1.77, 1.98, 2.59, 3.03], [0.74, 0, 0.76, 0.96, 0.94, 1.21, 1.94, 2.11, 2.07, 2.12, 2.06, 2.12, 2.892, 3.95, 4.289, 4.49, 3.67, 3.43, 3.48, 3.38, 3.3, 3.4, 3.42, 3.2, 3.16, 3.54, 3.45, 3.33, 3.93, 3.86, 4.01, 3.97, 4.56, 6.76, 7.86, 8.93, 9.231, 9.461, 8.53, 7.15, 7.25, 6.87, 7.341, 7.758, 7.633, 7.811, 9.483, 10.681, 12.135, 12.47, 11.86, 11.34, 11.63, 12.68, 14.15, 14.45, 14.71, 13.96, 12.46, 9.58, 7.25, 7.26, 7.11, 6.62, 6.19, 6.09, 6.08, 6.289, 5.45, 3.53, 1.85, 1.55, 1.44, 1.72, 2.23, 2.84, 2.69, 2.15, 2.05, 2.41, 2.81, 2.55, 1.83, 1.96, 2.49, 2.85], [0.94, 0.76, 0, 0.56, 0.76, 1.41, 2.18, 2.29, 2.25, 2.36, 2.2, 2.08, 2.82, 3.93, 4.23, 4.43, 3.75, 3.97, 4.04, 3.92, 3.88, 3.98, 4.0, 3.78, 3.74, 4.08, 3.99, 3.89, 4.27, 4.38, 4.51, 4.41, 4.88, 6.86, 8.0, 9.13, 9.44, 9.67, 8.73, 7.35, 7.41, 7.03, 7.53, 7.97, 7.84, 8.02, 9.69, 10.89, 12.33, 12.69, 12.02, 11.56, 11.85, 12.9, 14.37, 14.67, 14.85, 14.1, 12.6, 9.74, 7.43, 7.4, 7.31, 6.82, 6.39, 6.29, 6.28, 6.49, 5.63, 3.69, 2.13, 1.63, 1.6, 1.88, 2.39, 3.02, 2.89, 2.39, 2.19, 2.57, 3.03, 2.75, 1.95, 2.06, 2.61, 2.97], [1.2, 0.96, 0.56, 0, 0.82, 1.37, 2.04, 2.15, 2.21, 2.32, 2.12, 2.02, 2.62, 3.65, 3.95, 4.15, 3.75, 4.01, 4.1, 3.98, 3.94, 4.02, 4.02, 3.8, 3.8, 4.18, 4.09, 3.99, 4.47, 4.46, 4.53, 4.55, 5.18, 7.22, 8.36, 9.49, 9.8, 10.03, 9.09, 7.71, 7.77, 7.39, 7.89, 8.33, 8.2, 8.38, 10.05, 11.25, 12.69, 13.07, 12.4, 11.94, 12.23, 13.28, 14.75, 15.05, 15.21, 14.46, 12.96, 10.1, 7.79, 7.76, 7.67, 7.18, 6.75, 6.65, 6.64, 6.85, 6.01, 4.05, 2.43, 1.83, 1.86, 2.1, 2.73, 3.4, 3.27, 2.75, 2.57, 2.95, 3.39, 3.07, 2.29, 2.42, 2.97, 3.33], [1.0, 0.94, 0.76, 0.82, 0, 1.15, 1.88, 2.05, 2.03, 2.14, 2.0, 1.86, 2.62, 3.57, 3.85, 4.07, 3.47, 3.65, 3.72, 3.6, 3.56, 3.68, 3.86, 3.68, 3.56, 4.08, 4.05, 3.97, 4.49, 4.38, 4.55, 4.61, 5.32, 7.32, 8.38, 9.45, 9.76, 9.93, 8.99, 7.65, 7.77, 7.39, 7.87, 8.29, 8.1, 8.28, 9.95, 11.21, 12.67, 12.99, 12.42, 11.9, 12.17, 13.2, 14.65, 14.97, 15.23, 14.48, 12.86, 10.0, 7.71, 7.68, 7.57, 7.1, 6.67, 6.55, 6.56, 6.77, 5.99, 4.07, 2.47, 1.75, 1.78, 2.06, 2.75, 3.42, 3.25, 2.71, 2.57, 2.97, 3.35, 3.07, 2.31, 2.42, 2.95, 3.27], [1.53, 1.21, 1.41, 1.37, 1.15, 0, 1.25, 1.7, 1.68, 1.81, 1.81, 1.73, 2.57, 3.432, 3.76, 3.94, 3.24, 3.1, 3.19, 2.99, 2.97, 3.15, 3.37, 3.35, 3.23, 3.77, 3.82, 3.8, 4.36, 4.19, 4.18, 4.38, 5.23, 7.35, 8.41, 9.48, 9.79, 9.96, 8.98, 7.68, 7.8, 7.42, 7.9, 8.32, 8.13, 8.27, 9.96, 11.24, 12.7, 13.02, 12.45, 11.93, 12.2, 13.23, 14.66, 15.0, 15.26, 14.51, 12.83, 9.93, 7.7, 7.71, 7.54, 7.03, 6.62, 6.58, 6.49, 6.7, 5.9, 4.16, 2.58, 2.24, 2.13, 2.39, 2.84, 3.43, 3.3, 2.56, 2.48, 2.9, 3.24, 2.9, 2.28, 2.39, 2.92, 3.26], [2.08, 1.94, 2.18, 2.04, 1.88, 1.25, 0, 0.85, 1.17, 1.2, 1.28, 1.2, 1.66, 2.464, 2.97, 3.23, 2.65, 2.93, 2.98, 2.84, 2.96, 3.2, 3.62, 3.74, 3.6, 4.04, 4.19, 4.33, 4.83, 4.62, 4.53, 4.77, 6.0, 8.26, 9.36, 10.43, 10.74, 10.91, 9.93, 8.63, 8.75, 8.37, 8.85, 9.27, 9.08, 9.22, 10.91, 12.19, 13.65, 13.97, 13.4, 12.88, 13.15, 14.18, 15.61, 15.95, 16.21, 15.46, 13.84, 10.94, 8.65, 8.68, 8.51, 7.98, 7.55, 7.53, 7.44, 7.65, 6.79, 4.91, 3.25, 2.87, 2.78, 3.1, 3.59, 4.38, 4.17, 3.49, 3.31, 3.73, 4.17, 3.75, 3.07, 3.24, 3.91, 4.31], [2.11, 2.11, 2.29, 2.15, 2.05, 1.7, 0.85, 0, 0.66, 0.85, 0.95, 1.01, 1.43, 2.26, 3.06, 3.3, 2.82, 3.14, 3.21, 3.27, 3.41, 3.61, 3.99, 4.05, 3.89, 4.39, 4.44, 4.54, 5.02, 4.85, 4.84, 5.18, 6.21, 8.502, 9.73, 10.8, 11.049, 11.228, 10.277, 8.98, 9.091, 8.705, 9.156, 9.579, 9.398, 9.543, 11.251, 12.539, 13.956, 14.259, 13.674, 13.17, 13.44, 14.47, 15.9, 16.245, 16.548, 15.81, 14.31, 11.45, 9.1, 9.13, 8.94, 8.367, 7.917, 7.871, 7.827, 8.02, 7.16, 5.04, 3.38, 3.04, 2.89, 3.29, 3.82, 4.53, 4.42, 3.82, 3.64, 4.06, 4.42, 4.1, 3.34, 3.57, 4.16, 4.56], [2.05, 2.07, 2.25, 2.21, 2.03, 1.68, 1.17, 0.66, 0, 0.53, 0.73, 0.85, 1.41, 2.32, 3.2, 3.52, 2.8, 3.12, 3.19, 3.31, 3.51, 3.69, 4.05, 4.11, 3.93, 4.49, 4.56, 4.52, 5.04, 4.87, 4.9, 5.16, 6.17, 8.445, 9.643, 10.72, 10.992, 11.171, 10.208, 8.929, 9.031, 8.648, 9.099, 9.522, 9.349, 9.486, 11.179, 12.442, 13.899, 14.193, 13.597, 13.106, 13.379, 14.392, 15.833, 16.168, 16.491, 15.741, 14.222, 11.364, 9.009, 9.042, 8.852, 8.304, 7.877, 7.811, 7.77, 7.989, 7.1, 4.92, 3.32, 2.9, 2.83, 3.17, 3.66, 4.41, 4.3, 3.72, 3.54, 3.98, 4.36, 4.0, 3.2, 3.41, 4.02, 4.42], [2.2, 2.12, 2.36, 2.32, 2.14, 1.81, 1.2, 0.85, 0.53, 0, 0.6, 0.76, 1.32, 2.29, 3.19, 3.51, 2.77, 3.13, 3.22, 3.24, 3.4, 3.68, 4.14, 4.18, 4.02, 4.56, 4.67, 4.57, 5.07, 4.9, 4.93, 5.13, 6.242, 8.564, 9.763, 10.833, 11.107, 11.277, 10.358, 9.03, 9.138, 8.755, 9.212, 9.64, 9.456, 9.633, 11.309, 12.569, 14.006, 14.286, 13.713, 13.205, 13.478, 14.491, 15.949, 16.26, 16.592, 15.854, 14.332, 11.437, 9.122, 9.134, 8.979, 8.454, 8.03, 7.918, 7.92, 8.118, 7.27, 5.05, 3.43, 2.97, 2.94, 3.28, 3.79, 4.46, 4.37, 3.85, 3.65, 4.085, 4.49, 4.07, 3.33, 3.48, 4.05, 4.47], [2.02, 2.06, 2.2, 2.12, 2.0, 1.81, 1.28, 0.95, 0.73, 0.6, 0, 0.48, 1.34, 2.29, 3.21, 3.53, 2.87, 3.11, 3.22, 3.2, 3.38, 3.64, 4.08, 4.16, 3.98, 4.5, 4.61, 4.55, 5.03, 4.86, 4.83, 5.07, 6.16, 8.465, 9.626, 10.696, 10.988, 11.178, 10.267, 8.918, 9.044, 8.638, 9.08, 9.518, 9.339, 9.531, 11.204, 12.447, 13.898, 14.152, 13.588, 13.08, 13.35, 14.377, 15.832, 16.146, 16.495, 15.76, 14.283, 11.395, 9.07, 9.086, 8.93, 8.397, 7.947, 7.844, 7.843, 8.021, 7.25, 5.03, 3.41, 2.93, 2.88, 3.26, 3.73, 4.36, 4.29, 3.77, 3.63, 4.03, 4.47, 4.03, 3.33, 3.48, 4.01, 4.49], [2.06, 2.12, 2.08, 2.02, 1.86, 1.73, 1.2, 1.01, 0.85, 0.76, 0.48, 0, 1.12, 2.09, 2.95, 3.27, 2.65, 3.03, 3.14, 3.16, 3.34, 3.62, 4.1, 4.18, 4.04, 4.52, 4.65, 4.65, 5.15, 4.96, 4.87, 5.13, 6.3, 8.545, 9.706, 10.776, 11.068, 11.238, 10.347, 9.018, 9.144, 8.738, 9.169, 9.598, 9.399, 9.591, 11.264, 12.527, 13.978, 14.232, 13.668, 13.16, 13.43, 14.457, 15.892, 16.203, 16.595, 15.86, 14.363, 11.472, 9.15, 9.166, 9.01, 8.477, 8.01, 7.924, 7.923, 8.09, 7.293, 5.07, 3.33, 2.77, 2.88, 3.2, 3.75, 4.42, 4.33, 3.85, 3.67, 4.079, 4.527, 4.09, 3.37, 3.48, 4.03, 4.51], [2.869, 2.892, 2.82, 2.62, 2.62, 2.57, 1.66, 1.43, 1.41, 1.32, 1.34, 1.12, 0, 1.45, 2.19, 2.41, 2.09, 2.61, 2.84, 3.1, 3.34, 3.82, 4.54, 4.66, 4.56, 5.1, 5.29, 5.29, 5.73, 5.48, 5.29, 5.61, 7.122, 9.522, 10.673, 11.743, 12.047, 12.257, 11.332, 9.961, 10.075, 9.686, 10.152, 10.572, 10.422, 10.607, 12.28, 13.497, 14.949, 15.245, 14.653, 14.133, 14.401, 15.453, 16.929, 17.219, 17.532, 16.785, 15.252, 12.377, 10.062, 10.054, 9.939, 9.428, 8.995, 8.895, 8.891, 9.098, 8.21, 5.97, 4.21, 3.61, 3.64, 4.08, 4.69, 5.38, 5.35, 4.83, 4.63, 5.059, 5.447, 5.05, 4.23, 4.36, 4.91, 5.39], [3.95, 3.95, 3.93, 3.65, 3.57, 3.432, 2.464, 2.26, 2.32, 2.29, 2.29, 2.09, 1.45, 0, 1.22, 1.6, 1.62, 2.54, 2.81, 3.31, 3.53, 4.09, 4.83, 5.352, 5.33, 5.872, 6.216, 6.26, 6.66, 6.15, 5.78, 6.22, 8.157, 10.527, 11.706, 12.784, 13.077, 13.256, 12.302, 11.005, 11.122, 10.721, 11.166, 11.607, 11.417, 11.574, 13.264, 14.536, 15.984, 16.247, 15.668, 15.169, 15.442, 16.472, 17.893, 18.24, 18.573, 17.838, 16.147, 13.287, 10.991, 10.99, 10.866, 10.338, 9.925, 9.902, 9.821, 10.013, 9.1, 6.86, 5.12, 4.54, 4.49, 4.93, 5.634, 6.418, 6.313, 5.714, 5.514, 5.951, 6.397, 5.954, 5.14, 5.27, 5.84, 6.26], [4.31, 4.289, 4.23, 3.95, 3.85, 3.76, 2.97, 3.06, 3.2, 3.19, 3.21, 2.95, 2.19, 1.22, 0, 0.8, 1.22, 2.32, 2.57, 3.19, 3.43, 4.063, 4.95, 5.683, 5.68, 6.262, 6.606, 6.627, 7.018, 6.454, 5.924, 6.458, 8.528, 10.918, 12.087, 13.166, 13.47, 13.649, 12.69, 11.387, 11.492, 11.103, 11.572, 11.995, 11.813, 11.965, 13.655, 14.92, 16.369, 16.654, 16.074, 15.556, 15.826, 16.862, 18.303, 18.628, 18.946, 18.199, 16.49, 13.63, 11.379, 11.386, 11.259, 10.734, 10.325, 10.287, 10.214, 10.422, 9.462, 7.242, 5.48, 4.9, 4.85, 5.35, 6.04, 6.795, 6.728, 6.105, 5.888, 6.342, 6.759, 6.308, 5.5, 5.61, 6.14, 6.6], [4.51, 4.49, 4.43, 4.15, 4.07, 3.94, 3.23, 3.3, 3.52, 3.51, 3.53, 3.27, 2.41, 1.6, 0.8, 0, 1.24, 2.46, 2.71, 3.33, 3.59, 4.23, 5.11, 5.843, 5.84, 6.423, 6.766, 6.787, 7.178, 6.614, 6.084, 6.66, 8.702, 11.084, 12.277, 13.356, 13.633, 13.812, 12.861, 11.562, 11.658, 11.278, 11.749, 12.163, 11.988, 12.131, 13.824, 15.092, 16.537, 16.815, 16.234, 15.743, 16.016, 17.042, 18.463, 18.788, 19.106, 18.371, 16.69, 13.81, 11.56, 11.57, 11.44, 10.912, 10.493, 10.453, 10.383, 10.599, 9.634, 7.42, 5.68, 5.06, 5.09, 5.57, 6.2, 6.99, 6.92, 6.28, 6.06, 6.52, 6.931, 6.48, 5.7, 5.81, 6.36, 6.84], [3.69, 3.67, 3.75, 3.75, 3.47, 3.24, 2.65, 2.82, 2.8, 2.77, 2.87, 2.65, 2.09, 1.62, 1.22, 1.24, 0, 1.42, 1.71, 2.39, 2.71, 3.27, 4.15, 4.832, 4.829, 5.412, 5.741, 5.759, 6.146, 5.557, 5.064, 5.64, 7.702, 10.076, 11.257, 12.336, 12.622, 12.801, 11.853, 10.565, 10.673, 10.29, 10.726, 11.164, 10.986, 11.126, 12.821, 14.087, 15.529, 15.795, 15.216, 14.72, 14.993, 16.02, 17.444, 17.771, 18.115, 17.389, 15.75, 12.89, 10.58, 10.55, 10.454, 9.952, 9.525, 9.447, 9.412, 9.64, 8.72, 6.5, 4.86, 4.3, 4.35, 4.65, 5.26, 5.99, 5.9, 5.34, 5.16, 5.58, 5.98, 5.56, 4.82, 4.93, 5.5, 5.92], [3.39, 3.43, 3.97, 4.01, 3.65, 3.1, 2.93, 3.14, 3.12, 3.13, 3.11, 3.03, 2.61, 2.54, 2.32, 2.46, 1.42, 0, 0.69, 1.27, 1.49, 2.01, 2.87, 3.604, 3.57, 4.132, 4.442, 4.479, 4.867, 4.31, 3.78, 4.52, 6.456, 8.805, 10.003, 11.062, 11.355, 11.525, 10.588, 9.332, 9.391, 9.029, 9.496, 9.882, 9.709, 9.855, 11.539, 12.846, 14.238, 14.536, 13.945, 13.429, 13.702, 14.726, 16.144, 16.474, 16.818, 16.113, 14.642, 11.807, 9.412, 9.462, 9.294, 8.699, 8.277, 8.191, 8.141, 8.44, 7.66, 5.8, 4.32, 4.16, 4.07, 4.09, 4.52, 5.01, 4.88, 4.24, 4.3, 4.76, 4.86, 4.48, 4.06, 4.11, 4.64, 5.08], [3.36, 3.48, 4.04, 4.1, 3.72, 3.19, 2.98, 3.21, 3.19, 3.22, 3.22, 3.14, 2.84, 2.81, 2.57, 2.71, 1.71, 0.69, 0, 1.0, 1.3, 1.74, 2.6, 3.34, 3.297, 3.845, 4.175, 4.189, 4.577, 4.02, 3.49, 4.25, 6.179, 8.524, 9.745, 10.823, 11.073, 11.243, 10.301, 9.053, 9.136, 8.767, 9.197, 9.672, 9.5, 9.616, 11.272, 12.56, 13.971, 14.266, 13.658, 13.162, 13.435, 14.459, 15.877, 16.207, 16.551, 15.846, 14.363, 11.54, 9.15, 9.2, 9.01, 8.429, 8.01, 7.95, 7.88, 8.19, 7.53, 5.73, 4.23, 4.03, 3.98, 4.0, 4.41, 4.98, 4.73, 4.01, 4.09, 4.59, 4.59, 4.19, 3.89, 3.94, 4.57, 4.97], [3.3, 3.38, 3.92, 3.98, 3.6, 2.99, 2.84, 3.27, 3.31, 3.24, 3.2, 3.16, 3.1, 3.31, 3.19, 3.33, 2.39, 1.27, 1.0, 0, 0.78, 1.2, 2.0, 2.663, 2.68, 3.142, 3.506, 3.497, 3.93, 3.38, 2.91, 3.67, 5.487, 7.838, 9.036, 10.095, 10.385, 10.563, 9.589, 8.37, 8.467, 8.061, 8.512, 8.999, 8.832, 8.919, 10.586, 11.835, 13.271, 13.561, 13.01, 12.465, 12.738, 13.762, 15.183, 15.507, 15.86, 15.125, 13.577, 10.843, 8.419, 8.443, 8.313, 7.737, 7.37, 7.284, 7.114, 7.61, 7.05, 5.43, 4.01, 3.79, 3.66, 3.74, 4.17, 4.68, 4.39, 3.61, 3.73, 4.27, 4.03, 3.69, 3.57, 3.52, 4.17, 4.39], [3.26, 3.3, 3.88, 3.94, 3.56, 2.97, 2.96, 3.41, 3.51, 3.4, 3.38, 3.34, 3.34, 3.53, 3.43, 3.59, 2.71, 1.49, 1.3, 0.78, 0, 0.84, 1.56, 2.386, 2.36, 2.842, 3.226, 3.2, 3.617, 3.06, 2.61, 3.29, 5.187, 7.549, 8.756, 9.835, 10.105, 10.272, 9.306, 8.078, 8.167, 7.749, 8.212, 8.759, 8.615, 8.735, 10.306, 11.555, 12.973, 13.281, 12.69, 12.185, 12.458, 13.482, 14.891, 15.216, 15.553, 14.836, 13.274, 10.486, 8.185, 8.186, 8.002, 7.46, 7.09, 7.07, 6.9, 7.41, 6.91, 5.39, 3.95, 3.81, 3.7, 3.78, 4.15, 4.64, 4.33, 3.51, 3.65, 4.13, 3.79, 3.55, 3.53, 3.48, 4.15, 4.31], [3.4, 3.4, 3.98, 4.02, 3.68, 3.15, 3.2, 3.61, 3.69, 3.68, 3.64, 3.62, 3.82, 4.09, 4.063, 4.23, 3.27, 2.01, 1.74, 1.2, 0.84, 0, 1.16, 1.94, 1.9, 2.32, 2.63, 2.61, 3.01, 2.56, 2.11, 2.87, 4.66, 6.955, 8.18, 9.247, 9.542, 9.658, 8.698, 7.55, 7.579, 7.176, 7.67, 8.29, 8.16, 8.18, 9.73, 10.99, 12.366, 12.69, 12.16, 11.62, 11.87, 12.848, 14.251, 14.587, 14.931, 14.231, 12.794, 10.14, 7.81, 7.76, 7.61, 7.04, 6.73, 6.57, 6.46, 7.15, 6.81, 5.41, 3.99, 3.87, 3.8, 3.82, 4.15, 4.64, 4.33, 3.55, 3.71, 4.15, 3.71, 3.51, 3.61, 3.62, 4.29, 4.47], [3.4, 3.42, 4.0, 4.02, 3.86, 3.37, 3.62, 3.99, 4.05, 4.14, 4.08, 4.1, 4.54, 4.83, 4.95, 5.11, 4.15, 2.87, 2.6, 2.0, 1.56, 1.16, 0, 1.02, 1.24, 1.68, 2.03, 1.91, 2.19, 1.72, 1.33, 1.93, 3.72, 6.155, 7.28, 8.339, 8.622, 8.775, 7.807, 6.607, 6.679, 6.27, 6.729, 7.33, 7.3, 7.5, 8.87, 10.096, 11.506, 11.778, 11.193, 10.717, 10.967, 11.988, 13.38, 13.704, 14.074, 13.366, 11.906, 9.2, 6.99, 6.86, 6.85, 6.4, 6.11, 6.17, 5.88, 6.63, 6.33, 5.05, 3.61, 3.55, 3.52, 3.54, 3.83, 4.28, 3.99, 3.17, 3.43, 3.83, 3.25, 3.13, 3.35, 3.34, 4.01, 4.19], [3.2, 3.2, 3.78, 3.8, 3.68, 3.35, 3.74, 4.05, 4.11, 4.18, 4.16, 4.18, 4.66, 5.352, 5.683, 5.843, 4.832, 3.604, 3.34, 2.663, 2.386, 1.94, 1.02, 0, 0.5, 1.18, 1.43, 1.37, 1.65, 1.36, 1.35, 1.71, 3.08, 5.48, 6.6, 7.67, 7.9, 8.05, 7.13, 5.93, 5.97, 5.53, 5.95, 6.51, 6.64, 6.94, 8.23, 9.35, 10.83, 10.975, 10.46, 10.0, 10.267, 11.274, 12.638, 12.963, 13.389, 12.7, 11.28, 8.68, 6.49, 6.32, 6.33, 5.96, 5.55, 5.65, 5.38, 5.99, 5.81, 4.53, 3.17, 3.15, 3.1, 3.02, 3.31, 3.74, 3.43, 2.87, 3.07, 3.39, 2.69, 2.63, 3.03, 3.08, 3.63, 3.87], [3.16, 3.16, 3.74, 3.8, 3.56, 3.23, 3.6, 3.89, 3.93, 4.02, 3.98, 4.04, 4.56, 5.33, 5.68, 5.84, 4.829, 3.57, 3.297, 2.68, 2.36, 1.9, 1.24, 0.5, 0, 1.12, 1.35, 1.37, 1.71, 1.44, 1.47, 1.85, 3.2, 5.58, 6.72, 7.71, 7.92, 8.064, 7.19, 6.01, 5.993, 5.559, 5.976, 6.61, 6.76, 7.06, 8.31, 9.41, 10.87, 11.03, 10.48, 10.04, 10.307, 11.297, 12.646, 12.974, 13.403, 12.743, 11.332, 8.78, 6.63, 6.48, 6.45, 6.08, 5.63, 5.71, 5.48, 6.07, 5.87, 4.57, 3.19, 3.17, 3.14, 3.06, 3.33, 3.76, 3.45, 2.87, 3.09, 3.43, 2.73, 2.69, 3.05, 3.1, 3.71, 3.91], [3.62, 3.54, 4.08, 4.18, 4.08, 3.77, 4.04, 4.39, 4.49, 4.56, 4.5, 4.52, 5.1, 5.872, 6.262, 6.423, 5.412, 4.132, 3.845, 3.142, 2.842, 2.32, 1.68, 1.18, 1.12, 0, 0.77, 0.81, 1.41, 1.5, 1.39, 1.85, 2.9, 4.96, 6.34, 7.37, 7.52, 7.587, 6.65, 5.77, 5.667, 5.204, 5.69, 6.41, 6.44, 6.52, 7.91, 9.03, 10.23, 10.63, 10.12, 9.74, 9.95, 10.76, 12.058, 12.386, 12.812, 12.28, 11.04, 8.56, 6.37, 6.2, 6.15, 5.68, 5.33, 5.05, 4.92, 5.77, 5.59, 4.47, 3.37, 3.37, 3.26, 3.2, 3.37, 3.66, 3.37, 3.11, 3.35, 3.51, 2.75, 2.77, 3.33, 3.38, 3.93, 4.19], [3.61, 3.45, 3.99, 4.09, 4.05, 3.82, 4.19, 4.44, 4.56, 4.67, 4.61, 4.65, 5.29, 6.216, 6.606, 6.766, 5.741, 4.442, 4.175, 3.506, 3.226, 2.63, 2.03, 1.43, 1.35, 0.77, 0, 0.76, 1.44, 1.49, 1.6, 1.9, 2.49, 4.63, 5.93, 6.977, 7.11, 7.226, 6.403, 5.34, 5.294, 4.852, 5.24, 5.94, 6.05, 6.15, 7.5, 8.68, 10.0, 10.18, 9.65, 9.31, 9.54, 10.49, 11.751, 12.062, 12.528, 11.959, 10.704, 8.21, 6.02, 5.85, 5.76, 5.27, 4.92, 4.66, 4.61, 5.34, 5.24, 4.22, 3.22, 3.24, 3.13, 3.03, 3.2, 3.33, 3.12, 3.0, 3.22, 3.34, 2.58, 2.66, 3.26, 3.27, 3.8, 4.02], [3.43, 3.33, 3.89, 3.99, 3.97, 3.8, 4.33, 4.54, 4.52, 4.57, 4.55, 4.65, 5.29, 6.26, 6.627, 6.787, 5.759, 4.479, 4.189, 3.497, 3.2, 2.61, 1.91, 1.37, 1.37, 0.81, 0.76, 0, 1.16, 1.47, 1.64, 2.04, 2.61, 4.69, 6.045, 7.046, 7.239, 7.263, 6.406, 5.455, 5.323, 4.84, 5.346, 6.112, 6.13, 6.23, 7.658, 8.729, 9.958, 10.269, 9.83, 9.436, 9.623, 10.442, 11.714, 12.042, 12.491, 11.953, 10.756, 8.328, 6.12, 5.95, 5.86, 5.37, 5.06, 4.76, 4.75, 5.52, 5.4, 4.28, 3.06, 3.06, 3.03, 2.97, 3.14, 3.39, 3.16, 2.86, 3.1, 3.22, 2.54, 2.52, 3.06, 3.05, 3.66, 3.9], [3.85, 3.93, 4.27, 4.47, 4.49, 4.36, 4.83, 5.02, 5.04, 5.07, 5.03, 5.15, 5.73, 6.66, 7.018, 7.178, 6.146, 4.867, 4.577, 3.93, 3.617, 3.01, 2.19, 1.65, 1.71, 1.41, 1.44, 1.16, 0, 1.03, 1.56, 1.34, 2.15, 4.35, 5.53, 6.58, 6.771, 6.94, 6.16, 5.0, 4.86, 4.46, 4.86, 5.62, 5.79, 6.07, 7.236, 8.241, 9.616, 9.889, 9.279, 8.936, 9.183, 10.124, 11.485, 11.759, 12.125, 11.519, 10.357, 7.93, 5.74, 5.57, 5.76, 5.27, 5.1, 4.94, 4.93, 5.54, 5.54, 4.5, 3.5, 3.64, 3.47, 3.37, 3.4, 3.61, 3.36, 3.26, 3.54, 3.72, 2.84, 2.84, 3.48, 3.55, 4.06, 4.24], [3.88, 3.86, 4.38, 4.46, 4.38, 4.19, 4.62, 4.85, 4.87, 4.9, 4.86, 4.96, 5.48, 6.15, 6.454, 6.614, 5.557, 4.31, 4.02, 3.38, 3.06, 2.56, 1.72, 1.36, 1.44, 1.5, 1.49, 1.47, 1.03, 0, 0.87, 1.13, 2.44, 4.84, 5.98, 7.088, 7.337, 7.541, 6.696, 5.43, 5.427, 5.05, 5.384, 6.022, 6.12, 6.42, 7.705, 8.776, 10.19, 10.438, 9.854, 9.44, 9.728, 10.72, 12.1, 12.385, 12.763, 12.077, 10.846, 8.22, 6.01, 5.84, 5.93, 5.5, 5.21, 5.17, 5.06, 5.63, 5.57, 4.65, 3.69, 3.73, 3.54, 3.48, 3.61, 3.72, 3.51, 3.47, 3.79, 3.95, 3.05, 3.05, 3.69, 3.78, 4.27, 4.45], [4.11, 4.01, 4.51, 4.53, 4.55, 4.18, 4.53, 4.84, 4.9, 4.93, 4.83, 4.87, 5.29, 5.78, 5.924, 6.084, 5.064, 3.78, 3.49, 2.91, 2.61, 2.11, 1.33, 1.35, 1.47, 1.39, 1.6, 1.64, 1.56, 0.87, 0, 1.2, 2.99, 5.33, 6.51, 7.597, 7.907, 8.068, 7.263, 5.969, 5.977, 5.56, 5.929, 6.552, 6.65, 6.97, 8.278, 9.349, 10.738, 11.042, 10.384, 9.933, 10.191, 11.23, 12.67, 12.918, 13.313, 12.627, 11.419, 8.75, 6.56, 6.41, 6.44, 6.03, 5.68, 5.68, 5.53, 6.12, 5.98, 5.04, 3.86, 3.86, 3.83, 3.77, 3.96, 4.13, 3.9, 3.62, 3.94, 4.12, 3.32, 3.32, 3.84, 3.93, 4.44, 4.68], [4.07, 3.97, 4.41, 4.55, 4.61, 4.38, 4.77, 5.18, 5.16, 5.13, 5.07, 5.13, 5.61, 6.22, 6.458, 6.66, 5.64, 4.52, 4.25, 3.67, 3.29, 2.87, 1.93, 1.71, 1.85, 1.85, 1.9, 2.04, 1.34, 1.13, 1.2, 0, 2.43, 4.83, 5.81, 6.88, 7.195, 7.445, 6.62, 5.24, 5.3, 4.94, 5.42, 5.9, 6.05, 6.33, 7.58, 8.651, 10.088, 10.399, 9.718, 9.247, 9.534, 10.578, 12.07, 12.333, 12.673, 11.947, 10.57, 7.79, 5.68, 5.53, 5.74, 5.55, 5.24, 5.34, 5.23, 5.62, 5.58, 4.64, 3.7, 3.78, 3.63, 3.49, 3.62, 3.69, 3.56, 3.52, 3.84, 4.02, 3.18, 3.16, 3.78, 3.85, 4.3, 4.48], [4.66, 4.56, 4.88, 5.18, 5.32, 5.23, 6.0, 6.21, 6.17, 6.242, 6.16, 6.3, 7.122, 8.157, 8.528, 8.702, 7.702, 6.456, 6.179, 5.487, 5.187, 4.66, 3.72, 3.08, 3.2, 2.9, 2.49, 2.61, 2.15, 2.44, 2.99, 2.43, 0, 2.6, 3.7, 4.79, 5.06, 5.278, 4.41, 3.25, 3.15, 2.99, 3.17, 3.79, 3.96, 4.22, 5.39, 6.51, 7.97, 8.27, 7.62, 7.16, 7.45, 8.48, 9.946, 10.249, 10.538, 9.8, 8.6, 6.02, 3.83, 3.66, 3.77, 3.32, 3.17, 3.09, 3.04, 3.63, 3.77, 3.35, 3.59, 4.09, 4.04, 3.54, 3.17, 2.74, 2.89, 3.55, 3.87, 3.49, 2.87, 3.25, 3.95, 3.88, 3.87, 3.79], [6.76, 6.76, 6.86, 7.22, 7.32, 7.35, 8.26, 8.502, 8.445, 8.564, 8.465, 8.545, 9.522, 10.527, 10.918, 11.084, 10.076, 8.805, 8.524, 7.838, 7.549, 6.955, 6.155, 5.48, 5.58, 4.96, 4.63, 4.69, 4.35, 4.84, 5.33, 4.83, 2.6, 0, 1.68, 2.63, 2.8, 2.97, 2.27, 1.99, 1.95, 2.11, 1.93, 2.01, 2.06, 2.06, 3.27, 4.33, 5.61, 6.05, 5.4, 5.04, 5.27, 6.22, 7.67, 7.93, 8.25, 7.6, 6.48, 3.98, 2.05, 1.82, 1.77, 1.58, 1.57, 1.63, 1.46, 1.87, 2.47, 3.742, 5.479, 6.054, 6.115, 5.655, 4.925, 4.316, 4.33, 4.97, 5.17, 4.73, 4.242, 4.725, 5.477, 5.367, 5.034, 4.75], [7.831, 7.86, 8.0, 8.36, 8.38, 8.41, 9.36, 9.73, 9.643, 9.763, 9.626, 9.706, 10.673, 11.706, 12.087, 12.277, 11.257, 10.003, 9.745, 9.036, 8.756, 8.18, 7.28, 6.6, 6.72, 6.34, 5.93, 6.045, 5.53, 5.98, 6.51, 5.81, 3.7, 1.68, 0, 1.25, 1.6, 1.89, 1.39, 1.45, 1.37, 1.95, 1.69, 1.51, 1.42, 1.54, 2.11, 2.95, 4.49, 4.91, 4.26, 3.8, 4.05, 5.04, 6.47, 6.73, 6.97, 6.22, 5.02, 2.84, 1.71, 1.68, 1.89, 1.74, 1.93, 2.17, 2.18, 1.97, 2.75, 4.88, 6.693, 7.223, 7.27, 6.81, 6.13, 5.343, 5.41, 6.053, 6.27, 5.807, 5.43, 5.85, 6.635, 6.525, 5.962, 5.569], [8.901, 8.93, 9.13, 9.49, 9.45, 9.48, 10.43, 10.8, 10.72, 10.833, 10.696, 10.776, 11.743, 12.784, 13.166, 13.356, 12.336, 11.062, 10.823, 10.095, 9.835, 9.247, 8.339, 7.67, 7.71, 7.37, 6.977, 7.046, 6.58, 7.088, 7.597, 6.88, 4.79, 2.63, 1.25, 0, 0.89, 1.06, 1.02, 1.82, 2.02, 2.62, 1.98, 1.52, 1.61, 1.55, 1.34, 2.06, 3.64, 4.0, 3.65, 3.09, 3.34, 4.29, 5.54, 5.76, 6.08, 5.33, 4.19, 2.43, 1.92, 1.97, 2.18, 2.55, 2.92, 3.26, 3.15, 2.96, 3.8, 5.959, 7.763, 8.302, 8.349, 7.889, 7.2, 6.413, 6.48, 7.123, 7.34, 6.877, 6.5, 6.92, 7.713, 7.603, 7.041, 6.605], [9.213, 9.231, 9.44, 9.8, 9.76, 9.79, 10.74, 11.049, 10.992, 11.107, 10.988, 11.068, 12.047, 13.077, 13.47, 13.633, 12.622, 11.355, 11.073, 10.385, 10.105, 9.542, 8.622, 7.9, 7.92, 7.52, 7.11, 7.239, 6.771, 7.337, 7.907, 7.195, 5.06, 2.8, 1.6, 0.89, 0, 0.65, 1.19, 2.15, 2.33, 2.81, 2.21, 1.55, 1.72, 1.62, 1.05, 2.03, 3.43, 3.75, 3.3, 3.0, 3.25, 4.1, 5.25, 5.49, 5.83, 5.18, 4.14, 2.56, 2.23, 2.18, 2.45, 2.78, 3.19, 3.27, 3.34, 3.23, 4.07, 6.237, 8.026, 8.603, 8.65, 8.19, 7.472, 6.714, 6.772, 7.386, 7.603, 7.169, 6.723, 7.183, 8.014, 7.904, 7.354, 6.891], [9.443, 9.461, 9.67, 10.03, 9.93, 9.96, 10.91, 11.228, 11.171, 11.277, 11.178, 11.238, 12.257, 13.256, 13.649, 13.812, 12.801, 11.525, 11.243, 10.563, 10.272, 9.658, 8.775, 8.05, 8.064, 7.587, 7.226, 7.263, 6.94, 7.541, 8.068, 7.445, 5.278, 2.97, 1.89, 1.06, 0.65, 0, 1.18, 2.32, 2.36, 2.82, 2.3, 1.76, 1.89, 1.73, 1.04, 1.96, 3.36, 3.72, 3.33, 2.97, 3.1, 3.85, 4.96, 5.22, 5.6, 5.01, 3.99, 2.61, 2.4, 2.37, 2.52, 3.01, 3.36, 3.4, 3.47, 3.44, 4.34, 6.416, 8.205, 8.782, 8.829, 8.369, 7.651, 6.904, 6.942, 7.565, 7.782, 7.348, 6.902, 7.362, 8.193, 8.083, 7.533, 7.07], [8.515, 8.53, 8.73, 9.09, 8.99, 8.98, 9.93, 10.277, 10.208, 10.358, 10.267, 10.347, 11.332, 12.302, 12.69, 12.861, 11.853, 10.588, 10.301, 9.589, 9.306, 8.698, 7.807, 7.13, 7.19, 6.65, 6.403, 6.406, 6.16, 6.696, 7.263, 6.62, 4.41, 2.27, 1.39, 1.02, 1.19, 1.18, 0, 1.38, 1.62, 2.14, 1.58, 1.3, 1.25, 1.15, 1.58, 2.6, 4.08, 4.46, 4.17, 3.69, 3.94, 4.69, 5.8, 6.14, 6.42, 5.83, 4.69, 2.85, 1.88, 1.67, 1.98, 2.15, 2.4, 2.64, 2.63, 2.7, 3.48, 5.462, 7.254, 7.822, 7.857, 7.409, 6.694, 5.967, 6.071, 6.614, 6.831, 6.371, 5.957, 6.411, 7.228, 7.118, 6.57, 6.107], [7.15, 7.15, 7.35, 7.71, 7.65, 7.68, 8.63, 8.98, 8.929, 9.03, 8.918, 9.018, 9.961, 11.005, 11.387, 11.562, 10.565, 9.332, 9.053, 8.37, 8.078, 7.55, 6.607, 5.93, 6.01, 5.77, 5.34, 5.455, 5.0, 5.43, 5.969, 5.24, 3.25, 1.99, 1.45, 1.82, 2.15, 2.32, 1.38, 0, 0.88, 1.26, 1.18, 1.54, 1.45, 1.65, 2.56, 3.6, 5.16, 5.5, 4.99, 4.47, 4.78, 5.77, 7.08, 7.38, 7.6, 6.87, 5.55, 3.41, 1.74, 1.51, 1.66, 1.75, 1.68, 2.04, 2.37, 2.28, 2.76, 4.162, 5.966, 6.533, 6.549, 6.112, 5.397, 4.61, 4.737, 5.34, 5.537, 5.074, 4.68, 5.137, 5.936, 5.806, 5.273, 4.805], [7.238, 7.25, 7.41, 7.77, 7.77, 7.8, 8.75, 9.091, 9.031, 9.138, 9.044, 9.144, 10.075, 11.122, 11.492, 11.658, 10.673, 9.391, 9.136, 8.467, 8.167, 7.579, 6.679, 5.97, 5.993, 5.667, 5.294, 5.323, 4.86, 5.427, 5.977, 5.3, 3.15, 1.95, 1.37, 2.02, 2.33, 2.36, 1.62, 0.88, 0, 0.8, 1.12, 1.7, 1.83, 2.03, 2.86, 3.68, 5.22, 5.6, 4.99, 4.51, 4.72, 5.57, 7.0, 7.3, 7.46, 6.77, 5.59, 3.69, 2.06, 1.87, 2.16, 1.99, 1.92, 2.12, 2.45, 2.5, 3.04, 4.32, 6.071, 6.645, 6.677, 6.232, 5.514, 4.747, 4.868, 5.431, 5.63, 5.211, 4.774, 5.21, 6.028, 5.918, 5.373, 4.942], [6.855, 6.87, 7.03, 7.39, 7.39, 7.42, 8.37, 8.705, 8.648, 8.755, 8.638, 8.738, 9.686, 10.721, 11.103, 11.278, 10.29, 9.029, 8.767, 8.061, 7.749, 7.176, 6.27, 5.53, 5.559, 5.204, 4.852, 4.84, 4.46, 5.05, 5.56, 4.94, 2.99, 2.11, 1.95, 2.62, 2.81, 2.82, 2.14, 1.26, 0.8, 0, 1.06, 2.06, 2.31, 2.51, 3.42, 4.2, 5.68, 6.0, 5.37, 4.91, 5.1, 5.97, 7.38, 7.68, 7.88, 7.23, 6.11, 4.23, 2.38, 2.11, 2.56, 2.33, 2.14, 2.4, 2.77, 2.82, 3.26, 4.08, 5.653, 6.244, 6.271, 5.843, 5.128, 4.381, 4.462, 5.025, 5.23, 4.793, 4.394, 4.81, 5.648, 5.538, 4.99, 4.542], [7.323, 7.341, 7.53, 7.89, 7.87, 7.9, 8.85, 9.156, 9.099, 9.212, 9.08, 9.169, 10.152, 11.166, 11.572, 11.749, 10.726, 9.496, 9.197, 8.512, 8.212, 7.67, 6.729, 5.95, 5.976, 5.69, 5.24, 5.346, 4.86, 5.384, 5.929, 5.42, 3.17, 1.93, 1.69, 1.98, 2.21, 2.3, 1.58, 1.18, 1.12, 1.06, 0, 1.2, 1.63, 1.89, 2.78, 3.62, 5.22, 5.42, 4.79, 4.33, 4.6, 5.55, 6.88, 7.16, 7.5, 6.85, 5.65, 3.73, 2.16, 1.81, 2.04, 1.97, 2.02, 2.34, 2.59, 2.7, 3.28, 4.52, 6.115, 6.695, 6.742, 6.291, 5.578, 4.809, 4.873, 5.475, 5.692, 5.256, 4.836, 5.292, 6.121, 6.01, 5.461, 4.997], [7.741, 7.758, 7.97, 8.33, 8.29, 8.32, 9.27, 9.579, 9.522, 9.64, 9.518, 9.598, 10.572, 11.607, 11.995, 12.163, 11.164, 9.882, 9.672, 8.999, 8.759, 8.29, 7.33, 6.51, 6.61, 6.41, 5.94, 6.112, 5.62, 6.022, 6.552, 5.9, 3.79, 2.01, 1.51, 1.52, 1.55, 1.76, 1.3, 1.54, 1.7, 2.06, 1.2, 0, 0.87, 1.27, 2.0, 3.12, 4.6, 4.94, 4.33, 3.95, 4.24, 5.17, 6.52, 6.74, 7.1, 6.45, 5.29, 2.95, 1.82, 1.47, 1.78, 1.95, 2.12, 2.5, 2.59, 2.52, 3.3, 4.86, 6.559, 7.13, 7.162, 6.717, 6.002, 5.226, 5.302, 5.939, 6.136, 5.679, 5.34, 5.8, 6.541, 6.431, 5.881, 5.418], [7.616, 7.633, 7.84, 8.2, 8.1, 8.13, 9.08, 9.398, 9.349, 9.456, 9.339, 9.399, 10.422, 11.417, 11.813, 11.988, 10.986, 9.709, 9.5, 8.832, 8.615, 8.16, 7.3, 6.64, 6.76, 6.44, 6.05, 6.13, 5.79, 6.12, 6.65, 6.05, 3.96, 2.06, 1.42, 1.61, 1.72, 1.89, 1.25, 1.45, 1.83, 2.31, 1.63, 0.87, 0, 0.76, 1.93, 3.27, 4.73, 5.01, 4.54, 4.14, 4.43, 5.36, 6.59, 6.89, 7.27, 6.58, 5.38, 2.84, 1.41, 1.3, 1.57, 1.6, 1.73, 2.15, 2.36, 2.07, 2.83, 4.574, 6.377, 6.94, 6.987, 6.53, 5.821, 5.062, 5.106, 5.761, 5.955, 5.498, 5.27, 5.65, 6.372, 6.262, 5.726, 5.243], [7.793, 7.811, 8.02, 8.38, 8.28, 8.27, 9.22, 9.543, 9.486, 9.633, 9.531, 9.591, 10.607, 11.574, 11.965, 12.131, 11.126, 9.855, 9.616, 8.919, 8.735, 8.18, 7.5, 6.94, 7.06, 6.52, 6.15, 6.23, 6.07, 6.42, 6.97, 6.33, 4.22, 2.06, 1.54, 1.55, 1.62, 1.73, 1.15, 1.65, 2.03, 2.51, 1.89, 1.27, 0.76, 0, 1.79, 3.19, 4.63, 4.99, 4.56, 4.16, 4.43, 5.3, 6.53, 6.81, 7.19, 6.52, 5.38, 2.94, 1.43, 1.48, 1.59, 1.5, 1.79, 2.05, 2.24, 2.19, 2.91, 4.732, 6.523, 7.097, 7.145, 6.685, 5.966, 5.254, 5.295, 5.906, 6.106, 5.658, 5.41, 5.77, 6.518, 6.408, 5.869, 5.386], [9.466, 9.483, 9.69, 10.05, 9.95, 9.96, 10.91, 11.251, 11.179, 11.309, 11.204, 11.264, 12.28, 13.264, 13.655, 13.824, 12.821, 11.539, 11.272, 10.586, 10.306, 9.73, 8.87, 8.23, 8.31, 7.91, 7.5, 7.658, 7.236, 7.705, 8.278, 7.58, 5.39, 3.27, 2.11, 1.34, 1.05, 1.04, 1.58, 2.56, 2.86, 3.42, 2.78, 2.0, 1.93, 1.79, 0, 1.84, 3.08, 3.46, 3.13, 2.79, 3.04, 3.85, 5.04, 5.38, 5.72, 4.91, 3.81, 2.23, 2.4, 2.41, 2.52, 2.95, 3.36, 3.58, 3.55, 3.4, 4.26, 6.427, 8.213, 8.785, 8.832, 8.372, 7.653, 6.924, 6.968, 7.573, 7.79, 7.348, 6.96, 7.373, 8.199, 8.089, 7.539, 7.076], [10.663, 10.681, 10.89, 11.25, 11.21, 11.24, 12.19, 12.539, 12.442, 12.569, 12.447, 12.527, 13.497, 14.536, 14.92, 15.092, 14.087, 12.846, 12.56, 11.835, 11.555, 10.99, 10.096, 9.35, 9.41, 9.03, 8.68, 8.729, 8.241, 8.776, 9.349, 8.651, 6.51, 4.33, 2.95, 2.06, 2.03, 1.96, 2.6, 3.6, 3.68, 4.2, 3.62, 3.12, 3.27, 3.19, 1.84, 0, 2.02, 2.1, 1.93, 1.75, 1.92, 2.79, 3.9, 4.2, 4.62, 3.93, 2.89, 2.07, 3.6, 3.61, 3.72, 4.25, 4.66, 4.86, 4.83, 4.56, 5.52, 7.699, 9.485, 10.053, 10.1, 9.64, 8.922, 8.164, 8.231, 8.845, 9.062, 8.619, 8.22, 8.642, 9.464, 9.354, 8.804, 8.341], [12.118, 12.135, 12.33, 12.69, 12.67, 12.7, 13.65, 13.956, 13.899, 14.006, 13.898, 13.978, 14.949, 15.984, 16.369, 16.537, 15.529, 14.238, 13.971, 13.271, 12.973, 12.366, 11.506, 10.83, 10.87, 10.23, 10.0, 9.958, 9.616, 10.19, 10.738, 10.088, 7.97, 5.61, 4.49, 3.64, 3.43, 3.36, 4.08, 5.16, 5.22, 5.68, 5.22, 4.6, 4.73, 4.63, 3.08, 2.02, 0, 1.26, 1.27, 1.99, 1.82, 1.69, 2.5, 2.8, 3.28, 2.67, 1.83, 2.97, 5.06, 5.07, 5.18, 5.69, 6.1, 6.12, 6.23, 6.02, 6.98, 9.141, 10.936, 11.507, 11.536, 11.094, 10.379, 9.603, 9.682, 10.296, 10.513, 10.056, 9.65, 10.093, 10.915, 10.805, 10.255, 9.792], [12.45, 12.47, 12.69, 13.07, 12.99, 13.02, 13.97, 14.259, 14.193, 14.286, 14.152, 14.232, 15.245, 16.247, 16.654, 16.815, 15.795, 14.536, 14.266, 13.561, 13.281, 12.69, 11.778, 10.975, 11.03, 10.63, 10.18, 10.269, 9.889, 10.438, 11.042, 10.399, 8.27, 6.05, 4.91, 4.0, 3.75, 3.72, 4.46, 5.5, 5.6, 6.0, 5.42, 4.94, 5.01, 4.99, 3.46, 2.1, 1.26, 0, 1.11, 1.87, 1.7, 1.59, 2.46, 2.98, 3.56, 2.85, 1.73, 3.17, 5.38, 5.39, 5.52, 6.01, 6.42, 6.56, 6.59, 6.34, 7.28, 9.425, 11.201, 11.781, 11.828, 11.368, 10.655, 9.886, 9.936, 10.568, 10.785, 10.342, 9.905, 10.358, 11.213, 11.103, 10.55, 10.087], [11.84, 11.86, 12.02, 12.4, 12.42, 12.45, 13.4, 13.674, 13.597, 13.713, 13.588, 13.668, 14.653, 15.668, 16.074, 16.234, 15.216, 13.945, 13.658, 13.01, 12.69, 12.16, 11.193, 10.46, 10.48, 10.12, 9.65, 9.83, 9.279, 9.854, 10.384, 9.718, 7.62, 5.4, 4.26, 3.65, 3.3, 3.33, 4.17, 4.99, 4.99, 5.37, 4.79, 4.33, 4.54, 4.56, 3.13, 1.93, 1.27, 1.11, 0, 1.2, 1.01, 1.22, 2.57, 3.01, 3.37, 2.68, 1.74, 2.62, 4.81, 4.82, 4.95, 5.46, 5.85, 6.01, 6.04, 5.77, 6.71, 8.84, 10.623, 11.203, 11.241, 10.79, 10.077, 9.311, 9.375, 9.983, 10.2, 9.757, 9.32, 9.8, 10.625, 10.515, 9.962, 9.499], [11.32, 11.34, 11.56, 11.94, 11.9, 11.93, 12.88, 13.17, 13.106, 13.205, 13.08, 13.16, 14.133, 15.169, 15.556, 15.743, 14.72, 13.429, 13.162, 12.465, 12.185, 11.62, 10.717, 10.0, 10.04, 9.74, 9.31, 9.436, 8.936, 9.44, 9.933, 9.247, 7.16, 5.04, 3.8, 3.09, 3.0, 2.97, 3.69, 4.47, 4.51, 4.91, 4.33, 3.95, 4.14, 4.16, 2.79, 1.75, 1.99, 1.87, 1.2, 0, 0.63, 1.48, 2.93, 3.19, 3.63, 2.88, 2.08, 2.24, 4.29, 4.3, 4.43, 4.94, 5.33, 5.57, 5.5, 5.31, 6.19, 8.329, 10.147, 10.692, 10.739, 10.279, 9.59, 8.82, 8.864, 9.507, 9.724, 9.27, 8.867, 9.304, 10.123, 10.013, 9.445, 8.998], [11.609, 11.63, 11.85, 12.23, 12.17, 12.2, 13.15, 13.44, 13.379, 13.478, 13.35, 13.43, 14.401, 15.442, 15.826, 16.016, 14.993, 13.702, 13.435, 12.738, 12.458, 11.87, 10.967, 10.267, 10.307, 9.95, 9.54, 9.623, 9.183, 9.728, 10.191, 9.534, 7.45, 5.27, 4.05, 3.34, 3.25, 3.1, 3.94, 4.78, 4.72, 5.1, 4.6, 4.24, 4.43, 4.43, 3.04, 1.92, 1.82, 1.7, 1.01, 0.63, 0, 1.13, 2.68, 2.92, 3.36, 2.65, 1.77, 2.51, 4.56, 4.57, 4.7, 5.21, 5.6, 5.82, 5.77, 5.58, 6.46, 8.602, 10.417, 10.965, 11.012, 10.552, 9.86, 9.09, 9.134, 9.777, 9.994, 9.54, 9.137, 9.574, 10.396, 10.286, 9.715, 9.271], [12.66, 12.68, 12.9, 13.28, 13.2, 13.23, 14.18, 14.47, 14.392, 14.491, 14.377, 14.457, 15.453, 16.472, 16.862, 17.042, 16.02, 14.726, 14.459, 13.762, 13.482, 12.848, 11.988, 11.274, 11.297, 10.76, 10.49, 10.442, 10.124, 10.72, 11.23, 10.578, 8.48, 6.22, 5.04, 4.29, 4.1, 3.85, 4.69, 5.77, 5.57, 5.97, 5.55, 5.17, 5.36, 5.3, 3.85, 2.79, 1.69, 1.59, 1.22, 1.48, 1.13, 0, 1.65, 2.13, 2.61, 1.86, 1.56, 3.38, 5.59, 5.6, 5.71, 6.22, 6.63, 6.71, 6.76, 6.59, 7.49, 9.635, 11.438, 11.998, 12.045, 11.585, 10.89, 10.117, 10.161, 10.798, 11.015, 10.57, 10.135, 10.595, 11.429, 11.304, 10.751, 10.288], [14.13, 14.15, 14.37, 14.75, 14.65, 14.66, 15.61, 15.9, 15.833, 15.949, 15.832, 15.892, 16.929, 17.893, 18.303, 18.463, 17.444, 16.144, 15.877, 15.183, 14.891, 14.251, 13.38, 12.638, 12.646, 12.058, 11.751, 11.714, 11.485, 12.1, 12.67, 12.07, 9.946, 7.67, 6.47, 5.54, 5.25, 4.96, 5.8, 7.08, 7.0, 7.38, 6.88, 6.52, 6.59, 6.53, 5.04, 3.9, 2.5, 2.46, 2.57, 2.93, 2.68, 1.65, 0, 0.92, 1.5, 1.65, 2.21, 4.81, 7.02, 7.03, 7.14, 7.65, 8.06, 8.1, 8.19, 7.98, 8.92, 11.071, 12.847, 13.427, 13.474, 13.017, 12.304, 11.572, 11.599, 12.213, 12.431, 11.988, 11.544, 12.004, 12.859, 12.749, 12.196, 11.733], [14.438, 14.45, 14.67, 15.05, 14.97, 15.0, 15.95, 16.245, 16.168, 16.26, 16.146, 16.203, 17.219, 18.24, 18.628, 18.788, 17.771, 16.474, 16.207, 15.507, 15.216, 14.587, 13.704, 12.963, 12.974, 12.386, 12.062, 12.042, 11.759, 12.385, 12.918, 12.333, 10.249, 7.93, 6.73, 5.76, 5.49, 5.22, 6.14, 7.38, 7.3, 7.68, 7.16, 6.74, 6.89, 6.81, 5.38, 4.2, 2.8, 2.98, 3.01, 3.19, 2.92, 2.13, 0.92, 0, 1.0, 1.35, 2.51, 5.15, 7.36, 7.37, 7.48, 7.99, 8.4, 8.42, 8.53, 8.32, 9.26, 11.412, 13.175, 13.758, 13.805, 13.357, 12.644, 11.86, 11.942, 12.558, 12.775, 12.325, 11.872, 12.335, 13.184, 13.074, 12.524, 12.061], [14.698, 14.71, 14.85, 15.21, 15.23, 15.26, 16.21, 16.548, 16.491, 16.592, 16.495, 16.595, 17.532, 18.573, 18.946, 19.106, 18.115, 16.818, 16.551, 15.86, 15.553, 14.931, 14.074, 13.389, 13.403, 12.812, 12.528, 12.491, 12.125, 12.763, 13.313, 12.673, 10.538, 8.25, 6.97, 6.08, 5.83, 5.6, 6.42, 7.6, 7.46, 7.88, 7.5, 7.1, 7.27, 7.19, 5.72, 4.62, 3.28, 3.56, 3.37, 3.63, 3.36, 2.61, 1.5, 1.0, 0, 1.15, 2.75, 5.41, 7.62, 7.63, 7.74, 8.25, 8.68, 8.68, 8.77, 8.62, 9.524, 11.736, 13.504, 14.102, 14.131, 13.689, 12.971, 12.204, 12.319, 12.864, 13.061, 12.668, 12.216, 12.641, 13.485, 13.375, 12.83, 12.367], [13.948, 13.96, 14.1, 14.46, 14.48, 14.51, 15.46, 15.81, 15.741, 15.854, 15.76, 15.86, 16.785, 17.838, 18.199, 18.371, 17.389, 16.113, 15.846, 15.125, 14.836, 14.231, 13.366, 12.7, 12.743, 12.28, 11.959, 11.953, 11.519, 12.077, 12.627, 11.947, 9.8, 7.6, 6.22, 5.33, 5.18, 5.01, 5.83, 6.87, 6.77, 7.23, 6.85, 6.45, 6.58, 6.52, 4.91, 3.93, 2.67, 2.85, 2.68, 2.88, 2.65, 1.86, 1.65, 1.35, 1.15, 0, 1.9, 4.64, 6.87, 6.88, 6.99, 7.52, 7.95, 8.05, 8.04, 7.89, 8.79, 10.998, 12.786, 13.355, 13.384, 12.942, 12.224, 11.457, 11.584, 12.146, 12.343, 11.921, 11.49, 11.923, 12.735, 12.625, 12.08, 11.617], [12.46, 12.46, 12.6, 12.96, 12.86, 12.83, 13.84, 14.31, 14.222, 14.332, 14.283, 14.363, 15.252, 16.147, 16.49, 16.69, 15.75, 14.642, 14.363, 13.577, 13.274, 12.794, 11.906, 11.28, 11.332, 11.04, 10.704, 10.756, 10.357, 10.846, 11.419, 10.57, 8.6, 6.48, 5.02, 4.19, 4.14, 3.99, 4.69, 5.55, 5.59, 6.11, 5.65, 5.29, 5.38, 5.38, 3.81, 2.89, 1.83, 1.73, 1.74, 2.08, 1.77, 1.56, 2.21, 2.51, 2.75, 1.9, 0, 2.9, 5.23, 5.2, 5.37, 6.06, 6.49, 6.87, 6.7, 6.41, 7.17, 9.35, 11.17, 11.69, 11.686, 11.286, 10.659, 9.974, 10.082, 10.553, 10.722, 10.31, 9.97, 10.299, 11.053, 10.9, 10.387, 9.902], [9.6, 9.58, 9.74, 10.1, 10.0, 9.93, 10.94, 11.45, 11.364, 11.437, 11.395, 11.472, 12.377, 13.287, 13.63, 13.81, 12.89, 11.807, 11.54, 10.843, 10.486, 10.14, 9.2, 8.68, 8.78, 8.56, 8.21, 8.328, 7.93, 8.22, 8.75, 7.79, 6.02, 3.98, 2.84, 2.43, 2.56, 2.61, 2.85, 3.41, 3.69, 4.23, 3.73, 2.95, 2.84, 2.94, 2.23, 2.07, 2.97, 3.17, 2.62, 2.24, 2.51, 3.38, 4.81, 5.15, 5.41, 4.64, 2.9, 0, 2.43, 2.48, 2.59, 3.34, 3.65, 4.23, 3.98, 3.65, 4.35, 6.49, 8.302, 8.819, 8.834, 8.42, 7.764, 7.117, 7.224, 7.702, 7.864, 7.43, 7.11, 7.47, 8.236, 8.046, 7.513, 7.07], [7.25, 7.25, 7.43, 7.79, 7.71, 7.7, 8.65, 9.1, 9.009, 9.122, 9.07, 9.15, 10.062, 10.991, 11.379, 11.56, 10.58, 9.412, 9.15, 8.419, 8.185, 7.81, 6.99, 6.49, 6.63, 6.37, 6.02, 6.12, 5.74, 6.01, 6.56, 5.68, 3.83, 2.05, 1.71, 1.92, 2.23, 2.4, 1.88, 1.74, 2.06, 2.38, 2.16, 1.82, 1.41, 1.43, 2.4, 3.6, 5.06, 5.38, 4.81, 4.29, 4.56, 5.59, 7.02, 7.36, 7.62, 6.87, 5.23, 2.43, 0, 0.77, 1.1, 1.13, 1.48, 2.32, 2.09, 2.06, 2.6, 4.16, 5.997, 6.517, 6.55, 6.11, 5.449, 4.762, 4.869, 5.389, 5.569, 5.12, 4.88, 5.2, 5.94, 5.81, 5.277, 4.806], [7.28, 7.26, 7.4, 7.76, 7.68, 7.71, 8.68, 9.13, 9.042, 9.134, 9.086, 9.166, 10.054, 10.99, 11.386, 11.57, 10.55, 9.462, 9.2, 8.443, 8.186, 7.76, 6.86, 6.32, 6.48, 6.2, 5.85, 5.95, 5.57, 5.84, 6.41, 5.53, 3.66, 1.82, 1.68, 1.97, 2.18, 2.37, 1.67, 1.51, 1.87, 2.11, 1.81, 1.47, 1.3, 1.48, 2.41, 3.61, 5.07, 5.39, 4.82, 4.3, 4.57, 5.6, 7.03, 7.37, 7.63, 6.88, 5.2, 2.48, 0.77, 0, 0.85, 1.28, 1.53, 2.35, 2.14, 2.17, 2.77, 4.21, 6.033, 6.533, 6.546, 6.086, 5.462, 4.794, 4.902, 5.442, 5.622, 5.15, 4.81, 5.19, 5.953, 5.803, 5.29, 4.802], [7.11, 7.11, 7.31, 7.67, 7.57, 7.54, 8.51, 8.94, 8.852, 8.979, 8.93, 9.01, 9.939, 10.866, 11.259, 11.44, 10.454, 9.294, 9.01, 8.313, 8.002, 7.61, 6.85, 6.33, 6.45, 6.15, 5.76, 5.86, 5.76, 5.93, 6.44, 5.74, 3.77, 1.77, 1.89, 2.18, 2.45, 2.52, 1.98, 1.66, 2.16, 2.56, 2.04, 1.78, 1.57, 1.59, 2.52, 3.72, 5.18, 5.52, 4.95, 4.43, 4.7, 5.71, 7.14, 7.48, 7.74, 6.99, 5.37, 2.59, 1.1, 0.85, 0, 1.03, 1.26, 1.94, 1.75, 1.72, 2.36, 4.02, 5.86, 6.397, 6.427, 5.987, 5.306, 4.624, 4.732, 5.226, 5.432, 4.98, 4.62, 5.04, 5.803, 5.679, 5.171, 4.683], [6.62, 6.62, 6.82, 7.18, 7.1, 7.03, 7.98, 8.367, 8.304, 8.454, 8.397, 8.477, 9.428, 10.338, 10.734, 10.912, 9.952, 8.699, 8.429, 7.737, 7.46, 7.04, 6.4, 5.96, 6.08, 5.68, 5.27, 5.37, 5.27, 5.5, 6.03, 5.55, 3.32, 1.58, 1.74, 2.55, 2.78, 3.01, 2.15, 1.75, 1.99, 2.33, 1.97, 1.95, 1.6, 1.5, 2.95, 4.25, 5.69, 6.01, 5.46, 4.94, 5.21, 6.22, 7.65, 7.99, 8.25, 7.52, 6.06, 3.34, 1.13, 1.28, 1.03, 0, 0.85, 1.37, 1.52, 1.43, 1.85, 3.501, 5.304, 5.858, 5.905, 5.485, 4.784, 4.097, 4.204, 4.71, 4.91, 4.45, 4.25, 4.55, 5.316, 5.157, 4.624, 4.161], [6.19, 6.19, 6.39, 6.75, 6.67, 6.62, 7.55, 7.917, 7.877, 8.03, 7.947, 8.01, 8.995, 9.925, 10.325, 10.493, 9.525, 8.277, 8.01, 7.37, 7.09, 6.73, 6.11, 5.55, 5.63, 5.33, 4.92, 5.06, 5.1, 5.21, 5.68, 5.24, 3.17, 1.57, 1.93, 2.92, 3.19, 3.36, 2.4, 1.68, 1.92, 2.14, 2.02, 2.12, 1.73, 1.79, 3.36, 4.66, 6.1, 6.42, 5.85, 5.33, 5.6, 6.63, 8.06, 8.4, 8.68, 7.95, 6.49, 3.65, 1.48, 1.53, 1.26, 0.85, 0, 1.12, 1.29, 1.22, 1.56, 3.085, 4.894, 5.445, 5.486, 5.052, 4.337, 3.63, 3.737, 4.257, 4.477, 4.0, 3.76, 4.12, 4.874, 4.744, 4.211, 3.788], [6.078, 6.09, 6.29, 6.65, 6.55, 6.58, 7.53, 7.871, 7.811, 7.918, 7.844, 7.924, 8.895, 9.902, 10.287, 10.453, 9.447, 8.191, 7.95, 7.284, 7.07, 6.57, 6.17, 5.65, 5.71, 5.05, 4.66, 4.76, 4.94, 5.17, 5.68, 5.34, 3.09, 1.63, 2.17, 3.26, 3.27, 3.4, 2.64, 2.04, 2.12, 2.4, 2.34, 2.5, 2.15, 2.05, 3.58, 4.86, 6.12, 6.56, 6.01, 5.57, 5.82, 6.71, 8.1, 8.42, 8.68, 8.05, 6.87, 4.23, 2.32, 2.35, 1.94, 1.37, 1.12, 0, 1.09, 1.3, 1.44, 3.1, 4.851, 5.425, 5.472, 5.012, 4.294, 3.547, 3.68, 4.28, 4.54, 4.1, 3.84, 4.08, 4.822, 4.752, 4.379, 4.02], [6.068, 6.08, 6.28, 6.64, 6.56, 6.49, 7.44, 7.827, 7.77, 7.92, 7.843, 7.923, 8.891, 9.821, 10.214, 10.383, 9.412, 8.141, 7.88, 7.114, 6.9, 6.46, 5.88, 5.38, 5.48, 4.92, 4.61, 4.75, 4.93, 5.06, 5.53, 5.23, 3.04, 1.46, 2.18, 3.15, 3.34, 3.47, 2.63, 2.37, 2.45, 2.77, 2.59, 2.59, 2.36, 2.24, 3.55, 4.83, 6.23, 6.59, 6.04, 5.5, 5.77, 6.76, 8.19, 8.53, 8.77, 8.04, 6.7, 3.98, 2.09, 2.14, 1.75, 1.52, 1.29, 1.09, 0, 1.29, 1.47, 3.05, 4.77, 5.341, 5.388, 4.948, 4.25, 3.68, 3.75, 4.23, 4.51, 4.11, 3.65, 4.03, 4.784, 4.654, 4.47, 4.15], [6.29, 6.289, 6.49, 6.85, 6.77, 6.7, 7.65, 8.02, 7.989, 8.118, 8.021, 8.09, 9.098, 10.013, 10.422, 10.599, 9.64, 8.44, 8.19, 7.61, 7.41, 7.15, 6.63, 5.99, 6.07, 5.77, 5.34, 5.52, 5.54, 5.63, 6.12, 5.62, 3.63, 1.87, 1.97, 2.96, 3.23, 3.44, 2.7, 2.28, 2.5, 2.82, 2.7, 2.52, 2.07, 2.19, 3.4, 4.56, 6.02, 6.34, 5.77, 5.31, 5.58, 6.59, 7.98, 8.32, 8.62, 7.89, 6.41, 3.65, 2.06, 2.17, 1.72, 1.43, 1.22, 1.3, 1.29, 0, 1.12, 3.179, 4.982, 5.551, 5.575, 5.14, 4.425, 3.758, 3.84, 4.4, 4.64, 4.16, 4.04, 4.38, 4.994, 4.884, 4.471, 4.06], [5.47, 5.45, 5.63, 6.01, 5.99, 5.9, 6.79, 7.16, 7.1, 7.27, 7.25, 7.293, 8.21, 9.1, 9.462, 9.634, 8.72, 7.66, 7.53, 7.05, 6.91, 6.81, 6.33, 5.81, 5.87, 5.59, 5.24, 5.4, 5.54, 5.57, 5.98, 5.58, 3.77, 2.47, 2.75, 3.8, 4.07, 4.34, 3.48, 2.76, 3.04, 3.26, 3.28, 3.3, 2.83, 2.91, 4.26, 5.52, 6.98, 7.28, 6.71, 6.19, 6.46, 7.49, 8.92, 9.26, 9.524, 8.79, 7.17, 4.35, 2.6, 2.77, 2.36, 1.85, 1.56, 1.44, 1.47, 1.12, 0, 2.28, 4.12, 4.66, 4.647, 4.267, 3.64, 2.99, 3.24, 3.82, 4.02, 3.56, 3.78, 3.88, 4.22, 4.19, 3.66, 3.34], [3.51, 3.53, 3.69, 4.05, 4.07, 4.16, 4.91, 5.04, 4.92, 5.05, 5.03, 5.07, 5.97, 6.86, 7.242, 7.42, 6.5, 5.8, 5.73, 5.43, 5.39, 5.41, 5.05, 4.53, 4.57, 4.47, 4.22, 4.28, 4.5, 4.65, 5.04, 4.64, 3.35, 3.742, 4.88, 5.959, 6.237, 6.416, 5.462, 4.162, 4.32, 4.08, 4.52, 4.86, 4.574, 4.732, 6.427, 7.699, 9.141, 9.425, 8.84, 8.329, 8.602, 9.635, 11.071, 11.412, 11.736, 10.998, 9.35, 6.49, 4.16, 4.21, 4.02, 3.501, 3.085, 3.1, 3.05, 3.179, 2.28, 0, 1.94, 2.46, 2.51, 2.17, 1.6, 1.31, 1.72, 2.3, 2.34, 2.08, 2.38, 2.24, 2.34, 2.47, 2.24, 2.42], [1.97, 1.85, 2.13, 2.43, 2.47, 2.58, 3.25, 3.38, 3.32, 3.43, 3.41, 3.33, 4.21, 5.12, 5.48, 5.68, 4.86, 4.32, 4.23, 4.01, 3.95, 3.99, 3.61, 3.17, 3.19, 3.37, 3.22, 3.06, 3.5, 3.69, 3.86, 3.7, 3.59, 5.479, 6.693, 7.763, 8.026, 8.205, 7.254, 5.966, 6.071, 5.653, 6.115, 6.559, 6.377, 6.523, 8.213, 9.485, 10.936, 11.201, 10.623, 10.147, 10.417, 11.438, 12.847, 13.175, 13.504, 12.786, 11.17, 8.302, 5.997, 6.033, 5.86, 5.304, 4.894, 4.851, 4.77, 4.982, 4.12, 1.94, 0, 0.82, 1.07, 1.01, 0.86, 1.39, 1.38, 1.34, 1.48, 1.38, 1.8, 1.5, 1.18, 1.41, 1.5, 1.94], [1.51, 1.55, 1.63, 1.83, 1.75, 2.24, 2.87, 3.04, 2.9, 2.97, 2.93, 2.77, 3.61, 4.54, 4.9, 5.06, 4.3, 4.16, 4.03, 3.79, 3.81, 3.87, 3.55, 3.15, 3.17, 3.37, 3.24, 3.06, 3.64, 3.73, 3.86, 3.78, 4.09, 6.054, 7.223, 8.302, 8.603, 8.782, 7.822, 6.533, 6.645, 6.244, 6.695, 7.13, 6.94, 7.097, 8.785, 10.053, 11.507, 11.781, 11.203, 10.692, 10.965, 11.998, 13.427, 13.758, 14.102, 13.355, 11.69, 8.819, 6.517, 6.533, 6.397, 5.858, 5.445, 5.425, 5.341, 5.551, 4.66, 2.46, 0.82, 0, 0.79, 0.87, 1.24, 1.95, 1.88, 1.6, 1.52, 1.74, 1.92, 1.7, 1.22, 1.35, 1.7, 2.26], [1.56, 1.44, 1.6, 1.86, 1.78, 2.13, 2.78, 2.89, 2.83, 2.94, 2.88, 2.88, 3.64, 4.49, 4.85, 5.09, 4.35, 4.07, 3.98, 3.66, 3.7, 3.8, 3.52, 3.1, 3.14, 3.26, 3.13, 3.03, 3.47, 3.54, 3.83, 3.63, 4.04, 6.115, 7.27, 8.349, 8.65, 8.829, 7.857, 6.549, 6.677, 6.271, 6.