[[0, 1.26, 2.58, 2.99, 3.18, 1.73, 1.92, 4.97, 4.87, 5.2, 6.03, 7.59, 9.26, 9.59, 8.9, 9.32, 9.51, 8.83, 9.16, 9.68, 9.77, 9.84, 9.79, 9.75, 11.21, 12.878, 13.19, 12.897, 12.869, 12.662, 12.455, 13.388, 14.321, 14.4, 14.06, 13.79, 13.59, 14.352, 16.083, 17.495, 17.682, 17.956, 17.842, 18.337, 18.439, 17.667, 16.81, 17.125, 17.487, 17.237, 17.27, 16.975, 16.238, 15.609, 15.366, 16.795, 17.612, 17.14, 15.74, 15.0, 14.64, 14.64, 14.68, 15.35, 15.49, 14.56, 11.982, 8.933, 7.249, 7.113, 6.992, 6.255, 4.97, 4.0, 4.21, 4.05, 4.17, 4.05, 6.64, 9.45, 11.333, 13.338, 14.841, 15.594, 16.407, 17.019], [1.26, 0, 1.72, 2.13, 2.46, 1.59, 1.52, 4.37, 4.27, 4.64, 5.45, 7.01, 8.64, 9.09, 8.32, 8.82, 8.89, 8.03, 8.24, 8.94, 8.89, 9.0, 8.99, 9.09, 10.49, 12.341, 12.627, 12.351, 12.289, 12.022, 11.829, 12.766, 13.764, 13.86, 13.437, 13.13, 12.93, 13.777, 15.479, 16.947, 17.133, 17.356, 17.216, 17.74, 17.899, 17.07, 16.233, 16.338, 16.795, 16.545, 16.635, 16.34, 15.613, 14.983, 14.73, 16.17, 16.983, 16.52, 15.16, 14.46, 14.1, 14.12, 14.12, 14.77, 14.85, 13.857, 11.407, 8.253, 6.472, 6.448, 6.441, 5.641, 4.31, 3.44, 3.85, 3.63, 3.77, 3.47, 5.88, 8.43, 10.396, 12.737, 14.2, 14.99, 15.808, 16.358], [2.58, 1.72, 0, 0.75, 1.42, 2.17, 1.42, 2.99, 2.83, 3.34, 4.17, 5.59, 7.3, 7.73, 6.94, 7.52, 7.65, 6.77, 7.12, 7.62, 7.67, 7.68, 7.71, 7.79, 9.13, 11.044, 11.39, 11.097, 10.904, 10.637, 10.387, 11.304, 12.47, 12.58, 12.2, 11.91, 11.69, 12.48, 14.103, 15.59, 15.774, 15.96, 15.814, 16.358, 16.514, 15.688, 14.851, 15.076, 15.487, 15.254, 15.344, 14.924, 14.154, 13.53, 13.29, 14.68, 15.501, 15.14, 13.88, 13.24, 12.86, 12.84, 12.88, 13.55, 13.65, 12.7, 10.193, 7.036, 5.009, 5.006, 4.987, 4.587, 3.47, 2.96, 3.39, 3.21, 3.29, 2.71, 4.52, 7.127, 9.05, 11.483, 13.012, 13.785, 14.597, 15.128], [2.99, 2.13, 0.75, 0, 1.01, 2.36, 1.57, 2.64, 2.46, 2.97, 3.82, 5.24, 6.89, 7.26, 6.53, 7.11, 7.28, 6.48, 6.73, 7.27, 7.3, 7.29, 7.32, 7.36, 8.66, 10.58, 10.943, 10.65, 10.434, 10.167, 9.917, 10.834, 12.003, 12.11, 11.81, 11.5, 11.3, 12.033, 13.638, 15.12, 15.312, 15.49, 15.344, 15.888, 16.044, 15.218, 14.387, 14.643, 15.043, 14.813, 14.9, 14.457, 13.684, 13.06, 12.82, 14.21, 15.031, 14.69, 13.45, 12.81, 12.43, 12.39, 12.45, 13.12, 13.26, 12.31, 9.768, 6.609, 4.582, 4.576, 4.614, 4.44, 3.4, 3.07, 3.52, 3.32, 3.4, 2.68, 4.13, 6.74, 8.663, 11.041, 12.608, 13.38, 14.176, 14.7], [3.18, 2.46, 1.42, 1.01, 0, 2.23, 1.6, 2.29, 2.19, 2.58, 3.37, 4.85, 6.5, 6.89, 6.18, 6.74, 7.37, 6.69, 6.78, 7.42, 7.57, 7.54, 7.59, 7.39, 8.41, 10.17, 10.579, 10.26, 10.007, 9.74, 9.49, 10.407, 11.613, 11.74, 11.5, 11.23, 10.99, 11.689, 13.263, 14.722, 14.923, 15.06, 14.917, 15.467, 15.617, 14.794, 13.96, 14.362, 14.664, 14.406, 14.51, 14.05, 13.277, 12.65, 12.39, 13.76, 14.584, 14.3, 13.08, 12.44, 12.1, 12.0, 12.08, 12.75, 12.95, 12.04, 9.416, 6.291, 4.335, 4.355, 4.84, 4.864, 3.95, 3.68, 4.11, 3.89, 3.99, 3.03, 4.36, 6.73, 8.568, 10.68, 12.312, 13.085, 13.878, 14.431], [1.73, 1.59, 2.17, 2.36, 2.23, 0, 1.03, 4.16, 3.96, 4.35, 5.3, 6.8, 8.41, 8.84, 8.15, 8.71, 9.3, 8.7, 8.81, 9.47, 9.58, 9.51, 9.58, 9.42, 10.54, 12.12, 12.577, 12.25, 11.98, 11.722, 11.457, 12.374, 13.572, 13.79, 13.55, 13.34, 13.1, 13.704, 15.288, 16.737, 16.904, 17.03, 16.89, 17.44, 17.584, 16.761, 15.927, 16.477, 16.717, 16.467, 16.52, 16.032, 15.227, 14.64, 14.36, 15.73, 16.58, 16.31, 15.09, 14.49, 14.11, 13.95, 14.09, 14.84, 15.06, 14.13, 11.475, 8.386, 6.462, 6.254, 6.697, 6.414, 4.96, 3.87, 4.0, 3.86, 4.0, 3.86, 6.35, 8.84, 10.726, 12.71, 14.377, 15.149, 15.957, 16.552], [1.92, 1.52, 1.42, 1.57, 1.6, 1.03, 0, 3.55, 3.31, 3.74, 4.71, 6.17, 7.8, 8.25, 7.58, 8.14, 8.57, 7.93, 8.16, 8.76, 8.83, 8.8, 8.81, 8.75, 9.91, 11.57, 12.022, 11.7, 11.37, 11.129, 10.85, 11.767, 12.999, 13.22, 12.98, 12.75, 12.51, 13.152, 14.712, 16.144, 16.332, 16.42, 16.277, 16.83, 16.98, 16.157, 15.329, 15.887, 16.127, 15.877, 15.95, 15.422, 14.64, 14.07, 13.77, 15.12, 15.95, 15.76, 14.54, 13.92, 13.56, 13.42, 13.52, 14.25, 14.47, 13.54, 10.902, 7.796, 5.849, 5.569, 5.867, 5.644, 4.33, 3.68, 3.95, 3.69, 3.85, 3.25, 5.56, 8.19, 10.113, 12.14, 13.804, 14.577, 15.367, 15.962], [4.97, 4.37, 2.99, 2.64, 2.29, 4.16, 3.55, 0, 0.96, 1.19, 1.6, 2.84, 4.35, 4.98, 4.23, 4.79, 5.72, 5.12, 5.27, 5.95, 6.08, 6.03, 6.06, 5.88, 6.88, 8.32, 8.74, 8.41, 8.14, 7.787, 7.511, 8.442, 9.617, 9.95, 9.73, 9.58, 9.3, 9.847, 11.473, 12.82, 13.09, 13.07, 12.95, 13.5, 13.63, 12.81, 12.03, 12.68, 12.9, 12.69, 12.68, 12.14, 11.33, 10.78, 10.56, 11.87, 12.72, 12.47, 11.23, 10.65, 10.27, 10.13, 10.25, 11.04, 11.28, 10.31, 7.66, 4.7, 3.31, 3.11, 4.03, 4.39, 4.12, 4.43, 5.04, 4.94, 4.92, 3.56, 2.87, 5.28, 7.118, 8.896, 10.568, 11.341, 12.148, 12.801], [4.87, 4.27, 2.83, 2.46, 2.19, 3.96, 3.31, 0.96, 0, 0.87, 1.6, 2.94, 4.55, 5.12, 4.41, 4.99, 5.76, 5.08, 5.31, 5.91, 6.16, 6.13, 6.08, 5.88, 6.94, 8.44, 8.897, 8.57, 8.22, 7.962, 7.68, 8.58, 9.852, 10.11, 9.87, 9.68, 9.42, 10.024, 11.588, 12.997, 13.21, 13.23, 13.09, 13.68, 13.81, 12.97, 12.159, 12.8, 13.037, 12.79, 12.84, 12.272, 11.49, 10.94, 10.62, 11.97, 12.8, 12.63, 11.41, 10.81, 10.43, 10.27, 10.41, 11.16, 11.38, 10.45, 7.797, 4.78, 3.65, 3.57, 4.35, 4.79, 4.46, 4.61, 5.16, 5.08, 5.06, 3.68, 2.99, 5.26, 7.149, 9.033, 10.702, 11.475, 12.282, 12.898], [5.2, 4.64, 3.34, 2.97, 2.58, 4.35, 3.74, 1.19, 0.87, 0, 1.17, 2.57, 4.24, 4.71, 4.06, 4.68, 5.61, 4.83, 5.12, 5.7, 6.01, 5.98, 5.89, 5.63, 6.59, 8.03, 8.487, 8.16, 7.87, 7.609, 7.37, 8.264, 9.476, 9.7, 9.46, 9.27, 9.01, 9.614, 11.178, 12.607, 12.8, 12.92, 12.774, 13.33, 13.474, 12.654, 11.823, 12.39, 12.627, 12.38, 12.43, 11.902, 11.14, 10.53, 10.27, 11.66, 12.49, 12.22, 11.0, 10.4, 10.02, 9.88, 10.0, 10.75, 10.97, 10.04, 7.387, 4.65, 3.74, 3.62, 4.62, 5.04, 4.63, 4.96, 5.69, 5.59, 5.51, 4.11, 3.0, 4.95, 6.805, 8.623, 10.289, 11.062, 11.869, 12.488], [6.03, 5.45, 4.17, 3.82, 3.37, 5.3, 4.71, 1.6, 1.6, 1.17, 0, 1.86, 3.47, 4.0, 3.33, 3.93, 4.76, 4.14, 4.23, 4.79, 5.08, 5.13, 5.0, 4.76, 5.76, 7.16, 7.56, 7.23, 7.06, 6.738, 6.58, 7.442, 8.546, 8.77, 8.57, 8.38, 8.12, 8.687, 10.313, 11.7, 11.95, 12.07, 11.915, 12.48, 12.615, 11.795, 11.01, 11.52, 11.74, 11.51, 11.52, 11.08, 10.31, 9.68, 9.48, 10.85, 11.68, 11.29, 10.05, 9.47, 9.09, 8.99, 9.07, 9.86, 10.08, 9.13, 6.6, 4.58, 3.99, 3.93, 4.83, 5.27, 5.26, 5.67, 6.42, 6.32, 6.22, 4.82, 2.91, 4.22, 5.978, 7.733, 9.385, 10.158, 10.965, 11.601], [7.59, 7.01, 5.59, 5.24, 4.85, 6.8, 6.17, 2.84, 2.94, 2.57, 1.86, 0, 1.91, 2.5, 1.85, 2.59, 3.44, 2.76, 3.03, 3.51, 3.82, 3.85, 3.64, 3.38, 4.2, 5.62, 6.037, 5.71, 5.42, 5.15, 5.14, 5.92, 7.026, 7.23, 6.99, 6.82, 6.54, 7.162, 8.728, 10.134, 10.35, 10.45, 10.304, 10.88, 11.01, 10.19, 9.37, 9.92, 10.16, 9.93, 9.98, 9.452, 8.73, 8.12, 7.82, 9.23, 10.06, 9.79, 8.55, 7.93, 7.57, 7.43, 7.53, 8.28, 8.52, 7.57, 5.04, 3.78, 3.91, 3.97, 4.83, 5.41, 5.5, 6.49, 7.32, 7.18, 7.18, 5.6, 2.95, 2.8, 4.4, 6.176, 7.828, 8.601, 9.408, 10.038], [9.26, 8.64, 7.3, 6.89, 6.5, 8.41, 7.8, 4.35, 4.55, 4.24, 3.47, 1.91, 0, 0.93, 0.96, 1.26, 2.25, 1.79, 2.04, 2.38, 2.59, 2.4, 2.31, 2.03, 2.77, 4.07, 4.41, 4.08, 3.83, 3.48, 3.45, 4.29, 5.304, 5.62, 5.42, 5.27, 4.99, 5.517, 7.143, 8.49, 8.78, 8.74, 8.64, 9.19, 9.32, 8.48, 7.72, 8.37, 8.59, 8.4, 8.39, 7.85, 7.06, 6.53, 6.33, 7.6, 8.43, 8.18, 6.9, 6.32, 5.94, 5.82, 5.94, 6.73, 6.97, 5.98, 3.77, 3.17, 3.86, 3.8, 4.64, 5.58, 5.93, 7.34, 8.33, 8.27, 8.17, 6.45, 3.88, 2.01, 2.97, 4.586, 6.27, 7.034, 7.841, 8.494], [9.59, 9.09, 7.73, 7.26, 6.89, 8.84, 8.25, 4.98, 5.12, 4.71, 4.0, 2.5, 0.93, 0, 1.09, 0.99, 2.06, 1.92, 2.05, 2.09, 2.36, 2.01, 2.1, 1.72, 2.34, 3.56, 3.88, 3.51, 3.36, 3.21, 3.1, 3.96, 4.843, 4.99, 4.79, 4.66, 4.42, 4.962, 6.573, 7.994, 8.19, 8.39, 8.301, 8.791, 8.881, 8.115, 7.33, 7.86, 8.08, 7.93, 7.94, 7.48, 6.689, 6.12, 5.96, 7.29, 8.059, 7.71, 6.39, 5.69, 5.33, 5.25, 5.37, 6.16, 6.36, 5.35, 3.34, 2.9, 3.89, 3.85, 4.53, 5.63, 6.0, 7.59, 8.7, 8.62, 8.48, 6.58, 4.11, 2.18, 2.5, 4.059, 5.68, 6.407, 7.214, 7.884], [8.9, 8.32, 6.94, 6.53, 6.18, 8.15, 7.58, 4.23, 4.41, 4.06, 3.33, 1.85, 0.96, 1.09, 0, 1.16, 2.39, 2.01, 2.16, 2.38, 2.63, 2.52, 2.61, 2.33, 3.05, 4.31, 4.59, 4.28, 4.15, 3.84, 3.81, 4.63, 5.61, 5.8, 5.58, 5.43, 5.15, 5.66, 7.343, 8.753, 9.02, 9.12, 8.971, 9.515, 9.671, 8.845, 8.1, 8.53, 8.79, 8.6, 8.59, 8.17, 7.374, 6.75, 6.61, 7.94, 8.749, 8.32, 7.06, 6.48, 6.1, 6.06, 6.12, 6.89, 7.13, 6.14, 3.67, 2.59, 3.26, 3.3, 4.02, 5.04, 5.41, 6.84, 8.03, 7.95, 7.77, 5.87, 3.32, 1.69, 3.07, 4.786, 6.418, 7.191, 7.998, 8.651], [9.32, 8.82, 7.52, 7.11, 6.74, 8.71, 8.14, 4.79, 4.99, 4.68, 3.93, 2.59, 1.26, 0.99, 1.16, 0, 1.59, 1.71, 1.98, 1.78, 1.95, 1.82, 1.93, 1.67, 2.45, 3.75, 4.027, 3.68, 3.61, 3.368, 3.25, 4.118, 5.09, 5.22, 5.0, 4.81, 4.61, 5.157, 6.84, 8.25, 8.48, 8.66, 8.565, 9.055, 9.185, 8.37, 7.56, 8.01, 8.27, 8.08, 8.05, 7.721, 6.948, 6.33, 6.13, 7.52, 8.318, 7.84, 6.5, 5.9, 5.54, 5.42, 5.52, 6.27, 6.51, 5.54, 3.19, 2.77, 3.64, 3.62, 4.22, 5.28, 5.69, 7.36, 8.53, 8.45, 8.31, 6.29, 3.82, 2.13, 2.55, 4.166, 5.81, 6.571, 7.378, 8.031], [9.51, 8.89, 7.65, 7.28, 7.37, 9.3, 8.57, 5.72, 5.76, 5.61, 4.76, 3.44, 2.25, 2.06, 2.39, 1.59, 0, 1.56, 1.77, 1.23, 1.28, 1.45, 1.36, 1.24, 1.96, 3.668, 3.943, 3.63, 3.679, 3.472, 3.38, 4.219, 5.111, 5.05, 4.87, 4.56, 4.52, 5.19, 6.875, 8.293, 8.48, 8.756, 8.654, 9.132, 9.248, 8.462, 7.605, 7.889, 8.282, 8.012, 8.099, 7.769, 7.054, 6.421, 6.193, 7.601, 8.424, 7.966, 6.45, 5.69, 5.39, 5.33, 5.45, 6.0, 6.1, 5.17, 3.0, 3.4, 4.37, 4.49, 4.65, 5.45, 5.94, 7.65, 8.86, 8.8, 8.66, 6.62, 4.03, 2.46, 2.6, 4.23, 5.485, 6.272, 7.005, 7.604], [8.83, 8.03, 6.77, 6.48, 6.69, 8.7, 7.93, 5.12, 5.08, 4.83, 4.14, 2.76, 1.79, 1.92, 2.01, 1.71, 1.56, 0, 1.15, 1.21, 1.44, 1.77, 1.44, 1.46, 2.88, 4.702, 4.954, 4.675, 4.722, 4.515, 4.42, 5.28, 6.145, 6.11, 5.81, 5.48, 5.3, 6.161, 7.869, 9.313, 9.488, 9.788, 9.691, 10.164, 10.277, 9.494, 8.637, 8.776, 9.247, 9.02, 9.073, 8.792, 8.076, 7.444, 7.216, 8.633, 9.446, 8.969, 7.51, 6.69, 6.39, 6.37, 6.43, 7.0, 7.12, 6.07, 3.76, 3.1, 4.05, 4.27, 4.41, 4.85, 5.44, 6.91, 8.12, 8.1, 7.92, 6.12, 3.29, 1.64, 2.82, 5.094, 6.41, 7.203, 8.001, 8.563], [9.16, 8.24, 7.12, 6.73, 6.78, 8.81, 8.16, 5.27, 5.31, 5.12, 4.23, 3.03, 2.04, 2.05, 2.16, 1.98, 1.77, 1.15, 0, 1.1, 1.51, 1.88, 1.67, 1.57, 2.85, 4.638, 4.838, 4.548, 4.71, 4.5, 4.39, 5.31, 6.181, 6.04, 5.708, 5.399, 5.195, 6.075, 7.784, 9.242, 9.414, 9.7, 9.594, 10.076, 10.206, 9.412, 8.549, 8.688, 9.133, 8.915, 8.982, 8.71, 8.009, 7.376, 7.149, 8.545, 9.364, 8.902, 7.38, 6.64, 6.34, 6.32, 6.38, 6.93, 7.05, 5.94, 3.69, 2.97, 3.92, 4.12, 4.36, 4.98, 5.49, 7.08, 8.31, 8.23, 8.09, 6.15, 3.38, 1.69, 2.81, 4.972, 6.208, 7.035, 7.777, 8.435], [9.68, 8.94, 7.62, 7.27, 7.42, 9.47, 8.76, 5.95, 5.91, 5.7, 4.79, 3.51, 2.38, 2.09, 2.38, 1.78, 1.23, 1.21, 1.1, 0, 0.95, 1.36, 1.13, 1.13, 2.23, 4.01, 4.232, 3.959, 4.009, 3.84, 3.71, 4.61, 5.492, 5.351, 5.06, 4.77, 4.75, 5.482, 7.141, 8.587, 8.74, 9.063, 8.951, 9.439, 9.552, 8.772, 7.912, 8.086, 8.516, 8.249, 8.334, 8.067, 7.361, 6.728, 6.502, 7.905, 8.721, 8.255, 6.74, 5.96, 5.66, 5.64, 5.72, 6.23, 6.33, 5.24, 3.13, 3.13, 4.26, 4.44, 4.54, 5.2, 5.75, 7.36, 8.63, 8.59, 8.43, 6.51, 3.68, 1.79, 2.39, 4.381, 5.609, 6.367, 7.126, 7.77], [9.77, 8.89, 7.67, 7.3, 7.57, 9.58, 8.83, 6.08, 6.16, 6.01, 5.08, 3.82, 2.59, 2.36, 2.63, 1.95, 1.28, 1.44, 1.51, 0.95, 0, 0.79, 0.9, 1.24, 2.2, 3.98, 4.24, 3.95, 3.993, 3.792, 3.642, 4.54, 5.44, 5.39, 5.03, 4.72, 4.76, 5.53, 7.135, 8.579, 8.743, 9.06, 8.948, 9.436, 9.543, 8.766, 7.909, 8.033, 8.51, 8.265, 8.333, 8.055, 7.339, 6.706, 6.473, 7.896, 8.709, 8.226, 6.77, 5.97, 5.67, 5.65, 5.69, 6.3, 6.36, 5.37, 3.58, 3.52, 4.33, 4.47, 4.53, 5.03, 5.78, 7.43, 8.64, 8.64, 8.44, 6.62, 3.81, 1.98, 2.4, 4.47, 5.715, 6.465, 7.289, 7.839], [9.84, 9.0, 7.68, 7.29, 7.54, 9.51, 8.8, 6.03, 6.13, 5.98, 5.13, 3.85, 2.4, 2.01, 2.52, 1.82, 1.45, 1.77, 1.88, 1.36, 0.79, 0, 0.81, 1.15, 2.03, 3.861, 4.21, 3.897, 3.815, 3.608, 3.386, 4.363, 5.304, 5.36, 4.937, 4.65, 4.67, 5.32, 6.991, 8.427, 8.602, 8.9, 8.805, 9.286, 9.385, 8.616, 7.759, 7.907, 8.384, 8.159, 8.244, 7.897, 7.173, 6.54, 6.31, 7.73, 8.543, 8.1, 6.74, 5.96, 5.58, 5.58, 5.68, 6.33, 6.33, 5.4, 3.91, 3.73, 4.34, 4.46, 4.5, 5.16, 6.01, 7.56, 8.73, 8.75, 8.55, 6.85, 4.04, 2.11, 2.31, 4.36, 5.777, 6.47, 7.291, 7.807], [9.79, 8.99, 7.71, 7.32, 7.59, 9.58, 8.81, 6.06, 6.08, 5.89, 5.0, 3.64, 2.31, 2.1, 2.61, 1.93, 1.36, 1.44, 1.67, 1.13, 0.9, 0.81, 0, 0.82, 1.82, 3.745, 4.057, 3.75, 3.773, 3.63, 3.46, 4.34, 5.22, 5.19, 4.85, 4.6, 4.76, 5.37, 6.917, 8.359, 8.528, 8.831, 8.714, 9.209, 9.323, 8.539, 7.692, 7.839, 8.281, 8.062, 8.141, 7.821, 7.105, 6.472, 6.238, 7.662, 8.475, 8.011, 6.57, 5.77, 5.39, 5.39, 5.49, 6.14, 6.14, 5.23, 3.86, 3.86, 4.63, 4.75, 4.93, 5.41, 6.06, 7.63, 8.88, 8.9, 8.68, 6.86, 4.01, 2.12, 2.38, 4.23, 5.599, 6.232, 7.05, 7.632], [9.75, 9.09, 7.79, 7.36, 7.39, 9.42, 8.75, 5.88, 5.88, 5.63, 4.76, 3.38, 2.03, 1.72, 2.33, 1.67, 1.24, 1.46, 1.57, 1.13, 1.24, 1.15, 0.82, 0, 1.56, 3.468, 3.797, 3.481, 3.5, 3.35, 3.22, 4.2, 5.0, 4.95, 4.63, 4.26, 4.26, 4.947, 6.643, 8.082, 8.257, 8.563, 8.434, 8.945, 9.046, 8.275, 7.417, 7.606, 8.007, 7.801, 7.871, 7.555, 6.828, 6.195, 5.958, 7.385, 8.198, 7.75, 6.33, 5.53, 5.13, 5.15, 5.25, 5.94, 6.02, 5.13, 3.58, 3.62, 4.47, 4.69, 4.93, 5.67, 6.1, 7.67, 8.92, 8.86, 8.72, 6.84, 4.05, 2.12, 2.06, 3.95, 5.393, 6.026, 6.822, 7.415], [11.21, 10.49, 9.13, 8.66, 8.41, 10.54, 9.91, 6.88, 6.94, 6.59, 5.76, 4.2, 2.77, 2.34, 3.05, 2.45, 1.96, 2.88, 2.85, 2.23, 2.2, 2.03, 1.82, 1.56, 0, 2.06, 2.54, 2.25, 2.16, 2.11, 2.24, 3.12, 3.8, 3.69, 3.61, 3.52, 3.6, 4.05, 5.216, 6.586, 6.813, 7.05, 6.958, 7.448, 7.538, 6.778, 5.933, 6.266, 6.646, 6.396, 6.52, 6.103, 5.37, 4.72, 4.5, 5.871, 6.684, 6.35, 5.05, 4.33, 3.93, 3.83, 4.17, 4.86, 5.02, 4.09, 3.2, 3.98, 5.11, 5.27, 5.61, 6.63, 7.18, 8.73, 9.94, 9.86, 9.78, 7.94, 5.27, 2.96, 1.94, 3.19, 4.344, 4.835, 5.602, 6.204], [12.878, 12.341, 11.044, 10.58, 10.17, 12.12, 11.57, 8.32, 8.44, 8.03, 7.16, 5.62, 4.07, 3.56, 4.31, 3.75, 3.668, 4.702, 4.638, 4.01, 3.98, 3.861, 3.745, 3.468, 2.06, 0, 1.0, 1.05, 1.28, 1.65, 2.14, 2.46, 2.5, 2.45, 2.61, 2.76, 2.82, 2.89, 3.41, 4.72, 4.89, 5.103, 5.009, 5.5, 5.583, 4.806, 3.969, 4.56, 4.817, 4.53, 4.6, 4.2, 3.43, 2.98, 2.8, 3.97, 4.799, 4.45, 3.19, 2.95, 2.41, 2.21, 2.67, 3.48, 3.72, 2.81, 3.02, 4.96, 6.45, 6.43, 6.83, 7.89, 8.64, 10.29, 11.42, 11.42, 11.32, 9.36, 6.83, 4.54, 2.68, 2.23, 3.03, 3.56, 4.11, 4.66], [13.19, 12.627, 11.39, 10.943, 10.579, 12.577, 12.022, 8.74, 8.897, 8.487, 7.56, 6.037, 4.41, 3.88, 4.59, 4.027, 3.943, 4.954, 4.838, 4.232, 4.24, 4.21, 4.057, 3.797, 2.54, 1.0, 0, 0.69, 1.14, 1.41, 2.04, 2.26, 2.2, 1.89, 2.09, 2.34, 2.46, 2.53, 3.17, 4.5, 4.75, 4.89, 4.778, 5.256, 5.42, 4.586, 3.85, 4.24, 4.48, 4.37, 4.36, 4.02, 3.27, 2.84, 2.92, 3.91, 4.58, 4.11, 2.75, 2.31, 2.01, 2.17, 2.45, 3.16, 3.48, 2.47, 2.64, 5.02, 6.71, 6.81, 7.05, 8.05, 8.9, 10.63, 11.86, 11.86, 11.72, 9.62, 7.05, 4.78, 2.94, 1.65, 2.33, 2.92, 3.53, 4.215], [12.897, 12.351, 11.097, 10.65, 10.26, 12.25, 11.7, 8.41, 8.57, 8.16, 7.23, 5.71, 4.08, 3.51, 4.28, 3.68, 3.63, 4.675, 4.548, 3.959, 3.95, 3.897, 3.75, 3.481, 2.25, 1.05, 0.69, 0, 0.91, 1.22, 1.77, 2.23, 2.25, 1.86, 1.96, 2.13, 2.17, 2.28, 3.38, 4.77, 5.0, 5.173, 5.062, 5.546, 5.667, 4.876, 4.16, 4.55, 4.77, 4.66, 4.59, 4.29, 3.56, 3.05, 3.09, 4.14, 4.85, 4.38, 2.94, 2.5, 2.16, 2.38, 2.56, 3.33, 3.61, 2.48, 2.27, 4.75, 6.4, 6.48, 6.74, 7.74, 8.55, 10.32, 11.55, 11.55, 11.41, 9.29, 6.76, 4.51, 2.63, 1.6, 2.48, 3.15, 3.812, 4.465], [12.869, 12.289, 10.904, 10.434, 10.007, 11.98, 11.37, 8.14, 8.22, 7.87, 7.06, 5.42, 3.83, 3.36, 4.15, 3.61, 3.679, 4.722, 4.71, 4.009, 3.993, 3.815, 3.773, 3.5, 2.16, 1.28, 1.14, 0.91, 0, 0.75, 1.22, 1.58, 1.98, 1.95, 2.03, 2.38, 2.32, 2.45, 3.39, 4.82, 5.01, 5.09, 4.99, 5.48, 5.61, 4.807, 4.01, 4.68, 4.88, 4.77, 4.86, 4.34, 3.49, 3.12, 2.96, 4.13, 4.78, 4.55, 3.27, 2.77, 2.39, 2.41, 2.67, 3.28, 3.7, 2.55, 2.48, 4.74, 6.21, 6.17, 6.57, 7.69, 8.54, 10.19, 11.3, 11.3, 11.24, 9.34, 6.79, 4.36, 2.58, 1.95, 2.87, 3.44, 4.114, 4.788], [12.662, 12.022, 10.637, 10.167, 9.74, 11.722, 11.129, 7.787, 7.962, 7.609, 6.738, 5.15, 3.48, 3.21, 3.84, 3.368, 3.472, 4.515, 4.5, 3.84, 3.792, 3.608, 3.63, 3.35, 2.11, 1.65, 1.41, 1.22, 0.75, 0, 0.91, 1.51, 2.07, 2.34, 2.38, 2.63, 2.59, 2.62, 3.778, 5.13, 5.42, 5.34, 5.22, 5.75, 5.88, 5.06, 4.42, 5.11, 5.27, 5.18, 5.25, 4.67, 3.7, 3.43, 3.27, 4.44, 5.05, 4.86, 3.64, 3.16, 2.8, 2.8, 2.96, 3.63, 3.95, 2.8, 2.41, 4.53, 5.94, 5.9, 6.3, 7.5, 8.33, 9.94, 11.05, 11.07, 10.99, 9.15, 6.54, 4.09, 2.53, 2.2, 3.26, 3.85, 4.541, 5.255], [12.455, 11.829, 10.387, 9.917, 9.49, 11.457, 10.85, 7.511, 7.68, 7.37, 6.58, 5.14, 3.45, 3.1, 3.81, 3.25, 3.38, 4.42, 4.39, 3.71, 3.642, 3.386, 3.46, 3.22, 2.24, 2.14, 2.04, 1.77, 1.22, 0.91, 0, 1.26, 2.44, 2.81, 2.63, 2.78, 2.84, 2.93, 4.205, 5.56, 5.89, 5.63, 5.55, 6.12, 6.21, 5.33, 4.79, 5.54, 5.72, 5.59, 5.62, 4.96, 3.97, 3.72, 3.56, 4.67, 5.34, 5.25, 4.05, 3.57, 3.19, 3.11, 3.29, 4.06, 4.3, 3.23, 2.5, 4.26, 5.61, 5.53, 5.93, 7.19, 8.02, 9.67, 10.8, 10.82, 10.72, 8.94, 6.33, 3.88, 2.54, 2.21, 3.51, 4.201, 5.0, 5.676], [13.388, 12.766, 11.304, 10.834, 10.407, 12.374, 11.767, 8.442, 8.58, 8.264, 7.442, 5.92, 4.29, 3.96, 4.63, 4.118, 4.219, 5.28, 5.31, 4.61, 4.54, 4.363, 4.34, 4.2, 3.12, 2.46, 2.26, 2.23, 1.58, 1.51, 1.26, 0, 1.54, 1.93, 2.03, 2.32, 2.4, 2.33, 3.39, 4.68, 5.01, 4.71, 4.65, 5.2, 5.29, 4.41, 3.91, 4.66, 4.84, 4.71, 4.7, 4.06, 3.05, 2.78, 2.66, 3.73, 4.44, 4.37, 3.19, 2.75, 2.35, 2.21, 2.33, 3.04, 3.34, 2.33, 2.9, 4.96, 6.41, 6.35, 6.69, 7.93, 8.82, 10.53, 11.64, 11.693, 11.56, 9.8, 7.19, 4.64, 3.16, 2.39, 2.85, 3.62, 4.17, 4.793], [14.321, 13.764, 12.47, 12.003, 11.613, 13.572, 12.999, 9.617, 9.852, 9.476, 8.546, 7.026, 5.304, 4.843, 5.61, 5.09, 5.111, 6.145, 6.181, 5.492, 5.44, 5.304, 5.22, 5.0, 3.8, 2.5, 2.2, 2.25, 1.98, 2.07, 2.44, 1.54, 0, 1.17, 1.75, 2.1, 2.14, 1.69, 2.19, 3.48, 3.77, 3.77, 3.61, 4.08, 4.19, 3.386, 2.99, 3.52, 3.72, 3.57, 3.68, 3.2, 2.21, 1.98, 1.88, 3.03, 3.54, 3.25, 2.01, 2.07, 1.59, 1.49, 1.29, 1.86, 2.18, 1.55, 3.14, 5.86, 7.59, 7.57, 7.81, 8.83, 9.74, 11.55, 12.72, 12.78, 12.64, 10.74, 8.21, 5.72, 3.82, 2.65, 2.75, 3.14, 3.31, 3.6], [14.4, 13.86, 12.58, 12.11, 11.74, 13.79, 13.22, 9.95, 10.11, 9.7, 8.77, 7.23, 5.62, 4.99, 5.8, 5.22, 5.05, 6.11, 6.04, 5.351, 5.39, 5.36, 5.19, 4.95, 3.69, 2.45, 1.89, 1.86, 1.95, 2.34, 2.81, 1.93, 1.17, 0, 1.06, 1.37, 1.57, 1.36, 1.94, 3.41, 3.56, 3.736, 3.639, 4.129, 4.208, 3.479, 2.92, 3.17, 3.43, 3.3, 3.41, 3.09, 2.28, 1.75, 1.93, 2.92, 3.45, 2.98, 1.56, 1.48, 1.02, 1.2, 1.32, 1.77, 2.11, 1.4, 3.09, 5.83, 7.66, 7.74, 7.9, 8.86, 9.69, 11.64, 12.93, 12.95, 12.77, 10.65, 8.16, 5.79, 3.79, 2.26, 2.28, 2.73, 2.9, 3.03], [14.06, 13.437, 12.2, 11.81, 11.5, 13.55, 12.98, 9.73, 9.87, 9.46, 8.57, 6.99, 5.42, 4.79, 5.58, 5.0, 4.87, 5.81, 5.708, 5.06, 5.03, 4.937, 4.85, 4.63, 3.61, 2.61, 2.09, 1.96, 2.03, 2.38, 2.63, 2.03, 1.75, 1.06, 0, 0.77, 1.13, 1.28, 2.22, 3.61, 3.8, 4.06, 3.96, 4.45, 4.54, 3.78, 3.0, 3.25, 3.59, 3.52, 3.51, 3.17, 2.5, 2.05, 2.23, 3.18, 3.75, 3.26, 2.0, 1.52, 1.28, 1.72, 1.82, 2.35, 2.59, 1.86, 2.97, 5.61, 7.36, 7.5, 7.62, 8.52, 9.53, 11.44, 12.71, 12.73, 12.59, 10.57, 7.9, 5.29, 3.37, 1.74, 1.98, 2.67, 3.06, 3.31], [13.79, 13.13, 11.91, 11.5, 11.23, 13.34, 12.75, 9.58, 9.68, 9.27, 8.38, 6.82, 5.27, 4.66, 5.43, 4.81, 4.56, 5.48, 5.399, 4.77, 4.72, 4.65, 4.6, 4.26, 3.52, 2.76, 2.34, 2.13, 2.38, 2.63, 2.78, 2.32, 2.1, 1.37, 0.77, 0, 1.02, 1.35, 2.51, 3.94, 4.052, 4.346, 4.269, 4.799, 4.869, 4.09, 3.33, 3.42, 3.86, 3.67, 3.74, 3.48, 2.79, 2.34, 2.48, 3.35, 4.039, 3.55, 2.29, 1.81, 1.53, 1.93, 2.15, 2.58, 2.84, 2.17, 2.88, 5.32, 7.07, 7.27, 7.35, 8.21, 9.16, 11.07, 12.4, 12.42, 12.26, 10.26, 7.55, 5.08, 3.12, 1.57, 2.13, 2.82, 3.21, 3.34], [13.59, 12.93, 11.69, 11.3, 10.99, 13.1, 12.51, 9.3, 9.42, 9.01, 8.12, 6.54, 4.99, 4.42, 5.15, 4.61, 4.52, 5.3, 5.195, 4.75, 4.76, 4.67, 4.76, 4.26, 3.6, 2.82, 2.46, 2.17, 2.32, 2.59, 2.84, 2.4, 2.14, 1.57, 1.13, 1.02, 0, 1.19, 2.89, 4.3, 4.35, 4.53, 4.45, 4.96, 5.07, 4.29, 3.65, 3.66, 4.1, 4.05, 4.1, 3.84, 3.15, 2.52, 2.56, 3.57, 4.24, 3.73, 2.55, 2.21, 1.87, 2.19, 2.25, 2.76, 2.84, 2.21, 2.7, 5.12, 6.91, 7.07, 7.15, 8.05, 9.08, 10.95, 12.22, 12.22, 12.08, 10.12, 7.43, 4.84, 3.06, 1.93, 2.29, 2.82, 3.37, 3.638], [14.352, 13.777, 12.48, 12.033, 11.689, 13.704, 13.152, 9.847, 10.024, 9.614, 8.687, 7.162, 5.517, 4.962, 5.66, 5.157, 5.19, 6.161, 6.075, 5.482, 5.53, 5.32, 5.37, 4.947, 4.05, 2.89, 2.53, 2.28, 2.45, 2.62, 2.93, 2.33, 1.69, 1.36, 1.28, 1.35, 1.19, 0, 2.1, 3.45, 3.62, 3.68, 3.54, 4.03, 4.14, 3.36, 2.98, 3.15, 3.43, 3.48, 3.53, 3.13, 2.3, 1.95, 2.13, 2.92, 3.37, 2.94, 2.06, 2.18, 1.86, 1.88, 1.98, 2.53, 2.73, 2.24, 3.25, 5.89, 7.56, 7.64, 7.78, 8.82, 9.77, 11.6, 12.89, 12.91, 12.75, 10.77, 8.22, 5.65, 3.67, 2.26, 2.64, 3.03, 3.34, 3.31], [16.083, 15.479, 14.103, 13.638, 13.263, 15.288, 14.712, 11.473, 11.588, 11.178, 10.313, 8.728, 7.143, 6.573, 7.343, 6.84, 6.875, 7.869, 7.784, 7.141, 7.135, 6.991, 6.917, 6.643, 5.216, 3.41, 3.17, 3.38, 3.39, 3.778, 4.205, 3.39, 2.19, 1.94, 2.22, 2.51, 2.89, 2.1, 0, 1.63, 1.78, 2.2, 2.3, 2.49, 2.72, 2.02, 1.46, 1.51, 1.75, 1.62, 1.79, 1.41, 1.2, 1.23, 1.51, 1.8, 1.91, 1.68, 1.44, 2.32, 2.0, 1.88, 1.88, 1.87, 2.15, 2.38, 4.75, 7.55, 9.18, 9.18, 9.44, 10.5, 11.43, 13.266, 14.484, 14.504, 14.384, 12.45, 9.902, 7.344, 5.29, 3.2, 2.96, 3.25, 3.3, 2.75], [17.495, 16.947, 15.59, 15.12, 14.722, 16.737, 16.144, 12.82, 12.997, 12.607, 11.7, 10.134, 8.49, 7.994, 8.753, 8.25, 8.293, 9.313, 9.242, 8.587, 8.579, 8.427, 8.359, 8.082, 6.586, 4.72, 4.5, 4.77, 4.82, 5.13, 5.56, 4.68, 3.48, 3.41, 3.61, 3.94, 4.3, 3.45, 1.63, 0, 0.99, 1.83, 1.85, 1.92, 2.01, 1.83, 1.33, 1.36, 1.22, 1.25, 1.04, 1.06, 1.73, 2.22, 2.48, 1.81, 1.44, 1.67, 2.19, 2.87, 3.09, 3.147, 3.01, 2.56, 2.52, 3.57, 6.14, 8.98, 10.63, 10.61, 10.89, 11.943, 12.851, 14.69, 15.874, 15.894, 15.794, 13.873, 11.332, 8.777, 6.7, 4.35, 3.39, 3.58, 3.51, 2.82], [17.682, 17.133, 15.774, 15.312, 14.923, 16.904, 16.332, 13.09, 13.21, 12.8, 11.95, 10.35, 8.78, 8.19, 9.02, 8.48, 8.48, 9.488, 9.414, 8.74, 8.743, 8.602, 8.528, 8.257, 6.813, 4.89, 4.75, 5.0, 5.01, 5.42, 5.89, 5.01, 3.77, 3.56, 3.8, 4.052, 4.35, 3.62, 1.78, 0.99, 0, 1.44, 1.46, 1.53, 1.86, 1.64, 1.36, 1.37, 1.43, 1.36, 1.17, 1.25, 2.06, 2.41, 2.65, 1.84, 1.51, 1.56, 2.3, 2.96, 3.3, 3.3, 3.2, 2.67, 2.75, 3.74, 6.33, 9.143, 10.794, 10.82, 11.074, 12.116, 13.043, 14.9, 16.082, 16.102, 15.962, 14.041, 11.516, 8.949, 6.878, 4.5, 3.4, 3.13, 2.94, 2.29], [17.956, 17.356, 15.96, 15.49, 15.06, 17.03, 16.42, 13.07, 13.23, 12.92, 12.07, 10.45, 8.74, 8.39, 9.12, 8.66, 8.756, 9.788, 9.7, 9.063, 9.06, 8.9, 8.831, 8.563, 7.05, 5.103, 4.89, 5.173, 5.09, 5.34, 5.63, 4.71, 3.77, 3.736, 4.06, 4.346, 4.53, 3.68, 2.2, 1.83, 1.44, 0, 0.6, 0.91, 1.1, 1.08, 1.52, 1.97, 2.19, 2.3, 2.19, 1.91, 2.2, 2.49, 2.71, 2.2, 1.67, 1.68, 2.38, 3.16, 3.467, 3.487, 3.4, 3.09, 3.33, 4.02, 6.61, 9.41, 11.04, 10.98, 11.32, 12.42, 13.341, 15.096, 16.209, 16.25, 16.149, 14.312, 11.753, 9.19, 7.13, 4.78, 3.74, 3.25, 2.84, 2.27], [17.842, 17.216, 15.814, 15.344, 14.917, 16.89, 16.277, 12.95, 13.09, 12.774, 11.915, 10.304, 8.64, 8.301, 8.971, 8.565, 8.654, 9.691, 9.594, 8.951, 8.948, 8.805, 8.714, 8.434, 6.958, 5.009, 4.778, 5.062, 4.99, 5.22, 5.55, 4.65, 3.61, 3.639, 3.96, 4.269, 4.45, 3.54, 2.3, 1.85, 1.46, 0.6, 0, 0.85, 1.22, 0.94, 1.54, 1.99, 2.19, 2.34, 2.19, 1.91, 2.02, 2.31, 2.59, 2.2, 1.63, 1.66, 2.28, 3.036, 3.37, 3.43, 3.32, 2.91, 3.19, 3.94, 6.55, 9.31, 10.88, 10.82, 11.16, 12.34, 13.249, 14.971, 16.09, 16.135, 15.992, 14.23, 11.62, 9.05, 7.03, 4.7, 3.62, 3.09, 2.72, 2.27], [18.337, 17.74, 16.358, 15.888, 15.467, 17.44, 16.83, 13.5, 13.68, 13.33, 12.48, 10.88, 9.19, 8.791, 9.515, 9.055, 9.132, 10.164, 10.076, 9.439, 9.436, 9.286, 9.209, 8.945, 7.448, 5.5, 5.256, 5.546, 5.48, 5.75, 6.12, 5.2, 4.08, 4.129, 4.45, 4.799, 4.96, 4.03, 2.49, 1.92, 1.53, 0.91, 0.85, 0, 1.05, 1.39, 1.99, 2.24, 2.24, 2.45, 2.28, 2.1, 2.35, 2.9, 3.16, 2.71, 2.16, 2.13, 2.81, 3.526, 3.86, 3.94, 3.85, 3.5, 3.66, 4.43, 7.06, 9.78, 11.41, 11.37, 11.69, 12.81, 13.72, 15.469, 16.62, 16.66, 16.542, 14.7, 12.146, 9.6, 7.56, 5.19, 4.11, 3.52, 3.03, 2.64], [18.439, 17.899, 16.514, 16.044, 15.617, 17.584, 16.98, 13.63, 13.81, 13.474, 12.615, 11.01, 9.32, 8.881, 9.671, 9.185, 9.248, 10.277, 10.206, 9.552, 9.543, 9.385, 9.323, 9.046, 7.538, 5.583, 5.42, 5.667, 5.61, 5.88, 6.21, 5.29, 4.19, 4.208, 4.54, 4.869, 5.07, 4.14, 2.72, 2.01, 1.86, 1.1, 1.22, 1.05, 0, 1.32, 2.02, 2.37, 2.39, 2.6, 2.43, 2.17, 2.46, 3.05, 3.31, 2.7, 2.23, 2.18, 2.96, 3.68, 3.968, 4.008, 3.94, 3.55, 3.73, 4.52, 7.13, 9.95, 11.58, 11.52, 11.86, 12.92, 13.821, 15.636, 16.75, 16.795, 16.692, 14.815, 12.293, 9.73, 7.69, 5.32, 4.3, 3.87, 3.58, 3.01], [17.667, 17.07, 15.688, 15.218, 14.794, 16.761, 16.157, 12.81, 12.97, 12.654, 11.795, 10.19, 8.48, 8.115, 8.845, 8.37, 8.462, 9.494, 9.412, 8.772, 8.766, 8.616, 8.539, 8.275, 6.778, 4.806, 4.586, 4.876, 4.807, 5.06, 5.33, 4.41, 3.386, 3.479, 3.78, 4.09, 4.29, 3.36, 2.02, 1.83, 1.64, 1.08, 0.94, 1.39, 1.32, 0, 1.24, 1.69, 1.79, 2.0, 1.97, 1.59, 1.76, 2.19, 2.45, 1.72, 1.23, 1.24, 2.1, 3.12, 3.21, 3.21, 3.14, 2.73, 2.99, 3.76, 6.37, 9.13, 10.76, 10.7, 11.02, 12.14, 13.05, 14.819, 15.93, 15.975, 15.89, 14.03, 11.48, 8.93, 6.89, 4.54, 3.82, 3.67, 3.42, 2.89], [16.81, 16.233, 14.851, 14.387, 13.96, 15.927, 15.329, 12.03, 12.159, 11.823, 11.01, 9.37, 7.72, 7.33, 8.1, 7.56, 7.605, 8.637, 8.549, 7.912, 7.909, 7.759, 7.692, 7.417, 5.933, 3.969, 3.85, 4.16, 4.01, 4.42, 4.79, 3.91, 2.99, 2.92, 3.0, 3.33, 3.65, 2.98, 1.46, 1.33, 1.36, 1.52, 1.54, 1.99, 2.02, 1.24, 0, 1.13, 1.39, 1.36, 1.35, 0.91, 1.34, 1.61, 1.71, 1.22, 1.21, 1.34, 1.62, 2.58, 2.52, 2.433, 2.36, 1.95, 2.15, 3.06, 5.55, 8.27, 9.9, 9.86, 10.18, 11.253, 12.181, 13.959, 15.096, 15.153, 15.035, 13.158, 10.619, 8.058, 6.01, 3.7, 3.1, 3.37, 3.18, 2.67], [17.125, 16.338, 15.076, 14.643, 14.362, 16.477, 15.887, 12.68, 12.8, 12.39, 11.52, 9.92, 8.37, 7.86, 8.53, 8.01, 7.889, 8.776, 8.688, 8.086, 8.033, 7.907, 7.839, 7.606, 6.266, 4.56, 4.24, 4.55, 4.68, 5.11, 5.54, 4.66, 3.52, 3.17, 3.25, 3.42, 3.66, 3.15, 1.51, 1.36, 1.37, 1.97, 1.99, 2.24, 2.37, 1.69, 1.13, 0, 0.92, 1.01, 1.12, 1.1, 1.83, 1.98, 2.22, 1.53, 1.36, 1.37, 1.87, 2.87, 2.79, 2.91, 2.65, 2.04, 2.06, 3.21, 5.8, 8.46, 10.11, 10.347, 10.427, 11.393, 12.374, 14.222, 15.549, 15.569, 15.434, 13.497, 10.782, 8.134, 6.16, 4.13, 3.25, 3.36, 3.23, 2.54], [17.487, 16.795, 15.487, 15.043, 14.664, 16.717, 16.127, 12.9, 13.037, 12.627, 11.74, 10.16, 8.59, 8.08, 8.79, 8.27, 8.282, 9.247, 9.133, 8.516, 8.51, 8.384, 8.281, 8.007, 6.646, 4.817, 4.48, 4.77, 4.88, 5.27, 5.72, 4.84, 3.72, 3.43, 3.59, 3.86, 4.1, 3.43, 1.75, 1.22, 1.43, 2.19, 2.19, 2.24, 2.39, 1.79, 1.39, 0.92, 0, 0.85, 0.94, 1.06, 1.93, 2.22, 2.44, 1.69, 1.44, 1.35, 2.19, 3.11, 3.11, 3.15, 2.95, 2.44, 2.42, 3.53, 6.12, 8.86, 10.49, 10.61, 10.75, 11.855, 12.817, 14.63, 15.852, 15.872, 15.694, 13.834, 11.19, 8.611, 6.6, 4.35, 3.59, 3.74, 3.65, 3.04], [17.237, 16.545, 15.254, 14.813, 14.406, 16.467, 15.877, 12.69, 12.79, 12.38, 11.51, 9.93, 8.4, 7.93, 8.6, 8.08, 8.012, 9.02, 8.915, 8.249, 8.265, 8.159, 8.062, 7.801, 6.396, 4.53, 4.37, 4.66, 4.77, 5.18, 5.59, 4.71, 3.57, 3.3, 3.52, 3.67, 4.05, 3.48, 1.62, 1.25, 1.36, 2.3, 2.34, 2.45, 2.6, 2.0, 1.36, 1.01, 0.85, 0, 0.73, 0.93, 1.94, 2.11, 2.29, 1.52, 1.47, 1.54, 2.2, 2.9, 3.0, 2.94, 2.78, 2.25, 2.25, 3.5, 6.03, 8.601, 10.274, 10.36, 10.52, 11.605, 12.532, 14.32, 15.562, 15.602, 15.422, 13.547, 10.913, 8.412, 6.39, 4.16, 3.48, 3.77, 3.68, 2.93], [17.27, 16.635, 15.344, 14.9, 14.51, 16.52, 15.95, 12.68, 12.84, 12.43, 11.52, 9.98, 8.39, 7.94, 8.59, 8.05, 8.099, 9.073, 8.982, 8.334, 8.333, 8.244, 8.141, 7.871, 6.52, 4.6, 4.36, 4.59, 4.86, 5.25, 5.62, 4.7, 3.68, 3.41, 3.51, 3.74, 4.1, 3.53, 1.79, 1.04, 1.17, 2.19, 2.19, 2.28, 2.43, 1.97, 1.35, 1.12, 0.94, 0.73, 0, 0.8, 1.91, 2.04, 2.28, 1.45, 1.48, 1.47, 2.13, 2.83, 2.95, 2.93, 2.75, 2.32, 2.34, 3.53, 6.06, 8.68, 10.35, 10.43, 10.59, 11.69, 12.64, 14.47, 15.68, 15.72, 15.5, 13.62, 11.007, 8.471, 6.457, 4.07, 3.29, 3.7, 3.59, 2.9], [16.975, 16.34, 14.924, 14.457, 14.05, 16.032, 15.422, 12.14, 12.272, 11.902, 11.08, 9.452, 7.85, 7.48, 8.17, 7.721, 7.769, 8.792, 8.71, 8.067, 8.055, 7.897, 7.821, 7.555, 6.103, 4.2, 4.02, 4.29, 4.34, 4.67, 4.96, 4.06, 3.2, 3.09, 3.17, 3.48, 3.84, 3.13, 1.41, 1.06, 1.25, 1.91, 1.91, 2.1, 2.17, 1.59, 0.91, 1.1, 1.06, 0.93, 0.8, 0, 1.29, 1.54, 1.8, 1.15, 1.22, 1.33, 1.77, 2.65, 2.65, 2.61, 2.51, 2.14, 2.14, 3.29, 5.76, 8.42, 9.95, 9.93, 10.23, 11.412, 12.339, 14.107, 15.252, 15.292, 15.152, 13.328, 10.729, 8.108, 6.14, 3.81, 3.35, 3.78, 3.69, 3.04], [16.238, 15.613, 14.154, 13.684, 13.277, 15.227, 14.64, 11.33, 11.49, 11.14, 10.31, 8.73, 7.06, 6.689, 7.374, 6.948, 7.054, 8.076, 8.009, 7.361, 7.339, 7.173, 7.105, 6.828, 5.37, 3.43, 3.27, 3.56, 3.49, 3.7, 3.97, 3.05, 2.21, 2.28, 2.5, 2.79, 3.15, 2.3, 1.2, 1.73, 2.06, 2.2, 2.02, 2.35, 2.46, 1.76, 1.34, 1.83, 1.93, 1.94, 1.91, 1.29, 0, 0.95, 1.25, 1.46, 1.91, 1.76, 1.54, 2.62, 2.24, 1.98, 1.9, 1.89, 2.09, 2.52, 5.03, 7.73, 9.24, 9.2, 9.52, 10.74, 11.65, 13.38, 14.51, 14.55, 14.41, 12.63, 10.02, 7.41, 5.47, 3.54, 3.42, 3.85, 3.78, 3.37], [15.609, 14.983, 13.53, 13.06, 12.65, 14.64, 14.07, 10.78, 10.94, 10.53, 9.68, 8.12, 6.53, 6.12, 6.75, 6.33, 6.421, 7.444, 7.376, 6.728, 6.706, 6.54, 6.472, 6.195, 4.72, 2.98, 2.84, 3.05, 3.12, 3.43, 3.72, 2.78, 1.98, 1.75, 2.05, 2.34, 2.52, 1.95, 1.23, 2.22, 2.41, 2.49, 2.31, 2.9, 3.05, 2.19, 1.61, 1.98, 2.22, 2.11, 2.04, 1.54, 0.95, 0, 0.72, 1.47, 2.1, 1.83, 1.11, 2.13, 1.63, 1.41, 1.17, 1.38, 1.72, 2.13, 4.56, 7.1, 8.61, 8.59, 8.89, 10.11, 11.02, 12.75, 13.94, 13.94, 13.78, 12.0, 9.39, 6.78, 4.82, 3.01, 2.99, 3.42, 3.43, 3.1], [15.366, 14.73, 13.29, 12.82, 12.39, 14.36, 13.77, 10.56, 10.62, 10.27, 9.48, 7.82, 6.33, 5.96, 6.61, 6.13, 6.193, 7.216, 7.149, 6.502, 6.473, 6.31, 6.238, 5.958, 4.5, 2.8, 2.92, 3.09, 2.96, 3.27, 3.56, 2.66, 1.88, 1.93, 2.23, 2.48, 2.56, 2.13, 1.51, 2.48, 2.65, 2.71, 2.59, 3.16, 3.31, 2.45, 1.71, 2.22, 2.44, 2.29, 2.28, 1.8, 1.25, 0.72, 0, 1.51, 2.32, 2.05, 1.33, 2.35, 1.85, 1.17, 1.13, 1.28, 1.54, 2.07, 4.46, 6.92, 8.45, 8.39, 8.71, 9.91, 10.82, 12.53, 13.64, 13.66, 13.54, 11.8, 9.19, 6.6, 4.64, 3.21, 3.21, 3.66, 3.65, 3.28], [16.795, 16.17, 14.68, 14.21, 13.76, 15.73, 15.12, 11.87, 11.97, 11.66, 10.85, 9.23, 7.6, 7.29, 7.94, 7.52, 7.601, 8.633, 8.545, 7.905, 7.896, 7.73, 7.662, 7.385, 5.871, 3.97, 3.91, 4.14, 4.13, 4.44, 4.67, 3.73, 3.03, 2.92, 3.18, 3.35, 3.57, 2.92, 1.8, 1.81, 1.84, 2.2, 2.2, 2.71, 2.7, 1.72, 1.22, 1.53, 1.69, 1.52, 1.45, 1.15, 1.46, 1.47, 1.51, 0, 0.99, 1.28, 1.82, 2.9, 2.56, 2.42, 2.28, 1.99, 1.93, 3.12, 5.63, 8.27, 9.78, 9.74, 10.08, 11.262, 12.179, 13.927, 15.05, 15.081, 14.946, 13.156, 10.567, 7.95, 5.95, 3.88, 3.54, 3.91, 3.82, 3.19], [17.612, 16.983, 15.501, 15.031, 14.584, 16.58, 15.95, 12.72, 12.8, 12.49, 11.68, 10.06, 8.43, 8.059, 8.749, 8.318, 8.424, 9.446, 9.364, 8.721, 8.709, 8.543, 8.475, 8.198, 6.684, 4.799, 4.58, 4.85, 4.78, 5.05, 5.34, 4.44, 3.54, 3.45, 3.75, 4.039, 4.24, 3.37, 1.91, 1.44, 1.51, 1.67, 1.63, 2.16, 2.23, 1.23, 1.21, 1.36, 1.44, 1.47, 1.48, 1.22, 1.91, 2.1, 2.32, 0.99, 0, 1.01, 2.07, 3.07, 3.18, 3.2, 3.055, 2.62, 2.56, 3.73, 6.3, 9.08, 10.59, 10.55, 10.89, 12.072, 12.999, 14.741, 15.88, 15.913, 15.779, 13.982, 11.383, 8.76, 6.78, 4.49, 3.75, 3.74, 3.61, 2.94], [17.14, 16.52, 15.14, 14.69, 14.3, 16.31, 15.76, 12.47, 12.63, 12.22, 11.29, 9.79, 8.18, 7.71, 8.32, 7.84, 7.966, 8.969, 8.902, 8.255, 8.226, 8.1, 8.011, 7.75, 6.35, 4.45, 4.11, 4.38, 4.55, 4.86, 5.25, 4.37, 3.25, 2.98, 3.26, 3.55, 3.73, 2.94, 1.68, 1.67, 1.56, 1.68, 1.66, 2.13, 2.18, 1.24, 1.34, 1.37, 1.35, 1.54, 1.47, 1.33, 1.76, 1.83, 2.05, 1.28, 1.01, 0, 1.64, 2.78, 2.72, 2.76, 2.58, 2.15, 2.21, 3.3, 5.85, 8.63, 10.24, 10.28, 10.46, 11.64, 12.55, 14.36, 15.57, 15.57, 15.39, 13.53, 10.92, 8.35, 6.41, 4.2, 3.56, 3.49, 3.4, 2.77], [15.74, 15.16, 13.88, 13.45, 13.08, 15.09, 14.54, 11.23, 11.41, 11.0, 10.05, 8.55, 6.9, 6.39, 7.06, 6.5, 6.45, 7.51, 7.38, 6.74, 6.77, 6.74, 6.57, 6.33, 5.05, 3.19, 2.75, 2.94, 3.27, 3.64, 4.05, 3.19, 2.01, 1.56, 2.0, 2.29, 2.55, 2.06, 1.44, 2.19, 2.3, 2.38, 2.28, 2.81, 2.96, 2.1, 1.62, 1.87, 2.19, 2.2, 2.13, 1.77, 1.54, 1.11, 1.33, 1.82, 2.07, 1.64, 0, 1.58, 1.36, 1.46, 1.32, 1.31, 1.65, 1.94, 4.37, 7.11, 9.0, 9.08, 9.24, 10.22, 11.09, 13.02, 14.27, 14.29, 14.13, 12.07, 9.5, 7.11, 5.09, 2.96, 2.58, 2.85, 2.74, 2.49], [15.0, 14.46, 13.24, 12.81, 12.44, 14.49, 13.92, 10.65, 10.81, 10.4, 9.47, 7.93, 6.32, 5.69, 6.48, 5.9, 5.69, 6.69, 6.64, 5.96, 5.97, 5.96, 5.77, 5.53, 4.33, 2.95, 2.31, 2.5, 2.77, 3.16, 3.57, 2.75, 2.07, 1.48, 1.52, 1.81, 2.21, 2.18, 2.32, 2.87, 2.96, 3.16, 3.036, 3.526, 3.68, 3.12, 2.58, 2.87, 3.11, 2.9, 2.83, 2.65, 2.62, 2.13, 2.35, 2.9, 3.07, 2.78, 1.58, 0, 0.88, 1.68, 1.82, 2.19, 2.51, 2.2, 3.83, 6.57, 8.44, 8.58, 8.7, 9.6, 10.49, 12.46, 13.73, 13.73, 13.59, 11.49, 8.96, 6.53, 4.57, 2.3, 1.58, 1.83, 2.04, 2.29], [14.64, 14.1, 12.86, 12.43, 12.1, 14.11, 13.56, 10.27, 10.43, 10.02, 9.09, 7.57, 5.94, 5.33, 6.1, 5.54, 5.39, 6.39, 6.34, 5.66, 5.67, 5.58, 5.39, 5.13, 3.93, 2.41, 2.01, 2.16, 2.39, 2.8, 3.19, 2.35, 1.59, 1.02, 1.28, 1.53, 1.87, 1.86, 2.0, 3.09, 3.3, 3.467, 3.37, 3.86, 3.968, 3.21, 2.52, 2.79, 3.11, 3.0, 2.95, 2.65, 2.24, 1.63, 1.85, 2.56, 3.18, 2.72, 1.36, 0.88, 0, 1.1, 1.34, 1.83, 2.13, 1.84, 3.61, 6.31, 8.1, 8.2, 8.32, 9.28, 10.17, 12.1, 13.37, 13.37, 13.23, 11.15, 8.62, 6.17, 4.19, 2.24, 1.88, 2.27, 2.44, 2.69], [14.64, 14.12, 12.84, 12.39, 12.0, 13.95, 13.42, 10.13, 10.27, 9.88, 8.99, 7.43, 5.82, 5.25, 6.06, 5.42, 5.33, 6.37, 6.32, 5.64, 5.65, 5.58, 5.39, 5.15, 3.83, 2.21, 2.17, 2.38, 2.41, 2.8, 3.11, 2.21, 1.49, 1.2, 1.72, 1.93, 2.19, 1.88, 1.88, 3.147, 3.3, 3.487, 3.43, 3.94, 4.008, 3.21, 2.433, 2.91, 3.15, 2.94, 2.93, 2.61, 1.98, 1.41, 1.17, 2.42, 3.2, 2.76, 1.46, 1.68, 1.1, 0, 0.88, 1.47, 1.81, 1.48, 3.69, 6.17, 7.98, 8.0, 8.2, 9.18, 10.01, 11.96, 13.13, 13.17, 13.01, 10.97, 8.5, 6.11, 4.13, 2.6, 2.6, 3.07, 3.18, 3.15], [14.68, 14.12, 12.88, 12.45, 12.08, 14.09, 13.52, 10.25, 10.41, 10.0, 9.07, 7.53, 5.94, 5.37, 6.12, 5.52, 5.45, 6.43, 6.38, 5.72, 5.69, 5.68, 5.49, 5.25, 4.17, 2.67, 2.45, 2.56, 2.67, 2.96, 3.29, 2.33, 1.29, 1.32, 1.82, 2.15, 2.25, 1.98, 1.88, 3.01, 3.2, 3.4, 3.32, 3.85, 3.94, 3.14, 2.36, 2.65, 2.95, 2.78, 2.75, 2.51, 1.9, 1.17, 1.13, 2.28, 3.055, 2.58, 1.32, 1.82, 1.34, 0.88, 0, 0.99, 1.29, 1.18, 3.55, 6.13, 7.98, 8.08, 8.22, 9.16, 10.05, 12.02, 13.25, 13.27, 13.11, 11.05, 8.5, 6.07, 4.13, 2.84, 2.74, 3.21, 3.28, 3.21], [15.35, 14.77, 13.55, 13.12, 12.75, 14.84, 14.25, 11.04, 11.16, 10.75, 9.86, 8.28, 6.73, 6.16, 6.89, 6.27, 6.0, 7.0, 6.93, 6.23, 6.3, 6.33, 6.14, 5.94, 4.86, 3.48, 3.16, 3.33, 3.28, 3.63, 4.06, 3.04, 1.86, 1.77, 2.35, 2.58, 2.76, 2.53, 1.87, 2.56, 2.67, 3.09, 2.91, 3.5, 3.55, 2.73, 1.95, 2.04, 2.44, 2.25, 2.32, 2.14, 1.89, 1.38, 1.28, 1.99, 2.62, 2.15, 1.31, 2.19, 1.83, 1.47, 0.99, 0, 0.86, 1.63, 4.02, 6.64, 8.59, 8.75, 8.85, 9.75, 10.68, 12.65, 13.92, 13.94, 13.76, 11.64, 9.11, 6.68, 4.76, 3.45, 3.09, 3.46, 3.39, 3.0], [15.49, 14.85, 13.65, 13.26, 12.95, 15.06, 14.47, 11.28, 11.38, 10.97, 10.08, 8.52, 6.97, 6.36, 7.13, 6.51, 6.1, 7.12, 7.05, 6.33, 6.36, 6.33, 6.14, 6.02, 5.02, 3.72, 3.48, 3.61, 3.7, 3.95, 4.3, 3.34, 2.18, 2.11, 2.59, 2.84, 2.84, 2.73, 2.15, 2.52, 2.75, 3.33, 3.19, 3.66, 3.73, 2.99, 2.15, 2.06, 2.42, 2.25, 2.34, 2.14, 2.09, 1.72, 1.54, 1.93, 2.56, 2.21, 1.65, 2.51, 2.13, 1.81, 1.29, 0.86, 0, 1.63, 4.2, 6.84, 8.79, 8.97, 9.05, 9.85, 10.84, 12.83, 14.14, 14.16, 13.98, 11.86, 9.21, 6.74, 4.9, 3.73, 3.29, 3.6, 3.55, 3.08], [14.56, 13.857, 12.7, 12.31, 12.04, 14.13, 13.54, 10.31, 10.45, 10.04, 9.13, 7.57, 5.98, 5.35, 6.14, 5.54, 5.17, 6.07, 5.94, 5.24, 5.37, 5.4, 5.23, 5.13, 4.09, 2.81, 2.47, 2.48, 2.55, 2.8, 3.23, 2.33, 1.55, 1.4, 1.86, 2.17, 2.21, 2.24, 2.38, 3.57, 3.74, 4.02, 3.94, 4.43, 4.52, 3.76, 3.06, 3.21, 3.53, 3.5, 3.53, 3.29, 2.52, 2.13, 2.07, 3.12, 3.73, 3.3, 1.94, 2.2, 1.84, 1.48, 1.18, 1.63, 1.63, 0, 2.91, 5.81, 7.82, 8.04, 8.1, 8.86, 9.87, 11.88, 13.21, 13.25, 13.07, 10.89, 8.26, 5.71, 3.87, 2.78, 2.54, 2.97, 3.12, 3.47], [11.982, 11.407, 10.193, 9.768, 9.416, 11.475, 10.902, 7.66, 7.797, 7.387, 6.6, 5.04, 3.77, 3.34, 3.67, 3.19, 3.0, 3.76, 3.69, 3.13, 3.58, 3.91, 3.86, 3.58, 3.2, 3.02, 2.64, 2.27, 2.48, 2.41, 2.5, 2.9, 3.14, 3.09, 2.97, 2.88, 2.7, 3.25, 4.75, 6.14, 6.33, 6.61, 6.55, 7.06, 7.13, 6.37, 5.55, 5.8, 6.12, 6.03, 6.06, 5.76, 5.03, 4.56, 4.46, 5.63, 6.3, 5.85, 4.37, 3.83, 3.61, 3.69, 3.55, 4.02, 4.2, 2.91, 0, 3.18, 5.21, 5.384, 5.49, 6.37, 7.28, 9.276, 10.592, 10.623, 10.452, 8.28, 5.75, 3.38, 2.4, 2.51, 3.41, 4.12, 4.77, 5.578], [8.933, 8.253, 7.036, 6.609, 6.291, 8.386, 7.796, 4.7, 4.78, 4.65, 4.58, 3.78, 3.17, 2.9, 2.59, 2.77, 3.4, 3.1, 2.97, 3.13, 3.52, 3.73, 3.86, 3.62, 3.98, 4.96, 5.02, 4.75, 4.74, 4.53, 4.26, 4.96, 5.86, 5.83, 5.61, 5.32, 5.12, 5.89, 7.55, 8.98, 9.143, 9.41, 9.31, 9.78, 9.95, 9.13, 8.27, 8.46, 8.86, 8.601, 8.68, 8.42, 7.73, 7.1, 6.92, 8.27, 9.08, 8.63, 7.11, 6.57, 6.31, 6.17, 6.13, 6.64, 6.84, 5.81, 3.18, 0, 2.07, 2.27, 2.45, 3.39, 4.18, 6.122, 7.417, 7.457, 7.28, 5.26, 2.75, 2.48, 3.04, 4.71, 6.107, 6.92, 7.627, 8.286], [7.249, 6.472, 5.009, 4.582, 4.335, 6.462, 5.849, 3.31, 3.65, 3.74, 3.99, 3.91, 3.86, 3.89, 3.26, 3.64, 4.37, 4.05, 3.92, 4.26, 4.33, 4.34, 4.63, 4.47, 5.11, 6.45, 6.71, 6.4, 6.21, 5.94, 5.61, 6.41, 7.59, 7.66, 7.36, 7.07, 6.91, 7.56, 9.18, 10.63, 10.794, 11.04, 10.88, 11.41, 11.58, 10.76, 9.9, 10.11, 10.49, 10.274, 10.35, 9.95, 9.24, 8.61, 8.45, 9.78, 10.59, 10.24, 9.0, 8.44, 8.1, 7.98, 7.98, 8.59, 8.79, 7.82, 5.21, 2.07, 0, 0.86, 1.26, 1.98, 2.55, 4.32, 5.63, 5.636, 5.47, 3.69, 2.36, 3.11, 4.39, 6.5, 8.094, 8.864, 9.654, 10.187], [7.113, 6.448, 5.006, 4.576, 4.355, 6.254, 5.569, 3.11, 3.57, 3.62, 3.93, 3.97, 3.8, 3.85, 3.3, 3.62, 4.49, 4.27, 4.12, 4.44, 4.47, 4.46, 4.75, 4.69, 5.27, 6.43, 6.81, 6.48, 6.17, 5.9, 5.53, 6.35, 7.57, 7.74, 7.5, 7.27, 7.07, 7.64, 9.18, 10.61, 10.82, 10.98, 10.82, 11.37, 11.52, 10.7, 9.86, 10.347, 10.61, 10.36, 10.43, 9.93, 9.2, 8.59, 8.39, 9.74, 10.55, 10.28, 9.08, 8.58, 8.2, 8.0, 8.08, 8.75, 8.97, 8.04, 5.384, 2.27, 0.86, 0, 1.22, 2.18, 2.57, 4.28, 5.47, 5.45, 5.33, 3.53, 2.62, 3.43, 4.69, 6.6, 8.275, 9.045, 9.84, 10.416], [6.992, 6.441, 4.987, 4.614, 4.84, 6.697, 5.867, 4.03, 4.35, 4.62, 4.83, 4.83, 4.64, 4.53, 4.02, 4.22, 4.65, 4.41, 4.36, 4.54, 4.53, 4.5, 4.93, 4.93, 5.61, 6.83, 7.05, 6.74, 6.57, 6.3, 5.93, 6.69, 7.81, 7.9, 7.62, 7.35, 7.15, 7.78, 9.44, 10.89, 11.074, 11.32, 11.16, 11.69, 11.86, 11.02, 10.18, 10.427, 10.75, 10.52, 10.59, 10.23, 9.52, 8.89, 8.71, 10.08, 10.89, 10.46, 9.24, 8.7, 8.32, 8.2, 8.22, 8.85, 9.05, 8.1, 5.49, 2.45, 1.26, 1.22, 0, 1.54, 2.45, 4.04, 5.29, 5.339, 5.13, 3.47, 2.8, 3.83, 4.87, 6.76, 8.357, 9.147, 9.917, 10.471], [6.255, 5.641, 4.587, 4.44, 4.864, 6.414, 5.644, 4.39, 4.79, 5.04, 5.27, 5.41, 5.58, 5.63, 5.04, 5.28, 5.45, 4.85, 4.98, 5.2, 5.03, 5.16, 5.41, 5.67, 6.63, 7.89, 8.05, 7.74, 7.69, 7.5, 7.19, 7.93, 8.83, 8.86, 8.52, 8.21, 8.05, 8.82, 10.5, 11.943, 12.116, 12.42, 12.34, 12.81, 12.92, 12.14, 11.253, 11.393, 11.855, 11.605, 11.69, 11.412, 10.74, 10.11, 9.91, 11.262, 12.072, 11.64, 10.22, 9.6, 9.28, 9.18, 9.16, 9.75, 9.85, 8.86, 6.37, 3.39, 1.98, 2.18, 1.54, 0, 1.73, 3.3, 4.493, 4.662, 4.419, 2.79, 2.9, 4.33, 5.67, 7.72, 9.169, 9.959, 10.729, 11.267], [4.97, 4.31, 3.47, 3.4, 3.95, 4.96, 4.33, 4.12, 4.46, 4.63, 5.26, 5.5, 5.93, 6.0, 5.41, 5.69, 5.94, 5.44, 5.49, 5.75, 5.78, 6.01, 6.06, 6.1, 7.18, 8.64, 8.9, 8.55, 8.54, 8.33, 8.02, 8.82, 9.74, 9.69, 9.53, 9.16, 9.08, 9.77, 11.43, 12.851, 13.043, 13.341, 13.249, 13.72, 13.821, 13.05, 12.181, 12.374, 12.817, 12.532, 12.64, 12.339, 11.65, 11.02, 10.82, 12.179, 12.999, 12.55, 11.09, 10.49, 10.17, 10.01, 10.05, 10.68, 10.84, 9.87, 7.28, 4.18, 2.55, 2.57, 2.45, 1.73, 0, 2.05, 3.4, 3.44, 3.28, 1.52, 3.07, 4.96, 6.6, 8.67, 10.179, 10.937, 11.724, 12.235], [4.0, 3.44, 2.96, 3.07, 3.68, 3.87, 3.68, 4.43, 4.61, 4.96, 5.67, 6.49, 7.34, 7.59, 6.84, 7.36, 7.65, 6.91, 7.08, 7.36, 7.43, 7.56, 7.63, 7.67, 8.73, 10.29, 10.63, 10.32, 10.19, 9.94, 9.67, 10.53, 11.55, 11.64, 11.44, 11.07, 10.95, 11.6, 13.266, 14.69, 14.9, 15.096, 14.