[[0, 0.99, 1.36, 1.62, 1.78, 1.96, 2.0, 1.95, 1.86, 2.03, 2.26, 2.19, 2.03, 2.37, 2.08, 2.33, 1.73, 2.03, 3.789, 5.372, 5.865, 5.366, 5.196, 5.336, 6.289, 6.392, 6.559, 8.189, 8.961, 8.983, 9.596, 11.634, 13.883, 14.956, 15.526, 15.889, 16.222, 16.69, 15.927, 14.076, 13.509, 14.026, 13.806, 13.429, 13.578, 14.116, 13.749, 12.207, 10.772, 9.949, 10.152, 9.875, 9.232, 7.563, 7.633, 7.996, 7.659, 5.996, 4.18, 3.68, 3.62, 3.32, 3.28, 3.23, 3.19, 3.03, 3.57, 3.63, 3.62, 3.4, 3.7, 3.27, 2.99, 3.17, 3.03, 2.56, 2.51, 2.58, 2.5, 2.72, 3.56, 4.78, 6.11, 6.65, 6.52, 6.85], [0.99, 0, 0.83, 1.11, 1.37, 1.51, 1.61, 1.56, 1.49, 1.46, 1.81, 1.84, 1.88, 2.4, 2.01, 1.96, 1.44, 1.42, 3.379, 5.062, 5.535, 5.125, 4.929, 5.166, 6.148, 6.285, 6.349, 7.836, 8.66, 8.733, 9.406, 11.322, 13.542, 14.621, 15.162, 15.542, 15.875, 16.332, 15.56, 13.813, 13.319, 13.819, 13.541, 13.154, 13.268, 13.766, 13.422, 11.963, 10.434, 9.599, 9.802, 9.525, 8.882, 7.213, 7.283, 7.629, 7.369, 5.696, 3.83, 3.43, 3.33, 3.13, 3.15, 3.1, 3.14, 3.0, 3.64, 3.68, 3.59, 3.51, 3.77, 3.24, 2.98, 3.26, 2.98, 2.57, 2.52, 2.65, 2.53, 2.65, 3.57, 4.89, 6.06, 6.6, 6.45, 6.88], [1.36, 0.83, 0, 0.76, 0.88, 1.12, 1.34, 1.21, 1.14, 1.27, 1.58, 1.73, 2.03, 2.69, 2.14, 1.89, 1.35, 1.21, 2.94, 4.545, 5.041, 4.584, 4.408, 4.596, 5.618, 5.781, 5.742, 7.309, 8.107, 8.192, 8.816, 10.789, 13.038, 14.082, 14.632, 15.012, 15.348, 15.802, 15.05, 13.261, 12.732, 13.209, 12.964, 12.564, 12.718, 13.236, 12.972, 11.473, 9.904, 9.069, 9.272, 8.995, 8.352, 6.683, 6.753, 7.099, 6.779, 5.116, 3.34, 3.0, 2.96, 2.82, 2.84, 2.79, 2.89, 2.85, 3.49, 3.57, 3.44, 3.38, 3.62, 3.07, 2.83, 3.23, 3.03, 2.44, 2.59, 2.74, 2.4, 2.5, 3.46, 4.78, 5.95, 6.53, 6.4, 6.81], [1.62, 1.11, 0.76, 0, 0.64, 0.88, 1.16, 1.21, 1.2, 1.51, 1.66, 1.85, 2.15, 2.81, 2.28, 2.01, 1.45, 1.45, 2.92, 4.395, 4.944, 4.45, 4.331, 4.459, 5.441, 5.607, 5.556, 7.199, 7.95, 8.04, 8.676, 10.709, 12.941, 13.956, 14.495, 14.884, 15.231, 15.674, 14.939, 13.149, 12.549, 13.009, 12.833, 12.407, 12.577, 13.149, 12.894, 11.37, 9.767, 8.952, 9.135, 8.858, 8.215, 6.546, 6.636, 6.982, 6.669, 5.019, 3.28, 2.96, 2.94, 2.88, 2.82, 2.65, 2.69, 2.65, 3.29, 3.39, 3.34, 3.38, 3.56, 2.97, 2.61, 3.05, 2.79, 2.2, 2.53, 2.64, 2.36, 2.4, 3.36, 4.56, 5.69, 6.31, 6.24, 6.63], [1.78, 1.37, 0.88, 0.64, 0, 0.74, 1.16, 1.15, 1.08, 1.37, 1.58, 1.75, 2.23, 2.89, 2.48, 2.07, 1.43, 1.29, 2.73, 4.217, 4.758, 4.333, 4.174, 4.291, 5.281, 5.544, 5.373, 6.932, 7.747, 7.883, 8.513, 10.477, 12.676, 13.708, 14.329, 14.724, 15.008, 15.459, 14.682, 12.897, 12.326, 12.806, 12.567, 12.187, 12.324, 12.872, 12.654, 11.147, 9.524, 8.675, 8.895, 8.641, 7.972, 6.301, 6.362, 6.736, 6.406, 4.754, 2.94, 2.68, 2.62, 2.58, 2.62, 2.47, 2.49, 2.55, 3.11, 3.23, 3.2, 3.2, 3.4, 2.73, 2.69, 3.09, 2.73, 2.02, 2.45, 2.7, 2.18, 2.28, 3.32, 4.6, 5.59, 6.17, 6.14, 6.61], [1.96, 1.51, 1.12, 0.88, 0.74, 0, 0.9, 1.17, 1.1, 1.39, 1.58, 1.71, 2.21, 2.85, 2.38, 1.93, 1.39, 1.47, 2.95, 4.33, 4.878, 4.455, 4.268, 4.416, 5.475, 5.664, 5.579, 7.078, 7.907, 8.023, 8.656, 10.609, 12.798, 13.868, 14.452, 14.853, 15.114, 15.582, 14.816, 13.041, 12.529, 13.009, 12.751, 12.362, 12.496, 13.023, 12.794, 11.293, 9.664, 8.835, 9.035, 8.781, 8.112, 6.461, 6.51, 6.859, 6.543, 4.934, 2.8, 2.44, 2.36, 2.34, 2.36, 2.21, 2.19, 2.21, 2.83, 2.93, 2.9, 2.84, 3.08, 2.45, 2.35, 2.81, 2.39, 1.84, 2.33, 2.56, 2.06, 2.12, 3.08, 4.38, 5.21, 5.79, 5.68, 6.17], [2.0, 1.61, 1.34, 1.16, 1.16, 0.9, 0, 0.85, 1.02, 1.11, 1.36, 1.67, 2.01, 2.57, 2.14, 1.73, 1.31, 1.61, 3.386, 4.775, 5.321, 4.781, 4.571, 4.69, 5.621, 5.804, 5.887, 7.489, 8.29, 8.357, 8.928, 11.006, 13.223, 14.282, 14.852, 15.215, 15.571, 16.016, 15.273, 13.463, 12.852, 13.332, 13.138, 12.761, 12.889, 13.445, 13.154, 11.616, 10.103, 9.292, 9.495, 9.218, 8.572, 6.906, 6.933, 7.302, 6.965, 5.339, 3.14, 2.7, 2.5, 2.44, 2.3, 2.15, 2.17, 2.13, 2.61, 2.65, 2.64, 2.74, 2.92, 2.37, 2.33, 2.87, 2.21, 1.8, 1.91, 2.48, 2.02, 2.18, 3.16, 4.26, 5.33, 5.87, 5.76, 6.19], [1.95, 1.56, 1.21, 1.21, 1.15, 1.17, 0.85, 0, 0.59, 1.02, 1.17, 1.48, 2.02, 2.58, 2.25, 1.76, 1.32, 1.2, 3.142, 4.547, 4.997, 4.501, 4.371, 4.503, 5.422, 5.545, 5.732, 7.339, 8.132, 8.185, 8.764, 10.836, 13.059, 14.132, 14.702, 15.065, 15.417, 15.866, 15.103, 13.278, 12.662, 13.176, 12.988, 12.611, 12.739, 13.303, 12.943, 11.414, 9.965, 9.142, 9.345, 9.068, 8.425, 6.756, 6.803, 7.152, 6.815, 5.189, 3.19, 2.99, 2.81, 2.71, 2.51, 2.44, 2.48, 2.38, 2.88, 2.9, 2.91, 2.89, 3.13, 2.66, 2.86, 3.4, 2.7, 2.17, 2.28, 2.89, 2.47, 2.53, 3.69, 4.89, 6.0, 6.52, 6.37, 6.8], [1.86, 1.49, 1.14, 1.2, 1.08, 1.1, 1.02, 0.59, 0, 0.95, 1.18, 1.47, 2.07, 2.67, 2.3, 1.85, 1.35, 1.17, 2.972, 4.455, 4.968, 4.504, 4.313, 4.499, 5.441, 5.544, 5.676, 7.266, 8.09, 8.126, 8.776, 10.76, 12.986, 14.059, 14.629, 14.992, 15.345, 15.793, 15.03, 13.223, 12.649, 13.169, 12.949, 12.572, 12.681, 13.219, 12.833, 11.333, 9.875, 9.052, 9.255, 8.978, 8.335, 6.666, 6.73, 7.079, 6.782, 5.099, 3.06, 2.84, 2.7, 2.62, 2.58, 2.49, 2.61, 2.59, 2.95, 3.03, 3.02, 2.94, 3.18, 2.73, 2.89, 3.45, 2.89, 2.2, 2.39, 2.9, 2.42, 2.5, 3.68, 4.98, 6.05, 6.57, 6.42, 6.91], [2.03, 1.46, 1.27, 1.51, 1.37, 1.39, 1.11, 1.02, 0.95, 0, 0.85, 1.22, 1.68, 2.2, 1.97, 1.42, 1.36, 1.22, 3.24, 4.835, 5.311, 4.811, 4.612, 4.706, 5.628, 5.891, 6.012, 7.599, 8.311, 8.378, 8.965, 11.009, 13.328, 14.383, 14.954, 15.334, 15.652, 16.124, 15.363, 13.486, 12.922, 13.439, 13.216, 12.839, 13.008, 13.526, 13.179, 11.629, 10.194, 9.379, 9.582, 9.305, 8.662, 6.993, 7.043, 7.412, 7.069, 5.406, 3.17, 2.87, 2.69, 2.71, 2.55, 2.42, 2.6, 2.5, 3.0, 3.04, 2.89, 2.89, 3.13, 2.68, 2.92, 3.4, 2.94, 2.27, 2.24, 2.83, 2.41, 2.53, 3.61, 4.77, 6.04, 6.62, 6.43, 6.88], [2.26, 1.81, 1.58, 1.66, 1.58, 1.58, 1.36, 1.17, 1.18, 0.85, 0, 0.77, 1.29, 1.81, 1.64, 1.05, 1.37, 1.55, 3.529, 5.112, 5.585, 5.068, 4.956, 4.999, 5.809, 6.055, 6.244, 7.929, 8.641, 8.668, 9.253, 11.363, 13.658, 14.713, 15.281, 15.644, 15.982, 16.445, 15.693, 13.816, 13.156, 13.673, 13.546, 13.169, 13.318, 13.876, 13.569, 11.999, 10.532, 9.729, 9.932, 9.655, 9.012, 7.343, 7.373, 7.742, 7.399, 5.736, 3.66, 3.32, 3.12, 3.0, 2.84, 2.51, 2.67, 2.69, 3.13, 3.19, 3.14, 3.22, 3.44, 2.95, 2.81, 3.29, 2.67, 2.06, 2.01, 2.66, 2.3, 2.22, 3.48, 4.66, 5.97, 6.63, 6.48, 6.87], [2.19, 1.84, 1.73, 1.85, 1.75, 1.71, 1.67, 1.48, 1.47, 1.22, 0.77, 0, 1.0, 1.62, 1.31, 1.0, 1.32, 1.68, 3.708, 5.311, 5.781, 5.301, 5.246, 5.174, 6.036, 6.364, 6.577, 8.099, 8.828, 8.921, 9.494, 11.553, 13.9, 14.944, 15.574, 15.954, 16.178, 16.704, 15.881, 13.995, 13.326, 13.861, 13.716, 13.374, 13.574, 14.05, 13.819, 12.249, 10.777, 9.914, 10.111, 9.894, 9.182, 7.574, 7.543, 7.912, 7.598, 5.947, 3.83, 3.49, 3.29, 3.31, 3.15, 2.66, 2.78, 2.96, 3.44, 3.48, 3.43, 3.49, 3.73, 3.14, 3.0, 3.4, 2.66, 2.05, 2.12, 2.75, 2.39, 2.19, 3.53, 4.65, 6.08, 6.74, 6.59, 6.96], [2.03, 1.88, 2.03, 2.15, 2.23, 2.21, 2.01, 2.02, 2.07, 1.68, 1.29, 1.0, 0, 0.82, 1.11, 1.22, 1.72, 2.28, 4.545, 6.128, 6.615, 6.101, 6.006, 6.014, 6.79, 7.124, 7.337, 8.939, 9.665, 9.738, 10.294, 12.373, 14.68, 15.741, 16.354, 16.734, 16.998, 17.484, 16.703, 14.835, 14.166, 14.683, 14.556, 14.188, 14.354, 14.886, 14.579, 13.009, 11.554, 10.745, 10.945, 10.691, 10.022, 8.371, 8.383, 8.752, 8.418, 6.758, 4.55, 4.09, 3.89, 3.89, 3.67, 3.26, 3.38, 3.44, 3.94, 3.98, 3.93, 3.99, 4.21, 3.6, 3.18, 3.24, 2.84, 2.59, 2.42, 2.77, 2.63, 2.53, 3.55, 4.57, 6.08, 6.74, 6.61, 6.84], [2.37, 2.4, 2.69, 2.81, 2.89, 2.85, 2.57, 2.58, 2.67, 2.2, 1.81, 1.62, 0.82, 0, 1.13, 1.32, 2.22, 2.84, 5.205, 6.808, 7.295, 6.781, 6.643, 6.685, 7.416, 7.779, 8.017, 9.619, 10.345, 10.398, 10.951, 13.038, 15.354, 16.421, 17.034, 17.414, 17.678, 18.164, 17.383, 15.515, 14.846, 15.363, 15.236, 14.868, 15.034, 15.546, 15.179, 13.629, 12.214, 11.405, 11.605, 11.351, 10.682, 9.031, 9.063, 9.432, 9.098, 7.438, 5.17, 4.69, 4.41, 4.29, 3.95, 3.6, 3.64, 3.72, 4.2, 4.12, 4.05, 4.21, 4.55, 3.94, 3.4, 3.32, 3.04, 2.99, 2.66, 2.93, 2.87, 2.67, 3.59, 4.65, 6.14, 6.8, 6.65, 6.8], [2.08, 2.01, 2.14, 2.28, 2.48, 2.38, 2.14, 2.25, 2.3, 1.97, 1.64, 1.31, 1.11, 1.13, 0, 0.95, 1.71, 2.49, 4.829, 6.438, 6.905, 6.391, 6.253, 6.347, 7.143, 7.414, 7.627, 9.249, 10.001, 10.054, 10.607, 12.694, 14.984, 16.051, 16.644, 17.024, 17.308, 17.774, 17.013, 15.136, 14.516, 15.013, 14.866, 14.498, 14.664, 15.176, 14.809, 13.262, 11.844, 11.029, 11.232, 10.961, 10.312, 8.661, 8.693, 9.062, 8.728, 7.068, 4.737, 4.0, 3.72, 3.56, 3.22, 2.83, 2.85, 2.97, 3.51, 3.45, 3.44, 3.58, 4.0, 3.37, 2.71, 2.77, 2.49, 2.34, 2.05, 2.32, 2.2, 2.06, 3.1, 4.26, 5.67, 6.31, 6.16, 6.47], [2.33, 1.96, 1.89, 2.01, 2.07, 1.93, 1.73, 1.76, 1.85, 1.42, 1.05, 1.0, 1.22, 1.32, 0.95, 0, 1.18, 1.92, 4.265, 5.888, 6.375, 5.861, 5.786, 5.769, 6.619, 6.916, 7.117, 8.682, 9.345, 9.478, 10.043, 12.113, 14.36, 15.441, 16.114, 16.494, 16.758, 17.244, 16.412, 14.555, 13.892, 14.392, 14.276, 13.928, 14.034, 14.61, 14.259, 12.729, 11.297, 10.465, 10.685, 10.431, 9.762, 8.051, 8.092, 8.512, 8.158, 6.487, 4.23, 3.73, 3.51, 3.33, 2.97, 2.58, 2.56, 2.7, 3.24, 3.16, 3.17, 3.33, 3.73, 2.98, 2.5, 2.9, 2.32, 2.17, 1.9, 2.37, 2.01, 1.77, 2.99, 4.15, 5.54, 6.2, 6.01, 6.4], [1.73, 1.44, 1.35, 1.45, 1.43, 1.39, 1.31, 1.32, 1.35, 1.36, 1.37, 1.32, 1.72, 2.22, 1.71, 1.18, 0, 1.46, 3.608, 5.254, 5.75, 5.27, 5.3, 5.303, 6.302, 6.462, 6.586, 8.063, 8.76, 8.89, 9.566, 11.567, 13.809, 14.85, 15.54, 15.923, 16.133, 16.67, 15.793, 13.942, 13.313, 13.796, 13.666, 13.317, 13.443, 14.036, 13.782, 12.26, 10.74, 9.84, 10.04, 9.82, 9.105, 7.437, 7.47, 7.89, 7.533, 5.896, 3.756, 3.31, 3.17, 2.93, 2.81, 2.46, 2.42, 2.48, 3.1, 3.18, 3.15, 3.05, 3.39, 2.58, 2.52, 3.0, 2.22, 1.79, 1.94, 2.31, 1.77, 1.89, 3.05, 4.33, 5.6, 6.3, 6.17, 6.58], [2.03, 1.42, 1.21, 1.45, 1.29, 1.47, 1.61, 1.2, 1.17, 1.22, 1.55, 1.68, 2.28, 2.84, 2.49, 1.92, 1.46, 0, 2.52, 4.051, 4.59, 4.208, 4.269, 4.429, 5.445, 5.628, 5.492, 6.977, 7.82, 7.976, 8.649, 10.61, 12.752, 13.699, 14.283, 14.697, 14.984, 15.416, 14.702, 13.016, 12.502, 12.979, 12.666, 12.203, 12.36, 12.927, 12.807, 11.326, 9.486, 8.686, 8.845, 8.577, 7.925, 6.277, 6.359, 6.716, 6.433, 4.81, 2.95, 2.83, 2.83, 2.81, 2.97, 2.76, 2.84, 2.96, 3.6, 3.7, 3.51, 3.31, 3.57, 3.14, 3.36, 3.7, 3.04, 2.47, 2.82, 3.21, 2.83, 2.83, 4.03, 5.39, 6.42, 7.0, 6.87, 7.4], [3.789, 3.379, 2.94, 2.92, 2.73, 2.95, 3.386, 3.142, 2.972, 3.24, 3.529, 3.708, 4.545, 5.205, 4.829, 4.265, 3.608, 2.52, 0, 1.84, 2.49, 2.35, 2.36, 2.44, 3.61, 3.79, 3.6, 4.7, 5.62, 5.95, 6.72, 8.51, 10.58, 11.53, 12.08, 12.52, 12.79, 13.23, 12.47, 10.91, 10.47, 10.95, 10.56, 10.1, 10.18, 10.75, 10.69, 9.32, 7.28, 6.38, 6.54, 6.34, 5.52, 3.98, 4.05, 4.43, 4.27, 3.03, 3.13, 3.21, 3.35, 4.03, 4.31, 4.1, 4.24, 4.46, 5.1, 5.22, 4.65, 4.35, 4.41, 4.62, 5.0, 5.4, 4.84, 4.17, 4.76, 5.05, 4.47, 4.47, 5.61, 6.91, 7.94, 8.5, 8.35, 8.92], [5.372, 5.062, 4.545, 4.395, 4.217, 4.33, 4.775, 4.547, 4.455, 4.835, 5.112, 5.311, 6.128, 6.808, 6.438, 5.888, 5.254, 4.051, 1.84, 0, 1.03, 1.21, 1.22, 1.12, 1.95, 2.19, 1.92, 3.16, 4.06, 4.29, 5.04, 6.89, 8.96, 9.87, 10.42, 10.9, 11.17, 11.59, 10.87, 9.31, 8.83, 9.29, 8.96, 8.48, 8.6, 9.21, 9.15, 7.72, 5.7, 4.84, 4.92, 4.7, 3.94, 2.58, 2.85, 3.19, 3.07, 2.57, 3.41, 3.61, 3.99, 4.83, 5.31, 5.28, 5.26, 5.5, 6.02, 6.3, 5.75, 5.09, 4.89, 5.86, 6.48, 6.9, 6.16, 5.63, 6.34, 6.63, 5.99, 6.11, 7.05, 8.39, 9.24, 9.58, 9.53, 10.06], [5.865, 5.535, 5.041, 4.944, 4.758, 4.878, 5.321, 4.997, 4.968, 5.311, 5.585, 5.781, 6.615, 7.295, 6.905, 6.375, 5.75, 4.59, 2.49, 1.03, 0, 0.72, 1.05, 1.27, 1.38, 1.62, 1.55, 2.43, 3.35, 3.58, 4.33, 6.16, 8.29, 9.22, 9.81, 10.25, 10.52, 10.96, 10.2, 8.56, 8.1, 8.56, 8.21, 7.81, 7.91, 8.48, 8.42, 6.97, 5.07, 4.19, 4.37, 4.15, 3.45, 2.39, 2.5, 2.9, 2.78, 2.98, 3.84, 4.1, 4.62, 5.42, 5.94, 5.89, 5.83, 6.09, 6.69, 6.87, 6.38, 5.58, 5.36, 6.51, 6.99, 7.37, 6.69, 6.14, 6.81, 7.12, 6.58, 6.62, 7.7, 8.94, 9.85, 10.19, 10.16, 10.67], [5.366, 5.125, 4.584, 4.45, 4.333, 4.455, 4.781, 4.501, 4.504, 4.811, 5.068, 5.301, 6.101, 6.781, 6.391, 5.861, 5.27, 4.208, 2.35, 1.21, 0.72, 0, 0.77, 1.19, 1.48, 1.66, 1.69, 2.91, 3.71, 3.8, 4.51, 6.54, 8.75, 9.7, 10.29, 10.67, 10.94, 11.44, 10.66, 8.9, 8.34, 8.8, 8.55, 8.15, 8.33, 8.92, 8.78, 7.23, 5.55, 4.71, 4.89, 4.63, 3.99, 2.77, 2.84, 3.24, 3.0, 2.92, 3.76, 4.02, 4.42, 5.08, 5.52, 5.39, 5.41, 5.61, 6.19, 6.39, 5.84, 5.1, 4.94, 6.01, 6.53, 6.87, 6.21, 5.62, 6.29, 6.58, 6.08, 6.16, 7.28, 8.52, 9.43, 9.85, 9.86, 10.31], [5.196, 4.929, 4.408, 4.331, 4.174, 4.268, 4.571, 4.371, 4.313, 4.612, 4.956, 5.246, 6.006, 6.643, 6.253, 5.786, 5.3, 4.269, 2.36, 1.22, 1.05, 0.77, 0, 0.88, 1.31, 1.55, 1.56, 3.04, 3.8, 3.85, 4.5, 6.49, 8.76, 9.83, 10.4, 10.78, 11.09, 11.55, 10.81, 8.93, 8.41, 8.91, 8.66, 8.28, 8.44, 8.99, 8.65, 7.1, 5.66, 4.86, 5.06, 4.78, 4.14, 2.66, 2.83, 3.19, 2.85, 2.61, 3.35, 3.57, 3.97, 4.61, 5.03, 5.14, 5.12, 5.26, 5.76, 6.0, 5.47, 4.73, 4.57, 5.62, 6.34, 6.86, 6.3, 5.67, 6.14, 6.53, 5.95, 6.13, 7.01, 8.33, 9.1, 9.44, 9.35, 9.88], [5.336, 5.166, 4.596, 4.459, 4.291, 4.416, 4.69, 4.503, 4.499, 4.706, 4.999, 5.174, 6.014, 6.685, 6.347, 5.769, 5.303, 4.429, 2.44, 1.12, 1.27, 1.19, 0.88, 0, 1.45, 1.61, 1.6, 2.98, 3.72, 3.83, 4.34, 6.39, 8.74, 9.79, 10.42, 10.8, 11.03, 11.55, 10.73, 8.85, 8.29, 8.77, 8.58, 8.22, 8.42, 8.91, 8.67, 7.1, 5.64, 4.78, 4.98, 4.76, 4.06, 2.62, 2.63, 3.05, 2.71, 2.37, 3.25, 3.61, 3.85, 4.57, 4.83, 5.06, 5.06, 5.12, 5.6, 6.04, 5.39, 4.81, 4.47, 5.44, 6.46, 7.04, 6.36, 5.73, 6.2, 6.65, 5.99, 6.17, 6.95, 8.15, 9.02, 9.24, 9.13, 9.52], [6.289, 6.148, 5.618, 5.441, 5.281, 5.475, 5.621, 5.422, 5.441, 5.628, 5.809, 6.036, 6.79, 7.416, 7.143, 6.619, 6.302, 5.445, 3.61, 1.95, 1.38, 1.48, 1.31, 1.45, 0, 0.78, 0.97, 2.27, 2.99, 3.04, 3.61, 5.68, 7.99, 9.06, 9.65, 10.03, 10.32, 10.78, 10.04, 8.16, 7.5, 8.02, 7.89, 7.51, 7.67, 8.22, 7.88, 6.31, 4.89, 4.09, 4.29, 4.01, 3.39, 2.51, 2.76, 3.22, 2.94, 2.98, 3.82, 4.36, 5.02, 5.7, 6.02, 5.99, 6.07, 6.15, 6.55, 6.87, 6.28, 5.62, 5.16, 6.43, 7.45, 8.05, 7.35, 6.64, 6.97, 7.56, 6.94, 7.16, 8.06, 9.3, 10.17, 10.47, 10.44, 10.828], [6.392, 6.285, 5.781, 5.607, 5.544, 5.664, 5.804, 5.545, 5.544, 5.891, 6.055, 6.364, 7.124, 7.779, 7.414, 6.916, 6.462, 5.628, 3.79, 2.19, 1.62, 1.66, 1.55, 1.61, 0.78, 0, 0.75, 2.03, 2.79, 2.7, 3.31, 5.36, 7.67, 8.74, 9.29, 9.65, 10.0, 10.46, 9.72, 7.84, 7.2, 7.7, 7.57, 7.19, 7.35, 7.9, 7.56, 5.99, 4.57, 3.77, 3.97, 3.69, 3.21, 2.39, 2.68, 3.16, 2.88, 2.9, 3.78, 4.46, 5.04, 5.72, 6.14, 6.23, 6.29, 6.23, 6.75, 7.13, 6.46, 5.82, 5.24, 6.61, 7.61, 8.23, 7.51, 6.86, 7.27, 7.76, 7.18, 7.34, 8.34, 9.64, 10.21, 10.47, 10.44, 10.863], [6.559, 6.349, 5.742, 5.556, 5.373, 5.579, 5.887, 5.732, 5.676, 6.012, 6.244, 6.577, 7.337, 8.017, 7.627, 7.117, 6.586, 5.492, 3.6, 1.92, 1.55, 1.69, 1.56, 1.6, 0.97, 0.75, 0, 1.76, 2.62, 2.75, 3.4, 5.29, 7.48, 8.49, 9.04, 9.4, 9.75, 10.21, 9.47, 7.69, 7.13, 7.59, 7.34, 6.94, 7.1, 7.69, 7.51, 5.98, 4.32, 3.54, 3.74, 3.44, 2.82, 1.84, 2.11, 2.57, 2.39, 2.33, 3.45, 4.15, 4.85, 5.53, 6.07, 6.28, 6.36, 6.38, 6.84, 7.3, 6.63, 6.03, 5.49, 6.8, 7.62, 8.14, 7.5, 6.87, 7.52, 7.83, 7.23, 7.41, 8.23, 9.63, 10.08, 10.24, 10.29, 10.773], [8.189, 7.836, 7.309, 7.199, 6.932, 7.078, 7.489, 7.339, 7.266, 7.599, 7.929, 8.099, 8.939, 9.619, 9.249, 8.682, 8.063, 6.977, 4.7, 3.16, 2.43, 2.91, 3.04, 2.98, 2.27, 2.03, 1.76, 0, 1.34, 1.59, 2.26, 3.89, 5.96, 6.95, 7.56, 7.94, 8.17, 8.69, 7.83, 6.25, 5.83, 6.31, 5.86, 5.54, 5.6, 6.11, 6.07, 4.7, 2.8, 2.02, 2.52, 2.2, 1.82, 1.92, 1.81, 1.81, 1.91, 3.01, 4.63, 5.49, 6.15, 7.03, 7.63, 7.92, 7.92, 8.06, 8.48, 9.0, 8.31, 7.67, 7.03, 8.291, 9.251, 9.72, 9.0, 8.45, 9.16, 9.45, 8.77, 8.83, 9.69, 11.07, 11.613, 11.42, 11.39, 11.853], [8.961, 8.66, 8.107, 7.95, 7.747, 7.907, 8.29, 8.132, 8.09, 8.311, 8.641, 8.828, 9.665, 10.345, 10.001, 9.345, 8.76, 7.82, 5.62, 4.06, 3.35, 3.71, 3.8, 3.72, 2.99, 2.79, 2.62, 1.34, 0, 0.99, 1.36, 3.01, 5.24, 6.23, 6.9, 7.3, 7.49, 8.03, 7.15, 5.39, 4.91, 5.37, 5.08, 4.68, 4.84, 5.43, 5.25, 3.78, 2.3, 2.24, 2.58, 2.34, 2.34, 2.62, 2.39, 2.19, 2.27, 3.43, 5.45, 6.39, 7.07, 7.83, 8.33, 8.64, 8.64, 8.78, 9.18, 9.716, 9.026, 8.386, 7.746, 8.953, 10.02, 10.52, 9.76, 9.25, 9.88, 10.21, 9.49, 9.63, 10.39, 11.75, 12.38, 12.08, 12.01, 12.45], [8.983, 8.733, 8.192, 8.04, 7.883, 8.023, 8.357, 8.185, 8.126, 8.378, 8.668, 8.921, 9.738, 10.398, 10.054, 9.478, 8.89, 7.976, 5.95, 4.29, 3.58, 3.8, 3.85, 3.83, 3.04, 2.7, 2.75, 1.59, 0.99, 0, 0.83, 2.76, 5.09, 6.1, 6.69, 7.07, 7.32, 7.84, 7.04, 5.16, 4.66, 5.16, 4.89, 4.53, 4.75, 5.3, 5.1, 3.53, 2.33, 2.27, 2.67, 2.31, 2.55, 2.99, 2.86, 2.52, 2.48, 3.76, 5.62, 6.54, 7.24, 7.9, 8.38, 8.65, 8.69, 8.79, 9.21, 9.73, 9.04, 8.4, 7.76, 9.09, 10.07, 10.61, 9.93, 9.34, 9.91, 10.28, 9.6, 9.76, 10.54, 11.92, 12.53, 12.39, 12.34, 12.743], [9.596, 9.406, 8.816, 8.676, 8.513, 8.656, 8.928, 8.764, 8.776, 8.965, 9.253, 9.494, 10.294, 10.951, 10.607, 10.043, 9.566, 8.649, 6.72, 5.04, 4.33, 4.51, 4.5, 4.34, 3.61, 3.31, 3.4, 2.26, 1.36, 0.83, 0, 2.13, 4.44, 5.49, 6.1, 6.48, 6.75, 7.23, 6.47, 4.59, 4.05, 4.51, 4.32, 3.94, 4.16, 4.69, 4.45, 2.88, 1.9, 2.3, 2.68, 2.34, 2.94, 3.5, 3.37, 2.93, 2.95, 4.25, 6.23, 7.19, 7.87, 8.55, 8.95, 9.26, 9.3, 9.36, 9.76, 10.3, 9.61, 8.99, 8.33, 9.64, 10.68, 11.26, 10.62, 9.97, 10.46, 10.87, 10.23, 10.45, 11.17, 12.45, 13.14, 12.88, 12.81, 13.184], [11.634, 11.322, 10.789, 10.709, 10.477, 10.609, 11.006, 10.836, 10.76, 11.009, 11.363, 11.553, 12.373, 13.038, 12.694, 12.113, 11.567, 10.61, 8.51, 6.89, 6.16, 6.54, 6.49, 6.39, 5.68, 5.36, 5.29, 3.89, 3.01, 2.76, 2.13, 0, 2.35, 3.42, 4.05, 4.43, 4.66, 5.18, 4.4, 2.86, 2.46, 2.76, 2.45, 2.31, 2.27, 2.62, 2.38, 1.37, 1.99, 2.67, 2.91, 3.11, 4.21, 5.01, 4.78, 4.3, 4.34, 5.82, 8.1, 9.08, 9.76, 10.52, 11.02, 11.37, 11.39, 11.47, 11.87, 12.41, 11.72, 11.08, 10.44, 11.706, 12.73, 13.27, 12.63, 12.02, 12.57, 12.92, 12.26, 12.44, 13.14, 14.5, 15.13, 14.71, 14.532, 14.956], [13.883, 13.542, 13.038, 12.941, 12.676, 12.798, 13.223, 13.059, 12.986, 13.328, 13.658, 13.9, 14.68, 15.354, 14.984, 14.36, 13.809, 12.752, 10.58, 8.96, 8.29, 8.75, 8.76, 8.74, 7.99, 7.67, 7.48, 5.96, 5.24, 5.09, 4.44, 2.35, 0, 1.31, 1.88, 2.2, 2.49, 2.93, 2.45, 1.83, 1.61, 1.41, 1.3, 1.5, 1.54, 1.77, 1.19, 1.98, 3.36, 4.36, 4.56, 4.76, 6.06, 6.86, 6.65, 6.25, 6.43, 8.01, 10.29, 11.19, 11.89, 12.75, 13.33, 13.68, 13.72, 13.78, 14.18, 14.713, 14.03, 13.39, 12.75, 13.94, 14.997, 15.46, 14.88, 14.25, 14.88, 15.17, 14.51, 14.73, 15.37, 16.77, 17.337, 16.937, 16.775, 17.217], [14.956, 14.621, 14.082, 13.956, 13.708, 13.868, 14.282, 14.132, 14.059, 14.383, 14.713, 14.944, 15.741, 16.421, 16.051, 15.441, 14.85, 13.699, 11.53, 9.87, 9.22, 9.7, 9.83, 9.79, 9.06, 8.74, 8.49, 6.95, 6.23, 6.1, 5.49, 3.42, 1.31, 0, 0.97, 1.45, 1.56, 2.1, 1.88, 1.78, 1.96, 1.32, 1.53, 2.03, 2.07, 2.18, 1.96, 2.93, 4.43, 5.41, 5.55, 5.81, 7.07, 7.87, 7.64, 7.22, 7.4, 9.0, 11.34, 12.26, 12.94, 13.82, 14.4, 14.71, 14.75, 14.85, 15.25, 15.789, 15.099, 14.46, 13.819, 15.049, 16.035, 16.51, 15.83, 15.26, 15.95, 16.24, 15.52, 15.74, 16.46, 17.86, 18.372, 17.969, 17.845, 18.301], [15.526, 15.162, 14.632, 14.495, 14.329, 14.452, 14.852, 14.702, 14.629, 14.954, 15.281, 15.574, 16.354, 17.034, 16.644, 16.114, 15.54, 14.283, 12.08, 10.42, 9.81, 10.29, 10.4, 10.42, 9.65, 9.29, 9.04, 7.56, 6.9, 6.69, 6.1, 4.05, 1.88, 0.97, 0, 1.02, 1.09, 1.35, 1.39, 1.85, 2.41, 1.85, 2.02, 2.28, 2.22, 2.17, 2.19, 3.54, 4.9, 5.94, 6.06, 6.3, 7.58, 8.42, 8.21, 7.77, 8.03, 9.67, 11.93, 12.85, 13.55, 14.37, 14.95, 15.28, 15.36, 15.4, 15.8, 16.34, 15.65, 15.03, 14.37, 15.72, 16.605, 17.08, 16.44, 15.87, 16.54, 16.83, 16.21, 16.39, 17.15, 18.55, 19.025, 18.59, 18.463, 18.905], [15.889, 15.542, 15.012, 14.884, 14.724, 14.853, 15.215, 15.065, 14.992, 15.334, 15.644, 15.954, 16.734, 17.414, 17.024, 16.494, 15.923, 14.697, 12.52, 10.9, 10.25, 10.67, 10.78, 10.8, 10.03, 9.65, 9.4, 7.94, 7.3, 7.07, 6.48, 4.43, 2.2, 1.45, 1.02, 0, 0.73, 1.05, 1.15, 2.29, 2.85, 2.29, 2.46, 2.72, 2.62, 2.23, 2.41, 3.94, 5.3, 6.2, 6.28, 6.46, 7.8, 8.78, 8.63, 8.19, 8.41, 10.05, 12.31, 13.23, 13.93, 14.73, 15.31, 15.66, 15.74, 15.78, 16.16, 16.7, 16.03, 15.41, 14.75, 16.1, 16.985, 17.46, 16.84, 16.25, 16.92, 17.21, 16.59, 16.77, 17.53, 18.93, 19.405, 18.985, 18.858, 19.279], [16.222, 15.875, 15.348, 15.231, 15.008, 15.114, 15.571, 15.417, 15.345, 15.652, 15.982, 16.178, 16.998, 17.678, 17.308, 16.758, 16.133, 14.984, 12.79, 11.17, 10.52, 10.94, 11.09, 11.03, 10.32, 10.0, 9.75, 8.17, 7.49, 7.32, 6.75, 4.66, 2.49, 1.56, 1.09, 0.73, 0, 0.94, 1.08, 2.32, 2.92, 2.4, 2.59, 2.93, 2.95, 2.42, 2.66, 4.15, 5.63, 6.49, 6.59, 6.89, 8.11, 9.09, 8.84, 8.42, 8.64, 10.28, 12.6, 13.54, 14.24, 15.08, 15.66, 15.97, 15.99, 16.11, 16.51, 17.05, 16.36, 15.72, 15.08, 16.366, 17.303, 17.77, 17.07, 16.5, 17.21, 17.5, 16.84, 16.96, 17.756, 19.16, 19.669, 19.249, 19.102, 19.546], [16.69, 16.332, 15.802, 15.674, 15.459, 15.582, 16.016, 15.866, 15.793, 16.124, 16.445, 16.704, 17.484, 18.164, 17.774, 17.244, 16.67, 15.416, 13.23, 11.59, 10.96, 11.44, 11.55, 11.55, 10.78, 10.46, 10.21, 8.69, 8.03, 7.84, 7.23, 5.18, 2.93, 2.1, 1.35, 1.05, 0.94, 0, 1.1, 2.82, 3.48, 2.94, 3.15, 3.41, 3.31, 2.84, 3.12, 4.63, 5.97, 6.91, 6.91, 7.11, 8.47, 9.45, 9.32, 8.86, 9.16, 10.8, 13.06, 13.98, 14.68, 15.54, 16.12, 16.45, 16.49, 16.57, 16.97, 17.51, 16.82, 16.18, 15.54, 16.85, 17.775, 18.23, 17.57, 17.0, 17.67, 17.96, 17.34, 17.52, 18.28, 19.68, 20.155, 19.72, 19.593, 20.026], [15.927, 15.56, 15.05, 14.939, 14.682, 14.816, 15.273, 15.103, 15.03, 15.363, 15.693, 15.881, 16.703, 17.383, 17.013, 16.412, 15.793, 14.702, 12.47, 10.87, 10.2, 10.66, 10.81, 10.73, 10.04, 9.72, 9.47, 7.83, 7.15, 7.04, 6.47, 4.4, 2.45, 1.88, 1.39, 1.15, 1.08, 1.1, 0, 1.92, 2.58, 2.08, 2.25, 2.59, 2.47, 2.18, 2.6, 3.85, 5.43, 6.39, 6.55, 6.85, 7.99, 8.77, 8.5, 8.08, 8.4, 9.96, 12.32, 13.24, 13.94, 14.8, 15.38, 15.69, 15.69, 15.83, 16.23, 16.769, 16.079, 15.439, 14.799, 16.021, 17.015, 17.49, 16.77, 16.22, 16.93, 17.22, 16.5, 16.64, 17.419, 18.78, 19.343, 18.943, 18.816, 19.246], [14.076, 13.813, 13.261, 13.149, 12.897, 13.041, 13.463, 13.278, 13.223, 13.486, 13.816, 13.995, 14.835, 15.515, 15.136, 14.555, 13.942, 13.016, 10.91, 9.31, 8.56, 8.9, 8.93, 8.85, 8.16, 7.84, 7.69, 6.25, 5.39, 5.16, 4.59, 2.86, 1.83, 1.78, 1.85, 2.29, 2.32, 2.82, 1.92, 0, 0.94, 1.02, 0.85, 1.17, 1.43, 1.66, 1.76, 2.31, 4.15, 5.07, 5.37, 5.63, 6.67, 7.45, 7.14, 6.7, 6.84, 8.24, 10.56, 11.56, 12.24, 12.96, 13.5, 13.81, 13.81, 13.95, 14.35, 14.89, 14.2, 13.56, 12.92, 14.163, 15.19, 15.69, 14.97, 14.42, 15.05, 15.36, 14.64, 14.74, 15.56, 16.94, 17.53, 17.15, 17.0, 17.459], [13.509, 13.319, 12.732, 12.549, 12.326, 12.529, 12.852, 12.662, 12.649, 12.922, 13.156, 13.326, 14.166, 14.846, 14.516, 13.892, 13.313, 12.502, 10.47, 8.83, 8.1, 8.34, 8.41, 8.29, 7.5, 7.2, 7.13, 5.83, 4.91, 4.66, 4.05, 2.46, 1.61, 1.96, 2.41, 2.85, 2.92, 3.48, 2.58, 0.94, 0, 0.88, 0.91, 1.11, 1.35, 1.66, 1.5, 1.89, 3.81, 4.77, 5.03, 5.29, 6.35, 7.15, 6.82, 6.38, 6.54, 7.82, 10.14, 11.1, 11.78, 12.44, 12.92, 13.15, 13.15, 13.29, 13.69, 14.23, 13.54, 12.9, 12.26, 13.501, 14.57, 15.15, 14.39, 13.8, 14.39, 14.76, 14.02, 14.12, 15.02, 16.36, 16.97, 16.69, 16.68, 17.042], [14.026, 13.819, 13.209, 13.009, 12.806, 13.009, 13.332, 13.176, 13.169, 13.439, 13.673, 13.861, 14.683, 15.363, 15.013, 14.392, 13.796, 12.979, 10.95, 9.29, 8.56, 8.8, 8.91, 8.77, 8.02, 7.7, 7.59, 6.31, 5.37, 5.16, 4.51, 2.76, 1.41, 1.32, 1.85, 2.29, 2.4, 2.94, 2.08, 1.02, 0.88, 0, 0.77, 1.35, 1.49, 1.7, 1.66, 2.13, 4.13, 5.09, 5.29, 5.57, 6.71, 7.49, 7.2, 6.76, 6.88, 8.24, 10.58, 11.58, 12.24, 12.94, 13.42, 13.67, 13.67, 13.81, 14.21, 14.75, 14.059, 13.44, 12.779, 14.01, 15.05, 15.61, 14.85, 14.26, 14.91, 15.24, 14.5, 14.66, 15.48, 16.8, 17.41, 17.09, 17.1, 17.479], [13.806, 13.541, 12.964, 12.833, 12.567, 12.751, 13.138, 12.988, 12.949, 13.216, 13.546, 13.716, 14.556, 15.236, 14.866, 14.276, 13.666, 12.666, 10.56, 8.96, 8.21, 8.55, 8.66, 8.58, 7.89, 7.57, 7.34, 5.86, 5.08, 4.89, 4.32, 2.45, 1.3, 1.53, 2.02, 2.46, 2.59, 3.15, 2.25, 0.85, 0.91, 0.77, 0, 1.02, 1.22, 1.51, 1.59, 1.92, 3.72, 4.64, 4.9, 5.16, 6.22, 7.04, 6.73, 6.25, 6.41, 7.89, 10.23, 11.23, 11.91, 12.65, 13.23, 13.54, 13.54, 13.68, 14.08, 14.62, 13.93, 13.29, 12.65, 13.885, 14.868, 15.34, 14.64, 14.07, 14.78, 15.07, 14.37, 14.45, 15.29, 16.63, 17.22, 16.84, 16.727, 17.156], [13.429, 13.154, 12.564, 12.407, 12.187, 12.362, 12.761, 12.611, 12.572, 12.839, 13.169, 13.374, 14.188, 14.868, 14.498, 13.928, 13.317, 12.203, 10.1, 8.48, 7.81, 8.15, 8.28, 8.22, 7.51, 7.19, 6.94, 5.54, 4.68, 4.53, 3.94, 2.31, 1.5, 2.03, 2.28, 2.72, 2.93, 3.41, 2.59, 1.17, 1.11, 1.35, 1.02, 0, 0.88, 1.47, 1.61, 1.98, 3.44, 4.38, 4.68, 4.88, 5.96, 6.64, 6.47, 6.03, 6.19, 7.59, 9.83, 10.83, 11.51, 12.27, 12.85, 13.16, 13.18, 13.3, 13.7, 14.24, 13.55, 12.91, 12.27, 13.536, 14.491, 14.96, 14.24, 13.69, 14.4, 14.69, 14.01, 14.17, 14.93, 16.33, 16.86, 16.5, 16.37, 16.838], [13.578, 13.268, 12.718, 12.577, 12.324, 12.496, 12.889, 12.739, 12.681, 13.008, 13.318, 13.574, 14.354, 15.034, 14.664, 14.034, 13.443, 12.36, 10.18, 8.6, 7.91, 8.33, 8.44, 8.42, 7.67, 7.35, 7.1, 5.6, 4.84, 4.75, 4.16, 2.27, 1.54, 2.07, 2.22, 2.62, 2.95, 3.31, 2.47, 1.43, 1.35, 1.49, 1.22, 0.88, 0, 1.01, 1.47, 2.02, 3.26, 4.24, 4.5, 4.68, 5.86, 6.56, 6.37, 5.95, 6.11, 7.63, 9.95, 10.89, 11.57, 12.43, 13.01, 13.34, 13.38, 13.46, 13.86, 14.393, 13.71, 13.07, 12.43, 13.62, 14.659, 15.12, 14.48, 13.89, 14.56, 14.85, 14.15, 14.37, 15.05, 16.45, 16.985, 16.6, 16.478, 16.914], [14.116, 13.766, 13.236, 13.149, 12.872, 13.023, 13.445, 13.303, 13.219, 13.526, 13.876, 14.05, 14.886, 15.546, 15.176, 14.61, 14.036, 12.927, 10.75, 9.21, 8.48, 8.92, 8.99, 8.91, 8.22, 7.9, 7.69, 6.11, 5.43, 5.3, 4.69, 2.62, 1.77, 2.18, 2.17, 2.23, 2.42, 2.84, 2.18, 1.66, 1.66, 1.7, 1.51, 1.47, 1.01, 0, 1.52, 2.47, 3.65, 4.45, 4.61, 4.89, 6.11, 7.05, 6.78, 6.44, 6.62, 8.16, 10.48, 11.42, 12.12, 12.98, 13.56, 13.87, 13.87, 13.99, 14.39, 14.93, 14.24, 13.6, 12.96, 14.198, 15.201, 15.65, 15.01, 14.4, 15.09, 15.38, 14.72, 14.86, 15.6, 16.94, 17.527, 17.118, 16.971, 17.424], [13.749, 13.422, 12.972, 12.894, 12.654, 12.794, 13.154, 12.943, 12.833, 13.179, 13.569, 13.819, 14.579, 15.179, 14.809, 14.259, 13.782, 12.807, 10.69, 9.15, 8.42, 8.78, 8.65, 8.67, 7.88, 7.56, 7.51, 6.07, 5.25, 5.1, 4.45, 2.38, 1.19, 1.96, 2.19, 2.41, 2.66, 3.12, 2.6, 1.76, 1.5, 1.66, 1.59, 1.61, 1.47, 1.52, 0, 1.59, 3.51, 4.53, 4.69, 4.91, 6.23, 7.01, 6.76, 6.42, 6.54, 8.04, 10.28, 11.2, 11.86, 12.72, 13.16, 13.65, 13.69, 13.65, 14.01, 14.51, 13.82, 13.18, 12.56, 13.79, 14.95, 15.47, 14.87, 14.26, 14.71, 15.12, 14.46, 14.68, 15.3, 16.68, 17.29, 16.87, 16.669, 17.127], [12.207, 11.963, 11.473, 11.37, 11.147, 11.293, 11.616, 11.414, 11.333, 11.629, 11.999, 12.249, 13.009, 13.629, 13.262, 12.729, 12.26, 11.326, 9.32, 7.72, 6.97, 7.23, 7.1, 7.1, 6.31, 5.99, 5.98, 4.7, 3.78, 3.53, 2.88, 1.37, 1.98, 2.93, 3.54, 3.94, 4.15, 4.63, 3.85, 2.31, 1.89, 2.13, 1.92, 1.98, 2.02, 2.47, 1.59, 0, 2.3, 3.34, 3.6, 3.8, 5.0, 5.74, 5.49, 5.13, 5.15, 6.57, 8.81, 9.79, 10.41, 11.19, 11.59, 12.08, 12.12, 12.08, 12.46, 12.96, 12.27, 11.63, 11.01, 12.26, 13.42, 13.94, 13.36, 12.73, 13.16, 13.59, 12.91, 13.15, 13.79, 15.15, 15.78, 15.36, 15.15, 15.626], [10.772, 10.434, 9.904, 9.767, 9.524, 9.664, 10.103, 9.965, 9.875, 10.194, 10.532, 10.777, 11.554, 12.214, 11.844, 11.297, 10.74, 9.486, 7.28, 5.7, 5.07, 5.55, 5.66, 5.64, 4.89, 4.57, 4.32, 2.8, 2.3, 2.33, 1.9, 1.99, 3.36, 4.43, 4.9, 5.3, 5.63, 5.97, 5.43, 4.15, 3.81, 4.13, 3.72, 3.44, 3.26, 3.65, 3.51, 2.3, 0, 1.22, 1.48, 1.6, 2.72, 3.58, 3.45, 3.09, 3.31, 4.87, 7.13, 8.05, 8.75, 9.65, 10.23, 10.54, 10.58, 10.66, 11.04, 11.58, 10.89, 10.25, 9.61, 10.9, 11.848, 12.3, 11.66, 11.07, 11.74, 12.03, 11.41, 11.59, 12.33, 13.73, 14.205, 13.773, 13.646, 14.079], [9.949, 9.599, 9.069, 8.952, 8.675, 8.835, 9.292, 9.142, 9.052, 9.379, 9.729, 9.914, 10.745, 11.405, 11.029, 10.465, 9.84, 8.686, 6.38, 4.84, 4.19, 4.71, 4.86, 4.78, 4.09, 3.77, 3.54, 2.02, 2.24, 2.27, 2.3, 2.67, 4.36, 5.41, 5.94, 6.2, 6.49, 6.91, 6.39, 5.07, 4.77, 5.09, 4.64, 4.38, 4.24, 4.45, 4.53, 3.34, 1.22, 0, 0.76, 0.8, 1.74, 2.68, 2.57, 2.63, 2.59, 4.03, 6.33, 7.23, 7.95, 8.85, 9.43, 9.72, 9.72, 9.86, 10.24, 10.76, 10.07, 9.43, 8.79, 10.053, 11.011, 11.48, 10.76, 10.23, 10.94, 11.23, 10.53, 10.67, 11.45, 12.83, 13.356, 12.922, 12.809, 13.236], [10.152, 9.802, 9.272, 9.135, 8.895, 9.035, 9.495, 9.345, 9.255, 9.582, 9.932, 10.111, 10.945, 11.605, 11.232, 10.685, 10.04, 8.845, 6.54, 4.92, 4.37, 4.89, 5.06, 4.98, 4.29, 3.97, 3.74, 2.52, 2.58, 2.67, 2.68, 2.91, 4.56, 5.55, 6.06, 6.28, 6.59, 6.91, 6.55, 5.37, 5.03, 5.29, 4.9, 4.68, 4.5, 4.61, 4.69, 3.6, 1.48, 0.76, 0, 0.74, 1.78, 2.8, 2.89, 3.15, 3.15, 4.23, 6.53, 7.43, 8.15, 9.05, 9.63, 9.92, 9.92, 10.06, 10.44, 10.96, 10.27, 9.63, 8.99, 10.273, 11.213, 11.68, 10.94, 10.43, 11.14, 11.43, 10.75, 10.87, 11.669, 13.05, 13.576, 13.127, 13.012, 13.444], [9.875, 9.525, 8.995, 8.858, 8.641, 8.781, 9.218, 9.068, 8.978, 9.305, 9.655, 9.894, 10.691, 11.351, 10.961, 10.431, 9.82, 8.577, 6.34, 4.7, 4.15, 4.63, 4.78, 4.76, 4.01, 3.69, 3.44, 2.2, 2.34, 2.31, 2.34, 3.11, 4.76, 5.81, 6.3, 6.46, 6.89, 7.11, 6.85, 5.63, 5.29, 5.57, 5.16, 4.88, 4.68, 4.89, 4.91, 3.8, 1.6, 0.8, 0.74, 0, 1.5, 2.46, 2.55, 2.73, 2.67, 3.99, 6.25, 7.15, 7.89, 8.77, 9.35, 9.64, 9.68, 9.78, 10.16, 10.68, 9.99, 9.35, 8.71, 10.019, 10.936, 11.4, 10.72, 10.17, 10.86, 11.15, 10.49, 10.67, 11.43, 12.83, 13.322, 12.876, 12.76, 13.202], [9.232, 8.882, 8.352, 8.215, 7.972, 8.112, 8.572, 8.425, 8.335, 8.662, 9.012, 9.182, 10.022, 10.682, 10.312, 9.762, 9.105, 7.925, 5.52, 3.94, 3.45, 3.99, 4.14, 4.06, 3.39, 3.21, 2.82, 1.82, 2.34, 2.55, 2.94, 4.21, 6.06, 7.07, 7.58, 7.8, 8.11, 8.47, 7.99, 6.67, 6.35, 6.71, 6.22, 5.96, 5.86, 6.11, 6.23, 5.0, 2.72, 1.74, 1.78, 1.5, 0, 1.76, 1.81, 2.11, 2.15, 3.45, 5.61, 6.51, 7.23, 8.13, 8.71, 9.0, 9.0, 9.14, 9.52, 10.04, 9.35, 8.71, 8.07, 9.351, 10.293, 10.76, 10.0, 9.51, 10.22, 10.51, 9.83, 9.886, 10.741, 12.11, 12.643, 12.253, 12.206, 12.602], [7.563, 7.213, 6.683, 6.546, 6.301, 6.461, 6.906, 6.756, 6.666, 6.993, 7.343, 7.574, 8.371, 9.031, 8.661, 8.051, 7.437, 6.277, 3.98, 2.58, 2.39, 2.77, 2.66, 2.62, 2.51, 2.39, 1.84, 1.92, 2.62, 2.99, 3.5, 5.01, 6.86, 7.87, 8.42, 8.78, 9.09, 9.45, 8.77, 7.45, 7.15, 7.49, 7.04, 6.64, 6.56, 7.05, 7.01, 5.74, 3.58, 2.68, 2.8, 2.46, 1.76, 0, 0.95, 1.35, 1.45, 2.03, 3.95, 4.85, 5.57, 6.49, 7.05, 7.34, 7.38, 7.48, 7.86, 8.38, 7.69, 7.05, 6.41, 7.64, 8.625, 9.1, 8.4, 7.87, 8.56, 8.85, 8.11, 8.33, 9.05, 10.45, 10.962, 10.7, 10.65, 11.09], [7.633, 7.283, 6.753, 6.636, 6.362, 6.51, 6.933, 6.803, 6.73, 7.043, 7.373, 7.543, 8.383, 9.063, 8.693, 8.092, 7.47, 6.359, 4.05, 2.85, 2.5, 2.84, 2.83, 2.63, 2.76, 2.68, 2.11, 1.81, 2.39, 2.86, 3.37, 4.78, 6.65, 7.64, 8.21, 8.63, 8.84, 9.32, 8.5, 7.14, 6.82, 7.2, 6.73, 6.47, 6.37, 6.78, 6.76, 5.49, 3.45, 2.57, 2.89, 2.55, 1.81, 0.95, 0, 0.94, 1.12, 1.94, 4.0, 4.92, 5.6, 6.5, 7.08, 7.37, 7.37, 7.51, 7.91, 8.449, 7.759, 7.119, 6.479, 7.701, 8.695, 9.169, 8.43, 7.9, 8.61, 8.9, 8.18, 8.28, 9.091, 10.46, 11.023, 10.67, 10.64, 11.06], [7.996, 7.629, 7.099, 6.982, 6.736, 6.859, 7.302, 7.152, 7.079, 7.412, 7.742, 7.912, 8.752, 9.432, 9.062, 8.512, 7.89, 6.716, 4.43, 3.19, 2.9, 3.24, 3.19, 3.05, 3.22, 3.16, 2.57, 1.81, 2.19, 2.52, 2.93, 4.3, 6.25, 7.22, 7.77, 8.19, 8.42, 8.86, 8.08, 6.7, 6.38, 6.76, 6.25, 6.03, 5.95, 6.44, 6.42, 5.13, 3.09, 2.63, 3.15, 2.73, 2.11, 1.35, 0.94, 0, 0.84, 2.26, 4.36, 5.28, 5.96, 6.84, 7.42, 7.73, 7.73, 7.87, 8.27, 8.81, 8.12, 7.48, 6.84, 8.121, 9.063, 9.53, 8.79, 8.26, 8.97, 9.26, 8.6, 8.66, 9.511, 10.88, 11.423, 11.043, 11.0, 11.42], [7.659, 7.369, 6.779, 6.669, 6.406, 6.543, 6.965, 6.815, 6.782, 7.069, 7.399, 7.598, 8.418, 9.098, 8.728, 8.158, 7.533, 6.433, 4.27, 3.07, 2.78, 3.0, 2.85, 2.71, 2.94, 2.88, 2.39, 1.91, 2.27, 2.48, 2.95, 4.34, 6.43, 7.4, 8.03, 8.41, 8.64, 9.16, 8.4, 6.84, 6.54, 6.88, 6.41, 6.19, 6.11, 6.62, 6.54, 5.15, 3.31, 2.59, 3.15, 2.67, 2.15, 1.45, 1.12, 0.84, 0, 1.92, 4.04, 5.0, 5.66, 6.5, 7.08, 7.39, 7.41, 7.53, 7.93, 8.47, 7.78, 7.14, 6.5, 7.766, 8.721, 9.19, 8.49, 7.92, 8.63, 8.92, 8.24, 8.36, 9.156, 10.56, 11.087, 10.69, 10.62, 11.058], [5.996, 5.696, 5.116, 5.019, 4.754, 4.934, 5.339, 5.189, 5.099, 5.406, 5.736, 5.947, 6.758, 7.438, 7.068, 6.487, 5.896, 4.81, 3.03, 2.57, 2.98, 2.92, 2.61, 2.37, 2.98, 2.9, 2.33, 3.01, 3.43, 3.76, 4.25, 5.82, 8.01, 9.0, 9.67, 10.05, 10.28, 10.8, 9.96, 8.24, 7.82, 8.24, 7.89, 7.59, 7.63, 8.16, 8.04, 6.57, 4.87, 4.03, 4.23, 3.99, 3.45, 2.03, 1.94, 2.26, 1.92, 0, 2.42, 3.36, 4.04, 4.86, 5.44, 5.73, 5.75, 5.87, 6.27, 6.81, 6.12, 5.48, 4.84, 6.086, 7.078, 7.53, 6.89, 6.26, 6.97, 7.26, 6.58, 6.76, 7.48, 8.88, 9.41, 9.05, 9.02, 9.483], [4.18, 3.83, 3.34, 3.28, 2.94, 2.8, 3.14, 3.19, 3.06, 3.17, 3.66, 3.83, 4.55, 5.17, 4.737, 4.23, 3.756, 2.95, 3.13, 3.41, 3.84, 3.76, 3.35, 3.25, 3.82, 3.78, 3.45, 4.63, 5.45, 5.62, 6.23, 8.1, 10.29, 11.34, 11.93, 12.31, 12.6, 13.06, 12.32, 10.56, 10.14, 10.58, 10.23, 9.83, 9.95, 10.48, 10.28, 8.81, 7.13, 6.33, 6.53, 6.25, 5.61, 3.95, 4.0, 4.36, 4.04, 2.42, 0, 1.04, 1.74, 2.58, 3.14, 3.45, 3.49, 3.53, 3.93, 4.45, 3.76, 3.12, 2.54, 3.81, 4.75, 5.21, 4.61, 4.0, 4.61, 4.92, 4.34, 4.52, 5.24, 6.66, 7.13, 7.11, 7.08, 7.603], [3.68, 3.43, 3.0, 2.96, 2.68, 2.44, 2.7, 2.99, 2.84, 2.87, 3.32, 3.49, 4.09, 4.69, 4.0, 3.73, 3.31, 2.83, 3.21, 3.61, 4.1, 4.02, 3.57, 3.61, 4.36, 4.46, 4.15, 5.49, 6.39, 6.54, 7.19, 9.08, 11.19, 12.26, 12.85, 13.23, 13.54, 13.98, 13.24, 11.56, 11.1, 11.58, 11.23, 10.83, 10.89, 11.42, 11.2, 9.79, 8.05, 7.23, 7.43, 7.15, 6.51, 4.85, 4.92, 5.28, 5.0, 3.36, 1.04, 0, 0.88, 1.74, 2.28, 2.57, 2.61, 2.65, 3.05, 3.53, 2.86, 2.28, 1.78, 2.91, 3.847, 4.31, 3.73, 3.12, 3.71, 4.04, 3.44, 3.62, 4.36, 5.78, 6.29, 6.37, 6.34, 6.868], [3.62, 3.33, 2.96, 2.94, 2.62, 2.36, 2.5, 2.81, 2.7, 2.69, 3.12, 3.29, 3.89, 4.41, 3.72, 3.51, 3.17, 2.83, 3.35, 3.99, 4.62, 4.42, 3.97, 3.85, 5.02, 5.04, 4.85, 6.15, 7.07, 7.24, 7.87, 9.76, 11.89, 12.94, 13.55, 13.93, 14.24, 14.68, 13.94, 12.24, 11.78, 12.24, 11.91, 11.51, 11.57, 12.12, 11.86, 10.41, 8.75, 7.95, 8.15, 7.89, 7.23, 5.57, 5.6, 5.96, 5.66, 4.04, 1.74, 0.88, 0, 1.1, 1.6, 1.91, 1.95, 1.95, 2.39, 2.85, 2.16, 1.86, 1.52, 2.25, 3.207, 3.69, 3.11, 2.5, 3.01, 3.38, 2.82, 3.0, 3.68, 5.1, 5.61, 5.71, 5.66, 6.208], [3.32, 3.13, 2.82, 2.88, 2.58, 2.34, 2.44, 2.71, 2.62, 2.71, 3.0, 3.31, 3.89, 4.29, 3.56, 3.33, 2.93, 2.81, 4.03, 4.83, 5.42, 5.08, 4.61, 4.57, 5.7, 5.72, 5.53, 7.03, 7.83, 7.9, 8.55, 10.52, 12.75, 13.82, 14.37, 14.73, 15.08, 15.54, 14.8, 12.96, 12.44, 12.94, 12.65, 12.27, 12.43, 12.98, 12.72, 11.19, 9.65, 8.85, 9.05, 8.77, 8.13, 6.49, 6.5, 6.84, 6.5, 4.86, 2.58, 1.74, 1.1, 0, 0.8, 1.19, 1.33, 1.11, 1.51, 2.01, 1.64, 1.64, 1.62, 1.59, 2.37, 2.87, 2.35, 2.0, 2.39, 2.62, 2.18, 2.34, 2.88, 4.34, 4.81, 4.97, 4.9, 5.41], [3.28, 3.15, 2.84, 2.82, 2.62, 2.36, 2.3, 2.51, 2.58, 2.55, 2.84, 3.15, 3.67, 3.95, 3.22, 2.97, 2.81, 2.97, 4.31, 5.31, 5.94, 5.52, 5.03, 4.83, 6.02, 6.14, 6.07, 7.63, 8.33, 8.38, 8.95, 11.02, 13.33, 14.4, 14.95, 15.31, 15.66, 16.12, 15.38, 13.5, 12.92, 13.42, 13.23, 12.85, 13.01, 13.56, 13.16, 11.59, 10.23, 9.43, 9.63, 9.35, 8.71, 7.05, 7.08, 7.42, 7.08, 5.44, 3.14, 2.28, 1.6, 0.8, 0, 0.93, 1.13, 0.81, 1.21, 1.55, 1.26, 1.62, 1.88, 1.39, 2.05, 2.55, 2.17, 1.9, 2.03, 2.34, 1.82, 2.04, 2.52, 3.78, 4.49, 4.79, 4.62, 5.11], [3.23, 3.1, 2.79, 2.65, 2.47, 2.21, 2.15, 2.44, 2.49, 2.42, 2.51, 2.66, 3.26, 3.6, 2.83, 2.58, 2.46, 2.76, 4.1, 5.28, 5.89, 5.39, 5.14, 5.06, 5.99, 6.23, 6.28, 7.92, 8.64, 8.65, 9.26, 11.37, 13.68, 14.71, 15.28, 15.66, 15.97, 16.45, 15.69, 13.81, 13.15, 13.67, 13.54, 13.16, 13.34, 13.87, 13.65, 12.08, 10.54, 9.72, 9.92, 9.64, 9.0, 7.34, 7.37, 7.73, 7.39, 5.73, 3.45, 2.57, 1.91, 1.19, 0.93, 0, 0.74, 0.76, 1.26, 1.44, 1.13, 1.65, 2.05, 1.44, 1.8, 2.3, 1.84, 1.47, 1.58, 1.99, 1.45, 1.61, 2.41, 3.57, 4.48, 5.06, 4.93, 5.4], [3.19, 3.14, 2.89, 2.69, 2.49, 2.19, 2.17, 2.48, 2.61, 2.6, 2.67, 2.78, 3.38, 3.64, 2.85, 2.56, 2.42, 2.84, 4.24, 5.26, 5.83, 5.41, 5.12, 5.06, 6.07, 6.29, 6.36, 7.92, 8.64, 8.69, 9.3, 11.39, 13.72, 14.75, 15.36, 15.74, 15.99, 16.49, 15.69, 13.81, 13.15, 13.67, 13.54, 13.18, 13.38, 13.87, 13.69, 12.12, 10.58, 9.72, 9.92, 9.68, 9.0, 7.38, 7.37, 7.73, 7.41, 5.75, 3.49, 2.61, 1.95, 1.33, 1.13, 0.74, 0, 0.78, 1.16, 1.36, 1.23, 1.55, 2.11, 1.52, 1.7, 2.18, 1.66, 1.45, 1.48, 1.85, 1.31, 1.51, 2.21, 3.45, 4.34, 4.76, 4.73, 5.14], [3.03, 3.0, 2.85, 2.65, 2.55, 2.21, 2.13, 2.38, 2.59, 2.5, 2.69, 2.96, 3.44, 3.72, 2.97, 2.7, 2.48, 2.96, 4.46, 5.5, 6.09, 5.61, 5.26, 5.12, 6.15, 6.23, 6.38, 8.06, 8.78, 8.79, 9.36, 11.47, 13.78, 14.85, 15.4, 15.78, 16.11, 16.57, 15.83, 13.95, 13.29, 13.81, 13.68, 13.3, 13.46, 13.99, 13.65, 12.08, 10.66, 9.86, 10.06, 9.78, 9.14, 7.48, 7.51, 7.87, 7.53, 5.87, 3.53, 2.65, 1.95, 1.11, 0.81, 0.76, 0.78, 0, 0.98, 1.16, 0.97, 1.37, 1.83, 1.24, 1.62, 2.12, 1.7, 1.49, 1.42, 1.81, 1.47, 1.65, 2.17, 3.41, 4.14, 4.58, 4.47, 4.92], [3.57, 3.64, 3.49, 3.29, 3.11, 2.83, 2.61, 2.88, 2.95, 3.0, 3.13, 3.44, 3.94, 4.2, 3.51, 3.24, 3.1, 3.6, 5.1, 6.02, 6.69, 6.19, 5.76, 5.6, 6.55, 6.75, 6.84, 8.48, 9.18, 9.21, 9.76, 11.87, 14.18, 15.25, 15.8, 16.16, 16.51, 16.97, 16.23, 14.35, 13.69, 14.21, 14.08, 13.7, 13.86, 14.39, 14.01, 12.46, 11.04, 10.24, 10.44, 10.16, 9.52, 7.86, 7.91, 8.27, 7.93, 6.27, 3.93, 3.05, 2.39, 1.51, 1.21, 1.26, 1.16, 0.98, 0, 0.74, 0.99, 1.61, 1.95, 1.12, 1.68, 2.08, 1.84, 1.83, 1.6, 1.91, 1.79, 2.17, 1.91, 3.11, 3.94, 4.18, 4.09, 4.52], [3.63, 3.68, 3.57, 3.39, 3.23, 2.93, 2.65, 2.9, 3.03, 3.04, 3.19, 3.48, 3.98, 4.12, 3.45, 3.16, 3.18, 3.7, 5.22, 6.3, 6.87, 6.39, 6.0, 6.04, 6.87, 7.13, 7.3, 9.0, 9.716, 9.73, 10.3, 12.41, 14.713, 15.789, 16.34, 16.7, 17.05, 17.51, 16.769, 14.89, 14.23, 14.75, 14.62, 14.24, 14.393, 14.93, 14.51, 12.96, 11.58, 10.76, 10.96, 10.68, 10.04, 8.38, 8.449, 8.81, 8.47, 6.81, 4.45, 3.53, 2.85, 2.01, 1.55, 1.44, 1.36, 1.16, 0.74, 0, 0.97, 1.65, 2.27, 1.38, 1.4, 1.72, 1.7, 1.83, 1.6, 1.67, 1.75, 2.07, 1.83, 2.67, 3.56, 4.02, 3.91, 4.36], [3.62, 3.59, 3.44, 3.34, 3.2, 2.9, 2.64, 2.91, 3.02, 2.89, 3.14, 3.43, 3.93, 4.05, 3.44, 3.17, 3.15, 3.51, 4.65, 5.75, 6.38, 5.84, 5.47, 5.39, 6.28, 6.46, 6.63, 8.31, 9.026, 9.04, 9.61, 11.72, 14.03, 15.099, 15.65, 16.03, 16.36, 16.82, 16.079, 14.2, 13.54, 14.059, 13.93, 13.55, 13.71, 14.24, 13.82, 12.27, 10.89, 10.07, 10.27, 9.99, 9.35, 7.69, 7.759, 8.12, 7.78, 6.12, 3.76, 2.86, 2.16, 1.64, 1.26, 1.13, 1.23, 0.97, 0.99, 0.97, 0, 1.14, 1.6, 1.21, 1.69, 2.13, 1.79, 1.84, 1.63, 1.98, 1.8, 2.12, 2.16, 3.3, 4.15, 4.63, 4.48, 4.95], [3.4, 3.51, 3.38, 3.38, 3.2, 2.84, 2.74, 2.89, 2.94, 2.89, 3.22, 3.49, 3.99, 4.21, 3.58, 3.33, 3.05, 3.31, 4.35, 5.09, 5.58, 5.1, 4.73, 4.81, 5.62, 5.82, 6.03, 7.67, 8.386, 8.4, 8.99, 11.08, 13.39, 14.46, 15.03, 15.41, 15.72, 16.18, 15.439, 13.56, 12.9, 13.44, 13.29, 12.91, 13.07, 13.6, 13.18, 11.63, 10.25, 9.43, 9.63, 9.35, 8.71, 7.05, 7.119, 7.48, 7.14, 5.48, 3.12, 2.28, 1.86, 1.64, 1.62, 1.65, 1.55, 1.37, 1.61, 1.65, 1.14, 0, 1.04, 1.61, 2.25, 2.73, 2.27, 2.02, 1.85, 2.4, 2.2, 2.5, 2.96, 4.08, 4.97, 5.35, 5.26, 5.69], [3.7, 3.77, 3.62, 3.56, 3.4, 3.08, 2.92, 3.13, 3.18, 3.13, 3.44, 3.73, 4.21, 4.55, 4.0, 3.73, 3.39, 3.57, 4.41, 4.89, 5.36, 4.94, 4.57, 4.47, 5.16, 5.24, 5.49, 7.03, 7.746, 7.76, 8.33, 10.44, 12.75, 13.819, 14.37, 14.75, 15.08, 15.54, 14.799, 12.92, 12.26, 12.779, 12.65, 12.27, 12.43, 12.96, 12.56, 11.01, 9.61, 8.79, 8.99, 8.71, 8.07, 6.41, 6.479, 6.84, 6.5, 4.84, 2.54, 1.78, 1.52, 1.62, 1.88, 2.05, 2.11, 1.83, 1.95, 2.27, 1.6, 1.04, 0, 1.63, 2.75, 3.43, 2.75, 2.36, 2.49, 3.14, 2.62, 3.02, 3.54, 4.68, 5.33, 5.55, 5.5, 5.908], [3.27, 3.24, 3.07, 2.97, 2.73, 2.45, 2.37, 2.66, 2.73, 2.68, 2.95, 3.14, 3.6, 3.94, 3.37, 2.98, 2.58, 3.14, 4.62, 5.86, 6.51, 6.01, 5.62, 5.44, 6.43, 6.61, 6.8, 8.291, 8.953, 9.09, 9.64, 11.706, 13.94, 15.049, 15.72, 16.1, 16.366, 16.85, 16.021, 14.163, 13.501, 14.01, 13.885, 13.536, 13.62, 14.198, 13.79, 12.26, 10.9, 10.053, 10.273, 10.019, 9.351, 7.64, 7.701, 8.121, 7.766, 6.086, 3.81, 2.91, 2.25, 1.59, 1.39, 1.44, 1.52, 1.24, 1.12, 1.38, 1.21, 1.61, 1.63, 0, 1.48, 2.2, 1.86, 1.59, 1.76, 2.03, 1.67, 2.01, 2.15, 3.21, 4.04, 4.5, 4.33, 4.82], [2.99, 2.98, 2.83, 2.61, 2.69, 2.35, 2.33, 2.86, 2.89, 2.92, 2.81, 3.0, 3.18, 3.4, 2.71, 2.5, 2.52, 3.36, 5.0, 6.48, 6.99, 6.53, 6.34, 6.46,