[[0, 0.8, 2.12, 4.42, 7.176, 7.25, 6.79, 7.22, 7.7, 7.86, 7.37, 7.39, 6.91, 6.74, 7.64, 7.06, 6.96, 6.9, 6.95, 7.24, 8.04, 7.15, 6.65, 6.48, 7.02, 6.79, 6.96, 7.31, 8.08, 10.83, 12.23, 12.98, 12.71, 11.78, 11.61, 11.24, 9.97, 8.24, 7.62, 6.93, 6.49, 5.98, 6.739, 7.51, 7.17, 7.09, 6.75, 6.89, 6.61, 6.04, 5.82, 5.41, 5.04, 4.66, 4.61, 4.68, 5.22, 5.46, 4.7, 4.35, 4.47, 4.82, 4.84, 4.45, 4.35, 4.53, 4.27, 4.77, 4.78, 3.37, 2.26, 1.89, 1.75, 2.04, 1.94, 1.57, 2.16, 4.13, 4.96, 3.23, 2.05, 1.65, 1.76, 1.84, 1.61, 1.52], [0.8, 0, 1.68, 4.0, 6.773, 6.83, 6.39, 6.82, 7.26, 7.38, 6.91, 6.99, 6.53, 6.3, 7.26, 6.62, 6.52, 6.46, 6.51, 6.8, 7.64, 6.85, 6.21, 6.02, 6.6, 6.39, 6.64, 6.87, 7.6, 10.39, 11.79, 12.54, 12.27, 11.34, 11.17, 10.78, 9.53, 7.84, 7.22, 6.53, 6.07, 5.58, 6.33, 7.07, 6.73, 6.65, 6.31, 6.43, 6.19, 5.62, 5.38, 4.97, 4.58, 4.32, 4.23, 4.22, 4.74, 4.98, 4.22, 3.89, 3.99, 4.34, 4.34, 4.01, 3.95, 4.15, 3.85, 4.29, 4.34, 2.97, 2.0, 1.59, 1.69, 2.02, 1.8, 1.43, 1.96, 4.31, 5.18, 3.51, 2.17, 1.67, 1.94, 1.94, 1.79, 1.62], [2.12, 1.68, 0, 2.7, 5.413, 5.47, 5.07, 5.46, 5.86, 5.96, 5.53, 5.65, 5.29, 5.0, 5.82, 5.36, 5.16, 5.04, 5.13, 5.36, 6.2, 5.51, 4.83, 4.6, 5.22, 5.13, 5.36, 5.57, 6.12, 8.99, 10.39, 11.14, 10.89, 9.94, 9.79, 9.38, 8.13, 6.473, 5.853, 5.17, 4.71, 4.24, 4.98, 5.67, 5.33, 5.25, 4.91, 5.05, 4.83, 4.26, 4.02, 3.75, 3.4, 3.26, 3.31, 2.98, 3.44, 3.54, 2.72, 2.41, 2.59, 2.92, 3.02, 2.69, 2.67, 2.93, 2.49, 2.91, 2.96, 1.99, 1.78, 1.85, 2.77, 2.78, 2.3, 1.99, 3.1, 5.85, 6.78, 5.09, 3.63, 3.09, 3.4, 3.36, 3.05, 2.68], [4.42, 4.0, 2.7, 0, 2.88, 2.99, 2.53, 2.96, 3.52, 3.7, 3.33, 3.19, 2.99, 2.66, 3.6, 3.04, 2.72, 2.66, 2.83, 3.16, 4.02, 3.41, 2.83, 2.54, 3.04, 2.91, 3.22, 3.27, 3.92, 6.61, 7.97, 8.7, 8.41, 7.5, 7.31, 6.98, 5.71, 3.94, 3.3, 2.65, 2.39, 2.34, 3.04, 3.45, 2.97, 3.13, 3.07, 3.13, 3.01, 2.86, 2.84, 2.77, 2.66, 2.62, 2.87, 2.66, 2.28, 2.3, 2.24, 2.25, 2.45, 2.74, 2.5, 2.43, 1.93, 1.45, 1.77, 1.69, 1.94, 2.49, 3.4, 3.95, 4.89, 4.92, 4.08, 3.99, 5.22, 8.07, 9.0, 7.21, 5.95, 5.41, 5.76, 5.78, 5.53, 5.224], [7.176, 6.773, 5.413, 2.88, 0, 0.75, 0.99, 1.22, 1.82, 1.64, 1.69, 1.53, 1.59, 1.68, 2.0, 1.76, 1.56, 1.74, 2.09, 2.0, 2.16, 2.23, 1.95, 1.8, 1.82, 1.89, 2.04, 1.77, 1.94, 4.19, 5.41, 6.04, 5.73, 4.9, 4.77, 4.5, 3.19, 1.7, 1.6, 1.91, 2.29, 2.86, 3.22, 3.11, 2.77, 2.45, 2.49, 2.35, 2.39, 2.6, 2.78, 3.27, 3.38, 3.62, 3.71, 3.8, 3.16, 3.04, 3.46, 3.99, 3.73, 3.96, 3.64, 3.57, 3.23, 2.95, 3.37, 2.99, 2.92, 4.31, 5.76, 6.55, 7.51, 7.5, 6.62, 6.61, 7.76, 10.703, 11.599, 9.81, 8.65, 8.13, 8.493, 8.54, 8.31, 8.013], [7.25, 6.83, 5.47, 2.99, 0.75, 0, 1.02, 1.17, 1.85, 1.57, 1.5, 1.48, 1.52, 1.85, 2.17, 1.93, 1.69, 1.77, 2.18, 2.03, 2.17, 2.38, 2.16, 2.11, 1.97, 2.0, 2.27, 2.0, 2.15, 4.04, 5.24, 5.87, 5.56, 4.71, 4.58, 4.31, 3.14, 1.69, 1.61, 1.98, 2.32, 2.95, 3.27, 3.06, 2.76, 2.36, 2.54, 2.36, 2.3, 2.45, 2.57, 3.22, 3.29, 3.55, 3.66, 3.79, 3.09, 2.97, 3.49, 4.02, 3.74, 3.89, 3.51, 3.6, 3.22, 3.02, 3.56, 3.08, 3.05, 4.56, 5.97, 6.76, 7.72, 7.73, 6.85, 6.82, 7.85, 10.76, 11.669, 9.86, 8.7, 8.2, 8.55, 8.59, 8.38, 8.07], [6.79, 6.39, 5.07, 2.53, 0.99, 1.02, 0, 1.25, 1.91, 1.73, 1.46, 1.48, 1.4, 1.57, 2.07, 1.69, 1.69, 1.65, 1.88, 1.93, 2.17, 2.32, 1.92, 1.91, 1.67, 1.74, 2.07, 1.84, 2.23, 4.56, 5.8, 6.449, 6.156, 5.29, 5.14, 4.87, 3.62, 1.85, 1.59, 1.86, 2.16, 2.67, 3.03, 3.02, 2.58, 2.3, 2.38, 2.28, 2.36, 2.41, 2.63, 3.12, 3.07, 3.15, 3.4, 3.43, 2.83, 2.71, 3.15, 3.58, 3.38, 3.79, 3.45, 3.52, 3.06, 2.74, 3.02, 2.56, 2.61, 4.18, 5.47, 6.14, 7.1, 7.11, 6.23, 6.22, 7.53, 10.34, 11.27, 9.48, 8.3, 7.76, 8.11, 8.15, 7.94, 7.63], [7.22, 6.82, 5.46, 2.96, 1.22, 1.17, 1.25, 0, 1.18, 1.16, 1.21, 1.03, 1.27, 1.54, 1.8, 1.62, 1.52, 1.36, 1.69, 1.46, 1.8, 2.03, 1.91, 1.7, 1.5, 1.71, 1.86, 1.77, 1.94, 3.867, 5.095, 5.822, 5.523, 4.622, 4.455, 4.185, 3.11, 2.08, 2.04, 2.13, 2.59, 3.1, 3.56, 3.47, 2.97, 2.73, 2.79, 2.61, 2.69, 2.92, 3.12, 3.51, 3.48, 3.68, 3.87, 3.94, 3.38, 3.24, 3.54, 3.91, 3.89, 4.18, 3.78, 3.81, 3.31, 3.25, 3.63, 3.15, 3.0, 4.65, 5.84, 6.55, 7.51, 7.5, 6.56, 6.63, 7.86, 10.75, 11.68, 9.87, 8.71, 8.19, 8.54, 8.58, 8.37, 8.06], [7.7, 7.26, 5.86, 3.52, 1.82, 1.85, 1.91, 1.18, 0, 0.8, 1.25, 1.21, 1.57, 1.84, 1.92, 1.82, 1.88, 1.92, 2.13, 1.88, 1.64, 2.33, 2.29, 2.06, 1.62, 1.97, 1.98, 1.81, 1.6, 3.25, 4.61, 5.36, 5.09, 4.16, 3.99, 3.6, 3.09, 2.52, 2.56, 2.89, 3.05, 3.5, 4.08, 3.81, 3.19, 2.97, 3.11, 2.89, 3.13, 3.12, 3.48, 3.81, 3.6, 3.78, 3.91, 4.04, 3.5, 3.34, 3.72, 4.11, 3.95, 4.26, 4.04, 4.29, 4.13, 3.73, 3.85, 3.55, 3.52, 5.45, 6.46, 6.95, 7.93, 7.88, 6.94, 7.01, 8.34, 11.35, 12.26, 10.53, 9.15, 8.63, 9.0, 8.98, 8.77, 8.46], [7.86, 7.38, 5.96, 3.7, 1.64, 1.57, 1.73, 1.16, 0.8, 0, 0.89, 1.15, 1.41, 1.7, 1.7, 1.6, 1.74, 1.88, 2.07, 1.78, 1.38, 2.27, 2.17, 2.02, 1.44, 1.77, 1.88, 1.43, 1.34, 3.05, 4.55, 5.2, 4.95, 4.0, 3.85, 3.44, 2.63, 2.16, 2.26, 2.81, 2.89, 3.36, 3.76, 3.29, 2.79, 2.47, 2.83, 2.57, 2.79, 2.7, 2.96, 3.39, 3.4, 3.54, 3.77, 3.82, 3.14, 3.02, 3.6, 4.03, 3.79, 3.94, 3.72, 4.15, 4.03, 3.77, 3.83, 3.41, 3.5, 5.49, 6.44, 7.01, 8.05, 7.98, 7.02, 7.09, 8.4, 11.39, 12.36, 10.59, 9.17, 8.65, 9.02, 9.06, 8.85, 8.54], [7.37, 6.91, 5.53, 3.33, 1.69, 1.5, 1.46, 1.21, 1.25, 0.89, 0, 1.08, 1.1, 1.55, 1.73, 1.53, 1.69, 1.73, 1.86, 1.67, 1.61, 2.4, 2.26, 2.05, 1.37, 1.62, 1.83, 1.52, 1.61, 3.5, 4.9, 5.63, 5.38, 4.43, 4.28, 3.87, 2.88, 2.17, 2.11, 2.58, 2.7, 3.05, 3.51, 3.1, 2.5, 2.2, 2.62, 2.5, 2.64, 2.57, 2.87, 3.12, 3.13, 3.17, 3.58, 3.67, 3.03, 2.81, 3.33, 3.46, 3.48, 3.65, 3.45, 3.86, 3.66, 3.44, 3.58, 3.12, 3.17, 4.98, 6.01, 6.62, 7.6, 7.55, 6.63, 6.68, 8.01, 10.94, 11.91, 10.14, 8.78, 8.24, 8.65, 8.63, 8.42, 8.11], [7.39, 6.99, 5.65, 3.19, 1.53, 1.48, 1.48, 1.03, 1.21, 1.15, 1.08, 0, 0.82, 1.13, 1.27, 1.31, 1.45, 1.31, 1.34, 1.11, 1.33, 1.9, 1.78, 1.75, 1.29, 1.24, 1.37, 1.24, 1.53, 3.58, 4.9, 5.63, 5.34, 4.43, 4.24, 3.95, 2.9, 2.27, 2.37, 2.68, 3.02, 3.39, 3.91, 3.5, 3.14, 2.68, 3.1, 2.84, 2.78, 2.85, 3.07, 3.72, 3.65, 3.69, 3.96, 4.01, 3.35, 3.23, 3.63, 3.92, 4.02, 4.37, 3.97, 4.2, 3.74, 3.52, 3.7, 3.32, 3.29, 5.1, 6.21, 6.74, 7.7, 7.69, 6.79, 6.84, 8.13, 11.06, 11.97, 10.2, 8.96, 8.38, 8.79, 8.79, 8.54, 8.23], [6.91, 6.53, 5.29, 2.99, 1.59, 1.52, 1.4, 1.27, 1.57, 1.41, 1.1, 0.82, 0, 0.89, 1.31, 1.05, 1.31, 1.23, 1.36, 1.03, 1.45, 1.46, 1.5, 1.49, 1.09, 0.98, 1.21, 1.18, 1.67, 4.02, 5.38, 6.11, 5.84, 4.91, 4.74, 4.37, 3.22, 2.23, 2.27, 2.64, 2.94, 3.31, 3.89, 3.36, 2.96, 2.56, 2.9, 2.6, 2.6, 2.71, 2.91, 3.58, 3.43, 3.49, 3.7, 3.79, 3.11, 2.97, 3.39, 3.5, 3.76, 4.15, 3.73, 3.98, 3.58, 3.42, 3.44, 3.06, 3.09, 4.78, 5.79, 6.24, 7.14, 7.13, 6.23, 6.3, 7.83, 10.6, 11.49, 9.74, 8.48, 7.88, 8.25, 8.25, 7.94, 7.65], [6.74, 6.3, 5.0, 2.66, 1.68, 1.85, 1.57, 1.54, 1.84, 1.7, 1.55, 1.13, 0.89, 0, 1.14, 0.86, 0.98, 1.06, 0.99, 0.98, 1.54, 1.35, 1.21, 1.1, 0.98, 0.91, 0.96, 1.03, 1.6, 4.23, 5.63, 6.38, 6.11, 5.18, 5.01, 4.62, 3.37, 2.38, 2.22, 2.29, 2.73, 3.1, 3.64, 3.19, 2.79, 2.37, 2.73, 2.47, 2.47, 2.52, 2.78, 3.43, 3.2, 3.26, 3.51, 3.6, 2.92, 2.68, 3.14, 3.25, 3.51, 3.88, 3.46, 3.67, 3.39, 3.19, 3.17, 2.93, 2.96, 4.61, 5.58, 5.93, 6.99, 6.88, 5.94, 6.03, 7.48, 10.45, 11.38, 9.65, 8.23, 7.67, 8.06, 8.04, 7.77, 7.48], [7.64, 7.26, 5.82, 3.6, 2.0, 2.17, 2.07, 1.8, 1.92, 1.7, 1.73, 1.27, 1.31, 1.14, 0, 0.98, 1.42, 1.36, 1.19, 1.04, 0.88, 1.35, 1.55, 1.5, 1.1, 1.23, 1.08, 1.01, 1.3, 3.55, 4.97, 5.7, 5.43, 4.5, 4.33, 3.94, 2.73, 2.58, 2.64, 2.95, 3.21, 3.56, 4.14, 3.75, 3.41, 2.93, 3.23, 3.07, 3.09, 3.2, 3.46, 4.11, 3.92, 3.9, 4.17, 4.1, 3.52, 3.26, 3.68, 3.79, 4.13, 4.5, 4.06, 4.37, 4.21, 3.87, 3.73, 3.45, 3.58, 5.37, 6.32, 6.63, 7.71, 7.5, 6.56, 6.67, 8.4, 11.39, 12.3, 10.57, 9.09, 8.55, 8.96, 8.88, 8.57, 8.3], [7.06, 6.62, 5.36, 3.04, 1.76, 1.93, 1.69, 1.62, 1.82, 1.6, 1.53, 1.31, 1.05, 0.86, 0.98, 0, 0.88, 0.82, 0.95, 0.88, 1.2, 1.45, 1.31, 1.18, 1.04, 0.99, 0.94, 0.93, 1.56, 3.97, 5.35, 6.1, 5.83, 4.9, 4.73, 4.34, 3.09, 2.18, 2.32, 2.55, 2.75, 3.14, 3.72, 3.27, 2.93, 2.51, 2.83, 2.63, 2.63, 2.68, 2.98, 3.61, 3.4, 3.42, 3.69, 3.78, 3.1, 2.86, 3.32, 3.41, 3.69, 4.08, 3.62, 4.01, 3.73, 3.33, 3.23, 2.99, 3.1, 4.89, 5.84, 6.11, 7.09, 6.96, 5.98, 6.19, 7.92, 10.87, 11.78, 10.05, 8.67, 8.09, 8.46, 8.4, 8.09, 7.8], [6.96, 6.52, 5.16, 2.72, 1.56, 1.69, 1.69, 1.52, 1.88, 1.74, 1.69, 1.45, 1.31, 0.98, 1.42, 0.88, 0, 0.88, 1.15, 1.2, 1.72, 1.77, 1.53, 1.34, 1.18, 1.13, 1.36, 1.19, 1.62, 4.01, 5.35, 6.08, 5.81, 4.86, 4.71, 4.3, 3.05, 1.9, 1.92, 1.99, 2.17, 2.58, 3.18, 2.69, 2.37, 1.93, 2.27, 2.07, 2.05, 2.16, 2.42, 3.07, 2.94, 3.14, 3.33, 3.42, 2.7, 2.46, 2.94, 3.31, 3.35, 3.62, 3.12, 3.39, 3.15, 2.89, 2.99, 2.57, 2.58, 4.53, 5.52, 5.97, 6.95, 6.92, 5.94, 6.09, 7.46, 10.63, 11.56, 9.81, 8.47, 7.91, 8.3, 8.32, 8.05, 7.76], [6.9, 6.46, 5.04, 2.66, 1.74, 1.77, 1.65, 1.36, 1.92, 1.88, 1.73, 1.31, 1.23, 1.06, 1.36, 0.82, 0.88, 0, 0.81, 0.88, 1.68, 1.51, 1.33, 1.16, 1.36, 1.25, 1.36, 1.47, 1.96, 4.19, 5.53, 6.26, 5.97, 5.06, 4.87, 4.52, 3.31, 2.2, 2.3, 2.19, 2.63, 3.1, 3.68, 3.27, 2.93, 2.53, 2.83, 2.67, 2.63, 2.78, 3.0, 3.65, 3.5, 3.56, 3.75, 3.88, 3.18, 2.96, 3.42, 3.67, 3.77, 4.14, 3.68, 3.79, 3.33, 3.19, 3.35, 2.93, 2.94, 4.43, 5.46, 5.87, 6.89, 6.8, 5.82, 5.95, 7.46, 10.55, 11.44, 9.69, 8.33, 7.81, 8.2, 8.16, 7.93, 7.64], [6.95, 6.51, 5.13, 2.83, 2.09, 2.18, 1.88, 1.69, 2.13, 2.07, 1.86, 1.34, 1.36, 0.99, 1.19, 0.95, 1.15, 0.81, 0, 0.75, 1.51, 1.38, 1.18, 1.05, 1.17, 1.1, 1.03, 1.38, 1.89, 4.18, 5.54, 6.27, 5.98, 5.07, 4.88, 4.53, 3.34, 2.45, 2.51, 2.54, 3.0, 3.41, 3.93, 3.52, 3.18, 2.72, 3.14, 2.92, 2.9, 3.01, 3.23, 3.9, 3.73, 3.71, 3.96, 4.07, 3.43, 3.15, 3.59, 3.68, 4.0, 4.39, 3.89, 4.14, 3.68, 3.6, 3.56, 3.2, 3.27, 4.64, 5.59, 5.92, 6.94, 6.79, 5.83, 5.98, 7.63, 10.68, 11.57, 9.82, 8.46, 7.9, 8.29, 8.23, 7.94, 7.65], [7.24, 6.8, 5.36, 3.16, 2.0, 2.03, 1.93, 1.46, 1.88, 1.78, 1.67, 1.11, 1.03, 0.98, 1.04, 0.88, 1.2, 0.88, 0.75, 0, 1.08, 1.25, 1.21, 1.12, 1.2, 1.03, 1.04, 1.29, 1.72, 3.83, 5.21, 5.96, 5.69, 4.76, 4.59, 4.2, 3.07, 2.42, 2.6, 2.61, 3.17, 3.56, 4.16, 3.73, 3.41, 2.95, 3.27, 3.09, 3.07, 3.2, 3.46, 4.11, 3.92, 3.92, 4.15, 4.18, 3.54, 3.32, 3.66, 3.77, 4.17, 4.58, 4.08, 4.29, 3.85, 3.79, 3.63, 3.35, 3.4, 4.97, 5.94, 6.21, 7.19, 7.0, 6.1, 6.33, 7.94, 11.03, 11.96, 10.23, 8.83, 8.27, 8.64, 8.58, 8.25, 7.92], [8.04, 7.64, 6.2, 4.02, 2.16, 2.17, 2.17, 1.8, 1.64, 1.38, 1.61, 1.33, 1.45, 1.54, 0.88, 1.2, 1.72, 1.68, 1.51, 1.08, 0, 1.41, 1.57, 1.8, 1.28, 1.45, 1.28, 1.07, 1.12, 3.13, 4.53, 5.2, 4.93, 4.0, 3.83, 3.44, 2.41, 2.54, 2.66, 3.19, 3.39, 3.8, 4.32, 3.83, 3.51, 3.01, 3.47, 3.27, 3.35, 3.3, 3.58, 4.21, 4.1, 4.04, 4.37, 4.4, 3.76, 3.54, 4.04, 4.11, 4.41, 4.72, 4.28, 4.83, 4.57, 4.25, 3.97, 3.71, 3.92, 5.81, 6.76, 7.09, 7.99, 7.82, 6.92, 7.15, 8.84, 11.87, 12.76, 11.03, 9.65, 9.09, 9.46, 9.4, 9.03, 8.72], [7.15, 6.85, 5.51, 3.41, 2.23, 2.38, 2.32, 2.03, 2.33, 2.27, 2.4, 1.9, 1.46, 1.35, 1.35, 1.45, 1.77, 1.51, 1.38, 1.25, 1.41, 0, 0.9, 1.05, 1.31, 1.2, 1.17, 1.46, 1.85, 4.0, 5.34, 6.07, 5.8, 4.87, 4.7, 4.33, 3.28, 3.03, 2.81, 2.88, 3.5, 4.03, 4.59, 4.18, 3.82, 3.44, 3.7, 3.48, 3.5, 3.67, 3.91, 4.54, 4.39, 4.39, 4.56, 4.57, 3.95, 3.75, 4.09, 4.18, 4.62, 5.03, 4.59, 4.64, 4.08, 4.14, 3.98, 3.64, 3.73, 5.02, 5.91, 6.24, 7.08, 6.89, 6.01, 6.26, 8.13, 11.02, 11.81, 10.12, 8.8, 8.2, 8.57, 8.49, 8.12, 7.77], [6.65, 6.21, 4.83, 2.83, 1.95, 2.16, 1.92, 1.91, 2.29, 2.17, 2.26, 1.78, 1.5, 1.21, 1.55, 1.31, 1.53, 1.33, 1.18, 1.21, 1.57, 0.9, 0, 0.69, 1.27, 1.22, 1.25, 1.54, 1.99, 4.5, 5.84, 6.57, 6.3, 5.37, 5.2, 4.83, 3.6, 2.75, 2.57, 2.46, 2.98, 3.59, 4.19, 3.78, 3.42, 3.1, 3.34, 3.12, 3.1, 3.27, 3.49, 4.12, 3.97, 3.99, 4.12, 4.11, 3.49, 3.31, 3.67, 3.82, 4.16, 4.61, 4.19, 4.16, 3.68, 3.58, 3.48, 3.2, 3.31, 4.58, 5.41, 5.7, 6.6, 6.43, 5.55, 5.74, 7.45, 10.44, 11.31, 9.58, 8.24, 7.66, 8.03, 7.97, 7.62, 7.25], [6.48, 6.02, 4.6, 2.54, 1.8, 2.11, 1.91, 1.7, 2.06, 2.02, 2.05, 1.75, 1.49, 1.1, 1.5, 1.18, 1.34, 1.16, 1.05, 1.12, 1.8, 1.05, 0.69, 0, 1.16, 1.05, 1.06, 1.41, 2.02, 4.61, 5.97, 6.7, 6.45, 5.5, 5.35, 4.96, 3.71, 2.7, 2.48, 2.33, 2.73, 3.28, 3.9, 3.53, 3.09, 2.81, 2.93, 2.69, 2.83, 3.0, 3.28, 3.77, 3.58, 3.64, 3.75, 3.74, 3.16, 3.06, 3.32, 3.51, 3.81, 4.24, 3.86, 3.83, 3.33, 3.29, 3.25, 2.87, 2.94, 4.29, 5.18, 5.53, 6.45, 6.3, 5.4, 5.59, 7.22, 10.21, 11.12, 9.39, 7.99, 7.43, 7.82, 7.76, 7.43, 7.08], [7.02, 6.6, 5.22, 3.04, 1.82, 1.97, 1.67, 1.5, 1.62, 1.44, 1.37, 1.29, 1.09, 0.98, 1.1, 1.04, 1.18, 1.36, 1.17, 1.2, 1.28, 1.31, 1.27, 1.16, 0, 0.63, 0.94, 1.01, 1.4, 3.99, 5.39, 6.14, 5.89, 4.94, 4.79, 4.34, 3.15, 2.42, 2.22, 2.45, 2.81, 3.18, 3.72, 3.19, 2.75, 2.37, 2.71, 2.51, 2.61, 2.62, 2.88, 3.37, 3.24, 3.28, 3.55, 3.6, 2.94, 2.68, 3.14, 3.21, 3.51, 3.9, 3.54, 3.79, 3.53, 3.41, 3.29, 2.95, 3.04, 4.79, 5.72, 6.07, 7.07, 6.94, 6.0, 6.15, 7.8, 10.67, 11.6, 9.87, 8.45, 7.87, 8.24, 8.2, 7.91, 7.62], [6.79, 6.39, 5.13, 2.91, 1.89, 2.0, 1.74, 1.71, 1.97, 1.77, 1.62, 1.24, 0.98, 0.91, 1.23, 0.99, 1.13, 1.25, 1.1, 1.03, 1.45, 1.2, 1.22, 1.05, 0.63, 0, 0.71, 1.08, 1.55, 4.16, 5.56, 6.31, 6.06, 5.11, 4.96, 4.53, 3.3, 2.57, 2.39, 2.54, 2.86, 3.31, 3.89, 3.32, 2.92, 2.44, 2.86, 2.64, 2.64, 2.71, 2.91, 3.56, 3.39, 3.43, 3.72, 3.73, 3.07, 2.87, 3.31, 3.36, 3.72, 4.09, 3.63, 3.9, 3.48, 3.36, 3.34, 2.94, 3.01, 4.66, 5.55, 5.96, 6.86, 6.79, 5.85, 6.0, 7.67, 10.5, 11.39, 9.68, 8.32, 7.72, 8.07, 8.05, 7.74, 7.43], [6.96, 6.64, 5.36, 3.22, 2.04, 2.27, 2.07, 1.86, 1.98, 1.88, 1.83, 1.37, 1.21, 0.96, 1.08, 0.94, 1.36, 1.36, 1.03, 1.04, 1.28, 1.17, 1.25, 1.06, 0.94, 0.71, 0, 0.91, 1.48, 4.05, 5.43, 6.18, 5.93, 4.98, 4.83, 4.4, 3.19, 2.78, 2.74, 2.81, 3.23, 3.66, 4.2, 3.63, 3.25, 2.73, 3.19, 2.97, 2.97, 3.02, 3.22, 3.87, 3.7, 3.78, 4.01, 4.08, 3.42, 3.2, 3.6, 3.59, 4.03, 4.4, 3.92, 4.21, 3.81, 3.73, 3.63, 3.31, 3.34, 4.95, 5.84, 6.17, 6.99, 6.92, 6.0, 6.21, 7.94, 10.75, 11.62, 9.93, 8.55, 7.95, 8.32, 8.26, 7.93, 7.58], [7.31, 6.87, 5.57, 3.27, 1.77, 2.0, 1.84, 1.77, 1.81, 1.43, 1.52, 1.24, 1.18, 1.03, 1.01, 0.93, 1.19, 1.47, 1.38, 1.29, 1.07, 1.46, 1.54, 1.41, 1.01, 1.08, 0.91, 0, 1.01, 3.6, 5.04, 5.71, 5.44, 4.51, 4.34, 3.95, 2.7, 2.21, 2.25, 2.66, 2.7, 3.13, 3.67, 3.12, 2.78, 2.3, 2.74, 2.48, 2.58, 2.57, 2.77, 3.44, 3.35, 3.35, 3.64, 3.69, 3.01, 2.87, 3.39, 3.58, 3.7, 4.03, 3.57, 4.12, 3.8, 3.52, 3.38, 3.06, 3.21, 5.12, 6.09, 6.48, 7.4, 7.35, 6.41, 6.56, 8.09, 11.06, 11.99, 10.24, 8.92, 8.34, 8.71, 8.69, 8.38, 8.07], [8.08, 7.6, 6.12, 3.92, 1.94, 2.15, 2.23, 1.94, 1.6, 1.34, 1.61, 1.53, 1.67, 1.6, 1.3, 1.56, 1.62, 1.96, 1.89, 1.72, 1.12, 1.85, 1.99, 2.02, 1.4, 1.55, 1.48, 1.01, 0, 2.87, 4.45, 5.06, 4.81, 3.86, 3.71, 3.26, 2.25, 2.38, 2.46, 2.99, 3.05, 3.46, 3.9, 3.25, 2.89, 2.33, 2.91, 2.73, 2.91, 2.76, 3.02, 3.53, 3.54, 3.7, 3.87, 3.86, 3.22, 2.92, 3.66, 4.01, 3.87, 4.02, 3.78, 4.27, 4.27, 4.03, 3.91, 3.55, 3.68, 5.75, 6.72, 7.07, 8.15, 8.02, 7.08, 7.19, 8.5, 11.69, 12.68, 10.95, 9.47, 8.91, 9.28, 9.26, 8.97, 8.7], [10.83, 10.39, 8.99, 6.61, 4.19, 4.04, 4.56, 3.867, 3.25, 3.05, 3.5, 3.58, 4.02, 4.23, 3.55, 3.97, 4.01, 4.19, 4.18, 3.83, 3.13, 4.0, 4.5, 4.61, 3.99, 4.16, 4.05, 3.6, 2.87, 0, 1.74, 2.23, 1.96, 1.31, 1.28, 1.15, 2.34, 3.93, 4.19, 4.76, 4.96, 5.39, 5.65, 4.98, 4.74, 4.26, 4.86, 4.72, 5.0, 4.97, 5.21, 5.52, 5.89, 6.409, 6.62, 6.59, 5.83, 5.57, 6.47, 6.86, 6.56, 6.21, 6.15, 6.6, 6.7, 6.42, 6.7, 6.16, 6.13, 8.0, 9.03, 9.7, 10.74, 10.65, 9.67, 9.9, 11.15, 14.26, 15.335, 13.48, 12.2, 11.68, 12.03, 12.07, 11.84, 11.57], [12.23, 11.79, 10.39, 7.97, 5.41, 5.24, 5.8, 5.095, 4.61, 4.55, 4.9, 4.9, 5.38, 5.63, 4.97, 5.35, 5.35, 5.53, 5.54, 5.21, 4.53, 5.34, 5.84, 5.97, 5.39, 5.56, 5.43, 5.04, 4.45, 1.74, 0, 1.25, 0.98, 1.65, 1.78, 2.09, 3.3, 4.91, 5.25, 5.76, 6.18, 6.59, 6.91, 6.22, 6.2, 5.82, 6.26, 6.18, 6.44, 6.51, 6.73, 7.14, 7.35, 7.91, 8.08, 8.25, 7.47, 7.19, 7.91, 8.3, 8.08, 7.79, 7.61, 8.04, 7.96, 7.76, 8.12, 7.56, 7.45, 9.1, 10.43, 11.1, 12.06, 12.01, 11.03, 11.3, 12.57, 15.68, 16.646, 14.84, 13.62, 13.1, 13.47, 13.51, 13.28, 12.99], [12.98, 12.54, 11.14, 8.7, 6.04, 5.87, 6.449, 5.822, 5.36, 5.2, 5.63, 5.63, 6.11, 6.38, 5.7, 6.1, 6.08, 6.26, 6.27, 5.96, 5.2, 6.07, 6.57, 6.7, 6.14, 6.31, 6.18, 5.71, 5.06, 2.23, 1.25, 0, 0.93, 2.02, 2.11, 2.38, 3.53, 5.38, 5.74, 6.37, 6.71, 7.3, 7.04, 6.41, 6.37, 6.03, 6.61, 6.49, 6.83, 6.98, 7.18, 7.61, 8.04, 8.531, 8.71, 8.6, 7.96, 7.76, 8.66, 9.05, 8.73, 8.34, 8.28, 8.75, 8.71, 8.51, 8.83, 8.25, 8.2, 9.73, 11.18, 11.85, 12.81, 12.76, 11.78, 12.05, 13.32, 16.43, 17.356, 15.57, 14.37, 13.85, 14.22, 14.26, 14.03, 13.74], [12.71, 12.27, 10.89, 8.41, 5.73, 5.56, 6.156, 5.523, 5.09, 4.95, 5.38, 5.34, 5.84, 6.11, 5.43, 5.83, 5.81, 5.97, 5.98, 5.69, 4.93, 5.8, 6.3, 6.45, 5.89, 6.06, 5.93, 5.44, 4.81, 1.96, 0.98, 0.93, 0, 1.57, 1.68, 2.09, 3.26, 4.83, 5.29, 5.9, 6.3, 6.87, 6.85, 6.2, 6.26, 5.92, 6.34, 6.26, 6.56, 6.69, 6.93, 7.38, 7.775, 8.258, 8.44, 8.45, 7.73, 7.51, 8.41, 8.8, 8.48, 8.09, 8.03, 8.5, 8.46, 8.24, 8.56, 7.98, 7.95, 9.42, 10.93, 11.6, 12.56, 12.51, 11.53, 11.8, 13.07, 16.18, 17.086, 15.28, 14.12, 13.6, 13.97, 14.01, 13.78, 13.49], [11.78, 11.34, 9.94, 7.5, 4.9, 4.71, 5.29, 4.622, 4.16, 4.0, 4.43, 4.43, 4.91, 5.18, 4.5, 4.9, 4.86, 5.06, 5.07, 4.76, 4.0, 4.87, 5.37, 5.5, 4.94, 5.11, 4.98, 4.51, 3.86, 1.31, 1.65, 2.02, 1.57, 0, 0.67, 1.04, 2.33, 3.96, 4.38, 5.09, 5.35, 5.82, 5.46, 4.71, 4.83, 4.87, 5.11, 4.95, 5.23, 5.751, 5.976, 6.43, 6.84, 7.331, 7.51, 7.46, 6.76, 6.56, 7.46, 7.85, 7.53, 7.14, 7.08, 7.55, 7.51, 7.31, 7.63, 7.05, 7.0, 8.63, 9.98, 10.65, 11.61, 11.56, 10.58, 10.85, 12.12, 15.23, 16.179, 14.37, 13.17, 12.65, 13.02, 13.06, 12.83, 12.54], [11.61, 11.17, 9.79, 7.31, 4.77, 4.58, 5.14, 4.455, 3.99, 3.85, 4.28, 4.24, 4.74, 5.01, 4.33, 4.73, 4.71, 4.87, 4.88, 4.59, 3.83, 4.7, 5.2, 5.35, 4.79, 4.96, 4.83, 4.34, 3.71, 1.28, 1.78, 2.11, 1.68, 0.67, 0, 0.93, 2.12, 3.79, 4.25, 4.98, 5.2, 5.65, 5.35, 4.62, 4.72, 4.74, 5.04, 4.86, 5.14, 5.589, 5.829, 6.26, 6.675, 7.158, 7.34, 7.27, 6.61, 6.41, 7.31, 7.7, 7.38, 6.99, 6.93, 7.4, 7.36, 7.14, 7.46, 6.88, 6.85, 8.48, 9.83, 10.5, 11.46, 11.43, 10.45, 10.7, 11.97, 15.08, 16.012, 14.18, 13.02, 12.5, 12.87, 12.91, 12.68, 12.39], [11.24, 10.78, 9.38, 6.98, 4.5, 4.31, 4.87, 4.185, 3.6, 3.44, 3.87, 3.95, 4.37, 4.62, 3.94, 4.34, 4.3, 4.52, 4.53, 4.2, 3.44, 4.33, 4.83, 4.96, 4.34, 4.53, 4.4, 3.95, 3.26, 1.15, 2.09, 2.38, 2.09, 1.04, 0.93, 0, 1.73, 3.7, 4.1, 4.81, 5.01, 5.36, 5.12, 4.35, 4.37, 4.31, 4.59, 4.41, 4.73, 5.24, 5.5, 5.85, 6.28, 6.78, 6.97, 6.82, 6.16, 5.96, 6.86, 7.25, 6.93, 6.56, 6.52, 6.95, 7.01, 6.79, 7.07, 6.51, 6.5, 8.23, 9.42, 10.05, 11.03, 10.96, 9.98, 10.29, 11.54, 14.65, 15.705, 13.85, 12.59, 12.07, 12.42, 12.46, 12.23, 11.96], [9.97, 9.53, 8.13, 5.71, 3.19, 3.14, 3.62, 3.11, 3.09, 2.63, 2.88, 2.9, 3.22, 3.37, 2.73, 3.09, 3.05, 3.31, 3.34, 3.07, 2.41, 3.28, 3.6, 3.71, 3.15, 3.3, 3.19, 2.7, 2.25, 2.34, 3.3, 3.53, 3.26, 2.33, 2.12, 1.73, 0, 2.35, 2.75, 3.5, 3.72, 4.07, 3.91, 3.2, 3.2, 3.08, 3.52, 3.34, 3.68, 3.949, 4.21, 4.6, 5.023, 5.523, 5.72, 5.59, 4.95, 4.75, 5.65, 6.04, 5.72, 5.33, 5.27, 5.74, 5.74, 5.5, 5.82, 5.26, 5.19, 6.94, 8.17, 8.84, 9.8, 9.75, 8.77, 9.04, 10.31, 13.42, 14.412, 12.58, 11.36, 10.84, 11.21, 11.25, 11.02, 10.73], [8.24, 7.84, 6.473, 3.94, 1.7, 1.69, 1.85, 2.08, 2.52, 2.16, 2.17, 2.27, 2.23, 2.38, 2.58, 2.18, 1.9, 2.2, 2.45, 2.42, 2.54, 3.03, 2.75, 2.7, 2.42, 2.57, 2.78, 2.21, 2.38, 3.93, 4.91, 5.38, 4.83, 3.96, 3.79, 3.7, 2.35, 0, 1.02, 1.63, 1.91, 2.44, 2.48, 2.19, 2.21, 2.11, 2.03, 2.05, 2.29, 2.68, 2.9, 3.43, 3.74, 4.14, 4.21, 4.14, 3.52, 3.32, 4.1, 4.75, 4.23, 4.02, 3.92, 4.15, 4.19, 3.77, 4.09, 3.63, 3.6, 4.95, 6.52, 7.19, 8.15, 8.12, 7.18, 7.39, 8.66, 11.763, 12.671, 10.87, 9.703, 9.183, 9.553, 9.593, 9.37, 9.073], [7.62, 7.22, 5.853, 3.3, 1.6, 1.61, 1.59, 2.04, 2.56, 2.26, 2.11, 2.37, 2.27, 2.22, 2.64, 2.32, 1.92, 2.3, 2.51, 2.6, 2.66, 2.81, 2.57, 2.48, 2.22, 2.39, 2.74, 2.25, 2.46, 4.19, 5.25, 5.74, 5.29, 4.38, 4.25, 4.1, 2.75, 1.02, 0, 1.03, 1.45, 2.04, 2.24, 2.07, 1.95, 1.77, 1.69, 1.85, 2.05, 2.34, 2.58, 3.01, 3.32, 3.64, 3.71, 3.72, 3.02, 2.78, 3.6, 4.19, 3.77, 3.66, 3.38, 3.51, 3.55, 3.15, 3.49, 3.01, 3.0, 4.45, 5.9, 6.63, 7.59, 7.58, 6.64, 6.79, 8.04, 11.143, 12.056, 10.243, 9.083, 8.563, 8.933, 8.973, 8.75, 8.453], [6.93, 6.53, 5.17, 2.65, 1.91, 1.98, 1.86, 2.13, 2.89, 2.81, 2.58, 2.68, 2.64, 2.29, 2.95, 2.55, 1.99, 2.19, 2.54, 2.61, 3.19, 2.88, 2.46, 2.33, 2.45, 2.54, 2.81, 2.66, 2.99, 4.76, 5.76, 6.37, 5.9, 5.09, 4.98, 4.81, 3.5, 1.63, 1.03, 0, 1.26, 1.87, 2.35, 2.28, 2.18, 2.12, 1.98, 2.14, 2.3, 2.59, 2.69, 2.94, 3.09, 3.45, 3.52, 3.55, 2.91, 2.67, 3.27, 3.76, 3.54, 3.45, 3.11, 2.96, 2.88, 2.72, 3.1, 2.58, 2.53, 3.78, 5.21, 5.94, 6.92, 6.89, 5.93, 6.1, 7.35, 10.453, 11.366, 9.58, 8.393, 7.873, 8.243, 8.283, 8.06, 7.763], [6.49, 6.07, 4.71, 2.39, 2.29, 2.32, 2.16, 2.59, 3.05, 2.89, 2.7, 3.02, 2.94, 2.73, 3.21, 2.75, 2.17, 2.63, 3.0, 3.17, 3.39, 3.5, 2.98, 2.73, 2.81, 2.86, 3.23, 2.7, 3.05, 4.96, 6.18, 6.71, 6.3, 5.35, 5.2, 5.01, 3.72, 1.91, 1.45, 1.26, 0, 1.35, 1.85, 1.9, 2.0, 1.78, 1.5, 1.84, 2.1, 2.19, 2.13, 2.34, 2.53, 2.81, 2.9, 2.79, 2.23, 2.13, 2.71, 3.34, 2.82, 2.71, 2.51, 2.64, 2.62, 2.06, 2.44, 2.2, 2.15, 3.54, 4.81, 5.56, 6.54, 6.51, 5.57, 5.66, 6.93, 9.996, 10.972, 9.14, 7.94, 7.42, 7.786, 7.826, 7.6, 7.31], [5.98, 5.58, 4.24, 2.34, 2.86, 2.95, 2.67, 3.1, 3.5, 3.36, 3.05, 3.39, 3.31, 3.1, 3.56, 3.14, 2.58, 3.1, 3.41, 3.56, 3.8, 4.03, 3.59, 3.28, 3.18, 3.31, 3.66, 3.13, 3.46, 5.39, 6.59, 7.3, 6.87, 5.82, 5.65, 5.36, 4.07, 2.44, 2.04, 1.87, 1.35, 0, 1.26, 1.71, 1.57, 1.69, 1.37, 1.53, 1.59, 1.74, 1.74, 1.69, 1.94, 2.18, 2.27, 2.12, 1.62, 1.54, 2.08, 2.59, 2.05, 1.92, 1.76, 1.93, 2.15, 1.67, 1.91, 1.61, 1.58, 3.19, 4.4, 5.17, 6.09, 6.18, 5.32, 5.19, 6.44, 9.51, 10.485, 8.65, 7.45, 6.93, 7.29, 7.33, 7.11, 6.82], [6.739, 6.33, 4.98, 3.04, 3.22, 3.27, 3.03, 3.56, 4.08, 3.76, 3.51, 3.91, 3.89, 3.64, 4.14, 3.72, 3.18, 3.68, 3.93, 4.16, 4.32, 4.59, 4.19, 3.9, 3.72, 3.89, 4.2, 3.67, 3.9, 5.65, 6.91, 7.04, 6.85, 5.46, 5.35, 5.12, 3.91, 2.48, 2.24, 2.35, 1.85, 1.26, 0, 1.21, 1.29, 1.85, 1.71, 1.73, 1.79, 2.16, 2.06, 2.05, 2.58, 2.78, 2.77, 2.6, 2.16, 1.9, 2.58, 3.11, 2.63, 2.4, 2.32, 2.59, 2.71, 2.33, 2.57, 2.19, 2.16, 3.75, 5.1, 5.91, 6.85, 6.9, 6.04, 5.97, 7.18, 10.27, 11.156, 9.37, 8.2, 7.68, 8.05, 8.09, 7.87, 7.57], [7.51, 7.07, 5.67, 3.45, 3.11, 3.06, 3.02, 3.47, 3.81, 3.29, 3.1, 3.5, 3.36, 3.19, 3.75, 3.27, 2.69, 3.27, 3.52, 3.73, 3.83, 4.18, 3.78, 3.53, 3.19, 3.32, 3.63, 3.12, 3.25, 4.98, 6.22, 6.41, 6.2, 4.71, 4.62, 4.35, 3.2, 2.19, 2.07, 2.28, 1.9, 1.71, 1.21, 0, 0.98, 1.38, 1.6, 1.48, 1.58, 1.83, 1.91, 2.18, 2.65, 3.11, 3.24, 3.15, 2.49, 2.29, 3.21, 3.64, 3.26, 2.89, 2.89, 3.28, 3.34, 3.08, 3.42, 2.9, 2.87, 4.58, 5.81, 6.64, 7.56, 7.65, 6.79, 6.66, 7.89, 10.96, 11.935, 10.1, 8.9, 8.38, 8.75, 8.79, 8.56, 8.27], [7.17, 6.73, 5.33, 2.97, 2.77, 2.76, 2.58, 2.97, 3.19, 2.79, 2.5, 3.14, 2.96, 2.79, 3.41, 2.93, 2.37, 2.93, 3.18, 3.41, 3.51, 3.82, 3.42, 3.09, 2.75, 2.92, 3.25, 2.78, 2.89, 4.74, 6.2, 6.37, 6.26, 4.83, 4.72, 4.37, 3.2, 2.21, 1.95, 2.18, 2.0, 1.57, 1.29, 0.98, 0, 1.02, 1.3, 1.08, 1.32, 1.67, 1.97, 2.0, 2.37, 2.83, 2.96, 2.79, 2.25, 2.09, 2.87, 3.34, 2.92, 2.57, 2.63, 3.0, 3.16, 2.82, 3.08, 2.58, 2.59, 4.52, 5.61, 6.32, 7.28, 7.29, 6.41, 6.4, 7.57, 10.66, 11.624, 9.8, 8.56, 8.04, 8.41, 8.45, 8.22, 7.93], [7.09, 6.65, 5.25, 3.13, 2.45, 2.36, 2.3, 2.73, 2.97, 2.47, 2.2, 2.68, 2.56, 2.37, 2.93, 2.51, 1.93, 2.53, 2.72, 2.95, 3.01, 3.44, 3.1, 2.81, 2.37, 2.44, 2.73, 2.3, 2.33, 4.26, 5.82, 6.03, 5.92, 4.87, 4.74, 4.31, 3.08, 2.11, 1.77, 2.12, 1.78, 1.69, 1.85, 1.38, 1.02, 0, 1.06, 0.96, 1.24, 1.27, 1.49, 1.86, 2.23, 2.65, 2.84, 2.71, 2.07, 1.93, 2.83, 3.16, 2.82, 2.49, 2.39, 2.9, 2.96, 2.7, 2.98, 2.52, 2.43, 4.4, 5.47, 6.22, 7.18, 7.17, 6.31, 6.32, 7.45, 10.52, 11.535, 9.7, 8.46, 7.94, 8.31, 8.35, 8.12, 7.83], [6.75, 6.31, 4.91, 3.07, 2.49, 2.54, 2.38, 2.79, 3.11, 2.83, 2.62, 3.1, 2.9, 2.73, 3.23, 2.83, 2.27, 2.83, 3.14, 3.27, 3.47, 3.7, 3.34, 2.93, 2.71, 2.86, 3.19, 2.74, 2.91, 4.86, 6.26, 6.61, 6.34, 5.11, 5.04, 4.59, 3.52, 2.03, 1.69, 1.98, 1.5, 1.37, 1.71, 1.6, 1.3, 1.06, 0, 0.62, 1.16, 1.63, 1.79, 2.0, 2.29, 2.67, 2.76, 2.55, 2.03, 2.01, 2.77, 3.2, 2.62, 2.57, 2.35, 2.6, 2.9, 2.64, 2.7, 2.38, 2.27, 3.98, 5.11, 5.84, 6.86, 6.81, 5.89, 5.96, 7.11, 10.18, 11.255, 9.4, 8.12, 7.6, 7.95, 7.99, 7.76, 7.49], [6.89, 6.43, 5.05, 3.13, 2.35, 2.36, 2.28, 2.61, 2.89, 2.57, 2.5, 2.84, 2.6, 2.47, 3.07, 2.63, 2.07, 2.67, 2.92, 3.09, 3.27, 3.48, 3.12, 2.69, 2.51, 2.64, 2.97, 2.48, 2.73, 4.72, 6.18, 6.49, 6.26, 4.95, 4.86, 4.41, 3.34, 2.05, 1.85, 2.14, 1.84, 1.53, 1.73, 1.48, 1.08, 0.96, 0.62, 0, 0.68, 1.31, 1.65, 2.0, 2.25, 2.63, 2.66, 2.63, 2.07, 2.05, 2.91, 3.26, 2.74, 2.63, 2.43, 2.78, 3.04, 2.76, 2.86, 2.44, 2.41, 4.22, 5.37, 6.1, 7.06, 7.05, 6.13, 6.18, 7.31, 10.38, 11.338, 9.5, 8.28, 7.76, 8.13, 8.17, 7.94, 7.65], [6.61, 6.19, 4.83, 3.01, 2.39, 2.3, 2.36, 2.69, 3.13, 2.79, 2.64, 2.78, 2.6, 2.47, 3.09, 2.63, 2.05, 2.63, 2.9, 3.07, 3.35, 3.5, 3.1, 2.83, 2.61, 2.64, 2.97, 2.58, 2.91, 5.0, 6.44, 6.83, 6.56, 5.23, 5.14, 4.73, 3.68, 2.29, 2.05, 2.3, 2.1, 1.59, 1.79, 1.58, 1.32, 1.24, 1.16, 0.68, 0, 1.05, 1.39, 2.0, 2.15, 2.49, 2.62, 2.59, 2.07, 1.91, 2.79, 3.12, 2.72, 2.61, 2.27, 2.62, 2.86, 2.56, 2.62, 2.28, 2.27, 4.1, 5.21, 5.94, 6.9, 6.91, 6.05, 6.0, 7.11, 10.16, 11.11, 9.28, 8.06, 7.54, 7.91, 7.95, 7.74, 7.43], [6.04, 5.62, 4.26, 2.86, 2.6, 2.45, 2.41, 2.92, 3.12, 2.7, 2.57, 2.85, 2.71, 2.52, 3.2, 2.68, 2.16, 2.78, 3.01, 3.2, 3.3, 3.67, 3.27, 3.0, 2.62, 2.71, 3.02, 2.57, 2.76, 4.97, 6.51, 6.98, 6.69, 5.751, 5.589, 5.24, 3.949, 2.68, 2.34, 2.59, 2.19, 1.74, 2.16, 1.83, 1.67, 1.27, 1.63, 1.31, 1.05, 0, 0.7, 1.21, 1.32, 1.62, 1.91, 1.96, 1.56, 1.5, 2.3, 2.51, 2.05, 1.94, 1.84, 2.33, 2.47, 2.33, 2.35, 2.01, 1.9, 3.79, 4.82, 5.49, 6.41, 6.54, 5.68, 5.53, 6.58, 9.63, 10.54, 8.79, 7.51, 6.97, 7.34, 7.38, 7.17, 6.86], [5.82, 5.38, 4.02, 2.84, 2.78, 2.57, 2.63, 3.12, 3.48, 2.96, 2.87, 3.07, 2.91, 2.78, 3.46, 2.98, 2.42, 3.0, 3.23, 3.46, 3.58, 3.91, 3.49, 3.28, 2.88, 2.91, 3.22, 2.77, 3.02, 5.21, 6.73, 7.18, 6.93, 5.976, 5.829, 5.5, 4.21, 2.9, 2.58, 2.69, 2.13, 1.74, 2.06, 1.91, 1.97, 1.49, 1.79, 1.65, 1.39, 0.7, 0, 0.93, 1.18, 1.44, 1.61, 1.62, 1.42, 1.4, 2.1, 2.39, 1.93, 1.76, 1.56, 2.09, 2.11, 2.13, 2.25, 1.81, 1.66, 3.45, 4.56, 5.31, 6.19, 6.34, 5.44, 5.27, 6.3, 9.29, 10.22, 8.43, 7.21, 6.69, 7.06, 7.1, 6.89, 6.58], [5.41, 4.97, 3.75, 2.77, 3.27, 3.22, 3.12, 3.51, 3.81, 3.39, 3.12, 3.72, 3.58, 3.43, 4.11, 3.61, 3.07, 3.65, 3.9, 4.11, 4.21, 4.54, 4.12, 3.77, 3.37, 3.56, 3.87, 3.44, 3.53, 5.52, 7.14, 7.61, 7.38, 6.43, 6.26, 5.85, 4.6, 3.43, 3.01, 2.94, 2.34, 1.69, 2.05, 2.18, 2.0, 1.86, 2.0, 2.0, 2.0, 1.21, 0.93, 0, 0.89, 1.15, 1.28, 1.31, 1.17, 1.27, 1.93, 2.16, 1.76, 1.41, 1.55, 1.8, 1.94, 2.06, 2.22, 1.78, 1.61, 3.32, 4.47, 5.14, 6.0, 6.29, 5.37, 5.14, 6.07, 8.82, 9.855, 8.02, 6.78, 6.28, 6.61, 6.65, 6.44, 6.15], [5.04, 4.58, 3.4, 2.66, 3.38, 3.29, 3.07, 3.48, 3.6, 3.4, 3.13, 3.65, 3.43, 3.2, 3.92, 3.4, 2.94, 3.5, 3.73, 3.92, 4.1, 4.39, 3.97, 3.58, 3.24, 3.39, 3.7, 3.35, 3.54, 5.89, 7.35, 8.04, 7.775, 6.84, 6.675, 6.28, 5.023, 3.74, 3.32, 3.09, 2.53, 1.94, 2.58, 2.65, 2.37, 2.23, 2.29, 2.25, 2.15, 1.32, 1.18, 0.89, 0, 0.88, 1.03, 1.18, 1.26, 1.38, 1.7, 1.91, 1.59, 1.44, 1.38, 1.73, 1.91, 1.99, 1.99, 1.65, 1.5, 3.29, 4.26, 4.79, 5.71, 5.9, 5.04, 4.79, 5.68, 8.57, 9.52, 7.77, 6.41, 5.89, 6.24, 6.28, 6.09, 5.74], [4.66, 4.32, 3.26, 2.62, 3.62, 3.55, 3.15, 3.68, 3.78, 3.54, 3.17, 3.69, 3.49, 3.26, 3.9, 3.42, 3.14, 3.56, 3.71, 3.92, 4.04, 4.39, 3.99, 3.64, 3.28, 3.43, 3.78, 3.35, 3.7, 6.409, 7.91, 8.531, 8.258, 7.331, 7.158, 6.78, 5.523, 4.14, 3.64, 3.45, 2.81, 2.18, 2.78, 3.11, 2.83, 2.65, 2.67, 2.63, 2.49, 1.62, 1.44, 1.15, 0.88, 0, 0.71, 1.14, 1.24, 1.48, 1.76, 1.83, 1.61, 1.82, 1.74, 2.03, 1.91, 2.09, 1.87, 1.69, 1.7, 3.25, 4.24, 4.77, 5.53, 5.82, 4.9, 4.67, 5.58, 8.23, 9.1, 7.41, 6.05, 5.55, 5.94, 5.9, 5.69, 5.34], [4.61, 4.23, 3.31, 2.87, 3.71, 3.66, 3.4, 3.87, 3.91, 3.77, 3.58, 3.96, 3.7, 3.51, 4.17, 3.69, 3.33, 3.75, 3.96, 4.15, 4.37, 4.56, 4.12, 3.75, 3.55, 3.72, 4.01, 3.64, 3.87, 6.62, 8.08, 8.71, 8.44, 7.51, 7.34, 6.97, 5.72, 4.21, 3.71, 3.52, 2.9, 2.27, 2.77, 3.24, 2.96, 2.84, 2.76, 2.66, 2.62, 1.91, 1.61, 1.28, 1.03, 0.71, 0, 1.07, 1.21, 1.37, 1.67, 2.06, 1.58, 1.83, 1.69, 1.88, 2.0, 2.16, 2.0, 1.7, 1.63, 3.3, 4.37, 4.84, 5.56, 5.87, 4.91, 4.64, 5.49, 8.0, 8.87, 7.16, 5.8, 5.38, 5.77, 5.69, 5.56, 5.23], [4.68, 4.22, 2.98, 2.66, 3.8, 3.79, 3.43, 3.94, 4.04, 3.82, 3.67, 4.01, 3.79, 3.6, 4.1, 3.78, 3.42, 3.88, 4.07, 4.18, 4.4, 4.57, 4.11, 3.74, 3.6, 3.73, 4.08, 3.69, 3.86, 6.59, 8.25, 8.6, 8.45, 7.46, 7.27, 6.82, 5.59, 4.14, 3.72, 3.55, 2.79, 2.12, 2.6, 3.15, 2.79, 2.71, 2.55, 2.63, 2.59, 1.96, 1.62, 1.31, 1.18, 1.14, 1.07, 0, 0.96, 1.34, 1.3, 1.77, 1.29, 1.5, 1.52, 1.59, 1.77, 1.87, 1.67, 1.53, 1.52, 3.11, 4.14, 4.47, 5.49, 5.54, 4.64, 4.47, 5.4, 8.27, 9.24, 7.51, 5.99, 5.51, 5.94, 5.84, 5.57, 5.26], [5.22, 4.74, 3.44, 2.28, 3.16, 3.09, 2.83, 3.38, 3.5, 3.14, 3.03, 3.35, 3.11, 2.92, 3.52, 3.1, 2.7, 3.18, 3.43, 3.54, 3.76, 3.95, 3.49, 3.16, 2.94, 3.07, 3.42, 3.01, 3.22, 5.83, 7.47, 7.96, 7.73, 6.76, 6.61, 6.16, 4.95, 3.52, 3.02, 2.91, 2.23, 1.62, 2.16, 2.49, 2.25, 2.07, 2.03, 2.07, 2.07, 1.56, 1.42, 1.17, 1.26, 1.24, 1.21, 0.96, 0, 0.76, 1.34, 1.77, 1.29, 1.62, 1.48, 1.65, 1.81, 1.83, 1.79, 1.51, 1.6, 3.31, 4.46, 4.89, 5.91, 5.94, 5.08, 4.93, 5.88, 8.83, 9.82, 8.09, 6.61, 6.07, 6.42, 6.36, 6.09, 5.84], [5.46, 4.98, 3.54, 2.3, 3.04, 2.97, 2.71, 3.24, 3.34, 3.02, 2.81, 3.23, 2.97, 2.68, 3.26, 2.86, 2.46, 2.96, 3.15, 3.32, 3.54, 3.75, 3.31, 3.06, 2.68, 2.87, 3.2, 2.87, 2.92, 5.57, 7.19, 7.76, 7.51, 6.56, 6.41, 5.96, 4.75, 3.32, 2.78, 2.67, 2.13, 1.54, 1.9, 2.29, 2.09, 1.93, 2.01, 2.05, 1.91, 1.5, 1.4, 1.27, 1.38, 1.48, 1.37, 1.34, 0.76, 0, 1.1, 1.59, 1.25, 1.48, 1.3, 1.47, 1.75, 1.61, 1.71, 1.43, 1.6, 3.43, 4.48, 4.91, 5.97, 5.92, 5.06, 4.91, 5.98, 9.05, 10.04, 8.31, 6.81, 6.27, 6.62, 6.58, 6.29, 6.06], [4.7, 4.22, 2.72, 2.24, 3.46, 3.49, 3.15, 3.54, 3.72, 3.6, 3.33, 3.63, 3.39, 3.14, 3.68, 3.32, 2.94, 3.42, 3.59, 3.66, 4.04, 4.09, 3.67, 3.32, 3.14, 3.31, 3.6, 3.39, 3.66, 6.47, 7.91, 8.66, 8.41, 7.46, 7.31, 6.86, 5.65, 4.1, 3.6, 3.27, 2.71, 2.08, 2.58, 3.21, 2.87, 2.83, 2.77, 2.91, 2.79, 2.3, 2.1, 1.93, 1.7, 1.76, 1.67, 1.3, 1.34, 1.1, 0, 0.89, 0.87, 1.3, 1.04, 1.05, 1.37, 1.33, 1.31, 1.25, 1.4, 2.77, 3.78, 4.21, 5.25, 5.08, 4.26, 4.23, 5.3, 8.35, 9.34, 7.61, 6.09, 5.55, 5.92, 5.86, 5.51, 5.24], [4.35, 3.89, 2.41, 2.25, 3.99, 4.02, 3.58, 3.91, 4.11, 4.03, 3.46, 3.92, 3.5, 3.25, 3.79, 3.41, 3.31, 3.67, 3.68, 3.77, 4.11, 4.18, 3.82, 3.51, 3.21, 3.36, 3.59, 3.58, 4.01, 6.86, 8.3, 9.05, 8.8, 7.85, 7.7, 7.25, 6.04, 4.75, 4.19, 3.76, 3.34, 2.59, 3.11, 3.64, 3.34, 3.16, 3.2, 3.26, 3.12, 2.51, 2.39, 2.16, 1.91, 1.83, 2.06, 1.77, 1.77, 1.59, 0.89, 0, 0.96, 1.31, 1.19, 1.32, 1.54, 1.74, 1.24, 1.44, 1.61, 2.48, 3.47, 3.78, 4.82, 4.65, 3.81, 3.82, 5.21, 8.04, 9.03, 7.3, 5.8, 5.26, 5.59, 5.51, 5.16, 4.91], [4.47, 3.99, 2.59, 2.45, 3.73, 3.74, 3.38, 3.89, 3.95, 3.79, 3.48, 4.02, 3.76, 3.51, 4.13, 3.69, 3.35, 3.77, 4.0, 4.17, 4.41, 4.62, 4.16, 3.81, 3.51, 3.72, 4.03, 3.7, 3.87, 6.56, 8.08, 8.73, 8.48, 7.53, 7.38, 6.93, 5.72, 4.23, 3.77, 3.54, 2.82, 2.05, 2.63, 3.26, 2.92, 2.82, 2.62, 2.74, 2.72, 2.05, 1.93, 1.76, 1.59, 1.61, 1.58, 1.29, 1.29, 1.25, 0.87, 0.96, 0, 0.89, 0.91, 1.04, 1.46, 1.44, 1.24, 1.3, 1.43, 2.38, 3.43, 3.98, 5.02, 4.99, 4.11, 3.96, 4.99, 8.04, 9.01, 7.28, 5.78, 5.24, 5.59, 5.53, 5.32, 5.11], [4.82, 4.34, 2.92, 2.74, 3.96, 3.89, 3.79, 4.18, 4.26, 3.94, 3.65, 4.37, 4.15, 3.88, 4.5, 4.08, 3.62, 4.14, 4.39, 4.58, 4.72, 5.03, 4.61, 4.24, 3.9, 4.09, 4.4, 4.03, 4.02, 6.21, 7.79, 8.34, 8.09, 7.14, 6.99, 6.56, 5.33, 4.02, 3.66, 3.45, 2.71, 1.92, 2.4, 2.89, 2.57, 2.49, 2.57, 2.63, 2.61, 1.94, 1.76, 1.41, 1.44, 1.82, 1.83, 1.5, 1.62, 1.48, 1.3, 1.31, 0.89, 0, 0.9, 1.03, 1.77, 1.75, 1.51, 1.63, 1.68, 2.51, 3.62, 4.17, 5.25, 5.3, 4.4, 4.17, 5.22, 8.33, 9.314, 7.53, 6.05, 5.57, 5.94, 5.94, 5.69, 5.42], [4.84, 4.34, 3.02, 2.5, 3.64, 3.51, 3.45, 3.78, 4.04, 3.72, 3.45, 3.97, 3.73, 3.46, 4.06, 3.62, 3.12, 3.68, 3.89, 4.08, 4.28, 4.59, 4.19, 3.86, 3.54, 3.63, 3.92, 3.57, 3.78, 6.15, 7.61, 8.28, 8.03, 7.08, 6.93, 6.52, 5.27, 3.92, 3.38, 3.11, 2.51, 1.76, 2.32, 2.89, 2.63, 2.39, 2.35, 2.43, 2.27, 1.84, 1.56, 1.55, 1.38, 1.74, 1.69, 1.52, 1.48, 1.3, 1.04, 1.19, 0.91, 0.9, 0, 0.83, 1.49, 1.41, 1.35, 1.25, 1.38, 2.49, 3.6, 4.21, 5.27, 5.32, 4.42, 4.23, 5.22, 8.31, 9.311, 7.51, 6.09, 5.61, 6.0, 6.02, 5.77, 5.48], [4.45, 4.01, 2.69, 2.43, 3.57, 3.6, 3.52, 3.81, 4.29, 4.15, 3.86, 4.2, 3.98, 3.67, 4.37, 4.01, 3.39, 3.79, 4.14, 4.29, 4.83, 4.64, 4.16, 3.83, 3.79, 3.9, 4.21, 4.12, 4.27, 6.6, 8.04, 8.75, 8.5, 7.55, 7.4, 6.95, 5.74, 4.15, 3.51, 2.96, 2.64, 1.93, 2.59, 3.28, 3.0, 2.9, 2.6, 2.78, 2.62, 2.33, 2.09, 1.8, 1.73, 2.03, 1.88, 1.59, 1.65, 1.47, 1.05, 1.32, 1.04, 1.03, 0.83, 0, 1.1, 1.38, 1.34, 1.36, 1.39, 2.2, 3.31, 3.94, 5.0, 5.03, 4.13, 3.96, 4.95, 7.88, 8.921, 7.1, 5.68, 5.22, 5.59, 5.59, 5.34, 5.09], [4.35, 3.95, 2.67, 1.93, 3.23, 3.22, 3.06, 3.31, 4.13, 4.03, 3.66, 3.74, 3.58, 3.39, 4.21, 3.73, 3.15, 3.33, 3.68, 3.85, 4.57, 4.08, 3.68, 3.33, 3.53, 3.48, 3.81, 3.8, 4.27, 6.7, 7.96, 8.71, 8.46, 7.51, 7.36, 7.01, 5.74, 4.19, 3.55, 2.88, 2.62, 2.15, 2.71, 3.34, 3.16, 2.96, 2.9, 3.04, 2.86, 2.47, 2.11, 1.94, 1.91, 1.91, 2.0, 1.77, 1.81, 1.75, 1.37, 1.54, 1.46, 1.77, 1.49, 1.1, 0, 1.08, 1.46, 1.2, 1.09, 1.98, 3.19, 4.04, 4.96, 5.07, 4.21, 4.06, 5.03, 7.72, 8.73, 6.9, 5.66, 5.2, 5.61, 5.65, 5.42, 5.09], [4.53, 4.15, 2.93, 1.45, 2.95, 3.02, 2.74, 3.25, 3.73, 3.77, 3.44, 3.52, 3.42, 3.19, 3.87, 3.33, 2.89, 3.19, 3.6, 3.79, 4.25, 4.14, 3.58, 3.29, 3.41, 3.36, 3.73, 3.52, 4.03, 6.42, 7.76, 8.51, 8.24, 7.31, 7.14, 6.79, 5.5, 3.77, 3.15, 2.72, 2.06, 1.67, 2.33, 3.08, 2.82, 2.7, 2.64, 2.76, 2.56, 2.33, 2.13, 2.06, 1.99, 2.09, 2.16, 1.87, 1.83, 1.61, 1.33, 1.74, 1.44, 1.75, 1.41, 1.38, 1.08, 0, 1.18, 1.26, 1.25, 2.24, 3.37, 4.22, 5.14, 5.23, 4.37, 4.2, 5.15, 8.06, 9.05, 7.22, 6.0, 5.48, 5.87, 5.91, 5.7, 5.39], [4.27, 3.85, 2.49, 1.77, 3.37, 3.56, 3.02, 3.63, 3.85, 3.83, 3.58, 3.7, 3.44, 3.17, 3.73, 3.23, 2.99, 3.35, 3.56, 3.63, 3.97, 3.98, 3.48, 3.25, 3.29, 3.34, 3.63, 3.38, 3.91, 6.7, 8.12, 8.83, 8.56, 7.63, 7.46, 7.07, 5.82, 4.09, 3.49, 3.1, 2.44, 1.91, 2.57, 3.42, 3.08, 2.98, 2.7, 2.86, 2.62, 2.35, 2.25, 2.22, 1.99, 1.87, 2.0, 1.67, 1.79, 1.71, 1.31, 1.24, 1.24, 1.51, 1.35, 1.34, 1.46, 1.18, 0, 0.8, 1.11, 2.1, 3.13, 3.5, 4.46, 4.47, 3.61, 3.56, 4.99, 8.04, 8.97, 7.24, 5.86, 5.3, 5.65, 5.65, 5.3, 5.01], [4.77, 4.29, 2.91, 1.69, 2.99, 3.08, 2.56, 3.15, 3.55, 3.41, 3.12, 3.32, 3.06, 2.93, 3.45, 2.99, 2.57, 2.93, 3.2, 3.35, 3.71, 3.64, 3.2, 2.87, 2.95, 2.94, 3.31, 3.06, 3.55, 6.16, 7.56, 8.25, 7.98, 7.05, 6.88, 6.51, 5.26, 3.63, 3.01, 2.58, 2.2, 1.61, 2.19, 2.9, 2.58, 2.52, 2.38, 2.44, 2.28, 2.01, 1.81, 1.78, 1.65, 1.69, 1.7, 1.53, 1.51, 1.43, 1.25, 1.44, 1.3, 1.63, 1.25, 1.36, 1.2, 1.26, 0.8, 0, 0.63, 2.26, 3.35, 3.88, 4.82, 4.89, 4.03, 4.0, 5.29, 8.36, 9.29, 7.52, 6.22, 5.68, 6.03, 6.05, 5.8, 5.51], [4.78, 4.34, 2.96, 1.94, 2.92, 3.05, 2.61, 3.0, 3.52, 3.5, 3.17, 3.29, 3.09, 2.96, 3.58, 3.1, 2.58, 2.94, 3.27, 3.4, 3.92, 3.73, 3.31, 2.94, 3.04, 3.01, 3.34, 3.21, 3.68, 6.13, 7.45, 8.2, 7.95, 7.0, 6.85, 6.5, 5.19, 3.6, 3.0, 2.53, 2.15, 1.58, 2.16, 2.87, 2.59, 2.43, 2.27, 2.41, 2.27, 1.9, 1.66, 1.61, 1.5, 1.7, 1.63, 1.52, 1.6, 1.6, 1.4, 1.61, 1.43, 1.68, 1.38, 1.39, 1.09, 1.25, 1.11, 0.63, 0, 2.13, 3.16, 3.91, 4.85, 4.92, 4.06, 3.99, 5.26, 8.23, 9.26, 7.41, 6.19, 5.67, 6.02, 6.06, 5.83, 5.54], [3.37, 2.97, 1.99, 2.49, 4.31, 4.56, 4.18, 4.65, 5.45, 5.49, 4.98, 5.1, 4.78, 4.61, 5.37, 4.89, 4.53, 4.43, 4.64, 4.97, 5.81, 5.02, 4.58, 4.29, 4.79, 4.66, 4.95, 5.12, 5.75, 8.0, 9.1, 9.73, 9.42, 8.63, 8.48, 8.23, 6.94, 4.95, 4.45, 3.78, 3.54, 3.19, 3.75, 4.58, 4.52, 4.4, 3.98, 4.22, 4.1, 3.79, 3.45, 3.32, 3.29, 3.25, 3.3, 3.11, 3.31, 3.43, 2.77, 2.48, 2.38, 2.51, 2.49, 2.2, 1.98, 2.24, 2.1, 2.26, 2.13, 0, 1.85, 2.64, 3.56, 3.73, 2.95, 2.74, 4.01, 6.84, 7.741, 5.94, 4.78, 4.28, 4.67, 4.69, 4.48, 4.19], [2.26, 2.0, 1.78, 3.4, 5.76, 5.97, 5.47, 5.84, 6.46, 6.44, 6.01, 6.21, 5.79, 5.58, 6.32, 5.84, 5.52, 5.46, 5.59, 5.94, 6.76, 5.91, 5.41, 5.18, 5.72, 5.55, 5.84, 6.09, 6.72, 9.03, 10.43, 11.18, 10.93, 9.98, 9.83, 9.42, 8.17, 6.52, 5.9, 5.21, 4.81, 4.4, 5.1, 5.81, 5.61, 5.47, 5.11, 5.37, 5.21, 4.82, 4.56, 4.47, 4.26, 4.24, 4.37, 4.14, 4.46, 4.48, 3.78, 3.47, 3.43, 3.62, 3.6, 3.31, 3.19, 3.37, 3.13, 3.35, 3.16, 1.85, 0, 1.35, 1.95, 2.0, 2.0, 1.69, 2.54, 5.29, 6.32, 4.47, 3.27, 2.69, 3.04, 3.08, 2.95, 2.8], [1.89, 1.59, 1.85, 3.95, 6.55, 6.76, 6.14, 6.55, 6.95, 7.01, 6.62, 6.74, 6.24, 5.93, 6.63, 6.11, 5.97, 5.87, 5.92, 6.21, 7.09, 6.24, 5.7, 5.53, 6.07, 5.96, 6.17, 6.48, 7.07, 9.7, 11.1, 11.85, 11.6, 10.65, 10.5, 10.05, 8.84, 7.19, 6.63, 5.94, 5.56, 5.17, 5.91, 6.64, 6.32, 6.22, 5.84, 6.1, 5.94, 5.49, 5.31, 5.14, 4.79, 4.77, 4.84, 4.47, 4.89, 4.91, 4.21, 3.78, 3.98, 4.17, 4.21, 3.94, 4.04, 4.22, 3.5, 3.88, 3.91, 2.64, 1.35, 0, 1.28, 1.27, 1.31, 1.36, 2.37, 4.96, 5.93, 4.32, 2.88, 2.18, 2.59, 2.55, 2.4, 2.37], [1.75, 1.69, 2.77, 4.89, 7.51, 7.72, 7.1, 7.51, 7.93, 8.05, 7.6, 7.7, 7.14, 6.99, 7.71, 7.09, 6.95, 6.89, 6.94, 7.19, 7.99, 7.08, 6.6, 6.45, 7.07, 6.86, 6.99, 7.4, 8.15, 10.74, 12.06, 12.81, 12.56, 11.61, 11.46, 11.03, 9.8, 8.15, 7.59, 6.92, 6.54, 6.09, 6.85, 7.56, 7.28, 7.18, 6.86, 7.06, 6.9, 6.41, 6.19, 6.0, 5.71, 5.53, 5.56, 5.49, 5.91, 5.97, 5.25, 4.82, 5.02, 5.25, 5.27, 5.0, 4.96, 5.14, 4.46, 4.82, 4.85, 3.56, 1.95, 1.28, 0, 0.77, 1.39, 1.5, 1.95, 4.36, 5.13, 3.76, 2.5, 1.68, 2.09, 2.07, 1.88, 1.95], [2.04, 2.02, 2.78, 4.92, 7.5, 7.73, 7.11, 7.5, 7.88, 7.98, 7.55, 7.69, 7.13, 6.88, 7.5, 6.96, 6.92, 6.8, 6.79, 7.0, 7.82, 6.89, 6.43, 6.3, 6.94, 6.79, 6.92, 7.35, 8.02, 10.65, 12.01, 12.76, 12.51, 11.56, 11.43, 10.96, 9.75, 8.12, 7.58, 6.89, 6.51, 6.18, 6.9, 7.65, 7.29, 7.17, 6.81, 7.05, 6.91, 6.54, 6.34, 6.29, 5.9, 5.82, 5.87, 5.54, 5.94, 5.92, 5.08, 4.65, 4.99, 5.3, 5.32, 5.03, 5.07, 5.23, 4.47, 4.89, 4.92, 3.73, 2.0, 1.27, 0.77, 0, 1.22, 1.53, 2.28, 4.65, 5.46, 4.09, 2.73, 1.83, 2.3, 2.36, 2.25, 2.32], [1.94, 1.8, 2.3, 4.08, 6.62, 6.85, 6.23, 6.56, 6.94, 7.02, 6.63, 6.79, 6.23, 5.94, 6.56, 5.98, 5.94, 5.82, 5.83, 6.1, 6.92, 6.01, 5.55, 5.4, 6.0, 5.85, 6.0, 6.41, 7.08, 9.67, 11.03, 11.78, 11.53, 10.58, 10.45, 9.98, 8.77, 7.18, 6.64, 5.93, 5.57, 5.32, 6.04, 6.79, 6.41, 6.31, 5.89, 6.13, 6.05, 5.68, 5.44, 5.37, 5.04, 4.9, 4.91, 4.64, 5.08, 5.06, 4.26, 3.81, 4.11, 4.4, 4.42, 4.13, 4.21, 4.37, 3.61, 4.03, 4.06, 2.95, 2.0, 1.31, 1.39, 1.22, 0, 0.97, 2.88, 5.47, 6.3, 4.83, 3.39, 2.61, 3.0, 2.9, 2.53, 2.36], [1.57, 1.43, 1.99, 3.99, 6.61, 6.82, 6.22, 6.63, 7.01, 7.09, 6.68, 6.84, 6.3, 6.03, 6.67, 6.19, 6.09, 5.95, 5.98, 6.33, 7.15, 6.26, 5.74, 5.59, 6.15, 6.0, 6.21, 6.56, 7.19, 9.9, 11.3, 12.05, 11.8, 10.85, 10.7, 10.29, 9.04, 7.39, 6.79, 6.1, 5.66, 5.19, 5.97, 6.66, 6.4, 6.32, 5.96, 6.18, 6.0, 5.53, 5.27, 5.14, 4.79, 4.67, 4.64, 4.47, 4.93, 4.91, 4.23, 3.82, 3.96, 4.17, 4.23, 3.96, 4.06, 4.2, 3.56, 4.0, 3.99, 2.74, 1.69, 1.36, 1.5, 1.53, 0.97, 0, 2.17, 4.94, 5.75, 4.14, 2.7, 2.16, 2.41, 2.31, 2.16, 1.85], [2.16, 1.96, 3.1, 5.22, 7.76, 7.85, 7.53, 7.86, 8.34, 8.4, 8.01, 8.13, 7.83, 7.48, 8.4, 7.92, 7.46, 7.46, 7.63, 7.94, 8.84, 8.13, 7.45, 7.22, 7.8, 7.67, 7.94, 8.09, 8.5, 11.15, 12.57, 13.32, 13.07, 12.12, 11.97, 11.54, 10.31, 8.66, 8.04, 7.35, 6.93, 6.44, 7.18, 7.89, 7.57, 7.45, 7.11, 7.31, 7.11, 6.58, 6.3, 6.07, 5.68, 5.58, 5.49, 5.4, 5.88, 5.98, 5.3, 5.21, 4.99, 5.22, 5.22, 4.95, 5.03, 5.15, 4.99, 5.29, 5.26, 4.01, 2.54, 2.37, 1.95, 2.28, 2.88, 2.17, 0, 3.35, 4.32, 2.61, 1.59, 1.45, 1.46, 1.48, 1.59, 1.82], [4.13, 4.31, 5.85, 8.07, 10.703, 10.76, 10.34, 10.75, 11.35, 11.39, 10.94, 11.06, 10.6, 10.45, 11.39, 10.87, 10.63, 10.55, 10.68, 11.03, 11.87, 11.02, 10.44, 10.21, 10.67, 10.5, 10.75, 11.06, 11.69, 14.26, 15.68, 16.43, 16.18, 15.23, 15.08, 14.65, 13.42, 11.763, 11.143, 10.453, 9.996, 9.51, 10.27, 10.96, 10.66, 10.52, 10.18, 10.38, 10.16, 9.63, 9.29, 8.82, 8.57, 8.23, 8.0, 8.27, 8.83, 9.05, 8.35, 8.04, 8.04, 8.33, 8.31, 7.88, 7.72, 8.06, 8.04, 8.36, 8.23, 6.84, 5.29, 4.96, 4.36, 4.65, 5.47, 4.94, 3.35, 0, 1.15, 1.44, 2.42, 2.98, 2.73, 2.89, 3.32, 3.53], [4.96, 5.18, 6.78, 9.0, 11.599, 11.669, 11.27, 11.68, 12.26, 12.36, 11.91, 11.97, 11.49, 11.38, 12