[[0, 0.73, 1.73, 2.53, 2.84, 2.74, 3.47, 4.16, 4.12, 4.26, 3.96, 2.67, 1.74, 1.47, 2.18, 2.76, 2.91, 2.89, 2.17, 1.66, 1.1, 1.99, 3.44, 3.0, 2.35, 2.98, 3.49, 3.12, 3.25, 3.61, 4.2, 4.3, 4.62, 5.28, 6.74, 6.13, 4.24, 2.78, 3.02, 2.95, 3.19, 3.21, 3.41, 3.53, 3.83, 3.85, 4.03, 3.94, 3.5, 2.84, 2.49, 3.42, 3.6, 3.79, 4.16, 4.14, 4.23, 4.48, 4.13, 3.73, 4.14, 4.23, 4.0, 3.964, 3.06, 2.11, 1.92, 2.02, 1.63, 2.61, 3.12, 2.96, 3.03, 3.18, 3.59, 3.83, 5.26, 6.34, 7.05, 7.61, 9.04, 8.99, 8.76, 9.05, 10.53, 10.69], [0.73, 0, 1.46, 2.08, 2.61, 2.51, 3.26, 3.95, 3.89, 4.07, 3.75, 2.28, 1.35, 1.64, 2.35, 2.97, 3.22, 3.22, 2.46, 1.85, 1.41, 1.88, 3.31, 2.81, 2.24, 2.89, 3.46, 3.13, 3.26, 3.6, 4.03, 4.11, 4.45, 5.05, 6.55, 5.9, 4.13, 2.95, 3.19, 3.04, 3.3, 3.26, 3.46, 3.6, 3.9, 4.04, 4.16, 4.01, 3.57, 2.87, 2.64, 3.63, 3.83, 4.06, 4.53, 4.47, 4.48, 4.77, 4.36, 3.96, 4.41, 4.52, 4.35, 4.3, 3.41, 2.4, 2.17, 2.27, 1.88, 2.78, 3.31, 3.17, 3.28, 3.45, 3.8, 3.96, 5.09, 6.15, 6.88, 7.42, 8.71, 8.66, 8.43, 8.72, 10.2, 10.34], [1.73, 1.46, 0, 1.76, 1.87, 1.67, 2.42, 2.99, 2.99, 3.11, 2.79, 1.68, 1.47, 2.16, 3.05, 3.71, 4.26, 4.28, 3.66, 2.87, 1.65, 0.98, 2.27, 1.95, 1.74, 2.31, 2.7, 2.53, 2.58, 2.9, 3.31, 3.29, 3.57, 4.25, 5.71, 5.12, 3.39, 2.45, 2.61, 2.48, 2.56, 2.7, 2.98, 3.14, 3.32, 3.46, 3.76, 3.61, 3.05, 2.59, 3.72, 4.89, 5.03, 5.24, 5.57, 5.59, 5.6, 5.89, 5.54, 5.18, 5.63, 5.68, 5.41, 5.36, 4.57, 3.58, 3.33, 3.43, 2.72, 2.52, 2.89, 2.83, 3.06, 3.19, 3.28, 3.3, 4.23, 5.11, 5.86, 6.38, 7.71, 7.62, 7.35, 7.64, 9.14, 9.32], [2.53, 2.08, 1.76, 0, 1.07, 1.25, 1.58, 2.19, 2.09, 2.27, 1.93, 1.08, 1.73, 2.8, 3.73, 4.35, 4.82, 4.82, 4.02, 3.27, 2.49, 2.08, 2.31, 1.97, 2.08, 2.37, 3.24, 3.09, 3.2, 3.46, 3.57, 3.63, 3.87, 4.59, 5.67, 5.1, 3.93, 3.09, 3.03, 2.74, 3.12, 3.62, 4.14, 4.34, 4.42, 4.5, 4.78, 4.79, 4.09, 4.03, 4.5, 5.45, 5.67, 5.86, 6.21, 6.19, 6.2, 6.47, 6.16, 5.84, 6.17, 6.18, 5.99, 5.92, 5.11, 4.22, 4.01, 3.99, 3.74, 3.7, 3.95, 3.91, 4.18, 4.35, 4.26, 3.8, 3.91, 4.41, 5.14, 5.74, 7.17, 7.18, 6.93, 7.24, 8.7, 8.92], [2.84, 2.61, 1.87, 1.07, 0, 0.7, 1.35, 2.0, 1.82, 1.96, 1.7, 0.87, 1.98, 2.69, 3.58, 4.12, 4.67, 4.73, 4.05, 3.4, 2.4, 2.31, 2.48, 2.14, 2.03, 2.4, 3.37, 3.24, 3.41, 3.57, 3.76, 3.84, 4.02, 4.74, 6.12, 5.47, 4.08, 3.18, 2.94, 2.63, 2.97, 3.85, 4.43, 4.61, 4.65, 4.71, 4.77, 5.0, 4.3, 4.28, 4.97, 5.82, 6.24, 6.33, 6.56, 6.44, 6.41, 6.76, 6.47, 6.07, 6.52, 6.53, 6.2, 6.09, 5.4, 4.53, 4.3, 4.42, 3.97, 3.57, 3.74, 3.9, 4.09, 4.28, 4.17, 3.61, 4.02, 4.42, 4.99, 5.91, 7.5, 7.49, 7.2, 7.55, 9.01, 9.27], [2.74, 2.51, 1.67, 1.25, 0.7, 0, 1.39, 2.14, 1.86, 1.96, 1.72, 0.97, 1.74, 2.51, 3.38, 4.0, 4.59, 4.75, 4.17, 3.48, 2.32, 2.11, 2.52, 2.32, 2.37, 2.6, 3.47, 3.32, 3.45, 3.69, 3.94, 4.02, 4.2, 4.88, 6.26, 5.65, 4.22, 3.22, 3.04, 2.75, 3.05, 3.81, 4.27, 4.47, 4.57, 4.63, 4.69, 4.9, 4.26, 4.06, 4.89, 5.9, 6.24, 6.43, 6.68, 6.6, 6.49, 6.86, 6.63, 6.09, 6.54, 6.63, 6.32, 6.05, 5.24, 4.41, 4.2, 4.34, 3.85, 3.29, 3.54, 3.76, 3.81, 4.04, 3.89, 3.63, 4.14, 4.56, 5.09, 6.07, 7.66, 7.63, 7.34, 7.69, 9.15, 9.41], [3.47, 3.26, 2.42, 1.58, 1.35, 1.39, 0, 1.03, 0.99, 1.19, 1.33, 1.54, 2.81, 3.5, 4.53, 5.15, 5.68, 5.72, 5.16, 4.45, 3.29, 2.72, 2.11, 2.33, 2.8, 2.81, 3.36, 3.29, 3.52, 3.58, 3.65, 3.69, 3.89, 4.63, 5.77, 5.22, 4.01, 3.31, 2.95, 2.72, 2.98, 4.0, 4.72, 4.8, 4.76, 4.84, 4.9, 5.15, 4.41, 4.73, 5.74, 6.77, 7.01, 7.22, 7.53, 7.53, 7.48, 7.85, 7.54, 7.04, 7.47, 7.62, 7.29, 7.02, 6.13, 5.1, 4.81, 5.03, 4.48, 3.9, 3.99, 4.19, 4.28, 4.47, 4.28, 3.58, 3.75, 3.93, 4.32, 5.32, 6.93, 6.82, 6.63, 6.82, 8.1, 8.36], [4.16, 3.95, 2.99, 2.19, 2.0, 2.14, 1.03, 0, 0.52, 0.9, 1.3, 2.29, 3.58, 4.29, 5.24, 5.88, 6.43, 6.49, 5.87, 5.16, 3.82, 3.15, 2.5, 2.62, 3.29, 3.08, 3.63, 3.52, 4.01, 3.99, 3.94, 3.8, 4.06, 4.66, 5.48, 5.09, 4.18, 3.54, 3.18, 3.03, 3.31, 4.53, 5.27, 5.37, 5.23, 5.27, 5.39, 5.64, 4.88, 5.26, 6.37, 7.46, 7.66, 7.87, 8.16, 8.24, 8.19, 8.54, 8.23, 7.75, 8.18, 8.33, 7.98, 7.75, 6.86, 5.75, 5.48, 5.66, 5.09, 4.51, 4.58, 4.74, 4.87, 5.0, 4.85, 3.85, 3.76, 3.64, 3.93, 4.73, 6.3, 6.19, 6.1, 6.23, 7.27, 7.55], [4.12, 3.89, 2.99, 2.09, 1.82, 1.86, 0.99, 0.52, 0, 0.84, 1.16, 2.25, 3.44, 4.11, 5.02, 5.64, 6.17, 6.29, 5.77, 5.08, 3.74, 3.17, 2.56, 2.62, 3.19, 2.98, 3.69, 3.6, 4.07, 4.03, 4.02, 3.88, 4.14, 4.82, 5.62, 5.25, 4.3, 3.6, 3.26, 3.03, 3.35, 4.57, 5.33, 5.43, 5.27, 5.31, 5.43, 5.68, 4.92, 5.32, 6.33, 7.36, 7.6, 7.79, 8.1, 8.16, 8.07, 8.4, 8.15, 7.67, 8.08, 8.23, 7.86, 7.65, 6.74, 5.73, 5.54, 5.72, 5.19, 4.41, 4.58, 4.8, 4.91, 5.08, 4.89, 3.93, 3.9, 3.7, 3.93, 4.85, 6.46, 6.31, 6.22, 6.35, 7.55, 7.79], [4.26, 4.07, 3.11, 2.27, 1.96, 1.96, 1.19, 0.9, 0.84, 0, 0.78, 2.31, 3.62, 4.27, 5.22, 5.84, 6.39, 6.55, 5.95, 5.2, 3.92, 2.99, 2.28, 2.58, 3.35, 2.74, 3.33, 3.26, 3.75, 3.67, 3.58, 3.42, 3.66, 4.28, 5.1, 4.65, 3.78, 3.22, 2.88, 2.75, 2.99, 4.17, 5.01, 4.99, 4.89, 4.95, 4.97, 5.24, 4.7, 5.34, 6.47, 7.58, 7.84, 8.03, 8.32, 8.34, 8.29, 8.68, 8.37, 7.83, 8.28, 8.41, 8.12, 7.87, 6.98, 5.85, 5.52, 5.66, 5.13, 4.11, 4.12, 4.34, 4.41, 4.6, 4.43, 3.33, 3.24, 3.16, 3.39, 4.39, 6.0, 5.93, 5.78, 6.01, 7.39, 7.63], [3.96, 3.75, 2.79, 1.93, 1.7, 1.72, 1.33, 1.3, 1.16, 0.78, 0, 1.95, 3.26, 3.95, 4.86, 5.48, 6.05, 6.19, 5.65, 4.86, 3.7, 2.69, 2.04, 2.24, 3.03, 2.48, 2.91, 2.84, 3.35, 3.31, 3.18, 3.06, 3.32, 4.04, 4.86, 4.43, 3.52, 2.9, 2.5, 2.35, 2.59, 3.79, 4.61, 4.65, 4.45, 4.49, 4.57, 4.78, 4.3, 4.98, 6.21, 7.24, 7.52, 7.73, 8.02, 8.02, 7.95, 8.34, 8.05, 7.53, 7.96, 8.09, 7.78, 7.53, 6.62, 5.59, 5.32, 5.36, 4.71, 3.81, 3.72, 3.94, 3.99, 4.2, 4.03, 3.03, 3.04, 2.98, 3.51, 4.45, 6.08, 6.07, 5.82, 6.13, 7.59, 7.85], [2.67, 2.28, 1.68, 1.08, 0.87, 0.97, 1.54, 2.29, 2.25, 2.31, 1.95, 0, 1.45, 2.48, 3.21, 3.91, 4.46, 4.56, 4.0, 3.29, 2.43, 2.12, 2.43, 1.99, 1.98, 2.33, 3.16, 2.99, 3.16, 3.38, 3.63, 3.67, 3.85, 4.55, 5.99, 5.34, 3.87, 2.95, 2.81, 2.52, 2.78, 3.62, 4.22, 4.38, 4.4, 4.48, 4.68, 4.81, 4.05, 4.11, 4.58, 5.57, 5.91, 6.1, 6.33, 6.23, 6.14, 6.51, 6.26, 5.76, 6.25, 6.28, 5.97, 5.72, 4.93, 4.22, 4.01, 4.05, 3.76, 3.64, 3.71, 3.79, 3.94, 4.13, 4.0, 3.48, 4.07, 4.67, 5.3, 6.08, 7.59, 7.6, 7.35, 7.66, 9.12, 9.32], [1.74, 1.35, 1.47, 1.73, 1.98, 1.74, 2.81, 3.58, 3.44, 3.62, 3.26, 1.45, 0, 1.77, 2.36, 2.96, 3.35, 3.47, 2.79, 2.18, 1.58, 1.95, 3.42, 2.96, 2.29, 2.96, 3.71, 3.44, 3.49, 3.83, 4.34, 4.34, 4.64, 5.28, 6.74, 6.11, 4.44, 3.2, 3.14, 2.93, 3.23, 3.63, 3.95, 4.09, 4.29, 4.39, 4.51, 4.5, 4.0, 3.5, 3.57, 4.4, 4.74, 4.93, 5.16, 5.06, 5.03, 5.26, 5.09, 4.71, 5.04, 5.09, 4.76, 4.57, 3.84, 3.09, 2.92, 2.94, 2.93, 3.09, 3.42, 3.48, 3.59, 3.74, 3.75, 3.79, 4.92, 5.84, 6.47, 7.23, 8.78, 8.77, 8.54, 8.83, 10.31, 10.49], [1.47, 1.64, 2.16, 2.8, 2.69, 2.51, 3.5, 4.29, 4.11, 4.27, 3.95, 2.48, 1.77, 0, 1.17, 1.67, 2.22, 2.44, 2.14, 1.51, 1.13, 2.5, 4.03, 3.63, 2.44, 3.07, 3.8, 3.47, 3.54, 3.94, 4.69, 4.81, 5.23, 5.83, 7.31, 6.58, 4.69, 3.21, 3.15, 3.04, 3.22, 3.52, 3.56, 3.74, 4.12, 4.06, 4.06, 4.05, 3.73, 3.09, 2.78, 3.71, 4.07, 4.24, 4.45, 4.27, 4.18, 4.49, 4.22, 3.86, 4.33, 4.4, 3.95, 3.8, 3.13, 2.48, 2.43, 2.67, 2.18, 2.3, 2.77, 2.79, 2.64, 2.89, 3.34, 3.74, 5.75, 6.65, 7.22, 8.18, 9.71, 9.62, 9.39, 9.68, 11.18, 11.3], [2.18, 2.35, 3.05, 3.73, 3.58, 3.38, 4.53, 5.24, 5.02, 5.22, 4.86, 3.21, 2.36, 1.17, 0, 0.82, 1.53, 1.97, 1.81, 1.36, 1.94, 3.35, 4.9, 4.48, 3.19, 3.7, 4.31, 4.14, 4.07, 4.75, 5.56, 5.72, 6.1, 6.72, 8.14, 7.35, 5.34, 3.88, 3.88, 3.79, 3.83, 4.07, 3.91, 4.07, 4.49, 4.45, 4.45, 4.5, 4.12, 3.02, 2.45, 3.24, 3.62, 3.77, 3.92, 3.82, 3.73, 3.92, 3.77, 3.49, 3.98, 4.01, 3.48, 3.31, 2.68, 2.15, 2.38, 2.44, 2.07, 2.41, 2.9, 2.98, 2.79, 3.2, 3.61, 4.25, 6.74, 7.64, 8.21, 9.17, 10.7, 10.59, 10.34, 10.59, 12.13, 12.17], [2.76, 2.97, 3.71, 4.35, 4.12, 4.0, 5.15, 5.88, 5.64, 5.84, 5.48, 3.91, 2.96, 1.67, 0.82, 0, 1.05, 1.71, 1.83, 1.78, 2.54, 3.95, 5.5, 5.08, 3.73, 4.34, 4.87, 4.74, 4.65, 5.39, 6.16, 6.32, 6.7, 7.32, 8.74, 7.97, 5.86, 4.38, 4.38, 4.29, 4.33, 4.53, 4.21, 4.35, 4.79, 4.85, 4.85, 4.86, 4.54, 3.3, 2.33, 2.94, 3.36, 3.37, 3.48, 3.46, 3.43, 3.5, 3.41, 3.35, 3.82, 3.73, 3.18, 3.09, 2.64, 2.41, 2.58, 2.66, 2.37, 2.75, 3.28, 3.24, 3.09, 3.54, 3.91, 4.85, 7.4, 8.3, 8.83, 9.83, 11.36, 11.25, 11.0, 11.23, 12.79, 12.79], [2.91, 3.22, 4.26, 4.82, 4.67, 4.59, 5.68, 6.43, 6.17, 6.39, 6.05, 4.46, 3.35, 2.22, 1.53, 1.05, 0, 0.94, 1.24, 1.83, 2.95, 4.5, 6.03, 5.61, 4.26, 4.89, 5.38, 5.25, 5.2, 5.94, 6.71, 6.87, 7.25, 7.85, 9.27, 8.52, 6.37, 4.95, 4.93, 4.86, 4.9, 5.1, 4.74, 4.88, 5.3, 5.38, 5.38, 5.39, 5.07, 3.83, 2.0, 2.01, 2.39, 2.38, 2.53, 2.57, 2.58, 2.69, 2.48, 2.46, 2.89, 2.8, 2.33, 2.3, 2.11, 2.04, 2.29, 2.33, 2.66, 3.22, 3.77, 3.79, 3.64, 4.07, 4.44, 5.4, 7.95, 8.85, 9.38, 10.38, 11.91, 11.8, 11.55, 11.78, 13.34, 13.34], [2.89, 3.22, 4.28, 4.82, 4.73, 4.75, 5.72, 6.49, 6.29, 6.55, 6.19, 4.56, 3.47, 2.44, 1.97, 1.71, 0.94, 0, 1.06, 1.87, 2.95, 4.64, 6.15, 5.77, 4.4, 4.91, 5.56, 5.43, 5.22, 6.02, 6.79, 6.95, 7.37, 7.99, 9.41, 8.58, 6.55, 4.97, 4.95, 4.88, 4.98, 5.18, 4.82, 4.9, 5.36, 5.44, 5.38, 5.39, 5.05, 3.93, 1.96, 1.53, 1.89, 1.92, 2.09, 2.01, 1.96, 2.19, 1.96, 1.84, 2.23, 2.2, 1.75, 1.64, 1.45, 1.46, 1.97, 2.11, 2.72, 3.34, 3.85, 3.87, 3.74, 4.15, 4.52, 5.44, 7.95, 8.85, 9.4, 10.38, 11.91, 11.8, 11.55, 11.84, 13.36, 13.46], [2.17, 2.46, 3.66, 4.02, 4.05, 4.17, 5.16, 5.87, 5.77, 5.95, 5.65, 4.0, 2.79, 2.14, 1.81, 1.83, 1.24, 1.06, 0, 1.11, 2.31, 4.02, 5.51, 5.13, 3.88, 4.35, 5.02, 4.79, 4.58, 5.36, 6.13, 6.29, 6.71, 7.33, 8.75, 7.9, 6.03, 4.45, 4.43, 4.36, 4.64, 4.66, 4.4, 4.52, 4.98, 5.04, 4.78, 4.93, 4.65, 3.57, 1.8, 1.89, 2.29, 2.38, 2.61, 2.47, 2.62, 2.79, 2.5, 2.3, 2.57, 2.52, 2.31, 2.28, 1.91, 1.44, 1.59, 1.67, 2.08, 2.82, 3.35, 3.33, 3.42, 3.83, 4.18, 4.86, 7.09, 8.11, 8.7, 9.5, 11.09, 11.12, 10.89, 11.18, 12.66, 12.8], [1.66, 1.85, 2.87, 3.27, 3.4, 3.48, 4.45, 5.16, 5.08, 5.2, 4.86, 3.29, 2.18, 1.51, 1.36, 1.78, 1.83, 1.87, 1.11, 0, 1.6, 3.25, 4.72, 4.3, 3.11, 3.58, 4.27, 3.98, 3.87, 4.59, 5.36, 5.48, 5.88, 6.52, 7.92, 7.13, 5.3, 3.72, 3.72, 3.69, 3.89, 3.95, 3.81, 3.99, 4.43, 4.41, 4.17, 4.3, 4.02, 3.02, 1.97, 2.72, 3.06, 3.17, 3.36, 3.34, 3.45, 3.7, 3.35, 3.07, 3.38, 3.35, 3.18, 3.11, 2.48, 1.63, 1.78, 1.78, 1.65, 2.31, 2.96, 2.88, 2.99, 3.3, 3.73, 4.17, 6.24, 7.2, 7.91, 8.63, 10.26, 10.29, 10.06, 10.35, 11.83, 11.97], [1.1, 1.41, 1.65, 2.49, 2.4, 2.32, 3.29, 3.82, 3.74, 3.92, 3.7, 2.43, 1.58, 1.13, 1.94, 2.54, 2.95, 2.95, 2.31, 1.6, 0, 1.89, 3.42, 2.98, 2.17, 2.84, 3.43, 3.04, 3.17, 3.51, 4.14, 4.26, 4.58, 5.18, 6.68, 6.07, 4.16, 2.72, 2.72, 2.61, 2.81, 3.15, 3.25, 3.41, 3.77, 3.63, 3.71, 3.64, 3.42, 2.66, 2.73, 3.86, 4.12, 4.27, 4.44, 4.56, 4.55, 4.88, 4.55, 4.07, 4.48, 4.61, 4.3, 4.15, 3.4, 2.33, 2.3, 2.52, 1.95, 2.09, 2.7, 2.6, 2.65, 2.82, 3.17, 3.51, 5.1, 6.04, 6.71, 7.51, 9.08, 8.99, 8.76, 9.03, 10.51, 10.63], [1.99, 1.88, 0.98, 2.08, 2.31, 2.11, 2.72, 3.15, 3.17, 2.99, 2.69, 2.12, 1.95, 2.5, 3.35, 3.95, 4.5, 4.64, 4.02, 3.25, 1.89, 0, 1.65, 1.37, 1.5, 1.99, 2.18, 1.91, 2.12, 2.32, 2.73, 2.79, 3.05, 3.75, 5.25, 4.54, 2.73, 1.77, 2.19, 2.04, 2.02, 2.04, 2.42, 2.6, 2.76, 2.86, 3.26, 3.09, 2.55, 2.49, 3.78, 4.99, 5.07, 5.26, 5.67, 5.83, 5.9, 6.13, 5.76, 5.46, 5.89, 5.94, 5.69, 5.629, 4.739, 3.7, 3.37, 3.39, 2.7, 2.24, 2.59, 2.49, 2.74, 2.83, 2.8, 2.94, 3.97, 4.91, 5.68, 6.16, 7.45, 7.34, 7.11, 7.32, 8.9, 8.92], [3.44, 3.31, 2.27, 2.31, 2.48, 2.52, 2.11, 2.5, 2.56, 2.28, 2.04, 2.43, 3.42, 4.03, 4.9, 5.5, 6.03, 6.15, 5.51, 4.72, 3.42, 1.65, 0, 1.06, 1.91, 1.9, 1.97, 1.7, 1.91, 1.79, 1.92, 2.04, 2.32, 2.92, 4.24, 3.63, 2.18, 1.9, 2.14, 2.03, 1.97, 2.25, 2.95, 3.01, 2.89, 3.19, 3.49, 3.38, 2.7, 3.24, 5.15, 6.46, 6.48, 6.65, 7.14, 7.3, 7.35, 7.6, 7.21, 6.89, 7.32, 7.33, 7.14, 7.099, 6.22, 5.09, 4.54, 4.52, 3.93, 3.45, 3.56, 3.42, 3.71, 3.76, 3.57, 2.95, 3.14, 3.76, 4.63, 4.97, 6.06, 5.93, 5.72, 5.89, 7.43, 7.51], [3.0, 2.81, 1.95, 1.97, 2.14, 2.32, 2.33, 2.62, 2.62, 2.58, 2.24, 1.99, 2.96, 3.63, 4.48, 5.08, 5.61, 5.77, 5.13, 4.3, 2.98, 1.37, 1.06, 0, 1.55, 1.76, 1.83, 1.4, 1.95, 1.97, 1.84, 2.04, 2.22, 2.82, 4.14, 3.53, 2.1, 1.92, 2.32, 2.03, 2.11, 2.39, 2.91, 3.09, 3.17, 3.39, 3.73, 3.58, 2.68, 3.08, 4.69, 5.98, 6.0, 6.19, 6.677, 6.917, 6.91, 7.18, 6.85, 6.489, 6.979, 7.01, 6.82, 6.71, 5.848, 4.75, 4.32, 4.3, 3.65, 3.41, 3.68, 3.54, 3.85, 3.9, 3.75, 3.17, 3.3, 4.3, 5.17, 5.51, 6.46, 6.31, 6.08, 6.33, 7.89, 8.01], [2.35, 2.24, 1.74, 2.08, 2.03, 2.37, 2.8, 3.29, 3.19, 3.35, 3.03, 1.98, 2.29, 2.44, 3.19, 3.73, 4.26, 4.4, 3.88, 3.11, 2.17, 1.5, 1.91, 1.55, 0, 1.37, 1.94, 1.73, 2.22, 2.24, 2.69, 2.87, 3.13, 3.73, 5.09, 4.5, 2.49, 1.81, 2.05, 1.96, 2.06, 2.36, 2.9, 3.04, 3.14, 3.38, 3.68, 3.53, 2.67, 2.97, 3.86, 4.89, 5.11, 5.26, 5.59, 5.59, 5.62, 5.89, 5.48, 5.22, 5.71, 5.68, 5.47, 5.46, 4.83, 4.08, 3.75, 3.83, 3.28, 3.08, 3.27, 3.21, 3.5, 3.63, 3.5, 2.96, 4.23, 5.41, 6.14, 6.66, 7.71, 7.6, 7.35, 7.58, 9.14, 9.26], [2.98, 2.89, 2.31, 2.37, 2.4, 2.6, 2.81, 3.08, 2.98, 2.74, 2.48, 2.33, 2.96, 3.07, 3.7, 4.34, 4.89, 4.91, 4.35, 3.58, 2.84, 1.99, 1.9, 1.76, 1.37, 0, 1.25, 1.42, 2.03, 2.11, 2.2, 2.3, 2.7, 3.3, 4.68, 3.87, 2.04, 1.36, 1.34, 1.31, 1.57, 2.17, 2.97, 2.95, 2.81, 2.95, 3.31, 3.26, 2.7, 3.3, 4.19, 5.3, 5.52, 5.67, 6.06, 6.02, 6.01, 6.28, 5.93, 5.57, 6.08, 6.07, 5.86, 5.79, 5.06, 4.29, 4.08, 4.14, 3.57, 2.99, 2.98, 3.0, 3.25, 3.34, 3.21, 2.21, 3.54, 4.64, 5.37, 5.91, 7.18, 7.07, 6.82, 7.11, 8.63, 8.75], [3.49, 3.46, 2.7, 3.24, 3.37, 3.47, 3.36, 3.63, 3.69, 3.33, 2.91, 3.16, 3.71, 3.8, 4.31, 4.87, 5.38, 5.56, 5.02, 4.27, 3.43, 2.18, 1.97, 1.83, 1.94, 1.25, 0, 0.89, 1.68, 1.62, 1.57, 1.69, 1.97, 2.53, 3.95, 3.2, 1.21, 1.45, 1.39, 1.5, 1.24, 1.76, 2.58, 2.6, 2.4, 2.34, 2.7, 2.69, 2.47, 3.05, 4.62, 5.77, 5.77, 6.02, 6.47, 6.71, 6.66, 6.97, 6.68, 6.26, 6.77, 6.86, 6.59, 6.468, 5.618, 4.68, 4.37, 4.43, 3.66, 3.04, 2.61, 2.59, 2.88, 2.91, 2.76, 1.56, 3.23, 4.31, 5.04, 5.62, 6.75, 6.58, 6.37, 6.6, 8.18, 8.2], [3.12, 3.13, 2.53, 3.09, 3.24, 3.32, 3.29, 3.52, 3.6, 3.26, 2.84, 2.99, 3.44, 3.47, 4.14, 4.74, 5.25, 5.43, 4.79, 3.98, 3.04, 1.91, 1.7, 1.4, 1.73, 1.42, 0.89, 0, 1.35, 1.49, 1.62, 1.76, 2.14, 2.66, 4.08, 3.37, 1.42, 1.18, 1.38, 1.47, 1.41, 1.63, 2.39, 2.45, 2.35, 2.43, 2.81, 2.68, 2.24, 2.76, 4.39, 5.7, 5.72, 5.89, 6.4, 6.617, 6.61, 6.88, 6.523, 6.19, 6.68, 6.703, 6.52, 6.409, 5.539, 4.45, 3.96, 4.02, 3.33, 2.89, 2.86, 2.76, 3.07, 3.12, 2.95, 2.01, 3.38, 4.6, 5.43, 5.81, 6.82, 6.67, 6.44, 6.67, 8.25, 8.31], [3.25, 3.26, 2.58, 3.2, 3.41, 3.45, 3.52, 4.01, 4.07, 3.75, 3.35, 3.16, 3.49, 3.54, 4.07, 4.65, 5.2, 5.22, 4.58, 3.87, 3.17, 2.12, 1.91, 1.95, 2.22, 2.03, 1.68, 1.35, 0, 1.1, 1.85, 1.85, 2.53, 2.87, 4.23, 3.48, 2.19, 1.57, 1.99, 2.04, 1.74, 1.3, 1.76, 1.98, 1.62, 1.98, 2.44, 2.29, 1.51, 2.13, 4.32, 5.51, 5.61, 5.76, 6.27, 6.43, 6.44, 6.67, 6.38, 6.08, 6.51, 6.54, 6.31, 6.203, 5.338, 4.24, 3.61, 3.57, 2.98, 2.52, 2.45, 2.29, 2.48, 2.47, 2.24, 2.3, 3.59, 4.79, 5.68, 5.8, 6.83, 6.66, 6.45, 6.72, 8.28, 8.44], [3.61, 3.6, 2.9, 3.46, 3.57, 3.69, 3.58, 3.99, 4.03, 3.67, 3.31, 3.38, 3.83, 3.94, 4.75, 5.39, 5.94, 6.02, 5.36, 4.59, 3.51, 2.32, 1.79, 1.97, 2.24, 2.11, 1.62, 1.49, 1.1, 0, 1.11, 1.23, 1.81, 2.15, 3.41, 2.78, 1.73, 1.79, 2.05, 2.08, 1.62, 1.44, 2.18, 2.3, 1.82, 2.08, 2.54, 2.27, 1.95, 2.73, 5.12, 6.33, 6.39, 6.58, 7.01, 7.21, 7.28, 7.51, 7.2, 6.88, 7.27, 7.34, 7.11, 7.012, 6.162, 5.04, 4.39, 4.37, 3.76, 3.3, 2.81, 2.59, 2.74, 2.67, 2.44, 2.12, 2.99, 4.17, 5.08, 5.24, 6.07, 5.92, 5.71, 5.92, 7.52, 7.66], [4.2, 4.03, 3.31, 3.57, 3.76, 3.94, 3.65, 3.94, 4.02, 3.58, 3.18, 3.63, 4.34, 4.69, 5.56, 6.16, 6.71, 6.79, 6.13, 5.36, 4.14, 2.73, 1.92, 1.84, 2.69, 2.2, 1.57, 1.62, 1.85, 1.11, 0, 0.86, 1.3, 1.6, 2.72, 2.09, 1.42, 2.22, 2.38, 2.33, 2.13, 2.01, 2.77, 2.885, 2.41, 2.67, 2.89, 2.54, 2.58, 3.34, 5.75, 7.04, 7.04, 7.23, 7.76, 7.974, 7.95, 8.22, 7.901, 7.55, 8.04, 8.061, 7.871, 7.773, 6.899, 5.81, 5.16, 5.14, 4.53, 4.07, 3.44, 3.32, 3.53, 3.42, 3.13, 2.23, 2.54, 3.72, 4.63, 4.83, 5.36, 5.19, 4.98, 5.23, 6.81, 7.03], [4.3, 4.11, 3.29, 3.63, 3.84, 4.02, 3.69, 3.8, 3.88, 3.42, 3.06, 3.67, 4.34, 4.81, 5.72, 6.32, 6.87, 6.95, 6.29, 5.48, 4.26, 2.79, 2.04, 2.04, 2.87, 2.3, 1.69, 1.76, 1.85, 1.23, 0.86, 0, 0.96, 1.24, 2.62, 2.03, 1.48, 2.36, 2.46, 2.423, 2.25, 2.17, 3.091, 3.251, 2.55, 2.61, 2.97, 2.72, 2.92, 3.74, 5.97, 7.14, 7.14, 7.39, 7.891, 8.113, 8.11, 8.36, 8.07, 7.73, 8.2, 8.23, 8.031, 7.909, 7.059, 5.97, 5.32, 5.3, 4.69, 4.23, 3.58, 3.44, 3.59, 3.36, 3.03, 2.19, 2.16, 3.3, 4.21, 4.33, 5.26, 5.09, 4.88, 5.13, 6.71, 6.79], [4.62, 4.45, 3.57, 3.87, 4.02, 4.2, 3.89, 4.06, 4.14, 3.66, 3.32, 3.85, 4.64, 5.23, 6.1, 6.7, 7.25, 7.37, 6.71, 5.88, 4.58, 3.05, 2.32, 2.22, 3.13, 2.7, 1.97, 2.14, 2.53, 1.81, 1.3, 0.96, 0, 1.02, 2.3, 1.79, 1.52, 2.82, 2.88, 2.838, 2.63, 2.75, 3.637, 3.817, 3.243, 2.89, 3.19, 3.2, 3.56, 4.34, 6.35, 7.58, 7.52, 7.75, 8.28, 8.548, 8.53, 8.748, 8.49, 8.15, 8.62, 8.65, 8.445, 8.329, 7.479, 6.39, 5.9, 5.88, 5.13, 4.65, 3.98, 3.86, 3.99, 3.62, 3.31, 2.21, 1.72, 2.8, 3.67, 3.97, 4.98, 4.79, 4.6, 4.83, 6.39, 6.49], [5.28, 5.05, 4.25, 4.59, 4.74, 4.88, 4.63, 4.66, 4.82, 4.28, 4.04, 4.55, 5.28, 5.83, 6.72, 7.32, 7.85, 7.99, 7.33, 6.52, 5.18, 3.75, 2.92, 2.82, 3.73, 3.3, 2.53, 2.66, 2.87, 2.15, 1.6, 1.24, 1.02, 0, 1.66, 1.39, 1.96, 3.4, 3.445, 3.45, 3.223, 3.222, 3.991, 4.171, 3.543, 3.269, 3.483, 3.48, 3.82, 4.66, 6.95, 8.18, 8.14, 8.37, 8.851, 9.148, 9.118, 9.368, 9.094, 8.75, 9.24, 9.255, 9.064, 8.94, 8.091, 7.01, 6.38, 6.34, 5.73, 5.27, 4.6, 4.48, 4.61, 4.2, 3.83, 2.77, 1.74, 2.76, 3.63, 3.75, 4.44, 4.23, 4.06, 4.31, 5.85, 6.01], [6.74, 6.55, 5.71, 5.67, 6.12, 6.26, 5.77, 5.48, 5.62, 5.1, 4.86, 5.99, 6.74, 7.31, 8.14, 8.74, 9.27, 9.41, 8.75, 7.92, 6.68, 5.25, 4.24, 4.14, 5.09, 4.68, 3.95, 4.08, 4.23, 3.41, 2.72, 2.62, 2.3, 1.66, 0, 1.07, 3.14, 4.82, 4.88, 4.87, 4.643, 4.543, 5.216, 5.356, 4.806, 4.689, 4.863, 4.748, 4.98, 5.92, 8.355, 9.6, 9.54, 9.77, 10.259, 10.568, 10.538, 10.788, 10.511, 10.17, 10.66, 10.675, 10.481, 10.361, 9.511, 8.43, 7.78, 7.76, 7.15, 6.69, 6.02, 5.9, 6.03, 5.62, 5.25, 4.17, 2.22, 2.42, 2.89, 2.93, 3.08, 2.87, 2.68, 2.97, 4.49, 5.03], [6.13, 5.9, 5.12, 5.1, 5.47, 5.65, 5.22, 5.09, 5.25, 4.65, 4.43, 5.34, 6.11, 6.58, 7.35, 7.97, 8.52, 8.58, 7.9, 7.13, 6.07, 4.54, 3.63, 3.53, 4.5, 3.87, 3.2, 3.37, 3.48, 2.78, 2.09, 2.03, 1.79, 1.39, 1.07, 0, 2.47, 4.01, 4.03, 4.06, 3.88, 3.725, 4.34, 4.521, 4.028, 3.945, 4.022, 3.866, 4.07, 5.11, 7.516, 8.75, 8.77, 9.0, 9.524, 9.726, 9.716, 9.97, 9.676, 9.32, 9.81, 9.833, 9.646, 9.542, 8.692, 7.58, 6.93, 6.91, 6.3, 5.84, 5.17, 5.05, 5.18, 4.81, 4.44, 3.32, 1.77, 2.39, 3.16, 3.3, 3.65, 3.48, 3.29, 3.68, 5.16, 5.6], [4.24, 4.13, 3.39, 3.93, 4.08, 4.22, 4.01, 4.18, 4.3, 3.78, 3.52, 3.87, 4.44, 4.69, 5.34, 5.86, 6.37, 6.55, 6.03, 5.3, 4.16, 2.73, 2.18, 2.1, 2.49, 2.04, 1.21, 1.42, 2.19, 1.73, 1.42, 1.48, 1.52, 1.96, 3.14, 2.47, 0, 1.94, 1.98, 2.03, 1.87, 1.99, 2.79, 2.75, 2.61, 2.65, 2.93, 2.78, 2.78, 3.4, 5.43, 6.66, 6.62, 6.83, 7.314, 7.607, 7.597, 7.867, 7.554, 7.23, 7.701, 7.714, 7.512, 7.4, 6.55, 5.53, 4.94, 4.98, 4.39, 3.87, 3.38, 3.26, 3.59, 3.6, 3.33, 1.95, 2.84, 4.08, 4.93, 5.25, 6.06, 5.89, 5.68, 5.91, 7.49, 7.63], [2.78, 2.95, 2.45, 3.09, 3.18, 3.22, 3.31, 3.54, 3.6, 3.22, 2.9, 2.95, 3.2, 3.21, 3.88, 4.38, 4.95, 4.97, 4.45, 3.72, 2.72, 1.77, 1.9, 1.92, 1.81, 1.36, 1.45, 1.18, 1.57, 1.79, 2.22, 2.36, 2.82, 3.4, 4.82, 4.01, 1.94, 0, 0.86, 0.99, 0.97, 1.29, 2.03, 2.03, 1.83, 1.87, 2.19, 2.2, 1.84, 2.48, 3.89, 5.14, 5.26, 5.43, 5.84, 5.92, 6.01, 6.24, 5.85, 5.53, 5.9, 5.97, 5.76, 5.71, 4.84, 3.87, 3.5, 3.5, 2.79, 2.31, 2.34, 2.22, 2.49, 2.52, 2.37, 1.93, 3.54, 4.76, 5.57, 5.97, 7.28, 7.19, 6.96, 7.25, 8.73, 8.89], [3.02, 3.19, 2.61, 3.03, 2.94, 3.04, 2.95, 3.18, 3.26, 2.88, 2.5, 2.81, 3.14, 3.15, 3.88, 4.38, 4.93, 4.95, 4.43, 3.72, 2.72, 2.19, 2.14, 2.32, 2.05, 1.34, 1.39, 1.38, 1.99, 2.05, 2.38, 2.46, 2.88, 3.445, 4.88, 4.03, 1.98, 0.86, 0, 0.61, 0.83, 1.79, 2.53, 2.45, 2.25, 2.21, 2.35, 2.54, 2.34, 2.98, 4.27, 5.38, 5.56, 5.77, 6.08, 6.14, 6.17, 6.48, 6.15, 5.73, 6.08, 6.21, 5.92, 5.87, 5.0, 3.95, 3.74, 3.84, 3.17, 2.37, 2.16, 2.1, 2.37, 2.44, 2.23, 1.57, 3.34, 4.36, 5.07, 5.75, 7.32, 7.25, 7.02, 7.309, 8.79, 8.926], [2.95, 3.04, 2.48, 2.74, 2.63, 2.75, 2.72, 3.03, 3.03, 2.75, 2.35, 2.52, 2.93, 3.04, 3.79, 4.29, 4.86, 4.88, 4.36, 3.69, 2.61, 2.04, 2.03, 2.03, 1.96, 1.31, 1.5, 1.47, 2.04, 2.08, 2.33, 2.423, 2.838, 3.45, 4.87, 4.06, 2.03, 0.99, 0.61, 0, 0.82, 1.86, 2.76, 2.68, 2.42, 2.42, 2.6, 2.75, 2.47, 3.13, 4.26, 5.43, 5.69, 5.86, 6.11, 6.17, 6.18, 6.49, 6.18, 5.72, 6.17, 6.28, 5.93, 5.84, 4.97, 3.94, 3.77, 3.89, 3.26, 2.44, 2.31, 2.29, 2.52, 2.59, 2.38, 1.78, 3.35, 4.33, 5.02, 5.76, 7.304, 7.231, 6.998, 7.282, 8.774, 8.919], [3.19, 3.3, 2.56, 3.12, 2.97, 3.05, 2.98, 3.31, 3.35, 2.99, 2.59, 2.78, 3.23, 3.22, 3.83, 4.33, 4.9, 4.98, 4.64, 3.89, 2.81, 2.02, 1.97, 2.11, 2.06, 1.57, 1.24, 1.41, 1.74, 1.62, 2.13, 2.25, 2.63, 3.223, 4.643, 3.88, 1.87, 0.97, 0.83, 0.82, 0, 1.6, 2.46, 2.44, 2.06, 1.98, 2.3, 2.45, 2.31, 2.95, 4.5, 5.71, 5.83, 6.02, 6.23, 6.43, 6.42, 6.75, 6.46, 6.06, 6.47, 6.5, 6.21, 6.02, 5.17, 4.04, 3.83, 3.89, 3.16, 2.3, 1.93, 1.85, 2.16, 2.15, 1.98, 1.5, 3.27, 4.19, 4.94, 5.68, 7.204, 7.094, 6.847, 7.111, 8.637, 8.7], [3.21, 3.26, 2.7, 3.62, 3.85, 3.81, 4.0, 4.53, 4.57, 4.17, 3.79, 3.62, 3.63, 3.52, 4.07, 4.53, 5.1, 5.18, 4.66, 3.95, 3.15, 2.04, 2.25, 2.39, 2.36, 2.17, 1.76, 1.63, 1.3, 1.44, 2.01, 2.17, 2.75, 3.222, 4.543, 3.725, 1.99, 1.29, 1.79, 1.86, 1.6, 0, 1.24, 1.3, 1.24, 1.36, 1.62, 1.49, 1.43, 1.99, 3.96, 5.19, 5.29, 5.42, 5.91, 6.05, 6.08, 6.31, 6.02, 5.74, 6.17, 6.18, 5.95, 5.84, 4.99, 4.08, 3.51, 3.55, 2.92, 2.34, 1.99, 1.77, 2.02, 1.97, 1.78, 2.08, 3.77, 4.99, 5.86, 6.16, 7.199, 7.066, 6.839, 7.089, 8.666, 8.766], [3.41, 3.46, 2.98, 4.14, 4.43, 4.27, 4.72, 5.27, 5.33, 5.01, 4.61, 4.22, 3.95, 3.56, 3.91, 4.21, 4.74, 4.82, 4.4, 3.81, 3.25, 2.42, 2.95, 2.91, 2.9, 2.97, 2.58, 2.39, 1.76, 2.18, 2.77, 3.091, 3.637, 3.991, 5.216, 4.34, 2.79, 2.03, 2.53, 2.76, 2.46, 1.24, 0, 0.78, 1.26, 1.68, 1.78, 1.31, 1.11, 1.23, 3.32, 4.63, 4.73, 4.9, 5.41, 5.47, 5.42, 5.75, 5.48, 5.1, 5.53, 5.64, 5.47, 5.34, 4.57, 3.78, 3.19, 3.05, 2.48, 2.0, 2.07, 1.73, 2.0, 1.99, 1.98, 3.08, 4.78, 5.977, 6.87, 7.124, 7.75, 7.629, 7.427, 7.766, 9.277, 9.572], [3.53, 3.6, 3.14, 4.34, 4.61, 4.47, 4.8, 5.37, 5.43, 4.99, 4.65, 4.38, 4.09, 3.74, 4.07, 4.35, 4.88, 4.9, 4.52, 3.99, 3.41, 2.6, 3.01, 3.09, 3.04, 2.95, 2.6, 2.45, 1.98, 2.3, 2.885, 3.251, 3.817, 4.171, 5.356, 4.521, 2.75, 2.03, 2.45, 2.68, 2.44, 1.3, 0.78, 0, 1.04, 1.6, 1.8, 1.31, 1.15, 1.39, 3.28, 4.55, 4.71, 4.92, 5.43, 5.45, 5.4, 5.75, 5.48, 5.16, 5.55, 5.66, 5.57, 5.4, 4.65, 3.92, 3.27, 3.15, 2.6, 2.2, 1.99, 1.69, 1.98, 1.97, 1.96, 3.0, 4.88, 6.077, 6.97, 7.224, 7.853, 7.729, 7.502, 7.846, 9.343, 9.695], [3.83, 3.9, 3.32, 4.42, 4.65, 4.57, 4.76, 5.23, 5.27, 4.89, 4.45, 4.4, 4.29, 4.12, 4.49, 4.79, 5.3, 5.36, 4.98, 4.43, 3.77, 2.76, 2.89, 3.17, 3.14, 2.81, 2.4, 2.35, 1.62, 1.82, 2.41, 2.55, 3.243, 3.543, 4.806, 4.028, 2.61, 1.83, 2.25, 2.42, 2.06, 1.24, 1.26, 1.04, 0, 1.02, 1.48, 1.17, 1.09, 1.77, 3.88, 5.19, 5.25, 5.46, 5.99, 6.03, 6.02, 6.33, 5.94, 5.66, 6.03, 6.16, 6.01, 5.92, 5.09, 4.34, 3.69, 3.63, 2.96, 2.58, 2.09, 1.93, 2.08, 2.01, 1.72, 2.58, 4.223, 5.385, 6.313, 6.464, 7.299, 7.183, 6.976, 7.249, 8.769, 8.958], [3.85, 4.04, 3.46, 4.5, 4.71, 4.63, 4.84, 5.27, 5.31, 4.95, 4.49, 4.48, 4.39, 4.06, 4.45, 4.85, 5.38, 5.44, 5.04, 4.41, 3.63, 2.86, 3.19, 3.39, 3.38, 2.95, 2.34, 2.43, 1.98, 2.08, 2.67, 2.61, 2.89, 3.269, 4.689, 3.945, 2.65, 1.87, 2.21, 2.42, 1.98, 1.36, 1.68, 1.6, 1.02, 0, 0.96, 1.09, 1.63, 2.41, 4.18, 5.39, 5.51, 5.66, 6.07, 6.19, 6.24, 6.51, 6.16, 5.96, 6.27, 6.34, 6.15, 6.06, 5.19, 4.38, 3.89, 3.85, 3.14, 2.62, 2.05, 1.89, 1.98, 1.79, 1.48, 2.2, 3.71, 4.83, 5.72, 5.955, 7.236, 7.12, 6.913, 7.166, 8.686, 8.786], [4.03, 4.16, 3.76, 4.78, 4.77, 4.69, 4.9, 5.39, 5.43, 4.97, 4.57, 4.68, 4.51, 4.06, 4.45, 4.85, 5.38, 5.38, 4.78, 4.17, 3.71, 3.26, 3.49, 3.73, 3.68, 3.31, 2.7, 2.81, 2.44, 2.54, 2.89, 2.97, 3.19, 3.483, 4.863, 4.022, 2.93, 2.19, 2.35, 2.6, 2.3, 1.62, 1.78, 1.8, 1.48, 0.96, 0, 0.99, 1.87, 2.43, 4.18, 5.49, 5.63, 5.86, 6.31, 6.29, 6.36, 6.65, 6.26, 5.92, 6.19, 6.38, 6.29, 6.22, 5.35, 4.28, 3.71, 3.67, 2.98, 2.34, 1.77, 1.69, 1.96, 1.79, 1.56, 2.14, 3.57, 4.75, 5.58, 5.94, 7.27, 7.257, 7.024, 7.296, 8.8, 8.966], [3.94, 4.01, 3.61, 4.79, 5.0, 4.9, 5.15, 5.64, 5.68, 5.24, 4.78, 4.81, 4.5, 4.05, 4.5, 4.86, 5.39, 5.39, 4.93, 4.3, 3.64, 3.09, 3.38, 3.58, 3.53, 3.26, 2.69, 2.68, 2.29, 2.27, 2.54, 2.72, 3.2, 3.48, 4.748, 3.866, 2.78, 2.2, 2.54, 2.75, 2.45, 1.49, 1.31, 1.31, 1.17, 1.09, 0.99, 0, 1.48, 2.04, 3.95, 5.32, 5.44, 5.65, 6.12, 6.1, 6.11, 6.42, 5.99, 5.67, 6.06, 6.19, 6.14, 6.05, 5.16, 4.31, 3.78, 3.72, 2.99, 2.61, 2.06, 1.88, 2.01, 1.76, 1.67, 2.49, 4.0, 5.2, 6.09, 6.33, 7.14, 7.101, 6.868, 7.19, 8.65, 8.95], [3.5, 3.57, 3.05, 4.09, 4.3, 4.26, 4.41, 4.88, 4.92, 4.7, 4.3, 4.05, 4.0, 3.73, 4.12, 4.54, 5.07, 5.05, 4.65, 4.02, 3.42, 2.55, 2.7, 2.68, 2.67, 2.7, 2.47, 2.24, 1.51, 1.95, 2.58, 2.92, 3.56, 3.82, 4.98, 4.07, 2.78, 1.84, 2.34, 2.47, 2.31, 1.43, 1.11, 1.15, 1.09, 1.63, 1.87, 1.48, 0, 1.34, 3.61, 5.0, 5.1, 5.33, 5.82, 5.88, 5.85, 6.12, 5.71, 5.45, 5.88, 5.95, 5.86, 5.77, 4.88, 3.99, 3.38, 3.3, 2.67, 2.29, 2.4, 2.2, 2.39, 2.34, 2.17, 2.95, 4.64, 5.8, 6.73, 6.87, 7.42, 7.23, 7.02, 7.45, 8.87, 9.33], [2.84, 2.87, 2.59, 4.03, 4.28, 4.06, 4.73, 5.26, 5.32, 5.34, 4.98, 4.11, 3.5, 3.09, 3.02, 3.3, 3.83, 3.93, 3.57, 3.02, 2.66, 2.49, 3.24, 3.08, 2.97, 3.3, 3.05, 2.76, 2.13, 2.73, 3.34, 3.74, 4.34, 4.66, 5.92, 5.11, 3.4, 2.48, 2.98, 3.13, 2.95, 1.99, 1.23, 1.39, 1.77, 2.41, 2.43, 2.04, 1.34, 0, 2.49, 3.8, 3.86, 4.05, 4.56, 4.7, 4.67, 4.98, 4.65, 4.33, 4.78, 4.87, 4.68, 4.59, 3.78, 2.95, 2.42, 2.22, 1.71, 1.75, 2.3, 2.06, 2.29, 2.38, 2.49, 3.71, 5.58, 6.74, 7.67, 7.87, 8.56, 8.41, 8.2, 8.41, 10.01, 10.21], [2.49, 2.64, 3.72, 4.5, 4.97, 4.89, 5.74, 6.37, 6.33, 6.47, 6.21, 4.58, 3.57, 2.78, 2.45, 2.33, 2.0, 1.96, 1.8, 1.97, 2.73, 3.78, 5.15, 4.69, 3.86, 4.19, 4.62, 4.39, 4.32, 5.12, 5.75, 5.97, 6.35, 6.95, 8.355, 7.516, 5.43, 3.89, 4.27, 4.26, 4.5, 3.96, 3.32, 3.28, 3.88, 4.18, 4.18, 3.95, 3.61, 2.49, 0, 1.53, 1.81, 2.06, 2.45, 2.49, 2.5, 2.77, 2.44, 2.2, 2.57, 2.76, 2.53, 2.44, 1.83, 1.86, 2.01, 1.91, 1.86, 2.96, 3.61, 3.37, 3.42, 3.69, 4.08, 5.22, 7.39, 8.53, 9.24, 9.78, 10.91, 10.8, 10.57, 10.82, 12.4, 12.5], [3.42, 3.63, 4.89, 5.45, 5.82, 5.9, 6.77, 7.46, 7.36, 7.58, 7.24, 5.57, 4.4, 3.71, 3.24, 2.94, 2.01, 1.53, 1.89, 2.72, 3.86, 4.99, 6.46, 5.98, 4.89, 5.3, 5.77, 5.7, 5.51, 6.33, 7.04, 7.14, 7.58, 8.18, 9.6, 8.75, 6.66, 5.14, 5.38, 5.43, 5.71, 5.19, 4.63, 4.55, 5.19, 5.39, 5.49, 5.32, 5.0, 3.8, 1.53, 0, 0.84, 0.97, 1.32, 1.36, 1.43, 1.62, 1.41, 1.45, 1.7, 1.71, 1.48, 1.59, 1.72, 2.19, 2.58, 2.54, 3.05, 4.11, 4.66, 4.54, 4.53, 4.86, 5.25, 6.33, 8.62, 9.72, 10.37, 11.01, 12.28, 12.15, 11.94, 12.19, 13.77, 13.85], [3.6, 3.83, 5.03, 5.67, 6.24, 6.24, 7.01, 7.66, 7.6, 7.84, 7.52, 5.91, 4.74, 4.07, 3.62, 3.36, 2.39, 1.89, 2.29, 3.06, 4.12, 5.07, 6.48, 6.0, 5.11, 5.52, 5.77, 5.72, 5.61, 6.39, 7.04, 7.14, 7.52, 8.14, 9.54, 8.77, 6.62, 5.26, 5.56, 5.69, 5.83, 5.29, 4.73, 4.71, 5.25, 5.51, 5.63, 5.44, 5.1, 3.86, 1.81, 0.84, 0, 0.61, 1.16, 1.4, 1.57, 1.66, 1.45, 1.43, 1.48, 1.59, 1.56, 1.55, 1.62, 2.17, 2.72, 2.66, 3.19, 4.29, 4.92, 4.72, 4.77, 5.08, 5.49, 6.55, 8.78, 9.9, 10.63, 11.17, 12.4, 12.23, 12.02, 12.25, 13.83, 13.89], [3.79, 4.06, 5.24, 5.86, 6.33, 6.43, 7.22, 7.87, 7.79, 8.03, 7.73, 6.1, 4.93, 4.24, 3.77, 3.37, 2.38, 1.92, 2.38, 3.17, 4.27, 5.26, 6.65, 6.19, 5.26, 5.67, 6.02, 5.89, 5.76, 6.58, 7.23, 7.39, 7.75, 8.37, 9.77, 9.0, 6.83, 5.43, 5.77, 5.86, 6.02, 5.42, 4.9, 4.92, 5.46, 5.66, 5.86, 5.65, 5.33, 4.05, 2.06, 0.97, 0.61, 0, 0.75, 1.11, 1.36, 1.35, 1.24, 1.36, 1.51, 1.38, 1.39, 1.52, 1.79, 2.28, 2.81, 2.79, 3.4, 4.42, 5.09, 4.89, 4.96, 5.27, 5.68, 6.74, 8.91, 10.07, 10.82, 11.3, 12.59, 12.42, 12.21, 12.44, 14.02, 14.08], [4.16, 4.53, 5.57, 6.21, 6.56, 6.68, 7.53, 8.16, 8.1, 8.32, 8.02, 6.33, 5.16, 4.45, 3.92, 3.48, 2.53, 2.09, 2.61, 3.36, 4.44, 5.67, 7.14, 6.677, 5.59, 6.06, 6.47, 6.4, 6.27, 7.01, 7.76, 7.891, 8.28, 8.851, 10.259, 9.524, 7.314, 5.84, 6.08, 6.11, 6.23, 5.91, 5.41, 5.43, 5.99, 6.07, 6.31, 6.12, 5.82, 4.56, 2.45, 1.32, 1.16, 0.75, 0, 0.84, 1.01, 1.04, 1.07, 1.27, 1.2, 1.17, 1.32, 1.33, 2.0, 2.55, 3.2, 3.16, 3.83, 4.73, 5.38, 5.18, 5.25, 5.56, 5.97, 7.03, 9.32, 10.34, 11.11, 11.69, 13.08, 12.93, 12.72, 12.93, 14.53, 14.55], [4.14, 4.47, 5.59, 6.19, 6.44, 6.6, 7.53, 8.24, 8.16, 8.34, 8.02, 6.23, 5.06, 4.27, 3.82, 3.46, 2.57, 2.01, 2.47, 3.34, 4.56, 5.83, 7.3, 6.917, 5.59, 6.02, 6.71, 6.617, 6.43, 7.21, 7.974, 8.113, 8.548, 9.148, 10.568, 9.726, 7.607, 5.92, 6.14, 6.17, 6.43, 6.05, 5.47, 5.45, 6.03, 6.19, 6.29, 6.1, 5.88, 4.7, 2.49, 1.36, 1.4, 1.11, 0.84, 0, 0.69, 0.74, 0.73, 0.93, 0.8, 0.73, 0.76, 1.13, 1.78, 2.67, 3.3, 3.24, 3.85, 4.81, 5.4, 5.26, 5.27, 5.6, 6.03, 7.07, 9.38, 10.44, 11.13, 11.73, 13.1, 13.044, 12.817, 13.05, 14.63, 14.73], [4.23, 4.48, 5.6, 6.2, 6.41, 6.49, 7.48, 8.19, 8.07, 8.29, 7.95, 6.14, 5.03, 4.18, 3.73, 3.43, 2.58, 1.96, 2.62, 3.45, 4.55, 5.9, 7.35, 6.91, 5.62, 6.01, 6.66, 6.61, 6.44, 7.28, 7.95, 8.11, 8.53, 9.118, 10.538, 9.716, 7.597, 6.01, 6.17, 6.18, 6.42, 6.08, 5.42, 5.4, 6.02, 6.24, 6.36, 6.11, 5.85, 4.67, 2.5, 1.43, 1.57, 1.36, 1.01, 0.69, 0, 0.69, 0.76, 0.88, 1.11, 1.02, 0.97, 1.18, 1.93, 2.72, 3.43, 3.43, 3.9, 4.82, 5.35, 5.25, 5.22, 5.55, 5.98, 7.02, 9.47, 10.45, 11.1, 11.82, 13.09, 12.98, 12.77, 13.06, 14.6, 14.72], [4.48, 4.77, 5.89, 6.47, 6.76, 6.86, 7.85, 8.54, 8.4, 8.68, 8.34, 6.51, 5.26, 4.49, 3.92, 3.5, 2.69, 2.19, 2.79, 3.7, 4.88, 6.13, 7.6, 7.18, 5.89, 6.28, 6.97, 6.88, 6.67, 7.51, 8.22, 8.36, 8.748, 9.368, 10.788, 9.97, 7.867, 6.24, 6.48, 6.49, 6.75, 6.31, 5.75, 5.75, 6.33, 6.51, 6.65, 6.42, 6.12, 4.98, 2.77, 1.62, 1.66, 1.35, 1.04, 0.74, 0.69, 0, 0.59, 1.13, 1.22, 1.01, 1.08, 1.41, 2.06, 2.99, 3.62, 3.6, 4.19, 5.17, 5.74, 5.62, 5.63, 5.96, 6.33, 7.43, 9.74, 10.8, 11.47, 12.09, 13.4, 13.25, 13.04, 13.33, 14.87, 14.99], [4.13, 4.36, 5.54, 6.16, 6.47, 6.63, 7.54, 8.23, 8.15, 8.37, 8.05, 6.26, 5.09, 4.22, 3.77, 3.41, 2.48, 1.96, 2.5, 3.35, 4.55, 5.76, 7.21, 6.85, 5.48, 5.93, 6.68, 6.523, 6.38, 7.2, 7.901, 8.07, 8.49, 9.094, 10.511, 9.676, 7.554, 5.85, 6.15, 6.18, 6.46, 6.02, 5.48, 5.48, 5.94, 6.16, 6.26, 5.99, 5.71, 4.65, 2.44, 1.41, 1.45, 1.24, 1.07, 0.73, 0.76, 0.59, 0, 0.76, 1.05, 0.86, 1.01, 1.36, 1.89, 2.68, 3.27, 3.25, 3.76, 4.84, 5.43, 5.29, 5.3, 5.63, 6.02, 7.1, 9.33, 10.47, 11.16, 11.72, 12.99, 12.9, 12.67, 12.96, 14.46, 14.6], [3.73, 3.96, 5.18, 5.84, 6.07, 6.09, 7.04, 7.75, 7.67, 7.83, 7.53, 5.76, 4.71, 3.86, 3.49, 3.35, 2.46, 1.84, 2.3, 3.07, 4.07, 5.46, 6.89, 6.489, 5.22, 5.57, 6.26, 6.19, 6.08, 6.88, 7.55, 7.73, 8.15, 8.75, 10.17, 9.32, 7.23, 5.53, 5.73, 5.72, 6.06, 5.74, 5.1, 5.16, 5.66, 5.96, 5.92, 5.67, 5.45, 4.33, 2.2, 1.45, 1.43, 1.36, 1.27, 0.93, 0.88, 1.13, 0.76, 0, 0.89, 1.02, 1.13, 1.26, 1.73, 2.3, 2.95, 2.93, 3.36, 4.34, 4.91, 4.79, 4.78, 5.11, 5.54, 6.56, 8.89, 9.97, 10.64, 11.28, 12.57, 12.54, 12.31, 12.6, 14.08, 14.22], [4.14, 4.41, 5.63, 6.17, 6.52, 6.54, 7.47, 8.18, 8.08, 8.28, 7.96, 6.25, 5.04, 4.33, 3.98, 3.82, 2.89, 2.23, 2.57, 3.38, 4.48, 5.89, 7.32, 6.979, 5.71, 6.08, 6.77, 6.68, 6.51, 7.27, 8.04, 8.2, 8.62, 9.24, 10.66, 9.81, 7.701, 5.9, 6.08, 6.17, 6.47, 6.17, 5.53, 5.55, 6.03, 6.27, 6.19, 6.06, 5.88, 4.78, 2.57, 1.7, 1.48, 1.51, 1.2, 0.8, 1.11, 1.22, 1.05, 0.89, 0, 0.73, 1.02, 1.21, 1.72, 2.59, 3.22, 3.2, 3.71, 4.73, 5.34, 5.18, 5.21, 5.52, 5.97, 6.99, 9.26, 10.36, 11.07, 11.65, 13.06, 13.03, 12.8, 13.09, 14.57, 14.709], [4.23, 4.52, 5.68, 6.18, 6.53, 6.63, 7.62, 8.33, 8.23, 8.41, 8.09, 6.28, 5.09, 4.4, 4.01, 3.73, 2.8, 2.2, 2.52, 3.35, 4.61, 5.94, 7.33, 7.01, 5.68, 6.07, 6.86, 6.703, 6.54, 7.34, 8.061, 8.23, 8.65, 9.255, 10.675, 9.833, 7.714, 5.97, 6.21, 6.28, 6.5, 6.18, 5.64, 5.66, 6.16, 6.34, 6.38, 6.19, 5.95, 4.87, 2.76, 1.71, 1.59, 1.38, 1.17, 0.73, 1.02, 1.01, 0.86, 1.02, 0.73, 0, 0.85, 1.22, 1.83, 2.72, 3.33, 3.31, 3.84, 4.86, 5.49, 5.29, 5.36, 5.69, 6.14, 7.12, 9.37, 10.45, 11.2, 11.72, 13.09, 13.06, 12.83, 13.108, 14.62, 14.74], [4.0, 4.35, 5.41, 5.99, 6.2, 6.32, 7.29, 7.98, 7.86, 8.12, 7.78, 5.97, 4.76, 3.95, 3.48, 3.18, 2.33, 1.75, 2.31, 3.18, 4.3, 5.69, 7.14, 6.82, 5.47, 5.86, 6.59, 6.52, 6.31, 7.11, 7.871, 8.031, 8.445, 9.064, 10.481, 9.646, 7.512, 5.76, 5.92, 5.93, 6.21, 5.95, 5.47, 5.57, 6.01, 6.15, 6.29, 6.14, 5.86, 4.68, 2.53, 1.48, 1.56, 1.39, 1.32, 0.76, 0.97, 1.08, 1.01, 1.13, 1.02, 0.85, 0, 0.95, 1.4, 2.43, 3.12, 3.18, 3.73, 4.61, 5.18, 5.06, 5.05, 5.38, 5.79, 6.85, 9.24, 10.24, 10.91, 11.59, 13.0, 12.91, 12.68, 12.93, 14.49, 14.59], [3.964, 4.3, 5.36, 5.92, 6.09, 6.05, 7.02, 7.75, 7.65, 7.87, 7.53, 5.72, 4.57, 3.8, 3.31, 3.09, 2.3, 1.64, 2.28, 3.11, 4.15, 5.629, 7.099, 6.71, 5.46, 5.79, 6.468, 6.409, 6.203, 7.012, 7.773, 7.909, 8.329, 8.94, 10.361, 9.542, 7.4, 5.71, 5.87, 5.84, 6.02, 5.84, 5.34, 5.4, 5.92, 6.06, 6.22, 6.05, 5.77, 4.59, 2.44, 1.59, 1.55, 1.52, 1.33, 1.13, 1.18, 1.41, 1.36, 1.26, 1.21, 1.22, 0.95, 0, 1.15, 2.3, 3.05, 3.09, 3.7, 4.48, 4.95, 4.93, 4.82, 5.17, 5.56, 6.66, 9.187, 10.11, 10.72, 11.554, 12.936, 12.803, 12.573, 12.846, 14.403, 14.523], [3.06, 3.41, 4.57, 5.11, 5.4, 5.24, 6.13, 6.86, 6.74, 6.98, 6.62, 4.93, 3.84, 3.13, 2.68, 2.64, 2.11, 1.45, 1.91, 2.48, 3.4, 4.739, 6.22, 5.848, 4.83, 5.06, 5.618, 5.539, 5.338, 6.162, 6.899, 7.059, 7.479, 8.091, 9.511, 8.692, 6.55, 4.84, 5.0, 4.97, 5.17, 4.99, 4.57, 4.65, 5.09, 5.19, 5.35, 5.16, 4.88, 3.78, 1.83, 1.72, 1.62, 1.79, 2.0, 1.78, 1.93, 2.06, 1.89, 1.73, 1.72, 1.83, 1.4, 1.15, 0, 1.45, 2.18, 2.2, 2.85, 3.65, 4.14, 4.1, 4.01, 4.32, 4.67, 5.77, 8.277, 9.22, 9.83, 10.644, 12.026, 11.907, 11.7, 11.976, 13.493, 13.633], [2.11, 2.4, 3.58, 4.22, 4.53, 4.41, 5.1, 5.75, 5.73, 5.85, 5.59, 4.22, 3.09, 2.48, 2.15, 2.41, 2.04, 1.46, 1.44, 1.63, 2.33, 3.7, 5.09, 4.75, 4.08, 4.29, 4.68, 4.45, 4.24, 5.04, 5.81, 5.97, 6.39, 7.01, 8.43, 7.58, 5.53, 3.87, 3.95, 3.94, 4.04, 4.08, 3.78, 3.92, 4.34, 4.38, 4.28, 4.31, 3.99, 2.95, 1.86, 2.19, 2.17, 2.28, 2.55, 2.67, 2.72, 2.99, 2.68, 2.3, 2.59, 2.72, 2.43, 2.3, 1.45, 0, 0.99, 1.15, 1.64, 2.36, 3.05, 2.89, 2.94, 3.25, 3.74, 4.58, 6.89, 7.85, 8.62, 9.28, 10.87, 10.8, 10.57, 10.86, 12.34, 12.48], [1.92, 2.17, 3.33, 4.01, 4.3, 4.2, 4.81, 5.48, 5.54, 5.52, 5.32, 4.01, 2.92, 2.43, 2.38, 2.58, 2.29, 1.97, 1.59, 1.78, 2.3, 3.37, 4.54, 4.32, 3.75, 4.08, 4.37, 3.96, 3.61, 4.39, 5.16, 5.32, 5.9, 6.38, 7.78, 6.93, 4.94, 3.5, 3.74, 3.77, 3.83, 3.51, 3.19, 3.27, 3.69, 3.89, 3.71, 3.78, 3.38, 2.42, 2.01, 2.58, 2.72, 2.81, 3.2, 3.3, 3.43, 3.62, 3.27, 2.95, 3.22, 3.33, 3.12, 3.05, 2.18, 0.99, 0, 0.66, 1.39, 2.21, 2.86, 2.64, 2.81, 3.06, 3.37, 4.35, 6.3, 7.5, 8.27, 8.75, 10.22, 10.15, 9.92, 10.21, 11.69, 11.83], [2.02, 2.27, 3.43, 3.99, 4.42, 4.34, 5.03, 5.66, 5.72, 5.66, 5.36, 4.05, 2.94, 2.67, 2.44, 2.66, 2.33, 2.11, 1.67, 1.78, 2.52, 3.39, 4.52, 4.3, 3.83, 4.14, 4.43, 4.02, 3.57, 4.37, 5.14, 5.3, 5.88, 6.34, 7.76, 6.91, 4.98, 3.5, 3.84, 3.89, 3.89, 3.55, 3.05, 3.15, 3.63, 3.85, 3.67, 3.72, 3.3, 2.22, 1.91, 2.54, 2.66, 2.79, 3.16, 3.24, 3.43, 3.6, 3.25, 2.93, 3.2, 3.31, 3.18, 3.09, 2.2, 1.15, 0.66, 0, 1.33, 2.13, 2.86, 2.62, 2.83, 3.04, 3.43, 4.39, 6.34, 7.48, 8.37, 8.67, 10.12, 10.13, 9.9, 10.19, 11.67, 11.81], [1.63, 1.88, 2.72, 3.74, 3.97, 3.85, 4.48, 5.09, 5.19, 5.13, 4.71, 3.76, 2.93, 2.18, 2.07, 2.37, 2.66, 2.72, 2.08, 1.65, 1.95, 2.7, 3.93, 3.65, 3.28, 3.57, 3.66, 3.33, 2.98, 3.76, 4.53, 4.69, 5.13, 5.73, 7.15, 6.3, 4.39, 2.79, 3.17, 3.26, 3.16, 2.92, 2.48, 2.6, 2.96, 3.14, 2.98, 2.99, 2.67, 1.71, 1.86, 3.05, 3.19, 3.4, 3.83, 3.85, 3.9, 4.19, 3.76, 3.36, 3.71, 3.84, 3.73, 3.7, 2.85, 1.64, 1.39, 1.33, 0, 1.54, 2.23, 1.93, 2.06, 2.21, 2.72, 3.78, 5.69, 6.81, 7.62, 8.06, 9.49, 9.52, 9.29, 9.58, 11.06, 11.2], [2.61, 2.78, 2.52, 3.7, 3.57, 3.29, 3.9, 4.51, 4.41, 4.11, 3.81, 3.64, 3.09, 2.3, 2.41, 2.75, 3.22, 3.34, 2.82, 2.31, 2.09, 2.24, 3.45, 3.41, 3.08, 2.99, 3.04, 2.89, 2.52, 3.3, 4.07, 4.23, 4.65, 5.27, 6.69, 5.84, 3.87, 2.31, 2.37, 2.44, 2.3, 2.34, 2.0, 2.2, 2.58, 2.62, 2.34, 2.61, 2.29, 1.75, 2.96, 4.11, 4.29, 4.42, 4.73, 4.81, 4.82, 5.17, 4.84, 4.34, 4.73, 4.86, 4.61, 4.48, 3.65, 2.36, 2.21, 2.13, 1.54, 0, 1.15, 1.09, 1.36, 1.65, 1.94, 2.82, 5.05, 5.91, 6.58, 7.42, 9.03, 9.06, 8.83, 9.12, 10.6, 10.739], [3.12, 3.31, 2.89, 3.95, 3.74, 3.54, 3.99, 4.58, 4.58, 4.12, 3.72, 3.71, 3.42, 2.77, 2.9, 3.28, 3.77, 3.85, 3.35, 2.96, 2.7, 2.59, 3.56, 3.68, 3.27, 2.98, 2.61, 2.86, 2.45, 2.81, 3.44, 3.58, 3.98, 4.6, 6.02, 5.17, 3.38, 2.34, 2.16, 2.31, 1.93, 1.99, 2.07, 1.99, 2.09, 2.05, 1.77, 2.06, 2.4, 2.3, 3.61, 4.66, 4.92, 5.09, 5.38, 5.4, 5.35, 5.74, 5.43, 4.91, 5.34, 5.49, 5.18, 4.95, 4.14, 3.05, 2.86, 2.86, 2.23, 1.15, 0, 0.6, 0.73, 1.02, 1.15, 1.99, 4.34, 5.26, 5.81, 6.77, 8.36, 8.39, 8.16, 8.45, 9.93, 10.07], [2.96, 3.17, 2.83, 3.91, 3.9, 3.76, 4.19, 4.74, 4.8, 4.34, 3.94, 3.79, 3.48, 2.79, 2.98, 3.24, 3.79, 3.87, 3.33, 2.88, 2.6, 2.49, 3.42, 3.54, 3.21, 3.0, 2.59, 2.76, 2.29, 2.59, 3.32, 3.44, 3.86, 4.48, 5.9, 5.05, 3.26, 2.22, 2.1, 2.29, 1.85, 1.77, 1.73, 1.69, 1.93, 1.89, 1.69, 1.88, 2.2, 2.06, 3.37, 4.54, 4.72, 4.89, 5.18, 5.26, 5.25, 5.62, 5.29, 4.79, 5.18, 5.29, 5.06, 4.93, 4.1, 2.89, 2.64, 2.62, 1.93, 1.09, 0.6, 0, 0.63, 0.86, 1.07, 2.11, 4.28, 5.22, 5.97, 6.69, 8.26, 8.27, 8.04, 8.33, 9.81, 9.95], [3.03, 3.28, 3.06, 4.18, 4.09, 3.81, 4.28, 4.87, 4.91, 4.41, 3.99, 3.94, 3.59, 2.64, 2.79, 3.09, 3.64, 3.74, 3.42, 2.99, 2.65, 2.74, 3.71, 3.85, 3.5, 3.25, 2.88, 3.07, 2.48, 2.74, 3.53, 3.59, 3.99, 4.61, 6.03, 5.18, 3.59, 2.49, 2.37, 2.52, 2.16, 2.02, 2.0, 1.98, 2.08, 1.98, 1.96, 2.01, 2.39, 2.29, 3.42, 4.53, 4.77, 4.96, 5.25, 5.27, 5.22, 5.63, 5.3, 4.78, 5.21, 5.36, 5.05, 4.82, 4.01, 2.94, 2.81, 2.83, 2.06, 1.36, 0.73, 0.63, 0, 0.61, 1.06, 2.16, 4.47, 5.37, 6.0, 6.86, 8.43, 8.4, 8.17, 8.46, 9.94, 10.08], [3.18, 3.45, 3.19, 4.35, 4.28, 4.04, 4.47, 5.0, 5.08, 4.6, 4.2, 4.13, 3.74, 2.89, 3.2, 3.54, 4.07, 4.15, 3.83, 3.3, 2.82, 2.83, 3.76, 3.9, 3.63, 3.34, 2.91, 3.12, 2.47, 2.67, 3.42, 3.36, 3.62, 4.2, 5.62, 4.81, 3.6, 2.52, 2.44, 2.59, 2.15, 1.97, 1.99, 1.97, 2.01, 1.79, 1.79, 1.76, 2.34, 2.38, 3.69, 4.86, 5.08, 5.27, 5.56, 5.6, 5.55, 5.96, 5.63, 5.11, 5.52, 5.69, 5.38, 5.17, 4.32, 3.25, 3.06, 3.04, 2.21, 1.65, 1.02, 0.86, 0.61, 0, 0.77, 2.11, 4.1, 5.06, 5.69, 6.45, 8.02, 7.99, 7.76, 8.05, 9.53, 9.67], [3.59, 3.8, 3.28, 4.26, 4.17, 3.89, 4.28, 4.85, 4.89, 4.43, 4.03, 4.0, 3.75, 3.34, 3.61, 3.91, 4.44, 4.52, 4.18, 3.73, 3.17, 2.8, 3.57, 3.75, 3.5, 3.21, 2.76, 2.95, 2.24, 2.44, 3.13, 3.03, 3.31, 3.83, 5.25, 4.44, 3.33, 2.37, 2.23, 2.38, 1.98, 1.78, 1.98, 1.96, 1.72, 1.48, 1.56, 1.67, 2.17, 2.49, 4.08, 5.25, 5.49, 5.68, 5.97, 6.03, 5.98, 6.33, 6.02, 5.54, 5.97, 6.14, 5.79, 5.56, 4.67, 3.74, 3.37, 3.43, 2.72, 1.94, 1.15, 1.07, 1.06, 0.77, 0, 1.92, 3.79, 4.69, 5.34, 6.1, 7.69, 7.62, 7.39, 7.68, 9.16, 9.3], [3.83, 3.96, 3.3, 3.8, 3.61, 3.63, 3.58, 3.85, 3.93, 3.33, 3.03, 3.48, 3.79, 3.74, 4.25, 4.85, 5.4, 5.44, 4.86, 4.17, 3.51, 2.94, 2.95, 3.17, 2.96, 2.21, 1.56, 2.01, 2.3, 2.12, 2.23, 2.19, 2.21, 2.77, 4.17, 3.32, 1.95, 1.93, 1.57, 1.78, 1.5, 2.08, 3.08, 3.0, 2.58, 2.2, 2.14, 2.49, 2.95, 3.71, 5.22, 6.33, 6.55, 6.74, 7.03, 7.07, 7.02, 7.43, 7.1, 6.56, 6.99, 7.12, 6.85, 6.66, 5.77, 4.58, 4.35, 4.39, 3.78, 2.82, 1.99, 2.11, 2.16, 2.11, 1.92, 0, 2.59, 3.49, 4.12, 4.98, 6.55, 6.54, 6.31, 6.6, 8.08, 8.22], [5.26, 5.09, 4.23, 3.91, 4.02, 4.14, 3.75, 3.76, 3.9, 3.24, 3.04, 4.07, 4.92, 5.75, 6.74, 7.4, 7.95, 7.95, 7.09, 6.24, 5.1, 3.97, 3.14, 3.3, 4.23, 3.54, 3.23, 3.38, 3.59, 2.99, 2.54, 2.16, 1.72, 1.74, 2.22, 1.77, 2.84, 3.54, 3.34, 3.35, 3.27, 3.77, 4.78, 4.88, 4.223, 3.71, 3.57, 4.0, 4.64, 5.58, 7.39, 8.62, 8.78, 8.91, 9.32, 9.38, 9.47, 9.74, 9.33, 8.89, 9.26, 9.37, 9.24, 9.187, 8.277, 6.89, 6.3, 6.34, 5.69, 5.05, 4.34, 4.28, 4.47, 4.1, 3.79, 2.59, 0, 1.4, 2.11, 2.61, 4.04, 4.05, 3.82, 4.11, 5.59, 5.81], [6.34, 6.15, 5.11, 4.41, 4.42, 4.56, 3.93, 3.64, 3.7, 3.16, 2.98, 4.67, 5.84, 6.65, 7.64, 8.3, 8.85, 8.85, 8.11, 7.2, 6.04, 4.91, 3.76, 4.3, 5.41, 4.64, 4.31, 4.6, 4.79, 4.17, 3.72, 3.3, 2.8, 2.76, 2.42, 2.39, 4.08, 4.76, 4.36, 4.33, 4.19, 4.99, 5.977, 6.077, 5.385, 4.83, 4.75, 5.2, 5.8, 6.74, 8.53, 9.72, 9.9, 10.07, 10.34, 10.44, 10.45, 10.8, 10.47, 9.97, 10.36, 10.45, 10.24, 10.11, 9.22, 7.85, 7.5, 7.48, 6.81, 