[[0, 0.59, 1.5, 2.88, 3.36, 4.5, 7.12, 10.29, 12.841, 15.128, 17.1, 17.95, 17.22, 16.29, 18.237, 18.458, 18.036, 19.126, 20.503, 20.556, 20.6, 18.46, 15.449, 14.002, 13.909, 14.31, 14.806, 15.637, 14.082, 12.355, 11.59, 10.52, 10.52, 10.564, 11.162, 11.767, 11.859, 10.492, 8.229, 6.89, 7.17, 7.636, 8.25, 8.82, 8.792, 8.33, 7.43, 5.99, 4.29, 3.32, 3.71, 4.45, 4.38, 4.33, 4.4, 5.1, 6.726, 7.023, 6.291, 5.581, 4.45, 3.76, 2.98, 2.96, 3.381, 4.145, 4.782, 5.009, 4.859, 3.81, 3.17, 3.76, 5.925, 7.287, 7.533, 7.262, 6.982, 7.106, 6.209, 5.282, 4.875, 4.453, 4.656, 4.865, 5.347, 5.876], [0.59, 0, 1.11, 2.51, 2.99, 4.15, 6.77, 9.88, 12.434, 14.721, 16.699, 17.546, 16.816, 15.886, 17.83, 18.051, 17.629, 18.719, 20.096, 20.149, 20.193, 18.053, 15.042, 13.595, 13.502, 13.903, 14.399, 15.23, 13.692, 11.948, 11.192, 10.13, 10.13, 10.177, 10.755, 11.36, 11.452, 10.096, 7.9, 6.54, 6.8, 7.27, 7.9, 8.43, 8.42, 7.94, 7.08, 5.62, 4.0, 3.25, 3.78, 4.4, 4.41, 4.36, 4.43, 4.93, 6.339, 6.636, 5.883, 5.173, 4.08, 3.45, 2.77, 2.65, 3.013, 3.758, 4.375, 4.602, 4.452, 3.42, 2.94, 3.45, 5.538, 6.88, 7.126, 6.855, 6.575, 6.699, 5.802, 4.875, 4.468, 4.046, 4.246, 4.458, 4.94, 5.483], [1.5, 1.11, 0, 1.48, 1.96, 3.12, 5.74, 8.89, 11.43, 13.72, 15.68, 16.53, 15.8, 14.87, 16.817, 17.044, 16.622, 17.712, 19.1, 19.153, 19.197, 17.052, 14.043, 12.591, 12.501, 12.899, 13.395, 14.218, 12.679, 10.935, 10.17, 9.1, 9.1, 9.15, 9.753, 10.364, 10.451, 9.083, 6.87, 5.59, 5.87, 6.26, 6.89, 7.42, 7.41, 6.97, 6.11, 4.79, 3.29, 3.24, 4.09, 4.27, 4.3, 4.25, 4.26, 4.54, 5.33, 5.623, 4.871, 4.161, 3.13, 2.54, 2.06, 1.8, 2.09, 2.78, 3.382, 3.626, 3.48, 2.75, 2.67, 3.0, 4.586, 5.867, 6.119, 5.842, 5.562, 5.686, 4.789, 3.98, 3.61, 3.2, 3.42, 3.48, 3.942, 4.471], [2.88, 2.51, 1.48, 0, 0.78, 1.78, 4.36, 7.49, 10.01, 12.3, 14.26, 15.09, 14.36, 13.43, 15.38, 15.61, 15.199, 16.289, 17.683, 17.731, 17.775, 15.629, 12.621, 11.18, 11.078, 11.476, 11.97, 12.795, 11.256, 9.51, 8.73, 7.66, 7.66, 7.71, 8.331, 8.942, 9.028, 7.67, 5.47, 4.55, 4.73, 5.06, 5.55, 6.04, 6.07, 5.67, 5.07, 4.01, 3.09, 3.76, 5.01, 4.75, 4.32, 4.19, 4.14, 4.14, 4.29, 4.25, 3.48, 2.85, 2.39, 2.42, 2.58, 2.06, 1.89, 1.96, 2.46, 2.69, 2.76, 2.67, 3.19, 3.38, 3.59, 4.444, 4.696, 4.419, 4.22, 4.29, 3.71, 3.36, 3.27, 3.12, 3.14, 2.64, 2.66, 3.22], [3.36, 2.99, 1.96, 0.78, 0, 1.34, 3.86, 6.99, 9.51, 11.8, 13.76, 14.59, 13.86, 12.93, 14.88, 15.11, 14.699, 15.789, 17.183, 17.231, 17.275, 15.129, 12.121, 10.668, 10.578, 10.976, 11.47, 12.295, 10.76, 9.01, 8.23, 7.18, 7.18, 7.23, 7.831, 8.442, 8.528, 7.17, 5.01, 4.15, 4.39, 4.7, 5.13, 5.58, 5.61, 5.23, 4.63, 3.55, 3.19, 3.94, 5.15, 4.81, 4.36, 4.19, 4.16, 4.04, 3.73, 3.75, 3.08, 2.67, 2.47, 2.52, 2.9, 2.38, 2.09, 2.22, 2.44, 2.63, 2.92, 3.03, 3.59, 3.76, 3.49, 3.944, 4.196, 3.92, 3.78, 3.87, 3.55, 3.48, 3.51, 3.48, 3.42, 2.88, 2.5, 3.26], [4.5, 4.15, 3.12, 1.78, 1.34, 0, 2.7, 5.87, 8.39, 10.68, 12.64, 13.47, 12.74, 11.81, 13.76, 13.99, 13.579, 14.669, 16.063, 16.111, 16.155, 14.009, 11.001, 9.548, 9.458, 9.856, 10.35, 11.175, 9.636, 7.89, 7.11, 6.04, 6.04, 6.09, 6.711, 7.322, 7.408, 6.041, 3.95, 3.41, 3.51, 3.74, 4.07, 4.56, 4.57, 4.15, 3.67, 3.05, 3.61, 4.52, 5.67, 5.19, 4.6, 4.37, 4.18, 3.92, 3.37, 3.05, 2.78, 2.61, 2.75, 3.24, 3.68, 3.12, 2.89, 2.84, 3.06, 3.19, 3.48, 3.71, 4.31, 4.42, 4.03, 3.38, 3.56, 3.76, 3.96, 3.95, 3.85, 4.0, 4.07, 4.08, 4.04, 3.42, 2.98, 3.52], [7.12, 6.77, 5.74, 4.36, 3.86, 2.7, 0, 3.21, 5.73, 8.02, 9.98, 10.83, 10.1, 9.17, 11.117, 11.344, 10.922, 12.012, 13.4, 13.453, 13.497, 11.352, 8.343, 6.891, 6.801, 7.199, 7.695, 8.518, 6.979, 5.235, 4.47, 3.52, 3.54, 3.49, 4.12, 4.725, 4.751, 3.69, 2.59, 3.05, 2.97, 2.6, 2.55, 2.78, 2.73, 2.77, 3.17, 3.41, 4.63, 5.94, 6.77, 6.21, 5.66, 5.47, 5.02, 4.32, 3.37, 2.81, 3.08, 3.29, 4.01, 4.94, 5.36, 4.96, 4.77, 4.48, 4.4, 4.51, 4.68, 5.01, 5.71, 5.74, 5.07, 4.24, 4.24, 4.4, 4.64, 4.75, 4.69, 5.0, 5.03, 5.12, 5.02, 4.46, 3.84, 4.2], [10.29, 9.88, 8.89, 7.49, 6.99, 5.87, 3.21, 0, 2.74, 5.09, 6.91, 7.74, 7.05, 6.18, 7.97, 8.177, 7.755, 8.845, 10.236, 10.286, 10.331, 8.185, 5.176, 3.77, 3.68, 4.09, 4.528, 5.371, 3.85, 2.1, 1.82, 2.03, 2.01, 2.16, 2.39, 2.27, 2.43, 2.7, 3.86, 4.78, 4.56, 4.23, 3.7, 3.37, 3.42, 4.04, 4.504, 5.335, 6.88, 8.23, 8.98, 8.18, 7.65, 7.58, 7.35, 6.23, 4.8, 4.16, 4.69, 5.32, 6.38, 7.31, 7.89, 7.61, 7.24, 6.81, 6.15, 5.78, 5.87, 6.76, 7.72, 7.23, 5.5, 4.15, 3.79, 4.01, 4.23, 4.46, 4.9, 5.55, 6.04, 6.41, 6.31, 5.99, 5.47, 5.15], [12.841, 12.434, 11.43, 10.01, 9.51, 8.39, 5.73, 2.74, 0, 2.47, 4.57, 5.26, 4.65, 3.92, 5.49, 5.7, 5.29, 6.38, 7.78, 7.81, 7.88, 5.64, 2.76, 1.95, 2.22, 2.45, 2.74, 3.16, 2.39, 2.5, 3.0, 4.03, 4.17, 4.32, 4.45, 4.23, 4.07, 4.94, 6.1, 7.06, 6.86, 6.49, 5.96, 5.61, 5.68, 6.307, 6.767, 7.744, 9.38, 10.768, 11.44, 10.507, 10.13, 10.08, 9.89, 8.71, 7.1, 6.54, 7.09, 7.82, 8.88, 9.81, 10.47, 10.13, 9.76, 9.31, 8.63, 8.28, 8.39, 9.34, 10.28, 9.81, 7.9, 6.27, 5.67, 5.85, 5.99, 5.94, 6.82, 7.79, 8.26, 8.59, 8.67, 8.35, 7.85, 7.51], [15.128, 14.721, 13.72, 12.3, 11.8, 10.68, 8.02, 5.09, 2.47, 0, 2.32, 3.11, 2.6, 2.01, 3.42, 3.65, 3.24, 4.31, 5.73, 5.78, 5.81, 3.69, 2.69, 3.36, 3.55, 3.44, 3.59, 3.73, 3.8, 4.51, 5.25, 6.32, 6.48, 6.65, 6.74, 6.5, 6.34, 7.21, 8.51, 9.47, 9.27, 8.88, 8.33, 7.94, 8.03, 8.657, 9.154, 10.154, 11.79, 13.16, 13.85, 12.937, 12.54, 12.47, 12.28, 11.1, 9.49, 8.93, 9.46, 10.19, 11.25, 12.18, 12.82, 12.48, 12.15, 11.72, 11.04, 10.65, 10.76, 11.71, 12.67, 12.18, 10.27, 8.62, 8.02, 8.16, 8.26, 8.27, 9.07, 10.08, 10.55, 10.9, 11.0, 10.64, 10.12, 9.9], [17.1, 16.699, 15.68, 14.26, 13.76, 12.64, 9.98, 6.91, 4.57, 2.32, 0, 1.11, 0.84, 1.33, 1.46, 1.67, 1.56, 2.35, 3.77, 3.84, 3.89, 3.11, 3.63, 4.56, 4.89, 4.76, 4.65, 4.57, 4.8, 5.77, 6.49, 7.92, 8.14, 8.37, 8.4, 8.1, 7.94, 8.93, 10.43, 11.37, 11.17, 10.84, 10.29, 9.9, 9.89, 10.551, 11.088, 12.02, 13.61, 14.96, 15.69, 14.84, 14.36, 14.31, 14.16, 12.9, 11.35, 10.79, 11.42, 12.11, 13.09, 13.98, 14.76, 14.46, 14.01, 13.54, 12.86, 12.51, 12.66, 13.61, 14.51, 14.06, 12.09, 10.46, 9.94, 10.1, 10.3, 10.21, 11.11, 11.98, 12.49, 12.9, 12.9, 12.6, 12.12, 11.76], [17.95, 17.546, 16.53, 15.09, 14.59, 13.47, 10.83, 7.74, 5.26, 3.11, 1.11, 0, 0.87, 1.92, 1.03, 1.42, 1.77, 1.76, 3.02, 2.97, 3.02, 2.8, 3.92, 5.11, 5.32, 5.15, 4.98, 4.76, 5.01, 6.14, 7.04, 8.49, 8.65, 8.9, 8.89, 8.57, 8.43, 9.44, 11.14, 12.12, 11.9, 11.57, 11.013, 10.628, 10.558, 11.258, 11.818, 12.787, 14.42, 15.808, 16.48, 15.587, 15.19, 15.16, 15.01, 13.73, 12.1, 11.6, 12.19, 12.94, 13.96, 14.83, 15.61, 15.29, 14.88, 14.39, 13.71, 13.36, 13.51, 14.46, 15.36, 14.93, 12.92, 11.27, 10.73, 10.87, 11.11, 11.0, 11.88, 12.81, 13.32, 13.71, 13.69, 13.39, 12.89, 12.53], [17.22, 16.816, 15.8, 14.36, 13.86, 12.74, 10.1, 7.05, 4.65, 2.6, 0.84, 0.87, 0, 1.31, 1.22, 1.59, 1.36, 2.11, 3.53, 3.56, 3.55, 2.73, 3.45, 4.52, 4.83, 4.7, 4.57, 4.39, 4.6, 5.77, 6.43, 7.84, 8.06, 8.29, 8.34, 8.04, 7.84, 8.83, 10.51, 11.47, 11.27, 10.94, 10.383, 9.975, 9.925, 10.608, 11.185, 12.1, 13.728, 15.118, 15.77, 14.923, 14.48, 14.45, 14.3, 13.02, 11.45, 10.91, 11.5, 12.25, 13.25, 14.14, 14.92, 14.6, 14.17, 13.68, 13.0, 12.67, 12.82, 13.77, 14.67, 14.22, 12.21, 10.54, 10.02, 10.18, 10.4, 10.27, 11.17, 12.12, 12.63, 13.0, 13.0, 12.68, 12.2, 11.82], [16.29, 15.886, 14.87, 13.43, 12.93, 11.81, 9.17, 6.18, 3.92, 2.01, 1.33, 1.92, 1.31, 0, 2.01, 2.28, 2.05, 2.98, 4.38, 4.43, 4.44, 3.86, 3.78, 4.41, 4.62, 4.51, 4.64, 4.78, 4.89, 5.58, 6.18, 7.29, 7.51, 7.74, 7.77, 7.47, 7.31, 8.28, 9.72, 10.72, 10.5, 10.15, 9.595, 9.231, 9.247, 9.921, 10.441, 11.275, 12.88, 14.268, 14.92, 14.115, 13.63, 13.6, 13.45, 12.17, 10.68, 10.08, 10.65, 11.38, 12.4, 13.29, 14.05, 13.73, 13.32, 12.83, 12.15, 11.8, 11.95, 12.9, 13.8, 13.37, 11.36, 9.67, 9.13, 9.31, 9.51, 9.38, 10.28, 11.25, 11.76, 12.11, 12.13, 11.81, 11.33, 10.93], [18.237, 17.83, 16.817, 15.38, 14.88, 13.76, 11.117, 7.97, 5.49, 3.42, 1.46, 1.03, 1.22, 2.01, 0, 0.91, 1.32, 1.35, 2.77, 2.86, 2.97, 3.03, 3.91, 5.06, 5.25, 5.12, 4.83, 4.61, 5.0, 6.11, 7.03, 8.48, 8.6, 8.83, 8.82, 8.46, 8.32, 9.35, 11.15, 12.15, 11.91, 11.6, 11.02, 10.595, 10.565, 11.225, 11.823, 12.834, 14.49, 15.915, 16.53, 15.697, 15.3, 15.31, 15.16, 13.88, 12.15, 11.77, 12.38, 13.13, 14.13, 14.98, 15.8, 15.5, 15.05, 14.5, 13.82, 13.55, 13.72, 14.65, 15.55, 15.08, 13.05, 11.38, 10.9, 11.08, 11.34, 11.25, 12.13, 13.06, 13.51, 13.92, 13.88, 13.58, 13.1, 12.7], [18.458, 18.051, 17.044, 15.61, 15.11, 13.99, 11.344, 8.177, 5.7, 3.65, 1.67, 1.42, 1.59, 2.28, 0.91, 0, 0.97, 1.16, 2.58, 2.53, 2.66, 2.86, 3.6, 4.91, 5.02, 4.83, 4.6, 4.4, 4.73, 6.4, 7.0, 8.33, 8.27, 8.4, 8.39, 8.07, 7.89, 8.9, 11.0, 12.1, 11.82, 11.405, 10.841, 10.297, 10.307, 10.95, 11.607, 12.875, 14.604, 15.894, 16.453, 15.515, 15.422, 15.3, 15.11, 13.81, 12.14, 11.74, 12.35, 13.1, 14.14, 15.01, 15.87, 15.684, 15.22, 14.55, 13.95, 13.66, 13.81, 14.74, 15.64, 15.03, 13.0, 11.49, 11.03, 11.31, 11.55, 11.48, 12.38, 13.27, 13.64, 14.13, 13.97, 13.75, 13.25, 12.77], [18.036, 17.629, 16.622, 15.199, 14.699, 13.579, 10.922, 7.755, 5.29, 3.24, 1.56, 1.77, 1.36, 2.05, 1.32, 0.97, 0, 1.23, 2.67, 2.74, 2.95, 2.59, 3.21, 4.38, 4.59, 4.6, 4.39, 4.15, 4.5, 5.97, 6.55, 7.8, 7.86, 7.99, 7.82, 7.5, 7.34, 8.33, 10.23, 11.39, 11.09, 10.7, 10.174, 9.593, 9.64, 10.26, 10.937, 12.248, 14.005, 15.267, 15.808, 14.994, 14.857, 14.787, 14.54, 13.26, 11.53, 11.21, 11.84, 12.57, 13.644, 14.514, 15.374, 15.194, 14.724, 14.0, 13.42, 13.164, 13.314, 14.244, 15.167, 14.506, 12.47, 11.0, 10.56, 10.82, 11.06, 10.99, 11.89, 12.78, 13.17, 13.64, 13.48, 13.28, 12.76, 12.3], [19.126, 18.719, 17.712, 16.289, 15.789, 14.669, 12.012, 8.845, 6.38, 4.31, 2.35, 1.76, 2.11, 2.98, 1.35, 1.16, 1.23, 0, 1.54, 1.73, 1.96, 2.16, 3.86, 5.27, 5.36, 4.91, 4.6, 4.2, 5.15, 6.78, 7.56, 8.63, 8.63, 8.62, 8.25, 7.85, 7.69, 8.98, 11.34, 12.492, 12.192, 11.744, 11.194, 10.539, 10.524, 11.104, 11.96, 13.294, 15.071, 16.376, 16.775, 16.063, 15.933, 15.883, 15.67, 14.39, 12.66, 12.34, 12.95, 13.66, 14.74, 15.604, 16.464, 16.284, 15.814, 15.09, 14.51, 14.26, 14.41, 15.34, 16.263, 15.613, 13.58, 12.09, 11.65, 11.91, 12.17, 12.1, 13.0, 13.87, 14.28, 14.75, 14.59, 14.39, 13.85, 13.37], [20.503, 20.096, 19.1, 17.683, 17.183, 16.063, 13.4, 10.236, 7.78, 5.73, 3.77, 3.02, 3.53, 4.38, 2.77, 2.58, 2.67, 1.54, 0, 0.75, 0.92, 2.32, 5.12, 6.59, 6.66, 6.21, 5.74, 5.02, 6.45, 8.18, 8.96, 10.03, 10.03, 9.98, 9.39, 8.91, 8.79, 10.18, 12.56, 13.729, 13.446, 12.964, 12.472, 11.83, 11.794, 12.337, 13.249, 14.645, 16.445, 17.704, 18.158, 17.414, 17.312, 17.259, 16.97, 15.65, 13.88, 13.58, 14.27, 14.98, 16.116, 16.966, 17.823, 17.646, 17.156, 16.45, 15.83, 15.616, 15.766, 16.713, 17.636, 16.87, 14.8, 13.45, 13.03, 13.31, 13.57, 13.46, 14.38, 15.27, 15.68, 16.11, 15.95, 15.73, 15.19, 14.67], [20.556, 20.149, 19.153, 17.731, 17.231, 16.111, 13.453, 10.286, 7.81, 5.78, 3.84, 2.97, 3.56, 4.43, 2.86, 2.53, 2.74, 1.73, 0.75, 0, 0.93, 2.41, 5.19, 6.64, 6.71, 6.26, 5.81, 5.05, 6.48, 8.23, 9.01, 10.08, 10.08, 10.03, 9.44, 9.0, 8.88, 10.27, 12.67, 13.839, 13.556, 13.074, 12.582, 11.94, 11.904, 12.387, 13.319, 14.707, 16.504, 17.76, 18.228, 17.49, 17.362, 17.313, 17.04, 15.72, 13.99, 13.65, 14.32, 15.01, 16.17, 17.022, 17.882, 17.702, 17.192, 16.48, 15.86, 15.65, 15.8, 16.783, 17.706, 16.926, 14.89, 13.46, 13.06, 13.36, 13.6, 13.49, 14.41, 15.32, 15.71, 16.12, 15.98, 15.76, 15.24, 14.7], [20.6, 20.193, 19.197, 17.775, 17.275, 16.155, 13.497, 10.331, 7.88, 5.81, 3.89, 3.02, 3.55, 4.44, 2.97, 2.66, 2.95, 1.96, 0.92, 0.93, 0, 2.26, 5.18, 6.63, 6.7, 6.31, 5.84, 5.02, 6.53, 8.28, 9.06, 10.13, 10.13, 10.08, 9.51, 8.99, 8.85, 10.3, 12.68, 13.834, 13.574, 13.107, 12.58, 11.973, 11.923, 12.363, 13.318, 14.766, 16.534, 17.773, 18.211, 17.518, 17.418, 17.345, 17.05, 15.73, 14.0, 13.66, 14.33, 15.04, 16.202, 17.072, 17.926, 17.752, 17.222, 16.489, 15.87, 15.642, 15.792, 16.807, 17.73, 16.933, 14.88, 13.47, 13.13, 13.37, 13.65, 13.52, 14.42, 15.35, 15.76, 16.17, 15.99, 15.77, 15.27, 14.75], [18.46, 18.053, 17.052, 15.629, 15.129, 14.009, 11.352, 8.185, 5.64, 3.69, 3.11, 2.8, 2.73, 3.86, 3.03, 2.86, 2.59, 2.16, 2.32, 2.41, 2.26, 0, 3.1, 4.55, 4.64, 4.19, 3.7, 3.02, 4.45, 6.12, 6.92, 8.03, 8.03, 8.02, 7.57, 7.21, 6.99, 8.44, 10.74, 11.877, 11.597, 11.15, 10.563, 9.959, 9.906, 10.426, 11.346, 12.681, 14.414, 15.728, 16.184, 15.404, 15.301, 15.232, 14.97, 13.67, 11.92, 11.6, 12.25, 13.0, 14.08, 14.95, 15.81, 15.618, 15.148, 14.43, 13.81, 13.588, 13.738, 14.668, 15.605, 14.904, 12.86, 11.47, 11.01, 11.25, 11.49, 11.42, 12.32, 13.21, 13.6, 14.07, 13.91, 13.67, 13.15, 12.71], [15.449, 15.042, 14.043, 12.621, 12.121, 11.001, 8.343, 5.176, 2.76, 2.69, 3.63, 3.92, 3.45, 3.78, 3.91, 3.6, 3.21, 3.86, 5.12, 5.19, 5.18, 3.1, 0, 1.63, 1.74, 1.59, 1.42, 1.38, 1.65, 3.34, 3.98, 5.33, 5.21, 5.38, 5.09, 4.85, 4.71, 5.7, 7.8, 8.9, 8.64, 8.185, 7.658, 7.163, 7.107, 7.71, 8.407, 9.758, 11.464, 12.714, 13.41, 12.478, 12.339, 12.22, 11.93, 10.63, 8.9, 8.52, 9.21, 9.96, 11.08, 11.95, 12.79, 12.595, 12.085, 11.41, 10.75, 10.54, 10.69, 11.68, 12.614, 11.85, 9.82, 8.47, 8.03, 8.27, 8.53, 8.42, 9.34, 10.23, 10.64, 11.05, 10.91, 10.69, 10.15, 9.63], [14.002, 13.595, 12.591, 11.18, 10.668, 9.548, 6.891, 3.77, 1.95, 3.36, 4.56, 5.11, 4.52, 4.41, 5.06, 4.91, 4.38, 5.27, 6.59, 6.64, 6.63, 4.55, 1.63, 0, 0.63, 1.02, 1.25, 1.89, 1.2, 2.11, 2.75, 3.94, 4.02, 4.09, 3.92, 3.58, 3.44, 4.39, 6.47, 7.53, 7.29, 6.86, 6.32, 5.833, 5.803, 6.343, 7.023, 8.316, 10.037, 11.307, 11.88, 11.1, 10.923, 10.83, 10.58, 9.28, 7.55, 7.15, 7.78, 8.55, 9.67, 10.56, 11.38, 11.16, 10.65, 10.0, 9.34, 9.09, 9.24, 10.27, 11.17, 10.48, 8.45, 7.12, 6.68, 6.9, 7.14, 7.15, 8.01, 8.86, 9.29, 9.66, 9.56, 9.34, 8.78, 8.2], [13.909, 13.502, 12.501, 11.078, 10.578, 9.458, 6.801, 3.68, 2.22, 3.55, 4.89, 5.32, 4.83, 4.62, 5.25, 5.02, 4.59, 5.36, 6.66, 6.71, 6.7, 4.64, 1.74, 0.63, 0, 0.71, 1.14, 1.92, 1.01, 1.98, 2.6, 3.83, 3.83, 3.9, 3.63, 3.31, 3.15, 4.18, 6.34, 7.44, 7.16, 6.708, 6.201, 5.66, 5.67, 6.21, 6.907, 8.229, 9.952, 11.222, 11.836, 10.986, 10.836, 10.74, 10.49, 9.19, 7.46, 7.06, 7.69, 8.44, 9.58, 10.47, 11.29, 11.07, 10.56, 9.91, 9.21, 8.98, 9.13, 10.18, 11.08, 10.37, 8.36, 7.03, 6.61, 6.87, 7.09, 7.18, 7.94, 8.79, 9.22, 9.59, 9.49, 9.25, 8.67, 8.07], [14.31, 13.903, 12.899, 11.476, 10.976, 9.856, 7.199, 4.09, 2.45, 3.44, 4.76, 5.15, 4.7, 4.51, 5.12, 4.83, 4.6, 4.91, 6.21, 6.26, 6.31, 4.19, 1.59, 1.02, 0.71, 0, 0.71, 1.43, 1.06, 2.33, 3.03, 4.22, 4.14, 4.25, 3.98, 3.68, 3.5, 4.65, 6.87, 7.97, 7.69, 7.252, 6.688, 6.124, 6.097, 6.717, 7.448, 8.725, 10.431, 11.758, 12.357, 11.448, 11.289, 11.17, 10.98, 9.7, 7.99, 7.57, 8.18, 8.93, 9.99, 10.9, 11.7, 11.46, 11.03, 10.42, 9.74, 9.45, 9.58, 10.59, 11.49, 10.9, 8.89, 7.48, 6.96, 7.2, 7.5, 7.55, 8.27, 9.14, 9.59, 10.0, 9.9, 9.66, 9.06, 8.54], [14.806, 14.399, 13.395, 11.97, 11.47, 10.35, 7.695, 4.528, 2.74, 3.59, 4.65, 4.98, 4.57, 4.64, 4.83, 4.6, 4.39, 4.6, 5.74, 5.81, 5.84, 3.7, 1.42, 1.25, 1.14, 0.71, 0, 0.98, 1.23, 2.6, 3.42, 4.63, 4.57, 4.68, 4.43, 4.13, 3.95, 5.08, 7.32, 8.42, 8.14, 7.685, 7.138, 6.534, 6.524, 7.147, 7.901, 9.192, 10.898, 12.208, 12.77, 11.864, 11.739, 11.64, 11.43, 10.15, 8.44, 8.04, 8.65, 9.42, 10.48, 11.37, 12.19, 11.981, 11.52, 10.89, 10.21, 9.96, 10.11, 11.06, 11.957, 11.35, 9.32, 7.91, 7.43, 7.67, 7.95, 7.96, 8.78, 9.63, 10.04, 10.51, 10.37, 10.11, 9.55, 9.05], [15.637, 15.23, 14.218, 12.795, 12.295, 11.175, 8.518, 5.371, 3.16, 3.73, 4.57, 4.76, 4.39, 4.78, 4.61, 4.4, 4.15, 4.2, 5.02, 5.05, 5.02, 3.02, 1.38, 1.89, 1.92, 1.43, 0.98, 0, 1.71, 3.32, 4.14, 5.35, 5.33, 5.46, 5.13, 4.71, 4.53, 5.84, 8.14, 9.24, 8.96, 8.482, 7.958, 7.371, 7.304, 7.824, 8.675, 9.912, 11.678, 12.988, 13.587, 12.735, 12.519, 12.44, 12.29, 10.97, 9.24, 8.88, 9.47, 10.22, 11.3, 12.13, 12.97, 12.79, 12.26, 11.59, 10.97, 10.72, 10.87, 11.88, 12.814, 12.15, 10.08, 8.55, 8.19, 8.45, 8.71, 8.68, 9.54, 10.41, 10.84, 11.21, 11.11, 10.95, 10.43, 9.85], [14.082, 13.692, 12.679, 11.256, 10.76, 9.636, 6.979, 3.85, 2.39, 3.8, 4.8, 5.01, 4.6, 4.89, 5.0, 4.73, 4.5, 5.15, 6.45, 6.48, 6.53, 4.45, 1.65, 1.2, 1.01, 1.06, 1.23, 1.71, 0, 1.97, 2.69, 4.0, 4.02, 4.15, 3.98, 3.66, 3.54, 4.53, 6.59, 7.69, 7.41, 7.012, 6.431, 5.927, 5.897, 6.54, 7.254, 8.485, 10.174, 11.541, 12.16, 11.214, 11.029, 10.91, 10.7, 9.4, 7.71, 7.27, 7.94, 8.67, 9.71, 10.64, 11.42, 11.24, 10.77, 10.16, 9.48, 9.21, 9.36, 10.31, 11.25, 10.6, 8.59, 7.14, 6.66, 6.94, 7.24, 7.25, 8.05, 8.88, 9.27, 9.72, 9.56, 9.32, 8.8, 8.3], [12.355, 11.948, 10.935, 9.51, 9.01, 7.89, 5.235, 2.1, 2.5, 4.51, 5.77, 6.14, 5.77, 5.58, 6.11, 6.4, 5.97, 6.78, 8.18, 8.23, 8.28, 6.12, 3.34, 2.11, 1.98, 2.33, 2.6, 3.32, 1.97, 0, 1.36, 2.63, 2.75, 2.96, 2.93, 2.61, 2.59, 3.44, 5.14, 6.12, 5.9, 5.57, 5.01, 4.605, 4.535, 5.218, 5.813, 6.807, 8.48, 9.868, 10.5, 9.67, 9.27, 9.254, 9.11, 7.81, 6.08, 5.74, 6.35, 7.1, 8.1, 8.93, 9.77, 9.55, 9.06, 8.43, 7.83, 7.58, 7.73, 8.64, 9.574, 9.024, 6.98, 5.63, 5.31, 5.45, 5.77, 5.9, 6.56, 7.33, 7.8, 8.13, 8.01, 7.79, 7.23, 6.81], [11.59, 11.192, 10.17, 8.73, 8.23, 7.11, 4.47, 1.82, 3.0, 5.25, 6.49, 7.04, 6.43, 6.18, 7.03, 7.0, 6.55, 7.56, 8.96, 9.01, 9.06, 6.92, 3.98, 2.75, 2.6, 3.03, 3.42, 4.14, 2.69, 1.36, 0, 1.65, 1.73, 1.94, 2.05, 1.95, 1.73, 2.48, 4.36, 5.46, 5.2, 4.828, 4.261, 3.705, 3.75, 4.37, 5.027, 6.178, 7.85, 9.28, 9.816, 8.998, 8.67, 8.677, 8.53, 7.25, 5.5, 5.16, 5.77, 6.52, 7.52, 8.35, 9.19, 8.95, 8.46, 7.85, 7.23, 7.0, 7.19, 8.04, 8.974, 8.45, 6.72, 5.31, 5.17, 5.41, 5.65, 5.88, 6.38, 6.93, 7.26, 7.49, 7.45, 7.13, 6.61, 6.23], [10.52, 10.13, 9.1, 7.66, 7.18, 6.04, 3.52, 2.03, 4.03, 6.32, 7.92, 8.49, 7.84, 7.29, 8.48, 8.33, 7.8, 8.63, 10.03, 10.08, 10.13, 8.03, 5.33, 3.94, 3.83, 4.22, 4.63, 5.35, 4.0, 2.63, 1.65, 0, 0.74, 1.03, 1.42, 1.68, 1.72, 1.43, 3.11, 4.224, 3.944, 3.52, 2.95, 2.36, 2.33, 2.888, 3.705, 4.902, 6.674, 8.055, 8.454, 7.728, 7.472, 7.502, 7.34, 6.04, 4.29, 3.97, 4.6, 5.35, 6.33, 7.16, 8.02, 7.8, 7.33, 6.66, 6.14, 5.97, 6.18, 6.95, 7.83, 7.36, 5.75, 4.7, 4.8, 5.0, 5.36, 5.41, 5.73, 6.1, 6.35, 6.6, 6.52, 6.2, 5.52, 5.2], [10.52, 10.13, 9.1, 7.66, 7.18, 6.04, 3.54, 2.01, 4.17, 6.48, 8.14, 8.65, 8.06, 7.51, 8.6, 8.27, 7.86, 8.63, 10.03, 10.08, 10.13, 8.03, 5.21, 4.02, 3.83, 4.14, 4.57, 5.33, 4.02, 2.75, 1.73, 0.74, 0, 0.77, 1.2, 1.6, 1.66, 1.15, 2.95, 4.09, 3.81, 3.42, 2.87, 2.24, 2.257, 2.84, 3.611, 4.848, 6.651, 7.949, 8.42, 7.623, 7.446, 7.419, 7.22, 5.92, 4.19, 3.91, 4.5, 5.23, 6.27, 7.1, 7.96, 7.78, 7.31, 6.62, 6.08, 5.87, 6.06, 6.85, 7.75, 7.18, 5.69, 4.78, 4.9, 5.14, 5.48, 5.49, 5.79, 6.08, 6.33, 6.6, 6.46, 6.16, 5.58, 5.14], [10.564, 10.177, 9.15, 7.71, 7.23, 6.09, 3.49, 2.16, 4.32, 6.65, 8.37, 8.9, 8.29, 7.74, 8.83, 8.4, 7.99, 8.62, 9.98, 10.03, 10.08, 8.02, 5.38, 4.09, 3.9, 4.25, 4.68, 5.46, 4.15, 2.96, 1.94, 1.03, 0.77, 0, 0.95, 1.49, 1.51, 1.14, 2.92, 4.057, 3.777, 3.35, 2.84, 2.29, 2.3, 2.79, 3.527, 4.821, 6.606, 7.902, 8.298, 7.603, 7.45, 7.403, 7.19, 5.91, 4.18, 3.88, 4.49, 5.2, 6.26, 7.107, 7.967, 7.787, 7.32, 6.61, 6.09, 5.9, 6.15, 6.9, 7.8, 7.23, 5.84, 4.91, 4.95, 5.21, 5.55, 5.64, 5.94, 6.23, 6.42, 6.69, 6.55, 6.23, 5.61, 5.17], [11.162, 10.755, 9.753, 8.331, 7.831, 6.711, 4.12, 2.39, 4.45, 6.74, 8.4, 8.89, 8.34, 7.77, 8.82, 8.39, 7.82, 8.25, 9.39, 9.44, 9.51, 7.57, 5.09, 3.92, 3.63, 3.98, 4.43, 5.13, 3.98, 2.93, 2.05, 1.42, 1.2, 0.95, 0, 0.88, 0.96, 1.03, 3.29, 4.459, 4.159, 3.674, 3.204, 2.64, 2.59, 3.06, 3.907, 5.313, 7.093, 8.323, 8.831, 8.053, 7.971, 7.901, 7.62, 6.32, 4.63, 4.35, 4.94, 5.63, 6.758, 7.628, 8.488, 8.308, 7.798, 7.1, 6.46, 6.31, 6.48, 7.39, 8.326, 7.6, 6.07, 5.12, 5.12, 5.42, 5.82, 5.91, 6.21, 6.6, 6.85, 7.1, 6.94, 6.68, 6.06, 5.52], [11.767, 11.36, 10.364, 8.942, 8.442, 7.322, 4.725, 2.27, 4.23, 6.5, 8.1, 8.57, 8.04, 7.47, 8.46, 8.07, 7.5, 7.85, 8.91, 9.0, 8.99, 7.21, 4.85, 3.58, 3.31, 3.68, 4.13, 4.71, 3.66, 2.61, 1.95, 1.68, 1.6, 1.49, 0.88, 0, 0.62, 1.43, 3.77, 4.959, 4.696, 4.194, 3.702, 3.1, 3.044, 3.534, 4.459, 5.912, 7.701, 8.934, 9.407, 8.652, 8.562, 8.515, 8.18, 6.86, 5.13, 4.83, 5.5, 6.209, 7.372, 8.242, 9.09, 8.922, 8.392, 7.639, 7.019, 6.81, 6.96, 7.975, 8.918, 8.12, 6.25, 5.22, 5.22, 5.5, 5.9, 6.05, 6.43, 7.0, 7.33, 7.64, 7.46, 7.2, 6.62, 6.02], [11.859, 11.452, 10.451, 9.028, 8.528, 7.408, 4.751, 2.43, 4.07, 6.34, 7.94, 8.43, 7.84, 7.31, 8.32, 7.89, 7.34, 7.69, 8.79, 8.88, 8.85, 6.99, 4.71, 3.44, 3.15, 3.5, 3.95, 4.53, 3.54, 2.59, 1.73, 1.72, 1.66, 1.51, 0.96, 0.62, 0, 1.53, 3.93, 5.096, 4.824, 4.317, 3.842, 3.209, 3.153, 3.619, 4.564, 6.004, 7.787, 9.011, 9.513, 8.753, 8.671, 8.601, 8.32, 7.02, 5.29, 4.97, 5.58, 6.29, 7.458, 8.328, 9.182, 9.008, 8.478, 7.76, 7.14, 6.93, 7.08, 8.078, 9.003, 8.24, 6.47, 5.46, 5.4, 5.68, 6.08, 6.23, 6.59, 7.14, 7.43, 7.7, 7.52, 7.28, 6.7, 6.1], [10.492, 10.096, 9.083, 7.67, 7.17, 6.041, 3.69, 2.7, 4.94, 7.21, 8.93, 9.44, 8.83, 8.28, 9.35, 8.9, 8.33, 8.98, 10.18, 10.27, 10.3, 8.44, 5.7, 4.39, 4.18, 4.65, 5.08, 5.84, 4.53, 3.44, 2.48, 1.43, 1.15, 1.14, 1.03, 1.43, 1.53, 0, 2.48, 3.697, 3.434, 2.925, 2.56, 1.91, 1.9, 2.41, 3.206, 4.657, 6.411, 7.627, 8.17, 7.38, 7.298, 7.231, 6.93, 5.63, 3.96, 3.72, 4.29, 4.98, 6.088, 6.958, 7.809, 7.638, 7.128, 6.45, 5.87, 5.82, 6.05, 6.78, 7.72, 7.11, 5.82, 5.03, 5.01, 5.33, 5.71, 5.82, 6.12, 6.37, 6.36, 6.63, 6.45, 6.19, 5.61, 5.07], [8.229, 7.9, 6.87, 5.47, 5.01, 3.95, 2.59, 3.86, 6.1, 8.51, 10.43, 11.14, 10.51, 9.72, 11.15, 11.0, 10.23, 11.34, 12.56, 12.67, 12.68, 10.74, 7.8, 6.47, 6.34, 6.87, 7.32, 8.14, 6.59, 5.14, 4.36, 3.11, 2.95, 2.92, 3.29, 3.77, 3.93, 2.48, 0, 1.46, 1.2, 0.89, 1.02, 1.23, 1.2, 1.06, 1.36, 2.52, 4.208, 5.418, 6.018, 5.148, 5.035, 4.965, 4.61, 3.31, 1.82, 1.92, 2.69, 3.12, 3.92, 4.73, 5.55, 5.39, 4.94, 4.33, 4.25, 4.5, 4.79, 5.02, 5.76, 5.43, 4.86, 4.49, 4.83, 5.15, 5.39, 5.26, 5.4, 5.15, 4.96, 5.05, 4.79, 4.53, 4.03, 3.73], [6.89, 6.54, 5.59, 4.55, 4.15, 3.41, 3.05, 4.78, 7.06, 9.47, 11.37, 12.12, 11.47, 10.72, 12.15, 12.1, 11.39, 12.492, 13.729, 13.839, 13.834, 11.877, 8.9, 7.53, 7.44, 7.97, 8.42, 9.24, 7.69, 6.12, 5.46, 4.224, 4.09, 4.057, 4.459, 4.959, 5.096, 3.697, 1.46, 0, 0.64, 1.05, 1.5, 2.05, 2.02, 1.58, 1.08, 1.4, 2.86, 4.09, 4.66, 3.84, 3.675, 3.6, 3.29, 2.13, 1.18, 1.56, 2.43, 2.6, 3.0, 3.55, 4.27, 4.23, 3.88, 3.81, 4.19, 4.48, 4.69, 4.74, 5.24, 4.97, 4.82, 4.59, 4.97, 5.29, 5.45, 5.36, 5.4, 5.05, 4.78, 4.75, 4.41, 4.21, 3.89, 3.65], [7.17, 6.8, 5.87, 4.73, 4.39, 3.51, 2.97, 4.56, 6.86, 9.27, 11.17, 11.9, 11.27, 10.5, 11.91, 11.82, 11.09, 12.192, 13.446, 13.556, 13.574, 11.597, 8.64, 7.29, 7.16, 7.69, 8.14, 8.96, 7.41, 5.9, 5.2, 3.944, 3.81, 3.777, 4.159, 4.696, 4.824, 3.434, 1.2, 0.64, 0, 0.77, 1.3, 1.81, 1.76, 1.36, 0.94, 1.62, 3.16, 4.37, 4.92, 4.04, 3.935, 3.86, 3.57, 2.37, 1.36, 1.56, 2.53, 2.7, 3.24, 3.77, 4.53, 4.47, 4.08, 3.87, 4.23, 4.52, 4.75, 4.76, 5.32, 5.07, 4.9, 4.59, 4.95, 5.27, 5.51, 5.38, 5.44, 5.11, 4.8, 4.77, 4.43, 4.27, 3.97, 3.71], [7.636, 7.27, 6.26, 5.06, 4.7, 3.74, 2.6, 4.23, 6.49, 8.88, 10.84, 11.57, 10.94, 10.15, 11.6, 11.405, 10.7, 11.744, 12.964, 13.074, 13.107, 11.15, 8.185, 6.86, 6.708, 7.252, 7.685, 8.482, 7.012, 5.57, 4.828, 3.52, 3.42, 3.35, 3.674, 4.194, 4.317, 2.925, 0.89, 1.05, 0.77, 0, 0.95, 1.36, 1.35, 1.03, 1.09, 2.07, 3.69, 4.809, 5.368, 4.495, 4.46, 4.37, 4.06, 2.8, 1.63, 1.81, 2.7, 2.87, 3.59, 4.18, 4.96, 4.8, 4.41, 4.1, 4.44, 4.71, 5.0, 5.03, 5.65, 5.4, 5.13, 4.72, 5.08, 5.4, 5.66, 5.51, 5.65, 5.38, 5.05, 5.02, 4.66, 4.56, 4.22, 3.96], [8.25, 7.9, 6.89, 5.55, 5.13, 4.07, 2.55, 3.7, 5.96, 8.33, 10.29, 11.013, 10.383, 9.595, 11.02, 10.841, 10.174, 11.194, 12.472, 12.582, 12.58, 10.563, 7.658, 6.32, 6.201, 6.688, 7.138, 7.958, 6.431, 5.01, 4.261, 2.95, 2.87, 2.84, 3.204, 3.702, 3.842, 2.56, 1.02, 1.5, 1.3, 0.95, 0, 0.87, 0.96, 1.04, 1.38, 2.5, 4.18, 5.43, 5.932, 5.1, 5.015, 4.959, 4.63, 3.41, 1.98, 2.18, 3.13, 3.4, 4.04, 4.77, 5.57, 5.41, 5.02, 4.65, 4.87, 5.12, 5.45, 5.52, 6.1, 5.87, 5.52, 5.13, 5.41, 5.73, 5.99, 5.88, 6.04, 5.77, 5.5, 5.49, 5.17, 4.93, 4.61, 4.39], [8.82, 8.43, 7.42, 6.04, 5.58, 4.56, 2.78, 3.37, 5.61, 7.94, 9.9, 10.628, 9.975, 9.231, 10.595, 10.297, 9.593, 10.539, 11.83, 11.94, 11.973, 9.959, 7.163, 5.833, 5.66, 6.124, 6.534, 7.371, 5.927, 4.605, 3.705, 2.36, 2.24, 2.29, 2.64, 3.1, 3.209, 1.91, 1.23, 2.05, 1.81, 1.36, 0.87, 0, 0.77, 1.03, 1.65, 3.03, 4.764, 6.012, 6.482, 5.644, 5.611, 5.57, 5.28, 4.04, 2.49, 2.61, 3.36, 3.73, 4.47, 5.3, 6.148, 5.98, 5.55, 5.0, 5.02, 5.31, 5.56, 5.73, 6.41, 6.14, 5.67, 5.26, 5.5, 5.82, 6.08, 6.01, 6.17, 5.88, 5.61, 5.68, 5.38, 5.1, 4.74, 4.48], [8.792, 8.42, 7.41, 6.07, 5.61, 4.57, 2.73, 3.42, 5.68, 8.03, 9.89, 10.558, 9.925, 9.247, 10.565, 10.307, 9.64, 10.524, 11.794, 11.904, 11.923, 9.906, 7.107, 5.803, 5.67, 6.097, 6.524, 7.304, 5.897, 4.535, 3.75, 2.33, 2.257, 2.3, 2.59, 3.044, 3.153, 1.9, 1.2, 2.02, 1.76, 1.35, 0.96, 0.77, 0, 0.94, 1.6, 3.0, 4.769, 5.999, 6.512, 5.643, 5.61, 5.54, 5.23, 3.99, 2.38, 2.44, 3.27, 3.7, 4.56, 5.29, 6.15, 5.95, 5.52, 4.95, 4.77, 5.12, 5.39, 5.5, 6.16, 5.85, 5.44, 5.05, 5.29, 5.61, 5.87, 5.8, 5.96, 5.75, 5.48, 5.55, 5.33, 5.01, 4.59, 4.31], [8.33, 7.94, 6.97, 5.67, 5.23, 4.15, 2.77, 4.04, 6.307, 8.657, 10.551, 11.258, 10.608, 9.921, 11.225, 10.95, 10.26, 11.104, 12.337, 12.387, 12.363, 10.426, 7.71, 6.343, 6.21, 6.717, 7.147, 7.824, 6.54, 5.218, 4.37, 2.888, 2.84, 2.79, 3.06, 3.534, 3.619, 2.41, 1.06, 1.58, 1.36, 1.03, 1.04, 1.03, 0.94, 0, 1.08, 2.48, 4.254, 5.47, 6.0, 5.2, 5.13, 5.08, 4.79, 3.55, 2.06, 2.16, 2.95, 3.28, 4.06, 4.83, 5.65, 5.49, 5.02, 4.47, 4.67, 4.92, 5.21, 5.4, 6.02, 5.71, 5.36, 4.93, 5.25, 5.59, 5.85, 5.74, 5.92, 5.65, 5.4, 5.35, 5.07, 4.87, 4.51, 4.21], [7.43, 7.08, 6.11, 5.07, 4.63, 3.67, 3.17, 4.504, 6.767, 9.154, 11.088, 11.818, 11.185, 10.441, 11.823, 11.607, 10.937, 11.96, 13.249, 13.319, 13.318, 11.346, 8.407, 7.023, 6.907, 7.448, 7.901, 8.675, 7.254, 5.813, 5.027, 3.705, 3.611, 3.527, 3.907, 4.459, 4.564, 3.206, 1.36, 1.08, 0.94, 1.09, 1.38, 1.65, 1.6, 1.08, 0, 1.56, 3.32, 4.53, 5.1, 4.26, 4.19, 4.16, 3.91, 2.67, 1.56, 1.64, 2.51, 2.84, 3.48, 4.07, 4.83, 4.73, 4.36, 4.03, 4.23, 4.52, 4.75, 4.78, 5.22, 5.01, 4.94, 4.53, 4.85, 5.19, 5.45, 5.3, 5.46, 5.15, 4.82, 4.75, 4.43, 4.35, 4.03, 3.75], [5.99, 5.62, 4.79, 4.01, 3.55, 3.05, 3.41, 5.335, 7.744, 10.154, 12.02, 12.787, 12.1, 11.275, 12.834, 12.875, 12.248, 13.294, 14.645, 14.707, 14.766, 12.681, 9.758, 8.316, 8.229, 8.725, 9.192, 9.912, 8.485, 6.807, 6.178, 4.902, 4.848, 4.821, 5.313, 5.912, 6.004, 4.657, 2.52, 1.4, 1.62, 2.07, 2.5, 3.03, 3.0, 2.48, 1.56, 0, 1.88, 3.21, 3.78, 3.06, 2.73, 2.72, 2.61, 1.87, 1.66, 1.72, 1.91, 2.14, 2.48, 2.89, 3.69, 3.55, 3.3, 3.25, 3.57, 3.82, 4.03, 4.0, 4.44, 4.35, 4.32, 3.99, 4.45, 4.67, 4.83, 4.74, 4.7, 4.35, 4.06, 3.99, 3.69, 3.61, 3.31, 3.05], [4.29, 4.0, 3.29, 3.09, 3.19, 3.61, 4.63, 6.88, 9.38, 11.79, 13.61, 14.42, 13.728, 12.88, 14.49, 14.604, 14.005, 15.071, 16.445, 16.504, 16.534, 14.414, 11.464, 10.037, 9.952, 10.431, 10.898, 11.678, 10.174, 8.48, 7.85, 6.674, 6.651, 6.606, 7.093, 7.701, 7.787, 6.411, 4.208, 2.86, 3.16, 3.69, 4.18, 4.764, 4.769, 4.254, 3.32, 1.88, 0, 1.53, 2.36, 1.96, 1.67, 1.7, 1.81, 1.95, 2.8, 3.2, 2.57, 2.02, 1.6, 1.95, 2.25, 2.29, 2.24, 2.37, 2.91, 3.18, 3.25, 3.0, 3.28, 3.29, 3.92, 4.59, 4.85, 4.81, 4.71, 4.66, 4.26, 3.59, 3.16, 3.01, 2.75, 2.73, 2.91, 2.55], [3.32, 3.25, 3.24, 3.76, 3.94, 4.52, 5.94, 8.23, 10.768, 13.16, 14.96, 15.808, 15.118, 14.268, 15.915, 15.894, 15.267, 16.376, 17.704, 17.76, 17.773, 15.728, 12.714, 11.307, 11.222, 11.758, 12.208, 12.988, 11.541, 9.868, 9.28, 8.055, 7.949, 7.902, 8.323, 8.934, 9.011, 7.627, 5.418, 4.09, 4.37, 4.809, 5.43, 6.012, 5.999, 5.47, 4.53, 3.21, 1.53, 0, 1.43, 1.55, 1.54, 1.51, 1.66, 2.36, 3.985, 4.39, 3.78, 3.11, 2.01, 1.78, 1.78, 2.08, 2.25, 2.66, 3.2, 3.49, 3.42, 3.09, 3.31, 3.18, 4.17, 5.3, 5.7, 5.6, 5.38, 5.35, 4.69, 3.68, 3.23, 3.16, 2.86, 3.02, 3.6, 3.46], [3.71, 3.78, 4.09, 5.01, 5.15, 5.67, 6.77, 8.98, 11.44, 13.85, 15.69, 16.48, 15.77, 14.92, 16.53, 16.453, 15.808, 16.775, 18.158, 18.228, 18.211, 16.184, 13.41, 11.88, 11.836, 12.357, 12.77, 13.587, 12.16, 10.5, 9.816, 8.454, 8.42, 8.298, 8.831, 9.407, 9.513, 8.17, 6.018, 4.66, 4.92, 5.368, 5.932, 6.482, 6.512, 6.0, 5.1, 3.78, 2.36, 1.43, 0, 1.26, 1.53, 1.64, 2.05, 3.17, 4.7, 5.24, 4.61, 4.06, 3.06, 2.91, 2.67, 3.17, 3.5, 3.97, 4.51, 4.8, 4.73, 4.1, 4.02, 4.07, 5.5, 6.57, 6.91, 6.81, 6.63, 6.62, 5.94, 4.81, 4.24, 4.03, 3.81, 4.27, 4.75, 4.41], [4.45, 4.4, 4.27, 4.75, 4.81, 5.19, 6.21, 8.18, 10.507, 12.937, 14.84, 15.587, 14.923, 14.115, 15.697, 15.515, 14.994, 16.063, 17.414, 17.49, 17.518, 15.404, 12.478, 11.1, 10.986, 11.448, 11.864, 12.735, 11.214, 9.67, 8.998, 7.728, 7.623, 7.603, 8.053, 8.652, 8.753, 7.38, 5.148, 3.84, 4.04, 4.495, 5.1, 5.644, 5.643, 5.2, 4.26, 3.06, 1.96, 1.55, 1.26, 0, 0.85, 1.2, 1.59, 2.35, 3.83, 4.318, 3.81, 3.46, 2.74, 2.87, 2.79, 3.23, 3.44, 3.85, 4.35, 4.54, 4.61, 4.3, 4.38, 4.31, 5.3, 6.11, 6.45, 6.41, 6.27, 6.24, 5.74, 4.85, 4.36, 4.25, 4.01, 3.99, 4.39, 3.87], [4.38, 4.41, 4.3, 4.32, 4.36, 4.6, 5.66, 7.65, 10.13, 12.54, 14.36, 15.19, 14.48, 13.63, 15.3, 15.422, 14.857, 15.933, 17.312, 17.362, 17.418, 15.301, 12.339, 10.923, 10.836, 11.289, 11.739, 12.519, 11.029, 9.27, 8.67, 7.472, 7.446, 7.45, 7.971, 8.562, 8.671, 7.298, 5.035, 3.675, 3.935, 4.46, 5.015, 5.611, 5.61, 5.13, 4.19, 2.73, 1.67, 1.54, 1.53, 0.85, 0, 0.67, 1.2, 2.02, 3.59, 3.99, 3.4, 3.03, 2.49, 2.68, 2.82, 3.12, 3.25, 3.58, 4.08, 4.35, 4.42, 4.19, 4.47, 4.52, 5.11, 5.58, 5.94, 5.92, 5.82, 5.75, 5.39, 4.7, 4.31, 4.2, 3.94, 3.9, 4.02, 3.52], [4.33, 4.36, 4.25, 4.19, 4.19, 4.37, 5.47, 7.58, 10.08, 12.47, 14.31, 15.16, 14.45, 13.6, 15.31, 15.3, 14.787, 15.883, 17.259, 17.313, 17.345, 15.232, 12.22, 10.83, 10.74, 11.17, 11.64, 12.44, 10.91, 9.254, 8.677, 7.502, 7.419, 7.403, 7.901, 8.515, 8.601, 7.231, 4.965, 3.6, 3.86, 4.37, 4.959, 5.57, 5.54, 5.08, 4.16, 2.72, 1.7, 1.51, 1.64, 1.2, 0.67, 0, 0.81, 1.79, 3.472, 3.82, 3.19, 2.74, 2.44, 2.57, 2.77, 3.09, 3.18, 3.49, 3.95, 4.18, 4.27, 4.14, 4.4, 4.39, 4.92, 5.37, 5.67, 5.71, 5.71, 5.62, 5.28, 4.65, 4.2, 4.17, 3.85, 3.79, 3.87, 3.39], [4.4, 4.43, 4.26, 4.14, 4.16, 4.18, 5.02, 7.35, 9.89, 12.28, 14.16, 15.01, 14.3, 13.45, 15.16, 15.11, 14.54, 15.67, 16.97, 17.04, 17.05, 14.97, 11.93, 10.58, 10.49, 10.98, 11.43, 12.29, 10.7, 9.11, 8.53, 7.34, 7.22, 7.19, 7.62, 8.18, 8.32, 6.93, 4.61, 3.29, 3.57, 4.06, 4.63, 5.28, 5.23, 4.79, 3.91, 2.61, 1.81, 1.66, 2.05, 1.59, 1.2, 0.81, 0, 1.38, 3.15, 3.49, 3.02, 2.51, 2.49, 2.78, 2.84, 3.12, 3.27, 3.54, 4.04, 4.31, 4.32, 4.17, 4.51, 4.32, 4.87, 5.18, 5.48, 5.68, 5.7, 5.61, 5.27, 4.7, 4.27, 4.36, 4.0, 3.76, 3.8, 3.5], [5.1, 4.93, 4.54, 4.14, 4.04, 3.92, 4.32, 6.23, 8.71, 11.1, 12.9, 13.73, 13.02, 12.17, 13.88, 13.81, 13.26, 14.39, 15.65, 15.72, 15.73, 13.67, 10.63, 9.28, 9.19, 9.7, 10.15, 10.97, 9.4, 7.81, 7.25, 6.04, 5.92, 5.91, 6.32, 6.86, 7.02, 5.63, 3.31, 2.13, 2.37, 2.8, 3.41, 4.04, 3.99, 3.55, 2.67, 1.87, 1.95, 2.36, 3.17, 2.35, 2.02, 1.79, 1.38, 0, 1.81, 2.25, 2.44, 2.33, 2.49, 2.76, 3.2, 3.28, 3.23, 3.5, 3.9, 4.17, 4.32, 4.27, 4.67, 4.44, 4.61, 4.92, 5.3, 5.52, 5.58, 5.43, 5.17, 4.68, 4.29, 4.3, 3.98, 3.82, 3.68, 3.3], [6.726, 6.339, 5.33, 4.29, 3.73, 3.37, 3.37, 4.8, 7.1, 9.49, 11.35, 12.1, 11.45, 10.68, 12.15, 12.14, 11.53, 12.66, 13.88, 13.99, 14.0, 11.92, 8.9, 7.55, 7.46, 7.99, 8.44, 9.24, 7.71, 6.08, 5.5, 4.29, 4.19, 4.18, 4.63, 5.13, 5.29, 3.96, 1.82, 1.18, 1.36, 1.63, 1.98, 2.49, 2.38, 2.06, 1.56, 1.66, 2.8, 3.985, 4.7, 3.83, 3.59, 3.472, 3.15, 1.81, 0, 1.06, 1.83, 2.0, 2.6, 3.29, 4.15, 3.97, 3.48, 3.33, 3.61, 3.88, 4.19, 4.36, 4.98, 4.67, 4.16, 4.21, 4.57, 4.79, 4.89, 4.78, 4.76, 4.55, 4.28, 4.25, 3.95, 3.69, 3.37, 3.13], [7.023, 6.636, 5.623, 4.25, 3.75, 3.05, 2.81, 4.16, 6.54, 8.93, 10.79, 11.6, 10.91, 10.08, 11.77, 11.74, 11.21, 12.34, 13.58, 13.65, 13.66, 11.6, 8.52, 7.15, 7.06, 7.57, 8.04, 8.88, 7.27, 5.74, 5.16, 3.97, 3.91, 3.88, 4.35, 4.83, 4.97, 3.72, 1.92, 1.56, 1.56, 1.81, 2.18, 2.61, 2.44, 2.16, 1.64, 1.72, 3.2, 4.39, 5.24, 4.318, 3.99, 3.82, 3.49, 2.25, 1.06, 0, 1.21, 1.62, 2.68, 3.57, 4.37, 4.183, 3.66, 3.17, 3.15, 3.34, 3.67, 3.96, 4.6, 4.27, 3.54, 3.25, 3.65, 3.95, 4.05, 3.94, 4.02, 4.01, 3.78, 3.73, 3.45, 3.19, 2.83, 2.57], [6.291, 5.883, 4.871, 3.48, 3.08, 2.78, 3.08, 4.69, 7.09, 9.46, 11.42, 12.19, 11.5, 10.65, 12.38, 12.35, 11.84, 12.95, 14.27, 14.32, 14.33, 12.25, 9.21, 7.78, 7.69, 8.18, 8.65, 9.47, 7.94, 6.35, 5.77, 4.6, 4.5, 4.49, 4.94, 5.5, 5.58, 4.29, 2.69, 2.43, 2.53, 2.7, 3.13, 3.36, 3.27, 2.95, 2.51, 1.91, 2.57, 3.78, 4.61, 3.81, 3.4, 3.19, 3.02, 2.44, 1.83, 1.21, 0, 0.85, 1.97, 2.94, 3.62, 3.44, 2.97, 2.48, 2.36, 2.51, 2.8, 3.13, 3.89, 3.56, 2.81, 2.78, 3.08, 3.26, 3.32, 3.17, 3.13, 3.18, 2.97, 2.96, 2.74, 2.5, 2.04, 1.74], [5.581, 5.173, 4.161, 2.85, 2.67, 2.61, 3.29, 5.32, 7.82, 10.19, 12.11, 12.94, 12.25, 11.38, 13.13, 13.1, 12.57, 13.66, 14.98, 15.01, 15.04, 13.0, 9.96, 8.55, 8.44, 8.93, 9.42, 10.22, 8.67, 7.1, 6.52, 5.35, 5.23, 5.2, 5.63, 6.209, 6.29, 4.98, 3.12, 2.6, 2.7, 2.87, 3.4, 3.73, 3.7, 3.28, 2.84, 2.14, 2.02, 3.11, 4.06, 3.46, 3.03, 2.74, 2.51, 2.33, 2.0, 1.62, 0.85, 0, 1.32, 2.31, 2.91, 2.73, 2.26, 1.81, 1.93, 2.16, 2.43, 2.7, 3.42, 3.15, 2.68, 3.01, 3.35, 3.41, 3.37, 3.28, 3.0, 2.81, 2.6, 2.63, 2.33, 2.03, 1.83, 1.53], [4.45, 4.08, 3.13, 2.39, 2.47, 2.75, 4.01, 6.38, 8.88, 11.25, 13.09, 13.96, 13.25, 12.4, 14.13, 14.14, 13.644, 14.74, 16.116, 16.17, 16.202, 14.08, 11.08, 9.67, 9.58, 9.99, 10.48, 11.3, 9.71, 8.1, 7.52, 6.33, 6.27, 6.26, 6.758, 7.372, 7.458, 6.088, 3.92, 3.0, 3.24, 3.59, 4.04, 4.47, 4.56, 4.06, 3.48, 2.48, 1.6, 2.01, 3.06, 2.74, 2.49, 2.44, 2.49, 2.49, 2.6, 2.68, 1.97, 1.32, 0, 1.19, 1.77, 1.57, 1.22, 1.35, 1.81, 1.96, 2.01, 2.1, 2.76, 2.65, 2.76, 3.55, 3.87, 3.81, 3.67, 3.64, 3.04, 2.39, 2.18, 2.21, 1.87, 1.65, 1.85, 1.67], [3.76, 3.45, 2.54, 2.42, 2.52, 3.24, 4.94, 7.31, 9.81, 12.18, 13.98, 14.83, 14.14, 13.29, 14.98, 15.01, 14.514, 15.604, 16.966, 17.022, 17.072, 14.95, 11.95, 10.56, 10.47, 10.9, 11.37, 12.13, 10.64, 8.93, 8.35, 7.16, 7.1, 7.107, 7.628, 8.242, 8.328, 6.958, 4.73, 3.55, 3.77, 4.18, 4.77, 5.3, 5.29, 4.83, 4.07, 2.89, 1.95, 1.78, 2.91, 2.87, 2.68, 2.57, 2.78, 2.76, 3.29, 3.57, 2.94, 2.31, 1.19, 0, 1.1, 0.98, 0.97, 1.4, 1.86, 2.17, 2.14, 1.89, 2.43, 2.3, 2.79, 4.1, 4.52, 4.3, 4.1, 4.11, 3.53, 2.7, 2.39, 2.22, 2.06, 2.1, 2.56, 2.7], [2.98, 2.77, 2.06, 2.58, 2.9, 3.68, 5.36, 7.89, 10.47, 12.82, 14.76, 15.61, 14.92, 14.05, 15.8, 15.87, 15.374, 16.464, 17.823, 17.882, 17.926, 15.81, 12.79, 11.38, 11.29, 11.7, 12.19, 12.97, 11.42, 9.77, 9.19, 8.02, 7.96, 7.967, 8.488, 9.09, 9.182, 7.809, 5.55, 4.27, 4.53, 4.96, 5.57, 6.148, 6.15, 5.65, 4.83, 3.69, 2.25, 1.78, 2.67, 2.79, 2.82, 2.77, 2.84, 3.2, 4.15, 4.37, 3.62, 2.91, 1.77, 1.1, 0, 0.8, 1.11, 1.82, 2.4, 2.65, 2.5, 1.75, 2.03, 1.96, 3.45, 4.76, 5.06, 4.84, 4.66, 4.73, 3.99, 2.92, 2.49, 2.22, 2.14, 2.36, 3.02, 3.3], [2.96, 2.65, 1.8, 2.06, 2.38, 3.12, 4.96, 7.61, 10.13, 12.48, 14.46, 15.29, 14.6, 13.73, 15.5, 15.684, 15.194, 16.284, 17.646, 17.702, 17.752, 15.618, 12.595, 11.16, 11.07, 11.46, 11.981, 12.79, 11.24, 9.55, 8.95, 7.8, 7.78, 7.787, 8.308, 8.922, 9.008, 7.638, 5.39, 4.23, 4.47, 4.8, 5.41, 5.98, 5.95, 5.49, 4.73, 3.55, 2.29, 2.08, 3.17, 3.23, 3.12, 3.09, 3.12, 3.28, 3.97, 4.183, 3.44, 2.73, 1.57, 0.98, 0.8, 0, 0.69, 1.42, 1.98, 2.21, 2.06, 1.49, 1.93, 1.96, 3.17, 4.48, 4.68, 4.46, 4.3, 4.37, 3.61, 2.58, 2.19, 1.94, 1.94, 2.08, 2.64, 3.04], [3.381, 3.013, 2.09, 1.89, 2.09, 2.89, 4.77, 7.24, 9.76, 12.15, 14.01, 14.88, 14.17, 13.32, 15.05, 15.22, 14.724, 15.814, 17.156, 17.192, 17.222, 15.148, 12.085, 10.65, 10.56, 11.03, 11.52, 12.26, 10.77, 9.06, 8.46, 7.33, 7.31, 7.32, 7.798, 8.392, 8.478, 7.128, 4.94, 3.88, 4.08, 4.41, 5.02, 5.55, 5.52, 5.02, 4.36, 3.3, 2.24, 2.25, 3.5, 3.44, 3.25, 3.18, 3.27, 3.23, 3.48, 3.66, 2.97, 2.26, 1.22, 0.97, 1.11, 0.69, 0, 0.89, 1.41, 1.74, 1.71, 1.48, 1.96, 1.97, 2.64, 3.95, 4.39, 4.13, 3.97, 4.02, 3.34, 2.37, 2.14, 1.97, 1.85, 1.87, 2.35, 2.65], [4.145, 3.758, 2.78, 1.96, 2.22, 2.84, 4.48, 6.81, 9.31, 11.72, 13.54, 14.39, 13.68, 12.83, 14.5, 14.55, 14.0, 15.09, 16.45, 16.48, 16.489, 14.43, 11.41, 10.0, 9.91, 10.42, 10.89, 11.59, 10.16, 8.43, 7.85, 6.66, 6.62, 6.61, 7.1, 7.639, 7.76, 6.45, 4.33, 3.81, 3.87, 4.1, 4.65, 5.0, 4.95, 4.47, 4.03, 3.25, 2.37, 2.66, 3.97, 3.85, 3.58, 3.49, 3.54, 3.5, 3.33, 3.17, 2.48, 1.81, 1.35, 1.4, 1.82, 1.42, 0.89, 0, 0.9, 1.27, 1.34, 1.33, 1.95, 1.8, 1.93, 3.38, 3.86, 3.68, 3.52, 3.57, 2.91, 2.26, 1.95, 1.9, 1.72, 1.6, 1.84, 2.12], [4.782, 4.375, 3.382, 2.46, 2.44, 3.06, 4.4, 6.15, 8.63, 11.04, 12.86, 13.71, 13.0, 12.15, 13.82, 13.95, 13.42, 14.51, 15.83, 15.86, 15.87, 13.81, 10.75, 9.34, 9.21, 9.74, 10.21, 10.97, 9.48, 7.83, 7.23, 6.14, 6.08, 6.09, 6.46, 7.019, 7.14, 5.87, 4.25, 4.19, 4.23, 4.44, 4.87, 5.02, 4.77, 4.67, 4.23, 3.57, 2.91, 3.2, 4.51, 4.35, 4.08, 3.95, 4.04, 3.9, 3.61, 3.15, 2.36, 1.93, 1.81, 1.86, 2.4, 1.98, 1.41, 0.9, 0, 0.67, 0.92, 1.29, 2.09, 1.7, 1.47, 2.74, 3.18, 3.0, 2.84, 2.91, 2.23, 1.76, 1.61, 1.82, 1.7, 1.32, 1.36, 1.6], [5.009, 4.602, 3.626, 2.69, 2.63, 3.19, 4.51, 5.78, 8.28, 10.65, 12.51, 13.36, 12.67, 11.8, 13.55, 13.66, 13.164, 14.26, 15.616, 15.65, 15.642, 13.588, 10.54, 9.09, 8.98, 9.45, 9.96, 10.72, 9.21, 7.58, 7.0, 5.97, 5.87, 5.9, 6.31, 6.81, 6.93, 5.82, 4.5, 4.48, 4.52, 4.71, 5.12, 5.31, 5.12, 4.92, 4.52, 3.82, 3.18, 3.49, 4.8, 4.54, 4.35, 4.18, 4.31, 4.17, 3.88, 3.34, 2.51, 2.16, 1.96, 2.17, 2.65, 2.21, 1.74, 1.27, 0.67, 0, 0.65, 1.44, 2.34, 1.87, 1.36, 2.41, 2.81, 2.65, 2.47, 2.52, 1.96, 1.35, 1.5, 1.79, 1.69, 1.35, 1.31, 1.47], [4.859, 4.452, 3.48, 2.76, 2.92, 3.48, 4.68, 5.87, 8.39, 10.76, 12.66, 13.51, 12.82, 11.95, 13.72, 13.81, 13.314, 14.41, 15.766, 15.8, 15.792, 13.738, 10.69, 9.24, 9.13, 9.58, 10.11, 10.87, 9.36, 7.73, 7.19, 6.18, 6.06, 6.15, 6.48, 6.96, 7.08, 6.05, 4.79, 4.69, 4.75, 5.0, 5.45, 5.56, 5.39, 5.21, 4.75, 4.03, 3.25, 3.42, 4.73, 4.61, 4.42, 4.27, 4.32, 4.32, 4.19, 3.67, 2.8, 2.43, 2.01, 2.14, 2.5, 2.06, 1.71, 1.34, 0.92, 0.65, 0, 1.29, 2.25, 1.64, 1.35, 2.52, 2.88, 2.76, 2.6, 2.63, 1.89, 1.14, 1.19, 1.52, 1.42, 1.16, 1.38, 1.48], [3.81, 3.42, 2.75, 2.67, 3.03, 3.71, 5.01, 6.76, 9.34, 11.71, 13.61, 14.46, 13.77, 12.9, 14.65, 14.74, 14.244, 15.34, 16.713, 16.783, 16.807, 14.668, 11.68, 10.27, 10.18, 10.59, 11.06, 11.88, 10.31, 8.64, 8.04, 6.95, 6.85, 6.9, 7.39, 7.975, 8.078, 6.78, 5.02, 4.74, 4.76, 5.03, 5.52, 5.73, 5.5, 5.4, 4.78, 4.0, 3.0, 3.09, 4.1, 4.3, 4.19, 4.14, 4.17, 4.27, 4.36, 3.96, 3.13, 2.7, 2.1, 1.89, 1.75, 1.49, 1.48, 1.33, 1.29, 1.44, 1.29, 0, 1.12, 0.93, 2.2, 3.61, 3.87, 3.67, 3.53, 3.62, 2.9, 1.77, 1.28, 1.27, 1.23, 1.45, 1.95, 2.21], [3.17, 2.94, 2.67, 3.19, 3.59, 4.31, 5.71, 7.72, 10.28, 12.67, 14.51, 15.36, 14.67, 13.8, 15.55, 15.64, 15.167, 16.263, 17.636, 17.706, 17.73, 15.605, 12.614, 11.17, 11.08, 11.49, 11.957, 12.814, 11.25, 9.574, 8.974, 7.83, 7.75, 7.8, 8.326, 8.918, 9.003, 7.72, 5.76, 5.24, 5.32, 5.65, 6.1, 6.41, 6.16, 6.02, 5.22, 4.44, 3.28, 3.31, 4.02, 4.38, 4.47, 4.4, 4.51, 4.67, 4.98, 4.6, 3.89, 3.42, 2.76, 2.43, 2.03, 1.93, 1.96, 1.95, 2.09, 2.34, 2.25, 1.12, 0, 0.97, 3.14, 4.59, 4.91, 4.69, 4.53, 4.62, 3.92, 2.75, 2.2, 1.93, 2.03, 2.31, 2.89, 3.11], [3.76, 3.45, 3.0, 3.38, 3.76, 4.42, 5.74, 7.23, 9.81, 12.18, 14.06, 14.93, 14.22, 13.37, 15.08, 15.03, 14.506, 15.613, 16.87, 16.926, 16.933, 14.904, 11.85, 10.48, 10.37, 10.9, 11.35, 12.15, 10.6, 9.024, 8.45, 7.36, 7.18, 7.23, 7.6, 8.12, 8.24, 7.11, 5.43, 4.97, 5.07, 5.4, 5.87, 6.14, 5.85, 5.71, 5.01, 4.35, 3.29, 3.18, 4.07, 4.31, 4.52, 4.39, 4.32, 4.44, 4.67, 4.27, 3.56, 3.15, 2.65, 2.3, 1.96, 1.96, 1.97, 1.8, 1.7, 1.87, 1.64, 0.93, 0.97, 0, 2.31, 3.9, 4.34, 4.16, 4.0, 4.05, 3.37, 2.22, 1.73, 1.46, 1.56, 1.86, 2.42, 2.5], [5.925, 5.538, 4.586, 3.59, 3.49, 4.03, 5.07, 5.5, 7.9, 10.27, 12.09, 12.92, 12.21, 11.36, 13.05, 13.0, 12.47, 13.58, 14.8, 14.89, 14.88, 12.86, 9.82, 8.45, 8.36, 8.89, 9.32, 10.08, 8.59, 6.98, 6.72, 5.75, 5.69, 5.84, 6.07, 6.25, 6.47, 5.82, 4.86, 4.82, 4.9, 5.13, 5.52, 5.67, 5.44, 5.36, 4.94, 4.32, 3.92, 4.17, 5.5, 5.3, 5.11, 4.92, 4.87, 4.61, 4.16, 3.54, 2.81, 2.68, 2.76, 2.79, 3.45, 3.17, 2.64, 1.93, 1.47, 1.36, 1.35, 2.2, 3.14, 2.31, 0, 1.91, 2.41, 2.25, 2.09, 2.12, 1.54, 1.67, 2.02, 2.33, 2.21, 1.99, 1.75, 1.97], [7.287, 6.88, 5.867, 4.444, 3.944, 3.38, 4.24, 4.15, 6.27, 8.62, 10.46, 11.27, 10.54, 9.67, 11.38, 11.49, 11.0, 12.09, 13.4