[[0, 0.92, 0.87, 0.95, 1.3, 1.84, 2.21, 2.44, 1.64, 1.25, 1.47, 1.48, 1.5, 1.88, 2.3, 2.57, 1.91, 2.28, 1.55, 2.0, 2.34, 2.81, 2.82, 2.55, 2.67, 3.04, 3.49, 4.392, 4.055, 4.0, 4.21, 4.91, 4.69, 4.01, 4.06, 3.44, 2.37, 2.55, 2.64, 2.33, 2.22, 2.66, 2.55, 2.47, 2.57, 2.07, 2.26, 2.44, 2.98, 2.64, 2.86, 2.83, 2.93, 2.7, 2.61, 2.98, 3.73, 3.88, 3.28, 3.49, 3.99, 4.92, 5.634, 5.728, 5.068, 3.42, 2.57, 2.6, 2.38, 1.75, 1.09, 1.41, 2.42, 2.69, 2.6, 2.57, 3.11, 3.34, 3.13, 2.35, 2.54, 4.53, 4.66, 5.13, 6.59, 6.91], [0.92, 0, 0.73, 0.91, 1.66, 2.4, 2.81, 3.06, 2.22, 1.71, 1.83, 1.62, 1.82, 2.32, 2.78, 3.07, 2.29, 2.64, 1.73, 1.54, 2.06, 2.73, 3.0, 2.57, 2.73, 3.308, 4.075, 5.135, 4.778, 4.742, 4.969, 5.63, 5.23, 4.666, 4.682, 4.16, 2.65, 2.51, 2.48, 2.17, 1.96, 2.32, 2.23, 2.19, 2.19, 1.87, 1.7, 1.98, 2.46, 2.28, 2.38, 2.25, 2.27, 2.1, 2.01, 2.26, 3.01, 3.12, 2.64, 2.95, 3.59, 4.5, 5.154, 5.268, 4.608, 2.78, 2.11, 2.04, 1.84, 1.53, 1.35, 1.85, 3.06, 3.35, 3.16, 2.89, 3.39, 3.74, 3.51, 2.75, 3.28, 5.25, 5.4, 5.85, 7.33, 7.67], [0.87, 0.73, 0, 0.7, 1.53, 2.23, 2.66, 2.81, 2.21, 1.72, 1.78, 1.63, 1.81, 2.01, 2.39, 2.66, 1.92, 2.35, 1.76, 1.53, 1.97, 2.6, 2.79, 2.4, 2.58, 3.01, 3.685, 4.745, 4.408, 4.37, 4.58, 5.24, 4.94, 4.3, 4.292, 3.77, 2.3, 2.34, 2.37, 2.12, 2.05, 2.31, 2.22, 2.32, 2.24, 1.98, 1.83, 1.97, 2.45, 2.33, 2.31, 2.44, 2.52, 2.37, 2.06, 2.45, 3.24, 3.35, 2.71, 2.82, 3.44, 4.43, 5.284, 5.33, 4.707, 2.93, 2.24, 2.27, 1.97, 1.6, 1.08, 1.66, 2.75, 3.04, 2.83, 2.56, 2.96, 3.47, 3.2, 2.46, 2.91, 4.88, 5.03, 5.48, 6.96, 7.36], [0.95, 0.91, 0.7, 0, 1.31, 1.89, 2.3, 2.47, 1.85, 1.46, 1.52, 1.25, 1.55, 1.69, 2.21, 2.54, 1.78, 2.19, 1.7, 1.75, 2.13, 2.68, 2.77, 2.42, 2.46, 2.81, 3.445, 4.465, 4.14, 4.07, 4.3, 4.98, 4.78, 4.1, 4.03, 3.47, 2.1, 2.3, 2.37, 2.18, 2.03, 2.23, 2.14, 2.18, 2.14, 1.9, 1.93, 2.17, 2.67, 2.39, 2.59, 2.52, 2.54, 2.63, 2.32, 2.71, 3.52, 3.61, 2.99, 3.06, 3.72, 4.67, 5.59, 5.655, 5.015, 3.21, 2.38, 2.57, 2.01, 1.54, 1.14, 1.5, 2.45, 2.74, 2.55, 2.3, 2.82, 3.23, 2.94, 2.14, 2.65, 4.64, 4.77, 5.24, 6.7, 7.12], [1.3, 1.66, 1.53, 1.31, 0, 1.42, 1.91, 2.2, 1.68, 1.69, 1.71, 1.38, 1.48, 1.5, 2.02, 2.27, 1.63, 2.18, 2.05, 2.66, 3.1, 3.23, 3.18, 3.03, 3.05, 2.84, 3.11, 3.97, 3.55, 3.48, 3.71, 4.45, 4.39, 3.71, 3.42, 2.9, 2.05, 2.53, 2.86, 2.93, 2.74, 2.74, 2.59, 2.59, 2.71, 2.43, 2.52, 3.14, 3.5, 3.16, 3.48, 3.27, 3.39, 3.4, 3.11, 3.6, 4.41, 4.54, 3.98, 4.15, 4.53, 5.5, 6.294, 6.377, 5.771, 4.26, 3.19, 3.04, 2.82, 2.09, 1.57, 1.37, 2.0, 2.19, 1.94, 2.25, 2.77, 2.88, 2.63, 1.77, 2.36, 4.11, 4.2, 4.65, 6.11, 6.43], [1.84, 2.4, 2.23, 1.89, 1.42, 0, 0.65, 0.98, 0.98, 1.41, 1.65, 1.48, 1.4, 1.24, 1.96, 2.07, 1.59, 1.82, 2.49, 3.16, 3.38, 3.61, 3.6, 3.31, 3.39, 3.08, 2.61, 2.99, 2.59, 2.44, 2.73, 3.53, 3.63, 3.03, 2.74, 2.34, 2.19, 2.75, 3.14, 3.29, 3.18, 3.2, 2.85, 2.79, 2.87, 2.75, 3.04, 3.6, 3.96, 3.82, 4.16, 4.003, 4.05, 4.16, 3.99, 4.46, 5.27, 5.38, 4.74, 4.65, 5.33, 6.36, 7.263, 7.363, 6.703, 4.887, 3.845, 4.098, 3.62, 2.75, 2.03, 1.61, 1.14, 1.39, 1.34, 1.89, 2.47, 2.7, 2.15, 1.63, 1.86, 3.15, 3.18, 3.65, 5.13, 5.49], [2.21, 2.81, 2.66, 2.3, 1.91, 0.65, 0, 0.67, 1.13, 1.62, 1.86, 1.87, 1.71, 1.51, 2.09, 2.18, 1.74, 1.93, 2.78, 3.47, 3.55, 3.74, 3.73, 3.44, 3.52, 3.21, 2.62, 2.76, 2.36, 2.17, 2.36, 3.3, 3.44, 2.88, 2.55, 2.43, 2.3, 2.98, 3.47, 3.68, 3.61, 3.57, 3.18, 3.14, 3.12, 2.98, 3.33, 3.93, 4.29, 4.13, 4.45, 4.415, 4.42, 4.43, 4.32, 4.75, 5.58, 5.67, 5.03, 5.0, 5.56, 6.63, 7.495, 7.615, 6.975, 5.205, 4.155, 4.488, 4.05, 3.1, 2.36, 1.78, 1.15, 1.38, 1.37, 2.1, 2.58, 2.79, 2.14, 1.92, 1.95, 2.88, 2.95, 3.36, 4.84, 5.2], [2.44, 3.06, 2.81, 2.47, 2.2, 0.98, 0.67, 0, 1.24, 1.69, 1.87, 1.94, 1.62, 1.4, 2.04, 2.17, 1.91, 1.76, 2.79, 3.5, 3.64, 3.65, 3.62, 3.41, 3.45, 3.14, 2.59, 2.69, 2.17, 1.96, 2.29, 3.33, 3.39, 2.81, 2.5, 2.32, 2.19, 2.91, 3.54, 3.83, 3.8, 3.66, 3.19, 3.11, 3.07, 2.987, 3.44, 4.02, 4.34, 4.28, 4.578, 4.485, 4.51, 4.48, 4.43, 4.8, 5.63, 5.72, 5.08, 5.07, 5.73, 6.78, 7.665, 7.785, 7.145, 5.275, 4.331, 4.758, 4.2, 3.27, 2.49, 1.89, 1.1, 1.29, 1.3, 1.95, 2.39, 2.8, 2.05, 1.81, 1.76, 2.89, 2.88, 3.19, 4.69, 5.09], [1.64, 2.22, 2.21, 1.85, 1.68, 0.98, 1.13, 1.24, 0, 0.97, 1.33, 1.34, 1.32, 1.5, 1.98, 2.33, 1.87, 1.92, 2.23, 3.06, 3.38, 3.57, 3.54, 3.21, 3.29, 3.08, 2.95, 3.27, 2.89, 2.68, 3.01, 4.01, 4.05, 3.43, 3.28, 2.7, 2.41, 2.89, 3.12, 3.29, 3.12, 3.2, 2.81, 2.73, 2.83, 2.51, 2.98, 3.5, 3.896, 3.784, 4.081, 3.89, 3.91, 3.96, 3.91, 4.32, 5.09, 5.2, 4.618, 4.574, 5.334, 6.324, 7.151, 7.265, 6.608, 4.801, 3.714, 3.924, 3.564, 2.75, 1.87, 1.71, 1.48, 1.89, 1.78, 2.23, 2.77, 3.04, 2.51, 1.91, 2.02, 3.49, 3.58, 3.91, 5.35, 5.69], [1.25, 1.71, 1.72, 1.46, 1.69, 1.41, 1.62, 1.69, 0.97, 0, 0.72, 1.11, 1.33, 1.77, 2.21, 2.5, 1.86, 1.93, 1.58, 2.27, 3.01, 3.36, 3.35, 3.06, 3.14, 3.11, 3.26, 3.9, 3.54, 3.43, 3.66, 4.46, 4.46, 3.76, 3.73, 3.17, 2.52, 3.02, 3.17, 3.02, 2.77, 2.95, 2.42, 2.46, 2.6, 2.02, 2.39, 3.05, 3.269, 3.27, 3.411, 3.34, 3.2, 3.15, 3.22, 3.53, 4.24, 4.35, 3.85, 4.02, 4.89, 5.874, 6.641, 6.738, 6.078, 4.214, 3.285, 3.534, 3.19, 2.24, 1.52, 1.46, 1.93, 2.28, 2.17, 2.34, 2.82, 3.39, 2.82, 2.22, 2.35, 4.02, 4.19, 4.68, 6.16, 6.52], [1.47, 1.83, 1.78, 1.52, 1.71, 1.65, 1.86, 1.87, 1.33, 0.72, 0, 0.85, 1.19, 1.57, 1.97, 2.36, 1.7, 1.73, 1.44, 2.23, 2.81, 3.1, 3.11, 2.84, 2.88, 2.89, 3.2, 4.06, 3.7, 3.59, 3.82, 4.54, 4.44, 3.68, 3.57, 3.13, 2.28, 2.82, 2.95, 2.94, 2.79, 2.71, 2.22, 2.28, 2.3, 1.76, 2.17, 2.91, 3.109, 3.15, 3.371, 3.26, 2.98, 3.11, 3.14, 3.39, 4.08, 4.05, 3.768, 3.924, 4.824, 5.814, 6.598, 6.718, 6.078, 4.154, 3.265, 3.634, 3.078, 2.16, 1.52, 1.54, 2.03, 2.36, 2.11, 2.12, 2.62, 3.19, 2.6, 2.04, 2.37, 4.18, 4.35, 4.84, 6.36, 6.8], [1.48, 1.62, 1.63, 1.25, 1.38, 1.48, 1.87, 1.94, 1.34, 1.11, 0.85, 0, 0.66, 1.18, 1.88, 2.33, 1.73, 1.9, 1.57, 2.22, 2.74, 3.03, 3.06, 2.79, 2.89, 2.84, 3.15, 4.13, 3.75, 3.66, 3.93, 4.73, 4.67, 3.95, 3.66, 3.08, 2.03, 2.51, 2.66, 2.73, 2.54, 2.44, 2.03, 2.05, 2.07, 1.79, 2.0, 2.78, 2.999, 3.02, 3.321, 3.088, 2.91, 3.1, 3.11, 3.38, 4.13, 4.16, 3.775, 3.854, 4.754, 5.744, 6.605, 6.725, 6.048, 4.138, 3.171, 3.461, 2.904, 2.13, 1.57, 1.77, 2.16, 2.51, 2.26, 2.15, 2.59, 3.1, 2.65, 1.81, 2.4, 4.37, 4.42, 4.89, 6.39, 6.77], [1.5, 1.82, 1.81, 1.55, 1.48, 1.4, 1.71, 1.62, 1.32, 1.33, 1.19, 0.66, 0, 1.06, 1.9, 2.27, 1.73, 1.9, 1.77, 2.54, 2.94, 3.19, 3.18, 2.89, 2.97, 2.82, 2.97, 3.89, 3.43, 3.32, 3.65, 4.55, 4.51, 3.77, 3.5, 2.8, 1.97, 2.51, 2.78, 2.91, 2.84, 2.72, 2.41, 2.33, 2.29, 2.07, 2.46, 3.12, 3.459, 3.4, 3.681, 3.391, 3.39, 3.32, 3.51, 3.8, 4.53, 4.62, 4.158, 4.194, 5.014, 6.004, 6.811, 6.891, 6.231, 4.361, 3.432, 3.784, 3.104, 2.43, 1.79, 1.83, 2.04, 2.35, 2.08, 2.07, 2.59, 2.98, 2.59, 1.79, 2.1, 4.09, 4.1, 4.49, 5.97, 6.35], [1.88, 2.32, 2.01, 1.69, 1.5, 1.24, 1.51, 1.4, 1.5, 1.77, 1.57, 1.18, 1.06, 0, 1.22, 1.55, 1.29, 1.32, 1.97, 2.56, 2.68, 2.69, 2.7, 2.39, 2.49, 2.32, 2.29, 3.15, 2.75, 2.62, 2.93, 3.75, 3.73, 3.05, 2.66, 2.12, 1.41, 2.11, 2.62, 2.95, 2.98, 2.7, 2.43, 2.47, 2.37, 2.39, 2.703, 3.18, 3.507, 3.444, 3.581, 3.477, 3.71, 3.82, 3.57, 4.006, 4.876, 4.946, 4.203, 4.074, 4.714, 5.724, 6.66, 6.723, 6.157, 4.367, 3.531, 3.878, 3.264, 2.43, 1.69, 1.65, 1.46, 1.81, 1.4, 1.55, 2.01, 2.6, 2.09, 1.37, 1.58, 3.33, 3.46, 3.95, 5.53, 6.07], [2.3, 2.78, 2.39, 2.21, 2.02, 1.96, 2.09, 2.04, 1.98, 2.21, 1.97, 1.88, 1.9, 1.22, 0, 1.07, 1.21, 1.36, 2.25, 2.58, 2.28, 2.13, 2.14, 1.99, 2.07, 1.86, 1.93, 2.73, 2.41, 2.34, 2.61, 3.27, 3.17, 2.49, 2.28, 1.9, 1.13, 1.87, 2.56, 2.99, 3.18, 2.8, 2.65, 2.63, 2.41, 2.564, 2.894, 3.274, 3.497, 3.477, 3.657, 3.669, 4.001, 4.008, 3.701, 4.171, 5.081, 5.151, 4.374, 3.987, 4.231, 5.221, 6.346, 6.426, 6.066, 4.561, 3.614, 3.964, 3.462, 2.57, 1.97, 1.93, 1.82, 1.83, 1.56, 1.69, 2.05, 2.44, 2.01, 1.51, 1.68, 3.09, 3.16, 3.87, 5.47, 6.07], [2.57, 3.07, 2.66, 2.54, 2.27, 2.07, 2.18, 2.17, 2.33, 2.5, 2.36, 2.33, 2.27, 1.55, 1.07, 0, 1.2, 1.43, 2.52, 2.85, 2.33, 1.88, 2.09, 1.88, 2.0, 1.79, 1.88, 2.66, 2.58, 2.51, 2.66, 3.08, 3.0, 2.26, 2.33, 1.95, 1.38, 2.14, 2.83, 3.24, 3.412, 3.05, 2.94, 2.84, 2.66, 2.808, 3.101, 3.461, 3.663, 3.643, 3.921, 3.931, 4.225, 4.235, 3.928, 4.398, 5.308, 5.378, 4.581, 4.168, 4.178, 4.977, 6.187, 6.287, 6.004, 4.777, 3.81, 4.243, 3.743, 2.773, 2.2, 2.12, 1.93, 2.12, 1.81, 1.9, 2.22, 2.89, 2.42, 1.76, 1.97, 3.04, 3.19, 3.96, 5.52, 6.28], [1.91, 2.29, 1.92, 1.78, 1.63, 1.59, 1.74, 1.91, 1.87, 1.86, 1.7, 1.73, 1.73, 1.29, 1.21, 1.2, 0, 1.25, 1.82, 2.19, 2.21, 2.28, 2.43, 2.2, 2.36, 2.21, 2.28, 3.14, 2.82, 2.75, 2.96, 3.54, 3.26, 2.6, 2.57, 2.31, 1.56, 2.32, 2.69, 2.86, 2.91, 2.65, 2.42, 2.44, 2.42, 2.22, 2.606, 3.05, 3.35, 3.29, 3.349, 3.312, 3.68, 3.71, 3.42, 3.883, 4.8, 4.863, 4.066, 3.8, 4.06, 5.03, 6.064, 6.164, 5.704, 4.229, 3.327, 3.717, 3.212, 2.24, 1.52, 1.38, 1.81, 2.0, 1.57, 1.62, 1.96, 2.55, 2.16, 1.44, 1.89, 3.3, 3.49, 4.14, 5.74, 6.36], [2.28, 2.64, 2.35, 2.19, 2.18, 1.82, 1.93, 1.76, 1.92, 1.93, 1.73, 1.9, 1.9, 1.32, 1.36, 1.43, 1.25, 0, 1.81, 2.4, 2.34, 2.35, 2.44, 2.21, 2.35, 2.26, 2.37, 2.967, 2.63, 2.54, 2.79, 3.39, 3.15, 2.51, 2.44, 2.28, 1.67, 2.31, 2.7, 3.07, 3.26, 2.78, 2.51, 2.37, 2.17, 2.33, 2.76, 3.26, 3.415, 3.435, 3.655, 3.6, 3.801, 3.84, 3.75, 4.06, 4.95, 4.999, 4.3, 4.03, 4.648, 5.555, 6.62, 6.743, 6.26, 4.55, 3.803, 4.238, 3.56, 2.63, 1.95, 1.69, 1.54, 1.77, 1.56, 1.35, 1.77, 2.64, 2.05, 1.55, 1.84, 3.19, 3.38, 4.01, 5.65, 6.23], [1.55, 1.73, 1.76, 1.7, 2.05, 2.49, 2.78, 2.79, 2.23, 1.58, 1.44, 1.57, 1.77, 1.97, 2.25, 2.52, 1.82, 1.81, 0, 1.43, 2.27, 2.7, 2.65, 2.4, 2.5, 2.91, 3.4, 4.5, 4.2, 4.11, 4.34, 4.88, 4.64, 3.88, 4.07, 3.71, 2.54, 3.02, 2.87, 2.84, 2.89, 2.71, 2.3, 2.22, 2.28, 1.8, 1.97, 2.67, 2.85, 2.89, 2.87, 2.86, 2.9, 2.65, 2.88, 2.87, 3.64, 3.69, 3.17, 3.36, 4.15, 4.98, 5.764, 5.887, 5.184, 3.637, 3.06, 3.33, 2.75, 2.12, 1.66, 1.84, 2.81, 3.14, 2.75, 2.44, 2.9, 3.77, 3.32, 2.56, 2.89, 4.66, 4.91, 5.46, 7.12, 7.66], [2.0, 1.54, 1.53, 1.75, 2.66, 3.16, 3.47, 3.5, 3.06, 2.27, 2.23, 2.22, 2.54, 2.56, 2.58, 2.85, 2.19, 2.4, 1.43, 0, 1.22, 2.25, 2.5, 1.89, 2.21, 3.06, 3.909, 5.05, 4.742, 4.657, 4.884, 5.49, 5.23, 4.47, 4.534, 4.22, 2.73, 3.09, 2.92, 2.61, 2.62, 2.62, 2.41, 2.45, 2.35, 2.35, 2.06, 2.12, 2.42, 2.58, 2.3, 2.57, 2.79, 2.56, 2.43, 2.2, 2.89, 2.94, 2.36, 2.29, 2.99, 3.74, 4.634, 4.754, 4.223, 2.68, 2.53, 2.78, 2.44, 2.13, 2.05, 2.33, 3.54, 3.85, 3.44, 3.05, 3.51, 4.36, 3.95, 3.21, 3.64, 5.29, 5.463, 6.13, 7.759, 8.384], [2.34, 2.06, 1.97, 2.13, 3.1, 3.38, 3.55, 3.64, 3.38, 3.01, 2.81, 2.74, 2.94, 2.68, 2.28, 2.33, 2.21, 2.34, 2.27, 1.22, 0, 1.49, 1.9, 1.39, 1.67, 2.459, 3.309, 4.553, 4.247, 4.22, 4.47, 4.967, 4.71, 3.81, 4.08, 3.78, 2.37, 2.65, 2.84, 2.65, 2.92, 2.86, 3.01, 2.89, 2.57, 2.91, 2.7, 2.42, 2.7, 2.94, 2.94, 3.35, 3.61, 3.4, 2.97, 2.86, 3.45, 3.48, 2.88, 2.43, 2.75, 3.42, 4.56, 4.683, 4.24, 3.0, 2.87, 3.18, 2.9, 2.45, 2.25, 2.77, 3.3, 3.61, 3.26, 2.95, 3.43, 4.08, 3.75, 3.07, 3.28, 4.89, 5.04, 5.75, 7.35, 7.99], [2.81, 2.73, 2.6, 2.68, 3.23, 3.61, 3.74, 3.65, 3.57, 3.36, 3.1, 3.03, 3.19, 2.69, 2.13, 1.88, 2.28, 2.35, 2.7, 2.25, 1.49, 0, 0.85, 0.92, 1.06, 1.47, 2.26, 3.654, 3.5, 3.49, 3.76, 3.86, 3.86, 2.88, 3.33, 3.03, 1.98, 2.36, 2.99, 3.18, 3.39, 3.25, 3.28, 3.3, 2.96, 3.26, 3.25, 3.21, 3.35, 3.49, 3.61, 3.98, 4.24, 4.13, 3.72, 3.95, 4.76, 4.83, 4.07, 3.639, 3.58, 4.25, 5.387, 5.547, 5.484, 4.239, 3.48, 3.93, 3.65, 3.0, 2.64, 3.14, 3.15, 3.12, 2.95, 2.76, 2.94, 3.45, 3.16, 2.6, 2.65, 4.04, 4.19, 4.98, 6.54, 7.28], [2.82, 3.0, 2.79, 2.77, 3.18, 3.6, 3.73, 3.62, 3.54, 3.35, 3.11, 3.06, 3.18, 2.7, 2.14, 2.09, 2.43, 2.44, 2.65, 2.5, 1.9, 0.85, 0, 0.79, 0.91, 1.2, 1.93, 3.29, 3.13, 3.24, 3.57, 3.57, 3.59, 2.61, 3.06, 2.76, 2.01, 2.59, 3.26, 3.45, 3.78, 3.54, 3.63, 3.61, 3.19, 3.57, 3.54, 3.46, 3.74, 3.82, 4.022, 4.33, 4.57, 4.38, 4.05, 4.248, 5.15, 5.228, 4.451, 4.003, 3.957, 4.687, 5.894, 6.054, 5.914, 4.642, 3.89, 4.28, 3.96, 3.29, 2.87, 3.27, 3.18, 3.07, 2.92, 2.95, 2.89, 3.24, 2.95, 2.51, 2.38, 3.69, 3.84, 4.61, 6.19, 6.93], [2.55, 2.57, 2.4, 2.42, 3.03, 3.31, 3.44, 3.41, 3.21, 3.06, 2.84, 2.79, 2.89, 2.39, 1.99, 1.88, 2.2, 2.21, 2.4, 1.89, 1.39, 0.92, 0.79, 0, 0.64, 1.33, 2.26, 3.64, 3.44, 3.45, 3.72, 3.98, 3.96, 3.02, 3.31, 2.99, 1.92, 2.38, 2.89, 3.08, 3.37, 3.17, 3.26, 3.26, 2.84, 3.28, 3.13, 3.07, 3.35, 3.49, 3.57, 3.88, 4.14, 3.97, 3.58, 3.71, 4.528, 4.598, 3.861, 3.353, 3.435, 4.197, 5.427, 5.547, 5.362, 4.021, 3.44, 3.79, 3.49, 3.0, 2.64, 3.06, 2.97, 3.04, 2.79, 2.82, 3.14, 3.59, 3.28, 2.54, 2.53, 4.06, 4.21, 4.98, 6.54, 7.24], [2.67, 2.73, 2.58, 2.46, 3.05, 3.39, 3.52, 3.45, 3.29, 3.14, 2.88, 2.89, 2.97, 2.49, 2.07, 2.0, 2.36, 2.35, 2.5, 2.21, 1.67, 1.06, 0.91, 0.64, 0, 1.15, 2.16, 3.54, 3.34, 3.37, 3.62, 3.9, 3.9, 2.96, 3.29, 2.93, 1.96, 2.5, 2.93, 3.12, 3.43, 3.21, 3.34, 3.36, 2.94, 3.42, 3.27, 3.19, 3.53, 3.59, 3.71, 3.94, 4.14, 4.03, 3.56, 3.85, 4.673, 4.743, 3.966, 3.511, 3.473, 4.177, 5.387, 5.527, 5.362, 4.161, 3.44, 3.81, 3.49, 3.06, 2.76, 3.14, 2.99, 3.06, 2.83, 2.9, 3.26, 3.65, 3.38, 2.66, 2.59, 3.98, 4.13, 4.9, 6.46, 7.16], [3.04, 3.308, 3.01, 2.81, 2.84, 3.08, 3.21, 3.14, 3.08, 3.11, 2.89, 2.84, 2.82, 2.32, 1.86, 1.79, 2.21, 2.26, 2.91, 3.06, 2.459, 1.47, 1.2, 1.33, 1.15, 0, 1.37, 2.59, 2.53, 2.66, 2.77, 2.85, 2.99, 2.25, 2.62, 2.04, 1.73, 2.55, 3.38, 3.81, 4.1, 3.66, 3.69, 3.69, 3.27, 3.75, 3.7, 4.059, 4.262, 4.34, 4.56, 4.483, 4.79, 4.82, 4.406, 4.836, 5.726, 5.796, 5.019, 4.558, 4.398, 4.904, 6.046, 6.206, 6.236, 5.19, 4.266, 4.676, 4.176, 3.57, 3.05, 3.05, 2.72, 2.63, 2.42, 2.67, 2.87, 3.04, 2.89, 2.39, 2.12, 3.05, 3.22, 3.99, 5.55, 6.39], [3.49, 4.075, 3.685, 3.445, 3.11, 2.61, 2.62, 2.59, 2.95, 3.26, 3.2, 3.15, 2.97, 2.29, 1.93, 1.88, 2.28, 2.37, 3.4, 3.909, 3.309, 2.26, 1.93, 2.26, 2.16, 1.37, 0, 1.7, 1.5, 1.71, 2.08, 2.02, 2.06, 1.52, 2.01, 1.65, 1.88, 2.8, 3.949, 4.462, 4.672, 4.271, 4.18, 4.1, 3.805, 4.14, 4.369, 4.755, 4.932, 4.912, 5.212, 5.167, 5.505, 5.509, 5.202, 5.672, 6.562, 6.652, 5.875, 5.428, 5.321, 5.988, 7.23, 7.39, 7.25, 6.055, 5.033, 5.417, 5.023, 4.071, 3.373, 3.14, 2.31, 2.12, 1.91, 2.38, 2.34, 2.35, 2.3, 2.04, 1.65, 2.1, 2.23, 3.04, 4.58, 5.34], [4.392, 5.135, 4.745, 4.465, 3.97, 2.99, 2.76, 2.69, 3.27, 3.9, 4.06, 4.13, 3.89, 3.15, 2.73, 2.66, 3.14, 2.967, 4.5, 5.05, 4.553, 3.654, 3.29, 3.64, 3.54, 2.59, 1.7, 0, 0.8, 1.01, 1.08, 1.14, 1.62, 1.86, 1.87, 1.71, 2.78, 3.76, 4.949, 5.499, 5.708, 5.28, 5.145, 5.105, 4.911, 5.09, 5.557, 5.938, 6.124, 6.101, 6.341, 6.266, 6.565, 6.692, 6.385, 6.855, 7.745, 7.835, 7.058, 6.634, 6.434, 7.099, 8.244, 8.361, 8.22, 7.163, 6.093, 6.503, 6.084, 5.074, 4.234, 3.594, 2.33, 2.08, 2.37, 3.08, 2.84, 2.49, 2.42, 2.64, 2.07, 1.16, 1.19, 1.72, 3.18, 4.12], [4.055, 4.778, 4.408, 4.14, 3.55, 2.59, 2.36, 2.17, 2.89, 3.54, 3.7, 3.75, 3.43, 2.75, 2.41, 2.58, 2.82, 2.63, 4.2, 4.742, 4.247, 3.5, 3.13, 3.44, 3.34, 2.53, 1.5, 0.8, 0, 0.67, 0.98, 1.46, 1.78, 1.74, 1.61, 1.47, 2.44, 3.328, 4.592, 5.145, 5.355, 4.946, 4.81, 4.788, 4.594, 4.756, 5.221, 5.604, 5.807, 5.767, 6.004, 5.894, 6.228, 6.355, 6.048, 6.518, 7.408, 7.498, 6.721, 6.317, 6.186, 7.022, 8.224, 8.304, 8.004, 6.844, 5.757, 6.167, 5.727, 4.737, 3.897, 3.257, 2.01, 1.74, 1.93, 2.62, 2.42, 2.25, 2.02, 2.26, 1.65, 1.26, 1.23, 1.74, 3.28, 4.06], [4.0, 4.742, 4.37, 4.07, 3.48, 2.44, 2.17, 1.96, 2.68, 3.43, 3.59, 3.66, 3.32, 2.62, 2.34, 2.51, 2.75, 2.54, 4.11, 4.657, 4.22, 3.49, 3.24, 3.45, 3.37, 2.66, 1.71, 1.01, 0.67, 0, 0.91, 1.81, 2.15, 1.89, 1.74, 1.64, 2.37, 3.29, 4.516, 5.069, 5.279, 4.876, 4.718, 4.698, 4.504, 4.664, 5.114, 5.514, 5.717, 5.677, 5.897, 5.818, 6.141, 6.268, 5.961, 6.431, 7.341, 7.411, 6.614, 6.244, 6.128, 7.038, 8.22, 8.3, 7.98, 6.757, 5.65, 6.06, 5.651, 4.65, 3.85, 3.17, 1.86, 1.59, 1.84, 2.59, 2.57, 2.48, 2.13, 2.17, 1.64, 1.59, 1.46, 1.75, 3.27, 3.97], [4.21, 4.969, 4.58, 4.3, 3.71, 2.73, 2.36, 2.29, 3.01, 3.66, 3.82, 3.93, 3.65, 2.93, 2.61, 2.66, 2.96, 2.79, 4.34, 4.884, 4.47, 3.76, 3.57, 3.72, 3.62, 2.77, 2.08, 1.08, 0.98, 0.91, 0, 1.52, 1.96, 1.86, 1.79, 1.49, 2.58, 3.52, 4.77, 5.276, 5.486, 5.092, 4.928, 4.891, 4.697, 4.854, 5.304, 5.707, 5.91, 5.87, 6.09, 6.045, 6.374, 6.47, 6.171, 6.641, 7.54, 7.621, 6.824, 6.44, 6.283, 7.116, 8.115, 8.232, 8.061, 6.915, 5.86, 6.27, 5.878, 4.86, 4.08, 3.403, 2.05, 1.76, 1.99, 2.64, 2.64, 2.65, 2.3, 2.5, 2.05, 1.34, 1.27, 1.46, 3.08, 4.06], [4.91, 5.63, 5.24, 4.98, 4.45, 3.53, 3.3, 3.33, 4.01, 4.46, 4.54, 4.73, 4.55, 3.75, 3.27, 3.08, 3.54, 3.39, 4.88, 5.49, 4.967, 3.86, 3.57, 3.98, 3.9, 2.85, 2.02, 1.14, 1.46, 1.81, 1.52, 0, 1.44, 1.72, 1.95, 1.89, 3.22, 4.14, 5.406, 5.939, 6.143, 5.709, 5.579, 5.502, 5.308, 5.525, 5.975, 6.355, 6.538, 6.518, 6.758, 6.665, 7.022, 7.149, 6.842, 7.312, 8.22, 8.292, 7.495, 7.051, 6.831, 7.327, 8.261, 8.444, 8.568, 7.577, 6.511, 6.921, 6.541, 5.531, 4.731, 4.111, 2.95, 2.56, 2.71, 3.26, 2.86, 2.37, 2.44, 3.06, 2.53, 0.98, 1.01, 1.9, 3.18, 4.28], [4.69, 5.23, 4.94, 4.78, 4.39, 3.63, 3.44, 3.39, 4.05, 4.46, 4.44, 4.67, 4.51, 3.73, 3.17, 3.0, 3.26, 3.15, 4.64, 5.23, 4.71, 3.86, 3.59, 3.96, 3.9, 2.99, 2.06, 1.62, 1.78, 2.15, 1.96, 1.44, 0, 1.18, 1.65, 1.97, 3.12, 3.78, 4.938, 5.491, 5.688, 5.312, 5.131, 5.031, 4.837, 5.039, 5.489, 5.867, 6.05, 6.03, 6.27, 6.259, 6.573, 6.603, 6.296, 6.766, 7.676, 7.746, 6.969, 6.52, 6.3, 7.048, 8.147, 8.264, 8.203, 7.097, 6.062, 6.472, 6.072, 4.985, 4.402, 4.0, 3.11, 2.7, 2.69, 2.9, 2.48, 2.09, 2.3, 2.98, 2.47, 1.4, 1.41, 1.88, 3.18, 4.18], [4.01, 4.666, 4.3, 4.1, 3.71, 3.03, 2.88, 2.81, 3.43, 3.76, 3.68, 3.95, 3.77, 3.05, 2.49, 2.26, 2.6, 2.51, 3.88, 4.47, 3.81, 2.88, 2.61, 3.02, 2.96, 2.25, 1.52, 1.86, 1.74, 1.89, 1.86, 1.72, 1.18, 0, 1.11, 1.55, 2.4, 3.18, 4.4, 4.938, 5.148, 4.731, 4.581, 4.493, 4.236, 4.479, 4.886, 5.246, 5.409, 5.389, 5.705, 5.669, 6.016, 6.021, 5.713, 6.143, 7.053, 7.123, 6.326, 5.908, 5.784, 6.514, 7.742, 7.862, 7.715, 6.548, 5.525, 5.955, 5.535, 4.465, 3.785, 3.46, 2.57, 2.16, 2.13, 2.24, 2.02, 1.89, 1.76, 2.36, 1.91, 1.76, 1.83, 2.22, 3.78, 4.58], [4.06, 4.682, 4.292, 4.03, 3.42, 2.74, 2.55, 2.5, 3.28, 3.73, 3.57, 3.66, 3.5, 2.66, 2.28, 2.33, 2.57, 2.44, 4.07, 4.534, 4.08, 3.33, 3.06, 3.31, 3.29, 2.62, 2.01, 1.87, 1.61, 1.74, 1.79, 1.95, 1.65, 1.11, 0, 1.36, 2.25, 3.21, 4.436, 4.989, 5.195, 4.793, 4.649, 4.578, 4.304, 4.538, 4.928, 5.294, 5.483, 5.457, 5.771, 5.758, 6.052, 6.062, 5.755, 6.225, 7.135, 7.205, 6.408, 6.007, 5.914, 6.944, 8.072, 8.172, 7.823, 6.631, 5.581, 6.011, 5.571, 4.524, 3.801, 3.21, 2.36, 1.95, 1.94, 2.17, 1.83, 1.8, 1.61, 2.13, 1.88, 1.87, 1.76, 2.01, 3.41, 4.13], [3.44, 4.16, 3.77, 3.47, 2.9, 2.34, 2.43, 2.32, 2.7, 3.17, 3.13, 3.08, 2.8, 2.12, 1.9, 1.95, 2.31, 2.28, 3.71, 4.22, 3.78, 3.03, 2.76, 2.99, 2.93, 2.04, 1.65, 1.71, 1.47, 1.64, 1.49, 1.89, 1.97, 1.55, 1.36, 0, 1.75, 2.69, 3.94, 4.498, 4.708, 4.354, 4.198, 4.164, 3.99, 4.15, 4.6, 5.0, 5.223, 5.163, 5.383, 5.239, 5.627, 5.74, 5.45, 5.92, 6.81, 6.9, 6.12, 5.733, 5.55, 6.398, 7.397, 7.474, 7.33, 6.203, 5.13, 5.54, 5.1, 4.15, 3.33, 3.03, 2.08, 1.79, 1.64, 1.87, 1.81, 1.86, 1.71, 1.73, 1.4, 1.57, 1.52, 2.15, 3.77, 4.71], [2.37, 2.65, 2.3, 2.1, 2.05, 2.19, 2.3, 2.19, 2.41, 2.52, 2.28, 2.03, 1.97, 1.41, 1.13, 1.38, 1.56, 1.67, 2.54, 2.73, 2.37, 1.98, 2.01, 1.92, 1.96, 1.73, 1.88, 2.78, 2.44, 2.37, 2.58, 3.22, 3.12, 2.4, 2.25, 1.75, 0, 1.36, 2.37, 2.88, 3.15, 2.77, 2.62, 2.64, 2.36, 2.68, 2.95, 3.35, 3.61, 3.59, 3.75, 3.7, 4.0, 4.01, 3.72, 4.19, 5.06, 5.15, 4.43, 4.08, 4.04, 5.23, 6.278, 6.338, 5.898, 4.516, 3.481, 3.879, 3.475, 2.58, 2.18, 2.3, 1.85, 1.72, 1.59, 1.66, 1.9, 2.09, 1.94, 1.32, 1.31, 2.9, 3.07, 3.64, 5.22, 5.82], [2.55, 2.51, 2.34, 2.3, 2.53, 2.75, 2.98, 2.91, 2.89, 3.02, 2.82, 2.51, 2.51, 2.11, 1.87, 2.14, 2.32, 2.31, 3.02, 3.09, 2.65, 2.36, 2.59, 2.38, 2.5, 2.55, 2.8, 3.76, 3.328, 3.29, 3.52, 4.14, 3.78, 3.18, 3.21, 2.69, 1.36, 0, 1.43, 1.94, 2.11, 2.01, 1.76, 1.82, 1.66, 2.12, 2.13, 2.51, 2.85, 2.81, 3.03, 2.94, 3.06, 3.15, 2.9, 3.43, 4.24, 4.33, 3.65, 3.38, 3.54, 4.77, 5.784, 5.844, 5.281, 3.756, 2.62, 2.979, 2.55, 2.04, 2.02, 2.78, 2.41, 2.32, 2.23, 2.08, 2.28, 2.51, 2.4, 1.88, 1.95, 3.8, 3.93, 4.4, 5.9, 6.38], [2.64, 2.48, 2.37, 2.37, 2.86, 3.14, 3.47, 3.54, 3.12, 3.17, 2.95, 2.66, 2.78, 2.62, 2.56, 2.83, 2.69, 2.7, 2.87, 2.92, 2.84, 2.99, 3.26, 2.89, 2.93, 3.38, 3.949, 4.949, 4.592, 4.516, 4.77, 5.406, 4.938, 4.4, 4.436, 3.94, 2.37, 1.43, 0, 0.75, 1.06, 0.9, 1.19, 1.23, 1.21, 1.91, 1.66, 1.62, 1.92, 1.76, 1.78, 1.71, 1.87, 2.02, 1.85, 2.36, 3.11, 3.12, 2.4, 2.17, 2.623, 3.85, 4.82, 4.88, 4.3, 2.578, 1.77, 2.08, 1.64, 1.69, 2.09, 3.03, 3.22, 3.41, 3.2, 2.85, 3.21, 3.7, 3.53, 2.77, 3.08, 5.03, 5.18, 5.63, 7.15, 7.63], [2.33, 2.17, 2.12, 2.18, 2.93, 3.29, 3.68, 3.83, 3.29, 3.02, 2.94, 2.73, 2.91, 2.95, 2.99, 3.24, 2.86, 3.07, 2.84, 2.61, 2.65, 3.18, 3.45, 3.08, 3.12, 3.81, 4.462, 5.499, 5.145, 5.069, 5.276, 5.939, 5.491, 4.938, 4.989, 4.498, 2.88, 1.94, 0.75, 0, 0.61, 0.91, 1.36, 1.34, 1.38, 1.76, 1.53, 1.23, 1.65, 1.43, 1.39, 1.44, 1.62, 1.67, 1.5, 1.99, 2.62, 2.59, 1.91, 1.78, 2.24, 3.33, 4.273, 4.373, 3.78, 2.09, 1.28, 1.69, 1.31, 1.4, 1.9, 3.0, 3.57, 3.86, 3.57, 3.32, 3.78, 4.23, 4.06, 3.32, 3.63, 5.559, 5.718, 6.169, 7.666, 8.174], [2.22, 1.96, 2.05, 2.03, 2.74, 3.18, 3.61, 3.8, 3.12, 2.77, 2.79, 2.54, 2.84, 2.98, 3.18, 3.412, 2.91, 3.26, 2.89, 2.62, 2.92, 3.39, 3.78, 3.37, 3.43, 4.1, 4.672, 5.708, 5.355, 5.279, 5.486, 6.143, 5.688, 5.148, 5.195, 4.708, 3.15, 2.11, 1.06, 0.61, 0, 0.92, 1.15, 1.27, 1.47, 1.57, 1.46, 1.14, 1.54, 1.22, 1.34, 1.35, 1.41, 1.58, 1.37, 1.86, 2.47, 2.5, 1.88, 1.71, 2.41, 3.4, 4.3, 4.383, 3.81, 2.12, 1.21, 1.5, 1.26, 1.21, 1.85, 2.87, 3.6, 3.89, 3.7, 3.39, 3.87, 4.24, 4.07, 3.33, 3.837, 5.766, 5.928, 6.361, 7.873, 8.282], [2.66, 2.32, 2.31, 2.23, 2.74, 3.2, 3.57, 3.66, 3.2, 2.95, 2.71, 2.44, 2.72, 2.7, 2.8, 3.05, 2.65, 2.78, 2.71, 2.62, 2.86, 3.25, 3.54, 3.17, 3.21, 3.66, 4.271, 5.28, 4.946, 4.876, 5.092, 5.709, 5.312, 4.731, 4.793, 4.354, 2.77, 2.01, 0.9, 0.91, 0.92, 0, 0.91, 0.95, 1.01, 1.51, 1.34, 1.28, 1.54, 1.28, 1.46, 1.35, 1.49, 1.76, 1.49, 1.94, 2.67, 2.68, 2.06, 1.87, 2.49, 3.64, 4.58, 4.65, 4.01, 2.28, 1.57, 1.82, 1.3, 1.33, 2.05, 2.79, 3.34, 3.65, 3.34, 2.87, 3.33, 4.037, 3.69, 2.99, 3.494, 5.367, 5.588, 6.076, 7.701, 8.196], [2.55, 2.23, 2.22, 2.14, 2.59, 2.85, 3.18, 3.19, 2.81, 2.42, 2.22, 2.03, 2.41, 2.43, 2.65, 2.94, 2.42, 2.51, 2.3, 2.41, 3.01, 3.28, 3.63, 3.26, 3.34, 3.69, 4.18, 5.145, 4.81, 4.718, 4.928, 5.579, 5.131, 4.581, 4.649, 4.198, 2.62, 1.76, 1.19, 1.36, 1.15, 0.91, 0, 0.72, 0.9, 1.08, 1.07, 1.49, 1.61, 1.57, 1.75, 1.66, 1.62, 1.83, 1.66, 2.03, 2.76, 2.79, 2.27, 2.26, 3.12, 4.17, 5.09, 5.173, 4.53, 2.65, 1.76, 2.09, 1.55, 1.26, 1.94, 2.68, 3.11, 3.4, 3.13, 2.74, 3.04, 3.81, 3.44, 2.78, 3.267, 5.202, 5.421, 5.871, 7.446, 7.932], [2.47, 2.19, 2.32, 2.18, 2.59, 2.79, 3.14, 3.11, 2.73, 2.46, 2.28, 2.05, 2.33, 2.47, 2.63, 2.84, 2.44, 2.37, 2.22, 2.45, 2.89, 3.3, 3.61, 3.26, 3.36, 3.69, 4.1, 5.105, 4.788, 4.698, 4.891, 5.502, 5.031, 4.493, 4.578, 4.164, 2.64, 1.82, 1.23, 1.34, 1.27, 0.95, 0.72, 0, 0.72, 1.04, 1.07, 1.35, 1.61, 1.49, 1.91, 1.76, 1.68, 1.89, 1.86, 2.15, 2.94, 2.97, 2.45, 2.32, 3.14, 4.19, 5.095, 5.235, 4.555, 2.69, 1.84, 2.25, 1.79, 1.22, 1.94, 2.66, 3.01, 3.34, 3.07, 2.64, 3.02, 3.81, 3.4, 2.72, 3.307, 5.151, 5.421, 5.877, 7.463, 7.932], [2.57, 2.19, 2.24, 2.14, 2.71, 2.87, 3.12, 3.07, 2.83, 2.6, 2.3, 2.07, 2.29, 2.37, 2.41, 2.66, 2.42, 2.17, 2.28, 2.35, 2.57, 2.96, 3.19, 2.84, 2.94, 3.27, 3.805, 4.911, 4.594, 4.504, 4.697, 5.308, 4.837, 4.236, 4.304, 3.99, 2.36, 1.66, 1.21, 1.38, 1.47, 1.01, 0.9, 0.72, 0, 1.08, 1.03, 1.37, 1.65, 1.63, 2.01, 1.94, 1.9, 2.03, 1.88, 2.21, 3.04, 3.09, 2.51, 2.34, 3.14, 4.25, 5.253, 5.373, 4.713, 2.83, 1.98, 2.35, 1.77, 1.36, 1.98, 2.74, 2.87, 3.14, 2.89, 2.48, 2.84, 3.59, 3.2, 2.615, 3.113, 4.957, 5.227, 5.683, 7.272, 7.717], [2.07, 1.87, 1.98, 1.9, 2.43, 2.75, 2.98, 2.987, 2.51, 2.02, 1.76, 1.79, 2.07, 2.39, 2.564, 2.808, 2.22, 2.33, 1.8, 2.35, 2.91, 3.26, 3.57, 3.28, 3.42, 3.75, 4.14, 5.09, 4.756, 4.664, 4.854, 5.525, 5.039, 4.479, 4.538, 4.15, 2.68, 2.12, 1.91, 1.76, 1.57, 1.51, 1.08, 1.04, 1.08, 0, 0.87, 1.57, 1.83, 1.73, 2.05, 2.0, 1.92, 1.89, 1.88, 2.17, 2.94, 2.91, 2.53, 2.68, 3.48, 4.47, 5.218, 5.338, 4.72, 2.79, 1.94, 2.33, 1.87, 1.16, 1.54, 2.3, 3.01, 3.3, 3.05, 2.66, 3.02, 3.75, 3.36, 2.72, 3.273, 5.148, 5.367, 5.843, 7.452, 7.917], [2.26, 1.7, 1.83, 1.93, 2.52, 3.04, 3.33, 3.44, 2.98, 2.39, 2.17, 2.0, 2.46, 2.703, 2.894, 3.101, 2.606, 2.76, 1.97, 2.06, 2.7, 3.25, 3.54, 3.13, 3.27, 3.7, 4.369, 5.557, 5.221, 5.114, 5.304, 5.975, 5.489, 4.886, 4.928, 4.6, 2.95, 2.13, 1.66, 1.53, 1.46, 1.34, 1.07, 1.07, 1.03, 0.87, 0, 1.2, 1.44, 1.38, 1.6, 1.63, 1.47, 1.54, 1.37, 1.6, 2.45, 2.44, 1.94, 2.19, 3.01, 4.04, 4.885, 5.005, 4.365, 2.44, 1.61, 1.94, 1.5, 1.25, 1.79, 2.61, 3.42, 3.71, 3.5, 3.07, 3.45, 4.18, 3.81, 3.156, 3.703, 5.598, 5.817, 6.293, 7.859, 8.307], [2.44, 1.98, 1.97, 2.17, 3.14, 3.6, 3.93, 4.02, 3.5, 3.05, 2.91, 2.78, 3.12, 3.18, 3.274, 3.461, 3.05, 3.26, 2.67, 2.12, 2.42, 3.21, 3.46, 3.07, 3.19, 4.059, 4.755, 5.938, 5.604, 5.514, 5.707, 6.355, 5.867, 5.246, 5.294, 5.0, 3.35, 2.51, 1.62, 1.23, 1.14, 1.28, 1.49, 1.35, 1.37, 1.57, 1.2, 0, 0.78, 0.84, 0.96, 1.33, 1.39, 1.3, 1.11, 1.32, 2.09, 2.14, 1.44, 1.37, 2.01, 3.04, 4.02, 4.105, 3.505, 1.74, 1.21, 1.36, 1.28, 1.31, 1.99, 2.97, 3.84, 4.17, 3.88, 3.51, 3.91, 4.62, 4.23, 3.605, 4.123, 5.987, 6.237, 6.693, 8.282, 8.767], [2.98, 2.46, 2.45, 2.67, 3.5, 3.96, 4.29, 4.34, 3.896, 3.269, 3.109, 2.999, 3.459, 3.507, 3.497, 3.663, 3.35, 3.415, 2.85, 2.42, 2.7, 3.35, 3.74, 3.35, 3.53, 4.262, 4.932, 6.124, 5.807, 5.717, 5.91, 6.538, 6.05, 5.409, 5.483, 5.223, 3.61, 2.85, 1.92, 1.65, 1.54, 1.54, 1.61, 1.61, 1.65, 1.83, 1.44, 0.78, 0, 0.7, 1.14, 1.61, 1.65, 1.76, 1.39, 1.56, 2.25, 2.32, 1.72, 1.73, 2.27, 3.14, 4.19, 4.29, 3.67, 2.04, 1.49, 1.72, 1.68, 1.73, 2.51, 3.49, 4.1, 4.43, 4.12, 3.67, 4.05, 4.8, 4.487, 3.776, 4.369, 6.176, 6.446, 6.939, 8.564, 9.01], [2.64, 2.28, 2.33, 2.39, 3.16, 3.82, 4.13, 4.28, 3.784, 3.27, 3.15, 3.02, 3.4, 3.444, 3.477, 3.643, 3.29, 3.435, 2.89, 2.58, 2.94, 3.49, 3.82, 3.49, 3.59, 4.34, 4.912, 6.101, 5.767, 5.677, 5.87, 6.518, 6.03, 5.389, 5.457, 5.163, 3.59, 2.81, 1.76, 1.43, 1.22, 1.28, 1.57, 1.49, 1.63, 1.73, 1.38, 0.84, 0.7, 0, 0.9, 1.19, 1.37, 1.42, 1.21, 1.52, 2.23, 2.28, 1.64, 1.75, 2.09, 3.0, 4.01, 4.11, 3.51, 1.86, 1.33, 1.52, 1.28, 1.41, 2.33, 3.19, 4.04, 4.37, 4.08, 3.65, 4.07, 4.74, 4.43, 3.745, 4.309, 6.156, 6.406, 6.879, 8.504, 8.95], [2.86, 2.38, 2.31, 2.59, 3.48, 4.16, 4.45, 4.578, 4.081, 3.411, 3.371, 3.321, 3.681, 3.581, 3.657, 3.921, 3.349, 3.655, 2.87, 2.3, 2.94, 3.61, 4.022, 3.57, 3.71, 4.56, 5.212, 6.341, 6.004, 5.897, 6.09, 6.758, 6.27, 5.705, 5.771, 5.383, 3.75, 3.03, 1.78, 1.39, 1.34, 1.46, 1.75, 1.91, 2.01, 2.05, 1.6, 0.96, 1.14, 0.9, 0, 0.81, 1.07, 1.4, 1.09, 1.3, 1.85, 1.8, 1.22, 1.43, 1.67, 2.56, 3.41, 3.49, 2.93, 1.48, 1.29, 1.38, 1.26, 1.69, 2.45, 3.21, 4.44, 4.75, 4.38, 4.01, 4.31, 5.22, 4.83, 4.139, 4.566, 6.404, 6.62, 7.127, 8.784, 9.313], [2.83, 2.25, 2.44, 2.52, 3.27, 4.003, 4.415, 4.485, 3.89, 3.34, 3.26, 3.088, 3.391, 3.477, 3.669, 3.931, 3.312, 3.6, 2.86, 2.57, 3.35, 3.98, 4.33, 3.88, 3.94, 4.483, 5.167, 6.266, 5.894, 5.818, 6.045, 6.665, 6.259, 5.669, 5.758, 5.239, 3.7, 2.94, 1.71, 1.44, 1.35, 1.35, 1.66, 1.76, 1.94, 2.0, 1.63, 1.33, 1.61, 1.19, 0.81, 0, 0.9, 1.25, 1.2, 1.47, 2.02, 1.99, 1.45, 1.82, 2.1, 2.83, 3.52, 3.64, 3.04, 1.61, 1.34, 1.35, 1.05, 1.74, 2.46, 3.08, 4.43, 4.72, 4.39, 3.92, 4.28, 5.11, 4.818, 4.018, 4.49, 6.374, 6.478, 7.017, 8.674, 9.223], [2.93, 2.27, 2.52, 2.54, 3.39, 4.05, 4.42, 4.51, 3.91, 3.2, 2.98, 2.91, 3.39, 3.71, 4.001, 4.225, 3.68, 3.801, 2.9, 2.79, 3.61, 4.24, 4.57, 4.14, 4.14, 4.79, 5.505, 6.565, 6.228, 6.141, 6.374, 7.022, 6.573, 6.016, 6.052, 5.627, 4.0, 3.06, 1.87, 1.62, 1.41, 1.49, 1.62, 1.68, 1.9, 1.92, 1.47, 1.39, 1.65, 1.37, 1.07, 0.9, 0, 1.09, 1.08, 1.33, 1.7, 1.61, 1.51, 1.94, 2.38, 3.13, 3.92, 4.06, 3.375, 1.81, 1.66, 1.49, 1.35, 1.82, 2.66, 3.36, 4.47, 4.78, 4.55, 4.1, 4.5, 5.23, 4.86, 4.24, 4.75, 6.654, 6.864, 7.32, 8.886, 9.334], [2.7, 2.1, 2.37, 2.63, 3.4, 4.16, 4.43, 4.48, 3.96, 3.15, 3.11, 3.1, 3.32, 3.82, 4.008, 4.235, 3.71, 3.84, 2.65, 2.56, 3.4, 4.13, 4.38, 3.97, 4.03, 4.82, 5.509, 6.692, 6.355, 6.268, 6.47, 7.149, 6.603, 6.021, 6.062, 5.74, 4.01, 3.15, 2.02, 1.67, 1.58, 1.76, 1.83, 1.89, 2.03, 1.89, 1.54, 1.3, 1.76, 1.42, 1.4, 1.25, 1.09, 0, 0.89, 1.1, 1.55, 1.66, 1.44, 1.95, 2.55, 3.26, 3.81, 3.91, 3.21, 1.74, 1.73, 1.48, 1.38, 1.87, 2.51, 3.17, 4.62, 4.91, 4.66, 4.29, 4.69, 5.4, 4.99, 4.37, 4.82, 6.77, 6.98, 7.43, 8.97, 9.422], [2.61, 2.01, 2.06, 2.32, 3.11, 3.99, 4.32, 4.43, 3.91, 3.22, 3.14, 3.11, 3.51, 3.57, 3.701, 3.928, 3.42, 3.75, 2.88, 2.43, 2.97, 3.72, 4.05, 3.58, 3.56, 4.406, 5.202, 6.385, 6.048, 5.961, 6.171, 6.842, 6.296, 5.713, 5.755, 5.45, 3.72, 2.9, 1.85, 1.5, 1.37, 1.49, 1.66, 1.86, 1.88, 1.88, 1.37, 1.11, 1.39, 1.21, 1.09, 1.2, 1.08, 0.89, 0, 0.77, 1.42, 1.55, 1.21, 1.6, 2.22, 2.99, 3.79, 3.836, 3.227, 1.71, 1.56, 1.33, 1.21, 1.48, 2.34, 3.1, 4.33, 4.62, 4.37, 4.02, 4.36, 5.03, 4.64, 3.98, 4.55, 6.465, 6.684, 7.14, 8.74, 9.194], [2.98, 2.26, 2.45, 2.71, 3.6, 4.46, 4.75, 4.8, 4.32, 3.53, 3.39, 3.38, 3.8, 4.006, 4.171, 4.398, 3.883, 4.06, 2.87, 2.2, 2.86, 3.95, 4.248, 3.71, 3.85, 4.836, 5.672, 6.855, 6.518, 6.431, 6.641, 7.312, 6.766, 6.143, 6.225, 5.92, 4.19, 3.43, 2.36, 1.99, 1.86, 1.94, 2.03, 2.15, 2.21, 2.17, 1.6, 1.32, 1.56, 1.52, 1.3, 1.47, 1.33, 1.1, 0.77, 0, 1.09, 1.16, 0.94, 1.53, 2.15, 2.9, 3.543, 3.703, 3.01, 1.5, 1.79, 1.54, 1.52, 1.91, 2.81, 3.55, 4.88, 5.17, 4.88, 4.41, 4.77, 5.58, 5.19, 4.45, 5.04, 6.95, 7.154, 7.63, 9.259, 9.724], [3.73, 3.01, 3.24, 3.52, 4.41, 5.27, 5.58, 5.63, 5.09, 4.24, 4.08, 4.13, 4.53, 4.876, 5.081, 5.308, 4.8, 4.95, 3.64, 2.89, 3.45, 4.76, 5.15, 4.528, 4.673, 5.726, 6.562, 7.745, 7.408, 7.341, 7.54, 8.22, 7.676, 7.053, 7.135, 6.81, 5.06, 4.24, 3.11, 2.62, 2.47, 2.67, 2.76, 2.94, 3.04, 2.94, 2.45, 2.09, 2.25, 2.23, 1.85, 2.02, 1.7, 1.55, 1.42, 1.09, 0, 0.55, 1.03, 1.58, 2.18, 2.65, 3.04, 3.14, 2.54, 1.35, 2.34, 1.97, 2.09, 2.78, 3.6, 4.32, 5.73, 6.02, 5.75, 5.32, 5.68, 6.43, 6.04, 5.34, 5.89, 7.84, 8.05, 8.5, 10.1, 10.574], [3.88, 3.12, 3.35, 3.61, 4.54, 5.38, 5.67, 5.72, 5.2, 4.35, 4.05, 4.16, 4.62, 4.946, 5.151, 5.378, 4.863, 4.999, 3.69, 2.94, 3.48, 4.83, 5.228, 4.598, 4.743, 5.796, 6.652, 7.835, 7.498, 7.411, 7.621, 8.292, 7.746, 7.123, 7.205, 6.9, 5.15, 4.33, 3.12, 2.59, 2.5, 2.68, 2.79, 2.97, 3.09, 2.91, 2.44, 2.14, 2.32, 2.28, 1.8, 1.99, 1.61, 1.66, 1.55, 1.16, 0.55, 0, 1.0, 1.55, 2.09, 2.44, 3.03, 3.15, 2.61, 1.34, 2.33, 2.06, 2.18, 2.85, 3.71, 4.47, 5.82, 6.11, 5.8, 5.41, 5.75, 6.54, 6.13, 5.45, 5.98, 7.915, 8.134, 8.59, 10.159, 10.644], [3.28, 2.64, 2.71, 2.99, 3.98, 4.74, 5.03, 5.08, 4.618, 3.85, 3.768, 3.775, 4.158, 4.203, 4.374, 4.581, 4.066, 4.3, 3.17, 2.36, 2.88, 4.07, 4.451, 3.861, 3.966, 5.019, 5.875, 7.058, 6.721, 6.614, 6.824, 7.495, 6.969, 6.326, 6.408, 6.12, 4.43, 3.65, 2.4, 1.91, 1.88, 2.06, 2.27, 2.45, 2.51, 2.53, 1.94, 1.44, 1.72, 1.64, 1.22, 1.45, 1.51, 1.44, 1.21, 0.94, 1.03, 1.0, 0, 0.93, 1.63, 2.44, 3.15, 3.25, 2.61, 1.08, 1.67, 1.56, 1.48, 2.25, 3.01, 3.73, 5.1, 5.39, 5.04, 4.71, 5.01, 5.86, 5.47, 4.85, 5.243, 7.118, 7.337, 7.804, 9.402, 9.95], [3.49, 2.95, 2.82, 3.06, 4.15, 4.65, 5.0, 5.07, 4.574, 4.02, 3.924, 3.854, 4.194, 4.074, 3.987, 4.168, 3.8, 4.03, 3.36, 2.29, 2.43, 3.639, 4.003, 3.353, 3.511, 4.558, 5.428, 6.634, 6.317, 6.244, 6.44, 7.051, 6.52, 5.908, 6.007, 5.733, 4.08, 3.38, 2.17, 1.78, 1.71, 1.87, 2.26, 2.32, 2.34, 2.68, 2.19, 1.37, 1.73, 1.75, 1.43, 1.82, 1.94, 1.95, 1.6, 1.53, 1.58, 1.55, 0.93, 0, 1.22, 2.25, 3.18, 3.28, 2.8, 1.31, 1.82, 1.81, 1.77, 2.32, 2.98, 3.88, 4.79, 5.08, 4.67, 4.42, 4.68, 5.57, 5.16, 4.54, 4.93, 6.734, 6.97, 7.497, 9.097, 9.663], [3.99, 3.59, 3.44, 3.72, 4.53, 5.33, 5.56, 5.73, 5.334, 4.89, 4.824, 4.754, 5.014, 4.714, 4.231, 4.178, 4.06, 4.648, 4.15, 2.99, 2.75, 3.58, 3.957, 3.435, 3.473, 4.398, 5.321, 6.434, 6.186, 6.128, 6.283, 6.831, 6.3, 5.784, 5.914, 5.55, 4.04, 3.54, 2.623, 2.24, 2.41, 2.49, 3.12, 3.14, 3.14, 3.48, 3.01, 2.01, 2.27, 2.09, 1.67, 2.1, 2.38, 2.55, 2.22, 2.15, 2.18, 2.09, 1.63, 1.22, 0, 1.43, 2.58, 2.68, 2.28, 1.65, 2.02, 2.01, 2.23, 2.88, 3.56, 4.38, 5.21, 5.36, 4.89, 5.0, 5.32, 5.75, 5.66, 5.013, 5.157, 6.5, 6.77, 7.341, 8.94, 9.661], [4.92, 4.5, 4.43, 4.67, 5.5, 6.36, 6.63, 6.78, 6.324, 5.874, 5.814, 5.744, 6.004, 5.724, 5.221, 4.977, 5.03, 5.555, 4.98, 3.74, 3.42, 4.25, 4.687, 4.197, 4.177, 4.904, 5.988, 7.099, 7.022, 7.038, 7.116, 7.327, 7.048, 6.514, 6.944, 6.398, 5.23, 4.77, 3.85, 3.33, 3.4, 3.64, 4.17, 4.19, 4.25, 4.47, 4.04, 3.04, 3.14, 3.0, 2.56, 2.83, 3.13, 3.26, 2.99, 2.9, 2.65, 2.44, 2.44, 2.25, 1.43, 0, 1.45, 1.61, 2.03, 1.96, 2.79, 2.76, 3.1, 3.83, 4.55, 5.33, 6.38, 6.61, 6.1, 6.11, 6.57, 7.0, 6.91, 6.26, 6.407, 7.396, 7.626, 8.348, 9.956, 10.834], [5.634, 5.154, 5.284, 5.59, 6.294, 7.263, 7.495, 7.665, 7.151, 6.641, 6.598, 6.605, 6.811, 6.66, 6.346, 6.187, 6.064, 6.62, 5.764, 4.634, 4.56, 5.387, 5.894, 5.427, 5.387, 6.046, 7.23, 8.244, 8.224, 8.22, 8.115, 8.261, 8.147, 7.742, 8.072, 7.397, 6.278, 5.784, 4.82, 4.273, 4.3, 4.58, 5.09, 5.095, 5.253, 5.218, 4.885, 4.02, 4.19, 4.01, 3.41, 3.52, 3.92, 3.81, 3.79, 3.543, 3.04, 3.03, 3.15, 3.18, 2.58, 1.45, 0, 0.56, 1.28, 2.57, 3.56, 3.47, 3.87, 4.76, 5.44, 6.06, 7.37, 7.658, 7.222, 7.13, 7.587, 8.088, 7.924, 7.267, 7.437, 8.398, 8.608, 9.327, 10.944, 11.913], [5.728, 5.268, 5.33, 5.655, 6.377, 7.363, 7.615, 7.785, 7.265, 6.738, 6.718, 6.725, 6.891, 6.723, 6.426, 6.287, 6.164, 6.743, 5.887, 4.754, 4.683, 5.547, 6.054, 5.547, 5.527, 6.206, 7.39, 8.361, 8.304, 8.3, 8.232, 8.444, 8.264, 7.862, 8.172, 7.474, 6.338, 5.844, 4.88, 4.373, 4.383, 4.65, 5.173, 5.235, 5.373, 5.338, 5.005, 4.105, 4.29, 4.11, 3.49, 3.64, 4.06, 3.91, 3.836, 3.703, 3.14, 3.15, 3.25, 3.28, 2.68, 1.61, 0.56, 0, 1.14, 2.67, 3.68, 3.55, 3.97, 4.84, 5.5, 6.06, 7.43, 7.718, 7.302, 7.21, 7.667, 8.148, 7.984, 7.327, 7.497, 8.518, 8.725, 9.421, 11.004, 11.973], [5.068, 4.608, 4.707, 5.015, 5.771, 6.703, 6.975, 7.145, 6.608, 6.078, 6.078, 6.048, 6.231, 6.157, 6.066, 6.004, 5.704, 6.26, 5.184, 4.223, 4.24, 5.484, 5.914, 5.362, 5.362, 6.236, 7.25, 8.22, 8.004, 7.98, 8.061, 8.568, 8.203, 7.715, 7.823, 7.33, 5.898, 5.281, 4.3, 3.78, 3.81, 4.01, 4.53, 4.555, 4.713, 4.72, 4.365, 3.505, 3.67, 3.51, 2.93, 3.04, 3.375, 3.21, 3.227, 3.01, 2.54, 2.61, 2.61, 2.8, 2.28, 2.03, 1.28, 1.14, 0, 2.01, 3.0, 2.95, 3.29, 4.24, 4.9, 5.46, 6.81, 7.155, 6.742, 6.56, 7.067, 7.608, 7.404, 6.724, 6.932, 8.286, 8.556, 9.081, 10.744, 11.43], [3.42, 2.78, 2.93, 3.21, 4.26, 4.887, 5.205, 5.275, 4.801, 4.214, 4.154, 4.138, 4.361, 4.367, 4.561, 4.777, 4.229, 4.55, 3.637, 2.68, 3.0, 4.239, 4.642, 4.021, 4.161, 5.19, 6.055, 7.163, 6.844, 6.757, 6.915, 7.577, 7.097, 6.548, 6.631, 6.203, 4.516, 3.756, 2.578, 2.09, 2.12, 2.28, 2.65, 2.69, 2.83, 2.79, 2.44, 1.74, 2.04, 1.86, 1.48, 1.61, 1.81, 1.74, 1.71, 1.5, 1.35, 1.34, 1.08, 1.31, 1.65, 1.96, 2.57, 2.67, 2.01, 0, 1.47, 1.4, 1.54, 2.45, 3.13, 3.89, 5.24, 5.53, 5.2, 4.87, 5.35, 6.04, 5.69, 5.048, 5.369, 7.221, 7.434, 7.907, 9.524, 10.053], [2.57, 2.11, 2.24, 2.38, 3.19, 3.845, 4.155, 4.331, 3.714, 3.285, 3.265, 3.171, 3.432, 3.531, 3.614, 3.81, 3.327, 3.803, 3.06, 2.53, 2.87, 3.48, 3.89, 3.44, 3.44, 4.266, 5.033, 6.093, 5.757, 5.65, 5.86, 6.511, 6.062, 5.525, 5.581, 5.13, 3.481, 2.62, 1.77, 1.28, 1.21, 1.57, 1.76, 1.84, 1.98, 1.94, 1.61, 1.21, 1.49, 1.33, 1.29, 1.34, 1.66, 1.73, 1.56, 1.79, 2.34, 2.33, 1.67, 1.82, 2.02, 2.79, 3.56, 3.68, 3.0, 1.47, 0, 0.97, 1.01, 1.54, 2.18, 3.14, 4.11, 4.38, 4.17, 4.0, 4.5, 4.85, 4.64, 3.95, 4.277, 6.134, 6.353, 6.803, 8.357, 8.823], [2.6, 2.04, 2.27, 2.57, 3.04, 4.098, 4.488, 4.758, 3.924, 3.534, 3.634, 3.461, 3.784, 3.878, 3.964, 4.243, 3.717, 4.238, 3.33, 2.78, 3.18, 3.93, 4.28, 3.79, 3.81, 4.676, 5.417, 6.503, 6.167, 6.06, 6.27, 6.921, 6.472, 5.955, 6.011, 5.54, 3.879, 2.979, 2.08, 1.69, 1.5, 1.82, 2.09, 2.25, 2.35, 2.33, 1.94, 1.36, 1.72, 1.52, 1.38, 1.35, 1.49, 1.48, 1.33, 1.54, 1.97, 2.06, 1.56, 1.81, 2.01, 2.76, 3.47, 3.55, 2.95, 1.4, 0.97, 0, 1.04, 1.75, 2.43, 3.25, 4.46, 4.67, 4.5, 4.33, 4.81, 5.12, 4.95, 4.26, 4.67, 6.544, 6.763, 7.213, 8.724, 9.09], [2.38, 1.84, 1.97, 2.01, 2.82, 3.62, 4.05, 4.2, 3.564, 3.19, 3.078, 2.904, 3.104, 3.264, 3.462, 3.743, 3.212, 3.56, 2.75, 2.44, 2.9, 3.65, 3.96, 3.49, 3.49, 4.176, 5.023, 6.084, 5.727, 5.651, 5.878, 6.541, 6.072, 5.535, 5.571, 5.1, 3.475, 2.55, 1.64, 1.31, 1.26, 1.3, 1.55, 1.79, 1.77, 1.87, 1.5, 1.28, 1.68, 1.28, 1.26, 1.05, 1.35, 1.38, 1.21, 1.52, 2.09, 2.18, 1.48, 1.77, 2.23, 3.1, 3.87, 3.97, 3.29, 1.54, 1.01, 1.04, 0, 1.39, 2.09, 2.91, 4.04, 4.33, 4.08, 3.73, 4.23, 4.68, 4.47, 3.771, 4.229, 6.161, 6.32, 6.753, 8.287, 8.733], [1.75, 1.53, 1.6, 1.54, 2.09, 2.75, 3.1, 3.27, 2.75, 2.24, 2.16, 2.13, 2.43, 2.43, 2.57, 2.773, 2.24, 2.63, 2.12, 2.13, 2.45, 3.0, 3.29, 3.0, 3.06, 3.57, 4.071, 5.074, 4.737, 4.65, 4.86, 5.531, 4.985, 4.465, 4.524, 4.15, 2.58, 2.04, 1.69, 1.4, 1.21, 1.33, 1.26, 1.22, 1.36, 1.16, 1.25, 1.31, 1.73, 1.41, 1.69, 1.74, 1.82, 1.87, 1.48, 1.91, 2.78, 2.85, 2.25, 2.32, 2.88, 3.83, 4.76, 4.84, 4.24, 2.45, 1.54, 1.75, 1.39, 0, 1.18, 2.0, 3.01, 3.3, 3.05, 2.84, 3.28, 3.79, 3.52, 2.78, 3.31, 5.154, 5.373, 5.837, 7.417, 7.883], [1.09, 1.35, 1.08, 1.14, 1.57, 2.03, 2.36, 2.49, 1.87, 1.52, 1.52, 1.57, 1.79, 1.69, 1.97, 2.2, 1.52, 1.95, 1.66, 2.05, 2.25, 2.64, 2.87, 2.64, 2.76, 3.05, 3.373, 4.234, 3.897, 3.85, 4.08, 4.731, 4.402, 3.785, 3.801, 3.33, 2.18, 2.02, 2.09, 1.9, 1.85, 2.05, 1.94, 1.94, 1.98, 1.54, 1.79, 1.99, 2.51, 2.33, 2.45, 2.46, 2.66, 2.51, 2.34, 2.81, 3.6, 3.71, 3.01, 2.98, 3.56, 4.55, 5.44, 5.5, 4.9, 3.13, 2.18, 2.43, 2.09, 1.18, 0, 1.3, 2.29, 2.56, 2.29, 2.12, 2.58, 3.13, 2.78, 2.12, 2.51, 4.351, 4.553, 5.023, 6.534, 7.006], [1.41, 1.85, 1.66, 1.5, 1.37, 1.61, 1.78, 1.89, 1.71, 1.46, 1.54, 1.77, 1.83, 1.65, 1.93, 2.12, 1.38, 1.69, 1.84, 2.33, 2.77, 3.14, 3.27, 3.06, 3.14, 3.05, 3.14, 3.594, 3.257, 3.17, 3.403, 4.111, 4.0, 3.46, 3.21, 3.03, 2.3, 2.78, 3.03, 3.0, 2.87, 2.79, 2.68, 2.66, 2.74, 2.3, 2.61, 2.97, 3.49, 3.19, 3.21, 3.08, 3.36, 3.17, 3.1, 3.55, 4.32, 4.47, 3.73, 3.88, 4.38, 5.33, 6.06, 6.06, 5.46, 3.89, 3.14, 3.25, 2.91, 2.0, 1.3, 0, 1.77, 2.04, 1.81, 2.06, 2.54, 3.03, 2.48, 2.14, 2.35, 3.8, 4.01, 4.44, 6.0, 6.5], [2.42, 3.06, 2.75, 2.45, 2.0, 1.14, 1.15, 1.1, 1.48, 1.93, 2.03, 2.16, 2.04, 1.46, 1.82, 1.93, 1.81, 1.54, 2.81, 3.54, 3.3, 3.15, 3.18, 2.97, 2.99, 2.72, 2.31, 2.33, 2.01, 1.86, 2.05, 2.95, 3.11, 2.57, 2.36, 2.08, 1.85, 2.41, 3.22, 3.57, 3.6, 3.34, 3.11, 3.01, 2.87, 3.01, 3.42, 3.84, 4.1, 4.04, 4.44, 4.43, 4.47, 4.62, 4.33, 4.88, 5.73, 5.82, 5.1, 4.79, 5.21, 6.38, 7.37, 7.43, 6.81, 5.24, 4.11, 4.46, 4.04, 3.01, 2.29, 1.77, 0, 0.63, 0.9, 1.57, 2.13, 2.42, 1.87, 1.53, 1.52, 2.49, 2.6, 3.07, 4.61, 5.01], [2.69, 3.35, 3.04, 2.74, 2.19, 1.39, 1.38, 1.29, 1.89, 2.28, 2.36, 2.51, 2.35, 1.81, 1.83, 2.12, 2.0, 1.77, 3.14, 3.85, 3.61, 3.12, 3.07, 3.04, 3.06, 2.63, 2.12, 2.08, 1.74, 1.59, 1.76, 2.56, 2.7, 2.16, 1.95, 1.79, 1.72, 2.32, 3.41, 3.86, 3.89, 3.65, 3.4, 3.34, 3.14, 3.3, 3.71, 4.17, 4.43, 4.37, 4.75, 4.72, 4.78, 4.91, 4.62, 5.17, 6.02, 6.11, 5.39, 5.08, 5.36, 6.61, 7.658, 7.718, 7.155, 5.53, 4.38, 4.67, 4.33, 3.3, 2.56, 2.04, 0.63, 0, 0.81, 1.56, 1.82, 1.95, 1.46, 1.36, 1.33, 2.24, 2.31, 2.72, 4.26, 4.68], [2.6, 3.16, 2.83, 2.55, 1.94, 1.34, 1.37, 1.3, 1.78, 2.17, 2.11, 2.26, 2.08, 1.4, 1.56, 1.81, 1.57, 1.56, 2.75, 3.44, 3.26, 2.95, 2.92, 2.79, 2.83, 2.42, 1.91, 2.37, 1.93, 1.84, 1.99, 2.71, 2.69, 2.13, 1.94, 1.64, 1.59, 2.23, 3.2, 3.57, 3.7, 3.34, 3.13, 3.07, 2.89, 3.05, 3.5, 3.88, 4.12, 4.08, 4.38, 4.39, 4.55, 4.66, 4.37, 4.88, 5.75, 5.8, 5.04, 4.67, 4.89, 6.1, 7.222, 7.302, 6.742, 5.2, 4.17, 4.5, 4.08, 3.05, 2.29, 1.81, 0.9, 0.81, 0, 1.37, 1.71, 1.9, 1.47, 1.25, 1.36, 2.39, 2.54, 3.01, 4.59, 5.11], [2.57, 2.89, 2.56, 2.3, 2.25, 1.89, 2.1, 1.95, 2.23, 2.34, 2.12, 2.15, 2.07, 1.55, 1.69, 1.9, 1.62, 1.35, 2.44, 3.05, 2.95, 2.76, 2.95, 2.82, 2.9, 2.67, 2.38, 3.08, 2.62, 2.59, 2.64, 3.26, 2.9, 2.24, 2.17, 1.87, 1.66, 2.08, 2.85, 3.32, 3.39, 2.87, 2.74, 2.64, 2.48, 2.66, 3.07, 3.51, 3.67, 3.65, 4.01, 3.92, 4.1, 4.29, 4.02, 4.41, 5.32, 5.41, 4.71, 4.42, 5.0, 6.11, 7.13, 7.21, 6.56, 4.87, 4.0, 4.33, 3.73, 2.84, 2.12, 2.06, 1.57, 1