[[0, 0.85, 1.11, 1.47, 1.52, 1.69, 1.89, 1.5, 1.18, 1.29, 1.79, 2.17, 2.32, 2.15, 2.28, 2.46, 3.11, 5.41, 7.67, 7.93, 7.25, 7.06, 6.45, 6.07, 6.31, 5.95, 5.19, 3.96, 4.21, 4.05, 3.97, 4.45, 4.95, 5.02, 4.6, 4.26, 3.9, 3.57, 3.4, 3.62, 4.09, 3.71, 3.38, 3.26, 2.98, 3.43, 4.23, 2.74, 1.35, 2.9, 3.9, 3.17, 2.61, 2.29, 2.2, 2.726, 2.825, 3.378, 4.572, 5.115, 5.326, 5.419, 5.504, 5.538, 5.714, 6.252, 6.502, 6.542, 6.652, 6.942, 6.672, 6.392, 6.135, 6.062, 6.292, 6.235, 5.881, 5.671, 5.465, 4.615, 4.268, 3.911, 3.44, 4.83, 5.83, 5.48], [0.85, 0, 0.86, 1.46, 1.57, 1.7, 1.98, 1.73, 1.37, 1.38, 1.78, 2.2, 2.29, 2.06, 2.15, 2.39, 2.88, 5.3, 7.66, 7.86, 7.2, 7.01, 6.42, 6.02, 6.3, 5.9, 5.18, 4.05, 4.14, 3.98, 3.92, 4.42, 4.98, 4.85, 4.39, 4.03, 3.53, 3.24, 3.15, 3.35, 3.7, 3.28, 3.03, 3.07, 2.87, 3.12, 3.92, 2.55, 1.44, 2.75, 3.85, 3.18, 2.52, 2.12, 1.95, 2.373, 2.569, 3.373, 4.428, 5.168, 5.145, 5.275, 5.331, 5.371, 5.562, 6.025, 6.295, 6.335, 6.465, 6.715, 6.445, 6.188, 5.945, 5.892, 6.185, 6.125, 5.751, 5.521, 5.312, 4.642, 4.178, 3.758, 3.224, 4.42, 5.6, 5.25], [1.11, 0.86, 0, 1.04, 1.35, 1.72, 1.96, 1.79, 1.55, 1.54, 1.9, 2.22, 2.37, 1.98, 2.13, 2.45, 3.1, 5.36, 7.94, 7.96, 7.34, 7.11, 6.6, 6.22, 6.48, 6.16, 5.38, 4.21, 4.32, 4.26, 4.16, 4.64, 5.2, 5.03, 4.41, 3.99, 3.67, 3.32, 3.17, 3.39, 3.8, 3.5, 3.29, 3.29, 2.99, 3.4, 4.12, 2.67, 1.48, 2.69, 3.65, 2.96, 2.18, 1.86, 1.85, 2.33, 2.572, 3.213, 4.231, 4.874, 4.934, 5.004, 5.194, 5.231, 5.368, 5.748, 6.018, 6.098, 6.168, 6.438, 6.165, 5.988, 5.768, 5.735, 5.925, 5.868, 5.631, 5.421, 5.135, 4.468, 4.178, 3.681, 3.21, 4.52, 5.76, 5.33], [1.47, 1.46, 1.04, 0, 0.97, 1.44, 1.7, 1.57, 1.41, 1.68, 2.06, 2.36, 2.57, 2.52, 2.65, 2.95, 3.66, 5.98, 8.24, 8.44, 7.78, 7.647, 7.0, 6.6, 6.88, 6.5, 5.76, 4.53, 4.66, 4.6, 4.54, 4.96, 5.5, 5.35, 4.87, 4.33, 3.81, 3.7, 3.59, 3.77, 4.36, 3.96, 3.47, 3.45, 3.19, 3.74, 4.725, 3.03, 1.28, 2.17, 2.83, 2.38, 1.84, 1.78, 2.15, 2.55, 2.52, 2.92, 3.941, 4.5, 4.683, 4.771, 5.074, 5.071, 5.191, 5.471, 5.738, 5.818, 5.888, 6.158, 5.868, 5.751, 5.454, 5.398, 5.668, 5.671, 5.434, 5.221, 4.958, 4.148, 3.781, 3.484, 3.13, 4.8, 6.12, 5.77], [1.52, 1.57, 1.35, 0.97, 0, 0.93, 1.27, 1.16, 1.26, 1.59, 1.85, 2.23, 2.54, 2.57, 2.68, 3.02, 3.71, 6.01, 8.07, 8.29, 7.63, 7.52, 6.77, 6.39, 6.63, 6.33, 5.53, 4.3, 4.59, 4.61, 4.47, 4.83, 5.33, 5.26, 4.82, 4.34, 3.82, 3.71, 3.58, 3.78, 4.35, 3.97, 3.46, 3.46, 3.22, 3.65, 4.71, 2.9, 1.23, 1.78, 2.64, 2.15, 1.87, 1.57, 2.24, 2.66, 2.51, 2.85, 3.665, 4.091, 4.388, 4.518, 4.907, 4.827, 4.924, 5.218, 5.488, 5.568, 5.638, 5.908, 5.635, 5.461, 5.184, 5.117, 5.378, 5.381, 5.207, 4.974, 4.671, 3.801, 3.574, 3.363, 3.14, 4.85, 6.01, 5.66], [1.69, 1.7, 1.72, 1.44, 0.93, 0, 0.86, 0.97, 1.33, 1.48, 1.8, 2.16, 2.45, 2.36, 2.51, 2.85, 3.54, 5.86, 7.96, 8.18, 7.5, 7.35, 6.66, 6.26, 6.52, 6.18, 5.42, 4.19, 4.42, 4.38, 4.26, 4.7, 5.16, 5.11, 4.71, 4.27, 3.69, 3.52, 3.41, 3.63, 4.14, 3.8, 3.23, 3.27, 3.03, 3.46, 4.52, 2.75, 1.32, 1.83, 2.63, 2.24, 1.96, 1.24, 2.15, 2.65, 2.46, 2.646, 3.37, 3.849, 4.169, 4.197, 4.443, 4.314, 4.5, 4.945, 5.215, 5.255, 5.365, 5.635, 5.365, 5.108, 4.865, 4.792, 5.025, 5.005, 4.714, 4.464, 4.232, 3.368, 3.067, 3.156, 2.95, 4.66, 5.88, 5.55], [1.89, 1.98, 1.96, 1.7, 1.27, 0.86, 0, 0.81, 1.21, 1.18, 1.46, 1.72, 2.11, 1.94, 2.03, 2.41, 3.08, 5.3, 7.3, 7.5, 6.86, 6.79, 6.04, 5.64, 5.84, 5.62, 4.8, 3.53, 3.88, 3.94, 3.74, 4.12, 4.56, 4.49, 4.13, 3.71, 3.17, 3.06, 2.89, 3.07, 3.62, 3.28, 2.77, 2.81, 2.51, 2.94, 4.0, 2.25, 1.62, 2.39, 3.13, 2.78, 2.48, 1.7, 1.95, 2.41, 2.2, 2.346, 3.383, 3.869, 4.323, 4.251, 4.24, 4.268, 4.405, 4.999, 5.232, 5.289, 5.399, 5.689, 5.459, 5.179, 4.842, 4.769, 4.962, 4.925, 4.574, 4.338, 4.172, 3.422, 3.181, 3.036, 2.65, 4.12, 5.24, 4.91], [1.5, 1.73, 1.79, 1.57, 1.16, 0.97, 0.81, 0, 0.84, 1.05, 1.39, 1.75, 2.24, 2.07, 2.24, 2.52, 3.17, 5.45, 7.47, 7.65, 7.01, 6.92, 6.09, 5.67, 5.95, 5.73, 4.85, 3.6, 3.91, 3.93, 3.79, 4.15, 4.55, 4.7, 4.42, 4.0, 3.46, 3.41, 3.24, 3.38, 3.91, 3.55, 3.02, 3.08, 2.84, 3.19, 4.09, 2.2, 1.21, 2.4, 3.24, 2.71, 2.49, 1.89, 2.22, 2.68, 2.43, 2.716, 3.844, 4.243, 4.693, 4.683, 4.747, 4.761, 4.921, 5.529, 5.762, 5.819, 5.929, 6.219, 5.989, 5.709, 5.372, 5.299, 5.492, 5.452, 5.124, 4.891, 4.648, 3.838, 3.571, 3.246, 3.02, 4.51, 5.41, 5.14], [1.18, 1.37, 1.55, 1.41, 1.26, 1.33, 1.21, 0.84, 0, 0.73, 1.11, 1.45, 1.84, 1.77, 1.9, 2.12, 2.79, 5.07, 7.07, 7.35, 6.65, 6.52, 5.75, 5.37, 5.59, 5.35, 4.51, 3.24, 3.57, 3.53, 3.43, 3.85, 4.29, 4.48, 4.14, 3.72, 3.28, 3.17, 3.02, 3.14, 3.73, 3.31, 2.86, 2.82, 2.62, 2.91, 3.69, 1.98, 1.41, 2.8, 3.62, 3.13, 2.71, 2.17, 1.98, 2.46, 2.322, 2.904, 4.24, 4.683, 5.037, 5.073, 5.055, 5.135, 5.325, 5.932, 6.182, 6.222, 6.332, 6.622, 6.352, 6.072, 5.792, 5.719, 5.912, 5.872, 5.475, 5.208, 5.062, 4.206, 3.822, 3.534, 2.98, 4.39, 5.19, 4.92], [1.29, 1.38, 1.54, 1.68, 1.59, 1.48, 1.18, 1.05, 0.73, 0, 1.06, 1.38, 1.67, 1.44, 1.47, 1.75, 2.44, 4.7, 6.7, 7.02, 6.3, 6.21, 5.5, 5.12, 5.3, 5.06, 4.26, 3.01, 3.32, 3.24, 3.14, 3.54, 4.02, 4.15, 3.73, 3.31, 2.91, 2.72, 2.59, 2.75, 3.28, 2.9, 2.53, 2.47, 2.33, 2.66, 3.38, 1.67, 1.56, 3.09, 3.67, 3.32, 3.04, 2.26, 1.85, 2.13, 2.035, 2.805, 4.136, 4.596, 5.033, 5.006, 4.962, 5.022, 5.252, 5.822, 6.072, 6.112, 6.222, 6.512, 6.259, 5.979, 5.705, 5.632, 5.842, 5.802, 5.385, 5.115, 4.989, 4.139, 3.809, 3.469, 2.741, 3.96, 4.86, 4.53], [1.79, 1.78, 1.9, 2.06, 1.85, 1.8, 1.46, 1.39, 1.11, 1.06, 0, 0.84, 1.03, 1.12, 1.23, 1.41, 2.06, 4.3, 6.36, 6.6, 5.96, 5.85, 5.1, 4.76, 4.92, 4.66, 3.92, 2.77, 3.14, 3.22, 3.0, 3.24, 3.84, 3.65, 3.25, 2.85, 2.47, 2.42, 2.23, 2.25, 2.84, 2.5, 2.11, 2.05, 1.99, 2.26, 3.005, 1.51, 1.8, 3.23, 4.09, 3.62, 3.22, 2.28, 1.47, 1.83, 1.792, 2.59, 4.05, 4.35, 4.81, 4.962, 4.818, 4.912, 4.952, 5.656, 5.809, 5.906, 6.036, 6.326, 6.096, 5.816, 5.436, 5.326, 5.516, 5.456, 4.982, 4.692, 4.721, 4.225, 3.635, 3.418, 2.27, 3.44, 4.36, 4.05], [2.17, 2.2, 2.22, 2.36, 2.23, 2.16, 1.72, 1.75, 1.45, 1.38, 0.84, 0, 0.87, 1.1, 1.19, 1.29, 1.84, 4.12, 6.36, 6.26, 5.72, 5.59, 4.92, 4.52, 4.7, 4.62, 3.66, 2.63, 3.0, 3.2, 2.96, 3.2, 3.82, 3.57, 3.15, 2.81, 2.63, 2.3, 2.25, 2.19, 2.78, 2.58, 2.09, 2.01, 1.91, 2.1, 2.82, 1.45, 2.12, 3.422, 4.27, 3.894, 3.48, 2.48, 1.59, 1.879, 1.992, 2.365, 3.924, 4.281, 4.766, 4.871, 4.698, 4.838, 4.795, 5.496, 5.626, 5.744, 5.856, 6.146, 5.916, 5.636, 5.256, 5.144, 5.334, 5.254, 4.745, 4.435, 4.558, 4.205, 3.635, 3.318, 2.11, 3.36, 4.14, 3.89], [2.32, 2.29, 2.37, 2.57, 2.54, 2.45, 2.11, 2.24, 1.84, 1.67, 1.03, 0.87, 0, 0.83, 1.0, 1.04, 1.47, 3.53, 5.89, 5.93, 5.25, 5.08, 4.59, 4.29, 4.47, 4.07, 3.43, 2.48, 2.71, 2.75, 2.55, 2.91, 3.59, 3.06, 2.56, 2.24, 2.12, 1.75, 1.72, 1.7, 2.21, 2.03, 1.58, 1.6, 1.56, 1.61, 2.29, 1.32, 2.57, 3.854, 4.66, 4.338, 3.733, 2.696, 1.7, 1.966, 1.816, 2.629, 4.065, 4.479, 5.064, 4.969, 4.582, 4.776, 4.747, 5.482, 5.516, 5.728, 5.801, 6.074, 5.878, 5.564, 5.146, 5.071, 5.224, 5.186, 4.675, 4.416, 4.642, 4.506, 3.896, 3.636, 2.12, 2.75, 3.77, 3.32], [2.15, 2.06, 1.98, 2.52, 2.57, 2.36, 1.94, 2.07, 1.77, 1.44, 1.12, 1.1, 0.83, 0, 0.73, 0.79, 1.26, 3.52, 6.18, 6.18, 5.54, 5.31, 4.86, 4.48, 4.72, 4.42, 3.62, 2.51, 2.82, 2.84, 2.64, 3.06, 3.7, 3.37, 2.75, 2.33, 2.23, 1.74, 1.65, 1.77, 2.08, 2.04, 1.73, 1.75, 1.57, 1.94, 2.4, 1.39, 2.46, 3.824, 4.59, 4.288, 3.66, 2.4, 1.53, 1.576, 1.832, 2.41, 3.592, 4.387, 4.689, 4.556, 4.221, 4.455, 4.537, 5.191, 5.326, 5.541, 5.631, 5.904, 5.691, 5.394, 5.014, 5.001, 5.071, 5.016, 4.559, 4.312, 4.352, 4.233, 3.794, 3.22, 1.812, 2.86, 4.02, 3.59], [2.28, 2.15, 2.13, 2.65, 2.68, 2.51, 2.03, 2.24, 1.9, 1.47, 1.23, 1.19, 1.0, 0.73, 0, 0.62, 1.23, 3.37, 5.91, 5.99, 5.33, 5.1, 4.61, 4.31, 4.49, 4.17, 3.43, 2.44, 2.65, 2.75, 2.47, 2.83, 3.47, 3.14, 2.58, 2.18, 2.3, 1.73, 1.6, 1.6, 2.09, 1.97, 1.8, 1.74, 1.7, 1.81, 2.25, 1.44, 2.59, 3.94, 4.7, 4.41, 3.79, 2.61, 1.653, 1.706, 1.862, 2.611, 3.884, 4.613, 5.084, 4.844, 4.565, 4.84, 4.64, 5.232, 5.442, 5.542, 5.592, 5.882, 5.669, 5.369, 5.052, 5.019, 5.169, 5.149, 4.692, 4.422, 4.476, 4.263, 3.967, 3.484, 2.148, 2.73, 3.89, 3.44], [2.46, 2.39, 2.45, 2.95, 3.02, 2.85, 2.41, 2.52, 2.12, 1.75, 1.41, 1.29, 1.04, 0.79, 0.62, 0, 1.09, 3.13, 5.73, 5.75, 5.07, 4.86, 4.37, 4.17, 4.29, 3.95, 3.27, 2.38, 2.61, 2.73, 2.47, 2.81, 3.45, 3.08, 2.48, 2.2, 2.4, 1.67, 1.66, 1.56, 1.93, 1.95, 1.78, 1.7, 1.64, 1.63, 2.03, 1.58, 2.91, 4.24, 5.0, 4.71, 4.084, 2.87, 1.69, 1.866, 2.142, 2.68, 4.0, 4.707, 5.135, 5.061, 4.668, 4.886, 4.668, 5.302, 5.359, 5.551, 5.641, 5.914, 5.701, 5.404, 5.026, 4.956, 5.129, 5.089, 4.632, 4.402, 4.536, 4.546, 4.101, 3.601, 2.148, 2.67, 3.75, 3.38], [3.11, 2.88, 3.1, 3.66, 3.71, 3.54, 3.08, 3.17, 2.79, 2.44, 2.06, 1.84, 1.47, 1.26, 1.23, 1.09, 0, 2.58, 5.28, 5.3, 4.66, 4.37, 3.96, 3.6, 3.8, 3.52, 2.76, 2.21, 2.22, 2.06, 1.94, 2.3, 2.96, 2.71, 2.35, 2.17, 1.93, 1.42, 1.47, 1.53, 1.64, 1.94, 1.81, 1.83, 1.85, 1.78, 1.84, 1.59, 3.62, 4.943, 5.701, 5.411, 4.773, 3.46, 2.368, 2.161, 2.488, 3.348, 4.547, 5.435, 5.648, 5.544, 5.069, 5.257, 5.286, 5.903, 6.061, 6.318, 6.411, 6.641, 6.428, 6.071, 5.654, 5.718, 5.811, 5.848, 5.319, 4.952, 5.092, 5.313, 4.694, 4.06, 2.549, 2.32, 3.5, 3.19], [5.41, 5.3, 5.36, 5.98, 6.01, 5.86, 5.3, 5.45, 5.07, 4.7, 4.3, 4.12, 3.53, 3.52, 3.37, 3.13, 2.58, 0, 2.94, 3.02, 2.38, 2.21, 1.94, 1.84, 1.86, 1.86, 2.34, 2.61, 2.18, 2.12, 2.08, 2.14, 2.14, 2.15, 2.23, 2.77, 2.75, 2.62, 2.85, 2.81, 2.58, 2.92, 3.07, 3.15, 3.43, 3.08, 2.46, 3.41, 5.84, 7.264, 8.029, 7.699, 7.1, 5.7, 4.66, 4.455, 4.51, 5.459, 6.795, 7.522, 7.94, 7.645, 6.928, 7.325, 7.148, 7.739, 7.722, 8.072, 8.065, 8.235, 8.022, 7.762, 7.408, 7.389, 7.285, 7.522, 7.139, 6.829, 7.214, 7.363, 7.105, 6.531, 4.831, 2.66, 2.3, 1.97], [7.67, 7.66, 7.94, 8.24, 8.07, 7.96, 7.3, 7.47, 7.07, 6.7, 6.36, 6.36, 5.89, 6.18, 5.91, 5.73, 5.28, 2.94, 0, 0.8, 1.18, 1.53, 1.84, 2.36, 2.1, 2.32, 3.34, 4.29, 4.04, 4.08, 4.1, 3.5, 2.98, 3.25, 3.73, 4.15, 4.83, 5.1, 5.15, 5.07, 4.9, 5.1, 5.45, 5.15, 5.65, 5.1, 4.66, 5.67, 8.08, 9.53, 10.21, 9.9, 9.443, 8.466, 7.249, 7.066, 6.902, 7.866, 9.379, 9.914, 10.602, 10.426, 9.683, 10.063, 9.755, 10.262, 10.205, 10.261, 10.265, 10.391, 10.267, 10.361, 10.113, 9.923, 9.688, 10.033, 9.625, 9.463, 10.055, 9.865, 9.543, 9.214, 7.491, 4.527, 2.78, 2.95], [7.93, 7.86, 7.96, 8.44, 8.29, 8.18, 7.5, 7.65, 7.35, 7.02, 6.6, 6.26, 5.93, 6.18, 5.99, 5.75, 5.3, 3.02, 0.8, 0, 1.22, 1.41, 1.88, 2.42, 2.16, 2.5, 3.42, 4.53, 4.2, 4.32, 4.3, 3.68, 3.18, 3.31, 3.707, 4.19, 4.979, 5.08, 5.19, 5.05, 4.82, 5.18, 5.53, 5.29, 5.83, 5.06, 4.6, 5.77, 8.24, 9.627, 10.447, 10.057, 9.589, 8.484, 7.26, 7.081, 7.011, 7.843, 9.422, 9.894, 10.613, 10.412, 9.635, 9.977, 9.672, 10.206, 10.102, 10.161, 10.145, 10.291, 10.164, 10.261, 10.05, 9.825, 9.622, 9.93, 9.508, 9.38, 10.009, 9.953, 9.665, 9.211, 7.491, 4.481, 2.78, 2.89], [7.25, 7.2, 7.34, 7.78, 7.63, 7.5, 6.86, 7.01, 6.65, 6.3, 5.96, 5.72, 5.25, 5.54, 5.33, 5.07, 4.66, 2.38, 1.18, 1.22, 0, 0.85, 1.36, 1.78, 1.5, 1.8, 2.76, 3.83, 3.44, 3.56, 3.54, 3.0, 2.56, 2.69, 3.09, 3.556, 4.299, 4.44, 4.53, 4.43, 4.2, 4.5, 4.83, 4.63, 5.13, 4.4, 3.9, 5.07, 7.58, 9.018, 9.773, 9.449, 8.932, 7.847, 6.617, 6.41, 6.331, 7.18, 8.805, 9.28, 10.013, 9.76, 8.997, 9.357, 9.061, 9.613, 9.559, 9.647, 9.594, 9.777, 9.707, 9.684, 9.43, 9.271, 9.015, 9.335, 8.933, 8.768, 9.392, 9.291, 9.02, 8.611, 6.891, 3.887, 2.2, 2.265], [7.06, 7.01, 7.11, 7.647, 7.52, 7.35, 6.79, 6.92, 6.52, 6.21, 5.85, 5.59, 5.08, 5.31, 5.1, 4.86, 4.37, 2.21, 1.53, 1.41, 0.85, 0, 1.03, 1.47, 1.35, 1.55, 2.43, 3.6, 3.27, 3.35, 3.33, 2.87, 2.43, 2.54, 2.9, 3.377, 4.14, 4.19, 4.28, 4.18, 3.87, 4.29, 4.6, 4.44, 4.92, 4.23, 3.57, 4.88, 7.424, 8.897, 9.654, 9.338, 8.782, 7.605, 6.37, 6.154, 6.152, 6.882, 8.572, 9.038, 9.703, 9.473, 8.696, 9.019, 8.766, 9.277, 9.229, 9.317, 9.284, 9.427, 9.357, 9.334, 9.12, 8.941, 8.668, 9.005, 8.545, 8.461, 9.101, 9.034, 8.821, 8.298, 6.621, 3.62, 2.33, 2.3], [6.45, 6.42, 6.6, 7.0, 6.77, 6.66, 6.04, 6.09, 5.75, 5.5, 5.1, 4.92, 4.59, 4.86, 4.61, 4.37, 3.96, 1.94, 1.84, 1.88, 1.36, 1.03, 0, 0.82, 0.9, 0.92, 1.7, 2.75, 2.56, 2.68, 2.72, 2.12, 1.76, 1.95, 2.41, 2.825, 3.55, 3.76, 3.83, 3.73, 3.54, 3.8, 4.15, 3.85, 4.43, 3.72, 3.14, 4.23, 6.812, 8.173, 8.959, 8.629, 8.175, 7.155, 5.941, 5.693, 5.606, 6.535, 8.077, 8.591, 9.291, 9.112, 8.346, 8.709, 8.418, 8.996, 9.045, 9.133, 9.103, 9.26, 9.21, 9.124, 8.798, 8.691, 8.438, 8.775, 8.375, 8.188, 8.729, 8.611, 8.3, 7.891, 6.151, 3.25, 2.06, 2.03], [6.07, 6.02, 6.22, 6.6, 6.39, 6.26, 5.64, 5.67, 5.37, 5.12, 4.76, 4.52, 4.29, 4.48, 4.31, 4.17, 3.6, 1.84, 2.36, 2.42, 1.78, 1.47, 0.82, 0, 0.68, 1.0, 1.32, 2.31, 2.1, 2.22, 2.28, 1.78, 1.48, 1.77, 2.29, 2.63, 3.15, 3.36, 3.47, 3.47, 3.32, 3.6, 3.81, 3.51, 4.03, 3.54, 2.9, 3.77, 6.394, 7.756, 8.562, 8.232, 7.78, 6.784, 5.659, 5.36, 5.229, 6.208, 7.758, 8.338, 8.935, 8.761, 8.001, 8.344, 8.199, 8.807, 9.014, 9.121, 9.074, 9.266, 9.216, 9.07, 8.567, 8.557, 8.333, 8.567, 8.21, 8.034, 8.411, 8.238, 7.903, 7.503, 5.783, 3.121, 1.8, 1.81], [6.31, 6.3, 6.48, 6.88, 6.63, 6.52, 5.84, 5.95, 5.59, 5.3, 4.92, 4.7, 4.47, 4.72, 4.49, 4.29, 3.8, 1.86, 2.1, 2.16, 1.5, 1.35, 0.9, 0.68, 0, 1.06, 1.54, 2.53, 2.36, 2.5, 2.557, 2.06, 1.74, 2.11, 2.47, 2.85, 3.424, 3.6, 3.75, 3.67, 3.5, 3.78, 4.01, 3.73, 4.35, 3.74, 2.96, 4.07, 6.669, 8.09, 8.839, 8.469, 8.055, 7.027, 5.836, 5.58, 5.474, 6.358, 7.963, 8.412, 9.154, 8.975, 8.212, 8.543, 8.322, 9.013, 9.1, 9.204, 9.174, 9.366, 9.316, 9.113, 8.627, 8.617, 8.453, 8.627, 8.313, 8.094, 8.611, 8.512, 8.159, 7.728, 5.965, 3.244, 1.94, 1.89], [5.95, 5.9, 6.16, 6.5, 6.33, 6.18, 5.62, 5.73, 5.35, 5.06, 4.66, 4.62, 4.07, 4.42, 4.17, 3.95, 3.52, 1.86, 2.32, 2.5, 1.8, 1.55, 0.92, 1.0, 1.06, 0, 1.52, 2.35, 2.12, 2.16, 2.2, 1.68, 1.6, 1.77, 2.15, 2.47, 3.07, 3.32, 3.39, 3.31, 3.12, 3.38, 3.67, 3.37, 3.93, 3.26, 2.62, 3.85, 6.403, 7.824, 8.51, 8.22, 7.703, 6.712, 5.485, 5.236, 5.126, 6.101, 7.631, 8.143, 8.839, 8.666, 7.9, 8.263, 7.984, 8.558, 8.548, 8.653, 8.603, 8.78, 8.73, 8.63, 8.335, 8.171, 7.967, 8.255, 7.887, 7.688, 8.283, 8.161, 7.78, 7.451, 5.711, 2.781, 2.22, 2.05], [5.19, 5.18, 5.38, 5.76, 5.53, 5.42, 4.8, 4.85, 4.51, 4.26, 3.92, 3.66, 3.43, 3.62, 3.43, 3.27, 2.76, 2.34, 3.34, 3.42, 2.76, 2.43, 1.7, 1.32, 1.54, 1.52, 0, 1.35, 1.52, 1.66, 1.76, 1.52, 1.44, 1.65, 1.75, 2.03, 2.53, 2.72, 2.85, 2.83, 2.56, 2.72, 2.97, 2.63, 3.27, 2.76, 2.32, 3.07, 5.609, 6.95, 7.742, 7.412, 6.938, 5.959, 4.813, 4.632, 4.501, 5.365, 6.875, 7.472, 8.086, 7.91, 7.191, 7.507, 7.366, 7.936, 8.1, 8.272, 8.222, 8.472, 8.362, 8.156, 7.684, 7.654, 7.519, 7.699, 7.333, 7.134, 7.525, 7.43, 7.08, 6.663, 4.9, 2.62, 2.36, 2.23], [3.96, 4.05, 4.21, 4.53, 4.3, 4.19, 3.53, 3.6, 3.24, 3.01, 2.77, 2.63, 2.48, 2.51, 2.44, 2.38, 2.21, 2.61, 4.29, 4.53, 3.83, 3.6, 2.75, 2.31, 2.53, 2.35, 1.35, 0, 1.09, 1.39, 1.27, 1.35, 1.89, 1.98, 1.78, 1.7, 2.06, 2.17, 2.14, 2.38, 2.21, 2.23, 2.14, 1.96, 2.34, 2.11, 2.03, 2.3, 4.319, 5.74, 6.497, 6.127, 5.733, 4.789, 3.798, 3.646, 3.482, 4.33, 5.837, 6.465, 7.065, 6.795, 6.11, 6.447, 6.416, 7.083, 7.316, 7.499, 7.449, 7.682, 7.589, 7.366, 6.766, 6.793, 6.689, 6.849, 6.563, 6.253, 6.567, 6.28, 5.941, 5.564, 3.89, 2.47, 2.83, 2.64], [4.21, 4.14, 4.32, 4.66, 4.59, 4.42, 3.88, 3.91, 3.57, 3.32, 3.14, 3.0, 2.71, 2.82, 2.65, 2.61, 2.22, 2.18, 4.04, 4.2, 3.44, 3.27, 2.56, 2.1, 2.36, 2.12, 1.52, 1.09, 0, 0.76, 0.98, 1.28, 1.46, 1.71, 1.69, 1.77, 1.89, 2.3, 2.25, 2.55, 2.42, 2.24, 2.39, 2.29, 2.71, 2.46, 2.2, 2.39, 4.44, 5.93, 6.69, 6.38, 5.88, 4.924, 4.015, 3.733, 3.408, 4.616, 6.105, 6.904, 7.398, 7.051, 6.342, 6.699, 6.745, 7.456, 7.593, 7.872, 7.822, 8.075, 7.982, 7.699, 7.082, 7.109, 7.082, 7.199, 6.876, 6.546, 6.843, 6.51, 6.194, 5.854, 4.214, 2.5, 2.52, 2.41], [4.05, 3.98, 4.26, 4.6, 4.61, 4.38, 3.94, 3.93, 3.53, 3.24, 3.22, 3.2, 2.75, 2.84, 2.75, 2.73, 2.06, 2.12, 4.08, 4.32, 3.56, 3.35, 2.68, 2.22, 2.5, 2.16, 1.66, 1.39, 0.76, 0, 0.74, 1.24, 1.46, 1.79, 1.83, 2.01, 1.73, 2.16, 2.25, 2.59, 2.3, 2.36, 2.41, 2.29, 2.83, 2.52, 2.1, 2.35, 4.519, 6.03, 6.67, 6.4, 5.82, 4.904, 4.027, 3.636, 3.375, 4.699, 6.07, 6.949, 7.329, 7.042, 6.368, 6.668, 6.848, 7.542, 7.665, 7.952, 7.925, 8.195, 8.085, 7.762, 7.205, 7.232, 7.202, 7.362, 6.939, 6.609, 6.88, 6.63, 6.154, 5.777, 4.157, 2.32, 2.58, 2.39], [3.97, 3.92, 4.16, 4.54, 4.47, 4.26, 3.74, 3.79, 3.43, 3.14, 3.0, 2.96, 2.55, 2.64, 2.47, 2.47, 1.94, 2.08, 4.1, 4.3, 3.54, 3.33, 2.72, 2.28, 2.557, 2.2, 1.76, 1.27, 0.98, 0.74, 0, 0.96, 1.46, 1.61, 1.71, 1.75, 1.59, 1.74, 1.75, 2.07, 1.98, 2.2, 2.19, 2.11, 2.41, 2.16, 1.84, 2.09, 4.34, 5.81, 6.55, 6.28, 5.7, 4.721, 3.838, 3.422, 3.195, 4.45, 5.973, 6.751, 7.214, 6.852, 6.116, 6.486, 6.516, 7.207, 7.387, 7.609, 7.559, 7.769, 7.739, 7.479, 6.908, 6.926, 6.785, 6.936, 6.636, 6.346, 6.657, 6.247, 6.011, 5.614, 4.008, 2.06, 2.4, 2.21], [4.45, 4.42, 4.64, 4.96, 4.83, 4.7, 4.12, 4.15, 3.85, 3.54, 3.24, 3.2, 2.91, 3.06, 2.83, 2.81, 2.3, 2.14, 3.5, 3.68, 3.0, 2.87, 2.12, 1.78, 2.06, 1.68, 1.52, 1.35, 1.28, 1.24, 0.96, 0, 1.06, 1.21, 1.57, 1.43, 1.73, 2.02, 1.97, 2.09, 2.02, 2.26, 2.45, 2.15, 2.55, 2.2, 1.9, 2.39, 4.76, 6.25, 6.93, 6.58, 6.152, 5.259, 4.259, 3.882, 3.717, 4.825, 6.318, 7.018, 7.572, 7.324, 6.593, 6.95, 6.835, 7.384, 7.631, 7.736, 7.689, 7.866, 7.833, 7.71, 7.227, 7.214, 6.927, 7.204, 6.827, 6.674, 7.011, 6.67, 6.443, 6.083, 4.42, 1.96, 2.04, 1.83], [4.95, 4.98, 5.2, 5.5, 5.33, 5.16, 4.56, 4.55, 4.29, 4.02, 3.84, 3.82, 3.59, 3.7, 3.47, 3.45, 2.96, 2.14, 2.98, 3.18, 2.56, 2.43, 1.76, 1.48, 1.74, 1.6, 1.44, 1.89, 1.46, 1.46, 1.46, 1.06, 0, 1.07, 1.57, 1.93, 2.27, 2.66, 2.65, 2.79, 2.54, 2.7, 3.07, 2.75, 3.19, 2.88, 2.58, 3.01, 5.24, 6.73, 7.45, 7.1, 6.735, 5.861, 4.926, 4.542, 4.272, 5.433, 6.912, 7.629, 8.206, 7.95, 7.209, 7.576, 7.484, 7.999, 8.197, 8.323, 8.274, 8.472, 8.436, 8.27, 7.864, 7.831, 7.519, 7.821, 7.47, 7.291, 7.665, 7.295, 7.065, 6.685, 5.063, 2.46, 1.78, 1.75], [5.02, 4.85, 5.03, 5.35, 5.26, 5.11, 4.49, 4.7, 4.48, 4.15, 3.65, 3.57, 3.06, 3.37, 3.14, 3.08, 2.71, 2.15, 3.25, 3.31, 2.69, 2.54, 1.95, 1.77, 2.11, 1.77, 1.65, 1.98, 1.71, 1.79, 1.61, 1.21, 1.07, 0, 0.9, 1.26, 1.86, 2.15, 2.12, 2.06, 1.93, 2.13, 2.48, 2.26, 2.6, 2.31, 2.17, 2.76, 5.05, 6.449, 7.337, 7.007, 6.513, 5.456, 4.33, 4.139, 3.938, 4.964, 6.498, 7.15, 7.733, 7.414, 6.642, 7.025, 6.789, 7.294, 7.461, 7.606, 7.599, 7.696, 7.663, 7.56, 7.191, 7.101, 6.797, 7.168, 6.757, 6.561, 7.015, 6.877, 6.579, 6.264, 4.584, 1.81, 1.31, 1.24], [4.6, 4.39, 4.41, 4.87, 4.82, 4.71, 4.13, 4.42, 4.14, 3.73, 3.25, 3.15, 2.56, 2.75, 2.58, 2.48, 2.35, 2.23, 3.73, 3.707, 3.09, 2.9, 2.41, 2.29, 2.47, 2.15, 1.75, 1.78, 1.69, 1.83, 1.71, 1.57, 1.57, 0.9, 0, 0.82, 1.8, 1.79, 1.86, 1.78, 1.61, 1.77, 2.04, 1.82, 2.28, 1.87, 1.95, 2.88, 4.79, 6.1, 6.866, 6.57, 5.987, 4.833, 3.704, 3.498, 3.574, 4.39, 5.804, 6.367, 7.001, 6.776, 6.013, 6.376, 6.119, 6.677, 6.787, 6.939, 6.889, 7.079, 7.029, 6.86, 6.454, 6.401, 6.126, 6.388, 6.04, 5.861, 6.384, 6.379, 6.03, 5.561, 3.841, 1.43, 1.63, 1.24], [4.26, 4.03, 3.99, 4.33, 4.34, 4.27, 3.71, 4.0, 3.72, 3.31, 2.85, 2.81, 2.24, 2.33, 2.18, 2.2, 2.17, 2.77, 4.15, 4.19, 3.556, 3.377, 2.825, 2.63, 2.85, 2.47, 2.03, 1.7, 1.77, 2.01, 1.75, 1.43, 1.93, 1.26, 0.82, 0, 1.52, 1.59, 1.6, 1.52, 1.49, 1.55, 1.7, 1.54, 1.84, 1.61, 1.85, 2.52, 4.33, 5.594, 6.36, 6.05, 5.43, 4.39, 3.33, 3.018, 3.114, 3.912, 5.368, 6.046, 6.61, 6.354, 5.601, 5.964, 5.742, 6.291, 6.501, 6.606, 6.559, 6.736, 6.723, 6.6, 6.137, 6.124, 5.797, 6.114, 5.697, 5.564, 5.961, 5.868, 5.547, 5.124, 3.444, 1.29, 1.99, 1.62], [3.9, 3.53, 3.67, 3.81, 3.82, 3.69, 3.17, 3.46, 3.28, 2.91, 2.47, 2.63, 2.12, 2.23, 2.3, 2.4, 1.93, 2.75, 4.83, 4.979, 4.299, 4.14, 3.55, 3.15, 3.424, 3.07, 2.53, 2.06, 1.89, 1.73, 1.59, 1.73, 2.27, 1.86, 1.8, 1.52, 0, 1.15, 1.44, 1.74, 1.49, 1.59, 1.58, 1.58, 1.92, 1.99, 1.81, 1.84, 3.69, 4.96, 5.76, 5.47, 4.93, 3.81, 3.08, 2.76, 2.414, 3.693, 5.187, 5.965, 6.326, 5.825, 5.203, 5.46, 5.712, 6.439, 6.62, 6.862, 6.852, 7.042, 6.912, 6.669, 6.069, 6.116, 6.009, 6.249, 5.886, 5.536, 5.81, 5.68, 5.107, 4.79, 3.147, 1.51, 2.45, 2.26], [3.57, 3.24, 3.32, 3.7, 3.71, 3.52, 3.06, 3.41, 3.17, 2.72, 2.42, 2.3, 1.75, 1.74, 1.73, 1.67, 1.42, 2.62, 5.1, 5.08, 4.44, 4.19, 3.76, 3.36, 3.6, 3.32, 2.72, 2.17, 2.3, 2.16, 1.74, 2.02, 2.66, 2.15, 1.79, 1.59, 1.15, 0, 0.75, 0.95, 1.06, 1.52, 1.37, 1.25, 1.35, 1.38, 1.54, 1.71, 3.68, 4.975, 5.735, 5.48, 4.88, 3.56, 2.71, 2.408, 2.409, 3.254, 4.713, 5.567, 5.884, 5.491, 4.797, 5.107, 5.121, 5.722, 5.976, 6.149, 6.145, 6.315, 6.159, 5.936, 5.414, 5.423, 5.331, 5.562, 5.213, 4.903, 5.211, 5.27, 4.848, 4.348, 2.665, 1.58, 2.76, 2.47], [3.4, 3.15, 3.17, 3.59, 3.58, 3.41, 2.89, 3.24, 3.02, 2.59, 2.23, 2.25, 1.72, 1.65, 1.6, 1.66, 1.47, 2.85, 5.15, 5.19, 4.53, 4.28, 3.83, 3.47, 3.75, 3.39, 2.85, 2.14, 2.25, 2.25, 1.75, 1.97, 2.65, 2.12, 1.86, 1.6, 1.44, 0.75, 0, 0.74, 1.05, 1.51, 1.28, 1.38, 1.28, 1.41, 1.67, 1.78, 3.49, 4.882, 5.622, 5.312, 4.75, 3.45, 2.698, 2.38, 2.43, 3.273, 4.685, 5.457, 5.879, 5.426, 4.769, 5.117, 5.059, 5.689, 5.971, 6.113, 6.103, 6.205, 6.103, 5.923, 5.42, 5.49, 5.198, 5.52, 5.22, 4.939, 5.204, 5.114, 4.881, 4.381, 2.658, 1.87, 2.87, 2.64], [3.62, 3.35, 3.39, 3.77, 3.78, 3.63, 3.07, 3.38, 3.14, 2.75, 2.25, 2.19, 1.7, 1.77, 1.6, 1.56, 1.53, 2.81, 5.07, 5.05, 4.43, 4.18, 3.73, 3.47, 3.67, 3.31, 2.83, 2.38, 2.55, 2.59, 2.07, 2.09, 2.79, 2.06, 1.78, 1.52, 1.74, 0.95, 0.74, 0, 1.01, 1.47, 1.34, 1.24, 1.26, 1.25, 1.55, 1.72, 3.57, 5.033, 5.826, 5.483, 4.95, 3.67, 2.713, 2.62, 2.61, 3.276, 4.773, 5.462, 5.933, 5.557, 4.851, 5.268, 5.026, 5.517, 5.789, 5.931, 5.926, 5.985, 5.846, 5.78, 5.357, 5.384, 4.998, 5.434, 5.02, 4.864, 5.161, 5.199, 4.942, 4.464, 2.824, 1.85, 2.83, 2.56], [4.09, 3.7, 3.8, 4.36, 4.35, 4.14, 3.62, 3.91, 3.73, 3.28, 2.84, 2.78, 2.21, 2.08, 2.09, 1.93, 1.64, 2.58, 4.9, 4.82, 4.2, 3.87, 3.54, 3.32, 3.5, 3.12, 2.56, 2.21, 2.42, 2.3, 1.98, 2.02, 2.54, 1.93, 1.61, 1.49, 1.49, 1.06, 1.05, 1.01, 0, 1.16, 1.15, 1.17, 1.47, 1.32, 1.2, 2.25, 4.22, 5.589, 6.308, 6.038, 5.462, 4.04, 3.083, 2.95, 3.096, 3.615, 5.006, 5.886, 6.16, 5.827, 4.95, 5.364, 5.234, 5.739, 5.9, 6.086, 6.094, 6.192, 6.016, 5.89, 5.564, 5.651, 5.319, 5.678, 5.253, 5.071, 5.425, 5.694, 5.362, 4.683, 3.02, 1.3, 2.7, 2.35], [3.71, 3.28, 3.5, 3.96, 3.97, 3.8, 3.28, 3.55, 3.31, 2.9, 2.5, 2.58, 2.03, 2.04, 1.97, 1.95, 1.94, 2.92, 5.1, 5.18, 4.5, 4.29, 3.8, 3.6, 3.78, 3.38, 2.72, 2.23, 2.24, 2.36, 2.2, 2.26, 2.7, 2.13, 1.77, 1.55, 1.59, 1.52, 1.51, 1.47, 1.16, 0, 0.89, 0.97, 1.27, 1.22, 1.32, 2.05, 3.82, 5.249, 5.969, 5.699, 5.122, 3.758, 2.87, 2.83, 2.923, 3.593, 4.846, 5.84, 6.114, 5.75, 4.959, 5.286, 5.182, 5.676, 5.85, 6.132, 6.122, 6.232, 6.142, 5.739, 5.498, 5.489, 5.459, 5.679, 5.239, 4.909, 5.22, 5.39, 5.078, 4.46, 2.977, 1.78, 2.96, 2.61], [3.38, 3.03, 3.29, 3.47, 3.46, 3.23, 2.77, 3.02, 2.86, 2.53, 2.11, 2.09, 1.58, 1.73, 1.8, 1.78, 1.81, 3.07, 5.45, 5.53, 4.83, 4.6, 4.15, 3.81, 4.01, 3.67, 2.97, 2.14, 2.39, 2.41, 2.19, 2.45, 3.07, 2.48, 2.04, 1.7, 1.58, 1.37, 1.28, 1.34, 1.15, 0.89, 0, 0.76, 1.02, 1.01, 1.47, 1.86, 3.41, 4.653, 5.402, 5.152, 4.61, 3.27, 2.52, 2.64, 2.59, 2.984, 4.328, 5.177, 5.539, 5.172, 4.376, 4.746, 4.638, 5.289, 5.506, 5.742, 5.735, 5.925, 5.732, 5.466, 4.975, 5.039, 4.972, 5.172, 4.783, 4.45, 4.764, 4.894, 4.481, 3.961, 2.477, 1.73, 3.19, 2.84], [3.26, 3.07, 3.29, 3.45, 3.46, 3.27, 2.81, 3.08, 2.82, 2.47, 2.05, 2.01, 1.6, 1.75, 1.74, 1.7, 1.83, 3.15, 5.15, 5.29, 4.63, 4.44, 3.85, 3.51, 3.73, 3.37, 2.63, 1.96, 2.29, 2.29, 2.11, 2.15, 2.75, 2.26, 1.82, 1.54, 1.58, 1.25, 1.38, 1.24, 1.17, 0.97, 0.76, 0, 0.88, 0.87, 1.47, 1.9, 3.47, 4.756, 5.516, 5.25, 4.69, 3.49, 2.66, 2.74, 2.67, 3.069, 4.439, 5.299, 5.636, 5.426, 4.696, 4.999, 4.872, 5.426, 5.634, 5.822, 5.792, 6.005, 5.872, 5.646, 5.137, 5.167, 5.052, 5.289, 4.863, 4.624, 4.981, 5.08, 4.55, 4.133, 2.607, 1.81, 3.09, 2.76], [2.98, 2.87, 2.99, 3.19, 3.22, 3.03, 2.51, 2.84, 2.62, 2.33, 1.99, 1.91, 1.56, 1.57, 1.7, 1.64, 1.85, 3.43, 5.65, 5.83, 5.13, 4.92, 4.43, 4.03, 4.35, 3.93, 3.27, 2.34, 2.71, 2.83, 2.41, 2.55, 3.19, 2.6, 2.28, 1.84, 1.92, 1.35, 1.28, 1.26, 1.47, 1.27, 1.02, 0.88, 0, 0.97, 1.81, 1.94, 3.09, 4.413, 5.216, 4.926, 4.35, 3.11, 2.3, 2.506, 2.462, 2.764, 4.128, 5.128, 5.385, 4.991, 4.286, 4.493, 4.435, 4.917, 5.207, 5.419, 5.406, 5.482, 5.426, 5.24, 4.877, 4.884, 4.635, 4.989, 4.54, 4.304, 4.521, 4.643, 4.233, 3.793, 2.4, 2.21, 3.39, 3.2], [3.43, 3.12, 3.4, 3.74, 3.65, 3.46, 2.94, 3.19, 2.91, 2.66, 2.26, 2.1, 1.61, 1.94, 1.81, 1.63, 1.78, 3.08, 5.1, 5.06, 4.4, 4.23, 3.72, 3.54, 3.74, 3.26, 2.76, 2.11, 2.46, 2.52, 2.16, 2.2, 2.88, 2.31, 1.87, 1.61, 1.99, 1.38, 1.41, 1.25, 1.32, 1.22, 1.01, 0.87, 0.97, 0, 1.38, 2.01, 3.7, 5.003, 5.799, 5.508, 4.895, 3.723, 2.754, 2.933, 2.94, 3.301, 4.678, 5.426, 5.894, 5.606, 4.924, 5.201, 4.98, 5.485, 5.67, 5.809, 5.785, 5.915, 5.833, 5.69, 5.308, 5.257, 5.065, 5.362, 4.91, 4.734, 5.191, 5.372, 4.763, 4.331, 2.924, 1.98, 3.06, 2.71], [4.23, 3.92, 4.12, 4.725, 4.71, 4.52, 4.0, 4.09, 3.69, 3.38, 3.005, 2.82, 2.29, 2.4, 2.25, 2.03, 1.84, 2.46, 4.66, 4.6, 3.9, 3.57, 3.14, 2.9, 2.96, 2.62, 2.32, 2.03, 2.2, 2.1, 1.84, 1.9, 2.58, 2.17, 1.95, 1.85, 1.81, 1.54, 1.67, 1.55, 1.2, 1.32, 1.47, 1.47, 1.81, 1.38, 0, 2.13, 4.624, 5.996, 6.768, 6.458, 5.848, 4.467, 3.42, 3.388, 3.522, 4.102, 5.46, 6.263, 6.683, 6.363, 5.564, 5.82, 5.649, 6.265, 6.417, 6.529, 6.496, 6.612, 6.576, 6.273, 5.95, 6.06, 5.859, 6.07, 5.75, 5.44, 5.868, 6.266, 5.684, 5.128, 3.525, 1.68, 2.72, 2.31], [2.74, 2.55, 2.67, 3.03, 2.9, 2.75, 2.25, 2.2, 1.98, 1.67, 1.51, 1.45, 1.32, 1.39, 1.44, 1.58, 1.59, 3.41, 5.67, 5.77, 5.07, 4.88, 4.23, 3.77, 4.07, 3.85, 3.07, 2.3, 2.39, 2.35, 2.09, 2.39, 3.01, 2.76, 2.88, 2.52, 1.84, 1.71, 1.78, 1.72, 2.25, 2.05, 1.86, 1.9, 1.94, 2.01, 2.13, 0, 2.65, 4.16, 5.017, 4.667, 4.31, 3.26, 2.438, 2.383, 2.03, 3.238, 4.684, 5.307, 5.806, 5.497, 5.041, 5.287, 5.571, 6.176, 6.307, 6.611, 6.721, 6.891, 6.681, 6.441, 6.024, 5.948, 5.981, 6.098, 5.549, 5.219, 5.322, 4.886, 4.604, 4.236, 2.848, 2.87, 3.55, 3.28], [1.35, 1.44, 1.48, 1.28, 1.23, 1.32, 1.62, 1.21, 1.41, 1.56, 1.8, 2.12, 2.57, 2.46, 2.59, 2.91, 3.62, 5.84, 8.08, 8.24, 7.58, 7.424, 6.812, 6.394, 6.669, 6.403, 5.609, 4.319, 4.44, 4.519, 4.34, 4.76, 5.24, 5.05, 4.79, 4.33, 3.69, 3.68, 3.49, 3.57, 4.22, 3.82, 3.41, 3.47, 3.09, 3.7, 4.624, 2.65, 0, 2.21, 3.27, 2.56, 2.34, 1.84, 2.09, 2.73, 2.5, 3.014, 4.183, 4.637, 4.903, 4.893, 5.174, 5.174, 5.274, 5.605, 5.855, 5.998, 6.125, 6.275, 6.045, 5.871, 5.648, 5.535, 5.708, 5.808, 5.554, 5.324, 4.958, 4.108, 3.941, 3.704, 3.31, 4.78, 5.84, 5.61], [2.9, 2.75, 2.69, 2.17, 1.78, 1.83, 2.39, 2.4, 2.8, 3.09, 3.23, 3.422, 3.854, 3.824, 3.94, 4.24, 4.943, 7.264, 9.53, 9.627, 9.018, 8.897, 8.173, 7.756, 8.09, 7.824, 6.95, 5.74, 5.93, 6.03, 5.81, 6.25, 6.73, 6.449, 6.1, 5.594, 4.96, 4.975, 4.882, 5.033, 5.589, 5.249, 4.653, 4.756, 4.413, 5.003, 5.996, 4.16, 2.21, 0, 1.44, 1.15, 1.11, 1.71, 3.02, 3.4, 3.11, 3.07, 2.792, 2.966, 3.426, 3.476, 4.042, 3.839, 3.982, 3.962, 4.131, 4.229, 4.301, 4.571, 4.445, 4.319, 4.079, 4.046, 4.299, 4.216, 4.116, 3.866, 3.523, 2.859, 2.792, 3.032, 3.42, 5.83, 7.162, 6.923], [3.9, 3.85, 3.65, 2.83, 2.64, 2.63, 3.13, 3.24, 3.62, 3.67, 4.09, 4.27, 4.66, 4.59, 4.7, 5.0, 5.701, 8.029, 10.21, 10.447, 9.773, 9.654, 8.959, 8.562, 8.839, 8.51, 7.742, 6.497, 6.69, 6.67, 6.55, 6.93, 7.45, 7.337, 6.866, 6.36, 5.76, 5.735, 5.622, 5.826, 6.308, 5.969, 5.402, 5.516, 5.216, 5.799, 6.768, 5.017, 3.27, 1.44, 0, 0.95, 1.83, 2.71, 3.94, 4.2, 3.95, 3.47, 2.872, 2.952, 3.432, 3.479, 4.182, 3.982, 4.125, 3.905, 3.915, 4.012, 3.962, 4.195, 4.445, 4.185, 3.985, 4.112, 4.362, 4.142, 4.162, 3.912, 3.569, 2.982, 3.012, 3.2, 3.86, 6.541, 8.067, 7.709], [3.17, 3.18, 2.96, 2.38, 2.15, 2.24, 2.78, 2.71, 3.13, 3.32, 3.62, 3.894, 4.338, 4.288, 4.41, 4.71, 5.411, 7.699, 9.9, 10.057, 9.449, 9.338, 8.629, 8.232, 8.469, 8.22, 7.412, 6.127, 6.38, 6.4, 6.28, 6.58, 7.1, 7.007, 6.57, 6.05, 5.47, 5.48, 5.312, 5.483, 6.038, 5.699, 5.152, 5.25, 4.926, 5.508, 6.458, 4.667, 2.56, 1.15, 0.95, 0, 1.28, 2.24, 3.53, 3.87, 3.68, 3.62, 3.442, 3.539, 4.019, 4.129, 4.752, 4.549, 4.692, 4.512, 4.542, 4.662, 4.632, 4.842, 5.035, 4.792, 4.632, 4.739, 4.969, 4.769, 4.769, 4.539, 4.196, 3.549, 3.502, 3.722, 3.93, 6.28, 7.737, 7.404], [2.61, 2.52, 2.18, 1.84, 1.87, 1.96, 2.48, 2.49, 2.71, 3.04, 3.22, 3.48, 3.733, 3.66, 3.79, 4.084, 4.773, 7.1, 9.443, 9.589, 8.932, 8.782, 8.175, 7.78, 8.055, 7.703, 6.938, 5.733, 5.88, 5.82, 5.7, 6.152, 6.735, 6.513, 5.987, 5.43, 4.93, 4.88, 4.75, 4.95, 5.462, 5.122, 4.61, 4.69, 4.35, 4.895, 5.848, 4.31, 2.34, 1.11, 1.83, 1.28, 0, 1.72, 2.89, 3.31, 3.38, 3.32, 3.085, 3.342, 3.682, 3.786, 4.392, 4.232, 4.335, 4.215, 4.384, 4.51, 4.554, 4.801, 4.755, 4.64, 4.38, 4.39, 4.572, 4.526, 4.452, 4.176, 3.867, 3.292, 3.225, 3.41, 3.51, 5.72, 7.237, 6.824], [2.29, 2.12, 1.86, 1.78, 1.57, 1.24, 1.7, 1.89, 2.17, 2.26, 2.28, 2.48, 2.696, 2.4, 2.61, 2.87, 3.46, 5.7, 8.466, 8.484, 7.847, 7.605, 7.155, 6.784, 7.027, 6.712, 5.959, 4.789, 4.924, 4.904, 4.721, 5.259, 5.861, 5.456, 4.833, 4.39, 3.81, 3.56, 3.45, 3.67, 4.04, 3.758, 3.27, 3.49, 3.11, 3.723, 4.467, 3.26, 1.84, 1.71, 2.71, 2.24, 1.72, 0, 1.65, 2.09, 2.3, 2.18, 2.569, 3.275, 3.347, 3.317, 3.58, 3.537, 3.608, 4.045, 4.355, 4.395, 4.565, 4.83, 4.56, 4.32, 4.14, 4.13, 4.22, 4.22, 3.957, 3.744, 3.39, 2.888, 2.59, 2.47, 2.39, 4.44, 6.08, 5.75], [2.2, 1.95, 1.85, 2.15, 2.24, 2.15, 1.95, 2.22, 1.98, 1.85, 1.47, 1.59, 1.7, 1.53, 1.653, 1.69, 2.368, 4.66, 7.249, 7.26, 6.617, 6.37, 5.941, 5.659, 5.836, 5.485, 4.813, 3.798, 4.015, 4.027, 3.838, 4.259, 4.926, 4.33, 3.704, 3.33, 3.08, 2.71, 2.698, 2.713, 3.083, 2.87, 2.52, 2.66, 2.3, 2.754, 3.42, 2.438, 2.09, 3.02, 3.94, 3.53, 2.89, 1.65, 0, 1.18, 1.61, 1.87, 3.145, 3.705, 3.879, 4.089, 4.05, 4.17, 3.97, 4.59, 4.76, 4.84, 5.05, 5.36, 5.19, 4.95, 4.59, 4.44, 4.73, 4.63, 4.17, 3.92, 3.9, 3.57, 3.0, 2.62, 1.82, 3.33, 4.983, 4.51], [2.726, 2.373, 2.33, 2.55, 2.66, 2.65, 2.41, 2.68, 2.46, 2.13, 1.83, 1.879, 1.966, 1.576, 1.706, 1.866, 2.161, 4.455, 7.066, 7.081, 6.41, 6.154, 5.693, 5.36, 5.58, 5.236, 4.632, 3.646, 3.733, 3.636, 3.422, 3.882, 4.542, 4.139, 3.498, 3.018, 2.76, 2.408, 2.38, 2.62, 2.95, 2.83, 2.64, 2.74, 2.506, 2.933, 3.388, 2.383, 2.73, 3.4, 4.2, 3.87, 3.31, 2.09, 1.18, 0, 1.11, 2.11, 3.38, 4.06, 4.12, 4.29, 3.93, 4.07, 4.19, 4.91, 5.18, 5.26, 5.47, 5.78, 5.67, 5.37, 5.03, 4.92, 5.13, 4.99, 4.37, 4.06, 4.06, 3.83, 3.3, 2.68, 1.72, 3.17, 4.805, 4.418], [2.825, 2.569, 2.572, 2.52, 2.51, 2.46, 2.2, 2.43, 2.322, 2.035, 1.792, 1.992, 1.816, 1.832, 1.862, 2.142, 2.488, 4.51, 6.902, 7.011, 6.331, 6.152, 5.606, 5.229, 5.474, 5.126, 4.501, 3.482, 3.408, 3.375, 3.195, 3.717, 4.272, 3.938, 3.574, 3.114, 2.414, 2.409, 2.43, 2.61, 3.096, 2.923, 2.59, 2.67, 2.462, 2.94, 3.522, 2.03, 2.5, 3.11, 3.95, 3.68, 3.38, 2.3, 1.61, 1.11, 0, 1.96, 3.39, 4.05, 4.41, 4.08, 3.82, 3.98, 4.26, 4.98, 5.25, 5.35, 5.58, 5.89, 5.72, 5.46, 5.12, 4.95, 5.08, 5.08, 4.4, 4.15, 4.15, 3.74, 3.27, 2.97, 1.95, 3.32, 4.607, 4.311], [3.378, 3.373, 3.213, 2.92, 2.85, 2.646, 2.346, 2.716, 2.904, 2.805, 2.59, 2.365, 2.629, 2.41, 2.611, 2.68, 3.348, 5.459, 7.866, 7.843, 7.18, 6.882, 6.535, 6.208, 6.358, 6.101, 5.365, 4.33, 4.616, 4.699, 4.45, 4.825, 5.433, 4.964, 4.39, 3.912, 3.693, 3.254, 3.273, 3.276, 3.615, 3.593, 2.984, 3.069, 2.764, 3.301, 4.102, 3.238, 3.014, 3.07, 3.47, 3.62, 3.32, 2.18, 1.87, 2.11, 1.96, 0, 2.03, 2.67, 3.01, 2.92, 2.7, 2.8, 2.7, 3.42, 3.63, 3.65, 3.88, 4.21, 4.04, 3.82, 3.5, 3.29, 3.42, 3.34, 2.8, 2.73, 2.75, 2.46, 2.23, 1.79, 1.37, 3.785, 5.564, 5.093], [4.572, 4.428, 4.231, 3.941, 3.665, 3.37, 3.383, 3.844, 4.24, 4.136, 4.05, 3.924, 4.065, 3.592, 3.884, 4.0, 4.547, 6.795, 9.379, 9.422, 8.805, 8.572, 8.077, 7.758, 7.963, 7.631, 6.875, 5.837, 6.105, 6.07, 5.973, 6.318, 6.912, 6.498, 5.804, 5.368, 5.187, 4.713, 4.685, 4.773, 5.006, 4.846, 4.328, 4.439, 4.128, 4.678, 5.46, 4.684, 4.183, 2.792, 2.872, 3.442, 3.085, 2.569, 3.145, 3.38, 3.39, 2.03, 0, 1.26, 1.5, 1.43, 1.73, 1.69, 1.51, 1.89, 2.12, 2.34, 2.43, 2.8, 2.65, 2.45, 2.15, 2.12, 2.23, 2.19, 1.99, 1.82, 1.58, 1.51, 1.54, 1.56, 2.311, 5.212, 7.179, 6.712], [5.115, 5.168, 4.874, 4.5, 4.091, 3.849, 3.869, 4.243, 4.683, 4.596, 4.35, 4.281, 4.479, 4.387, 4.613, 4.707, 5.435, 7.522, 9.914, 9.894, 9.28, 9.038, 8.591, 8.338, 8.412, 8.143, 7.472, 6.465, 6.904, 6.949, 6.751, 7.018, 7.629, 7.15, 6.367, 6.046, 5.965, 5.567, 5.457, 5.462, 5.886, 5.84, 5.177, 5.299, 5.128, 5.426, 6.263, 5.307, 4.637, 2.966, 2.952, 3.539, 3.342, 3.275, 3.705, 4.06, 4.05, 2.67, 1.26, 0, 1.16, 1.25, 1.83, 1.71, 1.59, 1.97, 2.06, 2.22, 2.21, 2.54, 2.33, 1.99, 1.75, 1.76, 1.89, 1.79, 1.67, 1.6, 1.5, 1.49, 1.64, 1.96, 3.171, 5.959, 7.739, 7.221], [5.326, 5.145, 4.934, 4.683, 4.388, 4.169, 4.323, 4.693, 5.037, 5.033, 4.81, 4.766, 5.064, 4.689, 5.084, 5.135, 5.648, 7.94, 10.602, 10.613, 10.013, 9.703, 9.291, 8.935, 9.154, 8.839, 8.086, 7.065, 7.398, 7.329, 7.214, 7.572, 8.206, 7.733, 7.001, 6.61, 6.326, 5.884, 5.879, 5.933, 6.16, 6.114, 5.539, 5.636, 5.385, 5.894, 6.683, 5.806, 4.903, 3.426, 3.432, 4.019, 3.682, 3.347, 3.879, 4.12, 4.41, 3.01, 1.5, 1.16, 0, 0.99, 1.71, 1.59, 1.67, 1.89, 2.18, 2.52, 2.45, 2.74, 2.53, 2.01, 1.75, 1.6, 1.81, 1.75, 1.77, 1.96, 1.6, 1.47, 1.62, 2.02, 3.444, 6.392, 8.356, 7.903], [5.419, 5.275, 5.004, 4.771, 4.518, 4.197, 4.251, 4.683, 5.073, 5.006, 4.962, 4.871, 4.969, 4.556, 4.844, 5.061, 5.544, 7.645, 10.426, 10.412, 9.76, 9.473, 9.112, 8.761, 8.975, 8.666, 7.91, 6.795, 7.051, 7.042, 6.852, 7.324, 7.95, 7.414, 6.776, 6.354, 5.825, 5.491, 5.426, 5.557, 5.827, 5.75, 5.172, 5.426, 4.991, 5.606, 6.363, 5.497, 4.893, 3.476, 3.479, 4.129, 3.786, 3.317, 4.089, 4.29, 4.08, 2.92, 1.43, 1.25, 0.99, 0, 1.22, 1.16, 1.44, 1.8, 2.15, 2.33, 2.34, 2.65, 2.4, 1.88, 1.64, 1.51, 1.7, 1.74, 1.62, 1.75, 1.39, 1.5, 1.69, 2.146, 3.278, 6.148, 8.006, 7.647], [5.504, 5.331, 5.194, 5.074, 4.907, 4.443, 4.24, 4.747, 5.055, 4.962, 4.818, 4.698, 4.582, 4.221, 4.565, 4.668, 5.069, 6.928, 9.683, 9.635, 8.997, 8.696, 8.346, 8.001, 8.212, 7.9, 7.191, 6.11, 6.342, 6.368, 6.116, 6.593, 7.209, 6.642, 6.013, 5.601, 5.203, 4.797, 4.769, 4.851, 4.95, 4.959, 4.376, 4.696, 4.286, 4.924, 5.564, 5.041, 5.174, 4.042, 4.182, 4.752, 4.392, 3.58, 4.05, 3.93, 3.82, 2.7, 1.73, 1.83, 1.71, 1.22, 0, 0.7, 1.28, 2.02, 2.33, 2.63, 2.48, 2.79, 2.5, 2.1, 1.68, 1.69, 1.72, 1.74, 1.5, 1.47, 1.39, 1.76, 1.91, 1.91, 2.835, 5.317, 7.217, 6.87], [5.538, 5.371, 5.231, 5.071, 4.827, 4.314, 4.268, 4.761, 5.135, 5.022, 4.912, 4.838, 4.776, 4.455, 4.84, 4.886, 5.257, 7.325, 10.063, 9.977, 9.357, 9.019, 8.709, 8.344, 8.543, 8.263, 7.507, 6.447, 6.699, 6.668, 6.486, 6.95, 7.576, 7.025, 6.376, 5.964, 5.46, 5.107, 5.117, 5.268, 5.364, 5.286, 4.746, 4.999, 4.493, 5.201, 5.82, 5.287, 5.174, 3.839, 3.982, 4.549, 4.232, 3.537, 4.17, 4.07, 3.98, 2.8, 1.69, 1.71, 1.59, 1.16, 0.7, 0, 1.08, 1.72, 2.05, 2.39, 2.26, 2.53, 2.34, 1.92, 1.66, 1.59, 1.6, 1.56, 1.38, 1.43, 1.27, 1.8, 1.79, 1.99, 3.001, 5.637, 7.6, 7.212], [5.714, 5.562, 5.368, 5.191, 4.924, 4.5, 4.405, 4.921, 5.325, 5.252, 4.952, 4.795, 4.747, 4.537, 4.64, 4.668, 5.286, 7.148, 9.755, 9.672, 9.061, 8.766, 8.418, 8.199, 8.322, 7.984, 7.366, 6.416, 6.745, 6.848, 6.516, 6.835, 7.484, 6.789, 6.119, 5.742, 5.712, 5.121, 5.059, 5.026, 5.234, 5.182, 4.638, 4.872, 4.435, 4.98, 5.649, 5.571, 5.274, 3.982, 4.125, 4.692, 4.335, 3.608, 3.97, 4.19, 4.26, 2.7, 1.51, 1.59, 1.67, 1.44, 1.28, 1.08, 0, 1.18, 1.55, 2.01, 1.86, 2.03, 1.94, 1.74, 1.54, 1.43, 1.42, 1.32, 1.32, 1.37, 1.21, 1.48, 1.69, 1.99, 3.041, 5.418, 7.389, 6.939], [6.252, 6.025, 5.748, 5.471, 5.218, 4.945, 4.999, 5.529, 5.932, 5.822, 5.656, 5.496, 5.482, 5.191, 5.232, 5.302, 5.903, 7.739, 10.262, 10.206, 9.613, 9.277, 8.996, 8.807, 9.013, 8.558, 7.936, 7.083, 7.456, 7.542, 7.207, 7.384, 7.999, 7.294, 6.677, 6.291, 6.439, 5.722, 5.689, 5.517, 5.739, 5.676, 5.289, 5.426, 4.917, 5.485, 6.265, 6.176, 5.605, 3.962, 3.905, 4.512, 4.215, 4.045, 4.59, 4.91, 4.98, 3.42, 1.89, 1.97, 1.89, 1.8, 2.02, 1.72, 1.18, 0, 0.91, 1.57, 1.46, 1.51, 1.42, 1.5, 1.62, 1.55, 1.44, 1.34, 1.7, 1.85, 1.61, 2.02, 2.33, 2.63, 3.764, 5.963, 8.038, 7.554], [6.502, 6.295, 6.018, 5.738, 5.488, 5.215, 5.232, 5.762, 6.182, 6.072, 5.809, 5.626, 5.516, 5.326, 5.442, 5.359, 6.061, 7.722, 10.205, 10.102, 9.559, 9.229, 9.045, 9.014, 9.1, 8.548, 8.1, 7.316, 7.593, 7.665, 7.387, 7.631, 8.197, 7.461, 6.787, 6.501, 6.62, 5.976, 5.971, 5.789, 5.9, 5.85, 5.506, 5.634, 5.207, 5.67, 6.417, 6.307, 5.855, 4.131, 3.915, 4.542, 4.384, 4.355, 4.76, 5.18, 5.25, 3.63, 2.12, 2.06, 2.18, 2.15, 2.33, 2.05, 1.55, 0.91, 0, 1.18, 1.13, 1.18, 1.35, 1.53, 1.69, 1.52, 1.63, 1.43, 1.65, 1.74, 1.76, 2.33, 2.66, 2.88, 3.836, 6.041, 8.213, 7.666], [6.542, 6.335, 6.098, 5.818, 5.568, 5.255, 5.289, 5.819, 6.222, 6.112, 5.906, 5.744, 5.728, 5.541, 5.542, 5.551, 6.318, 8.072, 10.261, 10.161, 9.647, 9.317, 9.133, 9.121, 9.204, 8.653, 8.272, 7.499, 7.872, 7.952, 7.609, 7.736, 8.323, 7.606, 6.939, 6.606, 6.862, 6.149, 6.113, 5.931, 6.086, 6.132, 5.742, 5.822, 5.419, 5.809, 6.529, 6.611, 5.998, 4.229, 4.012, 4.662, 4.51, 4.395, 4.84, 5.26, 5.35, 3.65, 2.34, 2.22, 2.52, 2.33, 2.63, 2.39, 2.01, 1.57, 1.18, 0, 0.81, 0.96, 1.19, 1.59, 1.99, 1.9, 1.99, 1.73, 1.77, 1.94, 1.92, 2.63, 2.76, 2.9, 4.034, 6.189, 8.32, 7.773], [6.652, 6.465, 6.168, 5.888, 5.638, 5.365, 5.399, 5.929, 6.332, 6.222, 6.036, 5.856, 5.801, 5.631, 5.592, 5.641, 6.411, 8.065, 10.265, 10.145, 9.594, 9.284, 9.103, 9.074, 9.174, 8.603, 8.222, 7.449, 7.822, 7.925, 7.559, 7.689, 8.274, 7.599, 6.889, 6.559, 6.852, 6.145, 6.103, 5.926, 6.094, 6.122, 5.735, 5.792, 5.406, 5.785, 6.496, 6.721, 6.125, 4.301, 3.962, 4.632, 4.554, 4.565, 5.05, 5.47, 5.58, 3.88, 2.43, 2.21, 2.45, 2.34, 2.48, 2.26, 1.86, 1.46, 1.13, 0.81, 0, 0.83, 1.24, 1.42, 1.76, 1.65, 1.74, 1.42, 1.76, 1.87, 1.87, 2.64, 2.95, 3.09, 4.17, 6.159, 8.29, 7.723], [6.942, 6.715, 6.438, 6.158, 5.908, 5.635, 5.689, 6.219, 6.622, 6.512, 6.326, 6.146, 6.074, 5.904, 5.882, 5.914, 6.641, 8.235, 10.391, 10.291, 9.777, 9.427, 9.26, 9.266, 9.366, 8.78, 8.472, 7.682, 8.075, 8.195, 7.769, 7.866, 8.472, 7.696, 7.079, 6.736, 7.042, 6.315, 6.205, 5.985, 6.192, 6.232, 5.925, 6.005, 5.482, 5.915, 6.612, 6.891, 6.275, 4.571, 4.195, 4.842, 4.801, 4.83, 5.36, 5.78, 5.89, 4.21, 2.8, 2.54, 2.74, 2.65, 2.79, 2.53, 2.03, 1.51, 1.18, 0.96, 0.83, 0, 1.01, 1.43, 1.99, 1.88, 1.79, 1.73, 2.07, 2.24, 2.12, 2.73, 3.06, 3.3, 4.44, 6.349, 8.44, 7.916], [6.672, 6.445, 6.165, 5.868, 5.635, 5.365, 5.459, 5.989, 6.352, 6.259, 6.096, 5.916, 5.878, 5.691, 5.669, 5.701, 6.428, 8.022, 10.267, 10.164, 9.707, 9.357, 9.21, 9.216, 9.316, 8.73, 8.362, 7.589, 7.982, 8.085, 7.739, 7.833, 8.436, 7.663, 7.029, 6.723, 6.912, 6.159, 6.103, 5.846, 6.016, 6.142, 5.732, 5.872, 5.426, 5.833, 6.576, 6.681, 6.045, 4.445, 4.445, 5.035, 4.755, 4.56, 5.19, 5.67, 5.72, 4.04, 2.65, 2.33, 2.53, 2.4, 2.5, 2.34, 1.94, 1.42, 1.35, 1.19, 1.24, 1.01, 0, 1.26, 1.72, 1.59, 1.66, 1.62, 1.74, 2.05, 2.09, 2.58, 2.91, 3.13, 4.21, 6.24, 8.37, 7.923], [6.392, 6.188, 5.988, 5.751, 5.461, 5.108, 5.179, 5.709, 6.072, 5.979, 5.816, 5.636, 5.564, 5.394, 5.369, 5.404, 6.071, 7.762, 10.361, 10.261, 9.684, 9.334, 9.124, 9.07, 9.113, 8.63, 8.156, 7.366, 7.699, 7.762, 7.479, 7.71, 8.27, 7.56, 6.86, 6.6, 6.669, 5.936, 5.923, 5.78, 5.89, 5.739, 5.466, 5.646, 5.24, 5.69, 6.273, 6.441, 5.871, 4.319, 4.185, 4.792, 4.64, 4.32, 4.95, 5.37, 5.46, 3.82, 2.45, 1.99, 2.01, 1.88, 2.1, 1.92, 1.74, 1.5, 1.53, 1.59, 1.42, 1.43, 1.26, 0, 1.02, 1.13, 1.24, 1.12, 1.44, 1.73, 1.73, 2.36, 2.63, 2.81, 3.95, 6.04, 8.25, 7.78], [6.135, 5.945, 5.768, 5.454, 5.184, 4.865, 4.842, 5.372, 5.792, 5.705, 5.436, 5.256, 5.146, 5.014, 5.052, 5.026, 5.654, 7.408, 10.113, 10.05, 9.43, 9.12, 8.798, 8.567, 8.627, 8.335, 7.684, 6.766, 7.082, 7.205, 6.908, 7.227, 7.864, 7.191, 6.454, 6.137, 6.069, 5.414, 5.42, 5.357, 5.564, 5.498, 4.975, 5.137, 4.877, 5.308, 5.95, 6.024, 5.648, 4.079, 3.985, 4.632, 4.38, 4.14, 4.59, 5.03, 5.12, 3.5, 2.15, 1.75, 1.75, 1.64, 1.68, 1.66, 1.54, 1.62, 1.69, 1.99, 1.76, 1.99, 1.72, 1.02, 0, 0.81, 1.12, 0.98, 1.38, 1.43, 1.45, 2.12, 2.37, 2.63, 3.51, 5.7, 7.784, 7.317], [6.062, 5.892, 5.735, 5.398, 5.117, 4.792, 4.769, 5.299, 5.719, 5.632, 5.326, 5.144, 5.071, 5.001, 5.019, 4.956, 5.718, 7.389, 9.923, 9.825, 9.271, 8.941, 8.691, 8.557, 8.617, 8.171