[[0, 1.0, 1.42, 1.5, 1.73, 2.11, 4.0, 4.44, 4.78, 4.78, 4.84, 4.7, 4.64, 4.78, 4.94, 4.34, 4.63, 4.89, 4.83, 4.99, 4.53, 3.96, 3.68, 3.91, 4.07, 3.02, 2.32, 1.93, 1.42, 1.66, 2.21, 2.34, 3.62, 5.88, 6.97, 7.91, 7.93, 7.72, 7.9, 9.31, 11.11, 11.08, 10.31, 9.23, 8.88, 9.28, 10.07, 10.79, 9.54, 7.38, 5.49, 4.5, 4.21, 4.17, 4.97, 5.0, 5.14, 4.66, 4.8, 4.5, 3.93, 3.68, 4.17, 4.36, 4.32, 4.88, 5.61, 5.79, 5.6, 5.54, 5.46, 6.37, 6.443, 5.756, 5.402, 4.66, 3.48, 2.91, 3.15, 3.11, 2.58, 2.15, 2.99, 3.66, 3.64, 3.44], [1.0, 0, 1.06, 1.64, 1.91, 2.67, 4.72, 5.12, 5.46, 5.48, 5.52, 5.38, 5.3, 5.44, 5.78, 5.16, 5.51, 5.77, 5.71, 5.83, 5.27, 4.54, 4.04, 4.21, 4.35, 3.24, 2.48, 2.25, 1.96, 1.88, 2.31, 2.36, 2.86, 5.1, 6.17, 7.09, 7.11, 6.9, 7.08, 8.49, 10.29, 10.26, 9.49, 8.41, 8.06, 8.48, 9.27, 9.99, 8.72, 6.54, 4.69, 3.78, 3.49, 3.41, 4.17, 4.2, 4.54, 4.12, 4.32, 4.04, 3.59, 3.48, 4.13, 4.44, 4.6, 5.54, 6.25, 6.45, 6.36, 6.26, 6.24, 7.219, 7.272, 6.582, 6.25, 5.44, 3.98, 3.33, 3.39, 3.33, 2.74, 1.93, 2.43, 2.84, 2.8, 2.62], [1.42, 1.06, 0, 1.06, 1.37, 3.09, 5.16, 5.56, 5.88, 5.94, 5.96, 5.82, 5.64, 5.8, 6.26, 5.62, 5.99, 6.25, 6.19, 6.29, 5.75, 4.76, 4.34, 4.55, 4.61, 3.58, 2.86, 2.65, 2.26, 1.82, 1.99, 2.08, 2.88, 4.96, 6.03, 6.77, 6.77, 6.56, 6.8, 8.03, 9.81, 9.82, 9.05, 7.97, 7.6, 8.02, 8.81, 9.55, 8.24, 6.28, 4.59, 3.72, 3.43, 3.35, 4.07, 4.12, 4.52, 4.16, 4.42, 4.2, 4.23, 4.04, 4.61, 4.82, 4.88, 5.88, 6.63, 6.83, 6.82, 6.72, 6.697, 7.662, 7.735, 7.047, 6.73, 5.9, 4.38, 3.61, 3.63, 3.69, 3.26, 2.73, 2.45, 2.62, 2.52, 2.36], [1.5, 1.64, 1.06, 0, 0.79, 2.85, 4.94, 5.3, 5.62, 5.72, 5.72, 5.54, 5.46, 5.56, 5.96, 5.34, 5.69, 5.95, 5.89, 6.01, 5.45, 4.82, 4.56, 4.81, 4.99, 3.96, 3.2, 2.89, 2.1, 1.96, 2.25, 2.46, 3.1, 5.22, 6.31, 7.01, 6.97, 6.74, 6.98, 8.29, 10.07, 10.04, 9.29, 8.21, 7.84, 8.24, 9.03, 9.75, 8.5, 6.5, 4.93, 4.16, 3.83, 3.71, 4.33, 4.42, 5.04, 4.8, 5.12, 5.02, 4.99, 4.78, 5.15, 5.38, 5.22, 5.68, 6.45, 6.63, 6.58, 6.46, 6.4, 7.404, 7.477, 6.787, 6.47, 5.64, 4.32, 3.81, 4.11, 4.09, 3.64, 3.27, 3.13, 2.82, 2.72, 2.56], [1.73, 1.91, 1.37, 0.79, 0, 2.48, 4.59, 5.11, 5.35, 5.35, 5.33, 5.17, 5.17, 5.31, 5.67, 5.03, 5.44, 5.7, 5.64, 5.7, 5.16, 4.63, 4.37, 4.72, 4.94, 3.93, 3.27, 2.96, 2.15, 2.05, 2.44, 2.59, 3.49, 5.51, 6.54, 7.28, 7.26, 7.05, 7.29, 8.6, 10.4, 10.37, 9.62, 8.54, 8.17, 8.57, 9.36, 10.08, 8.83, 6.77, 5.16, 4.37, 4.02, 3.9, 4.58, 4.65, 5.25, 5.01, 5.31, 5.17, 5.2, 4.97, 5.34, 5.55, 5.19, 5.43, 6.22, 6.46, 6.25, 6.13, 6.19, 7.166, 7.23, 6.569, 6.234, 5.41, 4.35, 3.92, 4.28, 4.22, 3.91, 3.44, 3.3, 3.15, 2.99, 2.89], [2.11, 2.67, 3.09, 2.85, 2.48, 0, 2.41, 3.15, 3.29, 3.27, 3.23, 3.17, 3.17, 3.31, 3.43, 2.87, 3.12, 3.3, 3.26, 3.3, 2.92, 2.99, 2.85, 3.2, 3.42, 2.93, 2.81, 2.54, 2.13, 2.31, 3.42, 3.71, 5.13, 7.39, 8.46, 9.4, 9.42, 9.23, 9.41, 10.82, 12.62, 12.59, 11.82, 10.76, 10.41, 10.83, 11.62, 12.34, 11.05, 8.89, 6.94, 5.93, 5.62, 5.58, 6.34, 6.39, 6.57, 6.17, 6.37, 6.09, 5.52, 5.25, 5.16, 4.99, 3.93, 3.87, 4.58, 4.52, 4.39, 4.27, 4.31, 4.96, 4.95, 4.3, 4.0, 3.49, 3.43, 3.52, 3.76, 3.7, 3.33, 3.58, 4.62, 5.15, 5.13, 4.93], [4.0, 4.72, 5.16, 4.94, 4.59, 2.41, 0, 0.98, 1.12, 1.32, 1.3, 1.3, 1.38, 1.5, 1.54, 1.18, 1.49, 1.77, 1.43, 1.33, 1.19, 1.78, 2.54, 2.87, 3.03, 3.56, 3.82, 3.57, 3.48, 3.88, 4.91, 5.14, 6.94, 9.32, 10.43, 11.39, 11.41, 11.22, 11.4, 12.81, 14.65, 14.62, 13.87, 12.81, 12.46, 12.88, 13.67, 14.41, 13.14, 10.98, 8.97, 7.9, 7.63, 7.65, 8.35, 8.38, 8.4, 7.76, 7.82, 7.38, 6.25, 5.8, 5.39, 5.2, 3.64, 2.46, 2.57, 2.49, 2.26, 2.18, 2.28, 2.71, 2.76, 2.53, 2.51, 2.26, 3.1, 3.55, 3.99, 3.83, 3.46, 4.47, 6.35, 7.08, 7.08, 6.9], [4.44, 5.12, 5.56, 5.3, 5.11, 3.15, 0.98, 0, 0.46, 0.98, 1.12, 1.26, 1.3, 1.14, 1.2, 1.22, 1.49, 1.75, 1.45, 1.41, 1.21, 1.76, 2.54, 2.81, 3.07, 3.68, 4.0, 3.77, 3.72, 4.14, 5.17, 5.38, 7.22, 9.66, 10.75, 11.73, 11.73, 11.54, 11.74, 13.189, 15.006, 14.98, 14.21, 13.13, 12.78, 13.2, 14.009, 14.752, 13.464, 11.336, 9.318, 8.245, 7.972, 8.001, 8.701, 8.728, 8.745, 8.1, 8.1, 7.52, 6.35, 5.9, 5.49, 5.26, 3.62, 2.36, 2.19, 2.31, 2.26, 2.26, 2.3, 2.47, 2.48, 2.73, 2.71, 2.28, 3.04, 3.59, 4.07, 3.91, 3.58, 4.73, 6.65, 7.38, 7.4, 7.24], [4.78, 5.46, 5.88, 5.62, 5.35, 3.29, 1.12, 0.46, 0, 1.0, 1.12, 1.22, 1.26, 0.94, 0.98, 0.98, 1.39, 1.75, 1.37, 1.23, 1.07, 1.76, 2.6, 2.81, 3.15, 3.8, 4.18, 3.95, 3.92, 4.34, 5.31, 5.6, 7.54, 9.94, 11.01, 11.93, 11.95, 11.76, 11.96, 13.389, 15.226, 15.182, 14.412, 13.35, 13.0, 13.42, 14.229, 14.972, 13.684, 11.556, 9.538, 8.465, 8.192, 8.221, 8.921, 8.948, 8.965, 8.302, 8.24, 7.62, 6.39, 5.92, 5.43, 5.22, 3.64, 2.34, 2.07, 2.17, 2.26, 2.2, 2.34, 2.45, 2.48, 2.69, 2.69, 2.32, 3.1, 3.55, 4.03, 3.89, 3.68, 4.95, 6.85, 7.6, 7.62, 7.48], [4.78, 5.48, 5.94, 5.72, 5.35, 3.27, 1.32, 0.98, 1.0, 0, 0.74, 0.92, 1.08, 0.82, 1.22, 1.28, 1.55, 1.79, 1.45, 1.25, 0.85, 1.64, 2.68, 2.95, 3.23, 3.86, 4.2, 4.01, 4.02, 4.42, 5.429, 5.682, 7.64, 10.014, 11.052, 12.021, 12.023, 11.856, 12.056, 13.492, 15.329, 15.285, 14.495, 13.466, 13.1, 13.52, 14.332, 15.071, 13.787, 11.659, 9.641, 8.568, 8.295, 8.323, 9.023, 9.051, 9.068, 8.385, 8.322, 7.68, 6.43, 5.94, 5.37, 5.06, 3.38, 2.06, 1.99, 2.11, 2.04, 2.04, 2.06, 2.27, 2.16, 2.37, 2.27, 2.0, 2.74, 3.43, 3.91, 3.65, 3.56, 5.026, 6.95, 7.699, 7.725, 7.56], [4.84, 5.52, 5.96, 5.72, 5.33, 3.23, 1.3, 1.12, 1.12, 0.74, 0, 0.58, 1.08, 1.06, 1.34, 1.5, 1.75, 2.01, 1.67, 1.47, 0.99, 1.84, 2.84, 3.17, 3.29, 3.76, 4.12, 3.97, 4.04, 4.42, 5.37, 5.64, 7.64, 10.02, 11.024, 11.981, 12.004, 11.776, 11.988, 13.432, 15.249, 15.231, 14.455, 13.386, 13.028, 13.445, 14.252, 14.995, 13.707, 11.599, 9.581, 8.488, 8.235, 8.258, 8.981, 8.991, 9.008, 8.325, 8.262, 7.62, 6.39, 5.9, 5.29, 4.96, 3.22, 1.98, 1.97, 1.97, 1.84, 1.82, 2.0, 2.19, 2.08, 1.99, 1.97, 1.8, 2.6, 3.31, 3.81, 3.47, 3.5, 4.99, 6.89, 7.66, 7.665, 7.52], [4.7, 5.38, 5.82, 5.54, 5.17, 3.17, 1.3, 1.26, 1.22, 0.92, 0.58, 0, 0.8, 1.04, 1.62, 1.64, 1.91, 2.25, 1.95, 1.69, 0.95, 1.66, 2.7, 3.07, 3.15, 3.6, 3.98, 3.85, 3.9, 4.24, 5.21, 5.46, 7.48, 9.78, 10.85, 11.801, 11.824, 11.596, 11.796, 13.252, 15.069, 15.051, 14.275, 13.206, 12.848, 13.265, 14.072, 14.815, 13.527, 11.419, 9.401, 8.308, 8.055, 8.063, 8.801, 8.811, 8.828, 8.145, 8.12, 7.48, 6.25, 5.76, 5.11, 4.76, 3.0, 1.58, 1.67, 1.79, 1.66, 1.64, 1.74, 2.23, 2.22, 1.91, 1.87, 1.48, 2.24, 3.13, 3.61, 3.27, 3.36, 4.85, 6.73, 7.479, 7.465, 7.38], [4.64, 5.3, 5.64, 5.46, 5.17, 3.17, 1.38, 1.3, 1.26, 1.08, 1.08, 0.8, 0, 0.88, 1.66, 1.7, 1.87, 2.21, 1.91, 1.65, 0.95, 1.44, 2.46, 2.83, 2.97, 3.6, 3.96, 3.85, 3.88, 4.2, 5.13, 5.36, 7.34, 9.66, 10.75, 11.718, 11.73, 11.54, 11.733, 13.169, 15.006, 14.98, 14.21, 13.13, 12.78, 13.2, 14.009, 14.752, 13.464, 11.336, 9.318, 8.245, 7.972, 8.001, 8.701, 8.748, 8.745, 8.062, 8.04, 7.4, 6.17, 5.68, 5.05, 4.7, 2.98, 1.58, 1.77, 1.89, 1.84, 1.86, 1.88, 2.43, 2.46, 2.39, 2.39, 1.7, 2.28, 3.07, 3.55, 3.21, 3.24, 4.83, 6.63, 7.38, 7.4, 7.3], [4.78, 5.44, 5.8, 5.56, 5.31, 3.31, 1.5, 1.14, 0.94, 0.82, 1.06, 1.04, 0.88, 0, 1.18, 1.08, 1.47, 1.79, 1.55, 1.39, 0.89, 1.48, 2.48, 2.69, 3.05, 3.66, 4.04, 3.83, 3.86, 4.26, 5.15, 5.4, 7.42, 9.78, 10.81, 11.75, 11.75, 11.56, 11.76, 13.189, 15.026, 15.0, 14.23, 13.15, 12.8, 13.22, 14.029, 14.772, 13.484, 11.356, 9.338, 8.265, 7.992, 8.03, 8.738, 8.768, 8.765, 8.102, 8.1, 7.5, 6.27, 5.8, 5.17, 4.84, 3.2, 1.98, 1.89, 2.11, 2.24, 2.22, 2.32, 2.47, 2.6, 2.71, 2.69, 2.18, 2.74, 3.25, 3.69, 3.35, 3.38, 4.81, 6.65, 7.4, 7.42, 7.32], [4.94, 5.78, 6.26, 5.96, 5.67, 3.43, 1.54, 1.2, 0.98, 1.22, 1.34, 1.62, 1.66, 1.18, 0, 0.92, 1.29, 1.71, 1.37, 1.45, 1.15, 2.14, 2.98, 3.11, 3.59, 4.22, 4.56, 4.23, 4.2, 4.8, 5.55, 5.9, 7.84, 10.3, 11.29, 12.13, 12.19, 11.88, 12.1, 13.53, 15.33, 15.42, 14.53, 13.47, 13.14, 13.52, 14.35, 15.09, 13.84, 11.66, 9.65, 8.56, 8.31, 8.35, 9.13, 9.12, 9.08, 8.42, 8.42, 7.88, 6.69, 6.22, 5.65, 5.38, 3.82, 2.72, 2.47, 2.53, 2.68, 2.62, 2.64, 2.67, 2.62, 2.87, 2.89, 2.52, 3.58, 3.93, 4.37, 4.07, 3.98, 5.17, 6.95, 7.8, 7.76, 7.72], [4.34, 5.16, 5.62, 5.34, 5.03, 2.87, 1.18, 1.22, 0.98, 1.28, 1.5, 1.64, 1.7, 1.08, 0.92, 0, 1.05, 1.45, 1.19, 1.27, 1.23, 1.88, 2.42, 2.55, 3.01, 3.66, 3.96, 3.65, 3.6, 4.2, 4.97, 5.32, 7.22, 9.7, 10.71, 11.53, 11.59, 11.3, 11.5, 12.97, 14.77, 14.84, 13.97, 12.91, 12.52, 12.94, 13.73, 14.47, 13.22, 11.1, 9.07, 7.96, 7.71, 7.77, 8.51, 8.52, 8.48, 7.84, 7.84, 7.28, 6.09, 5.68, 5.29, 5.14, 3.68, 2.64, 2.47, 2.53, 2.58, 2.56, 2.62, 2.73, 2.86, 2.97, 2.95, 2.48, 3.46, 3.65, 3.95, 3.91, 3.62, 4.57, 6.37, 7.2, 7.18, 7.1], [4.63, 5.51, 5.99, 5.69, 5.44, 3.12, 1.49, 1.49, 1.39, 1.55, 1.75, 1.91, 1.87, 1.47, 1.29, 1.05, 0, 0.68, 0.62, 1.04, 1.3, 2.23, 2.77, 2.88, 3.3, 4.03, 4.31, 3.98, 3.89, 4.57, 5.36, 5.69, 7.59, 10.09, 11.1, 11.88, 11.96, 11.71, 11.91, 13.4, 15.2, 15.23, 14.36, 13.32, 12.95, 13.35, 14.16, 14.9, 13.63, 11.55, 9.48, 8.39, 8.14, 8.16, 8.9, 8.89, 8.91, 8.229, 8.21, 7.65, 6.5, 6.07, 5.7, 5.47, 3.97, 2.89, 2.94, 2.96, 2.85, 2.91, 2.83, 2.76, 2.85, 3.02, 2.88, 2.69, 3.69, 3.94, 4.34, 4.2, 3.91, 4.9, 6.78, 7.55, 7.55, 7.47], [4.89, 5.77, 6.25, 5.95, 5.7, 3.3, 1.77, 1.75, 1.75, 1.79, 2.01, 2.25, 2.21, 1.79, 1.71, 1.45, 0.68, 0, 0.64, 1.1, 1.7, 2.57, 3.15, 3.22, 3.66, 4.29, 4.55, 4.28, 4.21, 4.81, 5.7, 5.97, 7.87, 10.35, 11.38, 12.24, 12.26, 12.09, 12.29, 13.779, 15.58, 15.59, 14.7, 13.7, 13.33, 13.73, 14.52, 15.256, 13.99, 11.926, 9.856, 8.75, 8.493, 8.54, 9.26, 9.27, 9.27, 8.59, 8.55, 7.97, 6.82, 6.45, 6.12, 5.91, 4.41, 3.33, 3.32, 3.38, 3.19, 3.29, 3.17, 2.96, 3.07, 3.26, 3.06, 3.11, 3.99, 4.26, 4.74, 4.58, 4.27, 5.18, 7.14, 7.89, 7.91, 7.75], [4.83, 5.71, 6.19, 5.89, 5.64, 3.26, 1.43, 1.45, 1.37, 1.45, 1.67, 1.95, 1.91, 1.55, 1.37, 1.19, 0.62, 0.64, 0, 0.74, 1.36, 2.33, 2.99, 3.14, 3.5, 4.21, 4.49, 4.2, 4.11, 4.73, 5.6, 5.87, 7.79, 10.27, 11.28, 12.16, 12.2, 12.01, 12.21, 13.699, 15.5, 15.51, 14.64, 13.62, 13.25, 13.65, 14.46, 15.196, 13.93, 11.846, 9.776, 8.69, 8.433, 8.46, 9.18, 9.189, 9.21, 8.53, 8.45, 7.87, 6.68, 6.27, 5.9, 5.71, 4.13, 3.01, 2.9, 2.96, 2.81, 2.91, 2.79, 2.68, 2.69, 2.86, 2.72, 2.73, 3.73, 4.08, 4.46, 4.36, 4.03, 5.14, 7.08, 7.83, 7.85, 7.73], [4.99, 5.83, 6.29, 6.01, 5.7, 3.3, 1.33, 1.41, 1.23, 1.25, 1.47, 1.69, 1.65, 1.39, 1.45, 1.27, 1.04, 1.1, 0.74, 0, 1.08, 2.09, 2.89, 3.08, 3.44, 4.17, 4.47, 4.2, 4.19, 4.73, 5.64, 5.95, 7.87, 10.33, 11.36, 12.2, 12.24, 12.07, 12.27, 13.759, 15.559, 15.57, 14.696, 13.679, 13.301, 13.703, 14.513, 15.239, 13.986, 11.906, 9.836, 8.743, 8.49, 8.52, 9.24, 9.249, 9.263, 8.59, 8.49, 7.83, 6.6, 6.13, 5.64, 5.43, 3.87, 2.63, 2.44, 2.54, 2.41, 2.47, 2.43, 2.48, 2.43, 2.6, 2.52, 2.53, 3.41, 3.76, 4.26, 4.12, 3.87, 5.18, 7.14, 7.89, 7.91, 7.75], [4.53, 5.27, 5.75, 5.45, 5.16, 2.92, 1.19, 1.21, 1.07, 0.85, 0.99, 0.95, 0.95, 0.89, 1.15, 1.23, 1.3, 1.7, 1.36, 1.08, 0, 1.27, 2.31, 2.62, 2.9, 3.59, 3.97, 3.68, 3.65, 4.17, 5.1, 5.41, 7.37, 9.77, 10.82, 11.72, 11.74, 11.541, 11.741, 13.196, 15.013, 14.99, 14.199, 13.151, 12.81, 13.215, 14.016, 14.759, 13.491, 11.36, 9.341, 8.252, 7.992, 8.008, 8.74, 8.77, 8.772, 8.089, 8.01, 7.33, 6.1, 5.61, 5.04, 4.71, 3.05, 1.85, 2.02, 2.06, 2.03, 1.97, 1.95, 2.44, 2.41, 2.38, 2.34, 1.85, 2.63, 3.14, 3.6, 3.34, 3.29, 4.7, 6.66, 7.403, 7.409, 7.29], [3.96, 4.54, 4.76, 4.82, 4.63, 2.99, 1.78, 1.76, 1.76, 1.64, 1.84, 1.66, 1.44, 1.48, 2.14, 1.88, 2.23, 2.57, 2.33, 2.09, 1.27, 0, 1.2, 1.69, 1.73, 2.44, 2.96, 2.87, 3.0, 3.3, 4.03, 4.3, 6.5, 8.66, 9.69, 10.59, 10.61, 10.411, 10.611, 12.066, 13.883, 13.86, 13.065, 12.021, 11.68, 12.085, 12.886, 13.629, 12.361, 10.23, 8.211, 7.14, 6.862, 6.878, 7.61, 7.64, 7.635, 6.959, 6.88, 6.2, 4.95, 4.46, 3.89, 3.64, 2.28, 1.6, 2.07, 2.29, 2.46, 2.24, 2.34, 3.347, 3.4, 3.13, 3.01, 2.18, 2.36, 2.21, 2.53, 2.39, 2.58, 3.85, 5.53, 6.3, 6.36, 6.26], [3.68, 4.04, 4.34, 4.56, 4.37, 2.85, 2.54, 2.54, 2.6, 2.68, 2.84, 2.7, 2.46, 2.48, 2.98, 2.42, 2.77, 3.15, 2.99, 2.89, 2.31, 1.2, 0, 1.07, 1.03, 1.7, 2.16, 2.21, 2.6, 2.92, 3.15, 3.48, 5.84, 7.94, 8.89, 9.69, 9.727, 9.431, 9.625, 11.147, 12.892, 12.977, 12.101, 11.05, 10.76, 11.12, 11.889, 12.664, 11.477, 9.251, 7.229, 6.145, 5.872, 5.895, 6.69, 6.717, 6.674, 6.0, 5.9, 5.22, 4.01, 3.62, 3.41, 3.24, 2.08, 2.24, 2.79, 2.99, 3.42, 3.16, 3.26, 4.281, 4.32, 4.01, 3.89, 3.02, 2.8, 2.39, 2.43, 2.49, 2.56, 3.07, 4.71, 5.4, 5.34, 5.44], [3.91, 4.21, 4.55, 4.81, 4.72, 3.2, 2.87, 2.81, 2.81, 2.95, 3.17, 3.07, 2.83, 2.69, 3.11, 2.55, 2.88, 3.22, 3.14, 3.08, 2.62, 1.69, 1.07, 0, 1.02, 1.83, 2.39, 2.3, 2.91, 2.97, 3.3, 3.63, 5.89, 8.09, 8.86, 9.56, 9.62, 9.37, 9.57, 11.06, 12.859, 12.91, 11.996, 10.98, 10.65, 11.01, 11.82, 12.559, 11.33, 9.206, 7.136, 6.05, 5.793, 5.82, 6.58, 6.57, 6.57, 5.95, 5.79, 5.07, 4.06, 3.71, 3.54, 3.41, 2.25, 2.43, 2.82, 3.26, 3.59, 3.41, 3.51, 4.38, 4.53, 4.34, 4.22, 3.43, 3.09, 2.6, 2.56, 2.82, 2.85, 3.26, 4.72, 5.43, 5.33, 5.51], [4.07, 4.35, 4.61, 4.99, 4.94, 3.42, 3.03, 3.07, 3.15, 3.23, 3.29, 3.15, 2.97, 3.05, 3.59, 3.01, 3.3, 3.66, 3.5, 3.44, 2.9, 1.73, 1.03, 1.02, 0, 1.35, 2.05, 2.3, 3.13, 3.11, 3.14, 3.27, 5.75, 7.65, 8.34, 9.12, 9.154, 8.952, 9.155, 10.66, 12.442, 12.461, 11.599, 10.559, 10.19, 10.603, 11.416, 12.142, 10.901, 8.809, 6.759, 5.71, 5.436, 5.44, 6.131, 6.152, 6.166, 5.51, 5.409, 4.71, 3.52, 3.13, 2.88, 2.73, 1.85, 2.55, 3.12, 3.52, 3.77, 3.53, 3.65, 4.72, 4.83, 4.44, 4.32, 3.47, 3.03, 2.48, 2.22, 2.66, 2.57, 3.06, 4.58, 5.33, 5.19, 5.51], [3.02, 3.24, 3.58, 3.96, 3.93, 2.93, 3.56, 3.68, 3.8, 3.86, 3.76, 3.6, 3.6, 3.66, 4.22, 3.66, 4.03, 4.29, 4.21, 4.17, 3.59, 2.44, 1.7, 1.83, 1.35, 0, 0.94, 1.25, 2.16, 2.1, 2.19, 2.22, 4.62, 6.62, 7.519, 8.381, 8.398, 8.185, 8.396, 9.837, 11.655, 11.642, 10.834, 9.786, 9.431, 9.848, 10.66, 11.403, 10.124, 7.999, 5.98, 4.904, 4.675, 4.698, 5.401, 5.411, 5.468, 4.765, 4.74, 4.14, 3.07, 2.7, 2.63, 2.5, 1.92, 3.28, 3.97, 4.31, 4.44, 4.26, 4.44, 5.47, 5.6, 4.95, 4.71, 3.86, 2.84, 2.05, 1.91, 2.19, 2.02, 1.97, 3.57, 4.32, 4.22, 4.42], [2.32, 2.48, 2.86, 3.2, 3.27, 2.81, 3.82, 4.0, 4.18, 4.2, 4.12, 3.98, 3.96, 4.04, 4.56, 3.96, 4.31, 4.55, 4.49, 4.47, 3.97, 2.96, 2.16, 2.39, 2.05, 0.94, 0, 0.87, 1.44, 1.44, 1.63, 1.74, 3.86, 6.1, 7.11, 7.989, 8.021, 7.81, 8.013, 9.497, 11.297, 11.319, 10.489, 9.412, 9.051, 9.476, 10.295, 11.02, 9.77, 7.642, 5.612, 4.536, 4.346, 4.31, 5.018, 5.042, 5.076, 4.4, 4.38, 3.82, 2.95, 2.68, 2.77, 2.74, 2.46, 3.82, 4.51, 4.75, 4.78, 4.66, 4.8, 5.81, 5.9, 5.25, 4.95, 4.14, 2.86, 2.01, 2.09, 2.33, 1.82, 1.59, 3.05, 3.78, 3.74, 3.76], [1.93, 2.25, 2.65, 2.89, 2.96, 2.54, 3.57, 3.77, 3.95, 4.01, 3.97, 3.85, 3.85, 3.83, 4.23, 3.65, 3.98, 4.28, 4.2, 4.2, 3.68, 2.87, 2.21, 2.3, 2.3, 1.25, 0.87, 0, 1.11, 1.27, 1.78, 2.07, 3.97, 6.35, 7.34, 8.16, 8.194, 8.012, 8.203, 9.699, 11.487, 11.518, 10.639, 9.602, 9.243, 9.626, 10.445, 11.17, 9.944, 7.832, 5.779, 4.73, 4.46, 4.48, 5.2, 5.207, 5.27, 4.63, 4.63, 4.07, 3.2, 2.89, 3.04, 3.09, 2.67, 3.63, 4.34, 4.52, 4.63, 4.47, 4.59, 5.614, 5.75, 5.04, 4.74, 3.83, 2.73, 1.86, 2.12, 2.26, 1.71, 1.52, 3.1, 3.85, 3.85, 3.79], [1.42, 1.96, 2.26, 2.1, 2.15, 2.13, 3.48, 3.72, 3.92, 4.02, 4.04, 3.9, 3.88, 3.86, 4.2, 3.6, 3.89, 4.21, 4.11, 4.19, 3.65, 3.0, 2.6, 2.91, 3.13, 2.16, 1.44, 1.11, 0, 0.94, 1.69, 1.98, 3.86, 6.32, 7.33, 8.19, 8.25, 8.02, 8.22, 9.67, 11.489, 11.48, 10.669, 9.629, 9.28, 9.685, 10.486, 11.229, 9.98, 7.833, 5.815, 4.722, 4.469, 4.49, 5.21, 5.24, 5.32, 4.62, 4.7, 4.3, 3.69, 3.46, 3.65, 3.76, 3.32, 3.8, 4.59, 4.69, 4.76, 4.64, 4.68, 5.661, 5.754, 5.064, 4.77, 3.88, 2.78, 2.21, 2.61, 2.53, 2.1, 2.07, 3.13, 3.88, 3.9, 3.8], [1.66, 1.88, 1.82, 1.96, 2.05, 2.31, 3.88, 4.14, 4.34, 4.42, 4.42, 4.24, 4.2, 4.26, 4.8, 4.2, 4.57, 4.81, 4.73, 4.73, 4.17, 3.3, 2.92, 2.97, 3.11, 2.1, 1.44, 1.27, 0.94, 0, 1.29, 1.64, 3.42, 5.7, 6.69, 7.63, 7.65, 7.46, 7.66, 9.106, 10.93, 10.899, 10.109, 9.07, 8.72, 9.14, 9.943, 10.682, 9.398, 7.273, 5.255, 4.18, 3.909, 3.93, 4.638, 4.665, 4.74, 4.2, 4.3, 3.96, 3.63, 3.4, 3.63, 3.62, 3.36, 4.18, 4.99, 5.19, 5.28, 5.1, 5.243, 6.256, 6.34, 5.67, 5.35, 4.42, 3.02, 2.29, 2.49, 2.59, 2.12, 2.07, 2.75, 3.34, 3.34, 3.26], [2.21, 2.31, 1.99, 2.25, 2.44, 3.42, 4.91, 5.17, 5.31, 5.429, 5.37, 5.21, 5.13, 5.15, 5.55, 4.97, 5.36, 5.7, 5.6, 5.64, 5.1, 4.03, 3.15, 3.3, 3.14, 2.19, 1.63, 1.78, 1.69, 1.29, 0, 0.87, 2.97, 4.91, 5.86, 6.66, 6.7, 6.47, 6.69, 8.12, 9.94, 9.97, 9.12, 8.08, 7.73, 8.15, 8.96, 9.7, 8.43, 6.27, 4.26, 3.19, 2.92, 3.04, 3.68, 3.67, 3.73, 3.15, 3.25, 3.03, 2.96, 2.73, 3.04, 3.25, 3.37, 4.97, 5.7, 5.977, 6.187, 6.007, 6.155, 7.162, 7.235, 6.568, 6.228, 5.25, 3.75, 2.76, 2.72, 2.84, 2.53, 1.9, 2.06, 2.67, 2.55, 2.73], [2.34, 2.36, 2.08, 2.46, 2.59, 3.71, 5.14, 5.38, 5.6, 5.682, 5.64, 5.46, 5.36, 5.4, 5.9, 5.32, 5.69, 5.97, 5.87, 5.95, 5.41, 4.3, 3.48, 3.63, 3.27, 2.22, 1.74, 2.07, 1.98, 1.64, 0.87, 0, 2.76, 4.54, 5.45, 6.39, 6.41, 6.22, 6.42, 7.83, 9.67, 9.64, 8.85, 7.81, 7.46, 7.88, 8.69, 9.426, 8.158, 6.0, 3.99, 2.94, 2.73, 2.81, 3.37, 3.4, 3.46, 2.94, 3.16, 2.8, 2.77, 2.58, 3.01, 3.24, 3.66, 5.3, 6.03, 6.344, 6.474, 6.314, 6.463, 7.464, 7.537, 6.864, 6.524, 5.58, 4.0, 3.03, 2.81, 2.95, 2.68, 1.79, 1.89, 2.56, 2.48, 2.74], [3.62, 2.86, 2.88, 3.1, 3.49, 5.13, 6.94, 7.22, 7.54, 7.64, 7.64, 7.48, 7.34, 7.42, 7.84, 7.22, 7.59, 7.87, 7.79, 7.87, 7.37, 6.5, 5.84, 5.89, 5.75, 4.62, 3.86, 3.97, 3.86, 3.42, 2.97, 2.76, 0, 2.54, 3.57, 4.55, 4.55, 4.36, 4.58, 5.99, 7.83, 7.8, 7.03, 5.97, 5.62, 6.04, 6.85, 7.59, 6.32, 4.16, 2.33, 1.9, 2.01, 1.75, 1.87, 2.02, 2.44, 3.02, 3.62, 3.68, 4.31, 4.66, 5.39, 5.64, 6.12, 7.48, 8.21, 8.41, 8.42, 8.32, 8.32, 9.336, 9.409, 8.724, 8.387, 7.48, 5.98, 5.15, 5.09, 5.19, 4.4, 3.05, 2.05, 1.28, 1.58, 1.32], [5.88, 5.1, 4.96, 5.22, 5.51, 7.39, 9.32, 9.66, 9.94, 10.014, 10.02, 9.78, 9.66, 9.78, 10.3, 9.7, 10.09, 10.35, 10.27, 10.33, 9.77, 8.66, 7.94, 8.09, 7.65, 6.62, 6.1, 6.35, 6.32, 5.7, 4.91, 4.54, 2.54, 0, 1.57, 2.39, 2.37, 2.06, 2.44, 3.57, 5.37, 5.32, 4.55, 3.51, 3.16, 3.58, 4.39, 5.13, 3.86, 1.76, 2.05, 3.0, 3.19, 3.05, 2.27, 2.5, 2.84, 4.02, 4.68, 4.68, 5.67, 6.04, 6.83, 7.22, 8.16, 9.8, 10.53, 10.824, 10.854, 10.734, 10.809, 11.822, 11.888, 11.21, 10.882, 9.98, 8.34, 7.39, 7.15, 7.33, 6.82, 5.37, 3.73, 3.08, 3.3, 3.22], [6.97, 6.17, 6.03, 6.31, 6.54, 8.46, 10.43, 10.75, 11.01, 11.052, 11.024, 10.85, 10.75, 10.81, 11.29, 10.71, 11.1, 11.38, 11.28, 11.36, 10.82, 9.69, 8.89, 8.86, 8.34, 7.519, 7.11, 7.34, 7.33, 6.69, 5.86, 5.45, 3.57, 1.57, 0, 1.1, 1.28, 1.31, 1.39, 2.44, 4.28, 4.25, 3.58, 2.56, 2.19, 2.55, 3.3, 4.036, 2.77, 1.37, 2.48, 3.61, 3.84, 3.68, 2.96, 3.13, 3.53, 4.61, 5.23, 5.35, 6.34, 6.75, 7.48, 7.83, 8.95, 10.69, 11.4, 11.769, 11.856, 11.716, 11.856, 12.848, 12.933, 12.257, 11.917, 10.99, 9.37, 8.38, 7.94, 8.26, 7.85, 6.34, 4.62, 4.01, 4.13, 4.19], [7.91, 7.09, 6.77, 7.01, 7.28, 9.4, 11.39, 11.73, 11.93, 12.021, 11.981, 11.801, 11.718, 11.75, 12.13, 11.53, 11.88, 12.24, 12.16, 12.2, 11.72, 10.59, 9.69, 9.56, 9.12, 8.381, 7.989, 8.16, 8.19, 7.63, 6.66, 6.39, 4.55, 2.39, 1.1, 0, 0.84, 1.21, 1.25, 1.6, 3.38, 3.37, 2.74, 1.72, 1.47, 1.65, 2.36, 3.12, 1.99, 1.55, 3.0, 4.17, 4.4, 4.26, 3.4, 3.39, 3.71, 4.81, 5.39, 5.65, 6.78, 7.25, 8.0, 8.33, 9.55, 11.43, 12.131, 12.503, 12.712, 12.541, 12.712, 13.725, 13.838, 13.154, 12.774, 11.83, 10.25, 9.22, 8.78, 9.04, 8.73, 7.16, 5.32, 4.55, 4.61, 4.73], [7.93, 7.11, 6.77, 6.97, 7.26, 9.42, 11.41, 11.73, 11.95, 12.023, 12.004, 11.824, 11.73, 11.75, 12.19, 11.59, 11.96, 12.26, 12.2, 12.24, 11.74, 10.61, 9.727, 9.62, 9.154, 8.398, 8.021, 8.194, 8.25, 7.65, 6.7, 6.41, 4.55, 2.37, 1.28, 0.84, 0, 1.03, 1.15, 1.76, 3.36, 3.33, 2.62, 1.56, 1.41, 1.75, 2.48, 3.22, 2.19, 1.47, 2.94, 4.15, 4.38, 4.2, 3.2, 3.31, 3.45, 4.55, 5.09, 5.39, 6.74, 7.25, 7.94, 8.15, 9.57, 11.484, 12.183, 12.56, 12.752, 12.578, 12.758, 13.748, 13.864, 13.177, 12.837, 11.907, 10.281, 9.251, 8.834, 9.1, 8.77, 7.18, 5.4, 4.57, 4.63, 4.71], [7.72, 6.9, 6.56, 6.74, 7.05, 9.23, 11.22, 11.54, 11.76, 11.856, 11.776, 11.596, 11.54, 11.56, 11.88, 11.3, 11.71, 12.09, 12.01, 12.07, 11.541, 10.411, 9.431, 9.37, 8.952, 8.185, 7.81, 8.012, 8.02, 7.46, 6.47, 6.22, 4.36, 2.06, 1.31, 1.21, 1.03, 0, 0.76, 2.09, 3.53, 3.78, 2.91, 1.85, 1.7, 1.92, 2.65, 3.43, 2.42, 1.1, 2.55, 3.62, 3.93, 3.77, 3.09, 3.1, 3.3, 4.24, 4.9, 5.1, 6.19, 6.7, 7.39, 7.8, 9.18, 11.256, 11.943, 12.314, 12.561, 12.393, 12.573, 13.557, 13.659, 12.986, 12.658, 11.66, 10.102, 9.072, 8.61, 8.87, 8.58, 7.01, 5.11, 4.28, 4.28, 4.46], [7.9, 7.08, 6.8, 6.98, 7.29, 9.41, 11.4, 11.74, 11.96, 12.056, 11.988, 11.796, 11.733, 11.76, 12.1, 11.5, 11.91, 12.29, 12.21, 12.27, 11.741, 10.611, 9.625, 9.57, 9.155, 8.396, 8.013, 8.203, 8.22, 7.66, 6.69, 6.42, 4.58, 2.44, 1.39, 1.25, 1.15, 0.76, 0, 2.03, 3.49, 3.74, 3.17, 2.09, 1.9, 2.06, 2.55, 3.35, 2.26, 1.5, 2.73, 3.82, 4.11, 3.97, 3.41, 3.5, 3.7, 4.52, 5.1, 5.52, 6.33, 6.8, 7.59, 8.04, 9.4, 11.456, 12.14, 12.514, 12.764, 12.596, 12.776, 13.76, 13.862, 13.189, 12.861, 11.88, 10.305, 9.275, 8.83, 9.09, 8.78, 7.21, 5.33, 4.52, 4.52, 4.68], [9.31, 8.49, 8.03, 8.29, 8.6, 10.82, 12.81, 13.189, 13.389, 13.492, 13.432, 13.252, 13.169, 13.189, 13.53, 12.97, 13.4, 13.779, 13.699, 13.759, 13.196, 12.066, 11.147, 11.06, 10.66, 9.837, 9.497, 9.699, 9.67, 9.106, 8.12, 7.83, 5.99, 3.57, 2.44, 1.6, 1.76, 2.09, 2.03, 0, 1.98, 2.15, 2.18, 1.3, 1.33, 1.19, 1.42, 1.76, 1.03, 2.15, 4.3, 5.51, 5.74, 5.58, 4.7, 4.65, 4.87, 5.95, 6.59, 6.85, 8.16, 8.67, 9.38, 9.61, 10.97, 12.952, 13.651, 14.037, 14.254, 14.08, 14.26, 15.25, 15.346, 14.673, 14.328, 13.338, 11.792, 10.762, 10.285, 10.52, 10.269, 8.68, 6.777, 5.97, 5.93, 6.13], [11.11, 10.29, 9.81, 10.07, 10.4, 12.62, 14.65, 15.006, 15.226, 15.329, 15.249, 15.069, 15.006, 15.026, 15.33, 14.77, 15.2, 15.58, 15.5, 15.559, 15.013, 13.883, 12.892, 12.859, 12.442, 11.655, 11.297, 11.487, 11.489, 10.93, 9.94, 9.67, 7.83, 5.37, 4.28, 3.38, 3.36, 3.53, 3.49, 1.98, 0, 0.87, 1.56, 1.98, 2.43, 2.05, 1.4, 1.66, 1.95, 3.79, 5.88, 7.01, 7.3, 7.14, 6.38, 6.41, 6.43, 7.23, 7.77, 8.23, 9.66, 10.17, 10.86, 11.15, 12.67, 14.74, 15.424, 15.807, 16.048, 15.88, 16.06, 17.044, 17.146, 16.473, 16.148, 15.15, 13.592, 12.562, 12.1, 12.34, 12.07, 10.48, 8.58, 7.77, 7.71, 7.91], [11.08, 10.26, 9.82, 10.04, 10.37, 12.59, 14.62, 14.98, 15.182, 15.285, 15.231, 15.051, 14.98, 15.0, 15.42, 14.84, 15.23, 15.59, 15.51, 15.57, 14.99, 13.86, 12.977, 12.91, 12.461, 11.642, 11.319, 11.518, 11.48, 10.899, 9.97, 9.64, 7.8, 5.32, 4.25, 3.37, 3.33, 3.78, 3.74, 2.15, 0.87, 0, 1.39, 2.17, 2.5, 2.18, 1.75, 2.05, 2.28, 3.98, 6.13, 7.3, 7.53, 7.39, 6.39, 6.48, 6.6, 7.5, 8.0, 8.44, 9.95, 10.46, 11.13, 11.4, 12.86, 14.788, 15.487, 15.849, 16.076, 15.902, 16.082, 17.072, 17.168, 16.495, 16.144, 15.194, 13.608, 12.578, 12.141, 12.37, 12.08, 10.49, 8.67, 7.78, 7.82, 7.94], [10.31, 9.49, 9.05, 9.29, 9.62, 11.82, 13.87, 14.21, 14.412, 14.495, 14.455, 14.275, 14.21, 14.23, 14.53, 13.97, 14.36, 14.7, 14.64, 14.696, 14.199, 13.065, 12.101, 11.996, 11.599, 10.834, 10.489, 10.639, 10.669, 10.109, 9.12, 8.85, 7.03, 4.55, 3.58, 2.74, 2.62, 2.91, 3.17, 2.18, 1.56, 1.39, 0, 1.3, 1.77, 1.51, 1.3, 2.08, 2.17, 2.95, 5.06, 6.25, 6.44, 6.38, 5.56, 5.57, 5.57, 6.47, 6.87, 7.39, 8.88, 9.39, 10.08, 10.27, 11.77, 13.837, 14.533, 14.919, 15.143, 15.015, 15.155, 16.138, 16.32, 15.645, 15.245, 14.235, 12.689, 11.659, 11.202, 11.42, 11.17, 9.58, 7.68, 6.89, 6.85, 7.05], [9.23, 8.41, 7.97, 8.21, 8.54, 10.76, 12.81, 13.13, 13.35, 13.466, 13.386, 13.206, 13.13, 13.15, 13.47, 12.91, 13.32, 13.7, 13.62, 13.679, 13.151, 12.021, 11.05, 10.98, 10.559, 9.786, 9.412, 9.602, 9.629, 9.07, 8.08, 7.81, 5.97, 3.51, 2.56, 1.72, 1.56, 1.85, 2.09, 1.3, 1.98, 2.17, 1.3, 0, 0.83, 0.71, 1.24, 2.1, 1.51, 1.97, 4.12, 5.31, 5.56, 5.32, 4.52, 4.55, 4.61, 5.61, 6.13, 6.47, 7.96, 8.47, 9.18, 9.39, 10.85, 12.852, 13.539, 13.922, 14.16, 13.995, 14.175, 15.167, 15.266, 14.588, 14.268, 13.25, 11.709, 10.679, 10.2, 10.46, 10.19, 8.6, 6.68, 5.87, 5.83, 6.03], [8.88, 8.06, 7.6, 7.84, 8.17, 10.41, 12.46, 12.78, 13.0, 13.1, 13.028, 12.848, 12.78, 12.8, 13.14, 12.52, 12.95, 13.33, 13.25, 13.301, 12.81, 11.68, 10.76, 10.65, 10.19, 9.431, 9.051, 9.243, 9.28, 8.72, 7.73, 7.46, 5.62, 3.16, 2.19, 1.47, 1.41, 1.7, 1.9, 1.33, 2.43, 2.5, 1.77, 0.83, 0, 0.66, 1.45, 2.25, 1.26, 1.72, 3.87, 5.06, 5.29, 5.11, 4.21, 4.22, 4.44, 5.52, 6.04, 6.3, 7.69, 8.2, 8.93, 9.14, 10.58, 12.497, 13.193, 13.59, 13.785, 13.613, 13.793, 14.78, 14.896, 14.209, 13.889, 12.84, 11.331, 10.301, 9.77, 10.09, 9.82, 8.23, 6.29, 5.52, 5.54, 5.66], [9.28, 8.48, 8.02, 8.24, 8.57, 10.83, 12.88, 13.2, 13.42, 13.52, 13.445, 13.265, 13.2, 13.22, 13.52, 12.94, 13.35, 13.73, 13.65, 13.703, 13.215, 12.085, 11.12, 11.01, 10.603, 9.848, 9.476, 9.626, 9.685, 9.14, 8.15, 7.88, 6.04, 3.58, 2.55, 1.65, 1.75, 1.92, 2.06, 1.19, 2.05, 2.18, 1.51, 0.71, 0.66, 0, 1.07, 1.83, 1.2, 2.02, 4.17, 5.32, 5.55, 5.43, 4.65, 4.58, 4.72, 5.82, 6.38, 6.64, 7.97, 8.48, 9.21, 9.46, 10.88, 12.876, 13.56, 13.963, 14.182, 14.016, 14.196, 15.177, 15.322, 14.632, 14.29, 13.24, 11.733, 10.703, 10.19, 10.49, 10.22, 8.63, 6.65, 5.9, 5.86, 6.04], [10.07, 9.27, 8.81, 9.03, 9.36, 11.62, 13.67, 14.009, 14.229, 14.332, 14.252, 14.072, 14.009, 14.029, 14.35, 13.73, 14.16, 14.52, 14.46, 14.513, 14.016, 12.886, 11.889, 11.82, 11.416, 10.66, 10.295, 10.445, 10.486, 9.943, 8.96, 8.69, 6.85, 4.39, 3.3, 2.36, 2.48, 2.65, 2.55, 1.42, 1.4, 1.75, 1.3, 1.24, 1.45, 1.07, 0, 1.16, 1.17, 2.77, 4.86, 5.99, 6.22, 6.1, 5.42, 5.37, 5.51, 6.53, 7.11, 7.41, 8.66, 9.17, 9.9, 10.09, 11.55, 13.646, 14.342, 14.704, 14.946, 14.837, 14.957, 15.961, 16.143, 15.45, 15.042, 14.03, 12.486, 11.456, 11.02, 11.26, 10.97, 9.38, 7.46, 6.67, 6.65, 6.83], [10.79, 9.99, 9.55, 9.75, 10.08, 12.34, 14.41, 14.752, 14.972, 15.071, 14.995, 14.815, 14.752, 14.772, 15.09, 14.47, 14.9, 15.256, 15.196, 15.239, 14.759, 13.629, 12.664, 12.559, 12.142, 11.403, 11.02, 11.17, 11.229, 10.682, 9.7, 9.426, 7.59, 5.13, 4.036, 3.12, 3.22, 3.43, 3.35, 1.76, 1.66, 2.05, 2.08, 2.1, 2.25, 1.83, 1.16, 0, 1.55, 3.51, 5.62, 6.75, 6.96, 6.88, 6.16, 6.11, 6.21, 7.35, 7.87, 8.09, 9.4, 9.87, 10.6, 10.83, 12.33, 14.4, 15.096, 15.458, 15.691, 15.563, 15.703, 16.687, 16.869, 16.176, 15.788, 14.79, 13.232, 12.202, 11.72, 12.0, 11.726, 10.136, 8.22, 7.43, 7.39, 7.55], [9.54, 8.72, 8.24, 8.5, 8.83, 11.05, 13.14, 13.464, 13.684, 13.787, 13.707, 13.527, 13.464, 13.484, 13.84, 13.22, 13.63, 13.99, 13.93, 13.986, 13.491, 12.361, 11.477, 11.33, 10.901, 10.124, 9.77, 9.944, 9.98, 9.398, 8.43, 8.158, 6.32, 3.86, 2.77, 1.99, 2.19, 2.42, 2.26, 1.03, 1.95, 2.28, 2.17, 1.51, 1.26, 1.2, 1.17, 1.55, 0, 2.4, 4.53, 5.7, 5.89, 5.81, 4.97, 4.9, 5.24, 6.44, 6.96, 7.14, 8.39, 8.9, 9.63, 9.86, 11.12, 13.074, 13.767, 14.169, 14.43, 14.313, 14.393, 15.446, 15.619, 14.926, 14.515, 13.5, 11.939, 10.869, 10.51, 10.73, 10.44, 8.81, 6.95, 6.14, 6.18, 6.3], [7.38, 6.54, 6.28, 6.5, 6.77, 8.89, 10.98, 11.336, 11.556, 11.659, 11.599, 11.419, 11.336, 11.356, 11.66, 11.1, 11.55, 11.926, 11.846, 11.906, 11.36, 10.23, 9.251, 9.206, 8.809, 7.999, 7.642, 7.832, 7.833, 7.273, 6.27, 6.0, 4.16, 1.76, 1.37, 1.55, 1.47, 1.1, 1.5, 2.15, 3.79, 3.98, 2.95, 1.97, 1.72, 2.02, 2.77, 3.51, 2.4, 0, 2.31, 3.54, 3.71, 3.55, 2.89, 2.88, 3.16, 4.32, 4.86, 5.12, 6.21, 6.72, 7.43, 7.72, 9.04, 11.099, 11.798, 12.169, 12.393, 12.225, 12.405, 13.388, 13.49, 12.817, 12.475, 11.465, 9.939, 8.909, 8.412, 8.67, 8.416, 6.826, 4.91, 4.18, 4.14, 4.3], [5.49, 4.69, 4.59, 4.93, 5.16, 6.94, 8.97, 9.318, 9.538, 9.641, 9.581, 9.401, 9.318, 9.338, 9.65, 9.07, 9.48, 9.856, 9.776, 9.836, 9.341, 8.211, 7.229, 7.136, 6.759, 5.98, 5.612, 5.779, 5.815, 5.255, 4.26, 3.99, 2.33, 2.05, 2.48, 3.0, 2.94, 2.55, 2.73, 4.3, 5.88, 6.13, 5.06, 4.12, 3.87, 4.17, 4.86, 5.62, 4.53, 2.31, 0, 1.27, 1.54, 1.44, 1.3, 1.33, 1.41, 2.51, 3.09, 3.27, 4.18, 4.59, 5.24, 5.59, 6.93, 9.012, 9.707, 10.084, 10.32, 10.155, 10.335, 11.316, 11.46, 10.767, 10.405, 9.395, 7.869, 6.839, 6.36, 6.6, 6.346, 4.76, 2.9, 2.45, 2.51, 2.63], [4.5, 3.78, 3.72, 4.16, 4.37, 5.93, 7.9, 8.245, 8.465, 8.568, 8.488, 8.308, 8.245, 8.265, 8.56, 7.96, 8.39, 8.75, 8.69, 8.743, 8.252, 7.14, 6.145, 6.05, 5.71, 4.904, 4.536, 4.73, 4.722, 4.18, 3.19, 2.94, 1.9, 3.0, 3.61, 4.17, 4.15, 3.62, 3.82, 5.51, 7.01, 7.3, 6.25, 5.31, 5.06, 5.32, 5.99, 6.75, 5.7, 3.54, 1.27, 0, 0.67, 0.73, 1.11, 1.38, 1.3, 1.84, 2.4, 2.56, 3.13, 3.46, 4.15, 4.56, 5.82, 7.895, 8.574, 8.966, 9.201, 9.058, 9.218, 10.197, 10.365, 9.672, 9.312, 8.299, 6.756, 5.723, 5.25, 5.51, 5.24, 3.65, 2.29, 1.76, 1.68, 1.88], [4.21, 3.49, 3.43, 3.83, 4.02, 5.62, 7.63, 7.972, 8.192, 8.295, 8.235, 8.055, 7.972, 7.992, 8.31, 7.71, 8.14, 8.493, 8.433, 8.49, 7.992, 6.862, 5.872, 5.793, 5.436, 4.675, 4.346, 4.46, 4.469, 3.909, 2.92, 2.73, 2.01, 3.19, 3.84, 4.4, 4.38, 3.93, 4.11, 5.74, 7.3, 7.53, 6.44, 5.56, 5.29, 5.55, 6.22, 6.96, 5.89, 3.71, 1.54, 0.67, 0, 0.64, 1.28, 1.41, 1.49, 2.01, 2.55, 2.69, 3.12, 3.31, 3.96, 4.33, 5.55, 7.626, 8.321, 8.698, 8.928, 8.805, 8.945, 9.924, 10.111, 9.422, 9.022, 8.009, 6.483, 5.453, 4.999, 5.22, 4.963, 3.58, 2.38, 1.79, 1.43, 1.85], [4.17, 3.41, 3.35, 3.71, 3.9, 5.58, 7.65, 8.001, 8.221, 8.323, 8.258, 8.063, 8.001, 8.03, 8.35, 7.77, 8.16, 8.54, 8.46, 8.52, 8.008, 6.878, 5.895, 5.82, 5.44, 4.698, 4.31, 4.48, 4.49, 3.93, 3.04, 2.81, 1.75, 3.05, 3.68, 4.26, 4.2, 3.77, 3.97, 5.58, 7.14, 7.39, 6.38, 5.32, 5.11, 5.43, 6.1, 6.88, 5.81, 3.55, 1.44, 0.73, 0.64, 0, 1.16, 1.47, 1.61, 2.19, 2.81, 2.93, 3.36, 3.63, 4.26, 4.55, 5.65, 7.7, 8.396, 8.77, 9.008, 8.843, 9.023, 10.004, 10.129, 9.436, 9.111, 8.13, 6.555, 5.525, 5.08, 5.32, 5.03, 3.56, 2.36, 1.59, 1.37, 1.53], [4.97, 4.17, 4.07, 4.33, 4.58, 6.34, 8.35, 8.701, 8.921, 9.023, 8.981, 8.801, 8.701, 8.738, 9.13, 8.51, 8.9, 9.26, 9.18, 9.24, 8.74, 7.61, 6.69, 6.58, 6.131, 5.401, 5.018, 5.2, 5.21, 4.638, 3.68, 3.37, 1.87, 2.27, 2.96, 3.4, 3.2, 3.09, 3.41, 4.7, 6.38, 6.39, 5.56, 4.52, 4.21, 4.65, 5.42, 6.16, 4.97, 2.89, 1.3, 1.11, 1.28, 1.16, 0, 0.95, 1.19, 2.03, 2.73, 2.75, 3.82, 4.29, 4.96, 5.13, 6.55, 8.461, 9.168, 9.523, 9.752, 9.581, 9.752, 10.742, 10.858, 10.165, 9.814, 8.864, 7.278, 6.248, 5.811, 6.04, 5.75, 4.16, 2.76, 1.89, 1.95, 2.05], [5.0, 4.2, 4.12, 4.42, 4.65, 6.39, 8.38, 8.728, 8.948, 9.051, 8.991, 8.811, 8.748, 8.768, 9.12, 8.52, 8.89, 9.27, 9.189, 9.249, 8.77, 7.64, 6.717, 6.57, 6.152, 5.411, 5.042, 5.207, 5.24, 4.665, 3.67, 3.4, 2.02, 2.5, 3.13, 3.39, 3.31, 3.1, 3.5, 4.65, 6.41, 6.48, 5.57, 4.55, 4.22, 4.58, 5.37, 6.11, 4.9, 2.88, 1.33, 1.38, 1.41, 1.47, 0.95, 0, 0.98, 1.84, 2.52, 2.6, 3.69, 4.2, 4.91, 5.14, 6.5, 8.457, 9.147, 9.55, 9.75, 9.573, 9.753, 10.746, 10.879, 10.186, 9.818, 8.811, 7.282, 6.252, 5.778, 6.01, 5.759, 4.17, 2.69, 2.04, 2.06, 2.32], [5.14, 4.54, 4.52, 5.04, 5.25, 6.57, 8.4, 8.745, 8.965, 9.068, 9.008, 8.828, 8.745, 8.765, 9.08, 8.48, 8.91, 9.27, 9.21, 9.263, 8.772, 7.635, 6.674, 6.57, 6.166, 5.468, 5.076, 5.27, 5.32, 4.74, 3.73, 3.46, 2.44, 2.84, 3.53, 3.71, 3.45, 3.3, 3.7, 4.87, 6.43, 6.6, 5.57, 4.61, 4.44, 4.72, 5.51, 6.21, 5.24, 3.16, 1.41, 1.3, 1.49, 1.61, 1.19, 0.98, 0, 1.44, 2.08, 2.16, 3.47, 3.98, 4.67, 4.9, 6.38, 8.425, 9.12, 9.506, 9.733, 9.585, 9.745, 10.728, 10.89, 10.197, 9.812, 8.788, 7.276, 6.246, 5.755, 6.01, 5.753, 4.17, 2.65, 2.54, 2.58, 2.78], [4.66, 4.12, 4.16, 4.8, 5.01, 6.17, 7.76, 8.1, 8.302, 8.385, 8.325, 8.145, 8.062, 8.102, 8.42, 7.84, 8.229, 8.59, 8.53, 8.59, 8.089, 6.959, 6.0, 5.95, 5.51, 4.765, 4.4, 4.63, 4.62, 4.2, 3.15, 2.94, 3.02, 4.02, 4.61, 4.81, 4.55, 4.24, 4.52, 5.95, 7.23, 7.5, 6.47, 5.61, 5.52, 5.82, 6.53, 7.35, 6.44, 4.32, 2.51, 1.84, 2.01, 2.19, 2.03, 1.84, 1.44, 0, 1.04, 1.52, 2.65, 3.08, 3.75, 4.12, 5.66, 7.73, 8.414, 8.788, 9.038, 8.91, 9.05, 10.034, 10.216, 9.523, 9.118, 8.108, 6.582, 5.552, 5.115, 5.33, 5.06, 3.55, 2.39, 2.68, 2.7, 3.1], [4.8, 4.32, 4.42, 5.12, 5.31, 6.37, 7.82, 8.1, 8.24, 8.322, 8.262, 8.12, 8.04, 8.1, 8.42, 7.84, 8.21, 8.55, 8.45, 8.49, 8.01, 6.88, 5.9, 5.79, 5.409, 4.74, 4.38, 4.63, 4.7, 4.3, 3.25, 3.16, 3.62, 4.68, 5.23, 5.39, 5.09, 4.9, 5.1, 6.59, 7.77, 8.0, 6.87, 6.13, 6.04, 6.38, 7.11, 7.87, 6.96, 4.86, 3.09, 2.4, 2.55, 2.81, 2.73, 2.52, 2.08, 1.04, 0, 1.12, 2.27, 2.78, 3.43, 3.8, 5.508, 7.587, 8.283, 8.66, 8.91, 8.79, 8.91, 9.928, 10.084, 9.411, 8.986, 7.993, 6.471, 5.441, 4.946, 5.25, 4.96, 3.49, 2.55, 3.24, 3.32, 3.78], [4.5, 4.04, 4.2, 5.02, 5.17, 6.09, 7.38, 7.52, 7.62, 7.68, 7.62, 7.48, 7.4, 7.5, 7.88, 7.28, 7.65, 7.97, 7.87, 7.83, 7.33, 6.2, 5.22, 5.07, 4.71, 4.14, 3.82, 4.07, 4.3, 3.96, 3.03, 2.8, 3.68, 4.68, 5.35, 5.65, 5.39, 5.1, 5.52, 6.85, 8.23, 8.44, 7.39, 6.47, 6.3, 6.64, 7.41, 8.09, 7.14, 5.12, 3.27, 2.56, 2.69, 2.93, 2.75, 2.6, 2.16, 1.52, 1.12, 0, 1.65, 2.14, 2.87, 3.06, 4.74, 6.785, 7.451, 7.855, 8.138, 8.024, 8.118, 9.171, 9.304, 8.646, 8.261, 7.26, 5.7, 4.63, 4.19, 4.53, 4.32, 2.97, 2.23, 3.24, 3.38, 3.84], [3.93, 3.59, 4.23, 4.99, 5.2, 5.52, 6.25, 6.35, 6.39, 6.43, 6.39, 6.25, 6.17, 6.27, 6.69, 6.09, 6.5, 6.82, 6.68, 6.6, 6.1, 4.95, 4.01, 4.06, 3.52, 3.07, 2.95, 3.2, 3.69, 3.63, 2.96, 2.77, 4.31, 5.67, 6.34, 6.78, 6.74, 6.19, 6.33, 8.16, 9.66, 9.95, 8.88, 7.96, 7.69, 7.97, 8.66, 9.4, 8.39, 6.21, 4.18, 3.13, 3.12, 3.36, 3.82, 3.69, 3.47, 2.65, 2.27, 1.65, 0, 0.67, 1.46, 1.85, 3.53, 5.57, 6.253, 6.613, 6.883, 6.723, 6.863, 7.867, 7.974, 7.311, 6.956, 5.95, 4.43, 3.4, 2.86, 3.22, 3.19, 2.12, 2.86, 3.91, 3.85, 4.33], [3.68, 3.48, 4.04, 4.78, 4.97, 5.25, 5.8, 5.9, 5.92, 5.94, 5.9, 5.76, 5.68, 5.8, 6.22, 5.68, 6.07, 6.45, 6.27, 6.13, 5.61, 4.46, 3.62, 3.71, 3.13, 2.7, 2.68, 2.89, 3.46, 3.4, 2.73, 2.58, 4.66, 6.04, 6.75, 7.25, 7.25, 6.7, 6.8, 8.67, 10.17, 10.46, 9.39, 8.47, 8.2, 8.48, 9.17, 9.87, 8.9, 6.72, 4.59, 3.46, 3.31, 3.63, 4.29, 4.2, 3.98, 3.08, 2.78, 2.14, 0.67, 0, 1.03, 1.48, 3.02, 5.045, 5.738, 6.098, 6.388, 6.208, 6.348, 7.354, 7.491, 6.821, 6.461, 5.46, 3.92, 2.89, 2.35, 2.73, 2.72, 2.19, 3.23, 4.18, 3.96, 4.42], [4.17, 4.13, 4.61, 5.15, 5.34, 5.16, 5.39, 5.49, 5.43, 5.37, 5.29, 5.11, 5.05, 5.17, 5.65, 5.29, 5.7, 6.12, 5.9, 5.64, 5.04, 3.89, 3.41, 3.54, 2.88, 2.63, 2.77, 3.04, 3.65, 3.63, 3.04, 3.01, 5.39, 6.83, 7.48, 8.0, 7.94, 7.39, 7.59, 9.38, 10.86, 11.13, 10.08, 9.18, 8.93, 9.21, 9.9, 10.6, 9.63, 7.43, 5.24, 4.15, 3.96, 4.26, 4.96, 4.91, 4.67, 3.75, 3.43, 2.87, 1.46, 1.03, 0, 0.95, 2.35, 4.33, 4.991, 5.4, 5.63, 5.458, 5.621, 6.611, 6.741, 6.071, 5.693, 4.71, 3.25, 2.18, 1.8, 2.06, 2.21, 2.66, 3.98, 4.85, 4.63, 5.11], [4.36, 4.44, 4.82, 5.38, 5.55, 4.99, 5.2, 5.26, 5.22, 5.06, 4.96, 4.76, 4.7, 4.84, 5.38, 5.14, 5.47, 5.91, 5.71, 5.43, 4.71, 3.64, 3.24, 3.41, 2.73, 2.5, 2.74, 3.09, 3.76, 3.62, 3.25, 3.24, 5.64, 7.22, 7.83, 8.33, 8.15, 7.8, 8.04, 9.61, 11.15, 11.4, 10.27, 9.39, 9.14, 9.46, 10.09, 10.83, 9.86, 7.72, 5.59, 4.56, 4.33, 4.55, 5.13, 5.14, 4.9, 4.12, 3.8, 3.06, 1.85, 1.48, 0.95, 0, 1.94, 3.96, 4.638, 4.998, 5.268, 5.162, 5.288, 6.291, 6.445, 5.775, 5.361, 4.38, 2.98, 2.13, 1.75, 1.95, 2.02, 2.85, 4.21, 5.12, 4.96, 5.4], [4.32, 4.6, 4.88, 5.22, 5.19, 3.93, 3.64, 3.62, 3.64, 3.38, 3.22, 3.0, 2.98, 3.2, 3.82, 3.68, 3.97, 4.41, 4.13, 3.87, 3.05, 2.28, 2.08, 2.25, 1.85, 1.92, 2.46, 2.67, 3.32, 3.36, 3.37, 3.66, 6.12, 8.16, 8.95, 9.55, 9.57, 9.18, 9.4, 10.97, 12.67, 12.86, 11.77, 10.85, 10.58, 10.88, 11.55, 12.33, 11.12, 9.04, 6.93, 5.82, 5.55, 5.65, 6.55, 6.5, 6.38, 5.66, 5.508, 4.74, 3.53, 3.02, 2.35, 1.94, 0, 2.12, 2.85, 3.21, 3.52, 3.4, 3.48, 4.57, 4.745, 4.09, 3.67, 2.72, 1.8, 1.75, 1.85, 1.81, 2.06, 3.25, 4.81, 5.52, 5.36, 5.72], [4.88, 5.54, 5.88, 5.68, 5.43, 3.87, 2.46, 2.36, 2.34, 2.06, 1.98, 1.58, 1.58, 1.98, 2.72, 2.64, 2.89, 3.33, 3.01, 2.63, 1.85, 1.6, 2.24, 2.43, 2.55, 3.28, 3.82, 3.63, 3.8, 4.18, 4.97, 5.3, 7.48, 9.8, 10.69, 11.43, 11.484, 11.256, 11.456, 12.952, 14.74, 14.788, 13.837, 12.852, 12.497, 12.876, 13.646, 14.4, 13.074, 11.099, 9.012, 7.895, 7.626, 7.7, 8.461, 8.457, 8.425, 7.73, 7.587, 6.785, 5.57, 5.045, 4.33, 3.96, 2.12, 0, 1.01, 1.33, 1.54, 1.34, 1.38, 2.45, 2.66, 2.23, 2.17, 1.3, 1.74, 2.47, 3.01, 2.61, 3.14, 4.59, 6.37, 7.08, 7.08, 7.12], [5.61, 6.25, 6.63, 6.45, 6.22, 4.58, 2.57, 2.19, 2.07, 1.99, 1.97, 1.67, 1.77, 1.89, 2.47, 2.47, 2.94, 3.32, 2.9, 2.44, 2.02, 2.07, 2.79, 2.82, 3.12, 3.97, 4.51, 4.34, 4.59, 4.99, 5.7, 6.03, 8.21, 10.53, 11.4, 12.131, 12.183, 11.943, 12.14, 13.651, 15.424, 15.487, 14.533, 13.539, 13.193, 13.56, 14.342, 15.096, 13.767, 11.798, 9.707, 8.574, 8.321, 8.396, 9.168, 9.147, 9.12, 8.414, 8.283, 7.451, 6.253, 5.738, 4.991, 4.638, 2.85, 1.01, 0, 0.88, 1.39, 1.27, 1.31, 1.9, 2.07, 2.04, 1.94, 1.61, 2.45, 3.2, 3.7, 3.34, 3.87, 5.32, 7.08, 7.81, 7.807, 7.83], [5.79, 6.45, 6.83, 6.63, 6.46, 4.52, 2.49, 2.31, 2.17, 2.11, 1.97, 1.79, 1.89, 2.11, 2.53, 2.53, 2.96, 3.38, 2.96, 2.54, 2.06, 2.29, 2.99, 3.26, 3.52, 4.31, 4.75, 4.52, 4.69, 5.19, 5.977, 6.344, 8.41, 10.824, 11.769, 12.503, 12.56, 12.314, 12.514, 14.037, 15.807, 15.849, 14.919, 13.922, 13.59, 13.963, 14.704, 15.458, 14.169, 12.169, 10.084, 8.966, 8.698, 8.77, 9.523, 9.55, 9.506, 8.788, 8.66, 7.855, 6.613, 6.098, 5.4, 4.998, 3.21, 1.33, 0.88, 0, 1.09, 0.87, 1.13, 1.5, 1.67, 1.56, 1.6, 1.63, 2.75, 3.46, 4.1, 3.66, 4.03, 5.52, 7.34, 8.082, 8.136, 8.03], [5.6, 6.36, 6.82, 6.58, 6.25, 4.39, 2.26, 2.26, 2.26, 2.04, 1.84, 1.66, 1.84, 2.24, 2.68, 2.58, 2.85, 3.19, 2.81, 2.41, 2.03, 2.46, 3.42, 3.59, 3.77, 4.44, 4.78, 4.63, 4.76, 5.28, 6.187, 6.474, 8.42, 10.854, 11.856, 12.712, 12.752, 12.561, 12.764, 14.254, 16.048, 16.076, 15.143, 14.16, 13.785, 14.182, 14.946, 15.691, 14.43, 12.393, 10.32, 9.201, 8.928, 9.008, 9.752, 9.75, 9.733, 9.038, 8.91, 8.138, 6.883, 6.388, 5.63, 5.268, 3.52, 1.54, 1.39, 1.09, 0, 0.6, 0.8, 1.23, 1.56, 1.33, 1.49, 1.48, 2.64, 3.59, 4.17, 3.83, 4.08, 5.667, 7.59, 8.331, 8.353, 8.22], [5.54, 6.26, 6.72, 6.46, 6.13, 4.27, 2.18, 2.26, 2.2, 2.04, 1.82, 1.64, 1.86, 2.22, 2.62, 2.56, 2.91, 3.29, 2.91, 2.47, 1.97, 2.24, 3.16, 3.41, 3.53, 4.26, 4.66, 4.47, 4.64, 5.1, 6.007, 6.314, 8.32, 10.734, 11.716, 12.541, 12.578, 12.393, 12.596, 14.08, 15.88, 15.902, 15.015, 13.995, 13.613, 14.016, 14.837, 15.563, 14.313, 12.225, 10.155, 9.058, 8.805, 8.843, 9.581, 9.573, 9.585, 8.91, 8.79, 8.024, 6.723, 6.208, 5.458, 5.162, 3.4, 1.34, 1.27, 0.87, 0.6, 0, 0.6, 1.31, 1.44, 1.19, 1.49, 1.42, 2.58, 3.51, 3.99, 3.67, 4.06, 5.55, 7.47, 8.231, 8.228, 8.08], [5.46, 6.24, 6.697, 6.4, 6.19, 4.31, 2.28, 2.3, 2.34, 2.06, 2.0, 1.74, 1.88, 2.32, 2.64, 2.62, 2.83, 3.17, 2.79, 2.43, 1.95, 2.34, 3.26, 3.51, 3.65, 4.44, 4.8, 4.59, 4.68, 5.243, 6.155, 6.463, 8.32, 10.809, 11.856, 12.712, 12.758, 12.573, 12.776, 14.26, 16.06, 16.082, 15.155, 14.175, 13.793, 14.196, 14.957, 15.703, 14.393, 12.405, 10.335, 9.218, 8.945, 9.023, 9.752, 9.753, 9.745, 9.05, 8.91, 8.118, 6.863, 6.348, 5.621, 5.288, 3.48, 1.38, 1.31, 1.13, 0.8, 0.6, 0, 1.19, 1.4, 1.11, 1.37, 1.42, 2.52, 3.55, 4.15, 3.83, 4.06, 5.624, 7.546, 8.311, 8.368, 8.22], [6.37, 7.219, 7.662, 7.404, 7.166, 4.96, 2.71, 2.47, 2.45, 2.27, 2.19, 2.23, 2.43, 2.47, 2.67, 2.73, 2.76, 2.96, 2.68, 2.48, 2.44, 3.347, 4.281, 4.38, 4.72, 5.47, 5.81, 5.614, 5.661, 6.256, 7.162, 7.464, 9.336, 11.822, 12.848, 13.725, 13.748, 13.557, 13.76, 15.25, 17.044, 17.072, 16.138, 15.167, 14.78, 15.177, 15.961, 16.687, 15.446, 13.388, 11.316, 10.197, 9.924, 10.004, 10.742, 10.746, 10.728, 10.034, 9.928, 9.171, 7.867, 7.354, 6.611, 6.291, 4.57, 2.45, 1.9, 1.5, 1.23, 1.31, 1.19, 0, 0.61, 1.08, 1.42, 2.17, 3.553, 4.637, 5.073, 4.779, 5.079, 6.671, 8.567, 9.352, 9.36, 9.204], [6.443, 7.272, 7.735, 7.477, 7.23, 4.95, 2.76, 2.48, 2.48, 2.16, 2.08, 2.22, 2.46, 2.6, 2.62, 2.86, 2.85, 3.07, 2.69, 2.43, 2.41, 3.4, 4.32, 4.53, 4.83, 5.6, 5.9, 5.75, 5.754, 6.34, 7.235, 7.537, 9.409, 11.888, 12.933, 13.838, 13.864, 13.659, 13.862, 15.346, 17.146, 17.168, 16.32, 15.266, 14.896, 15.322, 16.143, 16.869, 15.619, 13.49, 11.46, 10.365, 10.111, 10.129, 10.858, 10.879, 10.89, 10.216, 10.084, 9.304, 7.974, 7.491, 6.741, 6.445, 4.745, 2.66, 2.07, 1.67, 1.56, 1.44, 1.4, 0.61, 0, 0.95, 1.37, 2.28, 3.706, 4.81, 5.223, 4.938, 5.206, 6.824, 8.752, 9.528, 9.539, 9.38], [5.756, 6.582, 7.047, 6.787, 6.569, 4.3, 2.53, 2.73, 2.69, 2.37, 1.99, 1.91, 2.39, 2.71, 2.87, 2.97, 3.02, 3.26, 2.86, 2.6, 2.38, 3.13, 4.01, 4.34, 4.44, 4.95, 5.25, 5.04, 5.064, 5.67, 6.568, 6.864, 8.724, 11.21, 12.257, 13.154, 13.177, 12.986, 13.189, 14.673, 16.473, 16.495, 15.645, 14.588, 14.209, 14.632, 15.45, 16.176, 14.926, 12.817, 10.767, 9.672, 9.422, 9.436, 10.165, 10.186, 10.197, 9.523, 9.411, 8.646, 7.311, 6.821, 6.071, 5.775, 4.09, 2.23, 2.04, 1.56, 1.33, 1.19, 1.11, 1.08, 0.95, 0, 0.78, 1.69, 