[[0, 1.34, 1.54, 1.47, 1.39, 1.85, 2.28, 3.43, 3.9, 3.75, 3.75, 3.76, 3.85, 4.08, 4.04, 4.26, 4.56, 4.34, 3.57, 3.25, 3.52, 3.16, 3.34, 3.78, 3.71, 3.54, 3.57, 3.33, 2.98, 3.58, 3.64, 3.85, 3.59, 3.82, 3.57, 4.054, 3.706, 3.34, 3.05, 2.93, 3.86, 3.99, 3.21, 3.03, 3.27, 3.34, 3.07, 2.55, 2.47, 2.48, 2.71, 3.46, 4.74, 6.015, 5.532, 4.438, 4.298, 4.605, 4.685, 5.508, 5.364, 5.331, 5.401, 5.565, 4.835, 3.44, 3.26, 3.23, 3.11, 2.85, 2.82, 3.13, 3.111, 2.81, 2.41, 2.18, 1.58, 1.71, 1.74, 1.71, 1.71, 1.98, 1.7, 1.84, 2.08, 2.82], [1.34, 0, 0.98, 1.17, 1.51, 1.55, 1.88, 2.77, 3.2, 3.07, 3.07, 2.98, 3.07, 3.42, 3.4, 3.62, 3.8, 3.6, 2.89, 2.55, 2.94, 2.72, 2.64, 2.94, 3.21, 3.08, 2.97, 2.87, 2.66, 2.92, 3.16, 3.27, 2.95, 3.54, 3.55, 4.342, 3.406, 2.86, 2.63, 2.41, 2.88, 3.21, 2.45, 2.21, 2.37, 2.4, 2.23, 1.91, 1.79, 1.7, 1.77, 2.52, 3.825, 5.204, 4.701, 3.678, 3.57, 3.834, 3.894, 4.716, 4.622, 4.586, 4.656, 4.835, 4.11, 2.94, 2.84, 2.73, 2.61, 2.35, 2.52, 2.61, 2.6, 2.69, 2.23, 2.26, 2.12, 2.07, 1.88, 2.01, 2.33, 2.52, 2.36, 2.6, 2.84, 3.575], [1.54, 0.98, 0, 0.89, 1.47, 1.43, 1.52, 2.39, 2.84, 2.55, 2.49, 2.54, 2.63, 2.86, 2.84, 3.1, 3.4, 3.1, 2.37, 2.29, 2.6, 2.34, 2.38, 2.74, 2.89, 2.68, 2.63, 2.45, 2.24, 2.72, 2.88, 2.91, 2.61, 3.34, 3.43, 4.149, 3.11, 2.38, 2.23, 2.11, 2.7, 2.81, 2.09, 2.07, 2.15, 2.24, 1.99, 1.71, 1.55, 1.6, 1.87, 2.58, 3.696, 5.118, 4.615, 3.509, 3.449, 3.826, 3.808, 4.619, 4.502, 4.44, 4.451, 4.628, 3.771, 2.54, 2.44, 2.29, 2.25, 2.09, 2.22, 2.49, 2.4, 2.61, 2.29, 2.3, 2.14, 2.27, 2.22, 2.33, 2.63, 2.74, 2.48, 2.66, 2.8, 3.46], [1.47, 1.17, 0.89, 0, 1.06, 1.32, 1.45, 2.28, 2.61, 2.42, 2.52, 2.75, 2.8, 2.81, 2.75, 3.09, 3.45, 3.13, 2.36, 2.26, 2.63, 2.21, 2.31, 2.55, 2.52, 2.43, 2.38, 2.24, 2.03, 2.47, 2.55, 2.58, 2.32, 2.91, 2.96, 3.589, 2.78, 2.15, 1.94, 2.0, 2.91, 2.88, 2.26, 2.28, 2.38, 2.55, 2.2, 1.72, 1.58, 1.79, 2.02, 2.95, 4.195, 5.611, 5.108, 3.944, 3.844, 4.181, 4.301, 5.103, 4.989, 4.907, 4.866, 5.063, 4.203, 2.41, 2.27, 2.26, 2.291, 2.16, 2.47, 2.691, 2.621, 2.603, 2.377, 2.307, 2.07, 2.28, 2.27, 2.32, 2.58, 2.61, 2.33, 2.45, 2.47, 2.91], [1.39, 1.51, 1.47, 1.06, 0, 1.24, 1.85, 3.02, 3.27, 3.08, 3.16, 3.47, 3.54, 3.53, 3.55, 3.93, 4.19, 3.83, 2.98, 2.9, 3.13, 2.59, 2.83, 2.93, 2.96, 2.95, 2.9, 2.78, 2.41, 2.79, 2.87, 3.0, 2.72, 2.95, 2.92, 3.43, 3.06, 2.69, 2.54, 2.68, 3.59, 3.62, 2.96, 2.78, 3.04, 3.17, 2.92, 2.34, 2.16, 2.29, 2.58, 3.51, 4.955, 6.359, 5.862, 4.732, 4.592, 5.009, 5.032, 5.843, 5.731, 5.647, 5.635, 5.849, 4.977, 3.19, 2.93, 3.071, 3.231, 2.98, 3.267, 3.511, 3.357, 3.217, 3.017, 2.705, 2.21, 2.36, 2.47, 2.5, 2.42, 2.51, 2.23, 2.17, 2.07, 2.47], [1.85, 1.55, 1.43, 1.32, 1.24, 0, 1.39, 2.74, 3.11, 2.96, 2.96, 3.13, 3.2, 3.37, 3.39, 3.81, 4.01, 3.71, 2.86, 2.58, 2.95, 2.55, 2.41, 2.77, 2.92, 3.03, 2.98, 2.88, 2.59, 2.65, 2.73, 3.0, 2.76, 3.01, 3.14, 4.025, 3.14, 2.61, 2.34, 2.2, 2.95, 3.06, 2.4, 2.14, 2.46, 2.71, 2.6, 2.14, 2.0, 2.11, 2.34, 3.33, 4.625, 6.05, 5.544, 4.392, 4.355, 4.752, 4.723, 5.546, 5.469, 5.385, 5.415, 5.6, 4.732, 3.27, 3.07, 3.12, 3.113, 2.98, 3.27, 3.42, 3.39, 3.589, 3.18, 3.11, 2.81, 2.86, 2.97, 3.02, 3.02, 3.11, 2.85, 2.69, 2.49, 3.07], [2.28, 1.88, 1.52, 1.45, 1.85, 1.39, 0, 1.57, 2.04, 2.05, 2.09, 2.36, 2.47, 2.48, 2.5, 2.92, 3.26, 2.88, 1.97, 1.91, 2.1, 1.68, 1.64, 1.88, 1.97, 2.28, 1.99, 1.85, 1.72, 1.74, 1.78, 1.99, 1.99, 2.32, 2.903, 3.813, 2.55, 1.76, 1.63, 1.45, 2.18, 2.25, 1.67, 1.47, 1.77, 1.96, 1.95, 1.59, 1.43, 1.84, 1.95, 2.82, 3.977, 5.365, 4.867, 3.746, 3.566, 3.923, 4.055, 4.846, 4.746, 4.65, 4.62, 4.82, 4.017, 2.22, 2.2, 2.17, 2.108, 2.188, 2.54, 2.53, 2.855, 3.179, 2.927, 2.92, 2.74, 2.85, 2.96, 3.05, 3.03, 3.18, 2.8, 2.76, 2.54, 3.02], [3.43, 2.77, 2.39, 2.28, 3.02, 2.74, 1.57, 0, 0.79, 1.04, 1.1, 1.27, 1.6, 1.61, 1.49, 1.79, 2.11, 1.79, 1.26, 1.44, 1.71, 1.51, 1.35, 1.33, 2.02, 2.15, 1.76, 1.74, 1.79, 1.75, 1.85, 2.18, 2.48, 2.924, 3.606, 4.521, 3.118, 1.81, 1.9, 1.66, 1.83, 1.68, 1.44, 1.72, 1.6, 1.79, 1.86, 1.86, 1.9, 2.25, 2.28, 2.97, 3.39, 4.335, 3.83, 2.92, 2.876, 3.1, 3.2, 3.96, 3.98, 3.83, 3.597, 3.748, 2.971, 1.65, 1.99, 1.88, 1.795, 2.095, 2.43, 2.54, 2.87, 3.292, 3.135, 3.31, 3.21, 3.34, 3.37, 3.48, 3.54, 3.57, 3.41, 3.35, 3.19, 3.65], [3.9, 3.2, 2.84, 2.61, 3.27, 3.11, 2.04, 0.79, 0, 0.61, 0.93, 1.3, 1.53, 1.54, 1.38, 1.44, 1.76, 1.5, 1.09, 1.33, 1.62, 1.4, 1.28, 1.18, 2.11, 2.2, 1.75, 1.81, 1.88, 1.74, 1.92, 2.13, 2.47, 3.069, 3.782, 4.71, 3.228, 1.98, 2.13, 1.87, 1.76, 1.59, 1.75, 2.11, 1.97, 2.12, 2.17, 2.17, 2.19, 2.62, 2.69, 3.3, 3.6, 4.226, 3.78, 3.05, 3.072, 3.13, 3.25, 3.93, 3.909, 3.731, 3.559, 3.627, 2.97, 1.64, 2.02, 1.988, 1.993, 2.419, 2.8, 2.99, 3.163, 3.547, 3.605, 3.809, 3.72, 3.79, 3.86, 3.97, 4.05, 4.08, 3.9, 3.88, 3.64, 3.8], [3.75, 3.07, 2.55, 2.42, 3.08, 2.96, 2.05, 1.04, 0.61, 0, 0.6, 1.11, 1.4, 1.39, 1.21, 1.25, 1.57, 1.31, 0.92, 1.24, 1.55, 1.29, 1.37, 1.45, 2.16, 2.25, 1.86, 1.84, 1.91, 1.83, 2.01, 2.217, 2.44, 3.219, 3.881, 4.805, 3.288, 2.07, 2.2, 1.96, 1.71, 1.52, 1.66, 1.96, 1.72, 2.03, 2.02, 2.0, 2.04, 2.33, 2.46, 3.11, 3.43, 4.056, 3.65, 2.86, 2.925, 2.98, 3.12, 3.78, 3.736, 3.581, 3.409, 3.497, 2.885, 1.61, 2.07, 1.82, 1.895, 2.335, 2.73, 2.96, 2.985, 3.48, 3.595, 3.787, 3.71, 3.78, 3.77, 3.88, 4.08, 4.07, 3.89, 3.97, 3.69, 3.95], [3.75, 3.07, 2.49, 2.52, 3.16, 2.96, 2.09, 1.1, 0.93, 0.6, 0, 0.79, 1.22, 1.33, 1.13, 1.07, 1.39, 1.21, 1.04, 1.38, 1.65, 1.57, 1.57, 1.63, 2.539, 2.59, 2.16, 2.12, 2.25, 2.17, 2.35, 2.517, 2.826, 3.579, 4.189, 5.153, 3.648, 2.35, 2.44, 2.12, 1.67, 1.36, 1.54, 1.8, 1.52, 1.67, 1.68, 1.82, 1.88, 2.15, 2.24, 2.75, 3.07, 3.73, 3.33, 2.56, 2.602, 2.6, 2.88, 3.44, 3.416, 3.326, 3.083, 3.174, 2.56, 1.65, 2.19, 1.86, 1.838, 2.28, 2.67, 2.8, 2.89, 3.48, 3.557, 3.73, 3.71, 3.72, 3.71, 3.8, 4.04, 4.03, 3.87, 3.95, 3.75, 4.17], [3.76, 2.98, 2.54, 2.75, 3.47, 3.13, 2.36, 1.27, 1.3, 1.11, 0.79, 0, 0.77, 1.22, 1.18, 1.18, 1.14, 1.12, 1.29, 1.61, 1.76, 1.82, 1.82, 1.98, 2.87, 2.86, 2.43, 2.37, 2.56, 2.48, 2.7, 2.902, 3.21, 3.877, 4.493, 5.433, 4.004, 2.631, 2.718, 2.35, 1.52, 1.21, 1.35, 1.71, 1.43, 1.36, 1.35, 1.65, 1.83, 1.9, 1.99, 2.18, 2.6, 3.386, 2.94, 2.129, 2.23, 2.37, 2.51, 2.99, 3.004, 2.92, 2.787, 2.924, 2.104, 1.58, 2.2, 1.81, 1.708, 2.19, 2.54, 2.61, 2.7, 3.43, 3.507, 3.7, 3.74, 3.69, 3.62, 3.69, 3.97, 3.94, 3.8, 4.04, 3.98, 4.44], [3.85, 3.07, 2.63, 2.8, 3.54, 3.2, 2.47, 1.6, 1.53, 1.4, 1.22, 0.77, 0, 0.89, 1.05, 1.21, 1.23, 1.07, 1.12, 1.54, 1.89, 1.97, 1.89, 1.95, 2.72, 2.71, 2.42, 2.36, 2.53, 2.29, 2.41, 2.684, 2.964, 3.607, 4.203, 5.127, 3.777, 2.65, 2.74, 2.46, 1.55, 1.16, 1.36, 1.72, 1.5, 1.39, 1.42, 1.64, 1.82, 2.01, 2.12, 2.25, 2.93, 3.736, 3.201, 2.38, 2.5, 2.74, 2.76, 3.291, 3.291, 3.25, 3.194, 3.28, 2.46, 1.75, 2.17, 1.912, 1.903, 2.42, 2.79, 2.82, 3.03, 3.74, 3.74, 3.91, 3.99, 3.94, 3.77, 3.88, 4.2, 4.21, 4.09, 4.35, 4.23, 4.47], [4.08, 3.42, 2.86, 2.81, 3.53, 3.37, 2.48, 1.61, 1.54, 1.39, 1.33, 1.22, 0.89, 0, 0.58, 1.06, 1.2, 0.98, 1.13, 1.55, 1.64, 1.88, 1.82, 1.78, 2.57, 2.64, 2.33, 2.33, 2.42, 2.18, 2.22, 2.489, 2.788, 3.397, 4.013, 4.929, 3.67, 2.6, 2.75, 2.55, 1.72, 1.25, 1.55, 2.03, 1.85, 1.78, 1.83, 2.05, 2.15, 2.44, 2.53, 2.9, 3.48, 3.969, 3.411, 2.39, 2.35, 3.05, 3.15, 3.59, 3.521, 3.5, 3.41, 3.441, 2.89, 2.06, 2.52, 2.29, 2.31, 2.77, 3.18, 3.23, 3.42, 4.03, 3.95, 4.08, 4.16, 4.11, 3.98, 4.07, 4.33, 4.36, 4.2, 4.44, 4.3, 4.5], [4.04, 3.4, 2.84, 2.75, 3.55, 3.39, 2.5, 1.49, 1.38, 1.21, 1.13, 1.18, 1.05, 0.58, 0, 0.76, 1.12, 0.9, 1.03, 1.47, 1.48, 1.76, 1.84, 1.74, 2.55, 2.64, 2.27, 2.33, 2.36, 2.22, 2.34, 2.591, 2.908, 3.537, 4.162, 5.109, 3.807, 2.7, 2.83, 2.59, 1.9, 1.43, 1.69, 2.23, 1.95, 1.84, 1.93, 2.09, 2.21, 2.58, 2.53, 3.02, 3.46, 3.74, 3.3, 2.37, 2.401, 2.91, 3.13, 3.51, 3.45, 3.36, 3.33, 3.244, 2.81, 1.96, 2.5, 2.17, 2.17, 2.65, 3.06, 3.13, 3.28, 3.91, 3.867, 4.02, 4.02, 4.01, 3.96, 4.05, 4.33, 4.3, 4.2, 4.38, 4.28, 4.58], [4.26, 3.62, 3.1, 3.09, 3.93, 3.81, 2.92, 1.79, 1.44, 1.25, 1.07, 1.18, 1.21, 1.06, 0.76, 0, 0.78, 0.84, 1.39, 1.61, 1.64, 1.92, 2.08, 2.06, 2.992, 2.974, 2.59, 2.57, 2.66, 2.596, 2.799, 2.965, 3.27, 3.963, 4.682, 5.66, 4.272, 3.16, 3.258, 2.97, 2.16, 1.67, 2.03, 2.63, 2.31, 2.18, 2.15, 2.27, 2.53, 2.84, 2.89, 3.12, 3.36, 3.197, 2.82, 2.25, 2.37, 2.59, 2.89, 3.13, 3.03, 2.98, 2.93, 2.83, 2.49, 1.8, 2.56, 2.11, 2.09, 2.55, 3.0, 3.17, 3.22, 3.75, 3.89, 4.06, 4.1, 4.09, 4.06, 4.13, 4.43, 4.48, 4.32, 4.58, 4.54, 4.9], [4.56, 3.8, 3.4, 3.45, 4.19, 4.01, 3.26, 2.11, 1.76, 1.57, 1.39, 1.14, 1.23, 1.2, 1.12, 0.78, 0, 0.78, 1.71, 1.87, 1.94, 2.22, 2.36, 2.36, 3.375, 3.36, 2.85, 2.89, 3.0, 2.959, 3.142, 3.277, 3.616, 4.277, 4.961, 5.922, 4.58, 3.473, 3.59, 3.29, 2.18, 1.75, 2.15, 2.59, 2.31, 2.06, 2.01, 2.37, 2.59, 2.82, 2.85, 2.84, 3.16, 3.08, 2.54, 1.91, 2.11, 2.65, 2.81, 2.77, 2.73, 2.74, 2.71, 2.61, 2.15, 1.98, 2.7, 2.236, 2.29, 2.69, 3.1, 3.27, 3.36, 3.89, 4.05, 4.2, 4.38, 4.29, 4.2, 4.23, 4.57, 4.56, 4.42, 4.74, 4.76, 5.08], [4.34, 3.6, 3.1, 3.13, 3.83, 3.71, 2.88, 1.79, 1.5, 1.31, 1.21, 1.12, 1.07, 0.98, 0.9, 0.84, 0.78, 0, 1.17, 1.67, 1.78, 2.0, 2.12, 2.1, 2.838, 2.88, 2.45, 2.47, 2.62, 2.4, 2.565, 2.752, 3.134, 3.723, 4.441, 5.431, 4.163, 3.08, 3.19, 2.93, 1.98, 1.59, 1.87, 2.37, 2.13, 1.92, 1.97, 2.15, 2.31, 2.62, 2.63, 2.8, 3.18, 3.537, 3.02, 2.17, 2.35, 2.61, 2.79, 3.17, 3.01, 2.9, 2.93, 2.95, 2.39, 1.72, 2.36, 2.05, 2.09, 2.53, 2.98, 3.11, 3.16, 3.71, 3.907, 3.98, 4.16, 4.09, 3.92, 4.01, 4.37, 4.26, 4.16, 4.42, 4.38, 4.7], [3.57, 2.89, 2.37, 2.36, 2.98, 2.86, 1.97, 1.26, 1.09, 0.92, 1.04, 1.29, 1.12, 1.13, 1.03, 1.39, 1.71, 1.17, 0, 1.1, 1.47, 1.39, 1.39, 1.39, 2.0, 2.17, 1.78, 1.92, 1.87, 1.63, 1.75, 2.054, 2.254, 2.968, 3.556, 4.498, 3.204, 2.15, 2.3, 2.08, 1.75, 1.56, 1.56, 1.86, 1.74, 1.93, 1.96, 1.84, 1.96, 2.39, 2.48, 2.97, 3.49, 4.412, 3.909, 2.9, 2.92, 3.14, 3.24, 4.0, 4.0, 3.847, 3.737, 3.864, 3.12, 1.69, 2.09, 1.84, 1.897, 2.4, 2.79, 2.92, 3.11, 3.68, 3.677, 3.81, 3.67, 3.78, 3.77, 3.9, 4.08, 4.13, 3.97, 4.05, 3.83, 4.11], [3.25, 2.55, 2.29, 2.26, 2.9, 2.58, 1.91, 1.44, 1.33, 1.24, 1.38, 1.61, 1.54, 1.55, 1.47, 1.61, 1.87, 1.67, 1.1, 0, 1.01, 1.09, 1.05, 1.31, 2.34, 2.73, 2.36, 2.32, 2.31, 2.03, 2.203, 2.61, 2.827, 3.428, 4.036, 4.88, 3.318, 2.25, 2.3, 1.9, 1.71, 1.76, 1.52, 1.88, 2.02, 2.19, 2.2, 1.96, 2.08, 2.63, 2.8, 3.35, 3.87, 4.371, 3.99, 3.16, 3.04, 3.26, 3.5, 4.14, 4.06, 3.89, 3.805, 3.838, 3.36, 2.09, 2.55, 2.32, 2.223, 2.7, 3.09, 3.2, 3.41, 4.04, 3.86, 3.95, 3.79, 3.92, 3.85, 3.98, 4.14, 4.29, 4.13, 4.21, 4.07, 4.37], [3.52, 2.94, 2.6, 2.63, 3.13, 2.95, 2.1, 1.71, 1.62, 1.55, 1.65, 1.76, 1.89, 1.64, 1.48, 1.64, 1.94, 1.78, 1.47, 1.01, 0, 0.94, 1.18, 1.54, 2.71, 3.1, 2.71, 2.63, 2.52, 2.26, 2.484, 3.037, 3.234, 3.75, 4.369, 5.316, 3.865, 2.673, 2.67, 2.41, 1.94, 2.03, 1.81, 2.13, 2.39, 2.46, 2.49, 2.31, 2.49, 3.0, 3.09, 3.6, 4.08, 4.02, 3.74, 3.05, 2.89, 3.25, 3.55, 4.01, 3.95, 3.64, 3.59, 3.53, 3.31, 2.42, 2.98, 2.59, 2.55, 2.95, 3.3, 3.47, 3.64, 4.21, 4.13, 4.14, 3.98, 4.07, 4.06, 4.21, 4.41, 4.54, 4.32, 4.38, 4.2, 4.68], [3.16, 2.72, 2.34, 2.21, 2.59, 2.55, 1.68, 1.51, 1.4, 1.29, 1.57, 1.82, 1.97, 1.88, 1.76, 1.92, 2.22, 2.0, 1.39, 1.09, 0.94, 0, 1.08, 1.26, 2.13, 2.56, 2.09, 2.09, 1.88, 1.78, 1.96, 2.517, 2.734, 3.24, 3.826, 4.676, 3.245, 2.18, 2.17, 2.01, 1.96, 2.23, 1.81, 2.11, 2.33, 2.5, 2.45, 2.13, 2.13, 2.74, 3.03, 3.6, 4.04, 4.571, 4.16, 3.39, 3.31, 3.55, 3.71, 4.37, 4.35, 4.113, 3.963, 3.997, 3.53, 2.3, 2.56, 2.37, 2.388, 2.725, 3.1, 3.27, 3.555, 3.985, 3.905, 3.912, 3.72, 3.85, 3.92, 4.01, 4.07, 4.26, 3.94, 3.96, 3.8, 4.1], [3.34, 2.64, 2.38, 2.31, 2.83, 2.41, 1.64, 1.35, 1.28, 1.37, 1.57, 1.82, 1.89, 1.82, 1.84, 2.08, 2.36, 2.12, 1.39, 1.05, 1.18, 1.08, 0, 0.78, 2.09, 2.6, 2.27, 2.29, 2.18, 1.7, 1.74, 2.334, 2.551, 3.089, 3.686, 4.573, 3.065, 2.02, 2.01, 1.77, 1.56, 1.85, 1.61, 1.77, 2.05, 2.34, 2.49, 2.25, 2.23, 2.78, 2.99, 3.64, 4.04, 4.753, 4.38, 3.57, 3.449, 3.63, 3.85, 4.51, 4.546, 4.336, 4.026, 4.208, 3.643, 2.42, 2.8, 2.622, 2.525, 2.979, 3.34, 3.47, 3.675, 4.216, 4.107, 4.14, 3.94, 4.07, 4.08, 4.21, 4.31, 4.4, 4.1, 4.1, 3.84, 4.04], [3.78, 2.94, 2.74, 2.55, 2.93, 2.77, 1.88, 1.33, 1.18, 1.45, 1.63, 1.98, 1.95, 1.78, 1.74, 2.06, 2.36, 2.1, 1.39, 1.31, 1.54, 1.26, 0.78, 0, 1.79, 2.24, 1.83, 2.03, 1.92, 1.48, 1.6, 2.21, 2.39, 2.889, 3.52, 4.287, 2.89, 1.94, 1.95, 1.73, 1.74, 2.03, 1.79, 2.09, 2.37, 2.54, 2.61, 2.41, 2.41, 2.96, 3.15, 3.82, 4.26, 5.008, 4.58, 3.81, 3.712, 3.95, 4.09, 4.79, 4.824, 4.614, 4.261, 4.391, 3.778, 2.4, 2.66, 2.656, 2.713, 3.116, 3.48, 3.619, 3.903, 4.356, 4.245, 4.326, 4.12, 4.35, 4.4, 4.53, 4.49, 4.56, 4.36, 4.26, 4.12, 4.04], [3.71, 3.21, 2.89, 2.52, 2.96, 2.92, 1.97, 2.02, 2.11, 2.16, 2.539, 2.87, 2.72, 2.57, 2.55, 2.992, 3.375, 2.838, 2.0, 2.34, 2.71, 2.13, 2.09, 1.79, 0, 0.97, 1.06, 1.18, 1.23, 1.05, 1.07, 1.48, 1.64, 2.17, 2.5, 3.13, 2.14, 1.55, 1.64, 1.74, 2.85, 2.68, 2.64, 2.54, 2.78, 3.17, 3.16, 2.86, 2.78, 3.25, 3.4, 4.27, 4.83, 6.123, 5.646, 4.631, 4.508, 4.828, 4.908, 5.713, 5.708, 5.521, 5.381, 5.556, 4.724, 2.67, 2.37, 2.725, 2.879, 2.9, 3.213, 3.5, 4.001, 4.08, 3.903, 4.013, 3.75, 4.117, 4.15, 4.3, 4.14, 4.25, 4.01, 3.89, 3.83, 3.61], [3.54, 3.08, 2.68, 2.43, 2.95, 3.03, 2.28, 2.15, 2.2, 2.25, 2.59, 2.86, 2.71, 2.64, 2.64, 2.974, 3.36, 2.88, 2.17, 2.73, 3.1, 2.56, 2.6, 2.24, 0.97, 0, 0.79, 0.77, 0.94, 1.26, 1.52, 1.53, 1.69, 2.3, 2.27, 2.94, 1.91, 1.72, 1.87, 2.05, 3.18, 2.93, 2.91, 2.97, 2.93, 3.22, 3.13, 2.83, 2.73, 3.0, 3.07, 4.02, 4.712, 6.097, 5.628, 4.578, 4.478, 4.778, 4.878, 5.678, 5.618, 5.471, 5.347, 5.518, 4.687, 2.545, 2.0, 2.554, 2.808, 2.572, 2.923, 3.295, 3.551, 3.567, 3.353, 3.463, 3.257, 3.667, 3.68, 3.79, 3.71, 3.76, 3.58, 3.54, 3.56, 3.42], [3.57, 2.97, 2.63, 2.38, 2.9, 2.98, 1.99, 1.76, 1.75, 1.86, 2.16, 2.43, 2.42, 2.33, 2.27, 2.59, 2.85, 2.45, 1.78, 2.36, 2.71, 2.09, 2.27, 1.83, 1.06, 0.79, 0, 0.72, 0.89, 0.97, 1.37, 1.42, 1.68, 2.25, 2.66, 3.47, 2.26, 1.75, 1.9, 1.86, 2.79, 2.6, 2.56, 2.64, 2.56, 2.79, 2.68, 2.38, 2.36, 2.63, 2.72, 3.61, 4.17, 5.61, 5.149, 4.048, 4.002, 4.302, 4.439, 5.237, 5.182, 5.035, 4.831, 4.965, 4.131, 2.11, 1.77, 2.225, 2.391, 2.389, 2.719, 2.929, 3.292, 3.446, 3.349, 3.556, 3.37, 3.6, 3.63, 3.76, 3.78, 3.81, 3.67, 3.69, 3.55, 3.47], [3.33, 2.87, 2.45, 2.24, 2.78, 2.88, 1.85, 1.74, 1.81, 1.84, 2.12, 2.37, 2.36, 2.33, 2.33, 2.57, 2.89, 2.47, 1.92, 2.32, 2.63, 2.09, 2.29, 2.03, 1.18, 0.77, 0.72, 0, 0.73, 0.99, 1.43, 1.42, 1.74, 2.31, 2.589, 3.47, 2.28, 1.69, 1.8, 1.8, 2.83, 2.52, 2.5, 2.56, 2.52, 2.71, 2.56, 2.26, 2.22, 2.51, 2.58, 3.41, 4.107, 5.547, 5.027, 3.953, 3.925, 4.185, 4.245, 5.077, 5.005, 4.838, 4.754, 4.911, 4.114, 1.93, 1.53, 2.077, 2.271, 2.197, 2.573, 2.697, 3.047, 3.237, 3.052, 3.193, 3.05, 3.397, 3.35, 3.5, 3.46, 3.55, 3.39, 3.33, 3.35, 3.31], [2.98, 2.66, 2.24, 2.03, 2.41, 2.59, 1.72, 1.79, 1.88, 1.91, 2.25, 2.56, 2.53, 2.42, 2.36, 2.66, 3.0, 2.62, 1.87, 2.31, 2.52, 1.88, 2.18, 1.92, 1.23, 0.94, 0.89, 0.73, 0, 1.02, 1.22, 1.63, 1.67, 2.18, 2.47, 3.407, 2.17, 1.72, 1.81, 1.85, 2.86, 2.71, 2.57, 2.57, 2.63, 2.92, 2.75, 2.37, 2.33, 2.66, 2.75, 3.62, 4.28, 5.645, 5.225, 4.13, 4.055, 4.39, 4.509, 5.275, 5.255, 5.108, 4.938, 5.069, 4.258, 2.2, 1.82, 2.208, 2.448, 2.167, 2.623, 2.893, 3.228, 3.293, 3.102, 3.146, 2.96, 3.287, 3.28, 3.47, 3.33, 3.48, 3.22, 3.16, 3.12, 3.08], [3.58, 2.92, 2.72, 2.47, 2.79, 2.65, 1.74, 1.75, 1.74, 1.83, 2.17, 2.48, 2.29, 2.18, 2.22, 2.596, 2.959, 2.4, 1.63, 2.03, 2.26, 1.78, 1.7, 1.48, 1.05, 1.26, 0.97, 0.99, 1.02, 0, 0.84, 1.43, 1.65, 2.02, 2.57, 3.587, 2.39, 1.78, 1.89, 1.81, 2.62, 2.43, 2.41, 2.33, 2.53, 2.78, 2.69, 2.35, 2.33, 2.86, 3.03, 3.72, 4.36, 5.656, 5.182, 4.118, 4.032, 4.332, 4.452, 5.232, 5.212, 5.045, 4.906, 5.077, 4.309, 2.24, 2.02, 2.364, 2.521, 2.696, 3.066, 3.176, 3.551, 3.856, 3.776, 3.943, 3.68, 3.99, 4.02, 4.17, 4.07, 4.2, 3.94, 3.8, 3.7, 3.64], [3.64, 3.16, 2.88, 2.55, 2.87, 2.73, 1.78, 1.85, 1.92, 2.01, 2.35, 2.7, 2.41, 2.22, 2.34, 2.799, 3.142, 2.565, 1.75, 2.203, 2.484, 1.96, 1.74, 1.6, 1.07, 1.52, 1.37, 1.43, 1.22, 0.84, 0, 1.11, 1.29, 1.7, 2.17, 3.28, 2.19, 1.58, 1.75, 1.75, 2.62, 2.37, 2.37, 2.21, 2.41, 2.82, 2.79, 2.47, 2.45, 3.0, 3.15, 3.88, 4.68, 5.931, 5.408, 4.382, 4.255, 4.575, 4.672, 5.472, 5.435, 5.265, 5.175, 5.349, 4.575, 2.48, 2.26, 2.541, 2.621, 2.799, 3.149, 3.339, 3.765, 4.019, 3.882, 3.986, 3.76, 4.027, 4.04, 4.21, 4.09, 4.24, 3.92, 3.78, 3.62, 3.38], [3.85, 3.27, 2.91, 2.58, 3.0, 3.0, 1.99, 2.18, 2.13, 2.217, 2.517, 2.902, 2.684, 2.489, 2.591, 2.965, 3.277, 2.752, 2.054, 2.61, 3.037, 2.517, 2.334, 2.21, 1.48, 1.53, 1.42, 1.42, 1.63, 1.43, 1.11, 0, 0.76, 1.47, 1.98, 2.91, 2.26, 1.99, 2.12, 2.02, 2.85, 2.48, 2.62, 2.46, 2.58, 2.99, 2.98, 2.72, 2.58, 2.85, 2.96, 3.95, 4.859, 6.09, 5.564, 4.572, 4.481, 4.746, 4.823, 5.631, 5.588, 5.444, 5.357, 5.54, 4.714, 2.556, 2.219, 2.629, 2.749, 2.82, 3.176, 3.343, 3.496, 3.806, 3.786, 3.907, 3.75, 3.9, 3.93, 4.06, 4.1, 4.19, 3.91, 3.81, 3.55, 3.31], [3.59, 2.95, 2.61, 2.32, 2.72, 2.76, 1.99, 2.48, 2.47, 2.44, 2.826, 3.21, 2.964, 2.788, 2.908, 3.27, 3.616, 3.134, 2.254, 2.827, 3.234, 2.734, 2.551, 2.39, 1.64, 1.69, 1.68, 1.74, 1.67, 1.65, 1.29, 0.76, 0, 1.11, 1.54, 2.47, 1.88, 1.83, 1.92, 2.06, 2.99, 2.72, 2.82, 2.66, 2.86, 3.23, 3.18, 2.84, 2.68, 2.85, 2.96, 3.99, 5.138, 6.419, 5.887, 4.884, 4.786, 5.043, 5.123, 5.928, 5.868, 5.741, 5.671, 5.857, 4.994, 2.796, 2.373, 2.746, 2.983, 2.963, 3.29, 3.526, 3.613, 3.703, 3.686, 3.73, 3.55, 3.7, 3.75, 3.86, 3.92, 3.99, 3.75, 3.67, 3.39, 3.05], [3.82, 3.54, 3.34, 2.91, 2.95, 3.01, 2.32, 2.924, 3.069, 3.219, 3.579, 3.877, 3.607, 3.397, 3.537, 3.963, 4.277, 3.723, 2.968, 3.428, 3.75, 3.24, 3.089, 2.889, 2.17, 2.3, 2.25, 2.31, 2.18, 2.02, 1.7, 1.47, 1.11, 0, 1.09, 2.14, 1.97, 2.26, 2.37, 2.65, 3.7, 3.49, 3.476, 3.15, 3.41, 3.732, 3.75, 3.21, 3.07, 3.32, 3.39, 4.471, 5.82, 7.089, 6.566, 5.479, 5.342, 5.65, 5.787, 6.582, 6.479, 6.374, 6.333, 6.527, 5.696, 3.377, 2.914, 3.387, 3.628, 3.642, 3.966, 4.136, 4.357, 4.339, 4.004, 3.972, 3.7, 3.99, 4.1, 4.19, 4.03, 4.18, 3.86, 3.64, 3.48, 3.12], [3.57, 3.55, 3.43, 2.96, 2.92, 3.14, 2.903, 3.606, 3.782, 3.881, 4.189, 4.493, 4.203, 4.013, 4.162, 4.682, 4.961, 4.441, 3.556, 4.036, 4.369, 3.826, 3.686, 3.52, 2.5, 2.27, 2.66, 2.589, 2.47, 2.57, 2.17, 1.98, 1.54, 1.09, 0, 1.35, 1.82, 2.33, 2.44, 2.917, 4.244, 4.086, 4.029, 3.747, 3.88, 4.244, 4.192, 3.647, 3.553, 3.602, 3.766, 4.879, 6.353, 7.81, 7.287, 6.172, 6.105, 6.348, 6.514, 7.285, 7.228, 7.098, 7.054, 7.242, 6.394, 3.97, 3.185, 3.829, 4.086, 3.926, 4.07, 4.429, 4.793, 4.482, 3.843, 3.736, 3.407, 3.868, 3.998, 4.048, 3.78, 3.887, 3.681, 3.444, 3.51, 3.11], [4.054, 4.342, 4.149, 3.589, 3.43, 4.025, 3.813, 4.521, 4.71, 4.805, 5.153, 5.433, 5.127, 4.929, 5.109, 5.66, 5.922, 5.431, 4.498, 4.88, 5.316, 4.676, 4.573, 4.287, 3.13, 2.94, 3.47, 3.47, 3.407, 3.587, 3.28, 2.91, 2.47, 2.14, 1.35, 0, 1.69, 3.04, 3.09, 3.728, 5.04, 4.947, 4.81, 4.634, 4.867, 5.214, 5.159, 4.65, 4.414, 4.569, 4.761, 5.874, 7.302, 8.768, 8.242, 7.159, 7.011, 7.347, 7.451, 8.284, 8.167, 8.07, 8.037, 8.2, 7.34, 4.93, 4.039, 4.775, 5.061, 4.752, 4.817, 5.372, 5.514, 5.303, 4.577, 4.279, 3.873, 4.588, 4.654, 4.606, 4.186, 4.145, 4.025, 4.096, 4.211, 3.56], [3.706, 3.406, 3.11, 2.78, 3.06, 3.14, 2.55, 3.118, 3.228, 3.288, 3.648, 4.004, 3.777, 3.67, 3.807, 4.272, 4.58, 4.163, 3.204, 3.318, 3.865, 3.245, 3.065, 2.89, 2.14, 1.91, 2.26, 2.28, 2.17, 2.39, 2.19, 2.26, 1.88, 1.97, 1.82, 1.69, 0, 1.63, 1.66, 2.22, 3.51, 3.54, 3.38, 3.28, 3.44, 3.83, 3.78, 3.4, 3.24, 3.59, 3.76, 4.81, 5.893, 7.283, 6.763, 5.7, 5.609, 5.927, 5.994, 6.816, 6.761, 6.617, 6.564, 6.732, 5.898, 3.623, 2.912, 3.533, 3.733, 3.442, 3.592, 4.193, 4.578, 4.548, 3.848, 3.735, 3.575, 4.159, 4.329, 4.359, 4.002, 4.032, 3.892, 3.929, 4.009, 3.43], [3.34, 2.86, 2.38, 2.15, 2.69, 2.61, 1.76, 1.81, 1.98, 2.07, 2.35, 2.631, 2.65, 2.6, 2.7, 3.16, 3.473, 3.08, 2.15, 2.25, 2.673, 2.18, 2.02, 1.94, 1.55, 1.72, 1.75, 1.69, 1.72, 1.78, 1.58, 1.99, 1.83, 2.26, 2.33, 3.04, 1.63, 0, 0.49, 0.97, 2.28, 2.17, 2.03, 2.09, 2.25, 2.68, 2.65, 2.45, 2.33, 2.78, 2.95, 3.86, 4.679, 5.944, 5.387, 4.409, 4.329, 4.537, 4.706, 5.454, 5.4, 5.276, 5.197, 5.36, 4.577, 2.56, 2.12, 2.488, 2.618, 2.658, 2.843, 3.158, 3.799, 3.844, 3.393, 3.526, 3.374, 3.744, 3.748, 3.904, 3.747, 3.84, 3.7, 3.6, 3.56, 3.22], [3.05, 2.63, 2.23, 1.94, 2.54, 2.34, 1.63, 1.9, 2.13, 2.2, 2.44, 2.718, 2.74, 2.75, 2.83, 3.258, 3.59, 3.19, 2.3, 2.3, 2.67, 2.17, 2.01, 1.95, 1.64, 1.87, 1.9, 1.8, 1.81, 1.89, 1.75, 2.12, 1.92, 2.37, 2.44, 3.09, 1.66, 0.49, 0, 0.92, 2.33, 2.34, 2.08, 2.1, 2.26, 2.69, 2.58, 2.36, 2.28, 2.65, 2.86, 3.73, 4.723, 5.968, 5.442, 4.436, 4.336, 4.558, 4.733, 5.478, 5.412, 5.3, 5.247, 5.409, 4.612, 2.59, 2.15, 2.538, 2.639, 2.614, 2.733, 3.108, 3.721, 3.757, 3.243, 3.39, 3.207, 3.591, 3.598, 3.734, 3.58, 3.65, 3.53, 3.43, 3.39, 3.15], [2.93, 2.41, 2.11, 2.0, 2.68, 2.2, 1.45, 1.66, 1.87, 1.96, 2.12, 2.35, 2.46, 2.55, 2.59, 2.97, 3.29, 2.93, 2.08, 1.9, 2.41, 2.01, 1.77, 1.73, 1.74, 2.05, 1.86, 1.8, 1.85, 1.81, 1.75, 2.02, 2.06, 2.65, 2.917, 3.728, 2.22, 0.97, 0.92, 0, 1.79, 1.92, 1.78, 1.92, 2.0, 2.29, 2.38, 2.32, 2.22, 2.53, 2.7, 3.47, 4.203, 5.408, 4.911, 3.876, 3.876, 4.101, 4.193, 4.958, 4.924, 4.747, 4.727, 4.872, 4.124, 2.51, 2.19, 2.418, 2.278, 2.395, 2.69, 2.9, 3.399, 3.569, 3.283, 3.51, 3.33, 3.58, 3.55, 3.717, 3.66, 3.75, 3.55, 3.49, 3.49, 3.41], [3.86, 2.88, 2.7, 2.91, 3.59, 2.95, 2.18, 1.83, 1.76, 1.71, 1.67, 1.52, 1.55, 1.72, 1.9, 2.16, 2.18, 1.98, 1.75, 1.71, 1.94, 1.96, 1.56, 1.74, 2.85, 3.18, 2.79, 2.83, 2.86, 2.62, 2.62, 2.85, 2.99, 3.7, 4.244, 5.04, 3.51, 2.28, 2.33, 1.79, 0, 0.95, 1.05, 1.33, 1.49, 1.6, 1.99, 2.23, 2.25, 2.44, 2.33, 2.74, 3.2, 3.95, 3.531, 2.73, 2.75, 3.11, 3.19, 3.701, 3.681, 3.635, 3.543, 3.701, 3.09, 2.84, 3.32, 2.99, 2.845, 3.302, 3.732, 3.682, 3.792, 4.582, 4.342, 4.58, 4.48, 4.41, 4.14, 4.27, 4.51, 4.72, 4.58, 4.72, 4.58, 4.7], [3.99, 3.21, 2.81, 2.88, 3.62, 3.06, 2.25, 1.68, 1.59, 1.52, 1.36, 1.21, 1.16, 1.25, 1.43, 1.67, 1.75, 1.59, 1.56, 1.76, 2.03, 2.23, 1.85, 2.03, 2.68, 2.93, 2.6, 2.52, 2.71, 2.43, 2.37, 2.48, 2.72, 3.49, 4.086, 4.947, 3.54, 2.17, 2.34, 1.92, 0.95, 0, 1.08, 1.34, 1.3, 1.41, 1.72, 2.04, 2.12, 2.29, 2.3, 2.69, 3.29, 3.981, 3.441, 2.516, 2.62, 3.06, 3.1, 3.511, 3.551, 3.579, 3.474, 3.491, 2.88, 2.29, 2.77, 2.5, 2.355, 2.889, 3.299, 3.309, 3.376, 4.109, 4.043, 4.29, 4.29, 4.22, 4.09, 4.18, 4.44, 4.49, 4.35, 4.51, 4.33, 4.33], [3.21, 2.45, 2.09, 2.26, 2.96, 2.4, 1.67, 1.44, 1.75, 1.66, 1.54, 1.35, 1.36, 1.55, 1.69, 2.03, 2.15, 1.87, 1.56, 1.52, 1.81, 1.81, 1.61, 1.79, 2.64, 2.91, 2.56, 2.5, 2.57, 2.41, 2.37, 2.62, 2.82, 3.476, 4.029, 4.81, 3.38, 2.03, 2.08, 1.78, 1.05, 1.08, 0, 0.96, 1.12, 1.11, 1.4, 1.44, 1.46, 1.73, 1.82, 2.51, 3.287, 4.144, 3.594, 2.728, 2.72, 3.04, 3.1, 3.705, 3.705, 3.558, 3.608, 3.705, 3.12, 2.33, 2.81, 2.44, 2.255, 2.715, 3.082, 3.072, 3.262, 3.992, 3.692, 3.81, 3.79, 3.74, 3.55, 3.66, 3.92, 3.99, 3.85, 4.01, 3.85, 4.15], [3.03, 2.21, 2.07, 2.28, 2.78, 2.14, 1.47, 1.72, 2.11, 1.96, 1.8, 1.71, 1.72, 2.03, 2.23, 2.63, 2.59, 2.37, 1.86, 1.88, 2.13, 2.11, 1.77, 2.09, 2.54, 2.97, 2.64, 2.56, 2.57, 2.33, 2.21, 2.46, 2.66, 3.15, 3.747, 4.634, 3.28, 2.09, 2.1, 1.92, 1.33, 1.34, 0.96, 0, 0.8, 1.15, 1.3, 1.38, 1.36, 1.69, 1.52, 2.17, 3.23, 4.347, 3.781, 2.88, 2.948, 3.345, 3.3, 3.965, 3.885, 3.858, 3.888, 4.025, 3.24, 2.57, 2.95, 2.62, 2.418, 2.798, 3.025, 3.012, 3.205, 3.975, 3.512, 3.67, 3.51, 3.5, 3.31, 3.46, 3.64, 3.79, 3.57, 3.67, 3.47, 3.93], [3.27, 2.37, 2.15, 2.38, 3.04, 2.46, 1.77, 1.6, 1.97, 1.72, 1.52, 1.43, 1.5, 1.85, 1.95, 2.31, 2.31, 2.13, 1.74, 2.02, 2.39, 2.33, 2.05, 2.37, 2.78, 2.93, 2.56, 2.52, 2.63, 2.53, 2.41, 2.58, 2.86, 3.41, 3.88, 4.867, 3.44, 2.25, 2.26, 2.0, 1.49, 1.3, 1.12, 0.8, 0, 0.73, 0.88, 1.22, 1.3, 1.39, 1.28, 1.83, 2.85, 3.964, 3.484, 2.52, 2.7, 2.98, 2.9, 3.625, 3.585, 3.478, 3.528, 3.645, 2.905, 2.31, 2.67, 2.3, 2.04, 2.44, 2.665, 2.615, 2.865, 3.575, 3.232, 3.47, 3.39, 3.42, 3.25, 3.36, 3.64, 3.69, 3.53, 3.71, 3.55, 4.09], [3.34, 2.4, 2.24, 2.55, 3.17, 2.71, 1.96, 1.79, 2.12, 2.03, 1.67, 1.36, 1.39, 1.78, 1.84, 2.18, 2.06, 1.92, 1.93, 2.19, 2.46, 2.5, 2.34, 2.54, 3.17, 3.22, 2.79, 2.71, 2.92, 2.78, 2.82, 2.99, 3.23, 3.732, 4.244, 5.214, 3.83, 2.68, 2.69, 2.29, 1.6, 1.41, 1.11, 1.15, 0.73, 0, 0.77, 1.17, 1.25, 1.32, 1.19, 1.48, 2.56, 3.646, 3.118, 2.17, 2.41, 2.63, 2.61, 3.289, 3.209, 3.162, 3.272, 3.349, 2.63, 2.24, 2.66, 2.21, 1.97, 2.35, 2.612, 2.542, 2.712, 3.482, 3.142, 3.44, 3.54, 3.37, 3.14, 3.25, 3.53, 3.62, 3.5, 3.68, 3.74, 4.32], [3.07, 2.23, 1.99, 2.2, 2.92, 2.6, 1.95, 1.86, 2.17, 2.02, 1.68, 1.35, 1.42, 1.83, 1.93, 2.15, 2.01, 1.97, 1.96, 2.2, 2.49, 2.45, 2.49, 2.61, 3.16, 3.13, 2.68, 2.56, 2.75, 2.69, 2.79, 2.98, 3.18, 3.75, 4.192, 5.159, 3.78, 2.65, 2.58, 2.38, 1.99, 1.72, 1.4, 1.3, 0.88, 0.77, 0, 0.88, 0.98, 1.15, 1.1, 1.37, 2.45, 3.723, 3.237, 2.295, 2.437, 2.78, 2.62, 3.419, 3.299, 3.252, 3.322, 3.399, 2.519, 1.89, 2.37, 1.8, 1.68, 2.0, 2.245, 2.203, 2.505, 3.135, 3.003, 3.11, 3.27, 3.2, 3.03, 3.08, 3.44, 3.49, 3.31, 3.63, 3.65, 4.27], [2.55, 1.91, 1.71, 1.72, 2.34, 2.14, 1.59, 1.86, 2.17, 2.0, 1.82, 1.65, 1.64, 2.05, 2.09, 2.27, 2.37, 2.15, 1.84, 1.96, 2.31, 2.13, 2.25, 2.41, 2.86, 2.83, 2.38, 2.26, 2.37, 2.35, 2.47, 2.72, 2.84, 3.21, 3.647, 4.65, 3.4, 2.45, 2.36, 2.32, 2.23, 2.04, 1.44, 1.38, 1.22, 1.17, 0.88, 0, 0.5, 1.07, 1.14, 1.83, 2.99, 4.297, 3.771, 2.717, 2.797, 3.099, 3.019, 3.939, 3.859, 3.764, 3.802, 3.939, 3.079, 1.91, 2.33, 1.9, 1.8, 2.12, 2.396, 2.406, 2.653, 3.206, 2.763, 2.81, 2.73, 2.76, 2.61, 2.74, 2.98, 3.09, 2.85, 3.07, 3.13, 3.67], [2.47, 1.79, 1.55, 1.58, 2.16, 2.0, 1.43, 1.9, 2.19, 2.04, 1.88, 1.83, 1.82, 2.15, 2.21, 2.53, 2.59, 2.31, 1.96, 2.08, 2.49, 2.13, 2.23, 2.41, 2.78, 2.73, 2.36, 2.22, 2.33, 2.33, 2.45, 2.58, 2.68, 3.07, 3.553, 4.414, 3.24, 2.33, 2.28, 2.22, 2.25, 2.12, 1.46, 1.36, 1.3, 1.25, 0.98, 0.5, 0, 0.87, 1.08, 1.85, 3.11, 4.497, 3.941, 2.932, 3.052, 3.331, 3.251, 4.131, 4.071, 3.969, 4.053, 4.191, 3.311, 2.07, 2.31, 1.98, 1.88, 2.16, 2.499, 2.426, 2.693, 3.186, 2.783, 2.83, 2.75, 2.76, 2.59, 2.72, 2.94, 3.03, 2.85, 3.05, 3.05, 3.53], [2.48, 1.7, 1.6, 1.79, 2.29, 2.11, 1.84, 2.25, 2.62, 2.33, 2.15, 1.9, 2.01, 2.44, 2.58, 2.84, 2.82, 2.62, 2.39, 2.63, 3.0, 2.74, 2.78, 2.96, 3.25, 3.0, 2.63, 2.51, 2.66, 2.86, 3.0, 2.85, 2.85, 3.32, 3.602, 4.569, 3.59, 2.78, 2.65, 2.53, 2.44, 2.29, 1.73, 1.69, 1.39, 1.32, 1.15, 1.07, 0.87, 0, 0.69, 1.42, 2.852, 4.361, 3.831, 2.99, 3.09, 3.33, 3.19, 4.101, 3.981, 3.893, 4.003, 4.181, 3.341, 2.3, 2.3, 2.19, 2.11, 2.27, 2.509, 2.436, 2.406, 2.919, 2.576, 2.7, 2.78, 2.69, 2.4, 2.49, 2.81, 2.86, 2.76, 3.06, 3.06, 3.64], [2.71, 1.77, 1.87, 2.02, 2.58, 2.34, 1.95, 2.28, 2.69, 2.46, 2.24, 1.99, 2.12, 2.53, 2.53, 2.89, 2.85, 2.63, 2.48, 2.8, 3.09, 3.03, 2.99, 3.15, 3.4, 3.07, 2.72, 2.58, 2.75, 3.03, 3.15, 2.96, 2.96, 3.39, 3.766, 4.761, 3.76, 2.95, 2.86, 2.7, 2.33, 2.3, 1.82, 1.52, 1.28, 1.19, 1.1, 1.14, 1.08, 0.69, 0, 1.27, 2.696, 4.183, 3.656, 2.82, 2.92, 3.06, 3.04, 3.9, 3.805, 3.698, 3.808, 4.025, 3.3, 2.33, 2.45, 2.28, 2.26, 2.3, 2.625, 2.492, 2.425, 3.015, 2.512, 2.75, 2.89, 2.64, 2.27, 2.4, 2.82, 2.89, 2.79, 3.09, 3.09, 3.71], [3.46, 2.52, 2.58, 2.95, 3.51, 3.33, 2.82, 2.97, 3.3, 3.11, 2.75, 2.18, 2.25, 2.9, 3.02, 3.12, 2.84, 2.8, 2.97, 3.35, 3.6, 3.6, 3.64, 3.82, 4.27, 4.02, 3.61, 3.41, 3.62, 3.72, 3.88, 3.95, 3.99, 4.471, 4.879, 5.874, 4.81, 3.86, 3.73, 3.47, 2.74, 2.69, 2.51, 2.17, 1.83, 1.48, 1.37, 1.83, 1.85, 1.42, 1.27, 0, 1.78, 3.24, 2.94, 2.45, 2.61, 2.81, 2.81, 3.29, 3.15, 3.2, 3.29, 3.49, 2.77, 2.56, 2.78, 2.49, 2.51, 2.69, 2.78, 2.43, 2.535, 3.19, 3.062, 3.26, 3.46, 3.19, 2.74, 2.73, 3.33, 3.42, 3.44, 3.86, 4.12, 4.8], [4.74, 3.825, 3.696, 4.195, 4.955, 4.625, 3.977, 3.39, 3.6, 3.43, 3.07, 2.6, 2.93, 3.48, 3.46, 3.36, 3.16, 3.18, 3.49, 3.87, 4.08, 4.04, 4.04, 4.26, 4.83, 4.712, 4.17, 4.107, 4.28, 4.36, 4.68, 4.859, 5.138, 5.82, 6.353, 7.302, 5.893, 4.679, 4.723, 4.203, 3.2, 3.29, 3.287, 3.23, 2.85, 2.56, 2.45, 2.99, 3.11, 2.852, 2.696, 1.78, 0, 1.96, 2.18, 2.13, 2.45, 2.25, 2.29, 2.49, 2.33, 2.24, 2.35, 2.59, 2.03, 2.88, 3.6, 3.01, 2.83, 3.13, 3.22, 2.85, 2.94, 3.65, 3.81, 4.04, 4.44, 4.15, 3.82, 3.81, 4.61, 4.86, 4.84, 5.36, 5.68, 6.343], [6.015, 5.204, 5.118, 5.611, 6.359, 6.05, 5.365, 4.335, 4.226, 4.056, 3.73, 3.386, 3.736, 3.969, 3.74, 3.197, 3.08, 3.537, 4.412, 4.371, 4.02, 4.571, 4.753, 5.008, 6.123, 6.097, 5.61, 5.547, 5.645, 5.656, 5.931, 6.09, 6.419, 7.089, 7.81, 8.768, 7.283, 5.944, 5.968, 5.408, 3.95, 3.981, 4.144, 4.347, 3.964, 3.646, 3.723, 4.297, 4.497, 4.361, 4.183, 3.24, 1.96, 0, 1.24, 2.01, 2.35, 2.07, 2.07, 1.75, 1.63, 1.78, 1.67, 1.55, 2.13, 4.04, 4.98, 4.19, 3.87, 4.19, 4.14, 3.85, 3.76, 4.37, 4.63, 5.04, 5.48, 5.25, 4.98, 4.99, 5.81, 6.18, 6.18, 6.646, 6.955, 7.664], [5.532, 4.701, 4.615, 5.108, 5.862, 5.544, 4.867, 3.83, 3.78, 3.65, 3.33, 2.94, 3.201, 3.411, 3.3, 2.82, 2.54, 3.02, 3.909, 3.99, 3.74, 4.16, 4.38, 4.58, 5.646, 5.628, 5.149, 5.027, 5.225, 5.182, 5.408, 5.564, 5.887, 6.566, 7.287, 8.242, 6.763, 5.387, 5.442, 4.911, 3.531, 3.441, 3.594, 3.781, 3.484, 3.118, 3.237, 3.771, 3.941, 3.831, 3.656, 2.94, 2.18, 1.24, 0, 1.33, 1.75, 1.73, 1.77, 1.53, 1.39, 1.68, 1.77, 1.79, 1.83, 3.48, 4.42, 3.67, 3.37, 3.67, 3.62, 3.35, 3.24, 3.89, 4.13, 4.48, 5.0, 4.69, 4.4, 4.43, 5.29, 5.583, 5.583, 6.094, 6.42, 7.083], [4.438, 3.678, 3.509, 3.944, 4.732, 4.392, 3.746, 2.92, 3.05, 2.86, 2.56, 2.129, 2.38, 2.39, 2.37, 2.25, 1.91, 2.17, 2.9, 3.16, 3.05, 3.39, 3.57, 3.81, 4.631, 4.578, 4.048, 3.953, 4.13, 4.118, 4.382, 4.572, 4.884, 5.479, 6.172, 7.159, 5.7, 4.409, 4.436, 3.876, 2.73, 2.516, 2.728, 2.88, 2.52, 2.17, 2.295, 2.717, 2.932, 2.99, 2.82, 2.45, 2.13, 2.01, 1.33, 0, 0.88, 1.56, 1.6, 1.62, 1.6, 1.83, 1.82, 1.72, 1.5, 2.81, 3.55, 2.8, 2.4, 2.66, 2.77, 2.36, 2.39, 3.1, 3.16, 3.55, 3.97, 3.7, 3.55, 3.6, 4.34, 4.55, 4.522, 5.036, 5.342, 6.008], [4.298, 3.57, 3.449, 3.844, 4.592, 4.355, 3.566, 2.876, 3.072, 2.925, 2.602, 2.23, 2.5, 2.35, 2.401, 2.37, 2.11, 2.35, 2.92, 3.04, 2.89, 3.31, 3.449, 3.712, 4.508, 4.478, 4.002, 3.925, 4.055, 4.032, 4.255, 4.481, 4.786, 5.342, 6.105, 7.011, 5.609, 4.329, 4.336, 3.876, 2.75, 2.62, 2.72, 2.948, 2.7, 2.41, 2.437, 2.797, 3.052, 3.09, 2.92, 2.61, 2.45, 2.35, 1.75, 0.88, 0, 1.28, 1.5, 1.46, 1.4, 1.63, 1.58, 1.72, 1.66, 2.73, 3.45, 2.68, 2.3, 2.52, 2.61, 2.08, 2.13, 2.84, 3.02, 3.33, 3.77, 3.5, 3.21, 3.26, 4.16, 4.385, 4.342, 4.876, 5.162, 5.837], [4.605, 3.834, 3.826, 4.181, 5.009, 4.752, 3.923, 3.1, 3.13, 2.98, 2.6, 2.37, 2.74, 3.05, 2.91, 2.59, 2.65, 2.61, 3.14, 3.26, 3.25, 3.55, 3.63, 3.95, 4.828, 4.778, 4.302, 4.185, 4.39, 4.332, 4.575, 4.746, 5.043, 5.65, 6.348, 7.347, 5.927, 4.537, 4.558, 4.101, 3.11, 3.06, 3.04, 3.345, 2.98, 2.63, 2.78, 3.099, 3.331, 3.33, 3.06, 2.81, 2.25, 2.07, 1.73, 1.56, 1.28, 0, 0.84, 1.18, 1.06, 0.99, 1.22, 1.68, 1.86, 2.65, 3.65, 2.8, 2.4, 2.72, 2.69, 2.26, 2.13, 2.8, 3.06, 3.47, 4.007, 3.646, 3.35, 3.42, 4.306, 4.619, 4.613, 5.099, 5.47, 6.171], [4.685, 3.894, 3.808, 4.301, 5.032, 4.723, 4.055, 3.2, 3.25, 3.12, 2.88, 2.51, 2.76, 3.15, 3.13, 2.89, 2.81, 2.79, 3.24, 3.5, 3.55, 3.71, 3.85, 4.09, 4.908, 4.878, 4.439, 4.245, 4.509, 4.452, 4.672, 4.823, 5.123, 5.787, 6.514, 7.451, 5.994, 4.706, 4.733, 4.193, 3.19, 3.1, 3.1, 3.3, 2.9, 2.61, 2.62, 3.019, 3.251, 3.19, 3.04, 2.81, 2.29, 2.07, 1.77, 1.6, 1.5, 0.84, 0, 1.06, 1.04, 1.19, 1.36, 1.82, 1.9, 2.79, 3.83, 2.96, 2.52, 2.84, 2.81, 2.44, 2.27, 2.84, 3.14, 3.61, 4.107, 3.772, 3.55, 3.66, 4.46, 4.756, 4.733, 5.213, 5.59, 6.294], [5.508, 4.716, 4.619, 5.103, 5.843, 5.546, 4.846, 3.96, 3.93, 3.78, 3.44, 2.99, 3.291, 3.59, 3.51, 3.13, 2.77, 3.17, 4.0, 4.14, 4.01, 4.37, 4.51, 4.79, 5.713, 5.678, 5.237, 5.077, 5.275, 5.232, 5.472, 5.631, 5.928, 6.582, 7.285, 8.284, 6.816, 5.454, 5.478, 4.958, 3.701, 3.511, 3.705, 3.965, 3.625, 3.289, 3.419, 3.939, 4.131, 4.101, 3.9, 3.29, 2.49, 1.75, 1.53, 1.62, 1.46, 1.18, 1.06, 0, 0.7, 1.05, 1.26, 1.56, 1.86, 3.49, 4.428, 3.62, 3.312, 3.612, 3.588, 3.02, 2.942, 3.52, 3.972, 4.382, 4.938, 4.623, 4.387, 4.4, 5.266, 5.571, 5.588, 6.085, 6.411, 7.1], [5.364, 4.622, 4.502, 4.989, 5.731, 5.469, 4.746, 3.98, 3.909, 3.736, 3.416, 3.004, 3.291, 3.521, 3.45, 3.03, 2.73, 3.01, 4.0, 4.06, 3.95, 4.35, 4.546, 4.824, 5.708, 5.618, 5.182, 5.005, 5.255, 5.212, 5.435, 5.588, 5.868, 6.479, 7.228, 8.167, 6.761, 5.4, 5.412, 4.924, 3.681, 3.551, 3.705, 3.885, 3.585, 3.209, 3.299, 3.859, 4.071, 3.981, 3.805, 3.15, 2.33, 1.63, 1.39, 1.6, 1.4, 1.06, 1.04, 0.7, 0, 0.89, 1.22, 1.5, 1.76, 3.35, 4.31, 3.58, 3.2, 3.517, 3.457, 3.02, 2.87, 3.4, 3.872, 4.287, 4.818, 4.503, 4.208, 4.243, 5.135, 5.423, 5.437, 5.934, 6.308, 7.008], [5.331, 4.586, 4.44, 4.907, 5.647, 5.385, 4.65, 3.83, 3.731, 3.581, 3.326, 2.92, 3.25, 3.5, 3.36, 2.98, 2.74, 2.9, 3.847, 3.89, 3.64, 4.113, 4.336, 4.614, 5.521, 5.471, 5.035, 4.838, 5.108, 5.045, 5.265, 5.444, 5.741, 6.374, 7.098, 8.07, 6.617, 5.276, 5.3, 4.747, 3.635, 3.579, 3.558, 3.858, 3.478, 3.162, 3.252, 3.764, 3.969, 3.893, 3.698, 3.2, 2.24, 1.78, 1.68, 1.83, 1.63, 0.99, 1.19, 1.05, 0.89, 0, 0.81, 1.11, 1.69, 3.209, 4.18, 3.424, 3.107, 3.387, 3.329, 2.818, 2.734, 3.29, 3.77, 4.217, 4.797, 4.43, 4.16, 4.19, 5.067, 5.341, 5.341, 5.855, 6.22, 6.918], [5.401, 4.656, 4.451, 4.866, 5.635, 5.415, 4.62, 3.597, 3.559, 3.409, 3.083, 2.787, 3.194, 3.41, 3.33, 2.93, 2.71, 2.93, 3.737, 3.805, 3.59, 3.963, 4.026, 4.261, 5.381, 5.347, 4.831, 4.754, 4.938, 4.906, 5.175, 5.357, 5.671, 6.333, 7.054, 8.037, 6.564, 5.197, 5.247, 4.727, 3.543, 3.474, 3.608, 3.888, 3.528, 3.272, 3.322, 3.802, 4.053, 4.003, 3.808, 3.29, 2.35, 1.67, 1.77, 1.82, 1.58, 1.22, 1.36, 1.26, 1.22, 0.81, 0, 0.86, 1.44, 3.17, 4.15, 3.38, 3.077, 3.36, 3.29, 2.8, 2.73, 3.28, 3.74, 4.19, 4.727, 4.4, 4.13, 4.16, 5.08, 5.305, 5.302, 5.816, 6.176, 6.873], [5.565, 4.835, 4.628, 5.063, 5.849, 5.6, 4.82, 3.748, 3.627, 3.497, 3.174, 2.924, 3.28, 3.441, 3.244, 2.83, 2.61, 2.95, 3.864, 3.838, 3.53, 3.997, 4.208, 4.391, 5.556, 5.518, 4.965, 4.911, 5.069, 5.077, 5.349, 5.54, 5.857, 6.527, 7.242, 8.2, 6.732, 5.36, 5.409, 4.872, 3.701, 3.491, 3.705, 4.025, 3.645, 3.349, 3.399, 3.939, 4.191, 4.181, 4.025, 3.49, 2.59, 1.55, 1.79, 1.72, 1.72, 1.68, 1.82, 1.56, 1.5, 1.11, 0.86, 0, 1.2, 3.342, 4.301, 3.554, 3.257, 3.537, 3.456, 3.0, 2.95, 3.52, 3.96, 4.41, 4.93, 4.58, 4.37, 4.48, 5.24, 5.476, 5.473, 6.004, 6.376, 7.068], [4.835, 4.11, 3.771, 4.203, 4.977, 4.732, 4.017, 2.971, 2.97, 2.885, 2.56, 2.104, 2.46, 2.89, 2.81, 2.49, 2.15, 2.39, 3.12, 3.36, 3.31, 3.53, 3.643, 3.778, 4.724, 4.687, 4.131, 4.114, 4.258, 4.309, 4.575, 4.714, 4.994, 5.696, 6.394, 7.34, 5.898, 4.577, 4.612, 4.124, 3.09, 2.88, 3.12, 3.24, 2.905, 2.63, 2.519, 3.079, 3.311, 3.341, 3.3, 2.77, 2.03, 2.13, 1.83, 1.5, 1.66, 1.86, 1.9, 1.86, 1.76, 1.69, 1.44, 1.2, 0, 2.51, 3.424, 2.76, 2.48, 2.8, 2.75, 2.48, 2.53, 3.14, 3.48, 3.87, 4.19, 4.0, 3.89, 3.98, 4.7, 4.79, 4.71, 5.222, 5.562, 6.21], [3.44, 2.94, 2.54, 2.41, 3.19, 3.27, 2.22, 1.65, 1.64, 1.61, 1.65, 1.58, 1.75, 2.06, 1.96, 1.8, 1.98, 1.72, 1.69, 2.09, 2.42, 2.3, 2.42, 2.4, 2.67, 2.545, 2.11, 1.93, 2.2, 2.24, 2.48, 2.556, 2.796, 3.377, 3.97, 4.93, 3.623, 2.56, 2.59, 2.51, 2.84, 2.29, 2.33, 2.57, 2.31, 2.24, 1.89, 1.91, 2.07, 2.3, 2.33, 2.56, 2.88, 4.04, 3.48, 2.81, 2.73, 2.65, 2.79, 3.49, 3.35, 3.209, 3.17, 3.342, 2.51, 0, 1.18, 0.89, 1.01, 1.43, 1.58, 1.85, 1.98, 2.35, 2.75, 2.92, 3.1, 3.01, 2.96, 3.03, 3.41, 3.38, 3.3, 3.54, 3.6, 4.049], [3.26, 2.84, 2.44, 2.27, 2.93, 3.07, 2.2, 1.99, 2.02, 2.07, 2.19, 2.2, 2.17, 2.52, 2.5, 2.56, 2.7, 2.36, 2.09, 2.55, 2.98, 2.56, 2.8, 2.66, 2.37, 2.0, 1.77, 1.53, 1.82, 2.02, 2.26, 2.219, 2.373, 2.914, 3.185, 4.039, 2.912, 2.12, 2.15, 2.19, 3.32, 2.77, 2.81, 2.95, 2.67, 2.66, 2.37, 2.33, 2.31, 2.3, 2.45, 2.78, 3.6, 4.98, 4.42, 3.55, 3.45, 3.65, 3.83, 4.428, 4.31, 4.18, 4.15, 4.301, 3.424, 1.18, 0, 1.09, 1.53, 1.35, 1.68, 1.73, 2.04, 2.23, 2.37, 2.58, 2.74, 2.91, 2.82, 2.89, 3.07, 3.02, 3.02, 3.18, 3.3, 3.36], [3.23, 2.73, 2.29, 2.26, 3.071, 3.12, 2.17, 1.88, 1.988, 1.82, 1.86, 1.81, 1.912, 2.29, 2.17, 2.11, 2.236, 2.05, 1.84, 2.32, 2.59, 2.37, 2.622, 2.656, 2.725, 2.554, 2.225, 2.077, 2.208, 2.364, 2.541, 2.629, 2.746, 3.387, 3.829, 4.775, 3.533, 2.488, 2.538, 2.418, 2.99, 2.5, 2.44, 2.62, 2.3, 2.21, 1.8, 1.9, 1.98, 2.19, 2.28, 2.49, 3.01, 4.19, 3.67, 2.8, 2.68, 2.8, 2.96, 3.62, 3.58, 3.424, 3.38, 3.554, 2.76, 0.89, 1.09, 0, 0.7, 1.04, 1.29, 1.46, 1.63, 2.1, 2.28, 2.51, 2.75, 2.74, 2.79, 2.8, 3.2, 3.31, 3.21, 3.45, 3.49, 3.782], [3.11, 2.61, 2.25, 2.291, 3.231, 3.113, 2.108, 1.795, 1.993, 1.895, 1.838, 1.708, 1.903, 2.31, 2.17, 2.09, 2.29, 2.09, 1.897, 2.223, 2.55, 2.388, 2.525, 2.713, 2.879, 2.808, 2.391, 2.271, 2.448, 2.521, 2.621, 2.749, 2.983, 3.628, 4.086, 5.061, 3.733, 2.618, 2.639, 2.278, 2.845, 2.355, 2.255, 2.418, 2.04, 1.97, 1.68, 1.8, 1.88, 2.11, 2.26, 2.51, 2.83, 3.87, 3.37, 2.4, 2.3, 2.4, 2.52, 3.312, 3.2, 3.107, 3.077, 3.257, 2.48, 1.01, 1.53, 0.7, 0, 0.88, 1.17, 1.3, 1.41, 1.96, 2.02, 2.29, 2.53, 2.52, 2.59, 2.66, 3.06, 3.25, 3.09, 3.43, 3.539, 4.014], [2.85, 2.35, 2.09, 2.16, 2.98, 2.98, 2.188, 2.095, 2.419, 2.335, 2.28, 2.19, 2.42, 2.77, 2.65, 2.55, 2.69, 2.53, 2.4, 2.7, 2.95, 2.725, 2.979, 3.116, 2.9, 2.572, 2.389, 2.197, 2.167, 2.696, 2.799, 2.82, 2.963, 3.642, 3.926, 4.752, 3.442, 2.658, 2.614, 2.395, 3.302, 2.889, 2.715, 2.798, 2.44, 2.35, 2.0, 2.12, 2.16, 2.27, 2.3, 2.69, 3.13, 4.19, 3.67, 2.66, 2.52, 2.72, 2.84, 3.612, 3.517, 3.387, 3.36, 3.537, 2.8, 1.43, 1.35, 1.04, 0.88, 0, 0.79, 1.06, 1.37, 1.48, 1.58, 1.79, 2.15, 2.2, 2.17, 2.32, 2.72, 2.79, 2.61, 3.01, 3.21, 3.759], [2.82, 2.52, 2.22, 2.47, 3.267, 3.27, 2.54, 2.43, 2.8, 2.73, 2.67, 2.54, 2.79, 3.18, 3.06, 3.0, 3.1, 2.98, 2.79, 3.09, 3.3, 3.1, 3.34, 3.48, 3.213, 2.923, 2.719, 2.573, 2.623, 3.066, 3.149, 3.176, 3.29, 3.966, 4.07, 4.817, 3.592, 2.843, 2.733, 2.69, 3.732, 3.299, 3.082, 3.025, 2.665, 2.612, 2.245, 2.396, 2.499, 2.509, 2.625, 2.78, 3.22, 4.14, 3.62, 2.77, 2.61, 2.69, 2.81, 3.588, 3.457, 3.329, 3.29, 3.456, 2.75, 1.58, 1.68, 1.29, 1.17, 0.79, 0, 0.99, 1.4, 1.41, 1.41, 1.68, 2.02, 2.01, 2.26, 2.25, 2.57, 2.68, 2.54, 2.94, 3.38, 4.04], [3.13, 2.61, 2.49, 2.691, 3.511, 3.42, 2.53, 2.54, 2.99, 2.96, 2.8, 2.61, 2.82, 3.23, 3.13, 3.17, 3.27, 3.11, 2.92, 3.2, 3.47, 3.27, 3.47, 3.619, 3.5, 3.295, 2.929, 2.697, 2.893, 3.176, 3.339, 3.343, 3.526, 4.136, 4.429, 5.372, 4.193, 3.158, 3.108, 2.9, 3.682, 3.309, 3.072, 3.012, 2.615, 2.542, 2.203, 2.406, 2.426, 2.436, 2.492, 2.43, 2.85, 3.85, 3.35, 2.36, 2.08, 2.26, 2.44, 3.02, 3.02, 2.818, 2.8, 3.0, 2.48, 1.85, 1.73, 1.46, 1.3, 1.06, 0.99, 0, 0.95, 1.32, 1.52, 1.93, 2.33, 2.26, 2.29, 2.38, 2.92, 2.97, 2.91, 3.39, 3.77, 4.399], [3.111, 2.6, 2.4, 2.621, 3.357, 3.39, 2.855, 2.87, 3.163, 2.985, 2.89, 2.7, 3.03, 3.42, 3.28, 3.22, 3.36, 3.16, 3.11, 3.41, 3.64, 3.555, 3.675, 3.903, 4.001, 3.551, 3.292, 3.047, 3.228, 3.551, 3.765, 3.496, 3.613, 4.357, 4.793, 5.514, 4.578, 3.799, 3.721, 3.399, 3.792, 3.376, 3.262, 3.205, 2.865, 2.712, 2.505, 2.653, 2.693, 2.406, 2.425, 2.535, 2.94, 3.76, 3.24, 2.39, 2.13, 2.13, 2.27, 2.942, 2.87, 2.734, 2.73, 2.95, 2.53, 1.98, 2.04, 1.63, 1.41, 1.37, 1.4, 0.95, 0, 0.95, 1.49, 1.9, 2.32, 2.13, 2.24, 2.29, 2.91, 3.0, 2.94, 3.369, 3.666, 4.318], [2.81, 2.69, 2.61, 2.603, 3.217, 3.589, 3.179, 3.292, 3.547, 3.48, 3.48, 3.43, 3.74, 4.03, 3.91, 3.75, 3.89, 3.71, 3.68, 4.04, 4.21, 3.985, 4.216, 4.356, 4.08, 3.567, 3.446, 3.237, 3.293, 3.856, 4.019, 3.806, 3.703, 4.339, 4.482, 5.303, 4.548, 3.844, 3.757, 3.569, 4.582, 4.109, 3.992, 3.975, 3.575, 3.482, 3.135, 3.206, 3.186, 2.919, 3.015, 3.19, 3.65, 4.37, 3.89, 3.1, 2.84, 2.8, 2.84, 3.52, 3.4, 3.29, 3.28, 3.52, 3.14, 2.35, 2.23, 2.1, 1.96, 1.48, 1.41, 1.32, 0.95, 0, 1.34, 1.59, 1.87, 1.78, 1.81, 1.86, 2.54, 2.59, 2.53, 2.919, 3.25, 3.879], [2.41, 2.23, 2.29, 2.377, 3.017, 3.18, 2.927, 3.135, 3.605, 3.595, 3.557, 3.507, 3.74, 3.95, 3.867, 3.89, 4.05, 3.907, 3.677, 3.86, 4.13, 3.905, 4.107, 4.245, 3.903, 3.353, 3.349, 3.052, 3.102, 3.776, 3.882, 3.786, 3.686, 4.004, 3.843, 4.577, 3.848, 3.393, 3.243, 3.283, 4.342, 4.043, 3.692, 3.512, 3.232, 3.142, 3.003, 2.763, 2.783, 2.576, 2.512, 3.062, 3.81, 4.63, 4.13, 3.16, 3.02, 3.06, 3.14, 3.972, 3.872, 3.77, 3.74, 3.96, 3.48, 2.75, 2.37, 2.28, 2.02, 1.58, 1.41, 1.52, 1.49, 1.34, 0, 0.85, 1.23, 1.32, 1.47,