[[0, 0.9, 1.56, 1.95, 1.37, 1.23, 1.77, 2.37, 2.73, 2.83, 2.84, 2.7, 3.44, 3.34, 3.59, 3.43, 3.23, 3.27, 3.47, 3.66, 3.64, 3.13, 2.36, 3.09, 3.8, 3.874, 3.337, 3.27, 4.17, 5.1, 5.482, 5.524, 5.214, 4.564, 3.56, 3.11, 3.4, 4.86, 5.29, 5.63, 6.41, 6.009, 5.982, 5.999, 5.758, 5.29, 4.73, 3.55, 2.4, 2.33, 3.14, 3.71, 4.24, 5.01, 5.19, 5.34, 5.24, 6.008, 7.74, 7.53, 6.44, 5.87, 6.42, 7.08, 7.64, 8.15, 7.12, 4.13, 1.61, 2.13, 1.81, 1.67, 1.62, 1.68, 1.75, 1.86, 2.69, 3.56, 3.62, 3.47, 3.15, 2.86, 3.05, 3.78, 4.19, 4.34], [0.9, 0, 1.14, 1.51, 1.17, 0.99, 1.53, 1.99, 2.39, 2.47, 2.54, 2.72, 3.26, 2.98, 3.15, 3.07, 2.87, 2.83, 3.03, 3.28, 3.22, 2.71, 2.06, 2.75, 3.36, 3.44, 2.94, 2.89, 3.716, 4.646, 5.048, 5.127, 4.817, 4.213, 3.18, 2.65, 3.12, 4.88, 5.29, 5.97, 6.71, 6.429, 6.402, 6.419, 6.178, 5.71, 5.15, 3.93, 2.84, 2.81, 3.58, 4.21, 4.62, 5.39, 5.61, 5.76, 5.68, 6.428, 8.16, 7.93, 6.82, 6.29, 6.86, 7.5, 7.96, 8.49, 7.5, 4.57, 1.67, 1.81, 1.55, 1.63, 1.64, 1.74, 1.91, 1.72, 2.41, 3.14, 3.28, 3.13, 2.79, 2.86, 3.05, 3.8, 4.15, 4.1], [1.56, 1.14, 0, 1.07, 1.55, 1.31, 1.43, 1.77, 2.15, 2.35, 2.8, 3.06, 3.44, 2.84, 2.91, 2.73, 2.61, 2.55, 2.71, 3.0, 2.82, 2.29, 1.56, 1.99, 2.64, 2.68, 2.16, 2.03, 2.896, 3.826, 4.219, 4.321, 3.991, 3.347, 2.42, 2.23, 3.14, 5.1, 5.73, 6.689, 7.426, 7.169, 7.142, 7.159, 6.93, 6.45, 5.93, 4.69, 3.54, 3.51, 4.32, 4.93, 5.4, 6.17, 6.41, 6.52, 6.44, 7.168, 8.9, 8.67, 7.54, 7.03, 7.6, 8.22, 8.76, 9.27, 8.24, 5.33, 2.17, 1.79, 1.87, 2.07, 2.14, 2.2, 2.27, 2.1, 2.11, 2.8, 2.94, 2.83, 2.57, 3.18, 3.35, 4.22, 4.57, 4.18], [1.95, 1.51, 1.07, 0, 1.36, 1.28, 1.08, 1.18, 1.66, 2.02, 2.59, 2.81, 3.11, 2.37, 2.1, 1.88, 1.76, 1.6, 1.8, 2.03, 1.89, 1.44, 0.97, 1.76, 2.544, 2.624, 2.107, 2.0, 2.92, 3.87, 4.248, 4.3, 3.97, 3.36, 2.37, 1.9, 2.77, 4.83, 5.68, 6.659, 7.396, 7.139, 7.112, 7.129, 6.9, 6.42, 5.92, 4.64, 3.49, 3.42, 4.29, 4.88, 5.33, 6.14, 6.4, 6.49, 6.37, 7.138, 8.87, 8.66, 7.55, 6.988, 7.55, 8.19, 8.75, 9.2, 8.19, 5.34, 1.86, 1.48, 1.54, 1.8, 1.89, 1.87, 2.04, 1.77, 1.38, 1.95, 2.13, 1.98, 1.96, 2.89, 3.08, 3.97, 4.28, 3.89], [1.37, 1.17, 1.55, 1.36, 0, 0.98, 1.26, 1.28, 1.56, 1.72, 1.83, 1.95, 2.21, 2.05, 2.36, 2.58, 2.4, 2.46, 2.72, 2.81, 2.81, 2.32, 2.11, 2.932, 3.759, 3.839, 3.282, 3.194, 4.069, 5.011, 5.439, 5.44, 5.138, 4.474, 3.428, 2.889, 2.71, 3.97, 4.62, 5.439, 6.176, 5.919, 5.892, 5.929, 5.68, 5.2, 4.7, 3.6, 2.45, 2.42, 3.13, 3.82, 4.31, 5.02, 5.36, 5.37, 5.27, 5.95, 7.65, 7.5, 6.41, 5.8, 6.39, 7.05, 7.69, 8.2, 7.13, 4.42, 1.28, 1.78, 1.34, 1.52, 1.49, 1.35, 1.3, 1.15, 1.56, 2.43, 2.47, 2.28, 1.86, 1.93, 2.1, 2.89, 3.24, 3.11], [1.23, 0.99, 1.31, 1.28, 0.98, 0, 0.8, 1.52, 2.12, 2.32, 2.49, 2.45, 2.87, 2.69, 2.8, 2.76, 2.36, 2.44, 2.62, 2.89, 2.83, 2.22, 1.79, 2.4, 3.202, 3.282, 2.724, 2.72, 3.62, 4.57, 4.908, 4.891, 4.596, 3.917, 2.85, 2.36, 2.79, 4.57, 5.2, 6.039, 6.776, 6.519, 6.492, 6.53, 6.28, 5.84, 5.26, 3.98, 2.91, 2.8, 3.69, 4.32, 4.79, 5.54, 5.8, 5.93, 5.85, 6.538, 8.29, 8.14, 7.05, 6.38, 7.03, 7.67, 8.25, 8.76, 7.67, 4.8, 1.4, 1.42, 1.24, 1.42, 1.47, 1.47, 1.56, 1.49, 1.92, 2.73, 2.87, 2.7, 2.38, 2.47, 2.68, 3.45, 3.82, 3.81], [1.77, 1.53, 1.43, 1.08, 1.26, 0.8, 0, 1.28, 1.92, 2.08, 2.33, 2.63, 2.83, 2.41, 2.34, 2.2, 1.82, 1.8, 2.02, 2.31, 2.23, 1.64, 1.45, 1.894, 2.71, 2.79, 2.25, 2.26, 3.18, 4.13, 4.43, 4.423, 4.116, 3.483, 2.39, 1.88, 2.41, 4.53, 5.46, 6.479, 7.216, 6.959, 6.944, 6.97, 6.72, 6.28, 5.76, 4.48, 3.39, 3.26, 4.17, 4.8, 5.27, 6.04, 6.3, 6.35, 6.23, 6.99, 8.73, 8.58, 7.49, 6.82, 7.45, 8.11, 8.65, 9.12, 8.11, 5.3, 1.56, 1.08, 1.28, 1.48, 1.51, 1.55, 1.72, 1.65, 1.48, 2.31, 2.47, 2.26, 1.98, 2.57, 2.8, 3.73, 4.08, 3.67], [2.37, 1.99, 1.77, 1.18, 1.28, 1.52, 1.28, 0, 1.2, 1.62, 1.93, 2.21, 2.05, 1.55, 1.7, 1.72, 1.74, 1.66, 1.96, 2.07, 1.93, 1.54, 1.67, 2.36, 2.967, 3.05, 2.55, 2.423, 3.323, 4.273, 4.646, 4.686, 4.418, 3.79, 2.69, 2.12, 2.33, 4.01, 5.08, 6.14, 6.842, 6.608, 6.613, 6.616, 6.509, 5.977, 5.549, 4.34, 3.17, 3.18, 3.97, 4.58, 5.07, 5.84, 6.12, 6.07, 6.07, 6.63, 8.467, 8.26, 7.15, 6.56, 7.07, 7.77, 8.41, 8.94, 7.75, 5.22, 1.68, 1.64, 1.52, 1.74, 1.71, 1.61, 1.66, 1.39, 1.08, 1.75, 1.89, 1.64, 1.38, 1.99, 2.06, 3.15, 3.36, 2.79], [2.73, 2.39, 2.15, 1.66, 1.56, 2.12, 1.92, 1.2, 0, 0.96, 1.47, 1.69, 1.65, 1.11, 1.86, 2.26, 2.04, 2.22, 2.5, 2.57, 2.39, 2.02, 2.15, 3.0, 3.59, 3.67, 3.15, 3.02, 3.88, 4.81, 5.223, 5.262, 4.94, 4.29, 3.31, 2.74, 2.17, 3.55, 4.494, 5.54, 6.251, 6.057, 6.068, 6.036, 5.837, 5.346, 4.894, 3.92, 2.91, 2.76, 3.49, 4.156, 4.571, 5.293, 5.53, 5.43, 5.53, 6.146, 7.816, 7.57, 6.545, 6.015, 6.591, 7.188, 7.805, 8.338, 7.291, 4.92, 1.86, 1.94, 2.04, 2.34, 2.15, 1.99, 1.74, 1.53, 1.18, 1.75, 1.85, 1.64, 1.22, 1.65, 1.74, 2.57, 2.86, 2.33], [2.83, 2.47, 2.35, 2.02, 1.72, 2.32, 2.08, 1.62, 0.96, 0, 0.89, 1.25, 1.51, 1.53, 2.34, 2.74, 2.52, 2.66, 2.92, 2.99, 2.75, 2.34, 2.47, 3.3, 4.004, 4.104, 3.51, 3.414, 4.295, 5.222, 5.666, 5.731, 5.42, 4.77, 3.73, 3.14, 2.07, 3.07, 4.051, 5.117, 5.828, 5.654, 5.613, 5.593, 5.414, 4.923, 4.52, 3.86, 2.85, 2.62, 3.25, 3.8, 4.05, 4.8, 5.22, 5.17, 4.97, 5.81, 7.393, 7.129, 6.042, 5.503, 6.01, 6.69, 7.2, 7.63, 6.77, 4.72, 1.9, 2.14, 2.18, 2.32, 2.17, 2.01, 1.82, 1.55, 1.48, 2.17, 2.37, 2.14, 1.32, 1.33, 1.46, 2.29, 2.6, 2.05], [2.84, 2.54, 2.8, 2.59, 1.83, 2.49, 2.33, 1.93, 1.47, 0.89, 0, 1.06, 1.26, 1.78, 2.71, 3.07, 2.95, 3.03, 3.27, 3.4, 3.1, 2.74, 2.92, 3.71, 4.4, 4.48, 3.88, 3.736, 4.615, 5.565, 6.028, 6.127, 5.817, 5.21, 4.227, 3.617, 2.12, 2.82, 3.77, 4.85, 5.57, 5.39, 5.34, 5.32, 5.13, 4.63, 4.23, 3.57, 2.66, 2.39, 3.0, 3.63, 3.8, 4.57, 5.03, 4.78, 4.8, 5.58, 7.1, 6.81, 5.72, 5.23, 5.7, 6.38, 6.74, 7.31, 6.54, 4.45, 1.93, 2.51, 2.27, 2.35, 2.08, 1.96, 1.83, 1.56, 1.95, 2.64, 2.86, 2.65, 1.89, 1.3, 1.25, 2.08, 2.31, 1.8], [2.7, 2.72, 3.06, 2.81, 1.95, 2.45, 2.63, 2.21, 1.69, 1.25, 1.06, 0, 1.26, 2.04, 3.11, 3.57, 3.45, 3.63, 3.89, 3.96, 3.74, 3.31, 3.4, 4.31, 4.994, 5.094, 4.457, 4.31, 5.219, 6.129, 6.529, 6.578, 6.302, 5.632, 4.652, 4.182, 2.6, 2.48, 3.27, 4.25, 4.949, 4.715, 4.72, 4.714, 4.53, 4.05, 3.63, 2.91, 2.22, 1.99, 2.28, 3.01, 3.4, 4.17, 4.45, 4.32, 4.4, 4.86, 6.5, 6.35, 5.3, 4.89, 5.2, 5.92, 6.68, 7.15, 6.14, 4.03, 2.05, 3.03, 2.61, 2.35, 2.16, 1.94, 1.69, 1.64, 2.27, 3.02, 3.2, 2.99, 2.19, 1.24, 1.19, 1.52, 1.77, 1.8], [3.44, 3.26, 3.44, 3.11, 2.21, 2.87, 2.83, 2.05, 1.65, 1.51, 1.26, 1.26, 0, 1.44, 2.69, 3.17, 3.11, 3.29, 3.55, 3.66, 3.44, 3.15, 3.52, 4.09, 4.68, 4.76, 4.16, 3.97, 4.882, 5.766, 6.146, 6.152, 5.924, 5.28, 4.18, 3.81, 2.46, 2.9, 3.59, 4.67, 5.352, 5.27, 5.36, 5.42, 5.11, 4.71, 4.25, 3.75, 3.0, 2.77, 3.2, 4.07, 4.48, 5.13, 5.55, 5.28, 5.42, 5.58, 7.2, 7.29, 6.34, 5.71, 6.28, 7.0, 7.7, 8.23, 7.2, 5.11, 2.69, 2.95, 2.77, 2.95, 2.7, 2.48, 2.29, 1.92, 2.01, 2.54, 2.836, 2.522, 1.75, 1.22, 1.21, 1.84, 1.87, 1.36], [3.34, 2.98, 2.84, 2.37, 2.05, 2.69, 2.41, 1.55, 1.11, 1.53, 1.78, 2.04, 1.44, 0, 1.27, 1.79, 1.85, 2.03, 2.27, 2.38, 2.2, 2.09, 2.68, 3.25, 3.68, 3.6, 3.14, 2.95, 3.69, 4.48, 4.826, 4.829, 4.65, 4.04, 3.22, 2.65, 2.06, 3.5, 4.909, 5.998, 6.695, 6.49, 6.5, 6.5, 6.35, 5.83, 5.41, 4.35, 3.3, 3.35, 3.92, 4.69, 5.18, 5.87, 6.23, 5.96, 6.12, 6.42, 8.3, 8.19, 7.16, 6.55, 6.98, 7.76, 8.5, 8.99, 7.86, 5.49, 2.53, 2.29, 2.53, 2.73, 2.54, 2.36, 2.23, 1.88, 1.45, 1.6, 1.7, 1.51, 1.15, 1.74, 1.79, 2.72, 2.91, 2.04], [3.59, 3.15, 2.91, 2.1, 2.36, 2.8, 2.34, 1.7, 1.86, 2.34, 2.71, 3.11, 2.69, 1.27, 0, 0.72, 1.0, 1.16, 1.26, 1.27, 1.11, 1.58, 2.31, 2.86, 3.17, 3.09, 2.65, 2.52, 2.94, 3.43, 3.77, 3.628, 3.42, 2.89, 2.55, 2.32, 2.27, 4.45, 6.099, 7.188, 7.885, 7.656, 7.67, 7.67, 7.54, 7.0, 6.58, 5.38, 4.25, 4.22, 4.97, 5.62, 6.11, 6.88, 7.2, 7.03, 7.01, 7.61, 9.49, 9.3, 8.21, 7.6, 7.95, 8.73, 9.45, 9.88, 8.83, 6.2, 2.9, 2.44, 2.6, 2.84, 2.69, 2.59, 2.66, 2.35, 1.5, 1.37, 1.21, 1.0, 1.5, 2.77, 2.82, 3.87, 4.1, 3.21], [3.43, 3.07, 2.73, 1.88, 2.58, 2.76, 2.2, 1.72, 2.26, 2.74, 3.07, 3.57, 3.17, 1.79, 0.72, 0, 0.82, 0.96, 1.02, 1.01, 0.89, 1.38, 1.93, 2.42, 2.75, 2.67, 2.19, 2.04, 2.56, 3.09, 3.45, 3.2, 2.98, 2.59, 2.13, 1.96, 2.29, 4.93, 6.554, 7.637, 8.325, 8.102, 8.13, 8.13, 8.02, 7.48, 7.06, 5.82, 4.65, 4.58, 5.45, 6.04, 6.51, 7.28, 7.6, 7.43, 7.43, 8.07, 9.97, 9.78, 8.69, 8.04, 8.39, 9.21, 9.81, 10.26, 9.19, 6.58, 2.96, 2.36, 2.52, 2.72, 2.55, 2.67, 2.84, 2.61, 1.78, 1.59, 1.43, 1.3, 1.88, 3.21, 3.3, 4.39, 4.52, 3.63], [3.23, 2.87, 2.61, 1.76, 2.4, 2.36, 1.82, 1.74, 2.04, 2.52, 2.95, 3.45, 3.11, 1.85, 1.0, 0.82, 0, 0.8, 0.76, 0.93, 0.87, 1.12, 1.79, 2.16, 2.45, 2.43, 2.03, 1.88, 2.44, 3.07, 3.49, 3.288, 3.02, 2.61, 2.05, 1.72, 1.79, 4.73, 6.462, 7.548, 8.259, 8.025, 8.024, 8.03, 7.84, 7.34, 6.9, 5.62, 4.47, 4.38, 5.27, 5.88, 6.35, 7.12, 7.38, 7.31, 7.21, 8.004, 9.81, 9.56, 8.47, 7.94, 8.41, 9.07, 9.59, 10.06, 9.11, 6.36, 2.58, 1.82, 2.12, 2.48, 2.33, 2.33, 2.58, 2.37, 1.68, 1.59, 1.37, 1.32, 1.82, 3.03, 3.16, 4.31, 4.54, 3.69], [3.27, 2.83, 2.55, 1.6, 2.46, 2.44, 1.8, 1.66, 2.22, 2.66, 3.03, 3.63, 3.29, 2.03, 1.16, 0.96, 0.8, 0, 0.46, 0.75, 0.95, 1.06, 1.65, 1.82, 2.23, 2.15, 1.81, 1.76, 2.34, 2.99, 3.27, 3.44, 3.2, 2.63, 1.91, 1.5, 1.65, 4.83, 6.65, 7.705, 8.416, 8.17, 8.164, 8.184, 7.96, 7.46, 7.02, 5.74, 4.59, 4.5, 5.39, 5.98, 6.43, 7.24, 7.5, 7.51, 7.37, 8.204, 9.93, 9.68, 8.55, 8.054, 8.586, 9.23, 9.65, 10.16, 9.21, 6.38, 2.38, 1.76, 2.0, 2.22, 2.19, 2.27, 2.54, 2.37, 1.68, 1.67, 1.43, 1.38, 1.88, 3.17, 3.32, 4.47, 4.74, 3.85], [3.47, 3.03, 2.71, 1.8, 2.72, 2.62, 2.02, 1.96, 2.5, 2.92, 3.27, 3.89, 3.55, 2.27, 1.26, 1.02, 0.76, 0.46, 0, 0.59, 0.79, 1.06, 1.57, 1.7, 2.03, 1.99, 1.69, 1.6, 2.1, 2.75, 3.13, 3.237, 2.98, 2.47, 1.91, 1.58, 1.81, 5.11, 6.91, 7.965, 8.682, 8.436, 8.424, 8.444, 8.24, 7.74, 7.3, 6.02, 4.87, 4.78, 5.67, 6.26, 6.71, 7.52, 7.78, 7.77, 7.63, 8.464, 10.21, 9.94, 8.79, 8.334, 8.838, 9.49, 9.87, 10.4, 9.47, 6.64, 2.6, 1.9, 2.18, 2.46, 2.41, 2.55, 2.8, 2.63, 1.94, 1.67, 1.51, 1.5, 2.16, 3.43, 3.56, 4.73, 5.0, 4.13], [3.66, 3.28, 3.0, 2.03, 2.81, 2.89, 2.31, 2.07, 2.57, 2.99, 3.4, 3.96, 3.66, 2.38, 1.27, 1.01, 0.93, 0.75, 0.59, 0, 0.7, 1.33, 1.92, 2.03, 2.34, 2.34, 2.02, 1.97, 2.33, 2.9, 3.22, 3.1, 2.81, 2.38, 2.2, 1.87, 2.14, 5.22, 6.992, 8.038, 8.766, 8.515, 8.514, 8.514, 8.33, 7.83, 7.39, 6.17, 4.98, 4.87, 5.76, 6.35, 6.8, 7.61, 7.87, 7.84, 7.7, 8.534, 10.3, 10.03, 8.92, 8.424, 8.92, 9.56, 10.02, 10.53, 9.54, 6.83, 2.77, 2.27, 2.49, 2.73, 2.72, 2.84, 2.99, 2.8, 2.03, 1.68, 1.52, 1.59, 2.29, 3.56, 3.71, 4.86, 5.13, 4.28], [3.64, 3.22, 2.82, 1.89, 2.81, 2.83, 2.23, 1.93, 2.39, 2.75, 3.1, 3.74, 3.44, 2.2, 1.11, 0.89, 0.87, 0.95, 0.79, 0.7, 0, 1.05, 1.68, 2.15, 2.5, 2.46, 2.06, 1.95, 2.47, 3.02, 3.48, 3.275, 2.99, 2.54, 2.26, 1.99, 2.08, 5.0, 6.752, 7.798, 8.526, 8.275, 8.274, 8.274, 8.09, 7.59, 7.15, 5.87, 4.72, 4.63, 5.52, 6.11, 6.56, 7.37, 7.63, 7.6, 7.46, 8.294, 10.06, 9.77, 8.62, 8.184, 8.668, 9.32, 9.64, 10.19, 9.282, 6.49, 2.73, 2.13, 2.39, 2.59, 2.48, 2.56, 2.73, 2.54, 1.79, 1.52, 1.5, 1.47, 2.19, 3.36, 3.55, 4.7, 4.97, 4.14], [3.13, 2.71, 2.29, 1.44, 2.32, 2.22, 1.64, 1.54, 2.02, 2.34, 2.74, 3.31, 3.15, 2.09, 1.58, 1.38, 1.12, 1.06, 1.06, 1.33, 1.05, 0, 1.09, 1.6, 2.35, 2.25, 1.87, 1.78, 2.42, 3.23, 3.59, 3.69, 3.42, 2.81, 2.09, 1.76, 1.97, 4.59, 6.302, 7.348, 8.082, 7.828, 7.801, 7.818, 7.594, 7.109, 6.612, 5.332, 4.202, 4.097, 4.984, 5.572, 6.048, 6.852, 7.1, 7.191, 7.063, 7.826, 9.562, 9.343, 8.202, 7.677, 8.195, 8.902, 9.34, 9.83, 8.888, 5.975, 2.3, 1.74, 1.98, 2.24, 2.09, 2.15, 2.24, 2.23, 1.46, 1.37, 1.51, 1.5, 1.9, 3.01, 3.24, 4.41, 4.7, 3.89], [2.36, 2.06, 1.56, 0.97, 2.11, 1.79, 1.45, 1.67, 2.15, 2.47, 2.92, 3.4, 3.52, 2.68, 2.31, 1.93, 1.79, 1.65, 1.57, 1.92, 1.68, 1.09, 0, 1.23, 2.04, 2.08, 1.58, 1.51, 2.41, 3.34, 3.784, 3.907, 3.63, 3.02, 2.18, 1.93, 2.7, 5.24, 6.312, 7.338, 8.072, 7.818, 7.791, 7.808, 7.567, 7.084, 6.542, 5.279, 4.146, 4.096, 4.946, 5.519, 6.009, 6.779, 6.987, 7.111, 7.068, 7.816, 9.537, 9.298, 8.188, 7.687, 8.205, 8.853, 9.23, 9.82, 8.848, 5.837, 2.29, 1.39, 1.71, 1.85, 1.9, 2.2, 2.29, 2.22, 1.65, 1.98, 2.06, 2.01, 2.23, 3.32, 3.49, 4.52, 4.81, 4.22], [3.09, 2.75, 1.99, 1.76, 2.932, 2.4, 1.894, 2.36, 3.0, 3.3, 3.71, 4.31, 4.09, 3.25, 2.86, 2.42, 2.16, 1.82, 1.7, 2.03, 2.15, 1.6, 1.23, 0, 1.01, 1.01, 0.89, 1.08, 1.64, 2.59, 2.85, 3.15, 2.9, 2.19, 1.57, 1.42, 2.77, 5.93, 7.279, 8.325, 9.045, 8.793, 8.781, 8.801, 8.58, 8.103, 7.597, 6.329, 5.179, 5.089, 5.979, 6.569, 7.039, 7.829, 8.097, 8.164, 8.024, 8.815, 10.556, 10.34, 9.199, 8.674, 9.192, 9.899, 10.288, 10.812, 9.875, 6.972, 2.96, 1.74, 2.3, 2.52, 2.65, 2.87, 3.16, 3.01, 2.36, 2.39, 2.49, 2.52, 2.82, 3.97, 4.16, 5.27, 5.56, 4.77], [3.8, 3.36, 2.64, 2.544, 3.759, 3.202, 2.71, 2.967, 3.59, 4.004, 4.4, 4.994, 4.68, 3.68, 3.17, 2.75, 2.45, 2.23, 2.03, 2.34, 2.5, 2.35, 2.04, 1.01, 0, 0.66, 0.96, 1.05, 1.25, 1.96, 2.28, 2.56, 2.41, 1.8, 1.46, 1.57, 3.1, 6.64, 7.995, 9.081, 9.78, 9.552, 9.56, 9.563, 9.387, 8.89, 8.444, 7.167, 6.026, 5.936, 6.826, 7.416, 7.866, 8.676, 8.942, 8.872, 8.772, 9.548, 11.363, 11.087, 9.94, 9.47, 9.931, 10.592, 10.96, 11.47, 10.585, 7.81, 3.73, 2.43, 3.05, 3.31, 3.46, 3.68, 3.97, 3.8, 3.15, 2.9, 2.82, 2.97, 3.35, 4.56, 4.65, 5.8, 6.09, 5.22], [3.874, 3.44, 2.68, 2.624, 3.839, 3.282, 2.79, 3.05, 3.67, 4.104, 4.48, 5.094, 4.76, 3.6, 3.09, 2.67, 2.43, 2.15, 1.99, 2.34, 2.46, 2.25, 2.08, 1.01, 0.66, 0, 0.8, 1.01, 1.11, 1.74, 2.06, 2.38, 2.23, 1.68, 1.56, 1.51, 3.06, 6.58, 8.092, 9.161, 9.851, 9.629, 9.64, 9.643, 9.467, 8.97, 8.524, 7.247, 6.106, 6.016, 6.906, 7.496, 7.946, 8.756, 9.022, 8.972, 8.852, 9.648, 11.443, 11.167, 10.02, 9.55, 10.031, 10.692, 11.02, 11.57, 10.665, 7.89, 3.81, 2.49, 3.09, 3.37, 3.52, 3.74, 4.05, 3.88, 3.19, 2.72, 2.78, 2.85, 3.37, 4.68, 4.73, 5.88, 6.15, 5.22], [3.337, 2.94, 2.16, 2.107, 3.282, 2.724, 2.25, 2.55, 3.15, 3.51, 3.88, 4.457, 4.16, 3.14, 2.65, 2.19, 2.03, 1.81, 1.69, 2.02, 2.06, 1.87, 1.58, 0.89, 0.96, 0.8, 0, 0.63, 1.17, 2.06, 2.46, 2.7, 2.51, 1.98, 1.4, 1.29, 2.8, 6.08, 7.501, 8.587, 9.286, 9.058, 9.066, 9.068, 8.893, 8.396, 7.95, 6.673, 5.532, 5.442, 6.332, 6.925, 7.378, 8.182, 8.448, 8.318, 8.278, 9.014, 10.869, 10.597, 9.455, 8.976, 9.38, 10.044, 10.473, 10.974, 10.1, 7.328, 3.29, 1.95, 2.51, 2.79, 2.966, 3.189, 3.496, 3.34, 2.73, 2.66, 2.56, 2.51, 2.89, 4.2, 4.27, 5.32, 5.61, 4.72], [3.27, 2.89, 2.03, 2.0, 3.194, 2.72, 2.26, 2.423, 3.02, 3.414, 3.736, 4.31, 3.97, 2.95, 2.52, 2.04, 1.88, 1.76, 1.6, 1.97, 1.95, 1.78, 1.51, 1.08, 1.05, 1.01, 0.63, 0, 1.04, 1.91, 2.465, 2.67, 2.38, 1.91, 1.37, 1.42, 2.79, 5.95, 7.431, 8.517, 9.216, 8.988, 8.996, 8.998, 8.823, 8.326, 7.88, 6.612, 5.462, 5.377, 6.262, 6.852, 7.302, 8.112, 8.378, 8.227, 8.207, 8.944, 10.799, 10.523, 9.379, 8.906, 9.247, 9.967, 10.388, 10.895, 10.021, 7.249, 3.28, 1.96, 2.46, 2.76, 2.91, 3.13, 3.46, 3.276, 2.557, 2.45, 2.47, 2.38, 2.78, 4.03, 4.16, 5.25, 5.46, 4.61], [4.17, 3.716, 2.896, 2.92, 4.069, 3.62, 3.18, 3.323, 3.88, 4.295, 4.615, 5.219, 4.882, 3.69, 2.94, 2.56, 2.44, 2.34, 2.1, 2.33, 2.47, 2.42, 2.41, 1.64, 1.25, 1.11, 1.17, 1.04, 0, 1.03, 1.55, 1.83, 1.56, 1.17, 1.81, 1.96, 3.41, 6.75, 8.277, 9.365, 10.056, 9.834, 9.85, 9.864, 9.686, 9.192, 8.746, 7.509, 6.362, 6.277, 7.125, 7.721, 8.179, 8.989, 9.255, 9.108, 9.074, 9.805, 11.665, 11.392, 10.254, 9.771, 10.136, 10.842, 11.315, 11.793, 10.919, 8.13, 4.18, 2.94, 3.407, 3.72, 3.81, 4.002, 4.36, 4.176, 3.415, 2.91, 2.71, 3.0, 3.54, 4.884, 5.009, 6.11, 6.297, 5.39], [5.1, 4.646, 3.826, 3.87, 5.011, 4.57, 4.13, 4.273, 4.81, 5.222, 5.565, 6.129, 5.766, 4.48, 3.43, 3.09, 3.07, 2.99, 2.75, 2.9, 3.02, 3.23, 3.34, 2.59, 1.96, 1.74, 2.06, 1.91, 1.03, 0, 0.78, 0.96, 1.05, 1.3, 2.42, 2.83, 4.22, 7.54, 9.209, 10.298, 10.989, 10.767, 10.783, 10.8, 10.619, 10.128, 9.682, 8.462, 7.332, 7.227, 8.058, 8.671, 9.124, 9.928, 10.214, 10.056, 10.021, 10.738, 12.598, 12.331, 11.193, 10.71, 11.055, 11.781, 12.225, 12.72, 11.846, 9.074, 5.15, 3.87, 4.323, 4.63, 4.76, 4.952, 5.33, 5.14, 4.365, 3.734, 3.4, 3.71, 4.47, 5.792, 5.939, 7.04, 7.207, 6.3], [5.482, 5.048, 4.219, 4.248, 5.439, 4.908, 4.43, 4.646, 5.223, 5.666, 6.028, 6.529, 6.146, 4.826, 3.77, 3.45, 3.49, 3.27, 3.13, 3.22, 3.48, 3.59, 3.784, 2.85, 2.28, 2.06, 2.46, 2.465, 1.55, 0.78, 0, 0.8, 1.07, 1.36, 2.54, 2.95, 4.52, 7.96, 9.609, 10.698, 11.389, 11.167, 11.183, 11.2, 11.019, 10.531, 10.088, 8.837, 7.684, 7.597, 8.458, 9.074, 9.562, 10.372, 10.626, 10.48, 10.438, 11.152, 12.998, 12.743, 11.605, 11.149, 11.467, 12.205, 12.748, 13.195, 12.322, 9.504, 5.523, 4.27, 4.901, 5.164, 5.214, 5.376, 5.643, 5.461, 4.762, 4.114, 3.78, 4.09, 4.839, 6.172, 6.319, 7.414, 7.573, 6.64], [5.524, 5.127, 4.321, 4.3, 5.44, 4.891, 4.423, 4.686, 5.262, 5.731, 6.127, 6.578, 6.152, 4.829, 3.628, 3.2, 3.288, 3.44, 3.237, 3.1, 3.275, 3.69, 3.907, 3.15, 2.56, 2.38, 2.7, 2.67, 1.83, 0.96, 0.8, 0, 0.61, 1.2, 2.62, 3.17, 4.76, 7.926, 9.627, 10.715, 11.406, 11.184, 11.211, 11.252, 11.054, 10.571, 10.131, 8.857, 7.701, 7.605, 8.487, 9.12, 9.601, 10.371, 10.646, 10.482, 10.455, 11.175, 13.032, 12.817, 11.73, 11.18, 11.527, 12.25, 12.867, 13.32, 12.361, 9.626, 5.717, 4.403, 5.088, 5.334, 5.341, 5.501, 5.765, 5.575, 4.77, 4.037, 3.8, 4.05, 4.868, 6.187, 6.322, 7.397, 7.59, 6.643], [5.214, 4.817, 3.991, 3.97, 5.138, 4.596, 4.116, 4.418, 4.94, 5.42, 5.817, 6.302, 5.924, 4.65, 3.42, 2.98, 3.02, 3.2, 2.98, 2.81, 2.99, 3.42, 3.63, 2.9, 2.41, 2.23, 2.51, 2.38, 1.56, 1.05, 1.07, 0.61, 0, 1.05, 2.43, 2.9, 4.45, 7.63, 9.334, 10.42, 11.119, 10.891, 10.898, 10.942, 10.737, 10.252, 9.812, 8.535, 7.399, 7.28, 8.174, 8.815, 9.297, 10.067, 10.298, 10.174, 10.145, 10.856, 12.719, 12.495, 11.408, 10.855, 11.245, 11.948, 12.557, 12.99, 12.057, 9.298, 5.447, 4.133, 4.76, 5.024, 5.034, 5.191, 5.467, 5.274, 4.44, 3.747, 3.51, 3.8, 4.56, 5.907, 6.072, 7.167, 7.32, 6.41], [4.564, 4.213, 3.347, 3.36, 4.474, 3.917, 3.483, 3.79, 4.29, 4.77, 5.21, 5.632, 5.28, 4.04, 2.89, 2.59, 2.61, 2.63, 2.47, 2.38, 2.54, 2.81, 3.02, 2.19, 1.8, 1.68, 1.98, 1.91, 1.17, 1.3, 1.36, 1.2, 1.05, 0, 1.56, 2.19, 3.78, 6.96, 8.661, 9.747, 10.446, 10.218, 10.226, 10.252, 10.056, 9.582, 9.122, 7.845, 6.744, 6.59, 7.506, 8.145, 8.67, 9.437, 9.657, 9.544, 9.51, 10.166, 12.049, 11.825, 10.738, 10.174, 10.575, 11.278, 11.947, 12.38, 11.427, 8.654, 4.814, 3.49, 4.208, 4.448, 4.458, 4.593, 4.837, 4.59, 3.77, 3.12, 2.98, 3.31, 4.01, 5.26, 5.47, 6.54, 6.69, 5.84], [3.56, 3.18, 2.42, 2.37, 3.428, 2.85, 2.39, 2.69, 3.31, 3.73, 4.227, 4.652, 4.18, 3.22, 2.55, 2.13, 2.05, 1.91, 1.91, 2.2, 2.26, 2.09, 2.18, 1.57, 1.46, 1.56, 1.4, 1.37, 1.81, 2.42, 2.54, 2.62, 2.43, 1.56, 0, 1.09, 2.8, 5.9, 7.404, 8.49, 9.201, 8.967, 8.983, 9.072, 8.882, 8.425, 7.965, 6.708, 5.578, 5.448, 6.346, 7.031, 7.547, 8.317, 8.594, 8.524, 8.404, 8.955, 10.892, 10.768, 9.698, 9.011, 9.498, 10.238, 10.887, 11.3, 10.287, 7.594, 3.75, 2.41, 3.15, 3.37, 3.38, 3.52, 3.77, 3.558, 2.67, 2.62, 2.7, 2.61, 3.03, 4.18, 4.41, 5.42, 5.65, 4.84], [3.11, 2.65, 2.23, 1.9, 2.889, 2.36, 1.88, 2.12, 2.74, 3.14, 3.617, 4.182, 3.81, 2.65, 2.32, 1.96, 1.72, 1.5, 1.58, 1.87, 1.99, 1.76, 1.93, 1.42, 1.57, 1.51, 1.29, 1.42, 1.96, 2.83, 2.95, 3.17, 2.9, 2.19, 1.09, 0, 2.17, 5.55, 7.074, 8.16, 8.871, 8.637, 8.636, 8.636, 8.477, 7.966, 7.517, 6.24, 5.099, 5.043, 5.916, 6.492, 6.957, 7.767, 8.066, 7.994, 7.879, 8.63, 10.436, 10.232, 9.125, 8.546, 9.022, 9.705, 10.257, 10.71, 9.697, 6.998, 3.08, 1.82, 2.48, 2.74, 2.723, 2.88, 3.155, 3.022, 2.42, 2.55, 2.43, 2.4, 2.6, 3.77, 3.88, 5.01, 5.32, 4.43], [3.4, 3.12, 3.14, 2.77, 2.71, 2.79, 2.41, 2.33, 2.17, 2.07, 2.12, 2.6, 2.46, 2.06, 2.27, 2.29, 1.79, 1.65, 1.81, 2.14, 2.08, 1.97, 2.7, 2.77, 3.1, 3.06, 2.8, 2.79, 3.41, 4.22, 4.52, 4.76, 4.45, 3.78, 2.8, 2.17, 0, 3.84, 5.524, 6.59, 7.301, 7.067, 7.066, 7.066, 6.887, 6.382, 5.944, 4.664, 3.74, 3.67, 4.317, 4.922, 5.375, 6.164, 6.433, 6.38, 6.26, 7.066, 8.854, 8.582, 7.455, 6.976, 7.46, 8.115, 8.527, 9.048, 8.118, 5.348, 2.37, 1.91, 2.31, 2.45, 2.2, 2.3, 2.27, 1.96, 2.31, 2.56, 2.5, 2.33, 2.29, 2.5, 2.59, 3.52, 3.71, 2.9], [4.86, 4.88, 5.1, 4.83, 3.97, 4.57, 4.53, 4.01, 3.55, 3.07, 2.82, 2.48, 2.9, 3.5, 4.45, 4.93, 4.73, 4.83, 5.11, 5.22, 5.0, 4.59, 5.24, 5.93, 6.64, 6.58, 6.08, 5.95, 6.75, 7.54, 7.96, 7.926, 7.63, 6.96, 5.9, 5.55, 3.84, 0, 2.21, 3.11, 3.672, 3.55, 3.48, 3.48, 3.31, 2.79, 2.89, 3.11, 3.5, 3.27, 2.86, 3.19, 2.94, 3.37, 3.99, 3.88, 3.82, 4.12, 5.14, 5.03, 4.1, 4.05, 4.36, 4.98, 5.6, 6.01, 5.42, 4.31, 4.27, 4.77, 4.59, 4.31, 3.96, 3.7, 3.49, 3.6, 3.87, 4.36, 4.36, 4.15, 3.53, 2.54, 2.49, 2.24, 2.33, 2.6], [5.29, 5.29, 5.73, 5.68, 4.62, 5.2, 5.46, 5.08, 4.494, 4.051, 3.77, 3.27, 3.59, 4.909, 6.099, 6.554, 6.462, 6.65, 6.91, 6.992, 6.752, 6.302, 6.312, 7.279, 7.995, 8.092, 7.501, 7.431, 8.277, 9.209, 9.609, 9.627, 9.334, 8.661, 7.404, 7.074, 5.524, 2.21, 0, 1.68, 2.08, 2.42, 2.65, 2.79, 2.26, 2.14, 2.2, 2.8, 3.51, 3.3, 2.75, 2.96, 2.61, 3.04, 3.66, 3.43, 3.45, 3.51, 4.33, 4.42, 3.93, 3.52, 4.03, 4.75, 5.31, 5.6, 4.91, 4.16, 4.82, 6.016, 5.68, 5.3, 5.03, 4.71, 4.42, 4.45, 5.1, 5.806, 6.148, 5.841, 4.979, 3.73, 3.54, 2.67, 2.4, 3.11], [5.63, 5.97, 6.689, 6.659, 5.439, 6.039, 6.479, 6.14, 5.54, 5.117, 4.85, 4.25, 4.67, 5.998, 7.188, 7.637, 7.548, 7.705, 7.965, 8.038, 7.798, 7.348, 7.338, 8.325, 9.081, 9.161, 8.587, 8.517, 9.365, 10.298, 10.698, 10.715, 10.42, 9.747, 8.49, 8.16, 6.59, 3.11, 1.68, 0, 1.12, 1.72, 2.25, 2.11, 1.8, 1.66, 1.86, 2.82, 3.67, 3.52, 2.91, 2.84, 2.49, 2.54, 3.08, 2.79, 2.63, 2.61, 3.23, 3.2, 2.95, 3.14, 3.33, 3.61, 3.99, 4.42, 3.69, 4.06, 5.44, 7.042, 6.519, 6.216, 5.95, 5.61, 5.28, 5.47, 6.14, 6.857, 7.203, 6.896, 6.022, 4.652, 4.471, 3.57, 3.44, 4.41], [6.41, 6.71, 7.426, 7.396, 6.176, 6.776, 7.216, 6.842, 6.251, 5.828, 5.57, 4.949, 5.352, 6.695, 7.885, 8.325, 8.259, 8.416, 8.682, 8.766, 8.526, 8.082, 8.072, 9.045, 9.78, 9.851, 9.286, 9.216, 10.056, 10.989, 11.389, 11.406, 11.119, 10.446, 9.201, 8.871, 7.301, 3.672, 2.08, 1.12, 0, 1.78, 2.39, 2.35, 2.06, 2.16, 2.48, 3.58, 4.39, 4.22, 3.61, 3.54, 3.17, 3.2, 3.54, 3.33, 3.09, 3.11, 2.97, 2.96, 3.29, 3.44, 3.63, 3.65, 3.93, 4.12, 3.77, 4.72, 6.22, 7.779, 7.256, 6.953, 6.69, 6.35, 6.02, 6.21, 6.88, 7.586, 7.917, 7.625, 6.742, 5.369, 5.147, 4.15, 3.94, 4.95], [6.009, 6.429, 7.169, 7.139, 5.919, 6.519, 6.959, 6.608, 6.057, 5.654, 5.39, 4.715, 5.27, 6.49, 7.656, 8.102, 8.025, 8.17, 8.436, 8.515, 8.275, 7.828, 7.818, 8.793, 9.552, 9.629, 9.058, 8.988, 9.834, 10.767, 11.167, 11.184, 10.891, 10.218, 8.967, 8.637, 7.067, 3.55, 2.42, 1.72, 1.78, 0, 1.03, 1.13, 1.34, 1.34, 1.58, 2.58, 3.69, 3.78, 2.89, 2.42, 2.11, 1.74, 2.1, 1.95, 1.87, 1.91, 2.65, 2.72, 2.05, 2.26, 2.47, 2.87, 3.47, 3.9, 3.15, 3.3, 5.899, 7.522, 6.999, 6.696, 6.43, 6.09, 5.76, 5.95, 6.62, 7.335, 7.68, 7.373, 6.505, 5.19, 4.98, 4.33, 4.22, 5.21], [5.982, 6.402, 7.142, 7.112, 5.892, 6.492, 6.944, 6.613, 6.068, 5.613, 5.34, 4.72, 5.36, 6.5, 7.67, 8.13, 8.024, 8.164, 8.424, 8.514, 8.274, 7.801, 7.791, 8.781, 9.56, 9.64, 9.066, 8.996, 9.85, 10.783, 11.183, 11.211, 10.898, 10.226, 8.983, 8.636, 7.066, 3.48, 2.65, 2.25, 2.39, 1.03, 0, 0.64, 1.09, 1.35, 1.71, 2.53, 3.66, 3.75, 2.86, 2.29, 1.88, 1.41, 1.73, 1.58, 1.78, 1.6, 2.22, 2.27, 1.66, 1.65, 2.0, 2.56, 3.16, 3.45, 2.92, 2.63, 5.884, 7.495, 6.972, 6.669, 6.4, 6.06, 5.73, 5.92, 6.59, 7.34, 7.662, 7.367, 6.49, 5.12, 4.99, 4.26, 4.19, 5.1], [5.999, 6.419, 7.159, 7.129, 5.929, 6.53, 6.97, 6.616, 6.036, 5.593, 5.32, 4.714, 5.42, 6.5, 7.67, 8.13, 8.03, 8.184, 8.444, 8.514, 8.274, 7.818, 7.808, 8.801, 9.563, 9.643, 9.068, 8.998, 9.864, 10.8, 11.2, 11.252, 10.942, 10.252, 9.072, 8.636, 7.066, 3.48, 2.79, 2.11, 2.35, 1.13, 0.64, 0, 0.91, 1.19, 1.57, 2.57, 3.7, 3.83, 2.96, 2.33, 1.96, 1.39, 1.85, 1.54, 1.74, 1.54, 2.06, 2.13, 1.6, 1.79, 2.08, 2.46, 2.96, 3.33, 2.76, 2.63, 5.904, 7.512, 6.989, 6.686, 6.42, 6.08, 5.75, 5.94, 6.67, 7.44, 7.685, 7.435, 6.536, 5.18, 4.95, 4.28, 4.27, 5.14], [5.758, 6.178, 6.93, 6.9, 5.68, 6.28, 6.72, 6.509, 5.837, 5.414, 5.13, 4.53, 5.11, 6.35, 7.54, 8.02, 7.84, 7.96, 8.24, 8.33, 8.09, 7.594, 7.567, 8.58, 9.387, 9.467, 8.893, 8.823, 9.686, 10.619, 11.019, 11.054, 10.737, 10.056, 8.882, 8.477, 6.887, 3.31, 2.26, 1.8, 2.06, 1.34, 1.09, 0.91, 0, 0.82, 1.16, 2.44, 3.49, 3.56, 2.71, 2.22, 1.87, 1.36, 1.92, 1.63, 1.75, 1.77, 2.35, 2.42, 1.97, 1.96, 2.41, 2.81, 3.25, 3.58, 3.13, 2.78, 5.68, 7.271, 6.748, 6.44, 6.17, 5.83, 5.5, 5.69, 6.38, 7.15, 7.462, 7.192, 6.32, 4.89, 4.8, 3.89, 3.84, 4.69], [5.29, 5.71, 6.45, 6.42, 5.2, 5.84, 6.28, 5.977, 5.346, 4.923, 4.63, 4.05, 4.71, 5.83, 7.0, 7.48, 7.34, 7.46, 7.74, 7.83, 7.59, 7.109, 7.084, 8.103, 8.89, 8.97, 8.396, 8.326, 9.192, 10.128, 10.531, 10.571, 10.252, 9.582, 8.425, 7.966, 6.382, 2.79, 2.14, 1.66, 2.16, 1.34, 1.35, 1.19, 0.82, 0, 0.84, 2.04, 3.07, 3.16, 2.33, 1.88, 1.61, 1.44, 2.04, 1.85, 1.89, 1.99, 2.65, 2.72, 2.03, 1.96, 2.35, 2.95, 3.53, 3.9, 3.35, 2.66, 5.18, 6.788, 6.265, 5.96, 5.69, 5.35, 5.02, 5.21, 5.98, 6.77, 6.99, 6.709, 5.826, 4.49, 4.26, 3.43, 3.5, 4.37], [4.73, 5.15, 5.93, 5.92, 4.7, 5.26, 5.76, 5.549, 4.894, 4.52, 4.23, 3.63, 4.25, 5.41, 6.58, 7.06, 6.9, 7.02, 7.3, 7.39, 7.15, 6.612, 6.542, 7.597, 8.444, 8.524, 7.95, 7.88, 8.746, 9.682, 10.088, 10.131, 9.812, 9.122, 7.965, 7.517, 5.944, 2.89, 2.2, 1.86, 2.48, 1.58, 1.71, 1.57, 1.16, 0.84, 0, 1.42, 2.45, 2.6, 1.79, 1.34, 1.25, 1.26, 1.74, 1.71, 1.75, 1.91, 3.15, 3.22, 2.35, 2.02, 2.49, 3.17, 3.71, 4.26, 3.37, 2.28, 4.74, 6.246, 5.72, 5.4, 5.13, 4.81, 4.5, 4.67, 5.42, 6.17, 6.459, 6.189, 5.36, 4.05, 3.92, 3.37, 3.42, 4.19], [3.55, 3.93, 4.69, 4.64, 3.6, 3.98, 4.48, 4.34, 3.92, 3.86, 3.57, 2.91, 3.75, 4.35, 5.38, 5.82, 5.62, 5.74, 6.02, 6.17, 5.87, 5.332, 5.279, 6.329, 7.167, 7.247, 6.673, 6.612, 7.509, 8.462, 8.837, 8.857, 8.535, 7.845, 6.708, 6.24, 4.664, 3.11, 2.8, 2.82, 3.58, 2.58, 2.53, 2.57, 2.44, 2.04, 1.42, 0, 1.27, 1.58, 1.07, 0.92, 1.33, 1.9, 2.12, 2.15, 2.25, 2.61, 4.31, 4.26, 3.25, 2.82, 3.31, 3.95, 4.63, 5.18, 4.03, 1.66, 3.54, 4.983, 4.46, 4.18, 3.89, 3.53, 3.3, 3.43, 4.36, 5.09, 5.39, 5.14, 4.54, 3.49, 3.46, 3.21, 3.46, 4.27], [2.4, 2.84, 3.54, 3.49, 2.45, 2.91, 3.39, 3.17, 2.91, 2.85, 2.66, 2.22, 3.0, 3.3, 4.25, 4.65, 4.47, 4.59, 4.87, 4.98, 4.72, 4.202, 4.146, 5.179, 6.026, 6.106, 5.532, 5.462, 6.362, 7.332, 7.684, 7.701, 7.399, 6.744, 5.578, 5.099, 3.74, 3.5, 3.51, 3.67, 4.39, 3.69, 3.66, 3.7, 3.49, 3.07, 2.45, 1.27, 0, 0.75, 0.94, 1.53, 2.14, 2.85, 3.09, 3.18, 3.1, 3.7, 5.4, 5.31, 4.24, 3.61, 4.18, 4.88, 5.56, 6.07, 4.94, 2.27, 2.33, 3.85, 3.35, 3.03, 2.76, 2.42, 2.13, 2.26, 3.19, 3.94, 4.26, 3.97, 3.47, 2.56, 2.53, 2.84, 3.33, 3.76], [2.33, 2.81, 3.51, 3.42, 2.42, 2.8, 3.26, 3.18, 2.76, 2.62, 2.39, 1.99, 2.77, 3.35, 4.22, 4.58, 4.38, 4.5, 4.78, 4.87, 4.63, 4.097, 4.096, 5.089, 5.936, 6.016, 5.442, 5.377, 6.277, 7.227, 7.597, 7.605, 7.28, 6.59, 5.448, 5.043, 3.67, 3.27, 3.3, 3.52, 4.22, 3.78, 3.75, 3.83, 3.56, 3.16, 2.6, 1.58, 0.75, 0, 1.05, 1.72, 2.27, 3.04, 3.22, 3.39, 3.23, 3.87, 5.55, 5.44, 4.37, 3.74, 4.31, 4.99, 5.69, 6.18, 5.11, 2.56, 2.22, 3.76, 3.26, 2.94, 2.65, 2.31, 2.02, 2.17, 2.94, 3.75, 4.05, 3.8, 3.24, 2.23, 2.36, 2.61, 3.06, 3.55], [3.14, 3.58, 4.32, 4.29, 3.13, 3.69, 4.17, 3.97, 3.49, 3.25, 3.0, 2.28, 3.2, 3.92, 4.97, 5.45, 5.27, 5.39, 5.67, 5.76, 5.52, 4.984, 4.946, 5.979, 6.826, 6.906, 6.332, 6.262, 7.125, 8.058, 8.458, 8.487, 8.174, 7.506, 6.346, 5.916, 4.317, 2.86, 2.75, 2.91, 3.61, 2.89, 2.86, 2.96, 2.71, 2.33, 1.79, 1.07, 0.94, 1.05, 0, 1.01, 1.5, 2.23, 2.57, 2.54, 2.52, 3.02, 4.7, 4.65, 3.6, 3.07, 3.58, 4.26, 4.96, 5.47, 4.34, 2.13, 3.11, 4.65, 4.127, 3.81, 3.54, 3.2, 2.87, 3.06, 3.79, 4.6, 4.9, 4.61, 3.99, 2.88, 2.87, 2.58, 2.87, 3.6], [3.71, 4.21, 4.93, 4.88, 3.82, 4.32, 4.8, 4.58, 4.156, 3.8, 3.63, 3.01, 4.07, 4.69, 5.62, 6.04, 5.88, 5.98, 6.26, 6.35, 6.11, 5.572, 5.519, 6.569, 7.416, 7.496, 6.925, 6.852, 7.721, 8.671, 9.074, 9.12, 8.815, 8.145, 7.031, 6.492, 4.922, 3.19, 2.96, 2.84, 3.54, 2.42, 2.29, 2.33, 2.22, 1.88, 1.34, 0.92, 1.53, 1.72, 1.01, 0, 0.81, 1.4, 1.72, 1.85, 1.71, 2.33, 4.09, 3.88, 2.83, 2.34, 2.73, 3.45, 4.13, 4.62, 3.51, 1.52, 3.7, 5.223, 4.7, 4.38, 4.11, 3.77, 3.46, 3.65, 4.5, 5.27, 5.53, 5.24, 4.56, 3.63, 3.54, 3.31, 3.62, 4.37], [4.24, 4.62, 5.4, 5.33, 4.31, 4.79, 5.27, 5.07, 4.571, 4.05, 3.8, 3.4, 4.48, 5.18, 6.11, 6.51, 6.35, 6.43, 6.71, 6.8, 6.56, 6.048, 6.009, 7.039, 7.866, 7.946, 7.378, 7.302, 8.179, 9.124, 9.562, 9.601, 9.297, 8.67, 7.547, 6.957, 5.375, 2.94, 2.61, 2.49, 3.17, 2.11, 1.88, 1.96, 1.87, 1.61, 1.25, 1.33, 2.14, 2.27, 1.5, 0.81, 0, 0.93, 1.43, 1.56, 1.48, 2.1, 3.64, 3.43, 2.34, 2.23, 2.46, 2.98, 3.54, 4.05, 2.92, 1.75, 4.15, 5.673, 5.15, 4.83, 4.56, 4.22, 3.99, 4.2, 5.09, 5.78, 6.02, 5.79, 4.99, 3.82, 3.73, 3.52, 3.77, 4.54], [5.01, 5.39, 6.17, 6.14, 5.02, 5.54, 6.04, 5.84, 5.293, 4.8, 4.57, 4.17, 5.13, 5.87, 6.88, 7.28, 7.12, 7.24, 7.52, 7.61, 7.37, 6.852, 6.779, 7.829, 8.676, 8.756, 8.182, 8.112, 8.989, 9.928, 10.372, 10.371, 10.067, 9.437, 8.317, 7.767, 6.164, 3.37, 3.04, 2.54, 3.2, 1.74, 1.41, 1.39, 1.36, 1.44, 1.26, 1.9, 2.85, 3.04, 2.23, 1.4, 0.93, 0, 0.88, 0.93, 1.03, 1.33, 2.91, 2.72, 1.65, 1.76, 1.87, 2.29, 2.79, 3.32, 2.29, 1.86, 4.96, 6.483, 5.96, 5.64, 5.37, 5.03, 4.78, 4.99, 5.84, 6.55, 6.81, 6.56, 5.72, 4.55, 4.48, 4.23, 4.46, 5.21], [5.19, 5.61, 6.41, 6.4, 5.36, 5.8, 6.3, 6.12, 5.53, 5.22, 5.03, 4.45, 5.55, 6.23, 7.2, 7.6, 7.38, 7.5, 7.78, 7.87, 7.63, 7.1, 6.987, 8.097, 8.942, 9.022, 8.448, 8.378, 9.255, 10.214, 10.626, 10.646, 10.298, 9.657, 8.594, 8.066, 6.433, 3.99, 3.66, 3.08, 3.54, 2.1, 1.73, 1.85, 1.92, 2.04, 1.74, 2.12, 3.09, 3.22, 2.57, 1.72, 1.43, 0.88, 0, 0.93, 0.97, 1.25, 2.73, 2.56, 1.51, 1.56, 1.73, 2.07, 2.61, 3.14, 2.03, 1.68, 5.22, 6.692, 6.16, 5.84, 5.57, 5.29, 5.0, 5.21, 6.1, 6.81, 7.03, 6.84, 6.06, 5.01, 4.94, 4.67, 4.98, 5.75], [5.34, 5.76, 6.52, 6.49, 5.37, 5.93, 6.35, 6.07, 5.43, 5.17, 4.78, 4.32, 5.28, 5.96, 7.03, 7.43, 7.31, 7.51, 7.77, 7.84, 7.6, 7.191, 7.111, 8.164, 8.872, 8.972, 8.318, 8.227, 9.108, 10.056, 10.48, 10.482, 10.174, 9.544, 8.524, 7.994, 6.38, 3.88, 3.43, 2.79, 3.33, 1.95, 1.58, 1.54, 1.63, 1.85, 1.71, 2.15, 3.18, 3.39, 2.54, 1.85, 1.56, 0.93, 0.93, 0, 0.8, 0.98, 2.68, 2.43, 1.48, 1.65, 1.64, 1.94, 2.58, 3.13, 2.12, 1.83, 5.23, 6.815, 6.292, 5.989, 5.736, 5.42, 5.13, 5.36, 6.17, 6.96, 7.16, 6.97, 6.19, 5.1, 4.87, 4.52, 4.75, 5.52], [5.24, 5.68, 6.44, 6.37, 5.27, 5.85, 6.23, 6.07, 5.53, 4.97, 4.8, 4.4, 5.42, 6.12, 7.01, 7.43, 7.21, 7.37, 7.63, 7.7, 7.46, 7.063, 7.068, 8.024, 8.772, 8.852, 8.278, 8.207, 9.074, 10.021, 10.438, 10.455, 10.145, 9.51, 8.404, 7.879, 6.26, 3.82, 3.45, 2.63, 3.09, 1.87, 1.78, 1.74, 1.75, 1.89, 1.75, 2.25, 3.1, 3.23, 2.52, 1.71, 1.48, 1.03, 0.97, 0.8, 0, 1.24, 2.78, 2.53, 1.56, 1.83, 1.76, 2.1, 2.56, 3.01, 2.04, 2.13, 5.09, 6.712, 6.169, 5.866, 5.6, 5.26, 4.95, 5.16, 6.01, 6.76, 7.04, 6.77, 6.03, 4.96, 4.81, 4.6, 4.87, 5.64], [6.008, 6.428, 7.168, 7.138, 5.95, 6.538, 6.99, 6.63, 6.146, 5.81, 5.58, 4.86, 5.58, 6.42, 7.61, 8.07, 8.004, 8.204, 8.464, 8.534, 8.294, 7.826, 7.816, 8.815, 9.548, 9.648, 9.014, 8.944, 9.805, 10.738, 11.152, 11.175, 10.856, 10.166, 8.955, 8.63, 7.066, 4.12, 3.51, 2.61, 3.11, 1.91, 1.6, 1.54, 1.77, 1.99, 1.91, 2.61, 3.7, 3.87, 3.02, 2.33, 2.1, 1.33, 1.25, 0.98, 1.24, 0, 2.16, 2.07, 1.22, 1.55, 1.4, 1.7, 2.34, 2.81, 1.78, 2.21, 5.924, 7.521, 6.998, 6.695, 6.44, 6.1, 5.77, 5.96, 6.63, 7.42, 7.793, 7.47, 6.65, 5.48, 5.27, 4.8, 4.87, 5.64], [7.74, 8.16, 8.9, 8.87, 7.65, 8.29, 8.73, 8.467, 7.816, 7.393, 7.1, 6.5, 7.2, 8.3, 9.49, 9.97, 9.81, 9.93, 10.21, 10.3, 10.06, 9.562, 9.537, 10.556, 11.363, 11.443, 10.869, 10.799, 11.665, 12.598, 12.998, 13.032, 12.719, 12.049, 10.892, 10.436, 8.854, 5.14, 4.33, 3.23, 2.97, 2.65, 2.22, 2.06, 2.35, 2.65, 3.15, 4.31, 5.4, 5.55, 4.7, 4.09, 3.64, 2.91, 2.73, 2.68, 2.78, 2.16, 0, 0.83, 1.52, 2.19, 1.94, 1.64, 1.98, 2.03, 1.96, 3.81, 7.65, 9.241, 8.718, 8.41, 8.14, 7.8, 7.47, 7.66, 8.41, 9.2, 9.44, 9.153, 8.293, 6.92, 6.75, 5.82, 5.85, 6.7], [7.53, 7.93, 8.67, 8.66, 7.5, 8.14, 8.58, 8.26, 7.57, 7.129, 6.81, 6.35, 7.29, 8.19, 9.3, 9.78, 9.56, 9.68, 9.94, 10.03, 9.77, 9.343, 9.298, 10.34, 11.087, 11.167, 10.597, 10.523, 11.392, 12.331, 12.743, 12.817, 12.495, 11.825, 10.768, 10.232, 8.582, 5.03, 4.42, 3.2, 2.96, 2.72, 2.27, 2.13, 2.42, 2.72, 3.22, 4.26, 5.31, 5.44, 4.65, 3.88, 3.43, 2.72, 2.56, 2.43, 2.53, 2.07, 0.83, 0, 1.21, 2.04, 1.69, 1.49, 1.75, 1.78, 1.83, 3.54, 7.4, 9.002, 8.479, 8.176, 7.91, 7.57, 7.24, 7.43, 8.3, 9.11, 9.265, 9.075, 8.195, 6.85, 6.6, 5.65, 5.84, 6.69], [6.44, 6.82, 7.54, 7.55, 6.41, 7.05, 7.49, 7.15, 6.545, 6.042, 5.72, 5.3, 6.34, 7.16, 8.21, 8.69, 8.47, 8.55, 8.79, 8.92, 8.62, 8.202, 8.188, 9.199, 9.94, 10.02, 9.455, 9.379, 10.254, 11.193, 11.605, 11.73, 11.408, 10.738, 9.698, 9.125, 7.455, 4.1, 3.93, 2.95, 3.29, 2.05, 1.66, 1.6, 1.97, 2.03, 2.35, 3.25, 4.24, 4.37, 3.6, 2.83, 2.34, 1.65, 1.51, 1.48, 1.56, 1.22, 1.52, 1.21, 0, 1.33, 1.02, 1.1, 1.64, 2.05, 1.54, 2.41, 6.25, 7.852, 7.329, 7.026, 6.76, 6.42, 6.11, 6.34, 7.23, 8.04, 8.195, 8.005, 7.11, 5.78, 5.57, 5.02, 5.27, 6.12], [5.87, 6.29, 7.03, 6.988, 5.8, 6.38, 6.82, 6.56, 6.015, 5.503, 5.23, 4.89, 5.71, 6.55, 7.6, 8.04, 7.94, 8.054, 8.334, 8.424, 8.184, 7.677, 7.687, 8.674, 9.47, 9.55, 8.976, 8.906, 9.771, 10.71, 11.149, 11.18, 10.855, 10.174, 9.011, 8.546, 6.976, 4.05, 3.52, 3.14, 3.44, 2.26, 1.65, 1.79, 1.96, 1.96, 2.02, 2.82, 3.61, 3.74, 3.07, 2.34, 2.23, 1.76, 1.56, 1.65, 1.83, 1.55, 2.19, 2.04, 1.33, 0, 1.13, 2.03, 2.59, 2.9, 2.29, 2.1, 5.774, 7.371, 6.848, 6.54, 6.27, 5.93, 5.6, 5.81, 6.56, 7.31, 7.61, 7.338, 6.44, 5.09, 4.9, 4.23, 4.34, 5.21], [6.42, 6.86, 7.6, 7.55, 6.39, 7.03, 7.45, 7.07, 6.591, 6.01, 5.7, 5.2, 6.28, 6.98, 7.95, 8.39, 8.41, 8.586, 8.838, 8.92, 8.668, 8.195, 8.205, 9.192, 9.931, 10.031, 9.38, 9.247, 10.136, 11.055, 11.467, 11.527, 11.245, 10.575, 9.498, 9.022, 7.46, 4.36, 4.03, 3.33, 3.63, 2.47, 2.0, 2.08, 2.41, 2.35, 2.49, 3.31, 4.18, 4.31, 3.58, 2.73, 2.46, 1.87, 1.73, 1.64, 1.76, 1.4, 1.94, 1.69, 1.02, 1.13, 0, 1.22, 1.92, 2.21, 1.5, 2.47, 6.286, 7.889, 7.366, 7.063, 6.81, 6.47, 6.15, 6.34, 7.17, 7.96, 8.16, 7.91, 7.03, 5.8, 5.59, 5.0, 5.09, 5.96], [7.08, 7.5, 8.22, 8.19, 7.05, 7.67, 8.11, 7.77, 7.188, 6.69, 6.38, 5.92, 7.0, 7.76, 8.73, 9.21, 9.07, 9.23, 9.49, 9.56, 9.32, 8.902, 8.853, 9.899, 10.592, 10.692, 10.044, 9.967, 10.842, 11.781, 12.205, 12.25, 11.948, 11.278, 10.238, 9.705, 8.115, 4.98, 4.75, 3.61, 3.65, 2.87, 2.56, 2.46, 2.81, 2.95, 3.17, 3.95, 4.88, 4.99, 4.26, 3.45, 2.98, 2.29, 2.07, 1.94, 2.1, 1.7, 1.64, 1.49, 1.1, 2.03, 1.22, 0, 1.02, 1.37, 0.96, 3.09, 6.95, 8.538, 8.015, 7.712, 7.46, 7.12, 6.81, 7.02, 7.85, 8.66, 8.82, 8.625, 7.77, 6.48, 6.29, 5.76, 6.03, 6.88], [7.64, 7.96, 8.76, 8.75, 7.69, 8.25, 8.65, 8.41, 7.805, 7.2, 6.74, 6.68, 7.7, 8.5, 9.45, 9.81, 9.59, 9.65, 9.87, 10.02, 9.64, 9.34, 9.23, 10.288, 10.96, 11.02, 10.473, 10.388, 11.315, 12.225, 12.748, 12.867, 12.557, 11.947, 10.887, 10.257, 8.527, 5.6, 5.31, 3.99, 3.93, 3.47, 3.16, 2.96, 3.25, 3.53, 3.71, 4.63, 5.56, 5.69, 4.96, 4.13, 3.54, 2.79, 2.61, 2.58, 2.56, 2.34, 1.98, 1.75, 1.64, 2.59, 1.92, 1.02, 0, 0.79, 1.0, 3.63, 7.33, 8.869, 8.346, 8.043, 7.84, 7.58, 7.33, 7.6, 8.51, 9.26, 9.46, 9.27, 8.41, 7.1, 6.85, 6.46, 6.69, 7.48], [8.15, 8.49, 9.27, 9.2, 8.2, 8.76, 9.12, 8.94, 8.338, 7.63, 7.31, 7.15, 8.23, 8.99, 9.88, 10.26, 10.06, 10.16, 10.4, 10.53, 10.19, 9.83, 9.82, 10.812, 11.47, 11.57, 10.974, 10.895, 11.793, 12.72, 13.195, 13.32, 12.99, 12.38, 11.3, 10.71, 9.048, 6.01, 5.6, 4.42, 4.12, 3.9, 3.45, 3.33, 3.58, 3.9, 4.26, 5.18, 6.07, 6.18, 5.47, 4.62, 4.05, 3.32, 3.14, 3.13, 3.01, 2.81, 2.03, 1.78, 2.05, 2.9, 2.21, 1.37, 0.79, 0, 1.33, 4.14, 7.86, 9.433, 8.891, 8.588, 8.37, 8.03, 7.82, 8.07, 9.0, 9.73, 9.97, 9.74, 8.9, 7.61, 7.42, 6.75, 6.96, 7.81], [7.12, 7.5, 8.24, 8.19, 7.13, 7.67, 8.11, 7.75, 7.291, 6.77, 6.54, 6.14, 7.2, 7.86, 8.83, 9.19, 9.11, 9.21, 9.47, 9.54, 9.282, 8.888, 8.848, 9.875, 10.585, 10.665, 10.1, 10.021, 10.919, 11.846, 12.322, 12.361, 12.057, 11.427, 10.287, 9.697, 8.118, 5.42, 4.91, 3.69, 3.77, 3.15, 2.92, 2.76, 3.13, 3.35, 3.37, 4.03, 4.94, 5.11, 4.34, 3.51, 2.92, 2.29, 2.03, 2.12, 2.04, 1.78, 1.96, 1.83, 1.54, 2.29, 1.5, 0.96, 1.0, 1.33, 0, 3.13, 6.93, 8.532, 8.009, 7.706, 7.44, 7.12, 6.85, 7.1, 7.95, 8.68, 8.9, 8.67, 7.77, 6.62, 6.43, 6.22, 6.37, 7.16], [4.13, 4.57, 5.33, 5.34, 4.42, 4.8, 5.3, 5.22, 4.92, 4.72, 4.45, 4.03, 5.11, 5.49, 6.2, 6.58, 6.36, 6.38, 6.64, 6.83, 6.49, 5.975, 5.837, 6.972, 7.81, 7.89, 7.328, 7.249, 8.13, 9.074, 9.504, 9.626, 9.298, 8.654, 7.594, 6.998, 5.348, 4.31, 4.16, 4.06, 4.72, 3.3, 2.63, 2.63, 2.78, 2.66, 2.28, 1.66, 2.27, 2.56, 2.13, 1.52, 1.75, 1.86, 1.68, 1.83, 2.13, 2.21, 3.81, 3.54, 2.41, 2.1, 2.47, 3.09, 3.63, 4.14, 3.13, 0, 4.22, 5.5, 4.96, 4.64, 4.37, 4.19, 3.92, 4.21, 5.28, 6.03, 6.29, 6.1, 5.6, 4.65, 4.64, 4.47, 4.86, 5.63], [1.61, 1.67, 2.17, 1.86, 1.28, 1.4, 1.56, 1.68, 1.86, 1.9, 1.93, 2.05, 2.69, 2.53, 2.9, 2.96, 2.58, 2.38, 2.6, 2.77, 2.73, 2.3, 2.29, 2.96, 3.73, 3.81, 3.29, 3.28, 4.18, 5.15, 5.523, 5.717, 5.447, 4.814, 3.75, 3.08, 2.37, 4.27, 4.82, 5.44, 6.22, 5.899, 5.884, 5.904, 5.68, 5.18, 4.74, 3.54, 2.33, 2.22, 3.11, 3.7, 4.15, 4.96, 5.22, 5.23, 5.09, 5.924, 7.65, 7.4, 6.25, 5.774, 6.286, 6.95, 7.33, 7.86, 6.93, 4.22, 0, 1.86, 1.3, 1.34, 1.39, 1.29, 1.28, 1.29, 1.96, 2.81, 2.99, 2.8, 2.38, 2.25, 2.4, 3.15, 3.54, 3.65], [2.13, 1.81, 1.79, 1.48, 1.78, 1.42, 1.08, 1.64, 1.94, 2.14, 2.51, 3.03, 2.95, 2.29, 2.44, 2.36, 1.82, 1.76, 1.9, 2.27, 2.13, 1.74, 1.39, 1.74, 2.43, 2.49, 1.95, 1.96, 2.94, 3.87, 4.27, 4.403, 4.133, 3.49, 2.41, 1.82, 1.91, 4.77, 6.016, 7.042, 7.779, 7.522, 7.495, 7.512, 7.271, 6.788, 6.246, 4.983, 3.85, 3.76, 4.65, 5.223, 5.673, 6.483, 6.692, 6.815, 6.712, 7.521, 9.241, 9.002, 7.852, 7.371, 7.889, 8.538, 8.869, 9.433, 8.532, 5.5, 1.86, 0, 1.04, 1.44, 1.57, 1.67, 1.92, 1.65, 1.7, 2.47, 2.47, 2.34, 2.0, 2.73, 2.98, 4.01, 4.28, 3.63], [1.81, 1.55, 1.87, 1.54, 1.34, 1.24, 1.28, 1.52, 2.04, 2.18, 2.27, 2.61, 2.77, 2.53, 2.6, 2.52, 2.12, 2.0, 2.18, 2.49, 2.39, 1.98, 1.71, 2.3, 3.05, 3.09, 2.51, 2.46, 3.407, 4.323, 4.901, 5.088, 4.76, 4.208, 3.15, 2.48, 2.31, 4.59, 5.68, 6.519, 7.256, 6.999, 6.972, 6.989, 6.748, 6.265, 5.72, 4.46, 3.35, 3.26, 4.127, 4.7, 5.15, 5.96, 6.16, 6.292, 6.169, 6.998, 8.718, 8.479, 7.329, 6.848, 7.366, 8.015, 8.346, 8.891, 8.009, 4.96, 1.3, 1.04, 0, 0.86, 1.09, 1.21, 1.48, 1.49, 1.84, 2.63, 2.65, 2.56, 2.22, 2.49, 2.74, 3.67, 3.9, 3.73], [1.67, 1.63, 2.07, 1.8, 1.52, 1.42, 1.48, 1.74, 2.34, 2.32, 2.35, 2.35, 2.95, 2.73, 2.84, 2.72, 2.48, 2.22, 2.46, 2.73, 2.59, 2.24, 1.85, 2.52, 3.31, 3.37, 2.79, 2.76, 3.72, 4.63, 5.164, 5.334, 5.024, 4.448, 3.37, 2.74, 2.45, 4.31, 5.3, 6.216, 6.953, 6.696, 6.669, 6.686, 6.44, 5.96, 5.4, 4.18, 3.03, 2.94, 3.81, 4.38, 4.83, 5.64, 5.84, 5.989, 5.866, 6.695, 8.41, 8.176, 7.026, 6.54, 7.063, 7.712, 8.043, 8.588, 7.706, 4.64, 1.34, 1.44, 0.86, 0, 0.59, 0.85, 1.1, 1.39, 2.02, 2.87, 2.95, 2.78, 2.48, 2.39, 2.58, 3.43, 3.78, 3.81], [1.62, 1.64, 2.14, 1.89, 1.49, 1.47, 1.51, 1.71, 2.15, 2.17, 2.08, 2.16, 2.7, 2.54, 2.69, 2.55, 2.33, 2.19, 2.41, 2.72, 2.48, 2.09, 1.9, 2.65, 3.46, 3.52, 2.966, 2.91, 3.81, 4.76, 5.214, 5.341, 5.034, 4.458, 3.38, 2.723, 2.2, 3.96, 5.03, 5.95, 6.69, 6.43, 6.4, 6.42, 6.17, 5.69, 5.13, 3.89, 2.76, 2.65, 3.54, 4.11, 4.56, 5.37, 5.57, 5.736, 5.6, 6.44, 8.14, 7.91, 6.76, 6.27, 6.81, 7.46, 7.84, 8.37, 7.44, 4.37, 1.39, 1.57, 1.09, 0.59, 0, 0.56, 0.81, 1.24, 1.87, 2.68, 2.82, 2.59, 2.31, 2.14, 2.35, 3.24, 3.59, 3.54], [1.68, 1.74, 2.2, 1.87, 1.35, 1.47, 1.55, 1.61, 1.99, 2.01, 1.96, 1.94, 2.48, 2.36, 2.59, 2.67, 2.33, 2.27, 2.55, 2.84, 2.56, 2.15, 2.2, 2.87, 3.68, 3.74, 3.189, 3.13, 4.002, 4.952, 5.376, 5.501, 5.191, 4.593, 3.52, 2.88, 2.3, 3.7, 4.71, 5.61, 6.35, 6.09, 6.06, 6.08, 5.83, 5.35, 4.81, 3.53, 2.42, 2.31, 3.2, 3.77, 4.22, 5.03, 5.29, 5.42, 5.26, 6.1, 7.8, 7.57, 6.42, 5.93, 6.47, 7.12, 7.58, 8.03, 7.12, 4.19, 1.29, 1.67, 1.21, 0.85, 0.56, 0, 0.55, 1.08, 1.77, 2.6, 2.68, 2.53, 2.23, 1.94, 2.15, 3.02, 3.39, 3.32], [1.75, 1.91, 2.27, 2.04, 1.3, 1.56, 1.72, 1.66, 1.74, 1.82, 1.83, 1.69, 2.29, 2.23, 2.66, 2.84, 2.58, 2.54, 2.8, 2.99, 2.73, 2.24, 2.29, 3.16, 3.97, 4.05, 3.496, 3.46, 4.36, 5.33, 5.643, 5.765, 5.467, 4.837, 3.77, 3.155, 2.27, 3.49, 4.42, 5.28, 6.02, 5.76, 5.73, 5.75, 5.5, 5.02, 4.5, 3.3, 2.13, 2.02, 2.87, 3.46, 3.99, 4.78, 5.0, 5.13, 4.95, 5.77, 7.47, 7.24, 6.11, 5.6, 6.15, 6.81, 7.33, 7.82, 6.85, 3.92, 1.28, 1.92, 1.48, 1.1, 0.81, 0.55, 0, 0.99, 1.72, 2.51, 2.71, 2.48, 