[[0, 1.18, 1.82, 2.68, 2.88, 2.02, 3.28, 3.91, 4.31, 7.3, 9.52, 8.72, 9.11, 9.85, 9.91, 9.98, 8.87, 7.24, 7.05, 7.92, 7.95, 8.04, 7.51, 6.24, 5.79, 5.88, 5.39, 5.58, 6.27, 6.9, 6.83, 6.64, 7.03, 5.33, 4.49, 3.96, 3.94, 3.58, 3.18, 2.87, 2.89, 2.58, 2.79, 3.22, 3.95, 4.58, 4.8, 4.33, 5.19, 4.88, 3.97, 5.14, 5.869, 4.836, 3.72, 3.19, 3.17, 3.72, 3.56, 2.73, 3.25, 3.51, 3.47, 3.66, 3.8, 3.72, 4.6, 5.16, 5.88, 6.42, 6.08, 6.76, 7.5, 8.03, 8.04, 8.49, 8.92, 9.64, 9.19, 8.51, 9.45, 10.35, 9.17, 8.71, 9.33, 8.91], [1.18, 0, 0.92, 1.66, 1.9, 1.2, 2.3, 2.97, 3.31, 6.34, 8.5, 7.74, 8.13, 8.87, 8.95, 9.02, 7.89, 6.26, 6.07, 6.94, 6.95, 7.08, 6.53, 5.24, 4.81, 4.88, 4.37, 4.58, 5.25, 5.88, 5.81, 5.64, 6.05, 4.31, 3.45, 2.96, 3.06, 2.58, 2.16, 1.93, 2.07, 1.74, 1.95, 2.18, 2.91, 3.5, 3.74, 3.35, 4.25, 3.94, 3.01, 4.14, 4.9, 3.836, 2.76, 2.35, 2.25, 2.78, 2.66, 2.33, 2.55, 2.57, 2.51, 2.68, 2.82, 2.78, 3.6, 4.2, 4.9, 5.4, 5.12, 5.74, 6.5, 7.01, 7.02, 7.51, 7.92, 8.66, 8.19, 7.51, 8.43, 9.37, 8.13, 7.69, 8.33, 7.89], [1.82, 0.92, 0, 0.96, 1.32, 0.96, 1.74, 2.33, 2.69, 5.72, 7.84, 7.12, 7.51, 8.25, 8.33, 8.42, 7.27, 5.62, 5.43, 6.3, 6.37, 6.48, 5.93, 4.64, 4.21, 4.26, 3.81, 4.0, 4.55, 5.16, 5.13, 4.94, 5.45, 3.69, 2.87, 2.54, 2.74, 2.22, 1.74, 1.55, 1.57, 1.44, 1.73, 1.9, 2.45, 3.0, 3.2, 2.79, 3.69, 3.36, 2.39, 3.54, 4.24, 3.17, 2.2, 1.95, 1.97, 2.64, 2.54, 2.41, 2.51, 2.15, 1.95, 2.16, 2.28, 2.36, 3.02, 3.6, 4.26, 4.8, 4.5, 5.04, 5.82, 6.37, 6.42, 6.87, 7.3, 8.04, 7.53, 6.89, 7.81, 8.77, 7.47, 7.05, 7.69, 7.25], [2.68, 1.66, 0.96, 0, 0.7, 1.22, 1.38, 1.75, 2.07, 4.9, 6.96, 6.3, 6.69, 7.37, 7.47, 7.58, 6.39, 4.86, 4.71, 5.44, 5.47, 5.62, 5.07, 3.78, 3.33, 3.38, 3.11, 3.28, 3.87, 4.44, 4.49, 4.24, 4.61, 3.11, 2.37, 2.36, 2.72, 2.18, 1.68, 1.47, 1.47, 1.36, 1.73, 1.7, 2.09, 2.3, 2.48, 2.13, 2.87, 2.56, 1.67, 2.76, 3.44, 2.37, 1.72, 1.55, 1.61, 2.16, 2.2, 2.21, 2.23, 1.75, 1.37, 1.46, 1.56, 1.76, 2.38, 2.82, 3.5, 4.12, 3.88, 4.3, 5.04, 5.57, 5.56, 6.03, 6.42, 7.24, 6.77, 6.15, 7.07, 7.87, 6.63, 6.25, 6.91, 6.47], [2.88, 1.9, 1.32, 0.7, 0, 1.14, 1.14, 1.67, 1.95, 4.76, 6.8, 6.16, 6.51, 7.23, 7.27, 7.4, 6.13, 4.52, 4.37, 5.18, 5.35, 5.42, 4.89, 3.56, 3.13, 3.14, 2.83, 2.98, 3.79, 4.42, 4.37, 4.14, 4.53, 2.91, 2.07, 2.34, 2.82, 2.3, 1.84, 1.57, 1.67, 1.54, 1.67, 1.6, 1.85, 2.22, 2.48, 2.09, 2.79, 2.52, 1.65, 2.74, 3.52, 2.45, 1.82, 1.71, 1.55, 1.84, 2.0, 2.17, 2.07, 1.73, 1.37, 1.24, 1.38, 1.52, 2.3, 2.84, 3.48, 4.0, 3.72, 4.08, 4.92, 5.43, 5.38, 5.77, 6.18, 7.08, 6.67, 6.09, 6.99, 7.83, 6.45, 6.03, 6.79, 6.35], [2.02, 1.2, 0.96, 1.22, 1.14, 0, 1.5, 2.07, 2.63, 5.64, 7.7, 7.04, 7.41, 8.13, 8.19, 8.3, 7.05, 5.34, 5.13, 6.08, 6.25, 6.32, 5.79, 4.46, 4.03, 4.02, 3.53, 3.74, 4.63, 5.26, 5.19, 4.98, 5.45, 3.59, 2.67, 2.48, 2.64, 2.22, 1.96, 1.73, 1.81, 1.5, 1.69, 1.94, 2.39, 3.16, 3.4, 3.07, 3.71, 3.5, 2.61, 3.7, 4.479, 3.39, 2.5, 2.27, 2.11, 2.46, 2.38, 2.53, 2.61, 2.47, 2.13, 2.08, 2.28, 2.42, 3.28, 3.88, 4.46, 4.82, 4.5, 4.94, 5.82, 6.37, 6.32, 6.73, 7.08, 7.98, 7.59, 7.01, 7.91, 8.79, 7.37, 6.91, 7.71, 7.27], [3.28, 2.3, 1.74, 1.38, 1.14, 1.5, 0, 0.87, 1.19, 4.18, 6.28, 5.64, 6.03, 6.75, 6.83, 6.98, 5.73, 4.1, 3.93, 4.76, 4.89, 5.0, 4.43, 3.16, 2.73, 2.72, 2.39, 2.58, 3.37, 3.98, 3.97, 3.72, 4.15, 2.49, 1.77, 1.78, 2.28, 1.82, 1.58, 1.39, 1.67, 1.94, 2.17, 1.98, 2.01, 2.44, 2.62, 2.37, 2.69, 2.48, 2.17, 2.82, 3.16, 2.45, 2.06, 2.11, 1.89, 1.84, 1.92, 2.43, 2.47, 2.37, 2.09, 1.86, 2.0, 2.18, 2.46, 2.98, 3.46, 3.78, 3.5, 3.84, 4.52, 5.03, 5.08, 5.49, 5.9, 6.74, 6.41, 5.69, 6.51, 7.49, 6.13, 5.67, 6.39, 5.99], [3.91, 2.97, 2.33, 1.75, 1.67, 2.07, 0.87, 0, 0.82, 3.71, 5.75, 5.15, 5.46, 6.18, 6.32, 6.43, 5.14, 3.57, 3.42, 4.21, 4.4, 4.41, 3.88, 2.67, 2.24, 2.39, 2.24, 2.43, 3.38, 3.87, 3.84, 3.61, 3.74, 2.18, 1.54, 1.45, 1.89, 1.65, 1.65, 1.66, 1.94, 2.39, 2.64, 2.49, 2.34, 2.57, 2.77, 2.42, 2.32, 2.21, 2.5, 3.03, 2.97, 2.66, 2.43, 2.52, 2.36, 1.79, 2.09, 2.9, 2.76, 2.7, 2.44, 2.19, 2.23, 2.57, 2.59, 3.03, 3.51, 3.55, 3.29, 3.43, 4.09, 4.56, 4.63, 4.96, 5.39, 6.25, 6.0, 5.28, 6.06, 7.04, 5.64, 5.18, 5.88, 5.52], [4.31, 3.31, 2.69, 2.07, 1.95, 2.63, 1.19, 0.82, 0, 3.07, 5.25, 4.51, 4.9, 5.62, 5.76, 5.85, 4.76, 3.25, 3.04, 3.79, 3.84, 3.87, 3.34, 2.41, 2.04, 2.21, 2.08, 2.21, 3.08, 3.51, 3.54, 3.23, 3.24, 2.02, 1.48, 1.43, 1.91, 1.73, 1.75, 1.98, 2.4, 2.87, 3.06, 2.63, 2.48, 2.51, 2.69, 2.26, 1.86, 1.99, 2.42, 2.89, 2.57, 2.46, 2.37, 2.42, 2.4, 1.83, 2.19, 3.04, 2.84, 2.62, 2.4, 2.17, 2.25, 2.51, 2.35, 2.75, 3.17, 3.27, 3.03, 3.05, 3.55, 4.06, 4.09, 4.5, 4.95, 5.67, 5.52, 4.74, 5.4, 6.42, 5.18, 4.86, 5.4, 5.1], [7.3, 6.34, 5.72, 4.9, 4.76, 5.64, 4.18, 3.71, 3.07, 0, 2.32, 1.9, 2.23, 2.67, 2.75, 2.9, 2.03, 1.26, 1.59, 1.7, 1.33, 1.4, 1.43, 1.94, 2.19, 2.1, 2.573, 2.46, 2.19, 2.32, 2.53, 2.22, 1.63, 2.553, 3.796, 3.964, 4.278, 4.413, 4.593, 4.765, 4.968, 5.515, 5.876, 5.186, 4.213, 3.02, 2.88, 3.29, 2.67, 2.94, 3.93, 3.24, 2.68, 3.51, 3.98, 4.41, 4.59, 4.08, 4.26, 5.31, 4.77, 4.25, 4.257, 4.23, 4.17, 3.94, 3.1, 2.6, 1.96, 2.08, 1.82, 1.46, 1.44, 1.69, 1.62, 2.01, 2.46, 3.28, 3.25, 2.57, 2.87, 3.73, 3.15, 2.73, 3.07, 2.87], [9.52, 8.5, 7.84, 6.96, 6.8, 7.7, 6.28, 5.75, 5.25, 2.32, 0, 1.18, 1.09, 0.89, 1.09, 1.52, 1.51, 2.809, 2.882, 1.9, 1.83, 2.34, 2.61, 3.66, 4.09, 4.08, 4.577, 4.384, 3.514, 3.08, 3.27, 3.2, 2.73, 4.557, 5.754, 6.09, 6.39, 6.607, 6.73, 6.857, 7.097, 7.664, 7.928, 7.198, 6.208, 5.04, 4.82, 5.41, 4.75, 5.04, 5.99, 4.9, 4.52, 5.39, 6.12, 6.45, 6.55, 6.02, 6.26, 7.29, 6.77, 6.23, 6.157, 6.047, 5.987, 5.96, 5.12, 4.58, 3.784, 3.247, 3.564, 2.941, 2.18, 1.83, 1.62, 1.51, 1.36, 1.74, 1.91, 2.11, 1.69, 2.11, 1.75, 1.73, 1.53, 1.63], [8.72, 7.74, 7.12, 6.3, 6.16, 7.04, 5.64, 5.15, 4.51, 1.9, 1.18, 0, 0.69, 1.29, 1.49, 1.7, 1.47, 2.48, 2.59, 1.76, 1.51, 1.86, 1.99, 3.16, 3.53, 3.54, 4.013, 3.763, 2.85, 2.4, 2.67, 2.52, 1.99, 4.11, 5.267, 5.41, 5.69, 5.89, 6.03, 6.137, 6.417, 6.964, 7.273, 6.583, 5.627, 4.46, 4.2, 4.67, 3.95, 4.26, 5.27, 4.18, 3.72, 4.65, 5.4, 5.79, 5.89, 5.2, 5.54, 6.605, 6.088, 5.425, 5.405, 5.321, 5.258, 5.218, 4.42, 3.92, 3.087, 2.66, 2.844, 2.38, 1.88, 1.61, 1.44, 1.35, 1.48, 1.66, 1.75, 1.45, 1.55, 2.19, 1.83, 1.83, 1.63, 1.45], [9.11, 8.13, 7.51, 6.69, 6.51, 7.41, 6.03, 5.46, 4.9, 2.23, 1.09, 0.69, 0, 1.02, 1.44, 1.67, 1.6, 2.69, 2.72, 1.83, 1.6, 1.97, 2.32, 3.43, 3.84, 3.83, 4.33, 4.093, 3.17, 2.71, 2.9, 2.78, 2.3, 4.43, 5.6, 5.763, 6.08, 6.28, 6.42, 6.51, 6.79, 7.337, 7.623, 6.933, 5.977, 4.85, 4.59, 5.08, 4.36, 4.67, 5.68, 4.59, 4.05, 5.06, 5.79, 6.18, 6.24, 5.57, 5.89, 7.015, 6.435, 5.835, 5.818, 5.708, 5.628, 5.625, 4.83, 4.31, 3.477, 3.03, 3.217, 2.717, 2.17, 1.84, 1.73, 1.56, 1.57, 1.47, 1.7, 1.58, 1.44, 1.88, 1.74, 1.8, 1.44, 1.52], [9.85, 8.87, 8.25, 7.37, 7.23, 8.13, 6.75, 6.18, 5.62, 2.67, 0.89, 1.29, 1.02, 0, 0.8, 1.07, 1.58, 3.167, 3.283, 2.29, 2.1, 2.37, 2.82, 3.93, 4.36, 4.43, 4.98, 4.868, 3.958, 3.43, 3.56, 3.471, 2.947, 5.075, 6.318, 6.494, 6.791, 6.977, 7.117, 7.298, 7.501, 8.028, 8.372, 7.682, 6.723, 5.51, 5.25, 5.7, 5.02, 5.31, 6.32, 5.23, 4.73, 5.72, 6.49, 6.86, 7.0, 6.25, 6.47, 7.56, 6.938, 6.475, 6.498, 6.371, 6.234, 6.248, 5.49, 4.95, 4.19, 3.61, 3.928, 3.45, 2.57, 2.16, 2.07, 1.72, 1.63, 1.53, 1.86, 2.14, 1.46, 1.68, 1.76, 1.96, 1.6, 1.6], [9.91, 8.95, 8.33, 7.47, 7.27, 8.19, 6.83, 6.32, 5.76, 2.75, 1.09, 1.49, 1.44, 0.8, 0, 0.79, 1.6, 3.23, 3.358, 2.47, 2.28, 2.49, 2.72, 3.91, 4.42, 4.49, 5.06, 4.91, 4.04, 3.51, 3.58, 3.565, 2.998, 5.075, 6.318, 6.571, 6.868, 7.028, 7.168, 7.375, 7.558, 8.085, 8.452, 7.782, 6.76, 5.55, 5.33, 5.66, 5.02, 5.29, 6.3, 5.15, 4.75, 5.72, 6.53, 6.94, 7.08, 6.37, 6.51, 7.48, 6.94, 6.52, 6.567, 6.477, 6.39, 6.25, 5.51, 5.03, 4.25, 3.61, 3.99, 3.49, 2.71, 2.34, 2.11, 1.84, 1.69, 1.67, 2.12, 2.16, 1.6, 1.84, 1.64, 1.86, 1.46, 1.54], [9.98, 9.02, 8.42, 7.58, 7.4, 8.3, 6.98, 6.43, 5.85, 2.9, 1.52, 1.7, 1.67, 1.07, 0.79, 0, 1.61, 3.4, 3.61, 2.84, 2.51, 2.62, 2.83, 4.12, 4.57, 4.66, 5.17, 5.0, 4.11, 3.6, 3.65, 3.66, 3.09, 5.262, 6.505, 6.664, 6.96, 7.14, 7.261, 7.465, 7.651, 8.198, 8.559, 7.88, 6.87, 5.66, 5.44, 5.79, 5.11, 5.38, 6.43, 5.24, 4.96, 5.89, 6.64, 7.03, 7.17, 6.34, 6.56, 7.53, 6.99, 6.55, 6.622, 6.52, 6.38, 6.32, 5.6, 5.12, 4.32, 3.74, 4.06, 3.58, 2.8, 2.47, 2.3, 1.91, 1.86, 1.78, 2.41, 2.37, 1.77, 1.85, 1.81, 2.17, 1.73, 1.65], [8.87, 7.89, 7.27, 6.39, 6.13, 7.05, 5.73, 5.14, 4.76, 2.03, 1.51, 1.47, 1.6, 1.58, 1.6, 1.61, 0, 1.97, 2.58, 2.11, 2.0, 2.31, 2.34, 2.99, 3.44, 3.29, 3.82, 3.71, 2.84, 2.35, 2.54, 2.47, 2.06, 3.94, 5.14, 5.49, 5.85, 6.03, 6.17, 6.24, 6.48, 6.99, 7.24, 6.55, 5.56, 4.47, 4.33, 4.92, 4.34, 4.57, 5.56, 4.49, 4.43, 5.32, 5.71, 5.98, 6.12, 5.63, 5.95, 6.88, 6.2, 5.74, 5.72, 5.65, 5.55, 5.49, 4.75, 4.11, 3.29, 2.67, 2.91, 2.43, 1.95, 2.02, 1.83, 1.82, 1.87, 2.57, 2.88, 2.44, 2.22, 3.18, 2.48, 2.26, 2.46, 2.26], [7.24, 6.26, 5.62, 4.86, 4.52, 5.34, 4.1, 3.57, 3.25, 1.26, 2.809, 2.48, 2.69, 3.167, 3.23, 3.4, 1.97, 0, 0.99, 1.46, 1.53, 1.68, 1.79, 2.04, 2.07, 1.78, 2.11, 2.08, 2.11, 2.12, 2.23, 2.18, 1.97, 2.35, 3.35, 3.88, 4.22, 4.38, 4.52, 4.59, 4.77, 5.3, 5.49, 4.8, 3.79, 2.94, 2.88, 3.39, 2.85, 3.14, 4.07, 3.38, 3.06, 3.91, 4.26, 4.51, 4.65, 4.24, 4.54, 5.49, 4.77, 4.35, 4.29, 4.24, 4.14, 4.02, 3.36, 2.72, 2.44, 2.22, 1.78, 1.7, 1.94, 2.23, 2.12, 2.41, 2.8, 3.76, 3.81, 3.09, 3.43, 4.27, 3.43, 2.99, 3.49, 3.29], [7.05, 6.07, 5.43, 4.71, 4.37, 5.13, 3.93, 3.42, 3.04, 1.59, 2.882, 2.59, 2.72, 3.283, 3.358, 3.61, 2.58, 0.99, 0, 1.23, 1.54, 1.75, 1.68, 1.93, 1.94, 1.67, 1.9, 1.93, 2.2, 2.17, 2.28, 2.25, 2.12, 2.26, 3.16, 3.75, 4.07, 4.21, 4.33, 4.4, 4.56, 5.09, 5.32, 4.63, 3.64, 2.91, 2.85, 3.3, 2.72, 2.95, 3.92, 3.17, 2.65, 3.5, 3.93, 4.22, 4.3, 3.91, 4.11, 5.22, 4.54, 4.1, 4.04, 3.93, 3.83, 3.85, 3.05, 2.63, 2.41, 2.25, 1.93, 1.75, 2.21, 2.46, 2.31, 2.34, 2.77, 3.67, 3.66, 2.98, 3.52, 4.26, 3.2, 2.76, 3.38, 3.14], [7.92, 6.94, 6.3, 5.44, 5.18, 6.08, 4.76, 4.21, 3.79, 1.7, 1.9, 1.76, 1.83, 2.29, 2.47, 2.84, 2.11, 1.46, 1.23, 0, 1.13, 1.5, 1.71, 2.38, 2.53, 2.44, 2.85, 2.74, 2.55, 2.28, 2.47, 2.3, 2.03, 3.07, 4.21, 4.54, 4.88, 5.06, 5.2, 5.27, 5.49, 6.02, 6.31, 5.62, 4.59, 3.6, 3.44, 3.97, 3.35, 3.62, 4.61, 3.66, 3.12, 4.03, 4.62, 4.97, 4.99, 4.5, 4.72, 5.81, 5.19, 4.69, 4.63, 4.52, 4.4, 4.46, 3.64, 3.14, 2.76, 2.5, 2.38, 2.12, 2.0, 2.13, 2.02, 2.05, 2.16, 2.66, 2.65, 2.27, 2.73, 3.21, 2.69, 2.23, 2.43, 2.37], [7.95, 6.95, 6.37, 5.47, 5.35, 6.25, 4.89, 4.4, 3.84, 1.33, 1.83, 1.51, 1.6, 2.1, 2.28, 2.51, 2.0, 1.53, 1.54, 1.13, 0, 0.93, 1.56, 2.45, 2.74, 2.65, 3.12, 3.05, 2.54, 2.33, 2.64, 2.35, 1.94, 3.2, 4.42, 4.63, 4.89, 5.09, 5.21, 5.34, 5.58, 6.11, 6.42, 5.73, 4.78, 3.61, 3.45, 3.94, 3.3, 3.57, 4.56, 3.55, 3.05, 3.96, 4.63, 4.98, 5.08, 4.49, 4.77, 5.82, 5.3, 4.68, 4.62, 4.49, 4.43, 4.47, 3.63, 3.11, 2.55, 2.43, 2.27, 2.15, 2.17, 2.0, 2.03, 2.08, 2.27, 2.73, 2.78, 2.06, 2.64, 3.12, 2.68, 2.42, 2.54, 2.32], [8.04, 7.08, 6.48, 5.62, 5.42, 6.32, 5.0, 4.41, 3.87, 1.4, 2.34, 1.86, 1.97, 2.37, 2.49, 2.62, 2.31, 1.68, 1.75, 1.5, 0.93, 0, 1.31, 2.34, 2.55, 2.56, 3.13, 3.2, 2.89, 2.78, 3.03, 2.68, 2.23, 3.27, 4.49, 4.68, 4.96, 5.12, 5.28, 5.49, 5.67, 6.2, 6.57, 5.88, 4.85, 3.72, 3.64, 3.83, 3.13, 3.36, 4.45, 3.56, 2.88, 3.83, 4.68, 5.09, 5.21, 4.38, 4.52, 5.45, 4.87, 4.55, 4.63, 4.48, 4.32, 4.38, 3.7, 3.26, 2.68, 2.62, 2.3, 2.16, 2.42, 2.31, 2.32, 2.43, 2.76, 2.82, 2.75, 2.01, 2.53, 3.25, 3.11, 2.85, 2.79, 2.67], [7.51, 6.53, 5.93, 5.07, 4.89, 5.79, 4.43, 3.88, 3.34, 1.43, 2.61, 1.99, 2.32, 2.82, 2.72, 2.83, 2.34, 1.79, 1.68, 1.71, 1.56, 1.31, 0, 1.49, 1.96, 2.05, 2.58, 2.45, 1.88, 1.95, 2.16, 1.91, 1.44, 2.64, 3.9, 4.17, 4.57, 4.61, 4.77, 4.96, 5.16, 5.67, 6.02, 5.33, 4.32, 3.15, 2.93, 3.3, 2.6, 2.87, 3.94, 2.89, 2.37, 3.4, 4.15, 4.54, 4.7, 3.87, 4.09, 4.96, 4.42, 4.02, 4.1, 3.99, 3.87, 3.81, 3.11, 2.59, 1.97, 1.77, 1.99, 1.75, 2.03, 2.0, 1.99, 2.16, 2.65, 3.07, 2.96, 2.12, 2.58, 3.56, 2.88, 2.68, 2.78, 2.62], [6.24, 5.24, 4.64, 3.78, 3.56, 4.46, 3.16, 2.67, 2.41, 1.94, 3.66, 3.16, 3.43, 3.93, 3.91, 4.12, 2.99, 2.04, 1.93, 2.38, 2.45, 2.34, 1.49, 0, 0.95, 1.02, 1.45, 1.42, 1.69, 1.92, 2.05, 1.86, 1.71, 1.69, 2.87, 3.26, 3.76, 3.5, 3.52, 3.67, 3.89, 4.4, 4.71, 4.02, 2.99, 2.04, 1.88, 2.11, 1.79, 1.86, 2.75, 2.24, 1.76, 2.55, 3.16, 3.37, 3.57, 2.92, 3.14, 3.99, 3.37, 2.95, 2.95, 2.92, 2.78, 2.68, 2.14, 1.74, 1.62, 1.74, 1.78, 1.9, 2.2, 2.55, 2.58, 3.03, 3.48, 4.12, 3.83, 3.07, 3.77, 4.81, 3.49, 3.17, 3.65, 3.31], [5.79, 4.81, 4.21, 3.33, 3.13, 4.03, 2.73, 2.24, 2.04, 2.19, 4.09, 3.53, 3.84, 4.36, 4.42, 4.57, 3.44, 2.07, 1.94, 2.53, 2.74, 2.55, 1.96, 0.95, 0, 0.65, 1.04, 1.19, 1.92, 2.29, 2.3, 1.97, 2.06, 1.48, 2.44, 2.89, 3.29, 3.11, 3.09, 3.22, 3.42, 3.95, 4.28, 3.59, 2.56, 1.71, 1.67, 1.72, 1.4, 1.49, 2.42, 2.07, 1.73, 2.22, 2.81, 3.14, 3.34, 2.65, 2.85, 3.74, 3.06, 2.58, 2.54, 2.49, 2.37, 2.19, 1.71, 1.47, 1.81, 2.05, 1.89, 2.07, 2.59, 2.96, 2.95, 3.42, 3.85, 4.53, 4.26, 3.52, 4.28, 5.28, 3.92, 3.64, 4.1, 3.8], [5.88, 4.88, 4.26, 3.38, 3.14, 4.02, 2.72, 2.39, 2.21, 2.1, 4.08, 3.54, 3.83, 4.43, 4.49, 4.66, 3.29, 1.78, 1.67, 2.44, 2.65, 2.56, 2.05, 1.02, 0.65, 0, 0.93, 1.12, 1.73, 2.08, 2.07, 1.9, 2.07, 1.59, 2.49, 3.06, 3.58, 3.36, 3.28, 3.27, 3.51, 4.02, 4.27, 3.58, 2.57, 1.68, 1.7, 1.95, 1.81, 1.82, 2.57, 2.14, 1.84, 2.39, 2.76, 3.09, 3.27, 2.84, 3.06, 3.93, 3.23, 2.79, 2.75, 2.7, 2.6, 2.52, 1.88, 1.54, 1.66, 2.02, 1.78, 2.0, 2.62, 2.97, 2.98, 3.41, 3.84, 4.68, 4.41, 3.69, 4.37, 5.37, 3.89, 3.47, 4.15, 3.83], [5.39, 4.37, 3.81, 3.11, 2.83, 3.53, 2.39, 2.24, 2.08, 2.573, 4.577, 4.013, 4.33, 4.98, 5.06, 5.17, 3.82, 2.11, 1.9, 2.85, 3.12, 3.13, 2.58, 1.45, 1.04, 0.93, 0, 0.77, 1.8, 2.27, 2.18, 2.05, 2.44, 1.32, 1.9, 2.63, 3.17, 2.83, 2.73, 2.76, 2.82, 3.31, 3.56, 2.89, 2.04, 1.47, 1.57, 1.9, 1.78, 1.87, 2.5, 2.27, 1.97, 2.48, 2.87, 3.12, 3.26, 2.91, 3.11, 4.0, 3.36, 2.78, 2.72, 2.69, 2.57, 2.45, 1.93, 1.75, 2.11, 2.17, 1.83, 2.21, 2.89, 3.4, 3.41, 3.84, 4.25, 5.13, 4.86, 4.14, 4.86, 5.86, 4.36, 3.9, 4.66, 4.32], [5.58, 4.58, 4.0, 3.28, 2.98, 3.74, 2.58, 2.43, 2.21, 2.46, 4.384, 3.763, 4.093, 4.868, 4.91, 5.0, 3.71, 2.08, 1.93, 2.74, 3.05, 3.2, 2.45, 1.42, 1.19, 1.12, 0.77, 0, 1.49, 1.9, 1.83, 1.82, 2.17, 1.13, 1.83, 2.68, 3.26, 3.0, 2.92, 2.93, 2.99, 3.48, 3.61, 2.92, 2.15, 1.62, 1.66, 1.93, 1.79, 2.0, 2.65, 2.46, 2.04, 2.71, 3.16, 3.39, 3.43, 3.12, 3.48, 4.25, 3.77, 3.03, 2.91, 2.9, 2.82, 2.58, 2.08, 1.66, 2.0, 1.98, 1.78, 2.04, 2.62, 3.13, 3.14, 3.59, 4.0, 5.0, 4.71, 3.95, 4.65, 5.61, 4.19, 3.75, 4.47, 4.09], [6.27, 5.25, 4.55, 3.87, 3.79, 4.63, 3.37, 3.38, 3.08, 2.19, 3.514, 2.85, 3.17, 3.958, 4.04, 4.11, 2.84, 2.11, 2.2, 2.55, 2.54, 2.89, 1.88, 1.69, 1.92, 1.73, 1.8, 1.49, 0, 0.87, 0.98, 0.83, 1.2, 1.92, 3.14, 3.51, 3.97, 3.75, 3.65, 3.58, 3.66, 4.25, 4.56, 3.83, 2.94, 2.03, 1.87, 2.6, 2.54, 2.63, 3.16, 2.35, 2.31, 3.06, 3.45, 3.76, 3.84, 3.93, 4.21, 4.88, 4.46, 3.58, 3.54, 3.57, 3.53, 3.23, 2.49, 1.77, 1.41, 1.25, 1.43, 1.73, 2.15, 2.6, 2.53, 2.84, 3.13, 4.01, 3.68, 2.92, 3.64, 4.54, 3.34, 2.9, 3.52, 3.08], [6.9, 5.88, 5.16, 4.44, 4.42, 5.26, 3.98, 3.87, 3.51, 2.32, 3.08, 2.4, 2.71, 3.43, 3.51, 3.6, 2.35, 2.12, 2.17, 2.28, 2.33, 2.78, 1.95, 1.92, 2.29, 2.08, 2.27, 1.9, 0.87, 0, 0.63, 0.92, 1.09, 2.37, 3.55, 3.98, 4.46, 4.24, 4.14, 4.17, 4.25, 4.86, 5.17, 4.4, 3.49, 2.66, 2.44, 3.15, 3.03, 3.0, 3.73, 2.7, 2.48, 3.31, 3.7, 3.99, 4.07, 4.2, 4.52, 5.27, 4.81, 4.11, 4.01, 4.04, 4.02, 3.86, 2.94, 2.22, 1.62, 1.34, 1.54, 1.72, 2.08, 2.43, 2.42, 2.53, 2.7, 3.54, 3.19, 2.41, 3.15, 3.99, 2.79, 2.33, 2.97, 2.57], [6.83, 5.81, 5.13, 4.49, 4.37, 5.19, 3.97, 3.84, 3.54, 2.53, 3.27, 2.67, 2.9, 3.56, 3.58, 3.65, 2.54, 2.23, 2.28, 2.47, 2.64, 3.03, 2.16, 2.05, 2.3, 2.07, 2.18, 1.83, 0.98, 0.63, 0, 0.79, 1.28, 2.16, 3.38, 3.81, 4.23, 4.05, 4.09, 4.1, 4.24, 4.83, 5.1, 4.33, 3.38, 2.63, 2.47, 3.1, 3.0, 3.03, 3.72, 2.75, 2.65, 3.46, 3.85, 4.16, 4.26, 4.27, 4.59, 5.36, 4.86, 4.18, 4.1, 4.15, 4.13, 3.87, 2.95, 2.19, 1.81, 1.37, 1.63, 1.95, 2.17, 2.4, 2.51, 2.62, 2.71, 3.57, 3.24, 2.48, 3.18, 4.1, 2.82, 2.34, 2.96, 2.56], [6.64, 5.64, 4.94, 4.24, 4.14, 4.98, 3.72, 3.61, 3.23, 2.22, 3.2, 2.52, 2.78, 3.471, 3.565, 3.66, 2.47, 2.18, 2.25, 2.3, 2.35, 2.68, 1.91, 1.86, 1.97, 1.9, 2.05, 1.82, 0.83, 0.92, 0.79, 0, 0.95, 2.07, 3.35, 3.64, 4.06, 3.94, 3.92, 3.95, 4.13, 4.68, 5.05, 4.28, 3.33, 2.38, 2.18, 2.85, 2.61, 2.72, 3.33, 2.38, 2.42, 3.21, 3.62, 3.99, 4.05, 3.98, 4.26, 4.99, 4.55, 3.73, 3.67, 3.72, 3.68, 3.42, 2.56, 1.84, 1.48, 1.22, 1.44, 1.7, 1.92, 2.35, 2.4, 2.65, 2.72, 3.48, 3.15, 2.31, 3.07, 4.07, 2.75, 2.31, 2.91, 2.51], [7.03, 6.05, 5.45, 4.61, 4.53, 5.45, 4.15, 3.74, 3.24, 1.63, 2.73, 1.99, 2.3, 2.947, 2.998, 3.09, 2.06, 1.97, 2.12, 2.03, 1.94, 2.23, 1.44, 1.71, 2.06, 2.07, 2.44, 2.17, 1.2, 1.09, 1.28, 0.95, 0, 2.38, 3.7, 3.69, 4.09, 4.11, 4.25, 4.44, 4.62, 5.17, 5.58, 4.89, 3.94, 2.79, 2.61, 3.0, 2.42, 2.67, 3.64, 2.61, 2.45, 3.32, 3.83, 4.26, 4.36, 3.93, 4.25, 5.06, 4.64, 3.94, 3.94, 3.93, 3.89, 3.63, 2.79, 2.25, 1.61, 1.23, 1.57, 1.55, 1.53, 1.88, 1.83, 2.12, 2.27, 3.05, 2.8, 1.98, 2.62, 3.5, 2.48, 2.12, 2.5, 2.22], [5.33, 4.31, 3.69, 3.11, 2.91, 3.59, 2.49, 2.18, 2.02, 2.553, 4.557, 4.11, 4.43, 5.075, 5.075, 5.262, 3.94, 2.35, 2.26, 3.07, 3.2, 3.27, 2.64, 1.69, 1.48, 1.59, 1.32, 1.13, 1.92, 2.37, 2.16, 2.07, 2.38, 0, 1.44, 1.99, 2.57, 2.41, 2.53, 2.62, 2.72, 3.25, 3.56, 2.79, 1.92, 1.61, 1.93, 1.86, 1.76, 2.25, 2.8, 2.97, 2.45, 2.8, 3.29, 3.52, 3.58, 3.21, 3.67, 4.42, 3.96, 3.3, 3.12, 3.01, 2.99, 2.73, 2.25, 1.91, 2.23, 2.21, 1.97, 2.09, 2.71, 3.18, 3.41, 3.88, 4.29, 5.23, 4.78, 3.98, 4.68, 5.84, 4.34, 3.84, 4.46, 4.18], [4.49, 3.45, 2.87, 2.37, 2.07, 2.67, 1.77, 1.54, 1.48, 3.796, 5.754, 5.267, 5.6, 6.318, 6.318, 6.505, 5.14, 3.35, 3.16, 4.21, 4.42, 4.49, 3.9, 2.87, 2.44, 2.49, 1.9, 1.83, 3.14, 3.55, 3.38, 3.35, 3.7, 1.44, 0, 1.35, 2.03, 1.77, 1.71, 1.78, 2.0, 2.43, 2.52, 1.81, 1.68, 2.41, 2.73, 2.36, 2.46, 2.55, 2.94, 3.41, 3.07, 2.92, 3.03, 3.08, 2.84, 2.55, 3.01, 3.72, 3.48, 3.26, 2.92, 2.71, 2.71, 2.99, 2.65, 2.93, 3.43, 3.49, 3.21, 3.31, 3.93, 4.36, 4.53, 5.04, 5.41, 6.43, 6.1, 5.26, 5.94, 7.046, 5.62, 5.08, 5.74, 5.52], [3.96, 2.96, 2.54, 2.36, 2.34, 2.48, 1.78, 1.45, 1.43, 3.964, 6.09, 5.41, 5.763, 6.494, 6.571, 6.664, 5.49, 3.88, 3.75, 4.54, 4.63, 4.68, 4.17, 3.26, 2.89, 3.06, 2.63, 2.68, 3.51, 3.98, 3.81, 3.64, 3.69, 1.99, 1.35, 0, 0.98, 0.8, 1.22, 1.45, 1.91, 2.24, 2.45, 2.22, 2.09, 2.9, 3.08, 2.71, 2.53, 2.78, 3.05, 3.58, 3.24, 3.11, 3.08, 3.25, 3.09, 2.66, 2.96, 3.73, 3.71, 3.39, 3.19, 2.98, 3.04, 3.22, 2.9, 3.16, 3.62, 3.76, 3.46, 3.7, 4.14, 4.59, 4.84, 5.31, 5.74, 6.56, 6.17, 5.31, 5.99, 7.15, 5.89, 5.39, 5.93, 5.61], [3.94, 3.06, 2.74, 2.72, 2.82, 2.64, 2.28, 1.89, 1.91, 4.278, 6.39, 5.69, 6.08, 6.791, 6.868, 6.96, 5.85, 4.22, 4.07, 4.88, 4.89, 4.96, 4.57, 3.76, 3.29, 3.58, 3.17, 3.26, 3.97, 4.46, 4.23, 4.06, 4.09, 2.57, 2.03, 0.98, 0, 0.88, 1.42, 1.73, 2.17, 2.52, 2.75, 2.66, 2.49, 3.22, 3.42, 2.97, 2.83, 3.1, 3.45, 3.96, 3.62, 3.47, 3.48, 3.61, 3.59, 3.2, 3.4, 4.13, 4.19, 3.83, 3.63, 3.44, 3.5, 3.64, 3.36, 3.4, 3.86, 4.06, 3.76, 3.86, 4.36, 4.81, 5.0, 5.51, 5.9, 6.68, 6.23, 5.39, 6.25, 7.308, 6.13, 5.63, 6.15, 5.79], [3.58, 2.58, 2.22, 2.18, 2.3, 2.22, 1.82, 1.65, 1.73, 4.413, 6.607, 5.89, 6.28, 6.977, 7.028, 7.14, 6.03, 4.38, 4.21, 5.06, 5.09, 5.12, 4.61, 3.5, 3.11, 3.36, 2.83, 3.0, 3.75, 4.24, 4.05, 3.94, 4.11, 2.41, 1.77, 0.8, 0.88, 0, 0.88, 1.27, 1.67, 2.02, 2.29, 2.1, 1.99, 2.78, 2.98, 2.49, 2.43, 2.62, 2.93, 3.5, 3.18, 2.97, 2.92, 3.23, 3.01, 2.82, 2.84, 3.55, 3.69, 3.43, 3.21, 3.04, 3.08, 3.18, 2.84, 3.08, 3.54, 3.72, 3.44, 3.84, 4.54, 5.03, 5.2, 5.71, 6.1, 6.82, 6.19, 5.47, 6.39, 7.451, 6.27, 5.79, 6.31, 5.91], [3.18, 2.16, 1.74, 1.68, 1.84, 1.96, 1.58, 1.65, 1.75, 4.593, 6.73, 6.03, 6.42, 7.117, 7.168, 7.261, 6.17, 4.52, 4.33, 5.2, 5.21, 5.28, 4.77, 3.52, 3.09, 3.28, 2.73, 2.92, 3.65, 4.14, 4.09, 3.92, 4.25, 2.53, 1.71, 1.22, 1.42, 0.88, 0, 0.67, 1.11, 1.62, 2.03, 1.68, 1.71, 2.38, 2.56, 2.13, 2.407, 2.24, 2.35, 3.08, 3.1, 2.75, 2.58, 2.71, 2.61, 2.46, 2.56, 3.11, 3.17, 2.81, 2.59, 2.46, 2.5, 2.62, 2.5, 2.8, 3.3, 3.66, 3.38, 3.96, 4.7, 5.25, 5.33, 5.823, 6.213, 6.921, 6.342, 5.69, 6.605, 7.588, 6.38, 5.95, 6.51, 6.09], [2.87, 1.93, 1.55, 1.47, 1.57, 1.73, 1.39, 1.66, 1.98, 4.765, 6.857, 6.137, 6.51, 7.298, 7.375, 7.465, 6.24, 4.59, 4.4, 5.27, 5.34, 5.49, 4.96, 3.67, 3.22, 3.27, 2.76, 2.93, 3.58, 4.17, 4.1, 3.95, 4.44, 2.62, 1.78, 1.45, 1.73, 1.27, 0.67, 0, 0.78, 1.21, 1.56, 1.47, 1.42, 2.15, 2.35, 2.12, 2.637, 2.45, 2.2, 2.99, 3.287, 2.76, 2.53, 2.6, 2.42, 2.47, 2.65, 3.02, 2.98, 2.52, 2.3, 2.17, 2.17, 2.35, 2.27, 2.75, 3.31, 3.83, 3.51, 4.03, 4.81, 5.34, 5.417, 5.873, 6.3, 7.088, 6.552, 5.912, 6.829, 7.795, 6.521, 6.047, 6.715, 6.278], [2.89, 2.07, 1.57, 1.47, 1.67, 1.81, 1.67, 1.94, 2.4, 4.968, 7.097, 6.417, 6.79, 7.501, 7.558, 7.651, 6.48, 4.77, 4.56, 5.49, 5.58, 5.67, 5.16, 3.89, 3.42, 3.51, 2.82, 2.99, 3.66, 4.25, 4.24, 4.13, 4.62, 2.72, 2.0, 1.91, 2.17, 1.67, 1.11, 0.78, 0, 0.83, 1.38, 1.19, 1.52, 2.31, 2.47, 2.24, 2.877, 2.562, 2.26, 3.11, 3.407, 2.82, 2.59, 2.62, 2.54, 2.79, 2.89, 3.18, 3.1, 2.58, 2.3, 2.23, 2.23, 2.25, 2.31, 2.81, 3.47, 4.01, 3.65, 4.23, 5.03, 5.6, 5.677, 6.093, 6.54, 7.311, 6.806, 6.16, 7.083, 7.978, 6.744, 6.32, 6.92, 6.5], [2.58, 1.74, 1.44, 1.36, 1.54, 1.5, 1.94, 2.39, 2.87, 5.515, 7.664, 6.964, 7.337, 8.028, 8.085, 8.198, 6.99, 5.3, 5.09, 6.02, 6.11, 6.2, 5.67, 4.4, 3.95, 4.02, 3.31, 3.48, 4.25, 4.86, 4.83, 4.68, 5.17, 3.25, 2.43, 2.24, 2.52, 2.02, 1.62, 1.21, 0.83, 0, 0.75, 0.98, 1.73, 2.76, 2.92, 2.59, 3.456, 3.146, 2.39, 3.42, 4.086, 3.11, 2.62, 2.63, 2.49, 2.9, 2.96, 3.05, 3.01, 2.45, 2.13, 2.14, 2.2, 2.22, 2.82, 3.4, 4.06, 4.54, 4.18, 4.78, 5.58, 6.15, 6.2, 6.63, 7.067, 7.878, 7.393, 6.73, 7.67, 8.505, 7.311, 6.87, 7.49, 7.07], [2.79, 1.95, 1.73, 1.73, 1.67, 1.69, 2.17, 2.64, 3.06, 5.876, 7.928, 7.273, 7.623, 8.372, 8.452, 8.559, 7.24, 5.49, 5.32, 6.31, 6.42, 6.57, 6.02, 4.71, 4.28, 4.27, 3.56, 3.61, 4.56, 5.17, 5.1, 5.05, 5.58, 3.56, 2.52, 2.45, 2.75, 2.29, 2.03, 1.56, 1.38, 0.75, 0, 0.91, 1.86, 3.03, 3.27, 2.98, 3.866, 3.536, 2.72, 3.81, 4.516, 3.54, 2.99, 2.94, 2.68, 3.15, 3.31, 3.4, 3.28, 2.76, 2.48, 2.33, 2.47, 2.51, 3.21, 3.79, 4.47, 4.89, 4.55, 5.05, 5.91, 6.46, 6.41, 6.872, 7.291, 8.196, 7.763, 7.12, 8.04, 8.912, 7.598, 7.12, 7.86, 7.42], [3.22, 2.18, 1.9, 1.7, 1.6, 1.94, 1.98, 2.49, 2.63, 5.186, 7.198, 6.583, 6.933, 7.682, 7.782, 7.88, 6.55, 4.8, 4.63, 5.62, 5.73, 5.88, 5.33, 4.02, 3.59, 3.58, 2.89, 2.92, 3.83, 4.4, 4.33, 4.28, 4.89, 2.79, 1.81, 2.22, 2.66, 2.1, 1.68, 1.47, 1.19, 0.98, 0.91, 0, 1.15, 2.36, 2.54, 2.31, 3.176, 2.9, 2.39, 3.36, 3.726, 2.85, 2.68, 2.75, 2.55, 2.96, 3.16, 3.39, 3.11, 2.63, 2.29, 2.14, 2.14, 2.22, 2.46, 3.06, 3.74, 4.18, 3.86, 4.3, 5.14, 5.69, 5.72, 6.202, 6.601, 7.526, 6.993, 6.37, 7.29, 8.222, 6.888, 6.37, 7.09, 6.65], [3.95, 2.91, 2.45, 2.09, 1.85, 2.39, 2.01, 2.34, 2.48, 4.213, 6.208, 5.627, 5.977, 6.723, 6.76, 6.87, 5.56, 3.79, 3.64, 4.59, 4.78, 4.85, 4.32, 2.99, 2.56, 2.57, 2.04, 2.15, 2.94, 3.49, 3.38, 3.33, 3.94, 1.92, 1.68, 2.09, 2.49, 1.99, 1.71, 1.42, 1.52, 1.73, 1.86, 1.15, 0, 1.45, 1.71, 1.52, 2.34, 2.17, 2.24, 2.81, 2.93, 2.58, 2.75, 2.9, 2.82, 2.97, 3.23, 3.66, 3.32, 2.66, 2.4, 2.21, 2.15, 2.13, 1.95, 2.27, 2.79, 3.25, 2.93, 3.29, 4.19, 4.72, 4.79, 5.26, 5.631, 6.57, 6.023, 5.4, 6.32, 7.274, 5.86, 5.34, 6.1, 5.66], [4.58, 3.5, 3.0, 2.3, 2.22, 3.16, 2.44, 2.57, 2.51, 3.02, 5.04, 4.46, 4.85, 5.51, 5.55, 5.66, 4.47, 2.94, 2.91, 3.6, 3.61, 3.72, 3.15, 2.04, 1.71, 1.68, 1.47, 1.62, 2.03, 2.66, 2.63, 2.38, 2.79, 1.61, 2.41, 2.9, 3.22, 2.78, 2.38, 2.15, 2.31, 2.76, 3.03, 2.36, 1.45, 0, 0.66, 1.15, 1.71, 1.64, 1.95, 2.12, 2.14, 2.39, 2.7, 2.91, 2.99, 2.94, 3.22, 3.65, 3.15, 2.29, 2.31, 2.28, 2.18, 1.82, 1.38, 1.18, 1.76, 2.16, 1.94, 2.38, 3.2, 3.71, 3.62, 4.17, 4.5, 5.36, 4.87, 4.25, 5.15, 6.07, 4.67, 4.21, 4.97, 4.53], [4.8, 3.74, 3.2, 2.48, 2.48, 3.4, 2.62, 2.77, 2.69, 2.88, 4.82, 4.2, 4.59, 5.25, 5.33, 5.44, 4.33, 2.88, 2.85, 3.44, 3.45, 3.64, 2.93, 1.88, 1.67, 1.7, 1.57, 1.66, 1.87, 2.44, 2.47, 2.18, 2.61, 1.93, 2.73, 3.08, 3.42, 2.98, 2.56, 2.35, 2.47, 2.92, 3.27, 2.54, 1.71, 0.66, 0, 1.19, 1.61, 1.58, 1.83, 1.78, 1.86, 2.17, 2.52, 2.81, 2.87, 2.94, 3.1, 3.61, 3.13, 2.25, 2.29, 2.32, 2.24, 1.88, 1.36, 1.06, 1.56, 2.04, 1.92, 2.44, 3.04, 3.47, 3.4, 3.93, 4.32, 5.1, 4.59, 3.97, 4.87, 5.81, 4.47, 4.05, 4.71, 4.29], [4.33, 3.35, 2.79, 2.13, 2.09, 3.07, 2.37, 2.42, 2.26, 3.29, 5.41, 4.67, 5.08, 5.7, 5.66, 5.79, 4.92, 3.39, 3.3, 3.97, 3.94, 3.83, 3.3, 2.11, 1.72, 1.95, 1.9, 1.93, 2.6, 3.15, 3.1, 2.85, 3.0, 1.86, 2.36, 2.71, 2.97, 2.49, 2.13, 2.12, 2.24, 2.59, 2.98, 2.31, 1.52, 1.15, 1.19, 0, 1.2, 1.11, 1.38, 1.87, 1.89, 1.78, 2.25, 2.6, 2.82, 2.47, 2.61, 3.22, 2.84, 2.08, 2.06, 2.01, 1.95, 1.55, 1.51, 1.61, 2.17, 2.53, 2.33, 2.93, 3.57, 4.02, 3.95, 4.46, 4.89, 5.43, 4.92, 4.28, 5.22, 6.1, 5.06, 4.72, 5.18, 4.78], [5.19, 4.25, 3.69, 2.87, 2.79, 3.71, 2.69, 2.32, 1.86, 2.67, 4.75, 3.95, 4.36, 5.02, 5.02, 5.11, 4.34, 2.85, 2.72, 3.35, 3.3, 3.13, 2.6, 1.79, 1.4, 1.81, 1.78, 1.79, 2.54, 3.03, 3.0, 2.61, 2.42, 1.76, 2.46, 2.53, 2.83, 2.43, 2.407, 2.637, 2.877, 3.456, 3.866, 3.176, 2.34, 1.71, 1.61, 1.2, 0, 0.89, 1.72, 1.99, 1.53, 1.8, 2.47, 3.0, 3.18, 2.53, 2.71, 3.5, 3.06, 2.38, 2.38, 2.39, 2.35, 1.97, 1.59, 1.55, 2.11, 2.41, 2.13, 2.41, 3.03, 3.42, 3.35, 3.78, 4.21, 4.71, 4.3, 3.62, 4.48, 5.44, 4.48, 4.24, 4.54, 4.28], [4.88, 3.94, 3.36, 2.56, 2.52, 3.5, 2.48, 2.21, 1.99, 2.94, 5.04, 4.26, 4.67, 5.31, 5.29, 5.38, 4.57, 3.14, 2.95, 3.62, 3.57, 3.36, 2.87, 1.86, 1.49, 1.82, 1.87, 2.0, 2.63, 3.0, 3.03, 2.72, 2.67, 2.25, 2.55, 2.78, 3.1, 2.62, 2.24, 2.45, 2.562, 3.146, 3.536, 2.9, 2.17, 1.64, 1.58, 1.11, 0.89, 0, 1.39, 1.44, 1.4, 1.41, 1.96, 2.41, 2.65, 2.12, 2.2, 2.97, 2.57, 1.91, 1.93, 2.0, 1.92, 1.72, 1.26, 1.5, 2.0, 2.42, 2.2, 2.58, 3.28, 3.69, 3.6, 4.07, 4.5, 4.98, 4.49, 3.83, 4.71, 5.67, 4.71, 4.41, 4.81, 4.47], [3.97, 3.01, 2.39, 1.67, 1.65, 2.61, 2.17, 2.5, 2.42, 3.93, 5.99, 5.27, 5.68, 6.32, 6.3, 6.43, 5.56, 4.07, 3.92, 4.61, 4.56, 4.45, 3.94, 2.75, 2.42, 2.57, 2.5, 2.65, 3.16, 3.73, 3.72, 3.33, 3.64, 2.8, 2.94, 3.05, 3.45, 2.93, 2.35, 2.2, 2.26, 2.39, 2.72, 2.39, 2.24, 1.95, 1.83, 1.38, 1.72, 1.39, 0, 1.47, 2.03, 1.28, 1.43, 1.8, 2.16, 2.23, 2.21, 2.48, 2.12, 1.2, 1.24, 1.21, 1.31, 1.03, 1.41, 1.83, 2.51, 3.19, 3.01, 3.53, 4.15, 4.58, 4.61, 5.1, 5.51, 6.07, 5.38, 4.74, 5.7, 6.76, 5.66, 5.3, 5.72, 5.34], [5.14, 4.14, 3.54, 2.76, 2.74, 3.7, 2.82, 3.03, 2.89, 3.24, 4.9, 4.18, 4.59, 5.23, 5.15, 5.24, 4.49, 3.38, 3.17, 3.66, 3.55, 3.56, 2.89, 2.24, 2.07, 2.14, 2.27, 2.46, 2.35, 2.7, 2.75, 2.38, 2.61, 2.97, 3.41, 3.58, 3.96, 3.5, 3.08, 2.99, 3.11, 3.42, 3.81, 3.36, 2.81, 2.12, 1.78, 1.87, 1.99, 1.44, 1.47, 0, 1.44, 1.61, 1.98, 2.45, 2.69, 2.56, 2.44, 3.03, 2.65, 1.99, 2.09, 2.14, 2.12, 1.76, 1.6, 1.84, 2.0, 2.32, 2.58, 3.02, 3.5, 3.83, 3.74, 4.15, 4.44, 4.92, 4.27, 3.51, 4.51, 5.57, 4.57, 4.27, 4.63, 4.25], [5.869, 4.9, 4.24, 3.44, 3.52, 4.479, 3.16, 2.97, 2.57, 2.68, 4.52, 3.72, 4.05, 4.73, 4.75, 4.96, 4.43, 3.06, 2.65, 3.12, 3.05, 2.88, 2.37, 1.76, 1.73, 1.84, 1.97, 2.04, 2.31, 2.48, 2.65, 2.42, 2.45, 2.45, 3.07, 3.24, 3.62, 3.18, 3.1, 3.287, 3.407, 4.086, 4.516, 3.726, 2.93, 2.14, 1.86, 1.89, 1.53, 1.4, 2.03, 1.44, 0, 1.31, 2.36, 2.89, 3.05, 2.72, 2.94, 3.69, 3.35, 2.71, 2.766, 2.676, 2.616, 2.433, 1.54, 1.68, 1.96, 2.46, 2.44, 2.66, 2.94, 3.07, 3.2, 3.75, 4.08, 4.52, 3.95, 3.11, 3.95, 5.09, 4.29, 3.95, 4.11, 3.81], [4.836, 3.836, 3.17, 2.37, 2.45, 3.39, 2.45, 2.66, 2.46, 3.51, 5.39, 4.65, 5.06, 5.72, 5.72, 5.89, 5.32, 3.91, 3.5, 4.03, 3.96, 3.83, 3.4, 2.55, 2.22, 2.39, 2.48, 2.71, 3.06, 3.31, 3.46, 3.21, 3.32, 2.8, 2.92, 3.11, 3.47, 2.97, 2.75, 2.76, 2.82, 3.11, 3.54, 2.85, 2.58, 2.39, 2.17, 1.78, 1.8, 1.41, 1.28, 1.61, 1.31, 0, 1.29, 1.88, 1.98, 2.07, 2.07, 2.7, 2.36, 1.8, 1.74, 1.69, 1.61, 1.61, 1.53, 2.11, 2.45, 3.21, 3.03, 3.21, 3.71, 3.9, 4.03, 4.56, 4.93, 5.49, 4.9, 4.12, 5.02, 6.14, 5.12, 4.82, 5.1, 4.7], [3.72, 2.76, 2.2, 1.72, 1.82, 2.5, 2.06, 2.43, 2.37, 3.98, 6.12, 5.4, 5.79, 6.49, 6.53, 6.64, 5.71, 4.26, 3.93, 4.62, 4.63, 4.68, 4.15, 3.16, 2.81, 2.76, 2.87, 3.16, 3.45, 3.7, 3.85, 3.62, 3.83, 3.29, 3.03, 3.08, 3.48, 2.92, 2.58, 2.53, 2.59, 2.62, 2.99, 2.68, 2.75, 2.7, 2.52, 2.25, 2.47, 1.96, 1.43, 1.98, 2.36, 1.29, 0, 0.79, 1.11, 1.74, 1.68, 1.99, 1.63, 1.51, 1.41, 1.56, 1.64, 1.74, 2.08, 2.54, 2.78, 3.56, 3.26, 3.52, 4.3, 4.63, 4.7, 5.19, 5.6, 6.32, 5.75, 5.05, 5.93, 6.95, 5.77, 5.35, 5.89, 5.47], [3.19, 2.35, 1.95, 1.55, 1.71, 2.27, 2.11, 2.52, 2.42, 4.41, 6.45, 5.79, 6.18, 6.86, 6.94, 7.03, 5.98, 4.51, 4.22, 4.97, 4.98, 5.09, 4.54, 3.37, 3.14, 3.09, 3.12, 3.39, 3.76, 3.99, 4.16, 3.99, 4.26, 3.52, 3.08, 3.25, 3.61, 3.23, 2.71, 2.6, 2.62, 2.63, 2.94, 2.75, 2.9, 2.91, 2.81, 2.6, 3.0, 2.41, 1.8, 2.45, 2.89, 1.88, 0.79, 0, 0.92, 1.63, 1.77, 1.68, 1.48, 1.48, 1.36, 1.61, 1.71, 1.99, 2.47, 2.91, 3.17, 3.91, 3.63, 3.83, 4.65, 5.02, 5.05, 5.54, 5.93, 6.69, 6.24, 5.56, 6.46, 7.36, 6.1, 5.7, 6.3, 5.86], [3.17, 2.25, 1.97, 1.61, 1.55, 2.11, 1.89, 2.36, 2.4, 4.59, 6.55, 5.89, 6.24, 7.0, 7.08, 7.17, 6.12, 4.65, 4.3, 4.99, 5.08, 5.21, 4.7, 3.57, 3.34, 3.27, 3.26, 3.43, 3.84, 4.07, 4.26, 4.05, 4.36, 3.58, 2.84, 3.09, 3.59, 3.01, 2.61, 2.42, 2.54, 2.49, 2.68, 2.55, 2.82, 2.99, 2.87, 2.82, 3.18, 2.65, 2.16, 2.69, 3.05, 1.98, 1.11, 0.92, 0, 1.13, 1.39, 1.42, 1.34, 1.72, 1.44, 1.63, 1.67, 2.13, 2.45, 3.01, 3.37, 4.09, 3.81, 3.93, 4.67, 5.02, 5.11, 5.5, 5.99, 6.83, 6.34, 5.64, 6.58, 7.52, 6.24, 5.82, 6.42, 5.98], [3.72, 2.78, 2.64, 2.16, 1.84, 2.46, 1.84, 1.79, 1.83, 4.08, 6.02, 5.2, 5.57, 6.25, 6.37, 6.34, 5.63, 4.24, 3.91, 4.5, 4.49, 4.38, 3.87, 2.92, 2.65, 2.84, 2.91, 3.12, 3.93, 4.2, 4.27, 3.98, 3.93, 3.21, 2.55, 2.66, 3.2, 2.82, 2.46, 2.47, 2.79, 2.9, 3.15, 2.96, 2.97, 2.94, 2.94, 2.47, 2.53, 2.12, 2.23, 2.56, 2.72, 2.07, 1.74, 1.63, 1.13, 0, 0.96, 1.63, 1.31, 1.83, 1.61, 1.58, 1.56, 2.02, 2.34, 3.02, 3.4, 3.78, 3.54, 3.78, 4.36, 4.59, 4.66, 5.03, 5.52, 6.02, 5.71, 5.03, 5.91, 6.89, 5.73, 5.45, 5.83, 5.43], [3.56, 2.66, 2.54, 2.2, 2.0, 2.38, 1.92, 2.09, 2.19, 4.26, 6.26, 5.54, 5.89, 6.47, 6.51, 6.56, 5.95, 4.54, 4.11, 4.72, 4.77, 4.52, 4.09, 3.14, 2.85, 3.06, 3.11, 3.48, 4.21, 4.52, 4.59, 4.26, 4.25, 3.67, 3.01, 2.96, 3.4, 2.84, 2.56, 2.65, 2.89, 2.96, 3.31, 3.16, 3.23, 3.22, 3.1, 2.61, 2.71, 2.2, 2.21, 2.44, 2.94, 2.07, 1.68, 1.77, 1.39, 0.96, 0, 1.31, 1.27, 1.95, 1.85, 1.74, 1.76, 2.16, 2.48, 3.22, 3.48, 3.92, 3.64, 4.02, 4.66, 4.93, 4.94, 5.37, 5.8, 6.24, 5.75, 5.15, 6.03, 7.11, 5.95, 5.67, 6.01, 5.67], [2.73, 2.33, 2.41, 2.21, 2.17, 2.53, 2.43, 2.9, 3.04, 5.31, 7.29, 6.605, 7.015, 7.56, 7.48, 7.53, 6.88, 5.49, 5.22, 5.81, 5.82, 5.45, 4.96, 3.99, 3.74, 3.93, 4.0, 4.25, 4.88, 5.27, 5.36, 4.99, 5.06, 4.42, 3.72, 3.73, 4.13, 3.55, 3.11, 3.02, 3.18, 3.05, 3.4, 3.39, 3.66, 3.65, 3.61, 3.22, 3.5, 2.97, 2.48, 3.03, 3.69, 2.7, 1.99, 1.68, 1.42, 1.63, 1.31, 0, 0.98, 1.72, 1.78, 1.91, 1.85, 2.25, 2.89, 3.63, 4.07, 4.69, 4.47, 4.95, 5.59, 5.92, 5.99, 6.4, 6.81, 7.27, 6.624, 6.0, 6.9, 8.03, 6.98, 6.7, 6.96, 6.62], [3.25, 2.55, 2.51, 2.23, 2.07, 2.61, 2.47, 2.76, 2.84, 4.77, 6.77, 6.088, 6.435, 6.938, 6.94, 6.99, 6.2, 4.77, 4.54, 5.19, 5.3, 4.87, 4.42, 3.37, 3.06, 3.23, 3.36, 3.77, 4.46, 4.81, 4.86, 4.55, 4.64, 3.96, 3.48, 3.71, 4.19, 3.69, 3.17, 2.98, 3.1, 3.01, 3.28, 3.11, 3.32, 3.15, 3.13, 2.84, 3.06, 2.57, 2.12, 2.65, 3.35, 2.36, 1.63, 1.48, 1.34, 1.31, 1.27, 0.98, 0, 1.32, 1.48, 1.65, 1.55, 1.83, 2.39, 3.15, 3.59, 4.21, 3.99, 4.43, 5.15, 5.44, 5.49, 5.878, 6.348, 6.74, 6.176, 5.611, 6.54, 7.57, 6.48, 6.18, 6.44, 6.18], [3.51, 2.57, 2.15, 1.75, 1.73, 2.47, 2.37, 2.7, 2.62, 4.25, 6.23, 5.425, 5.835, 6.475, 6.52, 6.55, 5.74, 4.35, 4.1, 4.69, 4.68, 4.55, 4.02, 2.95, 2.58, 2.79, 2.78, 3.03, 3.58, 4.11, 4.18, 3.73, 3.94, 3.3, 3.26, 3.39, 3.83, 3.43, 2.81, 2.52, 2.58, 2.45, 2.76, 2.63, 2.66, 2.29, 2.25, 2.08, 2.38, 1.91, 1.2, 1.99, 2.71, 1.8, 1.51, 1.48, 1.72, 1.83, 1.95, 1.72, 1.32, 0, 0.72, 0.91, 0.91, 1.05, 1.61, 2.33, 2.85, 3.61, 3.31, 3.83, 4.43, 4.8, 4.83, 5.2, 5.688, 6.18, 5.749, 5.12, 6.04, 7.03, 5.94, 5.64, 6.02, 5.62], [3.47, 2.51, 1.95, 1.37, 1.37, 2.13, 2.09, 2.44, 2.4, 4.257, 6.157, 5.405, 5.818, 6.498, 6.567, 6.622, 5.72, 4.29, 4.04, 4.63, 4.62, 4.63, 4.1, 2.95, 2.54, 2.75, 2.72, 2.91, 3.54, 4.01, 4.1, 3.67, 3.94, 3.12, 2.92, 3.19, 3.63, 3.21, 2.59, 2.3, 2.3, 2.13, 2.48, 2.29, 2.4, 2.31, 2.29, 2.06, 2.38, 1.93, 1.24, 2.09, 2.766, 1.74, 1.41, 1.36, 1.44, 1.61, 1.85, 1.78, 1.48, 0.72, 0, 0.65, 0.67, 0.99, 1.53, 2.27, 2.87, 3.59, 3.39, 3.77, 4.41, 4.74, 4.79, 5.207, 5.628, 6.303, 5.866, 5.22, 6.143, 7.073, 5.867, 5.56, 6.04, 5.62], [3.66, 2.68, 2.16, 1.46, 1.24, 2.08, 1.86, 2.19, 2.17, 4.23, 6.047, 5.321, 5.708, 6.371, 6.477, 6.52, 5.65, 4.24, 3.93, 4.52, 4.49, 4.48, 3.99, 2.92, 2.49, 2.7, 2.69, 2.9, 3.57, 4.04, 4.15, 3.72, 3.93, 3.01, 2.71, 2.98, 3.44, 3.04, 2.46, 2.17, 2.23, 2.14, 2.33, 2.14, 2.21, 2.28, 2.32, 2.01, 2.39, 2.0, 1.21, 2.14, 2.676, 1.69, 1.56, 1.61, 1.63, 1.58, 1.74, 1.91, 1.65, 0.91, 0.65, 0, 0.42, 0.94, 1.56, 2.4, 2.94, 3.62, 3.4, 3.74, 4.32, 4.65, 4.68, 5.15, 5.54, 6.189, 5.79, 5.13, 6.05, 6.983, 5.79, 5.47, 5.95, 5.55], [3.8, 2.82, 2.28, 1.56, 1.38, 2.28, 2.0, 2.23, 2.25, 4.17, 5.987, 5.258, 5.628, 6.234, 6.39, 6.38, 5.55, 4.14, 3.83, 4.4, 4.43, 4.32, 3.87, 2.78, 2.37, 2.6, 2.57, 2.82, 3.53, 4.02, 4.13, 3.68, 3.89, 2.99, 2.71, 3.04, 3.5, 3.08, 2.5, 2.17, 2.23, 2.2, 2.47, 2.14, 2.15, 2.18, 2.24, 1.95, 2.35, 1.92, 1.31, 2.12, 2.616, 1.61, 1.64, 1.71, 1.67, 1.56, 1.76, 1.85, 1.55, 0.91, 0.67, 0.42, 0, 0.9, 1.5, 2.32, 2.88, 3.54, 3.34, 3.68, 4.26, 4.61, 4.66, 5.06, 5.447, 6.043, 5.676, 5.07, 5.973, 6.903, 5.71, 5.43, 5.85, 5.43], [3.72, 2.78, 2.36, 1.76, 1.52, 2.42, 2.18, 2.57, 2.51, 3.94, 5.96, 5.218, 5.625, 6.248, 6.25, 6.32, 5.49, 4.02, 3.85, 4.46, 4.47, 4.38, 3.81, 2.68, 2.19, 2.52, 2.45, 2.58, 3.23, 3.86, 3.87, 3.42, 3.63, 2.73, 2.99, 3.22, 3.64, 3.18, 2.62, 2.35, 2.25, 2.22, 2.51, 2.22, 2.13, 1.82, 1.88, 1.55, 1.97, 1.72, 1.03, 1.76, 2.433, 1.61, 1.74, 1.99, 2.13, 2.02, 2.16, 2.25, 1.83, 1.05, 0.99, 0.94, 0.9, 0, 1.2, 1.9, 2.6, 3.26, 3.0, 3.56, 4.2, 4.55, 4.58, 5.028, 5.438, 5.998, 5.539, 4.93, 5.842, 6.814, 5.65, 5.37, 5.67, 5.29], [4.6, 3.6, 3.02, 2.38, 2.3, 3.28, 2.46, 2.59, 2.35, 3.1, 5.12, 4.42, 4.83, 5.49, 5.51, 5.6, 4.75, 3.36, 3.05, 3.64, 3.63, 3.7, 3.11, 2.14, 1.71, 1.88, 1.93, 2.08, 2.49, 2.94, 2.95, 2.56, 2.79, 2.25, 2.65, 2.9, 3.36, 2.84, 2.5, 2.27, 2.31, 2.82, 3.21, 2.46, 1.95, 1.38, 1.36, 1.51, 1.59, 1.26, 1.41, 1.6, 1.54, 1.53, 2.08, 2.47, 2.45, 2.34, 2.48, 2.89, 2.39, 1.61, 1.53, 1.56, 1.5, 1.2, 0, 1.06, 1.64, 2.46, 2.34, 2.7, 3.24, 3.55, 3.74, 4.19, 4.6, 5.275, 4.67, 3.99, 4.95, 6.005, 4.77, 4.41, 4.79, 4.39], [5.16, 4.2, 3.6, 2.82, 2.84, 3.88, 2.98, 3.03, 2.75, 2.6, 4.58, 3.92, 4.31, 4.95, 5.03, 5.12, 4.11, 2.72, 2.63, 3.14, 3.11, 3.26, 2.59, 1.74, 1.47, 1.54, 1.75, 1.66, 1.77, 2.22, 2.19, 1.84, 2.25, 1.91, 2.93, 3.16, 3.4, 3.08, 2.8, 2.75, 2.81, 3.4, 3.79, 3.06, 2.27, 1.18, 1.06, 1.61, 1.55, 1.5, 1.83, 1.84, 1.68, 2.11, 2.54, 2.91, 3.01, 3.02, 3.22, 3.63, 3.15, 2.33, 2.27, 2.4, 2.32, 1.9, 1.06, 0, 0.98, 1.86, 1.72, 2.16, 2.68, 3.05, 3.16, 3.65, 4.08, 4.775, 4.21, 3.53, 4.487, 5.439, 4.21, 3.83, 4.31, 3.89], [5.88, 4.9, 4.26, 3.5, 3.48, 4.46, 3.46, 3.51, 3.17, 1.96, 3.784, 3.087, 3.477, 4.19, 4.25, 4.32, 3.29, 2.44, 2.41, 2.76, 2.55, 2.68, 1.97, 1.62, 1.81, 1.66, 2.11, 2.0, 1.41, 1.62, 1.81, 1.48, 1.61, 2.23, 3.43, 3.62, 3.86, 3.54, 3.3, 3.31, 3.47, 4.06, 4.47, 3.74, 2.79, 1.76, 1.56, 2.17, 2.11, 2.0, 2.51, 2.0, 1.96, 2.45, 2.78, 3.17, 3.37, 3.4, 3.48, 4.07, 3.59, 2.85, 2.87, 2.94, 2.88, 2.6, 1.64, 0.98, 0, 1.22, 1.1, 1.46, 2.14, 2.43, 2.5, 2.85, 3.253, 3.978, 3.43, 2.73, 3.69, 4.665, 3.43, 3.03, 3.53, 3.11], [6.42, 5.4, 4.8, 4.12, 4.0, 4.82, 3.78, 3.55, 3.27, 2.08, 3.247, 2.66, 3.03, 3.61, 3.61, 3.74, 2.67, 2.22, 2.25, 2.5, 2.43, 2.62, 1.77, 1.74, 2.05, 2.02, 2.17, 1.98, 1.25, 1.34, 1.37, 1.22, 1.23, 2.21, 3.49, 3.76, 4.06, 3.72, 3.66, 3.83, 4.01, 4.54, 4.89, 4.18, 3.25, 2.16, 2.04, 2.53, 2.41, 2.42, 3.19, 2.32, 2.46, 3.21, 3.56, 3.91, 4.09, 3.78, 3.92, 4.69, 4.21, 3.61, 3.59, 3.62, 3.54, 3.26, 2.46, 1.86, 1.22, 0, 1.06, 1.36, 1.82, 2.29, 2.3, 2.57, 2.74, 3.42, 2.95, 2.33, 3.23, 4.17, 2.91, 2.51, 3.03, 2.59], [6.08, 5.12, 4.5, 3.88, 3.72, 4.5, 3.5, 3.29, 3.03, 1.82, 3.564, 2.844, 3.217, 3.928, 3.99, 4.06, 2.91, 1.78, 1.93, 2.38, 2.27, 2.3, 1.99, 1.78, 1.89, 1.78, 1.83, 1.78, 1.43, 1.54, 1.63, 1.44, 1.57, 1.97, 3.21, 3.46, 3.76, 3.44, 3.38, 3.51, 3.65, 4.18, 4.55, 3.86, 2.93, 1.94, 1.92, 2.33, 2.13, 2.2, 3.01, 2.58, 2.44, 3.03, 3.26, 3.63, 3.81, 3.54, 3.64, 4.47, 3.99, 3.31, 3.39, 3.4, 3.34, 3.0, 2.34, 1.72, 1.1, 1.06, 0, 1.04, 2.12, 2.55, 2.52, 2.75, 3.02, 3.758, 3.27, 2.65, 3.61, 4.525, 3.23, 2.81, 3.39, 2.97], [6.76, 5.74, 5.04, 4.3, 4.08, 4.94, 3.84, 3.43, 3.05, 1.46, 2.941, 2.38, 2.717, 3.45, 3.49, 3.58, 2.43, 1.7, 1.75, 2.12, 2.15, 2.16, 1.75, 1.9, 2.07, 2.0, 2.21, 2.04, 1.73, 1.72, 1.95, 1.7, 1.55, 2.09, 3.31, 3.7, 3.86, 3.84, 3.96, 4.03, 4.23, 4.78, 5.05, 4.3, 3.29, 2.38, 2.44, 2.93, 2.41, 2.58, 3.53, 3.02, 2.66, 3.21, 3.52, 3.83, 3.93, 3.78, 4.02, 4.95, 4.43, 3.83, 3.77, 3.74, 3.68, 3.56, 2.7, 2.16, 1.46, 1.36, 1.04, 0, 1.44, 1.77, 1.76, 2.13, 2.44, 3.36, 2.99, 2.31, 3.11, 4.05, 2.75, 2.35, 2.95, 2.55], [7.5, 6.5, 5.82, 5.04, 4.92, 5.82, 4.52, 4.09, 3.55, 1.44, 2.18, 1.88, 2.17, 2.57, 2.71, 2.8, 1.95, 1.94, 2.21, 2.0, 2.17, 2.42, 2.03, 2.2, 2.59, 2.62, 2.89, 2.62, 2.15, 2.08, 2.17, 1.92, 1.53, 2.71, 3.93, 4.14, 4.36, 4.54, 4.7, 4.81, 5.03, 5.58, 5.91, 5.14, 4.19, 3.2, 3.04, 3.57, 3.03, 3.28, 4.15, 3.5, 2.94, 3.71, 4.3, 4.65, 4.67, 4.36, 4.66, 5.59, 5.15, 4.43, 4.41, 4.32, 4.26, 4.2, 3.24, 2.68, 2.14, 1.82, 2.12, 1.44, 0, 0.81, 0.98, 1.37, 1.72, 2.62, 2.57, 2.13, 2.35, 3.37, 2.51, 2.13, 2.51, 2.13], [8.03, 7.01, 6.37, 5.57, 5.43, 6.37, 5.03, 4.56, 4.06, 1.69, 1.83, 1.61, 1.84, 2.16, 2.34, 2.47, 2.02, 2.23, 2.46, 2.13, 2.0, 2.31, 2.0, 2.55, 2.96, 2.97, 3.4, 3.13, 2.6, 2.43, 2.4, 2.35, 1.88, 3.18, 4.36, 4.59, 4.81, 5.03, 5.25, 5.34, 5.6, 6.15, 6.46, 5.69, 4.72, 3.71, 3.47, 4.02, 3.42, 3.69, 4.58, 3.83, 3.07, 3.9, 4.63, 5.02, 5.02, 4.59, 4.93, 5.92, 5.44, 4.8, 4.74, 4.65, 4.61, 4.55, 3.55, 3.05, 2.43, 2.29, 2.55, 1.77, 0.81, 0, 0.71, 1.14, 1.53, 2.29, 2.22, 1.84, 1.94, 2.96, 2.32, 2.0, 2.12, 1.82], [8.04, 7.02, 6.42, 5.56, 5.38, 6.32, 5.08, 4.63, 4.09, 1.62, 1.62, 1.44, 1.73, 2.07, 2.11, 2.3, 1.83, 2.12, 2.31, 2.02, 2.03, 2.32, 1.99, 2.58, 2.95, 2.98, 3.41, 3.14, 2.53, 2.42, 2.51, 2.4, 1.83, 3.41, 4.53, 4.84, 5.0, 5.2, 5.33, 5.417, 5.677, 6.2, 6.41, 5.72, 4.79, 3.62, 3.4, 3.95, 3.35, 3.6, 4.61, 3.74, 3.2, 4.03, 4.7, 5.05, 5.11, 4.66, 4.94, 5.99, 5.49, 4.83, 4.79, 4.68, 4.66, 4.58, 3.74, 3.16, 2.5, 2.3, 2.52, 1.76, 0.98, 0.71, 0, 0.91, 1.28, 2.14, 2.25, 1.99, 1.93, 2.83, 2.13, 1.93, 2.17, 1.89], [8.49, 7.51, 6.87, 6.03, 5.77, 6.73, 5.49, 4.96, 4.5, 2.01, 1.51, 1.35, 1.56, 1.72, 1.84, 1.91, 1.82, 2.41, 2.34, 2.05, 2.08, 2.43, 2.16, 3.03, 3.42, 3.41, 3.84, 3.59, 2.84, 2.53, 2.62, 2.65, 2.12, 3.88, 5.04, 5.31, 5.51, 5.71, 5.823, 5.873, 6.093, 6.63, 6.872, 6.202, 5.26, 4.17, 3.93, 4.46, 3.78, 4.07, 5.1, 4.15, 3.75, 4.56, 5.19, 5.54, 5.5, 5.03, 5.37, 6.4, 5.878, 5.2, 5.207, 5.15, 5.06, 5.028, 4.19, 3.65, 2.85, 2.57, 2.75, 2.13, 1.37, 1.14, 0.91, 0, 0.81, 1.57, 2.1, 2.02, 1.8, 2.5, 1.86, 1.78, 1.98, 1.68], [8.92, 7.92, 7.3, 6.42, 6.18, 7.08, 5.9, 5.39, 4.95, 2.46, 1.36, 1.48, 1.57, 1.63, 1.69, 1.86, 1.87, 2.8, 2.77, 2.16, 2.27, 2.76, 2.65, 3.48, 3.85, 3.84, 4.25, 4.0, 3.13, 2.7, 2.71, 2.72, 2.27, 4.29, 5.41, 5.74, 5.9, 6.1, 6.213, 6.3, 6.54, 7.067, 7.291, 6.601, 5.631, 4.5, 4.32, 4.89, 4.21, 4.5, 5.51, 4.44, 4.08, 4.93, 5.6, 5.93, 5.99, 5.52, 5.8, 6.81, 6.348, 5.688, 5.628, 5.54, 5.447, 5.438, 4.6, 4.08, 3.253, 2.74, 3.02, 2.44, 1.72, 1.53, 1.28, 0.81, 0, 1.18, 1.79, 1.93, 1.61, 2.09, 1.45, 1.31, 1.47, 1.33], [9.64, 8.66, 8.04, 7.24, 7.08, 7.98, 6.74, 6.25, 5.67, 3.28, 1.74, 1.66, 1.47, 1.53, 1.67, 1.78, 2.57, 3.76, 3.67, 2.66, 2.73, 2.82, 3.07, 4.12, 4.53, 4.68, 5.13, 5.0, 4.01, 3.54, 3.57, 3.48, 3.05, 5.23, 6.43, 6.56, 6.68, 6.82, 6.921, 7.088, 7.311, 7.878, 8.196, 7.526, 6.57, 5.36, 5.1, 5.43, 4.71, 4.98, 6.07, 4.92, 4.52, 5.49, 6.32, 6.69, 6.83, 6.02, 6.24, 7.27, 6.74, 6.18, 6.303, 6.189, 6.043, 5.998, 5.275, 4.775, 3.978, 3.42, 3.758, 3.36, 2.62, 2.29, 2.14, 1.57, 1.18, 0, 1.27, 1.65, 1.31, 1.31, 1.53, 1.83, 1.39, 1.45], [9.1