[[0, 0.73, 0.89, 1.07, 1.25, 1.6, 1.58, 1.5, 1.83, 1.84, 2.44, 3.02, 3.33, 3.64, 3.54, 2.77, 2.49, 2.71, 3.35, 4.11, 4.35, 4.45, 4.57, 3.41, 3.32, 4.2, 4.61, 7.16, 6.66, 6.63, 6.31, 5.06, 5.24, 6.14, 6.06, 6.31, 6.14, 5.229, 4.68, 4.47, 4.56, 5.05, 5.452, 4.428, 3.26, 2.88, 2.78, 3.16, 2.93, 2.82, 3.66, 4.574, 5.63, 6.32, 6.43, 6.88, 7.09, 7.11, 7.16, 7.02, 5.75, 4.72, 4.51, 4.53, 4.29, 4.04, 3.89, 3.79, 3.67, 3.42, 3.07, 2.76, 2.53, 2.86, 3.17, 3.18, 3.46, 4.24, 5.07, 5.91, 6.43, 6.79, 7.09, 7.59, 7.63, 7.13], [0.73, 0, 0.68, 0.88, 0.96, 1.39, 1.35, 1.29, 1.56, 1.59, 2.33, 2.69, 3.04, 3.29, 3.31, 2.74, 2.5, 2.74, 3.42, 4.16, 4.44, 4.58, 4.76, 3.52, 3.37, 4.23, 4.48, 6.65, 6.17, 6.2, 5.86, 4.69, 4.85, 5.75, 5.69, 5.86, 5.68, 4.72, 4.25, 4.04, 4.17, 4.56, 4.95, 3.964, 2.93, 2.67, 2.59, 2.87, 2.74, 2.51, 3.13, 4.01, 5.1, 5.79, 5.88, 6.35, 6.6, 6.62, 6.59, 6.55, 5.3, 4.31, 4.1, 3.98, 3.82, 3.65, 3.56, 3.52, 3.52, 3.27, 2.94, 2.59, 2.34, 2.75, 3.08, 3.07, 3.33, 3.91, 4.74, 5.48, 5.98, 6.26, 6.53, 7.066, 7.082, 6.56], [0.89, 0.68, 0, 0.56, 0.9, 1.31, 1.31, 1.23, 1.5, 1.63, 2.29, 2.71, 3.08, 3.35, 3.37, 2.74, 2.54, 2.8, 3.44, 4.2, 4.46, 4.82, 5.06, 3.6, 3.37, 4.29, 4.52, 6.69, 6.21, 6.24, 5.88, 4.65, 4.85, 5.73, 5.67, 5.9, 5.74, 4.74, 4.25, 4.06, 4.17, 4.64, 5.006, 4.06, 3.01, 2.73, 2.65, 2.95, 2.78, 2.59, 3.21, 4.07, 5.18, 5.89, 5.96, 6.419, 6.632, 6.62, 6.69, 6.57, 5.24, 4.19, 3.92, 3.98, 3.82, 3.49, 3.52, 3.44, 3.5, 3.25, 2.92, 2.57, 2.34, 2.73, 3.08, 3.09, 3.29, 3.69, 4.54, 5.46, 5.96, 6.292, 6.61, 7.146, 7.162, 6.64], [1.07, 0.88, 0.56, 0, 0.78, 1.43, 1.45, 1.39, 1.52, 1.73, 2.33, 2.79, 3.16, 3.41, 3.37, 2.84, 2.72, 2.98, 3.66, 4.34, 4.64, 4.96, 5.22, 3.9, 3.49, 4.43, 4.52, 6.83, 6.35, 6.32, 6.02, 4.77, 4.91, 5.81, 5.75, 6.02, 5.827, 4.88, 4.31, 4.12, 4.31, 4.76, 5.146, 4.164, 3.13, 2.95, 2.89, 3.15, 3.0, 2.75, 3.37, 4.19, 5.32, 6.042, 6.092, 6.564, 6.777, 6.74, 6.785, 6.73, 5.34, 4.31, 3.96, 4.08, 3.92, 3.59, 3.46, 3.28, 3.34, 3.09, 2.76, 2.41, 2.14, 2.47, 2.86, 2.85, 3.13, 3.59, 4.52, 5.56, 6.08, 6.4, 6.76, 7.306, 7.282, 6.78], [1.25, 0.96, 0.9, 0.78, 0, 0.97, 1.11, 1.13, 1.36, 1.39, 2.01, 2.51, 2.8, 3.05, 3.07, 2.64, 2.58, 2.86, 3.74, 4.42, 4.74, 5.08, 5.32, 3.8, 3.17, 4.21, 4.12, 6.43, 5.95, 5.94, 5.64, 4.55, 4.59, 5.43, 5.35, 5.64, 5.41, 4.46, 3.89, 3.7, 3.91, 4.34, 4.71, 3.738, 2.69, 2.61, 2.61, 2.83, 2.76, 2.39, 2.85, 3.784, 4.88, 5.57, 5.62, 6.11, 6.38, 6.36, 6.31, 6.25, 4.96, 3.87, 3.68, 3.7, 3.6, 3.35, 3.18, 3.14, 3.26, 3.03, 2.68, 2.33, 2.14, 2.65, 3.0, 2.97, 3.05, 3.51, 4.28, 5.18, 5.64, 5.96, 6.3, 6.843, 6.819, 6.32], [1.6, 1.39, 1.31, 1.43, 0.97, 0, 0.7, 0.96, 1.05, 0.9, 1.52, 2.08, 2.29, 2.66, 2.68, 2.63, 2.47, 2.53, 3.57, 4.55, 4.75, 5.15, 5.39, 3.75, 2.56, 3.56, 3.63, 5.82, 5.4, 5.43, 5.11, 4.02, 4.14, 5.02, 4.94, 5.15, 4.91, 3.91, 3.48, 3.29, 3.42, 3.85, 4.18, 3.248, 2.06, 2.1, 2.1, 2.3, 2.25, 1.74, 2.28, 3.174, 4.21, 4.94, 5.01, 5.54, 5.77, 5.85, 5.78, 5.7, 4.61, 3.68, 3.39, 3.23, 3.07, 2.96, 3.37, 3.33, 3.51, 3.3, 2.93, 2.76, 2.79, 3.3, 3.57, 3.56, 3.26, 3.54, 4.07, 4.73, 5.19, 5.45, 5.71, 6.23, 6.27, 5.75], [1.58, 1.35, 1.31, 1.45, 1.11, 0.7, 0, 0.66, 1.01, 0.86, 1.36, 2.1, 2.27, 2.5, 2.52, 2.43, 2.29, 2.31, 3.35, 4.33, 4.53, 5.03, 5.29, 3.63, 2.42, 3.42, 3.57, 5.84, 5.36, 5.39, 5.07, 3.96, 4.12, 5.0, 4.92, 5.13, 4.89, 3.89, 3.5, 3.31, 3.36, 3.79, 4.14, 3.208, 1.92, 1.76, 1.84, 2.06, 1.97, 1.54, 2.3, 3.18, 4.27, 5.02, 5.13, 5.6, 5.81, 5.95, 5.94, 5.84, 4.83, 3.94, 3.63, 3.47, 3.27, 3.34, 3.59, 3.61, 3.81, 3.6, 3.23, 3.06, 3.01, 3.4, 3.73, 3.76, 3.56, 3.74, 4.29, 4.85, 5.33, 5.53, 5.73, 6.293, 6.29, 5.77], [1.5, 1.29, 1.23, 1.39, 1.13, 0.96, 0.66, 0, 0.71, 0.92, 1.48, 2.06, 2.29, 2.48, 2.48, 2.35, 2.23, 2.27, 3.29, 4.19, 4.45, 4.93, 5.11, 3.51, 2.42, 3.38, 3.57, 6.06, 5.56, 5.57, 5.27, 4.08, 4.18, 5.06, 5.0, 5.27, 5.077, 4.11, 3.62, 3.41, 3.56, 3.97, 4.396, 3.345, 2.22, 1.9, 1.92, 2.2, 2.07, 1.72, 2.62, 3.5, 4.59, 5.22, 5.41, 5.84, 6.07, 6.17, 6.12, 5.94, 4.99, 4.04, 3.73, 3.63, 3.55, 3.46, 3.57, 3.63, 3.81, 3.6, 3.23, 3.02, 2.97, 3.44, 3.77, 3.7, 3.6, 3.88, 4.43, 5.11, 5.51, 5.69, 5.97, 6.531, 6.55, 6.01], [1.83, 1.56, 1.5, 1.52, 1.36, 1.05, 1.01, 0.71, 0, 0.77, 1.41, 2.01, 2.18, 2.37, 2.41, 2.6, 2.48, 2.52, 3.52, 4.38, 4.7, 5.12, 5.3, 3.72, 2.47, 3.39, 3.42, 5.69, 5.25, 5.22, 4.98, 3.77, 3.89, 4.79, 4.73, 4.98, 4.78, 3.82, 3.39, 3.14, 3.27, 3.68, 4.11, 3.055, 1.99, 1.95, 2.03, 2.27, 2.18, 1.67, 2.33, 3.21, 4.32, 4.95, 5.1, 5.51, 5.74, 5.86, 5.83, 5.75, 4.62, 3.81, 3.62, 3.34, 3.18, 3.05, 3.52, 3.62, 3.82, 3.61, 3.22, 3.11, 3.08, 3.51, 3.86, 3.81, 3.63, 3.77, 4.3, 4.9, 5.2, 5.34, 5.68, 6.23, 6.2, 5.66], [1.84, 1.59, 1.63, 1.73, 1.39, 0.9, 0.86, 0.92, 0.77, 0, 0.98, 1.76, 1.81, 2.0, 2.0, 2.17, 2.07, 2.13, 3.15, 4.13, 4.35, 4.77, 4.97, 3.35, 2.12, 3.0, 3.05, 5.58, 5.12, 5.11, 4.79, 3.5, 3.66, 4.56, 4.48, 4.77, 4.637, 3.67, 3.2, 2.95, 3.08, 3.503, 4.02, 2.885, 1.78, 1.82, 1.86, 2.06, 1.97, 1.44, 2.08, 3.02, 4.11, 4.78, 4.97, 5.38, 5.69, 5.89, 5.8, 5.82, 4.75, 4.06, 3.81, 3.49, 3.23, 3.34, 3.93, 3.97, 4.19, 3.96, 3.59, 3.44, 3.41, 3.84, 4.17, 4.16, 3.94, 4.06, 4.47, 4.97, 5.25, 5.41, 5.61, 6.107, 6.11, 5.57], [2.44, 2.33, 2.29, 2.33, 2.01, 1.52, 1.36, 1.48, 1.41, 0.98, 0, 1.14, 1.35, 1.82, 1.68, 1.89, 1.67, 1.73, 2.85, 4.05, 4.17, 4.61, 4.87, 3.15, 1.6, 2.5, 2.55, 5.28, 4.856, 4.79, 4.509, 3.18, 3.28, 4.2, 4.14, 4.45, 4.334, 3.47, 3.16, 2.79, 2.8, 3.25, 3.68, 2.67, 1.68, 1.88, 1.94, 1.9, 1.75, 1.36, 1.94, 2.76, 3.87, 4.76, 4.91, 5.4, 5.89, 6.19, 6.3, 6.36, 5.43, 4.78, 4.53, 4.13, 3.73, 4.0, 4.59, 4.65, 4.85, 4.6, 4.23, 4.06, 4.07, 4.52, 4.87, 4.86, 4.62, 4.66, 5.05, 5.37, 5.51, 5.57, 5.65, 5.88, 5.93, 5.45], [3.02, 2.69, 2.71, 2.79, 2.51, 2.08, 2.1, 2.06, 2.01, 1.76, 1.14, 0, 0.85, 1.36, 1.56, 1.95, 1.79, 1.83, 2.93, 4.15, 4.13, 4.57, 4.85, 3.17, 1.68, 2.24, 2.31, 4.72, 4.3, 4.27, 3.949, 2.6, 2.78, 3.6, 3.58, 3.95, 3.85, 3.35, 3.22, 2.83, 2.54, 2.99, 3.12, 2.31, 2.3, 2.5, 2.48, 2.2, 2.25, 1.8, 1.78, 2.2, 3.27, 4.2, 4.45, 5.02, 5.95, 6.35, 6.5, 6.58, 5.61, 4.94, 4.69, 4.27, 3.89, 4.18, 4.73, 4.75, 4.95, 4.7, 4.33, 4.2, 4.23, 4.86, 5.11, 4.98, 4.7, 4.86, 5.27, 5.55, 5.47, 5.49, 5.73, 5.62, 5.47, 5.07], [3.33, 3.04, 3.08, 3.16, 2.8, 2.29, 2.27, 2.29, 2.18, 1.81, 1.35, 0.85, 0, 0.77, 1.35, 2.16, 2.12, 2.04, 3.06, 4.2, 4.22, 4.72, 5.06, 3.52, 1.69, 2.13, 2.02, 4.29, 3.87, 3.84, 3.54, 2.43, 2.61, 3.33, 3.31, 3.78, 3.86, 3.32, 3.21, 2.78, 2.39, 2.66, 2.73, 2.16, 2.33, 2.63, 2.57, 2.37, 2.4, 1.89, 1.75, 1.95, 2.9, 3.73, 4.06, 4.71, 5.88, 6.22, 6.39, 6.45, 5.54, 4.91, 4.62, 4.28, 3.86, 4.13, 4.74, 4.8, 5.0, 4.77, 4.46, 4.39, 4.44, 5.03, 5.2, 5.25, 4.75, 4.87, 5.16, 5.44, 5.42, 5.44, 5.68, 5.57, 5.28, 4.8], [3.64, 3.29, 3.35, 3.41, 3.05, 2.66, 2.5, 2.48, 2.37, 2.0, 1.82, 1.36, 0.77, 0, 1.1, 2.21, 2.23, 2.23, 3.13, 4.128, 4.07, 4.67, 5.09, 3.67, 1.96, 2.12, 1.87, 4.28, 3.84, 3.83, 3.49, 2.42, 2.84, 3.68, 3.7, 4.19, 4.29, 3.79, 3.6, 3.19, 2.78, 2.87, 3.0, 2.57, 2.6, 2.86, 2.78, 2.68, 2.71, 2.26, 2.12, 2.3, 3.17, 4.02, 4.43, 5.1, 6.27, 6.53, 6.7, 6.78, 5.81, 5.18, 4.85, 4.51, 4.11, 4.48, 5.13, 5.21, 5.43, 5.2, 4.83, 4.72, 4.69, 5.32, 5.55, 5.54, 5.18, 5.24, 5.39, 5.77, 5.75, 5.77, 6.09, 6.02, 5.65, 5.11], [3.54, 3.31, 3.37, 3.37, 3.07, 2.68, 2.52, 2.48, 2.41, 2.0, 1.68, 1.56, 1.35, 1.1, 0, 1.41, 1.71, 1.93, 2.83, 3.89, 3.67, 4.07, 4.33, 2.99, 1.8, 1.92, 1.61, 4.533, 4.108, 4.07, 3.761, 2.4, 2.88, 3.84, 3.9, 4.37, 4.45, 3.93, 3.56, 3.11, 2.74, 2.75, 3.1, 2.73, 2.24, 2.44, 2.34, 2.32, 2.43, 2.04, 2.22, 2.66, 3.51, 4.76, 4.99, 5.76, 6.91, 7.11, 7.18, 7.3, 6.23, 5.62, 5.25, 4.93, 4.53, 4.94, 5.59, 5.63, 5.83, 5.62, 5.25, 5.1, 5.01, 5.54, 5.79, 5.8, 5.6, 5.76, 5.95, 6.37, 6.47, 6.41, 6.63, 6.58, 6.33, 5.87], [2.77, 2.74, 2.74, 2.84, 2.64, 2.63, 2.43, 2.35, 2.6, 2.17, 1.89, 1.95, 2.16, 2.21, 1.41, 0, 0.88, 1.54, 2.32, 3.14, 2.96, 3.12, 3.26, 2.02, 1.53, 2.13, 2.5, 5.603, 5.178, 5.133, 4.831, 3.39, 3.65, 4.67, 4.75, 5.26, 5.24, 4.56, 4.15, 3.66, 3.41, 3.6, 4.03, 3.48, 2.61, 2.19, 2.17, 2.19, 2.18, 2.25, 2.93, 3.61, 4.52, 5.83, 5.96, 6.77, 7.64, 7.86, 7.83, 7.89, 6.72, 6.05, 5.8, 5.44, 5.08, 5.31, 5.74, 5.7, 5.76, 5.51, 5.18, 4.85, 4.68, 5.17, 5.46, 5.41, 5.55, 5.97, 6.54, 7.0, 7.22, 7.12, 7.34, 7.37, 7.24, 6.82], [2.49, 2.5, 2.54, 2.72, 2.58, 2.47, 2.29, 2.23, 2.48, 2.07, 1.67, 1.79, 2.12, 2.23, 1.71, 0.88, 0, 0.98, 1.9, 2.84, 2.72, 3.02, 3.28, 1.68, 1.33, 1.99, 2.86, 6.021, 5.586, 5.52, 5.239, 3.81, 3.91, 4.91, 4.91, 5.36, 5.32, 4.52, 4.13, 3.7, 3.57, 3.97, 4.396, 3.48, 2.65, 2.23, 2.03, 2.07, 2.02, 2.19, 2.85, 3.59, 4.48, 5.75, 5.9, 6.63, 7.44, 7.66, 7.67, 7.75, 6.58, 5.91, 5.66, 5.28, 4.92, 5.17, 5.6, 5.56, 5.64, 5.41, 5.06, 4.77, 4.64, 5.09, 5.38, 5.39, 5.41, 5.83, 6.4, 6.84, 7.02, 6.94, 7.14, 7.21, 7.04, 6.68], [2.71, 2.74, 2.8, 2.98, 2.86, 2.53, 2.31, 2.27, 2.52, 2.13, 1.73, 1.83, 2.04, 2.23, 1.93, 1.54, 0.98, 0, 1.26, 2.48, 2.62, 3.14, 3.44, 1.86, 1.17, 1.65, 3.1, 6.274, 5.819, 5.769, 5.475, 4.063, 4.198, 5.18, 5.189, 5.58, 5.6, 4.84, 4.53, 4.12, 3.85, 4.273, 4.666, 3.76, 3.03, 2.51, 2.29, 2.37, 2.14, 2.35, 2.95, 3.77, 4.72, 5.57, 5.76, 6.39, 7.32, 7.54, 7.65, 7.77, 6.66, 6.03, 5.7, 5.34, 4.96, 5.25, 5.78, 5.74, 5.88, 5.65, 5.3, 5.05, 4.9, 5.39, 5.64, 5.65, 5.61, 6.01, 6.44, 6.76, 6.88, 6.76, 7.08, 7.17, 7.06, 6.5], [3.35, 3.42, 3.44, 3.66, 3.74, 3.57, 3.35, 3.29, 3.52, 3.15, 2.85, 2.93, 3.06, 3.13, 2.83, 2.32, 1.9, 1.26, 0, 1.4, 1.62, 2.28, 2.58, 1.46, 1.91, 1.93, 4.031, 7.174, 6.707, 6.666, 6.357, 4.989, 5.23, 6.189, 6.198, 6.6, 6.64, 5.94, 5.55, 5.2, 4.91, 5.24, 5.598, 4.88, 4.15, 3.31, 3.05, 3.33, 3.12, 3.47, 4.01, 4.79, 5.666, 6.565, 6.72, 7.35, 8.38, 8.54, 8.69, 8.79, 7.62, 7.01, 6.64, 6.32, 5.88, 6.23, 6.76, 6.72, 6.82, 6.57, 6.24, 5.91, 5.66, 6.13, 6.42, 6.41, 6.59, 7.05, 7.42, 7.8, 7.96, 7.82, 8.12, 8.23, 8.06, 7.56], [4.11, 4.16, 4.2, 4.34, 4.42, 4.55, 4.33, 4.19, 4.38, 4.13, 4.05, 4.15, 4.2, 4.128, 3.89, 3.14, 2.84, 2.48, 1.4, 0, 0.68, 1.22, 1.76, 1.74, 3.01, 3.01, 5.129, 8.105, 7.686, 7.622, 7.295, 6.05, 6.25, 7.19, 7.25, 7.72, 7.76, 7.06, 6.59, 6.22, 6.03, 6.2, 6.63, 5.98, 5.19, 4.33, 4.09, 4.45, 4.2, 4.57, 5.13, 5.87, 6.68, 7.568, 7.76, 8.51, 9.52, 9.64, 9.71, 9.81, 8.42, 7.73, 7.5, 7.16, 6.9, 7.07, 7.4, 7.36, 7.42, 7.19, 6.84, 6.51, 6.24, 6.71, 7.0, 6.99, 7.27, 7.83, 8.44, 8.88, 9.06, 8.9, 9.28, 9.37, 9.18, 8.56], [4.35, 4.44, 4.46, 4.64, 4.74, 4.75, 4.53, 4.45, 4.7, 4.35, 4.17, 4.13, 4.22, 4.07, 3.67, 2.96, 2.72, 2.62, 1.62, 0.68, 0, 0.92, 1.54, 1.76, 2.89, 2.89, 4.96, 7.971, 7.514, 7.436, 7.095, 5.85, 6.07, 7.07, 7.11, 7.62, 7.68, 7.0, 6.55, 6.16, 5.91, 6.02, 6.45, 5.88, 5.11, 4.35, 4.09, 4.39, 4.24, 4.59, 5.13, 5.79, 6.56, 7.69, 7.84, 8.67, 9.7, 9.9, 9.95, 10.03, 8.8, 8.13, 7.84, 7.48, 7.24, 7.43, 7.82, 7.78, 7.84, 7.59, 7.26, 6.89, 6.62, 7.05, 7.3, 7.29, 7.63, 8.13, 8.72, 9.12, 9.3, 9.18, 9.44, 9.49, 9.26, 8.8], [4.45, 4.58, 4.82, 4.96, 5.08, 5.15, 5.03, 4.93, 5.12, 4.77, 4.61, 4.57, 4.72, 4.67, 4.07, 3.12, 3.02, 3.14, 2.28, 1.22, 0.92, 0, 0.96, 1.68, 3.31, 3.29, 5.3, 8.314, 7.814, 7.759, 7.417, 6.149, 6.35, 7.37, 7.47, 7.96, 8.0, 7.3, 6.79, 6.4, 6.13, 6.3, 6.755, 6.18, 5.37, 4.63, 4.39, 4.65, 4.56, 4.91, 5.51, 6.17, 7.0, 8.29, 8.42, 9.25, 10.22, 10.44, 10.45, 10.51, 9.28, 8.59, 8.4, 8.02, 7.8, 7.85, 8.08, 8.02, 8.04, 7.77, 7.42, 7.07, 6.76, 7.11, 7.38, 7.43, 7.83, 8.41, 9.18, 9.62, 9.82, 9.72, 9.94, 9.95, 9.78, 9.34], [4.57, 4.76, 5.06, 5.22, 5.32, 5.39, 5.29, 5.11, 5.3, 4.97, 4.87, 4.85, 5.06, 5.09, 4.33, 3.26, 3.28, 3.44, 2.58, 1.76, 1.54, 0.96, 0, 1.8, 3.61, 3.63, 5.44, 8.355, 7.874, 7.822, 7.515, 6.129, 6.39, 7.45, 7.51, 7.92, 7.96, 7.32, 6.91, 6.42, 6.09, 6.34, 6.735, 6.22, 5.39, 4.65, 4.43, 4.71, 4.62, 5.05, 5.67, 6.43, 7.4, 8.55, 8.8, 9.47, 10.42, 10.64, 10.63, 10.69, 9.54, 8.85, 8.72, 8.34, 8.08, 8.11, 8.26, 8.24, 8.18, 7.91, 7.56, 7.21, 6.9, 7.25, 7.5, 7.57, 7.99, 8.65, 9.42, 9.8, 10.0, 9.92, 10.12, 10.15, 10.0, 9.56], [3.41, 3.52, 3.6, 3.9, 3.8, 3.75, 3.63, 3.51, 3.72, 3.35, 3.15, 3.17, 3.52, 3.67, 2.99, 2.02, 1.68, 1.86, 1.46, 1.74, 1.76, 1.68, 1.8, 0, 2.11, 2.21, 4.143, 7.22, 6.756, 6.714, 6.405, 5.026, 5.21, 6.19, 6.25, 6.62, 6.58, 5.86, 5.35, 4.94, 4.75, 5.176, 5.605, 4.78, 3.91, 3.19, 2.97, 3.23, 3.18, 3.51, 4.17, 4.91, 5.92, 7.17, 7.32, 8.01, 8.84, 9.06, 9.05, 9.09, 7.88, 7.19, 7.04, 6.68, 6.38, 6.47, 6.82, 6.78, 6.86, 6.63, 6.28, 5.99, 5.8, 6.23, 6.52, 6.55, 6.61, 7.03, 7.74, 8.22, 8.44, 8.34, 8.56, 8.57, 8.46, 8.08], [3.32, 3.37, 3.37, 3.49, 3.17, 2.56, 2.42, 2.42, 2.47, 2.12, 1.6, 1.68, 1.69, 1.96, 1.8, 1.53, 1.33, 1.17, 1.91, 3.01, 2.89, 3.31, 3.61, 2.11, 0, 1.16, 2.51, 5.578, 5.109, 5.07, 4.761, 3.396, 3.56, 4.56, 4.6, 5.11, 5.11, 4.39, 4.04, 3.59, 3.26, 3.566, 4.02, 3.33, 2.64, 2.36, 2.28, 2.32, 2.23, 2.08, 2.64, 3.28, 4.17, 5.22, 5.37, 6.12, 7.03, 7.31, 7.44, 7.5, 6.55, 5.94, 5.65, 5.31, 4.91, 5.16, 5.77, 5.79, 5.99, 5.78, 5.41, 5.28, 5.31, 5.82, 6.11, 6.06, 5.74, 5.9, 6.21, 6.45, 6.63, 6.57, 6.73, 6.8, 6.61, 6.21], [4.2, 4.23, 4.29, 4.43, 4.21, 3.56, 3.42, 3.38, 3.39, 3.0, 2.5, 2.24, 2.13, 2.12, 1.92, 2.13, 1.99, 1.65, 1.93, 3.01, 2.89, 3.29, 3.63, 2.21, 1.16, 0, 2.27, 5.356, 4.877, 4.839, 4.553, 3.26, 3.74, 4.7, 4.68, 5.13, 5.23, 4.83, 4.54, 4.11, 3.68, 3.81, 4.04, 3.77, 3.26, 2.78, 2.72, 2.68, 2.67, 2.8, 3.08, 3.48, 4.31, 5.36, 5.77, 6.36, 7.55, 7.95, 8.2, 8.24, 7.39, 6.8, 6.45, 6.11, 5.73, 6.1, 6.75, 6.81, 7.03, 6.82, 6.45, 6.32, 6.33, 6.82, 7.09, 7.06, 6.78, 6.9, 6.97, 7.13, 7.09, 7.07, 7.31, 7.12, 6.78, 6.32], [4.61, 4.48, 4.52, 4.52, 4.12, 3.63, 3.57, 3.57, 3.42, 3.05, 2.55, 2.31, 2.02, 1.87, 1.61, 2.5, 2.86, 3.1, 4.031, 5.129, 4.96, 5.3, 5.44, 4.143, 2.51, 2.27, 0, 3.25, 2.91, 2.78, 2.48, 1.71, 2.55, 3.27, 3.27, 3.76, 3.86, 3.74, 3.77, 3.26, 2.83, 2.68, 2.83, 2.96, 2.89, 3.15, 3.23, 2.87, 3.06, 2.77, 2.57, 2.93, 3.54, 4.91, 5.38, 5.77, 7.08, 7.46, 7.75, 7.83, 7.06, 6.53, 6.2, 5.86, 5.46, 5.91, 6.56, 6.64, 6.84, 6.63, 6.26, 6.17, 6.24, 6.73, 7.02, 7.03, 6.61, 6.63, 6.58, 6.54, 6.44, 6.38, 6.62, 6.35, 5.92, 5.44], [7.16, 6.65, 6.69, 6.83, 6.43, 5.82, 5.84, 6.06, 5.69, 5.58, 5.28, 4.72, 4.29, 4.28, 4.533, 5.603, 6.021, 6.274, 7.174, 8.105, 7.971, 8.314, 8.355, 7.22, 5.578, 5.356, 3.25, 0, 1.16, 1.31, 1.67, 2.6, 2.76, 2.46, 2.44, 2.39, 2.27, 2.71, 3.48, 3.41, 3.56, 3.29, 2.88, 3.55, 4.7, 5.4, 5.58, 4.96, 5.33, 4.84, 4.04, 3.46, 3.35, 3.82, 4.27, 4.48, 5.53, 6.03, 6.4, 6.3, 5.99, 6.06, 5.75, 5.37, 4.99, 5.44, 6.01, 6.23, 6.67, 6.9, 7.29, 7.34, 7.55, 8.16, 8.31, 8.34, 7.4, 5.94, 5.39, 4.87, 4.65, 4.49, 4.67, 4.24, 3.71, 3.29], [6.66, 6.17, 6.21, 6.35, 5.95, 5.4, 5.36, 5.56, 5.25, 5.12, 4.856, 4.3, 3.87, 3.84, 4.108, 5.178, 5.586, 5.819, 6.707, 7.686, 7.514, 7.814, 7.874, 6.756, 5.109, 4.877, 2.91, 1.16, 0, 0.83, 1.11, 1.88, 2.18, 1.94, 1.84, 2.09, 2.05, 2.39, 2.96, 2.77, 2.8, 2.57, 2.22, 2.99, 4.2, 4.86, 5.06, 4.4, 4.75, 4.38, 3.56, 3.08, 3.39, 4.28, 4.75, 4.96, 6.07, 6.55, 6.84, 6.82, 6.45, 6.42, 6.17, 5.83, 5.33, 5.82, 6.39, 6.51, 6.89, 6.82, 6.97, 6.98, 7.13, 7.72, 7.95, 7.98, 7.22, 6.24, 5.91, 5.49, 5.21, 5.03, 5.09, 4.6, 4.13, 3.77], [6.63, 6.2, 6.24, 6.32, 5.94, 5.43, 5.39, 5.57, 5.22, 5.11, 4.79, 4.27, 3.84, 3.83, 4.07, 5.133, 5.52, 5.769, 6.666, 7.622, 7.436, 7.759, 7.822, 6.714, 5.07, 4.839, 2.78, 1.31, 0.83, 0, 1.06, 1.93, 2.05, 2.05, 2.03, 2.32, 2.36, 2.66, 3.13, 2.94, 2.89, 2.6, 2.37, 3.12, 4.27, 4.95, 5.13, 4.49, 4.84, 4.45, 3.65, 3.17, 3.56, 4.59, 5.08, 5.33, 6.48, 6.92, 7.23, 7.25, 6.76, 6.63, 6.36, 6.04, 5.52, 5.99, 6.6, 6.72, 7.08, 6.97, 6.98, 6.99, 7.18, 7.79, 7.92, 8.01, 7.25, 6.47, 6.26, 5.88, 5.64, 5.46, 5.52, 5.05, 4.52, 4.18], [6.31, 5.86, 5.88, 6.02, 5.64, 5.11, 5.07, 5.27, 4.98, 4.79, 4.509, 3.949, 3.54, 3.49, 3.761, 4.831, 5.239, 5.475, 6.357, 7.295, 7.095, 7.417, 7.515, 6.405, 4.761, 4.553, 2.48, 1.67, 1.11, 1.06, 0, 1.51, 1.69, 1.79, 1.75, 2.12, 2.18, 2.4, 2.79, 2.58, 2.39, 2.12, 1.81, 2.8, 3.99, 4.65, 4.85, 4.21, 4.58, 4.15, 3.35, 2.85, 3.26, 4.41, 4.9, 5.19, 6.38, 6.84, 7.11, 7.15, 6.62, 6.33, 6.08, 5.82, 5.34, 5.77, 6.3, 6.48, 6.76, 6.61, 6.64, 6.69, 6.88, 7.49, 7.68, 7.65, 6.93, 6.27, 6.14, 5.86, 5.68, 5.52, 5.66, 5.23, 4.78, 4.38], [5.06, 4.69, 4.65, 4.77, 4.55, 4.02, 3.96, 4.08, 3.77, 3.5, 3.18, 2.6, 2.43, 2.42, 2.4, 3.39, 3.81, 4.063, 4.989, 6.05, 5.85, 6.149, 6.129, 5.026, 3.396, 3.26, 1.71, 2.6, 1.88, 1.93, 1.51, 0, 1.14, 1.84, 1.82, 2.29, 2.41, 2.43, 2.62, 2.21, 1.72, 1.69, 1.74, 2.21, 3.0, 3.56, 3.76, 3.14, 3.47, 3.06, 2.42, 2.4, 3.15, 4.44, 4.89, 5.18, 6.41, 6.83, 7.1, 7.18, 6.57, 6.12, 5.89, 5.59, 5.21, 5.54, 6.09, 6.29, 6.51, 6.3, 5.99, 5.98, 6.11, 6.68, 6.91, 6.94, 6.48, 6.16, 6.05, 5.83, 5.69, 5.59, 5.75, 5.34, 5.03, 4.65], [5.24, 4.85, 4.85, 4.91, 4.59, 4.14, 4.12, 4.18, 3.89, 3.66, 3.28, 2.78, 2.61, 2.84, 2.88, 3.65, 3.91, 4.198, 5.23, 6.25, 6.07, 6.35, 6.39, 5.21, 3.56, 3.74, 2.55, 2.76, 2.18, 2.05, 1.69, 1.14, 0, 1.16, 1.24, 1.69, 1.75, 1.69, 2.04, 1.77, 1.46, 1.51, 1.82, 2.07, 3.06, 3.72, 3.9, 3.26, 3.61, 3.2, 2.44, 2.34, 2.89, 4.22, 4.45, 4.82, 5.81, 6.21, 6.52, 6.54, 6.03, 5.64, 5.37, 5.11, 4.71, 5.06, 5.61, 5.81, 6.07, 5.96, 5.79, 5.82, 5.99, 6.64, 6.81, 6.8, 6.24, 5.68, 5.53, 5.15, 5.05, 5.01, 5.07, 4.88, 4.71, 4.37], [6.14, 5.75, 5.73, 5.81, 5.43, 5.02, 5.0, 5.06, 4.79, 4.56, 4.2, 3.6, 3.33, 3.68, 3.84, 4.67, 4.91, 5.18, 6.189, 7.19, 7.07, 7.37, 7.45, 6.19, 4.56, 4.7, 3.27, 2.46, 1.94, 2.05, 1.79, 1.84, 1.16, 0, 0.58, 1.03, 0.99, 1.57, 2.04, 2.03, 1.98, 1.99, 1.96, 2.35, 3.74, 4.48, 4.66, 4.04, 4.35, 4.02, 3.18, 2.78, 2.91, 3.9, 4.15, 4.44, 5.55, 5.99, 6.1, 6.26, 5.75, 5.58, 5.39, 5.09, 4.59, 5.04, 5.53, 5.71, 6.13, 6.14, 6.51, 6.56, 6.65, 7.28, 7.55, 7.58, 6.58, 5.5, 5.29, 4.95, 4.61, 4.41, 4.43, 4.16, 3.93, 3.67], [6.06, 5.69, 5.67, 5.75, 5.35, 4.94, 4.92, 5.0, 4.73, 4.48, 4.14, 3.58, 3.31, 3.7, 3.9, 4.75, 4.91, 5.189, 6.198, 7.25, 7.11, 7.47, 7.51, 6.25, 4.6, 4.68, 3.27, 2.44, 1.84, 2.03, 1.75, 1.82, 1.24, 0.58, 0, 0.75, 0.99, 1.63, 1.96, 1.99, 1.96, 1.87, 1.84, 2.41, 3.76, 4.48, 4.66, 4.0, 4.31, 3.98, 3.16, 2.72, 3.01, 3.94, 4.23, 4.46, 5.61, 6.05, 6.2, 6.34, 5.85, 5.72, 5.49, 5.19, 4.69, 5.14, 5.69, 5.81, 6.21, 6.18, 6.47, 6.52, 6.65, 7.24, 7.51, 7.52, 6.6, 5.6, 5.35, 5.03, 4.69, 4.49, 4.61, 4.26, 3.97, 3.65], [6.31, 5.86, 5.9, 6.02, 5.64, 5.15, 5.13, 5.27, 4.98, 4.77, 4.45, 3.95, 3.78, 4.19, 4.37, 5.26, 5.36, 5.58, 6.6, 7.72, 7.62, 7.96, 7.92, 6.62, 5.11, 5.13, 3.76, 2.39, 2.09, 2.32, 2.12, 2.29, 1.69, 1.03, 0.75, 0, 0.78, 1.6, 2.15, 2.2, 2.15, 2.18, 2.13, 2.58, 3.87, 4.59, 4.77, 4.15, 4.46, 4.13, 3.31, 2.93, 3.16, 3.93, 4.26, 4.29, 5.36, 5.82, 5.99, 6.09, 5.64, 5.61, 5.4, 5.08, 4.56, 5.07, 5.56, 5.72, 6.16, 6.29, 6.64, 6.69, 6.76, 7.37, 7.68, 7.69, 6.79, 5.51, 5.16, 4.76, 4.38, 4.16, 4.3, 3.95, 3.7, 3.3], [6.14, 5.68, 5.74, 5.827, 5.41, 4.91, 4.89, 5.077, 4.78, 4.637, 4.334, 3.85, 3.86, 4.29, 4.45, 5.24, 5.32, 5.6, 6.64, 7.76, 7.68, 8.0, 7.96, 6.58, 5.11, 5.23, 3.86, 2.27, 2.05, 2.36, 2.18, 2.41, 1.75, 0.99, 0.99, 0.78, 0, 1.24, 1.97, 2.12, 2.17, 2.34, 2.11, 2.34, 3.53, 4.25, 4.43, 3.85, 4.18, 3.81, 3.03, 2.71, 2.92, 3.63, 3.92, 3.95, 4.84, 5.32, 5.47, 5.57, 5.2, 5.09, 4.88, 4.58, 4.12, 4.57, 5.02, 5.22, 5.64, 5.87, 6.26, 6.31, 6.42, 7.03, 7.32, 7.35, 6.35, 5.03, 4.66, 4.28, 3.98, 3.78, 3.9, 3.63, 3.46, 3.16], [5.229, 4.72, 4.74, 4.88, 4.46, 3.91, 3.89, 4.11, 3.82, 3.67, 3.47, 3.35, 3.32, 3.79, 3.93, 4.56, 4.52, 4.84, 5.94, 7.06, 7.0, 7.3, 7.32, 5.86, 4.39, 4.83, 3.74, 2.71, 2.39, 2.66, 2.4, 2.43, 1.69, 1.57, 1.63, 1.6, 1.24, 0, 1.03, 1.26, 1.77, 2.16, 2.29, 1.92, 2.77, 3.45, 3.61, 3.09, 3.5, 2.97, 2.43, 2.27, 2.46, 3.41, 3.6, 3.81, 4.38, 4.72, 4.89, 4.95, 4.48, 4.29, 4.06, 3.78, 3.3, 3.73, 4.26, 4.4, 4.78, 4.93, 5.28, 5.35, 5.48, 6.13, 6.38, 6.41, 5.35, 4.23, 4.02, 3.74, 3.68, 3.7, 3.7, 3.79, 3.72, 3.34], [4.68, 4.25, 4.25, 4.31, 3.89, 3.48, 3.5, 3.62, 3.39, 3.2, 3.16, 3.22, 3.21, 3.6, 3.56, 4.15, 4.13, 4.53, 5.55, 6.59, 6.55, 6.79, 6.91, 5.35, 4.04, 4.54, 3.77, 3.48, 2.96, 3.13, 2.79, 2.62, 2.04, 2.04, 1.96, 2.15, 1.97, 1.03, 0, 0.77, 1.62, 2.29, 2.44, 2.01, 2.66, 3.2, 3.4, 3.26, 3.65, 3.0, 2.5, 2.34, 2.77, 3.82, 4.01, 4.32, 4.91, 5.11, 5.02, 5.08, 4.47, 4.22, 4.03, 3.77, 3.31, 3.7, 4.19, 4.33, 4.73, 4.68, 4.93, 4.98, 5.07, 5.74, 5.99, 6.04, 5.0, 4.16, 4.03, 4.17, 4.31, 4.345, 4.31, 4.5, 4.42, 4.083], [4.47, 4.04, 4.06, 4.12, 3.7, 3.29, 3.31, 3.41, 3.14, 2.95, 2.79, 2.83, 2.78, 3.19, 3.11, 3.66, 3.7, 4.12, 5.2, 6.22, 6.16, 6.4, 6.42, 4.94, 3.59, 4.11, 3.26, 3.41, 2.77, 2.94, 2.58, 2.21, 1.77, 2.03, 1.99, 2.2, 2.12, 1.26, 0.77, 0, 1.25, 1.74, 2.03, 1.58, 2.33, 2.95, 3.11, 2.83, 3.22, 2.65, 2.15, 2.17, 2.74, 3.95, 4.24, 4.63, 5.28, 5.54, 5.45, 5.51, 4.8, 4.39, 4.14, 3.9, 3.48, 3.81, 4.36, 4.5, 4.82, 4.73, 4.88, 4.87, 4.98, 5.61, 5.84, 5.95, 5.09, 4.39, 4.44, 4.6, 4.76, 4.7, 4.76, 4.85, 4.76, 4.413], [4.56, 4.17, 4.17, 4.31, 3.91, 3.42, 3.36, 3.56, 3.27, 3.08, 2.8, 2.54, 2.39, 2.78, 2.74, 3.41, 3.57, 3.85, 4.91, 6.03, 5.91, 6.13, 6.09, 4.75, 3.26, 3.68, 2.83, 3.56, 2.8, 2.89, 2.39, 1.72, 1.46, 1.98, 1.96, 2.15, 2.17, 1.77, 1.62, 1.25, 0, 0.89, 1.48, 1.31, 2.26, 2.94, 3.1, 2.64, 2.93, 2.48, 1.74, 1.88, 2.95, 4.08, 4.35, 4.92, 5.81, 6.19, 6.14, 6.34, 5.59, 5.0, 4.81, 4.57, 4.21, 4.54, 4.97, 5.15, 5.43, 5.32, 5.11, 5.1, 5.13, 5.64, 5.97, 6.14, 5.5, 5.14, 5.27, 5.37, 5.33, 5.21, 5.27, 5.18, 4.97, 4.688], [5.05, 4.56, 4.64, 4.76, 4.34, 3.85, 3.79, 3.97, 3.68, 3.503, 3.25, 2.99, 2.66, 2.87, 2.75, 3.6, 3.97, 4.273, 5.24, 6.2, 6.02, 6.3, 6.34, 5.176, 3.566, 3.81, 2.68, 3.29, 2.57, 2.6, 2.12, 1.69, 1.51, 1.99, 1.87, 2.18, 2.34, 2.16, 2.29, 1.74, 0.89, 0, 1.09, 1.62, 2.57, 3.31, 3.43, 2.91, 3.18, 2.79, 2.05, 2.13, 2.98, 4.17, 4.42, 5.13, 6.18, 6.58, 6.57, 6.75, 5.98, 5.37, 5.16, 4.9, 4.6, 4.91, 5.32, 5.54, 5.76, 5.61, 5.52, 5.49, 5.52, 6.03, 6.34, 6.55, 5.89, 5.53, 5.68, 5.76, 5.7, 5.62, 5.64, 5.55, 5.28, 4.94], [5.452, 4.95, 5.006, 5.146, 4.71, 4.18, 4.14, 4.396, 4.11, 4.02, 3.68, 3.12, 2.73, 3.0, 3.1, 4.03, 4.396, 4.666, 5.598, 6.63, 6.45, 6.755, 6.735, 5.605, 4.02, 4.04, 2.83, 2.88, 2.22, 2.37, 1.81, 1.74, 1.82, 1.96, 1.84, 2.13, 2.11, 2.29, 2.44, 2.03, 1.48, 1.09, 0, 1.79, 2.94, 3.66, 3.78, 3.18, 3.43, 3.1, 2.44, 2.1, 2.77, 3.86, 4.31, 4.84, 6.07, 6.57, 6.58, 6.74, 5.97, 5.34, 5.09, 4.83, 4.51, 4.72, 5.11, 5.37, 5.55, 5.46, 5.55, 5.58, 5.67, 6.26, 6.49, 6.52, 5.68, 5.36, 5.69, 5.73, 5.49, 5.45, 5.59, 5.24, 4.81, 4.49], [4.428, 3.964, 4.06, 4.164, 3.738, 3.248, 3.208, 3.345, 3.055, 2.885, 2.67, 2.31, 2.16, 2.57, 2.73, 3.48, 3.48, 3.76, 4.88, 5.98, 5.88, 6.18, 6.22, 4.78, 3.33, 3.77, 2.96, 3.55, 2.99, 3.12, 2.8, 2.21, 2.07, 2.35, 2.41, 2.58, 2.34, 1.92, 2.01, 1.58, 1.31, 1.62, 1.79, 0, 1.83, 2.61, 2.79, 2.31, 2.56, 2.17, 1.43, 1.47, 2.4, 3.47, 3.78, 4.31, 5.22, 5.64, 5.55, 5.79, 4.96, 4.33, 4.18, 3.92, 3.62, 3.95, 4.32, 4.56, 4.82, 4.63, 4.58, 4.57, 4.58, 5.15, 5.48, 5.59, 4.81, 4.55, 4.68, 4.86, 4.7, 4.58, 4.68, 4.55, 4.4, 4.1], [3.26, 2.93, 3.01, 3.13, 2.69, 2.06, 1.92, 2.22, 1.99, 1.78, 1.68, 2.3, 2.33, 2.6, 2.24, 2.61, 2.65, 3.03, 4.15, 5.19, 5.11, 5.37, 5.39, 3.91, 2.64, 3.26, 2.89, 4.7, 4.2, 4.27, 3.99, 3.0, 3.06, 3.74, 3.76, 3.87, 3.53, 2.77, 2.66, 2.33, 2.26, 2.57, 2.94, 1.83, 0, 1.12, 1.22, 1.1, 1.27, 0.9, 1.42, 2.1, 3.23, 4.3, 4.55, 5.0, 5.61, 5.91, 5.8, 5.9, 5.13, 4.46, 4.27, 3.99, 3.71, 4.0, 4.35, 4.61, 4.79, 4.64, 4.29, 4.14, 3.89, 4.34, 4.77, 4.82, 4.6, 4.6, 4.85, 4.95, 5.07, 4.95, 4.99, 5.28, 5.31, 4.83], [2.88, 2.67, 2.73, 2.95, 2.61, 2.1, 1.76, 1.9, 1.95, 1.82, 1.88, 2.5, 2.63, 2.86, 2.44, 2.19, 2.23, 2.51, 3.31, 4.33, 4.35, 4.63, 4.65, 3.19, 2.36, 2.78, 3.15, 5.4, 4.86, 4.95, 4.65, 3.56, 3.72, 4.48, 4.48, 4.59, 4.25, 3.45, 3.2, 2.95, 2.94, 3.31, 3.66, 2.61, 1.12, 0, 0.5, 0.8, 0.83, 1.1, 1.92, 2.94, 3.93, 5.0, 5.27, 5.64, 6.27, 6.51, 6.44, 6.4, 5.69, 5.0, 4.79, 4.53, 4.27, 4.48, 4.81, 4.95, 5.17, 4.98, 4.65, 4.34, 4.11, 4.54, 4.95, 4.94, 4.92, 5.12, 5.35, 5.57, 5.77, 5.67, 5.73, 5.98, 6.09, 5.57], [2.78, 2.59, 2.65, 2.89, 2.61, 2.1, 1.84, 1.92, 2.03, 1.86, 1.94, 2.48, 2.57, 2.78, 2.34, 2.17, 2.03, 2.29, 3.05, 4.09, 4.09, 4.39, 4.43, 2.97, 2.28, 2.72, 3.23, 5.58, 5.06, 5.13, 4.85, 3.76, 3.9, 4.66, 4.66, 4.77, 4.43, 3.61, 3.4, 3.11, 3.1, 3.43, 3.78, 2.79, 1.22, 0.5, 0, 0.86, 0.81, 1.12, 1.96, 2.98, 3.97, 5.0, 5.25, 5.74, 6.37, 6.61, 6.46, 6.46, 5.71, 5.02, 4.81, 4.53, 4.29, 4.46, 4.81, 4.97, 5.17, 4.98, 4.65, 4.36, 4.11, 4.52, 4.87, 4.92, 4.92, 5.18, 5.43, 5.65, 5.83, 5.77, 5.89, 6.14, 6.23, 5.71], [3.16, 2.87, 2.95, 3.15, 2.83, 2.3, 2.06, 2.2, 2.27, 2.06, 1.9, 2.2, 2.37, 2.68, 2.32, 2.19, 2.07, 2.37, 3.33, 4.45, 4.39, 4.65, 4.71, 3.23, 2.32, 2.68, 2.87, 4.96, 4.4, 4.49, 4.21, 3.14, 3.26, 4.04, 4.0, 4.15, 3.85, 3.09, 3.26, 2.83, 2.64, 2.91, 3.18, 2.31, 1.1, 0.8, 0.86, 0, 0.61, 0.9, 1.58, 2.5, 3.49, 4.6, 4.89, 5.3, 6.09, 6.45, 6.52, 6.6, 5.87, 5.24, 4.99, 4.69, 4.43, 4.62, 5.01, 5.21, 5.29, 5.14, 4.79, 4.5, 4.25, 4.66, 5.03, 5.04, 5.04, 5.3, 5.55, 5.53, 5.51, 5.45, 5.61, 5.64, 5.57, 5.17], [2.93, 2.74, 2.78, 3.0, 2.76, 2.25, 1.97, 2.07, 2.18, 1.97, 1.75, 2.25, 2.4, 2.71, 2.43, 2.18, 2.02, 2.14, 3.12, 4.2, 4.24, 4.56, 4.62, 3.18, 2.23, 2.67, 3.06, 5.33, 4.75, 4.84, 4.58, 3.47, 3.61, 4.35, 4.31, 4.46, 4.18, 3.5, 3.65, 3.22, 2.93, 3.18, 3.43, 2.56, 1.27, 0.83, 0.81, 0.61, 0, 0.95, 1.77, 2.73, 3.68, 4.67, 4.94, 5.31, 6.02, 6.42, 6.45, 6.55, 5.8, 5.17, 4.94, 4.64, 4.36, 4.57, 4.96, 5.12, 5.22, 5.07, 4.72, 4.43, 4.14, 4.55, 4.96, 4.97, 4.97, 5.21, 5.5, 5.52, 5.48, 5.44, 5.54, 5.75, 5.82, 5.2], [2.82, 2.51, 2.59, 2.75, 2.39, 1.74, 1.54, 1.72, 1.67, 1.44, 1.36, 1.8, 1.89, 2.26, 2.04, 2.25, 2.19, 2.35, 3.47, 4.57, 4.59, 4.91, 5.05, 3.51, 2.08, 2.8, 2.77, 4.84, 4.38, 4.45, 4.15, 3.06, 3.2, 4.02, 3.98, 4.13, 3.81, 2.97, 3.0, 2.65, 2.48, 2.79, 3.1, 2.17, 0.9, 1.1, 1.12, 0.9, 0.95, 0, 1.18, 2.2, 3.23, 4.24, 4.51, 4.94, 5.51, 5.85, 5.94, 5.96, 5.19, 4.6, 4.29, 4.03, 3.75, 3.96, 4.43, 4.57, 4.67, 4.5, 4.17, 3.98, 3.89, 4.38, 4.73, 4.62, 4.48, 4.6, 4.87, 4.97, 5.11, 5.09, 5.13, 5.3, 5.45, 4.85], [3.66, 3.13, 3.21, 3.37, 2.85, 2.28, 2.3, 2.62, 2.33, 2.08, 1.94, 1.78, 1.75, 2.12, 2.22, 2.93, 2.85, 2.95, 4.01, 5.13, 5.13, 5.51, 5.67, 4.17, 2.64, 3.08, 2.57, 4.04, 3.56, 3.65, 3.35, 2.42, 2.44, 3.18, 3.16, 3.31, 3.03, 2.43, 2.5, 2.15, 1.74, 2.05, 2.44, 1.43, 1.42, 1.92, 1.96, 1.58, 1.77, 1.18, 0, 1.32, 2.41, 3.46, 3.69, 4.18, 5.05, 5.39, 5.48, 5.54, 4.75, 4.16, 3.91, 3.71, 3.37, 3.64, 4.11, 4.33, 4.57, 4.42, 4.17, 4.06, 4.13, 4.6, 4.97, 5.02, 4.52, 4.3, 4.43, 4.65, 4.65, 4.59, 4.69, 4.64, 4.63, 4.17], [4.574, 4.01, 4.07, 4.19, 3.784, 3.174, 3.18, 3.5, 3.21, 3.02, 2.76, 2.2, 1.95, 2.3, 2.66, 3.61, 3.59, 3.77, 4.79, 5.87, 5.79, 6.17, 6.43, 4.91, 3.28, 3.48, 2.93, 3.46, 3.08, 3.17, 2.85, 2.4, 2.34, 2.78, 2.72, 2.93, 2.71, 2.27, 2.34, 2.17, 1.88, 2.13, 2.1, 1.47, 2.1, 2.94, 2.98, 2.5, 2.73, 2.2, 1.32, 0, 1.57, 2.52, 2.85, 3.4, 4.53, 4.95, 5.08, 5.14, 4.23, 3.82, 3.61, 3.35, 2.95, 3.32, 3.95, 4.17, 4.49, 4.38, 4.39, 4.3, 4.45, 5.16, 5.35, 5.34, 4.5, 3.9, 3.97, 4.17, 4.11, 4.11, 4.25, 4.1, 3.79, 3.35], [5.63, 5.1, 5.18, 5.32, 4.88, 4.21, 4.27, 4.59, 4.32, 4.11, 3.87, 3.27, 2.9, 3.17, 3.51, 4.52, 4.48, 4.72, 5.666, 6.68, 6.56, 7.0, 7.4, 5.92, 4.17, 4.31, 3.54, 3.35, 3.39, 3.56, 3.26, 3.15, 2.89, 2.91, 3.01, 3.16, 2.92, 2.46, 2.77, 2.74, 2.95, 2.98, 2.77, 2.4, 3.23, 3.93, 3.97, 3.49, 3.68, 3.23, 2.41, 1.57, 0, 1.65, 1.9, 2.51, 3.62, 4.0, 4.25, 4.31, 3.6, 3.19, 2.98, 2.7, 2.42, 2.91, 3.76, 4.22, 4.52, 4.69, 5.34, 5.33, 5.54, 6.25, 6.3, 6.23, 4.91, 3.65, 3.2, 3.28, 3.32, 3.14, 3.4, 3.33, 3.14, 2.74], [6.32, 5.79, 5.89, 6.042, 5.57, 4.94, 5.02, 5.22, 4.95, 4.78, 4.76, 4.2, 3.73, 4.02, 4.76, 5.83, 5.75, 5.57, 6.565, 7.568, 7.69, 8.29, 8.55, 7.17, 5.22, 5.36, 4.91, 3.82, 4.28, 4.59, 4.41, 4.44, 4.22, 3.9, 3.94, 3.93, 3.63, 3.41, 3.82, 3.95, 4.08, 4.17, 3.86, 3.47, 4.3, 5.0, 5.0, 4.6, 4.67, 4.24, 3.46, 2.52, 1.65, 0, 0.71, 1.24, 2.43, 2.85, 2.98, 3.08, 2.39, 2.44, 2.49, 2.21, 2.63, 3.06, 3.63, 4.43, 4.87, 5.28, 5.93, 5.9, 6.09, 6.82, 6.91, 6.82, 5.56, 3.66, 2.61, 2.61, 2.57, 2.33, 2.83, 2.62, 2.33, 2.05], [6.43, 5.88, 5.96, 6.092, 5.62, 5.01, 5.13, 5.41, 5.1, 4.97, 4.91, 4.45, 4.06, 4.43, 4.99, 5.96, 5.9, 5.76, 6.72, 7.76, 7.84, 8.42, 8.8, 7.32, 5.37, 5.77, 5.38, 4.27, 4.75, 5.08, 4.9, 4.89, 4.45, 4.15, 4.23, 4.26, 3.92, 3.6, 4.01, 4.24, 4.35, 4.42, 4.31, 3.78, 4.55, 5.27, 5.25, 4.89, 4.94, 4.51, 3.69, 2.85, 1.9, 0.71, 0, 0.97, 2.04, 2.38, 2.55, 2.67, 1.98, 2.33, 2.56, 2.24, 2.68, 3.11, 3.76, 4.5, 5.02, 5.41, 6.08, 6.05, 6.22, 6.95, 7.06, 6.95, 5.67, 3.73, 2.4, 2.3, 2.28, 2.24, 2.7, 2.51, 2.32, 2.32], [6.88, 6.35, 6.419, 6.564, 6.11, 5.54, 5.6, 5.84, 5.51, 5.38, 5.4, 5.02, 4.71, 5.1, 5.76, 6.77, 6.63, 6.39, 7.35, 8.51, 8.67, 9.25, 9.47, 8.01, 6.12, 6.36, 5.77, 4.48, 4.96, 5.33, 5.19, 5.18, 4.82, 4.44, 4.46, 4.29, 3.95, 3.81, 4.32, 4.63, 4.92, 5.13, 4.84, 4.31, 5.0, 5.64, 5.74, 5.3, 5.31, 4.94, 4.18, 3.4, 2.51, 1.24, 0.97, 0, 1.41, 1.83, 2.02, 2.12, 2.03, 2.82, 3.09, 2.77, 3.21, 3.66, 4.25, 5.01, 5.51, 5.88, 6.55, 6.52, 6.69, 7.38, 7.55, 7.44, 6.16, 4.18, 2.55, 2.03, 1.91, 1.97, 2.41, 2.16, 2.03, 2.05], [7.09, 6.6, 6.632, 6.777, 6.38, 5.77, 5.81, 6.07, 5.74, 5.69, 5.89, 5.95, 5.88, 6.27, 6.91, 7.64, 7.44, 7.32, 8.38, 9.52, 9.7, 10.22, 10.42, 8.84, 7.03, 7.55, 7.08, 5.53, 6.07, 6.48, 6.38, 6.41, 5.81, 5.55, 5.61, 5.36, 4.84, 4.38, 4.91, 5.28, 5.81, 6.18, 6.07, 5.22, 5.61, 6.27, 6.37, 6.09, 6.02, 5.51, 5.05, 4.53, 3.62, 2.43, 2.04, 1.41, 0, 0.76, 1.25, 0.97, 1.78, 2.93, 3.26, 2.96, 3.38, 3.85, 4.48, 5.217, 5.697, 6.07, 6.74, 6.71, 6.94, 7.61, 7.76, 7.65, 6.37, 4.31, 2.62, 1.92, 1.92, 2.14, 2.42, 2.61, 2.84, 2.92], [7.11, 6.62, 6.62, 6.74, 6.36, 5.85, 5.95, 6.17, 5.86, 5.89, 6.19, 6.35, 6.22, 6.53, 7.11, 7.86, 7.66, 7.54, 8.54, 9.64, 9.9, 10.44, 10.64, 9.06, 7.31, 7.95, 7.46, 6.03, 6.55, 6.92, 6.84, 6.83, 6.21, 5.99, 6.05, 5.82, 5.32, 4.72, 5.11, 5.54, 6.19, 6.58, 6.57, 5.64, 5.91, 6.51, 6.61, 6.45, 6.42, 5.85, 5.39, 4.95, 4.0, 2.85, 2.38, 1.83, 0.76, 0, 0.91, 0.89, 1.68, 2.81, 3.16, 2.86, 3.28, 3.71, 4.36, 5.109, 5.56, 5.93, 6.6, 6.59, 6.82, 7.57, 7.62, 7.53, 6.23, 4.27, 2.54, 1.96, 2.2, 2.48, 2.88, 3.19, 3.44, 3.5], [7.16, 6.59, 6.69, 6.785, 6.31, 5.78, 5.94, 6.12, 5.83, 5.8, 6.3, 6.5, 6.39, 6.7, 7.18, 7.83, 7.67, 7.65, 8.69, 9.71, 9.95, 10.45, 10.63, 9.05, 7.44, 8.2, 7.75, 6.4, 6.84, 7.23, 7.11, 7.1, 6.52, 6.1, 6.2, 5.99, 5.47, 4.89, 5.02, 5.45, 6.14, 6.57, 6.58, 5.55, 5.8, 6.44, 6.46, 6.52, 6.45, 5.94, 5.48, 5.08, 4.25, 2.98, 2.55, 2.02, 1.25, 0.91, 0, 0.84, 1.71, 2.8, 3.109, 2.91, 3.33, 3.78, 4.31, 5.099, 5.579, 5.98, 6.61, 6.58, 6.69, 7.42, 7.61, 7.56, 6.3, 4.28, 2.61, 2.41, 2.63, 2.79, 3.11, 3.46, 3.63, 3.73], [7.02, 6.55, 6.57, 6.73, 6.25, 5.7, 5.84, 5.94, 5.75, 5.82, 6.36, 6.58, 6.45, 6.78, 7.3, 7.89, 7.75, 7.77, 8.79, 9.81, 10.03, 10.51, 10.69, 9.09, 7.5, 8.24, 7.83, 6.3, 6.82, 7.25, 7.15, 7.18, 6.54, 6.26, 6.34, 6.09, 5.57, 4.95, 5.08, 5.51, 6.34, 6.75, 6.74, 5.79, 5.9, 6.4, 6.46, 6.6, 6.55, 5.96, 5.54, 5.14, 4.31, 3.08, 2.67, 2.12, 0.97, 0.89, 0.84, 0, 1.77, 2.8, 3.15, 2.97, 3.47, 3.8, 4.33, 5.093, 5.573, 5.96, 6.63, 6.6, 6.79, 7.5, 7.65, 7.54, 6.28, 4.22, 2.53, 2.19, 2.45, 2.71, 2.93, 3.24, 3.53, 3.65], [5.75, 5.3, 5.24, 5.34, 4.96, 4.61, 4.83, 4.99, 4.62, 4.75, 5.43, 5.61, 5.54, 5.81, 6.23, 6.72, 6.58, 6.66, 7.62, 8.42, 8.8, 9.28, 9.54, 7.88, 6.55, 7.39, 7.06, 5.99, 6.45, 6.76, 6.62, 6.57, 6.03, 5.75, 5.85, 5.64, 5.2, 4.48, 4.47, 4.8, 5.59, 5.98, 5.97, 4.96, 5.13, 5.69, 5.71, 5.87, 5.8, 5.19, 4.75, 4.23, 3.6, 2.39, 1.98, 2.03, 1.78, 1.68, 1.71, 1.77, 0, 1.29, 1.72, 1.62, 2.04, 2.21, 2.84, 3.56, 4.06, 4.47, 5.14, 5.11, 5.34, 6.15, 6.24, 6.11, 4.83, 2.91, 1.76, 2.16, 2.46, 2.7, 3.24, 3.55, 3.74, 3.62], [4.72, 4.31, 4.19, 4.31, 3.87, 3.68, 3.94, 4.04, 3.81, 4.06, 4.78, 4.94, 4.91, 5.18, 5.62, 6.05, 5.91, 6.03, 7.01, 7.73, 8.13, 8.59, 8.85, 7.19, 5.94, 6.8, 6.53, 6.06, 6.42, 6.63, 6.33, 6.12, 5.64, 5.58, 5.72, 5.61, 5.09, 4.29, 4.22, 4.39, 5.0, 5.37, 5.34, 4.33, 4.46, 5.0, 5.02, 5.24, 5.17, 4.6, 4.16, 3.82, 3.19, 2.44, 2.33, 2.82, 2.93, 2.81, 2.8, 2.8, 1.29, 0, 0.89, 0.99, 1.61, 1.28, 1.65, 2.47, 2.93, 3.3, 3.97, 3.94, 4.09, 4.92, 5.05, 4.92, 3.64, 2.08, 1.69, 2.43, 2.95, 3.03, 3.59, 4.04, 4.15, 3.85], [4.51, 4.1, 3.92, 3.96, 3.68, 3.39, 3.63, 3.73, 3.62, 3.81, 4.53, 4.69, 4.62, 4.85, 5.25, 5.8, 5.66, 5.7, 6.64, 7.5, 7.84, 8.4, 8.72, 7.04, 5.65, 6.45, 6.2, 5.75, 6.17, 6.36, 6.08, 5.89, 5.37, 5.39, 5.49, 5.4, 4.88, 4.06, 4.03, 4.14, 4.81, 5.16, 5.09, 4.18, 4.27, 4.79, 4.81, 4.99, 4.94, 4.29, 3.91, 3.61, 2.98, 2.49, 2.56, 3.09, 3.26, 3.16, 3.109, 3.15, 1.72, 0.89, 0, 0.82, 1.2, 1.21, 1.48, 2.24, 2.62, 3.03, 3.7, 3.67, 3.9, 4.71, 4.78, 4.67, 3.43, 1.83, 1.36, 2.38, 3.0, 3.04, 3.5, 3.99, 4.12, 3.66], [4.53, 3.98, 3.98, 4.08, 3.7, 3.23, 3.47, 3.63, 3.34, 3.49, 4.13, 4.27, 4.28, 4.51, 4.93, 5.44, 5.28, 5.34, 6.32, 7.16, 7.48, 8.02, 8.34, 6.68, 5.31, 6.11, 5.86, 5.37, 5.83, 6.04, 5.82, 5.59, 5.11, 5.09, 5.19, 5.08, 4.58, 3.78, 3.77, 3.9, 4.57, 4.9, 4.83, 3.92, 3.99, 4.53, 4.53, 4.69, 4.64, 4.03, 3.71, 3.35, 2.7, 2.21, 2.24, 2.77, 2.96, 2.86, 2.91, 2.97, 1.62, 0.99, 0.82, 0, 1.08, 1.17, 1.82, 2.46, 2.92, 3.27, 3.94, 3.93, 4.16, 4.99, 5.04, 4.93, 3.63, 2.05, 1.56, 2.18, 2.66, 2.7, 3.22, 3.73, 3.8, 3.36], [4.29, 3.82, 3.82, 3.92, 3.6, 3.07, 3.27, 3.55, 3.18, 3.23, 3.73, 3.89, 3.86, 4.11, 4.53, 5.08, 4.92, 4.96, 5.88, 6.9, 7.24, 7.8, 8.08, 6.38, 4.91, 5.73, 5.46, 4.99, 5.33, 5.52, 5.34, 5.21, 4.71, 4.59, 4.69, 4.56, 4.12, 3.3, 3.31, 3.48, 4.21, 4.6, 4.51, 3.62, 3.71, 4.27, 4.29, 4.43, 4.36, 3.75, 3.37, 2.95, 2.42, 2.63, 2.68, 3.21, 3.38, 3.28, 3.33, 3.47, 2.04, 1.61, 1.2, 1.08, 0, 0.97, 1.88, 2.34, 2.76, 2.99, 3.68, 3.67, 3.9, 4.75, 4.8, 4.71, 3.43, 1.83, 1.7, 2.28, 2.74, 2.88, 3.42, 3.97, 4.08, 3.54], [4.04, 3.65, 3.49, 3.59, 3.35, 2.96, 3.34, 3.46, 3.05, 3.34, 4.0, 4.18, 4.13, 4.48, 4.94, 5.31, 5.17, 5.25, 6.23, 7.07, 7.43, 7.85, 8.11, 6.47, 5.16, 6.1, 5.91, 5.44, 5.82, 5.99, 5.77, 5.54, 5.06, 5.04, 5.14, 5.07, 4.57, 3.73, 3.7, 3.81, 4.54, 4.91, 4.72, 3.95, 4.0, 4.48, 4.46, 4.62, 4.57, 3.96, 3.64, 3.32, 2.91, 3.06, 3.11, 3.66, 3.85, 3.71, 3.78, 3.8, 2.21, 1.28, 1.21, 1.17, 0.97, 0, 1.07, 1.55, 2.03, 2.36, 3.05, 3.04, 3.35, 4.18, 4.25, 4.16, 2.92, 1.5, 1.81, 2.59, 3.19, 3.37, 3.89, 4.46, 4.45, 3.99], [3.89, 3.56, 3.52, 3.46, 3.18, 3.37, 3.59, 3.57, 3.52, 3.93, 4.59, 4.73, 4.74, 5.13, 5.59, 5.74, 5.6, 5.78, 6.76, 7.4, 7.82, 8.08, 8.26, 6.82, 5.77, 6.75, 6.56, 6.01, 6.39, 6.6, 6.3, 6.09, 5.61, 5.53, 5.69, 5.56, 5.02, 4.26, 4.19, 4.36, 4.97, 5.32, 5.11, 4.32, 4.35, 4.81, 4.81, 5.01, 4.96, 4.43, 4.11, 3.95, 3.76, 3.63, 3.76, 4.25, 4.48, 4.36, 4.31, 4.33, 2.84, 1.65, 1.48, 1.82, 1.88, 1.07, 0, 0.92, 1.34, 1.73, 2.38, 2.35, 2.68, 3.49, 3.66, 3.57, 2.37, 1.39, 2.12, 3.14, 3.66, 3.82, 4.34, 4.93, 4.94, 4.44], [3.79, 3.52, 3.44, 3.28, 3.14, 3.33, 3.61, 3.63, 3.62, 3.97, 4.65, 4.75, 4.8, 5.21, 5.63, 5.7, 5.56, 5.74, 6.72, 7.36, 7.78, 8.02, 8.24, 6.78, 5.79, 6.81, 6.64, 6.23, 6.51, 6.72, 6.48, 6.29, 5.81, 5.71, 5.81, 5.72, 5.22, 4.4, 4.33, 4.5, 5.15, 5.54, 5.37, 4.56, 4.61, 4.95, 4.97, 5.21, 5.12, 4.57, 4.33, 4.17, 4.22, 4.43, 4.5, 5.01, 5.217, 5.109, 5.099, 5.093, 3.56, 2.47, 2.24, 2.46, 2.34, 1.55, 0.92, 0, 0.82, 1.13, 1.74, 1.75, 2.08, 2.85, 3.06, 2.99, 1.81, 1.33, 2.82, 3.9, 4.423, 4.64, 5.14, 5.71, 5.74, 5.2], [3.67, 3.52, 3.5, 3.34, 3.26, 3.51, 3.81, 3.81, 3.82, 4.19, 4.85, 4.95, 5.0, 5.43, 5.83, 5.76, 5.64, 5.88, 6.82, 7.42, 7.84, 8.04, 8.18, 6.86, 5.99, 7.03, 6.84, 6.67, 6.89, 7.08, 6.76, 6.51, 6.07, 6.13, 6.21, 6.16, 5.64, 4.78, 4.73, 4.82, 5.43, 5.76, 5.55, 4.82, 4.79, 5.17, 5.17, 5.29, 5.22, 4.67, 4.57, 4.49, 4.52, 4.87, 5.02, 5.51, 5.697, 5.56, 5.579, 5.573, 4.06, 2.93, 2.62, 2.92, 2.76, 2.03, 1.34, 0.82, 0, 0.71, 1.22, 1.25, 1.74, 2.37, 2.5, 2.45, 1.39, 1.55, 3.28, 4.32, 4.9, 5.14, 5.64, 6.21, 6.22, 5.66], [3.42, 3.27, 3.25, 3.09, 3.03, 3.3, 3.6, 3.6, 3.61, 3.96, 4.6, 4.7, 4.77, 5.2, 5.62, 5.51, 5.41, 5.65, 6.57, 7.19, 7.59, 7.77, 7.91, 6.63, 5.78, 6.82, 6.63, 6.9, 6.82, 6.97, 6.61, 6.3, 5.96, 6.14, 6.18, 6.29, 5.87, 4.93, 4.68, 4.73, 5.32, 5.61, 5.46, 4.63, 4.64, 4.98, 4.98, 5.14, 5.07, 4.5, 4.42, 4.38, 4.69, 5.28, 5.41, 5.88, 6.07, 5.93, 5.98, 5.96, 4.47, 3.3, 3.03, 3.27, 2.99, 2.36, 1.73, 1.13, 0.71, 0, 0.91, 1.06, 1.63, 2.06, 2.17, 2.2, 1.16, 1.9, 3.65, 4.67, 5.29, 5.53, 6.07, 6.64, 6.63, 6.07], [3.07, 2.94, 2.92, 2.76, 2.68, 2.93, 3.23, 3.23, 3.22, 3.59, 4.23, 4.33, 4.46, 4.83, 5.25, 5.18, 5.06, 5.3, 6.24, 6.84, 7.26, 7.42, 7.56, 6.28, 5.41, 6.45, 6.26, 7.29, 6.97, 6.98, 6.64, 5.99, 5.79, 6.51, 6.47, 6.64, 6.26, 5.28, 4.93, 4.88, 5.11, 5.52, 5.55, 4.58, 4.29, 4.65, 4.65, 4.79, 4.72, 4.17, 4.17, 4.39, 5.34, 5.93, 6.08, 6.55, 6.74, 6.6, 6.61, 6.63, 5.14, 3.97, 3.7, 3.94, 3.68, 3.05, 2.38, 1.74, 1.22, 0.91, 0, 0.61, 1.22, 1.45, 1.7, 1.77, 1.31, 2.57, 4.34, 5.36, 5.92, 6.16, 6.7, 7.27, 7.26, 6.7], [2.76, 2.59, 2.57, 2.41, 2.33, 2.76, 3.06, 3.02, 3.11, 3.44, 4.06, 4.2, 4.39, 4.72, 5.1, 4.85, 4.77, 5.05, 5.91, 6.51, 6.89, 7.07, 7.21, 5.99, 5.28, 6.32, 6.17, 7.34, 6.98, 6.99, 6.69, 5.98, 5.82, 6.56, 6.52, 6.69, 6.31, 5.35, 4.98, 4.87, 5.1, 5.49, 5.58, 4.57, 4.14, 4.34, 4.36, 4.5, 4.43, 3.98, 4.06, 4.3, 5.33, 5.9, 6.05, 6.52, 6.71, 6.59, 6.58, 6.6, 5.11, 3.94, 3.67, 3.93, 3.67, 3.04, 2.35, 1.75, 1.25, 1.06, 0.61, 0, 0.81, 1.42, 1.63, 1.66, 1.4, 2.56, 4.33, 5.35, 5.89, 6.13, 6.67, 7.24, 7.23, 6.67], [2.53, 2.34, 2.34, 2.14, 2.14, 2.79, 3.01, 2.97, 3.08, 3.41, 4.07, 4.23, 4.44, 4.69, 5.01, 4.68, 4.64, 4.9, 5.66, 6.24, 6.62, 6.76, 6.9, 5.8, 5.31, 6.33, 6.24, 7.55, 7.13, 7.18, 6.88, 6.11, 5.99, 6.65, 6.65, 6.76, 6.42, 5.48, 5.07, 4.98, 5.13, 5.52, 5.67, 4.58, 3.89, 4.11, 4.11, 4.25, 4.14, 3.89, 4.13, 4.45, 5.54, 6.09, 6.22, 6.69, 6.94, 6.82, 6.69, 6.79, 5.34, 4.09, 3.9, 4.16, 3.9, 3.35, 2.68, 2.08, 1.74, 1.63, 1.22, 0.81, 0, 1.03, 1.36, 1.33, 1.53, 2.79, 4.56, 5.58, 6.06, 6.24, 6.78, 7.39, 7.34, 6.78], [2.86, 2.75, 2.73, 2.47, 2.65, 3.3, 3.4, 3.44, 3.51, 3.84, 4.52, 4.86, 5.03, 5.32, 5.54, 5.17, 5.09, 5.39, 6.13, 6.71, 7.05, 7.11, 7.25, 6.23, 5.82, 6.82, 6.73, 8.16, 7.72, 7.79, 7.49, 6.68, 6.64, 7.28, 7.24, 7.37, 7.03, 6.13, 5.74, 5.61, 5.64, 6.03, 6.26, 5.15, 4.34, 4.54, 4.52, 4.66, 4.55, 4.38, 4.6, 5.16, 6.25, 6.82, 6.95, 7.38, 7.61, 7.57, 7.42, 7.5, 6.15, 4.92, 4.71, 4.99, 4.75, 4.18, 3.49, 2.85, 2.37, 2.06, 1.45, 1.42, 1.03, 0, 0.77, 1.1, 1.62, 3.46, 5.25, 6.31, 6.77, 7.05, 7.45, 8.08, 7.97, 7.45], [3.17, 3.08, 3.08, 2.86, 3.0, 3.57, 3.73, 3.77, 3.86, 4.17, 4.87, 5.11, 5.2, 5.55, 5.79, 5.46, 5.38, 5.64, 6.42, 7.0, 7.3, 7.38, 7.5, 6.52, 6.11, 7.09, 7.02, 8.31, 7.95, 7.92, 7.68, 6.91, 6.81, 7.55, 7.51, 7.68, 7.32, 6.38, 5.99, 5.84, 5.97, 6.34, 6.49, 5.48, 4.77, 4.95, 4.87, 5.03, 4.96, 4.73, 4.97, 5.35, 6.3, 6.91, 7.06, 7.55, 7.76, 7.62, 7.61, 7.65, 6.24, 5.05, 4.78, 5.04, 4.8, 4.25, 3.66, 3.06, 2.5, 2.17, 1.7, 1.63, 1.36, 0.77, 0, 0.71, 1.43, 3.57, 5.36, 6.38, 6.92, 7.2, 7.665, 8.286, 8.24, 7.7], [3.18, 3.07, 3.09, 2.85, 2.97, 3.56, 3.76, 3.7, 3.81, 4.16, 4.86, 4.98, 5.25, 5.54, 5.8, 5.41, 5.39, 5.65, 6.41, 6.99, 7.29, 7.43, 7.57, 6.55, 6.06, 7.06, 7.03, 8.34, 7.98, 8.01, 7.65, 6.94, 6.8, 7.58, 7.52, 7.69, 7.35, 6.41, 6.04, 5.95, 6.14, 6.55, 6.52, 5.59, 4.82, 4.94, 4.92, 5.04, 4.97, 4.62, 5.02, 5.34, 6.23, 6.82, 6.95, 7.44, 7.65, 7.53, 7.56, 7.54, 6.11, 4.92, 4.67, 4.93, 4.71, 4.16, 3.57, 2.99, 2.45, 2.2, 1.77, 1.66, 1.33, 1.1, 0.71, 0, 1.4, 3.48, 5.27, 6.29, 6.87, 7.13, 7.63, 8.22, 8.19, 7.65], [3.46, 3.33, 3.29, 3.13, 3.05, 3.26, 3.56, 3.6, 3.63, 3.94, 4.62, 4.7, 4.75, 5.18, 5.6, 5.55, 5.41, 5.61, 6.59, 7.27, 7.63, 7.83, 7.99, 6.61, 5.74, 6.78, 6.61, 7.4, 7.22, 7.25, 6.93, 6.48, 6.24, 6.58, 6.6, 6.79, 6.35, 5.35, 5.0, 5.09, 5.5, 5.89, 5.68, 4.81, 4.6, 4.92, 4.92, 5.04, 4.97, 4.48, 4.52, 4.5, 4.91, 5.56, 5.67, 6.16, 6.37, 6.23, 6.3, 6.28, 4.83, 3.64, 3.43, 3.63, 3.43, 2.92, 2.37, 1.81, 1.39, 1.16, 1.31, 1.4, 1.53, 1.62, 1.43, 1.4, 0, 2.16, 3.95, 4.99, 5.61, 5.87, 6.334, 6.96, 6.95, 6.39], [4.24, 3.91, 3.69, 3.59, 3.51, 3.54, 3.74, 3.88, 3.77, 4.06, 4.66, 4.86, 4.87, 5.24, 5.76, 5.97, 5.83, 6.01, 7.05, 7.83, 8.13, 8.41, 8.65, 7.03, 5.9, 6.9, 6.63, 5.94, 6.24, 6.47, 6.27, 6.16, 5.68, 5.5, 5.6, 5.51, 5.03, 4.23, 4.16, 4.39, 5.14, 5.53, 5.36, 4.55, 4.6, 5.12, 5.18, 5.3, 5.21, 4.6, 4.3, 3.9, 3.65, 3.66, 3.73, 4.18, 4.31, 4.27, 4.28, 4.22, 2.91, 2.08, 1.83, 2.05, 1.83, 1.5, 1.39, 1.33, 1.55, 1.9, 2.57, 2.56, 2.79, 3.46, 3.57, 3.48, 2.16, 0, 1.89, 3.03, 3.61, 3.99, 4.31, 4.92, 4.97, 4.39], [5.07, 4.74, 4.54, 4.52, 4.28, 4.07, 4.29, 4.43, 4.3, 4.47, 5.05, 5.27, 5.16, 5.39, 5.95, 6.54, 6.4, 6.44, 7.42, 8.44, 8.72, 9.18, 9.42, 7.74, 6.21, 6.97, 6.58, 5.39, 5.