[[0, 0.89, 1.08, 1.26, 2.71, 4.36, 4.49, 4.2, 4.15, 6.17, 7.98, 7.963, 7.85, 7.89, 8.32, 8.52, 8.83, 9.45, 10.44, 11.63, 11.74, 11.72, 11.335, 11.102, 11.627, 12.098, 11.655, 11.272, 11.583, 11.785, 11.866, 12.648, 13.337, 14.268, 14.513, 14.538, 14.202, 13.157, 11.907, 11.117, 10.851, 11.256, 12.16, 11.266, 9.745, 8.861, 9.129, 10.192, 10.642, 10.705, 10.629, 10.682, 10.713, 10.217, 10.258, 10.549, 10.839, 9.878, 8.757, 7.715, 7.878, 9.015, 8.493, 8.454, 9.324, 10.15, 11.117, 12.286, 12.639, 12.384, 12.828, 12.61, 12.491, 12.535, 12.915, 13.191, 12.379, 11.597, 11.433, 11.561, 11.212, 10.772, 10.376, 8.78, 7.734, 6.837], [0.89, 0, 0.89, 1.03, 2.24, 3.89, 4.02, 3.69, 3.58, 5.58, 7.39, 7.459, 7.336, 7.376, 7.81, 8.01, 8.32, 8.94, 9.946, 11.12, 11.21, 11.19, 10.805, 10.549, 11.057, 11.514, 11.074, 10.706, 11.013, 11.235, 11.356, 12.146, 12.844, 13.777, 13.995, 14.036, 13.695, 12.667, 11.363, 10.57, 10.327, 10.748, 11.653, 10.753, 9.258, 8.399, 8.614, 9.69, 10.144, 10.235, 10.093, 10.232, 10.209, 9.773, 9.834, 10.099, 10.324, 9.361, 8.35, 7.543, 7.443, 8.502, 7.929, 7.89, 8.814, 9.642, 10.572, 11.684, 12.092, 11.837, 12.318, 12.14, 11.95, 12.011, 12.431, 12.727, 11.929, 11.092, 10.917, 11.014, 10.642, 10.224, 9.792, 8.179, 7.167, 6.273], [1.08, 0.89, 0, 0.94, 2.81, 4.5, 4.63, 4.34, 4.25, 6.27, 8.08, 8.115, 7.99, 8.03, 8.46, 8.66, 8.97, 9.59, 10.6, 11.77, 11.86, 11.82, 11.438, 11.216, 11.727, 12.195, 11.755, 11.372, 11.703, 11.908, 12.006, 12.802, 13.491, 14.416, 14.653, 14.692, 14.333, 13.314, 12.024, 11.2, 10.971, 11.396, 12.263, 11.389, 9.91, 9.032, 9.264, 10.334, 10.794, 10.87, 10.76, 10.876, 10.859, 10.397, 10.464, 10.695, 10.974, 9.95, 9.029, 8.13, 8.055, 9.135, 8.596, 8.494, 9.474, 10.275, 11.197, 12.394, 12.765, 12.49, 12.96, 12.761, 12.571, 12.672, 13.07, 13.314, 12.554, 11.742, 11.55, 11.661, 11.329, 10.894, 10.462, 8.843, 7.814, 6.926], [1.26, 1.03, 0.94, 0, 2.37, 4.04, 4.21, 3.92, 3.89, 5.93, 7.719, 7.741, 7.601, 7.641, 8.1, 8.3, 8.609, 9.201, 10.208, 11.381, 11.494, 11.437, 11.078, 10.859, 11.381, 11.84, 11.412, 11.026, 11.34, 11.545, 11.614, 12.422, 13.082, 14.039, 14.29, 14.303, 13.97, 12.922, 11.661, 10.831, 10.588, 11.004, 11.894, 10.963, 9.55, 8.626, 8.904, 10.003, 10.456, 10.537, 10.471, 10.608, 10.544, 10.077, 10.139, 10.342, 10.679, 9.607, 8.949, 8.29, 7.828, 8.778, 8.244, 8.188, 9.218, 9.985, 10.911, 12.094, 12.505, 12.175, 12.668, 12.485, 12.309, 12.372, 12.75, 12.983, 12.228, 11.442, 11.21, 11.346, 10.986, 10.52, 10.102, 8.477, 7.451, 6.598], [2.71, 2.24, 2.81, 2.37, 0, 1.75, 2.0, 1.79, 1.8, 3.719, 5.529, 5.516, 5.376, 5.416, 5.846, 6.069, 6.359, 6.976, 7.983, 9.156, 9.284, 9.247, 8.905, 8.71, 9.212, 9.702, 9.32, 8.86, 9.185, 9.422, 9.458, 10.218, 10.849, 11.812, 12.066, 12.111, 11.778, 10.764, 9.488, 8.691, 8.431, 8.846, 9.842, 8.982, 7.422, 6.583, 6.859, 7.948, 8.395, 8.578, 8.668, 8.748, 8.578, 8.418, 8.718, 8.678, 8.658, 7.986, 7.856, 7.034, 6.513, 7.132, 6.09, 6.15, 7.367, 8.02, 8.911, 10.112, 10.552, 10.262, 10.666, 10.555, 10.349, 10.399, 10.693, 11.013, 10.31, 9.603, 9.163, 9.255, 8.866, 8.412, 8.035, 6.389, 5.429, 4.757], [4.36, 3.89, 4.5, 4.04, 1.75, 0, 0.79, 1.08, 1.23, 2.23, 3.919, 3.909, 3.749, 3.809, 4.219, 4.48, 4.77, 5.349, 6.356, 7.529, 7.668, 7.631, 7.33, 7.18, 7.64, 8.112, 7.73, 7.325, 7.58, 7.797, 7.918, 8.606, 9.277, 10.185, 10.459, 10.501, 10.154, 9.169, 7.916, 7.044, 6.784, 7.265, 8.227, 7.336, 5.901, 5.051, 5.347, 6.435, 6.885, 7.045, 7.229, 7.31, 7.114, 6.944, 7.231, 7.214, 7.364, 6.891, 6.878, 5.951, 5.188, 5.615, 4.91, 5.14, 6.19, 6.651, 7.504, 8.698, 9.134, 8.784, 9.159, 9.125, 8.954, 9.001, 9.143, 9.469, 8.82, 8.218, 7.561, 7.703, 7.343, 6.807, 6.423, 4.899, 3.998, 3.3], [4.49, 4.02, 4.63, 4.21, 2.0, 0.79, 0, 0.97, 1.22, 2.22, 3.692, 3.68, 3.519, 3.559, 4.01, 4.27, 4.54, 5.137, 6.13, 7.314, 7.547, 7.51, 7.1, 6.95, 7.43, 7.9, 7.489, 7.092, 7.367, 7.604, 7.665, 8.408, 9.053, 9.97, 10.253, 10.268, 9.924, 8.942, 7.698, 6.954, 6.654, 7.029, 8.077, 7.297, 5.796, 4.873, 5.093, 6.192, 6.774, 6.851, 6.988, 7.076, 6.87, 6.715, 7.161, 7.175, 7.054, 6.841, 6.988, 5.998, 5.218, 5.56, 4.9, 5.05, 6.02, 6.39, 7.36, 8.474, 8.854, 8.544, 8.917, 8.88, 8.694, 8.68, 8.935, 9.338, 8.684, 7.934, 7.4, 7.441, 7.114, 6.604, 6.248, 4.714, 3.874, 3.43], [4.2, 3.69, 4.34, 3.92, 1.79, 1.08, 0.97, 0, 0.85, 2.15, 3.902, 3.97, 3.79, 3.83, 4.32, 4.56, 4.83, 5.39, 6.38, 7.561, 7.734, 7.72, 7.37, 7.14, 7.68, 8.13, 7.779, 7.302, 7.603, 7.86, 7.915, 8.678, 9.303, 10.243, 10.497, 10.558, 10.212, 9.212, 7.914, 7.189, 6.869, 7.282, 8.364, 7.564, 6.02, 5.133, 5.403, 6.405, 6.955, 7.042, 7.138, 7.206, 7.074, 6.923, 7.247, 7.256, 7.12, 6.851, 6.907, 5.917, 5.212, 5.73, 4.949, 4.96, 6.026, 6.54, 7.45, 8.664, 8.998, 8.714, 9.084, 9.041, 8.917, 8.885, 9.222, 9.603, 8.911, 8.164, 7.615, 7.676, 7.318, 6.814, 6.481, 4.919, 4.061, 3.553], [4.15, 3.58, 4.25, 3.89, 1.8, 1.23, 1.22, 0.85, 0, 2.06, 3.85, 3.98, 3.8, 3.86, 4.29, 4.61, 4.84, 5.42, 6.39, 7.6, 7.83, 7.79, 7.36, 7.23, 7.65, 8.12, 7.76, 7.395, 7.604, 7.89, 8.048, 8.686, 9.325, 10.245, 10.543, 10.555, 10.202, 9.168, 7.956, 7.302, 6.962, 7.33, 8.426, 7.686, 6.379, 5.177, 5.51, 6.648, 7.275, 7.341, 7.448, 7.525, 7.375, 7.275, 7.645, 7.64, 7.445, 6.93, 7.062, 6.158, 5.48, 6.029, 5.099, 4.93, 6.016, 6.704, 7.594, 8.734, 9.16, 8.87, 9.246, 9.179, 9.024, 8.982, 9.29, 9.785, 9.167, 8.334, 7.697, 7.677, 7.328, 6.89, 6.619, 5.146, 4.137, 3.677], [6.17, 5.58, 6.27, 5.93, 3.719, 2.23, 2.22, 2.15, 2.06, 0, 1.93, 2.54, 2.4, 2.6, 3.21, 3.51, 3.6, 4.1, 5.11, 6.24, 6.43, 6.57, 6.28, 6.33, 6.69, 7.06, 6.92, 6.48, 6.51, 6.77, 7.077, 7.44, 7.9, 8.72, 9.06, 9.167, 8.76, 7.92, 6.85, 6.097, 5.734, 6.2, 7.34, 6.717, 5.72, 4.856, 5.099, 6.007, 6.651, 6.863, 6.941, 6.976, 6.942, 7.122, 7.695, 7.815, 7.585, 7.425, 7.612, 6.765, 5.809, 5.624, 5.14, 5.49, 6.5, 6.58, 7.249, 8.257, 8.603, 8.34, 8.42, 8.575, 8.49, 8.46, 8.6, 8.958, 8.476, 7.946, 6.909, 6.609, 6.101, 5.802, 5.677, 4.388, 3.79, 3.53], [7.98, 7.39, 8.08, 7.719, 5.529, 3.919, 3.692, 3.902, 3.85, 1.93, 0, 1.31, 1.51, 1.63, 2.16, 2.34, 2.19, 2.47, 3.42, 4.53, 4.74, 4.86, 4.59, 4.68, 5.06, 5.51, 5.39, 5.09, 4.82, 5.0, 5.37, 5.733, 6.21, 7.01, 7.368, 7.474, 7.067, 6.227, 5.143, 4.353, 4.041, 4.49, 5.63, 4.987, 4.49, 4.65, 4.73, 5.04, 5.45, 5.81, 6.117, 6.207, 6.381, 6.887, 7.657, 7.737, 7.527, 7.55, 7.477, 6.647, 5.74, 5.34, 5.09, 5.44, 6.33, 6.37, 6.4, 7.06, 7.42, 7.21, 7.16, 7.43, 7.2, 7.17, 7.31, 7.57, 7.19, 6.8, 5.84, 5.026, 4.311, 4.174, 4.027, 3.04, 3.3, 3.6], [7.963, 7.459, 8.115, 7.741, 5.516, 3.909, 3.68, 3.97, 3.98, 2.54, 1.31, 0, 0.86, 1.0, 1.59, 1.83, 1.76, 2.02, 2.95, 4.12, 4.41, 4.49, 4.1, 4.07, 4.49, 4.94, 4.78, 4.46, 4.33, 4.59, 4.817, 5.154, 5.748, 6.531, 6.866, 6.993, 6.623, 5.791, 4.647, 3.985, 3.62, 4.035, 5.189, 4.534, 3.84, 3.84, 3.96, 4.15, 4.7, 5.08, 5.544, 5.46, 5.674, 6.1, 6.847, 6.97, 6.837, 6.863, 6.784, 5.894, 5.07, 4.75, 4.52, 4.77, 5.62, 5.62, 5.57, 6.35, 6.75, 6.54, 6.43, 6.64, 6.55, 6.46, 6.54, 6.92, 6.48, 6.03, 5.09, 4.414, 3.962, 3.654, 3.513, 2.59, 2.67, 3.11], [7.85, 7.336, 7.99, 7.601, 5.376, 3.749, 3.519, 3.79, 3.8, 2.4, 1.51, 0.86, 0, 0.5, 1.17, 1.59, 1.68, 1.94, 2.87, 4.1, 4.39, 4.49, 4.14, 4.19, 4.55, 5.0, 4.88, 4.5, 4.41, 4.67, 4.917, 5.24, 5.84, 6.651, 6.966, 7.018, 6.651, 5.831, 4.73, 4.037, 3.66, 4.08, 5.235, 4.617, 3.82, 3.6, 3.56, 4.17, 4.84, 4.92, 5.207, 5.36, 5.32, 5.8, 6.55, 6.69, 6.5, 6.606, 6.43, 5.58, 4.83, 4.49, 4.28, 4.51, 5.26, 5.26, 5.47, 6.426, 6.786, 6.476, 6.506, 6.732, 6.53, 6.52, 6.64, 6.916, 6.496, 6.006, 4.95, 4.481, 4.053, 3.724, 3.56, 2.51, 2.37, 2.85], [7.89, 7.376, 8.03, 7.641, 5.416, 3.809, 3.559, 3.83, 3.86, 2.6, 1.63, 1.0, 0.5, 0, 1.17, 1.57, 1.66, 1.92, 2.85, 4.08, 4.41, 4.51, 4.12, 4.09, 4.47, 5.04, 4.84, 4.48, 4.41, 4.65, 4.814, 5.208, 5.788, 6.666, 7.003, 7.03, 6.703, 5.851, 4.681, 4.045, 3.677, 4.092, 5.243, 4.57, 3.84, 3.7, 3.68, 4.23, 4.9, 4.92, 5.167, 5.4, 5.34, 5.84, 6.59, 6.75, 6.54, 6.666, 6.47, 5.68, 4.93, 4.51, 4.34, 4.57, 5.28, 5.3, 5.43, 6.423, 6.786, 6.46, 6.486, 6.692, 6.49, 6.52, 6.62, 6.933, 6.476, 5.986, 4.946, 4.371, 4.067, 3.77, 3.443, 2.57, 2.45, 2.95], [8.32, 7.81, 8.46, 8.1, 5.846, 4.219, 4.01, 4.32, 4.29, 3.21, 2.16, 1.59, 1.17, 1.17, 0, 0.9, 1.29, 1.53, 2.42, 3.53, 3.82, 3.88, 3.67, 3.92, 4.26, 4.75, 4.67, 4.21, 4.1, 4.16, 4.3, 4.701, 5.218, 6.118, 6.376, 6.391, 6.058, 5.204, 4.171, 3.48, 3.038, 3.445, 4.608, 4.04, 3.89, 3.99, 3.87, 4.38, 4.93, 5.07, 5.36, 5.63, 5.57, 6.11, 6.7, 6.92, 6.75, 6.819, 6.62, 5.85, 5.14, 4.78, 4.51, 4.74, 5.33, 5.39, 5.3, 6.2, 6.51, 6.23, 6.27, 6.45, 6.32, 6.31, 6.37, 6.68, 6.2, 5.71, 4.7, 4.24, 3.83, 3.5, 3.26, 2.7, 2.76, 3.3], [8.52, 8.01, 8.66, 8.3, 6.069, 4.48, 4.27, 4.56, 4.61, 3.51, 2.34, 1.83, 1.59, 1.57, 0.9, 0, 1.01, 1.45, 2.34, 3.37, 3.56, 3.54, 3.33, 3.66, 4.04, 4.53, 4.41, 3.93, 3.86, 3.88, 3.9, 4.401, 4.978, 5.901, 6.145, 6.168, 5.841, 4.824, 3.857, 3.18, 2.72, 2.95, 4.148, 3.7, 3.75, 4.21, 4.19, 4.4, 4.79, 4.95, 5.36, 5.53, 5.59, 6.19, 6.84, 7.02, 6.83, 7.022, 6.76, 6.09, 5.3, 4.82, 4.67, 5.0, 5.57, 5.55, 5.36, 6.14, 6.42, 6.19, 6.12, 6.35, 6.18, 6.07, 6.07, 6.37, 5.97, 5.64, 4.72, 4.02, 3.67, 3.26, 3.05, 2.68, 2.98, 3.64], [8.83, 8.32, 8.97, 8.609, 6.359, 4.77, 4.54, 4.83, 4.84, 3.6, 2.19, 1.76, 1.68, 1.66, 1.29, 1.01, 0, 1.12, 1.89, 3.02, 3.27, 3.21, 2.94, 3.11, 3.55, 3.98, 3.86, 3.5, 3.37, 3.45, 3.663, 4.105, 4.683, 5.565, 5.812, 5.853, 5.525, 4.508, 3.535, 2.81, 2.43, 2.76, 3.91, 3.39, 3.62, 4.16, 4.22, 4.29, 4.62, 4.88, 5.35, 5.56, 5.52, 6.16, 6.81, 6.99, 6.76, 7.012, 6.83, 6.14, 5.39, 4.85, 4.72, 4.99, 5.5, 5.46, 5.19, 5.77, 6.03, 5.84, 5.75, 6.0, 5.79, 5.64, 5.68, 5.96, 5.58, 5.23, 4.35, 3.78, 3.32, 3.03, 2.92, 2.67, 3.13, 3.81], [9.45, 8.94, 9.59, 9.201, 6.976, 5.349, 5.137, 5.39, 5.42, 4.1, 2.47, 2.02, 1.94, 1.92, 1.53, 1.45, 1.12, 0, 1.25, 2.32, 2.67, 2.63, 2.52, 2.69, 3.21, 3.64, 3.56, 3.22, 2.87, 2.91, 3.11, 3.525, 4.083, 4.98, 5.232, 5.218, 4.888, 4.011, 2.921, 2.41, 2.05, 2.2, 3.39, 2.91, 3.94, 4.54, 4.52, 4.43, 4.86, 5.2, 5.73, 5.92, 5.92, 6.52, 7.17, 7.39, 7.16, 7.412, 7.19, 6.5, 5.75, 5.25, 5.12, 5.35, 5.9, 5.88, 5.57, 5.67, 6.05, 5.98, 5.71, 6.08, 5.69, 5.4, 5.4, 5.66, 5.32, 4.99, 4.13, 3.5, 3.38, 2.85, 2.58, 2.81, 3.37, 3.99], [10.44, 9.946, 10.6, 10.208, 7.983, 6.356, 6.13, 6.38, 6.39, 5.11, 3.42, 2.95, 2.87, 2.85, 2.42, 2.34, 1.89, 1.25, 0, 1.57, 2.0, 1.96, 1.71, 1.94, 2.5, 3.09, 3.03, 2.69, 2.32, 2.16, 2.22, 2.58, 3.15, 4.025, 4.296, 4.288, 3.958, 3.141, 2.07, 1.78, 1.48, 1.51, 2.64, 2.3, 3.75, 4.39, 4.43, 4.24, 4.47, 4.93, 5.56, 5.77, 5.73, 6.33, 6.98, 7.12, 6.91, 7.245, 7.1, 6.39, 5.66, 5.1, 4.97, 5.2, 5.59, 5.53, 5.2, 5.22, 5.62, 5.57, 5.28, 5.63, 5.28, 4.99, 4.95, 5.17, 4.89, 4.62, 3.8, 3.05, 2.93, 2.38, 2.29, 2.96, 3.46, 4.3], [11.63, 11.12, 11.77, 11.381, 9.156, 7.529, 7.314, 7.561, 7.6, 6.24, 4.53, 4.12, 4.1, 4.08, 3.53, 3.37, 3.02, 2.32, 1.57, 0, 0.81, 0.93, 0.92, 1.39, 1.87, 2.4, 2.3, 2.04, 1.63, 1.29, 1.33, 1.63, 2.07, 2.851, 3.106, 3.101, 2.731, 1.99, 1.16, 1.55, 1.53, 1.12, 1.33, 1.55, 3.82, 4.78, 4.82, 4.33, 4.4, 4.82, 5.49, 5.7, 5.6, 6.08, 6.77, 6.85, 6.64, 7.08, 7.29, 6.74, 6.07, 5.15, 5.32, 5.19, 5.46, 5.26, 4.97, 4.69, 4.97, 4.94, 4.59, 4.86, 4.53, 4.22, 4.14, 4.38, 4.16, 4.13, 3.75, 3.02, 3.1, 2.71, 2.86, 3.63, 4.21, 5.17], [11.74, 11.21, 11.86, 11.494, 9.284, 7.668, 7.547, 7.734, 7.83, 6.43, 4.74, 4.41, 4.39, 4.41, 3.82, 3.56, 3.27, 2.67, 2.0, 0.81, 0, 0.68, 1.01, 1.52, 1.94, 2.33, 2.19, 1.97, 1.64, 1.14, 1.26, 1.72, 2.08, 2.875, 3.167, 3.103, 2.735, 1.845, 1.31, 1.56, 1.5, 1.33, 1.42, 1.56, 3.69, 4.79, 4.81, 4.24, 4.17, 4.65, 5.34, 5.57, 5.53, 6.01, 6.64, 6.66, 6.47, 6.93, 7.02, 6.59, 5.82, 4.94, 5.05, 5.06, 5.39, 5.21, 4.88, 4.48, 4.8, 4.79, 4.42, 4.73, 4.34, 4.11, 4.07, 4.21, 4.03, 4.08, 3.84, 3.07, 3.01, 2.68, 2.85, 3.62, 4.22, 5.22], [11.72, 11.19, 11.82, 11.437, 9.247, 7.631, 7.51, 7.72, 7.79, 6.57, 4.86, 4.49, 4.49, 4.51, 3.88, 3.54, 3.21, 2.63, 1.96, 0.93, 0.68, 0, 0.75, 1.32, 1.82, 2.25, 2.11, 1.75, 1.44, 1.04, 1.08, 1.48, 1.92, 2.821, 3.064, 3.043, 2.695, 1.667, 1.19, 1.42, 1.52, 1.09, 1.34, 1.54, 3.63, 4.71, 4.71, 4.16, 4.09, 4.53, 5.22, 5.43, 5.41, 5.91, 6.54, 6.56, 6.37, 6.83, 6.94, 6.53, 5.76, 4.86, 5.01, 5.0, 5.29, 5.09, 4.78, 4.4, 4.8, 4.77, 4.48, 4.83, 4.38, 4.09, 4.07, 4.17, 3.91, 3.94, 3.62, 2.87, 2.97, 2.58, 2.77, 3.52, 4.14, 5.12], [11.335, 10.805, 11.438, 11.078, 8.905, 7.33, 7.1, 7.37, 7.36, 6.28, 4.59, 4.1, 4.14, 4.12, 3.67, 3.33, 2.94, 2.52, 1.71, 0.92, 1.01, 0.75, 0, 0.95, 1.45, 2.02, 1.82, 1.52, 1.21, 0.95, 0.99, 1.51, 2.15, 3.032, 3.329, 3.321, 2.994, 2.005, 1.2, 1.35, 1.61, 1.26, 1.47, 1.35, 3.24, 4.2, 4.22, 3.77, 3.7, 4.12, 4.73, 5.02, 4.96, 5.42, 6.09, 6.11, 5.92, 6.32, 6.55, 6.12, 5.37, 4.43, 4.6, 4.63, 4.84, 4.6, 4.23, 4.05, 4.41, 4.34, 4.15, 4.48, 4.07, 3.76, 3.76, 3.92, 3.7, 3.59, 3.25, 2.4, 2.5, 2.21, 2.3, 3.03, 3.75, 4.77], [11.102, 10.549, 11.216, 10.859, 8.71, 7.18, 6.95, 7.14, 7.23, 6.33, 4.68, 4.07, 4.19, 4.09, 3.92, 3.66, 3.11, 2.69, 1.94, 1.39, 1.52, 1.32, 0.95, 0, 1.06, 1.47, 1.35, 1.27, 1.24, 1.08, 1.28, 1.86, 2.4, 3.286, 3.552, 3.557, 3.229, 2.209, 1.57, 2.04, 2.28, 1.71, 1.78, 1.72, 3.05, 4.03, 3.99, 3.58, 3.55, 3.93, 4.5, 4.75, 4.67, 5.11, 5.8, 5.84, 5.59, 5.97, 6.38, 5.93, 5.2, 4.24, 4.47, 4.6, 4.61, 4.31, 3.92, 3.6, 3.94, 3.95, 3.64, 3.97, 3.46, 3.13, 3.23, 3.43, 3.07, 2.98, 2.94, 2.51, 2.81, 2.56, 2.55, 2.94, 3.58, 4.56], [11.627, 11.057, 11.727, 11.381, 9.212, 7.64, 7.43, 7.68, 7.65, 6.69, 5.06, 4.49, 4.55, 4.47, 4.26, 4.04, 3.55, 3.21, 2.5, 1.87, 1.94, 1.82, 1.45, 1.06, 0, 0.93, 1.01, 0.97, 1.1, 1.3, 1.42, 1.88, 2.32, 2.88, 3.14, 3.093, 2.766, 1.96, 1.89, 2.48, 2.7, 2.27, 2.08, 2.02, 2.85, 3.79, 3.75, 3.34, 3.37, 3.63, 4.24, 4.49, 4.41, 4.83, 5.44, 5.44, 5.17, 5.69, 6.18, 5.87, 5.14, 4.1, 4.29, 4.46, 4.19, 3.87, 3.5, 3.1, 3.34, 3.35, 3.04, 3.41, 3.0, 2.59, 2.63, 2.91, 2.67, 2.74, 2.62, 2.21, 2.63, 2.6, 2.65, 3.12, 3.98, 5.08], [12.098, 11.514, 12.195, 11.84, 9.702, 8.112, 7.9, 8.13, 8.12, 7.06, 5.51, 4.94, 5.0, 5.04, 4.75, 4.53, 3.98, 3.64, 3.09, 2.4, 2.33, 2.25, 2.02, 1.47, 0.93, 0, 0.74, 1.04, 1.15, 1.61, 1.77, 2.13, 2.41, 2.67, 2.89, 2.66, 2.41, 1.85, 1.96, 2.81, 3.19, 2.66, 2.27, 2.25, 2.84, 3.8, 3.68, 3.23, 3.26, 3.5, 4.11, 4.36, 4.28, 4.7, 5.29, 5.27, 5.0, 5.56, 6.05, 5.88, 5.17, 4.13, 4.26, 4.41, 4.04, 3.74, 3.39, 2.83, 3.01, 3.04, 2.67, 3.06, 2.49, 2.18, 2.28, 2.28, 2.24, 2.41, 2.45, 2.28, 2.7, 2.65, 2.82, 3.53, 4.462, 5.458], [11.655, 11.074, 11.755, 11.412, 9.32, 7.73, 7.489, 7.779, 7.76, 6.92, 5.39, 4.78, 4.88, 4.84, 4.67, 4.41, 3.86, 3.56, 3.03, 2.3, 2.19, 2.11, 1.82, 1.35, 1.01, 0.74, 0, 0.82, 0.95, 1.51, 1.67, 2.11, 2.43, 2.89, 3.11, 3.052, 2.77, 1.93, 1.92, 2.57, 2.91, 2.46, 2.17, 1.87, 2.48, 3.42, 3.3, 2.97, 2.92, 3.16, 3.75, 4.06, 3.94, 4.38, 5.07, 5.09, 4.88, 5.24, 5.63, 5.44, 4.71, 3.71, 3.82, 4.07, 3.92, 3.64, 3.23, 2.71, 3.07, 3.06, 2.83, 3.18, 2.59, 2.24, 2.24, 2.5, 2.18, 2.15, 2.23, 2.08, 2.52, 2.43, 2.46, 3.07, 4.03, 5.09], [11.272, 10.706, 11.372, 11.026, 8.86, 7.325, 7.092, 7.302, 7.395, 6.48, 5.09, 4.46, 4.5, 4.48, 4.21, 3.93, 3.5, 3.22, 2.69, 2.04, 1.97, 1.75, 1.52, 1.27, 0.97, 1.04, 0.82, 0, 0.79, 1.37, 1.47, 1.97, 2.49, 3.187, 3.45, 3.396, 3.096, 2.19, 1.88, 2.23, 2.53, 2.14, 2.17, 1.75, 2.2, 3.26, 3.12, 2.75, 2.74, 3.1, 3.61, 3.84, 3.78, 4.3, 4.95, 4.99, 4.78, 5.2, 5.45, 5.16, 4.43, 3.47, 3.56, 3.71, 3.74, 3.48, 3.17, 2.79, 3.17, 3.18, 2.87, 3.22, 2.85, 2.58, 2.48, 2.76, 2.4, 2.33, 2.09, 1.94, 2.34, 2.17, 2.26, 2.73, 3.61, 4.71], [11.583, 11.013, 11.703, 11.34, 9.185, 7.58, 7.367, 7.603, 7.604, 6.51, 4.82, 4.33, 4.41, 4.41, 4.1, 3.86, 3.37, 2.87, 2.32, 1.63, 1.64, 1.44, 1.21, 1.24, 1.1, 1.15, 0.95, 0.79, 0, 1.02, 1.16, 1.68, 2.2, 2.898, 3.178, 3.101, 2.778, 1.9, 1.59, 1.86, 2.18, 1.87, 1.84, 1.5, 2.53, 3.57, 3.53, 3.06, 3.05, 3.41, 4.0, 4.27, 4.21, 4.71, 5.38, 5.42, 5.17, 5.61, 5.88, 5.55, 4.82, 3.82, 3.91, 4.0, 4.11, 3.89, 3.58, 3.2, 3.58, 3.51, 3.28, 3.67, 3.18, 2.91, 2.91, 3.07, 2.77, 2.82, 2.52, 1.83, 2.15, 1.98, 1.95, 2.9, 3.92, 4.942], [11.785, 11.235, 11.908, 11.545, 9.422, 7.797, 7.604, 7.86, 7.89, 6.77, 5.0, 4.59, 4.67, 4.65, 4.16, 3.88, 3.45, 2.91, 2.16, 1.29, 1.14, 1.04, 0.95, 1.08, 1.3, 1.61, 1.51, 1.37, 1.02, 0, 0.88, 1.28, 1.88, 2.688, 2.985, 2.915, 2.568, 1.62, 1.09, 1.48, 1.86, 1.37, 1.3, 1.28, 3.23, 4.29, 4.33, 3.9, 3.69, 4.09, 4.66, 5.05, 4.93, 5.35, 6.02, 6.06, 5.89, 6.25, 6.6, 6.19, 5.48, 4.48, 4.61, 4.7, 4.85, 4.61, 4.3, 3.86, 4.24, 4.23, 3.96, 4.33, 3.76, 3.47, 3.39, 3.51, 3.31, 3.28, 3.22, 2.57, 2.51, 2.22, 2.31, 3.28, 4.24, 5.18], [11.866, 11.356, 12.006, 11.614, 9.458, 7.918, 7.665, 7.915, 8.048, 7.077, 5.37, 4.817, 4.917, 4.814, 4.3, 3.9, 3.663, 3.11, 2.22, 1.33, 1.26, 1.08, 0.99, 1.28, 1.42, 1.77, 1.67, 1.47, 1.16, 0.88, 0, 1.06, 1.64, 2.497, 2.702, 2.692, 2.48, 1.36, 0.89, 1.58, 1.74, 1.21, 1.18, 1.32, 3.21, 4.29, 4.21, 3.78, 3.71, 4.15, 4.78, 4.99, 4.95, 5.43, 6.1, 6.14, 5.91, 6.35, 6.58, 6.17, 5.46, 4.5, 4.67, 4.8, 4.91, 4.63, 4.3, 3.98, 4.36, 4.33, 4.06, 4.43, 3.92, 3.51, 3.43, 3.55, 3.33, 3.38, 3.2, 2.53, 2.63, 2.4, 2.45, 3.3, 4.24, 5.3], [12.648, 12.146, 12.802, 12.422, 10.218, 8.606, 8.408, 8.678, 8.686, 7.44, 5.733, 5.154, 5.24, 5.208, 4.701, 4.401, 4.105, 3.525, 2.58, 1.63, 1.72, 1.48, 1.51, 1.86, 1.88, 2.13, 2.11, 1.97, 1.68, 1.28, 1.06, 0, 0.86, 1.68, 1.96, 2.09, 1.8, 1.18, 1.29, 2.1, 2.24, 1.67, 1.36, 1.98, 3.77, 4.73, 4.71, 4.2, 4.25, 4.65, 5.34, 5.53, 5.45, 5.83, 6.5, 6.58, 6.37, 6.83, 7.18, 6.73, 6.08, 5.12, 5.29, 5.34, 5.21, 4.97, 4.66, 4.44, 4.76, 4.77, 4.42, 4.67, 4.36, 3.91, 3.85, 4.09, 3.79, 3.7, 3.54, 2.81, 2.99, 2.74, 3.05, 4.1, 5.022, 6.099], [13.337, 12.844, 13.491, 13.082, 10.849, 9.277, 9.053, 9.303, 9.325, 7.9, 6.21, 5.748, 5.84, 5.788, 5.218, 4.978, 4.683, 4.083, 3.15, 2.07, 2.08, 1.92, 2.15, 2.4, 2.32, 2.41, 2.43, 2.49, 2.2, 1.88, 1.64, 0.86, 0, 1.1, 1.36, 1.55, 1.48, 1.14, 1.75, 2.74, 2.8, 2.25, 1.78, 2.6, 4.37, 5.29, 5.27, 4.78, 4.79, 5.19, 5.88, 6.07, 5.97, 6.41, 7.1, 7.12, 6.89, 7.33, 7.74, 7.39, 6.7, 5.7, 5.87, 5.96, 5.73, 5.53, 5.18, 4.88, 5.18, 5.19, 4.76, 5.09, 4.68, 4.21, 4.27, 4.37, 4.11, 4.12, 4.06, 3.31, 3.49, 3.36, 3.71, 4.78, 5.72, 6.796], [14.268, 13.777, 14.416, 14.039, 11.812, 10.185, 9.97, 10.243, 10.245, 8.72, 7.01, 6.531, 6.651, 6.666, 6.118, 5.901, 5.565, 4.98, 4.025, 2.851, 2.875, 2.821, 3.032, 3.286, 2.88, 2.67, 2.89, 3.187, 2.898, 2.688, 2.497, 1.68, 1.1, 0, 0.82, 1.11, 1.0, 1.48, 2.51, 3.52, 3.66, 3.15, 2.44, 3.313, 4.71, 5.63, 5.53, 4.9, 4.81, 5.23, 5.9, 6.09, 6.01, 6.41, 7.02, 7.04, 6.81, 7.33, 7.88, 7.71, 7.16, 6.12, 6.33, 6.36, 5.83, 5.45, 5.14, 4.8, 5.02, 5.05, 4.6, 4.87, 4.46, 4.01, 4.09, 4.09, 4.05, 4.16, 4.12, 3.49, 3.75, 3.76, 4.25, 5.676, 6.659, 7.736], [14.513, 13.995, 14.653, 14.29, 12.066, 10.459, 10.253, 10.497, 10.543, 9.06, 7.368, 6.866, 6.966, 7.003, 6.376, 6.145, 5.812, 5.232, 4.296, 3.106, 3.167, 3.064, 3.329, 3.552, 3.14, 2.89, 3.11, 3.45, 3.178, 2.985, 2.702, 1.96, 1.36, 0.82, 0, 0.77, 0.94, 1.56, 2.73, 3.78, 3.86, 3.37, 2.58, 3.571, 4.99, 5.85, 5.65, 4.88, 4.87, 5.27, 5.96, 6.15, 6.07, 6.45, 7.08, 7.14, 6.91, 7.39, 7.88, 7.87, 7.3, 6.22, 6.53, 6.5, 5.85, 5.53, 5.22, 4.88, 5.06, 5.07, 4.62, 4.83, 4.34, 4.07, 4.09, 4.09, 4.11, 4.18, 4.1, 3.57, 3.89, 3.92, 4.47, 5.916, 6.905, 7.971], [14.538, 14.036, 14.692, 14.303, 12.111, 10.501, 10.268, 10.558, 10.555, 9.167, 7.474, 6.993, 7.018, 7.03, 6.391, 6.168, 5.853, 5.218, 4.288, 3.101, 3.103, 3.043, 3.321, 3.557, 3.093, 2.66, 3.052, 3.396, 3.101, 2.915, 2.692, 2.09, 1.55, 1.11, 0.77, 0, 0.61, 1.47, 2.717, 3.75, 3.85, 3.38, 2.67, 3.561, 5.0, 5.84, 5.62, 4.91, 4.72, 5.12, 5.77, 5.96, 5.86, 6.24, 6.79, 6.81, 6.58, 7.2, 7.83, 7.9, 7.25, 6.19, 6.52, 6.41, 5.82, 5.26, 4.89, 4.45, 4.61, 4.6, 4.15, 4.4, 3.85, 3.7, 3.76, 3.62, 3.74, 3.97, 4.03, 3.62, 3.94, 4.01, 4.46, 5.932, 6.918, 7.975], [14.202, 13.695, 14.333, 13.97, 11.778, 10.154, 9.924, 10.212, 10.202, 8.76, 7.067, 6.623, 6.651, 6.703, 6.058, 5.841, 5.525, 4.888, 3.958, 2.731, 2.735, 2.695, 2.994, 3.229, 2.766, 2.41, 2.77, 3.096, 2.778, 2.568, 2.48, 1.8, 1.48, 1.0, 0.94, 0.61, 0, 1.26, 2.47, 3.38, 3.52, 3.05, 2.34, 3.193, 4.61, 5.47, 5.25, 4.6, 4.43, 4.83, 5.5, 5.69, 5.59, 5.99, 6.56, 6.58, 6.35, 6.93, 7.52, 7.51, 6.88, 5.82, 6.17, 6.14, 5.51, 5.03, 4.66, 4.26, 4.42, 4.43, 4.0, 4.31, 3.74, 3.49, 3.53, 3.51, 3.59, 3.76, 3.74, 3.29, 3.59, 3.64, 4.097, 5.596, 6.619, 7.656], [13.157, 12.667, 13.314, 12.922, 10.764, 9.169, 8.942, 9.212, 9.168, 7.92, 6.227, 5.791, 5.831, 5.851, 5.204, 4.824, 4.508, 4.011, 3.141, 1.99, 1.845, 1.667, 2.005, 2.209, 1.96, 1.85, 1.93, 2.19, 1.9, 1.62, 1.36, 1.18, 1.14, 1.48, 1.56, 1.47, 1.26, 0, 1.45, 2.5, 2.56, 2.05, 1.52, 2.3, 3.97, 4.89, 4.87, 4.5, 4.41, 4.81, 5.5, 5.69, 5.61, 6.03, 6.7, 6.72, 6.47, 6.93, 7.34, 6.97, 6.26, 5.28, 5.47, 5.6, 5.41, 5.15, 4.82, 4.42, 4.62, 4.59, 4.22, 4.57, 3.98, 3.63, 3.63, 3.65, 3.57, 3.76, 3.76, 3.05, 3.21, 3.02, 3.35, 4.58, 5.58, 6.616], [11.907, 11.363, 12.024, 11.661, 9.488, 7.916, 7.698, 7.914, 7.956, 6.85, 5.143, 4.647, 4.73, 4.681, 4.171, 3.857, 3.535, 2.921, 2.07, 1.16, 1.31, 1.19, 1.2, 1.57, 1.89, 1.96, 1.92, 1.88, 1.59, 1.09, 0.89, 1.29, 1.75, 2.51, 2.73, 2.717, 2.47, 1.45, 0, 1.35, 1.61, 1.12, 1.15, 1.27, 3.52, 4.5, 4.52, 4.11, 4.14, 4.54, 5.15, 5.44, 5.36, 5.9, 6.59, 6.65, 6.4, 6.82, 6.95, 6.38, 5.67, 4.73, 4.9, 4.93, 5.22, 5.08, 4.77, 4.41, 4.69, 4.7, 4.35, 4.7, 4.19, 3.82, 3.72, 3.82, 3.66, 3.75, 3.47, 2.68, 2.7, 2.39, 2.5, 3.41, 4.31, 5.289], [11.117, 10.57, 11.2, 10.831, 8.691, 7.044, 6.954, 7.189, 7.302, 6.097, 4.353, 3.985, 4.037, 4.045, 3.48, 3.18, 2.81, 2.41, 1.78, 1.55, 1.56, 1.42, 1.35, 2.04, 2.48, 2.81, 2.57, 2.23, 1.86, 1.48, 1.58, 2.1, 2.74, 3.52, 3.78, 3.75, 3.38, 2.5, 1.35, 0, 0.92, 1.11, 1.66, 1.2, 2.89, 4.01, 4.07, 3.7, 3.61, 4.11, 4.54, 5.01, 4.89, 5.47, 6.06, 6.2, 6.13, 6.347, 6.22, 5.63, 4.9, 4.06, 4.13, 4.38, 5.05, 4.93, 4.58, 4.58, 5.04, 4.91, 4.8, 5.19, 4.72, 4.53, 4.45, 4.45, 4.23, 4.12, 3.44, 2.47, 2.23, 1.8, 1.81, 2.76, 3.68, 4.44], [10.851, 10.327, 10.971, 10.588, 8.431, 6.784, 6.654, 6.869, 6.962, 5.734, 4.041, 3.62, 3.66, 3.677, 3.038, 2.72, 2.43, 2.05, 1.48, 1.53, 1.5, 1.52, 1.61, 2.28, 2.7, 3.19, 2.91, 2.53, 2.18, 1.86, 1.74, 2.24, 2.8, 3.66, 3.86, 3.85, 3.52, 2.56, 1.61, 0.92, 0, 0.77, 1.82, 1.5, 3.27, 4.35, 4.39, 3.96, 3.99, 4.45, 5.06, 5.31, 5.27, 5.87, 6.44, 6.54, 6.39, 6.787, 6.66, 6.05, 5.3, 4.5, 4.59, 4.7, 5.27, 5.15, 4.82, 4.84, 5.28, 5.19, 4.94, 5.35, 4.98, 4.83, 4.73, 4.95, 4.65, 4.44, 3.72, 2.81, 2.65, 2.28, 2.17, 2.96, 3.54, 4.38], [11.256, 10.748, 11.396, 11.004, 8.846, 7.265, 7.029, 7.282, 7.33, 6.2, 4.49, 4.035, 4.08, 4.092, 3.445, 2.95, 2.76, 2.2, 1.51, 1.12, 1.33, 1.09, 1.26, 1.71, 2.27, 2.66, 2.46, 2.14, 1.87, 1.37, 1.21, 1.67, 2.25, 3.15, 3.37, 3.38, 3.05, 2.05, 1.12, 1.11, 0.77, 0, 1.27, 1.35, 3.5, 4.54, 4.56, 4.19, 4.18, 4.6, 5.25, 5.48, 5.42, 6.02, 6.67, 6.75, 6.52, 6.937, 6.97, 6.36, 5.65, 4.77, 4.92, 4.97, 5.36, 5.2, 4.91, 4.73, 5.15, 5.14, 4.83, 5.22, 4.71, 4.38, 4.34, 4.52, 4.26, 4.11, 3.57, 2.78, 2.82, 2.43, 2.4, 3.19, 3.81, 4.79], [12.16, 11.653, 12.263, 11.894, 9.842, 8.227, 8.077, 8.364, 8.426, 7.34, 5.63, 5.189, 5.235, 5.243, 4.608, 4.148, 3.91, 3.39, 2.64, 1.33, 1.42, 1.34, 1.47, 1.78, 2.08, 2.27, 2.17, 2.17, 1.84, 1.3, 1.18, 1.36, 1.78, 2.44, 2.58, 2.67, 2.34, 1.52, 1.15, 1.66, 1.82, 1.27, 0, 1.38, 3.79, 4.85, 4.85, 4.52, 4.37, 4.73, 5.32, 5.71, 5.53, 5.93, 6.6, 6.64, 6.59, 6.77, 7.06, 6.59, 5.86, 4.92, 5.23, 5.36, 5.59, 5.39, 5.04, 4.54, 4.86, 4.77, 4.56, 4.91, 4.28, 4.01, 3.89, 3.83, 3.77, 3.92, 3.82, 3.15, 3.21, 2.86, 2.95, 3.78, 4.68, 5.574], [11.266, 10.753, 11.389, 10.963, 8.982, 7.336, 7.297, 7.564, 7.686, 6.717, 4.987, 4.534, 4.617, 4.57, 4.04, 3.7, 3.39, 2.91, 2.3, 1.55, 1.56, 1.54, 1.35, 1.72, 2.02, 2.25, 1.87, 1.75, 1.5, 1.28, 1.32, 1.98, 2.6, 3.313, 3.571, 3.561, 3.193, 2.3, 1.27, 1.2, 1.5, 1.35, 1.38, 0, 2.87, 4.05, 4.07, 3.72, 3.57, 3.91, 4.48, 4.93, 4.81, 5.13, 5.7, 5.7, 5.89, 6.09, 6.02, 5.41, 4.7, 3.82, 4.19, 4.46, 4.91, 4.67, 4.36, 3.9, 4.34, 4.29, 4.14, 4.49, 3.96, 3.87, 3.71, 3.73, 3.49, 3.46, 3.28, 2.53, 2.43, 2.12, 1.99, 2.9, 3.84, 4.64], [9.745, 9.258, 9.91, 9.55, 7.422, 5.901, 5.796, 6.02, 6.379, 5.72, 4.49, 3.84, 3.82, 3.84, 3.89, 3.75, 3.62, 3.94, 3.75, 3.82, 3.69, 3.63, 3.24, 3.05, 2.85, 2.84, 2.48, 2.2, 2.53, 3.23, 3.21, 3.77, 4.37, 4.71, 4.99, 5.0, 4.61, 3.97, 3.52, 2.89, 3.27, 3.5, 3.79, 2.87, 0, 1.52, 1.48, 1.19, 1.3, 1.78, 2.13, 2.38, 2.34, 2.74, 3.37, 3.53, 3.5, 3.64, 3.53, 3.12, 2.57, 1.81, 1.96, 2.43, 2.64, 2.48, 2.49, 3.27, 3.61, 3.4, 3.47, 3.66, 3.35, 3.42, 3.58, 3.82, 3.18, 2.79, 2.27, 2.08, 1.92, 1.97, 2.08, 1.77, 2.41, 3.431], [8.861, 8.399, 9.032, 8.626, 6.583, 5.051, 4.873, 5.133, 5.177, 4.856, 4.65, 3.84, 3.6, 3.7, 3.99, 4.21, 4.16, 4.54, 4.39, 4.78, 4.79, 4.71, 4.2, 4.03, 3.79, 3.8, 3.42, 3.26, 3.57, 4.29, 4.29, 4.73, 5.29, 5.63, 5.85, 5.84, 5.47, 4.89, 4.5, 4.01, 4.35, 4.54, 4.85, 4.05, 1.52, 0, 0.78, 1.71, 2.28, 2.42, 2.65, 2.66, 2.54, 2.62, 3.17, 3.19, 3.28, 3.06, 3.05, 2.5, 1.79, 1.67, 1.3, 1.67, 2.1, 2.2, 2.89, 3.91, 4.25, 3.96, 4.33, 4.36, 4.15, 4.14, 4.4, 4.86, 4.22, 3.45, 2.69, 2.88, 2.58, 2.63, 2.74, 2.29, 1.99, 2.726], [9.129, 8.614, 9.264, 8.904, 6.859, 5.347, 5.093, 5.403, 5.51, 5.099, 4.73, 3.96, 3.56, 3.68, 3.87, 4.19, 4.22, 4.52, 4.43, 4.82, 4.81, 4.71, 4.22, 3.99, 3.75, 3.68, 3.3, 3.12, 3.53, 4.33, 4.21, 4.71, 5.27, 5.53, 5.65, 5.62, 5.25, 4.87, 4.52, 4.07, 4.39, 4.56, 4.85, 4.07, 1.48, 0.78, 0, 1.45, 2.06, 2.2, 2.37, 2.4, 2.22, 2.54, 3.11, 3.15, 3.24, 3.046, 2.93, 2.54, 1.95, 1.75, 1.52, 1.87, 2.02, 2.02, 2.57, 3.63, 4.03, 3.7, 3.97, 4.033, 3.83, 3.88, 4.06, 4.512, 3.86, 3.17, 2.45, 2.66, 2.46, 2.61, 2.74, 2.25, 1.97, 2.89], [10.192, 9.69, 10.334, 10.003, 7.948, 6.435, 6.192, 6.405, 6.648, 6.007, 5.04, 4.15, 4.17, 4.23, 4.38, 4.4, 4.29, 4.43, 4.24, 4.33, 4.24, 4.16, 3.77, 3.58, 3.34, 3.23, 2.97, 2.75, 3.06, 3.9, 3.78, 4.2, 4.78, 4.9, 4.88, 4.91, 4.6, 4.5, 4.11, 3.7, 3.96, 4.19, 4.52, 3.72, 1.19, 1.71, 1.45, 0, 0.89, 1.31, 1.7, 1.67, 1.79, 2.29, 2.94, 3.12, 2.97, 3.15, 3.08, 3.338, 2.779, 2.0, 2.35, 2.42, 2.11, 1.97, 1.92, 2.8, 3.24, 3.05, 3.1, 3.15, 3.04, 3.05, 3.25, 3.67, 3.09, 2.54, 1.94, 1.83, 1.93, 2.32, 2.57, 2.6, 2.82, 4.021], [10.642, 10.144, 10.794, 10.456, 8.395, 6.885, 6.774, 6.955, 7.275, 6.651, 5.45, 4.7, 4.84, 4.9, 4.93, 4.79, 4.62, 4.86, 4.47, 4.4, 4.17, 4.09, 3.7, 3.55, 3.37, 3.26, 2.92, 2.74, 3.05, 3.69, 3.71, 4.25, 4.79, 4.81, 4.87, 4.72, 4.43, 4.41, 4.14, 3.61, 3.99, 4.18, 4.37, 3.57, 1.3, 2.28, 2.06, 0.89, 0, 0.98, 1.43, 1.62, 1.64, 2.18, 2.73, 2.83, 2.72, 2.98, 3.21, 3.774, 3.169, 2.35, 2.684, 2.83, 2.38, 1.9, 1.69, 2.41, 2.83, 2.62, 2.71, 2.84, 2.59, 2.64, 2.78, 3.04, 2.52, 2.17, 1.83, 2.0, 2.18, 2.51, 2.68, 2.79, 3.328, 4.371], [10.705, 10.235, 10.87, 10.537, 8.578, 7.045, 6.851, 7.042, 7.341, 6.863, 5.81, 5.08, 4.92, 4.92, 5.07, 4.95, 4.88, 5.2, 4.93, 4.82, 4.65, 4.53, 4.12, 3.93, 3.63, 3.5, 3.16, 3.1, 3.41, 4.09, 4.15, 4.65, 5.19, 5.23, 5.27, 5.12, 4.83, 4.81, 4.54, 4.11, 4.45, 4.6, 4.73, 3.91, 1.78, 2.42, 2.2, 1.31, 0.98, 0, 0.89, 1.2, 1.2, 1.78, 2.23, 2.27, 2.34, 2.46, 3.07, 3.782, 3.257, 2.53, 2.964, 2.923, 2.24, 1.68, 1.31, 2.03, 2.43, 2.12, 2.47, 2.56, 2.31, 2.32, 2.52, 2.78, 2.32, 2.03, 1.89, 2.22, 2.66, 3.03, 3.16, 3.25, 3.468, 4.587], [10.629, 10.093, 10.76, 10.471, 8.668, 7.229, 6.988, 7.138, 7.448, 6.941, 6.117, 5.544, 5.207, 5.167, 5.36, 5.36, 5.35, 5.73, 5.56, 5.49, 5.34, 5.22, 4.73, 4.5, 4.24, 4.11, 3.75, 3.61, 4.0, 4.66, 4.78, 5.34, 5.88, 5.9, 5.96, 5.77, 5.5, 5.5, 5.15, 4.54, 5.06, 5.25, 5.32, 4.48, 2.13, 2.65, 2.37, 1.7, 1.43, 0.89, 0, 0.81, 0.89, 1.25, 1.72, 1.88, 2.09, 1.95, 2.822, 3.692, 3.191, 2.44, 2.937, 3.055, 2.49, 1.79, 1.52, 2.08, 2.42, 2.13, 2.6, 2.63, 2.52, 2.49, 2.63, 2.85, 2.45, 2.38, 2.34, 2.87, 3.07, 3.46, 3.55, 3.36, 3.58, 4.484], [10.682, 10.232, 10.876, 10.608, 8.748, 7.31, 7.076, 7.206, 7.525, 6.976, 6.207, 5.46, 5.36, 5.4, 5.63, 5.53, 5.56, 5.92, 5.77, 5.7, 5.57, 5.43, 5.02, 4.75, 4.49, 4.36, 4.06, 3.84, 4.27, 5.05, 4.99, 5.53, 6.07, 6.09, 6.15, 5.96, 5.69, 5.69, 5.44, 5.01, 5.31, 5.48, 5.71, 4.93, 2.38, 2.66, 2.4, 1.67, 1.62, 1.2, 0.81, 0, 0.76, 1.26, 1.57, 1.67, 1.88, 1.82, 3.05, 3.9, 3.338, 2.67, 3.187, 3.15, 2.68, 1.96, 1.65, 2.13, 2.23, 2.16, 2.51, 2.64, 2.65, 2.54, 2.52, 2.98, 2.66, 2.65, 2.57, 3.14, 3.42, 3.77, 3.92, 3.73, 3.73, 4.714], [10.713, 10.209, 10.859, 10.544, 8.578, 7.114, 6.87, 7.074, 7.375, 6.942, 6.381, 5.674, 5.32, 5.34, 5.57, 5.59, 5.52, 5.92, 5.73, 5.6, 5.53, 5.41, 4.96, 4.67, 4.41, 4.28, 3.94, 3.78, 4.21, 4.93, 4.95, 5.45, 5.97, 6.01, 6.07, 5.86, 5.59, 5.61, 5.36, 4.89, 5.27, 5.42, 5.53, 4.81, 2.34, 2.54, 2.22, 1.79, 1.64, 1.2, 0.89, 0.76, 0, 1.02, 1.45, 1.47, 1.56, 1.66, 3.03, 3.865, 3.378, 2.59, 3.08, 3.025, 2.42, 1.72, 1.61, 2.15, 2.27, 2.08, 2.57, 2.76, 2.65, 2.64, 2.48, 2.92, 2.56, 2.53, 2.45, 3.1, 3.44, 3.79, 3.96, 3.73, 3.75, 4.67], [10.217, 9.773, 10.397, 10.077, 8.418, 6.944, 6.715, 6.923, 7.275, 7.122, 6.887, 6.1, 5.8, 5.84, 6.11, 6.19, 6.16, 6.52, 6.33, 6.08, 6.01, 5.91, 5.42, 5.11, 4.83, 4.7, 4.38, 4.3, 4.71, 5.35, 5.43, 5.83, 6.41, 6.41, 6.45, 6.24, 5.99, 6.03, 5.9, 5.47, 5.87, 6.02, 5.93, 5.13, 2.74, 2.62, 2.54, 2.29, 2.18, 1.78, 1.25, 1.26, 1.02, 0, 1.01, 1.07, 1.46, 1.44, 2.77, 3.5, 2.99, 2.31, 3.06, 2.99, 2.36, 1.78, 2.03, 2.63, 2.81, 2.54, 3.03, 3.12, 3.05, 3.02, 3.02, 3.24, 2.86, 2.79, 3.05, 3.72, 4.08, 4.39, 4.54, 4.19, 4.03, 4.51], [10.258, 9.834, 10.464, 10.139, 8.718, 7.231, 7.161, 7.247, 7.645, 7.695, 7.657, 6.847, 6.55, 6.59, 6.7, 6.84, 6.81, 7.17, 6.98, 6.77, 6.64, 6.54, 6.09, 5.8, 5.44, 5.29, 5.07, 4.95, 5.38, 6.02, 6.1, 6.5, 7.1, 7.02, 7.08, 6.79, 6.56, 6.7, 6.59, 6.06, 6.44, 6.67, 6.6, 5.7, 3.37, 3.17, 3.11, 2.94, 2.73, 2.23, 1.72, 1.57, 1.45, 1.01, 0, 0.82, 1.41, 1.41, 2.64, 3.41, 3.14, 2.76, 3.39, 3.38, 2.63, 1.97, 2.3, 2.82, 2.84, 2.75, 3.4, 3.37, 3.46, 3.37, 3.25, 3.57, 3.25, 3.14, 3.52, 4.35, 4.75, 5.08, 5.23, 4.86, 4.44, 4.64], [10.549, 10.099, 10.695, 10.342, 8.678, 7.214, 7.175, 7.256, 7.64, 7.815, 7.737, 6.97, 6.69, 6.75, 6.92, 7.02, 6.99, 7.39, 7.12, 6.85, 6.66, 6.56, 6.11, 5.84, 5.44, 5.27, 5.09, 4.99, 5.42, 6.06, 6.14, 6.58, 7.12, 7.04, 7.14, 6.81, 6.58, 6.72, 6.65, 6.2, 6.54, 6.75, 6.64, 5.7, 3.53, 3.19, 3.15, 3.12, 2.83, 2.27, 1.88, 1.67, 1.47, 1.07, 0.82, 0, 1.09, 1.39, 2.94, 3.69, 3.2, 2.88, 3.47, 3.24, 2.51, 1.89, 2.12, 2.6, 2.66, 2.63, 3.24, 3.25, 3.34, 3.25, 3.19, 3.43, 3.27, 3.18, 3.6, 4.43, 4.89, 5.22, 5.35, 4.98, 4.5, 4.82], [10.839, 10.324, 10.974, 10.679, 8.658, 7.364, 7.054, 7.12, 7.445, 7.585, 7.527, 6.837, 6.5, 6.54, 6.75, 6.83, 6.76, 7.16, 6.91, 6.64, 6.47, 6.37, 5.92, 5.59, 5.17, 5.0, 4.88, 4.78, 5.17, 5.89, 5.91, 6.37, 6.89, 6.81, 6.91, 6.58, 6.35, 6.47, 6.4, 6.13, 6.39, 6.52, 6.59, 5.89, 3.5, 3.28, 3.24, 2.97, 2.72, 2.34, 2.09, 1.88, 1.56, 1.46, 1.41, 1.09, 0, 1.68, 3.79, 4.54, 4.03, 3.35, 3.554, 3.327, 2.72, 2.16, 2.35, 2.67, 2.67, 2.6, 2.99, 3.28, 3.31, 3.28, 3.1, 3.38, 3.42, 3.51, 3.57, 4.14, 4.6, 4.97, 5.2, 4.93, 4.71, 5.221], [9.878, 9.361, 9.95, 9.607, 7.986, 6.891, 6.841, 6.851, 6.93, 7.425, 7.55, 6.863, 6.606, 6.666, 6.819, 7.022, 7.012, 7.412, 7.245, 7.08, 6.93, 6.83, 6.32, 5.97, 5.69, 5.56, 5.24, 5.2, 5.61, 6.25, 6.35, 6.83, 7.33, 7.33, 7.39, 7.2, 6.93, 6.93, 6.82, 6.347, 6.787, 6.937, 6.77, 6.09, 3.64, 3.06, 3.046, 3.15, 2.98, 2.46, 1.95, 1.82, 1.66, 1.44, 1.41, 1.39, 1.68, 0, 2.43, 3.44, 3.05, 2.947, 2.977, 2.636, 2.16, 2.1, 2.43, 3.05, 3.23, 3.1, 3.69, 3.68, 3.75, 3.7, 3.68, 3.96, 3.66, 3.39, 3.747, 4.5, 4.82, 5.15, 5.3, 4.936, 4.473, 4.533], [8.757, 8.35, 9.029, 8.949, 7.856, 6.878, 6.988, 6.907, 7.062, 7.612, 7.477, 6.784, 6.43, 6.47, 6.62, 6.76, 6.83, 7.19, 7.1, 7.29, 7.02, 6.94, 6.55, 6.38, 6.18, 6.05, 5.63, 5.45, 5.88, 6.6, 6.58, 7.18, 7.74, 7.88, 7.88, 7.83, 7.52, 7.34, 6.95, 6.22, 6.66, 6.97, 7.06, 6.02, 3.53, 3.05, 2.93, 3.08, 3.21, 3.07, 2.822, 3.05, 3.03, 2.77, 2.64, 2.94, 3.79, 2.43, 0, 1.61, 2.06, 2.58, 2.75, 2.72, 2.33, 2.73, 3.42, 4.499, 4.819, 4.511, 5.059, 4.949, 4.8, 4.829, 5.146, 5.314, 4.626, 4.0, 3.98, 4.65, 4.79, 4.98, 5.03, 4.68, 4.18, 4.24], [7.715, 7.543, 8.13, 8.29, 7.034, 5.951, 5.998, 5.917, 6.158, 6.765, 6.647, 5.894, 5.58, 5.68, 5.85, 6.09, 6.14, 6.5, 6.39, 6.74, 6.59, 6.53, 6.12, 5.93, 5.87, 5.88, 5.44, 5.16, 5.55, 6.19, 6.17, 6.73, 7.39, 7.71, 7.87, 7.9, 7.51, 6.97, 6.38, 5.63, 6.05, 6.36, 6.59, 5.41, 3.12, 2.5, 2.54, 3.338, 3.774, 3.782, 3.692, 3.9, 3.865, 3.5, 3.41, 3.69, 4.54, 3.44, 1.61, 0, 1.37, 2.33, 2.34, 2.39, 2.8, 3.24, 4.255, 5.383, 5.754, 5.484, 5.914, 5.716, 5.603, 5.633, 6.012, 6.201, 5.481, 4.675, 4.555, 4.768, 4.54, 4.43, 4.46, 3.93, 3.39, 3.43], [7.878, 7.443, 8.055, 7.828, 6.513, 5.188, 5.218, 5.212, 5.48, 5.809, 5.74, 5.07, 4.83, 4.93, 5.14, 5.3, 5.39, 5.75, 5.66, 6.07, 5.82, 5.76, 5.37, 5.2, 5.14, 5.17, 4.71, 4.43, 4.82, 5.48, 5.46, 6.08, 6.7, 7.16, 7.3, 7.25, 6.88, 6.26, 5.67, 4.9, 5.3, 5.65, 5.86, 4.7, 2.57, 1.79, 1.95, 2.779, 3.169, 3.257, 3.191, 3.338, 3.378, 2.99, 3.14, 3.2, 4.03, 3.05, 2.06, 1.37, 0, 1.48, 1.57, 1.88, 2.65, 2.91, 3.76, 4.859, 5.259, 4.952, 5.442, 5.289, 5.082, 5.132, 5.529, 5.695, 5.006, 4.253, 4.096, 4.252, 3.932, 3.82, 3.69, 3.1, 2.58, 2.6], [9.015, 8.502, 9.135, 8.778, 7.132, 5.615, 5.56, 5.73, 6.029, 5.624, 5.34, 4.75, 4.49, 4.51, 4.78, 4.82, 4.85, 5.25, 5.1, 5.15, 4.94, 4.86, 4.43, 4.24, 4.1, 4.13, 3.71, 3.47, 3.82, 4.48, 4.5, 5.12, 5.7, 6.12, 6.22, 6.19, 5.82, 5.28, 4.73, 4.06, 4.5, 4.77, 4.92, 3.82, 1.81, 1.67, 1.75, 2.0, 2.35, 2.53, 2.44, 2.67, 2.59, 2.31, 2.76, 2.88, 3.35, 2.947, 2.58, 2.33, 1.48, 0, 1.41, 2.02, 2.61, 2.61, 3.2, 4.14, 4.5, 4.21, 4.52, 4.646, 4.26, 4.47, 4.59, 4.75, 3.97, 3.7, 3.3, 3.19, 3.09, 3.2, 3.11, 2.72, 2.46, 2.82], [8.493, 7.929, 8.596, 8.244, 6.09, 4.91, 4.9, 4.949, 5.099, 5.14, 5.09, 4.52, 4.28, 4.34, 4.51, 4.67, 4.72, 5.12, 4.97, 5.32, 5.05, 5.01, 4.6, 4.47, 4.29, 4.26, 3.82, 3.56, 3.91, 4.61, 4.67, 5.29, 5.87, 6.33, 6.53, 6.52, 6.17, 5.47, 4.9, 4.13, 4.59, 4.92, 5.23, 4.19, 1.96, 1.3, 1.52, 2.35, 2.684, 2.964, 2.937, 3.187, 3.08, 3.06, 3.39, 3.47, 3.554, 2.977, 2.75, 2.34, 1.57, 1.41, 0, 1.41, 2.4, 2.82, 3.53, 4.51, 4.97, 4.66, 4.888, 5.01, 4.77, 4.86, 4.898, 5.218, 4.56, 4.21, 3.43, 3.428, 3.108, 3.09, 3.0, 2.55, 2.29, 2.41], [8.454, 7.89, 8.494, 8.188, 6.15, 5.14, 5.05, 4.96, 4.93, 5.49, 5.44, 4.77, 4.51, 4.57, 4.74, 5.0, 4.99, 5.35, 5.2, 5.19, 5.06, 5.0, 4.63, 4.6, 4.46, 4.41, 4.07, 3.71, 4.0, 4.7, 4.8, 5.34, 5.96, 6.36, 6.5, 6.41, 6.14, 5.6, 4.93, 4.38, 4.7, 4.97, 5.36, 4.46, 2.43, 1.67, 1.87, 2.42, 2.83, 2.923, 3.055, 3.15, 3.025, 2.99, 3.38, 3.24, 3.327, 2.636, 2.72, 2.39, 1.88, 2.02, 1.41, 0, 1.65, 2.43, 3.3, 4.424, 4.81, 4.56, 4.91, 4.88, 4.71, 4.73, 4.988, 5.372, 4.79, 4.02, 3.38, 3.57, 3.45, 3.4, 3.33, 3.12, 2.66, 3.0], [9.324, 8.814, 9.474, 9.218, 7.367, 6.19, 6.02, 6.026, 6.016, 6.5, 6.33, 5.62, 5.26, 5.28, 5.33, 5.57, 5.5, 5.9, 5.59, 5.46, 5.39, 5.29, 4.84, 4.61, 4.19, 4.04, 3.92, 3.74, 4.11, 4.85, 4.91, 5.21, 5.73, 5.83, 5.85, 5.82, 5.51, 5.41, 5.22, 5.05, 5.27, 5.36, 5.59, 4.91, 2.64, 2.1, 2.02, 2.11, 2.38, 2.24, 2.49, 2.68, 2.42, 2.36, 2.63, 2.51, 2.72, 2.16, 2.33, 2.8, 2.65, 2.61, 2.4, 1.65, 0, 1.24, 2.19, 3.5, 3.843, 3.571, 3.858, 3.791, 3.705, 3.675, 4.092, 4.602, 3.94, 3.01, 2.69, 3.14, 3.52, 3.95, 4.24, 4.03, 3.53, 4.13], [10.15, 9.642, 10.275, 9.985, 8.02, 6.651, 6.39, 6.54, 6.704, 6.58, 6.37, 5.62, 5.26, 5.3, 5.39, 5.55, 5.46, 5.88, 5.53, 5.26, 5.21, 5.09, 4.6, 4.31, 3.87, 3.74, 3.64, 3.48, 3.89, 4.61, 4.63, 4.97, 5.53, 5.45, 5.53, 5.26, 5.03, 5.15, 5.08, 4.93, 5.15, 5.2, 5.39, 4.67, 2.48, 2.2, 2.02, 1.97, 1.9, 1.68, 1.79, 1.96, 1.72, 1.78, 1.97, 1.89, 2.16, 2.1, 2.73, 3.24, 2.91, 2.61, 2.82, 2.43, 1.24, 0, 1.29, 2.49, 2.868, 2.578, 2.908, 2.838, 2.73, 2.72, 3.14, 3.589, 2.96, 2.27, 2.33, 3.12, 3.58, 3.97, 4.2, 3.89, 3.47, 4.27], [11.117, 10.572, 11.197, 10.911, 8.911, 7.504, 7.36, 7.45, 7.594, 7.249, 6.4, 5.57, 5.47, 5.43, 5.3, 5.36, 5.19, 5.57, 5.2, 4.97, 4.88, 4.78, 4.23, 3.92, 3.5, 3.39, 3.23, 3.17, 3.58, 4.3, 4.3, 4.66, 5.18, 5.14, 5.22, 4.89, 4.66, 4.82, 4.77, 4.58, 4.82, 4.91, 5.04, 4.36, 2.49, 2.89, 2.57, 1.92, 1.69, 1.31, 1.52, 1.65, 1.61, 2.03, 2.3, 2.12, 2.35, 2.43, 3.42, 4.255, 3.76, 3.2, 3.53, 3.3, 2.19, 1.29, 0, 1.48, 1.86, 1.61, 1.9, 1.83, 1.82, 1.69, 2.15, 2.59, 2.07, 1.7, 1.88, 2.57, 3.17, 3.68, 3.85, 3.92, 3.96, 5.02], [12.286, 11.684, 12.394, 12.094, 10.112, 8.698, 8.474, 8.664, 8.734, 8.257, 7.06, 6.35, 6.426, 6.423, 6.2, 6.14, 5.77, 5.67, 5.22, 4.69, 4.48, 4.4, 4.05, 3.6, 3.1, 2.83, 2.71, 2.79, 3.2, 3.86, 3.98, 4.44, 4.88, 4.8, 4.88, 4.45, 4.26, 4.42, 4.41, 4.58, 4.84, 4.73, 4.54, 3.9, 3.27, 3.91, 3.63, 2.8, 2.41, 2.03, 2.08, 2.13, 2.15, 2.63, 2.82, 2.6, 2.67, 3.05, 4.499, 5.383, 4.859, 4.14, 4.51, 4.424, 3.5, 2.49, 1.48, 0, 0.86, 0.93, 1.12, 1.39, 1.2, 1.07, 1.17, 1.51, 1.45, 1.52, 2.12, 2.89, 3.59, 3.96, 4.01, 4.56, 4.86, 6.02], [12.639, 12.092, 12.765, 12.505, 10.552, 9.134, 8.854, 8.998, 9.16, 8.603, 7.42, 6.75, 6.786, 6.786, 6.51, 6.42, 6.03, 6.05, 5.62, 4.97, 4.8, 4.8, 4.41, 3.94, 3.34, 3.01, 3.07, 3.17, 3.58, 4.24, 4.36, 4.76, 5.18, 5.02, 5.06, 4.61, 4.42, 4.62, 4.69, 5.04, 5.28, 5.15, 4.86, 4.34, 3.61, 4.25, 4.03, 3.24, 2.83, 2.43, 2.42, 2.23, 2.27, 2.81, 2.84, 2.66, 2.67, 3.23, 4.819, 5.754, 5.259, 4.5, 4.97, 4.81, 3.843, 2.868, 1.86, 0.86, 0, 0.61, 0.9, 1.21, 1.16, 1.21, 1.21, 1.53, 1.61, 1.8, 2.3, 3.21, 3.95, 4.34, 4.49, 4.9, 5.38, 6.535], [12.384, 11.837, 12.49, 12.175, 10.262, 8.784, 8.544, 8.714, 8.87, 8.34, 7.21, 6.54, 6.476, 6.46, 6.23, 6.19, 5.84, 5.98, 5.57, 4.94, 4.79, 4.77, 4.34, 3.95, 3.35, 3.04, 3.06, 3.18, 3.51, 4.23, 4.33, 4.77, 5.19, 5.05, 5.07, 4.6, 4.43, 4.59, 4.7, 4.91, 5.19, 5.14, 4.77, 4.29, 3.4, 3.96, 3.7, 3.05, 2.62, 2.12, 2.13, 2.16, 2.08, 2.54, 2.75, 2.63, 2.6, 3.1, 4.511, 5.484, 4.952, 4.21, 4.66, 4.56, 3.571, 2.578, 1.61, 0.93, 0.61, 0, 0.79, 1.14, 1.15, 1.24, 1.32, 1.44, 1.56, 1.77, 2.25, 3.04, 3.82, 4.19, 4.3, 4.69, 5.05, 6.205], [12.828, 12.318, 12.96, 12.668, 10.666, 9.159, 8.917, 9.084, 9.246, 8.42, 7.16, 6.43, 6.506, 6.486, 6.27, 6.12, 5.75, 5.71, 5.28, 4.59, 4.42, 4.48, 4.15, 3.64, 3.04, 2.67, 2.83, 2.87, 3.28, 3.96, 4.06, 4.42, 4.76, 4.6, 4.62, 4.15, 4.0, 4.22, 4.35, 4.8, 4.94, 4.83, 4.56, 4.14, 3.47, 4.33, 3.97, 3.1, 2.71, 2.47, 2.6, 2.51, 2.57, 3.03, 3.4, 3.24, 2.99, 3.69, 5.059, 5.914, 5.442, 4.52, 4.888, 4.91, 3.858, 2.908, 1.9, 1.12, 0.9, 0.79, 0, 0.87, 1.08, 1.21, 1.21, 1.33, 1.43, 1.94, 2.22, 2.87, 3.67, 4.08, 4.23, 4.78, 5.4, 6.535], [12.61, 12.14, 12.761, 12.485, 10.555, 9.125, 8.88, 9.041, 9.179, 8.575, 7.43, 6.64, 6.732, 6.692, 6.45, 6.35, 6.0, 6.08, 5.63, 4.86, 4.73, 4.83, 4.48, 3.97, 3.41, 3.06, 3.18, 3.22, 3.67, 4.33, 4.43, 4.67, 5.09, 4.87, 4.83, 4.4, 4.31, 4.57, 4.7, 5.19, 5.35, 5.22, 4.91, 4.49, 3.66, 4.36, 4.033, 3.15, 2.84, 2.56, 2.63, 2.64, 2.76, 3.12, 3.37, 3.25, 3.28, 3.68, 4.949, 5.716, 5.289, 4.646, 5.01, 4.88, 3.791, 2.838, 1.83, 1.39, 1.21, 1.14, 0.87, 0, 1.15, 1.32, 1.64, 1.86, 1.82, 1.99, 2.47, 3.22, 3.9, 4.39, 4.58, 5.05, 5.423, 6.507], [12.491, 11.95, 12.571, 12.309, 10.349, 8.954, 8.694, 8.917, 9.024, 8.49, 7.2, 6.55, 6.53, 6.49, 6.32, 6.18, 5.79, 5.69, 5.28, 4.53, 4.34, 4.38, 4.07, 3.46, 3.0, 2.49, 2.59, 2.85, 3.18, 3.76, 3.92, 4.36, 4.68, 4.46, 4.34, 3.85, 3.74, 3.98, 4.19, 4.72, 4.98, 4.71, 4.28, 3.96, 3.35, 4.15, 3.83, 3.04, 2.59, 2.31, 2.52, 2.65, 2.65, 3.05, 3.46, 3.34, 3.31, 3.75, 4.8, 5.603, 5.082, 4.26, 4.77, 4.71, 3.705, 2.73, 1.82, 1.2, 1.16, 1.15, 1.08, 1.15, 0, 1.01, 1.47, 1.53, 1.51, 1.66, 2.16, 2.87, 3.79, 4.08, 4.13, 4.72, 5.14, 6.295], [12.535, 12.011, 12.672, 12.372, 10.399, 9.001, 8.68, 8.885, 8.982, 8.46, 7.17, 6.46, 6.52, 6.52, 6.31, 6.07, 5.64, 5.4, 4.99, 4.22, 4.11, 4.09, 3.76, 3.13, 2.59, 2.18, 2.24, 2.58, 2.91, 3.47, 3.51, 3.91, 4.21, 4.01, 4.07, 3.7, 3.49, 3.63, 3.82, 4.53, 4.83, 4.38, 4.01, 3.87, 3.42, 4.14, 3.88, 3.05, 2.64, 2.32, 2.49, 2.54, 2.64, 3.02, 3.37, 3.25, 3.28, 3.7, 4.829, 5.633, 5.132, 4.47, 4.86, 4.73, 3.675, 2.72, 1.69, 1.07, 1.21, 1.24, 1.21, 1.32, 1.01, 0, 0.86, 1.18, 1.06, 1.21, 1.89, 2.62, 3.6, 3.95, 4.12, 4.71, 5.23, 6.405], [12.915, 12.431, 13.07, 12.75, 10.693, 9.143, 8.935, 9.222, 9.29, 8.6, 7.31, 6.54, 6.64, 6.62, 6.37, 6.07, 5.68, 5.4, 4.95, 4.14, 4.07, 4.07, 3.76, 3.23, 2.63, 2.28, 2.24, 2.48, 2.91, 3.39, 3.43, 3.85, 4.27, 4.09, 4.09, 3.76, 3.53, 3.63, 3.72, 4.45, 4.73, 4.34, 3.89, 3.71, 3.58, 4.4, 4.06, 3.25, 2.78, 2.52, 2.63, 2.52, 2.48, 3.02, 3.25, 3.19, 3.1, 3.6