[[0, 0.8, 1.01, 2.09, 3.08, 3.07, 2.96, 3.38, 3.79, 3.82, 3.96, 4.73, 5.0, 4.7, 5.14, 5.19, 3.89, 4.1, 5.97, 7.69, 8.49, 8.61, 7.61, 6.06, 5.31, 5.02, 4.85, 4.81, 4.99, 4.55, 4.22, 4.0, 3.61, 3.05, 2.63, 2.98, 3.25, 2.28, 2.18, 2.15, 4.55, 7.53, 10.076, 11.466, 11.781, 11.687, 11.244, 11.194, 11.388, 11.581, 11.676, 11.454, 11.178, 11.208, 11.133, 10.978, 11.204, 11.57, 12.099, 12.013, 11.379, 11.122, 11.043, 10.885, 10.499, 9.939, 8.772, 7.557, 6.134, 3.762, 1.74, 1.65, 1.98, 1.92, 3.74, 7.39, 10.55, 10.44, 10.17, 10.22, 10.35, 9.98, 9.22, 8.54, 7.7, 6.97], [0.8, 0, 0.67, 1.73, 2.82, 2.85, 2.76, 3.1, 3.47, 3.54, 3.62, 4.35, 4.64, 4.36, 4.74, 4.87, 3.63, 3.72, 5.61, 7.35, 8.17, 8.23, 7.21, 5.7, 4.89, 4.6, 4.53, 4.49, 4.71, 4.25, 3.94, 3.76, 3.37, 2.83, 2.55, 2.98, 3.37, 2.5, 1.98, 1.95, 4.89, 7.949, 10.498, 11.908, 12.207, 12.133, 11.69, 11.645, 11.8, 11.987, 12.101, 11.9, 11.624, 11.634, 11.559, 11.424, 11.629, 12.031, 12.491, 12.339, 11.742, 11.565, 11.489, 11.208, 10.822, 10.262, 9.094, 7.914, 6.517, 4.104, 1.88, 1.55, 2.1, 1.76, 3.32, 6.85, 10.15, 10.02, 9.79, 9.88, 10.05, 9.64, 8.92, 8.24, 7.38, 6.67], [1.01, 0.67, 0, 1.44, 2.49, 2.6, 2.49, 2.79, 3.24, 3.31, 3.39, 4.12, 4.27, 4.13, 4.49, 4.58, 3.36, 3.45, 5.48, 7.16, 7.9, 7.96, 6.88, 5.41, 4.6, 4.23, 4.1, 4.12, 4.4, 3.94, 3.63, 3.39, 3.08, 2.56, 2.44, 3.07, 3.62, 2.77, 1.81, 2.16, 5.22, 8.282, 10.827, 12.223, 12.53, 12.436, 11.993, 11.948, 12.123, 12.313, 12.427, 12.206, 11.93, 11.96, 11.885, 11.73, 11.953, 12.333, 12.769, 12.54, 12.006, 11.829, 11.753, 11.452, 11.066, 10.506, 9.302, 8.104, 6.744, 4.312, 2.01, 1.28, 1.99, 1.61, 3.03, 6.6, 9.86, 9.77, 9.5, 9.61, 9.8, 9.39, 8.65, 7.97, 7.15, 6.48], [2.09, 1.73, 1.44, 0, 1.31, 1.44, 1.39, 1.75, 2.18, 2.21, 2.31, 3.02, 3.21, 3.05, 3.47, 3.52, 2.32, 2.49, 4.48, 6.06, 6.96, 6.98, 5.92, 4.41, 3.44, 3.05, 2.86, 3.04, 3.14, 2.72, 2.35, 2.23, 2.06, 1.56, 2.1, 3.347, 4.454, 3.641, 2.51, 2.62, 6.12, 9.187, 11.724, 13.1, 13.416, 13.319, 12.882, 12.834, 13.006, 13.19, 13.327, 13.094, 12.827, 12.837, 12.764, 12.627, 12.841, 13.219, 13.646, 13.477, 12.865, 12.688, 12.635, 12.331, 11.945, 11.385, 10.229, 8.936, 7.522, 5.149, 2.75, 1.86, 2.63, 2.19, 2.05, 5.7, 8.94, 8.91, 8.58, 8.69, 8.94, 8.49, 7.79, 7.15, 6.31, 5.74], [3.08, 2.82, 2.49, 1.31, 0, 0.59, 0.84, 1.18, 1.43, 1.42, 1.58, 2.31, 2.56, 2.4, 2.82, 2.73, 1.67, 2.14, 4.01, 5.61, 6.61, 6.67, 5.67, 4.08, 3.19, 2.52, 2.27, 2.85, 2.67, 2.35, 2.02, 2.02, 2.09, 1.27, 2.25, 3.554, 4.707, 3.92, 3.12, 3.03, 6.41, 9.449, 11.992, 13.382, 13.695, 13.601, 13.158, 13.119, 13.284, 13.46, 13.595, 13.362, 13.092, 13.114, 13.044, 12.892, 13.123, 13.501, 13.913, 13.807, 13.173, 12.976, 12.9, 12.679, 12.293, 11.733, 10.566, 9.334, 7.894, 5.55, 3.42, 2.69, 3.08, 2.72, 2.0, 5.43, 8.67, 8.54, 8.27, 8.4, 8.61, 8.18, 7.46, 6.8, 6.02, 5.33], [3.07, 2.85, 2.6, 1.44, 0.59, 0, 0.77, 1.15, 1.28, 1.27, 1.39, 2.06, 2.33, 2.13, 2.55, 2.52, 1.56, 2.07, 3.88, 5.52, 6.52, 6.6, 5.6, 4.01, 3.12, 2.55, 2.34, 2.82, 2.6, 2.34, 2.17, 2.15, 2.18, 1.5, 2.26, 3.664, 4.8, 4.03, 3.19, 3.1, 6.5, 9.531, 12.071, 13.47, 13.78, 13.683, 13.252, 13.2, 13.364, 13.548, 13.671, 13.447, 13.183, 13.193, 13.117, 12.983, 13.202, 13.586, 14.024, 13.929, 13.292, 13.075, 12.996, 12.798, 12.412, 11.852, 10.682, 9.487, 8.067, 5.694, 3.49, 2.82, 3.25, 2.83, 2.01, 5.28, 8.58, 8.43, 8.18, 8.31, 8.5, 8.05, 7.35, 6.69, 5.91, 5.18], [2.96, 2.76, 2.49, 1.39, 0.84, 0.77, 0, 0.84, 1.15, 1.12, 1.3, 1.97, 2.24, 1.98, 2.42, 2.47, 1.37, 1.74, 3.57, 5.23, 6.15, 6.27, 5.27, 3.68, 2.81, 2.4, 2.29, 2.65, 2.39, 2.03, 2.02, 2.34, 2.39, 1.49, 2.63, 4.077, 5.204, 4.331, 3.08, 3.21, 6.89, 9.907, 12.407, 13.82, 14.127, 14.033, 13.59, 13.554, 13.737, 13.941, 14.027, 13.791, 13.516, 13.563, 13.482, 13.336, 13.562, 13.939, 14.417, 14.311, 13.673, 13.416, 13.335, 13.179, 12.793, 12.233, 11.077, 9.92, 8.517, 6.144, 3.82, 2.99, 3.64, 2.98, 1.86, 4.99, 8.25, 8.12, 7.85, 7.92, 8.09, 7.7, 6.94, 6.3, 5.5, 4.77], [3.38, 3.1, 2.79, 1.75, 1.18, 1.15, 0.84, 0, 0.73, 0.78, 0.94, 1.63, 1.84, 1.64, 1.98, 1.93, 0.83, 1.24, 3.03, 4.75, 5.59, 5.69, 4.69, 3.12, 2.31, 2.12, 2.43, 2.65, 2.35, 2.11, 2.26, 2.58, 2.63, 1.71, 3.036, 4.552, 5.727, 4.891, 3.3, 3.75, 7.43, 10.435, 12.975, 14.365, 14.675, 14.578, 14.138, 14.087, 14.245, 14.434, 14.575, 14.348, 14.075, 14.091, 14.018, 13.875, 14.098, 14.473, 14.925, 14.822, 14.187, 13.95, 13.874, 13.693, 13.307, 12.747, 11.583, 10.314, 8.874, 6.522, 4.16, 3.15, 3.98, 3.32, 1.54, 4.51, 7.69, 7.56, 7.29, 7.38, 7.59, 7.16, 6.46, 5.82, 5.02, 4.37], [3.79, 3.47, 3.24, 2.18, 1.43, 1.28, 1.15, 0.73, 0, 0.35, 0.53, 1.06, 1.37, 1.13, 1.53, 1.46, 0.84, 1.27, 2.86, 4.54, 5.54, 5.6, 4.6, 3.01, 2.3, 2.05, 2.32, 2.76, 2.36, 2.16, 2.53, 2.83, 2.96, 1.94, 3.201, 4.684, 5.786, 4.99, 3.45, 3.86, 7.48, 10.528, 13.074, 14.47, 14.785, 14.703, 14.26, 14.226, 14.375, 14.568, 14.68, 14.478, 14.203, 14.201, 14.129, 13.991, 14.231, 14.614, 15.046, 14.949, 14.315, 14.118, 14.039, 13.82, 13.435, 12.875, 11.704, 10.527, 9.116, 6.74, 4.41, 3.4, 4.23, 3.53, 1.53, 4.32, 7.6, 7.45, 7.2, 7.33, 7.54, 7.09, 6.37, 5.71, 4.91, 4.18], [3.82, 3.54, 3.31, 2.21, 1.42, 1.27, 1.12, 0.78, 0.35, 0, 0.46, 1.05, 1.42, 1.18, 1.62, 1.51, 0.87, 1.4, 2.95, 4.59, 5.63, 5.71, 4.71, 3.12, 2.43, 2.06, 2.37, 2.81, 2.37, 2.19, 2.54, 2.76, 2.93, 1.87, 3.171, 4.637, 5.704, 4.88, 3.4, 3.79, 7.41, 10.461, 12.97, 14.389, 14.687, 14.602, 14.159, 14.122, 14.274, 14.461, 14.576, 14.363, 14.087, 14.103, 14.022, 13.893, 14.11, 14.508, 14.982, 14.885, 14.25, 14.033, 13.955, 13.756, 13.37, 12.81, 11.657, 10.497, 9.074, 6.71, 4.38, 3.37, 4.18, 3.48, 1.64, 4.43, 7.71, 7.56, 7.31, 7.42, 7.63, 7.18, 6.46, 5.8, 5.0, 4.27], [3.96, 3.62, 3.39, 2.31, 1.58, 1.39, 1.3, 0.94, 0.53, 0.46, 0, 0.89, 1.12, 0.92, 1.36, 1.37, 0.83, 1.22, 2.73, 4.37, 5.41, 5.45, 4.45, 2.88, 2.19, 2.04, 2.31, 2.69, 2.17, 2.03, 2.5, 2.86, 3.05, 2.03, 3.328, 4.814, 5.936, 5.14, 3.6, 4.01, 7.61, 10.675, 13.221, 14.617, 14.933, 14.853, 14.41, 14.385, 14.528, 14.718, 14.827, 14.614, 14.353, 14.351, 14.279, 14.141, 14.367, 14.761, 15.205, 15.082, 14.445, 14.268, 14.189, 13.95, 13.565, 13.005, 11.834, 10.657, 9.237, 6.89, 4.58, 3.55, 4.4, 3.7, 1.66, 4.15, 7.45, 7.32, 7.07, 7.2, 7.41, 6.96, 6.24, 5.58, 4.78, 4.05], [4.73, 4.35, 4.12, 3.02, 2.31, 2.06, 1.97, 1.63, 1.06, 1.05, 0.89, 0, 0.75, 0.59, 0.91, 0.92, 1.36, 1.55, 2.3, 3.96, 4.98, 5.02, 3.98, 2.49, 2.1, 2.11, 2.36, 2.72, 2.08, 2.1, 2.73, 3.13, 3.66, 2.624, 3.795, 5.29, 6.406, 5.61, 4.09, 4.48, 8.06, 11.179, 13.697, 15.09, 15.405, 15.332, 14.889, 14.858, 15.007, 15.191, 15.317, 15.078, 14.811, 14.827, 14.749, 14.629, 14.837, 15.228, 15.684, 15.521, 14.923, 14.746, 14.665, 14.389, 14.003, 13.443, 12.27, 11.13, 9.767, 7.36, 5.17, 4.16, 4.93, 4.21, 2.05, 3.68, 7.02, 6.89, 6.64, 6.79, 6.98, 6.53, 5.83, 5.19, 4.37, 3.66], [5.0, 4.64, 4.27, 3.21, 2.56, 2.33, 2.24, 1.84, 1.37, 1.42, 1.12, 0.75, 0, 0.64, 0.78, 0.87, 1.55, 1.72, 2.11, 3.67, 4.65, 4.63, 3.63, 2.36, 1.97, 2.02, 2.15, 2.53, 2.13, 2.17, 2.86, 3.36, 3.848, 2.863, 4.108, 5.672, 6.818, 6.022, 4.46, 4.91, 8.506, 11.601, 14.106, 15.502, 15.823, 15.735, 15.298, 15.27, 15.415, 15.611, 15.746, 15.531, 15.255, 15.236, 15.155, 15.035, 15.277, 15.658, 16.088, 15.848, 15.285, 15.108, 15.046, 14.73, 14.305, 13.725, 12.517, 11.343, 10.066, 7.65, 5.42, 4.31, 5.24, 4.58, 2.08, 3.33, 6.65, 6.62, 6.33, 6.5, 6.69, 6.26, 5.56, 4.92, 4.12, 3.43], [4.7, 4.36, 4.13, 3.05, 2.4, 2.13, 1.98, 1.64, 1.13, 1.18, 0.92, 0.59, 0.64, 0, 0.82, 0.93, 1.41, 1.46, 2.03, 3.67, 4.67, 4.71, 3.71, 2.26, 1.97, 2.1, 2.29, 2.63, 2.15, 2.23, 2.94, 3.5, 3.868, 2.845, 4.045, 5.56, 6.684, 5.877, 4.32, 4.75, 8.35, 11.47, 13.973, 15.369, 15.684, 15.602, 15.159, 15.137, 15.28, 15.475, 15.593, 15.345, 15.09, 15.106, 15.022, 14.899, 15.121, 15.522, 15.939, 15.817, 15.176, 14.999, 14.918, 14.682, 14.296, 13.736, 12.58, 11.443, 10.046, 7.71, 5.42, 4.35, 5.22, 4.52, 2.16, 3.49, 6.77, 6.6, 6.39, 6.56, 6.75, 6.3, 5.6, 4.94, 4.16, 3.41], [5.14, 4.74, 4.49, 3.47, 2.82, 2.55, 2.42, 1.98, 1.53, 1.62, 1.36, 0.91, 0.78, 0.82, 0, 0.79, 1.59, 1.52, 1.59, 3.19, 4.19, 4.27, 3.27, 1.8, 1.87, 2.02, 2.39, 2.73, 2.19, 2.21, 3.18, 3.84, 4.3, 3.263, 4.528, 6.012, 7.127, 6.311, 4.72, 5.17, 8.83, 11.861, 14.398, 15.806, 16.113, 16.019, 15.576, 15.561, 15.705, 15.892, 16.018, 15.791, 15.515, 15.523, 15.459, 15.31, 15.564, 15.947, 16.37, 16.245, 15.608, 15.39, 15.309, 15.113, 14.728, 14.168, 12.994, 11.82, 10.426, 8.07, 5.78, 4.71, 5.54, 4.84, 2.32, 3.05, 6.33, 6.16, 5.93, 6.1, 6.27, 5.86, 5.18, 4.5, 3.72, 2.99], [5.19, 4.87, 4.58, 3.52, 2.73, 2.52, 2.47, 1.93, 1.46, 1.51, 1.37, 0.92, 0.87, 0.93, 0.79, 0, 1.44, 1.61, 1.8, 3.36, 4.34, 4.42, 3.42, 2.13, 2.12, 2.17, 2.56, 2.9, 2.44, 2.48, 3.17, 3.69, 4.173, 3.093, 4.421, 5.865, 6.974, 6.152, 4.57, 5.02, 8.68, 11.711, 14.245, 15.653, 15.957, 15.866, 15.423, 15.403, 15.572, 15.736, 15.863, 15.641, 15.365, 15.364, 15.32, 15.154, 15.414, 15.797, 16.206, 16.089, 15.435, 15.218, 15.159, 14.94, 14.555, 13.995, 12.824, 11.647, 10.242, 7.88, 5.55, 4.54, 5.33, 4.63, 2.13, 3.22, 6.48, 6.33, 6.08, 6.27, 6.44, 6.01, 5.31, 4.65, 3.87, 3.14], [3.89, 3.63, 3.36, 2.32, 1.67, 1.56, 1.37, 0.83, 0.84, 0.87, 0.83, 1.36, 1.55, 1.41, 1.59, 1.44, 0, 1.07, 2.62, 4.26, 5.22, 5.32, 4.32, 2.77, 2.26, 2.13, 2.44, 2.84, 2.44, 2.2, 2.47, 2.89, 3.06, 2.06, 3.484, 4.942, 6.103, 5.267, 3.71, 4.12, 7.8, 10.811, 13.357, 14.741, 15.057, 14.969, 14.526, 14.469, 14.632, 14.824, 14.957, 14.727, 14.463, 14.473, 14.4, 14.263, 14.479, 14.848, 15.323, 15.237, 14.603, 14.366, 14.29, 14.109, 13.723, 13.163, 11.999, 10.764, 9.324, 6.952, 4.59, 3.64, 4.43, 3.77, 1.63, 4.14, 7.34, 7.19, 6.94, 7.05, 7.26, 6.81, 6.09, 5.43, 4.63, 3.96], [4.1, 3.72, 3.45, 2.49, 2.14, 2.07, 1.74, 1.24, 1.27, 1.4, 1.22, 1.55, 1.72, 1.46, 1.52, 1.61, 1.07, 0, 2.13, 3.83, 4.65, 4.69, 3.65, 2.22, 1.71, 2.02, 2.29, 2.43, 2.11, 1.81, 2.48, 3.08, 3.29, 2.496, 4.024, 5.592, 6.744, 5.939, 4.36, 4.81, 8.45, 11.486, 14.032, 15.428, 15.732, 15.641, 15.198, 15.138, 15.299, 15.491, 15.632, 15.414, 15.138, 15.148, 15.072, 14.938, 15.155, 15.524, 15.936, 15.844, 15.193, 14.996, 14.943, 14.699, 14.313, 13.753, 12.592, 11.372, 9.912, 7.539, 5.16, 4.17, 5.02, 4.4, 1.86, 3.65, 6.77, 6.62, 6.27, 6.46, 6.67, 6.24, 5.54, 4.92, 4.16, 3.51], [5.97, 5.61, 5.48, 4.48, 4.01, 3.88, 3.57, 3.03, 2.86, 2.95, 2.73, 2.3, 2.11, 2.03, 1.59, 1.8, 2.62, 2.13, 0, 1.84, 2.68, 2.84, 2.22, 1.37, 2.06, 2.87, 3.14, 2.96, 2.64, 2.74, 3.99, 4.85, 5.315, 4.423, 5.997, 7.504, 8.646, 7.79, 6.25, 6.66, 10.34, 13.337, 15.882, 17.27, 17.585, 17.494, 17.052, 16.998, 17.166, 17.359, 17.483, 17.261, 16.986, 16.996, 16.923, 16.786, 17.011, 17.371, 17.878, 17.797, 17.166, 16.909, 16.833, 16.672, 16.286, 15.726, 14.559, 13.344, 11.902, 9.529, 7.15, 6.16, 6.99, 6.33, 3.51, 1.9, 4.94, 4.77, 4.56, 4.69, 4.82, 4.43, 3.73, 3.07, 2.35, 1.68], [7.69, 7.35, 7.16, 6.06, 5.61, 5.52, 5.23, 4.75, 4.54, 4.59, 4.37, 3.96, 3.67, 3.67, 3.19, 3.36, 4.26, 3.83, 1.84, 0, 1.36, 1.72, 1.44, 2.05, 3.1, 3.99, 4.22, 4.2, 3.86, 4.3, 5.63, 6.47, 6.975, 5.998, 7.658, 9.116, 10.283, 9.427, 7.87, 8.28, 11.98, 14.957, 17.499, 18.875, 19.191, 19.097, 18.654, 18.591, 18.809, 18.978, 19.099, 18.869, 18.599, 18.629, 18.557, 18.399, 18.616, 18.974, 19.48, 19.403, 18.771, 18.514, 18.444, 18.277, 17.891, 17.331, 16.175, 14.899, 13.442, 11.089, 8.67, 7.68, 8.53, 7.93, 5.07, 1.34, 3.52, 3.37, 3.24, 3.51, 3.62, 3.23, 2.73, 2.37, 1.79, 1.66], [8.49, 8.17, 7.9, 6.96, 6.61, 6.52, 6.15, 5.59, 5.54, 5.63, 5.41, 4.98, 4.65, 4.67, 4.19, 4.34, 5.22, 4.65, 2.68, 1.36, 0, 0.74, 1.32, 2.63, 3.96, 4.97, 5.2, 4.94, 4.76, 5.14, 6.47, 7.33, 7.766, 6.903, 8.583, 10.127, 11.314, 10.458, 8.87, 9.32, 13.02, 16.005, 18.539, 19.923, 20.236, 20.142, 19.699, 19.648, 19.817, 20.01, 20.142, 19.909, 19.639, 19.652, 19.582, 19.439, 19.665, 20.034, 20.497, 20.397, 19.748, 19.491, 19.433, 19.254, 18.868, 18.308, 17.147, 15.844, 14.402, 12.089, 9.67, 8.64, 9.47, 8.887, 6.07, 2.08, 2.6, 2.59, 2.64, 3.25, 3.26, 3.01, 2.79, 2.41, 2.15, 2.08], [8.61, 8.23, 7.96, 6.98, 6.67, 6.6, 6.27, 5.69, 5.6, 5.71, 5.45, 5.02, 4.63, 4.71, 4.27, 4.42, 5.32, 4.69, 2.84, 1.72, 0.74, 0, 1.28, 2.73, 3.78, 4.77, 5.02, 4.72, 4.56, 4.94, 6.25, 7.107, 7.526, 6.823, 8.551, 10.158, 11.362, 10.566, 8.99, 9.44, 13.056, 16.101, 18.615, 20.008, 20.309, 20.221, 19.778, 19.719, 19.876, 20.063, 20.215, 19.997, 19.721, 19.731, 19.658, 19.521, 19.732, 20.104, 20.528, 20.408, 19.756, 19.576, 19.523, 19.262, 18.842, 18.262, 17.103, 15.798, 14.342, 12.042, 9.63, 8.52, 9.47, 8.946, 6.03, 2.24, 2.7, 2.81, 2.82, 3.47, 3.48, 3.21, 3.01, 2.63, 2.37, 2.38], [7.61, 7.21, 6.88, 5.92, 5.67, 5.6, 5.27, 4.69, 4.6, 4.71, 4.45, 3.98, 3.63, 3.71, 3.27, 3.42, 4.32, 3.65, 2.22, 1.44, 1.32, 1.28, 0, 1.75, 2.78, 3.83, 4.06, 3.74, 3.58, 3.96, 5.27, 6.127, 6.546, 5.849, 7.58, 9.164, 10.371, 9.561, 7.99, 8.44, 12.04, 15.105, 17.632, 19.011, 19.324, 19.233, 18.79, 18.719, 18.882, 19.074, 19.232, 19.002, 18.735, 18.748, 18.672, 18.535, 18.749, 19.104, 19.534, 19.382, 18.774, 18.582, 18.532, 18.239, 17.837, 17.277, 16.121, 14.796, 13.373, 11.031, 8.63, 7.54, 8.49, 7.967, 5.03, 1.76, 3.48, 3.59, 3.52, 3.91, 4.02, 3.57, 3.19, 2.85, 2.43, 2.18], [6.06, 5.7, 5.41, 4.41, 4.08, 4.01, 3.68, 3.12, 3.01, 3.12, 2.88, 2.49, 2.36, 2.26, 1.8, 2.13, 2.77, 2.22, 1.37, 2.05, 2.63, 2.73, 1.75, 0, 1.47, 2.38, 2.63, 2.41, 2.23, 2.59, 3.92, 4.78, 5.219, 4.373, 6.05, 7.597, 8.784, 7.979, 6.4, 6.85, 10.49, 13.526, 16.057, 17.439, 17.752, 17.661, 17.218, 17.149, 17.321, 17.514, 17.657, 17.427, 17.16, 17.17, 17.097, 16.96, 17.174, 17.534, 17.964, 17.861, 17.212, 17.007, 16.954, 16.718, 16.332, 15.772, 14.614, 13.292, 11.829, 9.521, 7.1, 6.05, 6.92, 6.377, 3.62, 1.91, 4.77, 4.74, 4.57, 4.82, 5.05, 4.58, 4.12, 3.7, 2.96, 2.57], [5.31, 4.89, 4.6, 3.44, 3.19, 3.12, 2.81, 2.31, 2.3, 2.43, 2.19, 2.1, 1.97, 1.97, 1.87, 2.12, 2.26, 1.71, 2.06, 3.1, 3.96, 3.78, 2.78, 1.47, 0, 1.17, 1.44, 1.32, 1.28, 1.42, 2.59, 3.45, 3.912, 3.292, 5.034, 6.669, 7.876, 7.081, 5.53, 5.96, 9.553, 12.615, 15.12, 16.493, 16.808, 16.715, 16.272, 16.198, 16.358, 16.556, 16.72, 16.496, 16.22, 16.245, 16.16, 16.017, 16.237, 16.583, 17.001, 16.861, 16.255, 16.072, 16.013, 15.727, 15.307, 14.713, 13.557, 12.249, 10.817, 8.505, 6.092, 4.94, 5.978, 5.461, 2.77, 2.94, 5.86, 6.01, 5.68, 5.81, 6.08, 5.61, 5.07, 4.65, 3.83, 3.3], [5.02, 4.6, 4.23, 3.05, 2.52, 2.55, 2.4, 2.12, 2.05, 2.06, 2.04, 2.11, 2.02, 2.1, 2.02, 2.17, 2.13, 2.02, 2.87, 3.99, 4.97, 4.77, 3.83, 2.38, 1.17, 0, 0.71, 1.51, 1.47, 1.45, 1.92, 2.7, 3.217, 2.71, 4.291, 5.796, 7.003, 6.208, 4.7, 5.09, 8.683, 11.742, 14.256, 15.605, 15.921, 15.818, 15.387, 15.383, 15.537, 15.698, 15.871, 15.656, 15.38, 15.372, 15.337, 15.162, 15.393, 15.768, 16.145, 15.948, 15.356, 15.17, 15.114, 14.811, 14.411, 13.817, 12.661, 11.356, 9.953, 7.65, 5.26, 4.09, 5.105, 4.62, 2.22, 3.83, 6.85, 7.0, 6.67, 6.84, 7.15, 6.64, 6.12, 5.66, 4.84, 4.27], [4.85, 4.53, 4.1, 2.86, 2.27, 2.34, 2.29, 2.43, 2.32, 2.37, 2.31, 2.36, 2.15, 2.29, 2.39, 2.56, 2.44, 2.29, 3.14, 4.22, 5.2, 5.02, 4.06, 2.63, 1.44, 0.71, 0, 1.22, 1.4, 1.32, 1.69, 2.43, 2.978, 2.54, 4.104, 5.618, 6.805, 6.009, 4.81, 4.92, 8.493, 11.544, 14.054, 15.404, 15.719, 15.625, 15.185, 15.149, 15.315, 15.496, 15.69, 15.457, 15.181, 15.173, 15.118, 14.963, 15.206, 15.569, 15.923, 15.727, 15.16, 14.974, 14.924, 14.623, 14.218, 13.624, 12.408, 11.128, 9.755, 7.445, 5.05, 4.04, 4.906, 4.49, 2.55, 4.08, 7.1, 7.23, 6.88, 7.03, 7.32, 6.83, 6.33, 5.93, 5.11, 4.56], [4.81, 4.49, 4.12, 3.04, 2.85, 2.82, 2.65, 2.65, 2.76, 2.81, 2.69, 2.72, 2.53, 2.63, 2.73, 2.9, 2.84, 2.43, 2.96, 4.2, 4.94, 4.72, 3.74, 2.41, 1.32, 1.51, 1.22, 0, 1.04, 1.14, 1.79, 2.45, 2.972, 2.794, 4.459, 6.106, 7.293, 6.517, 5.25, 5.44, 8.964, 12.02, 14.519, 15.892, 16.207, 16.116, 15.674, 15.596, 15.76, 15.958, 16.119, 15.886, 15.619, 15.649, 15.556, 15.419, 15.636, 15.979, 16.397, 16.226, 15.66, 15.468, 15.418, 15.106, 14.689, 14.104, 12.768, 11.625, 10.228, 7.89, 5.497, 4.44, 5.394, 5.01, 3.01, 3.78, 6.74, 6.91, 6.46, 6.51, 6.72, 6.21, 5.71, 5.35, 4.57, 4.04], [4.99, 4.71, 4.4, 3.14, 2.67, 2.6, 2.39, 2.35, 2.36, 2.37, 2.17, 2.08, 2.13, 2.15, 2.19, 2.44, 2.44, 2.11, 2.64, 3.86, 4.76, 4.56, 3.58, 2.23, 1.28, 1.47, 1.4, 1.04, 0, 0.68, 1.77, 2.65, 3.14, 2.67, 4.402, 6.069, 7.276, 6.45, 5.07, 5.32, 8.888, 11.946, 14.451, 15.821, 16.131, 16.034, 15.594, 15.523, 15.68, 15.879, 16.06, 15.827, 15.551, 15.576, 15.494, 15.345, 15.568, 15.914, 16.317, 16.183, 15.578, 15.401, 15.336, 15.049, 14.644, 14.027, 12.871, 11.577, 10.151, 7.836, 5.45, 4.36, 5.318, 4.861, 2.85, 3.56, 6.52, 6.71, 6.3, 6.35, 6.56, 6.09, 5.59, 5.05, 4.29, 3.84], [4.55, 4.25, 3.94, 2.72, 2.35, 2.34, 2.03, 2.11, 2.16, 2.19, 2.03, 2.1, 2.17, 2.23, 2.21, 2.48, 2.2, 1.81, 2.74, 4.3, 5.14, 4.94, 3.96, 2.59, 1.42, 1.45, 1.32, 1.14, 0.68, 0, 1.37, 2.27, 2.72, 2.32, 4.071, 5.73, 6.9, 6.09, 4.79, 4.98, 8.52, 11.576, 14.071, 15.441, 15.754, 15.657, 15.22, 15.149, 15.306, 15.505, 15.671, 15.438, 15.168, 15.201, 15.105, 14.968, 15.188, 15.534, 15.937, 15.809, 15.198, 15.015, 14.965, 14.669, 14.258, 13.664, 12.508, 11.191, 9.775, 7.479, 5.07, 4.02, 4.938, 4.47, 2.57, 3.94, 6.9, 7.07, 6.66, 6.69, 6.9, 6.45, 5.91, 5.31, 4.47, 3.96], [4.22, 3.94, 3.63, 2.35, 2.02, 2.17, 2.02, 2.26, 2.53, 2.54, 2.5, 2.73, 2.86, 2.94, 3.18, 3.17, 2.47, 2.48, 3.99, 5.63, 6.47, 6.25, 5.27, 3.92, 2.59, 1.92, 1.69, 1.79, 1.77, 1.37, 0, 1.0, 1.57, 1.95, 3.332, 5.0, 6.19, 5.36, 4.4, 4.39, 7.81, 10.86, 13.332, 14.666, 14.988, 14.885, 14.454, 14.398, 14.552, 14.751, 14.932, 14.699, 14.423, 14.467, 14.378, 14.223, 14.449, 14.783, 15.169, 15.037, 14.435, 14.255, 14.187, 13.915, 13.519, 12.908, 11.735, 10.452, 9.047, 6.763, 4.42, 3.51, 4.24, 3.92, 2.46, 5.29, 8.23, 8.42, 7.95, 7.98, 8.17, 7.66, 7.2, 6.62, 5.82, 5.25], [4.0, 3.76, 3.39, 2.23, 2.02, 2.15, 2.34, 2.58, 2.83, 2.76, 2.86, 3.13, 3.36, 3.5, 3.84, 3.69, 2.89, 3.08, 4.85, 6.47, 7.33, 7.107, 6.127, 4.78, 3.45, 2.7, 2.43, 2.45, 2.65, 2.27, 1.0, 0, 1.11, 1.87, 2.71, 4.34, 5.53, 4.72, 4.04, 3.93, 7.18, 10.219, 12.703, 14.024, 14.339, 14.236, 13.811, 13.743, 13.93, 14.126, 14.303, 14.05, 13.792, 13.836, 13.749, 13.591, 13.817, 14.145, 14.499, 14.323, 13.788, 13.622, 13.541, 13.26, 12.869, 12.275, 11.002, 9.791, 8.409, 6.1, 4.0, 3.25, 3.66, 3.46, 2.5, 6.11, 9.09, 9.28, 8.81, 8.86, 9.05, 8.54, 8.06, 7.48, 6.7, 6.11], [3.61, 3.37, 3.08, 2.06, 2.09, 2.18, 2.39, 2.63, 2.96, 2.93, 3.05, 3.66, 3.848, 3.868, 4.3, 4.173, 3.06, 3.29, 5.315, 6.975, 7.766, 7.526, 6.546, 5.219, 3.912, 3.217, 2.978, 2.972, 3.14, 2.72, 1.57, 1.11, 0, 1.78, 2.34, 3.93, 5.14, 4.55, 3.97, 3.88, 6.696, 9.719, 12.187, 13.522, 13.84, 13.749, 13.306, 13.238, 13.387, 13.585, 13.787, 13.537, 13.284, 13.328, 13.225, 13.084, 13.31, 13.636, 14.024, 13.839, 13.284, 13.113, 13.043, 12.751, 12.363, 11.76, 10.487, 9.294, 7.914, 5.66, 3.65, 2.94, 3.41, 3.23, 2.65, 6.569, 9.503, 9.719, 9.2, 9.23, 9.377, 8.887, 8.473, 7.876, 7.096, 6.443], [3.05, 2.83, 2.56, 1.56, 1.27, 1.5, 1.49, 1.71, 1.94, 1.87, 2.03, 2.624, 2.863, 2.845, 3.263, 3.093, 2.06, 2.496, 4.423, 5.998, 6.903, 6.823, 5.849, 4.373, 3.292, 2.71, 2.54, 2.794, 2.67, 2.32, 1.95, 1.87, 1.78, 0, 1.96, 3.55, 4.76, 3.97, 3.13, 3.08, 6.36, 9.401, 11.906, 13.285, 13.595, 13.521, 13.07, 13.021, 13.173, 13.366, 13.509, 13.296, 13.027, 13.037, 12.964, 12.824, 13.032, 13.401, 13.819, 13.668, 13.053, 12.876, 12.826, 12.522, 12.096, 11.482, 10.326, 9.05, 7.65, 5.32, 3.05, 2.24, 2.85, 2.53, 2.03, 5.689, 8.803, 8.876, 8.514, 8.619, 8.852, 8.439, 7.742, 7.07, 6.256, 5.643], [2.63, 2.55, 2.44, 2.1, 2.25, 2.26, 2.63, 3.036, 3.201, 3.171, 3.328, 3.795, 4.108, 4.045, 4.528, 4.421, 3.484, 4.024, 5.997, 7.658, 8.583, 8.551, 7.58, 6.05, 5.034, 4.291, 4.104, 4.459, 4.402, 4.071, 3.332, 2.71, 2.34, 1.96, 0, 1.73, 2.9, 2.49, 2.45, 2.26, 4.54, 7.62, 10.139, 11.523, 11.824, 11.748, 11.302, 11.305, 11.426, 11.612, 11.779, 11.546, 11.316, 11.246, 11.173, 11.08, 11.316, 11.7, 12.094, 11.923, 11.28, 11.103, 11.042, 10.766, 10.34, 9.74, 8.57, 7.47, 6.17, 3.96, 2.57, 2.22, 2.13, 2.03, 2.93, 7.209, 10.497, 10.476, 10.203, 10.333, 10.529, 10.119, 9.379, 8.699, 7.879, 7.177], [2.98, 2.98, 3.07, 3.347, 3.554, 3.664, 4.077, 4.552, 4.684, 4.637, 4.814, 5.29, 5.672, 5.56, 6.012, 5.865, 4.942, 5.592, 7.504, 9.116, 10.127, 10.158, 9.164, 7.597, 6.669, 5.796, 5.618, 6.106, 6.069, 5.73, 5.0, 4.34, 3.93, 3.55, 1.73, 0, 1.49, 1.96, 2.48, 2.05, 3.15, 5.99, 8.492, 9.879, 10.198, 10.098, 9.678, 9.67, 9.799, 9.986, 10.132, 9.899, 9.67, 9.617, 9.55, 9.43, 9.669, 10.05, 10.444, 10.31, 9.667, 9.49, 9.409, 9.179, 8.793, 8.233, 7.08, 6.08, 5.02, 3.25, 2.6, 2.75, 2.06, 2.22, 4.3, 8.85, 12.138, 12.032, 11.767, 11.86, 12.076, 11.626, 10.926, 10.26, 9.42, 8.724], [3.25, 3.37, 3.62, 4.454, 4.707, 4.8, 5.204, 5.727, 5.786, 5.704, 5.936, 6.406, 6.818, 6.684, 7.127, 6.974, 6.103, 6.744, 8.646, 10.283, 11.314, 11.362, 10.371, 8.784, 7.876, 7.003, 6.805, 7.293, 7.276, 6.9, 6.19, 5.53, 5.14, 4.76, 2.9, 1.49, 0, 1.37, 2.61, 2.3, 2.22, 5.18, 7.5, 8.764, 9.051, 8.94, 8.56, 8.704, 8.954, 9.025, 9.173, 9.01, 8.76, 8.67, 8.64, 8.4, 8.58, 8.94, 9.34, 9.241, 8.62, 8.433, 8.31, 8.12, 7.76, 7.18, 6.09, 5.63, 4.75, 2.94, 2.53, 3.16, 2.27, 2.65, 5.47, 10.031, 13.322, 13.19, 12.934, 13.047, 13.24, 12.81, 12.09, 11.43, 10.57, 9.84], [2.28, 2.5, 2.77, 3.641, 3.92, 4.03, 4.331, 4.891, 4.99, 4.88, 5.14, 5.61, 6.022, 5.877, 6.311, 6.152, 5.267, 5.939, 7.79, 9.427, 10.458, 10.566, 9.561, 7.979, 7.081, 6.208, 6.009, 6.517, 6.45, 6.09, 5.36, 4.72, 4.55, 3.97, 2.49, 1.96, 1.37, 0, 1.7, 1.53, 2.85, 5.974, 8.334, 9.577, 9.93, 9.773, 9.397, 9.592, 9.768, 9.902, 10.094, 9.907, 9.67, 9.58, 9.55, 9.35, 9.49, 9.91, 10.29, 10.214, 9.554, 9.274, 9.156, 9.012, 8.608, 8.134, 7.104, 6.247, 5.24, 3.11, 1.76, 2.29, 1.48, 1.78, 4.62, 9.21, 12.53, 12.38, 12.149, 12.2, 12.37, 11.96, 11.22, 10.54, 9.68, 8.97], [2.18, 1.98, 1.81, 2.51, 3.12, 3.19, 3.08, 3.3, 3.45, 3.4, 3.6, 4.09, 4.46, 4.32, 4.72, 4.57, 3.71, 4.36, 6.25, 7.87, 8.87, 8.99, 7.99, 6.4, 5.53, 4.7, 4.81, 5.25, 5.07, 4.79, 4.4, 4.04, 3.97, 3.13, 2.45, 2.48, 2.61, 1.7, 0, 1.05, 4.29, 7.468, 9.866, 11.126, 11.459, 11.333, 10.925, 11.049, 11.208, 11.342, 11.591, 11.364, 11.13, 11.02, 10.97, 10.83, 11.01, 11.445, 11.782, 11.64, 10.968, 10.717, 10.627, 10.477, 10.076, 9.525, 8.518, 7.587, 6.56, 4.31, 2.34, 1.63, 1.66, 1.28, 3.12, 7.63, 10.93, 10.8, 10.55, 10.6, 10.77, 10.38, 9.64, 8.98, 8.14, 7.41], [2.15, 1.95, 2.16, 2.62, 3.03, 3.1, 3.21, 3.75, 3.86, 3.79, 4.01, 4.48, 4.91, 4.75, 5.17, 5.02, 4.12, 4.81, 6.66, 8.28, 9.32, 9.44, 8.44, 6.85, 5.96, 5.09, 4.92, 5.44, 5.32, 4.98, 4.39, 3.93, 3.88, 3.08, 2.26, 2.05, 2.3, 1.53, 1.05, 0, 3.72, 6.804, 9.317, 10.658, 11.003, 10.88, 10.469, 10.485, 10.718, 10.852, 10.964, 10.797, 10.54, 10.45, 10.42, 10.2, 10.46, 10.849, 11.28, 11.184, 10.534, 10.275, 10.188, 10.044, 9.652, 9.094, 7.928, 7.0, 5.97, 3.72, 2.23, 1.94, 1.65, 1.55, 3.53, 8.08, 11.38, 11.23, 11.0, 11.05, 11.2, 10.81, 10.07, 9.41, 8.55, 7.8], [4.55, 4.89, 5.22, 6.12, 6.41, 6.5, 6.89, 7.43, 7.48, 7.41, 7.61, 8.06, 8.506, 8.35, 8.83, 8.68, 7.8, 8.45, 10.34, 11.98, 13.02, 13.056, 12.04, 10.49, 9.553, 8.683, 8.493, 8.964, 8.888, 8.52, 7.81, 7.18, 6.696, 6.36, 4.54, 3.15, 2.22, 2.85, 4.29, 3.72, 0, 3.34, 5.735, 7.07, 7.411, 7.289, 6.892, 6.954, 7.114, 7.261, 7.444, 7.254, 7.02, 6.91, 6.86, 6.7, 6.88, 7.289, 7.663, 7.532, 6.88, 6.72, 6.622, 6.392, 5.98, 5.455, 4.37, 3.57, 2.71, 1.98, 3.49, 4.613, 3.65, 4.15, 7.07, 11.66, 14.996, 14.87, 14.64, 14.73, 14.9, 14.49, 13.77, 13.09, 12.23, 11.48], [7.53, 7.949, 8.282, 9.187, 9.449, 9.531, 9.907, 10.435, 10.528, 10.461, 10.675, 11.179, 11.601, 11.47, 11.861, 11.711, 10.811, 11.486, 13.337, 14.957, 16.005, 16.101, 15.105, 13.526, 12.615, 11.742, 11.544, 12.02, 11.946, 11.576, 10.86, 10.219, 9.719, 9.401, 7.62, 5.99, 5.18, 5.974, 7.468, 6.804, 3.34, 0, 2.58, 3.982, 4.294, 4.24, 3.84, 3.835, 4.117, 4.265, 4.2, 4.09, 3.9, 3.87, 3.86, 3.56, 3.72, 4.12, 4.714, 4.612, 3.969, 3.74, 3.69, 3.56, 3.12, 2.56, 2.01, 1.63, 2.13, 4.133, 6.532, 7.702, 6.681, 7.161, 10.169, 14.719, 18.045, 17.912, 17.676, 17.735, 17.871, 17.498, 16.744, 16.064, 15.173, 14.443], [10.076, 10.498, 10.827, 11.724, 11.992, 12.071, 12.407, 12.975, 13.074, 12.97, 13.221, 13.697, 14.106, 13.973, 14.398, 14.245, 13.357, 14.032, 15.882, 17.499, 18.539, 18.615, 17.632, 16.057, 15.12, 14.256, 14.054, 14.519, 14.451, 14.071, 13.332, 12.703, 12.187, 11.906, 10.139, 8.492, 7.5, 8.334, 9.866, 9.317, 5.735, 2.58, 0, 1.55, 1.82, 1.86, 1.6, 1.58, 1.78, 1.91, 1.94, 1.85, 1.72, 1.53, 1.58, 1.26, 1.5, 1.8, 2.46, 2.28, 1.86, 1.72, 1.81, 1.8, 1.54, 1.44, 2.35, 2.961, 4.317, 6.658, 9.057, 10.207, 9.192, 9.695, 12.672, 17.261, 20.561, 20.452, 20.207, 20.266, 20.413, 20.034, 19.286, 18.603, 17.715, 16.986], [11.466, 11.908, 12.223, 13.1, 13.382, 13.47, 13.82, 14.365, 14.47, 14.389, 14.617, 15.09, 15.502, 15.369, 15.806, 15.653, 14.741, 15.428, 17.27, 18.875, 19.923, 20.008, 19.011, 17.439, 16.493, 15.605, 15.404, 15.892, 15.821, 15.441, 14.666, 14.024, 13.522, 13.285, 11.523, 9.879, 8.764, 9.577, 11.126, 10.658, 7.07, 3.982, 1.55, 0, 0.69, 0.75, 0.85, 1.03, 1.11, 1.14, 1.37, 1.44, 1.49, 1.32, 1.29, 1.21, 1.19, 1.27, 1.41, 1.37, 1.19, 1.15, 1.36, 1.65, 1.57, 2.01, 3.42, 4.313, 5.678, 8.037, 10.43, 11.577, 10.559, 11.085, 14.053, 18.64, 21.942, 21.839, 21.592, 21.642, 21.789, 21.41, 20.662, 19.985, 19.091, 18.382], [11.781, 12.207, 12.53, 13.416, 13.695, 13.78, 14.127, 14.675, 14.785, 14.687, 14.933, 15.405, 15.823, 15.684, 16.113, 15.957, 15.057, 15.732, 17.585, 19.191, 20.236, 20.309, 19.324, 17.752, 16.808, 15.921, 15.719, 16.207, 16.131, 15.754, 14.988, 14.339, 13.84, 13.595, 11.824, 10.198, 9.051, 9.93, 11.459, 11.003, 7.411, 4.294, 1.82, 0.69, 0, 0.58, 0.92, 0.94, 0.92, 0.91, 1.34, 1.39, 1.56, 1.43, 1.34, 1.24, 1.1, 1.06, 1.26, 1.3, 1.36, 1.22, 1.27, 1.56, 1.72, 2.239, 3.649, 4.62, 5.994, 8.35, 10.746, 11.909, 10.883, 11.403, 14.383, 18.956, 22.252, 22.149, 21.902, 21.957, 22.105, 21.723, 20.978, 20.298, 19.407, 18.694], [11.687, 12.133, 12.436, 13.319, 13.601, 13.683, 14.033, 14.578, 14.703, 14.602, 14.853, 15.332, 15.735, 15.602, 16.019, 15.866, 14.969, 15.641, 17.494, 19.097, 20.142, 20.221, 19.233, 17.661, 16.715, 15.818, 15.625, 16.116, 16.034, 15.657, 14.885, 14.236, 13.749, 13.521, 11.748, 10.098, 8.94, 9.773, 11.333, 10.88, 7.289, 4.24, 1.86, 0.75, 0.58, 0, 0.7, 1.0, 0.98, 0.97, 1.36, 1.35, 1.52, 1.33, 1.32, 1.2, 1.06, 1.0, 1.14, 1.24, 1.22, 1.2, 1.19, 1.5, 1.6, 2.142, 3.552, 4.514, 5.909, 8.268, 10.663, 11.792, 10.772, 11.298, 14.289, 18.868, 22.155, 22.052, 21.805, 21.863, 22.011, 21.626, 20.881, 20.201, 19.327, 18.597], [11.244, 11.69, 11.993, 12.882, 13.158, 13.252, 13.59, 14.138, 14.26, 14.159, 14.41, 14.889, 15.298, 15.159, 15.576, 15.423, 14.526, 15.198, 17.052, 18.654, 19.699, 19.778, 18.79, 17.218, 16.272, 15.387, 15.185, 15.674, 15.594, 15.22, 14.454, 13.811, 13.306, 13.07, 11.302, 9.678, 8.56, 9.397, 10.925, 10.469, 6.892, 3.84, 1.6, 0.85, 0.92, 0.7, 0, 0.94, 0.98, 1.01, 1.3, 1.27, 1.38, 1.21, 1.2, 1.04, 0.98, 0.98, 1.34, 1.4, 1.22, 1.16, 1.33, 1.5, 1.4, 1.76, 3.17, 4.089, 5.466, 7.825, 10.221, 11.381, 10.349, 10.869, 13.861, 18.425, 21.715, 21.624, 21.365, 21.42, 21.568, 21.192, 20.441, 19.761, 18.904, 18.174], [11.194, 11.645, 11.948, 12.834, 13.119, 13.2, 13.554, 14.087, 14.226, 14.122, 14.385, 14.858, 15.27, 15.137, 15.561, 15.403, 14.469, 15.138, 16.998, 18.591, 19.648, 19.719, 18.719, 17.149, 16.198, 15.383, 15.149, 15.596, 15.523, 15.149, 14.398, 13.743, 13.238, 13.021, 11.305, 9.67, 8.704, 9.592, 11.049, 10.485, 6.954, 3.835, 1.58, 1.03, 0.94, 1.0, 0.94, 0, 0.7, 0.75, 1.28, 1.29, 1.32, 1.21, 1.04, 0.9, 1.08, 1.0, 1.4, 1.46, 1.32, 1.48, 1.59, 1.8, 1.78, 1.98, 3.297, 4.126, 5.467, 7.768, 10.169, 11.353, 10.321, 10.861, 13.82, 18.371, 21.653, 21.55, 21.302, 21.352, 21.494, 21.112, 20.378, 19.701, 18.804, 18.098], [11.388, 11.8, 12.123, 13.006, 13.284, 13.364, 13.737, 14.245, 14.375, 14.274, 14.528, 15.007, 15.415, 15.28, 15.705, 15.572, 14.632, 15.299, 17.166, 18.809, 19.817, 19.876, 18.882, 17.321, 16.358, 15.537, 15.315, 15.76, 15.68, 15.306, 14.552, 13.93, 13.387, 13.173, 11.426, 9.799, 8.954, 9.768, 11.208, 10.718, 7.114, 4.117, 1.78, 1.11, 0.92, 0.98, 0.98, 0.7, 0, 0.65, 1.34, 1.33, 1.46, 1.25, 1.16, 1.14, 1.24, 1.22, 1.32, 1.34, 1.22, 1.32, 1.41, 1.64, 1.84, 2.15, 3.547, 4.322, 5.61, 7.939, 10.372, 11.516, 10.536, 11.028, 13.999, 18.54, 21.816, 21.722, 21.468, 21.512, 21.691, 21.275, 20.573, 19.899, 19.039, 18.315], [11.581, 11.987, 12.313, 13.19, 13.46, 13.548, 13.941, 14.434, 14.568, 14.461, 14.718, 15.191, 15.611, 15.475, 15.892, 15.736, 14.824, 15.491, 17.359, 18.978, 20.01, 20.063, 19.074, 17.514, 16.556, 15.698, 15.496, 15.958, 15.879, 15.505, 14.751, 14.126, 13.585, 13.366, 11.612, 9.986, 9.025, 9.902, 11.342, 10.852, 7.261, 4.265, 1.91, 1.14, 0.91, 0.97, 1.01, 0.75, 0.65, 0, 0.95, 1.0, 1.15, 1.06, 1.05, 1.05, 1.07, 1.09, 1.31, 1.41, 1.37, 1.39, 1.48, 1.75, 1.95, 2.225, 3.587, 4.476, 5.779, 8.121, 10.534, 11.697, 10.671, 11.203, 14.171, 18.724, 22.009, 21.908, 21.661, 21.705, 21.887, 21.471, 20.765, 20.094, 19.231, 18.505], [11.676, 12.101, 12.427, 13.327, 13.595, 13.671, 14.027, 14.575, 14.68, 14.576, 14.827, 15.317, 15.746, 15.593, 16.018, 15.863, 14.957, 15.632, 17.483, 19.099, 20.142, 20.215, 19.232, 17.657, 16.72, 15.871, 15.69, 16.119, 16.06, 15.671, 14.932, 14.303, 13.787, 13.509, 11.779, 10.132, 9.173, 10.094, 11.591, 10.964, 7.444, 4.2, 1.94, 1.37, 1.34, 1.36, 1.3, 1.28, 1.34, 0.95, 0, 0.59, 0.82, 0.93, 0.92, 1.0, 1.12, 1.26, 1.5, 1.72, 1.7, 1.8, 1.99, 2.12, 2.2, 2.48, 3.67, 4.601, 5.935, 8.262, 10.66, 11.865, 10.853, 11.315, 14.332, 18.865, 22.167, 22.052, 21.807, 21.866, 22.013, 21.634, 20.886, 20.203, 19.315, 18.586], [11.454, 11.9, 12.206, 13.094, 13.362, 13.447, 13.791, 14.348, 14.478, 14.363, 14.614, 15.078, 15.531, 15.345, 15.791, 15.641, 14.727, 15.414, 17.261, 18.869, 19.909, 19.997, 19.002, 17.427, 16.496, 15.656, 15.457, 15.886, 15.827, 15.438, 14.699, 14.05, 13.537, 13.296, 11.546, 9.899, 9.01, 9.907, 11.364, 10.797, 7.254, 4.09, 1.85, 1.44, 1.39, 1.35, 1.27, 1.29, 1.33, 1.0, 0.59, 0, 0.53, 0.74, 0.83, 1.01, 0.97, 1.21, 1.65, 1.85, 1.71, 1.95, 2.06, 2.11, 2.09, 2.33, 3.52, 4.4, 5.705, 8.046, 10.427, 11.652, 10.631, 11.111, 14.119, 18.631, 21.934, 21.825, 21.58, 21.636, 21.783, 21.402, 20.656, 19.974, 19.085, 18.358], [11.178, 11.624, 11.93, 12.827, 13.092, 13.183, 13.516, 14.075, 14.203, 14.087, 14.353, 14.811, 15.255, 15.09, 15.515, 15.365, 14.463, 15.138, 16.986, 18.599, 19.639, 19.721, 18.735, 17.16, 16.22, 15.38, 15.181, 15.619, 15.551, 15.168, 14.423, 13.792, 13.284, 13.027, 11.316, 9.67, 8.76, 9.67, 11.13, 10.54, 7.02, 3.9, 1.72, 1.49, 1.56, 1.52, 1.38, 1.32, 1.46, 1.15, 0.82, 0.53, 0, 0.61, 0.66, 0.9, 1.04, 1.3, 1.82, 1.92, 1.94, 1.98, 2.11, 2.14, 2.08, 2.32, 3.35, 4.13, 5.449, 7.771, 10.189, 11.376, 10.35, 10.835, 13.843, 18.367, 21.661, 21.564, 21.307, 21.366, 21.513, 21.137, 20.386, 19.704, 18.849, 18.106], [11.208, 11.634, 11.96, 12.837, 13.114, 13.193, 13.563, 14.091, 14.201, 14.103, 14.351, 14.827, 15.236, 15.106, 15.523, 15.364, 14.473, 15.148, 16.996, 18.629, 19.652, 19.731, 18.748, 17.17, 16.245, 15.372, 15.173, 15.649, 15.576, 15.201, 14.467, 13.836, 13.328, 13.037, 11.246, 9.617, 8.67, 9.58, 11.02, 10.45, 6.91, 3.87, 1.53, 1.32, 1.43, 1.33, 1.21, 1.21, 1.25, 1.06, 0.93, 0.74, 0.61, 0, 0.47, 0.67, 1.03, 1.09, 1.55, 1.61, 1.61, 1.65, 1.88, 1.97, 1.91, 2.17, 3.22, 4.1, 5.459, 7.777, 10.179, 11.326, 10.325, 10.845, 13.813, 18.377, 21.683, 21.574, 21.32, 21.385, 21.544, 21.154, 20.417, 19.734, 18.879, 18.136], [11.133, 11.559, 11.885, 12.764, 13.044, 13.117, 13.482, 14.018, 14.129, 14.022, 14.279, 14.749, 15.155, 15.022, 15.459, 15.32, 14.4, 15.072, 16.923, 18.557, 19.582, 19.658, 18.672, 17.097, 16.16, 15.337, 15.118, 15.556, 15.494, 15.105, 14.378, 13.749, 13.225, 12.964, 11.173, 9.55, 8.64, 9.55, 10.97, 10.42, 6.86, 3.86, 1.58, 1.29, 1.34, 1.32, 1.2, 1.04, 1.16, 1.05, 0.92, 0.83, 0.66, 0.47, 0, 0.64, 1.16, 1.1, 1.58, 1.62, 1.52, 1.6, 1.81, 1.92, 1.84, 2.1, 3.17, 4.05, 5.39, 7.708, 10.129, 11.296, 10.29, 10.77, 13.743, 18.304, 21.604, 21.501, 21.247, 21.309, 21.47, 21.074, 20.344, 19.661, 18.806, 18.06], [10.978, 11.424, 11.73, 12.627, 12.892, 12.983, 13.336, 13.875, 13.991, 13.893, 14.141, 14.629, 15.035, 14.899, 15.31, 15.154, 14.263, 14.938, 16.786, 18.399, 19.439, 19.521, 18.535, 16.96, 16.017, 15.162, 14.963, 15.419, 15.345, 14.968, 14.223, 13.591, 13.084, 12.824, 11.08, 9.43, 8.4, 9.35, 10.83, 10.2, 6.7, 3.56, 1.26, 1.21, 1.24, 1.2, 1.04, 0.9, 1.14, 1.05, 1.0, 1.01, 0.9, 0.67, 0.64, 0, 0.86, 0.98, 1.54, 1.7, 1.42, 1.5, 1.67, 1.78, 1.64, 1.86, 2.97, 3.878, 5.229, 7.567, 9.966, 11.136, 10.115, 10.612, 13.603, 18.167, 21.461, 21.364, 21.107, 21.166, 21.313, 20.937, 20.186, 19.504, 18.649, 17.906], [11.204, 11.629, 11.953, 12.841, 13.123, 13.202, 13.562, 14.098, 14.231, 14.11, 14.367, 14.837, 15.277, 15.121, 15.564, 15.414, 14.479, 15.155, 17.011, 18.616, 19.665, 19.732, 18.749, 17.174, 16.237, 15.393, 15.206, 15.636, 15.568, 15.188, 14.449, 13.817, 13.31, 13.032, 11.316, 9.669, 8.58, 9.49, 11.01, 10.46, 6.88, 3.72, 1.5, 1.19, 1.1, 1.06, 0.98, 1.08, 1.24, 1.07, 1.12, 0.97, 1.04, 1.03, 1.16, 0.86, 0, 0.72, 1.42, 1.62, 1.48, 1.48, 1.61, 1.6, 1.6, 1.86, 3.13, 4.138, 5.455, 7.793, 10.191, 11.396, 10.375, 10.846, 13.863, 18.378, 21.678, 21.572, 21.324, 21.383, 21.53, 21.152, 20.403, 19.721, 18.832, 18.117], [11.57, 12.031, 12.333, 13.219, 13.501, 13.586, 13.939, 14.473, 14.614, 14.508, 14.761, 15.228, 15.658, 15.522, 15.947, 15.797, 14.848, 15.524, 17.371, 18.974, 20.034, 20.104, 19.104, 17.534, 16.583, 15.768, 15.569, 15.979, 15.914, 15.534, 14.783, 14.145, 13.636, 13.401, 11.7, 10.05, 8.94, 9.91, 11.445, 10.849, 7.289, 4.12, 1.8, 1.27, 1.06, 1.0, 0.98, 1.0, 1.22, 1.09, 1.26, 1.21, 1.3, 1.09, 1.1, 0.98, 0.72, 0, 1.1, 1.34, 1.26, 1.42, 1.55, 1.62, 1.76, 2.24, 3.49, 4.498, 5.849, 8.156, 10.554, 11.759, 10.738, 11.227, 14.226, 18.753, 22.038, 21.935, 21.687, 21.737, 21.876, 21.497, 20.761, 20.087, 19.187, 18.483], [12.099, 12.491, 12.769, 13.646, 13.913, 14.024, 14.417, 14.925, 15.046, 14.982, 15.205, 15.684, 16.088, 15.939, 16.37, 16.206, 15.323, 15.936, 17.878, 19.48, 20.497, 20.528, 19.534, 17.964, 17.001, 16.145, 15.923, 16.397, 16.317, 15.937, 15.169, 14.499, 14.024, 13.819, 12.094, 10.444, 9.34, 10.29, 11.782, 11.28, 7.663, 4.714, 2.46, 1.41, 1.26, 1.14, 1.34, 1.4, 1.32, 1.31, 1.5, 1.65, 1.82, 1.55, 1.58, 1.54, 1.42, 1.1, 0, 0.72, 1.08, 1.34, 1.43, 1.58, 2.0, 2.46, 3.827, 4.852, 6.238, 8.591, 10.989, 12.124, 11.118, 11.647, 14.627, 19.209, 22.459, 22.359, 22.099, 22.187, 22.362, 21.944, 21.247, 20.573, 19.733, 19.009], [12.013, 12.339, 12.54, 13.477, 13.807, 13.929, 14.311, 14.822, 14.949, 14.885, 15.082, 15.521, 15.848, 15.817, 16.245, 16.089, 15.237, 15.844, 17.797, 19.403, 20.397, 20.408, 19.382, 17.861, 16.861, 15.948, 15.727, 16.226, 16.183, 15.809, 15.037, 14.323, 13.839, 13.668, 11.923, 10.31, 9.241, 10.214, 11.64, 11.184, 7.532, 4.612, 2.28, 1.37, 1.3, 1.24, 1.4, 1.46, 1.34, 1.41, 1.72, 1.85, 1.92, 1.61, 1.62, 1.7, 1.62, 1.34, 0.72, 0, 0.88, 1.16, 1.27, 1.38, 1.82, 2.24, 3.61, 4.655, 6.089, 8.4, 10.847, 11.985, 11.024, 11.536, 14.467, 18.992, 22.342, 22.276, 22.011, 22.095, 22.277, 21.878, 21.173, 20.496, 19.65, 18.926], [11.379, 11.742, 12.006, 12.865, 13.173, 13.292, 13.673, 14.187, 14.315, 14.25, 14.445, 14.923, 15.285, 15.176, 15.608, 15.435, 14.603, 15.193, 17.166, 18.771, 19.748, 19.756, 18.774, 17.212, 16.255, 15.356, 15.16, 15.66, 15.578, 15.198, 14.435, 13.788, 13.284, 13.053, 11.28, 9.667, 8.62, 9.554, 10.968, 10.534, 6.88, 3.969, 1.86, 1.19, 1.36, 1.22, 1.22, 1.32, 1.22, 1.37, 1.7, 1.71, 1.94, 1.61, 1.52, 1.42, 1.48, 1.26, 1.08, 0.88, 0, 0.7, 0.93, 1.04, 1.22, 1.68, 3.05, 4.055, 5.444, 7.811, 10.198, 11.339, 10.347, 10.873, 13.83, 18.414, 21.699, 21.644, 21.362, 21.469, 21.651, 21.252, 20.541, 19.861, 19.021, 18.292], [11.122, 11.565, 11.829, 12.688, 12.976, 13.075, 13.416, 13.95, 14.118, 14.033, 14.268, 14.746, 15.108, 14.999, 15.39, 15.218, 14.366, 14.996, 16.909, 18.514, 19.491, 19.576, 18.582, 17.007, 16.072, 15.17, 14.974, 15.468, 15.401, 15.015, 14.255, 13.622, 13.113, 12.876, 11.103, 9.49, 8.433, 9.274, 10.717, 10.275, 6.72, 3.74, 1.72, 1.15, 1.22, 1.2, 1.16, 1.48, 1.32, 1.39, 1.8, 1.95, 1.98, 1.65, 1.6, 1.5, 1.48, 1.42, 1.34, 1.16, 0.7, 0, 0.63, 0.8, 1.14, 1.5, 2.91, 3.881, 5.258, 7.634, 10.021, 11.162, 10.127, 10.656, 13.653, 18.237, 21.519, 21.447, 21.165, 21.232, 21.394, 21.015, 20.284, 19.604, 18.764, 18.035], [11.043, 11.489, 11.753, 12.635, 12.9, 12.996, 13.335, 13.874, 14.039, 13.955, 14.189, 14.665, 15.046, 14.918, 15.309, 15.159, 14.29, 14.943, 16.833, 18.444, 19.433, 19.523, 18.532, 16.954, 16.013, 15.114, 14.924, 15.418, 15.336, 14.965, 14.187, 13.541, 13.043, 12.826, 11.042, 9.409, 8.31, 9.156, 10.627, 10.188, 6.622, 3.69, 1.81, 1.36, 1.27, 1.19, 1.33, 1.59, 1.41, 1.48, 1.99, 2.06, 2.11, 1.88, 1.81, 1.67, 1.61, 1.55, 1.43, 1.27, 0.93, 0.63, 0, 0.63, 1.05, 1.53, 2.84, 3.813, 5.214, 7.587, 9.971, 11.112, 10.074, 10.597, 13.6, 18.184, 21.457, 21.374, 21.101, 21.162, 21.324, 20.945, 20.214, 19.531, 18.694, 17.956], [10.885, 11.208, 11.452, 12.331, 12.679, 12.798, 13.179, 13.693, 13.82, 13.756, 13.95, 14.389, 14.73, 14.682, 15.113, 14.94, 14.109, 14.699, 16.672, 18.277, 19.254, 19.262, 18.239, 16.718, 15.727, 14.811, 14.623, 15.106, 15.049, 14.669, 13.915, 13.26, 12.751, 12.522, 10.766, 9.179, 8.12, 9.012, 10.477, 10.044, 6.392, 3.56, 1.8, 1.65, 1.56, 1.5, 1.5, 1.8, 1.64, 1.75, 2.12, 2.11, 2.14, 1.97, 1.92, 1.78, 1.6, 1.62, 1.58, 1.38, 1.04, 0.8, 0.63, 0, 0.76, 1.22, 2.55, 3.501, 4.95, 7.257, 9.704, 10.828, 9.852, 10.379, 13.296, 17.86, 21.205, 21.15, 20.868, 20.975, 21.157, 20.758, 20.047, 19.367, 18.527, 17.798], [10.499, 10.822, 11.066, 11.945, 12.293, 12.412, 12.793, 13.307, 13.435, 13.37, 13.565, 14.003, 14.305, 14.296, 14.728, 14.555, 13.723, 14.313, 16.286, 17.891, 18.868, 18.842, 17.837, 16.332, 15.307, 14.411, 14.218, 14.689, 14.644, 14.258, 13.519, 12.869, 12.363, 12.096, 10.34, 8.793, 7.76, 8.608, 10.076, 9.652, 5.98, 3.12, 1.54, 1.57, 1.72, 1.6, 1.4, 1.78, 1.84, 1.95, 2.2, 2.09, 2.08, 1.91, 1.84, 1.64, 1.6, 1.76, 2.0, 1.82, 1.22, 1.14, 1.05, 0.76, 0, 0.86, 2.19, 3.121, 4.564, 6.831, 9.296, 10.402, 9.449, 10.001, 12.87, 17.454, 20.785, 20.764, 20.482, 20.589, 20.771, 20.375, 19.661, 18.981, 18.141, 17.412], [9.939, 10.262, 10.506, 11.385, 11.733, 11.852, 12.233, 12.747, 12.875, 12.81, 13.005, 13.443, 13.725, 13.736, 14.168, 13.995, 13.163, 13.753, 15.726, 17.331, 18.308, 18.262, 17.277, 15.772, 14.713, 13.817, 13.624, 14.104, 14.027, 13.664, 12.908, 12.275, 11.76, 11.482, 9.74, 8.233, 7.18, 8.134, 9.525, 9.094, 5.455, 2.56, 1.44, 2.01, 2.239, 2.142, 1.76, 1.98, 2.15, 2.225, 2.48, 2.33, 2.32, 2.17, 2.1, 1.86, 1.86, 2.24, 2.46, 2.24, 1.68, 1.5, 1.53, 1.22, 0.86, 0, 1.53, 2.55, 4.004, 6.251, 8.716, 9.808, 8.889, 9.441, 12.27, 16.894, 20.205, 20.204, 19.922, 20.029, 20.211, 19.815, 19.101, 18.421, 17.581, 16.852], [8.772, 9.094, 9.302, 10.229, 10.566, 10.682, 11.077, 11.583, 11.704, 11.657, 11.834, 12.27, 12.517, 12.58, 12.994, 12.824, 11.999, 12.592, 14.559, 16.175, 17.147, 17.103, 16.121, 14.614, 13.557, 12.661, 12.408, 12.768, 12.871, 12.508, 11.735, 11.002, 10.487, 10.326, 8.57, 7.08, 6.09, 7.104, 8.518, 7.928, 4.37, 2.01, 2.35, 3.42, 3.649, 3.552, 3.17, 3.297, 3.547, 3.587, 3.67, 3.52, 3.35, 3.22, 3.17, 2.97, 3.13, 3.49, 3.827, 3.61, 3.05, 2.91, 2.84, 2.55, 2.19, 1.53, 0, 1.48, 2.92, 5.096, 7.543, 8.655, 7.731, 8.263, 11.109, 15.716, 19.049, 19.043, 18.764, 18.874, 19.055, 18.659, 17.945, 17.263, 16.425, 15.682], [7.557, 7.914, 8.104, 8.936, 9.334, 9.487, 9.92, 10.314, 10.527, 10.497, 10.657, 11.13, 11.343, 11.443, 11.82, 11.647, 10.764, 11.372, 13.344, 14.899, 15.844, 15.798, 14.796, 13.292, 12.249, 11.356, 11.128, 11.625, 11.577, 11.191, 10.452, 9.791, 9.294, 9.05, 7.47, 6.08, 5.63, 6.247, 7.587, 7.0, 3.57, 1.63, 2.961, 4.313, 4.62, 4.514, 4.089, 4.126, 4.322, 4.476, 4.601, 4.4, 4.13, 4.1, 4.05, 3.878, 4.138, 4.498, 4.852, 4.655, 4.055, 3.881, 3.813, 3.501, 3.121, 2.55, 1.48, 0, 1.56, 3.842, 6.266, 7.353, 6.432, 7.037, 9.892, 14.442, 17.73, 17.772, 17.462, 17.563, 17.778, 17.383, 16.669, 15.992, 15.149, 14.487], [6.134, 6.517, 