[[0, 1.59, 2.9, 5.17, 7.4, 9.763, 11.88, 13.382, 14.491, 15.02, 14.728, 13.985, 13.511, 13.613, 14.09, 14.142, 13.646, 13.4, 13.712, 14.057, 13.641, 13.607, 13.31, 13.141, 13.411, 12.528, 11.414, 10.568, 11.17, 11.615, 11.025, 10.794, 11.589, 12.443, 12.26, 11.85, 11.278, 9.778, 7.658, 5.753, 3.866, 2.34, 1.53, 1.31, 1.61, 1.38, 1.34, 1.38, 2.35, 2.35, 2.44, 3.24, 3.97, 4.487, 4.274, 4.08, 4.97, 6.075, 6.375, 6.29, 7.339, 8.63, 7.478, 6.804, 7.473, 6.68, 5.94, 4.86, 3.74, 3.58, 3.47, 3.47, 2.85, 1.93, 1.3, 1.06, 1.11, 2.39, 5.87, 8.177, 7.8, 6.554, 6.046, 6.053, 6.253, 6.636], [1.59, 0, 1.47, 3.64, 5.99, 8.44, 10.593, 12.179, 13.26, 13.728, 13.435, 12.662, 12.18, 12.321, 12.764, 12.847, 12.385, 12.07, 12.44, 12.793, 12.463, 12.363, 12.099, 11.792, 11.953, 11.163, 10.073, 9.227, 9.665, 10.137, 9.572, 9.504, 10.273, 10.991, 10.815, 10.428, 9.859, 8.385, 6.363, 4.563, 2.716, 1.53, 1.86, 1.94, 2.26, 1.75, 1.67, 0.95, 1.32, 1.4, 1.69, 2.47, 3.1, 3.46, 3.21, 3.11, 3.84, 4.73, 5.13, 5.16, 6.37, 7.435, 6.532, 5.493, 6.09, 5.39, 4.75, 3.67, 2.49, 2.37, 2.24, 2.36, 1.86, 1.16, 0.93, 1.35, 1.24, 1.68, 4.84, 6.718, 6.427, 5.253, 4.8, 4.729, 4.929, 5.372], [2.9, 1.47, 0, 2.39, 4.82, 7.33, 9.486, 11.072, 12.203, 12.576, 12.253, 11.503, 11.018, 11.164, 11.606, 11.666, 11.22, 10.88, 11.43, 11.675, 11.445, 11.365, 10.975, 10.673, 10.793, 10.059, 8.829, 8.046, 8.432, 8.839, 8.302, 8.346, 9.17, 9.795, 9.654, 9.167, 8.677, 7.237, 5.299, 3.519, 1.67, 1.84, 2.51, 2.75, 3.15, 2.46, 2.44, 1.84, 1.09, 1.19, 1.4, 2.08, 2.51, 2.67, 2.52, 2.82, 3.43, 3.96, 4.2, 4.39, 5.48, 6.408, 5.588, 4.498, 4.86, 4.22, 3.6, 2.52, 1.5, 1.4, 1.19, 1.27, 1.27, 1.41, 1.74, 2.22, 2.11, 2.11, 3.95, 5.49, 5.369, 4.09, 3.79, 3.556, 3.756, 4.179], [5.17, 3.64, 2.39, 0, 2.51, 5.06, 7.176, 8.825, 9.921, 10.27, 9.942, 9.169, 8.687, 8.87, 9.339, 9.419, 8.97, 8.67, 9.14, 9.492, 9.222, 9.122, 8.709, 8.369, 8.482, 7.829, 6.679, 5.856, 6.141, 6.561, 6.22, 6.15, 6.88, 7.517, 7.367, 6.9, 6.357, 4.912, 3.17, 1.55, 2.04, 3.75, 4.857, 4.94, 5.5, 4.69, 4.69, 4.01, 3.0, 3.02, 2.89, 2.49, 1.94, 1.86, 2.03, 2.51, 2.66, 2.71, 2.73, 3.1, 3.61, 4.42, 3.81, 2.64, 2.75, 2.19, 1.55, 1.17, 1.67, 1.85, 1.94, 2.04, 2.66, 3.34, 3.97, 4.33, 4.22, 3.62, 2.64, 3.58, 3.24, 2.74, 2.54, 2.05, 2.03, 2.23], [7.4, 5.99, 4.82, 2.51, 0, 2.73, 4.786, 6.406, 7.493, 7.849, 7.509, 6.783, 6.311, 6.444, 6.969, 7.094, 6.66, 6.4, 6.75, 7.139, 6.809, 6.689, 6.279, 5.943, 6.147, 5.479, 4.489, 3.566, 3.874, 4.5, 4.05, 3.96, 4.53, 5.214, 5.09, 4.66, 3.987, 2.52, 0.96, 2.08, 4.176, 6.086, 7.193, 7.267, 7.853, 7.114, 7.043, 6.26, 5.15, 5.15, 5.04, 4.58, 3.83, 3.41, 3.46, 3.84, 2.81, 2.12, 1.7, 2.05, 2.04, 2.61, 2.2, 1.55, 1.38, 1.48, 1.9, 2.9, 3.86, 4.04, 4.09, 4.15, 4.69, 5.53, 6.283, 6.54, 6.41, 5.67, 2.47, 1.97, 1.73, 2.37, 2.59, 2.2, 1.9, 1.7], [9.763, 8.44, 7.33, 5.06, 2.73, 0, 2.46, 3.942, 5.009, 5.434, 5.071, 4.38, 3.95, 4.05, 4.47, 4.57, 4.11, 3.87, 4.3, 4.67, 4.34, 4.259, 3.826, 3.569, 3.969, 3.029, 1.98, 1.18, 1.68, 2.37, 2.18, 1.79, 2.34, 2.92, 2.76, 2.43, 1.79, 0.83, 2.29, 4.511, 6.558, 8.501, 9.577, 9.64, 10.308, 9.588, 9.47, 8.65, 7.56, 7.57, 7.454, 7.01, 6.22, 5.66, 5.97, 6.41, 5.38, 4.27, 3.79, 3.64, 2.654, 1.6, 3.09, 3.2, 2.79, 3.33, 3.99, 5.11, 6.25, 6.37, 6.46, 6.5, 7.14, 7.98, 8.67, 8.932, 8.88, 8.008, 4.546, 2.34, 2.22, 3.84, 4.685, 4.372, 4.132, 3.763], [11.88, 10.593, 9.486, 7.176, 4.786, 2.46, 0, 1.72, 2.817, 3.263, 2.97, 2.64, 2.29, 2.01, 2.35, 2.43, 2.03, 1.77, 2.02, 2.43, 2.18, 2.0, 1.61, 1.61, 1.93, 1.21, 1.36, 1.78, 1.72, 1.81, 1.76, 1.71, 0.94, 0.92, 0.96, 1.01, 1.29, 2.51, 4.43, 6.632, 8.681, 10.628, 11.7, 11.778, 12.45, 11.698, 11.616, 10.757, 9.664, 9.647, 9.537, 9.097, 8.29, 7.78, 7.986, 8.414, 7.38, 6.25, 5.79, 5.728, 4.72, 3.543, 5.145, 5.281, 4.824, 5.5, 6.09, 7.27, 8.289, 8.47, 8.54, 8.58, 9.204, 10.084, 10.779, 11.009, 10.984, 10.114, 6.587, 4.24, 4.26, 5.862, 6.728, 6.462, 6.228, 5.867], [13.382, 12.179, 11.072, 8.825, 6.406, 3.942, 1.72, 0, 1.21, 1.9, 1.83, 1.7, 1.55, 1.19, 1.23, 1.23, 1.07, 1.17, 1.12, 1.25, 1.08, 1.06, 0.85, 1.25, 1.19, 1.23, 2.62, 3.285, 2.92, 2.65, 2.996, 2.987, 2.1, 1.62, 1.58, 2.01, 2.69, 4.069, 5.98, 8.151, 10.167, 12.1, 13.243, 13.25, 14.0, 13.301, 13.189, 12.266, 11.09, 11.102, 10.997, 10.532, 9.747, 9.184, 9.515, 9.972, 8.917, 7.762, 7.324, 7.253, 6.211, 5.033, 6.574, 6.787, 6.377, 7.036, 7.569, 8.681, 9.767, 9.948, 10.015, 10.018, 10.71, 11.585, 12.335, 12.471, 12.539, 11.543, 8.066, 5.738, 5.786, 7.329, 8.209, 8.036, 7.793, 7.406], [14.491, 13.26, 12.203, 9.921, 7.493, 5.009, 2.817, 1.21, 0, 0.89, 1.22, 1.73, 1.8, 1.3, 1.1, 1.04, 1.3, 1.56, 1.33, 1.18, 1.31, 1.37, 1.42, 1.84, 1.7, 2.26, 3.621, 4.309, 3.971, 3.645, 4.129, 4.044, 3.15, 2.53, 2.617, 3.125, 3.615, 5.06, 7.077, 9.164, 11.254, 13.187, 14.369, 14.366, 15.117, 14.418, 14.309, 13.4, 12.208, 12.179, 12.103, 11.552, 10.746, 10.204, 10.452, 10.932, 9.877, 8.702, 8.362, 8.253, 7.247, 6.143, 7.662, 7.88, 7.497, 8.114, 8.651, 9.82, 10.848, 11.036, 11.152, 11.095, 11.717, 12.705, 13.452, 13.548, 13.656, 12.612, 9.162, 6.855, 6.896, 8.431, 9.342, 9.116, 8.899, 8.514], [15.02, 13.728, 12.576, 10.27, 7.849, 5.434, 3.263, 1.9, 0.89, 0, 0.71, 1.52, 1.77, 1.63, 1.41, 1.51, 1.87, 2.09, 1.8, 1.63, 1.88, 1.86, 1.97, 2.11, 1.95, 2.807, 4.146, 4.817, 4.266, 4.04, 4.477, 4.568, 3.544, 3.003, 3.12, 3.572, 3.998, 5.431, 7.557, 9.766, 11.839, 13.786, 14.847, 14.931, 15.6, 14.863, 14.749, 13.883, 12.729, 12.717, 12.628, 12.065, 11.224, 10.674, 10.802, 11.248, 10.276, 9.043, 8.769, 8.779, 7.791, 6.696, 8.272, 8.419, 7.97, 8.628, 9.178, 10.325, 11.355, 11.536, 11.628, 11.634, 12.257, 13.216, 13.941, 14.097, 14.113, 13.196, 9.723, 7.312, 7.401, 8.975, 9.847, 9.6, 9.375, 9.014], [14.728, 13.435, 12.253, 9.942, 7.509, 5.071, 2.97, 1.83, 1.22, 0.71, 0, 1.03, 1.36, 1.34, 1.32, 1.36, 1.68, 1.88, 1.73, 1.7, 2.01, 1.89, 1.92, 1.78, 1.62, 2.52, 3.815, 4.484, 3.924, 3.682, 4.158, 4.286, 3.265, 2.75, 2.83, 3.239, 3.655, 5.095, 7.241, 9.467, 11.558, 13.501, 14.551, 14.647, 15.3, 14.553, 14.413, 13.557, 12.419, 12.405, 12.326, 11.752, 10.921, 10.361, 10.501, 10.948, 9.946, 8.738, 8.424, 8.481, 7.502, 6.417, 7.994, 8.142, 7.672, 8.29, 8.826, 9.987, 11.037, 11.179, 11.302, 11.279, 11.927, 12.884, 13.616, 13.8, 13.799, 12.91, 9.444, 6.973, 7.085, 8.676, 9.57, 9.319, 9.085, 8.732], [13.985, 12.662, 11.503, 9.169, 6.783, 4.38, 2.64, 1.7, 1.73, 1.52, 1.03, 0, 0.71, 1.17, 1.37, 1.49, 1.45, 1.73, 1.66, 1.89, 1.94, 1.82, 1.71, 1.27, 1.21, 1.93, 3.22, 3.84, 3.214, 3.015, 3.451, 3.59, 2.66, 2.42, 2.36, 2.75, 3.01, 4.41, 6.515, 8.718, 10.804, 12.756, 13.809, 13.898, 14.55, 13.797, 13.663, 12.809, 11.66, 11.652, 11.576, 11.045, 10.251, 9.674, 9.768, 10.175, 9.193, 7.992, 7.685, 7.734, 6.758, 5.667, 7.255, 7.42, 7.036, 7.619, 8.146, 9.226, 10.287, 10.441, 10.546, 10.526, 11.178, 12.143, 12.849, 13.056, 13.055, 12.172, 8.683, 6.209, 6.333, 7.923, 8.817, 8.564, 8.333, 7.99], [13.511, 12.18, 11.018, 8.687, 6.311, 3.95, 2.29, 1.55, 1.8, 1.77, 1.36, 0.71, 0, 1.0, 1.48, 1.52, 1.24, 1.58, 1.63, 1.94, 1.85, 1.69, 1.6, 1.12, 1.1, 1.74, 2.97, 3.51, 2.85, 2.58, 3.03, 3.16, 2.39, 2.07, 2.01, 2.42, 2.62, 3.92, 6.029, 8.249, 10.331, 12.281, 13.325, 13.42, 14.077, 13.32, 13.189, 12.319, 11.181, 11.172, 11.1, 10.548, 9.755, 9.191, 9.262, 9.69, 8.714, 7.482, 7.195, 7.258, 6.285, 5.18, 6.782, 6.97, 6.62, 7.137, 7.638, 8.8, 9.824, 9.947, 10.103, 10.069, 10.701, 11.667, 12.373, 12.557, 12.57, 11.678, 8.21, 5.747, 5.859, 7.47, 8.339, 8.091, 7.86, 7.517], [13.613, 12.321, 11.164, 8.87, 6.444, 4.05, 2.01, 1.19, 1.3, 1.63, 1.34, 1.17, 1.0, 0, 0.82, 0.92, 0.86, 1.08, 1.07, 1.26, 1.31, 1.21, 1.4, 0.92, 0.8, 1.5, 2.85, 3.47, 2.91, 2.68, 3.11, 3.157, 2.25, 1.73, 1.75, 2.2, 2.68, 4.076, 6.135, 8.362, 10.431, 12.363, 13.43, 13.524, 14.164, 13.459, 13.307, 12.482, 11.375, 11.349, 11.256, 10.797, 10.012, 9.44, 9.667, 10.104, 9.054, 7.887, 7.464, 7.438, 6.447, 5.277, 6.852, 7.013, 6.554, 7.182, 7.801, 8.94, 10.026, 10.192, 10.25, 10.273, 10.904, 11.761, 12.513, 12.762, 12.673, 11.883, 8.371, 5.887, 5.977, 7.591, 8.441, 8.205, 7.965, 7.608], [14.09, 12.764, 11.606, 9.339, 6.969, 4.47, 2.35, 1.23, 1.1, 1.41, 1.32, 1.37, 1.48, 0.82, 0, 0.54, 0.8, 1.06, 0.97, 1.04, 1.11, 1.25, 1.26, 1.2, 1.2, 1.78, 3.13, 3.81, 3.35, 3.04, 3.49, 3.54, 2.71, 2.01, 2.07, 2.52, 3.18, 4.607, 6.553, 8.771, 10.823, 12.767, 13.828, 13.909, 14.599, 13.889, 13.763, 12.963, 11.878, 11.894, 11.784, 11.351, 10.556, 10.005, 10.269, 10.709, 9.674, 8.487, 8.084, 7.982, 6.975, 5.7, 7.325, 7.409, 6.942, 7.636, 8.294, 9.42, 10.52, 10.664, 10.767, 10.781, 11.464, 12.284, 12.993, 13.279, 13.196, 12.34, 8.825, 6.287, 6.381, 7.97, 8.833, 8.633, 8.396, 8.04], [14.142, 12.847, 11.666, 9.419, 7.094, 4.57, 2.43, 1.23, 1.04, 1.51, 1.36, 1.49, 1.52, 0.92, 0.54, 0, 0.62, 1.06, 0.97, 1.0, 1.17, 1.25, 1.32, 1.32, 1.22, 1.8, 3.09, 3.83, 3.45, 3.14, 3.55, 3.503, 2.75, 1.99, 2.11, 2.6, 3.32, 4.727, 6.633, 8.737, 10.807, 12.75, 13.817, 13.895, 14.576, 13.898, 13.743, 13.046, 11.944, 11.959, 11.829, 11.397, 10.621, 10.105, 10.369, 10.809, 9.774, 8.587, 8.184, 8.048, 7.024, 5.709, 7.353, 7.455, 6.957, 7.623, 8.335, 9.42, 10.589, 10.729, 10.848, 10.823, 11.504, 12.333, 13.023, 13.345, 13.296, 12.386, 8.85, 6.328, 6.465, 7.989, 8.866, 8.686, 8.429, 8.064], [13.646, 12.385, 11.22, 8.97, 6.66, 4.11, 2.03, 1.07, 1.3, 1.87, 1.68, 1.45, 1.24, 0.86, 0.8, 0.62, 0, 0.88, 1.01, 1.2, 1.19, 1.11, 1.26, 1.1, 1.04, 1.42, 2.69, 3.35, 2.99, 2.68, 3.15, 3.018, 2.31, 1.65, 1.65, 2.18, 2.92, 4.32, 6.16, 8.247, 10.261, 12.216, 13.324, 13.398, 14.102, 13.437, 13.298, 12.6, 11.485, 11.464, 11.351, 10.918, 10.141, 9.605, 9.92, 10.38, 9.35, 8.18, 7.76, 7.587, 6.529, 5.218, 6.853, 7.001, 6.46, 7.115, 7.86, 8.88, 10.1, 10.3, 10.388, 10.31, 10.99, 11.87, 12.58, 12.866, 12.85, 11.851, 8.354, 5.87, 5.988, 7.495, 8.394, 8.209, 7.966, 7.566], [13.4, 12.07, 10.88, 8.67, 6.4, 3.87, 1.77, 1.17, 1.56, 2.09, 1.88, 1.73, 1.58, 1.08, 1.06, 1.06, 0.88, 0, 0.79, 1.06, 0.89, 0.87, 1.06, 1.12, 1.28, 1.3, 2.47, 3.11, 2.89, 2.62, 2.97, 2.96, 2.09, 1.49, 1.51, 2.04, 2.8, 4.08, 5.94, 8.116, 10.12, 12.066, 13.141, 13.265, 13.867, 13.16, 13.0, 12.3, 11.19, 11.19, 11.08, 10.64, 9.85, 9.35, 9.64, 10.06, 9.05, 7.94, 7.44, 7.27, 6.3, 5.036, 6.675, 6.79, 6.26, 6.88, 7.58, 8.72, 9.86, 9.98, 10.11, 10.11, 10.73, 11.57, 12.26, 12.56, 12.53, 11.67, 8.131, 5.63, 5.77, 7.327, 8.19, 7.92, 7.68, 7.291], [13.712, 12.44, 11.43, 9.14, 6.75, 4.3, 2.02, 1.12, 1.33, 1.8, 1.73, 1.66, 1.63, 1.07, 0.97, 0.97, 1.01, 0.79, 0, 0.63, 0.62, 0.58, 0.97, 1.25, 1.33, 1.59, 2.92, 3.58, 3.38, 3.17, 3.4, 3.33, 2.36, 1.94, 2.0, 2.51, 3.21, 4.43, 6.29, 8.432, 10.501, 12.442, 13.583, 13.623, 14.327, 13.63, 13.51, 12.63, 11.5, 11.46, 11.37, 10.91, 10.12, 9.64, 9.93, 10.31, 9.28, 8.21, 7.69, 7.578, 6.544, 5.4, 6.965, 7.12, 6.71, 7.35, 8.01, 9.17, 10.23, 10.41, 10.46, 10.48, 11.06, 11.96, 12.67, 12.845, 12.9, 11.931, 8.404, 6.2, 6.14, 7.702, 8.565, 8.311, 8.088, 7.719], [14.057, 12.793, 11.675, 9.492, 7.139, 4.67, 2.43, 1.25, 1.18, 1.63, 1.7, 1.89, 1.94, 1.26, 1.04, 1.0, 1.2, 1.06, 0.63, 0, 0.65, 0.71, 1.22, 1.66, 1.5, 1.92, 3.23, 3.95, 3.75, 3.48, 3.67, 3.64, 2.77, 2.29, 2.31, 2.78, 3.6, 4.82, 6.59, 8.764, 10.796, 12.757, 13.796, 13.876, 14.551, 13.895, 13.763, 12.935, 11.845, 11.845, 11.732, 11.306, 10.532, 10.058, 10.319, 10.67, 9.643, 8.576, 8.019, 7.94, 6.91, 5.65, 7.26, 7.41, 7.019, 7.695, 8.345, 9.488, 10.642, 10.731, 10.795, 10.875, 11.442, 12.296, 12.903, 13.191, 13.187, 12.246, 8.671, 6.469, 6.469, 8.009, 8.818, 8.615, 8.368, 7.996], [13.641, 12.463, 11.445, 9.222, 6.809, 4.34, 2.18, 1.08, 1.31, 1.88, 2.01, 1.94, 1.85, 1.31, 1.11, 1.17, 1.19, 0.89, 0.62, 0.65, 0, 0.52, 0.95, 1.53, 1.59, 1.61, 2.9, 3.58, 3.48, 3.21, 3.44, 3.35, 2.5, 2.04, 2.04, 2.51, 3.25, 4.49, 6.223, 8.414, 10.461, 12.413, 13.543, 13.566, 14.275, 13.625, 13.479, 12.605, 11.455, 11.435, 11.305, 10.882, 10.122, 9.648, 9.989, 10.337, 9.293, 8.246, 7.709, 7.564, 6.491, 5.34, 6.902, 7.06, 6.709, 7.345, 7.975, 9.158, 10.252, 10.372, 10.445, 10.465, 11.052, 11.909, 12.636, 12.787, 12.877, 11.856, 8.361, 6.179, 6.099, 7.645, 8.508, 8.311, 8.078, 7.666], [13.607, 12.363, 11.365, 9.122, 6.689, 4.259, 2.0, 1.06, 1.37, 1.86, 1.89, 1.82, 1.69, 1.21, 1.25, 1.25, 1.11, 0.87, 0.58, 0.71, 0.52, 0, 0.83, 1.43, 1.51, 1.53, 2.84, 3.54, 3.34, 3.09, 3.34, 3.29, 2.32, 1.92, 1.92, 2.45, 3.09, 4.31, 6.203, 8.281, 10.392, 12.356, 13.448, 13.506, 14.178, 13.545, 13.419, 12.545, 11.435, 11.335, 11.225, 10.762, 9.982, 9.528, 9.808, 10.127, 9.113, 8.066, 7.529, 7.363, 6.36, 5.28, 6.805, 7.02, 6.688, 7.345, 7.895, 9.138, 10.192, 10.332, 10.365, 10.385, 10.912, 11.829, 12.556, 12.699, 12.737, 11.78, 8.301, 6.139, 6.079, 7.639, 8.448, 8.174, 7.954, 7.578], [13.31, 12.099, 10.975, 8.709, 6.279, 3.826, 1.61, 0.85, 1.42, 1.97, 1.92, 1.71, 1.6, 1.4, 1.26, 1.32, 1.26, 1.06, 0.97, 1.22, 0.95, 0.83, 0, 1.1, 1.38, 1.3, 2.49, 3.089, 2.881, 2.64, 2.903, 2.894, 1.93, 1.51, 1.59, 1.98, 2.62, 3.88, 5.867, 7.999, 10.082, 12.04, 13.147, 13.179, 13.889, 13.207, 13.076, 12.206, 11.036, 11.001, 10.92, 10.397, 9.585, 9.058, 9.335, 9.774, 8.72, 7.576, 7.147, 7.093, 6.068, 4.979, 6.542, 6.71, 6.273, 6.95, 7.485, 8.708, 9.742, 9.819, 9.935, 9.935, 10.536, 11.499, 12.245, 12.394, 12.439, 11.451, 8.004, 5.709, 5.72, 7.275, 8.13, 7.959, 7.719, 7.327], [13.141, 11.792, 10.673, 8.369, 5.943, 3.569, 1.61, 1.25, 1.84, 2.11, 1.78, 1.27, 1.12, 0.92, 1.2, 1.32, 1.1, 1.12, 1.25, 1.66, 1.53, 1.43, 1.1, 0, 0.68, 1.08, 2.25, 2.93, 2.41, 2.22, 2.567, 2.7, 1.73, 1.29, 1.31, 1.7, 2.18, 3.556, 5.618, 7.845, 9.897, 11.862, 12.894, 12.997, 13.676, 12.964, 12.795, 12.025, 10.955, 10.943, 10.83, 10.356, 9.569, 9.003, 9.152, 9.551, 8.537, 7.376, 6.987, 6.948, 5.98, 4.782, 6.393, 6.477, 6.08, 6.728, 7.398, 8.508, 9.603, 9.755, 9.833, 9.865, 10.473, 11.338, 12.061, 12.303, 12.218, 11.402, 7.895, 5.41, 5.459, 7.054, 7.911, 7.655, 7.459, 7.113], [13.411, 11.953, 10.793, 8.482, 6.147, 3.969, 1.93, 1.19, 1.7, 1.95, 1.62, 1.21, 1.1, 0.8, 1.2, 1.22, 1.04, 1.28, 1.33, 1.5, 1.59, 1.51, 1.38, 0.68, 0, 1.18, 2.53, 3.19, 2.55, 2.36, 2.69, 2.88, 1.91, 1.55, 1.47, 1.86, 2.44, 3.8, 5.9, 8.004, 10.097, 12.005, 13.054, 13.175, 13.815, 13.067, 12.968, 12.285, 11.195, 11.183, 11.083, 10.616, 9.809, 9.263, 9.417, 9.811, 8.777, 7.636, 7.227, 7.212, 6.253, 5.008, 6.67, 6.697, 6.189, 6.899, 7.664, 8.731, 9.824, 10.041, 10.094, 10.137, 10.74, 11.58, 12.267, 12.566, 12.472, 11.678, 8.138, 5.542, 5.645, 7.199, 8.096, 7.818, 7.587, 7.249], [12.528, 11.163, 10.059, 7.829, 5.479, 3.029, 1.21, 1.23, 2.26, 2.807, 2.52, 1.93, 1.74, 1.5, 1.78, 1.8, 1.42, 1.3, 1.59, 1.92, 1.61, 1.53, 1.3, 1.08, 1.18, 0, 1.47, 2.21, 2.11, 1.9, 2.11, 2.14, 1.33, 1.09, 0.87, 1.18, 1.86, 3.14, 4.96, 7.062, 9.214, 11.101, 12.21, 12.302, 12.94, 12.236, 12.167, 11.473, 10.366, 10.326, 10.213, 9.75, 9.006, 8.49, 8.819, 9.207, 8.183, 7.116, 6.593, 6.394, 5.371, 4.119, 5.755, 5.81, 5.336, 6.096, 6.802, 7.908, 9.082, 9.219, 9.272, 9.289, 9.906, 10.723, 11.433, 11.714, 11.697, 10.773, 7.238, 4.809, 4.81, 6.31, 7.215, 7.014, 6.757, 6.387], [11.414, 10.073, 8.829, 6.679, 4.489, 1.98, 1.36, 2.62, 3.621, 4.146, 3.815, 3.22, 2.97, 2.85, 3.13, 3.09, 2.69, 2.47, 2.92, 3.23, 2.9, 2.84, 2.49, 2.25, 2.53, 1.47, 0, 1.04, 1.3, 1.55, 1.3, 1.27, 1.02, 1.56, 1.4, 1.07, 1.05, 2.19, 3.91, 5.891, 7.938, 9.785, 10.992, 11.032, 11.684, 10.986, 10.98, 10.423, 9.316, 9.296, 9.143, 8.78, 7.956, 7.5, 7.869, 8.24, 7.233, 6.166, 5.623, 5.407, 4.334, 2.92, 4.577, 4.66, 4.126, 4.926, 5.772, 6.858, 8.092, 8.229, 8.282, 8.299, 8.916, 9.733, 10.323, 10.651, 10.707, 9.624, 6.028, 3.659, 3.78, 5.02, 5.92, 5.694, 5.45, 5.064], [10.568, 9.227, 8.046, 5.856, 3.566, 1.18, 1.78, 3.285, 4.309, 4.817, 4.484, 3.84, 3.51, 3.47, 3.81, 3.83, 3.35, 3.11, 3.58, 3.95, 3.58, 3.54, 3.089, 2.93, 3.19, 2.21, 1.04, 0, 1.18, 1.81, 1.48, 1.21, 1.64, 2.14, 2.0, 1.65, 1.37, 1.43, 3.01, 5.075, 7.17, 9.059, 10.224, 10.289, 10.96, 10.277, 10.197, 9.557, 8.39, 8.367, 8.257, 7.877, 7.03, 6.54, 6.906, 7.317, 6.3, 5.19, 4.69, 4.501, 3.445, 2.22, 3.87, 3.84, 3.35, 4.06, 4.83, 5.97, 7.129, 7.286, 7.34, 7.36, 7.97, 8.827, 9.514, 9.764, 9.784, 8.806, 5.255, 2.78, 2.9, 4.36, 5.26, 4.99, 4.765, 4.385], [11.17, 9.665, 8.432, 6.141, 3.874, 1.68, 1.72, 2.92, 3.971, 4.266, 3.924, 3.214, 2.85, 2.91, 3.35, 3.45, 2.99, 2.89, 3.38, 3.75, 3.48, 3.34, 2.881, 2.41, 2.55, 2.11, 1.3, 1.18, 0, 1.01, 0.98, 0.95, 1.3, 1.7, 1.64, 1.51, 1.31, 1.69, 3.59, 5.752, 7.736, 9.637, 10.678, 10.876, 11.422, 10.758, 10.612, 10.028, 8.964, 8.976, 8.863, 8.42, 7.619, 7.067, 7.257, 7.674, 6.64, 5.49, 5.05, 5.039, 4.06, 2.82, 4.49, 4.48, 3.93, 4.594, 5.41, 6.47, 7.583, 7.717, 7.844, 7.867, 8.53, 9.353, 9.972, 10.342, 10.248, 9.414, 5.839, 3.1, 3.384, 4.884, 5.693, 5.432, 5.212, 4.909], [11.615, 10.137, 8.839, 6.561, 4.5, 2.37, 1.81, 2.65, 3.645, 4.04, 3.682, 3.015, 2.58, 2.68, 3.04, 3.14, 2.68, 2.62, 3.17, 3.48, 3.21, 3.09, 2.64, 2.22, 2.36, 1.9, 1.55, 1.81, 1.01, 0, 0.87, 1.32, 1.55, 1.75, 1.65, 1.56, 1.64, 2.3, 4.14, 6.28, 8.192, 10.053, 11.114, 11.312, 11.83, 11.146, 11.055, 10.482, 9.42, 9.422, 9.309, 8.864, 8.078, 7.525, 7.774, 8.229, 7.181, 6.02, 5.589, 5.501, 4.519, 3.185, 4.921, 4.95, 4.44, 5.12, 5.92, 6.94, 8.06, 8.224, 8.325, 8.354, 9.05, 9.826, 10.444, 10.786, 10.703, 9.85, 6.275, 3.55, 3.863, 5.24, 5.914, 5.788, 5.576, 5.238], [11.025, 9.572, 8.302, 6.22, 4.05, 2.18, 1.76, 2.996, 4.129, 4.477, 4.158, 3.451, 3.03, 3.11, 3.49, 3.55, 3.15, 2.97, 3.4, 3.67, 3.44, 3.34, 2.903, 2.567, 2.69, 2.11, 1.3, 1.48, 0.98, 0.87, 0, 0.87, 1.22, 1.82, 1.8, 1.53, 1.53, 1.95, 3.69, 5.73, 7.66, 9.425, 10.501, 10.69, 11.243, 10.622, 10.457, 9.904, 8.852, 8.894, 8.79, 8.34, 7.62, 7.26, 7.269, 7.619, 6.569, 5.463, 5.006, 4.931, 3.932, 2.64, 4.317, 4.3, 3.93, 4.49, 5.59, 6.71, 7.71, 7.91, 7.94, 8.02, 8.6, 9.27, 9.858, 10.263, 10.124, 9.263, 5.674, 3.04, 3.34, 4.82, 5.467, 5.283, 5.09, 4.81], [10.794, 9.504, 8.346, 6.15, 3.96, 1.79, 1.71, 2.987, 4.044, 4.568, 4.286, 3.59, 3.16, 3.157, 3.54, 3.503, 3.018, 2.96, 3.33, 3.64, 3.35, 3.29, 2.894, 2.7, 2.88, 2.14, 1.27, 1.21, 0.95, 1.32, 0.87, 0, 1.27, 1.99, 1.85, 1.62, 1.52, 1.84, 3.38, 5.46, 7.36, 9.258, 10.348, 10.423, 11.13, 10.514, 10.391, 9.717, 8.633, 8.641, 8.534, 8.094, 7.35, 6.89, 7.152, 7.571, 6.537, 5.433, 4.944, 4.756, 3.698, 2.29, 4.06, 4.11, 3.72, 4.28, 5.16, 6.22, 7.4, 7.54, 7.65, 7.59, 8.21, 9.064, 9.634, 10.037, 10.039, 8.982, 5.364, 3.026, 3.169, 4.55, 5.421, 5.254, 5.018, 4.618], [11.589, 10.273, 9.17, 6.88, 4.53, 2.34, 0.94, 2.1, 3.15, 3.544, 3.265, 2.66, 2.39, 2.25, 2.71, 2.75, 2.31, 2.09, 2.36, 2.77, 2.5, 2.32, 1.93, 1.73, 1.91, 1.33, 1.02, 1.64, 1.3, 1.55, 1.22, 1.27, 0, 1.1, 0.98, 0.81, 1.13, 2.33, 4.21, 6.291, 8.384, 10.285, 11.329, 11.469, 12.103, 11.435, 11.253, 10.49, 9.42, 9.4, 9.288, 8.81, 8.02, 7.6, 7.73, 8.11, 7.08, 5.99, 5.49, 5.407, 4.42, 3.26, 4.843, 4.969, 4.55, 5.17, 5.91, 7.09, 8.09, 8.29, 8.34, 8.38, 8.92, 9.8, 10.476, 10.757, 10.7, 9.826, 6.304, 3.96, 3.96, 5.56, 6.391, 6.132, 5.892, 5.543], [12.443, 10.991, 9.795, 7.517, 5.214, 2.92, 0.92, 1.62, 2.53, 3.003, 2.75, 2.42, 2.07, 1.73, 2.01, 1.99, 1.65, 1.49, 1.94, 2.29, 2.04, 1.92, 1.51, 1.29, 1.55, 1.09, 1.56, 2.14, 1.7, 1.75, 1.82, 1.99, 1.1, 0, 0.56, 0.83, 1.49, 2.85, 4.868, 7.014, 9.064, 10.977, 12.046, 12.199, 12.781, 12.095, 11.955, 11.312, 10.225, 10.199, 10.106, 9.647, 8.862, 8.32, 8.537, 8.974, 7.924, 6.763, 6.334, 6.29, 5.297, 4.035, 5.702, 5.726, 5.176, 5.852, 6.631, 7.77, 8.836, 9.03, 9.101, 9.107, 9.754, 10.611, 11.303, 11.592, 11.506, 10.713, 7.167, 4.489, 4.667, 6.243, 7.081, 6.81, 6.57, 6.247], [12.26, 10.815, 9.654, 7.367, 5.09, 2.76, 0.96, 1.58, 2.617, 3.12, 2.83, 2.36, 2.01, 1.75, 2.07, 2.11, 1.65, 1.51, 2.0, 2.31, 2.04, 1.92, 1.59, 1.31, 1.47, 0.87, 1.4, 2.0, 1.64, 1.65, 1.8, 1.85, 0.98, 0.56, 0, 0.65, 1.43, 2.79, 4.71, 6.851, 8.953, 10.836, 11.943, 12.038, 12.662, 11.931, 11.871, 11.157, 10.064, 10.067, 9.957, 9.517, 8.71, 8.16, 8.437, 8.874, 7.84, 6.69, 6.25, 6.141, 5.154, 3.866, 5.525, 5.558, 5.03, 5.76, 6.49, 7.57, 8.683, 8.87, 8.95, 8.97, 9.64, 10.464, 11.154, 11.432, 11.364, 10.53, 6.99, 4.36, 4.5, 6.04, 6.947, 6.65, 6.416, 6.082], [11.85, 10.428, 9.167, 6.9, 4.66, 2.43, 1.01, 2.01, 3.125, 3.572, 3.239, 2.75, 2.42, 2.2, 2.52, 2.6, 2.18, 2.04, 2.51, 2.78, 2.51, 2.45, 1.98, 1.7, 1.86, 1.18, 1.07, 1.65, 1.51, 1.56, 1.53, 1.62, 0.81, 0.83, 0.65, 0, 0.94, 2.38, 4.26, 6.378, 8.553, 10.443, 11.544, 11.636, 12.202, 11.453, 11.444, 10.71, 9.62, 9.625, 9.513, 9.09, 8.305, 7.75, 8.03, 8.467, 7.43, 6.28, 5.84, 5.725, 4.733, 3.45, 5.1, 5.13, 4.62, 5.353, 6.036, 7.111, 8.276, 8.454, 8.483, 8.541, 9.217, 10.017, 10.707, 11.015, 10.917, 10.12, 6.565, 3.97, 4.07, 5.567, 6.444, 6.235, 5.992, 5.609], [11.278, 9.859, 8.677, 6.357, 3.987, 1.79, 1.29, 2.69, 3.615, 3.998, 3.655, 3.01, 2.62, 2.68, 3.18, 3.32, 2.92, 2.8, 3.21, 3.6, 3.25, 3.09, 2.62, 2.18, 2.44, 1.86, 1.05, 1.37, 1.31, 1.64, 1.53, 1.52, 1.13, 1.49, 1.43, 0.94, 0, 1.56, 3.7, 5.877, 8.056, 9.958, 11.064, 11.154, 11.716, 10.943, 10.932, 10.118, 9.031, 8.997, 8.904, 8.427, 7.64, 7.063, 7.264, 7.707, 6.67, 5.48, 5.14, 5.043, 4.09, 2.967, 4.54, 4.63, 4.2, 4.834, 5.424, 6.552, 7.655, 7.827, 7.891, 7.877, 8.52, 9.411, 10.172, 10.418, 10.314, 9.548, 6.065, 3.479, 3.55, 5.107, 6.004, 5.717, 5.492, 5.137], [9.778, 8.385, 7.237, 4.912, 2.52, 0.83, 2.51, 4.069, 5.06, 5.431, 5.095, 4.41, 3.92, 4.076, 4.607, 4.727, 4.32, 4.08, 4.43, 4.82, 4.49, 4.31, 3.88, 3.556, 3.8, 3.14, 2.19, 1.43, 1.69, 2.3, 1.95, 1.84, 2.33, 2.85, 2.79, 2.38, 1.56, 0, 2.2, 4.44, 6.573, 8.514, 9.601, 9.676, 10.282, 9.503, 9.432, 8.618, 7.571, 7.514, 7.404, 6.933, 6.15, 5.61, 5.78, 6.2, 5.15, 4.04, 3.6, 3.57, 2.6, 1.65, 3.12, 3.21, 2.84, 3.454, 3.98, 5.188, 6.242, 6.351, 6.475, 6.435, 7.023, 7.911, 8.672, 8.933, 8.811, 8.048, 4.622, 2.27, 2.29, 3.87, 4.77, 4.44, 4.18, 3.74], [7.658, 6.363, 5.299, 3.17, 0.96, 2.29, 4.43, 5.98, 7.077, 7.557, 7.241, 6.515, 6.029, 6.135, 6.553, 6.633, 6.16, 5.94, 6.29, 6.59, 6.223, 6.203, 5.867, 5.618, 5.9, 4.96, 3.91, 3.01, 3.59, 4.14, 3.69, 3.38, 4.21, 4.868, 4.71, 4.26, 3.7, 2.2, 0, 2.36, 4.41, 6.334, 7.422, 7.51, 8.151, 7.479, 7.399, 6.602, 5.549, 5.55, 5.422, 4.98, 4.31, 3.89, 4.1, 4.4, 3.35, 2.44, 1.96, 2.03, 1.72, 1.95, 1.7, 1.43, 1.22, 1.52, 2.24, 3.3, 4.388, 4.531, 4.618, 4.621, 5.098, 5.892, 6.579, 6.899, 6.837, 5.92, 2.69, 1.65, 1.57, 2.29, 2.83, 2.48, 2.2, 1.76], [5.753, 4.563, 3.519, 1.55, 2.08, 4.511, 6.632, 8.151, 9.164, 9.766, 9.467, 8.718, 8.249, 8.362, 8.771, 8.737, 8.247, 8.116, 8.432, 8.764, 8.414, 8.281, 7.999, 7.845, 8.004, 7.062, 5.891, 5.075, 5.752, 6.28, 5.73, 5.46, 6.291, 7.014, 6.851, 6.378, 5.877, 4.44, 2.36, 0, 2.23, 4.14, 5.37, 5.37, 6.11, 5.66, 5.56, 4.98, 3.85, 3.77, 3.64, 3.22, 2.55, 2.43, 2.6, 2.78, 2.75, 2.8, 2.62, 2.73, 2.88, 3.67, 2.92, 2.13, 2.38, 1.8, 1.66, 1.68, 2.771, 2.994, 3.001, 2.981, 3.446, 4.175, 4.819, 4.979, 5.063, 3.851, 1.93, 3.35, 2.77, 2.57, 2.07, 1.72, 1.66, 1.7], [3.866, 2.716, 1.67, 2.04, 4.176, 6.558, 8.681, 10.167, 11.254, 11.839, 11.558, 10.804, 10.331, 10.431, 10.823, 10.807, 10.261, 10.12, 10.501, 10.796, 10.461, 10.392, 10.082, 9.897, 10.097, 9.214, 7.938, 7.17, 7.736, 8.192, 7.66, 7.36, 8.384, 9.064, 8.953, 8.553, 8.056, 6.573, 4.41, 2.23, 0, 2.05, 3.26, 3.4, 4.12, 3.789, 3.55, 3.07, 1.98, 2.0, 1.87, 2.05, 2.26, 2.34, 2.51, 2.65, 3.12, 3.61, 3.77, 3.92, 4.55, 5.34, 4.31, 3.74, 4.13, 3.39, 2.91, 1.95, 1.61, 1.75, 1.72, 1.68, 2.0, 2.42, 2.889, 3.129, 3.193, 2.1, 3.04, 4.94, 4.54, 3.42, 3.0, 2.73, 2.77, 3.13], [2.34, 1.53, 1.84, 3.75, 6.086, 8.501, 10.628, 12.1, 13.187, 13.786, 13.501, 12.756, 12.281, 12.363, 12.767, 12.75, 12.216, 12.066, 12.442, 12.757, 12.413, 12.356, 12.04, 11.862, 12.005, 11.101, 9.785, 9.059, 9.637, 10.053, 9.425, 9.258, 10.285, 10.977, 10.836, 10.443, 9.958, 8.514, 6.334, 4.14, 2.05, 0, 1.49, 1.71, 2.39, 2.14, 2.0, 1.62, 1.71, 1.63, 1.56, 2.18, 2.81, 3.29, 3.22, 3.06, 3.99, 4.922, 5.222, 5.23, 6.24, 7.177, 6.005, 5.404, 5.9, 5.3, 4.8, 3.7, 2.86, 2.78, 2.71, 2.65, 2.77, 2.21, 1.76, 1.9, 1.69, 1.43, 4.29, 6.61, 6.464, 4.93, 4.21, 4.34, 4.54, 4.94], [1.53, 1.86, 2.51, 4.857, 7.193, 9.577, 11.7, 13.243, 14.369, 14.847, 14.551, 13.809, 13.325, 13.43, 13.828, 13.817, 13.324, 13.141, 13.583, 13.796, 13.543, 13.448, 13.147, 12.894, 13.054, 12.21, 10.992, 10.224, 10.678, 11.114, 10.501, 10.348, 11.329, 12.046, 11.943, 11.544, 11.064, 9.601, 7.422, 5.37, 3.26, 1.49, 0, 0.88, 1.38, 1.33, 1.21, 1.49, 2.32, 2.42, 2.43, 3.01, 3.8, 4.36, 4.27, 4.15, 5.14, 6.03, 6.33, 6.32, 7.29, 8.263, 7.215, 6.512, 6.99, 6.361, 5.858, 4.77, 3.77, 3.69, 3.5, 3.54, 3.32, 2.54, 1.71, 1.55, 1.34, 2.44, 5.4, 7.663, 7.532, 6.06, 5.32, 5.45, 5.67, 6.09], [1.31, 1.94, 2.75, 4.94, 7.267, 9.64, 11.778, 13.25, 14.366, 14.931, 14.647, 13.898, 13.42, 13.524, 13.909, 13.895, 13.398, 13.265, 13.623, 13.876, 13.566, 13.506, 13.179, 12.997, 13.175, 12.302, 11.032, 10.289, 10.876, 11.312, 10.69, 10.423, 11.469, 12.199, 12.038, 11.636, 11.154, 9.676, 7.51, 5.37, 3.4, 1.71, 0.88, 0, 1.14, 0.93, 0.99, 1.49, 2.4, 2.44, 2.49, 3.01, 3.84, 4.4, 4.31, 4.19, 5.14, 6.09, 6.35, 6.34, 7.43, 8.304, 7.315, 6.546, 7.11, 6.487, 5.91, 4.81, 3.85, 3.79, 3.58, 3.64, 3.44, 2.64, 1.75, 1.45, 1.26, 2.52, 5.5, 7.84, 7.606, 6.12, 5.5, 5.69, 5.89, 6.27], [1.61, 2.26, 3.15, 5.5, 7.853, 10.308, 12.45, 14.0, 15.117, 15.6, 15.3, 14.55, 14.077, 14.164, 14.599, 14.576, 14.102, 13.867, 14.327, 14.551, 14.275, 14.178, 13.889, 13.676, 13.815, 12.94, 11.684, 10.96, 11.422, 11.83, 11.243, 11.13, 12.103, 12.781, 12.662, 12.202, 11.716, 10.282, 8.151, 6.11, 4.12, 2.39, 1.38, 1.14, 0, 0.87, 0.99, 1.91, 2.98, 3.04, 3.11, 3.67, 4.54, 5.1, 4.97, 4.67, 5.68, 6.701, 7.001, 7.02, 8.09, 9.104, 8.115, 7.284, 7.71, 7.07, 6.569, 5.47, 4.47, 4.37, 4.2, 4.24, 3.88, 3.08, 2.21, 1.87, 1.74, 3.18, 6.38, 8.404, 8.272, 6.824, 6.16, 6.17, 6.37, 6.806], [1.38, 1.75, 2.46, 4.69, 7.114, 9.588, 11.698, 13.301, 14.418, 14.863, 14.553, 13.797, 13.32, 13.459, 13.889, 13.898, 13.437, 13.16, 13.63, 13.895, 13.625, 13.545, 13.207, 12.964, 13.067, 12.236, 10.986, 10.277, 10.758, 11.146, 10.622, 10.514, 11.435, 12.095, 11.931, 11.453, 10.943, 9.503, 7.479, 5.66, 3.789, 2.14, 1.33, 0.93, 0.87, 0, 0.48, 1.2, 2.25, 2.35, 2.4, 2.98, 3.81, 4.37, 4.2, 4.1, 5.05, 5.968, 6.32, 6.41, 7.6, 8.529, 7.705, 6.629, 7.04, 6.44, 5.84, 4.78, 3.76, 3.68, 3.49, 3.59, 3.27, 2.45, 1.66, 1.44, 1.29, 2.81, 6.01, 7.731, 7.569, 6.189, 5.795, 5.756, 5.936, 6.359], [1.34, 1.67, 2.44, 4.69, 7.043, 9.47, 11.616, 13.189, 14.309, 14.749, 14.413, 13.663, 13.189, 13.307, 13.763, 13.743, 13.298, 13.0, 13.51, 13.763, 13.479, 13.419, 13.076, 12.795, 12.968, 12.167, 10.98, 10.197, 10.612, 11.055, 10.457, 10.391, 11.253, 11.955, 11.871, 11.444, 10.932, 9.432, 7.399, 5.56, 3.55, 2.0, 1.21, 0.99, 0.99, 0.48, 0, 1.16, 2.15, 2.27, 2.3, 2.8, 3.71, 4.25, 4.06, 3.96, 4.93, 5.84, 6.16, 6.27, 7.46, 8.406, 7.565, 6.515, 6.98, 6.26, 5.7, 4.66, 3.64, 3.54, 3.37, 3.45, 3.13, 2.27, 1.5, 1.38, 1.19, 2.71, 5.89, 7.63, 7.466, 6.186, 5.69, 5.64, 5.82, 6.28], [1.38, 0.95, 1.84, 4.01, 6.26, 8.65, 10.757, 12.266, 13.4, 13.883, 13.557, 12.809, 12.319, 12.482, 12.963, 13.046, 12.6, 12.3, 12.63, 12.935, 12.605, 12.545, 12.206, 12.025, 12.285, 11.473, 10.423, 9.557, 10.028, 10.482, 9.904, 9.717, 10.49, 11.312, 11.157, 10.71, 10.118, 8.618, 6.602, 4.98, 3.07, 1.62, 1.49, 1.49, 1.91, 1.2, 1.16, 0, 1.27, 1.39, 1.6, 2.32, 2.99, 3.39, 3.18, 3.18, 4.03, 4.96, 5.28, 5.47, 6.68, 7.692, 6.825, 5.852, 6.36, 5.64, 4.84, 3.8, 2.72, 2.62, 2.43, 2.55, 2.27, 1.51, 0.92, 1.0, 0.91, 1.93, 5.15, 6.977, 6.729, 5.589, 5.215, 5.179, 5.379, 5.802], [2.35, 1.32, 1.09, 3.0, 5.15, 7.56, 9.664, 11.09, 12.208, 12.729, 12.419, 11.66, 11.181, 11.375, 11.878, 11.944, 11.485, 11.19, 11.5, 11.845, 11.455, 11.435, 11.036, 10.955, 11.195, 10.366, 9.316, 8.39, 8.964, 9.42, 8.852, 8.633, 9.42, 10.225, 10.064, 9.62, 9.031, 7.571, 5.549, 3.85, 1.98, 1.71, 2.32, 2.4, 2.98, 2.25, 2.15, 1.27, 0, 0.62, 0.93, 1.53, 2.12, 2.46, 2.39, 2.73, 3.4, 4.05, 4.35, 4.54, 5.51, 6.619, 5.675, 4.739, 5.31, 4.51, 3.69, 2.75, 1.69, 1.61, 1.42, 1.54, 1.5, 1.24, 1.41, 1.59, 1.66, 1.58, 4.14, 5.98, 5.619, 4.56, 4.3, 4.09, 4.31, 4.73], [2.35, 1.4, 1.19, 3.02, 5.15, 7.57, 9.647, 11.102, 12.179, 12.717, 12.405, 11.652, 11.172, 11.349, 11.894, 11.959, 11.464, 11.19, 11.46, 11.845, 11.435, 11.335, 11.001, 10.943, 11.183, 10.326, 9.296, 8.367, 8.976, 9.422, 8.894, 8.641, 9.4, 10.199, 10.067, 9.625, 8.997, 7.514, 5.55, 3.77, 2.0, 1.63, 2.42, 2.44, 3.04, 2.35, 2.27, 1.39, 0.62, 0, 0.67, 1.35, 1.92, 2.32, 2.27, 2.43, 3.22, 3.93, 4.23, 4.32, 5.37, 6.582, 5.632, 4.722, 5.31, 4.53, 3.67, 2.75, 1.71, 1.81, 1.6, 1.46, 1.54, 1.48, 1.51, 1.65, 1.7, 1.62, 4.02, 6.0, 5.639, 4.5, 4.18, 4.09, 4.31, 4.71], [2.44, 1.69, 1.4, 2.89, 5.04, 7.454, 9.537, 10.997, 12.103, 12.628, 12.326, 11.576, 11.1, 11.256, 11.784, 11.829, 11.351, 11.08, 11.37, 11.732, 11.305, 11.225, 10.92, 10.83, 11.083, 10.213, 9.143, 8.257, 8.863, 9.309, 8.79, 8.534, 9.288, 10.106, 9.957, 9.513, 8.904, 7.404, 5.422, 3.64, 1.87, 1.56, 2.43, 2.49, 3.11, 2.4, 2.3, 1.6, 0.93, 0.67, 0, 0.98, 1.59, 2.11, 2.0, 2.24, 3.09, 3.76, 4.08, 4.25, 5.36, 6.455, 5.548, 4.578, 5.2, 4.42, 3.56, 2.62, 1.64, 1.84, 1.67, 1.49, 1.77, 1.71, 1.78, 1.76, 1.75, 1.61, 3.93, 5.89, 5.506, 4.341, 4.049, 3.98, 4.16, 4.565], [3.24, 2.47, 2.08, 2.49, 4.58, 7.01, 9.097, 10.532, 11.552, 12.065, 11.752, 11.045, 10.548, 10.797, 11.351, 11.397, 10.918, 10.64, 10.91, 11.306, 10.882, 10.762, 10.397, 10.356, 10.616, 9.75, 8.78, 7.877, 8.42, 8.864, 8.34, 8.094, 8.81, 9.647, 9.517, 9.09, 8.427, 6.933, 4.98, 3.22, 2.05, 2.18, 3.01, 3.01, 3.67, 2.98, 2.8, 2.32, 1.53, 1.35, 0.98, 0, 0.97, 1.45, 1.52, 1.68, 2.61, 3.3, 3.6, 3.81, 4.92, 6.075, 5.168, 4.218, 4.76, 4.02, 3.16, 2.4, 1.88, 2.34, 2.19, 2.03, 2.37, 2.39, 2.54, 2.44, 2.43, 2.13, 3.59, 5.45, 5.066, 3.97, 3.63, 3.56, 3.74, 4.16], [3.97, 3.1, 2.51, 1.94, 3.83, 6.22, 8.29, 9.747, 10.746, 11.224, 10.921, 10.251, 9.755, 10.012, 10.556, 10.621, 10.141, 9.85, 10.12, 10.532, 10.122, 9.982, 9.585, 9.569, 9.809, 9.006, 7.956, 7.03, 7.619, 8.078, 7.62, 7.35, 8.02, 8.862, 8.71, 8.305, 7.64, 6.15, 4.31, 2.55, 2.26, 2.81, 3.8, 3.84, 4.54, 3.81, 3.71, 2.99, 2.12, 1.92, 1.59, 0.97, 0, 0.66, 1.03, 1.41, 2.1, 2.75, 3.01, 3.28, 4.31, 5.354, 4.544, 3.614, 4.05, 3.33, 2.67, 2.33, 2.07, 2.51, 2.38, 2.28, 2.66, 2.92, 3.17, 3.09, 3.16, 2.54, 3.06, 4.76, 4.34, 3.28, 3.04, 2.89, 3.07, 3.49], [4.487, 3.46, 2.67, 1.86, 3.41, 5.66, 7.78, 9.184, 10.204, 10.674, 10.361, 9.674, 9.191, 9.44, 10.005, 10.105, 9.605, 9.35, 9.64, 10.058, 9.648, 9.528, 9.058, 9.003, 9.263, 8.49, 7.5, 6.54, 7.067, 7.525, 7.26, 6.89, 7.6, 8.32, 8.16, 7.75, 7.063, 5.61, 3.89, 2.43, 2.34, 3.29, 4.36, 4.4, 5.1, 4.37, 4.25, 3.39, 2.46, 2.32, 2.11, 1.45, 0.66, 0, 0.93, 1.45, 1.74, 2.35, 2.67, 2.98, 4.01, 5.071, 4.264, 3.36, 3.69, 3.19, 2.51, 2.19, 2.11, 2.53, 2.36, 2.28, 2.8, 3.18, 3.61, 3.59, 3.6, 2.78, 2.8, 4.36, 4.0, 3.0, 2.8, 2.61, 2.77, 3.17], [4.274, 3.21, 2.52, 2.03, 3.46, 5.97, 7.986, 9.515, 10.452, 10.802, 10.501, 9.768, 9.262, 9.667, 10.269, 10.369, 9.92, 9.64, 9.93, 10.319, 9.989, 9.808, 9.335, 9.152, 9.417, 8.819, 7.869, 6.906, 7.257, 7.774, 7.269, 7.152, 7.73, 8.537, 8.437, 8.03, 7.264, 5.78, 4.1, 2.6, 2.51, 3.22, 4.27, 4.31, 4.97, 4.2, 4.06, 3.18, 2.39, 2.27, 2.0, 1.52, 1.03, 0.93, 0, 0.88, 1.37, 1.92, 2.42, 2.79, 4.02, 5.212, 4.305, 3.37, 3.86, 3.3, 2.78, 2.54, 2.22, 2.66, 2.55, 2.55, 2.97, 3.17, 3.46, 3.44, 3.41, 2.69, 2.69, 4.41, 4.169, 3.11, 2.85, 2.78, 2.96, 3.34], [4.08, 3.11, 2.82, 2.51, 3.84, 6.41, 8.414, 9.972, 10.932, 11.248, 10.948, 10.175, 9.69, 10.104, 10.709, 10.809, 10.38, 10.06, 10.31, 10.67, 10.337, 10.127, 9.774, 9.551, 9.811, 9.207, 8.24, 7.317, 7.674, 8.229, 7.619, 7.571, 8.11, 8.974, 8.874, 8.467, 7.707, 6.2, 4.4, 2.78, 2.65, 3.06, 4.15, 4.19, 4.67, 4.1, 3.96, 3.18, 2.73, 2.43, 2.24, 1.68, 1.41, 1.45, 0.88, 0, 1.11, 2.28, 2.72, 2.87, 4.04, 5.52, 4.36, 3.63, 4.26, 3.64, 3.28, 2.94, 2.7, 3.14, 2.99, 2.99, 3.31, 3.43, 3.62, 3.66, 3.25, 2.55, 2.73, 4.87, 4.537, 3.43, 2.93, 2.9, 3.08, 3.52], [4.97, 3.84, 3.43, 2.66, 2.81, 5.38, 7.38, 8.917, 9.877, 10.276, 9.946, 9.193, 8.714, 9.054, 9.674, 9.774, 9.35, 9.05, 9.28, 9.643, 9.293, 9.113, 8.72, 8.537, 8.777, 8.183, 7.233, 6.3, 6.64, 7.181, 6.569, 6.537, 7.08, 7.924, 7.84, 7.43, 6.67, 5.15, 3.35, 2.75, 3.12, 3.99, 5.14, 5.14, 5.68, 5.05, 4.93, 4.03, 3.4, 3.22, 3.09, 2.61, 2.1, 1.74, 1.37, 1.11, 0, 1.27, 1.69, 1.86, 3.07, 4.513, 3.43, 2.92, 3.51, 3.15, 3.23, 3.31, 3.21, 3.65, 3.52, 3.56, 3.9, 4.12, 4.39, 4.51, 4.2, 3.24, 1.98, 3.82, 3.5, 2.5, 2.16, 2.25, 2.35, 2.69], [6.075, 4.73, 3.96, 2.71, 2.12, 4.27, 6.25, 7.762, 8.702, 9.043, 8.738, 7.992, 7.482, 7.887, 8.487, 8.587, 8.18, 7.94, 8.21, 8.576, 8.246, 8.066, 7.576, 7.376, 7.636, 7.116, 6.166, 5.19, 5.49, 6.02, 5.463, 5.433, 5.99, 6.763, 6.69, 6.28, 5.48, 4.04, 2.44, 2.8, 3.61, 4.922, 6.03, 6.09, 6.701, 5.968, 5.84, 4.96, 4.05, 3.93, 3.76, 3.3, 2.75, 2.35, 1.92, 2.28, 1.27, 0, 1.06, 1.13, 2.26, 3.51, 2.64, 2.63, 3.12, 2.86, 3.18, 3.38, 3.46, 3.76, 3.73, 3.77, 4.23, 4.69, 5.14, 5.2, 5.128, 4.265, 1.75, 2.65, 2.41, 1.71, 1.87, 1.88, 1.84, 2.12], [6.375, 5.13, 4.2, 2.73, 1.7, 3.79, 5.79, 7.324, 8.362, 8.769, 8.424, 7.685, 7.195, 7.464, 8.084, 8.184, 7.76, 7.44, 7.69, 8.019, 7.709, 7.529, 7.147, 6.987, 7.227, 6.593, 5.623, 4.69, 5.05, 5.589, 5.006, 4.944, 5.49, 6.334, 6.25, 5.84, 5.14, 3.6, 1.96, 2.62, 3.77, 5.222, 6.33, 6.35, 7.001, 6.32, 6.16, 5.28, 4.35, 4.23, 4.08, 3.6, 3.01, 2.67, 2.42, 2.72, 1.69, 1.06, 0, 0.87, 1.92, 2.93, 2.44, 2.21, 2.52, 2.5, 2.92, 3.38, 3.68, 3.9, 3.91, 3.99, 4.43, 4.87, 5.44, 5.46, 5.42, 4.585, 1.65, 2.25, 2.01, 1.71, 1.87, 1.74, 1.66, 1.52], [6.29, 5.16, 4.39, 3.1, 2.05, 3.64, 5.728, 7.253, 8.253, 8.779, 8.481, 7.734, 7.258, 7.438, 7.982, 8.048, 7.587, 7.27, 7.578, 7.94, 7.564, 7.363, 7.093, 6.948, 7.212, 6.394, 5.407, 4.501, 5.039, 5.501, 4.931, 4.756, 5.407, 6.29, 6.141, 5.725, 5.043, 3.57, 2.03, 2.73, 3.92, 5.23, 6.32, 6.34, 7.02, 6.41, 6.27, 5.47, 4.54, 4.32, 4.25, 3.81, 3.28, 2.98, 2.79, 2.87, 1.86, 1.13, 0.87, 0, 1.33, 2.78, 2.17, 2.46, 2.85, 2.85, 3.27, 3.63, 4.01, 4.25, 4.2, 4.26, 4.64, 5.04, 5.51, 5.67, 5.5, 4.58, 1.5, 2.08, 1.74, 1.38, 1.82, 1.75, 1.69, 1.65], [7.339, 6.37, 5.48, 3.61, 2.04, 2.654, 4.72, 6.211, 7.247, 7.791, 7.502, 6.758, 6.285, 6.447, 6.975, 7.024, 6.529, 6.3, 6.544, 6.91, 6.491, 6.36, 6.068, 5.98, 6.253, 5.371, 4.334, 3.445, 4.06, 4.519, 3.932, 3.698, 4.42, 5.297, 5.154, 4.733, 4.09, 2.6, 1.72, 2.88, 4.55, 6.24, 7.29, 7.43, 8.09, 7.6, 7.46, 6.68, 5.51, 5.37, 5.36, 4.92, 4.31, 4.01, 4.02, 4.04, 3.07, 2.26, 1.92, 1.33, 0, 1.77, 1.82, 2.31, 2.64, 2.64, 3.2, 3.84, 4.66, 4.92, 4.91, 4.85, 5.35, 5.99, 6.6, 6.76, 6.71, 5.505, 2.17, 1.57, 1.31, 2.17, 2.67, 2.44, 2.22, 1.88], [8.63, 7.435, 6.408, 4.42, 2.61, 1.6, 3.543, 5.033, 6.143, 6.696, 6.417, 5.667, 5.18, 5.277, 5.7, 5.709, 5.218, 5.036, 5.4, 5.65, 5.34, 5.28, 4.979, 4.782, 5.008, 4.119, 2.92, 2.22, 2.82, 3.185, 2.64, 2.29, 3.26, 4.035, 3.866, 3.45, 2.967, 1.65, 1.95, 3.67, 5.34, 7.177, 8.263, 8.304, 9.104, 8.529, 8.406, 7.692, 6.619, 6.582, 6.455, 6.075, 5.354, 5.071, 5.212, 5.52, 4.513, 3.51, 2.93, 2.78, 1.77, 0, 2.01, 2.56, 2.57, 2.91, 3.89, 4.69, 5.61, 5.866, 5.873, 5.86, 6.439, 7.021, 7.548, 7.899, 7.94, 6.825, 3.36, 1.62, 1.78, 2.9, 3.6, 3.41, 3.19, 2.77], [7.478, 6.532, 5.588, 3.81, 2.2, 3.09, 5.145, 6.574, 7.662, 8.272, 7.994, 7.255, 6.782, 6.852, 7.325, 7.353, 6.853, 6.675, 6.965, 7.26, 6.902, 6.805, 6.542, 6.393, 6.67, 5.755, 4.577, 3.87, 4.49, 4.921, 4.317, 4.06, 4.843, 5.702, 5.525, 5.1, 4.54, 3.12, 1.7, 2.92, 4.31, 6.005, 7.215, 7.315, 8.115, 7.705, 7.565, 6.825, 5.675, 5.632, 5.548, 5.168, 4.544, 4.264, 4.305, 4.36, 3.43, 2.64, 2.44, 2.17, 1.82, 2.01, 0, 1.89, 2.3, 2.5, 3.3, 4.1, 4.88, 5.08, 5.09, 5.15, 5.629, 6.121, 6.725, 6.908, 6.855, 5.299, 2.25, 2.29, 2.39, 2.65, 2.87, 2.66, 2.44, 2.28], [6.804, 5.493, 4.498, 2.64, 1.55, 3.2, 5.281, 6.787, 7.88, 8.419, 8.142, 7.42, 6.97, 7.013, 7.409, 7.455, 7.001, 6.79, 7.12, 7.41, 7.06, 7.02, 6.71, 6.477, 6.697, 5.81, 4.66, 3.84, 4.48, 4.95, 4.3, 4.11, 4.969, 5.726, 5.558, 5.13, 4.63, 3.21, 1.43, 2.13, 3.74, 5.404, 6.512, 6.546, 7.284, 6.629, 6.515, 5.852, 4.739, 4.722, 4.578, 4.218, 3.614, 3.36, 3.37, 3.63, 2.92, 2.63, 2.21, 2.46, 2.31, 2.56, 1.89, 0, 1.01, 1.01, 1.95, 2.99, 3.89, 4.149, 4.156, 4.2, 4.759, 5.194, 5.735, 6.078, 6.067, 5.11, 2.4, 2.4, 2.46, 2.74, 2.32, 2.07, 1.93, 1.87], [7.473, 6.09, 4.86, 2.75, 1.38, 2.79, 4.824, 6.377, 7.497, 7.97, 7.672, 7.036, 6.62, 6.554, 6.942, 6.957, 6.46, 6.26, 6.71, 7.019, 6.709, 6.688, 6.273, 6.08, 6.189, 5.336, 4.126, 3.35, 3.93, 4.44, 3.93, 3.72, 4.55, 5.176, 5.03, 4.62, 4.2, 2.84, 1.22, 2.38, 4.13, 5.9, 6.99, 7.11, 7.71, 7.04, 6.98, 6.36, 5.31, 5.31, 5.2, 4.76, 4.05, 3.69, 3.86, 4.26, 3.51, 3.12, 2.52, 2.85, 2.64, 2.57, 2.3, 1.01, 0, 1.06, 2.06, 3.04, 4.14, 4.32, 4.37, 4.35, 4.93, 5.71, 6.26, 6.72, 6.69, 5.75, 2.97, 2.27, 2.43, 2.89, 2.83, 2.46, 2.22, 1.9], [6.68, 5.39, 4.22, 2.19, 1.48, 3.33, 5.5, 7.036, 8.114, 8.628, 8.29, 7.619, 7.137, 7.182, 7.636, 7.623, 7.115, 6.88, 7.35, 7.695, 7.345, 7.345, 6.95, 6.728, 6.899, 6.096, 4.926, 4.06, 4.594, 5.12, 4.49, 4.28, 5.17, 5.852, 5.76, 5.353, 4.834, 3.454, 1.52, 1.8, 3.39, 5.3, 6.361, 6.487, 7.07, 6.44, 6.26, 5.64, 4.51, 4.53, 4.42, 4.02, 3.33, 3.19, 3.3, 3.64, 3.15, 2.86, 2.5, 2.85, 2.64, 2.91, 2.5, 1.01, 1.06, 0, 1.38, 2.36, 3.42, 3.66, 3.65, 3.65, 4.23, 4.95, 5.58, 5.92, 5.93, 5.03, 2.57, 2.61, 2.57, 3.05, 2.53, 2.04, 1.94, 1.94], [5.94, 4.75, 3.6, 1.55, 1.9, 3.99, 6.09, 7.569, 8.651, 9.178, 8.826, 8.146, 7.638, 7.801, 8.294, 8.335, 7.86, 7.58, 8.01, 8.345, 7.975, 7.895, 7.485, 7.398, 7.664, 6.802, 5.772, 4.83, 5.41, 5.92, 5.59, 5.16, 5.91, 6.631, 6.49, 6.036, 5.424, 3.98, 2.24, 1.66, 2.91, 4.8, 5.858, 5.91, 6.569, 5.84, 5.7, 4.84, 3.69, 3.67, 3.56, 3.16, 2.67, 2.51, 2.78, 3.28, 3.23, 3.18, 2.92, 3.27, 3.2, 3.89, 3.3, 1.95, 2.06, 1.38, 0, 1.3, 2.4, 2.56, 2.59, 2.57, 3.19, 4.11, 4.84, 5.08, 5.11, 4.43, 2.85, 3.43, 3.21, 3.55, 3.21, 2.68, 2.62, 2.64], [4.86, 3.67, 2.52, 1.17, 2.9, 5.11, 7.27, 8.681, 9.82, 10.325, 9.987, 9.226, 8.8, 8.94, 9.42, 9.42, 8.88, 8.72, 9.17, 9.488, 9.158, 9.138, 8.708, 8.508, 8.731, 7.908, 6.858, 5.97, 6.47, 6.94, 6.71, 6.22, 7.09, 7.77, 7.57, 7.111, 6.552, 5.188, 3.3, 1.68, 1.95, 3.7, 4.77, 4.81, 5.47, 4.78, 4.66, 3.8, 2.75, 2.75, 2.62, 2.4, 2.33, 2.19, 2.54, 2.94, 3.31, 3.38, 3.38, 3.63, 3.84, 4.69, 4.1, 2.99, 3.04, 2.36, 1.3, 0, 1.32, 1.5, 1.55, 1.49, 2.21, 3.09, 3.74, 4.04, 4.09, 3.47, 2.95, 4.15, 3.59, 3.49, 3.29, 2.84, 2.8, 2.9], [3.74, 2.49, 1.5, 1.67, 3.86, 6.25, 8.289, 9.767, 10.848, 11.355, 11.037, 10.287, 9.824, 10.026, 10.52, 10.589, 10.1, 9.86, 10.23, 10.642, 10.252, 10.192, 9.742, 9.603, 9.824, 9.082, 8.092, 7.129, 7.583, 8.06, 7.71, 7.4, 8.09, 8.836, 8.683, 8.276, 7.655, 6.242, 4.388, 2.771, 1.61, 2.86, 3.77, 3.85, 4.47, 3.76, 3.64, 2.72, 1.69, 1.71, 1.64, 1.88, 2.07, 2.11, 2.22, 2.7, 3.21, 3.46, 3.68, 4.01, 4.66, 5.61, 4.88, 3.89, 4.14, 3.42, 2.4, 1.32, 0, 0.8, 0.71, 0.71, 1.19, 1.93, 2.64, 2.88, 3.01, 2.65, 3.61, 4.91, 4.51, 3.85, 3.85, 3.34, 3.38, 3.72], [3.58, 2.37, 1.4, 1.85, 4.04, 6.37, 8.47, 9.948, 11.036, 11.536, 11.179, 10.441, 9.947, 10.192, 10.664, 10.729, 10.3, 9.98, 10.41, 10.731, 10.372, 10.332, 9.819, 9.755, 10.041, 9.219, 8.229, 7.286, 7.717, 8.224, 7.91, 7.54, 8.29, 9.03, 8.87, 8.454, 7.827, 6.351, 4.531, 2.994, 1.75, 2.78, 3.69, 3.79, 4.37, 3.68, 3.54, 2.62, 1.61, 1.81, 1.84, 2.34, 2.51, 2.53, 2.66, 3.14, 3.65, 3.76, 3.9, 4.25, 4.92, 5.866, 5.08, 4.149, 4.32, 3.66, 2.56, 1.5, 0.8, 0, 0.59, 0.67, 1.03, 1.79, 2.5, 2.78, 2.89, 2.43, 3.85, 5.19, 4.71, 4.13, 4.09, 3.58, 3.54, 3.88], [3.47, 2.24, 1.19, 1.94, 4.09, 6.46, 8.54, 10.015, 11.152, 11.628, 11.302, 10.546, 10.103, 10.25, 10.767, 10.848, 10.388, 10.11, 10.46, 10.795, 10.445, 10.365, 9.935, 9.833, 10.094, 9.272, 8.282, 7.34, 7.844, 8.325, 7.94, 7.65, 8.34, 9.101, 8.95, 8.483, 7.891, 6.475, 4.618, 3.001, 1.72, 2.71, 3.5, 3.58, 4.2, 3.49, 3.37, 2.43, 1.42, 1.6, 1.67, 2.19, 2.38, 2.36, 2.55, 2.99, 3.52, 3.73, 3.91, 4.2, 4.91, 5.873, 5.09, 4.156, 4.37, 3.65, 2.59, 1.55, 0.71, 0.59, 0, 0.56, 0.92, 1.64, 2.37, 2.63, 2.7, 2.4, 3.82, 5.22, 4.714, 4.04, 4.06, 3.55, 3.53, 3.93], [3.47, 2.36, 1.27, 2.04, 4.15, 6.5, 8.58, 10.018, 11.095, 11.634, 11.279, 10.526, 10.069, 10.273, 10.781, 10.823, 10.31, 10.11, 1