[[0, 0.49, 0.85, 0.93, 3.07, 4.222, 3.77, 3.49, 4.32, 6.364, 7.397, 6.904, 6.47, 6.51, 6.6, 6.63, 6.12, 6.06, 6.82, 7.29, 7.61, 7.98, 8.25, 8.127, 8.004, 9.479, 10.824, 12.267, 13.6, 13.79, 13.897, 13.234, 13.0, 13.11, 12.33, 11.76, 11.73, 11.102, 9.692, 9.049, 9.22, 8.89, 7.58, 6.31, 5.58, 5.41, 5.364, 4.64, 4.21, 4.12, 3.83, 3.16, 3.29, 2.67, 1.53, 1.33, 1.59, 1.31, 1.31, 1.86, 2.26, 2.46, 3.11, 3.31, 3.58, 3.85, 3.51, 2.61, 1.9, 1.39, 1.63, 2.32, 2.84, 2.11, 2.04, 1.76, 1.13, 2.43, 3.17, 4.31, 5.88, 6.58, 6.83, 6.38, 5.19, 5.89], [0.49, 0, 0.66, 0.74, 2.98, 4.129, 3.66, 3.338, 4.208, 6.231, 7.293, 6.8, 6.38, 6.418, 6.508, 6.538, 6.03, 5.95, 6.71, 7.16, 7.5, 7.89, 8.158, 8.034, 7.912, 9.386, 10.729, 12.174, 13.507, 13.695, 13.792, 13.139, 12.908, 13.02, 12.218, 11.648, 11.629, 10.989, 9.599, 8.956, 9.11, 8.8, 7.53, 6.24, 5.525, 5.3, 5.26, 4.55, 4.12, 3.99, 3.72, 3.05, 3.24, 2.52, 1.42, 1.28, 1.56, 1.36, 1.26, 1.95, 2.35, 2.51, 3.2, 3.4, 3.65, 3.92, 3.56, 2.68, 1.93, 1.5, 1.62, 2.19, 2.73, 2.08, 1.85, 1.67, 1.18, 2.52, 3.22, 4.4, 5.97, 6.67, 6.92, 6.47, 5.26, 5.96], [0.85, 0.66, 0, 0.8, 3.46, 4.62, 4.12, 3.8, 4.69, 6.723, 7.755, 7.263, 6.88, 6.9, 6.982, 7.012, 6.51, 6.39, 7.17, 7.62, 7.98, 8.37, 8.632, 8.532, 8.389, 9.863, 11.201, 12.652, 13.984, 14.167, 14.249, 13.607, 13.382, 13.5, 12.658, 12.088, 12.086, 11.466, 10.076, 9.45, 9.59, 9.3, 8.03, 6.698, 6.028, 5.798, 5.743, 5.05, 4.62, 4.47, 4.12, 3.51, 3.74, 3.0, 1.88, 1.58, 1.86, 1.4, 1.1, 1.59, 1.93, 2.19, 2.78, 2.96, 3.17, 3.46, 3.1, 2.2, 1.87, 1.7, 2.0, 2.59, 2.99, 2.46, 2.25, 1.97, 1.44, 2.24, 2.82, 3.98, 5.55, 6.25, 6.5, 6.05, 4.82, 5.5], [0.93, 0.74, 0.8, 0, 2.92, 4.08, 3.62, 3.28, 4.23, 6.343, 7.275, 6.903, 6.42, 6.4, 6.505, 6.575, 6.11, 5.99, 6.77, 7.16, 7.52, 7.93, 8.155, 7.995, 7.875, 9.34, 10.69, 12.138, 13.471, 13.656, 13.738, 13.098, 12.985, 13.06, 12.2, 11.59, 11.572, 10.952, 9.562, 8.91, 9.05, 8.76, 7.51, 6.3, 5.605, 5.298, 5.305, 4.67, 4.16, 4.07, 3.68, 3.13, 3.24, 2.64, 1.56, 1.24, 1.54, 1.06, 1.12, 1.93, 2.39, 2.57, 3.26, 3.46, 3.71, 3.98, 3.64, 2.72, 2.35, 1.88, 1.96, 2.31, 2.77, 2.22, 2.01, 1.67, 1.42, 2.54, 3.08, 4.28, 5.89, 6.59, 6.8, 6.35, 5.16, 5.86], [3.07, 2.98, 3.46, 2.92, 0, 1.5, 1.44, 1.36, 1.51, 3.53, 4.52, 4.15, 3.7, 3.62, 3.67, 3.8, 3.37, 3.37, 4.05, 4.44, 4.78, 5.15, 5.36, 5.216, 5.14, 6.42, 7.784, 9.227, 10.56, 10.75, 10.87, 10.247, 10.13, 10.2, 9.4, 8.79, 8.7, 8.06, 6.65, 6.01, 6.25, 5.98, 4.85, 3.76, 2.97, 2.66, 2.51, 1.97, 1.7, 1.65, 1.9, 1.41, 1.0, 1.28, 1.8, 2.2, 2.06, 2.7, 3.62, 4.77, 5.185, 5.349, 6.171, 6.37, 6.615, 6.9, 6.54, 5.62, 4.71, 3.08, 2.38, 1.35, 1.77, 1.86, 1.97, 2.07, 3.36, 5.06, 5.78, 6.98, 8.61, 9.29, 9.5, 9.07, 7.996, 8.696], [4.222, 4.129, 4.62, 4.08, 1.5, 0, 0.72, 1.06, 0.95, 2.37, 3.36, 3.01, 2.56, 2.52, 2.59, 2.66, 2.27, 2.27, 2.91, 3.24, 3.6, 3.95, 4.14, 4.0, 3.98, 5.28, 6.621, 8.084, 9.417, 9.587, 9.69, 9.067, 8.95, 9.04, 8.22, 7.61, 7.52, 6.88, 5.49, 4.89, 5.09, 4.78, 3.59, 2.52, 1.73, 1.38, 1.47, 1.05, 0.86, 0.93, 1.14, 1.45, 1.64, 2.26, 2.94, 3.38, 3.16, 3.74, 4.74, 5.89, 6.317, 6.478, 7.279, 7.479, 7.723, 8.029, 7.669, 6.746, 5.85, 4.2, 3.42, 2.27, 2.17, 2.86, 2.85, 3.09, 4.48, 6.18, 6.92, 8.131, 9.73, 10.41, 10.64, 10.209, 9.125, 9.825], [3.77, 3.66, 4.12, 3.62, 1.44, 0.72, 0, 0.66, 0.95, 2.79, 3.76, 3.45, 2.98, 2.98, 3.05, 3.1, 2.71, 2.59, 3.27, 3.66, 4.1, 4.45, 4.6, 4.54, 4.52, 5.8, 7.132, 8.595, 9.928, 10.09, 10.175, 9.515, 9.402, 9.5, 8.6, 7.99, 8.02, 7.4, 6.01, 5.39, 5.49, 5.22, 4.01, 2.92, 2.19, 1.94, 1.95, 1.55, 1.22, 1.19, 1.2, 1.55, 1.54, 2.08, 2.46, 2.96, 2.72, 3.22, 4.22, 5.37, 5.797, 5.958, 6.759, 6.959, 7.203, 7.509, 7.149, 6.226, 5.33, 3.74, 3.08, 1.95, 2.03, 2.44, 2.33, 2.61, 3.96, 5.66, 6.4, 7.611, 9.21, 9.89, 10.12, 9.689, 8.605, 9.305], [3.49, 3.338, 3.8, 3.28, 1.36, 1.06, 0.66, 0, 1.01, 3.09, 4.08, 3.75, 3.3, 3.24, 3.33, 3.42, 3.03, 2.91, 3.65, 3.98, 4.36, 4.73, 4.88, 4.8, 4.72, 6.1, 7.432, 8.895, 10.228, 10.398, 10.475, 9.818, 9.71, 9.8, 8.92, 8.31, 8.32, 7.7, 6.31, 5.69, 5.83, 5.58, 4.33, 3.2, 2.47, 2.24, 2.23, 1.83, 1.4, 1.33, 1.12, 1.35, 1.5, 1.9, 2.18, 2.7, 2.52, 3.02, 3.92, 5.038, 5.457, 5.638, 6.459, 6.659, 6.903, 7.209, 6.849, 5.926, 5.03, 3.56, 2.96, 1.73, 1.71, 2.24, 2.11, 2.31, 3.7, 5.36, 6.074, 7.271, 8.87, 9.566, 9.788, 9.349, 8.285, 8.985], [4.32, 4.208, 4.69, 4.23, 1.51, 0.95, 0.95, 1.01, 0, 2.2, 3.23, 2.86, 2.49, 2.45, 2.44, 2.51, 2.12, 2.18, 2.86, 3.19, 3.53, 3.84, 4.05, 4.03, 3.95, 5.207, 6.533, 7.996, 9.329, 9.499, 9.594, 8.931, 8.8, 8.85, 8.01, 7.44, 7.43, 6.807, 5.42, 4.8, 5.04, 4.79, 3.6, 2.47, 1.74, 1.65, 1.6, 1.34, 1.27, 1.26, 1.55, 1.88, 1.61, 2.11, 2.97, 3.45, 3.23, 3.85, 4.79, 5.911, 6.327, 6.525, 7.346, 7.532, 7.793, 8.099, 7.739, 6.816, 5.883, 4.21, 3.35, 2.24, 2.12, 2.91, 2.88, 3.1, 4.51, 6.218, 6.944, 8.141, 9.76, 10.439, 10.658, 10.239, 9.157, 9.857], [6.364, 6.231, 6.723, 6.343, 3.53, 2.37, 2.79, 3.09, 2.2, 0, 1.23, 0.92, 0.85, 0.93, 0.96, 0.97, 0.72, 0.84, 1.06, 1.31, 2.01, 2.24, 2.13, 2.59, 2.91, 3.49, 4.499, 5.964, 7.297, 7.467, 7.564, 6.91, 6.68, 6.81, 5.99, 5.42, 5.41, 4.776, 3.52, 2.78, 2.98, 2.77, 1.82, 1.65, 1.5, 1.51, 1.38, 1.98, 2.49, 2.62, 3.03, 3.42, 3.33, 3.93, 5.03, 5.48, 5.333, 5.899, 6.85, 7.979, 8.39, 8.551, 9.372, 9.572, 9.836, 10.127, 9.762, 8.847, 7.94, 6.25, 5.17, 4.3, 4.1, 4.95, 4.94, 5.16, 6.57, 8.261, 9.007, 10.224, 11.82, 12.48, 12.721, 12.282, 11.198, 11.898], [7.397, 7.293, 7.755, 7.275, 4.52, 3.36, 3.76, 4.08, 3.23, 1.23, 0, 0.67, 1.06, 1.18, 1.05, 1.12, 1.35, 1.49, 1.07, 0.72, 1.48, 1.65, 1.58, 1.96, 2.28, 2.76, 3.483, 4.94, 6.282, 6.447, 6.523, 5.875, 5.75, 5.82, 4.94, 4.37, 4.38, 3.76, 2.45, 1.75, 1.93, 1.7, 1.15, 1.7, 1.99, 2.22, 2.19, 2.87, 3.4, 3.49, 3.84, 4.39, 4.3, 4.98, 6.08, 6.553, 6.287, 6.852, 7.846, 8.992, 9.403, 9.583, 10.402, 10.587, 10.849, 11.154, 10.794, 9.872, 8.959, 7.3, 6.14, 5.29, 5.11, 5.963, 5.97, 6.21, 7.597, 9.274, 10.02, 11.217, 12.844, 13.521, 13.734, 13.315, 12.231, 12.931], [6.904, 6.8, 7.263, 6.903, 4.15, 3.01, 3.45, 3.75, 2.86, 0.92, 0.67, 0, 0.69, 0.85, 0.8, 0.83, 0.94, 1.12, 0.92, 0.73, 1.55, 1.8, 1.67, 2.17, 2.45, 3.01, 3.956, 5.422, 6.754, 6.924, 7.037, 6.37, 6.18, 6.27, 5.47, 4.9, 4.87, 4.25, 2.92, 2.22, 2.48, 2.19, 1.26, 1.43, 1.64, 1.95, 1.92, 2.42, 2.99, 3.08, 3.45, 3.94, 3.95, 4.53, 5.63, 6.03, 5.893, 6.439, 7.37, 8.499, 8.91, 9.091, 9.909, 10.112, 10.394, 10.687, 10.322, 9.387, 8.48, 6.79, 5.73, 4.86, 4.66, 5.47, 5.46, 5.7, 7.09, 8.801, 9.527, 10.75, 12.36, 13.02, 13.241, 12.842, 11.738, 12.438], [6.47, 6.38, 6.88, 6.42, 3.7, 2.56, 2.98, 3.3, 2.49, 0.85, 1.06, 0.69, 0, 0.46, 0.75, 0.82, 0.85, 0.97, 1.19, 1.08, 1.76, 2.13, 2.02, 2.5, 2.86, 3.42, 4.363, 5.826, 7.159, 7.329, 7.427, 6.78, 6.59, 6.68, 5.86, 5.29, 5.26, 4.64, 3.37, 2.63, 2.79, 2.54, 1.49, 1.5, 1.35, 1.64, 1.49, 2.05, 2.56, 2.65, 2.98, 3.49, 3.46, 4.12, 5.22, 5.62, 5.4, 5.966, 6.94, 8.083, 8.497, 8.698, 9.499, 9.685, 9.952, 10.26, 9.894, 8.977, 8.053, 6.38, 5.24, 4.39, 4.19, 5.077, 5.03, 5.29, 6.68, 8.408, 9.114, 10.34, 11.95, 12.63, 12.848, 12.449, 11.345, 12.045], [6.51, 6.418, 6.9, 6.4, 3.62, 2.52, 2.98, 3.24, 2.45, 0.93, 1.18, 0.85, 0.46, 0, 0.57, 0.68, 0.81, 1.05, 1.21, 1.18, 1.8, 2.11, 1.96, 2.32, 2.62, 3.22, 4.349, 5.792, 7.125, 7.315, 7.393, 6.74, 6.61, 6.7, 5.88, 5.29, 5.22, 4.6, 3.31, 2.63, 2.83, 2.6, 1.57, 1.4, 1.35, 1.66, 1.47, 2.05, 2.56, 2.67, 3.0, 3.53, 3.46, 4.16, 5.26, 5.64, 5.44, 5.997, 6.98, 8.123, 8.537, 8.738, 9.539, 9.725, 9.992, 10.3, 9.934, 9.017, 8.093, 6.414, 5.28, 4.43, 4.23, 5.117, 5.07, 5.29, 6.72, 8.448, 9.154, 10.38, 11.99, 12.67, 12.888, 12.489, 11.385, 12.085], [6.6, 6.508, 6.982, 6.505, 3.67, 2.59, 3.05, 3.33, 2.44, 0.96, 1.05, 0.8, 0.75, 0.57, 0, 0.45, 0.72, 1.18, 1.12, 1.13, 1.83, 2.08, 1.97, 2.29, 2.53, 3.23, 4.256, 5.699, 7.032, 7.222, 7.303, 6.65, 6.54, 6.61, 5.77, 5.2, 5.13, 4.51, 3.18, 2.56, 2.84, 2.61, 1.6, 1.39, 1.36, 1.61, 1.62, 2.12, 2.65, 2.78, 3.11, 3.64, 3.57, 4.25, 5.33, 5.73, 5.51, 6.11, 7.11, 8.24, 8.687, 8.848, 9.649, 9.849, 10.093, 10.399, 10.039, 9.116, 8.2, 6.51, 5.37, 4.52, 4.32, 5.23, 5.2, 5.42, 6.83, 8.57, 9.27, 10.51, 12.1, 12.78, 13.01, 12.579, 11.495, 12.195], [6.63, 6.538, 7.012, 6.575, 3.8, 2.66, 3.1, 3.42, 2.51, 0.97, 1.12, 0.83, 0.82, 0.68, 0.45, 0, 0.65, 1.19, 0.99, 1.18, 1.9, 2.11, 2.0, 2.32, 2.5, 3.12, 4.2, 5.663, 6.996, 7.166, 7.267, 6.62, 6.45, 6.54, 5.7, 5.13, 5.1, 4.48, 3.17, 2.51, 2.79, 2.56, 1.69, 1.34, 1.41, 1.78, 1.69, 2.19, 2.72, 2.83, 3.2, 3.69, 3.66, 4.3, 5.38, 5.76, 5.56, 6.14, 7.14, 8.29, 8.737, 8.898, 9.679, 9.879, 10.123, 10.429, 10.069, 9.146, 8.25, 6.56, 5.44, 4.57, 4.37, 5.28, 5.25, 5.47, 6.88, 8.6, 9.32, 10.56, 12.15, 12.83, 13.06, 12.629, 11.545, 12.245], [6.12, 6.03, 6.51, 6.11, 3.37, 2.27, 2.71, 3.03, 2.12, 0.72, 1.35, 0.94, 0.85, 0.81, 0.72, 0.65, 0, 0.8, 1.0, 1.41, 2.17, 2.38, 2.29, 2.55, 2.83, 3.49, 4.704, 6.147, 7.48, 7.67, 7.777, 7.114, 6.92, 6.99, 6.21, 5.64, 5.61, 4.982, 3.64, 2.94, 3.22, 2.95, 1.96, 1.43, 1.2, 1.49, 1.46, 1.82, 2.35, 2.44, 2.81, 3.24, 3.23, 3.81, 4.89, 5.29, 5.11, 5.67, 6.65, 7.84, 8.272, 8.44, 9.203, 9.403, 9.648, 9.95, 9.59, 8.67, 7.78, 6.11, 5.03, 4.16, 3.94, 4.81, 4.8, 5.04, 6.43, 8.13, 8.85, 10.07, 11.7, 12.38, 12.59, 12.16, 11.07, 11.77], [6.06, 5.95, 6.39, 5.99, 3.37, 2.27, 2.59, 2.91, 2.18, 0.84, 1.49, 1.12, 0.97, 1.05, 1.18, 1.19, 0.8, 0, 1.02, 1.47, 2.25, 2.58, 2.45, 2.63, 2.89, 3.57, 4.854, 6.31, 7.643, 7.819, 7.91, 7.247, 7.046, 7.15, 6.27, 5.72, 5.744, 5.124, 3.84, 3.1, 3.24, 2.97, 1.94, 1.53, 1.42, 1.71, 1.62, 1.88, 2.31, 2.38, 2.77, 3.16, 3.07, 3.73, 4.79, 5.23, 4.93, 5.53, 6.53, 7.7, 8.115, 8.276, 9.07, 9.27, 9.52, 9.79, 9.43, 8.51, 7.64, 5.97, 4.91, 4.02, 3.78, 4.65, 4.66, 4.9, 6.29, 7.97, 8.71, 9.91, 11.54, 12.22, 12.43, 12.0, 10.91, 11.61], [6.82, 6.71, 7.17, 6.77, 4.05, 2.91, 3.27, 3.65, 2.86, 1.06, 1.07, 0.92, 1.19, 1.21, 1.12, 0.99, 1.0, 1.02, 0, 0.89, 1.87, 2.16, 2.07, 2.47, 2.79, 3.17, 4.248, 5.708, 7.041, 7.203, 7.291, 6.628, 6.477, 6.544, 5.659, 5.097, 5.142, 4.522, 3.18, 2.52, 2.62, 2.29, 1.36, 1.23, 1.6, 1.95, 2.02, 2.42, 2.89, 3.0, 3.39, 3.8, 3.75, 4.43, 5.51, 6.01, 5.61, 6.19, 7.11, 8.28, 8.72, 8.856, 9.661, 9.87, 10.12, 10.39, 10.03, 9.11, 8.24, 6.67, 5.61, 4.74, 4.44, 5.23, 5.28, 5.64, 6.89, 8.55, 9.29, 10.49, 12.16, 12.8, 13.01, 12.58, 11.49, 12.19], [7.29, 7.16, 7.62, 7.16, 4.44, 3.24, 3.66, 3.98, 3.19, 1.31, 0.72, 0.73, 1.08, 1.18, 1.13, 1.18, 1.41, 1.47, 0.89, 0, 1.14, 1.49, 1.62, 2.26, 2.56, 2.82, 3.601, 5.049, 6.382, 6.567, 6.647, 5.996, 5.845, 5.92, 5.058, 4.488, 4.483, 3.863, 2.53, 1.87, 2.01, 1.7, 0.77, 1.38, 1.89, 2.12, 2.17, 2.79, 3.26, 3.35, 3.72, 4.23, 4.12, 4.8, 5.92, 6.46, 6.18, 6.74, 7.76, 8.898, 9.308, 9.492, 10.313, 10.513, 10.758, 11.06, 10.7, 9.78, 8.85, 7.18, 6.08, 5.21, 4.99, 5.86, 5.87, 6.15, 7.5, 9.199, 9.92, 11.12, 12.729, 13.426, 13.639, 13.2, 12.139, 12.839], [7.61, 7.5, 7.98, 7.52, 4.78, 3.6, 4.1, 4.36, 3.53, 2.01, 1.48, 1.55, 1.76, 1.8, 1.83, 1.9, 2.17, 2.25, 1.87, 1.14, 0, 0.83, 1.44, 2.04, 2.3, 2.82, 3.263, 4.686, 6.019, 6.229, 6.313, 5.65, 5.49, 5.58, 4.78, 4.21, 4.14, 3.52, 2.23, 1.91, 2.03, 1.72, 1.11, 1.78, 2.19, 2.38, 2.57, 3.09, 3.54, 3.69, 4.04, 4.59, 4.52, 5.14, 6.28, 6.72, 6.52, 7.1, 8.114, 9.241, 9.651, 9.849, 10.67, 10.856, 11.118, 11.42, 11.06, 10.14, 9.207, 7.54, 6.44, 5.55, 5.35, 6.211, 6.204, 6.43, 7.825, 9.542, 10.268, 11.445, 13.09, 13.769, 13.982, 13.563, 12.482, 13.182], [7.98, 7.89, 8.37, 7.93, 5.15, 3.95, 4.45, 4.73, 3.84, 2.24, 1.65, 1.8, 2.13, 2.11, 2.08, 2.11, 2.38, 2.58, 2.16, 1.49, 0.83, 0, 0.95, 1.41, 1.69, 2.21, 2.89, 4.293, 5.646, 5.848, 5.925, 5.27, 5.14, 5.23, 4.41, 3.86, 3.83, 3.33, 2.3, 2.14, 2.38, 2.07, 1.58, 2.09, 2.48, 2.73, 2.98, 3.5, 3.87, 4.02, 4.41, 4.96, 4.91, 5.51, 6.65, 7.11, 6.927, 7.49, 8.467, 9.579, 9.992, 10.205, 11.026, 11.232, 11.488, 11.787, 11.421, 10.51, 9.577, 7.91, 6.81, 5.92, 5.712, 6.564, 6.554, 6.771, 8.178, 9.895, 10.612, 11.818, 13.46, 14.122, 14.323, 13.899, 12.837, 13.526], [8.25, 8.158, 8.632, 8.155, 5.36, 4.14, 4.6, 4.88, 4.05, 2.13, 1.58, 1.67, 2.02, 1.96, 1.97, 2.0, 2.29, 2.45, 2.07, 1.62, 1.44, 0.95, 0, 0.98, 1.5, 2.0, 2.72, 4.1, 5.382, 5.552, 5.647, 5.04, 4.91, 5.02, 4.22, 3.73, 3.78, 3.38, 2.47, 2.19, 2.39, 2.1, 1.83, 2.42, 2.71, 2.9, 3.03, 3.63, 4.12, 4.25, 4.64, 5.225, 5.12, 5.778, 6.915, 7.38, 7.16, 7.746, 8.714, 9.812, 10.228, 10.457, 11.262, 11.462, 11.729, 12.032, 11.666, 10.757, 9.81, 8.154, 7.02, 6.17, 5.962, 6.814, 6.787, 7.03, 8.428, 10.131, 10.848, 12.06, 13.675, 14.364, 14.559, 14.126, 13.064, 13.761], [8.127, 8.034, 8.532, 7.995, 5.216, 4.0, 4.54, 4.8, 4.03, 2.59, 1.96, 2.17, 2.5, 2.32, 2.29, 2.32, 2.55, 2.63, 2.47, 2.26, 2.04, 1.41, 0.98, 0, 0.84, 1.62, 2.78, 4.16, 5.51, 5.687, 5.78, 5.16, 5.11, 5.18, 4.42, 3.91, 3.88, 3.42, 2.47, 2.25, 2.49, 2.2, 2.41, 2.54, 2.65, 3.08, 3.27, 3.71, 4.04, 4.19, 4.546, 5.09, 4.993, 5.674, 6.757, 7.265, 7.046, 7.623, 8.606, 9.711, 10.131, 10.343, 11.165, 11.35, 11.618, 11.926, 11.56, 10.643, 9.699, 8.043, 6.92, 6.053, 5.87, 6.697, 6.716, 6.97, 8.317, 10.034, 10.745, 11.946, 13.564, 14.261, 14.462, 14.028, 12.967, 13.664], [8.004, 7.912, 8.389, 7.875, 5.14, 3.98, 4.52, 4.72, 3.95, 2.91, 2.28, 2.45, 2.86, 2.62, 2.53, 2.5, 2.83, 2.89, 2.79, 2.56, 2.3, 1.69, 1.5, 0.84, 0, 1.66, 2.84, 4.3, 5.63, 5.807, 5.94, 5.3, 5.39, 5.48, 4.66, 4.11, 4.04, 3.56, 2.41, 2.41, 2.73, 2.58, 2.75, 2.86, 2.85, 3.42, 3.59, 3.91, 4.12, 4.21, 4.46, 5.007, 5.02, 5.72, 6.654, 7.102, 6.943, 7.52, 8.523, 9.628, 10.048, 10.257, 11.079, 11.265, 11.526, 11.832, 11.472, 10.549, 9.616, 8.04, 7.02, 5.95, 5.767, 6.62, 6.69, 6.83, 8.234, 9.951, 10.662, 11.854, 13.481, 14.169, 14.379, 13.943, 12.881, 13.578], [9.479, 9.386, 9.863, 9.34, 6.42, 5.28, 5.8, 6.1, 5.207, 3.49, 2.76, 3.01, 3.42, 3.22, 3.23, 3.12, 3.49, 3.57, 3.17, 2.82, 2.82, 2.21, 2.0, 1.62, 1.66, 0, 1.58, 2.92, 4.197, 4.427, 4.56, 4.02, 4.11, 4.14, 3.38, 2.91, 2.76, 2.34, 2.17, 2.19, 2.45, 2.48, 3.07, 3.64, 3.99, 4.34, 4.37, 4.91, 5.38, 5.502, 5.897, 6.462, 6.32, 7.006, 8.128, 8.576, 8.415, 8.994, 9.971, 11.048, 11.468, 11.697, 12.502, 12.716, 12.984, 13.281, 12.92, 12.012, 11.067, 9.394, 8.28, 7.424, 7.216, 8.051, 8.027, 8.238, 9.677, 11.374, 12.082, 13.311, 14.935, 15.616, 15.805, 15.383, 14.319, 14.999], [10.824, 10.729, 11.201, 10.69, 7.784, 6.621, 7.132, 7.432, 6.533, 4.499, 3.483, 3.956, 4.363, 4.349, 4.256, 4.2, 4.704, 4.854, 4.248, 3.601, 3.263, 2.89, 2.72, 2.78, 2.84, 1.58, 0, 1.6, 2.85, 3.02, 3.16, 2.68, 2.77, 2.76, 2.08, 1.71, 1.62, 1.4, 1.87, 1.97, 2.15, 2.36, 3.45, 4.8, 5.284, 5.48, 5.504, 6.204, 6.7, 6.847, 7.223, 7.802, 7.667, 8.349, 9.469, 9.922, 9.744, 10.327, 11.3, 12.391, 12.814, 13.026, 13.848, 14.048, 14.315, 14.618, 14.252, 13.34, 12.396, 10.72, 9.6, 8.747, 8.542, 9.38, 9.37, 9.59, 11.003, 12.717, 13.428, 14.64, 16.261, 16.947, 17.145, 16.711, 15.65, 16.347], [12.267, 12.174, 12.652, 12.138, 9.227, 8.084, 8.595, 8.895, 7.996, 5.964, 4.94, 5.422, 5.826, 5.792, 5.699, 5.663, 6.147, 6.31, 5.708, 5.049, 4.686, 4.293, 4.1, 4.16, 4.3, 2.92, 1.6, 0, 1.41, 1.62, 1.94, 1.44, 1.37, 1.48, 1.74, 1.77, 1.76, 1.8, 2.75, 3.27, 3.168, 3.441, 4.908, 6.28, 6.753, 6.949, 6.973, 7.667, 8.163, 8.31, 8.686, 9.25, 9.115, 9.794, 10.917, 11.365, 11.204, 11.783, 12.76, 13.854, 14.274, 14.486, 15.308, 15.508, 15.775, 16.078, 15.712, 14.8, 13.856, 12.183, 11.066, 10.213, 10.005, 10.84, 10.833, 11.044, 12.466, 14.177, 14.888, 16.1, 17.724, 18.413, 18.605, 18.171, 17.11, 17.807], [13.6, 13.507, 13.984, 13.471, 10.56, 9.417, 9.928, 10.228, 9.329, 7.297, 6.282, 6.754, 7.159, 7.125, 7.032, 6.996, 7.48, 7.643, 7.041, 6.382, 6.019, 5.646, 5.382, 5.51, 5.63, 4.197, 2.85, 1.41, 0, 0.51, 0.69, 0.81, 1.4, 1.97, 2.69, 2.92, 2.79, 3.03, 4.06, 4.62, 4.481, 4.774, 6.241, 7.596, 8.086, 8.282, 8.306, 9.0, 9.496, 9.623, 10.019, 10.583, 10.448, 11.127, 12.25, 12.698, 12.537, 13.116, 14.093, 15.17, 15.59, 15.819, 16.624, 16.838, 17.106, 17.402, 17.042, 16.133, 15.189, 13.516, 12.399, 11.546, 11.338, 12.173, 12.148, 12.36, 13.798, 15.495, 16.204, 17.433, 19.057, 19.737, 19.927, 19.504, 18.441, 19.12], [13.79, 13.695, 14.167, 13.656, 10.75, 9.587, 10.09, 10.398, 9.499, 7.467, 6.447, 6.924, 7.329, 7.315, 7.222, 7.166, 7.67, 7.819, 7.203, 6.567, 6.229, 5.848, 5.552, 5.687, 5.807, 4.427, 3.02, 1.62, 0.51, 0, 0.62, 0.88, 1.41, 2.0, 2.74, 2.95, 2.84, 3.04, 4.148, 4.76, 4.651, 4.962, 6.391, 7.746, 8.236, 8.432, 8.456, 9.17, 9.646, 9.788, 10.184, 10.766, 10.631, 11.315, 12.435, 12.888, 12.709, 13.287, 14.249, 15.323, 15.746, 15.975, 16.78, 16.994, 17.262, 17.558, 17.198, 16.289, 15.345, 13.672, 12.552, 11.705, 11.491, 12.332, 12.301, 12.533, 13.951, 15.651, 16.359, 17.589, 19.21, 19.89, 20.082, 19.66, 18.596, 19.276], [13.897, 13.792, 14.249, 13.738, 10.87, 9.69, 10.175, 10.475, 9.594, 7.564, 6.523, 7.037, 7.427, 7.393, 7.303, 7.267, 7.777, 7.91, 7.291, 6.647, 6.313, 5.925, 5.647, 5.78, 5.94, 4.56, 3.16, 1.94, 0.69, 0.62, 0, 0.78, 1.59, 2.2, 2.98, 3.21, 3.1, 3.2, 4.29, 4.93, 4.81, 5.12, 6.488, 7.843, 8.35, 8.54, 8.57, 9.277, 9.767, 9.87, 10.266, 10.848, 10.713, 11.412, 12.517, 13.005, 12.806, 13.369, 14.343, 15.417, 15.857, 16.069, 16.874, 17.088, 17.356, 17.652, 17.292, 16.383, 15.439, 13.763, 12.646, 11.793, 11.585, 12.423, 12.396, 12.633, 14.046, 15.745, 16.454, 17.683, 19.304, 19.984, 20.177, 19.754, 18.691, 19.37], [13.234, 13.139, 13.607, 13.098, 10.247, 9.067, 9.515, 9.818, 8.931, 6.91, 5.875, 6.37, 6.78, 6.74, 6.65, 6.62, 7.114, 7.247, 6.628, 5.996, 5.65, 5.27, 5.04, 5.16, 5.3, 4.02, 2.68, 1.44, 0.81, 0.88, 0.78, 0, 1.07, 1.76, 2.5, 2.75, 2.66, 2.78, 3.75, 4.29, 4.21, 4.5, 5.85, 7.2, 7.67, 7.86, 7.89, 8.63, 9.1, 9.268, 9.638, 10.208, 10.058, 10.759, 11.894, 12.364, 12.143, 12.715, 13.7, 14.795, 15.214, 15.423, 16.245, 16.43, 16.698, 17.006, 16.64, 15.723, 14.796, 13.1, 11.98, 11.127, 10.927, 11.78, 11.773, 11.99, 13.394, 15.117, 15.834, 17.026, 18.641, 19.335, 19.545, 19.108, 18.047, 18.744], [13.0, 12.908, 13.382, 12.985, 10.13, 8.95, 9.402, 9.71, 8.8, 6.68, 5.75, 6.18, 6.59, 6.61, 6.54, 6.45, 6.92, 7.046, 6.477, 5.845, 5.49, 5.14, 4.91, 5.11, 5.39, 4.11, 2.77, 1.37, 1.4, 1.41, 1.59, 1.07, 0, 0.93, 1.69, 2.02, 2.01, 2.33, 3.64, 4.18, 3.96, 4.31, 5.72, 6.99, 7.48, 7.71, 7.7, 8.38, 8.89, 9.02, 9.445, 9.995, 9.943, 10.528, 11.665, 12.13, 11.97, 12.531, 13.471, 14.545, 14.961, 15.19, 15.995, 16.227, 16.471, 16.773, 16.41, 15.505, 14.564, 12.896, 11.813, 10.949, 10.717, 11.553, 11.52, 11.757, 13.161, 14.864, 15.581, 16.798, 18.443, 19.12, 19.292, 18.885, 17.821, 18.494], [13.11, 13.02, 13.5, 13.06, 10.2, 9.04, 9.5, 9.8, 8.85, 6.81, 5.82, 6.27, 6.68, 6.7, 6.61, 6.54, 6.99, 7.15, 6.544, 5.92, 5.58, 5.23, 5.02, 5.18, 5.48, 4.14, 2.76, 1.48, 1.97, 2.0, 2.2, 1.76, 0.93, 0, 1.1, 1.65, 1.68, 2.32, 3.71, 4.21, 4.03, 4.38, 5.83, 7.12, 7.59, 7.82, 7.81, 8.51, 9.0, 9.15, 9.54, 10.09, 10.02, 10.64, 11.78, 12.24, 12.057, 12.62, 13.597, 14.709, 15.122, 15.335, 16.156, 16.362, 16.618, 16.917, 16.551, 15.64, 14.707, 13.04, 11.92, 11.05, 10.842, 11.694, 11.684, 11.91, 13.308, 15.025, 15.742, 16.937, 18.59, 19.252, 19.453, 19.029, 17.967, 18.656], [12.33, 12.218, 12.658, 12.2, 9.4, 8.22, 8.6, 8.92, 8.01, 5.99, 4.94, 5.47, 5.86, 5.88, 5.77, 5.7, 6.21, 6.27, 5.659, 5.058, 4.78, 4.41, 4.22, 4.42, 4.66, 3.38, 2.08, 1.74, 2.69, 2.74, 2.98, 2.5, 1.69, 1.1, 0, 0.77, 0.8, 1.46, 2.83, 3.43, 3.21, 3.54, 4.97, 6.26, 6.81, 7.0, 6.99, 7.71, 8.2, 8.31, 8.68, 9.268, 9.158, 9.838, 10.96, 11.46, 11.16, 11.735, 12.7, 13.823, 14.237, 14.437, 15.259, 15.445, 15.712, 16.02, 15.654, 14.746, 13.793, 12.14, 11.0, 10.17, 9.95, 10.797, 10.79, 11.01, 12.408, 14.128, 14.854, 16.051, 17.655, 18.352, 18.556, 18.123, 17.061, 17.758], [11.76, 11.648, 12.088, 11.59, 8.79, 7.61, 7.99, 8.31, 7.44, 5.42, 4.37, 4.9, 5.29, 5.29, 5.2, 5.13, 5.64, 5.72, 5.097, 4.488, 4.21, 3.86, 3.73, 3.91, 4.11, 2.91, 1.71, 1.77, 2.92, 2.95, 3.21, 2.75, 2.02, 1.65, 0.77, 0, 0.47, 0.95, 2.2, 2.82, 2.6, 2.93, 4.36, 5.69, 6.24, 6.43, 6.42, 7.14, 7.63, 7.74, 8.11, 8.698, 8.548, 9.268, 10.39, 10.89, 10.61, 11.185, 12.15, 13.273, 13.687, 13.887, 14.709, 14.895, 15.162, 15.47, 15.104, 14.196, 13.243, 11.59, 10.45, 9.6, 9.4, 10.247, 10.24, 10.46, 11.858, 13.578, 14.304, 15.501, 17.105, 17.802, 18.006, 17.573, 16.511, 17.208], [11.73, 11.629, 12.086, 11.572, 8.7, 7.52, 8.02, 8.32, 7.43, 5.41, 4.38, 4.87, 5.26, 5.22, 5.13, 5.1, 5.61, 5.744, 5.142, 4.483, 4.14, 3.83, 3.78, 3.88, 4.04, 2.76, 1.62, 1.76, 2.79, 2.84, 3.1, 2.66, 2.01, 1.68, 0.8, 0.47, 0, 0.9, 2.09, 2.75, 2.59, 2.9, 4.35, 5.74, 6.21, 6.4, 6.41, 7.11, 7.6, 7.75, 8.12, 8.684, 8.549, 9.249, 10.351, 10.839, 10.64, 11.217, 12.2, 13.309, 13.725, 13.937, 14.759, 14.945, 15.212, 15.52, 15.154, 14.237, 13.293, 11.614, 10.497, 9.644, 9.442, 10.291, 10.284, 10.501, 11.908, 13.628, 14.345, 15.551, 17.155, 17.852, 18.056, 17.623, 16.561, 17.258], [11.102, 10.989, 11.466, 10.952, 8.06, 6.88, 7.4, 7.7, 6.807, 4.776, 3.76, 4.25, 4.64, 4.6, 4.51, 4.48, 4.982, 5.124, 4.522, 3.863, 3.52, 3.33, 3.38, 3.42, 3.56, 2.34, 1.4, 1.8, 3.03, 3.04, 3.2, 2.78, 2.33, 2.32, 1.46, 0.95, 0.9, 0, 1.43, 2.15, 1.95, 2.28, 3.71, 5.1, 5.57, 5.76, 5.79, 6.49, 6.98, 7.13, 7.5, 8.064, 7.929, 8.609, 9.731, 10.199, 10.02, 10.597, 11.58, 12.683, 13.105, 13.317, 14.139, 14.325, 14.592, 14.9, 14.534, 13.617, 12.673, 10.994, 9.877, 9.024, 8.822, 9.671, 9.661, 9.881, 11.288, 13.008, 13.719, 14.92, 16.535, 17.232, 17.436, 17.003, 15.941, 16.638], [9.692, 9.599, 10.076, 9.562, 6.65, 5.49, 6.01, 6.31, 5.42, 3.52, 2.45, 2.92, 3.37, 3.31, 3.18, 3.17, 3.64, 3.84, 3.18, 2.53, 2.23, 2.3, 2.47, 2.47, 2.41, 2.17, 1.87, 2.75, 4.06, 4.148, 4.29, 3.75, 3.64, 3.71, 2.83, 2.2, 2.09, 1.43, 0, 1.16, 1.16, 1.21, 2.36, 3.75, 4.22, 4.43, 4.48, 5.12, 5.61, 5.76, 6.13, 6.674, 6.55, 7.25, 8.341, 8.789, 8.628, 9.207, 10.19, 11.313, 11.727, 11.927, 12.749, 12.935, 13.202, 13.51, 13.144, 12.227, 11.283, 9.604, 8.487, 7.634, 7.432, 8.287, 8.28, 8.5, 9.918, 11.618, 12.344, 13.561, 15.145, 15.842, 16.058, 15.622, 14.56, 15.26], [9.049, 8.956, 9.45, 8.91, 6.01, 4.89, 5.39, 5.69, 4.8, 2.78, 1.75, 2.22, 2.63, 2.63, 2.56, 2.51, 2.94, 3.1, 2.52, 1.87, 1.91, 2.14, 2.19, 2.25, 2.41, 2.19, 1.97, 3.27, 4.62, 4.76, 4.93, 4.29, 4.18, 4.21, 3.43, 2.82, 2.75, 2.15, 1.16, 0, 0.66, 0.77, 1.76, 3.11, 3.58, 3.79, 3.8, 4.48, 4.97, 5.12, 5.49, 6.04, 5.89, 6.59, 7.718, 8.186, 7.987, 8.564, 9.564, 10.67, 11.089, 11.301, 12.123, 12.309, 12.571, 12.876, 12.516, 11.593, 10.657, 8.981, 7.85, 7.0, 6.8, 7.655, 7.651, 7.88, 9.275, 10.992, 11.703, 12.898, 14.522, 15.219, 15.42, 14.996, 13.926, 14.623], [9.22, 9.11, 9.59, 9.05, 6.25, 5.09, 5.49, 5.83, 5.04, 2.98, 1.93, 2.48, 2.79, 2.83, 2.84, 2.79, 3.22, 3.24, 2.62, 2.01, 2.03, 2.38, 2.39, 2.49, 2.73, 2.45, 2.15, 3.168, 4.481, 4.651, 4.81, 4.21, 3.96, 4.03, 3.21, 2.6, 2.59, 1.95, 1.16, 0.66, 0, 0.61, 1.82, 3.21, 3.72, 3.93, 3.94, 4.64, 5.13, 5.24, 5.61, 6.16, 6.01, 6.73, 7.85, 8.35, 8.11, 8.684, 9.684, 10.796, 11.221, 11.421, 12.243, 12.429, 12.691, 12.996, 12.636, 11.713, 10.777, 9.11, 7.97, 7.12, 6.92, 7.781, 7.774, 8.02, 9.395, 11.112, 11.823, 13.018, 14.642, 15.339, 15.54, 15.107, 14.046, 14.743], [8.89, 8.8, 9.3, 8.76, 5.98, 4.78, 5.22, 5.58, 4.79, 2.77, 1.7, 2.19, 2.54, 2.6, 2.61, 2.56, 2.95, 2.97, 2.29, 1.7, 1.72, 2.07, 2.1, 2.2, 2.58, 2.48, 2.36, 3.441, 4.774, 4.962, 5.12, 4.5, 4.31, 4.38, 3.54, 2.93, 2.9, 2.28, 1.21, 0.77, 0.61, 0, 1.49, 2.9, 3.39, 3.64, 3.65, 4.33, 4.76, 4.91, 5.28, 5.83, 5.68, 6.42, 7.54, 8.08, 7.78, 8.354, 9.36, 10.463, 10.862, 11.074, 11.896, 12.082, 12.349, 12.657, 12.291, 11.374, 10.43, 8.78, 7.7, 6.81, 6.63, 7.434, 7.43, 7.75, 9.088, 10.765, 11.482, 12.688, 14.295, 14.992, 15.193, 14.76, 13.698, 14.396], [7.58, 7.53, 8.03, 7.51, 4.85, 3.59, 4.01, 4.33, 3.6, 1.82, 1.15, 1.26, 1.49, 1.57, 1.6, 1.69, 1.96, 1.94, 1.36, 0.77, 1.11, 1.58, 1.83, 2.41, 2.75, 3.07, 3.45, 4.908, 6.241, 6.391, 6.488, 5.85, 5.72, 5.83, 4.97, 4.36, 4.35, 3.71, 2.36, 1.76, 1.82, 1.49, 0, 1.51, 2.08, 2.39, 2.54, 3.06, 3.49, 3.6, 3.93, 4.52, 4.31, 5.13, 6.29, 6.83, 6.43, 6.95, 7.95, 9.036, 9.467, 9.61, 10.432, 10.617, 10.885, 11.193, 10.827, 9.97, 8.983, 7.41, 6.41, 5.52, 5.28, 6.07, 6.06, 6.46, 7.69, 9.304, 10.021, 11.213, 12.828, 13.525, 13.732, 13.305, 12.234, 12.931], [6.31, 6.24, 6.698, 6.3, 3.76, 2.52, 2.92, 3.2, 2.47, 1.65, 1.7, 1.43, 1.5, 1.4, 1.39, 1.34, 1.43, 1.53, 1.23, 1.38, 1.78, 2.09, 2.42, 2.54, 2.86, 3.64, 4.8, 6.28, 7.596, 7.746, 7.843, 7.2, 6.99, 7.12, 6.26, 5.69, 5.74, 5.1, 3.75, 3.11, 3.21, 2.9, 1.51, 0, 0.89, 1.36, 1.69, 1.99, 2.22, 2.25, 2.62, 3.27, 3.2, 3.76, 5.02, 5.48, 5.138, 5.618, 6.638, 7.629, 8.078, 8.243, 9.065, 9.268, 9.524, 9.818, 9.46, 8.589, 7.653, 6.1, 5.16, 4.15, 3.885, 4.715, 4.708, 5.13, 6.3, 7.951, 8.654, 9.866, 11.496, 12.155, 12.365, 11.937, 10.876, 11.567], [5.58, 5.525, 6.028, 5.605, 2.97, 1.73, 2.19, 2.47, 1.74, 1.5, 1.99, 1.64, 1.35, 1.35, 1.36, 1.41, 1.2, 1.42, 1.6, 1.89, 2.19, 2.48, 2.71, 2.65, 2.85, 3.99, 5.284, 6.753, 8.086, 8.236, 8.35, 7.67, 7.48, 7.59, 6.81, 6.24, 6.21, 5.57, 4.22, 3.58, 3.72, 3.39, 2.08, 0.89, 0, 0.85, 1.08, 1.28, 1.55, 1.64, 1.99, 2.56, 2.55, 3.19, 4.27, 4.785, 4.493, 5.059, 6.053, 7.125, 7.544, 7.753, 8.575, 8.78, 9.037, 9.336, 8.97, 8.059, 7.143, 5.49, 4.47, 3.5, 3.333, 4.15, 4.14, 4.46, 5.744, 7.461, 8.164, 9.376, 11.006, 11.665, 11.895, 11.447, 10.386, 11.086], [5.41, 5.3, 5.798, 5.298, 2.66, 1.38, 1.94, 2.24, 1.65, 1.51, 2.22, 1.95, 1.64, 1.66, 1.61, 1.78, 1.49, 1.71, 1.95, 2.12, 2.38, 2.73, 2.9, 3.08, 3.42, 4.34, 5.48, 6.949, 8.282, 8.432, 8.54, 7.86, 7.71, 7.82, 7.0, 6.43, 6.4, 5.76, 4.43, 3.79, 3.93, 3.64, 2.39, 1.36, 0.85, 0, 0.71, 1.03, 1.26, 1.43, 1.86, 2.39, 2.32, 2.92, 4.1, 4.53, 4.303, 4.864, 5.843, 6.935, 7.354, 7.563, 8.385, 8.57, 8.838, 9.146, 8.78, 7.863, 6.936, 5.3, 4.2, 3.29, 3.127, 3.94, 3.913, 4.19, 5.554, 7.257, 7.974, 9.166, 10.781, 11.475, 11.685, 11.257, 10.187, 10.884], [5.364, 5.26, 5.743, 5.305, 2.51, 1.47, 1.95, 2.23, 1.6, 1.38, 2.19, 1.92, 1.49, 1.47, 1.62, 1.69, 1.46, 1.62, 2.02, 2.17, 2.57, 2.98, 3.03, 3.27, 3.59, 4.37, 5.504, 6.973, 8.306, 8.456, 8.57, 7.89, 7.7, 7.81, 6.99, 6.42, 6.41, 5.79, 4.48, 3.8, 3.94, 3.65, 2.54, 1.69, 1.08, 0.71, 0, 0.88, 1.33, 1.52, 1.91, 2.318, 2.27, 2.89, 4.03, 4.52, 4.293, 4.834, 5.813, 6.905, 7.324, 7.533, 8.355, 8.56, 8.817, 9.116, 8.75, 7.839, 6.923, 5.239, 4.13, 3.26, 3.077, 3.91, 3.883, 4.16, 5.504, 7.227, 7.944, 9.156, 10.786, 11.445, 11.655, 11.227, 10.166, 10.854], [4.64, 4.55, 5.05, 4.67, 1.97, 1.05, 1.55, 1.83, 1.34, 1.98, 2.87, 2.42, 2.05, 2.05, 2.12, 2.19, 1.82, 1.88, 2.42, 2.79, 3.09, 3.5, 3.63, 3.71, 3.91, 4.91, 6.204, 7.667, 9.0, 9.17, 9.277, 8.63, 8.38, 8.51, 7.71, 7.14, 7.11, 6.49, 5.12, 4.48, 4.64, 4.33, 3.06, 1.99, 1.28, 1.03, 0.88, 0, 0.81, 0.96, 1.37, 1.62, 1.81, 2.25, 3.33, 3.79, 3.59, 4.156, 5.107, 6.213, 6.627, 6.827, 7.649, 7.867, 8.111, 8.416, 8.05, 7.142, 6.2, 4.53, 3.59, 2.6, 2.46, 3.207, 3.18, 3.46, 4.798, 6.518, 7.244, 8.441, 10.08, 10.762, 10.958, 10.542, 9.46, 10.16], [4.21, 4.12, 4.62, 4.16, 1.7, 0.86, 1.22, 1.4, 1.27, 2.49, 3.4, 2.99, 2.56, 2.56, 2.65, 2.72, 2.35, 2.31, 2.89, 3.26, 3.54, 3.87, 4.12, 4.04, 4.12, 5.38, 6.7, 8.163, 9.496, 9.646, 9.767, 9.1, 8.89, 9.0, 8.2, 7.63, 7.6, 6.98, 5.61, 4.97, 5.13, 4.76, 3.49, 2.22, 1.55, 1.26, 1.33, 0.81, 0, 0.45, 1.0, 1.31, 1.44, 1.88, 2.9, 3.36, 3.1, 3.646, 4.66, 5.726, 6.131, 6.34, 7.162, 7.367, 7.624, 7.923, 7.557, 6.646, 5.73, 4.08, 3.3, 2.11, 2.13, 2.717, 2.71, 3.05, 4.38, 6.034, 6.751, 7.963, 9.593, 10.255, 10.462, 10.035, 8.973, 9.661], [4.12, 3.99, 4.47, 4.07, 1.65, 0.93, 1.19, 1.33, 1.26, 2.62, 3.49, 3.08, 2.65, 2.67, 2.78, 2.83, 2.44, 2.38, 3.0, 3.35, 3.69, 4.02, 4.25, 4.19, 4.21, 5.502, 6.847, 8.31, 9.623, 9.788, 9.87, 9.268, 9.02, 9.15, 8.31, 7.74, 7.75, 7.13, 5.76, 5.12, 5.24, 4.91, 3.6, 2.25, 1.64, 1.43, 1.52, 0.96, 0.45, 0, 0.79, 1.24, 1.55, 1.95, 2.79, 3.25, 3.01, 3.516, 4.507, 5.582, 5.998, 6.207, 7.012, 7.244, 7.488, 7.785, 7.422, 6.516, 5.58, 3.95, 3.33, 2.0, 1.96, 2.567, 2.58, 2.92, 4.21, 5.898, 6.598, 7.821, 9.46, 10.122, 10.329, 9.922, 8.84, 9.531], [3.83, 3.72, 4.12, 3.68, 1.9, 1.14, 1.2, 1.12, 1.55, 3.03, 3.84, 3.45, 2.98, 3.0, 3.11, 3.2, 2.81, 2.77, 3.39, 3.72, 4.04, 4.41, 4.64, 4.546, 4.46, 5.897, 7.223, 8.686, 10.019, 10.184, 10.266, 9.638, 9.445, 9.54, 8.68, 8.11, 8.12, 7.5, 6.13, 5.49, 5.61, 5.28, 3.93, 2.62, 1.99, 1.86, 1.91, 1.37, 1.0, 0.79, 0, 1.01, 1.78, 2.2, 2.62, 3.0, 2.64, 3.12, 4.12, 5.203, 5.617, 5.817, 6.639, 6.825, 7.092, 7.4, 7.034, 6.126, 5.27, 3.98, 3.5, 1.99, 1.87, 2.42, 2.39, 2.67, 3.98, 5.548, 6.234, 7.431, 9.07, 9.732, 9.948, 9.549, 8.45, 9.15], [3.16, 3.05, 3.51, 3.13, 1.41, 1.45, 1.55, 1.35, 1.88, 3.42, 4.39, 3.94, 3.49, 3.53, 3.64, 3.69, 3.24, 3.16, 3.8, 4.23, 4.59, 4.96, 5.225, 5.09, 5.007, 6.462, 7.802, 9.25, 10.583, 10.766, 10.848, 10.208, 9.995, 10.09, 9.268, 8.698, 8.684, 8.064, 6.674, 6.04, 6.16, 5.83, 4.52, 3.27, 2.56, 2.39, 2.318, 1.62, 1.31, 1.24, 1.01, 0, 1.29, 1.79, 2.03, 2.45, 2.19, 2.55, 3.53, 4.68, 5.078, 5.265, 6.086, 6.286, 6.531, 6.836, 6.476, 5.57, 4.64, 3.37, 3.01, 1.52, 1.5, 1.87, 1.86, 2.08, 3.39, 4.97, 5.69, 6.91, 8.5, 9.2, 9.409, 8.996, 7.912, 8.612], [3.29, 3.24, 3.74, 3.24, 1.0, 1.64, 1.54, 1.5, 1.61, 3.33, 4.3, 3.95, 3.46, 3.46, 3.57, 3.66, 3.23, 3.07, 3.75, 4.12, 4.52, 4.91, 5.12, 4.993, 5.02, 6.32, 7.667, 9.115, 10.448, 10.631, 10.713, 10.058, 9.943, 10.02, 9.158, 8.548, 8.549, 7.929, 6.55, 5.89, 6.01, 5.68, 4.31, 3.2, 2.55, 2.32, 2.27, 1.81, 1.44, 1.55, 1.78, 1.29, 0, 1.0, 2.02, 2.54, 2.18, 2.68, 3.72, 4.83, 5.228, 5.415, 6.236, 6.436, 6.681, 6.986, 6.626, 5.72, 4.77, 3.18, 2.32, 1.43, 1.95, 1.84, 2.03, 2.25, 3.48, 5.119, 5.84, 7.048, 8.65, 9.346, 9.559, 9.126, 8.062, 8.762], [2.67, 2.52, 3.0, 2.64, 1.28, 2.26, 2.08, 1.9, 2.11, 3.93, 4.98, 4.53, 4.12, 4.16, 4.25, 4.3, 3.81, 3.73, 4.43, 4.8, 5.14, 5.51, 5.778, 5.674, 5.72, 7.006, 8.349, 9.794, 11.127, 11.315, 11.412, 10.759, 10.528, 10.64, 9.838, 9.268, 9.249, 8.609, 7.25, 6.59, 6.73, 6.42, 5.13, 3.76, 3.19, 2.92, 2.89, 2.25, 1.88, 1.95, 2.2, 1.79, 1.0, 0, 1.4, 1.8, 1.76, 2.2, 3.02, 4.121, 4.531, 4.729, 5.55, 5.753, 6.018, 6.3, 5.94, 5.02, 4.09, 2.56, 1.8, 1.43, 2.03, 1.54, 1.77, 1.99, 2.76, 4.422, 5.148, 6.34, 7.97, 8.67, 8.862, 8.423, 7.362, 8.062], [1.53, 1.42, 1.88, 1.56, 1.8, 2.94, 2.46, 2.18, 2.97, 5.03, 6.08, 5.63, 5.22, 5.26, 5.33, 5.38, 4.89, 4.79, 5.51, 5.92, 6.28, 6.65, 6.915, 6.757, 6.654, 8.128, 9.469, 10.917, 12.25, 12.435, 12.517, 11.894, 11.665, 11.78, 10.96, 10.39, 10.351, 9.731, 8.341, 7.718, 7.85, 7.54, 6.29, 5.02, 4.27, 4.1, 4.03, 3.33, 2.9, 2.79, 2.62, 2.03, 2.02, 1.4, 0, 0.8, 1.1, 1.38, 1.98, 2.998, 3.428, 3.627, 4.437, 4.613, 4.89, 5.28, 4.92, 3.98, 3.03, 1.72, 1.62, 1.59, 2.29, 1.62, 1.59, 1.41, 1.64, 3.3, 4.04, 5.22, 6.83, 7.53, 7.74, 7.303, 6.239, 6.939], [1.33, 1.28, 1.58, 1.24, 2.2, 3.38, 2.96, 2.7, 3.45, 5.48, 6.553, 6.03, 5.62, 5.64, 5.73, 5.76, 5.29, 5.23, 6.01, 6.46, 6.72, 7.11, 7.38, 7.265, 7.102, 8.576, 9.922, 11.365, 12.698, 12.888, 13.005, 12.364, 12.13, 12.24, 11.46, 10.89, 10.839, 10.199, 8.789, 8.186, 8.35, 8.08, 6.83, 5.48, 4.785, 4.53, 4.52, 3.79, 3.36, 3.25, 3.0, 2.45, 2.54, 1.8, 0.8, 0, 1.02, 1.08, 1.62, 2.59, 3.03, 3.17, 3.98, 4.179, 4.43, 4.9, 4.54, 3.6, 2.85, 2.12, 2.04, 2.09, 2.57, 1.96, 1.81, 1.39, 1.54, 2.98, 3.7, 4.9, 6.51, 7.17, 7.4, 6.89, 5.84, 6.54], [1.59, 1.56, 1.86, 1.54, 2.06, 3.16, 2.72, 2.52, 3.23, 5.333, 6.287, 5.893, 5.4, 5.44, 5.51, 5.56, 5.11, 4.93, 5.61, 6.18, 6.52, 6.927, 7.16, 7.046, 6.943, 8.415, 9.744, 11.204, 12.537, 12.709, 12.806, 12.143, 11.97, 12.057, 11.16, 10.61, 10.64, 10.02, 8.628, 7.987, 8.11, 7.78, 6.43, 5.138, 4.493, 4.303, 4.293, 3.59, 3.1, 3.01, 2.64, 2.19, 2.18, 1.76, 1.1, 1.02, 0, 0.98, 1.8, 2.85, 3.29, 3.43, 4.18, 4.38, 4.63, 4.9, 4.54, 3.66, 3.01, 2.24, 2.14, 1.89, 2.27, 1.76, 1.73, 1.55, 1.94, 3.18, 3.88, 5.12, 6.77, 7.43, 7.64, 7.17, 6.06, 6.76], [1.31, 1.36, 1.4, 1.06, 2.7, 3.74, 3.22, 3.02, 3.85, 5.899, 6.852, 6.439, 5.966, 5.997, 6.11, 6.14, 5.67, 5.53, 6.19, 6.74, 7.1, 7.49, 7.746, 7.623, 7.52, 8.994, 10.327, 11.783, 13.116, 13.287, 13.369, 12.715, 12.531, 12.62, 11.735, 11.185, 11.217, 10.597, 9.207, 8.564, 8.684, 8.354, 6.95, 5.618, 5.059, 4.864, 4.834, 4.156, 3.646, 3.516, 3.12, 2.55, 2.68, 2.2, 1.38, 1.08, 0.98, 0, 1.22, 2.29, 2.69, 2.89, 3.593, 3.773, 4.018, 4.32, 3.96, 3.08, 2.49, 2.1, 2.32, 2.33, 2.67, 2.18, 1.89, 1.71, 1.68, 2.66, 3.28, 4.52, 6.13, 6.83, 7.04, 6.59, 5.46, 6.16], [1.31, 1.26, 1.1, 1.12, 3.62, 4.74, 4.22, 3.92, 4.79, 6.85, 7.846, 7.37, 6.94, 6.98, 7.11, 7.14, 6.65, 6.53, 7.11, 7.76, 8.114, 8.467, 8.714, 8.606, 8.523, 9.971, 11.3, 12.76, 14.093, 14.249, 14.343, 13.7, 13.471, 13.597, 12.7, 12.15, 12.2, 11.58, 10.19, 9.564, 9.684, 9.36, 7.95, 6.638, 6.053, 5.843, 5.813, 5.107, 4.66, 4.507, 4.12, 3.53, 3.72, 3.02, 1.98, 1.62, 1.8, 1.22, 0, 1.37, 1.83, 2.05, 2.66, 2.82, 3.047, 3.372, 3.06, 2.18, 2.01, 1.88, 2.4, 2.81, 3.07, 2.42, 2.17, 2.03, 1.52, 1.98, 2.44, 3.66, 5.31, 5.95, 6.16, 5.75, 4.52, 5.22], [1.86, 1.95, 1.59, 1.93, 4.77, 5.89, 5.37, 5.038, 5.911, 7.979, 8.992, 8.499, 8.083, 8.123, 8.24, 8.29, 7.84, 7.7, 8.28, 8.898, 9.241, 9.579, 9.812, 9.711, 9.628, 11.048, 12.391, 13.854, 15.17, 15.323, 15.417, 14.795, 14.545, 14.709, 13.823, 13.273, 13.309, 12.683, 11.313, 10.67, 10.796, 10.463, 9.036, 7.629, 7.125, 6.935, 6.905, 6.213, 5.726, 5.582, 5.203, 4.68, 4.83, 4.121, 2.998, 2.59, 2.85, 2.29, 1.37, 0, 0.8, 1.18, 1.79, 1.95, 2.2, 2.67, 2.33, 1.79, 1.66, 2.01, 2.93, 3.82, 3.92, 3.05, 3.1, 2.88, 1.63, 1.41, 1.67, 2.91, 4.54, 5.1, 5.23, 4.64, 3.53, 4.19], [2.26, 2.35, 1.93, 2.39, 5.185, 6.317, 5.797, 5.457, 6.327, 8.39, 9.403, 8.91, 8.497, 8.537, 8.687, 8.737, 8.272, 8.115, 8.72, 9.308, 9.651, 9.992, 10.228, 10.131, 10.048, 11.468, 12.814, 14.274, 15.59, 15.746, 15.857, 15.214, 14.961, 15.122, 14.237, 13.687, 13.725, 13.105, 11.727, 11.089, 11.221, 10.862, 9.467, 8.078, 7.544, 7.354, 7.324, 6.627, 6.131, 5.998, 5.617, 5.078, 5.228, 4.531, 3.428, 3.03, 3.29, 2.69, 1.83, 0.8, 0, 1.14, 1.67, 1.75, 1.86, 2.45, 2.31, 1.89, 1.78, 2.41, 3.37, 4.24, 4.38, 3.49, 3.54, 3.32, 2.09, 1.45, 1.57, 2.67, 4.3, 4.88, 4.97, 4.44, 3.33, 3.97], [2.46, 2.51, 2.19, 2.57, 5.349, 6.478, 5.958, 5.638, 6.525, 8.551, 9.583, 9.091, 8.698, 8.738, 8.848, 8.898, 8.44, 8.276, 8.856, 9.492, 9.849, 10.205, 10.457, 10.343, 10.257, 11.697, 13.026, 14.486, 15.819, 15.975, 16.069, 15.423, 15.19, 15.335, 14.437, 13.887, 13.937, 13.317, 11.927, 11.301, 11.421, 11.074, 9.61, 8.243, 7.753, 7.563, 7.533, 6.827, 6.34, 6.207, 5.817, 5.265, 5.415, 4.729, 3.627, 3.17, 3.43, 2.89, 2.05, 1.18, 1.14, 0, 0.99, 1.23, 1.6, 2.01, 1.97, 1.65, 1.36, 2.47, 3.57, 4.42, 4.58, 3.693, 3.76, 3.6, 2.17, 1.33, 1.35, 2.41, 4.04, 4.6, 4.75, 4.22, 3.05, 3.73], [3.11, 3.2, 2.78, 3.26, 6.171, 7.279, 6.759, 6.459, 7.346, 9.372, 10.402, 9.909, 9.499, 9.539, 9.649, 9.679, 9.203, 9.07, 9.661, 10.313, 10.67, 11.026, 11.262, 11.165, 11.079, 12.502, 13.848, 15.308, 16.624, 16.78, 16.874, 16.245, 15.995, 16.156, 15.259, 14.709, 14.759, 14.139, 12.749, 12.123, 12.243, 11.896, 10.432, 9.065, 8.575, 8.385, 8.355, 7.649, 7.162, 7.012, 6.639, 6.086, 6.236, 5.55, 4.437, 3.98, 4.18, 3.593, 2.66, 1.79, 1.67, 0.99, 0, 0.78, 1.19, 1.38, 1.46, 1.38, 1.61, 3.163, 4.302, 5.172, 5.329, 4.503, 4.516, 4.336, 2.92, 1.5, 1.38, 2.08, 3.61, 4.11, 4.4, 3.79, 2.62, 3.16], [3.31, 3.4, 2.96, 3.46, 6.37, 7.479, 6.959, 6.659, 7.532, 9.572, 10.587, 10.112, 9.685, 9.725, 9.849, 9.879, 9.403, 9.27, 9.87, 10.513, 10.856, 11.232, 11.462, 11.35, 11.265, 12.716, 14.048, 15.508, 16.838, 16.994, 17.088, 16.43, 16.227, 16.362, 15.445, 14.895, 14.945, 14.325, 12.935, 12.309, 12.429, 12.082, 10.617, 9.268, 8.78, 8.57, 8.56, 7.867, 7.367, 7.244, 6.825, 6.286, 6.436, 5.753, 4.613, 4.179, 4.38, 3.773, 2.82, 1.95, 1.75, 1.23, 0.78, 0, 0.97, 1.36, 1.42, 1.34, 1.81, 3.379, 4.482, 5.332, 5.549, 4.697, 4.728, 4.508, 3.08, 1.74, 1.44, 2.06, 3.41, 4.03, 4.26, 3.79, 2.56, 3.18], [3.58, 3.65, 3.17, 3.71, 6.615, 7.723, 7.203, 6.903, 7.793, 9.836, 10.849, 10.394, 9.952, 9.992, 10.093, 10.123, 9.648, 9.52, 10.12, 10.758, 11.118, 11.488, 11.729, 11.618, 11.526, 12.984, 14.315, 15.775, 17.106, 17.262, 17.356, 16.698, 16.471, 16.618, 15.712, 15.162, 15.212, 14.592, 13.202, 12.571, 12.691, 12.349, 10.885, 9.524, 9.037, 8.838, 8.817, 8.111, 7.624, 7.488, 7.092, 6.531, 6.681, 6.018, 4.89, 4.43, 4.63, 4.018, 3.047, 2.2, 1.86, 1.6, 1.19, 0.97, 0, 1.13, 1.07, 1.43, 2.04, 3.69, 4.746, 5.576, 5.793, 5.027, 5.038, 4.858, 3.35, 1.87, 1.25, 1.45, 3.02, 3.6, 3.89, 3.42, 2.29, 2.75], [3.85, 3.92, 3.46, 3.98, 6.9, 8.029, 7.509, 7.209, 8.099, 10.127, 11.154, 10.687, 10.26, 10.3, 10.399, 10.429, 9.95, 9.79, 10.39, 11.06, 11.42, 11.787, 12.032, 11.926, 11.832, 13.281, 14.618, 16.078, 17.402, 17.558, 17.652, 17.006, 16.773, 16.917, 16.02, 15.47, 15.52, 14.9, 13.51, 12.876, 12.996, 12.657, 11.193, 9.818, 9.336, 9.146, 9.116, 8.416, 7.923, 7.785, 7.4, 6.836, 6.986, 6.3, 5.28, 4.9, 4.9, 4.32, 3.372, 2.67, 2.45, 2.01, 1.38, 1.36, 1.13, 0, 0.92, 1.52, 2.31, 4.04, 5.052, 5.902, 6.079, 5.392, 5.384, 5.219, 3.734, 2.2, 1.64, 1.4, 2.81, 3.25, 3.68, 3.25, 2.28, 2.54], [3.51, 3.56, 3.1, 3.64, 6.54, 7.669, 7.149, 6.849, 7.739, 9.762, 10.794, 10.322, 9.894, 9.934, 10.039, 10.069, 9.59, 9.43, 10.03, 10.7, 11.06, 11.421, 11.666, 11.56, 11.472, 12.92, 14.252, 15.712, 17.042, 17.198, 17.292, 16.64, 16.41, 16.551, 15.654, 15.104, 15.154, 14.534, 13.144, 12.516, 12.636, 12.291, 10.827, 9.46, 8.97, 8.78, 8.75, 8.05, 7.557, 7.422, 7.034, 6.476, 6.626, 5.94, 4.92, 4.54, 4.54, 3.96, 3.06, 2.33, 2.31, 1.97, 1.46, 1.42, 1.07, 0.92, 0, 1.1, 2.01, 3.66, 4.72, 5.562, 5.739, 5.0, 4.984, 4.824, 3.354, 1.76, 1.38, 1.56, 3.15, 3.69, 4.02, 3.55, 2.42, 2.88], [2.61, 2.68, 2.2, 2.72, 5.62, 6.746, 6.226, 5.926, 6.816, 8.847, 9.872, 9.387, 8.977, 9.017, 9.116, 9.146, 8.67, 8.51, 9.11, 9.78, 10.14, 10.51, 10.757, 10.643, 10.549, 12.012, 13.34, 14.8, 16.133, 16.289, 16.383, 15.723, 15.505, 15.64, 14.746, 14.196, 14.237, 13.617, 12.227, 11.593, 11.713, 11.374, 9.97, 8.589, 8.059, 7.863, 7.839, 7.142, 6.646, 6.516, 6.126, 5.57, 5.72, 5.02, 3.98, 3.6, 3.66, 3.08, 2.18, 1.79, 1.89, 1.65, 1.38, 1.34, 1.43, 1.52, 1.1, 0, 1.23, 2.72, 3.8, 4.67, 4.83, 4.1, 4.11, 3.95, 2.46, 1.36, 1.3, 2.12, 3.65, 4.35, 4.66, 4.25, 3.08, 3.6], [1.9, 1.93, 1.87, 2.35, 4.71, 5.85, 5.33, 5.03, 5.883, 7.94, 8.959, 8.48, 8.053, 8.093, 8.2, 8.25, 7.78, 7.64, 8.24, 8.85, 9.207, 9.577, 9.81, 9.699, 9.616, 11.067, 12.396, 13.856, 15.189, 15.345, 15.439, 14.796, 14.564, 14.707, 13.793, 13.243, 13.293, 12.673, 11.283, 10.657, 10.777, 10.43, 8.983, 7.653, 7.143, 6.936, 6.923, 6.2, 5.73, 5.58, 5.27, 4.64, 4.77, 4.09, 3.03, 2.85, 3.01, 2.49, 2.01, 1.66, 1.78, 1.36, 1.61, 1.81, 2.04, 2.31, 2.01, 1.23, 0, 1.75, 2.85, 3.72, 4.08, 3.25, 3.22, 3.16, 1.73, 1.35, 1.73, 2.73, 4.26, 4.96, 5.23, 4.8, 3.67, 4.29], [1.39, 1.5, 1.7, 1.88, 3.08, 4.2, 3.74, 3.56, 4.21, 6.25, 7.3, 6.79, 6.38, 6.414, 6.51, 6.56, 6.11, 5.97, 6.67, 7.18, 7.54, 7.91, 8.154, 8.043, 8.04, 9.394, 10.72, 12.183, 13.516, 13.672, 13.763, 13.1, 12.896, 13.04, 12.14, 11.59, 11.614, 10.994, 9.604, 8.981, 9.11, 8.78, 7.41, 6.1, 5.49, 5.3, 5.239, 4.53, 4.08, 3.95, 3.98, 3.37, 3.18, 2.56, 1.72, 2.12, 2.24, 2.1, 1.88, 2.01, 2.41, 2.47, 3.163, 3.379, 3.69, 4.04, 3.66, 2.72, 1.75, 0, 1.22, 2.33, 2.93, 2.06, 2.21, 2.23, 1.36, 2.5, 3.2, 4.32, 5.81, 6.55, 6.82, 6.39, 5.24, 5.9], [1.63, 1.62, 2.0, 1.96, 2.38, 3.42, 3.08, 2.96, 3.35, 5.17, 6.14, 5.73, 5.24, 5.28, 5.37, 5.44, 5.03, 4.91, 5.61, 6.08, 6.44, 6.81, 7.02, 6.92, 7.02, 8.28, 9.6, 11.066, 12.399, 12.552, 12.646, 11.98, 11.813, 11.92, 11.0, 10.45, 10.497, 9.877, 8.487, 7.85, 7.97, 7.7, 6.41, 5.16, 4.47, 4.2, 4.13, 3.59, 3.3, 3.33, 3.5, 3.01, 2.32, 1.8, 1.62, 2.04, 2.14, 2.32, 2.4, 2.93, 3.37, 3.57, 4.302, 4.482, 4.746, 5.052, 4.72, 3.8, 2.85, 1.22, 0, 1.73, 2.45, 1.86, 2.05, 2.07, 1.82, 3.58, 4.3, 5.46, 6.99, 7.67, 7.96, 7.55, 6.34, 7.02], [2.32, 2.19, 2.59, 2.31, 1.35, 2.27, 1.95, 1.73, 2.24, 4.3, 5.29, 4.86, 4.39, 4.43, 4.52, 4.57, 4.16, 4.02, 4.74, 5.21, 5.55, 5.92, 6.17, 6.053, 5.95, 7.424, 8.747, 10.213, 11.546, 11.705, 11.793, 11.127, 10.949, 11.05, 10.17, 9.6, 9.644, 9.024, 7.634, 7.0, 7.12, 6.81, 5.52, 4.15, 3.5, 3.29, 3.26, 2.6, 2.11, 2.0, 1.99, 1.52, 1.43, 1.43, 1.59, 2.09, 1.89, 2.33, 2.81, 3.82, 4.24, 4.42, 5.172, 5.332, 5.576, 5.902, 5.562, 4.67, 3.72, 2.33, 1.73, 0, 1.14, 0.95, 1.06, 1.3, 2.53, 4.37, 5.07, 6.29, 7.86, 8.54, 8.79, 8.38, 7.17, 7.85], [2.84, 2.73, 2.99, 2.77, 1.77, 2.17, 2.03, 1.