[[0, 1.42, 1.52, 1.49, 1.5, 1.45, 2.02, 2.27, 2.4, 2.11, 2.02, 2.34, 2.73, 2.46, 1.94, 1.68, 1.82, 2.11, 2.08, 1.77, 2.22, 2.63, 2.59, 2.25, 2.47, 2.16, 1.17, 1.05, 1.16, 1.55, 1.61, 1.86, 2.17, 2.09, 1.82, 1.43, 1.2, 1.39, 1.81, 1.7, 1.06, 1.42, 2.3, 3.34, 3.67, 4.03, 3.76, 3.04, 1.86, 2.09, 2.08, 2.2, 2.32, 2.32, 1.92, 1.86, 1.64, 1.79, 2.12, 3.16, 3.18, 3.137, 3.617, 3.62, 3.76, 4.53, 5.25, 6.222, 6.557, 6.93, 8.5, 8.45, 8.06, 8.14, 8.424, 8.472, 8.144, 7.5, 7.3, 7.01, 8.833, 9.88, 9.768, 9.082, 8.058, 8.644], [1.42, 0, 0.72, 0.97, 1.36, 1.53, 1.94, 2.43, 2.92, 2.57, 2.5, 2.8, 3.23, 3.16, 2.74, 2.54, 2.46, 2.71, 2.46, 2.11, 2.982, 3.575, 3.512, 3.01, 3.01, 2.948, 1.95, 1.37, 1.82, 2.49, 2.57, 2.68, 2.73, 2.47, 2.26, 2.13, 1.7, 1.53, 2.47, 2.36, 1.82, 2.36, 3.32, 4.24, 4.555, 4.978, 4.16, 3.3, 2.08, 1.81, 2.24, 2.56, 2.8, 2.96, 2.889, 2.62, 2.32, 2.49, 3.04, 4.169, 4.143, 4.22, 4.7, 4.68, 4.94, 5.75, 6.35, 7.307, 7.66, 8.019, 9.597, 9.522, 9.163, 9.226, 9.527, 9.557, 9.247, 8.569, 8.346, 8.056, 9.782, 10.946, 10.811, 10.128, 9.061, 9.596], [1.52, 0.72, 0, 0.81, 1.42, 1.37, 1.72, 2.27, 2.76, 2.55, 2.52, 2.74, 3.37, 3.28, 2.74, 2.42, 2.32, 2.59, 2.34, 2.01, 2.862, 3.435, 3.372, 2.85, 2.89, 2.868, 1.87, 1.51, 1.66, 2.49, 2.65, 2.88, 2.79, 2.49, 2.06, 2.004, 1.76, 1.89, 2.55, 2.54, 1.88, 2.4, 3.3, 4.14, 4.415, 4.798, 3.985, 3.02, 1.88, 1.55, 1.98, 2.32, 2.631, 2.852, 2.812, 2.68, 2.46, 2.63, 3.195, 4.06, 4.083, 4.192, 4.672, 4.8, 4.98, 5.65, 6.276, 7.233, 7.612, 8.062, 9.532, 9.422, 9.129, 9.229, 9.453, 9.48, 9.167, 8.44, 8.229, 7.927, 9.642, 10.803, 10.671, 9.988, 8.921, 9.499], [1.49, 0.97, 0.81, 0, 0.91, 1.08, 1.39, 1.88, 2.37, 2.26, 2.19, 2.43, 2.78, 2.75, 2.25, 2.17, 2.03, 2.16, 2.03, 1.76, 2.39, 2.882, 2.779, 2.26, 2.34, 2.25, 1.84, 1.58, 1.59, 2.32, 2.56, 2.83, 2.82, 2.46, 1.85, 1.8, 1.73, 1.9, 2.44, 2.47, 1.75, 2.17, 2.79, 3.49, 3.857, 4.245, 3.49, 2.75, 1.53, 1.42, 1.73, 1.97, 2.13, 2.35, 2.41, 2.35, 2.13, 2.34, 2.75, 3.55, 3.47, 3.63, 4.17, 4.35, 4.57, 5.28, 5.82, 6.76, 7.11, 7.58, 9.03, 8.94, 8.65, 8.75, 8.98, 8.99, 8.674, 7.962, 7.69, 7.42, 9.078, 10.333, 10.124, 9.418, 8.38, 8.923], [1.5, 1.36, 1.42, 0.91, 0, 0.93, 1.26, 1.71, 2.4, 2.13, 2.14, 2.22, 2.73, 2.52, 2.16, 2.04, 1.96, 1.83, 1.86, 1.83, 2.18, 2.55, 2.37, 1.93, 2.03, 1.88, 1.79, 1.59, 1.78, 2.09, 2.53, 2.88, 2.73, 2.35, 1.82, 1.83, 1.94, 2.15, 2.49, 2.54, 1.82, 1.92, 2.58, 3.1, 3.53, 3.91, 3.42, 2.6, 1.66, 1.55, 1.7, 1.88, 2.06, 2.24, 2.3, 2.26, 1.96, 2.17, 2.52, 3.24, 3.2, 3.4, 3.94, 4.1, 4.16, 4.95, 5.57, 6.51, 6.88, 7.31, 8.78, 8.63, 8.42, 8.5, 8.73, 8.74, 8.404, 7.697, 7.38, 7.09, 8.648, 10.003, 9.734, 9.028, 8.03, 8.576], [1.45, 1.53, 1.37, 1.08, 0.93, 0, 0.91, 1.6, 2.33, 2.04, 2.11, 2.21, 2.82, 2.71, 2.21, 2.01, 1.73, 1.74, 1.73, 1.58, 2.15, 2.634, 2.5, 2.06, 2.14, 2.07, 1.88, 1.58, 1.57, 1.9, 2.34, 2.57, 2.3, 1.96, 1.63, 1.76, 1.99, 2.38, 2.78, 2.71, 1.73, 1.85, 2.79, 3.35, 3.7, 4.04, 3.25, 2.37, 1.41, 1.5, 1.43, 1.71, 1.91, 2.25, 2.45, 2.57, 2.31, 2.54, 2.67, 3.45, 3.43, 3.63, 4.15, 4.25, 4.39, 5.14, 5.8, 6.74, 7.11, 7.54, 9.01, 8.86, 8.65, 8.73, 8.96, 8.97, 8.64, 7.93, 7.59, 7.32, 8.85, 10.23, 9.961, 9.218, 8.257, 8.82], [2.02, 1.94, 1.72, 1.39, 1.26, 0.91, 0, 1.01, 1.84, 1.81, 1.86, 2.02, 2.49, 2.46, 2.02, 2.12, 1.68, 1.55, 1.42, 1.47, 1.86, 2.29, 2.15, 1.71, 1.75, 1.8, 2.23, 1.89, 1.78, 2.13, 2.77, 2.88, 2.39, 1.87, 1.52, 1.87, 2.24, 2.75, 2.83, 2.88, 1.96, 2.08, 2.46, 2.92, 3.27, 3.71, 2.88, 1.9, 1.44, 1.41, 1.16, 1.2, 1.44, 1.86, 2.42, 2.74, 2.46, 2.77, 2.62, 3.14, 3.0, 3.24, 3.94, 4.14, 4.22, 4.91, 5.39, 6.33, 6.74, 7.21, 8.64, 8.49, 8.26, 8.36, 8.53, 8.54, 8.19, 7.48, 7.22, 6.91, 8.48, 9.8, 9.56, 8.86, 7.83, 8.39], [2.27, 2.43, 2.27, 1.88, 1.71, 1.6, 1.01, 0, 1.07, 1.16, 1.21, 1.31, 1.72, 1.77, 1.43, 1.71, 1.37, 1.18, 0.87, 1.16, 1.13, 1.5, 1.46, 1.08, 1.52, 1.45, 2.22, 2.1, 1.93, 2.2, 2.6, 2.65, 2.22, 1.68, 1.29, 1.84, 2.37, 2.84, 2.76, 2.49, 1.95, 1.75, 1.65, 2.11, 2.36, 2.78, 2.01, 1.23, 1.57, 1.68, 1.45, 1.03, 1.11, 1.43, 1.95, 2.51, 2.35, 2.56, 2.29, 2.41, 2.19, 2.39, 3.25, 3.59, 3.59, 4.14, 4.48, 5.48, 5.83, 6.32, 7.75, 7.58, 7.35, 7.45, 7.62, 7.63, 7.24, 6.55, 6.31, 6.0, 7.57, 8.83, 8.59, 7.909, 6.86, 7.46], [2.4, 2.92, 2.76, 2.37, 2.4, 2.33, 1.84, 1.07, 0, 0.97, 1.06, 1.1, 1.27, 1.26, 1.36, 1.84, 1.68, 1.51, 1.24, 1.63, 1.34, 1.35, 1.61, 1.47, 1.77, 1.72, 2.45, 2.51, 2.28, 2.49, 2.75, 2.7, 2.49, 1.87, 1.54, 2.01, 2.6, 2.95, 2.57, 2.36, 2.2, 1.9, 1.3, 1.72, 1.97, 2.35, 1.76, 1.4, 2.04, 2.15, 1.98, 1.68, 1.6, 1.68, 1.94, 2.48, 2.5, 2.61, 2.24, 2.16, 1.94, 1.86, 2.8, 3.34, 3.5, 3.51, 3.81, 4.77, 5.06, 5.59, 7.02, 6.81, 6.5, 6.58, 6.75, 6.76, 6.45, 5.78, 5.66, 5.39, 7.14, 8.18, 8.096, 7.416, 6.381, 6.97], [2.11, 2.57, 2.55, 2.26, 2.13, 2.04, 1.81, 1.16, 0.97, 0, 0.63, 0.73, 1.26, 1.19, 1.21, 1.77, 1.47, 1.34, 1.27, 1.68, 1.55, 1.8, 1.82, 1.5, 2.0, 1.73, 2.24, 2.22, 2.11, 2.18, 2.34, 2.31, 2.14, 1.52, 1.45, 2.26, 2.69, 2.92, 2.78, 2.45, 1.91, 1.51, 1.33, 2.19, 2.52, 3.02, 2.29, 1.85, 2.37, 2.36, 2.11, 1.85, 1.83, 1.89, 1.91, 2.29, 2.19, 2.18, 1.91, 2.17, 2.19, 2.07, 2.75, 2.93, 2.97, 3.4, 3.98, 4.98, 5.29, 5.64, 7.23, 7.2, 6.81, 6.85, 7.16, 7.21, 6.88, 6.25, 6.05, 5.76, 7.53, 8.647, 8.515, 7.832, 6.765, 7.351], [2.02, 2.5, 2.52, 2.19, 2.14, 2.11, 1.86, 1.21, 1.06, 0.63, 0, 0.76, 1.27, 1.24, 1.16, 1.72, 1.42, 1.33, 1.4, 1.73, 1.54, 1.83, 1.87, 1.57, 2.09, 1.82, 2.15, 2.19, 2.04, 2.11, 2.25, 2.22, 2.01, 1.41, 1.5, 2.23, 2.6, 2.79, 2.81, 2.46, 1.9, 1.4, 1.42, 2.34, 2.61, 3.09, 2.42, 1.96, 2.4, 2.49, 2.26, 2.0, 1.96, 1.92, 1.92, 2.22, 2.14, 2.19, 1.92, 2.34, 2.3, 2.2, 2.82, 2.84, 2.92, 3.39, 4.07, 5.11, 5.42, 5.71, 7.32, 7.33, 6.92, 6.92, 7.27, 7.3, 6.97, 6.36, 6.16, 5.87, 7.66, 8.76, 8.608, 7.925, 6.878, 7.464], [2.34, 2.8, 2.74, 2.43, 2.22, 2.21, 2.02, 1.31, 1.1, 0.73, 0.76, 0, 1.01, 1.04, 1.2, 1.76, 1.66, 1.53, 1.5, 1.89, 1.7, 1.77, 1.77, 1.63, 2.15, 1.82, 2.39, 2.51, 2.38, 2.45, 2.69, 2.68, 2.49, 1.85, 1.76, 2.51, 2.96, 3.17, 3.05, 2.76, 2.24, 1.78, 1.5, 2.04, 2.29, 2.87, 2.34, 2.1, 2.66, 2.77, 2.48, 2.16, 2.16, 2.16, 2.08, 2.36, 2.48, 2.49, 1.98, 2.18, 2.26, 2.06, 2.6, 2.94, 3.1, 3.09, 3.73, 4.77, 5.04, 5.45, 6.98, 6.95, 6.58, 6.64, 6.91, 6.96, 6.63, 6.0, 5.8, 5.51, 7.26, 8.397, 8.265, 7.582, 6.515, 7.061], [2.73, 3.23, 3.37, 2.78, 2.73, 2.82, 2.49, 1.72, 1.27, 1.26, 1.27, 1.01, 0, 0.87, 1.31, 1.97, 1.97, 1.9, 1.87, 2.32, 1.91, 1.84, 1.82, 1.76, 2.02, 2.01, 2.7, 2.86, 2.67, 2.8, 3.0, 3.03, 2.88, 2.3, 2.19, 2.68, 3.19, 3.32, 3.28, 2.87, 2.55, 2.13, 1.53, 1.77, 1.86, 2.36, 2.11, 2.35, 2.95, 3.14, 2.73, 2.41, 2.27, 2.27, 2.27, 2.67, 2.57, 2.66, 2.15, 2.27, 2.21, 2.19, 2.77, 3.15, 3.41, 2.98, 3.5, 4.58, 4.57, 4.94, 6.53, 6.44, 6.07, 6.11, 6.42, 6.45, 6.14, 5.47, 5.25, 4.96, 6.71, 7.85, 7.73, 7.049, 5.98, 6.46], [2.46, 3.16, 3.28, 2.75, 2.52, 2.71, 2.46, 1.77, 1.26, 1.19, 1.24, 1.04, 0.87, 0, 1.12, 1.98, 2.04, 1.79, 1.88, 2.33, 1.86, 1.73, 1.69, 1.65, 1.77, 1.9, 2.55, 2.77, 2.6, 2.51, 2.71, 2.8, 2.69, 2.23, 2.18, 2.69, 3.16, 3.37, 3.19, 2.82, 2.26, 1.9, 1.34, 1.72, 1.85, 2.29, 2.06, 2.32, 2.98, 3.23, 2.82, 2.42, 2.28, 2.26, 2.18, 2.46, 2.42, 2.35, 2.1, 2.12, 2.16, 2.14, 2.72, 3.04, 3.26, 3.01, 3.43, 4.57, 4.72, 5.09, 6.64, 6.59, 6.22, 6.3, 6.57, 6.62, 6.29, 5.64, 5.44, 5.15, 6.9, 8.04, 7.92, 7.239, 6.17, 6.67], [1.94, 2.74, 2.74, 2.25, 2.16, 2.21, 2.02, 1.43, 1.36, 1.21, 1.16, 1.2, 1.31, 1.12, 0, 1.04, 1.16, 1.13, 1.3, 1.61, 1.24, 1.41, 1.45, 1.27, 1.89, 1.46, 1.79, 2.17, 1.82, 1.91, 2.17, 2.26, 2.23, 1.87, 1.6, 1.93, 2.4, 2.61, 2.51, 2.08, 1.64, 1.44, 1.1, 2.0, 2.33, 2.79, 2.24, 1.94, 2.32, 2.73, 2.34, 1.82, 1.74, 1.7, 1.5, 1.8, 1.8, 1.81, 1.46, 1.8, 1.68, 1.76, 2.5, 2.56, 2.86, 3.25, 3.83, 4.81, 5.16, 5.55, 7.1, 7.01, 6.66, 6.74, 7.03, 7.06, 6.75, 6.04, 5.78, 5.49, 7.24, 8.4, 8.26, 7.58, 6.51, 6.97], [1.68, 2.54, 2.42, 2.17, 2.04, 2.01, 2.12, 1.71, 1.84, 1.77, 1.72, 1.76, 1.97, 1.98, 1.04, 0, 0.76, 1.21, 1.24, 1.21, 1.42, 1.85, 1.81, 1.63, 2.15, 1.36, 1.33, 1.67, 1.38, 1.67, 1.89, 2.18, 2.29, 2.05, 1.6, 1.35, 1.8, 2.13, 1.95, 1.66, 1.44, 1.42, 1.58, 2.5, 2.71, 3.21, 2.74, 2.2, 2.0, 2.43, 2.12, 1.8, 1.9, 1.92, 1.32, 1.46, 1.62, 1.63, 1.3, 2.12, 1.96, 2.12, 2.72, 2.9, 3.08, 3.73, 4.17, 5.17, 5.52, 6.01, 7.48, 7.39, 7.08, 7.16, 7.31, 7.34, 7.03, 6.34, 6.18, 5.83, 7.58, 8.68, 8.56, 7.88, 6.81, 7.27], [1.82, 2.46, 2.32, 2.03, 1.96, 1.73, 1.68, 1.37, 1.68, 1.47, 1.42, 1.66, 1.97, 2.04, 1.16, 0.76, 0, 0.73, 0.96, 0.93, 1.36, 1.93, 1.93, 1.57, 2.03, 1.28, 1.39, 1.67, 1.38, 1.55, 1.93, 2.02, 1.99, 1.69, 1.26, 1.47, 1.96, 2.33, 2.27, 1.98, 1.5, 1.48, 1.72, 2.54, 2.79, 3.21, 2.6, 1.96, 1.78, 2.13, 1.72, 1.56, 1.6, 1.66, 1.44, 1.76, 1.8, 1.85, 1.58, 2.2, 2.22, 2.32, 2.92, 3.08, 3.22, 3.89, 4.49, 5.45, 5.8, 6.27, 7.7, 7.59, 7.36, 7.44, 7.63, 7.64, 7.31, 6.58, 6.36, 6.05, 7.7, 8.88, 8.72, 8.04, 6.97, 7.47], [2.11, 2.71, 2.59, 2.16, 1.83, 1.74, 1.55, 1.18, 1.51, 1.34, 1.33, 1.53, 1.9, 1.79, 1.13, 1.21, 0.73, 0, 0.89, 1.18, 1.15, 1.64, 1.58, 1.2, 1.7, 1.29, 1.7, 1.94, 1.71, 1.78, 2.1, 2.25, 2.2, 1.66, 1.33, 1.82, 2.35, 2.72, 2.6, 2.27, 1.73, 1.47, 1.55, 2.21, 2.42, 2.82, 2.25, 1.59, 1.81, 2.26, 1.79, 1.67, 1.45, 1.63, 1.69, 2.13, 2.03, 2.12, 1.81, 2.23, 2.07, 2.23, 2.91, 3.09, 3.21, 3.74, 4.42, 5.38, 5.73, 6.2, 7.63, 7.5, 7.29, 7.37, 7.56, 7.57, 7.22, 6.51, 6.23, 5.94, 7.41, 8.79, 8.49, 7.79, 6.8, 7.36], [2.08, 2.46, 2.34, 2.03, 1.86, 1.73, 1.42, 0.87, 1.24, 1.27, 1.4, 1.5, 1.87, 1.88, 1.3, 1.24, 0.96, 0.89, 0, 0.77, 1.04, 1.61, 1.51, 1.31, 1.71, 1.32, 1.73, 1.85, 1.62, 1.93, 2.19, 2.2, 2.21, 1.61, 1.12, 1.45, 2.02, 2.47, 2.31, 2.08, 1.58, 1.48, 1.48, 2.22, 2.37, 2.79, 2.06, 1.36, 1.54, 1.77, 1.42, 1.16, 1.26, 1.42, 1.48, 2.02, 1.9, 2.05, 1.72, 2.26, 2.14, 2.28, 2.8, 3.14, 3.4, 3.99, 4.39, 5.37, 5.72, 6.19, 7.66, 7.47, 7.24, 7.34, 7.49, 7.5, 7.13, 6.44, 6.28, 5.93, 7.52, 8.64, 8.52, 7.839, 6.77, 7.27], [1.77, 2.11, 2.01, 1.76, 1.83, 1.58, 1.47, 1.16, 1.63, 1.68, 1.73, 1.89, 2.32, 2.33, 1.61, 1.21, 0.93, 1.18, 0.77, 0, 1.29, 1.9, 1.88, 1.62, 2.0, 1.45, 1.32, 1.48, 1.35, 1.86, 1.9, 1.97, 2.24, 1.8, 1.25, 1.24, 1.67, 2.08, 1.94, 1.75, 1.37, 1.57, 1.85, 2.63, 2.78, 3.14, 2.47, 1.67, 1.35, 1.8, 1.45, 1.31, 1.43, 1.65, 1.35, 1.69, 1.73, 1.9, 1.79, 2.45, 2.29, 2.55, 3.11, 3.37, 3.63, 4.3, 4.72, 5.66, 6.03, 6.5, 7.95, 7.78, 7.55, 7.65, 7.82, 7.83, 7.48, 6.77, 6.51, 6.2, 7.79, 9.05, 8.83, 8.13, 7.08, 7.66], [2.22, 2.982, 2.862, 2.39, 2.18, 2.15, 1.86, 1.13, 1.34, 1.55, 1.54, 1.7, 1.91, 1.86, 1.24, 1.42, 1.36, 1.15, 1.04, 1.29, 0, 0.95, 1.19, 1.11, 1.55, 1.26, 1.91, 2.05, 1.8, 1.97, 2.33, 2.42, 2.27, 1.75, 1.4, 1.47, 2.08, 2.47, 2.29, 2.2, 1.86, 1.6, 1.52, 1.86, 1.87, 2.25, 1.88, 1.2, 1.58, 2.03, 1.84, 1.34, 1.32, 1.3, 1.56, 2.16, 2.14, 2.29, 1.98, 2.24, 1.86, 1.98, 2.84, 3.16, 3.44, 3.81, 4.17, 5.17, 5.48, 6.01, 7.46, 7.27, 7.04, 7.08, 7.17, 7.18, 6.75, 6.06, 5.96, 5.65, 7.0, 8.1, 7.9, 7.18, 6.19, 6.87], [2.63, 3.575, 3.435, 2.882, 2.55, 2.634, 2.29, 1.5, 1.35, 1.8, 1.83, 1.77, 1.84, 1.73, 1.41, 1.85, 1.93, 1.64, 1.61, 1.9, 0.95, 0, 0.58, 0.84, 1.44, 1.33, 2.34, 2.72, 2.29, 2.34, 2.68, 2.87, 2.88, 2.36, 2.03, 1.96, 2.61, 2.96, 2.4, 2.41, 2.39, 1.97, 1.47, 1.47, 1.54, 1.86, 1.69, 1.41, 1.89, 2.5, 2.21, 1.53, 1.31, 1.41, 1.67, 2.27, 2.33, 2.5, 2.03, 1.95, 1.59, 1.71, 2.63, 3.19, 3.37, 3.48, 3.74, 4.74, 4.97, 5.54, 6.99, 6.74, 6.51, 6.55, 6.68, 6.71, 6.3, 5.63, 5.45, 5.18, 6.35, 7.67, 7.33, 6.61, 5.7, 6.42], [2.59, 3.512, 3.372, 2.779, 2.37, 2.5, 2.15, 1.46, 1.61, 1.82, 1.87, 1.77, 1.82, 1.69, 1.45, 1.81, 1.93, 1.58, 1.51, 1.88, 1.19, 0.58, 0, 0.78, 1.24, 1.23, 2.3, 2.7, 2.29, 2.28, 2.66, 2.87, 2.86, 2.36, 1.99, 2.1, 2.63, 3.04, 2.66, 2.57, 2.35, 1.93, 1.43, 1.53, 1.82, 1.98, 1.79, 1.67, 2.09, 2.66, 2.27, 1.59, 1.41, 1.57, 1.81, 2.23, 2.29, 2.38, 1.99, 1.91, 1.71, 1.83, 2.63, 3.19, 3.25, 3.38, 3.64, 4.7, 4.99, 5.44, 6.93, 6.76, 6.53, 6.61, 6.74, 6.75, 6.38, 5.71, 5.49, 5.16, 6.45, 7.83, 7.47, 6.77, 5.84, 6.48], [2.25, 3.01, 2.85, 2.26, 1.93, 2.06, 1.71, 1.08, 1.47, 1.5, 1.57, 1.63, 1.76, 1.65, 1.27, 1.63, 1.57, 1.2, 1.31, 1.62, 1.11, 0.84, 0.78, 0, 1.08, 1.19, 1.96, 2.24, 1.81, 1.86, 2.24, 2.53, 2.38, 1.92, 1.55, 1.8, 2.35, 2.72, 2.42, 2.25, 1.91, 1.53, 1.39, 1.83, 2.08, 2.48, 1.97, 1.57, 1.93, 2.3, 1.93, 1.29, 1.11, 1.21, 1.63, 2.17, 2.01, 2.18, 1.87, 1.97, 1.77, 1.89, 2.75, 3.19, 3.19, 3.54, 3.94, 4.96, 5.25, 5.72, 7.15, 7.04, 6.83, 6.89, 7.08, 7.09, 6.76, 6.05, 5.75, 5.48, 6.91, 8.27, 7.95, 7.27, 6.28, 6.92], [2.47, 3.01, 2.89, 2.34, 2.03, 2.14, 1.75, 1.52, 1.77, 2.0, 2.09, 2.15, 2.02, 1.77, 1.89, 2.15, 2.03, 1.7, 1.71, 2.0, 1.55, 1.44, 1.24, 1.08, 0, 1.49, 2.36, 2.3, 2.19, 2.32, 2.82, 3.07, 2.76, 2.14, 1.77, 1.96, 2.47, 2.94, 2.84, 2.87, 2.37, 1.91, 1.77, 1.93, 1.98, 2.2, 1.89, 1.85, 1.91, 2.2, 1.67, 1.43, 1.33, 1.39, 2.31, 2.75, 2.59, 2.84, 2.53, 2.51, 2.21, 2.47, 3.37, 3.91, 3.83, 3.86, 4.0, 5.08, 5.35, 5.76, 7.21, 7.08, 6.87, 6.95, 7.1, 7.11, 6.72, 6.05, 5.81, 5.52, 6.93, 8.23, 7.95, 7.25, 6.24, 6.88], [2.16, 2.948, 2.868, 2.25, 1.88, 2.07, 1.8, 1.45, 1.72, 1.73, 1.82, 1.82, 2.01, 1.9, 1.46, 1.36, 1.28, 1.29, 1.32, 1.45, 1.26, 1.33, 1.23, 1.19, 1.49, 0, 1.69, 1.99, 1.74, 1.87, 2.41, 2.74, 2.51, 2.23, 1.74, 1.65, 2.1, 2.43, 2.11, 2.16, 1.9, 2.04, 1.46, 2.02, 2.25, 2.61, 2.28, 1.8, 1.76, 2.09, 1.72, 1.32, 1.28, 1.44, 1.5, 1.74, 1.8, 1.93, 1.6, 1.82, 1.68, 1.82, 2.7, 3.14, 2.96, 3.61, 3.93, 4.93, 5.26, 5.73, 7.18, 7.07, 6.86, 6.92, 7.05, 7.06, 6.69, 6.02, 5.76, 5.47, 6.94, 8.18, 7.92, 7.22, 6.21, 6.81], [1.17, 1.95, 1.87, 1.84, 1.79, 1.88, 2.23, 2.22, 2.45, 2.24, 2.15, 2.39, 2.7, 2.55, 1.79, 1.33, 1.39, 1.7, 1.73, 1.32, 1.91, 2.34, 2.3, 1.96, 2.36, 1.69, 0, 0.94, 0.89, 1.32, 1.44, 1.87, 2.16, 2.04, 1.65, 1.24, 1.21, 1.44, 1.4, 1.33, 1.29, 1.49, 2.13, 3.07, 3.36, 3.78, 3.49, 2.87, 1.79, 2.24, 2.09, 2.05, 2.05, 2.03, 1.45, 1.33, 1.25, 1.42, 1.77, 2.65, 2.59, 2.67, 3.15, 3.25, 3.43, 4.14, 4.78, 5.76, 6.11, 6.54, 8.05, 7.98, 7.69, 7.75, 7.96, 7.99, 7.68, 6.97, 6.79, 6.5, 8.23, 9.33, 9.21, 8.53, 7.46, 7.98], [1.05, 1.37, 1.51, 1.58, 1.59, 1.58, 1.89, 2.1, 2.51, 2.22, 2.19, 2.51, 2.86, 2.77, 2.17, 1.67, 1.67, 1.94, 1.85, 1.48, 2.05, 2.72, 2.7, 2.24, 2.3, 1.99, 0.94, 0, 0.85, 1.42, 1.62, 1.95, 2.02, 1.82, 1.41, 1.16, 0.97, 1.24, 1.52, 1.47, 1.05, 1.59, 2.47, 3.49, 3.76, 4.06, 3.55, 2.75, 1.53, 1.8, 1.71, 1.89, 2.09, 2.07, 1.87, 1.75, 1.57, 1.78, 2.21, 3.15, 3.11, 3.13, 3.61, 3.71, 3.93, 4.68, 5.26, 6.24, 6.59, 7.02, 8.51, 8.5, 8.19, 8.23, 8.44, 8.45, 8.14, 7.49, 7.29, 7.0, 8.77, 9.85, 9.73, 9.05, 7.98, 8.56], [1.16, 1.82, 1.66, 1.59, 1.78, 1.57, 1.78, 1.93, 2.28, 2.11, 2.04, 2.38, 2.67, 2.6, 1.82, 1.38, 1.38, 1.71, 1.62, 1.35, 1.8, 2.29, 2.29, 1.81, 2.19, 1.74, 0.89, 0.85, 0, 1.01, 1.23, 1.6, 1.71, 1.53, 1.12, 0.75, 1.02, 1.33, 1.49, 1.52, 0.78, 1.3, 2.04, 3.18, 3.39, 3.77, 3.24, 2.48, 1.44, 1.79, 1.54, 1.52, 1.56, 1.52, 1.48, 1.48, 1.34, 1.59, 1.76, 2.68, 2.58, 2.6, 3.04, 3.18, 3.42, 4.13, 4.69, 5.67, 6.0, 6.45, 7.96, 7.91, 7.6, 7.66, 7.87, 7.9, 7.59, 6.92, 6.76, 6.47, 8.24, 9.3, 9.18, 8.5, 7.45, 8.03], [1.55, 2.49, 2.49, 2.32, 2.09, 1.9, 2.13, 2.2, 2.49, 2.18, 2.11, 2.45, 2.8, 2.51, 1.91, 1.67, 1.55, 1.78, 1.93, 1.86, 1.97, 2.34, 2.28, 1.86, 2.32, 1.87, 1.32, 1.42, 1.01, 0, 0.92, 1.53, 1.36, 1.48, 1.41, 1.4, 1.73, 1.96, 1.82, 1.83, 1.15, 1.25, 2.13, 3.21, 3.48, 3.8, 3.49, 2.71, 2.09, 2.46, 2.01, 1.83, 1.81, 1.61, 1.55, 1.69, 1.49, 1.64, 1.65, 2.43, 2.35, 2.23, 2.77, 2.77, 2.81, 3.62, 4.34, 5.34, 5.65, 6.08, 7.57, 7.58, 7.25, 7.29, 7.5, 7.53, 7.18, 6.57, 6.39, 6.12, 7.89, 8.89, 8.79, 8.11, 7.08, 7.66], [1.61, 2.57, 2.65, 2.56, 2.53, 2.34, 2.77, 2.6, 2.75, 2.34, 2.25, 2.69, 3.0, 2.71, 2.17, 1.89, 1.93, 2.1, 2.19, 1.9, 2.33, 2.68, 2.66, 2.24, 2.82, 2.41, 1.44, 1.62, 1.23, 0.92, 0, 0.79, 1.22, 1.46, 1.53, 1.46, 1.71, 1.84, 1.9, 1.79, 1.21, 1.23, 2.41, 3.59, 3.82, 4.2, 3.81, 3.11, 2.43, 2.86, 2.53, 2.35, 2.37, 2.15, 1.79, 1.95, 1.73, 1.86, 1.93, 2.91, 2.85, 2.69, 3.05, 2.93, 3.13, 3.92, 4.62, 5.64, 6.01, 6.3, 7.91, 7.96, 7.51, 7.49, 7.8, 7.85, 7.52, 6.95, 6.89, 6.58, 8.39, 9.31, 9.25, 8.57, 7.54, 8.14], [1.86, 2.68, 2.88, 2.83, 2.88, 2.57, 2.88, 2.65, 2.7, 2.31, 2.22, 2.68, 3.03, 2.8, 2.26, 2.18, 2.02, 2.25, 2.2, 1.97, 2.42, 2.87, 2.87, 2.53, 3.07, 2.74, 1.87, 1.95, 1.6, 1.53, 0.79, 0, 0.99, 1.51, 1.7, 1.85, 1.92, 2.01, 2.21, 2.0, 1.5, 1.38, 2.54, 3.78, 3.99, 4.31, 3.84, 3.16, 2.7, 3.11, 2.74, 2.5, 2.42, 2.4, 2.14, 2.36, 2.16, 2.19, 2.22, 3.22, 3.08, 2.9, 3.28, 3.04, 3.38, 4.11, 4.83, 5.85, 6.24, 6.51, 8.12, 8.19, 7.7, 7.62, 7.97, 8.04, 7.73, 7.18, 7.12, 6.81, 8.62, 9.58, 9.52, 8.84, 7.81, 8.39], [2.17, 2.73, 2.79, 2.82, 2.73, 2.3, 2.39, 2.22, 2.49, 2.14, 2.01, 2.49, 2.88, 2.69, 2.23, 2.29, 1.99, 2.2, 2.21, 2.24, 2.27, 2.88, 2.86, 2.38, 2.76, 2.51, 2.16, 2.02, 1.71, 1.36, 1.22, 0.99, 0, 1.12, 1.57, 2.02, 2.33, 2.48, 2.74, 2.49, 1.69, 1.43, 2.53, 3.73, 3.92, 4.22, 3.57, 2.73, 2.65, 2.86, 2.45, 2.15, 2.25, 2.19, 2.55, 2.75, 2.41, 2.42, 2.51, 3.25, 3.13, 2.95, 3.59, 3.35, 3.37, 4.16, 4.88, 5.9, 6.29, 6.56, 8.15, 8.22, 7.73, 7.65, 8.02, 8.09, 7.78, 7.21, 7.15, 6.84, 8.65, 9.63, 9.57, 8.89, 7.86, 8.44], [2.09, 2.47, 2.49, 2.46, 2.35, 1.96, 1.87, 1.68, 1.87, 1.52, 1.41, 1.85, 2.3, 2.23, 1.87, 2.05, 1.69, 1.66, 1.61, 1.8, 1.75, 2.36, 2.36, 1.92, 2.14, 2.23, 2.04, 1.82, 1.53, 1.48, 1.46, 1.51, 1.12, 0, 0.91, 1.76, 2.13, 2.3, 2.56, 2.39, 1.53, 1.13, 2.11, 3.13, 3.34, 3.64, 2.97, 2.15, 2.27, 2.36, 1.99, 1.85, 1.93, 1.87, 2.23, 2.47, 2.17, 2.3, 2.25, 2.89, 2.79, 2.53, 3.19, 3.07, 3.31, 3.72, 4.4, 5.44, 5.81, 6.08, 7.69, 7.76, 7.27, 7.25, 7.56, 7.61, 7.3, 6.73, 6.65, 6.34, 8.19, 9.15, 9.09, 8.41, 7.38, 7.96], [1.82, 2.26, 2.06, 1.85, 1.82, 1.63, 1.52, 1.29, 1.54, 1.45, 1.5, 1.76, 2.19, 2.18, 1.6, 1.6, 1.26, 1.33, 1.12, 1.25, 1.4, 2.03, 1.99, 1.55, 1.77, 1.74, 1.65, 1.41, 1.12, 1.41, 1.53, 1.7, 1.57, 0.91, 0, 1.11, 1.64, 1.91, 1.97, 1.96, 1.32, 1.2, 1.82, 2.86, 3.03, 3.27, 2.68, 1.78, 1.56, 1.79, 1.48, 1.34, 1.42, 1.26, 1.56, 1.94, 1.84, 2.11, 1.82, 2.48, 2.4, 2.26, 2.8, 3.02, 3.3, 3.81, 4.29, 5.27, 5.64, 6.05, 7.56, 7.51, 7.2, 7.24, 7.45, 7.5, 7.19, 6.54, 6.44, 6.11, 7.98, 8.94, 8.88, 8.2, 7.17, 7.75], [1.43, 2.13, 2.004, 1.8, 1.83, 1.76, 1.87, 1.84, 2.01, 2.26, 2.23, 2.51, 2.68, 2.69, 1.93, 1.35, 1.47, 1.82, 1.45, 1.24, 1.47, 1.96, 2.1, 1.8, 1.96, 1.65, 1.24, 1.16, 0.75, 1.4, 1.46, 1.85, 2.02, 1.76, 1.11, 0, 0.81, 1.24, 1.22, 1.37, 1.09, 1.47, 2.01, 2.87, 3.08, 3.36, 3.01, 2.25, 1.19, 1.5, 1.43, 1.29, 1.43, 1.41, 1.41, 1.57, 1.51, 1.8, 1.87, 2.67, 2.47, 2.47, 2.99, 3.39, 3.65, 4.26, 4.58, 5.54, 5.87, 6.4, 7.85, 7.7, 7.41, 7.45, 7.54, 7.59, 7.22, 6.59, 6.61, 6.26, 8.01, 8.97, 8.91, 8.23, 7.2, 7.78], [1.2, 1.7, 1.76, 1.73, 1.94, 1.99, 2.24, 2.37, 2.6, 2.69, 2.6, 2.96, 3.19, 3.16, 2.4, 1.8, 1.96, 2.35, 2.02, 1.67, 2.08, 2.61, 2.63, 2.35, 2.47, 2.1, 1.21, 0.97, 1.02, 1.73, 1.71, 1.92, 2.33, 2.13, 1.64, 0.81, 0, 0.83, 1.11, 1.28, 1.32, 1.92, 2.52, 3.5, 3.77, 4.07, 3.68, 2.94, 1.6, 1.73, 1.86, 1.94, 2.04, 1.96, 1.94, 1.82, 1.68, 1.95, 2.34, 3.24, 3.06, 3.04, 3.52, 3.8, 4.06, 4.67, 4.99, 6.05, 6.44, 6.91, 8.32, 8.33, 7.94, 7.98, 8.07, 8.1, 7.79, 7.22, 7.24, 6.85, 8.66, 9.62, 9.56, 8.88, 7.85, 8.43], [1.39, 1.53, 1.89, 1.9, 2.15, 2.38, 2.75, 2.84, 2.95, 2.92, 2.79, 3.17, 3.32, 3.37, 2.61, 2.13, 2.33, 2.72, 2.47, 2.08, 2.47, 2.96, 3.04, 2.72, 2.94, 2.43, 1.44, 1.24, 1.33, 1.96, 1.84, 2.01, 2.48, 2.3, 1.91, 1.24, 0.83, 0, 1.2, 1.23, 1.51, 2.07, 2.65, 3.87, 4.12, 4.4, 4.07, 3.31, 2.03, 2.12, 2.35, 2.37, 2.39, 2.31, 2.01, 1.85, 1.67, 1.92, 2.35, 3.47, 3.27, 3.17, 3.63, 3.81, 4.09, 4.76, 5.2, 6.22, 6.55, 6.9, 8.49, 8.48, 7.99, 7.97, 8.3, 8.33, 8.04, 7.47, 7.41, 7.06, 8.93, 9.91, 9.85, 9.17, 8.14, 8.72], [1.81, 2.47, 2.55, 2.44, 2.49, 2.78, 2.83, 2.76, 2.57, 2.78, 2.81, 3.05, 3.28, 3.19, 2.51, 1.95, 2.27, 2.6, 2.31, 1.94, 2.29, 2.4, 2.66, 2.42, 2.84, 2.11, 1.4, 1.52, 1.49, 1.82, 1.9, 2.21, 2.74, 2.56, 1.97, 1.22, 1.11, 1.2, 0, 0.85, 1.63, 2.21, 2.37, 3.15, 3.54, 3.84, 3.65, 2.95, 1.83, 2.26, 2.29, 2.17, 2.07, 1.93, 1.49, 1.31, 1.31, 1.52, 1.91, 2.79, 2.29, 2.33, 2.93, 3.39, 3.59, 4.24, 4.46, 5.4, 5.73, 6.28, 7.73, 7.62, 7.09, 7.11, 7.24, 7.33, 7.02, 6.47, 6.51, 6.18, 7.89, 8.85, 8.79, 8.11, 7.08, 7.66], [1.7, 2.36, 2.54, 2.47, 2.54, 2.71, 2.88, 2.49, 2.36, 2.45, 2.46, 2.76, 2.87, 2.82, 2.08, 1.66, 1.98, 2.27, 2.08, 1.75, 2.2, 2.41, 2.57, 2.25, 2.87, 2.16, 1.33, 1.47, 1.52, 1.83, 1.79, 2.0, 2.49, 2.39, 1.96, 1.37, 1.28, 1.23, 0.85, 0, 1.28, 1.84, 2.0, 3.18, 3.43, 3.69, 3.46, 2.82, 2.04, 2.51, 2.4, 2.24, 2.2, 2.1, 1.36, 1.28, 1.22, 1.29, 1.72, 2.64, 2.4, 2.32, 2.86, 3.14, 3.38, 4.05, 4.45, 5.39, 5.74, 6.15, 7.66, 7.61, 7.14, 7.14, 7.45, 7.52, 7.21, 6.62, 6.54, 6.25, 8.08, 9.08, 9.02, 8.34, 7.31, 7.89], [1.06, 1.82, 1.88, 1.75, 1.82, 1.73, 1.96, 1.95, 2.2, 1.91, 1.9, 2.24, 2.55, 2.26, 1.64, 1.44, 1.5, 1.73, 1.58, 1.37, 1.86, 2.39, 2.35, 1.91, 2.37, 1.9, 1.29, 1.05, 0.78, 1.15, 1.21, 1.5, 1.69, 1.53, 1.32, 1.09, 1.32, 1.51, 1.63, 1.28, 0, 0.98, 1.94, 3.16, 3.37, 3.73, 3.2, 2.46, 1.68, 2.11, 1.82, 1.76, 1.82, 1.84, 1.52, 1.48, 1.24, 1.35, 1.62, 2.68, 2.72, 2.68, 3.14, 3.08, 3.3, 4.09, 4.73, 5.73, 6.08, 6.41, 7.98, 7.97, 7.56, 7.62, 7.91, 7.96, 7.63, 7.04, 6.84, 6.55, 8.348, 9.44, 9.32, 8.639, 7.61, 8.19], [1.42, 2.36, 2.4, 2.17, 1.92, 1.85, 2.08, 1.75, 1.9, 1.51, 1.4, 1.78, 2.13, 1.9, 1.44, 1.42, 1.48, 1.47, 1.48, 1.57, 1.6, 1.97, 1.93, 1.53, 1.91, 2.04, 1.49, 1.59, 1.3, 1.25, 1.23, 1.38, 1.43, 1.13, 1.2, 1.47, 1.92, 2.07, 2.21, 1.84, 0.98, 0, 1.64, 2.72, 2.97, 3.27, 2.96, 2.38, 2.14, 2.53, 2.12, 1.8, 1.76, 1.8, 1.7, 1.88, 1.62, 1.69, 1.66, 2.52, 2.48, 2.38, 2.88, 2.68, 2.9, 3.59, 4.37, 5.37, 5.72, 5.99, 7.62, 7.61, 7.18, 7.16, 7.53, 7.6, 7.27, 6.68, 6.468, 6.181, 7.971, 9.077, 8.945, 8.262, 7.235, 7.821], [2.3, 3.32, 3.3, 2.79, 2.58, 2.79, 2.46, 1.65, 1.3, 1.33, 1.42, 1.5, 1.53, 1.34, 1.1, 1.58, 1.72, 1.55, 1.48, 1.85, 1.52, 1.47, 1.43, 1.39, 1.77, 1.46, 2.13, 2.47, 2.04, 2.13, 2.41, 2.54, 2.53, 2.11, 1.82, 2.01, 2.52, 2.65, 2.37, 2.0, 1.94, 1.64, 0, 1.52, 1.99, 2.15, 1.9, 1.94, 2.52, 2.77, 2.2, 1.76, 1.62, 1.58, 1.52, 1.88, 1.9, 1.95, 1.6, 1.54, 1.34, 1.44, 2.26, 2.66, 2.72, 3.09, 3.27, 4.13, 4.56, 4.89, 6.34, 6.29, 5.88, 5.96, 6.23, 6.28, 5.95, 5.36, 5.18, 4.87, 6.62, 7.757, 7.625, 6.942, 5.875, 6.441], [3.34, 4.24, 4.14, 3.49, 3.1, 3.35, 2.92, 2.11, 1.72, 2.19, 2.34, 2.04, 1.77, 1.72, 2.0, 2.5, 2.54, 2.21, 2.22, 2.63, 1.86, 1.47, 1.53, 1.83, 1.93, 2.02, 3.07, 3.49, 3.18, 3.21, 3.59, 3.78, 3.73, 3.13, 2.86, 2.87, 3.5, 3.87, 3.15, 3.18, 3.16, 2.72, 1.52, 0, 1.19, 1.47, 1.62, 2.16, 2.84, 3.19, 2.78, 2.44, 2.12, 2.26, 2.48, 2.98, 3.1, 3.17, 2.74, 2.18, 1.56, 2.0, 2.88, 3.66, 3.84, 3.47, 3.51, 4.51, 4.68, 5.31, 6.46, 6.17, 5.74, 5.8, 5.89, 5.9, 5.45, 4.86, 4.82, 4.49, 5.68, 6.94, 6.711, 6.005, 5.03, 5.59], [3.67, 4.555, 4.415, 3.857, 3.53, 3.7, 3.27, 2.36, 1.97, 2.52, 2.61, 2.29, 1.86, 1.85, 2.33, 2.71, 2.79, 2.42, 2.37, 2.78, 1.87, 1.54, 1.82, 2.08, 1.98, 2.25, 3.36, 3.76, 3.39, 3.48, 3.82, 3.99, 3.92, 3.34, 3.03, 3.08, 3.77, 4.12, 3.54, 3.43, 3.37, 2.97, 1.99, 1.19, 0, 1.1, 1.59, 1.97, 2.91, 3.34, 2.93, 2.57, 2.33, 2.39, 2.79, 3.39, 3.45, 3.56, 3.07, 2.53, 1.99, 2.39, 3.13, 3.99, 4.17, 3.54, 3.66, 4.64, 4.51, 5.0, 6.31, 6.0, 5.67, 5.69, 5.78, 5.83, 5.32, 4.71, 4.65, 4.36, 5.45, 6.57, 6.31, 5.59, 4.64, 5.46], [4.03, 4.978, 4.798, 4.245, 3.91, 4.04, 3.71, 2.78, 2.35, 3.02, 3.09, 2.87, 2.36, 2.29, 2.79, 3.21, 3.21, 2.82, 2.79, 3.14, 2.25, 1.86, 1.98, 2.48, 2.2, 2.61, 3.78, 4.06, 3.77, 3.8, 4.2, 4.31, 4.22, 3.64, 3.27, 3.36, 4.07, 4.4, 3.84, 3.69, 3.73, 3.27, 2.15, 1.47, 1.1, 0, 1.45, 2.11, 3.13, 3.68, 3.27, 2.91, 2.67, 2.71, 3.17, 3.73, 3.77, 3.86, 3.49, 2.85, 2.35, 2.69, 3.43, 4.31, 4.53, 3.84, 3.86, 4.72, 4.81, 5.08, 6.11, 5.8, 5.51, 5.51, 5.62, 5.59, 5.18, 4.57, 4.49, 4.22, 5.25, 6.39, 6.11, 5.29, 4.54, 5.34], [3.76, 4.16, 3.985, 3.49, 3.42, 3.25, 2.88, 2.01, 1.76, 2.29, 2.42, 2.34, 2.11, 2.06, 2.24, 2.74, 2.6, 2.25, 2.06, 2.47, 1.88, 1.69, 1.79, 1.97, 1.89, 2.28, 3.49, 3.55, 3.24, 3.49, 3.81, 3.84, 3.57, 2.97, 2.68, 3.01, 3.68, 4.07, 3.65, 3.46, 3.2, 2.96, 1.9, 1.62, 1.59, 1.45, 0, 1.32, 2.56, 3.03, 2.6, 2.16, 1.96, 2.22, 2.96, 3.52, 3.52, 3.63, 3.28, 2.84, 2.24, 2.62, 3.62, 4.32, 4.46, 4.25, 4.29, 5.05, 5.44, 5.85, 6.88, 6.59, 6.2, 6.32, 6.47, 6.5, 6.05, 5.34, 5.2, 4.89, 6.0, 7.28, 6.9, 6.14, 5.37, 6.07], [3.04, 3.3, 3.02, 2.75, 2.6, 2.37, 1.9, 1.23, 1.4, 1.85, 1.96, 2.1, 2.35, 2.32, 1.94, 2.2, 1.96, 1.59, 1.36, 1.67, 1.2, 1.41, 1.67, 1.57, 1.85, 1.8, 2.87, 2.75, 2.48, 2.71, 3.11, 3.16, 2.73, 2.15, 1.78, 2.25, 2.94, 3.31, 2.95, 2.82, 2.46, 2.38, 1.94, 2.16, 1.97, 2.11, 1.32, 0, 1.64, 2.09, 1.8, 1.4, 1.34, 1.6, 2.36, 2.94, 2.84, 3.03, 2.7, 2.6, 2.16, 2.44, 3.56, 4.06, 4.02, 4.41, 4.63, 5.53, 5.84, 6.47, 7.82, 7.53, 7.3, 7.36, 7.47, 7.5, 7.07, 6.36, 6.26, 5.97, 7.08, 8.32, 7.98, 7.22, 6.41, 7.17], [1.86, 2.08, 1.88, 1.53, 1.66, 1.41, 1.44, 1.57, 2.04, 2.37, 2.4, 2.66, 2.95, 2.98, 2.32, 2.0, 1.78, 1.81, 1.54, 1.35, 1.58, 1.89, 2.09, 1.93, 1.91, 1.76, 1.79, 1.53, 1.44, 2.09, 2.43, 2.7, 2.65, 2.27, 1.56, 1.19, 1.6, 2.03, 1.83, 2.04, 1.68, 2.14, 2.52, 2.84, 2.91, 3.13, 2.56, 1.64, 0, 1.01, 1.08, 1.18, 1.28, 1.72, 1.98, 2.14, 2.12, 2.41, 2.56, 3.2, 2.8, 3.1, 3.76, 4.18, 4.38, 5.09, 5.39, 6.31, 6.62, 7.19, 8.62, 8.33, 8.06, 8.1, 8.23, 8.26, 7.85, 7.18, 7.04, 6.77, 7.98, 9.3, 9.0, 8.26, 7.35, 8.05], [2.09, 1.81, 1.55, 1.42, 1.55, 1.5, 1.41, 1.68, 2.15, 2.36, 2.49, 2.77, 3.14, 3.23, 2.73, 2.43, 2.13, 2.26, 1.77, 1.8, 2.03, 2.5, 2.66, 2.3, 2.2, 2.09, 2.24, 1.8, 1.79, 2.46, 2.86, 3.11, 2.86, 2.36, 1.79, 1.5, 1.73, 2.12, 2.26, 2.51, 2.11, 2.53, 2.77, 3.19, 3.34, 3.68, 3.03, 2.09, 1.01, 0, 0.89, 1.33, 1.69, 1.99, 2.39, 2.59, 2.41, 2.72, 2.99, 3.47, 3.17, 3.35, 3.99, 4.51, 4.63, 5.3, 5.58, 6.54, 6.83, 7.38, 8.83, 8.58, 8.35, 8.37, 8.48, 8.51, 8.08, 7.37, 7.35, 7.02, 8.51, 9.57, 9.45, 8.77, 7.74, 8.36], [2.08, 2.24, 1.98, 1.73, 1.7, 1.43, 1.16, 1.45, 1.98, 2.11, 2.26, 2.48, 2.73, 2.82, 2.34, 2.12, 1.72, 1.79, 1.42, 1.45, 1.84, 2.21, 2.27, 1.93, 1.67, 1.72, 2.09, 1.71, 1.54, 2.01, 2.53, 2.74, 2.45, 1.99, 1.48, 1.43, 1.86, 2.35, 2.29, 2.4, 1.82, 2.12, 2.2, 2.78, 2.93, 3.27, 2.6, 1.8, 1.08, 0.89, 0, 1.02, 1.18, 1.4, 2.1, 2.52, 2.34, 2.65, 2.54, 2.82, 2.66, 2.8, 3.56, 4.06, 4.04, 4.81, 5.01, 5.89, 6.26, 6.81, 8.18, 7.99, 7.76, 7.86, 8.01, 8.04, 7.65, 6.94, 6.72, 6.41, 8.04, 9.18, 9.0, 8.32, 7.29, 7.91], [2.2, 2.56, 2.32, 1.97, 1.88, 1.71, 1.2, 1.03, 1.68, 1.85, 2.0, 2.16, 2.41, 2.42, 1.82, 1.8, 1.56, 1.67, 1.16, 1.31, 1.34, 1.53, 1.59, 1.29, 1.43, 1.32, 2.05, 1.89, 1.52, 1.83, 2.35, 2.5, 2.15, 1.85, 1.34, 1.29, 1.94, 2.37, 2.17, 2.24, 1.76, 1.8, 1.76, 2.44, 2.57, 2.91, 2.16, 1.4, 1.18, 1.33, 1.02, 0, 0.6, 1.06, 1.78, 2.26, 2.16, 2.45, 2.22, 2.4, 2.12, 2.34, 3.22, 3.74, 3.6, 4.33, 4.57, 5.51, 5.82, 6.39, 7.82, 7.57, 7.34, 7.4, 7.55, 7.56, 7.19, 6.5, 6.32, 6.01, 7.5, 8.7, 8.5, 7.82, 6.77, 7.39], [2.32, 2.8, 2.631, 2.13, 2.06, 1.91, 1.44, 1.11, 1.6, 1.83, 1.96, 2.16, 2.27, 2.28, 1.74, 1.9, 1.6, 1.45, 1.26, 1.43, 1.32, 1.31, 1.41, 1.11, 1.33, 1.28, 2.05, 2.09, 1.56, 1.81, 2.37, 2.42, 2.25, 1.93, 1.42, 1.43, 2.04, 2.39, 2.07, 2.2, 1.82, 1.76, 1.62, 2.12, 2.33, 2.67, 1.96, 1.34, 1.28, 1.69, 1.18, 0.6, 0, 0.82, 1.66, 2.22, 2.08, 2.39, 2.12, 2.26, 1.82, 2.06, 3.04, 3.54, 3.46, 4.09, 4.33, 5.23, 5.54, 6.11, 7.5, 7.25, 7.04, 7.1, 7.27, 7.28, 6.89, 6.2, 6.0, 5.73, 7.16, 8.44, 8.16, 7.48, 6.45, 7.09], [2.32, 2.96, 2.852, 2.35, 2.24, 2.25, 1.86, 1.43, 1.68, 1.89, 1.92, 2.16, 2.27, 2.26, 1.7, 1.92, 1.66, 1.63, 1.42, 1.65, 1.3, 1.41, 1.57, 1.21, 1.39, 1.44, 2.03, 2.07, 1.52, 1.61, 2.15, 2.4, 2.19, 1.87, 1.26, 1.41, 1.96, 2.31, 1.93, 2.1, 1.84, 1.8, 1.58, 2.26, 2.39, 2.71, 2.22, 1.6, 1.72, 1.99, 1.4, 1.06, 0.82, 0, 1.4, 1.98, 1.94, 2.19, 1.94, 1.92, 1.66, 1.72, 2.66, 3.16, 3.04, 3.65, 3.89, 4.77, 5.18, 5.71, 7.06, 6.91, 6.68, 6.74, 6.91, 6.9, 6.51, 5.84, 5.64, 5.33, 6.94, 8.06, 7.9, 7.22, 6.17, 6.75], [1.92, 2.889, 2.812, 2.41, 2.3, 2.45, 2.42, 1.95, 1.94, 1.91, 1.92, 2.08, 2.27, 2.18, 1.5, 1.32, 1.44, 1.69, 1.48, 1.35, 1.56, 1.67, 1.81, 1.63, 2.31, 1.5, 1.45, 1.87, 1.48, 1.55, 1.79, 2.14, 2.55, 2.23, 1.56, 1.41, 1.94, 2.01, 1.49, 1.36, 1.52, 1.7, 1.52, 2.48, 2.79, 3.17, 2.96, 2.36, 1.98, 2.39, 2.1, 1.78, 1.66, 1.4, 0, 0.78, 1.04, 1.21, 1.04, 1.8, 1.54, 1.52, 2.02, 2.32, 2.56, 3.27, 3.67, 4.63, 4.94, 5.39, 6.88, 6.73, 6.46, 6.5, 6.75, 6.76, 6.45, 5.72, 5.52, 5.23, 6.98, 8.08, 7.96, 7.28, 6.21, 6.79], [1.86, 2.62, 2.68, 2.35, 2.26, 2.57, 2.74, 2.51, 2.48, 2.29, 2.22, 2.36, 2.67, 2.46, 1.8, 1.46, 1.76, 2.13, 2.02, 1.69, 2.16, 2.27, 2.23, 2.17, 2.75, 1.74, 1.33, 1.75, 1.48, 1.69, 1.95, 2.36, 2.75, 2.47, 1.94, 1.57, 1.82, 1.85, 1.31, 1.28, 1.48, 1.88, 1.88, 2.98, 3.39, 3.73, 3.52, 2.94, 2.14, 2.59, 2.52, 2.26, 2.22, 1.98, 0.78, 0, 0.66, 0.73, 0.96, 2.06, 1.92, 1.78, 2.18, 2.36, 2.56, 3.33, 3.83, 4.75, 5.12, 5.51, 7.06, 7.03, 6.62, 6.68, 6.93, 6.98, 6.65, 6.08, 5.9, 5.61, 7.36, 8.46, 8.34, 7.66, 6.59, 7.11], [1.64, 2.32, 2.46, 2.13, 1.96, 2.31, 2.46, 2.35, 2.5, 2.19, 2.14, 2.48, 2.57, 2.42, 1.8, 1.62, 1.8, 2.03, 1.9, 1.73, 2.14, 2.33, 2.29, 2.01, 2.59, 1.8, 1.25, 1.57, 1.34, 1.49, 1.73, 2.16, 2.41, 2.17, 1.84, 1.51, 1.68, 1.67, 1.31, 1.22, 1.24, 1.62, 1.9, 3.1, 3.45, 3.77, 3.52, 2.84, 2.12, 2.41, 2.34, 2.16, 2.08, 1.94, 1.04, 0.66, 0, 0.53, 1.02, 2.24, 2.16, 2.1, 2.52, 2.46, 2.72, 3.55, 4.13, 5.11, 5.46, 5.73, 7.36, 7.37, 6.94, 6.96, 7.29, 7.34, 7.01, 6.42, 6.24, 5.95, 7.7, 8.82, 8.7, 8.02, 6.95, 7.47], [1.79, 2.49, 2.63, 2.34, 2.17, 2.54, 2.77, 2.56, 2.61, 2.18, 2.19, 2.49, 2.66, 2.35, 1.81, 1.63, 1.85, 2.12, 2.05, 1.9, 2.29, 2.5, 2.38, 2.18, 2.84, 1.93, 1.42, 1.78, 1.59, 1.64, 1.86, 2.19, 2.42, 2.3, 2.11, 1.8, 1.95, 1.92, 1.52, 1.29, 1.35, 1.69, 1.95, 3.17, 3.56, 3.86, 3.63, 3.03, 2.41, 2.72, 2.65, 2.45, 2.39, 2.19, 1.21, 0.73, 0.53, 0, 1.09, 2.13, 2.17, 2.09, 2.49, 2.33, 2.53, 3.4, 4.06, 5.06, 5.41, 5.68, 7.31, 7.32, 6.89, 6.87, 7.22, 7.29, 6.96, 6.37, 6.19, 5.9, 7.65, 8.77, 8.65, 7.97, 6.9, 7.42], [2.12, 3.04, 3.195, 2.75, 2.52, 2.67, 2.62, 2.29, 2.24, 1.91, 1.92, 1.98, 2.15, 2.1, 1.46, 1.3, 1.58, 1.81, 1.72, 1.79, 1.98, 2.03, 1.99, 1.87, 2.53, 1.6, 1.77, 2.21, 1.76, 1.65, 1.93, 2.22, 2.51, 2.25, 1.82, 1.87, 2.34, 2.35, 1.91, 1.72, 1.62, 1.66, 1.6, 2.74, 3.07, 3.49, 3.28, 2.7, 2.56, 2.99, 2.54, 2.22, 2.12, 1.94, 1.04, 0.96, 1.02, 1.09, 0, 1.54, 1.68, 1.52, 1.84, 1.82, 2.06, 2.87, 3.37, 4.35, 4.7, 5.03, 6.64, 6.63, 6.2, 6.24, 6.53, 6.58, 6.25, 5.68, 5.5, 5.21, 6.96, 8.06, 7.94, 7.26, 6.19, 6.69], [3.16, 4.169, 4.06, 3.55, 3.24, 3.45, 3.14, 2.41, 2.16, 2.17, 2.34, 2.18, 2.27, 2.12, 1.8, 2.12, 2.2, 2.23, 2.26, 2.45, 2.24, 1.95, 1.91, 1.97, 2.51, 1.82, 2.65, 3.15, 2.68, 2.43, 2.91, 3.22, 3.25, 2.89, 2.48, 2.67, 3.24, 3.47, 2.79, 2.64, 2.68, 2.52, 1.54, 2.18, 2.53, 2.85, 2.84, 2.6, 3.2, 3.47, 2.82, 2.4, 2.26, 1.92, 1.8, 2.06, 2.24, 2.13, 1.54, 0, 1.34, 1.3, 1.48, 2.04, 2.1, 2.37, 2.41, 3.31, 3.68, 4.19, 5.58, 5.43, 5.22, 5.32, 5.51, 5.52, 5.19, 4.48, 4.24, 3.95, 5.68, 6.8, 6.68, 5.999, 4.93, 5.51], [3.18, 4.143, 4.083, 3.47, 3.2, 3.43, 3.0, 2.19, 1.94, 2.19, 2.3, 2.26, 2.21, 2.16, 1.68, 1.96, 2.22, 2.07, 2.14, 2.29, 1.86, 1.59, 1.71, 1.77, 2.21, 1.68, 2.59, 3.11, 2.58, 2.35, 2.85, 3.08, 3.13, 2.79, 2.4, 2.47, 3.06, 3.27, 2.29, 2.4, 2.72, 2.48, 1.34, 1.56, 1.99, 2.35, 2.24, 2.16, 2.8, 3.17, 2.66, 2.12, 1.82, 1.66, 1.54, 1.92, 2.16, 2.17, 1.68, 1.34, 0, 0.94, 1.92, 2.46, 2.5, 2.89, 2.91, 3.85, 4.16, 4.73, 6.14, 5.95, 5.52, 5.48, 5.65, 5.62, 5.29, 4.68, 4.58, 4.31, 5.72, 6.94, 6.72, 6.02, 4.97, 5.59], [3.137, 4.22, 4.192, 3.63, 3.4, 3.63, 3.24, 2.39, 1.86, 2.07, 2.2, 2.06, 2.19, 2.14, 1.76, 2.12, 2.32, 2.23, 2.28, 2.55, 1.98, 1.71, 1.83, 1.89, 2.47, 1.82, 2.67, 3.13, 2.6, 2.23, 2.69, 2.9, 2.95, 2.53, 2.26, 2.47, 3.04, 3.17, 2.33, 2.32, 2.68, 2.38, 1.44, 2.0, 2.39, 2.69, 2.62, 2.44, 3.1, 3.35, 2.8, 2.34, 2.06, 1.72, 1.52, 1.78, 2.1, 2.09, 1.52, 1.3, 0.94, 0, 1.28, 1.86, 2.04, 2.21, 2.47, 3.39, 3.64, 4.25, 5.64, 5.53, 5.18, 5.24, 5.41, 5.46, 5.11, 4.48, 4.34, 4.07, 5.84, 6.84, 6.72, 6.04, 5.01, 5.59], [3.617, 4.7, 4.672, 4.17, 3.94, 4.15, 3.94, 3.25, 2.8, 2.75, 2.82, 2.6, 2.77, 2.72, 2.5, 2.72, 2.92, 2.91, 2.8, 3.11, 2.84, 2.63, 2.63, 2.75, 3.37, 2.7, 3.15, 3.61, 3.04, 2.77, 3.05, 3.28, 3.59, 3.19, 2.8, 2.99, 3.52, 3.63, 2.93, 2.86, 3.14, 2.88, 2.26, 2.88, 3.13, 3.43, 3.62, 3.56, 3.76, 3.99, 3.56, 3.22, 3.04, 2.66, 2.02, 2.18, 2.52, 2.49, 1.84, 1.48, 1.92, 1.28, 0, 1.28, 1.82, 1.75, 1.83, 2.73, 3.06, 3.53, 5.02, 4.95, 4.64, 4.7, 4.89, 4.88, 4.55, 3.94, 3.88, 3.57, 5.36, 6.34, 6.28, 5.6, 4.57, 5.15], [3.62, 4.68, 4.8, 4.35, 4.1, 4.25, 4.14, 3.59, 3.34, 2.93, 2.84, 2.94, 3.15, 3.04, 2.56, 2.9, 3.08, 3.09, 3.14, 3.37, 3.16, 3.19, 3.19, 3.19, 3.91, 3.14, 3.25, 3.71, 3.18, 2.77, 2.93, 3.04, 3.35, 3.07, 3.02, 3.39, 3.8, 3.81, 3.39, 3.14, 3.08, 2.68, 2.66, 3.66, 3.99, 4.31, 4.32, 4.06, 4.18, 4.51, 4.06, 3.74, 3.54, 3.16, 2.32, 2.36, 2.46, 2.33, 1.82, 2.04, 2.46, 1.86, 1.28, 0, 0.98, 1.35, 1.93, 2.97, 3.28, 3.55, 5.18, 5.23, 4.8, 4.72, 5.09, 5.14, 4.79, 4.32, 4.16, 3.87, 5.58, 6.62, 6.5, 5.82, 4.79, 5.37], [3.76, 4.94, 4.98, 4.57, 4.16, 4.39, 4.22, 3.59, 3.5, 2.97, 2.92, 3.1, 3.41, 3.26, 2.86, 3.08, 3.22, 3.21, 3.4, 3.63, 3.44, 3.37, 3.25, 3.19, 3.83, 2.96, 3.43, 3.93, 3.42, 2.81, 3.13, 3.38, 3.37, 3.31, 3.3, 3.65, 4.06, 4.09, 3.59, 3.38, 3.3, 2.9, 2.72, 3.84, 4.17, 4.53, 4.46, 4.02, 4.38, 4.63, 4.04, 3.6, 3.46, 3.04, 2.56, 2.56, 2.72, 2.53, 2.06, 2.1, 2.5, 2.04, 1.82, 0.98, 0, 1.25, 1.99, 2.97, 3.18, 3.43, 5.06, 5.11, 4.72, 4.64, 4.97, 5.04, 4.75, 4.46, 4.3, 3.95, 5.56, 6.6, 6.4, 5.68, 4.69, 5.23], [4.53, 5.75, 5.65, 5.28, 4.95, 5.14, 4.91, 4.14, 3.51, 3.4, 3.39, 3.09, 2.98, 3.01, 3.25, 3.73, 3.89, 3.74, 3.99, 4.3, 3.81, 3.48, 3.38, 3.54, 3.86, 3.61, 4.14, 4.68, 4.13, 3.62, 3.92, 4.11, 4.16, 3.72, 3.81, 4.26, 4.67, 4.76, 4.24, 4.05, 4.09, 3.59, 3.09, 3.47, 3.54, 3.84, 4.25, 4.41, 5.09, 5.3, 4.81, 4.33, 4.09, 3.65, 3.27, 3.33, 3.55, 3.4, 2.87, 2.37, 2.89, 2.21, 1.75, 1.35, 1.25, 0, 1.02, 2.22, 2.15, 2.52, 4.05, 4.1, 3.67, 3.69, 3.96, 4.01, 3.7, 3.39, 3.25, 2.9, 4.57, 5.51, 5.45, 4.77, 3.8, 4.36], [5.25, 6.35, 6.276, 5.82, 5.57, 5.8, 5.39, 4.48, 3.81, 3.98, 4.07, 3.73, 3.5, 3.43, 3.83, 4.17, 4.49, 4.42, 4.39, 4.72, 4.17, 3.74, 3.64, 3.94, 4.0, 3.93, 4.78, 5.26, 4.69, 4.34, 4.62, 4.83, 4.88, 4.4, 4.29, 4.58, 4.99, 5.2, 4.46, 4.45, 4.73, 4.37, 3.27, 3.51, 3.66, 3.86, 4.29, 4.63, 5.39, 5.58, 5.01, 4.57, 4.33, 3.89, 3.67, 3.83, 4.13, 4.06, 3.37, 2.41, 2.91, 2.47, 1.83, 1.93, 1.99, 1.02, 0, 1.36, 1.53, 1.96, 3.39, 3.42, 2.97, 3.01, 3.22, 3.23, 2.94, 2.71, 2.57, 2.22, 3.87, 4.81, 4.73, 4.05, 3.18, 3.7], [6.222, 7.307, 7.233, 6.76, 6.51, 6.74, 6.33, 5.48, 4.77, 4.98, 5.11, 4.77, 4.58, 4.57, 4.81, 5.17, 5.45, 5.38, 5.37, 5.66, 5.17, 4.74, 4.7, 4.96, 5.08, 4.93, 5.76, 6.24, 5.67, 5.34, 5.64, 5.85, 5.9, 5.44, 5.27, 5.54, 6.05, 6.22, 5.4, 5.39, 5.73, 5.37, 4.13, 4.51, 4.64, 4.72, 5.05, 5.53, 6.31, 6.54, 5.89, 5.51, 5.23, 4.77, 4.63, 4.75, 5.11, 5.06, 4.35, 3.31, 3.85, 3.39, 2.73, 2.97, 2.97, 2.22, 1.36, 0, 0.77, 1.3, 2.43, 2.42, 2.03, 2.09, 2.22, 2.27, 2.08, 2.05, 2.03, 2.02, 3.07, 3.99, 3.75, 3.15, 2.52, 2.9], [6.557, 7.66, 7.612, 7.11, 6.88, 7.11, 6.74, 5.83, 5.06, 5.29, 5.42, 5.04, 4.57, 4.72, 5.16, 5.52, 5.8, 5.73, 5.72, 6.03, 5.48, 4.97, 4.99, 5.25, 5.35, 5.26, 6.11, 6.59, 6.0, 5.65, 6.01, 6.24, 6.29, 5.81, 5.64, 5.87, 6.44, 6.55, 5.73, 5.74, 6.08, 5.72, 4.56, 4.68, 4.51, 4.81, 5.44, 5.84, 6.62, 6.83, 6.26, 5.82, 5.54, 5.18, 4.94, 5.12, 5.46, 5.41, 4.7, 3.68, 4.16, 3.64, 3.06, 3.28, 3.18, 2.15, 1.53, 0.77, 0, 0.95, 2.06, 2.05, 1.7, 1.78, 1.87, 1.94, 1.83, 1.94, 1.94, 1.91, 2.8, 3.64, 3.38, 2.84, 2.23, 2.55], [6.93, 8.019, 8.062, 7.58, 7.31, 7.54, 7.21, 6.32, 5.59, 5.64, 5.71, 5.45, 4.94, 5.09, 5.55, 6.01, 6.27, 6.2, 6.19, 6.5, 6.01, 5.54, 5.44, 5.72, 5.76, 5.73, 6.54, 7.02, 6.45, 6.08, 6.3, 6.51, 6.56, 6.08, 6.05, 6.4, 6.91, 6.9, 6.28, 6.15, 6.41, 5.99, 4.89, 5.31, 5.0, 5.08, 5.85, 6.47, 7.19, 7.38, 6.81, 6.39, 6.11, 5.71, 5.39, 5.51, 5.73, 5.68, 5.03, 4.19, 4.73, 4.25, 3.53, 3.55, 3.43, 2.52, 1.96, 1.3, 0.95, 0, 1.69, 1.8, 1.51, 1.41, 1.6, 1.71, 1.74, 2.01, 1.95, 1.84, 2.67, 3.47, 3.17, 2.57, 2.08, 2.36], [8.5, 9.597, 9.532, 9.03, 8.78, 9.01, 8.64, 7.75, 7.02, 7.23, 7.32, 6.98, 6.53, 6.64, 7.1, 7.48, 7.7, 7.63, 7.66, 7.95, 7.46, 6.99, 6.93, 7.15, 7.21, 7.18, 8.05, 8.51, 7.96, 7.57, 7.91, 8.12, 8.15, 7.69, 7.56, 7.85, 8.32, 8.49, 7.73, 7.66, 7.98, 7.62, 6.34, 6.46, 6.31, 6.11, 6.88, 7.82, 8.62, 8.83, 8.18, 7.82, 7.5, 7.06, 6.88, 7.06, 7.36, 7.31, 6.64, 5.58, 6.14, 5.64, 5.02, 5.18, 5.06, 4.05, 3.39, 2.43, 2.06, 1.69, 0, 0.67, 1.2, 1.1, 1.05, 0.94, 1.51, 2.1, 2.12, 2.17, 2.08, 2.2, 2.08, 1.98, 2.13, 1.81], [8.45, 9.522, 9.422, 8.94, 8.63, 8.86, 8.49, 7.58, 6.81, 7.2, 7.33, 6.95, 6.44, 6.59, 7.01, 7.39, 7.59, 7.5, 7.47, 7.78, 7.27, 6.74, 6.76, 7.04, 7.08, 7.07, 7.98, 8.5, 7.91, 7.58, 7.96, 8.19, 8.22, 7.76, 7.51, 7.7, 8.33, 8.48, 7.62, 7.61, 7.97, 7.61, 6.29, 6.17, 6.0, 5.8, 6.59, 7.53, 8.33, 8.58, 7.99, 7.57, 7.25, 6.91, 6.73, 7.03, 7.37, 7.32, 6.63, 5.43, 5.95, 5.53, 4.95, 5.23, 5.11, 4.1, 3.42, 2.42, 2.05, 1.8, 0.67, 0, 0.87, 0.93, 1.02, 1.01, 1.16, 1.69, 1.71, 1.8, 1.77, 1.87, 1.77, 1.69, 1.86, 1.56], [8.06, 9.163, 9.129, 8.65, 8.42, 8.65, 8.26, 7.35, 6.5, 6.81, 6.92, 6.58, 6.07, 6.22, 6.66, 7.08, 7.36, 7.29, 7.24, 7.55, 7.04, 6.51, 6.53, 6.83, 6.87, 6.86, 7.69, 8.19, 7.6, 7.25, 7.51, 7.7, 7.73, 7.27, 7.2, 7.41, 7.94, 7.99, 7.09, 7.14, 7.56, 7.18, 5.88, 5.74, 5.67, 5.51, 6.2, 7.3, 8.06, 8.35, 7.76, 7.34, 7.04, 6.68, 6.46, 6.62, 6.94, 6.89, 6.2, 5.22, 5.52, 5.18, 4.64, 4.8, 4.72, 3.67, 2.97, 2.03, 1.7, 1.51, 1.2, 0.87, 0, 0.76, 0.81, 1.0, 0.81, 1.42, 1.58, 1.63, 1.92, 2.24, 2.1, 1.84, 1.61, 1.63], [8.14, 9.226, 9.229, 8.75, 8.5, 8.73, 8.36, 7.45, 6.58, 6.85, 6.92, 6.64, 6.11, 6.3, 6.74, 7.16, 7.44, 7.37, 7.34, 7.65, 7.08, 6.55, 6.61, 6.89, 6.95, 6.92, 7.75, 8.23, 7.66, 7.29, 7.49, 7.62, 7.65, 7.25, 7.24, 7.45, 7.98, 7.97, 7.11, 7.14, 7.62, 7.16, 5.96, 5.8, 5.69, 5.51, 6.32, 7.36, 8.1, 8.37, 7.86, 7.4, 7.1, 6.74, 6.5, 6.68, 6.96, 6.87, 6.24, 5.32, 5.48, 5.24, 4.7, 4.72, 4.64, 3.69, 3.01, 2.09, 1.78, 1.41, 1.1, 0.93, 0.76, 0, 0.79, 0.86, 0.95, 1.46, 1.64, 1.71, 2.06, 2.36, 2.16, 1.82, 1.61, 1.61], [8.424, 9.527, 9.453, 8.98, 8.73, 8.96, 8.53, 7.62, 6.75, 7.16, 7.27, 6.91, 6.42, 6.57, 7.03, 7.31, 7.63, 7.56, 7.49, 7.82, 7.17, 6.68, 6.74, 7.08, 7.1, 7.05, 7.96, 8.44, 7.87, 7.5, 7.8, 7.97, 8.02, 7.56, 7.45, 7.54, 8.07, 8.3, 7.24, 7.45, 7.91, 7.53, 6.23, 5.89, 5.78, 5.62, 6.47, 7.47, 8.23, 8.48, 8.01, 7.55, 7.27, 6.91, 6.75, 6.93, 7.29, 7.22, 6.53, 5.51, 5.65, 5.41, 4.89, 5.09, 4.97, 3.96, 3.22, 2.22, 1.87, 1.6, 1.05, 1.02, 0.81, 0.79, 0, 0.83, 1.04, 1.75, 2.05, 2.04, 1.97, 2.15, 1.87, 1.77, 1.66, 1.54], [8.472, 9.557, 9.48, 8.99, 8.74, 8.97, 8.54, 7.63, 6.76, 7.21, 7.3, 6.96, 6.45, 6.62, 7.06, 7.34, 7.64, 7.57, 7.5, 7.83, 7.18, 6.71, 6.75, 7.09, 7.11, 7.06, 7.99, 8.45, 7.9, 7.53, 7.85, 8.04, 8.09, 7.61, 7.5, 7.59, 8.1, 8.33, 7.33, 7.52, 7.96, 7.6, 6.28, 5.9, 5.83, 5.59, 6.5, 7.5, 8.26, 8.51, 8.04, 7.56, 7.28, 6.9, 6.76, 6.98, 7.34, 7.29, 6.58, 5.52, 5.62, 5.46, 4.88, 5.14, 5.04, 4.01, 3.23, 2.27, 1.94, 1.71, 0.94, 1.01, 1.0, 0.86, 0.83, 0, 0.91, 1.6, 1.72, 1.83, 1.88, 2.18, 1.96, 1.9, 1.71, 1.57], [8.144, 9.247, 9.167, 8.674, 8.404, 8.64, 8.19, 7.24, 6.45, 6.88, 6.97, 6.63, 6.14, 6.29, 6.75, 7.03, 7.31, 7.22, 7.13, 7.48, 6.75, 6.3, 6.38, 6.76, 6.72, 6.69, 7.68, 8.14, 7.59, 7.18, 7.52, 7.73, 7.78, 7.3, 7.19, 7.22, 7.79, 8.04, 7.02, 7.21, 7.63, 7.27, 5.95, 5.45, 5.32, 5.18, 6.05, 7.07, 7.85, 8.08, 7.65, 7.19, 6.89, 6.51, 6.45, 6.65, 7.01, 6.96, 6.25, 5.19, 5.29, 5.11, 4.55, 4.79, 4.75, 3.7, 2.94, 2.08, 1.83, 1.74, 1.51, 1.16, 0.81, 0.95, 1.04, 0.91, 0, 0.89, 1.23, 1.38, 1.57, 2.03, 1.83, 1.59, 1.24, 1.38], [7.5, 8.569, 8.44, 7.962, 7.697, 7.93, 7.48, 6.55, 5.78, 6.25, 6.36, 6.0, 5.47, 5.64, 6.04, 6.34, 6.58, 6.51, 6.44, 6.77, 6.06, 5.63, 5.71, 6.05, 6.05, 6.02, 6.97, 7.49, 6.92, 6.57, 6.95, 7.18, 7.21, 6.73, 6.54, 6.59, 7.22, 7.47, 6.47, 6.62, 7.04, 6.68, 5.36, 4.86, 4.71, 4.57, 5.34, 6.36, 7.18, 7.37, 6.94, 6.5, 6.2, 5.84, 5.72, 6.08, 6.42, 6.37, 5.68, 4.48, 4.68, 4.48, 3.94, 4.32, 4.46, 3.39, 2.71, 2.05, 1.94, 2.01, 2.1, 1.69, 1.42, 1.46, 1.75, 1.6, 0.89, 0, 0.86, 1.07, 1.94, 2.46, 2.42, 2.14, 1.53, 1.73], [7.3, 8.346, 8.229, 7.69, 7.38, 7.59, 7.22, 6.31, 5.66, 6.05, 6.16, 5.8, 5.25, 5.44, 5.78, 6.18, 6.36, 6.23, 6.28, 6.51, 5.96, 5.45, 5.49, 5.75, 5.81, 5.76, 6.79, 7.29, 6.76, 6.39, 6.89, 7.12, 7.15, 6.65, 6.44, 6.61, 7.24, 7.41, 6.51, 6.54, 6.84, 6.468, 5.18