[[0, 0.51, 0.8, 1.21, 1.61, 2.12, 2.62, 2.77, 2.29, 1.95, 2.0, 2.08, 1.85, 1.53, 2.11, 2.62, 2.22, 2.05, 2.15, 2.01, 2.83, 2.83, 2.44, 2.8, 3.55, 3.46, 3.1, 3.8, 5.115, 5.607, 5.267, 5.372, 4.742, 4.322, 4.278, 4.088, 4.732, 4.878, 4.898, 4.762, 4.278, 4.27, 3.91, 2.89, 2.34, 2.49, 2.62, 2.18, 1.95, 1.93, 2.04, 2.27, 2.34, 2.82, 4.33, 5.64, 5.79, 5.79, 5.52, 6.34, 7.93, 7.48, 7.59, 8.21, 7.67, 7.81, 7.45, 7.57, 6.89, 7.18, 7.92, 8.97, 10.82, 10.52, 9.91, 10.41, 10.33, 9.16, 9.25, 8.16, 7.144, 7.26, 7.62, 7.54, 6.72, 5.39], [0.51, 0, 0.71, 1.24, 1.64, 2.21, 2.69, 2.84, 2.34, 2.04, 2.03, 2.11, 1.84, 1.5, 2.22, 2.71, 2.35, 2.3, 2.3, 2.12, 2.94, 2.94, 2.55, 2.91, 3.7, 3.61, 3.25, 3.93, 5.222, 5.715, 5.395, 5.502, 4.872, 4.452, 4.365, 4.08, 4.705, 4.905, 4.913, 4.749, 4.39, 4.4, 3.9, 2.85, 2.33, 2.38, 2.53, 2.15, 1.92, 1.92, 1.99, 2.2, 2.31, 2.79, 4.24, 5.546, 5.7, 5.7, 5.43, 6.27, 7.84, 7.35, 7.42, 8.1, 7.58, 7.64, 7.28, 7.4, 6.8, 7.09, 7.83, 8.8, 10.65, 10.35, 9.74, 10.24, 10.16, 9.07, 9.14, 8.007, 7.017, 7.107, 7.49, 7.47, 6.65, 5.32], [0.8, 0.71, 0, 0.71, 1.43, 1.96, 2.54, 2.61, 2.13, 1.93, 1.84, 1.88, 1.69, 1.49, 2.45, 2.94, 2.56, 2.47, 2.57, 2.37, 3.13, 3.107, 2.76, 3.12, 3.81, 3.56, 3.16, 4.14, 5.432, 5.925, 5.605, 5.695, 5.045, 4.625, 4.615, 4.328, 4.995, 5.22, 5.22, 4.99, 4.74, 4.75, 4.33, 3.28, 2.72, 2.77, 2.98, 2.54, 2.31, 2.31, 2.42, 2.65, 2.76, 3.26, 4.65, 5.936, 6.095, 6.11, 5.822, 6.622, 8.23, 7.76, 7.73, 8.51, 7.99, 7.99, 7.63, 7.79, 7.21, 7.493, 8.24, 9.17, 11.02, 10.74, 10.05, 10.61, 10.51, 9.456, 9.55, 8.377, 7.418, 7.457, 7.9, 7.86, 7.0, 5.65], [1.21, 1.24, 0.71, 0, 1.02, 1.71, 2.27, 2.38, 2.06, 1.86, 1.87, 1.93, 1.74, 1.66, 2.7, 3.17, 2.77, 2.68, 2.88, 2.76, 3.3, 3.3, 3.05, 3.31, 3.86, 3.61, 3.25, 4.45, 5.747, 6.24, 5.92, 6.005, 5.355, 4.958, 4.97, 4.74, 5.39, 5.65, 5.65, 5.36, 5.15, 5.28, 4.88, 3.85, 3.19, 3.28, 3.49, 3.09, 2.78, 2.78, 2.91, 3.18, 3.33, 3.81, 5.231, 6.526, 6.685, 6.7, 6.412, 7.232, 8.78, 8.31, 8.3, 9.079, 8.553, 8.56, 8.22, 8.38, 7.796, 8.083, 8.812, 9.76, 11.61, 11.33, 10.52, 11.2, 11.08, 10.043, 10.119, 8.95, 8.02, 8.03, 8.49, 8.412, 7.57, 6.22], [1.61, 1.64, 1.43, 1.02, 0, 1.23, 1.79, 2.06, 1.74, 1.56, 1.69, 1.79, 1.64, 1.5, 2.76, 3.15, 2.79, 2.78, 3.26, 3.04, 3.18, 3.22, 3.07, 3.21, 3.6, 3.35, 3.13, 4.55, 5.95, 6.386, 6.066, 5.976, 5.326, 5.106, 5.168, 5.072, 5.725, 5.885, 5.879, 5.7, 5.19, 5.78, 5.36, 4.33, 3.61, 3.7, 3.989, 3.57, 3.22, 3.12, 3.35, 3.62, 3.75, 4.27, 5.74, 7.05, 7.2, 7.2, 6.93, 7.75, 9.3, 8.81, 8.94, 9.6, 9.08, 9.18, 8.82, 8.94, 8.3, 8.59, 9.33, 10.34, 12.19, 11.89, 11.24, 11.78, 11.7, 10.57, 10.64, 9.53, 8.514, 8.63, 8.99, 8.93, 8.07, 6.72], [2.12, 2.21, 1.96, 1.71, 1.23, 0, 0.84, 1.11, 1.09, 0.81, 0.92, 1.06, 1.03, 1.49, 3.21, 3.46, 2.88, 3.21, 3.77, 3.45, 2.93, 2.69, 2.96, 2.98, 2.79, 2.46, 2.6, 4.38, 5.68, 6.085, 5.725, 5.606, 4.982, 5.028, 5.18, 5.09, 5.74, 5.94, 5.92, 5.73, 5.52, 6.23, 5.93, 4.93, 4.216, 4.329, 4.602, 4.156, 3.809, 3.67, 3.86, 4.19, 4.324, 4.88, 6.37, 7.656, 7.85, 7.85, 7.58, 8.417, 10.01, 9.54, 9.53, 10.23, 9.71, 9.73, 9.37, 9.51, 8.95, 9.22, 9.96, 10.89, 12.74, 12.46, 11.85, 12.35, 12.264, 11.217, 11.284, 10.1, 9.141, 9.2, 9.638, 9.6, 8.76, 7.43], [2.62, 2.69, 2.54, 2.27, 1.79, 0.84, 0, 0.85, 0.99, 1.01, 1.26, 1.38, 1.41, 1.99, 3.67, 3.96, 3.34, 3.71, 4.27, 3.93, 3.21, 3.05, 3.4, 3.36, 2.77, 2.52, 2.94, 4.66, 6.0, 6.402, 6.002, 5.872, 5.302, 5.308, 5.458, 5.368, 6.018, 6.18, 6.16, 5.97, 5.92, 6.73, 6.458, 5.433, 4.687, 4.832, 5.092, 4.659, 4.289, 4.114, 4.247, 4.58, 4.787, 5.336, 6.872, 8.168, 8.346, 8.326, 8.053, 8.908, 10.51, 10.0, 9.99, 10.75, 10.23, 10.23, 9.87, 10.024, 9.45, 9.72, 10.46, 11.39, 13.257, 12.98, 12.27, 12.85, 12.767, 11.725, 11.807, 10.614, 9.664, 9.694, 10.157, 10.13, 9.293, 7.972], [2.77, 2.84, 2.61, 2.38, 2.06, 1.11, 0.85, 0, 0.76, 1.16, 1.31, 1.49, 1.5, 1.98, 3.668, 3.97, 3.33, 3.7, 4.26, 3.9, 3.18, 3.12, 3.43, 3.39, 2.94, 2.67, 3.05, 4.73, 6.09, 6.492, 6.166, 6.056, 5.409, 5.358, 5.51, 5.42, 6.07, 6.27, 6.25, 6.04, 5.91, 6.7, 6.428, 5.436, 4.706, 4.842, 5.114, 4.68, 4.333, 4.159, 4.289, 4.622, 4.809, 5.369, 6.885, 8.181, 8.339, 8.339, 8.066, 8.901, 10.499, 9.997, 9.995, 10.742, 10.216, 10.24, 9.88, 10.034, 9.451, 9.718, 10.466, 11.42, 13.267, 12.984, 12.24, 12.869, 12.772, 11.718, 11.794, 10.619, 9.677, 9.702, 10.15, 10.141, 9.3, 7.973], [2.29, 2.34, 2.13, 2.06, 1.74, 1.09, 0.99, 0.76, 0, 0.78, 0.99, 1.09, 1.16, 1.5, 3.14, 3.45, 2.83, 3.2, 3.76, 3.4, 2.86, 2.86, 3.05, 3.03, 2.66, 2.37, 2.71, 4.45, 5.81, 6.212, 5.869, 5.739, 5.129, 5.038, 5.188, 5.078, 5.728, 5.89, 5.87, 5.6, 5.41, 6.2, 5.888, 4.896, 4.169, 4.302, 4.586, 4.161, 3.8, 3.659, 3.789, 4.082, 4.269, 4.829, 6.345, 7.641, 7.799, 7.799, 7.526, 8.361, 9.964, 9.454, 9.455, 10.225, 9.699, 9.703, 9.34, 9.494, 8.94, 9.198, 9.946, 10.88, 12.73, 12.45, 11.749, 12.343, 12.24, 11.178, 11.274, 10.099, 9.154, 9.182, 9.645, 9.601, 8.757, 7.433], [1.95, 2.04, 1.93, 1.86, 1.56, 0.81, 1.01, 1.16, 0.78, 0, 0.53, 0.69, 0.76, 1.18, 2.8, 3.07, 2.47, 2.84, 3.4, 3.06, 2.64, 2.52, 2.65, 2.67, 2.54, 2.29, 2.51, 4.19, 5.53, 5.932, 5.569, 5.456, 4.852, 4.798, 4.948, 4.858, 5.508, 5.668, 5.63, 5.42, 5.17, 5.9, 5.573, 4.549, 3.812, 3.948, 4.235, 3.795, 3.408, 3.273, 3.437, 3.77, 3.897, 4.51, 6.02, 7.278, 7.497, 7.509, 7.242, 8.091, 9.721, 9.251, 9.212, 9.9, 9.383, 9.377, 9.034, 9.14, 8.6, 8.85, 9.59, 10.5, 12.379, 12.127, 11.526, 12.02, 11.935, 10.87, 10.957, 9.762, 8.814, 8.883, 9.329, 9.294, 8.454, 7.124], [2.0, 2.03, 1.84, 1.87, 1.69, 0.92, 1.26, 1.31, 0.99, 0.53, 0, 0.4, 0.61, 1.11, 2.63, 2.9, 2.34, 2.65, 3.21, 2.89, 2.49, 2.33, 2.46, 2.46, 2.45, 2.1, 2.26, 3.92, 5.24, 5.642, 5.279, 5.186, 4.602, 4.548, 4.7, 4.61, 5.26, 5.46, 5.46, 5.23, 4.98, 5.75, 5.406, 4.382, 3.645, 3.761, 4.056, 3.611, 3.203, 3.089, 3.299, 3.592, 3.759, 4.38, 5.851, 7.111, 7.307, 7.343, 7.036, 7.908, 9.534, 9.084, 8.988, 9.693, 9.176, 9.164, 8.807, 8.953, 8.408, 8.66, 9.396, 10.319, 12.186, 11.917, 11.262, 11.796, 11.708, 10.671, 10.754, 9.587, 8.687, 8.679, 9.165, 9.107, 8.293, 6.966], [2.08, 2.11, 1.88, 1.93, 1.79, 1.06, 1.38, 1.49, 1.09, 0.69, 0.4, 0, 0.63, 1.11, 2.67, 2.9, 2.34, 2.65, 3.21, 2.87, 2.43, 2.19, 2.34, 2.34, 2.31, 1.92, 2.06, 3.8, 5.06, 5.448, 5.079, 4.966, 4.362, 4.45, 4.62, 4.53, 5.18, 5.4, 5.4, 5.19, 4.94, 5.761, 5.429, 4.405, 3.648, 3.804, 4.096, 3.651, 3.263, 3.129, 3.279, 3.592, 3.779, 4.42, 5.875, 7.116, 7.31, 7.383, 7.037, 7.93, 9.558, 9.11, 9.025, 9.716, 9.202, 9.182, 8.83, 8.976, 8.436, 8.7, 9.436, 10.359, 12.209, 11.94, 11.302, 11.842, 11.731, 10.674, 10.776, 9.61, 8.709, 8.702, 9.188, 9.151, 8.308, 6.969], [1.85, 1.84, 1.69, 1.74, 1.64, 1.03, 1.41, 1.5, 1.16, 0.76, 0.61, 0.63, 0, 0.92, 2.56, 2.83, 2.41, 2.6, 3.16, 2.86, 2.56, 2.36, 2.39, 2.61, 2.62, 2.21, 2.29, 4.03, 5.27, 5.715, 5.355, 5.253, 4.612, 4.68, 4.85, 4.76, 5.41, 5.63, 5.63, 5.4, 4.99, 5.76, 5.399, 4.375, 3.618, 3.754, 4.006, 3.561, 3.213, 3.099, 3.289, 3.62, 3.769, 4.31, 5.794, 7.046, 7.228, 7.287, 6.936, 7.827, 9.468, 8.98, 8.93, 9.646, 9.129, 9.123, 8.76, 8.906, 8.386, 8.618, 9.366, 10.303, 12.139, 11.873, 11.232, 11.786, 11.664, 10.624, 10.7, 9.531, 8.581, 8.611, 9.078, 9.046, 8.215, 6.879], [1.53, 1.5, 1.49, 1.66, 1.5, 1.49, 1.99, 1.98, 1.5, 1.18, 1.11, 1.11, 0.92, 0, 1.88, 2.19, 1.73, 1.98, 2.56, 2.34, 2.48, 2.48, 2.29, 2.43, 2.7, 2.41, 2.45, 3.99, 5.37, 5.812, 5.466, 5.356, 4.712, 4.6, 4.71, 4.64, 5.31, 5.47, 5.45, 5.2, 4.69, 5.171, 4.762, 3.738, 3.081, 3.117, 3.329, 2.923, 2.636, 2.6, 2.79, 3.04, 3.19, 3.69, 5.049, 6.321, 6.552, 6.555, 6.267, 7.126, 8.73, 8.246, 8.273, 8.947, 8.429, 8.423, 8.063, 8.157, 7.669, 7.916, 8.656, 9.546, 11.396, 11.156, 10.595, 11.081, 10.967, 9.902, 9.989, 8.814, 7.835, 7.92, 8.372, 8.355, 7.461, 6.108], [2.11, 2.22, 2.45, 2.7, 2.76, 3.21, 3.67, 3.668, 3.14, 2.8, 2.63, 2.67, 2.56, 1.88, 0, 1.13, 1.13, 1.1, 1.26, 1.86, 2.44, 2.7, 2.43, 2.57, 3.16, 3.63, 3.29, 4.03, 5.37, 5.683, 5.323, 5.347, 4.617, 4.3, 4.33, 4.22, 4.87, 5.05, 5.09, 5.0, 4.37, 3.96, 3.24, 2.51, 2.29, 2.42, 2.59, 2.37, 2.34, 2.46, 2.41, 2.36, 2.47, 2.89, 3.58, 4.66, 4.913, 4.987, 4.668, 5.716, 7.322, 7.044, 6.876, 7.267, 6.764, 6.849, 6.53, 6.593, 6.09, 6.41, 6.97, 8.007, 9.827, 9.557, 9.098, 9.538, 9.349, 8.194, 8.31, 7.581, 6.703, 6.682, 7.156, 7.276, 6.511, 5.041], [2.62, 2.71, 2.94, 3.17, 3.15, 3.46, 3.96, 3.97, 3.45, 3.07, 2.9, 2.9, 2.83, 2.19, 1.13, 0, 0.82, 0.97, 1.17, 1.73, 2.49, 2.63, 2.32, 2.38, 2.91, 3.576, 3.34, 3.8, 5.2, 5.573, 5.196, 5.223, 4.69, 4.316, 4.28, 4.262, 4.872, 4.94, 5.04, 4.85, 4.46, 3.89, 3.09, 2.62, 2.38, 2.53, 2.86, 2.58, 2.49, 2.63, 2.78, 2.71, 2.56, 2.92, 3.57, 4.438, 4.82, 5.05, 4.581, 5.63, 7.297, 6.862, 6.755, 7.185, 6.794, 6.736, 6.45, 6.41, 6.143, 6.38, 6.94, 7.805, 9.546, 9.421, 9.003, 9.454, 9.171, 8.153, 8.254, 7.37, 6.526, 6.676, 7.136, 7.236, 6.46, 5.11], [2.22, 2.35, 2.56, 2.77, 2.79, 2.88, 3.34, 3.33, 2.83, 2.47, 2.34, 2.34, 2.41, 1.73, 1.13, 0.82, 0, 0.85, 1.23, 1.65, 2.21, 2.29, 2.1, 2.2, 2.57, 2.96, 2.88, 3.7, 5.14, 5.479, 5.156, 5.066, 4.439, 4.239, 4.32, 4.222, 4.872, 5.02, 5.08, 4.87, 4.42, 4.07, 3.43, 2.76, 2.44, 2.49, 2.66, 2.38, 2.29, 2.37, 2.48, 2.49, 2.5, 2.96, 3.911, 5.016, 5.358, 5.508, 5.073, 6.111, 7.783, 7.368, 7.275, 7.746, 7.314, 7.279, 6.893, 6.862, 6.508, 6.8, 7.458, 8.342, 10.124, 9.981, 9.528, 9.966, 9.763, 8.707, 8.786, 7.838, 6.84, 6.973, 7.447, 7.51, 6.74, 5.33], [2.05, 2.3, 2.47, 2.68, 2.78, 3.21, 3.71, 3.7, 3.2, 2.84, 2.65, 2.65, 2.6, 1.98, 1.1, 0.97, 0.85, 0, 0.7, 1.2, 2.08, 2.2, 1.85, 2.01, 2.64, 3.13, 2.89, 3.37, 4.67, 5.083, 4.743, 4.727, 4.14, 3.812, 3.87, 3.812, 4.442, 4.63, 4.77, 4.7, 4.19, 3.74, 3.18, 2.27, 2.07, 2.12, 2.33, 2.05, 1.92, 2.02, 2.19, 2.12, 2.05, 2.57, 3.721, 4.806, 5.162, 5.279, 4.889, 5.927, 7.608, 7.189, 7.179, 7.581, 7.152, 7.164, 6.82, 6.86, 6.367, 6.63, 7.266, 8.23, 10.031, 9.866, 9.433, 9.876, 9.642, 8.512, 8.619, 7.734, 6.716, 6.946, 7.406, 7.346, 6.529, 5.139], [2.15, 2.3, 2.57, 2.88, 3.26, 3.77, 4.27, 4.26, 3.76, 3.4, 3.21, 3.21, 3.16, 2.56, 1.26, 1.17, 1.23, 0.7, 0, 0.9, 2.06, 2.3, 1.83, 1.89, 2.959, 3.652, 3.153, 3.19, 4.467, 4.86, 4.46, 4.487, 3.917, 3.483, 3.49, 3.369, 3.979, 4.23, 4.37, 4.36, 4.01, 3.3, 2.72, 1.91, 1.75, 1.8, 1.99, 1.67, 1.62, 1.74, 1.85, 1.76, 1.75, 2.25, 3.34, 4.329, 4.71, 4.825, 4.451, 5.531, 7.173, 6.858, 6.805, 7.201, 6.772, 6.806, 6.48, 6.5, 6.053, 6.27, 6.83, 7.85, 9.654, 9.489, 9.058, 9.496, 9.262, 8.112, 8.242, 7.454, 6.496, 6.666, 7.106, 7.186, 6.329, 4.919], [2.01, 2.12, 2.37, 2.76, 3.04, 3.45, 3.93, 3.9, 3.4, 3.06, 2.89, 2.87, 2.86, 2.34, 1.86, 1.73, 1.65, 1.2, 0.9, 0, 1.6, 1.86, 1.25, 1.37, 2.54, 3.234, 2.722, 2.51, 3.97, 4.363, 3.903, 3.767, 3.38, 2.98, 2.97, 2.8, 3.41, 3.59, 3.75, 3.76, 3.45, 3.26, 2.96, 2.03, 1.79, 1.9, 2.21, 1.75, 1.58, 1.64, 1.69, 1.66, 1.69, 2.37, 3.626, 4.62, 5.039, 5.159, 4.741, 5.853, 7.454, 7.15, 7.139, 7.532, 7.133, 7.184, 6.953, 6.916, 6.486, 6.663, 7.194, 8.196, 9.993, 9.825, 9.39, 9.799, 9.585, 8.443, 8.596, 7.89, 6.932, 7.082, 7.522, 7.602, 6.749, 5.339], [2.83, 2.94, 3.13, 3.3, 3.18, 2.93, 3.21, 3.18, 2.86, 2.64, 2.49, 2.43, 2.56, 2.48, 2.44, 2.49, 2.21, 2.08, 2.06, 1.6, 0, 0.84, 1.05, 0.91, 1.64, 2.17, 1.81, 2.25, 3.59, 3.82, 3.44, 3.35, 2.46, 2.4, 2.53, 2.4, 3.03, 3.27, 3.45, 3.54, 3.51, 4.069, 3.979, 3.099, 2.39, 2.539, 3.088, 2.682, 2.525, 2.405, 2.341, 2.394, 2.706, 3.59, 4.799, 5.748, 6.264, 6.298, 5.917, 7.169, 8.775, 8.551, 8.315, 8.588, 8.18, 8.197, 7.963, 7.858, 7.503, 7.85, 8.379, 9.252, 11.087, 10.863, 10.552, 10.897, 10.648, 9.51, 9.652, 9.097, 8.148, 8.264, 8.724, 8.861, 8.0, 6.57], [2.83, 2.94, 3.107, 3.3, 3.22, 2.69, 3.05, 3.12, 2.86, 2.52, 2.33, 2.19, 2.36, 2.48, 2.7, 2.63, 2.29, 2.2, 2.3, 1.86, 0.84, 0, 0.91, 0.85, 1.32, 1.71, 1.39, 2.09, 3.21, 3.52, 3.12, 3.05, 2.52, 2.56, 2.73, 2.64, 3.29, 3.59, 3.65, 3.66, 3.73, 4.501, 4.329, 3.402, 2.796, 2.922, 3.29, 2.905, 2.648, 2.588, 2.641, 2.705, 2.889, 3.664, 4.999, 6.168, 6.49, 6.518, 6.162, 7.332, 8.958, 8.582, 8.438, 8.868, 8.357, 8.442, 8.172, 8.244, 7.685, 7.902, 8.558, 9.497, 11.346, 11.162, 10.675, 11.102, 10.942, 9.776, 9.922, 9.049, 8.077, 8.307, 8.747, 8.807, 7.962, 6.612], [2.44, 2.55, 2.76, 3.05, 3.07, 2.96, 3.4, 3.43, 3.05, 2.65, 2.46, 2.34, 2.39, 2.29, 2.43, 2.32, 2.1, 1.85, 1.83, 1.25, 1.05, 0.91, 0, 0.78, 1.83, 2.42, 2.0, 2.04, 3.32, 3.63, 3.25, 3.14, 2.67, 2.53, 2.7, 2.61, 3.22, 3.48, 3.52, 3.51, 3.18, 3.811, 3.639, 2.752, 2.074, 2.267, 2.664, 2.291, 2.027, 1.99, 2.1, 2.13, 2.137, 2.982, 4.213, 5.424, 5.694, 5.771, 5.401, 6.487, 8.111, 7.796, 7.706, 8.141, 7.685, 7.714, 7.451, 7.522, 6.955, 7.229, 7.803, 8.772, 10.622, 10.414, 9.965, 10.376, 10.206, 9.052, 9.223, 8.407, 7.393, 7.58, 8.0, 8.103, 7.312, 5.885], [2.8, 2.91, 3.12, 3.31, 3.21, 2.98, 3.36, 3.39, 3.03, 2.67, 2.46, 2.34, 2.61, 2.43, 2.57, 2.38, 2.2, 2.01, 1.89, 1.37, 0.91, 0.85, 0.78, 0, 1.55, 2.358, 2.0, 2.12, 3.44, 3.67, 3.23, 3.08, 2.69, 2.53, 2.62, 2.55, 3.16, 3.36, 3.42, 3.39, 3.26, 3.911, 3.833, 3.01, 2.38, 2.49, 3.001, 2.652, 2.415, 2.35, 2.36, 2.429, 2.611, 3.384, 4.482, 5.631, 5.957, 5.974, 5.676, 6.905, 8.429, 8.065, 7.897, 8.268, 7.833, 7.921, 7.788, 7.857, 7.302, 7.655, 8.103, 8.984, 10.84, 10.59, 10.162, 10.53, 10.361, 9.199, 9.38, 8.776, 7.89, 8.037, 8.477, 8.62, 7.81, 6.42], [3.55, 3.7, 3.81, 3.86, 3.6, 2.79, 2.77, 2.94, 2.66, 2.54, 2.45, 2.31, 2.62, 2.7, 3.16, 2.91, 2.57, 2.64, 2.959, 2.54, 1.64, 1.32, 1.83, 1.55, 0, 1.01, 1.33, 2.15, 3.45, 3.795, 3.355, 3.202, 2.88, 2.9, 3.05, 3.04, 3.53, 3.77, 3.99, 4.06, 4.379, 5.287, 5.186, 4.335, 3.664, 3.779, 4.228, 3.818, 3.468, 3.388, 3.601, 3.699, 3.798, 4.44, 5.809, 7.009, 7.299, 7.365, 7.001, 8.036, 9.717, 9.284, 9.282, 9.676, 9.222, 9.295, 9.096, 9.182, 8.609, 8.799, 9.395, 10.348, 12.231, 11.962, 11.538, 11.938, 11.76, 10.59, 10.787, 9.933, 8.938, 9.165, 9.605, 9.608, 8.775, 7.445], [3.46, 3.61, 3.56, 3.61, 3.35, 2.46, 2.52, 2.67, 2.37, 2.29, 2.1, 1.92, 2.21, 2.41, 3.63, 3.576, 2.96, 3.13, 3.652, 3.234, 2.17, 1.71, 2.42, 2.358, 1.01, 0, 0.94, 2.7, 3.84, 4.145, 3.745, 3.555, 3.05, 3.45, 3.68, 3.65, 4.08, 4.38, 4.54, 4.59, 5.067, 6.066, 5.875, 4.984, 4.264, 4.319, 4.658, 4.233, 3.882, 3.735, 3.931, 4.155, 4.31, 5.056, 6.479, 7.683, 7.996, 8.034, 7.667, 8.633, 10.337, 9.893, 9.919, 10.396, 9.928, 9.967, 9.589, 9.642, 9.147, 9.365, 10.086, 11.036, 12.862, 12.692, 12.205, 12.645, 12.479, 11.349, 11.464, 10.441, 9.335, 9.594, 10.033, 9.962, 9.07, 7.76], [3.1, 3.25, 3.16, 3.25, 3.13, 2.6, 2.94, 3.05, 2.71, 2.51, 2.26, 2.06, 2.29, 2.45, 3.29, 3.34, 2.88, 2.89, 3.153, 2.722, 1.81, 1.39, 2.0, 2.0, 1.33, 0.94, 0, 2.18, 3.34, 3.65, 3.25, 3.089, 2.51, 2.99, 3.18, 3.15, 3.6, 3.88, 4.04, 4.21, 4.678, 5.552, 5.379, 4.512, 3.863, 3.99, 4.291, 3.842, 3.489, 3.352, 3.545, 3.75, 3.862, 4.495, 6.024, 7.181, 7.502, 7.548, 7.155, 8.163, 9.814, 9.47, 9.53, 10.008, 9.499, 9.573, 9.282, 9.322, 8.779, 8.856, 9.571, 10.642, 12.479, 12.295, 11.813, 12.254, 12.088, 10.916, 11.055, 10.077, 9.009, 9.268, 9.679, 9.602, 8.622, 7.292], [3.8, 3.93, 4.14, 4.45, 4.55, 4.38, 4.66, 4.73, 4.45, 4.19, 3.92, 3.8, 4.03, 3.99, 4.03, 3.8, 3.7, 3.37, 3.19, 2.51, 2.25, 2.09, 2.04, 2.12, 2.15, 2.7, 2.18, 0, 1.76, 2.113, 1.77, 1.852, 1.823, 1.97, 2.02, 2.03, 1.92, 1.88, 2.08, 2.25, 2.88, 3.69, 3.642, 3.0, 3.1, 3.29, 3.2, 2.86, 2.85, 2.93, 3.02, 3.07, 2.86, 3.32, 4.31, 5.28, 5.671, 5.748, 5.402, 6.428, 8.152, 7.81, 7.728, 8.115, 7.643, 7.748, 7.545, 7.618, 7.082, 7.179, 7.79, 8.806, 10.593, 10.411, 9.982, 10.399, 10.179, 9.039, 9.237, 8.393, 7.53, 7.717, 8.177, 8.22, 7.425, 6.038], [5.115, 5.222, 5.432, 5.747, 5.95, 5.68, 6.0, 6.09, 5.81, 5.53, 5.24, 5.06, 5.27, 5.37, 5.37, 5.2, 5.14, 4.67, 4.467, 3.97, 3.59, 3.21, 3.32, 3.44, 3.45, 3.84, 3.34, 1.76, 0, 1.27, 1.69, 2.46, 2.45, 2.43, 2.56, 2.71, 2.4, 2.02, 2.12, 2.15, 2.68, 3.55, 3.965, 4.172, 4.192, 4.256, 4.089, 3.929, 3.862, 4.022, 4.126, 4.116, 4.172, 4.429, 5.15, 5.528, 5.678, 5.692, 5.425, 6.596, 7.938, 7.671, 7.527, 7.732, 7.75, 7.938, 7.418, 7.855, 7.558, 7.205, 7.451, 8.419, 10.118, 10.01, 9.605, 9.99, 9.843, 8.819, 9.326, 8.119, 7.526, 7.759, 8.182, 8.465, 7.765, 6.618], [5.607, 5.715, 5.925, 6.24, 6.386, 6.085, 6.402, 6.492, 6.212, 5.932, 5.642, 5.448, 5.715, 5.812, 5.683, 5.573, 5.479, 5.083, 4.86, 4.363, 3.82, 3.52, 3.63, 3.67, 3.795, 4.145, 3.65, 2.113, 1.27, 0, 1.04, 1.69, 1.9, 2.36, 2.71, 2.9, 2.53, 2.45, 2.61, 2.58, 3.35, 4.297, 4.517, 4.522, 4.525, 4.529, 4.522, 4.442, 4.432, 4.572, 4.519, 4.529, 4.682, 5.022, 5.543, 6.078, 6.471, 6.522, 6.115, 7.283, 8.7, 8.376, 8.345, 8.582, 8.388, 8.571, 8.028, 8.328, 8.051, 7.909, 8.314, 9.159, 10.838, 10.703, 10.346, 10.722, 10.553, 9.569, 9.913, 9.029, 8.176, 8.326, 8.772, 9.095, 8.412, 7.131], [5.267, 5.395, 5.605, 5.92, 6.066, 5.725, 6.002, 6.166, 5.869, 5.569, 5.279, 5.079, 5.355, 5.466, 5.323, 5.196, 5.156, 4.743, 4.46, 3.903, 3.44, 3.12, 3.25, 3.23, 3.355, 3.745, 3.25, 1.77, 1.69, 1.04, 0, 1.09, 1.34, 2.08, 2.43, 2.58, 2.27, 2.281, 2.481, 2.787, 3.605, 4.375, 4.28, 4.182, 4.185, 4.229, 4.182, 4.062, 4.052, 4.172, 4.119, 4.149, 4.202, 4.642, 5.371, 6.121, 6.5, 6.592, 6.237, 7.445, 9.043, 8.776, 8.532, 8.804, 8.429, 8.553, 8.311, 8.408, 7.976, 8.191, 8.574, 9.518, 11.241, 11.109, 10.733, 11.073, 10.839, 9.763, 10.061, 9.277, 8.561, 8.688, 9.125, 9.303, 8.563, 7.188], [5.372, 5.502, 5.695, 6.005, 5.976, 5.606, 5.872, 6.056, 5.739, 5.456, 5.186, 4.966, 5.253, 5.356, 5.347, 5.223, 5.066, 4.727, 4.487, 3.767, 3.35, 3.05, 3.14, 3.08, 3.202, 3.555, 3.089, 1.852, 2.46, 1.69, 1.09, 0, 1.33, 2.17, 2.52, 2.69, 2.62, 2.843, 3.146, 3.359, 4.135, 4.985, 4.963, 4.432, 4.392, 4.459, 4.472, 4.232, 4.239, 4.262, 4.229, 4.339, 4.372, 4.932, 5.709, 6.608, 7.05, 7.116, 6.755, 7.996, 9.498, 9.305, 9.059, 9.462, 9.083, 9.13, 8.956, 8.897, 8.494, 8.727, 9.172, 10.1, 11.952, 11.728, 11.345, 11.658, 11.465, 10.374, 10.578, 9.974, 9.082, 9.228, 9.667, 9.812, 9.021, 7.617], [4.742, 4.872, 5.045, 5.355, 5.326, 4.982, 5.302, 5.409, 5.129, 4.852, 4.602, 4.362, 4.612, 4.712, 4.617, 4.69, 4.439, 4.14, 3.917, 3.38, 2.46, 2.52, 2.67, 2.69, 2.88, 3.05, 2.51, 1.823, 2.45, 1.9, 1.34, 1.33, 0, 1.42, 1.79, 1.84, 2.09, 2.583, 2.9, 3.373, 3.858, 4.67, 4.563, 3.953, 3.659, 3.809, 3.916, 3.719, 3.769, 3.752, 3.559, 3.609, 3.899, 4.719, 5.68, 6.54, 7.135, 7.17, 6.795, 8.043, 9.63, 9.423, 9.167, 9.251, 9.025, 8.917, 8.735, 8.57, 8.348, 8.715, 9.223, 10.072, 11.619, 11.652, 11.399, 11.607, 11.248, 10.2, 10.424, 9.989, 9.04, 9.156, 9.616, 9.753, 8.891, 7.461], [4.322, 4.452, 4.625, 4.958, 5.106, 5.028, 5.308, 5.358, 5.038, 4.798, 4.548, 4.45, 4.68, 4.6, 4.3, 4.316, 4.239, 3.812, 3.483, 2.98, 2.4, 2.56, 2.53, 2.53, 2.9, 3.45, 2.99, 1.97, 2.43, 2.36, 2.08, 2.17, 1.42, 0, 0.77, 0.9, 1.59, 2.33, 2.65, 3.16, 3.53, 4.115, 3.84, 3.584, 3.033, 3.263, 3.461, 3.259, 3.189, 3.289, 3.29, 3.306, 3.459, 4.19, 5.272, 6.159, 6.703, 6.73, 6.37, 7.659, 9.197, 9.0, 8.73, 8.818, 8.604, 8.491, 8.301, 8.087, 7.941, 8.348, 8.793, 9.589, 11.139, 11.176, 10.981, 11.161, 10.724, 9.672, 9.977, 9.545, 8.63, 8.76, 9.2, 9.36, 8.551, 7.147], [4.278, 4.365, 4.615, 4.97, 5.168, 5.18, 5.458, 5.51, 5.188, 4.948, 4.7, 4.62, 4.85, 4.71, 4.33, 4.28, 4.32, 3.87, 3.49, 2.97, 2.53, 2.73, 2.7, 2.62, 3.05, 3.68, 3.18, 2.02, 2.56, 2.71, 2.43, 2.52, 1.79, 0.77, 0, 0.79, 1.68, 2.22, 2.66, 3.13, 3.5, 4.023, 3.723, 3.354, 2.875, 3.139, 3.346, 3.209, 3.099, 3.202, 3.069, 3.179, 3.375, 4.049, 5.105, 6.021, 6.584, 6.596, 6.229, 7.495, 9.079, 8.849, 8.593, 8.71, 8.46, 8.337, 8.198, 8.046, 7.832, 8.241, 8.689, 9.498, 10.987, 11.085, 10.856, 11.061, 10.635, 9.597, 9.832, 9.415, 8.54, 8.687, 9.127, 9.27, 8.461, 7.074], [4.088, 4.08, 4.328, 4.74, 5.072, 5.09, 5.368, 5.42, 5.078, 4.858, 4.61, 4.53, 4.76, 4.64, 4.22, 4.262, 4.222, 3.812, 3.369, 2.8, 2.4, 2.64, 2.61, 2.55, 3.04, 3.65, 3.15, 2.03, 2.71, 2.9, 2.58, 2.69, 1.84, 0.9, 0.79, 0, 1.29, 1.99, 2.39, 3.02, 3.41, 3.835, 3.556, 3.104, 2.65, 2.857, 3.033, 2.896, 2.886, 2.906, 2.796, 2.76, 2.927, 3.753, 4.769, 5.628, 6.203, 6.24, 5.879, 7.162, 8.697, 8.51, 8.24, 8.318, 8.11, 8.006, 7.878, 7.621, 7.498, 7.885, 8.339, 9.109, 10.647, 10.694, 10.481, 10.661, 10.224, 9.199, 9.457, 9.125, 8.207, 8.32, 8.76, 8.92, 8.091, 6.684], [4.732, 4.705, 4.995, 5.39, 5.725, 5.74, 6.018, 6.07, 5.728, 5.508, 5.26, 5.18, 5.41, 5.31, 4.87, 4.872, 4.872, 4.442, 3.979, 3.41, 3.03, 3.29, 3.22, 3.16, 3.53, 4.08, 3.6, 1.92, 2.4, 2.53, 2.27, 2.62, 2.09, 1.59, 1.68, 1.29, 0, 0.94, 1.54, 2.47, 3.0, 3.53, 3.273, 3.16, 3.083, 3.21, 3.32, 3.206, 3.336, 3.416, 3.226, 3.153, 3.24, 3.632, 4.318, 5.079, 5.596, 5.667, 5.306, 6.598, 8.07, 7.917, 7.627, 7.694, 7.583, 7.455, 7.312, 7.155, 7.052, 7.312, 7.766, 8.427, 10.077, 10.013, 9.874, 9.934, 9.537, 8.598, 8.845, 8.552, 7.662, 7.792, 8.232, 8.404, 7.656, 6.269], [4.878, 4.905, 5.22, 5.65, 5.885, 5.94, 6.18, 6.27, 5.89, 5.668, 5.46, 5.4, 5.63, 5.47, 5.05, 4.94, 5.02, 4.63, 4.23, 3.59, 3.27, 3.59, 3.48, 3.36, 3.77, 4.38, 3.88, 1.88, 2.02, 2.45, 2.281, 2.843, 2.583, 2.33, 2.22, 1.99, 0.94, 0, 0.88, 1.73, 2.28, 2.87, 2.95, 3.28, 3.28, 3.47, 3.603, 3.506, 3.616, 3.696, 3.526, 3.493, 3.46, 3.6, 4.09, 4.585, 4.992, 5.069, 4.696, 6.199, 7.461, 7.331, 7.001, 7.073, 7.07, 7.035, 6.875, 7.155, 6.821, 6.976, 7.142, 7.8, 9.45, 9.389, 9.253, 9.338, 8.945, 7.984, 8.469, 7.996, 7.406, 7.496, 7.939, 8.219, 7.542, 6.215], [4.898, 4.913, 5.22, 5.65, 5.879, 5.92, 6.16, 6.25, 5.87, 5.63, 5.46, 5.4, 5.63, 5.45, 5.09, 5.04, 5.08, 4.77, 4.37, 3.75, 3.45, 3.65, 3.52, 3.42, 3.99, 4.54, 4.04, 2.08, 2.12, 2.61, 2.481, 3.146, 2.9, 2.65, 2.66, 2.39, 1.54, 0.88, 0, 1.37, 2.0, 2.67, 3.11, 3.48, 3.38, 3.73, 3.76, 3.66, 3.77, 3.95, 3.8, 3.73, 3.72, 3.812, 4.07, 4.645, 4.712, 4.809, 4.656, 6.219, 7.381, 7.194, 6.721, 6.78, 6.83, 6.83, 6.875, 7.215, 6.818, 7.056, 7.051, 7.561, 9.371, 9.131, 8.9, 9.028, 8.744, 7.694, 8.309, 7.896, 7.406, 7.476, 7.919, 8.199, 7.562, 6.215], [4.762, 4.749, 4.99, 5.36, 5.7, 5.73, 5.97, 6.04, 5.6, 5.42, 5.23, 5.19, 5.4, 5.2, 5.0, 4.85, 4.87, 4.7, 4.36, 3.76, 3.54, 3.66, 3.51, 3.39, 4.06, 4.59, 4.21, 2.25, 2.15, 2.58, 2.787, 3.359, 3.373, 3.16, 3.13, 3.02, 2.47, 1.73, 1.37, 0, 1.65, 2.3, 3.46, 3.81, 3.65, 3.98, 4.096, 3.919, 3.96, 4.072, 4.039, 4.089, 3.979, 4.139, 4.52, 4.918, 4.811, 4.845, 4.835, 6.272, 7.411, 7.121, 6.554, 6.565, 6.9, 6.92, 6.968, 7.348, 7.034, 7.092, 7.101, 7.408, 9.378, 8.878, 8.545, 8.573, 8.411, 7.652, 8.302, 7.752, 7.359, 7.332, 7.835, 8.255, 7.675, 6.411], [4.278, 4.39, 4.74, 5.15, 5.19, 5.52, 5.92, 5.91, 5.41, 5.17, 4.98, 4.94, 4.99, 4.69, 4.37, 4.46, 4.42, 4.19, 4.01, 3.45, 3.51, 3.73, 3.18, 3.26, 4.379, 5.067, 4.678, 2.88, 2.68, 3.35, 3.605, 4.135, 3.858, 3.53, 3.5, 3.41, 3.0, 2.28, 2.0, 1.65, 0, 1.77, 2.87, 3.32, 3.24, 3.55, 3.66, 3.552, 3.53, 3.79, 3.68, 3.63, 3.6, 3.652, 3.95, 4.551, 4.341, 4.255, 4.305, 5.759, 6.664, 6.434, 5.964, 5.912, 6.25, 6.35, 6.481, 7.01, 6.484, 6.539, 6.456, 6.746, 8.714, 8.194, 7.915, 7.991, 7.844, 6.922, 7.649, 7.282, 6.949, 6.902, 7.302, 7.625, 7.085, 5.861], [4.27, 4.4, 4.75, 5.28, 5.78, 6.23, 6.73, 6.7, 6.2, 5.9, 5.75, 5.761, 5.76, 5.171, 3.96, 3.89, 4.07, 3.74, 3.3, 3.26, 4.069, 4.501, 3.811, 3.911, 5.287, 6.066, 5.552, 3.69, 3.55, 4.297, 4.375, 4.985, 4.67, 4.115, 4.023, 3.835, 3.53, 2.87, 2.67, 2.3, 1.77, 0, 1.68, 2.31, 2.63, 3.0, 2.89, 2.81, 3.06, 3.2, 3.25, 3.12, 2.87, 2.77, 3.1, 3.43, 3.496, 3.519, 3.469, 4.924, 6.085, 5.898, 5.416, 5.12, 5.56, 5.58, 5.66, 6.04, 5.72, 5.79, 5.81, 6.24, 7.95, 7.59, 7.439, 7.255, 6.908, 6.086, 6.934, 6.606, 6.114, 6.226, 6.666, 7.009, 6.369, 5.042], [3.91, 3.9, 4.33, 4.88, 5.36, 5.93, 6.458, 6.428, 5.888, 5.573, 5.406, 5.429, 5.399, 4.762, 3.24, 3.09, 3.43, 3.18, 2.72, 2.96, 3.979, 4.329, 3.639, 3.833, 5.186, 5.875, 5.379, 3.642, 3.965, 4.517, 4.28, 4.963, 4.563, 3.84, 3.723, 3.556, 3.273, 2.95, 3.11, 3.46, 2.87, 1.68, 0, 1.47, 1.93, 2.14, 1.99, 2.25, 2.52, 2.82, 2.71, 2.4, 2.19, 1.87, 1.8, 2.49, 2.9, 2.94, 2.65, 3.97, 5.416, 5.206, 4.915, 5.04, 4.82, 4.72, 4.7, 4.82, 4.5, 4.89, 5.13, 5.9, 7.41, 7.39, 7.2, 7.4, 7.044, 5.96, 6.3, 5.83, 5.16, 5.25, 5.67, 5.93, 5.27, 3.92], [2.89, 2.85, 3.28, 3.85, 4.33, 4.93, 5.433, 5.436, 4.896, 4.549, 4.382, 4.405, 4.375, 3.738, 2.51, 2.62, 2.76, 2.27, 1.91, 2.03, 3.099, 3.402, 2.752, 3.01, 4.335, 4.984, 4.512, 3.0, 4.172, 4.522, 4.182, 4.432, 3.953, 3.584, 3.354, 3.104, 3.16, 3.28, 3.48, 3.81, 3.32, 2.31, 1.47, 0, 1.3, 1.25, 1.0, 1.16, 1.45, 1.61, 1.62, 1.31, 1.16, 1.2, 2.11, 3.08, 3.53, 3.63, 3.26, 4.36, 6.017, 5.755, 5.597, 5.81, 5.43, 5.41, 5.17, 5.33, 4.87, 5.16, 5.7, 6.65, 8.28, 8.16, 7.81, 8.17, 7.873, 6.735, 6.894, 6.32, 5.45, 5.576, 6.036, 6.156, 5.3, 3.93], [2.34, 2.33, 2.72, 3.19, 3.61, 4.216, 4.687, 4.706, 4.169, 3.812, 3.645, 3.648, 3.618, 3.081, 2.29, 2.38, 2.44, 2.07, 1.75, 1.79, 2.39, 2.796, 2.074, 2.38, 3.664, 4.264, 3.863, 3.1, 4.192, 4.525, 4.185, 4.392, 3.659, 3.033, 2.875, 2.65, 3.083, 3.28, 3.38, 3.65, 3.24, 2.63, 1.93, 1.3, 0, 0.77, 1.3, 1.16, 1.33, 1.43, 1.3, 1.17, 1.24, 1.84, 2.89, 3.86, 4.39, 4.41, 4.04, 5.28, 6.83, 6.56, 6.31, 6.47, 6.15, 6.09, 5.85, 5.73, 5.49, 6.06, 6.54, 7.29, 8.92, 8.8, 8.55, 8.85, 8.51, 7.42, 7.55, 7.08, 6.13, 6.276, 6.736, 6.856, 6.08, 4.67], [2.49, 2.38, 2.77, 3.28, 3.7, 4.329, 4.832, 4.842, 4.302, 3.948, 3.761, 3.804, 3.754, 3.117, 2.42, 2.53, 2.49, 2.12, 1.8, 1.9, 2.539, 2.922, 2.267, 2.49, 3.779, 4.319, 3.99, 3.29, 4.256, 4.529, 4.229, 4.459, 3.809, 3.263, 3.139, 2.857, 3.21, 3.47, 3.73, 3.98, 3.55, 3.0, 2.14, 1.25, 0.77, 0, 1.05, 1.09, 1.18, 1.3, 1.17, 1.04, 1.21, 1.73, 2.72, 3.73, 4.24, 4.28, 3.89, 5.09, 6.69, 6.365, 6.15, 6.42, 6.02, 6.0, 5.72, 5.64, 5.32, 5.85, 6.39, 7.2, 8.85, 8.73, 8.4, 8.74, 8.503, 7.382, 7.461, 6.85, 5.88, 5.986, 6.466, 6.603, 5.81, 4.42], [2.62, 2.53, 2.98, 3.49, 3.989, 4.602, 5.092, 5.114, 4.586, 4.235, 4.056, 4.096, 4.006, 3.329, 2.59, 2.86, 2.66, 2.33, 1.99, 2.21, 3.088, 3.29, 2.664, 3.001, 4.228, 4.658, 4.291, 3.2, 4.089, 4.522, 4.182, 4.472, 3.916, 3.461, 3.346, 3.033, 3.32, 3.603, 3.76, 4.096, 3.66, 2.89, 1.99, 1.0, 1.3, 1.05, 0, 0.7, 1.01, 1.23, 1.22, 0.97, 1.04, 1.38, 2.47, 3.46, 3.91, 3.99, 3.6, 4.713, 6.397, 6.093, 5.974, 6.27, 5.828, 5.865, 5.47, 5.55, 5.05, 5.36, 6.02, 6.99, 8.752, 8.58, 8.17, 8.59, 8.35, 7.189, 7.35, 6.515, 5.43, 5.68, 6.153, 6.16, 5.44, 4.03], [2.18, 2.15, 2.54, 3.09, 3.57, 4.156, 4.659, 4.68, 4.161, 3.795, 3.611, 3.651, 3.561, 2.923, 2.37, 2.58, 2.38, 2.05, 1.67, 1.75, 2.682, 2.905, 2.291, 2.652, 3.818, 4.233, 3.842, 2.86, 3.929, 4.442, 4.062, 4.232, 3.719, 3.259, 3.209, 2.896, 3.206, 3.506, 3.66, 3.919, 3.552, 2.81, 2.25, 1.16, 1.16, 1.09, 0.7, 0, 0.59, 0.83, 0.92, 0.87, 0.9, 1.46, 2.77, 3.72, 4.17, 4.29, 3.898, 4.933, 6.657, 6.353, 6.27, 6.667, 6.21, 6.25, 5.83, 5.85, 5.41, 5.62, 6.32, 7.37, 9.12, 8.94, 8.51, 8.97, 8.73, 7.569, 7.699, 6.815, 5.69, 5.96, 6.42, 6.42, 5.58, 4.17], [1.95, 1.92, 2.31, 2.78, 3.22, 3.809, 4.289, 4.333, 3.8, 3.408, 3.203, 3.263, 3.213, 2.636, 2.34, 2.49, 2.29, 1.92, 1.62, 1.58, 2.525, 2.648, 2.027, 2.415, 3.468, 3.882, 3.489, 2.85, 3.862, 4.432, 4.052, 4.239, 3.769, 3.189, 3.099, 2.886, 3.336, 3.616, 3.77, 3.96, 3.53, 3.06, 2.52, 1.45, 1.33, 1.18, 1.01, 0.59, 0, 0.56, 0.91, 0.96, 0.99, 1.63, 3.08, 4.13, 4.48, 4.62, 4.208, 5.197, 6.927, 6.597, 6.598, 7.017, 6.54, 6.58, 6.2, 6.24, 5.76, 5.91, 6.61, 7.68, 9.499, 9.29, 8.84, 9.3, 9.1, 7.919, 8.049, 7.083, 5.94, 6.22, 6.691, 6.63, 5.81, 4.42], [1.93, 1.92, 2.31, 2.78, 3.12, 3.67, 4.114, 4.159, 3.659, 3.273, 3.089, 3.129, 3.099, 2.6, 2.46, 2.63, 2.37, 2.02, 1.74, 1.64, 2.405, 2.588, 1.99, 2.35, 3.388, 3.735, 3.352, 2.93, 4.022, 4.572, 4.172, 4.262, 3.752, 3.289, 3.202, 2.906, 3.416, 3.696, 3.95, 4.072, 3.79, 3.2, 2.82, 1.61, 1.43, 1.3, 1.23, 0.83, 0.56, 0, 0.75, 1.04, 1.11, 1.75, 3.34, 4.404, 4.82, 4.9, 4.468, 5.437, 7.187, 6.86, 6.875, 7.337, 6.84, 6.92, 6.5, 6.54, 6.02, 6.15, 6.93, 8.0, 9.799, 9.61, 9.14, 9.6, 9.4, 8.236, 8.349, 7.403, 6.24, 6.5, 6.96, 6.91, 6.05, 4.66], [2.04, 1.99, 2.42, 2.91, 3.35, 3.86, 4.247, 4.289, 3.789, 3.437, 3.299, 3.279, 3.289, 2.79, 2.41, 2.78, 2.48, 2.19, 1.85, 1.69, 2.341, 2.641, 2.1, 2.36, 3.601, 3.931, 3.545, 3.02, 4.126, 4.519, 4.119, 4.229, 3.559, 3.29, 3.069, 2.796, 3.226, 3.526, 3.8, 4.039, 3.68, 3.25, 2.71, 1.62, 1.3, 1.17, 1.22, 0.92, 0.91, 0.75, 0, 0.67, 1.2, 1.94, 3.33, 4.3, 4.83, 4.85, 4.46, 5.555, 7.257, 6.993, 6.834, 7.25, 6.759, 6.833, 6.43, 6.39, 5.93, 6.2, 6.92, 7.93, 9.697, 9.54, 9.07, 9.53, 9.33, 8.166, 8.279, 7.475, 6.37, 6.555, 7.053, 7.08, 6.258, 4.785], [2.27, 2.2, 2.65, 3.18, 3.62, 4.19, 4.58, 4.622, 4.082, 3.77, 3.592, 3.592, 3.62, 3.04, 2.36, 2.71, 2.49, 2.12, 1.76, 1.66, 2.394, 2.705, 2.13, 2.429, 3.699, 4.155, 3.75, 3.07, 4.116, 4.529, 4.149, 4.339, 3.609, 3.306, 3.179, 2.76, 3.153, 3.493, 3.73, 4.089, 3.63, 3.12, 2.4, 1.31, 1.17, 1.04, 0.97, 0.87, 0.96, 1.04, 0.67, 0, 0.93, 1.67, 3.02, 3.97, 4.48, 4.54, 4.15, 5.245, 6.947, 6.683, 6.524, 6.832, 6.378, 6.418, 6.02, 6.04, 5.6, 5.87, 6.55, 7.56, 9.29, 9.15, 8.74, 9.152, 8.92, 7.762, 7.878, 7.13, 6.1, 6.25, 6.75, 6.81, 5.95, 4.48], [2.34, 2.31, 2.76, 3.33, 3.75, 4.324, 4.787, 4.809, 4.269, 3.897, 3.759, 3.779, 3.769, 3.19, 2.47, 2.56, 2.5, 2.05, 1.75, 1.69, 2.706, 2.889, 2.137, 2.611, 3.798, 4.31, 3.862, 2.86, 4.172, 4.682, 4.202, 4.372, 3.899, 3.459, 3.375, 2.927, 3.24, 3.46, 3.72, 3.979, 3.6, 2.87, 2.19, 1.16, 1.24, 1.21, 1.04, 0.9, 0.99, 1.11, 1.2, 0.93, 0, 1.08, 2.57, 3.62, 3.99, 4.09, 3.7, 4.735, 6.437, 6.127, 6.054, 6.473, 6.002, 6.056, 5.71, 5.81, 5.21, 5.4, 6.08, 7.17, 8.974, 8.78, 8.305, 8.762, 8.59, 7.406, 7.539, 6.62, 5.65, 5.8, 6.28, 6.36, 5.58, 4.19], [2.82, 2.79, 3.26, 3.81, 4.27, 4.88, 5.336, 5.369, 4.829, 4.51, 4.38, 4.42, 4.31, 3.69, 2.89, 2.92, 2.96, 2.57, 2.25, 2.37, 3.59, 3.664, 2.982, 3.384, 4.44, 5.056, 4.495, 3.32, 4.429, 5.022, 4.642, 4.932, 4.719, 4.19, 4.049, 3.753, 3.632, 3.6, 3.812, 4.139, 3.652, 2.77, 1.87, 1.2, 1.84, 1.73, 1.38, 1.46, 1.63, 1.75, 1.94, 1.67, 1.08, 0, 1.81, 2.96, 3.29, 3.25, 2.96, 3.88, 5.49, 5.16, 5.199, 5.77, 5.23, 5.37, 5.11, 5.35, 4.61, 4.64, 5.34, 6.43, 8.349, 8.08, 7.51, 7.99, 7.904, 6.717, 6.844, 5.84, 4.97, 5.1, 5.46, 5.54, 4.76, 3.45], [4.33, 4.24, 4.65, 5.231, 5.74, 6.37, 6.872, 6.885, 6.345, 6.02, 5.851, 5.875, 5.794, 5.049, 3.58, 3.57, 3.911, 3.721, 3.34, 3.626, 4.799, 4.999, 4.213, 4.482, 5.809, 6.479, 6.024, 4.31, 5.15, 5.543, 5.371, 5.709, 5.68, 5.272, 5.105, 4.769, 4.318, 4.09, 4.07, 4.52, 3.95, 3.1, 1.8, 2.11, 2.89, 2.72, 2.47, 2.77, 3.08, 3.34, 3.33, 3.02, 2.57, 1.81, 0, 1.55, 1.78, 1.76, 1.37, 2.55, 4.06, 3.77, 3.6, 4.057, 3.56, 3.66, 3.58, 3.84, 3.08, 3.43, 3.81, 4.7, 6.63, 6.35, 5.86, 6.3, 6.174, 5.01, 5.16, 4.47, 3.72, 3.73, 4.17, 4.35, 3.67, 2.32], [5.64, 5.546, 5.936, 6.526, 7.05, 7.656, 8.168, 8.181, 7.641, 7.278, 7.111, 7.116, 7.046, 6.321, 4.66, 4.438, 5.016, 4.806, 4.329, 4.62, 5.748, 6.168, 5.424, 5.631, 7.009, 7.683, 7.181, 5.28, 5.528, 6.078, 6.121, 6.608, 6.54, 6.159, 6.021, 5.628, 5.079, 4.585, 4.645, 4.918, 4.551, 3.43, 2.49, 3.08, 3.86, 3.73, 3.46, 3.72, 4.13, 4.404, 4.3, 3.97, 3.62, 2.96, 1.55, 0, 0.89, 1.27, 0.84, 1.72, 3.11, 2.94, 2.91, 3.05, 2.71, 2.85, 2.65, 2.85, 2.53, 2.62, 2.9, 3.73, 5.46, 5.3, 4.95, 5.33, 5.05, 3.94, 4.19, 3.66, 2.89, 3.02, 3.44, 3.68, 3.0, 1.87], [5.79, 5.7, 6.095, 6.685, 7.2, 7.85, 8.346, 8.339, 7.799, 7.497, 7.307, 7.31, 7.228, 6.552, 4.913, 4.82, 5.358, 5.162, 4.71, 5.039, 6.264, 6.49, 5.694, 5.957, 7.299, 7.996, 7.502, 5.671, 5.678, 6.471, 6.5, 7.05, 7.135, 6.703, 6.584, 6.203, 5.596, 4.992, 4.712, 4.811, 4.341, 3.496, 2.9, 3.53, 4.39, 4.24, 3.91, 4.17, 4.48, 4.82, 4.83, 4.48, 3.99, 3.29, 1.78, 0.89, 0, 0.9, 0.87, 1.63, 2.78, 2.59, 2.6, 2.72, 2.46, 2.7, 2.7, 3.14, 2.62, 2.67, 2.63, 3.4, 5.31, 4.91, 4.52, 4.86, 4.66, 3.47, 4.02, 3.29, 2.86, 2.83, 3.29, 3.57, 2.99, 1.96], [5.79, 5.7, 6.11, 6.7, 7.2, 7.85, 8.326, 8.339, 7.799, 7.509, 7.343, 7.383, 7.287, 6.555, 4.987, 5.05, 5.508, 5.279, 4.825, 5.159, 6.298, 6.518, 5.771, 5.974, 7.365, 8.034, 7.548, 5.748, 5.692, 6.522, 6.592, 7.116, 7.17, 6.73, 6.596, 6.24, 5.667, 5.069, 4.809, 4.845, 4.255, 3.519, 2.94, 3.63, 4.41, 4.28, 3.99, 4.29, 4.62, 4.9, 4.85, 4.54, 4.09, 3.25, 1.76, 1.27, 0.9, 0, 0.89, 1.71, 2.86, 2.59, 2.6, 2.74, 2.56, 2.88, 3.02, 3.34, 2.76, 2.83, 2.73, 3.36, 5.37, 4.93, 4.42, 4.8, 4.76, 3.61, 4.14, 3.31, 2.92, 2.89, 3.33, 3.65, 3.09, 2.18], [5.52, 5.43, 5.822, 6.412, 6.93, 7.58, 8.053, 8.066, 7.526, 7.242, 7.036, 7.037, 6.936, 6.267, 4.668, 4.581, 5.073, 4.889, 4.451, 4.741, 5.917, 6.162, 5.401, 5.676, 7.001, 7.667, 7.155, 5.402, 5.425, 6.115, 6.237, 6.755, 6.795, 6.37, 6.229, 5.879, 5.306, 4.696, 4.656, 4.835, 4.305, 3.469, 2.65, 3.26, 4.04, 3.89, 3.6, 3.898, 4.208, 4.468, 4.46, 4.15, 3.7, 2.96, 1.37, 0.84, 0.87, 0.89, 0, 1.6, 2.91, 2.66, 2.69, 2.93, 2.63, 2.89, 2.73, 3.15, 2.65, 2.56, 2.72, 3.61, 5.42, 5.22, 4.75, 5.17, 5.01, 3.82, 4.19, 3.42, 2.81, 2.84, 3.28, 3.56, 2.98, 1.89], [6.34, 6.27, 6.622, 7.232, 7.75, 8.417, 8.908, 8.901, 8.361, 8.091, 7.908, 7.93, 7.827, 7.126, 5.716, 5.63, 6.111, 5.927, 5.531, 5.853, 7.169, 7.332, 6.487, 6.905, 8.036, 8.633, 8.163, 6.428, 6.596, 7.283, 7.445, 7.996, 8.043, 7.659, 7.495, 7.162, 6.598, 6.199, 6.219, 6.272, 5.759, 4.924, 3.97, 4.36, 5.28, 5.09, 4.713, 4.933, 5.197, 5.437, 5.555, 5.245, 4.735, 3.88, 2.55, 1.72, 1.63, 1.71, 1.6, 0, 1.79, 1.48, 2.13, 2.37, 1.97, 2.25, 2.03, 2.43, 1.87, 1.54, 1.74, 2.81, 4.64, 4.36, 3.83, 4.29, 4.15, 3.04, 3.19, 2.24, 1.55, 1.56, 2.0, 2.3, 1.8, 1.35], [7.93, 7.84, 8.23, 8.78, 9.3, 10.01, 10.51, 10.499, 9.964, 9.721, 9.534, 9.558, 9.468, 8.73, 7.322, 7.297, 7.783, 7.608, 7.173, 7.454, 8.775, 8.958, 8.111, 8.429, 9.717, 10.337, 9.814, 8.152, 7.938, 8.7, 9.043, 9.498, 9.63, 9.197, 9.079, 8.697, 8.07, 7.461, 7.381, 7.411, 6.664, 6.085, 5.416, 6.017, 6.83, 6.69, 6.397, 6.657, 6.927, 7.187, 7.257, 6.947, 6.437, 5.49, 4.06, 3.11, 2.78, 2.86, 2.91, 1.79, 0, 0.87, 1.84, 2.04, 1.82, 2.16, 2.06, 2.42, 2.1, 2.03, 1.39, 1.6, 3.15, 2.79, 2.24, 2.7, 2.84, 2.09, 2.18, 1.49, 1.74, 1.65, 1.75, 2.13, 2.07, 2.8], [7.48, 7.35, 7.76, 8.31, 8.81, 9.54, 10.0, 9.997, 9.454, 9.251, 9.084, 9.11, 8.98, 8.246, 7.044, 6.862, 7.368, 7.189, 6.858, 7.15, 8.551, 8.582, 7.796, 8.065, 9.284, 9.893, 9.47, 7.81, 7.671, 8.376, 8.776, 9.305, 9.423, 9.0, 8.849, 8.51, 7.917, 7.331, 7.194, 7.121, 6.434, 5.898, 5.206, 5.755, 6.56, 6.365, 6.093, 6.353, 6.597, 6.86, 6.993, 6.683, 6.127, 5.16, 3.77, 2.94, 2.59, 2.59, 2.66, 1.48, 0.87, 0, 1.49, 1.83, 1.47, 1.83, 1.75, 2.15, 1.79, 1.66, 1.24, 1.71, 3.5, 3.16, 2.51, 3.07, 3.05, 2.18, 2.41, 1.66, 1.45, 1.32, 1.54, 1.92, 1.66, 2.41], [7.59, 7.42, 7.73, 8.3, 8.94, 9.53, 9.99, 9.995, 9.455, 9.212, 8.988, 9.025, 8.93, 8.273, 6.876, 6.755, 7.275, 7.179, 6.805, 7.139, 8.315, 8.438, 7.706, 7.897, 9.282, 9.919, 9.53, 7.728, 7.527, 8.345, 8.532, 9.059, 9.167, 8.73, 8.593, 8.24, 7.627, 7.001, 6.721, 6.554, 5.964, 5.416, 4.915, 5.597, 6.31, 6.15, 5.974, 6.27, 6.598, 6.875, 6.834, 6.524, 6.054, 5.199, 3.6, 2.91, 2.6, 2.6, 2.69, 2.13, 1.84, 1.49, 0, 1.14, 1.16, 1.16, 1.3, 1.92, 1.5, 1.53, 1.43, 1.84, 3.61, 3.17, 2.52, 2.96, 3.0, 2.07, 2.54, 1.81, 1.78, 1.51, 1.75, 2.09, 1.81, 2.7], [8.21, 8.1, 8.51, 9.079, 9.6, 10.23, 10.75, 10.742, 10.225, 9.9, 9.693, 9.716, 9.646, 8.947, 7.267, 7.185, 7.746, 7.581, 7.201, 7.532, 8.588, 8.868, 8.141, 8.268, 9.676, 10.396, 10.008, 8.115, 7.732, 8.582, 8.804, 9.462, 9.251, 8.818, 8.71, 8.318, 7.694, 7.073, 6.78, 6.565, 5.912, 5.12, 5.04, 5.81, 6.47, 6.42, 6.27, 6.667, 7.017, 7.337, 7.25, 6.832, 6.473, 5.77, 4.057, 3.05, 2.72, 2.74, 2.93, 2.37, 2.04, 1.83, 1.14, 0, 1.04, 1.22, 1.58, 2.06, 1.66, 1.73, 1.39, 1.7, 3.39, 2.93, 2.52, 2.5, 2.62, 1.67, 2.42, 2.11, 1.94, 1.85, 1.99, 2.25, 2.07, 3.06], [7.67, 7.58, 7.99, 8.553, 9.08, 9.71, 10.23, 10.216, 9.699, 9.383, 9.176, 9.202, 9.129, 8.429, 6.764, 6.794, 7.314, 7.152, 6.772, 7.133, 8.18, 8.357, 7.685, 7.833, 9.222, 9.928, 9.499, 7.643, 7.75, 8.388, 8.429, 9.083, 9.025, 8.604, 8.46, 8.11, 7.583, 7.07, 6.83, 6.9, 6.25, 5.56, 4.82, 5.43, 6.15, 6.02, 5.828, 6.21, 6.54, 6.84, 6.759, 6.378, 6.002, 5.23, 3.56, 2.71, 2.46, 2.56, 2.63, 1.97, 1.82, 1.47, 1.16, 1.04, 0, 0.76, 1.16, 1.48, 1.06, 1.35, 1.15, 1.66, 3.41, 3.03, 2.58, 2.92, 2.92, 1.73, 2.16, 1.63, 1.52, 1.41, 1.41, 1.57, 1.43, 2.5], [7.81, 7.64, 7.99, 8.56, 9.18, 9.73, 10.23, 10.24, 9.703, 9.377, 9.164, 9.182, 9.123, 8.423, 6.849, 6.736, 7.279, 7.164, 6.806, 7.184, 8.197, 8.442, 7.714, 7.921, 9.295, 9.967, 9.573, 7.748, 7.938, 8.571, 8.553, 9.13, 8.917, 8.491, 8.337, 8.006, 7.455, 7.035, 6.83, 6.92, 6.35, 5.58, 4.72, 5.41, 6.09, 6.0, 5.865, 6.25, 6.58, 6.92, 6.833, 6.418, 6.056, 5.37, 3.66, 2.85, 2.7, 2.88, 2.89, 2.25, 2.16, 1.83, 1.16, 1.22, 0.76, 0, 0.96, 1.2, 1.16, 1.73, 1.49, 1.8, 3.23, 2.95, 2.68, 2.9, 2.76, 1.73, 2.14, 1.65, 1.68, 1.49, 1.55, 1.75, 1.73, 2.68], [7.45, 7.28, 7.63, 8.22, 8.82, 9.37, 9.87, 9.88, 9.34, 9.034, 8.807, 8.83, 8.76, 8.063, 6.53, 6.45, 6.893, 6.82, 6.48, 6.953, 7.963, 8.172, 7.451, 7.788, 9.096, 9.589, 9.282, 7.545, 7.418, 8.028, 8.311, 8.956, 8.735, 8.301, 8.198, 7.878, 7.312, 6.875, 6.875, 6.968, 6.481, 5.66, 4.7, 5.17, 5.85, 5.72, 5.47, 5.83, 6.2, 6.5, 6.43, 6.02, 5.71, 5.11, 3.58, 2.65, 2.7, 3.02, 2.73, 2.03, 2.06, 1.75, 1.3, 1.58, 1.16, 0.96, 0, 0.98, 0.98, 1.33, 1.41, 2.02, 3.43, 3.25, 2.94, 3.28, 2.98, 2.09, 2.4, 1.45, 1.18, 1.07, 1.37, 1.69, 1.51, 2.44], [7.57, 7.4, 7.79, 8.38, 8.94, 9.51, 10.024, 10.034, 9.494, 9.14, 8.953, 8.976, 8.906, 8.157, 6.593, 6.41, 6.862, 6.86, 6.5, 6.916, 7.858, 8.244, 7.522, 7.857, 9.182, 9.642, 9.322, 7.618, 7.855, 8.328, 8.408, 8.897, 8.57, 8.087, 8.046, 7.621, 7.155, 7.155, 7.215, 7.348, 7.01, 6.04, 4.82, 5.33, 5.73, 5.64, 5.55, 5.85, 6.24, 6.54, 6.39, 6.04, 5.81, 5.35, 3.84, 2.85, 3.14, 3.34, 3.15, 2.43, 2.42, 2.15, 1.92, 2.06, 1.48, 1.2, 0.98, 0, 1.18, 1.83, 1.89, 2.22, 3.47, 3.31, 3.24, 3.42, 3.12, 2.21, 2.24, 1.79, 1.38, 1.35, 1.49, 1.59, 1.47, 2.48], [6.89, 6.8, 7.21, 7.796, 8.3, 8.95, 9.45, 9.451, 8.94, 8.6, 8.408, 8.436, 8.386, 7.669, 6.09, 6.143, 6.508, 6.367, 6.053, 6.486, 7.503, 7.685, 6.955, 7.302, 8.609, 9.147, 8.779, 7.082, 7.558, 8.051, 7.976, 8.494, 8.348, 7.941, 7.832, 7.498, 7.052, 6.821, 6.818, 7.034, 6.484, 5.72, 4.5, 4.87, 5.49, 5.32, 5.05, 5.41, 5.76, 6.02, 5.93, 5.6, 5.21, 4.61, 3.08, 2.53, 2.62, 2.76, 2.65, 1.87, 2.1, 1.79, 1.5, 1.66, 1.06, 1.16, 0.98, 1.18, 0, 1.11, 1.49, 2.18, 3.97, 3.67, 3.26, 3.6, 3.6, 2.37, 2.54, 1.87, 1.28, 1.27, 1.53, 1.59, 1.23, 2.04], [7.18, 7.09, 7.493, 8.083, 8.59, 9.22, 9.72, 9.718, 9.198, 8.85, 8.66, 8.7, 8.618, 7.916, 6.41, 6.38, 6.8, 6.63, 6.27, 6.663, 7.85, 7.902, 7.229, 7.655, 8.799, 9.365, 8.856, 7.179, 7.205, 7.909, 8.191, 8.727, 8.715, 8.348, 8.241, 7.885, 7.312, 6.976, 7.056, 7.092, 6.539, 5.79, 4.89, 5.16, 6.06, 5.85, 5.36, 5.62, 5.91, 6.15, 6.2, 5.87, 5.4, 4.64, 3.43, 2.62, 2.67, 2.83, 2.56, 1.54, 2.03, 1.66, 1.53, 1.73, 1.35, 1.73, 1.33, 1.83, 1.11, 0, 1.04, 2.05, 3.892, 3.58, 3.09, 3.55, 3.65, 2.58, 2.77, 1.9, 1.25, 1.26, 1.52, 1.58, 1.34, 2.17], [7.92, 7.83, 8.24, 8.812, 9.33, 9.96, 10.46, 10.466, 9.946, 9.59, 9.396, 9.436, 9.366, 8.656, 6.97, 6.94, 7.458, 7.266, 6.83, 7.194, 8.379, 8.558, 7.803, 8.103, 9.395, 10.086, 9.571, 7.79, 7.451, 8.314, 8.574, 9.172, 9.223, 8.793, 8.689, 8.339, 7.766, 7.142, 7.051, 7.101, 6.456, 5.81, 5.13, 5.7, 6.54, 6.39, 6.02, 6.32, 6.61, 6.93, 6.92, 6.55, 6.08, 5.34, 3.81, 2.9, 2.63, 2.73, 2.72, 1.74, 1.39, 1.24, 1.43, 1.39, 1.15, 1.49, 1.41, 1.89, 1.49, 1.04, 0, 1.23, 3.1, 2.78, 2.31, 2.77, 2.89, 1.98, 2.43, 1.64, 1.55, 1.48, 1.68, 1.88, 1.94, 2.79], [8.97, 8.8, 9.17, 9.76, 10.34, 10.89, 11.39, 11.42, 10.88, 10.5, 10.319, 10.359, 10.303, 9.546, 8.007, 7.805, 8.342, 8.23, 7.85, 8.196, 9.252, 9.497, 8.772, 8.984, 10.348, 11.036, 10.642, 8.806, 8.419, 9.159, 9.518, 10.1, 10.072, 9.589, 9.498, 9.109, 8.427, 7.8, 7.561, 7.408, 6.746, 6.24, 5.9, 6.65, 7.29, 7.2, 6.99, 7.37, 7.68, 8.0, 7.93, 7.56, 7.17, 6.43, 4.7, 3.73, 3.4, 3.36, 3.61, 2.81, 1.6, 1.71, 1.84, 1.7, 1.66, 1.8, 2.02, 2.22, 2.18, 2.05, 1.23, 0, 2.25, 1.75, 1.48, 1.74, 1.86, 1.25, 1.66, 1.51, 2.14, 2.03, 2.11, 2.31, 2.63, 3.84], [10.82, 10.65, 11.02, 11.61, 12.19, 12.74, 13.257, 13.267, 12.73, 12.379, 12.186, 12.209, 12.139, 11.396, 9.827, 9.546, 10.124, 10.031, 9.654, 9.993, 11.087, 11.346, 10.622, 10.84, 12.231, 12.862, 12.479, 10.593, 10.118, 10.838, 11.241, 11.952, 11.619, 11.139, 10.987, 10.647, 10.077, 9.45, 9.371, 9.378, 8.714, 7.95, 7.41, 8.28, 8.92, 8.85, 8.752, 9.12, 9.499, 9.799, 9.697, 9.29, 8.974, 8.349, 6.63, 5.46, 5.31, 5.37, 5.42, 4.64,