[[0, 1.78, 3.21, 4.35, 4.71, 5.51, 5.38, 4.82, 4.86, 5.44, 5.92, 5.37, 3.94, 2.99, 3.06, 3.39, 3.76, 3.59, 3.27, 3.95, 4.97, 5.11, 4.48, 4.11, 4.27, 3.76, 2.29, 2.49, 3.57, 3.57, 4.14, 4.49, 3.8, 2.4, 2.01, 2.97, 2.89, 2.19, 1.82, 1.95, 1.76, 1.99, 2.3, 2.15, 1.87, 2.02, 2.23, 2.13, 2.09, 2.01, 1.92, 2.12, 2.75, 2.96, 2.99, 3.82, 4.24, 4.741, 5.248, 4.791, 4.24, 3.601, 3.067, 3.057, 4.05, 3.88, 3.34, 4.114, 4.784, 4.17, 3.73, 3.09, 2.63, 2.46, 2.45, 2.71, 2.5, 2.03, 2.48, 3.84, 3.19, 2.96, 2.87, 3.0, 2.73, 2.04], [1.78, 0, 1.59, 2.67, 3.05, 3.89, 3.74, 3.16, 3.2, 3.82, 4.22, 3.71, 2.4, 1.57, 1.84, 2.09, 2.28, 2.75, 3.15, 3.85, 4.33, 4.53, 3.7, 3.45, 3.49, 2.84, 1.43, 1.43, 2.03, 2.13, 2.62, 2.85, 2.2, 1.24, 1.37, 1.69, 1.87, 1.67, 2.48, 2.41, 1.8, 2.75, 2.36, 2.17, 2.13, 2.68, 3.39, 3.49, 3.49, 3.41, 3.34, 3.565, 3.99, 4.203, 4.49, 5.222, 5.722, 6.252, 6.789, 6.332, 5.759, 5.142, 4.568, 4.558, 5.495, 5.371, 4.84, 5.67, 6.325, 5.57, 4.83, 3.91, 3.39, 3.44, 3.39, 3.53, 3.22, 3.07, 3.24, 4.78, 4.17, 3.96, 3.97, 3.86, 3.45, 2.94], [3.21, 1.59, 0, 1.42, 1.72, 2.38, 2.27, 1.89, 1.85, 2.31, 2.77, 2.32, 1.31, 1.44, 1.55, 1.46, 1.63, 2.42, 2.98, 3.52, 3.76, 3.8, 3.13, 2.98, 2.9, 2.01, 1.56, 1.34, 1.22, 1.54, 1.79, 1.72, 1.09, 1.23, 1.8, 1.82, 1.76, 2.28, 3.859, 3.76, 3.07, 3.96, 3.63, 3.38, 3.56, 4.09, 4.86, 5.02, 5.0, 4.88, 4.77, 4.995, 5.42, 5.61, 5.922, 6.652, 7.152, 7.682, 8.233, 7.776, 7.189, 6.566, 5.992, 5.962, 6.919, 6.761, 6.192, 7.039, 7.749, 6.92, 5.76, 4.52, 3.74, 4.07, 4.06, 4.16, 3.83, 4.08, 3.91, 5.49, 5.02, 4.75, 4.78, 4.43, 4.12, 3.69], [4.35, 2.67, 1.42, 0, 1.14, 1.84, 1.89, 1.69, 1.49, 1.85, 1.87, 1.7, 1.13, 1.86, 1.93, 1.54, 1.71, 2.5, 3.16, 3.4, 3.32, 3.38, 2.67, 2.42, 2.46, 1.81, 2.3, 2.14, 1.9, 2.24, 1.85, 1.66, 1.45, 2.07, 2.74, 2.14, 2.18, 3.26, 4.77, 4.757, 4.127, 4.88, 4.53, 4.3, 4.66, 5.21, 5.96, 6.08, 6.06, 5.98, 5.881, 6.103, 6.439, 6.672, 6.996, 7.763, 8.263, 8.793, 9.351, 8.893, 8.31, 7.683, 7.129, 7.079, 8.016, 7.869, 7.329, 8.156, 8.846, 7.893, 6.48, 5.06, 4.36, 4.91, 4.72, 4.96, 4.45, 4.76, 4.55, 6.01, 5.68, 5.43, 5.5, 5.19, 5.06, 4.75], [4.71, 3.05, 1.72, 1.14, 0, 1.24, 1.47, 1.65, 1.41, 1.39, 1.63, 1.2, 1.19, 2.18, 2.25, 1.96, 2.07, 3.0, 3.64, 3.74, 3.3, 3.06, 2.53, 2.42, 2.48, 2.13, 2.66, 2.42, 1.92, 2.2, 2.11, 2.06, 1.69, 2.43, 3.08, 2.4, 2.5, 3.593, 5.076, 5.056, 4.426, 5.139, 4.75, 4.58, 5.0, 5.59, 6.32, 6.4, 6.38, 6.34, 6.255, 6.478, 6.828, 7.034, 7.364, 8.138, 8.638, 9.188, 9.74, 9.268, 8.69, 8.038, 7.483, 7.473, 8.431, 8.263, 7.723, 8.551, 9.221, 8.268, 6.92, 5.48, 4.76, 5.25, 5.06, 5.26, 4.77, 5.14, 4.91, 6.33, 6.1, 5.83, 5.84, 5.47, 5.38, 5.05], [5.51, 3.89, 2.38, 1.84, 1.24, 0, 0.75, 1.31, 1.25, 0.77, 0.93, 0.96, 2.01, 3.04, 2.89, 2.54, 2.75, 3.48, 4.12, 4.16, 3.7, 3.38, 2.99, 3.04, 3.08, 2.93, 3.5, 3.22, 2.26, 2.36, 2.17, 2.26, 2.39, 3.23, 3.92, 3.18, 3.14, 4.34, 5.978, 5.891, 5.224, 5.957, 5.73, 5.5, 5.74, 6.27, 7.04, 7.22, 7.2, 7.08, 6.97, 7.195, 7.585, 7.792, 8.105, 8.835, 9.35, 9.88, 10.44, 9.976, 9.41, 8.726, 8.212, 8.182, 9.14, 9.01, 8.45, 9.26, 9.909, 8.956, 7.58, 6.02, 5.32, 5.91, 5.66, 5.8, 5.35, 5.84, 5.53, 6.95, 6.84, 6.57, 6.56, 6.21, 6.14, 5.81], [5.38, 3.74, 2.27, 1.89, 1.47, 0.75, 0, 1.16, 1.06, 0.78, 0.94, 1.25, 2.0, 2.87, 2.74, 2.51, 2.76, 3.45, 4.07, 4.15, 3.81, 3.59, 3.16, 3.15, 3.25, 3.0, 3.43, 3.07, 2.11, 2.23, 2.08, 2.11, 2.3, 3.12, 3.73, 3.03, 3.05, 4.15, 5.828, 5.73, 5.057, 5.819, 5.58, 5.35, 5.57, 6.08, 6.87, 7.03, 7.01, 6.89, 6.78, 7.005, 7.41, 7.591, 7.932, 8.642, 9.18, 9.69, 10.23, 9.77, 9.22, 8.54, 8.02, 8.01, 8.95, 8.8, 8.26, 9.07, 9.705, 8.77, 7.39, 5.77, 5.21, 5.64, 5.49, 5.69, 5.2, 5.69, 5.38, 6.76, 6.63, 6.38, 6.41, 6.14, 6.01, 5.68], [4.82, 3.16, 1.89, 1.69, 1.65, 1.31, 1.16, 0, 1.02, 1.54, 1.58, 1.47, 1.58, 2.35, 2.2, 1.91, 2.0, 2.65, 3.27, 3.61, 3.65, 3.61, 2.9, 2.97, 2.97, 2.4, 2.97, 2.67, 1.65, 1.65, 1.58, 1.67, 1.86, 2.72, 3.27, 2.47, 2.51, 3.67, 5.306, 5.227, 4.557, 5.29, 5.08, 4.85, 5.03, 5.62, 6.35, 6.51, 6.49, 6.39, 6.32, 6.548, 6.93, 7.174, 7.435, 8.185, 8.7, 9.23, 9.79, 9.318, 8.76, 8.088, 7.553, 7.523, 8.49, 8.36, 7.8, 8.61, 9.251, 8.298, 7.05, 5.33, 4.71, 5.22, 5.05, 5.15, 4.66, 5.21, 4.94, 6.16, 6.23, 5.98, 5.95, 5.66, 5.51, 5.2], [4.86, 3.2, 1.85, 1.49, 1.41, 1.25, 1.06, 1.02, 0, 1.1, 1.4, 1.39, 1.72, 2.35, 2.16, 2.15, 2.22, 3.05, 3.67, 4.05, 3.81, 3.65, 3.08, 3.07, 3.15, 2.72, 2.91, 2.61, 1.71, 1.67, 1.5, 1.51, 1.9, 2.74, 3.27, 2.49, 2.65, 3.79, 5.368, 5.293, 4.643, 5.339, 5.14, 4.91, 5.15, 5.719, 6.45, 6.51, 6.49, 6.47, 6.382, 6.605, 6.99, 7.223, 7.497, 8.265, 8.765, 9.315, 9.87, 9.415, 8.82, 8.2, 7.651, 7.601, 8.59, 8.411, 7.911, 8.698, 9.348, 8.395, 7.09, 5.35, 4.79, 5.32, 5.13, 5.21, 4.78, 5.29, 5.02, 6.22, 6.23, 5.98, 5.97, 5.68, 5.57, 5.24], [5.44, 3.82, 2.31, 1.85, 1.39, 0.77, 0.78, 1.54, 1.1, 0, 0.88, 1.13, 2.06, 3.03, 2.76, 2.61, 2.76, 3.49, 4.13, 4.23, 3.85, 3.41, 3.16, 3.07, 3.15, 2.96, 3.45, 3.17, 2.33, 2.41, 2.24, 2.33, 2.44, 3.24, 3.81, 3.09, 3.15, 4.29, 5.857, 5.756, 5.103, 5.842, 5.64, 5.39, 5.65, 6.14, 6.91, 7.05, 7.03, 6.93, 6.816, 7.039, 7.49, 7.643, 7.969, 8.716, 9.199, 9.766, 10.29, 9.846, 9.24, 8.62, 8.082, 8.07, 9.049, 8.862, 8.36, 9.169, 9.799, 8.826, 7.47, 5.99, 5.27, 5.84, 5.61, 5.77, 5.36, 5.79, 5.5, 6.98, 6.75, 6.46, 6.51, 6.22, 6.11, 5.76], [5.92, 4.22, 2.77, 1.87, 1.63, 0.93, 0.94, 1.58, 1.4, 0.88, 0, 1.11, 2.24, 3.19, 3.12, 2.75, 2.9, 3.67, 4.33, 4.41, 4.01, 3.73, 3.3, 3.23, 3.29, 3.08, 3.83, 3.55, 2.59, 2.69, 2.38, 2.47, 2.66, 3.58, 4.19, 3.35, 3.43, 4.67, 6.226, 6.167, 5.537, 6.259, 5.98, 5.75, 6.07, 6.62, 7.37, 7.49, 7.47, 7.39, 7.291, 7.513, 7.869, 8.097, 8.426, 9.173, 9.693, 10.23, 10.79, 10.33, 9.76, 9.093, 8.579, 8.549, 9.49, 9.339, 8.8, 9.61, 10.256, 9.323, 7.89, 6.35, 5.73, 6.32, 6.09, 6.25, 5.74, 6.23, 5.88, 7.24, 7.15, 6.88, 6.91, 6.62, 6.55, 6.22], [5.37, 3.71, 2.32, 1.7, 1.2, 0.96, 1.25, 1.47, 1.39, 1.13, 1.11, 0, 1.61, 2.78, 2.89, 2.46, 2.49, 3.3, 3.96, 4.14, 3.78, 3.42, 2.99, 2.88, 2.92, 2.55, 3.26, 3.08, 2.28, 2.38, 2.11, 2.22, 2.25, 3.11, 3.74, 3.0, 3.04, 4.14, 5.653, 5.599, 4.992, 5.74, 5.31, 5.12, 5.56, 6.163, 6.9, 6.98, 6.98, 6.92, 6.846, 7.069, 7.419, 7.612, 7.979, 8.709, 9.249, 9.78, 10.34, 9.88, 9.31, 8.649, 8.115, 8.105, 9.04, 8.875, 8.33, 9.16, 9.812, 8.9, 7.54, 6.14, 5.38, 5.97, 5.78, 5.96, 5.51, 5.9, 5.51, 6.83, 6.74, 6.53, 6.54, 6.21, 6.02, 5.73], [3.94, 2.4, 1.31, 1.13, 1.19, 2.01, 2.0, 1.58, 1.72, 2.06, 2.24, 1.61, 0, 1.41, 1.64, 1.43, 1.62, 2.41, 3.05, 3.37, 3.41, 3.39, 2.64, 2.49, 2.37, 1.7, 1.95, 1.85, 1.55, 1.87, 1.84, 1.95, 1.5, 1.76, 2.37, 1.75, 1.75, 2.75, 4.234, 4.215, 3.611, 4.37, 3.98, 3.75, 4.17, 4.78, 5.51, 5.59, 5.59, 5.53, 5.45, 5.673, 6.029, 6.216, 6.589, 7.313, 7.853, 8.39, 8.95, 8.483, 7.92, 7.233, 6.699, 6.689, 7.63, 7.479, 6.92, 7.766, 8.396, 7.483, 6.21, 4.93, 4.19, 4.66, 4.49, 4.65, 4.2, 4.55, 4.34, 5.78, 5.53, 5.28, 5.29, 4.86, 4.71, 4.38], [2.99, 1.57, 1.44, 1.86, 2.18, 3.04, 2.87, 2.35, 2.35, 3.03, 3.19, 2.78, 1.41, 0, 1.01, 1.18, 1.43, 1.92, 2.48, 3.08, 3.38, 3.52, 2.69, 2.48, 2.4, 1.81, 1.34, 1.3, 1.42, 1.68, 2.01, 1.98, 1.33, 0.95, 1.46, 1.08, 1.12, 1.86, 3.23, 3.277, 2.79, 3.36, 3.19, 2.82, 3.16, 3.754, 4.5, 4.56, 4.56, 4.52, 4.417, 4.64, 5.019, 5.283, 5.6, 6.3, 6.8, 7.38, 7.92, 7.5, 6.89, 6.29, 5.746, 5.7, 6.66, 6.506, 5.99, 6.76, 7.403, 6.48, 5.08, 3.78, 3.26, 3.65, 3.46, 3.64, 3.11, 3.4, 3.19, 4.67, 4.46, 4.19, 4.2, 4.05, 3.88, 3.49], [3.06, 1.84, 1.55, 1.93, 2.25, 2.89, 2.74, 2.2, 2.16, 2.76, 3.12, 2.89, 1.64, 1.01, 0, 0.75, 0.94, 1.45, 1.79, 2.29, 2.69, 2.91, 2.16, 1.89, 1.97, 1.6, 1.37, 1.57, 1.83, 1.97, 2.28, 2.27, 1.48, 1.3, 1.53, 1.13, 1.09, 1.99, 3.52, 3.39, 2.86, 3.51, 3.5, 3.21, 3.31, 3.8, 4.49, 4.61, 4.59, 4.51, 4.428, 4.651, 5.09, 5.28, 5.61, 6.311, 6.811, 7.361, 7.91, 7.461, 6.86, 6.24, 5.716, 5.686, 6.65, 6.456, 5.956, 6.763, 7.393, 6.47, 5.07, 3.45, 2.97, 3.46, 3.23, 3.33, 2.86, 3.39, 3.1, 4.36, 4.31, 4.08, 4.07, 3.82, 3.75, 3.4], [3.39, 2.09, 1.46, 1.54, 1.96, 2.54, 2.51, 1.91, 2.15, 2.61, 2.75, 2.46, 1.43, 1.18, 0.75, 0, 0.85, 1.36, 1.76, 2.3, 2.8, 2.98, 2.17, 1.94, 1.88, 1.43, 1.46, 1.64, 1.74, 2.02, 2.15, 2.1, 1.29, 1.45, 1.84, 1.18, 1.24, 2.26, 3.85, 3.757, 3.147, 3.84, 3.63, 3.4, 3.64, 4.19, 4.94, 5.06, 5.04, 4.96, 4.861, 5.083, 5.44, 5.667, 5.996, 6.743, 7.243, 7.773, 8.331, 7.873, 7.29, 6.643, 6.089, 6.059, 7.036, 6.849, 6.289, 7.136, 7.826, 6.893, 5.5, 3.82, 3.14, 3.65, 3.54, 3.74, 3.21, 3.82, 3.41, 4.65, 4.56, 4.29, 4.32, 4.03, 3.96, 3.65], [3.76, 2.28, 1.63, 1.71, 2.07, 2.75, 2.76, 2.0, 2.22, 2.76, 2.9, 2.49, 1.62, 1.43, 0.94, 0.85, 0, 1.29, 1.71, 2.31, 2.47, 2.67, 1.92, 1.73, 1.85, 1.5, 1.81, 1.93, 1.99, 2.11, 2.1, 1.95, 1.3, 1.66, 2.19, 1.53, 1.61, 2.65, 4.209, 4.096, 3.48, 4.21, 3.96, 3.77, 4.11, 4.64, 5.33, 5.43, 5.41, 5.35, 5.28, 5.488, 5.89, 6.071, 6.406, 7.148, 7.648, 8.178, 8.735, 8.278, 7.685, 7.048, 6.513, 6.483, 7.441, 7.273, 6.693, 7.541, 8.251, 7.31, 5.87, 4.09, 3.37, 4.04, 3.89, 4.11, 3.64, 4.13, 3.68, 4.74, 4.67, 4.54, 4.61, 4.4, 4.29, 4.04], [3.59, 2.75, 2.42, 2.5, 3.0, 3.48, 3.45, 2.65, 3.05, 3.49, 3.67, 3.3, 2.41, 1.92, 1.45, 1.36, 1.29, 0, 0.9, 1.44, 1.92, 2.04, 1.59, 1.74, 1.68, 1.43, 1.84, 2.22, 2.68, 2.78, 2.99, 2.68, 1.97, 2.09, 2.42, 2.08, 2.02, 2.86, 4.39, 4.16, 3.67, 4.36, 4.47, 4.16, 3.96, 4.41, 5.08, 5.26, 5.24, 5.12, 5.03, 5.27, 5.82, 6.03, 6.24, 6.91, 7.407, 7.925, 8.471, 8.013, 7.43, 6.783, 6.229, 6.199, 7.18, 7.024, 6.409, 7.276, 7.966, 7.033, 5.56, 3.62, 3.0, 3.73, 3.56, 3.82, 3.33, 3.82, 3.29, 4.19, 4.28, 4.27, 4.32, 4.17, 4.06, 3.81], [3.27, 3.15, 2.98, 3.16, 3.64, 4.12, 4.07, 3.27, 3.67, 4.13, 4.33, 3.96, 3.05, 2.48, 1.79, 1.76, 1.71, 0.9, 0, 1.1, 1.9, 1.92, 1.97, 1.92, 2.12, 2.01, 2.2, 2.78, 3.3, 3.4, 3.59, 3.28, 2.53, 2.47, 2.44, 2.34, 2.26, 2.76, 4.27, 4.22, 3.79, 4.26, 4.69, 4.44, 4.2, 4.47, 4.84, 5.06, 4.92, 4.78, 4.71, 4.91, 5.62, 5.77, 5.9, 6.67, 7.07, 7.565, 8.113, 7.656, 7.07, 6.426, 5.892, 5.86, 6.8, 6.67, 6.07, 6.919, 7.609, 6.656, 5.2, 3.22, 2.62, 3.35, 3.18, 3.44, 2.97, 3.46, 2.93, 3.61, 3.88, 3.95, 3.96, 3.81, 3.74, 3.49], [3.95, 3.85, 3.52, 3.4, 3.74, 4.16, 4.15, 3.61, 4.05, 4.23, 4.41, 4.14, 3.37, 3.08, 2.29, 2.3, 2.31, 1.44, 1.1, 0, 1.22, 1.54, 1.59, 1.58, 1.76, 2.05, 2.9, 3.46, 3.98, 4.1, 4.21, 3.88, 3.13, 3.13, 3.16, 3.06, 2.88, 3.52, 4.95, 4.76, 4.43, 4.94, 5.39, 5.16, 4.9, 4.85, 5.3, 5.38, 5.42, 5.28, 5.17, 5.47, 6.34, 6.49, 6.5, 7.09, 7.49, 8.0, 8.46, 8.008, 7.47, 6.781, 6.227, 6.22, 7.24, 7.116, 6.45, 7.274, 7.961, 7.02, 5.54, 3.56, 3.0, 3.69, 3.54, 3.8, 3.45, 3.9, 3.37, 4.05, 4.48, 4.45, 4.38, 4.29, 4.24, 3.99], [4.97, 4.33, 3.76, 3.32, 3.3, 3.7, 3.81, 3.65, 3.81, 3.85, 4.01, 3.78, 3.41, 3.38, 2.69, 2.8, 2.47, 1.92, 1.9, 1.22, 0, 1.02, 1.23, 1.5, 1.62, 2.37, 3.34, 3.82, 4.22, 4.32, 4.27, 3.94, 3.29, 3.43, 3.98, 3.7, 3.5, 4.4, 5.89, 5.68, 5.19, 5.86, 6.09, 5.82, 5.56, 5.67, 6.3, 6.48, 6.48, 6.36, 6.23, 6.49, 7.3, 7.47, 7.48, 8.09, 8.587, 9.054, 9.54, 9.088, 8.55, 7.864, 7.31, 7.34, 8.34, 8.21, 7.55, 8.357, 9.041, 8.1, 6.62, 4.64, 4.1, 4.83, 4.66, 4.88, 4.55, 4.98, 4.47, 5.15, 5.56, 5.57, 5.54, 5.43, 5.34, 5.09], [5.11, 4.53, 3.8, 3.38, 3.06, 3.38, 3.59, 3.61, 3.65, 3.41, 3.73, 3.42, 3.39, 3.52, 2.91, 2.98, 2.67, 2.04, 1.92, 1.54, 1.02, 0, 1.15, 1.66, 1.74, 2.47, 3.52, 3.92, 4.2, 4.3, 4.25, 3.96, 3.31, 3.61, 4.08, 3.9, 3.74, 4.48, 5.99, 5.86, 5.41, 5.98, 6.31, 6.02, 5.74, 5.95, 6.28, 6.56, 6.54, 6.36, 6.21, 6.49, 7.26, 7.51, 7.66, 8.33, 8.55, 9.042, 9.6, 9.136, 8.55, 7.906, 7.352, 7.357, 8.283, 8.136, 7.547, 8.399, 9.089, 8.136, 6.68, 4.68, 4.14, 4.87, 4.68, 4.92, 4.43, 4.94, 4.41, 4.97, 5.36, 5.45, 5.48, 5.35, 5.24, 4.97], [4.48, 3.7, 3.13, 2.67, 2.53, 2.99, 3.16, 2.9, 3.08, 3.16, 3.3, 2.99, 2.64, 2.69, 2.16, 2.17, 1.92, 1.59, 1.97, 1.59, 1.23, 1.15, 0, 0.81, 0.97, 1.64, 2.81, 3.21, 3.49, 3.57, 3.52, 3.23, 2.6, 2.82, 3.35, 3.05, 2.87, 3.77, 5.24, 5.03, 4.6, 5.23, 5.46, 5.17, 4.87, 5.24, 5.65, 5.83, 5.91, 5.77, 5.68, 6.0, 6.69, 6.9, 7.13, 7.68, 7.98, 8.51, 9.05, 8.575, 8.0, 7.345, 6.791, 6.781, 7.721, 7.594, 6.971, 7.838, 8.528, 7.575, 6.13, 4.15, 3.59, 4.32, 4.13, 4.37, 3.88, 4.35, 3.84, 4.66, 4.81, 4.84, 4.87, 4.7, 4.57, 4.34], [4.11, 3.45, 2.98, 2.42, 2.42, 3.04, 3.15, 2.97, 3.07, 3.07, 3.23, 2.88, 2.49, 2.48, 1.89, 1.94, 1.73, 1.74, 1.92, 1.58, 1.5, 1.66, 0.81, 0, 0.84, 1.45, 2.56, 3.02, 3.36, 3.54, 3.45, 3.22, 2.55, 2.57, 2.92, 2.72, 2.68, 3.34, 4.77, 4.52, 4.21, 4.72, 5.05, 4.82, 4.7, 4.93, 5.28, 5.34, 5.44, 5.38, 5.35, 5.65, 6.38, 6.49, 6.74, 7.19, 7.595, 8.14, 8.662, 8.205, 7.63, 6.975, 6.421, 6.391, 7.348, 7.181, 6.601, 7.468, 8.158, 7.225, 5.76, 3.92, 3.26, 4.01, 3.78, 4.08, 3.57, 4.04, 3.49, 4.49, 4.54, 4.43, 4.52, 4.35, 4.2, 3.97], [4.27, 3.49, 2.9, 2.46, 2.48, 3.08, 3.25, 2.97, 3.15, 3.15, 3.29, 2.92, 2.37, 2.4, 1.97, 1.88, 1.85, 1.68, 2.12, 1.76, 1.62, 1.74, 0.97, 0.84, 0, 1.27, 2.44, 2.9, 3.28, 3.46, 3.43, 3.06, 2.45, 2.73, 3.22, 2.8, 2.72, 3.62, 4.95, 4.76, 4.37, 5.0, 5.09, 4.78, 4.76, 4.93, 5.5, 5.58, 5.68, 5.6, 5.57, 5.89, 6.66, 6.75, 6.94, 7.41, 7.87, 8.44, 8.93, 8.433, 7.84, 7.203, 6.649, 6.639, 7.576, 7.409, 6.829, 7.696, 8.386, 7.453, 6.0, 4.16, 3.46, 4.17, 4.0, 4.28, 3.75, 4.26, 3.73, 4.69, 4.64, 4.63, 4.78, 4.61, 4.48, 4.21], [3.76, 2.84, 2.01, 1.81, 2.13, 2.93, 3.0, 2.4, 2.72, 2.96, 3.08, 2.55, 1.7, 1.81, 1.6, 1.43, 1.5, 1.43, 2.01, 2.05, 2.37, 2.47, 1.64, 1.45, 1.27, 0, 1.79, 2.05, 2.43, 2.61, 2.7, 2.45, 1.68, 2.1, 2.55, 2.17, 2.13, 3.07, 4.34, 4.23, 3.8, 4.43, 4.4, 4.15, 4.23, 4.58, 5.283, 5.29, 5.31, 5.31, 5.24, 5.499, 6.09, 6.22, 6.51, 7.159, 7.599, 8.149, 8.686, 8.229, 7.656, 6.999, 6.445, 6.415, 7.352, 7.205, 6.625, 7.492, 8.182, 7.229, 5.79, 4.13, 3.33, 4.04, 3.83, 4.15, 3.64, 3.97, 3.56, 4.76, 4.59, 4.5, 4.57, 4.32, 4.19, 3.94], [2.29, 1.43, 1.56, 2.3, 2.66, 3.5, 3.43, 2.97, 2.91, 3.45, 3.83, 3.26, 1.95, 1.34, 1.37, 1.46, 1.81, 1.84, 2.2, 2.9, 3.34, 3.52, 2.81, 2.56, 2.44, 1.79, 0, 0.88, 2.0, 2.14, 2.51, 2.44, 1.79, 1.09, 1.52, 1.7, 1.54, 2.0, 3.19, 3.037, 2.37, 3.26, 3.09, 2.78, 2.94, 3.19, 3.92, 3.98, 3.98, 3.94, 3.87, 4.11, 4.76, 4.95, 5.02, 5.723, 6.27, 6.753, 7.33, 6.853, 6.29, 5.623, 5.089, 5.079, 6.04, 5.867, 5.309, 6.116, 6.806, 5.933, 4.62, 3.36, 2.58, 2.99, 2.88, 3.08, 2.65, 2.86, 2.67, 4.11, 3.84, 3.63, 3.56, 3.27, 3.06, 2.73], [2.49, 1.43, 1.34, 2.14, 2.42, 3.22, 3.07, 2.67, 2.61, 3.17, 3.55, 3.08, 1.85, 1.3, 1.57, 1.64, 1.93, 2.22, 2.78, 3.46, 3.82, 3.92, 3.21, 3.02, 2.9, 2.05, 0.88, 0, 1.38, 1.54, 2.03, 2.14, 1.49, 1.21, 1.54, 1.72, 1.74, 1.96, 3.17, 3.08, 2.43, 3.24, 2.97, 2.72, 2.92, 3.357, 4.1, 4.14, 4.14, 4.12, 4.05, 4.278, 4.76, 4.976, 5.173, 5.903, 6.403, 6.973, 7.52, 7.053, 6.49, 5.823, 5.289, 5.259, 6.22, 6.084, 5.529, 6.336, 6.986, 6.073, 4.8, 3.78, 3.2, 3.43, 3.28, 3.46, 3.07, 3.08, 3.01, 4.57, 4.06, 3.89, 3.9, 3.83, 3.58, 3.13], [3.57, 2.03, 1.22, 1.9, 1.92, 2.26, 2.11, 1.65, 1.71, 2.33, 2.59, 2.28, 1.55, 1.42, 1.83, 1.74, 1.99, 2.68, 3.3, 3.98, 4.22, 4.2, 3.49, 3.36, 3.28, 2.43, 2.0, 1.38, 0, 0.66, 1.19, 1.32, 1.13, 1.57, 2.1, 1.66, 1.98, 2.56, 3.95, 3.877, 3.227, 3.92, 3.69, 3.46, 3.78, 4.35, 5.08, 5.16, 5.14, 5.1, 5.018, 5.241, 5.582, 5.812, 6.151, 6.901, 7.43, 7.96, 8.54, 8.08, 7.51, 6.841, 6.306, 6.296, 7.22, 7.07, 6.49, 7.34, 8.003, 7.071, 5.76, 4.44, 3.86, 4.17, 4.0, 4.14, 3.73, 3.98, 3.73, 5.27, 4.9, 4.63, 4.66, 4.67, 4.46, 4.03], [3.57, 2.13, 1.54, 2.24, 2.2, 2.36, 2.23, 1.65, 1.67, 2.41, 2.69, 2.38, 1.87, 1.68, 1.97, 2.02, 2.11, 2.78, 3.4, 4.1, 4.32, 4.3, 3.57, 3.54, 3.46, 2.61, 2.14, 1.54, 0.66, 0, 0.93, 1.42, 1.39, 1.79, 2.34, 1.92, 2.18, 2.78, 3.97, 3.92, 3.273, 3.946, 3.73, 3.5, 3.78, 4.369, 5.1, 5.12, 5.12, 5.12, 5.032, 5.255, 5.64, 5.853, 6.165, 6.915, 7.435, 7.98, 8.54, 8.08, 7.51, 6.87, 6.321, 6.32, 7.22, 7.09, 6.51, 7.36, 8.018, 7.08, 5.74, 4.34, 3.98, 4.11, 3.94, 4.08, 3.73, 3.98, 3.97, 5.05, 4.88, 4.67, 4.66, 4.65, 4.54, 4.03], [4.14, 2.62, 1.79, 1.85, 2.11, 2.17, 2.08, 1.58, 1.5, 2.24, 2.38, 2.11, 1.84, 2.01, 2.28, 2.15, 2.1, 2.99, 3.59, 4.21, 4.27, 4.25, 3.52, 3.45, 3.43, 2.7, 2.51, 2.03, 1.19, 0.93, 0, 0.93, 1.56, 2.18, 3.03, 2.35, 2.61, 3.37, 4.58, 4.57, 3.911, 4.573, 4.317, 4.09, 4.45, 5.056, 5.786, 5.81, 5.81, 5.806, 5.719, 5.942, 6.292, 6.528, 6.834, 7.602, 8.102, 8.652, 9.209, 8.732, 8.16, 7.502, 6.948, 6.938, 7.895, 7.728, 7.168, 8.015, 8.685, 7.732, 6.31, 4.71, 4.43, 4.62, 4.35, 4.69, 4.22, 4.49, 4.38, 5.38, 5.31, 5.08, 5.07, 5.08, 5.03, 4.52], [4.49, 2.85, 1.72, 1.66, 2.06, 2.26, 2.11, 1.67, 1.51, 2.33, 2.47, 2.22, 1.95, 1.98, 2.27, 2.1, 1.95, 2.68, 3.28, 3.88, 3.94, 3.96, 3.23, 3.22, 3.06, 2.45, 2.44, 2.14, 1.32, 1.42, 0.93, 0, 1.29, 2.23, 3.1, 2.42, 2.62, 3.5, 4.921, 4.919, 4.281, 4.954, 4.718, 4.48, 4.8, 5.39, 6.12, 6.18, 6.16, 6.14, 6.07, 6.298, 6.628, 6.889, 7.176, 7.938, 8.438, 8.968, 9.54, 9.068, 8.49, 7.838, 7.283, 7.273, 8.211, 8.064, 7.463, 8.331, 9.021, 8.068, 6.62, 4.7, 4.2, 4.75, 4.56, 4.8, 4.33, 4.76, 4.29, 5.37, 5.3, 5.23, 5.3, 5.17, 5.0, 4.75], [3.8, 2.2, 1.09, 1.45, 1.69, 2.39, 2.3, 1.86, 1.9, 2.44, 2.66, 2.25, 1.5, 1.33, 1.48, 1.29, 1.3, 1.97, 2.53, 3.13, 3.29, 3.31, 2.6, 2.55, 2.45, 1.68, 1.79, 1.49, 1.13, 1.39, 1.56, 1.29, 0, 1.52, 2.17, 1.63, 1.67, 2.69, 4.226, 4.19, 3.557, 4.233, 3.98, 3.77, 4.09, 4.64, 5.39, 5.51, 5.49, 5.41, 5.311, 5.533, 5.886, 6.111, 6.423, 7.187, 7.693, 8.223, 8.79, 8.343, 7.74, 7.113, 6.559, 6.549, 7.466, 7.299, 6.719, 7.586, 8.276, 7.343, 5.87, 4.25, 3.53, 4.12, 3.93, 4.15, 3.74, 4.07, 3.58, 4.92, 4.59, 4.54, 4.67, 4.52, 4.35, 4.04], [2.4, 1.24, 1.23, 2.07, 2.43, 3.23, 3.12, 2.72, 2.74, 3.24, 3.58, 3.11, 1.76, 0.95, 1.3, 1.45, 1.66, 2.09, 2.47, 3.13, 3.43, 3.61, 2.82, 2.57, 2.73, 2.1, 1.09, 1.21, 1.57, 1.79, 2.18, 2.23, 1.52, 0, 1.09, 1.45, 1.43, 1.45, 2.889, 2.83, 2.3, 2.95, 2.92, 2.63, 2.73, 3.28, 3.95, 4.11, 4.09, 3.97, 3.9, 4.125, 4.51, 4.771, 5.05, 5.782, 6.282, 6.812, 7.37, 6.93, 6.32, 5.7, 5.176, 5.126, 6.07, 5.911, 5.376, 6.163, 6.853, 5.99, 4.73, 3.47, 2.97, 3.22, 3.09, 3.25, 2.82, 3.03, 2.92, 4.44, 4.01, 3.76, 3.77, 3.52, 3.23, 2.82], [2.01, 1.37, 1.8, 2.74, 3.08, 3.92, 3.73, 3.27, 3.27, 3.81, 4.19, 3.74, 2.37, 1.46, 1.53, 1.84, 2.19, 2.42, 2.44, 3.16, 3.98, 4.08, 3.35, 2.92, 3.22, 2.55, 1.52, 1.54, 2.1, 2.34, 3.03, 3.1, 2.17, 1.09, 0, 1.24, 1.32, 0.86, 2.19, 2.18, 1.81, 2.34, 2.49, 2.28, 2.32, 2.87, 3.34, 3.34, 3.32, 3.26, 3.178, 3.401, 3.82, 3.993, 4.34, 5.15, 5.59, 6.18, 6.7, 6.28, 5.71, 5.11, 4.55, 4.54, 5.52, 5.35, 4.85, 5.62, 6.21, 5.34, 4.32, 3.48, 2.94, 3.15, 3.02, 3.1, 2.75, 2.72, 2.75, 4.39, 3.92, 3.71, 3.74, 3.55, 3.1, 2.65], [2.97, 1.69, 1.82, 2.14, 2.4, 3.18, 3.03, 2.47, 2.49, 3.09, 3.35, 3.0, 1.75, 1.08, 1.13, 1.18, 1.53, 2.08, 2.34, 3.06, 3.7, 3.9, 3.05, 2.72, 2.8, 2.17, 1.7, 1.72, 1.66, 1.92, 2.35, 2.42, 1.63, 1.45, 1.24, 0, 0.94, 1.68, 3.07, 3.06, 2.49, 3.163, 2.95, 2.74, 3.1, 3.63, 4.34, 4.32, 4.34, 4.38, 4.249, 4.472, 4.802, 5.075, 5.44, 6.21, 6.71, 7.3, 7.8, 7.36, 6.81, 6.13, 5.63, 5.62, 6.6, 6.43, 5.93, 6.72, 7.31, 6.3, 5.0, 3.7, 3.12, 3.57, 3.34, 3.42, 3.03, 3.28, 3.15, 4.57, 4.4, 4.13, 4.14, 3.97, 3.8, 3.43], [2.89, 1.87, 1.76, 2.18, 2.5, 3.14, 3.05, 2.51, 2.65, 3.15, 3.43, 3.04, 1.75, 1.12, 1.09, 1.24, 1.61, 2.02, 2.26, 2.88, 3.5, 3.74, 2.87, 2.68, 2.72, 2.13, 1.54, 1.74, 1.98, 2.18, 2.61, 2.62, 1.67, 1.43, 1.32, 0.94, 0, 1.54, 3.01, 2.92, 2.27, 3.02, 2.85, 2.62, 2.8, 3.33, 4.1, 4.22, 4.18, 4.1, 4.03, 4.27, 4.64, 4.924, 5.16, 5.97, 6.41, 7.04, 7.56, 7.16, 6.57, 5.97, 5.43, 5.4, 6.42, 6.23, 5.71, 6.46, 7.09, 6.12, 4.72, 3.64, 2.94, 3.49, 3.26, 3.36, 2.99, 3.16, 3.05, 4.61, 4.4, 4.13, 4.04, 3.79, 3.7, 3.35], [2.19, 1.67, 2.28, 3.26, 3.593, 4.34, 4.15, 3.67, 3.79, 4.29, 4.67, 4.14, 2.75, 1.86, 1.99, 2.26, 2.65, 2.86, 2.76, 3.52, 4.4, 4.48, 3.77, 3.34, 3.62, 3.07, 2.0, 1.96, 2.56, 2.78, 3.37, 3.5, 2.69, 1.45, 0.86, 1.68, 1.54, 0, 1.77, 1.78, 1.43, 1.98, 2.29, 2.14, 2.16, 2.71, 3.16, 3.18, 3.0, 2.96, 2.85, 2.97, 3.42, 3.59, 3.96, 4.87, 5.31, 5.92, 6.52, 6.06, 5.51, 4.97, 4.41, 4.42, 5.38, 5.21, 4.71, 5.48, 6.07, 5.3, 4.44, 3.74, 3.22, 3.41, 3.28, 3.36, 3.01, 2.92, 3.03, 4.65, 4.16, 3.95, 3.94, 3.79, 3.34, 2.89], [1.82, 2.48, 3.859, 4.77, 5.076, 5.978, 5.828, 5.306, 5.368, 5.857, 6.226, 5.653, 4.234, 3.23, 3.52, 3.85, 4.209, 4.39, 4.27, 4.95, 5.89, 5.99, 5.24, 4.77, 4.95, 4.34, 3.19, 3.17, 3.95, 3.97, 4.58, 4.921, 4.226, 2.889, 2.19, 3.07, 3.01, 1.77, 0, 0.89, 1.22, 1.37, 1.78, 1.53, 1.59, 2.1, 2.65, 2.13, 1.87, 1.93, 1.84, 2.08, 2.45, 2.68, 2.99, 3.92, 4.32, 4.93, 5.63, 5.15, 4.6, 4.1, 3.6, 3.63, 4.45, 4.38, 3.9, 4.67, 5.28, 4.65, 4.05, 3.69, 3.35, 3.32, 3.11, 3.31, 3.02, 2.57, 3.12, 4.44, 3.79, 3.64, 3.65, 3.74, 3.33, 2.66], [1.95, 2.41, 3.76, 4.757, 5.056, 5.891, 5.73, 5.227, 5.293, 5.756, 6.167, 5.599, 4.215, 3.277, 3.39, 3.757, 4.096, 4.16, 4.22, 4.76, 5.68, 5.86, 5.03, 4.52, 4.76, 4.23, 3.037, 3.08, 3.877, 3.92, 4.57, 4.919, 4.19, 2.83, 2.18, 3.06, 2.92, 1.78, 0.89, 0, 0.97, 1.28, 1.61, 1.48, 1.54, 1.79, 2.38, 2.1, 1.92, 1.9, 1.83, 2.09, 2.58, 2.53, 3.0, 3.81, 4.29, 4.88, 5.6, 5.1, 4.55, 4.07, 3.53, 3.58, 4.42, 4.41, 3.93, 4.7, 5.29, 4.64, 3.96, 3.66, 3.36, 3.19, 3.08, 3.28, 3.09, 2.52, 3.15, 4.35, 3.72, 3.55, 3.6, 3.61, 3.22, 2.57], [1.76, 1.8, 3.07, 4.127, 4.426, 5.224, 5.057, 4.557, 4.643, 5.103, 5.537, 4.992, 3.611, 2.79, 2.86, 3.147, 3.48, 3.67, 3.79, 4.43, 5.19, 5.41, 4.6, 4.21, 4.37, 3.8, 2.37, 2.43, 3.227, 3.273, 3.911, 4.281, 3.557, 2.3, 1.81, 2.49, 2.27, 1.43, 1.22, 0.97, 0, 1.41, 1.2, 1.13, 1.27, 1.6, 2.35, 2.33, 2.23, 2.23, 2.08, 2.34, 2.87, 2.86, 3.25, 4.12, 4.62, 5.21, 5.89, 5.39, 4.82, 4.34, 3.76, 3.81, 4.67, 4.62, 4.14, 4.93, 5.48, 4.87, 4.15, 3.89, 3.51, 3.44, 3.31, 3.53, 3.2, 2.75, 3.28, 4.68, 3.99, 3.8, 3.79, 3.94, 3.55, 2.84], [1.99, 2.75, 3.96, 4.88, 5.139, 5.957, 5.819, 5.29, 5.339, 5.842, 6.259, 5.74, 4.37, 3.36, 3.51, 3.84, 4.21, 4.36, 4.26, 4.94, 5.86, 5.98, 5.23, 4.72, 5.0, 4.43, 3.26, 3.24, 3.92, 3.946, 4.573, 4.954, 4.233, 2.95, 2.34, 3.163, 3.02, 1.98, 1.37, 1.28, 1.41, 0, 1.15, 1.58, 1.62, 1.77, 2.08, 2.02, 2.08, 2.1, 1.87, 1.99, 2.16, 2.17, 2.48, 3.31, 3.77, 4.4, 5.02, 4.56, 3.99, 3.45, 2.83, 2.92, 3.8, 3.73, 3.27, 4.08, 4.67, 3.94, 3.62, 3.72, 3.42, 3.11, 3.08, 3.34, 3.11, 2.54, 3.17, 4.27, 3.56, 3.21, 3.36, 3.53, 3.32, 2.59], [2.3, 2.36, 3.63, 4.53, 4.75, 5.73, 5.58, 5.08, 5.14, 5.64, 5.98, 5.31, 3.98, 3.19, 3.5, 3.63, 3.96, 4.47, 4.69, 5.39, 6.09, 6.31, 5.46, 5.05, 5.09, 4.4, 3.09, 2.97, 3.69, 3.73, 4.317, 4.718, 3.98, 2.92, 2.49, 2.95, 2.85, 2.29, 1.78, 1.61, 1.2, 1.15, 0, 0.97, 1.47, 1.62, 2.15, 2.49, 2.65, 2.67, 2.44, 2.62, 2.77, 2.58, 2.99, 3.8, 4.3, 4.91, 5.57, 5.07, 4.5, 4.02, 3.5, 3.59, 4.35, 4.38, 3.92, 4.71, 5.32, 4.69, 4.45, 4.71, 4.33, 4.06, 4.05, 4.33, 4.06, 3.43, 4.12, 5.2, 4.49, 4.14, 4.35, 4.48, 4.27, 3.48], [2.15, 2.17, 3.38, 4.3, 4.58, 5.5, 5.35, 4.85, 4.91, 5.39, 5.75, 5.12, 3.75, 2.82, 3.21, 3.4, 3.77, 4.16, 4.44, 5.16, 5.82, 6.02, 5.17, 4.82, 4.78, 4.15, 2.78, 2.72, 3.46, 3.5, 4.09, 4.48, 3.77, 2.63, 2.28, 2.74, 2.62, 2.14, 1.53, 1.48, 1.13, 1.58, 0.97, 0, 1.2, 1.63, 2.48, 2.5, 2.42, 2.46, 2.43, 2.75, 3.04, 2.95, 3.44, 4.27, 4.79, 5.36, 6.02, 5.52, 4.95, 4.51, 4.01, 4.1, 4.84, 4.93, 4.53, 5.3, 5.93, 5.3, 4.48, 4.46, 4.08, 3.83, 3.8, 4.08, 3.81, 3.2, 3.89, 4.99, 4.32, 4.11, 4.2, 4.29, 4.02, 3.23], [1.87, 2.13, 3.56, 4.66, 5.0, 5.74, 5.57, 5.03, 5.15, 5.65, 6.07, 5.56, 4.17, 3.16, 3.31, 3.64, 4.11, 3.96, 4.2, 4.9, 5.56, 5.74, 4.87, 4.7, 4.76, 4.23, 2.94, 2.92, 3.78, 3.78, 4.45, 4.8, 4.09, 2.73, 2.32, 3.1, 2.8, 2.16, 1.59, 1.54, 1.27, 1.62, 1.47, 1.2, 0, 1.05, 1.7, 1.88, 1.84, 1.84, 1.87, 2.09, 2.5, 2.47, 2.9, 3.63, 4.11, 4.62, 5.34, 4.84, 4.27, 3.81, 3.29, 3.38, 4.14, 4.27, 3.87, 4.6, 5.21, 4.68, 4.3, 4.2, 3.86, 3.75, 3.62, 3.86, 3.61, 3.06, 3.73, 4.99, 4.3, 4.01, 3.98, 4.23, 3.86, 3.15], [2.02, 2.68, 4.09, 5.21, 5.59, 6.27, 6.08, 5.62, 5.719, 6.14, 6.62, 6.163, 4.78, 3.754, 3.8, 4.19, 4.64, 4.41, 4.47, 4.85, 5.67, 5.95, 5.24, 4.93, 4.93, 4.58, 3.19, 3.357, 4.35, 4.369, 5.056, 5.39, 4.64, 3.28, 2.87, 3.63, 3.33, 2.71, 2.1, 1.79, 1.6, 1.77, 1.62, 1.63, 1.05, 0, 1.07, 1.29, 1.43, 1.43, 1.34, 1.76, 2.57, 2.38, 2.37, 2.84, 3.42, 3.93, 4.55, 4.07, 3.48, 3.02, 2.54, 2.59, 3.41, 3.52, 3.14, 3.87, 4.46, 3.97, 3.77, 3.83, 3.45, 3.26, 3.19, 3.47, 3.26, 2.71, 3.36, 4.72, 4.07, 3.8, 3.75, 4.02, 3.69, 2.98], [2.23, 3.39, 4.86, 5.96, 6.32, 7.04, 6.87, 6.35, 6.45, 6.91, 7.37, 6.9, 5.51, 4.5, 4.49, 4.94, 5.33, 5.08, 4.84, 5.3, 6.3, 6.28, 5.65, 5.28, 5.5, 5.283, 3.92, 4.1, 5.08, 5.1, 5.786, 6.12, 5.39, 3.95, 3.34, 4.34, 4.1, 3.16, 2.65, 2.38, 2.35, 2.08, 2.15, 2.48, 1.7, 1.07, 0, 0.88, 1.54, 1.5, 1.27, 1.63, 2.3, 2.13, 2.1, 2.51, 2.81, 3.32, 3.78, 3.32, 2.69, 2.25, 1.85, 1.84, 2.64, 2.73, 2.31, 3.0, 3.57, 3.12, 3.3, 3.58, 3.42, 2.97, 3.0, 3.42, 3.21, 2.72, 3.35, 4.43, 3.78, 3.45, 3.64, 3.75, 3.58, 2.93], [2.13, 3.49, 5.02, 6.08, 6.4, 7.22, 7.03, 6.51, 6.51, 7.05, 7.49, 6.98, 5.59, 4.56, 4.61, 5.06, 5.43, 5.26, 5.06, 5.38, 6.48, 6.56, 5.83, 5.34, 5.58, 5.29, 3.98, 4.14, 5.16, 5.12, 5.81, 6.18, 5.51, 4.11, 3.34, 4.32, 4.22, 3.18, 2.13, 2.1, 2.33, 2.02, 2.49, 2.5, 1.88, 1.29, 0.88, 0, 1.1, 1.3, 1.01, 1.41, 2.16, 2.19, 2.16, 2.57, 2.93, 3.46, 3.92, 3.46, 2.77, 2.33, 1.89, 1.88, 2.74, 2.81, 2.45, 3.12, 3.71, 3.32, 3.34, 3.46, 3.3, 2.85, 2.96, 3.26, 3.05, 2.66, 3.21, 4.33, 3.74, 3.47, 3.54, 3.71, 3.46, 2.85], [2.09, 3.49, 5.0, 6.06, 6.38, 7.2, 7.01, 6.49, 6.49, 7.03, 7.47, 6.98, 5.59, 4.56, 4.59, 5.04, 5.41, 5.24, 4.92, 5.42, 6.48, 6.54, 5.91, 5.44, 5.68, 5.31, 3.98, 4.14, 5.14, 5.12, 5.81, 6.16, 5.49, 4.09, 3.32, 4.34, 4.18, 3.0, 1.87, 1.92, 2.23, 2.08, 2.65, 2.42, 1.84, 1.43, 1.54, 1.1, 0, 0.56, 0.81, 0.93, 1.74, 2.09, 1.88, 2.33, 2.81, 3.2, 3.84, 3.34, 2.77, 2.37, 2.13, 2.02, 2.78, 2.99, 2.69, 3.32, 3.87, 3.56, 3.3, 3.28, 3.22, 3.07, 2.72, 2.96, 2.91, 2.26, 2.95, 3.99, 3.42, 3.23, 3.26, 3.41, 3.0, 2.49], [2.01, 3.41, 4.88, 5.98, 6.34, 7.08, 6.89, 6.39, 6.47, 6.93, 7.39, 6.92, 5.53, 4.52, 4.51, 4.96, 5.35, 5.12, 4.78, 5.28, 6.36, 6.36, 5.77, 5.38, 5.6, 5.31, 3.94, 4.12, 5.1, 5.12, 5.806, 6.14, 5.41, 3.97, 3.26, 4.38, 4.1, 2.96, 1.93, 1.9, 2.23, 2.1, 2.67, 2.46, 1.84, 1.43, 1.5, 1.3, 0.56, 0, 0.77, 0.99, 1.76, 2.09, 1.76, 2.31, 2.63, 3.12, 3.78, 3.28, 2.73, 2.39, 1.93, 1.98, 2.62, 2.79, 2.53, 3.16, 3.75, 3.4, 3.02, 3.18, 3.14, 2.95, 2.62, 2.84, 2.81, 2.18, 2.83, 3.77, 3.14, 2.91, 3.08, 3.21, 2.78, 2.31], [1.92, 3.34, 4.77, 5.881, 6.255, 6.97, 6.78, 6.32, 6.382, 6.816, 7.291, 6.846, 5.45, 4.417, 4.428, 4.861, 5.28, 5.03, 4.71, 5.17, 6.23, 6.21, 5.68, 5.35, 5.57, 5.24, 3.87, 4.05, 5.018, 5.032, 5.719, 6.07, 5.311, 3.9, 3.178, 4.249, 4.03, 2.85, 1.84, 1.83, 2.08, 1.87, 2.44, 2.43, 1.87, 1.34, 1.27, 1.01, 0.81, 0.77, 0, 0.8, 1.69, 1.92, 1.87, 2.44, 2.82, 3.29, 3.91, 3.45, 2.86, 2.4, 1.94, 1.91, 2.75, 2.78, 2.48, 3.13, 3.72, 3.35, 3.15, 3.31, 3.01, 2.76, 2.63, 2.91, 2.76, 2.17, 2.88, 3.98, 3.31, 3.04, 3.15, 3.28, 3.05, 2.32], [2.12, 3.565, 4.995, 6.103, 6.478, 7.195, 7.005, 6.548, 6.605, 7.039, 7.513, 7.069, 5.673, 4.64, 4.651, 5.083, 5.488, 5.27, 4.91, 5.47, 6.49, 6.49, 6.0, 5.65, 5.89, 5.499, 4.11, 4.278, 5.241, 5.255, 5.942, 6.298, 5.533, 4.125, 3.401, 4.472, 4.27, 2.97, 2.08, 2.09, 2.34, 1.99, 2.62, 2.75, 2.09, 1.76, 1.63, 1.41, 0.93, 0.99, 0.8, 0, 1.25, 1.74, 1.71, 2.38, 2.62, 3.07, 3.67, 3.21, 2.66, 2.14, 1.86, 1.75, 2.55, 2.7, 2.46, 3.09, 3.62, 3.35, 3.23, 3.45, 3.43, 3.14, 2.89, 3.07, 2.98, 2.29, 3.08, 4.06, 3.41, 3.1, 3.15, 3.36, 3.15, 2.38], [2.75, 3.99, 5.42, 6.439, 6.828, 7.585, 7.41, 6.93, 6.99, 7.49, 7.869, 7.419, 6.029, 5.019, 5.09, 5.44, 5.89, 5.82, 5.62, 6.34, 7.3, 7.26, 6.69, 6.38, 6.66, 6.09, 4.76, 4.76, 5.582, 5.64, 6.292, 6.628, 5.886, 4.51, 3.82, 4.802, 4.64, 3.42, 2.45, 2.58, 2.87, 2.16, 2.77, 3.04, 2.5, 2.57, 2.3, 2.16, 1.74, 1.76, 1.69, 1.25, 0, 1.39, 1.4, 2.01, 2.15, 2.74, 3.3, 2.9, 2.33, 1.93, 1.79, 1.96, 2.52, 2.85, 2.67, 3.24, 3.77, 3.72, 3.92, 4.44, 4.4, 4.17, 3.86, 4.02, 4.03, 3.3, 4.07, 4.75, 4.02, 3.69, 4.06, 4.13, 3.84, 3.31], [2.96, 4.203, 5.61, 6.672, 7.034, 7.792, 7.591, 7.174, 7.223, 7.643, 8.097, 7.612, 6.216, 5.283, 5.28, 5.667, 6.071, 6.03, 5.77, 6.49, 7.47, 7.51, 6.9, 6.49, 6.75, 6.22, 4.95, 4.976, 5.812, 5.853, 6.528, 6.889, 6.111, 4.771, 3.993, 5.075, 4.924, 3.59, 2.68, 2.53, 2.86, 2.17, 2.58, 2.95, 2.47, 2.38, 2.13, 2.19, 2.09, 2.09, 1.92, 1.74, 1.39, 0, 1.13, 1.84, 2.12, 2.57, 3.29, 2.77, 2.3, 1.88, 1.68, 1.97, 2.57, 3.1, 3.0, 3.27, 3.74, 3.81, 4.59, 5.01, 4.81, 4.42, 4.35, 4.65, 4.54, 3.87, 4.62, 5.5, 4.73, 4.4, 4.75, 4.82, 4.61, 3.86], [2.99, 4.49, 5.922, 6.996, 7.364, 8.105, 7.932, 7.435, 7.497, 7.969, 8.426, 7.979, 6.589, 5.6, 5.61, 5.996, 6.406, 6.24, 5.9, 6.5, 7.48, 7.66, 7.13, 6.74, 6.94, 6.51, 5.02, 5.173, 6.151, 6.165, 6.834, 7.176, 6.423, 5.05, 4.34, 5.44, 5.16, 3.96, 2.99, 3.0, 3.25, 2.48, 2.99, 3.44, 2.9, 2.37, 2.1, 2.16, 1.88, 1.76, 1.87, 1.71, 1.4, 1.13, 0, 1.07, 1.59, 2.06, 2.7, 2.24, 1.83, 1.61, 1.39, 1.76, 2.12, 2.55, 2.49, 2.78, 3.19, 3.2, 4.0, 4.68, 4.6, 4.33, 4.12, 4.36, 4.37, 3.68, 4.29, 5.23, 4.54, 4.19, 4.46, 4.63, 4.36, 3.87], [3.82, 5.222, 6.652, 7.763, 8.138, 8.835, 8.642, 8.185, 8.265, 8.716, 9.173, 8.709, 7.313, 6.3, 6.311, 6.743, 7.148, 6.91, 6.67, 7.09, 8.09, 8.33, 7.68, 7.19, 7.41, 7.159, 5.723, 5.903, 6.901, 6.915, 7.602, 7.938, 7.187, 5.782, 5.15, 6.21, 5.97, 4.87, 3.92, 3.81, 4.12, 3.31, 3.8, 4.27, 3.63, 2.84, 2.51, 2.57, 2.33, 2.31, 2.44, 2.38, 2.01, 1.84, 1.07, 0, 1.04, 1.33, 1.89, 1.55, 1.3, 1.38, 1.56, 1.75, 1.93, 2.44, 2.42, 2.37, 2.62, 2.85, 3.93, 4.79, 4.73, 4.52, 4.29, 4.41, 4.68, 3.99, 4.64, 5.38, 4.71, 4.38, 4.67, 4.88, 4.61, 4.26], [4.24, 5.722, 7.152, 8.263, 8.638, 9.35, 9.18, 8.7, 8.765, 9.199, 9.693, 9.249, 7.853, 6.8, 6.811, 7.243, 7.648, 7.407, 7.07, 7.49, 8.587, 8.55, 7.98, 7.595, 7.87, 7.599, 6.27, 6.403, 7.43, 7.435, 8.102, 8.438, 7.693, 6.282, 5.59, 6.71, 6.41, 5.31, 4.32, 4.29, 4.62, 3.77, 4.3, 4.79, 4.11, 3.42, 2.81, 2.93, 2.81, 2.63, 2.82, 2.62, 2.15, 2.12, 1.59, 1.04, 0, 0.87, 1.59, 1.35, 1.48, 1.52, 1.7, 2.01, 1.89, 2.38, 2.54, 2.35, 2.42, 2.95, 4.05, 5.11, 5.13, 4.88, 4.59, 4.63, 4.82, 4.23, 4.84, 5.22, 4.59, 4.28, 4.55, 4.76, 4.59, 4.34], [4.741, 6.252, 7.682, 8.793, 9.188, 9.88, 9.69, 9.23, 9.315, 9.766, 10.23, 9.78, 8.39, 7.38, 7.361, 7.773, 8.178, 7.925, 7.565, 8.0, 9.054, 9.042, 8.51, 8.14, 8.44, 8.149, 6.753, 6.973, 7.96, 7.98, 8.652, 8.968, 8.223, 6.812, 6.18, 7.3, 7.04, 5.92, 4.93, 4.88, 5.21, 4.4, 4.91, 5.36, 4.62, 3.93, 3.32, 3.46, 3.2, 3.12, 3.29, 3.07, 2.74, 2.57, 2.06, 1.33, 0.87, 0, 1.06, 1.08, 1.29, 1.71, 2.09, 2.12, 1.86, 2.23, 2.51, 2.26, 2.23, 2.82, 3.94, 5.16, 5.48, 5.07, 4.82, 4.64, 5.03, 4.44, 4.97, 5.23, 4.64, 4.37, 4.58, 4.89, 4.72, 4.51], [5.248, 6.789, 8.233, 9.351, 9.74, 10.44, 10.23, 9.79, 9.87, 10.29, 10.79, 10.34, 8.95, 7.92, 7.91, 8.331, 8.735, 8.471, 8.113, 8.46, 9.54, 9.6, 9.05, 8.662, 8.93, 8.686, 7.33, 7.52, 8.54, 8.54, 9.209, 9.54, 8.79, 7.37, 6.7, 7.8, 7.56, 6.52, 5.63, 5.6, 5.89, 5.02, 5.57, 6.02, 5.34, 4.55, 3.78, 3.92, 3.84, 3.78, 3.91, 3.67, 3.3, 3.29, 2.7, 1.89, 1.59, 1.06, 0, 0.88, 1.37, 1.97, 2.41, 2.34, 1.84, 2.09, 2.49, 2.04, 2.01, 2.44, 3.7, 5.24, 5.68, 5.17, 5.08, 4.86, 5.35, 4.86, 5.33, 5.29, 4.68, 4.59, 4.54, 4.93, 4.84, 4.91], [4.791, 6.332, 7.776, 8.893, 9.268, 9.976, 9.77, 9.318, 9.415, 9.846, 10.33, 9.88, 8.483, 7.5, 7.461, 7.873, 8.278, 8.013, 7.656, 8.008, 9.088, 9.136, 8.575, 8.205, 8.433, 8.229, 6.853, 7.053, 8.08, 8.08, 8.732, 9.068, 8.343, 6.93, 6.28, 7.36, 7.16, 6.06, 5.15, 5.1, 5.39, 4.56, 5.07, 5.52, 4.84, 4.07, 3.32, 3.46, 3.34, 3.28, 3.45, 3.21, 2.9, 2.77, 2.24, 1.55, 1.35, 1.08, 0.88, 0, 1.07, 1.47, 1.93, 2.02, 1.34, 1.73, 2.01, 1.64, 1.77, 2.16, 3.28, 4.8, 5.26, 4.75, 4.66, 4.4, 4.89, 4.42, 4.87, 4.81, 4.28, 4.11, 4.16, 4.51, 4.42, 4.45], [4.24, 5.759, 7.189, 8.31, 8.69, 9.41, 9.22, 8.76, 8.82, 9.24, 9.76, 9.31, 7.92, 6.89, 6.86, 7.29, 7.685, 7.43, 7.07, 7.47, 8.55, 8.55, 8.0, 7.63, 7.84, 7.656, 6.29, 6.49, 7.51, 7.51, 8.16, 8.49, 7.74, 6.32, 5.71, 6.81, 6.57, 5.51, 4.6, 4.55, 4.82, 3.99, 4.5, 4.95, 4.27, 3.48, 2.69, 2.77, 2.77, 2.73, 2.86, 2.66, 2.33, 2.3, 1.83, 1.3, 1.48, 1.29, 1.37, 1.07, 0, 0.82, 1.36, 1.41, 1.29, 1.88, 1.7, 1.79, 2.2, 2.41, 3.27, 4.29, 4.75, 4.12, 4.11, 3.97, 4.34, 3.91, 4.3, 4.8, 4.05, 3.84, 4.09, 4.22, 3.99, 3.94], [3.601, 5.142, 6.566, 7.683, 8.038, 8.726, 8.54, 8.088, 8.2, 8.62, 9.093, 8.649, 7.233, 6.29, 6.24, 6.643, 7.048, 6.783, 6.426, 6.781, 7.864, 7.906, 7.345, 6.975, 7.203, 6.999, 5.623, 5.823, 6.841, 6.87, 7.502, 7.838, 7.113, 5.7, 5.11, 6.13, 5.97, 4.97, 4.1, 4.07, 4.34, 3.45, 4.02, 4.51, 3.81, 3.02, 2.25, 2.33, 2.37, 2.39, 2.4, 2.14, 1.93, 1.88, 1.61, 1.38, 1.52, 1.71, 1.97, 1.47, 0.82, 0, 0.84, 0.99, 1.35, 1.88, 1.7, 1.83, 2.24, 2.43, 3.27, 3.85, 4.19, 3.56, 3.53, 3.63, 3.74, 3.33, 3.9, 4.64, 3.95, 3.64, 3.99, 4.06, 3.81, 3.46], [3.067, 4.568, 5.992, 7.129, 7.483, 8.212, 8.02, 7.553, 7.651, 8.082, 8.579, 8.115, 6.699, 5.746, 5.716, 6.089, 6.513, 6.229, 5.892, 6.227, 7.31, 7.352, 6.791, 6.421, 6.649, 6.445, 5.089, 5.289, 6.306, 6.321, 6.948, 7.283, 6.559, 5.176, 4.55, 5.63, 5.43, 4.41, 3.6, 3.53, 3.76, 2.83, 3.5, 4.01, 3.29, 2.54, 1.85, 1.89, 2.13, 1.93, 1.94, 1.86, 1.79, 1.68, 1.39, 1.56, 1.7, 2.09, 2.41, 1.93, 1.36, 0.84, 0, 0.69, 1.39, 1.82, 1.6, 2.03, 2.48, 2.59, 3.23, 3.71, 3.87, 3.32, 3.31, 3.49, 3.6, 3.13, 3.64, 4.46, 3.77, 3.44, 3.81, 3.9, 3.63, 3.32], [3.057, 4.558, 5.962, 7.079, 7.473, 8.182, 8.01, 7.523, 7.601, 8.07, 8.549, 8.105, 6.689, 5.7, 5.686, 6.059, 6.483, 6.199, 5.86, 6.22, 7.34, 7.357, 6.781, 6.391, 6.639, 6.415, 5.079, 5.259, 6.296, 6.32, 6.938, 7.273, 6.549, 5.126, 4.54, 5.62, 5.4, 4.42, 3.63, 3.58, 3.81, 2.92, 3.59, 4.1, 3.38, 2.59, 1.84, 1.88, 2.02, 1.98, 1.91, 1.75, 1.96, 1.97, 1.76, 1.75, 2.01, 2.12, 2.34, 2.02, 1.41, 0.99, 0.69, 0, 1.46, 1.79, 1.49, 1.94, 2.43, 2.6, 3.08, 3.44, 3.72, 3.11, 3.06, 3.22, 3.27, 2.96, 3.33, 4.23, 3.56, 3.23, 3.54, 3.61, 3.4, 3.05], [4.05, 5.495, 6.919, 8.016, 8.431, 9.14, 8.95, 8.49, 8.59, 9.049, 9.49, 9.04, 7.63, 6.66, 6.65, 7.036, 7.441, 7.18, 6.8, 7.24, 8.34, 8.283, 7.721, 7.348, 7.576, 7.352, 6.04, 6.22, 7.22, 7.22, 7.895, 8.211, 7.466, 6.07, 5.52, 6.6, 6.42, 5.38, 4.45, 4.42, 4.67, 3.8, 4.35, 4.84, 4.14, 3.41, 2.64, 2.74, 2.78, 2.62, 2.75, 2.55, 2.52, 2.57, 2.12, 1.93, 1.89, 1.86, 1.84, 1.34, 1.29, 1.35, 1.39, 1.46, 0, 0.85, 1.01, 1.08, 1.57, 1.72, 2.6, 4.14, 4.672, 4.05, 4.0, 3.8, 4.07, 3.78, 4.15, 3.83, 3.34, 3.17, 3.2, 3.39, 3.36, 3.57], [3.88, 5.371, 6.761, 7.869, 8.263, 9.01, 8.8, 8.36, 8.411, 8.862, 9.339, 8.875, 7.479, 6.506, 6.456, 6.849, 7.273, 7.024, 6.67, 7.116, 8.21, 8.136, 7.594, 7.181, 7.409, 7.205, 5.867, 6.084, 7.07, 7.09, 7.728, 8.064, 7.299, 5.911, 5.35, 6.43, 6.23, 5.21, 4.38, 4.41, 4.62, 3.73, 4.38, 4.93, 4.27, 3.52, 2.73, 2.81, 2.99, 2.79, 2.78, 2.7, 2.85, 3.1, 2.55, 2.44, 2.38, 2.23, 2.09, 1.73, 1.88, 1.88, 1.82, 1.79, 0.85, 0, 0.76, 0.79, 1.28, 1.37, 2.29, 3.99, 4.544, 3.92, 3.867, 3.662, 3.9, 3.61, 4.0, 3.66, 3.17, 2.991, 3.07, 3.24, 3.23, 3.414], [3.34, 4.84, 6.192, 7.329, 7.723, 8.45, 8.26, 7.8, 7.911, 8.36, 8.8, 8.33, 6.92, 5.99, 5.956, 6.289, 6.693, 6.409, 6.07, 6.45, 7.55, 7.547, 6.971, 6.601, 6.829, 6.625, 5.309, 5.529, 6.49, 6.51, 7.168, 7.463, 6.719, 5.376, 4.85, 5.93, 5.71, 4.71, 3.9, 3.93, 4.14, 3.27, 3.92, 4.53, 3.87, 3.14, 2.31, 2.45, 2.69, 2.53, 2.48, 2.46, 2.67, 3.0, 2.49, 2.42, 2.54, 2.51, 2.49, 2.01, 1.7, 1.7, 1.6, 1.49, 1.01, 0.76, 0, 0.93, 1.68, 1.37, 1.95, 3.31, 3.804, 3.2, 3.15, 2.99, 3.34, 3.05, 3.34, 3.34, 2.81, 2.54, 2.69, 2.84, 2.71, 2.856], [4.114, 5.67, 7.039, 8.156, 8.551, 9.26, 9.07, 8.61, 8.698, 9.169, 9.61, 9.16, 7.766, 6.76, 6.763, 7.136, 7.541, 7.276, 6.919, 7.274, 8.357, 8.399, 7.838, 7.468, 7.696, 7.492, 6.116, 6.336, 7.34, 7.36, 8.015, 8.331, 7.586, 6.163, 5.62, 6.72, 6.46, 5.48, 4.67, 4.7, 4.93, 4.08, 4.71, 5.3, 4.6, 3.87, 3.0, 3.12, 3.32, 3.16, 3.13, 3.09, 3.24, 3.27, 2.78, 2.37, 2.35, 2.26, 2.04, 1.64, 1.79, 1.83, 2.03, 1.94, 1.08, 0.79, 0.93, 0, 0.91, 1.22, 2.36, 4.06, 4.612, 3.987, 3.96, 3.74, 4.15, 3.78, 4.15, 3.87, 3.433, 3.266, 3.2, 3.35, 3.391, 3.683], [4.784, 6.325, 7.749, 8.846, 9.221, 9.909, 9.705, 9.251, 9.348, 9.799, 10.256, 9.812, 8.396, 7.403, 7.393, 7.826, 8.251, 7.966, 7.609, 7.961, 9.041, 9.089, 8.528, 8.158, 8.386, 8.182, 6.806, 6.986, 8.003, 8.018, 8.685, 9.021, 8.276, 6.853, 6.21, 7.31, 7.09, 6.07, 5.28, 5.29, 5.48, 4.67, 5.32, 5.93, 5.21, 4.46, 3.57, 3.71, 3.87, 3.75, 3.72, 3.62, 3.77, 3.74, 3.19, 2.62, 2.42, 2.23, 2.01, 1.77, 2.2, 2.24, 2.48, 2.43, 1.57, 1.28, 1.68, 0.91, 0, 1.41, 2.85, 4.687, 5.262, 4.617, 4.61, 4.37, 4.832, 4.41, 4.829, 4.508, 4.083, 3.956, 3.881, 4.011, 4.081, 4.353], [4.17, 5.57, 6.92, 7.893, 8.268, 8.956, 8.77, 8.298, 8.395, 8.826, 9.323, 8.9, 7.483, 6.48, 6.47, 6.893, 7.31, 7.033, 6.656, 7.02, 8.1, 8.136, 7.575, 7.225, 7.453, 7.229, 5.933, 6.073, 7.071, 7.08, 7.732, 8.068, 7.343, 5.99, 5.34, 6.3, 6.12, 5.3, 4.65, 4.64, 4.87, 3.94, 4.69, 5.3, 4.68, 3.97, 3.12, 3.32, 3.56, 3.4, 3.35, 3.35, 3.72, 3.81, 3.2, 2.85, 2.95, 2.82, 2.44, 2.16, 2.41, 2.43, 2.59, 2.6, 1.72, 1.37, 1.37, 1.22, 1.41, 0, 1.62, 3.54, 4.194, 3.47, 3.611, 3.36, 3.843, 3.38, 3.843, 3.63, 3.16, 3.003, 2.98, 3.21, 3.28, 3.55], [3.73, 4.83, 5.76, 6.48, 6.92, 7.58, 7.39, 7.05, 7.09, 7.47, 7.89, 7.54, 6.21, 5.08, 5.07, 5.5, 5.87, 5.56, 5.2, 5.54, 6.62, 6.68, 6.13, 5.76, 6.0, 5.79, 4.62, 4.8, 5.76, 5.74, 6.31, 6.62, 5.87, 4.73, 4.32, 5.0, 4.72, 4.44, 4.05, 3.96, 4.15, 3.62, 4.45, 4.48, 4.3, 3.77, 3.3, 3.34, 3.3, 3.02, 3.15, 3.23, 3.92, 4.59, 4.0, 3.93, 4.05, 3.94, 3.7, 3.28, 3.27, 3.27, 3.23, 3.08, 2.6, 2.29, 1.95, 2.36, 2.85, 1.62, 0, 2.06, 2.76, 2.13, 2.18, 2.06, 2.45, 1.98, 2.41, 2.27, 1.78, 1.57, 1.7, 2.07, 2.32, 2.39], [3.09, 3.91, 4.52, 5.06, 5.48, 6.02, 5.77, 5.33, 5.35, 5.99, 6.35, 6.14, 4.93, 3.78, 3.45, 3.82, 4.09, 3.62, 3.22, 3.56, 4.64, 4.68, 4.15, 3.92, 4.16, 4.13, 3.36, 3.78, 4.44, 4.34, 4.71, 4.7, 4.25, 3.47, 3.48, 3.7, 3.64, 3.74, 3.69, 3.66, 3.89, 3.72, 4.71, 4.46, 4.2, 3.83, 3.58, 3.46, 3.28, 3.18, 3.31, 3.45, 4.44, 5.01, 4.68, 4.79, 5.11, 5.16, 5.24, 4.8, 4.29, 3.85, 3.71, 3.44, 4.14, 3.99, 3.31, 4.06, 4.687, 3.54, 2.06, 0, 1.18, 1.03, 0.94, 0.8, 0.93, 1.42, 1.17, 1.79, 1.98, 1.77, 1.8, 1.71, 1.64, 1.65], [2.63, 3.39, 3.74, 4.36, 4.76, 5.32, 5.21, 4.71, 4.79, 5.27, 5.73, 5.38, 4.19, 3.26, 2.97, 3.14, 3.37, 3.0, 2.62, 3.0, 4.1, 4.14, 3.59, 3.26, 3.46, 3.33, 2.58, 3.2, 3.86, 3.98, 4.43, 4.2, 3.53, 2.97, 2.94, 3.12, 2.94, 3.22, 3.35, 3.36, 3.51, 3.42, 4.33, 4.08, 3.86, 3.45, 3.42, 3.3, 3.22, 3.14, 3.01, 3.43, 4.4, 4.81, 4.6, 4.73, 5.13, 5.48, 5.68, 5.26, 4.75, 4.19, 3.87, 3.72, 4.672, 4.544, 3.804, 4.612, 5.262, 4.194, 2.76, 1.18, 0, 0.95, 0.84, 1.08, 0.95, 1.42, 1.01, 2.41, 2.2, 1.99, 2.0, 1.87, 1.74, 1.57], [2.46, 3.44, 4.07, 4.91, 5.25, 5.91, 5.64, 5.22, 5.32, 5.84, 6.32, 5.97, 4.66, 3.65, 3.46, 3.65, 4.04, 3.73, 3.35, 3.69, 4.83, 4.87, 4.32, 4.01, 4.17, 4.04, 2.99, 3.43, 4.17, 4.11, 4.62, 4.75, 4.12, 3.22, 3.15, 3.57, 3.49, 3.41, 3.32, 3.19, 3.44, 3.11, 4.06, 3.83, 3.75, 3.26, 2.97, 2.85, 3.07, 2.95, 2.76, 3.14, 4.17, 4.42, 4.33, 4.52, 4.88, 5.07, 5.17, 4.75, 4.12, 3.56, 3.32, 3.11, 4.05, 3.92, 3.2, 3.987, 4.617, 3.47, 2.13, 1.03, 0.95, 0, 0.81, 1.07, 1.02, 1.41, 1.24, 2.24, 1.89, 1.68, 1.69, 1.6, 1.71, 1.32], [2.45, 3.39, 4.06, 4.72, 5.06, 5.66, 5.49, 5.05, 5.13, 5.61, 6.09, 5.78, 4.49, 3.46, 3.23, 3.54, 3.89, 3.56, 3.18, 3.54, 4.66, 4.68, 4.13, 3.78, 4.0, 3.83, 2.88, 3.28, 4.0, 3.94, 4.35, 4.56, 3.93, 3.09, 3.02, 3.34, 3.26, 3.28, 3.11, 3.08, 3.31, 3.08, 4.05, 3.8, 3.62, 3.19, 3.0, 2.96, 2.72, 2.62, 2.63, 2.89, 3.86, 4.35, 4.12, 4.29, 4.59, 4.82, 5.08, 4.66, 4.11, 3.53, 3.31, 3.06, 4.0, 3.867, 3.15, 3.96, 4.61, 3.611, 2.18, 0.94, 0.84, 0.81, 0, 0.74, 0.77, 1.02, 0.87, 1.89, 1.74, 1.51, 1.52, 1.45, 1.42, 1.09], [2.71, 3.53, 4.16, 4.96, 5.26, 5.8, 5.69, 5.15, 5.21, 5.77, 6.25, 5.96, 4.65, 3.64, 3.33, 3.74, 4.11, 3.82, 3.44, 3.8, 4.88, 4.92, 4.37, 4.08, 4.28, 4.15, 3.08, 3.46, 4.14, 4.08, 4.69, 4.8, 4.15, 3.25, 3.1, 3.42, 3.36, 3.36, 3.31, 3.28, 3.53, 3.34, 4.33, 4.08, 3.86, 3.47, 3.42, 3.26, 2.96, 2.84, 2.91, 3.07, 4.02, 4.65, 4.36, 4.41, 4.63, 4.64, 4.86, 4.4, 3.97, 3.63, 3.49, 3.22, 3.8, 3.662, 2.99, 3.74, 4.37, 3.36, 2.06, 0.8, 1.08, 1.07, 0.74, 0, 0.81, 1.22, 0.99, 1.85, 1.8, 1.51, 1.48, 1.27, 1.26, 1.15], [2.5, 3.22, 3.83, 4.45, 4.77, 5.35, 5.2, 4.66, 4.78, 5.36, 5.74, 5.51, 4.2, 3.11, 2.86, 3.21, 3.64, 3.33, 2.97, 3.45, 4.55, 4.43, 3.88, 3.57, 3.75, 3.64, 2.65, 3.07, 3.73, 3.73, 4.22, 4.33, 3.74, 2.82, 2.75, 3.03, 2.99, 3.01, 3.02, 3.09, 3.2, 3.11, 4.06, 3.81, 3.61, 3.26, 3.21, 3.05, 2.91, 2.81, 2.76, 2.98, 4.03, 4.54, 