[[0, 0.82, 0.77, 1.16, 1.57, 2.0, 3.02, 3.66, 5.0, 6.12, 6.42, 5.72, 5.44, 5.7, 5.27, 4.47, 4.56, 4.62, 4.72, 4.48, 4.48, 4.57, 4.62, 4.94, 5.29, 5.29, 5.67, 5.97, 5.5, 5.07, 5.3, 5.32, 5.42, 5.23, 4.65, 4.34, 4.4, 5.0, 5.22, 5.17, 4.83, 4.8, 4.96, 5.28, 5.01, 4.57, 4.03, 4.45, 4.88, 5.76, 6.32, 6.94, 6.87, 7.25, 7.31, 6.48, 6.01, 5.56, 5.46, 5.05, 4.57, 4.46, 4.89, 5.03, 4.89, 5.07, 4.53, 4.38, 4.25, 4.08, 3.67, 3.52, 4.06, 4.56, 4.79, 5.09, 4.86, 4.4, 4.36, 4.51, 4.6, 4.44, 4.37, 4.56, 4.51, 4.31], [0.82, 0, 0.67, 1.32, 1.77, 2.0, 2.82, 3.48, 4.72, 5.88, 6.02, 5.48, 5.22, 5.56, 5.29, 4.53, 4.38, 4.5, 4.58, 4.44, 4.3, 4.35, 4.3, 4.56, 4.91, 5.15, 5.59, 6.13, 5.6, 5.23, 5.0, 5.14, 5.26, 5.17, 4.69, 4.56, 4.58, 5.16, 5.46, 5.39, 5.05, 4.98, 5.14, 5.44, 5.11, 4.69, 4.23, 4.59, 5.02, 6.0, 6.54, 7.16, 7.21, 7.55, 7.67, 6.82, 6.23, 5.8, 5.68, 5.25, 4.77, 4.62, 5.15, 5.35, 5.21, 5.37, 4.63, 4.44, 4.51, 4.28, 3.61, 3.44, 3.82, 4.34, 4.55, 4.87, 4.58, 4.12, 4.12, 4.65, 4.68, 4.6, 4.51, 4.7, 4.49, 4.57], [0.77, 0.67, 0, 0.97, 1.5, 1.91, 2.75, 3.51, 4.83, 5.83, 6.11, 5.49, 5.29, 5.55, 5.28, 4.42, 4.39, 4.63, 4.59, 4.39, 4.43, 4.46, 4.41, 4.65, 5.14, 5.22, 5.56, 5.9, 5.43, 5.2, 5.17, 5.25, 5.39, 5.2, 4.58, 4.31, 4.33, 4.89, 5.23, 5.18, 4.8, 4.73, 4.89, 5.13, 4.86, 4.48, 3.98, 4.36, 4.93, 5.73, 6.29, 6.95, 6.94, 7.3, 7.4, 6.55, 6.02, 5.57, 5.49, 5.14, 4.56, 4.33, 4.94, 5.12, 4.98, 5.14, 4.48, 4.25, 4.34, 4.13, 3.68, 3.57, 4.11, 4.53, 4.68, 5.04, 4.73, 4.27, 4.31, 4.56, 4.67, 4.63, 4.48, 4.53, 4.4, 4.32], [1.16, 1.32, 0.97, 0, 0.75, 1.8, 2.7, 3.54, 4.92, 5.96, 6.458, 5.64, 5.34, 5.62, 5.37, 4.31, 4.38, 4.68, 4.72, 4.46, 4.72, 4.61, 4.5, 5.092, 5.687, 5.59, 5.67, 5.87, 5.48, 5.35, 5.779, 5.52, 5.62, 5.33, 4.55, 4.34, 4.2, 4.7, 4.86, 4.77, 4.51, 4.34, 4.52, 4.76, 4.61, 4.37, 3.91, 4.15, 4.54, 5.12, 5.82, 6.52, 6.49, 6.89, 6.95, 6.14, 5.59, 5.26, 5.08, 4.73, 4.19, 4.1, 4.81, 5.03, 4.85, 5.05, 4.43, 4.12, 4.33, 4.26, 3.87, 3.74, 4.34, 4.66, 4.83, 5.17, 4.76, 4.38, 4.46, 4.71, 4.84, 4.76, 4.61, 4.76, 4.97, 4.61], [1.57, 1.77, 1.5, 0.75, 0, 1.39, 2.33, 3.59, 5.07, 6.25, 6.824, 5.889, 5.33, 5.45, 5.16, 3.94, 4.05, 4.37, 4.41, 4.39, 4.97, 4.82, 4.89, 5.578, 6.119, 5.867, 5.36, 5.54, 5.33, 5.58, 6.206, 5.743, 5.31, 5.04, 4.24, 3.99, 3.83, 4.25, 4.35, 4.26, 3.98, 3.75, 4.01, 4.25, 4.22, 3.98, 3.58, 3.8, 4.19, 4.65, 5.39, 6.03, 6.0, 6.42, 6.46, 5.63, 5.1, 4.81, 4.61, 4.24, 3.74, 3.69, 4.4, 4.64, 4.5, 4.74, 4.08, 3.83, 3.98, 3.97, 3.6, 3.61, 4.23, 4.73, 4.66, 4.96, 4.61, 4.19, 4.25, 4.38, 4.53, 4.43, 4.8, 5.09, 5.36, 5.0], [2.0, 2.0, 1.91, 1.8, 1.39, 0, 1.36, 2.84, 4.38, 5.545, 6.119, 5.16, 4.52, 4.62, 4.33, 3.09, 3.18, 3.5, 3.5, 3.6, 4.18, 4.067, 4.165, 4.756, 5.4, 5.0, 4.51, 4.85, 4.6, 4.91, 5.456, 5.093, 4.42, 4.11, 3.37, 3.32, 3.36, 3.88, 4.28, 4.25, 3.75, 3.4, 3.74, 3.76, 3.81, 3.47, 2.87, 3.17, 3.8, 4.74, 5.42, 6.24, 6.45, 6.89, 6.91, 5.88, 5.19, 4.62, 4.54, 3.97, 3.39, 3.22, 4.03, 4.21, 4.07, 4.25, 3.59, 3.26, 3.47, 3.24, 2.75, 2.84, 3.48, 4.06, 3.85, 4.19, 3.84, 3.42, 3.42, 3.65, 3.56, 3.56, 4.13, 4.64, 4.57, 4.47], [3.02, 2.82, 2.75, 2.7, 2.33, 1.36, 0, 1.76, 3.42, 4.62, 5.296, 4.26, 3.34, 3.4, 3.17, 2.13, 2.04, 2.34, 2.32, 2.88, 3.44, 3.21, 3.34, 4.02, 4.635, 4.254, 3.37, 3.81, 3.56, 4.15, 4.7, 4.28, 3.24, 3.09, 2.49, 2.64, 2.78, 3.58, 4.52, 4.63, 3.85, 3.32, 3.86, 3.76, 3.45, 2.87, 2.35, 2.87, 3.88, 5.02, 5.86, 6.72, 7.01, 7.49, 7.51, 6.42, 5.61, 4.9, 4.88, 4.31, 3.49, 2.7, 3.41, 3.53, 3.53, 3.73, 3.11, 2.8, 2.83, 2.36, 1.95, 2.26, 2.74, 3.14, 2.77, 2.93, 2.68, 2.56, 2.46, 2.61, 2.66, 2.72, 3.43, 3.92, 3.91, 3.83], [3.66, 3.48, 3.51, 3.54, 3.59, 2.84, 1.76, 0, 1.8, 3.24, 3.92, 2.76, 2.06, 2.46, 2.19, 1.43, 1.38, 1.66, 1.64, 1.76, 2.14, 1.89, 2.02, 2.56, 3.19, 2.97, 2.65, 3.07, 2.58, 2.67, 3.18, 2.92, 2.48, 2.41, 2.07, 2.78, 3.24, 4.24, 5.46, 5.59, 4.67, 4.1, 4.68, 4.72, 4.03, 3.33, 2.79, 3.57, 4.78, 6.04, 6.82, 7.72, 8.05, 8.55, 8.55, 7.44, 6.61, 5.78, 5.8, 5.35, 4.39, 3.48, 3.51, 3.69, 3.93, 4.07, 3.83, 3.68, 3.17, 2.78, 2.57, 2.26, 1.84, 1.98, 1.93, 2.07, 1.74, 1.62, 1.74, 2.27, 2.3, 2.04, 2.55, 2.98, 2.75, 2.51], [5.0, 4.72, 4.83, 4.92, 5.07, 4.38, 3.42, 1.8, 0, 1.84, 2.56, 1.58, 1.14, 1.78, 1.69, 1.79, 2.18, 2.48, 2.02, 1.48, 1.42, 1.23, 1.26, 1.72, 1.99, 1.89, 2.05, 2.45, 1.96, 1.67, 1.94, 1.66, 1.74, 2.69, 3.19, 4.14, 4.56, 5.58, 6.82, 6.97, 6.11, 5.52, 6.14, 6.14, 5.41, 4.67, 4.17, 4.97, 6.18, 7.48, 8.3, 9.1, 9.55, 10.05, 9.97, 8.84, 8.01, 7.14, 7.12, 6.69, 5.91, 4.88, 4.85, 5.11, 5.37, 5.47, 5.276, 5.226, 4.59, 4.12, 3.77, 3.0, 2.16, 1.6, 1.69, 1.87, 1.96, 1.72, 2.04, 2.83, 2.8, 2.26, 2.33, 2.54, 2.25, 2.01], [6.12, 5.88, 5.83, 5.96, 6.25, 5.545, 4.62, 3.24, 1.84, 0, 0.94, 1.14, 1.88, 2.4, 2.77, 3.11, 3.58, 4.0, 3.36, 2.32, 2.0, 2.01, 1.78, 1.76, 1.99, 1.73, 2.25, 2.75, 2.4, 1.85, 1.66, 1.76, 3.2, 4.11, 4.57, 5.48, 5.92, 6.92, 8.22, 8.43, 7.55, 6.92, 7.52, 7.42, 6.77, 6.09, 5.49, 6.25, 7.48, 8.78, 9.68, 10.54, 11.03, 11.51, 11.43, 10.28, 9.43, 8.52, 8.52, 8.11, 7.33, 6.28, 6.43, 6.622, 6.882, 6.965, 6.808, 6.758, 6.23, 5.78, 5.15, 4.36, 3.5, 2.88, 2.97, 3.25, 3.36, 2.96, 3.24, 4.23, 4.32, 3.52, 2.73, 2.48, 2.09, 2.37], [6.42, 6.02, 6.11, 6.458, 6.824, 6.119, 5.296, 3.92, 2.56, 0.94, 0, 1.42, 2.56, 2.98, 3.39, 3.81, 4.3, 4.7, 4.04, 3.0, 2.5, 2.55, 2.2, 1.84, 1.87, 1.97, 2.75, 3.27, 3.0, 2.49, 1.82, 2.14, 3.8, 4.73, 5.25, 6.14, 6.6, 7.6, 8.86, 9.05, 8.17, 7.6, 8.16, 8.12, 7.49, 6.79, 6.19, 6.95, 8.2, 9.48, 10.34, 11.16, 11.65, 12.13, 12.05, 10.9, 10.07, 9.16, 9.16, 8.77, 7.95, 7.0, 7.13, 7.29, 7.55, 7.628, 7.508, 7.461, 6.89, 6.46, 5.65, 4.66, 3.76, 3.24, 3.49, 3.67, 3.76, 3.48, 3.84, 4.89, 4.98, 4.16, 3.11, 2.52, 2.45, 2.63], [5.72, 5.48, 5.49, 5.64, 5.889, 5.16, 4.26, 2.76, 1.58, 1.14, 1.42, 0, 1.44, 1.9, 2.19, 2.71, 3.2, 3.56, 2.86, 1.9, 1.7, 1.69, 1.52, 1.5, 1.53, 1.49, 1.63, 2.19, 1.8, 1.63, 1.5, 1.38, 2.7, 3.57, 4.11, 4.94, 5.44, 6.46, 7.74, 7.95, 7.03, 6.5, 7.04, 7.04, 6.39, 5.67, 5.05, 5.85, 7.1, 8.4, 9.22, 10.06, 10.53, 11.03, 10.95, 9.82, 8.97, 8.06, 8.1, 7.73, 6.85, 5.88, 5.95, 6.105, 6.365, 6.451, 6.351, 6.301, 5.73, 5.3, 4.61, 3.78, 2.9, 2.32, 2.43, 2.59, 2.68, 2.44, 2.8, 3.75, 3.82, 3.0, 2.43, 2.4, 2.07, 2.17], [5.44, 5.22, 5.29, 5.34, 5.33, 4.52, 3.34, 2.06, 1.14, 1.88, 2.56, 1.44, 0, 1.04, 1.33, 1.65, 2.06, 2.36, 1.78, 1.62, 1.62, 1.51, 1.54, 1.92, 2.39, 1.93, 1.27, 1.63, 1.26, 1.85, 2.16, 1.66, 1.6, 2.39, 2.89, 3.82, 4.32, 5.38, 6.66, 6.89, 5.97, 5.36, 5.92, 5.86, 5.15, 4.41, 3.87, 4.69, 5.92, 7.22, 8.12, 9.0, 9.47, 9.97, 9.89, 8.76, 7.91, 7.0, 7.0, 6.59, 5.75, 4.68, 4.73, 5.002, 5.262, 5.359, 5.128, 5.081, 4.57, 4.24, 3.85, 3.64, 2.86, 2.34, 2.15, 2.23, 2.28, 2.14, 2.22, 2.77, 2.66, 2.18, 2.51, 2.96, 2.63, 2.45], [5.7, 5.56, 5.55, 5.62, 5.45, 4.62, 3.4, 2.46, 1.78, 2.4, 2.98, 1.9, 1.04, 0, 0.89, 1.75, 2.1, 2.12, 1.7, 1.58, 1.98, 2.07, 2.12, 2.46, 3.03, 2.41, 0.97, 0.99, 0.92, 1.97, 2.34, 1.88, 1.32, 2.03, 2.77, 3.46, 3.72, 4.74, 6.0, 6.23, 5.37, 4.82, 5.34, 5.34, 4.73, 4.03, 3.45, 4.21, 5.48, 6.7, 7.54, 8.32, 8.81, 9.31, 9.23, 8.08, 7.23, 6.32, 6.34, 6.03, 5.27, 4.18, 4.23, 4.45, 4.71, 4.771, 4.71, 4.673, 4.05, 3.94, 4.09, 4.12, 3.48, 2.9, 2.61, 2.65, 2.8, 2.72, 2.4, 2.43, 2.22, 2.08, 2.51, 3.0, 2.59, 2.45], [5.27, 5.29, 5.28, 5.37, 5.16, 4.33, 3.17, 2.19, 1.69, 2.77, 3.39, 2.19, 1.33, 0.89, 0, 1.34, 1.87, 1.89, 1.47, 1.33, 1.77, 1.9, 1.93, 2.35, 2.9, 2.44, 1.32, 1.24, 1.01, 1.88, 2.59, 2.27, 1.33, 2.0, 2.6, 3.23, 3.49, 4.47, 5.73, 5.92, 5.0, 4.57, 5.07, 5.07, 4.44, 3.76, 3.26, 3.96, 5.17, 6.43, 7.23, 8.01, 8.44, 8.94, 8.88, 7.77, 6.94, 6.03, 6.09, 5.7, 4.94, 3.91, 3.84, 4.04, 4.3, 4.42, 4.32, 4.31, 3.7, 3.65, 3.96, 3.87, 3.19, 2.69, 2.3, 2.38, 2.57, 2.43, 2.15, 2.22, 1.91, 1.65, 2.38, 2.85, 2.54, 2.18], [4.47, 4.53, 4.42, 4.31, 3.94, 3.09, 2.13, 1.43, 1.79, 3.11, 3.81, 2.71, 1.65, 1.75, 1.34, 0, 1.13, 1.59, 1.19, 1.21, 1.97, 1.8, 1.91, 2.57, 3.24, 2.8, 1.72, 1.86, 1.67, 2.2, 3.09, 2.73, 1.91, 2.08, 2.1, 2.89, 3.33, 4.31, 5.51, 5.68, 4.74, 4.11, 4.71, 4.59, 4.1, 3.5, 2.9, 3.6, 4.83, 6.03, 6.91, 7.79, 8.16, 8.66, 8.66, 7.55, 6.72, 5.81, 5.81, 5.34, 4.44, 3.49, 3.7, 3.9, 4.16, 4.28, 4.2, 4.01, 3.5, 3.27, 3.4, 3.15, 2.43, 2.15, 1.84, 1.88, 1.87, 1.63, 1.57, 1.76, 1.83, 1.43, 2.24, 2.73, 2.46, 2.14], [4.56, 4.38, 4.39, 4.38, 4.05, 3.18, 2.04, 1.38, 2.18, 3.58, 4.3, 3.2, 2.06, 2.1, 1.87, 1.13, 0, 0.68, 0.72, 1.92, 2.52, 2.29, 2.46, 3.06, 3.69, 3.41, 2.35, 2.53, 2.42, 3.03, 3.62, 3.32, 1.96, 1.71, 1.65, 2.48, 2.98, 3.88, 5.04, 5.21, 4.31, 3.7, 4.28, 4.28, 3.71, 3.03, 2.53, 3.19, 4.32, 5.58, 6.4, 7.32, 7.69, 8.19, 8.19, 7.08, 6.25, 5.4, 5.4, 4.87, 3.97, 3.02, 3.19, 3.41, 3.63, 3.75, 3.49, 3.36, 2.91, 2.48, 2.57, 2.8, 2.28, 2.34, 1.93, 1.81, 1.84, 1.68, 1.66, 1.55, 1.5, 1.54, 2.85, 3.3, 3.05, 2.91], [4.62, 4.5, 4.63, 4.68, 4.37, 3.5, 2.34, 1.66, 2.48, 4.0, 4.7, 3.56, 2.36, 2.12, 1.89, 1.59, 0.68, 0, 0.96, 2.2, 2.84, 2.65, 2.82, 3.4, 4.01, 3.69, 2.71, 2.67, 2.62, 3.25, 3.9, 3.62, 1.98, 1.49, 1.61, 2.28, 2.62, 3.44, 4.62, 4.77, 3.91, 3.44, 3.94, 3.98, 3.43, 2.65, 2.27, 2.91, 4.02, 5.28, 6.04, 6.88, 7.25, 7.75, 7.75, 6.64, 5.81, 4.98, 4.98, 4.47, 3.69, 2.74, 2.71, 2.91, 3.17, 3.31, 3.01, 2.92, 2.43, 2.2, 2.55, 2.86, 2.48, 2.56, 2.17, 2.11, 2.2, 2.08, 2.0, 1.65, 1.28, 1.6, 3.09, 3.52, 3.35, 3.17], [4.72, 4.58, 4.59, 4.72, 4.41, 3.5, 2.32, 1.64, 2.02, 3.36, 4.04, 2.86, 1.78, 1.7, 1.47, 1.19, 0.72, 0.96, 0, 1.52, 2.12, 2.03, 2.22, 2.76, 3.37, 3.01, 1.99, 2.21, 2.04, 2.63, 3.3, 3.02, 1.7, 1.69, 1.95, 2.62, 3.04, 3.98, 5.16, 5.35, 4.45, 4.0, 4.52, 4.6, 4.01, 3.31, 2.73, 3.49, 4.64, 5.88, 6.66, 7.44, 7.85, 8.35, 8.33, 7.2, 6.37, 5.5, 5.56, 5.11, 4.25, 3.26, 3.31, 3.53, 3.75, 3.87, 3.65, 3.66, 3.07, 2.78, 2.65, 2.98, 2.44, 2.18, 1.79, 1.73, 1.96, 1.74, 1.66, 1.49, 1.4, 1.24, 2.51, 2.98, 2.69, 2.59], [4.48, 4.44, 4.39, 4.46, 4.39, 3.6, 2.88, 1.76, 1.48, 2.32, 3.0, 1.9, 1.62, 1.58, 1.33, 1.21, 1.92, 2.2, 1.52, 0, 1.1, 1.13, 1.22, 1.76, 2.39, 1.97, 1.61, 1.95, 1.46, 1.51, 2.16, 2.0, 2.0, 2.47, 2.85, 3.44, 3.86, 4.8, 6.04, 6.23, 5.35, 4.86, 5.38, 5.4, 4.83, 4.17, 3.59, 4.33, 5.56, 6.74, 7.56, 8.34, 8.77, 9.27, 9.23, 8.1, 7.27, 6.36, 6.42, 6.01, 5.15, 4.16, 4.21, 4.43, 4.63, 4.75, 4.65, 4.66, 4.03, 3.82, 3.89, 3.28, 2.52, 1.98, 1.93, 2.21, 2.3, 1.8, 1.7, 2.29, 2.3, 1.62, 1.57, 1.98, 1.63, 1.39], [4.48, 4.3, 4.43, 4.72, 4.97, 4.18, 3.44, 2.14, 1.42, 2.0, 2.5, 1.7, 1.62, 1.98, 1.77, 1.97, 2.52, 2.84, 2.12, 1.1, 0, 0.55, 0.74, 1.18, 1.47, 1.19, 2.03, 2.51, 1.94, 1.31, 1.64, 1.54, 2.2, 2.87, 3.43, 4.18, 4.66, 5.74, 7.0, 7.25, 6.31, 5.82, 6.36, 6.34, 5.63, 4.83, 4.33, 5.15, 6.42, 7.7, 8.54, 9.34, 9.77, 10.27, 10.21, 9.08, 8.25, 7.32, 7.4, 7.05, 6.15, 5.12, 4.95, 5.25, 5.51, 5.63, 5.39, 5.447, 4.75, 4.38, 4.11, 3.34, 2.4, 2.02, 2.11, 2.37, 2.54, 2.02, 1.94, 2.75, 2.94, 2.2, 1.33, 1.72, 1.51, 1.45], [4.57, 4.35, 4.46, 4.61, 4.82, 4.067, 3.21, 1.89, 1.23, 2.01, 2.55, 1.69, 1.51, 2.07, 1.9, 1.8, 2.29, 2.65, 2.03, 1.13, 0.55, 0, 0.67, 1.13, 1.54, 1.36, 2.18, 2.68, 2.07, 1.58, 1.87, 1.67, 2.25, 2.7, 3.28, 4.13, 4.61, 5.65, 6.95, 7.16, 6.24, 5.67, 6.21, 6.19, 5.48, 4.7, 4.18, 5.0, 6.25, 7.55, 8.39, 9.27, 9.72, 10.22, 10.16, 9.03, 8.18, 7.27, 7.31, 6.94, 6.0, 4.99, 4.88, 5.16, 5.42, 5.54, 5.32, 5.29, 4.66, 4.25, 3.72, 2.95, 2.09, 1.61, 1.72, 1.9, 2.01, 1.55, 1.71, 2.72, 2.87, 2.11, 1.62, 1.91, 1.8, 1.6], [4.62, 4.3, 4.41, 4.5, 4.89, 4.165, 3.34, 2.02, 1.26, 1.78, 2.2, 1.52, 1.54, 2.12, 1.93, 1.91, 2.46, 2.82, 2.22, 1.22, 0.74, 0.67, 0, 0.82, 1.39, 1.29, 2.21, 2.67, 2.1, 1.49, 1.68, 1.5, 2.32, 2.95, 3.35, 4.3, 4.8, 5.84, 7.14, 7.35, 6.43, 5.8, 6.34, 6.28, 5.57, 4.83, 4.31, 5.09, 6.36, 7.64, 8.52, 9.46, 9.91, 10.41, 10.35, 9.22, 8.37, 7.46, 7.46, 7.07, 6.11, 5.14, 5.13, 5.37, 5.65, 5.77, 5.57, 5.44, 4.89, 4.48, 3.99, 3.2, 2.36, 1.84, 1.97, 2.19, 2.24, 1.74, 1.9, 2.89, 3.04, 2.26, 1.67, 1.76, 1.61, 1.49], [4.94, 4.56, 4.65, 5.092, 5.578, 4.756, 4.02, 2.56, 1.72, 1.76, 1.84, 1.5, 1.92, 2.46, 2.35, 2.57, 3.06, 3.4, 2.76, 1.76, 1.18, 1.13, 0.82, 0, 0.99, 1.19, 2.41, 2.91, 2.32, 1.61, 1.3, 1.6, 2.8, 3.43, 3.93, 4.8, 5.32, 6.36, 7.66, 7.89, 6.95, 6.38, 6.92, 6.9, 6.19, 5.43, 4.89, 5.71, 6.96, 8.26, 9.12, 9.98, 10.43, 10.93, 10.87, 9.74, 8.89, 7.98, 8.02, 7.65, 6.71, 5.78, 5.69, 5.85, 6.15, 6.27, 6.15, 6.04, 5.43, 4.98, 4.37, 3.58, 2.72, 2.26, 2.39, 2.61, 2.66, 2.16, 2.4, 3.41, 3.58, 2.7, 1.91, 1.64, 1.51, 1.43], [5.29, 4.91, 5.14, 5.687, 6.119, 5.4, 4.635, 3.19, 1.99, 1.99, 1.87, 1.53, 2.39, 3.03, 2.9, 3.24, 3.69, 4.01, 3.37, 2.39, 1.47, 1.54, 1.39, 0.99, 0, 1.12, 2.96, 3.42, 2.85, 1.92, 1.53, 1.99, 3.25, 4.0, 4.54, 5.39, 5.89, 6.95, 8.21, 8.52, 7.5, 6.97, 7.51, 7.51, 6.8, 6.1, 5.54, 6.36, 7.57, 8.91, 9.77, 10.53, 10.98, 11.48, 11.42, 10.29, 9.44, 8.53, 8.59, 8.22, 7.34, 6.41, 6.3, 6.44, 6.72, 6.84, 6.76, 6.716, 5.96, 5.39, 4.58, 3.59, 2.55, 2.17, 2.46, 2.52, 2.63, 2.41, 2.83, 3.92, 4.19, 3.25, 2.08, 2.09, 1.92, 2.0], [5.29, 5.15, 5.22, 5.59, 5.867, 5.0, 4.254, 2.97, 1.89, 1.73, 1.97, 1.49, 1.93, 2.41, 2.44, 2.8, 3.41, 3.69, 3.01, 1.97, 1.19, 1.36, 1.29, 1.19, 1.12, 0, 2.08, 2.66, 2.19, 1.42, 1.45, 1.59, 2.83, 3.44, 4.02, 4.89, 5.41, 6.43, 7.71, 8.06, 7.0, 6.47, 7.01, 6.97, 6.32, 5.66, 5.08, 5.9, 7.11, 8.45, 9.33, 10.01, 10.44, 10.9, 10.82, 9.69, 8.88, 8.03, 8.05, 7.68, 6.9, 6.01, 5.88, 6.04, 6.34, 6.46, 6.347, 6.317, 5.6, 5.11, 4.44, 3.57, 2.69, 2.35, 2.56, 2.7, 2.81, 2.29, 2.51, 3.42, 3.81, 2.91, 1.72, 1.95, 1.74, 1.98], [5.67, 5.59, 5.56, 5.67, 5.36, 4.51, 3.37, 2.65, 2.05, 2.25, 2.75, 1.63, 1.27, 0.97, 1.32, 1.72, 2.35, 2.71, 1.99, 1.61, 2.03, 2.18, 2.21, 2.41, 2.96, 2.08, 0, 0.84, 0.85, 1.68, 1.95, 1.59, 1.69, 2.44, 2.86, 3.63, 4.13, 5.09, 6.35, 6.7, 5.66, 5.11, 5.65, 5.61, 5.1, 4.5, 3.84, 4.6, 5.87, 7.11, 7.99, 8.67, 9.1, 9.6, 9.52, 8.39, 7.54, 6.67, 6.67, 6.34, 5.56, 4.63, 4.78, 4.92, 5.2, 5.287, 5.22, 5.191, 4.6, 4.15, 4.22, 4.17, 3.49, 3.05, 2.72, 2.74, 2.89, 2.63, 2.29, 2.46, 2.71, 2.13, 2.42, 2.87, 2.5, 2.5], [5.97, 6.13, 5.9, 5.87, 5.54, 4.85, 3.81, 3.07, 2.45, 2.75, 3.27, 2.19, 1.63, 0.99, 1.24, 1.86, 2.53, 2.67, 2.21, 1.95, 2.51, 2.68, 2.67, 2.91, 3.42, 2.66, 0.84, 0, 0.71, 1.9, 2.53, 2.25, 1.83, 2.42, 2.92, 3.23, 3.55, 4.55, 5.77, 6.1, 5.08, 4.49, 5.01, 4.99, 4.48, 3.9, 3.46, 4.14, 5.39, 6.47, 7.35, 8.11, 8.56, 9.06, 9.0, 7.87, 7.02, 6.11, 6.11, 5.86, 5.18, 4.09, 4.22, 4.34, 4.62, 4.8, 4.9, 4.79, 4.08, 4.15, 4.58, 4.73, 4.05, 3.59, 3.24, 3.14, 3.37, 3.17, 2.85, 2.6, 2.51, 2.21, 2.66, 3.07, 2.9, 2.72], [5.5, 5.6, 5.43, 5.48, 5.33, 4.6, 3.56, 2.58, 1.96, 2.4, 3.0, 1.8, 1.26, 0.92, 1.01, 1.67, 2.42, 2.62, 2.04, 1.46, 1.94, 2.07, 2.1, 2.32, 2.85, 2.19, 0.85, 0.71, 0, 1.33, 2.12, 1.86, 1.78, 2.45, 2.89, 3.3, 3.74, 4.74, 6.04, 6.35, 5.33, 4.8, 5.34, 5.32, 4.65, 4.05, 3.53, 4.27, 5.54, 6.76, 7.62, 8.36, 8.81, 9.31, 9.25, 8.12, 7.27, 6.36, 6.4, 6.11, 5.29, 4.26, 4.31, 4.43, 4.73, 4.85, 4.95, 4.82, 4.07, 4.0, 4.35, 4.3, 3.56, 3.04, 2.79, 2.85, 2.9, 2.74, 2.46, 2.41, 2.4, 1.98, 2.15, 2.64, 2.47, 2.17], [5.07, 5.23, 5.2, 5.35, 5.58, 4.91, 4.15, 2.67, 1.67, 1.85, 2.49, 1.63, 1.85, 1.97, 1.88, 2.2, 3.03, 3.25, 2.63, 1.51, 1.31, 1.58, 1.49, 1.61, 1.92, 1.42, 1.68, 1.9, 1.33, 0, 1.17, 1.57, 2.47, 3.14, 3.6, 4.21, 4.63, 5.67, 6.91, 7.3, 6.26, 5.75, 6.29, 6.27, 5.6, 4.94, 4.46, 5.24, 6.41, 7.77, 8.61, 9.25, 9.62, 10.1, 10.04, 8.91, 8.1, 7.23, 7.27, 6.94, 6.2, 5.23, 5.0, 5.16, 5.48, 5.62, 5.66, 5.65, 4.64, 4.35, 4.52, 3.99, 3.23, 2.61, 2.72, 3.02, 3.13, 2.59, 2.39, 2.76, 3.09, 2.21, 1.78, 1.71, 1.62, 1.64], [5.3, 5.0, 5.17, 5.779, 6.206, 5.456, 4.7, 3.18, 1.94, 1.66, 1.82, 1.5, 2.16, 2.34, 2.59, 3.09, 3.62, 3.9, 3.3, 2.16, 1.64, 1.87, 1.68, 1.3, 1.53, 1.45, 1.95, 2.53, 2.12, 1.17, 0, 1.24, 2.86, 3.73, 4.29, 5.14, 5.54, 6.58, 7.84, 8.25, 7.23, 6.72, 7.24, 7.2, 6.53, 5.87, 5.33, 6.17, 7.34, 8.68, 9.58, 10.18, 10.59, 11.09, 11.01, 9.88, 9.07, 8.16, 8.22, 7.85, 7.17, 6.24, 6.03, 6.182, 6.422, 6.507, 6.499, 6.519, 5.607, 4.98, 4.83, 4.06, 3.36, 2.82, 2.99, 3.29, 3.44, 2.8, 2.74, 3.55, 3.94, 2.98, 2.19, 1.9, 1.55, 1.69], [5.32, 5.14, 5.25, 5.52, 5.743, 5.093, 4.28, 2.92, 1.66, 1.76, 2.14, 1.38, 1.66, 1.88, 2.27, 2.73, 3.32, 3.62, 3.02, 2.0, 1.54, 1.67, 1.5, 1.6, 1.99, 1.59, 1.59, 2.25, 1.86, 1.57, 1.24, 0, 2.04, 3.07, 3.79, 4.64, 5.08, 6.2, 7.56, 7.87, 6.93, 6.42, 6.951, 6.88, 6.15, 5.41, 4.87, 5.73, 7.02, 8.26, 9.16, 9.84, 10.25, 10.73, 10.63, 9.5, 8.71, 7.78, 7.88, 7.61, 6.79, 5.862, 5.63, 5.782, 6.062, 6.067, 6.122, 6.136, 5.25, 4.66, 4.35, 3.62, 2.96, 2.4, 2.55, 2.85, 2.96, 2.38, 2.18, 3.19, 3.48, 2.6, 2.11, 2.2, 1.99, 1.97], [5.42, 5.26, 5.39, 5.62, 5.31, 4.42, 3.24, 2.48, 1.74, 3.2, 3.8, 2.7, 1.6, 1.32, 1.33, 1.91, 1.96, 1.98, 1.7, 2.0, 2.2, 2.25, 2.32, 2.8, 3.25, 2.83, 1.69, 1.83, 1.78, 2.47, 2.86, 2.04, 0, 1.31, 2.15, 2.88, 3.2, 4.3, 5.68, 5.95, 5.07, 4.58, 5.08, 5.0, 4.27, 3.51, 3.05, 3.89, 5.12, 6.38, 7.24, 7.98, 8.37, 8.85, 8.75, 7.64, 6.85, 5.92, 6.02, 5.73, 4.95, 3.98, 3.77, 3.99, 4.23, 4.236, 4.276, 4.382, 3.51, 3.14, 3.19, 3.34, 3.04, 2.8, 2.43, 2.43, 2.64, 2.42, 2.0, 2.01, 1.72, 1.88, 2.89, 3.4, 3.09, 2.85], [5.23, 5.17, 5.2, 5.33, 5.04, 4.11, 3.09, 2.41, 2.69, 4.11, 4.73, 3.57, 2.39, 2.03, 2.0, 2.08, 1.71, 1.49, 1.69, 2.47, 2.87, 2.7, 2.95, 3.43, 4.0, 3.44, 2.44, 2.42, 2.45, 3.14, 3.73, 3.07, 1.31, 0, 1.08, 1.87, 2.29, 3.33, 4.67, 4.94, 3.98, 3.41, 3.93, 3.85, 3.12, 2.38, 1.94, 2.7, 3.97, 5.23, 6.13, 7.01, 7.5, 7.98, 7.88, 6.73, 5.88, 4.97, 5.03, 4.7, 3.84, 2.91, 2.8, 2.954, 3.254, 3.34, 3.312, 3.194, 2.52, 2.37, 2.84, 3.37, 3.19, 3.25, 2.9, 2.6, 2.81, 2.53, 2.41, 2.08, 1.55, 2.25, 3.56, 4.07, 3.82, 3.44], [4.65, 4.69, 4.58, 4.55, 4.24, 3.37, 2.49, 2.07, 3.19, 4.57, 5.25, 4.11, 2.89, 2.77, 2.6, 2.1, 1.65, 1.61, 1.95, 2.85, 3.43, 3.28, 3.35, 3.93, 4.54, 4.02, 2.86, 2.92, 2.89, 3.6, 4.29, 3.79, 2.15, 1.08, 0, 1.15, 1.73, 2.71, 4.05, 4.38, 3.36, 2.73, 3.25, 3.11, 2.44, 1.82, 1.32, 2.06, 3.35, 4.57, 5.51, 6.39, 6.88, 7.36, 7.26, 6.11, 5.26, 4.35, 4.37, 4.04, 3.12, 2.27, 2.3, 2.478, 2.778, 2.864, 2.739, 2.654, 2.1, 1.83, 2.5, 3.15, 3.31, 3.63, 3.24, 3.08, 3.09, 2.85, 2.61, 2.16, 1.81, 2.43, 3.74, 4.27, 4.08, 3.8], [4.34, 4.56, 4.31, 4.34, 3.99, 3.32, 2.64, 2.78, 4.14, 5.48, 6.14, 4.94, 3.82, 3.46, 3.23, 2.89, 2.48, 2.28, 2.62, 3.44, 4.18, 4.13, 4.3, 4.8, 5.39, 4.89, 3.63, 3.23, 3.3, 4.21, 5.14, 4.64, 2.88, 1.87, 1.15, 0, 0.82, 1.68, 3.0, 3.37, 2.31, 1.84, 2.34, 2.26, 1.67, 1.07, 0.95, 1.35, 2.62, 3.72, 4.6, 5.36, 5.83, 6.31, 6.21, 5.06, 4.23, 3.3, 3.4, 3.17, 2.43, 1.48, 1.59, 1.65, 1.83, 2.05, 2.03, 1.98, 1.49, 1.8, 2.53, 3.56, 4.04, 4.44, 3.99, 3.91, 3.96, 3.76, 3.4, 2.63, 2.22, 3.06, 4.31, 4.76, 4.69, 4.29], [4.4, 4.58, 4.33, 4.2, 3.83, 3.36, 2.78, 3.24, 4.56, 5.92, 6.6, 5.44, 4.32, 3.72, 3.49, 3.33, 2.98, 2.62, 3.04, 3.86, 4.66, 4.61, 4.8, 5.32, 5.89, 5.41, 4.13, 3.55, 3.74, 4.63, 5.54, 5.08, 3.2, 2.29, 1.73, 0.82, 0, 1.16, 2.5, 2.87, 1.87, 1.42, 1.94, 1.9, 1.53, 1.09, 0.99, 1.25, 2.38, 3.38, 4.18, 4.84, 5.31, 5.79, 5.69, 4.54, 3.71, 2.84, 2.92, 2.81, 2.31, 1.22, 1.37, 1.55, 1.55, 1.83, 1.81, 1.82, 1.39, 1.94, 2.75, 3.86, 4.44, 4.8, 4.39, 4.41, 4.42, 4.22, 3.78, 2.97, 2.44, 3.4, 4.67, 4.96, 5.05, 4.63], [5.0, 5.16, 4.89, 4.7, 4.25, 3.88, 3.58, 4.24, 5.58, 6.92, 7.6, 6.46, 5.38, 4.74, 4.47, 4.31, 3.88, 3.44, 3.98, 4.8, 5.74, 5.65, 5.84, 6.36, 6.95, 6.43, 5.09, 4.55, 4.74, 5.67, 6.58, 6.2, 4.3, 3.33, 2.71, 1.68, 1.16, 0, 1.46, 1.79, 1.13, 1.02, 1.08, 1.0, 1.27, 1.31, 1.65, 1.13, 1.66, 2.56, 3.2, 3.78, 4.21, 4.69, 4.63, 3.48, 2.59, 1.94, 2.02, 1.97, 1.75, 1.1, 1.39, 1.45, 1.27, 1.45, 1.49, 1.42, 1.79, 2.68, 3.69, 4.8, 5.4, 5.8, 5.41, 5.39, 5.4, 5.2, 4.74, 3.91, 3.4, 4.38, 5.65, 5.96, 6.03, 5.69], [5.22, 5.46, 5.23, 4.86, 4.35, 4.28, 4.52, 5.46, 6.82, 8.22, 8.86, 7.74, 6.66, 6.0, 5.73, 5.51, 5.04, 4.62, 5.16, 6.04, 7.0, 6.95, 7.14, 7.66, 8.21, 7.71, 6.35, 5.77, 6.04, 6.91, 7.84, 7.56, 5.68, 4.67, 4.05, 3.0, 2.5, 1.46, 0, 0.81, 1.01, 1.68, 1.12, 1.42, 2.07, 2.47, 2.89, 2.13, 1.56, 1.66, 1.94, 2.42, 2.83, 3.33, 3.29, 2.16, 1.63, 1.16, 1.26, 1.23, 1.67, 2.08, 2.35, 2.21, 2.25, 2.25, 2.29, 2.28, 2.83, 3.76, 4.73, 5.88, 6.54, 6.98, 6.59, 6.61, 6.6, 6.4, 5.94, 5.09, 4.58, 5.56, 6.83, 7.14, 7.25, 6.89], [5.17, 5.39, 5.18, 4.77, 4.26, 4.25, 4.63, 5.59, 6.97, 8.43, 9.05, 7.95, 6.89, 6.23, 5.92, 5.68, 5.21, 4.77, 5.35, 6.23, 7.25, 7.16, 7.35, 7.89, 8.52, 8.06, 6.7, 6.1, 6.35, 7.3, 8.25, 7.87, 5.95, 4.94, 4.38, 3.37, 2.87, 1.79, 0.81, 0, 1.22, 1.87, 1.29, 1.67, 2.24, 2.64, 3.16, 2.36, 1.73, 1.71, 1.73, 2.25, 2.6, 3.12, 3.06, 2.09, 1.46, 1.37, 1.19, 1.14, 1.56, 2.27, 2.44, 2.26, 2.24, 2.32, 2.32, 2.23, 2.96, 4.03, 4.94, 6.01, 6.69, 7.13, 6.76, 6.74, 6.73, 6.59, 6.27, 5.38, 4.75, 5.77, 7.06, 7.31, 7.46, 7.08], [4.83, 5.05, 4.8, 4.51, 3.98, 3.75, 3.85, 4.67, 6.11, 7.55, 8.17, 7.03, 5.97, 5.37, 5.0, 4.74, 4.31, 3.91, 4.45, 5.35, 6.31, 6.24, 6.43, 6.95, 7.5, 7.0, 5.66, 5.08, 5.33, 6.26, 7.23, 6.93, 5.07, 3.98, 3.36, 2.31, 1.87, 1.13, 1.01, 1.22, 0, 0.91, 0.81, 1.21, 1.72, 1.9, 2.24, 1.62, 1.57, 2.15, 2.55, 3.15, 3.52, 4.02, 3.94, 2.81, 2.22, 1.57, 1.65, 1.54, 1.4, 1.53, 1.84, 1.8, 1.82, 2.02, 1.94, 1.77, 2.22, 3.11, 4.1, 5.23, 5.83, 6.29, 5.84, 5.82, 5.83, 5.63, 5.25, 4.42, 3.89, 4.87, 6.14, 6.45, 6.54, 6.16], [4.8, 4.98, 4.73, 4.34, 3.75, 3.4, 3.32, 4.1, 5.52, 6.92, 7.6, 6.5, 5.36, 4.82, 4.57, 4.11, 3.7, 3.44, 4.0, 4.86, 5.82, 5.67, 5.8, 6.38, 6.97, 6.47, 5.11, 4.49, 4.8, 5.75, 6.72, 6.42, 4.58, 3.41, 2.73, 1.84, 1.42, 1.02, 1.68, 1.87, 0.91, 0, 1.02, 1.16, 1.37, 1.45, 1.69, 1.29, 1.88, 2.54, 3.18, 3.9, 4.31, 4.81, 4.73, 3.58, 2.71, 2.12, 2.14, 1.93, 1.57, 1.12, 1.71, 1.89, 1.69, 2.03, 1.89, 1.58, 1.99, 2.76, 3.77, 4.88, 5.42, 5.84, 5.39, 5.31, 5.28, 5.1, 4.8, 3.97, 3.48, 4.46, 5.73, 6.02, 6.13, 5.71], [4.96, 5.14, 4.89, 4.52, 4.01, 3.74, 3.86, 4.68, 6.14, 7.52, 8.16, 7.04, 5.92, 5.34, 5.07, 4.71, 4.28, 3.94, 4.52, 5.38, 6.36, 6.21, 6.34, 6.92, 7.51, 7.01, 5.65, 5.01, 5.34, 6.29, 7.24, 6.951, 5.08, 3.93, 3.25, 2.34, 1.94, 1.08, 1.12, 1.29, 0.81, 1.02, 0, 0.7, 1.15, 1.69, 2.11, 1.33, 1.08, 1.74, 2.42, 3.18, 3.63, 4.13, 4.05, 2.9, 2.07, 1.26, 1.3, 1.25, 1.03, 1.4, 1.93, 1.75, 1.51, 1.63, 1.57, 1.4, 2.33, 3.26, 4.23, 5.38, 5.94, 6.4, 5.97, 5.91, 5.84, 5.66, 5.36, 4.53, 4.02, 5.0, 6.27, 6.62, 6.65, 6.29], [5.28, 5.44, 5.13, 4.76, 4.25, 3.76, 3.76, 4.72, 6.14, 7.42, 8.12, 7.04, 5.86, 5.34, 5.07, 4.59, 4.28, 3.98, 4.6, 5.4, 6.34, 6.19, 6.28, 6.9, 7.51, 6.97, 5.61, 4.99, 5.32, 6.27, 7.2, 6.88, 5.0, 3.85, 3.11, 2.26, 1.9, 1.0, 1.42, 1.67, 1.21, 1.16, 0.7, 0, 1.05, 1.67, 2.03, 1.27, 1.16, 1.92, 2.74, 3.54, 3.97, 4.45, 4.37, 3.22, 2.35, 1.6, 1.66, 1.61, 1.53, 1.46, 1.91, 1.71, 1.57, 1.63, 1.67, 1.52, 2.41, 3.34, 4.31, 5.46, 6.02, 6.46, 6.03, 5.97, 5.9, 5.72, 5.42, 4.59, 4.1, 5.08, 6.35, 6.72, 6.73, 6.37], [5.01, 5.11, 4.86, 4.61, 4.22, 3.81, 3.45, 4.03, 5.41, 6.77, 7.49, 6.39, 5.15, 4.73, 4.44, 4.1, 3.71, 3.43, 4.01, 4.83, 5.63, 5.48, 5.57, 6.19, 6.8, 6.32, 5.1, 4.48, 4.65, 5.6, 6.53, 6.15, 4.27, 3.12, 2.44, 1.67, 1.53, 1.27, 2.07, 2.24, 1.72, 1.37, 1.15, 1.05, 0, 1.0, 1.44, 1.02, 1.37, 2.29, 3.21, 4.05, 4.54, 5.02, 4.94, 3.79, 2.92, 2.11, 2.11, 2.1, 1.7, 1.47, 1.62, 1.38, 1.2, 1.42, 1.3, 1.27, 1.94, 2.81, 3.82, 4.93, 5.43, 5.83, 5.38, 5.28, 5.25, 5.05, 4.77, 3.98, 3.45, 4.47, 5.74, 6.09, 6.16, 5.64], [4.57, 4.69, 4.48, 4.37, 3.98, 3.47, 2.87, 3.33, 4.67, 6.09, 6.79, 5.67, 4.41, 4.03, 3.76, 3.5, 3.03, 2.65, 3.31, 4.17, 4.83, 4.7, 4.83, 5.43, 6.1, 5.66, 4.5, 3.9, 4.05, 4.94, 5.87, 5.41, 3.51, 2.38, 1.82, 1.07, 1.09, 1.31, 2.47, 2.64, 1.9, 1.45, 1.69, 1.67, 1.0, 0, 0.8, 0.96, 2.03, 3.01, 3.81, 4.73, 5.22, 5.7, 5.62, 4.47, 3.6, 2.83, 2.83, 2.72, 2.02, 1.23, 1.26, 1.34, 1.28, 1.7, 1.56, 1.35, 1.38, 2.13, 3.14, 4.13, 4.61, 5.03, 4.6, 4.5, 4.47, 4.35, 4.11, 3.3, 2.69, 3.75, 5.06, 5.35, 5.44, 4.94], [4.03, 4.23, 3.98, 3.91, 3.58, 2.87, 2.35, 2.79, 4.17, 5.49, 6.19, 5.05, 3.87, 3.45, 3.26, 2.9, 2.53, 2.27, 2.73, 3.59, 4.33, 4.18, 4.31, 4.89, 5.54, 5.08, 3.84, 3.46, 3.53, 4.46, 5.33, 4.87, 3.05, 1.94, 1.32, 0.95, 0.99, 1.65, 2.89, 3.16, 2.24, 1.69, 2.11, 2.03, 1.44, 0.8, 0, 0.98, 2.33, 3.39, 4.31, 5.23, 5.72, 6.2, 6.1, 4.95, 4.1, 3.19, 3.21, 2.96, 2.08, 1.25, 1.76, 1.84, 1.74, 1.96, 1.82, 1.63, 1.56, 1.79, 2.7, 3.65, 4.13, 4.55, 4.1, 4.02, 3.99, 3.83, 3.59, 2.8, 2.33, 3.27, 4.48, 4.91, 4.86, 4.42], [4.45, 4.59, 4.36, 4.15, 3.8, 3.17, 2.87, 3.57, 4.97, 6.25, 6.95, 5.85, 4.69, 4.21, 3.96, 3.6, 3.19, 2.91, 3.49, 4.33, 5.15, 5.0, 5.09, 5.71, 6.36, 5.9, 4.6, 4.14, 4.27, 5.24, 6.17, 5.73, 3.89, 2.7, 2.06, 1.35, 1.25, 1.13, 2.13, 2.36, 1.62, 1.29, 1.33, 1.27, 1.02, 0.96, 0.98, 0, 1.43, 2.57, 3.51, 4.43, 4.92, 5.4, 5.3, 4.15, 3.32, 2.41, 2.41, 2.06, 1.48, 1.07, 1.5, 1.56, 1.5, 1.68, 1.54, 1.15, 1.66, 2.41, 3.32, 4.41, 4.95, 5.37, 4.92, 4.82, 4.79, 4.63, 4.41, 3.66, 2.99, 4.03, 5.4, 5.83, 5.7, 5.34], [4.88, 5.02, 4.93, 4.54, 4.19, 3.8, 3.88, 4.78, 6.18, 7.48, 8.2, 7.1, 5.92, 5.48, 5.17, 4.83, 4.32, 4.02, 4.64, 5.56, 6.42, 6.25, 6.36, 6.96, 7.57, 7.11, 5.87, 5.39, 5.54, 6.41, 7.34, 7.02, 5.12, 3.97, 3.35, 2.62, 2.38, 1.66, 1.56, 1.73, 1.57, 1.88, 1.08, 1.16, 1.37, 2.03, 2.33, 1.43, 0, 1.44, 2.32, 3.2, 3.69, 4.17, 4.09, 2.94, 2.17, 1.34, 1.36, 1.23, 1.45, 1.88, 2.33, 2.03, 1.83, 1.77, 1.71, 1.64, 2.63, 3.5, 4.31, 5.44, 6.02, 6.5, 6.07, 6.01, 5.94, 5.76, 5.54, 4.85, 4.18, 5.12, 6.57, 7.04, 6.91, 6.65], [5.76, 6.0, 5.73, 5.12, 4.65, 4.74, 5.02, 6.04, 7.48, 8.78, 9.48, 8.4, 7.22, 6.7, 6.43, 6.03, 5.58, 5.28, 5.88, 6.74, 7.7, 7.55, 7.64, 8.26, 8.91, 8.45, 7.11, 6.47, 6.76, 7.77, 8.68, 8.26, 6.38, 5.23, 4.57, 3.72, 3.38, 2.56, 1.66, 1.71, 2.15, 2.54, 1.74, 1.92, 2.29, 3.01, 3.39, 2.57, 1.44, 0, 1.18, 1.98, 2.53, 2.93, 2.85, 1.8, 1.41, 1.26, 1.24, 1.47, 1.83, 2.7, 3.37, 3.07, 2.77, 2.63, 2.63, 2.66, 3.67, 4.64, 5.57, 6.68, 7.28, 7.76, 7.35, 7.29, 7.2, 7.04, 6.82, 5.99, 5.38, 6.38, 7.67, 8.0, 8.05, 7.67], [6.32, 6.54, 6.29, 5.82, 5.39, 5.42, 5.86, 6.82, 8.3, 9.68, 10.34, 9.22, 8.12, 7.54, 7.23, 6.91, 6.4, 6.04, 6.66, 7.56, 8.54, 8.39, 8.52, 9.12, 9.77, 9.33, 7.99, 7.35, 7.62, 8.61, 9.58, 9.16, 7.24, 6.13, 5.51, 4.6, 4.18, 3.2, 1.94, 1.73, 2.55, 3.18, 2.42, 2.74, 3.21, 3.81, 4.31, 3.51, 2.32, 1.18, 0, 1.1, 1.49, 1.97, 2.01, 1.42, 1.39, 1.74, 1.74, 2.09, 2.53, 3.52, 3.83, 3.57, 3.35, 3.33, 3.35, 3.36, 4.33, 5.4, 6.29, 7.38, 8.02, 8.5, 8.11, 8.05, 7.96, 7.84, 7.64, 6.75, 6.12, 7.14, 8.43, 8.7, 8.81, 8.45], [6.94, 7.16, 6.95, 6.52, 6.03, 6.24, 6.72, 7.72, 9.1, 10.54, 11.16, 10.06, 9.0, 8.32, 8.01, 7.79, 7.32, 6.88, 7.44, 8.34, 9.34, 9.27, 9.46, 9.98, 10.53, 10.01, 8.67, 8.11, 8.36, 9.25, 10.18, 9.84, 7.98, 7.01, 6.39, 5.36, 4.84, 3.78, 2.42, 2.25, 3.15, 3.9, 3.18, 3.54, 4.05, 4.73, 5.23, 4.43, 3.2, 1.98, 1.1, 0, 0.97, 1.25, 1.21, 1.06, 1.45, 2.16, 2.2, 2.57, 3.41, 4.38, 4.53, 4.27, 4.09, 3.99, 4.11, 4.24, 5.03, 5.86, 6.83, 8.02, 8.78, 9.18, 8.87, 8.87, 8.86, 8.66, 8.14, 7.19, 6.74, 7.66, 8.93, 9.32, 9.51, 9.17], [6.87, 7.21, 6.94, 6.49, 6.0, 6.45, 7.01, 8.05, 9.55, 11.03, 11.65, 10.53, 9.47, 8.81, 8.44, 8.16, 7.69, 7.25, 7.85, 8.77, 9.77, 9.72, 9.91, 10.43, 10.98, 10.44, 9.1, 8.56, 8.81, 9.62, 10.59, 10.25, 8.37, 7.5, 6.88, 5.83, 5.31, 4.21, 2.83, 2.6, 3.52, 4.31, 3.63, 3.97, 4.54, 5.22, 5.72, 4.92, 3.69, 2.53, 1.49, 0.97, 0, 0.78, 1.22, 1.37, 1.82, 2.61, 2.57, 3.06, 3.84, 4.83, 4.9, 4.64, 4.44, 4.32, 4.48, 4.59, 5.28, 5.99, 6.98, 8.23, 9.09, 9.49, 9.16, 9.18, 9.17, 8.99, 8.37, 7.3, 6.89, 7.83, 9.12, 9.63, 9.8, 9.46], [7.25, 7.55, 7.3, 6.89, 6.42, 6.89, 7.49, 8.55, 10.05, 11.51, 12.13, 11.03, 9.97, 9.31, 8.94, 8.66, 8.19, 7.75, 8.35, 9.27, 10.27, 10.22, 10.41, 10.93, 11.48, 10.9, 9.6, 9.06, 9.31, 10.1, 11.09, 10.73, 8.85, 7.98, 7.36, 6.31, 5.79, 4.69, 3.33, 3.12, 4.02, 4.81, 4.13, 4.45, 5.02, 5.7, 6.2, 5.4, 4.17, 2.93, 1.97, 1.25, 0.78, 0, 0.78, 1.33, 2.12, 3.01, 2.99, 3.48, 4.32, 5.33, 5.4, 5.14, 4.94, 4.82, 4.98, 5.09, 5.78, 6.45, 7.4, 8.65, 9.57, 9.97, 9.64, 9.66, 9.63, 9.47, 8.83, 7.74, 7.37, 8.29, 9.62, 10.13, 10.28, 9.96], [7.31, 7.67, 7.4, 6.95, 6.46, 6.91, 7.51, 8.55, 9.97, 11.43, 12.05, 10.95, 9.89, 9.23, 8.88, 8.66, 8.19, 7.75, 8.33, 9.23, 10.21, 10.16, 10.35, 10.87, 11.42, 10.82, 9.52, 9.0, 9.25, 10.04, 11.01, 10.63, 8.75, 7.88, 7.26, 6.21, 5.69, 4.63, 3.29, 3.06, 3.94, 4.73, 4.05, 4.37, 4.94, 5.62, 6.1, 5.3, 4.09, 2.85, 2.01, 1.21, 1.22, 0.78, 0, 1.17, 2.06, 2.93, 2.91, 3.4, 4.28, 5.27, 5.34, 5.1, 4.9, 4.76, 4.92, 5.05, 5.76, 6.45, 7.42, 8.67, 9.59, 9.99, 9.66, 9.68, 9.65, 9.49, 8.85, 7.76, 7.37, 8.31, 9.62, 10.11, 10.26, 9.92], [6.48, 6.82, 6.55, 6.14, 5.63, 5.88, 6.42, 7.44, 8.84, 10.28, 10.9, 9.82, 8.76, 8.08, 7.77, 7.55, 7.08, 6.64, 7.2, 8.1, 9.08, 9.03, 9.22, 9.74, 10.29, 9.69, 8.39, 7.87, 8.12, 8.91, 9.88, 9.5, 7.64, 6.73, 6.11, 5.06, 4.54, 3.48, 2.16, 2.09, 2.81, 3.58, 2.9, 3.22, 3.79, 4.47, 4.95, 4.15, 2.94, 1.8, 1.42, 1.06, 1.37, 1.33, 1.17, 0, 0.99, 1.78, 1.76, 2.41, 3.17, 4.14, 4.29, 4.01, 3.79, 3.67, 3.81, 3.94, 4.69, 5.44, 6.45, 7.66, 8.5, 8.9, 8.57, 8.59, 8.58, 8.4, 7.82, 6.73, 6.36, 7.28, 8.55, 9.0, 9.21, 8.85], [6.01, 6.23, 6.02, 5.59, 5.1, 5.19, 5.61, 6.61, 8.01, 9.43, 10.07, 8.97, 7.91, 7.23, 6.94, 6.72, 6.25, 5.81, 6.37, 7.27, 8.25, 8.18, 8.37, 8.89, 9.44, 8.88, 7.54, 7.02, 7.27, 8.1, 9.07, 8.71, 6.85, 5.88, 5.26, 4.23, 3.71, 2.59, 1.63, 1.46, 2.22, 2.71, 2.07, 2.35, 2.92, 3.6, 4.1, 3.32, 2.17, 1.41, 1.39, 1.45, 1.82, 2.12, 2.06, 0.99, 0, 1.17, 1.13, 1.8, 2.46, 3.29, 3.5, 3.24, 3.02, 2.94, 3.02, 3.13, 3.92, 4.67, 5.74, 6.91, 7.67, 8.07, 7.76, 7.76, 7.75, 7.57, 7.05, 5.98, 5.63, 6.55, 7.82, 8.23, 8.44, 8.08], [5.56, 5.8, 5.57, 5.26, 4.81, 4.62, 4.9, 5.78, 7.14, 8.52, 9.16, 8.06, 7.0, 6.32, 6.03, 5.81, 5.4, 4.98, 5.5, 6.36, 7.32, 7.27, 7.46, 7.98, 8.53, 8.03, 6.67, 6.11, 6.36, 7.23, 8.16, 7.78, 5.92, 4.97, 4.35, 3.3, 2.84, 1.94, 1.16, 1.37, 1.57, 2.12, 1.26, 1.6, 2.11, 2.83, 3.19, 2.41, 1.34, 1.26, 1.74, 2.16, 2.61, 3.01, 2.93, 1.78, 1.17, 0, 0.58, 1.21, 1.71, 2.4, 2.83, 2.53, 2.23, 2.01, 2.23, 2.42, 3.19, 3.92, 5.03, 6.18, 6.9, 7.32, 6.91, 6.93, 6.94, 6.74, 6.18, 5.29, 4.88, 5.8, 7.07, 7.5, 7.53, 7.21], [5.46, 5.68, 5.49, 5.08, 4.61, 4.54, 4.88, 5.8, 7.12, 8.52, 9.16, 8.1, 7.0, 6.34, 6.09, 5.81, 5.4, 4.98, 5.56, 6.42, 7.4, 7.31, 7.46, 8.02, 8.59, 8.05, 6.67, 6.11, 6.4, 7.27, 8.22, 7.88, 6.02, 5.03, 4.37, 3.4, 2.92, 2.02, 1.26, 1.19, 1.65, 2.14, 1.3, 1.66, 2.11, 2.83, 3.21, 2.41, 1.36, 1.24, 1.74, 2.2, 2.57, 2.99, 2.91, 1.76, 1.13, 0.58, 0, 0.97, 1.61, 2.42, 2.95, 2.69, 2.37, 2.13, 2.31, 2.42, 3.31, 4.02, 5.11, 6.26, 6.96, 7.38, 6.99, 6.97, 6.96, 6.78, 6.26, 5.33, 4.96, 5.88, 7.15, 7.54, 7.61, 7.27], [5.05, 5.25, 5.14, 4.73, 4.24, 3.97, 4.31, 5.35, 6.69, 8.11, 8.77, 7.73, 6.59, 6.03, 5.7, 5.34, 4.87, 4.47, 5.11, 6.01, 7.05, 6.94, 7.07, 7.65, 8.22, 7.68, 6.34, 5.86, 6.11, 6.94, 7.85, 7.61, 5.73, 4.7, 4.04, 3.17, 2.81, 1.97, 1.23, 1.14, 1.54, 1.93, 1.25, 1.61, 2.1, 2.72, 2.96, 2.06, 1.23, 1.47, 2.09, 2.57, 3.06, 3.48, 3.4, 2.41, 1.8, 1.21, 0.97, 0, 1.26, 2.11, 2.8, 2.58, 2.34, 2.22, 2.18, 2.05, 2.94, 3.77, 4.66, 5.81, 6.47, 6.89, 6.54, 6.52, 6.49, 6.31, 5.91, 5.1, 4.55, 5.49, 6.86, 7.31, 7.26, 7.02], [4.57, 4.77, 4.56, 4.19, 3.74, 3.39, 3.49, 4.39, 5.91, 7.33, 7.95, 6.85, 5.75, 5.27, 4.94, 4.44, 3.97, 3.69, 4.25, 5.15, 6.15, 6.0, 6.11, 6.71, 7.34, 6.9, 5.56, 5.18, 5.29, 6.2, 7.17, 6.79, 4.95, 3.84, 3.12, 2.43, 2.31, 1.75, 1.67, 1.56, 1.4, 1.57, 1.03, 1.53, 1.7, 2.02, 2.08, 1.48, 1.45, 1.83, 2.53, 3.41, 3.84, 4.32, 4.28, 3.17, 2.46, 1.71, 1.61, 1.26, 0, 1.33, 2.3, 2.26, 1.96, 2.02, 1.66, 1.47, 2.3, 2.99, 3.92, 5.03, 5.61, 6.09, 5.7, 5.64, 5.55, 5.39, 5.17, 4.36, 3.85, 4.75, 6.06, 6.45, 6.42, 6.14], [4.46, 4.62, 4.33, 4.1, 3.69, 3.22, 2.7, 3.48, 4.88, 6.28, 7.0, 5.88, 4.68, 4.18, 3.91, 3.49, 3.02, 2.74, 3.26, 4.16, 5.12, 4.99, 5.14, 5.78, 6.41, 6.01, 4.63, 4.09, 4.26, 5.23, 6.24, 5.862, 3.98, 2.91, 2.27, 1.48, 1.22, 1.1, 2.08, 2.27, 1.53, 1.12, 1.4, 1.46, 1.47, 1.23, 1.25, 1.07, 1.88, 2.7, 3.52, 4.38, 4.83, 5.33, 5.27, 4.14, 3.29, 2.4, 2.42, 2.11, 1.33, 0, 1.37, 1.59, 1.39, 1.49, 1.23, 1.08, 1.39, 2.22, 3.19, 4.2, 4.74, 5.18, 4.71, 4.65, 4.68, 4.56, 4.28, 3.45, 2.88, 3.86, 5.15, 5.48, 5.41, 5.11], [4.89, 5.15, 4.94, 4.81, 4.4, 4.03, 3.41, 3.51, 4.85, 6.43, 7.13, 5.95, 4.73, 4.23, 3.84, 3.7, 3.19, 2.71, 3.31, 4.21, 4.95, 4.88, 5.13, 5.69, 6.3, 5.88, 4.78, 4.22, 4.31, 5.0, 6.03, 5.63, 3.77, 2.8, 2.3, 1.59, 1.37, 1.39, 2.35, 2.44, 1.84, 1.71, 1.93, 1.91, 1.62, 1.26, 1.76, 1.5, 2.33, 3.37, 3.83, 4.53, 4.9, 5.4, 5.34, 4.29, 3.5, 2.83, 2.95, 2.8, 2.3, 1.37, 0, 0.62, 1.02, 1.36, 1.48, 1.47, 1.1, 2.17, 3.22, 4.11, 4.63, 4.99, 4.5, 4.5, 4.57, 4.43, 3.99, 3.18, 2.65, 3.61, 4.9, 5.15, 5.3, 4.84], [5.03, 5.35, 5.12, 5.03, 4.64, 4.21, 3.53, 3.69, 5.11, 6.622, 7.29, 6.105, 5.002, 4.45, 4.04, 3.9, 3.41, 2.91, 3.53, 4.43, 5.25, 5.16, 5.37, 5.85, 6.44, 6.04, 4.92, 4.34, 4.43, 5.16, 6.182, 5.782, 3.99, 2.954, 2.478, 1.65, 1.55, 1.45, 2.21, 2.26, 1.8, 1.89, 1.75, 1.71, 1.38, 1.34, 1.84, 1.56, 2.03, 3.07, 3.57, 4.27, 4.64, 5.14, 5.1, 4.01, 3.24, 2.53, 2.69, 2.58, 2.26, 1.59, 0.62, 0, 0.82, 1.06, 1.42, 1.43, 1.22, 2.25, 3.26, 4.19, 4.77, 5.15, 4.74, 4.72, 4.77, 4.59, 4.17, 3.36, 2.83, 3.75, 5.0, 5.35, 5.48, 4.98], [4.89, 5.21, 4.98, 4.85, 4.5, 4.07, 3.53, 3.93, 5.37, 6.882, 7.55, 6.365, 5.262, 4.71, 4.3, 4.16, 3.63, 3.17, 3.75, 4.63, 5.51, 5.42, 5.65, 6.15, 6.72, 6.34, 5.2, 4.62, 4.73, 5.48, 6.422, 6.062, 4.23, 3.254, 2.778, 1.83, 1.55, 1.27, 2.25, 2.24, 1.82, 1.69, 1.51, 1.57, 1.2, 1.28, 1.74, 1.5, 1.83, 2.77, 3.35, 4.09, 4.44, 4.94, 4.9, 3.79, 3.02, 2.23, 2.37, 2.34, 1.96, 1.39, 1.02, 0.82, 0, 0.64, 0.98, 1.17, 1.3, 2.35, 3.4, 4.45, 5.03, 5.39, 4.98, 4.96, 4.99, 4.85, 4.43, 3.6, 3.05, 4.01, 5.18, 5.55, 5.58, 5.16], [5.07, 5.37, 5.14, 5.05, 4.74, 4.25, 3.73, 4.07, 5.47, 6.965, 7.628, 6.451, 5.359, 4.771, 4.42, 4.28, 3.75, 3.31, 3.87, 4.75, 5.63, 5.54, 5.77, 6.27, 6.84, 6.46, 5.287, 4.8, 4.85, 5.62, 6.507, 6.067, 4.236, 3.34, 2.864, 2.05, 1.83, 1.45, 2.25, 2.32, 2.02, 2.03, 1.63, 1.63, 1.42, 1.7, 1.96, 1.68, 1.77, 2.63, 3.33, 3.99, 4.32, 4.82, 4.76, 3.67, 2.94, 2.01, 2.13, 2.22, 2.02, 1.49, 1.36, 1.06, 0.64, 0, 0.88, 1.17, 1.6, 2.45, 3.52, 4.51, 5.17, 5.49, 5.1, 5.1, 5.13, 4.99, 4.45, 3.66, 3.11, 4.05, 5.26, 5.65, 5.68, 5.32], [4.53, 4.63, 4.48, 4.43, 4.08, 3.59, 3.11, 3.83, 5.276, 6.808, 7.508, 6.351, 5.128, 4.71, 4.32, 4.2, 3.49, 3.01, 3.65, 4.65, 5.39, 5.32, 5.57, 6.15, 6.76, 6.347, 5.22, 4.9, 4.95, 5.66, 6.499, 6.122, 4.276, 3.312, 2.739, 2.03, 1.81, 1.49, 2.29, 2.32, 1.94, 1.89, 1.57, 1.67, 1.3, 1.56, 1.82, 1.54, 1.71, 2.63, 3.35, 4.11, 4.48, 4.98, 4.92, 3.81, 3.02, 2.23, 2.31, 2.18, 1.66, 1.23, 1.48, 1.42, 0.98, 0.88, 0, 0.81, 1.66, 2.43, 3.3, 4.37, 4.95, 5.35, 4.9, 4.92, 4.95, 4.81, 4.45, 3.64, 3.07, 4.01, 5.3, 5.71, 5.74, 5.4], [4.38, 4.44, 4.25, 4.12, 3.83, 3.26, 2.8, 3.68, 5.226, 6.758, 7.461, 6.301, 5.081, 4.673, 4.31, 4.01, 3.36, 2.92, 3.66, 4.66, 5.447, 5.29, 5.44, 6.04, 6.716, 6.317, 5.191, 4.79, 4.82, 5.65, 6.519, 6.136, 4.382, 3.194, 2.654, 1.98, 1.82, 1.42, 2.28, 2.23, 1.77, 1.58, 1.4, 1.52, 1.27, 1.35, 1.63, 1.15, 1.64, 2.66, 3.36, 4.24, 4.59, 5.09, 5.05, 3.94, 3.13, 2.42, 2.42, 2.05, 1.47, 1.08, 1.47, 1.43, 1.17, 1.17, 0.81, 0, 1.47, 2.3, 3.13, 4.18, 4.84, 5.28, 4.89, 4.83, 4.78, 4.68, 4.48, 3.61, 2.94, 3.94, 5.31, 5.78, 5.79, 5.47], [4.25, 4.51, 4.34, 4.33, 3.98, 3.47, 2.83, 3.17, 4.59, 6.23, 6.89, 5.73, 4.57, 4.05, 3.7, 3.5, 2.91, 2.43, 3.07, 4.03, 4.75, 4.66, 4.89, 5.43, 5.96, 5.6, 4.6, 4.08, 4.07, 4.64, 5.607, 5.25, 3.51, 2.52, 2.1, 1.49, 1.39, 1.79, 2.83, 2.96, 2.22, 1.99, 2.33, 2.41, 1.94, 1.38, 1.56, 1.66, 2.63, 3.67, 4.33, 5.03, 5.28, 5.78, 5.76, 4.69, 3.92, 3.19, 3.31, 2.94, 2.3, 1.39, 1.1, 1.22, 1.3, 1.6, 1.66, 1.47, 0, 1.27, 2.34, 3.27, 3.95, 4.33, 4.06, 4.02, 4.07, 3.91, 3.49, 2.56, 2.15, 3.05, 4.32, 4.71, 4.92, 4.52], [4.08, 4.28, 4.13, 4.26, 3.97, 3.24, 2.36, 2.78, 4.12, 5.78, 6.46, 5.3, 4.24, 3.94, 3.65, 3.27, 2.48, 2.2, 2.78, 3.82, 4.38, 4.25, 4.48, 4.98, 5.39, 5.11, 4.15, 4.15, 4.0, 4.35, 4.98, 4.66, 3.14, 2.37, 1.83, 1.8, 1.94, 2.68, 3.76, 4.03, 3.11, 2.76, 3.26, 3.34, 2.81, 2.13, 1.79, 2.41, 3.5, 4.64, 5.4, 5.86, 5.99, 6.45, 6.45, 5.44, 4.67, 3.92, 4.02, 3.77, 2.99, 2.22, 2.17, 2.25, 2.35, 2.45, 2.43, 2.3, 1.27, 0, 1.57, 2.52, 3.38, 3.74, 3.45, 3.45, 3.48, 3.28, 2.72, 1.91, 2.08, 2.64, 3.81, 4.36, 4.51, 4.25], [3.67, 3.61, 3.68, 3.87, 3.6, 2.75, 1.95, 2.57, 3.77, 5.15, 5.65, 4.61, 3.85, 4.09, 3.96, 3.4, 2.57, 2.55, 2.65, 3.89, 4.11, 3.72, 3.99, 4.37, 4.58, 4.44, 4.22, 4.58, 4.35, 4.52, 4.83, 4.35, 3.19, 2.84, 2.5, 2.53, 2.75, 3.69, 4.73, 4.94, 4.1, 3.77, 4.23, 4.31, 3.82, 3.14, 2.7, 3.32, 4.31, 5.57, 6.29, 6.83, 6.98, 7.4, 7.42, 6.45, 5.74, 5.03, 5.11, 4.66, 3.92, 3.19, 3.22, 3.26, 3.4, 3.52, 3.3, 3.13, 2.34, 1.57, 0, 1.47, 2.45, 2.81, 2.6, 2.54, 2.55, 2.47, 2.39, 2.34, 2.45, 2.73, 3.68, 4.31, 4.42, 4.42], [3.52, 3.44, 3.57, 3.74, 3.61, 2.84, 2.26, 2.26, 3.0, 4.36, 4.66, 3.78, 3.64, 4.12, 3.87, 3.15, 2.8, 2.86, 2.98, 3.28, 3.34, 2.95, 3.2, 3.58, 3.59, 3.57, 4.17, 4.73, 4.3, 3.99, 4.06, 3.62, 3.34, 3.37, 3.15, 3.56, 3.86, 4.8, 5.88, 6.01, 5.23, 4.88, 5.38, 5.46, 4.93, 4.13, 3.65, 4.41, 5.44, 6.68, 7.38, 8.02, 8.23, 8.65, 8.67, 7.66, 6.91, 6.18, 6.26, 5.81, 5.03, 4.2, 4.11, 4.19, 4.45, 4.51, 4.37, 4.18, 3.27, 2.52, 1.47, 0, 1.28, 1.8, 1.87, 2.09, 1.9, 1.7, 2.08, 2.91, 2.96, 2.78, 3.19, 3.56, 3.81, 3.81], [4.06, 3.82, 4.11, 4.34, 4.23, 3.48, 2.74, 1.84, 2.16, 3.5, 3.76, 2.9, 2.86, 3.48, 3.19, 2.43, 2.28, 2.48, 2.44, 2.52, 2.4, 2.09, 2.36, 2.72, 2.55, 2.69, 3.49, 4.05, 3.56, 3.23, 3.36, 2.96, 3.04, 3.19, 3.31, 4.04, 4.44, 5.4, 6.54, 6.69, 5.83, 5.42, 5.94, 6.02, 5.43, 4.61, 4.13, 4.95, 6.02, 7.28, 8.02, 8.78, 9.09, 9.57, 9.59, 8.5, 7.67, 6.9, 6.96, 6.47, 5.61, 4.74, 4.63, 4.77, 5.03, 5.17, 4.95, 4.84, 3.95, 3.38, 2.45, 1.28, 0, 0.96, 1.23, 1.29, 1.16, 1.0, 1.6, 2.61, 2.92, 2.42, 2.61, 3.1, 3.13, 3.15], [4.56, 4.34, 4.53, 4.66, 4.73, 4.06, 3.14, 1.98, 1.6, 2.88, 3.24, 2.32, 2.34, 2.9, 2.69, 2.15, 2.34, 2.56, 2.18, 1.98, 2.02, 1.61, 1.84, 2.26, 2.17, 2.35, 3.05, 3.59, 3.04, 2.61, 2.82, 2.4, 2.8, 3.25, 3.63, 4.44, 4.8, 5.8, 6.98, 7.13, 6.29, 5.84, 6.4, 6.46, 5.83, 5.03, 4.55, 5.37, 6.5, 7.76, 8.5, 9.18, 9.49, 9.97, 9.99, 8.9, 8.07, 7.32, 7.38, 6.89, 6.09, 5.18, 4.99, 5.15, 5.39, 5.49, 5.35, 5.28, 4.33, 3.74, 2.81, 1.8, 0.96, 0, 0.67, 0.97, 0.88, 0.96, 1.44, 2.43, 2.76, 2.02, 2.09, 2.4, 2.63, 2.55], [4.79, 4.55, 4.68, 4.83, 4.66, 3.85, 2.77, 1.93, 1.69, 2.97, 3.49, 2.43, 2.15, 2.61, 2.3, 1.84, 1.93, 2.17, 1.79, 1.93, 2.11, 1.72, 1.97, 2.39, 2.46, 2.56, 2.72, 3.24, 2.79, 2.72, 2.99, 2.55, 2.43, 2.9, 3.24, 3.99, 4.39, 5.41, 6.59, 6.76, 5.84, 5.39, 5.97, 6.03, 5.38, 4.6, 4.1, 4.92, 6.07, 7.35, 8.11, 8.87, 9.16, 9.64, 9.66, 8.57, 7.76, 6.91, 6.99, 6.54, 5.7, 4.71, 4.5, 4.74, 4.98, 5.1, 4.9, 4.89, 4.06, 3.45, 2.6, 1.87, 1.23, 0.67, 0, 0.76, 0.79, 0.91, 1.23, 2.16, 2.43, 1.77, 2.3, 2.65, 2.72, 2.64], [5.09, 4.87, 5.04, 5.17, 4.96, 4.19, 2.93, 2.07, 1.87, 3.25, 3.67, 2.59, 2.23, 2.65, 2.38, 1.88, 1.81, 2.11, 1.73, 2.21, 2.37, 1.9, 2.19, 2.61, 2.52, 2.7, 2.74, 3.14, 2.85, 3.02, 3.29, 2.85, 2.43, 2.6, 3.08, 3.91, 4.41, 5.39, 6.61, 6.74, 5.82, 5.31, 5.91, 5.97, 5.28, 4.5, 4.02, 4.82, 6.01, 7.29, 8.05, 8.87, 9.18, 9.66, 9.68, 8.59, 7.76, 6.93, 6.97, 6.52, 5.64, 4.65, 4.5, 4.72, 4.96, 5.1, 4.92, 4.83, 4.02, 3.45, 2.54, 2.09, 1.29, 0.97, 0.76, 0, 0.73, 1.05, 1.47, 2.22, 2.55, 1.99, 2.6, 3.07, 3.16, 3.02], [4.86, 4.58, 4.73, 4.76, 4.61, 3.84, 2.68, 1.74, 1.96, 3.36, 3.76, 2.68, 2.28, 2.8, 2.57, 1.87, 1.84, 2.2, 1.96, 2.3, 2.54, 2.01, 2.24, 2.66, 2.63, 2.81, 2.89, 3.37, 2.9, 3.13, 3.44, 2.96, 2.64, 2.81, 3.09, 3.96, 4.42, 5.4, 6.6, 6.73, 5.83, 5.28, 5.84, 5.9, 5.25, 4.47, 3.99, 4.79, 5.94, 7.2, 7.96, 8.86, 9.17, 9.63, 9.65, 8.58, 7.75, 6.94, 6.96, 6.49, 5.55, 4.68, 4.57, 4.77, 4.99, 5.13, 4.95, 4.78, 4.07, 3.48, 2.55, 1.9, 1.16, 0.88, 0.79, 0.73, 0, 0.9, 1.38, 2.21, 2.56, 2.18, 2.65, 3.14, 3.21, 3.11], [4.4, 4.12, 4.27, 4.38, 4.19, 3.42, 2.56, 1.62, 1.72, 2.96, 3.48, 2.44, 2.14, 2.72, 2.43, 1.63, 1.68, 2.08, 1.74, 1.8, 2.02, 1.55, 1.74, 2.16, 2.41, 2.29, 2.63, 3.17, 2.74, 2.59, 2.8, 2.38, 2.42, 2.53, 2.85, 3.76, 4.22, 5.2, 6.4, 6.59, 5.63, 5.1, 5.66, 5.72, 5.05, 4.35, 3.83, 4.63, 5.76, 7.04, 7.84, 8.66, 8.99, 9.47, 9.49, 8.4, 7.57, 6.74, 6.78, 6.31, 5.39, 4.56, 4.43, 4.59, 4.85, 4.99, 4.81, 4.68, 3.91, 3.28, 2.47, 1.7, 1.0, 0.96, 0.91, 1.05, 0.9, 0, 0.92, 2.05, 2.48, 1.76, 2.23, 2.64, 2.67, 2.57], [4.36, 4.12, 4.31, 4.46, 4.25, 3.42, 2.46, 1.74, 2.04, 3.24, 3.84, 2.8, 2.22, 2.4, 2.15, 1.57, 1.66, 2.0, 1.66, 1.7, 1.94, 1.71, 1.9, 2.4, 2.83, 2.51, 2.29, 2.85, 2.46, 2.39, 2.74, 2.18, 2.0, 2.41, 2.61, 3.4, 3.78, 4.74, 5.94, 6.27, 5.25, 4.8, 5.36, 5.42, 4.77, 4.11, 3.59, 4.41, 5.54, 6.82, 7.64