[[0, 1.06, 1.2, 2.07, 3.28, 2.97, 2.2, 1.24, 2.0, 2.43, 2.09, 2.48, 3.89, 5.13, 4.42, 4.15, 4.23, 4.75, 5.54, 5.72, 5.59, 4.64, 5.29, 6.37, 6.69, 7.73, 9.13, 10.05, 10.2, 9.53, 8.94, 8.16, 7.94, 7.79, 7.13, 7.52, 8.59, 8.9, 9.66, 10.26, 9.86, 10.29, 9.67, 8.8, 8.92, 9.01, 9.57, 10.08, 9.69, 9.7, 10.19, 10.69, 11.53, 12.41, 14.11, 15.22, 14.32, 12.98, 11.43, 9.53, 7.69, 5.55, 5.07, 6.91, 8.19, 8.03, 8.67, 9.3, 9.1, 9.39, 9.75, 9.89, 10.03, 9.92, 10.23, 10.33, 10.51, 11.11, 12.325, 12.839, 12.42, 12.224, 11.676, 10.906, 10.44, 9.42], [1.06, 0, 0.78, 1.91, 3.16, 2.87, 1.98, 1.18, 2.42, 2.99, 2.61, 3.0, 4.17, 5.25, 4.76, 4.43, 4.59, 5.11, 6.08, 6.28, 6.03, 5.06, 5.73, 6.71, 7.09, 8.03, 9.39, 10.31, 10.46, 9.79, 9.26, 8.32, 8.06, 7.91, 7.71, 8.1, 9.03, 9.4, 10.06, 10.64, 10.14, 10.55, 10.01, 9.18, 9.32, 9.41, 9.91, 10.44, 10.09, 10.04, 10.43, 10.93, 11.77, 12.73, 14.39, 15.44, 14.52, 13.2, 11.79, 9.89, 8.21, 6.01, 5.71, 7.47, 8.67, 8.53, 9.15, 9.76, 9.62, 9.81, 10.05, 10.15, 10.19, 10.1, 10.47, 10.85, 10.95, 11.47, 12.64, 13.1, 12.74, 12.53, 12.008, 11.332, 10.874, 9.78], [1.2, 0.78, 0, 1.43, 2.72, 2.35, 1.52, 1.08, 2.52, 3.17, 2.73, 3.1, 4.23, 5.49, 4.76, 4.33, 4.47, 5.03, 6.02, 6.2, 5.99, 4.98, 5.77, 6.95, 7.35, 8.39, 9.79, 10.71, 10.86, 10.19, 9.62, 8.72, 8.42, 8.21, 7.79, 8.22, 9.25, 9.58, 10.4, 10.98, 10.54, 10.95, 10.29, 9.38, 9.5, 9.61, 10.17, 10.68, 10.29, 10.32, 10.81, 11.35, 12.19, 13.13, 14.79, 15.84, 14.92, 13.58, 12.11, 10.17, 8.23, 5.97, 5.67, 7.63, 8.91, 8.75, 9.39, 10.02, 9.88, 10.11, 10.43, 10.53, 10.61, 10.5, 10.83, 11.13, 11.25, 11.77, 13.02, 13.52, 13.16, 12.916, 12.39, 11.68, 11.206, 10.1], [2.07, 1.91, 1.43, 0, 1.53, 1.64, 1.53, 1.93, 3.63, 4.36, 3.9, 4.27, 5.34, 6.8, 5.91, 5.14, 5.3, 5.76, 6.87, 7.13, 6.86, 5.73, 6.64, 7.9, 8.54, 9.72, 11.12, 12.04, 12.19, 11.52, 10.93, 10.05, 9.75, 9.5, 9.02, 9.47, 10.52, 10.85, 11.65, 12.21, 11.69, 12.14, 11.48, 10.53, 10.65, 10.82, 11.36, 11.83, 11.46, 11.51, 12.02, 12.56, 13.48, 14.4, 16.1, 17.17, 16.27, 14.95, 13.4, 11.42, 9.36, 6.94, 6.54, 8.7, 10.08, 9.8, 10.46, 11.11, 10.93, 11.24, 11.66, 11.84, 11.98, 11.87, 12.18, 12.32, 12.4, 13.1, 14.309, 14.826, 14.426, 14.216, 13.648, 12.881, 12.398, 11.25], [3.28, 3.16, 2.72, 1.53, 0, 1.37, 2.12, 3.04, 4.8, 5.49, 5.05, 5.4, 6.51, 7.97, 7.04, 6.23, 6.31, 6.81, 7.84, 7.98, 7.89, 6.68, 7.55, 8.97, 9.75, 10.91, 12.29, 13.21, 13.36, 12.69, 12.1, 11.22, 10.92, 10.67, 10.17, 10.62, 11.67, 12.0, 12.82, 13.42, 12.98, 13.43, 12.75, 11.8, 11.92, 12.05, 12.59, 13.1, 12.75, 12.78, 13.29, 13.83, 14.71, 15.57, 17.29, 18.4, 17.5, 16.18, 14.57, 12.65, 10.57, 8.09, 7.67, 9.85, 11.19, 10.85, 11.59, 12.28, 12.04, 12.37, 12.89, 13.07, 13.21, 13.1, 13.41, 13.47, 13.59, 14.29, 15.488, 16.01, 15.59, 15.391, 14.831, 14.001, 13.576, 12.5], [2.97, 2.87, 2.35, 1.64, 1.37, 0, 1.21, 2.23, 3.85, 4.6, 4.18, 4.53, 5.6, 7.06, 6.19, 5.42, 5.54, 6.0, 6.85, 7.09, 6.94, 5.77, 6.36, 7.88, 8.72, 9.98, 11.38, 12.3, 12.45, 11.78, 11.19, 10.31, 10.01, 9.76, 9.28, 9.73, 10.78, 11.11, 11.91, 12.47, 11.95, 12.34, 11.72, 10.75, 10.85, 11.06, 11.58, 12.01, 11.64, 11.67, 12.2, 12.76, 13.68, 14.66, 16.36, 17.43, 16.51, 15.17, 13.66, 11.7, 9.58, 7.2, 6.72, 8.88, 10.2, 9.92, 10.54, 11.19, 10.95, 11.32, 11.86, 12.04, 12.18, 12.07, 12.4, 12.54, 12.608, 13.368, 14.565, 15.081, 14.66, 14.457, 13.871, 13.055, 12.613, 11.43], [2.2, 1.98, 1.52, 1.53, 2.12, 1.21, 0, 1.46, 3.0, 3.77, 3.39, 3.72, 4.71, 6.17, 5.38, 4.65, 4.75, 5.21, 6.06, 6.28, 6.13, 4.96, 5.61, 6.93, 7.85, 9.13, 10.53, 11.41, 11.56, 10.89, 10.32, 9.42, 9.16, 8.91, 8.45, 8.9, 9.95, 10.28, 11.08, 11.64, 11.12, 11.47, 10.89, 9.92, 10.08, 10.23, 10.73, 11.2, 10.79, 10.82, 11.29, 11.75, 12.75, 13.77, 15.45, 16.52, 15.64, 14.32, 12.83, 10.87, 8.75, 6.39, 5.93, 8.03, 9.35, 9.07, 9.71, 10.38, 10.14, 10.43, 10.89, 11.11, 11.23, 11.08, 11.49, 11.65, 11.703, 12.462, 13.68, 14.197, 13.777, 13.573, 12.999, 12.212, 11.729, 10.508], [1.24, 1.18, 1.08, 1.93, 3.04, 2.23, 1.46, 0, 1.98, 2.69, 2.27, 2.62, 3.85, 5.15, 4.4, 3.95, 4.03, 4.37, 5.28, 5.5, 5.31, 4.28, 5.01, 6.25, 6.83, 8.07, 9.47, 10.37, 10.52, 9.83, 9.24, 8.36, 8.1, 7.93, 7.37, 7.8, 8.85, 9.18, 10.0, 10.56, 10.08, 10.47, 9.79, 8.88, 9.0, 9.13, 9.67, 10.18, 9.79, 9.84, 10.35, 10.85, 11.75, 12.71, 14.41, 15.48, 14.58, 13.24, 11.73, 9.75, 7.73, 5.43, 4.91, 7.07, 8.29, 8.07, 8.71, 9.36, 9.18, 9.41, 9.93, 10.11, 10.25, 10.14, 10.45, 10.59, 10.67, 11.443, 12.656, 13.159, 12.739, 12.577, 12.041, 11.228, 10.751, 9.554], [2.0, 2.42, 2.52, 3.63, 4.8, 3.85, 3.0, 1.98, 0, 0.87, 1.07, 1.12, 2.11, 3.39, 2.76, 2.49, 2.59, 3.01, 3.76, 3.98, 3.79, 2.84, 3.47, 4.51, 5.01, 6.17, 7.57, 8.47, 8.62, 7.95, 7.38, 6.5, 6.26, 6.09, 5.59, 6.04, 7.09, 7.42, 8.14, 8.68, 8.22, 8.67, 8.11, 7.22, 7.34, 7.43, 7.99, 8.5, 8.11, 8.14, 8.59, 9.03, 9.91, 10.83, 12.53, 13.6, 12.72, 11.42, 9.93, 8.01, 6.09, 4.01, 3.43, 5.23, 6.51, 6.33, 6.95, 7.6, 7.4, 7.67, 8.09, 8.27, 8.41, 8.3, 8.61, 8.71, 8.81, 9.546, 10.742, 11.267, 10.862, 10.66, 10.127, 9.34, 8.883, 7.74], [2.43, 2.99, 3.17, 4.36, 5.49, 4.6, 3.77, 2.69, 0.87, 0, 0.92, 0.89, 2.14, 2.92, 2.51, 2.34, 2.46, 3.0, 3.47, 3.71, 3.64, 2.85, 3.26, 4.14, 4.5, 5.42, 6.8, 7.72, 7.87, 7.2, 6.63, 5.87, 5.67, 5.54, 4.98, 5.33, 6.38, 6.69, 7.37, 7.95, 7.53, 8.02, 7.46, 6.59, 6.71, 6.8, 7.36, 7.87, 7.48, 7.49, 7.92, 8.36, 9.22, 10.08, 11.8, 12.91, 12.01, 10.71, 9.22, 7.36, 5.6, 3.72, 3.1, 4.76, 5.96, 5.82, 6.44, 7.05, 6.83, 7.08, 7.42, 7.58, 7.72, 7.61, 7.92, 8.04, 8.2, 8.84, 10.039, 10.541, 10.121, 9.954, 9.452, 8.619, 8.199, 7.13], [2.09, 2.61, 2.73, 3.9, 5.05, 4.18, 3.39, 2.27, 1.07, 0.92, 0, 0.85, 2.32, 3.26, 2.55, 2.4, 2.48, 2.92, 3.73, 3.91, 3.82, 2.89, 3.52, 4.6, 4.94, 5.9, 7.26, 8.18, 8.33, 7.66, 7.07, 6.25, 6.03, 5.88, 5.26, 5.65, 6.68, 6.99, 7.79, 8.41, 7.99, 8.44, 7.78, 6.89, 7.01, 7.12, 7.68, 8.19, 7.8, 7.81, 8.3, 8.84, 9.7, 10.54, 12.28, 13.39, 12.49, 11.15, 9.56, 7.66, 5.9, 3.68, 3.24, 5.14, 6.42, 6.28, 6.92, 7.51, 7.39, 7.64, 7.9, 8.06, 8.2, 8.11, 8.4, 8.6, 8.76, 9.34, 10.527, 11.044, 10.636, 10.477, 9.961, 9.165, 8.747, 7.65], [2.48, 3.0, 3.1, 4.27, 5.4, 4.53, 3.72, 2.62, 1.12, 0.89, 0.85, 0, 1.91, 2.91, 2.24, 2.17, 2.19, 2.67, 3.56, 3.62, 3.51, 2.72, 3.21, 4.31, 4.65, 5.59, 6.93, 7.85, 8.0, 7.31, 6.72, 5.92, 5.72, 5.57, 4.97, 5.36, 6.41, 6.7, 7.52, 8.16, 7.72, 8.19, 7.55, 6.68, 6.8, 6.91, 7.47, 7.96, 7.57, 7.58, 8.03, 8.53, 9.39, 10.23, 11.93, 13.02, 12.12, 10.82, 9.25, 7.37, 5.55, 3.39, 2.93, 4.83, 6.07, 5.93, 6.55, 7.22, 7.02, 7.27, 7.59, 7.75, 7.89, 7.76, 8.05, 8.27, 8.45, 9.01, 10.223, 10.743, 10.346, 10.173, 9.659, 8.874, 8.426, 7.369], [3.89, 4.17, 4.23, 5.34, 6.51, 5.6, 4.71, 3.85, 2.11, 2.14, 2.32, 1.91, 0, 1.58, 1.29, 1.72, 1.8, 1.78, 2.55, 2.39, 2.24, 1.79, 1.96, 2.96, 3.48, 4.56, 5.86, 6.78, 6.93, 6.26, 5.65, 4.73, 4.49, 4.3, 3.9, 4.35, 5.36, 5.69, 6.49, 7.07, 6.69, 7.12, 6.54, 5.65, 5.75, 5.88, 6.44, 6.89, 6.5, 6.51, 6.96, 7.42, 8.3, 9.16, 10.88, 11.97, 11.07, 9.75, 8.22, 6.34, 4.42, 2.44, 1.96, 3.64, 4.98, 4.7, 5.42, 6.13, 5.91, 6.16, 6.5, 6.68, 6.831, 6.71, 7.0, 7.18, 7.4, 7.931, 9.164, 9.684, 9.279, 9.103, 8.58, 7.796, 7.356, 6.279], [5.13, 5.25, 5.49, 6.8, 7.97, 7.06, 6.17, 5.15, 3.39, 2.92, 3.26, 2.91, 1.58, 0, 1.31, 2.38, 2.26, 2.1, 2.07, 1.69, 1.66, 2.21, 1.66, 2.02, 2.32, 3.2, 4.457, 5.357, 5.507, 4.84, 4.21, 3.27, 3.07, 2.88, 2.52, 3.01, 3.92, 4.29, 5.13, 5.77, 5.35, 5.78, 5.16, 4.27, 4.37, 4.48, 5.04, 5.49, 5.08, 5.09, 5.58, 6.12, 7.0, 7.84, 9.52, 10.61, 9.71, 8.31, 6.8, 4.88, 3.2, 1.94, 1.78, 2.52, 3.74, 3.56, 4.26, 4.91, 4.77, 4.98, 5.24, 5.4, 5.48, 5.37, 5.68, 6.0, 6.18, 6.637, 7.825, 8.316, 7.924, 7.797, 7.281, 6.545, 6.145, 5.13], [4.42, 4.76, 4.76, 5.91, 7.04, 6.19, 5.38, 4.4, 2.76, 2.51, 2.55, 2.24, 1.29, 1.31, 0, 1.43, 1.31, 1.17, 1.78, 1.66, 1.65, 1.44, 1.59, 2.77, 3.19, 4.142, 5.475, 6.415, 6.565, 5.91, 5.26, 4.34, 4.08, 3.87, 3.31, 3.72, 4.71, 5.12, 6.0, 6.652, 6.269, 6.699, 5.97, 5.02, 5.12, 5.27, 5.81, 6.24, 5.83, 5.84, 6.45, 7.07, 7.95, 8.83, 10.51, 11.6, 10.68, 9.22, 7.57, 5.63, 3.71, 2.03, 1.57, 3.23, 4.55, 4.33, 5.07, 5.76, 5.634, 5.89, 6.17, 6.33, 6.464, 6.34, 6.65, 6.91, 7.11, 7.664, 8.849, 9.36, 8.952, 8.779, 8.234, 7.523, 7.063, 5.994], [4.15, 4.43, 4.33, 5.14, 6.23, 5.42, 4.65, 3.95, 2.49, 2.34, 2.4, 2.17, 1.72, 2.38, 1.43, 0, 0.48, 1.16, 2.17, 2.51, 2.18, 1.29, 2.34, 3.657, 4.109, 5.254, 6.599, 7.539, 7.689, 7.033, 6.39, 5.47, 5.19, 4.92, 4.32, 4.75, 5.82, 6.23, 7.09, 7.73, 7.327, 7.757, 6.974, 5.99, 6.11, 6.24, 6.78, 7.25, 6.86, 6.91, 7.52, 8.14, 9.02, 9.96, 11.64, 12.69, 11.77, 10.31, 8.72, 6.7, 4.6, 2.04, 2.04, 4.14, 5.52, 5.28, 6.0, 6.71, 6.57, 6.84, 7.2, 7.4, 7.551, 7.43, 7.72, 7.9, 8.08, 8.739, 9.941, 10.466, 10.052, 9.886, 9.334, 8.536, 8.102, 6.962], [4.23, 4.59, 4.47, 5.3, 6.31, 5.54, 4.75, 4.03, 2.59, 2.46, 2.48, 2.19, 1.8, 2.26, 1.31, 0.48, 0, 1.06, 2.15, 2.39, 2.12, 1.23, 2.22, 3.594, 4.054, 5.151, 6.505, 7.445, 7.595, 6.939, 6.29, 5.37, 5.09, 4.8, 4.2, 4.65, 5.72, 6.13, 6.99, 7.627, 7.247, 7.677, 6.894, 5.91, 6.03, 6.16, 6.7, 7.17, 6.78, 6.83, 7.44, 8.06, 8.96, 9.859, 11.54, 12.63, 11.71, 10.25, 8.62, 6.64, 4.5, 2.06, 1.98, 4.08, 5.42, 5.16, 5.92, 6.61, 6.47, 6.72, 7.12, 7.34, 7.488, 7.37, 7.66, 7.78, 7.98, 8.645, 9.853, 10.372, 9.958, 9.788, 9.243, 8.442, 7.988, 6.859], [4.75, 5.11, 5.03, 5.76, 6.81, 6.0, 5.21, 4.37, 3.01, 3.0, 2.92, 2.67, 1.78, 2.1, 1.17, 1.16, 1.06, 0, 1.39, 1.63, 1.34, 0.99, 1.84, 2.82, 3.465, 4.622, 5.982, 6.922, 7.072, 6.416, 5.77, 4.85, 4.57, 4.32, 3.66, 4.15, 5.18, 5.61, 6.452, 7.055, 6.661, 7.091, 6.308, 5.35, 5.45, 5.62, 6.14, 6.59, 6.18, 6.23, 6.86, 7.48, 8.419, 9.336, 11.016, 12.089, 11.169, 9.71, 8.08, 6.08, 3.92, 1.98, 1.8, 3.4, 4.76, 4.44, 5.22, 5.93, 5.753, 6.04, 6.56, 6.799, 6.942, 6.829, 7.119, 7.234, 7.354, 8.085, 9.3, 9.831, 9.417, 9.23, 8.673, 7.878, 7.409, 6.244], [5.54, 6.08, 6.02, 6.87, 7.84, 6.85, 6.06, 5.28, 3.76, 3.47, 3.73, 3.56, 2.55, 2.07, 1.78, 2.17, 2.15, 1.39, 0, 0.86, 0.95, 1.3, 1.61, 2.01, 2.67, 3.846, 5.126, 6.066, 6.216, 5.561, 4.92, 4.02, 3.78, 3.59, 2.91, 3.38, 4.33, 4.751, 5.576, 6.196, 5.745, 6.155, 5.41, 4.4, 4.52, 4.71, 5.23, 5.66, 5.25, 5.3, 5.93, 6.57, 7.523, 8.474, 10.161, 11.211, 10.273, 8.82, 7.23, 5.21, 2.99, 2.09, 1.99, 2.79, 3.85, 3.57, 4.27, 4.951, 4.797, 5.121, 5.663, 5.903, 6.046, 5.933, 6.223, 6.363, 6.475, 7.223, 8.438, 8.958, 8.538, 8.36, 7.806, 6.984, 6.559, 5.52], [5.72, 6.28, 6.2, 7.13, 7.98, 7.09, 6.28, 5.5, 3.98, 3.71, 3.91, 3.62, 2.39, 1.69, 1.66, 2.51, 2.39, 1.63, 0.86, 0, 0.73, 1.54, 1.51, 1.87, 2.35, 3.438, 4.772, 5.712, 5.862, 5.206, 4.56, 3.66, 3.42, 3.21, 2.53, 3.02, 3.97, 4.4, 5.222, 5.848, 5.468, 5.898, 5.115, 4.16, 4.26, 4.41, 4.95, 5.4, 4.99, 5.04, 5.67, 6.29, 7.21, 8.126, 9.81, 10.88, 9.96, 8.5, 6.87, 4.87, 2.73, 1.93, 1.99, 2.57, 3.53, 3.23, 3.99, 4.708, 4.52, 4.83, 5.35, 5.59, 5.79, 5.62, 5.91, 6.03, 6.135, 6.877, 8.093, 8.616, 8.196, 8.011, 7.46, 6.673, 6.251, 5.38], [5.59, 6.03, 5.99, 6.86, 7.89, 6.94, 6.13, 5.31, 3.79, 3.64, 3.82, 3.51, 2.24, 1.66, 1.65, 2.18, 2.12, 1.34, 0.95, 0.73, 0, 1.41, 1.72, 2.04, 2.46, 3.619, 4.979, 5.919, 6.069, 5.413, 4.77, 3.85, 3.57, 3.34, 2.7, 3.19, 4.18, 4.603, 5.429, 6.055, 5.641, 6.071, 5.288, 4.33, 4.43, 4.6, 5.12, 5.57, 5.16, 5.21, 5.84, 6.46, 7.399, 8.333, 10.013, 11.069, 10.149, 8.69, 7.08, 5.06, 2.88, 1.78, 1.86, 2.66, 3.74, 3.44, 4.2, 4.907, 4.77, 5.04, 5.54, 5.78, 5.98, 5.809, 6.099, 6.234, 6.331, 7.082, 8.297, 8.828, 8.411, 8.233, 7.676, 6.912, 6.452, 5.47], [4.64, 5.06, 4.98, 5.73, 6.68, 5.77, 4.96, 4.28, 2.84, 2.85, 2.89, 2.72, 1.79, 2.21, 1.44, 1.29, 1.23, 0.99, 1.3, 1.54, 1.41, 0, 1.49, 2.89, 3.652, 4.866, 6.226, 7.166, 7.316, 6.661, 6.02, 5.1, 4.82, 4.57, 3.91, 4.36, 5.43, 5.851, 6.676, 7.296, 6.868, 7.278, 6.51, 5.54, 5.64, 5.83, 6.35, 6.78, 6.37, 6.42, 7.05, 7.67, 8.626, 9.577, 11.261, 12.316, 11.376, 9.92, 8.33, 6.31, 4.11, 1.87, 1.65, 3.61, 4.95, 4.65, 5.39, 6.088, 5.894, 6.218, 6.766, 7.006, 7.149, 7.036, 7.326, 7.463, 7.56, 8.326, 9.542, 10.064, 9.644, 9.46, 8.908, 8.093, 7.618, 6.431], [5.29, 5.73, 5.77, 6.64, 7.55, 6.36, 5.61, 5.01, 3.47, 3.26, 3.52, 3.21, 1.96, 1.66, 1.59, 2.34, 2.22, 1.84, 1.61, 1.51, 1.72, 1.49, 0, 1.74, 2.653, 3.913, 5.293, 6.193, 6.343, 5.687, 5.05, 4.15, 3.87, 3.74, 3.14, 3.55, 4.6, 4.95, 5.79, 6.37, 5.903, 6.222, 5.6, 4.65, 4.75, 4.96, 5.46, 5.81, 5.32, 5.39, 5.96, 6.539, 7.567, 8.587, 10.267, 11.317, 10.41, 8.99, 7.48, 5.5, 3.46, 1.98, 1.46, 2.72, 4.06, 3.8, 4.4, 5.07, 4.89, 5.21, 5.7, 5.942, 6.065, 5.932, 6.307, 6.47, 6.569, 7.318, 8.53, 9.05, 8.63, 8.431, 7.937, 7.076, 6.602, 5.361], [6.37, 6.71, 6.95, 7.9, 8.97, 7.88, 6.93, 6.25, 4.51, 4.14, 4.6, 4.31, 2.96, 2.02, 2.77, 3.657, 3.594, 2.82, 2.01, 1.87, 2.04, 2.89, 1.74, 0, 1.06, 2.32, 3.64, 4.56, 4.69, 4.02, 3.45, 2.67, 2.47, 2.46, 2.22, 2.67, 3.46, 3.77, 4.23, 4.75, 4.27, 4.62, 4.28, 3.49, 3.59, 3.74, 4.16, 4.61, 4.28, 4.21, 4.46, 4.9, 5.92, 6.907, 8.62, 9.69, 8.77, 7.45, 6.04, 4.2, 2.5, 2.22, 2.24, 1.48, 2.66, 2.56, 2.94, 3.51, 3.27, 3.56, 4.04, 4.28, 4.396, 4.27, 4.66, 4.807, 4.92, 5.65, 6.862, 7.385, 6.965, 6.775, 6.301, 5.429, 4.948, 3.79], [6.69, 7.09, 7.35, 8.54, 9.75, 8.72, 7.85, 6.83, 5.01, 4.5, 4.94, 4.65, 3.48, 2.32, 3.19, 4.109, 4.054, 3.465, 2.67, 2.35, 2.46, 3.652, 2.653, 1.06, 0, 1.38, 2.78, 3.62, 3.77, 3.08, 2.53, 1.75, 1.57, 1.66, 1.54, 1.93, 2.64, 2.91, 3.29, 3.83, 3.43, 3.78, 3.46, 2.79, 2.87, 2.94, 3.36, 3.81, 3.54, 3.49, 3.74, 4.16, 4.98, 6.0, 7.68, 8.75, 7.85, 6.51, 5.12, 3.3, 1.8, 2.38, 2.64, 1.06, 1.88, 1.92, 2.24, 2.77, 2.63, 2.84, 3.24, 3.48, 3.6, 3.45, 3.72, 3.9, 4.06, 4.725, 5.941, 6.475, 6.06, 5.917, 5.377, 4.576, 4.11, 3.19], [7.73, 8.03, 8.39, 9.72, 10.91, 9.98, 9.13, 8.07, 6.17, 5.42, 5.9, 5.59, 4.56, 3.2, 4.142, 5.254, 5.151, 4.622, 3.846, 3.438, 3.619, 4.866, 3.913, 2.32, 1.38, 0, 1.5, 2.4, 2.49, 2.04, 1.63, 0.99, 0.75, 1.04, 1.28, 1.27, 1.58, 1.81, 2.13, 2.69, 2.29, 2.78, 2.38, 1.87, 1.93, 1.9, 2.3, 2.73, 2.48, 2.43, 2.72, 3.1, 3.92, 4.8, 6.44, 7.53, 6.59, 5.35, 3.94, 2.16, 1.5, 3.557, 3.796, 1.64, 1.8, 2.06, 1.86, 2.03, 2.45, 2.62, 3.02, 3.42, 3.44, 2.99, 3.14, 3.4, 3.36, 3.82, 4.85, 5.25, 4.97, 4.84, 4.32, 4.15, 4.05, 3.85], [9.13, 9.39, 9.79, 11.12, 12.29, 11.38, 10.53, 9.47, 7.57, 6.8, 7.26, 6.93, 5.86, 4.457, 5.475, 6.599, 6.505, 5.982, 5.126, 4.772, 4.979, 6.226, 5.293, 3.64, 2.78, 1.5, 0, 1.12, 1.27, 1.24, 1.19, 1.41, 1.55, 1.86, 2.354, 1.99, 1.72, 1.75, 1.33, 1.67, 1.51, 1.78, 1.58, 1.49, 1.47, 1.52, 1.54, 1.85, 1.78, 1.67, 1.7, 1.92, 2.72, 3.58, 5.24, 6.31, 5.41, 4.21, 2.96, 1.5, 2.3, 4.891, 5.136, 2.9, 2.34, 2.46, 1.82, 1.83, 2.61, 3.02, 3.18, 3.64, 3.48, 2.97, 2.98, 3.38, 3.48, 3.6, 4.05, 4.21, 4.27, 4.32, 4.14, 4.33, 4.49, 4.47], [10.05, 10.31, 10.71, 12.04, 13.21, 12.3, 11.41, 10.37, 8.47, 7.72, 8.18, 7.85, 6.78, 5.357, 6.415, 7.539, 7.445, 6.922, 6.066, 5.712, 5.919, 7.166, 6.193, 4.56, 3.62, 2.4, 1.12, 0, 0.63, 1.14, 1.43, 2.25, 2.45, 2.68, 3.34, 2.89, 2.54, 2.49, 1.85, 1.89, 1.91, 1.76, 1.98, 2.25, 2.15, 2.08, 2.02, 1.81, 2.02, 1.87, 1.8, 1.74, 1.96, 2.82, 4.44, 5.51, 4.69, 3.59, 2.5, 1.86, 3.22, 5.831, 6.056, 3.7, 2.9, 3.1, 2.32, 2.09, 2.85, 3.06, 3.32, 3.7, 3.46, 2.99, 2.96, 3.28, 3.38, 3.52, 3.59, 4.01, 4.11, 4.18, 4.0, 4.37, 4.53, 4.63], [10.2, 10.46, 10.86, 12.19, 13.36, 12.45, 11.56, 10.52, 8.62, 7.87, 8.33, 8.0, 6.93, 5.507, 6.565, 7.689, 7.595, 7.072, 6.216, 5.862, 6.069, 7.316, 6.343, 4.69, 3.77, 2.49, 1.27, 0.63, 0, 1.03, 1.48, 2.34, 2.56, 2.83, 3.47, 3.04, 2.47, 2.52, 1.86, 1.88, 1.82, 1.73, 1.91, 2.22, 2.08, 1.99, 1.95, 1.84, 2.01, 1.96, 1.77, 1.65, 1.73, 2.61, 4.25, 5.3, 4.42, 3.38, 2.41, 1.85, 3.31, 5.981, 6.206, 3.81, 2.89, 3.13, 2.27, 1.9, 2.56, 2.73, 3.01, 3.37, 3.09, 2.64, 2.63, 2.95, 3.11, 3.23, 3.3, 3.68, 3.72, 3.85, 3.67, 4.12, 4.3, 4.44], [9.53, 9.79, 10.19, 11.52, 12.69, 11.78, 10.89, 9.83, 7.95, 7.2, 7.66, 7.31, 6.26, 4.84, 5.91, 7.033, 6.939, 6.416, 5.561, 5.206, 5.413, 6.661, 5.687, 4.02, 3.08, 2.04, 1.24, 1.14, 1.03, 0, 0.73, 1.77, 2.03, 2.2, 2.84, 2.63, 2.16, 2.33, 1.75, 1.91, 1.81, 1.92, 1.9, 1.97, 1.87, 1.94, 2.02, 2.05, 2.1, 2.13, 2.02, 1.82, 2.2, 3.04, 4.7, 5.79, 4.91, 3.77, 2.84, 1.86, 2.66, 5.325, 5.54, 3.1, 2.08, 2.3, 1.54, 1.37, 2.09, 2.18, 2.4, 2.78, 2.74, 2.19, 2.2, 2.52, 2.78, 2.92, 3.29, 3.75, 3.65, 3.64, 3.48, 3.53, 3.63, 3.71], [8.94, 9.26, 9.62, 10.93, 12.1, 11.19, 10.32, 9.24, 7.38, 6.63, 7.07, 6.72, 5.65, 4.21, 5.26, 6.39, 6.29, 5.77, 4.92, 4.56, 4.77, 6.02, 5.05, 3.45, 2.53, 1.63, 1.19, 1.43, 1.48, 0.73, 0, 1.24, 1.54, 1.67, 2.23, 2.12, 1.87, 2.16, 1.84, 2.14, 2.0, 2.25, 2.13, 1.82, 1.7, 1.85, 2.15, 2.3, 2.25, 2.36, 2.31, 2.29, 2.83, 3.67, 5.33, 6.42, 5.52, 4.28, 3.15, 1.93, 2.11, 4.69, 4.89, 2.51, 1.63, 1.85, 1.25, 1.12, 1.9, 2.17, 2.33, 2.83, 2.85, 2.32, 2.33, 2.55, 2.75, 3.03, 3.82, 4.22, 3.96, 3.95, 3.55, 3.5, 3.64, 3.54], [8.16, 8.32, 8.72, 10.05, 11.22, 10.31, 9.42, 8.36, 6.5, 5.87, 6.25, 5.92, 4.73, 3.27, 4.34, 5.47, 5.37, 4.85, 4.02, 3.66, 3.85, 5.1, 4.15, 2.67, 1.75, 0.99, 1.41, 2.25, 2.34, 1.77, 1.24, 0, 0.56, 0.79, 1.33, 1.58, 1.49, 1.84, 2.08, 2.62, 2.28, 2.71, 2.41, 2.1, 2.1, 2.09, 2.41, 2.74, 2.51, 2.48, 2.69, 2.89, 3.77, 4.61, 6.29, 7.36, 6.46, 5.08, 3.79, 2.15, 1.63, 3.83, 4.11, 1.95, 1.47, 1.77, 1.51, 1.94, 2.52, 2.79, 3.11, 3.59, 3.69, 3.2, 3.29, 3.45, 3.41, 3.83, 4.78, 5.1, 4.86, 4.81, 4.43, 4.2, 4.22, 3.96], [7.94, 8.06, 8.42, 9.75, 10.92, 10.01, 9.16, 8.1, 6.26, 5.67, 6.03, 5.72, 4.49, 3.07, 4.08, 5.19, 5.09, 4.57, 3.78, 3.42, 3.57, 4.82, 3.87, 2.47, 1.57, 0.75, 1.55, 2.45, 2.56, 2.03, 1.54, 0.56, 0, 0.65, 1.25, 1.54, 1.59, 1.88, 2.3, 2.82, 2.44, 2.91, 2.49, 2.14, 2.14, 2.15, 2.47, 2.8, 2.51, 2.58, 2.87, 3.19, 4.07, 4.91, 6.59, 7.66, 6.74, 5.38, 3.97, 2.27, 1.55, 3.59, 3.89, 1.75, 1.59, 1.89, 1.71, 2.08, 2.58, 2.83, 3.17, 3.63, 3.69, 3.26, 3.39, 3.55, 3.51, 3.91, 4.98, 5.38, 5.06, 4.99, 4.55, 4.34, 4.26, 4.0], [7.79, 7.91, 8.21, 9.5, 10.67, 9.76, 8.91, 7.93, 6.09, 5.54, 5.88, 5.57, 4.3, 2.88, 3.87, 4.92, 4.8, 4.32, 3.59, 3.21, 3.34, 4.57, 3.74, 2.46, 1.66, 1.04, 1.86, 2.68, 2.83, 2.2, 1.67, 0.79, 0.65, 0, 1.06, 1.53, 1.74, 2.03, 2.45, 3.05, 2.69, 3.16, 2.66, 2.07, 2.13, 2.14, 2.56, 2.91, 2.64, 2.63, 3.02, 3.46, 4.34, 5.18, 6.86, 7.93, 7.01, 5.59, 4.12, 2.32, 1.5, 3.42, 3.72, 1.9, 1.52, 1.82, 1.66, 2.35, 2.93, 3.2, 3.44, 3.94, 4.02, 3.55, 3.7, 3.88, 3.8, 4.22, 5.23, 5.65, 5.29, 5.26, 4.82, 4.57, 4.59, 4.29], [7.13, 7.71, 7.79, 9.02, 10.17, 9.28, 8.45, 7.37, 5.59, 4.98, 5.26, 4.97, 3.9, 2.52, 3.31, 4.32, 4.2, 3.66, 2.91, 2.53, 2.7, 3.91, 3.14, 2.22, 1.54, 1.28, 2.354, 3.34, 3.47, 2.84, 2.23, 1.33, 1.25, 1.06, 0, 0.89, 1.64, 2.03, 2.85, 3.55, 3.17, 3.6, 2.9, 2.11, 2.19, 2.28, 2.76, 3.21, 2.8, 2.85, 3.38, 3.98, 4.86, 5.7, 7.42, 8.51, 7.59, 6.15, 4.52, 2.6, 1.24, 2.62, 2.88, 1.7, 1.86, 2.08, 2.08, 2.69, 3.27, 3.48, 3.92, 4.44, 4.62, 4.15, 4.26, 4.24, 4.2, 4.7, 5.79, 6.21, 5.85, 5.8, 5.38, 4.99, 4.93, 4.47], [7.52, 8.1, 8.22, 9.47, 10.62, 9.73, 8.9, 7.8, 6.04, 5.33, 5.65, 5.36, 4.35, 3.01, 3.72, 4.75, 4.65, 4.15, 3.38, 3.02, 3.19, 4.36, 3.55, 2.67, 1.93, 1.27, 1.99, 2.89, 3.04, 2.63, 2.12, 1.58, 1.54, 1.53, 0.89, 0, 1.19, 1.5, 2.36, 3.06, 2.7, 3.15, 2.41, 1.66, 1.72, 1.77, 2.29, 2.74, 2.43, 2.32, 2.89, 3.49, 4.37, 5.23, 6.93, 8.02, 7.1, 5.66, 4.03, 2.21, 1.41, 3.03, 3.25, 1.95, 2.39, 2.69, 2.41, 2.58, 3.12, 3.45, 3.91, 4.31, 4.39, 3.92, 3.97, 4.15, 4.09, 4.83, 5.54, 5.86, 5.66, 5.75, 5.15, 5.02, 4.98, 4.74], [8.59, 9.03, 9.25, 10.52, 11.67, 10.78, 9.95, 8.85, 7.09, 6.38, 6.68, 6.41, 5.36, 3.92, 4.71, 5.82, 5.72, 5.18, 4.33, 3.97, 4.18, 5.43, 4.6, 3.46, 2.64, 1.58, 1.72, 2.54, 2.47, 2.16, 1.87, 1.49, 1.59, 1.74, 1.64, 1.19, 0, 0.75, 1.51, 2.09, 1.75, 2.14, 1.5, 1.31, 1.33, 1.26, 1.52, 1.99, 1.84, 1.67, 2.16, 2.56, 3.48, 4.18, 5.9, 6.99, 6.07, 4.63, 3.02, 1.28, 1.76, 4.1, 4.32, 2.48, 2.5, 2.76, 2.38, 2.27, 2.79, 3.26, 3.66, 3.98, 4.0, 3.53, 3.44, 3.72, 4.06, 4.48, 5.09, 5.17, 5.07, 5.24, 4.88, 4.83, 4.89, 4.83], [8.9, 9.4, 9.58, 10.85, 12.0, 11.11, 10.28, 9.18, 7.42, 6.69, 6.99, 6.7, 5.69, 4.29, 5.12, 6.23, 6.13, 5.61, 4.751, 4.4, 4.603, 5.851, 4.95, 3.77, 2.91, 1.81, 1.75, 2.49, 2.52, 2.33, 2.16, 1.84, 1.88, 2.03, 2.03, 1.5, 0.75, 0, 1.1, 1.7, 1.46, 1.89, 1.51, 1.56, 1.62, 1.39, 1.41, 1.84, 1.91, 1.72, 1.93, 2.29, 3.11, 3.77, 5.49, 6.58, 5.66, 4.24, 2.77, 1.35, 2.17, 4.515, 4.73, 2.67, 2.79, 3.07, 2.63, 2.48, 3.06, 3.51, 3.87, 4.09, 4.07, 3.54, 3.47, 3.91, 4.31, 4.63, 5.14, 5.06, 5.02, 5.23, 4.97, 5.02, 5.08, 5.1], [9.66, 10.06, 10.4, 11.65, 12.82, 11.91, 11.08, 10.0, 8.14, 7.37, 7.79, 7.52, 6.49, 5.13, 6.0, 7.09, 6.99, 6.452, 5.576, 5.222, 5.429, 6.676, 5.79, 4.23, 3.29, 2.13, 1.33, 1.85, 1.86, 1.75, 1.84, 2.08, 2.3, 2.45, 2.85, 2.36, 1.51, 1.1, 0, 0.84, 0.98, 1.19, 1.21, 1.58, 1.62, 1.39, 1.13, 1.38, 1.67, 1.38, 1.11, 1.33, 2.13, 2.91, 4.61, 5.7, 4.78, 3.36, 2.13, 1.11, 2.67, 5.367, 5.59, 3.25, 2.75, 2.89, 2.29, 2.08, 2.76, 3.29, 3.53, 3.79, 3.69, 3.1, 3.03, 3.47, 3.95, 4.23, 4.44, 4.44, 4.54, 4.63, 4.55, 4.74, 4.84, 4.92], [10.26, 10.64, 10.98, 12.21, 13.42, 12.47, 11.64, 10.56, 8.68, 7.95, 8.41, 8.16, 7.07, 5.77, 6.652, 7.73, 7.627, 7.055, 6.196, 5.848, 6.055, 7.296, 6.37, 4.75, 3.83, 2.69, 1.67, 1.89, 1.88, 1.91, 2.14, 2.62, 2.82, 3.05, 3.55, 3.06, 2.09, 1.7, 0.84, 0, 1.02, 1.07, 1.31, 2.06, 1.96, 1.85, 1.43, 1.46, 1.81, 1.6, 1.21, 1.05, 1.75, 2.49, 3.97, 5.04, 4.12, 2.92, 1.85, 1.45, 3.31, 6.027, 6.21, 3.75, 3.07, 3.23, 2.57, 2.32, 2.96, 3.49, 3.69, 4.01, 3.85, 3.34, 3.19, 3.59, 4.09, 4.41, 4.48, 4.44, 4.56, 4.71, 4.69, 5.0, 5.1, 5.16], [9.86, 10.14, 10.54, 11.69, 12.98, 11.95, 11.12, 10.08, 8.22, 7.53, 7.99, 7.72, 6.69, 5.35, 6.269, 7.327, 7.247, 6.661, 5.745, 5.468, 5.641, 6.868, 5.903, 4.27, 3.43, 2.29, 1.51, 1.91, 1.82, 1.81, 2.0, 2.28, 2.44, 2.69, 3.17, 2.7, 1.75, 1.46, 0.98, 1.02, 0, 0.81, 0.99, 1.7, 1.7, 1.51, 1.29, 1.56, 1.81, 1.6, 1.33, 1.33, 2.13, 2.81, 4.43, 5.48, 4.58, 3.5, 2.49, 1.49, 2.99, 5.647, 5.724, 3.39, 2.75, 2.99, 2.31, 2.1, 2.78, 3.33, 3.55, 3.81, 3.65, 3.12, 2.99, 3.51, 3.97, 4.33, 4.5, 4.3, 4.46, 4.67, 4.59, 4.88, 4.94, 4.86], [10.29, 10.55, 10.95, 12.14, 13.43, 12.34, 11.47, 10.47, 8.67, 8.02, 8.44, 8.19, 7.12, 5.78, 6.699, 7.757, 7.677, 7.091, 6.155, 5.898, 6.071, 7.278, 6.222, 4.62, 3.78, 2.78, 1.78, 1.76, 1.73, 1.92, 2.25, 2.71, 2.91, 3.16, 3.6, 3.15, 2.14, 1.89, 1.19, 1.07, 0.81, 0, 0.82, 1.87, 1.79, 1.64, 1.28, 1.21, 1.5, 1.29, 0.98, 1.18, 1.84, 2.54, 4.1, 5.15, 4.27, 3.13, 2.12, 1.26, 3.3, 6.017, 6.134, 3.86, 3.28, 3.48, 2.76, 2.41, 3.11, 3.52, 3.7, 4.02, 3.8, 3.33, 3.22, 3.68, 4.16, 4.52, 4.51, 4.43, 4.59, 4.8, 4.8, 5.15, 5.23, 5.13], [9.67, 10.01, 10.29, 11.48, 12.75, 11.72, 10.89, 9.79, 8.11, 7.46, 7.78, 7.55, 6.54, 5.16, 5.97, 6.974, 6.894, 6.308, 5.41, 5.115, 5.288, 6.51, 5.6, 4.28, 3.46, 2.38, 1.58, 1.98, 1.91, 1.9, 2.13, 2.41, 2.49, 2.66, 2.9, 2.41, 1.5, 1.51, 1.21, 1.31, 0.99, 0.82, 0, 1.13, 1.05, 1.02, 0.82, 1.11, 1.24, 1.07, 1.28, 1.58, 2.36, 3.14, 4.8, 5.85, 4.93, 3.65, 2.32, 0.84, 2.54, 5.254, 5.38, 3.36, 3.12, 3.26, 2.6, 2.29, 3.03, 3.48, 3.68, 4.02, 3.82, 3.35, 3.16, 3.62, 4.1, 4.48, 4.55, 4.51, 4.57, 4.76, 4.76, 5.09, 5.17, 5.11], [8.8, 9.18, 9.38, 10.53, 11.8, 10.75, 9.92, 8.88, 7.22, 6.59, 6.89, 6.68, 5.65, 4.27, 5.02, 5.99, 5.91, 5.35, 4.4, 4.16, 4.33, 5.54, 4.65, 3.49, 2.79, 1.87, 1.49, 2.25, 2.22, 1.97, 1.82, 2.1, 2.14, 2.07, 2.11, 1.66, 1.31, 1.56, 1.58, 2.06, 1.7, 1.87, 1.13, 0, 0.4, 0.57, 0.97, 1.44, 1.41, 1.24, 1.67, 2.27, 3.17, 4.15, 5.83, 6.9, 5.96, 4.6, 3.07, 1.25, 1.57, 4.25, 4.37, 2.89, 2.75, 2.89, 2.19, 1.96, 2.76, 3.25, 3.47, 3.87, 3.71, 3.22, 3.11, 3.63, 3.89, 4.35, 4.84, 5.0, 4.92, 5.03, 4.59, 4.88, 5.0, 4.82], [8.92, 9.32, 9.5, 10.65, 11.92, 10.85, 10.08, 9.0, 7.34, 6.71, 7.01, 6.8, 5.75, 4.37, 5.12, 6.11, 6.03, 5.45, 4.52, 4.26, 4.43, 5.64, 4.75, 3.59, 2.87, 1.93, 1.47, 2.15, 2.08, 1.87, 1.7, 2.1, 2.14, 2.13, 2.19, 1.72, 1.33, 1.62, 1.62, 1.96, 1.7, 1.79, 1.05, 0.4, 0, 0.57, 1.01, 1.36, 1.31, 1.28, 1.63, 2.19, 3.05, 4.03, 5.71, 6.78, 5.84, 4.46, 2.93, 1.13, 1.73, 4.39, 4.47, 2.89, 2.65, 2.79, 2.19, 1.92, 2.66, 3.17, 3.41, 3.81, 3.57, 3.12, 2.97, 3.49, 3.79, 4.31, 4.78, 4.92, 4.84, 4.97, 4.51, 4.78, 4.9, 4.78], [9.01, 9.41, 9.61, 10.82, 12.05, 11.06, 10.23, 9.13, 7.43, 6.8, 7.12, 6.91, 5.88, 4.48, 5.27, 6.24, 6.16, 5.62, 4.71, 4.41, 4.6, 5.83, 4.96, 3.74, 2.94, 1.9, 1.52, 2.08, 1.99, 1.94, 1.85, 2.09, 2.15, 2.14, 2.28, 1.77, 1.26, 1.39, 1.39, 1.85, 1.51, 1.64, 1.02, 0.57, 0.57, 0, 0.68, 1.31, 1.26, 1.17, 1.58, 2.04, 2.88, 3.8, 5.48, 6.55, 5.63, 4.25, 2.74, 1.06, 1.8, 4.52, 4.68, 3.0, 2.74, 2.92, 2.36, 2.07, 2.85, 3.34, 3.6, 3.88, 3.7, 3.21, 3.08, 3.64, 3.9, 4.44, 4.73, 4.93, 4.85, 5.0, 4.58, 4.93, 5.01, 4.87], [9.57, 9.91, 10.17, 11.36, 12.59, 11.58, 10.73, 9.67, 7.99, 7.36, 7.68, 7.47, 6.44, 5.04, 5.81, 6.78, 6.7, 6.14, 5.23, 4.95, 5.12, 6.35, 5.46, 4.16, 3.36, 2.3, 1.54, 2.02, 1.95, 2.02, 2.15, 2.41, 2.47, 2.56, 2.76, 2.29, 1.52, 1.41, 1.13, 1.43, 1.29, 1.28, 0.82, 0.97, 1.01, 0.68, 0, 0.85, 1.06, 0.95, 1.16, 1.5, 2.38, 3.32, 5.0, 6.07, 5.15, 3.77, 2.32, 0.96, 2.32, 5.04, 5.2, 3.34, 3.1, 3.26, 2.68, 2.39, 3.15, 3.6, 3.8, 4.12, 3.86, 3.37, 3.3, 3.82, 4.2, 4.58, 4.63, 4.83, 4.87, 4.98, 4.84, 5.19, 5.29, 5.15], [10.08, 10.44, 10.68, 11.83, 13.1, 12.01, 11.2, 10.18, 8.5, 7.87, 8.19, 7.96, 6.89, 5.49, 6.24, 7.25, 7.17, 6.59, 5.66, 5.4, 5.57, 6.78, 5.81, 4.61, 3.81, 2.73, 1.85, 1.81, 1.84, 2.05, 2.3, 2.74, 2.8, 2.91, 3.21, 2.74, 1.99, 1.84, 1.38, 1.46, 1.56, 1.21, 1.11, 1.44, 1.36, 1.31, 0.85, 0, 0.67, 0.78, 0.89, 1.43, 2.01, 2.95, 4.63, 5.68, 4.74, 3.3, 1.81, 1.15, 2.79, 5.51, 5.63, 3.59, 3.31, 3.51, 2.81, 2.48, 3.3, 3.63, 3.81, 4.13, 3.99, 3.44, 3.47, 3.91, 4.29, 4.67, 4.64, 4.84, 4.94, 5.05, 4.93, 5.26, 5.36, 5.26], [9.69, 10.09, 10.29, 11.46, 12.75, 11.64, 10.79, 9.79, 8.11, 7.48, 7.8, 7.57, 6.5, 5.08, 5.83, 6.86, 6.78, 6.18, 5.25, 4.99, 5.16, 6.37, 5.32, 4.28, 3.54, 2.48, 1.78, 2.02, 2.01, 2.1, 2.25, 2.51, 2.51, 2.64, 2.8, 2.43, 1.84, 1.91, 1.67, 1.81, 1.81, 1.5, 1.24, 1.41, 1.31, 1.26, 1.06, 0.67, 0, 0.73, 1.26, 1.76, 2.52, 3.44, 5.12, 6.163, 5.203, 3.77, 2.22, 1.14, 2.38, 5.1, 5.24, 3.36, 3.08, 3.26, 2.64, 2.35, 3.21, 3.62, 3.84, 4.24, 4.1, 3.57, 3.54, 3.94, 4.24, 4.64, 4.73, 4.99, 5.09, 5.16, 5.0, 5.31, 5.41, 5.15], [9.7, 10.04, 10.32, 11.51, 12.78, 11.67, 10.82, 9.84, 8.14, 7.49, 7.81, 7.58, 6.51, 5.09, 5.84, 6.91, 6.83, 6.23, 5.3, 5.04, 5.21, 6.42, 5.39, 4.21, 3.49, 2.43, 1.67, 1.87, 1.96, 2.13, 2.36, 2.48, 2.58, 2.63, 2.85, 2.32, 1.67, 1.72, 1.38, 1.6, 1.6, 1.29, 1.07, 1.24, 1.28, 1.17, 0.95, 0.78, 0.73, 0, 0.97, 1.59, 2.43, 3.37, 5.05, 6.1, 5.16, 3.7, 2.21, 0.97, 2.43, 5.15, 5.29, 3.39, 3.25, 3.41, 2.71, 2.56, 3.26, 3.77, 3.99, 4.45, 4.17, 3.66, 3.67, 4.15, 4.45, 4.81, 4.8, 5.06, 5.14, 5.27, 5.13, 5.42, 5.54, 5.38], [10.19, 10.43, 10.81, 12.02, 13.29, 12.2, 11.29, 10.35, 8.59, 7.92, 8.3, 8.03, 6.96, 5.58, 6.45, 7.52, 7.44, 6.86, 5.93, 5.67, 5.84, 7.05, 5.96, 4.46, 3.74, 2.72, 1.7, 1.8, 1.77, 2.02, 2.31, 2.69, 2.87, 3.02, 3.38, 2.89, 2.16, 1.93, 1.11, 1.21, 1.33, 0.98, 1.28, 1.67, 1.63, 1.58, 1.16, 0.89, 1.26, 0.97, 0, 0.92, 1.74, 2.76, 4.4, 5.45, 4.53, 3.11, 1.94, 1.28, 3.08, 5.78, 5.9, 3.76, 3.3, 3.48, 2.74, 2.51, 3.25, 3.64, 3.8, 4.22, 3.94, 3.39, 3.46, 3.92, 4.28, 4.66, 4.67, 4.79, 4.91, 5.04, 4.92, 5.29, 5.39, 5.29], [10.69, 10.93, 11.35, 12.56, 13.83, 12.76, 11.75, 10.85, 9.03, 8.36, 8.84, 8.53, 7.42, 6.12, 7.07, 8.14, 8.06, 7.48, 6.57, 6.29, 6.46, 7.67, 6.539, 4.9, 4.16, 3.1, 1.92, 1.74, 1.65, 1.82, 2.29, 2.89, 3.19, 3.46, 3.98, 3.49, 2.56, 2.29, 1.33, 1.05, 1.33, 1.18, 1.58, 2.27, 2.19, 2.04, 1.5, 1.43, 1.76, 1.59, 0.92, 0, 1.3, 2.24, 3.76, 4.81, 3.97, 2.71, 2.02, 1.76, 3.68, 6.4, 6.54, 4.12, 3.2, 3.48, 2.7, 2.37, 2.99, 3.4, 3.52, 3.94, 3.68, 3.13, 3.18, 3.62, 4.0, 4.38, 4.31, 4.43, 4.51, 4.64, 4.64, 5.01, 5.11, 4.99], [11.53, 11.77, 12.19, 13.48, 14.71, 13.68, 12.75, 11.75, 9.91, 9.22, 9.7, 9.39, 8.3, 7.0, 7.95, 9.02, 8.96, 8.419, 7.523, 7.21, 7.399, 8.626, 7.567, 5.92, 4.98, 3.92, 2.72, 1.96, 1.73, 2.2, 2.83, 3.77, 4.07, 4.34, 4.86, 4.37, 3.48, 3.11, 2.13, 1.75, 2.13, 1.84, 2.36, 3.17, 3.05, 2.88, 2.38, 2.01, 2.52, 2.43, 1.74, 1.3, 0, 1.22, 2.78, 3.79, 3.01, 2.05, 1.9, 2.5, 4.56, 7.28, 7.491, 5.056, 3.78, 4.12, 3.34, 2.69, 3.15, 3.18, 3.36, 3.56, 3.28, 2.85, 2.76, 3.14, 3.6, 3.9, 3.73, 3.71, 3.89, 4.16, 4.18, 4.63, 4.73, 4.83], [12.41, 12.73, 13.13, 14.4, 15.57, 14.66, 13.77, 12.71, 10.83, 10.08, 10.54, 10.23, 9.16, 7.84, 8.83, 9.96, 9.859, 9.336, 8.474, 8.126, 8.333, 9.577, 8.587, 6.907, 6.0, 4.8, 3.58, 2.82, 2.61, 3.04, 3.67, 4.61, 4.91, 5.18, 5.7, 5.23, 4.18, 3.77, 2.91, 2.49, 2.81, 2.54, 3.14, 4.15, 4.03, 3.8, 3.32, 2.95, 3.44, 3.37, 2.76, 2.24, 1.22, 0, 1.78, 2.87, 2.11, 1.53, 2.1, 3.28, 5.54, 8.26, 8.451, 5.976, 4.64, 4.96, 4.3, 3.65, 3.87, 3.8, 3.9, 4.08, 3.82, 3.59, 3.26, 3.56, 4.0, 4.02, 3.77, 3.63, 3.95, 4.22, 4.32, 4.83, 5.01, 5.41], [14.11, 14.39, 14.79, 16.1, 17.29, 16.36, 15.45, 14.41, 12.53, 11.8, 12.28, 11.93, 10.88, 9.52, 10.51, 11.64, 11.54, 11.016, 10.161, 9.81, 10.013, 11.261, 10.267, 8.62, 7.68, 6.44, 5.24, 4.44, 4.25, 4.7, 5.33, 6.29, 6.59, 6.86, 7.42, 6.93, 5.9, 5.49, 4.61, 3.97, 4.43, 4.1, 4.8, 5.83, 5.71, 5.48, 5.0, 4.63, 5.12, 5.05, 4.4, 3.76, 2.78, 1.78, 0, 1.15, 0.75, 1.57, 3.0, 4.96, 7.22, 9.94, 10.131, 7.656, 6.32, 6.619, 5.92, 5.27, 5.51, 5.24, 4.94, 5.1, 4.96, 4.87, 4.56, 4.62, 4.98, 4.76, 4.47, 4.27, 4.69, 4.86, 4.98, 5.57, 5.71, 6.27], [15.22, 15.44, 15.84, 17.17, 18.4, 17.43, 16.52, 15.48, 13.6, 12.91, 13.39, 13.02, 11.97, 10.61, 11.6, 12.69, 12.63, 12.089, 11.211, 10.88, 11.069, 12.316, 11.317, 9.69, 8.75, 7.53, 6.31, 5.51, 5.3, 5.79, 6.42, 7.36, 7.66, 7.93, 8.51, 8.02, 6.99, 6.58, 5.7, 5.04, 5.48, 5.15, 5.85, 6.9, 6.78, 6.55, 6.07, 5.68, 6.163, 6.1, 5.45, 4.81, 3.79, 2.87, 1.15, 0, 0.96, 2.42, 4.03, 6.01, 8.27, 10.99, 11.181, 8.73, 7.37, 7.709, 6.97, 6.32, 6.52, 6.15, 5.71, 5.75, 5.63, 5.6, 5.29, 5.35, 5.59, 5.33, 5.06, 4.74, 5.18, 5.29, 5.51, 6.12, 6.3, 6.9], [14.32, 14.52, 14.92, 16.27, 17.5, 16.51, 15.64, 14.58, 12.72, 12.01, 12.49, 12.12, 11.07, 9.71, 10.68, 11.77, 11.71, 11.169, 10.273, 9.96, 10.149, 11.376, 10.41, 8.77, 7.85, 6.59, 5.41, 4.69, 4.42, 4.91, 5.52, 6.46, 6.74, 7.01, 7.59, 7.1, 6.07, 5.66, 4.78, 4.12, 4.58, 4.27, 4.93, 5.96, 5.84, 5.63, 5.15, 4.74, 5.203, 5.16, 4.53, 3.97, 3.01, 2.11, 0.75, 0.96, 0, 1.48, 3.11, 5.09, 7.33, 10.05, 10.25, 7.81, 6.43, 6.79, 6.05, 5.38, 5.6, 5.37, 5.19, 5.39, 5.19, 5.1, 4.79, 4.97, 5.31, 5.09, 4.86, 4.54, 5.02, 5.15, 5.31, 5.92, 6.1, 6.58], [12.98, 13.2, 13.58, 14.95, 16.18, 15.17, 14.32, 13.24, 11.42, 10.71, 11.15, 10.82, 9.75, 8.31, 9.22, 10.31, 10.25, 9.71, 8.82, 8.5, 8.69, 9.92, 8.99, 7.45, 6.51, 5.35, 4.21, 3.59, 3.38, 3.77, 4.28, 5.08, 5.38, 5.59, 6.15, 5.66, 4.63, 4.24, 3.36, 2.92, 3.5, 3.13, 3.65, 4.6, 4.46, 4.25, 3.77, 3.3, 3.77, 3.7, 3.11, 2.71, 2.05, 1.53, 1.57, 2.42, 1.48, 0, 1.67, 3.63, 5.85, 8.57, 8.81, 6.39, 5.13, 5.53, 4.85, 4.26, 4.72, 4.79, 4.85, 5.11, 4.85, 4.62, 4.33, 4.69, 5.09, 5.13, 4.9, 4.82, 5.2, 5.31, 5.41, 6.0, 6.14, 6.46], [11.43, 11.79, 12.11, 13.4, 14.57, 13.66, 12.83, 11.73, 9.93, 9.22, 9.56, 9.25, 8.22, 6.8, 7.57, 8.72, 8.62, 8.08, 7.23, 6.87, 7.08, 8.33, 7.48, 6.04, 5.12, 3.94, 2.96, 2.5, 2.41, 2.84, 3.15, 3.79, 3.97, 4.12, 4.52, 4.03, 3.02, 2.77, 2.13, 1.85, 2.49, 2.12, 2.32, 3.07, 2.93, 2.74, 2.32, 1.81, 2.22, 2.21, 1.94, 2.02, 1.9, 2.1, 3.0, 4.03, 3.11, 1.67, 0, 2.04, 4.28, 7.0, 7.24, 4.86, 4.34, 4.5, 3.94, 3.51, 4.19, 4.38, 4.58, 4.86, 4.66, 4.25, 4.02, 4.36, 4.8, 4.94, 4.79, 4.95, 5.13, 5.34, 5.26, 5.73, 5.87, 6.17], [9.53, 9.89, 10.17, 11.42, 12.65, 11.7, 10.87, 9.75, 8.01, 7.36, 7.66, 7.37, 6.34, 4.88, 5.63, 6.7, 6.64, 6.08, 5.21, 4.87, 5.06, 6.31, 5.5, 4.2, 3.3, 2.16, 1.5, 1.86, 1.85, 1.86, 1.93, 2.15, 2.27, 2.32, 2.6, 2.21, 1.28, 1.35, 1.11, 1.45, 1.49, 1.26, 0.84, 1.25, 1.13, 1.06, 0.96, 1.15, 1.14, 0.97, 1.28, 1.76, 2.5, 3.28, 4.96, 6.01, 5.09, 3.63, 2.04, 0, 2.26, 4.98, 5.24, 3.16, 2.92, 3.1, 2.5, 2.21, 3.01, 3.48, 3.76, 4.08, 3.92, 3.47, 3.26, 3.64, 4.0, 4.26, 4.55, 4.67, 4.77, 4.9, 4.76, 5.05, 5.15, 5.17], [7.69, 8.21, 8.23, 9.36, 10.57, 9.58, 8.75, 7.73, 6.09, 5.6, 5.9, 5.55, 4.42, 3.2, 3.71, 4.6, 4.5, 3.92, 2.99, 2.73, 2.88, 4.11, 3.46, 2.5, 1.8, 1.5, 2.3, 3.22, 3.31, 2.66, 2.11, 1.63, 1.55, 1.5, 1.24, 1.41, 1.76, 2.17, 2.67, 3.31, 2.99, 3.3, 2.54, 1.57, 1.73, 1.8, 2.32, 2.79, 2.38, 2.43, 3.08, 3.68, 4.56, 5.54, 7.22, 8.27, 7.33, 5.85, 4.28, 2.26, 0, 2.74, 3.04, 1.9, 1.98, 2.12, 2.0, 2.31, 2.73, 3.04, 3.48, 3.88, 4.04, 3.53, 3.64, 3.78, 3.86, 4.42, 5.59, 6.083, 5.75, 5.66, 5.04, 4.73, 4.67, 4.39], [5.55, 6.01, 5.97, 6.94, 8.09, 7.2, 6.39, 5.43, 4.01, 3.72, 3.68, 3.39, 2.44, 1.94, 2.03, 2.04, 2.06, 1.98, 2.09, 1.93, 1.78, 1.87, 1.98, 2.22, 2.38, 3.557, 4.891, 5.831, 5.981, 5.325, 4.69, 3.83, 3.59, 3.42, 2.62, 3.03, 4.1, 4.515, 5.367, 6.027, 5.647, 6.017, 5.254, 4.25, 4.39, 4.52, 5.04, 5.51, 5.1, 5.15, 5.78, 6.4, 7.28, 8.26, 9.94, 10.99, 10.05, 8.57, 7.0, 4.98, 2.74, 0, 1.28, 2.44, 3.82, 3.7, 4.26, 4.95, 4.799, 5.02, 5.46, 5.66, 5.794, 5.67, 5.98, 6.197, 6.36, 7.011, 8.24, 8.774, 8.34, 8.174, 7.648, 6.83, 6.367, 5.23], [5.07, 5.71, 5.67, 6.54, 7.67, 6.72, 5.93, 4.91, 3.43, 3.1, 3.24, 2.93, 1.96, 1.78, 1.57, 2.04, 1.98, 1.8, 1.99, 1.99, 1.86, 1.65, 1.46, 2.24, 2.64, 3.796, 5.136, 6.056, 6.206, 5.54, 4.89, 4.11, 3.89, 3.72, 2.88, 3.25, 4.32, 4.73, 5.59, 6.21, 5.724, 6.134, 5.38, 4.37, 4.47, 4.68, 5.2, 5.63, 5.24, 5.29, 5.9, 6.54, 7.491, 8.451, 10.131, 11.181, 10.25, 8.81, 7.24, 5.24, 3.04, 1.28, 0, 2.6, 3.94, 3.76, 4.32, 5.03, 4.85, 5.14, 5.64, 5.871, 6.013, 5.901, 6.191, 6.36, 6.48, 7.276, 8.446, 8.943, 8.523, 8.353, 7.836, 7.029, 6.549, 5.35], [6.91, 7.47, 7.63, 8.7, 9.85, 8.88, 8.03, 7.07, 5.23, 4.76, 5.14, 4.83, 3.64, 2.52, 3.23, 4.14, 4.08, 3.4, 2.79, 2.57, 2.66, 3.61, 2.72, 1.48, 1.06, 1.64, 2.9, 3.7, 3.81, 3.1, 2.51, 1.95, 1.75, 1.9, 1.7, 1.95, 2.48, 2.67, 3.25, 3.75, 3.39, 3.86, 3.36, 2.89, 2.89, 3.0, 3.34, 3.59, 3.36, 3.39, 3.76, 4.12, 5.056, 5.976, 7.656, 8.73, 7.81, 6.39, 4.86, 3.16, 1.9, 2.44, 2.6, 0, 1.94, 1.86, 2.08, 2.63, 2.47, 2.76, 3.26, 3.72, 3.76, 3.59, 3.82, 3.88, 4.02, 4.8, 5.995, 6.475, 6.075, 5.925, 5.425, 4.599, 4.23, 3.27], [8.19, 8.67, 8.91, 10.08, 11.19, 10.2, 9.35, 8.29, 6.51, 5.96, 6.42, 6.07, 4.98, 3.74, 4.55, 5.52, 5.42, 4.76, 3.85, 3.53, 3.74, 4.95, 4.06, 2.66, 1.88, 1.8, 2.34, 2.9, 2.89, 2.08, 1.63, 1.47, 1.59, 1.52, 1.86, 2.39, 2.5, 2.79, 2.75, 3.07, 2.75, 3.28, 3.12, 2.75, 2.65, 2.74, 3.1, 3.31, 3.08, 3.25, 3.3, 3.2, 3.78, 4.64, 6.32, 7.37, 6.43, 5.13, 4.34, 2.92, 1.98, 3.82, 3.94, 1.94, 0, 0.8, 0.98, 1.37, 1.61, 1.88, 2.36, 2.94, 3.14, 2.65, 2.74, 2.76, 2.82, 3.58, 4.649, 5.135, 4.769, 4.679, 4.16, 3.61, 3.55, 3.11], [8.03, 8.53, 8.75, 9.8, 10.85, 9.92, 9.07, 8.07, 6.33, 5.82, 6.28, 5.93, 4.7, 3.56, 4.33, 5.28, 5.16, 4.44, 3.57, 3.23, 3.44, 4.65, 3.8, 2.56, 1.92, 2.06, 2.46, 3.1, 3.13, 2.3, 1.85, 1.77, 1.89, 1.82, 2.08, 2.69, 2.76, 3.07, 2.89, 3.23, 2.99, 3.48, 3.26, 2.89, 2.79, 2.92, 3.26, 3.51, 3.26, 3.41, 3.48, 3.48, 4.12, 4.96, 6.619, 7.709, 6.79, 5.53, 4.5, 3.1, 2.12, 3.7, 3.76, 1.86, 0.8, 0, 1.1, 1.65, 1.85, 2.12, 2.66, 3.16, 3.36, 2.79, 2.94, 3.06, 3.24, 3.74, 4.903, 5.44, 5.078, 4.888, 4.468, 3.83, 3.73, 3.27], [8.67, 9.15, 9.39, 10.46, 11.59, 10.54, 9.71, 8.71, 6.95, 6.44, 6.92, 6.55, 5.42, 4.26, 5.07, 6.0, 5.92, 5.22, 4.27, 3.99, 4.2, 5.39, 4.4, 2.94, 2.24, 1.86, 1.82, 2.32, 2.27, 1.54, 1.25, 1.51, 1.71, 1.66, 2.08, 2.41, 2.38, 2.63, 2.29, 2.57, 2.31, 2.76, 2.6, 2.19, 2.19, 2.36, 2.68, 2.81, 2.64, 2.71, 2.74, 2.7, 3.34, 4.3, 5.92, 6.97, 6.05, 4.85, 3.94, 2.5, 2.0, 4.26, 4.32, 2.08, 0.98, 1.1, 0, 1.01, 1.71, 2.08, 2.5, 3.06, 3.22, 2.65, 2.72, 2.72, 2.74, 3.28, 4.272, 4.772, 4.43, 4.26, 3.9, 3.77, 3.75, 3.37], [9.3, 9.76, 10.02, 11.11, 12.28, 11.19, 10.38, 9.36, 7.6, 7.05, 7.51, 7.22, 6.13, 4.91, 5.76, 6.71, 6.61, 5.93, 4.951, 4.708, 4.907, 6.088, 5.07, 3.51, 2.77, 2.03, 1.83, 2.09, 1.9, 1.37, 1.12, 1.94, 2.08, 2.35, 2.69, 2.58, 2.27, 2.48, 2.08, 2.32, 2.1, 2.41, 2.29, 1.96, 1.92, 2.07, 2.39, 2.48, 2.35, 2.56, 2.51, 2.37, 2.69, 3.65, 5.27, 6.32, 5.38, 4.26, 3.51, 2.21, 2.31, 4.95, 5.03, 2.63, 1.37, 1.65, 1.01, 0, 1.12, 1.65, 2.25, 2.71, 2.71, 2.2, 2.13, 2.19, 2.35, 2.95, 3.9, 4.24, 4.04, 4.07, 3.51, 3.54, 3.58, 3.26], [9.1, 9.62, 9.88, 10.93, 12.04, 10.95, 10.14, 9.18, 7.4, 6.83, 7.39, 7.02, 5.91, 4.77, 5.634, 6.57, 6.47, 5.753, 4.797, 4.52, 4.77, 5.894, 4.89, 3.27, 2.63, 2.45, 2.61, 2.85, 2.56, 2.09, 1.9, 2.52, 2.58, 2.93, 3.27, 3.12, 2.79, 3.06, 2.76, 2.96, 2.78, 3.11, 3.03, 2.76, 2.66, 2.85, 3.15, 3.3, 3.21, 3.26, 3.25, 2.99, 3.15, 3.87, 5.51, 6.52, 5.6, 4.72, 4.19, 3.01, 2.73, 4.799, 4.85, 2.47, 1.61, 1.85, 1.71, 1.12, 0, 1.01, 1.67, 2.15, 2.03, 1.88, 1.79, 1.93, 2.29, 3.15, 4.08, 4.46, 4.24, 4.23, 3.59, 3.0, 2.8, 2.58], [9.39, 9.81, 10.11, 11.24, 12.37, 11.32, 10.43, 9.41, 7.67, 7.08, 7.64, 7.27, 6.16, 4.98, 5.89, 6.84, 6.72, 6.04, 5.121, 4.83, 5.04, 6.218, 5.21, 3.56, 2.84, 2.62, 3.02, 3.06, 2.73, 2.18, 2.17, 2.79, 2.83, 3.2, 3.48, 3.45, 3.26, 3.51, 3.29, 3.49, 3.33, 3.52, 3.48, 3.25, 3.17, 3.34, 3.6, 3.63, 3.62, 3.77, 3.64, 3.4, 3.18, 3.8, 5.24, 6.15, 5.37, 4.79, 4.38, 3.48, 3.04, 5.02, 5.14, 2.76, 1.88, 2.12, 2.08, 1.65, 1.01, 0, 1.12, 1.48, 1.48, 1.31, 1.46, 1.4, 1.68, 2.54, 3.53, 3.923, 3.57, 3.52, 2.94, 2.39, 2.15, 2.01], [9.75, 10.05, 10.43, 11.66, 12.89, 11.86, 10.89, 9.93, 8.09, 7.42, 7.9, 7.59, 6.5, 5.24, 6.17, 7.2, 7.12, 6.56, 5.663, 5.35, 5.54, 6.766, 5.7, 4.04, 3.24, 3.02, 3.18, 3.32, 3.01, 2.4, 2.33, 3.11, 3.17, 3.44, 3.92, 3.91, 3.66, 3.87, 3.53, 3.69, 3.55, 3.7, 3.68, 3.47, 3.41, 3.6, 3.8, 3.81, 3.84, 3.99, 3.8, 3.52, 3.36, 3.9, 4.94, 5.71, 5.19, 4.85, 4.58, 3.76, 3.48, 5.46, 5.64, 3.26, 2.36, 2.66, 2.5, 2.25, 1.67, 1.12, 0, 0.8, 1.04, 1.13, 1.16, 1.12, 1.46, 2.16, 3.03, 3.475, 3.09, 2.98, 2.54, 1.93, 1.73, 1.69], [9.89, 10.15, 10.53, 11.84, 13.07, 12.04, 11.11, 10.11, 8.27, 7.58, 8.06, 7.75, 6.68, 5.4, 6.33, 7.4, 7.34, 6.799, 5.903, 5.59, 5.78, 7.006, 5.942, 4.28, 3.48, 3.42, 3.64, 3.7, 3.37, 2.78, 2.83, 3.59, 3.63, 3.94, 4.44, 4.31, 3.98, 4.09, 3.79, 4.01, 3.81, 4.02, 4.02, 3.87, 3.81, 3.88, 4.12, 4.13, 4.24, 4.45, 4.22, 3.94, 3.56, 4.08, 5.1, 5.75, 5.39, 5.11, 4.86, 4.08, 3.88, 5.66, 5.871, 3.72, 2.94, 3.16, 3.06, 2.71, 2.15, 1.48, 0.8, 0, 0.68, 0.99, 1.02, 1.08, 1.44, 2.08, 2.93, 3.27, 2.89, 2.86, 2.38, 1.85, 1.55, 1.47], [10.03, 10.19, 10.61, 11.98, 13.21, 12.18, 11.23, 10.25, 8.41, 7.72, 8.2, 7.89, 6.831, 5.48, 6.464, 7.551, 7.488, 6.942, 6.046, 5.79, 5.98, 7.149, 6.065, 4.396, 3.6, 3.44, 3.48, 3.46, 3.09, 2.74, 2.85, 3.69, 3.69, 4.02, 4.62, 4.39, 4.0, 4.07, 3.69, 3.85, 3.65, 3.8, 3.82, 3.71, 3.57, 3.7, 3.86, 3.99, 4.1, 4.17, 3.94, 3.68, 3.28, 3.82, 4.96, 5.63, 5.19, 4.85, 4.66, 3.92, 4.04, 5.794, 6.013, 3.76, 3.14, 3.36, 3.22, 2.71, 2.03, 1.48, 1.04, 0.68, 0, 0.73, 0.84, 1.08, 1.6, 2.2, 3.01, 3.21, 2.97, 2.96, 2.42, 2.15, 1.87, 1.71], [9.92, 10.1, 10.5, 11.87, 13.1, 12.07, 11.08, 10.14, 8.3, 7.61, 8.11, 7.76, 6.71, 5.37, 6.34, 7.43, 7.37, 6.829, 5.933, 5.62, 5.809, 7.036, 5.932, 4.27, 3.45, 2.99, 2.97, 2.99, 2.64, 2.19, 2.32, 3.2, 3.26, 3.55, 4.15, 3.92, 3.53, 3.54, 3.1, 3.34, 3.12, 3.33, 3.35, 3.22, 3.12, 3.21, 3.37, 3.44, 3.57, 3.66, 3.39, 3.13, 2.85, 3.59, 4.87, 5.6, 5.1, 4.62, 4.25, 3.47, 3.53, 5.67, 5.901, 3.59, 2.65, 2.79, 2.65, 2.2, 1.88, 1.31, 1.13, 0.99, 0.73, 0, 0.77, 1.29, 1.87, 2.35, 3.14, 3.34, 3.1, 3.05, 2.55, 2.32, 2.22, 2.2], [10.23, 10.47, 10.83, 12.18, 13.41, 12.4, 11.49, 10.45, 8.61, 7.92, 8.4, 8.05, 7.0, 5.68, 6.65, 7.72, 7.66, 7.119, 6.223, 5.91, 6.099, 7.326, 6.307, 4.66, 3.72, 3.14, 2.98, 2.96, 2.63, 2.2, 2.33, 3.29, 3.39, 3.7, 4.26, 3.97, 3.44, 3.47, 3.03, 3.19, 2.99, 3.22, 3.16, 3.11, 2.97, 3.08, 3.3, 3.47, 3.54, 3.67, 3.46, 3.18, 2.76, 3.26, 4.56, 5.29, 4.79, 4.33, 4.02, 3.26, 3.64, 5.98, 6.191, 3.82, 2.74, 2.94, 2.72, 2.13, 1.79, 1.46, 1.16, 1.02, 0.84, 0.77, 0, 0.92, 1.7, 2.12, 2.81, 2.99, 2.83, 2.84, 2.38, 2.17, 2.17, 2.23], [10.33, 10.85, 11.13, 12.32, 13.47, 12.54, 11.65, 10.59, 8.71, 8.04, 8.6, 8.27, 7.18, 6.0, 6.91, 7.9, 7.78, 7.234, 6.363, 6.03, 6.234, 7.463, 6.47, 4.807, 3.9, 3.4, 3.38, 3.28, 2.95, 2.52, 2.55, 3.45, 3.55, 3.88, 4.24, 4.15, 3.72, 3.91, 3.47, 3.59, 3.51, 3.68, 3.62, 3.63, 3.49, 3.64, 3.82, 3.91, 3.94, 4.15, 3.92, 3.62, 3.14, 3.56, 4.62, 5.35, 4.97, 4.69, 4.36, 3.64, 3.78, 6.197, 6.36, 3.88, 2.76, 3.06, 2.72, 2.19, 1.93, 1.4, 1.12, 1.08, 1.08, 1.29, 0.92, 0, 0.96, 1.62, 2.45, 2.73, 2.45, 2.46, 1.98, 1.77, 1.79, 1.95], [10.51, 10.95, 11.25, 12.4, 13.59, 12.608, 11.703, 10.67, 8.81, 8.2, 8.76, 8.45, 7.4, 6.18, 7.11, 8.08, 7.98, 7.354, 6