[[0, 0.85, 1.25, 1.45, 1.9, 1.96, 1.38, 1.13, 1.4, 1.5, 1.45, 1.67, 2.72, 3.39, 3.26, 3.55, 3.2, 2.64, 2.6, 2.18, 1.29, 1.06, 1.17, 1.42, 1.57, 1.72, 2.36, 2.83, 3.62, 4.61, 4.96, 4.17, 4.1, 4.19, 4.14, 3.89, 3.29, 2.97, 2.96, 3.01, 3.26, 3.45, 3.69, 3.81, 4.17, 4.18, 3.9, 3.58, 3.82, 4.04, 4.59, 5.26, 6.03, 5.51, 4.68, 4.2, 4.05, 3.85, 3.84, 4.19, 4.44, 4.63, 4.42, 3.32, 2.82, 2.18, 2.39, 2.84, 3.55, 5.13, 5.86, 5.91, 5.26, 4.66, 5.68, 6.76, 6.91, 6.71, 6.34, 7.0, 8.14, 9.03, 9.14, 8.77, 7.57, 7.29], [0.85, 0, 0.64, 0.78, 1.39, 1.47, 0.93, 1.1, 1.27, 1.59, 1.66, 2.18, 3.31, 3.96, 3.87, 4.18, 3.85, 3.29, 3.27, 2.83, 1.94, 1.33, 1.22, 1.23, 1.44, 1.45, 1.77, 2.28, 3.13, 4.1, 4.47, 3.7, 3.57, 3.6, 3.53, 3.32, 2.68, 2.32, 2.47, 2.48, 2.65, 2.84, 3.08, 3.2, 3.52, 3.53, 3.33, 3.11, 3.25, 3.41, 3.94, 4.63, 5.4, 4.86, 4.05, 3.63, 3.52, 3.3, 3.23, 3.52, 3.79, 4.0, 3.79, 2.73, 2.25, 1.93, 2.2, 3.03, 3.0, 4.48, 5.21, 5.26, 4.63, 4.03, 5.03, 6.11, 6.22, 6.06, 5.69, 6.41, 7.47, 8.34, 8.51, 8.14, 6.92, 6.7], [1.25, 0.64, 0, 0.6, 1.17, 1.21, 0.89, 1.3, 1.33, 1.59, 1.6, 2.26, 3.45, 4.08, 4.03, 4.34, 4.01, 3.45, 3.43, 2.99, 2.14, 1.49, 1.44, 1.29, 1.46, 1.43, 1.45, 2.18, 2.97, 3.74, 4.09, 3.34, 3.21, 3.18, 3.11, 2.96, 2.34, 1.94, 2.13, 2.12, 2.19, 2.36, 2.6, 2.76, 3.02, 3.11, 2.95, 2.69, 2.99, 2.99, 3.44, 4.17, 4.92, 4.38, 3.79, 3.31, 3.04, 2.8, 2.77, 3.02, 3.25, 3.46, 3.31, 2.29, 1.91, 1.71, 2.24, 3.07, 2.6, 3.96, 4.67, 4.72, 4.09, 3.49, 4.49, 5.57, 5.72, 5.54, 5.15, 5.83, 6.91, 7.82, 7.97, 7.6, 6.38, 6.14], [1.45, 0.78, 0.6, 0, 0.91, 1.01, 0.91, 1.22, 1.27, 1.61, 1.72, 2.34, 3.65, 4.26, 4.19, 4.5, 4.17, 3.61, 3.59, 3.19, 2.38, 1.67, 1.4, 1.09, 1.3, 1.31, 1.27, 1.88, 2.71, 3.52, 3.87, 3.12, 2.97, 3.02, 2.91, 2.7, 2.04, 1.74, 1.97, 2.0, 2.19, 2.54, 2.72, 2.86, 2.94, 3.13, 2.95, 2.77, 2.95, 2.89, 3.24, 3.95, 4.7, 4.16, 3.55, 3.13, 2.88, 2.66, 2.61, 2.9, 3.17, 3.4, 3.25, 2.39, 2.05, 1.89, 2.4, 3.23, 2.66, 3.9, 4.57, 4.66, 4.15, 3.47, 4.37, 5.45, 5.54, 5.4, 5.03, 5.79, 6.77, 7.66, 7.87, 7.58, 6.46, 6.32], [1.9, 1.39, 1.17, 0.91, 0, 0.62, 1.16, 1.39, 1.78, 2.06, 2.39, 2.99, 4.28, 4.83, 4.74, 5.05, 4.72, 4.16, 4.14, 3.76, 2.93, 2.18, 1.81, 1.0, 1.17, 1.28, 1.2, 1.35, 2.12, 3.01, 3.38, 2.65, 2.58, 2.83, 2.68, 2.25, 1.87, 1.99, 2.06, 1.97, 2.48, 2.97, 3.09, 3.13, 3.01, 3.34, 3.44, 3.2, 3.42, 2.86, 2.89, 3.54, 4.29, 3.81, 3.16, 2.7, 2.71, 2.51, 2.48, 2.75, 3.06, 3.27, 3.28, 2.7, 2.6, 2.56, 3.07, 3.94, 3.07, 3.81, 4.46, 4.55, 4.16, 3.62, 4.26, 5.28, 5.31, 5.11, 4.88, 5.6, 6.42, 7.43, 7.68, 7.45, 6.47, 6.35], [1.96, 1.47, 1.21, 1.01, 0.62, 0, 1.14, 1.53, 1.84, 2.2, 2.35, 3.01, 4.3, 4.83, 4.8, 5.11, 4.82, 4.24, 4.26, 3.88, 3.03, 2.3, 1.85, 1.18, 1.29, 1.46, 1.44, 1.41, 2.2, 2.93, 3.34, 2.57, 2.46, 2.81, 2.7, 2.21, 1.85, 1.95, 1.98, 1.91, 2.54, 2.99, 3.09, 3.21, 2.97, 3.28, 3.32, 3.16, 3.34, 2.94, 2.93, 3.54, 4.27, 3.87, 3.24, 2.68, 2.73, 2.53, 2.54, 2.81, 3.1, 3.29, 3.24, 2.74, 2.62, 2.56, 3.15, 3.94, 3.03, 3.81, 4.52, 4.61, 4.22, 3.54, 4.3, 5.32, 5.27, 5.11, 4.92, 5.6, 6.36, 7.45, 7.72, 7.47, 6.55, 6.41], [1.38, 0.93, 0.89, 0.91, 1.16, 1.14, 0, 0.93, 1.4, 1.52, 1.75, 2.39, 3.68, 4.31, 4.28, 4.59, 4.3, 3.7, 3.72, 3.3, 2.39, 1.82, 1.63, 1.26, 1.45, 1.68, 1.74, 2.09, 2.88, 3.61, 4.0, 3.25, 3.12, 3.41, 3.18, 2.91, 2.39, 2.09, 2.12, 2.23, 2.6, 2.87, 3.11, 3.21, 3.29, 3.54, 3.38, 3.22, 3.34, 3.34, 3.59, 4.2, 4.91, 4.53, 3.96, 3.42, 3.35, 3.15, 3.06, 3.29, 3.56, 3.73, 3.7, 2.78, 2.34, 1.94, 2.45, 3.28, 3.07, 4.21, 4.92, 4.97, 4.46, 3.78, 4.72, 5.76, 5.83, 5.67, 5.36, 6.06, 6.92, 7.97, 8.16, 7.87, 6.81, 6.65], [1.13, 1.1, 1.3, 1.22, 1.39, 1.53, 0.93, 0, 0.95, 1.19, 1.34, 1.94, 3.11, 3.6, 3.57, 3.9, 3.61, 3.01, 3.11, 2.73, 2.02, 1.63, 1.46, 1.27, 1.62, 1.87, 2.09, 2.44, 3.27, 4.16, 4.43, 3.64, 3.49, 3.68, 3.47, 3.12, 2.58, 2.26, 2.29, 2.38, 2.75, 3.1, 3.32, 3.52, 3.72, 3.83, 3.61, 3.25, 3.45, 3.55, 3.86, 4.55, 5.26, 4.82, 4.09, 3.61, 3.6, 3.38, 3.29, 3.6, 3.89, 4.06, 3.91, 2.93, 2.45, 1.89, 2.02, 2.73, 3.18, 4.56, 5.29, 5.36, 4.81, 4.21, 5.13, 6.19, 6.24, 6.02, 5.77, 6.41, 7.31, 8.3, 8.57, 8.24, 7.16, 7.0], [1.4, 1.27, 1.33, 1.27, 1.78, 1.84, 1.4, 0.95, 0, 0.66, 0.91, 1.77, 3.0, 3.39, 3.26, 3.71, 3.58, 2.96, 3.16, 2.82, 2.05, 1.4, 1.29, 1.46, 1.73, 1.66, 2.16, 2.79, 3.66, 4.43, 4.76, 3.85, 3.44, 3.43, 3.34, 3.13, 2.61, 2.05, 2.1, 2.17, 2.22, 2.67, 2.89, 3.09, 3.33, 3.38, 3.12, 2.74, 2.9, 2.96, 3.79, 4.54, 5.33, 4.77, 4.16, 3.56, 3.27, 3.07, 2.9, 3.31, 3.5, 3.65, 3.42, 2.44, 2.02, 1.28, 1.69, 2.4, 2.65, 4.13, 4.84, 4.89, 4.3, 3.74, 4.74, 5.86, 6.01, 5.69, 5.4, 5.82, 7.08, 7.95, 8.2, 7.73, 6.79, 6.57], [1.5, 1.59, 1.59, 1.61, 2.06, 2.2, 1.52, 1.19, 0.66, 0, 0.75, 1.71, 2.92, 3.31, 3.16, 3.61, 3.48, 2.88, 3.08, 2.8, 2.09, 1.74, 1.59, 1.82, 2.09, 2.1, 2.44, 3.03, 3.82, 4.55, 4.8, 3.93, 3.46, 3.53, 3.36, 3.17, 2.67, 2.15, 2.2, 2.23, 2.28, 2.61, 2.85, 3.05, 3.37, 3.42, 3.16, 2.76, 2.9, 3.0, 3.79, 4.6, 5.37, 4.87, 4.34, 3.74, 3.37, 3.13, 3.0, 3.37, 3.54, 3.69, 3.48, 2.46, 1.98, 1.3, 1.79, 2.34, 2.71, 4.21, 4.88, 4.89, 4.28, 3.74, 4.74, 5.88, 6.07, 5.75, 5.46, 5.86, 7.06, 8.03, 8.22, 7.73, 6.77, 6.51], [1.45, 1.66, 1.6, 1.72, 2.39, 2.35, 1.75, 1.34, 0.91, 0.75, 0, 1.42, 2.61, 3.02, 2.89, 3.3, 3.17, 2.51, 2.71, 2.37, 1.9, 1.75, 1.74, 2.03, 2.28, 2.15, 2.51, 3.3, 4.09, 4.76, 5.03, 4.16, 3.79, 3.7, 3.65, 3.56, 3.06, 2.34, 2.55, 2.64, 2.35, 2.66, 2.84, 3.02, 3.38, 3.39, 3.19, 2.75, 2.91, 3.11, 4.06, 4.89, 5.64, 5.04, 4.47, 3.87, 3.52, 3.16, 3.11, 3.46, 3.61, 3.74, 3.57, 2.49, 1.95, 1.31, 1.62, 2.05, 2.68, 4.28, 4.97, 4.88, 4.27, 3.75, 4.77, 5.93, 6.22, 5.88, 5.55, 6.09, 7.37, 8.16, 8.25, 7.74, 6.76, 6.46], [1.67, 2.18, 2.26, 2.34, 2.99, 3.01, 2.39, 1.94, 1.77, 1.71, 1.42, 0, 1.59, 2.1, 2.03, 2.3, 2.05, 1.67, 1.83, 1.89, 1.68, 1.67, 1.8, 2.45, 2.6, 2.55, 3.11, 3.92, 4.71, 5.48, 5.71, 4.82, 4.59, 4.48, 4.45, 4.48, 3.88, 3.18, 3.51, 3.62, 3.23, 3.48, 3.58, 3.54, 3.84, 3.91, 3.49, 3.27, 3.41, 4.07, 4.9, 5.79, 6.64, 6.08, 5.55, 5.01, 4.46, 4.0, 3.99, 4.2, 4.35, 4.48, 4.37, 3.39, 2.77, 1.97, 1.96, 2.07, 3.18, 5.02, 5.85, 5.64, 4.83, 4.29, 5.43, 6.63, 7.178, 6.82, 6.41, 7.17, 8.45, 9.22, 8.85, 8.36, 7.28, 6.94], [2.72, 3.31, 3.45, 3.65, 4.28, 4.3, 3.68, 3.11, 3.0, 2.92, 2.61, 1.59, 0, 0.91, 1.04, 1.39, 1.1, 0.94, 1.18, 1.32, 1.91, 2.4, 2.71, 3.56, 3.77, 3.82, 4.44, 5.23, 6.1, 6.81, 7.08, 6.19, 5.86, 5.51, 5.56, 5.57, 4.93, 4.13, 4.58, 4.75, 4.14, 4.15, 4.21, 4.27, 4.73, 4.74, 4.24, 4.04, 4.3, 4.98, 6.05, 7.06, 7.93, 7.37, 6.82, 6.24, 5.69, 5.09, 4.96, 5.21, 5.3, 5.27, 5.2, 4.18, 3.5, 2.64, 2.37, 2.18, 3.83, 5.85, 6.68, 6.45, 5.68, 5.06, 6.24, 7.48, 8.217, 7.71, 7.28, 8.12, 9.36, 10.188, 9.78, 9.23, 8.07, 7.51], [3.39, 3.96, 4.08, 4.26, 4.83, 4.83, 4.31, 3.6, 3.39, 3.31, 3.02, 2.1, 0.91, 0, 0.71, 1.0, 0.93, 1.05, 1.19, 1.51, 2.44, 3.05, 3.38, 4.11, 4.44, 4.47, 5.13, 5.88, 6.79, 7.48, 7.75, 6.86, 6.47, 6.1, 6.15, 6.1, 5.48, 4.56, 5.09, 5.2, 4.57, 4.5, 4.58, 4.66, 5.16, 5.19, 4.57, 4.27, 4.35, 5.35, 6.52, 7.55, 8.42, 7.86, 7.27, 6.69, 6.14, 5.54, 5.45, 5.74, 5.71, 5.68, 5.55, 4.55, 3.85, 3.09, 2.74, 2.33, 3.98, 6.2, 7.03, 6.78, 5.79, 5.37, 6.55, 7.965, 8.71, 8.14, 7.73, 8.55, 9.73, 10.595, 10.01, 9.46, 8.46, 7.66], [3.26, 3.87, 4.03, 4.19, 4.74, 4.8, 4.28, 3.57, 3.26, 3.16, 2.89, 2.03, 1.04, 0.71, 0, 0.65, 0.76, 1.02, 1.24, 1.38, 2.27, 2.94, 3.27, 4.02, 4.37, 4.42, 5.02, 5.79, 6.68, 7.35, 7.64, 6.73, 6.42, 6.19, 6.16, 6.13, 5.53, 4.73, 5.14, 5.21, 4.62, 4.81, 4.87, 4.99, 5.45, 5.54, 4.92, 4.62, 4.68, 5.5, 6.43, 7.44, 8.25, 7.67, 7.16, 6.62, 6.03, 5.53, 5.58, 5.83, 5.9, 5.95, 5.84, 4.82, 4.12, 3.16, 2.89, 2.58, 4.33, 6.47, 7.3, 7.09, 6.14, 5.7, 6.9, 8.18, 8.79, 8.29, 7.98, 8.54, 9.86, 10.65, 10.32, 9.75, 8.75, 7.99], [3.55, 4.18, 4.34, 4.5, 5.05, 5.11, 4.59, 3.9, 3.71, 3.61, 3.3, 2.3, 1.39, 1.0, 0.65, 0, 0.59, 1.07, 1.13, 1.59, 2.52, 3.21, 3.54, 4.29, 4.66, 4.71, 5.33, 6.1, 6.99, 7.68, 7.97, 7.06, 6.85, 6.66, 6.59, 6.56, 5.94, 5.18, 5.53, 5.62, 5.09, 5.32, 5.38, 5.5, 5.96, 6.03, 5.39, 5.11, 5.17, 5.95, 6.82, 7.77, 8.6, 8.02, 7.57, 7.05, 6.48, 5.98, 6.01, 6.28, 6.39, 6.46, 6.35, 5.29, 4.59, 3.63, 3.32, 2.99, 4.82, 6.96, 7.81, 7.6, 6.67, 6.21, 7.43, 8.67, 9.238, 8.76, 8.45, 9.03, 10.31, 11.1, 10.85, 10.26, 9.26, 8.5], [3.2, 3.85, 4.01, 4.17, 4.72, 4.82, 4.3, 3.61, 3.58, 3.48, 3.17, 2.05, 1.1, 0.93, 0.76, 0.59, 0, 0.82, 0.88, 1.24, 2.21, 2.88, 3.23, 3.98, 4.37, 4.4, 4.98, 5.77, 6.64, 7.37, 7.66, 6.79, 6.58, 6.35, 6.3, 6.29, 5.65, 4.83, 5.26, 5.37, 4.84, 4.93, 4.97, 5.13, 5.57, 5.66, 5.04, 4.76, 4.9, 5.7, 6.61, 7.56, 8.41, 7.85, 7.36, 6.82, 6.23, 5.71, 5.68, 5.93, 6.0, 6.07, 5.96, 4.94, 4.26, 3.4, 3.05, 2.74, 4.55, 6.63, 7.44, 7.23, 6.34, 5.84, 7.06, 8.3, 8.945, 8.47, 8.08, 8.86, 10.1, 10.888, 10.5, 9.93, 8.87, 8.17], [2.64, 3.29, 3.45, 3.61, 4.16, 4.24, 3.7, 3.01, 2.96, 2.88, 2.51, 1.67, 0.94, 1.05, 1.02, 1.07, 0.82, 0, 0.56, 0.94, 1.67, 2.26, 2.63, 3.4, 3.77, 3.82, 4.44, 5.23, 6.1, 6.83, 7.1, 6.15, 6.02, 5.89, 5.82, 5.75, 5.13, 4.45, 4.72, 4.81, 4.46, 4.61, 4.67, 4.87, 5.33, 5.36, 4.82, 4.46, 4.72, 5.32, 6.13, 7.0, 7.85, 7.27, 6.72, 6.16, 5.65, 5.19, 5.28, 5.55, 5.66, 5.77, 5.64, 4.56, 3.88, 3.02, 2.67, 2.44, 4.31, 6.29, 7.1, 6.91, 6.16, 5.6, 6.78, 7.98, 8.47, 8.07, 7.72, 8.42, 9.7, 10.47, 10.26, 9.69, 8.57, 8.03], [2.6, 3.27, 3.43, 3.59, 4.14, 4.26, 3.72, 3.11, 3.16, 3.08, 2.71, 1.83, 1.18, 1.19, 1.24, 1.13, 0.88, 0.56, 0, 0.74, 1.59, 2.24, 2.61, 3.4, 3.77, 3.82, 4.4, 5.21, 6.06, 6.83, 7.14, 6.27, 6.16, 5.99, 5.92, 5.89, 5.27, 4.57, 4.855, 5.005, 4.62, 4.77, 4.81, 4.99, 5.45, 5.48, 4.92, 4.62, 4.88, 5.46, 6.29, 7.18, 7.99, 7.43, 6.88, 6.36, 5.85, 5.37, 5.38, 5.63, 5.76, 5.91, 5.8, 4.7, 4.02, 3.2, 2.85, 2.6, 4.49, 6.47, 7.24, 7.07, 6.32, 5.7, 6.9, 8.08, 8.568, 8.21, 7.8, 8.56, 9.84, 10.61, 10.38, 9.85, 8.69, 8.15], [2.18, 2.83, 2.99, 3.19, 3.76, 3.88, 3.3, 2.73, 2.82, 2.8, 2.37, 1.89, 1.32, 1.51, 1.38, 1.59, 1.24, 0.94, 0.74, 0, 1.11, 1.84, 2.17, 2.98, 3.31, 3.4, 3.98, 4.79, 5.64, 6.45, 6.76, 5.93, 5.82, 5.73, 5.66, 5.57, 4.97, 4.35, 4.56, 4.73, 4.4, 4.57, 4.63, 4.83, 5.29, 5.28, 4.86, 4.46, 4.82, 5.26, 6.07, 6.9, 7.67, 7.09, 6.52, 6.0, 5.59, 5.15, 5.16, 5.39, 5.56, 5.73, 5.58, 4.48, 3.86, 3.06, 2.83, 2.7, 4.45, 6.27, 7.04, 6.95, 6.26, 5.66, 6.74, 7.88, 8.35, 8.01, 7.58, 8.34, 9.62, 10.39, 10.22, 9.79, 8.59, 8.15], [1.29, 1.94, 2.14, 2.38, 2.93, 3.03, 2.39, 2.02, 2.05, 2.09, 1.9, 1.68, 1.91, 2.44, 2.27, 2.52, 2.21, 1.67, 1.59, 1.11, 0, 0.91, 1.42, 2.13, 2.38, 2.45, 3.07, 3.9, 4.71, 5.58, 5.89, 5.02, 4.95, 4.86, 4.87, 4.82, 4.22, 3.68, 3.81, 3.98, 3.89, 4.06, 4.24, 4.38, 4.76, 4.73, 4.43, 4.03, 4.39, 4.69, 5.36, 6.15, 6.92, 6.34, 5.75, 5.23, 4.82, 4.5, 4.51, 4.84, 5.05, 5.24, 5.03, 3.91, 3.41, 2.71, 2.6, 2.97, 4.08, 5.76, 6.49, 6.5, 5.85, 5.25, 6.27, 7.39, 7.62, 7.38, 6.97, 7.67, 8.93, 9.74, 9.75, 9.36, 8.16, 7.82], [1.06, 1.33, 1.49, 1.67, 2.18, 2.3, 1.82, 1.63, 1.4, 1.74, 1.75, 1.67, 2.4, 3.05, 2.94, 3.21, 2.88, 2.26, 2.24, 1.84, 0.91, 0, 0.79, 1.44, 1.71, 1.74, 2.36, 3.13, 3.96, 4.81, 5.12, 4.25, 4.18, 4.09, 4.16, 4.07, 3.47, 2.97, 3.08, 3.23, 3.18, 3.47, 3.61, 3.77, 4.09, 4.06, 3.8, 3.46, 3.76, 4.0, 4.63, 5.4, 6.17, 5.59, 4.98, 4.46, 4.11, 3.83, 3.8, 4.15, 4.36, 4.57, 4.36, 3.24, 2.8, 2.18, 2.31, 2.92, 3.43, 5.09, 5.8, 5.83, 5.18, 4.58, 5.6, 6.72, 6.93, 6.67, 6.28, 6.96, 8.2, 9.03, 9.08, 8.69, 7.49, 7.25], [1.17, 1.22, 1.44, 1.4, 1.81, 1.85, 1.63, 1.46, 1.29, 1.59, 1.74, 1.8, 2.71, 3.38, 3.27, 3.54, 3.23, 2.63, 2.61, 2.17, 1.42, 0.79, 0, 1.07, 1.32, 1.39, 2.05, 2.72, 3.55, 4.38, 4.71, 3.88, 3.77, 3.76, 3.71, 3.52, 2.92, 2.64, 2.57, 2.7, 2.89, 3.32, 3.44, 3.5, 3.68, 3.67, 3.51, 3.31, 3.57, 3.63, 4.2, 4.87, 5.68, 5.12, 4.45, 3.93, 3.66, 3.44, 3.43, 3.76, 3.97, 4.16, 3.95, 2.89, 2.59, 2.01, 2.34, 2.97, 3.08, 4.68, 5.41, 5.42, 4.77, 4.15, 5.19, 6.31, 6.52, 6.3, 5.89, 6.55, 7.75, 8.64, 8.67, 8.24, 7.12, 6.96], [1.42, 1.23, 1.29, 1.09, 1.0, 1.18, 1.26, 1.27, 1.46, 1.82, 2.03, 2.45, 3.56, 4.11, 4.02, 4.29, 3.98, 3.4, 3.4, 2.98, 2.13, 1.44, 1.07, 0, 0.65, 1.04, 1.52, 1.95, 2.82, 3.83, 4.16, 3.41, 3.28, 3.41, 3.26, 2.89, 2.37, 2.35, 2.24, 2.27, 2.72, 3.29, 3.41, 3.53, 3.51, 3.7, 3.64, 3.32, 3.64, 3.34, 3.63, 4.32, 5.07, 4.57, 3.84, 3.36, 3.29, 3.07, 3.04, 3.39, 3.66, 3.85, 3.68, 2.94, 2.8, 2.26, 2.65, 3.34, 3.23, 4.35, 5.06, 5.15, 4.68, 4.06, 4.88, 5.96, 6.07, 5.85, 5.52, 6.18, 7.16, 8.13, 8.32, 8.03, 7.01, 6.87], [1.57, 1.44, 1.46, 1.3, 1.17, 1.29, 1.45, 1.62, 1.73, 2.09, 2.28, 2.6, 3.77, 4.44, 4.37, 4.66, 4.37, 3.77, 3.77, 3.31, 2.38, 1.71, 1.32, 0.65, 0, 0.81, 1.35, 1.74, 2.53, 3.48, 3.81, 3.04, 2.89, 3.1, 2.93, 2.62, 2.32, 2.66, 2.43, 2.48, 2.91, 3.5, 3.6, 3.58, 3.3, 3.73, 3.73, 3.53, 3.83, 3.19, 3.46, 4.15, 4.88, 4.42, 3.69, 3.13, 3.04, 2.84, 2.81, 3.14, 3.37, 3.68, 3.55, 3.05, 2.99, 2.51, 2.92, 3.61, 3.4, 4.14, 4.83, 4.98, 4.53, 4.15, 4.65, 5.71, 5.86, 5.66, 5.27, 5.91, 6.97, 7.94, 8.07, 7.74, 6.82, 6.68], [1.72, 1.45, 1.43, 1.31, 1.28, 1.46, 1.68, 1.87, 1.66, 2.1, 2.15, 2.55, 3.82, 4.47, 4.42, 4.71, 4.4, 3.82, 3.82, 3.4, 2.45, 1.74, 1.39, 1.04, 0.81, 0, 1.08, 1.59, 2.4, 3.41, 3.7, 2.93, 2.76, 2.77, 2.86, 2.61, 2.15, 2.57, 2.52, 2.55, 2.8, 3.39, 3.49, 3.45, 3.27, 3.54, 3.64, 3.44, 3.72, 3.12, 3.29, 3.98, 4.77, 4.21, 3.42, 2.94, 2.81, 2.69, 2.58, 2.95, 3.08, 3.37, 3.3, 2.92, 2.86, 2.4, 2.89, 3.62, 3.29, 4.03, 4.7, 4.89, 4.5, 4.06, 4.3, 5.38, 5.55, 5.33, 4.94, 5.66, 6.84, 7.65, 7.8, 7.53, 6.77, 6.63], [2.36, 1.77, 1.45, 1.27, 1.2, 1.44, 1.74, 2.09, 2.16, 2.44, 2.51, 3.11, 4.44, 5.13, 5.02, 5.33, 4.98, 4.44, 4.4, 3.98, 3.07, 2.36, 2.05, 1.52, 1.35, 1.08, 0, 1.03, 1.72, 2.67, 3.0, 2.23, 2.14, 2.15, 2.14, 1.95, 1.47, 2.03, 2.12, 2.09, 2.5, 3.03, 3.17, 3.11, 2.81, 3.22, 3.36, 3.28, 3.5, 2.76, 2.45, 3.16, 3.93, 3.37, 2.84, 2.42, 2.21, 2.09, 2.16, 2.37, 2.58, 2.85, 2.8, 2.64, 2.64, 2.48, 3.19, 4.0, 2.97, 3.55, 4.28, 4.47, 4.1, 3.68, 3.86, 4.72, 4.81, 4.63, 4.32, 5.1, 6.04, 6.89, 7.2, 7.09, 6.39, 6.25], [2.83, 2.28, 2.18, 1.88, 1.35, 1.41, 2.09, 2.44, 2.79, 3.03, 3.3, 3.92, 5.23, 5.88, 5.79, 6.1, 5.77, 5.23, 5.21, 4.79, 3.9, 3.13, 2.72, 1.95, 1.74, 1.59, 1.03, 0, 1.23, 2.28, 2.57, 2.1, 1.95, 2.5, 2.47, 1.88, 1.72, 2.58, 2.61, 2.52, 3.09, 3.6, 3.76, 3.6, 3.24, 3.65, 3.75, 3.63, 3.89, 3.15, 2.6, 3.03, 3.76, 3.42, 2.75, 2.53, 2.62, 2.52, 2.59, 2.8, 3.03, 3.34, 3.27, 3.19, 3.35, 3.31, 3.96, 4.77, 3.52, 3.94, 4.65, 4.9, 4.53, 4.13, 4.25, 4.83, 4.68, 4.6, 4.59, 5.45, 6.17, 7.08, 7.61, 7.54, 6.82, 6.64], [3.62, 3.13, 2.97, 2.71, 2.12, 2.2, 2.88, 3.27, 3.66, 3.82, 4.09, 4.71, 6.1, 6.79, 6.68, 6.99, 6.64, 6.1, 6.06, 5.64, 4.71, 3.96, 3.55, 2.82, 2.53, 2.4, 1.72, 1.23, 0, 1.33, 1.68, 1.49, 1.72, 2.29, 2.36, 1.91, 2.09, 2.91, 2.94, 2.79, 3.4, 3.89, 4.29, 4.15, 3.35, 3.7, 4.0, 4.18, 4.1, 2.98, 1.93, 2.18, 2.89, 2.57, 1.92, 1.68, 1.93, 2.15, 2.26, 2.45, 2.74, 3.11, 3.14, 3.6, 3.92, 4.08, 4.87, 5.68, 4.09, 3.55, 4.22, 4.45, 4.32, 4.22, 4.04, 4.06, 3.79, 3.67, 3.88, 4.48, 5.3, 6.13, 6.76, 6.79, 6.15, 6.13], [4.61, 4.1, 3.74, 3.52, 3.01, 2.93, 3.61, 4.16, 4.43, 4.55, 4.76, 5.48, 6.81, 7.48, 7.35, 7.68, 7.37, 6.83, 6.83, 6.45, 5.58, 4.81, 4.38, 3.83, 3.48, 3.41, 2.67, 2.28, 1.33, 0, 0.79, 1.12, 1.61, 2.2, 2.33, 2.04, 2.38, 3.24, 3.19, 3.14, 3.77, 4.38, 4.86, 4.6, 3.58, 4.043, 4.512, 4.89, 4.613, 2.75, 1.3, 1.23, 1.9, 1.66, 1.33, 1.11, 1.48, 2.0, 2.35, 2.34, 2.45, 2.68, 3.05, 3.93, 4.43, 4.81, 5.6, 6.436, 4.76, 2.86, 3.29, 3.52, 3.79, 3.99, 3.59, 3.05, 2.68, 2.58, 2.89, 3.47, 4.27, 5.12, 5.71, 5.72, 5.08, 5.14], [4.96, 4.47, 4.09, 3.87, 3.38, 3.34, 4.0, 4.43, 4.76, 4.8, 5.03, 5.71, 7.08, 7.75, 7.64, 7.97, 7.66, 7.1, 7.14, 6.76, 5.89, 5.12, 4.71, 4.16, 3.81, 3.7, 3.0, 2.57, 1.68, 0.79, 0, 1.09, 1.6, 2.07, 2.22, 2.05, 2.53, 3.47, 3.22, 3.17, 4.0, 4.59, 5.11, 4.87, 3.89, 4.293, 4.782, 5.18, 4.9, 2.96, 1.45, 1.14, 1.71, 1.53, 1.28, 1.4, 1.75, 2.29, 2.64, 2.53, 2.66, 2.85, 3.14, 4.18, 4.68, 5.08, 5.87, 6.706, 5.03, 2.75, 2.94, 3.17, 3.7, 4.2, 3.4, 2.72, 2.39, 2.33, 2.52, 3.2, 3.96, 4.81, 5.4, 5.35, 4.69, 4.71], [4.17, 3.7, 3.34, 3.12, 2.65, 2.57, 3.25, 3.64, 3.85, 3.93, 4.16, 4.82, 6.19, 6.86, 6.73, 7.06, 6.79, 6.15, 6.27, 5.93, 5.02, 4.25, 3.88, 3.41, 3.04, 2.93, 2.23, 2.1, 1.49, 1.12, 1.09, 0, 0.73, 1.28, 1.53, 1.32, 1.72, 2.6, 2.45, 2.38, 3.13, 3.78, 4.26, 4.0, 3.02, 3.43, 3.93, 4.29, 4.03, 2.43, 1.4, 1.73, 2.4, 2.08, 1.59, 1.19, 1.16, 1.52, 1.81, 1.78, 1.95, 2.36, 2.47, 3.29, 3.81, 4.19, 4.98, 5.816, 4.14, 2.48, 3.07, 3.3, 3.27, 3.41, 3.01, 3.33, 3.24, 3.1, 3.05, 3.79, 4.55, 5.48, 5.91, 5.8, 5.08, 5.0], [4.1, 3.57, 3.21, 2.97, 2.58, 2.46, 3.12, 3.49, 3.44, 3.46, 3.79, 4.59, 5.86, 6.47, 6.42, 6.85, 6.58, 6.02, 6.16, 5.82, 4.95, 4.18, 3.77, 3.28, 2.89, 2.76, 2.14, 1.95, 1.72, 1.61, 1.6, 0.73, 0, 0.91, 1.08, 0.91, 1.41, 2.09, 1.92, 1.87, 2.64, 3.31, 3.79, 3.55, 2.63, 3.22, 3.68, 3.8, 3.62, 2.32, 1.77, 2.2, 2.81, 2.57, 2.1, 1.54, 1.43, 1.51, 1.68, 1.69, 1.84, 2.23, 2.12, 2.8, 3.34, 3.7, 4.47, 5.309, 3.65, 2.59, 3.14, 3.37, 3.12, 3.06, 2.86, 3.44, 3.33, 3.21, 3.22, 3.96, 4.74, 5.63, 6.06, 5.95, 5.33, 5.09], [4.19, 3.6, 3.18, 3.02, 2.83, 2.81, 3.41, 3.68, 3.43, 3.53, 3.7, 4.48, 5.51, 6.1, 6.19, 6.66, 6.35, 5.89, 5.99, 5.73, 4.86, 4.09, 3.76, 3.41, 3.1, 2.77, 2.15, 2.5, 2.29, 2.2, 2.07, 1.28, 0.91, 0, 0.73, 1.04, 1.36, 1.8, 1.85, 1.84, 2.29, 2.96, 3.44, 3.2, 2.28, 2.77, 3.23, 3.39, 3.19, 1.87, 1.7, 2.33, 2.96, 2.5, 1.93, 1.67, 1.38, 1.24, 1.35, 1.34, 1.45, 1.72, 1.61, 2.43, 2.97, 3.29, 4.04, 4.89, 3.24, 1.98, 2.43, 2.68, 2.53, 2.59, 2.27, 2.97, 3.02, 2.78, 2.63, 3.43, 4.27, 5.2, 5.43, 5.3, 4.66, 4.44], [4.14, 3.53, 3.11, 2.91, 2.68, 2.7, 3.18, 3.47, 3.34, 3.36, 3.65, 4.45, 5.56, 6.15, 6.16, 6.59, 6.3, 5.82, 5.92, 5.66, 4.87, 4.16, 3.71, 3.26, 2.93, 2.86, 2.14, 2.47, 2.36, 2.33, 2.22, 1.53, 1.08, 0.73, 0, 0.87, 1.23, 1.71, 1.56, 1.57, 2.16, 2.79, 3.27, 3.01, 2.15, 2.7, 3.12, 3.28, 3.06, 1.86, 1.81, 2.36, 2.95, 2.49, 2.1, 1.78, 1.53, 1.39, 1.34, 1.25, 1.46, 1.79, 1.52, 2.32, 2.84, 3.26, 3.93, 4.749, 3.13, 2.05, 2.3, 2.57, 2.5, 2.52, 2.16, 2.92, 2.97, 2.85, 2.62, 3.4, 4.24, 5.13, 5.32, 5.21, 4.63, 4.39], [3.89, 3.32, 2.96, 2.7, 2.25, 2.21, 2.91, 3.12, 3.13, 3.17, 3.56, 4.48, 5.57, 6.1, 6.13, 6.56, 6.29, 5.75, 5.89, 5.57, 4.82, 4.07, 3.52, 2.89, 2.62, 2.61, 1.95, 1.88, 1.91, 2.04, 2.05, 1.32, 0.91, 1.04, 0.87, 0, 0.86, 1.68, 1.43, 1.42, 2.27, 2.94, 3.36, 3.12, 2.38, 3.09, 3.45, 3.51, 3.35, 2.19, 1.88, 2.23, 2.86, 2.62, 2.09, 1.71, 1.54, 1.56, 1.57, 1.54, 1.75, 2.14, 1.97, 2.47, 2.97, 3.27, 4.04, 4.859, 3.24, 2.46, 2.95, 3.18, 2.99, 2.95, 2.59, 3.43, 3.32, 3.24, 3.17, 3.97, 4.67, 5.56, 5.89, 5.76, 5.1, 4.9], [3.29, 2.68, 2.34, 2.04, 1.87, 1.85, 2.39, 2.58, 2.61, 2.67, 3.06, 3.88, 4.93, 5.48, 5.53, 5.94, 5.65, 5.13, 5.27, 4.97, 4.22, 3.47, 2.92, 2.37, 2.32, 2.15, 1.47, 1.72, 2.09, 2.38, 2.53, 1.72, 1.41, 1.36, 1.23, 0.86, 0, 1.24, 1.23, 1.12, 1.77, 2.38, 2.76, 2.54, 2.06, 2.65, 3.01, 3.01, 2.99, 2.17, 1.9, 2.53, 3.3, 2.8, 2.21, 1.85, 1.66, 1.48, 1.57, 1.64, 1.85, 2.06, 1.83, 1.87, 2.39, 2.71, 3.46, 4.282, 2.62, 2.52, 3.15, 3.38, 3.01, 2.63, 2.75, 3.71, 3.8, 3.76, 3.47, 4.27, 5.01, 5.96, 6.27, 6.08, 5.36, 5.14], [2.97, 2.32, 1.94, 1.74, 1.99, 1.95, 2.09, 2.26, 2.05, 2.15, 2.34, 3.18, 4.13, 4.56, 4.73, 5.18, 4.83, 4.45, 4.57, 4.35, 3.68, 2.97, 2.64, 2.35, 2.66, 2.57, 2.03, 2.58, 2.91, 3.24, 3.47, 2.6, 2.09, 1.8, 1.71, 1.68, 1.24, 0, 1.03, 1.1, 1.03, 1.48, 1.98, 1.98, 1.72, 2.11, 2.29, 2.17, 2.09, 1.77, 2.48, 3.37, 4.12, 3.6, 3.05, 2.51, 2.1, 1.66, 1.51, 1.78, 1.95, 2.06, 1.85, 1.15, 1.37, 1.71, 2.46, 3.279, 1.66, 2.48, 3.11, 3.2, 2.73, 2.15, 2.95, 3.99, 4.2, 3.86, 3.63, 4.41, 5.35, 6.2, 6.39, 6.08, 5.18, 4.98], [2.96, 2.47, 2.13, 1.97, 2.06, 1.98, 2.12, 2.29, 2.1, 2.2, 2.55, 3.51, 4.58, 5.09, 5.14, 5.53, 5.26, 4.72, 4.855, 4.56, 3.81, 3.08, 2.57, 2.24, 2.43, 2.52, 2.12, 2.61, 2.94, 3.19, 3.22, 2.45, 1.92, 1.85, 1.56, 1.43, 1.23, 1.03, 0, 0.71, 1.34, 2.13, 2.63, 2.49, 2.21, 2.64, 2.9, 2.86, 2.76, 2.4, 2.91, 3.46, 4.01, 3.61, 3.12, 2.56, 2.27, 2.13, 2.1, 2.15, 2.28, 2.49, 2.24, 1.6, 1.82, 2.2, 2.87, 3.7, 2.27, 2.79, 3.22, 3.33, 2.98, 2.56, 3.08, 4.04, 4.17, 4.01, 3.7, 4.38, 5.44, 6.37, 6.42, 6.27, 5.43, 5.17], [3.01, 2.48, 2.12, 2.0, 1.97, 1.91, 2.23, 2.38, 2.17, 2.23, 2.64, 3.62, 4.75, 5.2, 5.21, 5.62, 5.37, 4.81, 5.005, 4.73, 3.98, 3.23, 2.7, 2.27, 2.48, 2.55, 2.09, 2.52, 2.79, 3.14, 3.17, 2.38, 1.87, 1.84, 1.57, 1.42, 1.12, 1.1, 0.71, 0, 1.27, 2.0, 2.4, 2.42, 2.14, 2.47, 2.73, 2.65, 2.57, 2.15, 2.74, 3.27, 3.92, 3.48, 2.85, 2.33, 2.1, 1.92, 1.93, 1.96, 2.09, 2.32, 2.05, 1.59, 1.81, 2.27, 2.92, 3.75, 2.2, 2.5, 3.03, 3.14, 2.79, 2.43, 2.97, 3.95, 4.1, 3.94, 3.61, 4.31, 5.35, 6.3, 6.41, 6.1, 5.34, 5.08], [3.26, 2.65, 2.19, 2.19, 2.48, 2.54, 2.6, 2.75, 2.22, 2.28, 2.35, 3.23, 4.14, 4.57, 4.62, 5.09, 4.84, 4.46, 4.62, 4.4, 3.89, 3.18, 2.89, 2.72, 2.91, 2.8, 2.5, 3.09, 3.4, 3.77, 4.0, 3.13, 2.64, 2.29, 2.16, 2.27, 1.77, 1.03, 1.34, 1.27, 0, 1.17, 1.55, 1.45, 1.41, 1.68, 1.96, 1.84, 1.74, 1.7, 2.93, 3.84, 4.63, 4.09, 3.5, 2.94, 2.51, 2.01, 1.8, 1.77, 1.72, 1.89, 1.56, 0.94, 1.06, 1.54, 2.05, 2.8, 1.33, 2.15, 2.76, 2.81, 2.18, 1.74, 2.62, 3.74, 4.31, 3.83, 3.54, 4.32, 5.68, 6.39, 6.3, 5.93, 5.05, 4.77], [3.45, 2.84, 2.36, 2.54, 2.97, 2.99, 2.87, 3.1, 2.67, 2.61, 2.66, 3.48, 4.15, 4.5, 4.81, 5.32, 4.93, 4.61, 4.77, 4.57, 4.06, 3.47, 3.32, 3.29, 3.5, 3.39, 3.03, 3.6, 3.89, 4.38, 4.59, 3.78, 3.31, 2.96, 2.79, 2.94, 2.38, 1.48, 2.13, 2.0, 1.17, 0, 0.82, 1.04, 1.5, 1.55, 1.43, 1.15, 1.27, 2.03, 3.42, 4.35, 5.22, 4.68, 4.07, 3.53, 3.02, 2.5, 2.15, 2.24, 2.15, 2.02, 1.69, 0.99, 1.05, 1.83, 2.06, 2.51, 1.24, 2.38, 2.73, 2.76, 2.07, 1.45, 2.65, 3.97, 4.72, 4.34, 3.79, 4.85, 6.23, 7.031, 6.59, 5.94, 5.24, 4.56], [3.69, 3.08, 2.6, 2.72, 3.09, 3.09, 3.11, 3.32, 2.89, 2.85, 2.84, 3.58, 4.21, 4.58, 4.87, 5.38, 4.97, 4.67, 4.81, 4.63, 4.24, 3.61, 3.44, 3.41, 3.6, 3.49, 3.17, 3.76, 4.29, 4.86, 5.11, 4.26, 3.79, 3.44, 3.27, 3.36, 2.76, 1.98, 2.63, 2.4, 1.55, 0.82, 0, 0.92, 1.7, 1.71, 1.43, 1.23, 1.49, 2.47, 3.86, 4.85, 5.74, 5.18, 4.59, 4.05, 3.52, 2.98, 2.59, 2.66, 2.57, 2.48, 2.13, 1.35, 1.33, 1.91, 2.08, 2.43, 1.26, 2.76, 3.03, 2.98, 2.27, 1.65, 2.83, 4.27, 5.14, 4.82, 4.17, 5.37, 6.75, 7.554, 7.07, 6.36, 5.62, 4.9], [3.81, 3.2, 2.76, 2.86, 3.13, 3.21, 3.21, 3.52, 3.09, 3.05, 3.02, 3.54, 4.27, 4.66, 4.99, 5.5, 5.13, 4.87, 4.99, 4.83, 4.38, 3.77, 3.5, 3.53, 3.58, 3.45, 3.11, 3.6, 4.15, 4.6, 4.87, 4.0, 3.55, 3.2, 3.01, 3.12, 2.54, 1.98, 2.49, 2.42, 1.45, 1.04, 0.92, 0, 1.1, 1.31, 1.23, 1.41, 1.53, 2.45, 3.84, 4.77, 5.6, 5.06, 4.41, 3.93, 3.4, 2.84, 2.51, 2.5, 2.43, 2.32, 2.05, 1.21, 1.31, 2.09, 2.26, 2.61, 1.24, 2.46, 2.91, 2.82, 1.93, 1.35, 2.37, 3.85, 4.96, 4.68, 3.95, 5.23, 6.606, 7.365, 6.73, 6.18, 5.36, 4.54], [4.17, 3.52, 3.02, 2.94, 3.01, 2.97, 3.29, 3.72, 3.33, 3.37, 3.38, 3.84, 4.73, 5.16, 5.45, 5.96, 5.57, 5.33, 5.45, 5.29, 4.76, 4.09, 3.68, 3.51, 3.3, 3.27, 2.81, 3.24, 3.35, 3.58, 3.89, 3.02, 2.63, 2.28, 2.15, 2.38, 2.06, 1.72, 2.21, 2.14, 1.41, 1.5, 1.7, 1.1, 0, 1.07, 1.45, 1.75, 1.63, 1.75, 3.0, 3.89, 4.68, 4.14, 3.49, 2.97, 2.48, 1.96, 1.69, 1.64, 1.53, 1.48, 1.41, 1.31, 1.67, 2.51, 2.72, 3.25, 1.46, 1.56, 2.35, 2.38, 1.55, 1.11, 1.65, 2.97, 4.064, 3.7, 3.09, 4.27, 5.63, 6.393, 5.81, 5.5, 4.76, 4.24], [4.18, 3.53, 3.11, 3.13, 3.34, 3.28, 3.54, 3.83, 3.38, 3.42, 3.39, 3.91, 4.74, 5.19, 5.54, 6.03, 5.66, 5.36, 5.48, 5.28, 4.73, 4.06, 3.67, 3.7, 3.73, 3.54, 3.22, 3.65, 3.7, 4.043, 4.293, 3.43, 3.22, 2.77, 2.7, 3.09, 2.65, 2.11, 2.64, 2.47, 1.68, 1.55, 1.71, 1.31, 1.07, 0, 1.04, 1.58, 1.4, 1.82, 3.29, 4.259, 5.049, 4.509, 3.859, 3.382, 2.829, 2.33, 1.9, 1.93, 1.84, 1.81, 1.66, 1.4, 1.8, 2.58, 2.81, 3.28, 1.37, 1.97, 2.78, 2.69, 1.74, 1.34, 1.92, 3.4, 4.574, 4.23, 3.5, 4.72, 6.085, 6.918, 6.34, 5.89, 5.07, 4.49], [3.9, 3.33, 2.95, 2.95, 3.44, 3.32, 3.38, 3.61, 3.12, 3.16, 3.19, 3.49, 4.24, 4.57, 4.92, 5.39, 5.04, 4.82, 4.92, 4.86, 4.43, 3.8, 3.51, 3.64, 3.73, 3.64, 3.36, 3.75, 4.0, 4.512, 4.782, 3.93, 3.68, 3.23, 3.12, 3.45, 3.01, 2.29, 2.9, 2.73, 1.96, 1.43, 1.43, 1.23, 1.45, 1.04, 0, 1.04, 0.88, 2.18, 3.65, 4.648, 5.518, 4.958, 4.32, 3.811, 3.278, 2.778, 2.32, 2.349, 2.271, 2.181, 2.02, 1.68, 1.68, 2.18, 2.31, 2.62, 1.17, 2.41, 3.0, 2.87, 1.84, 1.32, 2.4, 3.898, 4.965, 4.601, 3.9, 5.131, 6.533, 7.349, 6.696, 6.07, 5.39, 4.49], [3.58, 3.11, 2.69, 2.77, 3.2, 3.16, 3.22, 3.25, 2.74, 2.76, 2.75, 3.27, 4.04, 4.27, 4.62, 5.11, 4.76, 4.46, 4.62, 4.46, 4.03, 3.46, 3.31, 3.32, 3.53, 3.44, 3.28, 3.63, 4.18, 4.89, 5.18, 4.29, 3.8, 3.39, 3.28, 3.51, 3.01, 2.17, 2.86, 2.65, 1.84, 1.15, 1.23, 1.41, 1.75, 1.58, 1.04, 0, 0.78, 2.36, 3.858, 4.888, 5.758, 5.178, 4.56, 4.08, 3.527, 2.947, 2.577, 2.69, 2.597, 2.43, 2.08, 1.6, 1.54, 1.94, 1.99, 2.36, 1.19, 2.71, 3.26, 3.11, 2.14, 1.52, 2.82, 4.398, 5.302, 4.89, 4.22, 5.371, 6.8, 7.624, 6.98, 6.29, 5.65, 4.89], [3.82, 3.25, 2.99, 2.95, 3.42, 3.34, 3.34, 3.45, 2.9, 2.9, 2.91, 3.41, 4.3, 4.35, 4.68, 5.17, 4.9, 4.72, 4.88, 4.82, 4.39, 3.76, 3.57, 3.64, 3.83, 3.72, 3.5, 3.89, 4.1, 4.613, 4.9, 4.03, 3.62, 3.19, 3.06, 3.35, 2.99, 2.09, 2.76, 2.57, 1.74, 1.27, 1.49, 1.53, 1.63, 1.4, 0.88, 0.78, 0, 2.06, 3.59, 4.58, 5.427, 4.847, 4.26, 3.78, 3.25, 2.67, 2.3, 2.41, 2.3, 2.17, 1.84, 1.54, 1.48, 2.08, 2.17, 2.48, 1.11, 2.47, 3.04, 2.85, 1.78, 1.32, 2.66, 4.104, 5.034, 4.57, 3.94, 5.06, 6.457, 7.29, 6.629, 5.87, 5.35, 4.53], [4.04, 3.41, 2.99, 2.89, 2.86, 2.94, 3.34, 3.55, 2.96, 3.0, 3.11, 4.07, 4.98, 5.35, 5.5, 5.95, 5.7, 5.32, 5.46, 5.26, 4.69, 4.0, 3.63, 3.34, 3.19, 3.12, 2.76, 3.15, 2.98, 2.75, 2.96, 2.43, 2.32, 1.87, 1.86, 2.19, 2.17, 1.77, 2.4, 2.15, 1.7, 2.03, 2.47, 2.45, 1.75, 1.82, 2.18, 2.36, 2.06, 0, 1.57, 2.58, 3.43, 2.87, 2.38, 1.9, 1.51, 1.21, 0.86, 0.97, 1.0, 1.01, 1.24, 1.7, 2.14, 2.46, 3.07, 3.84, 2.27, 1.29, 1.92, 2.03, 1.7, 2.0, 2.14, 2.92, 3.48, 2.93, 2.54, 3.34, 4.54, 5.377, 5.36, 4.87, 4.17, 3.85], [4.59, 3.94, 3.44, 3.24, 2.89, 2.93, 3.59, 3.86, 3.79, 3.79, 4.06, 4.9, 6.05, 6.52, 6.43, 6.82, 6.61, 6.13, 6.29, 6.07, 5.36, 4.63, 4.2, 3.63, 3.46, 3.29, 2.45, 2.6, 1.93, 1.3, 1.45, 1.4, 1.77, 1.7, 1.81, 1.88, 1.9, 2.48, 2.91, 2.74, 2.93, 3.42, 3.86, 3.84, 3.0, 3.29, 3.65, 3.858, 3.59, 1.57, 0, 1.07, 1.94, 1.46, 1.27, 1.05, 1.02, 1.3, 1.45, 1.5, 1.67, 1.86, 2.19, 3.03, 3.55, 3.73, 4.52, 5.33, 3.68, 2.06, 2.43, 2.68, 2.95, 3.27, 2.83, 2.65, 2.68, 2.42, 2.29, 2.95, 3.67, 4.66, 5.21, 4.98, 4.4, 4.36], [5.26, 4.63, 4.17, 3.95, 3.54, 3.54, 4.2, 4.55, 4.54, 4.6, 4.89, 5.79, 7.06, 7.55, 7.44, 7.77, 7.56, 7.0, 7.18, 6.9, 6.15, 5.4, 4.87, 4.32, 4.15, 3.98, 3.16, 3.03, 2.18, 1.23, 1.14, 1.73, 2.2, 2.33, 2.36, 2.23, 2.53, 3.37, 3.46, 3.27, 3.84, 4.35, 4.85, 4.77, 3.89, 4.259, 4.648, 4.888, 4.58, 2.58, 1.07, 0, 1.09, 0.85, 1.04, 1.42, 1.67, 2.17, 2.42, 2.35, 2.48, 2.61, 2.92, 4.0, 4.52, 4.78, 5.55, 6.38, 4.71, 2.61, 2.76, 2.97, 3.64, 4.08, 3.34, 2.56, 2.01, 1.89, 2.26, 2.6, 3.3, 4.19, 4.84, 4.85, 4.35, 4.47], [6.03, 5.4, 4.92, 4.7, 4.29, 4.27, 4.91, 5.26, 5.33, 5.37, 5.64, 6.64, 7.93, 8.42, 8.25, 8.6, 8.41, 7.85, 7.99, 7.67, 6.92, 6.17, 5.68, 5.07, 4.88, 4.77, 3.93, 3.76, 2.89, 1.9, 1.71, 2.4, 2.81, 2.96, 2.95, 2.86, 3.3, 4.12, 4.01, 3.92, 4.63, 5.22, 5.74, 5.6, 4.68, 5.049, 5.518, 5.758, 5.427, 3.43, 1.94, 1.09, 0, 0.72, 1.65, 2.15, 2.38, 2.94, 3.27, 3.2, 3.31, 3.44, 3.73, 4.79, 5.31, 5.63, 6.42, 7.23, 5.58, 3.34, 3.13, 3.4, 4.33, 4.83, 3.93, 2.81, 2.0, 1.96, 2.41, 2.01, 2.47, 3.42, 4.17, 4.34, 4.02, 4.32], [5.51, 4.86, 4.38, 4.16, 3.81, 3.87, 4.53, 4.82, 4.77, 4.87, 5.04, 6.08, 7.37, 7.86, 7.67, 8.02, 7.85, 7.27, 7.43, 7.09, 6.34, 5.59, 5.12, 4.57, 4.42, 4.21, 3.37, 3.42, 2.57, 1.66, 1.53, 2.08, 2.57, 2.5, 2.49, 2.62, 2.8, 3.6, 3.61, 3.48, 4.09, 4.68, 5.18, 5.06, 4.14, 4.509, 4.958, 5.178, 4.847, 2.87, 1.46, 0.85, 0.72, 0, 1.17, 1.67, 1.88, 2.42, 2.71, 2.66, 2.81, 2.94, 3.19, 4.23, 4.75, 5.05, 5.84, 6.65, 5.0, 2.82, 2.75, 2.96, 3.83, 4.33, 3.47, 2.53, 1.9, 1.82, 2.11, 2.07, 2.81, 3.72, 4.47, 4.58, 4.14, 4.32], [4.68, 4.05, 3.79, 3.55, 3.16, 3.24, 3.96, 4.09, 4.16, 4.34, 4.47, 5.55, 6.82, 7.27, 7.16, 7.57, 7.36, 6.72, 6.88, 6.52, 5.75, 4.98, 4.45, 3.84, 3.69, 3.42, 2.84, 2.75, 1.92, 1.33, 1.28, 1.59, 2.1, 1.93, 2.1, 2.09, 2.21, 3.05, 3.12, 2.85, 3.5, 4.07, 4.59, 4.41, 3.49, 3.859, 4.32, 4.56, 4.26, 2.38, 1.27, 1.04, 1.65, 1.17, 0, 0.82, 1.27, 1.81, 2.14, 2.09, 2.2, 2.37, 2.56, 3.56, 4.14, 4.52, 5.27, 6.1, 4.37, 2.25, 2.62, 2.87, 3.24, 3.68, 2.98, 2.6, 2.41, 2.29, 2.34, 2.84, 3.68, 4.55, 5.06, 5.03, 4.49, 4.51], [4.2, 3.63, 3.31, 3.13, 2.7, 2.68, 3.42, 3.61, 3.56, 3.74, 3.87, 5.01, 6.24, 6.69, 6.62, 7.05, 6.82, 6.16, 6.36, 6.0, 5.23, 4.46, 3.93, 3.36, 3.13, 2.94, 2.42, 2.53, 1.68, 1.11, 1.4, 1.19, 1.54, 1.67, 1.78, 1.71, 1.85, 2.51, 2.56, 2.33, 2.94, 3.53, 4.05, 3.93, 2.97, 3.382, 3.811, 4.08, 3.78, 1.9, 1.05, 1.42, 2.15, 1.67, 0.82, 0, 0.71, 1.27, 1.56, 1.59, 1.68, 1.87, 2.18, 3.12, 3.58, 3.96, 4.75, 5.586, 3.91, 2.09, 2.62, 2.83, 2.96, 3.26, 2.84, 2.8, 2.83, 2.59, 2.56, 3.08, 4.04, 4.89, 5.28, 5.19, 4.69, 4.57], [4.05, 3.52, 3.04, 2.88, 2.71, 2.73, 3.35, 3.6, 3.27, 3.37, 3.52, 4.46, 5.69, 6.14, 6.03, 6.48, 6.23, 5.65, 5.85, 5.59, 4.82, 4.11, 3.66, 3.29, 3.04, 2.81, 2.21, 2.62, 1.93, 1.48, 1.75, 1.16, 1.43, 1.38, 1.53, 1.54, 1.66, 2.1, 2.27, 2.1, 2.51, 3.02, 3.52, 3.4, 2.48, 2.829, 3.278, 3.527, 3.25, 1.51, 1.02, 1.67, 2.38, 1.88, 1.27, 0.71, 0, 0.64, 1.01, 1.2, 1.27, 1.58, 1.81, 2.59, 3.13, 3.45, 4.24, 5.07, 3.38, 1.78, 2.41, 2.64, 2.61, 2.81, 2.45, 2.81, 2.96, 2.7, 2.39, 3.05, 4.17, 5.02, 5.21, 5.02, 4.48, 4.36], [3.85, 3.3, 2.8, 2.66, 2.51, 2.53, 3.15, 3.38, 3.07, 3.13, 3.16, 4.0, 5.09, 5.54, 5.53, 5.98, 5.71, 5.19, 5.37, 5.15, 4.5, 3.83, 3.44, 3.07, 2.84, 2.69, 2.09, 2.52, 2.15, 2.0, 2.29, 1.52, 1.51, 1.24, 1.39, 1.56, 1.48, 1.66, 2.13, 1.92, 2.01, 2.5, 2.98, 2.84, 1.96, 2.33, 2.778, 2.947, 2.67, 1.21, 1.3, 2.17, 2.94, 2.42, 1.81, 1.27, 0.64, 0, 0.63, 0.96, 0.99, 1.24, 1.43, 2.01, 2.55, 2.89, 3.68, 4.49, 2.82, 1.66, 2.37, 2.6, 2.31, 2.33, 2.25, 3.01, 3.3, 2.98, 2.63, 3.37, 4.51, 5.32, 5.41, 5.12, 4.5, 4.36], [3.84, 3.23, 2.77, 2.61, 2.48, 2.54, 3.06, 3.29, 2.9, 3.0, 3.11, 3.99, 4.96, 5.45, 5.58, 6.01, 5.68, 5.28, 5.38, 5.16, 4.51, 3.8, 3.43, 3.04, 2.81, 2.58, 2.16, 2.59, 2.26, 2.35, 2.64, 1.81, 1.68, 1.35, 1.34, 1.57, 1.57, 1.51, 2.1, 1.93, 1.8, 2.15, 2.59, 2.51, 1.69, 1.9, 2.32, 2.577, 2.3, 0.86, 1.45, 2.42, 3.27, 2.71, 2.14, 1.56, 1.01, 0.63, 0, 0.71, 0.74, 1.09, 1.28, 1.74, 2.26, 2.6, 3.31, 4.12, 2.47, 1.51, 2.22, 2.41, 2.16, 2.16, 2.04, 2.96, 3.29, 2.93, 2.52, 3.3, 4.6, 5.33, 5.36, 5.07, 4.47, 4.23], [4.19, 3.52, 3.02, 2.9, 2.75, 2.81, 3.29, 3.6, 3.31, 3.37, 3.46, 4.2, 5.21, 5.74, 5.83, 6.28, 5.93, 5.55, 5.63, 5.39, 4.84, 4.15, 3.76, 3.39, 3.14, 2.95, 2.37, 2.8, 2.45, 2.34, 2.53, 1.78, 1.69, 1.34, 1.25, 1.54, 1.64, 1.78, 2.15, 1.96, 1.77, 2.24, 2.66, 2.5, 1.64, 1.93, 2.349, 2.69, 2.41, 0.97, 1.5, 2.35, 3.2, 2.66, 2.09, 1.59, 1.2, 0.96, 0.71, 0, 0.57, 0.98, 1.07, 1.87, 2.35, 2.85, 3.42, 4.21, 2.54, 1.28, 1.95, 2.22, 1.93, 2.01, 1.79, 2.61, 3.075, 2.72, 2.31, 3.33, 4.45, 5.3, 5.13, 5.0, 4.42, 4.14], [4.44, 3.79, 3.25, 3.17, 3.06, 3.1, 3.56, 3.89, 3.5, 3.54, 3.61, 4.35, 5.3, 5.71, 5.9, 6.39, 6.0, 5.66, 5.76, 5.56, 5.05, 4.36, 3.97, 3.66, 3.37, 3.08, 2.58, 3.03, 2.74, 2.45, 2.66, 1.95, 1.84, 1.45, 1.46, 1.75, 1.85, 1.95, 2.28, 2.09, 1.72, 2.15, 2.57, 2.43, 1.53, 1.84, 2.271, 2.597, 2.3, 1.0, 1.67, 2.48, 3.31, 2.81, 2.2, 1.68, 1.27, 0.99, 0.74, 0.57, 0, 0.61, 0.9, 1.8, 2.26, 2.9, 3.39, 4.12, 2.45, 1.09, 1.8, 1.97, 1.64, 1.78, 1.44, 2.44, 3.043, 2.65, 2.14, 3.14, 4.44, 5.225, 4.86, 4.75, 4.21, 3.91], [4.63, 4.0, 3.46, 3.4, 3.27, 3.29, 3.73, 4.06, 3.65, 3.69, 3.74, 4.48, 5.27, 5.68, 5.95, 6.46, 6.07, 5.77, 5.91, 5.73, 5.24, 4.57, 4.16, 3.85, 3.68, 3.37, 2.85, 3.34, 3.11, 2.68, 2.85, 2.36, 2.23, 1.72, 1.79, 2.14, 2.06, 2.06, 2.49, 2.32, 1.89, 2.02, 2.48, 2.32, 1.48, 1.81, 2.181, 2.43, 2.17, 1.01, 1.86, 2.61, 3.44, 2.94, 2.37, 1.87, 1.58, 1.24, 1.09, 0.98, 0.61, 0, 0.71, 1.81, 2.31, 2.93, 3.38, 4.03, 2.32, 0.94, 1.69, 1.74, 1.41, 1.61, 1.33, 2.33, 3.104, 2.56, 2.17, 3.05, 4.49, 5.255, 4.89, 4.56, 4.08, 3.74], [4.42, 3.79, 3.31, 3.25, 3.28, 3.24, 3.7, 3.91, 3.42, 3.48, 3.57, 4.37, 5.2, 5.55, 5.84, 6.35, 5.96, 5.64, 5.8, 5.58, 5.03, 4.36, 3.95, 3.68, 3.55, 3.3, 2.8, 3.27, 3.14, 3.05, 3.14, 2.47, 2.12, 1.61, 1.52, 1.97, 1.83, 1.85, 2.24, 2.05, 1.56, 1.69, 2.13, 2.05, 1.41, 1.66, 2.02, 2.08, 1.84, 1.24, 2.19, 2.92, 3.73, 3.19, 2.56, 2.18, 1.81, 1.43, 1.28, 1.07, 0.9, 0.71, 0, 1.46, 2.02, 2.74, 3.09, 3.72, 1.99, 1.15, 1.76, 1.85, 1.46, 1.42, 1.46, 2.62, 3.354, 2.85, 2.38, 3.36, 4.76, 5.567, 5.24, 4.85, 4.35, 3.95], [3.32, 2.73, 2.29, 2.39, 2.7, 2.74, 2.78, 2.93, 2.44, 2.46, 2.49, 3.39, 4.18, 4.55, 4.82, 5.29, 4.94, 4.56, 4.7, 4.48, 3.91, 3.24, 2.89, 2.94, 3.05, 2.92, 2.64, 3.19, 3.6, 3.93, 4.18, 3.29, 2.8, 2.43, 2.32, 2.47, 1.87, 1.15, 1.6, 1.59, 0.94, 0.99, 1.35, 1.21, 1.31, 1.4, 1.68, 1.6, 1.54, 1.7, 3.03, 4.0, 4.79, 4.23, 3.56, 3.12, 2.59, 2.01, 1.74, 1.87, 1.8, 1.81, 1.46, 0, 0.9, 1.72, 2.03, 2.66, 1.01, 2.03, 2.68, 2.73, 1.98, 1.48, 2.52, 3.72, 4.39, 3.97, 3.38, 4.44, 5.82, 6.69, 6.46, 5.93, 5.09, 4.53], [2.82, 2.25, 1.91, 2.05, 2.6, 2.62, 2.34, 2.45, 2.02, 1.98, 1.95, 2.77, 3.5, 3.85, 4.12, 4.59, 4.26, 3.88, 4.02, 3.86, 3.41, 2.8, 2.59, 2.8, 2.99, 2.86, 2.64, 3.35, 3.92, 4.43, 4.68, 3.81, 3.34, 2.97, 2.84, 2.97, 2.39, 1.37, 1.82, 1.81, 1.06, 1.05, 1.33, 1.31, 1.67, 1.8, 1.68, 1.54, 1.48, 2.14, 3.55, 4.52, 5.31, 4.75, 4.14, 3.58, 3.13, 2.55, 2.26, 2.35, 2.26, 2.31, 2.02, 0.9, 0, 1.12, 1.43, 2.06, 1.13, 2.61, 3.28, 3.23, 2.44, 1.94, 3.12, 4.34, 4.997, 4.49, 3.96, 5.0, 6.3, 7.151, 6.86, 6.25, 5.37, 4.87], [2.18, 1.93, 1.71, 1.89, 2.56, 2.56, 1.94, 1.89, 1.28, 1.3, 1.31, 1.97, 2.64, 3.09, 3.16, 3.63, 3.4, 3.02, 3.2, 3.06, 2.71, 2.18, 2.01, 2.26, 2.51, 2.4, 2.48, 3.31, 4.08, 4.81, 5.08, 4.19, 3.7, 3.29, 3.26, 3.27, 2.71, 1.71, 2.2, 2.27, 1.54, 1.83, 1.91, 2.09, 2.51, 2.58, 2.18, 1.94, 2.08, 2.46, 3.73, 4.78, 5.63, 5.05, 4.52, 3.96, 3.45, 2.89, 2.6, 2.85, 2.9, 2.93, 2.74, 1.72, 1.12, 0, 0.97, 1.7, 1.53, 3.39, 4.18, 4.03, 3.34, 2.8, 3.94, 5.12, 5.757, 5.17, 4.86, 5.54, 6.8, 7.628, 7.48, 6.83, 5.93, 5.47], [2.39, 2.2, 2.24, 2.4, 3.07, 3.15, 2.45, 2.02, 1.69, 1.79, 1.62, 1.96, 2.37, 2.74, 2.89, 3.32, 3.05, 2.67, 2.85, 2.83, 2.6, 2.31, 2.34, 2.65, 2.92, 2.89, 3.19, 3.96, 4.87, 5.6, 5.87, 4.98, 4.47, 4.04, 3.93, 4.04, 3.46, 2.46, 2.87, 2.92, 2.05, 2.06, 2.08, 2.26, 2.72, 2.81, 2.31, 1.99, 2.17, 3.07, 4.52, 5.55, 6.42, 5.84, 5.27, 4.75, 4.24, 3.68, 3.31, 3.42, 3.39, 3.38, 3.09, 2.03, 1.43, 0.97, 0, 0.99, 1.7, 3.72, 4.51, 4.32, 3.53, 2.99, 4.21, 5.39, 6.164, 5.64, 5.19, 6.11, 7.47, 8.338, 7.99, 7.4, 6.5, 5.78], [2.84, 3.03, 3.07, 3.23, 3.94, 3.94, 3.28, 2.73, 2.4, 2.34, 2.05, 2.07, 2.18, 2.33, 2.58, 2.99, 2.74, 2.44, 2.6, 2.7, 2.97, 2.92, 2.97, 3.34, 3.61, 3.62, 4.0, 4.77, 5.68, 6.436, 6.706, 5.816, 5.309, 4.89, 4.749, 4.859, 4.282, 3.279, 3.7, 3.75, 2.8, 2.51, 2.43, 2.61, 3.25, 3.28, 2.62, 2.36, 2.48, 3.84, 5.33, 6.38, 7.23, 6.65, 6.1, 5.586, 5.07, 4.49, 4.12, 4.21, 4.12, 4.03, 3.72, 2.66, 2.06, 1.7, 0.99, 0, 2.13, 4.29, 4.94, 4.87, 3.86, 3.28, 4.7, 5.98, 6.914, 6.39, 5.84, 6.86, 8.266, 9.099, 8.68, 7.87, 7.19, 6.25], [3.55, 3.0, 2.6, 2.66, 3.07, 3.03, 3.07, 3.18, 2.65, 2.71, 2.68, 3.18, 3.83, 3.98, 4.33, 4.82, 4.55, 4.31, 4.49, 4.45, 4.08, 3.43, 3.08, 3.23, 3.4, 3.29, 2.97, 3.52, 4.09, 4.76, 5.03, 4.14, 3.65, 3.24, 3.13, 3.24, 2.62, 1.66, 2.27, 2.2, 1.33, 1.24, 1.26, 1.24, 1.46, 1.37, 1.17, 1.19, 1.11, 2.27, 3.68, 4.71, 5.58, 5.0, 4.37, 3.91, 3.38, 2.82, 2.47, 2.54, 2.45, 2.32, 1.99, 1.01, 1.13, 1.53, 1.7, 2.13, 0, 2.56, 3.33, 3.16, 2.09, 1.61, 2.75, 4.243, 5.164, 4.7, 4.15, 5.21, 6.63, 7.443, 6.776, 6.22, 5.5, 4.7], [5.13, 4.48, 3.96, 3.9, 3.81, 3.81, 4.21, 4.56, 4.13, 4.21, 4.28, 5.02, 5.85, 6.2, 6.47, 6.96, 6.63, 6.29, 6.47, 6.27, 5.76, 5.09, 4.68, 4.35, 4.14, 4.03, 3.55, 3.94, 3.55, 2.86, 2.75, 2.48, 2.59, 1.98, 2.05, 2.46, 2.52, 2.48, 2.79, 2.5, 2.15, 2.38, 2.76, 2.46, 1.56, 1.97, 2.41, 2.71, 2.47, 1.29, 2.06, 2.61, 3.34, 2.82, 2.25, 2.09, 1.78, 1.66, 1.51, 1.28, 1.09, 0.94, 1.15, 2.03, 2.61, 3.39, 3.72, 4.29, 2.56, 0, 1.03, 1.26, 1.23, 1.63, 1.29, 1.89, 2.824, 2.34, 1.85, 2.87, 4.27, 5.04, 4.73, 4.3, 3.7, 3.28], [5.86, 5.21, 4.67, 4.57, 4.46, 4.52, 4.92, 5.29, 4.84, 4.88, 4.97, 5.85, 6.68, 7.03, 7.3, 7.81, 7.44, 7.1, 7.24, 7.04, 6.49, 5.8, 5.41, 5.06, 4.83, 4.7, 4.28, 4.65, 4.22, 3.29, 2.94, 3.07, 3.14, 2.43, 2.3, 2.95, 3.15, 3.11, 3.22, 3.03, 2.76, 2.73, 3.03, 2.91, 2.35, 2.78, 3.0, 3.26, 3.04, 1.92, 2.43, 2.76, 3.13, 2.75, 2.62, 2.62, 2.41, 2.37, 2.22, 1.95, 1.8, 1.69, 1.76, 2.68, 3.28, 4.18, 4.51, 4.94, 3.33, 1.03, 0, 0.65, 1.54, 2.1, 1.56, 1.58, 2.29, 1.93, 1.34, 2.44, 3.78, 4.59, 4.32, 3.77, 3.33, 2.81], [5.91, 5.26, 4.72, 4.66, 4.55, 4.61, 4.97, 5.36, 4.89, 4.89, 4.88, 5.64, 6.45, 6.78, 7.09, 7.6, 7.23, 6.91, 7.07, 6.95, 6.5, 5.83, 5.42, 5.15, 4.98, 4.89, 4.47, 4.9, 4.45, 3.52, 3.17, 3.3, 3.37, 2.68, 2.57, 3.18, 3.38, 3.2, 3.33, 3.14, 2.81, 2.76, 2.98, 2.82, 2.38, 2.69, 2.87, 3.11, 2.85, 2.03, 2.68, 2.97, 3.4, 2.96, 2.87, 2.83, 2.64, 2.6, 2.41, 2.22, 1.97, 1.74, 1.85, 2.73, 3.23, 4.03, 4.32, 4.87, 3.16, 1.26, 0.65, 0, 1.39, 1.99, 1.53, 1.59, 2.44, 2.08, 1.49, 2.55, 3.93, 4.74, 4.27, 3.7, 3.16, 2.58], [5.26, 4.63, 4.09, 4.15, 4.16, 4.22, 4.46, 4.81, 4.3, 4.28, 4.27, 4.83, 5.68, 5.79, 6.14, 6.67, 6.34, 6.16, 6.32, 6.26, 5.85, 5.18, 4.77, 4.68, 4.53, 4.5, 4.1, 4.53, 4.32, 3.79, 3.7, 3.27, 3.12, 2.53, 2.5, 2.99, 3.01, 2.73, 2.98, 2.79, 2.18, 2.07, 2.27, 1.93, 1.55, 1.74, 1.84, 2.14, 1.78, 1.7, 2.95, 3.64, 4.33, 3.83, 3.24, 2.96, 2.61, 2.31, 2.16, 1.93, 1.64, 1.41, 1.46, 1.98, 2.44, 3.34, 3.53, 3.86, 2.09, 1.23, 1.54, 1.39, 0, 1.0, 1.2, 2.48, 3.51, 3.11, 2.54, 3.68, 5.08, 5.881, 5.2, 4.49, 3.89, 3.03], [4.66, 4.03, 3.49, 3.47, 3.62, 3.54, 3.78, 4.21, 3.74, 3.74, 3.75, 4.29, 5.06, 5.37, 5.7, 6.21, 5.84, 5.6, 5.7, 5.66, 5.25, 4.58, 4.15, 4.06, 4.15, 4.06, 3.68, 4.13, 4.22, 3.99, 4.2, 3.41, 3.06, 2.59, 2.52, 2.95, 2.63, 2.15, 2.56, 2.43, 1.74, 1.45, 1.65, 1.35, 1.11, 1.34, 1.32, 1.52, 1.32, 2.0, 3.27, 4.08, 4.83, 4.33, 3.68, 3.26, 2.81, 2.33, 2.16, 2.01, 1.78, 1.61, 1.42, 1.48, 1.94, 2.8, 2.99, 3.28, 1.61, 1.63, 2.1, 1.99, 1.0, 0, 1.54, 3.08, 4.145, 3.81, 3.14, 4.34, 5.736, 6.526, 5.88, 5.13, 4.59, 3.79], [5.68, 5.03, 4.49, 4.37, 4.26, 4.3, 4.72, 5.13, 4.74, 4.74, 4.77, 5.43, 6.24, 6.55, 6.9, 7.43, 7.06, 6.78, 6.9, 6.74, 6.27, 5.6, 5.19, 4.88, 4.65, 4.3, 3.86, 4.25, 4.04, 3.59, 3.4, 3.01, 2.86, 2.27, 2.16, 2.59, 2.75, 2.95, 3.08, 2.97, 2.62, 2.65, 2.83, 2.37, 1.65, 1.92, 2.4, 2.82, 2.66, 2.14, 2.83, 3.34, 3.93, 3.47, 2.98, 2.84, 2.45, 2.25, 2.04, 1.79, 1.44, 1.33, 1.46, 2.52, 3.12, 3.94, 4.21, 4.7, 2.75, 1.29, 1.56, 1.53, 1.2, 1.54, 0, 1.84, 2.93, 2.69, 2.14, 3.26, 4.68, 5.398, 4.72, 4.59, 4.09, 3.51], [6.76, 6.11, 5.57, 5.45, 5.28, 5.32, 5.76, 6.19, 5.86, 5.88, 5.93, 6.63, 7.48, 7.965, 8.18, 8.67, 8.3, 7.98, 8.08, 7.88, 7.39, 6.72, 6.31, 5.96, 5.71, 5.38, 4.72, 4.83, 4.06, 3.05, 2.72, 3.33, 3.44, 2.97, 2.92, 3.43, 3.71, 3.99, 4.04, 3.95, 3.74, 3.97, 4.27, 3.85, 2.97, 3.4, 3.898, 4.398, 4.104, 2.92, 2.65, 2.56, 2.81, 2.53, 2.6, 2.8, 2.81, 3.01, 2.96, 2.61, 2.44, 2.33, 2.62, 3.72, 4.34, 5.12, 5.39, 5.98, 4.243, 1.89, 1.58, 1.59, 2.48, 3.08, 1.84, 0, 1.29, 1.19, 0.92, 1.86, 3.14, 3.73, 3.6, 3.59, 3.17, 2.87], [6.91, 6.22, 5.72, 5.54, 5.31, 5.27, 5.83, 6.24, 6.01, 6.07, 6.22, 7.178, 8.217, 8.71, 8.79, 9.238, 8.945, 8.47, 8.568, 8.35, 7.62, 6.93, 6.52, 6.07, 5.86, 5.55, 4.81, 4.68, 3.79, 2.68, 2.39, 3.24, 3.33, 3.02, 2.97, 3.32, 3.8, 4.2, 4.17, 4.1, 4.31, 4.72, 5.14, 4.96, 4.064, 4.574, 4.965, 5.302, 5.034, 3.48, 2.68, 2.01, 2.0, 1.9, 2.41, 2.83, 2.96, 3.3, 3.29, 3.075, 3.043, 3.104, 3.354, 4.39, 4.997, 5.757, 6.164, 6.914, 5.164, 2.824, 2.29, 2.44, 3.51, 4.145, 2.93, 1.29, 0, 0.9, 1.27, 1.45, 2.47, 3.02, 3.51, 3.76, 3.4, 3.36], [6.71, 6.06, 5.54, 5.4, 5.11, 5.11, 5.67, 6.02, 5.69, 5.75, 5.88, 6.82, 7.71, 8.14, 8.29, 8.76, 8.47, 8.07, 8.21, 8.01, 7.38, 6.67, 6.3, 5.85, 5.66, 5.33, 4.63, 4.6, 3.67, 2.58, 2.33, 3.1, 3.21, 2.78, 2.85, 3.24, 3.76, 3.86, 4.01, 3.94, 3.83, 4.34, 4.82, 4.68, 3.7, 4.23, 4.601, 4.89, 4.57, 2.93, 2.42, 1.89, 1.96, 1.82, 2.29, 2.59, 2.7, 2.98, 2.93, 2.72, 2.65, 2.56, 2.85, 3.97, 4.49, 5.17, 5.64, 6.39, 4.7, 2.34, 1.93, 2.08, 3.11, 3.81, 2.69, 1.19, 0.9, 0, 1.07, 1.33, 2.61, 3.2, 3.57, 3.56, 3.32, 3.34], [6.34, 5.69, 5.15, 5.03, 4.88, 4.92, 5.36, 5.77, 5.4, 5.46, 5.55, 6.41, 7.28, 7.73, 7.98, 8.45, 8.08, 7.72, 7.8, 7.58, 6.97, 6.28, 5.89, 5.52, 5.27, 4.94, 4.32, 4.59, 3.88, 2.89, 2.52, 3.05, 3.22, 2.63, 2.62, 3.17, 3.47, 3.63, 3.7, 3.61, 3.54, 3.79, 4.17, 3.95, 3.09, 3.5, 3.9, 4.22, 3.94, 2.54, 2.29,