[[0, 0.86, 0.91, 1.5, 3.136, 4.21, 4.39, 4.02, 3.47, 3.21, 2.76, 2.74, 2.71, 3.43, 3.35, 2.91, 2.92, 3.47, 3.81, 3.14, 3.03, 3.26, 3.23, 3.6, 3.821, 3.381, 3.263, 3.401, 3.028, 3.2, 3.15, 2.5, 2.34, 2.32, 2.14, 1.85, 2.61, 3.569, 2.47, 2.64, 3.1, 3.549, 4.201, 4.479, 4.689, 5.651, 5.882, 6.408, 7.123, 6.841, 6.651, 6.386, 6.178, 6.689, 7.682, 8.496, 9.217, 9.023, 9.0, 9.158, 8.868, 9.058, 10.335, 9.599, 9.149, 10.435, 11.06, 11.448, 11.415, 10.654, 10.586, 11.006, 11.979, 11.68, 10.688, 8.655, 7.722, 7.832, 7.973, 7.853, 7.206, 7.08, 7.514, 7.37, 7.048, 7.097], [0.86, 0, 0.59, 0.98, 2.476, 3.55, 3.73, 3.36, 2.83, 2.59, 2.02, 2.02, 2.01, 2.73, 2.85, 2.57, 2.44, 2.97, 3.23, 2.48, 2.37, 2.6, 2.57, 2.9, 3.078, 2.661, 2.51, 2.67, 2.38, 2.46, 2.51, 1.84, 1.9, 1.9, 1.82, 1.79, 2.11, 2.824, 1.89, 2.0, 2.36, 2.809, 3.441, 3.719, 3.929, 4.901, 5.122, 5.648, 6.377, 6.104, 5.891, 5.647, 5.441, 5.949, 6.922, 7.754, 8.523, 8.363, 8.323, 8.413, 8.14, 8.33, 9.59, 8.863, 8.407, 9.683, 10.315, 10.688, 10.655, 9.906, 9.835, 10.255, 11.239, 10.953, 9.957, 7.895, 6.962, 7.072, 7.227, 7.113, 6.463, 6.337, 6.786, 6.628, 6.3, 6.367], [0.91, 0.59, 0, 0.75, 2.48, 3.52, 3.7, 3.33, 2.8, 2.62, 2.15, 2.11, 2.18, 2.86, 2.7, 2.44, 2.29, 2.84, 3.14, 2.51, 2.36, 2.57, 2.54, 2.95, 3.151, 2.711, 2.64, 2.84, 2.45, 2.53, 2.48, 1.81, 1.75, 1.71, 1.63, 1.64, 2.04, 2.92, 2.04, 2.11, 2.47, 2.919, 3.58, 3.85, 4.059, 5.011, 5.242, 5.768, 6.471, 6.191, 5.981, 5.716, 5.508, 6.019, 7.012, 7.826, 8.547, 8.353, 8.33, 8.488, 8.198, 8.388, 9.665, 8.929, 8.479, 9.765, 10.39, 10.778, 10.73, 9.984, 9.916, 10.336, 11.317, 11.01, 10.018, 7.978, 7.052, 7.161, 7.318, 7.2, 6.553, 6.416, 6.856, 6.7, 6.358, 6.427], [1.5, 0.98, 0.75, 0, 2.09, 3.07, 3.27, 2.94, 2.39, 2.21, 1.72, 1.8, 1.89, 2.53, 2.53, 2.33, 2.1, 2.57, 2.87, 2.18, 2.01, 2.18, 2.17, 2.64, 2.79, 2.38, 2.45, 2.57, 2.26, 2.12, 2.07, 1.4, 1.5, 1.52, 1.5, 1.63, 1.87, 2.55, 1.95, 2.02, 2.2, 2.59, 3.27, 3.54, 3.71, 4.67, 4.872, 5.398, 6.11, 5.841, 5.62, 5.35, 5.17, 5.67, 6.64, 7.456, 8.137, 7.943, 7.92, 8.078, 7.791, 7.981, 9.255, 8.559, 8.069, 9.372, 9.997, 10.385, 10.352, 9.591, 9.523, 9.958, 10.936, 10.644, 9.638, 7.595, 6.696, 6.806, 6.96, 6.84, 6.19, 6.05, 6.47, 6.32, 5.98, 6.038], [3.136, 2.476, 2.48, 2.09, 0, 1.32, 1.58, 1.27, 1.02, 0.9, 1.11, 1.07, 1.06, 1.28, 1.92, 1.92, 1.65, 1.66, 1.58, 1.19, 1.02, 1.17, 1.36, 1.55, 1.42, 1.29, 1.74, 1.66, 1.57, 0.99, 0.9, 1.23, 1.51, 1.75, 2.03, 2.72, 1.64, 1.46, 1.88, 1.93, 1.83, 1.94, 1.98, 2.21, 2.32, 2.82, 2.9, 3.38, 4.12, 3.86, 3.63, 3.36, 3.18, 3.72, 4.71, 5.53, 6.11, 5.97, 5.95, 6.04, 5.75, 5.928, 7.24, 6.61, 6.1, 7.339, 7.98, 8.342, 8.306, 7.542, 7.473, 7.909, 8.887, 8.611, 7.605, 5.56, 4.67, 4.776, 4.93, 4.81, 4.16, 4.02, 4.44, 4.31, 3.97, 4.02], [4.21, 3.55, 3.52, 3.07, 1.32, 0, 0.62, 0.63, 1.02, 1.42, 1.83, 1.87, 1.72, 1.5, 2.28, 2.42, 2.13, 2.06, 1.92, 1.31, 1.36, 1.33, 1.6, 1.87, 1.86, 1.89, 2.38, 2.2, 2.19, 1.81, 1.62, 2.11, 2.33, 2.71, 3.11, 3.86, 2.5, 1.94, 2.94, 2.99, 2.83, 2.82, 2.7, 2.81, 2.72, 2.56, 2.3, 2.54, 3.2, 2.92, 2.75, 2.54, 2.46, 2.92, 3.75, 4.51, 5.11, 4.91, 4.91, 5.06, 4.77, 4.948, 6.222, 5.51, 5.036, 6.339, 6.968, 7.362, 7.326, 6.562, 6.493, 6.949, 7.927, 7.65, 6.64, 4.6, 3.71, 3.82, 3.97, 3.85, 3.2, 3.08, 3.48, 3.37, 3.03, 3.08], [4.39, 3.73, 3.7, 3.27, 1.58, 0.62, 0, 0.83, 1.28, 1.72, 2.17, 2.15, 2.12, 1.86, 2.5, 2.72, 2.43, 2.24, 2.08, 1.75, 1.62, 1.69, 1.96, 2.17, 2.18, 2.29, 2.68, 2.5, 2.53, 2.11, 1.92, 2.39, 2.75, 3.09, 3.35, 4.1, 2.7, 2.08, 3.22, 3.35, 3.15, 3.18, 3.08, 3.17, 3.1, 2.74, 2.38, 2.5, 3.0, 2.82, 2.63, 2.42, 2.38, 2.66, 3.47, 4.27, 4.93, 4.75, 4.75, 4.868, 4.561, 4.751, 6.045, 5.37, 4.879, 6.142, 6.771, 7.165, 7.129, 6.365, 6.296, 6.732, 7.71, 7.435, 6.428, 4.4, 3.49, 3.6, 3.75, 3.63, 3.04, 2.96, 3.26, 3.15, 2.81, 2.88], [4.02, 3.36, 3.33, 2.94, 1.27, 0.63, 0.83, 0, 0.75, 1.27, 1.72, 1.72, 1.59, 1.39, 1.93, 2.21, 1.94, 1.79, 1.55, 1.22, 1.31, 1.5, 1.67, 1.92, 1.93, 1.98, 2.33, 2.15, 2.1, 1.68, 1.61, 2.08, 2.34, 2.7, 3.18, 3.85, 2.55, 2.07, 2.97, 3.0, 2.88, 2.87, 2.75, 2.9, 2.81, 2.69, 2.51, 2.83, 3.33, 3.13, 2.84, 2.61, 2.51, 2.87, 3.82, 4.64, 5.277, 5.08, 5.04, 5.198, 4.911, 5.101, 6.375, 5.639, 5.189, 6.492, 7.117, 7.505, 7.472, 6.711, 6.643, 7.082, 8.06, 7.765, 6.758, 4.735, 3.82, 3.93, 4.08, 3.96, 3.31, 3.17, 3.59, 3.48, 3.14, 3.21], [3.47, 2.83, 2.8, 2.39, 1.02, 1.02, 1.28, 0.75, 0, 0.82, 1.23, 1.35, 1.16, 1.12, 1.94, 2.16, 1.81, 1.56, 1.48, 1.01, 1.06, 1.53, 1.68, 1.87, 1.68, 1.69, 2.12, 1.92, 1.91, 1.29, 1.22, 1.65, 2.03, 2.41, 2.83, 3.44, 2.28, 2.12, 2.62, 2.59, 2.55, 2.64, 2.56, 2.73, 2.68, 2.78, 2.82, 3.24, 3.86, 3.58, 3.35, 3.1, 2.98, 3.36, 4.31, 5.13, 5.787, 5.61, 5.59, 5.728, 5.441, 5.631, 6.905, 6.21, 5.759, 7.022, 7.647, 8.035, 8.002, 7.241, 7.173, 7.612, 8.59, 8.295, 7.288, 5.265, 4.35, 4.46, 4.61, 4.49, 3.84, 3.7, 4.14, 4.01, 3.67, 3.74], [3.21, 2.59, 2.62, 2.21, 0.9, 1.42, 1.72, 1.27, 0.82, 0, 0.89, 0.97, 1.02, 1.14, 1.9, 2.28, 1.81, 1.5, 1.38, 1.17, 1.18, 1.25, 1.22, 1.43, 1.46, 1.41, 1.78, 1.52, 1.41, 0.93, 0.98, 1.11, 1.69, 1.99, 2.59, 3.28, 2.3, 1.84, 2.28, 2.27, 2.23, 2.06, 2.08, 2.27, 2.4, 2.82, 2.96, 3.36, 4.08, 3.8, 3.55, 3.28, 3.14, 3.56, 4.51, 5.33, 6.013, 5.85, 5.81, 5.963, 5.661, 5.851, 7.125, 6.45, 5.979, 7.225, 7.87, 8.238, 8.205, 7.444, 7.376, 7.831, 8.809, 8.515, 7.508, 5.465, 4.55, 4.66, 4.81, 4.69, 4.04, 3.92, 4.36, 4.23, 3.89, 3.96], [2.76, 2.02, 2.15, 1.72, 1.11, 1.83, 2.17, 1.72, 1.23, 0.89, 0, 0.66, 0.71, 1.13, 1.63, 1.81, 1.4, 1.33, 1.45, 1.24, 1.07, 1.22, 1.27, 1.5, 1.31, 1.1, 1.51, 1.51, 1.32, 1.04, 0.91, 0.96, 1.32, 1.64, 2.12, 2.77, 1.75, 1.63, 1.73, 1.68, 1.82, 1.99, 2.07, 2.3, 2.47, 3.17, 3.29, 3.81, 4.53, 4.25, 4.0, 3.73, 3.55, 4.03, 4.98, 5.794, 6.563, 6.42, 6.38, 6.453, 6.163, 6.353, 7.61, 6.9, 6.45, 7.686, 8.317, 8.703, 8.667, 7.909, 7.837, 8.27, 9.251, 8.979, 7.978, 5.915, 5.005, 5.115, 5.28, 5.156, 4.51, 4.39, 4.87, 4.7, 4.36, 4.43], [2.74, 2.02, 2.11, 1.8, 1.07, 1.87, 2.15, 1.72, 1.35, 0.97, 0.66, 0, 0.69, 1.27, 1.71, 1.79, 1.44, 1.35, 1.43, 1.36, 1.27, 1.3, 1.33, 1.62, 1.33, 1.22, 1.59, 1.53, 1.3, 1.06, 0.95, 0.92, 1.32, 1.68, 2.12, 2.79, 1.63, 1.61, 1.75, 1.78, 1.96, 2.15, 2.27, 2.46, 2.57, 3.23, 3.35, 3.841, 4.57, 4.29, 4.04, 3.79, 3.59, 4.09, 5.06, 5.837, 6.646, 6.486, 6.446, 6.536, 6.263, 6.436, 7.684, 6.926, 6.47, 7.752, 8.352, 8.726, 8.71, 7.949, 7.866, 8.333, 9.326, 9.008, 8.001, 5.958, 5.06, 5.17, 5.32, 5.2, 4.57, 4.43, 4.95, 4.76, 4.38, 4.45], [2.71, 2.01, 2.18, 1.89, 1.06, 1.72, 2.12, 1.59, 1.16, 1.02, 0.71, 0.69, 0, 0.96, 1.66, 1.7, 1.33, 1.46, 1.48, 0.89, 1.06, 1.43, 1.46, 1.69, 1.5, 1.27, 1.7, 1.74, 1.55, 1.21, 1.1, 1.21, 1.59, 1.93, 2.33, 2.88, 1.74, 1.74, 1.94, 1.89, 2.05, 2.28, 2.46, 2.67, 2.74, 3.3, 3.36, 3.86, 4.58, 4.3, 4.05, 3.78, 3.6, 4.06, 5.07, 5.888, 6.636, 6.476, 6.436, 6.526, 6.253, 6.426, 7.674, 6.956, 6.48, 7.742, 8.37, 8.756, 8.72, 7.962, 7.89, 8.323, 9.304, 9.032, 8.031, 5.968, 5.058, 5.188, 5.341, 5.209, 4.562, 4.448, 4.94, 4.75, 4.41, 4.48], [3.43, 2.73, 2.86, 2.53, 1.28, 1.5, 1.86, 1.39, 1.12, 1.14, 1.13, 1.27, 0.96, 0, 1.6, 2.12, 1.71, 1.44, 1.12, 1.07, 1.18, 1.37, 1.5, 1.37, 1.34, 1.45, 1.74, 1.72, 1.63, 1.19, 1.18, 1.67, 1.99, 2.37, 2.85, 3.46, 2.22, 1.82, 2.52, 2.47, 2.47, 2.54, 2.5, 2.45, 2.5, 2.78, 2.74, 3.16, 3.86, 3.58, 3.33, 3.04, 2.86, 3.32, 4.35, 5.17, 5.89, 5.73, 5.69, 5.763, 5.481, 5.663, 6.952, 6.25, 5.78, 7.042, 7.665, 8.041, 7.988, 7.239, 7.167, 7.594, 8.581, 8.309, 7.308, 5.245, 4.335, 4.445, 4.601, 4.486, 3.839, 3.72, 4.16, 4.03, 3.69, 3.76], [3.35, 2.85, 2.7, 2.53, 1.92, 2.28, 2.5, 1.93, 1.94, 1.9, 1.63, 1.71, 1.66, 1.6, 0, 1.08, 0.91, 0.92, 1.1, 1.79, 1.9, 2.07, 2.04, 2.07, 2.04, 1.89, 1.98, 2.3, 1.93, 1.75, 1.6, 1.59, 1.59, 1.83, 2.41, 3.02, 1.78, 2.12, 2.36, 2.45, 2.87, 2.86, 3.04, 3.11, 3.16, 3.5, 3.4, 3.66, 4.24, 3.96, 3.71, 3.38, 3.2, 3.72, 4.67, 5.49, 6.09, 5.891, 5.859, 5.974, 5.707, 5.84, 7.16, 6.514, 6.03, 7.256, 7.882, 8.23, 8.197, 7.436, 7.367, 7.823, 8.801, 8.511, 7.51, 5.491, 4.601, 4.691, 4.846, 4.732, 4.1, 4.0, 4.44, 4.33, 3.99, 4.06], [2.91, 2.57, 2.44, 2.33, 1.92, 2.42, 2.72, 2.21, 2.16, 2.28, 1.81, 1.79, 1.7, 2.12, 1.08, 0, 0.73, 1.42, 1.8, 1.77, 1.9, 2.21, 2.38, 2.75, 2.62, 2.31, 2.64, 2.92, 2.57, 2.43, 2.0, 1.75, 1.71, 1.73, 1.85, 2.32, 1.72, 2.38, 2.28, 2.53, 2.89, 3.18, 3.5, 3.73, 3.8, 4.32, 4.24, 4.54, 5.14, 4.84, 4.61, 4.26, 4.02, 4.56, 5.53, 6.345, 6.916, 6.731, 6.694, 6.835, 6.55, 6.706, 7.989, 7.323, 6.826, 8.102, 8.707, 9.076, 9.043, 8.282, 8.213, 8.649, 9.647, 9.357, 8.336, 6.373, 5.483, 5.553, 5.729, 5.63, 5.0, 4.92, 5.32, 5.23, 4.89, 4.942], [2.92, 2.44, 2.29, 2.1, 1.65, 2.13, 2.43, 1.94, 1.81, 1.81, 1.4, 1.44, 1.33, 1.71, 0.91, 0.73, 0, 0.97, 1.39, 1.44, 1.53, 1.76, 1.89, 2.3, 2.19, 1.9, 2.23, 2.47, 2.12, 1.96, 1.55, 1.4, 1.46, 1.68, 2.08, 2.65, 1.67, 2.13, 2.11, 2.26, 2.64, 2.73, 3.05, 3.3, 3.39, 3.95, 3.89, 4.23, 4.93, 4.63, 4.4, 4.07, 3.79, 4.33, 5.26, 6.06, 6.669, 6.494, 6.432, 6.57, 6.303, 6.458, 7.713, 7.046, 6.536, 7.815, 8.44, 8.809, 8.776, 8.015, 7.946, 8.402, 9.4, 9.11, 8.089, 6.126, 5.236, 5.286, 5.482, 5.388, 4.79, 4.73, 5.11, 5.02, 4.68, 4.735], [3.47, 2.97, 2.84, 2.57, 1.66, 2.06, 2.24, 1.79, 1.56, 1.5, 1.33, 1.35, 1.46, 1.44, 0.92, 1.42, 0.97, 0, 0.88, 1.57, 1.72, 1.83, 1.68, 1.77, 1.72, 1.71, 1.82, 2.0, 1.65, 1.41, 1.3, 1.39, 1.57, 1.93, 2.45, 3.2, 2.04, 2.12, 2.3, 2.37, 2.69, 2.72, 2.72, 2.85, 2.8, 3.3, 3.28, 3.64, 4.32, 4.02, 3.79, 3.44, 3.16, 3.64, 4.69, 5.46, 6.071, 5.911, 5.848, 5.943, 5.676, 5.826, 7.13, 6.486, 5.976, 7.192, 7.853, 8.182, 8.129, 7.367, 7.299, 7.755, 8.753, 8.463, 7.442, 5.479, 4.589, 4.639, 4.835, 4.741, 4.154, 4.091, 4.48, 4.387, 4.05, 4.12], [3.81, 3.23, 3.14, 2.87, 1.58, 1.92, 2.08, 1.55, 1.48, 1.38, 1.45, 1.43, 1.48, 1.12, 1.1, 1.8, 1.39, 0.88, 0, 1.53, 1.8, 1.83, 1.76, 1.65, 1.6, 1.79, 1.8, 1.76, 1.45, 1.29, 1.28, 1.65, 1.91, 2.27, 2.91, 3.6, 2.24, 2.12, 2.6, 2.65, 2.83, 2.84, 2.78, 2.77, 2.66, 2.86, 2.74, 3.08, 3.76, 3.48, 3.23, 2.92, 2.74, 3.22, 4.19, 4.94, 5.551, 5.351, 5.328, 5.443, 5.156, 5.331, 6.658, 5.966, 5.456, 6.712, 7.354, 7.702, 7.649, 6.907, 6.859, 7.315, 8.293, 8.003, 7.002, 4.999, 4.109, 4.199, 4.375, 4.261, 3.64, 3.571, 4.0, 3.907, 3.57, 3.608], [3.14, 2.48, 2.51, 2.18, 1.19, 1.31, 1.75, 1.22, 1.01, 1.17, 1.24, 1.36, 0.89, 1.07, 1.79, 1.77, 1.44, 1.57, 1.53, 0, 0.73, 1.16, 1.37, 1.62, 1.73, 1.64, 2.07, 2.03, 1.94, 1.44, 1.39, 1.64, 1.96, 2.32, 2.6, 3.11, 2.09, 1.89, 2.43, 2.42, 2.42, 2.55, 2.67, 2.76, 2.79, 3.19, 3.25, 3.67, 4.37, 4.09, 3.84, 3.53, 3.35, 3.83, 4.86, 5.627, 6.229, 6.044, 5.987, 6.15, 5.863, 5.998, 7.293, 6.606, 6.139, 7.415, 8.0, 8.389, 8.356, 7.595, 7.526, 7.982, 8.96, 8.67, 7.669, 5.666, 4.776, 4.866, 5.042, 4.928, 4.281, 4.198, 4.61, 4.52, 4.18, 4.215], [3.03, 2.37, 2.36, 2.01, 1.02, 1.36, 1.62, 1.31, 1.06, 1.18, 1.07, 1.27, 1.06, 1.18, 1.9, 1.9, 1.53, 1.72, 1.8, 0.73, 0, 0.89, 1.3, 1.65, 1.84, 1.65, 2.18, 2.24, 2.03, 1.55, 1.34, 1.47, 1.97, 2.29, 2.53, 3.12, 1.96, 1.68, 2.34, 2.35, 2.35, 2.42, 2.44, 2.65, 2.78, 3.18, 3.253, 3.699, 4.44, 4.16, 3.91, 3.62, 3.44, 3.94, 4.824, 5.638, 6.339, 6.151, 6.111, 6.263, 5.938, 6.128, 7.423, 6.737, 6.277, 7.505, 8.13, 8.519, 8.486, 7.725, 7.656, 8.092, 9.07, 8.78, 7.779, 5.759, 4.866, 4.976, 5.132, 5.018, 4.371, 4.268, 4.703, 4.604, 4.252, 4.305], [3.26, 2.6, 2.57, 2.18, 1.17, 1.33, 1.69, 1.5, 1.53, 1.25, 1.22, 1.3, 1.43, 1.37, 2.07, 2.21, 1.76, 1.83, 1.83, 1.16, 0.89, 0, 0.69, 1.26, 1.57, 1.48, 1.79, 1.81, 1.58, 1.34, 1.23, 1.28, 1.54, 1.88, 2.42, 3.13, 2.11, 1.47, 2.13, 2.2, 2.16, 1.97, 2.01, 2.18, 2.43, 2.85, 2.866, 3.352, 4.075, 3.795, 3.568, 3.344, 3.17, 3.75, 4.598, 5.395, 6.092, 5.877, 5.834, 5.976, 5.686, 5.876, 7.15, 6.474, 5.984, 7.252, 7.877, 8.266, 8.233, 7.472, 7.403, 7.839, 8.817, 8.507, 7.506, 5.486, 4.559, 4.669, 4.825, 4.711, 4.064, 3.961, 4.376, 4.237, 3.885, 3.958], [3.23, 2.57, 2.54, 2.17, 1.36, 1.6, 1.96, 1.67, 1.68, 1.22, 1.27, 1.33, 1.46, 1.5, 2.04, 2.38, 1.89, 1.68, 1.76, 1.37, 1.3, 0.69, 0, 0.73, 1.36, 1.27, 1.4, 1.28, 1.17, 1.05, 1.08, 1.13, 1.27, 1.67, 2.27, 3.04, 2.22, 1.54, 1.92, 1.99, 1.95, 1.76, 1.74, 1.91, 2.1, 2.78, 2.896, 3.382, 4.125, 3.845, 3.618, 3.374, 3.24, 3.88, 4.743, 5.474, 6.122, 5.907, 5.884, 6.023, 5.736, 5.906, 7.18, 6.504, 6.014, 7.282, 7.907, 8.296, 8.263, 7.502, 7.433, 7.869, 8.847, 8.537, 7.536, 5.516, 4.589, 4.699, 4.855, 4.741, 4.094, 3.951, 4.406, 4.287, 3.935, 4.028], [3.6, 2.9, 2.95, 2.64, 1.55, 1.87, 2.17, 1.92, 1.87, 1.43, 1.5, 1.62, 1.69, 1.37, 2.07, 2.75, 2.3, 1.77, 1.65, 1.62, 1.65, 1.26, 0.73, 0, 1.01, 1.3, 1.21, 1.05, 1.14, 1.0, 1.15, 1.5, 1.54, 1.8, 2.32, 3.13, 2.37, 1.63, 2.03, 2.06, 2.02, 1.79, 1.73, 1.74, 1.89, 2.37, 2.51, 2.99, 3.726, 3.43, 3.2, 2.93, 2.83, 3.57, 4.52, 5.215, 5.727, 5.587, 5.529, 5.663, 5.359, 5.507, 6.802, 6.124, 5.666, 6.89, 7.513, 7.895, 7.827, 7.086, 7.017, 7.433, 8.411, 8.101, 7.129, 5.121, 4.191, 4.281, 4.436, 4.322, 3.675, 3.552, 4.027, 3.888, 3.58, 3.69], [3.821, 3.078, 3.151, 2.79, 1.42, 1.86, 2.18, 1.93, 1.68, 1.46, 1.31, 1.33, 1.5, 1.34, 2.04, 2.62, 2.19, 1.72, 1.6, 1.73, 1.84, 1.57, 1.36, 1.01, 0, 0.79, 1.28, 0.98, 1.35, 1.13, 1.04, 1.59, 1.61, 1.99, 2.41, 3.1, 1.96, 1.48, 1.86, 1.93, 1.85, 1.84, 1.54, 1.65, 1.72, 2.1, 2.28, 2.74, 3.48, 3.34, 2.95, 2.92, 2.82, 3.54, 4.53, 5.19, 5.87, 5.81, 5.73, 5.66, 5.273, 5.457, 6.786, 6.159, 5.609, 6.74, 7.346, 7.717, 7.652, 6.94, 6.837, 7.235, 8.219, 7.918, 6.926, 4.917, 3.97, 4.08, 4.21, 4.11, 3.48, 3.34, 3.86, 3.71, 3.43, 3.48], [3.381, 2.661, 2.711, 2.38, 1.29, 1.89, 2.29, 1.98, 1.69, 1.41, 1.1, 1.22, 1.27, 1.45, 1.89, 2.31, 1.9, 1.71, 1.79, 1.64, 1.65, 1.48, 1.27, 1.3, 0.79, 0, 1.11, 1.23, 1.42, 1.16, 1.07, 1.34, 1.46, 1.72, 2.14, 2.83, 1.71, 1.37, 1.67, 1.76, 1.84, 1.87, 1.69, 1.88, 2.05, 2.63, 2.726, 3.286, 4.03, 3.81, 3.52, 3.37, 3.17, 3.91, 4.84, 5.6, 6.3, 6.24, 6.22, 6.19, 5.863, 6.036, 7.316, 6.689, 6.139, 7.307, 7.896, 8.209, 8.128, 7.447, 7.41, 7.762, 8.669, 8.471, 7.496, 5.442, 4.5, 4.61, 4.8, 4.72, 4.09, 3.95, 4.47, 4.28, 3.94, 4.03], [3.263, 2.51, 2.64, 2.45, 1.74, 2.38, 2.68, 2.33, 2.12, 1.78, 1.51, 1.59, 1.7, 1.74, 1.98, 2.64, 2.23, 1.82, 1.8, 2.07, 2.18, 1.79, 1.4, 1.21, 1.28, 1.11, 0, 1.0, 0.99, 1.23, 1.24, 1.55, 1.59, 1.71, 2.25, 2.74, 1.94, 1.7, 1.4, 1.55, 1.73, 1.72, 1.72, 1.71, 1.76, 2.58, 2.785, 3.271, 4.0, 3.84, 3.47, 3.34, 3.28, 3.88, 4.79, 5.57, 6.29, 6.23, 6.17, 6.155, 5.868, 6.012, 7.303, 6.662, 6.138, 7.292, 7.877, 8.268, 8.212, 7.472, 7.392, 7.815, 8.814, 8.507, 7.506, 5.494, 4.55, 4.64, 4.79, 4.67, 4.06, 3.92, 4.44, 4.27, 3.95, 3.98], [3.401, 2.67, 2.84, 2.57, 1.66, 2.2, 2.5, 2.15, 1.92, 1.52, 1.51, 1.53, 1.74, 1.72, 2.3, 2.92, 2.47, 2.0, 1.76, 2.03, 2.24, 1.81, 1.28, 1.05, 0.98, 1.23, 1.0, 0, 0.83, 1.05, 1.24, 1.51, 1.67, 1.87, 2.45, 3.04, 2.32, 1.92, 1.76, 1.85, 1.85, 1.84, 1.76, 1.93, 1.96, 2.44, 2.62, 3.14, 3.86, 3.68, 3.35, 3.2, 3.02, 3.64, 4.61, 5.31, 6.11, 6.01, 5.97, 6.0, 5.693, 5.883, 7.14, 6.47, 5.96, 7.114, 7.714, 8.088, 8.058, 7.294, 7.231, 7.658, 8.651, 8.344, 7.343, 5.3, 4.35, 4.46, 4.63, 4.51, 3.88, 3.74, 4.3, 4.13, 3.81, 3.84], [3.028, 2.38, 2.45, 2.26, 1.57, 2.19, 2.53, 2.1, 1.91, 1.41, 1.32, 1.3, 1.55, 1.63, 1.93, 2.57, 2.12, 1.65, 1.45, 1.94, 2.03, 1.58, 1.17, 1.14, 1.35, 1.42, 0.99, 0.83, 0, 1.0, 1.13, 1.2, 1.36, 1.6, 2.24, 2.81, 2.09, 1.97, 1.67, 1.72, 1.96, 1.95, 2.05, 2.08, 2.13, 2.75, 2.95, 3.47, 4.19, 3.91, 3.7, 3.45, 3.27, 3.85, 4.7, 5.48, 6.26, 6.1, 6.06, 6.15, 5.86, 6.05, 7.31, 6.6, 6.13, 7.409, 8.038, 8.432, 8.396, 7.632, 7.563, 7.995, 8.977, 8.682, 7.695, 5.65, 4.74, 4.85, 5.0, 4.88, 4.23, 4.09, 4.53, 4.38, 4.08, 4.11], [3.2, 2.46, 2.53, 2.12, 0.99, 1.81, 2.11, 1.68, 1.29, 0.93, 1.04, 1.06, 1.21, 1.19, 1.75, 2.43, 1.96, 1.41, 1.29, 1.44, 1.55, 1.34, 1.05, 1.0, 1.13, 1.16, 1.23, 1.05, 1.0, 0, 0.71, 1.12, 1.32, 1.64, 2.2, 2.83, 1.99, 1.63, 1.87, 1.9, 1.94, 1.95, 1.91, 2.02, 2.09, 2.71, 2.89, 3.39, 4.13, 3.87, 3.62, 3.35, 3.17, 3.63, 4.66, 5.44, 6.1, 6.0, 5.96, 5.99, 5.7, 5.87, 7.19, 6.56, 6.05, 7.252, 7.921, 8.275, 8.239, 7.475, 7.406, 7.862, 8.84, 8.565, 7.558, 5.53, 4.62, 4.73, 4.88, 4.76, 4.11, 3.99, 4.41, 4.28, 3.94, 3.97], [3.15, 2.51, 2.48, 2.07, 0.9, 1.62, 1.92, 1.61, 1.22, 0.98, 0.91, 0.95, 1.1, 1.18, 1.6, 2.0, 1.55, 1.3, 1.28, 1.39, 1.34, 1.23, 1.08, 1.15, 1.04, 1.07, 1.24, 1.24, 1.13, 0.71, 0, 0.91, 1.19, 1.49, 1.97, 2.64, 1.64, 1.44, 1.66, 1.69, 1.75, 1.88, 1.92, 2.05, 2.16, 2.76, 2.94, 3.44, 4.18, 3.98, 3.67, 3.4, 3.3, 3.84, 4.67, 5.43, 6.09, 5.99, 5.97, 6.06, 5.75, 5.929, 7.26, 6.63, 6.14, 7.332, 7.974, 8.365, 8.289, 7.545, 7.476, 7.912, 8.89, 8.615, 7.608, 5.6, 4.69, 4.78, 4.93, 4.81, 4.16, 4.02, 4.46, 4.33, 3.99, 4.04], [2.5, 1.84, 1.81, 1.4, 1.23, 2.11, 2.39, 2.08, 1.65, 1.11, 0.96, 0.92, 1.21, 1.67, 1.59, 1.75, 1.4, 1.39, 1.65, 1.64, 1.47, 1.28, 1.13, 1.5, 1.59, 1.34, 1.55, 1.51, 1.2, 1.12, 0.91, 0, 0.8, 1.08, 1.64, 2.35, 1.61, 1.65, 1.43, 1.52, 1.82, 1.85, 2.21, 2.44, 2.69, 3.45, 3.63, 4.13, 4.87, 4.59, 4.36, 4.09, 3.91, 4.41, 5.3, 6.1, 6.8, 6.62, 6.6, 6.738, 6.431, 6.621, 7.915, 7.24, 6.77, 8.012, 8.641, 9.035, 8.999, 8.235, 8.166, 8.602, 9.58, 9.305, 8.298, 6.27, 5.36, 5.47, 5.62, 5.5, 4.85, 4.71, 5.15, 5.02, 4.68, 4.73], [2.34, 1.9, 1.75, 1.5, 1.51, 2.33, 2.75, 2.34, 2.03, 1.69, 1.32, 1.32, 1.59, 1.99, 1.59, 1.71, 1.46, 1.57, 1.91, 1.96, 1.97, 1.54, 1.27, 1.54, 1.61, 1.46, 1.59, 1.67, 1.36, 1.32, 1.19, 0.8, 0, 0.6, 1.26, 1.93, 1.43, 1.85, 1.25, 1.38, 1.62, 1.77, 2.23, 2.48, 2.69, 3.57, 3.75, 4.23, 4.99, 4.71, 4.48, 4.19, 4.03, 4.63, 5.6, 6.38, 6.96, 6.76, 6.709, 6.841, 6.534, 6.724, 8.038, 7.392, 6.882, 8.155, 8.763, 9.138, 9.102, 8.338, 8.269, 8.705, 9.683, 9.406, 8.401, 6.358, 5.468, 5.578, 5.733, 5.619, 4.97, 4.83, 5.27, 5.16, 4.82, 4.87], [2.32, 1.9, 1.71, 1.52, 1.75, 2.71, 3.09, 2.7, 2.41, 1.99, 1.64, 1.68, 1.93, 2.37, 1.83, 1.73, 1.68, 1.93, 2.27, 2.32, 2.29, 1.88, 1.67, 1.8, 1.99, 1.72, 1.71, 1.87, 1.6, 1.64, 1.49, 1.08, 0.6, 0, 0.88, 1.53, 1.55, 2.03, 1.29, 1.52, 1.78, 1.93, 2.43, 2.72, 2.91, 3.81, 4.01, 4.521, 5.25, 4.97, 4.74, 4.49, 4.37, 4.99, 5.92, 6.7, 7.26, 7.1, 7.032, 7.19, 6.898, 7.044, 8.362, 7.712, 7.225, 8.475, 9.063, 9.458, 9.422, 8.658, 8.589, 9.025, 10.003, 9.726, 8.721, 6.698, 5.8, 5.898, 6.053, 5.939, 5.29, 5.15, 5.57, 5.42, 5.08, 5.13], [2.14, 1.82, 1.63, 1.5, 2.03, 3.11, 3.35, 3.18, 2.83, 2.59, 2.12, 2.12, 2.33, 2.85, 2.41, 1.85, 2.08, 2.45, 2.91, 2.6, 2.53, 2.42, 2.27, 2.32, 2.41, 2.14, 2.25, 2.45, 2.24, 2.2, 1.97, 1.64, 1.26, 0.88, 0, 0.95, 1.47, 2.09, 1.49, 1.78, 1.88, 2.33, 2.85, 3.12, 3.37, 4.25, 4.45, 4.961, 5.69, 5.47, 5.18, 4.99, 4.97, 5.61, 6.52, 7.28, 7.8, 7.7, 7.58, 7.65, 7.398, 7.504, 8.836, 8.229, 7.768, 8.895, 9.568, 9.918, 9.862, 9.098, 9.029, 9.465, 10.443, 10.166, 9.161, 7.15, 6.24, 6.35, 6.493, 6.379, 5.73, 5.59, 6.01, 5.86, 5.52, 5.57], [1.85, 1.79, 1.64, 1.63, 2.72, 3.86, 4.1, 3.85, 3.44, 3.28, 2.77, 2.79, 2.88, 3.46, 3.02, 2.32, 2.65, 3.2, 3.6, 3.11, 3.12, 3.13, 3.04, 3.13, 3.1, 2.83, 2.74, 3.04, 2.81, 2.83, 2.64, 2.35, 1.93, 1.53, 0.95, 0, 1.68, 2.62, 1.88, 2.11, 2.33, 2.74, 3.38, 3.67, 3.9, 4.82, 5.02, 5.54, 6.28, 6.12, 5.81, 5.68, 5.68, 6.24, 7.19, 7.91, 8.51, 8.47, 8.27, 8.28, 7.97, 8.092, 9.492, 8.942, 8.418, 9.472, 10.118, 10.474, 10.439, 9.672, 9.592, 10.015, 10.993, 10.738, 9.78, 7.78, 6.87, 6.96, 7.09, 6.97, 6.3, 6.14, 6.56, 6.43, 6.19, 6.2], [2.61, 2.11, 2.04, 1.87, 1.64, 2.5, 2.7, 2.55, 2.28, 2.3, 1.75, 1.63, 1.74, 2.22, 1.78, 1.72, 1.67, 2.04, 2.24, 2.09, 1.96, 2.11, 2.22, 2.37, 1.96, 1.71, 1.94, 2.32, 2.09, 1.99, 1.64, 1.61, 1.43, 1.55, 1.47, 1.68, 0, 1.24, 1.38, 1.65, 1.79, 2.08, 2.46, 2.69, 2.82, 3.42, 3.52, 4.02, 4.76, 4.58, 4.27, 4.14, 4.2, 4.78, 5.75, 6.51, 7.11, 7.03, 6.83, 6.8, 6.51, 6.558, 7.972, 7.422, 6.938, 7.992, 8.638, 8.948, 8.852, 8.128, 8.039, 8.495, 9.453, 9.178, 8.2, 6.16, 5.25, 5.36, 5.51, 5.39, 4.74, 4.62, 5.04, 4.91, 4.69, 4.72], [3.569, 2.824, 2.92, 2.55, 1.46, 1.94, 2.08, 2.07, 2.12, 1.84, 1.63, 1.61, 1.74, 1.82, 2.12, 2.38, 2.13, 2.12, 2.12, 1.89, 1.68, 1.47, 1.54, 1.63, 1.48, 1.37, 1.7, 1.92, 1.97, 1.63, 1.44, 1.65, 1.85, 2.03, 2.09, 2.62, 1.24, 0, 1.64, 1.67, 1.61, 1.56, 1.64, 1.81, 1.94, 2.4, 2.48, 2.98, 3.72, 3.72, 3.31, 3.16, 3.28, 3.96, 4.93, 5.63, 6.21, 6.17, 5.99, 5.96, 5.61, 5.655, 7.152, 6.602, 6.098, 7.092, 7.738, 8.049, 7.95, 7.194, 7.14, 7.53, 8.453, 8.198, 7.24, 5.32, 4.43, 4.5, 4.55, 4.41, 3.78, 3.6, 4.04, 3.89, 3.79, 3.8], [2.47, 1.89, 2.04, 1.95, 1.88, 2.94, 3.22, 2.97, 2.62, 2.28, 1.73, 1.75, 1.94, 2.52, 2.36, 2.28, 2.11, 2.3, 2.6, 2.43, 2.34, 2.13, 1.92, 2.03, 1.86, 1.67, 1.4, 1.76, 1.67, 1.87, 1.66, 1.43, 1.25, 1.29, 1.49, 1.88, 1.38, 1.64, 0, 0.69, 1.11, 1.52, 1.94, 2.204, 2.44, 3.376, 3.652, 4.192, 4.86, 4.9, 4.41, 4.28, 4.44, 5.0, 6.01, 6.783, 7.477, 7.437, 7.28, 7.218, 6.871, 6.918, 8.415, 7.845, 7.321, 8.315, 8.955, 9.252, 9.099, 8.349, 8.292, 8.685, 9.596, 9.321, 8.343, 6.383, 5.49, 5.54, 5.63, 5.51, 4.88, 4.74, 5.217, 5.09, 5.01, 5.02], [2.64, 2.0, 2.11, 2.02, 1.93, 2.99, 3.35, 3.0, 2.59, 2.27, 1.68, 1.78, 1.89, 2.47, 2.45, 2.53, 2.26, 2.37, 2.65, 2.42, 2.35, 2.2, 1.99, 2.06, 1.93, 1.76, 1.55, 1.85, 1.72, 1.9, 1.69, 1.52, 1.38, 1.52, 1.78, 2.11, 1.65, 1.67, 0.69, 0, 0.9, 1.25, 1.71, 1.96, 2.21, 3.17, 3.522, 4.002, 4.69, 4.91, 4.42, 4.31, 4.45, 4.97, 6.04, 6.84, 7.54, 7.5, 7.298, 7.268, 6.938, 6.965, 8.442, 7.892, 7.408, 8.305, 8.948, 9.222, 9.029, 8.285, 8.265, 8.575, 9.423, 9.152, 8.253, 6.313, 5.44, 5.47, 5.52, 5.34, 4.77, 4.61, 5.01, 5.04, 5.04, 5.03], [3.1, 2.36, 2.47, 2.2, 1.83, 2.83, 3.15, 2.88, 2.55, 2.23, 1.82, 1.96, 2.05, 2.47, 2.87, 2.89, 2.64, 2.69, 2.83, 2.42, 2.35, 2.16, 1.95, 2.02, 1.85, 1.84, 1.73, 1.85, 1.96, 1.94, 1.75, 1.82, 1.62, 1.78, 1.88, 2.33, 1.79, 1.61, 1.11, 0.9, 0, 0.87, 1.31, 1.56, 1.79, 2.75, 3.21, 3.61, 4.41, 4.67, 4.22, 4.17, 4.33, 4.91, 5.94, 6.7, 7.42, 7.38, 7.14, 7.11, 6.78, 6.79, 8.25, 7.66, 7.21, 8.07, 8.71, 8.91, 8.72, 8.01, 7.97, 8.22, 9.044, 8.789, 8.007, 6.07, 5.18, 5.27, 5.26, 5.02, 4.51, 4.29, 4.65, 4.84, 4.82, 4.79], [3.549, 2.809, 2.919, 2.59, 1.94, 2.82, 3.18, 2.87, 2.64, 2.06, 1.99, 2.15, 2.28, 2.54, 2.86, 3.18, 2.73, 2.72, 2.84, 2.55, 2.42, 1.97, 1.76, 1.79, 1.84, 1.87, 1.72, 1.84, 1.95, 1.95, 1.88, 1.85, 1.77, 1.93, 2.33, 2.74, 2.08, 1.56, 1.52, 1.25, 0.87, 0, 0.78, 1.11, 1.32, 2.24, 2.64, 3.16, 3.86, 4.12, 3.73, 3.72, 3.88, 4.44, 5.49, 6.25, 6.95, 6.91, 6.69, 6.6, 6.27, 6.28, 7.72, 7.13, 6.7, 7.54, 8.2, 8.36, 8.15, 7.5, 7.46, 7.71, 8.56, 8.29, 7.42, 5.48, 4.63, 4.74, 4.73, 4.51, 3.96, 3.82, 4.22, 4.35, 4.31, 4.32], [4.201, 3.441, 3.58, 3.27, 1.98, 2.7, 3.08, 2.75, 2.56, 2.08, 2.07, 2.27, 2.46, 2.5, 3.04, 3.5, 3.05, 2.72, 2.78, 2.67, 2.44, 2.01, 1.74, 1.73, 1.54, 1.69, 1.72, 1.76, 2.05, 1.91, 1.92, 2.21, 2.23, 2.43, 2.85, 3.38, 2.46, 1.64, 1.94, 1.71, 1.31, 0.78, 0, 0.51, 0.88, 1.62, 2.06, 2.5, 3.22, 3.48, 3.07, 3.1, 3.32, 4.14, 5.19, 5.71, 6.33, 6.31, 6.09, 6.0, 5.65, 5.66, 7.12, 6.53, 6.08, 6.94, 7.54, 7.72, 7.51, 6.84, 6.84, 7.05, 7.86, 7.59, 6.8, 4.86, 4.01, 4.08, 4.07, 3.87, 3.44, 3.2, 3.6, 3.75, 3.65, 3.74], [4.479, 3.719, 3.85, 3.54, 2.21, 2.81, 3.17, 2.9, 2.73, 2.27, 2.3, 2.46, 2.67, 2.45, 3.11, 3.73, 3.3, 2.85, 2.77, 2.76, 2.65, 2.18, 1.91, 1.74, 1.65, 1.88, 1.71, 1.93, 2.08, 2.02, 2.05, 2.44, 2.48, 2.72, 3.12, 3.67, 2.69, 1.81, 2.204, 1.96, 1.56, 1.11, 0.51, 0, 0.61, 1.35, 1.95, 2.35, 3.09, 3.31, 2.88, 2.87, 3.21, 4.01, 5.04, 5.52, 6.08, 6.06, 5.86, 5.75, 5.38, 5.39, 6.85, 6.26, 5.81, 6.69, 7.35, 7.53, 7.34, 6.67, 6.61, 6.84, 7.65, 7.4, 6.63, 4.71, 3.88, 3.91, 3.94, 3.74, 3.35, 3.11, 3.37, 3.6, 3.48, 3.61], [4.689, 3.929, 4.059, 3.71, 2.32, 2.72, 3.1, 2.81, 2.68, 2.4, 2.47, 2.57, 2.74, 2.5, 3.16, 3.8, 3.39, 2.8, 2.66, 2.79, 2.78, 2.43, 2.1, 1.89, 1.72, 2.05, 1.76, 1.96, 2.13, 2.09, 2.16, 2.69, 2.69, 2.91, 3.37, 3.9, 2.82, 1.94, 2.44, 2.21, 1.79, 1.32, 0.88, 0.61, 0, 1.06, 1.7, 2.1, 2.84, 3.08, 2.65, 2.66, 3.02, 3.78, 4.83, 5.31, 5.89, 5.87, 5.67, 5.54, 5.19, 5.18, 6.6, 6.03, 5.64, 6.44, 7.1, 7.26, 7.11, 6.46, 6.38, 6.57, 7.46, 7.23, 6.4, 4.46, 3.63, 3.7, 3.75, 3.59, 3.14, 2.86, 3.28, 3.43, 3.27, 3.4], [5.651, 4.901, 5.011, 4.67, 2.82, 2.56, 2.74, 2.69, 2.78, 2.82, 3.17, 3.23, 3.3, 2.78, 3.5, 4.32, 3.95, 3.3, 2.86, 3.19, 3.18, 2.85, 2.78, 2.37, 2.1, 2.63, 2.58, 2.44, 2.75, 2.71, 2.76, 3.45, 3.57, 3.81, 4.25, 4.82, 3.42, 2.4, 3.376, 3.17, 2.75, 2.24, 1.62, 1.35, 1.06, 0, 0.96, 1.38, 2.06, 2.28, 1.93, 2.08, 2.46, 3.24, 4.25, 4.67, 5.15, 5.13, 4.99, 4.84, 4.41, 4.38, 5.8, 5.23, 4.86, 5.62, 6.22, 6.36, 6.21, 5.62, 5.54, 5.69, 6.56, 6.29, 5.46, 3.62, 2.87, 2.88, 2.97, 2.83, 2.5, 2.16, 2.6, 2.77, 2.55, 2.8], [5.882, 5.122, 5.242, 4.872, 2.9, 2.3, 2.38, 2.51, 2.82, 2.96, 3.29, 3.35, 3.36, 2.74, 3.4, 4.24, 3.89, 3.28, 2.74, 3.25, 3.253, 2.866, 2.896, 2.51, 2.28, 2.726, 2.785, 2.62, 2.95, 2.89, 2.94, 3.63, 3.75, 4.01, 4.45, 5.02, 3.52, 2.48, 3.652, 3.522, 3.21, 2.64, 2.06, 1.95, 1.7, 0.96, 0, 0.96, 1.68, 1.82, 1.49, 1.5, 1.86, 2.56, 3.57, 4.09, 4.61, 4.59, 4.41, 4.3, 3.89, 3.88, 5.32, 4.73, 4.32, 5.14, 5.74, 5.82, 5.67, 5.1, 5.04, 5.31, 6.28, 5.95, 5.02, 3.1, 2.29, 2.38, 2.47, 2.39, 1.9, 1.84, 2.2, 2.09, 1.97, 2.16], [6.408, 5.648, 5.768, 5.398, 3.38, 2.54, 2.5, 2.83, 3.24, 3.36, 3.81, 3.841, 3.86, 3.16, 3.66, 4.54, 4.23, 3.64, 3.08, 3.67, 3.699, 3.352, 3.382, 2.99, 2.74, 3.286, 3.271, 3.14, 3.47, 3.39, 3.44, 4.13, 4.23, 4.521, 4.961, 5.54, 4.02, 2.98, 4.192, 4.002, 3.61, 3.16, 2.5, 2.35, 2.1, 1.38, 0.96, 0, 1.2, 1.42, 1.17, 1.42, 1.6, 2.12, 3.05, 3.53, 4.13, 4.11, 3.89, 3.84, 3.39, 3.44, 4.86, 4.27, 3.82, 4.68, 5.26, 5.38, 5.29, 4.66, 4.6, 4.81, 5.74, 5.43, 4.58, 2.76, 1.99, 2.1, 2.23, 2.15, 1.9, 1.46, 1.56, 1.83, 1.61, 1.62], [7.123, 6.377, 6.471, 6.11, 4.12, 3.2, 3.0, 3.33, 3.86, 4.08, 4.53, 4.57, 4.58, 3.86, 4.24, 5.14, 4.93, 4.32, 3.76, 4.37, 4.44, 4.075, 4.125, 3.726, 3.48, 4.03, 4.0, 3.86, 4.19, 4.13, 4.18, 4.87, 4.99, 5.25, 5.69, 6.28, 4.76, 3.72, 4.86, 4.69, 4.41, 3.86, 3.22, 3.09, 2.84, 2.06, 1.68, 1.2, 0, 0.86, 0.95, 1.32, 1.58, 1.7, 2.47, 2.87, 3.39, 3.37, 3.19, 3.08, 2.63, 2.66, 4.02, 3.43, 3.12, 3.9, 4.5, 4.72, 4.57, 3.94, 3.86, 4.11, 4.9, 4.59, 3.66, 1.9, 1.35, 1.48, 1.49, 1.53, 1.38, 1.24, 1.14, 1.41, 1.21, 1.24], [6.841, 6.104, 6.191, 5.841, 3.86, 2.92, 2.82, 3.13, 3.58, 3.8, 4.25, 4.29, 4.3, 3.58, 3.96, 4.84, 4.63, 4.02, 3.48, 4.09, 4.16, 3.795, 3.845, 3.43, 3.34, 3.81, 3.84, 3.68, 3.91, 3.87, 3.98, 4.59, 4.71, 4.97, 5.47, 6.12, 4.58, 3.72, 4.9, 4.91, 4.67, 4.12, 3.48, 3.31, 3.08, 2.28, 1.82, 1.42, 0.86, 0, 0.81, 1.2, 1.32, 1.58, 2.25, 2.71, 3.23, 3.11, 2.91, 2.88, 2.49, 2.58, 3.7, 3.15, 2.78, 3.78, 4.36, 4.68, 4.75, 4.12, 3.94, 4.25, 5.196, 4.869, 3.88, 2.02, 1.45, 1.54, 1.69, 1.79, 1.66, 1.6, 1.4, 1.55, 1.17, 1.28], [6.651, 5.891, 5.981, 5.62, 3.63, 2.75, 2.63, 2.84, 3.35, 3.55, 4.0, 4.04, 4.05, 3.33, 3.71, 4.61, 4.4, 3.79, 3.23, 3.84, 3.91, 3.568, 3.618, 3.2, 2.95, 3.52, 3.47, 3.35, 3.7, 3.62, 3.67, 4.36, 4.48, 4.74, 5.18, 5.81, 4.27, 3.31, 4.41, 4.42, 4.22, 3.73, 3.07, 2.88, 2.65, 1.93, 1.49, 1.17, 0.95, 0.81, 0, 0.93, 1.13, 1.59, 2.54, 3.04, 3.54, 3.5, 3.36, 3.21, 2.76, 2.77, 4.13, 3.6, 3.15, 4.03, 4.67, 4.93, 4.94, 4.27, 4.11, 4.382, 5.381, 5.074, 4.087, 2.17, 1.62, 1.61, 1.68, 1.74, 1.59, 1.41, 1.49, 1.54, 1.26, 1.41], [6.386, 5.647, 5.716, 5.35, 3.36, 2.54, 2.42, 2.61, 3.1, 3.28, 3.73, 3.79, 3.78, 3.04, 3.38, 4.26, 4.07, 3.44, 2.92, 3.53, 3.62, 3.344, 3.374, 2.93, 2.92, 3.37, 3.34, 3.2, 3.45, 3.35, 3.4, 4.09, 4.19, 4.49, 4.99, 5.68, 4.14, 3.16, 4.28, 4.31, 4.17, 3.72, 3.1, 2.87, 2.66, 2.08, 1.5, 1.42, 1.32, 1.2, 0.93, 0, 0.88, 1.48, 2.49, 2.89, 3.33, 3.29, 3.23, 3.12, 2.75, 2.8, 4.26, 3.67, 3.22, 4.24, 4.86, 5.16, 5.069, 4.34, 4.24, 4.69, 5.618, 5.315, 4.328, 2.36, 1.69, 1.74, 1.91, 1.81, 1.76, 1.64, 1.64, 1.67, 1.37, 1.46], [6.178, 5.441, 5.508, 5.17, 3.18, 2.46, 2.38, 2.51, 2.98, 3.14, 3.55, 3.59, 3.6, 2.86, 3.2, 4.02, 3.79, 3.16, 2.74, 3.35, 3.44, 3.17, 3.24, 2.83, 2.82, 3.17, 3.28, 3.02, 3.27, 3.17, 3.3, 3.91, 4.03, 4.37, 4.97, 5.68, 4.2, 3.28, 4.44, 4.45, 4.33, 3.88, 3.32, 3.21, 3.02, 2.46, 1.86, 1.6, 1.58, 1.32, 1.13, 0.88, 0, 1.04, 2.03, 2.65, 3.33, 3.23, 3.19, 3.28, 2.93, 3.06, 4.34, 3.71, 3.16, 4.36, 4.92, 5.276, 5.249, 4.6, 4.54, 4.872, 5.862, 5.535, 4.543, 2.56, 2.05, 2.04, 2.17, 2.21, 2.18, 1.88, 1.74, 1.81, 1.49, 1.52], [6.689, 5.949, 6.019, 5.67, 3.72, 2.92, 2.66, 2.87, 3.36, 3.56, 4.03, 4.09, 4.06, 3.32, 3.72, 4.56, 4.33, 3.64, 3.22, 3.83, 3.94, 3.75, 3.88, 3.57, 3.54, 3.91, 3.88, 3.64, 3.85, 3.63, 3.84, 4.41, 4.63, 4.99, 5.61, 6.24, 4.78, 3.96, 5.0, 4.97, 4.91, 4.44, 4.14, 4.01, 3.78, 3.24, 2.56, 2.12, 1.7, 1.58, 1.59, 1.48, 1.04, 0, 1.25, 2.13, 2.85, 2.75, 2.73, 2.74, 2.43, 2.54, 3.84, 3.25, 2.74, 3.78, 4.44, 4.805, 4.749, 4.08, 3.96, 4.39, 5.35, 5.044, 4.043, 2.12, 1.77, 1.8, 1.93, 1.85, 1.84, 1.48, 1.46, 1.45, 1.35, 1.28], [7.682, 6.922, 7.012, 6.64, 4.71, 3.75, 3.47, 3.82, 4.31, 4.51, 4.98, 5.06, 5.07, 4.35, 4.67, 5.53, 5.26, 4.69, 4.19, 4.86, 4.824, 4.598, 4.743, 4.52, 4.53, 4.84, 4.79, 4.61, 4.7, 4.66, 4.67, 5.3, 5.6, 5.92, 6.52, 7.19, 5.75, 4.93, 6.01, 6.04, 5.94, 5.49, 5.19, 5.04, 4.83, 4.25, 3.57, 3.05, 2.47, 2.25, 2.54, 2.49, 2.03, 1.25, 0, 1.04, 1.86, 1.78, 1.82, 1.89, 1.68, 1.69, 2.79, 2.22, 1.73, 2.79, 3.43, 3.792, 3.776, 3.27, 3.13, 3.5, 4.41, 4.12, 3.15, 1.91, 2.04, 2.05, 2.08, 2.14, 2.37, 2.17, 1.95, 1.7, 1.88, 1.63], [8.496, 7.754, 7.826, 7.456, 5.53, 4.51, 4.27, 4.64, 5.13, 5.33, 5.794, 5.837, 5.888, 5.17, 5.49, 6.345, 6.06, 5.46, 4.94, 5.627, 5.638, 5.395, 5.474, 5.215, 5.19, 5.6, 5.57, 5.31, 5.48, 5.44, 5.43, 6.1, 6.38, 6.7, 7.28, 7.91, 6.51, 5.63, 6.783, 6.84, 6.7, 6.25, 5.71, 5.52, 5.31, 4.67, 4.09, 3.53, 2.87, 2.71, 3.04, 2.89, 2.65, 2.13, 1.04, 0, 1.12, 1.28, 1.5, 1.39, 1.36, 1.49, 2.15, 1.58, 1.13, 2.21, 2.73, 3.01, 2.98, 2.51, 2.37, 2.72, 3.63, 3.36, 2.63, 1.81, 2.34, 2.27, 2.4, 2.56, 2.91, 2.71, 2.51, 2.18, 2.34, 2.05], [9.217, 8.523, 8.547, 8.137, 6.11, 5.11, 4.93, 5.277, 5.787, 6.013, 6.563, 6.646, 6.636, 5.89, 6.09, 6.916, 6.669, 6.071, 5.551, 6.229, 6.339, 6.092, 6.122, 5.727, 5.87, 6.3, 6.29, 6.11, 6.26, 6.1, 6.09, 6.8, 6.96, 7.26, 7.8, 8.51, 7.11, 6.21, 7.477, 7.54, 7.42, 6.95, 6.33, 6.08, 5.89, 5.15, 4.61, 4.13, 3.39, 3.23, 3.54, 3.33, 3.33, 2.85, 1.86, 1.12, 0, 0.7, 1.12, 0.99, 1.06, 1.33, 1.47, 1.02, 1.05, 1.79, 2.29, 2.55, 2.28, 1.71, 1.63, 1.9, 2.87, 2.62, 2.13, 2.07, 2.86, 2.73, 2.88, 3.1, 3.47, 3.29, 3.01, 2.7, 2.8, 2.69], [9.023, 8.363, 8.353, 7.943, 5.97, 4.91, 4.75, 5.08, 5.61, 5.85, 6.42, 6.486, 6.476, 5.73, 5.891, 6.731, 6.494, 5.911, 5.351, 6.044, 6.151, 5.877, 5.907, 5.587, 5.81, 6.24, 6.23, 6.01, 6.1, 6.0, 5.99, 6.62, 6.76, 7.1, 7.7, 8.47, 7.03, 6.17, 7.437, 7.5, 7.38, 6.91, 6.31, 6.06, 5.87, 5.13, 4.59, 4.11, 3.37, 3.11, 3.5, 3.29, 3.23, 2.75, 1.78, 1.28, 0.7, 0, 0.7, 0.81, 0.98, 1.29, 1.59, 0.96, 0.99, 1.53, 2.13, 2.469, 2.453, 1.87, 1.81, 2.18, 3.05, 2.74, 1.89, 2.01, 2.78, 2.69, 2.86, 3.04, 3.43, 3.27, 2.99, 2.68, 2.82, 2.67], [9.0, 8.323, 8.33, 7.92, 5.95, 4.91, 4.75, 5.04, 5.59, 5.81, 6.38, 6.446, 6.436, 5.69, 5.859, 6.694, 6.432, 5.848, 5.328, 5.987, 6.111, 5.834, 5.884, 5.529, 5.73, 6.22, 6.17, 5.97, 6.06, 5.96, 5.97, 6.6, 6.709, 7.032, 7.58, 8.27, 6.83, 5.99, 7.28, 7.298, 7.14, 6.69, 6.09, 5.86, 5.67, 4.99, 4.41, 3.89, 3.19, 2.91, 3.36, 3.23, 3.19, 2.73, 1.82, 1.5, 1.12, 0.7, 0, 0.81, 1.06, 1.31, 1.65, 1.2, 1.09, 1.59, 2.11, 2.506, 2.52, 1.97, 1.83, 2.22, 3.09, 2.82, 1.89, 1.87, 2.6, 2.51, 2.68, 2.86, 3.23, 3.05, 2.79, 2.52, 2.62, 2.47], [9.158, 8.413, 8.488, 8.078, 6.04, 5.06, 4.868, 5.198, 5.728, 5.963, 6.453, 6.536, 6.526, 5.763, 5.974, 6.835, 6.57, 5.943, 5.443, 6.15, 6.263, 5.976, 6.023, 5.663, 5.66, 6.19, 6.155, 6.0, 6.15, 5.99, 6.06, 6.738, 6.841, 7.19, 7.65, 8.28, 6.8, 5.96, 7.218, 7.268, 7.11, 6.6, 6.0, 5.75, 5.54, 4.84, 4.3, 3.84, 3.08, 2.88, 3.21, 3.12, 3.28, 2.74, 1.89, 1.39, 0.99, 0.81, 0.81, 0, 0.65, 0.94, 1.38, 1.03, 1.08, 1.58, 2.12, 2.36, 2.31, 1.58, 1.48, 1.97, 2.92, 2.61, 1.84, 1.76, 2.51, 2.4, 2.57, 2.77, 3.14, 3.02, 2.76, 2.47, 2.55, 2.38], [8.868, 8.14, 8.198, 7.791, 5.75, 4.77, 4.561, 4.911, 5.441, 5.661, 6.163, 6.263, 6.253, 5.481, 5.707, 6.55, 6.303, 5.676, 5.156, 5.863, 5.938, 5.686, 5.736, 5.359, 5.273, 5.863, 5.868, 5.693, 5.86, 5.7, 5.75, 6.431, 6.534, 6.898, 7.398, 7.97, 6.51, 5.61, 6.871, 6.938, 6.78, 6.27, 5.65, 5.38, 5.19, 4.41, 3.89, 3.39, 2.63, 2.49, 2.76, 2.75, 2.93, 2.43, 1.68, 1.36, 1.06, 0.98, 1.06, 0.65, 0, 0.85, 1.69, 1.3, 0.99, 1.75, 2.37, 2.63, 2.6, 1.95, 1.75, 2.26, 3.21, 2.92, 2.07, 1.47, 2.16, 2.05, 2.14, 2.32, 2.69, 2.57, 2.27, 2.04, 2.22, 2.05], [9.058, 8.33, 8.388, 7.981, 5.928, 4.948, 4.751, 5.101, 5.631, 5.851, 6.353, 6.436, 6.426, 5.663, 5.84, 6.706, 6.458, 5.826, 5.331, 5.998, 6.128, 5.876, 5.906, 5.507, 5.457, 6.036, 6.012, 5.883, 6.05, 5.87, 5.929, 6.621, 6.724, 7.044, 7.504, 8.092, 6.558, 5.655, 6.918, 6.965, 6.79, 6.28, 5.66, 5.39, 5.18, 4.38, 3.88, 3.44, 2.66, 2.58, 2.77, 2.8, 3.06, 2.54, 1.69, 1.49, 1.33, 1.29, 1.31, 0.94, 0.85, 0, 1.56, 1.25, 1.2, 1.7, 2.4, 2.62, 2.51, 2.02, 1.78, 2.13, 3.06, 2.79, 1.92, 1.44, 2.13, 2.04, 2.11, 2.31, 2.68, 2.56, 2.28, 2.01, 2.27, 2.18], [10.335, 9.59, 9.665, 9.255, 7.24, 6.222, 6.045, 6.375, 6.905, 7.125, 7.61, 7.684, 7.674, 6.952, 7.16, 7.989, 7.713, 7.13, 6.658, 7.293, 7.423, 7.15, 7.18, 6.802, 6.786, 7.316, 7.303, 7.14, 7.31, 7.19, 7.26, 7.915, 8.038, 8.362, 8.836, 9.492, 7.972, 7.152, 8.415, 8.442, 8.25, 7.72, 7.12, 6.85, 6.6, 5.8, 5.32, 4.86, 4.02, 3.7, 4.13, 4.26, 4.34, 3.84, 2.79, 2.15, 1.47, 1.59, 1.65, 1.38, 1.69, 1.56, 0, 1.09, 1.52, 1.44, 1.82, 1.98, 1.99, 1.72, 1.6, 1.45, 1.88, 1.99, 1.58, 2.52, 3.35, 3.18, 3.23, 3.51, 3.96, 4.0, 3.72, 3.43, 3.55, 3.5], [9.599, 8.863, 8.929, 8.559, 6.61, 5.51, 5.37, 5.639, 6.21, 6.45, 6.9, 6.926, 6.956, 6.25, 6.514, 7.323, 7.046, 6.486, 5.966, 6.606, 6.737, 6.474, 6.504, 6.124, 6.159, 6.689, 6.662, 6.47, 6.6, 6.56, 6.63, 7.24, 7.392, 7.712, 8.229, 8.942, 7.422, 6.602, 7.845, 7.892, 7.66, 7.13, 6.53, 6.26, 6.03, 5.23, 4.73, 4.27, 3.43, 3.15, 3.6, 3.67, 3.71, 3.25, 2.22, 1.58, 1.02, 0.96, 1.2, 1.03, 1.3, 1.25, 1.09, 0, 0.93, 1.27, 1.79, 1.97, 1.94, 1.59, 1.47, 1.76, 2.59, 2.32, 1.65, 1.99, 2.82, 2.71, 2.84, 3.06, 3.45, 3.41, 3.17, 2.86, 2.94, 2.91], [9.149, 8.407, 8.479, 8.069, 6.1, 5.036, 4.879, 5.189, 5.759, 5.979, 6.45, 6.47, 6.48, 5.78, 6.03, 6.826, 6.536, 5.976, 5.456, 6.139, 6.277, 5.984, 6.014, 5.666, 5.609, 6.139, 6.138, 5.96, 6.13, 6.05, 6.14, 6.77, 6.882, 7.225, 7.768, 8.418, 6.938, 6.098, 7.321, 7.408, 7.21, 6.7, 6.08, 5.81, 5.64, 4.86, 4.32, 3.82, 3.12, 2.78, 3.15, 3.22, 3.16, 2.74, 1.73, 1.13, 1.05, 0.99, 1.09, 1.08, 0.99, 1.2, 1.52, 0.93, 0, 1.46, 2.04, 2.34, 2.37, 2.08, 1.84, 2.21, 3.14, 2.89, 2.02, 1.7, 2.49, 2.28, 2.45, 2.67, 3.08, 2.98, 2.76, 2.39, 2.55, 2.48], [10.435, 9.683, 9.765, 9.372, 7.339, 6.339, 6.142, 6.492, 7.022, 7.225, 7.686, 7.752, 7.742, 7.042, 7.256, 8.102, 7.815, 7.192, 6.712, 7.415, 7.505, 7.252, 7.282, 6.89, 6.74, 7.307, 7.292, 7.114, 7.409, 7.252, 7.332, 8.012, 8.155, 8.475, 8.895, 9.472, 7.992, 7.092, 8.315, 8.305, 8.07, 7.54, 6.94, 6.69, 6.44, 5.62, 5.14, 4.68, 3.9, 3.78, 4.03, 4.24, 4.36, 3.78, 2.79, 2.21, 1.79, 1.53, 1.59, 1.58, 1.75, 1.7, 1.44, 1.27, 1.46, 0, 0.92, 1.16, 1.47, 1.66, 1.56, 1.71, 2.1, 1.81, 1.26, 2.48, 3.31, 3.12, 3.25, 3.47, 3.86, 3.82, 3.6, 3.33, 3.57, 3.52], [11.06, 10.315, 10.39, 9.997, 7.98, 6.968, 6.771, 7.117, 7.647, 7.87, 8.317, 8.352, 8.37, 7.665, 7.882, 8.707, 8.44, 7.853, 7.354, 8.0, 8.13, 7.877, 7.907, 7.513, 7.346, 7.896, 7.877, 7.714, 8.038, 7.921, 7.974, 8.641, 8.763, 9.063, 9.568, 10.118, 8.638, 7.738, 8.955, 8.948, 8.71, 8.2, 7.54, 7.35, 7.1, 6.22, 5.74, 5.26, 4.5, 4.36, 4.67, 4.86, 4.92, 4.44, 3.43, 2.73, 2.29, 2.13, 2.11, 2.12, 2.37, 2.4, 1.82, 1.79, 2.04, 0.92, 0, 0.66, 1.21, 1.68, 1.66, 2.03, 1.98, 1.71, 1.44, 3.04, 3.89, 3.7, 3.85, 4.11, 4.52, 4.46, 4.32, 3.99, 4.13, 4.1], [11.448, 10.688, 10.778, 10.385, 8.342, 7.362, 7.165, 7.505, 8.035, 8.238, 8.703, 8.726, 8.756, 8.041, 8.23, 9.076, 8.809, 8.182, 7.702, 8.389, 8.519, 8.266, 8.296, 7.895, 7.717, 8.209, 8.268, 8.088, 8.432, 8.275, 8.365, 9.035, 9.138, 9.458, 9.918, 10.474, 8.948, 8.049, 9.252, 9.222, 8.91, 8.36, 7.72, 7.53, 7.26, 6.36, 5.82, 5.38, 4.72, 4.68, 4.93, 5.16, 5.276, 4.805, 3.792, 3.01, 2.55, 2.469, 2.506, 2.36, 2.63, 2.62, 1.98, 1.97, 2.34, 1.16, 0.66, 0, 0.95, 1.44, 1.48, 1.87, 1.7, 1.53, 1.5, 3.18, 4.11, 3.92, 4.07, 4.31, 4.74, 4.72, 4.48, 4.25, 4.47, 4.44], [11.415, 10.655, 10.73, 10.352, 8.306, 7.326, 7.129, 7.472, 8.002, 8.205, 8.667, 8.71, 8.72, 7.988, 8.197, 9.043, 8.776, 8.129, 7.649, 8.356, 8.486, 8.233, 8.263, 7.827, 7.652, 8.128, 8.212, 8.058, 8.396, 8.239, 8.289, 8.999, 9.102, 9.422, 9.862, 10.439, 8.852, 7.95, 9.099, 9.029, 8.72, 8.15, 7.51, 7.34, 7.11, 6.21, 5.67, 5.29, 4.57, 4.75, 4.94, 5.069, 5.249, 4.749, 3.776, 2.98, 2.28, 2.453, 2.52, 2.31, 2.6, 2.51, 1.99, 1.94, 2.37, 1.47, 1.21, 0.95, 0, 0.91, 1.05, 1.5, 1.43, 1.26, 1.43, 3.13, 4.02, 3.89, 4.0, 4.22, 4.65, 4.57, 4.31, 4.12, 4.44, 4.37], [10.654, 9.906, 9.984, 9.591, 7.542, 6.562, 6.365, 6.711, 7.241, 7.444, 7.909, 7.949, 7.962, 7.239, 7.436, 8.282, 8.015, 7.367, 6.907, 7.595, 7.725, 7.472, 7.502, 7.086, 6.94, 7.447, 7.472, 7.294, 7.632, 7.475, 7.545, 8.235, 8.338, 8.658, 9.098, 9.672, 8.128, 7.194, 8.349, 8.285, 8.01, 7.5, 6.84, 6.67, 6.46, 5.62, 5.1, 4.66, 3.94, 4.12, 4.27, 4.34, 4.6, 4.08, 3.27, 2.51, 1.71, 1.87, 1.97, 1.58, 1.95, 2.02, 1.72, 1.59, 2.08, 1.66, 1.68, 1.44, 0.91, 0, 0.68, 1.23, 1.64, 1.53, 1.36, 2.66, 3.45, 3.3, 3.47, 3.69, 4.06, 3.94, 3.74, 3.55, 3.79, 3.64], [10.586, 9.835, 9.916, 9.523, 7.473, 6.493, 6.296, 6.643, 7.173, 7.376, 7.837, 7.866, 7.89, 7.167, 7.367, 8.213, 7.946, 7.299, 6.859, 7.526, 7.656, 7.403, 7.433, 7.017, 6.837, 7.41, 7.392, 7.231, 7.563, 7.406, 7.476, 8.166, 8.269, 8.589, 9.029, 9.592, 8.039, 7.14, 8.292, 8.265, 7.97, 7.46, 6.84, 6.61, 6.38, 5.54, 5.04, 4.6, 3.86, 3.94, 4.11, 4.24, 4.54, 3.96, 3.13, 2.37, 1.63, 1.81, 1.83, 1.48, 1.75, 1.78, 1.6, 1.47, 1.84, 1.56, 1.66, 1.48, 1.05, 0.68, 0, 1.17, 1.68, 1.65, 1.44, 2.52, 3.33, 3.16, 3.33, 3.49, 3.88, 3.82, 3.6, 3.35, 3.67, 3.58], [11.006, 10.255, 10.336, 9.958, 7.909, 6.949, 6.732, 7.082, 7.612, 7.831, 8.27, 8.333, 8.323, 7.594, 7.823, 8.649, 8.402, 7.755, 7.315, 7.982, 8.092, 7.839, 7.869, 7.433, 7.235, 7.762, 7.815, 7.658, 7.995, 7.862, 7.912, 8.602, 8.705, 9.025, 9.465, 10.015, 8.495, 7.53, 8.685, 8.575, 8.22, 7.71, 7.05, 6.84, 6.57, 5.69, 5.31, 4.81, 4.11, 4.25, 4.382, 4.69, 4.872, 4.39, 3.5, 2.72, 1.9, 2.18, 2.22, 1.97, 2.26, 2.13, 1.45, 1.76, 2.21, 1.71, 2.03, 1.87, 1.5, 1.23, 1.17, 0, 1.17, 1.58, 1.59, 2.73, 3.64, 3.39, 3.4, 3.62, 4.17, 4.01, 3.79, 3.72, 4.06, 3.972], [11.979, 11.239, 11.317, 10.936, 8.887, 7.927, 7.71, 8.06, 8.59, 8.809, 9.251, 9.326, 9.304, 8.581, 8.801, 9.647, 9.4, 8.753, 8.293, 8.96, 9.07, 8.817, 8.847, 8.411, 8.219, 8.669, 8.814, 8.651, 8.977, 8.84, 8.89, 9.58, 9.683, 10.003, 10.443, 10.993, 9.453, 8.453, 9.596, 9.423, 9.044, 8.56, 7.86, 7.65, 7.46, 6.56, 6.28, 5.74, 4.9, 5.196, 5.381, 5.618, 5.862, 5.35, 4.41, 3.63, 2.87, 3.05, 3.09, 2.92, 3.21, 3.06, 1.88, 2.59, 3.14, 2.1, 1.98, 1.7, 1.43, 1.64, 1.68, 1.17, 0, 1.03, 1.58, 3.44, 4.33, 4.211, 4.07, 4.19, 4.86, 4.952, 4.58, 4.64, 5.03, 4.942], [11.68, 10.953, 11.01, 10.644, 8.611, 7.65, 7.435, 7.765, 8.295, 8.515, 8.979, 9.008, 9.032, 8.309, 8.511, 9.357, 9.11, 8.463, 8.003, 8.67, 8.78, 8.507, 8.537, 8.101, 7.918, 8.471, 8.507, 8.344, 8.682, 8.565, 8.615, 9.305, 9.406, 9.726, 10.166, 10.738, 9.178, 8.198, 9.321, 9.152, 8.789, 8.29, 7.59, 7.4, 7.23, 6.29, 5.95, 5.43, 4.59, 4.869, 5.074, 5.315, 5.535, 5.044, 4.12, 3.36, 2.62, 2.74, 2.82, 2.61, 2.92, 2.79, 1.99, 2.32, 2.89, 1.81, 1.71, 1.53, 1.26, 1.53, 1.65, 1.58, 1.03, 0, 1.07, 3.07, 4.02, 3.91, 3.76, 3.889, 4.504, 4.659, 4.33, 4.345, 4.72, 4.635], [10.688, 9.957, 10.018, 9.638, 7.605, 6.64, 6.428, 6.758, 7.288, 7.508, 7.978, 8.001, 8.031, 7.308, 7.51, 8.336, 8.089, 7.442, 7.002, 7.669, 7.779, 7.506, 7.536, 7.129, 6.926, 7.496, 7.506, 7.343, 7.695, 7.558, 7.608, 8.298, 8.401, 8.721, 9.161, 9.78, 8.2, 7.24, 8.343, 8.253, 8.007, 7.42, 6.8, 6.63, 6.4, 5.46, 5.02, 4.58, 3.66, 3.88, 4.087, 4.328, 4.543, 4.043, 3.15, 2.63, 2.13, 1.89, 1.89, 1.84, 2.07, 1.92, 1.58, 1.65, 2.02, 1.26, 1.44, 1.5, 1.43, 1.36, 1.44, 1.59, 1.58, 1.07, 0, 2.1, 3.03, 2.92, 2.81, 3.03, 3.58, 3.817, 3.58, 3.384, 3.703, 3.64], [8.655, 7.895, 7.978, 7.595, 5.56, 4.6, 4.4, 4.735, 5.265, 5.465, 5.915, 5.958, 5.968, 5.245, 5.491, 6.373, 6.126, 5.479, 4.999, 5.666, 5.759, 5.486, 5.516, 5.12