[[0, 0.96, 1.39, 2.0, 2.41, 2.23, 1.77, 1.09, 1.49, 2.21, 1.51, 1.78, 2.23, 2.19, 2.23, 3.22, 3.91, 3.64, 3.49, 3.6, 3.94, 4.5, 5.15, 5.72, 5.41, 5.7, 5.95, 5.84, 5.68, 5.53, 4.65, 4.77, 5.19, 5.49, 6.14, 6.19, 5.45, 5.02, 4.49, 4.36, 4.11, 4.18, 5.36, 6.64, 7.13, 7.11, 7.11, 7.88, 9.62, 12.53, 12.73, 12.79, 10.2, 8.9, 7.8, 6.56, 6.32, 6.4, 6.77, 6.76, 6.64, 7.02, 7.64, 7.77, 7.58, 7.52, 7.41, 6.96, 6.65, 6.53, 6.46, 5.85, 5.25, 5.61, 5.38, 5.28, 4.98, 4.94, 5.2, 4.76, 4.46, 5.03, 5.47, 6.129, 6.468, 6.525], [0.96, 0, 0.85, 1.36, 1.77, 1.69, 1.23, 0.91, 1.87, 2.55, 1.57, 1.36, 1.69, 1.65, 1.77, 2.7, 3.45, 3.14, 2.95, 3.08, 3.44, 4.0, 4.61, 5.16, 4.87, 5.14, 5.39, 5.28, 5.12, 5.01, 4.11, 4.27, 4.61, 4.99, 5.62, 5.63, 4.89, 4.48, 3.99, 3.86, 3.61, 3.66, 4.78, 6.04, 6.57, 6.59, 6.61, 7.24, 8.84, 11.77, 11.99, 12.05, 9.46, 8.14, 7.04, 5.78, 5.64, 5.84, 6.27, 6.26, 6.14, 6.52, 7.14, 7.25, 7.06, 6.98, 6.89, 6.44, 6.09, 5.97, 5.9, 5.29, 4.69, 5.05, 4.82, 4.74, 4.54, 4.64, 4.86, 4.58, 4.58, 5.557, 5.982, 6.628, 6.98, 6.977], [1.39, 0.85, 0, 0.73, 1.24, 1.2, 1.24, 1.3, 2.4, 3.04, 1.98, 1.21, 1.3, 1.42, 1.46, 2.67, 3.54, 3.03, 2.78, 2.87, 3.15, 3.71, 4.32, 4.85, 4.56, 4.83, 5.04, 4.87, 4.77, 4.54, 3.64, 3.72, 4.2, 4.48, 5.21, 5.2, 4.52, 3.99, 3.42, 3.29, 3.06, 3.09, 4.25, 5.53, 6.02, 6.02, 6.04, 6.75, 8.29, 11.18, 11.34, 11.4, 8.85, 7.55, 6.47, 5.33, 5.13, 5.31, 5.7, 5.69, 5.57, 5.97, 6.57, 6.72, 6.53, 6.51, 6.38, 5.91, 5.6, 5.5, 5.49, 4.94, 4.28, 4.7, 4.51, 4.47, 4.57, 4.73, 4.89, 4.83, 5.199, 6.206, 6.629, 7.258, 7.558, 7.608], [2.0, 1.36, 0.73, 0, 0.85, 1.31, 1.63, 1.85, 2.97, 3.61, 2.53, 1.62, 1.45, 1.51, 1.81, 3.08, 4.008, 3.24, 3.01, 2.92, 2.98, 3.46, 4.09, 4.64, 4.33, 4.64, 4.75, 4.58, 4.5, 4.21, 3.29, 3.39, 3.87, 4.13, 4.88, 4.87, 4.19, 3.6, 2.91, 2.82, 2.63, 2.52, 3.64, 4.9, 5.43, 5.49, 5.47, 6.14, 7.72, 10.61, 10.79, 10.85, 8.3, 6.98, 5.92, 4.74, 4.54, 4.72, 5.21, 5.2, 5.1, 5.52, 6.1, 6.29, 6.12, 6.12, 5.99, 5.52, 5.21, 5.15, 5.14, 4.61, 4.05, 4.43, 4.24, 4.22, 4.8, 4.98, 5.18, 5.22, 5.749, 6.759, 7.182, 7.828, 8.128, 8.178], [2.41, 1.77, 1.24, 0.85, 0, 1.34, 1.76, 2.0, 3.14, 3.7, 2.66, 1.73, 1.6, 1.52, 2.02, 3.17, 4.07, 3.27, 2.94, 2.75, 2.67, 3.09, 3.72, 4.27, 4.0, 4.27, 4.34, 4.27, 4.17, 3.86, 2.78, 2.94, 3.4, 3.7, 4.47, 4.42, 3.78, 3.19, 2.3, 2.21, 2.18, 2.11, 3.11, 4.37, 4.9, 4.94, 4.98, 5.63, 7.33, 10.24, 10.48, 10.54, 7.95, 6.61, 5.53, 4.33, 4.07, 4.21, 4.62, 4.59, 4.49, 4.91, 5.49, 5.68, 5.57, 5.57, 5.46, 4.95, 4.62, 4.64, 4.71, 4.18, 3.68, 4.04, 3.89, 3.87, 4.47, 4.79, 5.01, 5.19, 5.95, 6.963, 7.403, 7.975, 8.292, 8.359], [2.23, 1.69, 1.2, 1.31, 1.34, 0, 0.9, 1.4, 2.4, 2.68, 1.88, 1.07, 0.96, 1.14, 1.06, 1.97, 2.88, 2.21, 1.98, 1.81, 2.01, 2.57, 3.18, 3.71, 3.42, 3.69, 3.9, 3.77, 3.67, 3.48, 2.58, 2.7, 3.3, 3.46, 4.15, 4.12, 3.46, 3.05, 2.52, 2.29, 1.98, 2.11, 3.51, 4.83, 5.22, 5.04, 5.24, 6.35, 8.33, 11.38, 11.62, 11.68, 9.07, 7.73, 6.63, 5.33, 4.95, 4.71, 4.66, 4.59, 4.47, 4.83, 5.45, 5.58, 5.39, 5.37, 5.24, 4.77, 4.46, 4.36, 4.35, 3.8, 3.16, 3.56, 3.37, 3.33, 3.65, 3.85, 4.01, 4.01, 4.822, 5.834, 6.257, 6.769, 7.166, 7.199], [1.77, 1.23, 1.24, 1.63, 1.76, 0.9, 0, 0.94, 1.66, 2.08, 1.22, 0.99, 1.14, 1.08, 1.22, 1.81, 2.56, 2.07, 1.9, 1.93, 2.25, 2.81, 3.42, 3.97, 3.68, 3.95, 4.22, 4.15, 3.95, 3.9, 3.12, 3.48, 3.9, 4.08, 4.51, 4.54, 3.82, 3.61, 3.2, 2.99, 2.68, 2.87, 4.21, 5.53, 5.92, 5.8, 5.96, 6.93, 8.93, 11.96, 12.2, 12.26, 9.67, 8.31, 7.23, 5.93, 5.53, 5.41, 5.38, 5.33, 5.15, 5.55, 6.17, 6.24, 5.97, 5.87, 5.78, 5.31, 4.96, 4.82, 4.73, 4.08, 3.52, 3.92, 3.69, 3.57, 3.63, 3.77, 3.93, 3.81, 4.239, 5.263, 5.686, 6.272, 6.592, 6.639], [1.09, 0.91, 1.3, 1.85, 2.0, 1.4, 0.94, 0, 1.38, 1.94, 1.04, 1.23, 1.62, 1.58, 1.56, 2.29, 3.16, 2.85, 2.64, 2.71, 3.03, 3.59, 4.2, 4.75, 4.46, 4.73, 4.98, 4.91, 4.75, 4.66, 3.76, 4.02, 4.46, 4.7, 5.27, 5.3, 4.58, 4.21, 3.74, 3.57, 3.34, 3.45, 4.67, 5.97, 6.44, 6.4, 6.52, 7.31, 9.17, 12.1, 12.3, 12.36, 9.83, 8.47, 7.39, 6.07, 5.75, 5.71, 6.02, 5.99, 5.83, 6.23, 6.85, 6.94, 6.69, 6.61, 6.54, 6.07, 5.72, 5.58, 5.49, 4.88, 4.28, 4.66, 4.41, 4.33, 4.15, 4.23, 4.43, 4.05, 4.25, 5.223, 5.666, 6.229, 6.569, 6.539], [1.49, 1.87, 2.4, 2.97, 3.14, 2.4, 1.66, 1.38, 0, 0.88, 1.08, 1.87, 2.22, 2.3, 2.48, 2.67, 2.94, 2.85, 2.66, 2.73, 3.15, 3.81, 4.32, 4.89, 4.62, 4.95, 5.36, 5.35, 5.17, 5.14, 4.56, 4.98, 5.46, 5.62, 5.83, 5.96, 5.22, 5.15, 4.74, 4.51, 4.14, 4.37, 5.71, 7.01, 7.44, 7.32, 7.52, 8.43, 10.35, 13.28, 13.52, 13.6, 11.05, 9.65, 8.53, 7.21, 6.87, 6.79, 6.8, 6.73, 6.53, 6.95, 7.57, 7.6, 7.31, 7.19, 7.12, 6.65, 6.3, 6.08, 5.89, 5.1, 4.74, 5.34, 4.99, 4.51, 3.95, 3.83, 4.15, 3.45, 3.33, 3.98, 4.54, 4.976, 5.261, 5.36], [2.21, 2.55, 3.04, 3.61, 3.7, 2.68, 2.08, 1.94, 0.88, 0, 1.38, 2.17, 2.4, 2.76, 2.78, 2.49, 2.42, 2.39, 2.3, 2.49, 3.13, 3.83, 3.96, 4.41, 4.22, 4.63, 4.92, 4.91, 4.89, 5.1, 4.86, 5.2, 5.7, 5.84, 5.91, 5.96, 5.24, 5.43, 5.12, 4.77, 4.3, 4.55, 6.07, 7.37, 7.8, 7.52, 7.84, 8.89, 10.87, 13.86, 14.12, 14.2, 11.61, 10.23, 9.05, 7.75, 7.41, 7.19, 6.98, 6.73, 6.39, 6.91, 7.65, 7.64, 7.13, 6.99, 6.94, 6.53, 6.08, 5.76, 5.51, 4.8, 4.48, 5.24, 4.85, 4.01, 3.37, 3.27, 3.57, 2.83, 2.79, 3.46, 4.08, 4.42, 4.649, 4.717], [1.51, 1.57, 1.98, 2.53, 2.66, 1.88, 1.22, 1.04, 1.08, 1.38, 0, 1.29, 1.62, 1.68, 1.96, 2.19, 2.76, 2.51, 2.32, 2.47, 2.71, 3.27, 3.9, 4.53, 4.24, 4.55, 4.84, 4.79, 4.59, 4.56, 4.0, 4.38, 4.88, 5.02, 5.23, 5.3, 4.54, 4.49, 4.18, 3.89, 3.5, 3.73, 5.17, 6.47, 6.84, 6.7, 6.92, 7.85, 9.65, 12.68, 12.94, 13.02, 10.45, 9.05, 7.87, 6.51, 6.27, 6.15, 6.14, 5.99, 5.83, 6.21, 6.83, 6.88, 6.53, 6.45, 6.42, 5.99, 5.62, 5.46, 5.37, 4.66, 4.18, 4.68, 4.33, 4.03, 3.75, 3.85, 4.05, 3.75, 3.85, 4.66, 5.12, 5.557, 5.82, 5.886], [1.78, 1.36, 1.21, 1.62, 1.73, 1.07, 0.99, 1.23, 1.87, 2.17, 1.29, 0, 0.93, 0.99, 1.19, 2.12, 2.81, 2.42, 2.15, 2.22, 2.54, 3.12, 3.61, 4.2, 3.93, 4.22, 4.39, 4.32, 4.18, 4.09, 3.35, 3.53, 4.11, 4.31, 4.8, 4.73, 3.97, 3.78, 3.29, 3.04, 2.65, 2.88, 4.28, 5.58, 5.97, 5.85, 6.05, 6.94, 8.72, 11.77, 12.03, 12.11, 9.5, 8.12, 6.94, 5.66, 5.34, 5.26, 5.29, 5.16, 4.96, 5.36, 6.02, 6.19, 5.88, 5.82, 5.73, 5.3, 5.05, 4.93, 4.9, 4.25, 3.69, 4.07, 3.84, 3.76, 3.92, 4.06, 4.22, 4.1, 4.432, 5.404, 5.867, 6.339, 6.727, 6.787], [2.23, 1.69, 1.3, 1.45, 1.6, 0.96, 1.14, 1.62, 2.22, 2.4, 1.62, 0.93, 0, 0.9, 1.22, 2.05, 2.78, 2.31, 2.08, 2.07, 2.31, 2.85, 3.42, 4.01, 3.74, 4.03, 4.2, 4.09, 3.99, 3.78, 3.12, 3.26, 3.92, 4.0, 4.47, 4.42, 3.78, 3.49, 3.04, 2.71, 2.32, 2.51, 4.03, 5.33, 5.72, 5.46, 5.74, 6.73, 8.73, 11.74, 12.0, 12.08, 9.47, 8.07, 6.89, 5.55, 5.27, 5.15, 5.0, 4.71, 4.55, 4.93, 5.59, 5.68, 5.47, 5.53, 5.44, 4.99, 4.72, 4.62, 4.63, 4.04, 3.46, 3.88, 3.65, 3.57, 3.85, 4.05, 4.17, 4.09, 4.504, 5.497, 5.963, 6.418, 6.798, 6.846], [2.19, 1.65, 1.42, 1.51, 1.52, 1.14, 1.08, 1.58, 2.3, 2.76, 1.68, 0.99, 0.9, 0, 1.26, 2.43, 3.06, 2.59, 2.36, 2.39, 2.55, 2.97, 3.64, 4.25, 3.96, 4.29, 4.32, 4.29, 4.21, 3.82, 2.72, 3.06, 3.52, 3.74, 4.43, 4.44, 3.78, 3.27, 2.72, 2.47, 2.24, 2.37, 3.69, 4.99, 5.4, 5.32, 5.48, 6.37, 8.39, 11.533, 11.791, 11.868, 9.25, 7.87, 6.69, 5.29, 5.01, 4.83, 4.94, 4.77, 4.69, 5.03, 5.63, 5.76, 5.53, 5.53, 5.46, 5.03, 4.74, 4.6, 4.67, 4.1, 3.7, 4.0, 3.79, 3.75, 4.13, 4.31, 4.43, 4.39, 4.762, 5.754, 6.217, 6.672, 7.0, 7.034], [2.23, 1.77, 1.46, 1.81, 2.02, 1.06, 1.22, 1.56, 2.48, 2.78, 1.96, 1.19, 1.22, 1.26, 0, 1.59, 2.52, 2.09, 1.88, 1.91, 2.25, 2.79, 3.42, 3.91, 3.58, 3.85, 4.04, 3.87, 3.79, 3.54, 2.92, 3.06, 3.6, 3.68, 4.35, 4.32, 3.68, 3.29, 2.84, 2.63, 2.12, 2.25, 3.81, 5.21, 5.54, 5.14, 5.42, 6.53, 8.75, 12.105, 12.336, 12.399, 9.752, 8.438, 7.364, 6.079, 5.69, 5.45, 5.08, 4.93, 4.75, 5.17, 5.89, 6.14, 5.89, 5.83, 5.72, 5.27, 4.88, 4.58, 4.53, 4.02, 3.32, 3.7, 3.55, 3.51, 3.65, 3.79, 3.93, 3.93, 4.27, 5.26, 5.68, 6.22, 6.586, 6.548], [3.22, 2.7, 2.67, 3.08, 3.17, 1.97, 1.81, 2.29, 2.67, 2.49, 2.19, 2.12, 2.05, 2.43, 1.59, 0, 1.17, 0.98, 1.09, 1.18, 1.76, 2.24, 2.77, 3.14, 2.69, 2.94, 3.23, 3.08, 2.88, 3.07, 3.07, 3.63, 4.023, 3.99, 4.04, 4.13, 3.63, 3.991, 3.789, 3.22, 2.43, 2.72, 4.502, 6.008, 6.452, 5.943, 6.355, 7.591, 9.822, 13.221, 13.472, 13.549, 10.928, 9.554, 8.48, 7.194, 6.786, 6.532, 5.919, 5.3, 4.86, 5.48, 6.22, 6.27, 5.76, 5.6, 5.61, 5.16, 4.59, 3.97, 3.92, 3.29, 2.55, 3.11, 2.9, 2.52, 2.42, 2.54, 2.7, 2.78, 3.28, 4.17, 4.57, 5.01, 5.35, 5.33], [3.91, 3.45, 3.54, 4.008, 4.07, 2.88, 2.56, 3.16, 2.94, 2.42, 2.76, 2.81, 2.78, 3.06, 2.52, 1.17, 0, 0.95, 1.28, 1.53, 2.31, 2.91, 3.1, 3.01, 2.86, 3.17, 3.42, 3.23, 3.17, 3.8, 3.82, 4.4, 4.813, 4.725, 4.755, 4.831, 4.391, 4.821, 4.599, 3.975, 3.14, 3.412, 5.292, 6.835, 7.242, 6.713, 7.125, 8.401, 10.632, 14.025, 14.273, 14.359, 11.726, 10.364, 9.25, 8.007, 7.576, 7.313, 6.689, 5.967, 5.61, 6.122, 6.899, 6.983, 6.296, 6.153, 6.123, 5.693, 5.086, 4.2, 4.01, 3.34, 3.02, 3.78, 3.49, 2.35, 1.73, 1.77, 1.89, 2.03, 2.59, 3.42, 3.8, 4.18, 4.48, 4.56], [3.64, 3.14, 3.03, 3.24, 3.27, 2.21, 2.07, 2.85, 2.85, 2.39, 2.51, 2.42, 2.31, 2.59, 2.09, 0.98, 0.95, 0, 0.61, 0.86, 1.56, 2.18, 2.39, 2.46, 2.23, 2.6, 2.89, 2.74, 2.76, 3.13, 3.11, 3.61, 4.01, 3.99, 4.08, 4.11, 3.65, 4.06, 3.83, 3.18, 2.43, 2.68, 4.5, 6.04, 6.489, 5.97, 6.39, 7.64, 9.823, 13.198, 13.449, 13.526, 10.905, 9.54, 8.457, 7.317, 6.843, 6.62, 5.962, 5.28, 4.98, 5.48, 6.26, 6.23, 5.66, 5.5, 5.51, 5.12, 4.47, 3.81, 3.58, 2.95, 2.55, 3.17, 2.94, 1.96, 1.84, 2.1, 2.28, 2.56, 3.2, 4.11, 4.49, 4.91, 5.238, 5.335], [3.49, 2.95, 2.78, 3.01, 2.94, 1.98, 1.9, 2.64, 2.66, 2.3, 2.32, 2.15, 2.08, 2.36, 1.88, 1.09, 1.28, 0.61, 0, 0.55, 1.29, 1.93, 2.14, 2.41, 2.18, 2.49, 2.8, 2.83, 2.77, 3.0, 2.8, 3.22, 3.72, 3.72, 3.83, 3.88, 3.36, 3.71, 3.46, 2.93, 2.26, 2.57, 4.27, 5.71, 6.1, 5.6, 6.02, 7.27, 9.51, 12.854, 13.096, 13.194, 10.561, 9.187, 8.124, 7.004, 6.527, 6.307, 5.68, 5.11, 4.75, 5.21, 6.09, 6.04, 5.51, 5.33, 5.3, 4.89, 4.36, 3.92, 3.59, 2.98, 2.62, 3.18, 2.83, 1.99, 2.01, 2.27, 2.61, 2.73, 3.43, 4.4, 4.82, 5.28, 5.591, 5.708], [3.6, 3.08, 2.87, 2.92, 2.75, 1.81, 1.93, 2.71, 2.73, 2.49, 2.47, 2.22, 2.07, 2.39, 1.91, 1.18, 1.53, 0.86, 0.55, 0, 0.96, 1.68, 1.99, 2.38, 2.13, 2.38, 2.79, 2.76, 2.64, 2.79, 2.61, 3.03, 3.47, 3.51, 3.64, 3.71, 3.15, 3.48, 3.21, 2.74, 2.05, 2.32, 4.04, 5.46, 5.85, 5.37, 5.81, 7.04, 9.26, 12.587, 12.829, 12.927, 10.294, 8.94, 7.877, 6.734, 6.249, 6.02, 5.442, 4.86, 4.56, 5.08, 5.86, 5.85, 5.36, 5.18, 5.13, 4.72, 4.23, 3.81, 3.5, 2.79, 2.49, 3.03, 2.68, 1.98, 2.1, 2.36, 2.64, 2.88, 3.66, 4.63, 5.05, 5.53, 5.861, 5.978], [3.94, 3.44, 3.15, 2.98, 2.67, 2.01, 2.25, 3.03, 3.15, 3.13, 2.71, 2.54, 2.31, 2.55, 2.25, 1.76, 2.31, 1.56, 1.29, 0.96, 0, 0.94, 1.33, 1.96, 1.73, 1.96, 2.35, 2.26, 2.1, 2.13, 1.83, 2.23, 2.69, 2.77, 2.88, 3.03, 2.43, 2.7, 2.41, 1.98, 1.53, 1.84, 3.26, 4.66, 5.05, 4.59, 5.01, 6.26, 8.44, 11.767, 12.0, 12.106, 9.453, 8.1, 6.977, 5.897, 5.469, 5.206, 4.59, 4.18, 4.02, 4.36, 5.04, 5.03, 4.64, 4.44, 4.39, 4.0, 3.55, 3.27, 3.04, 2.29, 1.99, 2.43, 2.08, 1.54, 2.44, 2.8, 3.14, 3.44, 4.44, 5.43, 5.87, 6.37, 6.687, 6.81], [4.5, 4.0, 3.71, 3.46, 3.09, 2.57, 2.81, 3.59, 3.81, 3.83, 3.27, 3.12, 2.85, 2.97, 2.79, 2.24, 2.91, 2.18, 1.93, 1.68, 0.94, 0, 1.07, 1.58, 1.61, 1.64, 1.91, 1.82, 1.72, 1.47, 1.29, 1.65, 2.11, 2.11, 2.2, 2.31, 1.77, 2.12, 2.01, 1.92, 1.73, 1.98, 2.84, 4.1, 4.45, 3.93, 4.35, 5.62, 7.84, 11.152, 11.409, 11.486, 8.853, 7.482, 6.357, 5.237, 4.835, 4.56, 3.89, 3.44, 3.28, 3.6, 4.36, 4.35, 3.98, 3.78, 3.73, 3.34, 2.91, 2.57, 2.42, 1.71, 1.57, 1.67, 1.46, 1.44, 2.56, 3.34, 3.52, 4.02, 5.12, 6.09, 6.53, 6.95, 7.287, 7.404], [5.15, 4.61, 4.32, 4.09, 3.72, 3.18, 3.42, 4.2, 4.32, 3.96, 3.9, 3.61, 3.42, 3.64, 3.42, 2.77, 3.1, 2.39, 2.14, 1.99, 1.33, 1.07, 0, 0.87, 1.0, 1.01, 1.22, 1.17, 1.29, 1.38, 1.7, 1.74, 2.04, 2.06, 2.21, 2.2, 1.8, 2.03, 2.26, 2.37, 2.32, 2.59, 3.27, 4.01, 4.32, 3.86, 4.24, 5.51, 7.69, 11.01, 11.25, 11.345, 8.721, 7.39, 6.29, 5.23, 5.09, 4.61, 3.84, 3.39, 3.21, 3.47, 4.21, 4.18, 3.73, 3.43, 3.4, 3.03, 2.6, 2.3, 2.07, 1.58, 1.46, 1.66, 1.57, 1.25, 2.57, 3.41, 3.63, 4.15, 5.25, 6.2, 6.68, 7.14, 7.44, 7.56], [5.72, 5.16, 4.85, 4.64, 4.27, 3.71, 3.97, 4.75, 4.89, 4.41, 4.53, 4.2, 4.01, 4.25, 3.91, 3.14, 3.01, 2.46, 2.41, 2.38, 1.96, 1.58, 0.87, 0, 0.75, 0.84, 1.07, 0.98, 1.06, 1.51, 2.05, 2.17, 2.29, 2.15, 2.26, 2.21, 1.85, 2.18, 2.71, 2.86, 2.67, 2.96, 3.78, 4.44, 4.71, 4.27, 4.55, 5.82, 7.88, 11.163, 11.397, 11.492, 8.94, 7.54, 6.62, 5.66, 5.62, 5.14, 4.33, 3.64, 3.44, 3.68, 4.46, 4.27, 3.82, 3.52, 3.41, 2.98, 2.43, 2.17, 1.94, 1.51, 1.49, 1.55, 1.64, 1.22, 2.48, 3.3, 3.48, 4.0, 5.12, 6.09, 6.51, 6.981, 7.281, 7.418], [5.41, 4.87, 4.56, 4.33, 4.0, 3.42, 3.68, 4.46, 4.62, 4.22, 4.24, 3.93, 3.74, 3.96, 3.58, 2.69, 2.86, 2.23, 2.18, 2.13, 1.73, 1.61, 1.0, 0.75, 0, 0.77, 1.02, 1.03, 1.11, 1.54, 2.2, 2.36, 2.38, 2.16, 2.25, 2.22, 1.78, 2.29, 2.66, 2.77, 2.36, 2.65, 3.81, 4.65, 4.92, 4.46, 4.76, 6.05, 8.03, 11.282, 11.58, 11.611, 9.05, 7.73, 6.83, 5.97, 5.91, 5.45, 4.62, 3.91, 3.73, 4.03, 4.75, 4.56, 4.13, 3.81, 3.68, 3.25, 2.78, 2.36, 2.25, 1.76, 1.6, 1.62, 1.67, 1.19, 2.41, 3.19, 3.41, 3.99, 5.13, 6.04, 6.42, 6.868, 7.168, 7.305], [5.7, 5.14, 4.83, 4.64, 4.27, 3.69, 3.95, 4.73, 4.95, 4.63, 4.55, 4.22, 4.03, 4.29, 3.85, 2.94, 3.17, 2.6, 2.49, 2.38, 1.96, 1.64, 1.01, 0.84, 0.77, 0, 0.69, 0.82, 1.02, 1.31, 1.95, 2.03, 2.03, 1.83, 1.96, 1.89, 1.77, 2.08, 2.39, 2.74, 2.53, 2.72, 3.46, 4.2, 4.43, 4.05, 4.29, 5.62, 7.72, 10.987, 11.244, 11.304, 8.74, 7.44, 6.44, 5.68, 5.64, 5.14, 4.33, 3.58, 3.38, 3.68, 4.42, 4.37, 3.84, 3.5, 3.39, 2.94, 2.45, 2.09, 2.0, 1.49, 1.37, 1.33, 1.38, 1.2, 2.72, 3.56, 3.78, 4.38, 5.5, 6.35, 6.77, 7.23, 7.515, 7.63], [5.95, 5.39, 5.04, 4.75, 4.34, 3.9, 4.22, 4.98, 5.36, 4.92, 4.84, 4.39, 4.2, 4.32, 4.04, 3.23, 3.42, 2.89, 2.8, 2.79, 2.35, 1.91, 1.22, 1.07, 1.02, 0.69, 0, 0.77, 0.95, 1.3, 2.0, 2.0, 2.12, 1.84, 1.93, 1.78, 1.74, 2.03, 2.6, 2.83, 2.7, 2.83, 3.51, 4.07, 4.34, 3.88, 4.14, 5.45, 7.51, 10.845, 11.076, 11.165, 8.59, 7.25, 6.35, 5.49, 5.45, 4.95, 4.12, 3.39, 3.19, 3.51, 4.25, 4.1, 3.63, 3.31, 3.2, 2.71, 2.24, 1.84, 1.61, 1.34, 1.34, 1.3, 1.45, 1.39, 2.91, 3.73, 3.97, 4.61, 5.73, 6.58, 6.9, 7.36, 7.645, 7.76], [5.84, 5.28, 4.87, 4.58, 4.27, 3.77, 4.15, 4.91, 5.35, 4.91, 4.79, 4.32, 4.09, 4.29, 3.87, 3.08, 3.23, 2.74, 2.83, 2.76, 2.26, 1.82, 1.17, 0.98, 1.03, 0.82, 0.77, 0, 0.8, 1.09, 1.93, 1.97, 1.95, 1.79, 1.94, 1.83, 1.63, 1.94, 2.49, 2.68, 2.51, 2.7, 3.54, 4.24, 4.49, 3.97, 4.29, 5.58, 7.72, 11.044, 11.286, 11.335, 8.7, 7.44, 6.52, 5.66, 5.62, 5.12, 4.33, 3.6, 3.4, 3.74, 4.42, 4.35, 3.88, 3.46, 3.41, 2.94, 2.43, 2.01, 1.82, 1.61, 1.43, 1.45, 1.54, 1.44, 2.92, 3.7, 3.92, 4.56, 5.68, 6.55, 6.91, 7.27, 7.566, 7.65], [5.68, 5.12, 4.77, 4.5, 4.17, 3.67, 3.95, 4.75, 5.17, 4.89, 4.59, 4.18, 3.99, 4.21, 3.79, 2.88, 3.17, 2.76, 2.77, 2.64, 2.1, 1.72, 1.29, 1.06, 1.11, 1.02, 0.95, 0.8, 0, 1.21, 1.97, 2.05, 2.11, 2.07, 2.18, 2.03, 1.71, 2.0, 2.71, 2.76, 2.49, 2.7, 3.74, 4.2, 4.47, 3.95, 4.265, 5.512, 7.686, 11.078, 11.289, 11.378, 8.792, 7.5, 6.54, 5.6, 5.538, 5.015, 4.17, 3.52, 3.24, 3.58, 4.28, 4.31, 3.74, 3.44, 3.35, 2.9, 2.31, 1.97, 1.72, 1.45, 1.43, 1.43, 1.66, 1.4, 2.88, 3.68, 3.92, 4.54, 5.64, 6.53, 6.87, 7.23, 7.53, 7.61], [5.53, 5.01, 4.54, 4.21, 3.86, 3.48, 3.9, 4.66, 5.14, 5.1, 4.56, 4.09, 3.78, 3.82, 3.54, 3.07, 3.8, 3.13, 3.0, 2.79, 2.13, 1.47, 1.38, 1.51, 1.54, 1.31, 1.3, 1.09, 1.21, 0, 1.44, 1.44, 1.56, 1.3, 1.37, 1.48, 1.34, 1.69, 2.06, 2.29, 2.26, 2.41, 2.95, 3.63, 3.86, 3.32, 3.58, 4.91, 7.089, 10.459, 10.699, 10.753, 8.115, 6.861, 5.83, 4.87, 4.765, 4.339, 3.52, 2.89, 2.81, 3.09, 3.69, 3.66, 3.35, 2.99, 2.98, 2.57, 2.04, 1.76, 1.73, 1.44, 1.56, 1.26, 1.31, 1.93, 3.51, 4.33, 4.49, 5.09, 6.19, 7.1, 7.48, 7.88, 8.185, 8.28], [4.65, 4.11, 3.64, 3.29, 2.78, 2.58, 3.12, 3.76, 4.56, 4.86, 4.0, 3.35, 3.12, 2.72, 2.92, 3.07, 3.82, 3.11, 2.8, 2.61, 1.83, 1.29, 1.7, 2.05, 2.2, 1.95, 2.0, 1.93, 1.97, 1.44, 0, 0.96, 1.38, 1.32, 1.89, 1.98, 1.76, 1.47, 1.26, 1.29, 1.5, 1.57, 2.01, 3.21, 3.54, 3.28, 3.48, 4.69, 6.89, 10.254, 10.487, 10.593, 7.941, 6.587, 5.499, 4.487, 4.15, 3.83, 3.38, 3.05, 2.97, 3.19, 3.79, 3.94, 3.69, 3.43, 3.34, 2.89, 2.58, 2.38, 2.41, 1.92, 1.8, 1.7, 1.61, 1.91, 3.49, 4.29, 4.47, 4.99, 6.09, 7.08, 7.48, 7.9, 8.214, 8.331], [4.77, 4.27, 3.72, 3.39, 2.94, 2.7, 3.48, 4.02, 4.98, 5.2, 4.38, 3.53, 3.26, 3.06, 3.06, 3.63, 4.4, 3.61, 3.22, 3.03, 2.23, 1.65, 1.74, 2.17, 2.36, 2.03, 2.0, 1.97, 2.05, 1.44, 0.96, 0, 0.96, 1.1, 1.85, 1.82, 1.6, 1.25, 1.3, 1.41, 1.76, 1.81, 1.95, 2.73, 3.02, 2.84, 2.9, 4.17, 6.45, 9.734, 9.956, 10.071, 7.447, 6.13, 5.05, 4.15, 3.79, 3.49, 3.04, 2.83, 2.83, 2.97, 3.59, 3.74, 3.63, 3.39, 3.22, 2.79, 2.54, 2.44, 2.43, 1.98, 1.98, 1.82, 1.87, 2.29, 4.01, 4.79, 4.99, 5.51, 6.61, 7.58, 8.0, 8.48, 8.771, 8.9], [5.19, 4.61, 4.2, 3.87, 3.4, 3.3, 3.9, 4.46, 5.46, 5.7, 4.88, 4.11, 3.92, 3.52, 3.6, 4.023, 4.813, 4.01, 3.72, 3.47, 2.69, 2.11, 2.04, 2.29, 2.38, 2.03, 2.12, 1.95, 2.11, 1.56, 1.38, 0.96, 0, 0.92, 1.35, 1.34, 1.4, 1.17, 1.44, 1.79, 2.14, 2.13, 2.17, 2.91, 3.14, 3.0, 3.04, 4.21, 6.45, 9.743, 9.826, 10.0, 7.41, 6.19, 5.19, 4.43, 4.41, 3.89, 3.44, 3.11, 3.17, 3.27, 3.75, 3.9, 3.81, 3.47, 3.24, 2.87, 2.6, 2.58, 2.67, 2.42, 2.42, 1.88, 1.99, 2.67, 4.37, 5.19, 5.39, 5.91, 7.01, 7.98, 8.4, 8.896, 9.176, 9.313], [5.49, 4.99, 4.48, 4.13, 3.7, 3.46, 4.08, 4.7, 5.62, 5.84, 5.02, 4.31, 4.0, 3.74, 3.68, 3.99, 4.725, 3.99, 3.72, 3.51, 2.77, 2.11, 2.06, 2.15, 2.16, 1.83, 1.84, 1.79, 2.07, 1.3, 1.32, 1.1, 0.92, 0, 0.97, 1.08, 1.3, 1.15, 1.64, 1.93, 2.12, 2.21, 2.35, 2.99, 3.2, 2.84, 2.88, 4.23, 6.35, 9.669, 9.834, 9.914, 7.29, 6.17, 5.25, 4.49, 4.45, 3.97, 3.3, 2.91, 2.89, 3.01, 3.49, 3.54, 3.45, 3.09, 2.88, 2.43, 2.24, 2.2, 2.35, 2.2, 2.24, 1.54, 1.65, 2.57, 4.33, 5.15, 5.35, 5.87, 6.99, 7.96, 8.36, 8.828, 9.108, 9.245], [6.14, 5.62, 5.21, 4.88, 4.47, 4.15, 4.51, 5.27, 5.83, 5.91, 5.23, 4.8, 4.47, 4.43, 4.35, 4.04, 4.755, 4.08, 3.83, 3.64, 2.88, 2.2, 2.21, 2.26, 2.25, 1.96, 1.93, 1.94, 2.18, 1.37, 1.89, 1.85, 1.35, 0.97, 0, 0.81, 1.47, 1.7, 2.31, 2.54, 2.75, 2.9, 2.7, 3.26, 3.45, 3.11, 3.17, 4.48, 6.66, 9.81, 9.97, 10.03, 7.44, 6.42, 5.52, 4.8, 4.74, 4.28, 3.45, 2.96, 2.94, 3.06, 3.54, 3.51, 3.42, 3.0, 2.81, 2.38, 2.09, 2.01, 2.2, 2.13, 2.25, 1.57, 1.74, 2.68, 4.42, 5.22, 5.42, 5.94, 7.06, 8.05, 8.45, 8.878, 9.158, 9.275], [6.19, 5.63, 5.2, 4.87, 4.42, 4.12, 4.54, 5.3, 5.96, 5.96, 5.3, 4.73, 4.42, 4.44, 4.32, 4.13, 4.831, 4.11, 3.88, 3.71, 3.03, 2.31, 2.2, 2.21, 2.22, 1.89, 1.78, 1.83, 2.03, 1.48, 1.98, 1.82, 1.34, 1.08, 0.81, 0, 1.12, 1.47, 2.3, 2.61, 2.74, 2.89, 2.81, 3.23, 3.4, 3.12, 3.26, 4.49, 6.55, 9.74, 9.86, 9.96, 7.47, 6.41, 5.61, 4.87, 4.85, 4.31, 3.42, 2.81, 2.77, 2.93, 3.53, 3.36, 3.13, 2.75, 2.48, 2.19, 1.96, 2.0, 2.09, 2.12, 2.26, 1.54, 1.65, 2.69, 4.43, 5.23, 5.47, 5.99, 7.13, 8.1, 8.493, 8.893, 9.233, 9.331], [5.45, 4.89, 4.52, 4.19, 3.78, 3.46, 3.82, 4.58, 5.22, 5.24, 4.54, 3.97, 3.78, 3.78, 3.68, 3.63, 4.391, 3.65, 3.36, 3.15, 2.43, 1.77, 1.8, 1.85, 1.78, 1.77, 1.74, 1.63, 1.71, 1.34, 1.76, 1.6, 1.4, 1.3, 1.47, 1.12, 0, 0.97, 1.84, 2.25, 2.38, 2.53, 3.03, 3.61, 3.7, 3.4, 3.46, 4.71, 6.71, 9.9, 10.02, 10.14, 7.73, 6.59, 5.83, 5.09, 5.05, 4.55, 3.64, 3.27, 3.27, 3.41, 3.97, 3.68, 3.55, 3.21, 2.9, 2.67, 2.44, 2.58, 2.51, 2.32, 2.3, 1.82, 1.91, 2.47, 4.05, 4.85, 5.07, 5.61, 6.73, 7.72, 8.1, 8.473, 8.793, 8.891], [5.02, 4.48, 3.99, 3.6, 3.19, 3.05, 3.61, 4.21, 5.15, 5.43, 4.49, 3.78, 3.49, 3.27, 3.29, 3.991, 4.821, 4.06, 3.71, 3.48, 2.7, 2.12, 2.03, 2.18, 2.29, 2.08, 2.03, 1.94, 2.0, 1.69, 1.47, 1.25, 1.17, 1.15, 1.7, 1.47, 0.97, 0, 1.37, 1.82, 2.19, 2.24, 2.64, 3.12, 3.23, 3.03, 2.97, 4.04, 6.22, 9.53, 9.65, 9.77, 7.26, 6.08, 5.2, 4.46, 4.4, 3.96, 3.33, 3.18, 3.24, 3.3, 3.84, 3.77, 3.7, 3.44, 3.11, 2.78, 2.61, 2.81, 2.8, 2.61, 2.49, 1.99, 2.24, 2.74, 4.42, 5.26, 5.48, 6.0, 7.12, 8.11, 8.503, 8.863, 9.223, 9.321], [4.49, 3.99, 3.42, 2.91, 2.3, 2.52, 3.2, 3.74, 4.74, 5.12, 4.18, 3.29, 3.04, 2.72, 2.84, 3.789, 4.599, 3.83, 3.46, 3.21, 2.41, 2.01, 2.26, 2.71, 2.66, 2.39, 2.6, 2.49, 2.71, 2.06, 1.26, 1.3, 1.44, 1.64, 2.31, 2.3, 1.84, 1.37, 0, 1.09, 1.66, 1.47, 1.61, 2.73, 2.92, 2.9, 2.9, 4.03, 6.25, 9.56, 9.7, 9.82, 7.23, 5.95, 4.91, 4.07, 3.89, 3.53, 3.16, 3.11, 3.23, 3.37, 3.89, 4.12, 4.09, 3.87, 3.76, 3.21, 2.92, 3.02, 3.25, 2.84, 2.7, 2.34, 2.19, 2.65, 4.21, 4.99, 5.23, 5.71, 6.83, 7.84, 8.242, 8.662, 9.022, 9.119], [4.36, 3.86, 3.29, 2.82, 2.21, 2.29, 2.99, 3.57, 4.51, 4.77, 3.89, 3.04, 2.71, 2.47, 2.63, 3.22, 3.975, 3.18, 2.93, 2.74, 1.98, 1.92, 2.37, 2.86, 2.77, 2.74, 2.83, 2.68, 2.76, 2.29, 1.29, 1.41, 1.79, 1.93, 2.54, 2.61, 2.25, 1.82, 1.09, 0, 1.07, 1.06, 1.52, 2.98, 3.39, 3.27, 3.41, 4.64, 6.92, 10.161, 10.315, 10.481, 7.837, 6.534, 5.474, 4.46, 4.04, 3.8, 3.35, 3.1, 3.1, 3.34, 3.82, 4.13, 4.02, 3.94, 3.93, 3.44, 3.03, 3.05, 3.2, 2.71, 2.41, 2.43, 2.34, 2.44, 3.98, 4.42, 4.72, 5.06, 6.16, 7.175, 7.598, 8.058, 8.378, 8.475], [4.11, 3.61, 3.06, 2.63, 2.18, 1.98, 2.68, 3.34, 4.14, 4.3, 3.5, 2.65, 2.32, 2.24, 2.12, 2.43, 3.14, 2.43, 2.26, 2.05, 1.53, 1.73, 2.32, 2.67, 2.36, 2.53, 2.7, 2.51, 2.49, 2.26, 1.5, 1.76, 2.14, 2.12, 2.75, 2.74, 2.38, 2.19, 1.66, 1.07, 0, 0.63, 2.27, 3.89, 4.24, 3.82, 4.28, 5.51, 7.71, 10.991, 11.213, 11.311, 8.687, 7.364, 6.29, 5.33, 4.91, 4.67, 3.94, 3.45, 3.49, 3.77, 4.17, 4.48, 4.31, 4.15, 4.08, 3.65, 3.32, 3.02, 3.15, 2.68, 2.12, 2.24, 2.09, 2.01, 3.27, 3.57, 3.93, 4.19, 5.31, 6.248, 6.671, 7.131, 7.467, 7.568], [4.18, 3.66, 3.09, 2.52, 2.11, 2.11, 2.87, 3.45, 4.37, 4.55, 3.73, 2.88, 2.51, 2.37, 2.25, 2.72, 3.412, 2.68, 2.57, 2.32, 1.84, 1.98, 2.59, 2.96, 2.65, 2.72, 2.83, 2.7, 2.7, 2.41, 1.57, 1.81, 2.13, 2.21, 2.9, 2.89, 2.53, 2.24, 1.47, 1.06, 0.63, 0, 1.94, 3.58, 3.97, 3.59, 3.99, 5.24, 7.4, 10.71, 10.921, 11.01, 8.38, 7.06, 6.02, 5.04, 4.62, 4.38, 3.85, 3.42, 3.44, 3.78, 4.24, 4.51, 4.32, 4.26, 4.15, 3.72, 3.37, 3.09, 3.22, 2.79, 2.39, 2.45, 2.3, 2.24, 3.5, 3.84, 4.14, 4.46, 5.62, 6.512, 6.915, 7.415, 7.755, 7.872], [5.36, 4.78, 4.25, 3.64, 3.11, 3.51, 4.21, 4.67, 5.71, 6.07, 5.17, 4.28, 4.03, 3.69, 3.81, 4.502, 5.292, 4.5, 4.27, 4.04, 3.26, 2.84, 3.27, 3.78, 3.81, 3.46, 3.51, 3.54, 3.74, 2.95, 2.01, 1.95, 2.17, 2.35, 2.7, 2.81, 3.03, 2.64, 1.61, 1.52, 2.27, 1.94, 0, 1.92, 2.43, 2.69, 2.67, 3.48, 5.72, 8.95, 9.03, 9.23, 6.64, 5.34, 4.28, 3.36, 3.0, 2.94, 3.15, 3.0, 3.04, 3.22, 3.7, 4.07, 4.02, 3.94, 3.93, 3.52, 3.05, 3.25, 3.46, 3.19, 3.13, 2.89, 2.76, 3.46, 4.98, 5.62, 5.84, 6.28, 7.46, 8.412, 8.815, 9.295, 9.652, 9.769], [6.64, 6.04, 5.53, 4.9, 4.37, 4.83, 5.53, 5.97, 7.01, 7.37, 6.47, 5.58, 5.33, 4.99, 5.21, 6.008, 6.835, 6.04, 5.71, 5.46, 4.66, 4.1, 4.01, 4.44, 4.65, 4.2, 4.07, 4.24, 4.2, 3.63, 3.21, 2.73, 2.91, 2.99, 3.26, 3.23, 3.61, 3.12, 2.73, 2.98, 3.89, 3.58, 1.92, 0, 0.97, 1.37, 1.35, 1.9, 4.12, 7.29, 7.47, 7.61, 5.0, 3.78, 2.78, 1.8, 1.86, 1.58, 1.93, 2.12, 2.22, 2.12, 2.34, 2.91, 2.9, 2.92, 2.89, 2.6, 2.43, 3.03, 3.24, 3.73, 4.07, 3.53, 3.82, 4.78, 6.36, 7.18, 7.42, 7.86, 9.0, 9.995, 10.398, 10.858, 11.237, 11.335], [7.13, 6.57, 6.02, 5.43, 4.9, 5.22, 5.92, 6.44, 7.44, 7.8, 6.84, 5.97, 5.72, 5.4, 5.54, 6.452, 7.242, 6.489, 6.1, 5.85, 5.05, 4.45, 4.32, 4.71, 4.92, 4.43, 4.34, 4.49, 4.47, 3.86, 3.54, 3.02, 3.14, 3.2, 3.45, 3.4, 3.7, 3.23, 2.92, 3.39, 4.24, 3.97, 2.43, 0.97, 0, 0.82, 0.8, 1.59, 3.65, 6.88, 7.04, 7.16, 4.61, 3.61, 2.81, 1.95, 1.81, 1.57, 1.46, 1.85, 2.17, 1.63, 1.79, 2.34, 2.41, 2.45, 2.4, 2.23, 2.48, 3.28, 3.59, 4.18, 4.56, 3.84, 4.09, 5.07, 6.81, 7.61, 7.85, 8.29, 9.43, 10.46, 10.88, 11.305, 11.665, 11.779], [7.11, 6.59, 6.02, 5.49, 4.94, 5.04, 5.8, 6.4, 7.32, 7.52, 6.7, 5.85, 5.46, 5.32, 5.14, 5.943, 6.713, 5.97, 5.6, 5.37, 4.59, 3.93, 3.86, 4.27, 4.46, 4.05, 3.88, 3.97, 3.95, 3.32, 3.28, 2.84, 3.0, 2.84, 3.11, 3.12, 3.4, 3.03, 2.9, 3.27, 3.82, 3.59, 2.69, 1.37, 0.82, 0, 0.8, 1.85, 4.05, 7.42, 7.616, 7.68, 5.13, 4.21, 3.31, 2.43, 2.15, 1.85, 1.36, 1.49, 1.73, 1.45, 1.53, 2.08, 2.17, 2.19, 2.14, 1.95, 2.16, 2.82, 3.07, 3.72, 4.06, 3.38, 3.65, 4.55, 6.29, 7.11, 7.35, 7.83, 8.97, 9.96, 10.376, 10.796, 11.136, 11.253], [7.11, 6.61, 6.04, 5.47, 4.98, 5.24, 5.96, 6.52, 7.52, 7.84, 6.92, 6.05, 5.74, 5.48, 5.42, 6.355, 7.125, 6.39, 6.02, 5.81, 5.01, 4.35, 4.24, 4.55, 4.76, 4.29, 4.14, 4.29, 4.265, 3.58, 3.48, 2.9, 3.04, 2.88, 3.17, 3.26, 3.46, 2.97, 2.9, 3.41, 4.28, 3.99, 2.67, 1.35, 0.8, 0.8, 0, 1.49, 3.77, 7.16, 7.28, 7.42, 4.95, 4.09, 3.21, 2.33, 2.07, 1.91, 1.7, 1.91, 2.21, 1.81, 1.85, 2.36, 2.49, 2.47, 2.46, 2.27, 2.54, 3.24, 3.45, 4.14, 4.5, 3.7, 4.05, 5.07, 6.75, 7.57, 7.79, 8.31, 9.43, 10.42, 10.82, 11.228, 11.548, 11.665], [7.88, 7.24, 6.75, 6.14, 5.63, 6.35, 6.93, 7.31, 8.43, 8.89, 7.85, 6.94, 6.73, 6.37, 6.53, 7.591, 8.401, 7.64, 7.27, 7.04, 6.26, 5.62, 5.51, 5.82, 6.05, 5.62, 5.45, 5.58, 5.512, 4.91, 4.69, 4.17, 4.21, 4.23, 4.48, 4.49, 4.71, 4.04, 4.03, 4.64, 5.51, 5.24, 3.48, 1.9, 1.59, 1.85, 1.49, 0, 2.56, 5.97, 6.07, 6.23, 3.78, 2.94, 2.26, 1.92, 2.0, 2.14, 2.69, 2.94, 3.28, 2.78, 2.62, 3.25, 3.42, 3.44, 3.45, 3.34, 3.71, 4.43, 4.7, 5.37, 5.75, 4.95, 5.34, 6.32, 7.98, 8.82, 9.06, 9.56, 10.68, 11.67, 12.063, 12.463, 12.823, 12.901], [9.62, 8.84, 8.29, 7.72, 7.33, 8.33, 8.93, 9.17, 10.35, 10.87, 9.65, 8.72, 8.73, 8.39, 8.75, 9.822, 10.632, 9.823, 9.51, 9.26, 8.44, 7.84, 7.69, 7.88, 8.03, 7.72, 7.51, 7.72, 7.686, 7.089, 6.89, 6.45, 6.45, 6.35, 6.66, 6.55, 6.71, 6.22, 6.25, 6.92, 7.71, 7.4, 5.72, 4.12, 3.65, 4.05, 3.77, 2.56, 0, 3.47, 3.67, 3.75, 2.06, 1.6, 2.08, 3.36, 3.52, 3.86, 4.23, 5.02, 5.38, 4.72, 4.18, 4.37, 5.04, 5.0, 4.89, 5.12, 5.69, 6.61, 6.86, 7.51, 7.89, 7.01, 7.34, 8.46, 10.2, 11.02, 11.2, 11.74, 12.86, 13.85, 14.215, 14.675, 15.029, 15.126], [12.53, 11.77, 11.18, 10.61, 10.24, 11.38, 11.96, 12.1, 13.28, 13.86, 12.68, 11.77, 11.74, 11.533, 12.105, 13.221, 14.025, 13.198, 12.854, 12.587, 11.767, 11.152, 11.01, 11.163, 11.282, 10.987, 10.845, 11.044, 11.078, 10.459, 10.254, 9.734, 9.743, 9.669, 9.81, 9.74, 9.9, 9.53, 9.56, 10.161, 10.991, 10.71, 8.95, 7.29, 6.88, 7.42, 7.16, 5.97, 3.47, 0, 1.18, 0.92, 2.61, 3.67, 4.85, 6.25, 6.53, 6.89, 7.38, 8.25, 8.67, 8.03, 7.27, 7.16, 7.89, 7.95, 7.94, 8.35, 8.98, 9.98, 10.249, 10.859, 11.222, 10.365, 10.635, 11.784, 13.529, 14.366, 14.566, 15.026, 16.132, 17.136, 17.568, 18.068, 18.43, 18.527], [12.73, 11.99, 11.34, 10.79, 10.48, 11.62, 12.2, 12.3, 13.52, 14.12, 12.94, 12.03, 12.0, 11.791, 12.336, 13.472, 14.273, 13.449, 13.096, 12.829, 12.0, 11.409, 11.25, 11.397, 11.58, 11.244, 11.076, 11.286, 11.289, 10.699, 10.487, 9.956, 9.826, 9.834, 9.97, 9.86, 10.02, 9.65, 9.7, 10.315, 11.213, 10.921, 9.03, 7.47, 7.04, 7.616, 7.28, 6.07, 3.67, 1.18, 0, 0.92, 2.99, 3.93, 5.11, 6.51, 6.79, 7.15, 7.64, 8.51, 8.93, 8.29, 7.53, 7.42, 8.15, 8.21, 8.22, 8.61, 9.22, 10.22, 10.481, 11.111, 11.473, 10.596, 10.906, 12.026, 13.786, 14.623, 14.814, 15.274, 16.38, 17.376, 17.816, 18.325, 18.675, 18.776], [12.79, 12.05, 11.4, 10.85, 10.54, 11.68, 12.26, 12.36, 13.6, 14.2, 13.02, 12.11, 12.08, 11.868, 12.399, 13.549, 14.359, 13.526, 13.194, 12.927, 12.106, 11.486, 11.345, 11.492, 11.611, 11.304, 11.165, 11.335, 11.378, 10.753, 10.593, 10.071, 10.0, 9.914, 10.03, 9.96, 10.14, 9.77, 9.82, 10.481, 11.311, 11.01, 9.23, 7.61, 7.16, 7.68, 7.42, 6.23, 3.75, 0.92, 0.92, 0, 2.73, 4.01, 5.19, 6.59, 6.87, 7.23, 7.72, 8.59, 9.01, 8.37, 7.61, 7.5, 8.23, 8.29, 8.28, 8.69, 9.3, 10.3, 10.543, 11.188, 11.551, 10.679, 10.963, 12.123, 13.863, 14.701, 14.894, 15.361, 16.466, 17.47, 17.902, 18.402, 18.759, 18.856], [10.2, 9.46, 8.85, 8.3, 7.95, 9.07, 9.67, 9.83, 11.05, 11.61, 10.45, 9.5, 9.47, 9.25, 9.752, 10.928, 11.726, 10.905, 10.561, 10.294, 9.453, 8.853, 8.721, 8.94, 9.05, 8.74, 8.59, 8.7, 8.792, 8.115, 7.941, 7.447, 7.41, 7.29, 7.44, 7.47, 7.73, 7.26, 7.23, 7.837, 8.687, 8.38, 6.64, 5.0, 4.61, 5.13, 4.95, 3.78, 2.06, 2.61, 2.99, 2.73, 0, 1.62, 2.62, 4.0, 4.4, 4.74, 5.41, 6.04, 6.42, 5.82, 5.48, 5.93, 6.44, 6.4, 6.23, 6.16, 6.69, 7.67, 7.94, 8.555, 8.929, 8.11, 8.331, 9.491, 11.231, 12.068, 12.264, 12.728, 13.833, 14.826, 15.269, 15.769, 16.129, 16.226], [8.9, 8.14, 7.55, 6.98, 6.61, 7.73, 8.31, 8.47, 9.65, 10.23, 9.05, 8.12, 8.07, 7.87, 8.438, 9.554, 10.364, 9.54, 9.187, 8.94, 8.1, 7.482, 7.39, 7.54, 7.73, 7.44, 7.25, 7.44, 7.5, 6.861, 6.587, 6.13, 6.19, 6.17, 6.42, 6.41, 6.59, 6.08, 5.95, 6.534, 7.364, 7.06, 5.34, 3.78, 3.61, 4.21, 4.09, 2.94, 1.6, 3.67, 3.93, 4.01, 1.62, 0, 1.32, 2.62, 3.38, 3.78, 4.49, 5.02, 5.3, 4.78, 4.56, 5.03, 5.52, 5.54, 5.41, 5.2, 5.37, 6.33, 6.74, 7.19, 7.555, 6.73, 7.034, 8.129, 9.859, 10.696, 10.896, 11.356, 12.462, 13.469, 13.907, 14.398, 14.763, 14.86], [7.8, 7.04, 6.47, 5.92, 5.53, 6.63, 7.23, 7.39, 8.53, 9.05, 7.87, 6.94, 6.89, 6.69, 7.364, 8.48, 9.25, 8.457, 8.124, 7.877, 6.977, 6.357, 6.29, 6.62, 6.83, 6.44, 6.35, 6.52, 6.54, 5.83, 5.499, 5.05, 5.19, 5.25, 5.52, 5.61, 5.83, 5.2, 4.91, 5.474, 6.29, 6.02, 4.28, 2.78, 2.81, 3.31, 3.21, 2.26, 2.08, 4.85, 5.11, 5.19, 2.62, 1.32, 0, 1.62, 2.48, 2.88, 3.65, 4.06, 4.3, 3.9, 3.78, 4.39, 4.7, 4.74, 4.69, 4.46, 4.53, 5.25, 5.72, 6.09, 6.49, 5.73, 6.0, 7.012, 8.694, 9.531, 9.731, 10.231, 11.337, 12.321, 12.793, 13.233, 13.604, 13.701], [6.56, 5.78, 5.33, 4.74, 4.33, 5.33, 5.93, 6.07, 7.21, 7.75, 6.51, 5.66, 5.55, 5.29, 6.079, 7.194, 8.007, 7.317, 7.004, 6.734, 5.897, 5.237, 5.23, 5.66, 5.97, 5.68, 5.49, 5.66, 5.6, 4.87, 4.487, 4.15, 4.43, 4.49, 4.8, 4.87, 5.09, 4.46, 4.07, 4.46, 5.33, 5.04, 3.36, 1.8, 1.95, 2.43, 2.33, 1.92, 3.36, 6.25, 6.51, 6.59, 4.0, 2.62, 1.62, 0, 1.18, 1.54, 2.47, 2.78, 2.92, 2.68, 2.82, 3.49, 3.5, 3.74, 3.79, 3.52, 3.49, 4.13, 4.6, 4.93, 5.31, 4.81, 5.08, 6.097, 7.554, 8.4, 8.5, 8.94, 10.052, 11.044, 11.507, 11.927, 12.29, 12.324], [6.32, 5.64, 5.13, 4.54, 4.07, 4.95, 5.53, 5.75, 6.87, 7.41, 6.27, 5.34, 5.27, 5.01, 5.69, 6.786, 7.576, 6.843, 6.527, 6.249, 5.469, 4.835, 5.09, 5.62, 5.91, 5.64, 5.45, 5.62, 5.538, 4.765, 4.15, 3.79, 4.41, 4.45, 4.74, 4.85, 5.05, 4.4, 3.89, 4.04, 4.91, 4.62, 3.0, 1.86, 1.81, 2.15, 2.07, 2.0, 3.52, 6.53, 6.79, 6.87, 4.4, 3.38, 2.48, 1.18, 0, 1.1, 1.93, 2.4, 2.6, 2.46, 2.64, 3.03, 3.04, 3.16, 3.19, 3.16, 3.39, 4.03, 4.3, 4.61, 4.83, 4.73, 4.92, 5.74, 7.22, 7.94, 8.06, 8.54, 9.643, 10.636, 11.099, 11.573, 11.93, 12.024], [6.4, 5.84, 5.31, 4.72, 4.21, 4.71, 5.41, 5.71, 6.79, 7.19, 6.15, 5.26, 5.15, 4.83, 5.45, 6.532, 7.313, 6.62, 6.307, 6.02, 5.206, 4.56, 4.61, 5.14, 5.45, 5.14, 4.95, 5.12, 5.015, 4.339, 3.83, 3.49, 3.89, 3.97, 4.28, 4.31, 4.55, 3.96, 3.53, 3.8, 4.67, 4.38, 2.94, 1.58, 1.57, 1.85, 1.91, 2.14, 3.86, 6.89, 7.15, 7.23, 4.74, 3.78, 2.88, 1.54, 1.1, 0, 1.41, 1.8, 2.0, 1.82, 2.16, 2.51, 2.48, 2.62, 2.67, 2.58, 2.87, 3.55, 3.76, 4.29, 4.59, 4.27, 4.52, 5.46, 6.86, 7.68, 7.78, 8.28, 9.389, 10.382, 10.844, 11.273, 11.604, 11.682], [6.77, 6.27, 5.7, 5.21, 4.62, 4.66, 5.38, 6.02, 6.8, 6.98, 6.14, 5.29, 5.0, 4.94, 5.08, 5.919, 6.689, 5.962, 5.68, 5.442, 4.59, 3.89, 3.84, 4.33, 4.62, 4.33, 4.12, 4.33, 4.17, 3.52, 3.38, 3.04, 3.44, 3.3, 3.45, 3.42, 3.64, 3.33, 3.16, 3.35, 3.94, 3.85, 3.15, 1.93, 1.46, 1.36, 1.7, 2.69, 4.23, 7.38, 7.64, 7.72, 5.41, 4.49, 3.65, 2.47, 1.93, 1.41, 0, 1.11, 1.49, 1.05, 1.33, 1.52, 1.75, 1.79, 1.8, 1.85, 2.04, 2.72, 3.03, 3.6, 3.96, 3.44, 3.71, 4.71, 6.259, 7.09, 7.21, 7.67, 8.796, 9.789, 10.232, 10.712, 11.077, 11.174], [6.76, 6.26, 5.69, 5.2, 4.59, 4.59, 5.33, 5.99, 6.73, 6.73, 5.99, 5.16, 4.71, 4.77, 4.93, 5.3, 5.967, 5.28, 5.11, 4.86, 4.18, 3.44, 3.39, 3.64, 3.91, 3.58, 3.39, 3.6, 3.52, 2.89, 3.05, 2.83, 3.11, 2.91, 2.96, 2.81, 3.27, 3.18, 3.11, 3.1, 3.45, 3.42, 3.0, 2.12, 1.85, 1.49, 1.91, 2.94, 5.02, 8.25, 8.51, 8.59, 6.04, 5.02, 4.06, 2.78, 2.4, 1.8, 1.11, 0, 0.7, 0.76, 1.3, 1.59, 1.32, 1.44, 1.53, 1.3, 1.41, 1.99, 2.3, 2.93, 3.23, 2.71, 2.96, 3.94, 5.42, 6.28, 6.4, 6.94, 8.06, 8.976, 9.439, 9.859, 10.227, 10.313], [6.64, 6.14, 5.57, 5.1, 4.49, 4.47, 5.15, 5.83, 6.53, 6.39, 5.83, 4.96, 4.55, 4.69, 4.75, 4.86, 5.61, 4.98, 4.75, 4.56, 4.02, 3.28, 3.21, 3.44, 3.73, 3.38, 3.19, 3.4, 3.24, 2.81, 2.97, 2.83, 3.17, 2.89, 2.94, 2.77, 3.27, 3.24, 3.23, 3.1, 3.49, 3.44, 3.04, 2.22, 2.17, 1.73, 2.21, 3.28, 5.38, 8.67, 8.93, 9.01, 6.42, 5.3, 4.3, 2.92, 2.6, 2.0, 1.49, 0.7, 0, 0.86, 1.64, 1.95, 1.6, 1.66, 1.69, 1.28, 1.33, 1.77, 2.06, 2.67, 2.87, 2.53, 2.78, 3.74, 5.12, 5.94, 6.06, 6.58, 7.66, 8.599, 9.022, 9.479, 9.819, 9.896], [7.02, 6.52, 5.97, 5.52, 4.91, 4.83, 5.55, 6.23, 6.95, 6.91, 6.21, 5.36, 4.93, 5.03, 5.17, 5.48, 6.122, 5.48, 5.21, 5.08, 4.36, 3.6, 3.47, 3.68, 4.03, 3.68, 3.51, 3.74, 3.58, 3.09, 3.19, 2.97, 3.27, 3.01, 3.06, 2.93, 3.41, 3.3, 3.37, 3.34, 3.77, 3.78, 3.22, 2.12, 1.63, 1.45, 1.81, 2.78, 4.72, 8.03, 8.29, 8.37, 5.82, 4.78, 3.9, 2.68, 2.46, 1.82, 1.05, 0.76, 0.86, 0, 1.04, 1.37, 1.18, 1.3, 1.37, 1.3, 1.47, 2.15, 2.48, 3.09, 3.43, 2.81, 3.14, 4.14, 5.66, 6.5, 6.6, 7.14, 8.26, 9.242, 9.664, 10.084, 10.444, 10.536], [7.64, 7.14, 6.57, 6.1, 5.49, 5.45, 6.17, 6.85, 7.57, 7.65, 6.83, 6.02, 5.59, 5.63, 5.89, 6.22, 6.899, 6.26, 6.09, 5.86, 5.04, 4.36, 4.21, 4.46, 4.75, 4.42, 4.25, 4.42, 4.28, 3.69, 3.79, 3.59, 3.75, 3.49, 3.54, 3.53, 3.97, 3.84, 3.89, 3.82, 4.17, 4.24, 3.7, 2.34, 1.79, 1.53, 1.85, 2.62, 4.18, 7.27, 7.53, 7.61, 5.48, 4.56, 3.78, 2.82, 2.64, 2.16, 1.33, 1.3, 1.64, 1.04, 0, 1.01, 1.38, 1.46, 1.65, 1.74, 2.15, 2.87, 3.2, 3.85, 4.15, 3.41, 3.74, 4.82, 6.38, 7.22, 7.36, 7.86, 8.986, 9.959, 10.422, 10.842, 11.198, 11.296], [7.77, 7.25, 6.72, 6.29, 5.68, 5.58, 6.24, 6.94, 7.6, 7.64, 6.88, 6.19, 5.68, 5.76, 6.14, 6.27, 6.983, 6.23, 6.04, 5.85, 5.03, 4.35, 4.18, 4.27, 4.56, 4.37, 4.1, 4.35, 4.31, 3.66, 3.94, 3.74, 3.9, 3.54, 3.51, 3.36, 3.68, 3.77, 4.12, 4.13, 4.48, 4.51, 4.07, 2.91, 2.34, 2.08, 2.36, 3.25, 4.37, 7.16, 7.42, 7.5, 5.93, 5.03, 4.39, 3.49, 3.03, 2.51, 1.52, 1.59, 1.95, 1.37, 1.01, 0, 1.05, 1.19, 1.26, 1.67, 2.08, 2.96, 3.29, 3.94, 4.2, 3.5, 3.85, 4.91, 6.41, 7.25, 7.45, 7.944, 9.11, 10.043, 10.506, 10.926, 11.306, 11.397], [7.58, 7.06, 6.53, 6.12, 5.57, 5.39, 5.97, 6.69, 7.31, 7.13, 6.53, 5.88, 5.47, 5.53, 5.89, 5.76, 6.296, 5.66, 5.51, 5.36, 4.64, 3.98, 3.73, 3.82, 4.13, 3.84, 3.63, 3.88, 3.74, 3.35, 3.69, 3.63, 3.81, 3.45, 3.42, 3.13, 3.55, 3.7, 4.09, 4.02, 4.31, 4.32, 4.02, 2.9, 2.41, 2.17, 2.49, 3.42, 5.04, 7.89, 8.15, 8.23, 6.44, 5.52, 4.7, 3.5, 3.04, 2.48, 1.75, 1.32, 1.6, 1.18, 1.38, 1.05, 0, 0.54, 0.93, 1.28, 1.59, 2.33, 2.66, 3.27, 3.55, 3.17, 3.36, 4.28, 5.76, 6.62, 6.74, 7.24, 8.44, 9.336, 9.799, 10.219, 10.579, 10.673], [7.52, 6.98, 6.51, 6.12, 5.57, 5.37, 5.87, 6.61, 7.19, 6.99, 6.45, 5.82, 5.53, 5.53, 5.83, 5.6, 6.153, 5.5, 5.33, 5.18, 4.44, 3.78, 3.43, 3.52, 3.81, 3.5, 3.31, 3.46, 3.44, 2.99, 3.43, 3.39, 3.47, 3.09, 3.0, 2.75, 3.21, 3.44, 3.87, 3.94, 4.15, 4.26, 3.94, 2.92, 2.45, 2.19, 2.47, 3.44, 5.0, 7.95, 8.21, 8.29, 6.4, 5.54, 4.74, 3.74, 3.16, 2.62, 1.79, 1.44, 1.66, 1.3, 1.46, 1.19, 0.54, 0, 0.67, 1.0, 1.39, 2.15, 2.46, 3.07, 3.41, 2.87, 3.02, 4.0, 5.603, 6.44, 6.66, 7.14, 8.28, 9.273, 9.716, 10.133, 10.507, 10.604], [7.41, 6.89, 6.38, 5.99, 5.46, 5.24, 5.78, 6.54, 7.12, 6.94, 6.42, 5.73, 5.44, 5.46, 5.72, 5.61, 6.123, 5.51, 5.3, 5.13, 4.39, 3.73, 3.4, 3.41, 3.68, 3.39, 3.2, 3.41, 3.35, 2.98, 3.34, 3.22, 3.24, 2.88, 2.81, 2.48, 2.9, 3.11, 3.76, 3.93, 4.08, 4.15, 3.93, 2.89, 2.4, 2.14, 2.46, 3.45, 4.89, 7.94, 8.22, 8.28, 6.23, 5.41, 4.69, 3.79, 3.19, 2.67, 1.8, 1.53, 1.69, 1.37, 1.65, 1.26, 0.93, 0.67, 0, 0.81, 1.36, 2.12, 2.41, 3.0, 3.38, 2.82, 2.95, 3.91, 5.598, 6.444, 6.65, 7.11, 8.25, 9.243, 9.666, 10.137, 10.511, 10.608], [6.96, 6.44, 5.91, 5.52, 4.95, 4.77, 5.31, 6.07, 6.65, 6.53, 5.99, 5.3, 4.99, 5.03, 5.27, 5.16, 5.693, 5.12, 4.89, 4.72, 4.0, 3.34, 3.03, 2.98, 3.25, 2.94, 2.71, 2.94, 2.9, 2.57, 2.89, 2.79, 2.87, 2.43, 2.38, 2.19, 2.67, 2.78, 3.21, 3.44, 3.65, 3.72, 3.52, 2.6, 2.23, 1.95, 2.27, 3.34, 5.12, 8.35, 8.61, 8.69, 6.16, 5.2, 4.46, 3.52, 3.16, 2.58, 1.85, 1.3, 1.28, 1.3, 1.74, 1.67, 1.28, 1.0, 0.81, 0, 0.87, 1.67, 1.96, 2.55, 2.95, 2.33, 2.48, 3.489, 5.203, 6.04, 6.26, 6.7, 7.84, 8.853, 9.256, 9.724, 10.098, 10.195], [6.65, 6.09, 5.6, 5.21, 4.62, 4.46, 4.96, 5.72, 6.3, 6.08, 5.62, 5.05, 4.72, 4.74, 4.88, 4.59, 5.086, 4.47, 4.36, 4.23, 3.55, 2.91, 2.6, 2.43, 2.78, 2.45, 2.24, 2.43, 2.31, 2.04, 2.58, 2.54, 2.6, 2.24, 2.09, 1.96, 2.44, 2.61, 2.92, 3.03, 3.32, 3.37, 3.05, 2.43, 2.48, 2.16, 2.54, 3.71, 5.69, 8.98, 9.22, 9.3, 6.69, 5.37, 4.53, 3.49, 3.39, 2.87, 2.04, 1.41, 1.33, 1.47, 2.15, 2.08, 1.59, 1.39, 1.36, 0.87, 0, 1.02, 1.41, 2.0, 2.36, 1.9, 2.09, 3.01, 4.636, 5.47, 5.65, 6.09, 7.23, 8.246, 8.649, 9.125, 9.482, 9.579], [6.53, 5.97, 5.5, 5.15, 4.64, 4.36, 4.82, 5.58, 6.08, 5.76, 5.46, 4.93, 4.62, 4.6, 4.58, 3.97, 4.2, 3.81, 3.92, 3.81, 3.27, 2.57, 2.3, 2.17, 2.36, 2.09, 1.84, 2.01, 1.97, 1.76, 2.38, 2.44, 2.58, 2.2, 2.01, 2.0, 2.58, 2.81, 3.02, 3.05, 3.02, 3.09, 3.25, 3.03, 3.28, 2.82, 3.24, 4.43, 6.61, 9.98, 10.22, 10.3, 7.67, 6.33, 5.25, 4.13, 4.03, 3.55, 2.72, 1.99, 1.77, 2.15, 2.87, 2.96, 2.33, 2.15, 2.12, 1.67, 1.02, 0, 0.93, 1.24, 1.66, 1.52, 1.73, 2.31, 3.79, 4.53, 4.69, 5.27, 6.39, 7.32, 7.672, 8.132, 8.485, 8.582], [6.46, 5.9, 5.49, 5.14, 4.71, 4.35, 4.73, 5.49, 5.89, 5.51, 5.37, 4.9, 4.63, 4.67, 4.53, 3.92, 4.01, 3.58, 3.59, 3.5, 3.04, 2.42, 2.07, 1.94, 2.25, 2.0, 1.61, 1.82, 1.72, 1.73, 2.41, 2.43, 2.67, 2.35, 2.2, 2.09, 2.51, 2.8, 3.25, 3.2, 3.15, 3.22, 3.46, 3.24, 3.59, 3.07, 3.45, 4.7, 6.86, 10.249, 10.481, 10.543, 7.94, 6.74, 5.72, 4.6, 4.3, 3.76, 3.03, 2.3, 2.06, 2.48, 3.2, 3.29, 2.66, 2.46, 2.41, 1.96, 1.41, 0.93, 0, 0.99, 1.59, 1.55, 1.76, 2.06, 3.5, 4.28, 4.48, 5.08, 6.22, 7.13, 7.439, 7.892, 8.232, 8.329], [5.85, 5.29, 4.94, 4.61, 4.18, 3.8, 4.08, 4.88, 5.1, 4.8, 4.66, 4.25, 4.04, 4.1, 4.02, 3.29, 3.34, 2.95, 2.98, 2.79, 2.29, 1.71, 1.58, 1.51, 1.76, 1.49, 1.34, 1.61, 1.45, 1.44, 1.92, 1.98, 2.42, 2.2, 2.13, 2.12, 2.32, 2.61, 2.84, 2.71, 2.68, 2.79, 3.19, 3.73, 4.18, 3.72, 4.14, 5.37, 7.51, 10.859, 11.111, 11.188, 8.555, 7.19, 6.09, 4.93, 4.61, 4.29, 3.6, 2.93, 2.67, 3.09, 3.85, 3.94, 3.27, 3.07, 3.0, 2.55, 2.0, 1.24, 0.99, 0, 1.06, 1.22, 1.33, 1.45, 2.83, 3.59, 3.79, 4.39, 5.53, 6.44, 6.766, 7.231, 7.591, 7.688], [5.25, 4.69, 4.28, 4.05, 3.68, 3.16, 3.52, 4.28, 4.74, 4.48, 4.18, 3.69, 3.46, 3.7, 3.32, 2.55, 3.02, 2.55, 2.62, 2.49, 1.99, 1.57, 1.46, 1.49, 1.6, 1.37, 1.34, 1.43, 1.43, 1.56, 1.8, 1.98, 2.42, 2.24, 2.25, 2.26, 2.3, 2.49, 2.7, 2.41, 2.12, 2.39, 3.13, 4.07, 4.56, 4.06, 4.5, 5.75, 7.89, 11.222, 11.473, 11.551, 8.929, 7.555, 6.49, 5.31, 4.83, 4.59, 3.96, 3.23, 2.87, 3.43, 4.15, 4.2, 3.55, 3.41, 3.38, 2.95, 2.36, 1.66, 1.59, 1.06, 0, 1.22, 1.31, 1.47, 2.73, 3.31, 3.45, 4.03, 5.21, 6.1, 6.44, 6.909, 7.228, 7.305], [5.61, 5.05, 4.7, 4.43, 4.04, 3.56, 3.92, 4.66, 5.34, 5.24, 4.68, 4.07, 3.88, 4.0, 3.7, 3.11, 3.78, 3.17, 3.18, 3.03, 2.43, 1.67, 1.66, 1.55, 1.62, 1.33, 1.3, 1.45, 1.43, 1.26, 1.7, 1.82, 1.88, 1.54, 1.57, 1.54, 1.82, 1.99, 2.34, 2.43, 2.24, 2.45, 2.89, 3.53, 3.84, 3.38, 3.7, 4.95, 7.01, 10.365, 10.596, 10.679, 8.11, 6.73, 5.73, 4.81, 4.73, 4.27, 3.44, 2.71, 2.53, 2.81, 3.41, 3.5, 3.17, 2.87, 2.82, 2.33, 1.9, 1.52, 1.55, 1.22, 1.22, 0, 0.77, 1.79, 3.37, 4.15, 4.35, 4.97, 6.09, 7.0, 7.34, 7.745, 8.085, 8.182], [5.38, 4.82, 4.51, 4.24, 3.89, 3.37, 3.69, 4.41, 4.99, 4.85, 4.33, 3.84, 3.65, 3.79, 3.55, 2.9, 3.49, 2.94, 2.83, 2.68, 2.08, 1.46, 1.57, 1.64, 1.67, 1.38, 1.45, 1.54, 1.66, 1.31, 1.61, 1.87, 1.99, 1.65, 1.74, 1.65, 1.91, 2.24, 2.19, 2.34, 2.09, 2.3, 2.76, 3.82, 4.09, 3.65, 4.05, 5.34, 7.34, 10.635, 10.906, 10.963, 8.331, 7.034, 6.0, 5.08, 4.92, 4.52, 3.71, 2.96, 2.78, 3.14, 3.74, 3.85, 3.36, 3.02, 2.95, 2.48, 2.09, 1.73, 1.76, 1.33, 1.31, 0.77, 0, 1.4, 3.0, 3.78, 4.02, 4.58, 5.7, 6.59, 6.99, 7.479, 7.821, 7.898], [5.28, 4.74, 4.47, 4.22, 3.87, 3.33, 3.57, 4.33, 4.51, 4.01, 4.03, 3.76, 3.57, 3.75, 3.51, 2.52, 2.35, 1.96, 1.99, 1.98, 1.54, 1.44, 1.25, 1.22, 1.19, 1.2, 1.39, 1.44, 1.4, 1.93, 1.91, 2.29, 2.67, 2.57, 2.68, 2.69, 2.47, 2.74, 2.65, 2.44, 2.01, 2.24, 3.46, 4.78, 5.07, 4.55, 5.07, 6.32, 8.46, 11.784, 12.026, 12.123, 9.491, 8.129, 7.012, 6.097, 5.74, 5.46, 4.71, 3.94, 3.74, 4.14, 4.82, 4.91, 4.28, 4.0, 3.91, 3.489, 3.01, 2.31, 2.06, 1.45, 1.47, 1.79, 1.4, 0, 1.94, 2.68, 2.94, 3.48, 4.62, 5.47, 5.93, 6.33, 6.67, 6.767], [4.98, 4.54, 4.57, 4.8, 4.47, 3.65, 3.63, 4.15, 3.95, 3.37, 3.75, 3.92, 3.85, 4.13, 3.65, 2.42, 1.73, 1.84, 2.01, 2.1, 2.44, 2.56, 2.57, 2.48, 2.41, 2.72, 2.91, 2.92, 2.88, 3.51, 3.49, 4.01, 4.37, 4.33, 4.42, 4.43, 4.05, 4.42, 4.21, 3.98, 3.27, 3.5, 4.98, 6.36, 6.81, 6.29, 6.75, 7.98